recording_id,measurement_id,sample_index,time_seconds,gt_signal,predicted_signal
UBFC_PHYS_s13_T2_ctrl,0,0,0.0,0.6770497560501099,0.08873310274702434
UBFC_PHYS_s13_T2_ctrl,0,1,0.03333333333333333,0.8471165299415588,-0.025696676029325898
UBFC_PHYS_s13_T2_ctrl,0,2,0.06666666666666667,1.1266652345657349,-0.13309964408390348
UBFC_PHYS_s13_T2_ctrl,0,3,0.1,1.432993769645691,-0.22570838911155663
UBFC_PHYS_s13_T2_ctrl,0,4,0.13333333333333333,1.6349478960037231,-0.30002768712782096
UBFC_PHYS_s13_T2_ctrl,0,5,0.16666666666666666,1.6561588048934937,-0.35741376986917583
UBFC_PHYS_s13_T2_ctrl,0,6,0.2,1.521192193031311,-0.4030587918240486
UBFC_PHYS_s13_T2_ctrl,0,7,0.23333333333333334,1.3234492540359497,-0.44369278087398556
UBFC_PHYS_s13_T2_ctrl,0,8,0.26666666666666666,1.1351667642593384,-0.48466308080692144
UBFC_PHYS_s13_T2_ctrl,0,9,0.3,0.9723888635635376,-0.5273249390702401
UBFC_PHYS_s13_T2_ctrl,0,10,0.3333333333333333,0.8299124836921692,-0.5680223325260556
UBFC_PHYS_s13_T2_ctrl,0,11,0.36666666666666664,0.692859947681427,-0.5995845650411793
UBFC_PHYS_s13_T2_ctrl,0,12,0.4,0.5337100028991699,-0.6147837370503152
UBFC_PHYS_s13_T2_ctrl,0,13,0.43333333333333335,0.3442017436027527,-0.6096619054754556
UBFC_PHYS_s13_T2_ctrl,0,14,0.4666666666666667,0.1496090143918991,-0.5844510137656185
UBFC_PHYS_s13_T2_ctrl,0,15,0.5,-0.041378796100616455,-0.541377088076437
UBFC_PHYS_s13_T2_ctrl,0,16,0.5333333333333333,-0.2714439928531647,-0.48106181828162053
UBFC_PHYS_s13_T2_ctrl,0,17,0.5666666666666667,-0.548933207988739,-0.40050256377719506
UBFC_PHYS_s13_T2_ctrl,0,18,0.6,-0.7893946170806885,-0.2944722559791378
UBFC_PHYS_s13_T2_ctrl,0,19,0.6333333333333333,-0.9186804294586182,-0.15971920258035188
UBFC_PHYS_s13_T2_ctrl,0,20,0.6666666666666666,-0.9692480564117432,0.0005010212968029068
UBFC_PHYS_s13_T2_ctrl,0,21,0.7,-1.0059365034103394,0.17427377848767112
UBFC_PHYS_s13_T2_ctrl,0,22,0.7333333333333333,-1.0324658155441284,0.3426869581720801
UBFC_PHYS_s13_T2_ctrl,0,23,0.7666666666666667,-1.0206526517868042,0.4848208818206295
UBFC_PHYS_s13_T2_ctrl,0,24,0.8,-0.9660879969596863,0.5840640926097163
UBFC_PHYS_s13_T2_ctrl,0,25,0.8333333333333334,-0.9008074998855591,0.633175505038943
UBFC_PHYS_s13_T2_ctrl,0,26,0.8666666666666667,-0.8940523862838745,0.6359894809357701
UBFC_PHYS_s13_T2_ctrl,0,27,0.9,-0.9853251576423645,0.605070261215165
UBFC_PHYS_s13_T2_ctrl,0,28,0.9333333333333333,-1.1001123189926147,0.5564520882625905
UBFC_PHYS_s13_T2_ctrl,0,29,0.9666666666666667,-1.112848162651062,0.5038839457880021
UBFC_PHYS_s13_T2_ctrl,0,30,1.0,-0.9790676832199097,0.4550040738471114
UBFC_PHYS_s13_T2_ctrl,0,31,1.0333333333333334,-0.7517209649085999,0.4107358863936962
UBFC_PHYS_s13_T2_ctrl,0,32,1.0666666666666667,-0.508442223072052,0.3676133330899214
UBFC_PHYS_s13_T2_ctrl,0,33,1.1,-0.2797379195690155,0.32147624748517495
UBFC_PHYS_s13_T2_ctrl,0,34,1.1333333333333333,-0.060592908412218094,0.2705627897125005
UBFC_PHYS_s13_T2_ctrl,0,35,1.1666666666666667,0.12810805439949036,0.21655941675759588
UBFC_PHYS_s13_T2_ctrl,0,36,1.2,0.24279959499835968,0.1633332153262418
UBFC_PHYS_s13_T2_ctrl,0,37,1.2333333333333334,0.29565736651420593,0.11428965477937202
UBFC_PHYS_s13_T2_ctrl,0,38,1.2666666666666666,0.3396214544773102,0.06997991532468999
UBFC_PHYS_s13_T2_ctrl,0,39,1.3,0.37321898341178894,0.02736945247187787
UBFC_PHYS_s13_T2_ctrl,0,40,1.3333333333333333,0.36178475618362427,-0.018825608725104442
UBFC_PHYS_s13_T2_ctrl,0,41,1.3666666666666667,0.31824570894241333,-0.07348692211316178
UBFC_PHYS_s13_T2_ctrl,0,42,1.4,0.28279632329940796,-0.13849296579123113
UBFC_PHYS_s13_T2_ctrl,0,43,1.4333333333333333,0.26845577359199524,-0.21132955262309752
UBFC_PHYS_s13_T2_ctrl,0,44,1.4666666666666666,0.26540443301200867,-0.285297772404055
UBFC_PHYS_s13_T2_ctrl,0,45,1.5,0.26007944345474243,-0.3510343881918422
UBFC_PHYS_s13_T2_ctrl,0,46,1.5333333333333334,0.23243959248065948,-0.39890625733148455
UBFC_PHYS_s13_T2_ctrl,0,47,1.5666666666666667,0.18350638449192047,-0.4218002215547137
UBFC_PHYS_s13_T2_ctrl,0,48,1.6,0.1637650430202484,-0.41750446924154627
UBFC_PHYS_s13_T2_ctrl,0,49,1.6333333333333333,0.23298989236354828,-0.3896798217454428
UBFC_PHYS_s13_T2_ctrl,0,50,1.6666666666666667,0.3968947231769562,-0.34684661503297814
UBFC_PHYS_s13_T2_ctrl,0,51,1.7,0.615512490272522,-0.29965561094816906
UBFC_PHYS_s13_T2_ctrl,0,52,1.7333333333333334,0.8485795855522156,-0.25744234020982143
UBFC_PHYS_s13_T2_ctrl,0,53,1.7666666666666666,1.0530248880386353,-0.22534916814139688
UBFC_PHYS_s13_T2_ctrl,0,54,1.8,1.164810061454773,-0.20305555636004458
UBFC_PHYS_s13_T2_ctrl,0,55,1.8333333333333333,1.146281361579895,-0.18552954339730132
UBFC_PHYS_s13_T2_ctrl,0,56,1.8666666666666667,1.0477526187896729,-0.16546259076297043
UBFC_PHYS_s13_T2_ctrl,0,57,1.9,0.9986546039581299,-0.1364220358358844
UBFC_PHYS_s13_T2_ctrl,0,58,1.9333333333333333,1.0915025472640991,-0.09546806832834401
UBFC_PHYS_s13_T2_ctrl,0,59,1.9666666666666666,1.2596877813339233,-0.04421025675768873
UBFC_PHYS_s13_T2_ctrl,0,60,2.0,1.3331996202468872,0.012005767266785476
UBFC_PHYS_s13_T2_ctrl,0,61,2.033333333333333,1.2519276142120361,0.06623030644207116
UBFC_PHYS_s13_T2_ctrl,0,62,2.066666666666667,1.1261314153671265,0.11226179381578381
UBFC_PHYS_s13_T2_ctrl,0,63,2.1,1.0028164386749268,0.1462168907917143
UBFC_PHYS_s13_T2_ctrl,0,64,2.1333333333333333,0.8361271619796753,0.1669999095760683
UBFC_PHYS_s13_T2_ctrl,0,65,2.1666666666666665,0.636519193649292,0.17605696250748049
UBFC_PHYS_s13_T2_ctrl,0,66,2.2,0.41370007395744324,0.1769816994473661
UBFC_PHYS_s13_T2_ctrl,0,67,2.2333333333333334,0.09791775047779083,0.17519904702243666
UBFC_PHYS_s13_T2_ctrl,0,68,2.2666666666666666,-0.27204039692878723,0.1774626723469152
UBFC_PHYS_s13_T2_ctrl,0,69,2.3,-0.5139055848121643,0.19069082241810026
UBFC_PHYS_s13_T2_ctrl,0,70,2.3333333333333335,-0.5865310430526733,0.21997363500743594
UBFC_PHYS_s13_T2_ctrl,0,71,2.3666666666666667,-0.5992898941040039,0.2662856562731636
UBFC_PHYS_s13_T2_ctrl,0,72,2.4,-0.6073828339576721,0.32505901302203527
UBFC_PHYS_s13_T2_ctrl,0,73,2.433333333333333,-0.592811644077301,0.38666551195402177
UBFC_PHYS_s13_T2_ctrl,0,74,2.466666666666667,-0.5594941973686218,0.4388428326452057
UBFC_PHYS_s13_T2_ctrl,0,75,2.5,-0.5331328511238098,0.4699585147837645
UBFC_PHYS_s13_T2_ctrl,0,76,2.533333333333333,-0.5030150413513184,0.4716264657482628
UBFC_PHYS_s13_T2_ctrl,0,77,2.566666666666667,-0.43956005573272705,0.43969024996976297
UBFC_PHYS_s13_T2_ctrl,0,78,2.6,-0.3710304796695709,0.3735411046860186
UBFC_PHYS_s13_T2_ctrl,0,79,2.6333333333333333,-0.35357600450515747,0.2746049551729134
UBFC_PHYS_s13_T2_ctrl,0,80,2.6666666666666665,-0.3650299906730652,0.14518476063205357
UBFC_PHYS_s13_T2_ctrl,0,81,2.7,-0.32623928785324097,-0.011450621312999698
UBFC_PHYS_s13_T2_ctrl,0,82,2.7333333333333334,-0.21906402707099915,-0.18961888273129004
UBFC_PHYS_s13_T2_ctrl,0,83,2.7666666666666666,-0.09988117218017578,-0.3791921255357549
UBFC_PHYS_s13_T2_ctrl,0,84,2.8,-0.020648909732699394,-0.5643286313961805
UBFC_PHYS_s13_T2_ctrl,0,85,2.8333333333333335,0.030439341440796852,-0.7242998127373281
UBFC_PHYS_s13_T2_ctrl,0,86,2.8666666666666667,0.10583603382110596,-0.8370490664098772
UBFC_PHYS_s13_T2_ctrl,0,87,2.9,0.2022097408771515,-0.8848744011175672
UBFC_PHYS_s13_T2_ctrl,0,88,2.933333333333333,0.24313241243362427,-0.8602725719926887
UBFC_PHYS_s13_T2_ctrl,0,89,2.966666666666667,0.19606097042560577,-0.7692677660862698
UBFC_PHYS_s13_T2_ctrl,0,90,3.0,0.09716644883155823,-0.6301377577096218
UBFC_PHYS_s13_T2_ctrl,0,91,3.033333333333333,-0.036666709929704666,-0.4675037224395359
UBFC_PHYS_s13_T2_ctrl,0,92,3.066666666666667,-0.19725662469863892,-0.30441228615874205
UBFC_PHYS_s13_T2_ctrl,0,93,3.1,-0.3532266914844513,-0.15631235739991492
UBFC_PHYS_s13_T2_ctrl,0,94,3.1333333333333333,-0.47532907128334045,-0.02947640634473699
UBFC_PHYS_s13_T2_ctrl,0,95,3.1666666666666665,-0.5533322095870972,0.0763876092548813
UBFC_PHYS_s13_T2_ctrl,0,96,3.2,-0.6303468346595764,0.16376481856991254
UBFC_PHYS_s13_T2_ctrl,0,97,3.2333333333333334,-0.7799901962280273,0.23403751360802696
UBFC_PHYS_s13_T2_ctrl,0,98,3.2666666666666666,-0.9719303250312805,0.2868042977908429
UBFC_PHYS_s13_T2_ctrl,0,99,3.3,-1.0829049348831177,0.32149301888237075
UBFC_PHYS_s13_T2_ctrl,0,100,3.3333333333333335,-1.0683501958847046,0.33973818076637025
UBFC_PHYS_s13_T2_ctrl,0,101,3.3666666666666667,-0.9518693685531616,0.3467865456986952
UBFC_PHYS_s13_T2_ctrl,0,102,3.4,-0.7675180435180664,0.3507924311805999
UBFC_PHYS_s13_T2_ctrl,0,103,3.433333333333333,-0.5882181525230408,0.36003051199537606
UBFC_PHYS_s13_T2_ctrl,0,104,3.466666666666667,-0.47352004051208496,0.3793368164321756
UBFC_PHYS_s13_T2_ctrl,0,105,3.5,-0.39893725514411926,0.40769565931619306
UBFC_PHYS_s13_T2_ctrl,0,106,3.533333333333333,-0.32777154445648193,0.4383398504052736
UBFC_PHYS_s13_T2_ctrl,0,107,3.566666666666667,-0.27934908866882324,0.4614151644380787
UBFC_PHYS_s13_T2_ctrl,0,108,3.6,-0.2851353883743286,0.46797725279767816
UBFC_PHYS_s13_T2_ctrl,0,109,3.6333333333333333,-0.34730857610702515,0.4534511355020656
UBFC_PHYS_s13_T2_ctrl,0,110,3.6666666666666665,-0.4429771304130554,0.4189711628782779
UBFC_PHYS_s13_T2_ctrl,0,111,3.7,-0.5465771555900574,0.37014448542742245
UBFC_PHYS_s13_T2_ctrl,0,112,3.7333333333333334,-0.6416295170783997,0.3141897034272132
UBFC_PHYS_s13_T2_ctrl,0,113,3.7666666666666666,-0.7439872622489929,0.2571319003751034
UBFC_PHYS_s13_T2_ctrl,0,114,3.8,-0.9269216656684875,0.20227831610193192
UBFC_PHYS_s13_T2_ctrl,0,115,3.8333333333333335,-1.239748239517212,0.15020011407894115
UBFC_PHYS_s13_T2_ctrl,0,116,3.8666666666666667,-1.5990597009658813,0.09977512968786087
UBFC_PHYS_s13_T2_ctrl,0,117,3.9,-1.8166362047195435,0.04961527365418922
UBFC_PHYS_s13_T2_ctrl,0,118,3.933333333333333,-1.756743311882019,-0.0008173597296700389
UBFC_PHYS_s13_T2_ctrl,0,119,3.966666666666667,-1.4510343074798584,-0.05092365015543549
UBFC_PHYS_s13_T2_ctrl,0,120,4.0,-1.0581022500991821,-0.09962282941525644
UBFC_PHYS_s13_T2_ctrl,0,121,4.033333333333333,-0.7299597263336182,-0.14657502162511105
UBFC_PHYS_s13_T2_ctrl,0,122,4.066666666666666,-0.5265623331069946,-0.19327325633505874
UBFC_PHYS_s13_T2_ctrl,0,123,4.1,-0.4453694224357605,-0.24338731288192017
UBFC_PHYS_s13_T2_ctrl,0,124,4.133333333333334,-0.43212616443634033,-0.3021807296534137
UBFC_PHYS_s13_T2_ctrl,0,125,4.166666666666667,-0.38976019620895386,-0.37512984676855193
UBFC_PHYS_s13_T2_ctrl,0,126,4.2,-0.23539157211780548,-0.4657955255043682
UBFC_PHYS_s13_T2_ctrl,0,127,4.233333333333333,0.051274675875902176,-0.5730864115397274
UBFC_PHYS_s13_T2_ctrl,0,128,4.266666666666667,0.41524550318717957,-0.6887272475742383
UBFC_PHYS_s13_T2_ctrl,0,129,4.3,0.737054705619812,-0.7964093908106017
UBFC_PHYS_s13_T2_ctrl,0,130,4.333333333333333,0.933578372001648,-0.8739413872994534
UBFC_PHYS_s13_T2_ctrl,0,131,4.366666666666666,1.029800534248352,-0.898630306869794
UBFC_PHYS_s13_T2_ctrl,0,132,4.4,1.0777287483215332,-0.8545839948756457
UBFC_PHYS_s13_T2_ctrl,0,133,4.433333333333334,1.0637571811676025,-0.7393504272979861
UBFC_PHYS_s13_T2_ctrl,0,134,4.466666666666667,0.9722801446914673,-0.5669371087314511
UBFC_PHYS_s13_T2_ctrl,0,135,4.5,0.8738205432891846,-0.3650090472341047
UBFC_PHYS_s13_T2_ctrl,0,136,4.533333333333333,0.8639416694641113,-0.16600882486079171
UBFC_PHYS_s13_T2_ctrl,0,137,4.566666666666666,0.9362079501152039,0.004833487041678247
UBFC_PHYS_s13_T2_ctrl,0,138,4.6,1.0115453004837036,0.13847418995471006
UBFC_PHYS_s13_T2_ctrl,0,139,4.633333333333334,1.0366182327270508,0.24240939162275704
UBFC_PHYS_s13_T2_ctrl,0,140,4.666666666666667,1.0223171710968018,0.3323425323105814
UBFC_PHYS_s13_T2_ctrl,0,141,4.7,1.015845537185669,0.4209625687805782
UBFC_PHYS_s13_T2_ctrl,0,142,4.733333333333333,1.0573810338974,0.5106856367507941
UBFC_PHYS_s13_T2_ctrl,0,143,4.766666666666667,1.1424754858016968,0.5936888224571268
UBFC_PHYS_s13_T2_ctrl,0,144,4.8,1.230123519897461,0.6577822829242448
UBFC_PHYS_s13_T2_ctrl,0,145,4.833333333333333,1.3001656532287598,0.6936487261155998
UBFC_PHYS_s13_T2_ctrl,0,146,4.866666666666666,1.3563910722732544,0.6991555318300249
UBFC_PHYS_s13_T2_ctrl,0,147,4.9,1.3935011625289917,0.6790093565445864
UBFC_PHYS_s13_T2_ctrl,0,148,4.933333333333334,1.4192924499511719,0.6409886643686095
UBFC_PHYS_s13_T2_ctrl,0,149,4.966666666666667,1.4960566759109497,0.5915993004458902
UBFC_PHYS_s13_T2_ctrl,0,150,5.0,1.6893740892410278,0.533573444830542
UBFC_PHYS_s13_T2_ctrl,0,151,5.033333333333333,1.9490891695022583,0.4659945667704607
UBFC_PHYS_s13_T2_ctrl,0,152,5.066666666666666,2.0605151653289795,0.386324318920916
UBFC_PHYS_s13_T2_ctrl,0,153,5.1,1.838882327079773,0.2929795836152836
UBFC_PHYS_s13_T2_ctrl,0,154,5.133333333333334,1.3636733293533325,0.1873607428407021
UBFC_PHYS_s13_T2_ctrl,0,155,5.166666666666667,0.8877261877059937,0.07477261737998214
UBFC_PHYS_s13_T2_ctrl,0,156,5.2,0.5068511366844177,-0.03600609880963192
UBFC_PHYS_s13_T2_ctrl,0,157,5.233333333333333,0.1423761248588562,-0.134497324916673
UBFC_PHYS_s13_T2_ctrl,0,158,5.266666666666667,-0.18598055839538574,-0.21117011256542823
UBFC_PHYS_s13_T2_ctrl,0,159,5.3,-0.37372922897338867,-0.26004251657614125
UBFC_PHYS_s13_T2_ctrl,0,160,5.333333333333333,-0.4776258170604706,-0.2802643923031304
UBFC_PHYS_s13_T2_ctrl,0,161,5.366666666666666,-0.6458242535591125,-0.27609103360007264
UBFC_PHYS_s13_T2_ctrl,0,162,5.4,-0.8944675922393799,-0.25529793536257267
UBFC_PHYS_s13_T2_ctrl,0,163,5.433333333333334,-1.090302586555481,-0.22670515193642035
UBFC_PHYS_s13_T2_ctrl,0,164,5.466666666666667,-1.1022343635559082,-0.19780445172956637
UBFC_PHYS_s13_T2_ctrl,0,165,5.5,-0.9797102212905884,-0.173347282701486
UBFC_PHYS_s13_T2_ctrl,0,166,5.533333333333333,-0.9998008608818054,-0.15522034009640104
UBFC_PHYS_s13_T2_ctrl,0,167,5.566666666666666,-1.289202094078064,-0.14335806591206665
UBFC_PHYS_s13_T2_ctrl,0,168,5.6,-1.5135270357131958,-0.1371345659951384
UBFC_PHYS_s13_T2_ctrl,0,169,5.633333333333334,-1.3113521337509155,-0.13663025157024952
UBFC_PHYS_s13_T2_ctrl,0,170,5.666666666666667,-0.8879233598709106,-0.14325539007395297
UBFC_PHYS_s13_T2_ctrl,0,171,5.7,-0.6911624073982239,-0.15943812238139185
UBFC_PHYS_s13_T2_ctrl,0,172,5.733333333333333,-0.7191779613494873,-0.18744864341431972
UBFC_PHYS_s13_T2_ctrl,0,173,5.766666666666667,-0.6303567290306091,-0.2277815885426605
UBFC_PHYS_s13_T2_ctrl,0,174,5.8,-0.33012428879737854,-0.27769646804640336
UBFC_PHYS_s13_T2_ctrl,0,175,5.833333333333333,-0.03394819796085358,-0.330508066042431
UBFC_PHYS_s13_T2_ctrl,0,176,5.866666666666666,0.06564159691333771,-0.3760605351729111
UBFC_PHYS_s13_T2_ctrl,0,177,5.9,-0.03532887250185013,-0.4024938841165553
UBFC_PHYS_s13_T2_ctrl,0,178,5.933333333333334,-0.17622357606887817,-0.39895086482309455
UBFC_PHYS_s13_T2_ctrl,0,179,5.966666666666667,-0.1089923083782196,-0.35844850171133086
UBFC_PHYS_s13_T2_ctrl,0,180,6.0,0.384982705116272,-0.27997327657494914
UBFC_PHYS_s13_T2_ctrl,0,181,6.033333333333333,1.2042664289474487,-0.169098723241964
UBFC_PHYS_s13_T2_ctrl,0,182,6.066666666666666,1.8020490407943726,-0.036994135977983206
UBFC_PHYS_s13_T2_ctrl,0,183,6.1,1.8232533931732178,0.10177794305756055
UBFC_PHYS_s13_T2_ctrl,0,184,6.133333333333334,1.4963630437850952,0.2320792080241964
UBFC_PHYS_s13_T2_ctrl,0,185,6.166666666666667,1.1475335359573364,0.3410327591809647
UBFC_PHYS_s13_T2_ctrl,0,186,6.2,0.7131021618843079,0.42027619140270583
UBFC_PHYS_s13_T2_ctrl,0,187,6.233333333333333,0.12860563397407532,0.46708151650773166
UBFC_PHYS_s13_T2_ctrl,0,188,6.266666666666667,-0.24677307903766632,0.4840560387995711
UBFC_PHYS_s13_T2_ctrl,0,189,6.3,-0.17809522151947021,0.47757081859335937
UBFC_PHYS_s13_T2_ctrl,0,190,6.333333333333333,-0.033173833042383194,0.45548454933228016
UBFC_PHYS_s13_T2_ctrl,0,191,6.366666666666666,-0.15349681675434113,0.42491757054534773
UBFC_PHYS_s13_T2_ctrl,0,192,6.4,-0.40304961800575256,0.3906799322294342
UBFC_PHYS_s13_T2_ctrl,0,193,6.433333333333334,-0.5709613561630249,0.35461053474321597
UBFC_PHYS_s13_T2_ctrl,0,194,6.466666666666667,-0.6626691222190857,0.31576248950246877
UBFC_PHYS_s13_T2_ctrl,0,195,6.5,-0.7109729647636414,0.27118931984601796
UBFC_PHYS_s13_T2_ctrl,0,196,6.533333333333333,-0.7346652150154114,0.21704380841158966
UBFC_PHYS_s13_T2_ctrl,0,197,6.566666666666666,-0.779881477355957,0.14970643280358173
UBFC_PHYS_s13_T2_ctrl,0,198,6.6,-0.8202769160270691,0.06668033303170702
UBFC_PHYS_s13_T2_ctrl,0,199,6.633333333333334,-0.8101311326026917,-0.03284536179116266
UBFC_PHYS_s13_T2_ctrl,0,200,6.666666666666667,-0.7661175727844238,-0.14754042347107466
UBFC_PHYS_s13_T2_ctrl,0,201,6.7,-0.6449872851371765,-0.2732264004561257
UBFC_PHYS_s13_T2_ctrl,0,202,6.733333333333333,-0.3450349271297455,-0.4018757512045025
UBFC_PHYS_s13_T2_ctrl,0,203,6.766666666666667,0.016250358894467354,-0.5208425818887827
UBFC_PHYS_s13_T2_ctrl,0,204,6.8,0.14840298891067505,-0.6132388435948861
UBFC_PHYS_s13_T2_ctrl,0,205,6.833333333333333,0.05332426726818085,-0.6602803239499696
UBFC_PHYS_s13_T2_ctrl,0,206,6.866666666666666,-0.041372206062078476,-0.6457701160485394
UBFC_PHYS_s13_T2_ctrl,0,207,6.9,-0.09812155365943909,-0.561808851016145
UBFC_PHYS_s13_T2_ctrl,0,208,6.933333333333334,-0.19978401064872742,-0.41372804427863735
UBFC_PHYS_s13_T2_ctrl,0,209,6.966666666666667,-0.27020499110221863,-0.22173629480846838
UBFC_PHYS_s13_T2_ctrl,0,210,7.0,-0.22890669107437134,-0.017431956810036894
UBFC_PHYS_s13_T2_ctrl,0,211,7.033333333333333,-0.17659921944141388,0.16453408154291307
UBFC_PHYS_s13_T2_ctrl,0,212,7.066666666666666,-0.21957477927207947,0.29653147254713574
UBFC_PHYS_s13_T2_ctrl,0,213,7.1,-0.3550456464290619,0.36531091683841904
UBFC_PHYS_s13_T2_ctrl,0,214,7.133333333333334,-0.5237383842468262,0.37375664300147543
UBFC_PHYS_s13_T2_ctrl,0,215,7.166666666666667,-0.6130571365356445,0.337183337449519
UBFC_PHYS_s13_T2_ctrl,0,216,7.2,-0.540586531162262,0.27660925687912397
UBFC_PHYS_s13_T2_ctrl,0,217,7.233333333333333,-0.3981068730354309,0.2120188305941317
UBFC_PHYS_s13_T2_ctrl,0,218,7.266666666666667,-0.39533892273902893,0.15777198601668813
UBFC_PHYS_s13_T2_ctrl,0,219,7.3,-0.6098542213439941,0.1208828119953147
UBFC_PHYS_s13_T2_ctrl,0,220,7.333333333333333,-0.8418569564819336,0.10172656546068395
UBFC_PHYS_s13_T2_ctrl,0,221,7.366666666666666,-0.80488520860672,0.09614838360735772
UBFC_PHYS_s13_T2_ctrl,0,222,7.4,-0.45308011770248413,0.09787745002625857
UBFC_PHYS_s13_T2_ctrl,0,223,7.433333333333334,-0.014190384186804295,0.1004745038676151
UBFC_PHYS_s13_T2_ctrl,0,224,7.466666666666667,0.2967216968536377,0.0985592136252366
UBFC_PHYS_s13_T2_ctrl,0,225,7.5,0.41038843989372253,0.08847949547915344
UBFC_PHYS_s13_T2_ctrl,0,226,7.533333333333333,0.37203601002693176,0.06867900230795061
UBFC_PHYS_s13_T2_ctrl,0,227,7.566666666666666,0.3503439426422119,0.039797191140544246
UBFC_PHYS_s13_T2_ctrl,0,228,7.6,0.4518778622150421,0.004260314152420261
UBFC_PHYS_s13_T2_ctrl,0,229,7.633333333333334,0.5812954902648926,-0.034760768973044795
UBFC_PHYS_s13_T2_ctrl,0,230,7.666666666666667,0.610141396522522,-0.07455778605044411
UBFC_PHYS_s13_T2_ctrl,0,231,7.7,0.557425320148468,-0.11340800043741421
UBFC_PHYS_s13_T2_ctrl,0,232,7.733333333333333,0.5119026303291321,-0.14997744925950615
UBFC_PHYS_s13_T2_ctrl,0,233,7.766666666666667,0.5126407146453857,-0.1820201361702835
UBFC_PHYS_s13_T2_ctrl,0,234,7.8,0.5397204160690308,-0.20536623014198083
UBFC_PHYS_s13_T2_ctrl,0,235,7.833333333333333,0.547450840473175,-0.21415931466163227
UBFC_PHYS_s13_T2_ctrl,0,236,7.866666666666666,0.47829851508140564,-0.2026818639419003
UBFC_PHYS_s13_T2_ctrl,0,237,7.9,0.3076484501361847,-0.168142719872408
UBFC_PHYS_s13_T2_ctrl,0,238,7.933333333333334,0.10759894549846649,-0.1129822471444006
UBFC_PHYS_s13_T2_ctrl,0,239,7.966666666666667,-0.017716212198138237,-0.04525318154851801
UBFC_PHYS_s13_T2_ctrl,1,0,1.0,-0.9790676832199097,0.02320503481806486
UBFC_PHYS_s13_T2_ctrl,1,1,1.0333333333333334,-0.7517209649085999,-0.09476474550897566
UBFC_PHYS_s13_T2_ctrl,1,2,1.0666666666666667,-0.508442223072052,-0.201394185674617
UBFC_PHYS_s13_T2_ctrl,1,3,1.1,-0.2797379195690155,-0.28358019575131016
UBFC_PHYS_s13_T2_ctrl,1,4,1.1333333333333333,-0.060592908412218094,-0.3294150788526318
UBFC_PHYS_s13_T2_ctrl,1,5,1.1666666666666667,0.12810805439949036,-0.33156268364085495
UBFC_PHYS_s13_T2_ctrl,1,6,1.2,0.24279959499835968,-0.2908485402759678
UBFC_PHYS_s13_T2_ctrl,1,7,1.2333333333333334,0.29565736651420593,-0.21784030911606328
UBFC_PHYS_s13_T2_ctrl,1,8,1.2666666666666666,0.3396214544773102,-0.13120931676497607
UBFC_PHYS_s13_T2_ctrl,1,9,1.3,0.37321898341178894,-0.053303886999287085
UBFC_PHYS_s13_T2_ctrl,1,10,1.3333333333333333,0.36178475618362427,-0.004475252206433283
UBFC_PHYS_s13_T2_ctrl,1,11,1.3666666666666667,0.31824570894241333,0.002055603452661286
UBFC_PHYS_s13_T2_ctrl,1,12,1.4,0.28279632329940796,-0.03660362848175896
UBFC_PHYS_s13_T2_ctrl,1,13,1.4333333333333333,0.26845577359199524,-0.11241749973394138
UBFC_PHYS_s13_T2_ctrl,1,14,1.4666666666666666,0.26540443301200867,-0.2083375529896678
UBFC_PHYS_s13_T2_ctrl,1,15,1.5,0.26007944345474243,-0.30215177479119015
UBFC_PHYS_s13_T2_ctrl,1,16,1.5333333333333334,0.23243959248065948,-0.37149719173096907
UBFC_PHYS_s13_T2_ctrl,1,17,1.5666666666666667,0.18350638449192047,-0.39908466866329706
UBFC_PHYS_s13_T2_ctrl,1,18,1.6,0.1637650430202484,-0.37687302829763647
UBFC_PHYS_s13_T2_ctrl,1,19,1.6333333333333333,0.23298989236354828,-0.30787595117166494
UBFC_PHYS_s13_T2_ctrl,1,20,1.6666666666666667,0.3968947231769562,-0.2048724081892289
UBFC_PHYS_s13_T2_ctrl,1,21,1.7,0.615512490272522,-0.08632038721044287
UBFC_PHYS_s13_T2_ctrl,1,22,1.7333333333333334,0.8485795855522156,0.029231099075235176
UBFC_PHYS_s13_T2_ctrl,1,23,1.7666666666666666,1.0530248880386353,0.12832413055139597
UBFC_PHYS_s13_T2_ctrl,1,24,1.8,1.164810061454773,0.20548801987755644
UBFC_PHYS_s13_T2_ctrl,1,25,1.8333333333333333,1.146281361579895,0.262840893365087
UBFC_PHYS_s13_T2_ctrl,1,26,1.8666666666666667,1.0477526187896729,0.30688614862808844
UBFC_PHYS_s13_T2_ctrl,1,27,1.9,0.9986546039581299,0.3442379156773678
UBFC_PHYS_s13_T2_ctrl,1,28,1.9333333333333333,1.0915025472640991,0.3782295853579663
UBFC_PHYS_s13_T2_ctrl,1,29,1.9666666666666666,1.2596877813339233,0.4076329539658823
UBFC_PHYS_s13_T2_ctrl,1,30,2.0,1.3331996202468872,0.42761111299363336
UBFC_PHYS_s13_T2_ctrl,1,31,2.033333333333333,1.2519276142120361,0.43209206080807305
UBFC_PHYS_s13_T2_ctrl,1,32,2.066666666666667,1.1261314153671265,0.4163315304603922
UBFC_PHYS_s13_T2_ctrl,1,33,2.1,1.0028164386749268,0.3785988450548162
UBFC_PHYS_s13_T2_ctrl,1,34,2.1333333333333333,0.8361271619796753,0.3205160704155704
UBFC_PHYS_s13_T2_ctrl,1,35,2.1666666666666665,0.636519193649292,0.24635148173056756
UBFC_PHYS_s13_T2_ctrl,1,36,2.2,0.41370007395744324,0.16212950375567572
UBFC_PHYS_s13_T2_ctrl,1,37,2.2333333333333334,0.09791775047779083,0.07528398719045525
UBFC_PHYS_s13_T2_ctrl,1,38,2.2666666666666666,-0.27204039692878723,-0.005282488625508052
UBFC_PHYS_s13_T2_ctrl,1,39,2.3,-0.5139055848121643,-0.06964970098723794
UBFC_PHYS_s13_T2_ctrl,1,40,2.3333333333333335,-0.5865310430526733,-0.1086423282383392
UBFC_PHYS_s13_T2_ctrl,1,41,2.3666666666666667,-0.5992898941040039,-0.11674810752285562
UBFC_PHYS_s13_T2_ctrl,1,42,2.4,-0.6073828339576721,-0.0949208420058499
UBFC_PHYS_s13_T2_ctrl,1,43,2.433333333333333,-0.592811644077301,-0.051562784307520156
UBFC_PHYS_s13_T2_ctrl,1,44,2.466666666666667,-0.5594941973686218,-0.0006831474881964211
UBFC_PHYS_s13_T2_ctrl,1,45,2.5,-0.5331328511238098,0.04226624830842
UBFC_PHYS_s13_T2_ctrl,1,46,2.533333333333333,-0.5030150413513184,0.06496010615824065
UBFC_PHYS_s13_T2_ctrl,1,47,2.566666666666667,-0.43956005573272705,0.06092504979196105
UBFC_PHYS_s13_T2_ctrl,1,48,2.6,-0.3710304796695709,0.02929362590184482
UBFC_PHYS_s13_T2_ctrl,1,49,2.6333333333333333,-0.35357600450515747,-0.02776861595743966
UBFC_PHYS_s13_T2_ctrl,1,50,2.6666666666666665,-0.3650299906730652,-0.10805945410761332
UBFC_PHYS_s13_T2_ctrl,1,51,2.7,-0.32623928785324097,-0.21071842410985184
UBFC_PHYS_s13_T2_ctrl,1,52,2.7333333333333334,-0.21906402707099915,-0.3349106548932276
UBFC_PHYS_s13_T2_ctrl,1,53,2.7666666666666666,-0.09988117218017578,-0.4762984563783137
UBFC_PHYS_s13_T2_ctrl,1,54,2.8,-0.020648909732699394,-0.6232080975315704
UBFC_PHYS_s13_T2_ctrl,1,55,2.8333333333333335,0.030439341440796852,-0.7550612812485155
UBFC_PHYS_s13_T2_ctrl,1,56,2.8666666666666667,0.10583603382110596,-0.8451176089872382
UBFC_PHYS_s13_T2_ctrl,1,57,2.9,0.2022097408771515,-0.8677355233951595
UBFC_PHYS_s13_T2_ctrl,1,58,2.933333333333333,0.24313241243362427,-0.8077685960889176
UBFC_PHYS_s13_T2_ctrl,1,59,2.966666666666667,0.19606097042560577,-0.6678078233269744
UBFC_PHYS_s13_T2_ctrl,1,60,3.0,0.09716644883155823,-0.46917863530154924
UBFC_PHYS_s13_T2_ctrl,1,61,3.033333333333333,-0.036666709929704666,-0.24534440690543868
UBFC_PHYS_s13_T2_ctrl,1,62,3.066666666666667,-0.19725662469863892,-0.0305154718975087
UBFC_PHYS_s13_T2_ctrl,1,63,3.1,-0.3532266914844513,0.15095401512910997
UBFC_PHYS_s13_T2_ctrl,1,64,3.1333333333333333,-0.47532907128334045,0.28948066836357705
UBFC_PHYS_s13_T2_ctrl,1,65,3.1666666666666665,-0.5533322095870972,0.3880635630843817
UBFC_PHYS_s13_T2_ctrl,1,66,3.2,-0.6303468346595764,0.45552740230059396
UBFC_PHYS_s13_T2_ctrl,1,67,3.2333333333333334,-0.7799901962280273,0.4997767484187015
UBFC_PHYS_s13_T2_ctrl,1,68,3.2666666666666666,-0.9719303250312805,0.5247020633785017
UBFC_PHYS_s13_T2_ctrl,1,69,3.3,-1.0829049348831177,0.531494642947444
UBFC_PHYS_s13_T2_ctrl,1,70,3.3333333333333335,-1.0683501958847046,0.5223127896052747
UBFC_PHYS_s13_T2_ctrl,1,71,3.3666666666666667,-0.9518693685531616,0.5030393009827595
UBFC_PHYS_s13_T2_ctrl,1,72,3.4,-0.7675180435180664,0.4827996036494323
UBFC_PHYS_s13_T2_ctrl,1,73,3.433333333333333,-0.5882181525230408,0.4702790114464784
UBFC_PHYS_s13_T2_ctrl,1,74,3.466666666666667,-0.47352004051208496,0.4692012256858006
UBFC_PHYS_s13_T2_ctrl,1,75,3.5,-0.39893725514411926,0.4760083096039663
UBFC_PHYS_s13_T2_ctrl,1,76,3.533333333333333,-0.32777154445648193,0.4812759372990044
UBFC_PHYS_s13_T2_ctrl,1,77,3.566666666666667,-0.27934908866882324,0.4740223493249977
UBFC_PHYS_s13_T2_ctrl,1,78,3.6,-0.2851353883743286,0.44657113781447966
UBFC_PHYS_s13_T2_ctrl,1,79,3.6333333333333333,-0.34730857610702515,0.39762708753282894
UBFC_PHYS_s13_T2_ctrl,1,80,3.6666666666666665,-0.4429771304130554,0.3323804640826919
UBFC_PHYS_s13_T2_ctrl,1,81,3.7,-0.5465771555900574,0.259976199684164
UBFC_PHYS_s13_T2_ctrl,1,82,3.7333333333333334,-0.6416295170783997,0.18976861368280268
UBFC_PHYS_s13_T2_ctrl,1,83,3.7666666666666666,-0.7439872622489929,0.12802224952914557
UBFC_PHYS_s13_T2_ctrl,1,84,3.8,-0.9269216656684875,0.07618905047211472
UBFC_PHYS_s13_T2_ctrl,1,85,3.8333333333333335,-1.239748239517212,0.031072055865710758
UBFC_PHYS_s13_T2_ctrl,1,86,3.8666666666666667,-1.5990597009658813,-0.013447482445780234
UBFC_PHYS_s13_T2_ctrl,1,87,3.9,-1.8166362047195435,-0.06379023496379287
UBFC_PHYS_s13_T2_ctrl,1,88,3.933333333333333,-1.756743311882019,-0.12401148330709691
UBFC_PHYS_s13_T2_ctrl,1,89,3.966666666666667,-1.4510343074798584,-0.19401064721135192
UBFC_PHYS_s13_T2_ctrl,1,90,4.0,-1.0581022500991821,-0.26944117651314503
UBFC_PHYS_s13_T2_ctrl,1,91,4.033333333333333,-0.7299597263336182,-0.34359196030300476
UBFC_PHYS_s13_T2_ctrl,1,92,4.066666666666666,-0.5265623331069946,-0.4105350343206748
UBFC_PHYS_s13_T2_ctrl,1,93,4.1,-0.4453694224357605,-0.4681399893978621
UBFC_PHYS_s13_T2_ctrl,1,94,4.133333333333334,-0.43212616443634033,-0.5196722433832578
UBFC_PHYS_s13_T2_ctrl,1,95,4.166666666666667,-0.38976019620895386,-0.5731786934632485
UBFC_PHYS_s13_T2_ctrl,1,96,4.2,-0.23539157211780548,-0.63826244034126
UBFC_PHYS_s13_T2_ctrl,1,97,4.233333333333333,0.051274675875902176,-0.7206033884789609
UBFC_PHYS_s13_T2_ctrl,1,98,4.266666666666667,0.41524550318717957,-0.8159860593057994
UBFC_PHYS_s13_T2_ctrl,1,99,4.3,0.737054705619812,-0.9067770119196673
UBFC_PHYS_s13_T2_ctrl,1,100,4.333333333333333,0.933578372001648,-0.9636228657006662
UBFC_PHYS_s13_T2_ctrl,1,101,4.366666666666666,1.029800534248352,-0.9533076026092364
UBFC_PHYS_s13_T2_ctrl,1,102,4.4,1.0777287483215332,-0.850832804159798
UBFC_PHYS_s13_T2_ctrl,1,103,4.433333333333334,1.0637571811676025,-0.6512097544372965
UBFC_PHYS_s13_T2_ctrl,1,104,4.466666666666667,0.9722801446914673,-0.37555261307958804
UBFC_PHYS_s13_T2_ctrl,1,105,4.5,0.8738205432891846,-0.06749255544669566
UBFC_PHYS_s13_T2_ctrl,1,106,4.533333333333333,0.8639416694641113,0.22039615182783778
UBFC_PHYS_s13_T2_ctrl,1,107,4.566666666666666,0.9362079501152039,0.4452880105169052
UBFC_PHYS_s13_T2_ctrl,1,108,4.6,1.0115453004837036,0.5887697401561148
UBFC_PHYS_s13_T2_ctrl,1,109,4.633333333333334,1.0366182327270508,0.6593478042994901
UBFC_PHYS_s13_T2_ctrl,1,110,4.666666666666667,1.0223171710968018,0.6821902485349134
UBFC_PHYS_s13_T2_ctrl,1,111,4.7,1.015845537185669,0.6834573067873866
UBFC_PHYS_s13_T2_ctrl,1,112,4.733333333333333,1.0573810338974,0.6784964269238112
UBFC_PHYS_s13_T2_ctrl,1,113,4.766666666666667,1.1424754858016968,0.6691303998682504
UBFC_PHYS_s13_T2_ctrl,1,114,4.8,1.230123519897461,0.6491967944036477
UBFC_PHYS_s13_T2_ctrl,1,115,4.833333333333333,1.3001656532287598,0.6131290238892714
UBFC_PHYS_s13_T2_ctrl,1,116,4.866666666666666,1.3563910722732544,0.5617775376344163
UBFC_PHYS_s13_T2_ctrl,1,117,4.9,1.3935011625289917,0.5025384001678332
UBFC_PHYS_s13_T2_ctrl,1,118,4.933333333333334,1.4192924499511719,0.44500566736302616
UBFC_PHYS_s13_T2_ctrl,1,119,4.966666666666667,1.4960566759109497,0.39587837694880634
UBFC_PHYS_s13_T2_ctrl,1,120,5.0,1.6893740892410278,0.3562151616215393
UBFC_PHYS_s13_T2_ctrl,1,121,5.033333333333333,1.9490891695022583,0.3217850808474164
UBFC_PHYS_s13_T2_ctrl,1,122,5.066666666666666,2.0605151653289795,0.28547584830973877
UBFC_PHYS_s13_T2_ctrl,1,123,5.1,1.838882327079773,0.24018294962618333
UBFC_PHYS_s13_T2_ctrl,1,124,5.133333333333334,1.3636733293533325,0.18096227766840828
UBFC_PHYS_s13_T2_ctrl,1,125,5.166666666666667,0.8877261877059937,0.10603224946620726
UBFC_PHYS_s13_T2_ctrl,1,126,5.2,0.5068511366844177,0.016973561492950255
UBFC_PHYS_s13_T2_ctrl,1,127,5.233333333333333,0.1423761248588562,-0.08128966968192416
UBFC_PHYS_s13_T2_ctrl,1,128,5.266666666666667,-0.18598055839538574,-0.18055317360932216
UBFC_PHYS_s13_T2_ctrl,1,129,5.3,-0.37372922897338867,-0.26984424310777105
UBFC_PHYS_s13_T2_ctrl,1,130,5.333333333333333,-0.4776258170604706,-0.33696226027011755
UBFC_PHYS_s13_T2_ctrl,1,131,5.366666666666666,-0.6458242535591125,-0.37127039091222197
UBFC_PHYS_s13_T2_ctrl,1,132,5.4,-0.8944675922393799,-0.36725015531215005
UBFC_PHYS_s13_T2_ctrl,1,133,5.433333333333334,-1.090302586555481,-0.32752946553498247
UBFC_PHYS_s13_T2_ctrl,1,134,5.466666666666667,-1.1022343635559082,-0.2636656173887319
UBFC_PHYS_s13_T2_ctrl,1,135,5.5,-0.9797102212905884,-0.19359041821241024
UBFC_PHYS_s13_T2_ctrl,1,136,5.533333333333333,-0.9998008608818054,-0.13636166668912061
UBFC_PHYS_s13_T2_ctrl,1,137,5.566666666666666,-1.289202094078064,-0.10651260872144655
UBFC_PHYS_s13_T2_ctrl,1,138,5.6,-1.5135270357131958,-0.1105535308094232
UBFC_PHYS_s13_T2_ctrl,1,139,5.633333333333334,-1.3113521337509155,-0.14689370154318612
UBFC_PHYS_s13_T2_ctrl,1,140,5.666666666666667,-0.8879233598709106,-0.2084531668724122
UBFC_PHYS_s13_T2_ctrl,1,141,5.7,-0.6911624073982239,-0.28586742599697623
UBFC_PHYS_s13_T2_ctrl,1,142,5.733333333333333,-0.7191779613494873,-0.36934616240760615
UBFC_PHYS_s13_T2_ctrl,1,143,5.766666666666667,-0.6303567290306091,-0.44857995300505565
UBFC_PHYS_s13_T2_ctrl,1,144,5.8,-0.33012428879737854,-0.5115947395533231
UBFC_PHYS_s13_T2_ctrl,1,145,5.833333333333333,-0.03394819796085358,-0.544286234338576
UBFC_PHYS_s13_T2_ctrl,1,146,5.866666666666666,0.06564159691333771,-0.5321106937327882
UBFC_PHYS_s13_T2_ctrl,1,147,5.9,-0.03532887250185013,-0.46420285412004814
UBFC_PHYS_s13_T2_ctrl,1,148,5.933333333333334,-0.17622357606887817,-0.33860347083089587
UBFC_PHYS_s13_T2_ctrl,1,149,5.966666666666667,-0.1089923083782196,-0.16605647515743205
UBFC_PHYS_s13_T2_ctrl,1,150,6.0,0.384982705116272,0.03026307815432605
UBFC_PHYS_s13_T2_ctrl,1,151,6.033333333333333,1.2042664289474487,0.22015930251861887
UBFC_PHYS_s13_T2_ctrl,1,152,6.066666666666666,1.8020490407943726,0.37523960397518646
UBFC_PHYS_s13_T2_ctrl,1,153,6.1,1.8232533931732178,0.47728263741655985
UBFC_PHYS_s13_T2_ctrl,1,154,6.133333333333334,1.4963630437850952,0.522437911703022
UBFC_PHYS_s13_T2_ctrl,1,155,6.166666666666667,1.1475335359573364,0.5198421850138971
UBFC_PHYS_s13_T2_ctrl,1,156,6.2,0.7131021618843079,0.48616365228107766
UBFC_PHYS_s13_T2_ctrl,1,157,6.233333333333333,0.12860563397407532,0.4392294474762357
UBFC_PHYS_s13_T2_ctrl,1,158,6.266666666666667,-0.24677307903766632,0.39333309578059594
UBFC_PHYS_s13_T2_ctrl,1,159,6.3,-0.17809522151947021,0.3571237013188944
UBFC_PHYS_s13_T2_ctrl,1,160,6.333333333333333,-0.033173833042383194,0.33367463221986554
UBFC_PHYS_s13_T2_ctrl,1,161,6.366666666666666,-0.15349681675434113,0.32175838417182606
UBFC_PHYS_s13_T2_ctrl,1,162,6.4,-0.40304961800575256,0.31727195885392656
UBFC_PHYS_s13_T2_ctrl,1,163,6.433333333333334,-0.5709613561630249,0.3141656812209899
UBFC_PHYS_s13_T2_ctrl,1,164,6.466666666666667,-0.6626691222190857,0.3049980893919429
UBFC_PHYS_s13_T2_ctrl,1,165,6.5,-0.7109729647636414,0.28174502379237365
UBFC_PHYS_s13_T2_ctrl,1,166,6.533333333333333,-0.7346652150154114,0.23725547953493026
UBFC_PHYS_s13_T2_ctrl,1,167,6.566666666666666,-0.779881477355957,0.16703467172297615
UBFC_PHYS_s13_T2_ctrl,1,168,6.6,-0.8202769160270691,0.07050380379282331
UBFC_PHYS_s13_T2_ctrl,1,169,6.633333333333334,-0.8101311326026917,-0.04891916655051673
UBFC_PHYS_s13_T2_ctrl,1,170,6.666666666666667,-0.7661175727844238,-0.18467882258834653
UBFC_PHYS_s13_T2_ctrl,1,171,6.7,-0.6449872851371765,-0.32787880134964364
UBFC_PHYS_s13_T2_ctrl,1,172,6.733333333333333,-0.3450349271297455,-0.46718421272974586
UBFC_PHYS_s13_T2_ctrl,1,173,6.766666666666667,0.016250358894467354,-0.5880532959112172
UBFC_PHYS_s13_T2_ctrl,1,174,6.8,0.14840298891067505,-0.6726984398624034
UBFC_PHYS_s13_T2_ctrl,1,175,6.833333333333333,0.05332426726818085,-0.7024352012425199
UBFC_PHYS_s13_T2_ctrl,1,176,6.866666666666666,-0.041372206062078476,-0.6629148655781878
UBFC_PHYS_s13_T2_ctrl,1,177,6.9,-0.09812155365943909,-0.5508173573736308
UBFC_PHYS_s13_T2_ctrl,1,178,6.933333333333334,-0.19978401064872742,-0.3790650080622889
UBFC_PHYS_s13_T2_ctrl,1,179,6.966666666666667,-0.27020499110221863,-0.17729521528649517
UBFC_PHYS_s13_T2_ctrl,1,180,7.0,-0.22890669107437134,0.014366840168141232
UBFC_PHYS_s13_T2_ctrl,1,181,7.033333333333333,-0.17659921944141388,0.15713253003804778
UBFC_PHYS_s13_T2_ctrl,1,182,7.066666666666666,-0.21957477927207947,0.22622150580113945
UBFC_PHYS_s13_T2_ctrl,1,183,7.1,-0.3550456464290619,0.21838374993780213
UBFC_PHYS_s13_T2_ctrl,1,184,7.133333333333334,-0.5237383842468262,0.15109115079438623
UBFC_PHYS_s13_T2_ctrl,1,185,7.166666666666667,-0.6130571365356445,0.05474028401799868
UBFC_PHYS_s13_T2_ctrl,1,186,7.2,-0.540586531162262,-0.037939273017064803
UBFC_PHYS_s13_T2_ctrl,1,187,7.233333333333333,-0.3981068730354309,-0.10093668009474348
UBFC_PHYS_s13_T2_ctrl,1,188,7.266666666666667,-0.39533892273902893,-0.11992394995413028
UBFC_PHYS_s13_T2_ctrl,1,189,7.3,-0.6098542213439941,-0.09285916224468266
UBFC_PHYS_s13_T2_ctrl,1,190,7.333333333333333,-0.8418569564819336,-0.02748582923427774
UBFC_PHYS_s13_T2_ctrl,1,191,7.366666666666666,-0.80488520860672,0.0625651386932467
UBFC_PHYS_s13_T2_ctrl,1,192,7.4,-0.45308011770248413,0.16168661370058585
UBFC_PHYS_s13_T2_ctrl,1,193,7.433333333333334,-0.014190384186804295,0.25544853938059986
UBFC_PHYS_s13_T2_ctrl,1,194,7.466666666666667,0.2967216968536377,0.33273182429328235
UBFC_PHYS_s13_T2_ctrl,1,195,7.5,0.41038843989372253,0.3868533167047711
UBFC_PHYS_s13_T2_ctrl,1,196,7.533333333333333,0.37203601002693176,0.4157833696526347
UBFC_PHYS_s13_T2_ctrl,1,197,7.566666666666666,0.3503439426422119,0.42156571004295024
UBFC_PHYS_s13_T2_ctrl,1,198,7.6,0.4518778622150421,0.40907671255860545
UBFC_PHYS_s13_T2_ctrl,1,199,7.633333333333334,0.5812954902648926,0.38438227633720123
UBFC_PHYS_s13_T2_ctrl,1,200,7.666666666666667,0.610141396522522,0.3531209285767611
UBFC_PHYS_s13_T2_ctrl,1,201,7.7,0.557425320148468,0.31936079609461476
UBFC_PHYS_s13_T2_ctrl,1,202,7.733333333333333,0.5119026303291321,0.2851409160206217
UBFC_PHYS_s13_T2_ctrl,1,203,7.766666666666667,0.5126407146453857,0.250624558588145
UBFC_PHYS_s13_T2_ctrl,1,204,7.8,0.5397204160690308,0.21466283999021063
UBFC_PHYS_s13_T2_ctrl,1,205,7.833333333333333,0.547450840473175,0.17546375652947355
UBFC_PHYS_s13_T2_ctrl,1,206,7.866666666666666,0.47829851508140564,0.13092502276480095
UBFC_PHYS_s13_T2_ctrl,1,207,7.9,0.3076484501361847,0.07838057451508586
UBFC_PHYS_s13_T2_ctrl,1,208,7.933333333333334,0.10759894549846649,0.014162575646675496
UBFC_PHYS_s13_T2_ctrl,1,209,7.966666666666667,-0.017716212198138237,-0.06616944219108345
UBFC_PHYS_s13_T2_ctrl,1,210,8.0,-0.07449521124362946,-0.16642649579006677
UBFC_PHYS_s13_T2_ctrl,1,211,8.033333333333333,-0.14499199390411377,-0.2875249738822312
UBFC_PHYS_s13_T2_ctrl,1,212,8.066666666666666,-0.2234070599079132,-0.42529015571837536
UBFC_PHYS_s13_T2_ctrl,1,213,8.1,-0.2405320256948471,-0.5693972175171776
UBFC_PHYS_s13_T2_ctrl,1,214,8.133333333333333,-0.18036888539791107,-0.7041772108130225
UBFC_PHYS_s13_T2_ctrl,1,215,8.166666666666666,-0.08652257174253464,-0.8113224092442871
UBFC_PHYS_s13_T2_ctrl,1,216,8.2,-0.016121352091431618,-0.8737262719973597
UBFC_PHYS_s13_T2_ctrl,1,217,8.233333333333333,-0.0035601789131760597,-0.8791285798732377
UBFC_PHYS_s13_T2_ctrl,1,218,8.266666666666667,-0.0177755244076252,-0.8222464189793931
UBFC_PHYS_s13_T2_ctrl,1,219,8.3,0.005705827381461859,-0.7048736831854764
UBFC_PHYS_s13_T2_ctrl,1,220,8.333333333333334,0.05739380046725273,-0.534716385706626
UBFC_PHYS_s13_T2_ctrl,1,221,8.366666666666667,0.07558640837669373,-0.32445031647020217
UBFC_PHYS_s13_T2_ctrl,1,222,8.4,0.0518019013106823,-0.09184374437820061
UBFC_PHYS_s13_T2_ctrl,1,223,8.433333333333334,0.008944975212216377,0.13984884754439755
UBFC_PHYS_s13_T2_ctrl,1,224,8.466666666666667,-0.08586683124303818,0.3433627886970867
UBFC_PHYS_s13_T2_ctrl,1,225,8.5,-0.25861260294914246,0.4924040870027197
UBFC_PHYS_s13_T2_ctrl,1,226,8.533333333333333,-0.4364856481552124,0.5691732945368684
UBFC_PHYS_s13_T2_ctrl,1,227,8.566666666666666,-0.5361018180847168,0.5709689807957464
UBFC_PHYS_s13_T2_ctrl,1,228,8.6,-0.5501556992530823,0.5122473009207239
UBFC_PHYS_s13_T2_ctrl,1,229,8.633333333333333,-0.523504376411438,0.4205883136562183
UBFC_PHYS_s13_T2_ctrl,1,230,8.666666666666666,-0.5351428985595703,0.3278326058439142
UBFC_PHYS_s13_T2_ctrl,1,231,8.7,-0.645679235458374,0.25977320571372375
UBFC_PHYS_s13_T2_ctrl,1,232,8.733333333333333,-0.8137953281402588,0.22834865677553456
UBFC_PHYS_s13_T2_ctrl,1,233,8.766666666666667,-0.9334955215454102,0.229251689118437
UBFC_PHYS_s13_T2_ctrl,1,234,8.8,-0.9679860472679138,0.245741568108905
UBFC_PHYS_s13_T2_ctrl,1,235,8.833333333333334,-0.9288328886032104,0.2568483795605564
UBFC_PHYS_s13_T2_ctrl,1,236,8.866666666666667,-0.7578005790710449,0.24610601872582938
UBFC_PHYS_s13_T2_ctrl,1,237,8.9,-0.42995792627334595,0.20698642153327024
UBFC_PHYS_s13_T2_ctrl,1,238,8.933333333333334,-0.11082771420478821,0.14365555191447082
UBFC_PHYS_s13_T2_ctrl,1,239,8.966666666666667,-0.009695777669548988,0.06832181870236025
UBFC_PHYS_s13_T2_ctrl,2,0,2.0,1.3331996202468872,0.04811946138748949
UBFC_PHYS_s13_T2_ctrl,2,1,2.033333333333333,1.2519276142120361,-0.0876740291758049
UBFC_PHYS_s13_T2_ctrl,2,2,2.066666666666667,1.1261314153671265,-0.2192553762441929
UBFC_PHYS_s13_T2_ctrl,2,3,2.1,1.0028164386749268,-0.3417001229096098
UBFC_PHYS_s13_T2_ctrl,2,4,2.1333333333333333,0.8361271619796753,-0.44863861025245155
UBFC_PHYS_s13_T2_ctrl,2,5,2.1666666666666665,0.636519193649292,-0.533595553127165
UBFC_PHYS_s13_T2_ctrl,2,6,2.2,0.41370007395744324,-0.5914366727949592
UBFC_PHYS_s13_T2_ctrl,2,7,2.2333333333333334,0.09791775047779083,-0.6186077065454646
UBFC_PHYS_s13_T2_ctrl,2,8,2.2666666666666666,-0.27204039692878723,-0.6119036539723174
UBFC_PHYS_s13_T2_ctrl,2,9,2.3,-0.5139055848121643,-0.5669407818096247
UBFC_PHYS_s13_T2_ctrl,2,10,2.3333333333333335,-0.5865310430526733,-0.4782228542344444
UBFC_PHYS_s13_T2_ctrl,2,11,2.3666666666666667,-0.5992898941040039,-0.3418913372257039
UBFC_PHYS_s13_T2_ctrl,2,12,2.4,-0.6073828339576721,-0.16018952536632258
UBFC_PHYS_s13_T2_ctrl,2,13,2.433333333333333,-0.592811644077301,0.0549436693191704
UBFC_PHYS_s13_T2_ctrl,2,14,2.466666666666667,-0.5594941973686218,0.2814553143501967
UBFC_PHYS_s13_T2_ctrl,2,15,2.5,-0.5331328511238098,0.49048801981674495
UBFC_PHYS_s13_T2_ctrl,2,16,2.533333333333333,-0.5030150413513184,0.6521074372750568
UBFC_PHYS_s13_T2_ctrl,2,17,2.566666666666667,-0.43956005573272705,0.7412084249452562
UBFC_PHYS_s13_T2_ctrl,2,18,2.6,-0.3710304796695709,0.7417117003830422
UBFC_PHYS_s13_T2_ctrl,2,19,2.6333333333333333,-0.35357600450515747,0.6483341574642776
UBFC_PHYS_s13_T2_ctrl,2,20,2.6666666666666665,-0.3650299906730652,0.46641403030818374
UBFC_PHYS_s13_T2_ctrl,2,21,2.7,-0.32623928785324097,0.21092549188270412
UBFC_PHYS_s13_T2_ctrl,2,22,2.7333333333333334,-0.21906402707099915,-0.09431780212243357
UBFC_PHYS_s13_T2_ctrl,2,23,2.7666666666666666,-0.09988117218017578,-0.41712206361673
UBFC_PHYS_s13_T2_ctrl,2,24,2.8,-0.020648909732699394,-0.7180187206436571
UBFC_PHYS_s13_T2_ctrl,2,25,2.8333333333333335,0.030439341440796852,-0.9536762859602651
UBFC_PHYS_s13_T2_ctrl,2,26,2.8666666666666667,0.10583603382110596,-1.0838379322143399
UBFC_PHYS_s13_T2_ctrl,2,27,2.9,0.2022097408771515,-1.0812277090769657
UBFC_PHYS_s13_T2_ctrl,2,28,2.933333333333333,0.24313241243362427,-0.9414090975345035
UBFC_PHYS_s13_T2_ctrl,2,29,2.966666666666667,0.19606097042560577,-0.6880575774236222
UBFC_PHYS_s13_T2_ctrl,2,30,3.0,0.09716644883155823,-0.3699233603992424
UBFC_PHYS_s13_T2_ctrl,2,31,3.033333333333333,-0.036666709929704666,-0.0489056817722509
UBFC_PHYS_s13_T2_ctrl,2,32,3.066666666666667,-0.19725662469863892,0.21720125124301543
UBFC_PHYS_s13_T2_ctrl,2,33,3.1,-0.3532266914844513,0.39074482377417397
UBFC_PHYS_s13_T2_ctrl,2,34,3.1333333333333333,-0.47532907128334045,0.4625154990468275
UBFC_PHYS_s13_T2_ctrl,2,35,3.1666666666666665,-0.5533322095870972,0.4493328552201267
UBFC_PHYS_s13_T2_ctrl,2,36,3.2,-0.6303468346595764,0.3833909305744921
UBFC_PHYS_s13_T2_ctrl,2,37,3.2333333333333334,-0.7799901962280273,0.29952574667027676
UBFC_PHYS_s13_T2_ctrl,2,38,3.2666666666666666,-0.9719303250312805,0.22595994917927897
UBFC_PHYS_s13_T2_ctrl,2,39,3.3,-1.0829049348831177,0.18063218739096612
UBFC_PHYS_s13_T2_ctrl,2,40,3.3333333333333335,-1.0683501958847046,0.17191769920759079
UBFC_PHYS_s13_T2_ctrl,2,41,3.3666666666666667,-0.9518693685531616,0.20095809683564056
UBFC_PHYS_s13_T2_ctrl,2,42,3.4,-0.7675180435180664,0.2631688456485974
UBFC_PHYS_s13_T2_ctrl,2,43,3.433333333333333,-0.5882181525230408,0.34827774359944796
UBFC_PHYS_s13_T2_ctrl,2,44,3.466666666666667,-0.47352004051208496,0.44026474573040125
UBFC_PHYS_s13_T2_ctrl,2,45,3.5,-0.39893725514411926,0.5191683561359977
UBFC_PHYS_s13_T2_ctrl,2,46,3.533333333333333,-0.32777154445648193,0.565273492036416
UBFC_PHYS_s13_T2_ctrl,2,47,3.566666666666667,-0.27934908866882324,0.5641977436404335
UBFC_PHYS_s13_T2_ctrl,2,48,3.6,-0.2851353883743286,0.5106609836698085
UBFC_PHYS_s13_T2_ctrl,2,49,3.6333333333333333,-0.34730857610702515,0.4094727442257437
UBFC_PHYS_s13_T2_ctrl,2,50,3.6666666666666665,-0.4429771304130554,0.27368551059609275
UBFC_PHYS_s13_T2_ctrl,2,51,3.7,-0.5465771555900574,0.12103969160684197
UBFC_PHYS_s13_T2_ctrl,2,52,3.7333333333333334,-0.6416295170783997,-0.029791890985178676
UBFC_PHYS_s13_T2_ctrl,2,53,3.7666666666666666,-0.7439872622489929,-0.16201683574061965
UBFC_PHYS_s13_T2_ctrl,2,54,3.8,-0.9269216656684875,-0.2621880469963197
UBFC_PHYS_s13_T2_ctrl,2,55,3.8333333333333335,-1.239748239517212,-0.32069932028419695
UBFC_PHYS_s13_T2_ctrl,2,56,3.8666666666666667,-1.5990597009658813,-0.3321781901645356
UBFC_PHYS_s13_T2_ctrl,2,57,3.9,-1.8166362047195435,-0.2964167817418306
UBFC_PHYS_s13_T2_ctrl,2,58,3.933333333333333,-1.756743311882019,-0.21957587129176187
UBFC_PHYS_s13_T2_ctrl,2,59,3.966666666666667,-1.4510343074798584,-0.11466254084196704
UBFC_PHYS_s13_T2_ctrl,2,60,4.0,-1.0581022500991821,-0.00044273095456557883
UBFC_PHYS_s13_T2_ctrl,2,61,4.033333333333333,-0.7299597263336182,0.10128816181775749
UBFC_PHYS_s13_T2_ctrl,2,62,4.066666666666666,-0.5265623331069946,0.16945015364206392
UBFC_PHYS_s13_T2_ctrl,2,63,4.1,-0.4453694224357605,0.18740861891687696
UBFC_PHYS_s13_T2_ctrl,2,64,4.133333333333334,-0.43212616443634033,0.14562459485517507
UBFC_PHYS_s13_T2_ctrl,2,65,4.166666666666667,-0.38976019620895386,0.04269896193406411
UBFC_PHYS_s13_T2_ctrl,2,66,4.2,-0.23539157211780548,-0.11475611729817464
UBFC_PHYS_s13_T2_ctrl,2,67,4.233333333333333,0.051274675875902176,-0.31247250782291575
UBFC_PHYS_s13_T2_ctrl,2,68,4.266666666666667,0.41524550318717957,-0.5287074497317437
UBFC_PHYS_s13_T2_ctrl,2,69,4.3,0.737054705619812,-0.7349191115411595
UBFC_PHYS_s13_T2_ctrl,2,70,4.333333333333333,0.933578372001648,-0.8982213289342534
UBFC_PHYS_s13_T2_ctrl,2,71,4.366666666666666,1.029800534248352,-0.986531853371959
UBFC_PHYS_s13_T2_ctrl,2,72,4.4,1.0777287483215332,-0.976052683222551
UBFC_PHYS_s13_T2_ctrl,2,73,4.433333333333334,1.0637571811676025,-0.8591966750015003
UBFC_PHYS_s13_T2_ctrl,2,74,4.466666666666667,0.9722801446914673,-0.6500439661651802
UBFC_PHYS_s13_T2_ctrl,2,75,4.5,0.8738205432891846,-0.3841916109846847
UBFC_PHYS_s13_T2_ctrl,2,76,4.533333333333333,0.8639416694641113,-0.11089675008851126
UBFC_PHYS_s13_T2_ctrl,2,77,4.566666666666666,0.9362079501152039,0.12132755191087448
UBFC_PHYS_s13_T2_ctrl,2,78,4.6,1.0115453004837036,0.27987576828857136
UBFC_PHYS_s13_T2_ctrl,2,79,4.633333333333334,1.0366182327270508,0.35646352301773393
UBFC_PHYS_s13_T2_ctrl,2,80,4.666666666666667,1.0223171710968018,0.3651899631537029
UBFC_PHYS_s13_T2_ctrl,2,81,4.7,1.015845537185669,0.33286285560084056
UBFC_PHYS_s13_T2_ctrl,2,82,4.733333333333333,1.0573810338974,0.2877619692266434
UBFC_PHYS_s13_T2_ctrl,2,83,4.766666666666667,1.1424754858016968,0.2523389160495122
UBFC_PHYS_s13_T2_ctrl,2,84,4.8,1.230123519897461,0.24171531711975472
UBFC_PHYS_s13_T2_ctrl,2,85,4.833333333333333,1.3001656532287598,0.26582661917807443
UBFC_PHYS_s13_T2_ctrl,2,86,4.866666666666666,1.3563910722732544,0.33113435488881465
UBFC_PHYS_s13_T2_ctrl,2,87,4.9,1.3935011625289917,0.43904656546426934
UBFC_PHYS_s13_T2_ctrl,2,88,4.933333333333334,1.4192924499511719,0.5816262835622699
UBFC_PHYS_s13_T2_ctrl,2,89,4.966666666666667,1.4960566759109497,0.7380940730300091
UBFC_PHYS_s13_T2_ctrl,2,90,5.0,1.6893740892410278,0.8757512376051187
UBFC_PHYS_s13_T2_ctrl,2,91,5.033333333333333,1.9490891695022583,0.9565048009546052
UBFC_PHYS_s13_T2_ctrl,2,92,5.066666666666666,2.0605151653289795,0.9470176305277594
UBFC_PHYS_s13_T2_ctrl,2,93,5.1,1.838882327079773,0.8286135601183029
UBFC_PHYS_s13_T2_ctrl,2,94,5.133333333333334,1.3636733293533325,0.603416959690712
UBFC_PHYS_s13_T2_ctrl,2,95,5.166666666666667,0.8877261877059937,0.2950479974509832
UBFC_PHYS_s13_T2_ctrl,2,96,5.2,0.5068511366844177,-0.05585147749386353
UBFC_PHYS_s13_T2_ctrl,2,97,5.233333333333333,0.1423761248588562,-0.39966807862987713
UBFC_PHYS_s13_T2_ctrl,2,98,5.266666666666667,-0.18598055839538574,-0.6873204270703944
UBFC_PHYS_s13_T2_ctrl,2,99,5.3,-0.37372922897338867,-0.879201820547423
UBFC_PHYS_s13_T2_ctrl,2,100,5.333333333333333,-0.4776258170604706,-0.9520053541899369
UBFC_PHYS_s13_T2_ctrl,2,101,5.366666666666666,-0.6458242535591125,-0.9024204771815496
UBFC_PHYS_s13_T2_ctrl,2,102,5.4,-0.8944675922393799,-0.7471924193761004
UBFC_PHYS_s13_T2_ctrl,2,103,5.433333333333334,-1.090302586555481,-0.5195092721477796
UBFC_PHYS_s13_T2_ctrl,2,104,5.466666666666667,-1.1022343635559082,-0.26223766424288547
UBFC_PHYS_s13_T2_ctrl,2,105,5.5,-0.9797102212905884,-0.019276756767830118
UBFC_PHYS_s13_T2_ctrl,2,106,5.533333333333333,-0.9998008608818054,0.17293064616255488
UBFC_PHYS_s13_T2_ctrl,2,107,5.566666666666666,-1.289202094078064,0.2915032978090228
UBFC_PHYS_s13_T2_ctrl,2,108,5.6,-1.5135270357131958,0.3294098475858514
UBFC_PHYS_s13_T2_ctrl,2,109,5.633333333333334,-1.3113521337509155,0.29388463582319807
UBFC_PHYS_s13_T2_ctrl,2,110,5.666666666666667,-0.8879233598709106,0.20215898567846652
UBFC_PHYS_s13_T2_ctrl,2,111,5.7,-0.6911624073982239,0.07634521787435229
UBFC_PHYS_s13_T2_ctrl,2,112,5.733333333333333,-0.7191779613494873,-0.06080828845575749
UBFC_PHYS_s13_T2_ctrl,2,113,5.766666666666667,-0.6303567290306091,-0.18840173572191882
UBFC_PHYS_s13_T2_ctrl,2,114,5.8,-0.33012428879737854,-0.288387799742242
UBFC_PHYS_s13_T2_ctrl,2,115,5.833333333333333,-0.03394819796085358,-0.34620258469331894
UBFC_PHYS_s13_T2_ctrl,2,116,5.866666666666666,0.06564159691333771,-0.3520924620855696
UBFC_PHYS_s13_T2_ctrl,2,117,5.9,-0.03532887250185013,-0.303343263024834
UBFC_PHYS_s13_T2_ctrl,2,118,5.933333333333334,-0.17622357606887817,-0.20646106079667761
UBFC_PHYS_s13_T2_ctrl,2,119,5.966666666666667,-0.1089923083782196,-0.07766053002326308
UBFC_PHYS_s13_T2_ctrl,2,120,6.0,0.384982705116272,0.059638710182870945
UBFC_PHYS_s13_T2_ctrl,2,121,6.033333333333333,1.2042664289474487,0.18020657306370585
UBFC_PHYS_s13_T2_ctrl,2,122,6.066666666666666,1.8020490407943726,0.263429377080939
UBFC_PHYS_s13_T2_ctrl,2,123,6.1,1.8232533931732178,0.29811240002492273
UBFC_PHYS_s13_T2_ctrl,2,124,6.133333333333334,1.4963630437850952,0.28391212990014414
UBFC_PHYS_s13_T2_ctrl,2,125,6.166666666666667,1.1475335359573364,0.2294673330413438
UBFC_PHYS_s13_T2_ctrl,2,126,6.2,0.7131021618843079,0.14870849278930381
UBFC_PHYS_s13_T2_ctrl,2,127,6.233333333333333,0.12860563397407532,0.05723314974524365
UBFC_PHYS_s13_T2_ctrl,2,128,6.266666666666667,-0.24677307903766632,-0.02992360637429329
UBFC_PHYS_s13_T2_ctrl,2,129,6.3,-0.17809522151947021,-0.0989521137148712
UBFC_PHYS_s13_T2_ctrl,2,130,6.333333333333333,-0.033173833042383194,-0.13733565044640716
UBFC_PHYS_s13_T2_ctrl,2,131,6.366666666666666,-0.15349681675434113,-0.13470250460709415
UBFC_PHYS_s13_T2_ctrl,2,132,6.4,-0.40304961800575256,-0.08518512814692604
UBFC_PHYS_s13_T2_ctrl,2,133,6.433333333333334,-0.5709613561630249,0.00929986301942061
UBFC_PHYS_s13_T2_ctrl,2,134,6.466666666666667,-0.6626691222190857,0.13655967617939097
UBFC_PHYS_s13_T2_ctrl,2,135,6.5,-0.7109729647636414,0.27428708770651855
UBFC_PHYS_s13_T2_ctrl,2,136,6.533333333333333,-0.7346652150154114,0.393677818445542
UBFC_PHYS_s13_T2_ctrl,2,137,6.566666666666666,-0.779881477355957,0.4655857839201701
UBFC_PHYS_s13_T2_ctrl,2,138,6.6,-0.8202769160270691,0.46697397100728305
UBFC_PHYS_s13_T2_ctrl,2,139,6.633333333333334,-0.8101311326026917,0.3855044130183682
UBFC_PHYS_s13_T2_ctrl,2,140,6.666666666666667,-0.7661175727844238,0.22164210617568916
UBFC_PHYS_s13_T2_ctrl,2,141,6.7,-0.6449872851371765,-0.010900930094532668
UBFC_PHYS_s13_T2_ctrl,2,142,6.733333333333333,-0.3450349271297455,-0.28556186147598867
UBFC_PHYS_s13_T2_ctrl,2,143,6.766666666666667,0.016250358894467354,-0.564404310036214
UBFC_PHYS_s13_T2_ctrl,2,144,6.8,0.14840298891067505,-0.8018088438662446
UBFC_PHYS_s13_T2_ctrl,2,145,6.833333333333333,0.05332426726818085,-0.9514753087649378
UBFC_PHYS_s13_T2_ctrl,2,146,6.866666666666666,-0.041372206062078476,-0.9766810478793311
UBFC_PHYS_s13_T2_ctrl,2,147,6.9,-0.09812155365943909,-0.8617220236170732
UBFC_PHYS_s13_T2_ctrl,2,148,6.933333333333334,-0.19978401064872742,-0.6204329790609758
UBFC_PHYS_s13_T2_ctrl,2,149,6.966666666666667,-0.27020499110221863,-0.29698543669230526
UBFC_PHYS_s13_T2_ctrl,2,150,7.0,-0.22890669107437134,0.043973037662430096
UBFC_PHYS_s13_T2_ctrl,2,151,7.033333333333333,-0.17659921944141388,0.33595124870727106
UBFC_PHYS_s13_T2_ctrl,2,152,7.066666666666666,-0.21957477927207947,0.5303714540817297
UBFC_PHYS_s13_T2_ctrl,2,153,7.1,-0.3550456464290619,0.6081729541362814
UBFC_PHYS_s13_T2_ctrl,2,154,7.133333333333334,-0.5237383842468262,0.5790922748663211
UBFC_PHYS_s13_T2_ctrl,2,155,7.166666666666667,-0.6130571365356445,0.4717950529926051
UBFC_PHYS_s13_T2_ctrl,2,156,7.2,-0.540586531162262,0.32169027636969233
UBFC_PHYS_s13_T2_ctrl,2,157,7.233333333333333,-0.3981068730354309,0.16206642252063147
UBFC_PHYS_s13_T2_ctrl,2,158,7.266666666666667,-0.39533892273902893,0.02036588491072802
UBFC_PHYS_s13_T2_ctrl,2,159,7.3,-0.6098542213439941,-0.0821090774704686
UBFC_PHYS_s13_T2_ctrl,2,160,7.333333333333333,-0.8418569564819336,-0.12996849258750504
UBFC_PHYS_s13_T2_ctrl,2,161,7.366666666666666,-0.80488520860672,-0.11483508397800037
UBFC_PHYS_s13_T2_ctrl,2,162,7.4,-0.45308011770248413,-0.03763627114590277
UBFC_PHYS_s13_T2_ctrl,2,163,7.433333333333334,-0.014190384186804295,0.08958474167042764
UBFC_PHYS_s13_T2_ctrl,2,164,7.466666666666667,0.2967216968536377,0.244242228400329
UBFC_PHYS_s13_T2_ctrl,2,165,7.5,0.41038843989372253,0.39700322967451696
UBFC_PHYS_s13_T2_ctrl,2,166,7.533333333333333,0.37203601002693176,0.5179975308948543
UBFC_PHYS_s13_T2_ctrl,2,167,7.566666666666666,0.3503439426422119,0.5834504803207363
UBFC_PHYS_s13_T2_ctrl,2,168,7.6,0.4518778622150421,0.5806837392449095
UBFC_PHYS_s13_T2_ctrl,2,169,7.633333333333334,0.5812954902648926,0.5102169289790255
UBFC_PHYS_s13_T2_ctrl,2,170,7.666666666666667,0.610141396522522,0.38471194918423257
UBFC_PHYS_s13_T2_ctrl,2,171,7.7,0.557425320148468,0.2254061422738798
UBFC_PHYS_s13_T2_ctrl,2,172,7.733333333333333,0.5119026303291321,0.05731171973814289
UBFC_PHYS_s13_T2_ctrl,2,173,7.766666666666667,0.5126407146453857,-0.09541729520760665
UBFC_PHYS_s13_T2_ctrl,2,174,7.8,0.5397204160690308,-0.21301380526590502
UBFC_PHYS_s13_T2_ctrl,2,175,7.833333333333333,0.547450840473175,-0.28236923598129704
UBFC_PHYS_s13_T2_ctrl,2,176,7.866666666666666,0.47829851508140564,-0.2985033129827378
UBFC_PHYS_s13_T2_ctrl,2,177,7.9,0.3076484501361847,-0.2656023293502112
UBFC_PHYS_s13_T2_ctrl,2,178,7.933333333333334,0.10759894549846649,-0.197226062167232
UBFC_PHYS_s13_T2_ctrl,2,179,7.966666666666667,-0.017716212198138237,-0.11470267258357876
UBFC_PHYS_s13_T2_ctrl,2,180,8.0,-0.07449521124362946,-0.04313622268016659
UBFC_PHYS_s13_T2_ctrl,2,181,8.033333333333333,-0.14499199390411377,-0.005637535596116402
UBFC_PHYS_s13_T2_ctrl,2,182,8.066666666666666,-0.2234070599079132,-0.017557442672054883
UBFC_PHYS_s13_T2_ctrl,2,183,8.1,-0.2405320256948471,-0.08290133565995507
UBFC_PHYS_s13_T2_ctrl,2,184,8.133333333333333,-0.18036888539791107,-0.1943467857631097
UBFC_PHYS_s13_T2_ctrl,2,185,8.166666666666666,-0.08652257174253464,-0.3365560789738836
UBFC_PHYS_s13_T2_ctrl,2,186,8.2,-0.016121352091431618,-0.4906669771981638
UBFC_PHYS_s13_T2_ctrl,2,187,8.233333333333333,-0.0035601789131760597,-0.6374300198726928
UBFC_PHYS_s13_T2_ctrl,2,188,8.266666666666667,-0.0177755244076252,-0.758026941805439
UBFC_PHYS_s13_T2_ctrl,2,189,8.3,0.005705827381461859,-0.8337086655285886
UBFC_PHYS_s13_T2_ctrl,2,190,8.333333333333334,0.05739380046725273,-0.8462885544670469
UBFC_PHYS_s13_T2_ctrl,2,191,8.366666666666667,0.07558640837669373,-0.7810016718238713
UBFC_PHYS_s13_T2_ctrl,2,192,8.4,0.0518019013106823,-0.6318500842022293
UBFC_PHYS_s13_T2_ctrl,2,193,8.433333333333334,0.008944975212216377,-0.4076146152180027
UBFC_PHYS_s13_T2_ctrl,2,194,8.466666666666667,-0.08586683124303818,-0.1349758163948091
UBFC_PHYS_s13_T2_ctrl,2,195,8.5,-0.25861260294914246,0.14466407608022655
UBFC_PHYS_s13_T2_ctrl,2,196,8.533333333333333,-0.4364856481552124,0.3852204987346947
UBFC_PHYS_s13_T2_ctrl,2,197,8.566666666666666,-0.5361018180847168,0.5494659177964983
UBFC_PHYS_s13_T2_ctrl,2,198,8.6,-0.5501556992530823,0.6202828512728445
UBFC_PHYS_s13_T2_ctrl,2,199,8.633333333333333,-0.523504376411438,0.6045833798641375
UBFC_PHYS_s13_T2_ctrl,2,200,8.666666666666666,-0.5351428985595703,0.5285439143732853
UBFC_PHYS_s13_T2_ctrl,2,201,8.7,-0.645679235458374,0.427052826817857
UBFC_PHYS_s13_T2_ctrl,2,202,8.733333333333333,-0.8137953281402588,0.33247076538762055
UBFC_PHYS_s13_T2_ctrl,2,203,8.766666666666667,-0.9334955215454102,0.2672046394136573
UBFC_PHYS_s13_T2_ctrl,2,204,8.8,-0.9679860472679138,0.24196939445996682
UBFC_PHYS_s13_T2_ctrl,2,205,8.833333333333334,-0.9288328886032104,0.258442732861437
UBFC_PHYS_s13_T2_ctrl,2,206,8.866666666666667,-0.7578005790710449,0.31296463341161285
UBFC_PHYS_s13_T2_ctrl,2,207,8.9,-0.42995792627334595,0.39825935266465784
UBFC_PHYS_s13_T2_ctrl,2,208,8.933333333333334,-0.11082771420478821,0.5026692677721405
UBFC_PHYS_s13_T2_ctrl,2,209,8.966666666666667,-0.009695777669548988,0.6088878520546048
UBFC_PHYS_s13_T2_ctrl,2,210,9.0,-0.1569402664899826,0.6945982516861033
UBFC_PHYS_s13_T2_ctrl,2,211,9.033333333333333,-0.4141642153263092,0.7359025427723376
UBFC_PHYS_s13_T2_ctrl,2,212,9.066666666666666,-0.5718312859535217,0.7124375008214875
UBFC_PHYS_s13_T2_ctrl,2,213,9.1,-0.492592453956604,0.6120567296776456
UBFC_PHYS_s13_T2_ctrl,2,214,9.133333333333333,-0.19570130109786987,0.4334917544660465
UBFC_PHYS_s13_T2_ctrl,2,215,9.166666666666666,0.22399738430976868,0.18671442803137356
UBFC_PHYS_s13_T2_ctrl,2,216,9.2,0.6457720398902893,-0.1083278781854939
UBFC_PHYS_s13_T2_ctrl,2,217,9.233333333333333,0.8589296936988831,-0.4237608479393179
UBFC_PHYS_s13_T2_ctrl,2,218,9.266666666666667,0.6746969819068909,-0.7262049922503077
UBFC_PHYS_s13_T2_ctrl,2,219,9.3,0.1946275681257248,-0.9797983802378681
UBFC_PHYS_s13_T2_ctrl,2,220,9.333333333333334,-0.24892482161521912,-1.1504082555796036
UBFC_PHYS_s13_T2_ctrl,2,221,9.366666666666667,-0.48404479026794434,-1.211297485390926
UBFC_PHYS_s13_T2_ctrl,2,222,9.4,-0.6199769973754883,-1.1495071669095414
UBFC_PHYS_s13_T2_ctrl,2,223,9.433333333333334,-0.6787627339363098,-0.9711137339841198
UBFC_PHYS_s13_T2_ctrl,2,224,9.466666666666667,-0.44063428044319153,-0.7030450425360395
UBFC_PHYS_s13_T2_ctrl,2,225,9.5,0.1469399333000183,-0.3896534863369198
UBFC_PHYS_s13_T2_ctrl,2,226,9.533333333333333,0.7738649845123291,-0.08375947071755521
UBFC_PHYS_s13_T2_ctrl,2,227,9.566666666666666,1.1422547101974487,0.16583946727276375
UBFC_PHYS_s13_T2_ctrl,2,228,9.6,1.23227858543396,0.32624392126176777
UBFC_PHYS_s13_T2_ctrl,2,229,9.633333333333333,1.1793285608291626,0.38722699549131917
UBFC_PHYS_s13_T2_ctrl,2,230,9.666666666666666,1.0539178848266602,0.36071048156865776
UBFC_PHYS_s13_T2_ctrl,2,231,9.7,0.7827355861663818,0.2741480858868603
UBFC_PHYS_s13_T2_ctrl,2,232,9.733333333333333,0.3154810667037964,0.16132186250029742
UBFC_PHYS_s13_T2_ctrl,2,233,9.766666666666667,-0.28184351325035095,0.054186968868908336
UBFC_PHYS_s13_T2_ctrl,2,234,9.8,-0.9013280868530273,-0.022308758188912255
UBFC_PHYS_s13_T2_ctrl,2,235,9.833333333333334,-1.3742074966430664,-0.05255690944855679
UBFC_PHYS_s13_T2_ctrl,2,236,9.866666666666667,-1.5423598289489746,-0.03088987090295476
UBFC_PHYS_s13_T2_ctrl,2,237,9.9,-1.4776723384857178,0.03866766861284192
UBFC_PHYS_s13_T2_ctrl,2,238,9.933333333333334,-1.3747248649597168,0.14338697331632724
UBFC_PHYS_s13_T2_ctrl,2,239,9.966666666666667,-1.2482662200927734,0.26391139292903476
UBFC_PHYS_s13_T2_ctrl,3,0,3.0,0.09716644883155823,-0.20565441894244804
UBFC_PHYS_s13_T2_ctrl,3,1,3.033333333333333,-0.036666709929704666,-0.2959923725086033
UBFC_PHYS_s13_T2_ctrl,3,2,3.066666666666667,-0.19725662469863892,-0.3716252261443666
UBFC_PHYS_s13_T2_ctrl,3,3,3.1,-0.3532266914844513,-0.42433000872439725
UBFC_PHYS_s13_T2_ctrl,3,4,3.1333333333333333,-0.47532907128334045,-0.4507064364428015
UBFC_PHYS_s13_T2_ctrl,3,5,3.1666666666666665,-0.5533322095870972,-0.452508543098785
UBFC_PHYS_s13_T2_ctrl,3,6,3.2,-0.6303468346595764,-0.4350808122926084
UBFC_PHYS_s13_T2_ctrl,3,7,3.2333333333333334,-0.7799901962280273,-0.4046372159079911
UBFC_PHYS_s13_T2_ctrl,3,8,3.2666666666666666,-0.9719303250312805,-0.3653937240486181
UBFC_PHYS_s13_T2_ctrl,3,9,3.3,-1.0829049348831177,-0.3173517644976558
UBFC_PHYS_s13_T2_ctrl,3,10,3.3333333333333335,-1.0683501958847046,-0.25538585875868736
UBFC_PHYS_s13_T2_ctrl,3,11,3.3666666666666667,-0.9518693685531616,-0.1702835986257958
UBFC_PHYS_s13_T2_ctrl,3,12,3.4,-0.7675180435180664,-0.05217814562465188
UBFC_PHYS_s13_T2_ctrl,3,13,3.433333333333333,-0.5882181525230408,0.1040733126587404
UBFC_PHYS_s13_T2_ctrl,3,14,3.466666666666667,-0.47352004051208496,0.29348832357093046
UBFC_PHYS_s13_T2_ctrl,3,15,3.5,-0.39893725514411926,0.4984005860840708
UBFC_PHYS_s13_T2_ctrl,3,16,3.533333333333333,-0.32777154445648193,0.6909133440590906
UBFC_PHYS_s13_T2_ctrl,3,17,3.566666666666667,-0.27934908866882324,0.8402249106035414
UBFC_PHYS_s13_T2_ctrl,3,18,3.6,-0.2851353883743286,0.9219400696930032
UBFC_PHYS_s13_T2_ctrl,3,19,3.6333333333333333,-0.34730857610702515,0.9252108025420812
UBFC_PHYS_s13_T2_ctrl,3,20,3.6666666666666665,-0.4429771304130554,0.8548208781859742
UBFC_PHYS_s13_T2_ctrl,3,21,3.7,-0.5465771555900574,0.7280562507408732
UBFC_PHYS_s13_T2_ctrl,3,22,3.7333333333333334,-0.6416295170783997,0.5684900475034285
UBFC_PHYS_s13_T2_ctrl,3,23,3.7666666666666666,-0.7439872622489929,0.39955333080247846
UBFC_PHYS_s13_T2_ctrl,3,24,3.8,-0.9269216656684875,0.23996874798302303
UBFC_PHYS_s13_T2_ctrl,3,25,3.8333333333333335,-1.239748239517212,0.10181172529628892
UBFC_PHYS_s13_T2_ctrl,3,26,3.8666666666666667,-1.5990597009658813,-0.008955090346840071
UBFC_PHYS_s13_T2_ctrl,3,27,3.9,-1.8166362047195435,-0.09034428676417185
UBFC_PHYS_s13_T2_ctrl,3,28,3.933333333333333,-1.756743311882019,-0.1422205162510887
UBFC_PHYS_s13_T2_ctrl,3,29,3.966666666666667,-1.4510343074798584,-0.16580592461387522
UBFC_PHYS_s13_T2_ctrl,3,30,4.0,-1.0581022500991821,-0.16514002856511795
UBFC_PHYS_s13_T2_ctrl,3,31,4.033333333333333,-0.7299597263336182,-0.14917662098096818
UBFC_PHYS_s13_T2_ctrl,3,32,4.066666666666666,-0.5265623331069946,-0.13252975727120775
UBFC_PHYS_s13_T2_ctrl,3,33,4.1,-0.4453694224357605,-0.13366809573040497
UBFC_PHYS_s13_T2_ctrl,3,34,4.133333333333334,-0.43212616443634033,-0.1710254256024603
UBFC_PHYS_s13_T2_ctrl,3,35,4.166666666666667,-0.38976019620895386,-0.2585924563378174
UBFC_PHYS_s13_T2_ctrl,3,36,4.2,-0.23539157211780548,-0.4022085288523281
UBFC_PHYS_s13_T2_ctrl,3,37,4.233333333333333,0.051274675875902176,-0.5969006018543003
UBFC_PHYS_s13_T2_ctrl,3,38,4.266666666666667,0.41524550318717957,-0.8254190320551615
UBFC_PHYS_s13_T2_ctrl,3,39,4.3,0.737054705619812,-1.0584743489535215
UBFC_PHYS_s13_T2_ctrl,3,40,4.333333333333333,0.933578372001648,-1.2573774984073052
UBFC_PHYS_s13_T2_ctrl,3,41,4.366666666666666,1.029800534248352,-1.379518441510253
UBFC_PHYS_s13_T2_ctrl,3,42,4.4,1.0777287483215332,-1.3864442948207611
UBFC_PHYS_s13_T2_ctrl,3,43,4.433333333333334,1.0637571811676025,-1.2534716309760097
UBFC_PHYS_s13_T2_ctrl,3,44,4.466666666666667,0.9722801446914673,-0.9788686002961683
UBFC_PHYS_s13_T2_ctrl,3,45,4.5,0.8738205432891846,-0.5893169949525198
UBFC_PHYS_s13_T2_ctrl,3,46,4.533333333333333,0.8639416694641113,-0.13738913174900474
UBFC_PHYS_s13_T2_ctrl,3,47,4.566666666666666,0.9362079501152039,0.31094350557668254
UBFC_PHYS_s13_T2_ctrl,3,48,4.6,1.0115453004837036,0.6946647357487007
UBFC_PHYS_s13_T2_ctrl,3,49,4.633333333333334,1.0366182327270508,0.9733342992095685
UBFC_PHYS_s13_T2_ctrl,3,50,4.666666666666667,1.0223171710968018,1.1332638924524439
UBFC_PHYS_s13_T2_ctrl,3,51,4.7,1.015845537185669,1.1835347928105413
UBFC_PHYS_s13_T2_ctrl,3,52,4.733333333333333,1.0573810338974,1.146189559814732
UBFC_PHYS_s13_T2_ctrl,3,53,4.766666666666667,1.1424754858016968,1.0464507685173308
UBFC_PHYS_s13_T2_ctrl,3,54,4.8,1.230123519897461,0.9069157620474021
UBFC_PHYS_s13_T2_ctrl,3,55,4.833333333333333,1.3001656532287598,0.7462798151208189
UBFC_PHYS_s13_T2_ctrl,3,56,4.866666666666666,1.3563910722732544,0.5805593812707187
UBFC_PHYS_s13_T2_ctrl,3,57,4.9,1.3935011625289917,0.4242269481002495
UBFC_PHYS_s13_T2_ctrl,3,58,4.933333333333334,1.4192924499511719,0.28990077482256454
UBFC_PHYS_s13_T2_ctrl,3,59,4.966666666666667,1.4960566759109497,0.18680874514089732
UBFC_PHYS_s13_T2_ctrl,3,60,5.0,1.6893740892410278,0.11892375879676709
UBFC_PHYS_s13_T2_ctrl,3,61,5.033333333333333,1.9490891695022583,0.08368716725218776
UBFC_PHYS_s13_T2_ctrl,3,62,5.066666666666666,2.0605151653289795,0.07220723859957931
UBFC_PHYS_s13_T2_ctrl,3,63,5.1,1.838882327079773,0.07149018726181007
UBFC_PHYS_s13_T2_ctrl,3,64,5.133333333333334,1.3636733293533325,0.06833285898104101
UBFC_PHYS_s13_T2_ctrl,3,65,5.166666666666667,0.8877261877059937,0.05350593035404888
UBFC_PHYS_s13_T2_ctrl,3,66,5.2,0.5068511366844177,0.024519312554728983
UBFC_PHYS_s13_T2_ctrl,3,67,5.233333333333333,0.1423761248588562,-0.014193903948640507
UBFC_PHYS_s13_T2_ctrl,3,68,5.266666666666667,-0.18598055839538574,-0.05371518102418741
UBFC_PHYS_s13_T2_ctrl,3,69,5.3,-0.37372922897338867,-0.08469091278761212
UBFC_PHYS_s13_T2_ctrl,3,70,5.333333333333333,-0.4776258170604706,-0.10151081562878504
UBFC_PHYS_s13_T2_ctrl,3,71,5.366666666666666,-0.6458242535591125,-0.10514399424889576
UBFC_PHYS_s13_T2_ctrl,3,72,5.4,-0.8944675922393799,-0.10346182518619858
UBFC_PHYS_s13_T2_ctrl,3,73,5.433333333333334,-1.090302586555481,-0.10860425525683917
UBFC_PHYS_s13_T2_ctrl,3,74,5.466666666666667,-1.1022343635559082,-0.1321362814460325
UBFC_PHYS_s13_T2_ctrl,3,75,5.5,-0.9797102212905884,-0.17987289225692096
UBFC_PHYS_s13_T2_ctrl,3,76,5.533333333333333,-0.9998008608818054,-0.24865642940707017
UBFC_PHYS_s13_T2_ctrl,3,77,5.566666666666666,-1.289202094078064,-0.32673453553901655
UBFC_PHYS_s13_T2_ctrl,3,78,5.6,-1.5135270357131958,-0.3978778383203322
UBFC_PHYS_s13_T2_ctrl,3,79,5.633333333333334,-1.3113521337509155,-0.44764034039969064
UBFC_PHYS_s13_T2_ctrl,3,80,5.666666666666667,-0.8879233598709106,-0.469034857243392
UBFC_PHYS_s13_T2_ctrl,3,81,5.7,-0.6911624073982239,-0.4650239491158284
UBFC_PHYS_s13_T2_ctrl,3,82,5.733333333333333,-0.7191779613494873,-0.44666521378205476
UBFC_PHYS_s13_T2_ctrl,3,83,5.766666666666667,-0.6303567290306091,-0.42770278192365685
UBFC_PHYS_s13_T2_ctrl,3,84,5.8,-0.33012428879737854,-0.417876646757336
UBFC_PHYS_s13_T2_ctrl,3,85,5.833333333333333,-0.03394819796085358,-0.4177470433773668
UBFC_PHYS_s13_T2_ctrl,3,86,5.866666666666666,0.06564159691333771,-0.4173189902293657
UBFC_PHYS_s13_T2_ctrl,3,87,5.9,-0.03532887250185013,-0.39930557923657123
UBFC_PHYS_s13_T2_ctrl,3,88,5.933333333333334,-0.17622357606887817,-0.3459104172059265
UBFC_PHYS_s13_T2_ctrl,3,89,5.966666666666667,-0.1089923083782196,-0.24635249254133132
UBFC_PHYS_s13_T2_ctrl,3,90,6.0,0.384982705116272,-0.10185420597461742
UBFC_PHYS_s13_T2_ctrl,3,91,6.033333333333333,1.2042664289474487,0.07404762742391104
UBFC_PHYS_s13_T2_ctrl,3,92,6.066666666666666,1.8020490407943726,0.25962749489472237
UBFC_PHYS_s13_T2_ctrl,3,93,6.1,1.8232533931732178,0.43119392465068906
UBFC_PHYS_s13_T2_ctrl,3,94,6.133333333333334,1.4963630437850952,0.5686102000703672
UBFC_PHYS_s13_T2_ctrl,3,95,6.166666666666667,1.1475335359573364,0.6584608233138798
UBFC_PHYS_s13_T2_ctrl,3,96,6.2,0.7131021618843079,0.6949345943407412
UBFC_PHYS_s13_T2_ctrl,3,97,6.233333333333333,0.12860563397407532,0.6795144276852814
UBFC_PHYS_s13_T2_ctrl,3,98,6.266666666666667,-0.24677307903766632,0.6202841901321461
UBFC_PHYS_s13_T2_ctrl,3,99,6.3,-0.17809522151947021,0.5308172961234678
UBFC_PHYS_s13_T2_ctrl,3,100,6.333333333333333,-0.033173833042383194,0.4282227694973486
UBFC_PHYS_s13_T2_ctrl,3,101,6.366666666666666,-0.15349681675434113,0.330171723636841
UBFC_PHYS_s13_T2_ctrl,3,102,6.4,-0.40304961800575256,0.2512667278562189
UBFC_PHYS_s13_T2_ctrl,3,103,6.433333333333334,-0.5709613561630249,0.19960999371630672
UBFC_PHYS_s13_T2_ctrl,3,104,6.466666666666667,-0.6626691222190857,0.1746390490772115
UBFC_PHYS_s13_T2_ctrl,3,105,6.5,-0.7109729647636414,0.16714988803046027
UBFC_PHYS_s13_T2_ctrl,3,106,6.533333333333333,-0.7346652150154114,0.16188367370059334
UBFC_PHYS_s13_T2_ctrl,3,107,6.566666666666666,-0.779881477355957,0.14203785806113514
UBFC_PHYS_s13_T2_ctrl,3,108,6.6,-0.8202769160270691,0.09394430176801169
UBFC_PHYS_s13_T2_ctrl,3,109,6.633333333333334,-0.8101311326026917,0.010049276652659409
UBFC_PHYS_s13_T2_ctrl,3,110,6.666666666666667,-0.7661175727844238,-0.11030100162004136
UBFC_PHYS_s13_T2_ctrl,3,111,6.7,-0.6449872851371765,-0.26126508135972604
UBFC_PHYS_s13_T2_ctrl,3,112,6.733333333333333,-0.3450349271297455,-0.4309085264987169
UBFC_PHYS_s13_T2_ctrl,3,113,6.766666666666667,0.016250358894467354,-0.6013308300360408
UBFC_PHYS_s13_T2_ctrl,3,114,6.8,0.14840298891067505,-0.7492624716627514
UBFC_PHYS_s13_T2_ctrl,3,115,6.833333333333333,0.05332426726818085,-0.8483287777868141
UBFC_PHYS_s13_T2_ctrl,3,116,6.866666666666666,-0.041372206062078476,-0.8738046961579478
UBFC_PHYS_s13_T2_ctrl,3,117,6.9,-0.09812155365943909,-0.8095504086526983
UBFC_PHYS_s13_T2_ctrl,3,118,6.933333333333334,-0.19978401064872742,-0.6552713007804366
UBFC_PHYS_s13_T2_ctrl,3,119,6.966666666666667,-0.27020499110221863,-0.4308213051903943
UBFC_PHYS_s13_T2_ctrl,3,120,7.0,-0.22890669107437134,-0.1739812952072668
UBFC_PHYS_s13_T2_ctrl,3,121,7.033333333333333,-0.17659921944141388,0.06949048440764365
UBFC_PHYS_s13_T2_ctrl,3,122,7.066666666666666,-0.21957477927207947,0.26004026713833184
UBFC_PHYS_s13_T2_ctrl,3,123,7.1,-0.3550456464290619,0.37601078086883916
UBFC_PHYS_s13_T2_ctrl,3,124,7.133333333333334,-0.5237383842468262,0.41753145666326186
UBFC_PHYS_s13_T2_ctrl,3,125,7.166666666666667,-0.6130571365356445,0.40190757587802156
UBFC_PHYS_s13_T2_ctrl,3,126,7.2,-0.540586531162262,0.3540780857334973
UBFC_PHYS_s13_T2_ctrl,3,127,7.233333333333333,-0.3981068730354309,0.2972286278118083
UBFC_PHYS_s13_T2_ctrl,3,128,7.266666666666667,-0.39533892273902893,0.2470785890036048
UBFC_PHYS_s13_T2_ctrl,3,129,7.3,-0.6098542213439941,0.2105895914697405
UBFC_PHYS_s13_T2_ctrl,3,130,7.333333333333333,-0.8418569564819336,0.18795771682231605
UBFC_PHYS_s13_T2_ctrl,3,131,7.366666666666666,-0.80488520860672,0.17607808495171595
UBFC_PHYS_s13_T2_ctrl,3,132,7.4,-0.45308011770248413,0.17168901451184426
UBFC_PHYS_s13_T2_ctrl,3,133,7.433333333333334,-0.014190384186804295,0.17298937551970542
UBFC_PHYS_s13_T2_ctrl,3,134,7.466666666666667,0.2967216968536377,0.1795582695193142
UBFC_PHYS_s13_T2_ctrl,3,135,7.5,0.41038843989372253,0.19131963285368905
UBFC_PHYS_s13_T2_ctrl,3,136,7.533333333333333,0.37203601002693176,0.2075404981318949
UBFC_PHYS_s13_T2_ctrl,3,137,7.566666666666666,0.3503439426422119,0.22638746441770105
UBFC_PHYS_s13_T2_ctrl,3,138,7.6,0.4518778622150421,0.2448564197972189
UBFC_PHYS_s13_T2_ctrl,3,139,7.633333333333334,0.5812954902648926,0.25872254378767984
UBFC_PHYS_s13_T2_ctrl,3,140,7.666666666666667,0.610141396522522,0.2627671915611362
UBFC_PHYS_s13_T2_ctrl,3,141,7.7,0.557425320148468,0.2519735177786837
UBFC_PHYS_s13_T2_ctrl,3,142,7.733333333333333,0.5119026303291321,0.22378807716025426
UBFC_PHYS_s13_T2_ctrl,3,143,7.766666666666667,0.5126407146453857,0.18041419451133725
UBFC_PHYS_s13_T2_ctrl,3,144,7.8,0.5397204160690308,0.1294701096447168
UBFC_PHYS_s13_T2_ctrl,3,145,7.833333333333333,0.547450840473175,0.08175056752316633
UBFC_PHYS_s13_T2_ctrl,3,146,7.866666666666666,0.47829851508140564,0.04621808777269625
UBFC_PHYS_s13_T2_ctrl,3,147,7.9,0.3076484501361847,0.024167809149306108
UBFC_PHYS_s13_T2_ctrl,3,148,7.933333333333334,0.10759894549846649,0.005768329280379697
UBFC_PHYS_s13_T2_ctrl,3,149,7.966666666666667,-0.017716212198138237,-0.028299842100946195
UBFC_PHYS_s13_T2_ctrl,3,150,8.0,-0.07449521124362946,-0.0998465953398114
UBFC_PHYS_s13_T2_ctrl,3,151,8.033333333333333,-0.14499199390411377,-0.22346569756488177
UBFC_PHYS_s13_T2_ctrl,3,152,8.066666666666666,-0.2234070599079132,-0.39826801251251187
UBFC_PHYS_s13_T2_ctrl,3,153,8.1,-0.2405320256948471,-0.604643760228098
UBFC_PHYS_s13_T2_ctrl,3,154,8.133333333333333,-0.18036888539791107,-0.8075136079665484
UBFC_PHYS_s13_T2_ctrl,3,155,8.166666666666666,-0.08652257174253464,-0.9649878210201854
UBFC_PHYS_s13_T2_ctrl,3,156,8.2,-0.016121352091431618,-1.0395288932215634
UBFC_PHYS_s13_T2_ctrl,3,157,8.233333333333333,-0.0035601789131760597,-1.0080648992573524
UBFC_PHYS_s13_T2_ctrl,3,158,8.266666666666667,-0.0177755244076252,-0.8680055574307103
UBFC_PHYS_s13_T2_ctrl,3,159,8.3,0.005705827381461859,-0.63757315170956
UBFC_PHYS_s13_T2_ctrl,3,160,8.333333333333334,0.05739380046725273,-0.3508298155236603
UBFC_PHYS_s13_T2_ctrl,3,161,8.366666666666667,0.07558640837669373,-0.049510094821347085
UBFC_PHYS_s13_T2_ctrl,3,162,8.4,0.0518019013106823,0.2254988114036411
UBFC_PHYS_s13_T2_ctrl,3,163,8.433333333333334,0.008944975212216377,0.4408691903610074
UBFC_PHYS_s13_T2_ctrl,3,164,8.466666666666667,-0.08586683124303818,0.575210019852413
UBFC_PHYS_s13_T2_ctrl,3,165,8.5,-0.25861260294914246,0.6215638583824742
UBFC_PHYS_s13_T2_ctrl,3,166,8.533333333333333,-0.4364856481552124,0.587937896608797
UBFC_PHYS_s13_T2_ctrl,3,167,8.566666666666666,-0.5361018180847168,0.49511995704740447
UBFC_PHYS_s13_T2_ctrl,3,168,8.6,-0.5501556992530823,0.3716993570444769
UBFC_PHYS_s13_T2_ctrl,3,169,8.633333333333333,-0.523504376411438,0.24749727716284392
UBFC_PHYS_s13_T2_ctrl,3,170,8.666666666666666,-0.5351428985595703,0.1471982084487385
UBFC_PHYS_s13_T2_ctrl,3,171,8.7,-0.645679235458374,0.08578390991456032
UBFC_PHYS_s13_T2_ctrl,3,172,8.733333333333333,-0.8137953281402588,0.06684591149824223
UBFC_PHYS_s13_T2_ctrl,3,173,8.766666666666667,-0.9334955215454102,0.08405528017809819
UBFC_PHYS_s13_T2_ctrl,3,174,8.8,-0.9679860472679138,0.12503871582267614
UBFC_PHYS_s13_T2_ctrl,3,175,8.833333333333334,-0.9288328886032104,0.17606537760394064
UBFC_PHYS_s13_T2_ctrl,3,176,8.866666666666667,-0.7578005790710449,0.2257707465767276
UBFC_PHYS_s13_T2_ctrl,3,177,8.9,-0.42995792627334595,0.2668081748101981
UBFC_PHYS_s13_T2_ctrl,3,178,8.933333333333334,-0.11082771420478821,0.29551961305326985
UBFC_PHYS_s13_T2_ctrl,3,179,8.966666666666667,-0.009695777669548988,0.3106503437923753
UBFC_PHYS_s13_T2_ctrl,3,180,9.0,-0.1569402664899826,0.3121828294637252
UBFC_PHYS_s13_T2_ctrl,3,181,9.033333333333333,-0.4141642153263092,0.3007188120628692
UBFC_PHYS_s13_T2_ctrl,3,182,9.066666666666666,-0.5718312859535217,0.2771359410388189
UBFC_PHYS_s13_T2_ctrl,3,183,9.1,-0.492592453956604,0.24206413388386863
UBFC_PHYS_s13_T2_ctrl,3,184,9.133333333333333,-0.19570130109786987,0.19518616415437004
UBFC_PHYS_s13_T2_ctrl,3,185,9.166666666666666,0.22399738430976868,0.13491481238757158
UBFC_PHYS_s13_T2_ctrl,3,186,9.2,0.6457720398902893,0.05903791166106933
UBFC_PHYS_s13_T2_ctrl,3,187,9.233333333333333,0.8589296936988831,-0.03355020395052323
UBFC_PHYS_s13_T2_ctrl,3,188,9.266666666666667,0.6746969819068909,-0.14054681116671874
UBFC_PHYS_s13_T2_ctrl,3,189,9.3,0.1946275681257248,-0.2543504446797839
UBFC_PHYS_s13_T2_ctrl,3,190,9.333333333333334,-0.24892482161521912,-0.3616573332629515
UBFC_PHYS_s13_T2_ctrl,3,191,9.366666666666667,-0.48404479026794434,-0.44532096283789097
UBFC_PHYS_s13_T2_ctrl,3,192,9.4,-0.6199769973754883,-0.4885808814331808
UBFC_PHYS_s13_T2_ctrl,3,193,9.433333333333334,-0.6787627339363098,-0.4806659351649562
UBFC_PHYS_s13_T2_ctrl,3,194,9.466666666666667,-0.44063428044319153,-0.4215661882205095
UBFC_PHYS_s13_T2_ctrl,3,195,9.5,0.1469399333000183,-0.3234507053534353
UBFC_PHYS_s13_T2_ctrl,3,196,9.533333333333333,0.7738649845123291,-0.20745293408831603
UBFC_PHYS_s13_T2_ctrl,3,197,9.566666666666666,1.1422547101974487,-0.09673942829297347
UBFC_PHYS_s13_T2_ctrl,3,198,9.6,1.23227858543396,-0.008683345512699978
UBFC_PHYS_s13_T2_ctrl,3,199,9.633333333333333,1.1793285608291626,0.05039931038486988
UBFC_PHYS_s13_T2_ctrl,3,200,9.666666666666666,1.0539178848266602,0.08552040897473079
UBFC_PHYS_s13_T2_ctrl,3,201,9.7,0.7827355861663818,0.1082055900234483
UBFC_PHYS_s13_T2_ctrl,3,202,9.733333333333333,0.3154810667037964,0.12907424218979116
UBFC_PHYS_s13_T2_ctrl,3,203,9.766666666666667,-0.28184351325035095,0.15155250178998003
UBFC_PHYS_s13_T2_ctrl,3,204,9.8,-0.9013280868530273,0.16958616509412822
UBFC_PHYS_s13_T2_ctrl,3,205,9.833333333333334,-1.3742074966430664,0.17006602923634914
UBFC_PHYS_s13_T2_ctrl,3,206,9.866666666666667,-1.5423598289489746,0.13867845760727443
UBFC_PHYS_s13_T2_ctrl,3,207,9.9,-1.4776723384857178,0.06682343518616271
UBFC_PHYS_s13_T2_ctrl,3,208,9.933333333333334,-1.3747248649597168,-0.04282268080900298
UBFC_PHYS_s13_T2_ctrl,3,209,9.966666666666667,-1.2482662200927734,-0.17397159029732095
UBFC_PHYS_s13_T2_ctrl,3,210,10.0,-1.045498251914978,-0.29868611594578787
UBFC_PHYS_s13_T2_ctrl,3,211,10.033333333333333,-0.9447320103645325,-0.38360557594696304
UBFC_PHYS_s13_T2_ctrl,3,212,10.066666666666666,-1.1137806177139282,-0.3990066292423119
UBFC_PHYS_s13_T2_ctrl,3,213,10.1,-1.3517311811447144,-0.3282061751372166
UBFC_PHYS_s13_T2_ctrl,3,214,10.133333333333333,-1.3478296995162964,-0.17461066986634666
UBFC_PHYS_s13_T2_ctrl,3,215,10.166666666666666,-1.1154052019119263,0.03580182854477611
UBFC_PHYS_s13_T2_ctrl,3,216,10.2,-0.8468590378761292,0.25796474552466275
UBFC_PHYS_s13_T2_ctrl,3,217,10.233333333333333,-0.5583112239837646,0.43738323584014316
UBFC_PHYS_s13_T2_ctrl,3,218,10.266666666666667,-0.20025192201137543,0.5244610510256937
UBFC_PHYS_s13_T2_ctrl,3,219,10.3,0.13590770959854126,0.4897960929834193
UBFC_PHYS_s13_T2_ctrl,3,220,10.333333333333334,0.4124808609485626,0.3349971617504253
UBFC_PHYS_s13_T2_ctrl,3,221,10.366666666666667,0.7430189847946167,0.09418636125457186
UBFC_PHYS_s13_T2_ctrl,3,222,10.4,1.1460968255996704,-0.174964165615443
UBFC_PHYS_s13_T2_ctrl,3,223,10.433333333333334,1.4145573377609253,-0.4074195700241624
UBFC_PHYS_s13_T2_ctrl,3,224,10.466666666666667,1.3523313999176025,-0.5486280749413216
UBFC_PHYS_s13_T2_ctrl,3,225,10.5,1.0398969650268555,-0.5685946087735764
UBFC_PHYS_s13_T2_ctrl,3,226,10.533333333333333,0.7357531189918518,-0.4683667213057331
UBFC_PHYS_s13_T2_ctrl,3,227,10.566666666666666,0.5671395063400269,-0.2773268184521879
UBFC_PHYS_s13_T2_ctrl,3,228,10.6,0.4809906780719757,-0.04212149495375399
UBFC_PHYS_s13_T2_ctrl,3,229,10.633333333333333,0.37980929017066956,0.18905860055565782
UBFC_PHYS_s13_T2_ctrl,3,230,10.666666666666666,0.15336550772190094,0.38051599901523253
UBFC_PHYS_s13_T2_ctrl,3,231,10.7,-0.2518014907836914,0.5154158455501766
UBFC_PHYS_s13_T2_ctrl,3,232,10.733333333333333,-0.7234913110733032,0.5930017976267048
UBFC_PHYS_s13_T2_ctrl,3,233,10.766666666666667,-1.1035853624343872,0.6204489770136228
UBFC_PHYS_s13_T2_ctrl,3,234,10.8,-1.3038655519485474,0.6051395955799478
UBFC_PHYS_s13_T2_ctrl,3,235,10.833333333333334,-1.3288495540618896,0.5512680803947021
UBFC_PHYS_s13_T2_ctrl,3,236,10.866666666666667,-1.2448458671569824,0.46095738489614135
UBFC_PHYS_s13_T2_ctrl,3,237,10.9,-1.0977331399917603,0.33733429953154526
UBFC_PHYS_s13_T2_ctrl,3,238,10.933333333333334,-0.902949333190918,0.18692169530279895
UBFC_PHYS_s13_T2_ctrl,3,239,10.966666666666667,-0.6813395619392395,0.02026008904445299
UBFC_PHYS_s13_T2_ctrl,4,0,4.0,-1.0581022500991821,0.1946971569988774
UBFC_PHYS_s13_T2_ctrl,4,1,4.033333333333333,-0.7299597263336182,0.07325217689515795
UBFC_PHYS_s13_T2_ctrl,4,2,4.066666666666666,-0.5265623331069946,-0.04647561407147514
UBFC_PHYS_s13_T2_ctrl,4,3,4.1,-0.4453694224357605,-0.15840900128500357
UBFC_PHYS_s13_T2_ctrl,4,4,4.133333333333334,-0.43212616443634033,-0.2589871596060717
UBFC_PHYS_s13_T2_ctrl,4,5,4.166666666666667,-0.38976019620895386,-0.3481773163056237
UBFC_PHYS_s13_T2_ctrl,4,6,4.2,-0.23539157211780548,-0.4294558920537041
UBFC_PHYS_s13_T2_ctrl,4,7,4.233333333333333,0.051274675875902176,-0.5083725222449054
UBFC_PHYS_s13_T2_ctrl,4,8,4.266666666666667,0.41524550318717957,-0.5898588564905218
UBFC_PHYS_s13_T2_ctrl,4,9,4.3,0.737054705619812,-0.6750849177995247
UBFC_PHYS_s13_T2_ctrl,4,10,4.333333333333333,0.933578372001648,-0.7592335727572036
UBFC_PHYS_s13_T2_ctrl,4,11,4.366666666666666,1.029800534248352,-0.8315605544054849
UBFC_PHYS_s13_T2_ctrl,4,12,4.4,1.0777287483215332,-0.8782418206468953
UBFC_PHYS_s13_T2_ctrl,4,13,4.433333333333334,1.0637571811676025,-0.8871906780482731
UBFC_PHYS_s13_T2_ctrl,4,14,4.466666666666667,0.9722801446914673,-0.8529301285414418
UBFC_PHYS_s13_T2_ctrl,4,15,4.5,0.8738205432891846,-0.7791485066626483
UBFC_PHYS_s13_T2_ctrl,4,16,4.533333333333333,0.8639416694641113,-0.6771188796345518
UBFC_PHYS_s13_T2_ctrl,4,17,4.566666666666666,0.9362079501152039,-0.5602097556560915
UBFC_PHYS_s13_T2_ctrl,4,18,4.6,1.0115453004837036,-0.43759834089128585
UBFC_PHYS_s13_T2_ctrl,4,19,4.633333333333334,1.0366182327270508,-0.3114027943577754
UBFC_PHYS_s13_T2_ctrl,4,20,4.666666666666667,1.0223171710968018,-0.17910920305043346
UBFC_PHYS_s13_T2_ctrl,4,21,4.7,1.015845537185669,-0.03926254913469558
UBFC_PHYS_s13_T2_ctrl,4,22,4.733333333333333,1.0573810338974,0.10393812055778599
UBFC_PHYS_s13_T2_ctrl,4,23,4.766666666666667,1.1424754858016968,0.24062995861384168
UBFC_PHYS_s13_T2_ctrl,4,24,4.8,1.230123519897461,0.3598858007808594
UBFC_PHYS_s13_T2_ctrl,4,25,4.833333333333333,1.3001656532287598,0.4555875997751537
UBFC_PHYS_s13_T2_ctrl,4,26,4.866666666666666,1.3563910722732544,0.5295247857405643
UBFC_PHYS_s13_T2_ctrl,4,27,4.9,1.3935011625289917,0.5897876124083723
UBFC_PHYS_s13_T2_ctrl,4,28,4.933333333333334,1.4192924499511719,0.645776692460654
UBFC_PHYS_s13_T2_ctrl,4,29,4.966666666666667,1.4960566759109497,0.703097422186113
UBFC_PHYS_s13_T2_ctrl,4,30,5.0,1.6893740892410278,0.7609447535624032
UBFC_PHYS_s13_T2_ctrl,4,31,5.033333333333333,1.9490891695022583,0.8125370577635398
UBFC_PHYS_s13_T2_ctrl,4,32,5.066666666666666,2.0605151653289795,0.8476511782993675
UBFC_PHYS_s13_T2_ctrl,4,33,5.1,1.838882327079773,0.8559115916908088
UBFC_PHYS_s13_T2_ctrl,4,34,5.133333333333334,1.3636733293533325,0.8297949488070702
UBFC_PHYS_s13_T2_ctrl,4,35,5.166666666666667,0.8877261877059937,0.7667431666742882
UBFC_PHYS_s13_T2_ctrl,4,36,5.2,0.5068511366844177,0.6699868134160312
UBFC_PHYS_s13_T2_ctrl,4,37,5.233333333333333,0.1423761248588562,0.5478336099193769
UBFC_PHYS_s13_T2_ctrl,4,38,5.266666666666667,-0.18598055839538574,0.4115483793292456
UBFC_PHYS_s13_T2_ctrl,4,39,5.3,-0.37372922897338867,0.2724593972745779
UBFC_PHYS_s13_T2_ctrl,4,40,5.333333333333333,-0.4776258170604706,0.139282205090065
UBFC_PHYS_s13_T2_ctrl,4,41,5.366666666666666,-0.6458242535591125,0.016601454582433596
UBFC_PHYS_s13_T2_ctrl,4,42,5.4,-0.8944675922393799,-0.09505342991729904
UBFC_PHYS_s13_T2_ctrl,4,43,5.433333333333334,-1.090302586555481,-0.1977950726726758
UBFC_PHYS_s13_T2_ctrl,4,44,5.466666666666667,-1.1022343635559082,-0.2943901461553177
UBFC_PHYS_s13_T2_ctrl,4,45,5.5,-0.9797102212905884,-0.3865441919984004
UBFC_PHYS_s13_T2_ctrl,4,46,5.533333333333333,-0.9998008608818054,-0.4739896783994119
UBFC_PHYS_s13_T2_ctrl,4,47,5.566666666666666,-1.289202094078064,-0.5544921188803359
UBFC_PHYS_s13_T2_ctrl,4,48,5.6,-1.5135270357131958,-0.6246314721832006
UBFC_PHYS_s13_T2_ctrl,4,49,5.633333333333334,-1.3113521337509155,-0.6810312638690657
UBFC_PHYS_s13_T2_ctrl,4,50,5.666666666666667,-0.8879233598709106,-0.7214910746784704
UBFC_PHYS_s13_T2_ctrl,4,51,5.7,-0.6911624073982239,-0.7454289532107893
UBFC_PHYS_s13_T2_ctrl,4,52,5.733333333333333,-0.7191779613494873,-0.7533566015604385
UBFC_PHYS_s13_T2_ctrl,4,53,5.766666666666667,-0.6303567290306091,-0.7456621562068667
UBFC_PHYS_s13_T2_ctrl,4,54,5.8,-0.33012428879737854,-0.7214373407241362
UBFC_PHYS_s13_T2_ctrl,4,55,5.833333333333333,-0.03394819796085358,-0.6781456827332903
UBFC_PHYS_s13_T2_ctrl,4,56,5.866666666666666,0.06564159691333771,-0.6124903975323193
UBFC_PHYS_s13_T2_ctrl,4,57,5.9,-0.03532887250185013,-0.5221570995574072
UBFC_PHYS_s13_T2_ctrl,4,58,5.933333333333334,-0.17622357606887817,-0.4075753030420972
UBFC_PHYS_s13_T2_ctrl,4,59,5.966666666666667,-0.1089923083782196,-0.2727525594335734
UBFC_PHYS_s13_T2_ctrl,4,60,6.0,0.384982705116272,-0.12466646751063686
UBFC_PHYS_s13_T2_ctrl,4,61,6.033333333333333,1.2042664289474487,0.028514015659955996
UBFC_PHYS_s13_T2_ctrl,4,62,6.066666666666666,1.8020490407943726,0.17937393324431705
UBFC_PHYS_s13_T2_ctrl,4,63,6.1,1.8232533931732178,0.3222368199875218
UBFC_PHYS_s13_T2_ctrl,4,64,6.133333333333334,1.4963630437850952,0.452752610748597
UBFC_PHYS_s13_T2_ctrl,4,65,6.166666666666667,1.1475335359573364,0.5666387268741161
UBFC_PHYS_s13_T2_ctrl,4,66,6.2,0.7131021618843079,0.6586840126796456
UBFC_PHYS_s13_T2_ctrl,4,67,6.233333333333333,0.12860563397407532,0.7229454629897688
UBFC_PHYS_s13_T2_ctrl,4,68,6.266666666666667,-0.24677307903766632,0.7542908821307481
UBFC_PHYS_s13_T2_ctrl,4,69,6.3,-0.17809522151947021,0.7505564767214878
UBFC_PHYS_s13_T2_ctrl,4,70,6.333333333333333,-0.033173833042383194,0.7141223558937796
UBFC_PHYS_s13_T2_ctrl,4,71,6.366666666666666,-0.15349681675434113,0.6519033736188653
UBFC_PHYS_s13_T2_ctrl,4,72,6.4,-0.40304961800575256,0.5735101550879546
UBFC_PHYS_s13_T2_ctrl,4,73,6.433333333333334,-0.5709613561630249,0.48826779716548996
UBFC_PHYS_s13_T2_ctrl,4,74,6.466666666666667,-0.6626691222190857,0.40240025803587703
UBFC_PHYS_s13_T2_ctrl,4,75,6.5,-0.7109729647636414,0.3176341811486641
UBFC_PHYS_s13_T2_ctrl,4,76,6.533333333333333,-0.7346652150154114,0.23172789157686938
UBFC_PHYS_s13_T2_ctrl,4,77,6.566666666666666,-0.779881477355957,0.14042702819273437
UBFC_PHYS_s13_T2_ctrl,4,78,6.6,-0.8202769160270691,0.03969293718797282
UBFC_PHYS_s13_T2_ctrl,4,79,6.633333333333334,-0.8101311326026917,-0.0728321999770723
UBFC_PHYS_s13_T2_ctrl,4,80,6.666666666666667,-0.7661175727844238,-0.19733890706077842
UBFC_PHYS_s13_T2_ctrl,4,81,6.7,-0.6449872851371765,-0.3317362719941265
UBFC_PHYS_s13_T2_ctrl,4,82,6.733333333333333,-0.3450349271297455,-0.47117953314770483
UBFC_PHYS_s13_T2_ctrl,4,83,6.766666666666667,0.016250358894467354,-0.6071466130695503
UBFC_PHYS_s13_T2_ctrl,4,84,6.8,0.14840298891067505,-0.7268660211732366
UBFC_PHYS_s13_T2_ctrl,4,85,6.833333333333333,0.05332426726818085,-0.8142624449325442
UBFC_PHYS_s13_T2_ctrl,4,86,6.866666666666666,-0.041372206062078476,-0.8529867309260158
UBFC_PHYS_s13_T2_ctrl,4,87,6.9,-0.09812155365943909,-0.8309678446180945
UBFC_PHYS_s13_T2_ctrl,4,88,6.933333333333334,-0.19978401064872742,-0.7449847018451119
UBFC_PHYS_s13_T2_ctrl,4,89,6.966666666666667,-0.27020499110221863,-0.6033334010858569
UBFC_PHYS_s13_T2_ctrl,4,90,7.0,-0.22890669107437134,-0.42494473397201843
UBFC_PHYS_s13_T2_ctrl,4,91,7.033333333333333,-0.17659921944141388,-0.23459142248690154
UBFC_PHYS_s13_T2_ctrl,4,92,7.066666666666666,-0.21957477927207947,-0.05583776402669343
UBFC_PHYS_s13_T2_ctrl,4,93,7.1,-0.3550456464290619,0.09523319817654478
UBFC_PHYS_s13_T2_ctrl,4,94,7.133333333333334,-0.5237383842468262,0.21287696624929225
UBFC_PHYS_s13_T2_ctrl,4,95,7.166666666666667,-0.6130571365356445,0.3003508107295412
UBFC_PHYS_s13_T2_ctrl,4,96,7.2,-0.540586531162262,0.3657012492407703
UBFC_PHYS_s13_T2_ctrl,4,97,7.233333333333333,-0.3981068730354309,0.41707132049100576
UBFC_PHYS_s13_T2_ctrl,4,98,7.266666666666667,-0.39533892273902893,0.4594725208666564
UBFC_PHYS_s13_T2_ctrl,4,99,7.3,-0.6098542213439941,0.4937228818923906
UBFC_PHYS_s13_T2_ctrl,4,100,7.333333333333333,-0.8418569564819336,0.5172467148305817
UBFC_PHYS_s13_T2_ctrl,4,101,7.366666666666666,-0.80488520860672,0.5259743616673156
UBFC_PHYS_s13_T2_ctrl,4,102,7.4,-0.45308011770248413,0.516513017598795
UBFC_PHYS_s13_T2_ctrl,4,103,7.433333333333334,-0.014190384186804295,0.4878937086092377
UBFC_PHYS_s13_T2_ctrl,4,104,7.466666666666667,0.2967216968536377,0.44241190350381027
UBFC_PHYS_s13_T2_ctrl,4,105,7.5,0.41038843989372253,0.3853489003725045
UBFC_PHYS_s13_T2_ctrl,4,106,7.533333333333333,0.37203601002693176,0.3236894308873638
UBFC_PHYS_s13_T2_ctrl,4,107,7.566666666666666,0.3503439426422119,0.26426220617014895
UBFC_PHYS_s13_T2_ctrl,4,108,7.6,0.4518778622150421,0.21191437308845026
UBFC_PHYS_s13_T2_ctrl,4,109,7.633333333333334,0.5812954902648926,0.16830686705835993
UBFC_PHYS_s13_T2_ctrl,4,110,7.666666666666667,0.610141396522522,0.1316839539419549
UBFC_PHYS_s13_T2_ctrl,4,111,7.7,0.557425320148468,0.09763818287743259
UBFC_PHYS_s13_T2_ctrl,4,112,7.733333333333333,0.5119026303291321,0.06059930414094064
UBFC_PHYS_s13_T2_ctrl,4,113,7.766666666666667,0.5126407146453857,0.015598213078640077
UBFC_PHYS_s13_T2_ctrl,4,114,7.8,0.5397204160690308,-0.040194161136180226
UBFC_PHYS_s13_T2_ctrl,4,115,7.833333333333333,0.547450840473175,-0.10661284909720464
UBFC_PHYS_s13_T2_ctrl,4,116,7.866666666666666,0.47829851508140564,-0.18065892633049344
UBFC_PHYS_s13_T2_ctrl,4,117,7.9,0.3076484501361847,-0.2576989222930482
UBFC_PHYS_s13_T2_ctrl,4,118,7.933333333333334,0.10759894549846649,-0.33327118597905314
UBFC_PHYS_s13_T2_ctrl,4,119,7.966666666666667,-0.017716212198138237,-0.4047298666276378
UBFC_PHYS_s13_T2_ctrl,4,120,8.0,-0.07449521124362946,-0.4719866769560409
UBFC_PHYS_s13_T2_ctrl,4,121,8.033333333333333,-0.14499199390411377,-0.5369417396349262
UBFC_PHYS_s13_T2_ctrl,4,122,8.066666666666666,-0.2234070599079132,-0.6016429195501799
UBFC_PHYS_s13_T2_ctrl,4,123,8.1,-0.2405320256948471,-0.6656936093392926
UBFC_PHYS_s13_T2_ctrl,4,124,8.133333333333333,-0.18036888539791107,-0.7238609831214502
UBFC_PHYS_s13_T2_ctrl,4,125,8.166666666666666,-0.08652257174253464,-0.7650413389809813
UBFC_PHYS_s13_T2_ctrl,4,126,8.2,-0.016121352091431618,-0.77351560510747
UBFC_PHYS_s13_T2_ctrl,4,127,8.233333333333333,-0.0035601789131760597,-0.7326695950521176
UBFC_PHYS_s13_T2_ctrl,4,128,8.266666666666667,-0.0177755244076252,-0.630241257691213
UBFC_PHYS_s13_T2_ctrl,4,129,8.3,0.005705827381461859,-0.46326041349366504
UBFC_PHYS_s13_T2_ctrl,4,130,8.333333333333334,0.05739380046725273,-0.2407299710567533
UBFC_PHYS_s13_T2_ctrl,4,131,8.366666666666667,0.07558640837669373,0.017096584874052273
UBFC_PHYS_s13_T2_ctrl,4,132,8.4,0.0518019013106823,0.2826163278225433
UBFC_PHYS_s13_T2_ctrl,4,133,8.433333333333334,0.008944975212216377,0.526571072207495
UBFC_PHYS_s13_T2_ctrl,4,134,8.466666666666667,-0.08586683124303818,0.7237859697066177
UBFC_PHYS_s13_T2_ctrl,4,135,8.5,-0.25861260294914246,0.8575117791542612
UBFC_PHYS_s13_T2_ctrl,4,136,8.533333333333333,-0.4364856481552124,0.9215031569153453
UBFC_PHYS_s13_T2_ctrl,4,137,8.566666666666666,-0.5361018180847168,0.9196231502361076
UBFC_PHYS_s13_T2_ctrl,4,138,8.6,-0.5501556992530823,0.8634222302622678
UBFC_PHYS_s13_T2_ctrl,4,139,8.633333333333333,-0.523504376411438,0.768616330755618
UBFC_PHYS_s13_T2_ctrl,4,140,8.666666666666666,-0.5351428985595703,0.6515167540412612
UBFC_PHYS_s13_T2_ctrl,4,141,8.7,-0.645679235458374,0.5262227401570303
UBFC_PHYS_s13_T2_ctrl,4,142,8.733333333333333,-0.8137953281402588,0.4029373154552068
UBFC_PHYS_s13_T2_ctrl,4,143,8.766666666666667,-0.9334955215454102,0.2874437048020651
UBFC_PHYS_s13_T2_ctrl,4,144,8.8,-0.9679860472679138,0.18171513268701012
UBFC_PHYS_s13_T2_ctrl,4,145,8.833333333333334,-0.9288328886032104,0.08547577313358537
UBFC_PHYS_s13_T2_ctrl,4,146,8.866666666666667,-0.7578005790710449,-0.001928478573057165
UBFC_PHYS_s13_T2_ctrl,4,147,8.9,-0.42995792627334595,-0.08027616545918828
UBFC_PHYS_s13_T2_ctrl,4,148,8.933333333333334,-0.11082771420478821,-0.14840885228197712
UBFC_PHYS_s13_T2_ctrl,4,149,8.966666666666667,-0.009695777669548988,-0.2052201780399874
UBFC_PHYS_s13_T2_ctrl,4,150,9.0,-0.1569402664899826,-0.25101262811376135
UBFC_PHYS_s13_T2_ctrl,4,151,9.033333333333333,-0.4141642153263092,-0.2884252764416151
UBFC_PHYS_s13_T2_ctrl,4,152,9.066666666666666,-0.5718312859535217,-0.3224098945572223
UBFC_PHYS_s13_T2_ctrl,4,153,9.1,-0.492592453956604,-0.3591777219222257
UBFC_PHYS_s13_T2_ctrl,4,154,9.133333333333333,-0.19570130109786987,-0.40441119572574635
UBFC_PHYS_s13_T2_ctrl,4,155,9.166666666666666,0.22399738430976868,-0.46121072162435683
UBFC_PHYS_s13_T2_ctrl,4,156,9.2,0.6457720398902893,-0.5282507183981406
UBFC_PHYS_s13_T2_ctrl,4,157,9.233333333333333,0.8589296936988831,-0.5985952851672829
UBFC_PHYS_s13_T2_ctrl,4,158,9.266666666666667,0.6746969819068909,-0.6596531396775659
UBFC_PHYS_s13_T2_ctrl,4,159,9.3,0.1946275681257248,-0.6947099243753919
UBFC_PHYS_s13_T2_ctrl,4,160,9.333333333333334,-0.24892482161521912,-0.6861900387537446
UBFC_PHYS_s13_T2_ctrl,4,161,9.366666666666667,-0.48404479026794434,-0.6202382322608307
UBFC_PHYS_s13_T2_ctrl,4,162,9.4,-0.6199769973754883,-0.4915122024633932
UBFC_PHYS_s13_T2_ctrl,4,163,9.433333333333334,-0.6787627339363098,-0.30651746338581753
UBFC_PHYS_s13_T2_ctrl,4,164,9.466666666666667,-0.44063428044319153,-0.08378462005679714
UBFC_PHYS_s13_T2_ctrl,4,165,9.5,0.1469399333000183,0.14991345646624635
UBFC_PHYS_s13_T2_ctrl,4,166,9.533333333333333,0.7738649845123291,0.3663929324734587
UBFC_PHYS_s13_T2_ctrl,4,167,9.566666666666666,1.1422547101974487,0.5434730482275238
UBFC_PHYS_s13_T2_ctrl,4,168,9.6,1.23227858543396,0.670126884836387
UBFC_PHYS_s13_T2_ctrl,4,169,9.633333333333333,1.1793285608291626,0.7474983946958299
UBFC_PHYS_s13_T2_ctrl,4,170,9.666666666666666,1.0539178848266602,0.7857142553660699
UBFC_PHYS_s13_T2_ctrl,4,171,9.7,0.7827355861663818,0.798137742401205
UBFC_PHYS_s13_T2_ctrl,4,172,9.733333333333333,0.3154810667037964,0.7955508832509856
UBFC_PHYS_s13_T2_ctrl,4,173,9.766666666666667,-0.28184351325035095,0.7824445870721269
UBFC_PHYS_s13_T2_ctrl,4,174,9.8,-0.9013280868530273,0.7564278843333302
UBFC_PHYS_s13_T2_ctrl,4,175,9.833333333333334,-1.3742074966430664,0.7104253105362885
UBFC_PHYS_s13_T2_ctrl,4,176,9.866666666666667,-1.5423598289489746,0.6364485777064782
UBFC_PHYS_s13_T2_ctrl,4,177,9.9,-1.4776723384857178,0.5294741609182025
UBFC_PHYS_s13_T2_ctrl,4,178,9.933333333333334,-1.3747248649597168,0.3901930704713604
UBFC_PHYS_s13_T2_ctrl,4,179,9.966666666666667,-1.2482662200927734,0.2259236621721978
UBFC_PHYS_s13_T2_ctrl,4,180,10.0,-1.045498251914978,0.04958745088985351
UBFC_PHYS_s13_T2_ctrl,4,181,10.033333333333333,-0.9447320103645325,-0.12284894762668055
UBFC_PHYS_s13_T2_ctrl,4,182,10.066666666666666,-1.1137806177139282,-0.27577099258142085
UBFC_PHYS_s13_T2_ctrl,4,183,10.1,-1.3517311811447144,-0.3973630835777585
UBFC_PHYS_s13_T2_ctrl,4,184,10.133333333333333,-1.3478296995162964,-0.48235598185192374
UBFC_PHYS_s13_T2_ctrl,4,185,10.166666666666666,-1.1154052019119263,-0.5334654439846107
UBFC_PHYS_s13_T2_ctrl,4,186,10.2,-0.8468590378761292,-0.561122070217107
UBFC_PHYS_s13_T2_ctrl,4,187,10.233333333333333,-0.5583112239837646,-0.5813085691850429
UBFC_PHYS_s13_T2_ctrl,4,188,10.266666666666667,-0.20025192201137543,-0.6115818087797211
UBFC_PHYS_s13_T2_ctrl,4,189,10.3,0.13590770959854126,-0.6658795258276441
UBFC_PHYS_s13_T2_ctrl,4,190,10.333333333333334,0.4124808609485626,-0.7494571935917792
UBFC_PHYS_s13_T2_ctrl,4,191,10.366666666666667,0.7430189847946167,-0.8556528601659804
UBFC_PHYS_s13_T2_ctrl,4,192,10.4,1.1460968255996704,-0.9656905216277145
UBFC_PHYS_s13_T2_ctrl,4,193,10.433333333333334,1.4145573377609253,-1.0518356517396468
UBFC_PHYS_s13_T2_ctrl,4,194,10.466666666666667,1.3523313999176025,-1.0834651893700942
UBFC_PHYS_s13_T2_ctrl,4,195,10.5,1.0398969650268555,-1.034920216404068
UBFC_PHYS_s13_T2_ctrl,4,196,10.533333333333333,0.7357531189918518,-0.8932030265501929
UBFC_PHYS_s13_T2_ctrl,4,197,10.566666666666666,0.5671395063400269,-0.6630068697105622
UBFC_PHYS_s13_T2_ctrl,4,198,10.6,0.4809906780719757,-0.36682626069111945
UBFC_PHYS_s13_T2_ctrl,4,199,10.633333333333333,0.37980929017066956,-0.03941239696249577
UBFC_PHYS_s13_T2_ctrl,4,200,10.666666666666666,0.15336550772190094,0.2817086807013498
UBFC_PHYS_s13_T2_ctrl,4,201,10.7,-0.2518014907836914,0.5659277334785053
UBFC_PHYS_s13_T2_ctrl,4,202,10.733333333333333,-0.7234913110733032,0.7955412347387681
UBFC_PHYS_s13_T2_ctrl,4,203,10.766666666666667,-1.1035853624343872,0.9660352621127535
UBFC_PHYS_s13_T2_ctrl,4,204,10.8,-1.3038655519485474,1.0816779020963734
UBFC_PHYS_s13_T2_ctrl,4,205,10.833333333333334,-1.3288495540618896,1.14958839747755
UBFC_PHYS_s13_T2_ctrl,4,206,10.866666666666667,-1.2448458671569824,1.1753779308004135
UBFC_PHYS_s13_T2_ctrl,4,207,10.9,-1.0977331399917603,1.1617396927067734
UBFC_PHYS_s13_T2_ctrl,4,208,10.933333333333334,-0.902949333190918,1.1094960915396193
UBFC_PHYS_s13_T2_ctrl,4,209,10.966666666666667,-0.6813395619392395,1.0196461758389372
UBFC_PHYS_s13_T2_ctrl,4,210,11.0,-0.45859622955322266,0.8951339065478092
UBFC_PHYS_s13_T2_ctrl,4,211,11.033333333333333,-0.24777480959892273,0.7417484727115653
UBFC_PHYS_s13_T2_ctrl,4,212,11.066666666666666,-0.05120498314499855,0.5680547281054387
UBFC_PHYS_s13_T2_ctrl,4,213,11.1,0.11561278998851776,0.3844982371760708
UBFC_PHYS_s13_T2_ctrl,4,214,11.133333333333333,0.22830745577812195,0.2020488608623207
UBFC_PHYS_s13_T2_ctrl,4,215,11.166666666666666,0.27835115790367126,0.030865110098782796
UBFC_PHYS_s13_T2_ctrl,4,216,11.2,0.28358715772628784,-0.12065739118747608
UBFC_PHYS_s13_T2_ctrl,4,217,11.233333333333333,0.2711116671562195,-0.24637321942877696
UBFC_PHYS_s13_T2_ctrl,4,218,11.266666666666667,0.2569721043109894,-0.34259286637478564
UBFC_PHYS_s13_T2_ctrl,4,219,11.3,0.242176815867424,-0.40827236311066295
UBFC_PHYS_s13_T2_ctrl,4,220,11.333333333333334,0.22403033077716827,-0.44529787726619874
UBFC_PHYS_s13_T2_ctrl,4,221,11.366666666666667,0.20518527925014496,-0.45867051024857564
UBFC_PHYS_s13_T2_ctrl,4,222,11.4,0.1907919943332672,-0.4561475300365692
UBFC_PHYS_s13_T2_ctrl,4,223,11.433333333333334,0.17950604856014252,-0.44696476285338105
UBFC_PHYS_s13_T2_ctrl,4,224,11.466666666666667,0.16455918550491333,-0.43972511995998825
UBFC_PHYS_s13_T2_ctrl,4,225,11.5,0.14778019487857819,-0.4401037167396058
UBFC_PHYS_s13_T2_ctrl,4,226,11.533333333333333,0.14382599294185638,-0.4492759299064862
UBFC_PHYS_s13_T2_ctrl,4,227,11.566666666666666,0.15864107012748718,-0.46366850046141594
UBFC_PHYS_s13_T2_ctrl,4,228,11.6,0.1811239868402481,-0.47592288124659005
UBFC_PHYS_s13_T2_ctrl,4,229,11.633333333333333,0.20436808466911316,-0.476504682343051
UBFC_PHYS_s13_T2_ctrl,4,230,11.666666666666666,0.241807758808136,-0.45561683159474936
UBFC_PHYS_s13_T2_ctrl,4,231,11.7,0.3042874038219452,-0.4055229372510094
UBFC_PHYS_s13_T2_ctrl,4,232,11.733333333333333,0.37794095277786255,-0.3233679750424144
UBFC_PHYS_s13_T2_ctrl,4,233,11.766666666666667,0.4467242360115051,-0.21390295051140024
UBFC_PHYS_s13_T2_ctrl,4,234,11.8,0.5233895778656006,-0.09062317205634794
UBFC_PHYS_s13_T2_ctrl,4,235,11.833333333333334,0.6389082074165344,0.02633487376214254
UBFC_PHYS_s13_T2_ctrl,4,236,11.866666666666667,0.8107214570045471,0.11598717414393281
UBFC_PHYS_s13_T2_ctrl,4,237,11.9,0.9979230761528015,0.16426438154023956
UBFC_PHYS_s13_T2_ctrl,4,238,11.933333333333334,1.1028048992156982,0.17016275918705148
UBFC_PHYS_s13_T2_ctrl,4,239,11.966666666666667,1.077817678451538,0.14677906849614175
UBFC_PHYS_s13_T2_ctrl,5,0,5.0,1.6893740892410278,0.08380031311992396
UBFC_PHYS_s13_T2_ctrl,5,1,5.033333333333333,1.9490891695022583,0.18375627613111745
UBFC_PHYS_s13_T2_ctrl,5,2,5.066666666666666,2.0605151653289795,0.28347811235008225
UBFC_PHYS_s13_T2_ctrl,5,3,5.1,1.838882327079773,0.3812240771632595
UBFC_PHYS_s13_T2_ctrl,5,4,5.133333333333334,1.3636733293533325,0.4730157058389541
UBFC_PHYS_s13_T2_ctrl,5,5,5.166666666666667,0.8877261877059937,0.553344354053753
UBFC_PHYS_s13_T2_ctrl,5,6,5.2,0.5068511366844177,0.6168528362924415
UBFC_PHYS_s13_T2_ctrl,5,7,5.233333333333333,0.1423761248588562,0.6598719867260867
UBFC_PHYS_s13_T2_ctrl,5,8,5.266666666666667,-0.18598055839538574,0.680903179478394
UBFC_PHYS_s13_T2_ctrl,5,9,5.3,-0.37372922897338867,0.6799526216963779
UBFC_PHYS_s13_T2_ctrl,5,10,5.333333333333333,-0.4776258170604706,0.6573524553444716
UBFC_PHYS_s13_T2_ctrl,5,11,5.366666666666666,-0.6458242535591125,0.6129275251526293
UBFC_PHYS_s13_T2_ctrl,5,12,5.4,-0.8944675922393799,0.5460348191010022
UBFC_PHYS_s13_T2_ctrl,5,13,5.433333333333334,-1.090302586555481,0.45639365227129086
UBFC_PHYS_s13_T2_ctrl,5,14,5.466666666666667,-1.1022343635559082,0.34513577936781525
UBFC_PHYS_s13_T2_ctrl,5,15,5.5,-0.9797102212905884,0.2154092537295204
UBFC_PHYS_s13_T2_ctrl,5,16,5.533333333333333,-0.9998008608818054,0.0721711974755023
UBFC_PHYS_s13_T2_ctrl,5,17,5.566666666666666,-1.289202094078064,-0.07881079961971027
UBFC_PHYS_s13_T2_ctrl,5,18,5.6,-1.5135270357131958,-0.23249057316944047
UBFC_PHYS_s13_T2_ctrl,5,19,5.633333333333334,-1.3113521337509155,-0.38605756361104526
UBFC_PHYS_s13_T2_ctrl,5,20,5.666666666666667,-0.8879233598709106,-0.5394791294992246
UBFC_PHYS_s13_T2_ctrl,5,21,5.7,-0.6911624073982239,-0.6941956197464055
UBFC_PHYS_s13_T2_ctrl,5,22,5.733333333333333,-0.7191779613494873,-0.8500426338190986
UBFC_PHYS_s13_T2_ctrl,5,23,5.766666666666667,-0.6303567290306091,-1.0016847267542575
UBFC_PHYS_s13_T2_ctrl,5,24,5.8,-0.33012428879737854,-1.1364210681710611
UBFC_PHYS_s13_T2_ctrl,5,25,5.833333333333333,-0.03394819796085358,-1.2348312986776622
UBFC_PHYS_s13_T2_ctrl,5,26,5.866666666666666,0.06564159691333771,-1.2745748636646075
UBFC_PHYS_s13_T2_ctrl,5,27,5.9,-0.03532887250185013,-1.2362898599833074
UBFC_PHYS_s13_T2_ctrl,5,28,5.933333333333334,-0.17622357606887817,-1.1095742366838874
UBFC_PHYS_s13_T2_ctrl,5,29,5.966666666666667,-0.1089923083782196,-0.896864497861787
UBFC_PHYS_s13_T2_ctrl,5,30,6.0,0.384982705116272,-0.6137443386263358
UBFC_PHYS_s13_T2_ctrl,5,31,6.033333333333333,1.2042664289474487,-0.28559627080996397
UBFC_PHYS_s13_T2_ctrl,5,32,6.066666666666666,1.8020490407943726,0.05799959248520579
UBFC_PHYS_s13_T2_ctrl,5,33,6.1,1.8232533931732178,0.3889180247372436
UBFC_PHYS_s13_T2_ctrl,5,34,6.133333333333334,1.4963630437850952,0.6843713155646944
UBFC_PHYS_s13_T2_ctrl,5,35,6.166666666666667,1.1475335359573364,0.928443200683975
UBFC_PHYS_s13_T2_ctrl,5,36,6.2,0.7131021618843079,1.1119646051587178
UBFC_PHYS_s13_T2_ctrl,5,37,6.233333333333333,0.12860563397407532,1.2318227823524328
UBFC_PHYS_s13_T2_ctrl,5,38,6.266666666666667,-0.24677307903766632,1.2901404205443405
UBFC_PHYS_s13_T2_ctrl,5,39,6.3,-0.17809522151947021,1.293054695035237
UBFC_PHYS_s13_T2_ctrl,5,40,6.333333333333333,-0.033173833042383194,1.2489687628195953
UBFC_PHYS_s13_T2_ctrl,5,41,6.366666666666666,-0.15349681675434113,1.166702833044031
UBFC_PHYS_s13_T2_ctrl,5,42,6.4,-0.40304961800575256,1.0541271011409954
UBFC_PHYS_s13_T2_ctrl,5,43,6.433333333333334,-0.5709613561630249,0.9175473948218089
UBFC_PHYS_s13_T2_ctrl,5,44,6.466666666666667,-0.6626691222190857,0.7617032316698557
UBFC_PHYS_s13_T2_ctrl,5,45,6.5,-0.7109729647636414,0.590038726294146
UBFC_PHYS_s13_T2_ctrl,5,46,6.533333333333333,-0.7346652150154114,0.405008576912908
UBFC_PHYS_s13_T2_ctrl,5,47,6.566666666666666,-0.779881477355957,0.20837966723233756
UBFC_PHYS_s13_T2_ctrl,5,48,6.6,-0.8202769160270691,0.0015758551721293968
UBFC_PHYS_s13_T2_ctrl,5,49,6.633333333333334,-0.8101311326026917,-0.21384058389999505
UBFC_PHYS_s13_T2_ctrl,5,50,6.666666666666667,-0.7661175727844238,-0.4353645171408543
UBFC_PHYS_s13_T2_ctrl,5,51,6.7,-0.6449872851371765,-0.6582535178877632
UBFC_PHYS_s13_T2_ctrl,5,52,6.733333333333333,-0.3450349271297455,-0.8738837665527573
UBFC_PHYS_s13_T2_ctrl,5,53,6.766666666666667,0.016250358894467354,-1.0684328012858288
UBFC_PHYS_s13_T2_ctrl,5,54,6.8,0.14840298891067505,-1.2230158241866251
UBFC_PHYS_s13_T2_ctrl,5,55,6.833333333333333,0.05332426726818085,-1.3162880725126596
UBFC_PHYS_s13_T2_ctrl,5,56,6.866666666666666,-0.041372206062078476,-1.3296102583832572
UBFC_PHYS_s13_T2_ctrl,5,57,6.9,-0.09812155365943909,-1.2535017921927973
UBFC_PHYS_s13_T2_ctrl,5,58,6.933333333333334,-0.19978401064872742,-1.0929606414796798
UBFC_PHYS_s13_T2_ctrl,5,59,6.966666666666667,-0.27020499110221863,-0.8689554077691622
UBFC_PHYS_s13_T2_ctrl,5,60,7.0,-0.22890669107437134,-0.6144118968854252
UBFC_PHYS_s13_T2_ctrl,5,61,7.033333333333333,-0.17659921944141388,-0.3653394757291121
UBFC_PHYS_s13_T2_ctrl,5,62,7.066666666666666,-0.21957477927207947,-0.150476167858176
UBFC_PHYS_s13_T2_ctrl,5,63,7.1,-0.3550456464290619,0.0160014336487267
UBFC_PHYS_s13_T2_ctrl,5,64,7.133333333333334,-0.5237383842468262,0.13576280249591455
UBFC_PHYS_s13_T2_ctrl,5,65,7.166666666666667,-0.6130571365356445,0.22185304222929636
UBFC_PHYS_s13_T2_ctrl,5,66,7.2,-0.540586531162262,0.2913430466536812
UBFC_PHYS_s13_T2_ctrl,5,67,7.233333333333333,-0.3981068730354309,0.3586821163765192
UBFC_PHYS_s13_T2_ctrl,5,68,7.266666666666667,-0.39533892273902893,0.4320495590567699
UBFC_PHYS_s13_T2_ctrl,5,69,7.3,-0.6098542213439941,0.5129484009806555
UBFC_PHYS_s13_T2_ctrl,5,70,7.333333333333333,-0.8418569564819336,0.597865333015827
UBFC_PHYS_s13_T2_ctrl,5,71,7.366666666666666,-0.80488520860672,0.6804967242862459
UBFC_PHYS_s13_T2_ctrl,5,72,7.4,-0.45308011770248413,0.7535324798134649
UBFC_PHYS_s13_T2_ctrl,5,73,7.433333333333334,-0.014190384186804295,0.8097580237125592
UBFC_PHYS_s13_T2_ctrl,5,74,7.466666666666667,0.2967216968536377,0.842780207464664
UBFC_PHYS_s13_T2_ctrl,5,75,7.5,0.41038843989372253,0.8477929883068641
UBFC_PHYS_s13_T2_ctrl,5,76,7.533333333333333,0.37203601002693176,0.8225262910468825
UBFC_PHYS_s13_T2_ctrl,5,77,7.566666666666666,0.3503439426422119,0.7680685141164247
UBFC_PHYS_s13_T2_ctrl,5,78,7.6,0.4518778622150421,0.6889328563550794
UBFC_PHYS_s13_T2_ctrl,5,79,7.633333333333334,0.5812954902648926,0.5918965595348423
UBFC_PHYS_s13_T2_ctrl,5,80,7.666666666666667,0.610141396522522,0.4838301047412771
UBFC_PHYS_s13_T2_ctrl,5,81,7.7,0.557425320148468,0.36947839278440525
UBFC_PHYS_s13_T2_ctrl,5,82,7.733333333333333,0.5119026303291321,0.2503703964593181
UBFC_PHYS_s13_T2_ctrl,5,83,7.766666666666667,0.5126407146453857,0.12547734479083839
UBFC_PHYS_s13_T2_ctrl,5,84,7.8,0.5397204160690308,-0.006826794651070574
UBFC_PHYS_s13_T2_ctrl,5,85,7.833333333333333,0.547450840473175,-0.14678914266193838
UBFC_PHYS_s13_T2_ctrl,5,86,7.866666666666666,0.47829851508140564,-0.2925420529590321
UBFC_PHYS_s13_T2_ctrl,5,87,7.9,0.3076484501361847,-0.44095034514217474
UBFC_PHYS_s13_T2_ctrl,5,88,7.933333333333334,0.10759894549846649,-0.5891952829471492
UBFC_PHYS_s13_T2_ctrl,5,89,7.966666666666667,-0.017716212198138237,-0.735763067832944
UBFC_PHYS_s13_T2_ctrl,5,90,8.0,-0.07449521124362946,-0.8801315188203058
UBFC_PHYS_s13_T2_ctrl,5,91,8.033333333333333,-0.14499199390411377,-1.0213078125661914
UBFC_PHYS_s13_T2_ctrl,5,92,8.066666666666666,-0.2234070599079132,-1.1556249690174678
UBFC_PHYS_s13_T2_ctrl,5,93,8.1,-0.2405320256948471,-1.2743375064799616
UBFC_PHYS_s13_T2_ctrl,5,94,8.133333333333333,-0.18036888539791107,-1.362126374338438
UBFC_PHYS_s13_T2_ctrl,5,95,8.166666666666666,-0.08652257174253464,-1.3979963763297247
UBFC_PHYS_s13_T2_ctrl,5,96,8.2,-0.016121352091431618,-1.3593970763864796
UBFC_PHYS_s13_T2_ctrl,5,97,8.233333333333333,-0.0035601789131760597,-1.228822781474006
UBFC_PHYS_s13_T2_ctrl,5,98,8.266666666666667,-0.0177755244076252,-1.0005113352719233
UBFC_PHYS_s13_T2_ctrl,5,99,8.3,0.005705827381461859,-0.6843129840774078
UBFC_PHYS_s13_T2_ctrl,5,100,8.333333333333334,0.05739380046725273,-0.30491199925681794
UBFC_PHYS_s13_T2_ctrl,5,101,8.366666666666667,0.07558640837669373,0.1033271497320051
UBFC_PHYS_s13_T2_ctrl,5,102,8.4,0.0518019013106823,0.5037830681218562
UBFC_PHYS_s13_T2_ctrl,5,103,8.433333333333334,0.008944975212216377,0.8644811180404037
UBFC_PHYS_s13_T2_ctrl,5,104,8.466666666666667,-0.08586683124303818,1.1623803196394031
UBFC_PHYS_s13_T2_ctrl,5,105,8.5,-0.25861260294914246,1.3844554872838775
UBFC_PHYS_s13_T2_ctrl,5,106,8.533333333333333,-0.4364856481552124,1.5263980720801578
UBFC_PHYS_s13_T2_ctrl,5,107,8.566666666666666,-0.5361018180847168,1.5903183419224183
UBFC_PHYS_s13_T2_ctrl,5,108,8.6,-0.5501556992530823,1.5824221721848173
UBFC_PHYS_s13_T2_ctrl,5,109,8.633333333333333,-0.523504376411438,1.5110100476382777
UBFC_PHYS_s13_T2_ctrl,5,110,8.666666666666666,-0.5351428985595703,1.3849909885500469
UBFC_PHYS_s13_T2_ctrl,5,111,8.7,-0.645679235458374,1.2131697850959915
UBFC_PHYS_s13_T2_ctrl,5,112,8.733333333333333,-0.8137953281402588,1.0043687241988717
UBFC_PHYS_s13_T2_ctrl,5,113,8.766666666666667,-0.9334955215454102,0.7680747123545741
UBFC_PHYS_s13_T2_ctrl,5,114,8.8,-0.9679860472679138,0.5150714992013123
UBFC_PHYS_s13_T2_ctrl,5,115,8.833333333333334,-0.9288328886032104,0.2575089389631395
UBFC_PHYS_s13_T2_ctrl,5,116,8.866666666666667,-0.7578005790710449,0.008053023457063421
UBFC_PHYS_s13_T2_ctrl,5,117,8.9,-0.42995792627334595,-0.22182856675827972
UBFC_PHYS_s13_T2_ctrl,5,118,8.933333333333334,-0.11082771420478821,-0.42386034262927563
UBFC_PHYS_s13_T2_ctrl,5,119,8.966666666666667,-0.009695777669548988,-0.5943409203766663
UBFC_PHYS_s13_T2_ctrl,5,120,9.0,-0.1569402664899826,-0.7342101013490295
UBFC_PHYS_s13_T2_ctrl,5,121,9.033333333333333,-0.4141642153263092,-0.8476770079113121
UBFC_PHYS_s13_T2_ctrl,5,122,9.066666666666666,-0.5718312859535217,-0.9399287414312929
UBFC_PHYS_s13_T2_ctrl,5,123,9.1,-0.492592453956604,-1.0148296699500157
UBFC_PHYS_s13_T2_ctrl,5,124,9.133333333333333,-0.19570130109786987,-1.0734698085405807
UBFC_PHYS_s13_T2_ctrl,5,125,9.166666666666666,0.22399738430976868,-1.1139472538685242
UBFC_PHYS_s13_T2_ctrl,5,126,9.2,0.6457720398902893,-1.1321225582011811
UBFC_PHYS_s13_T2_ctrl,5,127,9.233333333333333,0.8589296936988831,-1.1226834900767735
UBFC_PHYS_s13_T2_ctrl,5,128,9.266666666666667,0.6746969819068909,-1.0799711954475928
UBFC_PHYS_s13_T2_ctrl,5,129,9.3,0.1946275681257248,-0.9984777699109139
UBFC_PHYS_s13_T2_ctrl,5,130,9.333333333333334,-0.24892482161521912,-0.873361303616966
UBFC_PHYS_s13_T2_ctrl,5,131,9.366666666666667,-0.48404479026794434,-0.7014602364666871
UBFC_PHYS_s13_T2_ctrl,5,132,9.4,-0.6199769973754883,-0.4830233294846203
UBFC_PHYS_s13_T2_ctrl,5,133,9.433333333333334,-0.6787627339363098,-0.2238028155019437
UBFC_PHYS_s13_T2_ctrl,5,134,9.466666666666667,-0.44063428044319153,0.063423151499779
UBFC_PHYS_s13_T2_ctrl,5,135,9.5,0.1469399333000183,0.3590208703730091
UBFC_PHYS_s13_T2_ctrl,5,136,9.533333333333333,0.7738649845123291,0.6390215286105535
UBFC_PHYS_s13_T2_ctrl,5,137,9.566666666666666,1.1422547101974487,0.879645944074864
UBFC_PHYS_s13_T2_ctrl,5,138,9.6,1.23227858543396,1.0624082795638718
UBFC_PHYS_s13_T2_ctrl,5,139,9.633333333333333,1.1793285608291626,1.1778711691821577
UBFC_PHYS_s13_T2_ctrl,5,140,9.666666666666666,1.0539178848266602,1.2265975047167417
UBFC_PHYS_s13_T2_ctrl,5,141,9.7,0.7827355861663818,1.21705382080236
UBFC_PHYS_s13_T2_ctrl,5,142,9.733333333333333,0.3154810667037964,1.1615254488804188
UBFC_PHYS_s13_T2_ctrl,5,143,9.766666666666667,-0.28184351325035095,1.0718231750516165
UBFC_PHYS_s13_T2_ctrl,5,144,9.8,-0.9013280868530273,0.9563702164570671
UBFC_PHYS_s13_T2_ctrl,5,145,9.833333333333334,-1.3742074966430664,0.8194611235548779
UBFC_PHYS_s13_T2_ctrl,5,146,9.866666666666667,-1.5423598289489746,0.6626006303991865
UBFC_PHYS_s13_T2_ctrl,5,147,9.9,-1.4776723384857178,0.4871387079548411
UBFC_PHYS_s13_T2_ctrl,5,148,9.933333333333334,-1.3747248649597168,0.2970204353136912
UBFC_PHYS_s13_T2_ctrl,5,149,9.966666666666667,-1.2482662200927734,0.10043141305498879
UBFC_PHYS_s13_T2_ctrl,5,150,10.0,-1.045498251914978,-0.09051897014075529
UBFC_PHYS_s13_T2_ctrl,5,151,10.033333333333333,-0.9447320103645325,-0.2621772161319459
UBFC_PHYS_s13_T2_ctrl,5,152,10.066666666666666,-1.1137806177139282,-0.4029523873310563
UBFC_PHYS_s13_T2_ctrl,5,153,10.1,-1.3517311811447144,-0.5067239016819078
UBFC_PHYS_s13_T2_ctrl,5,154,10.133333333333333,-1.3478296995162964,-0.5747618460827721
UBFC_PHYS_s13_T2_ctrl,5,155,10.166666666666666,-1.1154052019119263,-0.6155496694657782
UBFC_PHYS_s13_T2_ctrl,5,156,10.2,-0.8468590378761292,-0.6426512621081223
UBFC_PHYS_s13_T2_ctrl,5,157,10.233333333333333,-0.5583112239837646,-0.6712131867924174
UBFC_PHYS_s13_T2_ctrl,5,158,10.266666666666667,-0.20025192201137543,-0.7137864720328296
UBFC_PHYS_s13_T2_ctrl,5,159,10.3,0.13590770959854126,-0.7762590048346395
UBFC_PHYS_s13_T2_ctrl,5,160,10.333333333333334,0.4124808609485626,-0.8550044159510695
UBFC_PHYS_s13_T2_ctrl,5,161,10.366666666666667,0.7430189847946167,-0.9364004239426149
UBFC_PHYS_s13_T2_ctrl,5,162,10.4,1.1460968255996704,-0.9992430879947042
UBFC_PHYS_s13_T2_ctrl,5,163,10.433333333333334,1.4145573377609253,-1.0196852625782082
UBFC_PHYS_s13_T2_ctrl,5,164,10.466666666666667,1.3523313999176025,-0.9776722503260282
UBFC_PHYS_s13_T2_ctrl,5,165,10.5,1.0398969650268555,-0.8633375334596484
UBFC_PHYS_s13_T2_ctrl,5,166,10.533333333333333,0.7357531189918518,-0.6813196409848956
UBFC_PHYS_s13_T2_ctrl,5,167,10.566666666666666,0.5671395063400269,-0.4508646913209848
UBFC_PHYS_s13_T2_ctrl,5,168,10.6,0.4809906780719757,-0.20051637812039122
UBFC_PHYS_s13_T2_ctrl,5,169,10.633333333333333,0.37980929017066956,0.04145114974016955
UBFC_PHYS_s13_T2_ctrl,5,170,10.666666666666666,0.15336550772190094,0.2567684176290968
UBFC_PHYS_s13_T2_ctrl,5,171,10.7,-0.2518014907836914,0.44200498301359364
UBFC_PHYS_s13_T2_ctrl,5,172,10.733333333333333,-0.7234913110733032,0.6059706233941488
UBFC_PHYS_s13_T2_ctrl,5,173,10.766666666666667,-1.1035853624343872,0.7614187037623427
UBFC_PHYS_s13_T2_ctrl,5,174,10.8,-1.3038655519485474,0.915774053487018
UBFC_PHYS_s13_T2_ctrl,5,175,10.833333333333334,-1.3288495540618896,1.0656540225120932
UBFC_PHYS_s13_T2_ctrl,5,176,10.866666666666667,-1.2448458671569824,1.1973109670399542
UBFC_PHYS_s13_T2_ctrl,5,177,10.9,-1.0977331399917603,1.2918366498399063
UBFC_PHYS_s13_T2_ctrl,5,178,10.933333333333334,-0.902949333190918,1.3321101956605774
UBFC_PHYS_s13_T2_ctrl,5,179,10.966666666666667,-0.6813395619392395,1.3084631750627103
UBFC_PHYS_s13_T2_ctrl,5,180,11.0,-0.45859622955322266,1.2212098374556764
UBFC_PHYS_s13_T2_ctrl,5,181,11.033333333333333,-0.24777480959892273,1.079726629690984
UBFC_PHYS_s13_T2_ctrl,5,182,11.066666666666666,-0.05120498314499855,0.8990096680645822
UBFC_PHYS_s13_T2_ctrl,5,183,11.1,0.11561278998851776,0.6952911091539453
UBFC_PHYS_s13_T2_ctrl,5,184,11.133333333333333,0.22830745577812195,0.4823237441897117
UBFC_PHYS_s13_T2_ctrl,5,185,11.166666666666666,0.27835115790367126,0.269423932728295
UBFC_PHYS_s13_T2_ctrl,5,186,11.2,0.28358715772628784,0.06152271884779813
UBFC_PHYS_s13_T2_ctrl,5,187,11.233333333333333,0.2711116671562195,-0.139282835898265
UBFC_PHYS_s13_T2_ctrl,5,188,11.266666666666667,0.2569721043109894,-0.3315639041972278
UBFC_PHYS_s13_T2_ctrl,5,189,11.3,0.242176815867424,-0.512705579413583
UBFC_PHYS_s13_T2_ctrl,5,190,11.333333333333334,0.22403033077716827,-0.678126337277799
UBFC_PHYS_s13_T2_ctrl,5,191,11.366666666666667,0.20518527925014496,-0.8219350744485856
UBFC_PHYS_s13_T2_ctrl,5,192,11.4,0.1907919943332672,-0.9387676232826012
UBFC_PHYS_s13_T2_ctrl,5,193,11.433333333333334,0.17950604856014252,-1.0259679307956404
UBFC_PHYS_s13_T2_ctrl,5,194,11.466666666666667,0.16455918550491333,-1.0850707402641737
UBFC_PHYS_s13_T2_ctrl,5,195,11.5,0.14778019487857819,-1.121843317782014
UBFC_PHYS_s13_T2_ctrl,5,196,11.533333333333333,0.14382599294185638,-1.144779502837451
UBFC_PHYS_s13_T2_ctrl,5,197,11.566666666666666,0.15864107012748718,-1.1623988318954075
UBFC_PHYS_s13_T2_ctrl,5,198,11.6,0.1811239868402481,-1.1797438686989432
UBFC_PHYS_s13_T2_ctrl,5,199,11.633333333333333,0.20436808466911316,-1.1945973117092619
UBFC_PHYS_s13_T2_ctrl,5,200,11.666666666666666,0.241807758808136,-1.1945750692880508
UBFC_PHYS_s13_T2_ctrl,5,201,11.7,0.3042874038219452,-1.156923039412608
UBFC_PHYS_s13_T2_ctrl,5,202,11.733333333333333,0.37794095277786255,-1.0526935340940127
UBFC_PHYS_s13_T2_ctrl,5,203,11.766666666666667,0.4467242360115051,-0.8554562655387009
UBFC_PHYS_s13_T2_ctrl,5,204,11.8,0.5233895778656006,-0.5521854028682719
UBFC_PHYS_s13_T2_ctrl,5,205,11.833333333333334,0.6389082074165344,-0.15202489435229893
UBFC_PHYS_s13_T2_ctrl,5,206,11.866666666666667,0.8107214570045471,0.3112538050022818
UBFC_PHYS_s13_T2_ctrl,5,207,11.9,0.9979230761528015,0.7850395291754341
UBFC_PHYS_s13_T2_ctrl,5,208,11.933333333333334,1.1028048992156982,1.2104764660623646
UBFC_PHYS_s13_T2_ctrl,5,209,11.966666666666667,1.077817678451538,1.5373848038782345
UBFC_PHYS_s13_T2_ctrl,5,210,12.0,0.9905188679695129,1.735785540272696
UBFC_PHYS_s13_T2_ctrl,5,211,12.033333333333333,0.9174287915229797,1.799862281066228
UBFC_PHYS_s13_T2_ctrl,5,212,12.066666666666666,0.8463685512542725,1.7440375402934145
UBFC_PHYS_s13_T2_ctrl,5,213,12.1,0.7416415810585022,1.594441481110088
UBFC_PHYS_s13_T2_ctrl,5,214,12.133333333333333,0.5946903824806213,1.3801379499139323
UBFC_PHYS_s13_T2_ctrl,5,215,12.166666666666666,0.41081681847572327,1.127220520329931
UBFC_PHYS_s13_T2_ctrl,5,216,12.2,0.21730490028858185,0.8567475307861251
UBFC_PHYS_s13_T2_ctrl,5,217,12.233333333333333,0.07144767791032791,0.5855859595507203
UBFC_PHYS_s13_T2_ctrl,5,218,12.266666666666667,0.017163118347525597,0.32821552328013276
UBFC_PHYS_s13_T2_ctrl,5,219,12.3,0.01905124820768833,0.0975995586213917
UBFC_PHYS_s13_T2_ctrl,5,220,12.333333333333334,-0.008460090495646,-0.09582748027131342
UBFC_PHYS_s13_T2_ctrl,5,221,12.366666666666667,-0.10146614909172058,-0.24659181682780032
UBFC_PHYS_s13_T2_ctrl,5,222,12.4,-0.22313354909420013,-0.35633690417224717
UBFC_PHYS_s13_T2_ctrl,5,223,12.433333333333334,-0.3278110921382904,-0.4337885545792243
UBFC_PHYS_s13_T2_ctrl,5,224,12.466666666666667,-0.38925933837890625,-0.4917430739804314
UBFC_PHYS_s13_T2_ctrl,5,225,12.5,-0.3748166263103485,-0.5421296402536597
UBFC_PHYS_s13_T2_ctrl,5,226,12.533333333333333,-0.26833993196487427,-0.5915551046747833
UBFC_PHYS_s13_T2_ctrl,5,227,12.566666666666666,-0.13020658493041992,-0.6395504062096494
UBFC_PHYS_s13_T2_ctrl,5,228,12.6,-0.038334064185619354,-0.67996968316872
UBFC_PHYS_s13_T2_ctrl,5,229,12.633333333333333,-0.008074556477367878,-0.7041818308332661
UBFC_PHYS_s13_T2_ctrl,5,230,12.666666666666666,0.009284377098083496,-0.7042908480905191
UBFC_PHYS_s13_T2_ctrl,5,231,12.7,0.07544801384210587,-0.6753901980292573
UBFC_PHYS_s13_T2_ctrl,5,232,12.733333333333333,0.22194449603557587,-0.616755457286727
UBFC_PHYS_s13_T2_ctrl,5,233,12.766666666666667,0.40872108936309814,-0.5322389091887846
UBFC_PHYS_s13_T2_ctrl,5,234,12.8,0.5346293449401855,-0.4298970009669737
UBFC_PHYS_s13_T2_ctrl,5,235,12.833333333333334,0.5445016622543335,-0.3205940917806199
UBFC_PHYS_s13_T2_ctrl,5,236,12.866666666666667,0.4724792540073395,-0.21551568165393237
UBFC_PHYS_s13_T2_ctrl,5,237,12.9,0.37648117542266846,-0.1231313309859063
UBFC_PHYS_s13_T2_ctrl,5,238,12.933333333333334,0.2799789607524872,-0.04673730139232129
UBFC_PHYS_s13_T2_ctrl,5,239,12.966666666666667,0.18831732869148254,0.01615428469751755
UBFC_PHYS_s13_T2_ctrl,6,0,6.0,0.384982705116272,0.08083228201916969
UBFC_PHYS_s13_T2_ctrl,6,1,6.033333333333333,1.2042664289474487,0.013726868122245085
UBFC_PHYS_s13_T2_ctrl,6,2,6.066666666666666,1.8020490407943726,-0.03979547106345847
UBFC_PHYS_s13_T2_ctrl,6,3,6.1,1.8232533931732178,-0.06857531202898588
UBFC_PHYS_s13_T2_ctrl,6,4,6.133333333333334,1.4963630437850952,-0.06633800963546714
UBFC_PHYS_s13_T2_ctrl,6,5,6.166666666666667,1.1475335359573364,-0.03273900967608539
UBFC_PHYS_s13_T2_ctrl,6,6,6.2,0.7131021618843079,0.027167371111405998
UBFC_PHYS_s13_T2_ctrl,6,7,6.233333333333333,0.12860563397407532,0.1047218488176311
UBFC_PHYS_s13_T2_ctrl,6,8,6.266666666666667,-0.24677307903766632,0.18996681244983146
UBFC_PHYS_s13_T2_ctrl,6,9,6.3,-0.17809522151947021,0.2736759137374636
UBFC_PHYS_s13_T2_ctrl,6,10,6.333333333333333,-0.033173833042383194,0.3485732519965501
UBFC_PHYS_s13_T2_ctrl,6,11,6.366666666666666,-0.15349681675434113,0.4095918547208849
UBFC_PHYS_s13_T2_ctrl,6,12,6.4,-0.40304961800575256,0.4533595546066001
UBFC_PHYS_s13_T2_ctrl,6,13,6.433333333333334,-0.5709613561630249,0.47727422645681544
UBFC_PHYS_s13_T2_ctrl,6,14,6.466666666666667,-0.6626691222190857,0.4785320030899264
UBFC_PHYS_s13_T2_ctrl,6,15,6.5,-0.7109729647636414,0.45342503089313585
UBFC_PHYS_s13_T2_ctrl,6,16,6.533333333333333,-0.7346652150154114,0.3971990555289501
UBFC_PHYS_s13_T2_ctrl,6,17,6.566666666666666,-0.779881477355957,0.304621385935638
UBFC_PHYS_s13_T2_ctrl,6,18,6.6,-0.8202769160270691,0.17112710954512242
UBFC_PHYS_s13_T2_ctrl,6,19,6.633333333333334,-0.8101311326026917,-0.005672817495829449
UBFC_PHYS_s13_T2_ctrl,6,20,6.666666666666667,-0.7661175727844238,-0.22407415388109408
UBFC_PHYS_s13_T2_ctrl,6,21,6.7,-0.6449872851371765,-0.4758176390621987
UBFC_PHYS_s13_T2_ctrl,6,22,6.733333333333333,-0.3450349271297455,-0.743507056944442
UBFC_PHYS_s13_T2_ctrl,6,23,6.766666666666667,0.016250358894467354,-0.9992362043049909
UBFC_PHYS_s13_T2_ctrl,6,24,6.8,0.14840298891067505,-1.2062586033948552
UBFC_PHYS_s13_T2_ctrl,6,25,6.833333333333333,0.05332426726818085,-1.3249752151660932
UBFC_PHYS_s13_T2_ctrl,6,26,6.866666666666666,-0.041372206062078476,-1.3227887541812147
UBFC_PHYS_s13_T2_ctrl,6,27,6.9,-0.09812155365943909,-1.1852282899482882
UBFC_PHYS_s13_T2_ctrl,6,28,6.933333333333334,-0.19978401064872742,-0.9242320119257026
UBFC_PHYS_s13_T2_ctrl,6,29,6.966666666666667,-0.27020499110221863,-0.5792588581283218
UBFC_PHYS_s13_T2_ctrl,6,30,7.0,-0.22890669107437134,-0.20856351894104094
UBFC_PHYS_s13_T2_ctrl,6,31,7.033333333333333,-0.17659921944141388,0.12780771381727626
UBFC_PHYS_s13_T2_ctrl,6,32,7.066666666666666,-0.21957477927207947,0.38634346740089803
UBFC_PHYS_s13_T2_ctrl,6,33,7.1,-0.3550456464290619,0.5509665714525634
UBFC_PHYS_s13_T2_ctrl,6,34,7.133333333333334,-0.5237383842468262,0.6322838252189227
UBFC_PHYS_s13_T2_ctrl,6,35,7.166666666666667,-0.6130571365356445,0.657678058091488
UBFC_PHYS_s13_T2_ctrl,6,36,7.2,-0.540586531162262,0.658204017484158
UBFC_PHYS_s13_T2_ctrl,6,37,7.233333333333333,-0.3981068730354309,0.6577372786273299
UBFC_PHYS_s13_T2_ctrl,6,38,7.266666666666667,-0.39533892273902893,0.6673527246992768
UBFC_PHYS_s13_T2_ctrl,6,39,7.3,-0.6098542213439941,0.6852983270051458
UBFC_PHYS_s13_T2_ctrl,6,40,7.333333333333333,-0.8418569564819336,0.7011866335402824
UBFC_PHYS_s13_T2_ctrl,6,41,7.366666666666666,-0.80488520860672,0.7021853419990137
UBFC_PHYS_s13_T2_ctrl,6,42,7.4,-0.45308011770248413,0.6787663801243586
UBFC_PHYS_s13_T2_ctrl,6,43,7.433333333333334,-0.014190384186804295,0.6280918590160545
UBFC_PHYS_s13_T2_ctrl,6,44,7.466666666666667,0.2967216968536377,0.5543586723134057
UBFC_PHYS_s13_T2_ctrl,6,45,7.5,0.41038843989372253,0.4666789601145678
UBFC_PHYS_s13_T2_ctrl,6,46,7.533333333333333,0.37203601002693176,0.3756693173505773
UBFC_PHYS_s13_T2_ctrl,6,47,7.566666666666666,0.3503439426422119,0.28993634911639304
UBFC_PHYS_s13_T2_ctrl,6,48,7.6,0.4518778622150421,0.213460801034842
UBFC_PHYS_s13_T2_ctrl,6,49,7.633333333333334,0.5812954902648926,0.14463613461124597
UBFC_PHYS_s13_T2_ctrl,6,50,7.666666666666667,0.610141396522522,0.07734755135836403
UBFC_PHYS_s13_T2_ctrl,6,51,7.7,0.557425320148468,0.003878141873700912
UBFC_PHYS_s13_T2_ctrl,6,52,7.733333333333333,0.5119026303291321,-0.08133324290645337
UBFC_PHYS_s13_T2_ctrl,6,53,7.766666666666667,0.5126407146453857,-0.1785931660752328
UBFC_PHYS_s13_T2_ctrl,6,54,7.8,0.5397204160690308,-0.28193645453450744
UBFC_PHYS_s13_T2_ctrl,6,55,7.833333333333333,0.547450840473175,-0.38084496989715083
UBFC_PHYS_s13_T2_ctrl,6,56,7.866666666666666,0.47829851508140564,-0.4641922837962404
UBFC_PHYS_s13_T2_ctrl,6,57,7.9,0.3076484501361847,-0.5248665671431624
UBFC_PHYS_s13_T2_ctrl,6,58,7.933333333333334,0.10759894549846649,-0.5631192304102974
UBFC_PHYS_s13_T2_ctrl,6,59,7.966666666666667,-0.017716212198138237,-0.587143804126204
UBFC_PHYS_s13_T2_ctrl,6,60,8.0,-0.07449521124362946,-0.610512301048731
UBFC_PHYS_s13_T2_ctrl,6,61,8.033333333333333,-0.14499199390411377,-0.6472440655048985
UBFC_PHYS_s13_T2_ctrl,6,62,8.066666666666666,-0.2234070599079132,-0.7059475627300386
UBFC_PHYS_s13_T2_ctrl,6,63,8.1,-0.2405320256948471,-0.7847883348592718
UBFC_PHYS_s13_T2_ctrl,6,64,8.133333333333333,-0.18036888539791107,-0.86916344249936
UBFC_PHYS_s13_T2_ctrl,6,65,8.166666666666666,-0.08652257174253464,-0.933532758886673
UBFC_PHYS_s13_T2_ctrl,6,66,8.2,-0.016121352091431618,-0.9475613498411248
UBFC_PHYS_s13_T2_ctrl,6,67,8.233333333333333,-0.0035601789131760597,-0.8849519952829442
UBFC_PHYS_s13_T2_ctrl,6,68,8.266666666666667,-0.0177755244076252,-0.7319470937641165
UBFC_PHYS_s13_T2_ctrl,6,69,8.3,0.005705827381461859,-0.4923490263690431
UBFC_PHYS_s13_T2_ctrl,6,70,8.333333333333334,0.05739380046725273,-0.1873182084637798
UBFC_PHYS_s13_T2_ctrl,6,71,8.366666666666667,0.07558640837669373,0.14967331836253725
UBFC_PHYS_s13_T2_ctrl,6,72,8.4,0.0518019013106823,0.48067869015788683
UBFC_PHYS_s13_T2_ctrl,6,73,8.433333333333334,0.008944975212216377,0.7712146248101527
UBFC_PHYS_s13_T2_ctrl,6,74,8.466666666666667,-0.08586683124303818,0.9960678378728233
UBFC_PHYS_s13_T2_ctrl,6,75,8.5,-0.25861260294914246,1.1419546285246645
UBFC_PHYS_s13_T2_ctrl,6,76,8.533333333333333,-0.4364856481552124,1.2073683393796495
UBFC_PHYS_s13_T2_ctrl,6,77,8.566666666666666,-0.5361018180847168,1.2006311609596234
UBFC_PHYS_s13_T2_ctrl,6,78,8.6,-0.5501556992530823,1.1369105146942562
UBFC_PHYS_s13_T2_ctrl,6,79,8.633333333333333,-0.523504376411438,1.034507440075377
UBFC_PHYS_s13_T2_ctrl,6,80,8.666666666666666,-0.5351428985595703,0.9108204819828023
UBFC_PHYS_s13_T2_ctrl,6,81,8.7,-0.645679235458374,0.778797072257343
UBFC_PHYS_s13_T2_ctrl,6,82,8.733333333333333,-0.8137953281402588,0.6448353536734356
UBFC_PHYS_s13_T2_ctrl,6,83,8.766666666666667,-0.9334955215454102,0.5088851016932012
UBFC_PHYS_s13_T2_ctrl,6,84,8.8,-0.9679860472679138,0.3669710497720106
UBFC_PHYS_s13_T2_ctrl,6,85,8.833333333333334,-0.9288328886032104,0.21539825331025303
UBFC_PHYS_s13_T2_ctrl,6,86,8.866666666666667,-0.7578005790710449,0.054756697793790055
UBFC_PHYS_s13_T2_ctrl,6,87,8.9,-0.42995792627334595,-0.10842295924303404
UBFC_PHYS_s13_T2_ctrl,6,88,8.933333333333334,-0.11082771420478821,-0.2632779209779314
UBFC_PHYS_s13_T2_ctrl,6,89,8.966666666666667,-0.009695777669548988,-0.3985848225708045
UBFC_PHYS_s13_T2_ctrl,6,90,9.0,-0.1569402664899826,-0.5070983740681446
UBFC_PHYS_s13_T2_ctrl,6,91,9.033333333333333,-0.4141642153263092,-0.5882995135558804
UBFC_PHYS_s13_T2_ctrl,6,92,9.066666666666666,-0.5718312859535217,-0.6484729760481758
UBFC_PHYS_s13_T2_ctrl,6,93,9.1,-0.492592453956604,-0.6981885378455068
UBFC_PHYS_s13_T2_ctrl,6,94,9.133333333333333,-0.19570130109786987,-0.7481650440713637
UBFC_PHYS_s13_T2_ctrl,6,95,9.166666666666666,0.22399738430976868,-0.8049123795515873
UBFC_PHYS_s13_T2_ctrl,6,96,9.2,0.6457720398902893,-0.8674774261434811
UBFC_PHYS_s13_T2_ctrl,6,97,9.233333333333333,0.8589296936988831,-0.926194642467935
UBFC_PHYS_s13_T2_ctrl,6,98,9.266666666666667,0.6746969819068909,-0.9637647491179047
UBFC_PHYS_s13_T2_ctrl,6,99,9.3,0.1946275681257248,-0.9584900337953945
UBFC_PHYS_s13_T2_ctrl,6,100,9.333333333333334,-0.24892482161521912,-0.8891849695657249
UBFC_PHYS_s13_T2_ctrl,6,101,9.366666666666667,-0.48404479026794434,-0.7410302477265129
UBFC_PHYS_s13_T2_ctrl,6,102,9.4,-0.6199769973754883,-0.5112630639128771
UBFC_PHYS_s13_T2_ctrl,6,103,9.433333333333334,-0.6787627339363098,-0.21304706904085263
UBFC_PHYS_s13_T2_ctrl,6,104,9.466666666666667,-0.44063428044319153,0.12448408066438679
UBFC_PHYS_s13_T2_ctrl,6,105,9.5,0.1469399333000183,0.46129117516186935
UBFC_PHYS_s13_T2_ctrl,6,106,9.533333333333333,0.7738649845123291,0.755798667774105
UBFC_PHYS_s13_T2_ctrl,6,107,9.566666666666666,1.1422547101974487,0.9755173183624246
UBFC_PHYS_s13_T2_ctrl,6,108,9.6,1.23227858543396,1.1049726834913918
UBFC_PHYS_s13_T2_ctrl,6,109,9.633333333333333,1.1793285608291626,1.147958502670326
UBFC_PHYS_s13_T2_ctrl,6,110,9.666666666666666,1.0539178848266602,1.1234821649047875
UBFC_PHYS_s13_T2_ctrl,6,111,9.7,0.7827355861663818,1.0573517114074273
UBFC_PHYS_s13_T2_ctrl,6,112,9.733333333333333,0.3154810667037964,0.9729494956891207
UBFC_PHYS_s13_T2_ctrl,6,113,9.766666666666667,-0.28184351325035095,0.8846566158227378
UBFC_PHYS_s13_T2_ctrl,6,114,9.8,-0.9013280868530273,0.7957796884420109
UBFC_PHYS_s13_T2_ctrl,6,115,9.833333333333334,-1.3742074966430664,0.7007194134291177
UBFC_PHYS_s13_T2_ctrl,6,116,9.866666666666667,-1.5423598289489746,0.5896542271732215
UBFC_PHYS_s13_T2_ctrl,6,117,9.9,-1.4776723384857178,0.4536789070454656
UBFC_PHYS_s13_T2_ctrl,6,118,9.933333333333334,-1.3747248649597168,0.2889056721141062
UBFC_PHYS_s13_T2_ctrl,6,119,9.966666666666667,-1.2482662200927734,0.09875112976591939
UBFC_PHYS_s13_T2_ctrl,6,120,10.0,-1.045498251914978,-0.10601686659933017
UBFC_PHYS_s13_T2_ctrl,6,121,10.033333333333333,-0.9447320103645325,-0.30957485925812517
UBFC_PHYS_s13_T2_ctrl,6,122,10.066666666666666,-1.1137806177139282,-0.49509147059993786
UBFC_PHYS_s13_T2_ctrl,6,123,10.1,-1.3517311811447144,-0.6492424868773038
UBFC_PHYS_s13_T2_ctrl,6,124,10.133333333333333,-1.3478296995162964,-0.765733617459044
UBFC_PHYS_s13_T2_ctrl,6,125,10.166666666666666,-1.1154052019119263,-0.8466923014476241
UBFC_PHYS_s13_T2_ctrl,6,126,10.2,-0.8468590378761292,-0.9013567981085315
UBFC_PHYS_s13_T2_ctrl,6,127,10.233333333333333,-0.5583112239837646,-0.9422037027927697
UBFC_PHYS_s13_T2_ctrl,6,128,10.266666666666667,-0.20025192201137543,-0.9794815920675383
UBFC_PHYS_s13_T2_ctrl,6,129,10.3,0.13590770959854126,-1.0159568832073345
UBFC_PHYS_s13_T2_ctrl,6,130,10.333333333333334,0.4124808609485626,-1.0441547862048397
UBFC_PHYS_s13_T2_ctrl,6,131,10.366666666666667,0.7430189847946167,-1.0477941243557416
UBFC_PHYS_s13_T2_ctrl,6,132,10.4,1.1460968255996704,-1.0073073303595566
UBFC_PHYS_s13_T2_ctrl,6,133,10.433333333333334,1.4145573377609253,-0.9073787366506463
UBFC_PHYS_s13_T2_ctrl,6,134,10.466666666666667,1.3523313999176025,-0.7435472220186486
UBFC_PHYS_s13_T2_ctrl,6,135,10.5,1.0398969650268555,-0.5253240219170655
UBFC_PHYS_s13_T2_ctrl,6,136,10.533333333333333,0.7357531189918518,-0.2745476558423928
UBFC_PHYS_s13_T2_ctrl,6,137,10.566666666666666,0.5671395063400269,-0.019314246457187257
UBFC_PHYS_s13_T2_ctrl,6,138,10.6,0.4809906780719757,0.21465396853362906
UBFC_PHYS_s13_T2_ctrl,6,139,10.633333333333333,0.37980929017066956,0.41216534630394674
UBFC_PHYS_s13_T2_ctrl,6,140,10.666666666666666,0.15336550772190094,0.5727971507983992
UBFC_PHYS_s13_T2_ctrl,6,141,10.7,-0.2518014907836914,0.7089110247798661
UBFC_PHYS_s13_T2_ctrl,6,142,10.733333333333333,-0.7234913110733032,0.83791144052561
UBFC_PHYS_s13_T2_ctrl,6,143,10.766666666666667,-1.1035853624343872,0.9721389990469044
UBFC_PHYS_s13_T2_ctrl,6,144,10.8,-1.3038655519485474,1.1110790708366227
UBFC_PHYS_s13_T2_ctrl,6,145,10.833333333333334,-1.3288495540618896,1.2395034410968853
UBFC_PHYS_s13_T2_ctrl,6,146,10.866666666666667,-1.2448458671569824,1.3322893672091545
UBFC_PHYS_s13_T2_ctrl,6,147,10.9,-1.0977331399917603,1.363547790415952
UBFC_PHYS_s13_T2_ctrl,6,148,10.933333333333334,-0.902949333190918,1.3159552128602827
UBFC_PHYS_s13_T2_ctrl,6,149,10.966666666666667,-0.6813395619392395,1.186499482917668
UBFC_PHYS_s13_T2_ctrl,6,150,11.0,-0.45859622955322266,0.9868482610358252
UBFC_PHYS_s13_T2_ctrl,6,151,11.033333333333333,-0.24777480959892273,0.7390263565937389
UBFC_PHYS_s13_T2_ctrl,6,152,11.066666666666666,-0.05120498314499855,0.4687849638942906
UBFC_PHYS_s13_T2_ctrl,6,153,11.1,0.11561278998851776,0.19939633762163766
UBFC_PHYS_s13_T2_ctrl,6,154,11.133333333333333,0.22830745577812195,-0.05222468257217126
UBFC_PHYS_s13_T2_ctrl,6,155,11.166666666666666,0.27835115790367126,-0.27649382707882564
UBFC_PHYS_s13_T2_ctrl,6,156,11.2,0.28358715772628784,-0.46975347328977585
UBFC_PHYS_s13_T2_ctrl,6,157,11.233333333333333,0.2711116671562195,-0.6316490281406484
UBFC_PHYS_s13_T2_ctrl,6,158,11.266666666666667,0.2569721043109894,-0.7626012160933716
UBFC_PHYS_s13_T2_ctrl,6,159,11.3,0.242176815867424,-0.8623829735766759
UBFC_PHYS_s13_T2_ctrl,6,160,11.333333333333334,0.22403033077716827,-0.9301399757059226
UBFC_PHYS_s13_T2_ctrl,6,161,11.366666666666667,0.20518527925014496,-0.9654603024449819
UBFC_PHYS_s13_T2_ctrl,6,162,11.4,0.1907919943332672,-0.9696388914344102
UBFC_PHYS_s13_T2_ctrl,6,163,11.433333333333334,0.17950604856014252,-0.9463022177306063
UBFC_PHYS_s13_T2_ctrl,6,164,11.466666666666667,0.16455918550491333,-0.9010251747933969
UBFC_PHYS_s13_T2_ctrl,6,165,11.5,0.14778019487857819,-0.8401797449305061
UBFC_PHYS_s13_T2_ctrl,6,166,11.533333333333333,0.14382599294185638,-0.7696185103090665
UBFC_PHYS_s13_T2_ctrl,6,167,11.566666666666666,0.15864107012748718,-0.6936698717563861
UBFC_PHYS_s13_T2_ctrl,6,168,11.6,0.1811239868402481,-0.6144261154617607
UBFC_PHYS_s13_T2_ctrl,6,169,11.633333333333333,0.20436808466911316,-0.5310113835058883
UBFC_PHYS_s13_T2_ctrl,6,170,11.666666666666666,0.241807758808136,-0.43885043244951144
UBFC_PHYS_s13_T2_ctrl,6,171,11.7,0.3042874038219452,-0.32966235976744873
UBFC_PHYS_s13_T2_ctrl,6,172,11.733333333333333,0.37794095277786255,-0.19327816899578557
UBFC_PHYS_s13_T2_ctrl,6,173,11.766666666666667,0.4467242360115051,-0.02172957613716715
UBFC_PHYS_s13_T2_ctrl,6,174,11.8,0.5233895778656006,0.1855806740943465
UBFC_PHYS_s13_T2_ctrl,6,175,11.833333333333334,0.6389082074165344,0.41820452459552776
UBFC_PHYS_s13_T2_ctrl,6,176,11.866666666666667,0.8107214570045471,0.6549131857891147
UBFC_PHYS_s13_T2_ctrl,6,177,11.9,0.9979230761528015,0.8685830833216704
UBFC_PHYS_s13_T2_ctrl,6,178,11.933333333333334,1.1028048992156982,1.0339360139054878
UBFC_PHYS_s13_T2_ctrl,6,179,11.966666666666667,1.077817678451538,1.1346999551502723
UBFC_PHYS_s13_T2_ctrl,6,180,12.0,0.9905188679695129,1.166971669483073
UBFC_PHYS_s13_T2_ctrl,6,181,12.033333333333333,0.9174287915229797,1.1375791528604793
UBFC_PHYS_s13_T2_ctrl,6,182,12.066666666666666,0.8463685512542725,1.0589173700393848
UBFC_PHYS_s13_T2_ctrl,6,183,12.1,0.7416415810585022,0.9433311523041904
UBFC_PHYS_s13_T2_ctrl,6,184,12.133333333333333,0.5946903824806213,0.799670786489474
UBFC_PHYS_s13_T2_ctrl,6,185,12.166666666666666,0.41081681847572327,0.6329983120873316
UBFC_PHYS_s13_T2_ctrl,6,186,12.2,0.21730490028858185,0.4469042024128343
UBFC_PHYS_s13_T2_ctrl,6,187,12.233333333333333,0.07144767791032791,0.24684941498329438
UBFC_PHYS_s13_T2_ctrl,6,188,12.266666666666667,0.017163118347525597,0.04238834297578566
UBFC_PHYS_s13_T2_ctrl,6,189,12.3,0.01905124820768833,-0.1534906568410187
UBFC_PHYS_s13_T2_ctrl,6,190,12.333333333333334,-0.008460090495646,-0.32813974366427523
UBFC_PHYS_s13_T2_ctrl,6,191,12.366666666666667,-0.10146614909172058,-0.4743966370932884
UBFC_PHYS_s13_T2_ctrl,6,192,12.4,-0.22313354909420013,-0.5940958883433327
UBFC_PHYS_s13_T2_ctrl,6,193,12.433333333333334,-0.3278110921382904,-0.6973734470165411
UBFC_PHYS_s13_T2_ctrl,6,194,12.466666666666667,-0.38925933837890625,-0.7973805167329618
UBFC_PHYS_s13_T2_ctrl,6,195,12.5,-0.3748166263103485,-0.9027020935577501
UBFC_PHYS_s13_T2_ctrl,6,196,12.533333333333333,-0.26833993196487427,-1.0112657348603644
UBFC_PHYS_s13_T2_ctrl,6,197,12.566666666666666,-0.13020658493041992,-1.10882223842278
UBFC_PHYS_s13_T2_ctrl,6,198,12.6,-0.038334064185619354,-1.1725430237602563
UBFC_PHYS_s13_T2_ctrl,6,199,12.633333333333333,-0.008074556477367878,-1.1778465819394712
UBFC_PHYS_s13_T2_ctrl,6,200,12.666666666666666,0.009284377098083496,-1.1058516884582539
UBFC_PHYS_s13_T2_ctrl,6,201,12.7,0.07544801384210587,-0.9494101061252154
UBFC_PHYS_s13_T2_ctrl,6,202,12.733333333333333,0.22194449603557587,-0.7163369780496547
UBFC_PHYS_s13_T2_ctrl,6,203,12.766666666666667,0.40872108936309814,-0.42894602455090813
UBFC_PHYS_s13_T2_ctrl,6,204,12.8,0.5346293449401855,-0.11962366017750589
UBFC_PHYS_s13_T2_ctrl,6,205,12.833333333333334,0.5445016622543335,0.1767211831491345
UBFC_PHYS_s13_T2_ctrl,6,206,12.866666666666667,0.4724792540073395,0.431092781763632
UBFC_PHYS_s13_T2_ctrl,6,207,12.9,0.37648117542266846,0.6267946329835579
UBFC_PHYS_s13_T2_ctrl,6,208,12.933333333333334,0.2799789607524872,0.7616029640315783
UBFC_PHYS_s13_T2_ctrl,6,209,12.966666666666667,0.18831732869148254,0.8453029765445278
UBFC_PHYS_s13_T2_ctrl,6,210,13.0,0.10902904719114304,0.8938579789341956
UBFC_PHYS_s13_T2_ctrl,6,211,13.033333333333333,0.04304005578160286,0.9225385872998009
UBFC_PHYS_s13_T2_ctrl,6,212,13.066666666666666,-0.01616418920457363,0.9405150635559802
UBFC_PHYS_s13_T2_ctrl,6,213,13.1,-0.07010605186223984,0.9486417042712322
UBFC_PHYS_s13_T2_ctrl,6,214,13.133333333333333,-0.11824513226747513,0.940733807192269
UBFC_PHYS_s13_T2_ctrl,6,215,13.166666666666666,-0.15412290394306183,0.9073228642627752
UBFC_PHYS_s13_T2_ctrl,6,216,13.2,-0.1551213264465332,0.8402849486684708
UBFC_PHYS_s13_T2_ctrl,6,217,13.233333333333333,-0.10038203746080399,0.7367689589892961
UBFC_PHYS_s13_T2_ctrl,6,218,13.266666666666667,-0.0026309422682970762,0.6011816933570868
UBFC_PHYS_s13_T2_ctrl,6,219,13.3,0.09877778589725494,0.44460649745475145
UBFC_PHYS_s13_T2_ctrl,6,220,13.333333333333334,0.17392733693122864,0.2819305318193255
UBFC_PHYS_s13_T2_ctrl,6,221,13.366666666666667,0.20268425345420837,0.12776837356225407
UBFC_PHYS_s13_T2_ctrl,6,222,13.4,0.17346271872520447,-0.007379791655279551
UBFC_PHYS_s13_T2_ctrl,6,223,13.433333333333334,0.10335806757211685,-0.11944008064521044
UBFC_PHYS_s13_T2_ctrl,6,224,13.466666666666667,0.0332501195371151,-0.21079189224771158
UBFC_PHYS_s13_T2_ctrl,6,225,13.5,-0.008608372882008553,-0.28819611545316554
UBFC_PHYS_s13_T2_ctrl,6,226,13.533333333333333,-0.018470805138349533,-0.35984311405203256
UBFC_PHYS_s13_T2_ctrl,6,227,13.566666666666666,-0.00922456942498684,-0.43294742805911773
UBFC_PHYS_s13_T2_ctrl,6,228,13.6,-0.006532418541610241,-0.5123385342399582
UBFC_PHYS_s13_T2_ctrl,6,229,13.633333333333333,-0.042232245206832886,-0.599480605305379
UBFC_PHYS_s13_T2_ctrl,6,230,13.666666666666666,-0.1159484013915062,-0.6914337507598097
UBFC_PHYS_s13_T2_ctrl,6,231,13.7,-0.17586110532283783,-0.7800586659959068
UBFC_PHYS_s13_T2_ctrl,6,232,13.733333333333333,-0.16831187903881073,-0.8522800749398309
UBFC_PHYS_s13_T2_ctrl,6,233,13.766666666666667,-0.09716595709323883,-0.8920402401754959
UBFC_PHYS_s13_T2_ctrl,6,234,13.8,-0.010397648438811302,-0.8838277426280441
UBFC_PHYS_s13_T2_ctrl,6,235,13.833333333333334,0.05464233458042145,-0.8168244917697919
UBFC_PHYS_s13_T2_ctrl,6,236,13.866666666666667,0.0826578363776207,-0.6882792059363952
UBFC_PHYS_s13_T2_ctrl,6,237,13.9,0.07592251896858215,-0.5049263309405053
UBFC_PHYS_s13_T2_ctrl,6,238,13.933333333333334,0.049294281750917435,-0.28205222591848544
UBFC_PHYS_s13_T2_ctrl,6,239,13.966666666666667,0.012246731668710709,-0.04082661817252344
UBFC_PHYS_s13_T2_ctrl,7,0,7.0,-0.22890669107437134,-0.09882309019301577
UBFC_PHYS_s13_T2_ctrl,7,1,7.033333333333333,-0.17659921944141388,-0.18575265080253933
UBFC_PHYS_s13_T2_ctrl,7,2,7.066666666666666,-0.21957477927207947,-0.2704615113670355
UBFC_PHYS_s13_T2_ctrl,7,3,7.1,-0.3550456464290619,-0.3486298393847761
UBFC_PHYS_s13_T2_ctrl,7,4,7.133333333333334,-0.5237383842468262,-0.41188057030024033
UBFC_PHYS_s13_T2_ctrl,7,5,7.166666666666667,-0.6130571365356445,-0.4503636029244698
UBFC_PHYS_s13_T2_ctrl,7,6,7.2,-0.540586531162262,-0.4569109112478311
UBFC_PHYS_s13_T2_ctrl,7,7,7.233333333333333,-0.3981068730354309,-0.4299526073188091
UBFC_PHYS_s13_T2_ctrl,7,8,7.266666666666667,-0.39533892273902893,-0.37358467517410443
UBFC_PHYS_s13_T2_ctrl,7,9,7.3,-0.6098542213439941,-0.29538198273418553
UBFC_PHYS_s13_T2_ctrl,7,10,7.333333333333333,-0.8418569564819336,-0.20384057949111614
UBFC_PHYS_s13_T2_ctrl,7,11,7.366666666666666,-0.80488520860672,-0.10697875708799176
UBFC_PHYS_s13_T2_ctrl,7,12,7.4,-0.45308011770248413,-0.012172805411744996
UBFC_PHYS_s13_T2_ctrl,7,13,7.433333333333334,-0.014190384186804295,0.07382836968340165
UBFC_PHYS_s13_T2_ctrl,7,14,7.466666666666667,0.2967216968536377,0.14558089375357816
UBFC_PHYS_s13_T2_ctrl,7,15,7.5,0.41038843989372253,0.20022467545282033
UBFC_PHYS_s13_T2_ctrl,7,16,7.533333333333333,0.37203601002693176,0.23856771754108952
UBFC_PHYS_s13_T2_ctrl,7,17,7.566666666666666,0.3503439426422119,0.26504954985866275
UBFC_PHYS_s13_T2_ctrl,7,18,7.6,0.4518778622150421,0.2860311202892413
UBFC_PHYS_s13_T2_ctrl,7,19,7.633333333333334,0.5812954902648926,0.30676014708089816
UBFC_PHYS_s13_T2_ctrl,7,20,7.666666666666667,0.610141396522522,0.3284671083548009
UBFC_PHYS_s13_T2_ctrl,7,21,7.7,0.557425320148468,0.3473761186455046
UBFC_PHYS_s13_T2_ctrl,7,22,7.733333333333333,0.5119026303291321,0.3564063428827253
UBFC_PHYS_s13_T2_ctrl,7,23,7.766666666666667,0.5126407146453857,0.34879679307180733
UBFC_PHYS_s13_T2_ctrl,7,24,7.8,0.5397204160690308,0.3219226992072465
UBFC_PHYS_s13_T2_ctrl,7,25,7.833333333333333,0.547450840473175,0.2794460504690828
UBFC_PHYS_s13_T2_ctrl,7,26,7.866666666666666,0.47829851508140564,0.23051576156195824
UBFC_PHYS_s13_T2_ctrl,7,27,7.9,0.3076484501361847,0.18603033994631854
UBFC_PHYS_s13_T2_ctrl,7,28,7.933333333333334,0.10759894549846649,0.15363593328736885
UBFC_PHYS_s13_T2_ctrl,7,29,7.966666666666667,-0.017716212198138237,0.13397558811315197
UBFC_PHYS_s13_T2_ctrl,7,30,8.0,-0.07449521124362946,0.11994764523017733
UBFC_PHYS_s13_T2_ctrl,7,31,8.033333333333333,-0.14499199390411377,0.09908029811189296
UBFC_PHYS_s13_T2_ctrl,7,32,8.066666666666666,-0.2234070599079132,0.0578018707682255
UBFC_PHYS_s13_T2_ctrl,7,33,8.1,-0.2405320256948471,-0.01404516363801138
UBFC_PHYS_s13_T2_ctrl,7,34,8.133333333333333,-0.18036888539791107,-0.11973070721916064
UBFC_PHYS_s13_T2_ctrl,7,35,8.166666666666666,-0.08652257174253464,-0.2538561160191609
UBFC_PHYS_s13_T2_ctrl,7,36,8.2,-0.016121352091431618,-0.4024891375852416
UBFC_PHYS_s13_T2_ctrl,7,37,8.233333333333333,-0.0035601789131760597,-0.5451792469248067
UBFC_PHYS_s13_T2_ctrl,7,38,8.266666666666667,-0.0177755244076252,-0.6585135111517668
UBFC_PHYS_s13_T2_ctrl,7,39,8.3,0.005705827381461859,-0.7205257032621686
UBFC_PHYS_s13_T2_ctrl,7,40,8.333333333333334,0.05739380046725273,-0.7150546062750056
UBFC_PHYS_s13_T2_ctrl,7,41,8.366666666666667,0.07558640837669373,-0.6352703303741762
UBFC_PHYS_s13_T2_ctrl,7,42,8.4,0.0518019013106823,-0.48597943446401926
UBFC_PHYS_s13_T2_ctrl,7,43,8.433333333333334,0.008944975212216377,-0.28442343093525746
UBFC_PHYS_s13_T2_ctrl,7,44,8.466666666666667,-0.08586683124303818,-0.05889122909210623
UBFC_PHYS_s13_T2_ctrl,7,45,8.5,-0.25861260294914246,0.15561077871473103
UBFC_PHYS_s13_T2_ctrl,7,46,8.533333333333333,-0.4364856481552124,0.3244275476571159
UBFC_PHYS_s13_T2_ctrl,7,47,8.566666666666666,-0.5361018180847168,0.4213446326766636
UBFC_PHYS_s13_T2_ctrl,7,48,8.6,-0.5501556992530823,0.43497850981490427
UBFC_PHYS_s13_T2_ctrl,7,49,8.633333333333333,-0.523504376411438,0.3710503191102772
UBFC_PHYS_s13_T2_ctrl,7,50,8.666666666666666,-0.5351428985595703,0.24975996951321067
UBFC_PHYS_s13_T2_ctrl,7,51,8.7,-0.645679235458374,0.09949417462119793
UBFC_PHYS_s13_T2_ctrl,7,52,8.733333333333333,-0.8137953281402588,-0.05062696027003077
UBFC_PHYS_s13_T2_ctrl,7,53,8.766666666666667,-0.9334955215454102,-0.17678442748489365
UBFC_PHYS_s13_T2_ctrl,7,54,8.8,-0.9679860472679138,-0.26347269986473076
UBFC_PHYS_s13_T2_ctrl,7,55,8.833333333333334,-0.9288328886032104,-0.3034467566107642
UBFC_PHYS_s13_T2_ctrl,7,56,8.866666666666667,-0.7578005790710449,-0.29597001722067534
UBFC_PHYS_s13_T2_ctrl,7,57,8.9,-0.42995792627334595,-0.24512798520710924
UBFC_PHYS_s13_T2_ctrl,7,58,8.933333333333334,-0.11082771420478821,-0.15908578499176632
UBFC_PHYS_s13_T2_ctrl,7,59,8.966666666666667,-0.009695777669548988,-0.04982069910983086
UBFC_PHYS_s13_T2_ctrl,7,60,9.0,-0.1569402664899826,0.0678352256397641
UBFC_PHYS_s13_T2_ctrl,7,61,9.033333333333333,-0.4141642153263092,0.1785667807717256
UBFC_PHYS_s13_T2_ctrl,7,62,9.066666666666666,-0.5718312859535217,0.2698401805410821
UBFC_PHYS_s13_T2_ctrl,7,63,9.1,-0.492592453956604,0.3345184212024402
UBFC_PHYS_s13_T2_ctrl,7,64,9.133333333333333,-0.19570130109786987,0.37138809338206585
UBFC_PHYS_s13_T2_ctrl,7,65,9.166666666666666,0.22399738430976868,0.3833695036096
UBFC_PHYS_s13_T2_ctrl,7,66,9.2,0.6457720398902893,0.37469348920543194
UBFC_PHYS_s13_T2_ctrl,7,67,9.233333333333333,0.8589296936988831,0.3489613179245772
UBFC_PHYS_s13_T2_ctrl,7,68,9.266666666666667,0.6746969819068909,0.3091734715285033
UBFC_PHYS_s13_T2_ctrl,7,69,9.3,0.1946275681257248,0.2592738887255476
UBFC_PHYS_s13_T2_ctrl,7,70,9.333333333333334,-0.24892482161521912,0.20570356632876113
UBFC_PHYS_s13_T2_ctrl,7,71,9.366666666666667,-0.48404479026794434,0.1574716459439525
UBFC_PHYS_s13_T2_ctrl,7,72,9.4,-0.6199769973754883,0.12420817181845696
UBFC_PHYS_s13_T2_ctrl,7,73,9.433333333333334,-0.6787627339363098,0.11289699927160543
UBFC_PHYS_s13_T2_ctrl,7,74,9.466666666666667,-0.44063428044319153,0.12477839916694473
UBFC_PHYS_s13_T2_ctrl,7,75,9.5,0.1469399333000183,0.153960003954542
UBFC_PHYS_s13_T2_ctrl,7,76,9.533333333333333,0.7738649845123291,0.18862880062768475
UBFC_PHYS_s13_T2_ctrl,7,77,9.566666666666666,1.1422547101974487,0.21463174995855056
UBFC_PHYS_s13_T2_ctrl,7,78,9.6,1.23227858543396,0.22002645195735834
UBFC_PHYS_s13_T2_ctrl,7,79,9.633333333333333,1.1793285608291626,0.1986454367623001
UBFC_PHYS_s13_T2_ctrl,7,80,9.666666666666666,1.0539178848266602,0.15118110057306966
UBFC_PHYS_s13_T2_ctrl,7,81,9.7,0.7827355861663818,0.08356777284924108
UBFC_PHYS_s13_T2_ctrl,7,82,9.733333333333333,0.3154810667037964,0.0038167384721625626
UBFC_PHYS_s13_T2_ctrl,7,83,9.766666666666667,-0.28184351325035095,-0.08091585687146063
UBFC_PHYS_s13_T2_ctrl,7,84,9.8,-0.9013280868530273,-0.16576439521921396
UBFC_PHYS_s13_T2_ctrl,7,85,9.833333333333334,-1.3742074966430664,-0.24791226714525136
UBFC_PHYS_s13_T2_ctrl,7,86,9.866666666666667,-1.5423598289489746,-0.32533233505424003
UBFC_PHYS_s13_T2_ctrl,7,87,9.9,-1.4776723384857178,-0.39549211487393526
UBFC_PHYS_s13_T2_ctrl,7,88,9.933333333333334,-1.3747248649597168,-0.45487426973064793
UBFC_PHYS_s13_T2_ctrl,7,89,9.966666666666667,-1.2482662200927734,-0.49963362558727625
UBFC_PHYS_s13_T2_ctrl,7,90,10.0,-1.045498251914978,-0.526961909739264
UBFC_PHYS_s13_T2_ctrl,7,91,10.033333333333333,-0.9447320103645325,-0.5361559083567977
UBFC_PHYS_s13_T2_ctrl,7,92,10.066666666666666,-1.1137806177139282,-0.5284102128121553
UBFC_PHYS_s13_T2_ctrl,7,93,10.1,-1.3517311811447144,-0.5052162625226528
UBFC_PHYS_s13_T2_ctrl,7,94,10.133333333333333,-1.3478296995162964,-0.46655630385035973
UBFC_PHYS_s13_T2_ctrl,7,95,10.166666666666666,-1.1154052019119263,-0.41063200858644694
UBFC_PHYS_s13_T2_ctrl,7,96,10.2,-0.8468590378761292,-0.33588499157358587
UBFC_PHYS_s13_T2_ctrl,7,97,10.233333333333333,-0.5583112239837646,-0.2442928698891739
UBFC_PHYS_s13_T2_ctrl,7,98,10.266666666666667,-0.20025192201137543,-0.14372470947951071
UBFC_PHYS_s13_T2_ctrl,7,99,10.3,0.13590770959854126,-0.04735781995533462
UBFC_PHYS_s13_T2_ctrl,7,100,10.333333333333334,0.4124808609485626,0.030229917594556052
UBFC_PHYS_s13_T2_ctrl,7,101,10.366666666666667,0.7430189847946167,0.07860656879327134
UBFC_PHYS_s13_T2_ctrl,7,102,10.4,1.1460968255996704,0.09574291996899723
UBFC_PHYS_s13_T2_ctrl,7,103,10.433333333333334,1.4145573377609253,0.08858024865937192
UBFC_PHYS_s13_T2_ctrl,7,104,10.466666666666667,1.3523313999176025,0.06967919575905773
UBFC_PHYS_s13_T2_ctrl,7,105,10.5,1.0398969650268555,0.051962706508581806
UBFC_PHYS_s13_T2_ctrl,7,106,10.533333333333333,0.7357531189918518,0.044322067271732754
UBFC_PHYS_s13_T2_ctrl,7,107,10.566666666666666,0.5671395063400269,0.049998759998633305
UBFC_PHYS_s13_T2_ctrl,7,108,10.6,0.4809906780719757,0.06799670335369254
UBFC_PHYS_s13_T2_ctrl,7,109,10.633333333333333,0.37980929017066956,0.0962502235615989
UBFC_PHYS_s13_T2_ctrl,7,110,10.666666666666666,0.15336550772190094,0.1345594309710287
UBFC_PHYS_s13_T2_ctrl,7,111,10.7,-0.2518014907836914,0.1856023541272867
UBFC_PHYS_s13_T2_ctrl,7,112,10.733333333333333,-0.7234913110733032,0.2533981311811625
UBFC_PHYS_s13_T2_ctrl,7,113,10.766666666666667,-1.1035853624343872,0.3399149058585754
UBFC_PHYS_s13_T2_ctrl,7,114,10.8,-1.3038655519485474,0.4415229129785957
UBFC_PHYS_s13_T2_ctrl,7,115,10.833333333333334,-1.3288495540618896,0.5472810667766773
UBFC_PHYS_s13_T2_ctrl,7,116,10.866666666666667,-1.2448458671569824,0.640425697794483
UBFC_PHYS_s13_T2_ctrl,7,117,10.9,-1.0977331399917603,0.7029564104982688
UBFC_PHYS_s13_T2_ctrl,7,118,10.933333333333334,-0.902949333190918,0.721452902502004
UBFC_PHYS_s13_T2_ctrl,7,119,10.966666666666667,-0.6813395619392395,0.6913806857575008
UBFC_PHYS_s13_T2_ctrl,7,120,11.0,-0.45859622955322266,0.6179157024354806
UBFC_PHYS_s13_T2_ctrl,7,121,11.033333333333333,-0.24777480959892273,0.5131915118123521
UBFC_PHYS_s13_T2_ctrl,7,122,11.066666666666666,-0.05120498314499855,0.39163908105879125
UBFC_PHYS_s13_T2_ctrl,7,123,11.1,0.11561278998851776,0.2657514279500105
UBFC_PHYS_s13_T2_ctrl,7,124,11.133333333333333,0.22830745577812195,0.14389148718276357
UBFC_PHYS_s13_T2_ctrl,7,125,11.166666666666666,0.27835115790367126,0.030374450280546528
UBFC_PHYS_s13_T2_ctrl,7,126,11.2,0.28358715772628784,-0.0730430054795428
UBFC_PHYS_s13_T2_ctrl,7,127,11.233333333333333,0.2711116671562195,-0.16550045049239492
UBFC_PHYS_s13_T2_ctrl,7,128,11.266666666666667,0.2569721043109894,-0.24610641603624522
UBFC_PHYS_s13_T2_ctrl,7,129,11.3,0.242176815867424,-0.31395091523293395
UBFC_PHYS_s13_T2_ctrl,7,130,11.333333333333334,0.22403033077716827,-0.3686318887253654
UBFC_PHYS_s13_T2_ctrl,7,131,11.366666666666667,0.20518527925014496,-0.41072850913887154
UBFC_PHYS_s13_T2_ctrl,7,132,11.4,0.1907919943332672,-0.44203527369026213
UBFC_PHYS_s13_T2_ctrl,7,133,11.433333333333334,0.17950604856014252,-0.4657221074149797
UBFC_PHYS_s13_T2_ctrl,7,134,11.466666666666667,0.16455918550491333,-0.48645244029762963
UBFC_PHYS_s13_T2_ctrl,7,135,11.5,0.14778019487857819,-0.5101479841398746
UBFC_PHYS_s13_T2_ctrl,7,136,11.533333333333333,0.14382599294185638,-0.5429958258322558
UBFC_PHYS_s13_T2_ctrl,7,137,11.566666666666666,0.15864107012748718,-0.5894758382443099
UBFC_PHYS_s13_T2_ctrl,7,138,11.6,0.1811239868402481,-0.649525357362356
UBFC_PHYS_s13_T2_ctrl,7,139,11.633333333333333,0.20436808466911316,-0.7155275603686231
UBFC_PHYS_s13_T2_ctrl,7,140,11.666666666666666,0.241807758808136,-0.7705274024480225
UBFC_PHYS_s13_T2_ctrl,7,141,11.7,0.3042874038219452,-0.7894159615915137
UBFC_PHYS_s13_T2_ctrl,7,142,11.733333333333333,0.37794095277786255,-0.7442214592860381
UBFC_PHYS_s13_T2_ctrl,7,143,11.766666666666667,0.4467242360115051,-0.6129899729395126
UBFC_PHYS_s13_T2_ctrl,7,144,11.8,0.5233895778656006,-0.3895706678880477
UBFC_PHYS_s13_T2_ctrl,7,145,11.833333333333334,0.6389082074165344,-0.0901050674058679
UBFC_PHYS_s13_T2_ctrl,7,146,11.866666666666667,0.8107214570045471,0.2476461442152605
UBFC_PHYS_s13_T2_ctrl,7,147,11.9,0.9979230761528015,0.5732876759829412
UBFC_PHYS_s13_T2_ctrl,7,148,11.933333333333334,1.1028048992156982,0.8380510526327537
UBFC_PHYS_s13_T2_ctrl,7,149,11.966666666666667,1.077817678451538,1.008303112581794
UBFC_PHYS_s13_T2_ctrl,7,150,12.0,0.9905188679695129,1.072657167785645
UBFC_PHYS_s13_T2_ctrl,7,151,12.033333333333333,0.9174287915229797,1.040449481947414
UBFC_PHYS_s13_T2_ctrl,7,152,12.066666666666666,0.8463685512542725,0.9336479756220294
UBFC_PHYS_s13_T2_ctrl,7,153,12.1,0.7416415810585022,0.7769546896934872
UBFC_PHYS_s13_T2_ctrl,7,154,12.133333333333333,0.5946903824806213,0.5906079973139086
UBFC_PHYS_s13_T2_ctrl,7,155,12.166666666666666,0.41081681847572327,0.38811546304419625
UBFC_PHYS_s13_T2_ctrl,7,156,12.2,0.21730490028858185,0.17860016917552274
UBFC_PHYS_s13_T2_ctrl,7,157,12.233333333333333,0.07144767791032791,-0.0284736408705744
UBFC_PHYS_s13_T2_ctrl,7,158,12.266666666666667,0.017163118347525597,-0.21934728861670044
UBFC_PHYS_s13_T2_ctrl,7,159,12.3,0.01905124820768833,-0.3754987525011913
UBFC_PHYS_s13_T2_ctrl,7,160,12.333333333333334,-0.008460090495646,-0.47759914791562436
UBFC_PHYS_s13_T2_ctrl,7,161,12.366666666666667,-0.10146614909172058,-0.5124664098719843
UBFC_PHYS_s13_T2_ctrl,7,162,12.4,-0.22313354909420013,-0.47971931704928794
UBFC_PHYS_s13_T2_ctrl,7,163,12.433333333333334,-0.3278110921382904,-0.39446147299090717
UBFC_PHYS_s13_T2_ctrl,7,164,12.466666666666667,-0.38925933837890625,-0.2838605884765697
UBFC_PHYS_s13_T2_ctrl,7,165,12.5,-0.3748166263103485,-0.17842890868763256
UBFC_PHYS_s13_T2_ctrl,7,166,12.533333333333333,-0.26833993196487427,-0.10175536833533243
UBFC_PHYS_s13_T2_ctrl,7,167,12.566666666666666,-0.13020658493041992,-0.06343592924528568
UBFC_PHYS_s13_T2_ctrl,7,168,12.6,-0.038334064185619354,-0.058095151950902986
UBFC_PHYS_s13_T2_ctrl,7,169,12.633333333333333,-0.008074556477367878,-0.07010785680624937
UBFC_PHYS_s13_T2_ctrl,7,170,12.666666666666666,0.009284377098083496,-0.08110378130199732
UBFC_PHYS_s13_T2_ctrl,7,171,12.7,0.07544801384210587,-0.07673465831898647
UBFC_PHYS_s13_T2_ctrl,7,172,12.733333333333333,0.22194449603557587,-0.05041043169033407
UBFC_PHYS_s13_T2_ctrl,7,173,12.766666666666667,0.40872108936309814,-0.003644932193653075
UBFC_PHYS_s13_T2_ctrl,7,174,12.8,0.5346293449401855,0.05595018766197583
UBFC_PHYS_s13_T2_ctrl,7,175,12.833333333333334,0.5445016622543335,0.11758596647082417
UBFC_PHYS_s13_T2_ctrl,7,176,12.866666666666667,0.4724792540073395,0.1700891730963035
UBFC_PHYS_s13_T2_ctrl,7,177,12.9,0.37648117542266846,0.20419227787683172
UBFC_PHYS_s13_T2_ctrl,7,178,12.933333333333334,0.2799789607524872,0.21435463616872474
UBFC_PHYS_s13_T2_ctrl,7,179,12.966666666666667,0.18831732869148254,0.2000524776365612
UBFC_PHYS_s13_T2_ctrl,7,180,13.0,0.10902904719114304,0.16607978349059008
UBFC_PHYS_s13_T2_ctrl,7,181,13.033333333333333,0.04304005578160286,0.12136288319092806
UBFC_PHYS_s13_T2_ctrl,7,182,13.066666666666666,-0.01616418920457363,0.07645233605431097
UBFC_PHYS_s13_T2_ctrl,7,183,13.1,-0.07010605186223984,0.040615944776223996
UBFC_PHYS_s13_T2_ctrl,7,184,13.133333333333333,-0.11824513226747513,0.01960230217081111
UBFC_PHYS_s13_T2_ctrl,7,185,13.166666666666666,-0.15412290394306183,0.01472835800927303
UBFC_PHYS_s13_T2_ctrl,7,186,13.2,-0.1551213264465332,0.02337940104104141
UBFC_PHYS_s13_T2_ctrl,7,187,13.233333333333333,-0.10038203746080399,0.04053127753794003
UBFC_PHYS_s13_T2_ctrl,7,188,13.266666666666667,-0.0026309422682970762,0.06061564975514688
UBFC_PHYS_s13_T2_ctrl,7,189,13.3,0.09877778589725494,0.07902608753666374
UBFC_PHYS_s13_T2_ctrl,7,190,13.333333333333334,0.17392733693122864,0.0928256990739197
UBFC_PHYS_s13_T2_ctrl,7,191,13.366666666666667,0.20268425345420837,0.1006985849346567
UBFC_PHYS_s13_T2_ctrl,7,192,13.4,0.17346271872520447,0.1026367920671318
UBFC_PHYS_s13_T2_ctrl,7,193,13.433333333333334,0.10335806757211685,0.09981329834020737
UBFC_PHYS_s13_T2_ctrl,7,194,13.466666666666667,0.0332501195371151,0.09447534628430482
UBFC_PHYS_s13_T2_ctrl,7,195,13.5,-0.008608372882008553,0.08922623041828479
UBFC_PHYS_s13_T2_ctrl,7,196,13.533333333333333,-0.018470805138349533,0.08540749006902663
UBFC_PHYS_s13_T2_ctrl,7,197,13.566666666666666,-0.00922456942498684,0.08118621393702011
UBFC_PHYS_s13_T2_ctrl,7,198,13.6,-0.006532418541610241,0.0706351333956015
UBFC_PHYS_s13_T2_ctrl,7,199,13.633333333333333,-0.042232245206832886,0.04493996972481013
UBFC_PHYS_s13_T2_ctrl,7,200,13.666666666666666,-0.1159484013915062,-0.004198876583969164
UBFC_PHYS_s13_T2_ctrl,7,201,13.7,-0.17586110532283783,-0.08019698210702195
UBFC_PHYS_s13_T2_ctrl,7,202,13.733333333333333,-0.16831187903881073,-0.17818234041339673
UBFC_PHYS_s13_T2_ctrl,7,203,13.766666666666667,-0.09716595709323883,-0.28435512422660536
UBFC_PHYS_s13_T2_ctrl,7,204,13.8,-0.010397648438811302,-0.37902914725814235
UBFC_PHYS_s13_T2_ctrl,7,205,13.833333333333334,0.05464233458042145,-0.4428103335983285
UBFC_PHYS_s13_T2_ctrl,7,206,13.866666666666667,0.0826578363776207,-0.4637397117116488
UBFC_PHYS_s13_T2_ctrl,7,207,13.9,0.07592251896858215,-0.4422411586793781
UBFC_PHYS_s13_T2_ctrl,7,208,13.933333333333334,0.049294281750917435,-0.3911535451547971
UBFC_PHYS_s13_T2_ctrl,7,209,13.966666666666667,0.012246731668710709,-0.33028862622269484
UBFC_PHYS_s13_T2_ctrl,7,210,14.0,-0.033420972526073456,-0.2779938892833321
UBFC_PHYS_s13_T2_ctrl,7,211,14.033333333333333,-0.07972463965415955,-0.2438900153125715
UBFC_PHYS_s13_T2_ctrl,7,212,14.066666666666666,-0.11927981674671173,-0.22589596874385262
UBFC_PHYS_s13_T2_ctrl,7,213,14.1,-0.1579980105161667,-0.2121905207173405
UBFC_PHYS_s13_T2_ctrl,7,214,14.133333333333333,-0.21011435985565186,-0.18686085457101817
UBFC_PHYS_s13_T2_ctrl,7,215,14.166666666666666,-0.2814975380897522,-0.13698318893797495
UBFC_PHYS_s13_T2_ctrl,7,216,14.2,-0.3452589809894562,-0.05841861275975807
UBFC_PHYS_s13_T2_ctrl,7,217,14.233333333333333,-0.35022810101509094,0.04210124922320801
UBFC_PHYS_s13_T2_ctrl,7,218,14.266666666666667,-0.27676236629486084,0.14968428502948813
UBFC_PHYS_s13_T2_ctrl,7,219,14.3,-0.15925346314907074,0.2477075466073963
UBFC_PHYS_s13_T2_ctrl,7,220,14.333333333333334,-0.0255125742405653,0.3248147533230708
UBFC_PHYS_s13_T2_ctrl,7,221,14.366666666666667,0.11937916278839111,0.3788174454609724
UBFC_PHYS_s13_T2_ctrl,7,222,14.4,0.24485579133033752,0.4155784353950064
UBFC_PHYS_s13_T2_ctrl,7,223,14.433333333333334,0.30822840332984924,0.44374753944029033
UBFC_PHYS_s13_T2_ctrl,7,224,14.466666666666667,0.31693094968795776,0.4682888064103084
UBFC_PHYS_s13_T2_ctrl,7,225,14.5,0.3057998716831207,0.4862681599570647
UBFC_PHYS_s13_T2_ctrl,7,226,14.533333333333333,0.27754053473472595,0.48728066256787983
UBFC_PHYS_s13_T2_ctrl,7,227,14.566666666666666,0.23093700408935547,0.4584107130685714
UBFC_PHYS_s13_T2_ctrl,7,228,14.6,0.17736749351024628,0.39082441004374907
UBFC_PHYS_s13_T2_ctrl,7,229,14.633333333333333,0.10443887859582901,0.2842018189014517
UBFC_PHYS_s13_T2_ctrl,7,230,14.666666666666666,0.001326552010141313,0.14721682240469397
UBFC_PHYS_s13_T2_ctrl,7,231,14.7,-0.08673346042633057,-0.004975931078958285
UBFC_PHYS_s13_T2_ctrl,7,232,14.733333333333333,-0.09487251937389374,-0.1542606458760621
UBFC_PHYS_s13_T2_ctrl,7,233,14.766666666666667,-0.013745537027716637,-0.2827288775023109
UBFC_PHYS_s13_T2_ctrl,7,234,14.8,0.09926217794418335,-0.37511487428209367
UBFC_PHYS_s13_T2_ctrl,7,235,14.833333333333334,0.18773408234119415,-0.420675644891799
UBFC_PHYS_s13_T2_ctrl,7,236,14.866666666666667,0.2408587485551834,-0.4146901139076068
UBFC_PHYS_s13_T2_ctrl,7,237,14.9,0.2704196870326996,-0.3594356286323159
UBFC_PHYS_s13_T2_ctrl,7,238,14.933333333333334,0.2812409996986389,-0.26425360418401705
UBFC_PHYS_s13_T2_ctrl,7,239,14.966666666666667,0.2794879674911499,-0.14434819132531218
UBFC_PHYS_s13_T2_ctrl,8,0,8.0,-0.07449521124362946,0.1682801704500211
UBFC_PHYS_s13_T2_ctrl,8,1,8.033333333333333,-0.14499199390411377,-0.04196061911746398
UBFC_PHYS_s13_T2_ctrl,8,2,8.066666666666666,-0.2234070599079132,-0.22844400108581564
UBFC_PHYS_s13_T2_ctrl,8,3,8.1,-0.2405320256948471,-0.3684771196792165
UBFC_PHYS_s13_T2_ctrl,8,4,8.133333333333333,-0.18036888539791107,-0.44530526291949285
UBFC_PHYS_s13_T2_ctrl,8,5,8.166666666666666,-0.08652257174253464,-0.45116665825606495
UBFC_PHYS_s13_T2_ctrl,8,6,8.2,-0.016121352091431618,-0.3890332096382929
UBFC_PHYS_s13_T2_ctrl,8,7,8.233333333333333,-0.0035601789131760597,-0.2721219416874137
UBFC_PHYS_s13_T2_ctrl,8,8,8.266666666666667,-0.0177755244076252,-0.12114925231092696
UBFC_PHYS_s13_T2_ctrl,8,9,8.3,0.005705827381461859,0.03984539013186671
UBFC_PHYS_s13_T2_ctrl,8,10,8.333333333333334,0.05739380046725273,0.18772592212649655
UBFC_PHYS_s13_T2_ctrl,8,11,8.366666666666667,0.07558640837669373,0.3031385690660362
UBFC_PHYS_s13_T2_ctrl,8,12,8.4,0.0518019013106823,0.3712832010937952
UBFC_PHYS_s13_T2_ctrl,8,13,8.433333333333334,0.008944975212216377,0.3810275076999527
UBFC_PHYS_s13_T2_ctrl,8,14,8.466666666666667,-0.08586683124303818,0.32403940927867214
UBFC_PHYS_s13_T2_ctrl,8,15,8.5,-0.25861260294914246,0.19573548334691937
UBFC_PHYS_s13_T2_ctrl,8,16,8.533333333333333,-0.4364856481552124,-0.001591687280480765
UBFC_PHYS_s13_T2_ctrl,8,17,8.566666666666666,-0.5361018180847168,-0.25489628946809945
UBFC_PHYS_s13_T2_ctrl,8,18,8.6,-0.5501556992530823,-0.5379248376858179
UBFC_PHYS_s13_T2_ctrl,8,19,8.633333333333333,-0.523504376411438,-0.8119622012182239
UBFC_PHYS_s13_T2_ctrl,8,20,8.666666666666666,-0.5351428985595703,-1.030597074812338
UBFC_PHYS_s13_T2_ctrl,8,21,8.7,-0.645679235458374,-1.1481678405500908
UBFC_PHYS_s13_T2_ctrl,8,22,8.733333333333333,-0.8137953281402588,-1.1303597420162634
UBFC_PHYS_s13_T2_ctrl,8,23,8.766666666666667,-0.9334955215454102,-0.964313293528437
UBFC_PHYS_s13_T2_ctrl,8,24,8.8,-0.9679860472679138,-0.6648883562763336
UBFC_PHYS_s13_T2_ctrl,8,25,8.833333333333334,-0.9288328886032104,-0.2740657853660398
UBFC_PHYS_s13_T2_ctrl,8,26,8.866666666666667,-0.7578005790710449,0.147658207540316
UBFC_PHYS_s13_T2_ctrl,8,27,8.9,-0.42995792627334595,0.5358610147839729
UBFC_PHYS_s13_T2_ctrl,8,28,8.933333333333334,-0.11082771420478821,0.8376231098912679
UBFC_PHYS_s13_T2_ctrl,8,29,8.966666666666667,-0.009695777669548988,1.0219715814711
UBFC_PHYS_s13_T2_ctrl,8,30,9.0,-0.1569402664899826,1.0823036673867588
UBFC_PHYS_s13_T2_ctrl,8,31,9.033333333333333,-0.4141642153263092,1.0317731036927578
UBFC_PHYS_s13_T2_ctrl,8,32,9.066666666666666,-0.5718312859535217,0.8950249034796472
UBFC_PHYS_s13_T2_ctrl,8,33,9.1,-0.492592453956604,0.6999019296892129
UBFC_PHYS_s13_T2_ctrl,8,34,9.133333333333333,-0.19570130109786987,0.47166019235792606
UBFC_PHYS_s13_T2_ctrl,8,35,9.166666666666666,0.22399738430976868,0.2306564436948515
UBFC_PHYS_s13_T2_ctrl,8,36,9.2,0.6457720398902893,-0.006957635506099721
UBFC_PHYS_s13_T2_ctrl,8,37,9.233333333333333,0.8589296936988831,-0.22689120763245488
UBFC_PHYS_s13_T2_ctrl,8,38,9.266666666666667,0.6746969819068909,-0.4143313671719642
UBFC_PHYS_s13_T2_ctrl,8,39,9.3,0.1946275681257248,-0.5529100613781457
UBFC_PHYS_s13_T2_ctrl,8,40,9.333333333333334,-0.24892482161521912,-0.6258865777209953
UBFC_PHYS_s13_T2_ctrl,8,41,9.366666666666667,-0.48404479026794434,-0.6195946878358646
UBFC_PHYS_s13_T2_ctrl,8,42,9.4,-0.6199769973754883,-0.5281792501442459
UBFC_PHYS_s13_T2_ctrl,8,43,9.433333333333334,-0.6787627339363098,-0.35782463860222324
UBFC_PHYS_s13_T2_ctrl,8,44,9.466666666666667,-0.44063428044319153,-0.12851085379249838
UBFC_PHYS_s13_T2_ctrl,8,45,9.5,0.1469399333000183,0.128006829580935
UBFC_PHYS_s13_T2_ctrl,8,46,9.533333333333333,0.7738649845123291,0.37398988370633507
UBFC_PHYS_s13_T2_ctrl,8,47,9.566666666666666,1.1422547101974487,0.5738175611616589
UBFC_PHYS_s13_T2_ctrl,8,48,9.6,1.23227858543396,0.7019197525187789
UBFC_PHYS_s13_T2_ctrl,8,49,9.633333333333333,1.1793285608291626,0.7479131325278685
UBFC_PHYS_s13_T2_ctrl,8,50,9.666666666666666,1.0539178848266602,0.7171677526475566
UBFC_PHYS_s13_T2_ctrl,8,51,9.7,0.7827355861663818,0.6267028942050954
UBFC_PHYS_s13_T2_ctrl,8,52,9.733333333333333,0.3154810667037964,0.4981874021425364
UBFC_PHYS_s13_T2_ctrl,8,53,9.766666666666667,-0.28184351325035095,0.3509140852907666
UBFC_PHYS_s13_T2_ctrl,8,54,9.8,-0.9013280868530273,0.19730802421259472
UBFC_PHYS_s13_T2_ctrl,8,55,9.833333333333334,-1.3742074966430664,0.04219339678925056
UBFC_PHYS_s13_T2_ctrl,8,56,9.866666666666667,-1.5423598289489746,-0.11449549564970504
UBFC_PHYS_s13_T2_ctrl,8,57,9.9,-1.4776723384857178,-0.27302522491010306
UBFC_PHYS_s13_T2_ctrl,8,58,9.933333333333334,-1.3747248649597168,-0.42917382213153377
UBFC_PHYS_s13_T2_ctrl,8,59,9.966666666666667,-1.2482662200927734,-0.5714411482501175
UBFC_PHYS_s13_T2_ctrl,8,60,10.0,-1.045498251914978,-0.6815220811281729
UBFC_PHYS_s13_T2_ctrl,8,61,10.033333333333333,-0.9447320103645325,-0.7384152774693051
UBFC_PHYS_s13_T2_ctrl,8,62,10.066666666666666,-1.1137806177139282,-0.7251969324842562
UBFC_PHYS_s13_T2_ctrl,8,63,10.1,-1.3517311811447144,-0.6362049510213664
UBFC_PHYS_s13_T2_ctrl,8,64,10.133333333333333,-1.3478296995162964,-0.481773438215151
UBFC_PHYS_s13_T2_ctrl,8,65,10.166666666666666,-1.1154052019119263,-0.2883298514533073
UBFC_PHYS_s13_T2_ctrl,8,66,10.2,-0.8468590378761292,-0.09353120442781193
UBFC_PHYS_s13_T2_ctrl,8,67,10.233333333333333,-0.5583112239837646,0.062048614065573236
UBFC_PHYS_s13_T2_ctrl,8,68,10.266666666666667,-0.20025192201137543,0.1444125482978647
UBFC_PHYS_s13_T2_ctrl,8,69,10.3,0.13590770959854126,0.13453964721980696
UBFC_PHYS_s13_T2_ctrl,8,70,10.333333333333334,0.4124808609485626,0.033553544380749215
UBFC_PHYS_s13_T2_ctrl,8,71,10.366666666666667,0.7430189847946167,-0.13689441270323632
UBFC_PHYS_s13_T2_ctrl,8,72,10.4,1.1460968255996704,-0.3392459819598557
UBFC_PHYS_s13_T2_ctrl,8,73,10.433333333333334,1.4145573377609253,-0.5284094684769769
UBFC_PHYS_s13_T2_ctrl,8,74,10.466666666666667,1.3523313999176025,-0.6617717114654563
UBFC_PHYS_s13_T2_ctrl,8,75,10.5,1.0398969650268555,-0.7084809456131352
UBFC_PHYS_s13_T2_ctrl,8,76,10.533333333333333,0.7357531189918518,-0.6557127306717667
UBFC_PHYS_s13_T2_ctrl,8,77,10.566666666666666,0.5671395063400269,-0.5100257637247677
UBFC_PHYS_s13_T2_ctrl,8,78,10.6,0.4809906780719757,-0.2929578887550091
UBFC_PHYS_s13_T2_ctrl,8,79,10.633333333333333,0.37980929017066956,-0.032255859045131334
UBFC_PHYS_s13_T2_ctrl,8,80,10.666666666666666,0.15336550772190094,0.2470696727821954
UBFC_PHYS_s13_T2_ctrl,8,81,10.7,-0.2518014907836914,0.5270675602745556
UBFC_PHYS_s13_T2_ctrl,8,82,10.733333333333333,-0.7234913110733032,0.7948916551330898
UBFC_PHYS_s13_T2_ctrl,8,83,10.766666666666667,-1.1035853624343872,1.037243160931394
UBFC_PHYS_s13_T2_ctrl,8,84,10.8,-1.3038655519485474,1.235900116958058
UBFC_PHYS_s13_T2_ctrl,8,85,10.833333333333334,-1.3288495540618896,1.3677920600640971
UBFC_PHYS_s13_T2_ctrl,8,86,10.866666666666667,-1.2448458671569824,1.4098877962423786
UBFC_PHYS_s13_T2_ctrl,8,87,10.9,-1.0977331399917603,1.3463526904494116
UBFC_PHYS_s13_T2_ctrl,8,88,10.933333333333334,-0.902949333190918,1.1746890803968237
UBFC_PHYS_s13_T2_ctrl,8,89,10.966666666666667,-0.6813395619392395,0.9085543501287474
UBFC_PHYS_s13_T2_ctrl,8,90,11.0,-0.45859622955322266,0.5764259177371883
UBFC_PHYS_s13_T2_ctrl,8,91,11.033333333333333,-0.24777480959892273,0.21656198101792637
UBFC_PHYS_s13_T2_ctrl,8,92,11.066666666666666,-0.05120498314499855,-0.13038858818797683
UBFC_PHYS_s13_T2_ctrl,8,93,11.1,0.11561278998851776,-0.42920085365306576
UBFC_PHYS_s13_T2_ctrl,8,94,11.133333333333333,0.22830745577812195,-0.6561709719767261
UBFC_PHYS_s13_T2_ctrl,8,95,11.166666666666666,0.27835115790367126,-0.8018051244215807
UBFC_PHYS_s13_T2_ctrl,8,96,11.2,0.28358715772628784,-0.8696147061661516
UBFC_PHYS_s13_T2_ctrl,8,97,11.233333333333333,0.2711116671562195,-0.8718887304376962
UBFC_PHYS_s13_T2_ctrl,8,98,11.266666666666667,0.2569721043109894,-0.8241632311268179
UBFC_PHYS_s13_T2_ctrl,8,99,11.3,0.242176815867424,-0.7403789645647134
UBFC_PHYS_s13_T2_ctrl,8,100,11.333333333333334,0.22403033077716827,-0.6304789715186068
UBFC_PHYS_s13_T2_ctrl,8,101,11.366666666666667,0.20518527925014496,-0.5011905167310797
UBFC_PHYS_s13_T2_ctrl,8,102,11.4,0.1907919943332672,-0.35907619673413627
UBFC_PHYS_s13_T2_ctrl,8,103,11.433333333333334,0.17950604856014252,-0.21369593112683744
UBFC_PHYS_s13_T2_ctrl,8,104,11.466666666666667,0.16455918550491333,-0.07883745463443935
UBFC_PHYS_s13_T2_ctrl,8,105,11.5,0.14778019487857819,0.028997931410935728
UBFC_PHYS_s13_T2_ctrl,8,106,11.533333333333333,0.14382599294185638,0.09422678232261847
UBFC_PHYS_s13_T2_ctrl,8,107,11.566666666666666,0.15864107012748718,0.10645332027215532
UBFC_PHYS_s13_T2_ctrl,8,108,11.6,0.1811239868402481,0.06394423944358434
UBFC_PHYS_s13_T2_ctrl,8,109,11.633333333333333,0.20436808466911316,-0.02456597895603588
UBFC_PHYS_s13_T2_ctrl,8,110,11.666666666666666,0.241807758808136,-0.14009908414365466
UBFC_PHYS_s13_T2_ctrl,8,111,11.7,0.3042874038219452,-0.2557603272764663
UBFC_PHYS_s13_T2_ctrl,8,112,11.733333333333333,0.37794095277786255,-0.3410714718537557
UBFC_PHYS_s13_T2_ctrl,8,113,11.766666666666667,0.4467242360115051,-0.3679532639212211
UBFC_PHYS_s13_T2_ctrl,8,114,11.8,0.5233895778656006,-0.31749144927437395
UBFC_PHYS_s13_T2_ctrl,8,115,11.833333333333334,0.6389082074165344,-0.18584782275535972
UBFC_PHYS_s13_T2_ctrl,8,116,11.866666666666667,0.8107214570045471,0.012946788682927517
UBFC_PHYS_s13_T2_ctrl,8,117,11.9,0.9979230761528015,0.24915422408675397
UBFC_PHYS_s13_T2_ctrl,8,118,11.933333333333334,1.1028048992156982,0.4844209496356085
UBFC_PHYS_s13_T2_ctrl,8,119,11.966666666666667,1.077817678451538,0.681472030141712
UBFC_PHYS_s13_T2_ctrl,8,120,12.0,0.9905188679695129,0.812778392693284
UBFC_PHYS_s13_T2_ctrl,8,121,12.033333333333333,0.9174287915229797,0.8650553557047225
UBFC_PHYS_s13_T2_ctrl,8,122,12.066666666666666,0.8463685512542725,0.8385103398291339
UBFC_PHYS_s13_T2_ctrl,8,123,12.1,0.7416415810585022,0.7421707283586233
UBFC_PHYS_s13_T2_ctrl,8,124,12.133333333333333,0.5946903824806213,0.5880818809027166
UBFC_PHYS_s13_T2_ctrl,8,125,12.166666666666666,0.41081681847572327,0.38719910539891755
UBFC_PHYS_s13_T2_ctrl,8,126,12.2,0.21730490028858185,0.14863861607432297
UBFC_PHYS_s13_T2_ctrl,8,127,12.233333333333333,0.07144767791032791,-0.11780812592379596
UBFC_PHYS_s13_T2_ctrl,8,128,12.266666666666667,0.017163118347525597,-0.39761500564489966
UBFC_PHYS_s13_T2_ctrl,8,129,12.3,0.01905124820768833,-0.66844920547546
UBFC_PHYS_s13_T2_ctrl,8,130,12.333333333333334,-0.008460090495646,-0.9002881036253979
UBFC_PHYS_s13_T2_ctrl,8,131,12.366666666666667,-0.10146614909172058,-1.0596278005722672
UBFC_PHYS_s13_T2_ctrl,8,132,12.4,-0.22313354909420013,-1.1169591126524843
UBFC_PHYS_s13_T2_ctrl,8,133,12.433333333333334,-0.3278110921382904,-1.0552021704799424
UBFC_PHYS_s13_T2_ctrl,8,134,12.466666666666667,-0.38925933837890625,-0.8761174418141883
UBFC_PHYS_s13_T2_ctrl,8,135,12.5,-0.3748166263103485,-0.6021103130527382
UBFC_PHYS_s13_T2_ctrl,8,136,12.533333333333333,-0.26833993196487427,-0.27227027887927496
UBFC_PHYS_s13_T2_ctrl,8,137,12.566666666666666,-0.13020658493041992,0.06638559227549067
UBFC_PHYS_s13_T2_ctrl,8,138,12.6,-0.038334064185619354,0.36945160883576905
UBFC_PHYS_s13_T2_ctrl,8,139,12.633333333333333,-0.008074556477367878,0.6037689688139679
UBFC_PHYS_s13_T2_ctrl,8,140,12.666666666666666,0.009284377098083496,0.7517558756713892
UBFC_PHYS_s13_T2_ctrl,8,141,12.7,0.07544801384210587,0.8111730253566144
UBFC_PHYS_s13_T2_ctrl,8,142,12.733333333333333,0.22194449603557587,0.791613793915428
UBFC_PHYS_s13_T2_ctrl,8,143,12.766666666666667,0.40872108936309814,0.7095692480238625
UBFC_PHYS_s13_T2_ctrl,8,144,12.8,0.5346293449401855,0.583757803423258
UBFC_PHYS_s13_T2_ctrl,8,145,12.833333333333334,0.5445016622543335,0.43181271772458574
UBFC_PHYS_s13_T2_ctrl,8,146,12.866666666666667,0.4724792540073395,0.2686757616434943
UBFC_PHYS_s13_T2_ctrl,8,147,12.9,0.37648117542266846,0.1064806548530405
UBFC_PHYS_s13_T2_ctrl,8,148,12.933333333333334,0.2799789607524872,-0.04454578496928558
UBFC_PHYS_s13_T2_ctrl,8,149,12.966666666666667,0.18831732869148254,-0.174803331141155
UBFC_PHYS_s13_T2_ctrl,8,150,13.0,0.10902904719114304,-0.27450497846162436
UBFC_PHYS_s13_T2_ctrl,8,151,13.033333333333333,0.04304005578160286,-0.3340851127133746
UBFC_PHYS_s13_T2_ctrl,8,152,13.066666666666666,-0.01616418920457363,-0.345949672656865
UBFC_PHYS_s13_T2_ctrl,8,153,13.1,-0.07010605186223984,-0.30691499282362034
UBFC_PHYS_s13_T2_ctrl,8,154,13.133333333333333,-0.11824513226747513,-0.22029751920062812
UBFC_PHYS_s13_T2_ctrl,8,155,13.166666666666666,-0.15412290394306183,-0.09670341000090388
UBFC_PHYS_s13_T2_ctrl,8,156,13.2,-0.1551213264465332,0.04702602118778752
UBFC_PHYS_s13_T2_ctrl,8,157,13.233333333333333,-0.10038203746080399,0.19063062155931607
UBFC_PHYS_s13_T2_ctrl,8,158,13.266666666666667,-0.0026309422682970762,0.3142512842315582
UBFC_PHYS_s13_T2_ctrl,8,159,13.3,0.09877778589725494,0.4021178923090738
UBFC_PHYS_s13_T2_ctrl,8,160,13.333333333333334,0.17392733693122864,0.44510437994807595
UBFC_PHYS_s13_T2_ctrl,8,161,13.366666666666667,0.20268425345420837,0.4415997652232964
UBFC_PHYS_s13_T2_ctrl,8,162,13.4,0.17346271872520447,0.39660692905635714
UBFC_PHYS_s13_T2_ctrl,8,163,13.433333333333334,0.10335806757211685,0.31937221918277603
UBFC_PHYS_s13_T2_ctrl,8,164,13.466666666666667,0.0332501195371151,0.2202060757325997
UBFC_PHYS_s13_T2_ctrl,8,165,13.5,-0.008608372882008553,0.1074841701619986
UBFC_PHYS_s13_T2_ctrl,8,166,13.533333333333333,-0.018470805138349533,-0.014022276060268384
UBFC_PHYS_s13_T2_ctrl,8,167,13.566666666666666,-0.00922456942498684,-0.1426728248919701
UBFC_PHYS_s13_T2_ctrl,8,168,13.6,-0.006532418541610241,-0.27744718406240587
UBFC_PHYS_s13_T2_ctrl,8,169,13.633333333333333,-0.042232245206832886,-0.41452544679253345
UBFC_PHYS_s13_T2_ctrl,8,170,13.666666666666666,-0.1159484013915062,-0.5446013113616964
UBFC_PHYS_s13_T2_ctrl,8,171,13.7,-0.17586110532283783,-0.6523560409340544
UBFC_PHYS_s13_T2_ctrl,8,172,13.733333333333333,-0.16831187903881073,-0.7187259303973829
UBFC_PHYS_s13_T2_ctrl,8,173,13.766666666666667,-0.09716595709323883,-0.7256070639546228
UBFC_PHYS_s13_T2_ctrl,8,174,13.8,-0.010397648438811302,-0.6618249489963653
UBFC_PHYS_s13_T2_ctrl,8,175,13.833333333333334,0.05464233458042145,-0.5286744521214578
UBFC_PHYS_s13_T2_ctrl,8,176,13.866666666666667,0.0826578363776207,-0.34311884814535504
UBFC_PHYS_s13_T2_ctrl,8,177,13.9,0.07592251896858215,-0.13688487602855098
UBFC_PHYS_s13_T2_ctrl,8,178,13.933333333333334,0.049294281750917435,0.04956263923446841
UBFC_PHYS_s13_T2_ctrl,8,179,13.966666666666667,0.012246731668710709,0.1774415149813297
UBFC_PHYS_s13_T2_ctrl,8,180,14.0,-0.033420972526073456,0.22132864688496878
UBFC_PHYS_s13_T2_ctrl,8,181,14.033333333333333,-0.07972463965415955,0.17751086298873234
UBFC_PHYS_s13_T2_ctrl,8,182,14.066666666666666,-0.11927981674671173,0.06534993511579959
UBFC_PHYS_s13_T2_ctrl,8,183,14.1,-0.1579980105161667,-0.07914204326432475
UBFC_PHYS_s13_T2_ctrl,8,184,14.133333333333333,-0.21011435985565186,-0.2150561019601419
UBFC_PHYS_s13_T2_ctrl,8,185,14.166666666666666,-0.2814975380897522,-0.30907941477059825
UBFC_PHYS_s13_T2_ctrl,8,186,14.2,-0.3452589809894562,-0.3440516063721337
UBFC_PHYS_s13_T2_ctrl,8,187,14.233333333333333,-0.35022810101509094,-0.32068228291346207
UBFC_PHYS_s13_T2_ctrl,8,188,14.266666666666667,-0.27676236629486084,-0.25232552877599695
UBFC_PHYS_s13_T2_ctrl,8,189,14.3,-0.15925346314907074,-0.15559487550242254
UBFC_PHYS_s13_T2_ctrl,8,190,14.333333333333334,-0.0255125742405653,-0.041510312077008726
UBFC_PHYS_s13_T2_ctrl,8,191,14.366666666666667,0.11937916278839111,0.08838696487511517
UBFC_PHYS_s13_T2_ctrl,8,192,14.4,0.24485579133033752,0.2391808490521021
UBFC_PHYS_s13_T2_ctrl,8,193,14.433333333333334,0.30822840332984924,0.41479405938752234
UBFC_PHYS_s13_T2_ctrl,8,194,14.466666666666667,0.31693094968795776,0.6095876037506153
UBFC_PHYS_s13_T2_ctrl,8,195,14.5,0.3057998716831207,0.8040589020817711
UBFC_PHYS_s13_T2_ctrl,8,196,14.533333333333333,0.27754053473472595,0.9675293084340388
UBFC_PHYS_s13_T2_ctrl,8,197,14.566666666666666,0.23093700408935547,1.0672830686856762
UBFC_PHYS_s13_T2_ctrl,8,198,14.6,0.17736749351024628,1.0800700341623963
UBFC_PHYS_s13_T2_ctrl,8,199,14.633333333333333,0.10443887859582901,1.000454097468507
UBFC_PHYS_s13_T2_ctrl,8,200,14.666666666666666,0.001326552010141313,0.8423265539319713
UBFC_PHYS_s13_T2_ctrl,8,201,14.7,-0.08673346042633057,0.6335584738499416
UBFC_PHYS_s13_T2_ctrl,8,202,14.733333333333333,-0.09487251937389374,0.40682640847462803
UBFC_PHYS_s13_T2_ctrl,8,203,14.766666666666667,-0.013745537027716637,0.19067795688153255
UBFC_PHYS_s13_T2_ctrl,8,204,14.8,0.09926217794418335,0.003838582776958019
UBFC_PHYS_s13_T2_ctrl,8,205,14.833333333333334,0.18773408234119415,-0.14622144973090814
UBFC_PHYS_s13_T2_ctrl,8,206,14.866666666666667,0.2408587485551834,-0.261051804683841
UBFC_PHYS_s13_T2_ctrl,8,207,14.9,0.2704196870326996,-0.3468389554716346
UBFC_PHYS_s13_T2_ctrl,8,208,14.933333333333334,0.2812409996986389,-0.4098008166607455
UBFC_PHYS_s13_T2_ctrl,8,209,14.966666666666667,0.2794879674911499,-0.4531061250030558
UBFC_PHYS_s13_T2_ctrl,8,210,15.0,0.27703309059143066,-0.47627897144413944
UBFC_PHYS_s13_T2_ctrl,8,211,15.033333333333333,0.27790960669517517,-0.47697015886519867
UBFC_PHYS_s13_T2_ctrl,8,212,15.066666666666666,0.27664753794670105,-0.45406420473674225
UBFC_PHYS_s13_T2_ctrl,8,213,15.1,0.24955140054225922,-0.41070542595746423
UBFC_PHYS_s13_T2_ctrl,8,214,15.133333333333333,0.15244285762310028,-0.35603954402300725
UBFC_PHYS_s13_T2_ctrl,8,215,15.166666666666666,-0.024968871846795082,-0.30495971120383814
UBFC_PHYS_s13_T2_ctrl,8,216,15.2,-0.21154774725437164,-0.27563977700707754
UBFC_PHYS_s13_T2_ctrl,8,217,15.233333333333333,-0.3065078556537628,-0.2852705441926666
UBFC_PHYS_s13_T2_ctrl,8,218,15.266666666666667,-0.2764427363872528,-0.34518983790925695
UBFC_PHYS_s13_T2_ctrl,8,219,15.3,-0.18341362476348877,-0.45688950657960686
UBFC_PHYS_s13_T2_ctrl,8,220,15.333333333333334,-0.10482721775770187,-0.6098209368625008
UBFC_PHYS_s13_T2_ctrl,8,221,15.366666666666667,-0.06697564572095871,-0.7811916180273908
UBFC_PHYS_s13_T2_ctrl,8,222,15.4,-0.054210174828767776,-0.9377859060699312
UBFC_PHYS_s13_T2_ctrl,8,223,15.433333333333334,-0.04248926788568497,-1.040030274498495
UBFC_PHYS_s13_T2_ctrl,8,224,15.466666666666667,-0.01769644021987915,-1.048462363642654
UBFC_PHYS_s13_T2_ctrl,8,225,15.5,0.01946643926203251,-0.9322378093459539
UBFC_PHYS_s13_T2_ctrl,8,226,15.533333333333333,0.0630713701248169,-0.6783818272175058
UBFC_PHYS_s13_T2_ctrl,8,227,15.566666666666666,0.11533599346876144,-0.29930488461602667
UBFC_PHYS_s13_T2_ctrl,8,228,15.6,0.1771203577518463,0.164779162972872
UBFC_PHYS_s13_T2_ctrl,8,229,15.633333333333333,0.23545467853546143,0.651333948060389
UBFC_PHYS_s13_T2_ctrl,8,230,15.666666666666666,0.27986693382263184,1.089054192374352
UBFC_PHYS_s13_T2_ctrl,8,231,15.7,0.32788407802581787,1.4158219496186415
UBFC_PHYS_s13_T2_ctrl,8,232,15.733333333333333,0.4113176763057709,1.5943929790989277
UBFC_PHYS_s13_T2_ctrl,8,233,15.766666666666667,0.5192772150039673,1.6194555444084722
UBFC_PHYS_s13_T2_ctrl,8,234,15.8,0.5839678645133972,1.5138969649131062
UBFC_PHYS_s13_T2_ctrl,8,235,15.833333333333334,0.5589674711227417,1.3171374987509317
UBFC_PHYS_s13_T2_ctrl,8,236,15.866666666666667,0.4578981399536133,1.0708888321155483
UBFC_PHYS_s13_T2_ctrl,8,237,15.9,0.32072699069976807,0.8073622242725682
UBFC_PHYS_s13_T2_ctrl,8,238,15.933333333333334,0.18465639650821686,0.543155879215284
UBFC_PHYS_s13_T2_ctrl,8,239,15.966666666666667,0.07687811553478241,0.27987638502705925
UBFC_PHYS_s13_T2_ctrl,9,0,9.0,-0.1569402664899826,-0.19815020549709841
UBFC_PHYS_s13_T2_ctrl,9,1,9.033333333333333,-0.4141642153263092,-0.3025456660888884
UBFC_PHYS_s13_T2_ctrl,9,2,9.066666666666666,-0.5718312859535217,-0.399292951573288
UBFC_PHYS_s13_T2_ctrl,9,3,9.1,-0.492592453956604,-0.48423767877459983
UBFC_PHYS_s13_T2_ctrl,9,4,9.133333333333333,-0.19570130109786987,-0.5527325793691734
UBFC_PHYS_s13_T2_ctrl,9,5,9.166666666666666,0.22399738430976868,-0.6005517738251753
UBFC_PHYS_s13_T2_ctrl,9,6,9.2,0.6457720398902893,-0.6245672054374951
UBFC_PHYS_s13_T2_ctrl,9,7,9.233333333333333,0.8589296936988831,-0.6223737614887381
UBFC_PHYS_s13_T2_ctrl,9,8,9.266666666666667,0.6746969819068909,-0.5909609908778168
UBFC_PHYS_s13_T2_ctrl,9,9,9.3,0.1946275681257248,-0.5254934465481633
UBFC_PHYS_s13_T2_ctrl,9,10,9.333333333333334,-0.24892482161521912,-0.41951257234927986
UBFC_PHYS_s13_T2_ctrl,9,11,9.366666666666667,-0.48404479026794434,-0.267218854320974
UBFC_PHYS_s13_T2_ctrl,9,12,9.4,-0.6199769973754883,-0.06729906955773551
UBFC_PHYS_s13_T2_ctrl,9,13,9.433333333333334,-0.6787627339363098,0.1732608136363256
UBFC_PHYS_s13_T2_ctrl,9,14,9.466666666666667,-0.44063428044319153,0.4372041797556237
UBFC_PHYS_s13_T2_ctrl,9,15,9.5,0.1469399333000183,0.6981689119355986
UBFC_PHYS_s13_T2_ctrl,9,16,9.533333333333333,0.7738649845123291,0.92521814984544
UBFC_PHYS_s13_T2_ctrl,9,17,9.566666666666666,1.1422547101974487,1.0896307908584995
UBFC_PHYS_s13_T2_ctrl,9,18,9.6,1.23227858543396,1.1716749108913649
UBFC_PHYS_s13_T2_ctrl,9,19,9.633333333333333,1.1793285608291626,1.1647867067131548
UBFC_PHYS_s13_T2_ctrl,9,20,9.666666666666666,1.0539178848266602,1.0755681946709217
UBFC_PHYS_s13_T2_ctrl,9,21,9.7,0.7827355861663818,0.9199247592100259
UBFC_PHYS_s13_T2_ctrl,9,22,9.733333333333333,0.3154810667037964,0.7174863513657393
UBFC_PHYS_s13_T2_ctrl,9,23,9.766666666666667,-0.28184351325035095,0.48696007775272215
UBFC_PHYS_s13_T2_ctrl,9,24,9.8,-0.9013280868530273,0.24386621309005874
UBFC_PHYS_s13_T2_ctrl,9,25,9.833333333333334,-1.3742074966430664,0.00046388121797844885
UBFC_PHYS_s13_T2_ctrl,9,26,9.866666666666667,-1.5423598289489746,-0.23307810063127934
UBFC_PHYS_s13_T2_ctrl,9,27,9.9,-1.4776723384857178,-0.4471565997364062
UBFC_PHYS_s13_T2_ctrl,9,28,9.933333333333334,-1.3747248649597168,-0.6315539814568507
UBFC_PHYS_s13_T2_ctrl,9,29,9.966666666666667,-1.2482662200927734,-0.7751231905191709
UBFC_PHYS_s13_T2_ctrl,9,30,10.0,-1.045498251914978,-0.8666036522245001
UBFC_PHYS_s13_T2_ctrl,9,31,10.033333333333333,-0.9447320103645325,-0.8965492719248184
UBFC_PHYS_s13_T2_ctrl,9,32,10.066666666666666,-1.1137806177139282,-0.8600943584508537
UBFC_PHYS_s13_T2_ctrl,9,33,10.1,-1.3517311811447144,-0.7599889013540294
UBFC_PHYS_s13_T2_ctrl,9,34,10.133333333333333,-1.3478296995162964,-0.6089828627459632
UBFC_PHYS_s13_T2_ctrl,9,35,10.166666666666666,-1.1154052019119263,-0.4304119342286359
UBFC_PHYS_s13_T2_ctrl,9,36,10.2,-0.8468590378761292,-0.25597964435381165
UBFC_PHYS_s13_T2_ctrl,9,37,10.233333333333333,-0.5583112239837646,-0.12036300900338213
UBFC_PHYS_s13_T2_ctrl,9,38,10.266666666666667,-0.20025192201137543,-0.053333462265409914
UBFC_PHYS_s13_T2_ctrl,9,39,10.3,0.13590770959854126,-0.07133295067007127
UBFC_PHYS_s13_T2_ctrl,9,40,10.333333333333334,0.4124808609485626,-0.1713417216251593
UBFC_PHYS_s13_T2_ctrl,9,41,10.366666666666667,0.7430189847946167,-0.329640155371345
UBFC_PHYS_s13_T2_ctrl,9,42,10.4,1.1460968255996704,-0.5064443390490786
UBFC_PHYS_s13_T2_ctrl,9,43,10.433333333333334,1.4145573377609253,-0.6552681324261119
UBFC_PHYS_s13_T2_ctrl,9,44,10.466666666666667,1.3523313999176025,-0.734335563881291
UBFC_PHYS_s13_T2_ctrl,9,45,10.5,1.0398969650268555,-0.7167739052378365
UBFC_PHYS_s13_T2_ctrl,9,46,10.533333333333333,0.7357531189918518,-0.596584631892496
UBFC_PHYS_s13_T2_ctrl,9,47,10.566666666666666,0.5671395063400269,-0.3884899678942575
UBFC_PHYS_s13_T2_ctrl,9,48,10.6,0.4809906780719757,-0.12160516638279291
UBFC_PHYS_s13_T2_ctrl,9,49,10.633333333333333,0.37980929017066956,0.17082116275089135
UBFC_PHYS_s13_T2_ctrl,9,50,10.666666666666666,0.15336550772190094,0.4614333950023684
UBFC_PHYS_s13_T2_ctrl,9,51,10.7,-0.2518014907836914,0.7341970029267614
UBFC_PHYS_s13_T2_ctrl,9,52,10.733333333333333,-0.7234913110733032,0.9830547047315754
UBFC_PHYS_s13_T2_ctrl,9,53,10.766666666666667,-1.1035853624343872,1.2051341068710417
UBFC_PHYS_s13_T2_ctrl,9,54,10.8,-1.3038655519485474,1.3926924135655976
UBFC_PHYS_s13_T2_ctrl,9,55,10.833333333333334,-1.3288495540618896,1.5286178430675266
UBFC_PHYS_s13_T2_ctrl,9,56,10.866666666666667,-1.2448458671569824,1.588315302531192
UBFC_PHYS_s13_T2_ctrl,9,57,10.9,-1.0977331399917603,1.5474440201379092
UBFC_PHYS_s13_T2_ctrl,9,58,10.933333333333334,-0.902949333190918,1.3920921149716674
UBFC_PHYS_s13_T2_ctrl,9,59,10.966666666666667,-0.6813395619392395,1.1267715491911594
UBFC_PHYS_s13_T2_ctrl,9,60,11.0,-0.45859622955322266,0.7764946240802115
UBFC_PHYS_s13_T2_ctrl,9,61,11.033333333333333,-0.24777480959892273,0.3818148205488097
UBFC_PHYS_s13_T2_ctrl,9,62,11.066666666666666,-0.05120498314499855,-0.011071790403384709
UBFC_PHYS_s13_T2_ctrl,9,63,11.1,0.11561278998851776,-0.36107963659944986
UBFC_PHYS_s13_T2_ctrl,9,64,11.133333333333333,0.22830745577812195,-0.6400764167001698
UBFC_PHYS_s13_T2_ctrl,9,65,11.166666666666666,0.27835115790367126,-0.8358863791551537
UBFC_PHYS_s13_T2_ctrl,9,66,11.2,0.28358715772628784,-0.9504820924377121
UBFC_PHYS_s13_T2_ctrl,9,67,11.233333333333333,0.2711116671562195,-0.9948969208927186
UBFC_PHYS_s13_T2_ctrl,9,68,11.266666666666667,0.2569721043109894,-0.983288052141275
UBFC_PHYS_s13_T2_ctrl,9,69,11.3,0.242176815867424,-0.9285619509479265
UBFC_PHYS_s13_T2_ctrl,9,70,11.333333333333334,0.22403033077716827,-0.8409446740121512
UBFC_PHYS_s13_T2_ctrl,9,71,11.366666666666667,0.20518527925014496,-0.7293168865106218
UBFC_PHYS_s13_T2_ctrl,9,72,11.4,0.1907919943332672,-0.6037926117535286
UBFC_PHYS_s13_T2_ctrl,9,73,11.433333333333334,0.17950604856014252,-0.47755099935959483
UBFC_PHYS_s13_T2_ctrl,9,74,11.466666666666667,0.16455918550491333,-0.3665399021502527
UBFC_PHYS_s13_T2_ctrl,9,75,11.5,0.14778019487857819,-0.286928229788576
UBFC_PHYS_s13_T2_ctrl,9,76,11.533333333333333,0.14382599294185638,-0.25133186568223376
UBFC_PHYS_s13_T2_ctrl,9,77,11.566666666666666,0.15864107012748718,-0.26519969764275614
UBFC_PHYS_s13_T2_ctrl,9,78,11.6,0.1811239868402481,-0.3242376735511588
UBFC_PHYS_s13_T2_ctrl,9,79,11.633333333333333,0.20436808466911316,-0.4131575648401438
UBFC_PHYS_s13_T2_ctrl,9,80,11.666666666666666,0.241807758808136,-0.5060910282687567
UBFC_PHYS_s13_T2_ctrl,9,81,11.7,0.3042874038219452,-0.5694888868040398
UBFC_PHYS_s13_T2_ctrl,9,82,11.733333333333333,0.37794095277786255,-0.5683931389626561
UBFC_PHYS_s13_T2_ctrl,9,83,11.766666666666667,0.4467242360115051,-0.4757852027435437
UBFC_PHYS_s13_T2_ctrl,9,84,11.8,0.5233895778656006,-0.2824037198951844
UBFC_PHYS_s13_T2_ctrl,9,85,11.833333333333334,0.6389082074165344,-0.002667361482247493
UBFC_PHYS_s13_T2_ctrl,9,86,11.866666666666667,0.8107214570045471,0.32707169470433756
UBFC_PHYS_s13_T2_ctrl,9,87,11.9,0.9979230761528015,0.6584348227496131
UBFC_PHYS_s13_T2_ctrl,9,88,11.933333333333334,1.1028048992156982,0.9451509069559956
UBFC_PHYS_s13_T2_ctrl,9,89,11.966666666666667,1.077817678451538,1.1550988094370624
UBFC_PHYS_s13_T2_ctrl,9,90,12.0,0.9905188679695129,1.2755525216743189
UBFC_PHYS_s13_T2_ctrl,9,91,12.033333333333333,0.9174287915229797,1.310830225246438
UBFC_PHYS_s13_T2_ctrl,9,92,12.066666666666666,0.8463685512542725,1.2748515344708522
UBFC_PHYS_s13_T2_ctrl,9,93,12.1,0.7416415810585022,1.1825508060821208
UBFC_PHYS_s13_T2_ctrl,9,94,12.133333333333333,0.5946903824806213,1.0437411061513153
UBFC_PHYS_s13_T2_ctrl,9,95,12.166666666666666,0.41081681847572327,0.8614323347242175
UBFC_PHYS_s13_T2_ctrl,9,96,12.2,0.21730490028858185,0.634571522653561
UBFC_PHYS_s13_T2_ctrl,9,97,12.233333333333333,0.07144767791032791,0.36347915497645716
UBFC_PHYS_s13_T2_ctrl,9,98,12.266666666666667,0.017163118347525597,0.05543055221759325
UBFC_PHYS_s13_T2_ctrl,9,99,12.3,0.01905124820768833,-0.2720021528252995
UBFC_PHYS_s13_T2_ctrl,9,100,12.333333333333334,-0.008460090495646,-0.5912844816227674
UBFC_PHYS_s13_T2_ctrl,9,101,12.366666666666667,-0.10146614909172058,-0.869046098299524
UBFC_PHYS_s13_T2_ctrl,9,102,12.4,-0.22313354909420013,-1.0728546592981774
UBFC_PHYS_s13_T2_ctrl,9,103,12.433333333333334,-0.3278110921382904,-1.1786189678978614
UBFC_PHYS_s13_T2_ctrl,9,104,12.466666666666667,-0.38925933837890625,-1.1763550655340005
UBFC_PHYS_s13_T2_ctrl,9,105,12.5,-0.3748166263103485,-1.0725991927198353
UBFC_PHYS_s13_T2_ctrl,9,106,12.533333333333333,-0.26833993196487427,-0.8889444556150233
UBFC_PHYS_s13_T2_ctrl,9,107,12.566666666666666,-0.13020658493041992,-0.6573440547992551
UBFC_PHYS_s13_T2_ctrl,9,108,12.6,-0.038334064185619354,-0.41345290086571285
UBFC_PHYS_s13_T2_ctrl,9,109,12.633333333333333,-0.008074556477367878,-0.18960874000740702
UBFC_PHYS_s13_T2_ctrl,9,110,12.666666666666666,0.009284377098083496,-0.009305543035827299
UBFC_PHYS_s13_T2_ctrl,9,111,12.7,0.07544801384210587,0.11532474944216815
UBFC_PHYS_s13_T2_ctrl,9,112,12.733333333333333,0.22194449603557587,0.18274877595335348
UBFC_PHYS_s13_T2_ctrl,9,113,12.766666666666667,0.40872108936309814,0.19909326392035065
UBFC_PHYS_s13_T2_ctrl,9,114,12.8,0.5346293449401855,0.1747101126219121
UBFC_PHYS_s13_T2_ctrl,9,115,12.833333333333334,0.5445016622543335,0.12155298371618675
UBFC_PHYS_s13_T2_ctrl,9,116,12.866666666666667,0.4724792540073395,0.0518238017094408
UBFC_PHYS_s13_T2_ctrl,9,117,12.9,0.37648117542266846,-0.02234367238600484
UBFC_PHYS_s13_T2_ctrl,9,118,12.933333333333334,0.2799789607524872,-0.08860772144005499
UBFC_PHYS_s13_T2_ctrl,9,119,12.966666666666667,0.18831732869148254,-0.13405671937302785
UBFC_PHYS_s13_T2_ctrl,9,120,13.0,0.10902904719114304,-0.1454763735311068
UBFC_PHYS_s13_T2_ctrl,9,121,13.033333333333333,0.04304005578160286,-0.11092620534611354
UBFC_PHYS_s13_T2_ctrl,9,122,13.066666666666666,-0.01616418920457363,-0.022656000930192273
UBFC_PHYS_s13_T2_ctrl,9,123,13.1,-0.07010605186223984,0.11950186332247079
UBFC_PHYS_s13_T2_ctrl,9,124,13.133333333333333,-0.11824513226747513,0.3056541308464153
UBFC_PHYS_s13_T2_ctrl,9,125,13.166666666666666,-0.15412290394306183,0.5155684668966015
UBFC_PHYS_s13_T2_ctrl,9,126,13.2,-0.1551213264465332,0.7212132218769858
UBFC_PHYS_s13_T2_ctrl,9,127,13.233333333333333,-0.10038203746080399,0.891762673609175
UBFC_PHYS_s13_T2_ctrl,9,128,13.266666666666667,-0.0026309422682970762,0.9998145189586015
UBFC_PHYS_s13_T2_ctrl,9,129,13.3,0.09877778589725494,1.0271048078843883
UBFC_PHYS_s13_T2_ctrl,9,130,13.333333333333334,0.17392733693122864,0.9681679483479351
UBFC_PHYS_s13_T2_ctrl,9,131,13.366666666666667,0.20268425345420837,0.8310392318465563
UBFC_PHYS_s13_T2_ctrl,9,132,13.4,0.17346271872520447,0.6349378712903835
UBFC_PHYS_s13_T2_ctrl,9,133,13.433333333333334,0.10335806757211685,0.40563095073547845
UBFC_PHYS_s13_T2_ctrl,9,134,13.466666666666667,0.0332501195371151,0.16968735711435093
UBFC_PHYS_s13_T2_ctrl,9,135,13.5,-0.008608372882008553,-0.05097302624685274
UBFC_PHYS_s13_T2_ctrl,9,136,13.533333333333333,-0.018470805138349533,-0.2429285865987099
UBFC_PHYS_s13_T2_ctrl,9,137,13.566666666666666,-0.00922456942498684,-0.40254097323291305
UBFC_PHYS_s13_T2_ctrl,9,138,13.6,-0.006532418541610241,-0.5342704142879674
UBFC_PHYS_s13_T2_ctrl,9,139,13.633333333333333,-0.042232245206832886,-0.6463868273057031
UBFC_PHYS_s13_T2_ctrl,9,140,13.666666666666666,-0.1159484013915062,-0.74533331482751
UBFC_PHYS_s13_T2_ctrl,9,141,13.7,-0.17586110532283783,-0.8307254267681198
UBFC_PHYS_s13_T2_ctrl,9,142,13.733333333333333,-0.16831187903881073,-0.8931477985867385
UBFC_PHYS_s13_T2_ctrl,9,143,13.766666666666667,-0.09716595709323883,-0.9162232438325636
UBFC_PHYS_s13_T2_ctrl,9,144,13.8,-0.010397648438811302,-0.8828959429587552
UBFC_PHYS_s13_T2_ctrl,9,145,13.833333333333334,0.05464233458042145,-0.784030092155099
UBFC_PHYS_s13_T2_ctrl,9,146,13.866666666666667,0.0826578363776207,-0.6260229891119637
UBFC_PHYS_s13_T2_ctrl,9,147,13.9,0.07592251896858215,-0.43372124061808476
UBFC_PHYS_s13_T2_ctrl,9,148,13.933333333333334,0.049294281750917435,-0.2459824267440047
UBFC_PHYS_s13_T2_ctrl,9,149,13.966666666666667,0.012246731668710709,-0.1041654329611063
UBFC_PHYS_s13_T2_ctrl,9,150,14.0,-0.033420972526073456,-0.03781401047944637
UBFC_PHYS_s13_T2_ctrl,9,151,14.033333333333333,-0.07972463965415955,-0.0539488697299826
UBFC_PHYS_s13_T2_ctrl,9,152,14.066666666666666,-0.11927981674671173,-0.13468290810688904
UBFC_PHYS_s13_T2_ctrl,9,153,14.1,-0.1579980105161667,-0.24378483168410214
UBFC_PHYS_s13_T2_ctrl,9,154,14.133333333333333,-0.21011435985565186,-0.33909616779412677
UBFC_PHYS_s13_T2_ctrl,9,155,14.166666666666666,-0.2814975380897522,-0.38580154258281746
UBFC_PHYS_s13_T2_ctrl,9,156,14.2,-0.3452589809894562,-0.36571378547572264
UBFC_PHYS_s13_T2_ctrl,9,157,14.233333333333333,-0.35022810101509094,-0.27956998737611205
UBFC_PHYS_s13_T2_ctrl,9,158,14.266666666666667,-0.27676236629486084,-0.1421118447486015
UBFC_PHYS_s13_T2_ctrl,9,159,14.3,-0.15925346314907074,0.027331625507477777
UBFC_PHYS_s13_T2_ctrl,9,160,14.333333333333334,-0.0255125742405653,0.2139628703194837
UBFC_PHYS_s13_T2_ctrl,9,161,14.366666666666667,0.11937916278839111,0.41171813954588893
UBFC_PHYS_s13_T2_ctrl,9,162,14.4,0.24485579133033752,0.6207471933260923
UBFC_PHYS_s13_T2_ctrl,9,163,14.433333333333334,0.30822840332984924,0.8400893310152778
UBFC_PHYS_s13_T2_ctrl,9,164,14.466666666666667,0.31693094968795776,1.0598953451013873
UBFC_PHYS_s13_T2_ctrl,9,165,14.5,0.3057998716831207,1.2577511940017285
UBFC_PHYS_s13_T2_ctrl,9,166,14.533333333333333,0.27754053473472595,1.401771689831074
UBFC_PHYS_s13_T2_ctrl,9,167,14.566666666666666,0.23093700408935547,1.4598121475472445
UBFC_PHYS_s13_T2_ctrl,9,168,14.6,0.17736749351024628,1.4107880707958473
UBFC_PHYS_s13_T2_ctrl,9,169,14.633333333333333,0.10443887859582901,1.2528017201777832
UBFC_PHYS_s13_T2_ctrl,9,170,14.666666666666666,0.001326552010141313,1.004577735533174
UBFC_PHYS_s13_T2_ctrl,9,171,14.7,-0.08673346042633057,0.7001127260782251
UBFC_PHYS_s13_T2_ctrl,9,172,14.733333333333333,-0.09487251937389374,0.37918932940872835
UBFC_PHYS_s13_T2_ctrl,9,173,14.766666666666667,-0.013745537027716637,0.07745955672201747
UBFC_PHYS_s13_T2_ctrl,9,174,14.8,0.09926217794418335,-0.1807406660366919
UBFC_PHYS_s13_T2_ctrl,9,175,14.833333333333334,0.18773408234119415,-0.3851072467936679
UBFC_PHYS_s13_T2_ctrl,9,176,14.866666666666667,0.2408587485551834,-0.5374363100699099
UBFC_PHYS_s13_T2_ctrl,9,177,14.9,0.2704196870326996,-0.646300292154871
UBFC_PHYS_s13_T2_ctrl,9,178,14.933333333333334,0.2812409996986389,-0.7207075386494908
UBFC_PHYS_s13_T2_ctrl,9,179,14.966666666666667,0.2794879674911499,-0.7654001560630423
UBFC_PHYS_s13_T2_ctrl,9,180,15.0,0.27703309059143066,-0.7795709128599339
UBFC_PHYS_s13_T2_ctrl,9,181,15.033333333333333,0.27790960669517517,-0.7592067535279544
UBFC_PHYS_s13_T2_ctrl,9,182,15.066666666666666,0.27664753794670105,-0.701784360797112
UBFC_PHYS_s13_T2_ctrl,9,183,15.1,0.24955140054225922,-0.6112532830353694
UBFC_PHYS_s13_T2_ctrl,9,184,15.133333333333333,0.15244285762310028,-0.501309749593556
UBFC_PHYS_s13_T2_ctrl,9,185,15.166666666666666,-0.024968871846795082,-0.3955263246844573
UBFC_PHYS_s13_T2_ctrl,9,186,15.2,-0.21154774725437164,-0.3236219477929308
UBFC_PHYS_s13_T2_ctrl,9,187,15.233333333333333,-0.3065078556537628,-0.3142031011922046
UBFC_PHYS_s13_T2_ctrl,9,188,15.266666666666667,-0.2764427363872528,-0.38571702136814134
UBFC_PHYS_s13_T2_ctrl,9,189,15.3,-0.18341362476348877,-0.5384321376733189
UBFC_PHYS_s13_T2_ctrl,9,190,15.333333333333334,-0.10482721775770187,-0.7502677670622854
UBFC_PHYS_s13_T2_ctrl,9,191,15.366666666666667,-0.06697564572095871,-0.9782377576900831
UBFC_PHYS_s13_T2_ctrl,9,192,15.4,-0.054210174828767776,-1.165674507306498
UBFC_PHYS_s13_T2_ctrl,9,193,15.433333333333334,-0.04248926788568497,-1.2539369043207391
UBFC_PHYS_s13_T2_ctrl,9,194,15.466666666666667,-0.01769644021987915,-1.1963442538324347
UBFC_PHYS_s13_T2_ctrl,9,195,15.5,0.01946643926203251,-0.9713606922343083
UBFC_PHYS_s13_T2_ctrl,9,196,15.533333333333333,0.0630713701248169,-0.591382038444379
UBFC_PHYS_s13_T2_ctrl,9,197,15.566666666666666,0.11533599346876144,-0.10332189998521708
UBFC_PHYS_s13_T2_ctrl,9,198,15.6,0.1771203577518463,0.42142632947433956
UBFC_PHYS_s13_T2_ctrl,9,199,15.633333333333333,0.23545467853546143,0.9060850344166037
UBFC_PHYS_s13_T2_ctrl,9,200,15.666666666666666,0.27986693382263184,1.289605628434573
UBFC_PHYS_s13_T2_ctrl,9,201,15.7,0.32788407802581787,1.5405028122700184
UBFC_PHYS_s13_T2_ctrl,9,202,15.733333333333333,0.4113176763057709,1.6581160373126522
UBFC_PHYS_s13_T2_ctrl,9,203,15.766666666666667,0.5192772150039673,1.6629353132995455
UBFC_PHYS_s13_T2_ctrl,9,204,15.8,0.5839678645133972,1.582307442130553
UBFC_PHYS_s13_T2_ctrl,9,205,15.833333333333334,0.5589674711227417,1.4384153927487375
UBFC_PHYS_s13_T2_ctrl,9,206,15.866666666666667,0.4578981399536133,1.242829674635296
UBFC_PHYS_s13_T2_ctrl,9,207,15.9,0.32072699069976807,0.9983088390533394
UBFC_PHYS_s13_T2_ctrl,9,208,15.933333333333334,0.18465639650821686,0.705761883823315
UBFC_PHYS_s13_T2_ctrl,9,209,15.966666666666667,0.07687811553478241,0.372801300750612
UBFC_PHYS_s13_T2_ctrl,9,210,16.0,0.005132468417286873,0.019918525087198328
UBFC_PHYS_s13_T2_ctrl,9,211,16.033333333333335,-0.03833736106753349,-0.3187739238038548
UBFC_PHYS_s13_T2_ctrl,9,212,16.066666666666666,-0.05595990642905235,-0.6010877290091315
UBFC_PHYS_s13_T2_ctrl,9,213,16.1,-0.035941772162914276,-0.7869011560186084
UBFC_PHYS_s13_T2_ctrl,9,214,16.133333333333333,0.01634591817855835,-0.8494542575674149
UBFC_PHYS_s13_T2_ctrl,9,215,16.166666666666668,0.05100117623806,-0.7839106025852697
UBFC_PHYS_s13_T2_ctrl,9,216,16.2,0.011320790275931358,-0.6101670822919457
UBFC_PHYS_s13_T2_ctrl,9,217,16.233333333333334,-0.09047676622867584,-0.368759461224353
UBFC_PHYS_s13_T2_ctrl,9,218,16.266666666666666,-0.1743321418762207,-0.11100500095482162
UBFC_PHYS_s13_T2_ctrl,9,219,16.3,-0.16961346566677094,0.11351486848833012
UBFC_PHYS_s13_T2_ctrl,9,220,16.333333333333332,-0.053159017115831375,0.2681322620252253
UBFC_PHYS_s13_T2_ctrl,9,221,16.366666666666667,0.15388943254947662,0.3355648088412936
UBFC_PHYS_s13_T2_ctrl,9,222,16.4,0.3732980489730835,0.3183056132108591
UBFC_PHYS_s13_T2_ctrl,9,223,16.433333333333334,0.5153460502624512,0.23387906740762396
UBFC_PHYS_s13_T2_ctrl,9,224,16.466666666666665,0.5442413687705994,0.1074444452714109
UBFC_PHYS_s13_T2_ctrl,9,225,16.5,0.47657185792922974,-0.03549497268127495
UBFC_PHYS_s13_T2_ctrl,9,226,16.533333333333335,0.3646745979785919,-0.17431048212933012
UBFC_PHYS_s13_T2_ctrl,9,227,16.566666666666666,0.28046664595603943,-0.2956393247394433
UBFC_PHYS_s13_T2_ctrl,9,228,16.6,0.2544941306114197,-0.39319508837015726
UBFC_PHYS_s13_T2_ctrl,9,229,16.633333333333333,0.2526884078979492,-0.46582441829073373
UBFC_PHYS_s13_T2_ctrl,9,230,16.666666666666668,0.21552880108356476,-0.5148580072982305
UBFC_PHYS_s13_T2_ctrl,9,231,16.7,0.13196340203285217,-0.541740876897408
UBFC_PHYS_s13_T2_ctrl,9,232,16.733333333333334,0.058570172637701035,-0.5466504452688857
UBFC_PHYS_s13_T2_ctrl,9,233,16.766666666666666,0.023710614070296288,-0.528397980306522
UBFC_PHYS_s13_T2_ctrl,9,234,16.8,-0.02141009271144867,-0.48544170213915444
UBFC_PHYS_s13_T2_ctrl,9,235,16.833333333333332,-0.07980043441057205,-0.4174175088122542
UBFC_PHYS_s13_T2_ctrl,9,236,16.866666666666667,-0.08160948008298874,-0.3263638017717482
UBFC_PHYS_s13_T2_ctrl,9,237,16.9,-0.014193679206073284,-0.2169762395809874
UBFC_PHYS_s13_T2_ctrl,9,238,16.933333333333334,0.04737979173660278,-0.09581549447046518
UBFC_PHYS_s13_T2_ctrl,9,239,16.966666666666665,0.027849342674016953,0.029877652250811335
UBFC_PHYS_s13_T2_ctrl,10,0,10.0,-1.045498251914978,0.042616347053933155
UBFC_PHYS_s13_T2_ctrl,10,1,10.033333333333333,-0.9447320103645325,-0.273640998188353
UBFC_PHYS_s13_T2_ctrl,10,2,10.066666666666666,-1.1137806177139282,-0.5519242798486865
UBFC_PHYS_s13_T2_ctrl,10,3,10.1,-1.3517311811447144,-0.7582372971139137
UBFC_PHYS_s13_T2_ctrl,10,4,10.133333333333333,-1.3478296995162964,-0.8721842861602884
UBFC_PHYS_s13_T2_ctrl,10,5,10.166666666666666,-1.1154052019119263,-0.8908430572940436
UBFC_PHYS_s13_T2_ctrl,10,6,10.2,-0.8468590378761292,-0.8290782294308224
UBFC_PHYS_s13_T2_ctrl,10,7,10.233333333333333,-0.5583112239837646,-0.7162940943021693
UBFC_PHYS_s13_T2_ctrl,10,8,10.266666666666667,-0.20025192201137543,-0.5902086323656055
UBFC_PHYS_s13_T2_ctrl,10,9,10.3,0.13590770959854126,-0.4885494447523658
UBFC_PHYS_s13_T2_ctrl,10,10,10.333333333333334,0.4124808609485626,-0.44039243969604314
UBFC_PHYS_s13_T2_ctrl,10,11,10.366666666666667,0.7430189847946167,-0.4594887468966509
UBFC_PHYS_s13_T2_ctrl,10,12,10.4,1.1460968255996704,-0.5414504496668443
UBFC_PHYS_s13_T2_ctrl,10,13,10.433333333333334,1.4145573377609253,-0.6653718087685658
UBFC_PHYS_s13_T2_ctrl,10,14,10.466666666666667,1.3523313999176025,-0.7991344360007653
UBFC_PHYS_s13_T2_ctrl,10,15,10.5,1.0398969650268555,-0.9067181431082296
UBFC_PHYS_s13_T2_ctrl,10,16,10.533333333333333,0.7357531189918518,-0.9554624731155358
UBFC_PHYS_s13_T2_ctrl,10,17,10.566666666666666,0.5671395063400269,-0.9214277145487606
UBFC_PHYS_s13_T2_ctrl,10,18,10.6,0.4809906780719757,-0.7917815949807934
UBFC_PHYS_s13_T2_ctrl,10,19,10.633333333333333,0.37980929017066956,-0.5644742897072882
UBFC_PHYS_s13_T2_ctrl,10,20,10.666666666666666,0.15336550772190094,-0.2468836472726979
UBFC_PHYS_s13_T2_ctrl,10,21,10.7,-0.2518014907836914,0.1445967841518083
UBFC_PHYS_s13_T2_ctrl,10,22,10.733333333333333,-0.7234913110733032,0.5835061256575805
UBFC_PHYS_s13_T2_ctrl,10,23,10.766666666666667,-1.1035853624343872,1.032351949137161
UBFC_PHYS_s13_T2_ctrl,10,24,10.8,-1.3038655519485474,1.4442964371684803
UBFC_PHYS_s13_T2_ctrl,10,25,10.833333333333334,-1.3288495540618896,1.7691786705549482
UBFC_PHYS_s13_T2_ctrl,10,26,10.866666666666667,-1.2448458671569824,1.9631774448028465
UBFC_PHYS_s13_T2_ctrl,10,27,10.9,-1.0977331399917603,1.9990578910179777
UBFC_PHYS_s13_T2_ctrl,10,28,10.933333333333334,-0.902949333190918,1.8731352432439672
UBFC_PHYS_s13_T2_ctrl,10,29,10.966666666666667,-0.6813395619392395,1.6062244495690672
UBFC_PHYS_s13_T2_ctrl,10,30,11.0,-0.45859622955322266,1.238261851288025
UBFC_PHYS_s13_T2_ctrl,10,31,11.033333333333333,-0.24777480959892273,0.8186849420698978
UBFC_PHYS_s13_T2_ctrl,10,32,11.066666666666666,-0.05120498314499855,0.3959026320916525
UBFC_PHYS_s13_T2_ctrl,10,33,11.1,0.11561278998851776,0.00902442895426592
UBFC_PHYS_s13_T2_ctrl,10,34,11.133333333333333,0.22830745577812195,-0.316213648649264
UBFC_PHYS_s13_T2_ctrl,10,35,11.166666666666666,0.27835115790367126,-0.5671751553438777
UBFC_PHYS_s13_T2_ctrl,10,36,11.2,0.28358715772628784,-0.7412084072308391
UBFC_PHYS_s13_T2_ctrl,10,37,11.233333333333333,0.2711116671562195,-0.8418877021036941
UBFC_PHYS_s13_T2_ctrl,10,38,11.266666666666667,0.2569721043109894,-0.8762272389524861
UBFC_PHYS_s13_T2_ctrl,10,39,11.3,0.242176815867424,-0.8533864940680791
UBFC_PHYS_s13_T2_ctrl,10,40,11.333333333333334,0.22403033077716827,-0.7846381116911129
UBFC_PHYS_s13_T2_ctrl,10,41,11.366666666666667,0.20518527925014496,-0.6840162674419284
UBFC_PHYS_s13_T2_ctrl,10,42,11.4,0.1907919943332672,-0.5688428560237206
UBFC_PHYS_s13_T2_ctrl,10,43,11.433333333333334,0.17950604856014252,-0.4593105114649996
UBFC_PHYS_s13_T2_ctrl,10,44,11.466666666666667,0.16455918550491333,-0.37662411644239985
UBFC_PHYS_s13_T2_ctrl,10,45,11.5,0.14778019487857819,-0.3397504256008243
UBFC_PHYS_s13_T2_ctrl,10,46,11.533333333333333,0.14382599294185638,-0.36135250413038683
UBFC_PHYS_s13_T2_ctrl,10,47,11.566666666666666,0.15864107012748718,-0.44378353929190456
UBFC_PHYS_s13_T2_ctrl,10,48,11.6,0.1811239868402481,-0.5760498366709721
UBFC_PHYS_s13_T2_ctrl,10,49,11.633333333333333,0.20436808466911316,-0.7326386445859865
UBFC_PHYS_s13_T2_ctrl,10,50,11.666666666666666,0.241807758808136,-0.8751596474221681
UBFC_PHYS_s13_T2_ctrl,10,51,11.7,0.3042874038219452,-0.9576080209400472
UBFC_PHYS_s13_T2_ctrl,10,52,11.733333333333333,0.37794095277786255,-0.9353618406395872
UBFC_PHYS_s13_T2_ctrl,10,53,11.766666666666667,0.4467242360115051,-0.7766745823879625
UBFC_PHYS_s13_T2_ctrl,10,54,11.8,0.5233895778656006,-0.4737875992186231
UBFC_PHYS_s13_T2_ctrl,10,55,11.833333333333334,0.6389082074165344,-0.04974931869514608
UBFC_PHYS_s13_T2_ctrl,10,56,11.866666666666667,0.8107214570045471,0.44252599699569756
UBFC_PHYS_s13_T2_ctrl,10,57,11.9,0.9979230761528015,0.93018829461208
UBFC_PHYS_s13_T2_ctrl,10,58,11.933333333333334,1.1028048992156982,1.3371654136387265
UBFC_PHYS_s13_T2_ctrl,10,59,11.966666666666667,1.077817678451538,1.6023801227715337
UBFC_PHYS_s13_T2_ctrl,10,60,12.0,0.9905188679695129,1.6931614581627423
UBFC_PHYS_s13_T2_ctrl,10,61,12.033333333333333,0.9174287915229797,1.6094405675565082
UBFC_PHYS_s13_T2_ctrl,10,62,12.066666666666666,0.8463685512542725,1.3784721903502026
UBFC_PHYS_s13_T2_ctrl,10,63,12.1,0.7416415810585022,1.043731788170049
UBFC_PHYS_s13_T2_ctrl,10,64,12.133333333333333,0.5946903824806213,0.6530654653855081
UBFC_PHYS_s13_T2_ctrl,10,65,12.166666666666666,0.41081681847572327,0.25008833240627093
UBFC_PHYS_s13_T2_ctrl,10,66,12.2,0.21730490028858185,-0.12951094570126764
UBFC_PHYS_s13_T2_ctrl,10,67,12.233333333333333,0.07144767791032791,-0.45749419049927986
UBFC_PHYS_s13_T2_ctrl,10,68,12.266666666666667,0.017163118347525597,-0.710756052655716
UBFC_PHYS_s13_T2_ctrl,10,69,12.3,0.01905124820768833,-0.8698877344983158
UBFC_PHYS_s13_T2_ctrl,10,70,12.333333333333334,-0.008460090495646,-0.92054033550086
UBFC_PHYS_s13_T2_ctrl,10,71,12.366666666666667,-0.10146614909172058,-0.8577895562880772
UBFC_PHYS_s13_T2_ctrl,10,72,12.4,-0.22313354909420013,-0.6916732563615964
UBFC_PHYS_s13_T2_ctrl,10,73,12.433333333333334,-0.3278110921382904,-0.45060352636415957
UBFC_PHYS_s13_T2_ctrl,10,74,12.466666666666667,-0.38925933837890625,-0.17936949546058284
UBFC_PHYS_s13_T2_ctrl,10,75,12.5,-0.3748166263103485,0.06939925968631289
UBFC_PHYS_s13_T2_ctrl,10,76,12.533333333333333,-0.26833993196487427,0.24784067729239517
UBFC_PHYS_s13_T2_ctrl,10,77,12.566666666666666,-0.13020658493041992,0.3246717117726493
UBFC_PHYS_s13_T2_ctrl,10,78,12.6,-0.038334064185619354,0.2920650785941845
UBFC_PHYS_s13_T2_ctrl,10,79,12.633333333333333,-0.008074556477367878,0.1661113534415767
UBFC_PHYS_s13_T2_ctrl,10,80,12.666666666666666,0.009284377098083496,-0.018273627074069057
UBFC_PHYS_s13_T2_ctrl,10,81,12.7,0.07544801384210587,-0.2159892730945652
UBFC_PHYS_s13_T2_ctrl,10,82,12.733333333333333,0.22194449603557587,-0.3817546646462577
UBFC_PHYS_s13_T2_ctrl,10,83,12.766666666666667,0.40872108936309814,-0.47949488711704896
UBFC_PHYS_s13_T2_ctrl,10,84,12.8,0.5346293449401855,-0.4893103977873116
UBFC_PHYS_s13_T2_ctrl,10,85,12.833333333333334,0.5445016622543335,-0.410595720626518
UBFC_PHYS_s13_T2_ctrl,10,86,12.866666666666667,0.4724792540073395,-0.2607063468183555
UBFC_PHYS_s13_T2_ctrl,10,87,12.9,0.37648117542266846,-0.06965389398344109
UBFC_PHYS_s13_T2_ctrl,10,88,12.933333333333334,0.2799789607524872,0.1277273786745774
UBFC_PHYS_s13_T2_ctrl,10,89,12.966666666666667,0.18831732869148254,0.29996409991227696
UBFC_PHYS_s13_T2_ctrl,10,90,13.0,0.10902904719114304,0.4250087933086973
UBFC_PHYS_s13_T2_ctrl,10,91,13.033333333333333,0.04304005578160286,0.49247737942094333
UBFC_PHYS_s13_T2_ctrl,10,92,13.066666666666666,-0.01616418920457363,0.502194748767732
UBFC_PHYS_s13_T2_ctrl,10,93,13.1,-0.07010605186223984,0.46080605165536853
UBFC_PHYS_s13_T2_ctrl,10,94,13.133333333333333,-0.11824513226747513,0.37843225300356825
UBFC_PHYS_s13_T2_ctrl,10,95,13.166666666666666,-0.15412290394306183,0.26654408026098936
UBFC_PHYS_s13_T2_ctrl,10,96,13.2,-0.1551213264465332,0.13732329855553743
UBFC_PHYS_s13_T2_ctrl,10,97,13.233333333333333,-0.10038203746080399,0.004065339374511863
UBFC_PHYS_s13_T2_ctrl,10,98,13.266666666666667,-0.0026309422682970762,-0.11833517403966812
UBFC_PHYS_s13_T2_ctrl,10,99,13.3,0.09877778589725494,-0.21386667113467694
UBFC_PHYS_s13_T2_ctrl,10,100,13.333333333333334,0.17392733693122864,-0.26741761115927637
UBFC_PHYS_s13_T2_ctrl,10,101,13.366666666666667,0.20268425345420837,-0.26802404045739214
UBFC_PHYS_s13_T2_ctrl,10,102,13.4,0.17346271872520447,-0.21222445197139111
UBFC_PHYS_s13_T2_ctrl,10,103,13.433333333333334,0.10335806757211685,-0.10613731343495228
UBFC_PHYS_s13_T2_ctrl,10,104,13.466666666666667,0.0332501195371151,0.03461024014793033
UBFC_PHYS_s13_T2_ctrl,10,105,13.5,-0.008608372882008553,0.18702425313251192
UBFC_PHYS_s13_T2_ctrl,10,106,13.533333333333333,-0.018470805138349533,0.3241290244366755
UBFC_PHYS_s13_T2_ctrl,10,107,13.566666666666666,-0.00922456942498684,0.418792352944374
UBFC_PHYS_s13_T2_ctrl,10,108,13.6,-0.006532418541610241,0.4479036483311844
UBFC_PHYS_s13_T2_ctrl,10,109,13.633333333333333,-0.042232245206832886,0.3971622739713369
UBFC_PHYS_s13_T2_ctrl,10,110,13.666666666666666,-0.1159484013915062,0.2659510237543119
UBFC_PHYS_s13_T2_ctrl,10,111,13.7,-0.17586110532283783,0.07057171836287014
UBFC_PHYS_s13_T2_ctrl,10,112,13.733333333333333,-0.16831187903881073,-0.15630149407586805
UBFC_PHYS_s13_T2_ctrl,10,113,13.766666666666667,-0.09716595709323883,-0.37127105700610763
UBFC_PHYS_s13_T2_ctrl,10,114,13.8,-0.010397648438811302,-0.5304659289040946
UBFC_PHYS_s13_T2_ctrl,10,115,13.833333333333334,0.05464233458042145,-0.6017943266337062
UBFC_PHYS_s13_T2_ctrl,10,116,13.866666666666667,0.0826578363776207,-0.5751199117404237
UBFC_PHYS_s13_T2_ctrl,10,117,13.9,0.07592251896858215,-0.46611216952364204
UBFC_PHYS_s13_T2_ctrl,10,118,13.933333333333334,0.049294281750917435,-0.31116869806213837
UBFC_PHYS_s13_T2_ctrl,10,119,13.966666666666667,0.012246731668710709,-0.15453750089748217
UBFC_PHYS_s13_T2_ctrl,10,120,14.0,-0.033420972526073456,-0.03325494944880863
UBFC_PHYS_s13_T2_ctrl,10,121,14.033333333333333,-0.07972463965415955,0.03289532654206609
UBFC_PHYS_s13_T2_ctrl,10,122,14.066666666666666,-0.11927981674671173,0.042553414745915195
UBFC_PHYS_s13_T2_ctrl,10,123,14.1,-0.1579980105161667,0.006566747630987796
UBFC_PHYS_s13_T2_ctrl,10,124,14.133333333333333,-0.21011435985565186,-0.06091332814591277
UBFC_PHYS_s13_T2_ctrl,10,125,14.166666666666666,-0.2814975380897522,-0.14916186126512251
UBFC_PHYS_s13_T2_ctrl,10,126,14.2,-0.3452589809894562,-0.2524556421005387
UBFC_PHYS_s13_T2_ctrl,10,127,14.233333333333333,-0.35022810101509094,-0.3663358233310963
UBFC_PHYS_s13_T2_ctrl,10,128,14.266666666666667,-0.27676236629486084,-0.481094682300508
UBFC_PHYS_s13_T2_ctrl,10,129,14.3,-0.15925346314907074,-0.5765005702533615
UBFC_PHYS_s13_T2_ctrl,10,130,14.333333333333334,-0.0255125742405653,-0.6214194764335649
UBFC_PHYS_s13_T2_ctrl,10,131,14.366666666666667,0.11937916278839111,-0.5800320410724462
UBFC_PHYS_s13_T2_ctrl,10,132,14.4,0.24485579133033752,-0.42355387364099656
UBFC_PHYS_s13_T2_ctrl,10,133,14.433333333333334,0.30822840332984924,-0.1436533077639211
UBFC_PHYS_s13_T2_ctrl,10,134,14.466666666666667,0.31693094968795776,0.2379034083440502
UBFC_PHYS_s13_T2_ctrl,10,135,14.5,0.3057998716831207,0.6685486484978435
UBFC_PHYS_s13_T2_ctrl,10,136,14.533333333333333,0.27754053473472595,1.0755705775966171
UBFC_PHYS_s13_T2_ctrl,10,137,14.566666666666666,0.23093700408935547,1.3856708052308109
UBFC_PHYS_s13_T2_ctrl,10,138,14.6,0.17736749351024628,1.5459294748624144
UBFC_PHYS_s13_T2_ctrl,10,139,14.633333333333333,0.10443887859582901,1.537328700007256
UBFC_PHYS_s13_T2_ctrl,10,140,14.666666666666666,0.001326552010141313,1.3761233555452757
UBFC_PHYS_s13_T2_ctrl,10,141,14.7,-0.08673346042633057,1.1045666543662824
UBFC_PHYS_s13_T2_ctrl,10,142,14.733333333333333,-0.09487251937389374,0.7763176945751481
UBFC_PHYS_s13_T2_ctrl,10,143,14.766666666666667,-0.013745537027716637,0.4422277250390131
UBFC_PHYS_s13_T2_ctrl,10,144,14.8,0.09926217794418335,0.14038900210394795
UBFC_PHYS_s13_T2_ctrl,10,145,14.833333333333334,0.18773408234119415,-0.10803572093631365
UBFC_PHYS_s13_T2_ctrl,10,146,14.866666666666667,0.2408587485551834,-0.2975129636944974
UBFC_PHYS_s13_T2_ctrl,10,147,14.9,0.2704196870326996,-0.432952903746054
UBFC_PHYS_s13_T2_ctrl,10,148,14.933333333333334,0.2812409996986389,-0.5231658467122117
UBFC_PHYS_s13_T2_ctrl,10,149,14.966666666666667,0.2794879674911499,-0.5756399075644554
UBFC_PHYS_s13_T2_ctrl,10,150,15.0,0.27703309059143066,-0.5943390572621015
UBFC_PHYS_s13_T2_ctrl,10,151,15.033333333333333,0.27790960669517517,-0.5807072822462493
UBFC_PHYS_s13_T2_ctrl,10,152,15.066666666666666,0.27664753794670105,-0.5368376667213602
UBFC_PHYS_s13_T2_ctrl,10,153,15.1,0.24955140054225922,-0.4690945417859998
UBFC_PHYS_s13_T2_ctrl,10,154,15.133333333333333,0.15244285762310028,-0.3903716070287797
UBFC_PHYS_s13_T2_ctrl,10,155,15.166666666666666,-0.024968871846795082,-0.31974367088563244
UBFC_PHYS_s13_T2_ctrl,10,156,15.2,-0.21154774725437164,-0.2794131240694301
UBFC_PHYS_s13_T2_ctrl,10,157,15.233333333333333,-0.3065078556537628,-0.2899376562359946
UBFC_PHYS_s13_T2_ctrl,10,158,15.266666666666667,-0.2764427363872528,-0.3651349529588673
UBFC_PHYS_s13_T2_ctrl,10,159,15.3,-0.18341362476348877,-0.5077094981228583
UBFC_PHYS_s13_T2_ctrl,10,160,15.333333333333334,-0.10482721775770187,-0.7059918264322287
UBFC_PHYS_s13_T2_ctrl,10,161,15.366666666666667,-0.06697564572095871,-0.9320214894744502
UBFC_PHYS_s13_T2_ctrl,10,162,15.4,-0.054210174828767776,-1.1418596042848363
UBFC_PHYS_s13_T2_ctrl,10,163,15.433333333333334,-0.04248926788568497,-1.2797024935417887
UBFC_PHYS_s13_T2_ctrl,10,164,15.466666666666667,-0.01769644021987915,-1.2870577085806465
UBFC_PHYS_s13_T2_ctrl,10,165,15.5,0.01946643926203251,-1.116652790484784
UBFC_PHYS_s13_T2_ctrl,10,166,15.533333333333333,0.0630713701248169,-0.7483266421127889
UBFC_PHYS_s13_T2_ctrl,10,167,15.566666666666666,0.11533599346876144,-0.20182950800811972
UBFC_PHYS_s13_T2_ctrl,10,168,15.6,0.1771203577518463,0.4594606244441358
UBFC_PHYS_s13_T2_ctrl,10,169,15.633333333333333,0.23545467853546143,1.1380385787542198
UBFC_PHYS_s13_T2_ctrl,10,170,15.666666666666666,0.27986693382263184,1.7242758465045298
UBFC_PHYS_s13_T2_ctrl,10,171,15.7,0.32788407802581787,2.1242495183253207
UBFC_PHYS_s13_T2_ctrl,10,172,15.733333333333333,0.4113176763057709,2.2828801616439462
UBFC_PHYS_s13_T2_ctrl,10,173,15.766666666666667,0.5192772150039673,2.1934416142943407
UBFC_PHYS_s13_T2_ctrl,10,174,15.8,0.5839678645133972,1.8915980498573084
UBFC_PHYS_s13_T2_ctrl,10,175,15.833333333333334,0.5589674711227417,1.4394743290840477
UBFC_PHYS_s13_T2_ctrl,10,176,15.866666666666667,0.4578981399536133,0.9077655612080592
UBFC_PHYS_s13_T2_ctrl,10,177,15.9,0.32072699069976807,0.3619602399774886
UBFC_PHYS_s13_T2_ctrl,10,178,15.933333333333334,0.18465639650821686,-0.14467249315453468
UBFC_PHYS_s13_T2_ctrl,10,179,15.966666666666667,0.07687811553478241,-0.5719879345526839
UBFC_PHYS_s13_T2_ctrl,10,180,16.0,0.005132468417286873,-0.8908286470999254
UBFC_PHYS_s13_T2_ctrl,10,181,16.033333333333335,-0.03833736106753349,-1.0815229645437971
UBFC_PHYS_s13_T2_ctrl,10,182,16.066666666666666,-0.05595990642905235,-1.1352288561833552
UBFC_PHYS_s13_T2_ctrl,10,183,16.1,-0.035941772162914276,-1.0577149637172767
UBFC_PHYS_s13_T2_ctrl,10,184,16.133333333333333,0.01634591817855835,-0.8729013769362234
UBFC_PHYS_s13_T2_ctrl,10,185,16.166666666666668,0.05100117623806,-0.6228054864196247
UBFC_PHYS_s13_T2_ctrl,10,186,16.2,0.011320790275931358,-0.36186760378177757
UBFC_PHYS_s13_T2_ctrl,10,187,16.233333333333334,-0.09047676622867584,-0.1462422236261341
UBFC_PHYS_s13_T2_ctrl,10,188,16.266666666666666,-0.1743321418762207,-0.021129581788997865
UBFC_PHYS_s13_T2_ctrl,10,189,16.3,-0.16961346566677094,-0.010185409319158442
UBFC_PHYS_s13_T2_ctrl,10,190,16.333333333333332,-0.053159017115831375,-0.1100352232034372
UBFC_PHYS_s13_T2_ctrl,10,191,16.366666666666667,0.15388943254947662,-0.29105865424698674
UBFC_PHYS_s13_T2_ctrl,10,192,16.4,0.3732980489730835,-0.5041324385082826
UBFC_PHYS_s13_T2_ctrl,10,193,16.433333333333334,0.5153460502624512,-0.6918478712497288
UBFC_PHYS_s13_T2_ctrl,10,194,16.466666666666665,0.5442413687705994,-0.8015254747134923
UBFC_PHYS_s13_T2_ctrl,10,195,16.5,0.47657185792922974,-0.7967329847613304
UBFC_PHYS_s13_T2_ctrl,10,196,16.533333333333335,0.3646745979785919,-0.6645570676110618
UBFC_PHYS_s13_T2_ctrl,10,197,16.566666666666666,0.28046664595603943,-0.4171562316388595
UBFC_PHYS_s13_T2_ctrl,10,198,16.6,0.2544941306114197,-0.08749123540838433
UBFC_PHYS_s13_T2_ctrl,10,199,16.633333333333333,0.2526884078979492,0.2794417232708888
UBFC_PHYS_s13_T2_ctrl,10,200,16.666666666666668,0.21552880108356476,0.6371480904448822
UBFC_PHYS_s13_T2_ctrl,10,201,16.7,0.13196340203285217,0.9466273793157794
UBFC_PHYS_s13_T2_ctrl,10,202,16.733333333333334,0.058570172637701035,1.181366621847659
UBFC_PHYS_s13_T2_ctrl,10,203,16.766666666666666,0.023710614070296288,1.3278055378637195
UBFC_PHYS_s13_T2_ctrl,10,204,16.8,-0.02141009271144867,1.3826815467793652
UBFC_PHYS_s13_T2_ctrl,10,205,16.833333333333332,-0.07980043441057205,1.349475514247962
UBFC_PHYS_s13_T2_ctrl,10,206,16.866666666666667,-0.08160948008298874,1.2355251706807804
UBFC_PHYS_s13_T2_ctrl,10,207,16.9,-0.014193679206073284,1.0502852603249289
UBFC_PHYS_s13_T2_ctrl,10,208,16.933333333333334,0.04737979173660278,0.8047386613455196
UBFC_PHYS_s13_T2_ctrl,10,209,16.966666666666665,0.027849342674016953,0.5118458401691676
UBFC_PHYS_s13_T2_ctrl,10,210,17.0,-0.12347785383462906,0.1875622384801471
UBFC_PHYS_s13_T2_ctrl,10,211,17.033333333333335,-0.44086164236068726,-0.14848369058674063
UBFC_PHYS_s13_T2_ctrl,10,212,17.066666666666666,-0.8624221086502075,-0.47357502209256347
UBFC_PHYS_s13_T2_ctrl,10,213,17.1,-1.2564053535461426,-0.7640286152189795
UBFC_PHYS_s13_T2_ctrl,10,214,17.133333333333333,-1.5382407903671265,-0.9981178266074864
UBFC_PHYS_s13_T2_ctrl,10,215,17.166666666666668,-1.7153724431991577,-1.158594514597686
UBFC_PHYS_s13_T2_ctrl,10,216,17.2,-1.8076404333114624,-1.2342261243994628
UBFC_PHYS_s13_T2_ctrl,10,217,17.233333333333334,-1.7976231575012207,-1.2207611618093805
UBFC_PHYS_s13_T2_ctrl,10,218,17.266666666666666,-1.6806249618530273,-1.1220785412992325
UBFC_PHYS_s13_T2_ctrl,10,219,17.3,-1.5183018445968628,-0.9516240326837937
UBFC_PHYS_s13_T2_ctrl,10,220,17.333333333333332,-1.380616545677185,-0.7330601267931285
UBFC_PHYS_s13_T2_ctrl,10,221,17.366666666666667,-1.2460485696792603,-0.49842143712561404
UBFC_PHYS_s13_T2_ctrl,10,222,17.4,-1.022969126701355,-0.2827460649361349
UBFC_PHYS_s13_T2_ctrl,10,223,17.433333333333334,-0.6889744400978088,-0.11581870044092268
UBFC_PHYS_s13_T2_ctrl,10,224,17.466666666666665,-0.328829288482666,-0.013400774036705506
UBFC_PHYS_s13_T2_ctrl,10,225,17.5,-0.01730761118233204,0.02864925087089216
UBFC_PHYS_s13_T2_ctrl,10,226,17.533333333333335,0.2303142100572586,0.03423273622845877
UBFC_PHYS_s13_T2_ctrl,10,227,17.566666666666666,0.4034521281719208,0.039615062401131405
UBFC_PHYS_s13_T2_ctrl,10,228,17.6,0.4914099872112274,0.08064308055013879
UBFC_PHYS_s13_T2_ctrl,10,229,17.633333333333333,0.4939340651035309,0.17922239521099695
UBFC_PHYS_s13_T2_ctrl,10,230,17.666666666666668,0.3921167552471161,0.3345500938778519
UBFC_PHYS_s13_T2_ctrl,10,231,17.7,0.19357970356941223,0.5228506949412748
UBFC_PHYS_s13_T2_ctrl,10,232,17.733333333333334,-0.018174240365624428,0.7056528001612064
UBFC_PHYS_s13_T2_ctrl,10,233,17.766666666666666,-0.15204694867134094,0.8428592563253332
UBFC_PHYS_s13_T2_ctrl,10,234,17.8,-0.18954263627529144,0.9049971573160464
UBFC_PHYS_s13_T2_ctrl,10,235,17.833333333333332,-0.16908295452594757,0.8799864669131988
UBFC_PHYS_s13_T2_ctrl,10,236,17.866666666666667,-0.14588497579097748,0.7729442783101897
UBFC_PHYS_s13_T2_ctrl,10,237,17.9,-0.1509002298116684,0.6009312317418277
UBFC_PHYS_s13_T2_ctrl,10,238,17.933333333333334,-0.151967853307724,0.3862388283313999
UBFC_PHYS_s13_T2_ctrl,10,239,17.966666666666665,-0.08963320404291153,0.15144970014042825
UBFC_PHYS_s13_T2_ctrl,11,0,11.0,-0.45859622955322266,-0.06224831244203939
UBFC_PHYS_s13_T2_ctrl,11,1,11.033333333333333,-0.24777480959892273,-0.08711424299445071
UBFC_PHYS_s13_T2_ctrl,11,2,11.066666666666666,-0.05120498314499855,-0.10890667155963167
UBFC_PHYS_s13_T2_ctrl,11,3,11.1,0.11561278998851776,-0.12491713562010087
UBFC_PHYS_s13_T2_ctrl,11,4,11.133333333333333,0.22830745577812195,-0.13174822996692548
UBFC_PHYS_s13_T2_ctrl,11,5,11.166666666666666,0.27835115790367126,-0.12552763110610798
UBFC_PHYS_s13_T2_ctrl,11,6,11.2,0.28358715772628784,-0.1024423388392443
UBFC_PHYS_s13_T2_ctrl,11,7,11.233333333333333,0.2711116671562195,-0.059494121597497666
UBFC_PHYS_s13_T2_ctrl,11,8,11.266666666666667,0.2569721043109894,0.004582115983132486
UBFC_PHYS_s13_T2_ctrl,11,9,11.3,0.242176815867424,0.08829247040372777
UBFC_PHYS_s13_T2_ctrl,11,10,11.333333333333334,0.22403033077716827,0.18638830472988002
UBFC_PHYS_s13_T2_ctrl,11,11,11.366666666666667,0.20518527925014496,0.28922720877130487
UBFC_PHYS_s13_T2_ctrl,11,12,11.4,0.1907919943332672,0.3830271467888996
UBFC_PHYS_s13_T2_ctrl,11,13,11.433333333333334,0.17950604856014252,0.4515527648013694
UBFC_PHYS_s13_T2_ctrl,11,14,11.466666666666667,0.16455918550491333,0.47937088107019854
UBFC_PHYS_s13_T2_ctrl,11,15,11.5,0.14778019487857819,0.45602135233936975
UBFC_PHYS_s13_T2_ctrl,11,16,11.533333333333333,0.14382599294185638,0.3796446263971517
UBFC_PHYS_s13_T2_ctrl,11,17,11.566666666666666,0.15864107012748718,0.2585187403889754
UBFC_PHYS_s13_T2_ctrl,11,18,11.6,0.1811239868402481,0.10988094183525685
UBFC_PHYS_s13_T2_ctrl,11,19,11.633333333333333,0.20436808466911316,-0.04344008258121594
UBFC_PHYS_s13_T2_ctrl,11,20,11.666666666666666,0.241807758808136,-0.17752210186795625
UBFC_PHYS_s13_T2_ctrl,11,21,11.7,0.3042874038219452,-0.27189067075089646
UBFC_PHYS_s13_T2_ctrl,11,22,11.733333333333333,0.37794095277786255,-0.31311193622278427
UBFC_PHYS_s13_T2_ctrl,11,23,11.766666666666667,0.4467242360115051,-0.2967781363325033
UBFC_PHYS_s13_T2_ctrl,11,24,11.8,0.5233895778656006,-0.22786066922105574
UBFC_PHYS_s13_T2_ctrl,11,25,11.833333333333334,0.6389082074165344,-0.11979182543890592
UBFC_PHYS_s13_T2_ctrl,11,26,11.866666666666667,0.8107214570045471,0.007598503785384094
UBFC_PHYS_s13_T2_ctrl,11,27,11.9,0.9979230761528015,0.13150309312654798
UBFC_PHYS_s13_T2_ctrl,11,28,11.933333333333334,1.1028048992156982,0.23085926387997713
UBFC_PHYS_s13_T2_ctrl,11,29,11.966666666666667,1.077817678451538,0.2913331097131357
UBFC_PHYS_s13_T2_ctrl,11,30,12.0,0.9905188679695129,0.3085061274780794
UBFC_PHYS_s13_T2_ctrl,11,31,12.033333333333333,0.9174287915229797,0.28746366005343027
UBFC_PHYS_s13_T2_ctrl,11,32,12.066666666666666,0.8463685512542725,0.23895232311645587
UBFC_PHYS_s13_T2_ctrl,11,33,12.1,0.7416415810585022,0.17429336262157433
UBFC_PHYS_s13_T2_ctrl,11,34,12.133333333333333,0.5946903824806213,0.10157555693029068
UBFC_PHYS_s13_T2_ctrl,11,35,12.166666666666666,0.41081681847572327,0.024534116680841715
UBFC_PHYS_s13_T2_ctrl,11,36,12.2,0.21730490028858185,-0.055938847524748474
UBFC_PHYS_s13_T2_ctrl,11,37,12.233333333333333,0.07144767791032791,-0.1389091675139471
UBFC_PHYS_s13_T2_ctrl,11,38,12.266666666666667,0.017163118347525597,-0.22102119558202832
UBFC_PHYS_s13_T2_ctrl,11,39,12.3,0.01905124820768833,-0.29616119424605797
UBFC_PHYS_s13_T2_ctrl,11,40,12.333333333333334,-0.008460090495646,-0.35741596943736514
UBFC_PHYS_s13_T2_ctrl,11,41,12.366666666666667,-0.10146614909172058,-0.4001623442459629
UBFC_PHYS_s13_T2_ctrl,11,42,12.4,-0.22313354909420013,-0.4244648305703975
UBFC_PHYS_s13_T2_ctrl,11,43,12.433333333333334,-0.3278110921382904,-0.4353012634930155
UBFC_PHYS_s13_T2_ctrl,11,44,12.466666666666667,-0.38925933837890625,-0.4402143653212095
UBFC_PHYS_s13_T2_ctrl,11,45,12.5,-0.3748166263103485,-0.44532863819558455
UBFC_PHYS_s13_T2_ctrl,11,46,12.533333333333333,-0.26833993196487427,-0.4516511633101058
UBFC_PHYS_s13_T2_ctrl,11,47,12.566666666666666,-0.13020658493041992,-0.4535205957534052
UBFC_PHYS_s13_T2_ctrl,11,48,12.6,-0.038334064185619354,-0.4399175118004873
UBFC_PHYS_s13_T2_ctrl,11,49,12.633333333333333,-0.008074556477367878,-0.39809259337516656
UBFC_PHYS_s13_T2_ctrl,11,50,12.666666666666666,0.009284377098083496,-0.3184275927814605
UBFC_PHYS_s13_T2_ctrl,11,51,12.7,0.07544801384210587,-0.19914686872186066
UBFC_PHYS_s13_T2_ctrl,11,52,12.733333333333333,0.22194449603557587,-0.04901439756271838
UBFC_PHYS_s13_T2_ctrl,11,53,12.766666666666667,0.40872108936309814,0.11362720365223479
UBFC_PHYS_s13_T2_ctrl,11,54,12.8,0.5346293449401855,0.2655326293666947
UBFC_PHYS_s13_T2_ctrl,11,55,12.833333333333334,0.5445016622543335,0.385130068424121
UBFC_PHYS_s13_T2_ctrl,11,56,12.866666666666667,0.4724792540073395,0.45843877495428786
UBFC_PHYS_s13_T2_ctrl,11,57,12.9,0.37648117542266846,0.4823448667948831
UBFC_PHYS_s13_T2_ctrl,11,58,12.933333333333334,0.2799789607524872,0.46451551149019765
UBFC_PHYS_s13_T2_ctrl,11,59,12.966666666666667,0.18831732869148254,0.4204111056143808
UBFC_PHYS_s13_T2_ctrl,11,60,13.0,0.10902904719114304,0.3685035005309043
UBFC_PHYS_s13_T2_ctrl,11,61,13.033333333333333,0.04304005578160286,0.32509953127575675
UBFC_PHYS_s13_T2_ctrl,11,62,13.066666666666666,-0.01616418920457363,0.30031396719509923
UBFC_PHYS_s13_T2_ctrl,11,63,13.1,-0.07010605186223984,0.29642137971408855
UBFC_PHYS_s13_T2_ctrl,11,64,13.133333333333333,-0.11824513226747513,0.3088419787226654
UBFC_PHYS_s13_T2_ctrl,11,65,13.166666666666666,-0.15412290394306183,0.32892698892124705
UBFC_PHYS_s13_T2_ctrl,11,66,13.2,-0.1551213264465332,0.3471970149130632
UBFC_PHYS_s13_T2_ctrl,11,67,13.233333333333333,-0.10038203746080399,0.3559298385572699
UBFC_PHYS_s13_T2_ctrl,11,68,13.266666666666667,-0.0026309422682970762,0.35068220568347375
UBFC_PHYS_s13_T2_ctrl,11,69,13.3,0.09877778589725494,0.33086696398661125
UBFC_PHYS_s13_T2_ctrl,11,70,13.333333333333334,0.17392733693122864,0.2995323887674882
UBFC_PHYS_s13_T2_ctrl,11,71,13.366666666666667,0.20268425345420837,0.262291683300766
UBFC_PHYS_s13_T2_ctrl,11,72,13.4,0.17346271872520447,0.2253822770827923
UBFC_PHYS_s13_T2_ctrl,11,73,13.433333333333334,0.10335806757211685,0.1931746307587655
UBFC_PHYS_s13_T2_ctrl,11,74,13.466666666666667,0.0332501195371151,0.16587785772657704
UBFC_PHYS_s13_T2_ctrl,11,75,13.5,-0.008608372882008553,0.13838957214305014
UBFC_PHYS_s13_T2_ctrl,11,76,13.533333333333333,-0.018470805138349533,0.10099786702823556
UBFC_PHYS_s13_T2_ctrl,11,77,13.566666666666666,-0.00922456942498684,0.04202470631002604
UBFC_PHYS_s13_T2_ctrl,11,78,13.6,-0.006532418541610241,-0.0482268449574836
UBFC_PHYS_s13_T2_ctrl,11,79,13.633333333333333,-0.042232245206832886,-0.173344495962148
UBFC_PHYS_s13_T2_ctrl,11,80,13.666666666666666,-0.1159484013915062,-0.32768316567579236
UBFC_PHYS_s13_T2_ctrl,11,81,13.7,-0.17586110532283783,-0.4952445049399168
UBFC_PHYS_s13_T2_ctrl,11,82,13.733333333333333,-0.16831187903881073,-0.6513017278111102
UBFC_PHYS_s13_T2_ctrl,11,83,13.766666666666667,-0.09716595709323883,-0.7670530757794005
UBFC_PHYS_s13_T2_ctrl,11,84,13.8,-0.010397648438811302,-0.8167629987581845
UBFC_PHYS_s13_T2_ctrl,11,85,13.833333333333334,0.05464233458042145,-0.7857916441017955
UBFC_PHYS_s13_T2_ctrl,11,86,13.866666666666667,0.0826578363776207,-0.6769969582562433
UBFC_PHYS_s13_T2_ctrl,11,87,13.9,0.07592251896858215,-0.5126833228531534
UBFC_PHYS_s13_T2_ctrl,11,88,13.933333333333334,0.049294281750917435,-0.33010537846833293
UBFC_PHYS_s13_T2_ctrl,11,89,13.966666666666667,0.012246731668710709,-0.1710033632818604
UBFC_PHYS_s13_T2_ctrl,11,90,14.0,-0.033420972526073456,-0.0690054375451757
UBFC_PHYS_s13_T2_ctrl,11,91,14.033333333333333,-0.07972463965415955,-0.04030905248914065
UBFC_PHYS_s13_T2_ctrl,11,92,14.066666666666666,-0.11927981674671173,-0.08111551943863368
UBFC_PHYS_s13_T2_ctrl,11,93,14.1,-0.1579980105161667,-0.17162765916102862
UBFC_PHYS_s13_T2_ctrl,11,94,14.133333333333333,-0.21011435985565186,-0.28381424895878116
UBFC_PHYS_s13_T2_ctrl,11,95,14.166666666666666,-0.2814975380897522,-0.3895210785178921
UBFC_PHYS_s13_T2_ctrl,11,96,14.2,-0.3452589809894562,-0.4663705458814449
UBFC_PHYS_s13_T2_ctrl,11,97,14.233333333333333,-0.35022810101509094,-0.5002994323184278
UBFC_PHYS_s13_T2_ctrl,11,98,14.266666666666667,-0.27676236629486084,-0.4848063698295227
UBFC_PHYS_s13_T2_ctrl,11,99,14.3,-0.15925346314907074,-0.41796755111794676
UBFC_PHYS_s13_T2_ctrl,11,100,14.333333333333334,-0.0255125742405653,-0.299118618578894
UBFC_PHYS_s13_T2_ctrl,11,101,14.366666666666667,0.11937916278839111,-0.12742074487964328
UBFC_PHYS_s13_T2_ctrl,11,102,14.4,0.24485579133033752,0.0961740366309613
UBFC_PHYS_s13_T2_ctrl,11,103,14.433333333333334,0.30822840332984924,0.36394662962811575
UBFC_PHYS_s13_T2_ctrl,11,104,14.466666666666667,0.31693094968795776,0.6562405951010861
UBFC_PHYS_s13_T2_ctrl,11,105,14.5,0.3057998716831207,0.9401346845288517
UBFC_PHYS_s13_T2_ctrl,11,106,14.533333333333333,0.27754053473472595,1.174645015713187
UBFC_PHYS_s13_T2_ctrl,11,107,14.566666666666666,0.23093700408935547,1.3216026380808097
UBFC_PHYS_s13_T2_ctrl,11,108,14.6,0.17736749351024628,1.3575943072550432
UBFC_PHYS_s13_T2_ctrl,11,109,14.633333333333333,0.10443887859582901,1.2811941261487312
UBFC_PHYS_s13_T2_ctrl,11,110,14.666666666666666,0.001326552010141313,1.112374243211524
UBFC_PHYS_s13_T2_ctrl,11,111,14.7,-0.08673346042633057,0.8852168117541578
UBFC_PHYS_s13_T2_ctrl,11,112,14.733333333333333,-0.09487251937389374,0.6377671601473883
UBFC_PHYS_s13_T2_ctrl,11,113,14.766666666666667,-0.013745537027716637,0.4030345163040687
UBFC_PHYS_s13_T2_ctrl,11,114,14.8,0.09926217794418335,0.2034818876602539
UBFC_PHYS_s13_T2_ctrl,11,115,14.833333333333334,0.18773408234119415,0.04937751183904865
UBFC_PHYS_s13_T2_ctrl,11,116,14.866666666666667,0.2408587485551834,-0.05972934236367943
UBFC_PHYS_s13_T2_ctrl,11,117,14.9,0.2704196870326996,-0.13152738212506565
UBFC_PHYS_s13_T2_ctrl,11,118,14.933333333333334,0.2812409996986389,-0.17677329917021506
UBFC_PHYS_s13_T2_ctrl,11,119,14.966666666666667,0.2794879674911499,-0.20568942948027272
UBFC_PHYS_s13_T2_ctrl,11,120,15.0,0.27703309059143066,-0.22570079548079655
UBFC_PHYS_s13_T2_ctrl,11,121,15.033333333333333,0.27790960669517517,-0.2407084754163758
UBFC_PHYS_s13_T2_ctrl,11,122,15.066666666666666,0.27664753794670105,-0.25178202299905306
UBFC_PHYS_s13_T2_ctrl,11,123,15.1,0.24955140054225922,-0.258981558614338
UBFC_PHYS_s13_T2_ctrl,11,124,15.133333333333333,0.15244285762310028,-0.26375131292832193
UBFC_PHYS_s13_T2_ctrl,11,125,15.166666666666666,-0.024968871846795082,-0.27099913591147534
UBFC_PHYS_s13_T2_ctrl,11,126,15.2,-0.21154774725437164,-0.2898615927703809
UBFC_PHYS_s13_T2_ctrl,11,127,15.233333333333333,-0.3065078556537628,-0.3325904223482754
UBFC_PHYS_s13_T2_ctrl,11,128,15.266666666666667,-0.2764427363872528,-0.41187375348890065
UBFC_PHYS_s13_T2_ctrl,11,129,15.3,-0.18341362476348877,-0.5373268996553436
UBFC_PHYS_s13_T2_ctrl,11,130,15.333333333333334,-0.10482721775770187,-0.7114287814817183
UBFC_PHYS_s13_T2_ctrl,11,131,15.366666666666667,-0.06697564572095871,-0.924950396993507
UBFC_PHYS_s13_T2_ctrl,11,132,15.4,-0.054210174828767776,-1.1529030016748212
UBFC_PHYS_s13_T2_ctrl,11,133,15.433333333333334,-0.04248926788568497,-1.3534653565410315
UBFC_PHYS_s13_T2_ctrl,11,134,15.466666666666667,-0.01769644021987915,-1.4727306522981651
UBFC_PHYS_s13_T2_ctrl,11,135,15.5,0.01946643926203251,-1.4565560279148935
UBFC_PHYS_s13_T2_ctrl,11,136,15.533333333333333,0.0630713701248169,-1.2675031459400576
UBFC_PHYS_s13_T2_ctrl,11,137,15.566666666666666,0.11533599346876144,-0.9012311839172089
UBFC_PHYS_s13_T2_ctrl,11,138,15.6,0.1771203577518463,-0.3948510797777409
UBFC_PHYS_s13_T2_ctrl,11,139,15.633333333333333,0.23545467853546143,0.1783669499390356
UBFC_PHYS_s13_T2_ctrl,11,140,15.666666666666666,0.27986693382263184,0.7278152902175057
UBFC_PHYS_s13_T2_ctrl,11,141,15.7,0.32788407802581787,1.1711096886773846
UBFC_PHYS_s13_T2_ctrl,11,142,15.733333333333333,0.4113176763057709,1.4559034797799228
UBFC_PHYS_s13_T2_ctrl,11,143,15.766666666666667,0.5192772150039673,1.5692909702737412
UBFC_PHYS_s13_T2_ctrl,11,144,15.8,0.5839678645133972,1.5327888864439876
UBFC_PHYS_s13_T2_ctrl,11,145,15.833333333333334,0.5589674711227417,1.3877196792369593
UBFC_PHYS_s13_T2_ctrl,11,146,15.866666666666667,0.4578981399536133,1.178534091557157
UBFC_PHYS_s13_T2_ctrl,11,147,15.9,0.32072699069976807,0.9403467505308543
UBFC_PHYS_s13_T2_ctrl,11,148,15.933333333333334,0.18465639650821686,0.6939715351806529
UBFC_PHYS_s13_T2_ctrl,11,149,15.966666666666667,0.07687811553478241,0.44838599937185963
UBFC_PHYS_s13_T2_ctrl,11,150,16.0,0.005132468417286873,0.20767704536960727
UBFC_PHYS_s13_T2_ctrl,11,151,16.033333333333335,-0.03833736106753349,-0.02180753291492925
UBFC_PHYS_s13_T2_ctrl,11,152,16.066666666666666,-0.05595990642905235,-0.22764557928753876
UBFC_PHYS_s13_T2_ctrl,11,153,16.1,-0.035941772162914276,-0.3923219094960091
UBFC_PHYS_s13_T2_ctrl,11,154,16.133333333333333,0.01634591817855835,-0.49819709041577387
UBFC_PHYS_s13_T2_ctrl,11,155,16.166666666666668,0.05100117623806,-0.5340362905453643
UBFC_PHYS_s13_T2_ctrl,11,156,16.2,0.011320790275931358,-0.5001371000938506
UBFC_PHYS_s13_T2_ctrl,11,157,16.233333333333334,-0.09047676622867584,-0.4098211753107673
UBFC_PHYS_s13_T2_ctrl,11,158,16.266666666666666,-0.1743321418762207,-0.28672145178536124
UBFC_PHYS_s13_T2_ctrl,11,159,16.3,-0.16961346566677094,-0.15898762685893883
UBFC_PHYS_s13_T2_ctrl,11,160,16.333333333333332,-0.053159017115831375,-0.05243361450236052
UBFC_PHYS_s13_T2_ctrl,11,161,16.366666666666667,0.15388943254947662,0.015307919167161614
UBFC_PHYS_s13_T2_ctrl,11,162,16.4,0.3732980489730835,0.03806314378822308
UBFC_PHYS_s13_T2_ctrl,11,163,16.433333333333334,0.5153460502624512,0.021084085391390797
UBFC_PHYS_s13_T2_ctrl,11,164,16.466666666666665,0.5442413687705994,-0.02205941586734657
UBFC_PHYS_s13_T2_ctrl,11,165,16.5,0.47657185792922974,-0.07445021067361435
UBFC_PHYS_s13_T2_ctrl,11,166,16.533333333333335,0.3646745979785919,-0.12075773147481268
UBFC_PHYS_s13_T2_ctrl,11,167,16.566666666666666,0.28046664595603943,-0.15031006197254912
UBFC_PHYS_s13_T2_ctrl,11,168,16.6,0.2544941306114197,-0.1574915863136377
UBFC_PHYS_s13_T2_ctrl,11,169,16.633333333333333,0.2526884078979492,-0.14008732710063618
UBFC_PHYS_s13_T2_ctrl,11,170,16.666666666666668,0.21552880108356476,-0.09722060675404023
UBFC_PHYS_s13_T2_ctrl,11,171,16.7,0.13196340203285217,-0.02850878836662771
UBFC_PHYS_s13_T2_ctrl,11,172,16.733333333333334,0.058570172637701035,0.06502519437235144
UBFC_PHYS_s13_T2_ctrl,11,173,16.766666666666666,0.023710614070296288,0.17907947317881368
UBFC_PHYS_s13_T2_ctrl,11,174,16.8,-0.02141009271144867,0.3046717724045456
UBFC_PHYS_s13_T2_ctrl,11,175,16.833333333333332,-0.07980043441057205,0.42829527162209297
UBFC_PHYS_s13_T2_ctrl,11,176,16.866666666666667,-0.08160948008298874,0.5337225998966771
UBFC_PHYS_s13_T2_ctrl,11,177,16.9,-0.014193679206073284,0.6046548815170869
UBFC_PHYS_s13_T2_ctrl,11,178,16.933333333333334,0.04737979173660278,0.6271968691234439
UBFC_PHYS_s13_T2_ctrl,11,179,16.966666666666665,0.027849342674016953,0.5915131066391974
UBFC_PHYS_s13_T2_ctrl,11,180,17.0,-0.12347785383462906,0.4925810242687925
UBFC_PHYS_s13_T2_ctrl,11,181,17.033333333333335,-0.44086164236068726,0.3304392915463344
UBFC_PHYS_s13_T2_ctrl,11,182,17.066666666666666,-0.8624221086502075,0.1105513630465381
UBFC_PHYS_s13_T2_ctrl,11,183,17.1,-1.2564053535461426,-0.15532499805259536
UBFC_PHYS_s13_T2_ctrl,11,184,17.133333333333333,-1.5382407903671265,-0.44802393750666103
UBFC_PHYS_s13_T2_ctrl,11,185,17.166666666666668,-1.7153724431991577,-0.7405477987355228
UBFC_PHYS_s13_T2_ctrl,11,186,17.2,-1.8076404333114624,-0.9994865882960731
UBFC_PHYS_s13_T2_ctrl,11,187,17.233333333333334,-1.7976231575012207,-1.1889958786169168
UBFC_PHYS_s13_T2_ctrl,11,188,17.266666666666666,-1.6806249618530273,-1.2771065852399708
UBFC_PHYS_s13_T2_ctrl,11,189,17.3,-1.5183018445968628,-1.2431702528039192
UBFC_PHYS_s13_T2_ctrl,11,190,17.333333333333332,-1.380616545677185,-1.08461307444604
UBFC_PHYS_s13_T2_ctrl,11,191,17.366666666666667,-1.2460485696792603,-0.8207655208389105
UBFC_PHYS_s13_T2_ctrl,11,192,17.4,-1.022969126701355,-0.49147833287260567
UBFC_PHYS_s13_T2_ctrl,11,193,17.433333333333334,-0.6889744400978088,-0.1494606918164246
UBFC_PHYS_s13_T2_ctrl,11,194,17.466666666666665,-0.328829288482666,0.1520104970572541
UBFC_PHYS_s13_T2_ctrl,11,195,17.5,-0.01730761118233204,0.37196463821283304
UBFC_PHYS_s13_T2_ctrl,11,196,17.533333333333335,0.2303142100572586,0.4908507630940444
UBFC_PHYS_s13_T2_ctrl,11,197,17.566666666666666,0.4034521281719208,0.5130405209789682
UBFC_PHYS_s13_T2_ctrl,11,198,17.6,0.4914099872112274,0.46208589481835605
UBFC_PHYS_s13_T2_ctrl,11,199,17.633333333333333,0.4939340651035309,0.37071123470071926
UBFC_PHYS_s13_T2_ctrl,11,200,17.666666666666668,0.3921167552471161,0.2699181235104368
UBFC_PHYS_s13_T2_ctrl,11,201,17.7,0.19357970356941223,0.18191840633271436
UBFC_PHYS_s13_T2_ctrl,11,202,17.733333333333334,-0.018174240365624428,0.11899846634287489
UBFC_PHYS_s13_T2_ctrl,11,203,17.766666666666666,-0.15204694867134094,0.08684434293878314
UBFC_PHYS_s13_T2_ctrl,11,204,17.8,-0.18954263627529144,0.08889186489101486
UBFC_PHYS_s13_T2_ctrl,11,205,17.833333333333332,-0.16908295452594757,0.12856795662452397
UBFC_PHYS_s13_T2_ctrl,11,206,17.866666666666667,-0.14588497579097748,0.2081175737632432
UBFC_PHYS_s13_T2_ctrl,11,207,17.9,-0.1509002298116684,0.3249275113485082
UBFC_PHYS_s13_T2_ctrl,11,208,17.933333333333334,-0.151967853307724,0.46781337318028954
UBFC_PHYS_s13_T2_ctrl,11,209,17.966666666666665,-0.08963320404291153,0.6160587023123412
UBFC_PHYS_s13_T2_ctrl,11,210,18.0,0.045119307935237885,0.7429284956800792
UBFC_PHYS_s13_T2_ctrl,11,211,18.033333333333335,0.20076316595077515,0.8230319700023307
UBFC_PHYS_s13_T2_ctrl,11,212,18.066666666666666,0.3259498178958893,0.8402552638426861
UBFC_PHYS_s13_T2_ctrl,11,213,18.1,0.4058707654476166,0.7921416361048841
UBFC_PHYS_s13_T2_ctrl,11,214,18.133333333333333,0.44774243235588074,0.6886708706095087
UBFC_PHYS_s13_T2_ctrl,11,215,18.166666666666668,0.46777376532554626,0.5466536189495149
UBFC_PHYS_s13_T2_ctrl,11,216,18.2,0.4866847097873688,0.3829525987808566
UBFC_PHYS_s13_T2_ctrl,11,217,18.233333333333334,0.5155372023582458,0.2096410310134554
UBFC_PHYS_s13_T2_ctrl,11,218,18.266666666666666,0.5384814143180847,0.03259448681600601
UBFC_PHYS_s13_T2_ctrl,11,219,18.3,0.528796911239624,-0.14684653744053194
UBFC_PHYS_s13_T2_ctrl,11,220,18.333333333333332,0.4866220951080322,-0.32853583997107016
UBFC_PHYS_s13_T2_ctrl,11,221,18.366666666666667,0.43372809886932373,-0.5099582981716044
UBFC_PHYS_s13_T2_ctrl,11,222,18.4,0.37872520089149475,-0.683474727867876
UBFC_PHYS_s13_T2_ctrl,11,223,18.433333333333334,0.3060733675956726,-0.8350444010893566
UBFC_PHYS_s13_T2_ctrl,11,224,18.466666666666665,0.20589374005794525,-0.945035376555965
UBFC_PHYS_s13_T2_ctrl,11,225,18.5,0.10635996609926224,-0.991671566127905
UBFC_PHYS_s13_T2_ctrl,11,226,18.533333333333335,0.05886673927307129,-0.9571120079376559
UBFC_PHYS_s13_T2_ctrl,11,227,18.566666666666666,0.07235385477542877,-0.8348898749384408
UBFC_PHYS_s13_T2_ctrl,11,228,18.6,0.11142133921384811,-0.6358825066748264
UBFC_PHYS_s13_T2_ctrl,11,229,18.633333333333333,0.1425343006849289,-0.38932311207440207
UBFC_PHYS_s13_T2_ctrl,11,230,18.666666666666668,0.15059757232666016,-0.1366798458932267
UBFC_PHYS_s13_T2_ctrl,11,231,18.7,0.12938328087329865,0.08041742710711981
UBFC_PHYS_s13_T2_ctrl,11,232,18.733333333333334,0.08942610770463943,0.23317313568569997
UBFC_PHYS_s13_T2_ctrl,11,233,18.766666666666666,0.05549907684326172,0.3132842342404434
UBFC_PHYS_s13_T2_ctrl,11,234,18.8,0.03262403607368469,0.33199814660632776
UBFC_PHYS_s13_T2_ctrl,11,235,18.833333333333332,-0.0007329266518354416,0.3120757948077178
UBFC_PHYS_s13_T2_ctrl,11,236,18.866666666666667,-0.052895400673151016,0.2771973114899267
UBFC_PHYS_s13_T2_ctrl,11,237,18.9,-0.09660907089710236,0.24347280775061375
UBFC_PHYS_s13_T2_ctrl,11,238,18.933333333333334,-0.09966368973255157,0.215710241001556
UBFC_PHYS_s13_T2_ctrl,11,239,18.966666666666665,-0.06996765732765198,0.18856392184978138
UBFC_PHYS_s13_T2_ctrl,12,0,12.0,0.9905188679695129,0.11697774521221804
UBFC_PHYS_s13_T2_ctrl,12,1,12.033333333333333,0.9174287915229797,-0.03425793061081373
UBFC_PHYS_s13_T2_ctrl,12,2,12.066666666666666,0.8463685512542725,-0.1809068152906417
UBFC_PHYS_s13_T2_ctrl,12,3,12.1,0.7416415810585022,-0.3170098379857812
UBFC_PHYS_s13_T2_ctrl,12,4,12.133333333333333,0.5946903824806213,-0.43914880465723144
UBFC_PHYS_s13_T2_ctrl,12,5,12.166666666666666,0.41081681847572327,-0.5468438544285705
UBFC_PHYS_s13_T2_ctrl,12,6,12.2,0.21730490028858185,-0.6417351198394096
UBFC_PHYS_s13_T2_ctrl,12,7,12.233333333333333,0.07144767791032791,-0.7257918112877092
UBFC_PHYS_s13_T2_ctrl,12,8,12.266666666666667,0.017163118347525597,-0.7991135977681126
UBFC_PHYS_s13_T2_ctrl,12,9,12.3,0.01905124820768833,-0.8580538471338438
UBFC_PHYS_s13_T2_ctrl,12,10,12.333333333333334,-0.008460090495646,-0.8947425386648116
UBFC_PHYS_s13_T2_ctrl,12,11,12.366666666666667,-0.10146614909172058,-0.8989231317209514
UBFC_PHYS_s13_T2_ctrl,12,12,12.4,-0.22313354909420013,-0.8618176223580297
UBFC_PHYS_s13_T2_ctrl,12,13,12.433333333333334,-0.3278110921382904,-0.7803170041897163
UBFC_PHYS_s13_T2_ctrl,12,14,12.466666666666667,-0.38925933837890625,-0.6593627209378433
UBFC_PHYS_s13_T2_ctrl,12,15,12.5,-0.3748166263103485,-0.5113797120832102
UBFC_PHYS_s13_T2_ctrl,12,16,12.533333333333333,-0.26833993196487427,-0.35339431718068137
UBFC_PHYS_s13_T2_ctrl,12,17,12.566666666666666,-0.13020658493041992,-0.20337318861962295
UBFC_PHYS_s13_T2_ctrl,12,18,12.6,-0.038334064185619354,-0.07659758444674214
UBFC_PHYS_s13_T2_ctrl,12,19,12.633333333333333,-0.008074556477367878,0.017810997438451062
UBFC_PHYS_s13_T2_ctrl,12,20,12.666666666666666,0.009284377098083496,0.07939333106539768
UBFC_PHYS_s13_T2_ctrl,12,21,12.7,0.07544801384210587,0.1163709218755197
UBFC_PHYS_s13_T2_ctrl,12,22,12.733333333333333,0.22194449603557587,0.14261323743695878
UBFC_PHYS_s13_T2_ctrl,12,23,12.766666666666667,0.40872108936309814,0.17269674650818143
UBFC_PHYS_s13_T2_ctrl,12,24,12.8,0.5346293449401855,0.21706403937311042
UBFC_PHYS_s13_T2_ctrl,12,25,12.833333333333334,0.5445016622543335,0.2790297727391924
UBFC_PHYS_s13_T2_ctrl,12,26,12.866666666666667,0.4724792540073395,0.35450399553978096
UBFC_PHYS_s13_T2_ctrl,12,27,12.9,0.37648117542266846,0.43428904082704445
UBFC_PHYS_s13_T2_ctrl,12,28,12.933333333333334,0.2799789607524872,0.5079597343382942
UBFC_PHYS_s13_T2_ctrl,12,29,12.966666666666667,0.18831732869148254,0.5677683381216838
UBFC_PHYS_s13_T2_ctrl,12,30,13.0,0.10902904719114304,0.6108798446093646
UBFC_PHYS_s13_T2_ctrl,12,31,13.033333333333333,0.04304005578160286,0.6389221082438109
UBFC_PHYS_s13_T2_ctrl,12,32,13.066666666666666,-0.01616418920457363,0.655292736037075
UBFC_PHYS_s13_T2_ctrl,12,33,13.1,-0.07010605186223984,0.6619300108257419
UBFC_PHYS_s13_T2_ctrl,12,34,13.133333333333333,-0.11824513226747513,0.6573903198877133
UBFC_PHYS_s13_T2_ctrl,12,35,13.166666666666666,-0.15412290394306183,0.6371455713655189
UBFC_PHYS_s13_T2_ctrl,12,36,13.2,-0.1551213264465332,0.5957378856048641
UBFC_PHYS_s13_T2_ctrl,12,37,13.233333333333333,-0.10038203746080399,0.529593344470854
UBFC_PHYS_s13_T2_ctrl,12,38,13.266666666666667,-0.0026309422682970762,0.4392727498824297
UBFC_PHYS_s13_T2_ctrl,12,39,13.3,0.09877778589725494,0.33036537628148094
UBFC_PHYS_s13_T2_ctrl,12,40,13.333333333333334,0.17392733693122864,0.21265131097304638
UBFC_PHYS_s13_T2_ctrl,12,41,13.366666666666667,0.20268425345420837,0.09763965491952006
UBFC_PHYS_s13_T2_ctrl,12,42,13.4,0.17346271872520447,-0.0047524959427051715
UBFC_PHYS_s13_T2_ctrl,12,43,13.433333333333334,0.10335806757211685,-0.08914289085339612
UBFC_PHYS_s13_T2_ctrl,12,44,13.466666666666667,0.0332501195371151,-0.1561203803947533
UBFC_PHYS_s13_T2_ctrl,12,45,13.5,-0.008608372882008553,-0.21168662030542404
UBFC_PHYS_s13_T2_ctrl,12,46,13.533333333333333,-0.018470805138349533,-0.2650091671911367
UBFC_PHYS_s13_T2_ctrl,12,47,13.566666666666666,-0.00922456942498684,-0.3252654242790509
UBFC_PHYS_s13_T2_ctrl,12,48,13.6,-0.006532418541610241,-0.39833636795202537
UBFC_PHYS_s13_T2_ctrl,12,49,13.633333333333333,-0.042232245206832886,-0.4839925458107868
UBFC_PHYS_s13_T2_ctrl,12,50,13.666666666666666,-0.1159484013915062,-0.5743343023521076
UBFC_PHYS_s13_T2_ctrl,12,51,13.7,-0.17586110532283783,-0.6542801374368271
UBFC_PHYS_s13_T2_ctrl,12,52,13.733333333333333,-0.16831187903881073,-0.7044747843993219
UBFC_PHYS_s13_T2_ctrl,12,53,13.766666666666667,-0.09716595709323883,-0.7063496188060076
UBFC_PHYS_s13_T2_ctrl,12,54,13.8,-0.010397648438811302,-0.6485019877928475
UBFC_PHYS_s13_T2_ctrl,12,55,13.833333333333334,0.05464233458042145,-0.532852094049282
UBFC_PHYS_s13_T2_ctrl,12,56,13.866666666666667,0.0826578363776207,-0.37816777670680685
UBFC_PHYS_s13_T2_ctrl,12,57,13.9,0.07592251896858215,-0.21830355990611092
UBFC_PHYS_s13_T2_ctrl,12,58,13.933333333333334,0.049294281750917435,-0.0938016352913291
UBFC_PHYS_s13_T2_ctrl,12,59,13.966666666666667,0.012246731668710709,-0.038591379161003705
UBFC_PHYS_s13_T2_ctrl,12,60,14.0,-0.033420972526073456,-0.06709078535278215
UBFC_PHYS_s13_T2_ctrl,12,61,14.033333333333333,-0.07972463965415955,-0.167955984226605
UBFC_PHYS_s13_T2_ctrl,12,62,14.066666666666666,-0.11927981674671173,-0.307443531408385
UBFC_PHYS_s13_T2_ctrl,12,63,14.1,-0.1579980105161667,-0.4405394463056063
UBFC_PHYS_s13_T2_ctrl,12,64,14.133333333333333,-0.21011435985565186,-0.5251558597073154
UBFC_PHYS_s13_T2_ctrl,12,65,14.166666666666666,-0.2814975380897522,-0.534327414233803
UBFC_PHYS_s13_T2_ctrl,12,66,14.2,-0.3452589809894562,-0.46248085020398144
UBFC_PHYS_s13_T2_ctrl,12,67,14.233333333333333,-0.35022810101509094,-0.32400283880481867
UBFC_PHYS_s13_T2_ctrl,12,68,14.266666666666667,-0.27676236629486084,-0.1451278031802525
UBFC_PHYS_s13_T2_ctrl,12,69,14.3,-0.15925346314907074,0.04715722839081826
UBFC_PHYS_s13_T2_ctrl,12,70,14.333333333333334,-0.0255125742405653,0.2340778741564976
UBFC_PHYS_s13_T2_ctrl,12,71,14.366666666666667,0.11937916278839111,0.4079050677602217
UBFC_PHYS_s13_T2_ctrl,12,72,14.4,0.24485579133033752,0.5682369933812697
UBFC_PHYS_s13_T2_ctrl,12,73,14.433333333333334,0.30822840332984924,0.714969171700449
UBFC_PHYS_s13_T2_ctrl,12,74,14.466666666666667,0.31693094968795776,0.8424789385815935
UBFC_PHYS_s13_T2_ctrl,12,75,14.5,0.3057998716831207,0.9383067291682242
UBFC_PHYS_s13_T2_ctrl,12,76,14.533333333333333,0.27754053473472595,0.9870273687414771
UBFC_PHYS_s13_T2_ctrl,12,77,14.566666666666666,0.23093700408935547,0.9772365818720359
UBFC_PHYS_s13_T2_ctrl,12,78,14.6,0.17736749351024628,0.907780545083632
UBFC_PHYS_s13_T2_ctrl,12,79,14.633333333333333,0.10443887859582901,0.7896942568540372
UBFC_PHYS_s13_T2_ctrl,12,80,14.666666666666666,0.001326552010141313,0.6428635099703596
UBFC_PHYS_s13_T2_ctrl,12,81,14.7,-0.08673346042633057,0.48940708949935474
UBFC_PHYS_s13_T2_ctrl,12,82,14.733333333333333,-0.09487251937389374,0.3471772470524554
UBFC_PHYS_s13_T2_ctrl,12,83,14.766666666666667,-0.013745537027716637,0.2260438869187347
UBFC_PHYS_s13_T2_ctrl,12,84,14.8,0.09926217794418335,0.12759983452895948
UBFC_PHYS_s13_T2_ctrl,12,85,14.833333333333334,0.18773408234119415,0.04726234270561386
UBFC_PHYS_s13_T2_ctrl,12,86,14.866666666666667,0.2408587485551834,-0.022505632701773717
UBFC_PHYS_s13_T2_ctrl,12,87,14.9,0.2704196870326996,-0.08869024748004808
UBFC_PHYS_s13_T2_ctrl,12,88,14.933333333333334,0.2812409996986389,-0.15469371240695057
UBFC_PHYS_s13_T2_ctrl,12,89,14.966666666666667,0.2794879674911499,-0.2186693944072448
UBFC_PHYS_s13_T2_ctrl,12,90,15.0,0.27703309059143066,-0.2738991863535741
UBFC_PHYS_s13_T2_ctrl,12,91,15.033333333333333,0.27790960669517517,-0.3112491717752746
UBFC_PHYS_s13_T2_ctrl,12,92,15.066666666666666,0.27664753794670105,-0.32299243459277577
UBFC_PHYS_s13_T2_ctrl,12,93,15.1,0.24955140054225922,-0.30678840291297027
UBFC_PHYS_s13_T2_ctrl,12,94,15.133333333333333,0.15244285762310028,-0.2685457972342815
UBFC_PHYS_s13_T2_ctrl,12,95,15.166666666666666,-0.024968871846795082,-0.22313557730089956
UBFC_PHYS_s13_T2_ctrl,12,96,15.2,-0.21154774725437164,-0.19231029394089164
UBFC_PHYS_s13_T2_ctrl,12,97,15.233333333333333,-0.3065078556537628,-0.1998407926575678
UBFC_PHYS_s13_T2_ctrl,12,98,15.266666666666667,-0.2764427363872528,-0.26481858605185166
UBFC_PHYS_s13_T2_ctrl,12,99,15.3,-0.18341362476348877,-0.39487563067155784
UBFC_PHYS_s13_T2_ctrl,12,100,15.333333333333334,-0.10482721775770187,-0.5813031560459405
UBFC_PHYS_s13_T2_ctrl,12,101,15.366666666666667,-0.06697564572095871,-0.7976890834032214
UBFC_PHYS_s13_T2_ctrl,12,102,15.4,-0.054210174828767776,-1.0029395899545117
UBFC_PHYS_s13_T2_ctrl,12,103,15.433333333333334,-0.04248926788568497,-1.148576257481515
UBFC_PHYS_s13_T2_ctrl,12,104,15.466666666666667,-0.01769644021987915,-1.1891468258041504
UBFC_PHYS_s13_T2_ctrl,12,105,15.5,0.01946643926203251,-1.093604986597339
UBFC_PHYS_s13_T2_ctrl,12,106,15.533333333333333,0.0630713701248169,-0.8548167672426843
UBFC_PHYS_s13_T2_ctrl,12,107,15.566666666666666,0.11533599346876144,-0.49422143169388194
UBFC_PHYS_s13_T2_ctrl,12,108,15.6,0.1771203577518463,-0.05943464192973894
UBFC_PHYS_s13_T2_ctrl,12,109,15.633333333333333,0.23545467853546143,0.38553617367100534
UBFC_PHYS_s13_T2_ctrl,12,110,15.666666666666666,0.27986693382263184,0.7751119199490035
UBFC_PHYS_s13_T2_ctrl,12,111,15.7,0.32788407802581787,1.0573386982024666
UBFC_PHYS_s13_T2_ctrl,12,112,15.733333333333333,0.4113176763057709,1.2042469248920007
UBFC_PHYS_s13_T2_ctrl,12,113,15.766666666666667,0.5192772150039673,1.2141136942519786
UBFC_PHYS_s13_T2_ctrl,12,114,15.8,0.5839678645133972,1.106167563070446
UBFC_PHYS_s13_T2_ctrl,12,115,15.833333333333334,0.5589674711227417,0.9114748872859604
UBFC_PHYS_s13_T2_ctrl,12,116,15.866666666666667,0.4578981399536133,0.6643252522572559
UBFC_PHYS_s13_T2_ctrl,12,117,15.9,0.32072699069976807,0.39681599835591913
UBFC_PHYS_s13_T2_ctrl,12,118,15.933333333333334,0.18465639650821686,0.13707535665236126
UBFC_PHYS_s13_T2_ctrl,12,119,15.966666666666667,0.07687811553478241,-0.0903317900264703
UBFC_PHYS_s13_T2_ctrl,12,120,16.0,0.005132468417286873,-0.264192853069986
UBFC_PHYS_s13_T2_ctrl,12,121,16.033333333333335,-0.03833736106753349,-0.36842141377270227
UBFC_PHYS_s13_T2_ctrl,12,122,16.066666666666666,-0.05595990642905235,-0.39568733825653857
UBFC_PHYS_s13_T2_ctrl,12,123,16.1,-0.035941772162914276,-0.3508352633196301
UBFC_PHYS_s13_T2_ctrl,12,124,16.133333333333333,0.01634591817855835,-0.25146223138255897
UBFC_PHYS_s13_T2_ctrl,12,125,16.166666666666668,0.05100117623806,-0.12423287090747584
UBFC_PHYS_s13_T2_ctrl,12,126,16.2,0.011320790275931358,0.002182690759535425
UBFC_PHYS_s13_T2_ctrl,12,127,16.233333333333334,-0.09047676622867584,0.10467333864999842
UBFC_PHYS_s13_T2_ctrl,12,128,16.266666666666666,-0.1743321418762207,0.17049967057714963
UBFC_PHYS_s13_T2_ctrl,12,129,16.3,-0.16961346566677094,0.19765932046094825
UBFC_PHYS_s13_T2_ctrl,12,130,16.333333333333332,-0.053159017115831375,0.19169379197555547
UBFC_PHYS_s13_T2_ctrl,12,131,16.366666666666667,0.15388943254947662,0.16145061716753317
UBFC_PHYS_s13_T2_ctrl,12,132,16.4,0.3732980489730835,0.11581486392664866
UBFC_PHYS_s13_T2_ctrl,12,133,16.433333333333334,0.5153460502624512,0.06201516575108029
UBFC_PHYS_s13_T2_ctrl,12,134,16.466666666666665,0.5442413687705994,0.005375914702514348
UBFC_PHYS_s13_T2_ctrl,12,135,16.5,0.47657185792922974,-0.04982232288099319
UBFC_PHYS_s13_T2_ctrl,12,136,16.533333333333335,0.3646745979785919,-0.09906310513800799
UBFC_PHYS_s13_T2_ctrl,12,137,16.566666666666666,0.28046664595603943,-0.13681560164155218
UBFC_PHYS_s13_T2_ctrl,12,138,16.6,0.2544941306114197,-0.1568356740166036
UBFC_PHYS_s13_T2_ctrl,12,139,16.633333333333333,0.2526884078979492,-0.15341245621472976
UBFC_PHYS_s13_T2_ctrl,12,140,16.666666666666668,0.21552880108356476,-0.12286294376607067
UBFC_PHYS_s13_T2_ctrl,12,141,16.7,0.13196340203285217,-0.06453063345172114
UBFC_PHYS_s13_T2_ctrl,12,142,16.733333333333334,0.058570172637701035,0.01898770534043845
UBFC_PHYS_s13_T2_ctrl,12,143,16.766666666666666,0.023710614070296288,0.12213196911576774
UBFC_PHYS_s13_T2_ctrl,12,144,16.8,-0.02141009271144867,0.2367676248814193
UBFC_PHYS_s13_T2_ctrl,12,145,16.833333333333332,-0.07980043441057205,0.3524228934478483
UBFC_PHYS_s13_T2_ctrl,12,146,16.866666666666667,-0.08160948008298874,0.45639189546458014
UBFC_PHYS_s13_T2_ctrl,12,147,16.9,-0.014193679206073284,0.5340189294208924
UBFC_PHYS_s13_T2_ctrl,12,148,16.933333333333334,0.04737979173660278,0.5697011880235404
UBFC_PHYS_s13_T2_ctrl,12,149,16.966666666666665,0.027849342674016953,0.5489829636226804
UBFC_PHYS_s13_T2_ctrl,12,150,17.0,-0.12347785383462906,0.4614833950980415
UBFC_PHYS_s13_T2_ctrl,12,151,17.033333333333335,-0.44086164236068726,0.3038091673848658
UBFC_PHYS_s13_T2_ctrl,12,152,17.066666666666666,-0.8624221086502075,0.0815639042008129
UBFC_PHYS_s13_T2_ctrl,12,153,17.1,-1.2564053535461426,-0.19000051592987258
UBFC_PHYS_s13_T2_ctrl,12,154,17.133333333333333,-1.5382407903671265,-0.4866625180156196
UBFC_PHYS_s13_T2_ctrl,12,155,17.166666666666668,-1.7153724431991577,-0.7770757251896556
UBFC_PHYS_s13_T2_ctrl,12,156,17.2,-1.8076404333114624,-1.0258745643426594
UBFC_PHYS_s13_T2_ctrl,12,157,17.233333333333334,-1.7976231575012207,-1.1983057374144805
UBFC_PHYS_s13_T2_ctrl,12,158,17.266666666666666,-1.6806249618530273,-1.2662662899549042
UBFC_PHYS_s13_T2_ctrl,12,159,17.3,-1.5183018445968628,-1.2147738181686436
UBFC_PHYS_s13_T2_ctrl,12,160,17.333333333333332,-1.380616545677185,-1.0470520512793824
UBFC_PHYS_s13_T2_ctrl,12,161,17.366666666666667,-1.2460485696792603,-0.786149865873588
UBFC_PHYS_s13_T2_ctrl,12,162,17.4,-1.022969126701355,-0.4716894863587438
UBFC_PHYS_s13_T2_ctrl,12,163,17.433333333333334,-0.6889744400978088,-0.1518846404835761
UBFC_PHYS_s13_T2_ctrl,12,164,17.466666666666665,-0.328829288482666,0.1271779005088668
UBFC_PHYS_s13_T2_ctrl,12,165,17.5,-0.01730761118233204,0.3317650604540885
UBFC_PHYS_s13_T2_ctrl,12,166,17.533333333333335,0.2303142100572586,0.4470680423633494
UBFC_PHYS_s13_T2_ctrl,12,167,17.566666666666666,0.4034521281719208,0.4781967016267379
UBFC_PHYS_s13_T2_ctrl,12,168,17.6,0.4914099872112274,0.44554729674287863
UBFC_PHYS_s13_T2_ctrl,12,169,17.633333333333333,0.4939340651035309,0.3764522074942598
UBFC_PHYS_s13_T2_ctrl,12,170,17.666666666666668,0.3921167552471161,0.2964300592235462
UBFC_PHYS_s13_T2_ctrl,12,171,17.7,0.19357970356941223,0.22339681236334702
UBFC_PHYS_s13_T2_ctrl,12,172,17.733333333333334,-0.018174240365624428,0.1666148354517264
UBFC_PHYS_s13_T2_ctrl,12,173,17.766666666666666,-0.15204694867134094,0.12985090328305898
UBFC_PHYS_s13_T2_ctrl,12,174,17.8,-0.18954263627529144,0.11638000175393752
UBFC_PHYS_s13_T2_ctrl,12,175,17.833333333333332,-0.16908295452594757,0.13265542029521996
UBFC_PHYS_s13_T2_ctrl,12,176,17.866666666666667,-0.14588497579097748,0.18791394119129895
UBFC_PHYS_s13_T2_ctrl,12,177,17.9,-0.1509002298116684,0.2890402146941722
UBFC_PHYS_s13_T2_ctrl,12,178,17.933333333333334,-0.151967853307724,0.43316219424368096
UBFC_PHYS_s13_T2_ctrl,12,179,17.966666666666665,-0.08963320404291153,0.6026433163559705
UBFC_PHYS_s13_T2_ctrl,12,180,18.0,0.045119307935237885,0.7665046617053274
UBFC_PHYS_s13_T2_ctrl,12,181,18.033333333333335,0.20076316595077515,0.8888771881418729
UBFC_PHYS_s13_T2_ctrl,12,182,18.066666666666666,0.3259498178958893,0.9407584731725218
UBFC_PHYS_s13_T2_ctrl,12,183,18.1,0.4058707654476166,0.9092141977789427
UBFC_PHYS_s13_T2_ctrl,12,184,18.133333333333333,0.44774243235588074,0.7999228333858948
UBFC_PHYS_s13_T2_ctrl,12,185,18.166666666666668,0.46777376532554626,0.6328612122927111
UBFC_PHYS_s13_T2_ctrl,12,186,18.2,0.4866847097873688,0.434056607878434
UBFC_PHYS_s13_T2_ctrl,12,187,18.233333333333334,0.5155372023582458,0.22728133936682557
UBFC_PHYS_s13_T2_ctrl,12,188,18.266666666666666,0.5384814143180847,0.028525508610466814
UBFC_PHYS_s13_T2_ctrl,12,189,18.3,0.528796911239624,-0.1556875528352745
UBFC_PHYS_s13_T2_ctrl,12,190,18.333333333333332,0.4866220951080322,-0.3264086526004943
UBFC_PHYS_s13_T2_ctrl,12,191,18.366666666666667,0.43372809886932373,-0.48789049582935184
UBFC_PHYS_s13_T2_ctrl,12,192,18.4,0.37872520089149475,-0.642458616603396
UBFC_PHYS_s13_T2_ctrl,12,193,18.433333333333334,0.3060733675956726,-0.7865074500124425
UBFC_PHYS_s13_T2_ctrl,12,194,18.466666666666665,0.20589374005794525,-0.9089555809645925
UBFC_PHYS_s13_T2_ctrl,12,195,18.5,0.10635996609926224,-0.9926312194570944
UBFC_PHYS_s13_T2_ctrl,12,196,18.533333333333335,0.05886673927307129,-1.0183440077971466
UBFC_PHYS_s13_T2_ctrl,12,197,18.566666666666666,0.07235385477542877,-0.9708055975043528
UBFC_PHYS_s13_T2_ctrl,12,198,18.6,0.11142133921384811,-0.8449158398509938
UBFC_PHYS_s13_T2_ctrl,12,199,18.633333333333333,0.1425343006849289,-0.6503213772306804
UBFC_PHYS_s13_T2_ctrl,12,200,18.666666666666668,0.15059757232666016,-0.4120436185379047
UBFC_PHYS_s13_T2_ctrl,12,201,18.7,0.12938328087329865,-0.1661106257265925
UBFC_PHYS_s13_T2_ctrl,12,202,18.733333333333334,0.08942610770463943,0.04856326251089959
UBFC_PHYS_s13_T2_ctrl,12,203,18.766666666666666,0.05549907684326172,0.19903131823603423
UBFC_PHYS_s13_T2_ctrl,12,204,18.8,0.03262403607368469,0.26506817263776866
UBFC_PHYS_s13_T2_ctrl,12,205,18.833333333333332,-0.0007329266518354416,0.24245610817631308
UBFC_PHYS_s13_T2_ctrl,12,206,18.866666666666667,-0.052895400673151016,0.14278749900946755
UBFC_PHYS_s13_T2_ctrl,12,207,18.9,-0.09660907089710236,-0.009491429673911672
UBFC_PHYS_s13_T2_ctrl,12,208,18.933333333333334,-0.09966368973255157,-0.1818170848592433
UBFC_PHYS_s13_T2_ctrl,12,209,18.966666666666665,-0.06996765732765198,-0.33909789715084254
UBFC_PHYS_s13_T2_ctrl,12,210,19.0,-0.055218495428562164,-0.44937993614830307
UBFC_PHYS_s13_T2_ctrl,12,211,19.033333333333335,-0.09299427270889282,-0.4888532953139566
UBFC_PHYS_s13_T2_ctrl,12,212,19.066666666666666,-0.15280812978744507,-0.44537622192114495
UBFC_PHYS_s13_T2_ctrl,12,213,19.1,-0.15863068401813507,-0.3197472348030572
UBFC_PHYS_s13_T2_ctrl,12,214,19.133333333333333,-0.06417475640773773,-0.12440022109018735
UBFC_PHYS_s13_T2_ctrl,12,215,19.166666666666668,0.10075818002223969,0.12005232805963476
UBFC_PHYS_s13_T2_ctrl,12,216,19.2,0.2718629539012909,0.3892592880955108
UBFC_PHYS_s13_T2_ctrl,12,217,19.233333333333334,0.41218429803848267,0.6589897627743443
UBFC_PHYS_s13_T2_ctrl,12,218,19.266666666666666,0.5182029604911804,0.9070922044331826
UBFC_PHYS_s13_T2_ctrl,12,219,19.3,0.587506890296936,1.113274988638098
UBFC_PHYS_s13_T2_ctrl,12,220,19.333333333333332,0.600980818271637,1.2579014801832291
UBFC_PHYS_s13_T2_ctrl,12,221,19.366666666666667,0.5400664210319519,1.321829454694052
UBFC_PHYS_s13_T2_ctrl,12,222,19.4,0.41012153029441833,1.2887464638838457
UBFC_PHYS_s13_T2_ctrl,12,223,19.433333333333334,0.23602144420146942,1.1498758078991915
UBFC_PHYS_s13_T2_ctrl,12,224,19.466666666666665,0.04773566871881485,0.9093415934941453
UBFC_PHYS_s13_T2_ctrl,12,225,19.5,-0.12313186377286911,0.5876294416107554
UBFC_PHYS_s13_T2_ctrl,12,226,19.533333333333335,-0.25167298316955566,0.22086441515554198
UBFC_PHYS_s13_T2_ctrl,12,227,19.566666666666666,-0.33443108201026917,-0.14488699371655506
UBFC_PHYS_s13_T2_ctrl,12,228,19.6,-0.37372922897338867,-0.4629562361623166
UBFC_PHYS_s13_T2_ctrl,12,229,19.633333333333333,-0.37127432227134705,-0.6962137973540038
UBFC_PHYS_s13_T2_ctrl,12,230,19.666666666666668,-0.3336600065231323,-0.8251053483815698
UBFC_PHYS_s13_T2_ctrl,12,231,19.7,-0.26265576481819153,-0.8514224450263609
UBFC_PHYS_s13_T2_ctrl,12,232,19.733333333333334,-0.14939762651920319,-0.7964897922598637
UBFC_PHYS_s13_T2_ctrl,12,233,19.766666666666666,-0.0005945296725258231,-0.6938795622537018
UBFC_PHYS_s13_T2_ctrl,12,234,19.8,0.14594149589538574,-0.5789962531058047
UBFC_PHYS_s13_T2_ctrl,12,235,19.833333333333332,0.25785520672798157,-0.47946015292908795
UBFC_PHYS_s13_T2_ctrl,12,236,19.866666666666667,0.3242758810520172,-0.4096982339183817
UBFC_PHYS_s13_T2_ctrl,12,237,19.9,0.3450848460197449,-0.37081952441509575
UBFC_PHYS_s13_T2_ctrl,12,238,19.933333333333334,0.34020471572875977,-0.3542073588310241
UBFC_PHYS_s13_T2_ctrl,12,239,19.966666666666665,0.34637653827667236,-0.34603655051687704
UBFC_PHYS_s13_T2_ctrl,13,0,13.0,0.10902904719114304,0.008228658179496863
UBFC_PHYS_s13_T2_ctrl,13,1,13.033333333333333,0.04304005578160286,0.10810724432541782
UBFC_PHYS_s13_T2_ctrl,13,2,13.066666666666666,-0.01616418920457363,0.19707823459509727
UBFC_PHYS_s13_T2_ctrl,13,3,13.1,-0.07010605186223984,0.2655188060505696
UBFC_PHYS_s13_T2_ctrl,13,4,13.133333333333333,-0.11824513226747513,0.309664409066947
UBFC_PHYS_s13_T2_ctrl,13,5,13.166666666666666,-0.15412290394306183,0.3316146364767538
UBFC_PHYS_s13_T2_ctrl,13,6,13.2,-0.1551213264465332,0.33726683057858564
UBFC_PHYS_s13_T2_ctrl,13,7,13.233333333333333,-0.10038203746080399,0.3332730523305385
UBFC_PHYS_s13_T2_ctrl,13,8,13.266666666666667,-0.0026309422682970762,0.3245036724733237
UBFC_PHYS_s13_T2_ctrl,13,9,13.3,0.09877778589725494,0.313042636124316
UBFC_PHYS_s13_T2_ctrl,13,10,13.333333333333334,0.17392733693122864,0.29863767617347353
UBFC_PHYS_s13_T2_ctrl,13,11,13.366666666666667,0.20268425345420837,0.27975952575838564
UBFC_PHYS_s13_T2_ctrl,13,12,13.4,0.17346271872520447,0.25463377238596785
UBFC_PHYS_s13_T2_ctrl,13,13,13.433333333333334,0.10335806757211685,0.22215068769076013
UBFC_PHYS_s13_T2_ctrl,13,14,13.466666666666667,0.0332501195371151,0.18260280223759892
UBFC_PHYS_s13_T2_ctrl,13,15,13.5,-0.008608372882008553,0.13790531957624233
UBFC_PHYS_s13_T2_ctrl,13,16,13.533333333333333,-0.018470805138349533,0.0909139185419785
UBFC_PHYS_s13_T2_ctrl,13,17,13.566666666666666,-0.00922456942498684,0.04394792202507986
UBFC_PHYS_s13_T2_ctrl,13,18,13.6,-0.006532418541610241,-0.00260730280059913
UBFC_PHYS_s13_T2_ctrl,13,19,13.633333333333333,-0.042232245206832886,-0.050507136663007456
UBFC_PHYS_s13_T2_ctrl,13,20,13.666666666666666,-0.1159484013915062,-0.10231653876686739
UBFC_PHYS_s13_T2_ctrl,13,21,13.7,-0.17586110532283783,-0.15935658648941856
UBFC_PHYS_s13_T2_ctrl,13,22,13.733333333333333,-0.16831187903881073,-0.22034991436750806
UBFC_PHYS_s13_T2_ctrl,13,23,13.766666666666667,-0.09716595709323883,-0.2817964429829973
UBFC_PHYS_s13_T2_ctrl,13,24,13.8,-0.010397648438811302,-0.33996328917992363
UBFC_PHYS_s13_T2_ctrl,13,25,13.833333333333334,0.05464233458042145,-0.39328955438808155
UBFC_PHYS_s13_T2_ctrl,13,26,13.866666666666667,0.0826578363776207,-0.44369867557535664
UBFC_PHYS_s13_T2_ctrl,13,27,13.9,0.07592251896858215,-0.4957342536043832
UBFC_PHYS_s13_T2_ctrl,13,28,13.933333333333334,0.049294281750917435,-0.5533013082219246
UBFC_PHYS_s13_T2_ctrl,13,29,13.966666666666667,0.012246731668710709,-0.615128634315953
UBFC_PHYS_s13_T2_ctrl,13,30,14.0,-0.033420972526073456,-0.67148017272867
UBFC_PHYS_s13_T2_ctrl,13,31,14.033333333333333,-0.07972463965415955,-0.7047740570589797
UBFC_PHYS_s13_T2_ctrl,13,32,14.066666666666666,-0.11927981674671173,-0.6948706191452136
UBFC_PHYS_s13_T2_ctrl,13,33,14.1,-0.1579980105161667,-0.6271344514126665
UBFC_PHYS_s13_T2_ctrl,13,34,14.133333333333333,-0.21011435985565186,-0.4997510710897166
UBFC_PHYS_s13_T2_ctrl,13,35,14.166666666666666,-0.2814975380897522,-0.3268073127441285
UBFC_PHYS_s13_T2_ctrl,13,36,14.2,-0.3452589809894562,-0.13515059270746976
UBFC_PHYS_s13_T2_ctrl,13,37,14.233333333333333,-0.35022810101509094,0.04433998562699192
UBFC_PHYS_s13_T2_ctrl,13,38,14.266666666666667,-0.27676236629486084,0.1876312453632053
UBFC_PHYS_s13_T2_ctrl,13,39,14.3,-0.15925346314907074,0.2858039444322157
UBFC_PHYS_s13_T2_ctrl,13,40,14.333333333333334,-0.0255125742405653,0.34714860146760224
UBFC_PHYS_s13_T2_ctrl,13,41,14.366666666666667,0.11937916278839111,0.3923866893715835
UBFC_PHYS_s13_T2_ctrl,13,42,14.4,0.24485579133033752,0.44516712270220055
UBFC_PHYS_s13_T2_ctrl,13,43,14.433333333333334,0.30822840332984924,0.5216412878687299
UBFC_PHYS_s13_T2_ctrl,13,44,14.466666666666667,0.31693094968795776,0.6229857147113784
UBFC_PHYS_s13_T2_ctrl,13,45,14.5,0.3057998716831207,0.7336645105263223
UBFC_PHYS_s13_T2_ctrl,13,46,14.533333333333333,0.27754053473472595,0.8264885175891429
UBFC_PHYS_s13_T2_ctrl,13,47,14.566666666666666,0.23093700408935547,0.8729817060740507
UBFC_PHYS_s13_T2_ctrl,13,48,14.6,0.17736749351024628,0.8547142629027159
UBFC_PHYS_s13_T2_ctrl,13,49,14.633333333333333,0.10443887859582901,0.7703089194761993
UBFC_PHYS_s13_T2_ctrl,13,50,14.666666666666666,0.001326552010141313,0.6351631645830217
UBFC_PHYS_s13_T2_ctrl,13,51,14.7,-0.08673346042633057,0.4748402758769538
UBFC_PHYS_s13_T2_ctrl,13,52,14.733333333333333,-0.09487251937389374,0.31586193394403683
UBFC_PHYS_s13_T2_ctrl,13,53,14.766666666666667,-0.013745537027716637,0.17805429183474764
UBFC_PHYS_s13_T2_ctrl,13,54,14.8,0.09926217794418335,0.07096085548343298
UBFC_PHYS_s13_T2_ctrl,13,55,14.833333333333334,0.18773408234119415,-0.005517550514092532
UBFC_PHYS_s13_T2_ctrl,13,56,14.866666666666667,0.2408587485551834,-0.057762340165315326
UBFC_PHYS_s13_T2_ctrl,13,57,14.9,0.2704196870326996,-0.09431179658882798
UBFC_PHYS_s13_T2_ctrl,13,58,14.933333333333334,0.2812409996986389,-0.1224224930797499
UBFC_PHYS_s13_T2_ctrl,13,59,14.966666666666667,0.2794879674911499,-0.14601193977062332
UBFC_PHYS_s13_T2_ctrl,13,60,15.0,0.27703309059143066,-0.16520439923698552
UBFC_PHYS_s13_T2_ctrl,13,61,15.033333333333333,0.27790960669517517,-0.17741444492498332
UBFC_PHYS_s13_T2_ctrl,13,62,15.066666666666666,0.27664753794670105,-0.17953700249065677
UBFC_PHYS_s13_T2_ctrl,13,63,15.1,0.24955140054225922,-0.17048406617490391
UBFC_PHYS_s13_T2_ctrl,13,64,15.133333333333333,0.15244285762310028,-0.15323522646542104
UBFC_PHYS_s13_T2_ctrl,13,65,15.166666666666666,-0.024968871846795082,-0.13573523319428596
UBFC_PHYS_s13_T2_ctrl,13,66,15.2,-0.21154774725437164,-0.13025175129118116
UBFC_PHYS_s13_T2_ctrl,13,67,15.233333333333333,-0.3065078556537628,-0.15112064903429062
UBFC_PHYS_s13_T2_ctrl,13,68,15.266666666666667,-0.2764427363872528,-0.21114953520281102
UBFC_PHYS_s13_T2_ctrl,13,69,15.3,-0.18341362476348877,-0.3173763739083854
UBFC_PHYS_s13_T2_ctrl,13,70,15.333333333333334,-0.10482721775770187,-0.4673172662678926
UBFC_PHYS_s13_T2_ctrl,13,71,15.366666666666667,-0.06697564572095871,-0.6469652127166226
UBFC_PHYS_s13_T2_ctrl,13,72,15.4,-0.054210174828767776,-0.8313965731463806
UBFC_PHYS_s13_T2_ctrl,13,73,15.433333333333334,-0.04248926788568497,-0.9881109365366647
UBFC_PHYS_s13_T2_ctrl,13,74,15.466666666666667,-0.01769644021987915,-1.0825488698388694
UBFC_PHYS_s13_T2_ctrl,13,75,15.5,0.01946643926203251,-1.0848316334098511
UBFC_PHYS_s13_T2_ctrl,13,76,15.533333333333333,0.0630713701248169,-0.9766154069927429
UBFC_PHYS_s13_T2_ctrl,13,77,15.566666666666666,0.11533599346876144,-0.7567430740964639
UBFC_PHYS_s13_T2_ctrl,13,78,15.6,0.1771203577518463,-0.444052763964279
UBFC_PHYS_s13_T2_ctrl,13,79,15.633333333333333,0.23545467853546143,-0.07584966653327152
UBFC_PHYS_s13_T2_ctrl,13,80,15.666666666666666,0.27986693382263184,0.29836923139272636
UBFC_PHYS_s13_T2_ctrl,13,81,15.7,0.32788407802581787,0.62674084723313
UBFC_PHYS_s13_T2_ctrl,13,82,15.733333333333333,0.4113176763057709,0.8658743872936506
UBFC_PHYS_s13_T2_ctrl,13,83,15.766666666666667,0.5192772150039673,0.9896129202831367
UBFC_PHYS_s13_T2_ctrl,13,84,15.8,0.5839678645133972,0.9931257192804932
UBFC_PHYS_s13_T2_ctrl,13,85,15.833333333333334,0.5589674711227417,0.8913273768472287
UBFC_PHYS_s13_T2_ctrl,13,86,15.866666666666667,0.4578981399536133,0.7128106408437829
UBFC_PHYS_s13_T2_ctrl,13,87,15.9,0.32072699069976807,0.49209424446707883
UBFC_PHYS_s13_T2_ctrl,13,88,15.933333333333334,0.18465639650821686,0.2630661255107128
UBFC_PHYS_s13_T2_ctrl,13,89,15.966666666666667,0.07687811553478241,0.05516677892606791
UBFC_PHYS_s13_T2_ctrl,13,90,16.0,0.005132468417286873,-0.10798968274776878
UBFC_PHYS_s13_T2_ctrl,13,91,16.033333333333335,-0.03833736106753349,-0.20908285290607292
UBFC_PHYS_s13_T2_ctrl,13,92,16.066666666666666,-0.05595990642905235,-0.23808816528623547
UBFC_PHYS_s13_T2_ctrl,13,93,16.1,-0.035941772162914276,-0.1941621227687474
UBFC_PHYS_s13_T2_ctrl,13,94,16.133333333333333,0.01634591817855835,-0.08746002594223055
UBFC_PHYS_s13_T2_ctrl,13,95,16.166666666666668,0.05100117623806,0.060817320046176515
UBFC_PHYS_s13_T2_ctrl,13,96,16.2,0.011320790275931358,0.22155769817635942
UBFC_PHYS_s13_T2_ctrl,13,97,16.233333333333334,-0.09047676622867584,0.36397230968914673
UBFC_PHYS_s13_T2_ctrl,13,98,16.266666666666666,-0.1743321418762207,0.46284094300150674
UBFC_PHYS_s13_T2_ctrl,13,99,16.3,-0.16961346566677094,0.5038120194648952
UBFC_PHYS_s13_T2_ctrl,13,100,16.333333333333332,-0.053159017115831375,0.4850174190873938
UBFC_PHYS_s13_T2_ctrl,13,101,16.366666666666667,0.15388943254947662,0.41529995574788636
UBFC_PHYS_s13_T2_ctrl,13,102,16.4,0.3732980489730835,0.3105045603129709
UBFC_PHYS_s13_T2_ctrl,13,103,16.433333333333334,0.5153460502624512,0.18928376250405288
UBFC_PHYS_s13_T2_ctrl,13,104,16.466666666666665,0.5442413687705994,0.06933846423654441
UBFC_PHYS_s13_T2_ctrl,13,105,16.5,0.47657185792922974,-0.035419119219521136
UBFC_PHYS_s13_T2_ctrl,13,106,16.533333333333335,0.3646745979785919,-0.11640609074588512
UBFC_PHYS_s13_T2_ctrl,13,107,16.566666666666666,0.28046664595603943,-0.17039463181675915
UBFC_PHYS_s13_T2_ctrl,13,108,16.6,0.2544941306114197,-0.1983077957891214
UBFC_PHYS_s13_T2_ctrl,13,109,16.633333333333333,0.2526884078979492,-0.2035389692706929
UBFC_PHYS_s13_T2_ctrl,13,110,16.666666666666668,0.21552880108356476,-0.19052565450627934
UBFC_PHYS_s13_T2_ctrl,13,111,16.7,0.13196340203285217,-0.1639172128287026
UBFC_PHYS_s13_T2_ctrl,13,112,16.733333333333334,0.058570172637701035,-0.12829404026296462
UBFC_PHYS_s13_T2_ctrl,13,113,16.766666666666666,0.023710614070296288,-0.08823192910388729
UBFC_PHYS_s13_T2_ctrl,13,114,16.8,-0.02141009271144867,-0.04855131069707535
UBFC_PHYS_s13_T2_ctrl,13,115,16.833333333333332,-0.07980043441057205,-0.014661727384182945
UBFC_PHYS_s13_T2_ctrl,13,116,16.866666666666667,-0.08160948008298874,0.007149925905068689
UBFC_PHYS_s13_T2_ctrl,13,117,16.9,-0.014193679206073284,0.00977642725069829
UBFC_PHYS_s13_T2_ctrl,13,118,16.933333333333334,0.04737979173660278,-0.01397756843456598
UBFC_PHYS_s13_T2_ctrl,13,119,16.966666666666665,0.027849342674016953,-0.06985009758887872
UBFC_PHYS_s13_T2_ctrl,13,120,17.0,-0.12347785383462906,-0.16002596236371888
UBFC_PHYS_s13_T2_ctrl,13,121,17.033333333333335,-0.44086164236068726,-0.2811152411459524
UBFC_PHYS_s13_T2_ctrl,13,122,17.066666666666666,-0.8624221086502075,-0.4229214838029663
UBFC_PHYS_s13_T2_ctrl,13,123,17.1,-1.2564053535461426,-0.5685502208584875
UBFC_PHYS_s13_T2_ctrl,13,124,17.133333333333333,-1.5382407903671265,-0.696127476040038
UBFC_PHYS_s13_T2_ctrl,13,125,17.166666666666668,-1.7153724431991577,-0.7820977205476823
UBFC_PHYS_s13_T2_ctrl,13,126,17.2,-1.8076404333114624,-0.8057459979941667
UBFC_PHYS_s13_T2_ctrl,13,127,17.233333333333334,-1.7976231575012207,-0.7541289273332273
UBFC_PHYS_s13_T2_ctrl,13,128,17.266666666666666,-1.6806249618530273,-0.6260674312670576
UBFC_PHYS_s13_T2_ctrl,13,129,17.3,-1.5183018445968628,-0.4336870620122727
UBFC_PHYS_s13_T2_ctrl,13,130,17.333333333333332,-1.380616545677185,-0.20057624691009568
UBFC_PHYS_s13_T2_ctrl,13,131,17.366666666666667,-1.2460485696792603,0.04313653384474625
UBFC_PHYS_s13_T2_ctrl,13,132,17.4,-1.022969126701355,0.2671900378979732
UBFC_PHYS_s13_T2_ctrl,13,133,17.433333333333334,-0.6889744400978088,0.4469852971678371
UBFC_PHYS_s13_T2_ctrl,13,134,17.466666666666665,-0.328829288482666,0.5673345266000738
UBFC_PHYS_s13_T2_ctrl,13,135,17.5,-0.01730761118233204,0.623829699383258
UBFC_PHYS_s13_T2_ctrl,13,136,17.533333333333335,0.2303142100572586,0.6221452282218664
UBFC_PHYS_s13_T2_ctrl,13,137,17.566666666666666,0.4034521281719208,0.5757021360316251
UBFC_PHYS_s13_T2_ctrl,13,138,17.6,0.4914099872112274,0.5020969940023213
UBFC_PHYS_s13_T2_ctrl,13,139,17.633333333333333,0.4939340651035309,0.41889966240967547
UBFC_PHYS_s13_T2_ctrl,13,140,17.666666666666668,0.3921167552471161,0.3398676867138615
UBFC_PHYS_s13_T2_ctrl,13,141,17.7,0.19357970356941223,0.2728408831621255
UBFC_PHYS_s13_T2_ctrl,13,142,17.733333333333334,-0.018174240365624428,0.2200966724479692
UBFC_PHYS_s13_T2_ctrl,13,143,17.766666666666666,-0.15204694867134094,0.1808141090334439
UBFC_PHYS_s13_T2_ctrl,13,144,17.8,-0.18954263627529144,0.1540941934943855
UBFC_PHYS_s13_T2_ctrl,13,145,17.833333333333332,-0.16908295452594757,0.14063262281393193
UBFC_PHYS_s13_T2_ctrl,13,146,17.866666666666667,-0.14588497579097748,0.14208843292384013
UBFC_PHYS_s13_T2_ctrl,13,147,17.9,-0.1509002298116684,0.1587723537180457
UBFC_PHYS_s13_T2_ctrl,13,148,17.933333333333334,-0.151967853307724,0.1873948178807015
UBFC_PHYS_s13_T2_ctrl,13,149,17.966666666666665,-0.08963320404291153,0.22057939830658
UBFC_PHYS_s13_T2_ctrl,13,150,18.0,0.045119307935237885,0.24869570756769815
UBFC_PHYS_s13_T2_ctrl,13,151,18.033333333333335,0.20076316595077515,0.263100653883515
UBFC_PHYS_s13_T2_ctrl,13,152,18.066666666666666,0.3259498178958893,0.2590504136183131
UBFC_PHYS_s13_T2_ctrl,13,153,18.1,0.4058707654476166,0.23678997174579003
UBFC_PHYS_s13_T2_ctrl,13,154,18.133333333333333,0.44774243235588074,0.2004229609198427
UBFC_PHYS_s13_T2_ctrl,13,155,18.166666666666668,0.46777376532554626,0.15533480049536802
UBFC_PHYS_s13_T2_ctrl,13,156,18.2,0.4866847097873688,0.10547573659071556
UBFC_PHYS_s13_T2_ctrl,13,157,18.233333333333334,0.5155372023582458,0.051640998445489736
UBFC_PHYS_s13_T2_ctrl,13,158,18.266666666666666,0.5384814143180847,-0.008671583102689758
UBFC_PHYS_s13_T2_ctrl,13,159,18.3,0.528796911239624,-0.07987994446307028
UBFC_PHYS_s13_T2_ctrl,13,160,18.333333333333332,0.4866220951080322,-0.16595446663585395
UBFC_PHYS_s13_T2_ctrl,13,161,18.366666666666667,0.43372809886932373,-0.26785213470879077
UBFC_PHYS_s13_T2_ctrl,13,162,18.4,0.37872520089149475,-0.38150852929836804
UBFC_PHYS_s13_T2_ctrl,13,163,18.433333333333334,0.3060733675956726,-0.49693584411455227
UBFC_PHYS_s13_T2_ctrl,13,164,18.466666666666665,0.20589374005794525,-0.5987083966151083
UBFC_PHYS_s13_T2_ctrl,13,165,18.5,0.10635996609926224,-0.6680046100309293
UBFC_PHYS_s13_T2_ctrl,13,166,18.533333333333335,0.05886673927307129,-0.6863745682245195
UBFC_PHYS_s13_T2_ctrl,13,167,18.566666666666666,0.07235385477542877,-0.6410204660068163
UBFC_PHYS_s13_T2_ctrl,13,168,18.6,0.11142133921384811,-0.5303643659418286
UBFC_PHYS_s13_T2_ctrl,13,169,18.633333333333333,0.1425343006849289,-0.3676371131794471
UBFC_PHYS_s13_T2_ctrl,13,170,18.666666666666668,0.15059757232666016,-0.18012380065369082
UBFC_PHYS_s13_T2_ctrl,13,171,18.7,0.12938328087329865,-0.003196461680639147
UBFC_PHYS_s13_T2_ctrl,13,172,18.733333333333334,0.08942610770463943,0.12909631799426394
UBFC_PHYS_s13_T2_ctrl,13,173,18.766666666666666,0.05549907684326172,0.19325656579556613
UBFC_PHYS_s13_T2_ctrl,13,174,18.8,0.03262403607368469,0.18212962803905489
UBFC_PHYS_s13_T2_ctrl,13,175,18.833333333333332,-0.0007329266518354416,0.10580027003479837
UBFC_PHYS_s13_T2_ctrl,13,176,18.866666666666667,-0.052895400673151016,-0.012172945444946588
UBFC_PHYS_s13_T2_ctrl,13,177,18.9,-0.09660907089710236,-0.1417581980363067
UBFC_PHYS_s13_T2_ctrl,13,178,18.933333333333334,-0.09966368973255157,-0.2544690414496709
UBFC_PHYS_s13_T2_ctrl,13,179,18.966666666666665,-0.06996765732765198,-0.3299744255855747
UBFC_PHYS_s13_T2_ctrl,13,180,19.0,-0.055218495428562164,-0.3594264960666392
UBFC_PHYS_s13_T2_ctrl,13,181,19.033333333333335,-0.09299427270889282,-0.3447857474784916
UBFC_PHYS_s13_T2_ctrl,13,182,19.066666666666666,-0.15280812978744507,-0.29479369882353723
UBFC_PHYS_s13_T2_ctrl,13,183,19.1,-0.15863068401813507,-0.2193995419108901
UBFC_PHYS_s13_T2_ctrl,13,184,19.133333333333333,-0.06417475640773773,-0.12498741062568454
UBFC_PHYS_s13_T2_ctrl,13,185,19.166666666666668,0.10075818002223969,-0.012390933687197776
UBFC_PHYS_s13_T2_ctrl,13,186,19.2,0.2718629539012909,0.1215267121798456
UBFC_PHYS_s13_T2_ctrl,13,187,19.233333333333334,0.41218429803848267,0.27947449159838594
UBFC_PHYS_s13_T2_ctrl,13,188,19.266666666666666,0.5182029604911804,0.45845244433443083
UBFC_PHYS_s13_T2_ctrl,13,189,19.3,0.587506890296936,0.6459830433894752
UBFC_PHYS_s13_T2_ctrl,13,190,19.333333333333332,0.600980818271637,0.8198247935101048
UBFC_PHYS_s13_T2_ctrl,13,191,19.366666666666667,0.5400664210319519,0.9518375990339546
UBFC_PHYS_s13_T2_ctrl,13,192,19.4,0.41012153029441833,1.0149016920726974
UBFC_PHYS_s13_T2_ctrl,13,193,19.433333333333334,0.23602144420146942,0.9904807682904615
UBFC_PHYS_s13_T2_ctrl,13,194,19.466666666666665,0.04773566871881485,0.8742758710090095
UBFC_PHYS_s13_T2_ctrl,13,195,19.5,-0.12313186377286911,0.6782664976750676
UBFC_PHYS_s13_T2_ctrl,13,196,19.533333333333335,-0.25167298316955566,0.4286829144993833
UBFC_PHYS_s13_T2_ctrl,13,197,19.566666666666666,-0.33443108201026917,0.1606480703990753
UBFC_PHYS_s13_T2_ctrl,13,198,19.6,-0.37372922897338867,-0.08893565788935602
UBFC_PHYS_s13_T2_ctrl,13,199,19.633333333333333,-0.37127432227134705,-0.28843260687389743
UBFC_PHYS_s13_T2_ctrl,13,200,19.666666666666668,-0.3336600065231323,-0.41696371291465967
UBFC_PHYS_s13_T2_ctrl,13,201,19.7,-0.26265576481819153,-0.46740252684754885
UBFC_PHYS_s13_T2_ctrl,13,202,19.733333333333334,-0.14939762651920319,-0.4464192226469726
UBFC_PHYS_s13_T2_ctrl,13,203,19.766666666666666,-0.0005945296725258231,-0.3716577141823693
UBFC_PHYS_s13_T2_ctrl,13,204,19.8,0.14594149589538574,-0.2668664341685003
UBFC_PHYS_s13_T2_ctrl,13,205,19.833333333333332,0.25785520672798157,-0.15641273888501012
UBFC_PHYS_s13_T2_ctrl,13,206,19.866666666666667,0.3242758810520172,-0.06069458656076742
UBFC_PHYS_s13_T2_ctrl,13,207,19.9,0.3450848460197449,0.006534566247273868
UBFC_PHYS_s13_T2_ctrl,13,208,19.933333333333334,0.34020471572875977,0.038744157825326156
UBFC_PHYS_s13_T2_ctrl,13,209,19.966666666666665,0.34637653827667236,0.03567696257671469
UBFC_PHYS_s13_T2_ctrl,13,210,20.0,0.37702488899230957,0.0017468321440977591
UBFC_PHYS_s13_T2_ctrl,13,211,20.033333333333335,0.41069158911705017,-0.0555984858611816
UBFC_PHYS_s13_T2_ctrl,13,212,20.066666666666666,0.4286107122898102,-0.1274878288914022
UBFC_PHYS_s13_T2_ctrl,13,213,20.1,0.4373461902141571,-0.20536011797160933
UBFC_PHYS_s13_T2_ctrl,13,214,20.133333333333333,0.45685356855392456,-0.2825566495952568
UBFC_PHYS_s13_T2_ctrl,13,215,20.166666666666668,0.4761269986629486,-0.3551348535049683
UBFC_PHYS_s13_T2_ctrl,13,216,20.2,0.42460379004478455,-0.42155143017844077
UBFC_PHYS_s13_T2_ctrl,13,217,20.233333333333334,0.23777776956558228,-0.48139990932234245
UBFC_PHYS_s13_T2_ctrl,13,218,20.266666666666666,-0.06006568297743797,-0.5335954355955309
UBFC_PHYS_s13_T2_ctrl,13,219,20.3,-0.37728801369667053,-0.5744361035826394
UBFC_PHYS_s13_T2_ctrl,13,220,20.333333333333332,-0.6214433312416077,-0.5961832172222983
UBFC_PHYS_s13_T2_ctrl,13,221,20.366666666666667,-0.7238208055496216,-0.5870992447064397
UBFC_PHYS_s13_T2_ctrl,13,222,20.4,-0.6865162253379822,-0.5338475254309278
UBFC_PHYS_s13_T2_ctrl,13,223,20.433333333333334,-0.5913980007171631,-0.4263407019562249
UBFC_PHYS_s13_T2_ctrl,13,224,20.466666666666665,-0.5111969709396362,-0.263596947410525
UBFC_PHYS_s13_T2_ctrl,13,225,20.5,-0.4483647346496582,-0.05788539036010093
UBFC_PHYS_s13_T2_ctrl,13,226,20.533333333333335,-0.3716565668582916,0.1655076425444157
UBFC_PHYS_s13_T2_ctrl,13,227,20.566666666666666,-0.266300231218338,0.3738553276568073
UBFC_PHYS_s13_T2_ctrl,13,228,20.6,-0.13777227699756622,0.5361909401043498
UBFC_PHYS_s13_T2_ctrl,13,229,20.633333333333333,-0.004182965494692326,0.6323338385440852
UBFC_PHYS_s13_T2_ctrl,13,230,20.666666666666668,0.10761212557554245,0.6578633227850028
UBFC_PHYS_s13_T2_ctrl,13,231,20.7,0.1754496991634369,0.6232338891833061
UBFC_PHYS_s13_T2_ctrl,13,232,20.733333333333334,0.19833792746067047,0.5482794562422098
UBFC_PHYS_s13_T2_ctrl,13,233,20.766666666666666,0.19274932146072388,0.4552960015916951
UBFC_PHYS_s13_T2_ctrl,13,234,20.8,0.17029936611652374,0.3634857629605435
UBFC_PHYS_s13_T2_ctrl,13,235,20.833333333333332,0.13293547928333282,0.285866812608995
UBFC_PHYS_s13_T2_ctrl,13,236,20.866666666666667,0.09064861387014389,0.2284692491431043
UBFC_PHYS_s13_T2_ctrl,13,237,20.9,0.07266030460596085,0.19113111739276747
UBFC_PHYS_s13_T2_ctrl,13,238,20.933333333333334,0.11568528413772583,0.1691252446362972
UBFC_PHYS_s13_T2_ctrl,13,239,20.966666666666665,0.23046909272670746,0.15498997266190512
UBFC_PHYS_s13_T2_ctrl,14,0,14.0,-0.033420972526073456,-0.16607618176239505
UBFC_PHYS_s13_T2_ctrl,14,1,14.033333333333333,-0.07972463965415955,-0.4264999126328234
UBFC_PHYS_s13_T2_ctrl,14,2,14.066666666666666,-0.11927981674671173,-0.6538231449873266
UBFC_PHYS_s13_T2_ctrl,14,3,14.1,-0.1579980105161667,-0.82246028954689
UBFC_PHYS_s13_T2_ctrl,14,4,14.133333333333333,-0.21011435985565186,-0.915443681244989
UBFC_PHYS_s13_T2_ctrl,14,5,14.166666666666666,-0.2814975380897522,-0.9273689322175512
UBFC_PHYS_s13_T2_ctrl,14,6,14.2,-0.3452589809894562,-0.8647045399645541
UBFC_PHYS_s13_T2_ctrl,14,7,14.233333333333333,-0.35022810101509094,-0.7431526135377402
UBFC_PHYS_s13_T2_ctrl,14,8,14.266666666666667,-0.27676236629486084,-0.5828493756585172
UBFC_PHYS_s13_T2_ctrl,14,9,14.3,-0.15925346314907074,-0.40292334960709547
UBFC_PHYS_s13_T2_ctrl,14,10,14.333333333333334,-0.0255125742405653,-0.21723072324651932
UBFC_PHYS_s13_T2_ctrl,14,11,14.366666666666667,0.11937916278839111,-0.032799765304681705
UBFC_PHYS_s13_T2_ctrl,14,12,14.4,0.24485579133033752,0.1484339720310132
UBFC_PHYS_s13_T2_ctrl,14,13,14.433333333333334,0.30822840332984924,0.3253999705110694
UBFC_PHYS_s13_T2_ctrl,14,14,14.466666666666667,0.31693094968795776,0.4932463576319817
UBFC_PHYS_s13_T2_ctrl,14,15,14.5,0.3057998716831207,0.6407999660781049
UBFC_PHYS_s13_T2_ctrl,14,16,14.533333333333333,0.27754053473472595,0.7518271761796687
UBFC_PHYS_s13_T2_ctrl,14,17,14.566666666666666,0.23093700408935547,0.8098825201645763
UBFC_PHYS_s13_T2_ctrl,14,18,14.6,0.17736749351024628,0.8044805177352581
UBFC_PHYS_s13_T2_ctrl,14,19,14.633333333333333,0.10443887859582901,0.7355859163546229
UBFC_PHYS_s13_T2_ctrl,14,20,14.666666666666666,0.001326552010141313,0.6146172417646186
UBFC_PHYS_s13_T2_ctrl,14,21,14.7,-0.08673346042633057,0.4620433711853927
UBFC_PHYS_s13_T2_ctrl,14,22,14.733333333333333,-0.09487251937389374,0.3027343612065615
UBFC_PHYS_s13_T2_ctrl,14,23,14.766666666666667,-0.013745537027716637,0.16047911777960772
UBFC_PHYS_s13_T2_ctrl,14,24,14.8,0.09926217794418335,0.05306911802433851
UBFC_PHYS_s13_T2_ctrl,14,25,14.833333333333334,0.18773408234119415,-0.010864964512254105
UBFC_PHYS_s13_T2_ctrl,14,26,14.866666666666667,0.2408587485551834,-0.032601222947108814
UBFC_PHYS_s13_T2_ctrl,14,27,14.9,0.2704196870326996,-0.021681055212056346
UBFC_PHYS_s13_T2_ctrl,14,28,14.933333333333334,0.2812409996986389,0.0075005141163628185
UBFC_PHYS_s13_T2_ctrl,14,29,14.966666666666667,0.2794879674911499,0.039828186481852226
UBFC_PHYS_s13_T2_ctrl,14,30,15.0,0.27703309059143066,0.0631184934059156
UBFC_PHYS_s13_T2_ctrl,14,31,15.033333333333333,0.27790960669517517,0.0702157580539848
UBFC_PHYS_s13_T2_ctrl,14,32,15.066666666666666,0.27664753794670105,0.05891742538668943
UBFC_PHYS_s13_T2_ctrl,14,33,15.1,0.24955140054225922,0.02989124489708098
UBFC_PHYS_s13_T2_ctrl,14,34,15.133333333333333,0.15244285762310028,-0.01637201932184902
UBFC_PHYS_s13_T2_ctrl,14,35,15.166666666666666,-0.024968871846795082,-0.08203156340557552
UBFC_PHYS_s13_T2_ctrl,14,36,15.2,-0.21154774725437164,-0.17249491788308266
UBFC_PHYS_s13_T2_ctrl,14,37,15.233333333333333,-0.3065078556537628,-0.2946288517295526
UBFC_PHYS_s13_T2_ctrl,14,38,15.266666666666667,-0.2764427363872528,-0.45299078819293936
UBFC_PHYS_s13_T2_ctrl,14,39,15.3,-0.18341362476348877,-0.6452581736178544
UBFC_PHYS_s13_T2_ctrl,14,40,15.333333333333334,-0.10482721775770187,-0.8584668473063338
UBFC_PHYS_s13_T2_ctrl,14,41,15.366666666666667,-0.06697564572095871,-1.067617612496787
UBFC_PHYS_s13_T2_ctrl,14,42,15.4,-0.054210174828767776,-1.2376547368610942
UBFC_PHYS_s13_T2_ctrl,14,43,15.433333333333334,-0.04248926788568497,-1.3289590730961636
UBFC_PHYS_s13_T2_ctrl,14,44,15.466666666666667,-0.01769644021987915,-1.3055716460562437
UBFC_PHYS_s13_T2_ctrl,14,45,15.5,0.01946643926203251,-1.144491349959531
UBFC_PHYS_s13_T2_ctrl,14,46,15.533333333333333,0.0630713701248169,-0.8436968496005872
UBFC_PHYS_s13_T2_ctrl,14,47,15.566666666666666,0.11533599346876144,-0.42626559028139405
UBFC_PHYS_s13_T2_ctrl,14,48,15.6,0.1771203577518463,0.061540289549601224
UBFC_PHYS_s13_T2_ctrl,14,49,15.633333333333333,0.23545467853546143,0.5587153976284545
UBFC_PHYS_s13_T2_ctrl,14,50,15.666666666666666,0.27986693382263184,1.0024447940554155
UBFC_PHYS_s13_T2_ctrl,14,51,15.7,0.32788407802581787,1.3413500464548018
UBFC_PHYS_s13_T2_ctrl,14,52,15.733333333333333,0.4113176763057709,1.5444978461261458
UBFC_PHYS_s13_T2_ctrl,14,53,15.766666666666667,0.5192772150039673,1.6034995168749646
UBFC_PHYS_s13_T2_ctrl,14,54,15.8,0.5839678645133972,1.5283351730418613
UBFC_PHYS_s13_T2_ctrl,14,55,15.833333333333334,0.5589674711227417,1.340209423486814
UBFC_PHYS_s13_T2_ctrl,14,56,15.866666666666667,0.4578981399536133,1.0651718519083788
UBFC_PHYS_s13_T2_ctrl,14,57,15.9,0.32072699069976807,0.7307602310154596
UBFC_PHYS_s13_T2_ctrl,14,58,15.933333333333334,0.18465639650821686,0.3658227082939011
UBFC_PHYS_s13_T2_ctrl,14,59,15.966666666666667,0.07687811553478241,0.0018426046974838062
UBFC_PHYS_s13_T2_ctrl,14,60,16.0,0.005132468417286873,-0.32682607619920645
UBFC_PHYS_s13_T2_ctrl,14,61,16.033333333333335,-0.03833736106753349,-0.585765133500627
UBFC_PHYS_s13_T2_ctrl,14,62,16.066666666666666,-0.05595990642905235,-0.7462428517940572
UBFC_PHYS_s13_T2_ctrl,14,63,16.1,-0.035941772162914276,-0.7918012374644282
UBFC_PHYS_s13_T2_ctrl,14,64,16.133333333333333,0.01634591817855835,-0.7229787027387418
UBFC_PHYS_s13_T2_ctrl,14,65,16.166666666666668,0.05100117623806,-0.558239212675059
UBFC_PHYS_s13_T2_ctrl,14,66,16.2,0.011320790275931358,-0.3305820910856253
UBFC_PHYS_s13_T2_ctrl,14,67,16.233333333333334,-0.09047676622867584,-0.08087405736725743
UBFC_PHYS_s13_T2_ctrl,14,68,16.266666666666666,-0.1743321418762207,0.14983124440607262
UBFC_PHYS_s13_T2_ctrl,14,69,16.3,-0.16961346566677094,0.32669588958477974
UBFC_PHYS_s13_T2_ctrl,14,70,16.333333333333332,-0.053159017115831375,0.4252605824649106
UBFC_PHYS_s13_T2_ctrl,14,71,16.366666666666667,0.15388943254947662,0.4337314818076121
UBFC_PHYS_s13_T2_ctrl,14,72,16.4,0.3732980489730835,0.3538770660542942
UBFC_PHYS_s13_T2_ctrl,14,73,16.433333333333334,0.5153460502624512,0.20047516526337922
UBFC_PHYS_s13_T2_ctrl,14,74,16.466666666666665,0.5442413687705994,-0.000932524463414343
UBFC_PHYS_s13_T2_ctrl,14,75,16.5,0.47657185792922974,-0.21794342308299078
UBFC_PHYS_s13_T2_ctrl,14,76,16.533333333333335,0.3646745979785919,-0.4164247729714966
UBFC_PHYS_s13_T2_ctrl,14,77,16.566666666666666,0.28046664595603943,-0.5660358856471716
UBFC_PHYS_s13_T2_ctrl,14,78,16.6,0.2544941306114197,-0.6449801367753897
UBFC_PHYS_s13_T2_ctrl,14,79,16.633333333333333,0.2526884078979492,-0.642889607952563
UBFC_PHYS_s13_T2_ctrl,14,80,16.666666666666668,0.21552880108356476,-0.561354987323656
UBFC_PHYS_s13_T2_ctrl,14,81,16.7,0.13196340203285217,-0.4124311230852065
UBFC_PHYS_s13_T2_ctrl,14,82,16.733333333333334,0.058570172637701035,-0.21596646700086924
UBFC_PHYS_s13_T2_ctrl,14,83,16.766666666666666,0.023710614070296288,0.0034697891485331494
UBFC_PHYS_s13_T2_ctrl,14,84,16.8,-0.02141009271144867,0.2197985245370241
UBFC_PHYS_s13_T2_ctrl,14,85,16.833333333333332,-0.07980043441057205,0.4087920880930802
UBFC_PHYS_s13_T2_ctrl,14,86,16.866666666666667,-0.08160948008298874,0.5512437734069646
UBFC_PHYS_s13_T2_ctrl,14,87,16.9,-0.014193679206073284,0.6351413500183113
UBFC_PHYS_s13_T2_ctrl,14,88,16.933333333333334,0.04737979173660278,0.6561466283662107
UBFC_PHYS_s13_T2_ctrl,14,89,16.966666666666665,0.027849342674016953,0.6163308327699156
UBFC_PHYS_s13_T2_ctrl,14,90,17.0,-0.12347785383462906,0.5218638944640246
UBFC_PHYS_s13_T2_ctrl,14,91,17.033333333333335,-0.44086164236068726,0.38079252979531447
UBFC_PHYS_s13_T2_ctrl,14,92,17.066666666666666,-0.8624221086502075,0.20194217166802095
UBFC_PHYS_s13_T2_ctrl,14,93,17.1,-1.2564053535461426,-0.004602349060207974
UBFC_PHYS_s13_T2_ctrl,14,94,17.133333333333333,-1.5382407903671265,-0.22579180159270992
UBFC_PHYS_s13_T2_ctrl,14,95,17.166666666666668,-1.7153724431991577,-0.44376500405785324
UBFC_PHYS_s13_T2_ctrl,14,96,17.2,-1.8076404333114624,-0.6352822819308936
UBFC_PHYS_s13_T2_ctrl,14,97,17.233333333333334,-1.7976231575012207,-0.773597089458798
UBFC_PHYS_s13_T2_ctrl,14,98,17.266666666666666,-1.6806249618530273,-0.8330581112527841
UBFC_PHYS_s13_T2_ctrl,14,99,17.3,-1.5183018445968628,-0.7956099717393356
UBFC_PHYS_s13_T2_ctrl,14,100,17.333333333333332,-1.380616545677185,-0.657402083650842
UBFC_PHYS_s13_T2_ctrl,14,101,17.366666666666667,-1.2460485696792603,-0.43317100851949036
UBFC_PHYS_s13_T2_ctrl,14,102,17.4,-1.022969126701355,-0.1561682701199011
UBFC_PHYS_s13_T2_ctrl,14,103,17.433333333333334,-0.6889744400978088,0.1274952054296377
UBFC_PHYS_s13_T2_ctrl,14,104,17.466666666666665,-0.328829288482666,0.36917754994232377
UBFC_PHYS_s13_T2_ctrl,14,105,17.5,-0.01730761118233204,0.5296681532421332
UBFC_PHYS_s13_T2_ctrl,14,106,17.533333333333335,0.2303142100572586,0.588659052177524
UBFC_PHYS_s13_T2_ctrl,14,107,17.566666666666666,0.4034521281719208,0.5483115467615259
UBFC_PHYS_s13_T2_ctrl,14,108,17.6,0.4914099872112274,0.4298936907887193
UBFC_PHYS_s13_T2_ctrl,14,109,17.633333333333333,0.4939340651035309,0.2653119152353519
UBFC_PHYS_s13_T2_ctrl,14,110,17.666666666666668,0.3921167552471161,0.08721805011764212
UBFC_PHYS_s13_T2_ctrl,14,111,17.7,0.19357970356941223,-0.07848789474001285
UBFC_PHYS_s13_T2_ctrl,14,112,17.733333333333334,-0.018174240365624428,-0.21543005508019
UBFC_PHYS_s13_T2_ctrl,14,113,17.766666666666666,-0.15204694867134094,-0.3148294003099957
UBFC_PHYS_s13_T2_ctrl,14,114,17.8,-0.18954263627529144,-0.37106246006720034
UBFC_PHYS_s13_T2_ctrl,14,115,17.833333333333332,-0.16908295452594757,-0.3779523982301658
UBFC_PHYS_s13_T2_ctrl,14,116,17.866666666666667,-0.14588497579097748,-0.3285088265411634
UBFC_PHYS_s13_T2_ctrl,14,117,17.9,-0.1509002298116684,-0.21880254566721002
UBFC_PHYS_s13_T2_ctrl,14,118,17.933333333333334,-0.151967853307724,-0.05396218541500747
UBFC_PHYS_s13_T2_ctrl,14,119,17.966666666666665,-0.08963320404291153,0.14758250878803386
UBFC_PHYS_s13_T2_ctrl,14,120,18.0,0.045119307935237885,0.35519247296791256
UBFC_PHYS_s13_T2_ctrl,14,121,18.033333333333335,0.20076316595077515,0.5333053553355644
UBFC_PHYS_s13_T2_ctrl,14,122,18.066666666666666,0.3259498178958893,0.6519243695245995
UBFC_PHYS_s13_T2_ctrl,14,123,18.1,0.4058707654476166,0.695175753435989
UBFC_PHYS_s13_T2_ctrl,14,124,18.133333333333333,0.44774243235588074,0.6641593819081861
UBFC_PHYS_s13_T2_ctrl,14,125,18.166666666666668,0.46777376532554626,0.5737143494226595
UBFC_PHYS_s13_T2_ctrl,14,126,18.2,0.4866847097873688,0.44553355445202086
UBFC_PHYS_s13_T2_ctrl,14,127,18.233333333333334,0.5155372023582458,0.3009878628942552
UBFC_PHYS_s13_T2_ctrl,14,128,18.266666666666666,0.5384814143180847,0.15616143174664304
UBFC_PHYS_s13_T2_ctrl,14,129,18.3,0.528796911239624,0.019996729950351625
UBFC_PHYS_s13_T2_ctrl,14,130,18.333333333333332,0.4866220951080322,-0.10480638977477306
UBFC_PHYS_s13_T2_ctrl,14,131,18.366666666666667,0.43372809886932373,-0.2190824114956811
UBFC_PHYS_s13_T2_ctrl,14,132,18.4,0.37872520089149475,-0.32375893939063793
UBFC_PHYS_s13_T2_ctrl,14,133,18.433333333333334,0.3060733675956726,-0.41670162784848036
UBFC_PHYS_s13_T2_ctrl,14,134,18.466666666666665,0.20589374005794525,-0.4907843960866074
UBFC_PHYS_s13_T2_ctrl,14,135,18.5,0.10635996609926224,-0.533997820707111
UBFC_PHYS_s13_T2_ctrl,14,136,18.533333333333335,0.05886673927307129,-0.5320706814740658
UBFC_PHYS_s13_T2_ctrl,14,137,18.566666666666666,0.07235385477542877,-0.4733548590166066
UBFC_PHYS_s13_T2_ctrl,14,138,18.6,0.11142133921384811,-0.35465857373789345
UBFC_PHYS_s13_T2_ctrl,14,139,18.633333333333333,0.1425343006849289,-0.18573106358342042
UBFC_PHYS_s13_T2_ctrl,14,140,18.666666666666668,0.15059757232666016,0.010076919600900507
UBFC_PHYS_s13_T2_ctrl,14,141,18.7,0.12938328087329865,0.20006558375824834
UBFC_PHYS_s13_T2_ctrl,14,142,18.733333333333334,0.08942610770463943,0.3498201210299197
UBFC_PHYS_s13_T2_ctrl,14,143,18.766666666666666,0.05549907684326172,0.4309976232026798
UBFC_PHYS_s13_T2_ctrl,14,144,18.8,0.03262403607368469,0.4267871803568628
UBFC_PHYS_s13_T2_ctrl,14,145,18.833333333333332,-0.0007329266518354416,0.33442415849300405
UBFC_PHYS_s13_T2_ctrl,14,146,18.866666666666667,-0.052895400673151016,0.1651708405560781
UBFC_PHYS_s13_T2_ctrl,14,147,18.9,-0.09660907089710236,-0.05772561615223933
UBFC_PHYS_s13_T2_ctrl,14,148,18.933333333333334,-0.09966368973255157,-0.30265826071494323
UBFC_PHYS_s13_T2_ctrl,14,149,18.966666666666665,-0.06996765732765198,-0.5343775161855608
UBFC_PHYS_s13_T2_ctrl,14,150,19.0,-0.055218495428562164,-0.7191761883423501
UBFC_PHYS_s13_T2_ctrl,14,151,19.033333333333335,-0.09299427270889282,-0.8297739269568113
UBFC_PHYS_s13_T2_ctrl,14,152,19.066666666666666,-0.15280812978744507,-0.8490814010904555
UBFC_PHYS_s13_T2_ctrl,14,153,19.1,-0.15863068401813507,-0.7721837136782347
UBFC_PHYS_s13_T2_ctrl,14,154,19.133333333333333,-0.06417475640773773,-0.6062724407464263
UBFC_PHYS_s13_T2_ctrl,14,155,19.166666666666668,0.10075818002223969,-0.36871118302576394
UBFC_PHYS_s13_T2_ctrl,14,156,19.2,0.2718629539012909,-0.08377900367325744
UBFC_PHYS_s13_T2_ctrl,14,157,19.233333333333334,0.41218429803848267,0.22108103172971524
UBFC_PHYS_s13_T2_ctrl,14,158,19.266666666666666,0.5182029604911804,0.5185029682397492
UBFC_PHYS_s13_T2_ctrl,14,159,19.3,0.587506890296936,0.7831187381631528
UBFC_PHYS_s13_T2_ctrl,14,160,19.333333333333332,0.600980818271637,0.9920556768683096
UBFC_PHYS_s13_T2_ctrl,14,161,19.366666666666667,0.5400664210319519,1.1247900696913034
UBFC_PHYS_s13_T2_ctrl,14,162,19.4,0.41012153029441833,1.1636591665282925
UBFC_PHYS_s13_T2_ctrl,14,163,19.433333333333334,0.23602144420146942,1.0961292127919802
UBFC_PHYS_s13_T2_ctrl,14,164,19.466666666666665,0.04773566871881485,0.918937633162449
UBFC_PHYS_s13_T2_ctrl,14,165,19.5,-0.12313186377286911,0.6428157210260977
UBFC_PHYS_s13_T2_ctrl,14,166,19.533333333333335,-0.25167298316955566,0.29536158488448605
UBFC_PHYS_s13_T2_ctrl,14,167,19.566666666666666,-0.33443108201026917,-0.08032811352035997
UBFC_PHYS_s13_T2_ctrl,14,168,19.6,-0.37372922897338867,-0.43213608135227594
UBFC_PHYS_s13_T2_ctrl,14,169,19.633333333333333,-0.37127432227134705,-0.709258448359471
UBFC_PHYS_s13_T2_ctrl,14,170,19.666666666666668,-0.3336600065231323,-0.8735704166334358
UBFC_PHYS_s13_T2_ctrl,14,171,19.7,-0.26265576481819153,-0.9085882157569678
UBFC_PHYS_s13_T2_ctrl,14,172,19.733333333333334,-0.14939762651920319,-0.8229866680582905
UBFC_PHYS_s13_T2_ctrl,14,173,19.766666666666666,-0.0005945296725258231,-0.647168153117022
UBFC_PHYS_s13_T2_ctrl,14,174,19.8,0.14594149589538574,-0.42383990600842464
UBFC_PHYS_s13_T2_ctrl,14,175,19.833333333333332,0.25785520672798157,-0.19598078278289785
UBFC_PHYS_s13_T2_ctrl,14,176,19.866666666666667,0.3242758810520172,0.0032749302747639986
UBFC_PHYS_s13_T2_ctrl,14,177,19.9,0.3450848460197449,0.15533849080501072
UBFC_PHYS_s13_T2_ctrl,14,178,19.933333333333334,0.34020471572875977,0.2548710127454595
UBFC_PHYS_s13_T2_ctrl,14,179,19.966666666666665,0.34637653827667236,0.30477715516090353
UBFC_PHYS_s13_T2_ctrl,14,180,20.0,0.37702488899230957,0.31078635743762634
UBFC_PHYS_s13_T2_ctrl,14,181,20.033333333333335,0.41069158911705017,0.2781111629792623
UBFC_PHYS_s13_T2_ctrl,14,182,20.066666666666666,0.4286107122898102,0.2110604901274069
UBFC_PHYS_s13_T2_ctrl,14,183,20.1,0.4373461902141571,0.11489533008827252
UBFC_PHYS_s13_T2_ctrl,14,184,20.133333333333333,0.45685356855392456,-0.0017939425829418035
UBFC_PHYS_s13_T2_ctrl,14,185,20.166666666666668,0.4761269986629486,-0.12596666478035942
UBFC_PHYS_s13_T2_ctrl,14,186,20.2,0.42460379004478455,-0.24118987209757625
UBFC_PHYS_s13_T2_ctrl,14,187,20.233333333333334,0.23777776956558228,-0.3305800934518014
UBFC_PHYS_s13_T2_ctrl,14,188,20.266666666666666,-0.06006568297743797,-0.3804179798838367
UBFC_PHYS_s13_T2_ctrl,14,189,20.3,-0.37728801369667053,-0.3829692025235844
UBFC_PHYS_s13_T2_ctrl,14,190,20.333333333333332,-0.6214433312416077,-0.3374861195461169
UBFC_PHYS_s13_T2_ctrl,14,191,20.366666666666667,-0.7238208055496216,-0.24929621643959812
UBFC_PHYS_s13_T2_ctrl,14,192,20.4,-0.6865162253379822,-0.12783394623970903
UBFC_PHYS_s13_T2_ctrl,14,193,20.433333333333334,-0.5913980007171631,0.015231661964499906
UBFC_PHYS_s13_T2_ctrl,14,194,20.466666666666665,-0.5111969709396362,0.16721187007530885
UBFC_PHYS_s13_T2_ctrl,14,195,20.5,-0.4483647346496582,0.3151778101391415
UBFC_PHYS_s13_T2_ctrl,14,196,20.533333333333335,-0.3716565668582916,0.4467590062125092
UBFC_PHYS_s13_T2_ctrl,14,197,20.566666666666666,-0.266300231218338,0.5511742600476457
UBFC_PHYS_s13_T2_ctrl,14,198,20.6,-0.13777227699756622,0.6204016151223702
UBFC_PHYS_s13_T2_ctrl,14,199,20.633333333333333,-0.004182965494692326,0.6501358049353789
UBFC_PHYS_s13_T2_ctrl,14,200,20.666666666666668,0.10761212557554245,0.6400387122978255
UBFC_PHYS_s13_T2_ctrl,14,201,20.7,0.1754496991634369,0.5930452595218889
UBFC_PHYS_s13_T2_ctrl,14,202,20.733333333333334,0.19833792746067047,0.5141438969595263
UBFC_PHYS_s13_T2_ctrl,14,203,20.766666666666666,0.19274932146072388,0.4094287914713493
UBFC_PHYS_s13_T2_ctrl,14,204,20.8,0.17029936611652374,0.28583651793052495
UBFC_PHYS_s13_T2_ctrl,14,205,20.833333333333332,0.13293547928333282,0.1513465208474634
UBFC_PHYS_s13_T2_ctrl,14,206,20.866666666666667,0.09064861387014389,0.015193767491104234
UBFC_PHYS_s13_T2_ctrl,14,207,20.9,0.07266030460596085,-0.11229868254793246
UBFC_PHYS_s13_T2_ctrl,14,208,20.933333333333334,0.11568528413772583,-0.22062573423529705
UBFC_PHYS_s13_T2_ctrl,14,209,20.966666666666665,0.23046909272670746,-0.30097684783092793
UBFC_PHYS_s13_T2_ctrl,14,210,21.0,0.3801882565021515,-0.34889718114117046
UBFC_PHYS_s13_T2_ctrl,14,211,21.033333333333335,0.5133228302001953,-0.36696732509912505
UBFC_PHYS_s13_T2_ctrl,14,212,21.066666666666666,0.6141351461410522,-0.3662968318090482
UBFC_PHYS_s13_T2_ctrl,14,213,21.1,0.6845231652259827,-0.3655759035811819
UBFC_PHYS_s13_T2_ctrl,14,214,21.133333333333333,0.7207008004188538,-0.3869115417508187
UBFC_PHYS_s13_T2_ctrl,14,215,21.166666666666668,0.7371864914894104,-0.448694782546161
UBFC_PHYS_s13_T2_ctrl,14,216,21.2,0.7654557228088379,-0.5571489021269019
UBFC_PHYS_s13_T2_ctrl,14,217,21.233333333333334,0.8067771196365356,-0.699683442016762
UBFC_PHYS_s13_T2_ctrl,14,218,21.266666666666666,0.8151831030845642,-0.8439232265066817
UBFC_PHYS_s13_T2_ctrl,14,219,21.3,0.7389526963233948,-0.9449280416015575
UBFC_PHYS_s13_T2_ctrl,14,220,21.333333333333332,0.5850651860237122,-0.9593865911915573
UBFC_PHYS_s13_T2_ctrl,14,221,21.366666666666667,0.43745163083076477,-0.8615725267007553
UBFC_PHYS_s13_T2_ctrl,14,222,21.4,0.3923177421092987,-0.6542086432227513
UBFC_PHYS_s13_T2_ctrl,14,223,21.433333333333334,0.4707361161708832,-0.3690795959877915
UBFC_PHYS_s13_T2_ctrl,14,224,21.466666666666665,0.621671199798584,-0.056581272112806766
UBFC_PHYS_s13_T2_ctrl,14,225,21.5,0.7810946106910706,0.231473183141117
UBFC_PHYS_s13_T2_ctrl,14,226,21.533333333333335,0.9034605622291565,0.4580544340506189
UBFC_PHYS_s13_T2_ctrl,14,227,21.566666666666666,0.9779511094093323,0.6090117575902947
UBFC_PHYS_s13_T2_ctrl,14,228,21.6,1.0220338106155396,0.690746559196451
UBFC_PHYS_s13_T2_ctrl,14,229,21.633333333333333,1.0499471426010132,0.7207676569759055
UBFC_PHYS_s13_T2_ctrl,14,230,21.666666666666668,1.0489751100540161,0.7171618484452369
UBFC_PHYS_s13_T2_ctrl,14,231,21.7,0.9948388338088989,0.6920272559766361
UBFC_PHYS_s13_T2_ctrl,14,232,21.733333333333334,0.8788984417915344,0.6506199625205252
UBFC_PHYS_s13_T2_ctrl,14,233,21.766666666666666,0.7117609977722168,0.5945780638606516
UBFC_PHYS_s13_T2_ctrl,14,234,21.8,0.512416660785675,0.5259369820479536
UBFC_PHYS_s13_T2_ctrl,14,235,21.833333333333332,0.30377334356307983,0.4491812096727342
UBFC_PHYS_s13_T2_ctrl,14,236,21.866666666666667,0.1156160831451416,0.37051321339229754
UBFC_PHYS_s13_T2_ctrl,14,237,21.9,-0.022388756275177002,0.29542617381554803
UBFC_PHYS_s13_T2_ctrl,14,238,21.933333333333334,-0.09657282382249832,0.22641887188993562
UBFC_PHYS_s13_T2_ctrl,14,239,21.966666666666665,-0.11736532300710678,0.1622739899930403
UBFC_PHYS_s13_T2_ctrl,15,0,15.0,0.27703309059143066,-0.1081996731207429
UBFC_PHYS_s13_T2_ctrl,15,1,15.033333333333333,0.27790960669517517,-0.3329060823365472
UBFC_PHYS_s13_T2_ctrl,15,2,15.066666666666666,0.27664753794670105,-0.5234232234455864
UBFC_PHYS_s13_T2_ctrl,15,3,15.1,0.24955140054225922,-0.6549384803136342
UBFC_PHYS_s13_T2_ctrl,15,4,15.133333333333333,0.15244285762310028,-0.7174063884417378
UBFC_PHYS_s13_T2_ctrl,15,5,15.166666666666666,-0.024968871846795082,-0.7185846285167536
UBFC_PHYS_s13_T2_ctrl,15,6,15.2,-0.21154774725437164,-0.6823720417196658
UBFC_PHYS_s13_T2_ctrl,15,7,15.233333333333333,-0.3065078556537628,-0.6430409361680501
UBFC_PHYS_s13_T2_ctrl,15,8,15.266666666666667,-0.2764427363872528,-0.6366414906180821
UBFC_PHYS_s13_T2_ctrl,15,9,15.3,-0.18341362476348877,-0.6910510950146266
UBFC_PHYS_s13_T2_ctrl,15,10,15.333333333333334,-0.10482721775770187,-0.8168358655563692
UBFC_PHYS_s13_T2_ctrl,15,11,15.366666666666667,-0.06697564572095871,-1.001542683891073
UBFC_PHYS_s13_T2_ctrl,15,12,15.4,-0.054210174828767776,-1.2092919856151878
UBFC_PHYS_s13_T2_ctrl,15,13,15.433333333333334,-0.04248926788568497,-1.3860946049946388
UBFC_PHYS_s13_T2_ctrl,15,14,15.466666666666667,-0.01769644021987915,-1.470122222444449
UBFC_PHYS_s13_T2_ctrl,15,15,15.5,0.01946643926203251,-1.405460791723722
UBFC_PHYS_s13_T2_ctrl,15,16,15.533333333333333,0.0630713701248169,-1.157270467201875
UBFC_PHYS_s13_T2_ctrl,15,17,15.566666666666666,0.11533599346876144,-0.725079710948821
UBFC_PHYS_s13_T2_ctrl,15,18,15.6,0.1771203577518463,-0.14943873161030702
UBFC_PHYS_s13_T2_ctrl,15,19,15.633333333333333,0.23545467853546143,0.49261342418402737
UBFC_PHYS_s13_T2_ctrl,15,20,15.666666666666666,0.27986693382263184,1.1043168199080464
UBFC_PHYS_s13_T2_ctrl,15,21,15.7,0.32788407802581787,1.5936368651691857
UBFC_PHYS_s13_T2_ctrl,15,22,15.733333333333333,0.4113176763057709,1.8962806289641503
UBFC_PHYS_s13_T2_ctrl,15,23,15.766666666666667,0.5192772150039673,1.9883089317767904
UBFC_PHYS_s13_T2_ctrl,15,24,15.8,0.5839678645133972,1.8849872307018436
UBFC_PHYS_s13_T2_ctrl,15,25,15.833333333333334,0.5589674711227417,1.6292553133241203
UBFC_PHYS_s13_T2_ctrl,15,26,15.866666666666667,0.4578981399536133,1.2763269157224992
UBFC_PHYS_s13_T2_ctrl,15,27,15.9,0.32072699069976807,0.8802262742795858
UBFC_PHYS_s13_T2_ctrl,15,28,15.933333333333334,0.18465639650821686,0.4856079968060049
UBFC_PHYS_s13_T2_ctrl,15,29,15.966666666666667,0.07687811553478241,0.12538950434863774
UBFC_PHYS_s13_T2_ctrl,15,30,16.0,0.005132468417286873,-0.17760249589571855
UBFC_PHYS_s13_T2_ctrl,15,31,16.033333333333335,-0.03833736106753349,-0.4078438665450883
UBFC_PHYS_s13_T2_ctrl,15,32,16.066666666666666,-0.05595990642905235,-0.5555893406945751
UBFC_PHYS_s13_T2_ctrl,15,33,16.1,-0.035941772162914276,-0.6174842808204823
UBFC_PHYS_s13_T2_ctrl,15,34,16.133333333333333,0.01634591817855835,-0.5984676303587994
UBFC_PHYS_s13_T2_ctrl,15,35,16.166666666666668,0.05100117623806,-0.5130914417364483
UBFC_PHYS_s13_T2_ctrl,15,36,16.2,0.011320790275931358,-0.3845439143358315
UBFC_PHYS_s13_T2_ctrl,15,37,16.233333333333334,-0.09047676622867584,-0.24094618819483699
UBFC_PHYS_s13_T2_ctrl,15,38,16.266666666666666,-0.1743321418762207,-0.11015547257712265
UBFC_PHYS_s13_T2_ctrl,15,39,16.3,-0.16961346566677094,-0.015071590826338181
UBFC_PHYS_s13_T2_ctrl,15,40,16.333333333333332,-0.053159017115831375,0.02927686885431332
UBFC_PHYS_s13_T2_ctrl,15,41,16.366666666666667,0.15388943254947662,0.016738032501981883
UBFC_PHYS_s13_T2_ctrl,15,42,16.4,0.3732980489730835,-0.05054015527953688
UBFC_PHYS_s13_T2_ctrl,15,43,16.433333333333334,0.5153460502624512,-0.1637934316860488
UBFC_PHYS_s13_T2_ctrl,15,44,16.466666666666665,0.5442413687705994,-0.30952003860290617
UBFC_PHYS_s13_T2_ctrl,15,45,16.5,0.47657185792922974,-0.4705078143229756
UBFC_PHYS_s13_T2_ctrl,15,46,16.533333333333335,0.3646745979785919,-0.6257732542630661
UBFC_PHYS_s13_T2_ctrl,15,47,16.566666666666666,0.28046664595603943,-0.7504591552938707
UBFC_PHYS_s13_T2_ctrl,15,48,16.6,0.2544941306114197,-0.8174424413494592
UBFC_PHYS_s13_T2_ctrl,15,49,16.633333333333333,0.2526884078979492,-0.8017054166664267
UBFC_PHYS_s13_T2_ctrl,15,50,16.666666666666668,0.21552880108356476,-0.6866019541433958
UBFC_PHYS_s13_T2_ctrl,15,51,16.7,0.13196340203285217,-0.4695893749019921
UBFC_PHYS_s13_T2_ctrl,15,52,16.733333333333334,0.058570172637701035,-0.16511281637991423
UBFC_PHYS_s13_T2_ctrl,15,53,16.766666666666666,0.023710614070296288,0.19640411516335335
UBFC_PHYS_s13_T2_ctrl,15,54,16.8,-0.02141009271144867,0.5732381099548071
UBFC_PHYS_s13_T2_ctrl,15,55,16.833333333333332,-0.07980043441057205,0.9195654680634341
UBFC_PHYS_s13_T2_ctrl,15,56,16.866666666666667,-0.08160948008298874,1.1934061757020613
UBFC_PHYS_s13_T2_ctrl,15,57,16.9,-0.014193679206073284,1.3633358004356322
UBFC_PHYS_s13_T2_ctrl,15,58,16.933333333333334,0.04737979173660278,1.4123734050727677
UBFC_PHYS_s13_T2_ctrl,15,59,16.966666666666665,0.027849342674016953,1.3384034256914303
UBFC_PHYS_s13_T2_ctrl,15,60,17.0,-0.12347785383462906,1.1517233698473628
UBFC_PHYS_s13_T2_ctrl,15,61,17.033333333333335,-0.44086164236068726,0.8712816964944416
UBFC_PHYS_s13_T2_ctrl,15,62,17.066666666666666,-0.8624221086502075,0.5213936646575219
UBFC_PHYS_s13_T2_ctrl,15,63,17.1,-1.2564053535461426,0.13008863708357327
UBFC_PHYS_s13_T2_ctrl,15,64,17.133333333333333,-1.5382407903671265,-0.27095516539284864
UBFC_PHYS_s13_T2_ctrl,15,65,17.166666666666668,-1.7153724431991577,-0.6460883181308198
UBFC_PHYS_s13_T2_ctrl,15,66,17.2,-1.8076404333114624,-0.9567125874542594
UBFC_PHYS_s13_T2_ctrl,15,67,17.233333333333334,-1.7976231575012207,-1.1650555414265982
UBFC_PHYS_s13_T2_ctrl,15,68,17.266666666666666,-1.6806249618530273,-1.2409865963180933
UBFC_PHYS_s13_T2_ctrl,15,69,17.3,-1.5183018445968628,-1.1705008435189586
UBFC_PHYS_s13_T2_ctrl,15,70,17.333333333333332,-1.380616545677185,-0.9629023241807017
UBFC_PHYS_s13_T2_ctrl,15,71,17.366666666666667,-1.2460485696792603,-0.6532106683690266
UBFC_PHYS_s13_T2_ctrl,15,72,17.4,-1.022969126701355,-0.2975519506241804
UBFC_PHYS_s13_T2_ctrl,15,73,17.433333333333334,-0.6889744400978088,0.03812918975722938
UBFC_PHYS_s13_T2_ctrl,15,74,17.466666666666665,-0.328829288482666,0.2929547314905994
UBFC_PHYS_s13_T2_ctrl,15,75,17.5,-0.01730761118233204,0.42498253529616353
UBFC_PHYS_s13_T2_ctrl,15,76,17.533333333333335,0.2303142100572586,0.4198979486922173
UBFC_PHYS_s13_T2_ctrl,15,77,17.566666666666666,0.4034521281719208,0.2923234462118837
UBFC_PHYS_s13_T2_ctrl,15,78,17.6,0.4914099872112274,0.07995183884855787
UBFC_PHYS_s13_T2_ctrl,15,79,17.633333333333333,0.4939340651035309,-0.16725845763061223
UBFC_PHYS_s13_T2_ctrl,15,80,17.666666666666668,0.3921167552471161,-0.3994131006624332
UBFC_PHYS_s13_T2_ctrl,15,81,17.7,0.19357970356941223,-0.5769629825217222
UBFC_PHYS_s13_T2_ctrl,15,82,17.733333333333334,-0.018174240365624428,-0.6762163392482832
UBFC_PHYS_s13_T2_ctrl,15,83,17.766666666666666,-0.15204694867134094,-0.6892015283124041
UBFC_PHYS_s13_T2_ctrl,15,84,17.8,-0.18954263627529144,-0.6193515648795683
UBFC_PHYS_s13_T2_ctrl,15,85,17.833333333333332,-0.16908295452594757,-0.47611504481192607
UBFC_PHYS_s13_T2_ctrl,15,86,17.866666666666667,-0.14588497579097748,-0.2714962307783102
UBFC_PHYS_s13_T2_ctrl,15,87,17.9,-0.1509002298116684,-0.019815069841179797
UBFC_PHYS_s13_T2_ctrl,15,88,17.933333333333334,-0.151967853307724,0.26035821167959583
UBFC_PHYS_s13_T2_ctrl,15,89,17.966666666666665,-0.08963320404291153,0.5448112818323426
UBFC_PHYS_s13_T2_ctrl,15,90,18.0,0.045119307935237885,0.8054865596744841
UBFC_PHYS_s13_T2_ctrl,15,91,18.033333333333335,0.20076316595077515,1.015900265210126
UBFC_PHYS_s13_T2_ctrl,15,92,18.066666666666666,0.3259498178958893,1.1574191312579654
UBFC_PHYS_s13_T2_ctrl,15,93,18.1,0.4058707654476166,1.2224342923737033
UBFC_PHYS_s13_T2_ctrl,15,94,18.133333333333333,0.44774243235588074,1.2128633099941217
UBFC_PHYS_s13_T2_ctrl,15,95,18.166666666666668,0.46777376532554626,1.1358620374537143
UBFC_PHYS_s13_T2_ctrl,15,96,18.2,0.4866847097873688,0.9998947911114863
UBFC_PHYS_s13_T2_ctrl,15,97,18.233333333333334,0.5155372023582458,0.81309637598165
UBFC_PHYS_s13_T2_ctrl,15,98,18.266666666666666,0.5384814143180847,0.5837767933429023
UBFC_PHYS_s13_T2_ctrl,15,99,18.3,0.528796911239624,0.3217170631835703
UBFC_PHYS_s13_T2_ctrl,15,100,18.333333333333332,0.4866220951080322,0.03927916711597269
UBFC_PHYS_s13_T2_ctrl,15,101,18.366666666666667,0.43372809886932373,-0.24776951591052188
UBFC_PHYS_s13_T2_ctrl,15,102,18.4,0.37872520089149475,-0.5196949605931677
UBFC_PHYS_s13_T2_ctrl,15,103,18.433333333333334,0.3060733675956726,-0.752923760507546
UBFC_PHYS_s13_T2_ctrl,15,104,18.466666666666665,0.20589374005794525,-0.9215800216533491
UBFC_PHYS_s13_T2_ctrl,15,105,18.5,0.10635996609926224,-1.001173173159266
UBFC_PHYS_s13_T2_ctrl,15,106,18.533333333333335,0.05886673927307129,-0.9748336016608746
UBFC_PHYS_s13_T2_ctrl,15,107,18.566666666666666,0.07235385477542877,-0.8411794283915441
UBFC_PHYS_s13_T2_ctrl,15,108,18.6,0.11142133921384811,-0.6207357149077347
UBFC_PHYS_s13_T2_ctrl,15,109,18.633333333333333,0.1425343006849289,-0.3566200130286916
UBFC_PHYS_s13_T2_ctrl,15,110,18.666666666666668,0.15059757232666016,-0.10669975491866394
UBFC_PHYS_s13_T2_ctrl,15,111,18.7,0.12938328087329865,0.07152018103499867
UBFC_PHYS_s13_T2_ctrl,15,112,18.733333333333334,0.08942610770463943,0.13756518289491415
UBFC_PHYS_s13_T2_ctrl,15,113,18.766666666666666,0.05549907684326172,0.07916040912250988
UBFC_PHYS_s13_T2_ctrl,15,114,18.8,0.03262403607368469,-0.08586544644641435
UBFC_PHYS_s13_T2_ctrl,15,115,18.833333333333332,-0.0007329266518354416,-0.3159624754810467
UBFC_PHYS_s13_T2_ctrl,15,116,18.866666666666667,-0.052895400673151016,-0.5570914489013875
UBFC_PHYS_s13_T2_ctrl,15,117,18.9,-0.09660907089710236,-0.7553161033171396
UBFC_PHYS_s13_T2_ctrl,15,118,18.933333333333334,-0.09966368973255157,-0.868013113374808
UBFC_PHYS_s13_T2_ctrl,15,119,18.966666666666665,-0.06996765732765198,-0.8717446414803297
UBFC_PHYS_s13_T2_ctrl,15,120,19.0,-0.055218495428562164,-0.7655561952758891
UBFC_PHYS_s13_T2_ctrl,15,121,19.033333333333335,-0.09299427270889282,-0.5690845104405359
UBFC_PHYS_s13_T2_ctrl,15,122,19.066666666666666,-0.15280812978744507,-0.3156341661610692
UBFC_PHYS_s13_T2_ctrl,15,123,19.1,-0.15863068401813507,-0.041875538220306235
UBFC_PHYS_s13_T2_ctrl,15,124,19.133333333333333,-0.06417475640773773,0.2222539592646609
UBFC_PHYS_s13_T2_ctrl,15,125,19.166666666666668,0.10075818002223969,0.45942938061477584
UBFC_PHYS_s13_T2_ctrl,15,126,19.2,0.2718629539012909,0.6648094217531073
UBFC_PHYS_s13_T2_ctrl,15,127,19.233333333333334,0.41218429803848267,0.841220475263162
UBFC_PHYS_s13_T2_ctrl,15,128,19.266666666666666,0.5182029604911804,0.9926144709340523
UBFC_PHYS_s13_T2_ctrl,15,129,19.3,0.587506890296936,1.1185716216712553
UBFC_PHYS_s13_T2_ctrl,15,130,19.333333333333332,0.600980818271637,1.211472840889388
UBFC_PHYS_s13_T2_ctrl,15,131,19.366666666666667,0.5400664210319519,1.2567538899125459
UBFC_PHYS_s13_T2_ctrl,15,132,19.4,0.41012153029441833,1.235897204598668
UBFC_PHYS_s13_T2_ctrl,15,133,19.433333333333334,0.23602144420146942,1.131498544007054
UBFC_PHYS_s13_T2_ctrl,15,134,19.466666666666665,0.04773566871881485,0.933535446255605
UBFC_PHYS_s13_T2_ctrl,15,135,19.5,-0.12313186377286911,0.6455750406944224
UBFC_PHYS_s13_T2_ctrl,15,136,19.533333333333335,-0.25167298316955566,0.28911274284667854
UBFC_PHYS_s13_T2_ctrl,15,137,19.566666666666666,-0.33443108201026917,-0.09601732408096446
UBFC_PHYS_s13_T2_ctrl,15,138,19.6,-0.37372922897338867,-0.45666245024863905
UBFC_PHYS_s13_T2_ctrl,15,139,19.633333333333333,-0.37127432227134705,-0.7368076491750774
UBFC_PHYS_s13_T2_ctrl,15,140,19.666666666666668,-0.3336600065231323,-0.8913735132386705
UBFC_PHYS_s13_T2_ctrl,15,141,19.7,-0.26265576481819153,-0.8993040547375155
UBFC_PHYS_s13_T2_ctrl,15,142,19.733333333333334,-0.14939762651920319,-0.7710961336531461
UBFC_PHYS_s13_T2_ctrl,15,143,19.766666666666666,-0.0005945296725258231,-0.5472606624962942
UBFC_PHYS_s13_T2_ctrl,15,144,19.8,0.14594149589538574,-0.2876367891722913
UBFC_PHYS_s13_T2_ctrl,15,145,19.833333333333332,0.25785520672798157,-0.05526117100446941
UBFC_PHYS_s13_T2_ctrl,15,146,19.866666666666667,0.3242758810520172,0.0994707299449914
UBFC_PHYS_s13_T2_ctrl,15,147,19.9,0.3450848460197449,0.1492775261477373
UBFC_PHYS_s13_T2_ctrl,15,148,19.933333333333334,0.34020471572875977,0.09284895431762151
UBFC_PHYS_s13_T2_ctrl,15,149,19.966666666666665,0.34637653827667236,-0.049067123130881
UBFC_PHYS_s13_T2_ctrl,15,150,20.0,0.37702488899230957,-0.24180228516588054
UBFC_PHYS_s13_T2_ctrl,15,151,20.033333333333335,0.41069158911705017,-0.4463136870723093
UBFC_PHYS_s13_T2_ctrl,15,152,20.066666666666666,0.4286107122898102,-0.6277319122449104
UBFC_PHYS_s13_T2_ctrl,15,153,20.1,0.4373461902141571,-0.7611690233747022
UBFC_PHYS_s13_T2_ctrl,15,154,20.133333333333333,0.45685356855392456,-0.8338730305468173
UBFC_PHYS_s13_T2_ctrl,15,155,20.166666666666668,0.4761269986629486,-0.8438308647284699
UBFC_PHYS_s13_T2_ctrl,15,156,20.2,0.42460379004478455,-0.7960183785641195
UBFC_PHYS_s13_T2_ctrl,15,157,20.233333333333334,0.23777776956558228,-0.6982245219825047
UBFC_PHYS_s13_T2_ctrl,15,158,20.266666666666666,-0.06006568297743797,-0.5582841124707657
UBFC_PHYS_s13_T2_ctrl,15,159,20.3,-0.37728801369667053,-0.383561894090787
UBFC_PHYS_s13_T2_ctrl,15,160,20.333333333333332,-0.6214433312416077,-0.18209814025198787
UBFC_PHYS_s13_T2_ctrl,15,161,20.366666666666667,-0.7238208055496216,0.03607561890140804
UBFC_PHYS_s13_T2_ctrl,15,162,20.4,-0.6865162253379822,0.258672375964525
UBFC_PHYS_s13_T2_ctrl,15,163,20.433333333333334,-0.5913980007171631,0.47213279368202055
UBFC_PHYS_s13_T2_ctrl,15,164,20.466666666666665,-0.5111969709396362,0.6631759526122271
UBFC_PHYS_s13_T2_ctrl,15,165,20.5,-0.4483647346496582,0.820166601844481
UBFC_PHYS_s13_T2_ctrl,15,166,20.533333333333335,-0.3716565668582916,0.9342223423482862
UBFC_PHYS_s13_T2_ctrl,15,167,20.566666666666666,-0.266300231218338,1.0004643984471562
UBFC_PHYS_s13_T2_ctrl,15,168,20.6,-0.13777227699756622,1.0193846255934875
UBFC_PHYS_s13_T2_ctrl,15,169,20.633333333333333,-0.004182965494692326,0.9974713895746438
UBFC_PHYS_s13_T2_ctrl,15,170,20.666666666666668,0.10761212557554245,0.9459838601900412
UBFC_PHYS_s13_T2_ctrl,15,171,20.7,0.1754496991634369,0.8775572545946616
UBFC_PHYS_s13_T2_ctrl,15,172,20.733333333333334,0.19833792746067047,0.801792097400778
UBFC_PHYS_s13_T2_ctrl,15,173,20.766666666666666,0.19274932146072388,0.7219230391419774
UBFC_PHYS_s13_T2_ctrl,15,174,20.8,0.17029936611652374,0.6342076421335909
UBFC_PHYS_s13_T2_ctrl,15,175,20.833333333333332,0.13293547928333282,0.5303444231407295
UBFC_PHYS_s13_T2_ctrl,15,176,20.866666666666667,0.09064861387014389,0.4019862937007874
UBFC_PHYS_s13_T2_ctrl,15,177,20.9,0.07266030460596085,0.2455813436961268
UBFC_PHYS_s13_T2_ctrl,15,178,20.933333333333334,0.11568528413772583,0.06543410681907778
UBFC_PHYS_s13_T2_ctrl,15,179,20.966666666666665,0.23046909272670746,-0.1266249499707472
UBFC_PHYS_s13_T2_ctrl,15,180,21.0,0.3801882565021515,-0.3151493695314998
UBFC_PHYS_s13_T2_ctrl,15,181,21.033333333333335,0.5133228302001953,-0.4870048715688853
UBFC_PHYS_s13_T2_ctrl,15,182,21.066666666666666,0.6141351461410522,-0.6365991233040535
UBFC_PHYS_s13_T2_ctrl,15,183,21.1,0.6845231652259827,-0.7678426179665646
UBFC_PHYS_s13_T2_ctrl,15,184,21.133333333333333,0.7207008004188538,-0.891753286523942
UBFC_PHYS_s13_T2_ctrl,15,185,21.166666666666668,0.7371864914894104,-1.02054721210167
UBFC_PHYS_s13_T2_ctrl,15,186,21.2,0.7654557228088379,-1.1604225774449861
UBFC_PHYS_s13_T2_ctrl,15,187,21.233333333333334,0.8067771196365356,-1.3057289616447414
UBFC_PHYS_s13_T2_ctrl,15,188,21.266666666666666,0.8151831030845642,-1.4368846746118862
UBFC_PHYS_s13_T2_ctrl,15,189,21.3,0.7389526963233948,-1.5232897812284367
UBFC_PHYS_s13_T2_ctrl,15,190,21.333333333333332,0.5850651860237122,-1.5307792154819682
UBFC_PHYS_s13_T2_ctrl,15,191,21.366666666666667,0.43745163083076477,-1.4314428304366689
UBFC_PHYS_s13_T2_ctrl,15,192,21.4,0.3923177421092987,-1.2126143542717254
UBFC_PHYS_s13_T2_ctrl,15,193,21.433333333333334,0.4707361161708832,-0.8820236014793045
UBFC_PHYS_s13_T2_ctrl,15,194,21.466666666666665,0.621671199798584,-0.4674992058816414
UBFC_PHYS_s13_T2_ctrl,15,195,21.5,0.7810946106910706,-0.011431092652495513
UBFC_PHYS_s13_T2_ctrl,15,196,21.533333333333335,0.9034605622291565,0.43834482835378213
UBFC_PHYS_s13_T2_ctrl,15,197,21.566666666666666,0.9779511094093323,0.8386265334628452
UBFC_PHYS_s13_T2_ctrl,15,198,21.6,1.0220338106155396,1.1588859892587562
UBFC_PHYS_s13_T2_ctrl,15,199,21.633333333333333,1.0499471426010132,1.3849814639725067
UBFC_PHYS_s13_T2_ctrl,15,200,21.666666666666668,1.0489751100540161,1.518147654209965
UBFC_PHYS_s13_T2_ctrl,15,201,21.7,0.9948388338088989,1.5706872883537395
UBFC_PHYS_s13_T2_ctrl,15,202,21.733333333333334,0.8788984417915344,1.5603663313979832
UBFC_PHYS_s13_T2_ctrl,15,203,21.766666666666666,0.7117609977722168,1.505148089390295
UBFC_PHYS_s13_T2_ctrl,15,204,21.8,0.512416660785675,1.4193706630452152
UBFC_PHYS_s13_T2_ctrl,15,205,21.833333333333332,0.30377334356307983,1.3119228793998843
UBFC_PHYS_s13_T2_ctrl,15,206,21.866666666666667,0.1156160831451416,1.1863356082034586
UBFC_PHYS_s13_T2_ctrl,15,207,21.9,-0.022388756275177002,1.0422341982014167
UBFC_PHYS_s13_T2_ctrl,15,208,21.933333333333334,-0.09657282382249832,0.8774805964217456
UBFC_PHYS_s13_T2_ctrl,15,209,21.966666666666665,-0.11736532300710678,0.6903130048621793
UBFC_PHYS_s13_T2_ctrl,15,210,22.0,-0.11186239123344421,0.48070041305524125
UBFC_PHYS_s13_T2_ctrl,15,211,22.033333333333335,-0.10870891809463501,0.25036855791225726
UBFC_PHYS_s13_T2_ctrl,15,212,22.066666666666666,-0.1219126507639885,0.0017601350913052528
UBFC_PHYS_s13_T2_ctrl,15,213,22.1,-0.14718328416347504,-0.2630393567476222
UBFC_PHYS_s13_T2_ctrl,15,214,22.133333333333333,-0.17011433839797974,-0.5423225198856164
UBFC_PHYS_s13_T2_ctrl,15,215,22.166666666666668,-0.178128182888031,-0.8332266889799796
UBFC_PHYS_s13_T2_ctrl,15,216,22.2,-0.16603492200374603,-1.1289234758404803
UBFC_PHYS_s13_T2_ctrl,15,217,22.233333333333334,-0.13827644288539886,-1.4154393907157832
UBFC_PHYS_s13_T2_ctrl,15,218,22.266666666666666,-0.11143072694540024,-1.6693775760259646
UBFC_PHYS_s13_T2_ctrl,15,219,22.3,-0.10606949031352997,-1.858005056098632
UBFC_PHYS_s13_T2_ctrl,15,220,22.333333333333332,-0.12530666589736938,-1.9431445256488258
UBFC_PHYS_s13_T2_ctrl,15,221,22.366666666666667,-0.15376043319702148,-1.8895856851178343
UBFC_PHYS_s13_T2_ctrl,15,222,22.4,-0.182247132062912,-1.67696050817187
UBFC_PHYS_s13_T2_ctrl,15,223,22.433333333333334,-0.22354215383529663,-1.311557904488055
UBFC_PHYS_s13_T2_ctrl,15,224,22.466666666666665,-0.2931163012981415,-0.8326118045895832
UBFC_PHYS_s13_T2_ctrl,15,225,22.5,-0.3888046145439148,-0.30806713905446426
UBFC_PHYS_s13_T2_ctrl,15,226,22.533333333333335,-0.5009061694145203,0.1813357161288055
UBFC_PHYS_s13_T2_ctrl,15,227,22.566666666666666,-0.6252261400222778,0.5649626988811358
UBFC_PHYS_s13_T2_ctrl,15,228,22.6,-0.7671127319335938,0.8027761469535327
UBFC_PHYS_s13_T2_ctrl,15,229,22.633333333333333,-0.9415027499198914,0.8942273012621736
UBFC_PHYS_s13_T2_ctrl,15,230,22.666666666666668,-1.1294095516204834,0.8723996764734481
UBFC_PHYS_s13_T2_ctrl,15,231,22.7,-1.240618109703064,0.78767711493538
UBFC_PHYS_s13_T2_ctrl,15,232,22.733333333333334,-1.20822012424469,0.6889549199094972
UBFC_PHYS_s13_T2_ctrl,15,233,22.766666666666666,-1.09414803981781,0.6096432999588602
UBFC_PHYS_s13_T2_ctrl,15,234,22.8,-1.0067569017410278,0.562286202268147
UBFC_PHYS_s13_T2_ctrl,15,235,22.833333333333332,-0.9571548104286194,0.5416098580325803
UBFC_PHYS_s13_T2_ctrl,15,236,22.866666666666667,-0.8974101543426514,0.5328356854545231
UBFC_PHYS_s13_T2_ctrl,15,237,22.9,-0.8118445873260498,0.5209354529889537
UBFC_PHYS_s13_T2_ctrl,15,238,22.933333333333334,-0.7409589886665344,0.49714732146511725
UBFC_PHYS_s13_T2_ctrl,15,239,22.966666666666665,-0.7434929609298706,0.4608962803171951
UBFC_PHYS_s13_T2_ctrl,16,0,16.0,0.005132468417286873,-0.11210040217451342
UBFC_PHYS_s13_T2_ctrl,16,1,16.033333333333335,-0.03833736106753349,-0.49024725586957923
UBFC_PHYS_s13_T2_ctrl,16,2,16.066666666666666,-0.05595990642905235,-0.7900183884226024
UBFC_PHYS_s13_T2_ctrl,16,3,16.1,-0.035941772162914276,-0.95665970669859
UBFC_PHYS_s13_T2_ctrl,16,4,16.133333333333333,0.01634591817855835,-0.9720458501957038
UBFC_PHYS_s13_T2_ctrl,16,5,16.166666666666668,0.05100117623806,-0.857760469679433
UBFC_PHYS_s13_T2_ctrl,16,6,16.2,0.011320790275931358,-0.6649177904239862
UBFC_PHYS_s13_T2_ctrl,16,7,16.233333333333334,-0.09047676622867584,-0.4552408990734042
UBFC_PHYS_s13_T2_ctrl,16,8,16.266666666666666,-0.1743321418762207,-0.2812167162407644
UBFC_PHYS_s13_T2_ctrl,16,9,16.3,-0.16961346566677094,-0.17241732621655775
UBFC_PHYS_s13_T2_ctrl,16,10,16.333333333333332,-0.053159017115831375,-0.1313924362802773
UBFC_PHYS_s13_T2_ctrl,16,11,16.366666666666667,0.15388943254947662,-0.1383589647753588
UBFC_PHYS_s13_T2_ctrl,16,12,16.4,0.3732980489730835,-0.1613648851263175
UBFC_PHYS_s13_T2_ctrl,16,13,16.433333333333334,0.5153460502624512,-0.16800263830879011
UBFC_PHYS_s13_T2_ctrl,16,14,16.466666666666665,0.5442413687705994,-0.13534108892656674
UBFC_PHYS_s13_T2_ctrl,16,15,16.5,0.47657185792922974,-0.055802901544298567
UBFC_PHYS_s13_T2_ctrl,16,16,16.533333333333335,0.3646745979785919,0.062148888508841295
UBFC_PHYS_s13_T2_ctrl,16,17,16.566666666666666,0.28046664595603943,0.19839711811855543
UBFC_PHYS_s13_T2_ctrl,16,18,16.6,0.2544941306114197,0.3290817719047762
UBFC_PHYS_s13_T2_ctrl,16,19,16.633333333333333,0.2526884078979492,0.4352378857773769
UBFC_PHYS_s13_T2_ctrl,16,20,16.666666666666668,0.21552880108356476,0.5089001401389841
UBFC_PHYS_s13_T2_ctrl,16,21,16.7,0.13196340203285217,0.5542881658105797
UBFC_PHYS_s13_T2_ctrl,16,22,16.733333333333334,0.058570172637701035,0.5838033606293902
UBFC_PHYS_s13_T2_ctrl,16,23,16.766666666666666,0.023710614070296288,0.61080567567779
UBFC_PHYS_s13_T2_ctrl,16,24,16.8,-0.02141009271144867,0.6422894241581818
UBFC_PHYS_s13_T2_ctrl,16,25,16.833333333333332,-0.07980043441057205,0.6743215281582365
UBFC_PHYS_s13_T2_ctrl,16,26,16.866666666666667,-0.08160948008298874,0.6918279456058488
UBFC_PHYS_s13_T2_ctrl,16,27,16.9,-0.014193679206073284,0.6727032305978994
UBFC_PHYS_s13_T2_ctrl,16,28,16.933333333333334,0.04737979173660278,0.5948791911115402
UBFC_PHYS_s13_T2_ctrl,16,29,16.966666666666665,0.027849342674016953,0.4441401131056256
UBFC_PHYS_s13_T2_ctrl,16,30,17.0,-0.12347785383462906,0.22017918521067478
UBFC_PHYS_s13_T2_ctrl,16,31,17.033333333333335,-0.44086164236068726,-0.06117810426308299
UBFC_PHYS_s13_T2_ctrl,16,32,17.066666666666666,-0.8624221086502075,-0.37042587025667123
UBFC_PHYS_s13_T2_ctrl,16,33,17.1,-1.2564053535461426,-0.6705625395388463
UBFC_PHYS_s13_T2_ctrl,16,34,17.133333333333333,-1.5382407903671265,-0.9244775995333118
UBFC_PHYS_s13_T2_ctrl,16,35,17.166666666666668,-1.7153724431991577,-1.1008403643698998
UBFC_PHYS_s13_T2_ctrl,16,36,17.2,-1.8076404333114624,-1.1774108656383449
UBFC_PHYS_s13_T2_ctrl,16,37,17.233333333333334,-1.7976231575012207,-1.142588503683359
UBFC_PHYS_s13_T2_ctrl,16,38,17.266666666666666,-1.6806249618530273,-0.996561690708124
UBFC_PHYS_s13_T2_ctrl,16,39,17.3,-1.5183018445968628,-0.7526866350378967
UBFC_PHYS_s13_T2_ctrl,16,40,17.333333333333332,-1.380616545677185,-0.43858115224940175
UBFC_PHYS_s13_T2_ctrl,16,41,17.366666666666667,-1.2460485696792603,-0.0953847728775217
UBFC_PHYS_s13_T2_ctrl,16,42,17.4,-1.022969126701355,0.2267409988450104
UBFC_PHYS_s13_T2_ctrl,16,43,17.433333333333334,-0.6889744400978088,0.47757094375089704
UBFC_PHYS_s13_T2_ctrl,16,44,17.466666666666665,-0.328829288482666,0.6181848369104931
UBFC_PHYS_s13_T2_ctrl,16,45,17.5,-0.01730761118233204,0.6306078386064894
UBFC_PHYS_s13_T2_ctrl,16,46,17.533333333333335,0.2303142100572586,0.5220577858986121
UBFC_PHYS_s13_T2_ctrl,16,47,17.566666666666666,0.4034521281719208,0.32252109214508107
UBFC_PHYS_s13_T2_ctrl,16,48,17.6,0.4914099872112274,0.07687934966536333
UBFC_PHYS_s13_T2_ctrl,16,49,17.633333333333333,0.4939340651035309,-0.16571506273898232
UBFC_PHYS_s13_T2_ctrl,16,50,17.666666666666668,0.3921167552471161,-0.362287330128451
UBFC_PHYS_s13_T2_ctrl,16,51,17.7,0.19357970356941223,-0.48383197299702757
UBFC_PHYS_s13_T2_ctrl,16,52,17.733333333333334,-0.018174240365624428,-0.5186195942804965
UBFC_PHYS_s13_T2_ctrl,16,53,17.766666666666666,-0.15204694867134094,-0.47043951352417473
UBFC_PHYS_s13_T2_ctrl,16,54,17.8,-0.18954263627529144,-0.3531845885136708
UBFC_PHYS_s13_T2_ctrl,16,55,17.833333333333332,-0.16908295452594757,-0.18473983504786687
UBFC_PHYS_s13_T2_ctrl,16,56,17.866666666666667,-0.14588497579097748,0.016958223419002928
UBFC_PHYS_s13_T2_ctrl,16,57,17.9,-0.1509002298116684,0.23451321855340446
UBFC_PHYS_s13_T2_ctrl,16,58,17.933333333333334,-0.151967853307724,0.44940627139947126
UBFC_PHYS_s13_T2_ctrl,16,59,17.966666666666665,-0.08963320404291153,0.6407171408178531
UBFC_PHYS_s13_T2_ctrl,16,60,18.0,0.045119307935237885,0.7866862232016646
UBFC_PHYS_s13_T2_ctrl,16,61,18.033333333333335,0.20076316595077515,0.8695247466415696
UBFC_PHYS_s13_T2_ctrl,16,62,18.066666666666666,0.3259498178958893,0.8810746516704228
UBFC_PHYS_s13_T2_ctrl,16,63,18.1,0.4058707654476166,0.8256684114629123
UBFC_PHYS_s13_T2_ctrl,16,64,18.133333333333333,0.44774243235588074,0.718166851739669
UBFC_PHYS_s13_T2_ctrl,16,65,18.166666666666668,0.46777376532554626,0.5781645312018424
UBFC_PHYS_s13_T2_ctrl,16,66,18.2,0.4866847097873688,0.42336846705504555
UBFC_PHYS_s13_T2_ctrl,16,67,18.233333333333334,0.5155372023582458,0.2651673075063618
UBFC_PHYS_s13_T2_ctrl,16,68,18.266666666666666,0.5384814143180847,0.10780904418450643
UBFC_PHYS_s13_T2_ctrl,16,69,18.3,0.528796911239624,-0.04929385323125438
UBFC_PHYS_s13_T2_ctrl,16,70,18.333333333333332,0.4866220951080322,-0.20763744548159793
UBFC_PHYS_s13_T2_ctrl,16,71,18.366666666666667,0.43372809886932373,-0.3656339820356358
UBFC_PHYS_s13_T2_ctrl,16,72,18.4,0.37872520089149475,-0.5157054484925113
UBFC_PHYS_s13_T2_ctrl,16,73,18.433333333333334,0.3060733675956726,-0.6432066417995895
UBFC_PHYS_s13_T2_ctrl,16,74,18.466666666666665,0.20589374005794525,-0.7276848840904548
UBFC_PHYS_s13_T2_ctrl,16,75,18.5,0.10635996609926224,-0.7467485037879235
UBFC_PHYS_s13_T2_ctrl,16,76,18.533333333333335,0.05886673927307129,-0.6822939758553838
UBFC_PHYS_s13_T2_ctrl,16,77,18.566666666666666,0.07235385477542877,-0.5279128308607807
UBFC_PHYS_s13_T2_ctrl,16,78,18.6,0.11142133921384811,-0.2951979819183429
UBFC_PHYS_s13_T2_ctrl,16,79,18.633333333333333,0.1425343006849289,-0.016018082524995907
UBFC_PHYS_s13_T2_ctrl,16,80,18.666666666666668,0.15059757232666016,0.26159536647469006
UBFC_PHYS_s13_T2_ctrl,16,81,18.7,0.12938328087329865,0.48394484652101977
UBFC_PHYS_s13_T2_ctrl,16,82,18.733333333333334,0.08942610770463943,0.6051411314723866
UBFC_PHYS_s13_T2_ctrl,16,83,18.766666666666666,0.05549907684326172,0.5983124123480321
UBFC_PHYS_s13_T2_ctrl,16,84,18.8,0.03262403607368469,0.4607916098618925
UBFC_PHYS_s13_T2_ctrl,16,85,18.833333333333332,-0.0007329266518354416,0.2127779127673421
UBFC_PHYS_s13_T2_ctrl,16,86,18.866666666666667,-0.052895400673151016,-0.10856645070048354
UBFC_PHYS_s13_T2_ctrl,16,87,18.9,-0.09660907089710236,-0.4568584907379531
UBFC_PHYS_s13_T2_ctrl,16,88,18.933333333333334,-0.09966368973255157,-0.7839144841567386
UBFC_PHYS_s13_T2_ctrl,16,89,18.966666666666665,-0.06996765732765198,-1.0457802191193228
UBFC_PHYS_s13_T2_ctrl,16,90,19.0,-0.055218495428562164,-1.2072196039598877
UBFC_PHYS_s13_T2_ctrl,16,91,19.033333333333335,-0.09299427270889282,-1.2450383967943275
UBFC_PHYS_s13_T2_ctrl,16,92,19.066666666666666,-0.15280812978744507,-1.1507408765737375
UBFC_PHYS_s13_T2_ctrl,16,93,19.1,-0.15863068401813507,-0.9325258646088729
UBFC_PHYS_s13_T2_ctrl,16,94,19.133333333333333,-0.06417475640773773,-0.6156353091086706
UBFC_PHYS_s13_T2_ctrl,16,95,19.166666666666668,0.10075818002223969,-0.23939647780803622
UBFC_PHYS_s13_T2_ctrl,16,96,19.2,0.2718629539012909,0.15009971054734655
UBFC_PHYS_s13_T2_ctrl,16,97,19.233333333333334,0.41218429803848267,0.5104729784066019
UBFC_PHYS_s13_T2_ctrl,16,98,19.266666666666666,0.5182029604911804,0.812569374991431
UBFC_PHYS_s13_T2_ctrl,16,99,19.3,0.587506890296936,1.044129107006408
UBFC_PHYS_s13_T2_ctrl,16,100,19.333333333333332,0.600980818271637,1.2056697955063476
UBFC_PHYS_s13_T2_ctrl,16,101,19.366666666666667,0.5400664210319519,1.3013012449338641
UBFC_PHYS_s13_T2_ctrl,16,102,19.4,0.41012153029441833,1.3302002007852887
UBFC_PHYS_s13_T2_ctrl,16,103,19.433333333333334,0.23602144420146942,1.2840327934021156
UBFC_PHYS_s13_T2_ctrl,16,104,19.466666666666665,0.04773566871881485,1.152022248409694
UBFC_PHYS_s13_T2_ctrl,16,105,19.5,-0.12313186377286911,0.9308887909205623
UBFC_PHYS_s13_T2_ctrl,16,106,19.533333333333335,-0.25167298316955566,0.6341512294346316
UBFC_PHYS_s13_T2_ctrl,16,107,19.566666666666666,-0.33443108201026917,0.2955296846828056
UBFC_PHYS_s13_T2_ctrl,16,108,19.6,-0.37372922897338867,-0.035952225745908374
UBFC_PHYS_s13_T2_ctrl,16,109,19.633333333333333,-0.37127432227134705,-0.3078517531692715
UBFC_PHYS_s13_T2_ctrl,16,110,19.666666666666668,-0.3336600065231323,-0.479109436245484
UBFC_PHYS_s13_T2_ctrl,16,111,19.7,-0.26265576481819153,-0.5325477989337477
UBFC_PHYS_s13_T2_ctrl,16,112,19.733333333333334,-0.14939762651920319,-0.4803551272854836
UBFC_PHYS_s13_T2_ctrl,16,113,19.766666666666666,-0.0005945296725258231,-0.3602239132070878
UBFC_PHYS_s13_T2_ctrl,16,114,19.8,0.14594149589538574,-0.22354823928818718
UBFC_PHYS_s13_T2_ctrl,16,115,19.833333333333332,0.25785520672798157,-0.12023501995042427
UBFC_PHYS_s13_T2_ctrl,16,116,19.866666666666667,0.3242758810520172,-0.08548550584860168
UBFC_PHYS_s13_T2_ctrl,16,117,19.9,0.3450848460197449,-0.13233370118335339
UBFC_PHYS_s13_T2_ctrl,16,118,19.933333333333334,0.34020471572875977,-0.25100543042272794
UBFC_PHYS_s13_T2_ctrl,16,119,19.966666666666665,0.34637653827667236,-0.4138548271019057
UBFC_PHYS_s13_T2_ctrl,16,120,20.0,0.37702488899230957,-0.5836732686024441
UBFC_PHYS_s13_T2_ctrl,16,121,20.033333333333335,0.41069158911705017,-0.7231509182042862
UBFC_PHYS_s13_T2_ctrl,16,122,20.066666666666666,0.4286107122898102,-0.8034291436276279
UBFC_PHYS_s13_T2_ctrl,16,123,20.1,0.4373461902141571,-0.809906815447811
UBFC_PHYS_s13_T2_ctrl,16,124,20.133333333333333,0.45685356855392456,-0.7440303007482545
UBFC_PHYS_s13_T2_ctrl,16,125,20.166666666666668,0.4761269986629486,-0.6208567018203478
UBFC_PHYS_s13_T2_ctrl,16,126,20.2,0.42460379004478455,-0.46351686241353146
UBFC_PHYS_s13_T2_ctrl,16,127,20.233333333333334,0.23777776956558228,-0.2966308910162951
UBFC_PHYS_s13_T2_ctrl,16,128,20.266666666666666,-0.06006568297743797,-0.1406870045275674
UBFC_PHYS_s13_T2_ctrl,16,129,20.3,-0.37728801369667053,-0.008538609202427426
UBFC_PHYS_s13_T2_ctrl,16,130,20.333333333333332,-0.6214433312416077,0.0958668220712166
UBFC_PHYS_s13_T2_ctrl,16,131,20.366666666666667,-0.7238208055496216,0.17693222565116412
UBFC_PHYS_s13_T2_ctrl,16,132,20.4,-0.6865162253379822,0.24525625381949395
UBFC_PHYS_s13_T2_ctrl,16,133,20.433333333333334,-0.5913980007171631,0.31397638850155885
UBFC_PHYS_s13_T2_ctrl,16,134,20.466666666666665,-0.5111969709396362,0.39424829357313346
UBFC_PHYS_s13_T2_ctrl,16,135,20.5,-0.4483647346496582,0.49124225350203865
UBFC_PHYS_s13_T2_ctrl,16,136,20.533333333333335,-0.3716565668582916,0.6021731341686916
UBFC_PHYS_s13_T2_ctrl,16,137,20.566666666666666,-0.266300231218338,0.7171849772940587
UBFC_PHYS_s13_T2_ctrl,16,138,20.6,-0.13777227699756622,0.8226758695114829
UBFC_PHYS_s13_T2_ctrl,16,139,20.633333333333333,-0.004182965494692326,0.9054302560680161
UBFC_PHYS_s13_T2_ctrl,16,140,20.666666666666668,0.10761212557554245,0.9554345011235734
UBFC_PHYS_s13_T2_ctrl,16,141,20.7,0.1754496991634369,0.9661522859665868
UBFC_PHYS_s13_T2_ctrl,16,142,20.733333333333334,0.19833792746067047,0.9330596466414519
UBFC_PHYS_s13_T2_ctrl,16,143,20.766666666666666,0.19274932146072388,0.8526328165490554
UBFC_PHYS_s13_T2_ctrl,16,144,20.8,0.17029936611652374,0.7233674926959732
UBFC_PHYS_s13_T2_ctrl,16,145,20.833333333333332,0.13293547928333282,0.5485080726461338
UBFC_PHYS_s13_T2_ctrl,16,146,20.866666666666667,0.09064861387014389,0.33859428991992047
UBFC_PHYS_s13_T2_ctrl,16,147,20.9,0.07266030460596085,0.11165497072535678
UBFC_PHYS_s13_T2_ctrl,16,148,20.933333333333334,0.11568528413772583,-0.11004367173275169
UBFC_PHYS_s13_T2_ctrl,16,149,20.966666666666665,0.23046909272670746,-0.3061109367888853
UBFC_PHYS_s13_T2_ctrl,16,150,21.0,0.3801882565021515,-0.4650412375723314
UBFC_PHYS_s13_T2_ctrl,16,151,21.033333333333335,0.5133228302001953,-0.5894209706543264
UBFC_PHYS_s13_T2_ctrl,16,152,21.066666666666666,0.6141351461410522,-0.6967041792824441
UBFC_PHYS_s13_T2_ctrl,16,153,21.1,0.6845231652259827,-0.8141603352303455
UBFC_PHYS_s13_T2_ctrl,16,154,21.133333333333333,0.7207008004188538,-0.9688624939161873
UBFC_PHYS_s13_T2_ctrl,16,155,21.166666666666668,0.7371864914894104,-1.1757191692861908
UBFC_PHYS_s13_T2_ctrl,16,156,21.2,0.7654557228088379,-1.4274372599553853
UBFC_PHYS_s13_T2_ctrl,16,157,21.233333333333334,0.8067771196365356,-1.6899304695831432
UBFC_PHYS_s13_T2_ctrl,16,158,21.266666666666666,0.8151831030845642,-1.9055418774809636
UBFC_PHYS_s13_T2_ctrl,16,159,21.3,0.7389526963233948,-2.004767840219925
UBFC_PHYS_s13_T2_ctrl,16,160,21.333333333333332,0.5850651860237122,-1.9249094309060448
UBFC_PHYS_s13_T2_ctrl,16,161,21.366666666666667,0.43745163083076477,-1.6310927168849125
UBFC_PHYS_s13_T2_ctrl,16,162,21.4,0.3923177421092987,-1.1322594769001564
UBFC_PHYS_s13_T2_ctrl,16,163,21.433333333333334,0.4707361161708832,-0.4845594850036014
UBFC_PHYS_s13_T2_ctrl,16,164,21.466666666666665,0.621671199798584,0.2212299747751872
UBFC_PHYS_s13_T2_ctrl,16,165,21.5,0.7810946106910706,0.8845603992853547
UBFC_PHYS_s13_T2_ctrl,16,166,21.533333333333335,0.9034605622291565,1.4223682441117
UBFC_PHYS_s13_T2_ctrl,16,167,21.566666666666666,0.9779511094093323,1.7878174654985826
UBFC_PHYS_s13_T2_ctrl,16,168,21.6,1.0220338106155396,1.974880731331971
UBFC_PHYS_s13_T2_ctrl,16,169,21.633333333333333,1.0499471426010132,2.010247587969925
UBFC_PHYS_s13_T2_ctrl,16,170,21.666666666666668,1.0489751100540161,1.9380906637890838
UBFC_PHYS_s13_T2_ctrl,16,171,21.7,0.9948388338088989,1.8038016594752837
UBFC_PHYS_s13_T2_ctrl,16,172,21.733333333333334,0.8788984417915344,1.6416905762508025
UBFC_PHYS_s13_T2_ctrl,16,173,21.766666666666666,0.7117609977722168,1.4695086579415628
UBFC_PHYS_s13_T2_ctrl,16,174,21.8,0.512416660785675,1.2898812902163488
UBFC_PHYS_s13_T2_ctrl,16,175,21.833333333333332,0.30377334356307983,1.0964466344401147
UBFC_PHYS_s13_T2_ctrl,16,176,21.866666666666667,0.1156160831451416,0.8815983702697364
UBFC_PHYS_s13_T2_ctrl,16,177,21.9,-0.022388756275177002,0.6430196731679415
UBFC_PHYS_s13_T2_ctrl,16,178,21.933333333333334,-0.09657282382249832,0.3870392258406554
UBFC_PHYS_s13_T2_ctrl,16,179,21.966666666666665,-0.11736532300710678,0.12796385853143843
UBFC_PHYS_s13_T2_ctrl,16,180,22.0,-0.11186239123344421,-0.11617806224504221
UBFC_PHYS_s13_T2_ctrl,16,181,22.033333333333335,-0.10870891809463501,-0.3299114741269371
UBFC_PHYS_s13_T2_ctrl,16,182,22.066666666666666,-0.1219126507639885,-0.5063653300410154
UBFC_PHYS_s13_T2_ctrl,16,183,22.1,-0.14718328416347504,-0.6508197115497697
UBFC_PHYS_s13_T2_ctrl,16,184,22.133333333333333,-0.17011433839797974,-0.7800833621831671
UBFC_PHYS_s13_T2_ctrl,16,185,22.166666666666668,-0.178128182888031,-0.9171706306287264
UBFC_PHYS_s13_T2_ctrl,16,186,22.2,-0.16603492200374603,-1.082200043196208
UBFC_PHYS_s13_T2_ctrl,16,187,22.233333333333334,-0.13827644288539886,-1.2819803888998658
UBFC_PHYS_s13_T2_ctrl,16,188,22.266666666666666,-0.11143072694540024,-1.5019480343744303
UBFC_PHYS_s13_T2_ctrl,16,189,22.3,-0.10606949031352997,-1.7042493150531934
UBFC_PHYS_s13_T2_ctrl,16,190,22.333333333333332,-0.12530666589736938,-1.8343264361167493
UBFC_PHYS_s13_T2_ctrl,16,191,22.366666666666667,-0.15376043319702148,-1.8356091516102326
UBFC_PHYS_s13_T2_ctrl,16,192,22.4,-0.182247132062912,-1.668649386766967
UBFC_PHYS_s13_T2_ctrl,16,193,22.433333333333334,-0.22354215383529663,-1.3283103967358942
UBFC_PHYS_s13_T2_ctrl,16,194,22.466666666666665,-0.2931163012981415,-0.8517211410906627
UBFC_PHYS_s13_T2_ctrl,16,195,22.5,-0.3888046145439148,-0.3119516351034701
UBFC_PHYS_s13_T2_ctrl,16,196,22.533333333333335,-0.5009061694145203,0.20216998713379972
UBFC_PHYS_s13_T2_ctrl,16,197,22.566666666666666,-0.6252261400222778,0.613148077514871
UBFC_PHYS_s13_T2_ctrl,16,198,22.6,-0.7671127319335938,0.8776859074970045
UBFC_PHYS_s13_T2_ctrl,16,199,22.633333333333333,-0.9415027499198914,0.995504391620909
UBFC_PHYS_s13_T2_ctrl,16,200,22.666666666666668,-1.1294095516204834,1.0013190487992187
UBFC_PHYS_s13_T2_ctrl,16,201,22.7,-1.240618109703064,0.9455404095266667
UBFC_PHYS_s13_T2_ctrl,16,202,22.733333333333334,-1.20822012424469,0.8737523022850667
UBFC_PHYS_s13_T2_ctrl,16,203,22.766666666666666,-1.09414803981781,0.8137252202423408
UBFC_PHYS_s13_T2_ctrl,16,204,22.8,-1.0067569017410278,0.7731788535842582
UBFC_PHYS_s13_T2_ctrl,16,205,22.833333333333332,-0.9571548104286194,0.7457006022374381
UBFC_PHYS_s13_T2_ctrl,16,206,22.866666666666667,-0.8974101543426514,0.7195727278941746
UBFC_PHYS_s13_T2_ctrl,16,207,22.9,-0.8118445873260498,0.6849505044643405
UBFC_PHYS_s13_T2_ctrl,16,208,22.933333333333334,-0.7409589886665344,0.6371520748410237
UBFC_PHYS_s13_T2_ctrl,16,209,22.966666666666665,-0.7434929609298706,0.5761101830434262
UBFC_PHYS_s13_T2_ctrl,16,210,23.0,-0.7977182269096375,0.503422598764061
UBFC_PHYS_s13_T2_ctrl,16,211,23.033333333333335,-0.7503304481506348,0.41913425473699456
UBFC_PHYS_s13_T2_ctrl,16,212,23.066666666666666,-0.5065376162528992,0.3205906287878175
UBFC_PHYS_s13_T2_ctrl,16,213,23.1,-0.1929333657026291,0.20459298661372993
UBFC_PHYS_s13_T2_ctrl,16,214,23.133333333333333,-0.021116822957992554,0.07157922161161717
UBFC_PHYS_s13_T2_ctrl,16,215,23.166666666666668,-0.05645418167114258,-0.0711689172770352
UBFC_PHYS_s13_T2_ctrl,16,216,23.2,-0.21394993364810944,-0.20947181324605024
UBFC_PHYS_s13_T2_ctrl,16,217,23.233333333333334,-0.4030133783817291,-0.3253834034594772
UBFC_PHYS_s13_T2_ctrl,16,218,23.266666666666666,-0.5916385650634766,-0.40210687711718196
UBFC_PHYS_s13_T2_ctrl,16,219,23.3,-0.7658572793006897,-0.4290045724687448
UBFC_PHYS_s13_T2_ctrl,16,220,23.333333333333332,-0.8519071936607361,-0.40532573098856506
UBFC_PHYS_s13_T2_ctrl,16,221,23.366666666666667,-0.7453151941299438,-0.3417076473672379
UBFC_PHYS_s13_T2_ctrl,16,222,23.4,-0.4871455430984497,-0.25886668810372837
UBFC_PHYS_s13_T2_ctrl,16,223,23.433333333333334,-0.2453693300485611,-0.18335419348679863
UBFC_PHYS_s13_T2_ctrl,16,224,23.466666666666665,-0.04986714571714401,-0.14097888539150868
UBFC_PHYS_s13_T2_ctrl,16,225,23.5,0.16661207377910614,-0.1492951173375479
UBFC_PHYS_s13_T2_ctrl,16,226,23.533333333333335,0.2680175006389618,-0.21112316859896824
UBFC_PHYS_s13_T2_ctrl,16,227,23.566666666666666,0.10346351563930511,-0.31131152095420195
UBFC_PHYS_s13_T2_ctrl,16,228,23.6,-0.17078985273838043,-0.41868491548391573
UBFC_PHYS_s13_T2_ctrl,16,229,23.633333333333333,-0.31817930936813354,-0.49385421314825106
UBFC_PHYS_s13_T2_ctrl,16,230,23.666666666666668,-0.3318806290626526,-0.5012807739623292
UBFC_PHYS_s13_T2_ctrl,16,231,23.7,-0.33067789673805237,-0.4217946195355537
UBFC_PHYS_s13_T2_ctrl,16,232,23.733333333333334,-0.3796868920326233,-0.2609634992306218
UBFC_PHYS_s13_T2_ctrl,16,233,23.766666666666666,-0.5305395722389221,-0.049751122836624334
UBFC_PHYS_s13_T2_ctrl,16,234,23.8,-0.835797131061554,0.16352214354757982
UBFC_PHYS_s13_T2_ctrl,16,235,23.833333333333332,-1.221031665802002,0.3275855415020921
UBFC_PHYS_s13_T2_ctrl,16,236,23.866666666666667,-1.4995061159133911,0.40390224320337287
UBFC_PHYS_s13_T2_ctrl,16,237,23.9,-1.5814602375030518,0.3779919873572561
UBFC_PHYS_s13_T2_ctrl,16,238,23.933333333333334,-1.57889986038208,0.2629523812335905
UBFC_PHYS_s13_T2_ctrl,16,239,23.966666666666665,-1.6402987241744995,0.09500920983133877
UBFC_PHYS_s13_T2_ctrl,17,0,17.0,-0.12347785383462906,0.11463874118079849
UBFC_PHYS_s13_T2_ctrl,17,1,17.033333333333335,-0.44086164236068726,-0.24001063847871743
UBFC_PHYS_s13_T2_ctrl,17,2,17.066666666666666,-0.8624221086502075,-0.5967398325682195
UBFC_PHYS_s13_T2_ctrl,17,3,17.1,-1.2564053535461426,-0.9452299864745274
UBFC_PHYS_s13_T2_ctrl,17,4,17.133333333333333,-1.5382407903671265,-1.2618322095600685
UBFC_PHYS_s13_T2_ctrl,17,5,17.166666666666668,-1.7153724431991577,-1.5104515212052358
UBFC_PHYS_s13_T2_ctrl,17,6,17.2,-1.8076404333114624,-1.649086500843027
UBFC_PHYS_s13_T2_ctrl,17,7,17.233333333333334,-1.7976231575012207,-1.640883651376409
UBFC_PHYS_s13_T2_ctrl,17,8,17.266666666666666,-1.6806249618530273,-1.466771317144062
UBFC_PHYS_s13_T2_ctrl,17,9,17.3,-1.5183018445968628,-1.1354509837862217
UBFC_PHYS_s13_T2_ctrl,17,10,17.333333333333332,-1.380616545677185,-0.6870516307099384
UBFC_PHYS_s13_T2_ctrl,17,11,17.366666666666667,-1.2460485696792603,-0.18858164817623238
UBFC_PHYS_s13_T2_ctrl,17,12,17.4,-1.022969126701355,0.2785939660115995
UBFC_PHYS_s13_T2_ctrl,17,13,17.433333333333334,-0.6889744400978088,0.6368011480805779
UBFC_PHYS_s13_T2_ctrl,17,14,17.466666666666665,-0.328829288482666,0.8309588615518748
UBFC_PHYS_s13_T2_ctrl,17,15,17.5,-0.01730761118233204,0.842484361688313
UBFC_PHYS_s13_T2_ctrl,17,16,17.533333333333335,0.2303142100572586,0.6932623841986993
UBFC_PHYS_s13_T2_ctrl,17,17,17.566666666666666,0.4034521281719208,0.4377866630225147
UBFC_PHYS_s13_T2_ctrl,17,18,17.6,0.4914099872112274,0.14580198008328507
UBFC_PHYS_s13_T2_ctrl,17,19,17.633333333333333,0.4939340651035309,-0.11850702755540378
UBFC_PHYS_s13_T2_ctrl,17,20,17.666666666666668,0.3921167552471161,-0.31317315087022557
UBFC_PHYS_s13_T2_ctrl,17,21,17.7,0.19357970356941223,-0.4247931181641905
UBFC_PHYS_s13_T2_ctrl,17,22,17.733333333333334,-0.018174240365624428,-0.4626433291706916
UBFC_PHYS_s13_T2_ctrl,17,23,17.766666666666666,-0.15204694867134094,-0.4443113046405465
UBFC_PHYS_s13_T2_ctrl,17,24,17.8,-0.18954263627529144,-0.3811627854502781
UBFC_PHYS_s13_T2_ctrl,17,25,17.833333333333332,-0.16908295452594757,-0.2721830104545001
UBFC_PHYS_s13_T2_ctrl,17,26,17.866666666666667,-0.14588497579097748,-0.10951696868044203
UBFC_PHYS_s13_T2_ctrl,17,27,17.9,-0.1509002298116684,0.108253872313624
UBFC_PHYS_s13_T2_ctrl,17,28,17.933333333333334,-0.151967853307724,0.3637788848347616
UBFC_PHYS_s13_T2_ctrl,17,29,17.966666666666665,-0.08963320404291153,0.618055516436031
UBFC_PHYS_s13_T2_ctrl,17,30,18.0,0.045119307935237885,0.8206041951755391
UBFC_PHYS_s13_T2_ctrl,17,31,18.033333333333335,0.20076316595077515,0.9287438213344771
UBFC_PHYS_s13_T2_ctrl,17,32,18.066666666666666,0.3259498178958893,0.925671210414338
UBFC_PHYS_s13_T2_ctrl,17,33,18.1,0.4058707654476166,0.8269256572607473
UBFC_PHYS_s13_T2_ctrl,17,34,18.133333333333333,0.44774243235588074,0.6721530678875008
UBFC_PHYS_s13_T2_ctrl,17,35,18.166666666666668,0.46777376532554626,0.5078042366064219
UBFC_PHYS_s13_T2_ctrl,17,36,18.2,0.4866847097873688,0.369848805981851
UBFC_PHYS_s13_T2_ctrl,17,37,18.233333333333334,0.5155372023582458,0.2733805869581338
UBFC_PHYS_s13_T2_ctrl,17,38,18.266666666666666,0.5384814143180847,0.21140089477842144
UBFC_PHYS_s13_T2_ctrl,17,39,18.3,0.528796911239624,0.16107291097795892
UBFC_PHYS_s13_T2_ctrl,17,40,18.333333333333332,0.4866220951080322,0.09390674832492352
UBFC_PHYS_s13_T2_ctrl,17,41,18.366666666666667,0.43372809886932373,-0.013609107016176064
UBFC_PHYS_s13_T2_ctrl,17,42,18.4,0.37872520089149475,-0.17156144698662504
UBFC_PHYS_s13_T2_ctrl,17,43,18.433333333333334,0.3060733675956726,-0.372008133677862
UBFC_PHYS_s13_T2_ctrl,17,44,18.466666666666665,0.20589374005794525,-0.5890074054982416
UBFC_PHYS_s13_T2_ctrl,17,45,18.5,0.10635996609926224,-0.783334837362118
UBFC_PHYS_s13_T2_ctrl,17,46,18.533333333333335,0.05886673927307129,-0.9112161228983131
UBFC_PHYS_s13_T2_ctrl,17,47,18.566666666666666,0.07235385477542877,-0.9355726991910438
UBFC_PHYS_s13_T2_ctrl,17,48,18.6,0.11142133921384811,-0.8373493850016679
UBFC_PHYS_s13_T2_ctrl,17,49,18.633333333333333,0.1425343006849289,-0.6236666149833919
UBFC_PHYS_s13_T2_ctrl,17,50,18.666666666666668,0.15059757232666016,-0.32943210402349354
UBFC_PHYS_s13_T2_ctrl,17,51,18.7,0.12938328087329865,-0.010678790441047002
UBFC_PHYS_s13_T2_ctrl,17,52,18.733333333333334,0.08942610770463943,0.2687714834206688
UBFC_PHYS_s13_T2_ctrl,17,53,18.766666666666666,0.05549907684326172,0.45288224280149253
UBFC_PHYS_s13_T2_ctrl,17,54,18.8,0.03262403607368469,0.5064230820035224
UBFC_PHYS_s13_T2_ctrl,17,55,18.833333333333332,-0.0007329266518354416,0.4222311350376061
UBFC_PHYS_s13_T2_ctrl,17,56,18.866666666666667,-0.052895400673151016,0.22151697151238506
UBFC_PHYS_s13_T2_ctrl,17,57,18.9,-0.09660907089710236,-0.05220076347740083
UBFC_PHYS_s13_T2_ctrl,17,58,18.933333333333334,-0.09966368973255157,-0.34353898197884536
UBFC_PHYS_s13_T2_ctrl,17,59,18.966666666666665,-0.06996765732765198,-0.5972872046244633
UBFC_PHYS_s13_T2_ctrl,17,60,19.0,-0.055218495428562164,-0.7691967856037536
UBFC_PHYS_s13_T2_ctrl,17,61,19.033333333333335,-0.09299427270889282,-0.8331185486017773
UBFC_PHYS_s13_T2_ctrl,17,62,19.066666666666666,-0.15280812978744507,-0.7829003011488692
UBFC_PHYS_s13_T2_ctrl,17,63,19.1,-0.15863068401813507,-0.6290108909818374
UBFC_PHYS_s13_T2_ctrl,17,64,19.133333333333333,-0.06417475640773773,-0.3920087441755318
UBFC_PHYS_s13_T2_ctrl,17,65,19.166666666666668,0.10075818002223969,-0.09626843903642252
UBFC_PHYS_s13_T2_ctrl,17,66,19.2,0.2718629539012909,0.23336519044869034
UBFC_PHYS_s13_T2_ctrl,17,67,19.233333333333334,0.41218429803848267,0.5714949761548505
UBFC_PHYS_s13_T2_ctrl,17,68,19.266666666666666,0.5182029604911804,0.8902818711466164
UBFC_PHYS_s13_T2_ctrl,17,69,19.3,0.587506890296936,1.1583454895980363
UBFC_PHYS_s13_T2_ctrl,17,70,19.333333333333332,0.600980818271637,1.3424792536406334
UBFC_PHYS_s13_T2_ctrl,17,71,19.366666666666667,0.5400664210319519,1.412436009380195
UBFC_PHYS_s13_T2_ctrl,17,72,19.4,0.41012153029441833,1.3471154272211894
UBFC_PHYS_s13_T2_ctrl,17,73,19.433333333333334,0.23602144420146942,1.139821739356641
UBFC_PHYS_s13_T2_ctrl,17,74,19.466666666666665,0.04773566871881485,0.8013333181931741
UBFC_PHYS_s13_T2_ctrl,17,75,19.5,-0.12313186377286911,0.3609040810402818
UBFC_PHYS_s13_T2_ctrl,17,76,19.533333333333335,-0.25167298316955566,-0.1345173971748977
UBFC_PHYS_s13_T2_ctrl,17,77,19.566666666666666,-0.33443108201026917,-0.6233935159399461
UBFC_PHYS_s13_T2_ctrl,17,78,19.6,-0.37372922897338867,-1.0362217545706647
UBFC_PHYS_s13_T2_ctrl,17,79,19.633333333333333,-0.37127432227134705,-1.3064058273048353
UBFC_PHYS_s13_T2_ctrl,17,80,19.666666666666668,-0.3336600065231323,-1.3843267845242564
UBFC_PHYS_s13_T2_ctrl,17,81,19.7,-0.26265576481819153,-1.2512684069335411
UBFC_PHYS_s13_T2_ctrl,17,82,19.733333333333334,-0.14939762651920319,-0.9283229520366247
UBFC_PHYS_s13_T2_ctrl,17,83,19.766666666666666,-0.0005945296725258231,-0.47574544604779695
UBFC_PHYS_s13_T2_ctrl,17,84,19.8,0.14594149589538574,0.019103548900978568
UBFC_PHYS_s13_T2_ctrl,17,85,19.833333333333332,0.25785520672798157,0.4625925310407431
UBFC_PHYS_s13_T2_ctrl,17,86,19.866666666666667,0.3242758810520172,0.7774079713023809
UBFC_PHYS_s13_T2_ctrl,17,87,19.9,0.3450848460197449,0.9188357287007933
UBFC_PHYS_s13_T2_ctrl,17,88,19.933333333333334,0.34020471572875977,0.8803283142602188
UBFC_PHYS_s13_T2_ctrl,17,89,19.966666666666665,0.34637653827667236,0.6891520453006429
UBFC_PHYS_s13_T2_ctrl,17,90,20.0,0.37702488899230957,0.39584544045306175
UBFC_PHYS_s13_T2_ctrl,17,91,20.033333333333335,0.41069158911705017,0.06142366201536778
UBFC_PHYS_s13_T2_ctrl,17,92,20.066666666666666,0.4286107122898102,-0.25483118183857983
UBFC_PHYS_s13_T2_ctrl,17,93,20.1,0.4373461902141571,-0.5053509252670428
UBFC_PHYS_s13_T2_ctrl,17,94,20.133333333333333,0.45685356855392456,-0.6611229343245957
UBFC_PHYS_s13_T2_ctrl,17,95,20.166666666666668,0.4761269986629486,-0.7148450662385768
UBFC_PHYS_s13_T2_ctrl,17,96,20.2,0.42460379004478455,-0.680152015380336
UBFC_PHYS_s13_T2_ctrl,17,97,20.233333333333334,0.23777776956558228,-0.586917550108559
UBFC_PHYS_s13_T2_ctrl,17,98,20.266666666666666,-0.06006568297743797,-0.4728987178295375
UBFC_PHYS_s13_T2_ctrl,17,99,20.3,-0.37728801369667053,-0.3727652495176539
UBFC_PHYS_s13_T2_ctrl,17,100,20.333333333333332,-0.6214433312416077,-0.3070003864092866
UBFC_PHYS_s13_T2_ctrl,17,101,20.366666666666667,-0.7238208055496216,-0.27442657678819465
UBFC_PHYS_s13_T2_ctrl,17,102,20.4,-0.6865162253379822,-0.2519910448522241
UBFC_PHYS_s13_T2_ctrl,17,103,20.433333333333334,-0.5913980007171631,-0.2032145229810679
UBFC_PHYS_s13_T2_ctrl,17,104,20.466666666666665,-0.5111969709396362,-0.0929125721070278
UBFC_PHYS_s13_T2_ctrl,17,105,20.5,-0.4483647346496582,0.09737375017373483
UBFC_PHYS_s13_T2_ctrl,17,106,20.533333333333335,-0.3716565668582916,0.3593746278593804
UBFC_PHYS_s13_T2_ctrl,17,107,20.566666666666666,-0.266300231218338,0.6576592283412149
UBFC_PHYS_s13_T2_ctrl,17,108,20.6,-0.13777227699756622,0.9394244559767272
UBFC_PHYS_s13_T2_ctrl,17,109,20.633333333333333,-0.004182965494692326,1.151030326448521
UBFC_PHYS_s13_T2_ctrl,17,110,20.666666666666668,0.10761212557554245,1.254467279109706
UBFC_PHYS_s13_T2_ctrl,17,111,20.7,0.1754496991634369,1.236865515366399
UBFC_PHYS_s13_T2_ctrl,17,112,20.733333333333334,0.19833792746067047,1.1101640920541054
UBFC_PHYS_s13_T2_ctrl,17,113,20.766666666666666,0.19274932146072388,0.9030858125414972
UBFC_PHYS_s13_T2_ctrl,17,114,20.8,0.17029936611652374,0.6501383705752053
UBFC_PHYS_s13_T2_ctrl,17,115,20.833333333333332,0.13293547928333282,0.38216200682078605
UBFC_PHYS_s13_T2_ctrl,17,116,20.866666666666667,0.09064861387014389,0.12127883079781666
UBFC_PHYS_s13_T2_ctrl,17,117,20.9,0.07266030460596085,-0.11917133132493793
UBFC_PHYS_s13_T2_ctrl,17,118,20.933333333333334,0.11568528413772583,-0.3313433183271884
UBFC_PHYS_s13_T2_ctrl,17,119,20.966666666666665,0.23046909272670746,-0.5091678875810319
UBFC_PHYS_s13_T2_ctrl,17,120,21.0,0.3801882565021515,-0.6468556038126256
UBFC_PHYS_s13_T2_ctrl,17,121,21.033333333333335,0.5133228302001953,-0.7405561476319769
UBFC_PHYS_s13_T2_ctrl,17,122,21.066666666666666,0.6141351461410522,-0.7918193858353165
UBFC_PHYS_s13_T2_ctrl,17,123,21.1,0.6845231652259827,-0.8101460846069175
UBFC_PHYS_s13_T2_ctrl,17,124,21.133333333333333,0.7207008004188538,-0.8123651645039971
UBFC_PHYS_s13_T2_ctrl,17,125,21.166666666666668,0.7371864914894104,-0.8181017107798336
UBFC_PHYS_s13_T2_ctrl,17,126,21.2,0.7654557228088379,-0.842199664693641
UBFC_PHYS_s13_T2_ctrl,17,127,21.233333333333334,0.8067771196365356,-0.8867106094706814
UBFC_PHYS_s13_T2_ctrl,17,128,21.266666666666666,0.8151831030845642,-0.9366590908895638
UBFC_PHYS_s13_T2_ctrl,17,129,21.3,0.7389526963233948,-0.9633114352755636
UBFC_PHYS_s13_T2_ctrl,17,130,21.333333333333332,0.5850651860237122,-0.935037336628719
UBFC_PHYS_s13_T2_ctrl,17,131,21.366666666666667,0.43745163083076477,-0.8311293396521965
UBFC_PHYS_s13_T2_ctrl,17,132,21.4,0.3923177421092987,-0.651426572122297
UBFC_PHYS_s13_T2_ctrl,17,133,21.433333333333334,0.4707361161708832,-0.4163386842243659
UBFC_PHYS_s13_T2_ctrl,17,134,21.466666666666665,0.621671199798584,-0.1573088773416037
UBFC_PHYS_s13_T2_ctrl,17,135,21.5,0.7810946106910706,0.096806092031788
UBFC_PHYS_s13_T2_ctrl,17,136,21.533333333333335,0.9034605622291565,0.33019338939029036
UBFC_PHYS_s13_T2_ctrl,17,137,21.566666666666666,0.9779511094093323,0.5425381999958996
UBFC_PHYS_s13_T2_ctrl,17,138,21.6,1.0220338106155396,0.7432806592253179
UBFC_PHYS_s13_T2_ctrl,17,139,21.633333333333333,1.0499471426010132,0.9415709568191878
UBFC_PHYS_s13_T2_ctrl,17,140,21.666666666666668,1.0489751100540161,1.1372650509527833
UBFC_PHYS_s13_T2_ctrl,17,141,21.7,0.9948388338088989,1.3170037027095254
UBFC_PHYS_s13_T2_ctrl,17,142,21.733333333333334,0.8788984417915344,1.4566021398018496
UBFC_PHYS_s13_T2_ctrl,17,143,21.766666666666666,0.7117609977722168,1.528169853738506
UBFC_PHYS_s13_T2_ctrl,17,144,21.8,0.512416660785675,1.508773128607519
UBFC_PHYS_s13_T2_ctrl,17,145,21.833333333333332,0.30377334356307983,1.3874680621504167
UBFC_PHYS_s13_T2_ctrl,17,146,21.866666666666667,0.1156160831451416,1.1688008947464215
UBFC_PHYS_s13_T2_ctrl,17,147,21.9,-0.022388756275177002,0.8724566823211753
UBFC_PHYS_s13_T2_ctrl,17,148,21.933333333333334,-0.09657282382249832,0.5297938142395072
UBFC_PHYS_s13_T2_ctrl,17,149,21.966666666666665,-0.11736532300710678,0.17835679286659428
UBFC_PHYS_s13_T2_ctrl,17,150,22.0,-0.11186239123344421,-0.1446202095907271
UBFC_PHYS_s13_T2_ctrl,17,151,22.033333333333335,-0.10870891809463501,-0.40890049606966966
UBFC_PHYS_s13_T2_ctrl,17,152,22.066666666666666,-0.1219126507639885,-0.5973178055880585
UBFC_PHYS_s13_T2_ctrl,17,153,22.1,-0.14718328416347504,-0.7100438805838472
UBFC_PHYS_s13_T2_ctrl,17,154,22.133333333333333,-0.17011433839797974,-0.7653112164699231
UBFC_PHYS_s13_T2_ctrl,17,155,22.166666666666668,-0.178128182888031,-0.7950132335658842
UBFC_PHYS_s13_T2_ctrl,17,156,22.2,-0.16603492200374603,-0.835062149675442
UBFC_PHYS_s13_T2_ctrl,17,157,22.233333333333334,-0.13827644288539886,-0.9125913845970501
UBFC_PHYS_s13_T2_ctrl,17,158,22.266666666666666,-0.11143072694540024,-1.033936073436328
UBFC_PHYS_s13_T2_ctrl,17,159,22.3,-0.10606949031352997,-1.1779384728010232
UBFC_PHYS_s13_T2_ctrl,17,160,22.333333333333332,-0.12530666589736938,-1.2980834429065142
UBFC_PHYS_s13_T2_ctrl,17,161,22.366666666666667,-0.15376043319702148,-1.3344290228125617
UBFC_PHYS_s13_T2_ctrl,17,162,22.4,-0.182247132062912,-1.2328987980925603
UBFC_PHYS_s13_T2_ctrl,17,163,22.433333333333334,-0.22354215383529663,-0.9661912213198214
UBFC_PHYS_s13_T2_ctrl,17,164,22.466666666666665,-0.2931163012981415,-0.5486216204250521
UBFC_PHYS_s13_T2_ctrl,17,165,22.5,-0.3888046145439148,-0.03810379892337933
UBFC_PHYS_s13_T2_ctrl,17,166,22.533333333333335,-0.5009061694145203,0.47723215609490693
UBFC_PHYS_s13_T2_ctrl,17,167,22.566666666666666,-0.6252261400222778,0.9038446228926087
UBFC_PHYS_s13_T2_ctrl,17,168,22.6,-0.7671127319335938,1.169395419256579
UBFC_PHYS_s13_T2_ctrl,17,169,22.633333333333333,-0.9415027499198914,1.2404913534192585
UBFC_PHYS_s13_T2_ctrl,17,170,22.666666666666668,-1.1294095516204834,1.1258242572150372
UBFC_PHYS_s13_T2_ctrl,17,171,22.7,-1.240618109703064,0.8664454269800279
UBFC_PHYS_s13_T2_ctrl,17,172,22.733333333333334,-1.20822012424469,0.5200388174611541
UBFC_PHYS_s13_T2_ctrl,17,173,22.766666666666666,-1.09414803981781,0.1467150921078839
UBFC_PHYS_s13_T2_ctrl,17,174,22.8,-1.0067569017410278,-0.1993052456678732
UBFC_PHYS_s13_T2_ctrl,17,175,22.833333333333332,-0.9571548104286194,-0.47216860239222674
UBFC_PHYS_s13_T2_ctrl,17,176,22.866666666666667,-0.8974101543426514,-0.6341411341595573
UBFC_PHYS_s13_T2_ctrl,17,177,22.9,-0.8118445873260498,-0.6564992378096246
UBFC_PHYS_s13_T2_ctrl,17,178,22.933333333333334,-0.7409589886665344,-0.524047989630851
UBFC_PHYS_s13_T2_ctrl,17,179,22.966666666666665,-0.7434929609298706,-0.24281449462941768
UBFC_PHYS_s13_T2_ctrl,17,180,23.0,-0.7977182269096375,0.15286613553640013
UBFC_PHYS_s13_T2_ctrl,17,181,23.033333333333335,-0.7503304481506348,0.5994086514444179
UBFC_PHYS_s13_T2_ctrl,17,182,23.066666666666666,-0.5065376162528992,1.0132896049576834
UBFC_PHYS_s13_T2_ctrl,17,183,23.1,-0.1929333657026291,1.3099889360158816
UBFC_PHYS_s13_T2_ctrl,17,184,23.133333333333333,-0.021116822957992554,1.4260780748457087
UBFC_PHYS_s13_T2_ctrl,17,185,23.166666666666668,-0.05645418167114258,1.3354515271893612
UBFC_PHYS_s13_T2_ctrl,17,186,23.2,-0.21394993364810944,1.053982122313602
UBFC_PHYS_s13_T2_ctrl,17,187,23.233333333333334,-0.4030133783817291,0.6328371999927634
UBFC_PHYS_s13_T2_ctrl,17,188,23.266666666666666,-0.5916385650634766,0.14472725927849547
UBFC_PHYS_s13_T2_ctrl,17,189,23.3,-0.7658572793006897,-0.3319944719763244
UBFC_PHYS_s13_T2_ctrl,17,190,23.333333333333332,-0.8519071936607361,-0.7280591234279292
UBFC_PHYS_s13_T2_ctrl,17,191,23.366666666666667,-0.7453151941299438,-0.9951368171995192
UBFC_PHYS_s13_T2_ctrl,17,192,23.4,-0.4871455430984497,-1.113398186611934
UBFC_PHYS_s13_T2_ctrl,17,193,23.433333333333334,-0.2453693300485611,-1.0932131252220822
UBFC_PHYS_s13_T2_ctrl,17,194,23.466666666666665,-0.04986714571714401,-0.9702306358156463
UBFC_PHYS_s13_T2_ctrl,17,195,23.5,0.16661207377910614,-0.794688801673081
UBFC_PHYS_s13_T2_ctrl,17,196,23.533333333333335,0.2680175006389618,-0.6173968834992304
UBFC_PHYS_s13_T2_ctrl,17,197,23.566666666666666,0.10346351563930511,-0.4761534294920227
UBFC_PHYS_s13_T2_ctrl,17,198,23.6,-0.17078985273838043,-0.38701196816079886
UBFC_PHYS_s13_T2_ctrl,17,199,23.633333333333333,-0.31817930936813354,-0.34366061417408883
UBFC_PHYS_s13_T2_ctrl,17,200,23.666666666666668,-0.3318806290626526,-0.32490575424210827
UBFC_PHYS_s13_T2_ctrl,17,201,23.7,-0.33067789673805237,-0.3065754930480163
UBFC_PHYS_s13_T2_ctrl,17,202,23.733333333333334,-0.3796868920326233,-0.27232381154161545
UBFC_PHYS_s13_T2_ctrl,17,203,23.766666666666666,-0.5305395722389221,-0.21877362245361862
UBFC_PHYS_s13_T2_ctrl,17,204,23.8,-0.835797131061554,-0.15360097674007375
UBFC_PHYS_s13_T2_ctrl,17,205,23.833333333333332,-1.221031665802002,-0.0886609466041487
UBFC_PHYS_s13_T2_ctrl,17,206,23.866666666666667,-1.4995061159133911,-0.032219031578415526
UBFC_PHYS_s13_T2_ctrl,17,207,23.9,-1.5814602375030518,0.01583813541209516
UBFC_PHYS_s13_T2_ctrl,17,208,23.933333333333334,-1.57889986038208,0.06381791047480329
UBFC_PHYS_s13_T2_ctrl,17,209,23.966666666666665,-1.6402987241744995,0.12358954188681183
UBFC_PHYS_s13_T2_ctrl,17,210,24.0,-1.782214879989624,0.20406161506196388
UBFC_PHYS_s13_T2_ctrl,17,211,24.033333333333335,-1.9117214679718018,0.30610356409891176
UBFC_PHYS_s13_T2_ctrl,17,212,24.066666666666666,-1.9197485446929932,0.42150377363219793
UBFC_PHYS_s13_T2_ctrl,17,213,24.1,-1.7535568475723267,0.5365167408869362
UBFC_PHYS_s13_T2_ctrl,17,214,24.133333333333333,-1.467282772064209,0.6380587266285885
UBFC_PHYS_s13_T2_ctrl,17,215,24.166666666666668,-1.1698412895202637,0.7190829079146204
UBFC_PHYS_s13_T2_ctrl,17,216,24.2,-0.9223446846008301,0.7801275137620856
UBFC_PHYS_s13_T2_ctrl,17,217,24.233333333333334,-0.7264602780342102,0.826253923068998
UBFC_PHYS_s13_T2_ctrl,17,218,24.266666666666666,-0.5653068423271179,0.8613402938589285
UBFC_PHYS_s13_T2_ctrl,17,219,24.3,-0.4221484065055847,0.8833159862592808
UBFC_PHYS_s13_T2_ctrl,17,220,24.333333333333332,-0.29583150148391724,0.8833373921413917
UBFC_PHYS_s13_T2_ctrl,17,221,24.366666666666667,-0.19319038093090057,0.8494350583750373
UBFC_PHYS_s13_T2_ctrl,17,222,24.4,-0.10582235455513,0.7722729285091097
UBFC_PHYS_s13_T2_ctrl,17,223,24.433333333333334,-0.016523361206054688,0.6493248380210496
UBFC_PHYS_s13_T2_ctrl,17,224,24.466666666666665,0.08062142133712769,0.4850327614495912
UBFC_PHYS_s13_T2_ctrl,17,225,24.5,0.183466836810112,0.2873655128574776
UBFC_PHYS_s13_T2_ctrl,17,226,24.533333333333335,0.29508399963378906,0.06360854350406261
UBFC_PHYS_s13_T2_ctrl,17,227,24.566666666666666,0.4255593717098236,-0.18150974924670274
UBFC_PHYS_s13_T2_ctrl,17,228,24.6,0.5680028200149536,-0.44429492458743064
UBFC_PHYS_s13_T2_ctrl,17,229,24.633333333333333,0.6665414571762085,-0.7185407547490197
UBFC_PHYS_s13_T2_ctrl,17,230,24.666666666666668,0.6580366492271423,-0.9922112707660365
UBFC_PHYS_s13_T2_ctrl,17,231,24.7,0.5565356612205505,-1.2460157072927314
UBFC_PHYS_s13_T2_ctrl,17,232,24.733333333333334,0.43280544877052307,-1.4545406555144833
UBFC_PHYS_s13_T2_ctrl,17,233,24.766666666666666,0.32706359028816223,-1.5897465320680157
UBFC_PHYS_s13_T2_ctrl,17,234,24.8,0.25896239280700684,-1.6260570307953228
UBFC_PHYS_s13_T2_ctrl,17,235,24.833333333333332,0.27120062708854675,-1.5459576715005965
UBFC_PHYS_s13_T2_ctrl,17,236,24.866666666666667,0.3803299367427826,-1.3448753898169514
UBFC_PHYS_s13_T2_ctrl,17,237,24.9,0.5393744111061096,-1.0340295587093815
UBFC_PHYS_s13_T2_ctrl,17,238,24.933333333333334,0.6875777840614319,-0.6401116345742773
UBFC_PHYS_s13_T2_ctrl,17,239,24.966666666666665,0.791240394115448,-0.2016748612960565
UBFC_PHYS_s13_T2_ctrl,18,0,18.0,0.045119307935237885,-0.06406948899532093
UBFC_PHYS_s13_T2_ctrl,18,1,18.033333333333335,0.20076316595077515,-0.15109314125669748
UBFC_PHYS_s13_T2_ctrl,18,2,18.066666666666666,0.3259498178958893,-0.24744168890274307
UBFC_PHYS_s13_T2_ctrl,18,3,18.1,0.4058707654476166,-0.35495584315366563
UBFC_PHYS_s13_T2_ctrl,18,4,18.133333333333333,0.44774243235588074,-0.4591107074533764
UBFC_PHYS_s13_T2_ctrl,18,5,18.166666666666668,0.46777376532554626,-0.5327174731361961
UBFC_PHYS_s13_T2_ctrl,18,6,18.2,0.4866847097873688,-0.5472722105572208
UBFC_PHYS_s13_T2_ctrl,18,7,18.233333333333334,0.5155372023582458,-0.48692179651216416
UBFC_PHYS_s13_T2_ctrl,18,8,18.266666666666666,0.5384814143180847,-0.3587852834129081
UBFC_PHYS_s13_T2_ctrl,18,9,18.3,0.528796911239624,-0.19468235798550754
UBFC_PHYS_s13_T2_ctrl,18,10,18.333333333333332,0.4866220951080322,-0.04241779026027482
UBFC_PHYS_s13_T2_ctrl,18,11,18.366666666666667,0.43372809886932373,0.051050784651807506
UBFC_PHYS_s13_T2_ctrl,18,12,18.4,0.37872520089149475,0.058235568461948675
UBFC_PHYS_s13_T2_ctrl,18,13,18.433333333333334,0.3060733675956726,-0.01635505230388196
UBFC_PHYS_s13_T2_ctrl,18,14,18.466666666666665,0.20589374005794525,-0.1354616246238932
UBFC_PHYS_s13_T2_ctrl,18,15,18.5,0.10635996609926224,-0.24108550998172282
UBFC_PHYS_s13_T2_ctrl,18,16,18.533333333333335,0.05886673927307129,-0.2754272081424392
UBFC_PHYS_s13_T2_ctrl,18,17,18.566666666666666,0.07235385477542877,-0.20335566447910822
UBFC_PHYS_s13_T2_ctrl,18,18,18.6,0.11142133921384811,-0.02769590982880382
UBFC_PHYS_s13_T2_ctrl,18,19,18.633333333333333,0.1425343006849289,0.2094783743990531
UBFC_PHYS_s13_T2_ctrl,18,20,18.666666666666668,0.15059757232666016,0.4410873993470172
UBFC_PHYS_s13_T2_ctrl,18,21,18.7,0.12938328087329865,0.5991590827387614
UBFC_PHYS_s13_T2_ctrl,18,22,18.733333333333334,0.08942610770463943,0.6374779343615191
UBFC_PHYS_s13_T2_ctrl,18,23,18.766666666666666,0.05549907684326172,0.5423251908751927
UBFC_PHYS_s13_T2_ctrl,18,24,18.8,0.03262403607368469,0.3292689388336528
UBFC_PHYS_s13_T2_ctrl,18,25,18.833333333333332,-0.0007329266518354416,0.03251089083514217
UBFC_PHYS_s13_T2_ctrl,18,26,18.866666666666667,-0.052895400673151016,-0.30520768147741584
UBFC_PHYS_s13_T2_ctrl,18,27,18.9,-0.09660907089710236,-0.6383627918982365
UBFC_PHYS_s13_T2_ctrl,18,28,18.933333333333334,-0.09966368973255157,-0.9210586579689287
UBFC_PHYS_s13_T2_ctrl,18,29,18.966666666666665,-0.06996765732765198,-1.109477298837886
UBFC_PHYS_s13_T2_ctrl,18,30,19.0,-0.055218495428562164,-1.1671691535786153
UBFC_PHYS_s13_T2_ctrl,18,31,19.033333333333335,-0.09299427270889282,-1.0732346674401747
UBFC_PHYS_s13_T2_ctrl,18,32,19.066666666666666,-0.15280812978744507,-0.8303184286431373
UBFC_PHYS_s13_T2_ctrl,18,33,19.1,-0.15863068401813507,-0.4679093525584449
UBFC_PHYS_s13_T2_ctrl,18,34,19.133333333333333,-0.06417475640773773,-0.03783069017036613
UBFC_PHYS_s13_T2_ctrl,18,35,19.166666666666668,0.10075818002223969,0.39775100429619825
UBFC_PHYS_s13_T2_ctrl,18,36,19.2,0.2718629539012909,0.7818444220611727
UBFC_PHYS_s13_T2_ctrl,18,37,19.233333333333334,0.41218429803848267,1.0757783152609166
UBFC_PHYS_s13_T2_ctrl,18,38,19.266666666666666,0.5182029604911804,1.2648641048026503
UBFC_PHYS_s13_T2_ctrl,18,39,19.3,0.587506890296936,1.3547284258607135
UBFC_PHYS_s13_T2_ctrl,18,40,19.333333333333332,0.600980818271637,1.3607208068448629
UBFC_PHYS_s13_T2_ctrl,18,41,19.366666666666667,0.5400664210319519,1.2958609081518029
UBFC_PHYS_s13_T2_ctrl,18,42,19.4,0.41012153029441833,1.1631175615102516
UBFC_PHYS_s13_T2_ctrl,18,43,19.433333333333334,0.23602144420146942,0.9556684584486393
UBFC_PHYS_s13_T2_ctrl,18,44,19.466666666666665,0.04773566871881485,0.6653422789624324
UBFC_PHYS_s13_T2_ctrl,18,45,19.5,-0.12313186377286911,0.2956791792935282
UBFC_PHYS_s13_T2_ctrl,18,46,19.533333333333335,-0.25167298316955566,-0.1268270965464643
UBFC_PHYS_s13_T2_ctrl,18,47,19.566666666666666,-0.33443108201026917,-0.5499592833821402
UBFC_PHYS_s13_T2_ctrl,18,48,19.6,-0.37372922897338867,-0.9048758879485587
UBFC_PHYS_s13_T2_ctrl,18,49,19.633333333333333,-0.37127432227134705,-1.1251691338549512
UBFC_PHYS_s13_T2_ctrl,18,50,19.666666666666668,-0.3336600065231323,-1.1691278189654302
UBFC_PHYS_s13_T2_ctrl,18,51,19.7,-0.26265576481819153,-1.0361779009924403
UBFC_PHYS_s13_T2_ctrl,18,52,19.733333333333334,-0.14939762651920319,-0.7699420039495534
UBFC_PHYS_s13_T2_ctrl,18,53,19.766666666666666,-0.0005945296725258231,-0.4454816618824395
UBFC_PHYS_s13_T2_ctrl,18,54,19.8,0.14594149589538574,-0.14523167249571814
UBFC_PHYS_s13_T2_ctrl,18,55,19.833333333333332,0.25785520672798157,0.06664251060833745
UBFC_PHYS_s13_T2_ctrl,18,56,19.866666666666667,0.3242758810520172,0.16121641713015936
UBFC_PHYS_s13_T2_ctrl,18,57,19.9,0.3450848460197449,0.14727914846717477
UBFC_PHYS_s13_T2_ctrl,18,58,19.933333333333334,0.34020471572875977,0.060456519348082965
UBFC_PHYS_s13_T2_ctrl,18,59,19.966666666666665,0.34637653827667236,-0.05435773994736643
UBFC_PHYS_s13_T2_ctrl,18,60,20.0,0.37702488899230957,-0.15935724020721045
UBFC_PHYS_s13_T2_ctrl,18,61,20.033333333333335,0.41069158911705017,-0.23323865285285894
UBFC_PHYS_s13_T2_ctrl,18,62,20.066666666666666,0.4286107122898102,-0.27145029909125984
UBFC_PHYS_s13_T2_ctrl,18,63,20.1,0.4373461902141571,-0.2791111819719582
UBFC_PHYS_s13_T2_ctrl,18,64,20.133333333333333,0.45685356855392456,-0.2621237064924589
UBFC_PHYS_s13_T2_ctrl,18,65,20.166666666666668,0.4761269986629486,-0.22265082137927816
UBFC_PHYS_s13_T2_ctrl,18,66,20.2,0.42460379004478455,-0.16143700612996884
UBFC_PHYS_s13_T2_ctrl,18,67,20.233333333333334,0.23777776956558228,-0.0841675829763972
UBFC_PHYS_s13_T2_ctrl,18,68,20.266666666666666,-0.06006568297743797,-0.00606284205799265
UBFC_PHYS_s13_T2_ctrl,18,69,20.3,-0.37728801369667053,0.05012814290401096
UBFC_PHYS_s13_T2_ctrl,18,70,20.333333333333332,-0.6214433312416077,0.06336762957047205
UBFC_PHYS_s13_T2_ctrl,18,71,20.366666666666667,-0.7238208055496216,0.026514702443225922
UBFC_PHYS_s13_T2_ctrl,18,72,20.4,-0.6865162253379822,-0.04553575662801699
UBFC_PHYS_s13_T2_ctrl,18,73,20.433333333333334,-0.5913980007171631,-0.11737313082116926
UBFC_PHYS_s13_T2_ctrl,18,74,20.466666666666665,-0.5111969709396362,-0.14482712934841596
UBFC_PHYS_s13_T2_ctrl,18,75,20.5,-0.4483647346496582,-0.09201597360594889
UBFC_PHYS_s13_T2_ctrl,18,76,20.533333333333335,-0.3716565668582916,0.053911238163333944
UBFC_PHYS_s13_T2_ctrl,18,77,20.566666666666666,-0.266300231218338,0.27679745763683417
UBFC_PHYS_s13_T2_ctrl,18,78,20.6,-0.13777227699756622,0.5367513847391187
UBFC_PHYS_s13_T2_ctrl,18,79,20.633333333333333,-0.004182965494692326,0.7840734140247997
UBFC_PHYS_s13_T2_ctrl,18,80,20.666666666666668,0.10761212557554245,0.9752742096609945
UBFC_PHYS_s13_T2_ctrl,18,81,20.7,0.1754496991634369,1.0841247468352526
UBFC_PHYS_s13_T2_ctrl,18,82,20.733333333333334,0.19833792746067047,1.1041417881853224
UBFC_PHYS_s13_T2_ctrl,18,83,20.766666666666666,0.19274932146072388,1.043671227995662
UBFC_PHYS_s13_T2_ctrl,18,84,20.8,0.17029936611652374,0.9176566921413999
UBFC_PHYS_s13_T2_ctrl,18,85,20.833333333333332,0.13293547928333282,0.7405078647632545
UBFC_PHYS_s13_T2_ctrl,18,86,20.866666666666667,0.09064861387014389,0.5229786258170378
UBFC_PHYS_s13_T2_ctrl,18,87,20.9,0.07266030460596085,0.27356873487891675
UBFC_PHYS_s13_T2_ctrl,18,88,20.933333333333334,0.11568528413772583,0.002616251148046151
UBFC_PHYS_s13_T2_ctrl,18,89,20.966666666666665,0.23046909272670746,-0.27417114544467236
UBFC_PHYS_s13_T2_ctrl,18,90,21.0,0.3801882565021515,-0.5358464335013662
UBFC_PHYS_s13_T2_ctrl,18,91,21.033333333333335,0.5133228302001953,-0.7611354136933064
UBFC_PHYS_s13_T2_ctrl,18,92,21.066666666666666,0.6141351461410522,-0.936131977009613
UBFC_PHYS_s13_T2_ctrl,18,93,21.1,0.6845231652259827,-1.060421586674575
UBFC_PHYS_s13_T2_ctrl,18,94,21.133333333333333,0.7207008004188538,-1.1473917589461342
UBFC_PHYS_s13_T2_ctrl,18,95,21.166666666666668,0.7371864914894104,-1.2171922060990905
UBFC_PHYS_s13_T2_ctrl,18,96,21.2,0.7654557228088379,-1.2847795241791802
UBFC_PHYS_s13_T2_ctrl,18,97,21.233333333333334,0.8067771196365356,-1.3485807063955146
UBFC_PHYS_s13_T2_ctrl,18,98,21.266666666666666,0.8151831030845642,-1.3857812081072385
UBFC_PHYS_s13_T2_ctrl,18,99,21.3,0.7389526963233948,-1.3578203046136024
UBFC_PHYS_s13_T2_ctrl,18,100,21.333333333333332,0.5850651860237122,-1.225314294050527
UBFC_PHYS_s13_T2_ctrl,18,101,21.366666666666667,0.43745163083076477,-0.9669148998005114
UBFC_PHYS_s13_T2_ctrl,18,102,21.4,0.3923177421092987,-0.5935814404978356
UBFC_PHYS_s13_T2_ctrl,18,103,21.433333333333334,0.4707361161708832,-0.1504921718100124
UBFC_PHYS_s13_T2_ctrl,18,104,21.466666666666665,0.621671199798584,0.29601396348730463
UBFC_PHYS_s13_T2_ctrl,18,105,21.5,0.7810946106910706,0.6814591059664677
UBFC_PHYS_s13_T2_ctrl,18,106,21.533333333333335,0.9034605622291565,0.9651481141630989
UBFC_PHYS_s13_T2_ctrl,18,107,21.566666666666666,0.9779511094093323,1.140075690756119
UBFC_PHYS_s13_T2_ctrl,18,108,21.6,1.0220338106155396,1.227265336131207
UBFC_PHYS_s13_T2_ctrl,18,109,21.633333333333333,1.0499471426010132,1.2598701034349544
UBFC_PHYS_s13_T2_ctrl,18,110,21.666666666666668,1.0489751100540161,1.266394610156618
UBFC_PHYS_s13_T2_ctrl,18,111,21.7,0.9948388338088989,1.2607023266044408
UBFC_PHYS_s13_T2_ctrl,18,112,21.733333333333334,0.8788984417915344,1.241653398498535
UBFC_PHYS_s13_T2_ctrl,18,113,21.766666666666666,0.7117609977722168,1.2001083276067819
UBFC_PHYS_s13_T2_ctrl,18,114,21.8,0.512416660785675,1.1279285078154018
UBFC_PHYS_s13_T2_ctrl,18,115,21.833333333333332,0.30377334356307983,1.02382961879186
UBFC_PHYS_s13_T2_ctrl,18,116,21.866666666666667,0.1156160831451416,0.8940180250270741
UBFC_PHYS_s13_T2_ctrl,18,117,21.9,-0.022388756275177002,0.7489379862861768
UBFC_PHYS_s13_T2_ctrl,18,118,21.933333333333334,-0.09657282382249832,0.5988546384929981
UBFC_PHYS_s13_T2_ctrl,18,119,21.966666666666665,-0.11736532300710678,0.45036916485356143
UBFC_PHYS_s13_T2_ctrl,18,120,22.0,-0.11186239123344421,0.3045922214899352
UBFC_PHYS_s13_T2_ctrl,18,121,22.033333333333335,-0.10870891809463501,0.15671972968338288
UBFC_PHYS_s13_T2_ctrl,18,122,22.066666666666666,-0.1219126507639885,-0.00336058338662879
UBFC_PHYS_s13_T2_ctrl,18,123,22.1,-0.14718328416347504,-0.18941683516449873
UBFC_PHYS_s13_T2_ctrl,18,124,22.133333333333333,-0.17011433839797974,-0.41589418667568945
UBFC_PHYS_s13_T2_ctrl,18,125,22.166666666666668,-0.178128182888031,-0.6934015772708572
UBFC_PHYS_s13_T2_ctrl,18,126,22.2,-0.16603492200374603,-1.0228736158828164
UBFC_PHYS_s13_T2_ctrl,18,127,22.233333333333334,-0.13827644288539886,-1.389448806935984
UBFC_PHYS_s13_T2_ctrl,18,128,22.266666666666666,-0.11143072694540024,-1.758184143288763
UBFC_PHYS_s13_T2_ctrl,18,129,22.3,-0.10606949031352997,-2.0744370948004303
UBFC_PHYS_s13_T2_ctrl,18,130,22.333333333333332,-0.12530666589736938,-2.2713446545740097
UBFC_PHYS_s13_T2_ctrl,18,131,22.366666666666667,-0.15376043319702148,-2.28487723757859
UBFC_PHYS_s13_T2_ctrl,18,132,22.4,-0.182247132062912,-2.073670234002015
UBFC_PHYS_s13_T2_ctrl,18,133,22.433333333333334,-0.22354215383529663,-1.637306021465771
UBFC_PHYS_s13_T2_ctrl,18,134,22.466666666666665,-0.2931163012981415,-1.0248205262485128
UBFC_PHYS_s13_T2_ctrl,18,135,22.5,-0.3888046145439148,-0.32719930817585485
UBFC_PHYS_s13_T2_ctrl,18,136,22.533333333333335,-0.5009061694145203,0.34596531388047874
UBFC_PHYS_s13_T2_ctrl,18,137,22.566666666666666,-0.6252261400222778,0.8974945867140092
UBFC_PHYS_s13_T2_ctrl,18,138,22.6,-0.7671127319335938,1.2682233137264185
UBFC_PHYS_s13_T2_ctrl,18,139,22.633333333333333,-0.9415027499198914,1.446291298094642
UBFC_PHYS_s13_T2_ctrl,18,140,22.666666666666668,-1.1294095516204834,1.4584191415630092
UBFC_PHYS_s13_T2_ctrl,18,141,22.7,-1.240618109703064,1.3509136095748655
UBFC_PHYS_s13_T2_ctrl,18,142,22.733333333333334,-1.20822012424469,1.171192755174014
UBFC_PHYS_s13_T2_ctrl,18,143,22.766666666666666,-1.09414803981781,0.9571000607983698
UBFC_PHYS_s13_T2_ctrl,18,144,22.8,-1.0067569017410278,0.7351245891270771
UBFC_PHYS_s13_T2_ctrl,18,145,22.833333333333332,-0.9571548104286194,0.5240179845626668
UBFC_PHYS_s13_T2_ctrl,18,146,22.866666666666667,-0.8974101543426514,0.33933081341014815
UBFC_PHYS_s13_T2_ctrl,18,147,22.9,-0.8118445873260498,0.1958618989478297
UBFC_PHYS_s13_T2_ctrl,18,148,22.933333333333334,-0.7409589886665344,0.1067786685662056
UBFC_PHYS_s13_T2_ctrl,18,149,22.966666666666665,-0.7434929609298706,0.07979361955205472
UBFC_PHYS_s13_T2_ctrl,18,150,23.0,-0.7977182269096375,0.11244318403736275
UBFC_PHYS_s13_T2_ctrl,18,151,23.033333333333335,-0.7503304481506348,0.1895597130101933
UBFC_PHYS_s13_T2_ctrl,18,152,23.066666666666666,-0.5065376162528992,0.28554252564251403
UBFC_PHYS_s13_T2_ctrl,18,153,23.1,-0.1929333657026291,0.37161789189038225
UBFC_PHYS_s13_T2_ctrl,18,154,23.133333333333333,-0.021116822957992554,0.42493446553341796
UBFC_PHYS_s13_T2_ctrl,18,155,23.166666666666668,-0.05645418167114258,0.43484049604344605
UBFC_PHYS_s13_T2_ctrl,18,156,23.2,-0.21394993364810944,0.40365544445967716
UBFC_PHYS_s13_T2_ctrl,18,157,23.233333333333334,-0.4030133783817291,0.3426469068983117
UBFC_PHYS_s13_T2_ctrl,18,158,23.266666666666666,-0.5916385650634766,0.26589066852965487
UBFC_PHYS_s13_T2_ctrl,18,159,23.3,-0.7658572793006897,0.18464301801411342
UBFC_PHYS_s13_T2_ctrl,18,160,23.333333333333332,-0.8519071936607361,0.10374737252101535
UBFC_PHYS_s13_T2_ctrl,18,161,23.366666666666667,-0.7453151941299438,0.0205957175829679
UBFC_PHYS_s13_T2_ctrl,18,162,23.4,-0.4871455430984497,-0.0732318672684323
UBFC_PHYS_s13_T2_ctrl,18,163,23.433333333333334,-0.2453693300485611,-0.18800786840051936
UBFC_PHYS_s13_T2_ctrl,18,164,23.466666666666665,-0.04986714571714401,-0.33096806712717547
UBFC_PHYS_s13_T2_ctrl,18,165,23.5,0.16661207377910614,-0.5024052299792023
UBFC_PHYS_s13_T2_ctrl,18,166,23.533333333333335,0.2680175006389618,-0.6938394517667318
UBFC_PHYS_s13_T2_ctrl,18,167,23.566666666666666,0.10346351563930511,-0.8882782949462856
UBFC_PHYS_s13_T2_ctrl,18,168,23.6,-0.17078985273838043,-1.0623935393294233
UBFC_PHYS_s13_T2_ctrl,18,169,23.633333333333333,-0.31817930936813354,-1.1905327245973585
UBFC_PHYS_s13_T2_ctrl,18,170,23.666666666666668,-0.3318806290626526,-1.2499586426170535
UBFC_PHYS_s13_T2_ctrl,18,171,23.7,-0.33067789673805237,-1.2260090643349761
UBFC_PHYS_s13_T2_ctrl,18,172,23.733333333333334,-0.3796868920326233,-1.1157317040408596
UBFC_PHYS_s13_T2_ctrl,18,173,23.766666666666666,-0.5305395722389221,-0.9288342753915396
UBFC_PHYS_s13_T2_ctrl,18,174,23.8,-0.835797131061554,-0.6852577024814631
UBFC_PHYS_s13_T2_ctrl,18,175,23.833333333333332,-1.221031665802002,-0.40978013868060853
UBFC_PHYS_s13_T2_ctrl,18,176,23.866666666666667,-1.4995061159133911,-0.12577048251685607
UBFC_PHYS_s13_T2_ctrl,18,177,23.9,-1.5814602375030518,0.14893043761500255
UBFC_PHYS_s13_T2_ctrl,18,178,23.933333333333334,-1.57889986038208,0.40218180480181026
UBFC_PHYS_s13_T2_ctrl,18,179,23.966666666666665,-1.6402987241744995,0.6243167279307779
UBFC_PHYS_s13_T2_ctrl,18,180,24.0,-1.782214879989624,0.8040313740689486
UBFC_PHYS_s13_T2_ctrl,18,181,24.033333333333335,-1.9117214679718018,0.9265124050973929
UBFC_PHYS_s13_T2_ctrl,18,182,24.066666666666666,-1.9197485446929932,0.9759232122402972
UBFC_PHYS_s13_T2_ctrl,18,183,24.1,-1.7535568475723267,0.9420037644364931
UBFC_PHYS_s13_T2_ctrl,18,184,24.133333333333333,-1.467282772064209,0.8278099930777515
UBFC_PHYS_s13_T2_ctrl,18,185,24.166666666666668,-1.1698412895202637,0.6542718105579296
UBFC_PHYS_s13_T2_ctrl,18,186,24.2,-0.9223446846008301,0.45836544559926634
UBFC_PHYS_s13_T2_ctrl,18,187,24.233333333333334,-0.7264602780342102,0.2844794035146882
UBFC_PHYS_s13_T2_ctrl,18,188,24.266666666666666,-0.5653068423271179,0.17146908814211498
UBFC_PHYS_s13_T2_ctrl,18,189,24.3,-0.4221484065055847,0.14001428138498068
UBFC_PHYS_s13_T2_ctrl,18,190,24.333333333333332,-0.29583150148391724,0.18551573574818211
UBFC_PHYS_s13_T2_ctrl,18,191,24.366666666666667,-0.19319038093090057,0.28001572092453486
UBFC_PHYS_s13_T2_ctrl,18,192,24.4,-0.10582235455513,0.38264925126663335
UBFC_PHYS_s13_T2_ctrl,18,193,24.433333333333334,-0.016523361206054688,0.45402429786253606
UBFC_PHYS_s13_T2_ctrl,18,194,24.466666666666665,0.08062142133712769,0.46816796049061365
UBFC_PHYS_s13_T2_ctrl,18,195,24.5,0.183466836810112,0.41735999813513247
UBFC_PHYS_s13_T2_ctrl,18,196,24.533333333333335,0.29508399963378906,0.30937571376851714
UBFC_PHYS_s13_T2_ctrl,18,197,24.566666666666666,0.4255593717098236,0.1604592509997198
UBFC_PHYS_s13_T2_ctrl,18,198,24.6,0.5680028200149536,-0.01164458453195034
UBFC_PHYS_s13_T2_ctrl,18,199,24.633333333333333,0.6665414571762085,-0.19164652333777302
UBFC_PHYS_s13_T2_ctrl,18,200,24.666666666666668,0.6580366492271423,-0.3668236425408849
UBFC_PHYS_s13_T2_ctrl,18,201,24.7,0.5565356612205505,-0.5244142555317443
UBFC_PHYS_s13_T2_ctrl,18,202,24.733333333333334,0.43280544877052307,-0.6487842281791006
UBFC_PHYS_s13_T2_ctrl,18,203,24.766666666666666,0.32706359028816223,-0.7211033952804901
UBFC_PHYS_s13_T2_ctrl,18,204,24.8,0.25896239280700684,-0.7231518168186241
UBFC_PHYS_s13_T2_ctrl,18,205,24.833333333333332,0.27120062708854675,-0.6446504185528061
UBFC_PHYS_s13_T2_ctrl,18,206,24.866666666666667,0.3803299367427826,-0.49104109149764424
UBFC_PHYS_s13_T2_ctrl,18,207,24.9,0.5393744111061096,-0.28726115375962097
UBFC_PHYS_s13_T2_ctrl,18,208,24.933333333333334,0.6875777840614319,-0.07391916599057542
UBFC_PHYS_s13_T2_ctrl,18,209,24.966666666666665,0.791240394115448,0.10432748704342788
UBFC_PHYS_s13_T2_ctrl,18,210,25.0,0.8338831663131714,0.2137754625250094
UBFC_PHYS_s13_T2_ctrl,18,211,25.033333333333335,0.8131038546562195,0.24286630081033264
UBFC_PHYS_s13_T2_ctrl,18,212,25.066666666666666,0.7674031853675842,0.20378719000256051
UBFC_PHYS_s13_T2_ctrl,18,213,25.1,0.7301052212715149,0.12362416186949571
UBFC_PHYS_s13_T2_ctrl,18,214,25.133333333333333,0.698112428188324,0.029832192565961563
UBFC_PHYS_s13_T2_ctrl,18,215,25.166666666666668,0.654873251914978,-0.062172569110228434
UBFC_PHYS_s13_T2_ctrl,18,216,25.2,0.6082170009613037,-0.15284385704724754
UBFC_PHYS_s13_T2_ctrl,18,217,25.233333333333334,0.5698085427284241,-0.2519272610140713
UBFC_PHYS_s13_T2_ctrl,18,218,25.266666666666666,0.5250042080879211,-0.3649973994442981
UBFC_PHYS_s13_T2_ctrl,18,219,25.3,0.44532379508018494,-0.48066784957614783
UBFC_PHYS_s13_T2_ctrl,18,220,25.333333333333332,0.34746724367141724,-0.5669657966610024
UBFC_PHYS_s13_T2_ctrl,18,221,25.366666666666667,0.30502551794052124,-0.5815110641497226
UBFC_PHYS_s13_T2_ctrl,18,222,25.4,0.38337138295173645,-0.49224097148242024
UBFC_PHYS_s13_T2_ctrl,18,223,25.433333333333334,0.5591684579849243,-0.29823248545109504
UBFC_PHYS_s13_T2_ctrl,18,224,25.466666666666665,0.7236730456352234,-0.038596037232637985
UBFC_PHYS_s13_T2_ctrl,18,225,25.5,0.8063026070594788,0.21752532951402365
UBFC_PHYS_s13_T2_ctrl,18,226,25.533333333333335,0.8121482133865356,0.39751741041349736
UBFC_PHYS_s13_T2_ctrl,18,227,25.566666666666666,0.8102172613143921,0.45681945837422644
UBFC_PHYS_s13_T2_ctrl,18,228,25.6,0.8059664964675903,0.3994645692310529
UBFC_PHYS_s13_T2_ctrl,18,229,25.633333333333333,0.825342059135437,0.27610825496157515
UBFC_PHYS_s13_T2_ctrl,18,230,25.666666666666668,0.8821408748626709,0.16021081752416352
UBFC_PHYS_s13_T2_ctrl,18,231,25.7,1.0106358528137207,0.11491792094749324
UBFC_PHYS_s13_T2_ctrl,18,232,25.733333333333334,1.1507792472839355,0.16681217131146286
UBFC_PHYS_s13_T2_ctrl,18,233,25.766666666666666,1.2827341556549072,0.29750107201501796
UBFC_PHYS_s13_T2_ctrl,18,234,25.8,1.3983154296875,0.45440587554750117
UBFC_PHYS_s13_T2_ctrl,18,235,25.833333333333332,1.5297232866287231,0.5735906391151312
UBFC_PHYS_s13_T2_ctrl,18,236,25.866666666666667,1.6806089878082275,0.603901457761116
UBFC_PHYS_s13_T2_ctrl,18,237,25.9,1.9009830951690674,0.5234875129109963
UBFC_PHYS_s13_T2_ctrl,18,238,25.933333333333334,2.1251730918884277,0.34475474896188363
UBFC_PHYS_s13_T2_ctrl,18,239,25.966666666666665,1.8968509435653687,0.1087927098238283
UBFC_PHYS_s13_T2_ctrl,19,0,19.0,-0.055218495428562164,0.20057830826176198
UBFC_PHYS_s13_T2_ctrl,19,1,19.033333333333335,-0.09299427270889282,0.2503255716108679
UBFC_PHYS_s13_T2_ctrl,19,2,19.066666666666666,-0.15280812978744507,0.30260255156121907
UBFC_PHYS_s13_T2_ctrl,19,3,19.1,-0.15863068401813507,0.36249708749844006
UBFC_PHYS_s13_T2_ctrl,19,4,19.133333333333333,-0.06417475640773773,0.4310992181741382
UBFC_PHYS_s13_T2_ctrl,19,5,19.166666666666668,0.10075818002223969,0.5065103000331742
UBFC_PHYS_s13_T2_ctrl,19,6,19.2,0.2718629539012909,0.5861981080739442
UBFC_PHYS_s13_T2_ctrl,19,7,19.233333333333334,0.41218429803848267,0.6684902335676115
UBFC_PHYS_s13_T2_ctrl,19,8,19.266666666666666,0.5182029604911804,0.7511710970870218
UBFC_PHYS_s13_T2_ctrl,19,9,19.3,0.587506890296936,0.8272092350969651
UBFC_PHYS_s13_T2_ctrl,19,10,19.333333333333332,0.600980818271637,0.8805698907066345
UBFC_PHYS_s13_T2_ctrl,19,11,19.366666666666667,0.5400664210319519,0.8861416832682807
UBFC_PHYS_s13_T2_ctrl,19,12,19.4,0.41012153029441833,0.8155000126454499
UBFC_PHYS_s13_T2_ctrl,19,13,19.433333333333334,0.23602144420146942,0.6466818225874312
UBFC_PHYS_s13_T2_ctrl,19,14,19.466666666666665,0.04773566871881485,0.37420360950414255
UBFC_PHYS_s13_T2_ctrl,19,15,19.5,-0.12313186377286911,0.015578254618794609
UBFC_PHYS_s13_T2_ctrl,19,16,19.533333333333335,-0.25167298316955566,-0.38832825686720085
UBFC_PHYS_s13_T2_ctrl,19,17,19.566666666666666,-0.33443108201026917,-0.7801121650023228
UBFC_PHYS_s13_T2_ctrl,19,18,19.6,-0.37372922897338867,-1.0988182492542269
UBFC_PHYS_s13_T2_ctrl,19,19,19.633333333333333,-0.37127432227134705,-1.2959392338945863
UBFC_PHYS_s13_T2_ctrl,19,20,19.666666666666668,-0.3336600065231323,-1.3494848301300872
UBFC_PHYS_s13_T2_ctrl,19,21,19.7,-0.26265576481819153,-1.2706901125069272
UBFC_PHYS_s13_T2_ctrl,19,22,19.733333333333334,-0.14939762651920319,-1.099632351896009
UBFC_PHYS_s13_T2_ctrl,19,23,19.766666666666666,-0.0005945296725258231,-0.8901689889821173
UBFC_PHYS_s13_T2_ctrl,19,24,19.8,0.14594149589538574,-0.6898770950135089
UBFC_PHYS_s13_T2_ctrl,19,25,19.833333333333332,0.25785520672798157,-0.5237874609913806
UBFC_PHYS_s13_T2_ctrl,19,26,19.866666666666667,0.3242758810520172,-0.3891468119958316
UBFC_PHYS_s13_T2_ctrl,19,27,19.9,0.3450848460197449,-0.2630197334754037
UBFC_PHYS_s13_T2_ctrl,19,28,19.933333333333334,0.34020471572875977,-0.1182694162558429
UBFC_PHYS_s13_T2_ctrl,19,29,19.966666666666665,0.34637653827667236,0.0603141276866903
UBFC_PHYS_s13_T2_ctrl,19,30,20.0,0.37702488899230957,0.267310048300327
UBFC_PHYS_s13_T2_ctrl,19,31,20.033333333333335,0.41069158911705017,0.47865339051874545
UBFC_PHYS_s13_T2_ctrl,19,32,20.066666666666666,0.4286107122898102,0.6621420670454717
UBFC_PHYS_s13_T2_ctrl,19,33,20.1,0.4373461902141571,0.7904777202487765
UBFC_PHYS_s13_T2_ctrl,19,34,20.133333333333333,0.45685356855392456,0.8504284575926301
UBFC_PHYS_s13_T2_ctrl,19,35,20.166666666666668,0.4761269986629486,0.8445720714576335
UBFC_PHYS_s13_T2_ctrl,19,36,20.2,0.42460379004478455,0.7864692481975556
UBFC_PHYS_s13_T2_ctrl,19,37,20.233333333333334,0.23777776956558228,0.6932721181938588
UBFC_PHYS_s13_T2_ctrl,19,38,20.266666666666666,-0.06006568297743797,0.5799145752323133
UBFC_PHYS_s13_T2_ctrl,19,39,20.3,-0.37728801369667053,0.45692101284417813
UBFC_PHYS_s13_T2_ctrl,19,40,20.333333333333332,-0.6214433312416077,0.3314304412001271
UBFC_PHYS_s13_T2_ctrl,19,41,20.366666666666667,-0.7238208055496216,0.2095922761874954
UBFC_PHYS_s13_T2_ctrl,19,42,20.4,-0.6865162253379822,0.09843289098390984
UBFC_PHYS_s13_T2_ctrl,19,43,20.433333333333334,-0.5913980007171631,0.006102451656274745
UBFC_PHYS_s13_T2_ctrl,19,44,20.466666666666665,-0.5111969709396362,-0.05964715042534924
UBFC_PHYS_s13_T2_ctrl,19,45,20.5,-0.4483647346496582,-0.09408912651518994
UBFC_PHYS_s13_T2_ctrl,19,46,20.533333333333335,-0.3716565668582916,-0.09797583102305055
UBFC_PHYS_s13_T2_ctrl,19,47,20.566666666666666,-0.266300231218338,-0.07839150963631135
UBFC_PHYS_s13_T2_ctrl,19,48,20.6,-0.13777227699756622,-0.04711899373042207
UBFC_PHYS_s13_T2_ctrl,19,49,20.633333333333333,-0.004182965494692326,-0.016817712395686378
UBFC_PHYS_s13_T2_ctrl,19,50,20.666666666666668,0.10761212557554245,0.0033675033493221346
UBFC_PHYS_s13_T2_ctrl,19,51,20.7,0.1754496991634369,0.01061448947672203
UBFC_PHYS_s13_T2_ctrl,19,52,20.733333333333334,0.19833792746067047,0.008285473808799364
UBFC_PHYS_s13_T2_ctrl,19,53,20.766666666666666,0.19274932146072388,0.0030203902666607486
UBFC_PHYS_s13_T2_ctrl,19,54,20.8,0.17029936611652374,0.0005449033700790215
UBFC_PHYS_s13_T2_ctrl,19,55,20.833333333333332,0.13293547928333282,0.002161795305780943
UBFC_PHYS_s13_T2_ctrl,19,56,20.866666666666667,0.09064861387014389,0.003454615773103697
UBFC_PHYS_s13_T2_ctrl,19,57,20.9,0.07266030460596085,-0.004348352190130501
UBFC_PHYS_s13_T2_ctrl,19,58,20.933333333333334,0.11568528413772583,-0.031111180631448545
UBFC_PHYS_s13_T2_ctrl,19,59,20.966666666666665,0.23046909272670746,-0.08419610966002698
UBFC_PHYS_s13_T2_ctrl,19,60,21.0,0.3801882565021515,-0.16614415991679574
UBFC_PHYS_s13_T2_ctrl,19,61,21.033333333333335,0.5133228302001953,-0.2744519431283044
UBFC_PHYS_s13_T2_ctrl,19,62,21.066666666666666,0.6141351461410522,-0.40302355807037993
UBFC_PHYS_s13_T2_ctrl,19,63,21.1,0.6845231652259827,-0.5439422751668431
UBFC_PHYS_s13_T2_ctrl,19,64,21.133333333333333,0.7207008004188538,-0.6882080146796794
UBFC_PHYS_s13_T2_ctrl,19,65,21.166666666666668,0.7371864914894104,-0.8250120597777424
UBFC_PHYS_s13_T2_ctrl,19,66,21.2,0.7654557228088379,-0.9404017705175544
UBFC_PHYS_s13_T2_ctrl,19,67,21.233333333333334,0.8067771196365356,-1.0169757236774497
UBFC_PHYS_s13_T2_ctrl,19,68,21.266666666666666,0.8151831030845642,-1.035951274986907
UBFC_PHYS_s13_T2_ctrl,19,69,21.3,0.7389526963233948,-0.9816833058315436
UBFC_PHYS_s13_T2_ctrl,19,70,21.333333333333332,0.5850651860237122,-0.8471445737666747
UBFC_PHYS_s13_T2_ctrl,19,71,21.366666666666667,0.43745163083076477,-0.6378468901849338
UBFC_PHYS_s13_T2_ctrl,19,72,21.4,0.3923177421092987,-0.3718896026634628
UBFC_PHYS_s13_T2_ctrl,19,73,21.433333333333334,0.4707361161708832,-0.07551622321828524
UBFC_PHYS_s13_T2_ctrl,19,74,21.466666666666665,0.621671199798584,0.2239560924405809
UBFC_PHYS_s13_T2_ctrl,19,75,21.5,0.7810946106910706,0.5044959282013821
UBFC_PHYS_s13_T2_ctrl,19,76,21.533333333333335,0.9034605622291565,0.7524181974934544
UBFC_PHYS_s13_T2_ctrl,19,77,21.566666666666666,0.9779511094093323,0.9616705623987069
UBFC_PHYS_s13_T2_ctrl,19,78,21.6,1.0220338106155396,1.1307100336744988
UBFC_PHYS_s13_T2_ctrl,19,79,21.633333333333333,1.0499471426010132,1.2590564325573013
UBFC_PHYS_s13_T2_ctrl,19,80,21.666666666666668,1.0489751100540161,1.345178114455114
UBFC_PHYS_s13_T2_ctrl,19,81,21.7,0.9948388338088989,1.386264412735431
UBFC_PHYS_s13_T2_ctrl,19,82,21.733333333333334,0.8788984417915344,1.3793533667222933
UBFC_PHYS_s13_T2_ctrl,19,83,21.766666666666666,0.7117609977722168,1.3227488538299512
UBFC_PHYS_s13_T2_ctrl,19,84,21.8,0.512416660785675,1.2168623954503375
UBFC_PHYS_s13_T2_ctrl,19,85,21.833333333333332,0.30377334356307983,1.0643073618365013
UBFC_PHYS_s13_T2_ctrl,19,86,21.866666666666667,0.1156160831451416,0.8697458057106237
UBFC_PHYS_s13_T2_ctrl,19,87,21.9,-0.022388756275177002,0.6401109573040448
UBFC_PHYS_s13_T2_ctrl,19,88,21.933333333333334,-0.09657282382249832,0.38526372317830315
UBFC_PHYS_s13_T2_ctrl,19,89,21.966666666666665,-0.11736532300710678,0.11840493435208817
UBFC_PHYS_s13_T2_ctrl,19,90,22.0,-0.11186239123344421,-0.14470369900963165
UBFC_PHYS_s13_T2_ctrl,19,91,22.033333333333335,-0.10870891809463501,-0.38827115778875926
UBFC_PHYS_s13_T2_ctrl,19,92,22.066666666666666,-0.1219126507639885,-0.6004369278151925
UBFC_PHYS_s13_T2_ctrl,19,93,22.1,-0.14718328416347504,-0.7772251647272094
UBFC_PHYS_s13_T2_ctrl,19,94,22.133333333333333,-0.17011433839797974,-0.9242584157609222
UBFC_PHYS_s13_T2_ctrl,19,95,22.166666666666668,-0.178128182888031,-1.0543152380972005
UBFC_PHYS_s13_T2_ctrl,19,96,22.2,-0.16603492200374603,-1.1805641190596006
UBFC_PHYS_s13_T2_ctrl,19,97,22.233333333333334,-0.13827644288539886,-1.307649534194188
UBFC_PHYS_s13_T2_ctrl,19,98,22.266666666666666,-0.11143072694540024,-1.4244442754445408
UBFC_PHYS_s13_T2_ctrl,19,99,22.3,-0.10606949031352997,-1.5023098037790898
UBFC_PHYS_s13_T2_ctrl,19,100,22.333333333333332,-0.12530666589736938,-1.5009592863509462
UBFC_PHYS_s13_T2_ctrl,19,101,22.366666666666667,-0.15376043319702148,-1.381210977664288
UBFC_PHYS_s13_T2_ctrl,19,102,22.4,-0.182247132062912,-1.1210855230027152
UBFC_PHYS_s13_T2_ctrl,19,103,22.433333333333334,-0.22354215383529663,-0.729578838336522
UBFC_PHYS_s13_T2_ctrl,19,104,22.466666666666665,-0.2931163012981415,-0.25184121925129777
UBFC_PHYS_s13_T2_ctrl,19,105,22.5,-0.3888046145439148,0.23847383413674894
UBFC_PHYS_s13_T2_ctrl,19,106,22.533333333333335,-0.5009061694145203,0.6590219895878525
UBFC_PHYS_s13_T2_ctrl,19,107,22.566666666666666,-0.6252261400222778,0.9439450887083556
UBFC_PHYS_s13_T2_ctrl,19,108,22.6,-0.7671127319335938,1.063525297739322
UBFC_PHYS_s13_T2_ctrl,19,109,22.633333333333333,-0.9415027499198914,1.0292269087962005
UBFC_PHYS_s13_T2_ctrl,19,110,22.666666666666668,-1.1294095516204834,0.8830864517580673
UBFC_PHYS_s13_T2_ctrl,19,111,22.7,-1.240618109703064,0.6786955089389967
UBFC_PHYS_s13_T2_ctrl,19,112,22.733333333333334,-1.20822012424469,0.4634824777825789
UBFC_PHYS_s13_T2_ctrl,19,113,22.766666666666666,-1.09414803981781,0.26888152431407936
UBFC_PHYS_s13_T2_ctrl,19,114,22.8,-1.0067569017410278,0.10985933714154955
UBFC_PHYS_s13_T2_ctrl,19,115,22.833333333333332,-0.9571548104286194,-0.009037092309208156
UBFC_PHYS_s13_T2_ctrl,19,116,22.866666666666667,-0.8974101543426514,-0.08598644443604392
UBFC_PHYS_s13_T2_ctrl,19,117,22.9,-0.8118445873260498,-0.11702654792532943
UBFC_PHYS_s13_T2_ctrl,19,118,22.933333333333334,-0.7409589886665344,-0.09634551396879233
UBFC_PHYS_s13_T2_ctrl,19,119,22.966666666666665,-0.7434929609298706,-0.021127110358077184
UBFC_PHYS_s13_T2_ctrl,19,120,23.0,-0.7977182269096375,0.10225126201201247
UBFC_PHYS_s13_T2_ctrl,19,121,23.033333333333335,-0.7503304481506348,0.2549173619707608
UBFC_PHYS_s13_T2_ctrl,19,122,23.066666666666666,-0.5065376162528992,0.40811781821817517
UBFC_PHYS_s13_T2_ctrl,19,123,23.1,-0.1929333657026291,0.5315053525917347
UBFC_PHYS_s13_T2_ctrl,19,124,23.133333333333333,-0.021116822957992554,0.6031604810655368
UBFC_PHYS_s13_T2_ctrl,19,125,23.166666666666668,-0.05645418167114258,0.6160750552829478
UBFC_PHYS_s13_T2_ctrl,19,126,23.2,-0.21394993364810944,0.5782041284058799
UBFC_PHYS_s13_T2_ctrl,19,127,23.233333333333334,-0.4030133783817291,0.5070224962426958
UBFC_PHYS_s13_T2_ctrl,19,128,23.266666666666666,-0.5916385650634766,0.4217863348517579
UBFC_PHYS_s13_T2_ctrl,19,129,23.3,-0.7658572793006897,0.33672048312478536
UBFC_PHYS_s13_T2_ctrl,19,130,23.333333333333332,-0.8519071936607361,0.25706242070945573
UBFC_PHYS_s13_T2_ctrl,19,131,23.366666666666667,-0.7453151941299438,0.1785070942147554
UBFC_PHYS_s13_T2_ctrl,19,132,23.4,-0.4871455430984497,0.08982095841314497
UBFC_PHYS_s13_T2_ctrl,19,133,23.433333333333334,-0.2453693300485611,-0.02206104910468632
UBFC_PHYS_s13_T2_ctrl,19,134,23.466666666666665,-0.04986714571714401,-0.1657916252928544
UBFC_PHYS_s13_T2_ctrl,19,135,23.5,0.16661207377910614,-0.3402854229516192
UBFC_PHYS_s13_T2_ctrl,19,136,23.533333333333335,0.2680175006389618,-0.5326073450024511
UBFC_PHYS_s13_T2_ctrl,19,137,23.566666666666666,0.10346351563930511,-0.7204764573825754
UBFC_PHYS_s13_T2_ctrl,19,138,23.6,-0.17078985273838043,-0.878777371458495
UBFC_PHYS_s13_T2_ctrl,19,139,23.633333333333333,-0.31817930936813354,-0.9874640800440017
UBFC_PHYS_s13_T2_ctrl,19,140,23.666666666666668,-0.3318806290626526,-1.0374948623108315
UBFC_PHYS_s13_T2_ctrl,19,141,23.7,-0.33067789673805237,-1.0322999838738518
UBFC_PHYS_s13_T2_ctrl,19,142,23.733333333333334,-0.3796868920326233,-0.9842667010164207
UBFC_PHYS_s13_T2_ctrl,19,143,23.766666666666666,-0.5305395722389221,-0.9078325676795395
UBFC_PHYS_s13_T2_ctrl,19,144,23.8,-0.835797131061554,-0.8121174362928486
UBFC_PHYS_s13_T2_ctrl,19,145,23.833333333333332,-1.221031665802002,-0.6963514074307723
UBFC_PHYS_s13_T2_ctrl,19,146,23.866666666666667,-1.4995061159133911,-0.5506155465893137
UBFC_PHYS_s13_T2_ctrl,19,147,23.9,-1.5814602375030518,-0.36230264652939614
UBFC_PHYS_s13_T2_ctrl,19,148,23.933333333333334,-1.57889986038208,-0.1256577125909665
UBFC_PHYS_s13_T2_ctrl,19,149,23.966666666666665,-1.6402987241744995,0.15031995466355585
UBFC_PHYS_s13_T2_ctrl,19,150,24.0,-1.782214879989624,0.4398271478356836
UBFC_PHYS_s13_T2_ctrl,19,151,24.033333333333335,-1.9117214679718018,0.705599774382365
UBFC_PHYS_s13_T2_ctrl,19,152,24.066666666666666,-1.9197485446929932,0.9098747772119425
UBFC_PHYS_s13_T2_ctrl,19,153,24.1,-1.7535568475723267,1.026635175672368
UBFC_PHYS_s13_T2_ctrl,19,154,24.133333333333333,-1.467282772064209,1.050016672902739
UBFC_PHYS_s13_T2_ctrl,19,155,24.166666666666668,-1.1698412895202637,0.9952807228425861
UBFC_PHYS_s13_T2_ctrl,19,156,24.2,-0.9223446846008301,0.8920968644520721
UBFC_PHYS_s13_T2_ctrl,19,157,24.233333333333334,-0.7264602780342102,0.7732275872727815
UBFC_PHYS_s13_T2_ctrl,19,158,24.266666666666666,-0.5653068423271179,0.663332386295175
UBFC_PHYS_s13_T2_ctrl,19,159,24.3,-0.4221484065055847,0.572147175585235
UBFC_PHYS_s13_T2_ctrl,19,160,24.333333333333332,-0.29583150148391724,0.49432117664719427
UBFC_PHYS_s13_T2_ctrl,19,161,24.366666666666667,-0.19319038093090057,0.4154933737346477
UBFC_PHYS_s13_T2_ctrl,19,162,24.4,-0.10582235455513,0.32166476104077024
UBFC_PHYS_s13_T2_ctrl,19,163,24.433333333333334,-0.016523361206054688,0.2075053824474497
UBFC_PHYS_s13_T2_ctrl,19,164,24.466666666666665,0.08062142133712769,0.07965281127305918
UBFC_PHYS_s13_T2_ctrl,19,165,24.5,0.183466836810112,-0.046430868768224984
UBFC_PHYS_s13_T2_ctrl,19,166,24.533333333333335,0.29508399963378906,-0.1538476579507768
UBFC_PHYS_s13_T2_ctrl,19,167,24.566666666666666,0.4255593717098236,-0.23150594180096934
UBFC_PHYS_s13_T2_ctrl,19,168,24.6,0.5680028200149536,-0.2777215524221918
UBFC_PHYS_s13_T2_ctrl,19,169,24.633333333333333,0.6665414571762085,-0.29928760655513353
UBFC_PHYS_s13_T2_ctrl,19,170,24.666666666666668,0.6580366492271423,-0.3072134030730861
UBFC_PHYS_s13_T2_ctrl,19,171,24.7,0.5565356612205505,-0.3113063891113617
UBFC_PHYS_s13_T2_ctrl,19,172,24.733333333333334,0.43280544877052307,-0.31592422543930376
UBFC_PHYS_s13_T2_ctrl,19,173,24.766666666666666,0.32706359028816223,-0.31867099297792123
UBFC_PHYS_s13_T2_ctrl,19,174,24.8,0.25896239280700684,-0.3126450826766522
UBFC_PHYS_s13_T2_ctrl,19,175,24.833333333333332,0.27120062708854675,-0.29139087941531694
UBFC_PHYS_s13_T2_ctrl,19,176,24.866666666666667,0.3803299367427826,-0.25444099210816173
UBFC_PHYS_s13_T2_ctrl,19,177,24.9,0.5393744111061096,-0.21076691888506188
UBFC_PHYS_s13_T2_ctrl,19,178,24.933333333333334,0.6875777840614319,-0.17793944073375326
UBFC_PHYS_s13_T2_ctrl,19,179,24.966666666666665,0.791240394115448,-0.1763611064981047
UBFC_PHYS_s13_T2_ctrl,19,180,25.0,0.8338831663131714,-0.22017569500056353
UBFC_PHYS_s13_T2_ctrl,19,181,25.033333333333335,0.8131038546562195,-0.3085771346711706
UBFC_PHYS_s13_T2_ctrl,19,182,25.066666666666666,0.7674031853675842,-0.42211069492344194
UBFC_PHYS_s13_T2_ctrl,19,183,25.1,0.7301052212715149,-0.5270267382999935
UBFC_PHYS_s13_T2_ctrl,19,184,25.133333333333333,0.698112428188324,-0.5869118499563145
UBFC_PHYS_s13_T2_ctrl,19,185,25.166666666666668,0.654873251914978,-0.5769310763174142
UBFC_PHYS_s13_T2_ctrl,19,186,25.2,0.6082170009613037,-0.4944510123878052
UBFC_PHYS_s13_T2_ctrl,19,187,25.233333333333334,0.5698085427284241,-0.3610121473513552
UBFC_PHYS_s13_T2_ctrl,19,188,25.266666666666666,0.5250042080879211,-0.21390396847889628
UBFC_PHYS_s13_T2_ctrl,19,189,25.3,0.44532379508018494,-0.0902902079932909
UBFC_PHYS_s13_T2_ctrl,19,190,25.333333333333332,0.34746724367141724,-0.01125334927055091
UBFC_PHYS_s13_T2_ctrl,19,191,25.366666666666667,0.30502551794052124,0.02603025880975256
UBFC_PHYS_s13_T2_ctrl,19,192,25.4,0.38337138295173645,0.044147092930433715
UBFC_PHYS_s13_T2_ctrl,19,193,25.433333333333334,0.5591684579849243,0.07223755892637052
UBFC_PHYS_s13_T2_ctrl,19,194,25.466666666666665,0.7236730456352234,0.13129668089678623
UBFC_PHYS_s13_T2_ctrl,19,195,25.5,0.8063026070594788,0.2256254258048826
UBFC_PHYS_s13_T2_ctrl,19,196,25.533333333333335,0.8121482133865356,0.34379640585935944
UBFC_PHYS_s13_T2_ctrl,19,197,25.566666666666666,0.8102172613143921,0.46687475832347664
UBFC_PHYS_s13_T2_ctrl,19,198,25.6,0.8059664964675903,0.5781614355404139
UBFC_PHYS_s13_T2_ctrl,19,199,25.633333333333333,0.825342059135437,0.6690490472648387
UBFC_PHYS_s13_T2_ctrl,19,200,25.666666666666668,0.8821408748626709,0.7390082499897527
UBFC_PHYS_s13_T2_ctrl,19,201,25.7,1.0106358528137207,0.7915571895511959
UBFC_PHYS_s13_T2_ctrl,19,202,25.733333333333334,1.1507792472839355,0.8297271095859834
UBFC_PHYS_s13_T2_ctrl,19,203,25.766666666666666,1.2827341556549072,0.8535717538333671
UBFC_PHYS_s13_T2_ctrl,19,204,25.8,1.3983154296875,0.8599899688892688
UBFC_PHYS_s13_T2_ctrl,19,205,25.833333333333332,1.5297232866287231,0.8436063561383869
UBFC_PHYS_s13_T2_ctrl,19,206,25.866666666666667,1.6806089878082275,0.7977885262482738
UBFC_PHYS_s13_T2_ctrl,19,207,25.9,1.9009830951690674,0.7159330885456906
UBFC_PHYS_s13_T2_ctrl,19,208,25.933333333333334,2.1251730918884277,0.5933446038313024
UBFC_PHYS_s13_T2_ctrl,19,209,25.966666666666665,1.8968509435653687,0.4292946027910407
UBFC_PHYS_s13_T2_ctrl,19,210,26.0,1.5870592594146729,0.22810146652867555
UBFC_PHYS_s13_T2_ctrl,19,211,26.033333333333335,1.2637474536895752,-0.0017281949210997353
UBFC_PHYS_s13_T2_ctrl,19,212,26.066666666666666,0.8867310285568237,-0.24995408724767787
UBFC_PHYS_s13_T2_ctrl,19,213,26.1,0.5342438220977783,-0.50706331600847
UBFC_PHYS_s13_T2_ctrl,19,214,26.133333333333333,0.34185558557510376,-0.7651192584167663
UBFC_PHYS_s13_T2_ctrl,19,215,26.166666666666668,0.20641767978668213,-1.0164169920768316
UBFC_PHYS_s13_T2_ctrl,19,216,26.2,0.04933052882552147,-1.250627328525383
UBFC_PHYS_s13_T2_ctrl,19,217,26.233333333333334,-0.06514353305101395,-1.4519400276649224
UBFC_PHYS_s13_T2_ctrl,19,218,26.266666666666666,-0.012888793833553791,-1.5978455883576306
UBFC_PHYS_s13_T2_ctrl,19,219,26.3,0.09408217668533325,-1.6608079301920995
UBFC_PHYS_s13_T2_ctrl,19,220,26.333333333333332,0.15114127099514008,-1.6134083610977956
UBFC_PHYS_s13_T2_ctrl,19,221,26.366666666666667,0.12671419978141785,-1.4364964785018635
UBFC_PHYS_s13_T2_ctrl,19,222,26.4,0.06631381064653397,-1.1284409853765478
UBFC_PHYS_s13_T2_ctrl,19,223,26.433333333333334,-0.013010714203119278,-0.7121590229917462
UBFC_PHYS_s13_T2_ctrl,19,224,26.466666666666665,-0.07567159086465836,-0.23606909450600852
UBFC_PHYS_s13_T2_ctrl,19,225,26.5,-0.08779121190309525,0.23352515031102142
UBFC_PHYS_s13_T2_ctrl,19,226,26.533333333333335,-0.04689161106944084,0.6277187040503026
UBFC_PHYS_s13_T2_ctrl,19,227,26.566666666666666,0.0020943256095051765,0.8931587782674288
UBFC_PHYS_s13_T2_ctrl,19,228,26.6,0.018240638077259064,1.0061268263680485
UBFC_PHYS_s13_T2_ctrl,19,229,26.633333333333333,-0.004624517634510994,0.9769150901481596
UBFC_PHYS_s13_T2_ctrl,19,230,26.666666666666668,-0.048792921006679535,0.8433671153406701
UBFC_PHYS_s13_T2_ctrl,19,231,26.7,-0.08633804321289062,0.6571912809923326
UBFC_PHYS_s13_T2_ctrl,19,232,26.733333333333334,-0.11647562682628632,0.4687464557647594
UBFC_PHYS_s13_T2_ctrl,19,233,26.766666666666666,-0.16835471987724304,0.3153366575398795
UBFC_PHYS_s13_T2_ctrl,19,234,26.8,-0.2563883662223816,0.21593116882622568
UBFC_PHYS_s13_T2_ctrl,19,235,26.833333333333332,-0.3397066295146942,0.17252352183012623
UBFC_PHYS_s13_T2_ctrl,19,236,26.866666666666667,-0.388356477022171,0.1758443816857171
UBFC_PHYS_s13_T2_ctrl,19,237,26.9,-0.4458933472633362,0.21200139841954863
UBFC_PHYS_s13_T2_ctrl,19,238,26.933333333333334,-0.5581333041191101,0.26734964194570154
UBFC_PHYS_s13_T2_ctrl,19,239,26.966666666666665,-0.6824665069580078,0.3305673932631793
UBFC_PHYS_s13_T2_ctrl,20,0,20.0,0.37702488899230957,-0.2496232014721946
UBFC_PHYS_s13_T2_ctrl,20,1,20.033333333333335,0.41069158911705017,-0.516072269078547
UBFC_PHYS_s13_T2_ctrl,20,2,20.066666666666666,0.4286107122898102,-0.7715644522642238
UBFC_PHYS_s13_T2_ctrl,20,3,20.1,0.4373461902141571,-1.0036932228528428
UBFC_PHYS_s13_T2_ctrl,20,4,20.133333333333333,0.45685356855392456,-1.191392003078452
UBFC_PHYS_s13_T2_ctrl,20,5,20.166666666666668,0.4761269986629486,-1.3082370289703666
UBFC_PHYS_s13_T2_ctrl,20,6,20.2,0.42460379004478455,-1.3304039673537214
UBFC_PHYS_s13_T2_ctrl,20,7,20.233333333333334,0.23777776956558228,-1.2460315614145558
UBFC_PHYS_s13_T2_ctrl,20,8,20.266666666666666,-0.06006568297743797,-1.0618027584651535
UBFC_PHYS_s13_T2_ctrl,20,9,20.3,-0.37728801369667053,-0.803306091296876
UBFC_PHYS_s13_T2_ctrl,20,10,20.333333333333332,-0.6214433312416077,-0.5080938466605318
UBFC_PHYS_s13_T2_ctrl,20,11,20.366666666666667,-0.7238208055496216,-0.21368984879347236
UBFC_PHYS_s13_T2_ctrl,20,12,20.4,-0.6865162253379822,0.054262349738342486
UBFC_PHYS_s13_T2_ctrl,20,13,20.433333333333334,-0.5913980007171631,0.28806175064481654
UBFC_PHYS_s13_T2_ctrl,20,14,20.466666666666665,-0.5111969709396362,0.49548745523398413
UBFC_PHYS_s13_T2_ctrl,20,15,20.5,-0.4483647346496582,0.6905270078295764
UBFC_PHYS_s13_T2_ctrl,20,16,20.533333333333335,-0.3716565668582916,0.8822404174999566
UBFC_PHYS_s13_T2_ctrl,20,17,20.566666666666666,-0.266300231218338,1.0671546021119862
UBFC_PHYS_s13_T2_ctrl,20,18,20.6,-0.13777227699756622,1.2283366333248837
UBFC_PHYS_s13_T2_ctrl,20,19,20.633333333333333,-0.004182965494692326,1.3409565489759967
UBFC_PHYS_s13_T2_ctrl,20,20,20.666666666666668,0.10761212557554245,1.3815536167336049
UBFC_PHYS_s13_T2_ctrl,20,21,20.7,0.1754496991634369,1.337135082550823
UBFC_PHYS_s13_T2_ctrl,20,22,20.733333333333334,0.19833792746067047,1.2106112564392801
UBFC_PHYS_s13_T2_ctrl,20,23,20.766666666666666,0.19274932146072388,1.020534102944749
UBFC_PHYS_s13_T2_ctrl,20,24,20.8,0.17029936611652374,0.7951776323513303
UBFC_PHYS_s13_T2_ctrl,20,25,20.833333333333332,0.13293547928333282,0.5632256072039606
UBFC_PHYS_s13_T2_ctrl,20,26,20.866666666666667,0.09064861387014389,0.344967572108796
UBFC_PHYS_s13_T2_ctrl,20,27,20.9,0.07266030460596085,0.14772018299447254
UBFC_PHYS_s13_T2_ctrl,20,28,20.933333333333334,0.11568528413772583,-0.033149974892731776
UBFC_PHYS_s13_T2_ctrl,20,29,20.966666666666665,0.23046909272670746,-0.20906547086642102
UBFC_PHYS_s13_T2_ctrl,20,30,21.0,0.3801882565021515,-0.39183931485022044
UBFC_PHYS_s13_T2_ctrl,20,31,21.033333333333335,0.5133228302001953,-0.5886503730682595
UBFC_PHYS_s13_T2_ctrl,20,32,21.066666666666666,0.6141351461410522,-0.7997140637588651
UBFC_PHYS_s13_T2_ctrl,20,33,21.1,0.6845231652259827,-1.0185482485675157
UBFC_PHYS_s13_T2_ctrl,20,34,21.133333333333333,0.7207008004188538,-1.2338139985415357
UBFC_PHYS_s13_T2_ctrl,20,35,21.166666666666668,0.7371864914894104,-1.4314410128944126
UBFC_PHYS_s13_T2_ctrl,20,36,21.2,0.7654557228088379,-1.5960251623305597
UBFC_PHYS_s13_T2_ctrl,20,37,21.233333333333334,0.8067771196365356,-1.7112487566427041
UBFC_PHYS_s13_T2_ctrl,20,38,21.266666666666666,0.8151831030845642,-1.7600327551468393
UBFC_PHYS_s13_T2_ctrl,20,39,21.3,0.7389526963233948,-1.7255642890112632
UBFC_PHYS_s13_T2_ctrl,20,40,21.333333333333332,0.5850651860237122,-1.5938270288542729
UBFC_PHYS_s13_T2_ctrl,20,41,21.366666666666667,0.43745163083076477,-1.3572900180608432
UBFC_PHYS_s13_T2_ctrl,20,42,21.4,0.3923177421092987,-1.018715406873732
UBFC_PHYS_s13_T2_ctrl,20,43,21.433333333333334,0.4707361161708832,-0.5938404088093524
UBFC_PHYS_s13_T2_ctrl,20,44,21.466666666666665,0.621671199798584,-0.11185022069817742
UBFC_PHYS_s13_T2_ctrl,20,45,21.5,0.7810946106910706,0.38706875484220243
UBFC_PHYS_s13_T2_ctrl,20,46,21.533333333333335,0.9034605622291565,0.8572642314806826
UBFC_PHYS_s13_T2_ctrl,20,47,21.566666666666666,0.9779511094093323,1.2555699879417792
UBFC_PHYS_s13_T2_ctrl,20,48,21.6,1.0220338106155396,1.5499161843286415
UBFC_PHYS_s13_T2_ctrl,20,49,21.633333333333333,1.0499471426010132,1.7260325089570134
UBFC_PHYS_s13_T2_ctrl,20,50,21.666666666666668,1.0489751100540161,1.7897622948076584
UBFC_PHYS_s13_T2_ctrl,20,51,21.7,0.9948388338088989,1.763710757377088
UBFC_PHYS_s13_T2_ctrl,20,52,21.733333333333334,0.8788984417915344,1.678968607499773
UBFC_PHYS_s13_T2_ctrl,20,53,21.766666666666666,0.7117609977722168,1.5646372899181642
UBFC_PHYS_s13_T2_ctrl,20,54,21.8,0.512416660785675,1.438910489182066
UBFC_PHYS_s13_T2_ctrl,20,55,21.833333333333332,0.30377334356307983,1.3050465975702603
UBFC_PHYS_s13_T2_ctrl,20,56,21.866666666666667,0.1156160831451416,1.1537506354856024
UBFC_PHYS_s13_T2_ctrl,20,57,21.9,-0.022388756275177002,0.9708591153571455
UBFC_PHYS_s13_T2_ctrl,20,58,21.933333333333334,-0.09657282382249832,0.7468250201018312
UBFC_PHYS_s13_T2_ctrl,20,59,21.966666666666665,-0.11736532300710678,0.48358697343376156
UBFC_PHYS_s13_T2_ctrl,20,60,22.0,-0.11186239123344421,0.1956439680875937
UBFC_PHYS_s13_T2_ctrl,20,61,22.033333333333335,-0.10870891809463501,-0.09503783054086609
UBFC_PHYS_s13_T2_ctrl,20,62,22.066666666666666,-0.1219126507639885,-0.36767532872964664
UBFC_PHYS_s13_T2_ctrl,20,63,22.1,-0.14718328416347504,-0.6106018444415074
UBFC_PHYS_s13_T2_ctrl,20,64,22.133333333333333,-0.17011433839797974,-0.8246797855408973
UBFC_PHYS_s13_T2_ctrl,20,65,22.166666666666668,-0.178128182888031,-1.020532455507236
UBFC_PHYS_s13_T2_ctrl,20,66,22.2,-0.16603492200374603,-1.2106225605060885
UBFC_PHYS_s13_T2_ctrl,20,67,22.233333333333334,-0.13827644288539886,-1.399406264223658
UBFC_PHYS_s13_T2_ctrl,20,68,22.266666666666666,-0.11143072694540024,-1.575788414895428
UBFC_PHYS_s13_T2_ctrl,20,69,22.3,-0.10606949031352997,-1.7115954738925119
UBFC_PHYS_s13_T2_ctrl,20,70,22.333333333333332,-0.12530666589736938,-1.7678673080107086
UBFC_PHYS_s13_T2_ctrl,20,71,22.366666666666667,-0.15376043319702148,-1.707894609745217
UBFC_PHYS_s13_T2_ctrl,20,72,22.4,-0.182247132062912,-1.5129045915459085
UBFC_PHYS_s13_T2_ctrl,20,73,22.433333333333334,-0.22354215383529663,-1.194223874961342
UBFC_PHYS_s13_T2_ctrl,20,74,22.466666666666665,-0.2931163012981415,-0.7957813850276321
UBFC_PHYS_s13_T2_ctrl,20,75,22.5,-0.3888046145439148,-0.383787649377454
UBFC_PHYS_s13_T2_ctrl,20,76,22.533333333333335,-0.5009061694145203,-0.02588837383837692
UBFC_PHYS_s13_T2_ctrl,20,77,22.566666666666666,-0.6252261400222778,0.23230571905288788
UBFC_PHYS_s13_T2_ctrl,20,78,22.6,-0.7671127319335938,0.3827820282732365
UBFC_PHYS_s13_T2_ctrl,20,79,22.633333333333333,-0.9415027499198914,0.4549607524584377
UBFC_PHYS_s13_T2_ctrl,20,80,22.666666666666668,-1.1294095516204834,0.4995648213634301
UBFC_PHYS_s13_T2_ctrl,20,81,22.7,-1.240618109703064,0.5642901591747266
UBFC_PHYS_s13_T2_ctrl,20,82,22.733333333333334,-1.20822012424469,0.6726844054007922
UBFC_PHYS_s13_T2_ctrl,20,83,22.766666666666666,-1.09414803981781,0.8156428122906138
UBFC_PHYS_s13_T2_ctrl,20,84,22.8,-1.0067569017410278,0.9587770635670805
UBFC_PHYS_s13_T2_ctrl,20,85,22.833333333333332,-0.9571548104286194,1.0613159473624527
UBFC_PHYS_s13_T2_ctrl,20,86,22.866666666666667,-0.8974101543426514,1.0965533567179628
UBFC_PHYS_s13_T2_ctrl,20,87,22.9,-0.8118445873260498,1.063520553629439
UBFC_PHYS_s13_T2_ctrl,20,88,22.933333333333334,-0.7409589886665344,0.9850965408216138
UBFC_PHYS_s13_T2_ctrl,20,89,22.966666666666665,-0.7434929609298706,0.8951183300237121
UBFC_PHYS_s13_T2_ctrl,20,90,23.0,-0.7977182269096375,0.8215892338434888
UBFC_PHYS_s13_T2_ctrl,20,91,23.033333333333335,-0.7503304481506348,0.7737904152908115
UBFC_PHYS_s13_T2_ctrl,20,92,23.066666666666666,-0.5065376162528992,0.7389095784723303
UBFC_PHYS_s13_T2_ctrl,20,93,23.1,-0.1929333657026291,0.6893277836830415
UBFC_PHYS_s13_T2_ctrl,20,94,23.133333333333333,-0.021116822957992554,0.59639494441047
UBFC_PHYS_s13_T2_ctrl,20,95,23.166666666666668,-0.05645418167114258,0.443611702146959
UBFC_PHYS_s13_T2_ctrl,20,96,23.2,-0.21394993364810944,0.2335929387082332
UBFC_PHYS_s13_T2_ctrl,20,97,23.233333333333334,-0.4030133783817291,-0.012923726822563866
UBFC_PHYS_s13_T2_ctrl,20,98,23.266666666666666,-0.5916385650634766,-0.2644651610570133
UBFC_PHYS_s13_T2_ctrl,20,99,23.3,-0.7658572793006897,-0.4893209852384897
UBFC_PHYS_s13_T2_ctrl,20,100,23.333333333333332,-0.8519071936607361,-0.6654124103285838
UBFC_PHYS_s13_T2_ctrl,20,101,23.366666666666667,-0.7453151941299438,-0.7862988787244537
UBFC_PHYS_s13_T2_ctrl,20,102,23.4,-0.4871455430984497,-0.8613746259933611
UBFC_PHYS_s13_T2_ctrl,20,103,23.433333333333334,-0.2453693300485611,-0.9102464686671763
UBFC_PHYS_s13_T2_ctrl,20,104,23.466666666666665,-0.04986714571714401,-0.9534652214312985
UBFC_PHYS_s13_T2_ctrl,20,105,23.5,0.16661207377910614,-1.0032275562287971
UBFC_PHYS_s13_T2_ctrl,20,106,23.533333333333335,0.2680175006389618,-1.057613487500092
UBFC_PHYS_s13_T2_ctrl,20,107,23.566666666666666,0.10346351563930511,-1.1005923115684166
UBFC_PHYS_s13_T2_ctrl,20,108,23.6,-0.17078985273838043,-1.1080379713263728
UBFC_PHYS_s13_T2_ctrl,20,109,23.633333333333333,-0.31817930936813354,-1.057735771462428
UBFC_PHYS_s13_T2_ctrl,20,110,23.666666666666668,-0.3318806290626526,-0.9394160186347954
UBFC_PHYS_s13_T2_ctrl,20,111,23.7,-0.33067789673805237,-0.7603296496142682
UBFC_PHYS_s13_T2_ctrl,20,112,23.733333333333334,-0.3796868920326233,-0.5434936370203778
UBFC_PHYS_s13_T2_ctrl,20,113,23.766666666666666,-0.5305395722389221,-0.31889187265760394
UBFC_PHYS_s13_T2_ctrl,20,114,23.8,-0.835797131061554,-0.11124140607690261
UBFC_PHYS_s13_T2_ctrl,20,115,23.833333333333332,-1.221031665802002,0.06999426016452591
UBFC_PHYS_s13_T2_ctrl,20,116,23.866666666666667,-1.4995061159133911,0.23300572075231712
UBFC_PHYS_s13_T2_ctrl,20,117,23.9,-1.5814602375030518,0.3964692099791484
UBFC_PHYS_s13_T2_ctrl,20,118,23.933333333333334,-1.57889986038208,0.5761211828226633
UBFC_PHYS_s13_T2_ctrl,20,119,23.966666666666665,-1.6402987241744995,0.7723132401748196
UBFC_PHYS_s13_T2_ctrl,20,120,24.0,-1.782214879989624,0.9655159165757432
UBFC_PHYS_s13_T2_ctrl,20,121,24.033333333333335,-1.9117214679718018,1.1225537406848662
UBFC_PHYS_s13_T2_ctrl,20,122,24.066666666666666,-1.9197485446929932,1.210699676691648
UBFC_PHYS_s13_T2_ctrl,20,123,24.1,-1.7535568475723267,1.2126114287801977
UBFC_PHYS_s13_T2_ctrl,20,124,24.133333333333333,-1.467282772064209,1.1345991629441106
UBFC_PHYS_s13_T2_ctrl,20,125,24.166666666666668,-1.1698412895202637,1.0040970160455778
UBFC_PHYS_s13_T2_ctrl,20,126,24.2,-0.9223446846008301,0.8577402765801431
UBFC_PHYS_s13_T2_ctrl,20,127,24.233333333333334,-0.7264602780342102,0.726014578816699
UBFC_PHYS_s13_T2_ctrl,20,128,24.266666666666666,-0.5653068423271179,0.6215984400422293
UBFC_PHYS_s13_T2_ctrl,20,129,24.3,-0.4221484065055847,0.5362912648991586
UBFC_PHYS_s13_T2_ctrl,20,130,24.333333333333332,-0.29583150148391724,0.44736042704018397
UBFC_PHYS_s13_T2_ctrl,20,131,24.366666666666667,-0.19319038093090057,0.3299690241518685
UBFC_PHYS_s13_T2_ctrl,20,132,24.4,-0.10582235455513,0.1696968500645661
UBFC_PHYS_s13_T2_ctrl,20,133,24.433333333333334,-0.016523361206054688,-0.030584138624128603
UBFC_PHYS_s13_T2_ctrl,20,134,24.466666666666665,0.08062142133712769,-0.25204541020235677
UBFC_PHYS_s13_T2_ctrl,20,135,24.5,0.183466836810112,-0.4679364010806054
UBFC_PHYS_s13_T2_ctrl,20,136,24.533333333333335,0.29508399963378906,-0.6541370593551962
UBFC_PHYS_s13_T2_ctrl,20,137,24.566666666666666,0.4255593717098236,-0.7975907013965143
UBFC_PHYS_s13_T2_ctrl,20,138,24.6,0.5680028200149536,-0.8993626032812834
UBFC_PHYS_s13_T2_ctrl,20,139,24.633333333333333,0.6665414571762085,-0.9714551230985173
UBFC_PHYS_s13_T2_ctrl,20,140,24.666666666666668,0.6580366492271423,-1.0289456451586176
UBFC_PHYS_s13_T2_ctrl,20,141,24.7,0.5565356612205505,-1.080725304290088
UBFC_PHYS_s13_T2_ctrl,20,142,24.733333333333334,0.43280544877052307,-1.122648472993369
UBFC_PHYS_s13_T2_ctrl,20,143,24.766666666666666,0.32706359028816223,-1.1361708647275186
UBFC_PHYS_s13_T2_ctrl,20,144,24.8,0.25896239280700684,-1.0937514761529756
UBFC_PHYS_s13_T2_ctrl,20,145,24.833333333333332,0.27120062708854675,-0.9697997374397327
UBFC_PHYS_s13_T2_ctrl,20,146,24.866666666666667,0.3803299367427826,-0.7534367505022141
UBFC_PHYS_s13_T2_ctrl,20,147,24.9,0.5393744111061096,-0.4578030838775423
UBFC_PHYS_s13_T2_ctrl,20,148,24.933333333333334,0.6875777840614319,-0.12103055661317058
UBFC_PHYS_s13_T2_ctrl,20,149,24.966666666666665,0.791240394115448,0.20326639220929454
UBFC_PHYS_s13_T2_ctrl,20,150,25.0,0.8338831663131714,0.46360026301574553
UBFC_PHYS_s13_T2_ctrl,20,151,25.033333333333335,0.8131038546562195,0.6294197588698065
UBFC_PHYS_s13_T2_ctrl,20,152,25.066666666666666,0.7674031853675842,0.7021780720144122
UBFC_PHYS_s13_T2_ctrl,20,153,25.1,0.7301052212715149,0.7124270657666562
UBFC_PHYS_s13_T2_ctrl,20,154,25.133333333333333,0.698112428188324,0.7038355466711491
UBFC_PHYS_s13_T2_ctrl,20,155,25.166666666666668,0.654873251914978,0.7121417826112576
UBFC_PHYS_s13_T2_ctrl,20,156,25.2,0.6082170009613037,0.7494719436633781
UBFC_PHYS_s13_T2_ctrl,20,157,25.233333333333334,0.5698085427284241,0.8013072923113302
UBFC_PHYS_s13_T2_ctrl,20,158,25.266666666666666,0.5250042080879211,0.8367842708577005
UBFC_PHYS_s13_T2_ctrl,20,159,25.3,0.44532379508018494,0.8263257870985584
UBFC_PHYS_s13_T2_ctrl,20,160,25.333333333333332,0.34746724367141724,0.7571192012434356
UBFC_PHYS_s13_T2_ctrl,20,161,25.366666666666667,0.30502551794052124,0.6386311860891626
UBFC_PHYS_s13_T2_ctrl,20,162,25.4,0.38337138295173645,0.49639897006262684
UBFC_PHYS_s13_T2_ctrl,20,163,25.433333333333334,0.5591684579849243,0.35871581233645206
UBFC_PHYS_s13_T2_ctrl,20,164,25.466666666666665,0.7236730456352234,0.24361867694209136
UBFC_PHYS_s13_T2_ctrl,20,165,25.5,0.8063026070594788,0.15227985444701994
UBFC_PHYS_s13_T2_ctrl,20,166,25.533333333333335,0.8121482133865356,0.0711634565811547
UBFC_PHYS_s13_T2_ctrl,20,167,25.566666666666666,0.8102172613143921,-0.018969527462822267
UBFC_PHYS_s13_T2_ctrl,20,168,25.6,0.8059664964675903,-0.1321585261716951
UBFC_PHYS_s13_T2_ctrl,20,169,25.633333333333333,0.825342059135437,-0.26975194068260594
UBFC_PHYS_s13_T2_ctrl,20,170,25.666666666666668,0.8821408748626709,-0.41923689442486717
UBFC_PHYS_s13_T2_ctrl,20,171,25.7,1.0106358528137207,-0.5590070465785822
UBFC_PHYS_s13_T2_ctrl,20,172,25.733333333333334,1.1507792472839355,-0.666490809342242
UBFC_PHYS_s13_T2_ctrl,20,173,25.766666666666666,1.2827341556549072,-0.7263123180583101
UBFC_PHYS_s13_T2_ctrl,20,174,25.8,1.3983154296875,-0.735427631580372
UBFC_PHYS_s13_T2_ctrl,20,175,25.833333333333332,1.5297232866287231,-0.7033978618522103
UBFC_PHYS_s13_T2_ctrl,20,176,25.866666666666667,1.6806089878082275,-0.6479269402417451
UBFC_PHYS_s13_T2_ctrl,20,177,25.9,1.9009830951690674,-0.5876434074514855
UBFC_PHYS_s13_T2_ctrl,20,178,25.933333333333334,2.1251730918884277,-0.5350047038570948
UBFC_PHYS_s13_T2_ctrl,20,179,25.966666666666665,1.8968509435653687,-0.4920153285898493
UBFC_PHYS_s13_T2_ctrl,20,180,26.0,1.5870592594146729,-0.45043195190548374
UBFC_PHYS_s13_T2_ctrl,20,181,26.033333333333335,1.2637474536895752,-0.39652628533863077
UBFC_PHYS_s13_T2_ctrl,20,182,26.066666666666666,0.8867310285568237,-0.31866528955074447
UBFC_PHYS_s13_T2_ctrl,20,183,26.1,0.5342438220977783,-0.2145871614082448
UBFC_PHYS_s13_T2_ctrl,20,184,26.133333333333333,0.34185558557510376,-0.09494343239392247
UBFC_PHYS_s13_T2_ctrl,20,185,26.166666666666668,0.20641767978668213,0.019225383726960324
UBFC_PHYS_s13_T2_ctrl,20,186,26.2,0.04933052882552147,0.10502172594025677
UBFC_PHYS_s13_T2_ctrl,20,187,26.233333333333334,-0.06514353305101395,0.1490979778793693
UBFC_PHYS_s13_T2_ctrl,20,188,26.266666666666666,-0.012888793833553791,0.15640203442952183
UBFC_PHYS_s13_T2_ctrl,20,189,26.3,0.09408217668533325,0.15099838437294963
UBFC_PHYS_s13_T2_ctrl,20,190,26.333333333333332,0.15114127099514008,0.1673810957512
UBFC_PHYS_s13_T2_ctrl,20,191,26.366666666666667,0.12671419978141785,0.23567178544537315
UBFC_PHYS_s13_T2_ctrl,20,192,26.4,0.06631381064653397,0.3673786270408646
UBFC_PHYS_s13_T2_ctrl,20,193,26.433333333333334,-0.013010714203119278,0.5483910843504668
UBFC_PHYS_s13_T2_ctrl,20,194,26.466666666666665,-0.07567159086465836,0.7426807202773417
UBFC_PHYS_s13_T2_ctrl,20,195,26.5,-0.08779121190309525,0.9052798359691079
UBFC_PHYS_s13_T2_ctrl,20,196,26.533333333333335,-0.04689161106944084,0.9988034127282722
UBFC_PHYS_s13_T2_ctrl,20,197,26.566666666666666,0.0020943256095051765,1.0062591993653134
UBFC_PHYS_s13_T2_ctrl,20,198,26.6,0.018240638077259064,0.9349874844563915
UBFC_PHYS_s13_T2_ctrl,20,199,26.633333333333333,-0.004624517634510994,0.8108951407475394
UBFC_PHYS_s13_T2_ctrl,20,200,26.666666666666668,-0.048792921006679535,0.6663448376036448
UBFC_PHYS_s13_T2_ctrl,20,201,26.7,-0.08633804321289062,0.5273309985482076
UBFC_PHYS_s13_T2_ctrl,20,202,26.733333333333334,-0.11647562682628632,0.40521654237027926
UBFC_PHYS_s13_T2_ctrl,20,203,26.766666666666666,-0.16835471987724304,0.2958870615966333
UBFC_PHYS_s13_T2_ctrl,20,204,26.8,-0.2563883662223816,0.18591311900839713
UBFC_PHYS_s13_T2_ctrl,20,205,26.833333333333332,-0.3397066295146942,0.062319492568831694
UBFC_PHYS_s13_T2_ctrl,20,206,26.866666666666667,-0.388356477022171,-0.07906482418740546
UBFC_PHYS_s13_T2_ctrl,20,207,26.9,-0.4458933472633362,-0.23085260437976374
UBFC_PHYS_s13_T2_ctrl,20,208,26.933333333333334,-0.5581333041191101,-0.3778868254522214
UBFC_PHYS_s13_T2_ctrl,20,209,26.966666666666665,-0.6824665069580078,-0.5050594152874177
UBFC_PHYS_s13_T2_ctrl,20,210,27.0,-0.7612407207489014,-0.6051165799424648
UBFC_PHYS_s13_T2_ctrl,20,211,27.033333333333335,-0.8438571095466614,-0.6829314404541761
UBFC_PHYS_s13_T2_ctrl,20,212,27.066666666666666,-1.0329337120056152,-0.7543504013147869
UBFC_PHYS_s13_T2_ctrl,20,213,27.1,-1.342883586883545,-0.8396948339690995
UBFC_PHYS_s13_T2_ctrl,20,214,27.133333333333333,-1.6287590265274048,-0.9538682329838236
UBFC_PHYS_s13_T2_ctrl,20,215,27.166666666666668,-1.6505730152130127,-1.096512130553413
UBFC_PHYS_s13_T2_ctrl,20,216,27.2,-1.3435064554214478,-1.2463655360714623
UBFC_PHYS_s13_T2_ctrl,20,217,27.233333333333334,-0.9544824361801147,-1.363165829802631
UBFC_PHYS_s13_T2_ctrl,20,218,27.266666666666666,-0.7213230729103088,-1.397851933646232
UBFC_PHYS_s13_T2_ctrl,20,219,27.3,-0.5732679963111877,-1.3085351561974727
UBFC_PHYS_s13_T2_ctrl,20,220,27.333333333333332,-0.4005354046821594,-1.0770766666426204
UBFC_PHYS_s13_T2_ctrl,20,221,27.366666666666667,-0.29694855213165283,-0.7198504370581581
UBFC_PHYS_s13_T2_ctrl,20,222,27.4,-0.3266940414905548,-0.28704515077200005
UBFC_PHYS_s13_T2_ctrl,20,223,27.433333333333334,-0.35626155138015747,0.1511826039747906
UBFC_PHYS_s13_T2_ctrl,20,224,27.466666666666665,-0.2874617874622345,0.5269175492940771
UBFC_PHYS_s13_T2_ctrl,20,225,27.5,-0.20750458538532257,0.7954590832118885
UBFC_PHYS_s13_T2_ctrl,20,226,27.533333333333335,-0.158508762717247,0.9460315333902763
UBFC_PHYS_s13_T2_ctrl,20,227,27.566666666666666,-0.04305603727698326,0.998505058255793
UBFC_PHYS_s13_T2_ctrl,20,228,27.6,0.13591760396957397,0.9890902668082273
UBFC_PHYS_s13_T2_ctrl,20,229,27.633333333333333,0.2511759102344513,0.9525962690559326
UBFC_PHYS_s13_T2_ctrl,20,230,27.666666666666668,0.22959916293621063,0.9093636447242072
UBFC_PHYS_s13_T2_ctrl,20,231,27.7,0.0801633968949318,0.861763852584768
UBFC_PHYS_s13_T2_ctrl,20,232,27.733333333333334,-0.17472757399082184,0.8001766146151645
UBFC_PHYS_s13_T2_ctrl,20,233,27.766666666666666,-0.4930900037288666,0.7139962216008036
UBFC_PHYS_s13_T2_ctrl,20,234,27.8,-0.7713437080383301,0.6013525444113624
UBFC_PHYS_s13_T2_ctrl,20,235,27.833333333333332,-0.8810035586357117,0.47253821443060323
UBFC_PHYS_s13_T2_ctrl,20,236,27.866666666666667,-0.7891112565994263,0.3458495535244373
UBFC_PHYS_s13_T2_ctrl,20,237,27.9,-0.6043776273727417,0.23864977383105707
UBFC_PHYS_s13_T2_ctrl,20,238,27.933333333333334,-0.43602433800697327,0.15882448181157693
UBFC_PHYS_s13_T2_ctrl,20,239,27.966666666666665,-0.29562389850616455,0.10137178907184824
UBFC_PHYS_s13_T2_ctrl,21,0,21.0,0.3801882565021515,-0.1722599861726961
UBFC_PHYS_s13_T2_ctrl,21,1,21.033333333333335,0.5133228302001953,-0.5963319540486899
UBFC_PHYS_s13_T2_ctrl,21,2,21.066666666666666,0.6141351461410522,-0.9922499499385501
UBFC_PHYS_s13_T2_ctrl,21,3,21.1,0.6845231652259827,-1.3369628540098561
UBFC_PHYS_s13_T2_ctrl,21,4,21.133333333333333,0.7207008004188538,-1.6148333436323996
UBFC_PHYS_s13_T2_ctrl,21,5,21.166666666666668,0.7371864914894104,-1.8194449387347613
UBFC_PHYS_s13_T2_ctrl,21,6,21.2,0.7654557228088379,-1.9521266559190755
UBFC_PHYS_s13_T2_ctrl,21,7,21.233333333333334,0.8067771196365356,-2.017405407550765
UBFC_PHYS_s13_T2_ctrl,21,8,21.266666666666666,0.8151831030845642,-2.017579241223694
UBFC_PHYS_s13_T2_ctrl,21,9,21.3,0.7389526963233948,-1.949498180715177
UBFC_PHYS_s13_T2_ctrl,21,10,21.333333333333332,0.5850651860237122,-1.8058167296359817
UBFC_PHYS_s13_T2_ctrl,21,11,21.366666666666667,0.43745163083076477,-1.5805502196768488
UBFC_PHYS_s13_T2_ctrl,21,12,21.4,0.3923177421092987,-1.2758911827190196
UBFC_PHYS_s13_T2_ctrl,21,13,21.433333333333334,0.4707361161708832,-0.9060837727635885
UBFC_PHYS_s13_T2_ctrl,21,14,21.466666666666665,0.621671199798584,-0.49592283177977275
UBFC_PHYS_s13_T2_ctrl,21,15,21.5,0.7810946106910706,-0.07475936086935886
UBFC_PHYS_s13_T2_ctrl,21,16,21.533333333333335,0.9034605622291565,0.3306400921332586
UBFC_PHYS_s13_T2_ctrl,21,17,21.566666666666666,0.9779511094093323,0.7008870012129695
UBFC_PHYS_s13_T2_ctrl,21,18,21.6,1.0220338106155396,1.0249565738639146
UBFC_PHYS_s13_T2_ctrl,21,19,21.633333333333333,1.0499471426010132,1.2982726253326458
UBFC_PHYS_s13_T2_ctrl,21,20,21.666666666666668,1.0489751100540161,1.5197354215151495
UBFC_PHYS_s13_T2_ctrl,21,21,21.7,0.9948388338088989,1.6890453117133744
UBFC_PHYS_s13_T2_ctrl,21,22,21.733333333333334,0.8788984417915344,1.8047738694238713
UBFC_PHYS_s13_T2_ctrl,21,23,21.766666666666666,0.7117609977722168,1.863217236771515
UBFC_PHYS_s13_T2_ctrl,21,24,21.8,0.512416660785675,1.8583460804926155
UBFC_PHYS_s13_T2_ctrl,21,25,21.833333333333332,0.30377334356307983,1.7834298613848991
UBFC_PHYS_s13_T2_ctrl,21,26,21.866666666666667,0.1156160831451416,1.6344172141301077
UBFC_PHYS_s13_T2_ctrl,21,27,21.9,-0.022388756275177002,1.4140418420120036
UBFC_PHYS_s13_T2_ctrl,21,28,21.933333333333334,-0.09657282382249832,1.1346605858617818
UBFC_PHYS_s13_T2_ctrl,21,29,21.966666666666665,-0.11736532300710678,0.8178778108909883
UBFC_PHYS_s13_T2_ctrl,21,30,22.0,-0.11186239123344421,0.4903421207757721
UBFC_PHYS_s13_T2_ctrl,21,31,22.033333333333335,-0.10870891809463501,0.17692205763625424
UBFC_PHYS_s13_T2_ctrl,21,32,22.066666666666666,-0.1219126507639885,-0.10628336596365498
UBFC_PHYS_s13_T2_ctrl,21,33,22.1,-0.14718328416347504,-0.3563979028109515
UBFC_PHYS_s13_T2_ctrl,21,34,22.133333333333333,-0.17011433839797974,-0.5836860688339133
UBFC_PHYS_s13_T2_ctrl,21,35,22.166666666666668,-0.178128182888031,-0.8063271591475811
UBFC_PHYS_s13_T2_ctrl,21,36,22.2,-0.16603492200374603,-1.0411744931410782
UBFC_PHYS_s13_T2_ctrl,21,37,22.233333333333334,-0.13827644288539886,-1.2933811873219885
UBFC_PHYS_s13_T2_ctrl,21,38,22.266666666666666,-0.11143072694540024,-1.5489745128750565
UBFC_PHYS_s13_T2_ctrl,21,39,22.3,-0.10606949031352997,-1.7742021609491714
UBFC_PHYS_s13_T2_ctrl,21,40,22.333333333333332,-0.12530666589736938,-1.9232931978644372
UBFC_PHYS_s13_T2_ctrl,21,41,22.366666666666667,-0.15376043319702148,-1.952879771591
UBFC_PHYS_s13_T2_ctrl,21,42,22.4,-0.182247132062912,-1.8381302904418304
UBFC_PHYS_s13_T2_ctrl,21,43,22.433333333333334,-0.22354215383529663,-1.5840790285160153
UBFC_PHYS_s13_T2_ctrl,21,44,22.466666666666665,-0.2931163012981415,-1.2267073294164712
UBFC_PHYS_s13_T2_ctrl,21,45,22.5,-0.3888046145439148,-0.8222212418452759
UBFC_PHYS_s13_T2_ctrl,21,46,22.533333333333335,-0.5009061694145203,-0.4284058988008829
UBFC_PHYS_s13_T2_ctrl,21,47,22.566666666666666,-0.6252261400222778,-0.08600960605804286
UBFC_PHYS_s13_T2_ctrl,21,48,22.6,-0.7671127319335938,0.19169060412749306
UBFC_PHYS_s13_T2_ctrl,21,49,22.633333333333333,-0.9415027499198914,0.41679757282038266
UBFC_PHYS_s13_T2_ctrl,21,50,22.666666666666668,-1.1294095516204834,0.6137855135435998
UBFC_PHYS_s13_T2_ctrl,21,51,22.7,-1.240618109703064,0.802419545537544
UBFC_PHYS_s13_T2_ctrl,21,52,22.733333333333334,-1.20822012424469,0.9853488856285018
UBFC_PHYS_s13_T2_ctrl,21,53,22.766666666666666,-1.09414803981781,1.146505215932237
UBFC_PHYS_s13_T2_ctrl,21,54,22.8,-1.0067569017410278,1.2604102620958788
UBFC_PHYS_s13_T2_ctrl,21,55,22.833333333333332,-0.9571548104286194,1.3065736069725575
UBFC_PHYS_s13_T2_ctrl,21,56,22.866666666666667,-0.8974101543426514,1.280840326859747
UBFC_PHYS_s13_T2_ctrl,21,57,22.9,-0.8118445873260498,1.197868348385161
UBFC_PHYS_s13_T2_ctrl,21,58,22.933333333333334,-0.7409589886665344,1.0842617742202014
UBFC_PHYS_s13_T2_ctrl,21,59,22.966666666666665,-0.7434929609298706,0.9666806608344636
UBFC_PHYS_s13_T2_ctrl,21,60,23.0,-0.7977182269096375,0.8607647897807823
UBFC_PHYS_s13_T2_ctrl,21,61,23.033333333333335,-0.7503304481506348,0.7654946981216257
UBFC_PHYS_s13_T2_ctrl,21,62,23.066666666666666,-0.5065376162528992,0.6653020413903507
UBFC_PHYS_s13_T2_ctrl,21,63,23.1,-0.1929333657026291,0.5391054959958476
UBFC_PHYS_s13_T2_ctrl,21,64,23.133333333333333,-0.021116822957992554,0.37198523025069546
UBFC_PHYS_s13_T2_ctrl,21,65,23.166666666666668,-0.05645418167114258,0.16370471081851407
UBFC_PHYS_s13_T2_ctrl,21,66,23.2,-0.21394993364810944,-0.0697539095534156
UBFC_PHYS_s13_T2_ctrl,21,67,23.233333333333334,-0.4030133783817291,-0.3017148835282581
UBFC_PHYS_s13_T2_ctrl,21,68,23.266666666666666,-0.5916385650634766,-0.5044909479088704
UBFC_PHYS_s13_T2_ctrl,21,69,23.3,-0.7658572793006897,-0.6591085519049205
UBFC_PHYS_s13_T2_ctrl,21,70,23.333333333333332,-0.8519071936607361,-0.7613587863867409
UBFC_PHYS_s13_T2_ctrl,21,71,23.366666666666667,-0.7453151941299438,-0.8220191197000601
UBFC_PHYS_s13_T2_ctrl,21,72,23.4,-0.4871455430984497,-0.8612553090979291
UBFC_PHYS_s13_T2_ctrl,21,73,23.433333333333334,-0.2453693300485611,-0.8993743899886294
UBFC_PHYS_s13_T2_ctrl,21,74,23.466666666666665,-0.04986714571714401,-0.9475874258505409
UBFC_PHYS_s13_T2_ctrl,21,75,23.5,0.16661207377910614,-1.0025261778630992
UBFC_PHYS_s13_T2_ctrl,21,76,23.533333333333335,0.2680175006389618,-1.0467274572909262
UBFC_PHYS_s13_T2_ctrl,21,77,23.566666666666666,0.10346351563930511,-1.0549155618727941
UBFC_PHYS_s13_T2_ctrl,21,78,23.6,-0.17078985273838043,-1.0037390284911287
UBFC_PHYS_s13_T2_ctrl,21,79,23.633333333333333,-0.31817930936813354,-0.8812769631033035
UBFC_PHYS_s13_T2_ctrl,21,80,23.666666666666668,-0.3318806290626526,-0.692503746204485
UBFC_PHYS_s13_T2_ctrl,21,81,23.7,-0.33067789673805237,-0.4583544823630458
UBFC_PHYS_s13_T2_ctrl,21,82,23.733333333333334,-0.3796868920326233,-0.20877889192890806
UBFC_PHYS_s13_T2_ctrl,21,83,23.766666666666666,-0.5305395722389221,0.02720618881112397
UBFC_PHYS_s13_T2_ctrl,21,84,23.8,-0.835797131061554,0.2303419823859397
UBFC_PHYS_s13_T2_ctrl,21,85,23.833333333333332,-1.221031665802002,0.39530561252983043
UBFC_PHYS_s13_T2_ctrl,21,86,23.866666666666667,-1.4995061159133911,0.5285800958932958
UBFC_PHYS_s13_T2_ctrl,21,87,23.9,-1.5814602375030518,0.6410712360703362
UBFC_PHYS_s13_T2_ctrl,21,88,23.933333333333334,-1.57889986038208,0.7392230192960567
UBFC_PHYS_s13_T2_ctrl,21,89,23.966666666666665,-1.6402987241744995,0.819397376799745
UBFC_PHYS_s13_T2_ctrl,21,90,24.0,-1.782214879989624,0.8686070721756382
UBFC_PHYS_s13_T2_ctrl,21,91,24.033333333333335,-1.9117214679718018,0.8712620799980507
UBFC_PHYS_s13_T2_ctrl,21,92,24.066666666666666,-1.9197485446929932,0.8183820013990716
UBFC_PHYS_s13_T2_ctrl,21,93,24.1,-1.7535568475723267,0.7144740059139537
UBFC_PHYS_s13_T2_ctrl,21,94,24.133333333333333,-1.467282772064209,0.578599800794098
UBFC_PHYS_s13_T2_ctrl,21,95,24.166666666666668,-1.1698412895202637,0.4390640117496436
UBFC_PHYS_s13_T2_ctrl,21,96,24.2,-0.9223446846008301,0.32400250175029993
UBFC_PHYS_s13_T2_ctrl,21,97,24.233333333333334,-0.7264602780342102,0.2517567752243856
UBFC_PHYS_s13_T2_ctrl,21,98,24.266666666666666,-0.5653068423271179,0.2248331523645209
UBFC_PHYS_s13_T2_ctrl,21,99,24.3,-0.4221484065055847,0.22973027568809518
UBFC_PHYS_s13_T2_ctrl,21,100,24.333333333333332,-0.29583150148391724,0.24265784978166832
UBFC_PHYS_s13_T2_ctrl,21,101,24.366666666666667,-0.19319038093090057,0.2388963569368153
UBFC_PHYS_s13_T2_ctrl,21,102,24.4,-0.10582235455513,0.20201813203312108
UBFC_PHYS_s13_T2_ctrl,21,103,24.433333333333334,-0.016523361206054688,0.12914559840250725
UBFC_PHYS_s13_T2_ctrl,21,104,24.466666666666665,0.08062142133712769,0.030120412940349502
UBFC_PHYS_s13_T2_ctrl,21,105,24.5,0.183466836810112,-0.07871061224722828
UBFC_PHYS_s13_T2_ctrl,21,106,24.533333333333335,0.29508399963378906,-0.18272895156960497
UBFC_PHYS_s13_T2_ctrl,21,107,24.566666666666666,0.4255593717098236,-0.27504771281911894
UBFC_PHYS_s13_T2_ctrl,21,108,24.6,0.5680028200149536,-0.35757480284817744
UBFC_PHYS_s13_T2_ctrl,21,109,24.633333333333333,0.6665414571762085,-0.4371647264812813
UBFC_PHYS_s13_T2_ctrl,21,110,24.666666666666668,0.6580366492271423,-0.5191021972032985
UBFC_PHYS_s13_T2_ctrl,21,111,24.7,0.5565356612205505,-0.6011352787885014
UBFC_PHYS_s13_T2_ctrl,21,112,24.733333333333334,0.43280544877052307,-0.6709981373115639
UBFC_PHYS_s13_T2_ctrl,21,113,24.766666666666666,0.32706359028816223,-0.7089836387245716
UBFC_PHYS_s13_T2_ctrl,21,114,24.8,0.25896239280700684,-0.6950545382396266
UBFC_PHYS_s13_T2_ctrl,21,115,24.833333333333332,0.27120062708854675,-0.6179770347310318
UBFC_PHYS_s13_T2_ctrl,21,116,24.866666666666667,0.3803299367427826,-0.4827837498142629
UBFC_PHYS_s13_T2_ctrl,21,117,24.9,0.5393744111061096,-0.3129343506799508
UBFC_PHYS_s13_T2_ctrl,21,118,24.933333333333334,0.6875777840614319,-0.1450390752419907
UBFC_PHYS_s13_T2_ctrl,21,119,24.966666666666665,0.791240394115448,-0.01703737918483285
UBFC_PHYS_s13_T2_ctrl,21,120,25.0,0.8338831663131714,0.04564048870591921
UBFC_PHYS_s13_T2_ctrl,21,121,25.033333333333335,0.8131038546562195,0.03963360498650702
UBFC_PHYS_s13_T2_ctrl,21,122,25.066666666666666,0.7674031853675842,-0.015545882114108903
UBFC_PHYS_s13_T2_ctrl,21,123,25.1,0.7301052212715149,-0.08571103281946732
UBFC_PHYS_s13_T2_ctrl,21,124,25.133333333333333,0.698112428188324,-0.13535416857562563
UBFC_PHYS_s13_T2_ctrl,21,125,25.166666666666668,0.654873251914978,-0.14033501964531828
UBFC_PHYS_s13_T2_ctrl,21,126,25.2,0.6082170009613037,-0.09490934688171815
UBFC_PHYS_s13_T2_ctrl,21,127,25.233333333333334,0.5698085427284241,-0.01087169764367759
UBFC_PHYS_s13_T2_ctrl,21,128,25.266666666666666,0.5250042080879211,0.09016155574944702
UBFC_PHYS_s13_T2_ctrl,21,129,25.3,0.44532379508018494,0.18755870143676207
UBFC_PHYS_s13_T2_ctrl,21,130,25.333333333333332,0.34746724367141724,0.2703969272573034
UBFC_PHYS_s13_T2_ctrl,21,131,25.366666666666667,0.30502551794052124,0.3398766123736097
UBFC_PHYS_s13_T2_ctrl,21,132,25.4,0.38337138295173645,0.4045434020009997
UBFC_PHYS_s13_T2_ctrl,21,133,25.433333333333334,0.5591684579849243,0.4714107037599001
UBFC_PHYS_s13_T2_ctrl,21,134,25.466666666666665,0.7236730456352234,0.5383752184526128
UBFC_PHYS_s13_T2_ctrl,21,135,25.5,0.8063026070594788,0.5926142054516227
UBFC_PHYS_s13_T2_ctrl,21,136,25.533333333333335,0.8121482133865356,0.6161842649967894
UBFC_PHYS_s13_T2_ctrl,21,137,25.566666666666666,0.8102172613143921,0.5957094080383748
UBFC_PHYS_s13_T2_ctrl,21,138,25.6,0.8059664964675903,0.5303831817149697
UBFC_PHYS_s13_T2_ctrl,21,139,25.633333333333333,0.825342059135437,0.43340532749401856
UBFC_PHYS_s13_T2_ctrl,21,140,25.666666666666668,0.8821408748626709,0.32616894408667785
UBFC_PHYS_s13_T2_ctrl,21,141,25.7,1.0106358528137207,0.22884147691304385
UBFC_PHYS_s13_T2_ctrl,21,142,25.733333333333334,1.1507792472839355,0.15238562706839118
UBFC_PHYS_s13_T2_ctrl,21,143,25.766666666666666,1.2827341556549072,0.09554431707296702
UBFC_PHYS_s13_T2_ctrl,21,144,25.8,1.3983154296875,0.047543565530740094
UBFC_PHYS_s13_T2_ctrl,21,145,25.833333333333332,1.5297232866287231,-0.00534217009550327
UBFC_PHYS_s13_T2_ctrl,21,146,25.866666666666667,1.6806089878082275,-0.07271003307277117
UBFC_PHYS_s13_T2_ctrl,21,147,25.9,1.9009830951690674,-0.15561387113792627
UBFC_PHYS_s13_T2_ctrl,21,148,25.933333333333334,2.1251730918884277,-0.24638784324775884
UBFC_PHYS_s13_T2_ctrl,21,149,25.966666666666665,1.8968509435653687,-0.3323608221999541
UBFC_PHYS_s13_T2_ctrl,21,150,26.0,1.5870592594146729,-0.40185871722002475
UBFC_PHYS_s13_T2_ctrl,21,151,26.033333333333335,1.2637474536895752,-0.45021363306739953
UBFC_PHYS_s13_T2_ctrl,21,152,26.066666666666666,0.8867310285568237,-0.4831531368052646
UBFC_PHYS_s13_T2_ctrl,21,153,26.1,0.5342438220977783,-0.5154600246058165
UBFC_PHYS_s13_T2_ctrl,21,154,26.133333333333333,0.34185558557510376,-0.5645854929671374
UBFC_PHYS_s13_T2_ctrl,21,155,26.166666666666668,0.20641767978668213,-0.6413307014597394
UBFC_PHYS_s13_T2_ctrl,21,156,26.2,0.04933052882552147,-0.7415408662194971
UBFC_PHYS_s13_T2_ctrl,21,157,26.233333333333334,-0.06514353305101395,-0.8428297590987345
UBFC_PHYS_s13_T2_ctrl,21,158,26.266666666666666,-0.012888793833553791,-0.9084029466545087
UBFC_PHYS_s13_T2_ctrl,21,159,26.3,0.09408217668533325,-0.8972172653674338
UBFC_PHYS_s13_T2_ctrl,21,160,26.333333333333332,0.15114127099514008,-0.7774319448208947
UBFC_PHYS_s13_T2_ctrl,21,161,26.366666666666667,0.12671419978141785,-0.5389169065192031
UBFC_PHYS_s13_T2_ctrl,21,162,26.4,0.06631381064653397,-0.2004833023285737
UBFC_PHYS_s13_T2_ctrl,21,163,26.433333333333334,-0.013010714203119278,0.19155685815825432
UBFC_PHYS_s13_T2_ctrl,21,164,26.466666666666665,-0.07567159086465836,0.5747096154031974
UBFC_PHYS_s13_T2_ctrl,21,165,26.5,-0.08779121190309525,0.8887921481096254
UBFC_PHYS_s13_T2_ctrl,21,166,26.533333333333335,-0.04689161106944084,1.0943848267091532
UBFC_PHYS_s13_T2_ctrl,21,167,26.566666666666666,0.0020943256095051765,1.1828754152080299
UBFC_PHYS_s13_T2_ctrl,21,168,26.6,0.018240638077259064,1.1741571941048892
UBFC_PHYS_s13_T2_ctrl,21,169,26.633333333333333,-0.004624517634510994,1.1045071372617898
UBFC_PHYS_s13_T2_ctrl,21,170,26.666666666666668,-0.048792921006679535,1.0109273456450019
UBFC_PHYS_s13_T2_ctrl,21,171,26.7,-0.08633804321289062,0.9183140695613288
UBFC_PHYS_s13_T2_ctrl,21,172,26.733333333333334,-0.11647562682628632,0.8335893650294823
UBFC_PHYS_s13_T2_ctrl,21,173,26.766666666666666,-0.16835471987724304,0.7478208180238678
UBFC_PHYS_s13_T2_ctrl,21,174,26.8,-0.2563883662223816,0.6444496329764549
UBFC_PHYS_s13_T2_ctrl,21,175,26.833333333333332,-0.3397066295146942,0.5096708395901144
UBFC_PHYS_s13_T2_ctrl,21,176,26.866666666666667,-0.388356477022171,0.34025655557151796
UBFC_PHYS_s13_T2_ctrl,21,177,26.9,-0.4458933472633362,0.14535699565299515
UBFC_PHYS_s13_T2_ctrl,21,178,26.933333333333334,-0.5581333041191101,-0.05809604661683061
UBFC_PHYS_s13_T2_ctrl,21,179,26.966666666666665,-0.6824665069580078,-0.2535877143085214
UBFC_PHYS_s13_T2_ctrl,21,180,27.0,-0.7612407207489014,-0.4326056583965921
UBFC_PHYS_s13_T2_ctrl,21,181,27.033333333333335,-0.8438571095466614,-0.5980550495070686
UBFC_PHYS_s13_T2_ctrl,21,182,27.066666666666666,-1.0329337120056152,-0.7619476433239905
UBFC_PHYS_s13_T2_ctrl,21,183,27.1,-1.342883586883545,-0.9381445375833927
UBFC_PHYS_s13_T2_ctrl,21,184,27.133333333333333,-1.6287590265274048,-1.1327756110605232
UBFC_PHYS_s13_T2_ctrl,21,185,27.166666666666668,-1.6505730152130127,-1.3360007418342272
UBFC_PHYS_s13_T2_ctrl,21,186,27.2,-1.3435064554214478,-1.5188423514002307
UBFC_PHYS_s13_T2_ctrl,21,187,27.233333333333334,-0.9544824361801147,-1.637505393418884
UBFC_PHYS_s13_T2_ctrl,21,188,27.266666666666666,-0.7213230729103088,-1.6449433838124083
UBFC_PHYS_s13_T2_ctrl,21,189,27.3,-0.5732679963111877,-1.5064820770451273
UBFC_PHYS_s13_T2_ctrl,21,190,27.333333333333332,-0.4005354046821594,-1.2142800667590004
UBFC_PHYS_s13_T2_ctrl,21,191,27.366666666666667,-0.29694855213165283,-0.794718389711318
UBFC_PHYS_s13_T2_ctrl,21,192,27.4,-0.3266940414905548,-0.30402156902617655
UBFC_PHYS_s13_T2_ctrl,21,193,27.433333333333334,-0.35626155138015747,0.18813865862985568
UBFC_PHYS_s13_T2_ctrl,21,194,27.466666666666665,-0.2874617874622345,0.6204960037783743
UBFC_PHYS_s13_T2_ctrl,21,195,27.5,-0.20750458538532257,0.9570494164531517
UBFC_PHYS_s13_T2_ctrl,21,196,27.533333333333335,-0.158508762717247,1.1915041066654388
UBFC_PHYS_s13_T2_ctrl,21,197,27.566666666666666,-0.04305603727698326,1.339156851653759
UBFC_PHYS_s13_T2_ctrl,21,198,27.6,0.13591760396957397,1.422316079705151
UBFC_PHYS_s13_T2_ctrl,21,199,27.633333333333333,0.2511759102344513,1.4574061873860136
UBFC_PHYS_s13_T2_ctrl,21,200,27.666666666666668,0.22959916293621063,1.4495031278361152
UBFC_PHYS_s13_T2_ctrl,21,201,27.7,0.0801633968949318,1.3952642775350865
UBFC_PHYS_s13_T2_ctrl,21,202,27.733333333333334,-0.17472757399082184,1.2908951182908177
UBFC_PHYS_s13_T2_ctrl,21,203,27.766666666666666,-0.4930900037288666,1.1398085324603289
UBFC_PHYS_s13_T2_ctrl,21,204,27.8,-0.7713437080383301,0.9554909690005715
UBFC_PHYS_s13_T2_ctrl,21,205,27.833333333333332,-0.8810035586357117,0.7580278575281029
UBFC_PHYS_s13_T2_ctrl,21,206,27.866666666666667,-0.7891112565994263,0.5661980928051702
UBFC_PHYS_s13_T2_ctrl,21,207,27.9,-0.6043776273727417,0.38933827465684373
UBFC_PHYS_s13_T2_ctrl,21,208,27.933333333333334,-0.43602433800697327,0.22324562295329087
UBFC_PHYS_s13_T2_ctrl,21,209,27.966666666666665,-0.29562389850616455,0.05235866414446601
UBFC_PHYS_s13_T2_ctrl,21,210,28.0,-0.1959879845380783,-0.14257725206720712
UBFC_PHYS_s13_T2_ctrl,21,211,28.033333333333335,-0.20679283142089844,-0.37460826722926643
UBFC_PHYS_s13_T2_ctrl,21,212,28.066666666666666,-0.3138890266418457,-0.6424364682954475
UBFC_PHYS_s13_T2_ctrl,21,213,28.1,-0.4070828855037689,-0.9271904976483482
UBFC_PHYS_s13_T2_ctrl,21,214,28.133333333333333,-0.44026193022727966,-1.1954654152461792
UBFC_PHYS_s13_T2_ctrl,21,215,28.166666666666668,-0.48512229323387146,-1.4078827680718136
UBFC_PHYS_s13_T2_ctrl,21,216,28.2,-0.5969240069389343,-1.5304758298480277
UBFC_PHYS_s13_T2_ctrl,21,217,28.233333333333334,-0.7273895144462585,-1.5449745718796868
UBFC_PHYS_s13_T2_ctrl,21,218,28.266666666666666,-0.7601335644721985,-1.4540755496045017
UBFC_PHYS_s13_T2_ctrl,21,219,28.3,-0.588066577911377,-1.2793883952996656
UBFC_PHYS_s13_T2_ctrl,21,220,28.333333333333332,-0.22701196372509003,-1.052692886031969
UBFC_PHYS_s13_T2_ctrl,21,221,28.366666666666667,0.1816149652004242,-0.8042416055011485
UBFC_PHYS_s13_T2_ctrl,21,222,28.4,0.5031737089157104,-0.5534992570786129
UBFC_PHYS_s13_T2_ctrl,21,223,28.433333333333334,0.6660175323486328,-0.30659307575836187
UBFC_PHYS_s13_T2_ctrl,21,224,28.466666666666665,0.615416944026947,-0.061038991150075064
UBFC_PHYS_s13_T2_ctrl,21,225,28.5,0.3570561707019806,0.18556508159537607
UBFC_PHYS_s13_T2_ctrl,21,226,28.533333333333335,-0.0008317816536873579,0.42775773255189314
UBFC_PHYS_s13_T2_ctrl,21,227,28.566666666666666,-0.35428115725517273,0.6492002368842
UBFC_PHYS_s13_T2_ctrl,21,228,28.6,-0.6969553232192993,0.8257636792346504
UBFC_PHYS_s13_T2_ctrl,21,229,28.633333333333333,-1.0344692468643188,0.9332691661859123
UBFC_PHYS_s13_T2_ctrl,21,230,28.666666666666668,-1.260392427444458,0.9564794144075621
UBFC_PHYS_s13_T2_ctrl,21,231,28.7,-1.2030433416366577,0.8955557297602386
UBFC_PHYS_s13_T2_ctrl,21,232,28.733333333333334,-0.859196126461029,0.7674557914179148
UBFC_PHYS_s13_T2_ctrl,21,233,28.766666666666666,-0.4256313741207123,0.6019169574058401
UBFC_PHYS_s13_T2_ctrl,21,234,28.8,-0.0372367724776268,0.43370301839753805
UBFC_PHYS_s13_T2_ctrl,21,235,28.833333333333332,0.3098694086074829,0.293903631204535
UBFC_PHYS_s13_T2_ctrl,21,236,28.866666666666667,0.6145997643470764,0.20296964539138623
UBFC_PHYS_s13_T2_ctrl,21,237,28.9,0.8828954696655273,0.16711469702310616
UBFC_PHYS_s13_T2_ctrl,21,238,28.933333333333334,1.102521538734436,0.17834832885425925
UBFC_PHYS_s13_T2_ctrl,21,239,28.966666666666665,1.1360037326812744,0.2174434960742773
UBFC_PHYS_s13_T2_ctrl,22,0,22.0,-0.11186239123344421,0.01947689846662267
UBFC_PHYS_s13_T2_ctrl,22,1,22.033333333333335,-0.10870891809463501,-0.16698204702216554
UBFC_PHYS_s13_T2_ctrl,22,2,22.066666666666666,-0.1219126507639885,-0.32042409071212896
UBFC_PHYS_s13_T2_ctrl,22,3,22.1,-0.14718328416347504,-0.41889853511020364
UBFC_PHYS_s13_T2_ctrl,22,4,22.133333333333333,-0.17011433839797974,-0.4620390788675349
UBFC_PHYS_s13_T2_ctrl,22,5,22.166666666666668,-0.178128182888031,-0.4697857223147663
UBFC_PHYS_s13_T2_ctrl,22,6,22.2,-0.16603492200374603,-0.4716768529360452
UBFC_PHYS_s13_T2_ctrl,22,7,22.233333333333334,-0.13827644288539886,-0.49132195101599824
UBFC_PHYS_s13_T2_ctrl,22,8,22.266666666666666,-0.11143072694540024,-0.5331725011467106
UBFC_PHYS_s13_T2_ctrl,22,9,22.3,-0.10606949031352997,-0.5780118934037743
UBFC_PHYS_s13_T2_ctrl,22,10,22.333333333333332,-0.12530666589736938,-0.5901931500788161
UBFC_PHYS_s13_T2_ctrl,22,11,22.366666666666667,-0.15376043319702148,-0.5345648497040223
UBFC_PHYS_s13_T2_ctrl,22,12,22.4,-0.182247132062912,-0.3959797251340246
UBFC_PHYS_s13_T2_ctrl,22,13,22.433333333333334,-0.22354215383529663,-0.19180328666831725
UBFC_PHYS_s13_T2_ctrl,22,14,22.466666666666665,-0.2931163012981415,0.03013569067845705
UBFC_PHYS_s13_T2_ctrl,22,15,22.5,-0.3888046145439148,0.2092095661490394
UBFC_PHYS_s13_T2_ctrl,22,16,22.533333333333335,-0.5009061694145203,0.29797887338567336
UBFC_PHYS_s13_T2_ctrl,22,17,22.566666666666666,-0.6252261400222778,0.2840092018019872
UBFC_PHYS_s13_T2_ctrl,22,18,22.6,-0.7671127319335938,0.19660756010888097
UBFC_PHYS_s13_T2_ctrl,22,19,22.633333333333333,-0.9415027499198914,0.09484068591451937
UBFC_PHYS_s13_T2_ctrl,22,20,22.666666666666668,-1.1294095516204834,0.04210493808092282
UBFC_PHYS_s13_T2_ctrl,22,21,22.7,-1.240618109703064,0.07873699620629579
UBFC_PHYS_s13_T2_ctrl,22,22,22.733333333333334,-1.20822012424469,0.20488484962775969
UBFC_PHYS_s13_T2_ctrl,22,23,22.766666666666666,-1.09414803981781,0.3811001846036989
UBFC_PHYS_s13_T2_ctrl,22,24,22.8,-1.0067569017410278,0.546138068459247
UBFC_PHYS_s13_T2_ctrl,22,25,22.833333333333332,-0.9571548104286194,0.6436888235727708
UBFC_PHYS_s13_T2_ctrl,22,26,22.866666666666667,-0.8974101543426514,0.645679255403972
UBFC_PHYS_s13_T2_ctrl,22,27,22.9,-0.8118445873260498,0.5616826183989236
UBFC_PHYS_s13_T2_ctrl,22,28,22.933333333333334,-0.7409589886665344,0.4312371242303138
UBFC_PHYS_s13_T2_ctrl,22,29,22.966666666666665,-0.7434929609298706,0.30399292551163626
UBFC_PHYS_s13_T2_ctrl,22,30,23.0,-0.7977182269096375,0.2171002490495663
UBFC_PHYS_s13_T2_ctrl,22,31,23.033333333333335,-0.7503304481506348,0.17940878470044716
UBFC_PHYS_s13_T2_ctrl,22,32,23.066666666666666,-0.5065376162528992,0.16905110219022698
UBFC_PHYS_s13_T2_ctrl,22,33,23.1,-0.1929333657026291,0.14549853992369496
UBFC_PHYS_s13_T2_ctrl,22,34,23.133333333333333,-0.021116822957992554,0.07062141064024657
UBFC_PHYS_s13_T2_ctrl,22,35,23.166666666666668,-0.05645418167114258,-0.07103072903410836
UBFC_PHYS_s13_T2_ctrl,22,36,23.2,-0.21394993364810944,-0.2620014226533652
UBFC_PHYS_s13_T2_ctrl,22,37,23.233333333333334,-0.4030133783817291,-0.4563196210243754
UBFC_PHYS_s13_T2_ctrl,22,38,23.266666666666666,-0.5916385650634766,-0.596770469349742
UBFC_PHYS_s13_T2_ctrl,22,39,23.3,-0.7658572793006897,-0.6381108084694486
UBFC_PHYS_s13_T2_ctrl,22,40,23.333333333333332,-0.8519071936607361,-0.567054989169544
UBFC_PHYS_s13_T2_ctrl,22,41,23.366666666666667,-0.7453151941299438,-0.41084850694992303
UBFC_PHYS_s13_T2_ctrl,22,42,23.4,-0.4871455430984497,-0.2299373156854101
UBFC_PHYS_s13_T2_ctrl,22,43,23.433333333333334,-0.2453693300485611,-0.096074788619088
UBFC_PHYS_s13_T2_ctrl,22,44,23.466666666666665,-0.04986714571714401,-0.06370535376374054
UBFC_PHYS_s13_T2_ctrl,22,45,23.5,0.16661207377910614,-0.14656083818606633
UBFC_PHYS_s13_T2_ctrl,22,46,23.533333333333335,0.2680175006389618,-0.31036210104868794
UBFC_PHYS_s13_T2_ctrl,22,47,23.566666666666666,0.10346351563930511,-0.48593604644211774
UBFC_PHYS_s13_T2_ctrl,22,48,23.6,-0.17078985273838043,-0.5975145332390788
UBFC_PHYS_s13_T2_ctrl,22,49,23.633333333333333,-0.31817930936813354,-0.593710300152276
UBFC_PHYS_s13_T2_ctrl,22,50,23.666666666666668,-0.3318806290626526,-0.4677696969654868
UBFC_PHYS_s13_T2_ctrl,22,51,23.7,-0.33067789673805237,-0.2587121628739207
UBFC_PHYS_s13_T2_ctrl,22,52,23.733333333333334,-0.3796868920326233,-0.03294304877653677
UBFC_PHYS_s13_T2_ctrl,22,53,23.766666666666666,-0.5305395722389221,0.1457953413666177
UBFC_PHYS_s13_T2_ctrl,22,54,23.8,-0.835797131061554,0.2445279402020335
UBFC_PHYS_s13_T2_ctrl,22,55,23.833333333333332,-1.221031665802002,0.2737952179685115
UBFC_PHYS_s13_T2_ctrl,22,56,23.866666666666667,-1.4995061159133911,0.2788255176337286
UBFC_PHYS_s13_T2_ctrl,22,57,23.9,-1.5814602375030518,0.31347614444825905
UBFC_PHYS_s13_T2_ctrl,22,58,23.933333333333334,-1.57889986038208,0.40970676616274326
UBFC_PHYS_s13_T2_ctrl,22,59,23.966666666666665,-1.6402987241744995,0.5576157587897081
UBFC_PHYS_s13_T2_ctrl,22,60,24.0,-1.782214879989624,0.7061177211596219
UBFC_PHYS_s13_T2_ctrl,22,61,24.033333333333335,-1.9117214679718018,0.7845984917571237
UBFC_PHYS_s13_T2_ctrl,22,62,24.066666666666666,-1.9197485446929932,0.7358943722176137
UBFC_PHYS_s13_T2_ctrl,22,63,24.1,-1.7535568475723267,0.5453929143403438
UBFC_PHYS_s13_T2_ctrl,22,64,24.133333333333333,-1.467282772064209,0.2526342277062602
UBFC_PHYS_s13_T2_ctrl,22,65,24.166666666666668,-1.1698412895202637,-0.06039039779303809
UBFC_PHYS_s13_T2_ctrl,22,66,24.2,-0.9223446846008301,-0.2996343656000724
UBFC_PHYS_s13_T2_ctrl,22,67,24.233333333333334,-0.7264602780342102,-0.39527565989054025
UBFC_PHYS_s13_T2_ctrl,22,68,24.266666666666666,-0.5653068423271179,-0.3286997468971573
UBFC_PHYS_s13_T2_ctrl,22,69,24.3,-0.4221484065055847,-0.138943929806436
UBFC_PHYS_s13_T2_ctrl,22,70,24.333333333333332,-0.29583150148391724,0.09424041604795753
UBFC_PHYS_s13_T2_ctrl,22,71,24.366666666666667,-0.19319038093090057,0.28354854569697296
UBFC_PHYS_s13_T2_ctrl,22,72,24.4,-0.10582235455513,0.3686527813493288
UBFC_PHYS_s13_T2_ctrl,22,73,24.433333333333334,-0.016523361206054688,0.33651192011649345
UBFC_PHYS_s13_T2_ctrl,22,74,24.466666666666665,0.08062142133712769,0.21951764328557088
UBFC_PHYS_s13_T2_ctrl,22,75,24.5,0.183466836810112,0.07474982908872642
UBFC_PHYS_s13_T2_ctrl,22,76,24.533333333333335,0.29508399963378906,-0.04421093416685995
UBFC_PHYS_s13_T2_ctrl,22,77,24.566666666666666,0.4255593717098236,-0.10970193569767533
UBFC_PHYS_s13_T2_ctrl,22,78,24.6,0.5680028200149536,-0.127800114759837
UBFC_PHYS_s13_T2_ctrl,22,79,24.633333333333333,0.6665414571762085,-0.13014563885249042
UBFC_PHYS_s13_T2_ctrl,22,80,24.666666666666668,0.6580366492271423,-0.15505592998286935
UBFC_PHYS_s13_T2_ctrl,22,81,24.7,0.5565356612205505,-0.22688400692172558
UBFC_PHYS_s13_T2_ctrl,22,82,24.733333333333334,0.43280544877052307,-0.3425053258683345
UBFC_PHYS_s13_T2_ctrl,22,83,24.766666666666666,0.32706359028816223,-0.47046681989592476
UBFC_PHYS_s13_T2_ctrl,22,84,24.8,0.25896239280700684,-0.5630761242230765
UBFC_PHYS_s13_T2_ctrl,22,85,24.833333333333332,0.27120062708854675,-0.5764933341521649
UBFC_PHYS_s13_T2_ctrl,22,86,24.866666666666667,0.3803299367427826,-0.49056517957523976
UBFC_PHYS_s13_T2_ctrl,22,87,24.9,0.5393744111061096,-0.31985714995073167
UBFC_PHYS_s13_T2_ctrl,22,88,24.933333333333334,0.6875777840614319,-0.1104023786499194
UBFC_PHYS_s13_T2_ctrl,22,89,24.966666666666665,0.791240394115448,0.07746543529195436
UBFC_PHYS_s13_T2_ctrl,22,90,25.0,0.8338831663131714,0.19318959766925525
UBFC_PHYS_s13_T2_ctrl,22,91,25.033333333333335,0.8131038546562195,0.21608749943531255
UBFC_PHYS_s13_T2_ctrl,22,92,25.066666666666666,0.7674031853675842,0.16208990963088177
UBFC_PHYS_s13_T2_ctrl,22,93,25.1,0.7301052212715149,0.0741236935696393
UBFC_PHYS_s13_T2_ctrl,22,94,25.133333333333333,0.698112428188324,0.0011894978454399987
UBFC_PHYS_s13_T2_ctrl,22,95,25.166666666666668,0.654873251914978,-0.023557389730728184
UBFC_PHYS_s13_T2_ctrl,22,96,25.2,0.6082170009613037,0.004220045446243489
UBFC_PHYS_s13_T2_ctrl,22,97,25.233333333333334,0.5698085427284241,0.06113204382525131
UBFC_PHYS_s13_T2_ctrl,22,98,25.266666666666666,0.5250042080879211,0.11002726815157508
UBFC_PHYS_s13_T2_ctrl,22,99,25.3,0.44532379508018494,0.12000556324684246
UBFC_PHYS_s13_T2_ctrl,22,100,25.333333333333332,0.34746724367141724,0.08256827491827391
UBFC_PHYS_s13_T2_ctrl,22,101,25.366666666666667,0.30502551794052124,0.015674801787029614
UBFC_PHYS_s13_T2_ctrl,22,102,25.4,0.38337138295173645,-0.046040833424844246
UBFC_PHYS_s13_T2_ctrl,22,103,25.433333333333334,0.5591684579849243,-0.06935922151873539
UBFC_PHYS_s13_T2_ctrl,22,104,25.466666666666665,0.7236730456352234,-0.03966533414618178
UBFC_PHYS_s13_T2_ctrl,22,105,25.5,0.8063026070594788,0.031010330175623557
UBFC_PHYS_s13_T2_ctrl,22,106,25.533333333333335,0.8121482133865356,0.10900008703492331
UBFC_PHYS_s13_T2_ctrl,22,107,25.566666666666666,0.8102172613143921,0.15489687020128293
UBFC_PHYS_s13_T2_ctrl,22,108,25.6,0.8059664964675903,0.14276776584898748
UBFC_PHYS_s13_T2_ctrl,22,109,25.633333333333333,0.825342059135437,0.0734525784442511
UBFC_PHYS_s13_T2_ctrl,22,110,25.666666666666668,0.8821408748626709,-0.023951845823070122
UBFC_PHYS_s13_T2_ctrl,22,111,25.7,1.0106358528137207,-0.10270203950832524
UBFC_PHYS_s13_T2_ctrl,22,112,25.733333333333334,1.1507792472839355,-0.11688977302111389
UBFC_PHYS_s13_T2_ctrl,22,113,25.766666666666666,1.2827341556549072,-0.0409467780980138
UBFC_PHYS_s13_T2_ctrl,22,114,25.8,1.3983154296875,0.11754975292568062
UBFC_PHYS_s13_T2_ctrl,22,115,25.833333333333332,1.5297232866287231,0.3176255282666726
UBFC_PHYS_s13_T2_ctrl,22,116,25.866666666666667,1.6806089878082275,0.4981510146654122
UBFC_PHYS_s13_T2_ctrl,22,117,25.9,1.9009830951690674,0.5996860547163408
UBFC_PHYS_s13_T2_ctrl,22,118,25.933333333333334,2.1251730918884277,0.586199726407706
UBFC_PHYS_s13_T2_ctrl,22,119,25.966666666666665,1.8968509435653687,0.4578049143456505
UBFC_PHYS_s13_T2_ctrl,22,120,26.0,1.5870592594146729,0.2493106574099591
UBFC_PHYS_s13_T2_ctrl,22,121,26.033333333333335,1.2637474536895752,0.015346314371544694
UBFC_PHYS_s13_T2_ctrl,22,122,26.066666666666666,0.8867310285568237,-0.19144672319183012
UBFC_PHYS_s13_T2_ctrl,22,123,26.1,0.5342438220977783,-0.33973443255375474
UBFC_PHYS_s13_T2_ctrl,22,124,26.133333333333333,0.34185558557510376,-0.42820549291837134
UBFC_PHYS_s13_T2_ctrl,22,125,26.166666666666668,0.20641767978668213,-0.48033929911519746
UBFC_PHYS_s13_T2_ctrl,22,126,26.2,0.04933052882552147,-0.5279661587246549
UBFC_PHYS_s13_T2_ctrl,22,127,26.233333333333334,-0.06514353305101395,-0.5913420554334946
UBFC_PHYS_s13_T2_ctrl,22,128,26.266666666666666,-0.012888793833553791,-0.6652788204122873
UBFC_PHYS_s13_T2_ctrl,22,129,26.3,0.09408217668533325,-0.7183502692882353
UBFC_PHYS_s13_T2_ctrl,22,130,26.333333333333332,0.15114127099514008,-0.706061441965619
UBFC_PHYS_s13_T2_ctrl,22,131,26.366666666666667,0.12671419978141785,-0.5922408907941284
UBFC_PHYS_s13_T2_ctrl,22,132,26.4,0.06631381064653397,-0.3691173237818891
UBFC_PHYS_s13_T2_ctrl,22,133,26.433333333333334,-0.013010714203119278,-0.06685333728598693
UBFC_PHYS_s13_T2_ctrl,22,134,26.466666666666665,-0.07567159086465836,0.25264462083337175
UBFC_PHYS_s13_T2_ctrl,22,135,26.5,-0.08779121190309525,0.5162771181065278
UBFC_PHYS_s13_T2_ctrl,22,136,26.533333333333335,-0.04689161106944084,0.6666214129081791
UBFC_PHYS_s13_T2_ctrl,22,137,26.566666666666666,0.0020943256095051765,0.683696944406485
UBFC_PHYS_s13_T2_ctrl,22,138,26.6,0.018240638077259064,0.5922466860715755
UBFC_PHYS_s13_T2_ctrl,22,139,26.633333333333333,-0.004624517634510994,0.4513755357105809
UBFC_PHYS_s13_T2_ctrl,22,140,26.666666666666668,-0.048792921006679535,0.3307061932870028
UBFC_PHYS_s13_T2_ctrl,22,141,26.7,-0.08633804321289062,0.28275157139930424
UBFC_PHYS_s13_T2_ctrl,22,142,26.733333333333334,-0.11647562682628632,0.32288773800631926
UBFC_PHYS_s13_T2_ctrl,22,143,26.766666666666666,-0.16835471987724304,0.42525671679199667
UBFC_PHYS_s13_T2_ctrl,22,144,26.8,-0.2563883662223816,0.5360599588531737
UBFC_PHYS_s13_T2_ctrl,22,145,26.833333333333332,-0.3397066295146942,0.5979658283443987
UBFC_PHYS_s13_T2_ctrl,22,146,26.866666666666667,-0.388356477022171,0.5743485916037884
UBFC_PHYS_s13_T2_ctrl,22,147,26.9,-0.4458933472633362,0.46244441948915543
UBFC_PHYS_s13_T2_ctrl,22,148,26.933333333333334,-0.5581333041191101,0.2903158984690433
UBFC_PHYS_s13_T2_ctrl,22,149,26.966666666666665,-0.6824665069580078,0.10038664892677186
UBFC_PHYS_s13_T2_ctrl,22,150,27.0,-0.7612407207489014,-0.07190587528654953
UBFC_PHYS_s13_T2_ctrl,22,151,27.033333333333335,-0.8438571095466614,-0.21417332984841655
UBFC_PHYS_s13_T2_ctrl,22,152,27.066666666666666,-1.0329337120056152,-0.3403667619447345
UBFC_PHYS_s13_T2_ctrl,22,153,27.1,-1.342883586883545,-0.47962313116665484
UBFC_PHYS_s13_T2_ctrl,22,154,27.133333333333333,-1.6287590265274048,-0.6557332068176012
UBFC_PHYS_s13_T2_ctrl,22,155,27.166666666666668,-1.6505730152130127,-0.8670905015275228
UBFC_PHYS_s13_T2_ctrl,22,156,27.2,-1.3435064554214478,-1.0775331869052303
UBFC_PHYS_s13_T2_ctrl,22,157,27.233333333333334,-0.9544824361801147,-1.2241873457162473
UBFC_PHYS_s13_T2_ctrl,22,158,27.266666666666666,-0.7213230729103088,-1.2407746068088235
UBFC_PHYS_s13_T2_ctrl,22,159,27.3,-0.5732679963111877,-1.0873628958324448
UBFC_PHYS_s13_T2_ctrl,22,160,27.333333333333332,-0.4005354046821594,-0.773653536899539
UBFC_PHYS_s13_T2_ctrl,22,161,27.366666666666667,-0.29694855213165283,-0.3639400229348301
UBFC_PHYS_s13_T2_ctrl,22,162,27.4,-0.3266940414905548,0.042036702463557334
UBFC_PHYS_s13_T2_ctrl,22,163,27.433333333333334,-0.35626155138015747,0.3470913903723611
UBFC_PHYS_s13_T2_ctrl,22,164,27.466666666666665,-0.2874617874622345,0.4961504669785208
UBFC_PHYS_s13_T2_ctrl,22,165,27.5,-0.20750458538532257,0.4966881560361587
UBFC_PHYS_s13_T2_ctrl,22,166,27.533333333333335,-0.158508762717247,0.4099319165053595
UBFC_PHYS_s13_T2_ctrl,22,167,27.566666666666666,-0.04305603727698326,0.3190197592185349
UBFC_PHYS_s13_T2_ctrl,22,168,27.6,0.13591760396957397,0.2907477965533247
UBFC_PHYS_s13_T2_ctrl,22,169,27.633333333333333,0.2511759102344513,0.34843431433959626
UBFC_PHYS_s13_T2_ctrl,22,170,27.666666666666668,0.22959916293621063,0.46675000184279153
UBFC_PHYS_s13_T2_ctrl,22,171,27.7,0.0801633968949318,0.5887780614156477
UBFC_PHYS_s13_T2_ctrl,22,172,27.733333333333334,-0.17472757399082184,0.6555828589780797
UBFC_PHYS_s13_T2_ctrl,22,173,27.766666666666666,-0.4930900037288666,0.6337510386886475
UBFC_PHYS_s13_T2_ctrl,22,174,27.8,-0.7713437080383301,0.5288135511504755
UBFC_PHYS_s13_T2_ctrl,22,175,27.833333333333332,-0.8810035586357117,0.3799670277493383
UBFC_PHYS_s13_T2_ctrl,22,176,27.866666666666667,-0.7891112565994263,0.23993752646482974
UBFC_PHYS_s13_T2_ctrl,22,177,27.9,-0.6043776273727417,0.1498454030494739
UBFC_PHYS_s13_T2_ctrl,22,178,27.933333333333334,-0.43602433800697327,0.12057428857517924
UBFC_PHYS_s13_T2_ctrl,22,179,27.966666666666665,-0.29562389850616455,0.12889548363025746
UBFC_PHYS_s13_T2_ctrl,22,180,28.0,-0.1959879845380783,0.1297459758258067
UBFC_PHYS_s13_T2_ctrl,22,181,28.033333333333335,-0.20679283142089844,0.07869164213526525
UBFC_PHYS_s13_T2_ctrl,22,182,28.066666666666666,-0.3138890266418457,-0.045896887091203646
UBFC_PHYS_s13_T2_ctrl,22,183,28.1,-0.4070828855037689,-0.23100395124604584
UBFC_PHYS_s13_T2_ctrl,22,184,28.133333333333333,-0.44026193022727966,-0.43240442888371805
UBFC_PHYS_s13_T2_ctrl,22,185,28.166666666666668,-0.48512229323387146,-0.5914109596584112
UBFC_PHYS_s13_T2_ctrl,22,186,28.2,-0.5969240069389343,-0.657666662661494
UBFC_PHYS_s13_T2_ctrl,22,187,28.233333333333334,-0.7273895144462585,-0.6087345572637628
UBFC_PHYS_s13_T2_ctrl,22,188,28.266666666666666,-0.7601335644721985,-0.458782510637424
UBFC_PHYS_s13_T2_ctrl,22,189,28.3,-0.588066577911377,-0.2530434041422116
UBFC_PHYS_s13_T2_ctrl,22,190,28.333333333333332,-0.22701196372509003,-0.050408471277880576
UBFC_PHYS_s13_T2_ctrl,22,191,28.366666666666667,0.1816149652004242,0.09870236729409297
UBFC_PHYS_s13_T2_ctrl,22,192,28.4,0.5031737089157104,0.17014355051167185
UBFC_PHYS_s13_T2_ctrl,22,193,28.433333333333334,0.6660175323486328,0.17237853450226223
UBFC_PHYS_s13_T2_ctrl,22,194,28.466666666666665,0.615416944026947,0.13926369436318417
UBFC_PHYS_s13_T2_ctrl,22,195,28.5,0.3570561707019806,0.11302045068409149
UBFC_PHYS_s13_T2_ctrl,22,196,28.533333333333335,-0.0008317816536873579,0.1250288385894518
UBFC_PHYS_s13_T2_ctrl,22,197,28.566666666666666,-0.35428115725517273,0.18255224695938171
UBFC_PHYS_s13_T2_ctrl,22,198,28.6,-0.6969553232192993,0.2665988473898245
UBFC_PHYS_s13_T2_ctrl,22,199,28.633333333333333,-1.0344692468643188,0.3413123454598265
UBFC_PHYS_s13_T2_ctrl,22,200,28.666666666666668,-1.260392427444458,0.37059218470449734
UBFC_PHYS_s13_T2_ctrl,22,201,28.7,-1.2030433416366577,0.33470570747925066
UBFC_PHYS_s13_T2_ctrl,22,202,28.733333333333334,-0.859196126461029,0.2395203680488078
UBFC_PHYS_s13_T2_ctrl,22,203,28.766666666666666,-0.4256313741207123,0.11403344769174492
UBFC_PHYS_s13_T2_ctrl,22,204,28.8,-0.0372367724776268,-0.002833143079051022
UBFC_PHYS_s13_T2_ctrl,22,205,28.833333333333332,0.3098694086074829,-0.0802577148480399
UBFC_PHYS_s13_T2_ctrl,22,206,28.866666666666667,0.6145997643470764,-0.11032411127372252
UBFC_PHYS_s13_T2_ctrl,22,207,28.9,0.8828954696655273,-0.11291937119164898
UBFC_PHYS_s13_T2_ctrl,22,208,28.933333333333334,1.102521538734436,-0.1280417764771483
UBFC_PHYS_s13_T2_ctrl,22,209,28.966666666666665,1.1360037326812744,-0.1979504650179541
UBFC_PHYS_s13_T2_ctrl,22,210,29.0,0.8687295317649841,-0.345949457643521
UBFC_PHYS_s13_T2_ctrl,22,211,29.033333333333335,0.43369513750076294,-0.5604965604610921
UBFC_PHYS_s13_T2_ctrl,22,212,29.066666666666666,0.06598100066184998,-0.7918809512440843
UBFC_PHYS_s13_T2_ctrl,22,213,29.1,-0.1789453774690628,-0.9644063575001787
UBFC_PHYS_s13_T2_ctrl,22,214,29.133333333333333,-0.3563406467437744,-1.0012904949391477
UBFC_PHYS_s13_T2_ctrl,22,215,29.166666666666668,-0.5046626329421997,-0.8541573054922995
UBFC_PHYS_s13_T2_ctrl,22,216,29.2,-0.647211492061615,-0.5259176176192786
UBFC_PHYS_s13_T2_ctrl,22,217,29.233333333333334,-0.7601698040962219,-0.07651430996005971
UBFC_PHYS_s13_T2_ctrl,22,218,29.266666666666666,-0.7333669066429138,0.3937252162679456
UBFC_PHYS_s13_T2_ctrl,22,219,29.3,-0.5141032934188843,0.7788017382435363
UBFC_PHYS_s13_T2_ctrl,22,220,29.333333333333332,-0.2053462564945221,1.005139916892966
UBFC_PHYS_s13_T2_ctrl,22,221,29.366666666666667,0.080947645008564,1.0550043434875898
UBFC_PHYS_s13_T2_ctrl,22,222,29.4,0.31350067257881165,0.9650216100491336
UBFC_PHYS_s13_T2_ctrl,22,223,29.433333333333334,0.4650420546531677,0.8028119219254062
UBFC_PHYS_s13_T2_ctrl,22,224,29.466666666666665,0.47950124740600586,0.6344417618648871
UBFC_PHYS_s13_T2_ctrl,22,225,29.5,0.36249321699142456,0.4978005865410632
UBFC_PHYS_s13_T2_ctrl,22,226,29.533333333333335,0.22642920911312103,0.39266153647130414
UBFC_PHYS_s13_T2_ctrl,22,227,29.566666666666666,0.2088165581226349,0.2898814499803606
UBFC_PHYS_s13_T2_ctrl,22,228,29.6,0.34833717346191406,0.15366902757657983
UBFC_PHYS_s13_T2_ctrl,22,229,29.633333333333333,0.5259433388710022,-0.03446759405733123
UBFC_PHYS_s13_T2_ctrl,22,230,29.666666666666668,0.5695284605026245,-0.26159040624799607
UBFC_PHYS_s13_T2_ctrl,22,231,29.7,0.4521942138671875,-0.4855618034660524
UBFC_PHYS_s13_T2_ctrl,22,232,29.733333333333334,0.2995851933956146,-0.65237702404916
UBFC_PHYS_s13_T2_ctrl,22,233,29.766666666666666,0.21326173841953278,-0.720357096071957
UBFC_PHYS_s13_T2_ctrl,22,234,29.8,0.187737375497818,-0.679894580091599
UBFC_PHYS_s13_T2_ctrl,22,235,29.833333333333332,0.16865506768226624,-0.5590090410586211
UBFC_PHYS_s13_T2_ctrl,22,236,29.866666666666667,0.11174096912145615,-0.4105684137694358
UBFC_PHYS_s13_T2_ctrl,22,237,29.9,0.026771822944283485,-0.2859996066668165
UBFC_PHYS_s13_T2_ctrl,22,238,29.933333333333334,-0.017469074577093124,-0.20932482913280706
UBFC_PHYS_s13_T2_ctrl,22,239,29.966666666666665,0.030950093641877174,-0.1668989770184329
UBFC_PHYS_s13_T2_ctrl,23,0,23.0,-0.7977182269096375,0.2191937509917315
UBFC_PHYS_s13_T2_ctrl,23,1,23.033333333333335,-0.7503304481506348,0.3166318863231458
UBFC_PHYS_s13_T2_ctrl,23,2,23.066666666666666,-0.5065376162528992,0.3829931644737425
UBFC_PHYS_s13_T2_ctrl,23,3,23.1,-0.1929333657026291,0.40038070405856685
UBFC_PHYS_s13_T2_ctrl,23,4,23.133333333333333,-0.021116822957992554,0.36460441751927664
UBFC_PHYS_s13_T2_ctrl,23,5,23.166666666666668,-0.05645418167114258,0.28494717651864415
UBFC_PHYS_s13_T2_ctrl,23,6,23.2,-0.21394993364810944,0.17931349433158286
UBFC_PHYS_s13_T2_ctrl,23,7,23.233333333333334,-0.4030133783817291,0.06764402638724258
UBFC_PHYS_s13_T2_ctrl,23,8,23.266666666666666,-0.5916385650634766,-0.033697398352748625
UBFC_PHYS_s13_T2_ctrl,23,9,23.3,-0.7658572793006897,-0.11537361602805159
UBFC_PHYS_s13_T2_ctrl,23,10,23.333333333333332,-0.8519071936607361,-0.17632996462738482
UBFC_PHYS_s13_T2_ctrl,23,11,23.366666666666667,-0.7453151941299438,-0.22317604721984177
UBFC_PHYS_s13_T2_ctrl,23,12,23.4,-0.4871455430984497,-0.2679440914990693
UBFC_PHYS_s13_T2_ctrl,23,13,23.433333333333334,-0.2453693300485611,-0.3244497626740105
UBFC_PHYS_s13_T2_ctrl,23,14,23.466666666666665,-0.04986714571714401,-0.40377344822831696
UBFC_PHYS_s13_T2_ctrl,23,15,23.5,0.16661207377910614,-0.5099004691624887
UBFC_PHYS_s13_T2_ctrl,23,16,23.533333333333335,0.2680175006389618,-0.6369377308630777
UBFC_PHYS_s13_T2_ctrl,23,17,23.566666666666666,0.10346351563930511,-0.7691202968854093
UBFC_PHYS_s13_T2_ctrl,23,18,23.6,-0.17078985273838043,-0.8839069386324524
UBFC_PHYS_s13_T2_ctrl,23,19,23.633333333333333,-0.31817930936813354,-0.9573130952177552
UBFC_PHYS_s13_T2_ctrl,23,20,23.666666666666668,-0.3318806290626526,-0.9698425050963588
UBFC_PHYS_s13_T2_ctrl,23,21,23.7,-0.33067789673805237,-0.9111631381849244
UBFC_PHYS_s13_T2_ctrl,23,22,23.733333333333334,-0.3796868920326233,-0.7820071942200436
UBFC_PHYS_s13_T2_ctrl,23,23,23.766666666666666,-0.5305395722389221,-0.5926235481582481
UBFC_PHYS_s13_T2_ctrl,23,24,23.8,-0.835797131061554,-0.35838639197210015
UBFC_PHYS_s13_T2_ctrl,23,25,23.833333333333332,-1.221031665802002,-0.094653804889667
UBFC_PHYS_s13_T2_ctrl,23,26,23.866666666666667,-1.4995061159133911,0.18608139393814482
UBFC_PHYS_s13_T2_ctrl,23,27,23.9,-1.5814602375030518,0.4727493678375087
UBFC_PHYS_s13_T2_ctrl,23,28,23.933333333333334,-1.57889986038208,0.7511704072300589
UBFC_PHYS_s13_T2_ctrl,23,29,23.966666666666665,-1.6402987241744995,1.0003507230702766
UBFC_PHYS_s13_T2_ctrl,23,30,24.0,-1.782214879989624,1.1932278342179472
UBFC_PHYS_s13_T2_ctrl,23,31,24.033333333333335,-1.9117214679718018,1.3026464040298047
UBFC_PHYS_s13_T2_ctrl,23,32,24.066666666666666,-1.9197485446929932,1.310133307327858
UBFC_PHYS_s13_T2_ctrl,23,33,24.1,-1.7535568475723267,1.2133855187445735
UBFC_PHYS_s13_T2_ctrl,23,34,24.133333333333333,-1.467282772064209,1.0290636407760716
UBFC_PHYS_s13_T2_ctrl,23,35,24.166666666666668,-1.1698412895202637,0.7896512889347304
UBFC_PHYS_s13_T2_ctrl,23,36,24.2,-0.9223446846008301,0.5353982587630244
UBFC_PHYS_s13_T2_ctrl,23,37,24.233333333333334,-0.7264602780342102,0.3039591407716353
UBFC_PHYS_s13_T2_ctrl,23,38,24.266666666666666,-0.5653068423271179,0.12102569302279334
UBFC_PHYS_s13_T2_ctrl,23,39,24.3,-0.4221484065055847,-0.005030739073318972
UBFC_PHYS_s13_T2_ctrl,23,40,24.333333333333332,-0.29583150148391724,-0.08271056292631795
UBFC_PHYS_s13_T2_ctrl,23,41,24.366666666666667,-0.19319038093090057,-0.1313920719461021
UBFC_PHYS_s13_T2_ctrl,23,42,24.4,-0.10582235455513,-0.1723733047284796
UBFC_PHYS_s13_T2_ctrl,23,43,24.433333333333334,-0.016523361206054688,-0.22081770700260747
UBFC_PHYS_s13_T2_ctrl,23,44,24.466666666666665,0.08062142133712769,-0.28176878402664474
UBFC_PHYS_s13_T2_ctrl,23,45,24.5,0.183466836810112,-0.35108545034494915
UBFC_PHYS_s13_T2_ctrl,23,46,24.533333333333335,0.29508399963378906,-0.41958838579968144
UBFC_PHYS_s13_T2_ctrl,23,47,24.566666666666666,0.4255593717098236,-0.47755106074770565
UBFC_PHYS_s13_T2_ctrl,23,48,24.6,0.5680028200149536,-0.5175502184212677
UBFC_PHYS_s13_T2_ctrl,23,49,24.633333333333333,0.6665414571762085,-0.5353019575243826
UBFC_PHYS_s13_T2_ctrl,23,50,24.666666666666668,0.6580366492271423,-0.5289817945420906
UBFC_PHYS_s13_T2_ctrl,23,51,24.7,0.5565356612205505,-0.4978090466532425
UBFC_PHYS_s13_T2_ctrl,23,52,24.733333333333334,0.43280544877052307,-0.4409483938295636
UBFC_PHYS_s13_T2_ctrl,23,53,24.766666666666666,0.32706359028816223,-0.35770468621237284
UBFC_PHYS_s13_T2_ctrl,23,54,24.8,0.25896239280700684,-0.2491858823104809
UBFC_PHYS_s13_T2_ctrl,23,55,24.833333333333332,0.27120062708854675,-0.12061765430403465
UBFC_PHYS_s13_T2_ctrl,23,56,24.866666666666667,0.3803299367427826,0.016992977677664223
UBFC_PHYS_s13_T2_ctrl,23,57,24.9,0.5393744111061096,0.14708560366794277
UBFC_PHYS_s13_T2_ctrl,23,58,24.933333333333334,0.6875777840614319,0.25042612425582655
UBFC_PHYS_s13_T2_ctrl,23,59,24.966666666666665,0.791240394115448,0.31029306608617285
UBFC_PHYS_s13_T2_ctrl,23,60,25.0,0.8338831663131714,0.3180738620657153
UBFC_PHYS_s13_T2_ctrl,23,61,25.033333333333335,0.8131038546562195,0.27652442315755016
UBFC_PHYS_s13_T2_ctrl,23,62,25.066666666666666,0.7674031853675842,0.19876167559299454
UBFC_PHYS_s13_T2_ctrl,23,63,25.1,0.7301052212715149,0.10318670720516854
UBFC_PHYS_s13_T2_ctrl,23,64,25.133333333333333,0.698112428188324,0.00671976209973227
UBFC_PHYS_s13_T2_ctrl,23,65,25.166666666666668,0.654873251914978,-0.08043761710372156
UBFC_PHYS_s13_T2_ctrl,23,66,25.2,0.6082170009613037,-0.15635695274061265
UBFC_PHYS_s13_T2_ctrl,23,67,25.233333333333334,0.5698085427284241,-0.22502677168282603
UBFC_PHYS_s13_T2_ctrl,23,68,25.266666666666666,0.5250042080879211,-0.2913975290792837
UBFC_PHYS_s13_T2_ctrl,23,69,25.3,0.44532379508018494,-0.35613925905621985
UBFC_PHYS_s13_T2_ctrl,23,70,25.333333333333332,0.34746724367141724,-0.4128752459140851
UBFC_PHYS_s13_T2_ctrl,23,71,25.366666666666667,0.30502551794052124,-0.449693880600588
UBFC_PHYS_s13_T2_ctrl,23,72,25.4,0.38337138295173645,-0.45417692123752074
UBFC_PHYS_s13_T2_ctrl,23,73,25.433333333333334,0.5591684579849243,-0.41882736905954404
UBFC_PHYS_s13_T2_ctrl,23,74,25.466666666666665,0.7236730456352234,-0.3435641154661808
UBFC_PHYS_s13_T2_ctrl,23,75,25.5,0.8063026070594788,-0.23395038085361985
UBFC_PHYS_s13_T2_ctrl,23,76,25.533333333333335,0.8121482133865356,-0.09669254838764742
UBFC_PHYS_s13_T2_ctrl,23,77,25.566666666666666,0.8102172613143921,0.06414344819362998
UBFC_PHYS_s13_T2_ctrl,23,78,25.6,0.8059664964675903,0.24709822477649648
UBFC_PHYS_s13_T2_ctrl,23,79,25.633333333333333,0.825342059135437,0.4489042088846154
UBFC_PHYS_s13_T2_ctrl,23,80,25.666666666666668,0.8821408748626709,0.6584193040509305
UBFC_PHYS_s13_T2_ctrl,23,81,25.7,1.0106358528137207,0.8533741963232905
UBFC_PHYS_s13_T2_ctrl,23,82,25.733333333333334,1.1507792472839355,1.0031098502192077
UBFC_PHYS_s13_T2_ctrl,23,83,25.766666666666666,1.2827341556549072,1.076993226867279
UBFC_PHYS_s13_T2_ctrl,23,84,25.8,1.3983154296875,1.0547490058779119
UBFC_PHYS_s13_T2_ctrl,23,85,25.833333333333332,1.5297232866287231,0.9337958857157159
UBFC_PHYS_s13_T2_ctrl,23,86,25.866666666666667,1.6806089878082275,0.7305719526637288
UBFC_PHYS_s13_T2_ctrl,23,87,25.9,1.9009830951690674,0.4760063558601375
UBFC_PHYS_s13_T2_ctrl,23,88,25.933333333333334,2.1251730918884277,0.20744819552971078
UBFC_PHYS_s13_T2_ctrl,23,89,25.966666666666665,1.8968509435653687,-0.0402069218290461
UBFC_PHYS_s13_T2_ctrl,23,90,26.0,1.5870592594146729,-0.24213868936150085
UBFC_PHYS_s13_T2_ctrl,23,91,26.033333333333335,1.2637474536895752,-0.38858458919716743
UBFC_PHYS_s13_T2_ctrl,23,92,26.066666666666666,0.8867310285568237,-0.48591563082664224
UBFC_PHYS_s13_T2_ctrl,23,93,26.1,0.5342438220977783,-0.5530025183155558
UBFC_PHYS_s13_T2_ctrl,23,94,26.133333333333333,0.34185558557510376,-0.6136149824976777
UBFC_PHYS_s13_T2_ctrl,23,95,26.166666666666668,0.20641767978668213,-0.6872755486896011
UBFC_PHYS_s13_T2_ctrl,23,96,26.2,0.04933052882552147,-0.7815506446744632
UBFC_PHYS_s13_T2_ctrl,23,97,26.233333333333334,-0.06514353305101395,-0.8881879819685361
UBFC_PHYS_s13_T2_ctrl,23,98,26.266666666666666,-0.012888793833553791,-0.9843440841694111
UBFC_PHYS_s13_T2_ctrl,23,99,26.3,0.09408217668533325,-1.0386629892082673
UBFC_PHYS_s13_T2_ctrl,23,100,26.333333333333332,0.15114127099514008,-1.0204328880810745
UBFC_PHYS_s13_T2_ctrl,23,101,26.366666666666667,0.12671419978141785,-0.9090282233855165
UBFC_PHYS_s13_T2_ctrl,23,102,26.4,0.06631381064653397,-0.7007829008372146
UBFC_PHYS_s13_T2_ctrl,23,103,26.433333333333334,-0.013010714203119278,-0.41123342043472805
UBFC_PHYS_s13_T2_ctrl,23,104,26.466666666666665,-0.07567159086465836,-0.07199667893250235
UBFC_PHYS_s13_T2_ctrl,23,105,26.5,-0.08779121190309525,0.27679752752980635
UBFC_PHYS_s13_T2_ctrl,23,106,26.533333333333335,-0.04689161106944084,0.5959996474788412
UBFC_PHYS_s13_T2_ctrl,23,107,26.566666666666666,0.0020943256095051765,0.8556039136911284
UBFC_PHYS_s13_T2_ctrl,23,108,26.6,0.018240638077259064,1.0390259844565004
UBFC_PHYS_s13_T2_ctrl,23,109,26.633333333333333,-0.004624517634510994,1.1427678455099044
UBFC_PHYS_s13_T2_ctrl,23,110,26.666666666666668,-0.048792921006679535,1.1727558498247554
UBFC_PHYS_s13_T2_ctrl,23,111,26.7,-0.08633804321289062,1.1396861135898386
UBFC_PHYS_s13_T2_ctrl,23,112,26.733333333333334,-0.11647562682628632,1.0553095856950336
UBFC_PHYS_s13_T2_ctrl,23,113,26.766666666666666,-0.16835471987724304,0.9305286884162827
UBFC_PHYS_s13_T2_ctrl,23,114,26.8,-0.2563883662223816,0.7753673725273472
UBFC_PHYS_s13_T2_ctrl,23,115,26.833333333333332,-0.3397066295146942,0.6001972738148063
UBFC_PHYS_s13_T2_ctrl,23,116,26.866666666666667,-0.388356477022171,0.4168499772117458
UBFC_PHYS_s13_T2_ctrl,23,117,26.9,-0.4458933472633362,0.23810582201831718
UBFC_PHYS_s13_T2_ctrl,23,118,26.933333333333334,-0.5581333041191101,0.07505720613973281
UBFC_PHYS_s13_T2_ctrl,23,119,26.966666666666665,-0.6824665069580078,-0.06665117384040427
UBFC_PHYS_s13_T2_ctrl,23,120,27.0,-0.7612407207489014,-0.18974799151315477
UBFC_PHYS_s13_T2_ctrl,23,121,27.033333333333335,-0.8438571095466614,-0.3055631871070401
UBFC_PHYS_s13_T2_ctrl,23,122,27.066666666666666,-1.0329337120056152,-0.4307345046083105
UBFC_PHYS_s13_T2_ctrl,23,123,27.1,-1.342883586883545,-0.5810036649965716
UBFC_PHYS_s13_T2_ctrl,23,124,27.133333333333333,-1.6287590265274048,-0.7639077965330496
UBFC_PHYS_s13_T2_ctrl,23,125,27.166666666666668,-1.6505730152130127,-0.9727778886222798
UBFC_PHYS_s13_T2_ctrl,23,126,27.2,-1.3435064554214478,-1.184342442461832
UBFC_PHYS_s13_T2_ctrl,23,127,27.233333333333334,-0.9544824361801147,-1.3613734634564818
UBFC_PHYS_s13_T2_ctrl,23,128,27.266666666666666,-0.7213230729103088,-1.460356965617176
UBFC_PHYS_s13_T2_ctrl,23,129,27.3,-0.5732679963111877,-1.4425255122849776
UBFC_PHYS_s13_T2_ctrl,23,130,27.333333333333332,-0.4005354046821594,-1.2852697583117758
UBFC_PHYS_s13_T2_ctrl,23,131,27.366666666666667,-0.29694855213165283,-0.9903917303442692
UBFC_PHYS_s13_T2_ctrl,23,132,27.4,-0.3266940414905548,-0.586205824688341
UBFC_PHYS_s13_T2_ctrl,23,133,27.433333333333334,-0.35626155138015747,-0.12227885811772962
UBFC_PHYS_s13_T2_ctrl,23,134,27.466666666666665,-0.2874617874622345,0.34176483310513434
UBFC_PHYS_s13_T2_ctrl,23,135,27.5,-0.20750458538532257,0.749602491878175
UBFC_PHYS_s13_T2_ctrl,23,136,27.533333333333335,-0.158508762717247,1.05917317302015
UBFC_PHYS_s13_T2_ctrl,23,137,27.566666666666666,-0.04305603727698326,1.2480962809346663
UBFC_PHYS_s13_T2_ctrl,23,138,27.6,0.13591760396957397,1.3134182302158037
UBFC_PHYS_s13_T2_ctrl,23,139,27.633333333333333,0.2511759102344513,1.2680115035743598
UBFC_PHYS_s13_T2_ctrl,23,140,27.666666666666668,0.22959916293621063,1.1361462784140797
UBFC_PHYS_s13_T2_ctrl,23,141,27.7,0.0801633968949318,0.9492390316776912
UBFC_PHYS_s13_T2_ctrl,23,142,27.733333333333334,-0.17472757399082184,0.7412554353663124
UBFC_PHYS_s13_T2_ctrl,23,143,27.766666666666666,-0.4930900037288666,0.5430426459436085
UBFC_PHYS_s13_T2_ctrl,23,144,27.8,-0.7713437080383301,0.3761452614202223
UBFC_PHYS_s13_T2_ctrl,23,145,27.833333333333332,-0.8810035586357117,0.24806913375733847
UBFC_PHYS_s13_T2_ctrl,23,146,27.866666666666667,-0.7891112565994263,0.1510911583453391
UBFC_PHYS_s13_T2_ctrl,23,147,27.9,-0.6043776273727417,0.065579995632917
UBFC_PHYS_s13_T2_ctrl,23,148,27.933333333333334,-0.43602433800697327,-0.03281314580044345
UBFC_PHYS_s13_T2_ctrl,23,149,27.966666666666665,-0.29562389850616455,-0.16413871972111096
UBFC_PHYS_s13_T2_ctrl,23,150,28.0,-0.1959879845380783,-0.33607835670198916
UBFC_PHYS_s13_T2_ctrl,23,151,28.033333333333335,-0.20679283142089844,-0.539353195444485
UBFC_PHYS_s13_T2_ctrl,23,152,28.066666666666666,-0.3138890266418457,-0.7480332443122307
UBFC_PHYS_s13_T2_ctrl,23,153,28.1,-0.4070828855037689,-0.9247359237402982
UBFC_PHYS_s13_T2_ctrl,23,154,28.133333333333333,-0.44026193022727966,-1.0294856824273897
UBFC_PHYS_s13_T2_ctrl,23,155,28.166666666666668,-0.48512229323387146,-1.0301085172240054
UBFC_PHYS_s13_T2_ctrl,23,156,28.2,-0.5969240069389343,-0.9114758557976094
UBFC_PHYS_s13_T2_ctrl,23,157,28.233333333333334,-0.7273895144462585,-0.6809952258026419
UBFC_PHYS_s13_T2_ctrl,23,158,28.266666666666666,-0.7601335644721985,-0.36863667127449284
UBFC_PHYS_s13_T2_ctrl,23,159,28.3,-0.588066577911377,-0.021084682368644213
UBFC_PHYS_s13_T2_ctrl,23,160,28.333333333333332,-0.22701196372509003,0.30901079770971096
UBFC_PHYS_s13_T2_ctrl,23,161,28.366666666666667,0.1816149652004242,0.5759482586466652
UBFC_PHYS_s13_T2_ctrl,23,162,28.4,0.5031737089157104,0.7515691397466019
UBFC_PHYS_s13_T2_ctrl,23,163,28.433333333333334,0.6660175323486328,0.8293750030490732
UBFC_PHYS_s13_T2_ctrl,23,164,28.466666666666665,0.615416944026947,0.8213163649033315
UBFC_PHYS_s13_T2_ctrl,23,165,28.5,0.3570561707019806,0.7499959650590832
UBFC_PHYS_s13_T2_ctrl,23,166,28.533333333333335,-0.0008317816536873579,0.6400852684263458
UBFC_PHYS_s13_T2_ctrl,23,167,28.566666666666666,-0.35428115725517273,0.5118200695222704
UBFC_PHYS_s13_T2_ctrl,23,168,28.6,-0.6969553232192993,0.378188763028193
UBFC_PHYS_s13_T2_ctrl,23,169,28.633333333333333,-1.0344692468643188,0.24602139201602524
UBFC_PHYS_s13_T2_ctrl,23,170,28.666666666666668,-1.260392427444458,0.11947964206908576
UBFC_PHYS_s13_T2_ctrl,23,171,28.7,-1.2030433416366577,0.003352133995669162
UBFC_PHYS_s13_T2_ctrl,23,172,28.733333333333334,-0.859196126461029,-0.09603347497819256
UBFC_PHYS_s13_T2_ctrl,23,173,28.766666666666666,-0.4256313741207123,-0.17283708837923417
UBFC_PHYS_s13_T2_ctrl,23,174,28.8,-0.0372367724776268,-0.22538180285344203
UBFC_PHYS_s13_T2_ctrl,23,175,28.833333333333332,0.3098694086074829,-0.2591956391931077
UBFC_PHYS_s13_T2_ctrl,23,176,28.866666666666667,0.6145997643470764,-0.2874792865867826
UBFC_PHYS_s13_T2_ctrl,23,177,28.9,0.8828954696655273,-0.3282266761754955
UBFC_PHYS_s13_T2_ctrl,23,178,28.933333333333334,1.102521538734436,-0.39843427579874774
UBFC_PHYS_s13_T2_ctrl,23,179,28.966666666666665,1.1360037326812744,-0.5068109023511721
UBFC_PHYS_s13_T2_ctrl,23,180,29.0,0.8687295317649841,-0.6471176643797757
UBFC_PHYS_s13_T2_ctrl,23,181,29.033333333333335,0.43369513750076294,-0.7945912365313207
UBFC_PHYS_s13_T2_ctrl,23,182,29.066666666666666,0.06598100066184998,-0.9076280861464145
UBFC_PHYS_s13_T2_ctrl,23,183,29.1,-0.1789453774690628,-0.9358890055862626
UBFC_PHYS_s13_T2_ctrl,23,184,29.133333333333333,-0.3563406467437744,-0.8341901112515789
UBFC_PHYS_s13_T2_ctrl,23,185,29.166666666666668,-0.5046626329421997,-0.5791340231241379
UBFC_PHYS_s13_T2_ctrl,23,186,29.2,-0.647211492061615,-0.1830485568010954
UBFC_PHYS_s13_T2_ctrl,23,187,29.233333333333334,-0.7601698040962219,0.3013243761673856
UBFC_PHYS_s13_T2_ctrl,23,188,29.266666666666666,-0.7333669066429138,0.7902970784302968
UBFC_PHYS_s13_T2_ctrl,23,189,29.3,-0.5141032934188843,1.192171993762922
UBFC_PHYS_s13_T2_ctrl,23,190,29.333333333333332,-0.2053462564945221,1.4351560557095946
UBFC_PHYS_s13_T2_ctrl,23,191,29.366666666666667,0.080947645008564,1.487882482664922
UBFC_PHYS_s13_T2_ctrl,23,192,29.4,0.31350067257881165,1.3642716940743878
UBFC_PHYS_s13_T2_ctrl,23,193,29.433333333333334,0.4650420546531677,1.1127763569840932
UBFC_PHYS_s13_T2_ctrl,23,194,29.466666666666665,0.47950124740600586,0.7964130091736453
UBFC_PHYS_s13_T2_ctrl,23,195,29.5,0.36249321699142456,0.47206665917752155
UBFC_PHYS_s13_T2_ctrl,23,196,29.533333333333335,0.22642920911312103,0.17604451008700372
UBFC_PHYS_s13_T2_ctrl,23,197,29.566666666666666,0.2088165581226349,-0.08054444578802605
UBFC_PHYS_s13_T2_ctrl,23,198,29.6,0.34833717346191406,-0.3066382885661381
UBFC_PHYS_s13_T2_ctrl,23,199,29.633333333333333,0.5259433388710022,-0.5194255845117038
UBFC_PHYS_s13_T2_ctrl,23,200,29.666666666666668,0.5695284605026245,-0.7310745798412484
UBFC_PHYS_s13_T2_ctrl,23,201,29.7,0.4521942138671875,-0.9393760911987649
UBFC_PHYS_s13_T2_ctrl,23,202,29.733333333333334,0.2995851933956146,-1.125766881132173
UBFC_PHYS_s13_T2_ctrl,23,203,29.766666666666666,0.21326173841953278,-1.261102666601054
UBFC_PHYS_s13_T2_ctrl,23,204,29.8,0.187737375497818,-1.3165955879034295
UBFC_PHYS_s13_T2_ctrl,23,205,29.833333333333332,0.16865506768226624,-1.2752342257493514
UBFC_PHYS_s13_T2_ctrl,23,206,29.866666666666667,0.11174096912145615,-1.138414002862253
UBFC_PHYS_s13_T2_ctrl,23,207,29.9,0.026771822944283485,-0.9244802938703192
UBFC_PHYS_s13_T2_ctrl,23,208,29.933333333333334,-0.017469074577093124,-0.6602320182117493
UBFC_PHYS_s13_T2_ctrl,23,209,29.966666666666665,0.030950093641877174,-0.37041737489049725
UBFC_PHYS_s13_T2_ctrl,23,210,30.0,0.13927866518497467,-0.07105766603506516
UBFC_PHYS_s13_T2_ctrl,23,211,30.033333333333335,0.22743424773216248,0.23030331335717968
UBFC_PHYS_s13_T2_ctrl,23,212,30.066666666666666,0.25791123509407043,0.5287797622236421
UBFC_PHYS_s13_T2_ctrl,23,213,30.1,0.24961070716381073,0.8152904666251819
UBFC_PHYS_s13_T2_ctrl,23,214,30.133333333333333,0.23453202843666077,1.0730984348520565
UBFC_PHYS_s13_T2_ctrl,23,215,30.166666666666668,0.22610628604888916,1.2794720350297755
UBFC_PHYS_s13_T2_ctrl,23,216,30.2,0.224976047873497,1.4110917668446425
UBFC_PHYS_s13_T2_ctrl,23,217,30.233333333333334,0.24317196011543274,1.4502468600501472
UBFC_PHYS_s13_T2_ctrl,23,218,30.266666666666666,0.2872283160686493,1.3894314759154809
UBFC_PHYS_s13_T2_ctrl,23,219,30.3,0.3255906403064728,1.2334477387429696
UBFC_PHYS_s13_T2_ctrl,23,220,30.333333333333332,0.3369062542915344,0.999082423942226
UBFC_PHYS_s13_T2_ctrl,23,221,30.366666666666667,0.35074594616889954,0.7127268730833667
UBFC_PHYS_s13_T2_ctrl,23,222,30.4,0.38428083062171936,0.40644988367920193
UBFC_PHYS_s13_T2_ctrl,23,223,30.433333333333334,0.3871772885322571,0.11312354219141914
UBFC_PHYS_s13_T2_ctrl,23,224,30.466666666666665,0.3224470615386963,-0.13878426596419438
UBFC_PHYS_s13_T2_ctrl,23,225,30.5,0.27253517508506775,-0.3300408180815023
UBFC_PHYS_s13_T2_ctrl,23,226,30.533333333333335,0.37443816661834717,-0.45413386465610645
UBFC_PHYS_s13_T2_ctrl,23,227,30.566666666666666,0.6151829957962036,-0.5182432726170267
UBFC_PHYS_s13_T2_ctrl,23,228,30.6,0.8329440355300903,-0.5407678348856648
UBFC_PHYS_s13_T2_ctrl,23,229,30.633333333333333,0.8906588554382324,-0.5454311447111108
UBFC_PHYS_s13_T2_ctrl,23,230,30.666666666666668,0.8142274618148804,-0.5534820089175677
UBFC_PHYS_s13_T2_ctrl,23,231,30.7,0.7388933897018433,-0.576683782243504
UBFC_PHYS_s13_T2_ctrl,23,232,30.733333333333334,0.738791286945343,-0.6137934951690529
UBFC_PHYS_s13_T2_ctrl,23,233,30.766666666666666,0.7607700228691101,-0.651898244114003
UBFC_PHYS_s13_T2_ctrl,23,234,30.8,0.7389724850654602,-0.6718921716180054
UBFC_PHYS_s13_T2_ctrl,23,235,30.833333333333332,0.691004753112793,-0.6557029426465504
UBFC_PHYS_s13_T2_ctrl,23,236,30.866666666666667,0.6528961658477783,-0.5925155311733393
UBFC_PHYS_s13_T2_ctrl,23,237,30.9,0.6208704710006714,-0.48210260242100245
UBFC_PHYS_s13_T2_ctrl,23,238,30.933333333333334,0.5736474394798279,-0.33476988875733216
UBFC_PHYS_s13_T2_ctrl,23,239,30.966666666666665,0.500468373298645,-0.16865827650548135
UBFC_PHYS_s13_T2_ctrl,24,0,24.0,-1.782214879989624,-0.06953148683624585
UBFC_PHYS_s13_T2_ctrl,24,1,24.033333333333335,-1.9117214679718018,-0.1046206631412986
UBFC_PHYS_s13_T2_ctrl,24,2,24.066666666666666,-1.9197485446929932,-0.14008919396064995
UBFC_PHYS_s13_T2_ctrl,24,3,24.1,-1.7535568475723267,-0.1736923127757267
UBFC_PHYS_s13_T2_ctrl,24,4,24.133333333333333,-1.467282772064209,-0.19585309744744828
UBFC_PHYS_s13_T2_ctrl,24,5,24.166666666666668,-1.1698412895202637,-0.19152032156614943
UBFC_PHYS_s13_T2_ctrl,24,6,24.2,-0.9223446846008301,-0.14583426534079483
UBFC_PHYS_s13_T2_ctrl,24,7,24.233333333333334,-0.7264602780342102,-0.051562207355105194
UBFC_PHYS_s13_T2_ctrl,24,8,24.266666666666666,-0.5653068423271179,0.08494241963095901
UBFC_PHYS_s13_T2_ctrl,24,9,24.3,-0.4221484065055847,0.24249828545305746
UBFC_PHYS_s13_T2_ctrl,24,10,24.333333333333332,-0.29583150148391724,0.390128293028128
UBFC_PHYS_s13_T2_ctrl,24,11,24.366666666666667,-0.19319038093090057,0.49699922272315805
UBFC_PHYS_s13_T2_ctrl,24,12,24.4,-0.10582235455513,0.5430885097013805
UBFC_PHYS_s13_T2_ctrl,24,13,24.433333333333334,-0.016523361206054688,0.5255963460042744
UBFC_PHYS_s13_T2_ctrl,24,14,24.466666666666665,0.08062142133712769,0.4582205244738955
UBFC_PHYS_s13_T2_ctrl,24,15,24.5,0.183466836810112,0.36402211333107043
UBFC_PHYS_s13_T2_ctrl,24,16,24.533333333333335,0.29508399963378906,0.2655180692507074
UBFC_PHYS_s13_T2_ctrl,24,17,24.566666666666666,0.4255593717098236,0.17652344678779233
UBFC_PHYS_s13_T2_ctrl,24,18,24.6,0.5680028200149536,0.09899547521952395
UBFC_PHYS_s13_T2_ctrl,24,19,24.633333333333333,0.6665414571762085,0.025638314437507855
UBFC_PHYS_s13_T2_ctrl,24,20,24.666666666666668,0.6580366492271423,-0.05341928039001649
UBFC_PHYS_s13_T2_ctrl,24,21,24.7,0.5565356612205505,-0.14312457028298198
UBFC_PHYS_s13_T2_ctrl,24,22,24.733333333333334,0.43280544877052307,-0.23869536749714287
UBFC_PHYS_s13_T2_ctrl,24,23,24.766666666666666,0.32706359028816223,-0.32585681829175434
UBFC_PHYS_s13_T2_ctrl,24,24,24.8,0.25896239280700684,-0.3862131344804554
UBFC_PHYS_s13_T2_ctrl,24,25,24.833333333333332,0.27120062708854675,-0.4054275383711795
UBFC_PHYS_s13_T2_ctrl,24,26,24.866666666666667,0.3803299367427826,-0.38039211688830143
UBFC_PHYS_s13_T2_ctrl,24,27,24.9,0.5393744111061096,-0.32177923454439306
UBFC_PHYS_s13_T2_ctrl,24,28,24.933333333333334,0.6875777840614319,-0.25036258201997846
UBFC_PHYS_s13_T2_ctrl,24,29,24.966666666666665,0.791240394115448,-0.1884763777687868
UBFC_PHYS_s13_T2_ctrl,24,30,25.0,0.8338831663131714,-0.1505491887579868
UBFC_PHYS_s13_T2_ctrl,24,31,25.033333333333335,0.8131038546562195,-0.13731334467617806
UBFC_PHYS_s13_T2_ctrl,24,32,25.066666666666666,0.7674031853675842,-0.1364753822291178
UBFC_PHYS_s13_T2_ctrl,24,33,25.1,0.7301052212715149,-0.12941385971370487
UBFC_PHYS_s13_T2_ctrl,24,34,25.133333333333333,0.698112428188324,-0.10063787549392436
UBFC_PHYS_s13_T2_ctrl,24,35,25.166666666666668,0.654873251914978,-0.045635146343302346
UBFC_PHYS_s13_T2_ctrl,24,36,25.2,0.6082170009613037,0.026286323356663647
UBFC_PHYS_s13_T2_ctrl,24,37,25.233333333333334,0.5698085427284241,0.09535625188085871
UBFC_PHYS_s13_T2_ctrl,24,38,25.266666666666666,0.5250042080879211,0.13973421792477392
UBFC_PHYS_s13_T2_ctrl,24,39,25.3,0.44532379508018494,0.14558840434388576
UBFC_PHYS_s13_T2_ctrl,24,40,25.333333333333332,0.34746724367141724,0.11405151742830281
UBFC_PHYS_s13_T2_ctrl,24,41,25.366666666666667,0.30502551794052124,0.06106941753287111
UBFC_PHYS_s13_T2_ctrl,24,42,25.4,0.38337138295173645,0.009830304364986725
UBFC_PHYS_s13_T2_ctrl,24,43,25.433333333333334,0.5591684579849243,-0.020218605689758622
UBFC_PHYS_s13_T2_ctrl,24,44,25.466666666666665,0.7236730456352234,-0.02173727215958618
UBFC_PHYS_s13_T2_ctrl,24,45,25.5,0.8063026070594788,-0.0008276887344076317
UBFC_PHYS_s13_T2_ctrl,24,46,25.533333333333335,0.8121482133865356,0.028711838804645343
UBFC_PHYS_s13_T2_ctrl,24,47,25.566666666666666,0.8102172613143921,0.054116122965548914
UBFC_PHYS_s13_T2_ctrl,24,48,25.6,0.8059664964675903,0.07008641839219072
UBFC_PHYS_s13_T2_ctrl,24,49,25.633333333333333,0.825342059135437,0.07974140568451565
UBFC_PHYS_s13_T2_ctrl,24,50,25.666666666666668,0.8821408748626709,0.09059847370463132
UBFC_PHYS_s13_T2_ctrl,24,51,25.7,1.0106358528137207,0.10888291064269451
UBFC_PHYS_s13_T2_ctrl,24,52,25.733333333333334,1.1507792472839355,0.13566704922085598
UBFC_PHYS_s13_T2_ctrl,24,53,25.766666666666666,1.2827341556549072,0.16649593933935453
UBFC_PHYS_s13_T2_ctrl,24,54,25.8,1.3983154296875,0.1939098242145112
UBFC_PHYS_s13_T2_ctrl,24,55,25.833333333333332,1.5297232866287231,0.2109495695811801
UBFC_PHYS_s13_T2_ctrl,24,56,25.866666666666667,1.6806089878082275,0.21381025785019056
UBFC_PHYS_s13_T2_ctrl,24,57,25.9,1.9009830951690674,0.20276232080379394
UBFC_PHYS_s13_T2_ctrl,24,58,25.933333333333334,2.1251730918884277,0.18140747554481157
UBFC_PHYS_s13_T2_ctrl,24,59,25.966666666666665,1.8968509435653687,0.15478821657535105
UBFC_PHYS_s13_T2_ctrl,24,60,26.0,1.5870592594146729,0.12688401022085238
UBFC_PHYS_s13_T2_ctrl,24,61,26.033333333333335,1.2637474536895752,0.09813172657415942
UBFC_PHYS_s13_T2_ctrl,24,62,26.066666666666666,0.8867310285568237,0.06402405164333294
UBFC_PHYS_s13_T2_ctrl,24,63,26.1,0.5342438220977783,0.01586636051321783
UBFC_PHYS_s13_T2_ctrl,24,64,26.133333333333333,0.34185558557510376,-0.056126373734820455
UBFC_PHYS_s13_T2_ctrl,24,65,26.166666666666668,0.20641767978668213,-0.1583610258003099
UBFC_PHYS_s13_T2_ctrl,24,66,26.2,0.04933052882552147,-0.2895349703049385
UBFC_PHYS_s13_T2_ctrl,24,67,26.233333333333334,-0.06514353305101395,-0.43793233350784144
UBFC_PHYS_s13_T2_ctrl,24,68,26.266666666666666,-0.012888793833553791,-0.5815933914249881
UBFC_PHYS_s13_T2_ctrl,24,69,26.3,0.09408217668533325,-0.6920323004036754
UBFC_PHYS_s13_T2_ctrl,24,70,26.333333333333332,0.15114127099514008,-0.7411174471711365
UBFC_PHYS_s13_T2_ctrl,24,71,26.366666666666667,0.12671419978141785,-0.7093862729458817
UBFC_PHYS_s13_T2_ctrl,24,72,26.4,0.06631381064653397,-0.5929791650212797
UBFC_PHYS_s13_T2_ctrl,24,73,26.433333333333334,-0.013010714203119278,-0.40621551682008156
UBFC_PHYS_s13_T2_ctrl,24,74,26.466666666666665,-0.07567159086465836,-0.17805950345234295
UBFC_PHYS_s13_T2_ctrl,24,75,26.5,-0.08779121190309525,0.056758917630732104
UBFC_PHYS_s13_T2_ctrl,24,76,26.533333333333335,-0.04689161106944084,0.2683999139703153
UBFC_PHYS_s13_T2_ctrl,24,77,26.566666666666666,0.0020943256095051765,0.4396372742574647
UBFC_PHYS_s13_T2_ctrl,24,78,26.6,0.018240638077259064,0.5675857771577385
UBFC_PHYS_s13_T2_ctrl,24,79,26.633333333333333,-0.004624517634510994,0.6595988437753725
UBFC_PHYS_s13_T2_ctrl,24,80,26.666666666666668,-0.048792921006679535,0.7261810576399397
UBFC_PHYS_s13_T2_ctrl,24,81,26.7,-0.08633804321289062,0.774527529502584
UBFC_PHYS_s13_T2_ctrl,24,82,26.733333333333334,-0.11647562682628632,0.8051163195933914
UBFC_PHYS_s13_T2_ctrl,24,83,26.766666666666666,-0.16835471987724304,0.8119658469885375
UBFC_PHYS_s13_T2_ctrl,24,84,26.8,-0.2563883662223816,0.7859660122996889
UBFC_PHYS_s13_T2_ctrl,24,85,26.833333333333332,-0.3397066295146942,0.7199236548761501
UBFC_PHYS_s13_T2_ctrl,24,86,26.866666666666667,-0.388356477022171,0.6131997750874322
UBFC_PHYS_s13_T2_ctrl,24,87,26.9,-0.4458933472633362,0.4736222135140876
UBFC_PHYS_s13_T2_ctrl,24,88,26.933333333333334,-0.5581333041191101,0.315360244708546
UBFC_PHYS_s13_T2_ctrl,24,89,26.966666666666665,-0.6824665069580078,0.15330260745648985
UBFC_PHYS_s13_T2_ctrl,24,90,27.0,-0.7612407207489014,-0.0037098267537294953
UBFC_PHYS_s13_T2_ctrl,24,91,27.033333333333335,-0.8438571095466614,-0.15751489609734215
UBFC_PHYS_s13_T2_ctrl,24,92,27.066666666666666,-1.0329337120056152,-0.32031615214307085
UBFC_PHYS_s13_T2_ctrl,24,93,27.1,-1.342883586883545,-0.5085349483083028
UBFC_PHYS_s13_T2_ctrl,24,94,27.133333333333333,-1.6287590265274048,-0.732659689331383
UBFC_PHYS_s13_T2_ctrl,24,95,27.166666666666668,-1.6505730152130127,-0.9871608817058535
UBFC_PHYS_s13_T2_ctrl,24,96,27.2,-1.3435064554214478,-1.245109157946442
UBFC_PHYS_s13_T2_ctrl,24,97,27.233333333333334,-0.9544824361801147,-1.4607352759597445
UBFC_PHYS_s13_T2_ctrl,24,98,27.266666666666666,-0.7213230729103088,-1.5803283038488078
UBFC_PHYS_s13_T2_ctrl,24,99,27.3,-0.5732679963111877,-1.558650718256884
UBFC_PHYS_s13_T2_ctrl,24,100,27.333333333333332,-0.4005354046821594,-1.3755562971820041
UBFC_PHYS_s13_T2_ctrl,24,101,27.366666666666667,-0.29694855213165283,-1.0463623720222144
UBFC_PHYS_s13_T2_ctrl,24,102,27.4,-0.3266940414905548,-0.6204731015064842
UBFC_PHYS_s13_T2_ctrl,24,103,27.433333333333334,-0.35626155138015747,-0.1669226158362712
UBFC_PHYS_s13_T2_ctrl,24,104,27.466666666666665,-0.2874617874622345,0.24785937908894862
UBFC_PHYS_s13_T2_ctrl,24,105,27.5,-0.20750458538532257,0.580024412899521
UBFC_PHYS_s13_T2_ctrl,24,106,27.533333333333335,-0.158508762717247,0.81703869162894
UBFC_PHYS_s13_T2_ctrl,24,107,27.566666666666666,-0.04305603727698326,0.9723715322909289
UBFC_PHYS_s13_T2_ctrl,24,108,27.6,0.13591760396957397,1.0707941352941188
UBFC_PHYS_s13_T2_ctrl,24,109,27.633333333333333,0.2511759102344513,1.1330418912470879
UBFC_PHYS_s13_T2_ctrl,24,110,27.666666666666668,0.22959916293621063,1.1670208487253753
UBFC_PHYS_s13_T2_ctrl,24,111,27.7,0.0801633968949318,1.1677323848416596
UBFC_PHYS_s13_T2_ctrl,24,112,27.733333333333334,-0.17472757399082184,1.1235178824599814
UBFC_PHYS_s13_T2_ctrl,24,113,27.766666666666666,-0.4930900037288666,1.0241944229429762
UBFC_PHYS_s13_T2_ctrl,24,114,27.8,-0.7713437080383301,0.8672591919135941
UBFC_PHYS_s13_T2_ctrl,24,115,27.833333333333332,-0.8810035586357117,0.6602140510133901
UBFC_PHYS_s13_T2_ctrl,24,116,27.866666666666667,-0.7891112565994263,0.41878601234713037
UBFC_PHYS_s13_T2_ctrl,24,117,27.9,-0.6043776273727417,0.16222813921614385
UBFC_PHYS_s13_T2_ctrl,24,118,27.933333333333334,-0.43602433800697327,-0.09192003055244424
UBFC_PHYS_s13_T2_ctrl,24,119,27.966666666666665,-0.29562389850616455,-0.3309783570076768
UBFC_PHYS_s13_T2_ctrl,24,120,28.0,-0.1959879845380783,-0.5467812509726786
UBFC_PHYS_s13_T2_ctrl,24,121,28.033333333333335,-0.20679283142089844,-0.7325395735201197
UBFC_PHYS_s13_T2_ctrl,24,122,28.066666666666666,-0.3138890266418457,-0.8793083683588349
UBFC_PHYS_s13_T2_ctrl,24,123,28.1,-0.4070828855037689,-0.9747065847441674
UBFC_PHYS_s13_T2_ctrl,24,124,28.133333333333333,-0.44026193022727966,-1.0051233411480196
UBFC_PHYS_s13_T2_ctrl,24,125,28.166666666666668,-0.48512229323387146,-0.9606032997157675
UBFC_PHYS_s13_T2_ctrl,24,126,28.2,-0.5969240069389343,-0.840194965621941
UBFC_PHYS_s13_T2_ctrl,24,127,28.233333333333334,-0.7273895144462585,-0.6552173886559747
UBFC_PHYS_s13_T2_ctrl,24,128,28.266666666666666,-0.7601335644721985,-0.4285647241810675
UBFC_PHYS_s13_T2_ctrl,24,129,28.3,-0.588066577911377,-0.1896440921026271
UBFC_PHYS_s13_T2_ctrl,24,130,28.333333333333332,-0.22701196372509003,0.03357013401833522
UBFC_PHYS_s13_T2_ctrl,24,131,28.366666666666667,0.1816149652004242,0.2223066398565095
UBFC_PHYS_s13_T2_ctrl,24,132,28.4,0.5031737089157104,0.37111751494809647
UBFC_PHYS_s13_T2_ctrl,24,133,28.433333333333334,0.6660175323486328,0.4862874992502307
UBFC_PHYS_s13_T2_ctrl,24,134,28.466666666666665,0.615416944026947,0.579371346191226
UBFC_PHYS_s13_T2_ctrl,24,135,28.5,0.3570561707019806,0.6592322280629359
UBFC_PHYS_s13_T2_ctrl,24,136,28.533333333333335,-0.0008317816536873579,0.7264141589495745
UBFC_PHYS_s13_T2_ctrl,24,137,28.566666666666666,-0.35428115725517273,0.7721292025945757
UBFC_PHYS_s13_T2_ctrl,24,138,28.6,-0.6969553232192993,0.7817842435529856
UBFC_PHYS_s13_T2_ctrl,24,139,28.633333333333333,-1.0344692468643188,0.7411637640989862
UBFC_PHYS_s13_T2_ctrl,24,140,28.666666666666668,-1.260392427444458,0.6428343264082753
UBFC_PHYS_s13_T2_ctrl,24,141,28.7,-1.2030433416366577,0.4906108290699802
UBFC_PHYS_s13_T2_ctrl,24,142,28.733333333333334,-0.859196126461029,0.3004172041636188
UBFC_PHYS_s13_T2_ctrl,24,143,28.766666666666666,-0.4256313741207123,0.09676760415936318
UBFC_PHYS_s13_T2_ctrl,24,144,28.8,-0.0372367724776268,-0.0943808399243284
UBFC_PHYS_s13_T2_ctrl,24,145,28.833333333333332,0.3098694086074829,-0.2540326638646621
UBFC_PHYS_s13_T2_ctrl,24,146,28.866666666666667,0.6145997643470764,-0.3765729906587717
UBFC_PHYS_s13_T2_ctrl,24,147,28.9,0.8828954696655273,-0.47136402084760926
UBFC_PHYS_s13_T2_ctrl,24,148,28.933333333333334,1.102521538734436,-0.5583417311150858
UBFC_PHYS_s13_T2_ctrl,24,149,28.966666666666665,1.1360037326812744,-0.6586692789795361
UBFC_PHYS_s13_T2_ctrl,24,150,29.0,0.8687295317649841,-0.7834454614370708
UBFC_PHYS_s13_T2_ctrl,24,151,29.033333333333335,0.43369513750076294,-0.9245619725565444
UBFC_PHYS_s13_T2_ctrl,24,152,29.066666666666666,0.06598100066184998,-1.0516953294019078
UBFC_PHYS_s13_T2_ctrl,24,153,29.1,-0.1789453774690628,-1.1178319603128315
UBFC_PHYS_s13_T2_ctrl,24,154,29.133333333333333,-0.3563406467437744,-1.0728703102655075
UBFC_PHYS_s13_T2_ctrl,24,155,29.166666666666668,-0.5046626329421997,-0.8817424655161957
UBFC_PHYS_s13_T2_ctrl,24,156,29.2,-0.647211492061615,-0.5412356921766338
UBFC_PHYS_s13_T2_ctrl,24,157,29.233333333333334,-0.7601698040962219,-0.0886669458733611
UBFC_PHYS_s13_T2_ctrl,24,158,29.266666666666666,-0.7333669066429138,0.40342066507985075
UBFC_PHYS_s13_T2_ctrl,24,159,29.3,-0.5141032934188843,0.8473616006450992
UBFC_PHYS_s13_T2_ctrl,24,160,29.333333333333332,-0.2053462564945221,1.1678476647167868
UBFC_PHYS_s13_T2_ctrl,24,161,29.366666666666667,0.080947645008564,1.3241872242201493
UBFC_PHYS_s13_T2_ctrl,24,162,29.4,0.31350067257881165,1.3176864600804339
UBFC_PHYS_s13_T2_ctrl,24,163,29.433333333333334,0.4650420546531677,1.182803641646194
UBFC_PHYS_s13_T2_ctrl,24,164,29.466666666666665,0.47950124740600586,0.9683540751781824
UBFC_PHYS_s13_T2_ctrl,24,165,29.5,0.36249321699142456,0.7182548772779106
UBFC_PHYS_s13_T2_ctrl,24,166,29.533333333333335,0.22642920911312103,0.45951243131783237
UBFC_PHYS_s13_T2_ctrl,24,167,29.566666666666666,0.2088165581226349,0.20058546659984053
UBFC_PHYS_s13_T2_ctrl,24,168,29.6,0.34833717346191406,-0.06124815462554169
UBFC_PHYS_s13_T2_ctrl,24,169,29.633333333333333,0.5259433388710022,-0.3280242860307092
UBFC_PHYS_s13_T2_ctrl,24,170,29.666666666666668,0.5695284605026245,-0.5906108749644496
UBFC_PHYS_s13_T2_ctrl,24,171,29.7,0.4521942138671875,-0.824733386169292
UBFC_PHYS_s13_T2_ctrl,24,172,29.733333333333334,0.2995851933956146,-0.9957921917565302
UBFC_PHYS_s13_T2_ctrl,24,173,29.766666666666666,0.21326173841953278,-1.0708881048348033
UBFC_PHYS_s13_T2_ctrl,24,174,29.8,0.187737375497818,-1.0330311610665988
UBFC_PHYS_s13_T2_ctrl,24,175,29.833333333333332,0.16865506768226624,-0.8907224627077261
UBFC_PHYS_s13_T2_ctrl,24,176,29.866666666666667,0.11174096912145615,-0.677088496498174
UBFC_PHYS_s13_T2_ctrl,24,177,29.9,0.026771822944283485,-0.43750811904489467
UBFC_PHYS_s13_T2_ctrl,24,178,29.933333333333334,-0.017469074577093124,-0.21169229569597378
UBFC_PHYS_s13_T2_ctrl,24,179,29.966666666666665,0.030950093641877174,-0.01996429933647676
UBFC_PHYS_s13_T2_ctrl,24,180,30.0,0.13927866518497467,0.13965424682704405
UBFC_PHYS_s13_T2_ctrl,24,181,30.033333333333335,0.22743424773216248,0.28373901240438515
UBFC_PHYS_s13_T2_ctrl,24,182,30.066666666666666,0.25791123509407043,0.43036488155040387
UBFC_PHYS_s13_T2_ctrl,24,183,30.1,0.24961070716381073,0.587156753611198
UBFC_PHYS_s13_T2_ctrl,24,184,30.133333333333333,0.23453202843666077,0.7453339503031314
UBFC_PHYS_s13_T2_ctrl,24,185,30.166666666666668,0.22610628604888916,0.8814653827320829
UBFC_PHYS_s13_T2_ctrl,24,186,30.2,0.224976047873497,0.9656387856386597
UBFC_PHYS_s13_T2_ctrl,24,187,30.233333333333334,0.24317196011543274,0.9726151742555091
UBFC_PHYS_s13_T2_ctrl,24,188,30.266666666666666,0.2872283160686493,0.8916011070840557
UBFC_PHYS_s13_T2_ctrl,24,189,30.3,0.3255906403064728,0.7308465002398855
UBFC_PHYS_s13_T2_ctrl,24,190,30.333333333333332,0.3369062542915344,0.5153483185041844
UBFC_PHYS_s13_T2_ctrl,24,191,30.366666666666667,0.35074594616889954,0.27881444917455733
UBFC_PHYS_s13_T2_ctrl,24,192,30.4,0.38428083062171936,0.0535032029262419
UBFC_PHYS_s13_T2_ctrl,24,193,30.433333333333334,0.3871772885322571,-0.13778502962773165
UBFC_PHYS_s13_T2_ctrl,24,194,30.466666666666665,0.3224470615386963,-0.28490050974139314
UBFC_PHYS_s13_T2_ctrl,24,195,30.5,0.27253517508506775,-0.3887014261597165
UBFC_PHYS_s13_T2_ctrl,24,196,30.533333333333335,0.37443816661834717,-0.45654538796278993
UBFC_PHYS_s13_T2_ctrl,24,197,30.566666666666666,0.6151829957962036,-0.49748555279634066
UBFC_PHYS_s13_T2_ctrl,24,198,30.6,0.8329440355300903,-0.5190778033711128
UBFC_PHYS_s13_T2_ctrl,24,199,30.633333333333333,0.8906588554382324,-0.5263644228348514
UBFC_PHYS_s13_T2_ctrl,24,200,30.666666666666668,0.8142274618148804,-0.5223612822922578
UBFC_PHYS_s13_T2_ctrl,24,201,30.7,0.7388933897018433,-0.5089159827969137
UBFC_PHYS_s13_T2_ctrl,24,202,30.733333333333334,0.738791286945343,-0.48723603953580646
UBFC_PHYS_s13_T2_ctrl,24,203,30.766666666666666,0.7607700228691101,-0.4580129472443742
UBFC_PHYS_s13_T2_ctrl,24,204,30.8,0.7389724850654602,-0.4212520640044281
UBFC_PHYS_s13_T2_ctrl,24,205,30.833333333333332,0.691004753112793,-0.3758932579833241
UBFC_PHYS_s13_T2_ctrl,24,206,30.866666666666667,0.6528961658477783,-0.31950555224793725
UBFC_PHYS_s13_T2_ctrl,24,207,30.9,0.6208704710006714,-0.24863585521577947
UBFC_PHYS_s13_T2_ctrl,24,208,30.933333333333334,0.5736474394798279,-0.16034449429801456
UBFC_PHYS_s13_T2_ctrl,24,209,30.966666666666665,0.500468373298645,-0.05470640413296129
UBFC_PHYS_s13_T2_ctrl,24,210,31.0,0.4111298620700836,0.06310594585692829
UBFC_PHYS_s13_T2_ctrl,24,211,31.033333333333335,0.31964945793151855,0.18285164096968948
UBFC_PHYS_s13_T2_ctrl,24,212,31.066666666666666,0.20299069583415985,0.2917902911857948
UBFC_PHYS_s13_T2_ctrl,24,213,31.1,0.0668674036860466,0.37850516944123425
UBFC_PHYS_s13_T2_ctrl,24,214,31.133333333333333,-0.00407092971727252,0.4360438474025078
UBFC_PHYS_s13_T2_ctrl,24,215,31.166666666666668,0.016995064914226532,0.4631204542837163
UBFC_PHYS_s13_T2_ctrl,24,216,31.2,0.020820753648877144,0.4634044047371327
UBFC_PHYS_s13_T2_ctrl,24,217,31.233333333333334,-0.0700368583202362,0.44369274445649515
UBFC_PHYS_s13_T2_ctrl,24,218,31.266666666666666,-0.20712894201278687,0.41154681015452593
UBFC_PHYS_s13_T2_ctrl,24,219,31.3,-0.33775588870048523,0.3726401992863232
UBFC_PHYS_s13_T2_ctrl,24,220,31.333333333333332,-0.43625500798225403,0.3284459524293101
UBFC_PHYS_s13_T2_ctrl,24,221,31.366666666666667,-0.44125375151634216,0.2754230952686977
UBFC_PHYS_s13_T2_ctrl,24,222,31.4,-0.350448876619339,0.20662270425487117
UBFC_PHYS_s13_T2_ctrl,24,223,31.433333333333334,-0.2757145166397095,0.11555102520588778
UBFC_PHYS_s13_T2_ctrl,24,224,31.466666666666665,-0.2785879075527191,0.0008274806085090407
UBFC_PHYS_s13_T2_ctrl,24,225,31.5,-0.2972649037837982,-0.13045503492320382
UBFC_PHYS_s13_T2_ctrl,24,226,31.533333333333335,-0.2918575406074524,-0.2622396330350427
UBFC_PHYS_s13_T2_ctrl,24,227,31.566666666666666,-0.26984912157058716,-0.37223505775689525
UBFC_PHYS_s13_T2_ctrl,24,228,31.6,-0.17933091521263123,-0.437091097381885
UBFC_PHYS_s13_T2_ctrl,24,229,31.633333333333333,0.04391327500343323,-0.43867564648206503
UBFC_PHYS_s13_T2_ctrl,24,230,31.666666666666668,0.36662864685058594,-0.3700313810302554
UBFC_PHYS_s13_T2_ctrl,24,231,31.7,0.6360150575637817,-0.2394536134232359
UBFC_PHYS_s13_T2_ctrl,24,232,31.733333333333334,0.6806744337081909,-0.07083368720972398
UBFC_PHYS_s13_T2_ctrl,24,233,31.766666666666666,0.492424875497818,0.10100385958040116
UBFC_PHYS_s13_T2_ctrl,24,234,31.8,0.25597697496414185,0.23916232739239676
UBFC_PHYS_s13_T2_ctrl,24,235,31.833333333333332,0.10558559745550156,0.31460491336788665
UBFC_PHYS_s13_T2_ctrl,24,236,31.866666666666667,0.028956517577171326,0.313262407562293
UBFC_PHYS_s13_T2_ctrl,24,237,31.9,-0.007768105715513229,0.23792683494761047
UBFC_PHYS_s13_T2_ctrl,24,238,31.933333333333334,-0.020711516961455345,0.10547180836893402
UBFC_PHYS_s13_T2_ctrl,24,239,31.966666666666665,-0.062309689819812775,-0.0580507940110188
UBFC_PHYS_s13_T2_ctrl,25,0,25.0,0.8338831663131714,0.010448179651010274
UBFC_PHYS_s13_T2_ctrl,25,1,25.033333333333335,0.8131038546562195,-0.2534346545143397
UBFC_PHYS_s13_T2_ctrl,25,2,25.066666666666666,0.7674031853675842,-0.48337100627470053
UBFC_PHYS_s13_T2_ctrl,25,3,25.1,0.7301052212715149,-0.6506654045045708
UBFC_PHYS_s13_T2_ctrl,25,4,25.133333333333333,0.698112428188324,-0.7417611111351373
UBFC_PHYS_s13_T2_ctrl,25,5,25.166666666666668,0.654873251914978,-0.7608455143366339
UBFC_PHYS_s13_T2_ctrl,25,6,25.2,0.6082170009613037,-0.7271294541338377
UBFC_PHYS_s13_T2_ctrl,25,7,25.233333333333334,0.5698085427284241,-0.6676999132999998
UBFC_PHYS_s13_T2_ctrl,25,8,25.266666666666666,0.5250042080879211,-0.6084380968442716
UBFC_PHYS_s13_T2_ctrl,25,9,25.3,0.44532379508018494,-0.5661700222811906
UBFC_PHYS_s13_T2_ctrl,25,10,25.333333333333332,0.34746724367141724,-0.5450596997808546
UBFC_PHYS_s13_T2_ctrl,25,11,25.366666666666667,0.30502551794052124,-0.5386858969793927
UBFC_PHYS_s13_T2_ctrl,25,12,25.4,0.38337138295173645,-0.5363155892495953
UBFC_PHYS_s13_T2_ctrl,25,13,25.433333333333334,0.5591684579849243,-0.5294101710672485
UBFC_PHYS_s13_T2_ctrl,25,14,25.466666666666665,0.7236730456352234,-0.5142779844644457
UBFC_PHYS_s13_T2_ctrl,25,15,25.5,0.8063026070594788,-0.48925135410877235
UBFC_PHYS_s13_T2_ctrl,25,16,25.533333333333335,0.8121482133865356,-0.4484979707640124
UBFC_PHYS_s13_T2_ctrl,25,17,25.566666666666666,0.8102172613143921,-0.3773582880843962
UBFC_PHYS_s13_T2_ctrl,25,18,25.6,0.8059664964675903,-0.25400379592672323
UBFC_PHYS_s13_T2_ctrl,25,19,25.633333333333333,0.825342059135437,-0.05873378486817478
UBFC_PHYS_s13_T2_ctrl,25,20,25.666666666666668,0.8821408748626709,0.21303466723379064
UBFC_PHYS_s13_T2_ctrl,25,21,25.7,1.0106358528137207,0.5414585701207939
UBFC_PHYS_s13_T2_ctrl,25,22,25.733333333333334,1.1507792472839355,0.8828159868920404
UBFC_PHYS_s13_T2_ctrl,25,23,25.766666666666666,1.2827341556549072,1.180886515825288
UBFC_PHYS_s13_T2_ctrl,25,24,25.8,1.3983154296875,1.3841353949463986
UBFC_PHYS_s13_T2_ctrl,25,25,25.833333333333332,1.5297232866287231,1.460765552560167
UBFC_PHYS_s13_T2_ctrl,25,26,25.866666666666667,1.6806089878082275,1.40574119351819
UBFC_PHYS_s13_T2_ctrl,25,27,25.9,1.9009830951690674,1.2385847110536305
UBFC_PHYS_s13_T2_ctrl,25,28,25.933333333333334,2.1251730918884277,0.99458282045157
UBFC_PHYS_s13_T2_ctrl,25,29,25.966666666666665,1.8968509435653687,0.7134926011111126
UBFC_PHYS_s13_T2_ctrl,25,30,26.0,1.5870592594146729,0.4292589334726001
UBFC_PHYS_s13_T2_ctrl,25,31,26.033333333333335,1.2637474536895752,0.16297078378829927
UBFC_PHYS_s13_T2_ctrl,25,32,26.066666666666666,0.8867310285568237,-0.07965097982495609
UBFC_PHYS_s13_T2_ctrl,25,33,26.1,0.5342438220977783,-0.3057708630698987
UBFC_PHYS_s13_T2_ctrl,25,34,26.133333333333333,0.34185558557510376,-0.5287408167421044
UBFC_PHYS_s13_T2_ctrl,25,35,26.166666666666668,0.20641767978668213,-0.7592534680707302
UBFC_PHYS_s13_T2_ctrl,25,36,26.2,0.04933052882552147,-0.9971049753100252
UBFC_PHYS_s13_T2_ctrl,25,37,26.233333333333334,-0.06514353305101395,-1.226280224331485
UBFC_PHYS_s13_T2_ctrl,25,38,26.266666666666666,-0.012888793833553791,-1.415345837510267
UBFC_PHYS_s13_T2_ctrl,25,39,26.3,0.09408217668533325,-1.5236724840343934
UBFC_PHYS_s13_T2_ctrl,25,40,26.333333333333332,0.15114127099514008,-1.512071288555022
UBFC_PHYS_s13_T2_ctrl,25,41,26.366666666666667,0.12671419978141785,-1.3549499215739342
UBFC_PHYS_s13_T2_ctrl,25,42,26.4,0.06631381064653397,-1.0506980111759563
UBFC_PHYS_s13_T2_ctrl,25,43,26.433333333333334,-0.013010714203119278,-0.6271560352072331
UBFC_PHYS_s13_T2_ctrl,25,44,26.466666666666665,-0.07567159086465836,-0.1393752721055608
UBFC_PHYS_s13_T2_ctrl,25,45,26.5,-0.08779121190309525,0.34148645945971295
UBFC_PHYS_s13_T2_ctrl,25,46,26.533333333333335,-0.04689161106944084,0.7458298884547832
UBFC_PHYS_s13_T2_ctrl,25,47,26.566666666666666,0.0020943256095051765,1.0240599158888828
UBFC_PHYS_s13_T2_ctrl,25,48,26.6,0.018240638077259064,1.1589208887489504
UBFC_PHYS_s13_T2_ctrl,25,49,26.633333333333333,-0.004624517634510994,1.1669734021980738
UBFC_PHYS_s13_T2_ctrl,25,50,26.666666666666668,-0.048792921006679535,1.088974552604619
UBFC_PHYS_s13_T2_ctrl,25,51,26.7,-0.08633804321289062,0.9734368541647658
UBFC_PHYS_s13_T2_ctrl,25,52,26.733333333333334,-0.11647562682628632,0.8599205510164688
UBFC_PHYS_s13_T2_ctrl,25,53,26.766666666666666,-0.16835471987724304,0.7680855065873173
UBFC_PHYS_s13_T2_ctrl,25,54,26.8,-0.2563883662223816,0.69583703187064
UBFC_PHYS_s13_T2_ctrl,25,55,26.833333333333332,-0.3397066295146942,0.6261400326118193
UBFC_PHYS_s13_T2_ctrl,25,56,26.866666666666667,-0.388356477022171,0.5386274709830998
UBFC_PHYS_s13_T2_ctrl,25,57,26.9,-0.4458933472633362,0.4204674304240396
UBFC_PHYS_s13_T2_ctrl,25,58,26.933333333333334,-0.5581333041191101,0.2718405565620373
UBFC_PHYS_s13_T2_ctrl,25,59,26.966666666666665,-0.6824665069580078,0.10423464271986783
UBFC_PHYS_s13_T2_ctrl,25,60,27.0,-0.7612407207489014,-0.06683294284895569
UBFC_PHYS_s13_T2_ctrl,25,61,27.033333333333335,-0.8438571095466614,-0.23063066829331672
UBFC_PHYS_s13_T2_ctrl,25,62,27.066666666666666,-1.0329337120056152,-0.3870748579378441
UBFC_PHYS_s13_T2_ctrl,25,63,27.1,-1.342883586883545,-0.546626969741789
UBFC_PHYS_s13_T2_ctrl,25,64,27.133333333333333,-1.6287590265274048,-0.7238648583446878
UBFC_PHYS_s13_T2_ctrl,25,65,27.166666666666668,-1.6505730152130127,-0.9271340972977464
UBFC_PHYS_s13_T2_ctrl,25,66,27.2,-1.3435064554214478,-1.148569809266806
UBFC_PHYS_s13_T2_ctrl,25,67,27.233333333333334,-0.9544824361801147,-1.3591312296494902
UBFC_PHYS_s13_T2_ctrl,25,68,27.266666666666666,-0.7213230729103088,-1.51189440756842
UBFC_PHYS_s13_T2_ctrl,25,69,27.3,-0.5732679963111877,-1.5539519403179438
UBFC_PHYS_s13_T2_ctrl,25,70,27.333333333333332,-0.4005354046821594,-1.443686476111026
UBFC_PHYS_s13_T2_ctrl,25,71,27.366666666666667,-0.29694855213165283,-1.167265443578134
UBFC_PHYS_s13_T2_ctrl,25,72,27.4,-0.3266940414905548,-0.747416886943379
UBFC_PHYS_s13_T2_ctrl,25,73,27.433333333333334,-0.35626155138015747,-0.23991632962238993
UBFC_PHYS_s13_T2_ctrl,25,74,27.466666666666665,-0.2874617874622345,0.28165421279158487
UBFC_PHYS_s13_T2_ctrl,25,75,27.5,-0.20750458538532257,0.7468246899422749
UBFC_PHYS_s13_T2_ctrl,25,76,27.533333333333335,-0.158508762717247,1.1059890074880545
UBFC_PHYS_s13_T2_ctrl,25,77,27.566666666666666,-0.04305603727698326,1.3380858597314729
UBFC_PHYS_s13_T2_ctrl,25,78,27.6,0.13591760396957397,1.4472355230124503
UBFC_PHYS_s13_T2_ctrl,25,79,27.633333333333333,0.2511759102344513,1.4529476903708316
UBFC_PHYS_s13_T2_ctrl,25,80,27.666666666666668,0.22959916293621063,1.3799258049261744
UBFC_PHYS_s13_T2_ctrl,25,81,27.7,0.0801633968949318,1.251256344002779
UBFC_PHYS_s13_T2_ctrl,25,82,27.733333333333334,-0.17472757399082184,1.0856151067790125
UBFC_PHYS_s13_T2_ctrl,25,83,27.766666666666666,-0.4930900037288666,0.897044604420886
UBFC_PHYS_s13_T2_ctrl,25,84,27.8,-0.7713437080383301,0.6955283473002011
UBFC_PHYS_s13_T2_ctrl,25,85,27.833333333333332,-0.8810035586357117,0.48735401620714824
UBFC_PHYS_s13_T2_ctrl,25,86,27.866666666666667,-0.7891112565994263,0.27512833200387754
UBFC_PHYS_s13_T2_ctrl,25,87,27.9,-0.6043776273727417,0.05800683600900395
UBFC_PHYS_s13_T2_ctrl,25,88,27.933333333333334,-0.43602433800697327,-0.16687252825294024
UBFC_PHYS_s13_T2_ctrl,25,89,27.966666666666665,-0.29562389850616455,-0.40116303791960595
UBFC_PHYS_s13_T2_ctrl,25,90,28.0,-0.1959879845380783,-0.6410486025222392
UBFC_PHYS_s13_T2_ctrl,25,91,28.033333333333335,-0.20679283142089844,-0.8739592830121639
UBFC_PHYS_s13_T2_ctrl,25,92,28.066666666666666,-0.3138890266418457,-1.0783158975090574
UBFC_PHYS_s13_T2_ctrl,25,93,28.1,-0.4070828855037689,-1.2271544317419731
UBFC_PHYS_s13_T2_ctrl,25,94,28.133333333333333,-0.44026193022727966,-1.2947538302963109
UBFC_PHYS_s13_T2_ctrl,25,95,28.166666666666668,-0.48512229323387146,-1.2640301343469946
UBFC_PHYS_s13_T2_ctrl,25,96,28.2,-0.5969240069389343,-1.1321039408426055
UBFC_PHYS_s13_T2_ctrl,25,97,28.233333333333334,-0.7273895144462585,-0.9121485193764695
UBFC_PHYS_s13_T2_ctrl,25,98,28.266666666666666,-0.7601335644721985,-0.6309460244258209
UBFC_PHYS_s13_T2_ctrl,25,99,28.3,-0.588066577911377,-0.32282931025348716
UBFC_PHYS_s13_T2_ctrl,25,100,28.333333333333332,-0.22701196372509003,-0.021523325760438916
UBFC_PHYS_s13_T2_ctrl,25,101,28.366666666666667,0.1816149652004242,0.2477542531517866
UBFC_PHYS_s13_T2_ctrl,25,102,28.4,0.5031737089157104,0.47279322752585606
UBFC_PHYS_s13_T2_ctrl,25,103,28.433333333333334,0.6660175323486328,0.6532023418157644
UBFC_PHYS_s13_T2_ctrl,25,104,28.466666666666665,0.615416944026947,0.7943527799518056
UBFC_PHYS_s13_T2_ctrl,25,105,28.5,0.3570561707019806,0.9002246229525216
UBFC_PHYS_s13_T2_ctrl,25,106,28.533333333333335,-0.0008317816536873579,0.9691415437778083
UBFC_PHYS_s13_T2_ctrl,25,107,28.566666666666666,-0.35428115725517273,0.9941229085827523
UBFC_PHYS_s13_T2_ctrl,25,108,28.6,-0.6969553232192993,0.9667926344869943
UBFC_PHYS_s13_T2_ctrl,25,109,28.633333333333333,-1.0344692468643188,0.8822859850639054
UBFC_PHYS_s13_T2_ctrl,25,110,28.666666666666668,-1.260392427444458,0.7430068713015691
UBFC_PHYS_s13_T2_ctrl,25,111,28.7,-1.2030433416366577,0.5602260250141506
UBFC_PHYS_s13_T2_ctrl,25,112,28.733333333333334,-0.859196126461029,0.35308807602231096
UBFC_PHYS_s13_T2_ctrl,25,113,28.766666666666666,-0.4256313741207123,0.1448907514301158
UBFC_PHYS_s13_T2_ctrl,25,114,28.8,-0.0372367724776268,-0.04276791325707588
UBFC_PHYS_s13_T2_ctrl,25,115,28.833333333333332,0.3098694086074829,-0.19637514408653828
UBFC_PHYS_s13_T2_ctrl,25,116,28.866666666666667,0.6145997643470764,-0.3151597524872039
UBFC_PHYS_s13_T2_ctrl,25,117,28.9,0.8828954696655273,-0.41183667535739965
UBFC_PHYS_s13_T2_ctrl,25,118,28.933333333333334,1.102521538734436,-0.508209434123688
UBFC_PHYS_s13_T2_ctrl,25,119,28.966666666666665,1.1360037326812744,-0.626078851606076
UBFC_PHYS_s13_T2_ctrl,25,120,29.0,0.8687295317649841,-0.7758644498552134
UBFC_PHYS_s13_T2_ctrl,25,121,29.033333333333335,0.43369513750076294,-0.9468907905455634
UBFC_PHYS_s13_T2_ctrl,25,122,29.066666666666666,0.06598100066184998,-1.1037168909504365
UBFC_PHYS_s13_T2_ctrl,25,123,29.1,-0.1789453774690628,-1.1917611571406785
UBFC_PHYS_s13_T2_ctrl,25,124,29.133333333333333,-0.3563406467437744,-1.152732127970201
UBFC_PHYS_s13_T2_ctrl,25,125,29.166666666666668,-0.5046626329421997,-0.9463947402217476
UBFC_PHYS_s13_T2_ctrl,25,126,29.2,-0.647211492061615,-0.5711714577215116
UBFC_PHYS_s13_T2_ctrl,25,127,29.233333333333334,-0.7601698040962219,-0.0740626077651162
UBFC_PHYS_s13_T2_ctrl,25,128,29.266666666666666,-0.7333669066429138,0.4574773803798894
UBFC_PHYS_s13_T2_ctrl,25,129,29.3,-0.5141032934188843,0.921592967338024
UBFC_PHYS_s13_T2_ctrl,25,130,29.333333333333332,-0.2053462564945221,1.2356561202452436
UBFC_PHYS_s13_T2_ctrl,25,131,29.366666666666667,0.080947645008564,1.3617448159911605
UBFC_PHYS_s13_T2_ctrl,25,132,29.4,0.31350067257881165,1.3128710468013802
UBFC_PHYS_s13_T2_ctrl,25,133,29.433333333333334,0.4650420546531677,1.1393287849714102
UBFC_PHYS_s13_T2_ctrl,25,134,29.466666666666665,0.47950124740600586,0.9033957423616801
UBFC_PHYS_s13_T2_ctrl,25,135,29.5,0.36249321699142456,0.6542009865106969
UBFC_PHYS_s13_T2_ctrl,25,136,29.533333333333335,0.22642920911312103,0.41275474189807426
UBFC_PHYS_s13_T2_ctrl,25,137,29.566666666666666,0.2088165581226349,0.17187090525898058
UBFC_PHYS_s13_T2_ctrl,25,138,29.6,0.34833717346191406,-0.09041698419113135
UBFC_PHYS_s13_T2_ctrl,25,139,29.633333333333333,0.5259433388710022,-0.39045869199727495
UBFC_PHYS_s13_T2_ctrl,25,140,29.666666666666668,0.5695284605026245,-0.7208692381969438
UBFC_PHYS_s13_T2_ctrl,25,141,29.7,0.4521942138671875,-1.043170350384154
UBFC_PHYS_s13_T2_ctrl,25,142,29.733333333333334,0.2995851933956146,-1.2952853093182937
UBFC_PHYS_s13_T2_ctrl,25,143,29.766666666666666,0.21326173841953278,-1.411717855837347
UBFC_PHYS_s13_T2_ctrl,25,144,29.8,0.187737375497818,-1.3486175606726074
UBFC_PHYS_s13_T2_ctrl,25,145,29.833333333333332,0.16865506768226624,-1.103002315494984
UBFC_PHYS_s13_T2_ctrl,25,146,29.866666666666667,0.11174096912145615,-0.7167367150600296
UBFC_PHYS_s13_T2_ctrl,25,147,29.9,0.026771822944283485,-0.262418638096006
UBFC_PHYS_s13_T2_ctrl,25,148,29.933333333333334,-0.017469074577093124,0.18203686014897325
UBFC_PHYS_s13_T2_ctrl,25,149,29.966666666666665,0.030950093641877174,0.5573021218424062
UBFC_PHYS_s13_T2_ctrl,25,150,30.0,0.13927866518497467,0.8346073422586691
UBFC_PHYS_s13_T2_ctrl,25,151,30.033333333333335,0.22743424773216248,1.0132328120980327
UBFC_PHYS_s13_T2_ctrl,25,152,30.066666666666666,0.25791123509407043,1.1082851972976195
UBFC_PHYS_s13_T2_ctrl,25,153,30.1,0.24961070716381073,1.1367155559432343
UBFC_PHYS_s13_T2_ctrl,25,154,30.133333333333333,0.23453202843666077,1.1081532866039074
UBFC_PHYS_s13_T2_ctrl,25,155,30.166666666666668,0.22610628604888916,1.023136733905597
UBFC_PHYS_s13_T2_ctrl,25,156,30.2,0.224976047873497,0.8774188947906233
UBFC_PHYS_s13_T2_ctrl,25,157,30.233333333333334,0.24317196011543274,0.6688554177341822
UBFC_PHYS_s13_T2_ctrl,25,158,30.266666666666666,0.2872283160686493,0.4032898837558755
UBFC_PHYS_s13_T2_ctrl,25,159,30.3,0.3255906403064728,0.09716520458215731
UBFC_PHYS_s13_T2_ctrl,25,160,30.333333333333332,0.3369062542915344,-0.22370253512650443
UBFC_PHYS_s13_T2_ctrl,25,161,30.366666666666667,0.35074594616889954,-0.5283017141168023
UBFC_PHYS_s13_T2_ctrl,25,162,30.4,0.38428083062171936,-0.7858176275048613
UBFC_PHYS_s13_T2_ctrl,25,163,30.433333333333334,0.3871772885322571,-0.9704746816179259
UBFC_PHYS_s13_T2_ctrl,25,164,30.466666666666665,0.3224470615386963,-1.064789072585295
UBFC_PHYS_s13_T2_ctrl,25,165,30.5,0.27253517508506775,-1.0612024502234385
UBFC_PHYS_s13_T2_ctrl,25,166,30.533333333333335,0.37443816661834717,-0.962734734900811
UBFC_PHYS_s13_T2_ctrl,25,167,30.566666666666666,0.6151829957962036,-0.7831321738428686
UBFC_PHYS_s13_T2_ctrl,25,168,30.6,0.8329440355300903,-0.5461277325665765
UBFC_PHYS_s13_T2_ctrl,25,169,30.633333333333333,0.8906588554382324,-0.2828690610926525
UBFC_PHYS_s13_T2_ctrl,25,170,30.666666666666668,0.8142274618148804,-0.02709395862315271
UBFC_PHYS_s13_T2_ctrl,25,171,30.7,0.7388933897018433,0.1911602861136842
UBFC_PHYS_s13_T2_ctrl,25,172,30.733333333333334,0.738791286945343,0.35154634002314283
UBFC_PHYS_s13_T2_ctrl,25,173,30.766666666666666,0.7607700228691101,0.44709491266360907
UBFC_PHYS_s13_T2_ctrl,25,174,30.8,0.7389724850654602,0.48422630807869216
UBFC_PHYS_s13_T2_ctrl,25,175,30.833333333333332,0.691004753112793,0.4789935893844801
UBFC_PHYS_s13_T2_ctrl,25,176,30.866666666666667,0.6528961658477783,0.4509058567309699
UBFC_PHYS_s13_T2_ctrl,25,177,30.9,0.6208704710006714,0.41656677436220196
UBFC_PHYS_s13_T2_ctrl,25,178,30.933333333333334,0.5736474394798279,0.38525771477209747
UBFC_PHYS_s13_T2_ctrl,25,179,30.966666666666665,0.500468373298645,0.35773112060737566
UBFC_PHYS_s13_T2_ctrl,25,180,31.0,0.4111298620700836,0.32834523582276887
UBFC_PHYS_s13_T2_ctrl,25,181,31.033333333333335,0.31964945793151855,0.2895410187232023
UBFC_PHYS_s13_T2_ctrl,25,182,31.066666666666666,0.20299069583415985,0.2367890051880028
UBFC_PHYS_s13_T2_ctrl,25,183,31.1,0.0668674036860466,0.1719526915048235
UBFC_PHYS_s13_T2_ctrl,25,184,31.133333333333333,-0.00407092971727252,0.10373037544199727
UBFC_PHYS_s13_T2_ctrl,25,185,31.166666666666668,0.016995064914226532,0.04505474758220595
UBFC_PHYS_s13_T2_ctrl,25,186,31.2,0.020820753648877144,0.008437849362264199
UBFC_PHYS_s13_T2_ctrl,25,187,31.233333333333334,-0.0700368583202362,0.0008604264859214685
UBFC_PHYS_s13_T2_ctrl,25,188,31.266666666666666,-0.20712894201278687,0.01983031662826265
UBFC_PHYS_s13_T2_ctrl,25,189,31.3,-0.33775588870048523,0.05185787631529909
UBFC_PHYS_s13_T2_ctrl,25,190,31.333333333333332,-0.43625500798225403,0.07404177880079046
UBFC_PHYS_s13_T2_ctrl,25,191,31.366666666666667,-0.44125375151634216,0.05878681347812495
UBFC_PHYS_s13_T2_ctrl,25,192,31.4,-0.350448876619339,-0.019092926839878996
UBFC_PHYS_s13_T2_ctrl,25,193,31.433333333333334,-0.2757145166397095,-0.17435774213335134
UBFC_PHYS_s13_T2_ctrl,25,194,31.466666666666665,-0.2785879075527191,-0.4043767830520441
UBFC_PHYS_s13_T2_ctrl,25,195,31.5,-0.2972649037837982,-0.6852942014843065
UBFC_PHYS_s13_T2_ctrl,25,196,31.533333333333335,-0.2918575406074524,-0.973043669489445
UBFC_PHYS_s13_T2_ctrl,25,197,31.566666666666666,-0.26984912157058716,-1.2100234404435852
UBFC_PHYS_s13_T2_ctrl,25,198,31.6,-0.17933091521263123,-1.3368580212289802
UBFC_PHYS_s13_T2_ctrl,25,199,31.633333333333333,0.04391327500343323,-1.3070519680494566
UBFC_PHYS_s13_T2_ctrl,25,200,31.666666666666668,0.36662864685058594,-1.100891792707056
UBFC_PHYS_s13_T2_ctrl,25,201,31.7,0.6360150575637817,-0.7341424929208401
UBFC_PHYS_s13_T2_ctrl,25,202,31.733333333333334,0.6806744337081909,-0.25748075867602405
UBFC_PHYS_s13_T2_ctrl,25,203,31.766666666666666,0.492424875497818,0.25523536029703503
UBFC_PHYS_s13_T2_ctrl,25,204,31.8,0.25597697496414185,0.7277619215127805
UBFC_PHYS_s13_T2_ctrl,25,205,31.833333333333332,0.10558559745550156,1.1042095739237958
UBFC_PHYS_s13_T2_ctrl,25,206,31.866666666666667,0.028956517577171326,1.3631850213001058
UBFC_PHYS_s13_T2_ctrl,25,207,31.9,-0.007768105715513229,1.5154316904464455
UBFC_PHYS_s13_T2_ctrl,25,208,31.933333333333334,-0.020711516961455345,1.5865457669804264
UBFC_PHYS_s13_T2_ctrl,25,209,31.966666666666665,-0.062309689819812775,1.5954670045800972
UBFC_PHYS_s13_T2_ctrl,25,210,32.0,-0.1861024796962738,1.540875524555475
UBFC_PHYS_s13_T2_ctrl,25,211,32.03333333333333,-0.3950127065181732,1.4018173439710417
UBFC_PHYS_s13_T2_ctrl,25,212,32.06666666666667,-0.6376291513442993,1.1508239018533826
UBFC_PHYS_s13_T2_ctrl,25,213,32.1,-0.7984991669654846,0.7721630746228606
UBFC_PHYS_s13_T2_ctrl,25,214,32.13333333333333,-0.7728858590126038,0.27690857749210535
UBFC_PHYS_s13_T2_ctrl,25,215,32.166666666666664,-0.6415109038352966,-0.29103024915680964
UBFC_PHYS_s13_T2_ctrl,25,216,32.2,-0.5916748046875,-0.8603067179662207
UBFC_PHYS_s13_T2_ctrl,25,217,32.233333333333334,-0.6527309417724609,-1.347775694841061
UBFC_PHYS_s13_T2_ctrl,25,218,32.266666666666666,-0.7251356244087219,-1.6798174262851853
UBFC_PHYS_s13_T2_ctrl,25,219,32.3,-0.7812786102294922,-1.8125753828479219
UBFC_PHYS_s13_T2_ctrl,25,220,32.333333333333336,-0.8261719942092896,-1.7442054481495093
UBFC_PHYS_s13_T2_ctrl,25,221,32.36666666666667,-0.8376786708831787,-1.5143204252176714
UBFC_PHYS_s13_T2_ctrl,25,222,32.4,-0.861361026763916,-1.1897971783653998
UBFC_PHYS_s13_T2_ctrl,25,223,32.43333333333333,-0.9730671644210815,-0.8415337093178852
UBFC_PHYS_s13_T2_ctrl,25,224,32.46666666666667,-1.1226379871368408,-0.521727437534024
UBFC_PHYS_s13_T2_ctrl,25,225,32.5,-1.177271842956543,-0.251831727613341
UBFC_PHYS_s13_T2_ctrl,25,226,32.53333333333333,-1.104343295097351,-0.02567232069124732
UBFC_PHYS_s13_T2_ctrl,25,227,32.56666666666667,-0.9807185530662537,0.175919713392488
UBFC_PHYS_s13_T2_ctrl,25,228,32.6,-0.8401170969009399,0.36779278336311305
UBFC_PHYS_s13_T2_ctrl,25,229,32.63333333333333,-0.6863778829574585,0.5492731586244071
UBFC_PHYS_s13_T2_ctrl,25,230,32.666666666666664,-0.5499547123908997,0.7034908747432008
UBFC_PHYS_s13_T2_ctrl,25,231,32.7,-0.44225549697875977,0.8059741016726721
UBFC_PHYS_s13_T2_ctrl,25,232,32.733333333333334,-0.33850061893463135,0.8373568027422651
UBFC_PHYS_s13_T2_ctrl,25,233,32.766666666666666,-0.2431582808494568,0.7940043814738832
UBFC_PHYS_s13_T2_ctrl,25,234,32.8,-0.1598169505596161,0.6918088290060485
UBFC_PHYS_s13_T2_ctrl,25,235,32.833333333333336,-0.02042154222726822,0.5615123736241814
UBFC_PHYS_s13_T2_ctrl,25,236,32.86666666666667,0.20821353793144226,0.43753238970263303
UBFC_PHYS_s13_T2_ctrl,25,237,32.9,0.43794921040534973,0.34500786605062295
UBFC_PHYS_s13_T2_ctrl,25,238,32.93333333333333,0.5753049254417419,0.2905776698732135
UBFC_PHYS_s13_T2_ctrl,25,239,32.96666666666667,0.6074821949005127,0.2608718317767131
UBFC_PHYS_s13_T2_ctrl,26,0,26.0,1.5870592594146729,-0.12325978560005967
UBFC_PHYS_s13_T2_ctrl,26,1,26.033333333333335,1.2637474536895752,-0.12342099043940631
UBFC_PHYS_s13_T2_ctrl,26,2,26.066666666666666,0.8867310285568237,-0.1218433446991655
UBFC_PHYS_s13_T2_ctrl,26,3,26.1,0.5342438220977783,-0.11875208521029368
UBFC_PHYS_s13_T2_ctrl,26,4,26.133333333333333,0.34185558557510376,-0.11458729051108613
UBFC_PHYS_s13_T2_ctrl,26,5,26.166666666666668,0.20641767978668213,-0.11007170937820274
UBFC_PHYS_s13_T2_ctrl,26,6,26.2,0.04933052882552147,-0.1061120163516364
UBFC_PHYS_s13_T2_ctrl,26,7,26.233333333333334,-0.06514353305101395,-0.10354395667272087
UBFC_PHYS_s13_T2_ctrl,26,8,26.266666666666666,-0.012888793833553791,-0.10264684500248103
UBFC_PHYS_s13_T2_ctrl,26,9,26.3,0.09408217668533325,-0.10244680427071817
UBFC_PHYS_s13_T2_ctrl,26,10,26.333333333333332,0.15114127099514008,-0.10031930613690798
UBFC_PHYS_s13_T2_ctrl,26,11,26.366666666666667,0.12671419978141785,-0.09255936613632049
UBFC_PHYS_s13_T2_ctrl,26,12,26.4,0.06631381064653397,-0.07586980044400628
UBFC_PHYS_s13_T2_ctrl,26,13,26.433333333333334,-0.013010714203119278,-0.04884432252913149
UBFC_PHYS_s13_T2_ctrl,26,14,26.466666666666665,-0.07567159086465836,-0.012430768127475678
UBFC_PHYS_s13_T2_ctrl,26,15,26.5,-0.08779121190309525,0.030938410471454153
UBFC_PHYS_s13_T2_ctrl,26,16,26.533333333333335,-0.04689161106944084,0.07895393747733845
UBFC_PHYS_s13_T2_ctrl,26,17,26.566666666666666,0.0020943256095051765,0.13069686775598988
UBFC_PHYS_s13_T2_ctrl,26,18,26.6,0.018240638077259064,0.18673548900655104
UBFC_PHYS_s13_T2_ctrl,26,19,26.633333333333333,-0.004624517634510994,0.24796346282995343
UBFC_PHYS_s13_T2_ctrl,26,20,26.666666666666668,-0.048792921006679535,0.3138143528869232
UBFC_PHYS_s13_T2_ctrl,26,21,26.7,-0.08633804321289062,0.38079043455311684
UBFC_PHYS_s13_T2_ctrl,26,22,26.733333333333334,-0.11647562682628632,0.4420420164309153
UBFC_PHYS_s13_T2_ctrl,26,23,26.766666666666666,-0.16835471987724304,0.4883547695414028
UBFC_PHYS_s13_T2_ctrl,26,24,26.8,-0.2563883662223816,0.5105720733310389
UBFC_PHYS_s13_T2_ctrl,26,25,26.833333333333332,-0.3397066295146942,0.5028832559424811
UBFC_PHYS_s13_T2_ctrl,26,26,26.866666666666667,-0.388356477022171,0.4655123526651547
UBFC_PHYS_s13_T2_ctrl,26,27,26.9,-0.4458933472633362,0.4050882810081136
UBFC_PHYS_s13_T2_ctrl,26,28,26.933333333333334,-0.5581333041191101,0.3320299508330131
UBFC_PHYS_s13_T2_ctrl,26,29,26.966666666666665,-0.6824665069580078,0.25584261688537224
UBFC_PHYS_s13_T2_ctrl,26,30,27.0,-0.7612407207489014,0.18018499252646844
UBFC_PHYS_s13_T2_ctrl,26,31,27.033333333333335,-0.8438571095466614,0.09976431113524026
UBFC_PHYS_s13_T2_ctrl,26,32,27.066666666666666,-1.0329337120056152,0.0007662860796384722
UBFC_PHYS_s13_T2_ctrl,26,33,27.1,-1.342883586883545,-0.13444577455788914
UBFC_PHYS_s13_T2_ctrl,26,34,27.133333333333333,-1.6287590265274048,-0.3192244462086005
UBFC_PHYS_s13_T2_ctrl,26,35,27.166666666666668,-1.6505730152130127,-0.553733916990705
UBFC_PHYS_s13_T2_ctrl,26,36,27.2,-1.3435064554214478,-0.8189512302991464
UBFC_PHYS_s13_T2_ctrl,26,37,27.233333333333334,-0.9544824361801147,-1.0768788910070108
UBFC_PHYS_s13_T2_ctrl,26,38,27.266666666666666,-0.7213230729103088,-1.2781667172687552
UBFC_PHYS_s13_T2_ctrl,26,39,27.3,-0.5732679963111877,-1.3754116138437136
UBFC_PHYS_s13_T2_ctrl,26,40,27.333333333333332,-0.4005354046821594,-1.3379392617388701
UBFC_PHYS_s13_T2_ctrl,26,41,27.366666666666667,-0.29694855213165283,-1.1627204150987098
UBFC_PHYS_s13_T2_ctrl,26,42,27.4,-0.3266940414905548,-0.8767750897198877
UBFC_PHYS_s13_T2_ctrl,26,43,27.433333333333334,-0.35626155138015747,-0.529333169807333
UBFC_PHYS_s13_T2_ctrl,26,44,27.466666666666665,-0.2874617874622345,-0.17643352669200316
UBFC_PHYS_s13_T2_ctrl,26,45,27.5,-0.20750458538532257,0.13582155428525503
UBFC_PHYS_s13_T2_ctrl,26,46,27.533333333333335,-0.158508762717247,0.3826686284267804
UBFC_PHYS_s13_T2_ctrl,26,47,27.566666666666666,-0.04305603727698326,0.5627831452187283
UBFC_PHYS_s13_T2_ctrl,26,48,27.6,0.13591760396957397,0.6915075266707815
UBFC_PHYS_s13_T2_ctrl,26,49,27.633333333333333,0.2511759102344513,0.7893664086303156
UBFC_PHYS_s13_T2_ctrl,26,50,27.666666666666668,0.22959916293621063,0.8713135455422086
UBFC_PHYS_s13_T2_ctrl,26,51,27.7,0.0801633968949318,0.9408511914103959
UBFC_PHYS_s13_T2_ctrl,26,52,27.733333333333334,-0.17472757399082184,0.9903510822037609
UBFC_PHYS_s13_T2_ctrl,26,53,27.766666666666666,-0.4930900037288666,1.0061248582456828
UBFC_PHYS_s13_T2_ctrl,26,54,27.8,-0.7713437080383301,0.9752457091630966
UBFC_PHYS_s13_T2_ctrl,26,55,27.833333333333332,-0.8810035586357117,0.8910734374311536
UBFC_PHYS_s13_T2_ctrl,26,56,27.866666666666667,-0.7891112565994263,0.7555238230087191
UBFC_PHYS_s13_T2_ctrl,26,57,27.9,-0.6043776273727417,0.577857318406584
UBFC_PHYS_s13_T2_ctrl,26,58,27.933333333333334,-0.43602433800697327,0.3714299533690898
UBFC_PHYS_s13_T2_ctrl,26,59,27.966666666666665,-0.29562389850616455,0.1504759248383242
UBFC_PHYS_s13_T2_ctrl,26,60,28.0,-0.1959879845380783,-0.07177500624034236
UBFC_PHYS_s13_T2_ctrl,26,61,28.033333333333335,-0.20679283142089844,-0.2835604650438216
UBFC_PHYS_s13_T2_ctrl,26,62,28.066666666666666,-0.3138890266418457,-0.4741738457960722
UBFC_PHYS_s13_T2_ctrl,26,63,28.1,-0.4070828855037689,-0.6333187866783055
UBFC_PHYS_s13_T2_ctrl,26,64,28.133333333333333,-0.44026193022727966,-0.7508732649185963
UBFC_PHYS_s13_T2_ctrl,26,65,28.166666666666668,-0.48512229323387146,-0.8175913616213161
UBFC_PHYS_s13_T2_ctrl,26,66,28.2,-0.5969240069389343,-0.8268750405507751
UBFC_PHYS_s13_T2_ctrl,26,67,28.233333333333334,-0.7273895144462585,-0.777192243880364
UBFC_PHYS_s13_T2_ctrl,26,68,28.266666666666666,-0.7601335644721985,-0.6742242388161332
UBFC_PHYS_s13_T2_ctrl,26,69,28.3,-0.588066577911377,-0.5315040329955458
UBFC_PHYS_s13_T2_ctrl,26,70,28.333333333333332,-0.22701196372509003,-0.36839890295671834
UBFC_PHYS_s13_T2_ctrl,26,71,28.366666666666667,0.1816149652004242,-0.20531694271002646
UBFC_PHYS_s13_T2_ctrl,26,72,28.4,0.5031737089157104,-0.05784053583830849
UBFC_PHYS_s13_T2_ctrl,26,73,28.433333333333334,0.6660175323486328,0.06738936993098833
UBFC_PHYS_s13_T2_ctrl,26,74,28.466666666666665,0.615416944026947,0.17298620870848663
UBFC_PHYS_s13_T2_ctrl,26,75,28.5,0.3570561707019806,0.2672405345799649
UBFC_PHYS_s13_T2_ctrl,26,76,28.533333333333335,-0.0008317816536873579,0.35832288560199504
UBFC_PHYS_s13_T2_ctrl,26,77,28.566666666666666,-0.35428115725517273,0.44881947140794376
UBFC_PHYS_s13_T2_ctrl,26,78,28.6,-0.6969553232192993,0.5330095713706073
UBFC_PHYS_s13_T2_ctrl,26,79,28.633333333333333,-1.0344692468643188,0.5981012297200446
UBFC_PHYS_s13_T2_ctrl,26,80,28.666666666666668,-1.260392427444458,0.6287948366057884
UBFC_PHYS_s13_T2_ctrl,26,81,28.7,-1.2030433416366577,0.6130389703998143
UBFC_PHYS_s13_T2_ctrl,26,82,28.733333333333334,-0.859196126461029,0.5465058882160234
UBFC_PHYS_s13_T2_ctrl,26,83,28.766666666666666,-0.4256313741207123,0.4340809634081776
UBFC_PHYS_s13_T2_ctrl,26,84,28.8,-0.0372367724776268,0.2879728179472817
UBFC_PHYS_s13_T2_ctrl,26,85,28.833333333333332,0.3098694086074829,0.12338964520952948
UBFC_PHYS_s13_T2_ctrl,26,86,28.866666666666667,0.6145997643470764,-0.0463309389611728
UBFC_PHYS_s13_T2_ctrl,26,87,28.9,0.8828954696655273,-0.21303219562992226
UBFC_PHYS_s13_T2_ctrl,26,88,28.933333333333334,1.102521538734436,-0.37399908287994593
UBFC_PHYS_s13_T2_ctrl,26,89,28.966666666666665,1.1360037326812744,-0.5289458722822639
UBFC_PHYS_s13_T2_ctrl,26,90,29.0,0.8687295317649841,-0.6749741239023456
UBFC_PHYS_s13_T2_ctrl,26,91,29.033333333333335,0.43369513750076294,-0.8018067556378702
UBFC_PHYS_s13_T2_ctrl,26,92,29.066666666666666,0.06598100066184998,-0.8897891892627604
UBFC_PHYS_s13_T2_ctrl,26,93,29.1,-0.1789453774690628,-0.9123892486021155
UBFC_PHYS_s13_T2_ctrl,26,94,29.133333333333333,-0.3563406467437744,-0.8434269359256255
UBFC_PHYS_s13_T2_ctrl,26,95,29.166666666666668,-0.5046626329421997,-0.6673292536321742
UBFC_PHYS_s13_T2_ctrl,26,96,29.2,-0.647211492061615,-0.38886260643021386
UBFC_PHYS_s13_T2_ctrl,26,97,29.233333333333334,-0.7601698040962219,-0.03784478299446272
UBFC_PHYS_s13_T2_ctrl,26,98,29.266666666666666,-0.7333669066429138,0.33479200867903197
UBFC_PHYS_s13_T2_ctrl,26,99,29.3,-0.5141032934188843,0.6697877294550775
UBFC_PHYS_s13_T2_ctrl,26,100,29.333333333333332,-0.2053462564945221,0.9164361150455944
UBFC_PHYS_s13_T2_ctrl,26,101,29.366666666666667,0.080947645008564,1.0460458421250958
UBFC_PHYS_s13_T2_ctrl,26,102,29.4,0.31350067257881165,1.0564977729036302
UBFC_PHYS_s13_T2_ctrl,26,103,29.433333333333334,0.4650420546531677,0.9672461723313611
UBFC_PHYS_s13_T2_ctrl,26,104,29.466666666666665,0.47950124740600586,0.8081979018453207
UBFC_PHYS_s13_T2_ctrl,26,105,29.5,0.36249321699142456,0.6076963535764801
UBFC_PHYS_s13_T2_ctrl,26,106,29.533333333333335,0.22642920911312103,0.3843692066664511
UBFC_PHYS_s13_T2_ctrl,26,107,29.566666666666666,0.2088165581226349,0.1454828648331868
UBFC_PHYS_s13_T2_ctrl,26,108,29.6,0.34833717346191406,-0.10838684335382137
UBFC_PHYS_s13_T2_ctrl,26,109,29.633333333333333,0.5259433388710022,-0.37509353086839725
UBFC_PHYS_s13_T2_ctrl,26,110,29.666666666666668,0.5695284605026245,-0.6431870399738812
UBFC_PHYS_s13_T2_ctrl,26,111,29.7,0.4521942138671875,-0.8885951868398351
UBFC_PHYS_s13_T2_ctrl,26,112,29.733333333333334,0.2995851933956146,-1.077800068992784
UBFC_PHYS_s13_T2_ctrl,26,113,29.766666666666666,0.21326173841953278,-1.1768518373649297
UBFC_PHYS_s13_T2_ctrl,26,114,29.8,0.187737375497818,-1.1628798209627451
UBFC_PHYS_s13_T2_ctrl,26,115,29.833333333333332,0.16865506768226624,-1.0331145638673782
UBFC_PHYS_s13_T2_ctrl,26,116,29.866666666666667,0.11174096912145615,-0.8067828234908168
UBFC_PHYS_s13_T2_ctrl,26,117,29.9,0.026771822944283485,-0.5183794239509205
UBFC_PHYS_s13_T2_ctrl,26,118,29.933333333333334,-0.017469074577093124,-0.20577220542364022
UBFC_PHYS_s13_T2_ctrl,26,119,29.966666666666665,0.030950093641877174,0.10039206138890004
UBFC_PHYS_s13_T2_ctrl,26,120,30.0,0.13927866518497467,0.3811266970287058
UBFC_PHYS_s13_T2_ctrl,26,121,30.033333333333335,0.22743424773216248,0.6269066260815609
UBFC_PHYS_s13_T2_ctrl,26,122,30.066666666666666,0.25791123509407043,0.8319351426606979
UBFC_PHYS_s13_T2_ctrl,26,123,30.1,0.24961070716381073,0.9890133037798957
UBFC_PHYS_s13_T2_ctrl,26,124,30.133333333333333,0.23453202843666077,1.0877677886792894
UBFC_PHYS_s13_T2_ctrl,26,125,30.166666666666668,0.22610628604888916,1.1166164277041917
UBFC_PHYS_s13_T2_ctrl,26,126,30.2,0.224976047873497,1.0670266331911995
UBFC_PHYS_s13_T2_ctrl,26,127,30.233333333333334,0.24317196011543274,0.9379130734001813
UBFC_PHYS_s13_T2_ctrl,26,128,30.266666666666666,0.2872283160686493,0.7382709560778526
UBFC_PHYS_s13_T2_ctrl,26,129,30.3,0.3255906403064728,0.4870015969939976
UBFC_PHYS_s13_T2_ctrl,26,130,30.333333333333332,0.3369062542915344,0.20996339712898585
UBFC_PHYS_s13_T2_ctrl,26,131,30.366666666666667,0.35074594616889954,-0.0647663487870636
UBFC_PHYS_s13_T2_ctrl,26,132,30.4,0.38428083062171936,-0.31187157961481576
UBFC_PHYS_s13_T2_ctrl,26,133,30.433333333333334,0.3871772885322571,-0.5124992998892188
UBFC_PHYS_s13_T2_ctrl,26,134,30.466666666666665,0.3224470615386963,-0.6557867899721812
UBFC_PHYS_s13_T2_ctrl,26,135,30.5,0.27253517508506775,-0.7382667005472638
UBFC_PHYS_s13_T2_ctrl,26,136,30.533333333333335,0.37443816661834717,-0.7620390485962826
UBFC_PHYS_s13_T2_ctrl,26,137,30.566666666666666,0.6151829957962036,-0.7328848235554046
UBFC_PHYS_s13_T2_ctrl,26,138,30.6,0.8329440355300903,-0.6590697506910255
UBFC_PHYS_s13_T2_ctrl,26,139,30.633333333333333,0.8906588554382324,-0.5507573044735886
UBFC_PHYS_s13_T2_ctrl,26,140,30.666666666666668,0.8142274618148804,-0.41931954057778176
UBFC_PHYS_s13_T2_ctrl,26,141,30.7,0.7388933897018433,-0.2760122059001673
UBFC_PHYS_s13_T2_ctrl,26,142,30.733333333333334,0.738791286945343,-0.13042695177922603
UBFC_PHYS_s13_T2_ctrl,26,143,30.766666666666666,0.7607700228691101,0.010239445527096092
UBFC_PHYS_s13_T2_ctrl,26,144,30.8,0.7389724850654602,0.14059648148100778
UBFC_PHYS_s13_T2_ctrl,26,145,30.833333333333332,0.691004753112793,0.2557576558619095
UBFC_PHYS_s13_T2_ctrl,26,146,30.866666666666667,0.6528961658477783,0.35051261146335144
UBFC_PHYS_s13_T2_ctrl,26,147,30.9,0.6208704710006714,0.4197619293213543
UBFC_PHYS_s13_T2_ctrl,26,148,30.933333333333334,0.5736474394798279,0.45993667218883355
UBFC_PHYS_s13_T2_ctrl,26,149,30.966666666666665,0.500468373298645,0.47030989748497665
UBFC_PHYS_s13_T2_ctrl,26,150,31.0,0.4111298620700836,0.4532428556536178
UBFC_PHYS_s13_T2_ctrl,26,151,31.033333333333335,0.31964945793151855,0.4132433673868078
UBFC_PHYS_s13_T2_ctrl,26,152,31.066666666666666,0.20299069583415985,0.3555189411774156
UBFC_PHYS_s13_T2_ctrl,26,153,31.1,0.0668674036860466,0.2849248657466261
UBFC_PHYS_s13_T2_ctrl,26,154,31.133333333333333,-0.00407092971727252,0.20574462797322998
UBFC_PHYS_s13_T2_ctrl,26,155,31.166666666666668,0.016995064914226532,0.12207857866962409
UBFC_PHYS_s13_T2_ctrl,26,156,31.2,0.020820753648877144,0.03828197756099153
UBFC_PHYS_s13_T2_ctrl,26,157,31.233333333333334,-0.0700368583202362,-0.04107850469507479
UBFC_PHYS_s13_T2_ctrl,26,158,31.266666666666666,-0.20712894201278687,-0.1120506905588774
UBFC_PHYS_s13_T2_ctrl,26,159,31.3,-0.33775588870048523,-0.17277431398753995
UBFC_PHYS_s13_T2_ctrl,26,160,31.333333333333332,-0.43625500798225403,-0.2249251395779413
UBFC_PHYS_s13_T2_ctrl,26,161,31.366666666666667,-0.44125375151634216,-0.2741428595195841
UBFC_PHYS_s13_T2_ctrl,26,162,31.4,-0.350448876619339,-0.3287254242312412
UBFC_PHYS_s13_T2_ctrl,26,163,31.433333333333334,-0.2757145166397095,-0.39657863789939013
UBFC_PHYS_s13_T2_ctrl,26,164,31.466666666666665,-0.2785879075527191,-0.4812022429641118
UBFC_PHYS_s13_T2_ctrl,26,165,31.5,-0.2972649037837982,-0.5780607440591988
UBFC_PHYS_s13_T2_ctrl,26,166,31.533333333333335,-0.2918575406074524,-0.6728192942452274
UBFC_PHYS_s13_T2_ctrl,26,167,31.566666666666666,-0.26984912157058716,-0.7425470915557545
UBFC_PHYS_s13_T2_ctrl,26,168,31.6,-0.17933091521263123,-0.7601963191688713
UBFC_PHYS_s13_T2_ctrl,26,169,31.633333333333333,0.04391327500343323,-0.7017195188975894
UBFC_PHYS_s13_T2_ctrl,26,170,31.666666666666668,0.36662864685058594,-0.5542789731442856
UBFC_PHYS_s13_T2_ctrl,26,171,31.7,0.6360150575637817,-0.32304198911575366
UBFC_PHYS_s13_T2_ctrl,26,172,31.733333333333334,0.6806744337081909,-0.03337944677912407
UBFC_PHYS_s13_T2_ctrl,26,173,31.766666666666666,0.492424875497818,0.2738884461345159
UBFC_PHYS_s13_T2_ctrl,26,174,31.8,0.25597697496414185,0.5536291798875792
UBFC_PHYS_s13_T2_ctrl,26,175,31.833333333333332,0.10558559745550156,0.7696988690477747
UBFC_PHYS_s13_T2_ctrl,26,176,31.866666666666667,0.028956517577171326,0.9042164389420363
UBFC_PHYS_s13_T2_ctrl,26,177,31.9,-0.007768105715513229,0.9583274808085174
UBFC_PHYS_s13_T2_ctrl,26,178,31.933333333333334,-0.020711516961455345,0.9450201755435346
UBFC_PHYS_s13_T2_ctrl,26,179,31.966666666666665,-0.062309689819812775,0.8791484619824309
UBFC_PHYS_s13_T2_ctrl,26,180,32.0,-0.1861024796962738,0.7704485769014641
UBFC_PHYS_s13_T2_ctrl,26,181,32.03333333333333,-0.3950127065181732,0.6224132233258636
UBFC_PHYS_s13_T2_ctrl,26,182,32.06666666666667,-0.6376291513442993,0.4360631625581807
UBFC_PHYS_s13_T2_ctrl,26,183,32.1,-0.7984991669654846,0.21534860121616772
UBFC_PHYS_s13_T2_ctrl,26,184,32.13333333333333,-0.7728858590126038,-0.028900283991599784
UBFC_PHYS_s13_T2_ctrl,26,185,32.166666666666664,-0.6415109038352966,-0.277945070054089
UBFC_PHYS_s13_T2_ctrl,26,186,32.2,-0.5916748046875,-0.5070773484781558
UBFC_PHYS_s13_T2_ctrl,26,187,32.233333333333334,-0.6527309417724609,-0.6898209595207996
UBFC_PHYS_s13_T2_ctrl,26,188,32.266666666666666,-0.7251356244087219,-0.8033612781684902
UBFC_PHYS_s13_T2_ctrl,26,189,32.3,-0.7812786102294922,-0.8338856712827554
UBFC_PHYS_s13_T2_ctrl,26,190,32.333333333333336,-0.8261719942092896,-0.7801991853392569
UBFC_PHYS_s13_T2_ctrl,26,191,32.36666666666667,-0.8376786708831787,-0.6539831602391827
UBFC_PHYS_s13_T2_ctrl,26,192,32.4,-0.861361026763916,-0.4759051342214723
UBFC_PHYS_s13_T2_ctrl,26,193,32.43333333333333,-0.9730671644210815,-0.26869497902466555
UBFC_PHYS_s13_T2_ctrl,26,194,32.46666666666667,-1.1226379871368408,-0.05049762143408662
UBFC_PHYS_s13_T2_ctrl,26,195,32.5,-1.177271842956543,0.16778762044597403
UBFC_PHYS_s13_T2_ctrl,26,196,32.53333333333333,-1.104343295097351,0.37995291310788515
UBFC_PHYS_s13_T2_ctrl,26,197,32.56666666666667,-0.9807185530662537,0.5789576947162494
UBFC_PHYS_s13_T2_ctrl,26,198,32.6,-0.8401170969009399,0.7524601769631808
UBFC_PHYS_s13_T2_ctrl,26,199,32.63333333333333,-0.6863778829574585,0.8825405087026879
UBFC_PHYS_s13_T2_ctrl,26,200,32.666666666666664,-0.5499547123908997,0.9499637376405333
UBFC_PHYS_s13_T2_ctrl,26,201,32.7,-0.44225549697875977,0.940583136615358
UBFC_PHYS_s13_T2_ctrl,26,202,32.733333333333334,-0.33850061893463135,0.8504966305028276
UBFC_PHYS_s13_T2_ctrl,26,203,32.766666666666666,-0.2431582808494568,0.6875710408205171
UBFC_PHYS_s13_T2_ctrl,26,204,32.8,-0.1598169505596161,0.469022347553056
UBFC_PHYS_s13_T2_ctrl,26,205,32.833333333333336,-0.02042154222726822,0.21654744829724415
UBFC_PHYS_s13_T2_ctrl,26,206,32.86666666666667,0.20821353793144226,-0.04884777558145318
UBFC_PHYS_s13_T2_ctrl,26,207,32.9,0.43794921040534973,-0.3104788885372297
UBFC_PHYS_s13_T2_ctrl,26,208,32.93333333333333,0.5753049254417419,-0.5569151168390871
UBFC_PHYS_s13_T2_ctrl,26,209,32.96666666666667,0.6074821949005127,-0.7800507531120505
UBFC_PHYS_s13_T2_ctrl,26,210,33.0,0.559659481048584,-0.9713974946846501
UBFC_PHYS_s13_T2_ctrl,26,211,33.03333333333333,0.509391725063324,-1.1186455973883316
UBFC_PHYS_s13_T2_ctrl,26,212,33.06666666666667,0.5535502433776855,-1.2046613055482769
UBFC_PHYS_s13_T2_ctrl,26,213,33.1,0.6574665904045105,-1.2102404679926935
UBFC_PHYS_s13_T2_ctrl,26,214,33.13333333333333,0.6960331797599792,-1.1203731493429354
UBFC_PHYS_s13_T2_ctrl,26,215,33.166666666666664,0.6430436372756958,-0.9319464604349889
UBFC_PHYS_s13_T2_ctrl,26,216,33.2,0.5756344199180603,-0.6594429178316844
UBFC_PHYS_s13_T2_ctrl,26,217,33.233333333333334,0.5200976729393005,-0.3352089859539107
UBFC_PHYS_s13_T2_ctrl,26,218,33.266666666666666,0.40826964378356934,-0.0027863265831393237
UBFC_PHYS_s13_T2_ctrl,26,219,33.3,0.20205157995224,0.29485057674551074
UBFC_PHYS_s13_T2_ctrl,26,220,33.333333333333336,-0.019515372812747955,0.5271243775569806
UBFC_PHYS_s13_T2_ctrl,26,221,33.36666666666667,-0.15795846283435822,0.6821561821058397
UBFC_PHYS_s13_T2_ctrl,26,222,33.4,-0.21560080349445343,0.7650122407090414
UBFC_PHYS_s13_T2_ctrl,26,223,33.43333333333333,-0.2678687274456024,0.7898940051693123
UBFC_PHYS_s13_T2_ctrl,26,224,33.46666666666667,-0.3356107473373413,0.7711356940277622
UBFC_PHYS_s13_T2_ctrl,26,225,33.5,-0.3536122441291809,0.7176636003255872
UBFC_PHYS_s13_T2_ctrl,26,226,33.53333333333333,-0.2817907929420471,0.6328075839811642
UBFC_PHYS_s13_T2_ctrl,26,227,33.56666666666667,-0.19304539263248444,0.5180577472649383
UBFC_PHYS_s13_T2_ctrl,26,228,33.6,-0.1770770251750946,0.3775696695620824
UBFC_PHYS_s13_T2_ctrl,26,229,33.63333333333333,-0.2429506778717041,0.22057875817154374
UBFC_PHYS_s13_T2_ctrl,26,230,33.666666666666664,-0.3345167636871338,0.06072219761119402
UBFC_PHYS_s13_T2_ctrl,26,231,33.7,-0.4008846879005432,-0.08683148962574992
UBFC_PHYS_s13_T2_ctrl,26,232,33.733333333333334,-0.42170682549476624,-0.2087345617002305
UBFC_PHYS_s13_T2_ctrl,26,233,33.766666666666666,-0.38794785737991333,-0.2958915421727763
UBFC_PHYS_s13_T2_ctrl,26,234,33.8,-0.30908796191215515,-0.34437765643349255
UBFC_PHYS_s13_T2_ctrl,26,235,33.833333333333336,-0.23034007847309113,-0.35499922610889456
UBFC_PHYS_s13_T2_ctrl,26,236,33.86666666666667,-0.19640976190567017,-0.3320302003045335
UBFC_PHYS_s13_T2_ctrl,26,237,33.9,-0.18954263627529144,-0.28169355855491607
UBFC_PHYS_s13_T2_ctrl,26,238,33.93333333333333,-0.09241103380918503,-0.2108400165394518
UBFC_PHYS_s13_T2_ctrl,26,239,33.96666666666667,0.2542634904384613,-0.12616155249903768
UBFC_PHYS_s13_T2_ctrl,27,0,27.0,-0.7612407207489014,-0.08436915381085797
UBFC_PHYS_s13_T2_ctrl,27,1,27.033333333333335,-0.8438571095466614,-0.35293699646645005
UBFC_PHYS_s13_T2_ctrl,27,2,27.066666666666666,-1.0329337120056152,-0.5974330892592915
UBFC_PHYS_s13_T2_ctrl,27,3,27.1,-1.342883586883545,-0.8014627169564892
UBFC_PHYS_s13_T2_ctrl,27,4,27.133333333333333,-1.6287590265274048,-0.9598739341122834
UBFC_PHYS_s13_T2_ctrl,27,5,27.166666666666668,-1.6505730152130127,-1.0787583445830689
UBFC_PHYS_s13_T2_ctrl,27,6,27.2,-1.3435064554214478,-1.169981344208979
UBFC_PHYS_s13_T2_ctrl,27,7,27.233333333333334,-0.9544824361801147,-1.2424352884448688
UBFC_PHYS_s13_T2_ctrl,27,8,27.266666666666666,-0.7213230729103088,-1.2944822663867204
UBFC_PHYS_s13_T2_ctrl,27,9,27.3,-0.5732679963111877,-1.311898026711135
UBFC_PHYS_s13_T2_ctrl,27,10,27.333333333333332,-0.4005354046821594,-1.2729526310751416
UBFC_PHYS_s13_T2_ctrl,27,11,27.366666666666667,-0.29694855213165283,-1.158465709737842
UBFC_PHYS_s13_T2_ctrl,27,12,27.4,-0.3266940414905548,-0.9618405156527677
UBFC_PHYS_s13_T2_ctrl,27,13,27.433333333333334,-0.35626155138015747,-0.6939377545421304
UBFC_PHYS_s13_T2_ctrl,27,14,27.466666666666665,-0.2874617874622345,-0.3804787532809195
UBFC_PHYS_s13_T2_ctrl,27,15,27.5,-0.20750458538532257,-0.053683738110014936
UBFC_PHYS_s13_T2_ctrl,27,16,27.533333333333335,-0.158508762717247,0.2573846172606794
UBFC_PHYS_s13_T2_ctrl,27,17,27.566666666666666,-0.04305603727698326,0.5332599847669139
UBFC_PHYS_s13_T2_ctrl,27,18,27.6,0.13591760396957397,0.7652522141375636
UBFC_PHYS_s13_T2_ctrl,27,19,27.633333333333333,0.2511759102344513,0.9523020513324726
UBFC_PHYS_s13_T2_ctrl,27,20,27.666666666666668,0.22959916293621063,1.095981855691085
UBFC_PHYS_s13_T2_ctrl,27,21,27.7,0.0801633968949318,1.1961081060667356
UBFC_PHYS_s13_T2_ctrl,27,22,27.733333333333334,-0.17472757399082184,1.2486627492319051
UBFC_PHYS_s13_T2_ctrl,27,23,27.766666666666666,-0.4930900037288666,1.246599354396623
UBFC_PHYS_s13_T2_ctrl,27,24,27.8,-0.7713437080383301,1.1828777381731792
UBFC_PHYS_s13_T2_ctrl,27,25,27.833333333333332,-0.8810035586357117,1.0541310626984775
UBFC_PHYS_s13_T2_ctrl,27,26,27.866666666666667,-0.7891112565994263,0.8631472015885547
UBFC_PHYS_s13_T2_ctrl,27,27,27.9,-0.6043776273727417,0.6191012785069699
UBFC_PHYS_s13_T2_ctrl,27,28,27.933333333333334,-0.43602433800697327,0.3359034413078927
UBFC_PHYS_s13_T2_ctrl,27,29,27.966666666666665,-0.29562389850616455,0.030044979197864467
UBFC_PHYS_s13_T2_ctrl,27,30,28.0,-0.1959879845380783,-0.28085152525210316
UBFC_PHYS_s13_T2_ctrl,27,31,28.033333333333335,-0.20679283142089844,-0.5784872995346136
UBFC_PHYS_s13_T2_ctrl,27,32,28.066666666666666,-0.3138890266418457,-0.8438311244858494
UBFC_PHYS_s13_T2_ctrl,27,33,28.1,-0.4070828855037689,-1.0573389050880775
UBFC_PHYS_s13_T2_ctrl,27,34,28.133333333333333,-0.44026193022727966,-1.200121360561887
UBFC_PHYS_s13_T2_ctrl,27,35,28.166666666666668,-0.48512229323387146,-1.2563113488817015
UBFC_PHYS_s13_T2_ctrl,27,36,28.2,-0.5969240069389343,-1.216307476236589
UBFC_PHYS_s13_T2_ctrl,27,37,28.233333333333334,-0.7273895144462585,-1.0800234861486637
UBFC_PHYS_s13_T2_ctrl,27,38,28.266666666666666,-0.7601335644721985,-0.8589264682202892
UBFC_PHYS_s13_T2_ctrl,27,39,28.3,-0.588066577911377,-0.575626201662548
UBFC_PHYS_s13_T2_ctrl,27,40,28.333333333333332,-0.22701196372509003,-0.260278388401764
UBFC_PHYS_s13_T2_ctrl,27,41,28.366666666666667,0.1816149652004242,0.05560644865096874
UBFC_PHYS_s13_T2_ctrl,27,42,28.4,0.5031737089157104,0.3456061742156122
UBFC_PHYS_s13_T2_ctrl,27,43,28.433333333333334,0.6660175323486328,0.5922259253405585
UBFC_PHYS_s13_T2_ctrl,27,44,28.466666666666665,0.615416944026947,0.7869097253520355
UBFC_PHYS_s13_T2_ctrl,27,45,28.5,0.3570561707019806,0.9272081319032626
UBFC_PHYS_s13_T2_ctrl,27,46,28.533333333333335,-0.0008317816536873579,1.0130153572755272
UBFC_PHYS_s13_T2_ctrl,27,47,28.566666666666666,-0.35428115725517273,1.0436127713713204
UBFC_PHYS_s13_T2_ctrl,27,48,28.6,-0.6969553232192993,1.0168014861231844
UBFC_PHYS_s13_T2_ctrl,27,49,28.633333333333333,-1.0344692468643188,0.9305774598693771
UBFC_PHYS_s13_T2_ctrl,27,50,28.666666666666668,-1.260392427444458,0.7864639004859392
UBFC_PHYS_s13_T2_ctrl,27,51,28.7,-1.2030433416366577,0.5925500359096096
UBFC_PHYS_s13_T2_ctrl,27,52,28.733333333333334,-0.859196126461029,0.3643213808619788
UBFC_PHYS_s13_T2_ctrl,27,53,28.766666666666666,-0.4256313741207123,0.12245279303053348
UBFC_PHYS_s13_T2_ctrl,27,54,28.8,-0.0372367724776268,-0.11176397259386159
UBFC_PHYS_s13_T2_ctrl,27,55,28.833333333333332,0.3098694086074829,-0.32150261663127844
UBFC_PHYS_s13_T2_ctrl,27,56,28.866666666666667,0.6145997643470764,-0.49784251375680644
UBFC_PHYS_s13_T2_ctrl,27,57,28.9,0.8828954696655273,-0.6402106098232985
UBFC_PHYS_s13_T2_ctrl,27,58,28.933333333333334,1.102521538734436,-0.7539537153210399
UBFC_PHYS_s13_T2_ctrl,27,59,28.966666666666665,1.1360037326812744,-0.8462900038991542
UBFC_PHYS_s13_T2_ctrl,27,60,29.0,0.8687295317649841,-0.9219486971409521
UBFC_PHYS_s13_T2_ctrl,27,61,29.033333333333335,0.43369513750076294,-0.9793283323999058
UBFC_PHYS_s13_T2_ctrl,27,62,29.066666666666666,0.06598100066184998,-1.0078670042750346
UBFC_PHYS_s13_T2_ctrl,27,63,29.1,-0.1789453774690628,-0.9877767065819975
UBFC_PHYS_s13_T2_ctrl,27,64,29.133333333333333,-0.3563406467437744,-0.8937484212772044
UBFC_PHYS_s13_T2_ctrl,27,65,29.166666666666668,-0.5046626329421997,-0.7033978527746325
UBFC_PHYS_s13_T2_ctrl,27,66,29.2,-0.647211492061615,-0.4086040112501545
UBFC_PHYS_s13_T2_ctrl,27,67,29.233333333333334,-0.7601698040962219,-0.025003228035067597
UBFC_PHYS_s13_T2_ctrl,27,68,29.266666666666666,-0.7333669066429138,0.4059447429976996
UBFC_PHYS_s13_T2_ctrl,27,69,29.3,-0.5141032934188843,0.8251835821483245
UBFC_PHYS_s13_T2_ctrl,27,70,29.333333333333332,-0.2053462564945221,1.171953580260335
UBFC_PHYS_s13_T2_ctrl,27,71,29.366666666666667,0.080947645008564,1.400245807812294
UBFC_PHYS_s13_T2_ctrl,27,72,29.4,0.31350067257881165,1.4886285288317327
UBFC_PHYS_s13_T2_ctrl,27,73,29.433333333333334,0.4650420546531677,1.4402440517844335
UBFC_PHYS_s13_T2_ctrl,27,74,29.466666666666665,0.47950124740600586,1.2750120604199673
UBFC_PHYS_s13_T2_ctrl,27,75,29.5,0.36249321699142456,1.019331159438273
UBFC_PHYS_s13_T2_ctrl,27,76,29.533333333333335,0.22642920911312103,0.6982130816111035
UBFC_PHYS_s13_T2_ctrl,27,77,29.566666666666666,0.2088165581226349,0.33216406770402146
UBFC_PHYS_s13_T2_ctrl,27,78,29.6,0.34833717346191406,-0.0614471292395575
UBFC_PHYS_s13_T2_ctrl,27,79,29.633333333333333,0.5259433388710022,-0.46433591125038265
UBFC_PHYS_s13_T2_ctrl,27,80,29.666666666666668,0.5695284605026245,-0.8529306903800006
UBFC_PHYS_s13_T2_ctrl,27,81,29.7,0.4521942138671875,-1.1960339102258086
UBFC_PHYS_s13_T2_ctrl,27,82,29.733333333333334,0.2995851933956146,-1.4564763931016727
UBFC_PHYS_s13_T2_ctrl,27,83,29.766666666666666,0.21326173841953278,-1.5976558091411308
UBFC_PHYS_s13_T2_ctrl,27,84,29.8,0.187737375497818,-1.5938270901015879
UBFC_PHYS_s13_T2_ctrl,27,85,29.833333333333332,0.16865506768226624,-1.4404247202781733
UBFC_PHYS_s13_T2_ctrl,27,86,29.866666666666667,0.11174096912145615,-1.1589560716312106
UBFC_PHYS_s13_T2_ctrl,27,87,29.9,0.026771822944283485,-0.792422099700409
UBFC_PHYS_s13_T2_ctrl,27,88,29.933333333333334,-0.017469074577093124,-0.3922630211579888
UBFC_PHYS_s13_T2_ctrl,27,89,29.966666666666665,0.030950093641877174,-0.0029975022279723593
UBFC_PHYS_s13_T2_ctrl,27,90,30.0,0.13927866518497467,0.34794440995682635
UBFC_PHYS_s13_T2_ctrl,27,91,30.033333333333335,0.22743424773216248,0.6509149266437225
UBFC_PHYS_s13_T2_ctrl,27,92,30.066666666666666,0.25791123509407043,0.9065839667451506
UBFC_PHYS_s13_T2_ctrl,27,93,30.1,0.24961070716381073,1.1159249103572013
UBFC_PHYS_s13_T2_ctrl,27,94,30.133333333333333,0.23453202843666077,1.273606481801531
UBFC_PHYS_s13_T2_ctrl,27,95,30.166666666666668,0.22610628604888916,1.3676577478692977
UBFC_PHYS_s13_T2_ctrl,27,96,30.2,0.224976047873497,1.3842175132133725
UBFC_PHYS_s13_T2_ctrl,27,97,30.233333333333334,0.24317196011543274,1.3137338125007536
UBFC_PHYS_s13_T2_ctrl,27,98,30.266666666666666,0.2872283160686493,1.1553375486694104
UBFC_PHYS_s13_T2_ctrl,27,99,30.3,0.3255906403064728,0.9181586881861212
UBFC_PHYS_s13_T2_ctrl,27,100,30.333333333333332,0.3369062542915344,0.6201653770985165
UBFC_PHYS_s13_T2_ctrl,27,101,30.366666666666667,0.35074594616889954,0.2857137133797923
UBFC_PHYS_s13_T2_ctrl,27,102,30.4,0.38428083062171936,-0.05746710709347238
UBFC_PHYS_s13_T2_ctrl,27,103,30.433333333333334,0.3871772885322571,-0.38172231583394456
UBFC_PHYS_s13_T2_ctrl,27,104,30.466666666666665,0.3224470615386963,-0.6631640913338721
UBFC_PHYS_s13_T2_ctrl,27,105,30.5,0.27253517508506775,-0.8849670646945589
UBFC_PHYS_s13_T2_ctrl,27,106,30.533333333333335,0.37443816661834717,-1.0393803636588463
UBFC_PHYS_s13_T2_ctrl,27,107,30.566666666666666,0.6151829957962036,-1.1276821139570754
UBFC_PHYS_s13_T2_ctrl,27,108,30.6,0.8329440355300903,-1.1577163868027112
UBFC_PHYS_s13_T2_ctrl,27,109,30.633333333333333,0.8906588554382324,-1.1394365057709328
UBFC_PHYS_s13_T2_ctrl,27,110,30.666666666666668,0.8142274618148804,-1.079907833068282
UBFC_PHYS_s13_T2_ctrl,27,111,30.7,0.7388933897018433,-0.9799269197782172
UBFC_PHYS_s13_T2_ctrl,27,112,30.733333333333334,0.738791286945343,-0.8341683616756833
UBFC_PHYS_s13_T2_ctrl,27,113,30.766666666666666,0.7607700228691101,-0.6353607891010701
UBFC_PHYS_s13_T2_ctrl,27,114,30.8,0.7389724850654602,-0.3809148411413615
UBFC_PHYS_s13_T2_ctrl,27,115,30.833333333333332,0.691004753112793,-0.07893918043266981
UBFC_PHYS_s13_T2_ctrl,27,116,30.866666666666667,0.6528961658477783,0.24929668450164183
UBFC_PHYS_s13_T2_ctrl,27,117,30.9,0.6208704710006714,0.5718342412205765
UBFC_PHYS_s13_T2_ctrl,27,118,30.933333333333334,0.5736474394798279,0.8527196389786474
UBFC_PHYS_s13_T2_ctrl,27,119,30.966666666666665,0.500468373298645,1.0605247156504323
UBFC_PHYS_s13_T2_ctrl,27,120,31.0,0.4111298620700836,1.1756881872144251
UBFC_PHYS_s13_T2_ctrl,27,121,31.033333333333335,0.31964945793151855,1.1942632984116672
UBFC_PHYS_s13_T2_ctrl,27,122,31.066666666666666,0.20299069583415985,1.1271216339439063
UBFC_PHYS_s13_T2_ctrl,27,123,31.1,0.0668674036860466,0.995343159561662
UBFC_PHYS_s13_T2_ctrl,27,124,31.133333333333333,-0.00407092971727252,0.8237416877028281
UBFC_PHYS_s13_T2_ctrl,27,125,31.166666666666668,0.016995064914226532,0.6348067092356008
UBFC_PHYS_s13_T2_ctrl,27,126,31.2,0.020820753648877144,0.4447423326403457
UBFC_PHYS_s13_T2_ctrl,27,127,31.233333333333334,-0.0700368583202362,0.2621169924556415
UBFC_PHYS_s13_T2_ctrl,27,128,31.266666666666666,-0.20712894201278687,0.08853239874584914
UBFC_PHYS_s13_T2_ctrl,27,129,31.3,-0.33775588870048523,-0.07964911801220857
UBFC_PHYS_s13_T2_ctrl,27,130,31.333333333333332,-0.43625500798225403,-0.24901269524063502
UBFC_PHYS_s13_T2_ctrl,27,131,31.366666666666667,-0.44125375151634216,-0.4262903969200634
UBFC_PHYS_s13_T2_ctrl,27,132,31.4,-0.350448876619339,-0.6153581211191456
UBFC_PHYS_s13_T2_ctrl,27,133,31.433333333333334,-0.2757145166397095,-0.8146631459730873
UBFC_PHYS_s13_T2_ctrl,27,134,31.466666666666665,-0.2785879075527191,-1.015454453906091
UBFC_PHYS_s13_T2_ctrl,27,135,31.5,-0.2972649037837982,-1.200858627946066
UBFC_PHYS_s13_T2_ctrl,27,136,31.533333333333335,-0.2918575406074524,-1.3460958032416395
UBFC_PHYS_s13_T2_ctrl,27,137,31.566666666666666,-0.26984912157058716,-1.4206271303010554
UBFC_PHYS_s13_T2_ctrl,27,138,31.6,-0.17933091521263123,-1.3930495334805764
UBFC_PHYS_s13_T2_ctrl,27,139,31.633333333333333,0.04391327500343323,-1.23878657762478
UBFC_PHYS_s13_T2_ctrl,27,140,31.666666666666668,0.36662864685058594,-0.9491811440787419
UBFC_PHYS_s13_T2_ctrl,27,141,31.7,0.6360150575637817,-0.5389137522233428
UBFC_PHYS_s13_T2_ctrl,27,142,31.733333333333334,0.6806744337081909,-0.0477369283719238
UBFC_PHYS_s13_T2_ctrl,27,143,31.766666666666666,0.492424875497818,0.46617936916021196
UBFC_PHYS_s13_T2_ctrl,27,144,31.8,0.25597697496414185,0.9401425427185658
UBFC_PHYS_s13_T2_ctrl,27,145,31.833333333333332,0.10558559745550156,1.3226938959482673
UBFC_PHYS_s13_T2_ctrl,27,146,31.866666666666667,0.028956517577171326,1.5841811874354963
UBFC_PHYS_s13_T2_ctrl,27,147,31.9,-0.007768105715513229,1.717608194224835
UBFC_PHYS_s13_T2_ctrl,27,148,31.933333333333334,-0.020711516961455345,1.730874997391148
UBFC_PHYS_s13_T2_ctrl,27,149,31.966666666666665,-0.062309689819812775,1.6362764962545178
UBFC_PHYS_s13_T2_ctrl,27,150,32.0,-0.1861024796962738,1.4435299391105876
UBFC_PHYS_s13_T2_ctrl,27,151,32.03333333333333,-0.3950127065181732,1.1591890652396035
UBFC_PHYS_s13_T2_ctrl,27,152,32.06666666666667,-0.6376291513442993,0.7909973400209418
UBFC_PHYS_s13_T2_ctrl,27,153,32.1,-0.7984991669654846,0.35341030669199647
UBFC_PHYS_s13_T2_ctrl,27,154,32.13333333333333,-0.7728858590126038,-0.12876424759242544
UBFC_PHYS_s13_T2_ctrl,27,155,32.166666666666664,-0.6415109038352966,-0.6196711594821959
UBFC_PHYS_s13_T2_ctrl,27,156,32.2,-0.5916748046875,-1.0746453650988559
UBFC_PHYS_s13_T2_ctrl,27,157,32.233333333333334,-0.6527309417724609,-1.4453102314300044
UBFC_PHYS_s13_T2_ctrl,27,158,32.266666666666666,-0.7251356244087219,-1.6873880742548826
UBFC_PHYS_s13_T2_ctrl,27,159,32.3,-0.7812786102294922,-1.7702507910141798
UBFC_PHYS_s13_T2_ctrl,27,160,32.333333333333336,-0.8261719942092896,-1.6857118324327784
UBFC_PHYS_s13_T2_ctrl,27,161,32.36666666666667,-0.8376786708831787,-1.4522788979218495
UBFC_PHYS_s13_T2_ctrl,27,162,32.4,-0.861361026763916,-1.1114371301946022
UBFC_PHYS_s13_T2_ctrl,27,163,32.43333333333333,-0.9730671644210815,-0.7156050757408222
UBFC_PHYS_s13_T2_ctrl,27,164,32.46666666666667,-1.1226379871368408,-0.312337445535353
UBFC_PHYS_s13_T2_ctrl,27,165,32.5,-1.177271842956543,0.06759185884205296
UBFC_PHYS_s13_T2_ctrl,27,166,32.53333333333333,-1.104343295097351,0.4124439399834497
UBFC_PHYS_s13_T2_ctrl,27,167,32.56666666666667,-0.9807185530662537,0.7220196148232088
UBFC_PHYS_s13_T2_ctrl,27,168,32.6,-0.8401170969009399,0.9961173376169038
UBFC_PHYS_s13_T2_ctrl,27,169,32.63333333333333,-0.6863778829574585,1.2265107670661959
UBFC_PHYS_s13_T2_ctrl,27,170,32.666666666666664,-0.5499547123908997,1.396585072327512
UBFC_PHYS_s13_T2_ctrl,27,171,32.7,-0.44225549697875977,1.4872861550045595
UBFC_PHYS_s13_T2_ctrl,27,172,32.733333333333334,-0.33850061893463135,1.484752949875885
UBFC_PHYS_s13_T2_ctrl,27,173,32.766666666666666,-0.2431582808494568,1.3853173333994908
UBFC_PHYS_s13_T2_ctrl,27,174,32.8,-0.1598169505596161,1.1962688755201158
UBFC_PHYS_s13_T2_ctrl,27,175,32.833333333333336,-0.02042154222726822,0.9333440650690582
UBFC_PHYS_s13_T2_ctrl,27,176,32.86666666666667,0.20821353793144226,0.6166078026960036
UBFC_PHYS_s13_T2_ctrl,27,177,32.9,0.43794921040534973,0.26614307259452424
UBFC_PHYS_s13_T2_ctrl,27,178,32.93333333333333,0.5753049254417419,-0.10094241463108489
UBFC_PHYS_s13_T2_ctrl,27,179,32.96666666666667,0.6074821949005127,-0.4708293562793005
UBFC_PHYS_s13_T2_ctrl,27,180,33.0,0.559659481048584,-0.830481965086228
UBFC_PHYS_s13_T2_ctrl,27,181,33.03333333333333,0.509391725063324,-1.1637941342443472
UBFC_PHYS_s13_T2_ctrl,27,182,33.06666666666667,0.5535502433776855,-1.4486962684994786
UBFC_PHYS_s13_T2_ctrl,27,183,33.1,0.6574665904045105,-1.6572982409909245
UBFC_PHYS_s13_T2_ctrl,27,184,33.13333333333333,0.6960331797599792,-1.760063293560761
UBFC_PHYS_s13_T2_ctrl,27,185,33.166666666666664,0.6430436372756958,-1.733378771361013
UBFC_PHYS_s13_T2_ctrl,27,186,33.2,0.5756344199180603,-1.5681568247617035
UBFC_PHYS_s13_T2_ctrl,27,187,33.233333333333334,0.5200976729393005,-1.2759113513572955
UBFC_PHYS_s13_T2_ctrl,27,188,33.266666666666666,0.40826964378356934,-0.8889100354691741
UBFC_PHYS_s13_T2_ctrl,27,189,33.3,0.20205157995224,-0.45322386410800664
UBFC_PHYS_s13_T2_ctrl,27,190,33.333333333333336,-0.019515372812747955,-0.017227480175456958
UBFC_PHYS_s13_T2_ctrl,27,191,33.36666666666667,-0.15795846283435822,0.3792918452340808
UBFC_PHYS_s13_T2_ctrl,27,192,33.4,-0.21560080349445343,0.7109466388206657
UBFC_PHYS_s13_T2_ctrl,27,193,33.43333333333333,-0.2678687274456024,0.9662710144577474
UBFC_PHYS_s13_T2_ctrl,27,194,33.46666666666667,-0.3356107473373413,1.1431996977779109
UBFC_PHYS_s13_T2_ctrl,27,195,33.5,-0.3536122441291809,1.2442272794654545
UBFC_PHYS_s13_T2_ctrl,27,196,33.53333333333333,-0.2817907929420471,1.2737541331222533
UBFC_PHYS_s13_T2_ctrl,27,197,33.56666666666667,-0.19304539263248444,1.2377178384574707
UBFC_PHYS_s13_T2_ctrl,27,198,33.6,-0.1770770251750946,1.1440485401653437
UBFC_PHYS_s13_T2_ctrl,27,199,33.63333333333333,-0.2429506778717041,1.0025286701333314
UBFC_PHYS_s13_T2_ctrl,27,200,33.666666666666664,-0.3345167636871338,0.8237829860123185
UBFC_PHYS_s13_T2_ctrl,27,201,33.7,-0.4008846879005432,0.6181436594686812
UBFC_PHYS_s13_T2_ctrl,27,202,33.733333333333334,-0.42170682549476624,0.39514373650906803
UBFC_PHYS_s13_T2_ctrl,27,203,33.766666666666666,-0.38794785737991333,0.16376073474518707
UBFC_PHYS_s13_T2_ctrl,27,204,33.8,-0.30908796191215515,-0.0669594745962188
UBFC_PHYS_s13_T2_ctrl,27,205,33.833333333333336,-0.23034007847309113,-0.28742111199068926
UBFC_PHYS_s13_T2_ctrl,27,206,33.86666666666667,-0.19640976190567017,-0.48757389093315573
UBFC_PHYS_s13_T2_ctrl,27,207,33.9,-0.18954263627529144,-0.657681435472449
UBFC_PHYS_s13_T2_ctrl,27,208,33.93333333333333,-0.09241103380918503,-0.7893777742706047
UBFC_PHYS_s13_T2_ctrl,27,209,33.96666666666667,0.2542634904384613,-0.8764209407291604
UBFC_PHYS_s13_T2_ctrl,27,210,34.0,0.8306703567504883,-0.9148516262130442
UBFC_PHYS_s13_T2_ctrl,27,211,34.03333333333333,1.302828073501587,-0.9026838550876725
UBFC_PHYS_s13_T2_ctrl,27,212,34.06666666666667,1.3774734735488892,-0.8393811028934215
UBFC_PHYS_s13_T2_ctrl,27,213,34.1,1.1348669528961182,-0.7253526808717545
UBFC_PHYS_s13_T2_ctrl,27,214,34.13333333333333,0.8233122825622559,-0.561810857178293
UBFC_PHYS_s13_T2_ctrl,27,215,34.166666666666664,0.5631029009819031,-0.3514631562631737
UBFC_PHYS_s13_T2_ctrl,27,216,34.2,0.330394983291626,-0.10038078820875286
UBFC_PHYS_s13_T2_ctrl,27,217,34.233333333333334,0.06400060653686523,0.1792427663009493
UBFC_PHYS_s13_T2_ctrl,27,218,34.266666666666666,-0.17650695145130157,0.46669932711679396
UBFC_PHYS_s13_T2_ctrl,27,219,34.3,-0.1395714432001114,0.7326249261835796
UBFC_PHYS_s13_T2_ctrl,27,220,34.333333333333336,0.310709685087204,0.9425646805452887
UBFC_PHYS_s13_T2_ctrl,27,221,34.36666666666667,0.9010649919509888,1.0640175149531854
UBFC_PHYS_s13_T2_ctrl,27,222,34.4,1.169683575630188,1.074571836598022
UBFC_PHYS_s13_T2_ctrl,27,223,34.43333333333333,0.9681216478347778,0.9678833084974916
UBFC_PHYS_s13_T2_ctrl,27,224,34.46666666666667,0.5428310632705688,0.755624392669026
UBFC_PHYS_s13_T2_ctrl,27,225,34.5,0.15282180905342102,0.4656764131944449
UBFC_PHYS_s13_T2_ctrl,27,226,34.53333333333333,-0.16139203310012817,0.13784431395839097
UBFC_PHYS_s13_T2_ctrl,27,227,34.56666666666667,-0.4704785943031311,-0.18193355073829398
UBFC_PHYS_s13_T2_ctrl,27,228,34.6,-0.7946438193321228,-0.44860455538260574
UBFC_PHYS_s13_T2_ctrl,27,229,34.63333333333333,-1.0440813302993774,-0.6260584461788016
UBFC_PHYS_s13_T2_ctrl,27,230,34.666666666666664,-1.097743034362793,-0.6950979473387585
UBFC_PHYS_s13_T2_ctrl,27,231,34.7,-0.9487093091011047,-0.6588518741504218
UBFC_PHYS_s13_T2_ctrl,27,232,34.733333333333334,-0.6908263564109802,-0.5426498463494557
UBFC_PHYS_s13_T2_ctrl,27,233,34.766666666666666,-0.4294373095035553,-0.38695099711452413
UBFC_PHYS_s13_T2_ctrl,27,234,34.8,-0.2534622550010681,-0.23537037501689187
UBFC_PHYS_s13_T2_ctrl,27,235,34.833333333333336,-0.1761510819196701,-0.12262267741153758
UBFC_PHYS_s13_T2_ctrl,27,236,34.86666666666667,-0.14267878234386444,-0.06697295708916685
UBFC_PHYS_s13_T2_ctrl,27,237,34.9,-0.12887533009052277,-0.0689738720901971
UBFC_PHYS_s13_T2_ctrl,27,238,34.93333333333333,-0.14381562173366547,-0.11501601301843421
UBFC_PHYS_s13_T2_ctrl,27,239,34.96666666666667,-0.1617281436920166,-0.1827066699807894
UBFC_PHYS_s13_T2_ctrl,28,0,28.0,-0.1959879845380783,-0.12052373309166818
UBFC_PHYS_s13_T2_ctrl,28,1,28.033333333333335,-0.20679283142089844,-0.3953583477642647
UBFC_PHYS_s13_T2_ctrl,28,2,28.066666666666666,-0.3138890266418457,-0.646090889056822
UBFC_PHYS_s13_T2_ctrl,28,3,28.1,-0.4070828855037689,-0.8507432186502082
UBFC_PHYS_s13_T2_ctrl,28,4,28.133333333333333,-0.44026193022727966,-0.9879626726896454
UBFC_PHYS_s13_T2_ctrl,28,5,28.166666666666668,-0.48512229323387146,-1.0400911093889151
UBFC_PHYS_s13_T2_ctrl,28,6,28.2,-0.5969240069389343,-0.9971528110065216
UBFC_PHYS_s13_T2_ctrl,28,7,28.233333333333334,-0.7273895144462585,-0.8603982066621384
UBFC_PHYS_s13_T2_ctrl,28,8,28.266666666666666,-0.7601335644721985,-0.644106919923162
UBFC_PHYS_s13_T2_ctrl,28,9,28.3,-0.588066577911377,-0.3746152234666216
UBFC_PHYS_s13_T2_ctrl,28,10,28.333333333333332,-0.22701196372509003,-0.08607652359973318
UBFC_PHYS_s13_T2_ctrl,28,11,28.366666666666667,0.1816149652004242,0.18643229210989676
UBFC_PHYS_s13_T2_ctrl,28,12,28.4,0.5031737089157104,0.41438817213802626
UBFC_PHYS_s13_T2_ctrl,28,13,28.433333333333334,0.6660175323486328,0.581173879731211
UBFC_PHYS_s13_T2_ctrl,28,14,28.466666666666665,0.615416944026947,0.6835607890714259
UBFC_PHYS_s13_T2_ctrl,28,15,28.5,0.3570561707019806,0.7293014461104866
UBFC_PHYS_s13_T2_ctrl,28,16,28.533333333333335,-0.0008317816536873579,0.7320895473570844
UBFC_PHYS_s13_T2_ctrl,28,17,28.566666666666666,-0.35428115725517273,0.7057988159977658
UBFC_PHYS_s13_T2_ctrl,28,18,28.6,-0.6969553232192993,0.6601083266067377
UBFC_PHYS_s13_T2_ctrl,28,19,28.633333333333333,-1.0344692468643188,0.5990879227836098
UBFC_PHYS_s13_T2_ctrl,28,20,28.666666666666668,-1.260392427444458,0.5229412979754261
UBFC_PHYS_s13_T2_ctrl,28,21,28.7,-1.2030433416366577,0.43153409214639615
UBFC_PHYS_s13_T2_ctrl,28,22,28.733333333333334,-0.859196126461029,0.3274654007168714
UBFC_PHYS_s13_T2_ctrl,28,23,28.766666666666666,-0.4256313741207123,0.21679372096021227
UBFC_PHYS_s13_T2_ctrl,28,24,28.8,-0.0372367724776268,0.10695854887044988
UBFC_PHYS_s13_T2_ctrl,28,25,28.833333333333332,0.3098694086074829,0.0030653180292429033
UBFC_PHYS_s13_T2_ctrl,28,26,28.866666666666667,0.6145997643470764,-0.0954159970375987
UBFC_PHYS_s13_T2_ctrl,28,27,28.9,0.8828954696655273,-0.19566119420364872
UBFC_PHYS_s13_T2_ctrl,28,28,28.933333333333334,1.102521538734436,-0.3093070955084311
UBFC_PHYS_s13_T2_ctrl,28,29,28.966666666666665,1.1360037326812744,-0.44736428831406677
UBFC_PHYS_s13_T2_ctrl,28,30,29.0,0.8687295317649841,-0.613486290403138
UBFC_PHYS_s13_T2_ctrl,28,31,29.033333333333335,0.43369513750076294,-0.7976156648110492
UBFC_PHYS_s13_T2_ctrl,28,32,29.066666666666666,0.06598100066184998,-0.9725877137983682
UBFC_PHYS_s13_T2_ctrl,28,33,29.1,-0.1789453774690628,-1.0961511919765834
UBFC_PHYS_s13_T2_ctrl,28,34,29.133333333333333,-0.3563406467437744,-1.119592648443945
UBFC_PHYS_s13_T2_ctrl,28,35,29.166666666666668,-0.5046626329421997,-1.0018353357079985
UBFC_PHYS_s13_T2_ctrl,28,36,29.2,-0.647211492061615,-0.7252080910106824
UBFC_PHYS_s13_T2_ctrl,28,37,29.233333333333334,-0.7601698040962219,-0.30710326286849715
UBFC_PHYS_s13_T2_ctrl,28,38,29.266666666666666,-0.7333669066429138,0.19826794255091926
UBFC_PHYS_s13_T2_ctrl,28,39,29.3,-0.5141032934188843,0.7107561259396366
UBFC_PHYS_s13_T2_ctrl,28,40,29.333333333333332,-0.2053462564945221,1.1449632034272712
UBFC_PHYS_s13_T2_ctrl,28,41,29.366666666666667,0.080947645008564,1.4330516397781408
UBFC_PHYS_s13_T2_ctrl,28,42,29.4,0.31350067257881165,1.5409680097258025
UBFC_PHYS_s13_T2_ctrl,28,43,29.433333333333334,0.4650420546531677,1.4725509585936374
UBFC_PHYS_s13_T2_ctrl,28,44,29.466666666666665,0.47950124740600586,1.2614542331431826
UBFC_PHYS_s13_T2_ctrl,28,45,29.5,0.36249321699142456,0.9556696142790257
UBFC_PHYS_s13_T2_ctrl,28,46,29.533333333333335,0.22642920911312103,0.601465506452215
UBFC_PHYS_s13_T2_ctrl,28,47,29.566666666666666,0.2088165581226349,0.23258528303310794
UBFC_PHYS_s13_T2_ctrl,28,48,29.6,0.34833717346191406,-0.13233233324543672
UBFC_PHYS_s13_T2_ctrl,28,49,29.633333333333333,0.5259433388710022,-0.4846746601234519
UBFC_PHYS_s13_T2_ctrl,28,50,29.666666666666668,0.5695284605026245,-0.8166582595138987
UBFC_PHYS_s13_T2_ctrl,28,51,29.7,0.4521942138671875,-1.1129835249284314
UBFC_PHYS_s13_T2_ctrl,28,52,29.733333333333334,0.2995851933956146,-1.347720734644824
UBFC_PHYS_s13_T2_ctrl,28,53,29.766666666666666,0.21326173841953278,-1.4884752980891485
UBFC_PHYS_s13_T2_ctrl,28,54,29.8,0.187737375497818,-1.506612285506123
UBFC_PHYS_s13_T2_ctrl,28,55,29.833333333333332,0.16865506768226624,-1.3891571397850282
UBFC_PHYS_s13_T2_ctrl,28,56,29.866666666666667,0.11174096912145615,-1.146356182311478
UBFC_PHYS_s13_T2_ctrl,28,57,29.9,0.026771822944283485,-0.8105205358059308
UBFC_PHYS_s13_T2_ctrl,28,58,29.933333333333334,-0.017469074577093124,-0.42661361811720727
UBFC_PHYS_s13_T2_ctrl,28,59,29.966666666666665,0.030950093641877174,-0.03963996870641909
UBFC_PHYS_s13_T2_ctrl,28,60,30.0,0.13927866518497467,0.3151449263521545
UBFC_PHYS_s13_T2_ctrl,28,61,30.033333333333335,0.22743424773216248,0.6158122181086596
UBFC_PHYS_s13_T2_ctrl,28,62,30.066666666666666,0.25791123509407043,0.8516596120016169
UBFC_PHYS_s13_T2_ctrl,28,63,30.1,0.24961070716381073,1.018644880622951
UBFC_PHYS_s13_T2_ctrl,28,64,30.133333333333333,0.23453202843666077,1.1156261909585623
UBFC_PHYS_s13_T2_ctrl,28,65,30.166666666666668,0.22610628604888916,1.142893818489042
UBFC_PHYS_s13_T2_ctrl,28,66,30.2,0.224976047873497,1.1025501027651443
UBFC_PHYS_s13_T2_ctrl,28,67,30.233333333333334,0.24317196011543274,0.9994096504872702
UBFC_PHYS_s13_T2_ctrl,28,68,30.266666666666666,0.2872283160686493,0.8414618619664744
UBFC_PHYS_s13_T2_ctrl,28,69,30.3,0.3255906403064728,0.639769781330317
UBFC_PHYS_s13_T2_ctrl,28,70,30.333333333333332,0.3369062542915344,0.40808689425976963
UBFC_PHYS_s13_T2_ctrl,28,71,30.366666666666667,0.35074594616889954,0.1623873399176467
UBFC_PHYS_s13_T2_ctrl,28,72,30.4,0.38428083062171936,-0.07972827314595626
UBFC_PHYS_s13_T2_ctrl,28,73,30.433333333333334,0.3871772885322571,-0.2999756282921744
UBFC_PHYS_s13_T2_ctrl,28,74,30.466666666666665,0.3224470615386963,-0.48094743188565975
UBFC_PHYS_s13_T2_ctrl,28,75,30.5,0.27253517508506775,-0.6083700605552126
UBFC_PHYS_s13_T2_ctrl,28,76,30.533333333333335,0.37443816661834717,-0.6737074493419531
UBFC_PHYS_s13_T2_ctrl,28,77,30.566666666666666,0.6151829957962036,-0.6762721920866804
UBFC_PHYS_s13_T2_ctrl,28,78,30.6,0.8329440355300903,-0.6237531381165079
UBFC_PHYS_s13_T2_ctrl,28,79,30.633333333333333,0.8906588554382324,-0.5303981390806894
UBFC_PHYS_s13_T2_ctrl,28,80,30.666666666666668,0.8142274618148804,-0.4130678792937104
UBFC_PHYS_s13_T2_ctrl,28,81,30.7,0.7388933897018433,-0.28657179857811343
UBFC_PHYS_s13_T2_ctrl,28,82,30.733333333333334,0.738791286945343,-0.1603786427096841
UBFC_PHYS_s13_T2_ctrl,28,83,30.766666666666666,0.7607700228691101,-0.038265003201351365
UBFC_PHYS_s13_T2_ctrl,28,84,30.8,0.7389724850654602,0.07924394227840814
UBFC_PHYS_s13_T2_ctrl,28,85,30.833333333333332,0.691004753112793,0.1914751168894644
UBFC_PHYS_s13_T2_ctrl,28,86,30.866666666666667,0.6528961658477783,0.2954744465629822
UBFC_PHYS_s13_T2_ctrl,28,87,30.9,0.6208704710006714,0.38624814449754824
UBFC_PHYS_s13_T2_ctrl,28,88,30.933333333333334,0.5736474394798279,0.4586784173461069
UBFC_PHYS_s13_T2_ctrl,28,89,30.966666666666665,0.500468373298645,0.5093416593069853
UBFC_PHYS_s13_T2_ctrl,28,90,31.0,0.4111298620700836,0.5369460516784368
UBFC_PHYS_s13_T2_ctrl,28,91,31.033333333333335,0.31964945793151855,0.541403336873005
UBFC_PHYS_s13_T2_ctrl,28,92,31.066666666666666,0.20299069583415985,0.5224506213456934
UBFC_PHYS_s13_T2_ctrl,28,93,31.1,0.0668674036860466,0.47885677651645864
UBFC_PHYS_s13_T2_ctrl,28,94,31.133333333333333,-0.00407092971727252,0.40877629288869166
UBFC_PHYS_s13_T2_ctrl,28,95,31.166666666666668,0.016995064914226532,0.3110567840635253
UBFC_PHYS_s13_T2_ctrl,28,96,31.2,0.020820753648877144,0.18665961252085003
UBFC_PHYS_s13_T2_ctrl,28,97,31.233333333333334,-0.0700368583202362,0.039260949550015724
UBFC_PHYS_s13_T2_ctrl,28,98,31.266666666666666,-0.20712894201278687,-0.12532013408983708
UBFC_PHYS_s13_T2_ctrl,28,99,31.3,-0.33775588870048523,-0.30044490085903797
UBFC_PHYS_s13_T2_ctrl,28,100,31.333333333333332,-0.43625500798225403,-0.47991309020779604
UBFC_PHYS_s13_T2_ctrl,28,101,31.366666666666667,-0.44125375151634216,-0.6584778976821383
UBFC_PHYS_s13_T2_ctrl,28,102,31.4,-0.350448876619339,-0.8313946755215077
UBFC_PHYS_s13_T2_ctrl,28,103,31.433333333333334,-0.2757145166397095,-0.9931572030914305
UBFC_PHYS_s13_T2_ctrl,28,104,31.466666666666665,-0.2785879075527191,-1.1356810176158454
UBFC_PHYS_s13_T2_ctrl,28,105,31.5,-0.2972649037837982,-1.2463155953796965
UBFC_PHYS_s13_T2_ctrl,28,106,31.533333333333335,-0.2918575406074524,-1.30650006650718
UBFC_PHYS_s13_T2_ctrl,28,107,31.566666666666666,-0.26984912157058716,-1.2924417429901998
UBFC_PHYS_s13_T2_ctrl,28,108,31.6,-0.17933091521263123,-1.1793094585316368
UBFC_PHYS_s13_T2_ctrl,28,109,31.633333333333333,0.04391327500343323,-0.9493787970601812
UBFC_PHYS_s13_T2_ctrl,28,110,31.666666666666668,0.36662864685058594,-0.6022173184867614
UBFC_PHYS_s13_T2_ctrl,28,111,31.7,0.6360150575637817,-0.16235296802394325
UBFC_PHYS_s13_T2_ctrl,28,112,31.733333333333334,0.6806744337081909,0.32112825881662876
UBFC_PHYS_s13_T2_ctrl,28,113,31.766666666666666,0.492424875497818,0.785728927192123
UBFC_PHYS_s13_T2_ctrl,28,114,31.8,0.25597697496414185,1.1737109249780044
UBFC_PHYS_s13_T2_ctrl,28,115,31.833333333333332,0.10558559745550156,1.448550997400184
UBFC_PHYS_s13_T2_ctrl,28,116,31.866666666666667,0.028956517577171326,1.6017204171525852
UBFC_PHYS_s13_T2_ctrl,28,117,31.9,-0.007768105715513229,1.6474626876730192
UBFC_PHYS_s13_T2_ctrl,28,118,31.933333333333334,-0.020711516961455345,1.6096771836754096
UBFC_PHYS_s13_T2_ctrl,28,119,31.966666666666665,-0.062309689819812775,1.5084440156590346
UBFC_PHYS_s13_T2_ctrl,28,120,32.0,-0.1861024796962738,1.3525176373611842
UBFC_PHYS_s13_T2_ctrl,28,121,32.03333333333333,-0.3950127065181732,1.139923976481113
UBFC_PHYS_s13_T2_ctrl,28,122,32.06666666666667,-0.6376291513442993,0.864631193715308
UBFC_PHYS_s13_T2_ctrl,28,123,32.1,-0.7984991669654846,0.5252024439831053
UBFC_PHYS_s13_T2_ctrl,28,124,32.13333333333333,-0.7728858590126038,0.13178089343405555
UBFC_PHYS_s13_T2_ctrl,28,125,32.166666666666664,-0.6415109038352966,-0.2906448102699477
UBFC_PHYS_s13_T2_ctrl,28,126,32.2,-0.5916748046875,-0.7034846745175418
UBFC_PHYS_s13_T2_ctrl,28,127,32.233333333333334,-0.6527309417724609,-1.0602586485566279
UBFC_PHYS_s13_T2_ctrl,28,128,32.266666666666666,-0.7251356244087219,-1.3157978190732065
UBFC_PHYS_s13_T2_ctrl,28,129,32.3,-0.7812786102294922,-1.436830468974856
UBFC_PHYS_s13_T2_ctrl,28,130,32.333333333333336,-0.8261719942092896,-1.4108835863170244
UBFC_PHYS_s13_T2_ctrl,28,131,32.36666666666667,-0.8376786708831787,-1.2502167812506226
UBFC_PHYS_s13_T2_ctrl,28,132,32.4,-0.861361026763916,-0.9885984642568721
UBFC_PHYS_s13_T2_ctrl,28,133,32.43333333333333,-0.9730671644210815,-0.6713192284651738
UBFC_PHYS_s13_T2_ctrl,28,134,32.46666666666667,-1.1226379871368408,-0.3421107406538426
UBFC_PHYS_s13_T2_ctrl,28,135,32.5,-1.177271842956543,-0.03254756209414141
UBFC_PHYS_s13_T2_ctrl,28,136,32.53333333333333,-1.104343295097351,0.24159755377371894
UBFC_PHYS_s13_T2_ctrl,28,137,32.56666666666667,-0.9807185530662537,0.47635270662014434
UBFC_PHYS_s13_T2_ctrl,28,138,32.6,-0.8401170969009399,0.6715357001735399
UBFC_PHYS_s13_T2_ctrl,28,139,32.63333333333333,-0.6863778829574585,0.8242089860056836
UBFC_PHYS_s13_T2_ctrl,28,140,32.666666666666664,-0.5499547123908997,0.9270138785732068
UBFC_PHYS_s13_T2_ctrl,28,141,32.7,-0.44225549697875977,0.9709788038498395
UBFC_PHYS_s13_T2_ctrl,28,142,32.733333333333334,-0.33850061893463135,0.9499032887360037
UBFC_PHYS_s13_T2_ctrl,28,143,32.766666666666666,-0.2431582808494568,0.8633333555032989
UBFC_PHYS_s13_T2_ctrl,28,144,32.8,-0.1598169505596161,0.7167955586662136
UBFC_PHYS_s13_T2_ctrl,28,145,32.833333333333336,-0.02042154222726822,0.5198411768907413
UBFC_PHYS_s13_T2_ctrl,28,146,32.86666666666667,0.20821353793144226,0.28336521980955587
UBFC_PHYS_s13_T2_ctrl,28,147,32.9,0.43794921040534973,0.017651128567962547
UBFC_PHYS_s13_T2_ctrl,28,148,32.93333333333333,0.5753049254417419,-0.2678264188987649
UBFC_PHYS_s13_T2_ctrl,28,149,32.96666666666667,0.6074821949005127,-0.5625523873886435
UBFC_PHYS_s13_T2_ctrl,28,150,33.0,0.559659481048584,-0.8518575329586084
UBFC_PHYS_s13_T2_ctrl,28,151,33.03333333333333,0.509391725063324,-1.1143511137067408
UBFC_PHYS_s13_T2_ctrl,28,152,33.06666666666667,0.5535502433776855,-1.3221140617058296
UBFC_PHYS_s13_T2_ctrl,28,153,33.1,0.6574665904045105,-1.4451029207797583
UBFC_PHYS_s13_T2_ctrl,28,154,33.13333333333333,0.6960331797599792,-1.459264208631517
UBFC_PHYS_s13_T2_ctrl,28,155,33.166666666666664,0.6430436372756958,-1.3555438235681225
UBFC_PHYS_s13_T2_ctrl,28,156,33.2,0.5756344199180603,-1.1455642720097357
UBFC_PHYS_s13_T2_ctrl,28,157,33.233333333333334,0.5200976729393005,-0.8603461454138526
UBFC_PHYS_s13_T2_ctrl,28,158,33.266666666666666,0.40826964378356934,-0.5413141331256296
UBFC_PHYS_s13_T2_ctrl,28,159,33.3,0.20205157995224,-0.22684905944196893
UBFC_PHYS_s13_T2_ctrl,28,160,33.333333333333336,-0.019515372812747955,0.059324285482747305
UBFC_PHYS_s13_T2_ctrl,28,161,33.36666666666667,-0.15795846283435822,0.3120526756036693
UBFC_PHYS_s13_T2_ctrl,28,162,33.4,-0.21560080349445343,0.5394932430590722
UBFC_PHYS_s13_T2_ctrl,28,163,33.43333333333333,-0.2678687274456024,0.7524272946770346
UBFC_PHYS_s13_T2_ctrl,28,164,33.46666666666667,-0.3356107473373413,0.9543265278856481
UBFC_PHYS_s13_T2_ctrl,28,165,33.5,-0.3536122441291809,1.136993203417008
UBFC_PHYS_s13_T2_ctrl,28,166,33.53333333333333,-0.2817907929420471,1.2828592589780745
UBFC_PHYS_s13_T2_ctrl,28,167,33.56666666666667,-0.19304539263248444,1.3715409774796254
UBFC_PHYS_s13_T2_ctrl,28,168,33.6,-0.1770770251750946,1.3870042627884058
UBFC_PHYS_s13_T2_ctrl,28,169,33.63333333333333,-0.2429506778717041,1.3225246355213662
UBFC_PHYS_s13_T2_ctrl,28,170,33.666666666666664,-0.3345167636871338,1.1822591593134228
UBFC_PHYS_s13_T2_ctrl,28,171,33.7,-0.4008846879005432,0.9797598796007233
UBFC_PHYS_s13_T2_ctrl,28,172,33.733333333333334,-0.42170682549476624,0.734668206879345
UBFC_PHYS_s13_T2_ctrl,28,173,33.766666666666666,-0.38794785737991333,0.4689708542265106
UBFC_PHYS_s13_T2_ctrl,28,174,33.8,-0.30908796191215515,0.20375079568457583
UBFC_PHYS_s13_T2_ctrl,28,175,33.833333333333336,-0.23034007847309113,-0.04321002689805396
UBFC_PHYS_s13_T2_ctrl,28,176,33.86666666666667,-0.19640976190567017,-0.25894703920770556
UBFC_PHYS_s13_T2_ctrl,28,177,33.9,-0.18954263627529144,-0.43599631905457154
UBFC_PHYS_s13_T2_ctrl,28,178,33.93333333333333,-0.09241103380918503,-0.5723074178007345
UBFC_PHYS_s13_T2_ctrl,28,179,33.96666666666667,0.2542634904384613,-0.6705137114547665
UBFC_PHYS_s13_T2_ctrl,28,180,34.0,0.8306703567504883,-0.7367550492173361
UBFC_PHYS_s13_T2_ctrl,28,181,34.03333333333333,1.302828073501587,-0.7790969003397905
UBFC_PHYS_s13_T2_ctrl,28,182,34.06666666666667,1.3774734735488892,-0.8052914297228888
UBFC_PHYS_s13_T2_ctrl,28,183,34.1,1.1348669528961182,-0.8198641002622291
UBFC_PHYS_s13_T2_ctrl,28,184,34.13333333333333,0.8233122825622559,-0.821511868782813
UBFC_PHYS_s13_T2_ctrl,28,185,34.166666666666664,0.5631029009819031,-0.8024485337950191
UBFC_PHYS_s13_T2_ctrl,28,186,34.2,0.330394983291626,-0.75065837072005
UBFC_PHYS_s13_T2_ctrl,28,187,34.233333333333334,0.06400060653686523,-0.6546509063894816
UBFC_PHYS_s13_T2_ctrl,28,188,34.266666666666666,-0.17650695145130157,-0.509287505437062
UBFC_PHYS_s13_T2_ctrl,28,189,34.3,-0.1395714432001114,-0.3206913629103407
UBFC_PHYS_s13_T2_ctrl,28,190,34.333333333333336,0.310709685087204,-0.10807176596504875
UBFC_PHYS_s13_T2_ctrl,28,191,34.36666666666667,0.9010649919509888,0.09902229059678598
UBFC_PHYS_s13_T2_ctrl,28,192,34.4,1.169683575630188,0.2677481809019275
UBFC_PHYS_s13_T2_ctrl,28,193,34.43333333333333,0.9681216478347778,0.3710924463925449
UBFC_PHYS_s13_T2_ctrl,28,194,34.46666666666667,0.5428310632705688,0.39585953651824557
UBFC_PHYS_s13_T2_ctrl,28,195,34.5,0.15282180905342102,0.34680702577515776
UBFC_PHYS_s13_T2_ctrl,28,196,34.53333333333333,-0.16139203310012817,0.24582770555446237
UBFC_PHYS_s13_T2_ctrl,28,197,34.56666666666667,-0.4704785943031311,0.1266816691773724
UBFC_PHYS_s13_T2_ctrl,28,198,34.6,-0.7946438193321228,0.026575207823261112
UBFC_PHYS_s13_T2_ctrl,28,199,34.63333333333333,-1.0440813302993774,-0.02361249707287648
UBFC_PHYS_s13_T2_ctrl,28,200,34.666666666666664,-1.097743034362793,-0.007883415501018462
UBFC_PHYS_s13_T2_ctrl,28,201,34.7,-0.9487093091011047,0.07048756990210729
UBFC_PHYS_s13_T2_ctrl,28,202,34.733333333333334,-0.6908263564109802,0.19070502680692156
UBFC_PHYS_s13_T2_ctrl,28,203,34.766666666666666,-0.4294373095035553,0.32198468651802997
UBFC_PHYS_s13_T2_ctrl,28,204,34.8,-0.2534622550010681,0.43378062963459874
UBFC_PHYS_s13_T2_ctrl,28,205,34.833333333333336,-0.1761510819196701,0.5043832551266473
UBFC_PHYS_s13_T2_ctrl,28,206,34.86666666666667,-0.14267878234386444,0.5248501245531861
UBFC_PHYS_s13_T2_ctrl,28,207,34.9,-0.12887533009052277,0.4979123426170148
UBFC_PHYS_s13_T2_ctrl,28,208,34.93333333333333,-0.14381562173366547,0.43367334212366665
UBFC_PHYS_s13_T2_ctrl,28,209,34.96666666666667,-0.1617281436920166,0.34458247086915983
UBFC_PHYS_s13_T2_ctrl,28,210,35.0,-0.1557045727968216,0.2414519187640353
UBFC_PHYS_s13_T2_ctrl,28,211,35.03333333333333,-0.15821878612041473,0.1312500966783476
UBFC_PHYS_s13_T2_ctrl,28,212,35.06666666666667,-0.22120589017868042,0.01690050668910592
UBFC_PHYS_s13_T2_ctrl,28,213,35.1,-0.3474535644054413,-0.10099273138956767
UBFC_PHYS_s13_T2_ctrl,28,214,35.13333333333333,-0.4763769507408142,-0.22121905665613623
UBFC_PHYS_s13_T2_ctrl,28,215,35.166666666666664,-0.5323749780654907,-0.33921026400900234
UBFC_PHYS_s13_T2_ctrl,28,216,35.2,-0.5127687454223633,-0.44589146282495057
UBFC_PHYS_s13_T2_ctrl,28,217,35.233333333333334,-0.45283955335617065,-0.5289192459151618
UBFC_PHYS_s13_T2_ctrl,28,218,35.266666666666666,-0.3163834512233734,-0.5760336538062003
UBFC_PHYS_s13_T2_ctrl,28,219,35.3,-0.11094304174184799,-0.5791916876777597
UBFC_PHYS_s13_T2_ctrl,28,220,35.333333333333336,0.008707723580300808,-0.5375799464074904
UBFC_PHYS_s13_T2_ctrl,28,221,35.36666666666667,-0.0281651820987463,-0.4579815443073042
UBFC_PHYS_s13_T2_ctrl,28,222,35.4,-0.1063561737537384,-0.35229268315078627
UBFC_PHYS_s13_T2_ctrl,28,223,35.43333333333333,-0.17096449434757233,-0.23348288345648666
UBFC_PHYS_s13_T2_ctrl,28,224,35.46666666666667,-0.2914818823337555,-0.11205497308224044
UBFC_PHYS_s13_T2_ctrl,28,225,35.5,-0.43032369017601013,0.0053103154062724405
UBFC_PHYS_s13_T2_ctrl,28,226,35.53333333333333,-0.45324817299842834,0.11453741736944292
UBFC_PHYS_s13_T2_ctrl,28,227,35.56666666666667,-0.3950917720794678,0.21149808117138308
UBFC_PHYS_s13_T2_ctrl,28,228,35.6,-0.39380666613578796,0.28993595045381104
UBFC_PHYS_s13_T2_ctrl,28,229,35.63333333333333,-0.4583424925804138,0.34167053086324084
UBFC_PHYS_s13_T2_ctrl,28,230,35.666666666666664,-0.5034104585647583,0.3593119725714279
UBFC_PHYS_s13_T2_ctrl,28,231,35.7,-0.5352879166603088,0.3400548850904934
UBFC_PHYS_s13_T2_ctrl,28,232,35.733333333333334,-0.6392009854316711,0.28835514999206097
UBFC_PHYS_s13_T2_ctrl,28,233,35.766666666666666,-0.8312926888465881,0.2159123096945163
UBFC_PHYS_s13_T2_ctrl,28,234,35.8,-1.015782356262207,0.13896346523012465
UBFC_PHYS_s13_T2_ctrl,28,235,35.833333333333336,-1.0779720544815063,0.07415892434383875
UBFC_PHYS_s13_T2_ctrl,28,236,35.86666666666667,-0.9863697290420532,0.03437250348643086
UBFC_PHYS_s13_T2_ctrl,28,237,35.9,-0.831902265548706,0.025355732271482752
UBFC_PHYS_s13_T2_ctrl,28,238,35.93333333333333,-0.7374759912490845,0.044037094984226206
UBFC_PHYS_s13_T2_ctrl,28,239,35.96666666666667,-0.7436643242835999,0.07920348513927808
UBFC_PHYS_s13_T2_ctrl,29,0,29.0,0.8687295317649841,0.08987705896983747
UBFC_PHYS_s13_T2_ctrl,29,1,29.033333333333335,0.43369513750076294,-0.5517181314103322
UBFC_PHYS_s13_T2_ctrl,29,2,29.066666666666666,0.06598100066184998,-1.1253652695653542
UBFC_PHYS_s13_T2_ctrl,29,3,29.1,-0.1789453774690628,-1.5680046468378257
UBFC_PHYS_s13_T2_ctrl,29,4,29.133333333333333,-0.3563406467437744,-1.8287870422675243
UBFC_PHYS_s13_T2_ctrl,29,5,29.166666666666668,-0.5046626329421997,-1.8780839512298586
UBFC_PHYS_s13_T2_ctrl,29,6,29.2,-0.647211492061615,-1.7154279670398451
UBFC_PHYS_s13_T2_ctrl,29,7,29.233333333333334,-0.7601698040962219,-1.3731598541125896
UBFC_PHYS_s13_T2_ctrl,29,8,29.266666666666666,-0.7333669066429138,-0.9127920769167307
UBFC_PHYS_s13_T2_ctrl,29,9,29.3,-0.5141032934188843,-0.41283444345093745
UBFC_PHYS_s13_T2_ctrl,29,10,29.333333333333332,-0.2053462564945221,0.049283600569668594
UBFC_PHYS_s13_T2_ctrl,29,11,29.366666666666667,0.080947645008564,0.41490476043417973
UBFC_PHYS_s13_T2_ctrl,29,12,29.4,0.31350067257881165,0.6546369560021735
UBFC_PHYS_s13_T2_ctrl,29,13,29.433333333333334,0.4650420546531677,0.7680124473824417
UBFC_PHYS_s13_T2_ctrl,29,14,29.466666666666665,0.47950124740600586,0.7738678807576885
UBFC_PHYS_s13_T2_ctrl,29,15,29.5,0.36249321699142456,0.6971060652317265
UBFC_PHYS_s13_T2_ctrl,29,16,29.533333333333335,0.22642920911312103,0.558190291306993
UBFC_PHYS_s13_T2_ctrl,29,17,29.566666666666666,0.2088165581226349,0.3693140008566425
UBFC_PHYS_s13_T2_ctrl,29,18,29.6,0.34833717346191406,0.137545440600565
UBFC_PHYS_s13_T2_ctrl,29,19,29.633333333333333,0.5259433388710022,-0.12779866348544364
UBFC_PHYS_s13_T2_ctrl,29,20,29.666666666666668,0.5695284605026245,-0.4076666646671505
UBFC_PHYS_s13_T2_ctrl,29,21,29.7,0.4521942138671875,-0.6695452122515009
UBFC_PHYS_s13_T2_ctrl,29,22,29.733333333333334,0.2995851933956146,-0.8700215435265376
UBFC_PHYS_s13_T2_ctrl,29,23,29.766666666666666,0.21326173841953278,-0.9639496942083869
UBFC_PHYS_s13_T2_ctrl,29,24,29.8,0.187737375497818,-0.9177814321051231
UBFC_PHYS_s13_T2_ctrl,29,25,29.833333333333332,0.16865506768226624,-0.7222028153432986
UBFC_PHYS_s13_T2_ctrl,29,26,29.866666666666667,0.11174096912145615,-0.39838534158461125
UBFC_PHYS_s13_T2_ctrl,29,27,29.9,0.026771822944283485,0.005859188958604585
UBFC_PHYS_s13_T2_ctrl,29,28,29.933333333333334,-0.017469074577093124,0.42913455468540457
UBFC_PHYS_s13_T2_ctrl,29,29,29.966666666666665,0.030950093641877174,0.8131985417706595
UBFC_PHYS_s13_T2_ctrl,29,30,30.0,0.13927866518497467,1.1161135273225677
UBFC_PHYS_s13_T2_ctrl,29,31,30.033333333333335,0.22743424773216248,1.3168231882682913
UBFC_PHYS_s13_T2_ctrl,29,32,30.066666666666666,0.25791123509407043,1.4111893829220625
UBFC_PHYS_s13_T2_ctrl,29,33,30.1,0.24961070716381073,1.4038061917983435
UBFC_PHYS_s13_T2_ctrl,29,34,30.133333333333333,0.23453202843666077,1.3007148104168746
UBFC_PHYS_s13_T2_ctrl,29,35,30.166666666666668,0.22610628604888916,1.10606938140006
UBFC_PHYS_s13_T2_ctrl,29,36,30.2,0.224976047873497,0.8230799517033602
UBFC_PHYS_s13_T2_ctrl,29,37,30.233333333333334,0.24317196011543274,0.4578012879918421
UBFC_PHYS_s13_T2_ctrl,29,38,30.266666666666666,0.2872283160686493,0.023967359597800178
UBFC_PHYS_s13_T2_ctrl,29,39,30.3,0.3255906403064728,-0.4527275166846875
UBFC_PHYS_s13_T2_ctrl,29,40,30.333333333333332,0.3369062542915344,-0.9325506351597047
UBFC_PHYS_s13_T2_ctrl,29,41,30.366666666666667,0.35074594616889954,-1.3634624225826675
UBFC_PHYS_s13_T2_ctrl,29,42,30.4,0.38428083062171936,-1.6874890517242134
UBFC_PHYS_s13_T2_ctrl,29,43,30.433333333333334,0.3871772885322571,-1.851180130876388
UBFC_PHYS_s13_T2_ctrl,29,44,30.466666666666665,0.3224470615386963,-1.8181081455976793
UBFC_PHYS_s13_T2_ctrl,29,45,30.5,0.27253517508506775,-1.5801798728363052
UBFC_PHYS_s13_T2_ctrl,29,46,30.533333333333335,0.37443816661834717,-1.1640287332817172
UBFC_PHYS_s13_T2_ctrl,29,47,30.566666666666666,0.6151829957962036,-0.6293709191537351
UBFC_PHYS_s13_T2_ctrl,29,48,30.6,0.8329440355300903,-0.05818777559859868
UBFC_PHYS_s13_T2_ctrl,29,49,30.633333333333333,0.8906588554382324,0.4632496176416744
UBFC_PHYS_s13_T2_ctrl,29,50,30.666666666666668,0.8142274618148804,0.8642317805315209
UBFC_PHYS_s13_T2_ctrl,29,51,30.7,0.7388933897018433,1.1046993191574594
UBFC_PHYS_s13_T2_ctrl,29,52,30.733333333333334,0.738791286945343,1.18074282312138
UBFC_PHYS_s13_T2_ctrl,29,53,30.766666666666666,0.7607700228691101,1.1196296968733312
UBFC_PHYS_s13_T2_ctrl,29,54,30.8,0.7389724850654602,0.9673842321505192
UBFC_PHYS_s13_T2_ctrl,29,55,30.833333333333332,0.691004753112793,0.7740853047981554
UBFC_PHYS_s13_T2_ctrl,29,56,30.866666666666667,0.6528961658477783,0.5817388135134532
UBFC_PHYS_s13_T2_ctrl,29,57,30.9,0.6208704710006714,0.41750886924571706
UBFC_PHYS_s13_T2_ctrl,29,58,30.933333333333334,0.5736474394798279,0.2925720223958724
UBFC_PHYS_s13_T2_ctrl,29,59,30.966666666666665,0.500468373298645,0.20500643755757703
UBFC_PHYS_s13_T2_ctrl,29,60,31.0,0.4111298620700836,0.14450331052892293
UBFC_PHYS_s13_T2_ctrl,29,61,31.033333333333335,0.31964945793151855,0.09717782863266401
UBFC_PHYS_s13_T2_ctrl,29,62,31.066666666666666,0.20299069583415985,0.049729500391877686
UBFC_PHYS_s13_T2_ctrl,29,63,31.1,0.0668674036860466,-0.007188976249089385
UBFC_PHYS_s13_T2_ctrl,29,64,31.133333333333333,-0.00407092971727252,-0.07664166604794764
UBFC_PHYS_s13_T2_ctrl,29,65,31.166666666666668,0.016995064914226532,-0.15456944395275735
UBFC_PHYS_s13_T2_ctrl,29,66,31.2,0.020820753648877144,-0.23061478298157012
UBFC_PHYS_s13_T2_ctrl,29,67,31.233333333333334,-0.0700368583202362,-0.2904739172098845
UBFC_PHYS_s13_T2_ctrl,29,68,31.266666666666666,-0.20712894201278687,-0.3197232446627059
UBFC_PHYS_s13_T2_ctrl,29,69,31.3,-0.33775588870048523,-0.3089406269735273
UBFC_PHYS_s13_T2_ctrl,29,70,31.333333333333332,-0.43625500798225403,-0.2590684284218237
UBFC_PHYS_s13_T2_ctrl,29,71,31.366666666666667,-0.44125375151634216,-0.1849676023859993
UBFC_PHYS_s13_T2_ctrl,29,72,31.4,-0.350448876619339,-0.11495893097487327
UBFC_PHYS_s13_T2_ctrl,29,73,31.433333333333334,-0.2757145166397095,-0.08515843602570233
UBFC_PHYS_s13_T2_ctrl,29,74,31.466666666666665,-0.2785879075527191,-0.12925302320440032
UBFC_PHYS_s13_T2_ctrl,29,75,31.5,-0.2972649037837982,-0.26624833140065485
UBFC_PHYS_s13_T2_ctrl,29,76,31.533333333333335,-0.2918575406074524,-0.4898856152131969
UBFC_PHYS_s13_T2_ctrl,29,77,31.566666666666666,-0.26984912157058716,-0.7635652693847422
UBFC_PHYS_s13_T2_ctrl,29,78,31.6,-0.17933091521263123,-1.0237169223724538
UBFC_PHYS_s13_T2_ctrl,29,79,31.633333333333333,0.04391327500343323,-1.1926890522378601
UBFC_PHYS_s13_T2_ctrl,29,80,31.666666666666668,0.36662864685058594,-1.1994694437570426
UBFC_PHYS_s13_T2_ctrl,29,81,31.7,0.6360150575637817,-1.0030034018362957
UBFC_PHYS_s13_T2_ctrl,29,82,31.733333333333334,0.6806744337081909,-0.6097207826526186
UBFC_PHYS_s13_T2_ctrl,29,83,31.766666666666666,0.492424875497818,-0.07687652786815527
UBFC_PHYS_s13_T2_ctrl,29,84,31.8,0.25597697496414185,0.5018126691680383
UBFC_PHYS_s13_T2_ctrl,29,85,31.833333333333332,0.10558559745550156,1.0237197223989487
UBFC_PHYS_s13_T2_ctrl,29,86,31.866666666666667,0.028956517577171326,1.406627780235059
UBFC_PHYS_s13_T2_ctrl,29,87,31.9,-0.007768105715513229,1.6075489285768356
UBFC_PHYS_s13_T2_ctrl,29,88,31.933333333333334,-0.020711516961455345,1.6253053688169947
UBFC_PHYS_s13_T2_ctrl,29,89,31.966666666666665,-0.062309689819812775,1.4898190652566412
UBFC_PHYS_s13_T2_ctrl,29,90,32.0,-0.1861024796962738,1.2457568070222564
UBFC_PHYS_s13_T2_ctrl,29,91,32.03333333333333,-0.3950127065181732,0.9377998145806425
UBFC_PHYS_s13_T2_ctrl,29,92,32.06666666666667,-0.6376291513442993,0.601593009518149
UBFC_PHYS_s13_T2_ctrl,29,93,32.1,-0.7984991669654846,0.2610608360403221
UBFC_PHYS_s13_T2_ctrl,29,94,32.13333333333333,-0.7728858590126038,-0.0691476008691486
UBFC_PHYS_s13_T2_ctrl,29,95,32.166666666666664,-0.6415109038352966,-0.3781987342772751
UBFC_PHYS_s13_T2_ctrl,29,96,32.2,-0.5916748046875,-0.6533913843818397
UBFC_PHYS_s13_T2_ctrl,29,97,32.233333333333334,-0.6527309417724609,-0.8771386723675483
UBFC_PHYS_s13_T2_ctrl,29,98,32.266666666666666,-0.7251356244087219,-1.0283943472918151
UBFC_PHYS_s13_T2_ctrl,29,99,32.3,-0.7812786102294922,-1.0882932875028875
UBFC_PHYS_s13_T2_ctrl,29,100,32.333333333333336,-0.8261719942092896,-1.0476840310303808
UBFC_PHYS_s13_T2_ctrl,29,101,32.36666666666667,-0.8376786708831787,-0.9127971638009087
UBFC_PHYS_s13_T2_ctrl,29,102,32.4,-0.861361026763916,-0.7053458294465996
UBFC_PHYS_s13_T2_ctrl,29,103,32.43333333333333,-0.9730671644210815,-0.4558514589365534
UBFC_PHYS_s13_T2_ctrl,29,104,32.46666666666667,-1.1226379871368408,-0.19330950219375742
UBFC_PHYS_s13_T2_ctrl,29,105,32.5,-1.177271842956543,0.06287983767483554
UBFC_PHYS_s13_T2_ctrl,29,106,32.53333333333333,-1.104343295097351,0.3041770774039221
UBFC_PHYS_s13_T2_ctrl,29,107,32.56666666666667,-0.9807185530662537,0.5272493329668576
UBFC_PHYS_s13_T2_ctrl,29,108,32.6,-0.8401170969009399,0.725567434086591
UBFC_PHYS_s13_T2_ctrl,29,109,32.63333333333333,-0.6863778829574585,0.8839532156159658
UBFC_PHYS_s13_T2_ctrl,29,110,32.666666666666664,-0.5499547123908997,0.9797141107660569
UBFC_PHYS_s13_T2_ctrl,29,111,32.7,-0.44225549697875977,0.9899031513355809
UBFC_PHYS_s13_T2_ctrl,29,112,32.733333333333334,-0.33850061893463135,0.9007465097485174
UBFC_PHYS_s13_T2_ctrl,29,113,32.766666666666666,-0.2431582808494568,0.7144686249012866
UBFC_PHYS_s13_T2_ctrl,29,114,32.8,-0.1598169505596161,0.4508571384034614
UBFC_PHYS_s13_T2_ctrl,29,115,32.833333333333336,-0.02042154222726822,0.14374575999818487
UBFC_PHYS_s13_T2_ctrl,29,116,32.86666666666667,0.20821353793144226,-0.1659848308608142
UBFC_PHYS_s13_T2_ctrl,29,117,32.9,0.43794921040534973,-0.4389711519814858
UBFC_PHYS_s13_T2_ctrl,29,118,32.93333333333333,0.5753049254417419,-0.6453260527165743
UBFC_PHYS_s13_T2_ctrl,29,119,32.96666666666667,0.6074821949005127,-0.7698386865305789
UBFC_PHYS_s13_T2_ctrl,29,120,33.0,0.559659481048584,-0.813094465374366
UBFC_PHYS_s13_T2_ctrl,29,121,33.03333333333333,0.509391725063324,-0.7886098613853376
UBFC_PHYS_s13_T2_ctrl,29,122,33.06666666666667,0.5535502433776855,-0.7174073297464456
UBFC_PHYS_s13_T2_ctrl,29,123,33.1,0.6574665904045105,-0.622112451764199
UBFC_PHYS_s13_T2_ctrl,29,124,33.13333333333333,0.6960331797599792,-0.5223823273072808
UBFC_PHYS_s13_T2_ctrl,29,125,33.166666666666664,0.6430436372756958,-0.4324993952611718
UBFC_PHYS_s13_T2_ctrl,29,126,33.2,0.5756344199180603,-0.36081704235949724
UBFC_PHYS_s13_T2_ctrl,29,127,33.233333333333334,0.5200976729393005,-0.309990736826095
UBFC_PHYS_s13_T2_ctrl,29,128,33.266666666666666,0.40826964378356934,-0.27697575018519344
UBFC_PHYS_s13_T2_ctrl,29,129,33.3,0.20205157995224,-0.2527041066184853
UBFC_PHYS_s13_T2_ctrl,29,130,33.333333333333336,-0.019515372812747955,-0.22261413130178012
UBFC_PHYS_s13_T2_ctrl,29,131,33.36666666666667,-0.15795846283435822,-0.16952611543673668
UBFC_PHYS_s13_T2_ctrl,29,132,33.4,-0.21560080349445343,-0.07902852054871023
UBFC_PHYS_s13_T2_ctrl,29,133,33.43333333333333,-0.2678687274456024,0.05450673216359131
UBFC_PHYS_s13_T2_ctrl,29,134,33.46666666666667,-0.3356107473373413,0.2243092310702212
UBFC_PHYS_s13_T2_ctrl,29,135,33.5,-0.3536122441291809,0.41222449736374306
UBFC_PHYS_s13_T2_ctrl,29,136,33.53333333333333,-0.2817907929420471,0.5940914294369489
UBFC_PHYS_s13_T2_ctrl,29,137,33.56666666666667,-0.19304539263248444,0.7468429479017578
UBFC_PHYS_s13_T2_ctrl,29,138,33.6,-0.1770770251750946,0.8541647961627327
UBFC_PHYS_s13_T2_ctrl,29,139,33.63333333333333,-0.2429506778717041,0.9088821882049887
UBFC_PHYS_s13_T2_ctrl,29,140,33.666666666666664,-0.3345167636871338,0.9122530248043627
UBFC_PHYS_s13_T2_ctrl,29,141,33.7,-0.4008846879005432,0.8715911003892157
UBFC_PHYS_s13_T2_ctrl,29,142,33.733333333333334,-0.42170682549476624,0.797466319378258
UBFC_PHYS_s13_T2_ctrl,29,143,33.766666666666666,-0.38794785737991333,0.7009556156887601
UBFC_PHYS_s13_T2_ctrl,29,144,33.8,-0.30908796191215515,0.591114679645051
UBFC_PHYS_s13_T2_ctrl,29,145,33.833333333333336,-0.23034007847309113,0.473016169808704
UBFC_PHYS_s13_T2_ctrl,29,146,33.86666666666667,-0.19640976190567017,0.3468486961507032
UBFC_PHYS_s13_T2_ctrl,29,147,33.9,-0.18954263627529144,0.20843792539471195
UBFC_PHYS_s13_T2_ctrl,29,148,33.93333333333333,-0.09241103380918503,0.051146376430197364
UBFC_PHYS_s13_T2_ctrl,29,149,33.96666666666667,0.2542634904384613,-0.1313897578411137
UBFC_PHYS_s13_T2_ctrl,29,150,34.0,0.8306703567504883,-0.34250270946162575
UBFC_PHYS_s13_T2_ctrl,29,151,34.03333333333333,1.302828073501587,-0.5802182170331386
UBFC_PHYS_s13_T2_ctrl,29,152,34.06666666666667,1.3774734735488892,-0.8352355960968166
UBFC_PHYS_s13_T2_ctrl,29,153,34.1,1.1348669528961182,-1.0888348236828131
UBFC_PHYS_s13_T2_ctrl,29,154,34.13333333333333,0.8233122825622559,-1.311496160501495
UBFC_PHYS_s13_T2_ctrl,29,155,34.166666666666664,0.5631029009819031,-1.4642826125917423
UBFC_PHYS_s13_T2_ctrl,29,156,34.2,0.330394983291626,-1.504998058892589
UBFC_PHYS_s13_T2_ctrl,29,157,34.233333333333334,0.06400060653686523,-1.3993967520078954
UBFC_PHYS_s13_T2_ctrl,29,158,34.266666666666666,-0.17650695145130157,-1.1349049387111323
UBFC_PHYS_s13_T2_ctrl,29,159,34.3,-0.1395714432001114,-0.7316687783838107
UBFC_PHYS_s13_T2_ctrl,29,160,34.333333333333336,0.310709685087204,-0.24487593878557717
UBFC_PHYS_s13_T2_ctrl,29,161,34.36666666666667,0.9010649919509888,0.24529627958785452
UBFC_PHYS_s13_T2_ctrl,29,162,34.4,1.169683575630188,0.6543173101220184
UBFC_PHYS_s13_T2_ctrl,29,163,34.43333333333333,0.9681216478347778,0.9173051698321201
UBFC_PHYS_s13_T2_ctrl,29,164,34.46666666666667,0.5428310632705688,1.0071588616435776
UBFC_PHYS_s13_T2_ctrl,29,165,34.5,0.15282180905342102,0.9401316715912034
UBFC_PHYS_s13_T2_ctrl,29,166,34.53333333333333,-0.16139203310012817,0.7678222901120108
UBFC_PHYS_s13_T2_ctrl,29,167,34.56666666666667,-0.4704785943031311,0.5598516500020597
UBFC_PHYS_s13_T2_ctrl,29,168,34.6,-0.7946438193321228,0.38361952594381543
UBFC_PHYS_s13_T2_ctrl,29,169,34.63333333333333,-1.0440813302993774,0.28683747273400306
UBFC_PHYS_s13_T2_ctrl,29,170,34.666666666666664,-1.097743034362793,0.2867893939529784
UBFC_PHYS_s13_T2_ctrl,29,171,34.7,-0.9487093091011047,0.36855455955703315
UBFC_PHYS_s13_T2_ctrl,29,172,34.733333333333334,-0.6908263564109802,0.4926921927023784
UBFC_PHYS_s13_T2_ctrl,29,173,34.766666666666666,-0.4294373095035553,0.6101484376036277
UBFC_PHYS_s13_T2_ctrl,29,174,34.8,-0.2534622550010681,0.6786717055869906
UBFC_PHYS_s13_T2_ctrl,29,175,34.833333333333336,-0.1761510819196701,0.6739555960136988
UBFC_PHYS_s13_T2_ctrl,29,176,34.86666666666667,-0.14267878234386444,0.592067805654828
UBFC_PHYS_s13_T2_ctrl,29,177,34.9,-0.12887533009052277,0.44462720621687
UBFC_PHYS_s13_T2_ctrl,29,178,34.93333333333333,-0.14381562173366547,0.25083499045453556
UBFC_PHYS_s13_T2_ctrl,29,179,34.96666666666667,-0.1617281436920166,0.030240173729031067
UBFC_PHYS_s13_T2_ctrl,29,180,35.0,-0.1557045727968216,-0.20158833779899293
UBFC_PHYS_s13_T2_ctrl,29,181,35.03333333333333,-0.15821878612041473,-0.4340823076872387
UBFC_PHYS_s13_T2_ctrl,29,182,35.06666666666667,-0.22120589017868042,-0.6600484326422487
UBFC_PHYS_s13_T2_ctrl,29,183,35.1,-0.3474535644054413,-0.8726018348822474
UBFC_PHYS_s13_T2_ctrl,29,184,35.13333333333333,-0.4763769507408142,-1.0622426465399735
UBFC_PHYS_s13_T2_ctrl,29,185,35.166666666666664,-0.5323749780654907,-1.2155477734803344
UBFC_PHYS_s13_T2_ctrl,29,186,35.2,-0.5127687454223633,-1.3160895386375508
UBFC_PHYS_s13_T2_ctrl,29,187,35.233333333333334,-0.45283955335617065,-1.347154468260554
UBFC_PHYS_s13_T2_ctrl,29,188,35.266666666666666,-0.3163834512233734,-1.295280852510718
UBFC_PHYS_s13_T2_ctrl,29,189,35.3,-0.11094304174184799,-1.1535509383621394
UBFC_PHYS_s13_T2_ctrl,29,190,35.333333333333336,0.008707723580300808,-0.9237230078548476
UBFC_PHYS_s13_T2_ctrl,29,191,35.36666666666667,-0.0281651820987463,-0.6167160336916594
UBFC_PHYS_s13_T2_ctrl,29,192,35.4,-0.1063561737537384,-0.2516235265077928
UBFC_PHYS_s13_T2_ctrl,29,193,35.43333333333333,-0.17096449434757233,0.1461554912313887
UBFC_PHYS_s13_T2_ctrl,29,194,35.46666666666667,-0.2914818823337555,0.5472337794807596
UBFC_PHYS_s13_T2_ctrl,29,195,35.5,-0.43032369017601013,0.9208625807031433
UBFC_PHYS_s13_T2_ctrl,29,196,35.53333333333333,-0.45324817299842834,1.2377210039859663
UBFC_PHYS_s13_T2_ctrl,29,197,35.56666666666667,-0.3950917720794678,1.472646166251934
UBFC_PHYS_s13_T2_ctrl,29,198,35.6,-0.39380666613578796,1.6072117198800377
UBFC_PHYS_s13_T2_ctrl,29,199,35.63333333333333,-0.4583424925804138,1.632044573395606
UBFC_PHYS_s13_T2_ctrl,29,200,35.666666666666664,-0.5034104585647583,1.548365202728626
UBFC_PHYS_s13_T2_ctrl,29,201,35.7,-0.5352879166603088,1.3680107206728807
UBFC_PHYS_s13_T2_ctrl,29,202,35.733333333333334,-0.6392009854316711,1.1116737975092565
UBFC_PHYS_s13_T2_ctrl,29,203,35.766666666666666,-0.8312926888465881,0.805898343409566
UBFC_PHYS_s13_T2_ctrl,29,204,35.8,-1.015782356262207,0.47981685418494946
UBFC_PHYS_s13_T2_ctrl,29,205,35.833333333333336,-1.0779720544815063,0.1623623078891981
UBFC_PHYS_s13_T2_ctrl,29,206,35.86666666666667,-0.9863697290420532,-0.12005284502313521
UBFC_PHYS_s13_T2_ctrl,29,207,35.9,-0.831902265548706,-0.3459141185042335
UBFC_PHYS_s13_T2_ctrl,29,208,35.93333333333333,-0.7374759912490845,-0.5013219906680936
UBFC_PHYS_s13_T2_ctrl,29,209,35.96666666666667,-0.7436643242835999,-0.5825947000762595
UBFC_PHYS_s13_T2_ctrl,29,210,36.0,-0.8021667003631592,-0.5977154824702524
UBFC_PHYS_s13_T2_ctrl,29,211,36.03333333333333,-0.8003411889076233,-0.5656169230265299
UBFC_PHYS_s13_T2_ctrl,29,212,36.06666666666667,-0.6444633603096008,-0.5129866096658992
UBFC_PHYS_s13_T2_ctrl,29,213,36.1,-0.3888145089149475,-0.4691259717451189
UBFC_PHYS_s13_T2_ctrl,29,214,36.13333333333333,-0.1941855251789093,-0.4598830136442361
UBFC_PHYS_s13_T2_ctrl,29,215,36.166666666666664,-0.1344837099313736,-0.5017946440235654
UBFC_PHYS_s13_T2_ctrl,29,216,36.2,-0.15764214098453522,-0.5975625269466157
UBFC_PHYS_s13_T2_ctrl,29,217,36.233333333333334,-0.19778713583946228,-0.7340246679424506
UBFC_PHYS_s13_T2_ctrl,29,218,36.266666666666666,-0.22465921938419342,-0.8837720196109278
UBFC_PHYS_s13_T2_ctrl,29,219,36.3,-0.22958879172801971,-1.0110566833473469
UBFC_PHYS_s13_T2_ctrl,29,220,36.333333333333336,-0.22432640194892883,-1.081293200720935
UBFC_PHYS_s13_T2_ctrl,29,221,36.36666666666667,-0.23369786143302917,-1.071433739617378
UBFC_PHYS_s13_T2_ctrl,29,222,36.4,-0.2719876766204834,-0.9768645619965765
UBFC_PHYS_s13_T2_ctrl,29,223,36.43333333333333,-0.3301111161708832,-0.8111506926825952
UBFC_PHYS_s13_T2_ctrl,29,224,36.46666666666667,-0.38757550716400146,-0.598545500322204
UBFC_PHYS_s13_T2_ctrl,29,225,36.5,-0.42760518193244934,-0.36320440895253264
UBFC_PHYS_s13_T2_ctrl,29,226,36.53333333333333,-0.43918439745903015,-0.12056764363989834
UBFC_PHYS_s13_T2_ctrl,29,227,36.56666666666667,-0.41973304748535156,0.12515845820446628
UBFC_PHYS_s13_T2_ctrl,29,228,36.6,-0.37495502829551697,0.3768582342896191
UBFC_PHYS_s13_T2_ctrl,29,229,36.63333333333333,-0.3154410421848297,0.6364917349488761
UBFC_PHYS_s13_T2_ctrl,29,230,36.666666666666664,-0.24691477417945862,0.8976915743223626
UBFC_PHYS_s13_T2_ctrl,29,231,36.7,-0.16784396767616272,1.1427410165448897
UBFC_PHYS_s13_T2_ctrl,29,232,36.733333333333334,-0.07727304100990295,1.345096851009352
UBFC_PHYS_s13_T2_ctrl,29,233,36.766666666666666,0.01854049786925316,1.4758645751496362
UBFC_PHYS_s13_T2_ctrl,29,234,36.8,0.10961229354143143,1.5113116240667548
UBFC_PHYS_s13_T2_ctrl,29,235,36.833333333333336,0.190057173371315,1.43876543745008
UBFC_PHYS_s13_T2_ctrl,29,236,36.86666666666667,0.259941041469574,1.2593839287447715
UBFC_PHYS_s13_T2_ctrl,29,237,36.9,0.3241770267486572,0.9876102207826634
UBFC_PHYS_s13_T2_ctrl,29,238,36.93333333333333,0.38980352878570557,0.6481746977313328
UBFC_PHYS_s13_T2_ctrl,29,239,36.96666666666667,0.4629463255405426,0.272147116695696
UBFC_PHYS_s13_T2_ctrl,30,0,30.0,0.13927866518497467,-0.044872394568889896
UBFC_PHYS_s13_T2_ctrl,30,1,30.033333333333335,0.22743424773216248,0.08280437686707692
UBFC_PHYS_s13_T2_ctrl,30,2,30.066666666666666,0.25791123509407043,0.20600748499529065
UBFC_PHYS_s13_T2_ctrl,30,3,30.1,0.24961070716381073,0.3196211984246094
UBFC_PHYS_s13_T2_ctrl,30,4,30.133333333333333,0.23453202843666077,0.4180294676514877
UBFC_PHYS_s13_T2_ctrl,30,5,30.166666666666668,0.22610628604888916,0.49622064589869447
UBFC_PHYS_s13_T2_ctrl,30,6,30.2,0.224976047873497,0.5509428436321172
UBFC_PHYS_s13_T2_ctrl,30,7,30.233333333333334,0.24317196011543274,0.5808495852606905
UBFC_PHYS_s13_T2_ctrl,30,8,30.266666666666666,0.2872283160686493,0.5854800554360274
UBFC_PHYS_s13_T2_ctrl,30,9,30.3,0.3255906403064728,0.5639337949592175
UBFC_PHYS_s13_T2_ctrl,30,10,30.333333333333332,0.3369062542915344,0.5142706039183621
UBFC_PHYS_s13_T2_ctrl,30,11,30.366666666666667,0.35074594616889954,0.43418607844916507
UBFC_PHYS_s13_T2_ctrl,30,12,30.4,0.38428083062171936,0.32295218007809545
UBFC_PHYS_s13_T2_ctrl,30,13,30.433333333333334,0.3871772885322571,0.18401789516772063
UBFC_PHYS_s13_T2_ctrl,30,14,30.466666666666665,0.3224470615386963,0.027037545062158976
UBFC_PHYS_s13_T2_ctrl,30,15,30.5,0.27253517508506775,-0.13210928299122957
UBFC_PHYS_s13_T2_ctrl,30,16,30.533333333333335,0.37443816661834717,-0.27410053997566824
UBFC_PHYS_s13_T2_ctrl,30,17,30.566666666666666,0.6151829957962036,-0.3812021070434949
UBFC_PHYS_s13_T2_ctrl,30,18,30.6,0.8329440355300903,-0.4425825810640671
UBFC_PHYS_s13_T2_ctrl,30,19,30.633333333333333,0.8906588554382324,-0.45740167486289585
UBFC_PHYS_s13_T2_ctrl,30,20,30.666666666666668,0.8142274618148804,-0.43401678722051995
UBFC_PHYS_s13_T2_ctrl,30,21,30.7,0.7388933897018433,-0.3855316220189263
UBFC_PHYS_s13_T2_ctrl,30,22,30.733333333333334,0.738791286945343,-0.32381918959573175
UBFC_PHYS_s13_T2_ctrl,30,23,30.766666666666666,0.7607700228691101,-0.25499700770657185
UBFC_PHYS_s13_T2_ctrl,30,24,30.8,0.7389724850654602,-0.1785354072626946
UBFC_PHYS_s13_T2_ctrl,30,25,30.833333333333332,0.691004753112793,-0.09013151078310229
UBFC_PHYS_s13_T2_ctrl,30,26,30.866666666666667,0.6528961658477783,0.013652761065037728
UBFC_PHYS_s13_T2_ctrl,30,27,30.9,0.6208704710006714,0.1317374514124415
UBFC_PHYS_s13_T2_ctrl,30,28,30.933333333333334,0.5736474394798279,0.25743092102291554
UBFC_PHYS_s13_T2_ctrl,30,29,30.966666666666665,0.500468373298645,0.37968088469557637
UBFC_PHYS_s13_T2_ctrl,30,30,31.0,0.4111298620700836,0.48556906729347193
UBFC_PHYS_s13_T2_ctrl,30,31,31.033333333333335,0.31964945793151855,0.5630311603381205
UBFC_PHYS_s13_T2_ctrl,30,32,31.066666666666666,0.20299069583415985,0.6031672794531157
UBFC_PHYS_s13_T2_ctrl,30,33,31.1,0.0668674036860466,0.6017954374121378
UBFC_PHYS_s13_T2_ctrl,30,34,31.133333333333333,-0.00407092971727252,0.5600230641264528
UBFC_PHYS_s13_T2_ctrl,30,35,31.166666666666668,0.016995064914226532,0.48371887309294764
UBFC_PHYS_s13_T2_ctrl,30,36,31.2,0.020820753648877144,0.3819708216386511
UBFC_PHYS_s13_T2_ctrl,30,37,31.233333333333334,-0.0700368583202362,0.2647531113378008
UBFC_PHYS_s13_T2_ctrl,30,38,31.266666666666666,-0.20712894201278687,0.14005046893216808
UBFC_PHYS_s13_T2_ctrl,30,39,31.3,-0.33775588870048523,0.011008555349932732
UBFC_PHYS_s13_T2_ctrl,30,40,31.333333333333332,-0.43625500798225403,-0.12563434784801586
UBFC_PHYS_s13_T2_ctrl,30,41,31.366666666666667,-0.44125375151634216,-0.2784335953768961
UBFC_PHYS_s13_T2_ctrl,30,42,31.4,-0.350448876619339,-0.4570990701350692
UBFC_PHYS_s13_T2_ctrl,30,43,31.433333333333334,-0.2757145166397095,-0.666513550563621
UBFC_PHYS_s13_T2_ctrl,30,44,31.466666666666665,-0.2785879075527191,-0.9009868411534397
UBFC_PHYS_s13_T2_ctrl,30,45,31.5,-0.2972649037837982,-1.1408006310331482
UBFC_PHYS_s13_T2_ctrl,30,46,31.533333333333335,-0.2918575406074524,-1.3524359093111937
UBFC_PHYS_s13_T2_ctrl,30,47,31.566666666666666,-0.26984912157058716,-1.4929780415663023
UBFC_PHYS_s13_T2_ctrl,30,48,31.6,-0.17933091521263123,-1.5183500246417838
UBFC_PHYS_s13_T2_ctrl,30,49,31.633333333333333,0.04391327500343323,-1.394243724360805
UBFC_PHYS_s13_T2_ctrl,30,50,31.666666666666668,0.36662864685058594,-1.1076900182456393
UBFC_PHYS_s13_T2_ctrl,30,51,31.7,0.6360150575637817,-0.6758549389895308
UBFC_PHYS_s13_T2_ctrl,30,52,31.733333333333334,0.6806744337081909,-0.1475460718676658
UBFC_PHYS_s13_T2_ctrl,30,53,31.766666666666666,0.492424875497818,0.4057652572946842
UBFC_PHYS_s13_T2_ctrl,30,54,31.8,0.25597697496414185,0.9079507119783612
UBFC_PHYS_s13_T2_ctrl,30,55,31.833333333333332,0.10558559745550156,1.2985558923424387
UBFC_PHYS_s13_T2_ctrl,30,56,31.866666666666667,0.028956517577171326,1.546714418996971
UBFC_PHYS_s13_T2_ctrl,30,57,31.9,-0.007768105715513229,1.6529065138734664
UBFC_PHYS_s13_T2_ctrl,30,58,31.933333333333334,-0.020711516961455345,1.6394668977603832
UBFC_PHYS_s13_T2_ctrl,30,59,31.966666666666665,-0.062309689819812775,1.5363205141328957
UBFC_PHYS_s13_T2_ctrl,30,60,32.0,-0.1861024796962738,1.369120311111763
UBFC_PHYS_s13_T2_ctrl,30,61,32.03333333333333,-0.3950127065181732,1.1537237248879597
UBFC_PHYS_s13_T2_ctrl,30,62,32.06666666666667,-0.6376291513442993,0.8969976982751675
UBFC_PHYS_s13_T2_ctrl,30,63,32.1,-0.7984991669654846,0.601546624239979
UBFC_PHYS_s13_T2_ctrl,30,64,32.13333333333333,-0.7728858590126038,0.2716716557104248
UBFC_PHYS_s13_T2_ctrl,30,65,32.166666666666664,-0.6415109038352966,-0.0814458324914081
UBFC_PHYS_s13_T2_ctrl,30,66,32.2,-0.5916748046875,-0.43692179041163615
UBFC_PHYS_s13_T2_ctrl,30,67,32.233333333333334,-0.6527309417724609,-0.7649180001249484
UBFC_PHYS_s13_T2_ctrl,30,68,32.266666666666666,-0.7251356244087219,-1.0312155801018081
UBFC_PHYS_s13_T2_ctrl,30,69,32.3,-0.7812786102294922,-1.2045483080541632
UBFC_PHYS_s13_T2_ctrl,30,70,32.333333333333336,-0.8261719942092896,-1.2645374491958394
UBFC_PHYS_s13_T2_ctrl,30,71,32.36666666666667,-0.8376786708831787,-1.2075322013042482
UBFC_PHYS_s13_T2_ctrl,30,72,32.4,-0.861361026763916,-1.047922683652049
UBFC_PHYS_s13_T2_ctrl,30,73,32.43333333333333,-0.9730671644210815,-0.8138679062859304
UBFC_PHYS_s13_T2_ctrl,30,74,32.46666666666667,-1.1226379871368408,-0.5387181998257063
UBFC_PHYS_s13_T2_ctrl,30,75,32.5,-1.177271842956543,-0.2516838690634928
UBFC_PHYS_s13_T2_ctrl,30,76,32.53333333333333,-1.104343295097351,0.027899397363928068
UBFC_PHYS_s13_T2_ctrl,30,77,32.56666666666667,-0.9807185530662537,0.29011533726365135
UBFC_PHYS_s13_T2_ctrl,30,78,32.6,-0.8401170969009399,0.5290197485395198
UBFC_PHYS_s13_T2_ctrl,30,79,32.63333333333333,-0.6863778829574585,0.7363805056383814
UBFC_PHYS_s13_T2_ctrl,30,80,32.666666666666664,-0.5499547123908997,0.8986152440120477
UBFC_PHYS_s13_T2_ctrl,30,81,32.7,-0.44225549697875977,0.9984145558868883
UBFC_PHYS_s13_T2_ctrl,30,82,32.733333333333334,-0.33850061893463135,1.0198445691191138
UBFC_PHYS_s13_T2_ctrl,30,83,32.766666666666666,-0.2431582808494568,0.954192591374463
UBFC_PHYS_s13_T2_ctrl,30,84,32.8,-0.1598169505596161,0.8037959433459483
UBFC_PHYS_s13_T2_ctrl,30,85,32.833333333333336,-0.02042154222726822,0.5821821465673853
UBFC_PHYS_s13_T2_ctrl,30,86,32.86666666666667,0.20821353793144226,0.31042821307046586
UBFC_PHYS_s13_T2_ctrl,30,87,32.9,0.43794921040534973,0.011377497395950571
UBFC_PHYS_s13_T2_ctrl,30,88,32.93333333333333,0.5753049254417419,-0.29530067897452583
UBFC_PHYS_s13_T2_ctrl,30,89,32.96666666666667,0.6074821949005127,-0.5943776019022039
UBFC_PHYS_s13_T2_ctrl,30,90,33.0,0.559659481048584,-0.8719869852973775
UBFC_PHYS_s13_T2_ctrl,30,91,33.03333333333333,0.509391725063324,-1.11055207791799
UBFC_PHYS_s13_T2_ctrl,30,92,33.06666666666667,0.5535502433776855,-1.2859958915753005
UBFC_PHYS_s13_T2_ctrl,30,93,33.1,0.6574665904045105,-1.3707613546077424
UBFC_PHYS_s13_T2_ctrl,30,94,33.13333333333333,0.6960331797599792,-1.3426637474970047
UBFC_PHYS_s13_T2_ctrl,30,95,33.166666666666664,0.6430436372756958,-1.1954127514523873
UBFC_PHYS_s13_T2_ctrl,30,96,33.2,0.5756344199180603,-0.9446001966748814
UBFC_PHYS_s13_T2_ctrl,30,97,33.233333333333334,0.5200976729393005,-0.6249029960402971
UBFC_PHYS_s13_T2_ctrl,30,98,33.266666666666666,0.40826964378356934,-0.27950045499861137
UBFC_PHYS_s13_T2_ctrl,30,99,33.3,0.20205157995224,0.052660962463584295
UBFC_PHYS_s13_T2_ctrl,30,100,33.333333333333336,-0.019515372812747955,0.345575805253919
UBFC_PHYS_s13_T2_ctrl,30,101,33.36666666666667,-0.15795846283435822,0.5877635922883611
UBFC_PHYS_s13_T2_ctrl,30,102,33.4,-0.21560080349445343,0.7777368299772236
UBFC_PHYS_s13_T2_ctrl,30,103,33.43333333333333,-0.2678687274456024,0.9172535492527405
UBFC_PHYS_s13_T2_ctrl,30,104,33.46666666666667,-0.3356107473373413,1.0066797427013876
UBFC_PHYS_s13_T2_ctrl,30,105,33.5,-0.3536122441291809,1.0446932342320985
UBFC_PHYS_s13_T2_ctrl,30,106,33.53333333333333,-0.2817907929420471,1.0312685159869608
UBFC_PHYS_s13_T2_ctrl,30,107,33.56666666666667,-0.19304539263248444,0.9708061020234383
UBFC_PHYS_s13_T2_ctrl,30,108,33.6,-0.1770770251750946,0.8728666322800376
UBFC_PHYS_s13_T2_ctrl,30,109,33.63333333333333,-0.2429506778717041,0.7500653846236518
UBFC_PHYS_s13_T2_ctrl,30,110,33.666666666666664,-0.3345167636871338,0.6143547680637507
UBFC_PHYS_s13_T2_ctrl,30,111,33.7,-0.4008846879005432,0.47361365862416355
UBFC_PHYS_s13_T2_ctrl,30,112,33.733333333333334,-0.42170682549476624,0.3303338298733125
UBFC_PHYS_s13_T2_ctrl,30,113,33.766666666666666,-0.38794785737991333,0.18320290763183203
UBFC_PHYS_s13_T2_ctrl,30,114,33.8,-0.30908796191215515,0.03078124429944576
UBFC_PHYS_s13_T2_ctrl,30,115,33.833333333333336,-0.23034007847309113,-0.12476082106291812
UBFC_PHYS_s13_T2_ctrl,30,116,33.86666666666667,-0.19640976190567017,-0.27588504786505563
UBFC_PHYS_s13_T2_ctrl,30,117,33.9,-0.18954263627529144,-0.4108368675742222
UBFC_PHYS_s13_T2_ctrl,30,118,33.93333333333333,-0.09241103380918503,-0.5171487320085335
UBFC_PHYS_s13_T2_ctrl,30,119,33.96666666666667,0.2542634904384613,-0.5858946216151677
UBFC_PHYS_s13_T2_ctrl,30,120,34.0,0.8306703567504883,-0.6149321978753415
UBFC_PHYS_s13_T2_ctrl,30,121,34.03333333333333,1.302828073501587,-0.6098164537508293
UBFC_PHYS_s13_T2_ctrl,30,122,34.06666666666667,1.3774734735488892,-0.5817480879077767
UBFC_PHYS_s13_T2_ctrl,30,123,34.1,1.1348669528961182,-0.5429269867408819
UBFC_PHYS_s13_T2_ctrl,30,124,34.13333333333333,0.8233122825622559,-0.5009796010241465
UBFC_PHYS_s13_T2_ctrl,30,125,34.166666666666664,0.5631029009819031,-0.4549770034255915
UBFC_PHYS_s13_T2_ctrl,30,126,34.2,0.330394983291626,-0.39523726669839787
UBFC_PHYS_s13_T2_ctrl,30,127,34.233333333333334,0.06400060653686523,-0.3076809963151561
UBFC_PHYS_s13_T2_ctrl,30,128,34.266666666666666,-0.17650695145130157,-0.1815729136056058
UBFC_PHYS_s13_T2_ctrl,30,129,34.3,-0.1395714432001114,-0.017724907275903513
UBFC_PHYS_s13_T2_ctrl,30,130,34.333333333333336,0.310709685087204,0.16660273426795738
UBFC_PHYS_s13_T2_ctrl,30,131,34.36666666666667,0.9010649919509888,0.33909375067513253
UBFC_PHYS_s13_T2_ctrl,30,132,34.4,1.169683575630188,0.46059963001765
UBFC_PHYS_s13_T2_ctrl,30,133,34.43333333333333,0.9681216478347778,0.4975668399367673
UBFC_PHYS_s13_T2_ctrl,30,134,34.46666666666667,0.5428310632705688,0.4337597137403429
UBFC_PHYS_s13_T2_ctrl,30,135,34.5,0.15282180905342102,0.2765222776877815
UBFC_PHYS_s13_T2_ctrl,30,136,34.53333333333333,-0.16139203310012817,0.05556321060043005
UBFC_PHYS_s13_T2_ctrl,30,137,34.56666666666667,-0.4704785943031311,-0.1845256962313366
UBFC_PHYS_s13_T2_ctrl,30,138,34.6,-0.7946438193321228,-0.3951963413015095
UBFC_PHYS_s13_T2_ctrl,30,139,34.63333333333333,-1.0440813302993774,-0.5353913410958511
UBFC_PHYS_s13_T2_ctrl,30,140,34.666666666666664,-1.097743034362793,-0.5809117062853068
UBFC_PHYS_s13_T2_ctrl,30,141,34.7,-0.9487093091011047,-0.5293968975113194
UBFC_PHYS_s13_T2_ctrl,30,142,34.733333333333334,-0.6908263564109802,-0.3991832335131516
UBFC_PHYS_s13_T2_ctrl,30,143,34.766666666666666,-0.4294373095035553,-0.2220031077629097
UBFC_PHYS_s13_T2_ctrl,30,144,34.8,-0.2534622550010681,-0.032227077294776973
UBFC_PHYS_s13_T2_ctrl,30,145,34.833333333333336,-0.1761510819196701,0.1429421709256127
UBFC_PHYS_s13_T2_ctrl,30,146,34.86666666666667,-0.14267878234386444,0.2888595829012354
UBFC_PHYS_s13_T2_ctrl,30,147,34.9,-0.12887533009052277,0.4033741672348357
UBFC_PHYS_s13_T2_ctrl,30,148,34.93333333333333,-0.14381562173366547,0.49227539125151754
UBFC_PHYS_s13_T2_ctrl,30,149,34.96666666666667,-0.1617281436920166,0.5624053185191953
UBFC_PHYS_s13_T2_ctrl,30,150,35.0,-0.1557045727968216,0.6152466895450993
UBFC_PHYS_s13_T2_ctrl,30,151,35.03333333333333,-0.15821878612041473,0.6436980700942738
UBFC_PHYS_s13_T2_ctrl,30,152,35.06666666666667,-0.22120589017868042,0.6336049532199313
UBFC_PHYS_s13_T2_ctrl,30,153,35.1,-0.3474535644054413,0.5696077460834734
UBFC_PHYS_s13_T2_ctrl,30,154,35.13333333333333,-0.4763769507408142,0.4427665695138301
UBFC_PHYS_s13_T2_ctrl,30,155,35.166666666666664,-0.5323749780654907,0.2565057044911156
UBFC_PHYS_s13_T2_ctrl,30,156,35.2,-0.5127687454223633,0.02837470643519449
UBFC_PHYS_s13_T2_ctrl,30,157,35.233333333333334,-0.45283955335617065,-0.2128688831135468
UBFC_PHYS_s13_T2_ctrl,30,158,35.266666666666666,-0.3163834512233734,-0.4335781845339759
UBFC_PHYS_s13_T2_ctrl,30,159,35.3,-0.11094304174184799,-0.6027224018119507
UBFC_PHYS_s13_T2_ctrl,30,160,35.333333333333336,0.008707723580300808,-0.6983092654511539
UBFC_PHYS_s13_T2_ctrl,30,161,35.36666666666667,-0.0281651820987463,-0.7111184070364214
UBFC_PHYS_s13_T2_ctrl,30,162,35.4,-0.1063561737537384,-0.6451823592628242
UBFC_PHYS_s13_T2_ctrl,30,163,35.43333333333333,-0.17096449434757233,-0.5154008241213442
UBFC_PHYS_s13_T2_ctrl,30,164,35.46666666666667,-0.2914818823337555,-0.3432314881630193
UBFC_PHYS_s13_T2_ctrl,30,165,35.5,-0.43032369017601013,-0.1516668634189725
UBFC_PHYS_s13_T2_ctrl,30,166,35.53333333333333,-0.45324817299842834,0.03916596814161515
UBFC_PHYS_s13_T2_ctrl,30,167,35.56666666666667,-0.3950917720794678,0.2145899430241038
UBFC_PHYS_s13_T2_ctrl,30,168,35.6,-0.39380666613578796,0.3655590251055084
UBFC_PHYS_s13_T2_ctrl,30,169,35.63333333333333,-0.4583424925804138,0.48686524119413976
UBFC_PHYS_s13_T2_ctrl,30,170,35.666666666666664,-0.5034104585647583,0.574803266341614
UBFC_PHYS_s13_T2_ctrl,30,171,35.7,-0.5352879166603088,0.6259145746345198
UBFC_PHYS_s13_T2_ctrl,30,172,35.733333333333334,-0.6392009854316711,0.6374851619231776
UBFC_PHYS_s13_T2_ctrl,30,173,35.766666666666666,-0.8312926888465881,0.6092035924433788
UBFC_PHYS_s13_T2_ctrl,30,174,35.8,-1.015782356262207,0.5447868421076597
UBFC_PHYS_s13_T2_ctrl,30,175,35.833333333333336,-1.0779720544815063,0.45257386641948183
UBFC_PHYS_s13_T2_ctrl,30,176,35.86666666666667,-0.9863697290420532,0.34464923976243256
UBFC_PHYS_s13_T2_ctrl,30,177,35.9,-0.831902265548706,0.23454465042174266
UBFC_PHYS_s13_T2_ctrl,30,178,35.93333333333333,-0.7374759912490845,0.13382827001359276
UBFC_PHYS_s13_T2_ctrl,30,179,35.96666666666667,-0.7436643242835999,0.04825835541222378
UBFC_PHYS_s13_T2_ctrl,30,180,36.0,-0.8021667003631592,-0.025200412933659506
UBFC_PHYS_s13_T2_ctrl,30,181,36.03333333333333,-0.8003411889076233,-0.09890996233146143
UBFC_PHYS_s13_T2_ctrl,30,182,36.06666666666667,-0.6444633603096008,-0.19164802685817983
UBFC_PHYS_s13_T2_ctrl,30,183,36.1,-0.3888145089149475,-0.32245489336357813
UBFC_PHYS_s13_T2_ctrl,30,184,36.13333333333333,-0.1941855251789093,-0.502661060347502
UBFC_PHYS_s13_T2_ctrl,30,185,36.166666666666664,-0.1344837099313736,-0.728542137926356
UBFC_PHYS_s13_T2_ctrl,30,186,36.2,-0.15764214098453522,-0.9775748948925794
UBFC_PHYS_s13_T2_ctrl,30,187,36.233333333333334,-0.19778713583946228,-1.2105837018077739
UBFC_PHYS_s13_T2_ctrl,30,188,36.266666666666666,-0.22465921938419342,-1.3799949123655804
UBFC_PHYS_s13_T2_ctrl,30,189,36.3,-0.22958879172801971,-1.442139471910441
UBFC_PHYS_s13_T2_ctrl,30,190,36.333333333333336,-0.22432640194892883,-1.3701939967743608
UBFC_PHYS_s13_T2_ctrl,30,191,36.36666666666667,-0.23369786143302917,-1.1636537220506467
UBFC_PHYS_s13_T2_ctrl,30,192,36.4,-0.2719876766204834,-0.8501304924161586
UBFC_PHYS_s13_T2_ctrl,30,193,36.43333333333333,-0.3301111161708832,-0.4773502023222016
UBFC_PHYS_s13_T2_ctrl,30,194,36.46666666666667,-0.38757550716400146,-0.09790434842586773
UBFC_PHYS_s13_T2_ctrl,30,195,36.5,-0.42760518193244934,0.24659490283539454
UBFC_PHYS_s13_T2_ctrl,30,196,36.53333333333333,-0.43918439745903015,0.53511051421901
UBFC_PHYS_s13_T2_ctrl,30,197,36.56666666666667,-0.41973304748535156,0.7672105791022699
UBFC_PHYS_s13_T2_ctrl,30,198,36.6,-0.37495502829551697,0.9550259608465117
UBFC_PHYS_s13_T2_ctrl,30,199,36.63333333333333,-0.3154410421848297,1.1120082216747014
UBFC_PHYS_s13_T2_ctrl,30,200,36.666666666666664,-0.24691477417945862,1.2437685382788564
UBFC_PHYS_s13_T2_ctrl,30,201,36.7,-0.16784396767616272,1.3443186043882347
UBFC_PHYS_s13_T2_ctrl,30,202,36.733333333333334,-0.07727304100990295,1.3983094241968297
UBFC_PHYS_s13_T2_ctrl,30,203,36.766666666666666,0.01854049786925316,1.3875690521100619
UBFC_PHYS_s13_T2_ctrl,30,204,36.8,0.10961229354143143,1.2989879965662345
UBFC_PHYS_s13_T2_ctrl,30,205,36.833333333333336,0.190057173371315,1.1307117016718946
UBFC_PHYS_s13_T2_ctrl,30,206,36.86666666666667,0.259941041469574,0.8944736782255731
UBFC_PHYS_s13_T2_ctrl,30,207,36.9,0.3241770267486572,0.6134285249200964
UBFC_PHYS_s13_T2_ctrl,30,208,36.93333333333333,0.38980352878570557,0.3165362573107104
UBFC_PHYS_s13_T2_ctrl,30,209,36.96666666666667,0.4629463255405426,0.031703447588250055
UBFC_PHYS_s13_T2_ctrl,30,210,37.0,0.5465117692947388,-0.21996845908607304
UBFC_PHYS_s13_T2_ctrl,30,211,37.03333333333333,0.6418771147727966,-0.42718967193052904
UBFC_PHYS_s13_T2_ctrl,30,212,37.06666666666667,0.7482286095619202,-0.5882123225242886
UBFC_PHYS_s13_T2_ctrl,30,213,37.1,0.8590812683105469,-0.7078583792434412
UBFC_PHYS_s13_T2_ctrl,30,214,37.13333333333333,0.9541863799095154,-0.7932055153632932
UBFC_PHYS_s13_T2_ctrl,30,215,37.166666666666664,0.9954451322555542,-0.8494900676902007
UBFC_PHYS_s13_T2_ctrl,30,216,37.2,0.9372459053993225,-0.8773982239660746
UBFC_PHYS_s13_T2_ctrl,30,217,37.233333333333334,0.7497345209121704,-0.8723580899456527
UBFC_PHYS_s13_T2_ctrl,30,218,37.266666666666666,0.4421176016330719,-0.8260610609315526
UBFC_PHYS_s13_T2_ctrl,30,219,37.3,0.0728481262922287,-0.7300783169604188
UBFC_PHYS_s13_T2_ctrl,30,220,37.333333333333336,-0.27853187918663025,-0.5808273862047115
UBFC_PHYS_s13_T2_ctrl,30,221,37.36666666666667,-0.5496020913124084,-0.38433859356682215
UBFC_PHYS_s13_T2_ctrl,30,222,37.4,-0.7159948348999023,-0.1586973454867578
UBFC_PHYS_s13_T2_ctrl,30,223,37.43333333333333,-0.7912300229072571,0.06764071555388965
UBFC_PHYS_s13_T2_ctrl,30,224,37.46666666666667,-0.8094292283058167,0.261929734677739
UBFC_PHYS_s13_T2_ctrl,30,225,37.5,-0.8041931986808777,0.39565655885537465
UBFC_PHYS_s13_T2_ctrl,30,226,37.53333333333333,-0.795645534992218,0.4518795696188528
UBFC_PHYS_s13_T2_ctrl,30,227,37.56666666666667,-0.7891639471054077,0.42811527456720433
UBFC_PHYS_s13_T2_ctrl,30,228,37.6,-0.7858259677886963,0.33416691308367047
UBFC_PHYS_s13_T2_ctrl,30,229,37.63333333333333,-0.7904787063598633,0.18725153674376901
UBFC_PHYS_s13_T2_ctrl,30,230,37.666666666666664,-0.8016723990440369,0.007764836636288202
UBFC_PHYS_s13_T2_ctrl,30,231,37.7,-0.7951578497886658,-0.18241809646608526
UBFC_PHYS_s13_T2_ctrl,30,232,37.733333333333334,-0.7247006297111511,-0.35982692799655686
UBFC_PHYS_s13_T2_ctrl,30,233,37.766666666666666,-0.5532333850860596,-0.4998219767975943
UBFC_PHYS_s13_T2_ctrl,30,234,37.8,-0.2861536145210266,-0.579253093000378
UBFC_PHYS_s13_T2_ctrl,30,235,37.833333333333336,0.03681548684835434,-0.5810141559899736
UBFC_PHYS_s13_T2_ctrl,30,236,37.86666666666667,0.3647141456604004,-0.4985659683972079
UBFC_PHYS_s13_T2_ctrl,30,237,37.9,0.6406019330024719,-0.3383096325057705
UBFC_PHYS_s13_T2_ctrl,30,238,37.93333333333333,0.8186067938804626,-0.11883818190198799
UBFC_PHYS_s13_T2_ctrl,30,239,37.96666666666667,0.9025181531906128,0.13230315637096138
UBFC_PHYS_s13_T2_ctrl,31,0,31.0,0.4111298620700836,0.2880141277190663
UBFC_PHYS_s13_T2_ctrl,31,1,31.033333333333335,0.31964945793151855,0.1694480256001513
UBFC_PHYS_s13_T2_ctrl,31,2,31.066666666666666,0.20299069583415985,0.06608997601685627
UBFC_PHYS_s13_T2_ctrl,31,3,31.1,0.0668674036860466,-0.004083367528057558
UBFC_PHYS_s13_T2_ctrl,31,4,31.133333333333333,-0.00407092971727252,-0.030872490942598012
UBFC_PHYS_s13_T2_ctrl,31,5,31.166666666666668,0.016995064914226532,-0.014461181287244556
UBFC_PHYS_s13_T2_ctrl,31,6,31.2,0.020820753648877144,0.034442140585383245
UBFC_PHYS_s13_T2_ctrl,31,7,31.233333333333334,-0.0700368583202362,0.09730971106678965
UBFC_PHYS_s13_T2_ctrl,31,8,31.266666666666666,-0.20712894201278687,0.15231995161694048
UBFC_PHYS_s13_T2_ctrl,31,9,31.3,-0.33775588870048523,0.17891138537821782
UBFC_PHYS_s13_T2_ctrl,31,10,31.333333333333332,-0.43625500798225403,0.16095709302077651
UBFC_PHYS_s13_T2_ctrl,31,11,31.366666666666667,-0.44125375151634216,0.08821266201220129
UBFC_PHYS_s13_T2_ctrl,31,12,31.4,-0.350448876619339,-0.04339031706486139
UBFC_PHYS_s13_T2_ctrl,31,13,31.433333333333334,-0.2757145166397095,-0.23168049629424314
UBFC_PHYS_s13_T2_ctrl,31,14,31.466666666666665,-0.2785879075527191,-0.46772275153283777
UBFC_PHYS_s13_T2_ctrl,31,15,31.5,-0.2972649037837982,-0.7347272517643151
UBFC_PHYS_s13_T2_ctrl,31,16,31.533333333333335,-0.2918575406074524,-1.0069506938008776
UBFC_PHYS_s13_T2_ctrl,31,17,31.566666666666666,-0.26984912157058716,-1.2498112047182417
UBFC_PHYS_s13_T2_ctrl,31,18,31.6,-0.17933091521263123,-1.4228546198927894
UBFC_PHYS_s13_T2_ctrl,31,19,31.633333333333333,0.04391327500343323,-1.4867277587231436
UBFC_PHYS_s13_T2_ctrl,31,20,31.666666666666668,0.36662864685058594,-1.4135498517675358
UBFC_PHYS_s13_T2_ctrl,31,21,31.7,0.6360150575637817,-1.197544060950939
UBFC_PHYS_s13_T2_ctrl,31,22,31.733333333333334,0.6806744337081909,-0.8609167310642318
UBFC_PHYS_s13_T2_ctrl,31,23,31.766666666666666,0.492424875497818,-0.4506704841661534
UBFC_PHYS_s13_T2_ctrl,31,24,31.8,0.25597697496414185,-0.02594276962255003
UBFC_PHYS_s13_T2_ctrl,31,25,31.833333333333332,0.10558559745550156,0.35946556205613367
UBFC_PHYS_s13_T2_ctrl,31,26,31.866666666666667,0.028956517577171326,0.6716483691050331
UBFC_PHYS_s13_T2_ctrl,31,27,31.9,-0.007768105715513229,0.9017788382045981
UBFC_PHYS_s13_T2_ctrl,31,28,31.933333333333334,-0.020711516961455345,1.0607215737544766
UBFC_PHYS_s13_T2_ctrl,31,29,31.966666666666665,-0.062309689819812775,1.1673321273097697
UBFC_PHYS_s13_T2_ctrl,31,30,32.0,-0.1861024796962738,1.2366924781923332
UBFC_PHYS_s13_T2_ctrl,31,31,32.03333333333333,-0.3950127065181732,1.2730237432557845
UBFC_PHYS_s13_T2_ctrl,31,32,32.06666666666667,-0.6376291513442993,1.2690158227851194
UBFC_PHYS_s13_T2_ctrl,31,33,32.1,-0.7984991669654846,1.2105444526204432
UBFC_PHYS_s13_T2_ctrl,31,34,32.13333333333333,-0.7728858590126038,1.0841750739583964
UBFC_PHYS_s13_T2_ctrl,31,35,32.166666666666664,-0.6415109038352966,0.8845873597817291
UBFC_PHYS_s13_T2_ctrl,31,36,32.2,-0.5916748046875,0.6196414791252038
UBFC_PHYS_s13_T2_ctrl,31,37,32.233333333333334,-0.6527309417724609,0.3116835187895449
UBFC_PHYS_s13_T2_ctrl,31,38,32.266666666666666,-0.7251356244087219,-0.005444103945653542
UBFC_PHYS_s13_T2_ctrl,31,39,32.3,-0.7812786102294922,-0.2931958094741684
UBFC_PHYS_s13_T2_ctrl,31,40,32.333333333333336,-0.8261719942092896,-0.5171466446727513
UBFC_PHYS_s13_T2_ctrl,31,41,32.36666666666667,-0.8376786708831787,-0.6550159132410757
UBFC_PHYS_s13_T2_ctrl,31,42,32.4,-0.861361026763916,-0.7009445882152398
UBFC_PHYS_s13_T2_ctrl,31,43,32.43333333333333,-0.9730671644210815,-0.6643675189725777
UBFC_PHYS_s13_T2_ctrl,31,44,32.46666666666667,-1.1226379871368408,-0.5642392288497048
UBFC_PHYS_s13_T2_ctrl,31,45,32.5,-1.177271842956543,-0.4216736591690177
UBFC_PHYS_s13_T2_ctrl,31,46,32.53333333333333,-1.104343295097351,-0.2547902510715792
UBFC_PHYS_s13_T2_ctrl,31,47,32.56666666666667,-0.9807185530662537,-0.0779550810796456
UBFC_PHYS_s13_T2_ctrl,31,48,32.6,-0.8401170969009399,0.09559897857375392
UBFC_PHYS_s13_T2_ctrl,31,49,32.63333333333333,-0.6863778829574585,0.2510828452898501
UBFC_PHYS_s13_T2_ctrl,31,50,32.666666666666664,-0.5499547123908997,0.37217988373286126
UBFC_PHYS_s13_T2_ctrl,31,51,32.7,-0.44225549697875977,0.44410326726380406
UBFC_PHYS_s13_T2_ctrl,31,52,32.733333333333334,-0.33850061893463135,0.4577145847215584
UBFC_PHYS_s13_T2_ctrl,31,53,32.766666666666666,-0.2431582808494568,0.41215336707234423
UBFC_PHYS_s13_T2_ctrl,31,54,32.8,-0.1598169505596161,0.314676845409533
UBFC_PHYS_s13_T2_ctrl,31,55,32.833333333333336,-0.02042154222726822,0.1781030094284557
UBFC_PHYS_s13_T2_ctrl,31,56,32.86666666666667,0.20821353793144226,0.01704185099284052
UBFC_PHYS_s13_T2_ctrl,31,57,32.9,0.43794921040534973,-0.15582035534835956
UBFC_PHYS_s13_T2_ctrl,31,58,32.93333333333333,0.5753049254417419,-0.33211057230701296
UBFC_PHYS_s13_T2_ctrl,31,59,32.96666666666667,0.6074821949005127,-0.5077777776223918
UBFC_PHYS_s13_T2_ctrl,31,60,33.0,0.559659481048584,-0.6804868063517283
UBFC_PHYS_s13_T2_ctrl,31,61,33.03333333333333,0.509391725063324,-0.84545756273702
UBFC_PHYS_s13_T2_ctrl,31,62,33.06666666666667,0.5535502433776855,-0.9919557620114775
UBFC_PHYS_s13_T2_ctrl,31,63,33.1,0.6574665904045105,-1.1027403657163322
UBFC_PHYS_s13_T2_ctrl,31,64,33.13333333333333,0.6960331797599792,-1.1574153084861785
UBFC_PHYS_s13_T2_ctrl,31,65,33.166666666666664,0.6430436372756958,-1.1385207071196646
UBFC_PHYS_s13_T2_ctrl,31,66,33.2,0.5756344199180603,-1.0375761464623359
UBFC_PHYS_s13_T2_ctrl,31,67,33.233333333333334,0.5200976729393005,-0.8581689319969348
UBFC_PHYS_s13_T2_ctrl,31,68,33.266666666666666,0.40826964378356934,-0.6147591678597227
UBFC_PHYS_s13_T2_ctrl,31,69,33.3,0.20205157995224,-0.3282090090518251
UBFC_PHYS_s13_T2_ctrl,31,70,33.333333333333336,-0.019515372812747955,-0.02070311903265807
UBFC_PHYS_s13_T2_ctrl,31,71,33.36666666666667,-0.15795846283435822,0.2873880494216141
UBFC_PHYS_s13_T2_ctrl,31,72,33.4,-0.21560080349445343,0.5780105272008589
UBFC_PHYS_s13_T2_ctrl,31,73,33.43333333333333,-0.2678687274456024,0.8346541818257257
UBFC_PHYS_s13_T2_ctrl,31,74,33.46666666666667,-0.3356107473373413,1.042292024793794
UBFC_PHYS_s13_T2_ctrl,31,75,33.5,-0.3536122441291809,1.1890158413613547
UBFC_PHYS_s13_T2_ctrl,31,76,33.53333333333333,-0.2817907929420471,1.2686347094617543
UBFC_PHYS_s13_T2_ctrl,31,77,33.56666666666667,-0.19304539263248444,1.2823989498810107
UBFC_PHYS_s13_T2_ctrl,31,78,33.6,-0.1770770251750946,1.238369386499704
UBFC_PHYS_s13_T2_ctrl,31,79,33.63333333333333,-0.2429506778717041,1.1484289275759667
UBFC_PHYS_s13_T2_ctrl,31,80,33.666666666666664,-0.3345167636871338,1.0244552495136048
UBFC_PHYS_s13_T2_ctrl,31,81,33.7,-0.4008846879005432,0.8756534769877166
UBFC_PHYS_s13_T2_ctrl,31,82,33.733333333333334,-0.42170682549476624,0.7081335352877187
UBFC_PHYS_s13_T2_ctrl,31,83,33.766666666666666,-0.38794785737991333,0.5263597506266825
UBFC_PHYS_s13_T2_ctrl,31,84,33.8,-0.30908796191215515,0.3352029752637569
UBFC_PHYS_s13_T2_ctrl,31,85,33.833333333333336,-0.23034007847309113,0.1413171373700785
UBFC_PHYS_s13_T2_ctrl,31,86,33.86666666666667,-0.19640976190567017,-0.046831884093797044
UBFC_PHYS_s13_T2_ctrl,31,87,33.9,-0.18954263627529144,-0.22022227504306482
UBFC_PHYS_s13_T2_ctrl,31,88,33.93333333333333,-0.09241103380918503,-0.37127360540752546
UBFC_PHYS_s13_T2_ctrl,31,89,33.96666666666667,0.2542634904384613,-0.4958527618980777
UBFC_PHYS_s13_T2_ctrl,31,90,34.0,0.8306703567504883,-0.5945307497463017
UBFC_PHYS_s13_T2_ctrl,31,91,34.03333333333333,1.302828073501587,-0.672413751297109
UBFC_PHYS_s13_T2_ctrl,31,92,34.06666666666667,1.3774734735488892,-0.7371330429896544
UBFC_PHYS_s13_T2_ctrl,31,93,34.1,1.1348669528961182,-0.7952030556238856
UBFC_PHYS_s13_T2_ctrl,31,94,34.13333333333333,0.8233122825622559,-0.8479097228420803
UBFC_PHYS_s13_T2_ctrl,31,95,34.166666666666664,0.5631029009819031,-0.8886670526390431
UBFC_PHYS_s13_T2_ctrl,31,96,34.2,0.330394983291626,-0.9037269236562877
UBFC_PHYS_s13_T2_ctrl,31,97,34.233333333333334,0.06400060653686523,-0.8768724790011989
UBFC_PHYS_s13_T2_ctrl,31,98,34.266666666666666,-0.17650695145130157,-0.7966025076567571
UBFC_PHYS_s13_T2_ctrl,31,99,34.3,-0.1395714432001114,-0.662548013488314
UBFC_PHYS_s13_T2_ctrl,31,100,34.333333333333336,0.310709685087204,-0.48770952310249194
UBFC_PHYS_s13_T2_ctrl,31,101,34.36666666666667,0.9010649919509888,-0.29493175339605004
UBFC_PHYS_s13_T2_ctrl,31,102,34.4,1.169683575630188,-0.10903055539319711
UBFC_PHYS_s13_T2_ctrl,31,103,34.43333333333333,0.9681216478347778,0.051716365028972006
UBFC_PHYS_s13_T2_ctrl,31,104,34.46666666666667,0.5428310632705688,0.18090399827811335
UBFC_PHYS_s13_T2_ctrl,31,105,34.5,0.15282180905342102,0.28424790439635117
UBFC_PHYS_s13_T2_ctrl,31,106,34.53333333333333,-0.16139203310012817,0.37538392591123493
UBFC_PHYS_s13_T2_ctrl,31,107,34.56666666666667,-0.4704785943031311,0.4694953910062379
UBFC_PHYS_s13_T2_ctrl,31,108,34.6,-0.7946438193321228,0.5770436577199196
UBFC_PHYS_s13_T2_ctrl,31,109,34.63333333333333,-1.0440813302993774,0.6990686817592681
UBFC_PHYS_s13_T2_ctrl,31,110,34.666666666666664,-1.097743034362793,0.8250063915220669
UBFC_PHYS_s13_T2_ctrl,31,111,34.7,-0.9487093091011047,0.9337795536381385
UBFC_PHYS_s13_T2_ctrl,31,112,34.733333333333334,-0.6908263564109802,0.9984831134689844
UBFC_PHYS_s13_T2_ctrl,31,113,34.766666666666666,-0.4294373095035553,0.9938522173778538
UBFC_PHYS_s13_T2_ctrl,31,114,34.8,-0.2534622550010681,0.9041479486608557
UBFC_PHYS_s13_T2_ctrl,31,115,34.833333333333336,-0.1761510819196701,0.7284181767062515
UBFC_PHYS_s13_T2_ctrl,31,116,34.86666666666667,-0.14267878234386444,0.48117377851464355
UBFC_PHYS_s13_T2_ctrl,31,117,34.9,-0.12887533009052277,0.18852327354487253
UBFC_PHYS_s13_T2_ctrl,31,118,34.93333333333333,-0.14381562173366547,-0.11859855811824331
UBFC_PHYS_s13_T2_ctrl,31,119,34.96666666666667,-0.1617281436920166,-0.41171908349226927
UBFC_PHYS_s13_T2_ctrl,31,120,35.0,-0.1557045727968216,-0.6702432516461532
UBFC_PHYS_s13_T2_ctrl,31,121,35.03333333333333,-0.15821878612041473,-0.8833200931206224
UBFC_PHYS_s13_T2_ctrl,31,122,35.06666666666667,-0.22120589017868042,-1.047794393564211
UBFC_PHYS_s13_T2_ctrl,31,123,35.1,-0.3474535644054413,-1.1634098634511867
UBFC_PHYS_s13_T2_ctrl,31,124,35.13333333333333,-0.4763769507408142,-1.227627662716569
UBFC_PHYS_s13_T2_ctrl,31,125,35.166666666666664,-0.5323749780654907,-1.2326911168945232
UBFC_PHYS_s13_T2_ctrl,31,126,35.2,-0.5127687454223633,-1.166641536954455
UBFC_PHYS_s13_T2_ctrl,31,127,35.233333333333334,-0.45283955335617065,-1.018244867041896
UBFC_PHYS_s13_T2_ctrl,31,128,35.266666666666666,-0.3163834512233734,-0.7839627987906634
UBFC_PHYS_s13_T2_ctrl,31,129,35.3,-0.11094304174184799,-0.47392560523690574
UBFC_PHYS_s13_T2_ctrl,31,130,35.333333333333336,0.008707723580300808,-0.1139053398240056
UBFC_PHYS_s13_T2_ctrl,31,131,35.36666666666667,-0.0281651820987463,0.2581918022401027
UBFC_PHYS_s13_T2_ctrl,31,132,35.4,-0.1063561737537384,0.6002969638831213
UBFC_PHYS_s13_T2_ctrl,31,133,35.43333333333333,-0.17096449434757233,0.875600186714736
UBFC_PHYS_s13_T2_ctrl,31,134,35.46666666666667,-0.2914818823337555,1.0601226516367914
UBFC_PHYS_s13_T2_ctrl,31,135,35.5,-0.43032369017601013,1.1463429333953656
UBFC_PHYS_s13_T2_ctrl,31,136,35.53333333333333,-0.45324817299842834,1.1424838413951486
UBFC_PHYS_s13_T2_ctrl,31,137,35.56666666666667,-0.3950917720794678,1.0684202564532757
UBFC_PHYS_s13_T2_ctrl,31,138,35.6,-0.39380666613578796,0.9497725742229112
UBFC_PHYS_s13_T2_ctrl,31,139,35.63333333333333,-0.4583424925804138,0.8117610020516801
UBFC_PHYS_s13_T2_ctrl,31,140,35.666666666666664,-0.5034104585647583,0.6741640728953823
UBFC_PHYS_s13_T2_ctrl,31,141,35.7,-0.5352879166603088,0.5484004620189569
UBFC_PHYS_s13_T2_ctrl,31,142,35.733333333333334,-0.6392009854316711,0.43729824113120114
UBFC_PHYS_s13_T2_ctrl,31,143,35.766666666666666,-0.8312926888465881,0.33743271292956334
UBFC_PHYS_s13_T2_ctrl,31,144,35.8,-1.015782356262207,0.2430621332956037
UBFC_PHYS_s13_T2_ctrl,31,145,35.833333333333336,-1.0779720544815063,0.150045322085205
UBFC_PHYS_s13_T2_ctrl,31,146,35.86666666666667,-0.9863697290420532,0.05810984360069036
UBFC_PHYS_s13_T2_ctrl,31,147,35.9,-0.831902265548706,-0.029393659345857907
UBFC_PHYS_s13_T2_ctrl,31,148,35.93333333333333,-0.7374759912490845,-0.10786806157214285
UBFC_PHYS_s13_T2_ctrl,31,149,35.96666666666667,-0.7436643242835999,-0.17465297079463565
UBFC_PHYS_s13_T2_ctrl,31,150,36.0,-0.8021667003631592,-0.23161061899150878
UBFC_PHYS_s13_T2_ctrl,31,151,36.03333333333333,-0.8003411889076233,-0.2861919016919453
UBFC_PHYS_s13_T2_ctrl,31,152,36.06666666666667,-0.6444633603096008,-0.35053704660810286
UBFC_PHYS_s13_T2_ctrl,31,153,36.1,-0.3888145089149475,-0.43847570055827406
UBFC_PHYS_s13_T2_ctrl,31,154,36.13333333333333,-0.1941855251789093,-0.5606389348299804
UBFC_PHYS_s13_T2_ctrl,31,155,36.166666666666664,-0.1344837099313736,-0.7186357040096522
UBFC_PHYS_s13_T2_ctrl,31,156,36.2,-0.15764214098453522,-0.9003106523716287
UBFC_PHYS_s13_T2_ctrl,31,157,36.233333333333334,-0.19778713583946228,-1.078609814086392
UBFC_PHYS_s13_T2_ctrl,31,158,36.266666666666666,-0.22465921938419342,-1.2157676904144152
UBFC_PHYS_s13_T2_ctrl,31,159,36.3,-0.22958879172801971,-1.2726664797220528
UBFC_PHYS_s13_T2_ctrl,31,160,36.333333333333336,-0.22432640194892883,-1.221059617792061
UBFC_PHYS_s13_T2_ctrl,31,161,36.36666666666667,-0.23369786143302917,-1.0544317183956922
UBFC_PHYS_s13_T2_ctrl,31,162,36.4,-0.2719876766204834,-0.7924673792825306
UBFC_PHYS_s13_T2_ctrl,31,163,36.43333333333333,-0.3301111161708832,-0.47599711081086205
UBFC_PHYS_s13_T2_ctrl,31,164,36.46666666666667,-0.38757550716400146,-0.15394198460978759
UBFC_PHYS_s13_T2_ctrl,31,165,36.5,-0.42760518193244934,0.13196681917181133
UBFC_PHYS_s13_T2_ctrl,31,166,36.53333333333333,-0.43918439745903015,0.3581873473387783
UBFC_PHYS_s13_T2_ctrl,31,167,36.56666666666667,-0.41973304748535156,0.5221870372458968
UBFC_PHYS_s13_T2_ctrl,31,168,36.6,-0.37495502829551697,0.6370824448570221
UBFC_PHYS_s13_T2_ctrl,31,169,36.63333333333333,-0.3154410421848297,0.7214311910351255
UBFC_PHYS_s13_T2_ctrl,31,170,36.666666666666664,-0.24691477417945862,0.7890617972178435
UBFC_PHYS_s13_T2_ctrl,31,171,36.7,-0.16784396767616272,0.843171235684808
UBFC_PHYS_s13_T2_ctrl,31,172,36.733333333333334,-0.07727304100990295,0.8765280528950352
UBFC_PHYS_s13_T2_ctrl,31,173,36.766666666666666,0.01854049786925316,0.8767478959349088
UBFC_PHYS_s13_T2_ctrl,31,174,36.8,0.10961229354143143,0.8336121383895768
UBFC_PHYS_s13_T2_ctrl,31,175,36.833333333333336,0.190057173371315,0.7450496336493584
UBFC_PHYS_s13_T2_ctrl,31,176,36.86666666666667,0.259941041469574,0.6196017685924493
UBFC_PHYS_s13_T2_ctrl,31,177,36.9,0.3241770267486572,0.4749755644998975
UBFC_PHYS_s13_T2_ctrl,31,178,36.93333333333333,0.38980352878570557,0.33364026839008365
UBFC_PHYS_s13_T2_ctrl,31,179,36.96666666666667,0.4629463255405426,0.2170461825221988
UBFC_PHYS_s13_T2_ctrl,31,180,37.0,0.5465117692947388,0.14012732351371457
UBFC_PHYS_s13_T2_ctrl,31,181,37.03333333333333,0.6418771147727966,0.10753960456155437
UBFC_PHYS_s13_T2_ctrl,31,182,37.06666666666667,0.7482286095619202,0.11269729774878408
UBFC_PHYS_s13_T2_ctrl,31,183,37.1,0.8590812683105469,0.13999703710085307
UBFC_PHYS_s13_T2_ctrl,31,184,37.13333333333333,0.9541863799095154,0.16965174544520598
UBFC_PHYS_s13_T2_ctrl,31,185,37.166666666666664,0.9954451322555542,0.1836838553018761
UBFC_PHYS_s13_T2_ctrl,31,186,37.2,0.9372459053993225,0.17124859485766236
UBFC_PHYS_s13_T2_ctrl,31,187,37.233333333333334,0.7497345209121704,0.13158530651447065
UBFC_PHYS_s13_T2_ctrl,31,188,37.266666666666666,0.4421176016330719,0.07345514929108965
UBFC_PHYS_s13_T2_ctrl,31,189,37.3,0.0728481262922287,0.011048844732961088
UBFC_PHYS_s13_T2_ctrl,31,190,37.333333333333336,-0.27853187918663025,-0.04214236968271946
UBFC_PHYS_s13_T2_ctrl,31,191,37.36666666666667,-0.5496020913124084,-0.07901387914792693
UBFC_PHYS_s13_T2_ctrl,31,192,37.4,-0.7159948348999023,-0.10188076943753112
UBFC_PHYS_s13_T2_ctrl,31,193,37.43333333333333,-0.7912300229072571,-0.12183807401357209
UBFC_PHYS_s13_T2_ctrl,31,194,37.46666666666667,-0.8094292283058167,-0.15483417893774998
UBFC_PHYS_s13_T2_ctrl,31,195,37.5,-0.8041931986808777,-0.2161175085515978
UBFC_PHYS_s13_T2_ctrl,31,196,37.53333333333333,-0.795645534992218,-0.3154819636482801
UBFC_PHYS_s13_T2_ctrl,31,197,37.56666666666667,-0.7891639471054077,-0.455203515054929
UBFC_PHYS_s13_T2_ctrl,31,198,37.6,-0.7858259677886963,-0.6306537236973444
UBFC_PHYS_s13_T2_ctrl,31,199,37.63333333333333,-0.7904787063598633,-0.8318278598827133
UBFC_PHYS_s13_T2_ctrl,31,200,37.666666666666664,-0.8016723990440369,-1.0439474528101407
UBFC_PHYS_s13_T2_ctrl,31,201,37.7,-0.7951578497886658,-1.2467485450742721
UBFC_PHYS_s13_T2_ctrl,31,202,37.733333333333334,-0.7247006297111511,-1.413818372944708
UBFC_PHYS_s13_T2_ctrl,31,203,37.766666666666666,-0.5532333850860596,-1.514052877338253
UBFC_PHYS_s13_T2_ctrl,31,204,37.8,-0.2861536145210266,-1.5163674116820474
UBFC_PHYS_s13_T2_ctrl,31,205,37.833333333333336,0.03681548684835434,-1.3968993826724114
UBFC_PHYS_s13_T2_ctrl,31,206,37.86666666666667,0.3647141456604004,-1.1463414838695831
UBFC_PHYS_s13_T2_ctrl,31,207,37.9,0.6406019330024719,-0.7745927406892688
UBFC_PHYS_s13_T2_ctrl,31,208,37.93333333333333,0.8186067938804626,-0.31080033063723195
UBFC_PHYS_s13_T2_ctrl,31,209,37.96666666666667,0.9025181531906128,0.20144157487646236
UBFC_PHYS_s13_T2_ctrl,31,210,38.0,0.9521631598472595,0.7122749908518734
UBFC_PHYS_s13_T2_ctrl,31,211,38.03333333333333,1.025352120399475,1.1745730500019749
UBFC_PHYS_s13_T2_ctrl,31,212,38.06666666666667,1.1225758790969849,1.5510419911314801
UBFC_PHYS_s13_T2_ctrl,31,213,38.1,1.224735975265503,1.8178167219032921
UBFC_PHYS_s13_T2_ctrl,31,214,38.13333333333333,1.3423008918762207,1.9647973667259708
UBFC_PHYS_s13_T2_ctrl,31,215,38.166666666666664,1.5099523067474365,1.9941084497158206
UBFC_PHYS_s13_T2_ctrl,31,216,38.2,1.7439321279525757,1.9175860781461895
UBFC_PHYS_s13_T2_ctrl,31,217,38.233333333333334,1.9707483053207397,1.7532431331259637
UBFC_PHYS_s13_T2_ctrl,31,218,38.266666666666666,2.0392580032348633,1.5206985526185182
UBFC_PHYS_s13_T2_ctrl,31,219,38.3,1.908812403678894,1.2365913032243439
UBFC_PHYS_s13_T2_ctrl,31,220,38.333333333333336,1.72221040725708,0.912000765581969
UBFC_PHYS_s13_T2_ctrl,31,221,38.36666666666667,1.5985033512115479,0.5536657314227662
UBFC_PHYS_s13_T2_ctrl,31,222,38.4,1.527953863143921,0.16897191163581005
UBFC_PHYS_s13_T2_ctrl,31,223,38.43333333333333,1.4756101369857788,-0.2275697801730991
UBFC_PHYS_s13_T2_ctrl,31,224,38.46666666666667,1.442193865776062,-0.609787624553607
UBFC_PHYS_s13_T2_ctrl,31,225,38.5,1.4224656820297241,-0.9402079809583445
UBFC_PHYS_s13_T2_ctrl,31,226,38.53333333333333,1.3638743162155151,-1.176436636267658
UBFC_PHYS_s13_T2_ctrl,31,227,38.56666666666667,1.1857870817184448,-1.2822679875401766
UBFC_PHYS_s13_T2_ctrl,31,228,38.6,0.8389741778373718,-1.2400869980864349
UBFC_PHYS_s13_T2_ctrl,31,229,38.63333333333333,0.3731464743614197,-1.0599713608503674
UBFC_PHYS_s13_T2_ctrl,31,230,38.666666666666664,-0.08566582947969437,-0.781233836593573
UBFC_PHYS_s13_T2_ctrl,31,231,38.7,-0.3817068338394165,-0.4642514490597994
UBFC_PHYS_s13_T2_ctrl,31,232,38.733333333333334,-0.40323084592819214,-0.17405381368480846
UBFC_PHYS_s13_T2_ctrl,31,233,38.766666666666666,-0.13148510456085205,0.03874068038760906
UBFC_PHYS_s13_T2_ctrl,31,234,38.8,0.29027965664863586,0.1514844073355373
UBFC_PHYS_s13_T2_ctrl,31,235,38.833333333333336,0.6804272532463074,0.17117620012724696
UBFC_PHYS_s13_T2_ctrl,31,236,38.86666666666667,0.9586842656135559,0.1242930058034849
UBFC_PHYS_s13_T2_ctrl,31,237,38.9,1.2227489948272705,0.041262141950077144
UBFC_PHYS_s13_T2_ctrl,31,238,38.93333333333333,1.6060657501220703,-0.05619764284000786
UBFC_PHYS_s13_T2_ctrl,31,239,38.96666666666667,2.0926365852355957,-0.1595722717475351
UBFC_PHYS_s13_T2_ctrl,32,0,32.0,-0.1861024796962738,-0.1037132434925447
UBFC_PHYS_s13_T2_ctrl,32,1,32.03333333333333,-0.3950127065181732,-0.1861351085009693
UBFC_PHYS_s13_T2_ctrl,32,2,32.06666666666667,-0.6376291513442993,-0.25441742435945874
UBFC_PHYS_s13_T2_ctrl,32,3,32.1,-0.7984991669654846,-0.29947123331635506
UBFC_PHYS_s13_T2_ctrl,32,4,32.13333333333333,-0.7728858590126038,-0.31744042084880625
UBFC_PHYS_s13_T2_ctrl,32,5,32.166666666666664,-0.6415109038352966,-0.30997240044253327
UBFC_PHYS_s13_T2_ctrl,32,6,32.2,-0.5916748046875,-0.28240990676814876
UBFC_PHYS_s13_T2_ctrl,32,7,32.233333333333334,-0.6527309417724609,-0.2409509306355054
UBFC_PHYS_s13_T2_ctrl,32,8,32.266666666666666,-0.7251356244087219,-0.1904221441224432
UBFC_PHYS_s13_T2_ctrl,32,9,32.3,-0.7812786102294922,-0.13381897530419887
UBFC_PHYS_s13_T2_ctrl,32,10,32.333333333333336,-0.8261719942092896,-0.07346743463050089
UBFC_PHYS_s13_T2_ctrl,32,11,32.36666666666667,-0.8376786708831787,-0.01248276905542969
UBFC_PHYS_s13_T2_ctrl,32,12,32.4,-0.861361026763916,0.044996046046721604
UBFC_PHYS_s13_T2_ctrl,32,13,32.43333333333333,-0.9730671644210815,0.09540007095953287
UBFC_PHYS_s13_T2_ctrl,32,14,32.46666666666667,-1.1226379871368408,0.1382953297535219
UBFC_PHYS_s13_T2_ctrl,32,15,32.5,-1.177271842956543,0.1780349198433965
UBFC_PHYS_s13_T2_ctrl,32,16,32.53333333333333,-1.104343295097351,0.2228026177415572
UBFC_PHYS_s13_T2_ctrl,32,17,32.56666666666667,-0.9807185530662537,0.2807875013134801
UBFC_PHYS_s13_T2_ctrl,32,18,32.6,-0.8401170969009399,0.3551335531480711
UBFC_PHYS_s13_T2_ctrl,32,19,32.63333333333333,-0.6863778829574585,0.44032786728912154
UBFC_PHYS_s13_T2_ctrl,32,20,32.666666666666664,-0.5499547123908997,0.5220150771063372
UBFC_PHYS_s13_T2_ctrl,32,21,32.7,-0.44225549697875977,0.580516935285256
UBFC_PHYS_s13_T2_ctrl,32,22,32.733333333333334,-0.33850061893463135,0.5967508560577538
UBFC_PHYS_s13_T2_ctrl,32,23,32.766666666666666,-0.2431582808494568,0.558302699363229
UBFC_PHYS_s13_T2_ctrl,32,24,32.8,-0.1598169505596161,0.46326468718967195
UBFC_PHYS_s13_T2_ctrl,32,25,32.833333333333336,-0.02042154222726822,0.3202548900706266
UBFC_PHYS_s13_T2_ctrl,32,26,32.86666666666667,0.20821353793144226,0.14465890351649474
UBFC_PHYS_s13_T2_ctrl,32,27,32.9,0.43794921040534973,-0.047093902996882
UBFC_PHYS_s13_T2_ctrl,32,28,32.93333333333333,0.5753049254417419,-0.2423677784590188
UBFC_PHYS_s13_T2_ctrl,32,29,32.96666666666667,0.6074821949005127,-0.4337752727817635
UBFC_PHYS_s13_T2_ctrl,32,30,33.0,0.559659481048584,-0.6165364585696743
UBFC_PHYS_s13_T2_ctrl,32,31,33.03333333333333,0.509391725063324,-0.7834107861902918
UBFC_PHYS_s13_T2_ctrl,32,32,33.06666666666667,0.5535502433776855,-0.9205570979273443
UBFC_PHYS_s13_T2_ctrl,32,33,33.1,0.6574665904045105,-1.0075041439878152
UBFC_PHYS_s13_T2_ctrl,32,34,33.13333333333333,0.6960331797599792,-1.0221985349279308
UBFC_PHYS_s13_T2_ctrl,32,35,33.166666666666664,0.6430436372756958,-0.9491897507278187
UBFC_PHYS_s13_T2_ctrl,32,36,33.2,0.5756344199180603,-0.7871808033882453
UBFC_PHYS_s13_T2_ctrl,32,37,33.233333333333334,0.5200976729393005,-0.5523439364672591
UBFC_PHYS_s13_T2_ctrl,32,38,33.266666666666666,0.40826964378356934,-0.2758002951649289
UBFC_PHYS_s13_T2_ctrl,32,39,33.3,0.20205157995224,0.0036785569756933255
UBFC_PHYS_s13_T2_ctrl,32,40,33.333333333333336,-0.019515372812747955,0.2488010126598477
UBFC_PHYS_s13_T2_ctrl,32,41,33.36666666666667,-0.15795846283435822,0.4315455003093236
UBFC_PHYS_s13_T2_ctrl,32,42,33.4,-0.21560080349445343,0.5377447417828802
UBFC_PHYS_s13_T2_ctrl,32,43,33.43333333333333,-0.2678687274456024,0.5681583264062565
UBFC_PHYS_s13_T2_ctrl,32,44,33.46666666666667,-0.3356107473373413,0.5364713498206135
UBFC_PHYS_s13_T2_ctrl,32,45,33.5,-0.3536122441291809,0.46493834423626673
UBFC_PHYS_s13_T2_ctrl,32,46,33.53333333333333,-0.2817907929420471,0.37883654318271875
UBFC_PHYS_s13_T2_ctrl,32,47,33.56666666666667,-0.19304539263248444,0.3011513246206299
UBFC_PHYS_s13_T2_ctrl,32,48,33.6,-0.1770770251750946,0.24853995448177876
UBFC_PHYS_s13_T2_ctrl,32,49,33.63333333333333,-0.2429506778717041,0.22901087203022985
UBFC_PHYS_s13_T2_ctrl,32,50,33.666666666666664,-0.3345167636871338,0.24144124456695093
UBFC_PHYS_s13_T2_ctrl,32,51,33.7,-0.4008846879005432,0.2769201076792475
UBFC_PHYS_s13_T2_ctrl,32,52,33.733333333333334,-0.42170682549476624,0.32162194234626373
UBFC_PHYS_s13_T2_ctrl,32,53,33.766666666666666,-0.38794785737991333,0.36047471790412816
UBFC_PHYS_s13_T2_ctrl,32,54,33.8,-0.30908796191215515,0.38054821275634887
UBFC_PHYS_s13_T2_ctrl,32,55,33.833333333333336,-0.23034007847309113,0.37321392925297536
UBFC_PHYS_s13_T2_ctrl,32,56,33.86666666666667,-0.19640976190567017,0.33480546336874706
UBFC_PHYS_s13_T2_ctrl,32,57,33.9,-0.18954263627529144,0.26627146321702805
UBFC_PHYS_s13_T2_ctrl,32,58,33.93333333333333,-0.09241103380918503,0.17258211886751024
UBFC_PHYS_s13_T2_ctrl,32,59,33.96666666666667,0.2542634904384613,0.06222065683283967
UBFC_PHYS_s13_T2_ctrl,32,60,34.0,0.8306703567504883,-0.05365940010894427
UBFC_PHYS_s13_T2_ctrl,32,61,34.03333333333333,1.302828073501587,-0.16297290681886953
UBFC_PHYS_s13_T2_ctrl,32,62,34.06666666666667,1.3774734735488892,-0.2550462576191275
UBFC_PHYS_s13_T2_ctrl,32,63,34.1,1.1348669528961182,-0.32245113080434695
UBFC_PHYS_s13_T2_ctrl,32,64,34.13333333333333,0.8233122825622559,-0.3614581325422276
UBFC_PHYS_s13_T2_ctrl,32,65,34.166666666666664,0.5631029009819031,-0.3711777396560871
UBFC_PHYS_s13_T2_ctrl,32,66,34.2,0.330394983291626,-0.35221491978975183
UBFC_PHYS_s13_T2_ctrl,32,67,34.233333333333334,0.06400060653686523,-0.30595995338713894
UBFC_PHYS_s13_T2_ctrl,32,68,34.266666666666666,-0.17650695145130157,-0.23542700993903487
UBFC_PHYS_s13_T2_ctrl,32,69,34.3,-0.1395714432001114,-0.14760249039232234
UBFC_PHYS_s13_T2_ctrl,32,70,34.333333333333336,0.310709685087204,-0.05581289304866885
UBFC_PHYS_s13_T2_ctrl,32,71,34.36666666666667,0.9010649919509888,0.02014300000342669
UBFC_PHYS_s13_T2_ctrl,32,72,34.4,1.169683575630188,0.057529907210951005
UBFC_PHYS_s13_T2_ctrl,32,73,34.43333333333333,0.9681216478347778,0.03745764045629728
UBFC_PHYS_s13_T2_ctrl,32,74,34.46666666666667,0.5428310632705688,-0.04721827749427293
UBFC_PHYS_s13_T2_ctrl,32,75,34.5,0.15282180905342102,-0.18580359356625697
UBFC_PHYS_s13_T2_ctrl,32,76,34.53333333333333,-0.16139203310012817,-0.34811608611355116
UBFC_PHYS_s13_T2_ctrl,32,77,34.56666666666667,-0.4704785943031311,-0.48886477507430093
UBFC_PHYS_s13_T2_ctrl,32,78,34.6,-0.7946438193321228,-0.5581773886248315
UBFC_PHYS_s13_T2_ctrl,32,79,34.63333333333333,-1.0440813302993774,-0.516468457228365
UBFC_PHYS_s13_T2_ctrl,32,80,34.666666666666664,-1.097743034362793,-0.3495653100859885
UBFC_PHYS_s13_T2_ctrl,32,81,34.7,-0.9487093091011047,-0.07818614102302525
UBFC_PHYS_s13_T2_ctrl,32,82,34.733333333333334,-0.6908263564109802,0.24396751975654754
UBFC_PHYS_s13_T2_ctrl,32,83,34.766666666666666,-0.4294373095035553,0.5452081097887846
UBFC_PHYS_s13_T2_ctrl,32,84,34.8,-0.2534622550010681,0.7585421480785675
UBFC_PHYS_s13_T2_ctrl,32,85,34.833333333333336,-0.1761510819196701,0.8418968129552191
UBFC_PHYS_s13_T2_ctrl,32,86,34.86666666666667,-0.14267878234386444,0.7876851086191097
UBFC_PHYS_s13_T2_ctrl,32,87,34.9,-0.12887533009052277,0.6196807122062781
UBFC_PHYS_s13_T2_ctrl,32,88,34.93333333333333,-0.14381562173366547,0.3807250910198266
UBFC_PHYS_s13_T2_ctrl,32,89,34.96666666666667,-0.1617281436920166,0.11740944173149735
UBFC_PHYS_s13_T2_ctrl,32,90,35.0,-0.1557045727968216,-0.13248299671800176
UBFC_PHYS_s13_T2_ctrl,32,91,35.03333333333333,-0.15821878612041473,-0.34630478057586545
UBFC_PHYS_s13_T2_ctrl,32,92,35.06666666666667,-0.22120589017868042,-0.5160709658015399
UBFC_PHYS_s13_T2_ctrl,32,93,35.1,-0.3474535644054413,-0.643022324513971
UBFC_PHYS_s13_T2_ctrl,32,94,35.13333333333333,-0.4763769507408142,-0.7303939536489503
UBFC_PHYS_s13_T2_ctrl,32,95,35.166666666666664,-0.5323749780654907,-0.7776736463075807
UBFC_PHYS_s13_T2_ctrl,32,96,35.2,-0.5127687454223633,-0.7786831644465915
UBFC_PHYS_s13_T2_ctrl,32,97,35.233333333333334,-0.45283955335617065,-0.7240574331320112
UBFC_PHYS_s13_T2_ctrl,32,98,35.266666666666666,-0.3163834512233734,-0.6066816327600325
UBFC_PHYS_s13_T2_ctrl,32,99,35.3,-0.11094304174184799,-0.4273338839275342
UBFC_PHYS_s13_T2_ctrl,32,100,35.333333333333336,0.008707723580300808,-0.1978558670638459
UBFC_PHYS_s13_T2_ctrl,32,101,35.36666666666667,-0.0281651820987463,0.059574095231255966
UBFC_PHYS_s13_T2_ctrl,32,102,35.4,-0.1063561737537384,0.3167947186080896
UBFC_PHYS_s13_T2_ctrl,32,103,35.43333333333333,-0.17096449434757233,0.5459750447745513
UBFC_PHYS_s13_T2_ctrl,32,104,35.46666666666667,-0.2914818823337555,0.7256344980612652
UBFC_PHYS_s13_T2_ctrl,32,105,35.5,-0.43032369017601013,0.8444672347302081
UBFC_PHYS_s13_T2_ctrl,32,106,35.53333333333333,-0.45324817299842834,0.9020937182024117
UBFC_PHYS_s13_T2_ctrl,32,107,35.56666666666667,-0.3950917720794678,0.9070119162061022
UBFC_PHYS_s13_T2_ctrl,32,108,35.6,-0.39380666613578796,0.8728132322427021
UBFC_PHYS_s13_T2_ctrl,32,109,35.63333333333333,-0.4583424925804138,0.8140590848730006
UBFC_PHYS_s13_T2_ctrl,32,110,35.666666666666664,-0.5034104585647583,0.7431101566565755
UBFC_PHYS_s13_T2_ctrl,32,111,35.7,-0.5352879166603088,0.6685605044409438
UBFC_PHYS_s13_T2_ctrl,32,112,35.733333333333334,-0.6392009854316711,0.5949567295084297
UBFC_PHYS_s13_T2_ctrl,32,113,35.766666666666666,-0.8312926888465881,0.5230206903616862
UBFC_PHYS_s13_T2_ctrl,32,114,35.8,-1.015782356262207,0.45009474112968884
UBFC_PHYS_s13_T2_ctrl,32,115,35.833333333333336,-1.0779720544815063,0.3711771925117619
UBFC_PHYS_s13_T2_ctrl,32,116,35.86666666666667,-0.9863697290420532,0.280792446698846
UBFC_PHYS_s13_T2_ctrl,32,117,35.9,-0.831902265548706,0.17521842629011167
UBFC_PHYS_s13_T2_ctrl,32,118,35.93333333333333,-0.7374759912490845,0.054003648463516185
UBFC_PHYS_s13_T2_ctrl,32,119,35.96666666666667,-0.7436643242835999,-0.08023489837560298
UBFC_PHYS_s13_T2_ctrl,32,120,36.0,-0.8021667003631592,-0.22394031799383743
UBFC_PHYS_s13_T2_ctrl,32,121,36.03333333333333,-0.8003411889076233,-0.37572217782656714
UBFC_PHYS_s13_T2_ctrl,32,122,36.06666666666667,-0.6444633603096008,-0.5386141144508482
UBFC_PHYS_s13_T2_ctrl,32,123,36.1,-0.3888145089149475,-0.7196018097498557
UBFC_PHYS_s13_T2_ctrl,32,124,36.13333333333333,-0.1941855251789093,-0.9255144400635786
UBFC_PHYS_s13_T2_ctrl,32,125,36.166666666666664,-0.1344837099313736,-1.1560717493767678
UBFC_PHYS_s13_T2_ctrl,32,126,36.2,-0.15764214098453522,-1.3966473031170754
UBFC_PHYS_s13_T2_ctrl,32,127,36.233333333333334,-0.19778713583946228,-1.6144020167467745
UBFC_PHYS_s13_T2_ctrl,32,128,36.266666666666666,-0.22465921938419342,-1.7611981318660472
UBFC_PHYS_s13_T2_ctrl,32,129,36.3,-0.22958879172801971,-1.7847499792421133
UBFC_PHYS_s13_T2_ctrl,32,130,36.333333333333336,-0.22432640194892883,-1.64602696125555
UBFC_PHYS_s13_T2_ctrl,32,131,36.36666666666667,-0.23369786143302917,-1.3369946601626244
UBFC_PHYS_s13_T2_ctrl,32,132,36.4,-0.2719876766204834,-0.8903460428919151
UBFC_PHYS_s13_T2_ctrl,32,133,36.43333333333333,-0.3301111161708832,-0.37463280890391853
UBFC_PHYS_s13_T2_ctrl,32,134,36.46666666666667,-0.38757550716400146,0.12524930711490756
UBFC_PHYS_s13_T2_ctrl,32,135,36.5,-0.42760518193244934,0.5346186848963311
UBFC_PHYS_s13_T2_ctrl,32,136,36.53333333333333,-0.43918439745903015,0.8110917282692532
UBFC_PHYS_s13_T2_ctrl,32,137,36.56666666666667,-0.41973304748535156,0.9528724509807304
UBFC_PHYS_s13_T2_ctrl,32,138,36.6,-0.37495502829551697,0.9911129676361727
UBFC_PHYS_s13_T2_ctrl,32,139,36.63333333333333,-0.3154410421848297,0.9718819675809185
UBFC_PHYS_s13_T2_ctrl,32,140,36.666666666666664,-0.24691477417945862,0.9369945661162238
UBFC_PHYS_s13_T2_ctrl,32,141,36.7,-0.16784396767616272,0.9116770566659859
UBFC_PHYS_s13_T2_ctrl,32,142,36.733333333333334,-0.07727304100990295,0.9023993132597103
UBFC_PHYS_s13_T2_ctrl,32,143,36.766666666666666,0.01854049786925316,0.9029311522448109
UBFC_PHYS_s13_T2_ctrl,32,144,36.8,0.10961229354143143,0.9033507129923427
UBFC_PHYS_s13_T2_ctrl,32,145,36.833333333333336,0.190057173371315,0.8967218293288501
UBFC_PHYS_s13_T2_ctrl,32,146,36.86666666666667,0.259941041469574,0.8809812606991645
UBFC_PHYS_s13_T2_ctrl,32,147,36.9,0.3241770267486572,0.8568825401325201
UBFC_PHYS_s13_T2_ctrl,32,148,36.93333333333333,0.38980352878570557,0.8244737403802943
UBFC_PHYS_s13_T2_ctrl,32,149,36.96666666666667,0.4629463255405426,0.7804815245756843
UBFC_PHYS_s13_T2_ctrl,32,150,37.0,0.5465117692947388,0.7180521905188239
UBFC_PHYS_s13_T2_ctrl,32,151,37.03333333333333,0.6418771147727966,0.6290118719636734
UBFC_PHYS_s13_T2_ctrl,32,152,37.06666666666667,0.7482286095619202,0.5074926108592465
UBFC_PHYS_s13_T2_ctrl,32,153,37.1,0.8590812683105469,0.35312008171774784
UBFC_PHYS_s13_T2_ctrl,32,154,37.13333333333333,0.9541863799095154,0.17236457899030694
UBFC_PHYS_s13_T2_ctrl,32,155,37.166666666666664,0.9954451322555542,-0.022353547153493924
UBFC_PHYS_s13_T2_ctrl,32,156,37.2,0.9372459053993225,-0.2153320667068345
UBFC_PHYS_s13_T2_ctrl,32,157,37.233333333333334,0.7497345209121704,-0.3910015032158936
UBFC_PHYS_s13_T2_ctrl,32,158,37.266666666666666,0.4421176016330719,-0.5368571222781996
UBFC_PHYS_s13_T2_ctrl,32,159,37.3,0.0728481262922287,-0.645020408646243
UBFC_PHYS_s13_T2_ctrl,32,160,37.333333333333336,-0.27853187918663025,-0.7123739527464289
UBFC_PHYS_s13_T2_ctrl,32,161,37.36666666666667,-0.5496020913124084,-0.7399025492443633
UBFC_PHYS_s13_T2_ctrl,32,162,37.4,-0.7159948348999023,-0.7319082056977905
UBFC_PHYS_s13_T2_ctrl,32,163,37.43333333333333,-0.7912300229072571,-0.6954111847850685
UBFC_PHYS_s13_T2_ctrl,32,164,37.46666666666667,-0.8094292283058167,-0.6397911841730708
UBFC_PHYS_s13_T2_ctrl,32,165,37.5,-0.8041931986808777,-0.5766486600245196
UBFC_PHYS_s13_T2_ctrl,32,166,37.53333333333333,-0.795645534992218,-0.5197723336939455
UBFC_PHYS_s13_T2_ctrl,32,167,37.56666666666667,-0.7891639471054077,-0.48473787766130455
UBFC_PHYS_s13_T2_ctrl,32,168,37.6,-0.7858259677886963,-0.48719976324188163
UBFC_PHYS_s13_T2_ctrl,32,169,37.63333333333333,-0.7904787063598633,-0.5392152541016854
UBFC_PHYS_s13_T2_ctrl,32,170,37.666666666666664,-0.8016723990440369,-0.644276744859219
UBFC_PHYS_s13_T2_ctrl,32,171,37.7,-0.7951578497886658,-0.792922899017553
UBFC_PHYS_s13_T2_ctrl,32,172,37.733333333333334,-0.7247006297111511,-0.9607375379742229
UBFC_PHYS_s13_T2_ctrl,32,173,37.766666666666666,-0.5532333850860596,-1.1097902607519567
UBFC_PHYS_s13_T2_ctrl,32,174,37.8,-0.2861536145210266,-1.1939938658173739
UBFC_PHYS_s13_T2_ctrl,32,175,37.833333333333336,0.03681548684835434,-1.1681768457049413
UBFC_PHYS_s13_T2_ctrl,32,176,37.86666666666667,0.3647141456604004,-0.9994318301069622
UBFC_PHYS_s13_T2_ctrl,32,177,37.9,0.6406019330024719,-0.6779172220269991
UBFC_PHYS_s13_T2_ctrl,32,178,37.93333333333333,0.8186067938804626,-0.22355753910569387
UBFC_PHYS_s13_T2_ctrl,32,179,37.96666666666667,0.9025181531906128,0.31450058277999865
UBFC_PHYS_s13_T2_ctrl,32,180,38.0,0.9521631598472595,0.8670221653129007
UBFC_PHYS_s13_T2_ctrl,32,181,38.03333333333333,1.025352120399475,1.3605199509960269
UBFC_PHYS_s13_T2_ctrl,32,182,38.06666666666667,1.1225758790969849,1.7343920422179164
UBFC_PHYS_s13_T2_ctrl,32,183,38.1,1.224735975265503,1.953051316326869
UBFC_PHYS_s13_T2_ctrl,32,184,38.13333333333333,1.3423008918762207,2.009787032121611
UBFC_PHYS_s13_T2_ctrl,32,185,38.166666666666664,1.5099523067474365,1.9231908554667974
UBFC_PHYS_s13_T2_ctrl,32,186,38.2,1.7439321279525757,1.7288367149598187
UBFC_PHYS_s13_T2_ctrl,32,187,38.233333333333334,1.9707483053207397,1.4688714605939373
UBFC_PHYS_s13_T2_ctrl,32,188,38.266666666666666,2.0392580032348633,1.1819438434323046
UBFC_PHYS_s13_T2_ctrl,32,189,38.3,1.908812403678894,0.895731756366354
UBFC_PHYS_s13_T2_ctrl,32,190,38.333333333333336,1.72221040725708,0.6237332622563471
UBFC_PHYS_s13_T2_ctrl,32,191,38.36666666666667,1.5985033512115479,0.3668184784446084
UBFC_PHYS_s13_T2_ctrl,32,192,38.4,1.527953863143921,0.11855861826946723
UBFC_PHYS_s13_T2_ctrl,32,193,38.43333333333333,1.4756101369857788,-0.12785475097112176
UBFC_PHYS_s13_T2_ctrl,32,194,38.46666666666667,1.442193865776062,-0.3736550374854273
UBFC_PHYS_s13_T2_ctrl,32,195,38.5,1.4224656820297241,-0.6114478173488342
UBFC_PHYS_s13_T2_ctrl,32,196,38.53333333333333,1.3638743162155151,-0.8257444093173165
UBFC_PHYS_s13_T2_ctrl,32,197,38.56666666666667,1.1857870817184448,-0.9966698534642332
UBFC_PHYS_s13_T2_ctrl,32,198,38.6,0.8389741778373718,-1.105904336355343
UBFC_PHYS_s13_T2_ctrl,32,199,38.63333333333333,0.3731464743614197,-1.1433543426491222
UBFC_PHYS_s13_T2_ctrl,32,200,38.666666666666664,-0.08566582947969437,-1.1121125386854223
UBFC_PHYS_s13_T2_ctrl,32,201,38.7,-0.3817068338394165,-1.0290072826203767
UBFC_PHYS_s13_T2_ctrl,32,202,38.733333333333334,-0.40323084592819214,-0.9194974375809342
UBFC_PHYS_s13_T2_ctrl,32,203,38.766666666666666,-0.13148510456085205,-0.8083641554343501
UBFC_PHYS_s13_T2_ctrl,32,204,38.8,0.29027965664863586,-0.7100949658845888
UBFC_PHYS_s13_T2_ctrl,32,205,38.833333333333336,0.6804272532463074,-0.6234235394131139
UBFC_PHYS_s13_T2_ctrl,32,206,38.86666666666667,0.9586842656135559,-0.5325903214282274
UBFC_PHYS_s13_T2_ctrl,32,207,38.9,1.2227489948272705,-0.41479392514618224
UBFC_PHYS_s13_T2_ctrl,32,208,38.93333333333333,1.6060657501220703,-0.25080447887672097
UBFC_PHYS_s13_T2_ctrl,32,209,38.96666666666667,2.0926365852355957,-0.03464872795758337
UBFC_PHYS_s13_T2_ctrl,32,210,39.0,2.5617198944091797,0.221254332814874
UBFC_PHYS_s13_T2_ctrl,32,211,39.03333333333333,3.022594928741455,0.4873447860548572
UBFC_PHYS_s13_T2_ctrl,32,212,39.06666666666667,3.6304540634155273,0.7239470440542013
UBFC_PHYS_s13_T2_ctrl,32,213,39.1,4.328001022338867,0.8914666079066137
UBFC_PHYS_s13_T2_ctrl,32,214,39.13333333333333,4.921213626861572,0.9604523556032619
UBFC_PHYS_s13_T2_ctrl,32,215,39.166666666666664,5.38114595413208,0.9186491458828075
UBFC_PHYS_s13_T2_ctrl,32,216,39.2,5.964555263519287,0.7732489786661221
UBFC_PHYS_s13_T2_ctrl,32,217,39.233333333333334,6.680462837219238,0.548160812227003
UBFC_PHYS_s13_T2_ctrl,32,218,39.266666666666666,7.274548530578613,0.2779063235503561
UBFC_PHYS_s13_T2_ctrl,32,219,39.3,6.685307025909424,0.0006005815262672312
UBFC_PHYS_s13_T2_ctrl,32,220,39.333333333333336,4.087118148803711,-0.24820645742228148
UBFC_PHYS_s13_T2_ctrl,32,221,39.36666666666667,0.31293392181396484,-0.44025532893342734
UBFC_PHYS_s13_T2_ctrl,32,222,39.4,-3.026235580444336,-0.5577991062939873
UBFC_PHYS_s13_T2_ctrl,32,223,39.43333333333333,-4.990407943725586,-0.5950751981810771
UBFC_PHYS_s13_T2_ctrl,32,224,39.46666666666667,-5.807721138000488,-0.5576161053523745
UBFC_PHYS_s13_T2_ctrl,32,225,39.5,-5.806601047515869,-0.4593353235689977
UBFC_PHYS_s13_T2_ctrl,32,226,39.53333333333333,-5.420539379119873,-0.318196080034459
UBFC_PHYS_s13_T2_ctrl,32,227,39.56666666666667,-5.140087604522705,-0.1521067241101926
UBFC_PHYS_s13_T2_ctrl,32,228,39.6,-5.011609077453613,0.02324193191038739
UBFC_PHYS_s13_T2_ctrl,32,229,39.63333333333333,-4.792032718658447,0.19397225876718147
UBFC_PHYS_s13_T2_ctrl,32,230,39.666666666666664,-4.479390621185303,0.346255669564748
UBFC_PHYS_s13_T2_ctrl,32,231,39.7,-4.293329238891602,0.46555403967172215
UBFC_PHYS_s13_T2_ctrl,32,232,39.733333333333334,-4.3784894943237305,0.5385760700848203
UBFC_PHYS_s13_T2_ctrl,32,233,39.766666666666666,-4.5941643714904785,0.557524911028548
UBFC_PHYS_s13_T2_ctrl,32,234,39.8,-4.6500372886657715,0.5240385033615304
UBFC_PHYS_s13_T2_ctrl,32,235,39.833333333333336,-4.2710700035095215,0.44973967771476714
UBFC_PHYS_s13_T2_ctrl,32,236,39.86666666666667,-3.4945874214172363,0.3521987673408935
UBFC_PHYS_s13_T2_ctrl,32,237,39.9,-2.5806171894073486,0.24801691957013453
UBFC_PHYS_s13_T2_ctrl,32,238,39.93333333333333,-1.7344317436218262,0.1466344473289346
UBFC_PHYS_s13_T2_ctrl,32,239,39.96666666666667,-1.0294111967086792,0.048249035666831225
UBFC_PHYS_s13_T2_ctrl,33,0,33.0,0.559659481048584,0.04294316014742362
UBFC_PHYS_s13_T2_ctrl,33,1,33.03333333333333,0.509391725063324,-0.28022116637517047
UBFC_PHYS_s13_T2_ctrl,33,2,33.06666666666667,0.5535502433776855,-0.5617904595872433
UBFC_PHYS_s13_T2_ctrl,33,3,33.1,0.6574665904045105,-0.7651552346563605
UBFC_PHYS_s13_T2_ctrl,33,4,33.13333333333333,0.6960331797599792,-0.86624081424822
UBFC_PHYS_s13_T2_ctrl,33,5,33.166666666666664,0.6430436372756958,-0.8591599258491063
UBFC_PHYS_s13_T2_ctrl,33,6,33.2,0.5756344199180603,-0.7582237097312744
UBFC_PHYS_s13_T2_ctrl,33,7,33.233333333333334,0.5200976729393005,-0.5943517722019579
UBFC_PHYS_s13_T2_ctrl,33,8,33.266666666666666,0.40826964378356934,-0.4064120699376335
UBFC_PHYS_s13_T2_ctrl,33,9,33.3,0.20205157995224,-0.23053853884383554
UBFC_PHYS_s13_T2_ctrl,33,10,33.333333333333336,-0.019515372812747955,-0.09144537150508542
UBFC_PHYS_s13_T2_ctrl,33,11,33.36666666666667,-0.15795846283435822,0.0012790071484747407
UBFC_PHYS_s13_T2_ctrl,33,12,33.4,-0.21560080349445343,0.05131441886263373
UBFC_PHYS_s13_T2_ctrl,33,13,33.43333333333333,-0.2678687274456024,0.06998556108587546
UBFC_PHYS_s13_T2_ctrl,33,14,33.46666666666667,-0.3356107473373413,0.06982264530632934
UBFC_PHYS_s13_T2_ctrl,33,15,33.5,-0.3536122441291809,0.059951366415029045
UBFC_PHYS_s13_T2_ctrl,33,16,33.53333333333333,-0.2817907929420471,0.04465737294486219
UBFC_PHYS_s13_T2_ctrl,33,17,33.56666666666667,-0.19304539263248444,0.024826952086015236
UBFC_PHYS_s13_T2_ctrl,33,18,33.6,-0.1770770251750946,0.0006812891473044723
UBFC_PHYS_s13_T2_ctrl,33,19,33.63333333333333,-0.2429506778717041,-0.02607646979156138
UBFC_PHYS_s13_T2_ctrl,33,20,33.666666666666664,-0.3345167636871338,-0.051778353353582295
UBFC_PHYS_s13_T2_ctrl,33,21,33.7,-0.4008846879005432,-0.07181333624775209
UBFC_PHYS_s13_T2_ctrl,33,22,33.733333333333334,-0.42170682549476624,-0.08217123963731447
UBFC_PHYS_s13_T2_ctrl,33,23,33.766666666666666,-0.38794785737991333,-0.08048860294452737
UBFC_PHYS_s13_T2_ctrl,33,24,33.8,-0.30908796191215515,-0.06617027453511291
UBFC_PHYS_s13_T2_ctrl,33,25,33.833333333333336,-0.23034007847309113,-0.03984935940699054
UBFC_PHYS_s13_T2_ctrl,33,26,33.86666666666667,-0.19640976190567017,-0.002755070731464003
UBFC_PHYS_s13_T2_ctrl,33,27,33.9,-0.18954263627529144,0.043535319271864235
UBFC_PHYS_s13_T2_ctrl,33,28,33.93333333333333,-0.09241103380918503,0.09676742735370544
UBFC_PHYS_s13_T2_ctrl,33,29,33.96666666666667,0.2542634904384613,0.15325201328601068
UBFC_PHYS_s13_T2_ctrl,33,30,34.0,0.8306703567504883,0.20715855739184136
UBFC_PHYS_s13_T2_ctrl,33,31,34.03333333333333,1.302828073501587,0.2506018029188566
UBFC_PHYS_s13_T2_ctrl,33,32,34.06666666666667,1.3774734735488892,0.27526395434999384
UBFC_PHYS_s13_T2_ctrl,33,33,34.1,1.1348669528961182,0.27565482400787966
UBFC_PHYS_s13_T2_ctrl,33,34,34.13333333333333,0.8233122825622559,0.25285161620897334
UBFC_PHYS_s13_T2_ctrl,33,35,34.166666666666664,0.5631029009819031,0.21655088295046213
UBFC_PHYS_s13_T2_ctrl,33,36,34.2,0.330394983291626,0.18345147777319956
UBFC_PHYS_s13_T2_ctrl,33,37,34.233333333333334,0.06400060653686523,0.171537584033173
UBFC_PHYS_s13_T2_ctrl,33,38,34.266666666666666,-0.17650695145130157,0.1920999733561665
UBFC_PHYS_s13_T2_ctrl,33,39,34.3,-0.1395714432001114,0.24310680713533772
UBFC_PHYS_s13_T2_ctrl,33,40,34.333333333333336,0.310709685087204,0.30761667811422316
UBFC_PHYS_s13_T2_ctrl,33,41,34.36666666666667,0.9010649919509888,0.3587781032653444
UBFC_PHYS_s13_T2_ctrl,33,42,34.4,1.169683575630188,0.3694246731850009
UBFC_PHYS_s13_T2_ctrl,33,43,34.43333333333333,0.9681216478347778,0.32181655102637796
UBFC_PHYS_s13_T2_ctrl,33,44,34.46666666666667,0.5428310632705688,0.21351774953783353
UBFC_PHYS_s13_T2_ctrl,33,45,34.5,0.15282180905342102,0.05787084250983745
UBFC_PHYS_s13_T2_ctrl,33,46,34.53333333333333,-0.16139203310012817,-0.1199910191886781
UBFC_PHYS_s13_T2_ctrl,33,47,34.56666666666667,-0.4704785943031311,-0.2894532985763016
UBFC_PHYS_s13_T2_ctrl,33,48,34.6,-0.7946438193321228,-0.4211623653290383
UBFC_PHYS_s13_T2_ctrl,33,49,34.63333333333333,-1.0440813302993774,-0.4931860112679169
UBFC_PHYS_s13_T2_ctrl,33,50,34.666666666666664,-1.097743034362793,-0.49603878708674526
UBFC_PHYS_s13_T2_ctrl,33,51,34.7,-0.9487093091011047,-0.43568810903821786
UBFC_PHYS_s13_T2_ctrl,33,52,34.733333333333334,-0.6908263564109802,-0.3330577515487424
UBFC_PHYS_s13_T2_ctrl,33,53,34.766666666666666,-0.4294373095035553,-0.21895561172762995
UBFC_PHYS_s13_T2_ctrl,33,54,34.8,-0.2534622550010681,-0.12531651413792566
UBFC_PHYS_s13_T2_ctrl,33,55,34.833333333333336,-0.1761510819196701,-0.0757670415268374
UBFC_PHYS_s13_T2_ctrl,33,56,34.86666666666667,-0.14267878234386444,-0.07907883059758726
UBFC_PHYS_s13_T2_ctrl,33,57,34.9,-0.12887533009052277,-0.1278526553236019
UBFC_PHYS_s13_T2_ctrl,33,58,34.93333333333333,-0.14381562173366547,-0.20261087815627812
UBFC_PHYS_s13_T2_ctrl,33,59,34.96666666666667,-0.1617281436920166,-0.27950491653199105
UBFC_PHYS_s13_T2_ctrl,33,60,35.0,-0.1557045727968216,-0.3388336315310056
UBFC_PHYS_s13_T2_ctrl,33,61,35.03333333333333,-0.15821878612041473,-0.3714331684461662
UBFC_PHYS_s13_T2_ctrl,33,62,35.06666666666667,-0.22120589017868042,-0.38050555376876116
UBFC_PHYS_s13_T2_ctrl,33,63,35.1,-0.3474535644054413,-0.37789837927152303
UBFC_PHYS_s13_T2_ctrl,33,64,35.13333333333333,-0.4763769507408142,-0.3762260020130454
UBFC_PHYS_s13_T2_ctrl,33,65,35.166666666666664,-0.5323749780654907,-0.38044799381778305
UBFC_PHYS_s13_T2_ctrl,33,66,35.2,-0.5127687454223633,-0.3831999415271181
UBFC_PHYS_s13_T2_ctrl,33,67,35.233333333333334,-0.45283955335617065,-0.36656325841067017
UBFC_PHYS_s13_T2_ctrl,33,68,35.266666666666666,-0.3163834512233734,-0.30960771023081296
UBFC_PHYS_s13_T2_ctrl,33,69,35.3,-0.11094304174184799,-0.19797961435401573
UBFC_PHYS_s13_T2_ctrl,33,70,35.333333333333336,0.008707723580300808,-0.030928348292739074
UBFC_PHYS_s13_T2_ctrl,33,71,35.36666666666667,-0.0281651820987463,0.17739290717970238
UBFC_PHYS_s13_T2_ctrl,33,72,35.4,-0.1063561737537384,0.40274252083916373
UBFC_PHYS_s13_T2_ctrl,33,73,35.43333333333333,-0.17096449434757233,0.6191875226753283
UBFC_PHYS_s13_T2_ctrl,33,74,35.46666666666667,-0.2914818823337555,0.806774519011017
UBFC_PHYS_s13_T2_ctrl,33,75,35.5,-0.43032369017601013,0.9548569728493868
UBFC_PHYS_s13_T2_ctrl,33,76,35.53333333333333,-0.45324817299842834,1.0605147987213785
UBFC_PHYS_s13_T2_ctrl,33,77,35.56666666666667,-0.3950917720794678,1.1244531056324962
UBFC_PHYS_s13_T2_ctrl,33,78,35.6,-0.39380666613578796,1.147358797366625
UBFC_PHYS_s13_T2_ctrl,33,79,35.63333333333333,-0.4583424925804138,1.1283485309461125
UBFC_PHYS_s13_T2_ctrl,33,80,35.666666666666664,-0.5034104585647583,1.065512486358123
UBFC_PHYS_s13_T2_ctrl,33,81,35.7,-0.5352879166603088,0.9576431169029928
UBFC_PHYS_s13_T2_ctrl,33,82,35.733333333333334,-0.6392009854316711,0.8061740948218338
UBFC_PHYS_s13_T2_ctrl,33,83,35.766666666666666,-0.8312926888465881,0.6165978193271987
UBFC_PHYS_s13_T2_ctrl,33,84,35.8,-1.015782356262207,0.3987348733268837
UBFC_PHYS_s13_T2_ctrl,33,85,35.833333333333336,-1.0779720544815063,0.16554166832391173
UBFC_PHYS_s13_T2_ctrl,33,86,35.86666666666667,-0.9863697290420532,-0.06907690936166945
UBFC_PHYS_s13_T2_ctrl,33,87,35.9,-0.831902265548706,-0.29241680121752694
UBFC_PHYS_s13_T2_ctrl,33,88,35.93333333333333,-0.7374759912490845,-0.49434298191217735
UBFC_PHYS_s13_T2_ctrl,33,89,35.96666666666667,-0.7436643242835999,-0.6678962636623769
UBFC_PHYS_s13_T2_ctrl,33,90,36.0,-0.8021667003631592,-0.8096495811252545
UBFC_PHYS_s13_T2_ctrl,33,91,36.03333333333333,-0.8003411889076233,-0.9202425235441477
UBFC_PHYS_s13_T2_ctrl,33,92,36.06666666666667,-0.6444633603096008,-1.0049539379227315
UBFC_PHYS_s13_T2_ctrl,33,93,36.1,-0.3888145089149475,-1.0733922616420377
UBFC_PHYS_s13_T2_ctrl,33,94,36.13333333333333,-0.1941855251789093,-1.1369651369275207
UBFC_PHYS_s13_T2_ctrl,33,95,36.166666666666664,-0.1344837099313736,-1.203576868265449
UBFC_PHYS_s13_T2_ctrl,33,96,36.2,-0.15764214098453522,-1.2710708325439837
UBFC_PHYS_s13_T2_ctrl,33,97,36.233333333333334,-0.19778713583946228,-1.3228344132104575
UBFC_PHYS_s13_T2_ctrl,33,98,36.266666666666666,-0.22465921938419342,-1.3290796172022128
UBFC_PHYS_s13_T2_ctrl,33,99,36.3,-0.22958879172801971,-1.255242297222916
UBFC_PHYS_s13_T2_ctrl,33,100,36.333333333333336,-0.22432640194892883,-1.0755197475973326
UBFC_PHYS_s13_T2_ctrl,33,101,36.36666666666667,-0.23369786143302917,-0.7862915087146691
UBFC_PHYS_s13_T2_ctrl,33,102,36.4,-0.2719876766204834,-0.41282027896724593
UBFC_PHYS_s13_T2_ctrl,33,103,36.43333333333333,-0.3301111161708832,-0.004681674671834541
UBFC_PHYS_s13_T2_ctrl,33,104,36.46666666666667,-0.38757550716400146,0.37937626630345056
UBFC_PHYS_s13_T2_ctrl,33,105,36.5,-0.42760518193244934,0.6907233794534169
UBFC_PHYS_s13_T2_ctrl,33,106,36.53333333333333,-0.43918439745903015,0.9051842402105944
UBFC_PHYS_s13_T2_ctrl,33,107,36.56666666666667,-0.41973304748535156,1.0258208273041216
UBFC_PHYS_s13_T2_ctrl,33,108,36.6,-0.37495502829551697,1.074268650064975
UBFC_PHYS_s13_T2_ctrl,33,109,36.63333333333333,-0.3154410421848297,1.0768501225980014
UBFC_PHYS_s13_T2_ctrl,33,110,36.666666666666664,-0.24691477417945862,1.0529953875794364
UBFC_PHYS_s13_T2_ctrl,33,111,36.7,-0.16784396767616272,1.0105136583959904
UBFC_PHYS_s13_T2_ctrl,33,112,36.733333333333334,-0.07727304100990295,0.9479476869058241
UBFC_PHYS_s13_T2_ctrl,33,113,36.766666666666666,0.01854049786925316,0.8609314406509782
UBFC_PHYS_s13_T2_ctrl,33,114,36.8,0.10961229354143143,0.7483570075678786
UBFC_PHYS_s13_T2_ctrl,33,115,36.833333333333336,0.190057173371315,0.6153426482265253
UBFC_PHYS_s13_T2_ctrl,33,116,36.86666666666667,0.259941041469574,0.4724869779427045
UBFC_PHYS_s13_T2_ctrl,33,117,36.9,0.3241770267486572,0.33293633540192114
UBFC_PHYS_s13_T2_ctrl,33,118,36.93333333333333,0.38980352878570557,0.2091906587268866
UBFC_PHYS_s13_T2_ctrl,33,119,36.96666666666667,0.4629463255405426,0.11077499979146657
UBFC_PHYS_s13_T2_ctrl,33,120,37.0,0.5465117692947388,0.04300251501708139
UBFC_PHYS_s13_T2_ctrl,33,121,37.03333333333333,0.6418771147727966,0.006585078594082038
UBFC_PHYS_s13_T2_ctrl,33,122,37.06666666666667,0.7482286095619202,-0.0021738965452189705
UBFC_PHYS_s13_T2_ctrl,33,123,37.1,0.8590812683105469,0.009327170221564362
UBFC_PHYS_s13_T2_ctrl,33,124,37.13333333333333,0.9541863799095154,0.03126541721683436
UBFC_PHYS_s13_T2_ctrl,33,125,37.166666666666664,0.9954451322555542,0.05319549318716566
UBFC_PHYS_s13_T2_ctrl,33,126,37.2,0.9372459053993225,0.06604473640129488
UBFC_PHYS_s13_T2_ctrl,33,127,37.233333333333334,0.7497345209121704,0.06373881161995984
UBFC_PHYS_s13_T2_ctrl,33,128,37.266666666666666,0.4421176016330719,0.043928672870813354
UBFC_PHYS_s13_T2_ctrl,33,129,37.3,0.0728481262922287,0.007567391126649668
UBFC_PHYS_s13_T2_ctrl,33,130,37.333333333333336,-0.27853187918663025,-0.04252925340196762
UBFC_PHYS_s13_T2_ctrl,33,131,37.36666666666667,-0.5496020913124084,-0.10361275523518376
UBFC_PHYS_s13_T2_ctrl,33,132,37.4,-0.7159948348999023,-0.17461174350600392
UBFC_PHYS_s13_T2_ctrl,33,133,37.43333333333333,-0.7912300229072571,-0.2565982885529743
UBFC_PHYS_s13_T2_ctrl,33,134,37.46666666666667,-0.8094292283058167,-0.3517060554805076
UBFC_PHYS_s13_T2_ctrl,33,135,37.5,-0.8041931986808777,-0.46101150999024015
UBFC_PHYS_s13_T2_ctrl,33,136,37.53333333333333,-0.795645534992218,-0.5828750282698125
UBFC_PHYS_s13_T2_ctrl,33,137,37.56666666666667,-0.7891639471054077,-0.7131837828548604
UBFC_PHYS_s13_T2_ctrl,33,138,37.6,-0.7858259677886963,-0.8473590718244487
UBFC_PHYS_s13_T2_ctrl,33,139,37.63333333333333,-0.7904787063598633,-0.9821226486435174
UBFC_PHYS_s13_T2_ctrl,33,140,37.666666666666664,-0.8016723990440369,-1.1145675889635551
UBFC_PHYS_s13_T2_ctrl,33,141,37.7,-0.7951578497886658,-1.237762654838446
UBFC_PHYS_s13_T2_ctrl,33,142,37.733333333333334,-0.7247006297111511,-1.3351224659478873
UBFC_PHYS_s13_T2_ctrl,33,143,37.766666666666666,-0.5532333850860596,-1.3778080209022732
UBFC_PHYS_s13_T2_ctrl,33,144,37.8,-0.2861536145210266,-1.3286583230607112
UBFC_PHYS_s13_T2_ctrl,33,145,37.833333333333336,0.03681548684835434,-1.1530429922539396
UBFC_PHYS_s13_T2_ctrl,33,146,37.86666666666667,0.3647141456604004,-0.833305306880698
UBFC_PHYS_s13_T2_ctrl,33,147,37.9,0.6406019330024719,-0.38074951768879
UBFC_PHYS_s13_T2_ctrl,33,148,37.93333333333333,0.8186067938804626,0.16117334671905126
UBFC_PHYS_s13_T2_ctrl,33,149,37.96666666666667,0.9025181531906128,0.7255956478088607
UBFC_PHYS_s13_T2_ctrl,33,150,38.0,0.9521631598472595,1.240059758559935
UBFC_PHYS_s13_T2_ctrl,33,151,38.03333333333333,1.025352120399475,1.6457667716464277
UBFC_PHYS_s13_T2_ctrl,33,152,38.06666666666667,1.1225758790969849,1.9102340918645564
UBFC_PHYS_s13_T2_ctrl,33,153,38.1,1.224735975265503,2.029376555149548
UBFC_PHYS_s13_T2_ctrl,33,154,38.13333333333333,1.3423008918762207,2.020611830657098
UBFC_PHYS_s13_T2_ctrl,33,155,38.166666666666664,1.5099523067474365,1.9121156457912711
UBFC_PHYS_s13_T2_ctrl,33,156,38.2,1.7439321279525757,1.7329676227256219
UBFC_PHYS_s13_T2_ctrl,33,157,38.233333333333334,1.9707483053207397,1.5064193085113207
UBFC_PHYS_s13_T2_ctrl,33,158,38.266666666666666,2.0392580032348633,1.2466031289304962
UBFC_PHYS_s13_T2_ctrl,33,159,38.3,1.908812403678894,0.958388892644059
UBFC_PHYS_s13_T2_ctrl,33,160,38.333333333333336,1.72221040725708,0.6401070059307198
UBFC_PHYS_s13_T2_ctrl,33,161,38.36666666666667,1.5985033512115479,0.28867497063564596
UBFC_PHYS_s13_T2_ctrl,33,162,38.4,1.527953863143921,-0.09406916123014208
UBFC_PHYS_s13_T2_ctrl,33,163,38.43333333333333,1.4756101369857788,-0.4958153586262439
UBFC_PHYS_s13_T2_ctrl,33,164,38.46666666666667,1.442193865776062,-0.8911369095202265
UBFC_PHYS_s13_T2_ctrl,33,165,38.5,1.4224656820297241,-1.2431526623221514
UBFC_PHYS_s13_T2_ctrl,33,166,38.53333333333333,1.3638743162155151,-1.5096097082832771
UBFC_PHYS_s13_T2_ctrl,33,167,38.56666666666667,1.1857870817184448,-1.652271253437874
UBFC_PHYS_s13_T2_ctrl,33,168,38.6,0.8389741778373718,-1.6476468828224167
UBFC_PHYS_s13_T2_ctrl,33,169,38.63333333333333,0.3731464743614197,-1.49619435486128
UBFC_PHYS_s13_T2_ctrl,33,170,38.666666666666664,-0.08566582947969437,-1.2261983671981522
UBFC_PHYS_s13_T2_ctrl,33,171,38.7,-0.3817068338394165,-0.8891129719936222
UBFC_PHYS_s13_T2_ctrl,33,172,38.733333333333334,-0.40323084592819214,-0.5462659449736756
UBFC_PHYS_s13_T2_ctrl,33,173,38.766666666666666,-0.13148510456085205,-0.2511142301669756
UBFC_PHYS_s13_T2_ctrl,33,174,38.8,0.29027965664863586,-0.034133140952680135
UBFC_PHYS_s13_T2_ctrl,33,175,38.833333333333336,0.6804272532463074,0.10320301163010591
UBFC_PHYS_s13_T2_ctrl,33,176,38.86666666666667,0.9586842656135559,0.18318644790301084
UBFC_PHYS_s13_T2_ctrl,33,177,38.9,1.2227489948272705,0.23850536895524688
UBFC_PHYS_s13_T2_ctrl,33,178,38.93333333333333,1.6060657501220703,0.2969949244394126
UBFC_PHYS_s13_T2_ctrl,33,179,38.96666666666667,2.0926365852355957,0.37071956447111354
UBFC_PHYS_s13_T2_ctrl,33,180,39.0,2.5617198944091797,0.4530136416986796
UBFC_PHYS_s13_T2_ctrl,33,181,39.03333333333333,3.022594928741455,0.5234193060214254
UBFC_PHYS_s13_T2_ctrl,33,182,39.06666666666667,3.6304540634155273,0.5573157913749718
UBFC_PHYS_s13_T2_ctrl,33,183,39.1,4.328001022338867,0.5357530086988953
UBFC_PHYS_s13_T2_ctrl,33,184,39.13333333333333,4.921213626861572,0.45190480854844045
UBFC_PHYS_s13_T2_ctrl,33,185,39.166666666666664,5.38114595413208,0.3126122655464841
UBFC_PHYS_s13_T2_ctrl,33,186,39.2,5.964555263519287,0.13541904342162694
UBFC_PHYS_s13_T2_ctrl,33,187,39.233333333333334,6.680462837219238,-0.057111392117383704
UBFC_PHYS_s13_T2_ctrl,33,188,39.266666666666666,7.274548530578613,-0.24324745141179732
UBFC_PHYS_s13_T2_ctrl,33,189,39.3,6.685307025909424,-0.40581710935419446
UBFC_PHYS_s13_T2_ctrl,33,190,39.333333333333336,4.087118148803711,-0.5328807078299751
UBFC_PHYS_s13_T2_ctrl,33,191,39.36666666666667,0.31293392181396484,-0.6161174353597146
UBFC_PHYS_s13_T2_ctrl,33,192,39.4,-3.026235580444336,-0.6487327870676097
UBFC_PHYS_s13_T2_ctrl,33,193,39.43333333333333,-4.990407943725586,-0.6245541318843132
UBFC_PHYS_s13_T2_ctrl,33,194,39.46666666666667,-5.807721138000488,-0.5388558256404153
UBFC_PHYS_s13_T2_ctrl,33,195,39.5,-5.806601047515869,-0.3902326217941709
UBFC_PHYS_s13_T2_ctrl,33,196,39.53333333333333,-5.420539379119873,-0.18238060011605098
UBFC_PHYS_s13_T2_ctrl,33,197,39.56666666666667,-5.140087604522705,0.0749160105052853
UBFC_PHYS_s13_T2_ctrl,33,198,39.6,-5.011609077453613,0.3655068770168923
UBFC_PHYS_s13_T2_ctrl,33,199,39.63333333333333,-4.792032718658447,0.6670200970484897
UBFC_PHYS_s13_T2_ctrl,33,200,39.666666666666664,-4.479390621185303,0.9518442989809334
UBFC_PHYS_s13_T2_ctrl,33,201,39.7,-4.293329238891602,1.1899349270816197
UBFC_PHYS_s13_T2_ctrl,33,202,39.733333333333334,-4.3784894943237305,1.3538156965843986
UBFC_PHYS_s13_T2_ctrl,33,203,39.766666666666666,-4.5941643714904785,1.4246139091354983
UBFC_PHYS_s13_T2_ctrl,33,204,39.8,-4.6500372886657715,1.3966518369315015
UBFC_PHYS_s13_T2_ctrl,33,205,39.833333333333336,-4.2710700035095215,1.2781824967467328
UBFC_PHYS_s13_T2_ctrl,33,206,39.86666666666667,-3.4945874214172363,1.0876025454746228
UBFC_PHYS_s13_T2_ctrl,33,207,39.9,-2.5806171894073486,0.8467242858647144
UBFC_PHYS_s13_T2_ctrl,33,208,39.93333333333333,-1.7344317436218262,0.5739709411261413
UBFC_PHYS_s13_T2_ctrl,33,209,39.96666666666667,-1.0294111967086792,0.28017796513592985
UBFC_PHYS_s13_T2_ctrl,33,210,40.0,-0.5316994786262512,-0.03161247583267345
UBFC_PHYS_s13_T2_ctrl,33,211,40.03333333333333,-0.21564364433288574,-0.36260490780150584
UBFC_PHYS_s13_T2_ctrl,33,212,40.06666666666667,0.05735096335411072,-0.7124273770934624
UBFC_PHYS_s13_T2_ctrl,33,213,40.1,0.3671097457408905,-1.0730944731178536
UBFC_PHYS_s13_T2_ctrl,33,214,40.13333333333333,0.7154647707939148,-1.4248495664515617
UBFC_PHYS_s13_T2_ctrl,33,215,40.166666666666664,1.0860950946807861,-1.735649220116264
UBFC_PHYS_s13_T2_ctrl,33,216,40.2,1.4611871242523193,-1.965387063645974
UBFC_PHYS_s13_T2_ctrl,33,217,40.233333333333334,1.813924789428711,-2.074665850684993
UBFC_PHYS_s13_T2_ctrl,33,218,40.266666666666666,2.127756357192993,-2.036012067208337
UBFC_PHYS_s13_T2_ctrl,33,219,40.3,2.3931918144226074,-1.8436831284963666
UBFC_PHYS_s13_T2_ctrl,33,220,40.333333333333336,2.5400540828704834,-1.5177968415729992
UBFC_PHYS_s13_T2_ctrl,33,221,40.36666666666667,2.441218852996826,-1.1002693669257375
UBFC_PHYS_s13_T2_ctrl,33,222,40.4,2.077409505844116,-0.6436638203774454
UBFC_PHYS_s13_T2_ctrl,33,223,40.43333333333333,1.6220340728759766,-0.1975449602238532
UBFC_PHYS_s13_T2_ctrl,33,224,40.46666666666667,1.2802826166152954,0.2018986706895034
UBFC_PHYS_s13_T2_ctrl,33,225,40.5,1.1265432834625244,0.5352148420695368
UBFC_PHYS_s13_T2_ctrl,33,226,40.53333333333333,1.1234854459762573,0.7963960744369053
UBFC_PHYS_s13_T2_ctrl,33,227,40.56666666666667,1.1638479232788086,0.9866284746904892
UBFC_PHYS_s13_T2_ctrl,33,228,40.6,1.1230932474136353,1.109094403890759
UBFC_PHYS_s13_T2_ctrl,33,229,40.63333333333333,0.9326919913291931,1.1668529247151271
UBFC_PHYS_s13_T2_ctrl,33,230,40.666666666666664,0.626205325126648,1.1635287664837413
UBFC_PHYS_s13_T2_ctrl,33,231,40.7,0.2914263606071472,1.1052297136048
UBFC_PHYS_s13_T2_ctrl,33,232,40.733333333333334,0.008223334327340126,1.002074857410066
UBFC_PHYS_s13_T2_ctrl,33,233,40.766666666666666,-0.16650283336639404,0.8683995653117554
UBFC_PHYS_s13_T2_ctrl,33,234,40.8,-0.2077813744544983,0.7213928211368213
UBFC_PHYS_s13_T2_ctrl,33,235,40.833333333333336,-0.14226029813289642,0.5784285012025314
UBFC_PHYS_s13_T2_ctrl,33,236,40.86666666666667,-0.037200525403022766,0.45375152339909325
UBFC_PHYS_s13_T2_ctrl,33,237,40.9,0.03547105938196182,0.35543750913733113
UBFC_PHYS_s13_T2_ctrl,33,238,40.93333333333333,0.03973830118775368,0.2835867858820991
UBFC_PHYS_s13_T2_ctrl,33,239,40.96666666666667,-0.008608372882008553,0.23054009816005988
UBFC_PHYS_s13_T2_ctrl,34,0,34.0,0.8306703567504883,0.0903443283591768
UBFC_PHYS_s13_T2_ctrl,34,1,34.03333333333333,1.302828073501587,0.08616918395473037
UBFC_PHYS_s13_T2_ctrl,34,2,34.06666666666667,1.3774734735488892,0.08616813965224113
UBFC_PHYS_s13_T2_ctrl,34,3,34.1,1.1348669528961182,0.096035726470918
UBFC_PHYS_s13_T2_ctrl,34,4,34.13333333333333,0.8233122825622559,0.11910655899777155
UBFC_PHYS_s13_T2_ctrl,34,5,34.166666666666664,0.5631029009819031,0.15501070810051
UBFC_PHYS_s13_T2_ctrl,34,6,34.2,0.330394983291626,0.19902502882478332
UBFC_PHYS_s13_T2_ctrl,34,7,34.233333333333334,0.06400060653686523,0.2426760250993168
UBFC_PHYS_s13_T2_ctrl,34,8,34.266666666666666,-0.17650695145130157,0.2754722275349325
UBFC_PHYS_s13_T2_ctrl,34,9,34.3,-0.1395714432001114,0.2870493913810929
UBFC_PHYS_s13_T2_ctrl,34,10,34.333333333333336,0.310709685087204,0.26901692572283903
UBFC_PHYS_s13_T2_ctrl,34,11,34.36666666666667,0.9010649919509888,0.21622500568690378
UBFC_PHYS_s13_T2_ctrl,34,12,34.4,1.169683575630188,0.12757876302542215
UBFC_PHYS_s13_T2_ctrl,34,13,34.43333333333333,0.9681216478347778,0.006695761756908519
UBFC_PHYS_s13_T2_ctrl,34,14,34.46666666666667,0.5428310632705688,-0.13740295915069936
UBFC_PHYS_s13_T2_ctrl,34,15,34.5,0.15282180905342102,-0.28975451965224674
UBFC_PHYS_s13_T2_ctrl,34,16,34.53333333333333,-0.16139203310012817,-0.4297513884468346
UBFC_PHYS_s13_T2_ctrl,34,17,34.56666666666667,-0.4704785943031311,-0.5332248664135315
UBFC_PHYS_s13_T2_ctrl,34,18,34.6,-0.7946438193321228,-0.5769516345723601
UBFC_PHYS_s13_T2_ctrl,34,19,34.63333333333333,-1.0440813302993774,-0.5451897898032483
UBFC_PHYS_s13_T2_ctrl,34,20,34.666666666666664,-1.097743034362793,-0.4363745027052087
UBFC_PHYS_s13_T2_ctrl,34,21,34.7,-0.9487093091011047,-0.2669040453202885
UBFC_PHYS_s13_T2_ctrl,34,22,34.733333333333334,-0.6908263564109802,-0.0690365453072644
UBFC_PHYS_s13_T2_ctrl,34,23,34.766666666666666,-0.4294373095035553,0.1177568958368593
UBFC_PHYS_s13_T2_ctrl,34,24,34.8,-0.2534622550010681,0.25873884082402493
UBFC_PHYS_s13_T2_ctrl,34,25,34.833333333333336,-0.1761510819196701,0.3336434283325249
UBFC_PHYS_s13_T2_ctrl,34,26,34.86666666666667,-0.14267878234386444,0.34030920819233046
UBFC_PHYS_s13_T2_ctrl,34,27,34.9,-0.12887533009052277,0.2918979774683551
UBFC_PHYS_s13_T2_ctrl,34,28,34.93333333333333,-0.14381562173366547,0.20994183364489358
UBFC_PHYS_s13_T2_ctrl,34,29,34.96666666666667,-0.1617281436920166,0.11625411679899966
UBFC_PHYS_s13_T2_ctrl,34,30,35.0,-0.1557045727968216,0.02640963267314627
UBFC_PHYS_s13_T2_ctrl,34,31,35.03333333333333,-0.15821878612041473,-0.053427386302003825
UBFC_PHYS_s13_T2_ctrl,34,32,35.06666666666667,-0.22120589017868042,-0.12574064061835433
UBFC_PHYS_s13_T2_ctrl,34,33,35.1,-0.3474535644054413,-0.19760645135800378
UBFC_PHYS_s13_T2_ctrl,34,34,35.13333333333333,-0.4763769507408142,-0.27504121618699295
UBFC_PHYS_s13_T2_ctrl,34,35,35.166666666666664,-0.5323749780654907,-0.3580207645717596
UBFC_PHYS_s13_T2_ctrl,34,36,35.2,-0.5127687454223633,-0.4382534038668582
UBFC_PHYS_s13_T2_ctrl,34,37,35.233333333333334,-0.45283955335617065,-0.500741064604319
UBFC_PHYS_s13_T2_ctrl,34,38,35.266666666666666,-0.3163834512233734,-0.5285331860333842
UBFC_PHYS_s13_T2_ctrl,34,39,35.3,-0.11094304174184799,-0.5086134269169946
UBFC_PHYS_s13_T2_ctrl,34,40,35.333333333333336,0.008707723580300808,-0.4363257351909553
UBFC_PHYS_s13_T2_ctrl,34,41,35.36666666666667,-0.0281651820987463,-0.31644659723408664
UBFC_PHYS_s13_T2_ctrl,34,42,35.4,-0.1063561737537384,-0.16065025349697054
UBFC_PHYS_s13_T2_ctrl,34,43,35.43333333333333,-0.17096449434757233,0.017154809655452585
UBFC_PHYS_s13_T2_ctrl,34,44,35.46666666666667,-0.2914818823337555,0.2052090351611869
UBFC_PHYS_s13_T2_ctrl,34,45,35.5,-0.43032369017601013,0.39587985110569174
UBFC_PHYS_s13_T2_ctrl,34,46,35.53333333333333,-0.45324817299842834,0.5844589506752155
UBFC_PHYS_s13_T2_ctrl,34,47,35.56666666666667,-0.3950917720794678,0.7657791359907948
UBFC_PHYS_s13_T2_ctrl,34,48,35.6,-0.39380666613578796,0.930944196017709
UBFC_PHYS_s13_T2_ctrl,34,49,35.63333333333333,-0.4583424925804138,1.0664064916751188
UBFC_PHYS_s13_T2_ctrl,34,50,35.666666666666664,-0.5034104585647583,1.1561181848450477
UBFC_PHYS_s13_T2_ctrl,34,51,35.7,-0.5352879166603088,1.1856676413500036
UBFC_PHYS_s13_T2_ctrl,34,52,35.733333333333334,-0.6392009854316711,1.1464456656656603
UBFC_PHYS_s13_T2_ctrl,34,53,35.766666666666666,-0.8312926888465881,1.038172503577141
UBFC_PHYS_s13_T2_ctrl,34,54,35.8,-1.015782356262207,0.86906860710509
UBFC_PHYS_s13_T2_ctrl,34,55,35.833333333333336,-1.0779720544815063,0.6539834417670134
UBFC_PHYS_s13_T2_ctrl,34,56,35.86666666666667,-0.9863697290420532,0.4114293626014379
UBFC_PHYS_s13_T2_ctrl,34,57,35.9,-0.831902265548706,0.16047136670695808
UBFC_PHYS_s13_T2_ctrl,34,58,35.93333333333333,-0.7374759912490845,-0.08204194974343484
UBFC_PHYS_s13_T2_ctrl,34,59,35.96666666666667,-0.7436643242835999,-0.3038004202999206
UBFC_PHYS_s13_T2_ctrl,34,60,36.0,-0.8021667003631592,-0.49871715847570836
UBFC_PHYS_s13_T2_ctrl,34,61,36.03333333333333,-0.8003411889076233,-0.6675219220303954
UBFC_PHYS_s13_T2_ctrl,34,62,36.06666666666667,-0.6444633603096008,-0.8168049716753264
UBFC_PHYS_s13_T2_ctrl,34,63,36.1,-0.3888145089149475,-0.9563348832312278
UBFC_PHYS_s13_T2_ctrl,34,64,36.13333333333333,-0.1941855251789093,-1.094895130560241
UBFC_PHYS_s13_T2_ctrl,34,65,36.166666666666664,-0.1344837099313736,-1.2354343702043356
UBFC_PHYS_s13_T2_ctrl,34,66,36.2,-0.15764214098453522,-1.3709405511201112
UBFC_PHYS_s13_T2_ctrl,34,67,36.233333333333334,-0.19778713583946228,-1.482842850011337
UBFC_PHYS_s13_T2_ctrl,34,68,36.266666666666666,-0.22465921938419342,-1.5435179961600705
UBFC_PHYS_s13_T2_ctrl,34,69,36.3,-0.22958879172801971,-1.5233144795284042
UBFC_PHYS_s13_T2_ctrl,34,70,36.333333333333336,-0.22432640194892883,-1.4005285845352318
UBFC_PHYS_s13_T2_ctrl,34,71,36.36666666666667,-0.23369786143302917,-1.1707440186163787
UBFC_PHYS_s13_T2_ctrl,34,72,36.4,-0.2719876766204834,-0.8511206076932938
UBFC_PHYS_s13_T2_ctrl,34,73,36.43333333333333,-0.3301111161708832,-0.4768497314337147
UBFC_PHYS_s13_T2_ctrl,34,74,36.46666666666667,-0.38757550716400146,-0.09090626267152274
UBFC_PHYS_s13_T2_ctrl,34,75,36.5,-0.42760518193244934,0.26817675987243267
UBFC_PHYS_s13_T2_ctrl,34,76,36.53333333333333,-0.43918439745903015,0.5750869629942444
UBFC_PHYS_s13_T2_ctrl,34,77,36.56666666666667,-0.41973304748535156,0.8199528949269141
UBFC_PHYS_s13_T2_ctrl,34,78,36.6,-0.37495502829551697,1.004519574047002
UBFC_PHYS_s13_T2_ctrl,34,79,36.63333333333333,-0.3154410421848297,1.1355218876712818
UBFC_PHYS_s13_T2_ctrl,34,80,36.666666666666664,-0.24691477417945862,1.2189376767392415
UBFC_PHYS_s13_T2_ctrl,34,81,36.7,-0.16784396767616272,1.2573747650138491
UBFC_PHYS_s13_T2_ctrl,34,82,36.733333333333334,-0.07727304100990295,1.2508476291524016
UBFC_PHYS_s13_T2_ctrl,34,83,36.766666666666666,0.01854049786925316,1.1996039434439543
UBFC_PHYS_s13_T2_ctrl,34,84,36.8,0.10961229354143143,1.1069893116799328
UBFC_PHYS_s13_T2_ctrl,34,85,36.833333333333336,0.190057173371315,0.980725737532042
UBFC_PHYS_s13_T2_ctrl,34,86,36.86666666666667,0.259941041469574,0.832106922145761
UBFC_PHYS_s13_T2_ctrl,34,87,36.9,0.3241770267486572,0.6737612451271203
UBFC_PHYS_s13_T2_ctrl,34,88,36.93333333333333,0.38980352878570557,0.5171615045331929
UBFC_PHYS_s13_T2_ctrl,34,89,36.96666666666667,0.4629463255405426,0.37084437960338934
UBFC_PHYS_s13_T2_ctrl,34,90,37.0,0.5465117692947388,0.23966772722089372
UBFC_PHYS_s13_T2_ctrl,34,91,37.03333333333333,0.6418771147727966,0.12493502794215647
UBFC_PHYS_s13_T2_ctrl,34,92,37.06666666666667,0.7482286095619202,0.02515937453019613
UBFC_PHYS_s13_T2_ctrl,34,93,37.1,0.8590812683105469,-0.06267729935748362
UBFC_PHYS_s13_T2_ctrl,34,94,37.13333333333333,0.9541863799095154,-0.1416455971485529
UBFC_PHYS_s13_T2_ctrl,34,95,37.166666666666664,0.9954451322555542,-0.21363449472234874
UBFC_PHYS_s13_T2_ctrl,34,96,37.2,0.9372459053993225,-0.27877395185983794
UBFC_PHYS_s13_T2_ctrl,34,97,37.233333333333334,0.7497345209121704,-0.3356464210350785
UBFC_PHYS_s13_T2_ctrl,34,98,37.266666666666666,0.4421176016330719,-0.38210328844832786
UBFC_PHYS_s13_T2_ctrl,34,99,37.3,0.0728481262922287,-0.4163292453477311
UBFC_PHYS_s13_T2_ctrl,34,100,37.333333333333336,-0.27853187918663025,-0.43782383395073776
UBFC_PHYS_s13_T2_ctrl,34,101,37.36666666666667,-0.5496020913124084,-0.4480691076106308
UBFC_PHYS_s13_T2_ctrl,34,102,37.4,-0.7159948348999023,-0.45070685356999207
UBFC_PHYS_s13_T2_ctrl,34,103,37.43333333333333,-0.7912300229072571,-0.4511228914268597
UBFC_PHYS_s13_T2_ctrl,34,104,37.46666666666667,-0.8094292283058167,-0.45550719456602645
UBFC_PHYS_s13_T2_ctrl,34,105,37.5,-0.8041931986808777,-0.46963717093071666
UBFC_PHYS_s13_T2_ctrl,34,106,37.53333333333333,-0.795645534992218,-0.49768127789970684
UBFC_PHYS_s13_T2_ctrl,34,107,37.56666666666667,-0.7891639471054077,-0.5412041890032092
UBFC_PHYS_s13_T2_ctrl,34,108,37.6,-0.7858259677886963,-0.5983672558896203
UBFC_PHYS_s13_T2_ctrl,34,109,37.63333333333333,-0.7904787063598633,-0.6632660633486426
UBFC_PHYS_s13_T2_ctrl,34,110,37.666666666666664,-0.8016723990440369,-0.7255415070287926
UBFC_PHYS_s13_T2_ctrl,34,111,37.7,-0.7951578497886658,-0.7706856196364444
UBFC_PHYS_s13_T2_ctrl,34,112,37.733333333333334,-0.7247006297111511,-0.7815649089527575
UBFC_PHYS_s13_T2_ctrl,34,113,37.766666666666666,-0.5532333850860596,-0.7414156947376878
UBFC_PHYS_s13_T2_ctrl,34,114,37.8,-0.2861536145210266,-0.6379404531121473
UBFC_PHYS_s13_T2_ctrl,34,115,37.833333333333336,0.03681548684835434,-0.4674099725886307
UBFC_PHYS_s13_T2_ctrl,34,116,37.86666666666667,0.3647141456604004,-0.23724566538682743
UBFC_PHYS_s13_T2_ctrl,34,117,37.9,0.6406019330024719,0.03422915695760807
UBFC_PHYS_s13_T2_ctrl,34,118,37.93333333333333,0.8186067938804626,0.3212389600079884
UBFC_PHYS_s13_T2_ctrl,34,119,37.96666666666667,0.9025181531906128,0.596255102792998
UBFC_PHYS_s13_T2_ctrl,34,120,38.0,0.9521631598472595,0.8359192714351508
UBFC_PHYS_s13_T2_ctrl,34,121,38.03333333333333,1.025352120399475,1.0249938541526147
UBFC_PHYS_s13_T2_ctrl,34,122,38.06666666666667,1.1225758790969849,1.157091806414473
UBFC_PHYS_s13_T2_ctrl,34,123,38.1,1.224735975265503,1.232466886668471
UBFC_PHYS_s13_T2_ctrl,34,124,38.13333333333333,1.3423008918762207,1.2544036707967359
UBFC_PHYS_s13_T2_ctrl,34,125,38.166666666666664,1.5099523067474365,1.2261383181091876
UBFC_PHYS_s13_T2_ctrl,34,126,38.2,1.7439321279525757,1.1496310054038565
UBFC_PHYS_s13_T2_ctrl,34,127,38.233333333333334,1.9707483053207397,1.0262895980983162
UBFC_PHYS_s13_T2_ctrl,34,128,38.266666666666666,2.0392580032348633,0.8586255787444305
UBFC_PHYS_s13_T2_ctrl,34,129,38.3,1.908812403678894,0.6515417942756667
UBFC_PHYS_s13_T2_ctrl,34,130,38.333333333333336,1.72221040725708,0.41267520350906245
UBFC_PHYS_s13_T2_ctrl,34,131,38.36666666666667,1.5985033512115479,0.15217122526597995
UBFC_PHYS_s13_T2_ctrl,34,132,38.4,1.527953863143921,-0.11742539205536967
UBFC_PHYS_s13_T2_ctrl,34,133,38.43333333333333,1.4756101369857788,-0.380919488095267
UBFC_PHYS_s13_T2_ctrl,34,134,38.46666666666667,1.442193865776062,-0.6203344562370681
UBFC_PHYS_s13_T2_ctrl,34,135,38.5,1.4224656820297241,-0.815771929875391
UBFC_PHYS_s13_T2_ctrl,34,136,38.53333333333333,1.3638743162155151,-0.9478545333300935
UBFC_PHYS_s13_T2_ctrl,34,137,38.56666666666667,1.1857870817184448,-1.0016606197459863
UBFC_PHYS_s13_T2_ctrl,34,138,38.6,0.8389741778373718,-0.9713414079138413
UBFC_PHYS_s13_T2_ctrl,34,139,38.63333333333333,0.3731464743614197,-0.8638285950762707
UBFC_PHYS_s13_T2_ctrl,34,140,38.666666666666664,-0.08566582947969437,-0.6994451436688726
UBFC_PHYS_s13_T2_ctrl,34,141,38.7,-0.3817068338394165,-0.5078859764474531
UBFC_PHYS_s13_T2_ctrl,34,142,38.733333333333334,-0.40323084592819214,-0.3203332743177491
UBFC_PHYS_s13_T2_ctrl,34,143,38.766666666666666,-0.13148510456085205,-0.16087519352646695
UBFC_PHYS_s13_T2_ctrl,34,144,38.8,0.29027965664863586,-0.04103643705260988
UBFC_PHYS_s13_T2_ctrl,34,145,38.833333333333336,0.6804272532463074,0.04033004968981076
UBFC_PHYS_s13_T2_ctrl,34,146,38.86666666666667,0.9586842656135559,0.09235838214431061
UBFC_PHYS_s13_T2_ctrl,34,147,38.9,1.2227489948272705,0.12556587592141338
UBFC_PHYS_s13_T2_ctrl,34,148,38.93333333333333,1.6060657501220703,0.14663571516320653
UBFC_PHYS_s13_T2_ctrl,34,149,38.96666666666667,2.0926365852355957,0.15657127613711772
UBFC_PHYS_s13_T2_ctrl,34,150,39.0,2.5617198944091797,0.15219247738959013
UBFC_PHYS_s13_T2_ctrl,34,151,39.03333333333333,3.022594928741455,0.12938330711943588
UBFC_PHYS_s13_T2_ctrl,34,152,39.06666666666667,3.6304540634155273,0.08610835044622225
UBFC_PHYS_s13_T2_ctrl,34,153,39.1,4.328001022338867,0.023941201534655364
UBFC_PHYS_s13_T2_ctrl,34,154,39.13333333333333,4.921213626861572,-0.05196627210310151
UBFC_PHYS_s13_T2_ctrl,34,155,39.166666666666664,5.38114595413208,-0.13379193062514885
UBFC_PHYS_s13_T2_ctrl,34,156,39.2,5.964555263519287,-0.2122422171535995
UBFC_PHYS_s13_T2_ctrl,34,157,39.233333333333334,6.680462837219238,-0.277827676113135
UBFC_PHYS_s13_T2_ctrl,34,158,39.266666666666666,7.274548530578613,-0.32202554700625474
UBFC_PHYS_s13_T2_ctrl,34,159,39.3,6.685307025909424,-0.3380707265786147
UBFC_PHYS_s13_T2_ctrl,34,160,39.333333333333336,4.087118148803711,-0.3213486031767224
UBFC_PHYS_s13_T2_ctrl,34,161,39.36666666666667,0.31293392181396484,-0.2696296881914955
UBFC_PHYS_s13_T2_ctrl,34,162,39.4,-3.026235580444336,-0.1833163155997281
UBFC_PHYS_s13_T2_ctrl,34,163,39.43333333333333,-4.990407943725586,-0.06560227750790337
UBFC_PHYS_s13_T2_ctrl,34,164,39.46666666666667,-5.807721138000488,0.07768781200934931
UBFC_PHYS_s13_T2_ctrl,34,165,39.5,-5.806601047515869,0.23866964982122565
UBFC_PHYS_s13_T2_ctrl,34,166,39.53333333333333,-5.420539379119873,0.40816079022043983
UBFC_PHYS_s13_T2_ctrl,34,167,39.56666666666667,-5.140087604522705,0.5762505086311756
UBFC_PHYS_s13_T2_ctrl,34,168,39.6,-5.011609077453613,0.7324963957351779
UBFC_PHYS_s13_T2_ctrl,34,169,39.63333333333333,-4.792032718658447,0.8659720573986193
UBFC_PHYS_s13_T2_ctrl,34,170,39.666666666666664,-4.479390621185303,0.9656624358373709
UBFC_PHYS_s13_T2_ctrl,34,171,39.7,-4.293329238891602,1.0215835997865588
UBFC_PHYS_s13_T2_ctrl,34,172,39.733333333333334,-4.3784894943237305,1.0265044383576214
UBFC_PHYS_s13_T2_ctrl,34,173,39.766666666666666,-4.5941643714904785,0.9776385688249372
UBFC_PHYS_s13_T2_ctrl,34,174,39.8,-4.6500372886657715,0.8775402091579707
UBFC_PHYS_s13_T2_ctrl,34,175,39.833333333333336,-4.2710700035095215,0.7337251370063903
UBFC_PHYS_s13_T2_ctrl,34,176,39.86666666666667,-3.4945874214172363,0.5570523882682774
UBFC_PHYS_s13_T2_ctrl,34,177,39.9,-2.5806171894073486,0.35938316755607663
UBFC_PHYS_s13_T2_ctrl,34,178,39.93333333333333,-1.7344317436218262,0.1512674249441378
UBFC_PHYS_s13_T2_ctrl,34,179,39.96666666666667,-1.0294111967086792,-0.05967729752521729
UBFC_PHYS_s13_T2_ctrl,34,180,40.0,-0.5316994786262512,-0.26934418159710943
UBFC_PHYS_s13_T2_ctrl,34,181,40.03333333333333,-0.21564364433288574,-0.4766339271602202
UBFC_PHYS_s13_T2_ctrl,34,182,40.06666666666667,0.05735096335411072,-0.6819914296369647
UBFC_PHYS_s13_T2_ctrl,34,183,40.1,0.3671097457408905,-0.8852180432016151
UBFC_PHYS_s13_T2_ctrl,34,184,40.13333333333333,0.7154647707939148,-1.0830124673208925
UBFC_PHYS_s13_T2_ctrl,34,185,40.166666666666664,1.0860950946807861,-1.2669752422601663
UBFC_PHYS_s13_T2_ctrl,34,186,40.2,1.4611871242523193,-1.4229652351742073
UBFC_PHYS_s13_T2_ctrl,34,187,40.233333333333334,1.813924789428711,-1.532483854332435
UBFC_PHYS_s13_T2_ctrl,34,188,40.266666666666666,2.127756357192993,-1.5760967799790748
UBFC_PHYS_s13_T2_ctrl,34,189,40.3,2.3931918144226074,-1.5380035793068214
UBFC_PHYS_s13_T2_ctrl,34,190,40.333333333333336,2.5400540828704834,-1.410226877359402
UBFC_PHYS_s13_T2_ctrl,34,191,40.36666666666667,2.441218852996826,-1.1951287016918086
UBFC_PHYS_s13_T2_ctrl,34,192,40.4,2.077409505844116,-0.9059949246746648
UBFC_PHYS_s13_T2_ctrl,34,193,40.43333333333333,1.6220340728759766,-0.5659485276368245
UBFC_PHYS_s13_T2_ctrl,34,194,40.46666666666667,1.2802826166152954,-0.20483866014533839
UBFC_PHYS_s13_T2_ctrl,34,195,40.5,1.1265432834625244,0.14631470707671548
UBFC_PHYS_s13_T2_ctrl,34,196,40.53333333333333,1.1234854459762573,0.4620333154851036
UBFC_PHYS_s13_T2_ctrl,34,197,40.56666666666667,1.1638479232788086,0.7272752690710066
UBFC_PHYS_s13_T2_ctrl,34,198,40.6,1.1230932474136353,0.9380257025025505
UBFC_PHYS_s13_T2_ctrl,34,199,40.63333333333333,0.9326919913291931,1.0974229699966647
UBFC_PHYS_s13_T2_ctrl,34,200,40.666666666666664,0.626205325126648,1.2097113013722725
UBFC_PHYS_s13_T2_ctrl,34,201,40.7,0.2914263606071472,1.2754590094441687
UBFC_PHYS_s13_T2_ctrl,34,202,40.733333333333334,0.008223334327340126,1.2906880899145619
UBFC_PHYS_s13_T2_ctrl,34,203,40.766666666666666,-0.16650283336639404,1.2502141784895706
UBFC_PHYS_s13_T2_ctrl,34,204,40.8,-0.2077813744544983,1.152894492632025
UBFC_PHYS_s13_T2_ctrl,34,205,40.833333333333336,-0.14226029813289642,1.005411034173288
UBFC_PHYS_s13_T2_ctrl,34,206,40.86666666666667,-0.037200525403022766,0.8224805263419502
UBFC_PHYS_s13_T2_ctrl,34,207,40.9,0.03547105938196182,0.6236871818203649
UBFC_PHYS_s13_T2_ctrl,34,208,40.93333333333333,0.03973830118775368,0.4286971751046442
UBFC_PHYS_s13_T2_ctrl,34,209,40.96666666666667,-0.008608372882008553,0.25291571494587967
UBFC_PHYS_s13_T2_ctrl,34,210,41.0,-0.06668566912412643,0.1050425083210825
UBFC_PHYS_s13_T2_ctrl,34,211,41.03333333333333,-0.11631416529417038,-0.013019831888322411
UBFC_PHYS_s13_T2_ctrl,34,212,41.06666666666667,-0.18401335179805756,-0.10437147519008988
UBFC_PHYS_s13_T2_ctrl,34,213,41.1,-0.2839392423629761,-0.17442948305590325
UBFC_PHYS_s13_T2_ctrl,34,214,41.13333333333333,-0.3805732727050781,-0.22838598551349135
UBFC_PHYS_s13_T2_ctrl,34,215,41.166666666666664,-0.4444764256477356,-0.2695190235320051
UBFC_PHYS_s13_T2_ctrl,34,216,41.2,-0.5135299563407898,-0.2986003098016545
UBFC_PHYS_s13_T2_ctrl,34,217,41.233333333333334,-0.6334475874900818,-0.3142740708249461
UBFC_PHYS_s13_T2_ctrl,34,218,41.266666666666666,-0.7685691714286804,-0.31413561941092616
UBFC_PHYS_s13_T2_ctrl,34,219,41.3,-0.8606196641921997,-0.29629013610970184
UBFC_PHYS_s13_T2_ctrl,34,220,41.333333333333336,-0.9413380026817322,-0.26123903194663517
UBFC_PHYS_s13_T2_ctrl,34,221,41.36666666666667,-1.091037392616272,-0.21374901927474999
UBFC_PHYS_s13_T2_ctrl,34,222,41.4,-1.3466500043869019,-0.16390402689662362
UBFC_PHYS_s13_T2_ctrl,34,223,41.43333333333333,-1.6090044975280762,-0.1263341054025179
UBFC_PHYS_s13_T2_ctrl,34,224,41.46666666666667,-1.6217139959335327,-0.11710742911379136
UBFC_PHYS_s13_T2_ctrl,34,225,41.5,-1.2328778505325317,-0.14877336109914255
UBFC_PHYS_s13_T2_ctrl,34,226,41.53333333333333,-0.6562172174453735,-0.22501874892613594
UBFC_PHYS_s13_T2_ctrl,34,227,41.56666666666667,-0.23886467516422272,-0.33687762566683527
UBFC_PHYS_s13_T2_ctrl,34,228,41.6,-0.10452735424041748,-0.4622105795517392
UBFC_PHYS_s13_T2_ctrl,34,229,41.63333333333333,-0.22214171290397644,-0.569414359519794
UBFC_PHYS_s13_T2_ctrl,34,230,41.666666666666664,-0.5035423040390015,-0.625234189067147
UBFC_PHYS_s13_T2_ctrl,34,231,41.7,-0.8211567401885986,-0.6050599398152533
UBFC_PHYS_s13_T2_ctrl,34,232,41.733333333333334,-1.1121001243591309,-0.5024436710901519
UBFC_PHYS_s13_T2_ctrl,34,233,41.766666666666666,-1.4272266626358032,-0.33381380999843563
UBFC_PHYS_s13_T2_ctrl,34,234,41.8,-1.8338764905929565,-0.13545954673365954
UBFC_PHYS_s13_T2_ctrl,34,235,41.833333333333336,-2.2372114658355713,0.04717336120058616
UBFC_PHYS_s13_T2_ctrl,34,236,41.86666666666667,-2.333137035369873,0.1742059159858439
UBFC_PHYS_s13_T2_ctrl,34,237,41.9,-1.953708529472351,0.22434370244606952
UBFC_PHYS_s13_T2_ctrl,34,238,41.93333333333333,-1.3467652797698975,0.20137749842173447
UBFC_PHYS_s13_T2_ctrl,34,239,41.96666666666667,-0.8128529191017151,0.13219263497569675
UBFC_PHYS_s13_T2_ctrl,35,0,35.0,-0.1557045727968216,-0.16773803865566156
UBFC_PHYS_s13_T2_ctrl,35,1,35.03333333333333,-0.15821878612041473,-0.2719155554569621
UBFC_PHYS_s13_T2_ctrl,35,2,35.06666666666667,-0.22120589017868042,-0.36230061893247506
UBFC_PHYS_s13_T2_ctrl,35,3,35.1,-0.3474535644054413,-0.43030217392492787
UBFC_PHYS_s13_T2_ctrl,35,4,35.13333333333333,-0.4763769507408142,-0.4695759150638269
UBFC_PHYS_s13_T2_ctrl,35,5,35.166666666666664,-0.5323749780654907,-0.4762855468739969
UBFC_PHYS_s13_T2_ctrl,35,6,35.2,-0.5127687454223633,-0.4487064789203044
UBFC_PHYS_s13_T2_ctrl,35,7,35.233333333333334,-0.45283955335617065,-0.3868050245556814
UBFC_PHYS_s13_T2_ctrl,35,8,35.266666666666666,-0.3163834512233734,-0.29236116097034714
UBFC_PHYS_s13_T2_ctrl,35,9,35.3,-0.11094304174184799,-0.16959548060273716
UBFC_PHYS_s13_T2_ctrl,35,10,35.333333333333336,0.008707723580300808,-0.02570628922711148
UBFC_PHYS_s13_T2_ctrl,35,11,35.36666666666667,-0.0281651820987463,0.12936263547260965
UBFC_PHYS_s13_T2_ctrl,35,12,35.4,-0.1063561737537384,0.28415416094541773
UBFC_PHYS_s13_T2_ctrl,35,13,35.43333333333333,-0.17096449434757233,0.4275005018344975
UBFC_PHYS_s13_T2_ctrl,35,14,35.46666666666667,-0.2914818823337555,0.5500718660600424
UBFC_PHYS_s13_T2_ctrl,35,15,35.5,-0.43032369017601013,0.6450479563986461
UBFC_PHYS_s13_T2_ctrl,35,16,35.53333333333333,-0.45324817299842834,0.7079893711890788
UBFC_PHYS_s13_T2_ctrl,35,17,35.56666666666667,-0.3950917720794678,0.7365305589044187
UBFC_PHYS_s13_T2_ctrl,35,18,35.6,-0.39380666613578796,0.7303947339424433
UBFC_PHYS_s13_T2_ctrl,35,19,35.63333333333333,-0.4583424925804138,0.6917168972151478
UBFC_PHYS_s13_T2_ctrl,35,20,35.666666666666664,-0.5034104585647583,0.6252846139623224
UBFC_PHYS_s13_T2_ctrl,35,21,35.7,-0.5352879166603088,0.5382369072666712
UBFC_PHYS_s13_T2_ctrl,35,22,35.733333333333334,-0.6392009854316711,0.43895432602573686
UBFC_PHYS_s13_T2_ctrl,35,23,35.766666666666666,-0.8312926888465881,0.3352953126839779
UBFC_PHYS_s13_T2_ctrl,35,24,35.8,-1.015782356262207,0.23282108449718006
UBFC_PHYS_s13_T2_ctrl,35,25,35.833333333333336,-1.0779720544815063,0.13380827124292108
UBFC_PHYS_s13_T2_ctrl,35,26,35.86666666666667,-0.9863697290420532,0.03744909301673646
UBFC_PHYS_s13_T2_ctrl,35,27,35.9,-0.831902265548706,-0.059027578860806486
UBFC_PHYS_s13_T2_ctrl,35,28,35.93333333333333,-0.7374759912490845,-0.15902892300425714
UBFC_PHYS_s13_T2_ctrl,35,29,35.96666666666667,-0.7436643242835999,-0.26572180881429414
UBFC_PHYS_s13_T2_ctrl,35,30,36.0,-0.8021667003631592,-0.38175741018121934
UBFC_PHYS_s13_T2_ctrl,35,31,36.03333333333333,-0.8003411889076233,-0.5092065918725789
UBFC_PHYS_s13_T2_ctrl,35,32,36.06666666666667,-0.6444633603096008,-0.6491285312305657
UBFC_PHYS_s13_T2_ctrl,35,33,36.1,-0.3888145089149475,-0.8003452810011269
UBFC_PHYS_s13_T2_ctrl,35,34,36.13333333333333,-0.1941855251789093,-0.9573610342002998
UBFC_PHYS_s13_T2_ctrl,35,35,36.166666666666664,-0.1344837099313736,-1.108032903192333
UBFC_PHYS_s13_T2_ctrl,35,36,36.2,-0.15764214098453522,-1.2324144965603265
UBFC_PHYS_s13_T2_ctrl,35,37,36.233333333333334,-0.19778713583946228,-1.3044046209789941
UBFC_PHYS_s13_T2_ctrl,35,38,36.266666666666666,-0.22465921938419342,-1.296914144431816
UBFC_PHYS_s13_T2_ctrl,35,39,36.3,-0.22958879172801971,-1.189677884302972
UBFC_PHYS_s13_T2_ctrl,35,40,36.333333333333336,-0.22432640194892883,-0.9773885629028061
UBFC_PHYS_s13_T2_ctrl,35,41,36.36666666666667,-0.23369786143302917,-0.6748996209715483
UBFC_PHYS_s13_T2_ctrl,35,42,36.4,-0.2719876766204834,-0.31630777483334355
UBFC_PHYS_s13_T2_ctrl,35,43,36.43333333333333,-0.3301111161708832,0.0532513503473175
UBFC_PHYS_s13_T2_ctrl,35,44,36.46666666666667,-0.38757550716400146,0.39046743045843585
UBFC_PHYS_s13_T2_ctrl,35,45,36.5,-0.42760518193244934,0.6657719874863985
UBFC_PHYS_s13_T2_ctrl,35,46,36.53333333333333,-0.43918439745903015,0.8689994756932806
UBFC_PHYS_s13_T2_ctrl,35,47,36.56666666666667,-0.41973304748535156,1.0068639617582116
UBFC_PHYS_s13_T2_ctrl,35,48,36.6,-0.37495502829551697,1.0946289230816697
UBFC_PHYS_s13_T2_ctrl,35,49,36.63333333333333,-0.3154410421848297,1.1468882786476824
UBFC_PHYS_s13_T2_ctrl,35,50,36.666666666666664,-0.24691477417945862,1.1717063367964873
UBFC_PHYS_s13_T2_ctrl,35,51,36.7,-0.16784396767616272,1.1696070980532678
UBFC_PHYS_s13_T2_ctrl,35,52,36.733333333333334,-0.07727304100990295,1.1362286389040759
UBFC_PHYS_s13_T2_ctrl,35,53,36.766666666666666,0.01854049786925316,1.0662375490520093
UBFC_PHYS_s13_T2_ctrl,35,54,36.8,0.10961229354143143,0.956540931841509
UBFC_PHYS_s13_T2_ctrl,35,55,36.833333333333336,0.190057173371315,0.8080839932758723
UBFC_PHYS_s13_T2_ctrl,35,56,36.86666666666667,0.259941041469574,0.6264888835959687
UBFC_PHYS_s13_T2_ctrl,35,57,36.9,0.3241770267486572,0.42201050362412956
UBFC_PHYS_s13_T2_ctrl,35,58,36.93333333333333,0.38980352878570557,0.2089221456005261
UBFC_PHYS_s13_T2_ctrl,35,59,36.96666666666667,0.4629463255405426,0.004039548672903423
UBFC_PHYS_s13_T2_ctrl,35,60,37.0,0.5465117692947388,-0.17585321396304737
UBFC_PHYS_s13_T2_ctrl,35,61,37.03333333333333,0.6418771147727966,-0.31733023700376456
UBFC_PHYS_s13_T2_ctrl,35,62,37.06666666666667,0.7482286095619202,-0.4133347288423645
UBFC_PHYS_s13_T2_ctrl,35,63,37.1,0.8590812683105469,-0.464625428323993
UBFC_PHYS_s13_T2_ctrl,35,64,37.13333333333333,0.9541863799095154,-0.4790780613722587
UBFC_PHYS_s13_T2_ctrl,35,65,37.166666666666664,0.9954451322555542,-0.46918595250089645
UBFC_PHYS_s13_T2_ctrl,35,66,37.2,0.9372459053993225,-0.44860001333556265
UBFC_PHYS_s13_T2_ctrl,35,67,37.233333333333334,0.7497345209121704,-0.42867074728543053
UBFC_PHYS_s13_T2_ctrl,35,68,37.266666666666666,0.4421176016330719,-0.41597532350512095
UBFC_PHYS_s13_T2_ctrl,35,69,37.3,0.0728481262922287,-0.4116252786283957
UBFC_PHYS_s13_T2_ctrl,35,70,37.333333333333336,-0.27853187918663025,-0.41258318468044486
UBFC_PHYS_s13_T2_ctrl,35,71,37.36666666666667,-0.5496020913124084,-0.4144050813783671
UBFC_PHYS_s13_T2_ctrl,35,72,37.4,-0.7159948348999023,-0.41414562777260744
UBFC_PHYS_s13_T2_ctrl,35,73,37.43333333333333,-0.7912300229072571,-0.41206365114293697
UBFC_PHYS_s13_T2_ctrl,35,74,37.46666666666667,-0.8094292283058167,-0.4114246325062107
UBFC_PHYS_s13_T2_ctrl,35,75,37.5,-0.8041931986808777,-0.4167538194457057
UBFC_PHYS_s13_T2_ctrl,35,76,37.53333333333333,-0.795645534992218,-0.4316877939265643
UBFC_PHYS_s13_T2_ctrl,35,77,37.56666666666667,-0.7891639471054077,-0.4574920173689728
UBFC_PHYS_s13_T2_ctrl,35,78,37.6,-0.7858259677886963,-0.4923998357819849
UBFC_PHYS_s13_T2_ctrl,35,79,37.63333333333333,-0.7904787063598633,-0.5312343869489609
UBFC_PHYS_s13_T2_ctrl,35,80,37.666666666666664,-0.8016723990440369,-0.5650792285147878
UBFC_PHYS_s13_T2_ctrl,35,81,37.7,-0.7951578497886658,-0.5814224816452481
UBFC_PHYS_s13_T2_ctrl,35,82,37.733333333333334,-0.7247006297111511,-0.5653092394768755
UBFC_PHYS_s13_T2_ctrl,35,83,37.766666666666666,-0.5532333850860596,-0.5016992309170063
UBFC_PHYS_s13_T2_ctrl,35,84,37.8,-0.2861536145210266,-0.37886718762392335
UBFC_PHYS_s13_T2_ctrl,35,85,37.833333333333336,0.03681548684835434,-0.19224836156808153
UBFC_PHYS_s13_T2_ctrl,35,86,37.86666666666667,0.3647141456604004,0.052434610683429875
UBFC_PHYS_s13_T2_ctrl,35,87,37.9,0.6406019330024719,0.3381978469582748
UBFC_PHYS_s13_T2_ctrl,35,88,37.93333333333333,0.8186067938804626,0.6389344587265209
UBFC_PHYS_s13_T2_ctrl,35,89,37.96666666666667,0.9025181531906128,0.9244380438031239
UBFC_PHYS_s13_T2_ctrl,35,90,38.0,0.9521631598472595,1.1667093138809326
UBFC_PHYS_s13_T2_ctrl,35,91,38.03333333333333,1.025352120399475,1.3452074927622677
UBFC_PHYS_s13_T2_ctrl,35,92,38.06666666666667,1.1225758790969849,1.4491796754993185
UBFC_PHYS_s13_T2_ctrl,35,93,38.1,1.224735975265503,1.4766868918439502
UBFC_PHYS_s13_T2_ctrl,35,94,38.13333333333333,1.3423008918762207,1.4316144138831632
UBFC_PHYS_s13_T2_ctrl,35,95,38.166666666666664,1.5099523067474365,1.3206875476006141
UBFC_PHYS_s13_T2_ctrl,35,96,38.2,1.7439321279525757,1.1518016899701065
UBFC_PHYS_s13_T2_ctrl,35,97,38.233333333333334,1.9707483053207397,0.9335878550146705
UBFC_PHYS_s13_T2_ctrl,35,98,38.266666666666666,2.0392580032348633,0.6752718890826038
UBFC_PHYS_s13_T2_ctrl,35,99,38.3,1.908812403678894,0.38617072552315507
UBFC_PHYS_s13_T2_ctrl,35,100,38.333333333333336,1.72221040725708,0.07525411872153542
UBFC_PHYS_s13_T2_ctrl,35,101,38.36666666666667,1.5985033512115479,-0.24823696473701398
UBFC_PHYS_s13_T2_ctrl,35,102,38.4,1.527953863143921,-0.5729231592061206
UBFC_PHYS_s13_T2_ctrl,35,103,38.43333333333333,1.4756101369857788,-0.8832390693548405
UBFC_PHYS_s13_T2_ctrl,35,104,38.46666666666667,1.442193865776062,-1.1587127421592416
UBFC_PHYS_s13_T2_ctrl,35,105,38.5,1.4224656820297241,-1.3755443248001156
UBFC_PHYS_s13_T2_ctrl,35,106,38.53333333333333,1.3638743162155151,-1.5104716669904257
UBFC_PHYS_s13_T2_ctrl,35,107,38.56666666666667,1.1857870817184448,-1.5459792786749005
UBFC_PHYS_s13_T2_ctrl,35,108,38.6,0.8389741778373718,-1.475345822749439
UBFC_PHYS_s13_T2_ctrl,35,109,38.63333333333333,0.3731464743614197,-1.3058976500778297
UBFC_PHYS_s13_T2_ctrl,35,110,38.666666666666664,-0.08566582947969437,-1.0591054057833347
UBFC_PHYS_s13_T2_ctrl,35,111,38.7,-0.3817068338394165,-0.7668456694909597
UBFC_PHYS_s13_T2_ctrl,35,112,38.733333333333334,-0.40323084592819214,-0.4642847879453175
UBFC_PHYS_s13_T2_ctrl,35,113,38.766666666666666,-0.13148510456085205,-0.18138297811178117
UBFC_PHYS_s13_T2_ctrl,35,114,38.8,0.29027965664863586,0.06364215316870589
UBFC_PHYS_s13_T2_ctrl,35,115,38.833333333333336,0.6804272532463074,0.26580203179354533
UBFC_PHYS_s13_T2_ctrl,35,116,38.86666666666667,0.9586842656135559,0.4291366400908286
UBFC_PHYS_s13_T2_ctrl,35,117,38.9,1.2227489948272705,0.559363172516952
UBFC_PHYS_s13_T2_ctrl,35,118,38.93333333333333,1.6060657501220703,0.6576366541698411
UBFC_PHYS_s13_T2_ctrl,35,119,38.96666666666667,2.0926365852355957,0.7188275600239665
UBFC_PHYS_s13_T2_ctrl,35,120,39.0,2.5617198944091797,0.7347550283103762
UBFC_PHYS_s13_T2_ctrl,35,121,39.03333333333333,3.022594928741455,0.6998474986911879
UBFC_PHYS_s13_T2_ctrl,35,122,39.06666666666667,3.6304540634155273,0.6157137630865638
UBFC_PHYS_s13_T2_ctrl,35,123,39.1,4.328001022338867,0.49225350870709583
UBFC_PHYS_s13_T2_ctrl,35,124,39.13333333333333,4.921213626861572,0.34512214315492007
UBFC_PHYS_s13_T2_ctrl,35,125,39.166666666666664,5.38114595413208,0.19123915785206572
UBFC_PHYS_s13_T2_ctrl,35,126,39.2,5.964555263519287,0.0446747110162509
UBFC_PHYS_s13_T2_ctrl,35,127,39.233333333333334,6.680462837219238,-0.08532907838746127
UBFC_PHYS_s13_T2_ctrl,35,128,39.266666666666666,7.274548530578613,-0.19369432166673387
UBFC_PHYS_s13_T2_ctrl,35,129,39.3,6.685307025909424,-0.277040547304969
UBFC_PHYS_s13_T2_ctrl,35,130,39.333333333333336,4.087118148803711,-0.33114731611973297
UBFC_PHYS_s13_T2_ctrl,35,131,39.36666666666667,0.31293392181396484,-0.34999794186301525
UBFC_PHYS_s13_T2_ctrl,35,132,39.4,-3.026235580444336,-0.3269794846005077
UBFC_PHYS_s13_T2_ctrl,35,133,39.43333333333333,-4.990407943725586,-0.2575250218118116
UBFC_PHYS_s13_T2_ctrl,35,134,39.46666666666667,-5.807721138000488,-0.1418269411162803
UBFC_PHYS_s13_T2_ctrl,35,135,39.5,-5.806601047515869,0.013621243036125646
UBFC_PHYS_s13_T2_ctrl,35,136,39.53333333333333,-5.420539379119873,0.19625889701805085
UBFC_PHYS_s13_T2_ctrl,35,137,39.56666666666667,-5.140087604522705,0.3892317064968527
UBFC_PHYS_s13_T2_ctrl,35,138,39.6,-5.011609077453613,0.5737994381170604
UBFC_PHYS_s13_T2_ctrl,35,139,39.63333333333333,-4.792032718658447,0.7314441384125432
UBFC_PHYS_s13_T2_ctrl,35,140,39.666666666666664,-4.479390621185303,0.845424780934526
UBFC_PHYS_s13_T2_ctrl,35,141,39.7,-4.293329238891602,0.9022313492953505
UBFC_PHYS_s13_T2_ctrl,35,142,39.733333333333334,-4.3784894943237305,0.8933980112897567
UBFC_PHYS_s13_T2_ctrl,35,143,39.766666666666666,-4.5941643714904785,0.8173925137260493
UBFC_PHYS_s13_T2_ctrl,35,144,39.8,-4.6500372886657715,0.6804374151934619
UBFC_PHYS_s13_T2_ctrl,35,145,39.833333333333336,-4.2710700035095215,0.4951667894502767
UBFC_PHYS_s13_T2_ctrl,35,146,39.86666666666667,-3.4945874214172363,0.2773084539331105
UBFC_PHYS_s13_T2_ctrl,35,147,39.9,-2.5806171894073486,0.04190974977354665
UBFC_PHYS_s13_T2_ctrl,35,148,39.93333333333333,-1.7344317436218262,-0.19924808466767846
UBFC_PHYS_s13_T2_ctrl,35,149,39.96666666666667,-1.0294111967086792,-0.4382627813740044
UBFC_PHYS_s13_T2_ctrl,35,150,40.0,-0.5316994786262512,-0.6699442140482811
UBFC_PHYS_s13_T2_ctrl,35,151,40.03333333333333,-0.21564364433288574,-0.8896609023321813
UBFC_PHYS_s13_T2_ctrl,35,152,40.06666666666667,0.05735096335411072,-1.0911260119617614
UBFC_PHYS_s13_T2_ctrl,35,153,40.1,0.3671097457408905,-1.264881235801213
UBFC_PHYS_s13_T2_ctrl,35,154,40.13333333333333,0.7154647707939148,-1.397983572374382
UBFC_PHYS_s13_T2_ctrl,35,155,40.166666666666664,1.0860950946807861,-1.4751289561411596
UBFC_PHYS_s13_T2_ctrl,35,156,40.2,1.4611871242523193,-1.4811512964235936
UBFC_PHYS_s13_T2_ctrl,35,157,40.233333333333334,1.813924789428711,-1.4045511606867984
UBFC_PHYS_s13_T2_ctrl,35,158,40.266666666666666,2.127756357192993,-1.2414087497560606
UBFC_PHYS_s13_T2_ctrl,35,159,40.3,2.3931918144226074,-0.9985599941741755
UBFC_PHYS_s13_T2_ctrl,35,160,40.333333333333336,2.5400540828704834,-0.6944413051485033
UBFC_PHYS_s13_T2_ctrl,35,161,40.36666666666667,2.441218852996826,-0.3563649936341944
UBFC_PHYS_s13_T2_ctrl,35,162,40.4,2.077409505844116,-0.01457508442285172
UBFC_PHYS_s13_T2_ctrl,35,163,40.43333333333333,1.6220340728759766,0.3047136974980754
UBFC_PHYS_s13_T2_ctrl,35,164,40.46666666666667,1.2802826166152954,0.5843278367732896
UBFC_PHYS_s13_T2_ctrl,35,165,40.5,1.1265432834625244,0.8171439258456085
UBFC_PHYS_s13_T2_ctrl,35,166,40.53333333333333,1.1234854459762573,1.0031815251938982
UBFC_PHYS_s13_T2_ctrl,35,167,40.56666666666667,1.1638479232788086,1.1448570251487669
UBFC_PHYS_s13_T2_ctrl,35,168,40.6,1.1230932474136353,1.2430655114918419
UBFC_PHYS_s13_T2_ctrl,35,169,40.63333333333333,0.9326919913291931,1.2958386990195987
UBFC_PHYS_s13_T2_ctrl,35,170,40.666666666666664,0.626205325126648,1.2996627506347438
UBFC_PHYS_s13_T2_ctrl,35,171,40.7,0.2914263606071472,1.2522034341722605
UBFC_PHYS_s13_T2_ctrl,35,172,40.733333333333334,0.008223334327340126,1.1548638900496184
UBFC_PHYS_s13_T2_ctrl,35,173,40.766666666666666,-0.16650283336639404,1.014067242954096
UBFC_PHYS_s13_T2_ctrl,35,174,40.8,-0.2077813744544983,0.8408502294630884
UBFC_PHYS_s13_T2_ctrl,35,175,40.833333333333336,-0.14226029813289642,0.6490401276676153
UBFC_PHYS_s13_T2_ctrl,35,176,40.86666666666667,-0.037200525403022766,0.4528372587531418
UBFC_PHYS_s13_T2_ctrl,35,177,40.9,0.03547105938196182,0.26473893228104906
UBFC_PHYS_s13_T2_ctrl,35,178,40.93333333333333,0.03973830118775368,0.09431175757710482
UBFC_PHYS_s13_T2_ctrl,35,179,40.96666666666667,-0.008608372882008553,-0.05225229724767154
UBFC_PHYS_s13_T2_ctrl,35,180,41.0,-0.06668566912412643,-0.17211670172397453
UBFC_PHYS_s13_T2_ctrl,35,181,41.03333333333333,-0.11631416529417038,-0.26552413948582776
UBFC_PHYS_s13_T2_ctrl,35,182,41.06666666666667,-0.18401335179805756,-0.3352280788655109
UBFC_PHYS_s13_T2_ctrl,35,183,41.1,-0.2839392423629761,-0.3855473502676703
UBFC_PHYS_s13_T2_ctrl,35,184,41.13333333333333,-0.3805732727050781,-0.42120528902667376
UBFC_PHYS_s13_T2_ctrl,35,185,41.166666666666664,-0.4444764256477356,-0.44635176215163097
UBFC_PHYS_s13_T2_ctrl,35,186,41.2,-0.5135299563407898,-0.4640870980434728
UBFC_PHYS_s13_T2_ctrl,35,187,41.233333333333334,-0.6334475874900818,-0.476515461565768
UBFC_PHYS_s13_T2_ctrl,35,188,41.266666666666666,-0.7685691714286804,-0.48512815998524095
UBFC_PHYS_s13_T2_ctrl,35,189,41.3,-0.8606196641921997,-0.49129835834850366
UBFC_PHYS_s13_T2_ctrl,35,190,41.333333333333336,-0.9413380026817322,-0.4968087602919904
UBFC_PHYS_s13_T2_ctrl,35,191,41.36666666666667,-1.091037392616272,-0.5044115667512927
UBFC_PHYS_s13_T2_ctrl,35,192,41.4,-1.3466500043869019,-0.5182725717355966
UBFC_PHYS_s13_T2_ctrl,35,193,41.43333333333333,-1.6090044975280762,-0.5438801188438189
UBFC_PHYS_s13_T2_ctrl,35,194,41.46666666666667,-1.6217139959335327,-0.5868637909054834
UBFC_PHYS_s13_T2_ctrl,35,195,41.5,-1.2328778505325317,-0.6504052787691373
UBFC_PHYS_s13_T2_ctrl,35,196,41.53333333333333,-0.6562172174453735,-0.7315953040317442
UBFC_PHYS_s13_T2_ctrl,35,197,41.56666666666667,-0.23886467516422272,-0.8179752992183293
UBFC_PHYS_s13_T2_ctrl,35,198,41.6,-0.10452735424041748,-0.8861509991450197
UBFC_PHYS_s13_T2_ctrl,35,199,41.63333333333333,-0.22214171290397644,-0.9042513989624731
UBFC_PHYS_s13_T2_ctrl,35,200,41.666666666666664,-0.5035423040390015,-0.8388810834689517
UBFC_PHYS_s13_T2_ctrl,35,201,41.7,-0.8211567401885986,-0.6653959536316646
UBFC_PHYS_s13_T2_ctrl,35,202,41.733333333333334,-1.1121001243591309,-0.37848989823585744
UBFC_PHYS_s13_T2_ctrl,35,203,41.766666666666666,-1.4272266626358032,0.0011021544991178453
UBFC_PHYS_s13_T2_ctrl,35,204,41.8,-1.8338764905929565,0.4277015911029658
UBFC_PHYS_s13_T2_ctrl,35,205,41.833333333333336,-2.2372114658355713,0.8408952273087984
UBFC_PHYS_s13_T2_ctrl,35,206,41.86666666666667,-2.333137035369873,1.181749732658829
UBFC_PHYS_s13_T2_ctrl,35,207,41.9,-1.953708529472351,1.4085689839765696
UBFC_PHYS_s13_T2_ctrl,35,208,41.93333333333333,-1.3467652797698975,1.505989261484259
UBFC_PHYS_s13_T2_ctrl,35,209,41.96666666666667,-0.8128529191017151,1.4846700641610522
UBFC_PHYS_s13_T2_ctrl,35,210,42.0,-0.3662656843662262,1.373211412975222
UBFC_PHYS_s13_T2_ctrl,35,211,42.03333333333333,-0.002772634383291006,1.2067401017431407
UBFC_PHYS_s13_T2_ctrl,35,212,42.06666666666667,0.182949498295784,1.016632166270272
UBFC_PHYS_s13_T2_ctrl,35,213,42.1,0.2616809010505676,0.8240277499052299
UBFC_PHYS_s13_T2_ctrl,35,214,42.13333333333333,0.3980744183063507,0.6378131706248144
UBFC_PHYS_s13_T2_ctrl,35,215,42.166666666666664,0.5511414408683777,0.45634433800093005
UBFC_PHYS_s13_T2_ctrl,35,216,42.2,0.5388801097869873,0.2714755519537693
UBFC_PHYS_s13_T2_ctrl,35,217,42.233333333333334,0.3652314841747284,0.07346506471533802
UBFC_PHYS_s13_T2_ctrl,35,218,42.266666666666666,0.24342897534370422,-0.14418098596929346
UBFC_PHYS_s13_T2_ctrl,35,219,42.3,0.26798784732818604,-0.38050779466839146
UBFC_PHYS_s13_T2_ctrl,35,220,42.333333333333336,0.3303653299808502,-0.6242909904403972
UBFC_PHYS_s13_T2_ctrl,35,221,42.36666666666667,0.35888829827308655,-0.8536391299875856
UBFC_PHYS_s13_T2_ctrl,35,222,42.4,0.37241825461387634,-1.03892489127683
UBFC_PHYS_s13_T2_ctrl,35,223,42.43333333333333,0.37053340673446655,-1.1491516209519228
UBFC_PHYS_s13_T2_ctrl,35,224,42.46666666666667,0.3233005106449127,-1.1605659779591555
UBFC_PHYS_s13_T2_ctrl,35,225,42.5,0.23136207461357117,-1.0649449418990868
UBFC_PHYS_s13_T2_ctrl,35,226,42.53333333333333,0.1253598928451538,-0.8742190598691476
UBFC_PHYS_s13_T2_ctrl,35,227,42.56666666666667,0.019011707976460457,-0.6188299186314707
UBFC_PHYS_s13_T2_ctrl,35,228,42.6,-0.08811742812395096,-0.3396852683689078
UBFC_PHYS_s13_T2_ctrl,35,229,42.63333333333333,-0.16673679649829865,-0.07667234853150737
UBFC_PHYS_s13_T2_ctrl,35,230,42.666666666666664,-0.1755414754152298,0.14137512636971417
UBFC_PHYS_s13_T2_ctrl,35,231,42.7,-0.12419949471950531,0.30114626591904453
UBFC_PHYS_s13_T2_ctrl,35,232,42.733333333333334,-0.06667578220367432,0.40303335433352794
UBFC_PHYS_s13_T2_ctrl,35,233,42.766666666666666,-0.027479788288474083,0.45562527202583664
UBFC_PHYS_s13_T2_ctrl,35,234,42.8,0.014800485223531723,0.4699417103364007
UBFC_PHYS_s13_T2_ctrl,35,235,42.833333333333336,0.06319329142570496,0.45556672310347157
UBFC_PHYS_s13_T2_ctrl,35,236,42.86666666666667,0.0928102433681488,0.41917075577730495
UBFC_PHYS_s13_T2_ctrl,35,237,42.9,0.09807591885328293,0.3648093288364784
UBFC_PHYS_s13_T2_ctrl,35,238,42.93333333333333,0.096579909324646,0.29505539443090373
UBFC_PHYS_s13_T2_ctrl,35,239,42.96666666666667,0.09644480794668198,0.2122050813452723
UBFC_PHYS_s13_T2_ctrl,36,0,36.0,-0.8021667003631592,-0.04600775642351504
UBFC_PHYS_s13_T2_ctrl,36,1,36.03333333333333,-0.8003411889076233,-0.2106452082342179
UBFC_PHYS_s13_T2_ctrl,36,2,36.06666666666667,-0.6444633603096008,-0.37886610414272626
UBFC_PHYS_s13_T2_ctrl,36,3,36.1,-0.3888145089149475,-0.5514442734349779
UBFC_PHYS_s13_T2_ctrl,36,4,36.13333333333333,-0.1941855251789093,-0.72652563801038
UBFC_PHYS_s13_T2_ctrl,36,5,36.166666666666664,-0.1344837099313736,-0.8992286995817848
UBFC_PHYS_s13_T2_ctrl,36,6,36.2,-0.15764214098453522,-1.061270042316358
UBFC_PHYS_s13_T2_ctrl,36,7,36.233333333333334,-0.19778713583946228,-1.2004728713480506
UBFC_PHYS_s13_T2_ctrl,36,8,36.266666666666666,-0.22465921938419342,-1.3008969097217364
UBFC_PHYS_s13_T2_ctrl,36,9,36.3,-0.22958879172801971,-1.3447958110509148
UBFC_PHYS_s13_T2_ctrl,36,10,36.333333333333336,-0.22432640194892883,-1.3169863340992347
UBFC_PHYS_s13_T2_ctrl,36,11,36.36666666666667,-0.23369786143302917,-1.2105872124564498
UBFC_PHYS_s13_T2_ctrl,36,12,36.4,-0.2719876766204834,-1.031401680354059
UBFC_PHYS_s13_T2_ctrl,36,13,36.43333333333333,-0.3301111161708832,-0.798031597524949
UBFC_PHYS_s13_T2_ctrl,36,14,36.46666666666667,-0.38757550716400146,-0.5368383407820225
UBFC_PHYS_s13_T2_ctrl,36,15,36.5,-0.42760518193244934,-0.2738100223285189
UBFC_PHYS_s13_T2_ctrl,36,16,36.53333333333333,-0.43918439745903015,-0.02722675565096566
UBFC_PHYS_s13_T2_ctrl,36,17,36.56666666666667,-0.41973304748535156,0.19545853699765386
UBFC_PHYS_s13_T2_ctrl,36,18,36.6,-0.37495502829551697,0.39562852867273585
UBFC_PHYS_s13_T2_ctrl,36,19,36.63333333333333,-0.3154410421848297,0.5782598056519387
UBFC_PHYS_s13_T2_ctrl,36,20,36.666666666666664,-0.24691477417945862,0.7464794448799111
UBFC_PHYS_s13_T2_ctrl,36,21,36.7,-0.16784396767616272,0.8983308687858462
UBFC_PHYS_s13_T2_ctrl,36,22,36.733333333333334,-0.07727304100990295,1.026542576282157
UBFC_PHYS_s13_T2_ctrl,36,23,36.766666666666666,0.01854049786925316,1.120616634638542
UBFC_PHYS_s13_T2_ctrl,36,24,36.8,0.10961229354143143,1.1699505099128826
UBFC_PHYS_s13_T2_ctrl,36,25,36.833333333333336,0.190057173371315,1.166851842282633
UBFC_PHYS_s13_T2_ctrl,36,26,36.86666666666667,0.259941041469574,1.1087024945230899
UBFC_PHYS_s13_T2_ctrl,36,27,36.9,0.3241770267486572,0.9989000860616071
UBFC_PHYS_s13_T2_ctrl,36,28,36.93333333333333,0.38980352878570557,0.8464905330000276
UBFC_PHYS_s13_T2_ctrl,36,29,36.96666666666667,0.4629463255405426,0.6646320000970912
UBFC_PHYS_s13_T2_ctrl,36,30,37.0,0.5465117692947388,0.4682481868514851
UBFC_PHYS_s13_T2_ctrl,36,31,37.03333333333333,0.6418771147727966,0.27143226301324325
UBFC_PHYS_s13_T2_ctrl,36,32,37.06666666666667,0.7482286095619202,0.08527868562657016
UBFC_PHYS_s13_T2_ctrl,36,33,37.1,0.8590812683105469,-0.0832685108371279
UBFC_PHYS_s13_T2_ctrl,36,34,37.13333333333333,0.9541863799095154,-0.2312955425670767
UBFC_PHYS_s13_T2_ctrl,36,35,37.166666666666664,0.9954451322555542,-0.35870743127789834
UBFC_PHYS_s13_T2_ctrl,36,36,37.2,0.9372459053993225,-0.46644576412987826
UBFC_PHYS_s13_T2_ctrl,36,37,37.233333333333334,0.7497345209121704,-0.5547863501230953
UBFC_PHYS_s13_T2_ctrl,36,38,37.266666666666666,0.4421176016330719,-0.622274539491876
UBFC_PHYS_s13_T2_ctrl,36,39,37.3,0.0728481262922287,-0.6656120650097376
UBFC_PHYS_s13_T2_ctrl,36,40,37.333333333333336,-0.27853187918663025,-0.6805162593594517
UBFC_PHYS_s13_T2_ctrl,36,41,37.36666666666667,-0.5496020913124084,-0.6633086833650477
UBFC_PHYS_s13_T2_ctrl,36,42,37.4,-0.7159948348999023,-0.6127895294374363
UBFC_PHYS_s13_T2_ctrl,36,43,37.43333333333333,-0.7912300229072571,-0.5318061717694581
UBFC_PHYS_s13_T2_ctrl,36,44,37.46666666666667,-0.8094292283058167,-0.4278848105000089
UBFC_PHYS_s13_T2_ctrl,36,45,37.5,-0.8041931986808777,-0.31255344185141165
UBFC_PHYS_s13_T2_ctrl,36,46,37.53333333333333,-0.795645534992218,-0.19954755862325307
UBFC_PHYS_s13_T2_ctrl,36,47,37.56666666666667,-0.7891639471054077,-0.10252224715422369
UBFC_PHYS_s13_T2_ctrl,36,48,37.6,-0.7858259677886963,-0.03284515183185582
UBFC_PHYS_s13_T2_ctrl,36,49,37.63333333333333,-0.7904787063598633,0.002258063151655911
UBFC_PHYS_s13_T2_ctrl,36,50,37.666666666666664,-0.8016723990440369,0.0011060746946431974
UBFC_PHYS_s13_T2_ctrl,36,51,37.7,-0.7951578497886658,-0.0316124222042651
UBFC_PHYS_s13_T2_ctrl,36,52,37.733333333333334,-0.7247006297111511,-0.08481586978223372
UBFC_PHYS_s13_T2_ctrl,36,53,37.766666666666666,-0.5532333850860596,-0.14212074907684993
UBFC_PHYS_s13_T2_ctrl,36,54,37.8,-0.2861536145210266,-0.18430631621789398
UBFC_PHYS_s13_T2_ctrl,36,55,37.833333333333336,0.03681548684835434,-0.19304795660433935
UBFC_PHYS_s13_T2_ctrl,36,56,37.86666666666667,0.3647141456604004,-0.15517269923782803
UBFC_PHYS_s13_T2_ctrl,36,57,37.9,0.6406019330024719,-0.06622454721556653
UBFC_PHYS_s13_T2_ctrl,36,58,37.93333333333333,0.8186067938804626,0.0677773423776223
UBFC_PHYS_s13_T2_ctrl,36,59,37.96666666666667,0.9025181531906128,0.23099335728853518
UBFC_PHYS_s13_T2_ctrl,36,60,38.0,0.9521631598472595,0.4008143484612281
UBFC_PHYS_s13_T2_ctrl,36,61,38.03333333333333,1.025352120399475,0.5526147443671573
UBFC_PHYS_s13_T2_ctrl,36,62,38.06666666666667,1.1225758790969849,0.664893749962939
UBFC_PHYS_s13_T2_ctrl,36,63,38.1,1.224735975265503,0.7233762400681317
UBFC_PHYS_s13_T2_ctrl,36,64,38.13333333333333,1.3423008918762207,0.7232135485267742
UBFC_PHYS_s13_T2_ctrl,36,65,38.166666666666664,1.5099523067474365,0.6690584787565099
UBFC_PHYS_s13_T2_ctrl,36,66,38.2,1.7439321279525757,0.572994586292495
UBFC_PHYS_s13_T2_ctrl,36,67,38.233333333333334,1.9707483053207397,0.45054740068785126
UBFC_PHYS_s13_T2_ctrl,36,68,38.266666666666666,2.0392580032348633,0.3157588115182111
UBFC_PHYS_s13_T2_ctrl,36,69,38.3,1.908812403678894,0.17705152140374222
UBFC_PHYS_s13_T2_ctrl,36,70,38.333333333333336,1.72221040725708,0.035600991584604794
UBFC_PHYS_s13_T2_ctrl,36,71,38.36666666666667,1.5985033512115479,-0.11293894899359587
UBFC_PHYS_s13_T2_ctrl,36,72,38.4,1.527953863143921,-0.27385513635364983
UBFC_PHYS_s13_T2_ctrl,36,73,38.43333333333333,1.4756101369857788,-0.44768196021127493
UBFC_PHYS_s13_T2_ctrl,36,74,38.46666666666667,1.442193865776062,-0.6257505773948527
UBFC_PHYS_s13_T2_ctrl,36,75,38.5,1.4224656820297241,-0.7890323234399028
UBFC_PHYS_s13_T2_ctrl,36,76,38.53333333333333,1.3638743162155151,-0.9111939392542164
UBFC_PHYS_s13_T2_ctrl,36,77,38.56666666666667,1.1857870817184448,-0.9652826110877754
UBFC_PHYS_s13_T2_ctrl,36,78,38.6,0.8389741778373718,-0.932112393172697
UBFC_PHYS_s13_T2_ctrl,36,79,38.63333333333333,0.3731464743614197,-0.8074831966222265
UBFC_PHYS_s13_T2_ctrl,36,80,38.666666666666664,-0.08566582947969437,-0.605157875651653
UBFC_PHYS_s13_T2_ctrl,36,81,38.7,-0.3817068338394165,-0.3537062358856156
UBFC_PHYS_s13_T2_ctrl,36,82,38.733333333333334,-0.40323084592819214,-0.0879607572145253
UBFC_PHYS_s13_T2_ctrl,36,83,38.766666666666666,-0.13148510456085205,0.1613701583093096
UBFC_PHYS_s13_T2_ctrl,36,84,38.8,0.29027965664863586,0.3751793514534771
UBFC_PHYS_s13_T2_ctrl,36,85,38.833333333333336,0.6804272532463074,0.5472805916474687
UBFC_PHYS_s13_T2_ctrl,36,86,38.86666666666667,0.9586842656135559,0.6799819478422027
UBFC_PHYS_s13_T2_ctrl,36,87,38.9,1.2227489948272705,0.7774681628403713
UBFC_PHYS_s13_T2_ctrl,36,88,38.93333333333333,1.6060657501220703,0.8409034639267379
UBFC_PHYS_s13_T2_ctrl,36,89,38.96666666666667,2.0926365852355957,0.867212685207079
UBFC_PHYS_s13_T2_ctrl,36,90,39.0,2.5617198944091797,0.851088342736703
UBFC_PHYS_s13_T2_ctrl,36,91,39.03333333333333,3.022594928741455,0.788282348833064
UBFC_PHYS_s13_T2_ctrl,36,92,39.06666666666667,3.6304540634155273,0.6781791046382887
UBFC_PHYS_s13_T2_ctrl,36,93,39.1,4.328001022338867,0.5246139622487913
UBFC_PHYS_s13_T2_ctrl,36,94,39.13333333333333,4.921213626861572,0.3350828524625728
UBFC_PHYS_s13_T2_ctrl,36,95,39.166666666666664,5.38114595413208,0.119246302699753
UBFC_PHYS_s13_T2_ctrl,36,96,39.2,5.964555263519287,-0.11228191964854266
UBFC_PHYS_s13_T2_ctrl,36,97,39.233333333333334,6.680462837219238,-0.34825479035954765
UBFC_PHYS_s13_T2_ctrl,36,98,39.266666666666666,7.274548530578613,-0.5761529859922089
UBFC_PHYS_s13_T2_ctrl,36,99,39.3,6.685307025909424,-0.7811231394256026
UBFC_PHYS_s13_T2_ctrl,36,100,39.333333333333336,4.087118148803711,-0.9455650534266945
UBFC_PHYS_s13_T2_ctrl,36,101,39.36666666666667,0.31293392181396484,-1.0504786430508468
UBFC_PHYS_s13_T2_ctrl,36,102,39.4,-3.026235580444336,-1.0789427106618321
UBFC_PHYS_s13_T2_ctrl,36,103,39.43333333333333,-4.990407943725586,-1.0208640395886845
UBFC_PHYS_s13_T2_ctrl,36,104,39.46666666666667,-5.807721138000488,-0.8770689810842912
UBFC_PHYS_s13_T2_ctrl,36,105,39.5,-5.806601047515869,-0.6606183235063278
UBFC_PHYS_s13_T2_ctrl,36,106,39.53333333333333,-5.420539379119873,-0.39425128226347367
UBFC_PHYS_s13_T2_ctrl,36,107,39.56666666666667,-5.140087604522705,-0.10476441711453592
UBFC_PHYS_s13_T2_ctrl,36,108,39.6,-5.011609077453613,0.18309155945853584
UBFC_PHYS_s13_T2_ctrl,36,109,39.63333333333333,-4.792032718658447,0.45033411672045814
UBFC_PHYS_s13_T2_ctrl,36,110,39.666666666666664,-4.479390621185303,0.6839267851107216
UBFC_PHYS_s13_T2_ctrl,36,111,39.7,-4.293329238891602,0.8745553470680574
UBFC_PHYS_s13_T2_ctrl,36,112,39.733333333333334,-4.3784894943237305,1.0143020286651228
UBFC_PHYS_s13_T2_ctrl,36,113,39.766666666666666,-4.5941643714904785,1.0959899218563152
UBFC_PHYS_s13_T2_ctrl,36,114,39.8,-4.6500372886657715,1.1143780480045773
UBFC_PHYS_s13_T2_ctrl,36,115,39.833333333333336,-4.2710700035095215,1.0680110716909739
UBFC_PHYS_s13_T2_ctrl,36,116,39.86666666666667,-3.4945874214172363,0.9603173726550661
UBFC_PHYS_s13_T2_ctrl,36,117,39.9,-2.5806171894073486,0.7992908201664821
UBFC_PHYS_s13_T2_ctrl,36,118,39.93333333333333,-1.7344317436218262,0.5960008392800251
UBFC_PHYS_s13_T2_ctrl,36,119,39.96666666666667,-1.0294111967086792,0.3626902927359379
UBFC_PHYS_s13_T2_ctrl,36,120,40.0,-0.5316994786262512,0.11119500029598485
UBFC_PHYS_s13_T2_ctrl,36,121,40.03333333333333,-0.21564364433288574,-0.14786358288999557
UBFC_PHYS_s13_T2_ctrl,36,122,40.06666666666667,0.05735096335411072,-0.40490101372359616
UBFC_PHYS_s13_T2_ctrl,36,123,40.1,0.3671097457408905,-0.6502736962838808
UBFC_PHYS_s13_T2_ctrl,36,124,40.13333333333333,0.7154647707939148,-0.872775306219621
UBFC_PHYS_s13_T2_ctrl,36,125,40.166666666666664,1.0860950946807861,-1.058673405073691
UBFC_PHYS_s13_T2_ctrl,36,126,40.2,1.4611871242523193,-1.1923227769333844
UBFC_PHYS_s13_T2_ctrl,36,127,40.233333333333334,1.813924789428711,-1.2588714832086456
UBFC_PHYS_s13_T2_ctrl,36,128,40.266666666666666,2.127756357192993,-1.24847513697115
UBFC_PHYS_s13_T2_ctrl,36,129,40.3,2.3931918144226074,-1.160204313984346
UBFC_PHYS_s13_T2_ctrl,36,130,40.333333333333336,2.5400540828704834,-1.0032883580749454
UBFC_PHYS_s13_T2_ctrl,36,131,40.36666666666667,2.441218852996826,-0.7944376280101955
UBFC_PHYS_s13_T2_ctrl,36,132,40.4,2.077409505844116,-0.5525503781203214
UBFC_PHYS_s13_T2_ctrl,36,133,40.43333333333333,1.6220340728759766,-0.293996396787375
UBFC_PHYS_s13_T2_ctrl,36,134,40.46666666666667,1.2802826166152954,-0.03106648826102313
UBFC_PHYS_s13_T2_ctrl,36,135,40.5,1.1265432834625244,0.22619221787119714
UBFC_PHYS_s13_T2_ctrl,36,136,40.53333333333333,1.1234854459762573,0.46674598078692836
UBFC_PHYS_s13_T2_ctrl,36,137,40.56666666666667,1.1638479232788086,0.676641888707917
UBFC_PHYS_s13_T2_ctrl,36,138,40.6,1.1230932474136353,0.839986770549495
UBFC_PHYS_s13_T2_ctrl,36,139,40.63333333333333,0.9326919913291931,0.9424961042545809
UBFC_PHYS_s13_T2_ctrl,36,140,40.666666666666664,0.626205325126648,0.9757621490558902
UBFC_PHYS_s13_T2_ctrl,36,141,40.7,0.2914263606071472,0.9401841332926694
UBFC_PHYS_s13_T2_ctrl,36,142,40.733333333333334,0.008223334327340126,0.8455403367677908
UBFC_PHYS_s13_T2_ctrl,36,143,40.766666666666666,-0.16650283336639404,0.7093778195258255
UBFC_PHYS_s13_T2_ctrl,36,144,40.8,-0.2077813744544983,0.5538241950394971
UBFC_PHYS_s13_T2_ctrl,36,145,40.833333333333336,-0.14226029813289642,0.401397530473746
UBFC_PHYS_s13_T2_ctrl,36,146,40.86666666666667,-0.037200525403022766,0.27055942315831527
UBFC_PHYS_s13_T2_ctrl,36,147,40.9,0.03547105938196182,0.1720961227927811
UBFC_PHYS_s13_T2_ctrl,36,148,40.93333333333333,0.03973830118775368,0.10749390471065112
UBFC_PHYS_s13_T2_ctrl,36,149,40.96666666666667,-0.008608372882008553,0.06994360584229074
UBFC_PHYS_s13_T2_ctrl,36,150,41.0,-0.06668566912412643,0.04754730817390906
UBFC_PHYS_s13_T2_ctrl,36,151,41.03333333333333,-0.11631416529417038,0.02742454485093635
UBFC_PHYS_s13_T2_ctrl,36,152,41.06666666666667,-0.18401335179805756,-0.0006640110896491518
UBFC_PHYS_s13_T2_ctrl,36,153,41.1,-0.2839392423629761,-0.04204432835193249
UBFC_PHYS_s13_T2_ctrl,36,154,41.13333333333333,-0.3805732727050781,-0.09648945816737692
UBFC_PHYS_s13_T2_ctrl,36,155,41.166666666666664,-0.4444764256477356,-0.15906543536047635
UBFC_PHYS_s13_T2_ctrl,36,156,41.2,-0.5135299563407898,-0.22205478272095824
UBFC_PHYS_s13_T2_ctrl,36,157,41.233333333333334,-0.6334475874900818,-0.2774027115210855
UBFC_PHYS_s13_T2_ctrl,36,158,41.266666666666666,-0.7685691714286804,-0.31906069009638843
UBFC_PHYS_s13_T2_ctrl,36,159,41.3,-0.8606196641921997,-0.3446453840688455
UBFC_PHYS_s13_T2_ctrl,36,160,41.333333333333336,-0.9413380026817322,-0.35603033677273843
UBFC_PHYS_s13_T2_ctrl,36,161,41.36666666666667,-1.091037392616272,-0.3588038661348445
UBFC_PHYS_s13_T2_ctrl,36,162,41.4,-1.3466500043869019,-0.36084157651618665
UBFC_PHYS_s13_T2_ctrl,36,163,41.43333333333333,-1.6090044975280762,-0.3703894889870888
UBFC_PHYS_s13_T2_ctrl,36,164,41.46666666666667,-1.6217139959335327,-0.3939571109071525
UBFC_PHYS_s13_T2_ctrl,36,165,41.5,-1.2328778505325317,-0.43409961685531356
UBFC_PHYS_s13_T2_ctrl,36,166,41.53333333333333,-0.6562172174453735,-0.4871045121067959
UBFC_PHYS_s13_T2_ctrl,36,167,41.56666666666667,-0.23886467516422272,-0.5410211696006682
UBFC_PHYS_s13_T2_ctrl,36,168,41.6,-0.10452735424041748,-0.5752818556184592
UBFC_PHYS_s13_T2_ctrl,36,169,41.63333333333333,-0.22214171290397644,-0.5635283261193496
UBFC_PHYS_s13_T2_ctrl,36,170,41.666666666666664,-0.5035423040390015,-0.4804012461830078
UBFC_PHYS_s13_T2_ctrl,36,171,41.7,-0.8211567401885986,-0.31105656058010606
UBFC_PHYS_s13_T2_ctrl,36,172,41.733333333333334,-1.1121001243591309,-0.05995731457555041
UBFC_PHYS_s13_T2_ctrl,36,173,41.766666666666666,-1.4272266626358032,0.24556245345364894
UBFC_PHYS_s13_T2_ctrl,36,174,41.8,-1.8338764905929565,0.5601877498999578
UBFC_PHYS_s13_T2_ctrl,36,175,41.833333333333336,-2.2372114658355713,0.8333543413171833
UBFC_PHYS_s13_T2_ctrl,36,176,41.86666666666667,-2.333137035369873,1.024483249373155
UBFC_PHYS_s13_T2_ctrl,36,177,41.9,-1.953708529472351,1.1135797181072729
UBFC_PHYS_s13_T2_ctrl,36,178,41.93333333333333,-1.3467652797698975,1.1032178615969437
UBFC_PHYS_s13_T2_ctrl,36,179,41.96666666666667,-0.8128529191017151,1.0129894349921604
UBFC_PHYS_s13_T2_ctrl,36,180,42.0,-0.3662656843662262,0.870369532438833
UBFC_PHYS_s13_T2_ctrl,36,181,42.03333333333333,-0.002772634383291006,0.701942236687004
UBFC_PHYS_s13_T2_ctrl,36,182,42.06666666666667,0.182949498295784,0.5273987017061049
UBFC_PHYS_s13_T2_ctrl,36,183,42.1,0.2616809010505676,0.35700278023617704
UBFC_PHYS_s13_T2_ctrl,36,184,42.13333333333333,0.3980744183063507,0.19209993359687555
UBFC_PHYS_s13_T2_ctrl,36,185,42.166666666666664,0.5511414408683777,0.027762618124766908
UBFC_PHYS_s13_T2_ctrl,36,186,42.2,0.5388801097869873,-0.14347619302197145
UBFC_PHYS_s13_T2_ctrl,36,187,42.233333333333334,0.3652314841747284,-0.32775849241886046
UBFC_PHYS_s13_T2_ctrl,36,188,42.266666666666666,0.24342897534370422,-0.5265867591042557
UBFC_PHYS_s13_T2_ctrl,36,189,42.3,0.26798784732818604,-0.7344549830318012
UBFC_PHYS_s13_T2_ctrl,36,190,42.333333333333336,0.3303653299808502,-0.9376976884925776
UBFC_PHYS_s13_T2_ctrl,36,191,42.36666666666667,0.35888829827308655,-1.1149136213529172
UBFC_PHYS_s13_T2_ctrl,36,192,42.4,0.37241825461387634,-1.2394589515733911
UBFC_PHYS_s13_T2_ctrl,36,193,42.43333333333333,0.37053340673446655,-1.2843614520095126
UBFC_PHYS_s13_T2_ctrl,36,194,42.46666666666667,0.3233005106449127,-1.229312809658519
UBFC_PHYS_s13_T2_ctrl,36,195,42.5,0.23136207461357117,-1.0681922538578879
UBFC_PHYS_s13_T2_ctrl,36,196,42.53333333333333,0.1253598928451538,-0.8143512599561206
UBFC_PHYS_s13_T2_ctrl,36,197,42.56666666666667,0.019011707976460457,-0.5005353770911043
UBFC_PHYS_s13_T2_ctrl,36,198,42.6,-0.08811742812395096,-0.17166460689983656
UBFC_PHYS_s13_T2_ctrl,36,199,42.63333333333333,-0.16673679649829865,0.12802246282348106
UBFC_PHYS_s13_T2_ctrl,36,200,42.666666666666664,-0.1755414754152298,0.36810633633758627
UBFC_PHYS_s13_T2_ctrl,36,201,42.7,-0.12419949471950531,0.5389967788581383
UBFC_PHYS_s13_T2_ctrl,36,202,42.733333333333334,-0.06667578220367432,0.6499034055009401
UBFC_PHYS_s13_T2_ctrl,36,203,42.766666666666666,-0.027479788288474083,0.720006325561577
UBFC_PHYS_s13_T2_ctrl,36,204,42.8,0.014800485223531723,0.7679423926898177
UBFC_PHYS_s13_T2_ctrl,36,205,42.833333333333336,0.06319329142570496,0.8043455301630508
UBFC_PHYS_s13_T2_ctrl,36,206,42.86666666666667,0.0928102433681488,0.8297120626380994
UBFC_PHYS_s13_T2_ctrl,36,207,42.9,0.09807591885328293,0.8370174941876354
UBFC_PHYS_s13_T2_ctrl,36,208,42.93333333333333,0.096579909324646,0.8167201846002319
UBFC_PHYS_s13_T2_ctrl,36,209,42.96666666666667,0.09644480794668198,0.761563677634237
UBFC_PHYS_s13_T2_ctrl,36,210,43.0,0.09375595301389694,0.6695723630155592
UBFC_PHYS_s13_T2_ctrl,36,211,43.03333333333333,0.08720187097787857,0.544923469393464
UBFC_PHYS_s13_T2_ctrl,36,212,43.06666666666667,0.07134223729372025,0.39716684007242764
UBFC_PHYS_s13_T2_ctrl,36,213,43.1,0.03647937998175621,0.23938977105917136
UBFC_PHYS_s13_T2_ctrl,36,214,43.13333333333333,-0.009880307130515575,0.08572100231974437
UBFC_PHYS_s13_T2_ctrl,36,215,43.166666666666664,-0.04556365683674812,-0.05147353373463145
UBFC_PHYS_s13_T2_ctrl,36,216,43.2,-0.05695834010839462,-0.16405520913817745
UBFC_PHYS_s13_T2_ctrl,36,217,43.233333333333334,-0.032363224774599075,-0.2494175938058368
UBFC_PHYS_s13_T2_ctrl,36,218,43.266666666666666,0.048770349472761154,-0.3101901527551316
UBFC_PHYS_s13_T2_ctrl,36,219,43.3,0.1796807050704956,-0.35255252904950585
UBFC_PHYS_s13_T2_ctrl,36,220,43.333333333333336,0.31024834513664246,-0.38380724520271137
UBFC_PHYS_s13_T2_ctrl,36,221,43.36666666666667,0.39491763710975647,-0.4099362559448761
UBFC_PHYS_s13_T2_ctrl,36,222,43.4,0.42818233370780945,-0.4337109887549172
UBFC_PHYS_s13_T2_ctrl,36,223,43.43333333333333,0.44269755482673645,-0.4537414331072827
UBFC_PHYS_s13_T2_ctrl,36,224,43.46666666666667,0.5023993849754333,-0.46473816761239284
UBFC_PHYS_s13_T2_ctrl,36,225,43.5,0.6615294814109802,-0.45909505416101404
UBFC_PHYS_s13_T2_ctrl,36,226,43.53333333333333,0.8805262446403503,-0.4295382761473026
UBFC_PHYS_s13_T2_ctrl,36,227,43.56666666666667,1.0495188236236572,-0.37210130583346235
UBFC_PHYS_s13_T2_ctrl,36,228,43.6,1.1435562372207642,-0.2883304679816202
UBFC_PHYS_s13_T2_ctrl,36,229,43.63333333333333,1.2005988359451294,-0.18572479103898384
UBFC_PHYS_s13_T2_ctrl,36,230,43.666666666666664,1.1968456506729126,-0.07608544224859089
UBFC_PHYS_s13_T2_ctrl,36,231,43.7,1.1056058406829834,0.027606931320409943
UBFC_PHYS_s13_T2_ctrl,36,232,43.733333333333334,1.0080457925796509,0.11447308624940102
UBFC_PHYS_s13_T2_ctrl,36,233,43.766666666666666,0.9951320886611938,0.1778609965529426
UBFC_PHYS_s13_T2_ctrl,36,234,43.8,1.0541616678237915,0.21574196371316023
UBFC_PHYS_s13_T2_ctrl,36,235,43.833333333333336,1.1421129703521729,0.22971550445308875
UBFC_PHYS_s13_T2_ctrl,36,236,43.86666666666667,1.2226533889770508,0.2234352775430015
UBFC_PHYS_s13_T2_ctrl,36,237,43.9,1.2225908041000366,0.20119981031419068
UBFC_PHYS_s13_T2_ctrl,36,238,43.93333333333333,1.086747646331787,0.1670887551846786
UBFC_PHYS_s13_T2_ctrl,36,239,43.96666666666667,0.8631343245506287,0.12467967502381555
UBFC_PHYS_s13_T2_ctrl,37,0,37.0,0.5465117692947388,0.10058683133415174
UBFC_PHYS_s13_T2_ctrl,37,1,37.03333333333333,0.6418771147727966,0.03908272968149975
UBFC_PHYS_s13_T2_ctrl,37,2,37.06666666666667,0.7482286095619202,-0.012279386983671627
UBFC_PHYS_s13_T2_ctrl,37,3,37.1,0.8590812683105469,-0.044495751187072614
UBFC_PHYS_s13_T2_ctrl,37,4,37.13333333333333,0.9541863799095154,-0.05267093134168301
UBFC_PHYS_s13_T2_ctrl,37,5,37.166666666666664,0.9954451322555542,-0.037126825574634224
UBFC_PHYS_s13_T2_ctrl,37,6,37.2,0.9372459053993225,-0.00305141315080065
UBFC_PHYS_s13_T2_ctrl,37,7,37.233333333333334,0.7497345209121704,0.041242272258024106
UBFC_PHYS_s13_T2_ctrl,37,8,37.266666666666666,0.4421176016330719,0.08665454082947192
UBFC_PHYS_s13_T2_ctrl,37,9,37.3,0.0728481262922287,0.12520402252187765
UBFC_PHYS_s13_T2_ctrl,37,10,37.333333333333336,-0.27853187918663025,0.15081914310512362
UBFC_PHYS_s13_T2_ctrl,37,11,37.36666666666667,-0.5496020913124084,0.15902843494952731
UBFC_PHYS_s13_T2_ctrl,37,12,37.4,-0.7159948348999023,0.14619163516608524
UBFC_PHYS_s13_T2_ctrl,37,13,37.43333333333333,-0.7912300229072571,0.10915919969093231
UBFC_PHYS_s13_T2_ctrl,37,14,37.46666666666667,-0.8094292283058167,0.045941294735220566
UBFC_PHYS_s13_T2_ctrl,37,15,37.5,-0.8041931986808777,-0.04287624179129688
UBFC_PHYS_s13_T2_ctrl,37,16,37.53333333333333,-0.795645534992218,-0.1531301520062833
UBFC_PHYS_s13_T2_ctrl,37,17,37.56666666666667,-0.7891639471054077,-0.2775651529537273
UBFC_PHYS_s13_T2_ctrl,37,18,37.6,-0.7858259677886963,-0.40749581591031964
UBFC_PHYS_s13_T2_ctrl,37,19,37.63333333333333,-0.7904787063598633,-0.5340924860774227
UBFC_PHYS_s13_T2_ctrl,37,20,37.666666666666664,-0.8016723990440369,-0.6480615570353495
UBFC_PHYS_s13_T2_ctrl,37,21,37.7,-0.7951578497886658,-0.7380177672329233
UBFC_PHYS_s13_T2_ctrl,37,22,37.733333333333334,-0.7247006297111511,-0.789257977818257
UBFC_PHYS_s13_T2_ctrl,37,23,37.766666666666666,-0.5532333850860596,-0.7848635249327726
UBFC_PHYS_s13_T2_ctrl,37,24,37.8,-0.2861536145210266,-0.7098037300754253
UBFC_PHYS_s13_T2_ctrl,37,25,37.833333333333336,0.03681548684835434,-0.5567741335660328
UBFC_PHYS_s13_T2_ctrl,37,26,37.86666666666667,0.3647141456604004,-0.33111919769814485
UBFC_PHYS_s13_T2_ctrl,37,27,37.9,0.6406019330024719,-0.05227200840963231
UBFC_PHYS_s13_T2_ctrl,37,28,37.93333333333333,0.8186067938804626,0.24926895394130327
UBFC_PHYS_s13_T2_ctrl,37,29,37.96666666666667,0.9025181531906128,0.5383945244932365
UBFC_PHYS_s13_T2_ctrl,37,30,38.0,0.9521631598472595,0.7829881462239897
UBFC_PHYS_s13_T2_ctrl,37,31,38.03333333333333,1.025352120399475,0.9601672086192552
UBFC_PHYS_s13_T2_ctrl,37,32,38.06666666666667,1.1225758790969849,1.05926159820294
UBFC_PHYS_s13_T2_ctrl,37,33,38.1,1.224735975265503,1.0810301304803869
UBFC_PHYS_s13_T2_ctrl,37,34,38.13333333333333,1.3423008918762207,1.0343628778054013
UBFC_PHYS_s13_T2_ctrl,37,35,38.166666666666664,1.5099523067474365,0.9325437185748814
UBFC_PHYS_s13_T2_ctrl,37,36,38.2,1.7439321279525757,0.7903566992720591
UBFC_PHYS_s13_T2_ctrl,37,37,38.233333333333334,1.9707483053207397,0.6219762779258372
UBFC_PHYS_s13_T2_ctrl,37,38,38.266666666666666,2.0392580032348633,0.43907232642995775
UBFC_PHYS_s13_T2_ctrl,37,39,38.3,1.908812403678894,0.24905073583517504
UBFC_PHYS_s13_T2_ctrl,37,40,38.333333333333336,1.72221040725708,0.054160312504319755
UBFC_PHYS_s13_T2_ctrl,37,41,38.36666666666667,1.5985033512115479,-0.1474759890630028
UBFC_PHYS_s13_T2_ctrl,37,42,38.4,1.527953863143921,-0.3584311438873823
UBFC_PHYS_s13_T2_ctrl,37,43,38.43333333333333,1.4756101369857788,-0.5768686758468368
UBFC_PHYS_s13_T2_ctrl,37,44,38.46666666666667,1.442193865776062,-0.7916257548033138
UBFC_PHYS_s13_T2_ctrl,37,45,38.5,1.4224656820297241,-0.9798734866518249
UBFC_PHYS_s13_T2_ctrl,37,46,38.53333333333333,1.3638743162155151,-1.1093278665517685
UBFC_PHYS_s13_T2_ctrl,37,47,38.56666666666667,1.1857870817184448,-1.1456116185810874
UBFC_PHYS_s13_T2_ctrl,37,48,38.6,0.8389741778373718,-1.0633268853299036
UBFC_PHYS_s13_T2_ctrl,37,49,38.63333333333333,0.3731464743614197,-0.857237699366775
UBFC_PHYS_s13_T2_ctrl,37,50,38.666666666666664,-0.08566582947969437,-0.5486699104277046
UBFC_PHYS_s13_T2_ctrl,37,51,38.7,-0.3817068338394165,-0.1832074328109449
UBFC_PHYS_s13_T2_ctrl,37,52,38.733333333333334,-0.40323084592819214,0.18063422168320867
UBFC_PHYS_s13_T2_ctrl,37,53,38.766666666666666,-0.13148510456085205,0.48763879291075973
UBFC_PHYS_s13_T2_ctrl,37,54,38.8,0.29027965664863586,0.7002834294893591
UBFC_PHYS_s13_T2_ctrl,37,55,38.833333333333336,0.6804272532463074,0.8055750025881359
UBFC_PHYS_s13_T2_ctrl,37,56,38.86666666666667,0.9586842656135559,0.8129066034357172
UBFC_PHYS_s13_T2_ctrl,37,57,38.9,1.2227489948272705,0.7459198410625035
UBFC_PHYS_s13_T2_ctrl,37,58,38.93333333333333,1.6060657501220703,0.6329025751735492
UBFC_PHYS_s13_T2_ctrl,37,59,38.96666666666667,2.0926365852355957,0.4990407891524901
UBFC_PHYS_s13_T2_ctrl,37,60,39.0,2.5617198944091797,0.36173584750868526
UBFC_PHYS_s13_T2_ctrl,37,61,39.03333333333333,3.022594928741455,0.22884906075307732
UBFC_PHYS_s13_T2_ctrl,37,62,39.06666666666667,3.6304540634155273,0.09964013406732572
UBFC_PHYS_s13_T2_ctrl,37,63,39.1,4.328001022338867,-0.03175001970376893
UBFC_PHYS_s13_T2_ctrl,37,64,39.13333333333333,4.921213626861572,-0.1711827048970724
UBFC_PHYS_s13_T2_ctrl,37,65,39.166666666666664,5.38114595413208,-0.3196858757169305
UBFC_PHYS_s13_T2_ctrl,37,66,39.2,5.964555263519287,-0.47092020445099025
UBFC_PHYS_s13_T2_ctrl,37,67,39.233333333333334,6.680462837219238,-0.6118461349446429
UBFC_PHYS_s13_T2_ctrl,37,68,39.266666666666666,7.274548530578613,-0.72577651789271
UBFC_PHYS_s13_T2_ctrl,37,69,39.3,6.685307025909424,-0.7960633425312139
UBFC_PHYS_s13_T2_ctrl,37,70,39.333333333333336,4.087118148803711,-0.8092401833338041
UBFC_PHYS_s13_T2_ctrl,37,71,39.36666666666667,0.31293392181396484,-0.7574894973523365
UBFC_PHYS_s13_T2_ctrl,37,72,39.4,-3.026235580444336,-0.640543472720912
UBFC_PHYS_s13_T2_ctrl,37,73,39.43333333333333,-4.990407943725586,-0.46662293099596447
UBFC_PHYS_s13_T2_ctrl,37,74,39.46666666666667,-5.807721138000488,-0.25158850175313197
UBFC_PHYS_s13_T2_ctrl,37,75,39.5,-5.806601047515869,-0.015777017217009404
UBFC_PHYS_s13_T2_ctrl,37,76,39.53333333333333,-5.420539379119873,0.22087088977442687
UBFC_PHYS_s13_T2_ctrl,37,77,39.56666666666667,-5.140087604522705,0.4434378938313082
UBFC_PHYS_s13_T2_ctrl,37,78,39.6,-5.011609077453613,0.6439268414767173
UBFC_PHYS_s13_T2_ctrl,37,79,39.63333333333333,-4.792032718658447,0.8191626787965579
UBFC_PHYS_s13_T2_ctrl,37,80,39.666666666666664,-4.479390621185303,0.9661146026726368
UBFC_PHYS_s13_T2_ctrl,37,81,39.7,-4.293329238891602,1.0780065985837886
UBFC_PHYS_s13_T2_ctrl,37,82,39.733333333333334,-4.3784894943237305,1.1439803493763117
UBFC_PHYS_s13_T2_ctrl,37,83,39.766666666666666,-4.5941643714904785,1.1525823672073414
UBFC_PHYS_s13_T2_ctrl,37,84,39.8,-4.6500372886657715,1.0968971359467057
UBFC_PHYS_s13_T2_ctrl,37,85,39.833333333333336,-4.2710700035095215,0.9782307976765048
UBFC_PHYS_s13_T2_ctrl,37,86,39.86666666666667,-3.4945874214172363,0.8062747735688184
UBFC_PHYS_s13_T2_ctrl,37,87,39.9,-2.5806171894073486,0.5957367897965141
UBFC_PHYS_s13_T2_ctrl,37,88,39.93333333333333,-1.7344317436218262,0.3611843455806375
UBFC_PHYS_s13_T2_ctrl,37,89,39.96666666666667,-1.0294111967086792,0.11254677828741556
UBFC_PHYS_s13_T2_ctrl,37,90,40.0,-0.5316994786262512,-0.14672600263596478
UBFC_PHYS_s13_T2_ctrl,37,91,40.03333333333333,-0.21564364433288574,-0.4180260313627253
UBFC_PHYS_s13_T2_ctrl,37,92,40.06666666666667,0.05735096335411072,-0.7029766645579
UBFC_PHYS_s13_T2_ctrl,37,93,40.1,0.3671097457408905,-0.9974597789131466
UBFC_PHYS_s13_T2_ctrl,37,94,40.13333333333333,0.7154647707939148,-1.2865529395084487
UBFC_PHYS_s13_T2_ctrl,37,95,40.166666666666664,1.0860950946807861,-1.5426912885950939
UBFC_PHYS_s13_T2_ctrl,37,96,40.2,1.4611871242523193,-1.7286762064812307
UBFC_PHYS_s13_T2_ctrl,37,97,40.233333333333334,1.813924789428711,-1.8057202048791026
UBFC_PHYS_s13_T2_ctrl,37,98,40.266666666666666,2.127756357192993,-1.7447800482848694
UBFC_PHYS_s13_T2_ctrl,37,99,40.3,2.3931918144226074,-1.537545981131509
UBFC_PHYS_s13_T2_ctrl,37,100,40.333333333333336,2.5400540828704834,-1.2025108344885997
UBFC_PHYS_s13_T2_ctrl,37,101,40.36666666666667,2.441218852996826,-0.7825699201977454
UBFC_PHYS_s13_T2_ctrl,37,102,40.4,2.077409505844116,-0.33385936594511206
UBFC_PHYS_s13_T2_ctrl,37,103,40.43333333333333,1.6220340728759766,0.09022040922110335
UBFC_PHYS_s13_T2_ctrl,37,104,40.46666666666667,1.2802826166152954,0.45289440952792703
UBFC_PHYS_s13_T2_ctrl,37,105,40.5,1.1265432834625244,0.7396038224305839
UBFC_PHYS_s13_T2_ctrl,37,106,40.53333333333333,1.1234854459762573,0.9537337446489753
UBFC_PHYS_s13_T2_ctrl,37,107,40.56666666666667,1.1638479232788086,1.1063237140500066
UBFC_PHYS_s13_T2_ctrl,37,108,40.6,1.1230932474136353,1.2061037215155064
UBFC_PHYS_s13_T2_ctrl,37,109,40.63333333333333,0.9326919913291931,1.2548280647096006
UBFC_PHYS_s13_T2_ctrl,37,110,40.666666666666664,0.626205325126648,1.249048595929886
UBFC_PHYS_s13_T2_ctrl,37,111,40.7,0.2914263606071472,1.1857607401374008
UBFC_PHYS_s13_T2_ctrl,37,112,40.733333333333334,0.008223334327340126,1.06787485235058
UBFC_PHYS_s13_T2_ctrl,37,113,40.766666666666666,-0.16650283336639404,0.9064304677769848
UBFC_PHYS_s13_T2_ctrl,37,114,40.8,-0.2077813744544983,0.7187664749135377
UBFC_PHYS_s13_T2_ctrl,37,115,40.833333333333336,-0.14226029813289642,0.5240267543507245
UBFC_PHYS_s13_T2_ctrl,37,116,40.86666666666667,-0.037200525403022766,0.3383637618524121
UBFC_PHYS_s13_T2_ctrl,37,117,40.9,0.03547105938196182,0.17189631252144064
UBFC_PHYS_s13_T2_ctrl,37,118,40.93333333333333,0.03973830118775368,0.028375724178399855
UBFC_PHYS_s13_T2_ctrl,37,119,40.96666666666667,-0.008608372882008553,-0.09281512176725155
UBFC_PHYS_s13_T2_ctrl,37,120,41.0,-0.06668566912412643,-0.19370667132936922
UBFC_PHYS_s13_T2_ctrl,37,121,41.03333333333333,-0.11631416529417038,-0.27539170116507405
UBFC_PHYS_s13_T2_ctrl,37,122,41.06666666666667,-0.18401335179805756,-0.33715720014643386
UBFC_PHYS_s13_T2_ctrl,37,123,41.1,-0.2839392423629761,-0.37706187634926
UBFC_PHYS_s13_T2_ctrl,37,124,41.13333333333333,-0.3805732727050781,-0.39340525760927686
UBFC_PHYS_s13_T2_ctrl,37,125,41.166666666666664,-0.4444764256477356,-0.38640803003240215
UBFC_PHYS_s13_T2_ctrl,37,126,41.2,-0.5135299563407898,-0.35943843161794714
UBFC_PHYS_s13_T2_ctrl,37,127,41.233333333333334,-0.6334475874900818,-0.31927418768069926
UBFC_PHYS_s13_T2_ctrl,37,128,41.266666666666666,-0.7685691714286804,-0.27524345173414994
UBFC_PHYS_s13_T2_ctrl,37,129,41.3,-0.8606196641921997,-0.23752770032105064
UBFC_PHYS_s13_T2_ctrl,37,130,41.333333333333336,-0.9413380026817322,-0.21523806533912468
UBFC_PHYS_s13_T2_ctrl,37,131,41.36666666666667,-1.091037392616272,-0.21494030136158096
UBFC_PHYS_s13_T2_ctrl,37,132,41.4,-1.3466500043869019,-0.24006350554205969
UBFC_PHYS_s13_T2_ctrl,37,133,41.43333333333333,-1.6090044975280762,-0.29120141143842343
UBFC_PHYS_s13_T2_ctrl,37,134,41.46666666666667,-1.6217139959335327,-0.36686850464714715
UBFC_PHYS_s13_T2_ctrl,37,135,41.5,-1.2328778505325317,-0.463908390106137
UBFC_PHYS_s13_T2_ctrl,37,136,41.53333333333333,-0.6562172174453735,-0.5766586056998722
UBFC_PHYS_s13_T2_ctrl,37,137,41.56666666666667,-0.23886467516422272,-0.6945272604137398
UBFC_PHYS_s13_T2_ctrl,37,138,41.6,-0.10452735424041748,-0.7989153405450686
UBFC_PHYS_s13_T2_ctrl,37,139,41.63333333333333,-0.22214171290397644,-0.86182776522425
UBFC_PHYS_s13_T2_ctrl,37,140,41.666666666666664,-0.5035423040390015,-0.848993719985331
UBFC_PHYS_s13_T2_ctrl,37,141,41.7,-0.8211567401885986,-0.7287848281675903
UBFC_PHYS_s13_T2_ctrl,37,142,41.733333333333334,-1.1121001243591309,-0.4847829867969787
UBFC_PHYS_s13_T2_ctrl,37,143,41.766666666666666,-1.4272266626358032,-0.12658439062956092
UBFC_PHYS_s13_T2_ctrl,37,144,41.8,-1.8338764905929565,0.3071937709993398
UBFC_PHYS_s13_T2_ctrl,37,145,41.833333333333336,-2.2372114658355713,0.7566546956256001
UBFC_PHYS_s13_T2_ctrl,37,146,41.86666666666667,-2.333137035369873,1.156546999647103
UBFC_PHYS_s13_T2_ctrl,37,147,41.9,-1.953708529472351,1.4535467805951476
UBFC_PHYS_s13_T2_ctrl,37,148,41.93333333333333,-1.3467652797698975,1.618014590724204
UBFC_PHYS_s13_T2_ctrl,37,149,41.96666666666667,-0.8128529191017151,1.6468173513197932
UBFC_PHYS_s13_T2_ctrl,37,150,42.0,-0.3662656843662262,1.5581337091570968
UBFC_PHYS_s13_T2_ctrl,37,151,42.03333333333333,-0.002772634383291006,1.3819819384834666
UBFC_PHYS_s13_T2_ctrl,37,152,42.06666666666667,0.182949498295784,1.1505102717309295
UBFC_PHYS_s13_T2_ctrl,37,153,42.1,0.2616809010505676,0.8906973215198616
UBFC_PHYS_s13_T2_ctrl,37,154,42.13333333333333,0.3980744183063507,0.6204594882573956
UBFC_PHYS_s13_T2_ctrl,37,155,42.166666666666664,0.5511414408683777,0.34793559784596084
UBFC_PHYS_s13_T2_ctrl,37,156,42.2,0.5388801097869873,0.07308148567185091
UBFC_PHYS_s13_T2_ctrl,37,157,42.233333333333334,0.3652314841747284,-0.20922269590644177
UBFC_PHYS_s13_T2_ctrl,37,158,42.266666666666666,0.24342897534370422,-0.5048356117572462
UBFC_PHYS_s13_T2_ctrl,37,159,42.3,0.26798784732818604,-0.8149681773920662
UBFC_PHYS_s13_T2_ctrl,37,160,42.333333333333336,0.3303653299808502,-1.130730740919295
UBFC_PHYS_s13_T2_ctrl,37,161,42.36666666666667,0.35888829827308655,-1.42964557024167
UBFC_PHYS_s13_T2_ctrl,37,162,42.4,0.37241825461387634,-1.6764145883179733
UBFC_PHYS_s13_T2_ctrl,37,163,42.43333333333333,0.37053340673446655,-1.8292590928805013
UBFC_PHYS_s13_T2_ctrl,37,164,42.46666666666667,0.3233005106449127,-1.851112531299942
UBFC_PHYS_s13_T2_ctrl,37,165,42.5,0.23136207461357117,-1.7224613758966558
UBFC_PHYS_s13_T2_ctrl,37,166,42.53333333333333,0.1253598928451538,-1.4507631166489907
UBFC_PHYS_s13_T2_ctrl,37,167,42.56666666666667,0.019011707976460457,-1.0714670019072599
UBFC_PHYS_s13_T2_ctrl,37,168,42.6,-0.08811742812395096,-0.6385230690166124
UBFC_PHYS_s13_T2_ctrl,37,169,42.63333333333333,-0.16673679649829865,-0.2073930203498628
UBFC_PHYS_s13_T2_ctrl,37,170,42.666666666666664,-0.1755414754152298,0.18148821131553197
UBFC_PHYS_s13_T2_ctrl,37,171,42.7,-0.12419949471950531,0.5104059381688738
UBFC_PHYS_s13_T2_ctrl,37,172,42.733333333333334,-0.06667578220367432,0.7804740232217039
UBFC_PHYS_s13_T2_ctrl,37,173,42.766666666666666,-0.027479788288474083,1.0004939157761847
UBFC_PHYS_s13_T2_ctrl,37,174,42.8,0.014800485223531723,1.1758812272933252
UBFC_PHYS_s13_T2_ctrl,37,175,42.833333333333336,0.06319329142570496,1.3032374406339235
UBFC_PHYS_s13_T2_ctrl,37,176,42.86666666666667,0.0928102433681488,1.3720876508398334
UBFC_PHYS_s13_T2_ctrl,37,177,42.9,0.09807591885328293,1.371411160395212
UBFC_PHYS_s13_T2_ctrl,37,178,42.93333333333333,0.096579909324646,1.2966158591959602
UBFC_PHYS_s13_T2_ctrl,37,179,42.96666666666667,0.09644480794668198,1.1531536848656512
UBFC_PHYS_s13_T2_ctrl,37,180,43.0,0.09375595301389694,0.9554089698150946
UBFC_PHYS_s13_T2_ctrl,37,181,43.03333333333333,0.08720187097787857,0.7222319595489188
UBFC_PHYS_s13_T2_ctrl,37,182,43.06666666666667,0.07134223729372025,0.4719783889803427
UBFC_PHYS_s13_T2_ctrl,37,183,43.1,0.03647937998175621,0.21954088445517184
UBFC_PHYS_s13_T2_ctrl,37,184,43.13333333333333,-0.009880307130515575,-0.023890778551515467
UBFC_PHYS_s13_T2_ctrl,37,185,43.166666666666664,-0.04556365683674812,-0.24935692547263325
UBFC_PHYS_s13_T2_ctrl,37,186,43.2,-0.05695834010839462,-0.44855760183652216
UBFC_PHYS_s13_T2_ctrl,37,187,43.233333333333334,-0.032363224774599075,-0.6132659659307697
UBFC_PHYS_s13_T2_ctrl,37,188,43.266666666666666,0.048770349472761154,-0.7358719833139621
UBFC_PHYS_s13_T2_ctrl,37,189,43.3,0.1796807050704956,-0.8105784578398205
UBFC_PHYS_s13_T2_ctrl,37,190,43.333333333333336,0.31024834513664246,-0.8347149648637203
UBFC_PHYS_s13_T2_ctrl,37,191,43.36666666666667,0.39491763710975647,-0.8097242512848934
UBFC_PHYS_s13_T2_ctrl,37,192,43.4,0.42818233370780945,-0.7412831963492488
UBFC_PHYS_s13_T2_ctrl,37,193,43.43333333333333,0.44269755482673645,-0.6382227759812084
UBFC_PHYS_s13_T2_ctrl,37,194,43.46666666666667,0.5023993849754333,-0.510699132708383
UBFC_PHYS_s13_T2_ctrl,37,195,43.5,0.6615294814109802,-0.36862220570176235
UBFC_PHYS_s13_T2_ctrl,37,196,43.53333333333333,0.8805262446403503,-0.22095365559684854
UBFC_PHYS_s13_T2_ctrl,37,197,43.56666666666667,1.0495188236236572,-0.07571279294340665
UBFC_PHYS_s13_T2_ctrl,37,198,43.6,1.1435562372207642,0.05979222731996562
UBFC_PHYS_s13_T2_ctrl,37,199,43.63333333333333,1.2005988359451294,0.17889433366107638
UBFC_PHYS_s13_T2_ctrl,37,200,43.666666666666664,1.1968456506729126,0.2758884982085358
UBFC_PHYS_s13_T2_ctrl,37,201,43.7,1.1056058406829834,0.34677207724923675
UBFC_PHYS_s13_T2_ctrl,37,202,43.733333333333334,1.0080457925796509,0.39011805118375686
UBFC_PHYS_s13_T2_ctrl,37,203,43.766666666666666,0.9951320886611938,0.40752429132632584
UBFC_PHYS_s13_T2_ctrl,37,204,43.8,1.0541616678237915,0.40311102741753924
UBFC_PHYS_s13_T2_ctrl,37,205,43.833333333333336,1.1421129703521729,0.38203335580014564
UBFC_PHYS_s13_T2_ctrl,37,206,43.86666666666667,1.2226533889770508,0.3487247173651649
UBFC_PHYS_s13_T2_ctrl,37,207,43.9,1.2225908041000366,0.3058634939915924
UBFC_PHYS_s13_T2_ctrl,37,208,43.93333333333333,1.086747646331787,0.25445694943928804
UBFC_PHYS_s13_T2_ctrl,37,209,43.96666666666667,0.8631343245506287,0.19461090213006982
UBFC_PHYS_s13_T2_ctrl,37,210,44.0,0.6430930495262146,0.12629260578021345
UBFC_PHYS_s13_T2_ctrl,37,211,44.03333333333333,0.4349110722541809,0.04968465082605606
UBFC_PHYS_s13_T2_ctrl,37,212,44.06666666666667,0.19061405956745148,-0.03483896717648187
UBFC_PHYS_s13_T2_ctrl,37,213,44.1,-0.0662408247590065,-0.1267487698572715
UBFC_PHYS_s13_T2_ctrl,37,214,44.13333333333333,-0.26606297492980957,-0.22494333814300949
UBFC_PHYS_s13_T2_ctrl,37,215,44.166666666666664,-0.4153142273426056,-0.3266947807552521
UBFC_PHYS_s13_T2_ctrl,37,216,44.2,-0.603537380695343,-0.42635051403324065
UBFC_PHYS_s13_T2_ctrl,37,217,44.233333333333334,-0.8955121636390686,-0.51462846705875
UBFC_PHYS_s13_T2_ctrl,37,218,44.266666666666666,-1.219594955444336,-0.5792624105612426
UBFC_PHYS_s13_T2_ctrl,37,219,44.3,-1.3604402542114258,-0.607221632158488
UBFC_PHYS_s13_T2_ctrl,37,220,44.333333333333336,-1.2161219120025635,-0.5880640024811844
UBFC_PHYS_s13_T2_ctrl,37,221,44.36666666666667,-0.9562354683876038,-0.5174607636630454
UBFC_PHYS_s13_T2_ctrl,37,222,44.4,-0.7859346866607666,-0.3997003108094407
UBFC_PHYS_s13_T2_ctrl,37,223,44.43333333333333,-0.6887997984886169,-0.24801278453423226
UBFC_PHYS_s13_T2_ctrl,37,224,44.46666666666667,-0.5997216105461121,-0.08195236091935736
UBFC_PHYS_s13_T2_ctrl,37,225,44.5,-0.5909135937690735,0.0777645925606921
UBFC_PHYS_s13_T2_ctrl,37,226,44.53333333333333,-0.7120208144187927,0.21487971756515192
UBFC_PHYS_s13_T2_ctrl,37,227,44.56666666666667,-0.8364430069923401,0.32095329449927873
UBFC_PHYS_s13_T2_ctrl,37,228,44.6,-0.8460385203361511,0.3951676324602519
UBFC_PHYS_s13_T2_ctrl,37,229,44.63333333333333,-0.7837236523628235,0.44142472292148555
UBFC_PHYS_s13_T2_ctrl,37,230,44.666666666666664,-0.7782437801361084,0.4646916925638794
UBFC_PHYS_s13_T2_ctrl,37,231,44.7,-0.9152469038963318,0.46840009483871115
UBFC_PHYS_s13_T2_ctrl,37,232,44.733333333333334,-1.201356291770935,0.4539010838305385
UBFC_PHYS_s13_T2_ctrl,37,233,44.766666666666666,-1.5719108581542969,0.4218441057192615
UBFC_PHYS_s13_T2_ctrl,37,234,44.8,-1.8783316612243652,0.3742383191457827
UBFC_PHYS_s13_T2_ctrl,37,235,44.833333333333336,-2.0864081382751465,0.3155803545250105
UBFC_PHYS_s13_T2_ctrl,37,236,44.86666666666667,-2.2508633136749268,0.2521579204148741
UBFC_PHYS_s13_T2_ctrl,37,237,44.9,-2.4235663414001465,0.18990643566884907
UBFC_PHYS_s13_T2_ctrl,37,238,44.93333333333333,-2.519366502761841,0.13213052173090487
UBFC_PHYS_s13_T2_ctrl,37,239,44.96666666666667,-2.494415521621704,0.0785346303771179
UBFC_PHYS_s13_T2_ctrl,38,0,38.0,0.9521631598472595,0.1342332375809326
UBFC_PHYS_s13_T2_ctrl,38,1,38.03333333333333,1.025352120399475,0.19133109910185553
UBFC_PHYS_s13_T2_ctrl,38,2,38.06666666666667,1.1225758790969849,0.235547030355451
UBFC_PHYS_s13_T2_ctrl,38,3,38.1,1.224735975265503,0.2596960985069473
UBFC_PHYS_s13_T2_ctrl,38,4,38.13333333333333,1.3423008918762207,0.2602101205215981
UBFC_PHYS_s13_T2_ctrl,38,5,38.166666666666664,1.5099523067474365,0.23799001236403963
UBFC_PHYS_s13_T2_ctrl,38,6,38.2,1.7439321279525757,0.19823413819920022
UBFC_PHYS_s13_T2_ctrl,38,7,38.233333333333334,1.9707483053207397,0.14884767612456534
UBFC_PHYS_s13_T2_ctrl,38,8,38.266666666666666,2.0392580032348633,0.09739925388103883
UBFC_PHYS_s13_T2_ctrl,38,9,38.3,1.908812403678894,0.047452081884683944
UBFC_PHYS_s13_T2_ctrl,38,10,38.333333333333336,1.72221040725708,-0.004017730772327643
UBFC_PHYS_s13_T2_ctrl,38,11,38.36666666666667,1.5985033512115479,-0.06634208540536332
UBFC_PHYS_s13_T2_ctrl,38,12,38.4,1.527953863143921,-0.1514250290862551
UBFC_PHYS_s13_T2_ctrl,38,13,38.43333333333333,1.4756101369857788,-0.26767792575231847
UBFC_PHYS_s13_T2_ctrl,38,14,38.46666666666667,1.442193865776062,-0.41397539268164824
UBFC_PHYS_s13_T2_ctrl,38,15,38.5,1.4224656820297241,-0.5761783653946282
UBFC_PHYS_s13_T2_ctrl,38,16,38.53333333333333,1.3638743162155151,-0.7279735962420072
UBFC_PHYS_s13_T2_ctrl,38,17,38.56666666666667,1.1857870817184448,-0.8364278119433857
UBFC_PHYS_s13_T2_ctrl,38,18,38.6,0.8389741778373718,-0.8711687121609969
UBFC_PHYS_s13_T2_ctrl,38,19,38.63333333333333,0.3731464743614197,-0.8145297280313251
UBFC_PHYS_s13_T2_ctrl,38,20,38.666666666666664,-0.08566582947969437,-0.6687221509672648
UBFC_PHYS_s13_T2_ctrl,38,21,38.7,-0.3817068338394165,-0.45640219005052707
UBFC_PHYS_s13_T2_ctrl,38,22,38.733333333333334,-0.40323084592819214,-0.21359820793858575
UBFC_PHYS_s13_T2_ctrl,38,23,38.766666666666666,-0.13148510456085205,0.022315864683857267
UBFC_PHYS_s13_T2_ctrl,38,24,38.8,0.29027965664863586,0.22421825119838756
UBFC_PHYS_s13_T2_ctrl,38,25,38.833333333333336,0.6804272532463074,0.3811683542165575
UBFC_PHYS_s13_T2_ctrl,38,26,38.86666666666667,0.9586842656135559,0.4966247315012392
UBFC_PHYS_s13_T2_ctrl,38,27,38.9,1.2227489948272705,0.5810378875036064
UBFC_PHYS_s13_T2_ctrl,38,28,38.93333333333333,1.6060657501220703,0.6433587288356247
UBFC_PHYS_s13_T2_ctrl,38,29,38.96666666666667,2.0926365852355957,0.6857084548931555
UBFC_PHYS_s13_T2_ctrl,38,30,39.0,2.5617198944091797,0.7029838482745482
UBFC_PHYS_s13_T2_ctrl,38,31,39.03333333333333,3.022594928741455,0.686299240416809
UBFC_PHYS_s13_T2_ctrl,38,32,39.06666666666667,3.6304540634155273,0.6276225932913125
UBFC_PHYS_s13_T2_ctrl,38,33,39.1,4.328001022338867,0.5232576252059847
UBFC_PHYS_s13_T2_ctrl,38,34,39.13333333333333,4.921213626861572,0.3753043621742573
UBFC_PHYS_s13_T2_ctrl,38,35,39.166666666666664,5.38114595413208,0.19155581872103583
UBFC_PHYS_s13_T2_ctrl,38,36,39.2,5.964555263519287,-0.015421243784874082
UBFC_PHYS_s13_T2_ctrl,38,37,39.233333333333334,6.680462837219238,-0.22952021282871893
UBFC_PHYS_s13_T2_ctrl,38,38,39.266666666666666,7.274548530578613,-0.4322265901625254
UBFC_PHYS_s13_T2_ctrl,38,39,39.3,6.685307025909424,-0.603479877155934
UBFC_PHYS_s13_T2_ctrl,38,40,39.333333333333336,4.087118148803711,-0.722802112771346
UBFC_PHYS_s13_T2_ctrl,38,41,39.36666666666667,0.31293392181396484,-0.771591702549132
UBFC_PHYS_s13_T2_ctrl,38,42,39.4,-3.026235580444336,-0.7367837689156633
UBFC_PHYS_s13_T2_ctrl,38,43,39.43333333333333,-4.990407943725586,-0.614856549811484
UBFC_PHYS_s13_T2_ctrl,38,44,39.46666666666667,-5.807721138000488,-0.4144381022224915
UBFC_PHYS_s13_T2_ctrl,38,45,39.5,-5.806601047515869,-0.1560759650034791
UBFC_PHYS_s13_T2_ctrl,38,46,39.53333333333333,-5.420539379119873,0.1310712954649194
UBFC_PHYS_s13_T2_ctrl,38,47,39.56666666666667,-5.140087604522705,0.4145588574940059
UBFC_PHYS_s13_T2_ctrl,38,48,39.6,-5.011609077453613,0.6643002616754372
UBFC_PHYS_s13_T2_ctrl,38,49,39.63333333333333,-4.792032718658447,0.8570105907304358
UBFC_PHYS_s13_T2_ctrl,38,50,39.666666666666664,-4.479390621185303,0.9786147120871823
UBFC_PHYS_s13_T2_ctrl,38,51,39.7,-4.293329238891602,1.0245859176181502
UBFC_PHYS_s13_T2_ctrl,38,52,39.733333333333334,-4.3784894943237305,0.9987447437616822
UBFC_PHYS_s13_T2_ctrl,38,53,39.766666666666666,-4.5941643714904785,0.9112027608429625
UBFC_PHYS_s13_T2_ctrl,38,54,39.8,-4.6500372886657715,0.7759402541379626
UBFC_PHYS_s13_T2_ctrl,38,55,39.833333333333336,-4.2710700035095215,0.6082357874738802
UBFC_PHYS_s13_T2_ctrl,38,56,39.86666666666667,-3.4945874214172363,0.4220887786312454
UBFC_PHYS_s13_T2_ctrl,38,57,39.9,-2.5806171894073486,0.22794595806218
UBFC_PHYS_s13_T2_ctrl,38,58,39.93333333333333,-1.7344317436218262,0.03127729997261095
UBFC_PHYS_s13_T2_ctrl,38,59,39.96666666666667,-1.0294111967086792,-0.16748634387284675
UBFC_PHYS_s13_T2_ctrl,38,60,40.0,-0.5316994786262512,-0.3715601128373443
UBFC_PHYS_s13_T2_ctrl,38,61,40.03333333333333,-0.21564364433288574,-0.585283541533368
UBFC_PHYS_s13_T2_ctrl,38,62,40.06666666666667,0.05735096335411072,-0.8108940387428104
UBFC_PHYS_s13_T2_ctrl,38,63,40.1,0.3671097457408905,-1.0450459198717736
UBFC_PHYS_s13_T2_ctrl,38,64,40.13333333333333,0.7154647707939148,-1.2758131620013318
UBFC_PHYS_s13_T2_ctrl,38,65,40.166666666666664,1.0860950946807861,-1.4813323346096954
UBFC_PHYS_s13_T2_ctrl,38,66,40.2,1.4611871242523193,-1.6313796563671703
UBFC_PHYS_s13_T2_ctrl,38,67,40.233333333333334,1.813924789428711,-1.692659137861159
UBFC_PHYS_s13_T2_ctrl,38,68,40.266666666666666,2.127756357192993,-1.6372838190705776
UBFC_PHYS_s13_T2_ctrl,38,69,40.3,2.3931918144226074,-1.4521388112986935
UBFC_PHYS_s13_T2_ctrl,38,70,40.333333333333336,2.5400540828704834,-1.1453973021287993
UBFC_PHYS_s13_T2_ctrl,38,71,40.36666666666667,2.441218852996826,-0.7468112505301313
UBFC_PHYS_s13_T2_ctrl,38,72,40.4,2.077409505844116,-0.3010008459974748
UBFC_PHYS_s13_T2_ctrl,38,73,40.43333333333333,1.6220340728759766,0.143749771059626
UBFC_PHYS_s13_T2_ctrl,38,74,40.46666666666667,1.2802826166152954,0.5467725773050525
UBFC_PHYS_s13_T2_ctrl,38,75,40.5,1.1265432834625244,0.8821997479823694
UBFC_PHYS_s13_T2_ctrl,38,76,40.53333333333333,1.1234854459762573,1.139937570370092
UBFC_PHYS_s13_T2_ctrl,38,77,40.56666666666667,1.1638479232788086,1.3212070713815194
UBFC_PHYS_s13_T2_ctrl,38,78,40.6,1.1230932474136353,1.4318206157461786
UBFC_PHYS_s13_T2_ctrl,38,79,40.63333333333333,0.9326919913291931,1.4769403934438892
UBFC_PHYS_s13_T2_ctrl,38,80,40.666666666666664,0.626205325126648,1.4594860989489273
UBFC_PHYS_s13_T2_ctrl,38,81,40.7,0.2914263606071472,1.3819084395430083
UBFC_PHYS_s13_T2_ctrl,38,82,40.733333333333334,0.008223334327340126,1.2493699397680451
UBFC_PHYS_s13_T2_ctrl,38,83,40.766666666666666,-0.16650283336639404,1.0721352459098283
UBFC_PHYS_s13_T2_ctrl,38,84,40.8,-0.2077813744544983,0.8658786550401676
UBFC_PHYS_s13_T2_ctrl,38,85,40.833333333333336,-0.14226029813289642,0.6498079180541303
UBFC_PHYS_s13_T2_ctrl,38,86,40.86666666666667,-0.037200525403022766,0.4432617539125867
UBFC_PHYS_s13_T2_ctrl,38,87,40.9,0.03547105938196182,0.26178416603520366
UBFC_PHYS_s13_T2_ctrl,38,88,40.93333333333333,0.03973830118775368,0.11386327182673989
UBFC_PHYS_s13_T2_ctrl,38,89,40.96666666666667,-0.008608372882008553,-0.0005550464102018135
UBFC_PHYS_s13_T2_ctrl,38,90,41.0,-0.06668566912412643,-0.08916747751652794
UBFC_PHYS_s13_T2_ctrl,38,91,41.03333333333333,-0.11631416529417038,-0.16419762372576135
UBFC_PHYS_s13_T2_ctrl,38,92,41.06666666666667,-0.18401335179805756,-0.23800064882547098
UBFC_PHYS_s13_T2_ctrl,38,93,41.1,-0.2839392423629761,-0.31881490865923356
UBFC_PHYS_s13_T2_ctrl,38,94,41.13333333333333,-0.3805732727050781,-0.40811074731734837
UBFC_PHYS_s13_T2_ctrl,38,95,41.166666666666664,-0.4444764256477356,-0.5004523991098304
UBFC_PHYS_s13_T2_ctrl,38,96,41.2,-0.5135299563407898,-0.5858302836994543
UBFC_PHYS_s13_T2_ctrl,38,97,41.233333333333334,-0.6334475874900818,-0.6534654867424845
UBFC_PHYS_s13_T2_ctrl,38,98,41.266666666666666,-0.7685691714286804,-0.6955941398948133
UBFC_PHYS_s13_T2_ctrl,38,99,41.3,-0.8606196641921997,-0.7099154636625865
UBFC_PHYS_s13_T2_ctrl,38,100,41.333333333333336,-0.9413380026817322,-0.700122074044097
UBFC_PHYS_s13_T2_ctrl,38,101,41.36666666666667,-1.091037392616272,-0.6748161526580122
UBFC_PHYS_s13_T2_ctrl,38,102,41.4,-1.3466500043869019,-0.6456644237040173
UBFC_PHYS_s13_T2_ctrl,38,103,41.43333333333333,-1.6090044975280762,-0.6255378732750485
UBFC_PHYS_s13_T2_ctrl,38,104,41.46666666666667,-1.6217139959335327,-0.6266778843500724
UBFC_PHYS_s13_T2_ctrl,38,105,41.5,-1.2328778505325317,-0.6581528298133212
UBFC_PHYS_s13_T2_ctrl,38,106,41.53333333333333,-0.6562172174453735,-0.7217686671687923
UBFC_PHYS_s13_T2_ctrl,38,107,41.56666666666667,-0.23886467516422272,-0.8068012261859017
UBFC_PHYS_s13_T2_ctrl,38,108,41.6,-0.10452735424041748,-0.8860591458972165
UBFC_PHYS_s13_T2_ctrl,38,109,41.63333333333333,-0.22214171290397644,-0.9170206032871226
UBFC_PHYS_s13_T2_ctrl,38,110,41.666666666666664,-0.5035423040390015,-0.8505318757576166
UBFC_PHYS_s13_T2_ctrl,38,111,41.7,-0.8211567401885986,-0.6461957816978349
UBFC_PHYS_s13_T2_ctrl,38,112,41.733333333333334,-1.1121001243591309,-0.28976924916150293
UBFC_PHYS_s13_T2_ctrl,38,113,41.766666666666666,-1.4272266626358032,0.1945832498097995
UBFC_PHYS_s13_T2_ctrl,38,114,41.8,-1.8338764905929565,0.7439269151871265
UBFC_PHYS_s13_T2_ctrl,38,115,41.833333333333336,-2.2372114658355713,1.2706484307911348
UBFC_PHYS_s13_T2_ctrl,38,116,41.86666666666667,-2.333137035369873,1.6867837898917264
UBFC_PHYS_s13_T2_ctrl,38,117,41.9,-1.953708529472351,1.9289770592401665
UBFC_PHYS_s13_T2_ctrl,38,118,41.93333333333333,-1.3467652797698975,1.9740985567677287
UBFC_PHYS_s13_T2_ctrl,38,119,41.96666666666667,-0.8128529191017151,1.840295907560313
UBFC_PHYS_s13_T2_ctrl,38,120,42.0,-0.3662656843662262,1.5752641300515688
UBFC_PHYS_s13_T2_ctrl,38,121,42.03333333333333,-0.002772634383291006,1.2386003725705925
UBFC_PHYS_s13_T2_ctrl,38,122,42.06666666666667,0.182949498295784,0.8855882718865413
UBFC_PHYS_s13_T2_ctrl,38,123,42.1,0.2616809010505676,0.556787366324877
UBFC_PHYS_s13_T2_ctrl,38,124,42.13333333333333,0.3980744183063507,0.27421091899535205
UBFC_PHYS_s13_T2_ctrl,38,125,42.166666666666664,0.5511414408683777,0.042522229847097734
UBFC_PHYS_s13_T2_ctrl,38,126,42.2,0.5388801097869873,-0.14690211774935902
UBFC_PHYS_s13_T2_ctrl,38,127,42.233333333333334,0.3652314841747284,-0.3105796305885982
UBFC_PHYS_s13_T2_ctrl,38,128,42.266666666666666,0.24342897534370422,-0.46693558319760886
UBFC_PHYS_s13_T2_ctrl,38,129,42.3,0.26798784732818604,-0.6301344475502215
UBFC_PHYS_s13_T2_ctrl,38,130,42.333333333333336,0.3303653299808502,-0.8044439023895746
UBFC_PHYS_s13_T2_ctrl,38,131,42.36666666666667,0.35888829827308655,-0.9804670144548064
UBFC_PHYS_s13_T2_ctrl,38,132,42.4,0.37241825461387634,-1.1349376615334736
UBFC_PHYS_s13_T2_ctrl,38,133,42.43333333333333,0.37053340673446655,-1.2353317464938431
UBFC_PHYS_s13_T2_ctrl,38,134,42.46666666666667,0.3233005106449127,-1.2491086227772203
UBFC_PHYS_s13_T2_ctrl,38,135,42.5,0.23136207461357117,-1.1553328612088942
UBFC_PHYS_s13_T2_ctrl,38,136,42.53333333333333,0.1253598928451538,-0.9546131748054667
UBFC_PHYS_s13_T2_ctrl,38,137,42.56666666666667,0.019011707976460457,-0.672855697503262
UBFC_PHYS_s13_T2_ctrl,38,138,42.6,-0.08811742812395096,-0.356043211248396
UBFC_PHYS_s13_T2_ctrl,38,139,42.63333333333333,-0.16673679649829865,-0.0569900952948424
UBFC_PHYS_s13_T2_ctrl,38,140,42.666666666666664,-0.1755414754152298,0.18075424947902324
UBFC_PHYS_s13_T2_ctrl,38,141,42.7,-0.12419949471950531,0.3348932506598152
UBFC_PHYS_s13_T2_ctrl,38,142,42.733333333333334,-0.06667578220367432,0.4076020413754086
UBFC_PHYS_s13_T2_ctrl,38,143,42.766666666666666,-0.027479788288474083,0.4198349695361
UBFC_PHYS_s13_T2_ctrl,38,144,42.8,0.014800485223531723,0.40028914447753844
UBFC_PHYS_s13_T2_ctrl,38,145,42.833333333333336,0.06319329142570496,0.3740380521910981
UBFC_PHYS_s13_T2_ctrl,38,146,42.86666666666667,0.0928102433681488,0.35501999298537035
UBFC_PHYS_s13_T2_ctrl,38,147,42.9,0.09807591885328293,0.34424703743689455
UBFC_PHYS_s13_T2_ctrl,38,148,42.93333333333333,0.096579909324646,0.33301323986243464
UBFC_PHYS_s13_T2_ctrl,38,149,42.96666666666667,0.09644480794668198,0.30876349608251646
UBFC_PHYS_s13_T2_ctrl,38,150,43.0,0.09375595301389694,0.26116293214397535
UBFC_PHYS_s13_T2_ctrl,38,151,43.03333333333333,0.08720187097787857,0.18664393135333981
UBFC_PHYS_s13_T2_ctrl,38,152,43.06666666666667,0.07134223729372025,0.09044238598302176
UBFC_PHYS_s13_T2_ctrl,38,153,43.1,0.03647937998175621,-0.014261336445500507
UBFC_PHYS_s13_T2_ctrl,38,154,43.13333333333333,-0.009880307130515575,-0.1097989513742505
UBFC_PHYS_s13_T2_ctrl,38,155,43.166666666666664,-0.04556365683674812,-0.17903142509251752
UBFC_PHYS_s13_T2_ctrl,38,156,43.2,-0.05695834010839462,-0.21032567191709717
UBFC_PHYS_s13_T2_ctrl,38,157,43.233333333333334,-0.032363224774599075,-0.20081577011463822
UBFC_PHYS_s13_T2_ctrl,38,158,43.266666666666666,0.048770349472761154,-0.15685091813497684
UBFC_PHYS_s13_T2_ctrl,38,159,43.3,0.1796807050704956,-0.09155303838659973
UBFC_PHYS_s13_T2_ctrl,38,160,43.333333333333336,0.31024834513664246,-0.020442034812179564
UBFC_PHYS_s13_T2_ctrl,38,161,43.36666666666667,0.39491763710975647,0.0433006913078007
UBFC_PHYS_s13_T2_ctrl,38,162,43.4,0.42818233370780945,0.0923886782067869
UBFC_PHYS_s13_T2_ctrl,38,163,43.43333333333333,0.44269755482673645,0.12677768429512382
UBFC_PHYS_s13_T2_ctrl,38,164,43.46666666666667,0.5023993849754333,0.15249699309166223
UBFC_PHYS_s13_T2_ctrl,38,165,43.5,0.6615294814109802,0.17846290488141
UBFC_PHYS_s13_T2_ctrl,38,166,43.53333333333333,0.8805262446403503,0.21249636604212027
UBFC_PHYS_s13_T2_ctrl,38,167,43.56666666666667,1.0495188236236572,0.25803350026054356
UBFC_PHYS_s13_T2_ctrl,38,168,43.6,1.1435562372207642,0.31260824200166515
UBFC_PHYS_s13_T2_ctrl,38,169,43.63333333333333,1.2005988359451294,0.36837570910513834
UBFC_PHYS_s13_T2_ctrl,38,170,43.666666666666664,1.1968456506729126,0.4141999336974425
UBFC_PHYS_s13_T2_ctrl,38,171,43.7,1.1056058406829834,0.43844962264525333
UBFC_PHYS_s13_T2_ctrl,38,172,43.733333333333334,1.0080457925796509,0.4316810433963083
UBFC_PHYS_s13_T2_ctrl,38,173,43.766666666666666,0.9951320886611938,0.3886492434726145
UBFC_PHYS_s13_T2_ctrl,38,174,43.8,1.0541616678237915,0.30936923658793
UBFC_PHYS_s13_T2_ctrl,38,175,43.833333333333336,1.1421129703521729,0.19922158809191676
UBFC_PHYS_s13_T2_ctrl,38,176,43.86666666666667,1.2226533889770508,0.0683240079000842
UBFC_PHYS_s13_T2_ctrl,38,177,43.9,1.2225908041000366,-0.06966708303114834
UBFC_PHYS_s13_T2_ctrl,38,178,43.93333333333333,1.086747646331787,-0.1995044348532418
UBFC_PHYS_s13_T2_ctrl,38,179,43.96666666666667,0.8631343245506287,-0.307275109703589
UBFC_PHYS_s13_T2_ctrl,38,180,44.0,0.6430930495262146,-0.3839009845971166
UBFC_PHYS_s13_T2_ctrl,38,181,44.03333333333333,0.4349110722541809,-0.4280246881245397
UBFC_PHYS_s13_T2_ctrl,38,182,44.06666666666667,0.19061405956745148,-0.44690466040180504
UBFC_PHYS_s13_T2_ctrl,38,183,44.1,-0.0662408247590065,-0.4545821561679204
UBFC_PHYS_s13_T2_ctrl,38,184,44.13333333333333,-0.26606297492980957,-0.4677211042315097
UBFC_PHYS_s13_T2_ctrl,38,185,44.166666666666664,-0.4153142273426056,-0.5004677312508999
UBFC_PHYS_s13_T2_ctrl,38,186,44.2,-0.603537380695343,-0.5599125811393458
UBFC_PHYS_s13_T2_ctrl,38,187,44.233333333333334,-0.8955121636390686,-0.6433856336733159
UBFC_PHYS_s13_T2_ctrl,38,188,44.266666666666666,-1.219594955444336,-0.7382446946435439
UBFC_PHYS_s13_T2_ctrl,38,189,44.3,-1.3604402542114258,-0.8241873419939271
UBFC_PHYS_s13_T2_ctrl,38,190,44.333333333333336,-1.2161219120025635,-0.8774961726806307
UBFC_PHYS_s13_T2_ctrl,38,191,44.36666666666667,-0.9562354683876038,-0.8761709928631088
UBFC_PHYS_s13_T2_ctrl,38,192,44.4,-0.7859346866607666,-0.8047359511553992
UBFC_PHYS_s13_T2_ctrl,38,193,44.43333333333333,-0.6887997984886169,-0.6576112280764426
UBFC_PHYS_s13_T2_ctrl,38,194,44.46666666666667,-0.5997216105461121,-0.44026368505911817
UBFC_PHYS_s13_T2_ctrl,38,195,44.5,-0.5909135937690735,-0.1679391042864235
UBFC_PHYS_s13_T2_ctrl,38,196,44.53333333333333,-0.7120208144187927,0.13745611324957518
UBFC_PHYS_s13_T2_ctrl,38,197,44.56666666666667,-0.8364430069923401,0.451202274703006
UBFC_PHYS_s13_T2_ctrl,38,198,44.6,-0.8460385203361511,0.749214028716825
UBFC_PHYS_s13_T2_ctrl,38,199,44.63333333333333,-0.7837236523628235,1.0104281428726358
UBFC_PHYS_s13_T2_ctrl,38,200,44.666666666666664,-0.7782437801361084,1.2180955127305824
UBFC_PHYS_s13_T2_ctrl,38,201,44.7,-0.9152469038963318,1.3603854310729562
UBFC_PHYS_s13_T2_ctrl,38,202,44.733333333333334,-1.201356291770935,1.4307669926564204
UBFC_PHYS_s13_T2_ctrl,38,203,44.766666666666666,-1.5719108581542969,1.4283188247201737
UBFC_PHYS_s13_T2_ctrl,38,204,44.8,-1.8783316612243652,1.357685515927909
UBFC_PHYS_s13_T2_ctrl,38,205,44.833333333333336,-2.0864081382751465,1.2282601280884218
UBFC_PHYS_s13_T2_ctrl,38,206,44.86666666666667,-2.2508633136749268,1.0525311383336373
UBFC_PHYS_s13_T2_ctrl,38,207,44.9,-2.4235663414001465,0.8440930589876308
UBFC_PHYS_s13_T2_ctrl,38,208,44.93333333333333,-2.519366502761841,0.6160982437927777
UBFC_PHYS_s13_T2_ctrl,38,209,44.96666666666667,-2.494415521621704,0.38064068182170047
UBFC_PHYS_s13_T2_ctrl,38,210,45.0,-2.353991985321045,0.14884254624430815
UBFC_PHYS_s13_T2_ctrl,38,211,45.03333333333333,-2.218313694000244,-0.06913897740819341
UBFC_PHYS_s13_T2_ctrl,38,212,45.06666666666667,-2.0754878520965576,-0.26486420321294957
UBFC_PHYS_s13_T2_ctrl,38,213,45.1,-1.8729242086410522,-0.43320321878272106
UBFC_PHYS_s13_T2_ctrl,38,214,45.13333333333333,-1.6462992429733276,-0.574184862713562
UBFC_PHYS_s13_T2_ctrl,38,215,45.166666666666664,-1.548587679862976,-0.6940286892579274
UBFC_PHYS_s13_T2_ctrl,38,216,45.2,-1.603880524635315,-0.8041601732067803
UBFC_PHYS_s13_T2_ctrl,38,217,45.233333333333334,-1.6923524141311646,-0.9175476888984644
UBFC_PHYS_s13_T2_ctrl,38,218,45.266666666666666,-1.6796693801879883,-1.0429155699538546
UBFC_PHYS_s13_T2_ctrl,38,219,45.3,-0.8106484413146973,-1.1786916848550024
UBFC_PHYS_s13_T2_ctrl,38,220,45.333333333333336,0.12347835302352905,-1.3092069281584635
UBFC_PHYS_s13_T2_ctrl,38,221,45.36666666666667,0.5829760432243347,-1.4053288583399222
UBFC_PHYS_s13_T2_ctrl,38,222,45.4,0.8515682816505432,-1.4304295843260941
UBFC_PHYS_s13_T2_ctrl,38,223,45.43333333333333,1.0222644805908203,-1.3507181580648762
UBFC_PHYS_s13_T2_ctrl,38,224,45.46666666666667,1.0486456155776978,-1.1470856466248576
UBFC_PHYS_s13_T2_ctrl,38,225,45.5,1.097578763961792,-0.8243616939182669
UBFC_PHYS_s13_T2_ctrl,38,226,45.53333333333333,1.200387954711914,-0.4139716919958044
UBFC_PHYS_s13_T2_ctrl,38,227,45.56666666666667,1.2726444005966187,0.03193789296809271
UBFC_PHYS_s13_T2_ctrl,38,228,45.6,1.19544517993927,0.45320604551486876
UBFC_PHYS_s13_T2_ctrl,38,229,45.63333333333333,1.0757285356521606,0.7964999691387011
UBFC_PHYS_s13_T2_ctrl,38,230,45.666666666666664,1.00771963596344,1.0271712309581749
UBFC_PHYS_s13_T2_ctrl,38,231,45.7,0.9711235165596008,1.1348625121334637
UBFC_PHYS_s13_T2_ctrl,38,232,45.733333333333334,0.8885565400123596,1.1322626839852286
UBFC_PHYS_s13_T2_ctrl,38,233,45.766666666666666,0.7826598286628723,1.0485603363891596
UBFC_PHYS_s13_T2_ctrl,38,234,45.8,0.7183414697647095,0.9201475284265348
UBFC_PHYS_s13_T2_ctrl,38,235,45.833333333333336,0.6773298382759094,0.7811819718642169
UBFC_PHYS_s13_T2_ctrl,38,236,45.86666666666667,0.6235889792442322,0.6561987279960008
UBFC_PHYS_s13_T2_ctrl,38,237,45.9,0.551019549369812,0.5561960839318775
UBFC_PHYS_s13_T2_ctrl,38,238,45.93333333333333,0.49422404170036316,0.4785691372392966
UBFC_PHYS_s13_T2_ctrl,38,239,45.96666666666667,0.4535946547985077,0.41030083984419385
UBFC_PHYS_s13_T2_ctrl,39,0,39.0,2.5617198944091797,-0.12185222675283154
UBFC_PHYS_s13_T2_ctrl,39,1,39.03333333333333,3.022594928741455,-0.0394994851832091
UBFC_PHYS_s13_T2_ctrl,39,2,39.06666666666667,3.6304540634155273,0.022351721178545392
UBFC_PHYS_s13_T2_ctrl,39,3,39.1,4.328001022338867,0.04582630773628621
UBFC_PHYS_s13_T2_ctrl,39,4,39.13333333333333,4.921213626861572,0.018391273766872936
UBFC_PHYS_s13_T2_ctrl,39,5,39.166666666666664,5.38114595413208,-0.06570267154730422
UBFC_PHYS_s13_T2_ctrl,39,6,39.2,5.964555263519287,-0.20506658509226494
UBFC_PHYS_s13_T2_ctrl,39,7,39.233333333333334,6.680462837219238,-0.3916553149098123
UBFC_PHYS_s13_T2_ctrl,39,8,39.266666666666666,7.274548530578613,-0.6113895562643922
UBFC_PHYS_s13_T2_ctrl,39,9,39.3,6.685307025909424,-0.8443542320155386
UBFC_PHYS_s13_T2_ctrl,39,10,39.333333333333336,4.087118148803711,-1.0649482581239058
UBFC_PHYS_s13_T2_ctrl,39,11,39.36666666666667,0.31293392181396484,-1.2431624328210813
UBFC_PHYS_s13_T2_ctrl,39,12,39.4,-3.026235580444336,-1.3478993080403237
UBFC_PHYS_s13_T2_ctrl,39,13,39.43333333333333,-4.990407943725586,-1.3522024777721493
UBFC_PHYS_s13_T2_ctrl,39,14,39.46666666666667,-5.807721138000488,-1.2392164379198283
UBFC_PHYS_s13_T2_ctrl,39,15,39.5,-5.806601047515869,-1.0070498674833177
UBFC_PHYS_s13_T2_ctrl,39,16,39.53333333333333,-5.420539379119873,-0.6706698883832616
UBFC_PHYS_s13_T2_ctrl,39,17,39.56666666666667,-5.140087604522705,-0.25977239697755666
UBFC_PHYS_s13_T2_ctrl,39,18,39.6,-5.011609077453613,0.186862620921037
UBFC_PHYS_s13_T2_ctrl,39,19,39.63333333333333,-4.792032718658447,0.6285345016881261
UBFC_PHYS_s13_T2_ctrl,39,20,39.666666666666664,-4.479390621185303,1.028814907799944
UBFC_PHYS_s13_T2_ctrl,39,21,39.7,-4.293329238891602,1.3591243745570265
UBFC_PHYS_s13_T2_ctrl,39,22,39.733333333333334,-4.3784894943237305,1.5997338404481587
UBFC_PHYS_s13_T2_ctrl,39,23,39.766666666666666,-4.5941643714904785,1.7394750652828534
UBFC_PHYS_s13_T2_ctrl,39,24,39.8,-4.6500372886657715,1.775321238911911
UBFC_PHYS_s13_T2_ctrl,39,25,39.833333333333336,-4.2710700035095215,1.7119769699477636
UBFC_PHYS_s13_T2_ctrl,39,26,39.86666666666667,-3.4945874214172363,1.5607921482560945
UBFC_PHYS_s13_T2_ctrl,39,27,39.9,-2.5806171894073486,1.3374237028415799
UBFC_PHYS_s13_T2_ctrl,39,28,39.93333333333333,-1.7344317436218262,1.0586464767240413
UBFC_PHYS_s13_T2_ctrl,39,29,39.96666666666667,-1.0294111967086792,0.739573058528138
UBFC_PHYS_s13_T2_ctrl,39,30,40.0,-0.5316994786262512,0.39241922596651746
UBFC_PHYS_s13_T2_ctrl,39,31,40.03333333333333,-0.21564364433288574,0.02709874052892377
UBFC_PHYS_s13_T2_ctrl,39,32,40.06666666666667,0.05735096335411072,-0.3469101034415468
UBFC_PHYS_s13_T2_ctrl,39,33,40.1,0.3671097457408905,-0.7183875342407783
UBFC_PHYS_s13_T2_ctrl,39,34,40.13333333333333,0.7154647707939148,-1.0727483283368517
UBFC_PHYS_s13_T2_ctrl,39,35,40.166666666666664,1.0860950946807861,-1.3914344079060905
UBFC_PHYS_s13_T2_ctrl,39,36,40.2,1.4611871242523193,-1.6523929358095213
UBFC_PHYS_s13_T2_ctrl,39,37,40.233333333333334,1.813924789428711,-1.8315544371997587
UBFC_PHYS_s13_T2_ctrl,39,38,40.266666666666666,2.127756357192993,-1.9052994570053667
UBFC_PHYS_s13_T2_ctrl,39,39,40.3,2.3931918144226074,-1.853876858511962
UBFC_PHYS_s13_T2_ctrl,39,40,40.333333333333336,2.5400540828704834,-1.6654333055271313
UBFC_PHYS_s13_T2_ctrl,39,41,40.36666666666667,2.441218852996826,-1.3400973062355506
UBFC_PHYS_s13_T2_ctrl,39,42,40.4,2.077409505844116,-0.893607572263888
UBFC_PHYS_s13_T2_ctrl,39,43,40.43333333333333,1.6220340728759766,-0.35962350008351324
UBFC_PHYS_s13_T2_ctrl,39,44,40.46666666666667,1.2802826166152954,0.21105767754649213
UBFC_PHYS_s13_T2_ctrl,39,45,40.5,1.1265432834625244,0.7561846109479204
UBFC_PHYS_s13_T2_ctrl,39,46,40.53333333333333,1.1234854459762573,1.212538665323175
UBFC_PHYS_s13_T2_ctrl,39,47,40.56666666666667,1.1638479232788086,1.528499004505112
UBFC_PHYS_s13_T2_ctrl,39,48,40.6,1.1230932474136353,1.674559295215549
UBFC_PHYS_s13_T2_ctrl,39,49,40.63333333333333,0.9326919913291931,1.6483154759899084
UBFC_PHYS_s13_T2_ctrl,39,50,40.666666666666664,0.626205325126648,1.472709796321801
UBFC_PHYS_s13_T2_ctrl,39,51,40.7,0.2914263606071472,1.1888277522560828
UBFC_PHYS_s13_T2_ctrl,39,52,40.733333333333334,0.008223334327340126,0.846000871695515
UBFC_PHYS_s13_T2_ctrl,39,53,40.766666666666666,-0.16650283336639404,0.4920904295304687
UBFC_PHYS_s13_T2_ctrl,39,54,40.8,-0.2077813744544983,0.16604063046728063
UBFC_PHYS_s13_T2_ctrl,39,55,40.833333333333336,-0.14226029813289642,-0.10631464809533593
UBFC_PHYS_s13_T2_ctrl,39,56,40.86666666666667,-0.037200525403022766,-0.3131504576421703
UBFC_PHYS_s13_T2_ctrl,39,57,40.9,0.03547105938196182,-0.45480028215222057
UBFC_PHYS_s13_T2_ctrl,39,58,40.93333333333333,0.03973830118775368,-0.5399835761631545
UBFC_PHYS_s13_T2_ctrl,39,59,40.96666666666667,-0.008608372882008553,-0.5810785434490278
UBFC_PHYS_s13_T2_ctrl,39,60,41.0,-0.06668566912412643,-0.5895188143035419
UBFC_PHYS_s13_T2_ctrl,39,61,41.03333333333333,-0.11631416529417038,-0.5724198728333643
UBFC_PHYS_s13_T2_ctrl,39,62,41.06666666666667,-0.18401335179805756,-0.5313405604895823
UBFC_PHYS_s13_T2_ctrl,39,63,41.1,-0.2839392423629761,-0.46356729576311123
UBFC_PHYS_s13_T2_ctrl,39,64,41.13333333333333,-0.3805732727050781,-0.36551858688552913
UBFC_PHYS_s13_T2_ctrl,39,65,41.166666666666664,-0.4444764256477356,-0.23703067417964882
UBFC_PHYS_s13_T2_ctrl,39,66,41.2,-0.5135299563407898,-0.08476318162747255
UBFC_PHYS_s13_T2_ctrl,39,67,41.233333333333334,-0.6334475874900818,0.0768604394483707
UBFC_PHYS_s13_T2_ctrl,39,68,41.266666666666666,-0.7685691714286804,0.22778569704986149
UBFC_PHYS_s13_T2_ctrl,39,69,41.3,-0.8606196641921997,0.3467722252691165
UBFC_PHYS_s13_T2_ctrl,39,70,41.333333333333336,-0.9413380026817322,0.41632968607437904
UBFC_PHYS_s13_T2_ctrl,39,71,41.36666666666667,-1.091037392616272,0.42622642552698836
UBFC_PHYS_s13_T2_ctrl,39,72,41.4,-1.3466500043869019,0.374626731233504
UBFC_PHYS_s13_T2_ctrl,39,73,41.43333333333333,-1.6090044975280762,0.2671879767060833
UBFC_PHYS_s13_T2_ctrl,39,74,41.46666666666667,-1.6217139959335327,0.11516485295030761
UBFC_PHYS_s13_T2_ctrl,39,75,41.5,-1.2328778505325317,-0.06643480829855745
UBFC_PHYS_s13_T2_ctrl,39,76,41.53333333333333,-0.6562172174453735,-0.2600366630910955
UBFC_PHYS_s13_T2_ctrl,39,77,41.56666666666667,-0.23886467516422272,-0.44598878682375187
UBFC_PHYS_s13_T2_ctrl,39,78,41.6,-0.10452735424041748,-0.6027984208946611
UBFC_PHYS_s13_T2_ctrl,39,79,41.63333333333333,-0.22214171290397644,-0.7079186122481024
UBFC_PHYS_s13_T2_ctrl,39,80,41.666666666666664,-0.5035423040390015,-0.7400179168614579
UBFC_PHYS_s13_T2_ctrl,39,81,41.7,-0.8211567401885986,-0.6832619999546592
UBFC_PHYS_s13_T2_ctrl,39,82,41.733333333333334,-1.1121001243591309,-0.5330143973602719
UBFC_PHYS_s13_T2_ctrl,39,83,41.766666666666666,-1.4272266626358032,-0.30080344791457725
UBFC_PHYS_s13_T2_ctrl,39,84,41.8,-1.8338764905929565,-0.015340246328210665
UBFC_PHYS_s13_T2_ctrl,39,85,41.833333333333336,-2.2372114658355713,0.28270610239098615
UBFC_PHYS_s13_T2_ctrl,39,86,41.86666666666667,-2.333137035369873,0.5512469016558935
UBFC_PHYS_s13_T2_ctrl,39,87,41.9,-1.953708529472351,0.7583393275455366
UBFC_PHYS_s13_T2_ctrl,39,88,41.93333333333333,-1.3467652797698975,0.8895571853257276
UBFC_PHYS_s13_T2_ctrl,39,89,41.96666666666667,-0.8128529191017151,0.9480886551326235
UBFC_PHYS_s13_T2_ctrl,39,90,42.0,-0.3662656843662262,0.9483872258451554
UBFC_PHYS_s13_T2_ctrl,39,91,42.03333333333333,-0.002772634383291006,0.9072080121788473
UBFC_PHYS_s13_T2_ctrl,39,92,42.06666666666667,0.182949498295784,0.836101578427641
UBFC_PHYS_s13_T2_ctrl,39,93,42.1,0.2616809010505676,0.7376458795340084
UBFC_PHYS_s13_T2_ctrl,39,94,42.13333333333333,0.3980744183063507,0.6056951460963856
UBFC_PHYS_s13_T2_ctrl,39,95,42.166666666666664,0.5511414408683777,0.4287572686289938
UBFC_PHYS_s13_T2_ctrl,39,96,42.2,0.5388801097869873,0.19537372809233158
UBFC_PHYS_s13_T2_ctrl,39,97,42.233333333333334,0.3652314841747284,-0.09953969881102903
UBFC_PHYS_s13_T2_ctrl,39,98,42.266666666666666,0.24342897534370422,-0.44862512413398586
UBFC_PHYS_s13_T2_ctrl,39,99,42.3,0.26798784732818604,-0.8279074688914912
UBFC_PHYS_s13_T2_ctrl,39,100,42.333333333333336,0.3303653299808502,-1.196273671748907
UBFC_PHYS_s13_T2_ctrl,39,101,42.36666666666667,0.35888829827308655,-1.4999678714664535
UBFC_PHYS_s13_T2_ctrl,39,102,42.4,0.37241825461387634,-1.6823933321788678
UBFC_PHYS_s13_T2_ctrl,39,103,42.43333333333333,0.37053340673446655,-1.6978091186429
UBFC_PHYS_s13_T2_ctrl,39,104,42.46666666666667,0.3233005106449127,-1.5255426235071727
UBFC_PHYS_s13_T2_ctrl,39,105,42.5,0.23136207461357117,-1.1798544966738587
UBFC_PHYS_s13_T2_ctrl,39,106,42.53333333333333,0.1253598928451538,-0.7106121795571317
UBFC_PHYS_s13_T2_ctrl,39,107,42.56666666666667,0.019011707976460457,-0.1924322353374896
UBFC_PHYS_s13_T2_ctrl,39,108,42.6,-0.08811742812395096,0.29529174394096497
UBFC_PHYS_s13_T2_ctrl,39,109,42.63333333333333,-0.16673679649829865,0.6902997985648138
UBFC_PHYS_s13_T2_ctrl,39,110,42.666666666666664,-0.1755414754152298,0.9622877423033743
UBFC_PHYS_s13_T2_ctrl,39,111,42.7,-0.12419949471950531,1.1145197519757157
UBFC_PHYS_s13_T2_ctrl,39,112,42.733333333333334,-0.06667578220367432,1.1728490292709897
UBFC_PHYS_s13_T2_ctrl,39,113,42.766666666666666,-0.027479788288474083,1.168859858284839
UBFC_PHYS_s13_T2_ctrl,39,114,42.8,0.014800485223531723,1.125324384252928
UBFC_PHYS_s13_T2_ctrl,39,115,42.833333333333336,0.06319329142570496,1.0494169424369548
UBFC_PHYS_s13_T2_ctrl,39,116,42.86666666666667,0.0928102433681488,0.9348188284077197
UBFC_PHYS_s13_T2_ctrl,39,117,42.9,0.09807591885328293,0.7701244246016035
UBFC_PHYS_s13_T2_ctrl,39,118,42.93333333333333,0.096579909324646,0.5490225194333722
UBFC_PHYS_s13_T2_ctrl,39,119,42.96666666666667,0.09644480794668198,0.27784399755435923
UBFC_PHYS_s13_T2_ctrl,39,120,43.0,0.09375595301389694,-0.022252405840363195
UBFC_PHYS_s13_T2_ctrl,39,121,43.03333333333333,0.08720187097787857,-0.31885533534340793
UBFC_PHYS_s13_T2_ctrl,39,122,43.06666666666667,0.07134223729372025,-0.5759743468613153
UBFC_PHYS_s13_T2_ctrl,39,123,43.1,0.03647937998175621,-0.76293046778723
UBFC_PHYS_s13_T2_ctrl,39,124,43.13333333333333,-0.009880307130515575,-0.8614337306903396
UBFC_PHYS_s13_T2_ctrl,39,125,43.166666666666664,-0.04556365683674812,-0.8686983522238524
UBFC_PHYS_s13_T2_ctrl,39,126,43.2,-0.05695834010839462,-0.796022902444816
UBFC_PHYS_s13_T2_ctrl,39,127,43.233333333333334,-0.032363224774599075,-0.6639167955804773
UBFC_PHYS_s13_T2_ctrl,39,128,43.266666666666666,0.048770349472761154,-0.4959375478577966
UBFC_PHYS_s13_T2_ctrl,39,129,43.3,0.1796807050704956,-0.3134976520909218
UBFC_PHYS_s13_T2_ctrl,39,130,43.333333333333336,0.31024834513664246,-0.13303618033695067
UBFC_PHYS_s13_T2_ctrl,39,131,43.36666666666667,0.39491763710975647,0.03430023886810134
UBFC_PHYS_s13_T2_ctrl,39,132,43.4,0.42818233370780945,0.1812837048822575
UBFC_PHYS_s13_T2_ctrl,39,133,43.43333333333333,0.44269755482673645,0.30269152630027873
UBFC_PHYS_s13_T2_ctrl,39,134,43.46666666666667,0.5023993849754333,0.3937903957252687
UBFC_PHYS_s13_T2_ctrl,39,135,43.5,0.6615294814109802,0.4497903689112033
UBFC_PHYS_s13_T2_ctrl,39,136,43.53333333333333,0.8805262446403503,0.46656705114800207
UBFC_PHYS_s13_T2_ctrl,39,137,43.56666666666667,1.0495188236236572,0.4424656331590439
UBFC_PHYS_s13_T2_ctrl,39,138,43.6,1.1435562372207642,0.38020453377958485
UBFC_PHYS_s13_T2_ctrl,39,139,43.63333333333333,1.2005988359451294,0.2875547222011874
UBFC_PHYS_s13_T2_ctrl,39,140,43.666666666666664,1.1968456506729126,0.1761783689873951
UBFC_PHYS_s13_T2_ctrl,39,141,43.7,1.1056058406829834,0.059195471268679335
UBFC_PHYS_s13_T2_ctrl,39,142,43.733333333333334,1.0080457925796509,-0.05125452702165038
UBFC_PHYS_s13_T2_ctrl,39,143,43.766666666666666,0.9951320886611938,-0.1454028197183318
UBFC_PHYS_s13_T2_ctrl,39,144,43.8,1.0541616678237915,-0.2160291036970316
UBFC_PHYS_s13_T2_ctrl,39,145,43.833333333333336,1.1421129703521729,-0.25805753472453036
UBFC_PHYS_s13_T2_ctrl,39,146,43.86666666666667,1.2226533889770508,-0.268304172016732
UBFC_PHYS_s13_T2_ctrl,39,147,43.9,1.2225908041000366,-0.24572517653635303
UBFC_PHYS_s13_T2_ctrl,39,148,43.93333333333333,1.086747646331787,-0.192128705169625
UBFC_PHYS_s13_T2_ctrl,39,149,43.96666666666667,0.8631343245506287,-0.11307643758911909
UBFC_PHYS_s13_T2_ctrl,39,150,44.0,0.6430930495262146,-0.01855354027448834
UBFC_PHYS_s13_T2_ctrl,39,151,44.03333333333333,0.4349110722541809,0.07712310484474146
UBFC_PHYS_s13_T2_ctrl,39,152,44.06666666666667,0.19061405956745148,0.15670056291170803
UBFC_PHYS_s13_T2_ctrl,39,153,44.1,-0.0662408247590065,0.20293871373968783
UBFC_PHYS_s13_T2_ctrl,39,154,44.13333333333333,-0.26606297492980957,0.2026821465857573
UBFC_PHYS_s13_T2_ctrl,39,155,44.166666666666664,-0.4153142273426056,0.15084451267119997
UBFC_PHYS_s13_T2_ctrl,39,156,44.2,-0.603537380695343,0.05269127342437185
UBFC_PHYS_s13_T2_ctrl,39,157,44.233333333333334,-0.8955121636390686,-0.0768196489411825
UBFC_PHYS_s13_T2_ctrl,39,158,44.266666666666666,-1.219594955444336,-0.21673297682190257
UBFC_PHYS_s13_T2_ctrl,39,159,44.3,-1.3604402542114258,-0.34560830477564003
UBFC_PHYS_s13_T2_ctrl,39,160,44.333333333333336,-1.2161219120025635,-0.44687345367593057
UBFC_PHYS_s13_T2_ctrl,39,161,44.36666666666667,-0.9562354683876038,-0.512139563968956
UBFC_PHYS_s13_T2_ctrl,39,162,44.4,-0.7859346866607666,-0.5414203257116221
UBFC_PHYS_s13_T2_ctrl,39,163,44.43333333333333,-0.6887997984886169,-0.5403106695726637
UBFC_PHYS_s13_T2_ctrl,39,164,44.46666666666667,-0.5997216105461121,-0.5151829260582511
UBFC_PHYS_s13_T2_ctrl,39,165,44.5,-0.5909135937690735,-0.4682674330711281
UBFC_PHYS_s13_T2_ctrl,39,166,44.53333333333333,-0.7120208144187927,-0.3949160232555025
UBFC_PHYS_s13_T2_ctrl,39,167,44.56666666666667,-0.8364430069923401,-0.2847764984319686
UBFC_PHYS_s13_T2_ctrl,39,168,44.6,-0.8460385203361511,-0.12684416239576882
UBFC_PHYS_s13_T2_ctrl,39,169,44.63333333333333,-0.7837236523628235,0.08359447134807829
UBFC_PHYS_s13_T2_ctrl,39,170,44.666666666666664,-0.7782437801361084,0.3390646986763813
UBFC_PHYS_s13_T2_ctrl,39,171,44.7,-0.9152469038963318,0.6176682180709845
UBFC_PHYS_s13_T2_ctrl,39,172,44.733333333333334,-1.201356291770935,0.8858280368985773
UBFC_PHYS_s13_T2_ctrl,39,173,44.766666666666666,-1.5719108581542969,1.1054743114522685
UBFC_PHYS_s13_T2_ctrl,39,174,44.8,-1.8783316612243652,1.2433309870660394
UBFC_PHYS_s13_T2_ctrl,39,175,44.833333333333336,-2.0864081382751465,1.2791065463624058
UBFC_PHYS_s13_T2_ctrl,39,176,44.86666666666667,-2.2508633136749268,1.2099733469432405
UBFC_PHYS_s13_T2_ctrl,39,177,44.9,-2.4235663414001465,1.0502777122605698
UBFC_PHYS_s13_T2_ctrl,39,178,44.93333333333333,-2.519366502761841,0.8270653194627257
UBFC_PHYS_s13_T2_ctrl,39,179,44.96666666666667,-2.494415521621704,0.573049737350716
UBFC_PHYS_s13_T2_ctrl,39,180,45.0,-2.353991985321045,0.31890093381050566
UBFC_PHYS_s13_T2_ctrl,39,181,45.03333333333333,-2.218313694000244,0.0865642355259945
UBFC_PHYS_s13_T2_ctrl,39,182,45.06666666666667,-2.0754878520965576,-0.11489032729990062
UBFC_PHYS_s13_T2_ctrl,39,183,45.1,-1.8729242086410522,-0.2898053306624176
UBFC_PHYS_s13_T2_ctrl,39,184,45.13333333333333,-1.6462992429733276,-0.45261597340235765
UBFC_PHYS_s13_T2_ctrl,39,185,45.166666666666664,-1.548587679862976,-0.6214212878397339
UBFC_PHYS_s13_T2_ctrl,39,186,45.2,-1.603880524635315,-0.8099704844742304
UBFC_PHYS_s13_T2_ctrl,39,187,45.233333333333334,-1.6923524141311646,-1.0200942007857967
UBFC_PHYS_s13_T2_ctrl,39,188,45.266666666666666,-1.6796693801879883,-1.2368268339563535
UBFC_PHYS_s13_T2_ctrl,39,189,45.3,-0.8106484413146973,-1.4281399966532888
UBFC_PHYS_s13_T2_ctrl,39,190,45.333333333333336,0.12347835302352905,-1.5501765034026227
UBFC_PHYS_s13_T2_ctrl,39,191,45.36666666666667,0.5829760432243347,-1.5574119502407677
UBFC_PHYS_s13_T2_ctrl,39,192,45.4,0.8515682816505432,-1.4156722644567594
UBFC_PHYS_s13_T2_ctrl,39,193,45.43333333333333,1.0222644805908203,-1.114589327006138
UBFC_PHYS_s13_T2_ctrl,39,194,45.46666666666667,1.0486456155776978,-0.6752899042257582
UBFC_PHYS_s13_T2_ctrl,39,195,45.5,1.097578763961792,-0.14979257965904674
UBFC_PHYS_s13_T2_ctrl,39,196,45.53333333333333,1.200387954711914,0.388848238620193
UBFC_PHYS_s13_T2_ctrl,39,197,45.56666666666667,1.2726444005966187,0.863134042103123
UBFC_PHYS_s13_T2_ctrl,39,198,45.6,1.19544517993927,1.209211211424617
UBFC_PHYS_s13_T2_ctrl,39,199,45.63333333333333,1.0757285356521606,1.3906609203895597
UBFC_PHYS_s13_T2_ctrl,39,200,45.666666666666664,1.00771963596344,1.4041009663981021
UBFC_PHYS_s13_T2_ctrl,39,201,45.7,0.9711235165596008,1.2757756172613293
UBFC_PHYS_s13_T2_ctrl,39,202,45.733333333333334,0.8885565400123596,1.0509606441985868
UBFC_PHYS_s13_T2_ctrl,39,203,45.766666666666666,0.7826598286628723,0.7797575625947979
UBFC_PHYS_s13_T2_ctrl,39,204,45.8,0.7183414697647095,0.503703320544217
UBFC_PHYS_s13_T2_ctrl,39,205,45.833333333333336,0.6773298382759094,0.24734352723003158
UBFC_PHYS_s13_T2_ctrl,39,206,45.86666666666667,0.6235889792442322,0.017314140324759385
UBFC_PHYS_s13_T2_ctrl,39,207,45.9,0.551019549369812,-0.19120193832714227
UBFC_PHYS_s13_T2_ctrl,39,208,45.93333333333333,0.49422404170036316,-0.38374100520565557
UBFC_PHYS_s13_T2_ctrl,39,209,45.96666666666667,0.4535946547985077,-0.5566317992408483
UBFC_PHYS_s13_T2_ctrl,39,210,46.0,0.4270454943180084,-0.6928398135434496
UBFC_PHYS_s13_T2_ctrl,39,211,46.03333333333333,0.4101775586605072,-0.7659733296747273
UBFC_PHYS_s13_T2_ctrl,39,212,46.06666666666667,0.40455928444862366,-0.7507436432823807
UBFC_PHYS_s13_T2_ctrl,39,213,46.1,0.40558409690856934,-0.6348411850742485
UBFC_PHYS_s13_T2_ctrl,39,214,46.13333333333333,0.4306800663471222,-0.4265880529723717
UBFC_PHYS_s13_T2_ctrl,39,215,46.166666666666664,0.49504125118255615,-0.15488138752798936
UBFC_PHYS_s13_T2_ctrl,39,216,46.2,0.577492892742157,0.13845551235485545
UBFC_PHYS_s13_T2_ctrl,39,217,46.233333333333334,0.6536112427711487,0.4103846908373297
UBFC_PHYS_s13_T2_ctrl,39,218,46.266666666666666,0.7479287385940552,0.6272106084029904
UBFC_PHYS_s13_T2_ctrl,39,219,46.3,0.9026961326599121,0.7698365433022168
UBFC_PHYS_s13_T2_ctrl,39,220,46.333333333333336,1.1039879322052002,0.8329476020790852
UBFC_PHYS_s13_T2_ctrl,39,221,46.36666666666667,1.3098336458206177,0.8205742893652184
UBFC_PHYS_s13_T2_ctrl,39,222,46.4,1.5231198072433472,0.7413958189697755
UBFC_PHYS_s13_T2_ctrl,39,223,46.43333333333333,1.7964603900909424,0.6059601755261688
UBFC_PHYS_s13_T2_ctrl,39,224,46.46666666666667,2.1755988597869873,0.42619077188214943
UBFC_PHYS_s13_T2_ctrl,39,225,46.5,2.5919201374053955,0.21620671581440443
UBFC_PHYS_s13_T2_ctrl,39,226,46.53333333333333,2.804669141769409,-0.00692520186668986
UBFC_PHYS_s13_T2_ctrl,39,227,46.56666666666667,2.658189058303833,-0.2234775833766952
UBFC_PHYS_s13_T2_ctrl,39,228,46.6,2.280625820159912,-0.4126403380889688
UBFC_PHYS_s13_T2_ctrl,39,229,46.63333333333333,1.8823390007019043,-0.5552181773018376
UBFC_PHYS_s13_T2_ctrl,39,230,46.666666666666664,1.5156530141830444,-0.6372457735045339
UBFC_PHYS_s13_T2_ctrl,39,231,46.7,1.1550925970077515,-0.6539089371734502
UBFC_PHYS_s13_T2_ctrl,39,232,46.733333333333334,0.8116737604141235,-0.6120871104873592
UBFC_PHYS_s13_T2_ctrl,39,233,46.766666666666666,0.49953916668891907,-0.5294332143453203
UBFC_PHYS_s13_T2_ctrl,39,234,46.8,0.23679910600185394,-0.4293429598488265
UBFC_PHYS_s13_T2_ctrl,39,235,46.833333333333336,0.06591179966926575,-0.3336418582726862
UBFC_PHYS_s13_T2_ctrl,39,236,46.86666666666667,0.007468740921467543,-0.25647619537353444
UBFC_PHYS_s13_T2_ctrl,39,237,46.9,0.01832960732281208,-0.20216118672423034
UBFC_PHYS_s13_T2_ctrl,39,238,46.93333333333333,0.0174761600792408,-0.16684522828405546
UBFC_PHYS_s13_T2_ctrl,39,239,46.96666666666667,-0.030840856954455376,-0.14165133503132074
UBFC_PHYS_s13_T2_ctrl,40,0,40.0,-0.5316994786262512,-0.06348000073362958
UBFC_PHYS_s13_T2_ctrl,40,1,40.03333333333333,-0.21564364433288574,-0.2622586567676622
UBFC_PHYS_s13_T2_ctrl,40,2,40.06666666666667,0.05735096335411072,-0.44866209083496017
UBFC_PHYS_s13_T2_ctrl,40,3,40.1,0.3671097457408905,-0.6123984394062583
UBFC_PHYS_s13_T2_ctrl,40,4,40.13333333333333,0.7154647707939148,-0.7463678866963254
UBFC_PHYS_s13_T2_ctrl,40,5,40.166666666666664,1.0860950946807861,-0.8474646955949733
UBFC_PHYS_s13_T2_ctrl,40,6,40.2,1.4611871242523193,-0.9158414874713199
UBFC_PHYS_s13_T2_ctrl,40,7,40.233333333333334,1.813924789428711,-0.9527966444994477
UBFC_PHYS_s13_T2_ctrl,40,8,40.266666666666666,2.127756357192993,-0.9584052491886431
UBFC_PHYS_s13_T2_ctrl,40,9,40.3,2.3931918144226074,-0.930236880746098
UBFC_PHYS_s13_T2_ctrl,40,10,40.333333333333336,2.5400540828704834,-0.8638184866061831
UBFC_PHYS_s13_T2_ctrl,40,11,40.36666666666667,2.441218852996826,-0.7545882248782786
UBFC_PHYS_s13_T2_ctrl,40,12,40.4,2.077409505844116,-0.6006307321782411
UBFC_PHYS_s13_T2_ctrl,40,13,40.43333333333333,1.6220340728759766,-0.4053489714703622
UBFC_PHYS_s13_T2_ctrl,40,14,40.46666666666667,1.2802826166152954,-0.17909944537000713
UBFC_PHYS_s13_T2_ctrl,40,15,40.5,1.1265432834625244,0.0610921654654467
UBFC_PHYS_s13_T2_ctrl,40,16,40.53333333333333,1.1234854459762573,0.29402797224319854
UBFC_PHYS_s13_T2_ctrl,40,17,40.56666666666667,1.1638479232788086,0.4984203172783764
UBFC_PHYS_s13_T2_ctrl,40,18,40.6,1.1230932474136353,0.6571593186298841
UBFC_PHYS_s13_T2_ctrl,40,19,40.63333333333333,0.9326919913291931,0.7602533367440966
UBFC_PHYS_s13_T2_ctrl,40,20,40.666666666666664,0.626205325126648,0.8056316566414632
UBFC_PHYS_s13_T2_ctrl,40,21,40.7,0.2914263606071472,0.7980199732881625
UBFC_PHYS_s13_T2_ctrl,40,22,40.733333333333334,0.008223334327340126,0.7467772369061036
UBFC_PHYS_s13_T2_ctrl,40,23,40.766666666666666,-0.16650283336639404,0.6636126604280813
UBFC_PHYS_s13_T2_ctrl,40,24,40.8,-0.2077813744544983,0.5606382525692012
UBFC_PHYS_s13_T2_ctrl,40,25,40.833333333333336,-0.14226029813289642,0.4487949800770177
UBFC_PHYS_s13_T2_ctrl,40,26,40.86666666666667,-0.037200525403022766,0.3366867782554178
UBFC_PHYS_s13_T2_ctrl,40,27,40.9,0.03547105938196182,0.22999152208362686
UBFC_PHYS_s13_T2_ctrl,40,28,40.93333333333333,0.03973830118775368,0.1315265091475361
UBFC_PHYS_s13_T2_ctrl,40,29,40.96666666666667,-0.008608372882008553,0.041857745501663955
UBFC_PHYS_s13_T2_ctrl,40,30,41.0,-0.06668566912412643,-0.039707471565048565
UBFC_PHYS_s13_T2_ctrl,40,31,41.03333333333333,-0.11631416529417038,-0.11391084804991541
UBFC_PHYS_s13_T2_ctrl,40,32,41.06666666666667,-0.18401335179805756,-0.18038553134804466
UBFC_PHYS_s13_T2_ctrl,40,33,41.1,-0.2839392423629761,-0.23690735688916617
UBFC_PHYS_s13_T2_ctrl,40,34,41.13333333333333,-0.3805732727050781,-0.2793414469890444
UBFC_PHYS_s13_T2_ctrl,40,35,41.166666666666664,-0.4444764256477356,-0.3024168458299823
UBFC_PHYS_s13_T2_ctrl,40,36,41.2,-0.5135299563407898,-0.3013033979598443
UBFC_PHYS_s13_T2_ctrl,40,37,41.233333333333334,-0.6334475874900818,-0.27368336878050453
UBFC_PHYS_s13_T2_ctrl,40,38,41.266666666666666,-0.7685691714286804,-0.22160966883705566
UBFC_PHYS_s13_T2_ctrl,40,39,41.3,-0.8606196641921997,-0.15231802024956378
UBFC_PHYS_s13_T2_ctrl,40,40,41.333333333333336,-0.9413380026817322,-0.0775851614697254
UBFC_PHYS_s13_T2_ctrl,40,41,41.36666666666667,-1.091037392616272,-0.011870470113240697
UBFC_PHYS_s13_T2_ctrl,40,42,41.4,-1.3466500043869019,0.03014663297327666
UBFC_PHYS_s13_T2_ctrl,40,43,41.43333333333333,-1.6090044975280762,0.03606820161568169
UBFC_PHYS_s13_T2_ctrl,40,44,41.46666666666667,-1.6217139959335327,-0.0019379963212165165
UBFC_PHYS_s13_T2_ctrl,40,45,41.5,-1.2328778505325317,-0.08508256943923993
UBFC_PHYS_s13_T2_ctrl,40,46,41.53333333333333,-0.6562172174453735,-0.2062074973142392
UBFC_PHYS_s13_T2_ctrl,40,47,41.56666666666667,-0.23886467516422272,-0.3487824305489773
UBFC_PHYS_s13_T2_ctrl,40,48,41.6,-0.10452735424041748,-0.4874413668334526
UBFC_PHYS_s13_T2_ctrl,40,49,41.63333333333333,-0.22214171290397644,-0.5908453859664409
UBFC_PHYS_s13_T2_ctrl,40,50,41.666666666666664,-0.5035423040390015,-0.627083034333087
UBFC_PHYS_s13_T2_ctrl,40,51,41.7,-0.8211567401885986,-0.5709293204688284
UBFC_PHYS_s13_T2_ctrl,40,52,41.733333333333334,-1.1121001243591309,-0.4114380485340045
UBFC_PHYS_s13_T2_ctrl,40,53,41.766666666666666,-1.4272266626358032,-0.15766736228104514
UBFC_PHYS_s13_T2_ctrl,40,54,41.8,-1.8338764905929565,0.15992707764066472
UBFC_PHYS_s13_T2_ctrl,40,55,41.833333333333336,-2.2372114658355713,0.4941440084078505
UBFC_PHYS_s13_T2_ctrl,40,56,41.86666666666667,-2.333137035369873,0.7914158400271267
UBFC_PHYS_s13_T2_ctrl,40,57,41.9,-1.953708529472351,1.0050316065040583
UBFC_PHYS_s13_T2_ctrl,40,58,41.93333333333333,-1.3467652797698975,1.1065858629137744
UBFC_PHYS_s13_T2_ctrl,40,59,41.96666666666667,-0.8128529191017151,1.0914710092966529
UBFC_PHYS_s13_T2_ctrl,40,60,42.0,-0.3662656843662262,0.9769617101288259
UBFC_PHYS_s13_T2_ctrl,40,61,42.03333333333333,-0.002772634383291006,0.7945977934094594
UBFC_PHYS_s13_T2_ctrl,40,62,42.06666666666667,0.182949498295784,0.5801706418151991
UBFC_PHYS_s13_T2_ctrl,40,63,42.1,0.2616809010505676,0.36444579541866196
UBFC_PHYS_s13_T2_ctrl,40,64,42.13333333333333,0.3980744183063507,0.16668275689217238
UBFC_PHYS_s13_T2_ctrl,40,65,42.166666666666664,0.5511414408683777,-0.008069693308915177
UBFC_PHYS_s13_T2_ctrl,40,66,42.2,0.5388801097869873,-0.1676013918625373
UBFC_PHYS_s13_T2_ctrl,40,67,42.233333333333334,0.3652314841747284,-0.32734361370639525
UBFC_PHYS_s13_T2_ctrl,40,68,42.266666666666666,0.24342897534370422,-0.502425417929134
UBFC_PHYS_s13_T2_ctrl,40,69,42.3,0.26798784732818604,-0.6990442520656897
UBFC_PHYS_s13_T2_ctrl,40,70,42.333333333333336,0.3303653299808502,-0.907898890433109
UBFC_PHYS_s13_T2_ctrl,40,71,42.36666666666667,0.35888829827308655,-1.1023945558926165
UBFC_PHYS_s13_T2_ctrl,40,72,42.4,0.37241825461387634,-1.2432941127288877
UBFC_PHYS_s13_T2_ctrl,40,73,42.43333333333333,0.37053340673446655,-1.289485640710154
UBFC_PHYS_s13_T2_ctrl,40,74,42.46666666666667,0.3233005106449127,-1.2120418936554107
UBFC_PHYS_s13_T2_ctrl,40,75,42.5,0.23136207461357117,-1.0066981606003675
UBFC_PHYS_s13_T2_ctrl,40,76,42.53333333333333,0.1253598928451538,-0.6993597524056203
UBFC_PHYS_s13_T2_ctrl,40,77,42.56666666666667,0.019011707976460457,-0.3410570842768834
UBFC_PHYS_s13_T2_ctrl,40,78,42.6,-0.08811742812395096,0.0071913777463397145
UBFC_PHYS_s13_T2_ctrl,40,79,42.63333333333333,-0.16673679649829865,0.2942080947936238
UBFC_PHYS_s13_T2_ctrl,40,80,42.666666666666664,-0.1755414754152298,0.494425956134911
UBFC_PHYS_s13_T2_ctrl,40,81,42.7,-0.12419949471950531,0.6120968647984145
UBFC_PHYS_s13_T2_ctrl,40,82,42.733333333333334,-0.06667578220367432,0.672707042444292
UBFC_PHYS_s13_T2_ctrl,40,83,42.766666666666666,-0.027479788288474083,0.7072173064706627
UBFC_PHYS_s13_T2_ctrl,40,84,42.8,0.014800485223531723,0.7373948703580155
UBFC_PHYS_s13_T2_ctrl,40,85,42.833333333333336,0.06319329142570496,0.7684454014885843
UBFC_PHYS_s13_T2_ctrl,40,86,42.86666666666667,0.0928102433681488,0.7906699536009756
UBFC_PHYS_s13_T2_ctrl,40,87,42.9,0.09807591885328293,0.7875756935967311
UBFC_PHYS_s13_T2_ctrl,40,88,42.93333333333333,0.096579909324646,0.7456429123121264
UBFC_PHYS_s13_T2_ctrl,40,89,42.96666666666667,0.09644480794668198,0.6612506444789884
UBFC_PHYS_s13_T2_ctrl,40,90,43.0,0.09375595301389694,0.5423774248111909
UBFC_PHYS_s13_T2_ctrl,40,91,43.03333333333333,0.08720187097787857,0.40533395105233366
UBFC_PHYS_s13_T2_ctrl,40,92,43.06666666666667,0.07134223729372025,0.26871808662327096
UBFC_PHYS_s13_T2_ctrl,40,93,43.1,0.03647937998175621,0.14736977895298145
UBFC_PHYS_s13_T2_ctrl,40,94,43.13333333333333,-0.009880307130515575,0.04842540811759716
UBFC_PHYS_s13_T2_ctrl,40,95,43.166666666666664,-0.04556365683674812,-0.02967475364621986
UBFC_PHYS_s13_T2_ctrl,40,96,43.2,-0.05695834010839462,-0.09544690470536504
UBFC_PHYS_s13_T2_ctrl,40,97,43.233333333333334,-0.032363224774599075,-0.16076364993858494
UBFC_PHYS_s13_T2_ctrl,40,98,43.266666666666666,0.048770349472761154,-0.23655508527683697
UBFC_PHYS_s13_T2_ctrl,40,99,43.3,0.1796807050704956,-0.32898577819189095
UBFC_PHYS_s13_T2_ctrl,40,100,43.333333333333336,0.31024834513664246,-0.43706995438908397
UBFC_PHYS_s13_T2_ctrl,40,101,43.36666666666667,0.39491763710975647,-0.5522640172282924
UBFC_PHYS_s13_T2_ctrl,40,102,43.4,0.42818233370780945,-0.6600123637853658
UBFC_PHYS_s13_T2_ctrl,40,103,43.43333333333333,0.44269755482673645,-0.7427352852239496
UBFC_PHYS_s13_T2_ctrl,40,104,43.46666666666667,0.5023993849754333,-0.7835098165531791
UBFC_PHYS_s13_T2_ctrl,40,105,43.5,0.6615294814109802,-0.769663295436782
UBFC_PHYS_s13_T2_ctrl,40,106,43.53333333333333,0.8805262446403503,-0.6955697829598503
UBFC_PHYS_s13_T2_ctrl,40,107,43.56666666666667,1.0495188236236572,-0.5641039928782697
UBFC_PHYS_s13_T2_ctrl,40,108,43.6,1.1435562372207642,-0.3864728925149661
UBFC_PHYS_s13_T2_ctrl,40,109,43.63333333333333,1.2005988359451294,-0.1804279045941324
UBFC_PHYS_s13_T2_ctrl,40,110,43.666666666666664,1.1968456506729126,0.032883677550557724
UBFC_PHYS_s13_T2_ctrl,40,111,43.7,1.1056058406829834,0.23283996141150884
UBFC_PHYS_s13_T2_ctrl,40,112,43.733333333333334,1.0080457925796509,0.40304762902627145
UBFC_PHYS_s13_T2_ctrl,40,113,43.766666666666666,0.9951320886611938,0.5336613998031355
UBFC_PHYS_s13_T2_ctrl,40,114,43.8,1.0541616678237915,0.6215244034268129
UBFC_PHYS_s13_T2_ctrl,40,115,43.833333333333336,1.1421129703521729,0.6682610730090534
UBFC_PHYS_s13_T2_ctrl,40,116,43.86666666666667,1.2226533889770508,0.677512806324879
UBFC_PHYS_s13_T2_ctrl,40,117,43.9,1.2225908041000366,0.6528737868012356
UBFC_PHYS_s13_T2_ctrl,40,118,43.93333333333333,1.086747646331787,0.5973476025753167
UBFC_PHYS_s13_T2_ctrl,40,119,43.96666666666667,0.8631343245506287,0.5139706861618302
UBFC_PHYS_s13_T2_ctrl,40,120,44.0,0.6430930495262146,0.4065943672832947
UBFC_PHYS_s13_T2_ctrl,40,121,44.03333333333333,0.4349110722541809,0.2800419768449766
UBFC_PHYS_s13_T2_ctrl,40,122,44.06666666666667,0.19061405956745148,0.1396624546789347
UBFC_PHYS_s13_T2_ctrl,40,123,44.1,-0.0662408247590065,-0.009072014570467584
UBFC_PHYS_s13_T2_ctrl,40,124,44.13333333333333,-0.26606297492980957,-0.16038130966443667
UBFC_PHYS_s13_T2_ctrl,40,125,44.166666666666664,-0.4153142273426056,-0.3074646726933777
UBFC_PHYS_s13_T2_ctrl,40,126,44.2,-0.603537380695343,-0.44184710382921355
UBFC_PHYS_s13_T2_ctrl,40,127,44.233333333333334,-0.8955121636390686,-0.5534876379200274
UBFC_PHYS_s13_T2_ctrl,40,128,44.266666666666666,-1.219594955444336,-0.6320204942624809
UBFC_PHYS_s13_T2_ctrl,40,129,44.3,-1.3604402542114258,-0.6689433100942074
UBFC_PHYS_s13_T2_ctrl,40,130,44.333333333333336,-1.2161219120025635,-0.6600817488455059
UBFC_PHYS_s13_T2_ctrl,40,131,44.36666666666667,-0.9562354683876038,-0.6074198561634694
UBFC_PHYS_s13_T2_ctrl,40,132,44.4,-0.7859346866607666,-0.5194495601805215
UBFC_PHYS_s13_T2_ctrl,40,133,44.43333333333333,-0.6887997984886169,-0.40954682793449726
UBFC_PHYS_s13_T2_ctrl,40,134,44.46666666666667,-0.5997216105461121,-0.292487289047212
UBFC_PHYS_s13_T2_ctrl,40,135,44.5,-0.5909135937690735,-0.18003388481835203
UBFC_PHYS_s13_T2_ctrl,40,136,44.53333333333333,-0.7120208144187927,-0.07729513062326847
UBFC_PHYS_s13_T2_ctrl,40,137,44.56666666666667,-0.8364430069923401,0.01836674418847585
UBFC_PHYS_s13_T2_ctrl,40,138,44.6,-0.8460385203361511,0.11506699853993879
UBFC_PHYS_s13_T2_ctrl,40,139,44.63333333333333,-0.7837236523628235,0.2215036172930649
UBFC_PHYS_s13_T2_ctrl,40,140,44.666666666666664,-0.7782437801361084,0.34145478801209456
UBFC_PHYS_s13_T2_ctrl,40,141,44.7,-0.9152469038963318,0.4701031756030526
UBFC_PHYS_s13_T2_ctrl,40,142,44.733333333333334,-1.201356291770935,0.5939437738990337
UBFC_PHYS_s13_T2_ctrl,40,143,44.766666666666666,-1.5719108581542969,0.6944544640404827
UBFC_PHYS_s13_T2_ctrl,40,144,44.8,-1.8783316612243652,0.7539222448557545
UBFC_PHYS_s13_T2_ctrl,40,145,44.833333333333336,-2.0864081382751465,0.7609251780235995
UBFC_PHYS_s13_T2_ctrl,40,146,44.86666666666667,-2.2508633136749268,0.713529174538596
UBFC_PHYS_s13_T2_ctrl,40,147,44.9,-2.4235663414001465,0.6195202949104003
UBFC_PHYS_s13_T2_ctrl,40,148,44.93333333333333,-2.519366502761841,0.49396926949004416
UBFC_PHYS_s13_T2_ctrl,40,149,44.96666666666667,-2.494415521621704,0.3550034134276185
UBFC_PHYS_s13_T2_ctrl,40,150,45.0,-2.353991985321045,0.21905810112336682
UBFC_PHYS_s13_T2_ctrl,40,151,45.03333333333333,-2.218313694000244,0.09696016640983106
UBFC_PHYS_s13_T2_ctrl,40,152,45.06666666666667,-2.0754878520965576,-0.008183721572360355
UBFC_PHYS_s13_T2_ctrl,40,153,45.1,-1.8729242086410522,-0.10092258514795757
UBFC_PHYS_s13_T2_ctrl,40,154,45.13333333333333,-1.6462992429733276,-0.1913626224329341
UBFC_PHYS_s13_T2_ctrl,40,155,45.166666666666664,-1.548587679862976,-0.29153186828264993
UBFC_PHYS_s13_T2_ctrl,40,156,45.2,-1.603880524635315,-0.4109639664642643
UBFC_PHYS_s13_T2_ctrl,40,157,45.233333333333334,-1.6923524141311646,-0.5524479719727031
UBFC_PHYS_s13_T2_ctrl,40,158,45.266666666666666,-1.6796693801879883,-0.7089831339298552
UBFC_PHYS_s13_T2_ctrl,40,159,45.3,-0.8106484413146973,-0.8628955457460343
UBFC_PHYS_s13_T2_ctrl,40,160,45.333333333333336,0.12347835302352905,-0.9877476274894954
UBFC_PHYS_s13_T2_ctrl,40,161,45.36666666666667,0.5829760432243347,-1.0531072293316173
UBFC_PHYS_s13_T2_ctrl,40,162,45.4,0.8515682816505432,-1.031516109008736
UBFC_PHYS_s13_T2_ctrl,40,163,45.43333333333333,1.0222644805908203,-0.9062374675798155
UBFC_PHYS_s13_T2_ctrl,40,164,45.46666666666667,1.0486456155776978,-0.6777507660504156
UBFC_PHYS_s13_T2_ctrl,40,165,45.5,1.097578763961792,-0.36670159304153715
UBFC_PHYS_s13_T2_ctrl,40,166,45.53333333333333,1.200387954711914,-0.011446112076334157
UBFC_PHYS_s13_T2_ctrl,40,167,45.56666666666667,1.2726444005966187,0.34006886250636387
UBFC_PHYS_s13_T2_ctrl,40,168,45.6,1.19544517993927,0.6418293673891085
UBFC_PHYS_s13_T2_ctrl,40,169,45.63333333333333,1.0757285356521606,0.8605712249241169
UBFC_PHYS_s13_T2_ctrl,40,170,45.666666666666664,1.00771963596344,0.9820165916017476
UBFC_PHYS_s13_T2_ctrl,40,171,45.7,0.9711235165596008,1.0107208451290957
UBFC_PHYS_s13_T2_ctrl,40,172,45.733333333333334,0.8885565400123596,0.9643628716068127
UBFC_PHYS_s13_T2_ctrl,40,173,45.766666666666666,0.7826598286628723,0.8652870210721718
UBFC_PHYS_s13_T2_ctrl,40,174,45.8,0.7183414697647095,0.7326919649431131
UBFC_PHYS_s13_T2_ctrl,40,175,45.833333333333336,0.6773298382759094,0.5781757394273722
UBFC_PHYS_s13_T2_ctrl,40,176,45.86666666666667,0.6235889792442322,0.40590272528616334
UBFC_PHYS_s13_T2_ctrl,40,177,45.9,0.551019549369812,0.2168714483454522
UBFC_PHYS_s13_T2_ctrl,40,178,45.93333333333333,0.49422404170036316,0.015085404402906231
UBFC_PHYS_s13_T2_ctrl,40,179,45.96666666666667,0.4535946547985077,-0.1874831267310333
UBFC_PHYS_s13_T2_ctrl,40,180,46.0,0.4270454943180084,-0.36988543355400283
UBFC_PHYS_s13_T2_ctrl,40,181,46.03333333333333,0.4101775586605072,-0.5062547137653788
UBFC_PHYS_s13_T2_ctrl,40,182,46.06666666666667,0.40455928444862366,-0.573706970069672
UBFC_PHYS_s13_T2_ctrl,40,183,46.1,0.40558409690856934,-0.5609261922334896
UBFC_PHYS_s13_T2_ctrl,40,184,46.13333333333333,0.4306800663471222,-0.4737215845054621
UBFC_PHYS_s13_T2_ctrl,40,185,46.166666666666664,0.49504125118255615,-0.3349373051724718
UBFC_PHYS_s13_T2_ctrl,40,186,46.2,0.577492892742157,-0.17839680888053863
UBFC_PHYS_s13_T2_ctrl,40,187,46.233333333333334,0.6536112427711487,-0.039131806343937876
UBFC_PHYS_s13_T2_ctrl,40,188,46.266666666666666,0.7479287385940552,0.056182433209820686
UBFC_PHYS_s13_T2_ctrl,40,189,46.3,0.9026961326599121,0.09489768934376912
UBFC_PHYS_s13_T2_ctrl,40,190,46.333333333333336,1.1039879322052002,0.07865270455801401
UBFC_PHYS_s13_T2_ctrl,40,191,46.36666666666667,1.3098336458206177,0.019345605785762245
UBFC_PHYS_s13_T2_ctrl,40,192,46.4,1.5231198072433472,-0.06656926893641259
UBFC_PHYS_s13_T2_ctrl,40,193,46.43333333333333,1.7964603900909424,-0.1629091097070955
UBFC_PHYS_s13_T2_ctrl,40,194,46.46666666666667,2.1755988597869873,-0.2562695713014168
UBFC_PHYS_s13_T2_ctrl,40,195,46.5,2.5919201374053955,-0.3361334815556246
UBFC_PHYS_s13_T2_ctrl,40,196,46.53333333333333,2.804669141769409,-0.39349928494569486
UBFC_PHYS_s13_T2_ctrl,40,197,46.56666666666667,2.658189058303833,-0.41939564257707035
UBFC_PHYS_s13_T2_ctrl,40,198,46.6,2.280625820159912,-0.40459652917748046
UBFC_PHYS_s13_T2_ctrl,40,199,46.63333333333333,1.8823390007019043,-0.3412687377816779
UBFC_PHYS_s13_T2_ctrl,40,200,46.666666666666664,1.5156530141830444,-0.22625032705816958
UBFC_PHYS_s13_T2_ctrl,40,201,46.7,1.1550925970077515,-0.06455042471544586
UBFC_PHYS_s13_T2_ctrl,40,202,46.733333333333334,0.8116737604141235,0.12894103171856627
UBFC_PHYS_s13_T2_ctrl,40,203,46.766666666666666,0.49953916668891907,0.3310493424079722
UBFC_PHYS_s13_T2_ctrl,40,204,46.8,0.23679910600185394,0.5151404127980448
UBFC_PHYS_s13_T2_ctrl,40,205,46.833333333333336,0.06591179966926575,0.657414279476379
UBFC_PHYS_s13_T2_ctrl,40,206,46.86666666666667,0.007468740921467543,0.7422281676779424
UBFC_PHYS_s13_T2_ctrl,40,207,46.9,0.01832960732281208,0.7645862314046454
UBFC_PHYS_s13_T2_ctrl,40,208,46.93333333333333,0.0174761600792408,0.7292928066503545
UBFC_PHYS_s13_T2_ctrl,40,209,46.96666666666667,-0.030840856954455376,0.6476013407412677
UBFC_PHYS_s13_T2_ctrl,40,210,47.0,-0.07133185863494873,0.5328814034713717
UBFC_PHYS_s13_T2_ctrl,40,211,47.03333333333333,-0.029806174337863922,0.3968647822529922
UBFC_PHYS_s13_T2_ctrl,40,212,47.06666666666667,0.07527337223291397,0.24766369824251974
UBFC_PHYS_s13_T2_ctrl,40,213,47.1,0.16409127414226532,0.09005474651047059
UBFC_PHYS_s13_T2_ctrl,40,214,47.13333333333333,0.1747840791940689,-0.07239003931048413
UBFC_PHYS_s13_T2_ctrl,40,215,47.166666666666664,0.09214132279157639,-0.23447568469826577
UBFC_PHYS_s13_T2_ctrl,40,216,47.2,-0.07250823080539703,-0.387220630493999
UBFC_PHYS_s13_T2_ctrl,40,217,47.233333333333334,-0.29487261176109314,-0.5174306958558251
UBFC_PHYS_s13_T2_ctrl,40,218,47.266666666666666,-0.5375022888183594,-0.609488346517323
UBFC_PHYS_s13_T2_ctrl,40,219,47.3,-0.7763952016830444,-0.6490403773171033
UBFC_PHYS_s13_T2_ctrl,40,220,47.333333333333336,-1.0243761539459229,-0.6274470216108036
UBFC_PHYS_s13_T2_ctrl,40,221,47.36666666666667,-1.2707425355911255,-0.5453722720042753
UBFC_PHYS_s13_T2_ctrl,40,222,47.4,-1.4329800605773926,-0.4140532134167403
UBFC_PHYS_s13_T2_ctrl,40,223,47.43333333333333,-1.4369738101959229,-0.2535747478935636
UBFC_PHYS_s13_T2_ctrl,40,224,47.46666666666667,-1.3189146518707275,-0.08861092326000278
UBFC_PHYS_s13_T2_ctrl,40,225,47.5,-1.1747016906738281,0.05686831548372476
UBFC_PHYS_s13_T2_ctrl,40,226,47.53333333333333,-1.0455905199050903,0.16401058365317683
UBFC_PHYS_s13_T2_ctrl,40,227,47.56666666666667,-0.9335713386535645,0.2213795735879019
UBFC_PHYS_s13_T2_ctrl,40,228,47.6,-0.855587899684906,0.22540087769860948
UBFC_PHYS_s13_T2_ctrl,40,229,47.63333333333333,-0.7879942059516907,0.18008462922769228
UBFC_PHYS_s13_T2_ctrl,40,230,47.666666666666664,-0.6750227212905884,0.09650533957733605
UBFC_PHYS_s13_T2_ctrl,40,231,47.7,-0.5475162863731384,-0.0084694512371262
UBFC_PHYS_s13_T2_ctrl,40,232,47.733333333333334,-0.5050843954086304,-0.11465589085665569
UBFC_PHYS_s13_T2_ctrl,40,233,47.766666666666666,-0.5607826113700867,-0.20193381814215447
UBFC_PHYS_s13_T2_ctrl,40,234,47.8,-0.6311970353126526,-0.25372869016020394
UBFC_PHYS_s13_T2_ctrl,40,235,47.833333333333336,-0.6909383535385132,-0.2597695911743656
UBFC_PHYS_s13_T2_ctrl,40,236,47.86666666666667,-0.7969537377357483,-0.21754152925826925
UBFC_PHYS_s13_T2_ctrl,40,237,47.9,-0.9785634875297546,-0.1322207970912405
UBFC_PHYS_s13_T2_ctrl,40,238,47.93333333333333,-1.1620054244995117,-0.01529492127825837
UBFC_PHYS_s13_T2_ctrl,40,239,47.96666666666667,-1.2110110521316528,0.11755678733430287
UBFC_PHYS_s13_T2_ctrl,41,0,41.0,-0.06668566912412643,0.11330547169806605
UBFC_PHYS_s13_T2_ctrl,41,1,41.03333333333333,-0.11631416529417038,0.04950150608804663
UBFC_PHYS_s13_T2_ctrl,41,2,41.06666666666667,-0.18401335179805756,0.0033910008270729725
UBFC_PHYS_s13_T2_ctrl,41,3,41.1,-0.2839392423629761,-0.009606934947542356
UBFC_PHYS_s13_T2_ctrl,41,4,41.13333333333333,-0.3805732727050781,0.016927999788667856
UBFC_PHYS_s13_T2_ctrl,41,5,41.166666666666664,-0.4444764256477356,0.07802105076957128
UBFC_PHYS_s13_T2_ctrl,41,6,41.2,-0.5135299563407898,0.15779594598634672
UBFC_PHYS_s13_T2_ctrl,41,7,41.233333333333334,-0.6334475874900818,0.23332356008332236
UBFC_PHYS_s13_T2_ctrl,41,8,41.266666666666666,-0.7685691714286804,0.2808275020706522
UBFC_PHYS_s13_T2_ctrl,41,9,41.3,-0.8606196641921997,0.28206037836894593
UBFC_PHYS_s13_T2_ctrl,41,10,41.333333333333336,-0.9413380026817322,0.22851537416673018
UBFC_PHYS_s13_T2_ctrl,41,11,41.36666666666667,-1.091037392616272,0.1221309605307295
UBFC_PHYS_s13_T2_ctrl,41,12,41.4,-1.3466500043869019,-0.027232128114805788
UBFC_PHYS_s13_T2_ctrl,41,13,41.43333333333333,-1.6090044975280762,-0.20590398515571307
UBFC_PHYS_s13_T2_ctrl,41,14,41.46666666666667,-1.6217139959335327,-0.4000570736973615
UBFC_PHYS_s13_T2_ctrl,41,15,41.5,-1.2328778505325317,-0.5973447508910656
UBFC_PHYS_s13_T2_ctrl,41,16,41.53333333333333,-0.6562172174453735,-0.7859985301373738
UBFC_PHYS_s13_T2_ctrl,41,17,41.56666666666667,-0.23886467516422272,-0.9520897437419197
UBFC_PHYS_s13_T2_ctrl,41,18,41.6,-0.10452735424041748,-1.0767471300197051
UBFC_PHYS_s13_T2_ctrl,41,19,41.63333333333333,-0.22214171290397644,-1.1355298315842057
UBFC_PHYS_s13_T2_ctrl,41,20,41.666666666666664,-0.5035423040390015,-1.1015364564909882
UBFC_PHYS_s13_T2_ctrl,41,21,41.7,-0.8211567401885986,-0.9523509488126211
UBFC_PHYS_s13_T2_ctrl,41,22,41.733333333333334,-1.1121001243591309,-0.6790938909990999
UBFC_PHYS_s13_T2_ctrl,41,23,41.766666666666666,-1.4272266626358032,-0.2942569905785996
UBFC_PHYS_s13_T2_ctrl,41,24,41.8,-1.8338764905929565,0.16559941292086616
UBFC_PHYS_s13_T2_ctrl,41,25,41.833333333333336,-2.2372114658355713,0.644945337928287
UBFC_PHYS_s13_T2_ctrl,41,26,41.86666666666667,-2.333137035369873,1.0816505265638168
UBFC_PHYS_s13_T2_ctrl,41,27,41.9,-1.953708529472351,1.4224193912063345
UBFC_PHYS_s13_T2_ctrl,41,28,41.93333333333333,-1.3467652797698975,1.6350479247168441
UBFC_PHYS_s13_T2_ctrl,41,29,41.96666666666667,-0.8128529191017151,1.7125717264278784
UBFC_PHYS_s13_T2_ctrl,41,30,42.0,-0.3662656843662262,1.6687523256450318
UBFC_PHYS_s13_T2_ctrl,41,31,42.03333333333333,-0.002772634383291006,1.5286142942285832
UBFC_PHYS_s13_T2_ctrl,41,32,42.06666666666667,0.182949498295784,1.3189342820043053
UBFC_PHYS_s13_T2_ctrl,41,33,42.1,0.2616809010505676,1.0619453700585346
UBFC_PHYS_s13_T2_ctrl,41,34,42.13333333333333,0.3980744183063507,0.773022502634991
UBFC_PHYS_s13_T2_ctrl,41,35,42.166666666666664,0.5511414408683777,0.4613462828916361
UBFC_PHYS_s13_T2_ctrl,41,36,42.2,0.5388801097869873,0.13212635304678166
UBFC_PHYS_s13_T2_ctrl,41,37,42.233333333333334,0.3652314841747284,-0.21058713789734154
UBFC_PHYS_s13_T2_ctrl,41,38,42.266666666666666,0.24342897534370422,-0.5609898117274684
UBFC_PHYS_s13_T2_ctrl,41,39,42.3,0.26798784732818604,-0.9087701352704336
UBFC_PHYS_s13_T2_ctrl,41,40,42.333333333333336,0.3303653299808502,-1.2368442369221286
UBFC_PHYS_s13_T2_ctrl,41,41,42.36666666666667,0.35888829827308655,-1.520371184148502
UBFC_PHYS_s13_T2_ctrl,41,42,42.4,0.37241825461387634,-1.7284368804306407
UBFC_PHYS_s13_T2_ctrl,41,43,42.43333333333333,0.37053340673446655,-1.8295473992236084
UBFC_PHYS_s13_T2_ctrl,41,44,42.46666666666667,0.3233005106449127,-1.8004038288536177
UBFC_PHYS_s13_T2_ctrl,41,45,42.5,0.23136207461357117,-1.635133812703734
UBFC_PHYS_s13_T2_ctrl,41,46,42.53333333333333,0.1253598928451538,-1.3507221901409268
UBFC_PHYS_s13_T2_ctrl,41,47,42.56666666666667,0.019011707976460457,-0.9850233563735699
UBFC_PHYS_s13_T2_ctrl,41,48,42.6,-0.08811742812395096,-0.5867144920872333
UBFC_PHYS_s13_T2_ctrl,41,49,42.63333333333333,-0.16673679649829865,-0.2007846760242677
UBFC_PHYS_s13_T2_ctrl,41,50,42.666666666666664,-0.1755414754152298,0.14364263731500695
UBFC_PHYS_s13_T2_ctrl,41,51,42.7,-0.12419949471950531,0.4370585344968003
UBFC_PHYS_s13_T2_ctrl,41,52,42.733333333333334,-0.06667578220367432,0.6839089596119884
UBFC_PHYS_s13_T2_ctrl,41,53,42.766666666666666,-0.027479788288474083,0.8920962978121555
UBFC_PHYS_s13_T2_ctrl,41,54,42.8,0.014800485223531723,1.0639866412475758
UBFC_PHYS_s13_T2_ctrl,41,55,42.833333333333336,0.06319329142570496,1.1931526862903952
UBFC_PHYS_s13_T2_ctrl,41,56,42.86666666666667,0.0928102433681488,1.2673807419964513
UBFC_PHYS_s13_T2_ctrl,41,57,42.9,0.09807591885328293,1.2753682069824241
UBFC_PHYS_s13_T2_ctrl,41,58,42.93333333333333,0.096579909324646,1.2133263707182578
UBFC_PHYS_s13_T2_ctrl,41,59,42.96666666666667,0.09644480794668198,1.0884150311141656
UBFC_PHYS_s13_T2_ctrl,41,60,43.0,0.09375595301389694,0.9177814136849876
UBFC_PHYS_s13_T2_ctrl,41,61,43.03333333333333,0.08720187097787857,0.7240035051887801
UBFC_PHYS_s13_T2_ctrl,41,62,43.06666666666667,0.07134223729372025,0.5290992959034014
UBFC_PHYS_s13_T2_ctrl,41,63,43.1,0.03647937998175621,0.34940439058240985
UBFC_PHYS_s13_T2_ctrl,41,64,43.13333333333333,-0.009880307130515575,0.1926670063300864
UBFC_PHYS_s13_T2_ctrl,41,65,43.166666666666664,-0.04556365683674812,0.05762964131867145
UBFC_PHYS_s13_T2_ctrl,41,66,43.2,-0.05695834010839462,-0.06409371141942756
UBFC_PHYS_s13_T2_ctrl,41,67,43.233333333333334,-0.032363224774599075,-0.1842806509947172
UBFC_PHYS_s13_T2_ctrl,41,68,43.266666666666666,0.048770349472761154,-0.3134955421355316
UBFC_PHYS_s13_T2_ctrl,41,69,43.3,0.1796807050704956,-0.4570575172395193
UBFC_PHYS_s13_T2_ctrl,41,70,43.333333333333336,0.31024834513664246,-0.6127869112190238
UBFC_PHYS_s13_T2_ctrl,41,71,43.36666666666667,0.39491763710975647,-0.7709671710745142
UBFC_PHYS_s13_T2_ctrl,41,72,43.4,0.42818233370780945,-0.9161657042332758
UBFC_PHYS_s13_T2_ctrl,41,73,43.43333333333333,0.44269755482673645,-1.0301062938388437
UBFC_PHYS_s13_T2_ctrl,41,74,43.46666666666667,0.5023993849754333,-1.0947966776733598
UBFC_PHYS_s13_T2_ctrl,41,75,43.5,0.6615294814109802,-1.0954451473986095
UBFC_PHYS_s13_T2_ctrl,41,76,43.53333333333333,0.8805262446403503,-1.0230346450198002
UBFC_PHYS_s13_T2_ctrl,41,77,43.56666666666667,1.0495188236236572,-0.8764178915810206
UBFC_PHYS_s13_T2_ctrl,41,78,43.6,1.1435562372207642,-0.6634326992487689
UBFC_PHYS_s13_T2_ctrl,41,79,43.63333333333333,1.2005988359451294,-0.4003316391270299
UBFC_PHYS_s13_T2_ctrl,41,80,43.666666666666664,1.1968456506729126,-0.10924513473772063
UBFC_PHYS_s13_T2_ctrl,41,81,43.7,1.1056058406829834,0.18570683480932132
UBFC_PHYS_s13_T2_ctrl,41,82,43.733333333333334,1.0080457925796509,0.4622723122450668
UBFC_PHYS_s13_T2_ctrl,41,83,43.766666666666666,0.9951320886611938,0.7025445779894388
UBFC_PHYS_s13_T2_ctrl,41,84,43.8,1.0541616678237915,0.8936567842889769
UBFC_PHYS_s13_T2_ctrl,41,85,43.833333333333336,1.1421129703521729,1.0272953292697296
UBFC_PHYS_s13_T2_ctrl,41,86,43.86666666666667,1.2226533889770508,1.0988805349512105
UBFC_PHYS_s13_T2_ctrl,41,87,43.9,1.2225908041000366,1.1069759740597656
UBFC_PHYS_s13_T2_ctrl,41,88,43.93333333333333,1.086747646331787,1.0531745973868623
UBFC_PHYS_s13_T2_ctrl,41,89,43.96666666666667,0.8631343245506287,0.94232483608891
UBFC_PHYS_s13_T2_ctrl,41,90,44.0,0.6430930495262146,0.7824643580874856
UBFC_PHYS_s13_T2_ctrl,41,91,44.03333333333333,0.4349110722541809,0.5837577571978128
UBFC_PHYS_s13_T2_ctrl,41,92,44.06666666666667,0.19061405956745148,0.3564554620680028
UBFC_PHYS_s13_T2_ctrl,41,93,44.1,-0.0662408247590065,0.10890879231326821
UBFC_PHYS_s13_T2_ctrl,41,94,44.13333333333333,-0.26606297492980957,-0.15286898220783823
UBFC_PHYS_s13_T2_ctrl,41,95,44.166666666666664,-0.4153142273426056,-0.42327337294158257
UBFC_PHYS_s13_T2_ctrl,41,96,44.2,-0.603537380695343,-0.6935706408339799
UBFC_PHYS_s13_T2_ctrl,41,97,44.233333333333334,-0.8955121636390686,-0.9488451383116991
UBFC_PHYS_s13_T2_ctrl,41,98,44.266666666666666,-1.219594955444336,-1.167545117027547
UBFC_PHYS_s13_T2_ctrl,41,99,44.3,-1.3604402542114258,-1.3244915542113846
UBFC_PHYS_s13_T2_ctrl,41,100,44.333333333333336,-1.2161219120025635,-1.396502259455379
UBFC_PHYS_s13_T2_ctrl,41,101,44.36666666666667,-0.9562354683876038,-1.3685448100662065
UBFC_PHYS_s13_T2_ctrl,41,102,44.4,-0.7859346866607666,-1.2381440393678818
UBFC_PHYS_s13_T2_ctrl,41,103,44.43333333333333,-0.6887997984886169,-1.0164941160178913
UBFC_PHYS_s13_T2_ctrl,41,104,44.46666666666667,-0.5997216105461121,-0.7258813009654039
UBFC_PHYS_s13_T2_ctrl,41,105,44.5,-0.5909135937690735,-0.39423960611231734
UBFC_PHYS_s13_T2_ctrl,41,106,44.53333333333333,-0.7120208144187927,-0.048661636602344675
UBFC_PHYS_s13_T2_ctrl,41,107,44.56666666666667,-0.8364430069923401,0.289781845834371
UBFC_PHYS_s13_T2_ctrl,41,108,44.6,-0.8460385203361511,0.6078165563593647
UBFC_PHYS_s13_T2_ctrl,41,109,44.63333333333333,-0.7837236523628235,0.8976629525751584
UBFC_PHYS_s13_T2_ctrl,41,110,44.666666666666664,-0.7782437801361084,1.152257701673928
UBFC_PHYS_s13_T2_ctrl,41,111,44.7,-0.9152469038963318,1.3611491317593032
UBFC_PHYS_s13_T2_ctrl,41,112,44.733333333333334,-1.201356291770935,1.5097329941011512
UBFC_PHYS_s13_T2_ctrl,41,113,44.766666666666666,-1.5719108581542969,1.5823365089857568
UBFC_PHYS_s13_T2_ctrl,41,114,44.8,-1.8783316612243652,1.5673002860264131
UBFC_PHYS_s13_T2_ctrl,41,115,44.833333333333336,-2.0864081382751465,1.4612638337882555
UBFC_PHYS_s13_T2_ctrl,41,116,44.86666666666667,-2.2508633136749268,1.2708935191859285
UBFC_PHYS_s13_T2_ctrl,41,117,44.9,-2.4235663414001465,1.0120231544799434
UBFC_PHYS_s13_T2_ctrl,41,118,44.93333333333333,-2.519366502761841,0.7070787770620984
UBFC_PHYS_s13_T2_ctrl,41,119,44.96666666666667,-2.494415521621704,0.3815972385964698
UBFC_PHYS_s13_T2_ctrl,41,120,45.0,-2.353991985321045,0.060298932943455404
UBFC_PHYS_s13_T2_ctrl,41,121,45.03333333333333,-2.218313694000244,-0.23688722960720743
UBFC_PHYS_s13_T2_ctrl,41,122,45.06666666666667,-2.0754878520965576,-0.4981102251486611
UBFC_PHYS_s13_T2_ctrl,41,123,45.1,-1.8729242086410522,-0.7212086813328641
UBFC_PHYS_s13_T2_ctrl,41,124,45.13333333333333,-1.6462992429733276,-0.9129402636370975
UBFC_PHYS_s13_T2_ctrl,41,125,45.166666666666664,-1.548587679862976,-1.0856773044676378
UBFC_PHYS_s13_T2_ctrl,41,126,45.2,-1.603880524635315,-1.2519081907680554
UBFC_PHYS_s13_T2_ctrl,41,127,45.233333333333334,-1.6923524141311646,-1.4174854057642088
UBFC_PHYS_s13_T2_ctrl,41,128,45.266666666666666,-1.6796693801879883,-1.575424447414562
UBFC_PHYS_s13_T2_ctrl,41,129,45.3,-0.8106484413146973,-1.7027703271438215
UBFC_PHYS_s13_T2_ctrl,41,130,45.333333333333336,0.12347835302352905,-1.7629322317258405
UBFC_PHYS_s13_T2_ctrl,41,131,45.36666666666667,0.5829760432243347,-1.7144640729112282
UBFC_PHYS_s13_T2_ctrl,41,132,45.4,0.8515682816505432,-1.524683936853725
UBFC_PHYS_s13_T2_ctrl,41,133,45.43333333333333,1.0222644805908203,-1.183785010905667
UBFC_PHYS_s13_T2_ctrl,41,134,45.46666666666667,1.0486456155776978,-0.7136377936306162
UBFC_PHYS_s13_T2_ctrl,41,135,45.5,1.097578763961792,-0.16654989662865535
UBFC_PHYS_s13_T2_ctrl,41,136,45.53333333333333,1.200387954711914,0.3869767998204172
UBFC_PHYS_s13_T2_ctrl,41,137,45.56666666666667,1.2726444005966187,0.8773941272809741
UBFC_PHYS_s13_T2_ctrl,41,138,45.6,1.19544517993927,1.2542947411956087
UBFC_PHYS_s13_T2_ctrl,41,139,45.63333333333333,1.0757285356521606,1.4960839403304567
UBFC_PHYS_s13_T2_ctrl,41,140,45.666666666666664,1.00771963596344,1.6084333617215132
UBFC_PHYS_s13_T2_ctrl,41,141,45.7,0.9711235165596008,1.6145632334529494
UBFC_PHYS_s13_T2_ctrl,41,142,45.733333333333334,0.8885565400123596,1.5430848036901832
UBFC_PHYS_s13_T2_ctrl,41,143,45.766666666666666,0.7826598286628723,1.4183168090505696
UBFC_PHYS_s13_T2_ctrl,41,144,45.8,0.7183414697647095,1.2554512758743765
UBFC_PHYS_s13_T2_ctrl,41,145,45.833333333333336,0.6773298382759094,1.0605923368109682
UBFC_PHYS_s13_T2_ctrl,41,146,45.86666666666667,0.6235889792442322,0.8345137817933085
UBFC_PHYS_s13_T2_ctrl,41,147,45.9,0.551019549369812,0.5784767677178156
UBFC_PHYS_s13_T2_ctrl,41,148,45.93333333333333,0.49422404170036316,0.29991078048052794
UBFC_PHYS_s13_T2_ctrl,41,149,45.96666666666667,0.4535946547985077,0.015588280401955309
UBFC_PHYS_s13_T2_ctrl,41,150,46.0,0.4270454943180084,-0.24927660897040455
UBFC_PHYS_s13_T2_ctrl,41,151,46.03333333333333,0.4101775586605072,-0.4660462319437223
UBFC_PHYS_s13_T2_ctrl,41,152,46.06666666666667,0.40455928444862366,-0.6102599784690522
UBFC_PHYS_s13_T2_ctrl,41,153,46.1,0.40558409690856934,-0.6692200091462677
UBFC_PHYS_s13_T2_ctrl,41,154,46.13333333333333,0.4306800663471222,-0.6467682440493091
UBFC_PHYS_s13_T2_ctrl,41,155,46.166666666666664,0.49504125118255615,-0.5632467648948253
UBFC_PHYS_s13_T2_ctrl,41,156,46.2,0.577492892742157,-0.45024703346969924
UBFC_PHYS_s13_T2_ctrl,41,157,46.233333333333334,0.6536112427711487,-0.34176201287482744
UBFC_PHYS_s13_T2_ctrl,41,158,46.266666666666666,0.7479287385940552,-0.26498075444661295
UBFC_PHYS_s13_T2_ctrl,41,159,46.3,0.9026961326599121,-0.2341529292847707
UBFC_PHYS_s13_T2_ctrl,41,160,46.333333333333336,1.1039879322052002,-0.24933278246156262
UBFC_PHYS_s13_T2_ctrl,41,161,46.36666666666667,1.3098336458206177,-0.29946793725976995
UBFC_PHYS_s13_T2_ctrl,41,162,46.4,1.5231198072433472,-0.3676866464599638
UBFC_PHYS_s13_T2_ctrl,41,163,46.43333333333333,1.7964603900909424,-0.4364079696988604
UBFC_PHYS_s13_T2_ctrl,41,164,46.46666666666667,2.1755988597869873,-0.49081713791250314
UBFC_PHYS_s13_T2_ctrl,41,165,46.5,2.5919201374053955,-0.5204301649483026
UBFC_PHYS_s13_T2_ctrl,41,166,46.53333333333333,2.804669141769409,-0.5191551812265253
UBFC_PHYS_s13_T2_ctrl,41,167,46.56666666666667,2.658189058303833,-0.4844700545876453
UBFC_PHYS_s13_T2_ctrl,41,168,46.6,2.280625820159912,-0.41639681570300385
UBFC_PHYS_s13_T2_ctrl,41,169,46.63333333333333,1.8823390007019043,-0.3168743294288271
UBFC_PHYS_s13_T2_ctrl,41,170,46.666666666666664,1.5156530141830444,-0.18981429860363258
UBFC_PHYS_s13_T2_ctrl,41,171,46.7,1.1550925970077515,-0.04164172936920459
UBFC_PHYS_s13_T2_ctrl,41,172,46.733333333333334,0.8116737604141235,0.11829661660727425
UBFC_PHYS_s13_T2_ctrl,41,173,46.766666666666666,0.49953916668891907,0.27809645433049107
UBFC_PHYS_s13_T2_ctrl,41,174,46.8,0.23679910600185394,0.4246174606571196
UBFC_PHYS_s13_T2_ctrl,41,175,46.833333333333336,0.06591179966926575,0.5454124678877306
UBFC_PHYS_s13_T2_ctrl,41,176,46.86666666666667,0.007468740921467543,0.6307055214159747
UBFC_PHYS_s13_T2_ctrl,41,177,46.9,0.01832960732281208,0.6748984185783451
UBFC_PHYS_s13_T2_ctrl,41,178,46.93333333333333,0.0174761600792408,0.6771713786520472
UBFC_PHYS_s13_T2_ctrl,41,179,46.96666666666667,-0.030840856954455376,0.6409473071495853
UBFC_PHYS_s13_T2_ctrl,41,180,47.0,-0.07133185863494873,0.572404048719944
UBFC_PHYS_s13_T2_ctrl,41,181,47.03333333333333,-0.029806174337863922,0.4786875950774687
UBFC_PHYS_s13_T2_ctrl,41,182,47.06666666666667,0.07527337223291397,0.36670307320901774
UBFC_PHYS_s13_T2_ctrl,41,183,47.1,0.16409127414226532,0.24308018299814887
UBFC_PHYS_s13_T2_ctrl,41,184,47.13333333333333,0.1747840791940689,0.11515943456284494
UBFC_PHYS_s13_T2_ctrl,41,185,47.166666666666664,0.09214132279157639,-0.007893181872242278
UBFC_PHYS_s13_T2_ctrl,41,186,47.2,-0.07250823080539703,-0.11493972477797475
UBFC_PHYS_s13_T2_ctrl,41,187,47.233333333333334,-0.29487261176109314,-0.19432482029022294
UBFC_PHYS_s13_T2_ctrl,41,188,47.266666666666666,-0.5375022888183594,-0.23667380783449163
UBFC_PHYS_s13_T2_ctrl,41,189,47.3,-0.7763952016830444,-0.23793865010796886
UBFC_PHYS_s13_T2_ctrl,41,190,47.333333333333336,-1.0243761539459229,-0.20127392818059175
UBFC_PHYS_s13_T2_ctrl,41,191,47.36666666666667,-1.2707425355911255,-0.1367230423836706
UBFC_PHYS_s13_T2_ctrl,41,192,47.4,-1.4329800605773926,-0.05866470650325342
UBFC_PHYS_s13_T2_ctrl,41,193,47.43333333333333,-1.4369738101959229,0.017969305230879393
UBFC_PHYS_s13_T2_ctrl,41,194,47.46666666666667,-1.3189146518707275,0.08110124704869931
UBFC_PHYS_s13_T2_ctrl,41,195,47.5,-1.1747016906738281,0.12315887293048666
UBFC_PHYS_s13_T2_ctrl,41,196,47.53333333333333,-1.0455905199050903,0.14055450489952293
UBFC_PHYS_s13_T2_ctrl,41,197,47.56666666666667,-0.9335713386535645,0.13169684217620184
UBFC_PHYS_s13_T2_ctrl,41,198,47.6,-0.855587899684906,0.09487826843107797
UBFC_PHYS_s13_T2_ctrl,41,199,47.63333333333333,-0.7879942059516907,0.02728920379760231
UBFC_PHYS_s13_T2_ctrl,41,200,47.666666666666664,-0.6750227212905884,-0.07425784699359815
UBFC_PHYS_s13_T2_ctrl,41,201,47.7,-0.5475162863731384,-0.2111428164428038
UBFC_PHYS_s13_T2_ctrl,41,202,47.733333333333334,-0.5050843954086304,-0.3801179364243608
UBFC_PHYS_s13_T2_ctrl,41,203,47.766666666666666,-0.5607826113700867,-0.5708385740765778
UBFC_PHYS_s13_T2_ctrl,41,204,47.8,-0.6311970353126526,-0.7645721727493041
UBFC_PHYS_s13_T2_ctrl,41,205,47.833333333333336,-0.6909383535385132,-0.9347351517970371
UBFC_PHYS_s13_T2_ctrl,41,206,47.86666666666667,-0.7969537377357483,-1.0498302514883429
UBFC_PHYS_s13_T2_ctrl,41,207,47.9,-0.9785634875297546,-1.0790430680994914
UBFC_PHYS_s13_T2_ctrl,41,208,47.93333333333333,-1.1620054244995117,-0.9998586454752042
UBFC_PHYS_s13_T2_ctrl,41,209,47.96666666666667,-1.2110110521316528,-0.8056935157639263
UBFC_PHYS_s13_T2_ctrl,41,210,48.0,-1.0448555946350098,-0.5104455687216871
UBFC_PHYS_s13_T2_ctrl,41,211,48.03333333333333,-0.7295148968696594,-0.14727958670690694
UBFC_PHYS_s13_T2_ctrl,41,212,48.06666666666667,-0.4480648636817932,0.23866085297288292
UBFC_PHYS_s13_T2_ctrl,41,213,48.1,-0.3286019265651703,0.6009685935537002
UBFC_PHYS_s13_T2_ctrl,41,214,48.13333333333333,-0.36926427483558655,0.9018825835487828
UBFC_PHYS_s13_T2_ctrl,41,215,48.166666666666664,-0.48171180486679077,1.1179829060633342
UBFC_PHYS_s13_T2_ctrl,41,216,48.2,-0.5577378869056702,1.2409653072082063
UBFC_PHYS_s13_T2_ctrl,41,217,48.233333333333334,-0.5155169367790222,1.2751784059190503
UBFC_PHYS_s13_T2_ctrl,41,218,48.266666666666666,-0.3544854521751404,1.2339589706000764
UBFC_PHYS_s13_T2_ctrl,41,219,48.3,-0.15366816520690918,1.1357780917312634
UBFC_PHYS_s13_T2_ctrl,41,220,48.333333333333336,0.02885766327381134,1.0003717532082705
UBFC_PHYS_s13_T2_ctrl,41,221,48.36666666666667,0.19729995727539062,0.8450141386525705
UBFC_PHYS_s13_T2_ctrl,41,222,48.4,0.37279388308525085,0.6816163758016858
UBFC_PHYS_s13_T2_ctrl,41,223,48.43333333333333,0.5504593253135681,0.5155862177269112
UBFC_PHYS_s13_T2_ctrl,41,224,48.46666666666667,0.6911398768424988,0.34684194523918144
UBFC_PHYS_s13_T2_ctrl,41,225,48.5,0.7593464851379395,0.17249457724667674
UBFC_PHYS_s13_T2_ctrl,41,226,48.53333333333333,0.7807848453521729,-0.009826803572653515
UBFC_PHYS_s13_T2_ctrl,41,227,48.56666666666667,0.8254936337471008,-0.19917703460684674
UBFC_PHYS_s13_T2_ctrl,41,228,48.6,0.9166049957275391,-0.39006631478407006
UBFC_PHYS_s13_T2_ctrl,41,229,48.63333333333333,1.018237829208374,-0.5732415920154719
UBFC_PHYS_s13_T2_ctrl,41,230,48.666666666666664,1.0928173065185547,-0.7378641238144779
UBFC_PHYS_s13_T2_ctrl,41,231,48.7,1.1310116052627563,-0.8736822226809062
UBFC_PHYS_s13_T2_ctrl,41,232,48.733333333333334,1.1326855421066284,-0.9719793214206797
UBFC_PHYS_s13_T2_ctrl,41,233,48.766666666666666,1.0990583896636963,-1.0251722986183633
UBFC_PHYS_s13_T2_ctrl,41,234,48.8,1.0489323139190674,-1.0262024782379662
UBFC_PHYS_s13_T2_ctrl,41,235,48.833333333333336,1.0030734539031982,-0.9692080767986704
UBFC_PHYS_s13_T2_ctrl,41,236,48.86666666666667,0.9560019969940186,-0.8519132940201907
UBFC_PHYS_s13_T2_ctrl,41,237,48.9,0.8920395374298096,-0.6785932080433784
UBFC_PHYS_s13_T2_ctrl,41,238,48.93333333333333,0.8169031739234924,-0.461695450124304
UBFC_PHYS_s13_T2_ctrl,41,239,48.96666666666667,0.7399280667304993,-0.2208894383309666
UBFC_PHYS_s13_T2_ctrl,42,0,42.0,-0.3662656843662262,-0.0027567790433505714
UBFC_PHYS_s13_T2_ctrl,42,1,42.03333333333333,-0.002772634383291006,-0.33866222693577325
UBFC_PHYS_s13_T2_ctrl,42,2,42.06666666666667,0.182949498295784,-0.6256480668607783
UBFC_PHYS_s13_T2_ctrl,42,3,42.1,0.2616809010505676,-0.8257382412413665
UBFC_PHYS_s13_T2_ctrl,42,4,42.13333333333333,0.3980744183063507,-0.9217045605990021
UBFC_PHYS_s13_T2_ctrl,42,5,42.166666666666664,0.5511414408683777,-0.9221653607679866
UBFC_PHYS_s13_T2_ctrl,42,6,42.2,0.5388801097869873,-0.8597543439780074
UBFC_PHYS_s13_T2_ctrl,42,7,42.233333333333334,0.3652314841747284,-0.7819256961495576
UBFC_PHYS_s13_T2_ctrl,42,8,42.266666666666666,0.24342897534370422,-0.7365512106783291
UBFC_PHYS_s13_T2_ctrl,42,9,42.3,0.26798784732818604,-0.7565126232441177
UBFC_PHYS_s13_T2_ctrl,42,10,42.333333333333336,0.3303653299808502,-0.8483483343718194
UBFC_PHYS_s13_T2_ctrl,42,11,42.36666666666667,0.35888829827308655,-0.9889929534413285
UBFC_PHYS_s13_T2_ctrl,42,12,42.4,0.37241825461387634,-1.1318224066771292
UBFC_PHYS_s13_T2_ctrl,42,13,42.43333333333333,0.37053340673446655,-1.2200260271741834
UBFC_PHYS_s13_T2_ctrl,42,14,42.46666666666667,0.3233005106449127,-1.2032590900042521
UBFC_PHYS_s13_T2_ctrl,42,15,42.5,0.23136207461357117,-1.0528226659176643
UBFC_PHYS_s13_T2_ctrl,42,16,42.53333333333333,0.1253598928451538,-0.7709485523586614
UBFC_PHYS_s13_T2_ctrl,42,17,42.56666666666667,0.019011707976460457,-0.391075676689899
UBFC_PHYS_s13_T2_ctrl,42,18,42.6,-0.08811742812395096,0.03159620534653762
UBFC_PHYS_s13_T2_ctrl,42,19,42.63333333333333,-0.16673679649829865,0.4365201862965517
UBFC_PHYS_s13_T2_ctrl,42,20,42.666666666666664,-0.1755414754152298,0.7749820252148205
UBFC_PHYS_s13_T2_ctrl,42,21,42.7,-0.12419949471950531,1.021073243906826
UBFC_PHYS_s13_T2_ctrl,42,22,42.733333333333334,-0.06667578220367432,1.1727838349910509
UBFC_PHYS_s13_T2_ctrl,42,23,42.766666666666666,-0.027479788288474083,1.2446012547412844
UBFC_PHYS_s13_T2_ctrl,42,24,42.8,0.014800485223531723,1.2564690469078
UBFC_PHYS_s13_T2_ctrl,42,25,42.833333333333336,0.06319329142570496,1.2244465038631052
UBFC_PHYS_s13_T2_ctrl,42,26,42.86666666666667,0.0928102433681488,1.1563837766699547
UBFC_PHYS_s13_T2_ctrl,42,27,42.9,0.09807591885328293,1.0529242937536005
UBFC_PHYS_s13_T2_ctrl,42,28,42.93333333333333,0.096579909324646,0.9118270869174264
UBFC_PHYS_s13_T2_ctrl,42,29,42.96666666666667,0.09644480794668198,0.732840706000764
UBFC_PHYS_s13_T2_ctrl,42,30,43.0,0.09375595301389694,0.521050876871599
UBFC_PHYS_s13_T2_ctrl,42,31,43.03333333333333,0.08720187097787857,0.2878303871436504
UBFC_PHYS_s13_T2_ctrl,42,32,43.06666666666667,0.07134223729372025,0.04939190811048519
UBFC_PHYS_s13_T2_ctrl,42,33,43.1,0.03647937998175621,-0.1764756839337454
UBFC_PHYS_s13_T2_ctrl,42,34,43.13333333333333,-0.009880307130515575,-0.37433927251577714
UBFC_PHYS_s13_T2_ctrl,42,35,43.166666666666664,-0.04556365683674812,-0.5342492104950282
UBFC_PHYS_s13_T2_ctrl,42,36,43.2,-0.05695834010839462,-0.6528588890029321
UBFC_PHYS_s13_T2_ctrl,42,37,43.233333333333334,-0.032363224774599075,-0.7321760250001115
UBFC_PHYS_s13_T2_ctrl,42,38,43.266666666666666,0.048770349472761154,-0.7766542995604043
UBFC_PHYS_s13_T2_ctrl,42,39,43.3,0.1796807050704956,-0.7900920062797644
UBFC_PHYS_s13_T2_ctrl,42,40,43.333333333333336,0.31024834513664246,-0.7738257636180289
UBFC_PHYS_s13_T2_ctrl,42,41,43.36666666666667,0.39491763710975647,-0.7269486872305692
UBFC_PHYS_s13_T2_ctrl,42,42,43.4,0.42818233370780945,-0.6481506593831143
UBFC_PHYS_s13_T2_ctrl,42,43,43.43333333333333,0.44269755482673645,-0.5380472799201763
UBFC_PHYS_s13_T2_ctrl,42,44,43.46666666666667,0.5023993849754333,-0.4009531476352001
UBFC_PHYS_s13_T2_ctrl,42,45,43.5,0.6615294814109802,-0.24545295632308092
UBFC_PHYS_s13_T2_ctrl,42,46,43.53333333333333,0.8805262446403503,-0.08333455425350493
UBFC_PHYS_s13_T2_ctrl,42,47,43.56666666666667,1.0495188236236572,0.0731075864355514
UBFC_PHYS_s13_T2_ctrl,42,48,43.6,1.1435562372207642,0.21441779293581126
UBFC_PHYS_s13_T2_ctrl,42,49,43.63333333333333,1.2005988359451294,0.3363269288607986
UBFC_PHYS_s13_T2_ctrl,42,50,43.666666666666664,1.1968456506729126,0.4399061152148793
UBFC_PHYS_s13_T2_ctrl,42,51,43.7,1.1056058406829834,0.529505188933492
UBFC_PHYS_s13_T2_ctrl,42,52,43.733333333333334,1.0080457925796509,0.6094820368139539
UBFC_PHYS_s13_T2_ctrl,42,53,43.766666666666666,0.9951320886611938,0.6811495750694634
UBFC_PHYS_s13_T2_ctrl,42,54,43.8,1.0541616678237915,0.7411512433173046
UBFC_PHYS_s13_T2_ctrl,42,55,43.833333333333336,1.1421129703521729,0.7818784221070919
UBFC_PHYS_s13_T2_ctrl,42,56,43.86666666666667,1.2226533889770508,0.793827292170604
UBFC_PHYS_s13_T2_ctrl,42,57,43.9,1.2225908041000366,0.7689938730599162
UBFC_PHYS_s13_T2_ctrl,42,58,43.93333333333333,1.086747646331787,0.7037162547147885
UBFC_PHYS_s13_T2_ctrl,42,59,43.96666666666667,0.8631343245506287,0.5994498815870163
UBFC_PHYS_s13_T2_ctrl,42,60,44.0,0.6430930495262146,0.46111167116471335
UBFC_PHYS_s13_T2_ctrl,42,61,44.03333333333333,0.4349110722541809,0.29409030604789815
UBFC_PHYS_s13_T2_ctrl,42,62,44.06666666666667,0.19061405956745148,0.10175123758112897
UBFC_PHYS_s13_T2_ctrl,42,63,44.1,-0.0662408247590065,-0.11515450738692169
UBFC_PHYS_s13_T2_ctrl,42,64,44.13333333333333,-0.26606297492980957,-0.3569726537556808
UBFC_PHYS_s13_T2_ctrl,42,65,44.166666666666664,-0.4153142273426056,-0.6222757335944906
UBFC_PHYS_s13_T2_ctrl,42,66,44.2,-0.603537380695343,-0.9044815261902133
UBFC_PHYS_s13_T2_ctrl,42,67,44.233333333333334,-0.8955121636390686,-1.1886328077851134
UBFC_PHYS_s13_T2_ctrl,42,68,44.266666666666666,-1.219594955444336,-1.4493432315730947
UBFC_PHYS_s13_T2_ctrl,42,69,44.3,-1.3604402542114258,-1.651451054214119
UBFC_PHYS_s13_T2_ctrl,42,70,44.333333333333336,-1.2161219120025635,-1.754850791183851
UBFC_PHYS_s13_T2_ctrl,42,71,44.36666666666667,-0.9562354683876038,-1.7237460195666527
UBFC_PHYS_s13_T2_ctrl,42,72,44.4,-0.7859346866607666,-1.538334033888552
UBFC_PHYS_s13_T2_ctrl,42,73,44.43333333333333,-0.6887997984886169,-1.2047256195239826
UBFC_PHYS_s13_T2_ctrl,42,74,44.46666666666667,-0.5997216105461121,-0.7581793746280528
UBFC_PHYS_s13_T2_ctrl,42,75,44.5,-0.5909135937690735,-0.25668249744902827
UBFC_PHYS_s13_T2_ctrl,42,76,44.53333333333333,-0.7120208144187927,0.2337440937663481
UBFC_PHYS_s13_T2_ctrl,42,77,44.56666666666667,-0.8364430069923401,0.6563839053700413
UBFC_PHYS_s13_T2_ctrl,42,78,44.6,-0.8460385203361511,0.9767480043967349
UBFC_PHYS_s13_T2_ctrl,42,79,44.63333333333333,-0.7837236523628235,1.1863167515361726
UBFC_PHYS_s13_T2_ctrl,42,80,44.666666666666664,-0.7782437801361084,1.2970775672113835
UBFC_PHYS_s13_T2_ctrl,42,81,44.7,-0.9152469038963318,1.331029369806649
UBFC_PHYS_s13_T2_ctrl,42,82,44.733333333333334,-1.201356291770935,1.3100262075873013
UBFC_PHYS_s13_T2_ctrl,42,83,44.766666666666666,-1.5719108581542969,1.2497204666283848
UBFC_PHYS_s13_T2_ctrl,42,84,44.8,-1.8783316612243652,1.158603226513221
UBFC_PHYS_s13_T2_ctrl,42,85,44.833333333333336,-2.0864081382751465,1.0407705177011033
UBFC_PHYS_s13_T2_ctrl,42,86,44.86666666666667,-2.2508633136749268,0.8999615834446987
UBFC_PHYS_s13_T2_ctrl,42,87,44.9,-2.4235663414001465,0.7426358407535643
UBFC_PHYS_s13_T2_ctrl,42,88,44.93333333333333,-2.519366502761841,0.5788443926839338
UBFC_PHYS_s13_T2_ctrl,42,89,44.96666666666667,-2.494415521621704,0.42079433566991664
UBFC_PHYS_s13_T2_ctrl,42,90,45.0,-2.353991985321045,0.27986161076641547
UBFC_PHYS_s13_T2_ctrl,42,91,45.03333333333333,-2.218313694000244,0.16326243747037356
UBFC_PHYS_s13_T2_ctrl,42,92,45.06666666666667,-2.0754878520965576,0.07166437809227358
UBFC_PHYS_s13_T2_ctrl,42,93,45.1,-1.8729242086410522,-0.0013457294602397217
UBFC_PHYS_s13_T2_ctrl,42,94,45.13333333333333,-1.6462992429733276,-0.06775995396733736
UBFC_PHYS_s13_T2_ctrl,42,95,45.166666666666664,-1.548587679862976,-0.1422108198036793
UBFC_PHYS_s13_T2_ctrl,42,96,45.2,-1.603880524635315,-0.23858414011377693
UBFC_PHYS_s13_T2_ctrl,42,97,45.233333333333334,-1.6923524141311646,-0.3669295819373154
UBFC_PHYS_s13_T2_ctrl,42,98,45.266666666666666,-1.6796693801879883,-0.5307540020581781
UBFC_PHYS_s13_T2_ctrl,42,99,45.3,-0.8106484413146973,-0.7244919367057493
UBFC_PHYS_s13_T2_ctrl,42,100,45.333333333333336,0.12347835302352905,-0.9315114596726622
UBFC_PHYS_s13_T2_ctrl,42,101,45.36666666666667,0.5829760432243347,-1.1238492938319247
UBFC_PHYS_s13_T2_ctrl,42,102,45.4,0.8515682816505432,-1.2650937488406138
UBFC_PHYS_s13_T2_ctrl,42,103,45.43333333333333,1.0222644805908203,-1.3171641575384678
UBFC_PHYS_s13_T2_ctrl,42,104,45.46666666666667,1.0486456155776978,-1.2503101355023887
UBFC_PHYS_s13_T2_ctrl,42,105,45.5,1.097578763961792,-1.0537321972187854
UBFC_PHYS_s13_T2_ctrl,42,106,45.53333333333333,1.200387954711914,-0.7426345081989789
UBFC_PHYS_s13_T2_ctrl,42,107,45.56666666666667,1.2726444005966187,-0.3578500887038116
UBFC_PHYS_s13_T2_ctrl,42,108,45.6,1.19544517993927,0.04293720014730759
UBFC_PHYS_s13_T2_ctrl,42,109,45.63333333333333,1.0757285356521606,0.3996607856700591
UBFC_PHYS_s13_T2_ctrl,42,110,45.666666666666664,1.00771963596344,0.6650488879516344
UBFC_PHYS_s13_T2_ctrl,42,111,45.7,0.9711235165596008,0.8153127567061141
UBFC_PHYS_s13_T2_ctrl,42,112,45.733333333333334,0.8885565400123596,0.8526874672730697
UBFC_PHYS_s13_T2_ctrl,42,113,45.766666666666666,0.7826598286628723,0.799183530829243
UBFC_PHYS_s13_T2_ctrl,42,114,45.8,0.7183414697647095,0.6846171425792076
UBFC_PHYS_s13_T2_ctrl,42,115,45.833333333333336,0.6773298382759094,0.5346916354733102
UBFC_PHYS_s13_T2_ctrl,42,116,45.86666666666667,0.6235889792442322,0.36495480462265356
UBFC_PHYS_s13_T2_ctrl,42,117,45.9,0.551019549369812,0.18331470161049582
UBFC_PHYS_s13_T2_ctrl,42,118,45.93333333333333,0.49422404170036316,-0.0013250625855236342
UBFC_PHYS_s13_T2_ctrl,42,119,45.96666666666667,0.4535946547985077,-0.1708041124264384
UBFC_PHYS_s13_T2_ctrl,42,120,46.0,0.4270454943180084,-0.29650241043524433
UBFC_PHYS_s13_T2_ctrl,42,121,46.03333333333333,0.4101775586605072,-0.34772747536729803
UBFC_PHYS_s13_T2_ctrl,42,122,46.06666666666667,0.40455928444862366,-0.3058892817982925
UBFC_PHYS_s13_T2_ctrl,42,123,46.1,0.40558409690856934,-0.17634495021821153
UBFC_PHYS_s13_T2_ctrl,42,124,46.13333333333333,0.4306800663471222,0.00936716658848021
UBFC_PHYS_s13_T2_ctrl,42,125,46.166666666666664,0.49504125118255615,0.20289301550725986
UBFC_PHYS_s13_T2_ctrl,42,126,46.2,0.577492892742157,0.35562401215663836
UBFC_PHYS_s13_T2_ctrl,42,127,46.233333333333334,0.6536112427711487,0.43446625915410614
UBFC_PHYS_s13_T2_ctrl,42,128,46.266666666666666,0.7479287385940552,0.430074829259964
UBFC_PHYS_s13_T2_ctrl,42,129,46.3,0.9026961326599121,0.35525098861433496
UBFC_PHYS_s13_T2_ctrl,42,130,46.333333333333336,1.1039879322052002,0.2357705668276208
UBFC_PHYS_s13_T2_ctrl,42,131,46.36666666666667,1.3098336458206177,0.0987245947108644
UBFC_PHYS_s13_T2_ctrl,42,132,46.4,1.5231198072433472,-0.03622118207540636
UBFC_PHYS_s13_T2_ctrl,42,133,46.43333333333333,1.7964603900909424,-0.15942183738925783
UBFC_PHYS_s13_T2_ctrl,42,134,46.46666666666667,2.1755988597869873,-0.268086072496129
UBFC_PHYS_s13_T2_ctrl,42,135,46.5,2.5919201374053955,-0.3605019090574353
UBFC_PHYS_s13_T2_ctrl,42,136,46.53333333333333,2.804669141769409,-0.43118124387438644
UBFC_PHYS_s13_T2_ctrl,42,137,46.56666666666667,2.658189058303833,-0.46914067125465575
UBFC_PHYS_s13_T2_ctrl,42,138,46.6,2.280625820159912,-0.4599993128689672
UBFC_PHYS_s13_T2_ctrl,42,139,46.63333333333333,1.8823390007019043,-0.3912251230577475
UBFC_PHYS_s13_T2_ctrl,42,140,46.666666666666664,1.5156530141830444,-0.25864698647901935
UBFC_PHYS_s13_T2_ctrl,42,141,46.7,1.1550925970077515,-0.07154997572076258
UBFC_PHYS_s13_T2_ctrl,42,142,46.733333333333334,0.8116737604141235,0.14624385419072744
UBFC_PHYS_s13_T2_ctrl,42,143,46.766666666666666,0.49953916668891907,0.3605674429354277
UBFC_PHYS_s13_T2_ctrl,42,144,46.8,0.23679910600185394,0.5353281908524535
UBFC_PHYS_s13_T2_ctrl,42,145,46.833333333333336,0.06591179966926575,0.6421406445104787
UBFC_PHYS_s13_T2_ctrl,42,146,46.86666666666667,0.007468740921467543,0.6676793470806862
UBFC_PHYS_s13_T2_ctrl,42,147,46.9,0.01832960732281208,0.6161662319747803
UBFC_PHYS_s13_T2_ctrl,42,148,46.93333333333333,0.0174761600792408,0.5060783968149333
UBFC_PHYS_s13_T2_ctrl,42,149,46.96666666666667,-0.030840856954455376,0.3623132246663236
UBFC_PHYS_s13_T2_ctrl,42,150,47.0,-0.07133185863494873,0.20714271424147
UBFC_PHYS_s13_T2_ctrl,42,151,47.03333333333333,-0.029806174337863922,0.05402999344994227
UBFC_PHYS_s13_T2_ctrl,42,152,47.06666666666667,0.07527337223291397,-0.0930558732752749
UBFC_PHYS_s13_T2_ctrl,42,153,47.1,0.16409127414226532,-0.23501700352695515
UBFC_PHYS_s13_T2_ctrl,42,154,47.13333333333333,0.1747840791940689,-0.3705209586647919
UBFC_PHYS_s13_T2_ctrl,42,155,47.166666666666664,0.09214132279157639,-0.4903925054357628
UBFC_PHYS_s13_T2_ctrl,42,156,47.2,-0.07250823080539703,-0.5766612301914716
UBFC_PHYS_s13_T2_ctrl,42,157,47.233333333333334,-0.29487261176109314,-0.6071627740803295
UBFC_PHYS_s13_T2_ctrl,42,158,47.266666666666666,-0.5375022888183594,-0.5640011079801894
UBFC_PHYS_s13_T2_ctrl,42,159,47.3,-0.7763952016830444,-0.4423327837631029
UBFC_PHYS_s13_T2_ctrl,42,160,47.333333333333336,-1.0243761539459229,-0.25555330480841754
UBFC_PHYS_s13_T2_ctrl,42,161,47.36666666666667,-1.2707425355911255,-0.03420555190216674
UBFC_PHYS_s13_T2_ctrl,42,162,47.4,-1.4329800605773926,0.18160784716531106
UBFC_PHYS_s13_T2_ctrl,42,163,47.43333333333333,-1.4369738101959229,0.3536724630897675
UBFC_PHYS_s13_T2_ctrl,42,164,47.46666666666667,-1.3189146518707275,0.45630992088141176
UBFC_PHYS_s13_T2_ctrl,42,165,47.5,-1.1747016906738281,0.48177435106646277
UBFC_PHYS_s13_T2_ctrl,42,166,47.53333333333333,-1.0455905199050903,0.4386784168970695
UBFC_PHYS_s13_T2_ctrl,42,167,47.56666666666667,-0.9335713386535645,0.3451995516534351
UBFC_PHYS_s13_T2_ctrl,42,168,47.6,-0.855587899684906,0.2208546367708688
UBFC_PHYS_s13_T2_ctrl,42,169,47.63333333333333,-0.7879942059516907,0.08049424515558767
UBFC_PHYS_s13_T2_ctrl,42,170,47.666666666666664,-0.6750227212905884,-0.06760300759906596
UBFC_PHYS_s13_T2_ctrl,42,171,47.7,-0.5475162863731384,-0.2198164201412362
UBFC_PHYS_s13_T2_ctrl,42,172,47.733333333333334,-0.5050843954086304,-0.37316151304295275
UBFC_PHYS_s13_T2_ctrl,42,173,47.766666666666666,-0.5607826113700867,-0.5212889594995809
UBFC_PHYS_s13_T2_ctrl,42,174,47.8,-0.6311970353126526,-0.652281512479236
UBFC_PHYS_s13_T2_ctrl,42,175,47.833333333333336,-0.6909383535385132,-0.7492203515213257
UBFC_PHYS_s13_T2_ctrl,42,176,47.86666666666667,-0.7969537377357483,-0.7935076730553761
UBFC_PHYS_s13_T2_ctrl,42,177,47.9,-0.9785634875297546,-0.7699842154737673
UBFC_PHYS_s13_T2_ctrl,42,178,47.93333333333333,-1.1620054244995117,-0.6721569715550433
UBFC_PHYS_s13_T2_ctrl,42,179,47.96666666666667,-1.2110110521316528,-0.5055594977718714
UBFC_PHYS_s13_T2_ctrl,42,180,48.0,-1.0448555946350098,-0.2876607821049143
UBFC_PHYS_s13_T2_ctrl,42,181,48.03333333333333,-0.7295148968696594,-0.04407732960597205
UBFC_PHYS_s13_T2_ctrl,42,182,48.06666666666667,-0.4480648636817932,0.19726961526868592
UBFC_PHYS_s13_T2_ctrl,42,183,48.1,-0.3286019265651703,0.411441662202999
UBFC_PHYS_s13_T2_ctrl,42,184,48.13333333333333,-0.36926427483558655,0.5795184565731589
UBFC_PHYS_s13_T2_ctrl,42,185,48.166666666666664,-0.48171180486679077,0.6895214052228834
UBFC_PHYS_s13_T2_ctrl,42,186,48.2,-0.5577378869056702,0.7365399812496045
UBFC_PHYS_s13_T2_ctrl,42,187,48.233333333333334,-0.5155169367790222,0.7231721636688612
UBFC_PHYS_s13_T2_ctrl,42,188,48.266666666666666,-0.3544854521751404,0.6601522480941966
UBFC_PHYS_s13_T2_ctrl,42,189,48.3,-0.15366816520690918,0.5659151481415771
UBFC_PHYS_s13_T2_ctrl,42,190,48.333333333333336,0.02885766327381134,0.46385205653490014
UBFC_PHYS_s13_T2_ctrl,42,191,48.36666666666667,0.19729995727539062,0.37714336240158913
UBFC_PHYS_s13_T2_ctrl,42,192,48.4,0.37279388308525085,0.3225628348091667
UBFC_PHYS_s13_T2_ctrl,42,193,48.43333333333333,0.5504593253135681,0.3055905671210786
UBFC_PHYS_s13_T2_ctrl,42,194,48.46666666666667,0.6911398768424988,0.3189339687465931
UBFC_PHYS_s13_T2_ctrl,42,195,48.5,0.7593464851379395,0.34525556157970483
UBFC_PHYS_s13_T2_ctrl,42,196,48.53333333333333,0.7807848453521729,0.3631799522961735
UBFC_PHYS_s13_T2_ctrl,42,197,48.56666666666667,0.8254936337471008,0.35427986318580446
UBFC_PHYS_s13_T2_ctrl,42,198,48.6,0.9166049957275391,0.3083725153267851
UBFC_PHYS_s13_T2_ctrl,42,199,48.63333333333333,1.018237829208374,0.22536777647900808
UBFC_PHYS_s13_T2_ctrl,42,200,48.666666666666664,1.0928173065185547,0.1136910697918036
UBFC_PHYS_s13_T2_ctrl,42,201,48.7,1.1310116052627563,-0.0132224638243648
UBFC_PHYS_s13_T2_ctrl,42,202,48.733333333333334,1.1326855421066284,-0.14060922386350508
UBFC_PHYS_s13_T2_ctrl,42,203,48.766666666666666,1.0990583896636963,-0.2551471478698089
UBFC_PHYS_s13_T2_ctrl,42,204,48.8,1.0489323139190674,-0.3465250445495421
UBFC_PHYS_s13_T2_ctrl,42,205,48.833333333333336,1.0030734539031982,-0.4080209392638756
UBFC_PHYS_s13_T2_ctrl,42,206,48.86666666666667,0.9560019969940186,-0.43644029429600184
UBFC_PHYS_s13_T2_ctrl,42,207,48.9,0.8920395374298096,-0.43169580458172485
UBFC_PHYS_s13_T2_ctrl,42,208,48.93333333333333,0.8169031739234924,-0.3962544012090999
UBFC_PHYS_s13_T2_ctrl,42,209,48.96666666666667,0.7399280667304993,-0.33478449504228247
UBFC_PHYS_s13_T2_ctrl,42,210,49.0,0.6410665512084961,-0.25446685719161216
UBFC_PHYS_s13_T2_ctrl,42,211,49.03333333333333,0.49089592695236206,-0.16607473611519072
UBFC_PHYS_s13_T2_ctrl,42,212,49.06666666666667,0.2984813153743744,-0.0850065696684553
UBFC_PHYS_s13_T2_ctrl,42,213,49.1,0.09510038048028946,-0.030953729905967346
UBFC_PHYS_s13_T2_ctrl,42,214,49.13333333333333,-0.09337321668863297,-0.025493815672798237
UBFC_PHYS_s13_T2_ctrl,42,215,49.166666666666664,-0.24913901090621948,-0.08775778453474284
UBFC_PHYS_s13_T2_ctrl,42,216,49.2,-0.3663052022457123,-0.22859516549333792
UBFC_PHYS_s13_T2_ctrl,42,217,49.233333333333334,-0.4561314284801483,-0.44408401683481613
UBFC_PHYS_s13_T2_ctrl,42,218,49.266666666666666,-0.5241799354553223,-0.7104347439472917
UBFC_PHYS_s13_T2_ctrl,42,219,49.3,-0.5586671233177185,-0.9832421126410711
UBFC_PHYS_s13_T2_ctrl,42,220,49.333333333333336,-0.5668424367904663,-1.2033680837726468
UBFC_PHYS_s13_T2_ctrl,42,221,49.36666666666667,-0.5704835653305054,-1.3096635909489847
UBFC_PHYS_s13_T2_ctrl,42,222,49.4,-0.5538232326507568,-1.2560936853816995
UBFC_PHYS_s13_T2_ctrl,42,223,49.43333333333333,-0.47283464670181274,-1.028120224763278
UBFC_PHYS_s13_T2_ctrl,42,224,49.46666666666667,-0.32030799984931946,-0.651449800960642
UBFC_PHYS_s13_T2_ctrl,42,225,49.5,-0.12891487777233124,-0.18760172818458365
UBFC_PHYS_s13_T2_ctrl,42,226,49.53333333333333,0.07359283417463303,0.28393793199411177
UBFC_PHYS_s13_T2_ctrl,42,227,49.56666666666667,0.26677194237709045,0.6903675033309581
UBFC_PHYS_s13_T2_ctrl,42,228,49.6,0.42561209201812744,0.9861607208449662
UBFC_PHYS_s13_T2_ctrl,42,229,49.63333333333333,0.5401454567909241,1.1605128791731303
UBFC_PHYS_s13_T2_ctrl,42,230,49.666666666666664,0.6312798857688904,1.2301809484357167
UBFC_PHYS_s13_T2_ctrl,42,231,49.7,0.7341780066490173,1.2241656125031555
UBFC_PHYS_s13_T2_ctrl,42,232,49.733333333333334,0.8763940930366516,1.169313433556939
UBFC_PHYS_s13_T2_ctrl,42,233,49.766666666666666,1.0548306703567505,1.0830202031027267
UBFC_PHYS_s13_T2_ctrl,42,234,49.8,1.2159675359725952,0.9738815696431723
UBFC_PHYS_s13_T2_ctrl,42,235,49.833333333333336,1.298616886138916,0.8466558860311344
UBFC_PHYS_s13_T2_ctrl,42,236,49.86666666666667,1.2907711267471313,0.7065011751912877
UBFC_PHYS_s13_T2_ctrl,42,237,49.9,1.209779143333435,0.5594941065649846
UBFC_PHYS_s13_T2_ctrl,42,238,49.93333333333333,1.0566792488098145,0.4102831136300376
UBFC_PHYS_s13_T2_ctrl,42,239,49.96666666666667,0.8452515006065369,0.2602238396244154
UBFC_PHYS_s13_T2_ctrl,43,0,43.0,0.09375595301389694,-0.0767032306926344
UBFC_PHYS_s13_T2_ctrl,43,1,43.03333333333333,0.08720187097787857,-0.12487909028372286
UBFC_PHYS_s13_T2_ctrl,43,2,43.06666666666667,0.07134223729372025,-0.16807545983115035
UBFC_PHYS_s13_T2_ctrl,43,3,43.1,0.03647937998175621,-0.2026676825783043
UBFC_PHYS_s13_T2_ctrl,43,4,43.13333333333333,-0.009880307130515575,-0.22465041722065185
UBFC_PHYS_s13_T2_ctrl,43,5,43.166666666666664,-0.04556365683674812,-0.22945150174173123
UBFC_PHYS_s13_T2_ctrl,43,6,43.2,-0.05695834010839462,-0.2120892346629106
UBFC_PHYS_s13_T2_ctrl,43,7,43.233333333333334,-0.032363224774599075,-0.16811516563219006
UBFC_PHYS_s13_T2_ctrl,43,8,43.266666666666666,0.048770349472761154,-0.09559086564524244
UBFC_PHYS_s13_T2_ctrl,43,9,43.3,0.1796807050704956,0.002360995926457512
UBFC_PHYS_s13_T2_ctrl,43,10,43.333333333333336,0.31024834513664246,0.11580320904473916
UBFC_PHYS_s13_T2_ctrl,43,11,43.36666666666667,0.39491763710975647,0.22860433470900834
UBFC_PHYS_s13_T2_ctrl,43,12,43.4,0.42818233370780945,0.3219542628157072
UBFC_PHYS_s13_T2_ctrl,43,13,43.43333333333333,0.44269755482673645,0.3796448210363748
UBFC_PHYS_s13_T2_ctrl,43,14,43.46666666666667,0.5023993849754333,0.3928656548731935
UBFC_PHYS_s13_T2_ctrl,43,15,43.5,0.6615294814109802,0.3623453194257487
UBFC_PHYS_s13_T2_ctrl,43,16,43.53333333333333,0.8805262446403503,0.29696086363831686
UBFC_PHYS_s13_T2_ctrl,43,17,43.56666666666667,1.0495188236236572,0.20982820382801926
UBFC_PHYS_s13_T2_ctrl,43,18,43.6,1.1435562372207642,0.11431211229895286
UBFC_PHYS_s13_T2_ctrl,43,19,43.63333333333333,1.2005988359451294,0.022219907810962496
UBFC_PHYS_s13_T2_ctrl,43,20,43.666666666666664,1.1968456506729126,-0.05546784728765974
UBFC_PHYS_s13_T2_ctrl,43,21,43.7,1.1056058406829834,-0.10702535846855003
UBFC_PHYS_s13_T2_ctrl,43,22,43.733333333333334,1.0080457925796509,-0.11979316605174868
UBFC_PHYS_s13_T2_ctrl,43,23,43.766666666666666,0.9951320886611938,-0.08257670161376948
UBFC_PHYS_s13_T2_ctrl,43,24,43.8,1.0541616678237915,0.009835242207727996
UBFC_PHYS_s13_T2_ctrl,43,25,43.833333333333336,1.1421129703521729,0.15200566032116056
UBFC_PHYS_s13_T2_ctrl,43,26,43.86666666666667,1.2226533889770508,0.3256577300729545
UBFC_PHYS_s13_T2_ctrl,43,27,43.9,1.2225908041000366,0.5017687167330226
UBFC_PHYS_s13_T2_ctrl,43,28,43.93333333333333,1.086747646331787,0.6466567794842686
UBFC_PHYS_s13_T2_ctrl,43,29,43.96666666666667,0.8631343245506287,0.7296813774369222
UBFC_PHYS_s13_T2_ctrl,43,30,44.0,0.6430930495262146,0.7294872084252787
UBFC_PHYS_s13_T2_ctrl,43,31,44.03333333333333,0.4349110722541809,0.6367320731944974
UBFC_PHYS_s13_T2_ctrl,43,32,44.06666666666667,0.19061405956745148,0.45326282361802145
UBFC_PHYS_s13_T2_ctrl,43,33,44.1,-0.0662408247590065,0.18947470715933817
UBFC_PHYS_s13_T2_ctrl,43,34,44.13333333333333,-0.26606297492980957,-0.13793873583083105
UBFC_PHYS_s13_T2_ctrl,43,35,44.166666666666664,-0.4153142273426056,-0.5065872612635206
UBFC_PHYS_s13_T2_ctrl,43,36,44.2,-0.603537380695343,-0.8877298016436488
UBFC_PHYS_s13_T2_ctrl,43,37,44.233333333333334,-0.8955121636390686,-1.2459228075472186
UBFC_PHYS_s13_T2_ctrl,43,38,44.266666666666666,-1.219594955444336,-1.5404973365204058
UBFC_PHYS_s13_T2_ctrl,43,39,44.3,-1.3604402542114258,-1.729667444203836
UBFC_PHYS_s13_T2_ctrl,43,40,44.333333333333336,-1.2161219120025635,-1.7773251029049186
UBFC_PHYS_s13_T2_ctrl,43,41,44.36666666666667,-0.9562354683876038,-1.661573348339971
UBFC_PHYS_s13_T2_ctrl,43,42,44.4,-0.7859346866607666,-1.3826176372551402
UBFC_PHYS_s13_T2_ctrl,43,43,44.43333333333333,-0.6887997984886169,-0.9666182917235461
UBFC_PHYS_s13_T2_ctrl,43,44,44.46666666666667,-0.5997216105461121,-0.4626592896680248
UBFC_PHYS_s13_T2_ctrl,43,45,44.5,-0.5909135937690735,0.06734583817029989
UBFC_PHYS_s13_T2_ctrl,43,46,44.53333333333333,-0.7120208144187927,0.5622286183057719
UBFC_PHYS_s13_T2_ctrl,43,47,44.56666666666667,-0.8364430069923401,0.9731107991301619
UBFC_PHYS_s13_T2_ctrl,43,48,44.6,-0.8460385203361511,1.2691780438889462
UBFC_PHYS_s13_T2_ctrl,43,49,44.63333333333333,-0.7837236523628235,1.4375737833079947
UBFC_PHYS_s13_T2_ctrl,43,50,44.666666666666664,-0.7782437801361084,1.4798650246232952
UBFC_PHYS_s13_T2_ctrl,43,51,44.7,-0.9152469038963318,1.4079282257111732
UBFC_PHYS_s13_T2_ctrl,43,52,44.733333333333334,-1.201356291770935,1.2408590555659362
UBFC_PHYS_s13_T2_ctrl,43,53,44.766666666666666,-1.5719108581542969,1.002903978567275
UBFC_PHYS_s13_T2_ctrl,43,54,44.8,-1.8783316612243652,0.7216004287278966
UBFC_PHYS_s13_T2_ctrl,43,55,44.833333333333336,-2.0864081382751465,0.4255609704236818
UBFC_PHYS_s13_T2_ctrl,43,56,44.86666666666667,-2.2508633136749268,0.1421127031142987
UBFC_PHYS_s13_T2_ctrl,43,57,44.9,-2.4235663414001465,-0.10461934167001577
UBFC_PHYS_s13_T2_ctrl,43,58,44.93333333333333,-2.519366502761841,-0.2950521426841598
UBFC_PHYS_s13_T2_ctrl,43,59,44.96666666666667,-2.494415521621704,-0.41534312205487617
UBFC_PHYS_s13_T2_ctrl,43,60,45.0,-2.353991985321045,-0.458769800753243
UBFC_PHYS_s13_T2_ctrl,43,61,45.03333333333333,-2.218313694000244,-0.4270696258373265
UBFC_PHYS_s13_T2_ctrl,43,62,45.06666666666667,-2.0754878520965576,-0.33117454312945466
UBFC_PHYS_s13_T2_ctrl,43,63,45.1,-1.8729242086410522,-0.19082644258383738
UBFC_PHYS_s13_T2_ctrl,43,64,45.13333333333333,-1.6462992429733276,-0.03284535832666206
UBFC_PHYS_s13_T2_ctrl,43,65,45.166666666666664,-1.548587679862976,0.11195526947684246
UBFC_PHYS_s13_T2_ctrl,43,66,45.2,-1.603880524635315,0.21316641466359076
UBFC_PHYS_s13_T2_ctrl,43,67,45.233333333333334,-1.6923524141311646,0.24628705264496725
UBFC_PHYS_s13_T2_ctrl,43,68,45.266666666666666,-1.6796693801879883,0.19857665962309004
UBFC_PHYS_s13_T2_ctrl,43,69,45.3,-0.8106484413146973,0.07378799127725798
UBFC_PHYS_s13_T2_ctrl,43,70,45.333333333333336,0.12347835302352905,-0.1060786111513468
UBFC_PHYS_s13_T2_ctrl,43,71,45.36666666666667,0.5829760432243347,-0.30352288770033947
UBFC_PHYS_s13_T2_ctrl,43,72,45.4,0.8515682816505432,-0.4731473949467733
UBFC_PHYS_s13_T2_ctrl,43,73,45.43333333333333,1.0222644805908203,-0.5727885157675352
UBFC_PHYS_s13_T2_ctrl,43,74,45.46666666666667,1.0486456155776978,-0.5752464217735277
UBFC_PHYS_s13_T2_ctrl,43,75,45.5,1.097578763961792,-0.47674757623340974
UBFC_PHYS_s13_T2_ctrl,43,76,45.53333333333333,1.200387954711914,-0.29861649035283455
UBFC_PHYS_s13_T2_ctrl,43,77,45.56666666666667,1.2726444005966187,-0.08082540424550373
UBFC_PHYS_s13_T2_ctrl,43,78,45.6,1.19544517993927,0.1303572314434624
UBFC_PHYS_s13_T2_ctrl,43,79,45.63333333333333,1.0757285356521606,0.2956901996329329
UBFC_PHYS_s13_T2_ctrl,43,80,45.666666666666664,1.00771963596344,0.39231316471916977
UBFC_PHYS_s13_T2_ctrl,43,81,45.7,0.9711235165596008,0.41639374980560945
UBFC_PHYS_s13_T2_ctrl,43,82,45.733333333333334,0.8885565400123596,0.3791475325289824
UBFC_PHYS_s13_T2_ctrl,43,83,45.766666666666666,0.7826598286628723,0.2985525209315378
UBFC_PHYS_s13_T2_ctrl,43,84,45.8,0.7183414697647095,0.19024026264798302
UBFC_PHYS_s13_T2_ctrl,43,85,45.833333333333336,0.6773298382759094,0.061252279264746905
UBFC_PHYS_s13_T2_ctrl,43,86,45.86666666666667,0.6235889792442322,-0.09032861769203963
UBFC_PHYS_s13_T2_ctrl,43,87,45.9,0.551019549369812,-0.26896611810027776
UBFC_PHYS_s13_T2_ctrl,43,88,45.93333333333333,0.49422404170036316,-0.47100638794556887
UBFC_PHYS_s13_T2_ctrl,43,89,45.96666666666667,0.4535946547985077,-0.6752688238168996
UBFC_PHYS_s13_T2_ctrl,43,90,46.0,0.4270454943180084,-0.840850204597155
UBFC_PHYS_s13_T2_ctrl,43,91,46.03333333333333,0.4101775586605072,-0.9153046899979608
UBFC_PHYS_s13_T2_ctrl,43,92,46.06666666666667,0.40455928444862366,-0.8513907518190343
UBFC_PHYS_s13_T2_ctrl,43,93,46.1,0.40558409690856934,-0.6261579036928459
UBFC_PHYS_s13_T2_ctrl,43,94,46.13333333333333,0.4306800663471222,-0.25466410134863615
UBFC_PHYS_s13_T2_ctrl,43,95,46.166666666666664,0.49504125118255615,0.2077779887130588
UBFC_PHYS_s13_T2_ctrl,43,96,46.2,0.577492892742157,0.6771286218543064
UBFC_PHYS_s13_T2_ctrl,43,97,46.233333333333334,0.6536112427711487,1.0628021021550862
UBFC_PHYS_s13_T2_ctrl,43,98,46.266666666666666,0.7479287385940552,1.2920691528066155
UBFC_PHYS_s13_T2_ctrl,43,99,46.3,0.9026961326599121,1.327007142462625
UBFC_PHYS_s13_T2_ctrl,43,100,46.333333333333336,1.1039879322052002,1.1689917345686993
UBFC_PHYS_s13_T2_ctrl,43,101,46.36666666666667,1.3098336458206177,0.8523318076013325
UBFC_PHYS_s13_T2_ctrl,43,102,46.4,1.5231198072433472,0.4322709352605186
UBFC_PHYS_s13_T2_ctrl,43,103,46.43333333333333,1.7964603900909424,-0.027549963923548828
UBFC_PHYS_s13_T2_ctrl,43,104,46.46666666666667,2.1755988597869873,-0.4651794870870873
UBFC_PHYS_s13_T2_ctrl,43,105,46.5,2.5919201374053955,-0.8273377386204183
UBFC_PHYS_s13_T2_ctrl,43,106,46.53333333333333,2.804669141769409,-1.074038631983253
UBFC_PHYS_s13_T2_ctrl,43,107,46.56666666666667,2.658189058303833,-1.1816858371176084
UBFC_PHYS_s13_T2_ctrl,43,108,46.6,2.280625820159912,-1.1446896205130659
UBFC_PHYS_s13_T2_ctrl,43,109,46.63333333333333,1.8823390007019043,-0.9749703776002457
UBFC_PHYS_s13_T2_ctrl,43,110,46.666666666666664,1.5156530141830444,-0.6989019973190486
UBFC_PHYS_s13_T2_ctrl,43,111,46.7,1.1550925970077515,-0.3521986857878427
UBFC_PHYS_s13_T2_ctrl,43,112,46.733333333333334,0.8116737604141235,0.025777746310486183
UBFC_PHYS_s13_T2_ctrl,43,113,46.766666666666666,0.49953916668891907,0.3967006863046855
UBFC_PHYS_s13_T2_ctrl,43,114,46.8,0.23679910600185394,0.7263408473558298
UBFC_PHYS_s13_T2_ctrl,43,115,46.833333333333336,0.06591179966926575,0.986495831329673
UBFC_PHYS_s13_T2_ctrl,43,116,46.86666666666667,0.007468740921467543,1.1564999560681908
UBFC_PHYS_s13_T2_ctrl,43,117,46.9,0.01832960732281208,1.2245332417758983
UBFC_PHYS_s13_T2_ctrl,43,118,46.93333333333333,0.0174761600792408,1.1884085600305536
UBFC_PHYS_s13_T2_ctrl,43,119,46.96666666666667,-0.030840856954455376,1.055289258997678
UBFC_PHYS_s13_T2_ctrl,43,120,47.0,-0.07133185863494873,0.8399910011062316
UBFC_PHYS_s13_T2_ctrl,43,121,47.03333333333333,-0.029806174337863922,0.5621863534184522
UBFC_PHYS_s13_T2_ctrl,43,122,47.06666666666667,0.07527337223291397,0.24364259737447974
UBFC_PHYS_s13_T2_ctrl,43,123,47.1,0.16409127414226532,-0.0932201898433436
UBFC_PHYS_s13_T2_ctrl,43,124,47.13333333333333,0.1747840791940689,-0.4250710021371887
UBFC_PHYS_s13_T2_ctrl,43,125,47.166666666666664,0.09214132279157639,-0.7265712152231801
UBFC_PHYS_s13_T2_ctrl,43,126,47.2,-0.07250823080539703,-0.9699331017412132
UBFC_PHYS_s13_T2_ctrl,43,127,47.233333333333334,-0.29487261176109314,-1.1264959302309794
UBFC_PHYS_s13_T2_ctrl,43,128,47.266666666666666,-0.5375022888183594,-1.170999012021629
UBFC_PHYS_s13_T2_ctrl,43,129,47.3,-0.7763952016830444,-1.0880436815729957
UBFC_PHYS_s13_T2_ctrl,43,130,47.333333333333336,-1.0243761539459229,-0.8787936151976556
UBFC_PHYS_s13_T2_ctrl,43,131,47.36666666666667,-1.2707425355911255,-0.5650297157069675
UBFC_PHYS_s13_T2_ctrl,43,132,47.4,-1.4329800605773926,-0.1880156727585476
UBFC_PHYS_s13_T2_ctrl,43,133,47.43333333333333,-1.4369738101959229,0.19857238018048695
UBFC_PHYS_s13_T2_ctrl,43,134,47.46666666666667,-1.3189146518707275,0.5397950404886868
UBFC_PHYS_s13_T2_ctrl,43,135,47.5,-1.1747016906738281,0.79087205818066
UBFC_PHYS_s13_T2_ctrl,43,136,47.53333333333333,-1.0455905199050903,0.9249874186878347
UBFC_PHYS_s13_T2_ctrl,43,137,47.56666666666667,-0.9335713386535645,0.9353134629411243
UBFC_PHYS_s13_T2_ctrl,43,138,47.6,-0.855587899684906,0.8316268961109183
UBFC_PHYS_s13_T2_ctrl,43,139,47.63333333333333,-0.7879942059516907,0.6338889024461408
UBFC_PHYS_s13_T2_ctrl,43,140,47.666666666666664,-0.6750227212905884,0.36573116259509925
UBFC_PHYS_s13_T2_ctrl,43,141,47.7,-0.5475162863731384,0.05010410750227821
UBFC_PHYS_s13_T2_ctrl,43,142,47.733333333333334,-0.5050843954086304,-0.2918969322064964
UBFC_PHYS_s13_T2_ctrl,43,143,47.766666666666666,-0.5607826113700867,-0.6392607160819156
UBFC_PHYS_s13_T2_ctrl,43,144,47.8,-0.6311970353126526,-0.9675934852009336
UBFC_PHYS_s13_T2_ctrl,43,145,47.833333333333336,-0.6909383535385132,-1.2460412572147825
UBFC_PHYS_s13_T2_ctrl,43,146,47.86666666666667,-0.7969537377357483,-1.4371842173837401
UBFC_PHYS_s13_T2_ctrl,43,147,47.9,-0.9785634875297546,-1.50192037524065
UBFC_PHYS_s13_T2_ctrl,43,148,47.93333333333333,-1.1620054244995117,-1.4093217886245915
UBFC_PHYS_s13_T2_ctrl,43,149,47.96666666666667,-1.2110110521316528,-1.1487125901471715
UBFC_PHYS_s13_T2_ctrl,43,150,48.0,-1.0448555946350098,-0.7391610314156383
UBFC_PHYS_s13_T2_ctrl,43,151,48.03333333333333,-0.7295148968696594,-0.23137072495550498
UBFC_PHYS_s13_T2_ctrl,43,152,48.06666666666667,-0.4480648636817932,0.3008220795588935
UBFC_PHYS_s13_T2_ctrl,43,153,48.1,-0.3286019265651703,0.7777921629893442
UBFC_PHYS_s13_T2_ctrl,43,154,48.13333333333333,-0.36926427483558655,1.1341127290861976
UBFC_PHYS_s13_T2_ctrl,43,155,48.166666666666664,-0.48171180486679077,1.3334589349744501
UBFC_PHYS_s13_T2_ctrl,43,156,48.2,-0.5577378869056702,1.3738434366545822
UBFC_PHYS_s13_T2_ctrl,43,157,48.233333333333334,-0.5155169367790222,1.2833178454116076
UBFC_PHYS_s13_T2_ctrl,43,158,48.266666666666666,-0.3544854521751404,1.1089667824537437
UBFC_PHYS_s13_T2_ctrl,43,159,48.3,-0.15366816520690918,0.9028268778993656
UBFC_PHYS_s13_T2_ctrl,43,160,48.333333333333336,0.02885766327381134,0.7086911444073637
UBFC_PHYS_s13_T2_ctrl,43,161,48.36666666666667,0.19729995727539062,0.5533575938878745
UBFC_PHYS_s13_T2_ctrl,43,162,48.4,0.37279388308525085,0.4441724792196685
UBFC_PHYS_s13_T2_ctrl,43,163,48.43333333333333,0.5504593253135681,0.372405202594197
UBFC_PHYS_s13_T2_ctrl,43,164,48.46666666666667,0.6911398768424988,0.32024188916230883
UBFC_PHYS_s13_T2_ctrl,43,165,48.5,0.7593464851379395,0.2686446480135587
UBFC_PHYS_s13_T2_ctrl,43,166,48.53333333333333,0.7807848453521729,0.2038676770714018
UBFC_PHYS_s13_T2_ctrl,43,167,48.56666666666667,0.8254936337471008,0.12117496503955948
UBFC_PHYS_s13_T2_ctrl,43,168,48.6,0.9166049957275391,0.024767822804245818
UBFC_PHYS_s13_T2_ctrl,43,169,48.63333333333333,1.018237829208374,-0.07612856502335358
UBFC_PHYS_s13_T2_ctrl,43,170,48.666666666666664,1.0928173065185547,-0.17322047893416165
UBFC_PHYS_s13_T2_ctrl,43,171,48.7,1.1310116052627563,-0.2639694763895422
UBFC_PHYS_s13_T2_ctrl,43,172,48.733333333333334,1.1326855421066284,-0.3526349205489056
UBFC_PHYS_s13_T2_ctrl,43,173,48.766666666666666,1.0990583896636963,-0.4469122837465448
UBFC_PHYS_s13_T2_ctrl,43,174,48.8,1.0489323139190674,-0.5517520699327761
UBFC_PHYS_s13_T2_ctrl,43,175,48.833333333333336,1.0030734539031982,-0.663298007552616
UBFC_PHYS_s13_T2_ctrl,43,176,48.86666666666667,0.9560019969940186,-0.7659247323504127
UBFC_PHYS_s13_T2_ctrl,43,177,48.9,0.8920395374298096,-0.834281993433278
UBFC_PHYS_s13_T2_ctrl,43,178,48.93333333333333,0.8169031739234924,-0.8405094538510587
UBFC_PHYS_s13_T2_ctrl,43,179,48.96666666666667,0.7399280667304993,-0.7646548744942504
UBFC_PHYS_s13_T2_ctrl,43,180,49.0,0.6410665512084961,-0.604373333902211
UBFC_PHYS_s13_T2_ctrl,43,181,49.03333333333333,0.49089592695236206,-0.3793900049786001
UBFC_PHYS_s13_T2_ctrl,43,182,49.06666666666667,0.2984813153743744,-0.12791797110401681
UBFC_PHYS_s13_T2_ctrl,43,183,49.1,0.09510038048028946,0.10395151329389155
UBFC_PHYS_s13_T2_ctrl,43,184,49.13333333333333,-0.09337321668863297,0.2748210119112182
UBFC_PHYS_s13_T2_ctrl,43,185,49.166666666666664,-0.24913901090621948,0.356691048404572
UBFC_PHYS_s13_T2_ctrl,43,186,49.2,-0.3663052022457123,0.3377675829500698
UBFC_PHYS_s13_T2_ctrl,43,187,49.233333333333334,-0.4561314284801483,0.22175524197334942
UBFC_PHYS_s13_T2_ctrl,43,188,49.266666666666666,-0.5241799354553223,0.02680003553760238
UBFC_PHYS_s13_T2_ctrl,43,189,49.3,-0.5586671233177185,-0.21509541238161362
UBFC_PHYS_s13_T2_ctrl,43,190,49.333333333333336,-0.5668424367904663,-0.45992296736049776
UBFC_PHYS_s13_T2_ctrl,43,191,49.36666666666667,-0.5704835653305054,-0.6573028562006088
UBFC_PHYS_s13_T2_ctrl,43,192,49.4,-0.5538232326507568,-0.7608018593882423
UBFC_PHYS_s13_T2_ctrl,43,193,49.43333333333333,-0.47283464670181274,-0.7405709300577061
UBFC_PHYS_s13_T2_ctrl,43,194,49.46666666666667,-0.32030799984931946,-0.5929897948313277
UBFC_PHYS_s13_T2_ctrl,43,195,49.5,-0.12891487777233124,-0.34197810880526813
UBFC_PHYS_s13_T2_ctrl,43,196,49.53333333333333,0.07359283417463303,-0.030476249963882953
UBFC_PHYS_s13_T2_ctrl,43,197,49.56666666666667,0.26677194237709045,0.2941148309751174
UBFC_PHYS_s13_T2_ctrl,43,198,49.6,0.42561209201812744,0.593584749846143
UBFC_PHYS_s13_T2_ctrl,43,199,49.63333333333333,0.5401454567909241,0.8456900590691261
UBFC_PHYS_s13_T2_ctrl,43,200,49.666666666666664,0.6312798857688904,1.0425952862264463
UBFC_PHYS_s13_T2_ctrl,43,201,49.7,0.7341780066490173,1.1841255658064687
UBFC_PHYS_s13_T2_ctrl,43,202,49.733333333333334,0.8763940930366516,1.270583943641895
UBFC_PHYS_s13_T2_ctrl,43,203,49.766666666666666,1.0548306703567505,1.2986269638469818
UBFC_PHYS_s13_T2_ctrl,43,204,49.8,1.2159675359725952,1.2613673944869965
UBFC_PHYS_s13_T2_ctrl,43,205,49.833333333333336,1.298616886138916,1.151807238931993
UBFC_PHYS_s13_T2_ctrl,43,206,49.86666666666667,1.2907711267471313,0.9675546119631755
UBFC_PHYS_s13_T2_ctrl,43,207,49.9,1.209779143333435,0.7146759438978734
UBFC_PHYS_s13_T2_ctrl,43,208,49.93333333333333,1.0566792488098145,0.4092162448561208
UBFC_PHYS_s13_T2_ctrl,43,209,49.96666666666667,0.8452515006065369,0.07594809891560084
UBFC_PHYS_s13_T2_ctrl,43,210,50.0,0.6312304735183716,-0.2551502849282538
UBFC_PHYS_s13_T2_ctrl,43,211,50.03333333333333,0.4632033705711365,-0.553638484330323
UBFC_PHYS_s13_T2_ctrl,43,212,50.06666666666667,0.3400234580039978,-0.7934447450642602
UBFC_PHYS_s13_T2_ctrl,43,213,50.1,0.24320490658283234,-0.9568592181451994
UBFC_PHYS_s13_T2_ctrl,43,214,50.13333333333333,0.13940058648586273,-1.0370120443519821
UBFC_PHYS_s13_T2_ctrl,43,215,50.166666666666664,-0.029236111789941788,-1.0382769284628444
UBFC_PHYS_s13_T2_ctrl,43,216,50.2,-0.3040858805179596,-0.9741879776969821
UBFC_PHYS_s13_T2_ctrl,43,217,50.233333333333334,-0.6442887187004089,-0.8631950413927794
UBFC_PHYS_s13_T2_ctrl,43,218,50.266666666666666,-0.9229311943054199,-0.7238834675848987
UBFC_PHYS_s13_T2_ctrl,43,219,50.3,-1.0456860065460205,-0.5717902982903915
UBFC_PHYS_s13_T2_ctrl,43,220,50.333333333333336,-1.0573773384094238,-0.4187265925004235
UBFC_PHYS_s13_T2_ctrl,43,221,50.36666666666667,-1.035391926765442,-0.2736746583721292
UBFC_PHYS_s13_T2_ctrl,43,222,50.4,-0.9689844846725464,-0.1435301633846212
UBFC_PHYS_s13_T2_ctrl,43,223,50.43333333333333,-0.8246001601219177,-0.032697611658774335
UBFC_PHYS_s13_T2_ctrl,43,224,50.46666666666667,-0.6444007158279419,0.05788014717107151
UBFC_PHYS_s13_T2_ctrl,43,225,50.5,-0.48518821597099304,0.1307381271038679
UBFC_PHYS_s13_T2_ctrl,43,226,50.53333333333333,-0.3395287096500397,0.19004501500759288
UBFC_PHYS_s13_T2_ctrl,43,227,50.56666666666667,-0.19455458223819733,0.2384499723851523
UBFC_PHYS_s13_T2_ctrl,43,228,50.6,-0.0959368571639061,0.27424380921260383
UBFC_PHYS_s13_T2_ctrl,43,229,50.63333333333333,-0.08425220102071762,0.2906940414074926
UBFC_PHYS_s13_T2_ctrl,43,230,50.666666666666664,-0.13481321930885315,0.27875430255641087
UBFC_PHYS_s13_T2_ctrl,43,231,50.7,-0.203570157289505,0.23262496808482255
UBFC_PHYS_s13_T2_ctrl,43,232,50.733333333333334,-0.28154367208480835,0.15542766982031886
UBFC_PHYS_s13_T2_ctrl,43,233,50.766666666666666,-0.37677067518234253,0.06144330214095811
UBFC_PHYS_s13_T2_ctrl,43,234,50.8,-0.4876101613044739,-0.026872671798224862
UBFC_PHYS_s13_T2_ctrl,43,235,50.833333333333336,-0.6105363368988037,-0.08589272829617374
UBFC_PHYS_s13_T2_ctrl,43,236,50.86666666666667,-0.7392224073410034,-0.0986060732015212
UBFC_PHYS_s13_T2_ctrl,43,237,50.9,-0.8450301885604858,-0.0599349526030313
UBFC_PHYS_s13_T2_ctrl,43,238,50.93333333333333,-0.8838143348693848,0.022022979046766308
UBFC_PHYS_s13_T2_ctrl,43,239,50.96666666666667,-0.8326535820960999,0.12845018369676686
UBFC_PHYS_s13_T2_ctrl,44,0,44.0,0.6430930495262146,-0.2389095895012535
UBFC_PHYS_s13_T2_ctrl,44,1,44.03333333333333,0.4349110722541809,-0.19369203672998656
UBFC_PHYS_s13_T2_ctrl,44,2,44.06666666666667,0.19061405956745148,-0.16491354492702648
UBFC_PHYS_s13_T2_ctrl,44,3,44.1,-0.0662408247590065,-0.16941648011320362
UBFC_PHYS_s13_T2_ctrl,44,4,44.13333333333333,-0.26606297492980957,-0.22078418169063224
UBFC_PHYS_s13_T2_ctrl,44,5,44.166666666666664,-0.4153142273426056,-0.32524491579579956
UBFC_PHYS_s13_T2_ctrl,44,6,44.2,-0.603537380695343,-0.4772520703554001
UBFC_PHYS_s13_T2_ctrl,44,7,44.233333333333334,-0.8955121636390686,-0.657466774674669
UBFC_PHYS_s13_T2_ctrl,44,8,44.266666666666666,-1.219594955444336,-0.8350265431260679
UBFC_PHYS_s13_T2_ctrl,44,9,44.3,-1.3604402542114258,-0.9739825401767357
UBFC_PHYS_s13_T2_ctrl,44,10,44.333333333333336,-1.2161219120025635,-1.0420589934591231
UBFC_PHYS_s13_T2_ctrl,44,11,44.36666666666667,-0.9562354683876038,-1.018933933877762
UBFC_PHYS_s13_T2_ctrl,44,12,44.4,-0.7859346866607666,-0.901103376517854
UBFC_PHYS_s13_T2_ctrl,44,13,44.43333333333333,-0.6887997984886169,-0.7012754079263817
UBFC_PHYS_s13_T2_ctrl,44,14,44.46666666666667,-0.5997216105461121,-0.4422040671174238
UBFC_PHYS_s13_T2_ctrl,44,15,44.5,-0.5909135937690735,-0.14747627065708402
UBFC_PHYS_s13_T2_ctrl,44,16,44.53333333333333,-0.7120208144187927,0.16615894313478924
UBFC_PHYS_s13_T2_ctrl,44,17,44.56666666666667,-0.8364430069923401,0.49058816738435496
UBFC_PHYS_s13_T2_ctrl,44,18,44.6,-0.8460385203361511,0.8211563688879092
UBFC_PHYS_s13_T2_ctrl,44,19,44.63333333333333,-0.7837236523628235,1.1476225461948373
UBFC_PHYS_s13_T2_ctrl,44,20,44.666666666666664,-0.7782437801361084,1.4468221386709779
UBFC_PHYS_s13_T2_ctrl,44,21,44.7,-0.9152469038963318,1.6820419862149514
UBFC_PHYS_s13_T2_ctrl,44,22,44.733333333333334,-1.201356291770935,1.8108229071906918
UBFC_PHYS_s13_T2_ctrl,44,23,44.766666666666666,-1.5719108581542969,1.7984586999521235
UBFC_PHYS_s13_T2_ctrl,44,24,44.8,-1.8783316612243652,1.6311294470793967
UBFC_PHYS_s13_T2_ctrl,44,25,44.833333333333336,-2.0864081382751465,1.3225666104672393
UBFC_PHYS_s13_T2_ctrl,44,26,44.86666666666667,-2.2508633136749268,0.9116896259164945
UBFC_PHYS_s13_T2_ctrl,44,27,44.9,-2.4235663414001465,0.45303019394982924
UBFC_PHYS_s13_T2_ctrl,44,28,44.93333333333333,-2.519366502761841,0.004069523517321444
UBFC_PHYS_s13_T2_ctrl,44,29,44.96666666666667,-2.494415521621704,-0.3863295260369421
UBFC_PHYS_s13_T2_ctrl,44,30,45.0,-2.353991985321045,-0.685347526778659
UBFC_PHYS_s13_T2_ctrl,44,31,45.03333333333333,-2.218313694000244,-0.8783384403829808
UBFC_PHYS_s13_T2_ctrl,44,32,45.06666666666667,-2.0754878520965576,-0.966752335685074
UBFC_PHYS_s13_T2_ctrl,44,33,45.1,-1.8729242086410522,-0.9643982263437003
UBFC_PHYS_s13_T2_ctrl,44,34,45.13333333333333,-1.6462992429733276,-0.8943453390724883
UBFC_PHYS_s13_T2_ctrl,44,35,45.166666666666664,-1.548587679862976,-0.786958895704462
UBFC_PHYS_s13_T2_ctrl,44,36,45.2,-1.603880524635315,-0.6774399891552312
UBFC_PHYS_s13_T2_ctrl,44,37,45.233333333333334,-1.6923524141311646,-0.6006827366983157
UBFC_PHYS_s13_T2_ctrl,44,38,45.266666666666666,-1.6796693801879883,-0.5831099791993414
UBFC_PHYS_s13_T2_ctrl,44,39,45.3,-0.8106484413146973,-0.6338448536926369
UBFC_PHYS_s13_T2_ctrl,44,40,45.333333333333336,0.12347835302352905,-0.7390050934790994
UBFC_PHYS_s13_T2_ctrl,44,41,45.36666666666667,0.5829760432243347,-0.8624394003925004
UBFC_PHYS_s13_T2_ctrl,44,42,45.4,0.8515682816505432,-0.9542192112326551
UBFC_PHYS_s13_T2_ctrl,44,43,45.43333333333333,1.0222644805908203,-0.9651966229230137
UBFC_PHYS_s13_T2_ctrl,44,44,45.46666666666667,1.0486456155776978,-0.8629655198682548
UBFC_PHYS_s13_T2_ctrl,44,45,45.5,1.097578763961792,-0.6432779747962634
UBFC_PHYS_s13_T2_ctrl,44,46,45.53333333333333,1.200387954711914,-0.33241628611104795
UBFC_PHYS_s13_T2_ctrl,44,47,45.56666666666667,1.2726444005966187,0.020489843456709653
UBFC_PHYS_s13_T2_ctrl,44,48,45.6,1.19544517993927,0.35836165318346
UBFC_PHYS_s13_T2_ctrl,44,49,45.63333333333333,1.0757285356521606,0.6328626645724347
UBFC_PHYS_s13_T2_ctrl,44,50,45.666666666666664,1.00771963596344,0.8170789683975188
UBFC_PHYS_s13_T2_ctrl,44,51,45.7,0.9711235165596008,0.9100305178628466
UBFC_PHYS_s13_T2_ctrl,44,52,45.733333333333334,0.8885565400123596,0.9317730782306366
UBFC_PHYS_s13_T2_ctrl,44,53,45.766666666666666,0.7826598286628723,0.911299304354198
UBFC_PHYS_s13_T2_ctrl,44,54,45.8,0.7183414697647095,0.8724309724574434
UBFC_PHYS_s13_T2_ctrl,44,55,45.833333333333336,0.6773298382759094,0.8239621649299684
UBFC_PHYS_s13_T2_ctrl,44,56,45.86666666666667,0.6235889792442322,0.7585610503739814
UBFC_PHYS_s13_T2_ctrl,44,57,45.9,0.551019549369812,0.6609404748432254
UBFC_PHYS_s13_T2_ctrl,44,58,45.93333333333333,0.49422404170036316,0.5212728997093529
UBFC_PHYS_s13_T2_ctrl,44,59,45.96666666666667,0.4535946547985077,0.34690111635326054
UBFC_PHYS_s13_T2_ctrl,44,60,46.0,0.4270454943180084,0.16573495023535026
UBFC_PHYS_s13_T2_ctrl,44,61,46.03333333333333,0.4101775586605072,0.018625629337758617
UBFC_PHYS_s13_T2_ctrl,44,62,46.06666666666667,0.40455928444862366,-0.0561617833291345
UBFC_PHYS_s13_T2_ctrl,44,63,46.1,0.40558409690856934,-0.0390261319162669
UBFC_PHYS_s13_T2_ctrl,44,64,46.13333333333333,0.4306800663471222,0.06166062085149657
UBFC_PHYS_s13_T2_ctrl,44,65,46.166666666666664,0.49504125118255615,0.21069647608936926
UBFC_PHYS_s13_T2_ctrl,44,66,46.2,0.577492892742157,0.35657699394537584
UBFC_PHYS_s13_T2_ctrl,44,67,46.233333333333334,0.6536112427711487,0.4467122070769827
UBFC_PHYS_s13_T2_ctrl,44,68,46.266666666666666,0.7479287385940552,0.44148478904055555
UBFC_PHYS_s13_T2_ctrl,44,69,46.3,0.9026961326599121,0.32278849458434256
UBFC_PHYS_s13_T2_ctrl,44,70,46.333333333333336,1.1039879322052002,0.09577943937764409
UBFC_PHYS_s13_T2_ctrl,44,71,46.36666666666667,1.3098336458206177,-0.21463868670078332
UBFC_PHYS_s13_T2_ctrl,44,72,46.4,1.5231198072433472,-0.5700095431503577
UBFC_PHYS_s13_T2_ctrl,44,73,46.43333333333333,1.7964603900909424,-0.9250649296526977
UBFC_PHYS_s13_T2_ctrl,44,74,46.46666666666667,2.1755988597869873,-1.2338985921871022
UBFC_PHYS_s13_T2_ctrl,44,75,46.5,2.5919201374053955,-1.455475716353061
UBFC_PHYS_s13_T2_ctrl,44,76,46.53333333333333,2.804669141769409,-1.5589532097474927
UBFC_PHYS_s13_T2_ctrl,44,77,46.56666666666667,2.658189058303833,-1.5288042767503796
UBFC_PHYS_s13_T2_ctrl,44,78,46.6,2.280625820159912,-1.368360451868928
UBFC_PHYS_s13_T2_ctrl,44,79,46.63333333333333,1.8823390007019043,-1.0996688678189628
UBFC_PHYS_s13_T2_ctrl,44,80,46.666666666666664,1.5156530141830444,-0.7586912400938199
UBFC_PHYS_s13_T2_ctrl,44,81,46.7,1.1550925970077515,-0.38697322359044967
UBFC_PHYS_s13_T2_ctrl,44,82,46.733333333333334,0.8116737604141235,-0.022438288800737914
UBFC_PHYS_s13_T2_ctrl,44,83,46.766666666666666,0.49953916668891907,0.3076943885289853
UBFC_PHYS_s13_T2_ctrl,44,84,46.8,0.23679910600185394,0.589635058980453
UBFC_PHYS_s13_T2_ctrl,44,85,46.833333333333336,0.06591179966926575,0.8207928067539144
UBFC_PHYS_s13_T2_ctrl,44,86,46.86666666666667,0.007468740921467543,1.0039569325366917
UBFC_PHYS_s13_T2_ctrl,44,87,46.9,0.01832960732281208,1.1406680669668563
UBFC_PHYS_s13_T2_ctrl,44,88,46.93333333333333,0.0174761600792408,1.2267199961557929
UBFC_PHYS_s13_T2_ctrl,44,89,46.96666666666667,-0.030840856954455376,1.25166700544637
UBFC_PHYS_s13_T2_ctrl,44,90,47.0,-0.07133185863494873,1.2024723289769745
UBFC_PHYS_s13_T2_ctrl,44,91,47.03333333333333,-0.029806174337863922,1.0698021797223687
UBFC_PHYS_s13_T2_ctrl,44,92,47.06666666666667,0.07527337223291397,0.8545816708152613
UBFC_PHYS_s13_T2_ctrl,44,93,47.1,0.16409127414226532,0.5724681365963312
UBFC_PHYS_s13_T2_ctrl,44,94,47.13333333333333,0.1747840791940689,0.2546405729356243
UBFC_PHYS_s13_T2_ctrl,44,95,47.166666666666664,0.09214132279157639,-0.05572823461528422
UBFC_PHYS_s13_T2_ctrl,44,96,47.2,-0.07250823080539703,-0.3110623132145601
UBFC_PHYS_s13_T2_ctrl,44,97,47.233333333333334,-0.29487261176109314,-0.46979508992111857
UBFC_PHYS_s13_T2_ctrl,44,98,47.266666666666666,-0.5375022888183594,-0.5071800071608682
UBFC_PHYS_s13_T2_ctrl,44,99,47.3,-0.7763952016830444,-0.4232024608398876
UBFC_PHYS_s13_T2_ctrl,44,100,47.333333333333336,-1.0243761539459229,-0.2444514997613787
UBFC_PHYS_s13_T2_ctrl,44,101,47.36666666666667,-1.2707425355911255,-0.018367253300903583
UBFC_PHYS_s13_T2_ctrl,44,102,47.4,-1.4329800605773926,0.1990306652184839
UBFC_PHYS_s13_T2_ctrl,44,103,47.43333333333333,-1.4369738101959229,0.35804321364149355
UBFC_PHYS_s13_T2_ctrl,44,104,47.46666666666667,-1.3189146518707275,0.4274511965130799
UBFC_PHYS_s13_T2_ctrl,44,105,47.5,-1.1747016906738281,0.39957308554667903
UBFC_PHYS_s13_T2_ctrl,44,106,47.53333333333333,-1.0455905199050903,0.28723265949393256
UBFC_PHYS_s13_T2_ctrl,44,107,47.56666666666667,-0.9335713386535645,0.11528087960052914
UBFC_PHYS_s13_T2_ctrl,44,108,47.6,-0.855587899684906,-0.08899269132564297
UBFC_PHYS_s13_T2_ctrl,44,109,47.63333333333333,-0.7879942059516907,-0.30288168267719884
UBFC_PHYS_s13_T2_ctrl,44,110,47.666666666666664,-0.6750227212905884,-0.5110986352609188
UBFC_PHYS_s13_T2_ctrl,44,111,47.7,-0.5475162863731384,-0.7048558779121534
UBFC_PHYS_s13_T2_ctrl,44,112,47.733333333333334,-0.5050843954086304,-0.8786890062650355
UBFC_PHYS_s13_T2_ctrl,44,113,47.766666666666666,-0.5607826113700867,-1.0267084992600666
UBFC_PHYS_s13_T2_ctrl,44,114,47.8,-0.6311970353126526,-1.1398079538019865
UBFC_PHYS_s13_T2_ctrl,44,115,47.833333333333336,-0.6909383535385132,-1.2050290188111341
UBFC_PHYS_s13_T2_ctrl,44,116,47.86666666666667,-0.7969537377357483,-1.2076770524176377
UBFC_PHYS_s13_T2_ctrl,44,117,47.9,-0.9785634875297546,-1.135763485895284
UBFC_PHYS_s13_T2_ctrl,44,118,47.93333333333333,-1.1620054244995117,-0.9850854902121522
UBFC_PHYS_s13_T2_ctrl,44,119,47.96666666666667,-1.2110110521316528,-0.762418019544053
UBFC_PHYS_s13_T2_ctrl,44,120,48.0,-1.0448555946350098,-0.4846878575673039
UBFC_PHYS_s13_T2_ctrl,44,121,48.03333333333333,-0.7295148968696594,-0.17403999725895913
UBFC_PHYS_s13_T2_ctrl,44,122,48.06666666666667,-0.4480648636817932,0.1484343412143192
UBFC_PHYS_s13_T2_ctrl,44,123,48.1,-0.3286019265651703,0.4663132033972797
UBFC_PHYS_s13_T2_ctrl,44,124,48.13333333333333,-0.36926427483558655,0.7667708908188834
UBFC_PHYS_s13_T2_ctrl,44,125,48.166666666666664,-0.48171180486679077,1.0363675848705869
UBFC_PHYS_s13_T2_ctrl,44,126,48.2,-0.5577378869056702,1.2576638591621359
UBFC_PHYS_s13_T2_ctrl,44,127,48.233333333333334,-0.5155169367790222,1.4102159330692527
UBFC_PHYS_s13_T2_ctrl,44,128,48.266666666666666,-0.3544854521751404,1.4764686843993047
UBFC_PHYS_s13_T2_ctrl,44,129,48.3,-0.15366816520690918,1.449428876578119
UBFC_PHYS_s13_T2_ctrl,44,130,48.333333333333336,0.02885766327381134,1.3372718108828374
UBFC_PHYS_s13_T2_ctrl,44,131,48.36666666666667,0.19729995727539062,1.1616057612375776
UBFC_PHYS_s13_T2_ctrl,44,132,48.4,0.37279388308525085,0.950203815773561
UBFC_PHYS_s13_T2_ctrl,44,133,48.43333333333333,0.5504593253135681,0.7283631693295273
UBFC_PHYS_s13_T2_ctrl,44,134,48.46666666666667,0.6911398768424988,0.5130785394548596
UBFC_PHYS_s13_T2_ctrl,44,135,48.5,0.7593464851379395,0.31184289043315305
UBFC_PHYS_s13_T2_ctrl,44,136,48.53333333333333,0.7807848453521729,0.12538874378897324
UBFC_PHYS_s13_T2_ctrl,44,137,48.56666666666667,0.8254936337471008,-0.0479302156786678
UBFC_PHYS_s13_T2_ctrl,44,138,48.6,0.9166049957275391,-0.20888701768157708
UBFC_PHYS_s13_T2_ctrl,44,139,48.63333333333333,1.018237829208374,-0.3570387368055531
UBFC_PHYS_s13_T2_ctrl,44,140,48.666666666666664,1.0928173065185547,-0.49288887908355666
UBFC_PHYS_s13_T2_ctrl,44,141,48.7,1.1310116052627563,-0.62010927075728
UBFC_PHYS_s13_T2_ctrl,44,142,48.733333333333334,1.1326855421066284,-0.7449400918105727
UBFC_PHYS_s13_T2_ctrl,44,143,48.766666666666666,1.0990583896636963,-0.8716121542994649
UBFC_PHYS_s13_T2_ctrl,44,144,48.8,1.0489323139190674,-0.9956884518948984
UBFC_PHYS_s13_T2_ctrl,44,145,48.833333333333336,1.0030734539031982,-1.099397295408039
UBFC_PHYS_s13_T2_ctrl,44,146,48.86666666666667,0.9560019969940186,-1.1526223439162346
UBFC_PHYS_s13_T2_ctrl,44,147,48.9,0.8920395374298096,-1.1207272834817366
UBFC_PHYS_s13_T2_ctrl,44,148,48.93333333333333,0.8169031739234924,-0.9773521402954751
UBFC_PHYS_s13_T2_ctrl,44,149,48.96666666666667,0.7399280667304993,-0.7177830177587136
UBFC_PHYS_s13_T2_ctrl,44,150,49.0,0.6410665512084961,-0.36728908417165235
UBFC_PHYS_s13_T2_ctrl,44,151,49.03333333333333,0.49089592695236206,0.02018073390309181
UBFC_PHYS_s13_T2_ctrl,44,152,49.06666666666667,0.2984813153743744,0.3741028449968934
UBFC_PHYS_s13_T2_ctrl,44,153,49.1,0.09510038048028946,0.6265636256581056
UBFC_PHYS_s13_T2_ctrl,44,154,49.13333333333333,-0.09337321668863297,0.7308679013543835
UBFC_PHYS_s13_T2_ctrl,44,155,49.166666666666664,-0.24913901090621948,0.6722478612160514
UBFC_PHYS_s13_T2_ctrl,44,156,49.2,-0.3663052022457123,0.4685644425566233
UBFC_PHYS_s13_T2_ctrl,44,157,49.233333333333334,-0.4561314284801483,0.1642387666165863
UBFC_PHYS_s13_T2_ctrl,44,158,49.266666666666666,-0.5241799354553223,-0.17842060402525414
UBFC_PHYS_s13_T2_ctrl,44,159,49.3,-0.5586671233177185,-0.48871820037301794
UBFC_PHYS_s13_T2_ctrl,44,160,49.333333333333336,-0.5668424367904663,-0.6983188485706042
UBFC_PHYS_s13_T2_ctrl,44,161,49.36666666666667,-0.5704835653305054,-0.7538906003829217
UBFC_PHYS_s13_T2_ctrl,44,162,49.4,-0.5538232326507568,-0.6305347913075087
UBFC_PHYS_s13_T2_ctrl,44,163,49.43333333333333,-0.47283464670181274,-0.3421559988644209
UBFC_PHYS_s13_T2_ctrl,44,164,49.46666666666667,-0.32030799984931946,0.056833954249159366
UBFC_PHYS_s13_T2_ctrl,44,165,49.5,-0.12891487777233124,0.48243642588465147
UBFC_PHYS_s13_T2_ctrl,44,166,49.53333333333333,0.07359283417463303,0.8431129027247652
UBFC_PHYS_s13_T2_ctrl,44,167,49.56666666666667,0.26677194237709045,1.0656081200442524
UBFC_PHYS_s13_T2_ctrl,44,168,49.6,0.42561209201812744,1.1149794149564864
UBFC_PHYS_s13_T2_ctrl,44,169,49.63333333333333,0.5401454567909241,1.001824917160732
UBFC_PHYS_s13_T2_ctrl,44,170,49.666666666666664,0.6312798857688904,0.7753532699192396
UBFC_PHYS_s13_T2_ctrl,44,171,49.7,0.7341780066490173,0.5061397774154094
UBFC_PHYS_s13_T2_ctrl,44,172,49.733333333333334,0.8763940930366516,0.2646267954334036
UBFC_PHYS_s13_T2_ctrl,44,173,49.766666666666666,1.0548306703567505,0.10144875349453933
UBFC_PHYS_s13_T2_ctrl,44,174,49.8,1.2159675359725952,0.035010607734473335
UBFC_PHYS_s13_T2_ctrl,44,175,49.833333333333336,1.298616886138916,0.04990869314061122
UBFC_PHYS_s13_T2_ctrl,44,176,49.86666666666667,1.2907711267471313,0.10617511534438717
UBFC_PHYS_s13_T2_ctrl,44,177,49.9,1.209779143333435,0.1554556697823324
UBFC_PHYS_s13_T2_ctrl,44,178,49.93333333333333,1.0566792488098145,0.15810682060564338
UBFC_PHYS_s13_T2_ctrl,44,179,49.96666666666667,0.8452515006065369,0.09551585407042093
UBFC_PHYS_s13_T2_ctrl,44,180,50.0,0.6312304735183716,-0.025778723240223414
UBFC_PHYS_s13_T2_ctrl,44,181,50.03333333333333,0.4632033705711365,-0.17855989175929096
UBFC_PHYS_s13_T2_ctrl,44,182,50.06666666666667,0.3400234580039978,-0.3257791952945777
UBFC_PHYS_s13_T2_ctrl,44,183,50.1,0.24320490658283234,-0.43389093136748785
UBFC_PHYS_s13_T2_ctrl,44,184,50.13333333333333,0.13940058648586273,-0.4842028377011585
UBFC_PHYS_s13_T2_ctrl,44,185,50.166666666666664,-0.029236111789941788,-0.47839166423199914
UBFC_PHYS_s13_T2_ctrl,44,186,50.2,-0.3040858805179596,-0.43620924366856806
UBFC_PHYS_s13_T2_ctrl,44,187,50.233333333333334,-0.6442887187004089,-0.3863842085508817
UBFC_PHYS_s13_T2_ctrl,44,188,50.266666666666666,-0.9229311943054199,-0.3548176874486895
UBFC_PHYS_s13_T2_ctrl,44,189,50.3,-1.0456860065460205,-0.35525370715375176
UBFC_PHYS_s13_T2_ctrl,44,190,50.333333333333336,-1.0573773384094238,-0.38559280870086354
UBFC_PHYS_s13_T2_ctrl,44,191,50.36666666666667,-1.035391926765442,-0.4297187126160775
UBFC_PHYS_s13_T2_ctrl,44,192,50.4,-0.9689844846725464,-0.46263429950862
UBFC_PHYS_s13_T2_ctrl,44,193,50.43333333333333,-0.8246001601219177,-0.4566565278589088
UBFC_PHYS_s13_T2_ctrl,44,194,50.46666666666667,-0.6444007158279419,-0.3876449872557468
UBFC_PHYS_s13_T2_ctrl,44,195,50.5,-0.48518821597099304,-0.24118285106326295
UBFC_PHYS_s13_T2_ctrl,44,196,50.53333333333333,-0.3395287096500397,-0.01829316078506836
UBFC_PHYS_s13_T2_ctrl,44,197,50.56666666666667,-0.19455458223819733,0.2607069540316878
UBFC_PHYS_s13_T2_ctrl,44,198,50.6,-0.0959368571639061,0.5560898469098413
UBFC_PHYS_s13_T2_ctrl,44,199,50.63333333333333,-0.08425220102071762,0.8138645708789986
UBFC_PHYS_s13_T2_ctrl,44,200,50.666666666666664,-0.13481321930885315,0.9765441999579746
UBFC_PHYS_s13_T2_ctrl,44,201,50.7,-0.203570157289505,0.9976755714332762
UBFC_PHYS_s13_T2_ctrl,44,202,50.733333333333334,-0.28154367208480835,0.8556725752019669
UBFC_PHYS_s13_T2_ctrl,44,203,50.766666666666666,-0.37677067518234253,0.5618024065722734
UBFC_PHYS_s13_T2_ctrl,44,204,50.8,-0.4876101613044739,0.159638939848392
UBFC_PHYS_s13_T2_ctrl,44,205,50.833333333333336,-0.6105363368988037,-0.28323601130023285
UBFC_PHYS_s13_T2_ctrl,44,206,50.86666666666667,-0.7392224073410034,-0.6886388979303335
UBFC_PHYS_s13_T2_ctrl,44,207,50.9,-0.8450301885604858,-0.9833734593153968
UBFC_PHYS_s13_T2_ctrl,44,208,50.93333333333333,-0.8838143348693848,-1.1141488571251308
UBFC_PHYS_s13_T2_ctrl,44,209,50.96666666666667,-0.8326535820960999,-1.0588239204794625
UBFC_PHYS_s13_T2_ctrl,44,210,51.0,-0.6995058059692383,-0.8309473525935283
UBFC_PHYS_s13_T2_ctrl,44,211,51.03333333333333,-0.49515607953071594,-0.47568796042508077
UBFC_PHYS_s13_T2_ctrl,44,212,51.06666666666667,-0.25028571486473083,-0.05796740305853863
UBFC_PHYS_s13_T2_ctrl,44,213,51.1,-0.036267995834350586,0.3533201897131811
UBFC_PHYS_s13_T2_ctrl,44,214,51.13333333333333,0.0748252272605896,0.6995590678470519
UBFC_PHYS_s13_T2_ctrl,44,215,51.166666666666664,0.07754373550415039,0.9407815892966691
UBFC_PHYS_s13_T2_ctrl,44,216,51.2,0.02342063933610916,1.0571009430499336
UBFC_PHYS_s13_T2_ctrl,44,217,51.233333333333334,-0.03890742361545563,1.0453139879586368
UBFC_PHYS_s13_T2_ctrl,44,218,51.266666666666666,-0.08611396700143814,0.9138490849021725
UBFC_PHYS_s13_T2_ctrl,44,219,51.3,-0.10796751081943512,0.6786932875716368
UBFC_PHYS_s13_T2_ctrl,44,220,51.333333333333336,-0.10937454551458359,0.36197572151950214
UBFC_PHYS_s13_T2_ctrl,44,221,51.36666666666667,-0.11654482781887054,-0.006534746683602341
UBFC_PHYS_s13_T2_ctrl,44,222,51.4,-0.15941163897514343,-0.3867640869913658
UBFC_PHYS_s13_T2_ctrl,44,223,51.43333333333333,-0.24363936483860016,-0.727789300659222
UBFC_PHYS_s13_T2_ctrl,44,224,51.46666666666667,-0.33368638157844543,-0.972569484846806
UBFC_PHYS_s13_T2_ctrl,44,225,51.5,-0.3590987026691437,-1.0690504701610446
UBFC_PHYS_s13_T2_ctrl,44,226,51.53333333333333,-0.25521528720855713,-0.9854920924326401
UBFC_PHYS_s13_T2_ctrl,44,227,51.56666666666667,-0.042031239718198776,-0.7247929282029515
UBFC_PHYS_s13_T2_ctrl,44,228,51.6,0.1885479837656021,-0.33120679947163795
UBFC_PHYS_s13_T2_ctrl,44,229,51.63333333333333,0.35036370158195496,0.11578346973670371
UBFC_PHYS_s13_T2_ctrl,44,230,51.666666666666664,0.41897234320640564,0.5213392809465264
UBFC_PHYS_s13_T2_ctrl,44,231,51.7,0.40415069460868835,0.8033983572657313
UBFC_PHYS_s13_T2_ctrl,44,232,51.733333333333334,0.31604453921318054,0.9179321283097995
UBFC_PHYS_s13_T2_ctrl,44,233,51.766666666666666,0.18547029793262482,0.8700250095453136
UBFC_PHYS_s13_T2_ctrl,44,234,51.8,0.06744076311588287,0.7065135625097577
UBFC_PHYS_s13_T2_ctrl,44,235,51.833333333333336,-0.012035345658659935,0.4949735317848938
UBFC_PHYS_s13_T2_ctrl,44,236,51.86666666666667,-0.06623753160238266,0.2986697315129774
UBFC_PHYS_s13_T2_ctrl,44,237,51.9,-0.09977243095636368,0.15665372066461994
UBFC_PHYS_s13_T2_ctrl,44,238,51.93333333333333,-0.08607113361358643,0.07467962101678731
UBFC_PHYS_s13_T2_ctrl,44,239,51.96666666666667,-0.011399378068745136,0.028284633918811572
UBFC_PHYS_s13_T2_ctrl,45,0,45.0,-2.353991985321045,-0.15485375527135833
UBFC_PHYS_s13_T2_ctrl,45,1,45.03333333333333,-2.218313694000244,-0.3932887173833885
UBFC_PHYS_s13_T2_ctrl,45,2,45.06666666666667,-2.0754878520965576,-0.6127575665696454
UBFC_PHYS_s13_T2_ctrl,45,3,45.1,-1.8729242086410522,-0.8013222674186627
UBFC_PHYS_s13_T2_ctrl,45,4,45.13333333333333,-1.6462992429733276,-0.9542301846740185
UBFC_PHYS_s13_T2_ctrl,45,5,45.166666666666664,-1.548587679862976,-1.0748042501947548
UBFC_PHYS_s13_T2_ctrl,45,6,45.2,-1.603880524635315,-1.1719110734477083
UBFC_PHYS_s13_T2_ctrl,45,7,45.233333333333334,-1.6923524141311646,-1.2544626464267867
UBFC_PHYS_s13_T2_ctrl,45,8,45.266666666666666,-1.6796693801879883,-1.3246204486577131
UBFC_PHYS_s13_T2_ctrl,45,9,45.3,-0.8106484413146973,-1.3721785875422985
UBFC_PHYS_s13_T2_ctrl,45,10,45.333333333333336,0.12347835302352905,-1.3731501634160246
UBFC_PHYS_s13_T2_ctrl,45,11,45.36666666666667,0.5829760432243347,-1.2948734726382414
UBFC_PHYS_s13_T2_ctrl,45,12,45.4,0.8515682816505432,-1.1073446425677245
UBFC_PHYS_s13_T2_ctrl,45,13,45.43333333333333,1.0222644805908203,-0.797117318130115
UBFC_PHYS_s13_T2_ctrl,45,14,45.46666666666667,1.0486456155776978,-0.3779156112187344
UBFC_PHYS_s13_T2_ctrl,45,15,45.5,1.097578763961792,0.10755944452793752
UBFC_PHYS_s13_T2_ctrl,45,16,45.53333333333333,1.200387954711914,0.5969331500547999
UBFC_PHYS_s13_T2_ctrl,45,17,45.56666666666667,1.2726444005966187,1.02561224603004
UBFC_PHYS_s13_T2_ctrl,45,18,45.6,1.19544517993927,1.344623746614481
UBFC_PHYS_s13_T2_ctrl,45,19,45.63333333333333,1.0757285356521606,1.5306701132203158
UBFC_PHYS_s13_T2_ctrl,45,20,45.666666666666664,1.00771963596344,1.5854784689220651
UBFC_PHYS_s13_T2_ctrl,45,21,45.7,0.9711235165596008,1.5276796841746285
UBFC_PHYS_s13_T2_ctrl,45,22,45.733333333333334,0.8885565400123596,1.382560884439251
UBFC_PHYS_s13_T2_ctrl,45,23,45.766666666666666,0.7826598286628723,1.1736430943890386
UBFC_PHYS_s13_T2_ctrl,45,24,45.8,0.7183414697647095,0.9180316798240848
UBFC_PHYS_s13_T2_ctrl,45,25,45.833333333333336,0.6773298382759094,0.6260630946259714
UBFC_PHYS_s13_T2_ctrl,45,26,45.86666666666667,0.6235889792442322,0.30481099602553435
UBFC_PHYS_s13_T2_ctrl,45,27,45.9,0.551019549369812,-0.0358757228060914
UBFC_PHYS_s13_T2_ctrl,45,28,45.93333333333333,0.49422404170036316,-0.3771415765972695
UBFC_PHYS_s13_T2_ctrl,45,29,45.96666666666667,0.4535946547985077,-0.6877931711185247
UBFC_PHYS_s13_T2_ctrl,45,30,46.0,0.4270454943180084,-0.9267197690289145
UBFC_PHYS_s13_T2_ctrl,45,31,46.03333333333333,0.4101775586605072,-1.0520109760508125
UBFC_PHYS_s13_T2_ctrl,45,32,46.06666666666667,0.40455928444862366,-1.0344291682254216
UBFC_PHYS_s13_T2_ctrl,45,33,46.1,0.40558409690856934,-0.8700230859320626
UBFC_PHYS_s13_T2_ctrl,45,34,46.13333333333333,0.4306800663471222,-0.5861140384320196
UBFC_PHYS_s13_T2_ctrl,45,35,46.166666666666664,0.49504125118255615,-0.23712912970436031
UBFC_PHYS_s13_T2_ctrl,45,36,46.2,0.577492892742157,0.10907297835897177
UBFC_PHYS_s13_T2_ctrl,45,37,46.233333333333334,0.6536112427711487,0.3893930127421612
UBFC_PHYS_s13_T2_ctrl,45,38,46.266666666666666,0.7479287385940552,0.5608351723479164
UBFC_PHYS_s13_T2_ctrl,45,39,46.3,0.9026961326599121,0.607093621209599
UBFC_PHYS_s13_T2_ctrl,45,40,46.333333333333336,1.1039879322052002,0.5354516908811802
UBFC_PHYS_s13_T2_ctrl,45,41,46.36666666666667,1.3098336458206177,0.3679775527191114
UBFC_PHYS_s13_T2_ctrl,45,42,46.4,1.5231198072433472,0.1324655098424188
UBFC_PHYS_s13_T2_ctrl,45,43,46.43333333333333,1.7964603900909424,-0.1431757298757926
UBFC_PHYS_s13_T2_ctrl,45,44,46.46666666666667,2.1755988597869873,-0.4322383690666035
UBFC_PHYS_s13_T2_ctrl,45,45,46.5,2.5919201374053955,-0.7077369309915562
UBFC_PHYS_s13_T2_ctrl,45,46,46.53333333333333,2.804669141769409,-0.9407167440293195
UBFC_PHYS_s13_T2_ctrl,45,47,46.56666666666667,2.658189058303833,-1.100724415606065
UBFC_PHYS_s13_T2_ctrl,45,48,46.6,2.280625820159912,-1.1596765620197973
UBFC_PHYS_s13_T2_ctrl,45,49,46.63333333333333,1.8823390007019043,-1.0985576730350457
UBFC_PHYS_s13_T2_ctrl,45,50,46.666666666666664,1.5156530141830444,-0.9144190756966621
UBFC_PHYS_s13_T2_ctrl,45,51,46.7,1.1550925970077515,-0.6240744906104616
UBFC_PHYS_s13_T2_ctrl,45,52,46.733333333333334,0.8116737604141235,-0.2616722742978055
UBFC_PHYS_s13_T2_ctrl,45,53,46.766666666666666,0.49953916668891907,0.1297616573052626
UBFC_PHYS_s13_T2_ctrl,45,54,46.8,0.23679910600185394,0.5089847850803579
UBFC_PHYS_s13_T2_ctrl,45,55,46.833333333333336,0.06591179966926575,0.8441841169844684
UBFC_PHYS_s13_T2_ctrl,45,56,46.86666666666667,0.007468740921467543,1.1149796249919275
UBFC_PHYS_s13_T2_ctrl,45,57,46.9,0.01832960732281208,1.310055379870523
UBFC_PHYS_s13_T2_ctrl,45,58,46.93333333333333,0.0174761600792408,1.4234673155530642
UBFC_PHYS_s13_T2_ctrl,45,59,46.96666666666667,-0.030840856954455376,1.4519798007295637
UBFC_PHYS_s13_T2_ctrl,45,60,47.0,-0.07133185863494873,1.3941512126100635
UBFC_PHYS_s13_T2_ctrl,45,61,47.03333333333333,-0.029806174337863922,1.2508444666334255
UBFC_PHYS_s13_T2_ctrl,45,62,47.06666666666667,0.07527337223291397,1.0268784571932648
UBFC_PHYS_s13_T2_ctrl,45,63,47.1,0.16409127414226532,0.733608203160851
UBFC_PHYS_s13_T2_ctrl,45,64,47.13333333333333,0.1747840791940689,0.3914268817065205
UBFC_PHYS_s13_T2_ctrl,45,65,47.166666666666664,0.09214132279157639,0.03039439575836233
UBFC_PHYS_s13_T2_ctrl,45,66,47.2,-0.07250823080539703,-0.31242870900508496
UBFC_PHYS_s13_T2_ctrl,45,67,47.233333333333334,-0.29487261176109314,-0.5990278876406736
UBFC_PHYS_s13_T2_ctrl,45,68,47.266666666666666,-0.5375022888183594,-0.7984777292263207
UBFC_PHYS_s13_T2_ctrl,45,69,47.3,-0.7763952016830444,-0.8944840711294904
UBFC_PHYS_s13_T2_ctrl,45,70,47.333333333333336,-1.0243761539459229,-0.889539754713076
UBFC_PHYS_s13_T2_ctrl,45,71,47.36666666666667,-1.2707425355911255,-0.8036267855547701
UBFC_PHYS_s13_T2_ctrl,45,72,47.4,-1.4329800605773926,-0.6674641066035575
UBFC_PHYS_s13_T2_ctrl,45,73,47.43333333333333,-1.4369738101959229,-0.5127640752805134
UBFC_PHYS_s13_T2_ctrl,45,74,47.46666666666667,-1.3189146518707275,-0.3635283636561459
UBFC_PHYS_s13_T2_ctrl,45,75,47.5,-1.1747016906738281,-0.2319935552177672
UBFC_PHYS_s13_T2_ctrl,45,76,47.53333333333333,-1.0455905199050903,-0.12037816114341596
UBFC_PHYS_s13_T2_ctrl,45,77,47.56666666666667,-0.9335713386535645,-0.02658989774827935
UBFC_PHYS_s13_T2_ctrl,45,78,47.6,-0.855587899684906,0.049645283472511875
UBFC_PHYS_s13_T2_ctrl,45,79,47.63333333333333,-0.7879942059516907,0.10335623865138814
UBFC_PHYS_s13_T2_ctrl,45,80,47.666666666666664,-0.6750227212905884,0.12469219380304492
UBFC_PHYS_s13_T2_ctrl,45,81,47.7,-0.5475162863731384,0.10215815462168008
UBFC_PHYS_s13_T2_ctrl,45,82,47.733333333333334,-0.5050843954086304,0.02708415628639875
UBFC_PHYS_s13_T2_ctrl,45,83,47.766666666666666,-0.5607826113700867,-0.10211246200643344
UBFC_PHYS_s13_T2_ctrl,45,84,47.8,-0.6311970353126526,-0.2770796184101537
UBFC_PHYS_s13_T2_ctrl,45,85,47.833333333333336,-0.6909383535385132,-0.47904115018538396
UBFC_PHYS_s13_T2_ctrl,45,86,47.86666666666667,-0.7969537377357483,-0.6809989137137018
UBFC_PHYS_s13_T2_ctrl,45,87,47.9,-0.9785634875297546,-0.8520946056005613
UBFC_PHYS_s13_T2_ctrl,45,88,47.93333333333333,-1.1620054244995117,-0.962850861967326
UBFC_PHYS_s13_T2_ctrl,45,89,47.96666666666667,-1.2110110521316528,-0.98978757305642
UBFC_PHYS_s13_T2_ctrl,45,90,48.0,-1.0448555946350098,-0.9184006788464707
UBFC_PHYS_s13_T2_ctrl,45,91,48.03333333333333,-0.7295148968696594,-0.7444669086132304
UBFC_PHYS_s13_T2_ctrl,45,92,48.06666666666667,-0.4480648636817932,-0.474514934591984
UBFC_PHYS_s13_T2_ctrl,45,93,48.1,-0.3286019265651703,-0.12634086290699986
UBFC_PHYS_s13_T2_ctrl,45,94,48.13333333333333,-0.36926427483558655,0.27057360650640017
UBFC_PHYS_s13_T2_ctrl,45,95,48.166666666666664,-0.48171180486679077,0.6761618944594455
UBFC_PHYS_s13_T2_ctrl,45,96,48.2,-0.5577378869056702,1.044184654781213
UBFC_PHYS_s13_T2_ctrl,45,97,48.233333333333334,-0.5155169367790222,1.3304792511243657
UBFC_PHYS_s13_T2_ctrl,45,98,48.266666666666666,-0.3544854521751404,1.5030558462596686
UBFC_PHYS_s13_T2_ctrl,45,99,48.3,-0.15366816520690918,1.5500451919674039
UBFC_PHYS_s13_T2_ctrl,45,100,48.333333333333336,0.02885766327381134,1.4816994812549942
UBFC_PHYS_s13_T2_ctrl,45,101,48.36666666666667,0.19729995727539062,1.3251831136458139
UBFC_PHYS_s13_T2_ctrl,45,102,48.4,0.37279388308525085,1.1144234738253112
UBFC_PHYS_s13_T2_ctrl,45,103,48.43333333333333,0.5504593253135681,0.8795955060985917
UBFC_PHYS_s13_T2_ctrl,45,104,48.46666666666667,0.6911398768424988,0.6404487152116315
UBFC_PHYS_s13_T2_ctrl,45,105,48.5,0.7593464851379395,0.40539379184676366
UBFC_PHYS_s13_T2_ctrl,45,106,48.53333333333333,0.7807848453521729,0.17565617061134842
UBFC_PHYS_s13_T2_ctrl,45,107,48.56666666666667,0.8254936337471008,-0.04820763035191143
UBFC_PHYS_s13_T2_ctrl,45,108,48.6,0.9166049957275391,-0.26100850859015057
UBFC_PHYS_s13_T2_ctrl,45,109,48.63333333333333,1.018237829208374,-0.4515393799789974
UBFC_PHYS_s13_T2_ctrl,45,110,48.666666666666664,1.0928173065185547,-0.6053785708972355
UBFC_PHYS_s13_T2_ctrl,45,111,48.7,1.1310116052627563,-0.7098302183816291
UBFC_PHYS_s13_T2_ctrl,45,112,48.733333333333334,1.1326855421066284,-0.7582565234085851
UBFC_PHYS_s13_T2_ctrl,45,113,48.766666666666666,1.0990583896636963,-0.7518633196370947
UBFC_PHYS_s13_T2_ctrl,45,114,48.8,1.0489323139190674,-0.6984100567317825
UBFC_PHYS_s13_T2_ctrl,45,115,48.833333333333336,1.0030734539031982,-0.6087962221565582
UBFC_PHYS_s13_T2_ctrl,45,116,48.86666666666667,0.9560019969940186,-0.4935727728762619
UBFC_PHYS_s13_T2_ctrl,45,117,48.9,0.8920395374298096,-0.36142022721376066
UBFC_PHYS_s13_T2_ctrl,45,118,48.93333333333333,0.8169031739234924,-0.22027969808573727
UBFC_PHYS_s13_T2_ctrl,45,119,48.96666666666667,0.7399280667304993,-0.07995771679071498
UBFC_PHYS_s13_T2_ctrl,45,120,49.0,0.6410665512084961,0.0460759337002621
UBFC_PHYS_s13_T2_ctrl,45,121,49.03333333333333,0.49089592695236206,0.14142964675512554
UBFC_PHYS_s13_T2_ctrl,45,122,49.06666666666667,0.2984813153743744,0.18985760978953442
UBFC_PHYS_s13_T2_ctrl,45,123,49.1,0.09510038048028946,0.1788194623202232
UBFC_PHYS_s13_T2_ctrl,45,124,49.13333333333333,-0.09337321668863297,0.10185733892686097
UBFC_PHYS_s13_T2_ctrl,45,125,49.166666666666664,-0.24913901090621948,-0.04037982497832794
UBFC_PHYS_s13_T2_ctrl,45,126,49.2,-0.3663052022457123,-0.23930337180999756
UBFC_PHYS_s13_T2_ctrl,45,127,49.233333333333334,-0.4561314284801483,-0.4767880371094304
UBFC_PHYS_s13_T2_ctrl,45,128,49.266666666666666,-0.5241799354553223,-0.7236580641607032
UBFC_PHYS_s13_T2_ctrl,45,129,49.3,-0.5586671233177185,-0.9406323947935626
UBFC_PHYS_s13_T2_ctrl,45,130,49.333333333333336,-0.5668424367904663,-1.0836441148313543
UBFC_PHYS_s13_T2_ctrl,45,131,49.36666666666667,-0.5704835653305054,-1.1134660634044289
UBFC_PHYS_s13_T2_ctrl,45,132,49.4,-0.5538232326507568,-1.00737935308623
UBFC_PHYS_s13_T2_ctrl,45,133,49.43333333333333,-0.47283464670181274,-0.7687435173437641
UBFC_PHYS_s13_T2_ctrl,45,134,49.46666666666667,-0.32030799984931946,-0.42949051358874385
UBFC_PHYS_s13_T2_ctrl,45,135,49.5,-0.12891487777233124,-0.04251798149274524
UBFC_PHYS_s13_T2_ctrl,45,136,49.53333333333333,0.07359283417463303,0.33404055602750227
UBFC_PHYS_s13_T2_ctrl,45,137,49.56666666666667,0.26677194237709045,0.6539026823993097
UBFC_PHYS_s13_T2_ctrl,45,138,49.6,0.42561209201812744,0.8933763957660706
UBFC_PHYS_s13_T2_ctrl,45,139,49.63333333333333,0.5401454567909241,1.0515834551992167
UBFC_PHYS_s13_T2_ctrl,45,140,49.666666666666664,0.6312798857688904,1.1418032621405771
UBFC_PHYS_s13_T2_ctrl,45,141,49.7,0.7341780066490173,1.179784423380998
UBFC_PHYS_s13_T2_ctrl,45,142,49.733333333333334,0.8763940930366516,1.1749362734636895
UBFC_PHYS_s13_T2_ctrl,45,143,49.766666666666666,1.0548306703567505,1.127433383948021
UBFC_PHYS_s13_T2_ctrl,45,144,49.8,1.2159675359725952,1.031086396074092
UBFC_PHYS_s13_T2_ctrl,45,145,49.833333333333336,1.298616886138916,0.8796954310959184
UBFC_PHYS_s13_T2_ctrl,45,146,49.86666666666667,1.2907711267471313,0.6737719361899637
UBFC_PHYS_s13_T2_ctrl,45,147,49.9,1.209779143333435,0.42486275495152076
UBFC_PHYS_s13_T2_ctrl,45,148,49.93333333333333,1.0566792488098145,0.1558771865526183
UBFC_PHYS_s13_T2_ctrl,45,149,49.96666666666667,0.8452515006065369,-0.10263822187122891
UBFC_PHYS_s13_T2_ctrl,45,150,50.0,0.6312304735183716,-0.31891984432072656
UBFC_PHYS_s13_T2_ctrl,45,151,50.03333333333333,0.4632033705711365,-0.46703317145583956
UBFC_PHYS_s13_T2_ctrl,45,152,50.06666666666667,0.3400234580039978,-0.5326603204653918
UBFC_PHYS_s13_T2_ctrl,45,153,50.1,0.24320490658283234,-0.5163284593286911
UBFC_PHYS_s13_T2_ctrl,45,154,50.13333333333333,0.13940058648586273,-0.4332671062966692
UBFC_PHYS_s13_T2_ctrl,45,155,50.166666666666664,-0.029236111789941788,-0.30961797025965804
UBFC_PHYS_s13_T2_ctrl,45,156,50.2,-0.3040858805179596,-0.17564310935532404
UBFC_PHYS_s13_T2_ctrl,45,157,50.233333333333334,-0.6442887187004089,-0.057864009136798476
UBFC_PHYS_s13_T2_ctrl,45,158,50.266666666666666,-0.9229311943054199,0.02692122310276732
UBFC_PHYS_s13_T2_ctrl,45,159,50.3,-1.0456860065460205,0.07326741249313903
UBFC_PHYS_s13_T2_ctrl,45,160,50.333333333333336,-1.0573773384094238,0.08419658412009179
UBFC_PHYS_s13_T2_ctrl,45,161,50.36666666666667,-1.035391926765442,0.06613397089544577
UBFC_PHYS_s13_T2_ctrl,45,162,50.4,-0.9689844846725464,0.024792873360171594
UBFC_PHYS_s13_T2_ctrl,45,163,50.43333333333333,-0.8246001601219177,-0.036042078468508286
UBFC_PHYS_s13_T2_ctrl,45,164,50.46666666666667,-0.6444007158279419,-0.1130259505452882
UBFC_PHYS_s13_T2_ctrl,45,165,50.5,-0.48518821597099304,-0.20092024350781418
UBFC_PHYS_s13_T2_ctrl,45,166,50.53333333333333,-0.3395287096500397,-0.29149634094136595
UBFC_PHYS_s13_T2_ctrl,45,167,50.56666666666667,-0.19455458223819733,-0.3747155550431883
UBFC_PHYS_s13_T2_ctrl,45,168,50.6,-0.0959368571639061,-0.44173505794798695
UBFC_PHYS_s13_T2_ctrl,45,169,50.63333333333333,-0.08425220102071762,-0.48805019694474305
UBFC_PHYS_s13_T2_ctrl,45,170,50.666666666666664,-0.13481321930885315,-0.5146898649577731
UBFC_PHYS_s13_T2_ctrl,45,171,50.7,-0.203570157289505,-0.5263485418652283
UBFC_PHYS_s13_T2_ctrl,45,172,50.733333333333334,-0.28154367208480835,-0.5273380995372465
UBFC_PHYS_s13_T2_ctrl,45,173,50.766666666666666,-0.37677067518234253,-0.5176333545966422
UBFC_PHYS_s13_T2_ctrl,45,174,50.8,-0.4876101613044739,-0.49091696123795164
UBFC_PHYS_s13_T2_ctrl,45,175,50.833333333333336,-0.6105363368988037,-0.435351624956208
UBFC_PHYS_s13_T2_ctrl,45,176,50.86666666666667,-0.7392224073410034,-0.33710467003622413
UBFC_PHYS_s13_T2_ctrl,45,177,50.9,-0.8450301885604858,-0.18618761163766648
UBFC_PHYS_s13_T2_ctrl,45,178,50.93333333333333,-0.8838143348693848,0.01675196657148424
UBFC_PHYS_s13_T2_ctrl,45,179,50.96666666666667,-0.8326535820960999,0.2553379555668297
UBFC_PHYS_s13_T2_ctrl,45,180,51.0,-0.6995058059692383,0.4974198887933335
UBFC_PHYS_s13_T2_ctrl,45,181,51.03333333333333,-0.49515607953071594,0.7020770011135692
UBFC_PHYS_s13_T2_ctrl,45,182,51.06666666666667,-0.25028571486473083,0.8320576755985892
UBFC_PHYS_s13_T2_ctrl,45,183,51.1,-0.036267995834350586,0.8664083379265243
UBFC_PHYS_s13_T2_ctrl,45,184,51.13333333333333,0.0748252272605896,0.8071431299904911
UBFC_PHYS_s13_T2_ctrl,45,185,51.166666666666664,0.07754373550415039,0.6765810035688228
UBFC_PHYS_s13_T2_ctrl,45,186,51.2,0.02342063933610916,0.5070324046688128
UBFC_PHYS_s13_T2_ctrl,45,187,51.233333333333334,-0.03890742361545563,0.3283905717906146
UBFC_PHYS_s13_T2_ctrl,45,188,51.266666666666666,-0.08611396700143814,0.15929958929048996
UBFC_PHYS_s13_T2_ctrl,45,189,51.3,-0.10796751081943512,0.0048621916982284075
UBFC_PHYS_s13_T2_ctrl,45,190,51.333333333333336,-0.10937454551458359,-0.13930499579905328
UBFC_PHYS_s13_T2_ctrl,45,191,51.36666666666667,-0.11654482781887054,-0.2791347361930031
UBFC_PHYS_s13_T2_ctrl,45,192,51.4,-0.15941163897514343,-0.413810191674529
UBFC_PHYS_s13_T2_ctrl,45,193,51.43333333333333,-0.24363936483860016,-0.5306097123603294
UBFC_PHYS_s13_T2_ctrl,45,194,51.46666666666667,-0.33368638157844543,-0.6055141373512025
UBFC_PHYS_s13_T2_ctrl,45,195,51.5,-0.3590987026691437,-0.6103159650602451
UBFC_PHYS_s13_T2_ctrl,45,196,51.53333333333333,-0.25521528720855713,-0.5242637622789944
UBFC_PHYS_s13_T2_ctrl,45,197,51.56666666666667,-0.042031239718198776,-0.3457487842119634
UBFC_PHYS_s13_T2_ctrl,45,198,51.6,0.1885479837656021,-0.0985308802967222
UBFC_PHYS_s13_T2_ctrl,45,199,51.63333333333333,0.35036370158195496,0.17153875737890362
UBFC_PHYS_s13_T2_ctrl,45,200,51.666666666666664,0.41897234320640564,0.409457915187238
UBFC_PHYS_s13_T2_ctrl,45,201,51.7,0.40415069460868835,0.5689508108575092
UBFC_PHYS_s13_T2_ctrl,45,202,51.733333333333334,0.31604453921318054,0.6272148599852589
UBFC_PHYS_s13_T2_ctrl,45,203,51.766666666666666,0.18547029793262482,0.589609759843396
UBFC_PHYS_s13_T2_ctrl,45,204,51.8,0.06744076311588287,0.4832197468703257
UBFC_PHYS_s13_T2_ctrl,45,205,51.833333333333336,-0.012035345658659935,0.34416202562516346
UBFC_PHYS_s13_T2_ctrl,45,206,51.86666666666667,-0.06623753160238266,0.2050967840128578
UBFC_PHYS_s13_T2_ctrl,45,207,51.9,-0.09977243095636368,0.08730284908402887
UBFC_PHYS_s13_T2_ctrl,45,208,51.93333333333333,-0.08607113361358643,-0.0012356443019587962
UBFC_PHYS_s13_T2_ctrl,45,209,51.96666666666667,-0.011399378068745136,-0.06273119645801502
UBFC_PHYS_s13_T2_ctrl,45,210,52.0,0.08179450035095215,-0.10409791132469863
UBFC_PHYS_s13_T2_ctrl,45,211,52.03333333333333,0.1317821741104126,-0.1319853127711444
UBFC_PHYS_s13_T2_ctrl,45,212,52.06666666666667,0.13623394072055817,-0.15020704941662597
UBFC_PHYS_s13_T2_ctrl,45,213,52.1,0.14243213832378387,-0.15978985542567964
UBFC_PHYS_s13_T2_ctrl,45,214,52.13333333333333,0.18694983422756195,-0.1606155904361784
UBFC_PHYS_s13_T2_ctrl,45,215,52.166666666666664,0.26327577233314514,-0.15320704187307427
UBFC_PHYS_s13_T2_ctrl,45,216,52.2,0.3415755033493042,-0.1395692741182088
UBFC_PHYS_s13_T2_ctrl,45,217,52.233333333333334,0.39715835452079773,-0.12281318407117148
UBFC_PHYS_s13_T2_ctrl,45,218,52.266666666666666,0.4094690978527069,-0.10608505422241536
UBFC_PHYS_s13_T2_ctrl,45,219,52.3,0.367465615272522,-0.09165579826276735
UBFC_PHYS_s13_T2_ctrl,45,220,52.333333333333336,0.289505273103714,-0.08074517136604907
UBFC_PHYS_s13_T2_ctrl,45,221,52.36666666666667,0.20745894312858582,-0.07411009252635231
UBFC_PHYS_s13_T2_ctrl,45,222,52.4,0.13514652848243713,-0.07302454340522335
UBFC_PHYS_s13_T2_ctrl,45,223,52.43333333333333,0.06564489752054214,-0.08008691208218607
UBFC_PHYS_s13_T2_ctrl,45,224,52.46666666666667,-0.011659696698188782,-0.09921966518755658
UBFC_PHYS_s13_T2_ctrl,45,225,52.5,-0.09431563317775726,-0.13428162830907986
UBFC_PHYS_s13_T2_ctrl,45,226,52.53333333333333,-0.16093070805072784,-0.18606095698372457
UBFC_PHYS_s13_T2_ctrl,45,227,52.56666666666667,-0.19578367471694946,-0.24834783168081057
UBFC_PHYS_s13_T2_ctrl,45,228,52.6,-0.21022309362888336,-0.3051100316663047
UBFC_PHYS_s13_T2_ctrl,45,229,52.63333333333333,-0.23001056909561157,-0.3314298035743421
UBFC_PHYS_s13_T2_ctrl,45,230,52.666666666666664,-0.2623690962791443,-0.29984185940508284
UBFC_PHYS_s13_T2_ctrl,45,231,52.7,-0.2759913206100464,-0.19121895168831834
UBFC_PHYS_s13_T2_ctrl,45,232,52.733333333333334,-0.2260662466287613,-0.006463698921436495
UBFC_PHYS_s13_T2_ctrl,45,233,52.766666666666666,-0.1125873327255249,0.22659731151412932
UBFC_PHYS_s13_T2_ctrl,45,234,52.8,0.006298957392573357,0.45617619829401096
UBFC_PHYS_s13_T2_ctrl,45,235,52.833333333333336,0.08568279445171356,0.6205849953716329
UBFC_PHYS_s13_T2_ctrl,45,236,52.86666666666667,0.1354266256093979,0.6687420030032212
UBFC_PHYS_s13_T2_ctrl,45,237,52.9,0.18617546558380127,0.5785604416760365
UBFC_PHYS_s13_T2_ctrl,45,238,52.93333333333333,0.25142964720726013,0.36577436258017604
UBFC_PHYS_s13_T2_ctrl,45,239,52.96666666666667,0.32967665791511536,0.08034380193806627
UBFC_PHYS_s13_T2_ctrl,46,0,46.0,0.4270454943180084,-0.05067753751232152
UBFC_PHYS_s13_T2_ctrl,46,1,46.03333333333333,0.4101775586605072,-0.005212128744471244
UBFC_PHYS_s13_T2_ctrl,46,2,46.06666666666667,0.40455928444862366,0.050298615495878496
UBFC_PHYS_s13_T2_ctrl,46,3,46.1,0.40558409690856934,0.11957524112747075
UBFC_PHYS_s13_T2_ctrl,46,4,46.13333333333333,0.4306800663471222,0.19451051068721315
UBFC_PHYS_s13_T2_ctrl,46,5,46.166666666666664,0.49504125118255615,0.25639071365187044
UBFC_PHYS_s13_T2_ctrl,46,6,46.2,0.577492892742157,0.28171326177639955
UBFC_PHYS_s13_T2_ctrl,46,7,46.233333333333334,0.6536112427711487,0.24960403613656487
UBFC_PHYS_s13_T2_ctrl,46,8,46.266666666666666,0.7479287385940552,0.14771359191636113
UBFC_PHYS_s13_T2_ctrl,46,9,46.3,0.9026961326599121,-0.024959212709445882
UBFC_PHYS_s13_T2_ctrl,46,10,46.333333333333336,1.1039879322052002,-0.25801172886018586
UBFC_PHYS_s13_T2_ctrl,46,11,46.36666666666667,1.3098336458206177,-0.5309766973221905
UBFC_PHYS_s13_T2_ctrl,46,12,46.4,1.5231198072433472,-0.8148300101187707
UBFC_PHYS_s13_T2_ctrl,46,13,46.43333333333333,1.7964603900909424,-1.0735411716695349
UBFC_PHYS_s13_T2_ctrl,46,14,46.46666666666667,2.1755988597869873,-1.2667694106279495
UBFC_PHYS_s13_T2_ctrl,46,15,46.5,2.5919201374053955,-1.3551071791478015
UBFC_PHYS_s13_T2_ctrl,46,16,46.53333333333333,2.804669141769409,-1.3081017194640538
UBFC_PHYS_s13_T2_ctrl,46,17,46.56666666666667,2.658189058303833,-1.1132014401271069
UBFC_PHYS_s13_T2_ctrl,46,18,46.6,2.280625820159912,-0.7820640352975954
UBFC_PHYS_s13_T2_ctrl,46,19,46.63333333333333,1.8823390007019043,-0.35068404005039544
UBFC_PHYS_s13_T2_ctrl,46,20,46.666666666666664,1.5156530141830444,0.12794757884403576
UBFC_PHYS_s13_T2_ctrl,46,21,46.7,1.1550925970077515,0.5964654491316509
UBFC_PHYS_s13_T2_ctrl,46,22,46.733333333333334,0.8116737604141235,1.0060881129401271
UBFC_PHYS_s13_T2_ctrl,46,23,46.766666666666666,0.49953916668891907,1.3248185384428555
UBFC_PHYS_s13_T2_ctrl,46,24,46.8,0.23679910600185394,1.5386235184264632
UBFC_PHYS_s13_T2_ctrl,46,25,46.833333333333336,0.06591179966926575,1.6470101408438294
UBFC_PHYS_s13_T2_ctrl,46,26,46.86666666666667,0.007468740921467543,1.6564697055094295
UBFC_PHYS_s13_T2_ctrl,46,27,46.9,0.01832960732281208,1.575084848830945
UBFC_PHYS_s13_T2_ctrl,46,28,46.93333333333333,0.0174761600792408,1.4100141645186628
UBFC_PHYS_s13_T2_ctrl,46,29,46.96666666666667,-0.030840856954455376,1.1678459731044177
UBFC_PHYS_s13_T2_ctrl,46,30,47.0,-0.07133185863494873,0.8568518421591761
UBFC_PHYS_s13_T2_ctrl,46,31,47.03333333333333,-0.029806174337863922,0.4899173972683824
UBFC_PHYS_s13_T2_ctrl,46,32,47.06666666666667,0.07527337223291397,0.08695548672401476
UBFC_PHYS_s13_T2_ctrl,46,33,47.1,0.16409127414226532,-0.3241826666497821
UBFC_PHYS_s13_T2_ctrl,46,34,47.13333333333333,0.1747840791940689,-0.7088639991338125
UBFC_PHYS_s13_T2_ctrl,46,35,47.166666666666664,0.09214132279157639,-1.028985559737563
UBFC_PHYS_s13_T2_ctrl,46,36,47.2,-0.07250823080539703,-1.2481272116229942
UBFC_PHYS_s13_T2_ctrl,46,37,47.233333333333334,-0.29487261176109314,-1.3378520004766774
UBFC_PHYS_s13_T2_ctrl,46,38,47.266666666666666,-0.5375022888183594,-1.2840330964927635
UBFC_PHYS_s13_T2_ctrl,46,39,47.3,-0.7763952016830444,-1.0916838355968574
UBFC_PHYS_s13_T2_ctrl,46,40,47.333333333333336,-1.0243761539459229,-0.7866278232931954
UBFC_PHYS_s13_T2_ctrl,46,41,47.36666666666667,-1.2707425355911255,-0.4127864216600209
UBFC_PHYS_s13_T2_ctrl,46,42,47.4,-1.4329800605773926,-0.025009337012158607
UBFC_PHYS_s13_T2_ctrl,46,43,47.43333333333333,-1.4369738101959229,0.3210671353650991
UBFC_PHYS_s13_T2_ctrl,46,44,47.46666666666667,-1.3189146518707275,0.5793502073315505
UBFC_PHYS_s13_T2_ctrl,46,45,47.5,-1.1747016906738281,0.7208178281605585
UBFC_PHYS_s13_T2_ctrl,46,46,47.53333333333333,-1.0455905199050903,0.7364354582626718
UBFC_PHYS_s13_T2_ctrl,46,47,47.56666666666667,-0.9335713386535645,0.6354520982653311
UBFC_PHYS_s13_T2_ctrl,46,48,47.6,-0.855587899684906,0.4404611033221857
UBFC_PHYS_s13_T2_ctrl,46,49,47.63333333333333,-0.7879942059516907,0.1812430075259912
UBFC_PHYS_s13_T2_ctrl,46,50,47.666666666666664,-0.6750227212905884,-0.11067200625248344
UBFC_PHYS_s13_T2_ctrl,46,51,47.7,-0.5475162863731384,-0.4054795171515814
UBFC_PHYS_s13_T2_ctrl,46,52,47.733333333333334,-0.5050843954086304,-0.6764451509463475
UBFC_PHYS_s13_T2_ctrl,46,53,47.766666666666666,-0.5607826113700867,-0.8999247649357469
UBFC_PHYS_s13_T2_ctrl,46,54,47.8,-0.6311970353126526,-1.0553210343208765
UBFC_PHYS_s13_T2_ctrl,46,55,47.833333333333336,-0.6909383535385132,-1.1260634588052225
UBFC_PHYS_s13_T2_ctrl,46,56,47.86666666666667,-0.7969537377357483,-1.102011965172965
UBFC_PHYS_s13_T2_ctrl,46,57,47.9,-0.9785634875297546,-0.9826665777027792
UBFC_PHYS_s13_T2_ctrl,46,58,47.93333333333333,-1.1620054244995117,-0.7795731429878394
UBFC_PHYS_s13_T2_ctrl,46,59,47.96666666666667,-1.2110110521316528,-0.5159254919591236
UBFC_PHYS_s13_T2_ctrl,46,60,48.0,-1.0448555946350098,-0.22211412059357805
UBFC_PHYS_s13_T2_ctrl,46,61,48.03333333333333,-0.7295148968696594,0.07195478554658905
UBFC_PHYS_s13_T2_ctrl,46,62,48.06666666666667,-0.4480648636817932,0.3444219402414559
UBFC_PHYS_s13_T2_ctrl,46,63,48.1,-0.3286019265651703,0.5848152715612627
UBFC_PHYS_s13_T2_ctrl,46,64,48.13333333333333,-0.36926427483558655,0.7913678863207726
UBFC_PHYS_s13_T2_ctrl,46,65,48.166666666666664,-0.48171180486679077,0.9642612838840309
UBFC_PHYS_s13_T2_ctrl,46,66,48.2,-0.5577378869056702,1.099223346367523
UBFC_PHYS_s13_T2_ctrl,46,67,48.233333333333334,-0.5155169367790222,1.1855590710357453
UBFC_PHYS_s13_T2_ctrl,46,68,48.266666666666666,-0.3544854521751404,1.209751681922419
UBFC_PHYS_s13_T2_ctrl,46,69,48.3,-0.15366816520690918,1.1623216848582885
UBFC_PHYS_s13_T2_ctrl,46,70,48.333333333333336,0.02885766327381134,1.0439249441470135
UBFC_PHYS_s13_T2_ctrl,46,71,48.36666666666667,0.19729995727539062,0.8674409172722345
UBFC_PHYS_s13_T2_ctrl,46,72,48.4,0.37279388308525085,0.6552788375630311
UBFC_PHYS_s13_T2_ctrl,46,73,48.43333333333333,0.5504593253135681,0.4335805197652338
UBFC_PHYS_s13_T2_ctrl,46,74,48.46666666666667,0.6911398768424988,0.22599384803661754
UBFC_PHYS_s13_T2_ctrl,46,75,48.5,0.7593464851379395,0.04920754337424127
UBFC_PHYS_s13_T2_ctrl,46,76,48.53333333333333,0.7807848453521729,-0.0887598796823664
UBFC_PHYS_s13_T2_ctrl,46,77,48.56666666666667,0.8254936337471008,-0.1877542820968394
UBFC_PHYS_s13_T2_ctrl,46,78,48.6,0.9166049957275391,-0.25320492811469025
UBFC_PHYS_s13_T2_ctrl,46,79,48.63333333333333,1.018237829208374,-0.29356698756739835
UBFC_PHYS_s13_T2_ctrl,46,80,48.666666666666664,1.0928173065185547,-0.3182662707414693
UBFC_PHYS_s13_T2_ctrl,46,81,48.7,1.1310116052627563,-0.3362637073285779
UBFC_PHYS_s13_T2_ctrl,46,82,48.733333333333334,1.1326855421066284,-0.3548728631428207
UBFC_PHYS_s13_T2_ctrl,46,83,48.766666666666666,1.0990583896636963,-0.378461413265606
UBFC_PHYS_s13_T2_ctrl,46,84,48.8,1.0489323139190674,-0.4071263521405922
UBFC_PHYS_s13_T2_ctrl,46,85,48.833333333333336,1.0030734539031982,-0.43591696847979133
UBFC_PHYS_s13_T2_ctrl,46,86,48.86666666666667,0.9560019969940186,-0.45527386660113245
UBFC_PHYS_s13_T2_ctrl,46,87,48.9,0.8920395374298096,-0.45308479699378407
UBFC_PHYS_s13_T2_ctrl,46,88,48.93333333333333,0.8169031739234924,-0.41832185988774345
UBFC_PHYS_s13_T2_ctrl,46,89,48.96666666666667,0.7399280667304993,-0.34565165446412355
UBFC_PHYS_s13_T2_ctrl,46,90,49.0,0.6410665512084961,-0.23974276698201102
UBFC_PHYS_s13_T2_ctrl,46,91,49.03333333333333,0.49089592695236206,-0.11746626819995867
UBFC_PHYS_s13_T2_ctrl,46,92,49.06666666666667,0.2984813153743744,-0.006252041847372545
UBFC_PHYS_s13_T2_ctrl,46,93,49.1,0.09510038048028946,0.0618963788348904
UBFC_PHYS_s13_T2_ctrl,46,94,49.13333333333333,-0.09337321668863297,0.05906852372317839
UBFC_PHYS_s13_T2_ctrl,46,95,49.166666666666664,-0.24913901090621948,-0.030213142290181204
UBFC_PHYS_s13_T2_ctrl,46,96,49.2,-0.3663052022457123,-0.20335899097289994
UBFC_PHYS_s13_T2_ctrl,46,97,49.233333333333334,-0.4561314284801483,-0.437767665756229
UBFC_PHYS_s13_T2_ctrl,46,98,49.266666666666666,-0.5241799354553223,-0.6929346577246623
UBFC_PHYS_s13_T2_ctrl,46,99,49.3,-0.5586671233177185,-0.9168598956222981
UBFC_PHYS_s13_T2_ctrl,46,100,49.333333333333336,-0.5668424367904663,-1.0564211604017881
UBFC_PHYS_s13_T2_ctrl,46,101,49.36666666666667,-0.5704835653305054,-1.0701170752598752
UBFC_PHYS_s13_T2_ctrl,46,102,49.4,-0.5538232326507568,-0.9400510399105776
UBFC_PHYS_s13_T2_ctrl,46,103,49.43333333333333,-0.47283464670181274,-0.6789021756235674
UBFC_PHYS_s13_T2_ctrl,46,104,49.46666666666667,-0.32030799984931946,-0.3279397942632348
UBFC_PHYS_s13_T2_ctrl,46,105,49.5,-0.12891487777233124,0.05488983597155814
UBFC_PHYS_s13_T2_ctrl,46,106,49.53333333333333,0.07359283417463303,0.4126953247602524
UBFC_PHYS_s13_T2_ctrl,46,107,49.56666666666667,0.26677194237709045,0.705553101708105
UBFC_PHYS_s13_T2_ctrl,46,108,49.6,0.42561209201812744,0.9180652194117133
UBFC_PHYS_s13_T2_ctrl,46,109,49.63333333333333,0.5401454567909241,1.0566917187694838
UBFC_PHYS_s13_T2_ctrl,46,110,49.666666666666664,0.6312798857688904,1.139936652122765
UBFC_PHYS_s13_T2_ctrl,46,111,49.7,0.7341780066490173,1.1869041683570771
UBFC_PHYS_s13_T2_ctrl,46,112,49.733333333333334,0.8763940930366516,1.2088183697741874
UBFC_PHYS_s13_T2_ctrl,46,113,49.766666666666666,1.0548306703567505,1.20561916458681
UBFC_PHYS_s13_T2_ctrl,46,114,49.8,1.2159675359725952,1.167790905996201
UBFC_PHYS_s13_T2_ctrl,46,115,49.833333333333336,1.298616886138916,1.0821864917696604
UBFC_PHYS_s13_T2_ctrl,46,116,49.86666666666667,1.2907711267471313,0.9392873453775831
UBFC_PHYS_s13_T2_ctrl,46,117,49.9,1.209779143333435,0.7388219756664298
UBFC_PHYS_s13_T2_ctrl,46,118,49.93333333333333,1.0566792488098145,0.4916579559621507
UBFC_PHYS_s13_T2_ctrl,46,119,49.96666666666667,0.8452515006065369,0.21773247321924463
UBFC_PHYS_s13_T2_ctrl,46,120,50.0,0.6312304735183716,-0.058643822982450765
UBFC_PHYS_s13_T2_ctrl,46,121,50.03333333333333,0.4632033705711365,-0.31408256443430926
UBFC_PHYS_s13_T2_ctrl,46,122,50.06666666666667,0.3400234580039978,-0.5302210700220458
UBFC_PHYS_s13_T2_ctrl,46,123,50.1,0.24320490658283234,-0.6956979055513407
UBFC_PHYS_s13_T2_ctrl,46,124,50.13333333333333,0.13940058648586273,-0.8060406212021187
UBFC_PHYS_s13_T2_ctrl,46,125,50.166666666666664,-0.029236111789941788,-0.8620941937319231
UBFC_PHYS_s13_T2_ctrl,46,126,50.2,-0.3040858805179596,-0.867697212806094
UBFC_PHYS_s13_T2_ctrl,46,127,50.233333333333334,-0.6442887187004089,-0.8273650226349513
UBFC_PHYS_s13_T2_ctrl,46,128,50.266666666666666,-0.9229311943054199,-0.7450121249172399
UBFC_PHYS_s13_T2_ctrl,46,129,50.3,-1.0456860065460205,-0.6245391733541943
UBFC_PHYS_s13_T2_ctrl,46,130,50.333333333333336,-1.0573773384094238,-0.4719539528995237
UBFC_PHYS_s13_T2_ctrl,46,131,50.36666666666667,-1.035391926765442,-0.2974657135769139
UBFC_PHYS_s13_T2_ctrl,46,132,50.4,-0.9689844846725464,-0.11581114206487819
UBFC_PHYS_s13_T2_ctrl,46,133,50.43333333333333,-0.8246001601219177,0.05591160725251166
UBFC_PHYS_s13_T2_ctrl,46,134,50.46666666666667,-0.6444007158279419,0.20203334799255795
UBFC_PHYS_s13_T2_ctrl,46,135,50.5,-0.48518821597099304,0.311623771579828
UBFC_PHYS_s13_T2_ctrl,46,136,50.53333333333333,-0.3395287096500397,0.37919215825084657
UBFC_PHYS_s13_T2_ctrl,46,137,50.56666666666667,-0.19455458223819733,0.402262746275489
UBFC_PHYS_s13_T2_ctrl,46,138,50.6,-0.0959368571639061,0.3778124682273338
UBFC_PHYS_s13_T2_ctrl,46,139,50.63333333333333,-0.08425220102071762,0.30075279828707707
UBFC_PHYS_s13_T2_ctrl,46,140,50.666666666666664,-0.13481321930885315,0.16615889478893875
UBFC_PHYS_s13_T2_ctrl,46,141,50.7,-0.203570157289505,-0.025732476876144026
UBFC_PHYS_s13_T2_ctrl,46,142,50.733333333333334,-0.28154367208480835,-0.26437900902301187
UBFC_PHYS_s13_T2_ctrl,46,143,50.766666666666666,-0.37677067518234253,-0.526199499590679
UBFC_PHYS_s13_T2_ctrl,46,144,50.8,-0.4876101613044739,-0.7755867962134748
UBFC_PHYS_s13_T2_ctrl,46,145,50.833333333333336,-0.6105363368988037,-0.9696099471716677
UBFC_PHYS_s13_T2_ctrl,46,146,50.86666666666667,-0.7392224073410034,-1.0655406348604752
UBFC_PHYS_s13_T2_ctrl,46,147,50.9,-0.8450301885604858,-1.0301373309237367
UBFC_PHYS_s13_T2_ctrl,46,148,50.93333333333333,-0.8838143348693848,-0.8493781745954244
UBFC_PHYS_s13_T2_ctrl,46,149,50.96666666666667,-0.8326535820960999,-0.5360888758256865
UBFC_PHYS_s13_T2_ctrl,46,150,51.0,-0.6995058059692383,-0.1312001157215758
UBFC_PHYS_s13_T2_ctrl,46,151,51.03333333333333,-0.49515607953071594,0.3046653863275575
UBFC_PHYS_s13_T2_ctrl,46,152,51.06666666666667,-0.25028571486473083,0.7074786970349476
UBFC_PHYS_s13_T2_ctrl,46,153,51.1,-0.036267995834350586,1.026873348167446
UBFC_PHYS_s13_T2_ctrl,46,154,51.13333333333333,0.0748252272605896,1.23613538994772
UBFC_PHYS_s13_T2_ctrl,46,155,51.166666666666664,0.07754373550415039,1.3314863094445417
UBFC_PHYS_s13_T2_ctrl,46,156,51.2,0.02342063933610916,1.3232656496709518
UBFC_PHYS_s13_T2_ctrl,46,157,51.233333333333334,-0.03890742361545563,1.2254126524789386
UBFC_PHYS_s13_T2_ctrl,46,158,51.266666666666666,-0.08611396700143814,1.0486277681868121
UBFC_PHYS_s13_T2_ctrl,46,159,51.3,-0.10796751081943512,0.7991558916872247
UBFC_PHYS_s13_T2_ctrl,46,160,51.333333333333336,-0.10937454551458359,0.48259289719500514
UBFC_PHYS_s13_T2_ctrl,46,161,51.36666666666667,-0.11654482781887054,0.11067539254969005
UBFC_PHYS_s13_T2_ctrl,46,162,51.4,-0.15941163897514343,-0.29219429463892715
UBFC_PHYS_s13_T2_ctrl,46,163,51.43333333333333,-0.24363936483860016,-0.6863363680043287
UBFC_PHYS_s13_T2_ctrl,46,164,51.46666666666667,-0.33368638157844543,-1.02052115859927
UBFC_PHYS_s13_T2_ctrl,46,165,51.5,-0.3590987026691437,-1.2419826833819751
UBFC_PHYS_s13_T2_ctrl,46,166,51.53333333333333,-0.25521528720855713,-1.30998596679029
UBFC_PHYS_s13_T2_ctrl,46,167,51.56666666666667,-0.042031239718198776,-1.208371303942734
UBFC_PHYS_s13_T2_ctrl,46,168,51.6,0.1885479837656021,-0.9522546505378618
UBFC_PHYS_s13_T2_ctrl,46,169,51.63333333333333,0.35036370158195496,-0.5857178830027752
UBFC_PHYS_s13_T2_ctrl,46,170,51.666666666666664,0.41897234320640564,-0.1705470125564629
UBFC_PHYS_s13_T2_ctrl,46,171,51.7,0.40415069460868835,0.230129960711488
UBFC_PHYS_s13_T2_ctrl,46,172,51.733333333333334,0.31604453921318054,0.566821829795274
UBFC_PHYS_s13_T2_ctrl,46,173,51.766666666666666,0.18547029793262482,0.8115055965787582
UBFC_PHYS_s13_T2_ctrl,46,174,51.8,0.06744076311588287,0.9568582637089835
UBFC_PHYS_s13_T2_ctrl,46,175,51.833333333333336,-0.012035345658659935,1.0098781306683782
UBFC_PHYS_s13_T2_ctrl,46,176,51.86666666666667,-0.06623753160238266,0.9841825888393865
UBFC_PHYS_s13_T2_ctrl,46,177,51.9,-0.09977243095636368,0.8941093510921078
UBFC_PHYS_s13_T2_ctrl,46,178,51.93333333333333,-0.08607113361358643,0.7521734616471766
UBFC_PHYS_s13_T2_ctrl,46,179,51.96666666666667,-0.011399378068745136,0.5697962206328813
UBFC_PHYS_s13_T2_ctrl,46,180,52.0,0.08179450035095215,0.3595088767870873
UBFC_PHYS_s13_T2_ctrl,46,181,52.03333333333333,0.1317821741104126,0.13619162527915316
UBFC_PHYS_s13_T2_ctrl,46,182,52.06666666666667,0.13623394072055817,-0.08391147628711665
UBFC_PHYS_s13_T2_ctrl,46,183,52.1,0.14243213832378387,-0.2857711997411812
UBFC_PHYS_s13_T2_ctrl,46,184,52.13333333333333,0.18694983422756195,-0.458081781824826
UBFC_PHYS_s13_T2_ctrl,46,185,52.166666666666664,0.26327577233314514,-0.5943070826395275
UBFC_PHYS_s13_T2_ctrl,46,186,52.2,0.3415755033493042,-0.6919687978777873
UBFC_PHYS_s13_T2_ctrl,46,187,52.233333333333334,0.39715835452079773,-0.7509399477624491
UBFC_PHYS_s13_T2_ctrl,46,188,52.266666666666666,0.4094690978527069,-0.7718605026568434
UBFC_PHYS_s13_T2_ctrl,46,189,52.3,0.367465615272522,-0.7554514009939343
UBFC_PHYS_s13_T2_ctrl,46,190,52.333333333333336,0.289505273103714,-0.7028867091233111
UBFC_PHYS_s13_T2_ctrl,46,191,52.36666666666667,0.20745894312858582,-0.6169076908004569
UBFC_PHYS_s13_T2_ctrl,46,192,52.4,0.13514652848243713,-0.5032130038705716
UBFC_PHYS_s13_T2_ctrl,46,193,52.43333333333333,0.06564489752054214,-0.3716713444095715
UBFC_PHYS_s13_T2_ctrl,46,194,52.46666666666667,-0.011659696698188782,-0.23679186129198024
UBFC_PHYS_s13_T2_ctrl,46,195,52.5,-0.09431563317775726,-0.11652445468464676
UBFC_PHYS_s13_T2_ctrl,46,196,52.53333333333333,-0.16093070805072784,-0.028297095435227872
UBFC_PHYS_s13_T2_ctrl,46,197,52.56666666666667,-0.19578367471694946,0.017599041540074058
UBFC_PHYS_s13_T2_ctrl,46,198,52.6,-0.21022309362888336,0.02452518958792192
UBFC_PHYS_s13_T2_ctrl,46,199,52.63333333333333,-0.23001056909561157,0.011498964125820355
UBFC_PHYS_s13_T2_ctrl,46,200,52.666666666666664,-0.2623690962791443,0.007798175566402907
UBFC_PHYS_s13_T2_ctrl,46,201,52.7,-0.2759913206100464,0.041279750269335155
UBFC_PHYS_s13_T2_ctrl,46,202,52.733333333333334,-0.2260662466287613,0.12548555158474786
UBFC_PHYS_s13_T2_ctrl,46,203,52.766666666666666,-0.1125873327255249,0.25195241644543825
UBFC_PHYS_s13_T2_ctrl,46,204,52.8,0.006298957392573357,0.39179306632437094
UBFC_PHYS_s13_T2_ctrl,46,205,52.833333333333336,0.08568279445171356,0.5059857561455584
UBFC_PHYS_s13_T2_ctrl,46,206,52.86666666666667,0.1354266256093979,0.5596179163801049
UBFC_PHYS_s13_T2_ctrl,46,207,52.9,0.18617546558380127,0.5339427228265867
UBFC_PHYS_s13_T2_ctrl,46,208,52.93333333333333,0.25142964720726013,0.43210230643849046
UBFC_PHYS_s13_T2_ctrl,46,209,52.96666666666667,0.32967665791511536,0.27771534538664083
UBFC_PHYS_s13_T2_ctrl,46,210,53.0,0.40890562534332275,0.10786919514178021
UBFC_PHYS_s13_T2_ctrl,46,211,53.03333333333333,0.4627552032470703,-0.03697519223104261
UBFC_PHYS_s13_T2_ctrl,46,212,53.06666666666667,0.48030197620391846,-0.12341198604584847
UBFC_PHYS_s13_T2_ctrl,46,213,53.1,0.48206818103790283,-0.13324932049724075
UBFC_PHYS_s13_T2_ctrl,46,214,53.13333333333333,0.4895152449607849,-0.06735308951895864
UBFC_PHYS_s13_T2_ctrl,46,215,53.166666666666664,0.5049102902412415,0.05576893719571946
UBFC_PHYS_s13_T2_ctrl,46,216,53.2,0.5193562507629395,0.20601365544919553
UBFC_PHYS_s13_T2_ctrl,46,217,53.233333333333334,0.5090457201004028,0.35023944236495486
UBFC_PHYS_s13_T2_ctrl,46,218,53.266666666666666,0.44100382924079895,0.4604788576951345
UBFC_PHYS_s13_T2_ctrl,46,219,53.3,0.32311928272247314,0.519329648283701
UBFC_PHYS_s13_T2_ctrl,46,220,53.333333333333336,0.21692925691604614,0.5213940248657186
UBFC_PHYS_s13_T2_ctrl,46,221,53.36666666666667,0.1668097823858261,0.47128179444363416
UBFC_PHYS_s13_T2_ctrl,46,222,53.4,0.1485908031463623,0.3798319383605086
UBFC_PHYS_s13_T2_ctrl,46,223,53.43333333333333,0.11261748522520065,0.26033630947685044
UBFC_PHYS_s13_T2_ctrl,46,224,53.46666666666667,0.04521157220005989,0.12576965247026486
UBFC_PHYS_s13_T2_ctrl,46,225,53.5,-0.03861085698008537,-0.012857822254680459
UBFC_PHYS_s13_T2_ctrl,46,226,53.53333333333333,-0.12074945867061615,-0.14722892296819776
UBFC_PHYS_s13_T2_ctrl,46,227,53.56666666666667,-0.1743156760931015,-0.2716714232999944
UBFC_PHYS_s13_T2_ctrl,46,228,53.6,-0.17116549611091614,-0.38249492551177017
UBFC_PHYS_s13_T2_ctrl,46,229,53.63333333333333,-0.11267630010843277,-0.47701351740052067
UBFC_PHYS_s13_T2_ctrl,46,230,53.666666666666664,-0.03610653057694435,-0.5526368150150763
UBFC_PHYS_s13_T2_ctrl,46,231,53.7,0.021067891269922256,-0.60634642284526
UBFC_PHYS_s13_T2_ctrl,46,232,53.733333333333334,0.05806930735707283,-0.6346977512881548
UBFC_PHYS_s13_T2_ctrl,46,233,53.766666666666666,0.10611941665410995,-0.6343468788590738
UBFC_PHYS_s13_T2_ctrl,46,234,53.8,0.1873123049736023,-0.6030441394564957
UBFC_PHYS_s13_T2_ctrl,46,235,53.833333333333336,0.2822229564189911,-0.5408387816573165
UBFC_PHYS_s13_T2_ctrl,46,236,53.86666666666667,0.34751996397972107,-0.4508733696335091
UBFC_PHYS_s13_T2_ctrl,46,237,53.9,0.3675743639469147,-0.3391476026298919
UBFC_PHYS_s13_T2_ctrl,46,238,53.93333333333333,0.3833153545856476,-0.21331770715390094
UBFC_PHYS_s13_T2_ctrl,46,239,53.96666666666667,0.4466649293899536,-0.08136565484204418
UBFC_PHYS_s13_T2_ctrl,47,0,47.0,-0.07133185863494873,0.13796557226207065
UBFC_PHYS_s13_T2_ctrl,47,1,47.03333333333333,-0.029806174337863922,-0.10866299856163725
UBFC_PHYS_s13_T2_ctrl,47,2,47.06666666666667,0.07527337223291397,-0.3604319410202117
UBFC_PHYS_s13_T2_ctrl,47,3,47.1,0.16409127414226532,-0.6085161297145335
UBFC_PHYS_s13_T2_ctrl,47,4,47.13333333333333,0.1747840791940689,-0.8246185222530108
UBFC_PHYS_s13_T2_ctrl,47,5,47.166666666666664,0.09214132279157639,-0.9657767181160221
UBFC_PHYS_s13_T2_ctrl,47,6,47.2,-0.07250823080539703,-0.9883411596816192
UBFC_PHYS_s13_T2_ctrl,47,7,47.233333333333334,-0.29487261176109314,-0.8652838695865194
UBFC_PHYS_s13_T2_ctrl,47,8,47.266666666666666,-0.5375022888183594,-0.5995346471720764
UBFC_PHYS_s13_T2_ctrl,47,9,47.3,-0.7763952016830444,-0.22767082267203753
UBFC_PHYS_s13_T2_ctrl,47,10,47.333333333333336,-1.0243761539459229,0.18768511186325443
UBFC_PHYS_s13_T2_ctrl,47,11,47.36666666666667,-1.2707425355911255,0.5737715335268373
UBFC_PHYS_s13_T2_ctrl,47,12,47.4,-1.4329800605773926,0.8657725096566204
UBFC_PHYS_s13_T2_ctrl,47,13,47.43333333333333,-1.4369738101959229,1.0208467888961004
UBFC_PHYS_s13_T2_ctrl,47,14,47.46666666666667,-1.3189146518707275,1.0246516446883414
UBFC_PHYS_s13_T2_ctrl,47,15,47.5,-1.1747016906738281,0.890252961111947
UBFC_PHYS_s13_T2_ctrl,47,16,47.53333333333333,-1.0455905199050903,0.6511540372573097
UBFC_PHYS_s13_T2_ctrl,47,17,47.56666666666667,-0.9335713386535645,0.3510126710152822
UBFC_PHYS_s13_T2_ctrl,47,18,47.6,-0.855587899684906,0.03334164393530564
UBFC_PHYS_s13_T2_ctrl,47,19,47.63333333333333,-0.7879942059516907,-0.26586241544216316
UBFC_PHYS_s13_T2_ctrl,47,20,47.666666666666664,-0.6750227212905884,-0.5216676307326912
UBFC_PHYS_s13_T2_ctrl,47,21,47.7,-0.5475162863731384,-0.720932556431337
UBFC_PHYS_s13_T2_ctrl,47,22,47.733333333333334,-0.5050843954086304,-0.8612712821965157
UBFC_PHYS_s13_T2_ctrl,47,23,47.766666666666666,-0.5607826113700867,-0.9486405643262056
UBFC_PHYS_s13_T2_ctrl,47,24,47.8,-0.6311970353126526,-0.9940213569458821
UBFC_PHYS_s13_T2_ctrl,47,25,47.833333333333336,-0.6909383535385132,-1.0099783412028647
UBFC_PHYS_s13_T2_ctrl,47,26,47.86666666666667,-0.7969537377357483,-1.0074938088960574
UBFC_PHYS_s13_T2_ctrl,47,27,47.9,-0.9785634875297546,-0.9929599648182982
UBFC_PHYS_s13_T2_ctrl,47,28,47.93333333333333,-1.1620054244995117,-0.9654116717025943
UBFC_PHYS_s13_T2_ctrl,47,29,47.96666666666667,-1.2110110521316528,-0.9147327938565905
UBFC_PHYS_s13_T2_ctrl,47,30,48.0,-1.0448555946350098,-0.8219908753017798
UBFC_PHYS_s13_T2_ctrl,47,31,48.03333333333333,-0.7295148968696594,-0.6629857069031106
UBFC_PHYS_s13_T2_ctrl,47,32,48.06666666666667,-0.4480648636817932,-0.4154824973334631
UBFC_PHYS_s13_T2_ctrl,47,33,48.1,-0.3286019265651703,-0.06932210480829129
UBFC_PHYS_s13_T2_ctrl,47,34,48.13333333333333,-0.36926427483558655,0.36322011918311264
UBFC_PHYS_s13_T2_ctrl,47,35,48.166666666666664,-0.48171180486679077,0.8412157902787439
UBFC_PHYS_s13_T2_ctrl,47,36,48.2,-0.5577378869056702,1.2978560437999398
UBFC_PHYS_s13_T2_ctrl,47,37,48.233333333333334,-0.5155169367790222,1.654559760884672
UBFC_PHYS_s13_T2_ctrl,47,38,48.266666666666666,-0.3544854521751404,1.843281183900162
UBFC_PHYS_s13_T2_ctrl,47,39,48.3,-0.15366816520690918,1.8286214183009817
UBFC_PHYS_s13_T2_ctrl,47,40,48.333333333333336,0.02885766327381134,1.6200966031966966
UBFC_PHYS_s13_T2_ctrl,47,41,48.36666666666667,0.19729995727539062,1.269080587525354
UBFC_PHYS_s13_T2_ctrl,47,42,48.4,0.37279388308525085,0.8524979475454415
UBFC_PHYS_s13_T2_ctrl,47,43,48.43333333333333,0.5504593253135681,0.450996037010811
UBFC_PHYS_s13_T2_ctrl,47,44,48.46666666666667,0.6911398768424988,0.1294143736333396
UBFC_PHYS_s13_T2_ctrl,47,45,48.5,0.7593464851379395,-0.0758712211764857
UBFC_PHYS_s13_T2_ctrl,47,46,48.53333333333333,0.7807848453521729,-0.16099950114990896
UBFC_PHYS_s13_T2_ctrl,47,47,48.56666666666667,0.8254936337471008,-0.15038516819040326
UBFC_PHYS_s13_T2_ctrl,47,48,48.6,0.9166049957275391,-0.08652148778994698
UBFC_PHYS_s13_T2_ctrl,47,49,48.63333333333333,1.018237829208374,-0.01739860301111395
UBFC_PHYS_s13_T2_ctrl,47,50,48.666666666666664,1.0928173065185547,0.015235132284850022
UBFC_PHYS_s13_T2_ctrl,47,51,48.7,1.1310116052627563,-0.015188701184874608
UBFC_PHYS_s13_T2_ctrl,47,52,48.733333333333334,1.1326855421066284,-0.11482249266915015
UBFC_PHYS_s13_T2_ctrl,47,53,48.766666666666666,1.0990583896636963,-0.26837773101221113
UBFC_PHYS_s13_T2_ctrl,47,54,48.8,1.0489323139190674,-0.4427710377861581
UBFC_PHYS_s13_T2_ctrl,47,55,48.833333333333336,1.0030734539031982,-0.5953660266639234
UBFC_PHYS_s13_T2_ctrl,47,56,48.86666666666667,0.9560019969940186,-0.6853458325061078
UBFC_PHYS_s13_T2_ctrl,47,57,48.9,0.8920395374298096,-0.6853686906903731
UBFC_PHYS_s13_T2_ctrl,47,58,48.93333333333333,0.8169031739234924,-0.5902949403699773
UBFC_PHYS_s13_T2_ctrl,47,59,48.96666666666667,0.7399280667304993,-0.4204139717586531
UBFC_PHYS_s13_T2_ctrl,47,60,49.0,0.6410665512084961,-0.21784977698017097
UBFC_PHYS_s13_T2_ctrl,47,61,49.03333333333333,0.49089592695236206,-0.03663598473417759
UBFC_PHYS_s13_T2_ctrl,47,62,49.06666666666667,0.2984813153743744,0.07093130656544529
UBFC_PHYS_s13_T2_ctrl,47,63,49.1,0.09510038048028946,0.06760661923354067
UBFC_PHYS_s13_T2_ctrl,47,64,49.13333333333333,-0.09337321668863297,-0.05969705592796581
UBFC_PHYS_s13_T2_ctrl,47,65,49.166666666666664,-0.24913901090621948,-0.29691226592619135
UBFC_PHYS_s13_T2_ctrl,47,66,49.2,-0.3663052022457123,-0.605140956821949
UBFC_PHYS_s13_T2_ctrl,47,67,49.233333333333334,-0.4561314284801483,-0.9262573311179582
UBFC_PHYS_s13_T2_ctrl,47,68,49.266666666666666,-0.5241799354553223,-1.1909627341622575
UBFC_PHYS_s13_T2_ctrl,47,69,49.3,-0.5586671233177185,-1.3301440720226028
UBFC_PHYS_s13_T2_ctrl,47,70,49.333333333333336,-0.5668424367904663,-1.2900277305920433
UBFC_PHYS_s13_T2_ctrl,47,71,49.36666666666667,-0.5704835653305054,-1.0489368554726495
UBFC_PHYS_s13_T2_ctrl,47,72,49.4,-0.5538232326507568,-0.6300581290653527
UBFC_PHYS_s13_T2_ctrl,47,73,49.43333333333333,-0.47283464670181274,-0.10291690517413059
UBFC_PHYS_s13_T2_ctrl,47,74,49.46666666666667,-0.32030799984931946,0.4315344906802892
UBFC_PHYS_s13_T2_ctrl,47,75,49.5,-0.12891487777233124,0.8702643256095716
UBFC_PHYS_s13_T2_ctrl,47,76,49.53333333333333,0.07359283417463303,1.1408687441386127
UBFC_PHYS_s13_T2_ctrl,47,77,49.56666666666667,0.26677194237709045,1.2227691119177693
UBFC_PHYS_s13_T2_ctrl,47,78,49.6,0.42561209201812744,1.1480493684306978
UBFC_PHYS_s13_T2_ctrl,47,79,49.63333333333333,0.5401454567909241,0.9838383230762682
UBFC_PHYS_s13_T2_ctrl,47,80,49.666666666666664,0.6312798857688904,0.8057345577096253
UBFC_PHYS_s13_T2_ctrl,47,81,49.7,0.7341780066490173,0.6731878797784379
UBFC_PHYS_s13_T2_ctrl,47,82,49.733333333333334,0.8763940930366516,0.6142724282939598
UBFC_PHYS_s13_T2_ctrl,47,83,49.766666666666666,1.0548306703567505,0.6223052064765616
UBFC_PHYS_s13_T2_ctrl,47,84,49.8,1.2159675359725952,0.6631133189882492
UBFC_PHYS_s13_T2_ctrl,47,85,49.833333333333336,1.298616886138916,0.6895260427019498
UBFC_PHYS_s13_T2_ctrl,47,86,49.86666666666667,1.2907711267471313,0.658119070970541
UBFC_PHYS_s13_T2_ctrl,47,87,49.9,1.209779143333435,0.54298222019989
UBFC_PHYS_s13_T2_ctrl,47,88,49.93333333333333,1.0566792488098145,0.3429220313690935
UBFC_PHYS_s13_T2_ctrl,47,89,49.96666666666667,0.8452515006065369,0.08111760016520819
UBFC_PHYS_s13_T2_ctrl,47,90,50.0,0.6312304735183716,-0.2015550841953708
UBFC_PHYS_s13_T2_ctrl,47,91,50.03333333333333,0.4632033705711365,-0.457147817471133
UBFC_PHYS_s13_T2_ctrl,47,92,50.06666666666667,0.3400234580039978,-0.6425492233594695
UBFC_PHYS_s13_T2_ctrl,47,93,50.1,0.24320490658283234,-0.7299939268862745
UBFC_PHYS_s13_T2_ctrl,47,94,50.13333333333333,0.13940058648586273,-0.7134497080492066
UBFC_PHYS_s13_T2_ctrl,47,95,50.166666666666664,-0.029236111789941788,-0.6087619699868784
UBFC_PHYS_s13_T2_ctrl,47,96,50.2,-0.3040858805179596,-0.4473027039692809
UBFC_PHYS_s13_T2_ctrl,47,97,50.233333333333334,-0.6442887187004089,-0.26556790857956925
UBFC_PHYS_s13_T2_ctrl,47,98,50.266666666666666,-0.9229311943054199,-0.0952719634510136
UBFC_PHYS_s13_T2_ctrl,47,99,50.3,-1.0456860065460205,0.041889976648990884
UBFC_PHYS_s13_T2_ctrl,47,100,50.333333333333336,-1.0573773384094238,0.133901502558926
UBFC_PHYS_s13_T2_ctrl,47,101,50.36666666666667,-1.035391926765442,0.1752088411372186
UBFC_PHYS_s13_T2_ctrl,47,102,50.4,-0.9689844846725464,0.16444958446914792
UBFC_PHYS_s13_T2_ctrl,47,103,50.43333333333333,-0.8246001601219177,0.10515431137006231
UBFC_PHYS_s13_T2_ctrl,47,104,50.46666666666667,-0.6444007158279419,0.008326967851314041
UBFC_PHYS_s13_T2_ctrl,47,105,50.5,-0.48518821597099304,-0.10624050894972935
UBFC_PHYS_s13_T2_ctrl,47,106,50.53333333333333,-0.3395287096500397,-0.21253048220224255
UBFC_PHYS_s13_T2_ctrl,47,107,50.56666666666667,-0.19455458223819733,-0.28496463171675673
UBFC_PHYS_s13_T2_ctrl,47,108,50.6,-0.0959368571639061,-0.3068925845363502
UBFC_PHYS_s13_T2_ctrl,47,109,50.63333333333333,-0.08425220102071762,-0.2771618344394889
UBFC_PHYS_s13_T2_ctrl,47,110,50.666666666666664,-0.13481321930885315,-0.21125699630419384
UBFC_PHYS_s13_T2_ctrl,47,111,50.7,-0.203570157289505,-0.13577564736361777
UBFC_PHYS_s13_T2_ctrl,47,112,50.733333333333334,-0.28154367208480835,-0.078505879808802
UBFC_PHYS_s13_T2_ctrl,47,113,50.766666666666666,-0.37677067518234253,-0.058583815546034326
UBFC_PHYS_s13_T2_ctrl,47,114,50.8,-0.4876101613044739,-0.08045590268284922
UBFC_PHYS_s13_T2_ctrl,47,115,50.833333333333336,-0.6105363368988037,-0.13299353205750672
UBFC_PHYS_s13_T2_ctrl,47,116,50.86666666666667,-0.7392224073410034,-0.19325098657987222
UBFC_PHYS_s13_T2_ctrl,47,117,50.9,-0.8450301885604858,-0.23350629882123217
UBFC_PHYS_s13_T2_ctrl,47,118,50.93333333333333,-0.8838143348693848,-0.22980458330464482
UBFC_PHYS_s13_T2_ctrl,47,119,50.96666666666667,-0.8326535820960999,-0.16966086974574693
UBFC_PHYS_s13_T2_ctrl,47,120,51.0,-0.6995058059692383,-0.056082676137558324
UBFC_PHYS_s13_T2_ctrl,47,121,51.03333333333333,-0.49515607953071594,0.09399470184046008
UBFC_PHYS_s13_T2_ctrl,47,122,51.06666666666667,-0.25028571486473083,0.2559297499519842
UBFC_PHYS_s13_T2_ctrl,47,123,51.1,-0.036267995834350586,0.40472837791791355
UBFC_PHYS_s13_T2_ctrl,47,124,51.13333333333333,0.0748252272605896,0.519926346728686
UBFC_PHYS_s13_T2_ctrl,47,125,51.166666666666664,0.07754373550415039,0.5866385103540454
UBFC_PHYS_s13_T2_ctrl,47,126,51.2,0.02342063933610916,0.5941572711324086
UBFC_PHYS_s13_T2_ctrl,47,127,51.233333333333334,-0.03890742361545563,0.5347432289834954
UBFC_PHYS_s13_T2_ctrl,47,128,51.266666666666666,-0.08611396700143814,0.4042915465630577
UBFC_PHYS_s13_T2_ctrl,47,129,51.3,-0.10796751081943512,0.2048078981702573
UBFC_PHYS_s13_T2_ctrl,47,130,51.333333333333336,-0.10937454551458359,-0.05228001422485951
UBFC_PHYS_s13_T2_ctrl,47,131,51.36666666666667,-0.11654482781887054,-0.3431644623509634
UBFC_PHYS_s13_T2_ctrl,47,132,51.4,-0.15941163897514343,-0.6305306011488833
UBFC_PHYS_s13_T2_ctrl,47,133,51.43333333333333,-0.24363936483860016,-0.8660677390934464
UBFC_PHYS_s13_T2_ctrl,47,134,51.46666666666667,-0.33368638157844543,-0.9981583546098916
UBFC_PHYS_s13_T2_ctrl,47,135,51.5,-0.3590987026691437,-0.9846832768078517
UBFC_PHYS_s13_T2_ctrl,47,136,51.53333333333333,-0.25521528720855713,-0.808003192683564
UBFC_PHYS_s13_T2_ctrl,47,137,51.56666666666667,-0.042031239718198776,-0.4864755296857704
UBFC_PHYS_s13_T2_ctrl,47,138,51.6,0.1885479837656021,-0.0762463640685998
UBFC_PHYS_s13_T2_ctrl,47,139,51.63333333333333,0.35036370158195496,0.3403472763624582
UBFC_PHYS_s13_T2_ctrl,47,140,51.666666666666664,0.41897234320640564,0.6779733852708093
UBFC_PHYS_s13_T2_ctrl,47,141,51.7,0.40415069460868835,0.8751231317296532
UBFC_PHYS_s13_T2_ctrl,47,142,51.733333333333334,0.31604453921318054,0.9130851385423069
UBFC_PHYS_s13_T2_ctrl,47,143,51.766666666666666,0.18547029793262482,0.8184250039695073
UBFC_PHYS_s13_T2_ctrl,47,144,51.8,0.06744076311588287,0.6491570214328888
UBFC_PHYS_s13_T2_ctrl,47,145,51.833333333333336,-0.012035345658659935,0.4727592350030273
UBFC_PHYS_s13_T2_ctrl,47,146,51.86666666666667,-0.06623753160238266,0.34530513709586574
UBFC_PHYS_s13_T2_ctrl,47,147,51.9,-0.09977243095636368,0.2973650820870577
UBFC_PHYS_s13_T2_ctrl,47,148,51.93333333333333,-0.08607113361358643,0.32877624248081727
UBFC_PHYS_s13_T2_ctrl,47,149,51.96666666666667,-0.011399378068745136,0.41214715058019424
UBFC_PHYS_s13_T2_ctrl,47,150,52.0,0.08179450035095215,0.5032745091231438
UBFC_PHYS_s13_T2_ctrl,47,151,52.03333333333333,0.1317821741104126,0.5551710405897698
UBFC_PHYS_s13_T2_ctrl,47,152,52.06666666666667,0.13623394072055817,0.5314685991436485
UBFC_PHYS_s13_T2_ctrl,47,153,52.1,0.14243213832378387,0.4154183601966359
UBFC_PHYS_s13_T2_ctrl,47,154,52.13333333333333,0.18694983422756195,0.21278086995651088
UBFC_PHYS_s13_T2_ctrl,47,155,52.166666666666664,0.26327577233314514,-0.05079438927597723
UBFC_PHYS_s13_T2_ctrl,47,156,52.2,0.3415755033493042,-0.33616680816982464
UBFC_PHYS_s13_T2_ctrl,47,157,52.233333333333334,0.39715835452079773,-0.5990786362701823
UBFC_PHYS_s13_T2_ctrl,47,158,52.266666666666666,0.4094690978527069,-0.7989440943841967
UBFC_PHYS_s13_T2_ctrl,47,159,52.3,0.367465615272522,-0.9067296596401647
UBFC_PHYS_s13_T2_ctrl,47,160,52.333333333333336,0.289505273103714,-0.9108180242556747
UBFC_PHYS_s13_T2_ctrl,47,161,52.36666666666667,0.20745894312858582,-0.8199034208145927
UBFC_PHYS_s13_T2_ctrl,47,162,52.4,0.13514652848243713,-0.6621118371326702
UBFC_PHYS_s13_T2_ctrl,47,163,52.43333333333333,0.06564489752054214,-0.47988602707012107
UBFC_PHYS_s13_T2_ctrl,47,164,52.46666666666667,-0.011659696698188782,-0.32092500300077137
UBFC_PHYS_s13_T2_ctrl,47,165,52.5,-0.09431563317775726,-0.2266304010766324
UBFC_PHYS_s13_T2_ctrl,47,166,52.53333333333333,-0.16093070805072784,-0.22075666126789492
UBFC_PHYS_s13_T2_ctrl,47,167,52.56666666666667,-0.19578367471694946,-0.30161051163521263
UBFC_PHYS_s13_T2_ctrl,47,168,52.6,-0.21022309362888336,-0.44061412951626383
UBFC_PHYS_s13_T2_ctrl,47,169,52.63333333333333,-0.23001056909561157,-0.5883135176896618
UBFC_PHYS_s13_T2_ctrl,47,170,52.666666666666664,-0.2623690962791443,-0.6866161976038736
UBFC_PHYS_s13_T2_ctrl,47,171,52.7,-0.2759913206100464,-0.6843622784581675
UBFC_PHYS_s13_T2_ctrl,47,172,52.733333333333334,-0.2260662466287613,-0.5528222603237573
UBFC_PHYS_s13_T2_ctrl,47,173,52.766666666666666,-0.1125873327255249,-0.2973835900092974
UBFC_PHYS_s13_T2_ctrl,47,174,52.8,0.006298957392573357,0.03898922932170947
UBFC_PHYS_s13_T2_ctrl,47,175,52.833333333333336,0.08568279445171356,0.38429658472674044
UBFC_PHYS_s13_T2_ctrl,47,176,52.86666666666667,0.1354266256093979,0.658189174148939
UBFC_PHYS_s13_T2_ctrl,47,177,52.9,0.18617546558380127,0.7989545477582513
UBFC_PHYS_s13_T2_ctrl,47,178,52.93333333333333,0.25142964720726013,0.7858166792480964
UBFC_PHYS_s13_T2_ctrl,47,179,52.96666666666667,0.32967665791511536,0.6460949595509276
UBFC_PHYS_s13_T2_ctrl,47,180,53.0,0.40890562534332275,0.4443885677908968
UBFC_PHYS_s13_T2_ctrl,47,181,53.03333333333333,0.4627552032470703,0.2597159633827637
UBFC_PHYS_s13_T2_ctrl,47,182,53.06666666666667,0.48030197620391846,0.1600991250160296
UBFC_PHYS_s13_T2_ctrl,47,183,53.1,0.48206818103790283,0.18270542185479144
UBFC_PHYS_s13_T2_ctrl,47,184,53.13333333333333,0.4895152449607849,0.3245508707982548
UBFC_PHYS_s13_T2_ctrl,47,185,53.166666666666664,0.5049102902412415,0.5453874702194907
UBFC_PHYS_s13_T2_ctrl,47,186,53.2,0.5193562507629395,0.7810524650261527
UBFC_PHYS_s13_T2_ctrl,47,187,53.233333333333334,0.5090457201004028,0.9626615066575659
UBFC_PHYS_s13_T2_ctrl,47,188,53.266666666666666,0.44100382924079895,1.0353471286914686
UBFC_PHYS_s13_T2_ctrl,47,189,53.3,0.32311928272247314,0.9709064863570711
UBFC_PHYS_s13_T2_ctrl,47,190,53.333333333333336,0.21692925691604614,0.7718331016177807
UBFC_PHYS_s13_T2_ctrl,47,191,53.36666666666667,0.1668097823858261,0.46773424930027313
UBFC_PHYS_s13_T2_ctrl,47,192,53.4,0.1485908031463623,0.10694632781633198
UBFC_PHYS_s13_T2_ctrl,47,193,53.43333333333333,0.11261748522520065,-0.25394454837302793
UBFC_PHYS_s13_T2_ctrl,47,194,53.46666666666667,0.04521157220005989,-0.5609153493944594
UBFC_PHYS_s13_T2_ctrl,47,195,53.5,-0.03861085698008537,-0.7724517436830262
UBFC_PHYS_s13_T2_ctrl,47,196,53.53333333333333,-0.12074945867061615,-0.8671312918596918
UBFC_PHYS_s13_T2_ctrl,47,197,53.56666666666667,-0.1743156760931015,-0.8470186914933647
UBFC_PHYS_s13_T2_ctrl,47,198,53.6,-0.17116549611091614,-0.73567814031085
UBFC_PHYS_s13_T2_ctrl,47,199,53.63333333333333,-0.11267630010843277,-0.5711594625451779
UBFC_PHYS_s13_T2_ctrl,47,200,53.666666666666664,-0.03610653057694435,-0.39602026782410726
UBFC_PHYS_s13_T2_ctrl,47,201,53.7,0.021067891269922256,-0.24740564173720908
UBFC_PHYS_s13_T2_ctrl,47,202,53.733333333333334,0.05806930735707283,-0.14988520645659895
UBFC_PHYS_s13_T2_ctrl,47,203,53.766666666666666,0.10611941665410995,-0.1123693960067584
UBFC_PHYS_s13_T2_ctrl,47,204,53.8,0.1873123049736023,-0.1287691396121372
UBFC_PHYS_s13_T2_ctrl,47,205,53.833333333333336,0.2822229564189911,-0.1810784779435468
UBFC_PHYS_s13_T2_ctrl,47,206,53.86666666666667,0.34751996397972107,-0.24367703914151875
UBFC_PHYS_s13_T2_ctrl,47,207,53.9,0.3675743639469147,-0.2882829020179167
UBFC_PHYS_s13_T2_ctrl,47,208,53.93333333333333,0.3833153545856476,-0.28935271631277104
UBFC_PHYS_s13_T2_ctrl,47,209,53.96666666666667,0.4466649293899536,-0.22970692261280085
UBFC_PHYS_s13_T2_ctrl,47,210,54.0,0.5437932014465332,-0.10585717402099189
UBFC_PHYS_s13_T2_ctrl,47,211,54.03333333333333,0.5823367834091187,0.06826814026333722
UBFC_PHYS_s13_T2_ctrl,47,212,54.06666666666667,0.485518217086792,0.2614384668075347
UBFC_PHYS_s13_T2_ctrl,47,213,54.1,0.26537808775901794,0.4309519548005892
UBFC_PHYS_s13_T2_ctrl,47,214,54.13333333333333,-0.006647749338299036,0.5336418668491827
UBFC_PHYS_s13_T2_ctrl,47,215,54.166666666666664,-0.27317723631858826,0.5385667164430733
UBFC_PHYS_s13_T2_ctrl,47,216,54.2,-0.507440447807312,0.43657568925063894
UBFC_PHYS_s13_T2_ctrl,47,217,54.233333333333334,-0.6893599629402161,0.24315041611136465
UBFC_PHYS_s13_T2_ctrl,47,218,54.266666666666666,-0.8153407573699951,-0.006010381773084536
UBFC_PHYS_s13_T2_ctrl,47,219,54.3,-0.9095132946968079,-0.264248857108715
UBFC_PHYS_s13_T2_ctrl,47,220,54.333333333333336,-0.976728081703186,-0.4845131752888499
UBFC_PHYS_s13_T2_ctrl,47,221,54.36666666666667,-0.9870156049728394,-0.6284102708215766
UBFC_PHYS_s13_T2_ctrl,47,222,54.4,-0.9385964274406433,-0.6724257594116017
UBFC_PHYS_s13_T2_ctrl,47,223,54.43333333333333,-0.8925431966781616,-0.611149410538061
UBFC_PHYS_s13_T2_ctrl,47,224,54.46666666666667,-0.8968895077705383,-0.457608641433809
UBFC_PHYS_s13_T2_ctrl,47,225,54.5,-0.8932121396064758,-0.24055984345256498
UBFC_PHYS_s13_T2_ctrl,47,226,54.53333333333333,-0.764410674571991,0.0013838894195555172
UBFC_PHYS_s13_T2_ctrl,47,227,54.56666666666667,-0.5171710848808289,0.22806467122170396
UBFC_PHYS_s13_T2_ctrl,47,228,54.6,-0.2847004234790802,0.406411617900775
UBFC_PHYS_s13_T2_ctrl,47,229,54.63333333333333,-0.1525939404964447,0.5165918759046942
UBFC_PHYS_s13_T2_ctrl,47,230,54.666666666666664,-0.05768986791372299,0.5538624065186053
UBFC_PHYS_s13_T2_ctrl,47,231,54.7,0.10167423635721207,0.5263469005147198
UBFC_PHYS_s13_T2_ctrl,47,232,54.733333333333334,0.28552141785621643,0.45068112354490275
UBFC_PHYS_s13_T2_ctrl,47,233,54.766666666666666,0.2999245822429657,0.34776198163435484
UBFC_PHYS_s13_T2_ctrl,47,234,54.8,0.062329959124326706,0.23958761725476815
UBFC_PHYS_s13_T2_ctrl,47,235,54.833333333333336,-0.23500274121761322,0.14660407546060236
UBFC_PHYS_s13_T2_ctrl,47,236,54.86666666666667,-0.3948182761669159,0.08449355649310088
UBFC_PHYS_s13_T2_ctrl,47,237,54.9,-0.44672372937202454,0.060367075272948385
UBFC_PHYS_s13_T2_ctrl,47,238,54.93333333333333,-0.49966058135032654,0.07002796840756649
UBFC_PHYS_s13_T2_ctrl,47,239,54.96666666666667,-0.5647401213645935,0.09852206147597646
UBFC_PHYS_s13_T2_ctrl,48,0,48.0,-1.0448555946350098,-0.04445990130558551
UBFC_PHYS_s13_T2_ctrl,48,1,48.03333333333333,-0.7295148968696594,-0.3509734415929454
UBFC_PHYS_s13_T2_ctrl,48,2,48.06666666666667,-0.4480648636817932,-0.573170910134864
UBFC_PHYS_s13_T2_ctrl,48,3,48.1,-0.3286019265651703,-0.65100995091958
UBFC_PHYS_s13_T2_ctrl,48,4,48.13333333333333,-0.36926427483558655,-0.5656691665484073
UBFC_PHYS_s13_T2_ctrl,48,5,48.166666666666664,-0.48171180486679077,-0.34622573035544135
UBFC_PHYS_s13_T2_ctrl,48,6,48.2,-0.5577378869056702,-0.0611329349386724
UBFC_PHYS_s13_T2_ctrl,48,7,48.233333333333334,-0.5155169367790222,0.20410240660411114
UBFC_PHYS_s13_T2_ctrl,48,8,48.266666666666666,-0.3544854521751404,0.3752114960769722
UBFC_PHYS_s13_T2_ctrl,48,9,48.3,-0.15366816520690918,0.412462292666643
UBFC_PHYS_s13_T2_ctrl,48,10,48.333333333333336,0.02885766327381134,0.32081514306570785
UBFC_PHYS_s13_T2_ctrl,48,11,48.36666666666667,0.19729995727539062,0.1449018623422028
UBFC_PHYS_s13_T2_ctrl,48,12,48.4,0.37279388308525085,-0.04791614362471838
UBFC_PHYS_s13_T2_ctrl,48,13,48.43333333333333,0.5504593253135681,-0.19013112457514042
UBFC_PHYS_s13_T2_ctrl,48,14,48.46666666666667,0.6911398768424988,-0.2350891938368335
UBFC_PHYS_s13_T2_ctrl,48,15,48.5,0.7593464851379395,-0.1701939408136788
UBFC_PHYS_s13_T2_ctrl,48,16,48.53333333333333,0.7807848453521729,-0.018835552601027854
UBFC_PHYS_s13_T2_ctrl,48,17,48.56666666666667,0.8254936337471008,0.16866080043437554
UBFC_PHYS_s13_T2_ctrl,48,18,48.6,0.9166049957275391,0.33116926339451846
UBFC_PHYS_s13_T2_ctrl,48,19,48.63333333333333,1.018237829208374,0.41427207807671956
UBFC_PHYS_s13_T2_ctrl,48,20,48.666666666666664,1.0928173065185547,0.38422918683379914
UBFC_PHYS_s13_T2_ctrl,48,21,48.7,1.1310116052627563,0.23587804024156991
UBFC_PHYS_s13_T2_ctrl,48,22,48.733333333333334,1.1326855421066284,-0.0058183966443417934
UBFC_PHYS_s13_T2_ctrl,48,23,48.766666666666666,1.0990583896636963,-0.28986768571358706
UBFC_PHYS_s13_T2_ctrl,48,24,48.8,1.0489323139190674,-0.5484687810281657
UBFC_PHYS_s13_T2_ctrl,48,25,48.833333333333336,1.0030734539031982,-0.7108260858947999
UBFC_PHYS_s13_T2_ctrl,48,26,48.86666666666667,0.9560019969940186,-0.7197662375640573
UBFC_PHYS_s13_T2_ctrl,48,27,48.9,0.8920395374298096,-0.5476227433241478
UBFC_PHYS_s13_T2_ctrl,48,28,48.93333333333333,0.8169031739234924,-0.20698748325151828
UBFC_PHYS_s13_T2_ctrl,48,29,48.96666666666667,0.7399280667304993,0.24757778984040335
UBFC_PHYS_s13_T2_ctrl,48,30,49.0,0.6410665512084961,0.7288970602347826
UBFC_PHYS_s13_T2_ctrl,48,31,49.03333333333333,0.49089592695236206,1.1362915976641865
UBFC_PHYS_s13_T2_ctrl,48,32,49.06666666666667,0.2984813153743744,1.3791977081547289
UBFC_PHYS_s13_T2_ctrl,48,33,49.1,0.09510038048028946,1.397935458161292
UBFC_PHYS_s13_T2_ctrl,48,34,49.13333333333333,-0.09337321668863297,1.1757398667444188
UBFC_PHYS_s13_T2_ctrl,48,35,49.166666666666664,-0.24913901090621948,0.7401315689020541
UBFC_PHYS_s13_T2_ctrl,48,36,49.2,-0.3663052022457123,0.15563294836163932
UBFC_PHYS_s13_T2_ctrl,48,37,49.233333333333334,-0.4561314284801483,-0.48843216107258414
UBFC_PHYS_s13_T2_ctrl,48,38,49.266666666666666,-0.5241799354553223,-1.0922653051978322
UBFC_PHYS_s13_T2_ctrl,48,39,49.3,-0.5586671233177185,-1.5610446902941746
UBFC_PHYS_s13_T2_ctrl,48,40,49.333333333333336,-0.5668424367904663,-1.8210139778505123
UBFC_PHYS_s13_T2_ctrl,48,41,49.36666666666667,-0.5704835653305054,-1.8346741510864994
UBFC_PHYS_s13_T2_ctrl,48,42,49.4,-0.5538232326507568,-1.6117875143854645
UBFC_PHYS_s13_T2_ctrl,48,43,49.43333333333333,-0.47283464670181274,-1.2113032893250735
UBFC_PHYS_s13_T2_ctrl,48,44,49.46666666666667,-0.32030799984931946,-0.7294228286232334
UBFC_PHYS_s13_T2_ctrl,48,45,49.5,-0.12891487777233124,-0.2733511103444434
UBFC_PHYS_s13_T2_ctrl,48,46,49.53333333333333,0.07359283417463303,0.07160107540497822
UBFC_PHYS_s13_T2_ctrl,48,47,49.56666666666667,0.26677194237709045,0.26816527714009464
UBFC_PHYS_s13_T2_ctrl,48,48,49.6,0.42561209201812744,0.3352263900992015
UBFC_PHYS_s13_T2_ctrl,48,49,49.63333333333333,0.5401454567909241,0.33495990678812537
UBFC_PHYS_s13_T2_ctrl,48,50,49.666666666666664,0.6312798857688904,0.3452506622456626
UBFC_PHYS_s13_T2_ctrl,48,51,49.7,0.7341780066490173,0.42908148315893974
UBFC_PHYS_s13_T2_ctrl,48,52,49.733333333333334,0.8763940930366516,0.6122384809857103
UBFC_PHYS_s13_T2_ctrl,48,53,49.766666666666666,1.0548306703567505,0.875962928655129
UBFC_PHYS_s13_T2_ctrl,48,54,49.8,1.2159675359725952,1.165061691434959
UBFC_PHYS_s13_T2_ctrl,48,55,49.833333333333336,1.298616886138916,1.4068478481403854
UBFC_PHYS_s13_T2_ctrl,48,56,49.86666666666667,1.2907711267471313,1.5335544520932567
UBFC_PHYS_s13_T2_ctrl,48,57,49.9,1.209779143333435,1.5010913772378789
UBFC_PHYS_s13_T2_ctrl,48,58,49.93333333333333,1.0566792488098145,1.2996065746135923
UBFC_PHYS_s13_T2_ctrl,48,59,49.96666666666667,0.8452515006065369,0.9545585510938788
UBFC_PHYS_s13_T2_ctrl,48,60,50.0,0.6312304735183716,0.5194179240861561
UBFC_PHYS_s13_T2_ctrl,48,61,50.03333333333333,0.4632033705711365,0.06255717235745999
UBFC_PHYS_s13_T2_ctrl,48,62,50.06666666666667,0.3400234580039978,-0.3482384456159999
UBFC_PHYS_s13_T2_ctrl,48,63,50.1,0.24320490658283234,-0.6599561184129137
UBFC_PHYS_s13_T2_ctrl,48,64,50.13333333333333,0.13940058648586273,-0.8441116296686644
UBFC_PHYS_s13_T2_ctrl,48,65,50.166666666666664,-0.029236111789941788,-0.9001432996258486
UBFC_PHYS_s13_T2_ctrl,48,66,50.2,-0.3040858805179596,-0.8520655632336184
UBFC_PHYS_s13_T2_ctrl,48,67,50.233333333333334,-0.6442887187004089,-0.7397769249483652
UBFC_PHYS_s13_T2_ctrl,48,68,50.266666666666666,-0.9229311943054199,-0.607987869455584
UBFC_PHYS_s13_T2_ctrl,48,69,50.3,-1.0456860065460205,-0.49612644855428517
UBFC_PHYS_s13_T2_ctrl,48,70,50.333333333333336,-1.0573773384094238,-0.4313387319126097
UBFC_PHYS_s13_T2_ctrl,48,71,50.36666666666667,-1.035391926765442,-0.42483544825407255
UBFC_PHYS_s13_T2_ctrl,48,72,50.4,-0.9689844846725464,-0.4707535734959513
UBFC_PHYS_s13_T2_ctrl,48,73,50.43333333333333,-0.8246001601219177,-0.5470162284061929
UBFC_PHYS_s13_T2_ctrl,48,74,50.46666666666667,-0.6444007158279419,-0.6188450861594672
UBFC_PHYS_s13_T2_ctrl,48,75,50.5,-0.48518821597099304,-0.6460168879186757
UBFC_PHYS_s13_T2_ctrl,48,76,50.53333333333333,-0.3395287096500397,-0.5936381223495867
UBFC_PHYS_s13_T2_ctrl,48,77,50.56666666666667,-0.19455458223819733,-0.44407954352131607
UBFC_PHYS_s13_T2_ctrl,48,78,50.6,-0.0959368571639061,-0.20625583420770133
UBFC_PHYS_s13_T2_ctrl,48,79,50.63333333333333,-0.08425220102071762,0.08192528710199876
UBFC_PHYS_s13_T2_ctrl,48,80,50.666666666666664,-0.13481321930885315,0.3610767670713866
UBFC_PHYS_s13_T2_ctrl,48,81,50.7,-0.203570157289505,0.5674067248360763
UBFC_PHYS_s13_T2_ctrl,48,82,50.733333333333334,-0.28154367208480835,0.6535832689335469
UBFC_PHYS_s13_T2_ctrl,48,83,50.766666666666666,-0.37677067518234253,0.6046821424709911
UBFC_PHYS_s13_T2_ctrl,48,84,50.8,-0.4876101613044739,0.44306407167510103
UBFC_PHYS_s13_T2_ctrl,48,85,50.833333333333336,-0.6105363368988037,0.2214727359626235
UBFC_PHYS_s13_T2_ctrl,48,86,50.86666666666667,-0.7392224073410034,0.007785739570416938
UBFC_PHYS_s13_T2_ctrl,48,87,50.9,-0.8450301885604858,-0.13350680000280318
UBFC_PHYS_s13_T2_ctrl,48,88,50.93333333333333,-0.8838143348693848,-0.15811551501432933
UBFC_PHYS_s13_T2_ctrl,48,89,50.96666666666667,-0.8326535820960999,-0.05298523407719297
UBFC_PHYS_s13_T2_ctrl,48,90,51.0,-0.6995058059692383,0.16120998318912538
UBFC_PHYS_s13_T2_ctrl,48,91,51.03333333333333,-0.49515607953071594,0.4367625258271478
UBFC_PHYS_s13_T2_ctrl,48,92,51.06666666666667,-0.25028571486473083,0.7125083548390027
UBFC_PHYS_s13_T2_ctrl,48,93,51.1,-0.036267995834350586,0.9294742642946808
UBFC_PHYS_s13_T2_ctrl,48,94,51.13333333333333,0.0748252272605896,1.0432884274466028
UBFC_PHYS_s13_T2_ctrl,48,95,51.166666666666664,0.07754373550415039,1.0300111474075244
UBFC_PHYS_s13_T2_ctrl,48,96,51.2,0.02342063933610916,0.8855123746921031
UBFC_PHYS_s13_T2_ctrl,48,97,51.233333333333334,-0.03890742361545563,0.6212914156384253
UBFC_PHYS_s13_T2_ctrl,48,98,51.266666666666666,-0.08611396700143814,0.2600640491440833
UBFC_PHYS_s13_T2_ctrl,48,99,51.3,-0.10796751081943512,-0.16694653885032903
UBFC_PHYS_s13_T2_ctrl,48,100,51.333333333333336,-0.10937454551458359,-0.6208602491665562
UBFC_PHYS_s13_T2_ctrl,48,101,51.36666666666667,-0.11654482781887054,-1.055352499571297
UBFC_PHYS_s13_T2_ctrl,48,102,51.4,-0.15941163897514343,-1.4181426410175604
UBFC_PHYS_s13_T2_ctrl,48,103,51.43333333333333,-0.24363936483860016,-1.6555928163501488
UBFC_PHYS_s13_T2_ctrl,48,104,51.46666666666667,-0.33368638157844543,-1.7213803346160412
UBFC_PHYS_s13_T2_ctrl,48,105,51.5,-0.3590987026691437,-1.5885341016248633
UBFC_PHYS_s13_T2_ctrl,48,106,51.53333333333333,-0.25521528720855713,-1.261861163566416
UBFC_PHYS_s13_T2_ctrl,48,107,51.56666666666667,-0.042031239718198776,-0.7855383238066166
UBFC_PHYS_s13_T2_ctrl,48,108,51.6,0.1885479837656021,-0.2398193646246727
UBFC_PHYS_s13_T2_ctrl,48,109,51.63333333333333,0.35036370158195496,0.2764014512009789
UBFC_PHYS_s13_T2_ctrl,48,110,51.666666666666664,0.41897234320640564,0.673687799513554
UBFC_PHYS_s13_T2_ctrl,48,111,51.7,0.40415069460868835,0.9002064693547713
UBFC_PHYS_s13_T2_ctrl,48,112,51.733333333333334,0.31604453921318054,0.9567778919009954
UBFC_PHYS_s13_T2_ctrl,48,113,51.766666666666666,0.18547029793262482,0.8910138846498733
UBFC_PHYS_s13_T2_ctrl,48,114,51.8,0.06744076311588287,0.7740506874775721
UBFC_PHYS_s13_T2_ctrl,48,115,51.833333333333336,-0.012035345658659935,0.6722733209659278
UBFC_PHYS_s13_T2_ctrl,48,116,51.86666666666667,-0.06623753160238266,0.6262250875203745
UBFC_PHYS_s13_T2_ctrl,48,117,51.9,-0.09977243095636368,0.6424440348409816
UBFC_PHYS_s13_T2_ctrl,48,118,51.93333333333333,-0.08607113361358643,0.6975779077552944
UBFC_PHYS_s13_T2_ctrl,48,119,51.96666666666667,-0.011399378068745136,0.7504247078281137
UBFC_PHYS_s13_T2_ctrl,48,120,52.0,0.08179450035095215,0.7564934606839769
UBFC_PHYS_s13_T2_ctrl,48,121,52.03333333333333,0.1317821741104126,0.6807482673336024
UBFC_PHYS_s13_T2_ctrl,48,122,52.06666666666667,0.13623394072055817,0.5063550567241082
UBFC_PHYS_s13_T2_ctrl,48,123,52.1,0.14243213832378387,0.23897606586749234
UBFC_PHYS_s13_T2_ctrl,48,124,52.13333333333333,0.18694983422756195,-0.09335789294225957
UBFC_PHYS_s13_T2_ctrl,48,125,52.166666666666664,0.26327577233314514,-0.444773778001241
UBFC_PHYS_s13_T2_ctrl,48,126,52.2,0.3415755033493042,-0.7599725007412648
UBFC_PHYS_s13_T2_ctrl,48,127,52.233333333333334,0.39715835452079773,-0.9852320931659952
UBFC_PHYS_s13_T2_ctrl,48,128,52.266666666666666,0.4094690978527069,-1.0801264694004493
UBFC_PHYS_s13_T2_ctrl,48,129,52.3,0.367465615272522,-1.0276592950691614
UBFC_PHYS_s13_T2_ctrl,48,130,52.333333333333336,0.289505273103714,-0.8401684490241375
UBFC_PHYS_s13_T2_ctrl,48,131,52.36666666666667,0.20745894312858582,-0.5586845294080292
UBFC_PHYS_s13_T2_ctrl,48,132,52.4,0.13514652848243713,-0.24492672224255743
UBFC_PHYS_s13_T2_ctrl,48,133,52.43333333333333,0.06564489752054214,0.03256171254325424
UBFC_PHYS_s13_T2_ctrl,48,134,52.46666666666667,-0.011659696698188782,0.21450081368180934
UBFC_PHYS_s13_T2_ctrl,48,135,52.5,-0.09431563317775726,0.2647876370462845
UBFC_PHYS_s13_T2_ctrl,48,136,52.53333333333333,-0.16093070805072784,0.17889082524038796
UBFC_PHYS_s13_T2_ctrl,48,137,52.56666666666667,-0.19578367471694946,-0.014791648865482602
UBFC_PHYS_s13_T2_ctrl,48,138,52.6,-0.21022309362888336,-0.26070798100492276
UBFC_PHYS_s13_T2_ctrl,48,139,52.63333333333333,-0.23001056909561157,-0.48817846001458676
UBFC_PHYS_s13_T2_ctrl,48,140,52.666666666666664,-0.2623690962791443,-0.6277669309244639
UBFC_PHYS_s13_T2_ctrl,48,141,52.7,-0.2759913206100464,-0.6288811541420821
UBFC_PHYS_s13_T2_ctrl,48,142,52.733333333333334,-0.2260662466287613,-0.4743665346254272
UBFC_PHYS_s13_T2_ctrl,48,143,52.766666666666666,-0.1125873327255249,-0.18741508280834981
UBFC_PHYS_s13_T2_ctrl,48,144,52.8,0.006298957392573357,0.17285964118998082
UBFC_PHYS_s13_T2_ctrl,48,145,52.833333333333336,0.08568279445171356,0.5276172686493137
UBFC_PHYS_s13_T2_ctrl,48,146,52.86666666666667,0.1354266256093979,0.8018381710918293
UBFC_PHYS_s13_T2_ctrl,48,147,52.9,0.18617546558380127,0.9468719047727218
UBFC_PHYS_s13_T2_ctrl,48,148,52.93333333333333,0.25142964720726013,0.9533113756656372
UBFC_PHYS_s13_T2_ctrl,48,149,52.96666666666667,0.32967665791511536,0.8495744136751763
UBFC_PHYS_s13_T2_ctrl,48,150,53.0,0.40890562534332275,0.6881627253741579
UBFC_PHYS_s13_T2_ctrl,48,151,53.03333333333333,0.4627552032470703,0.5264242579898786
UBFC_PHYS_s13_T2_ctrl,48,152,53.06666666666667,0.48030197620391846,0.40887007928820457
UBFC_PHYS_s13_T2_ctrl,48,153,53.1,0.48206818103790283,0.3554002780986318
UBFC_PHYS_s13_T2_ctrl,48,154,53.13333333333333,0.4895152449607849,0.3572156873448424
UBFC_PHYS_s13_T2_ctrl,48,155,53.166666666666664,0.5049102902412415,0.380458559782298
UBFC_PHYS_s13_T2_ctrl,48,156,53.2,0.5193562507629395,0.376233155514541
UBFC_PHYS_s13_T2_ctrl,48,157,53.233333333333334,0.5090457201004028,0.2945387630585998
UBFC_PHYS_s13_T2_ctrl,48,158,53.266666666666666,0.44100382924079895,0.09899161326206149
UBFC_PHYS_s13_T2_ctrl,48,159,53.3,0.32311928272247314,-0.22088564361009966
UBFC_PHYS_s13_T2_ctrl,48,160,53.333333333333336,0.21692925691604614,-0.6425778234622599
UBFC_PHYS_s13_T2_ctrl,48,161,53.36666666666667,0.1668097823858261,-1.1106147513967786
UBFC_PHYS_s13_T2_ctrl,48,162,53.4,0.1485908031463623,-1.544537951491488
UBFC_PHYS_s13_T2_ctrl,48,163,53.43333333333333,0.11261748522520065,-1.8542601992666201
UBFC_PHYS_s13_T2_ctrl,48,164,53.46666666666667,0.04521157220005989,-1.9606281909703014
UBFC_PHYS_s13_T2_ctrl,48,165,53.5,-0.03861085698008537,-1.8168946327867117
UBFC_PHYS_s13_T2_ctrl,48,166,53.53333333333333,-0.12074945867061615,-1.4247838234297698
UBFC_PHYS_s13_T2_ctrl,48,167,53.56666666666667,-0.1743156760931015,-0.8384993336766905
UBFC_PHYS_s13_T2_ctrl,48,168,53.6,-0.17116549611091614,-0.15292646245284863
UBFC_PHYS_s13_T2_ctrl,48,169,53.63333333333333,-0.11267630010843277,0.5213776869437189
UBFC_PHYS_s13_T2_ctrl,48,170,53.666666666666664,-0.03610653057694435,1.086707650227792
UBFC_PHYS_s13_T2_ctrl,48,171,53.7,0.021067891269922256,1.4785745725426576
UBFC_PHYS_s13_T2_ctrl,48,172,53.733333333333334,0.05806930735707283,1.6721699069666998
UBFC_PHYS_s13_T2_ctrl,48,173,53.766666666666666,0.10611941665410995,1.6773809992696187
UBFC_PHYS_s13_T2_ctrl,48,174,53.8,0.1873123049736023,1.5284954708367078
UBFC_PHYS_s13_T2_ctrl,48,175,53.833333333333336,0.2822229564189911,1.2735841444931872
UBFC_PHYS_s13_T2_ctrl,48,176,53.86666666666667,0.34751996397972107,0.9657143223922746
UBFC_PHYS_s13_T2_ctrl,48,177,53.9,0.3675743639469147,0.6559046441184904
UBFC_PHYS_s13_T2_ctrl,48,178,53.93333333333333,0.3833153545856476,0.3870074853086575
UBFC_PHYS_s13_T2_ctrl,48,179,53.96666666666667,0.4466649293899536,0.1882014093947097
UBFC_PHYS_s13_T2_ctrl,48,180,54.0,0.5437932014465332,0.07066045007544294
UBFC_PHYS_s13_T2_ctrl,48,181,54.03333333333333,0.5823367834091187,0.025695293062290684
UBFC_PHYS_s13_T2_ctrl,48,182,54.06666666666667,0.485518217086792,0.026821861106697334
UBFC_PHYS_s13_T2_ctrl,48,183,54.1,0.26537808775901794,0.03631782847087266
UBFC_PHYS_s13_T2_ctrl,48,184,54.13333333333333,-0.006647749338299036,0.01501402714535074
UBFC_PHYS_s13_T2_ctrl,48,185,54.166666666666664,-0.27317723631858826,-0.0674188542698556
UBFC_PHYS_s13_T2_ctrl,48,186,54.2,-0.507440447807312,-0.22449807435548202
UBFC_PHYS_s13_T2_ctrl,48,187,54.233333333333334,-0.6893599629402161,-0.44902530754481645
UBFC_PHYS_s13_T2_ctrl,48,188,54.266666666666666,-0.8153407573699951,-0.7137274595602665
UBFC_PHYS_s13_T2_ctrl,48,189,54.3,-0.9095132946968079,-0.9759707990256743
UBFC_PHYS_s13_T2_ctrl,48,190,54.333333333333336,-0.976728081703186,-1.1856043042731634
UBFC_PHYS_s13_T2_ctrl,48,191,54.36666666666667,-0.9870156049728394,-1.2948412676778898
UBFC_PHYS_s13_T2_ctrl,48,192,54.4,-0.9385964274406433,-1.268963440577083
UBFC_PHYS_s13_T2_ctrl,48,193,54.43333333333333,-0.8925431966781616,-1.0962447522542464
UBFC_PHYS_s13_T2_ctrl,48,194,54.46666666666667,-0.8968895077705383,-0.794810787043714
UBFC_PHYS_s13_T2_ctrl,48,195,54.5,-0.8932121396064758,-0.41351629404762585
UBFC_PHYS_s13_T2_ctrl,48,196,54.53333333333333,-0.764410674571991,-0.024201255433901617
UBFC_PHYS_s13_T2_ctrl,48,197,54.56666666666667,-0.5171710848808289,0.2948759975412172
UBFC_PHYS_s13_T2_ctrl,48,198,54.6,-0.2847004234790802,0.48026141997956506
UBFC_PHYS_s13_T2_ctrl,48,199,54.63333333333333,-0.1525939404964447,0.501731926417215
UBFC_PHYS_s13_T2_ctrl,48,200,54.666666666666664,-0.05768986791372299,0.371078938219348
UBFC_PHYS_s13_T2_ctrl,48,201,54.7,0.10167423635721207,0.13847093371027322
UBFC_PHYS_s13_T2_ctrl,48,202,54.733333333333334,0.28552141785621643,-0.12139684494241268
UBFC_PHYS_s13_T2_ctrl,48,203,54.766666666666666,0.2999245822429657,-0.3280860717624993
UBFC_PHYS_s13_T2_ctrl,48,204,54.8,0.062329959124326706,-0.41396767991547395
UBFC_PHYS_s13_T2_ctrl,48,205,54.833333333333336,-0.23500274121761322,-0.3391656850448443
UBFC_PHYS_s13_T2_ctrl,48,206,54.86666666666667,-0.3948182761669159,-0.1008643808215717
UBFC_PHYS_s13_T2_ctrl,48,207,54.9,-0.44672372937202454,0.2645442927997435
UBFC_PHYS_s13_T2_ctrl,48,208,54.93333333333333,-0.49966058135032654,0.6876386273815006
UBFC_PHYS_s13_T2_ctrl,48,209,54.96666666666667,-0.5647401213645935,1.0807386620114385
UBFC_PHYS_s13_T2_ctrl,48,210,55.0,-0.6275888085365295,1.3595393613599962
UBFC_PHYS_s13_T2_ctrl,48,211,55.03333333333333,-0.7096779942512512,1.4664358126329387
UBFC_PHYS_s13_T2_ctrl,48,212,55.06666666666667,-0.7930160164833069,1.3870278798580735
UBFC_PHYS_s13_T2_ctrl,48,213,55.1,-0.81065833568573,1.1522246951224642
UBFC_PHYS_s13_T2_ctrl,48,214,55.13333333333333,-0.7051668763160706,0.8251628538158527
UBFC_PHYS_s13_T2_ctrl,48,215,55.166666666666664,-0.47658783197402954,0.47944228978589487
UBFC_PHYS_s13_T2_ctrl,48,216,55.2,-0.1979057639837265,0.17731599754879243
UBFC_PHYS_s13_T2_ctrl,48,217,55.233333333333334,0.058767881244421005,-0.04574429237876499
UBFC_PHYS_s13_T2_ctrl,48,218,55.266666666666666,0.3223416209220886,-0.18684481416313325
UBFC_PHYS_s13_T2_ctrl,48,219,55.3,0.6708910465240479,-0.2714459135344909
UBFC_PHYS_s13_T2_ctrl,48,220,55.333333333333336,1.0619416236877441,-0.34131719486247336
UBFC_PHYS_s13_T2_ctrl,48,221,55.36666666666667,1.3678680658340454,-0.4387656634864989
UBFC_PHYS_s13_T2_ctrl,48,222,55.4,1.5190569162368774,-0.5918796136489841
UBFC_PHYS_s13_T2_ctrl,48,223,55.43333333333333,1.5629056692123413,-0.8045910205229525
UBFC_PHYS_s13_T2_ctrl,48,224,55.46666666666667,1.6128175258636475,-1.0532291939553065
UBFC_PHYS_s13_T2_ctrl,48,225,55.5,1.7840771675109863,-1.289380998055623
UBFC_PHYS_s13_T2_ctrl,48,226,55.53333333333333,2.032888650894165,-1.4483453534177764
UBFC_PHYS_s13_T2_ctrl,48,227,55.56666666666667,2.128122091293335,-1.4626517088234903
UBFC_PHYS_s13_T2_ctrl,48,228,55.6,1.9314402341842651,-1.279670518054249
UBFC_PHYS_s13_T2_ctrl,48,229,55.63333333333333,1.5765937566757202,-0.8804976772314408
UBFC_PHYS_s13_T2_ctrl,48,230,55.666666666666664,1.2298632860183716,-0.294524652605183
UBFC_PHYS_s13_T2_ctrl,48,231,55.7,0.8739886283874512,0.3976702943134732
UBFC_PHYS_s13_T2_ctrl,48,232,55.733333333333334,0.635168194770813,1.0787572335844584
UBFC_PHYS_s13_T2_ctrl,48,233,55.766666666666666,0.584521472454071,1.6250673876221127
UBFC_PHYS_s13_T2_ctrl,48,234,55.8,0.5794304609298706,1.9416860163609766
UBFC_PHYS_s13_T2_ctrl,48,235,55.833333333333336,0.5414206981658936,1.98624981059843
UBFC_PHYS_s13_T2_ctrl,48,236,55.86666666666667,0.48690879344940186,1.7716424967227722
UBFC_PHYS_s13_T2_ctrl,48,237,55.9,0.4033203125,1.349986012735862
UBFC_PHYS_s13_T2_ctrl,48,238,55.93333333333333,0.2666829526424408,0.7896675940039642
UBFC_PHYS_s13_T2_ctrl,48,239,55.96666666666667,0.09756187349557877,0.15844829939135785
UBFC_PHYS_s13_T2_ctrl,49,0,49.0,0.6410665512084961,0.03030396140093495
UBFC_PHYS_s13_T2_ctrl,49,1,49.03333333333333,0.49089592695236206,-0.1814359714568571
UBFC_PHYS_s13_T2_ctrl,49,2,49.06666666666667,0.2984813153743744,-0.3861114491011926
UBFC_PHYS_s13_T2_ctrl,49,3,49.1,0.09510038048028946,-0.5752078723640001
UBFC_PHYS_s13_T2_ctrl,49,4,49.13333333333333,-0.09337321668863297,-0.7439726627905043
UBFC_PHYS_s13_T2_ctrl,49,5,49.166666666666664,-0.24913901090621948,-0.8928061701726763
UBFC_PHYS_s13_T2_ctrl,49,6,49.2,-0.3663052022457123,-1.0266754599403825
UBFC_PHYS_s13_T2_ctrl,49,7,49.233333333333334,-0.4561314284801483,-1.1516692073220727
UBFC_PHYS_s13_T2_ctrl,49,8,49.266666666666666,-0.5241799354553223,-1.2694035274570434
UBFC_PHYS_s13_T2_ctrl,49,9,49.3,-0.5586671233177185,-1.3717681367201895
UBFC_PHYS_s13_T2_ctrl,49,10,49.333333333333336,-0.5668424367904663,-1.4393233520277104
UBFC_PHYS_s13_T2_ctrl,49,11,49.36666666666667,-0.5704835653305054,-1.4456240399494602
UBFC_PHYS_s13_T2_ctrl,49,12,49.4,-0.5538232326507568,-1.3669066564939716
UBFC_PHYS_s13_T2_ctrl,49,13,49.43333333333333,-0.47283464670181274,-1.1933286778934606
UBFC_PHYS_s13_T2_ctrl,49,14,49.46666666666667,-0.32030799984931946,-0.9362120967151485
UBFC_PHYS_s13_T2_ctrl,49,15,49.5,-0.12891487777233124,-0.6268804655371654
UBFC_PHYS_s13_T2_ctrl,49,16,49.53333333333333,0.07359283417463303,-0.30662274222604124
UBFC_PHYS_s13_T2_ctrl,49,17,49.56666666666667,0.26677194237709045,-0.012114656450445054
UBFC_PHYS_s13_T2_ctrl,49,18,49.6,0.42561209201812744,0.23651354001904074
UBFC_PHYS_s13_T2_ctrl,49,19,49.63333333333333,0.5401454567909241,0.4390908267444542
UBFC_PHYS_s13_T2_ctrl,49,20,49.666666666666664,0.6312798857688904,0.6096150609614637
UBFC_PHYS_s13_T2_ctrl,49,21,49.7,0.7341780066490173,0.765682808969427
UBFC_PHYS_s13_T2_ctrl,49,22,49.733333333333334,0.8763940930366516,0.918899750495645
UBFC_PHYS_s13_T2_ctrl,49,23,49.766666666666666,1.0548306703567505,1.0699086932576232
UBFC_PHYS_s13_T2_ctrl,49,24,49.8,1.2159675359725952,1.208549167643653
UBFC_PHYS_s13_T2_ctrl,49,25,49.833333333333336,1.298616886138916,1.3175246641689622
UBFC_PHYS_s13_T2_ctrl,49,26,49.86666666666667,1.2907711267471313,1.377542879243477
UBFC_PHYS_s13_T2_ctrl,49,27,49.9,1.209779143333435,1.3725027797674398
UBFC_PHYS_s13_T2_ctrl,49,28,49.93333333333333,1.0566792488098145,1.2938440108054166
UBFC_PHYS_s13_T2_ctrl,49,29,49.96666666666667,0.8452515006065369,1.1433436420777223
UBFC_PHYS_s13_T2_ctrl,49,30,50.0,0.6312304735183716,0.9337047644725666
UBFC_PHYS_s13_T2_ctrl,49,31,50.03333333333333,0.4632033705711365,0.6865809061866597
UBFC_PHYS_s13_T2_ctrl,49,32,50.06666666666667,0.3400234580039978,0.4283521106639081
UBFC_PHYS_s13_T2_ctrl,49,33,50.1,0.24320490658283234,0.18470971945938633
UBFC_PHYS_s13_T2_ctrl,49,34,50.13333333333333,0.13940058648586273,-0.0244987369639834
UBFC_PHYS_s13_T2_ctrl,49,35,50.166666666666664,-0.029236111789941788,-0.1888177769126856
UBFC_PHYS_s13_T2_ctrl,49,36,50.2,-0.3040858805179596,-0.3082956684215664
UBFC_PHYS_s13_T2_ctrl,49,37,50.233333333333334,-0.6442887187004089,-0.39202696469060155
UBFC_PHYS_s13_T2_ctrl,49,38,50.266666666666666,-0.9229311943054199,-0.45462438804879585
UBFC_PHYS_s13_T2_ctrl,49,39,50.3,-1.0456860065460205,-0.511541318771299
UBFC_PHYS_s13_T2_ctrl,49,40,50.333333333333336,-1.0573773384094238,-0.5743470757513756
UBFC_PHYS_s13_T2_ctrl,49,41,50.36666666666667,-1.035391926765442,-0.6470439500779668
UBFC_PHYS_s13_T2_ctrl,49,42,50.4,-0.9689844846725464,-0.7243512225189643
UBFC_PHYS_s13_T2_ctrl,49,43,50.43333333333333,-0.8246001601219177,-0.7925499073878427
UBFC_PHYS_s13_T2_ctrl,49,44,50.46666666666667,-0.6444007158279419,-0.8329497770763372
UBFC_PHYS_s13_T2_ctrl,49,45,50.5,-0.48518821597099304,-0.8273344537877256
UBFC_PHYS_s13_T2_ctrl,49,46,50.53333333333333,-0.3395287096500397,-0.7640315462062023
UBFC_PHYS_s13_T2_ctrl,49,47,50.56666666666667,-0.19455458223819733,-0.6428820035499588
UBFC_PHYS_s13_T2_ctrl,49,48,50.6,-0.0959368571639061,-0.47754038135433174
UBFC_PHYS_s13_T2_ctrl,49,49,50.63333333333333,-0.08425220102071762,-0.2939967835389403
UBFC_PHYS_s13_T2_ctrl,49,50,50.666666666666664,-0.13481321930885315,-0.12487545587901058
UBFC_PHYS_s13_T2_ctrl,49,51,50.7,-0.203570157289505,-0.0004166969184246465
UBFC_PHYS_s13_T2_ctrl,49,52,50.733333333333334,-0.28154367208480835,0.06100891706395792
UBFC_PHYS_s13_T2_ctrl,49,53,50.766666666666666,-0.37677067518234253,0.059071066255446544
UBFC_PHYS_s13_T2_ctrl,49,54,50.8,-0.4876101613044739,0.011829454812898004
UBFC_PHYS_s13_T2_ctrl,49,55,50.833333333333336,-0.6105363368988037,-0.04975386257292279
UBFC_PHYS_s13_T2_ctrl,49,56,50.86666666666667,-0.7392224073410034,-0.09115081479797581
UBFC_PHYS_s13_T2_ctrl,49,57,50.9,-0.8450301885604858,-0.08459189478771441
UBFC_PHYS_s13_T2_ctrl,49,58,50.93333333333333,-0.8838143348693848,-0.017554137764770196
UBFC_PHYS_s13_T2_ctrl,49,59,50.96666666666667,-0.8326535820960999,0.10306764317333664
UBFC_PHYS_s13_T2_ctrl,49,60,51.0,-0.6995058059692383,0.2530013195381543
UBFC_PHYS_s13_T2_ctrl,49,61,51.03333333333333,-0.49515607953071594,0.398884515744707
UBFC_PHYS_s13_T2_ctrl,49,62,51.06666666666667,-0.25028571486473083,0.5096378665989668
UBFC_PHYS_s13_T2_ctrl,49,63,51.1,-0.036267995834350586,0.5658482279000492
UBFC_PHYS_s13_T2_ctrl,49,64,51.13333333333333,0.0748252272605896,0.5635239188090962
UBFC_PHYS_s13_T2_ctrl,49,65,51.166666666666664,0.07754373550415039,0.5118348411769079
UBFC_PHYS_s13_T2_ctrl,49,66,51.2,0.02342063933610916,0.4268977482812366
UBFC_PHYS_s13_T2_ctrl,49,67,51.233333333333334,-0.03890742361545563,0.3245281751205803
UBFC_PHYS_s13_T2_ctrl,49,68,51.266666666666666,-0.08611396700143814,0.21460176099736508
UBFC_PHYS_s13_T2_ctrl,49,69,51.3,-0.10796751081943512,0.098840962373729
UBFC_PHYS_s13_T2_ctrl,49,70,51.333333333333336,-0.10937454551458359,-0.02718641018300976
UBFC_PHYS_s13_T2_ctrl,49,71,51.36666666666667,-0.11654482781887054,-0.16839751546106485
UBFC_PHYS_s13_T2_ctrl,49,72,51.4,-0.15941163897514343,-0.32298080004312757
UBFC_PHYS_s13_T2_ctrl,49,73,51.43333333333333,-0.24363936483860016,-0.47690333171830585
UBFC_PHYS_s13_T2_ctrl,49,74,51.46666666666667,-0.33368638157844543,-0.6032815466067168
UBFC_PHYS_s13_T2_ctrl,49,75,51.5,-0.3590987026691437,-0.6681356435763408
UBFC_PHYS_s13_T2_ctrl,49,76,51.53333333333333,-0.25521528720855713,-0.6413842861329918
UBFC_PHYS_s13_T2_ctrl,49,77,51.56666666666667,-0.042031239718198776,-0.5093098589091565
UBFC_PHYS_s13_T2_ctrl,49,78,51.6,0.1885479837656021,-0.28332410373465866
UBFC_PHYS_s13_T2_ctrl,49,79,51.63333333333333,0.35036370158195496,-0.0004098615980832462
UBFC_PHYS_s13_T2_ctrl,49,80,51.666666666666664,0.41897234320640564,0.2866411321310373
UBFC_PHYS_s13_T2_ctrl,49,81,51.7,0.40415069460868835,0.526325103283098
UBFC_PHYS_s13_T2_ctrl,49,82,51.733333333333334,0.31604453921318054,0.6851651147961085
UBFC_PHYS_s13_T2_ctrl,49,83,51.766666666666666,0.18547029793262482,0.755757019803835
UBFC_PHYS_s13_T2_ctrl,49,84,51.8,0.06744076311588287,0.7531623965400617
UBFC_PHYS_s13_T2_ctrl,49,85,51.833333333333336,-0.012035345658659935,0.7035695678549734
UBFC_PHYS_s13_T2_ctrl,49,86,51.86666666666667,-0.06623753160238266,0.6321026148582326
UBFC_PHYS_s13_T2_ctrl,49,87,51.9,-0.09977243095636368,0.5550937581436514
UBFC_PHYS_s13_T2_ctrl,49,88,51.93333333333333,-0.08607113361358643,0.4784710280890062
UBFC_PHYS_s13_T2_ctrl,49,89,51.96666666666667,-0.011399378068745136,0.4006920526298893
UBFC_PHYS_s13_T2_ctrl,49,90,52.0,0.08179450035095215,0.31736650403511574
UBFC_PHYS_s13_T2_ctrl,49,91,52.03333333333333,0.1317821741104126,0.22514668808760446
UBFC_PHYS_s13_T2_ctrl,49,92,52.06666666666667,0.13623394072055817,0.12362428461339997
UBFC_PHYS_s13_T2_ctrl,49,93,52.1,0.14243213832378387,0.015185457890589225
UBFC_PHYS_s13_T2_ctrl,49,94,52.13333333333333,0.18694983422756195,-0.09633624220461098
UBFC_PHYS_s13_T2_ctrl,49,95,52.166666666666664,0.26327577233314514,-0.20712536677996296
UBFC_PHYS_s13_T2_ctrl,49,96,52.2,0.3415755033493042,-0.31427059709785976
UBFC_PHYS_s13_T2_ctrl,49,97,52.233333333333334,0.39715835452079773,-0.4158922268160118
UBFC_PHYS_s13_T2_ctrl,49,98,52.266666666666666,0.4094690978527069,-0.5105863335616287
UBFC_PHYS_s13_T2_ctrl,49,99,52.3,0.367465615272522,-0.5964696139611223
UBFC_PHYS_s13_T2_ctrl,49,100,52.333333333333336,0.289505273103714,-0.6704694842455882
UBFC_PHYS_s13_T2_ctrl,49,101,52.36666666666667,0.20745894312858582,-0.7285715839125599
UBFC_PHYS_s13_T2_ctrl,49,102,52.4,0.13514652848243713,-0.7671605268859168
UBFC_PHYS_s13_T2_ctrl,49,103,52.43333333333333,0.06564489752054214,-0.784832868545081
UBFC_PHYS_s13_T2_ctrl,49,104,52.46666666666667,-0.011659696698188782,-0.7836930258385394
UBFC_PHYS_s13_T2_ctrl,49,105,52.5,-0.09431563317775726,-0.7690935195089896
UBFC_PHYS_s13_T2_ctrl,49,106,52.53333333333333,-0.16093070805072784,-0.7470075866840219
UBFC_PHYS_s13_T2_ctrl,49,107,52.56666666666667,-0.19578367471694946,-0.7193235645850162
UBFC_PHYS_s13_T2_ctrl,49,108,52.6,-0.21022309362888336,-0.6792885576784519
UBFC_PHYS_s13_T2_ctrl,49,109,52.63333333333333,-0.23001056909561157,-0.6103953604451755
UBFC_PHYS_s13_T2_ctrl,49,110,52.666666666666664,-0.2623690962791443,-0.4907827781319584
UBFC_PHYS_s13_T2_ctrl,49,111,52.7,-0.2759913206100464,-0.302483140987108
UBFC_PHYS_s13_T2_ctrl,49,112,52.733333333333334,-0.2260662466287613,-0.04223228990822633
UBFC_PHYS_s13_T2_ctrl,49,113,52.766666666666666,-0.1125873327255249,0.27109172917623153
UBFC_PHYS_s13_T2_ctrl,49,114,52.8,0.006298957392573357,0.597241165728847
UBFC_PHYS_s13_T2_ctrl,49,115,52.833333333333336,0.08568279445171356,0.885264258531402
UBFC_PHYS_s13_T2_ctrl,49,116,52.86666666666667,0.1354266256093979,1.090090952071018
UBFC_PHYS_s13_T2_ctrl,49,117,52.9,0.18617546558380127,1.1871402792979002
UBFC_PHYS_s13_T2_ctrl,49,118,52.93333333333333,0.25142964720726013,1.1783335032874311
UBFC_PHYS_s13_T2_ctrl,49,119,52.96666666666667,0.32967665791511536,1.0879046299696986
UBFC_PHYS_s13_T2_ctrl,49,120,53.0,0.40890562534332275,0.951339637233316
UBFC_PHYS_s13_T2_ctrl,49,121,53.03333333333333,0.4627552032470703,0.8030037773359905
UBFC_PHYS_s13_T2_ctrl,49,122,53.06666666666667,0.48030197620391846,0.6669806725172172
UBFC_PHYS_s13_T2_ctrl,49,123,53.1,0.48206818103790283,0.5530162712489517
UBFC_PHYS_s13_T2_ctrl,49,124,53.13333333333333,0.4895152449607849,0.45730195131839313
UBFC_PHYS_s13_T2_ctrl,49,125,53.166666666666664,0.5049102902412415,0.36676243220067156
UBFC_PHYS_s13_T2_ctrl,49,126,53.2,0.5193562507629395,0.26518515317067215
UBFC_PHYS_s13_T2_ctrl,49,127,53.233333333333334,0.5090457201004028,0.13950013193772248
UBFC_PHYS_s13_T2_ctrl,49,128,53.266666666666666,0.44100382924079895,-0.015390501331807707
UBFC_PHYS_s13_T2_ctrl,49,129,53.3,0.32311928272247314,-0.19438645453501077
UBFC_PHYS_s13_T2_ctrl,49,130,53.333333333333336,0.21692925691604614,-0.38280874764640427
UBFC_PHYS_s13_T2_ctrl,49,131,53.36666666666667,0.1668097823858261,-0.5592910282276661
UBFC_PHYS_s13_T2_ctrl,49,132,53.4,0.1485908031463623,-0.7001371326748833
UBFC_PHYS_s13_T2_ctrl,49,133,53.43333333333333,0.11261748522520065,-0.7844031426248383
UBFC_PHYS_s13_T2_ctrl,49,134,53.46666666666667,0.04521157220005989,-0.7988515705886212
UBFC_PHYS_s13_T2_ctrl,49,135,53.5,-0.03861085698008537,-0.741644079138841
UBFC_PHYS_s13_T2_ctrl,49,136,53.53333333333333,-0.12074945867061615,-0.6235215776931365
UBFC_PHYS_s13_T2_ctrl,49,137,53.56666666666667,-0.1743156760931015,-0.4656250818041899
UBFC_PHYS_s13_T2_ctrl,49,138,53.6,-0.17116549611091614,-0.2941564078698112
UBFC_PHYS_s13_T2_ctrl,49,139,53.63333333333333,-0.11267630010843277,-0.13344748714786847
UBFC_PHYS_s13_T2_ctrl,49,140,53.666666666666664,-0.03610653057694435,-1.683264300340881e-06
UBFC_PHYS_s13_T2_ctrl,49,141,53.7,0.021067891269922256,0.10016648247655643
UBFC_PHYS_s13_T2_ctrl,49,142,53.733333333333334,0.05806930735707283,0.17020063557177076
UBFC_PHYS_s13_T2_ctrl,49,143,53.766666666666666,0.10611941665410995,0.2182714170917207
UBFC_PHYS_s13_T2_ctrl,49,144,53.8,0.1873123049736023,0.25274254151951586
UBFC_PHYS_s13_T2_ctrl,49,145,53.833333333333336,0.2822229564189911,0.27860674535004964
UBFC_PHYS_s13_T2_ctrl,49,146,53.86666666666667,0.34751996397972107,0.2964462399698761
UBFC_PHYS_s13_T2_ctrl,49,147,53.9,0.3675743639469147,0.30397409241112816
UBFC_PHYS_s13_T2_ctrl,49,148,53.93333333333333,0.3833153545856476,0.2988239019618692
UBFC_PHYS_s13_T2_ctrl,49,149,53.96666666666667,0.4466649293899536,0.28060496812881947
UBFC_PHYS_s13_T2_ctrl,49,150,54.0,0.5437932014465332,0.25094505237046955
UBFC_PHYS_s13_T2_ctrl,49,151,54.03333333333333,0.5823367834091187,0.21173575722405544
UBFC_PHYS_s13_T2_ctrl,49,152,54.06666666666667,0.485518217086792,0.16298684221525747
UBFC_PHYS_s13_T2_ctrl,49,153,54.1,0.26537808775901794,0.10182407497835387
UBFC_PHYS_s13_T2_ctrl,49,154,54.13333333333333,-0.006647749338299036,0.023234213875258855
UBFC_PHYS_s13_T2_ctrl,49,155,54.166666666666664,-0.27317723631858826,-0.07791362598288436
UBFC_PHYS_s13_T2_ctrl,49,156,54.2,-0.507440447807312,-0.2044055547597355
UBFC_PHYS_s13_T2_ctrl,49,157,54.233333333333334,-0.6893599629402161,-0.35440377925363353
UBFC_PHYS_s13_T2_ctrl,49,158,54.266666666666666,-0.8153407573699951,-0.5197480147074341
UBFC_PHYS_s13_T2_ctrl,49,159,54.3,-0.9095132946968079,-0.6852523906317335
UBFC_PHYS_s13_T2_ctrl,49,160,54.333333333333336,-0.976728081703186,-0.8295600845980257
UBFC_PHYS_s13_T2_ctrl,49,161,54.36666666666667,-0.9870156049728394,-0.9280023517969642
UBFC_PHYS_s13_T2_ctrl,49,162,54.4,-0.9385964274406433,-0.9573023531579703
UBFC_PHYS_s13_T2_ctrl,49,163,54.43333333333333,-0.8925431966781616,-0.9011878714730256
UBFC_PHYS_s13_T2_ctrl,49,164,54.46666666666667,-0.8968895077705383,-0.755451953972198
UBFC_PHYS_s13_T2_ctrl,49,165,54.5,-0.8932121396064758,-0.5307633596198367
UBFC_PHYS_s13_T2_ctrl,49,166,54.53333333333333,-0.764410674571991,-0.2516935054767363
UBFC_PHYS_s13_T2_ctrl,49,167,54.56666666666667,-0.5171710848808289,0.048431429587112114
UBFC_PHYS_s13_T2_ctrl,49,168,54.6,-0.2847004234790802,0.3351948292796945
UBFC_PHYS_s13_T2_ctrl,49,169,54.63333333333333,-0.1525939404964447,0.5802401270186643
UBFC_PHYS_s13_T2_ctrl,49,170,54.666666666666664,-0.05768986791372299,0.7654957872143822
UBFC_PHYS_s13_T2_ctrl,49,171,54.7,0.10167423635721207,0.8839884566424119
UBFC_PHYS_s13_T2_ctrl,49,172,54.733333333333334,0.28552141785621643,0.9384166700866288
UBFC_PHYS_s13_T2_ctrl,49,173,54.766666666666666,0.2999245822429657,0.9390177048452919
UBFC_PHYS_s13_T2_ctrl,49,174,54.8,0.062329959124326706,0.9013388047479575
UBFC_PHYS_s13_T2_ctrl,49,175,54.833333333333336,-0.23500274121761322,0.8434763091682859
UBFC_PHYS_s13_T2_ctrl,49,176,54.86666666666667,-0.3948182761669159,0.7823063447139589
UBFC_PHYS_s13_T2_ctrl,49,177,54.9,-0.44672372937202454,0.7291795538566573
UBFC_PHYS_s13_T2_ctrl,49,178,54.93333333333333,-0.49966058135032654,0.6866488304328086
UBFC_PHYS_s13_T2_ctrl,49,179,54.96666666666667,-0.5647401213645935,0.6480443859901868
UBFC_PHYS_s13_T2_ctrl,49,180,55.0,-0.6275888085365295,0.6006449192318358
UBFC_PHYS_s13_T2_ctrl,49,181,55.03333333333333,-0.7096779942512512,0.5314032344883836
UBFC_PHYS_s13_T2_ctrl,49,182,55.06666666666667,-0.7930160164833069,0.43276630237727237
UBFC_PHYS_s13_T2_ctrl,49,183,55.1,-0.81065833568573,0.3059636431819842
UBFC_PHYS_s13_T2_ctrl,49,184,55.13333333333333,-0.7051668763160706,0.16040928496998066
UBFC_PHYS_s13_T2_ctrl,49,185,55.166666666666664,-0.47658783197402954,0.009811054964847209
UBFC_PHYS_s13_T2_ctrl,49,186,55.2,-0.1979057639837265,-0.13293868863504243
UBFC_PHYS_s13_T2_ctrl,49,187,55.233333333333334,0.058767881244421005,-0.2598464424699578
UBFC_PHYS_s13_T2_ctrl,49,188,55.266666666666666,0.3223416209220886,-0.36972585376135214
UBFC_PHYS_s13_T2_ctrl,49,189,55.3,0.6708910465240479,-0.46795408535638106
UBFC_PHYS_s13_T2_ctrl,49,190,55.333333333333336,1.0619416236877441,-0.5644230660407936
UBFC_PHYS_s13_T2_ctrl,49,191,55.36666666666667,1.3678680658340454,-0.6700977179749374
UBFC_PHYS_s13_T2_ctrl,49,192,55.4,1.5190569162368774,-0.7930736131565796
UBFC_PHYS_s13_T2_ctrl,49,193,55.43333333333333,1.5629056692123413,-0.9352297145638008
UBFC_PHYS_s13_T2_ctrl,49,194,55.46666666666667,1.6128175258636475,-1.0899196548960433
UBFC_PHYS_s13_T2_ctrl,49,195,55.5,1.7840771675109863,-1.2406258457061783
UBFC_PHYS_s13_T2_ctrl,49,196,55.53333333333333,2.032888650894165,-1.3610412649060946
UBFC_PHYS_s13_T2_ctrl,49,197,55.56666666666667,2.128122091293335,-1.417902301577856
UBFC_PHYS_s13_T2_ctrl,49,198,55.6,1.9314402341842651,-1.3777676911267664
UBFC_PHYS_s13_T2_ctrl,49,199,55.63333333333333,1.5765937566757202,-1.217328353090343
UBFC_PHYS_s13_T2_ctrl,49,200,55.666666666666664,1.2298632860183716,-0.9342903486644666
UBFC_PHYS_s13_T2_ctrl,49,201,55.7,0.8739886283874512,-0.5538297271614849
UBFC_PHYS_s13_T2_ctrl,49,202,55.733333333333334,0.635168194770813,-0.12580286328751022
UBFC_PHYS_s13_T2_ctrl,49,203,55.766666666666666,0.584521472454071,0.2884729980665502
UBFC_PHYS_s13_T2_ctrl,49,204,55.8,0.5794304609298706,0.6350810492868785
UBFC_PHYS_s13_T2_ctrl,49,205,55.833333333333336,0.5414206981658936,0.883288056741625
UBFC_PHYS_s13_T2_ctrl,49,206,55.86666666666667,0.48690879344940186,1.031102145016724
UBFC_PHYS_s13_T2_ctrl,49,207,55.9,0.4033203125,1.099134969448741
UBFC_PHYS_s13_T2_ctrl,49,208,55.93333333333333,0.2666829526424408,1.117138656189436
UBFC_PHYS_s13_T2_ctrl,49,209,55.96666666666667,0.09756187349557877,1.1103265264303663
UBFC_PHYS_s13_T2_ctrl,49,210,56.0,-0.0437018908560276,1.091146244776368
UBFC_PHYS_s13_T2_ctrl,49,211,56.03333333333333,-0.1416902393102646,1.0583594936884384
UBFC_PHYS_s13_T2_ctrl,49,212,56.06666666666667,-0.22697901725769043,1.0018037671795657
UBFC_PHYS_s13_T2_ctrl,49,213,56.1,-0.30881115794181824,0.9095003586638911
UBFC_PHYS_s13_T2_ctrl,49,214,56.13333333333333,-0.36074626445770264,0.7739501095900464
UBFC_PHYS_s13_T2_ctrl,49,215,56.166666666666664,-0.3833840489387512,0.5958137328725497
UBFC_PHYS_s13_T2_ctrl,49,216,56.2,-0.42447149753570557,0.38469238911836273
UBFC_PHYS_s13_T2_ctrl,49,217,56.233333333333334,-0.5176785588264465,0.157644484020737
UBFC_PHYS_s13_T2_ctrl,49,218,56.266666666666666,-0.6375336050987244,-0.06379816139396868
UBFC_PHYS_s13_T2_ctrl,49,219,56.3,-0.7381383180618286,-0.2575700255050323
UBFC_PHYS_s13_T2_ctrl,49,220,56.333333333333336,-0.820965588092804,-0.40543660817609867
UBFC_PHYS_s13_T2_ctrl,49,221,56.36666666666667,-0.9273039102554321,-0.4969646337292632
UBFC_PHYS_s13_T2_ctrl,49,222,56.4,-1.0780017375946045,-0.5319601069285758
UBFC_PHYS_s13_T2_ctrl,49,223,56.43333333333333,-1.2044800519943237,-0.5202832732189968
UBFC_PHYS_s13_T2_ctrl,49,224,56.46666666666667,-1.1906272172927856,-0.47862876561997775
UBFC_PHYS_s13_T2_ctrl,49,225,56.5,-1.0208338499069214,-0.4250882196842435
UBFC_PHYS_s13_T2_ctrl,49,226,56.53333333333333,-0.8272362947463989,-0.3735514668482065
UBFC_PHYS_s13_T2_ctrl,49,227,56.56666666666667,-0.7349584698677063,-0.3303313129049531
UBFC_PHYS_s13_T2_ctrl,49,228,56.6,-0.7263844609260559,-0.2943355577026376
UBFC_PHYS_s13_T2_ctrl,49,229,56.63333333333333,-0.7044188976287842,-0.2603076049919874
UBFC_PHYS_s13_T2_ctrl,49,230,56.666666666666664,-0.6532745957374573,-0.22321396064129836
UBFC_PHYS_s13_T2_ctrl,49,231,56.7,-0.6482989192008972,-0.18148947870390877
UBFC_PHYS_s13_T2_ctrl,49,232,56.733333333333334,-0.6983392834663391,-0.1376735049145311
UBFC_PHYS_s13_T2_ctrl,49,233,56.766666666666666,-0.7344971895217896,-0.09647527382894502
UBFC_PHYS_s13_T2_ctrl,49,234,56.8,-0.7466200590133667,-0.06168960545879114
UBFC_PHYS_s13_T2_ctrl,49,235,56.833333333333336,-0.7592471241950989,-0.03394328867838902
UBFC_PHYS_s13_T2_ctrl,49,236,56.86666666666667,-0.7634649872779846,-0.010681526738103311
UBFC_PHYS_s13_T2_ctrl,49,237,56.9,-0.7523141503334045,0.011639142766258857
UBFC_PHYS_s13_T2_ctrl,49,238,56.93333333333333,-0.6971794366836548,0.03470501335300636
UBFC_PHYS_s13_T2_ctrl,49,239,56.96666666666667,-0.5477733016014099,0.05688259735528877
UBFC_PHYS_s13_T2_ctrl,50,0,50.0,0.6312304735183716,-0.09999178139442451
UBFC_PHYS_s13_T2_ctrl,50,1,50.03333333333333,0.4632033705711365,-0.2014093646468117
UBFC_PHYS_s13_T2_ctrl,50,2,50.06666666666667,0.3400234580039978,-0.2527427176500089
UBFC_PHYS_s13_T2_ctrl,50,3,50.1,0.24320490658283234,-0.22211700061730819
UBFC_PHYS_s13_T2_ctrl,50,4,50.13333333333333,0.13940058648586273,-0.10475687011541619
UBFC_PHYS_s13_T2_ctrl,50,5,50.166666666666664,-0.029236111789941788,0.07475443954016169
UBFC_PHYS_s13_T2_ctrl,50,6,50.2,-0.3040858805179596,0.27014183537418696
UBFC_PHYS_s13_T2_ctrl,50,7,50.233333333333334,-0.6442887187004089,0.427997488196455
UBFC_PHYS_s13_T2_ctrl,50,8,50.266666666666666,-0.9229311943054199,0.5036549893489546
UBFC_PHYS_s13_T2_ctrl,50,9,50.3,-1.0456860065460205,0.47303383034642726
UBFC_PHYS_s13_T2_ctrl,50,10,50.333333333333336,-1.0573773384094238,0.337740649660206
UBFC_PHYS_s13_T2_ctrl,50,11,50.36666666666667,-1.035391926765442,0.12370211727811307
UBFC_PHYS_s13_T2_ctrl,50,12,50.4,-0.9689844846725464,-0.12490085519925768
UBFC_PHYS_s13_T2_ctrl,50,13,50.43333333333333,-0.8246001601219177,-0.35458646324756704
UBFC_PHYS_s13_T2_ctrl,50,14,50.46666666666667,-0.6444007158279419,-0.513035462405806
UBFC_PHYS_s13_T2_ctrl,50,15,50.5,-0.48518821597099304,-0.559972415888577
UBFC_PHYS_s13_T2_ctrl,50,16,50.53333333333333,-0.3395287096500397,-0.4772184865884655
UBFC_PHYS_s13_T2_ctrl,50,17,50.56666666666667,-0.19455458223819733,-0.2759273305438139
UBFC_PHYS_s13_T2_ctrl,50,18,50.6,-0.0959368571639061,0.0018694564925151912
UBFC_PHYS_s13_T2_ctrl,50,19,50.63333333333333,-0.08425220102071762,0.2900791673345319
UBFC_PHYS_s13_T2_ctrl,50,20,50.666666666666664,-0.13481321930885315,0.5141655247608393
UBFC_PHYS_s13_T2_ctrl,50,21,50.7,-0.203570157289505,0.6121245725198832
UBFC_PHYS_s13_T2_ctrl,50,22,50.733333333333334,-0.28154367208480835,0.5537347160618975
UBFC_PHYS_s13_T2_ctrl,50,23,50.766666666666666,-0.37677067518234253,0.3505281657634588
UBFC_PHYS_s13_T2_ctrl,50,24,50.8,-0.4876101613044739,0.052808421465617636
UBFC_PHYS_s13_T2_ctrl,50,25,50.833333333333336,-0.6105363368988037,-0.2645658795655356
UBFC_PHYS_s13_T2_ctrl,50,26,50.86666666666667,-0.7392224073410034,-0.5225041370375927
UBFC_PHYS_s13_T2_ctrl,50,27,50.9,-0.8450301885604858,-0.6582519629452166
UBFC_PHYS_s13_T2_ctrl,50,28,50.93333333333333,-0.8838143348693848,-0.641200197217831
UBFC_PHYS_s13_T2_ctrl,50,29,50.96666666666667,-0.8326535820960999,-0.48024372685963196
UBFC_PHYS_s13_T2_ctrl,50,30,51.0,-0.6995058059692383,-0.22044167689172348
UBFC_PHYS_s13_T2_ctrl,50,31,51.03333333333333,-0.49515607953071594,0.07084262516559167
UBFC_PHYS_s13_T2_ctrl,50,32,51.06666666666667,-0.25028571486473083,0.32443563425719996
UBFC_PHYS_s13_T2_ctrl,50,33,51.1,-0.036267995834350586,0.4894232870013827
UBFC_PHYS_s13_T2_ctrl,50,34,51.13333333333333,0.0748252272605896,0.5453877753958425
UBFC_PHYS_s13_T2_ctrl,50,35,51.166666666666664,0.07754373550415039,0.5026596540036357
UBFC_PHYS_s13_T2_ctrl,50,36,51.2,0.02342063933610916,0.39196514739873534
UBFC_PHYS_s13_T2_ctrl,50,37,51.233333333333334,-0.03890742361545563,0.24929998731349626
UBFC_PHYS_s13_T2_ctrl,50,38,51.266666666666666,-0.08611396700143814,0.10266589916989804
UBFC_PHYS_s13_T2_ctrl,50,39,51.3,-0.10796751081943512,-0.03480523600518104
UBFC_PHYS_s13_T2_ctrl,50,40,51.333333333333336,-0.10937454551458359,-0.16381018679910817
UBFC_PHYS_s13_T2_ctrl,50,41,51.36666666666667,-0.11654482781887054,-0.29128970510820534
UBFC_PHYS_s13_T2_ctrl,50,42,51.4,-0.15941163897514343,-0.4200442871445494
UBFC_PHYS_s13_T2_ctrl,50,43,51.43333333333333,-0.24363936483860016,-0.5404295026904529
UBFC_PHYS_s13_T2_ctrl,50,44,51.46666666666667,-0.33368638157844543,-0.628349437645564
UBFC_PHYS_s13_T2_ctrl,50,45,51.5,-0.3590987026691437,-0.651364795726042
UBFC_PHYS_s13_T2_ctrl,50,46,51.53333333333333,-0.25521528720855713,-0.5813015595400471
UBFC_PHYS_s13_T2_ctrl,50,47,51.56666666666667,-0.042031239718198776,-0.40855052186065877
UBFC_PHYS_s13_T2_ctrl,50,48,51.6,0.1885479837656021,-0.15167590876681603
UBFC_PHYS_s13_T2_ctrl,50,49,51.63333333333333,0.35036370158195496,0.1430088984449404
UBFC_PHYS_s13_T2_ctrl,50,50,51.666666666666664,0.41897234320640564,0.41347201737289246
UBFC_PHYS_s13_T2_ctrl,50,51,51.7,0.40415069460868835,0.6017395353605971
UBFC_PHYS_s13_T2_ctrl,50,52,51.733333333333334,0.31604453921318054,0.6729626027583597
UBFC_PHYS_s13_T2_ctrl,50,53,51.766666666666666,0.18547029793262482,0.625186371042844
UBFC_PHYS_s13_T2_ctrl,50,54,51.8,0.06744076311588287,0.4866080584827672
UBFC_PHYS_s13_T2_ctrl,50,55,51.833333333333336,-0.012035345658659935,0.30364640161341916
UBFC_PHYS_s13_T2_ctrl,50,56,51.86666666666667,-0.06623753160238266,0.12602495738651948
UBFC_PHYS_s13_T2_ctrl,50,57,51.9,-0.09977243095636368,-0.005933170479758735
UBFC_PHYS_s13_T2_ctrl,50,58,51.93333333333333,-0.08607113361358643,-0.0691708599693666
UBFC_PHYS_s13_T2_ctrl,50,59,51.96666666666667,-0.011399378068745136,-0.06051137678265935
UBFC_PHYS_s13_T2_ctrl,50,60,52.0,0.08179450035095215,0.005331215171975439
UBFC_PHYS_s13_T2_ctrl,50,61,52.03333333333333,0.1317821741104126,0.10135456967501058
UBFC_PHYS_s13_T2_ctrl,50,62,52.06666666666667,0.13623394072055817,0.19611186639304826
UBFC_PHYS_s13_T2_ctrl,50,63,52.1,0.14243213832378387,0.26197991955971234
UBFC_PHYS_s13_T2_ctrl,50,64,52.13333333333333,0.18694983422756195,0.2818712986504187
UBFC_PHYS_s13_T2_ctrl,50,65,52.166666666666664,0.26327577233314514,0.25270370843501566
UBFC_PHYS_s13_T2_ctrl,50,66,52.2,0.3415755033493042,0.18471869618663642
UBFC_PHYS_s13_T2_ctrl,50,67,52.233333333333334,0.39715835452079773,0.09693347861791761
UBFC_PHYS_s13_T2_ctrl,50,68,52.266666666666666,0.4094690978527069,0.010304944901212202
UBFC_PHYS_s13_T2_ctrl,50,69,52.3,0.367465615272522,-0.05902082745424236
UBFC_PHYS_s13_T2_ctrl,50,70,52.333333333333336,0.289505273103714,-0.10416200789890978
UBFC_PHYS_s13_T2_ctrl,50,71,52.36666666666667,0.20745894312858582,-0.1284446994124965
UBFC_PHYS_s13_T2_ctrl,50,72,52.4,0.13514652848243713,-0.14296901097367262
UBFC_PHYS_s13_T2_ctrl,50,73,52.43333333333333,0.06564489752054214,-0.16205935250998812
UBFC_PHYS_s13_T2_ctrl,50,74,52.46666666666667,-0.011659696698188782,-0.1983259751425927
UBFC_PHYS_s13_T2_ctrl,50,75,52.5,-0.09431563317775726,-0.25867279871047993
UBFC_PHYS_s13_T2_ctrl,50,76,52.53333333333333,-0.16093070805072784,-0.34169064521167714
UBFC_PHYS_s13_T2_ctrl,50,77,52.56666666666667,-0.19578367471694946,-0.4364708149729315
UBFC_PHYS_s13_T2_ctrl,50,78,52.6,-0.21022309362888336,-0.5233875463572225
UBFC_PHYS_s13_T2_ctrl,50,79,52.63333333333333,-0.23001056909561157,-0.5777278442737631
UBFC_PHYS_s13_T2_ctrl,50,80,52.666666666666664,-0.2623690962791443,-0.5761632543002747
UBFC_PHYS_s13_T2_ctrl,50,81,52.7,-0.2759913206100464,-0.5045837862861196
UBFC_PHYS_s13_T2_ctrl,50,82,52.733333333333334,-0.2260662466287613,-0.36485566157714583
UBFC_PHYS_s13_T2_ctrl,50,83,52.766666666666666,-0.1125873327255249,-0.17784405642616688
UBFC_PHYS_s13_T2_ctrl,50,84,52.8,0.006298957392573357,0.0194506362864553
UBFC_PHYS_s13_T2_ctrl,50,85,52.833333333333336,0.08568279445171356,0.18311521799023364
UBFC_PHYS_s13_T2_ctrl,50,86,52.86666666666667,0.1354266256093979,0.2756314511783113
UBFC_PHYS_s13_T2_ctrl,50,87,52.9,0.18617546558380127,0.2786825136368439
UBFC_PHYS_s13_T2_ctrl,50,88,52.93333333333333,0.25142964720726013,0.20056166908323717
UBFC_PHYS_s13_T2_ctrl,50,89,52.96666666666667,0.32967665791511536,0.07520960730239441
UBFC_PHYS_s13_T2_ctrl,50,90,53.0,0.40890562534332275,-0.04693776623769414
UBFC_PHYS_s13_T2_ctrl,50,91,53.03333333333333,0.4627552032470703,-0.1134408009789097
UBFC_PHYS_s13_T2_ctrl,50,92,53.06666666666667,0.48030197620391846,-0.08574204402961462
UBFC_PHYS_s13_T2_ctrl,50,93,53.1,0.48206818103790283,0.04763094927100145
UBFC_PHYS_s13_T2_ctrl,50,94,53.13333333333333,0.4895152449607849,0.26455329163887603
UBFC_PHYS_s13_T2_ctrl,50,95,53.166666666666664,0.5049102902412415,0.5126088101216896
UBFC_PHYS_s13_T2_ctrl,50,96,53.2,0.5193562507629395,0.7227975175603247
UBFC_PHYS_s13_T2_ctrl,50,97,53.233333333333334,0.5090457201004028,0.8302621902968775
UBFC_PHYS_s13_T2_ctrl,50,98,53.266666666666666,0.44100382924079895,0.7949171102414525
UBFC_PHYS_s13_T2_ctrl,50,99,53.3,0.32311928272247314,0.6141235691804641
UBFC_PHYS_s13_T2_ctrl,50,100,53.333333333333336,0.21692925691604614,0.3230718276406816
UBFC_PHYS_s13_T2_ctrl,50,101,53.36666666666667,0.1668097823858261,-0.016119880537563278
UBFC_PHYS_s13_T2_ctrl,50,102,53.4,0.1485908031463623,-0.33176183135287857
UBFC_PHYS_s13_T2_ctrl,50,103,53.43333333333333,0.11261748522520065,-0.560599547191929
UBFC_PHYS_s13_T2_ctrl,50,104,53.46666666666667,0.04521157220005989,-0.6619509037649095
UBFC_PHYS_s13_T2_ctrl,50,105,53.5,-0.03861085698008537,-0.6254102094446713
UBFC_PHYS_s13_T2_ctrl,50,106,53.53333333333333,-0.12074945867061615,-0.4710025269399178
UBFC_PHYS_s13_T2_ctrl,50,107,53.56666666666667,-0.1743156760931015,-0.24195432847257797
UBFC_PHYS_s13_T2_ctrl,50,108,53.6,-0.17116549611091614,0.007989925370655137
UBFC_PHYS_s13_T2_ctrl,50,109,53.63333333333333,-0.11267630010843277,0.22896541590102773
UBFC_PHYS_s13_T2_ctrl,50,110,53.666666666666664,-0.03610653057694435,0.3865348237952976
UBFC_PHYS_s13_T2_ctrl,50,111,53.7,0.021067891269922256,0.46681465571915565
UBFC_PHYS_s13_T2_ctrl,50,112,53.733333333333334,0.05806930735707283,0.4743398203202063
UBFC_PHYS_s13_T2_ctrl,50,113,53.766666666666666,0.10611941665410995,0.42487890424791436
UBFC_PHYS_s13_T2_ctrl,50,114,53.8,0.1873123049736023,0.33713887663190567
UBFC_PHYS_s13_T2_ctrl,50,115,53.833333333333336,0.2822229564189911,0.2270156210874247
UBFC_PHYS_s13_T2_ctrl,50,116,53.86666666666667,0.34751996397972107,0.10610878312215201
UBFC_PHYS_s13_T2_ctrl,50,117,53.9,0.3675743639469147,-0.016239788151460325
UBFC_PHYS_s13_T2_ctrl,50,118,53.93333333333333,0.3833153545856476,-0.12984945906780254
UBFC_PHYS_s13_T2_ctrl,50,119,53.96666666666667,0.4466649293899536,-0.2222860792966032
UBFC_PHYS_s13_T2_ctrl,50,120,54.0,0.5437932014465332,-0.2806783866987664
UBFC_PHYS_s13_T2_ctrl,50,121,54.03333333333333,0.5823367834091187,-0.2962933683958385
UBFC_PHYS_s13_T2_ctrl,50,122,54.06666666666667,0.485518217086792,-0.2695761709574962
UBFC_PHYS_s13_T2_ctrl,50,123,54.1,0.26537808775901794,-0.21279100439414933
UBFC_PHYS_s13_T2_ctrl,50,124,54.13333333333333,-0.006647749338299036,-0.14848029057659914
UBFC_PHYS_s13_T2_ctrl,50,125,54.166666666666664,-0.27317723631858826,-0.1039575438624297
UBFC_PHYS_s13_T2_ctrl,50,126,54.2,-0.507440447807312,-0.10376741416075409
UBFC_PHYS_s13_T2_ctrl,50,127,54.233333333333334,-0.6893599629402161,-0.16262962466155664
UBFC_PHYS_s13_T2_ctrl,50,128,54.266666666666666,-0.8153407573699951,-0.2807278063253943
UBFC_PHYS_s13_T2_ctrl,50,129,54.3,-0.9095132946968079,-0.442091054188127
UBFC_PHYS_s13_T2_ctrl,50,130,54.333333333333336,-0.976728081703186,-0.6161101231824959
UBFC_PHYS_s13_T2_ctrl,50,131,54.36666666666667,-0.9870156049728394,-0.7620895051345082
UBFC_PHYS_s13_T2_ctrl,50,132,54.4,-0.9385964274406433,-0.8367508456921445
UBFC_PHYS_s13_T2_ctrl,50,133,54.43333333333333,-0.8925431966781616,-0.8041754128295591
UBFC_PHYS_s13_T2_ctrl,50,134,54.46666666666667,-0.8968895077705383,-0.6465108692680224
UBFC_PHYS_s13_T2_ctrl,50,135,54.5,-0.8932121396064758,-0.37225466965679327
UBFC_PHYS_s13_T2_ctrl,50,136,54.53333333333333,-0.764410674571991,-0.018166121082825695
UBFC_PHYS_s13_T2_ctrl,50,137,54.56666666666667,-0.5171710848808289,0.3576396297488285
UBFC_PHYS_s13_T2_ctrl,50,138,54.6,-0.2847004234790802,0.6899847031877145
UBFC_PHYS_s13_T2_ctrl,50,139,54.63333333333333,-0.1525939404964447,0.9232149085056033
UBFC_PHYS_s13_T2_ctrl,50,140,54.666666666666664,-0.05768986791372299,1.0242263558995783
UBFC_PHYS_s13_T2_ctrl,50,141,54.7,0.10167423635721207,0.9883177054025737
UBFC_PHYS_s13_T2_ctrl,50,142,54.733333333333334,0.28552141785621643,0.8376952000466581
UBFC_PHYS_s13_T2_ctrl,50,143,54.766666666666666,0.2999245822429657,0.6147862893480612
UBFC_PHYS_s13_T2_ctrl,50,144,54.8,0.062329959124326706,0.372613928092194
UBFC_PHYS_s13_T2_ctrl,50,145,54.833333333333336,-0.23500274121761322,0.16362095249687003
UBFC_PHYS_s13_T2_ctrl,50,146,54.86666666666667,-0.3948182761669159,0.028247334285164485
UBFC_PHYS_s13_T2_ctrl,50,147,54.9,-0.44672372937202454,-0.014616289747760422
UBFC_PHYS_s13_T2_ctrl,50,148,54.93333333333333,-0.49966058135032654,0.02759000245755751
UBFC_PHYS_s13_T2_ctrl,50,149,54.96666666666667,-0.5647401213645935,0.12362773955873577
UBFC_PHYS_s13_T2_ctrl,50,150,55.0,-0.6275888085365295,0.2288386195995522
UBFC_PHYS_s13_T2_ctrl,50,151,55.03333333333333,-0.7096779942512512,0.30056251685567004
UBFC_PHYS_s13_T2_ctrl,50,152,55.06666666666667,-0.7930160164833069,0.31267552170609236
UBFC_PHYS_s13_T2_ctrl,50,153,55.1,-0.81065833568573,0.26296794528905915
UBFC_PHYS_s13_T2_ctrl,50,154,55.13333333333333,-0.7051668763160706,0.17054230333767786
UBFC_PHYS_s13_T2_ctrl,50,155,55.166666666666664,-0.47658783197402954,0.06533221301495831
UBFC_PHYS_s13_T2_ctrl,50,156,55.2,-0.1979057639837265,-0.02500157521667728
UBFC_PHYS_s13_T2_ctrl,50,157,55.233333333333334,0.058767881244421005,-0.08538818297360004
UBFC_PHYS_s13_T2_ctrl,50,158,55.266666666666666,0.3223416209220886,-0.11767347072921432
UBFC_PHYS_s13_T2_ctrl,50,159,55.3,0.6708910465240479,-0.13857592572527314
UBFC_PHYS_s13_T2_ctrl,50,160,55.333333333333336,1.0619416236877441,-0.1728031475412272
UBFC_PHYS_s13_T2_ctrl,50,161,55.36666666666667,1.3678680658340454,-0.243682999328076
UBFC_PHYS_s13_T2_ctrl,50,162,55.4,1.5190569162368774,-0.36387404934128853
UBFC_PHYS_s13_T2_ctrl,50,163,55.43333333333333,1.5629056692123413,-0.5285375084598126
UBFC_PHYS_s13_T2_ctrl,50,164,55.46666666666667,1.6128175258636475,-0.7128421053008644
UBFC_PHYS_s13_T2_ctrl,50,165,55.5,1.7840771675109863,-0.8749846683476955
UBFC_PHYS_s13_T2_ctrl,50,166,55.53333333333333,2.032888650894165,-0.9650380551452595
UBFC_PHYS_s13_T2_ctrl,50,167,55.56666666666667,2.128122091293335,-0.938593935359727
UBFC_PHYS_s13_T2_ctrl,50,168,55.6,1.9314402341842651,-0.7722713269196811
UBFC_PHYS_s13_T2_ctrl,50,169,55.63333333333333,1.5765937566757202,-0.4762782412413307
UBFC_PHYS_s13_T2_ctrl,50,170,55.666666666666664,1.2298632860183716,-0.09844979580276718
UBFC_PHYS_s13_T2_ctrl,50,171,55.7,0.8739886283874512,0.28421902928532206
UBFC_PHYS_s13_T2_ctrl,50,172,55.733333333333334,0.635168194770813,0.5862063377270504
UBFC_PHYS_s13_T2_ctrl,50,173,55.766666666666666,0.584521472454071,0.7401894397338472
UBFC_PHYS_s13_T2_ctrl,50,174,55.8,0.5794304609298706,0.7195013947984511
UBFC_PHYS_s13_T2_ctrl,50,175,55.833333333333336,0.5414206981658936,0.546681659226907
UBFC_PHYS_s13_T2_ctrl,50,176,55.86666666666667,0.48690879344940186,0.28499283033442646
UBFC_PHYS_s13_T2_ctrl,50,177,55.9,0.4033203125,0.01741452622984578
UBFC_PHYS_s13_T2_ctrl,50,178,55.93333333333333,0.2666829526424408,-0.17859106107569322
UBFC_PHYS_s13_T2_ctrl,50,179,55.96666666666667,0.09756187349557877,-0.252513879719166
UBFC_PHYS_s13_T2_ctrl,50,180,56.0,-0.0437018908560276,-0.19267031600314494
UBFC_PHYS_s13_T2_ctrl,50,181,56.03333333333333,-0.1416902393102646,-0.026011873466176463
UBFC_PHYS_s13_T2_ctrl,50,182,56.06666666666667,-0.22697901725769043,0.1929354211004346
UBFC_PHYS_s13_T2_ctrl,50,183,56.1,-0.30881115794181824,0.39967527944812126
UBFC_PHYS_s13_T2_ctrl,50,184,56.13333333333333,-0.36074626445770264,0.5380332279832624
UBFC_PHYS_s13_T2_ctrl,50,185,56.166666666666664,-0.3833840489387512,0.5738484116724452
UBFC_PHYS_s13_T2_ctrl,50,186,56.2,-0.42447149753570557,0.5010914552886222
UBFC_PHYS_s13_T2_ctrl,50,187,56.233333333333334,-0.5176785588264465,0.34017680293778724
UBFC_PHYS_s13_T2_ctrl,50,188,56.266666666666666,-0.6375336050987244,0.13019000206299902
UBFC_PHYS_s13_T2_ctrl,50,189,56.3,-0.7381383180618286,-0.08224968171323573
UBFC_PHYS_s13_T2_ctrl,50,190,56.333333333333336,-0.820965588092804,-0.25444689484038946
UBFC_PHYS_s13_T2_ctrl,50,191,56.36666666666667,-0.9273039102554321,-0.3567453592147193
UBFC_PHYS_s13_T2_ctrl,50,192,56.4,-1.0780017375946045,-0.37765853275990513
UBFC_PHYS_s13_T2_ctrl,50,193,56.43333333333333,-1.2044800519943237,-0.3244299121503617
UBFC_PHYS_s13_T2_ctrl,50,194,56.46666666666667,-1.1906272172927856,-0.21914084796034297
UBFC_PHYS_s13_T2_ctrl,50,195,56.5,-1.0208338499069214,-0.09128702097350068
UBFC_PHYS_s13_T2_ctrl,50,196,56.53333333333333,-0.8272362947463989,0.031050140259837246
UBFC_PHYS_s13_T2_ctrl,50,197,56.56666666666667,-0.7349584698677063,0.12847196898401056
UBFC_PHYS_s13_T2_ctrl,50,198,56.6,-0.7263844609260559,0.19343661120748473
UBFC_PHYS_s13_T2_ctrl,50,199,56.63333333333333,-0.7044188976287842,0.22848765710474253
UBFC_PHYS_s13_T2_ctrl,50,200,56.666666666666664,-0.6532745957374573,0.24085132493733868
UBFC_PHYS_s13_T2_ctrl,50,201,56.7,-0.6482989192008972,0.23626111555399715
UBFC_PHYS_s13_T2_ctrl,50,202,56.733333333333334,-0.6983392834663391,0.21499161380026213
UBFC_PHYS_s13_T2_ctrl,50,203,56.766666666666666,-0.7344971895217896,0.1718211510419144
UBFC_PHYS_s13_T2_ctrl,50,204,56.8,-0.7466200590133667,0.09969984352472333
UBFC_PHYS_s13_T2_ctrl,50,205,56.833333333333336,-0.7592471241950989,-0.004725656505213677
UBFC_PHYS_s13_T2_ctrl,50,206,56.86666666666667,-0.7634649872779846,-0.1361754943202543
UBFC_PHYS_s13_T2_ctrl,50,207,56.9,-0.7523141503334045,-0.27844210659651125
UBFC_PHYS_s13_T2_ctrl,50,208,56.93333333333333,-0.6971794366836548,-0.4058506754606711
UBFC_PHYS_s13_T2_ctrl,50,209,56.96666666666667,-0.5477733016014099,-0.4884709793227108
UBFC_PHYS_s13_T2_ctrl,50,210,57.0,-0.3475326597690582,-0.5000180689803881
UBFC_PHYS_s13_T2_ctrl,50,211,57.03333333333333,-0.2209785133600235,-0.4264833846483339
UBFC_PHYS_s13_T2_ctrl,50,212,57.06666666666667,-0.1792781949043274,-0.2729283909034553
UBFC_PHYS_s13_T2_ctrl,50,213,57.1,-0.13361048698425293,-0.0658016228011427
UBFC_PHYS_s13_T2_ctrl,50,214,57.13333333333333,-0.057271383702754974,0.15109264780127846
UBFC_PHYS_s13_T2_ctrl,50,215,57.166666666666664,0.0012441728031262755,0.32706664793007373
UBFC_PHYS_s13_T2_ctrl,50,216,57.2,0.021562164649367332,0.419034751602526
UBFC_PHYS_s13_T2_ctrl,50,217,57.233333333333334,0.025232980027794838,0.4052348233743123
UBFC_PHYS_s13_T2_ctrl,50,218,57.266666666666666,0.025987572968006134,0.2925962613907277
UBFC_PHYS_s13_T2_ctrl,50,219,57.3,0.022600142285227776,0.1142666553712922
UBFC_PHYS_s13_T2_ctrl,50,220,57.333333333333336,0.013716375455260277,-0.0815573751032934
UBFC_PHYS_s13_T2_ctrl,50,221,57.36666666666667,0.009412889368832111,-0.24647024066702916
UBFC_PHYS_s13_T2_ctrl,50,222,57.4,0.03449239581823349,-0.34493859389146264
UBFC_PHYS_s13_T2_ctrl,50,223,57.43333333333333,0.09902162849903107,-0.3621599582885522
UBFC_PHYS_s13_T2_ctrl,50,224,57.46666666666667,0.18659725785255432,-0.30531034222059433
UBFC_PHYS_s13_T2_ctrl,50,225,57.5,0.28568288683891296,-0.19856631007884307
UBFC_PHYS_s13_T2_ctrl,50,226,57.53333333333333,0.4004403352737427,-0.07401641550632532
UBFC_PHYS_s13_T2_ctrl,50,227,57.56666666666667,0.601382851600647,0.038327870177458784
UBFC_PHYS_s13_T2_ctrl,50,228,57.6,1.0070672035217285,0.11836276652161863
UBFC_PHYS_s13_T2_ctrl,50,229,57.63333333333333,1.5196038484573364,0.1596261663757103
UBFC_PHYS_s13_T2_ctrl,50,230,57.666666666666664,1.7861696481704712,0.16842844630892467
UBFC_PHYS_s13_T2_ctrl,50,231,57.7,1.6339757442474365,0.15916916454011623
UBFC_PHYS_s13_T2_ctrl,50,232,57.733333333333334,1.2399629354476929,0.14758874534295577
UBFC_PHYS_s13_T2_ctrl,50,233,57.766666666666666,0.8399825096130371,0.1442911735115183
UBFC_PHYS_s13_T2_ctrl,50,234,57.8,0.6135551929473877,0.15094248837849747
UBFC_PHYS_s13_T2_ctrl,50,235,57.833333333333336,0.6359260678291321,0.16068208692281935
UBFC_PHYS_s13_T2_ctrl,50,236,57.86666666666667,0.7105780243873596,0.16244845263919075
UBFC_PHYS_s13_T2_ctrl,50,237,57.9,0.5603020191192627,0.14703776044408595
UBFC_PHYS_s13_T2_ctrl,50,238,57.93333333333333,0.1841094046831131,0.11191244945318313
UBFC_PHYS_s13_T2_ctrl,50,239,57.96666666666667,-0.2332167625427246,0.06254808303909666
UBFC_PHYS_s13_T2_ctrl,51,0,51.0,-0.6995058059692383,-0.10932358603983788
UBFC_PHYS_s13_T2_ctrl,51,1,51.03333333333333,-0.49515607953071594,-0.14408428327366918
UBFC_PHYS_s13_T2_ctrl,51,2,51.06666666666667,-0.25028571486473083,-0.17930495152882264
UBFC_PHYS_s13_T2_ctrl,51,3,51.1,-0.036267995834350586,-0.21646970272106836
UBFC_PHYS_s13_T2_ctrl,51,4,51.13333333333333,0.0748252272605896,-0.25439373171340784
UBFC_PHYS_s13_T2_ctrl,51,5,51.166666666666664,0.07754373550415039,-0.28886089208889015
UBFC_PHYS_s13_T2_ctrl,51,6,51.2,0.02342063933610916,-0.3138449010758896
UBFC_PHYS_s13_T2_ctrl,51,7,51.233333333333334,-0.03890742361545563,-0.3246814695557074
UBFC_PHYS_s13_T2_ctrl,51,8,51.266666666666666,-0.08611396700143814,-0.32185544378147696
UBFC_PHYS_s13_T2_ctrl,51,9,51.3,-0.10796751081943512,-0.3127040161396681
UBFC_PHYS_s13_T2_ctrl,51,10,51.333333333333336,-0.10937454551458359,-0.3090821659895555
UBFC_PHYS_s13_T2_ctrl,51,11,51.36666666666667,-0.11654482781887054,-0.32134954491086287
UBFC_PHYS_s13_T2_ctrl,51,12,51.4,-0.15941163897514343,-0.35128890594136186
UBFC_PHYS_s13_T2_ctrl,51,13,51.43333333333333,-0.24363936483860016,-0.38766078453886627
UBFC_PHYS_s13_T2_ctrl,51,14,51.46666666666667,-0.33368638157844543,-0.4075157677057863
UBFC_PHYS_s13_T2_ctrl,51,15,51.5,-0.3590987026691437,-0.38403937090676826
UBFC_PHYS_s13_T2_ctrl,51,16,51.53333333333333,-0.25521528720855713,-0.29833268867000273
UBFC_PHYS_s13_T2_ctrl,51,17,51.56666666666667,-0.042031239718198776,-0.14983969293023844
UBFC_PHYS_s13_T2_ctrl,51,18,51.6,0.1885479837656021,0.04017124370626553
UBFC_PHYS_s13_T2_ctrl,51,19,51.63333333333333,0.35036370158195496,0.2349130687614855
UBFC_PHYS_s13_T2_ctrl,51,20,51.666666666666664,0.41897234320640564,0.39612307646551537
UBFC_PHYS_s13_T2_ctrl,51,21,51.7,0.40415069460868835,0.49929280101301704
UBFC_PHYS_s13_T2_ctrl,51,22,51.733333333333334,0.31604453921318054,0.542224504539308
UBFC_PHYS_s13_T2_ctrl,51,23,51.766666666666666,0.18547029793262482,0.5424610398444281
UBFC_PHYS_s13_T2_ctrl,51,24,51.8,0.06744076311588287,0.525833797950357
UBFC_PHYS_s13_T2_ctrl,51,25,51.833333333333336,-0.012035345658659935,0.5133474947638579
UBFC_PHYS_s13_T2_ctrl,51,26,51.86666666666667,-0.06623753160238266,0.5130828527584116
UBFC_PHYS_s13_T2_ctrl,51,27,51.9,-0.09977243095636368,0.5195407432498973
UBFC_PHYS_s13_T2_ctrl,51,28,51.93333333333333,-0.08607113361358643,0.5187887700500201
UBFC_PHYS_s13_T2_ctrl,51,29,51.96666666666667,-0.011399378068745136,0.4957732342981077
UBFC_PHYS_s13_T2_ctrl,51,30,52.0,0.08179450035095215,0.4403149976220941
UBFC_PHYS_s13_T2_ctrl,51,31,52.03333333333333,0.1317821741104126,0.3499144334452605
UBFC_PHYS_s13_T2_ctrl,51,32,52.06666666666667,0.13623394072055817,0.2294475985587475
UBFC_PHYS_s13_T2_ctrl,51,33,52.1,0.14243213832378387,0.08908245723208308
UBFC_PHYS_s13_T2_ctrl,51,34,52.13333333333333,0.18694983422756195,-0.05820189147959188
UBFC_PHYS_s13_T2_ctrl,51,35,52.166666666666664,0.26327577233314514,-0.19884838714309797
UBFC_PHYS_s13_T2_ctrl,51,36,52.2,0.3415755033493042,-0.32078048383745905
UBFC_PHYS_s13_T2_ctrl,51,37,52.233333333333334,0.39715835452079773,-0.4154294211117243
UBFC_PHYS_s13_T2_ctrl,51,38,52.266666666666666,0.4094690978527069,-0.47929556891610714
UBFC_PHYS_s13_T2_ctrl,51,39,52.3,0.367465615272522,-0.5141768386747771
UBFC_PHYS_s13_T2_ctrl,51,40,52.333333333333336,0.289505273103714,-0.5256313545571677
UBFC_PHYS_s13_T2_ctrl,51,41,52.36666666666667,0.20745894312858582,-0.5203395819565938
UBFC_PHYS_s13_T2_ctrl,51,42,52.4,0.13514652848243713,-0.5039406461248956
UBFC_PHYS_s13_T2_ctrl,51,43,52.43333333333333,0.06564489752054214,-0.4806843222175018
UBFC_PHYS_s13_T2_ctrl,51,44,52.46666666666667,-0.011659696698188782,-0.4546831763388192
UBFC_PHYS_s13_T2_ctrl,51,45,52.5,-0.09431563317775726,-0.43085168437376464
UBFC_PHYS_s13_T2_ctrl,51,46,52.53333333333333,-0.16093070805072784,-0.4133368821647333
UBFC_PHYS_s13_T2_ctrl,51,47,52.56666666666667,-0.19578367471694946,-0.4011323913927328
UBFC_PHYS_s13_T2_ctrl,51,48,52.6,-0.21022309362888336,-0.383685988296344
UBFC_PHYS_s13_T2_ctrl,51,49,52.63333333333333,-0.23001056909561157,-0.34080246085334265
UBFC_PHYS_s13_T2_ctrl,51,50,52.666666666666664,-0.2623690962791443,-0.2490882636528984
UBFC_PHYS_s13_T2_ctrl,51,51,52.7,-0.2759913206100464,-0.09314004412408572
UBFC_PHYS_s13_T2_ctrl,51,52,52.733333333333334,-0.2260662466287613,0.1235107751541442
UBFC_PHYS_s13_T2_ctrl,51,53,52.766666666666666,-0.1125873327255249,0.37354983433767286
UBFC_PHYS_s13_T2_ctrl,51,54,52.8,0.006298957392573357,0.6111175095173966
UBFC_PHYS_s13_T2_ctrl,51,55,52.833333333333336,0.08568279445171356,0.7865888987299487
UBFC_PHYS_s13_T2_ctrl,51,56,52.86666666666667,0.1354266256093979,0.86480815767743
UBFC_PHYS_s13_T2_ctrl,51,57,52.9,0.18617546558380127,0.8379767373764656
UBFC_PHYS_s13_T2_ctrl,51,58,52.93333333333333,0.25142964720726013,0.7270497192943245
UBFC_PHYS_s13_T2_ctrl,51,59,52.96666666666667,0.32967665791511536,0.5716219468286012
UBFC_PHYS_s13_T2_ctrl,51,60,53.0,0.40890562534332275,0.41389221519432184
UBFC_PHYS_s13_T2_ctrl,51,61,53.03333333333333,0.4627552032470703,0.28434205140718444
UBFC_PHYS_s13_T2_ctrl,51,62,53.06666666666667,0.48030197620391846,0.19453231142342112
UBFC_PHYS_s13_T2_ctrl,51,63,53.1,0.48206818103790283,0.1380203775690253
UBFC_PHYS_s13_T2_ctrl,51,64,53.13333333333333,0.4895152449607849,0.0967902499242358
UBFC_PHYS_s13_T2_ctrl,51,65,53.166666666666664,0.5049102902412415,0.04937499270661332
UBFC_PHYS_s13_T2_ctrl,51,66,53.2,0.5193562507629395,-0.022100019587364916
UBFC_PHYS_s13_T2_ctrl,51,67,53.233333333333334,0.5090457201004028,-0.1270211822672745
UBFC_PHYS_s13_T2_ctrl,51,68,53.266666666666666,0.44100382924079895,-0.26373707691643905
UBFC_PHYS_s13_T2_ctrl,51,69,53.3,0.32311928272247314,-0.41944335182931236
UBFC_PHYS_s13_T2_ctrl,51,70,53.333333333333336,0.21692925691604614,-0.5725061246852522
UBFC_PHYS_s13_T2_ctrl,51,71,53.36666666666667,0.1668097823858261,-0.6969649736613303
UBFC_PHYS_s13_T2_ctrl,51,72,53.4,0.1485908031463623,-0.7685882921652968
UBFC_PHYS_s13_T2_ctrl,51,73,53.43333333333333,0.11261748522520065,-0.7713574134207127
UBFC_PHYS_s13_T2_ctrl,51,74,53.46666666666667,0.04521157220005989,-0.702677048517009
UBFC_PHYS_s13_T2_ctrl,51,75,53.5,-0.03861085698008537,-0.5752000935296517
UBFC_PHYS_s13_T2_ctrl,51,76,53.53333333333333,-0.12074945867061615,-0.4134835713371072
UBFC_PHYS_s13_T2_ctrl,51,77,53.56666666666667,-0.1743156760931015,-0.24556142566024036
UBFC_PHYS_s13_T2_ctrl,51,78,53.6,-0.17116549611091614,-0.09260841686406464
UBFC_PHYS_s13_T2_ctrl,51,79,53.63333333333333,-0.11267630010843277,0.038193441004022534
UBFC_PHYS_s13_T2_ctrl,51,80,53.666666666666664,-0.03610653057694435,0.15372019218664967
UBFC_PHYS_s13_T2_ctrl,51,81,53.7,0.021067891269922256,0.26781444069019167
UBFC_PHYS_s13_T2_ctrl,51,82,53.733333333333334,0.05806930735707283,0.3909268030346936
UBFC_PHYS_s13_T2_ctrl,51,83,53.766666666666666,0.10611941665410995,0.5221658240695222
UBFC_PHYS_s13_T2_ctrl,51,84,53.8,0.1873123049736023,0.6478848207021717
UBFC_PHYS_s13_T2_ctrl,51,85,53.833333333333336,0.2822229564189911,0.7470639728054954
UBFC_PHYS_s13_T2_ctrl,51,86,53.86666666666667,0.34751996397972107,0.7999323654816298
UBFC_PHYS_s13_T2_ctrl,51,87,53.9,0.3675743639469147,0.7950195789394215
UBFC_PHYS_s13_T2_ctrl,51,88,53.93333333333333,0.3833153545856476,0.731863082677313
UBFC_PHYS_s13_T2_ctrl,51,89,53.96666666666667,0.4466649293899536,0.6196573017935002
UBFC_PHYS_s13_T2_ctrl,51,90,54.0,0.5437932014465332,0.47366844487794235
UBFC_PHYS_s13_T2_ctrl,51,91,54.03333333333333,0.5823367834091187,0.31119001655144984
UBFC_PHYS_s13_T2_ctrl,51,92,54.06666666666667,0.485518217086792,0.14822704094591066
UBFC_PHYS_s13_T2_ctrl,51,93,54.1,0.26537808775901794,-0.0026447941538280473
UBFC_PHYS_s13_T2_ctrl,51,94,54.13333333333333,-0.006647749338299036,-0.13351751785995103
UBFC_PHYS_s13_T2_ctrl,51,95,54.166666666666664,-0.27317723631858826,-0.24188877335764
UBFC_PHYS_s13_T2_ctrl,51,96,54.2,-0.507440447807312,-0.33068641970982726
UBFC_PHYS_s13_T2_ctrl,51,97,54.233333333333334,-0.6893599629402161,-0.4069054138137002
UBFC_PHYS_s13_T2_ctrl,51,98,54.266666666666666,-0.8153407573699951,-0.47865727658820284
UBFC_PHYS_s13_T2_ctrl,51,99,54.3,-0.9095132946968079,-0.55138877621215
UBFC_PHYS_s13_T2_ctrl,51,100,54.333333333333336,-0.976728081703186,-0.6246260109213165
UBFC_PHYS_s13_T2_ctrl,51,101,54.36666666666667,-0.9870156049728394,-0.6906284148232962
UBFC_PHYS_s13_T2_ctrl,51,102,54.4,-0.9385964274406433,-0.7358838088564305
UBFC_PHYS_s13_T2_ctrl,51,103,54.43333333333333,-0.8925431966781616,-0.7454182437359158
UBFC_PHYS_s13_T2_ctrl,51,104,54.46666666666667,-0.8968895077705383,-0.7085952638621931
UBFC_PHYS_s13_T2_ctrl,51,105,54.5,-0.8932121396064758,-0.6240396127835823
UBFC_PHYS_s13_T2_ctrl,51,106,54.53333333333333,-0.764410674571991,-0.5012587417425585
UBFC_PHYS_s13_T2_ctrl,51,107,54.56666666666667,-0.5171710848808289,-0.3578700116400235
UBFC_PHYS_s13_T2_ctrl,51,108,54.6,-0.2847004234790802,-0.21366133958504294
UBFC_PHYS_s13_T2_ctrl,51,109,54.63333333333333,-0.1525939404964447,-0.08453350958359446
UBFC_PHYS_s13_T2_ctrl,51,110,54.666666666666664,-0.05768986791372299,0.020718809493119928
UBFC_PHYS_s13_T2_ctrl,51,111,54.7,0.10167423635721207,0.10000756062838306
UBFC_PHYS_s13_T2_ctrl,51,112,54.733333333333334,0.28552141785621643,0.15601296181994864
UBFC_PHYS_s13_T2_ctrl,51,113,54.766666666666666,0.2999245822429657,0.1956122386203084
UBFC_PHYS_s13_T2_ctrl,51,114,54.8,0.062329959124326706,0.2311399106391088
UBFC_PHYS_s13_T2_ctrl,51,115,54.833333333333336,-0.23500274121761322,0.2807069735532892
UBFC_PHYS_s13_T2_ctrl,51,116,54.86666666666667,-0.3948182761669159,0.36410342303267884
UBFC_PHYS_s13_T2_ctrl,51,117,54.9,-0.44672372937202454,0.49360911095384474
UBFC_PHYS_s13_T2_ctrl,51,118,54.93333333333333,-0.49966058135032654,0.6636844090643723
UBFC_PHYS_s13_T2_ctrl,51,119,54.96666666666667,-0.5647401213645935,0.8464713580310156
UBFC_PHYS_s13_T2_ctrl,51,120,55.0,-0.6275888085365295,0.9983781433550326
UBFC_PHYS_s13_T2_ctrl,51,121,55.03333333333333,-0.7096779942512512,1.0767706851658787
UBFC_PHYS_s13_T2_ctrl,51,122,55.06666666666667,-0.7930160164833069,1.0584451725294555
UBFC_PHYS_s13_T2_ctrl,51,123,55.1,-0.81065833568573,0.9492279365447266
UBFC_PHYS_s13_T2_ctrl,51,124,55.13333333333333,-0.7051668763160706,0.7796565080192496
UBFC_PHYS_s13_T2_ctrl,51,125,55.166666666666664,-0.47658783197402954,0.5902405732042012
UBFC_PHYS_s13_T2_ctrl,51,126,55.2,-0.1979057639837265,0.41457127976861663
UBFC_PHYS_s13_T2_ctrl,51,127,55.233333333333334,0.058767881244421005,0.2678920478801128
UBFC_PHYS_s13_T2_ctrl,51,128,55.266666666666666,0.3223416209220886,0.14467915244707655
UBFC_PHYS_s13_T2_ctrl,51,129,55.3,0.6708910465240479,0.02424387173897781
UBFC_PHYS_s13_T2_ctrl,51,130,55.333333333333336,1.0619416236877441,-0.11934068012160616
UBFC_PHYS_s13_T2_ctrl,51,131,55.36666666666667,1.3678680658340454,-0.3070614072973252
UBFC_PHYS_s13_T2_ctrl,51,132,55.4,1.5190569162368774,-0.5473867641317796
UBFC_PHYS_s13_T2_ctrl,51,133,55.43333333333333,1.5629056692123413,-0.8323328434286892
UBFC_PHYS_s13_T2_ctrl,51,134,55.46666666666667,1.6128175258636475,-1.1368385426706167
UBFC_PHYS_s13_T2_ctrl,51,135,55.5,1.7840771675109863,-1.4209538963892645
UBFC_PHYS_s13_T2_ctrl,51,136,55.53333333333333,2.032888650894165,-1.6352348104902674
UBFC_PHYS_s13_T2_ctrl,51,137,55.56666666666667,2.128122091293335,-1.7301772895313265
UBFC_PHYS_s13_T2_ctrl,51,138,55.6,1.9314402341842651,-1.6692448491643386
UBFC_PHYS_s13_T2_ctrl,51,139,55.63333333333333,1.5765937566757202,-1.442486153253841
UBFC_PHYS_s13_T2_ctrl,51,140,55.666666666666664,1.2298632860183716,-1.0754469980379078
UBFC_PHYS_s13_T2_ctrl,51,141,55.7,0.8739886283874512,-0.6276230680182169
UBFC_PHYS_s13_T2_ctrl,51,142,55.733333333333334,0.635168194770813,-0.17736547021118723
UBFC_PHYS_s13_T2_ctrl,51,143,55.766666666666666,0.584521472454071,0.20343394829028538
UBFC_PHYS_s13_T2_ctrl,51,144,55.8,0.5794304609298706,0.47390101880767455
UBFC_PHYS_s13_T2_ctrl,51,145,55.833333333333336,0.5414206981658936,0.6349898308319359
UBFC_PHYS_s13_T2_ctrl,51,146,55.86666666666667,0.48690879344940186,0.7209910177657505
UBFC_PHYS_s13_T2_ctrl,51,147,55.9,0.4033203125,0.7774185263431174
UBFC_PHYS_s13_T2_ctrl,51,148,55.93333333333333,0.2666829526424408,0.8376855737488099
UBFC_PHYS_s13_T2_ctrl,51,149,55.96666666666667,0.09756187349557877,0.9100615973013649
UBFC_PHYS_s13_T2_ctrl,51,150,56.0,-0.0437018908560276,0.979500710339562
UBFC_PHYS_s13_T2_ctrl,51,151,56.03333333333333,-0.1416902393102646,1.0204708237295654
UBFC_PHYS_s13_T2_ctrl,51,152,56.06666666666667,-0.22697901725769043,1.0116978994026626
UBFC_PHYS_s13_T2_ctrl,51,153,56.1,-0.30881115794181824,0.9445711499702385
UBFC_PHYS_s13_T2_ctrl,51,154,56.13333333333333,-0.36074626445770264,0.8229247478342223
UBFC_PHYS_s13_T2_ctrl,51,155,56.166666666666664,-0.3833840489387512,0.6580064371474131
UBFC_PHYS_s13_T2_ctrl,51,156,56.2,-0.42447149753570557,0.46406225008403684
UBFC_PHYS_s13_T2_ctrl,51,157,56.233333333333334,-0.5176785588264465,0.25719546713613267
UBFC_PHYS_s13_T2_ctrl,51,158,56.266666666666666,-0.6375336050987244,0.05611113112130406
UBFC_PHYS_s13_T2_ctrl,51,159,56.3,-0.7381383180618286,-0.11861137024402992
UBFC_PHYS_s13_T2_ctrl,51,160,56.333333333333336,-0.820965588092804,-0.24853731674278873
UBFC_PHYS_s13_T2_ctrl,51,161,56.36666666666667,-0.9273039102554321,-0.32332335109373317
UBFC_PHYS_s13_T2_ctrl,51,162,56.4,-1.0780017375946045,-0.3452175709680378
UBFC_PHYS_s13_T2_ctrl,51,163,56.43333333333333,-1.2044800519943237,-0.32901626993169764
UBFC_PHYS_s13_T2_ctrl,51,164,56.46666666666667,-1.1906272172927856,-0.2965701278315125
UBFC_PHYS_s13_T2_ctrl,51,165,56.5,-1.0208338499069214,-0.267919833577836
UBFC_PHYS_s13_T2_ctrl,51,166,56.53333333333333,-0.8272362947463989,-0.25337628226535086
UBFC_PHYS_s13_T2_ctrl,51,167,56.56666666666667,-0.7349584698677063,-0.25080661524736636
UBFC_PHYS_s13_T2_ctrl,51,168,56.6,-0.7263844609260559,-0.24967127656039723
UBFC_PHYS_s13_T2_ctrl,51,169,56.63333333333333,-0.7044188976287842,-0.23956007232315973
UBFC_PHYS_s13_T2_ctrl,51,170,56.666666666666664,-0.6532745957374573,-0.21838263602478536
UBFC_PHYS_s13_T2_ctrl,51,171,56.7,-0.6482989192008972,-0.195466426062497
UBFC_PHYS_s13_T2_ctrl,51,172,56.733333333333334,-0.6983392834663391,-0.18766376033671409
UBFC_PHYS_s13_T2_ctrl,51,173,56.766666666666666,-0.7344971895217896,-0.21063412494798664
UBFC_PHYS_s13_T2_ctrl,51,174,56.8,-0.7466200590133667,-0.2704003481772026
UBFC_PHYS_s13_T2_ctrl,51,175,56.833333333333336,-0.7592471241950989,-0.3599920119454329
UBFC_PHYS_s13_T2_ctrl,51,176,56.86666666666667,-0.7634649872779846,-0.4623658701221592
UBFC_PHYS_s13_T2_ctrl,51,177,56.9,-0.7523141503334045,-0.556689348391366
UBFC_PHYS_s13_T2_ctrl,51,178,56.93333333333333,-0.6971794366836548,-0.623639932849712
UBFC_PHYS_s13_T2_ctrl,51,179,56.96666666666667,-0.5477733016014099,-0.6472666309957447
UBFC_PHYS_s13_T2_ctrl,51,180,57.0,-0.3475326597690582,-0.6145009616893459
UBFC_PHYS_s13_T2_ctrl,51,181,57.03333333333333,-0.2209785133600235,-0.5156146386620989
UBFC_PHYS_s13_T2_ctrl,51,182,57.06666666666667,-0.1792781949043274,-0.3478443345557285
UBFC_PHYS_s13_T2_ctrl,51,183,57.1,-0.13361048698425293,-0.12103338686655556
UBFC_PHYS_s13_T2_ctrl,51,184,57.13333333333333,-0.057271383702754974,0.1388673544926323
UBFC_PHYS_s13_T2_ctrl,51,185,57.166666666666664,0.0012441728031262755,0.3928419660737298
UBFC_PHYS_s13_T2_ctrl,51,186,57.2,0.021562164649367332,0.5995531443343373
UBFC_PHYS_s13_T2_ctrl,51,187,57.233333333333334,0.025232980027794838,0.7299932729663949
UBFC_PHYS_s13_T2_ctrl,51,188,57.266666666666666,0.025987572968006134,0.7787377566589359
UBFC_PHYS_s13_T2_ctrl,51,189,57.3,0.022600142285227776,0.7652532390938791
UBFC_PHYS_s13_T2_ctrl,51,190,57.333333333333336,0.013716375455260277,0.7240309565081058
UBFC_PHYS_s13_T2_ctrl,51,191,57.36666666666667,0.009412889368832111,0.6885995649891874
UBFC_PHYS_s13_T2_ctrl,51,192,57.4,0.03449239581823349,0.6774957405343943
UBFC_PHYS_s13_T2_ctrl,51,193,57.43333333333333,0.09902162849903107,0.6886568287374261
UBFC_PHYS_s13_T2_ctrl,51,194,57.46666666666667,0.18659725785255432,0.7037827379684686
UBFC_PHYS_s13_T2_ctrl,51,195,57.5,0.28568288683891296,0.6989838166411785
UBFC_PHYS_s13_T2_ctrl,51,196,57.53333333333333,0.4004403352737427,0.6554316215314022
UBFC_PHYS_s13_T2_ctrl,51,197,57.56666666666667,0.601382851600647,0.5650226398061415
UBFC_PHYS_s13_T2_ctrl,51,198,57.6,1.0070672035217285,0.430149718433897
UBFC_PHYS_s13_T2_ctrl,51,199,57.63333333333333,1.5196038484573364,0.2602277012846774
UBFC_PHYS_s13_T2_ctrl,51,200,57.666666666666664,1.7861696481704712,0.06805936047227479
UBFC_PHYS_s13_T2_ctrl,51,201,57.7,1.6339757442474365,-0.1327557927198234
UBFC_PHYS_s13_T2_ctrl,51,202,57.733333333333334,1.2399629354476929,-0.32999702338657255
UBFC_PHYS_s13_T2_ctrl,51,203,57.766666666666666,0.8399825096130371,-0.5153901653835526
UBFC_PHYS_s13_T2_ctrl,51,204,57.8,0.6135551929473877,-0.6869174077113858
UBFC_PHYS_s13_T2_ctrl,51,205,57.833333333333336,0.6359260678291321,-0.8488821688177358
UBFC_PHYS_s13_T2_ctrl,51,206,57.86666666666667,0.7105780243873596,-1.0081959877702982
UBFC_PHYS_s13_T2_ctrl,51,207,57.9,0.5603020191192627,-1.167366467040783
UBFC_PHYS_s13_T2_ctrl,51,208,57.93333333333333,0.1841094046831131,-1.3168992546467446
UBFC_PHYS_s13_T2_ctrl,51,209,57.96666666666667,-0.2332167625427246,-1.4310573848056958
UBFC_PHYS_s13_T2_ctrl,51,210,58.0,-0.605890154838562,-1.470416640725832
UBFC_PHYS_s13_T2_ctrl,51,211,58.03333333333333,-0.9352452754974365,-1.3924161377884052
UBFC_PHYS_s13_T2_ctrl,51,212,58.06666666666667,-1.2393231391906738,-1.167691055283356
UBFC_PHYS_s13_T2_ctrl,51,213,58.1,-1.5924330949783325,-0.7962394403259603
UBFC_PHYS_s13_T2_ctrl,51,214,58.13333333333333,-2.073580026626587,-0.3151993804873576
UBFC_PHYS_s13_T2_ctrl,51,215,58.166666666666664,-2.5664479732513428,0.2079181780315715
UBFC_PHYS_s13_T2_ctrl,51,216,58.2,-2.797712564468384,0.6955916891020264
UBFC_PHYS_s13_T2_ctrl,51,217,58.233333333333334,-2.6550285816192627,1.0852831195462012
UBFC_PHYS_s13_T2_ctrl,51,218,58.266666666666666,-2.3115437030792236,1.3467332031748422
UBFC_PHYS_s13_T2_ctrl,51,219,58.3,-2.0153939723968506,1.4834387978894321
UBFC_PHYS_s13_T2_ctrl,51,220,58.333333333333336,-1.9029167890548706,1.5199871023470068
UBFC_PHYS_s13_T2_ctrl,51,221,58.36666666666667,-1.9815361499786377,1.484838500348809
UBFC_PHYS_s13_T2_ctrl,51,222,58.4,-2.080054998397827,1.3982337738213817
UBFC_PHYS_s13_T2_ctrl,51,223,58.43333333333333,-2.0368192195892334,1.2690664286565243
UBFC_PHYS_s13_T2_ctrl,51,224,58.46666666666667,-1.923208475112915,1.0984271867907378
UBFC_PHYS_s13_T2_ctrl,51,225,58.5,-1.9566938877105713,0.8849476891824513
UBFC_PHYS_s13_T2_ctrl,51,226,58.53333333333333,-2.1234984397888184,0.628664546365553
UBFC_PHYS_s13_T2_ctrl,51,227,58.56666666666667,-2.238506317138672,0.3331557860728376
UBFC_PHYS_s13_T2_ctrl,51,228,58.6,-2.060274124145508,0.007118102811691651
UBFC_PHYS_s13_T2_ctrl,51,229,58.63333333333333,-1.2174992561340332,-0.33396314752083306
UBFC_PHYS_s13_T2_ctrl,51,230,58.666666666666664,-0.032761938869953156,-0.6666334104112458
UBFC_PHYS_s13_T2_ctrl,51,231,58.7,0.7716737389564514,-0.960372093746866
UBFC_PHYS_s13_T2_ctrl,51,232,58.733333333333334,1.077241063117981,-1.1822135839851824
UBFC_PHYS_s13_T2_ctrl,51,233,58.766666666666666,1.111194372177124,-1.3050674530239972
UBFC_PHYS_s13_T2_ctrl,51,234,58.8,1.0362293720245361,-1.3167900789304514
UBFC_PHYS_s13_T2_ctrl,51,235,58.833333333333336,0.9705830812454224,-1.2250941094876457
UBFC_PHYS_s13_T2_ctrl,51,236,58.86666666666667,0.9746856093406677,-1.0545211001859716
UBFC_PHYS_s13_T2_ctrl,51,237,58.9,0.9987336993217468,-0.8360062325275779
UBFC_PHYS_s13_T2_ctrl,51,238,58.93333333333333,0.9909175634384155,-0.5946833751126805
UBFC_PHYS_s13_T2_ctrl,51,239,58.96666666666667,1.0010172128677368,-0.3433622070665884
UBFC_PHYS_s13_T2_ctrl,52,0,52.0,0.08179450035095215,0.057590202471601154
UBFC_PHYS_s13_T2_ctrl,52,1,52.03333333333333,0.1317821741104126,-0.0005386588987115715
UBFC_PHYS_s13_T2_ctrl,52,2,52.06666666666667,0.13623394072055817,-0.046504626383467314
UBFC_PHYS_s13_T2_ctrl,52,3,52.1,0.14243213832378387,-0.07070644722602765
UBFC_PHYS_s13_T2_ctrl,52,4,52.13333333333333,0.18694983422756195,-0.06845666878869708
UBFC_PHYS_s13_T2_ctrl,52,5,52.166666666666664,0.26327577233314514,-0.04148609426533604
UBFC_PHYS_s13_T2_ctrl,52,6,52.2,0.3415755033493042,0.0023838532820113154
UBFC_PHYS_s13_T2_ctrl,52,7,52.233333333333334,0.39715835452079773,0.05178569144274921
UBFC_PHYS_s13_T2_ctrl,52,8,52.266666666666666,0.4094690978527069,0.09565727483993525
UBFC_PHYS_s13_T2_ctrl,52,9,52.3,0.367465615272522,0.12658984875306578
UBFC_PHYS_s13_T2_ctrl,52,10,52.333333333333336,0.289505273103714,0.14211107419543914
UBFC_PHYS_s13_T2_ctrl,52,11,52.36666666666667,0.20745894312858582,0.1434970917892196
UBFC_PHYS_s13_T2_ctrl,52,12,52.4,0.13514652848243713,0.13298965955909473
UBFC_PHYS_s13_T2_ctrl,52,13,52.43333333333333,0.06564489752054214,0.11102229629588871
UBFC_PHYS_s13_T2_ctrl,52,14,52.46666666666667,-0.011659696698188782,0.0749396167247275
UBFC_PHYS_s13_T2_ctrl,52,15,52.5,-0.09431563317775726,0.019961645050406374
UBFC_PHYS_s13_T2_ctrl,52,16,52.53333333333333,-0.16093070805072784,-0.0577874206884081
UBFC_PHYS_s13_T2_ctrl,52,17,52.56666666666667,-0.19578367471694946,-0.15728347279337895
UBFC_PHYS_s13_T2_ctrl,52,18,52.6,-0.21022309362888336,-0.26942423549051947
UBFC_PHYS_s13_T2_ctrl,52,19,52.63333333333333,-0.23001056909561157,-0.37650146177208116
UBFC_PHYS_s13_T2_ctrl,52,20,52.666666666666664,-0.2623690962791443,-0.45532197832635213
UBFC_PHYS_s13_T2_ctrl,52,21,52.7,-0.2759913206100464,-0.48352221653612565
UBFC_PHYS_s13_T2_ctrl,52,22,52.733333333333334,-0.2260662466287613,-0.447129690040602
UBFC_PHYS_s13_T2_ctrl,52,23,52.766666666666666,-0.1125873327255249,-0.34650436507858057
UBFC_PHYS_s13_T2_ctrl,52,24,52.8,0.006298957392573357,-0.19794754805121012
UBFC_PHYS_s13_T2_ctrl,52,25,52.833333333333336,0.08568279445171356,-0.029753084861057606
UBFC_PHYS_s13_T2_ctrl,52,26,52.86666666666667,0.1354266256093979,0.1261122157130737
UBFC_PHYS_s13_T2_ctrl,52,27,52.9,0.18617546558380127,0.24346265501016542
UBFC_PHYS_s13_T2_ctrl,52,28,52.93333333333333,0.25142964720726013,0.3087932315270389
UBFC_PHYS_s13_T2_ctrl,52,29,52.96666666666667,0.32967665791511536,0.3233108854716326
UBFC_PHYS_s13_T2_ctrl,52,30,53.0,0.40890562534332275,0.30016658950265734
UBFC_PHYS_s13_T2_ctrl,52,31,53.03333333333333,0.4627552032470703,0.2587799396999711
UBFC_PHYS_s13_T2_ctrl,52,32,53.06666666666667,0.48030197620391846,0.21841158551935952
UBFC_PHYS_s13_T2_ctrl,52,33,53.1,0.48206818103790283,0.19248991499787677
UBFC_PHYS_s13_T2_ctrl,52,34,53.13333333333333,0.4895152449607849,0.1847095475673551
UBFC_PHYS_s13_T2_ctrl,52,35,53.166666666666664,0.5049102902412415,0.18775017138961264
UBFC_PHYS_s13_T2_ctrl,52,36,53.2,0.5193562507629395,0.18521768851430634
UBFC_PHYS_s13_T2_ctrl,52,37,53.233333333333334,0.5090457201004028,0.15675477703906435
UBFC_PHYS_s13_T2_ctrl,52,38,53.266666666666666,0.44100382924079895,0.08520753413205995
UBFC_PHYS_s13_T2_ctrl,52,39,53.3,0.32311928272247314,-0.03626018419950147
UBFC_PHYS_s13_T2_ctrl,52,40,53.333333333333336,0.21692925691604614,-0.1995557795806358
UBFC_PHYS_s13_T2_ctrl,52,41,53.36666666666667,0.1668097823858261,-0.38141529431739707
UBFC_PHYS_s13_T2_ctrl,52,42,53.4,0.1485908031463623,-0.5480174248530765
UBFC_PHYS_s13_T2_ctrl,52,43,53.43333333333333,0.11261748522520065,-0.6633192758894763
UBFC_PHYS_s13_T2_ctrl,52,44,53.46666666666667,0.04521157220005989,-0.6987349790723807
UBFC_PHYS_s13_T2_ctrl,52,45,53.5,-0.03861085698008537,-0.6412795913010404
UBFC_PHYS_s13_T2_ctrl,52,46,53.53333333333333,-0.12074945867061615,-0.4976227688543303
UBFC_PHYS_s13_T2_ctrl,52,47,53.56666666666667,-0.1743156760931015,-0.29245836210626286
UBFC_PHYS_s13_T2_ctrl,52,48,53.6,-0.17116549611091614,-0.06111306352356579
UBFC_PHYS_s13_T2_ctrl,52,49,53.63333333333333,-0.11267630010843277,0.16137424891478833
UBFC_PHYS_s13_T2_ctrl,52,50,53.666666666666664,-0.03610653057694435,0.3500719575865106
UBFC_PHYS_s13_T2_ctrl,52,51,53.7,0.021067891269922256,0.49423514496130905
UBFC_PHYS_s13_T2_ctrl,52,52,53.733333333333334,0.05806930735707283,0.5945304163988188
UBFC_PHYS_s13_T2_ctrl,52,53,53.766666666666666,0.10611941665410995,0.6564732424942523
UBFC_PHYS_s13_T2_ctrl,52,54,53.8,0.1873123049736023,0.684573434229439
UBFC_PHYS_s13_T2_ctrl,52,55,53.833333333333336,0.2822229564189911,0.6801039127835298
UBFC_PHYS_s13_T2_ctrl,52,56,53.86666666666667,0.34751996397972107,0.6426033115255229
UBFC_PHYS_s13_T2_ctrl,52,57,53.9,0.3675743639469147,0.5731531309041467
UBFC_PHYS_s13_T2_ctrl,52,58,53.93333333333333,0.3833153545856476,0.47714370508456283
UBFC_PHYS_s13_T2_ctrl,52,59,53.96666666666667,0.4466649293899536,0.3650227693779933
UBFC_PHYS_s13_T2_ctrl,52,60,54.0,0.5437932014465332,0.2504310548171373
UBFC_PHYS_s13_T2_ctrl,52,61,54.03333333333333,0.5823367834091187,0.146221915168551
UBFC_PHYS_s13_T2_ctrl,52,62,54.06666666666667,0.485518217086792,0.060161681778621724
UBFC_PHYS_s13_T2_ctrl,52,63,54.1,0.26537808775901794,-0.007445100215251547
UBFC_PHYS_s13_T2_ctrl,52,64,54.13333333333333,-0.006647749338299036,-0.06308320567458509
UBFC_PHYS_s13_T2_ctrl,52,65,54.166666666666664,-0.27317723631858826,-0.11690871977033655
UBFC_PHYS_s13_T2_ctrl,52,66,54.2,-0.507440447807312,-0.17877634846610832
UBFC_PHYS_s13_T2_ctrl,52,67,54.233333333333334,-0.6893599629402161,-0.25499301931681645
UBFC_PHYS_s13_T2_ctrl,52,68,54.266666666666666,-0.8153407573699951,-0.34674322544558334
UBFC_PHYS_s13_T2_ctrl,52,69,54.3,-0.9095132946968079,-0.45021881704403727
UBFC_PHYS_s13_T2_ctrl,52,70,54.333333333333336,-0.976728081703186,-0.5577071316960563
UBFC_PHYS_s13_T2_ctrl,52,71,54.36666666666667,-0.9870156049728394,-0.6588084598615765
UBFC_PHYS_s13_T2_ctrl,52,72,54.4,-0.9385964274406433,-0.741628587674551
UBFC_PHYS_s13_T2_ctrl,52,73,54.43333333333333,-0.8925431966781616,-0.7943253506746772
UBFC_PHYS_s13_T2_ctrl,52,74,54.46666666666667,-0.8968895077705383,-0.8070721604885692
UBFC_PHYS_s13_T2_ctrl,52,75,54.5,-0.8932121396064758,-0.7738848988150824
UBFC_PHYS_s13_T2_ctrl,52,76,54.53333333333333,-0.764410674571991,-0.6936658628031369
UBFC_PHYS_s13_T2_ctrl,52,77,54.56666666666667,-0.5171710848808289,-0.5702540477389197
UBFC_PHYS_s13_T2_ctrl,52,78,54.6,-0.2847004234790802,-0.41177106406297437
UBFC_PHYS_s13_T2_ctrl,52,79,54.63333333333333,-0.1525939404964447,-0.2297262033242566
UBFC_PHYS_s13_T2_ctrl,52,80,54.666666666666664,-0.05768986791372299,-0.038073722008580724
UBFC_PHYS_s13_T2_ctrl,52,81,54.7,0.10167423635721207,0.14805868916444082
UBFC_PHYS_s13_T2_ctrl,52,82,54.733333333333334,0.28552141785621643,0.3144647511811116
UBFC_PHYS_s13_T2_ctrl,52,83,54.766666666666666,0.2999245822429657,0.4507702734780271
UBFC_PHYS_s13_T2_ctrl,52,84,54.8,0.062329959124326706,0.5530766026438916
UBFC_PHYS_s13_T2_ctrl,52,85,54.833333333333336,-0.23500274121761322,0.6246893975233082
UBFC_PHYS_s13_T2_ctrl,52,86,54.86666666666667,-0.3948182761669159,0.6740498269200682
UBFC_PHYS_s13_T2_ctrl,52,87,54.9,-0.44672372937202454,0.7105030763201472
UBFC_PHYS_s13_T2_ctrl,52,88,54.93333333333333,-0.49966058135032654,0.7397129561903999
UBFC_PHYS_s13_T2_ctrl,52,89,54.96666666666667,-0.5647401213645935,0.7608097556027142
UBFC_PHYS_s13_T2_ctrl,52,90,55.0,-0.6275888085365295,0.7666768478434057
UBFC_PHYS_s13_T2_ctrl,52,91,55.03333333333333,-0.7096779942512512,0.7473472053571582
UBFC_PHYS_s13_T2_ctrl,52,92,55.06666666666667,-0.7930160164833069,0.6948922668805453
UBFC_PHYS_s13_T2_ctrl,52,93,55.1,-0.81065833568573,0.6074281959695468
UBFC_PHYS_s13_T2_ctrl,52,94,55.13333333333333,-0.7051668763160706,0.49049324153057133
UBFC_PHYS_s13_T2_ctrl,52,95,55.166666666666664,-0.47658783197402954,0.3555053946768528
UBFC_PHYS_s13_T2_ctrl,52,96,55.2,-0.1979057639837265,0.21629998018125543
UBFC_PHYS_s13_T2_ctrl,52,97,55.233333333333334,0.058767881244421005,0.0852650660927395
UBFC_PHYS_s13_T2_ctrl,52,98,55.266666666666666,0.3223416209220886,-0.029710575759648045
UBFC_PHYS_s13_T2_ctrl,52,99,55.3,0.6708910465240479,-0.126916285664399
UBFC_PHYS_s13_T2_ctrl,52,100,55.333333333333336,1.0619416236877441,-0.21103912270949016
UBFC_PHYS_s13_T2_ctrl,52,101,55.36666666666667,1.3678680658340454,-0.29199281065287913
UBFC_PHYS_s13_T2_ctrl,52,102,55.4,1.5190569162368774,-0.382413511495637
UBFC_PHYS_s13_T2_ctrl,52,103,55.43333333333333,1.5629056692123413,-0.4939347218287562
UBFC_PHYS_s13_T2_ctrl,52,104,55.46666666666667,1.6128175258636475,-0.6326486900868016
UBFC_PHYS_s13_T2_ctrl,52,105,55.5,1.7840771675109863,-0.7947048594665062
UBFC_PHYS_s13_T2_ctrl,52,106,55.53333333333333,2.032888650894165,-0.9635645054519788
UBFC_PHYS_s13_T2_ctrl,52,107,55.56666666666667,2.128122091293335,-1.1106082671708093
UBFC_PHYS_s13_T2_ctrl,52,108,55.6,1.9314402341842651,-1.2001965325939616
UBFC_PHYS_s13_T2_ctrl,52,109,55.63333333333333,1.5765937566757202,-1.198819737245994
UBFC_PHYS_s13_T2_ctrl,52,110,55.666666666666664,1.2298632860183716,-1.0860197628469335
UBFC_PHYS_s13_T2_ctrl,52,111,55.7,0.8739886283874512,-0.8631736894238462
UBFC_PHYS_s13_T2_ctrl,52,112,55.733333333333334,0.635168194770813,-0.5560375822538016
UBFC_PHYS_s13_T2_ctrl,52,113,55.766666666666666,0.584521472454071,-0.20889756915602195
UBFC_PHYS_s13_T2_ctrl,52,114,55.8,0.5794304609298706,0.128097097789628
UBFC_PHYS_s13_T2_ctrl,52,115,55.833333333333336,0.5414206981658936,0.4132956615244166
UBFC_PHYS_s13_T2_ctrl,52,116,55.86666666666667,0.48690879344940186,0.6233688591216067
UBFC_PHYS_s13_T2_ctrl,52,117,55.9,0.4033203125,0.7547762639571225
UBFC_PHYS_s13_T2_ctrl,52,118,55.93333333333333,0.2666829526424408,0.8178970080210217
UBFC_PHYS_s13_T2_ctrl,52,119,55.96666666666667,0.09756187349557877,0.8285463168283276
UBFC_PHYS_s13_T2_ctrl,52,120,56.0,-0.0437018908560276,0.8014913273637019
UBFC_PHYS_s13_T2_ctrl,52,121,56.03333333333333,-0.1416902393102646,0.7478279171283553
UBFC_PHYS_s13_T2_ctrl,52,122,56.06666666666667,-0.22697901725769043,0.675396969065151
UBFC_PHYS_s13_T2_ctrl,52,123,56.1,-0.30881115794181824,0.590225336806777
UBFC_PHYS_s13_T2_ctrl,52,124,56.13333333333333,-0.36074626445770264,0.4973784400458704
UBFC_PHYS_s13_T2_ctrl,52,125,56.166666666666664,-0.3833840489387512,0.4009100481858286
UBFC_PHYS_s13_T2_ctrl,52,126,56.2,-0.42447149753570557,0.30373667059063025
UBFC_PHYS_s13_T2_ctrl,52,127,56.233333333333334,-0.5176785588264465,0.2083755575884249
UBFC_PHYS_s13_T2_ctrl,52,128,56.266666666666666,-0.6375336050987244,0.11847389841897914
UBFC_PHYS_s13_T2_ctrl,52,129,56.3,-0.7381383180618286,0.039907005886919825
UBFC_PHYS_s13_T2_ctrl,52,130,56.333333333333336,-0.820965588092804,-0.01994260888491484
UBFC_PHYS_s13_T2_ctrl,52,131,56.36666666666667,-0.9273039102554321,-0.055034320295723776
UBFC_PHYS_s13_T2_ctrl,52,132,56.4,-1.0780017375946045,-0.06429745898000365
UBFC_PHYS_s13_T2_ctrl,52,133,56.43333333333333,-1.2044800519943237,-0.05375306099591297
UBFC_PHYS_s13_T2_ctrl,52,134,56.46666666666667,-1.1906272172927856,-0.03550258370929375
UBFC_PHYS_s13_T2_ctrl,52,135,56.5,-1.0208338499069214,-0.023736634422576064
UBFC_PHYS_s13_T2_ctrl,52,136,56.53333333333333,-0.8272362947463989,-0.029625617256652956
UBFC_PHYS_s13_T2_ctrl,52,137,56.56666666666667,-0.7349584698677063,-0.05756740268349356
UBFC_PHYS_s13_T2_ctrl,52,138,56.6,-0.7263844609260559,-0.10445299538012215
UBFC_PHYS_s13_T2_ctrl,52,139,56.63333333333333,-0.7044188976287842,-0.1620113007657281
UBFC_PHYS_s13_T2_ctrl,52,140,56.666666666666664,-0.6532745957374573,-0.22088684529922026
UBFC_PHYS_s13_T2_ctrl,52,141,56.7,-0.6482989192008972,-0.27447876365571044
UBFC_PHYS_s13_T2_ctrl,52,142,56.733333333333334,-0.6983392834663391,-0.32086332197339645
UBFC_PHYS_s13_T2_ctrl,52,143,56.766666666666666,-0.7344971895217896,-0.36211272570219605
UBFC_PHYS_s13_T2_ctrl,52,144,56.8,-0.7466200590133667,-0.40154711827663975
UBFC_PHYS_s13_T2_ctrl,52,145,56.833333333333336,-0.7592471241950989,-0.44038014657833086
UBFC_PHYS_s13_T2_ctrl,52,146,56.86666666666667,-0.7634649872779846,-0.47542915784614886
UBFC_PHYS_s13_T2_ctrl,52,147,56.9,-0.7523141503334045,-0.49893155679549195
UBFC_PHYS_s13_T2_ctrl,52,148,56.93333333333333,-0.6971794366836548,-0.500358217303159
UBFC_PHYS_s13_T2_ctrl,52,149,56.96666666666667,-0.5477733016014099,-0.46922832907172196
UBFC_PHYS_s13_T2_ctrl,52,150,57.0,-0.3475326597690582,-0.3978817473052741
UBFC_PHYS_s13_T2_ctrl,52,151,57.03333333333333,-0.2209785133600235,-0.2837246394380959
UBFC_PHYS_s13_T2_ctrl,52,152,57.06666666666667,-0.1792781949043274,-0.13095802959624828
UBFC_PHYS_s13_T2_ctrl,52,153,57.1,-0.13361048698425293,0.04836317858392067
UBFC_PHYS_s13_T2_ctrl,52,154,57.13333333333333,-0.057271383702754974,0.23481720937149209
UBFC_PHYS_s13_T2_ctrl,52,155,57.166666666666664,0.0012441728031262755,0.4047294080220575
UBFC_PHYS_s13_T2_ctrl,52,156,57.2,0.021562164649367332,0.5358635237710601
UBFC_PHYS_s13_T2_ctrl,52,157,57.233333333333334,0.025232980027794838,0.6137961168355762
UBFC_PHYS_s13_T2_ctrl,52,158,57.266666666666666,0.025987572968006134,0.6359393472711843
UBFC_PHYS_s13_T2_ctrl,52,159,57.3,0.022600142285227776,0.6109648105385392
UBFC_PHYS_s13_T2_ctrl,52,160,57.333333333333336,0.013716375455260277,0.554007045998659
UBFC_PHYS_s13_T2_ctrl,52,161,57.36666666666667,0.009412889368832111,0.4804501438071414
UBFC_PHYS_s13_T2_ctrl,52,162,57.4,0.03449239581823349,0.4014078239034341
UBFC_PHYS_s13_T2_ctrl,52,163,57.43333333333333,0.09902162849903107,0.3224332738914612
UBFC_PHYS_s13_T2_ctrl,52,164,57.46666666666667,0.18659725785255432,0.24497477047017263
UBFC_PHYS_s13_T2_ctrl,52,165,57.5,0.28568288683891296,0.1688775544589753
UBFC_PHYS_s13_T2_ctrl,52,166,57.53333333333333,0.4004403352737427,0.09433728652941246
UBFC_PHYS_s13_T2_ctrl,52,167,57.56666666666667,0.601382851600647,0.02267022948000865
UBFC_PHYS_s13_T2_ctrl,52,168,57.6,1.0070672035217285,-0.04380258386297981
UBFC_PHYS_s13_T2_ctrl,52,169,57.63333333333333,1.5196038484573364,-0.1021655760558655
UBFC_PHYS_s13_T2_ctrl,52,170,57.666666666666664,1.7861696481704712,-0.1494034412041465
UBFC_PHYS_s13_T2_ctrl,52,171,57.7,1.6339757442474365,-0.1832326686598396
UBFC_PHYS_s13_T2_ctrl,52,172,57.733333333333334,1.2399629354476929,-0.20346010423045408
UBFC_PHYS_s13_T2_ctrl,52,173,57.766666666666666,0.8399825096130371,-0.21348352694912306
UBFC_PHYS_s13_T2_ctrl,52,174,57.8,0.6135551929473877,-0.22094171440583382
UBFC_PHYS_s13_T2_ctrl,52,175,57.833333333333336,0.6359260678291321,-0.23649564313064067
UBFC_PHYS_s13_T2_ctrl,52,176,57.86666666666667,0.7105780243873596,-0.2705235667656984
UBFC_PHYS_s13_T2_ctrl,52,177,57.9,0.5603020191192627,-0.32864748862738624
UBFC_PHYS_s13_T2_ctrl,52,178,57.93333333333333,0.1841094046831131,-0.4077614939815014
UBFC_PHYS_s13_T2_ctrl,52,179,57.96666666666667,-0.2332167625427246,-0.49426505294241174
UBFC_PHYS_s13_T2_ctrl,52,180,58.0,-0.605890154838562,-0.5655940703352383
UBFC_PHYS_s13_T2_ctrl,52,181,58.03333333333333,-0.9352452754974365,-0.5952829117733914
UBFC_PHYS_s13_T2_ctrl,52,182,58.06666666666667,-1.2393231391906738,-0.5608461313288118
UBFC_PHYS_s13_T2_ctrl,52,183,58.1,-1.5924330949783325,-0.4522801159484877
UBFC_PHYS_s13_T2_ctrl,52,184,58.13333333333333,-2.073580026626587,-0.27732015257998055
UBFC_PHYS_s13_T2_ctrl,52,185,58.166666666666664,-2.5664479732513428,-0.060005629113313495
UBFC_PHYS_s13_T2_ctrl,52,186,58.2,-2.797712564468384,0.16731596746964028
UBFC_PHYS_s13_T2_ctrl,52,187,58.233333333333334,-2.6550285816192627,0.37445479284973343
UBFC_PHYS_s13_T2_ctrl,52,188,58.266666666666666,-2.3115437030792236,0.5411841999292195
UBFC_PHYS_s13_T2_ctrl,52,189,58.3,-2.0153939723968506,0.6594021275349211
UBFC_PHYS_s13_T2_ctrl,52,190,58.333333333333336,-1.9029167890548706,0.7301286000447736
UBFC_PHYS_s13_T2_ctrl,52,191,58.36666666666667,-1.9815361499786377,0.7582985737967476
UBFC_PHYS_s13_T2_ctrl,52,192,58.4,-2.080054998397827,0.7484550518714318
UBFC_PHYS_s13_T2_ctrl,52,193,58.43333333333333,-2.0368192195892334,0.7028567856537763
UBFC_PHYS_s13_T2_ctrl,52,194,58.46666666666667,-1.923208475112915,0.6217041162044424
UBFC_PHYS_s13_T2_ctrl,52,195,58.5,-1.9566938877105713,0.5042709228143509
UBFC_PHYS_s13_T2_ctrl,52,196,58.53333333333333,-2.1234984397888184,0.350027593158174
UBFC_PHYS_s13_T2_ctrl,52,197,58.56666666666667,-2.238506317138672,0.15980142046026666
UBFC_PHYS_s13_T2_ctrl,52,198,58.6,-2.060274124145508,-0.06231817608666636
UBFC_PHYS_s13_T2_ctrl,52,199,58.63333333333333,-1.2174992561340332,-0.3060471035296173
UBFC_PHYS_s13_T2_ctrl,52,200,58.666666666666664,-0.032761938869953156,-0.5521210978367341
UBFC_PHYS_s13_T2_ctrl,52,201,58.7,0.7716737389564514,-0.7720979505020413
UBFC_PHYS_s13_T2_ctrl,52,202,58.733333333333334,1.077241063117981,-0.9328866459808844
UBFC_PHYS_s13_T2_ctrl,52,203,58.766666666666666,1.111194372177124,-1.0058626331468745
UBFC_PHYS_s13_T2_ctrl,52,204,58.8,1.0362293720245361,-0.977172248433991
UBFC_PHYS_s13_T2_ctrl,52,205,58.833333333333336,0.9705830812454224,-0.8539222212394927
UBFC_PHYS_s13_T2_ctrl,52,206,58.86666666666667,0.9746856093406677,-0.6622575105028139
UBFC_PHYS_s13_T2_ctrl,52,207,58.9,0.9987336993217468,-0.4375626535901468
UBFC_PHYS_s13_T2_ctrl,52,208,58.93333333333333,0.9909175634384155,-0.2118076917514838
UBFC_PHYS_s13_T2_ctrl,52,209,58.96666666666667,1.0010172128677368,-0.004805551466352192
UBFC_PHYS_s13_T2_ctrl,52,210,59.0,1.101533055305481,0.17684939327679028
UBFC_PHYS_s13_T2_ctrl,52,211,59.03333333333333,1.2719128131866455,0.3344948790874467
UBFC_PHYS_s13_T2_ctrl,52,212,59.06666666666667,1.4491862058639526,0.47039689412838903
UBFC_PHYS_s13_T2_ctrl,52,213,59.1,1.637603759765625,0.583469604602862
UBFC_PHYS_s13_T2_ctrl,52,214,59.13333333333333,1.8457000255584717,0.6692511978356172
UBFC_PHYS_s13_T2_ctrl,52,215,59.166666666666664,2.0550057888031006,0.7225511992746148
UBFC_PHYS_s13_T2_ctrl,52,216,59.2,2.2619223594665527,0.740076206686699
UBFC_PHYS_s13_T2_ctrl,52,217,59.233333333333334,2.524827241897583,0.7213025419328327
UBFC_PHYS_s13_T2_ctrl,52,218,59.266666666666666,2.9158973693847656,0.6676368367716548
UBFC_PHYS_s13_T2_ctrl,52,219,59.3,3.3610711097717285,0.5812155073248163
UBFC_PHYS_s13_T2_ctrl,52,220,59.333333333333336,3.535062313079834,0.46479171330977326
UBFC_PHYS_s13_T2_ctrl,52,221,59.36666666666667,3.2204926013946533,0.3231261058351777
UBFC_PHYS_s13_T2_ctrl,52,222,59.4,2.649513006210327,0.16490320749759896
UBFC_PHYS_s13_T2_ctrl,52,223,59.43333333333333,2.208866834640503,0.0035045898169342804
UBFC_PHYS_s13_T2_ctrl,52,224,59.46666666666667,1.99285888671875,-0.14445158338777717
UBFC_PHYS_s13_T2_ctrl,52,225,59.5,1.8993420600891113,-0.2625934020121534
UBFC_PHYS_s13_T2_ctrl,52,226,59.53333333333333,1.841551423072815,-0.33902652366112884
UBFC_PHYS_s13_T2_ctrl,52,227,59.56666666666667,1.7167108058929443,-0.36975875594519286
UBFC_PHYS_s13_T2_ctrl,52,228,59.6,1.4621163606643677,-0.3602086039179553
UBFC_PHYS_s13_T2_ctrl,52,229,59.63333333333333,1.1427028179168701,-0.32426332831925847
UBFC_PHYS_s13_T2_ctrl,52,230,59.666666666666664,0.8471791744232178,-0.2807021108074395
UBFC_PHYS_s13_T2_ctrl,52,231,59.7,0.5634258389472961,-0.24745606589852798
UBFC_PHYS_s13_T2_ctrl,52,232,59.733333333333334,0.245112806558609,-0.23543456364719606
UBFC_PHYS_s13_T2_ctrl,52,233,59.766666666666666,-0.0752992331981659,-0.24453954798223543
UBFC_PHYS_s13_T2_ctrl,52,234,59.8,-0.3404249846935272,-0.26394496673836215
UBFC_PHYS_s13_T2_ctrl,52,235,59.833333333333336,-0.5771397948265076,-0.27682162837537655
UBFC_PHYS_s13_T2_ctrl,52,236,59.86666666666667,-0.8349898457527161,-0.2674689440544584
UBFC_PHYS_s13_T2_ctrl,52,237,59.9,-1.086503267288208,-0.2276874426723119
UBFC_PHYS_s13_T2_ctrl,52,238,59.93333333333333,-1.2786509990692139,-0.159915366323278
UBFC_PHYS_s13_T2_ctrl,52,239,59.96666666666667,-1.4385521411895752,-0.07636862586718514
UBFC_PHYS_s13_T2_ctrl,53,0,53.0,0.40890562534332275,-0.10821969494464864
UBFC_PHYS_s13_T2_ctrl,53,1,53.03333333333333,0.4627552032470703,-0.3021113832329952
UBFC_PHYS_s13_T2_ctrl,53,2,53.06666666666667,0.48030197620391846,-0.4571288226226421
UBFC_PHYS_s13_T2_ctrl,53,3,53.1,0.48206818103790283,-0.5476484902219755
UBFC_PHYS_s13_T2_ctrl,53,4,53.13333333333333,0.4895152449607849,-0.5670896487444114
UBFC_PHYS_s13_T2_ctrl,53,5,53.166666666666664,0.5049102902412415,-0.5294103495019582
UBFC_PHYS_s13_T2_ctrl,53,6,53.2,0.5193562507629395,-0.4632197678940369
UBFC_PHYS_s13_T2_ctrl,53,7,53.233333333333334,0.5090457201004028,-0.4006080519575441
UBFC_PHYS_s13_T2_ctrl,53,8,53.266666666666666,0.44100382924079895,-0.3651866068193119
UBFC_PHYS_s13_T2_ctrl,53,9,53.3,0.32311928272247314,-0.36395615712619567
UBFC_PHYS_s13_T2_ctrl,53,10,53.333333333333336,0.21692925691604614,-0.38549990776348453
UBFC_PHYS_s13_T2_ctrl,53,11,53.36666666666667,0.1668097823858261,-0.4043683592788333
UBFC_PHYS_s13_T2_ctrl,53,12,53.4,0.1485908031463623,-0.389984371095334
UBFC_PHYS_s13_T2_ctrl,53,13,53.43333333333333,0.11261748522520065,-0.31771844014339323
UBFC_PHYS_s13_T2_ctrl,53,14,53.46666666666667,0.04521157220005989,-0.17913968752157913
UBFC_PHYS_s13_T2_ctrl,53,15,53.5,-0.03861085698008537,0.012116932556692675
UBFC_PHYS_s13_T2_ctrl,53,16,53.53333333333333,-0.12074945867061615,0.22209949568200305
UBFC_PHYS_s13_T2_ctrl,53,17,53.56666666666667,-0.1743156760931015,0.40687033600623396
UBFC_PHYS_s13_T2_ctrl,53,18,53.6,-0.17116549611091614,0.5283376434679938
UBFC_PHYS_s13_T2_ctrl,53,19,53.63333333333333,-0.11267630010843277,0.5690485812739973
UBFC_PHYS_s13_T2_ctrl,53,20,53.666666666666664,-0.03610653057694435,0.5391060773947816
UBFC_PHYS_s13_T2_ctrl,53,21,53.7,0.021067891269922256,0.4717862783722785
UBFC_PHYS_s13_T2_ctrl,53,22,53.733333333333334,0.05806930735707283,0.4098898458711494
UBFC_PHYS_s13_T2_ctrl,53,23,53.766666666666666,0.10611941665410995,0.38900518112966254
UBFC_PHYS_s13_T2_ctrl,53,24,53.8,0.1873123049736023,0.4243553562124193
UBFC_PHYS_s13_T2_ctrl,53,25,53.833333333333336,0.2822229564189911,0.5057165962269919
UBFC_PHYS_s13_T2_ctrl,53,26,53.86666666666667,0.34751996397972107,0.6019678870036033
UBFC_PHYS_s13_T2_ctrl,53,27,53.9,0.3675743639469147,0.6734972424357804
UBFC_PHYS_s13_T2_ctrl,53,28,53.93333333333333,0.3833153545856476,0.6873221065841935
UBFC_PHYS_s13_T2_ctrl,53,29,53.96666666666667,0.4466649293899536,0.6284442559437805
UBFC_PHYS_s13_T2_ctrl,53,30,54.0,0.5437932014465332,0.5030722334977142
UBFC_PHYS_s13_T2_ctrl,53,31,54.03333333333333,0.5823367834091187,0.33344883638956974
UBFC_PHYS_s13_T2_ctrl,53,32,54.06666666666667,0.485518217086792,0.14754491194706984
UBFC_PHYS_s13_T2_ctrl,53,33,54.1,0.26537808775901794,-0.03173683559982363
UBFC_PHYS_s13_T2_ctrl,53,34,54.13333333333333,-0.006647749338299036,-0.194056470638784
UBFC_PHYS_s13_T2_ctrl,53,35,54.166666666666664,-0.27317723631858826,-0.34383839300407265
UBFC_PHYS_s13_T2_ctrl,53,36,54.2,-0.507440447807312,-0.4967247761076447
UBFC_PHYS_s13_T2_ctrl,53,37,54.233333333333334,-0.6893599629402161,-0.671261383884056
UBFC_PHYS_s13_T2_ctrl,53,38,54.266666666666666,-0.8153407573699951,-0.8784706511633655
UBFC_PHYS_s13_T2_ctrl,53,39,54.3,-0.9095132946968079,-1.1131133985227708
UBFC_PHYS_s13_T2_ctrl,53,40,54.333333333333336,-0.976728081703186,-1.3501286077830936
UBFC_PHYS_s13_T2_ctrl,53,41,54.36666666666667,-0.9870156049728394,-1.5479728352988993
UBFC_PHYS_s13_T2_ctrl,53,42,54.4,-0.9385964274406433,-1.6581137922249973
UBFC_PHYS_s13_T2_ctrl,53,43,54.43333333333333,-0.8925431966781616,-1.6378652375161153
UBFC_PHYS_s13_T2_ctrl,53,44,54.46666666666667,-0.8968895077705383,-1.4628505558079237
UBFC_PHYS_s13_T2_ctrl,53,45,54.5,-0.8932121396064758,-1.1355441376429725
UBFC_PHYS_s13_T2_ctrl,53,46,54.53333333333333,-0.764410674571991,-0.6872127598560476
UBFC_PHYS_s13_T2_ctrl,53,47,54.56666666666667,-0.5171710848808289,-0.17220010300307376
UBFC_PHYS_s13_T2_ctrl,53,48,54.6,-0.2847004234790802,0.3441766805561617
UBFC_PHYS_s13_T2_ctrl,53,49,54.63333333333333,-0.1525939404964447,0.8004561389591867
UBFC_PHYS_s13_T2_ctrl,53,50,54.666666666666664,-0.05768986791372299,1.1515953693578171
UBFC_PHYS_s13_T2_ctrl,53,51,54.7,0.10167423635721207,1.3752703504351758
UBFC_PHYS_s13_T2_ctrl,53,52,54.733333333333334,0.28552141785621643,1.4711828810664418
UBFC_PHYS_s13_T2_ctrl,53,53,54.766666666666666,0.2999245822429657,1.4557873026634744
UBFC_PHYS_s13_T2_ctrl,53,54,54.8,0.062329959124326706,1.3556420571723997
UBFC_PHYS_s13_T2_ctrl,53,55,54.833333333333336,-0.23500274121761322,1.2013763929240548
UBFC_PHYS_s13_T2_ctrl,53,56,54.86666666666667,-0.3948182761669159,1.0226988540589534
UBFC_PHYS_s13_T2_ctrl,53,57,54.9,-0.44672372937202454,0.8441928073635442
UBFC_PHYS_s13_T2_ctrl,53,58,54.93333333333333,-0.49966058135032654,0.6820979995776572
UBFC_PHYS_s13_T2_ctrl,53,59,54.96666666666667,-0.5647401213645935,0.5430198237060369
UBFC_PHYS_s13_T2_ctrl,53,60,55.0,-0.6275888085365295,0.42547050306144674
UBFC_PHYS_s13_T2_ctrl,53,61,55.03333333333333,-0.7096779942512512,0.3240036654409175
UBFC_PHYS_s13_T2_ctrl,53,62,55.06666666666667,-0.7930160164833069,0.23407429597630905
UBFC_PHYS_s13_T2_ctrl,53,63,55.1,-0.81065833568573,0.1550198717035205
UBFC_PHYS_s13_T2_ctrl,53,64,55.13333333333333,-0.7051668763160706,0.08959817247526543
UBFC_PHYS_s13_T2_ctrl,53,65,55.166666666666664,-0.47658783197402954,0.0406217808476231
UBFC_PHYS_s13_T2_ctrl,53,66,55.2,-0.1979057639837265,0.006920673802343727
UBFC_PHYS_s13_T2_ctrl,53,67,55.233333333333334,0.058767881244421005,-0.018986174834477204
UBFC_PHYS_s13_T2_ctrl,53,68,55.266666666666666,0.3223416209220886,-0.05053195942578197
UBFC_PHYS_s13_T2_ctrl,53,69,55.3,0.6708910465240479,-0.10457934824871958
UBFC_PHYS_s13_T2_ctrl,53,70,55.333333333333336,1.0619416236877441,-0.19762995678224618
UBFC_PHYS_s13_T2_ctrl,53,71,55.36666666666667,1.3678680658340454,-0.34145833679064225
UBFC_PHYS_s13_T2_ctrl,53,72,55.4,1.5190569162368774,-0.5389962843235465
UBFC_PHYS_s13_T2_ctrl,53,73,55.43333333333333,1.5629056692123413,-0.7814914232893307
UBFC_PHYS_s13_T2_ctrl,53,74,55.46666666666667,1.6128175258636475,-1.0476785587876165
UBFC_PHYS_s13_T2_ctrl,53,75,55.5,1.7840771675109863,-1.3051635014162557
UBFC_PHYS_s13_T2_ctrl,53,76,55.53333333333333,2.032888650894165,-1.5139346085187568
UBFC_PHYS_s13_T2_ctrl,53,77,55.56666666666667,2.128122091293335,-1.6320538285783726
UBFC_PHYS_s13_T2_ctrl,53,78,55.6,1.9314402341842651,-1.623702084611818
UBFC_PHYS_s13_T2_ctrl,53,79,55.63333333333333,1.5765937566757202,-1.4688417168901982
UBFC_PHYS_s13_T2_ctrl,53,80,55.666666666666664,1.2298632860183716,-1.1716667672704084
UBFC_PHYS_s13_T2_ctrl,53,81,55.7,0.8739886283874512,-0.7635771805145897
UBFC_PHYS_s13_T2_ctrl,53,82,55.733333333333334,0.635168194770813,-0.29758521269455923
UBFC_PHYS_s13_T2_ctrl,53,83,55.766666666666666,0.584521472454071,0.16510731352486455
UBFC_PHYS_s13_T2_ctrl,53,84,55.8,0.5794304609298706,0.5711523460877684
UBFC_PHYS_s13_T2_ctrl,53,85,55.833333333333336,0.5414206981658936,0.8868514213109993
UBFC_PHYS_s13_T2_ctrl,53,86,55.86666666666667,0.48690879344940186,1.1016398106642478
UBFC_PHYS_s13_T2_ctrl,53,87,55.9,0.4033203125,1.223727782949925
UBFC_PHYS_s13_T2_ctrl,53,88,55.93333333333333,0.2666829526424408,1.2711744740125284
UBFC_PHYS_s13_T2_ctrl,53,89,55.96666666666667,0.09756187349557877,1.2624247954252938
UBFC_PHYS_s13_T2_ctrl,53,90,56.0,-0.0437018908560276,1.2099641816265465
UBFC_PHYS_s13_T2_ctrl,53,91,56.03333333333333,-0.1416902393102646,1.1190898106225862
UBFC_PHYS_s13_T2_ctrl,53,92,56.06666666666667,-0.22697901725769043,0.9910165041002191
UBFC_PHYS_s13_T2_ctrl,53,93,56.1,-0.30881115794181824,0.8274580213384471
UBFC_PHYS_s13_T2_ctrl,53,94,56.13333333333333,-0.36074626445770264,0.6339610357320743
UBFC_PHYS_s13_T2_ctrl,53,95,56.166666666666664,-0.3833840489387512,0.4209201606395802
UBFC_PHYS_s13_T2_ctrl,53,96,56.2,-0.42447149753570557,0.20274961208236936
UBFC_PHYS_s13_T2_ctrl,53,97,56.233333333333334,-0.5176785588264465,-0.0037959945285538435
UBFC_PHYS_s13_T2_ctrl,53,98,56.266666666666666,-0.6375336050987244,-0.1816338288087077
UBFC_PHYS_s13_T2_ctrl,53,99,56.3,-0.7381383180618286,-0.31577253682594425
UBFC_PHYS_s13_T2_ctrl,53,100,56.333333333333336,-0.820965588092804,-0.3961466579264133
UBFC_PHYS_s13_T2_ctrl,53,101,56.36666666666667,-0.9273039102554321,-0.4203300251613616
UBFC_PHYS_s13_T2_ctrl,53,102,56.4,-1.0780017375946045,-0.3951576616621731
UBFC_PHYS_s13_T2_ctrl,53,103,56.43333333333333,-1.2044800519943237,-0.3362175693922871
UBFC_PHYS_s13_T2_ctrl,53,104,56.46666666666667,-1.1906272172927856,-0.26458911266565444
UBFC_PHYS_s13_T2_ctrl,53,105,56.5,-1.0208338499069214,-0.20129496281464848
UBFC_PHYS_s13_T2_ctrl,53,106,56.53333333333333,-0.8272362947463989,-0.1614005117705549
UBFC_PHYS_s13_T2_ctrl,53,107,56.56666666666667,-0.7349584698677063,-0.15037330668454618
UBFC_PHYS_s13_T2_ctrl,53,108,56.6,-0.7263844609260559,-0.16437222829104053
UBFC_PHYS_s13_T2_ctrl,53,109,56.63333333333333,-0.7044188976287842,-0.194183909987456
UBFC_PHYS_s13_T2_ctrl,53,110,56.666666666666664,-0.6532745957374573,-0.2308132649223307
UBFC_PHYS_s13_T2_ctrl,53,111,56.7,-0.6482989192008972,-0.2701228241458318
UBFC_PHYS_s13_T2_ctrl,53,112,56.733333333333334,-0.6983392834663391,-0.31455911835802075
UBFC_PHYS_s13_T2_ctrl,53,113,56.766666666666666,-0.7344971895217896,-0.3713041097513876
UBFC_PHYS_s13_T2_ctrl,53,114,56.8,-0.7466200590133667,-0.4474415745843351
UBFC_PHYS_s13_T2_ctrl,53,115,56.833333333333336,-0.7592471241950989,-0.5437542501155066
UBFC_PHYS_s13_T2_ctrl,53,116,56.86666666666667,-0.7634649872779846,-0.6495189398431771
UBFC_PHYS_s13_T2_ctrl,53,117,56.9,-0.7523141503334045,-0.7407857872627903
UBFC_PHYS_s13_T2_ctrl,53,118,56.93333333333333,-0.6971794366836548,-0.7837977583539975
UBFC_PHYS_s13_T2_ctrl,53,119,56.96666666666667,-0.5477733016014099,-0.7435560677996091
UBFC_PHYS_s13_T2_ctrl,53,120,57.0,-0.3475326597690582,-0.5955357499997205
UBFC_PHYS_s13_T2_ctrl,53,121,57.03333333333333,-0.2209785133600235,-0.3368167491810695
UBFC_PHYS_s13_T2_ctrl,53,122,57.06666666666667,-0.1792781949043274,0.007849121314742169
UBFC_PHYS_s13_T2_ctrl,53,123,57.1,-0.13361048698425293,0.38854577527927975
UBFC_PHYS_s13_T2_ctrl,53,124,57.13333333333333,-0.057271383702754974,0.7419464778317041
UBFC_PHYS_s13_T2_ctrl,53,125,57.166666666666664,0.0012441728031262755,1.0091386670111755
UBFC_PHYS_s13_T2_ctrl,53,126,57.2,0.021562164649367332,1.1531463559145478
UBFC_PHYS_s13_T2_ctrl,53,127,57.233333333333334,0.025232980027794838,1.169132771327047
UBFC_PHYS_s13_T2_ctrl,53,128,57.266666666666666,0.025987572968006134,1.0830434537603357
UBFC_PHYS_s13_T2_ctrl,53,129,57.3,0.022600142285227776,0.9394370635725581
UBFC_PHYS_s13_T2_ctrl,53,130,57.333333333333336,0.013716375455260277,0.7839820143913486
UBFC_PHYS_s13_T2_ctrl,53,131,57.36666666666667,0.009412889368832111,0.6480931856823975
UBFC_PHYS_s13_T2_ctrl,53,132,57.4,0.03449239581823349,0.5414309441673674
UBFC_PHYS_s13_T2_ctrl,53,133,57.43333333333333,0.09902162849903107,0.4539455869262969
UBFC_PHYS_s13_T2_ctrl,53,134,57.46666666666667,0.18659725785255432,0.365176620610256
UBFC_PHYS_s13_T2_ctrl,53,135,57.5,0.28568288683891296,0.2560601333304831
UBFC_PHYS_s13_T2_ctrl,53,136,57.53333333333333,0.4004403352737427,0.11814950204035791
UBFC_PHYS_s13_T2_ctrl,53,137,57.56666666666667,0.601382851600647,-0.04302669802087406
UBFC_PHYS_s13_T2_ctrl,53,138,57.6,1.0070672035217285,-0.21059726210532292
UBFC_PHYS_s13_T2_ctrl,53,139,57.63333333333333,1.5196038484573364,-0.36248890389734645
UBFC_PHYS_s13_T2_ctrl,53,140,57.666666666666664,1.7861696481704712,-0.4780026412008644
UBFC_PHYS_s13_T2_ctrl,53,141,57.7,1.6339757442474365,-0.543014478169972
UBFC_PHYS_s13_T2_ctrl,53,142,57.733333333333334,1.2399629354476929,-0.5536951459826737
UBFC_PHYS_s13_T2_ctrl,53,143,57.766666666666666,0.8399825096130371,-0.5190244849373276
UBFC_PHYS_s13_T2_ctrl,53,144,57.8,0.6135551929473877,-0.46106925278095023
UBFC_PHYS_s13_T2_ctrl,53,145,57.833333333333336,0.6359260678291321,-0.4112092114149576
UBFC_PHYS_s13_T2_ctrl,53,146,57.86666666666667,0.7105780243873596,-0.4020302422949493
UBFC_PHYS_s13_T2_ctrl,53,147,57.9,0.5603020191192627,-0.4570078639107542
UBFC_PHYS_s13_T2_ctrl,53,148,57.93333333333333,0.1841094046831131,-0.581199341720303
UBFC_PHYS_s13_T2_ctrl,53,149,57.96666666666667,-0.2332167625427246,-0.7558416079164607
UBFC_PHYS_s13_T2_ctrl,53,150,58.0,-0.605890154838562,-0.9388802804592233
UBFC_PHYS_s13_T2_ctrl,53,151,58.03333333333333,-0.9352452754974365,-1.0724117738027918
UBFC_PHYS_s13_T2_ctrl,53,152,58.06666666666667,-1.2393231391906738,-1.0966209174193489
UBFC_PHYS_s13_T2_ctrl,53,153,58.1,-1.5924330949783325,-0.9675384178755018
UBFC_PHYS_s13_T2_ctrl,53,154,58.13333333333333,-2.073580026626587,-0.673224212471597
UBFC_PHYS_s13_T2_ctrl,53,155,58.166666666666664,-2.5664479732513428,-0.24192761368711452
UBFC_PHYS_s13_T2_ctrl,53,156,58.2,-2.797712564468384,0.26195674181893774
UBFC_PHYS_s13_T2_ctrl,53,157,58.233333333333334,-2.6550285816192627,0.7536715074543123
UBFC_PHYS_s13_T2_ctrl,53,158,58.266666666666666,-2.3115437030792236,1.1505362547812346
UBFC_PHYS_s13_T2_ctrl,53,159,58.3,-2.0153939723968506,1.3935987805210517
UBFC_PHYS_s13_T2_ctrl,53,160,58.333333333333336,-1.9029167890548706,1.4618228064203753
UBFC_PHYS_s13_T2_ctrl,53,161,58.36666666666667,-1.9815361499786377,1.3748829999515773
UBFC_PHYS_s13_T2_ctrl,53,162,58.4,-2.080054998397827,1.1838474431296264
UBFC_PHYS_s13_T2_ctrl,53,163,58.43333333333333,-2.0368192195892334,0.9524659579038679
UBFC_PHYS_s13_T2_ctrl,53,164,58.46666666666667,-1.923208475112915,0.7351664178214703
UBFC_PHYS_s13_T2_ctrl,53,165,58.5,-1.9566938877105713,0.559526875989896
UBFC_PHYS_s13_T2_ctrl,53,166,58.53333333333333,-2.1234984397888184,0.4195673982251869
UBFC_PHYS_s13_T2_ctrl,53,167,58.56666666666667,-2.238506317138672,0.28233636358881825
UBFC_PHYS_s13_T2_ctrl,53,168,58.6,-2.060274124145508,0.10557618568537679
UBFC_PHYS_s13_T2_ctrl,53,169,58.63333333333333,-1.2174992561340332,-0.13992508515565028
UBFC_PHYS_s13_T2_ctrl,53,170,58.666666666666664,-0.032761938869953156,-0.45207779662817704
UBFC_PHYS_s13_T2_ctrl,53,171,58.7,0.7716737389564514,-0.7912786207449091
UBFC_PHYS_s13_T2_ctrl,53,172,58.733333333333334,1.077241063117981,-1.0897621040836227
UBFC_PHYS_s13_T2_ctrl,53,173,58.766666666666666,1.111194372177124,-1.2737165654048805
UBFC_PHYS_s13_T2_ctrl,53,174,58.8,1.0362293720245361,-1.2899044596356293
UBFC_PHYS_s13_T2_ctrl,53,175,58.833333333333336,0.9705830812454224,-1.126340837523
UBFC_PHYS_s13_T2_ctrl,53,176,58.86666666666667,0.9746856093406677,-0.8187407632514333
UBFC_PHYS_s13_T2_ctrl,53,177,58.9,0.9987336993217468,-0.43999416100535543
UBFC_PHYS_s13_T2_ctrl,53,178,58.93333333333333,0.9909175634384155,-0.07657276591650854
UBFC_PHYS_s13_T2_ctrl,53,179,58.96666666666667,1.0010172128677368,0.19910671063789048
UBFC_PHYS_s13_T2_ctrl,53,180,59.0,1.101533055305481,0.3498641880334371
UBFC_PHYS_s13_T2_ctrl,53,181,59.03333333333333,1.2719128131866455,0.38101474969194776
UBFC_PHYS_s13_T2_ctrl,53,182,59.06666666666667,1.4491862058639526,0.33254426310082225
UBFC_PHYS_s13_T2_ctrl,53,183,59.1,1.637603759765625,0.2610653717073467
UBFC_PHYS_s13_T2_ctrl,53,184,59.13333333333333,1.8457000255584717,0.21909617627920974
UBFC_PHYS_s13_T2_ctrl,53,185,59.166666666666664,2.0550057888031006,0.23857316626890968
UBFC_PHYS_s13_T2_ctrl,53,186,59.2,2.2619223594665527,0.3230712853284593
UBFC_PHYS_s13_T2_ctrl,53,187,59.233333333333334,2.524827241897583,0.44990011331809815
UBFC_PHYS_s13_T2_ctrl,53,188,59.266666666666666,2.9158973693847656,0.5799016934925841
UBFC_PHYS_s13_T2_ctrl,53,189,59.3,3.3610711097717285,0.6707177770730345
UBFC_PHYS_s13_T2_ctrl,53,190,59.333333333333336,3.535062313079834,0.6892722623419036
UBFC_PHYS_s13_T2_ctrl,53,191,59.36666666666667,3.2204926013946533,0.6204916753914642
UBFC_PHYS_s13_T2_ctrl,53,192,59.4,2.649513006210327,0.47075546909099036
UBFC_PHYS_s13_T2_ctrl,53,193,59.43333333333333,2.208866834640503,0.2659085466370651
UBFC_PHYS_s13_T2_ctrl,53,194,59.46666666666667,1.99285888671875,0.04486093394935673
UBFC_PHYS_s13_T2_ctrl,53,195,59.5,1.8993420600891113,-0.1495171961508784
UBFC_PHYS_s13_T2_ctrl,53,196,59.53333333333333,1.841551423072815,-0.2804774462019653
UBFC_PHYS_s13_T2_ctrl,53,197,59.56666666666667,1.7167108058929443,-0.32682097753835404
UBFC_PHYS_s13_T2_ctrl,53,198,59.6,1.4621163606643677,-0.28975957720540935
UBFC_PHYS_s13_T2_ctrl,53,199,59.63333333333333,1.1427028179168701,-0.19490245231276346
UBFC_PHYS_s13_T2_ctrl,53,200,59.666666666666664,0.8471791744232178,-0.08732661474360368
UBFC_PHYS_s13_T2_ctrl,53,201,59.7,0.5634258389472961,-0.01937915703773985
UBFC_PHYS_s13_T2_ctrl,53,202,59.733333333333334,0.245112806558609,-0.033870572747439445
UBFC_PHYS_s13_T2_ctrl,53,203,59.766666666666666,-0.0752992331981659,-0.14812090118641877
UBFC_PHYS_s13_T2_ctrl,53,204,59.8,-0.3404249846935272,-0.34506929381743007
UBFC_PHYS_s13_T2_ctrl,53,205,59.833333333333336,-0.5771397948265076,-0.5755014566280886
UBFC_PHYS_s13_T2_ctrl,53,206,59.86666666666667,-0.8349898457527161,-0.7711871410558087
UBFC_PHYS_s13_T2_ctrl,53,207,59.9,-1.086503267288208,-0.8649105629679902
UBFC_PHYS_s13_T2_ctrl,53,208,59.93333333333333,-1.2786509990692139,-0.8118809055995242
UBFC_PHYS_s13_T2_ctrl,53,209,59.96666666666667,-1.4385521411895752,-0.6068526319139145
UBFC_PHYS_s13_T2_ctrl,53,210,60.0,-1.6295334100723267,-0.29119726765197756
UBFC_PHYS_s13_T2_ctrl,53,211,60.03333333333333,-1.8332208395004272,0.05488143219496829
UBFC_PHYS_s13_T2_ctrl,53,212,60.06666666666667,-1.9816844463348389,0.33605445259056077
UBFC_PHYS_s13_T2_ctrl,53,213,60.1,-2.075932741165161,0.47549246371159415
UBFC_PHYS_s13_T2_ctrl,53,214,60.13333333333333,-2.1939985752105713,0.4448327469227457
UBFC_PHYS_s13_T2_ctrl,53,215,60.166666666666664,-2.4233388900756836,0.27572736606691234
UBFC_PHYS_s13_T2_ctrl,53,216,60.2,-2.703167676925659,0.04687396737795266
UBFC_PHYS_s13_T2_ctrl,53,217,60.233333333333334,-2.7532904148101807,-0.14742950092939733
UBFC_PHYS_s13_T2_ctrl,53,218,60.266666666666666,-2.3881564140319824,-0.2338159329623986
UBFC_PHYS_s13_T2_ctrl,53,219,60.3,-1.8359525203704834,-0.18713712903066418
UBFC_PHYS_s13_T2_ctrl,53,220,60.333333333333336,-1.4102566242218018,-0.03789321387987006
UBFC_PHYS_s13_T2_ctrl,53,221,60.36666666666667,-1.1770873069763184,0.14324389984734007
UBFC_PHYS_s13_T2_ctrl,53,222,60.4,-1.1076186895370483,0.2771634560047733
UBFC_PHYS_s13_T2_ctrl,53,223,60.43333333333333,-1.1977348327636719,0.3103315478574908
UBFC_PHYS_s13_T2_ctrl,53,224,60.46666666666667,-1.3822805881500244,0.23629689500754952
UBFC_PHYS_s13_T2_ctrl,53,225,60.5,-1.5708630084991455,0.0961190344897698
UBFC_PHYS_s13_T2_ctrl,53,226,60.53333333333333,-1.7395886182785034,-0.04074533712200758
UBFC_PHYS_s13_T2_ctrl,53,227,60.56666666666667,-1.8696125745773315,-0.1053934986990168
UBFC_PHYS_s13_T2_ctrl,53,228,60.6,-1.8774319887161255,-0.05639918463349007
UBFC_PHYS_s13_T2_ctrl,53,229,60.63333333333333,-1.6921547651290894,0.10465484211041817
UBFC_PHYS_s13_T2_ctrl,53,230,60.666666666666664,-1.3396412134170532,0.33415273403030604
UBFC_PHYS_s13_T2_ctrl,53,231,60.7,-0.9035128355026245,0.5634573368045119
UBFC_PHYS_s13_T2_ctrl,53,232,60.733333333333334,-0.44591641426086426,0.7250024133533142
UBFC_PHYS_s13_T2_ctrl,53,233,60.766666666666666,-0.00891811866313219,0.7763972433129127
UBFC_PHYS_s13_T2_ctrl,53,234,60.8,0.3540114462375641,0.7126533734988244
UBFC_PHYS_s13_T2_ctrl,53,235,60.833333333333336,0.6111629009246826,0.5624496616226539
UBFC_PHYS_s13_T2_ctrl,53,236,60.86666666666667,0.7854837775230408,0.37167904998627765
UBFC_PHYS_s13_T2_ctrl,53,237,60.9,0.9190467000007629,0.1827246170175934
UBFC_PHYS_s13_T2_ctrl,53,238,60.93333333333333,1.0191110372543335,0.01870562683515456
UBFC_PHYS_s13_T2_ctrl,53,239,60.96666666666667,1.0642250776290894,-0.12120832732168219
UBFC_PHYS_s13_T2_ctrl,54,0,54.0,0.5437932014465332,-0.013971297637926707
UBFC_PHYS_s13_T2_ctrl,54,1,54.03333333333333,0.5823367834091187,-0.20027607756056434
UBFC_PHYS_s13_T2_ctrl,54,2,54.06666666666667,0.485518217086792,-0.38283081569290706
UBFC_PHYS_s13_T2_ctrl,54,3,54.1,0.26537808775901794,-0.5551434770486291
UBFC_PHYS_s13_T2_ctrl,54,4,54.13333333333333,-0.006647749338299036,-0.7112171355459428
UBFC_PHYS_s13_T2_ctrl,54,5,54.166666666666664,-0.27317723631858826,-0.8459858392349779
UBFC_PHYS_s13_T2_ctrl,54,6,54.2,-0.507440447807312,-0.9552258814652194
UBFC_PHYS_s13_T2_ctrl,54,7,54.233333333333334,-0.6893599629402161,-1.0350944225604009
UBFC_PHYS_s13_T2_ctrl,54,8,54.266666666666666,-0.8153407573699951,-1.0815931576021958
UBFC_PHYS_s13_T2_ctrl,54,9,54.3,-0.9095132946968079,-1.0902017439306053
UBFC_PHYS_s13_T2_ctrl,54,10,54.333333333333336,-0.976728081703186,-1.05618578447517
UBFC_PHYS_s13_T2_ctrl,54,11,54.36666666666667,-0.9870156049728394,-0.9761335918499168
UBFC_PHYS_s13_T2_ctrl,54,12,54.4,-0.9385964274406433,-0.8505559438982988
UBFC_PHYS_s13_T2_ctrl,54,13,54.43333333333333,-0.8925431966781616,-0.6863426069585182
UBFC_PHYS_s13_T2_ctrl,54,14,54.46666666666667,-0.8968895077705383,-0.4973505381703716
UBFC_PHYS_s13_T2_ctrl,54,15,54.5,-0.8932121396064758,-0.3018452157825315
UBFC_PHYS_s13_T2_ctrl,54,16,54.53333333333333,-0.764410674571991,-0.11694139979059275
UBFC_PHYS_s13_T2_ctrl,54,17,54.56666666666667,-0.5171710848808289,0.04773677525721114
UBFC_PHYS_s13_T2_ctrl,54,18,54.6,-0.2847004234790802,0.19335217097236318
UBFC_PHYS_s13_T2_ctrl,54,19,54.63333333333333,-0.1525939404964447,0.3291484739582819
UBFC_PHYS_s13_T2_ctrl,54,20,54.666666666666664,-0.05768986791372299,0.4646001477769344
UBFC_PHYS_s13_T2_ctrl,54,21,54.7,0.10167423635721207,0.6011458345801566
UBFC_PHYS_s13_T2_ctrl,54,22,54.733333333333334,0.28552141785621643,0.728884751948685
UBFC_PHYS_s13_T2_ctrl,54,23,54.766666666666666,0.2999245822429657,0.8306293905698916
UBFC_PHYS_s13_T2_ctrl,54,24,54.8,0.062329959124326706,0.8910592548933383
UBFC_PHYS_s13_T2_ctrl,54,25,54.833333333333336,-0.23500274121761322,0.905464733814546
UBFC_PHYS_s13_T2_ctrl,54,26,54.86666666666667,-0.3948182761669159,0.882841914955728
UBFC_PHYS_s13_T2_ctrl,54,27,54.9,-0.44672372937202454,0.8414463722945733
UBFC_PHYS_s13_T2_ctrl,54,28,54.93333333333333,-0.49966058135032654,0.7992206329772292
UBFC_PHYS_s13_T2_ctrl,54,29,54.96666666666667,-0.5647401213645935,0.7644594209970061
UBFC_PHYS_s13_T2_ctrl,54,30,55.0,-0.6275888085365295,0.7320538883369458
UBFC_PHYS_s13_T2_ctrl,54,31,55.03333333333333,-0.7096779942512512,0.6874292274796379
UBFC_PHYS_s13_T2_ctrl,54,32,55.06666666666667,-0.7930160164833069,0.615511443829242
UBFC_PHYS_s13_T2_ctrl,54,33,55.1,-0.81065833568573,0.5091211664720452
UBFC_PHYS_s13_T2_ctrl,54,34,55.13333333333333,-0.7051668763160706,0.372306340671436
UBFC_PHYS_s13_T2_ctrl,54,35,55.166666666666664,-0.47658783197402954,0.21782385061881493
UBFC_PHYS_s13_T2_ctrl,54,36,55.2,-0.1979057639837265,0.06126503542246044
UBFC_PHYS_s13_T2_ctrl,54,37,55.233333333333334,0.058767881244421005,-0.08466293362125475
UBFC_PHYS_s13_T2_ctrl,54,38,55.266666666666666,0.3223416209220886,-0.21351381324911117
UBFC_PHYS_s13_T2_ctrl,54,39,55.3,0.6708910465240479,-0.32597738427225564
UBFC_PHYS_s13_T2_ctrl,54,40,55.333333333333336,1.0619416236877441,-0.42912397227206966
UBFC_PHYS_s13_T2_ctrl,54,41,55.36666666666667,1.3678680658340454,-0.5347869104253796
UBFC_PHYS_s13_T2_ctrl,54,42,55.4,1.5190569162368774,-0.6572748162414299
UBFC_PHYS_s13_T2_ctrl,54,43,55.43333333333333,1.5629056692123413,-0.8099496056732548
UBFC_PHYS_s13_T2_ctrl,54,44,55.46666666666667,1.6128175258636475,-0.9999322805501224
UBFC_PHYS_s13_T2_ctrl,54,45,55.5,1.7840771675109863,-1.2211403815063187
UBFC_PHYS_s13_T2_ctrl,54,46,55.53333333333333,2.032888650894165,-1.4480431553598472
UBFC_PHYS_s13_T2_ctrl,54,47,55.56666666666667,2.128122091293335,-1.634278674887596
UBFC_PHYS_s13_T2_ctrl,54,48,55.6,1.9314402341842651,-1.7197557232720828
UBFC_PHYS_s13_T2_ctrl,54,49,55.63333333333333,1.5765937566757202,-1.6466692318296072
UBFC_PHYS_s13_T2_ctrl,54,50,55.666666666666664,1.2298632860183716,-1.3802370349791153
UBFC_PHYS_s13_T2_ctrl,54,51,55.7,0.8739886283874512,-0.9263991998661477
UBFC_PHYS_s13_T2_ctrl,54,52,55.733333333333334,0.635168194770813,-0.33840720833971544
UBFC_PHYS_s13_T2_ctrl,54,53,55.766666666666666,0.584521472454071,0.2924166034965814
UBFC_PHYS_s13_T2_ctrl,54,54,55.8,0.5794304609298706,0.8605377153986995
UBFC_PHYS_s13_T2_ctrl,54,55,55.833333333333336,0.5414206981658936,1.2768970196816147
UBFC_PHYS_s13_T2_ctrl,54,56,55.86666666666667,0.48690879344940186,1.4943421129232073
UBFC_PHYS_s13_T2_ctrl,54,57,55.9,0.4033203125,1.517310197274524
UBFC_PHYS_s13_T2_ctrl,54,58,55.93333333333333,0.2666829526424408,1.3931741518009897
UBFC_PHYS_s13_T2_ctrl,54,59,55.96666666666667,0.09756187349557877,1.1912693668914571
UBFC_PHYS_s13_T2_ctrl,54,60,56.0,-0.0437018908560276,0.9791833439229064
UBFC_PHYS_s13_T2_ctrl,54,61,56.03333333333333,-0.1416902393102646,0.8044124748114255
UBFC_PHYS_s13_T2_ctrl,54,62,56.06666666666667,-0.22697901725769043,0.6858290736009921
UBFC_PHYS_s13_T2_ctrl,54,63,56.1,-0.30881115794181824,0.6154381786913254
UBFC_PHYS_s13_T2_ctrl,54,64,56.13333333333333,-0.36074626445770264,0.5676843037028906
UBFC_PHYS_s13_T2_ctrl,54,65,56.166666666666664,-0.3833840489387512,0.5119436719117548
UBFC_PHYS_s13_T2_ctrl,54,66,56.2,-0.42447149753570557,0.42402752388964426
UBFC_PHYS_s13_T2_ctrl,54,67,56.233333333333334,-0.5176785588264465,0.2938403743114457
UBFC_PHYS_s13_T2_ctrl,54,68,56.266666666666666,-0.6375336050987244,0.12787963348089512
UBFC_PHYS_s13_T2_ctrl,54,69,56.3,-0.7381383180618286,-0.05342404557851696
UBFC_PHYS_s13_T2_ctrl,54,70,56.333333333333336,-0.820965588092804,-0.22247181535644253
UBFC_PHYS_s13_T2_ctrl,54,71,56.36666666666667,-0.9273039102554321,-0.3533555191175874
UBFC_PHYS_s13_T2_ctrl,54,72,56.4,-1.0780017375946045,-0.4300166555325161
UBFC_PHYS_s13_T2_ctrl,54,73,56.43333333333333,-1.2044800519943237,-0.4509124955859983
UBFC_PHYS_s13_T2_ctrl,54,74,56.46666666666667,-1.1906272172927856,-0.42860454785830593
UBFC_PHYS_s13_T2_ctrl,54,75,56.5,-1.0208338499069214,-0.3846313463808904
UBFC_PHYS_s13_T2_ctrl,54,76,56.53333333333333,-0.8272362947463989,-0.3418015818497264
UBFC_PHYS_s13_T2_ctrl,54,77,56.56666666666667,-0.7349584698677063,-0.3168914608978748
UBFC_PHYS_s13_T2_ctrl,54,78,56.6,-0.7263844609260559,-0.3163509430293684
UBFC_PHYS_s13_T2_ctrl,54,79,56.63333333333333,-0.7044188976287842,-0.33632896368145176
UBFC_PHYS_s13_T2_ctrl,54,80,56.666666666666664,-0.6532745957374573,-0.36666890264042856
UBFC_PHYS_s13_T2_ctrl,54,81,56.7,-0.6482989192008972,-0.39689944098324953
UBFC_PHYS_s13_T2_ctrl,54,82,56.733333333333334,-0.6983392834663391,-0.42120809197493847
UBFC_PHYS_s13_T2_ctrl,54,83,56.766666666666666,-0.7344971895217896,-0.43987293836291824
UBFC_PHYS_s13_T2_ctrl,54,84,56.8,-0.7466200590133667,-0.45679251972870577
UBFC_PHYS_s13_T2_ctrl,54,85,56.833333333333336,-0.7592471241950989,-0.47503297019412705
UBFC_PHYS_s13_T2_ctrl,54,86,56.86666666666667,-0.7634649872779846,-0.49304115322515035
UBFC_PHYS_s13_T2_ctrl,54,87,56.9,-0.7523141503334045,-0.5032350854237936
UBFC_PHYS_s13_T2_ctrl,54,88,56.93333333333333,-0.6971794366836548,-0.49309064560787336
UBFC_PHYS_s13_T2_ctrl,54,89,56.96666666666667,-0.5477733016014099,-0.44790659010757233
UBFC_PHYS_s13_T2_ctrl,54,90,57.0,-0.3475326597690582,-0.354641832997817
UBFC_PHYS_s13_T2_ctrl,54,91,57.03333333333333,-0.2209785133600235,-0.20650823449624747
UBFC_PHYS_s13_T2_ctrl,54,92,57.06666666666667,-0.1792781949043274,-0.007375721946320841
UBFC_PHYS_s13_T2_ctrl,54,93,57.1,-0.13361048698425293,0.22581945655324331
UBFC_PHYS_s13_T2_ctrl,54,94,57.13333333333333,-0.057271383702754974,0.4644426220286552
UBFC_PHYS_s13_T2_ctrl,54,95,57.166666666666664,0.0012441728031262755,0.6739966302245857
UBFC_PHYS_s13_T2_ctrl,54,96,57.2,0.021562164649367332,0.8233927490602484
UBFC_PHYS_s13_T2_ctrl,54,97,57.233333333333334,0.025232980027794838,0.8946770700948902
UBFC_PHYS_s13_T2_ctrl,54,98,57.266666666666666,0.025987572968006134,0.8889459618757176
UBFC_PHYS_s13_T2_ctrl,54,99,57.3,0.022600142285227776,0.8251375450663847
UBFC_PHYS_s13_T2_ctrl,54,100,57.333333333333336,0.013716375455260277,0.7319138951368994
UBFC_PHYS_s13_T2_ctrl,54,101,57.36666666666667,0.009412889368832111,0.6364975511291825
UBFC_PHYS_s13_T2_ctrl,54,102,57.4,0.03449239581823349,0.5554579365541074
UBFC_PHYS_s13_T2_ctrl,54,103,57.43333333333333,0.09902162849903107,0.490924232813865
UBFC_PHYS_s13_T2_ctrl,54,104,57.46666666666667,0.18659725785255432,0.43292584660097505
UBFC_PHYS_s13_T2_ctrl,54,105,57.5,0.28568288683891296,0.36596541612693884
UBFC_PHYS_s13_T2_ctrl,54,106,57.53333333333333,0.4004403352737427,0.27655628137718247
UBFC_PHYS_s13_T2_ctrl,54,107,57.56666666666667,0.601382851600647,0.15871970867469193
UBFC_PHYS_s13_T2_ctrl,54,108,57.6,1.0070672035217285,0.01596269723460322
UBFC_PHYS_s13_T2_ctrl,54,109,57.63333333333333,1.5196038484573364,-0.14003986639045904
UBFC_PHYS_s13_T2_ctrl,54,110,57.666666666666664,1.7861696481704712,-0.2929263522844155
UBFC_PHYS_s13_T2_ctrl,54,111,57.7,1.6339757442474365,-0.4261670590723356
UBFC_PHYS_s13_T2_ctrl,54,112,57.733333333333334,1.2399629354476929,-0.5278571408385495
UBFC_PHYS_s13_T2_ctrl,54,113,57.766666666666666,0.8399825096130371,-0.5949316145477272
UBFC_PHYS_s13_T2_ctrl,54,114,57.8,0.6135551929473877,-0.635265125341548
UBFC_PHYS_s13_T2_ctrl,54,115,57.833333333333336,0.6359260678291321,-0.665957010781684
UBFC_PHYS_s13_T2_ctrl,54,116,57.86666666666667,0.7105780243873596,-0.7073619752251112
UBFC_PHYS_s13_T2_ctrl,54,117,57.9,0.5603020191192627,-0.7743580804564345
UBFC_PHYS_s13_T2_ctrl,54,118,57.93333333333333,0.1841094046831131,-0.8676967985145922
UBFC_PHYS_s13_T2_ctrl,54,119,57.96666666666667,-0.2332167625427246,-0.9686489461667345
UBFC_PHYS_s13_T2_ctrl,54,120,58.0,-0.605890154838562,-1.0396379790410313
UBFC_PHYS_s13_T2_ctrl,54,121,58.03333333333333,-0.9352452754974365,-1.0322342548075518
UBFC_PHYS_s13_T2_ctrl,54,122,58.06666666666667,-1.2393231391906738,-0.9017776297815676
UBFC_PHYS_s13_T2_ctrl,54,123,58.1,-1.5924330949783325,-0.6249685907057804
UBFC_PHYS_s13_T2_ctrl,54,124,58.13333333333333,-2.073580026626587,-0.2138624802352464
UBFC_PHYS_s13_T2_ctrl,54,125,58.166666666666664,-2.5664479732513428,0.2809353781625905
UBFC_PHYS_s13_T2_ctrl,54,126,58.2,-2.797712564468384,0.7816904115497217
UBFC_PHYS_s13_T2_ctrl,54,127,58.233333333333334,-2.6550285816192627,1.2066282326714501
UBFC_PHYS_s13_T2_ctrl,54,128,58.266666666666666,-2.3115437030792236,1.4949432498347324
UBFC_PHYS_s13_T2_ctrl,54,129,58.3,-2.0153939723968506,1.6224070346886998
UBFC_PHYS_s13_T2_ctrl,54,130,58.333333333333336,-1.9029167890548706,1.6020243332232715
UBFC_PHYS_s13_T2_ctrl,54,131,58.36666666666667,-1.9815361499786377,1.4722225849447275
UBFC_PHYS_s13_T2_ctrl,54,132,58.4,-2.080054998397827,1.2793728777823583
UBFC_PHYS_s13_T2_ctrl,54,133,58.43333333333333,-2.0368192195892334,1.0615723788518172
UBFC_PHYS_s13_T2_ctrl,54,134,58.46666666666667,-1.923208475112915,0.8387502710308617
UBFC_PHYS_s13_T2_ctrl,54,135,58.5,-1.9566938877105713,0.611261915116931
UBFC_PHYS_s13_T2_ctrl,54,136,58.53333333333333,-2.1234984397888184,0.3658513354537102
UBFC_PHYS_s13_T2_ctrl,54,137,58.56666666666667,-2.238506317138672,0.0856891918052416
UBFC_PHYS_s13_T2_ctrl,54,138,58.6,-2.060274124145508,-0.2389852221575132
UBFC_PHYS_s13_T2_ctrl,54,139,58.63333333333333,-1.2174992561340332,-0.6022729272559019
UBFC_PHYS_s13_T2_ctrl,54,140,58.666666666666664,-0.032761938869953156,-0.9782147115355004
UBFC_PHYS_s13_T2_ctrl,54,141,58.7,0.7716737389564514,-1.3224764409978287
UBFC_PHYS_s13_T2_ctrl,54,142,58.733333333333334,1.077241063117981,-1.58117534169099
UBFC_PHYS_s13_T2_ctrl,54,143,58.766666666666666,1.111194372177124,-1.7056769838549133
UBFC_PHYS_s13_T2_ctrl,54,144,58.8,1.0362293720245361,-1.6689413061952538
UBFC_PHYS_s13_T2_ctrl,54,145,58.833333333333336,0.9705830812454224,-1.4768340293543756
UBFC_PHYS_s13_T2_ctrl,54,146,58.86666666666667,0.9746856093406677,-1.1687911523642216
UBFC_PHYS_s13_T2_ctrl,54,147,58.9,0.9987336993217468,-0.8063769438682774
UBFC_PHYS_s13_T2_ctrl,54,148,58.93333333333333,0.9909175634384155,-0.45377674088047176
UBFC_PHYS_s13_T2_ctrl,54,149,58.96666666666667,1.0010172128677368,-0.15815822114575004
UBFC_PHYS_s13_T2_ctrl,54,150,59.0,1.101533055305481,0.062135604402243465
UBFC_PHYS_s13_T2_ctrl,54,151,59.03333333333333,1.2719128131866455,0.2173440189903772
UBFC_PHYS_s13_T2_ctrl,54,152,59.06666666666667,1.4491862058639526,0.33534077186537015
UBFC_PHYS_s13_T2_ctrl,54,153,59.1,1.637603759765625,0.4459063184326587
UBFC_PHYS_s13_T2_ctrl,54,154,59.13333333333333,1.8457000255584717,0.567518961906945
UBFC_PHYS_s13_T2_ctrl,54,155,59.166666666666664,2.0550057888031006,0.701678103377495
UBFC_PHYS_s13_T2_ctrl,54,156,59.2,2.2619223594665527,0.8352731546216445
UBFC_PHYS_s13_T2_ctrl,54,157,59.233333333333334,2.524827241897583,0.9476630886773968
UBFC_PHYS_s13_T2_ctrl,54,158,59.266666666666666,2.9158973693847656,1.0181513131114641
UBFC_PHYS_s13_T2_ctrl,54,159,59.3,3.3610711097717285,1.0312099608062784
UBFC_PHYS_s13_T2_ctrl,54,160,59.333333333333336,3.535062313079834,0.9793123786936391
UBFC_PHYS_s13_T2_ctrl,54,161,59.36666666666667,3.2204926013946533,0.8645555458095667
UBFC_PHYS_s13_T2_ctrl,54,162,59.4,2.649513006210327,0.6995844945379986
UBFC_PHYS_s13_T2_ctrl,54,163,59.43333333333333,2.208866834640503,0.506952980953089
UBFC_PHYS_s13_T2_ctrl,54,164,59.46666666666667,1.99285888671875,0.3157008860210338
UBFC_PHYS_s13_T2_ctrl,54,165,59.5,1.8993420600891113,0.15496878451944718
UBFC_PHYS_s13_T2_ctrl,54,166,59.53333333333333,1.841551423072815,0.04615786792877326
UBFC_PHYS_s13_T2_ctrl,54,167,59.56666666666667,1.7167108058929443,-0.0036926742704155285
UBFC_PHYS_s13_T2_ctrl,54,168,59.6,1.4621163606643677,-0.004773459951455271
UBFC_PHYS_s13_T2_ctrl,54,169,59.63333333333333,1.1427028179168701,0.017782347124564786
UBFC_PHYS_s13_T2_ctrl,54,170,59.666666666666664,0.8471791744232178,0.031210607634960467
UBFC_PHYS_s13_T2_ctrl,54,171,59.7,0.5634258389472961,0.005508230847046982
UBFC_PHYS_s13_T2_ctrl,54,172,59.733333333333334,0.245112806558609,-0.07673525592800277
UBFC_PHYS_s13_T2_ctrl,54,173,59.766666666666666,-0.0752992331981659,-0.21494518810616464
UBFC_PHYS_s13_T2_ctrl,54,174,59.8,-0.3404249846935272,-0.39150001901643755
UBFC_PHYS_s13_T2_ctrl,54,175,59.833333333333336,-0.5771397948265076,-0.5778790849245045
UBFC_PHYS_s13_T2_ctrl,54,176,59.86666666666667,-0.8349898457527161,-0.7428214245481691
UBFC_PHYS_s13_T2_ctrl,54,177,59.9,-1.086503267288208,-0.8593915168958649
UBFC_PHYS_s13_T2_ctrl,54,178,59.93333333333333,-1.2786509990692139,-0.9097946769801788
UBFC_PHYS_s13_T2_ctrl,54,179,59.96666666666667,-1.4385521411895752,-0.8884674324304412
UBFC_PHYS_s13_T2_ctrl,54,180,60.0,-1.6295334100723267,-0.8037297893697604
UBFC_PHYS_s13_T2_ctrl,54,181,60.03333333333333,-1.8332208395004272,-0.6769647487803415
UBFC_PHYS_s13_T2_ctrl,54,182,60.06666666666667,-1.9816844463348389,-0.5377772369472368
UBFC_PHYS_s13_T2_ctrl,54,183,60.1,-2.075932741165161,-0.4149373557298859
UBFC_PHYS_s13_T2_ctrl,54,184,60.13333333333333,-2.1939985752105713,-0.3257115811148197
UBFC_PHYS_s13_T2_ctrl,54,185,60.166666666666664,-2.4233388900756836,-0.2684737552101371
UBFC_PHYS_s13_T2_ctrl,54,186,60.2,-2.703167676925659,-0.22325757489505121
UBFC_PHYS_s13_T2_ctrl,54,187,60.233333333333334,-2.7532904148101807,-0.16168263672117242
UBFC_PHYS_s13_T2_ctrl,54,188,60.266666666666666,-2.3881564140319824,-0.06271995349748373
UBFC_PHYS_s13_T2_ctrl,54,189,60.3,-1.8359525203704834,0.07330919804975364
UBFC_PHYS_s13_T2_ctrl,54,190,60.333333333333336,-1.4102566242218018,0.2206238247667536
UBFC_PHYS_s13_T2_ctrl,54,191,60.36666666666667,-1.1770873069763184,0.3376170670431458
UBFC_PHYS_s13_T2_ctrl,54,192,60.4,-1.1076186895370483,0.3865477670114217
UBFC_PHYS_s13_T2_ctrl,54,193,60.43333333333333,-1.1977348327636719,0.35344207706738856
UBFC_PHYS_s13_T2_ctrl,54,194,60.46666666666667,-1.3822805881500244,0.257770003581594
UBFC_PHYS_s13_T2_ctrl,54,195,60.5,-1.5708630084991455,0.14669054708207183
UBFC_PHYS_s13_T2_ctrl,54,196,60.53333333333333,-1.7395886182785034,0.07660903421489125
UBFC_PHYS_s13_T2_ctrl,54,197,60.56666666666667,-1.8696125745773315,0.09077000587728996
UBFC_PHYS_s13_T2_ctrl,54,198,60.6,-1.8774319887161255,0.20246004397264028
UBFC_PHYS_s13_T2_ctrl,54,199,60.63333333333333,-1.6921547651290894,0.3900241196360135
UBFC_PHYS_s13_T2_ctrl,54,200,60.666666666666664,-1.3396412134170532,0.6049634140391029
UBFC_PHYS_s13_T2_ctrl,54,201,60.7,-0.9035128355026245,0.7895266814301012
UBFC_PHYS_s13_T2_ctrl,54,202,60.733333333333334,-0.44591641426086426,0.8966489984262893
UBFC_PHYS_s13_T2_ctrl,54,203,60.766666666666666,-0.00891811866313219,0.9044325030653181
UBFC_PHYS_s13_T2_ctrl,54,204,60.8,0.3540114462375641,0.8202058642242833
UBFC_PHYS_s13_T2_ctrl,54,205,60.833333333333336,0.6111629009246826,0.673960278772512
UBFC_PHYS_s13_T2_ctrl,54,206,60.86666666666667,0.7854837775230408,0.5051533342357262
UBFC_PHYS_s13_T2_ctrl,54,207,60.9,0.9190467000007629,0.34864553530355546
UBFC_PHYS_s13_T2_ctrl,54,208,60.93333333333333,1.0191110372543335,0.22452047620235732
UBFC_PHYS_s13_T2_ctrl,54,209,60.96666666666667,1.0642250776290894,0.13418828233326258
UBFC_PHYS_s13_T2_ctrl,54,210,61.0,1.0420717000961304,0.06308983686399093
UBFC_PHYS_s13_T2_ctrl,54,211,61.03333333333333,0.9593103528022766,-0.011311673441711446
UBFC_PHYS_s13_T2_ctrl,54,212,61.06666666666667,0.8482698202133179,-0.10902727922932447
UBFC_PHYS_s13_T2_ctrl,54,213,61.1,0.7690639495849609,-0.23817816860698202
UBFC_PHYS_s13_T2_ctrl,54,214,61.13333333333333,0.7742637395858765,-0.3901349593571739
UBFC_PHYS_s13_T2_ctrl,54,215,61.166666666666664,0.8624193072319031,-0.5410326065000393
UBFC_PHYS_s13_T2_ctrl,54,216,61.2,1.0308517217636108,-0.6593103084916103
UBFC_PHYS_s13_T2_ctrl,54,217,61.233333333333334,1.3065351247787476,-0.7168029598090229
UBFC_PHYS_s13_T2_ctrl,54,218,61.266666666666666,1.5872535705566406,-0.6996528573233248
UBFC_PHYS_s13_T2_ctrl,54,219,61.3,1.6273722648620605,-0.6152136360482371
UBFC_PHYS_s13_T2_ctrl,54,220,61.333333333333336,1.358836054801941,-0.492148814456134
UBFC_PHYS_s13_T2_ctrl,54,221,61.36666666666667,0.9473851323127747,-0.37289642594111605
UBFC_PHYS_s13_T2_ctrl,54,222,61.4,0.6105993986129761,-0.3001939999456743
UBFC_PHYS_s13_T2_ctrl,54,223,61.43333333333333,0.5511348843574524,-0.30180526028755694
UBFC_PHYS_s13_T2_ctrl,54,224,61.46666666666667,0.8045430183410645,-0.37899295756035367
UBFC_PHYS_s13_T2_ctrl,54,225,61.5,1.0662912130355835,-0.5034360921142905
UBFC_PHYS_s13_T2_ctrl,54,226,61.53333333333333,1.017552375793457,-0.6240252148740523
UBFC_PHYS_s13_T2_ctrl,54,227,61.56666666666667,0.7806892991065979,-0.6811358709889038
UBFC_PHYS_s13_T2_ctrl,54,228,61.6,0.6133871078491211,-0.6237280169656986
UBFC_PHYS_s13_T2_ctrl,54,229,61.63333333333333,0.5557382106781006,-0.42458785785121456
UBFC_PHYS_s13_T2_ctrl,54,230,61.666666666666664,0.5452925562858582,-0.09037287850860025
UBFC_PHYS_s13_T2_ctrl,54,231,61.7,0.5655413269996643,0.33592798888005054
UBFC_PHYS_s13_T2_ctrl,54,232,61.733333333333334,0.5457307696342468,0.7823190304679539
UBFC_PHYS_s13_T2_ctrl,54,233,61.766666666666666,0.3977218270301819,1.1650498414357513
UBFC_PHYS_s13_T2_ctrl,54,234,61.8,0.24389688670635223,1.410868592752511
UBFC_PHYS_s13_T2_ctrl,54,235,61.833333333333336,0.2650386691093445,1.4755229986216598
UBFC_PHYS_s13_T2_ctrl,54,236,61.86666666666667,0.3533458113670349,1.3514436480740168
UBFC_PHYS_s13_T2_ctrl,54,237,61.9,0.22760559618473053,1.0635032047640902
UBFC_PHYS_s13_T2_ctrl,54,238,61.93333333333333,-0.1669674515724182,0.6576824435963767
UBFC_PHYS_s13_T2_ctrl,54,239,61.96666666666667,-0.6106187105178833,0.18966162832413677
UBFC_PHYS_s13_T2_ctrl,55,0,55.0,-0.6275888085365295,0.1717385413986222
UBFC_PHYS_s13_T2_ctrl,55,1,55.03333333333333,-0.7096779942512512,-0.0056779605860225076
UBFC_PHYS_s13_T2_ctrl,55,2,55.06666666666667,-0.7930160164833069,-0.1728685276202546
UBFC_PHYS_s13_T2_ctrl,55,3,55.1,-0.81065833568573,-0.3138307881324356
UBFC_PHYS_s13_T2_ctrl,55,4,55.13333333333333,-0.7051668763160706,-0.4146017631591564
UBFC_PHYS_s13_T2_ctrl,55,5,55.166666666666664,-0.47658783197402954,-0.4663255784579918
UBFC_PHYS_s13_T2_ctrl,55,6,55.2,-0.1979057639837265,-0.4683426259271996
UBFC_PHYS_s13_T2_ctrl,55,7,55.233333333333334,0.058767881244421005,-0.4295615658731815
UBFC_PHYS_s13_T2_ctrl,55,8,55.266666666666666,0.3223416209220886,-0.36710899173809036
UBFC_PHYS_s13_T2_ctrl,55,9,55.3,0.6708910465240479,-0.30258658872661953
UBFC_PHYS_s13_T2_ctrl,55,10,55.333333333333336,1.0619416236877441,-0.25743719411343563
UBFC_PHYS_s13_T2_ctrl,55,11,55.36666666666667,1.3678680658340454,-0.24908978433338635
UBFC_PHYS_s13_T2_ctrl,55,12,55.4,1.5190569162368774,-0.2885479440569008
UBFC_PHYS_s13_T2_ctrl,55,13,55.43333333333333,1.5629056692123413,-0.37890373026132734
UBFC_PHYS_s13_T2_ctrl,55,14,55.46666666666667,1.6128175258636475,-0.5139666281402441
UBFC_PHYS_s13_T2_ctrl,55,15,55.5,1.7840771675109863,-0.6768215629146419
UBFC_PHYS_s13_T2_ctrl,55,16,55.53333333333333,2.032888650894165,-0.8391039698636469
UBFC_PHYS_s13_T2_ctrl,55,17,55.56666666666667,2.128122091293335,-0.9626100730692498
UBFC_PHYS_s13_T2_ctrl,55,18,55.6,1.9314402341842651,-1.0049827057899472
UBFC_PHYS_s13_T2_ctrl,55,19,55.63333333333333,1.5765937566757202,-0.9299046981353991
UBFC_PHYS_s13_T2_ctrl,55,20,55.666666666666664,1.2298632860183716,-0.7195488659550068
UBFC_PHYS_s13_T2_ctrl,55,21,55.7,0.8739886283874512,-0.3844878483517132
UBFC_PHYS_s13_T2_ctrl,55,22,55.733333333333334,0.635168194770813,0.03423261250665808
UBFC_PHYS_s13_T2_ctrl,55,23,55.766666666666666,0.584521472454071,0.47359703933351327
UBFC_PHYS_s13_T2_ctrl,55,24,55.8,0.5794304609298706,0.8655741286175601
UBFC_PHYS_s13_T2_ctrl,55,25,55.833333333333336,0.5414206981658936,1.1559866252240862
UBFC_PHYS_s13_T2_ctrl,55,26,55.86666666666667,0.48690879344940186,1.3176087700179697
UBFC_PHYS_s13_T2_ctrl,55,27,55.9,0.4033203125,1.3526636313684781
UBFC_PHYS_s13_T2_ctrl,55,28,55.93333333333333,0.2666829526424408,1.285219089088112
UBFC_PHYS_s13_T2_ctrl,55,29,55.96666666666667,0.09756187349557877,1.1484171284403417
UBFC_PHYS_s13_T2_ctrl,55,30,56.0,-0.0437018908560276,0.9724793939431938
UBFC_PHYS_s13_T2_ctrl,55,31,56.03333333333333,-0.1416902393102646,0.7775802923389449
UBFC_PHYS_s13_T2_ctrl,55,32,56.06666666666667,-0.22697901725769043,0.5729107712853597
UBFC_PHYS_s13_T2_ctrl,55,33,56.1,-0.30881115794181824,0.36075497850830057
UBFC_PHYS_s13_T2_ctrl,55,34,56.13333333333333,-0.36074626445770264,0.142768970732843
UBFC_PHYS_s13_T2_ctrl,55,35,56.166666666666664,-0.3833840489387512,-0.07463128399138876
UBFC_PHYS_s13_T2_ctrl,55,36,56.2,-0.42447149753570557,-0.2778443884111097
UBFC_PHYS_s13_T2_ctrl,55,37,56.233333333333334,-0.5176785588264465,-0.44723184352727346
UBFC_PHYS_s13_T2_ctrl,55,38,56.266666666666666,-0.6375336050987244,-0.5613576171061315
UBFC_PHYS_s13_T2_ctrl,55,39,56.3,-0.7381383180618286,-0.6030697116707198
UBFC_PHYS_s13_T2_ctrl,55,40,56.333333333333336,-0.820965588092804,-0.5655150193194017
UBFC_PHYS_s13_T2_ctrl,55,41,56.36666666666667,-0.9273039102554321,-0.4559490834989873
UBFC_PHYS_s13_T2_ctrl,55,42,56.4,-1.0780017375946045,-0.29576530504340387
UBFC_PHYS_s13_T2_ctrl,55,43,56.43333333333333,-1.2044800519943237,-0.11634893029943573
UBFC_PHYS_s13_T2_ctrl,55,44,56.46666666666667,-1.1906272172927856,0.048272770173038375
UBFC_PHYS_s13_T2_ctrl,55,45,56.5,-1.0208338499069214,0.16980670944999868
UBFC_PHYS_s13_T2_ctrl,55,46,56.53333333333333,-0.8272362947463989,0.23227165973619837
UBFC_PHYS_s13_T2_ctrl,55,47,56.56666666666667,-0.7349584698677063,0.23440562436481846
UBFC_PHYS_s13_T2_ctrl,55,48,56.6,-0.7263844609260559,0.18717584352208855
UBFC_PHYS_s13_T2_ctrl,55,49,56.63333333333333,-0.7044188976287842,0.10765715899974553
UBFC_PHYS_s13_T2_ctrl,55,50,56.666666666666664,-0.6532745957374573,0.011850897765367173
UBFC_PHYS_s13_T2_ctrl,55,51,56.7,-0.6482989192008972,-0.09078384022137699
UBFC_PHYS_s13_T2_ctrl,55,52,56.733333333333334,-0.6983392834663391,-0.1991305883749047
UBFC_PHYS_s13_T2_ctrl,55,53,56.766666666666666,-0.7344971895217896,-0.31806857276136224
UBFC_PHYS_s13_T2_ctrl,55,54,56.8,-0.7466200590133667,-0.45308572767113126
UBFC_PHYS_s13_T2_ctrl,55,55,56.833333333333336,-0.7592471241950989,-0.6040007259850497
UBFC_PHYS_s13_T2_ctrl,55,56,56.86666666666667,-0.7634649872779846,-0.7600884532922588
UBFC_PHYS_s13_T2_ctrl,55,57,56.9,-0.7523141503334045,-0.898408910169642
UBFC_PHYS_s13_T2_ctrl,55,58,56.93333333333333,-0.6971794366836548,-0.9863916818399807
UBFC_PHYS_s13_T2_ctrl,55,59,56.96666666666667,-0.5477733016014099,-0.9887726559579001
UBFC_PHYS_s13_T2_ctrl,55,60,57.0,-0.3475326597690582,-0.8777485723308115
UBFC_PHYS_s13_T2_ctrl,55,61,57.03333333333333,-0.2209785133600235,-0.6438392969250953
UBFC_PHYS_s13_T2_ctrl,55,62,57.06666666666667,-0.1792781949043274,-0.30383070758915043
UBFC_PHYS_s13_T2_ctrl,55,63,57.1,-0.13361048698425293,0.09807473497669625
UBFC_PHYS_s13_T2_ctrl,55,64,57.13333333333333,-0.057271383702754974,0.4984144847443745
UBFC_PHYS_s13_T2_ctrl,55,65,57.166666666666664,0.0012441728031262755,0.8308893435259499
UBFC_PHYS_s13_T2_ctrl,55,66,57.2,0.021562164649367332,1.0453266243176969
UBFC_PHYS_s13_T2_ctrl,55,67,57.233333333333334,0.025232980027794838,1.1212338938702713
UBFC_PHYS_s13_T2_ctrl,55,68,57.266666666666666,0.025987572968006134,1.0706327941739853
UBFC_PHYS_s13_T2_ctrl,55,69,57.3,0.022600142285227776,0.9301751723348479
UBFC_PHYS_s13_T2_ctrl,55,70,57.333333333333336,0.013716375455260277,0.746836149285202
UBFC_PHYS_s13_T2_ctrl,55,71,57.36666666666667,0.009412889368832111,0.5631203806102276
UBFC_PHYS_s13_T2_ctrl,55,72,57.4,0.03449239581823349,0.40679940610462845
UBFC_PHYS_s13_T2_ctrl,55,73,57.43333333333333,0.09902162849903107,0.287569646604601
UBFC_PHYS_s13_T2_ctrl,55,74,57.46666666666667,0.18659725785255432,0.19999786213342047
UBFC_PHYS_s13_T2_ctrl,55,75,57.5,0.28568288683891296,0.13014570587726232
UBFC_PHYS_s13_T2_ctrl,55,76,57.53333333333333,0.4004403352737427,0.06301028786562039
UBFC_PHYS_s13_T2_ctrl,55,77,57.56666666666667,0.601382851600647,-0.011309943950053216
UBFC_PHYS_s13_T2_ctrl,55,78,57.6,1.0070672035217285,-0.09401153438514578
UBFC_PHYS_s13_T2_ctrl,55,79,57.63333333333333,1.5196038484573364,-0.1771928229099028
UBFC_PHYS_s13_T2_ctrl,55,80,57.666666666666664,1.7861696481704712,-0.24664350691563477
UBFC_PHYS_s13_T2_ctrl,55,81,57.7,1.6339757442474365,-0.28708674624724695
UBFC_PHYS_s13_T2_ctrl,55,82,57.733333333333334,1.2399629354476929,-0.2884989464394789
UBFC_PHYS_s13_T2_ctrl,55,83,57.766666666666666,0.8399825096130371,-0.2515313026011748
UBFC_PHYS_s13_T2_ctrl,55,84,57.8,0.6135551929473877,-0.18974084943857167
UBFC_PHYS_s13_T2_ctrl,55,85,57.833333333333336,0.6359260678291321,-0.12701099596595097
UBFC_PHYS_s13_T2_ctrl,55,86,57.86666666666667,0.7105780243873596,-0.09044583926664947
UBFC_PHYS_s13_T2_ctrl,55,87,57.9,0.5603020191192627,-0.10115034969268014
UBFC_PHYS_s13_T2_ctrl,55,88,57.93333333333333,0.1841094046831131,-0.16634398847436951
UBFC_PHYS_s13_T2_ctrl,55,89,57.96666666666667,-0.2332167625427246,-0.2756622186630362
UBFC_PHYS_s13_T2_ctrl,55,90,58.0,-0.605890154838562,-0.40270226885228855
UBFC_PHYS_s13_T2_ctrl,55,91,58.03333333333333,-0.9352452754974365,-0.5111059450571038
UBFC_PHYS_s13_T2_ctrl,55,92,58.06666666666667,-1.2393231391906738,-0.563619485861163
UBFC_PHYS_s13_T2_ctrl,55,93,58.1,-1.5924330949783325,-0.5321563106133516
UBFC_PHYS_s13_T2_ctrl,55,94,58.13333333333333,-2.073580026626587,-0.40630739151712997
UBFC_PHYS_s13_T2_ctrl,55,95,58.166666666666664,-2.5664479732513428,-0.19748874873605723
UBFC_PHYS_s13_T2_ctrl,55,96,58.2,-2.797712564468384,0.06320661847008838
UBFC_PHYS_s13_T2_ctrl,55,97,58.233333333333334,-2.6550285816192627,0.33325066561418065
UBFC_PHYS_s13_T2_ctrl,55,98,58.266666666666666,-2.3115437030792236,0.5702146008335249
UBFC_PHYS_s13_T2_ctrl,55,99,58.3,-2.0153939723968506,0.7423196196651008
UBFC_PHYS_s13_T2_ctrl,55,100,58.333333333333336,-1.9029167890548706,0.834424169131608
UBFC_PHYS_s13_T2_ctrl,55,101,58.36666666666667,-1.9815361499786377,0.8480477117127821
UBFC_PHYS_s13_T2_ctrl,55,102,58.4,-2.080054998397827,0.7963332794828342
UBFC_PHYS_s13_T2_ctrl,55,103,58.43333333333333,-2.0368192195892334,0.6964832808348567
UBFC_PHYS_s13_T2_ctrl,55,104,58.46666666666667,-1.923208475112915,0.5627979955978425
UBFC_PHYS_s13_T2_ctrl,55,105,58.5,-1.9566938877105713,0.40276614934110594
UBFC_PHYS_s13_T2_ctrl,55,106,58.53333333333333,-2.1234984397888184,0.21700625377992036
UBFC_PHYS_s13_T2_ctrl,55,107,58.56666666666667,-2.238506317138672,0.0023543595092705445
UBFC_PHYS_s13_T2_ctrl,55,108,58.6,-2.060274124145508,-0.24316590853026704
UBFC_PHYS_s13_T2_ctrl,55,109,58.63333333333333,-1.2174992561340332,-0.5148753342676478
UBFC_PHYS_s13_T2_ctrl,55,110,58.666666666666664,-0.032761938869953156,-0.7971924296776233
UBFC_PHYS_s13_T2_ctrl,55,111,58.7,0.7716737389564514,-1.0625053635031472
UBFC_PHYS_s13_T2_ctrl,55,112,58.733333333333334,1.077241063117981,-1.274446766672714
UBFC_PHYS_s13_T2_ctrl,55,113,58.766666666666666,1.111194372177124,-1.3954835738219915
UBFC_PHYS_s13_T2_ctrl,55,114,58.8,1.0362293720245361,-1.3970744110016404
UBFC_PHYS_s13_T2_ctrl,55,115,58.833333333333336,0.9705830812454224,-1.2692355457248807
UBFC_PHYS_s13_T2_ctrl,55,116,58.86666666666667,0.9746856093406677,-1.0257929768265186
UBFC_PHYS_s13_T2_ctrl,55,117,58.9,0.9987336993217468,-0.7024780712925259
UBFC_PHYS_s13_T2_ctrl,55,118,58.93333333333333,0.9909175634384155,-0.34749403782362004
UBFC_PHYS_s13_T2_ctrl,55,119,58.96666666666667,1.0010172128677368,-0.007566014783556474
UBFC_PHYS_s13_T2_ctrl,55,120,59.0,1.101533055305481,0.2848077155977659
UBFC_PHYS_s13_T2_ctrl,55,121,59.03333333333333,1.2719128131866455,0.5173874457545574
UBFC_PHYS_s13_T2_ctrl,55,122,59.06666666666667,1.4491862058639526,0.6956927548760924
UBFC_PHYS_s13_T2_ctrl,55,123,59.1,1.637603759765625,0.8346004215783247
UBFC_PHYS_s13_T2_ctrl,55,124,59.13333333333333,1.8457000255584717,0.9487170288961376
UBFC_PHYS_s13_T2_ctrl,55,125,59.166666666666664,2.0550057888031006,1.045448108899585
UBFC_PHYS_s13_T2_ctrl,55,126,59.2,2.2619223594665527,1.1224879693315908
UBFC_PHYS_s13_T2_ctrl,55,127,59.233333333333334,2.524827241897583,1.169376124419468
UBFC_PHYS_s13_T2_ctrl,55,128,59.266666666666666,2.9158973693847656,1.1717332006560774
UBFC_PHYS_s13_T2_ctrl,55,129,59.3,3.3610711097717285,1.116590379244969
UBFC_PHYS_s13_T2_ctrl,55,130,59.333333333333336,3.535062313079834,0.997292975065773
UBFC_PHYS_s13_T2_ctrl,55,131,59.36666666666667,3.2204926013946533,0.8167401242698206
UBFC_PHYS_s13_T2_ctrl,55,132,59.4,2.649513006210327,0.5883040534838863
UBFC_PHYS_s13_T2_ctrl,55,133,59.43333333333333,2.208866834640503,0.334390787031272
UBFC_PHYS_s13_T2_ctrl,55,134,59.46666666666667,1.99285888671875,0.08298001738562279
UBFC_PHYS_s13_T2_ctrl,55,135,59.5,1.8993420600891113,-0.1373468123907771
UBFC_PHYS_s13_T2_ctrl,55,136,59.53333333333333,1.841551423072815,-0.3031982414243052
UBFC_PHYS_s13_T2_ctrl,55,137,59.56666666666667,1.7167108058929443,-0.40191420932798555
UBFC_PHYS_s13_T2_ctrl,55,138,59.6,1.4621163606643677,-0.4353020076900247
UBFC_PHYS_s13_T2_ctrl,55,139,59.63333333333333,1.1427028179168701,-0.4198911016313291
UBFC_PHYS_s13_T2_ctrl,55,140,59.666666666666664,0.8471791744232178,-0.38274798160732343
UBFC_PHYS_s13_T2_ctrl,55,141,59.7,0.5634258389472961,-0.3534926984876192
UBFC_PHYS_s13_T2_ctrl,55,142,59.733333333333334,0.245112806558609,-0.355045676783461
UBFC_PHYS_s13_T2_ctrl,55,143,59.766666666666666,-0.0752992331981659,-0.39659506892631946
UBFC_PHYS_s13_T2_ctrl,55,144,59.8,-0.3404249846935272,-0.4714654664806144
UBFC_PHYS_s13_T2_ctrl,55,145,59.833333333333336,-0.5771397948265076,-0.5604029549125743
UBFC_PHYS_s13_T2_ctrl,55,146,59.86666666666667,-0.8349898457527161,-0.6384963234331532
UBFC_PHYS_s13_T2_ctrl,55,147,59.9,-1.086503267288208,-0.6828431709492201
UBFC_PHYS_s13_T2_ctrl,55,148,59.93333333333333,-1.2786509990692139,-0.6786357876136812
UBFC_PHYS_s13_T2_ctrl,55,149,59.96666666666667,-1.4385521411895752,-0.6226554985154118
UBFC_PHYS_s13_T2_ctrl,55,150,60.0,-1.6295334100723267,-0.5240303714071322
UBFC_PHYS_s13_T2_ctrl,55,151,60.03333333333333,-1.8332208395004272,-0.4022776709321096
UBFC_PHYS_s13_T2_ctrl,55,152,60.06666666666667,-1.9816844463348389,-0.282594757388613
UBFC_PHYS_s13_T2_ctrl,55,153,60.1,-2.075932741165161,-0.18875296259478988
UBFC_PHYS_s13_T2_ctrl,55,154,60.13333333333333,-2.1939985752105713,-0.13508834932213828
UBFC_PHYS_s13_T2_ctrl,55,155,60.166666666666664,-2.4233388900756836,-0.12048042070042667
UBFC_PHYS_s13_T2_ctrl,55,156,60.2,-2.703167676925659,-0.12773243282281777
UBFC_PHYS_s13_T2_ctrl,55,157,60.233333333333334,-2.7532904148101807,-0.13011177357083067
UBFC_PHYS_s13_T2_ctrl,55,158,60.266666666666666,-2.3881564140319824,-0.10306167125339627
UBFC_PHYS_s13_T2_ctrl,55,159,60.3,-1.8359525203704834,-0.03579479908248848
UBFC_PHYS_s13_T2_ctrl,55,160,60.333333333333336,-1.4102566242218018,0.06285186319369618
UBFC_PHYS_s13_T2_ctrl,55,161,60.36666666666667,-1.1770873069763184,0.16729172499271422
UBFC_PHYS_s13_T2_ctrl,55,162,60.4,-1.1076186895370483,0.24581661817163158
UBFC_PHYS_s13_T2_ctrl,55,163,60.43333333333333,-1.1977348327636719,0.2744959333016194
UBFC_PHYS_s13_T2_ctrl,55,164,60.46666666666667,-1.3822805881500244,0.24830209143127205
UBFC_PHYS_s13_T2_ctrl,55,165,60.5,-1.5708630084991455,0.18459003842770244
UBFC_PHYS_s13_T2_ctrl,55,166,60.53333333333333,-1.7395886182785034,0.11751452456630744
UBFC_PHYS_s13_T2_ctrl,55,167,60.56666666666667,-1.8696125745773315,0.08581079111790181
UBFC_PHYS_s13_T2_ctrl,55,168,60.6,-1.8774319887161255,0.11869348504864809
UBFC_PHYS_s13_T2_ctrl,55,169,60.63333333333333,-1.6921547651290894,0.2249459813949893
UBFC_PHYS_s13_T2_ctrl,55,170,60.666666666666664,-1.3396412134170532,0.38896164938773387
UBFC_PHYS_s13_T2_ctrl,55,171,60.7,-0.9035128355026245,0.5750728328096145
UBFC_PHYS_s13_T2_ctrl,55,172,60.733333333333334,-0.44591641426086426,0.738632447094995
UBFC_PHYS_s13_T2_ctrl,55,173,60.766666666666666,-0.00891811866313219,0.8399024656786211
UBFC_PHYS_s13_T2_ctrl,55,174,60.8,0.3540114462375641,0.8557704564629637
UBFC_PHYS_s13_T2_ctrl,55,175,60.833333333333336,0.6111629009246826,0.7853042260233254
UBFC_PHYS_s13_T2_ctrl,55,176,60.86666666666667,0.7854837775230408,0.6478949616686884
UBFC_PHYS_s13_T2_ctrl,55,177,60.9,0.9190467000007629,0.4756553199397528
UBFC_PHYS_s13_T2_ctrl,55,178,60.93333333333333,1.0191110372543335,0.3033164271414284
UBFC_PHYS_s13_T2_ctrl,55,179,60.96666666666667,1.0642250776290894,0.15896291088552952
UBFC_PHYS_s13_T2_ctrl,55,180,61.0,1.0420717000961304,0.0581089971919093
UBFC_PHYS_s13_T2_ctrl,55,181,61.03333333333333,0.9593103528022766,0.00222177928154695
UBFC_PHYS_s13_T2_ctrl,55,182,61.06666666666667,0.8482698202133179,-0.01876740594953815
UBFC_PHYS_s13_T2_ctrl,55,183,61.1,0.7690639495849609,-0.02147912993943549
UBFC_PHYS_s13_T2_ctrl,55,184,61.13333333333333,0.7742637395858765,-0.023333274542229356
UBFC_PHYS_s13_T2_ctrl,55,185,61.166666666666664,0.8624193072319031,-0.03749484024634275
UBFC_PHYS_s13_T2_ctrl,55,186,61.2,1.0308517217636108,-0.06980205970380259
UBFC_PHYS_s13_T2_ctrl,55,187,61.233333333333334,1.3065351247787476,-0.11860709327987916
UBFC_PHYS_s13_T2_ctrl,55,188,61.266666666666666,1.5872535705566406,-0.1775882663425488
UBFC_PHYS_s13_T2_ctrl,55,189,61.3,1.6273722648620605,-0.24040064965715166
UBFC_PHYS_s13_T2_ctrl,55,190,61.333333333333336,1.358836054801941,-0.3051027403497543
UBFC_PHYS_s13_T2_ctrl,55,191,61.36666666666667,0.9473851323127747,-0.3762734232237024
UBFC_PHYS_s13_T2_ctrl,55,192,61.4,0.6105993986129761,-0.4637931864040818
UBFC_PHYS_s13_T2_ctrl,55,193,61.43333333333333,0.5511348843574524,-0.5787406452524301
UBFC_PHYS_s13_T2_ctrl,55,194,61.46666666666667,0.8045430183410645,-0.7278826277679954
UBFC_PHYS_s13_T2_ctrl,55,195,61.5,1.0662912130355835,-0.9084470835854355
UBFC_PHYS_s13_T2_ctrl,55,196,61.53333333333333,1.017552375793457,-1.104487097840871
UBFC_PHYS_s13_T2_ctrl,55,197,61.56666666666667,0.7806892991065979,-1.2858542416198124
UBFC_PHYS_s13_T2_ctrl,55,198,61.6,0.6133871078491211,-1.4109222694091572
UBFC_PHYS_s13_T2_ctrl,55,199,61.63333333333333,0.5557382106781006,-1.4340675203592859
UBFC_PHYS_s13_T2_ctrl,55,200,61.666666666666664,0.5452925562858582,-1.3176529449375434
UBFC_PHYS_s13_T2_ctrl,55,201,61.7,0.5655413269996643,-1.0457445791516669
UBFC_PHYS_s13_T2_ctrl,55,202,61.733333333333334,0.5457307696342468,-0.6341663197847482
UBFC_PHYS_s13_T2_ctrl,55,203,61.766666666666666,0.3977218270301819,-0.13121042399225125
UBFC_PHYS_s13_T2_ctrl,55,204,61.8,0.24389688670635223,0.3932066136033205
UBFC_PHYS_s13_T2_ctrl,55,205,61.833333333333336,0.2650386691093445,0.8665359968247397
UBFC_PHYS_s13_T2_ctrl,55,206,61.86666666666667,0.3533458113670349,1.23289746023232
UBFC_PHYS_s13_T2_ctrl,55,207,61.9,0.22760559618473053,1.4646412159037996
UBFC_PHYS_s13_T2_ctrl,55,208,61.93333333333333,-0.1669674515724182,1.5626464032578025
UBFC_PHYS_s13_T2_ctrl,55,209,61.96666666666667,-0.6106187105178833,1.5476959411385722
UBFC_PHYS_s13_T2_ctrl,55,210,62.0,-0.888022243976593,1.448552770510777
UBFC_PHYS_s13_T2_ctrl,55,211,62.03333333333333,-0.9376276731491089,1.2921112708715834
UBFC_PHYS_s13_T2_ctrl,55,212,62.06666666666667,-0.8367890119552612,1.0984391238117281
UBFC_PHYS_s13_T2_ctrl,55,213,62.1,-0.7378022074699402,0.8805270591312225
UBFC_PHYS_s13_T2_ctrl,55,214,62.13333333333333,-0.7893023490905762,0.6467052339788677
UBFC_PHYS_s13_T2_ctrl,55,215,62.166666666666664,-0.9711922407150269,0.40353905818602953
UBFC_PHYS_s13_T2_ctrl,55,216,62.2,-1.0832114219665527,0.15807716100977975
UBFC_PHYS_s13_T2_ctrl,55,217,62.233333333333334,-0.9563837647438049,-0.08068494225201735
UBFC_PHYS_s13_T2_ctrl,55,218,62.266666666666666,-0.6169552803039551,-0.30117504099038217
UBFC_PHYS_s13_T2_ctrl,55,219,62.3,-0.24488164484500885,-0.4897332975372506
UBFC_PHYS_s13_T2_ctrl,55,220,62.333333333333336,0.007966311648488045,-0.6322740791602455
UBFC_PHYS_s13_T2_ctrl,55,221,62.36666666666667,0.10736169666051865,-0.716766923384108
UBFC_PHYS_s13_T2_ctrl,55,222,62.4,0.11014610528945923,-0.7360841380464591
UBFC_PHYS_s13_T2_ctrl,55,223,62.43333333333333,0.10555923730134964,-0.6906829213665995
UBFC_PHYS_s13_T2_ctrl,55,224,62.46666666666667,0.1534215211868286,-0.5902322780550919
UBFC_PHYS_s13_T2_ctrl,55,225,62.5,0.23655197024345398,-0.4531205571409338
UBFC_PHYS_s13_T2_ctrl,55,226,62.53333333333333,0.289505273103714,-0.3033205663226262
UBFC_PHYS_s13_T2_ctrl,55,227,62.56666666666667,0.2818571925163269,-0.16520143066675183
UBFC_PHYS_s13_T2_ctrl,55,228,62.6,0.23532617092132568,-0.05794375824277048
UBFC_PHYS_s13_T2_ctrl,55,229,62.63333333333333,0.21049049496650696,0.008455413046008237
UBFC_PHYS_s13_T2_ctrl,55,230,62.666666666666664,0.2776097357273102,0.034295973653962385
UBFC_PHYS_s13_T2_ctrl,55,231,62.7,0.42459389567375183,0.02836299317646944
UBFC_PHYS_s13_T2_ctrl,55,232,62.733333333333334,0.5439909100532532,0.004220722752831176
UBFC_PHYS_s13_T2_ctrl,55,233,62.766666666666666,0.5949177145957947,-0.02386979944581697
UBFC_PHYS_s13_T2_ctrl,55,234,62.8,0.6583661437034607,-0.04408449449044613
UBFC_PHYS_s13_T2_ctrl,55,235,62.833333333333336,0.7333970665931702,-0.04864008368324087
UBFC_PHYS_s13_T2_ctrl,55,236,62.86666666666667,0.7245660424232483,-0.03417879359979258
UBFC_PHYS_s13_T2_ctrl,55,237,62.9,0.6548765897750854,-0.0016373410888952718
UBFC_PHYS_s13_T2_ctrl,55,238,62.93333333333333,0.6795639395713806,0.04407556282926554
UBFC_PHYS_s13_T2_ctrl,55,239,62.96666666666667,0.8956378698348999,0.09484395717806814
UBFC_PHYS_s13_T2_ctrl,56,0,56.0,-0.0437018908560276,-0.0019113412250536697
UBFC_PHYS_s13_T2_ctrl,56,1,56.03333333333333,-0.1416902393102646,-0.08458929628100105
UBFC_PHYS_s13_T2_ctrl,56,2,56.06666666666667,-0.22697901725769043,-0.15155906606903985
UBFC_PHYS_s13_T2_ctrl,56,3,56.1,-0.30881115794181824,-0.19244055234739438
UBFC_PHYS_s13_T2_ctrl,56,4,56.13333333333333,-0.36074626445770264,-0.20439218347186028
UBFC_PHYS_s13_T2_ctrl,56,5,56.166666666666664,-0.3833840489387512,-0.19231823819862837
UBFC_PHYS_s13_T2_ctrl,56,6,56.2,-0.42447149753570557,-0.16604638906505062
UBFC_PHYS_s13_T2_ctrl,56,7,56.233333333333334,-0.5176785588264465,-0.1357183055004614
UBFC_PHYS_s13_T2_ctrl,56,8,56.266666666666666,-0.6375336050987244,-0.10749671221158094
UBFC_PHYS_s13_T2_ctrl,56,9,56.3,-0.7381383180618286,-0.08147772537433401
UBFC_PHYS_s13_T2_ctrl,56,10,56.333333333333336,-0.820965588092804,-0.05259443660432666
UBFC_PHYS_s13_T2_ctrl,56,11,56.36666666666667,-0.9273039102554321,-0.013944609238172843
UBFC_PHYS_s13_T2_ctrl,56,12,56.4,-1.0780017375946045,0.03897692556953888
UBFC_PHYS_s13_T2_ctrl,56,13,56.43333333333333,-1.2044800519943237,0.10496331964440472
UBFC_PHYS_s13_T2_ctrl,56,14,56.46666666666667,-1.1906272172927856,0.17616917679762373
UBFC_PHYS_s13_T2_ctrl,56,15,56.5,-1.0208338499069214,0.24006482597984907
UBFC_PHYS_s13_T2_ctrl,56,16,56.53333333333333,-0.8272362947463989,0.2834415677070109
UBFC_PHYS_s13_T2_ctrl,56,17,56.56666666666667,-0.7349584698677063,0.2966748866648984
UBFC_PHYS_s13_T2_ctrl,56,18,56.6,-0.7263844609260559,0.2764369829314084
UBFC_PHYS_s13_T2_ctrl,56,19,56.63333333333333,-0.7044188976287842,0.22594267108476315
UBFC_PHYS_s13_T2_ctrl,56,20,56.666666666666664,-0.6532745957374573,0.15306512878838116
UBFC_PHYS_s13_T2_ctrl,56,21,56.7,-0.6482989192008972,0.06749822951539755
UBFC_PHYS_s13_T2_ctrl,56,22,56.733333333333334,-0.6983392834663391,-0.021858520653247976
UBFC_PHYS_s13_T2_ctrl,56,23,56.766666666666666,-0.7344971895217896,-0.10861542630628192
UBFC_PHYS_s13_T2_ctrl,56,24,56.8,-0.7466200590133667,-0.1894748546964288
UBFC_PHYS_s13_T2_ctrl,56,25,56.833333333333336,-0.7592471241950989,-0.26368489731140043
UBFC_PHYS_s13_T2_ctrl,56,26,56.86666666666667,-0.7634649872779846,-0.3315320065111894
UBFC_PHYS_s13_T2_ctrl,56,27,56.9,-0.7523141503334045,-0.39228487696248554
UBFC_PHYS_s13_T2_ctrl,56,28,56.93333333333333,-0.6971794366836548,-0.4423286845056594
UBFC_PHYS_s13_T2_ctrl,56,29,56.96666666666667,-0.5477733016014099,-0.4743735585434868
UBFC_PHYS_s13_T2_ctrl,56,30,57.0,-0.3475326597690582,-0.47835285201169464
UBFC_PHYS_s13_T2_ctrl,56,31,57.03333333333333,-0.2209785133600235,-0.4440500951254997
UBFC_PHYS_s13_T2_ctrl,56,32,57.06666666666667,-0.1792781949043274,-0.36485145292016824
UBFC_PHYS_s13_T2_ctrl,56,33,57.1,-0.13361048698425293,-0.24145798377583136
UBFC_PHYS_s13_T2_ctrl,56,34,57.13333333333333,-0.057271383702754974,-0.08406420547647858
UBFC_PHYS_s13_T2_ctrl,56,35,57.166666666666664,0.0012441728031262755,0.08832668976260444
UBFC_PHYS_s13_T2_ctrl,56,36,57.2,0.021562164649367332,0.25192241425758516
UBFC_PHYS_s13_T2_ctrl,56,37,57.233333333333334,0.025232980027794838,0.38445115770002014
UBFC_PHYS_s13_T2_ctrl,56,38,57.266666666666666,0.025987572968006134,0.4711835429398091
UBFC_PHYS_s13_T2_ctrl,56,39,57.3,0.022600142285227776,0.5079012861545422
UBFC_PHYS_s13_T2_ctrl,56,40,57.333333333333336,0.013716375455260277,0.49980260453959563
UBFC_PHYS_s13_T2_ctrl,56,41,57.36666666666667,0.009412889368832111,0.4576415450533264
UBFC_PHYS_s13_T2_ctrl,56,42,57.4,0.03449239581823349,0.3934845231869853
UBFC_PHYS_s13_T2_ctrl,56,43,57.43333333333333,0.09902162849903107,0.3179308926381929
UBFC_PHYS_s13_T2_ctrl,56,44,57.46666666666667,0.18659725785255432,0.23920670014863024
UBFC_PHYS_s13_T2_ctrl,56,45,57.5,0.28568288683891296,0.16338119004745247
UBFC_PHYS_s13_T2_ctrl,56,46,57.53333333333333,0.4004403352737427,0.09481008627765675
UBFC_PHYS_s13_T2_ctrl,56,47,57.56666666666667,0.601382851600647,0.03637856830205084
UBFC_PHYS_s13_T2_ctrl,56,48,57.6,1.0070672035217285,-0.010502462371754319
UBFC_PHYS_s13_T2_ctrl,56,49,57.63333333333333,1.5196038484573364,-0.04598010615614141
UBFC_PHYS_s13_T2_ctrl,56,50,57.666666666666664,1.7861696481704712,-0.07160713021292243
UBFC_PHYS_s13_T2_ctrl,56,51,57.7,1.6339757442474365,-0.08978513803600324
UBFC_PHYS_s13_T2_ctrl,56,52,57.733333333333334,1.2399629354476929,-0.10312705917260098
UBFC_PHYS_s13_T2_ctrl,56,53,57.766666666666666,0.8399825096130371,-0.11430587228546053
UBFC_PHYS_s13_T2_ctrl,56,54,57.8,0.6135551929473877,-0.12649998230772586
UBFC_PHYS_s13_T2_ctrl,56,55,57.833333333333336,0.6359260678291321,-0.14381867558169517
UBFC_PHYS_s13_T2_ctrl,56,56,57.86666666666667,0.7105780243873596,-0.170813638056641
UBFC_PHYS_s13_T2_ctrl,56,57,57.9,0.5603020191192627,-0.2106514526351896
UBFC_PHYS_s13_T2_ctrl,56,58,57.93333333333333,0.1841094046831131,-0.2624779935312646
UBFC_PHYS_s13_T2_ctrl,56,59,57.96666666666667,-0.2332167625427246,-0.31921470408335295
UBFC_PHYS_s13_T2_ctrl,56,60,58.0,-0.605890154838562,-0.36697881137310234
UBFC_PHYS_s13_T2_ctrl,56,61,58.03333333333333,-0.9352452754974365,-0.38683656125506666
UBFC_PHYS_s13_T2_ctrl,56,62,58.06666666666667,-1.2393231391906738,-0.3590876867689478
UBFC_PHYS_s13_T2_ctrl,56,63,58.1,-1.5924330949783325,-0.2694909689164037
UBFC_PHYS_s13_T2_ctrl,56,64,58.13333333333333,-2.073580026626587,-0.11564757420083638
UBFC_PHYS_s13_T2_ctrl,56,65,58.166666666666664,-2.5664479732513428,0.0891014388343207
UBFC_PHYS_s13_T2_ctrl,56,66,58.2,-2.797712564468384,0.3165487068052417
UBFC_PHYS_s13_T2_ctrl,56,67,58.233333333333334,-2.6550285816192627,0.5297787030750685
UBFC_PHYS_s13_T2_ctrl,56,68,58.266666666666666,-2.3115437030792236,0.6926700173950595
UBFC_PHYS_s13_T2_ctrl,56,69,58.3,-2.0153939723968506,0.7792233524533635
UBFC_PHYS_s13_T2_ctrl,56,70,58.333333333333336,-1.9029167890548706,0.7795164755116999
UBFC_PHYS_s13_T2_ctrl,56,71,58.36666666666667,-1.9815361499786377,0.7006116778676487
UBFC_PHYS_s13_T2_ctrl,56,72,58.4,-2.080054998397827,0.5623608101961399
UBFC_PHYS_s13_T2_ctrl,56,73,58.43333333333333,-2.0368192195892334,0.3896208035665992
UBFC_PHYS_s13_T2_ctrl,56,74,58.46666666666667,-1.923208475112915,0.20383198971369249
UBFC_PHYS_s13_T2_ctrl,56,75,58.5,-1.9566938877105713,0.017290967618135318
UBFC_PHYS_s13_T2_ctrl,56,76,58.53333333333333,-2.1234984397888184,-0.16784114455681662
UBFC_PHYS_s13_T2_ctrl,56,77,58.56666666666667,-2.238506317138672,-0.3558755297049537
UBFC_PHYS_s13_T2_ctrl,56,78,58.6,-2.060274124145508,-0.5510693375341257
UBFC_PHYS_s13_T2_ctrl,56,79,58.63333333333333,-1.2174992561340332,-0.7508551615602722
UBFC_PHYS_s13_T2_ctrl,56,80,58.666666666666664,-0.032761938869953156,-0.9414449227803638
UBFC_PHYS_s13_T2_ctrl,56,81,58.7,0.7716737389564514,-1.0977685962591401
UBFC_PHYS_s13_T2_ctrl,56,82,58.733333333333334,1.077241063117981,-1.1885158735277468
UBFC_PHYS_s13_T2_ctrl,56,83,58.766666666666666,1.111194372177124,-1.1853450000403647
UBFC_PHYS_s13_T2_ctrl,56,84,58.8,1.0362293720245361,-1.073417583028272
UBFC_PHYS_s13_T2_ctrl,56,85,58.833333333333336,0.9705830812454224,-0.8591998975414995
UBFC_PHYS_s13_T2_ctrl,56,86,58.86666666666667,0.9746856093406677,-0.5718118996103063
UBFC_PHYS_s13_T2_ctrl,56,87,58.9,0.9987336993217468,-0.2562877918822744
UBFC_PHYS_s13_T2_ctrl,56,88,58.93333333333333,0.9909175634384155,0.03963340178784607
UBFC_PHYS_s13_T2_ctrl,56,89,58.96666666666667,1.0010172128677368,0.2803271503330349
UBFC_PHYS_s13_T2_ctrl,56,90,59.0,1.101533055305481,0.45228782696912095
UBFC_PHYS_s13_T2_ctrl,56,91,59.03333333333333,1.2719128131866455,0.5647489060433378
UBFC_PHYS_s13_T2_ctrl,56,92,59.06666666666667,1.4491862058639526,0.6413648507235903
UBFC_PHYS_s13_T2_ctrl,56,93,59.1,1.637603759765625,0.7079075210709211
UBFC_PHYS_s13_T2_ctrl,56,94,59.13333333333333,1.8457000255584717,0.7816704990268825
UBFC_PHYS_s13_T2_ctrl,56,95,59.166666666666664,2.0550057888031006,0.866055068652683
UBFC_PHYS_s13_T2_ctrl,56,96,59.2,2.2619223594665527,0.9510761348208355
UBFC_PHYS_s13_T2_ctrl,56,97,59.233333333333334,2.524827241897583,1.0183954991819526
UBFC_PHYS_s13_T2_ctrl,56,98,59.266666666666666,2.9158973693847656,1.0482467314904198
UBFC_PHYS_s13_T2_ctrl,56,99,59.3,3.3610711097717285,1.0255791071179472
UBFC_PHYS_s13_T2_ctrl,56,100,59.333333333333336,3.535062313079834,0.9438291967040263
UBFC_PHYS_s13_T2_ctrl,56,101,59.36666666666667,3.2204926013946533,0.8060684185598983
UBFC_PHYS_s13_T2_ctrl,56,102,59.4,2.649513006210327,0.6240415828979843
UBFC_PHYS_s13_T2_ctrl,56,103,59.43333333333333,2.208866834640503,0.41575007380037377
UBFC_PHYS_s13_T2_ctrl,56,104,59.46666666666667,1.99285888671875,0.2021222313422188
UBFC_PHYS_s13_T2_ctrl,56,105,59.5,1.8993420600891113,0.003258126639590412
UBFC_PHYS_s13_T2_ctrl,56,106,59.53333333333333,1.841551423072815,-0.16517529152017876
UBFC_PHYS_s13_T2_ctrl,56,107,59.56666666666667,1.7167108058929443,-0.29475012716667953
UBFC_PHYS_s13_T2_ctrl,56,108,59.6,1.4621163606643677,-0.38572034941779976
UBFC_PHYS_s13_T2_ctrl,56,109,59.63333333333333,1.1427028179168701,-0.44663634687897674
UBFC_PHYS_s13_T2_ctrl,56,110,59.666666666666664,0.8471791744232178,-0.49176997556924595
UBFC_PHYS_s13_T2_ctrl,56,111,59.7,0.5634258389472961,-0.5365604315207828
UBFC_PHYS_s13_T2_ctrl,56,112,59.733333333333334,0.245112806558609,-0.5924010120009967
UBFC_PHYS_s13_T2_ctrl,56,113,59.766666666666666,-0.0752992331981659,-0.6627061764968066
UBFC_PHYS_s13_T2_ctrl,56,114,59.8,-0.3404249846935272,-0.7415271671308566
UBFC_PHYS_s13_T2_ctrl,56,115,59.833333333333336,-0.5771397948265076,-0.814714982190331
UBFC_PHYS_s13_T2_ctrl,56,116,59.86666666666667,-0.8349898457527161,-0.8629040074545303
UBFC_PHYS_s13_T2_ctrl,56,117,59.9,-1.086503267288208,-0.8657877204922824
UBFC_PHYS_s13_T2_ctrl,56,118,59.93333333333333,-1.2786509990692139,-0.8077124283884219
UBFC_PHYS_s13_T2_ctrl,56,119,59.96666666666667,-1.4385521411895752,-0.6842309971234987
UBFC_PHYS_s13_T2_ctrl,56,120,60.0,-1.6295334100723267,-0.5075101839439947
UBFC_PHYS_s13_T2_ctrl,56,121,60.03333333333333,-1.8332208395004272,-0.3070476831455485
UBFC_PHYS_s13_T2_ctrl,56,122,60.06666666666667,-1.9816844463348389,-0.12302093773831108
UBFC_PHYS_s13_T2_ctrl,56,123,60.1,-2.075932741165161,0.0069250783481357055
UBFC_PHYS_s13_T2_ctrl,56,124,60.13333333333333,-2.1939985752105713,0.062244919105023284
UBFC_PHYS_s13_T2_ctrl,56,125,60.166666666666664,-2.4233388900756836,0.04817613596227513
UBFC_PHYS_s13_T2_ctrl,56,126,60.2,-2.703167676925659,-0.006292171650944393
UBFC_PHYS_s13_T2_ctrl,56,127,60.233333333333334,-2.7532904148101807,-0.06069785738640869
UBFC_PHYS_s13_T2_ctrl,56,128,60.266666666666666,-2.3881564140319824,-0.08018591024571621
UBFC_PHYS_s13_T2_ctrl,56,129,60.3,-1.8359525203704834,-0.04965321641702437
UBFC_PHYS_s13_T2_ctrl,56,130,60.333333333333336,-1.4102566242218018,0.021443983492000177
UBFC_PHYS_s13_T2_ctrl,56,131,60.36666666666667,-1.1770873069763184,0.10566286804295066
UBFC_PHYS_s13_T2_ctrl,56,132,60.4,-1.1076186895370483,0.172138770884946
UBFC_PHYS_s13_T2_ctrl,56,133,60.43333333333333,-1.1977348327636719,0.20198107911815197
UBFC_PHYS_s13_T2_ctrl,56,134,60.46666666666667,-1.3822805881500244,0.19721676860221157
UBFC_PHYS_s13_T2_ctrl,56,135,60.5,-1.5708630084991455,0.17946287300753716
UBFC_PHYS_s13_T2_ctrl,56,136,60.53333333333333,-1.7395886182785034,0.17967361530841705
UBFC_PHYS_s13_T2_ctrl,56,137,60.56666666666667,-1.8696125745773315,0.22425012623911167
UBFC_PHYS_s13_T2_ctrl,56,138,60.6,-1.8774319887161255,0.3235574130892117
UBFC_PHYS_s13_T2_ctrl,56,139,60.63333333333333,-1.6921547651290894,0.46707623503816775
UBFC_PHYS_s13_T2_ctrl,56,140,60.666666666666664,-1.3396412134170532,0.6266396467468929
UBFC_PHYS_s13_T2_ctrl,56,141,60.7,-0.9035128355026245,0.766268475471593
UBFC_PHYS_s13_T2_ctrl,56,142,60.733333333333334,-0.44591641426086426,0.8546202825179722
UBFC_PHYS_s13_T2_ctrl,56,143,60.766666666666666,-0.00891811866313219,0.875120221536211
UBFC_PHYS_s13_T2_ctrl,56,144,60.8,0.3540114462375641,0.8300951456698029
UBFC_PHYS_s13_T2_ctrl,56,145,60.833333333333336,0.6111629009246826,0.7379320188324825
UBFC_PHYS_s13_T2_ctrl,56,146,60.86666666666667,0.7854837775230408,0.6250351247778564
UBFC_PHYS_s13_T2_ctrl,56,147,60.9,0.9190467000007629,0.5160597508059495
UBFC_PHYS_s13_T2_ctrl,56,148,60.93333333333333,1.0191110372543335,0.4260646129019324
UBFC_PHYS_s13_T2_ctrl,56,149,60.96666666666667,1.0642250776290894,0.3570950713606744
UBFC_PHYS_s13_T2_ctrl,56,150,61.0,1.0420717000961304,0.29990399230251386
UBFC_PHYS_s13_T2_ctrl,56,151,61.03333333333333,0.9593103528022766,0.23962849210789158
UBFC_PHYS_s13_T2_ctrl,56,152,61.06666666666667,0.8482698202133179,0.16284356014604978
UBFC_PHYS_s13_T2_ctrl,56,153,61.1,0.7690639495849609,0.0630987352937203
UBFC_PHYS_s13_T2_ctrl,56,154,61.13333333333333,0.7742637395858765,-0.0570055598441429
UBFC_PHYS_s13_T2_ctrl,56,155,61.166666666666664,0.8624193072319031,-0.1874867602087407
UBFC_PHYS_s13_T2_ctrl,56,156,61.2,1.0308517217636108,-0.31517037744110143
UBFC_PHYS_s13_T2_ctrl,56,157,61.233333333333334,1.3065351247787476,-0.4284645552064451
UBFC_PHYS_s13_T2_ctrl,56,158,61.266666666666666,1.5872535705566406,-0.5210246776589259
UBFC_PHYS_s13_T2_ctrl,56,159,61.3,1.6273722648620605,-0.5933916657137818
UBFC_PHYS_s13_T2_ctrl,56,160,61.333333333333336,1.358836054801941,-0.6524558262133023
UBFC_PHYS_s13_T2_ctrl,56,161,61.36666666666667,0.9473851323127747,-0.7091500917847263
UBFC_PHYS_s13_T2_ctrl,56,162,61.4,0.6105993986129761,-0.7751007141944074
UBFC_PHYS_s13_T2_ctrl,56,163,61.43333333333333,0.5511348843574524,-0.8590183056537942
UBFC_PHYS_s13_T2_ctrl,56,164,61.46666666666667,0.8045430183410645,-0.9634406519858498
UBFC_PHYS_s13_T2_ctrl,56,165,61.5,1.0662912130355835,-1.082270305343486
UBFC_PHYS_s13_T2_ctrl,56,166,61.53333333333333,1.017552375793457,-1.1995980489422797
UBFC_PHYS_s13_T2_ctrl,56,167,61.56666666666667,0.7806892991065979,-1.2905750514259238
UBFC_PHYS_s13_T2_ctrl,56,168,61.6,0.6133871078491211,-1.3252383036134163
UBFC_PHYS_s13_T2_ctrl,56,169,61.63333333333333,0.5557382106781006,-1.2755078139702167
UBFC_PHYS_s13_T2_ctrl,56,170,61.666666666666664,0.5452925562858582,-1.1238778563267946
UBFC_PHYS_s13_T2_ctrl,56,171,61.7,0.5655413269996643,-0.8706272256527183
UBFC_PHYS_s13_T2_ctrl,56,172,61.733333333333334,0.5457307696342468,-0.5360483309715803
UBFC_PHYS_s13_T2_ctrl,56,173,61.766666666666666,0.3977218270301819,-0.1559519011284253
UBFC_PHYS_s13_T2_ctrl,56,174,61.8,0.24389688670635223,0.2280522558310684
UBFC_PHYS_s13_T2_ctrl,56,175,61.833333333333336,0.2650386691093445,0.5793491863335829
UBFC_PHYS_s13_T2_ctrl,56,176,61.86666666666667,0.3533458113670349,0.8737943706711859
UBFC_PHYS_s13_T2_ctrl,56,177,61.9,0.22760559618473053,1.101495351360793
UBFC_PHYS_s13_T2_ctrl,56,178,61.93333333333333,-0.1669674515724182,1.2634045372476588
UBFC_PHYS_s13_T2_ctrl,56,179,61.96666666666667,-0.6106187105178833,1.3654303044299907
UBFC_PHYS_s13_T2_ctrl,56,180,62.0,-0.888022243976593,1.4133025601903946
UBFC_PHYS_s13_T2_ctrl,56,181,62.03333333333333,-0.9376276731491089,1.4103112985848787
UBFC_PHYS_s13_T2_ctrl,56,182,62.06666666666667,-0.8367890119552612,1.3580897440732023
UBFC_PHYS_s13_T2_ctrl,56,183,62.1,-0.7378022074699402,1.2589817636276917
UBFC_PHYS_s13_T2_ctrl,56,184,62.13333333333333,-0.7893023490905762,1.118063249421106
UBFC_PHYS_s13_T2_ctrl,56,185,62.166666666666664,-0.9711922407150269,0.9436308729893247
UBFC_PHYS_s13_T2_ctrl,56,186,62.2,-1.0832114219665527,0.7462787866926986
UBFC_PHYS_s13_T2_ctrl,56,187,62.233333333333334,-0.9563837647438049,0.5375342081808175
UBFC_PHYS_s13_T2_ctrl,56,188,62.266666666666666,-0.6169552803039551,0.3288487501193347
UBFC_PHYS_s13_T2_ctrl,56,189,62.3,-0.24488164484500885,0.13105932847856527
UBFC_PHYS_s13_T2_ctrl,56,190,62.333333333333336,0.007966311648488045,-0.045982553741426485
UBFC_PHYS_s13_T2_ctrl,56,191,62.36666666666667,0.10736169666051865,-0.1939270842089996
UBFC_PHYS_s13_T2_ctrl,56,192,62.4,0.11014610528945923,-0.30671884282017514
UBFC_PHYS_s13_T2_ctrl,56,193,62.43333333333333,0.10555923730134964,-0.38152530623999575
UBFC_PHYS_s13_T2_ctrl,56,194,62.46666666666667,0.1534215211868286,-0.4193995160535817
UBFC_PHYS_s13_T2_ctrl,56,195,62.5,0.23655197024345398,-0.42521962020604565
UBFC_PHYS_s13_T2_ctrl,56,196,62.53333333333333,0.289505273103714,-0.40671027305646873
UBFC_PHYS_s13_T2_ctrl,56,197,62.56666666666667,0.2818571925163269,-0.37280344085572453
UBFC_PHYS_s13_T2_ctrl,56,198,62.6,0.23532617092132568,-0.3319576532670372
UBFC_PHYS_s13_T2_ctrl,56,199,62.63333333333333,0.21049049496650696,-0.2910377256207248
UBFC_PHYS_s13_T2_ctrl,56,200,62.666666666666664,0.2776097357273102,-0.25494094087759717
UBFC_PHYS_s13_T2_ctrl,56,201,62.7,0.42459389567375183,-0.22676064906129656
UBFC_PHYS_s13_T2_ctrl,56,202,62.733333333333334,0.5439909100532532,-0.2082444569524234
UBFC_PHYS_s13_T2_ctrl,56,203,62.766666666666666,0.5949177145957947,-0.20041302380389792
UBFC_PHYS_s13_T2_ctrl,56,204,62.8,0.6583661437034607,-0.20415490937197567
UBFC_PHYS_s13_T2_ctrl,56,205,62.833333333333336,0.7333970665931702,-0.2205214053648087
UBFC_PHYS_s13_T2_ctrl,56,206,62.86666666666667,0.7245660424232483,-0.25053381215469406
UBFC_PHYS_s13_T2_ctrl,56,207,62.9,0.6548765897750854,-0.2945386926724153
UBFC_PHYS_s13_T2_ctrl,56,208,62.93333333333333,0.6795639395713806,-0.3513527244612538
UBFC_PHYS_s13_T2_ctrl,56,209,62.96666666666667,0.8956378698348999,-0.41757228832632776
UBFC_PHYS_s13_T2_ctrl,56,210,63.0,1.2093837261199951,-0.4874395893773474
UBFC_PHYS_s13_T2_ctrl,56,211,63.03333333333333,1.3727613687515259,-0.5534419306074231
UBFC_PHYS_s13_T2_ctrl,56,212,63.06666666666667,1.2767435312271118,-0.607394241343774
UBFC_PHYS_s13_T2_ctrl,56,213,63.1,1.0788358449935913,-0.6414331490661545
UBFC_PHYS_s13_T2_ctrl,56,214,63.13333333333333,0.9575408697128296,-0.6484460163846266
UBFC_PHYS_s13_T2_ctrl,56,215,63.166666666666664,0.9351601004600525,-0.6219695662967333
UBFC_PHYS_s13_T2_ctrl,56,216,63.2,0.9863570928573608,-0.5561872568951406
UBFC_PHYS_s13_T2_ctrl,56,217,63.233333333333334,1.0657771825790405,-0.44677982532699284
UBFC_PHYS_s13_T2_ctrl,56,218,63.266666666666666,1.0513311624526978,-0.29279760219902123
UBFC_PHYS_s13_T2_ctrl,56,219,63.3,0.8883917927742004,-0.09891206959353602
UBFC_PHYS_s13_T2_ctrl,56,220,63.333333333333336,0.6875448226928711,0.12300310012931341
UBFC_PHYS_s13_T2_ctrl,56,221,63.36666666666667,0.537555456161499,0.3538786384361766
UBFC_PHYS_s13_T2_ctrl,56,222,63.4,0.3800399601459503,0.5694725118516765
UBFC_PHYS_s13_T2_ctrl,56,223,63.43333333333333,0.1601436585187912,0.7442150149228641
UBFC_PHYS_s13_T2_ctrl,56,224,63.46666666666667,-0.029104305431246758,0.8561285816533019
UBFC_PHYS_s13_T2_ctrl,56,225,63.5,-0.09431563317775726,0.891743323633759
UBFC_PHYS_s13_T2_ctrl,56,226,63.53333333333333,-0.1316399872303009,0.8498450246476409
UBFC_PHYS_s13_T2_ctrl,56,227,63.56666666666667,-0.317582905292511,0.7429146466543769
UBFC_PHYS_s13_T2_ctrl,56,228,63.6,-0.6819491386413574,0.5952684475937433
UBFC_PHYS_s13_T2_ctrl,56,229,63.63333333333333,-1.0297868251800537,0.43759276621560866
UBFC_PHYS_s13_T2_ctrl,56,230,63.666666666666664,-1.0764068365097046,0.29894695245004943
UBFC_PHYS_s13_T2_ctrl,56,231,63.7,-0.8204746246337891,0.19873182362265113
UBFC_PHYS_s13_T2_ctrl,56,232,63.733333333333334,-0.6293846964836121,0.14165831071889814
UBFC_PHYS_s13_T2_ctrl,56,233,63.766666666666666,-0.7391532063484192,0.11786840934004657
UBFC_PHYS_s13_T2_ctrl,56,234,63.8,-0.9802143573760986,0.10824444167216736
UBFC_PHYS_s13_T2_ctrl,56,235,63.833333333333336,-1.2225639820098877,0.09260022730965231
UBFC_PHYS_s13_T2_ctrl,56,236,63.86666666666667,-1.5671625137329102,0.057157831961766395
UBFC_PHYS_s13_T2_ctrl,56,237,63.9,-2.0296292304992676,-0.001643486885260748
UBFC_PHYS_s13_T2_ctrl,56,238,63.93333333333333,-2.3869173526763916,-0.07764328614988021
UBFC_PHYS_s13_T2_ctrl,56,239,63.96666666666667,-2.425595998764038,-0.1581619416352504
UBFC_PHYS_s13_T2_ctrl,57,0,57.0,-0.3475326597690582,-0.04582424235161908
UBFC_PHYS_s13_T2_ctrl,57,1,57.03333333333333,-0.2209785133600235,-0.04186453732285067
UBFC_PHYS_s13_T2_ctrl,57,2,57.06666666666667,-0.1792781949043274,-0.03208792741271911
UBFC_PHYS_s13_T2_ctrl,57,3,57.1,-0.13361048698425293,-0.015295336215958933
UBFC_PHYS_s13_T2_ctrl,57,4,57.13333333333333,-0.057271383702754974,0.0058014141482025825
UBFC_PHYS_s13_T2_ctrl,57,5,57.166666666666664,0.0012441728031262755,0.025890871371333172
UBFC_PHYS_s13_T2_ctrl,57,6,57.2,0.021562164649367332,0.04021492959047531
UBFC_PHYS_s13_T2_ctrl,57,7,57.233333333333334,0.025232980027794838,0.047626166511834794
UBFC_PHYS_s13_T2_ctrl,57,8,57.266666666666666,0.025987572968006134,0.05170412493782325
UBFC_PHYS_s13_T2_ctrl,57,9,57.3,0.022600142285227776,0.05935313064849613
UBFC_PHYS_s13_T2_ctrl,57,10,57.333333333333336,0.013716375455260277,0.07769990661318353
UBFC_PHYS_s13_T2_ctrl,57,11,57.36666666666667,0.009412889368832111,0.11084496090709993
UBFC_PHYS_s13_T2_ctrl,57,12,57.4,0.03449239581823349,0.15783580756169446
UBFC_PHYS_s13_T2_ctrl,57,13,57.43333333333333,0.09902162849903107,0.21244497617213143
UBFC_PHYS_s13_T2_ctrl,57,14,57.46666666666667,0.18659725785255432,0.2645292083869861
UBFC_PHYS_s13_T2_ctrl,57,15,57.5,0.28568288683891296,0.30235535821228776
UBFC_PHYS_s13_T2_ctrl,57,16,57.53333333333333,0.4004403352737427,0.3153570198853812
UBFC_PHYS_s13_T2_ctrl,57,17,57.56666666666667,0.601382851600647,0.2969206857187521
UBFC_PHYS_s13_T2_ctrl,57,18,57.6,1.0070672035217285,0.24664071405285892
UBFC_PHYS_s13_T2_ctrl,57,19,57.63333333333333,1.5196038484573364,0.17122804210094061
UBFC_PHYS_s13_T2_ctrl,57,20,57.666666666666664,1.7861696481704712,0.08333010430661424
UBFC_PHYS_s13_T2_ctrl,57,21,57.7,1.6339757442474365,-0.0018761801029807436
UBFC_PHYS_s13_T2_ctrl,57,22,57.733333333333334,1.2399629354476929,-0.07148104582388111
UBFC_PHYS_s13_T2_ctrl,57,23,57.766666666666666,0.8399825096130371,-0.11938432519262115
UBFC_PHYS_s13_T2_ctrl,57,24,57.8,0.6135551929473877,-0.14880844648248226
UBFC_PHYS_s13_T2_ctrl,57,25,57.833333333333336,0.6359260678291321,-0.17160588355446554
UBFC_PHYS_s13_T2_ctrl,57,26,57.86666666666667,0.7105780243873596,-0.20425003540921458
UBFC_PHYS_s13_T2_ctrl,57,27,57.9,0.5603020191192627,-0.26156118915610327
UBFC_PHYS_s13_T2_ctrl,57,28,57.93333333333333,0.1841094046831131,-0.35008707558935276
UBFC_PHYS_s13_T2_ctrl,57,29,57.96666666666667,-0.2332167625427246,-0.4632963944253946
UBFC_PHYS_s13_T2_ctrl,57,30,58.0,-0.605890154838562,-0.5802877908764875
UBFC_PHYS_s13_T2_ctrl,57,31,58.03333333333333,-0.9352452754974365,-0.6689111919231325
UBFC_PHYS_s13_T2_ctrl,57,32,58.06666666666667,-1.2393231391906738,-0.6932912266588672
UBFC_PHYS_s13_T2_ctrl,57,33,58.1,-1.5924330949783325,-0.6244724168261891
UBFC_PHYS_s13_T2_ctrl,57,34,58.13333333333333,-2.073580026626587,-0.4512538209759813
UBFC_PHYS_s13_T2_ctrl,57,35,58.166666666666664,-2.5664479732513428,-0.18712917524055414
UBFC_PHYS_s13_T2_ctrl,57,36,58.2,-2.797712564468384,0.13026588554502044
UBFC_PHYS_s13_T2_ctrl,57,37,58.233333333333334,-2.6550285816192627,0.4481325603037369
UBFC_PHYS_s13_T2_ctrl,57,38,58.266666666666666,-2.3115437030792236,0.7128867287561286
UBFC_PHYS_s13_T2_ctrl,57,39,58.3,-2.0153939723968506,0.8842863785193035
UBFC_PHYS_s13_T2_ctrl,57,40,58.333333333333336,-1.9029167890548706,0.9442680136638936
UBFC_PHYS_s13_T2_ctrl,57,41,58.36666666666667,-1.9815361499786377,0.8982035729984728
UBFC_PHYS_s13_T2_ctrl,57,42,58.4,-2.080054998397827,0.7691277750204849
UBFC_PHYS_s13_T2_ctrl,57,43,58.43333333333333,-2.0368192195892334,0.5876669570553905
UBFC_PHYS_s13_T2_ctrl,57,44,58.46666666666667,-1.923208475112915,0.3817051180405289
UBFC_PHYS_s13_T2_ctrl,57,45,58.5,-1.9566938877105713,0.16955831686822637
UBFC_PHYS_s13_T2_ctrl,57,46,58.53333333333333,-2.1234984397888184,-0.04153879326740766
UBFC_PHYS_s13_T2_ctrl,57,47,58.56666666666667,-2.238506317138672,-0.2521580905480572
UBFC_PHYS_s13_T2_ctrl,57,48,58.6,-2.060274124145508,-0.464488312863527
UBFC_PHYS_s13_T2_ctrl,57,49,58.63333333333333,-1.2174992561340332,-0.6755745169564543
UBFC_PHYS_s13_T2_ctrl,57,50,58.666666666666664,-0.032761938869953156,-0.8724429960741623
UBFC_PHYS_s13_T2_ctrl,57,51,58.7,0.7716737389564514,-1.0311279325437377
UBFC_PHYS_s13_T2_ctrl,57,52,58.733333333333334,1.077241063117981,-1.1203943867567532
UBFC_PHYS_s13_T2_ctrl,57,53,58.766666666666666,1.111194372177124,-1.109453175898513
UBFC_PHYS_s13_T2_ctrl,57,54,58.8,1.0362293720245361,-0.9777574256289987
UBFC_PHYS_s13_T2_ctrl,57,55,58.833333333333336,0.9705830812454224,-0.7240247900324612
UBFC_PHYS_s13_T2_ctrl,57,56,58.86666666666667,0.9746856093406677,-0.37104872079406637
UBFC_PHYS_s13_T2_ctrl,57,57,58.9,0.9987336993217468,0.03647739730721498
UBFC_PHYS_s13_T2_ctrl,57,58,58.93333333333333,0.9909175634384155,0.44148491923081257
UBFC_PHYS_s13_T2_ctrl,57,59,58.96666666666667,1.0010172128677368,0.7885320870959843
UBFC_PHYS_s13_T2_ctrl,57,60,59.0,1.101533055305481,1.0371175947168116
UBFC_PHYS_s13_T2_ctrl,57,61,59.03333333333333,1.2719128131866455,1.169383433803044
UBFC_PHYS_s13_T2_ctrl,57,62,59.06666666666667,1.4491862058639526,1.190211947964165
UBFC_PHYS_s13_T2_ctrl,57,63,59.1,1.637603759765625,1.121205995811339
UBFC_PHYS_s13_T2_ctrl,57,64,59.13333333333333,1.8457000255584717,0.9918370346705875
UBFC_PHYS_s13_T2_ctrl,57,65,59.166666666666664,2.0550057888031006,0.8309369233321158
UBFC_PHYS_s13_T2_ctrl,57,66,59.2,2.2619223594665527,0.6606304843672264
UBFC_PHYS_s13_T2_ctrl,57,67,59.233333333333334,2.524827241897583,0.4935693041792495
UBFC_PHYS_s13_T2_ctrl,57,68,59.266666666666666,2.9158973693847656,0.33336905498666425
UBFC_PHYS_s13_T2_ctrl,57,69,59.3,3.3610711097717285,0.1775072955653545
UBFC_PHYS_s13_T2_ctrl,57,70,59.333333333333336,3.535062313079834,0.02150779252078603
UBFC_PHYS_s13_T2_ctrl,57,71,59.36666666666667,3.2204926013946533,-0.13690289776666079
UBFC_PHYS_s13_T2_ctrl,57,72,59.4,2.649513006210327,-0.2947671577856281
UBFC_PHYS_s13_T2_ctrl,57,73,59.43333333333333,2.208866834640503,-0.44269475233770883
UBFC_PHYS_s13_T2_ctrl,57,74,59.46666666666667,1.99285888671875,-0.5657894845300037
UBFC_PHYS_s13_T2_ctrl,57,75,59.5,1.8993420600891113,-0.6466454004989783
UBFC_PHYS_s13_T2_ctrl,57,76,59.53333333333333,1.841551423072815,-0.6699621041716173
UBFC_PHYS_s13_T2_ctrl,57,77,59.56666666666667,1.7167108058929443,-0.6278502801610736
UBFC_PHYS_s13_T2_ctrl,57,78,59.6,1.4621163606643677,-0.524378306359071
UBFC_PHYS_s13_T2_ctrl,57,79,59.63333333333333,1.1427028179168701,-0.37753373398844875
UBFC_PHYS_s13_T2_ctrl,57,80,59.666666666666664,0.8471791744232178,-0.21694576745598718
UBFC_PHYS_s13_T2_ctrl,57,81,59.7,0.5634258389472961,-0.0770064883567097
UBFC_PHYS_s13_T2_ctrl,57,82,59.733333333333334,0.245112806558609,0.012711787073031203
UBFC_PHYS_s13_T2_ctrl,57,83,59.766666666666666,-0.0752992331981659,0.03611507640660519
UBFC_PHYS_s13_T2_ctrl,57,84,59.8,-0.3404249846935272,-0.005117559838232562
UBFC_PHYS_s13_T2_ctrl,57,85,59.833333333333336,-0.5771397948265076,-0.09311486770319816
UBFC_PHYS_s13_T2_ctrl,57,86,59.86666666666667,-0.8349898457527161,-0.2003034726934684
UBFC_PHYS_s13_T2_ctrl,57,87,59.9,-1.086503267288208,-0.2981168557691138
UBFC_PHYS_s13_T2_ctrl,57,88,59.93333333333333,-1.2786509990692139,-0.36496760269794537
UBFC_PHYS_s13_T2_ctrl,57,89,59.96666666666667,-1.4385521411895752,-0.39134803398990264
UBFC_PHYS_s13_T2_ctrl,57,90,60.0,-1.6295334100723267,-0.3810291634191936
UBFC_PHYS_s13_T2_ctrl,57,91,60.03333333333333,-1.8332208395004272,-0.34823453394431203
UBFC_PHYS_s13_T2_ctrl,57,92,60.06666666666667,-1.9816844463348389,-0.3113840949641209
UBFC_PHYS_s13_T2_ctrl,57,93,60.1,-2.075932741165161,-0.28496342492378357
UBFC_PHYS_s13_T2_ctrl,57,94,60.13333333333333,-2.1939985752105713,-0.2723095103351734
UBFC_PHYS_s13_T2_ctrl,57,95,60.166666666666664,-2.4233388900756836,-0.2626281300492028
UBFC_PHYS_s13_T2_ctrl,57,96,60.2,-2.703167676925659,-0.2344167991019497
UBFC_PHYS_s13_T2_ctrl,57,97,60.233333333333334,-2.7532904148101807,-0.16486870009378912
UBFC_PHYS_s13_T2_ctrl,57,98,60.266666666666666,-2.3881564140319824,-0.041858862589251394
UBFC_PHYS_s13_T2_ctrl,57,99,60.3,-1.8359525203704834,0.12686937987411429
UBFC_PHYS_s13_T2_ctrl,57,100,60.333333333333336,-1.4102566242218018,0.31245318519507176
UBFC_PHYS_s13_T2_ctrl,57,101,60.36666666666667,-1.1770873069763184,0.47360611038477557
UBFC_PHYS_s13_T2_ctrl,57,102,60.4,-1.1076186895370483,0.572216462836842
UBFC_PHYS_s13_T2_ctrl,57,103,60.43333333333333,-1.1977348327636719,0.5888272770335008
UBFC_PHYS_s13_T2_ctrl,57,104,60.46666666666667,-1.3822805881500244,0.530773160871862
UBFC_PHYS_s13_T2_ctrl,57,105,60.5,-1.5708630084991455,0.4293416750413658
UBFC_PHYS_s13_T2_ctrl,57,106,60.53333333333333,-1.7395886182785034,0.3276113487208545
UBFC_PHYS_s13_T2_ctrl,57,107,60.56666666666667,-1.8696125745773315,0.264604340232053
UBFC_PHYS_s13_T2_ctrl,57,108,60.6,-1.8774319887161255,0.26211490072906757
UBFC_PHYS_s13_T2_ctrl,57,109,60.63333333333333,-1.6921547651290894,0.31860736787071253
UBFC_PHYS_s13_T2_ctrl,57,110,60.666666666666664,-1.3396412134170532,0.41158113305902444
UBFC_PHYS_s13_T2_ctrl,57,111,60.7,-0.9035128355026245,0.5068097195895662
UBFC_PHYS_s13_T2_ctrl,57,112,60.733333333333334,-0.44591641426086426,0.5705832282832061
UBFC_PHYS_s13_T2_ctrl,57,113,60.766666666666666,-0.00891811866313219,0.5803754419226465
UBFC_PHYS_s13_T2_ctrl,57,114,60.8,0.3540114462375641,0.5305431473350415
UBFC_PHYS_s13_T2_ctrl,57,115,60.833333333333336,0.6111629009246826,0.4319550626955829
UBFC_PHYS_s13_T2_ctrl,57,116,60.86666666666667,0.7854837775230408,0.30665915830103796
UBFC_PHYS_s13_T2_ctrl,57,117,60.9,0.9190467000007629,0.1800572180942356
UBFC_PHYS_s13_T2_ctrl,57,118,60.93333333333333,1.0191110372543335,0.07332496319166086
UBFC_PHYS_s13_T2_ctrl,57,119,60.96666666666667,1.0642250776290894,-0.0017767403341453804
UBFC_PHYS_s13_T2_ctrl,57,120,61.0,1.0420717000961304,-0.044590895586099716
UBFC_PHYS_s13_T2_ctrl,57,121,61.03333333333333,0.9593103528022766,-0.06379366840676058
UBFC_PHYS_s13_T2_ctrl,57,122,61.06666666666667,0.8482698202133179,-0.07320107121757195
UBFC_PHYS_s13_T2_ctrl,57,123,61.1,0.7690639495849609,-0.08676870005808018
UBFC_PHYS_s13_T2_ctrl,57,124,61.13333333333333,0.7742637395858765,-0.11440604680250767
UBFC_PHYS_s13_T2_ctrl,57,125,61.166666666666664,0.8624193072319031,-0.15972225258579667
UBFC_PHYS_s13_T2_ctrl,57,126,61.2,1.0308517217636108,-0.22004762698027258
UBFC_PHYS_s13_T2_ctrl,57,127,61.233333333333334,1.3065351247787476,-0.28838695009497894
UBFC_PHYS_s13_T2_ctrl,57,128,61.266666666666666,1.5872535705566406,-0.3565643559074998
UBFC_PHYS_s13_T2_ctrl,57,129,61.3,1.6273722648620605,-0.41859523513196395
UBFC_PHYS_s13_T2_ctrl,57,130,61.333333333333336,1.358836054801941,-0.47317725971223545
UBFC_PHYS_s13_T2_ctrl,57,131,61.36666666666667,0.9473851323127747,-0.5243895572532138
UBFC_PHYS_s13_T2_ctrl,57,132,61.4,0.6105993986129761,-0.5803540909973093
UBFC_PHYS_s13_T2_ctrl,57,133,61.43333333333333,0.5511348843574524,-0.6502905415184922
UBFC_PHYS_s13_T2_ctrl,57,134,61.46666666666667,0.8045430183410645,-0.7406481464205427
UBFC_PHYS_s13_T2_ctrl,57,135,61.5,1.0662912130355835,-0.8509965222110732
UBFC_PHYS_s13_T2_ctrl,57,136,61.53333333333333,1.017552375793457,-0.9705086891023433
UBFC_PHYS_s13_T2_ctrl,57,137,61.56666666666667,0.7806892991065979,-1.0763457511889165
UBFC_PHYS_s13_T2_ctrl,57,138,61.6,0.6133871078491211,-1.13568460659851
UBFC_PHYS_s13_T2_ctrl,57,139,61.63333333333333,0.5557382106781006,-1.1125567533999046
UBFC_PHYS_s13_T2_ctrl,57,140,61.666666666666664,0.5452925562858582,-0.9786450725588878
UBFC_PHYS_s13_T2_ctrl,57,141,61.7,0.5655413269996643,-0.7247379867331225
UBFC_PHYS_s13_T2_ctrl,57,142,61.733333333333334,0.5457307696342468,-0.3681791640092706
UBFC_PHYS_s13_T2_ctrl,57,143,61.766666666666666,0.3977218270301819,0.04781566604156552
UBFC_PHYS_s13_T2_ctrl,57,144,61.8,0.24389688670635223,0.4645052199897316
UBFC_PHYS_s13_T2_ctrl,57,145,61.833333333333336,0.2650386691093445,0.824782303036191
UBFC_PHYS_s13_T2_ctrl,57,146,61.86666666666667,0.3533458113670349,1.0899170750410585
UBFC_PHYS_s13_T2_ctrl,57,147,61.9,0.22760559618473053,1.2480059144726607
UBFC_PHYS_s13_T2_ctrl,57,148,61.93333333333333,-0.1669674515724182,1.3109936384387813
UBFC_PHYS_s13_T2_ctrl,57,149,61.96666666666667,-0.6106187105178833,1.303538619151614
UBFC_PHYS_s13_T2_ctrl,57,150,62.0,-0.888022243976593,1.2502993115566652
UBFC_PHYS_s13_T2_ctrl,57,151,62.03333333333333,-0.9376276731491089,1.16741826549722
UBFC_PHYS_s13_T2_ctrl,57,152,62.06666666666667,-0.8367890119552612,1.0606590184244413
UBFC_PHYS_s13_T2_ctrl,57,153,62.1,-0.7378022074699402,0.9289682518606426
UBFC_PHYS_s13_T2_ctrl,57,154,62.13333333333333,-0.7893023490905762,0.7700362542195288
UBFC_PHYS_s13_T2_ctrl,57,155,62.166666666666664,-0.9711922407150269,0.584590701864208
UBFC_PHYS_s13_T2_ctrl,57,156,62.2,-1.0832114219665527,0.3781562506625276
UBFC_PHYS_s13_T2_ctrl,57,157,62.233333333333334,-0.9563837647438049,0.1609667527729415
UBFC_PHYS_s13_T2_ctrl,57,158,62.266666666666666,-0.6169552803039551,-0.052868571643451615
UBFC_PHYS_s13_T2_ctrl,57,159,62.3,-0.24488164484500885,-0.2465528959482781
UBFC_PHYS_s13_T2_ctrl,57,160,62.333333333333336,0.007966311648488045,-0.40238711019558354
UBFC_PHYS_s13_T2_ctrl,57,161,62.36666666666667,0.10736169666051865,-0.5044055468621632
UBFC_PHYS_s13_T2_ctrl,57,162,62.4,0.11014610528945923,-0.5416003900572017
UBFC_PHYS_s13_T2_ctrl,57,163,62.43333333333333,0.10555923730134964,-0.5109226136414899
UBFC_PHYS_s13_T2_ctrl,57,164,62.46666666666667,0.1534215211868286,-0.4190936812014377
UBFC_PHYS_s13_T2_ctrl,57,165,62.5,0.23655197024345398,-0.28247364708584743
UBFC_PHYS_s13_T2_ctrl,57,166,62.53333333333333,0.289505273103714,-0.12463633582196448
UBFC_PHYS_s13_T2_ctrl,57,167,62.56666666666667,0.2818571925163269,0.028053697065704587
UBFC_PHYS_s13_T2_ctrl,57,168,62.6,0.23532617092132568,0.15175300313882675
UBFC_PHYS_s13_T2_ctrl,57,169,62.63333333333333,0.21049049496650696,0.2297231077497603
UBFC_PHYS_s13_T2_ctrl,57,170,62.666666666666664,0.2776097357273102,0.25477977151549114
UBFC_PHYS_s13_T2_ctrl,57,171,62.7,0.42459389567375183,0.22899148689672352
UBFC_PHYS_s13_T2_ctrl,57,172,62.733333333333334,0.5439909100532532,0.16096961301295584
UBFC_PHYS_s13_T2_ctrl,57,173,62.766666666666666,0.5949177145957947,0.061882831267579666
UBFC_PHYS_s13_T2_ctrl,57,174,62.8,0.6583661437034607,-0.05829307151368911
UBFC_PHYS_s13_T2_ctrl,57,175,62.833333333333336,0.7333970665931702,-0.19297723678460077
UBFC_PHYS_s13_T2_ctrl,57,176,62.86666666666667,0.7245660424232483,-0.33903569950366635
UBFC_PHYS_s13_T2_ctrl,57,177,62.9,0.6548765897750854,-0.49491855707909743
UBFC_PHYS_s13_T2_ctrl,57,178,62.93333333333333,0.6795639395713806,-0.6576943401051644
UBFC_PHYS_s13_T2_ctrl,57,179,62.96666666666667,0.8956378698348999,-0.8200301881881651
UBFC_PHYS_s13_T2_ctrl,57,180,63.0,1.2093837261199951,-0.9681641940234441
UBFC_PHYS_s13_T2_ctrl,57,181,63.03333333333333,1.3727613687515259,-1.0817744317241365
UBFC_PHYS_s13_T2_ctrl,57,182,63.06666666666667,1.2767435312271118,-1.1363558208517874
UBFC_PHYS_s13_T2_ctrl,57,183,63.1,1.0788358449935913,-1.1081172259145322
UBFC_PHYS_s13_T2_ctrl,57,184,63.13333333333333,0.9575408697128296,-0.9804872709527601
UBFC_PHYS_s13_T2_ctrl,57,185,63.166666666666664,0.9351601004600525,-0.7504213044153848
UBFC_PHYS_s13_T2_ctrl,57,186,63.2,0.9863570928573608,-0.4323186924241851
UBFC_PHYS_s13_T2_ctrl,57,187,63.233333333333334,1.0657771825790405,-0.05778685639570877
UBFC_PHYS_s13_T2_ctrl,57,188,63.266666666666666,1.0513311624526978,0.3293030565144523
UBFC_PHYS_s13_T2_ctrl,57,189,63.3,0.8883917927742004,0.6814512982981964
UBFC_PHYS_s13_T2_ctrl,57,190,63.333333333333336,0.6875448226928711,0.9574974381642415
UBFC_PHYS_s13_T2_ctrl,57,191,63.36666666666667,0.537555456161499,1.1309669362321078
UBFC_PHYS_s13_T2_ctrl,57,192,63.4,0.3800399601459503,1.194283637730079
UBFC_PHYS_s13_T2_ctrl,57,193,63.43333333333333,0.1601436585187912,1.1577812697674386
UBFC_PHYS_s13_T2_ctrl,57,194,63.46666666666667,-0.029104305431246758,1.0443905350834986
UBFC_PHYS_s13_T2_ctrl,57,195,63.5,-0.09431563317775726,0.8823265831748652
UBFC_PHYS_s13_T2_ctrl,57,196,63.53333333333333,-0.1316399872303009,0.6983343822899759
UBFC_PHYS_s13_T2_ctrl,57,197,63.56666666666667,-0.317582905292511,0.5132889220618633
UBFC_PHYS_s13_T2_ctrl,57,198,63.6,-0.6819491386413574,0.34080061924596017
UBFC_PHYS_s13_T2_ctrl,57,199,63.63333333333333,-1.0297868251800537,0.18829034353217536
UBFC_PHYS_s13_T2_ctrl,57,200,63.666666666666664,-1.0764068365097046,0.059105777502931556
UBFC_PHYS_s13_T2_ctrl,57,201,63.7,-0.8204746246337891,-0.04576729889039617
UBFC_PHYS_s13_T2_ctrl,57,202,63.733333333333334,-0.6293846964836121,-0.1268865109264153
UBFC_PHYS_s13_T2_ctrl,57,203,63.766666666666666,-0.7391532063484192,-0.18592604795559092
UBFC_PHYS_s13_T2_ctrl,57,204,63.8,-0.9802143573760986,-0.2250361619489156
UBFC_PHYS_s13_T2_ctrl,57,205,63.833333333333336,-1.2225639820098877,-0.24598869842029514
UBFC_PHYS_s13_T2_ctrl,57,206,63.86666666666667,-1.5671625137329102,-0.24968350140929113
UBFC_PHYS_s13_T2_ctrl,57,207,63.9,-2.0296292304992676,-0.23658326446384143
UBFC_PHYS_s13_T2_ctrl,57,208,63.93333333333333,-2.3869173526763916,-0.20800845697337592
UBFC_PHYS_s13_T2_ctrl,57,209,63.96666666666667,-2.425595998764038,-0.16753361465081307
UBFC_PHYS_s13_T2_ctrl,57,210,64.0,-2.180551052093506,-0.12157629650983054
UBFC_PHYS_s13_T2_ctrl,57,211,64.03333333333333,-1.8035215139389038,-0.07867000238441985
UBFC_PHYS_s13_T2_ctrl,57,212,64.06666666666666,-1.3592177629470825,-0.047529096738822725
UBFC_PHYS_s13_T2_ctrl,57,213,64.1,-0.8935976624488831,-0.034534488562267894
UBFC_PHYS_s13_T2_ctrl,57,214,64.13333333333334,-0.4961380362510681,-0.0415195643669926
UBFC_PHYS_s13_T2_ctrl,57,215,64.16666666666667,-0.2013590931892395,-0.06473709381317778
UBFC_PHYS_s13_T2_ctrl,57,216,64.2,-0.0016193262999877334,-0.09566590323840031
UBFC_PHYS_s13_T2_ctrl,57,217,64.23333333333333,0.08072686940431595,-0.1237418017532096
UBFC_PHYS_s13_T2_ctrl,57,218,64.26666666666667,0.028511669486761093,-0.14021507483487156
UBFC_PHYS_s13_T2_ctrl,57,219,64.3,-0.06793124228715897,-0.14164159972530357
UBFC_PHYS_s13_T2_ctrl,57,220,64.33333333333333,-0.02393089421093464,-0.13148686591147
UBFC_PHYS_s13_T2_ctrl,57,221,64.36666666666666,0.24995340406894684,-0.11894808214878577
UBFC_PHYS_s13_T2_ctrl,57,222,64.4,0.613980233669281,-0.1151071776291804
UBFC_PHYS_s13_T2_ctrl,57,223,64.43333333333334,0.8328616619110107,-0.1276853751304353
UBFC_PHYS_s13_T2_ctrl,57,224,64.46666666666667,0.8093901872634888,-0.15658718468207852
UBFC_PHYS_s13_T2_ctrl,57,225,64.5,0.6467012763023376,-0.1924176783882108
UBFC_PHYS_s13_T2_ctrl,57,226,64.53333333333333,0.5462283492088318,-0.21893117542606783
UBFC_PHYS_s13_T2_ctrl,57,227,64.56666666666666,0.6343674659729004,-0.21857466519157548
UBFC_PHYS_s13_T2_ctrl,57,228,64.6,0.8567285537719727,-0.17892763583667748
UBFC_PHYS_s13_T2_ctrl,57,229,64.63333333333334,1.0393235683441162,-0.09753709755523166
UBFC_PHYS_s13_T2_ctrl,57,230,64.66666666666667,1.0535389184951782,0.016558495442262545
UBFC_PHYS_s13_T2_ctrl,57,231,64.7,0.8810468912124634,0.1449965056315157
UBFC_PHYS_s13_T2_ctrl,57,232,64.73333333333333,0.5559688806533813,0.26511412251061445
UBFC_PHYS_s13_T2_ctrl,57,233,64.76666666666667,0.1436184048652649,0.356104988753929
UBFC_PHYS_s13_T2_ctrl,57,234,64.8,-0.25662562251091003,0.4041460469456099
UBFC_PHYS_s13_T2_ctrl,57,235,64.83333333333333,-0.5690996050834656,0.40473724941958145
UBFC_PHYS_s13_T2_ctrl,57,236,64.86666666666666,-0.7407481074333191,0.3618187922768646
UBFC_PHYS_s13_T2_ctrl,57,237,64.9,-0.7415488362312317,0.28471265822025943
UBFC_PHYS_s13_T2_ctrl,57,238,64.93333333333334,-0.654002845287323,0.1846873442008686
UBFC_PHYS_s13_T2_ctrl,57,239,64.96666666666667,-0.6534261703491211,0.0726920767822305
UBFC_PHYS_s13_T2_ctrl,58,0,58.0,-0.605890154838562,0.15343361452783155
UBFC_PHYS_s13_T2_ctrl,58,1,58.03333333333333,-0.9352452754974365,-0.023783216519400047
UBFC_PHYS_s13_T2_ctrl,58,2,58.06666666666667,-1.2393231391906738,-0.1713616323433395
UBFC_PHYS_s13_T2_ctrl,58,3,58.1,-1.5924330949783325,-0.26617737298413696
UBFC_PHYS_s13_T2_ctrl,58,4,58.13333333333333,-2.073580026626587,-0.29773899931262254
UBFC_PHYS_s13_T2_ctrl,58,5,58.166666666666664,-2.5664479732513428,-0.26991276689977095
UBFC_PHYS_s13_T2_ctrl,58,6,58.2,-2.797712564468384,-0.1985695571110635
UBFC_PHYS_s13_T2_ctrl,58,7,58.233333333333334,-2.6550285816192627,-0.10650758007434186
UBFC_PHYS_s13_T2_ctrl,58,8,58.266666666666666,-2.3115437030792236,-0.01753770193529131
UBFC_PHYS_s13_T2_ctrl,58,9,58.3,-2.0153939723968506,0.04890273056301666
UBFC_PHYS_s13_T2_ctrl,58,10,58.333333333333336,-1.9029167890548706,0.08170338516748622
UBFC_PHYS_s13_T2_ctrl,58,11,58.36666666666667,-1.9815361499786377,0.07982651810914959
UBFC_PHYS_s13_T2_ctrl,58,12,58.4,-2.080054998397827,0.05120590870351577
UBFC_PHYS_s13_T2_ctrl,58,13,58.43333333333333,-2.0368192195892334,0.008736036281812933
UBFC_PHYS_s13_T2_ctrl,58,14,58.46666666666667,-1.923208475112915,-0.03561644970407392
UBFC_PHYS_s13_T2_ctrl,58,15,58.5,-1.9566938877105713,-0.07650722838113218
UBFC_PHYS_s13_T2_ctrl,58,16,58.53333333333333,-2.1234984397888184,-0.11835457624727697
UBFC_PHYS_s13_T2_ctrl,58,17,58.56666666666667,-2.238506317138672,-0.17423463548910711
UBFC_PHYS_s13_T2_ctrl,58,18,58.6,-2.060274124145508,-0.2602711254781968
UBFC_PHYS_s13_T2_ctrl,58,19,58.63333333333333,-1.2174992561340332,-0.3870385701676456
UBFC_PHYS_s13_T2_ctrl,58,20,58.666666666666664,-0.032761938869953156,-0.5510500006675001
UBFC_PHYS_s13_T2_ctrl,58,21,58.7,0.7716737389564514,-0.7300809620207069
UBFC_PHYS_s13_T2_ctrl,58,22,58.733333333333334,1.077241063117981,-0.8853528991443627
UBFC_PHYS_s13_T2_ctrl,58,23,58.766666666666666,1.111194372177124,-0.9712466075108299
UBFC_PHYS_s13_T2_ctrl,58,24,58.8,1.0362293720245361,-0.9498669288318831
UBFC_PHYS_s13_T2_ctrl,58,25,58.833333333333336,0.9705830812454224,-0.8051514040175045
UBFC_PHYS_s13_T2_ctrl,58,26,58.86666666666667,0.9746856093406677,-0.5508498925185098
UBFC_PHYS_s13_T2_ctrl,58,27,58.9,0.9987336993217468,-0.22870178687287954
UBFC_PHYS_s13_T2_ctrl,58,28,58.93333333333333,0.9909175634384155,0.10331264588104655
UBFC_PHYS_s13_T2_ctrl,58,29,58.96666666666667,1.0010172128677368,0.3886658266814489
UBFC_PHYS_s13_T2_ctrl,58,30,59.0,1.101533055305481,0.5888820325833989
UBFC_PHYS_s13_T2_ctrl,58,31,59.03333333333333,1.2719128131866455,0.6923567148795833
UBFC_PHYS_s13_T2_ctrl,58,32,59.06666666666667,1.4491862058639526,0.7130068697553418
UBFC_PHYS_s13_T2_ctrl,58,33,59.1,1.637603759765625,0.6812829617430832
UBFC_PHYS_s13_T2_ctrl,58,34,59.13333333333333,1.8457000255584717,0.6321919776715247
UBFC_PHYS_s13_T2_ctrl,58,35,59.166666666666664,2.0550057888031006,0.5944952658759098
UBFC_PHYS_s13_T2_ctrl,58,36,59.2,2.2619223594665527,0.5838687301480686
UBFC_PHYS_s13_T2_ctrl,58,37,59.233333333333334,2.524827241897583,0.6011655735300395
UBFC_PHYS_s13_T2_ctrl,58,38,59.266666666666666,2.9158973693847656,0.6351641092579603
UBFC_PHYS_s13_T2_ctrl,58,39,59.3,3.3610711097717285,0.6679416970204597
UBFC_PHYS_s13_T2_ctrl,58,40,59.333333333333336,3.535062313079834,0.6807841854663302
UBFC_PHYS_s13_T2_ctrl,58,41,59.36666666666667,3.2204926013946533,0.6590959974337889
UBFC_PHYS_s13_T2_ctrl,58,42,59.4,2.649513006210327,0.5955664338442892
UBFC_PHYS_s13_T2_ctrl,58,43,59.43333333333333,2.208866834640503,0.49145933806255726
UBFC_PHYS_s13_T2_ctrl,58,44,59.46666666666667,1.99285888671875,0.356166693288083
UBFC_PHYS_s13_T2_ctrl,58,45,59.5,1.8993420600891113,0.20519115552091954
UBFC_PHYS_s13_T2_ctrl,58,46,59.53333333333333,1.841551423072815,0.05674794123173297
UBFC_PHYS_s13_T2_ctrl,58,47,59.56666666666667,1.7167108058929443,-0.07253344057938022
UBFC_PHYS_s13_T2_ctrl,58,48,59.6,1.4621163606643677,-0.17177666499673538
UBFC_PHYS_s13_T2_ctrl,58,49,59.63333333333333,1.1427028179168701,-0.23849126710791319
UBFC_PHYS_s13_T2_ctrl,58,50,59.666666666666664,0.8471791744232178,-0.2785436724948299
UBFC_PHYS_s13_T2_ctrl,58,51,59.7,0.5634258389472961,-0.3033340842952744
UBFC_PHYS_s13_T2_ctrl,58,52,59.733333333333334,0.245112806558609,-0.32532538322863935
UBFC_PHYS_s13_T2_ctrl,58,53,59.766666666666666,-0.0752992331981659,-0.35379200715121495
UBFC_PHYS_s13_T2_ctrl,58,54,59.8,-0.3404249846935272,-0.3923038595779923
UBFC_PHYS_s13_T2_ctrl,58,55,59.833333333333336,-0.5771397948265076,-0.4384611199136787
UBFC_PHYS_s13_T2_ctrl,58,56,59.86666666666667,-0.8349898457527161,-0.48550212752870603
UBFC_PHYS_s13_T2_ctrl,58,57,59.9,-1.086503267288208,-0.5249729464249252
UBFC_PHYS_s13_T2_ctrl,58,58,59.93333333333333,-1.2786509990692139,-0.5496385850993104
UBFC_PHYS_s13_T2_ctrl,58,59,59.96666666666667,-1.4385521411895752,-0.5559720691571262
UBFC_PHYS_s13_T2_ctrl,58,60,60.0,-1.6295334100723267,-0.5456436887297822
UBFC_PHYS_s13_T2_ctrl,58,61,60.03333333333333,-1.8332208395004272,-0.5254545515062452
UBFC_PHYS_s13_T2_ctrl,58,62,60.06666666666667,-1.9816844463348389,-0.5053115000683387
UBFC_PHYS_s13_T2_ctrl,58,63,60.1,-2.075932741165161,-0.4943616413888126
UBFC_PHYS_s13_T2_ctrl,58,64,60.13333333333333,-2.1939985752105713,-0.4963132425485251
UBFC_PHYS_s13_T2_ctrl,58,65,60.166666666666664,-2.4233388900756836,-0.5058827511990162
UBFC_PHYS_s13_T2_ctrl,58,66,60.2,-2.703167676925659,-0.5085694802552759
UBFC_PHYS_s13_T2_ctrl,58,67,60.233333333333334,-2.7532904148101807,-0.4849197721292513
UBFC_PHYS_s13_T2_ctrl,58,68,60.266666666666666,-2.3881564140319824,-0.4182037791045806
UBFC_PHYS_s13_T2_ctrl,58,69,60.3,-1.8359525203704834,-0.3023381308660384
UBFC_PHYS_s13_T2_ctrl,58,70,60.333333333333336,-1.4102566242218018,-0.14635788296952787
UBFC_PHYS_s13_T2_ctrl,58,71,60.36666666666667,-1.1770873069763184,0.026990531104879013
UBFC_PHYS_s13_T2_ctrl,58,72,60.4,-1.1076186895370483,0.18852539270687543
UBFC_PHYS_s13_T2_ctrl,58,73,60.43333333333333,-1.1977348327636719,0.3130884849313846
UBFC_PHYS_s13_T2_ctrl,58,74,60.46666666666667,-1.3822805881500244,0.3887341570617032
UBFC_PHYS_s13_T2_ctrl,58,75,60.5,-1.5708630084991455,0.42052825778513975
UBFC_PHYS_s13_T2_ctrl,58,76,60.53333333333333,-1.7395886182785034,0.4274324823842625
UBFC_PHYS_s13_T2_ctrl,58,77,60.56666666666667,-1.8696125745773315,0.43399665357831685
UBFC_PHYS_s13_T2_ctrl,58,78,60.6,-1.8774319887161255,0.4605775423824858
UBFC_PHYS_s13_T2_ctrl,58,79,60.63333333333333,-1.6921547651290894,0.5159257571017055
UBFC_PHYS_s13_T2_ctrl,58,80,60.666666666666664,-1.3396412134170532,0.5946323785217318
UBFC_PHYS_s13_T2_ctrl,58,81,60.7,-0.9035128355026245,0.6799390186123723
UBFC_PHYS_s13_T2_ctrl,58,82,60.733333333333334,-0.44591641426086426,0.750570720219542
UBFC_PHYS_s13_T2_ctrl,58,83,60.766666666666666,-0.00891811866313219,0.7888988228718374
UBFC_PHYS_s13_T2_ctrl,58,84,60.8,0.3540114462375641,0.7871625640787445
UBFC_PHYS_s13_T2_ctrl,58,85,60.833333333333336,0.6111629009246826,0.7492351078325682
UBFC_PHYS_s13_T2_ctrl,58,86,60.86666666666667,0.7854837775230408,0.6875299177924921
UBFC_PHYS_s13_T2_ctrl,58,87,60.9,0.9190467000007629,0.6168937065306421
UBFC_PHYS_s13_T2_ctrl,58,88,60.93333333333333,1.0191110372543335,0.5484025881211455
UBFC_PHYS_s13_T2_ctrl,58,89,60.96666666666667,1.0642250776290894,0.48560611681366816
UBFC_PHYS_s13_T2_ctrl,58,90,61.0,1.0420717000961304,0.4244278045391134
UBFC_PHYS_s13_T2_ctrl,58,91,61.03333333333333,0.9593103528022766,0.3563019310708848
UBFC_PHYS_s13_T2_ctrl,58,92,61.06666666666667,0.8482698202133179,0.2728599356608319
UBFC_PHYS_s13_T2_ctrl,58,93,61.1,0.7690639495849609,0.17004898315523542
UBFC_PHYS_s13_T2_ctrl,58,94,61.13333333333333,0.7742637395858765,0.050070919557396704
UBFC_PHYS_s13_T2_ctrl,58,95,61.166666666666664,0.8624193072319031,-0.07938861546419211
UBFC_PHYS_s13_T2_ctrl,58,96,61.2,1.0308517217636108,-0.2080623638412611
UBFC_PHYS_s13_T2_ctrl,58,97,61.233333333333334,1.3065351247787476,-0.3268519273689654
UBFC_PHYS_s13_T2_ctrl,58,98,61.266666666666666,1.5872535705566406,-0.4310304152711254
UBFC_PHYS_s13_T2_ctrl,58,99,61.3,1.6273722648620605,-0.5218793207109644
UBFC_PHYS_s13_T2_ctrl,58,100,61.333333333333336,1.358836054801941,-0.6063426647025565
UBFC_PHYS_s13_T2_ctrl,58,101,61.36666666666667,0.9473851323127747,-0.6948183074267776
UBFC_PHYS_s13_T2_ctrl,58,102,61.4,0.6105993986129761,-0.7975532498741452
UBFC_PHYS_s13_T2_ctrl,58,103,61.43333333333333,0.5511348843574524,-0.9204006155461443
UBFC_PHYS_s13_T2_ctrl,58,104,61.46666666666667,0.8045430183410645,-1.0610093587303375
UBFC_PHYS_s13_T2_ctrl,58,105,61.5,1.0662912130355835,-1.2065996154205139
UBFC_PHYS_s13_T2_ctrl,58,106,61.53333333333333,1.017552375793457,-1.3341504543209735
UBFC_PHYS_s13_T2_ctrl,58,107,61.56666666666667,0.7806892991065979,-1.4133919456973014
UBFC_PHYS_s13_T2_ctrl,58,108,61.6,0.6133871078491211,-1.4126770748841324
UBFC_PHYS_s13_T2_ctrl,58,109,61.63333333333333,0.5557382106781006,-1.3072711130735912
UBFC_PHYS_s13_T2_ctrl,58,110,61.666666666666664,0.5452925562858582,-1.0884642601677905
UBFC_PHYS_s13_T2_ctrl,58,111,61.7,0.5655413269996643,-0.7703568253577416
UBFC_PHYS_s13_T2_ctrl,58,112,61.733333333333334,0.5457307696342468,-0.39025435771650885
UBFC_PHYS_s13_T2_ctrl,58,113,61.766666666666666,0.3977218270301819,-0.0002291436606091414
UBFC_PHYS_s13_T2_ctrl,58,114,61.8,0.24389688670635223,0.34809872684970344
UBFC_PHYS_s13_T2_ctrl,58,115,61.833333333333336,0.2650386691093445,0.6191447561745383
UBFC_PHYS_s13_T2_ctrl,58,116,61.86666666666667,0.3533458113670349,0.8020919108296076
UBFC_PHYS_s13_T2_ctrl,58,117,61.9,0.22760559618473053,0.9089758559951656
UBFC_PHYS_s13_T2_ctrl,58,118,61.93333333333333,-0.1669674515724182,0.9640042839893659
UBFC_PHYS_s13_T2_ctrl,58,119,61.96666666666667,-0.6106187105178833,0.9903999906322746
UBFC_PHYS_s13_T2_ctrl,58,120,62.0,-0.888022243976593,1.0014931696536493
UBFC_PHYS_s13_T2_ctrl,58,121,62.03333333333333,-0.9376276731491089,0.9994385173813484
UBFC_PHYS_s13_T2_ctrl,58,122,62.06666666666667,-0.8367890119552612,0.9801427721570452
UBFC_PHYS_s13_T2_ctrl,58,123,62.1,-0.7378022074699402,0.9398042230753036
UBFC_PHYS_s13_T2_ctrl,58,124,62.13333333333333,-0.7893023490905762,0.8787148757855648
UBFC_PHYS_s13_T2_ctrl,58,125,62.166666666666664,-0.9711922407150269,0.8008233209583783
UBFC_PHYS_s13_T2_ctrl,58,126,62.2,-1.0832114219665527,0.7107044598105638
UBFC_PHYS_s13_T2_ctrl,58,127,62.233333333333334,-0.9563837647438049,0.6109591921871043
UBFC_PHYS_s13_T2_ctrl,58,128,62.266666666666666,-0.6169552803039551,0.5020121674851429
UBFC_PHYS_s13_T2_ctrl,58,129,62.3,-0.24488164484500885,0.38416612889523205
UBFC_PHYS_s13_T2_ctrl,58,130,62.333333333333336,0.007966311648488045,0.2603752652670339
UBFC_PHYS_s13_T2_ctrl,58,131,62.36666666666667,0.10736169666051865,0.1379386161696874
UBFC_PHYS_s13_T2_ctrl,58,132,62.4,0.11014610528945923,0.027862227884006305
UBFC_PHYS_s13_T2_ctrl,58,133,62.43333333333333,0.10555923730134964,-0.058205650669235144
UBFC_PHYS_s13_T2_ctrl,58,134,62.46666666666667,0.1534215211868286,-0.1121906236518154
UBFC_PHYS_s13_T2_ctrl,58,135,62.5,0.23655197024345398,-0.13296217244392208
UBFC_PHYS_s13_T2_ctrl,58,136,62.53333333333333,0.289505273103714,-0.12733239181200243
UBFC_PHYS_s13_T2_ctrl,58,137,62.56666666666667,0.2818571925163269,-0.10834757303496663
UBFC_PHYS_s13_T2_ctrl,58,138,62.6,0.23532617092132568,-0.09161962404332893
UBFC_PHYS_s13_T2_ctrl,58,139,62.63333333333333,0.21049049496650696,-0.09102459864293433
UBFC_PHYS_s13_T2_ctrl,58,140,62.666666666666664,0.2776097357273102,-0.11514169842963315
UBFC_PHYS_s13_T2_ctrl,58,141,62.7,0.42459389567375183,-0.16544962691478354
UBFC_PHYS_s13_T2_ctrl,58,142,62.733333333333334,0.5439909100532532,-0.2367118579137479
UBFC_PHYS_s13_T2_ctrl,58,143,62.766666666666666,0.5949177145957947,-0.31928905091868015
UBFC_PHYS_s13_T2_ctrl,58,144,62.8,0.6583661437034607,-0.4024768586730404
UBFC_PHYS_s13_T2_ctrl,58,145,62.833333333333336,0.7333970665931702,-0.4776680058697714
UBFC_PHYS_s13_T2_ctrl,58,146,62.86666666666667,0.7245660424232483,-0.5403498994918028
UBFC_PHYS_s13_T2_ctrl,58,147,62.9,0.6548765897750854,-0.5905081622526487
UBFC_PHYS_s13_T2_ctrl,58,148,62.93333333333333,0.6795639395713806,-0.6315877959195186
UBFC_PHYS_s13_T2_ctrl,58,149,62.96666666666667,0.8956378698348999,-0.6685034661828143
UBFC_PHYS_s13_T2_ctrl,58,150,63.0,1.2093837261199951,-0.7052181391093912
UBFC_PHYS_s13_T2_ctrl,58,151,63.03333333333333,1.3727613687515259,-0.7423030533061973
UBFC_PHYS_s13_T2_ctrl,58,152,63.06666666666667,1.2767435312271118,-0.7748897768310663
UBFC_PHYS_s13_T2_ctrl,58,153,63.1,1.0788358449935913,-0.7916209796136744
UBFC_PHYS_s13_T2_ctrl,58,154,63.13333333333333,0.9575408697128296,-0.775430889435153
UBFC_PHYS_s13_T2_ctrl,58,155,63.166666666666664,0.9351601004600525,-0.7068076354749636
UBFC_PHYS_s13_T2_ctrl,58,156,63.2,0.9863570928573608,-0.569352409502679
UBFC_PHYS_s13_T2_ctrl,58,157,63.233333333333334,1.0657771825790405,-0.35626507272489033
UBFC_PHYS_s13_T2_ctrl,58,158,63.266666666666666,1.0513311624526978,-0.0754968027134052
UBFC_PHYS_s13_T2_ctrl,58,159,63.3,0.8883917927742004,0.24867936205832902
UBFC_PHYS_s13_T2_ctrl,58,160,63.333333333333336,0.6875448226928711,0.5788272687340089
UBFC_PHYS_s13_T2_ctrl,58,161,63.36666666666667,0.537555456161499,0.8716631030769262
UBFC_PHYS_s13_T2_ctrl,58,162,63.4,0.3800399601459503,1.0874213396990824
UBFC_PHYS_s13_T2_ctrl,58,163,63.43333333333333,0.1601436585187912,1.1985090971070398
UBFC_PHYS_s13_T2_ctrl,58,164,63.46666666666667,-0.029104305431246758,1.195136393536421
UBFC_PHYS_s13_T2_ctrl,58,165,63.5,-0.09431563317775726,1.0867215586535635
UBFC_PHYS_s13_T2_ctrl,58,166,63.53333333333333,-0.1316399872303009,0.899046834758944
UBFC_PHYS_s13_T2_ctrl,58,167,63.56666666666667,-0.317582905292511,0.6681437139496249
UBFC_PHYS_s13_T2_ctrl,58,168,63.6,-0.6819491386413574,0.43260471123687577
UBFC_PHYS_s13_T2_ctrl,58,169,63.63333333333333,-1.0297868251800537,0.2261613992393324
UBFC_PHYS_s13_T2_ctrl,58,170,63.666666666666664,-1.0764068365097046,0.07187802549428399
UBFC_PHYS_s13_T2_ctrl,58,171,63.7,-0.8204746246337891,-0.021301219519464003
UBFC_PHYS_s13_T2_ctrl,58,172,63.733333333333334,-0.6293846964836121,-0.05919056832298299
UBFC_PHYS_s13_T2_ctrl,58,173,63.766666666666666,-0.7391532063484192,-0.0598523798717601
UBFC_PHYS_s13_T2_ctrl,58,174,63.8,-0.9802143573760986,-0.048036615654906384
UBFC_PHYS_s13_T2_ctrl,58,175,63.833333333333336,-1.2225639820098877,-0.04764281263204179
UBFC_PHYS_s13_T2_ctrl,58,176,63.86666666666667,-1.5671625137329102,-0.07444451957402588
UBFC_PHYS_s13_T2_ctrl,58,177,63.9,-2.0296292304992676,-0.13163693387523273
UBFC_PHYS_s13_T2_ctrl,58,178,63.93333333333333,-2.3869173526763916,-0.20965497119596876
UBFC_PHYS_s13_T2_ctrl,58,179,63.96666666666667,-2.425595998764038,-0.29002691681674414
UBFC_PHYS_s13_T2_ctrl,58,180,64.0,-2.180551052093506,-0.3518656256169151
UBFC_PHYS_s13_T2_ctrl,58,181,64.03333333333333,-1.8035215139389038,-0.3789809597239846
UBFC_PHYS_s13_T2_ctrl,58,182,64.06666666666666,-1.3592177629470825,-0.36528729297867507
UBFC_PHYS_s13_T2_ctrl,58,183,64.1,-0.8935976624488831,-0.3165546691738432
UBFC_PHYS_s13_T2_ctrl,58,184,64.13333333333334,-0.4961380362510681,-0.24787808347984397
UBFC_PHYS_s13_T2_ctrl,58,185,64.16666666666667,-0.2013590931892395,-0.17792675607108963
UBFC_PHYS_s13_T2_ctrl,58,186,64.2,-0.0016193262999877334,-0.12224268142847179
UBFC_PHYS_s13_T2_ctrl,58,187,64.23333333333333,0.08072686940431595,-0.08818904401648951
UBFC_PHYS_s13_T2_ctrl,58,188,64.26666666666667,0.028511669486761093,-0.07353133582843077
UBFC_PHYS_s13_T2_ctrl,58,189,64.3,-0.06793124228715897,-0.06912498645205849
UBFC_PHYS_s13_T2_ctrl,58,190,64.33333333333333,-0.02393089421093464,-0.06427074227823872
UBFC_PHYS_s13_T2_ctrl,58,191,64.36666666666666,0.24995340406894684,-0.052073303878564646
UBFC_PHYS_s13_T2_ctrl,58,192,64.4,0.613980233669281,-0.03238183730546941
UBFC_PHYS_s13_T2_ctrl,58,193,64.43333333333334,0.8328616619110107,-0.011251585286696682
UBFC_PHYS_s13_T2_ctrl,58,194,64.46666666666667,0.8093901872634888,0.0025422695138325327
UBFC_PHYS_s13_T2_ctrl,58,195,64.5,0.6467012763023376,0.002249649310272705
UBFC_PHYS_s13_T2_ctrl,58,196,64.53333333333333,0.5462283492088318,-0.012922550024805314
UBFC_PHYS_s13_T2_ctrl,58,197,64.56666666666666,0.6343674659729004,-0.03633712404002428
UBFC_PHYS_s13_T2_ctrl,58,198,64.6,0.8567285537719727,-0.055548396691232675
UBFC_PHYS_s13_T2_ctrl,58,199,64.63333333333334,1.0393235683441162,-0.05646894860706518
UBFC_PHYS_s13_T2_ctrl,58,200,64.66666666666667,1.0535389184951782,-0.028591243330696986
UBFC_PHYS_s13_T2_ctrl,58,201,64.7,0.8810468912124634,0.03061576416563199
UBFC_PHYS_s13_T2_ctrl,58,202,64.73333333333333,0.5559688806533813,0.11374256314900921
UBFC_PHYS_s13_T2_ctrl,58,203,64.76666666666667,0.1436184048652649,0.20468840211981135
UBFC_PHYS_s13_T2_ctrl,58,204,64.8,-0.25662562251091003,0.2828083364779651
UBFC_PHYS_s13_T2_ctrl,58,205,64.83333333333333,-0.5690996050834656,0.3286644084370302
UBFC_PHYS_s13_T2_ctrl,58,206,64.86666666666666,-0.7407481074333191,0.32957782709092026
UBFC_PHYS_s13_T2_ctrl,58,207,64.9,-0.7415488362312317,0.28331351784985775
UBFC_PHYS_s13_T2_ctrl,58,208,64.93333333333334,-0.654002845287323,0.19891786686839558
UBFC_PHYS_s13_T2_ctrl,58,209,64.96666666666667,-0.6534261703491211,0.09459550332940923
UBFC_PHYS_s13_T2_ctrl,58,210,65.0,-0.7987561821937561,-0.006801883234174467
UBFC_PHYS_s13_T2_ctrl,58,211,65.03333333333333,-0.9473450779914856,-0.0836404922099631
UBFC_PHYS_s13_T2_ctrl,58,212,65.06666666666666,-0.9702168703079224,-0.12135526738309364
UBFC_PHYS_s13_T2_ctrl,58,213,65.1,-0.8969389796257019,-0.11667792023302692
UBFC_PHYS_s13_T2_ctrl,58,214,65.13333333333334,-0.7782108187675476,-0.07869428042992573
UBFC_PHYS_s13_T2_ctrl,58,215,65.16666666666667,-0.5817036032676697,-0.02603242744746046
UBFC_PHYS_s13_T2_ctrl,58,216,65.2,-0.29963740706443787,0.01889926677911057
UBFC_PHYS_s13_T2_ctrl,58,217,65.23333333333333,-0.02702835015952587,0.036450276624780203
UBFC_PHYS_s13_T2_ctrl,58,218,65.26666666666667,0.150502011179924,0.014949217753402182
UBFC_PHYS_s13_T2_ctrl,58,219,65.3,0.23429806530475616,-0.04648178529778609
UBFC_PHYS_s13_T2_ctrl,58,220,65.33333333333333,0.23258128762245178,-0.1376420607491833
UBFC_PHYS_s13_T2_ctrl,58,221,65.36666666666666,0.15743502974510193,-0.23916258161306567
UBFC_PHYS_s13_T2_ctrl,58,222,65.4,0.09931160509586334,-0.3262703927656068
UBFC_PHYS_s13_T2_ctrl,58,223,65.43333333333334,0.14698277413845062,-0.37408743287320784
UBFC_PHYS_s13_T2_ctrl,58,224,65.46666666666667,0.260458379983902,-0.36382790273101945
UBFC_PHYS_s13_T2_ctrl,58,225,65.5,0.3475166857242584,-0.28867768169531094
UBFC_PHYS_s13_T2_ctrl,58,226,65.53333333333333,0.3911644518375397,-0.1576218079424448
UBFC_PHYS_s13_T2_ctrl,58,227,65.56666666666666,0.41124188899993896,0.004679989218328596
UBFC_PHYS_s13_T2_ctrl,58,228,65.6,0.4062661826610565,0.16326794222201046
UBFC_PHYS_s13_T2_ctrl,58,229,65.63333333333334,0.3859449028968811,0.28283680276372014
UBFC_PHYS_s13_T2_ctrl,58,230,65.66666666666667,0.35282188653945923,0.33876134694157867
UBFC_PHYS_s13_T2_ctrl,58,231,65.7,0.2829347252845764,0.32441062465994225
UBFC_PHYS_s13_T2_ctrl,58,232,65.73333333333333,0.1763426959514618,0.2518918414566384
UBFC_PHYS_s13_T2_ctrl,58,233,65.76666666666667,0.09028614312410355,0.1468143961521546
UBFC_PHYS_s13_T2_ctrl,58,234,65.8,0.11159927397966385,0.03998765043012867
UBFC_PHYS_s13_T2_ctrl,58,235,65.83333333333333,0.2796856760978699,-0.04080667098563514
UBFC_PHYS_s13_T2_ctrl,58,236,65.86666666666666,0.538652777671814,-0.07707945367270287
UBFC_PHYS_s13_T2_ctrl,58,237,65.9,0.7801257967948914,-0.06329128732270273
UBFC_PHYS_s13_T2_ctrl,58,238,65.93333333333334,0.9291298985481262,-0.007554602438799287
UBFC_PHYS_s13_T2_ctrl,58,239,65.96666666666667,0.9480870366096497,0.07086419769214171
UBFC_PHYS_s13_T2_ctrl,59,0,59.0,1.101533055305481,0.03977116701506385
UBFC_PHYS_s13_T2_ctrl,59,1,59.03333333333333,1.2719128131866455,0.1003366978481723
UBFC_PHYS_s13_T2_ctrl,59,2,59.06666666666667,1.4491862058639526,0.15083156814646445
UBFC_PHYS_s13_T2_ctrl,59,3,59.1,1.637603759765625,0.18506742669806675
UBFC_PHYS_s13_T2_ctrl,59,4,59.13333333333333,1.8457000255584717,0.20392141924060314
UBFC_PHYS_s13_T2_ctrl,59,5,59.166666666666664,2.0550057888031006,0.21517775753065915
UBFC_PHYS_s13_T2_ctrl,59,6,59.2,2.2619223594665527,0.23047792133023456
UBFC_PHYS_s13_T2_ctrl,59,7,59.233333333333334,2.524827241897583,0.2604087586659763
UBFC_PHYS_s13_T2_ctrl,59,8,59.266666666666666,2.9158973693847656,0.30951040879928615
UBFC_PHYS_s13_T2_ctrl,59,9,59.3,3.3610711097717285,0.3731149695476613
UBFC_PHYS_s13_T2_ctrl,59,10,59.333333333333336,3.535062313079834,0.43734469764502215
UBFC_PHYS_s13_T2_ctrl,59,11,59.36666666666667,3.2204926013946533,0.482511664350044
UBFC_PHYS_s13_T2_ctrl,59,12,59.4,2.649513006210327,0.48895215296841793
UBFC_PHYS_s13_T2_ctrl,59,13,59.43333333333333,2.208866834640503,0.44340558190865326
UBFC_PHYS_s13_T2_ctrl,59,14,59.46666666666667,1.99285888671875,0.3437530307044069
UBFC_PHYS_s13_T2_ctrl,59,15,59.5,1.8993420600891113,0.2004568787169123
UBFC_PHYS_s13_T2_ctrl,59,16,59.53333333333333,1.841551423072815,0.03422945690930928
UBFC_PHYS_s13_T2_ctrl,59,17,59.56666666666667,1.7167108058929443,-0.1293199613228972
UBFC_PHYS_s13_T2_ctrl,59,18,59.6,1.4621163606643677,-0.2665526211671214
UBFC_PHYS_s13_T2_ctrl,59,19,59.63333333333333,1.1427028179168701,-0.3622356817305949
UBFC_PHYS_s13_T2_ctrl,59,20,59.666666666666664,0.8471791744232178,-0.41338831890742056
UBFC_PHYS_s13_T2_ctrl,59,21,59.7,0.5634258389472961,-0.4289929893474879
UBFC_PHYS_s13_T2_ctrl,59,22,59.733333333333334,0.245112806558609,-0.42568925472975044
UBFC_PHYS_s13_T2_ctrl,59,23,59.766666666666666,-0.0752992331981659,-0.4211950206278208
UBFC_PHYS_s13_T2_ctrl,59,24,59.8,-0.3404249846935272,-0.427701328092132
UBFC_PHYS_s13_T2_ctrl,59,25,59.833333333333336,-0.5771397948265076,-0.447085427849626
UBFC_PHYS_s13_T2_ctrl,59,26,59.86666666666667,-0.8349898457527161,-0.46922524017998585
UBFC_PHYS_s13_T2_ctrl,59,27,59.9,-1.086503267288208,-0.4742717243022653
UBFC_PHYS_s13_T2_ctrl,59,28,59.93333333333333,-1.2786509990692139,-0.4391791381934611
UBFC_PHYS_s13_T2_ctrl,59,29,59.96666666666667,-1.4385521411895752,-0.34745778662991245
UBFC_PHYS_s13_T2_ctrl,59,30,60.0,-1.6295334100723267,-0.199007010944279
UBFC_PHYS_s13_T2_ctrl,59,31,60.03333333333333,-1.8332208395004272,-0.015444543269339821
UBFC_PHYS_s13_T2_ctrl,59,32,60.06666666666667,-1.9816844463348389,0.1628690358827675
UBFC_PHYS_s13_T2_ctrl,59,33,60.1,-2.075932741165161,0.2886795423111116
UBFC_PHYS_s13_T2_ctrl,59,34,60.13333333333333,-2.1939985752105713,0.32474555622411766
UBFC_PHYS_s13_T2_ctrl,59,35,60.166666666666664,-2.4233388900756836,0.25891782948078856
UBFC_PHYS_s13_T2_ctrl,59,36,60.2,-2.703167676925659,0.11073502013781349
UBFC_PHYS_s13_T2_ctrl,59,37,60.233333333333334,-2.7532904148101807,-0.07367642780979836
UBFC_PHYS_s13_T2_ctrl,59,38,60.266666666666666,-2.3881564140319824,-0.23665592373468253
UBFC_PHYS_s13_T2_ctrl,59,39,60.3,-1.8359525203704834,-0.3282197416490909
UBFC_PHYS_s13_T2_ctrl,59,40,60.333333333333336,-1.4102566242218018,-0.32227182577737756
UBFC_PHYS_s13_T2_ctrl,59,41,60.36666666666667,-1.1770873069763184,-0.22406441181803105
UBFC_PHYS_s13_T2_ctrl,59,42,60.4,-1.1076186895370483,-0.06643069650043866
UBFC_PHYS_s13_T2_ctrl,59,43,60.43333333333333,-1.1977348327636719,0.10350317269739726
UBFC_PHYS_s13_T2_ctrl,59,44,60.46666666666667,-1.3822805881500244,0.24164090069811262
UBFC_PHYS_s13_T2_ctrl,59,45,60.5,-1.5708630084991455,0.32133402315822057
UBFC_PHYS_s13_T2_ctrl,59,46,60.53333333333333,-1.7395886182785034,0.33978900160682396
UBFC_PHYS_s13_T2_ctrl,59,47,60.56666666666667,-1.8696125745773315,0.31517029865707996
UBFC_PHYS_s13_T2_ctrl,59,48,60.6,-1.8774319887161255,0.27675130036734197
UBFC_PHYS_s13_T2_ctrl,59,49,60.63333333333333,-1.6921547651290894,0.2526021986407095
UBFC_PHYS_s13_T2_ctrl,59,50,60.666666666666664,-1.3396412134170532,0.25950137983084987
UBFC_PHYS_s13_T2_ctrl,59,51,60.7,-0.9035128355026245,0.2982749742872919
UBFC_PHYS_s13_T2_ctrl,59,52,60.733333333333334,-0.44591641426086426,0.35537937205524256
UBFC_PHYS_s13_T2_ctrl,59,53,60.766666666666666,-0.00891811866313219,0.40926910688553514
UBFC_PHYS_s13_T2_ctrl,59,54,60.8,0.3540114462375641,0.43875746143684163
UBFC_PHYS_s13_T2_ctrl,59,55,60.833333333333336,0.6111629009246826,0.4304358588569908
UBFC_PHYS_s13_T2_ctrl,59,56,60.86666666666667,0.7854837775230408,0.3830168394449599
UBFC_PHYS_s13_T2_ctrl,59,57,60.9,0.9190467000007629,0.30762798526648977
UBFC_PHYS_s13_T2_ctrl,59,58,60.93333333333333,1.0191110372543335,0.22415541148990611
UBFC_PHYS_s13_T2_ctrl,59,59,60.96666666666667,1.0642250776290894,0.15471239482865243
UBFC_PHYS_s13_T2_ctrl,59,60,61.0,1.0420717000961304,0.11621374788272407
UBFC_PHYS_s13_T2_ctrl,59,61,61.03333333333333,0.9593103528022766,0.11448723345413304
UBFC_PHYS_s13_T2_ctrl,59,62,61.06666666666667,0.8482698202133179,0.14197089639733285
UBFC_PHYS_s13_T2_ctrl,59,63,61.1,0.7690639495849609,0.17991790109545336
UBFC_PHYS_s13_T2_ctrl,59,64,61.13333333333333,0.7742637395858765,0.2045439436727184
UBFC_PHYS_s13_T2_ctrl,59,65,61.166666666666664,0.8624193072319031,0.19514923599545572
UBFC_PHYS_s13_T2_ctrl,59,66,61.2,1.0308517217636108,0.14137834014826187
UBFC_PHYS_s13_T2_ctrl,59,67,61.233333333333334,1.3065351247787476,0.046841276754621124
UBFC_PHYS_s13_T2_ctrl,59,68,61.266666666666666,1.5872535705566406,-0.07254621779715158
UBFC_PHYS_s13_T2_ctrl,59,69,61.3,1.6273722648620605,-0.19521047107472467
UBFC_PHYS_s13_T2_ctrl,59,70,61.333333333333336,1.358836054801941,-0.3031895358382721
UBFC_PHYS_s13_T2_ctrl,59,71,61.36666666666667,0.9473851323127747,-0.39035057166068665
UBFC_PHYS_s13_T2_ctrl,59,72,61.4,0.6105993986129761,-0.4660090028797254
UBFC_PHYS_s13_T2_ctrl,59,73,61.43333333333333,0.5511348843574524,-0.5519645825467429
UBFC_PHYS_s13_T2_ctrl,59,74,61.46666666666667,0.8045430183410645,-0.6733867317722221
UBFC_PHYS_s13_T2_ctrl,59,75,61.5,1.0662912130355835,-0.8463455870362497
UBFC_PHYS_s13_T2_ctrl,59,76,61.53333333333333,1.017552375793457,-1.066260067507477
UBFC_PHYS_s13_T2_ctrl,59,77,61.56666666666667,0.7806892991065979,-1.3017328446606709
UBFC_PHYS_s13_T2_ctrl,59,78,61.6,0.6133871078491211,-1.4971195773908246
UBFC_PHYS_s13_T2_ctrl,59,79,61.63333333333333,0.5557382106781006,-1.5848980668894177
UBFC_PHYS_s13_T2_ctrl,59,80,61.666666666666664,0.5452925562858582,-1.5057586128409282
UBFC_PHYS_s13_T2_ctrl,59,81,61.7,0.5655413269996643,-1.2307518746658297
UBFC_PHYS_s13_T2_ctrl,59,82,61.733333333333334,0.5457307696342468,-0.777062187333785
UBFC_PHYS_s13_T2_ctrl,59,83,61.766666666666666,0.3977218270301819,-0.20941497101095619
UBFC_PHYS_s13_T2_ctrl,59,84,61.8,0.24389688670635223,0.3758877390740172
UBFC_PHYS_s13_T2_ctrl,59,85,61.833333333333336,0.2650386691093445,0.8795040908507432
UBFC_PHYS_s13_T2_ctrl,59,86,61.86666666666667,0.3533458113670349,1.228715524008769
UBFC_PHYS_s13_T2_ctrl,59,87,61.9,0.22760559618473053,1.3958191149382417
UBFC_PHYS_s13_T2_ctrl,59,88,61.93333333333333,-0.1669674515724182,1.3989661970639682
UBFC_PHYS_s13_T2_ctrl,59,89,61.96666666666667,-0.6106187105178833,1.2878590530079195
UBFC_PHYS_s13_T2_ctrl,59,90,62.0,-0.888022243976593,1.1223609334653626
UBFC_PHYS_s13_T2_ctrl,59,91,62.03333333333333,-0.9376276731491089,0.9529051291275797
UBFC_PHYS_s13_T2_ctrl,59,92,62.06666666666667,-0.8367890119552612,0.8087810495766057
UBFC_PHYS_s13_T2_ctrl,59,93,62.1,-0.7378022074699402,0.6960830816848389
UBFC_PHYS_s13_T2_ctrl,59,94,62.13333333333333,-0.7893023490905762,0.6034163554328934
UBFC_PHYS_s13_T2_ctrl,59,95,62.166666666666664,-0.9711922407150269,0.5115506293979694
UBFC_PHYS_s13_T2_ctrl,59,96,62.2,-1.0832114219665527,0.4032142716876219
UBFC_PHYS_s13_T2_ctrl,59,97,62.233333333333334,-0.9563837647438049,0.2703676657052763
UBFC_PHYS_s13_T2_ctrl,59,98,62.266666666666666,-0.6169552803039551,0.11765261958251998
UBFC_PHYS_s13_T2_ctrl,59,99,62.3,-0.24488164484500885,-0.03818325462753086
UBFC_PHYS_s13_T2_ctrl,59,100,62.333333333333336,0.007966311648488045,-0.17231811562974592
UBFC_PHYS_s13_T2_ctrl,59,101,62.36666666666667,0.10736169666051865,-0.25829767888590605
UBFC_PHYS_s13_T2_ctrl,59,102,62.4,0.11014610528945923,-0.2755293049067251
UBFC_PHYS_s13_T2_ctrl,59,103,62.43333333333333,0.10555923730134964,-0.2161451501158144
UBFC_PHYS_s13_T2_ctrl,59,104,62.46666666666667,0.1534215211868286,-0.08926638595809731
UBFC_PHYS_s13_T2_ctrl,59,105,62.5,0.23655197024345398,0.07910707905301732
UBFC_PHYS_s13_T2_ctrl,59,106,62.53333333333333,0.289505273103714,0.25130078855308613
UBFC_PHYS_s13_T2_ctrl,59,107,62.56666666666667,0.2818571925163269,0.3871926442687448
UBFC_PHYS_s13_T2_ctrl,59,108,62.6,0.23532617092132568,0.45458917841977725
UBFC_PHYS_s13_T2_ctrl,59,109,62.63333333333333,0.21049049496650696,0.4372224574842926
UBFC_PHYS_s13_T2_ctrl,59,110,62.666666666666664,0.2776097357273102,0.3379020152958562
UBFC_PHYS_s13_T2_ctrl,59,111,62.7,0.42459389567375183,0.17627918079687002
UBFC_PHYS_s13_T2_ctrl,59,112,62.733333333333334,0.5439909100532532,-0.017715377309973645
UBFC_PHYS_s13_T2_ctrl,59,113,62.766666666666666,0.5949177145957947,-0.21273752594868703
UBFC_PHYS_s13_T2_ctrl,59,114,62.8,0.6583661437034607,-0.3847099425553577
UBFC_PHYS_s13_T2_ctrl,59,115,62.833333333333336,0.7333970665931702,-0.5228176752183494
UBFC_PHYS_s13_T2_ctrl,59,116,62.86666666666667,0.7245660424232483,-0.6308814773155986
UBFC_PHYS_s13_T2_ctrl,59,117,62.9,0.6548765897750854,-0.7234898021436839
UBFC_PHYS_s13_T2_ctrl,59,118,62.93333333333333,0.6795639395713806,-0.8181468814592001
UBFC_PHYS_s13_T2_ctrl,59,119,62.96666666666667,0.8956378698348999,-0.9262096258024782
UBFC_PHYS_s13_T2_ctrl,59,120,63.0,1.2093837261199951,-1.0457374918932603
UBFC_PHYS_s13_T2_ctrl,59,121,63.03333333333333,1.3727613687515259,-1.1586999977765167
UBFC_PHYS_s13_T2_ctrl,59,122,63.06666666666667,1.2767435312271118,-1.2337728501260001
UBFC_PHYS_s13_T2_ctrl,59,123,63.1,1.0788358449935913,-1.234422609771247
UBFC_PHYS_s13_T2_ctrl,59,124,63.13333333333333,0.9575408697128296,-1.1303147013753572
UBFC_PHYS_s13_T2_ctrl,59,125,63.166666666666664,0.9351601004600525,-0.9087321223512599
UBFC_PHYS_s13_T2_ctrl,59,126,63.2,0.9863570928573608,-0.5821405178584548
UBFC_PHYS_s13_T2_ctrl,59,127,63.233333333333334,1.0657771825790405,-0.1884845511209906
UBFC_PHYS_s13_T2_ctrl,59,128,63.266666666666666,1.0513311624526978,0.21746020914751027
UBFC_PHYS_s13_T2_ctrl,59,129,63.3,0.8883917927742004,0.579763317583838
UBFC_PHYS_s13_T2_ctrl,59,130,63.333333333333336,0.6875448226928711,0.8577141361090784
UBFC_PHYS_s13_T2_ctrl,59,131,63.36666666666667,0.537555456161499,1.0351831252999228
UBFC_PHYS_s13_T2_ctrl,59,132,63.4,0.3800399601459503,1.1192009888864625
UBFC_PHYS_s13_T2_ctrl,59,133,63.43333333333333,0.1601436585187912,1.1301076954753968
UBFC_PHYS_s13_T2_ctrl,59,134,63.46666666666667,-0.029104305431246758,1.089361801475071
UBFC_PHYS_s13_T2_ctrl,59,135,63.5,-0.09431563317775726,1.0110240705208398
UBFC_PHYS_s13_T2_ctrl,59,136,63.53333333333333,-0.1316399872303009,0.9000479386467665
UBFC_PHYS_s13_T2_ctrl,59,137,63.56666666666667,-0.317582905292511,0.7567158954769566
UBFC_PHYS_s13_T2_ctrl,59,138,63.6,-0.6819491386413574,0.5837376918829678
UBFC_PHYS_s13_T2_ctrl,59,139,63.63333333333333,-1.0297868251800537,0.39176622810784845
UBFC_PHYS_s13_T2_ctrl,59,140,63.666666666666664,-1.0764068365097046,0.2004149503077796
UBFC_PHYS_s13_T2_ctrl,59,141,63.7,-0.8204746246337891,0.03429351938499686
UBFC_PHYS_s13_T2_ctrl,59,142,63.733333333333334,-0.6293846964836121,-0.08415930623407239
UBFC_PHYS_s13_T2_ctrl,59,143,63.766666666666666,-0.7391532063484192,-0.14199999628245494
UBFC_PHYS_s13_T2_ctrl,59,144,63.8,-0.9802143573760986,-0.14025923109318628
UBFC_PHYS_s13_T2_ctrl,59,145,63.833333333333336,-1.2225639820098877,-0.09382890924908752
UBFC_PHYS_s13_T2_ctrl,59,146,63.86666666666667,-1.5671625137329102,-0.02693072264443868
UBFC_PHYS_s13_T2_ctrl,59,147,63.9,-2.0296292304992676,0.03401690212046197
UBFC_PHYS_s13_T2_ctrl,59,148,63.93333333333333,-2.3869173526763916,0.06767154034133163
UBFC_PHYS_s13_T2_ctrl,59,149,63.96666666666667,-2.425595998764038,0.0630459345983677
UBFC_PHYS_s13_T2_ctrl,59,150,64.0,-2.180551052093506,0.021538883187095775
UBFC_PHYS_s13_T2_ctrl,59,151,64.03333333333333,-1.8035215139389038,-0.044487385682433295
UBFC_PHYS_s13_T2_ctrl,59,152,64.06666666666666,-1.3592177629470825,-0.11586161010370119
UBFC_PHYS_s13_T2_ctrl,59,153,64.1,-0.8935976624488831,-0.17220061427715458
UBFC_PHYS_s13_T2_ctrl,59,154,64.13333333333334,-0.4961380362510681,-0.1975177456623989
UBFC_PHYS_s13_T2_ctrl,59,155,64.16666666666667,-0.2013590931892395,-0.18452213903645703
UBFC_PHYS_s13_T2_ctrl,59,156,64.2,-0.0016193262999877334,-0.13655064903445474
UBFC_PHYS_s13_T2_ctrl,59,157,64.23333333333333,0.08072686940431595,-0.06669196813731258
UBFC_PHYS_s13_T2_ctrl,59,158,64.26666666666667,0.028511669486761093,0.00538804869903939
UBFC_PHYS_s13_T2_ctrl,59,159,64.3,-0.06793124228715897,0.05783553364034564
UBFC_PHYS_s13_T2_ctrl,59,160,64.33333333333333,-0.02393089421093464,0.07135473062475588
UBFC_PHYS_s13_T2_ctrl,59,161,64.36666666666666,0.24995340406894684,0.03377820619966736
UBFC_PHYS_s13_T2_ctrl,59,162,64.4,0.613980233669281,-0.05631876195983735
UBFC_PHYS_s13_T2_ctrl,59,163,64.43333333333334,0.8328616619110107,-0.18805914056809342
UBFC_PHYS_s13_T2_ctrl,59,164,64.46666666666667,0.8093901872634888,-0.33955480765692075
UBFC_PHYS_s13_T2_ctrl,59,165,64.5,0.6467012763023376,-0.482088193146736
UBFC_PHYS_s13_T2_ctrl,59,166,64.53333333333333,0.5462283492088318,-0.5864858188616879
UBFC_PHYS_s13_T2_ctrl,59,167,64.56666666666666,0.6343674659729004,-0.6303107896634472
UBFC_PHYS_s13_T2_ctrl,59,168,64.6,0.8567285537719727,-0.6039243756533521
UBFC_PHYS_s13_T2_ctrl,59,169,64.63333333333334,1.0393235683441162,-0.5133791797533123
UBFC_PHYS_s13_T2_ctrl,59,170,64.66666666666667,1.0535389184951782,-0.37887428652311655
UBFC_PHYS_s13_T2_ctrl,59,171,64.7,0.8810468912124634,-0.229031713438693
UBFC_PHYS_s13_T2_ctrl,59,172,64.73333333333333,0.5559688806533813,-0.09294277358139576
UBFC_PHYS_s13_T2_ctrl,59,173,64.76666666666667,0.1436184048652649,0.007185791035003075
UBFC_PHYS_s13_T2_ctrl,59,174,64.8,-0.25662562251091003,0.06047164770112584
UBFC_PHYS_s13_T2_ctrl,59,175,64.83333333333333,-0.5690996050834656,0.06805092749591408
UBFC_PHYS_s13_T2_ctrl,59,176,64.86666666666666,-0.7407481074333191,0.040724962588130964
UBFC_PHYS_s13_T2_ctrl,59,177,64.9,-0.7415488362312317,-0.004895009601910954
UBFC_PHYS_s13_T2_ctrl,59,178,64.93333333333334,-0.654002845287323,-0.050283512684009816
UBFC_PHYS_s13_T2_ctrl,59,179,64.96666666666667,-0.6534261703491211,-0.07813992341237909
UBFC_PHYS_s13_T2_ctrl,59,180,65.0,-0.7987561821937561,-0.07466578738593742
UBFC_PHYS_s13_T2_ctrl,59,181,65.03333333333333,-0.9473450779914856,-0.0312682562436165
UBFC_PHYS_s13_T2_ctrl,59,182,65.06666666666666,-0.9702168703079224,0.05403985405388551
UBFC_PHYS_s13_T2_ctrl,59,183,65.1,-0.8969389796257019,0.17569757233396574
UBFC_PHYS_s13_T2_ctrl,59,184,65.13333333333334,-0.7782108187675476,0.32077026733223235
UBFC_PHYS_s13_T2_ctrl,59,185,65.16666666666667,-0.5817036032676697,0.47075685212467894
UBFC_PHYS_s13_T2_ctrl,59,186,65.2,-0.29963740706443787,0.6045905516063185
UBFC_PHYS_s13_T2_ctrl,59,187,65.23333333333333,-0.02702835015952587,0.7017722752437026
UBFC_PHYS_s13_T2_ctrl,59,188,65.26666666666667,0.150502011179924,0.7451231919384149
UBFC_PHYS_s13_T2_ctrl,59,189,65.3,0.23429806530475616,0.7234003230034406
UBFC_PHYS_s13_T2_ctrl,59,190,65.33333333333333,0.23258128762245178,0.6338678372930248
UBFC_PHYS_s13_T2_ctrl,59,191,65.36666666666666,0.15743502974510193,0.4842774594509726
UBFC_PHYS_s13_T2_ctrl,59,192,65.4,0.09931160509586334,0.29344331033909754
UBFC_PHYS_s13_T2_ctrl,59,193,65.43333333333334,0.14698277413845062,0.08971578970365289
UBFC_PHYS_s13_T2_ctrl,59,194,65.46666666666667,0.260458379983902,-0.09309018627666454
UBFC_PHYS_s13_T2_ctrl,59,195,65.5,0.3475166857242584,-0.2222317931211476
UBFC_PHYS_s13_T2_ctrl,59,196,65.53333333333333,0.3911644518375397,-0.2740138290785733
UBFC_PHYS_s13_T2_ctrl,59,197,65.56666666666666,0.41124188899993896,-0.24109409469837956
UBFC_PHYS_s13_T2_ctrl,59,198,65.6,0.4062661826610565,-0.13638453479315485
UBFC_PHYS_s13_T2_ctrl,59,199,65.63333333333334,0.3859449028968811,0.008712942253137294
UBFC_PHYS_s13_T2_ctrl,59,200,65.66666666666667,0.35282188653945923,0.15222180873944252
UBFC_PHYS_s13_T2_ctrl,59,201,65.7,0.2829347252845764,0.2536720843000123
UBFC_PHYS_s13_T2_ctrl,59,202,65.73333333333333,0.1763426959514618,0.286335299912453
UBFC_PHYS_s13_T2_ctrl,59,203,65.76666666666667,0.09028614312410355,0.24520701826305535
UBFC_PHYS_s13_T2_ctrl,59,204,65.8,0.11159927397966385,0.147929972408836
UBFC_PHYS_s13_T2_ctrl,59,205,65.83333333333333,0.2796856760978699,0.028353368142821387
UBFC_PHYS_s13_T2_ctrl,59,206,65.86666666666666,0.538652777671814,-0.0754298202517531
UBFC_PHYS_s13_T2_ctrl,59,207,65.9,0.7801257967948914,-0.13509889734932454
UBFC_PHYS_s13_T2_ctrl,59,208,65.93333333333334,0.9291298985481262,-0.14355099271700567
UBFC_PHYS_s13_T2_ctrl,59,209,65.96666666666667,0.9480870366096497,-0.11914385959456016
UBFC_PHYS_s13_T2_ctrl,59,210,66.0,0.8214768767356873,-0.10000419704748854
UBFC_PHYS_s13_T2_ctrl,59,211,66.03333333333333,0.6162176728248596,-0.12950522716164975
UBFC_PHYS_s13_T2_ctrl,59,212,66.06666666666666,0.5007451772689819,-0.2384045062613378
UBFC_PHYS_s13_T2_ctrl,59,213,66.1,0.6021769642829895,-0.43114182284382035
UBFC_PHYS_s13_T2_ctrl,59,214,66.13333333333334,0.8899075388908386,-0.6816982999828007
UBFC_PHYS_s13_T2_ctrl,59,215,66.16666666666667,1.1912109851837158,-0.9400663333459887
UBFC_PHYS_s13_T2_ctrl,59,216,66.2,1.3108880519866943,-1.1466407569541324
UBFC_PHYS_s13_T2_ctrl,59,217,66.23333333333333,1.176181674003601,-1.249738523964171
UBFC_PHYS_s13_T2_ctrl,59,218,66.26666666666667,0.9123839139938354,-1.220816167228463
UBFC_PHYS_s13_T2_ctrl,59,219,66.3,0.7452102303504944,-1.0625134145008237
UBFC_PHYS_s13_T2_ctrl,59,220,66.33333333333333,0.7847027778625488,-0.8064433632264619
UBFC_PHYS_s13_T2_ctrl,59,221,66.36666666666666,0.9779049754142761,-0.5011030476554227
UBFC_PHYS_s13_T2_ctrl,59,222,66.4,1.1980847120285034,-0.1947393078172912
UBFC_PHYS_s13_T2_ctrl,59,223,66.43333333333334,1.3295519351959229,0.07935000521386074
UBFC_PHYS_s13_T2_ctrl,59,224,66.46666666666667,1.317705750465393,0.3090162898510724
UBFC_PHYS_s13_T2_ctrl,59,225,66.5,1.1875863075256348,0.4993945261925182
UBFC_PHYS_s13_T2_ctrl,59,226,66.53333333333333,1.0039763450622559,0.662247418432057
UBFC_PHYS_s13_T2_ctrl,59,227,66.56666666666666,0.8149688839912415,0.8045660080656202
UBFC_PHYS_s13_T2_ctrl,59,228,66.6,0.640957772731781,0.9220258710795292
UBFC_PHYS_s13_T2_ctrl,59,229,66.63333333333334,0.49923598766326904,0.9998729234409246
UBFC_PHYS_s13_T2_ctrl,59,230,66.66666666666667,0.3959721028804779,1.0199906109831272
UBFC_PHYS_s13_T2_ctrl,59,231,66.7,0.308241605758667,0.9702404312132772
UBFC_PHYS_s13_T2_ctrl,59,232,66.73333333333333,0.2062825709581375,0.851775669627101
UBFC_PHYS_s13_T2_ctrl,59,233,66.76666666666667,0.09126480668783188,0.6814491697756314
UBFC_PHYS_s13_T2_ctrl,59,234,66.8,-0.01730761118233204,0.4885349712873433
UBFC_PHYS_s13_T2_ctrl,59,235,66.83333333333333,-0.13067778944969177,0.3069793667128044
UBFC_PHYS_s13_T2_ctrl,59,236,66.86666666666666,-0.27787286043167114,0.16582183412595142
UBFC_PHYS_s13_T2_ctrl,59,237,66.9,-0.451399564743042,0.08092784708493392
UBFC_PHYS_s13_T2_ctrl,59,238,66.93333333333334,-0.6155482530593872,0.05066461789771126
UBFC_PHYS_s13_T2_ctrl,59,239,66.96666666666667,-0.7681704759597778,0.05691875800894272
UBFC_PHYS_s13_T2_ctrl,60,0,60.0,-1.6295334100723267,-0.0706933836435606
UBFC_PHYS_s13_T2_ctrl,60,1,60.03333333333333,-1.8332208395004272,-0.1035544047478886
UBFC_PHYS_s13_T2_ctrl,60,2,60.06666666666667,-1.9816844463348389,-0.1515377076991495
UBFC_PHYS_s13_T2_ctrl,60,3,60.1,-2.075932741165161,-0.22268872147266236
UBFC_PHYS_s13_T2_ctrl,60,4,60.13333333333333,-2.1939985752105713,-0.31511336879644586
UBFC_PHYS_s13_T2_ctrl,60,5,60.166666666666664,-2.4233388900756836,-0.41604396350913997
UBFC_PHYS_s13_T2_ctrl,60,6,60.2,-2.703167676925659,-0.504658029101788
UBFC_PHYS_s13_T2_ctrl,60,7,60.233333333333334,-2.7532904148101807,-0.558309653565493
UBFC_PHYS_s13_T2_ctrl,60,8,60.266666666666666,-2.3881564140319824,-0.5602901392743428
UBFC_PHYS_s13_T2_ctrl,60,9,60.3,-1.8359525203704834,-0.5061820962469549
UBFC_PHYS_s13_T2_ctrl,60,10,60.333333333333336,-1.4102566242218018,-0.4062559058003389
UBFC_PHYS_s13_T2_ctrl,60,11,60.36666666666667,-1.1770873069763184,-0.2828518552821015
UBFC_PHYS_s13_T2_ctrl,60,12,60.4,-1.1076186895370483,-0.16345390097695872
UBFC_PHYS_s13_T2_ctrl,60,13,60.43333333333333,-1.1977348327636719,-0.07174414891113338
UBFC_PHYS_s13_T2_ctrl,60,14,60.46666666666667,-1.3822805881500244,-0.019919379904430597
UBFC_PHYS_s13_T2_ctrl,60,15,60.5,-1.5708630084991455,-0.00522315971225221
UBFC_PHYS_s13_T2_ctrl,60,16,60.53333333333333,-1.7395886182785034,-0.011824164170746113
UBFC_PHYS_s13_T2_ctrl,60,17,60.56666666666667,-1.8696125745773315,-0.016962451473764018
UBFC_PHYS_s13_T2_ctrl,60,18,60.6,-1.8774319887161255,0.0010513503036397292
UBFC_PHYS_s13_T2_ctrl,60,19,60.63333333333333,-1.6921547651290894,0.05562534235691423
UBFC_PHYS_s13_T2_ctrl,60,20,60.666666666666664,-1.3396412134170532,0.14759656025288723
UBFC_PHYS_s13_T2_ctrl,60,21,60.7,-0.9035128355026245,0.2651329046528804
UBFC_PHYS_s13_T2_ctrl,60,22,60.733333333333334,-0.44591641426086426,0.3880122027444861
UBFC_PHYS_s13_T2_ctrl,60,23,60.766666666666666,-0.00891811866313219,0.4949496039935391
UBFC_PHYS_s13_T2_ctrl,60,24,60.8,0.3540114462375641,0.5709930670204352
UBFC_PHYS_s13_T2_ctrl,60,25,60.833333333333336,0.6111629009246826,0.6116182928304462
UBFC_PHYS_s13_T2_ctrl,60,26,60.86666666666667,0.7854837775230408,0.6218883883535199
UBFC_PHYS_s13_T2_ctrl,60,27,60.9,0.9190467000007629,0.6117107118650407
UBFC_PHYS_s13_T2_ctrl,60,28,60.93333333333333,1.0191110372543335,0.5900037705248743
UBFC_PHYS_s13_T2_ctrl,60,29,60.96666666666667,1.0642250776290894,0.5606775463739967
UBFC_PHYS_s13_T2_ctrl,60,30,61.0,1.0420717000961304,0.5219734421105444
UBFC_PHYS_s13_T2_ctrl,60,31,61.03333333333333,0.9593103528022766,0.46885407501212056
UBFC_PHYS_s13_T2_ctrl,60,32,61.06666666666667,0.8482698202133179,0.3968074093764015
UBFC_PHYS_s13_T2_ctrl,60,33,61.1,0.7690639495849609,0.3051330530148692
UBFC_PHYS_s13_T2_ctrl,60,34,61.13333333333333,0.7742637395858765,0.1984025057462837
UBFC_PHYS_s13_T2_ctrl,60,35,61.166666666666664,0.8624193072319031,0.0857453921957586
UBFC_PHYS_s13_T2_ctrl,60,36,61.2,1.0308517217636108,-0.021657241375173115
UBFC_PHYS_s13_T2_ctrl,60,37,61.233333333333334,1.3065351247787476,-0.11410112138621778
UBFC_PHYS_s13_T2_ctrl,60,38,61.266666666666666,1.5872535705566406,-0.1869504170283889
UBFC_PHYS_s13_T2_ctrl,60,39,61.3,1.6273722648620605,-0.24328405379475196
UBFC_PHYS_s13_T2_ctrl,60,40,61.333333333333336,1.358836054801941,-0.2946460106421362
UBFC_PHYS_s13_T2_ctrl,60,41,61.36666666666667,0.9473851323127747,-0.3590643555479325
UBFC_PHYS_s13_T2_ctrl,60,42,61.4,0.6105993986129761,-0.4558715547472296
UBFC_PHYS_s13_T2_ctrl,60,43,61.43333333333333,0.5511348843574524,-0.5980514337492805
UBFC_PHYS_s13_T2_ctrl,60,44,61.46666666666667,0.8045430183410645,-0.7846889321491469
UBFC_PHYS_s13_T2_ctrl,60,45,61.5,1.0662912130355835,-0.9968891923278845
UBFC_PHYS_s13_T2_ctrl,60,46,61.53333333333333,1.017552375793457,-1.1991354774273086
UBFC_PHYS_s13_T2_ctrl,60,47,61.56666666666667,0.7806892991065979,-1.3458861832311555
UBFC_PHYS_s13_T2_ctrl,60,48,61.6,0.6133871078491211,-1.3919857406744303
UBFC_PHYS_s13_T2_ctrl,60,49,61.63333333333333,0.5557382106781006,-1.3048865864616848
UBFC_PHYS_s13_T2_ctrl,60,50,61.666666666666664,0.5452925562858582,-1.075848351482401
UBFC_PHYS_s13_T2_ctrl,60,51,61.7,0.5655413269996643,-0.7263418708644085
UBFC_PHYS_s13_T2_ctrl,60,52,61.733333333333334,0.5457307696342468,-0.30592109987005384
UBFC_PHYS_s13_T2_ctrl,60,53,61.766666666666666,0.3977218270301819,0.11975891833414781
UBFC_PHYS_s13_T2_ctrl,60,54,61.8,0.24389688670635223,0.487450938304648
UBFC_PHYS_s13_T2_ctrl,60,55,61.833333333333336,0.2650386691093445,0.7541536003640686
UBFC_PHYS_s13_T2_ctrl,60,56,61.86666666666667,0.3533458113670349,0.9070101147461096
UBFC_PHYS_s13_T2_ctrl,60,57,61.9,0.22760559618473053,0.9617978367738539
UBFC_PHYS_s13_T2_ctrl,60,58,61.93333333333333,-0.1669674515724182,0.9519387471276528
UBFC_PHYS_s13_T2_ctrl,60,59,61.96666666666667,-0.6106187105178833,0.913770622312319
UBFC_PHYS_s13_T2_ctrl,60,60,62.0,-0.888022243976593,0.874088655801384
UBFC_PHYS_s13_T2_ctrl,60,61,62.03333333333333,-0.9376276731491089,0.8436654150721716
UBFC_PHYS_s13_T2_ctrl,60,62,62.06666666666667,-0.8367890119552612,0.8176161314305764
UBFC_PHYS_s13_T2_ctrl,60,63,62.1,-0.7378022074699402,0.7810707701681855
UBFC_PHYS_s13_T2_ctrl,60,64,62.13333333333333,-0.7893023490905762,0.7170658164114726
UBFC_PHYS_s13_T2_ctrl,60,65,62.166666666666664,-0.9711922407150269,0.6135057568690607
UBFC_PHYS_s13_T2_ctrl,60,66,62.2,-1.0832114219665527,0.4674566471577012
UBFC_PHYS_s13_T2_ctrl,60,67,62.233333333333334,-0.9563837647438049,0.2865989042216309
UBFC_PHYS_s13_T2_ctrl,60,68,62.266666666666666,-0.6169552803039551,0.08822000926698549
UBFC_PHYS_s13_T2_ctrl,60,69,62.3,-0.24488164484500885,-0.10397087834593602
UBFC_PHYS_s13_T2_ctrl,60,70,62.333333333333336,0.007966311648488045,-0.2647996464137006
UBFC_PHYS_s13_T2_ctrl,60,71,62.36666666666667,0.10736169666051865,-0.3734195337570064
UBFC_PHYS_s13_T2_ctrl,60,72,62.4,0.11014610528945923,-0.4184360073327291
UBFC_PHYS_s13_T2_ctrl,60,73,62.43333333333333,0.10555923730134964,-0.40076991747368335
UBFC_PHYS_s13_T2_ctrl,60,74,62.46666666666667,0.1534215211868286,-0.333306820925827
UBFC_PHYS_s13_T2_ctrl,60,75,62.5,0.23655197024345398,-0.23743109514511518
UBFC_PHYS_s13_T2_ctrl,60,76,62.53333333333333,0.289505273103714,-0.1374841521600316
UBFC_PHYS_s13_T2_ctrl,60,77,62.56666666666667,0.2818571925163269,-0.054748881739525905
UBFC_PHYS_s13_T2_ctrl,60,78,62.6,0.23532617092132568,-0.0026489688589506418
UBFC_PHYS_s13_T2_ctrl,60,79,62.63333333333333,0.21049049496650696,0.015594028010345486
UBFC_PHYS_s13_T2_ctrl,60,80,62.666666666666664,0.2776097357273102,0.006438141923056987
UBFC_PHYS_s13_T2_ctrl,60,81,62.7,0.42459389567375183,-0.017006312794429976
UBFC_PHYS_s13_T2_ctrl,60,82,62.733333333333334,0.5439909100532532,-0.03973579611557513
UBFC_PHYS_s13_T2_ctrl,60,83,62.766666666666666,0.5949177145957947,-0.050240778152474116
UBFC_PHYS_s13_T2_ctrl,60,84,62.8,0.6583661437034607,-0.04497226987744684
UBFC_PHYS_s13_T2_ctrl,60,85,62.833333333333336,0.7333970665931702,-0.030247065861672792
UBFC_PHYS_s13_T2_ctrl,60,86,62.86666666666667,0.7245660424232483,-0.02066873235384497
UBFC_PHYS_s13_T2_ctrl,60,87,62.9,0.6548765897750854,-0.03439588263313488
UBFC_PHYS_s13_T2_ctrl,60,88,62.93333333333333,0.6795639395713806,-0.08675333803301628
UBFC_PHYS_s13_T2_ctrl,60,89,62.96666666666667,0.8956378698348999,-0.18427477532588635
UBFC_PHYS_s13_T2_ctrl,60,90,63.0,1.2093837261199951,-0.3210919727720502
UBFC_PHYS_s13_T2_ctrl,60,91,63.03333333333333,1.3727613687515259,-0.47878923762057857
UBFC_PHYS_s13_T2_ctrl,60,92,63.06666666666667,1.2767435312271118,-0.6297685126591531
UBFC_PHYS_s13_T2_ctrl,60,93,63.1,1.0788358449935913,-0.7432009416529177
UBFC_PHYS_s13_T2_ctrl,60,94,63.13333333333333,0.9575408697128296,-0.7920351839967911
UBFC_PHYS_s13_T2_ctrl,60,95,63.166666666666664,0.9351601004600525,-0.7593334232188059
UBFC_PHYS_s13_T2_ctrl,60,96,63.2,0.9863570928573608,-0.6423407250327191
UBFC_PHYS_s13_T2_ctrl,60,97,63.233333333333334,1.0657771825790405,-0.45309150061580206
UBFC_PHYS_s13_T2_ctrl,60,98,63.266666666666666,1.0513311624526978,-0.21507703240473416
UBFC_PHYS_s13_T2_ctrl,60,99,63.3,0.8883917927742004,0.04324786165983149
UBFC_PHYS_s13_T2_ctrl,60,100,63.333333333333336,0.6875448226928711,0.2957912041049607
UBFC_PHYS_s13_T2_ctrl,60,101,63.36666666666667,0.537555456161499,0.5239204681008587
UBFC_PHYS_s13_T2_ctrl,60,102,63.4,0.3800399601459503,0.7172269690964945
UBFC_PHYS_s13_T2_ctrl,60,103,63.43333333333333,0.1601436585187912,0.8700866627888292
UBFC_PHYS_s13_T2_ctrl,60,104,63.46666666666667,-0.029104305431246758,0.9764419695601297
UBFC_PHYS_s13_T2_ctrl,60,105,63.5,-0.09431563317775726,1.0263998759137969
UBFC_PHYS_s13_T2_ctrl,60,106,63.53333333333333,-0.1316399872303009,1.007498377180546
UBFC_PHYS_s13_T2_ctrl,60,107,63.56666666666667,-0.317582905292511,0.9107495206360144
UBFC_PHYS_s13_T2_ctrl,60,108,63.6,-0.6819491386413574,0.738070248283627
UBFC_PHYS_s13_T2_ctrl,60,109,63.63333333333333,-1.0297868251800537,0.5061874815256392
UBFC_PHYS_s13_T2_ctrl,60,110,63.666666666666664,-1.0764068365097046,0.24415989208998348
UBFC_PHYS_s13_T2_ctrl,60,111,63.7,-0.8204746246337891,-0.014435057182804386
UBFC_PHYS_s13_T2_ctrl,60,112,63.733333333333334,-0.6293846964836121,-0.24073405679683973
UBFC_PHYS_s13_T2_ctrl,60,113,63.766666666666666,-0.7391532063484192,-0.4169586861573231
UBFC_PHYS_s13_T2_ctrl,60,114,63.8,-0.9802143573760986,-0.5376135284773027
UBFC_PHYS_s13_T2_ctrl,60,115,63.833333333333336,-1.2225639820098877,-0.6061294791558222
UBFC_PHYS_s13_T2_ctrl,60,116,63.86666666666667,-1.5671625137329102,-0.6297301970993533
UBFC_PHYS_s13_T2_ctrl,60,117,63.9,-2.0296292304992676,-0.6155781216983064
UBFC_PHYS_s13_T2_ctrl,60,118,63.93333333333333,-2.3869173526763916,-0.5696806699596114
UBFC_PHYS_s13_T2_ctrl,60,119,63.96666666666667,-2.425595998764038,-0.49790694687559023
UBFC_PHYS_s13_T2_ctrl,60,120,64.0,-2.180551052093506,-0.4072584674625661
UBFC_PHYS_s13_T2_ctrl,60,121,64.03333333333333,-1.8035215139389038,-0.30578564377541295
UBFC_PHYS_s13_T2_ctrl,60,122,64.06666666666666,-1.3592177629470825,-0.20085823973845937
UBFC_PHYS_s13_T2_ctrl,60,123,64.1,-0.8935976624488831,-0.09693411236730529
UBFC_PHYS_s13_T2_ctrl,60,124,64.13333333333334,-0.4961380362510681,0.005424795969410048
UBFC_PHYS_s13_T2_ctrl,60,125,64.16666666666667,-0.2013590931892395,0.10817376291144601
UBFC_PHYS_s13_T2_ctrl,60,126,64.2,-0.0016193262999877334,0.21243401657474084
UBFC_PHYS_s13_T2_ctrl,60,127,64.23333333333333,0.08072686940431595,0.3148437361291596
UBFC_PHYS_s13_T2_ctrl,60,128,64.26666666666667,0.028511669486761093,0.4054704192159957
UBFC_PHYS_s13_T2_ctrl,60,129,64.3,-0.06793124228715897,0.4684132276951219
UBFC_PHYS_s13_T2_ctrl,60,130,64.33333333333333,-0.02393089421093464,0.4852214156875083
UBFC_PHYS_s13_T2_ctrl,60,131,64.36666666666666,0.24995340406894684,0.4403323930824033
UBFC_PHYS_s13_T2_ctrl,60,132,64.4,0.613980233669281,0.32703528331146475
UBFC_PHYS_s13_T2_ctrl,60,133,64.43333333333334,0.8328616619110107,0.15211604490151348
UBFC_PHYS_s13_T2_ctrl,60,134,64.46666666666667,0.8093901872634888,-0.06255443824801325
UBFC_PHYS_s13_T2_ctrl,60,135,64.5,0.6467012763023376,-0.2826053097867526
UBFC_PHYS_s13_T2_ctrl,60,136,64.53333333333333,0.5462283492088318,-0.46793406375972046
UBFC_PHYS_s13_T2_ctrl,60,137,64.56666666666666,0.6343674659729004,-0.582271930557634
UBFC_PHYS_s13_T2_ctrl,60,138,64.6,0.8567285537719727,-0.6028647294297099
UBFC_PHYS_s13_T2_ctrl,60,139,64.63333333333334,1.0393235683441162,-0.5269512042041902
UBFC_PHYS_s13_T2_ctrl,60,140,64.66666666666667,1.0535389184951782,-0.37231732720613414
UBFC_PHYS_s13_T2_ctrl,60,141,64.7,0.8810468912124634,-0.17138526890295996
UBFC_PHYS_s13_T2_ctrl,60,142,64.73333333333333,0.5559688806533813,0.03862705176348641
UBFC_PHYS_s13_T2_ctrl,60,143,64.76666666666667,0.1436184048652649,0.2251310640106899
UBFC_PHYS_s13_T2_ctrl,60,144,64.8,-0.25662562251091003,0.3658048949396075
UBFC_PHYS_s13_T2_ctrl,60,145,64.83333333333333,-0.5690996050834656,0.44975643326095455
UBFC_PHYS_s13_T2_ctrl,60,146,64.86666666666666,-0.7407481074333191,0.4758191186390183
UBFC_PHYS_s13_T2_ctrl,60,147,64.9,-0.7415488362312317,0.45024425575779164
UBFC_PHYS_s13_T2_ctrl,60,148,64.93333333333334,-0.654002845287323,0.3850695393156603
UBFC_PHYS_s13_T2_ctrl,60,149,64.96666666666667,-0.6534261703491211,0.29695075171863644
UBFC_PHYS_s13_T2_ctrl,60,150,65.0,-0.7987561821937561,0.20545198715393223
UBFC_PHYS_s13_T2_ctrl,60,151,65.03333333333333,-0.9473450779914856,0.1299446757054108
UBFC_PHYS_s13_T2_ctrl,60,152,65.06666666666666,-0.9702168703079224,0.08507010914798675
UBFC_PHYS_s13_T2_ctrl,60,153,65.1,-0.8969389796257019,0.075942980349535
UBFC_PHYS_s13_T2_ctrl,60,154,65.13333333333334,-0.7782108187675476,0.09534400695025079
UBFC_PHYS_s13_T2_ctrl,60,155,65.16666666666667,-0.5817036032676697,0.12489046970494982
UBFC_PHYS_s13_T2_ctrl,60,156,65.2,-0.29963740706443787,0.140232484576403
UBFC_PHYS_s13_T2_ctrl,60,157,65.23333333333333,-0.02702835015952587,0.11831630849862598
UBFC_PHYS_s13_T2_ctrl,60,158,65.26666666666667,0.150502011179924,0.044287062136990546
UBFC_PHYS_s13_T2_ctrl,60,159,65.3,0.23429806530475616,-0.08370620959334883
UBFC_PHYS_s13_T2_ctrl,60,160,65.33333333333333,0.23258128762245178,-0.2527557974692756
UBFC_PHYS_s13_T2_ctrl,60,161,65.36666666666666,0.15743502974510193,-0.43679197739144116
UBFC_PHYS_s13_T2_ctrl,60,162,65.4,0.09931160509586334,-0.6011785984484447
UBFC_PHYS_s13_T2_ctrl,60,163,65.43333333333334,0.14698277413845062,-0.7094641780370886
UBFC_PHYS_s13_T2_ctrl,60,164,65.46666666666667,0.260458379983902,-0.7312568618125305
UBFC_PHYS_s13_T2_ctrl,60,165,65.5,0.3475166857242584,-0.6500925189406489
UBFC_PHYS_s13_T2_ctrl,60,166,65.53333333333333,0.3911644518375397,-0.4698348496675153
UBFC_PHYS_s13_T2_ctrl,60,167,65.56666666666666,0.41124188899993896,-0.217445461272132
UBFC_PHYS_s13_T2_ctrl,60,168,65.6,0.4062661826610565,0.06047286279939458
UBFC_PHYS_s13_T2_ctrl,60,169,65.63333333333334,0.3859449028968811,0.3084991428840817
UBFC_PHYS_s13_T2_ctrl,60,170,65.66666666666667,0.35282188653945923,0.47801333653528655
UBFC_PHYS_s13_T2_ctrl,60,171,65.7,0.2829347252845764,0.5417756181447215
UBFC_PHYS_s13_T2_ctrl,60,172,65.73333333333333,0.1763426959514618,0.5015912849551489
UBFC_PHYS_s13_T2_ctrl,60,173,65.76666666666667,0.09028614312410355,0.3861730305630116
UBFC_PHYS_s13_T2_ctrl,60,174,65.8,0.11159927397966385,0.2403238373027996
UBFC_PHYS_s13_T2_ctrl,60,175,65.83333333333333,0.2796856760978699,0.10960589135812347
UBFC_PHYS_s13_T2_ctrl,60,176,65.86666666666666,0.538652777671814,0.02565287279925006
UBFC_PHYS_s13_T2_ctrl,60,177,65.9,0.7801257967948914,-0.003412656740938329
UBFC_PHYS_s13_T2_ctrl,60,178,65.93333333333334,0.9291298985481262,0.0054625116586126616
UBFC_PHYS_s13_T2_ctrl,60,179,65.96666666666667,0.9480870366096497,0.01755800781691705
UBFC_PHYS_s13_T2_ctrl,60,180,66.0,0.8214768767356873,-0.0052585064722689475
UBFC_PHYS_s13_T2_ctrl,60,181,66.03333333333333,0.6162176728248596,-0.08781907903651366
UBFC_PHYS_s13_T2_ctrl,60,182,66.06666666666666,0.5007451772689819,-0.22940595820711543
UBFC_PHYS_s13_T2_ctrl,60,183,66.1,0.6021769642829895,-0.4017358864779305
UBFC_PHYS_s13_T2_ctrl,60,184,66.13333333333334,0.8899075388908386,-0.5581144208942607
UBFC_PHYS_s13_T2_ctrl,60,185,66.16666666666667,1.1912109851837158,-0.6493870586732032
UBFC_PHYS_s13_T2_ctrl,60,186,66.2,1.3108880519866943,-0.6401404607093688
UBFC_PHYS_s13_T2_ctrl,60,187,66.23333333333333,1.176181674003601,-0.5196938845993943
UBFC_PHYS_s13_T2_ctrl,60,188,66.26666666666667,0.9123839139938354,-0.30499724901136627
UBFC_PHYS_s13_T2_ctrl,60,189,66.3,0.7452102303504944,-0.035180352188551825
UBFC_PHYS_s13_T2_ctrl,60,190,66.33333333333333,0.7847027778625488,0.24039087626137734
UBFC_PHYS_s13_T2_ctrl,60,191,66.36666666666666,0.9779049754142761,0.4767450423968808
UBFC_PHYS_s13_T2_ctrl,60,192,66.4,1.1980847120285034,0.6452345894363913
UBFC_PHYS_s13_T2_ctrl,60,193,66.43333333333334,1.3295519351959229,0.7380928669212549
UBFC_PHYS_s13_T2_ctrl,60,194,66.46666666666667,1.317705750465393,0.764792671883723
UBFC_PHYS_s13_T2_ctrl,60,195,66.5,1.1875863075256348,0.743567758900213
UBFC_PHYS_s13_T2_ctrl,60,196,66.53333333333333,1.0039763450622559,0.6928497190674554
UBFC_PHYS_s13_T2_ctrl,60,197,66.56666666666666,0.8149688839912415,0.6258740162675721
UBFC_PHYS_s13_T2_ctrl,60,198,66.6,0.640957772731781,0.5491179919276152
UBFC_PHYS_s13_T2_ctrl,60,199,66.63333333333334,0.49923598766326904,0.4633972827732066
UBFC_PHYS_s13_T2_ctrl,60,200,66.66666666666667,0.3959721028804779,0.36618732441719615
UBFC_PHYS_s13_T2_ctrl,60,201,66.7,0.308241605758667,0.25424553021214297
UBFC_PHYS_s13_T2_ctrl,60,202,66.73333333333333,0.2062825709581375,0.12584241513681266
UBFC_PHYS_s13_T2_ctrl,60,203,66.76666666666667,0.09126480668783188,-0.017982186447994652
UBFC_PHYS_s13_T2_ctrl,60,204,66.8,-0.01730761118233204,-0.17328059535254717
UBFC_PHYS_s13_T2_ctrl,60,205,66.83333333333333,-0.13067778944969177,-0.33382322605918013
UBFC_PHYS_s13_T2_ctrl,60,206,66.86666666666666,-0.27787286043167114,-0.491993187616313
UBFC_PHYS_s13_T2_ctrl,60,207,66.9,-0.451399564743042,-0.6395348803846673
UBFC_PHYS_s13_T2_ctrl,60,208,66.93333333333334,-0.6155482530593872,-0.7678169143951636
UBFC_PHYS_s13_T2_ctrl,60,209,66.96666666666667,-0.7681704759597778,-0.8674746939468148
UBFC_PHYS_s13_T2_ctrl,60,210,67.0,-0.9401682615280151,-0.927767762625509
UBFC_PHYS_s13_T2_ctrl,60,211,67.03333333333333,-1.1431372165679932,-0.9364730728176968
UBFC_PHYS_s13_T2_ctrl,60,212,67.06666666666666,-1.351694941520691,-0.8812457054057662
UBFC_PHYS_s13_T2_ctrl,60,213,67.1,-1.5032857656478882,-0.752892753895724
UBFC_PHYS_s13_T2_ctrl,60,214,67.13333333333334,-1.5182127952575684,-0.5500059746928263
UBFC_PHYS_s13_T2_ctrl,60,215,67.16666666666667,-1.3717031478881836,-0.28330406668311064
UBFC_PHYS_s13_T2_ctrl,60,216,67.2,-1.117089033126831,0.022554712381414557
UBFC_PHYS_s13_T2_ctrl,60,217,67.23333333333333,-0.8433529734611511,0.33148270751519965
UBFC_PHYS_s13_T2_ctrl,60,218,67.26666666666667,-0.6383606791496277,0.6030173165844076
UBFC_PHYS_s13_T2_ctrl,60,219,67.3,-0.5243842005729675,0.8020554102928256
UBFC_PHYS_s13_T2_ctrl,60,220,67.33333333333333,-0.4305049180984497,0.9078213159845842
UBFC_PHYS_s13_T2_ctrl,60,221,67.36666666666666,-0.30751287937164307,0.9185121563361403
UBFC_PHYS_s13_T2_ctrl,60,222,67.4,-0.225407212972641,0.8497409451547508
UBFC_PHYS_s13_T2_ctrl,60,223,67.43333333333334,-0.32596251368522644,0.727593618987
UBFC_PHYS_s13_T2_ctrl,60,224,67.46666666666667,-0.6599868535995483,0.5794532031597593
UBFC_PHYS_s13_T2_ctrl,60,225,67.5,-1.0232064723968506,0.42641422844546467
UBFC_PHYS_s13_T2_ctrl,60,226,67.53333333333333,-1.1174579858779907,0.2797477514805172
UBFC_PHYS_s13_T2_ctrl,60,227,67.56666666666666,-1.020916223526001,0.1416193417641604
UBFC_PHYS_s13_T2_ctrl,60,228,67.6,-1.016761064529419,0.008598410415625108
UBFC_PHYS_s13_T2_ctrl,60,229,67.63333333333334,-1.1059150695800781,-0.12396480587590764
UBFC_PHYS_s13_T2_ctrl,60,230,67.66666666666667,-1.1422277688980103,-0.2581221207493291
UBFC_PHYS_s13_T2_ctrl,60,231,67.7,-1.2440385818481445,-0.3907874063065268
UBFC_PHYS_s13_T2_ctrl,60,232,67.73333333333333,-1.5860108137130737,-0.5128533994896871
UBFC_PHYS_s13_T2_ctrl,60,233,67.76666666666667,-1.992321252822876,-0.6102638408842325
UBFC_PHYS_s13_T2_ctrl,60,234,67.8,-2.1083571910858154,-0.667080154667934
UBFC_PHYS_s13_T2_ctrl,60,235,67.83333333333333,-1.847904086112976,-0.6699202425646201
UBFC_PHYS_s13_T2_ctrl,60,236,67.86666666666666,-1.374392032623291,-0.6123154873989208
UBFC_PHYS_s13_T2_ctrl,60,237,67.9,-0.8518116474151611,-0.49726523662668504
UBFC_PHYS_s13_T2_ctrl,60,238,67.93333333333334,-0.4126879572868347,-0.3370506511297098
UBFC_PHYS_s13_T2_ctrl,60,239,67.96666666666667,-0.15332217514514923,-0.15075202977776406
UBFC_PHYS_s13_T2_ctrl,61,0,61.0,1.0420717000961304,0.2106927425489446
UBFC_PHYS_s13_T2_ctrl,61,1,61.03333333333333,0.9593103528022766,0.16156722857486924
UBFC_PHYS_s13_T2_ctrl,61,2,61.06666666666667,0.8482698202133179,0.10736210604979468
UBFC_PHYS_s13_T2_ctrl,61,3,61.1,0.7690639495849609,0.050313649367971114
UBFC_PHYS_s13_T2_ctrl,61,4,61.13333333333333,0.7742637395858765,-0.005694968520173995
UBFC_PHYS_s13_T2_ctrl,61,5,61.166666666666664,0.8624193072319031,-0.056328080070124305
UBFC_PHYS_s13_T2_ctrl,61,6,61.2,1.0308517217636108,-0.09860934094841804
UBFC_PHYS_s13_T2_ctrl,61,7,61.233333333333334,1.3065351247787476,-0.13222741463332288
UBFC_PHYS_s13_T2_ctrl,61,8,61.266666666666666,1.5872535705566406,-0.1599047906411355
UBFC_PHYS_s13_T2_ctrl,61,9,61.3,1.6273722648620605,-0.1871768058064822
UBFC_PHYS_s13_T2_ctrl,61,10,61.333333333333336,1.358836054801941,-0.22213251296725586
UBFC_PHYS_s13_T2_ctrl,61,11,61.36666666666667,0.9473851323127747,-0.2751727546848786
UBFC_PHYS_s13_T2_ctrl,61,12,61.4,0.6105993986129761,-0.3580714047227752
UBFC_PHYS_s13_T2_ctrl,61,13,61.43333333333333,0.5511348843574524,-0.4813716177144651
UBFC_PHYS_s13_T2_ctrl,61,14,61.46666666666667,0.8045430183410645,-0.6498553787181444
UBFC_PHYS_s13_T2_ctrl,61,15,61.5,1.0662912130355835,-0.8570165379624927
UBFC_PHYS_s13_T2_ctrl,61,16,61.53333333333333,1.017552375793457,-1.0803989155168197
UBFC_PHYS_s13_T2_ctrl,61,17,61.56666666666667,0.7806892991065979,-1.2800584721238626
UBFC_PHYS_s13_T2_ctrl,61,18,61.6,0.6133871078491211,-1.402234579034703
UBFC_PHYS_s13_T2_ctrl,61,19,61.63333333333333,0.5557382106781006,-1.3894712912431995
UBFC_PHYS_s13_T2_ctrl,61,20,61.666666666666664,0.5452925562858582,-1.196644370568393
UBFC_PHYS_s13_T2_ctrl,61,21,61.7,0.5655413269996643,-0.8092384591644805
UBFC_PHYS_s13_T2_ctrl,61,22,61.733333333333334,0.5457307696342468,-0.2567334336567799
UBFC_PHYS_s13_T2_ctrl,61,23,61.766666666666666,0.3977218270301819,0.38673716097488503
UBFC_PHYS_s13_T2_ctrl,61,24,61.8,0.24389688670635223,1.0179705352158765
UBFC_PHYS_s13_T2_ctrl,61,25,61.833333333333336,0.2650386691093445,1.532373722542129
UBFC_PHYS_s13_T2_ctrl,61,26,61.86666666666667,0.3533458113670349,1.8529297033632774
UBFC_PHYS_s13_T2_ctrl,61,27,61.9,0.22760559618473053,1.9487052720452285
UBFC_PHYS_s13_T2_ctrl,61,28,61.93333333333333,-0.1669674515724182,1.8371357468325187
UBFC_PHYS_s13_T2_ctrl,61,29,61.96666666666667,-0.6106187105178833,1.5722247949883879
UBFC_PHYS_s13_T2_ctrl,61,30,62.0,-0.888022243976593,1.2250890541526922
UBFC_PHYS_s13_T2_ctrl,61,31,62.03333333333333,-0.9376276731491089,0.8635942325446242
UBFC_PHYS_s13_T2_ctrl,61,32,62.06666666666667,-0.8367890119552612,0.5363859858878044
UBFC_PHYS_s13_T2_ctrl,61,33,62.1,-0.7378022074699402,0.2646841383703925
UBFC_PHYS_s13_T2_ctrl,61,34,62.13333333333333,-0.7893023490905762,0.04311052043954993
UBFC_PHYS_s13_T2_ctrl,61,35,62.166666666666664,-0.9711922407150269,-0.15147357315307688
UBFC_PHYS_s13_T2_ctrl,61,36,62.2,-1.0832114219665527,-0.3464287777581014
UBFC_PHYS_s13_T2_ctrl,61,37,62.233333333333334,-0.9563837647438049,-0.5597368802302233
UBFC_PHYS_s13_T2_ctrl,61,38,62.266666666666666,-0.6169552803039551,-0.7906023617888353
UBFC_PHYS_s13_T2_ctrl,61,39,62.3,-0.24488164484500885,-1.0168267112227924
UBFC_PHYS_s13_T2_ctrl,61,40,62.333333333333336,0.007966311648488045,-1.1994046104177305
UBFC_PHYS_s13_T2_ctrl,61,41,62.36666666666667,0.10736169666051865,-1.2929007856422183
UBFC_PHYS_s13_T2_ctrl,61,42,62.4,0.11014610528945923,-1.2588231224624624
UBFC_PHYS_s13_T2_ctrl,61,43,62.43333333333333,0.10555923730134964,-1.078437348210875
UBFC_PHYS_s13_T2_ctrl,61,44,62.46666666666667,0.1534215211868286,-0.7612992851087771
UBFC_PHYS_s13_T2_ctrl,61,45,62.5,0.23655197024345398,-0.3464606702832866
UBFC_PHYS_s13_T2_ctrl,61,46,62.53333333333333,0.289505273103714,0.10489455647755656
UBFC_PHYS_s13_T2_ctrl,61,47,62.56666666666667,0.2818571925163269,0.5237257440762576
UBFC_PHYS_s13_T2_ctrl,61,48,62.6,0.23532617092132568,0.8496233404919131
UBFC_PHYS_s13_T2_ctrl,61,49,62.63333333333333,0.21049049496650696,1.0437913383065116
UBFC_PHYS_s13_T2_ctrl,61,50,62.666666666666664,0.2776097357273102,1.0949034210706166
UBFC_PHYS_s13_T2_ctrl,61,51,62.7,0.42459389567375183,1.0175006545452612
UBFC_PHYS_s13_T2_ctrl,61,52,62.733333333333334,0.5439909100532532,0.8447141228400841
UBFC_PHYS_s13_T2_ctrl,61,53,62.766666666666666,0.5949177145957947,0.6178954526238196
UBFC_PHYS_s13_T2_ctrl,61,54,62.8,0.6583661437034607,0.37600474753848856
UBFC_PHYS_s13_T2_ctrl,61,55,62.833333333333336,0.7333970665931702,0.1474038053812811
UBFC_PHYS_s13_T2_ctrl,61,56,62.86666666666667,0.7245660424232483,-0.05413600816424631
UBFC_PHYS_s13_T2_ctrl,61,57,62.9,0.6548765897750854,-0.22860751949238672
UBFC_PHYS_s13_T2_ctrl,61,58,62.93333333333333,0.6795639395713806,-0.38473128888469954
UBFC_PHYS_s13_T2_ctrl,61,59,62.96666666666667,0.8956378698348999,-0.5324304031140848
UBFC_PHYS_s13_T2_ctrl,61,60,63.0,1.2093837261199951,-0.6753683331841456
UBFC_PHYS_s13_T2_ctrl,61,61,63.03333333333333,1.3727613687515259,-0.8061038478365185
UBFC_PHYS_s13_T2_ctrl,61,62,63.06666666666667,1.2767435312271118,-0.9053872762630054
UBFC_PHYS_s13_T2_ctrl,61,63,63.1,1.0788358449935913,-0.9458177907160025
UBFC_PHYS_s13_T2_ctrl,61,64,63.13333333333333,0.9575408697128296,-0.8991824494481324
UBFC_PHYS_s13_T2_ctrl,61,65,63.166666666666664,0.9351601004600525,-0.7459481890243473
UBFC_PHYS_s13_T2_ctrl,61,66,63.2,0.9863570928573608,-0.4842470092920164
UBFC_PHYS_s13_T2_ctrl,61,67,63.233333333333334,1.0657771825790405,-0.1350169588768571
UBFC_PHYS_s13_T2_ctrl,61,68,63.266666666666666,1.0513311624526978,0.2593272148565092
UBFC_PHYS_s13_T2_ctrl,61,69,63.3,0.8883917927742004,0.6431147826408659
UBFC_PHYS_s13_T2_ctrl,61,70,63.333333333333336,0.6875448226928711,0.9600914749839476
UBFC_PHYS_s13_T2_ctrl,61,71,63.36666666666667,0.537555456161499,1.1661481224675259
UBFC_PHYS_s13_T2_ctrl,61,72,63.4,0.3800399601459503,1.2378453354185144
UBFC_PHYS_s13_T2_ctrl,61,73,63.43333333333333,0.1601436585187912,1.1745096726095026
UBFC_PHYS_s13_T2_ctrl,61,74,63.46666666666667,-0.029104305431246758,0.9944550977388568
UBFC_PHYS_s13_T2_ctrl,61,75,63.5,-0.09431563317775726,0.7279865043559411
UBFC_PHYS_s13_T2_ctrl,61,76,63.53333333333333,-0.1316399872303009,0.41033823848634915
UBFC_PHYS_s13_T2_ctrl,61,77,63.56666666666667,-0.317582905292511,0.07670520320162598
UBFC_PHYS_s13_T2_ctrl,61,78,63.6,-0.6819491386413574,-0.24019828603754104
UBFC_PHYS_s13_T2_ctrl,61,79,63.63333333333333,-1.0297868251800537,-0.5112258093047454
UBFC_PHYS_s13_T2_ctrl,61,80,63.666666666666664,-1.0764068365097046,-0.7124224792825178
UBFC_PHYS_s13_T2_ctrl,61,81,63.7,-0.8204746246337891,-0.8282924737339417
UBFC_PHYS_s13_T2_ctrl,61,82,63.733333333333334,-0.6293846964836121,-0.8558002269168503
UBFC_PHYS_s13_T2_ctrl,61,83,63.766666666666666,-0.7391532063484192,-0.8064719415613695
UBFC_PHYS_s13_T2_ctrl,61,84,63.8,-0.9802143573760986,-0.7040582599349753
UBFC_PHYS_s13_T2_ctrl,61,85,63.833333333333336,-1.2225639820098877,-0.5773407287784037
UBFC_PHYS_s13_T2_ctrl,61,86,63.86666666666667,-1.5671625137329102,-0.4506489922578718
UBFC_PHYS_s13_T2_ctrl,61,87,63.9,-2.0296292304992676,-0.33640796153366165
UBFC_PHYS_s13_T2_ctrl,61,88,63.93333333333333,-2.3869173526763916,-0.23316859573930193
UBFC_PHYS_s13_T2_ctrl,61,89,63.96666666666667,-2.425595998764038,-0.12981715662703303
UBFC_PHYS_s13_T2_ctrl,61,90,64.0,-2.180551052093506,-0.013751306353142645
UBFC_PHYS_s13_T2_ctrl,61,91,64.03333333333333,-1.8035215139389038,0.12089616485290915
UBFC_PHYS_s13_T2_ctrl,61,92,64.06666666666666,-1.3592177629470825,0.26874040624240825
UBFC_PHYS_s13_T2_ctrl,61,93,64.1,-0.8935976624488831,0.4141027111517445
UBFC_PHYS_s13_T2_ctrl,61,94,64.13333333333334,-0.4961380362510681,0.5363681781597783
UBFC_PHYS_s13_T2_ctrl,61,95,64.16666666666667,-0.2013590931892395,0.616750453632589
UBFC_PHYS_s13_T2_ctrl,61,96,64.2,-0.0016193262999877334,0.6435896757036131
UBFC_PHYS_s13_T2_ctrl,61,97,64.23333333333333,0.08072686940431595,0.6146534490843565
UBFC_PHYS_s13_T2_ctrl,61,98,64.26666666666667,0.028511669486761093,0.5362074816259281
UBFC_PHYS_s13_T2_ctrl,61,99,64.3,-0.06793124228715897,0.41969891310641383
UBFC_PHYS_s13_T2_ctrl,61,100,64.33333333333333,-0.02393089421093464,0.2778343991427422
UBFC_PHYS_s13_T2_ctrl,61,101,64.36666666666666,0.24995340406894684,0.12201917584168451
UBFC_PHYS_s13_T2_ctrl,61,102,64.4,0.613980233669281,-0.03786678297747232
UBFC_PHYS_s13_T2_ctrl,61,103,64.43333333333334,0.8328616619110107,-0.19188564304121006
UBFC_PHYS_s13_T2_ctrl,61,104,64.46666666666667,0.8093901872634888,-0.328214602706832
UBFC_PHYS_s13_T2_ctrl,61,105,64.5,0.6467012763023376,-0.43274032733648904
UBFC_PHYS_s13_T2_ctrl,61,106,64.53333333333333,0.5462283492088318,-0.4909861432328746
UBFC_PHYS_s13_T2_ctrl,61,107,64.56666666666666,0.6343674659729004,-0.4920949615195191
UBFC_PHYS_s13_T2_ctrl,61,108,64.6,0.8567285537719727,-0.43347120100899367
UBFC_PHYS_s13_T2_ctrl,61,109,64.63333333333334,1.0393235683441162,-0.32395217087992234
UBFC_PHYS_s13_T2_ctrl,61,110,64.66666666666667,1.0535389184951782,-0.18339865197257307
UBFC_PHYS_s13_T2_ctrl,61,111,64.7,0.8810468912124634,-0.037937216530311076
UBFC_PHYS_s13_T2_ctrl,61,112,64.73333333333333,0.5559688806533813,0.08748252258383497
UBFC_PHYS_s13_T2_ctrl,61,113,64.76666666666667,0.1436184048652649,0.1758081965882984
UBFC_PHYS_s13_T2_ctrl,61,114,64.8,-0.25662562251091003,0.22095374474472868
UBFC_PHYS_s13_T2_ctrl,61,115,64.83333333333333,-0.5690996050834656,0.2265607563086119
UBFC_PHYS_s13_T2_ctrl,61,116,64.86666666666666,-0.7407481074333191,0.20221353465187178
UBFC_PHYS_s13_T2_ctrl,61,117,64.9,-0.7415488362312317,0.1597621273789245
UBFC_PHYS_s13_T2_ctrl,61,118,64.93333333333334,-0.654002845287323,0.1112560299915544
UBFC_PHYS_s13_T2_ctrl,61,119,64.96666666666667,-0.6534261703491211,0.068156798362049
UBFC_PHYS_s13_T2_ctrl,61,120,65.0,-0.7987561821937561,0.04062285382258093
UBFC_PHYS_s13_T2_ctrl,61,121,65.03333333333333,-0.9473450779914856,0.03599707118944274
UBFC_PHYS_s13_T2_ctrl,61,122,65.06666666666666,-0.9702168703079224,0.056571842527248735
UBFC_PHYS_s13_T2_ctrl,61,123,65.1,-0.8969389796257019,0.09765052192520082
UBFC_PHYS_s13_T2_ctrl,61,124,65.13333333333334,-0.7782108187675476,0.14732359495750455
UBFC_PHYS_s13_T2_ctrl,61,125,65.16666666666667,-0.5817036032676697,0.18878076137846583
UBFC_PHYS_s13_T2_ctrl,61,126,65.2,-0.29963740706443787,0.20458933295951606
UBFC_PHYS_s13_T2_ctrl,61,127,65.23333333333333,-0.02702835015952587,0.18136638003541145
UBFC_PHYS_s13_T2_ctrl,61,128,65.26666666666667,0.150502011179924,0.11348326524437359
UBFC_PHYS_s13_T2_ctrl,61,129,65.3,0.23429806530475616,0.005149192050421471
UBFC_PHYS_s13_T2_ctrl,61,130,65.33333333333333,0.23258128762245178,-0.12949876058095244
UBFC_PHYS_s13_T2_ctrl,61,131,65.36666666666666,0.15743502974510193,-0.26856011337277474
UBFC_PHYS_s13_T2_ctrl,61,132,65.4,0.09931160509586334,-0.3865689495780986
UBFC_PHYS_s13_T2_ctrl,61,133,65.43333333333334,0.14698277413845062,-0.45986401917865855
UBFC_PHYS_s13_T2_ctrl,61,134,65.46666666666667,0.260458379983902,-0.4719404278824765
UBFC_PHYS_s13_T2_ctrl,61,135,65.5,0.3475166857242584,-0.41768432744593287
UBFC_PHYS_s13_T2_ctrl,61,136,65.53333333333333,0.3911644518375397,-0.3056552139445883
UBFC_PHYS_s13_T2_ctrl,61,137,65.56666666666666,0.41124188899993896,-0.1575449927924585
UBFC_PHYS_s13_T2_ctrl,61,138,65.6,0.4062661826610565,-0.0037650238552578777
UBFC_PHYS_s13_T2_ctrl,61,139,65.63333333333334,0.3859449028968811,0.12488579064671557
UBFC_PHYS_s13_T2_ctrl,61,140,65.66666666666667,0.35282188653945923,0.20696873708092944
UBFC_PHYS_s13_T2_ctrl,61,141,65.7,0.2829347252845764,0.2372928338622464
UBFC_PHYS_s13_T2_ctrl,61,142,65.73333333333333,0.1763426959514618,0.22777978952837077
UBFC_PHYS_s13_T2_ctrl,61,143,65.76666666666667,0.09028614312410355,0.20214877973680356
UBFC_PHYS_s13_T2_ctrl,61,144,65.8,0.11159927397966385,0.18684674291874814
UBFC_PHYS_s13_T2_ctrl,61,145,65.83333333333333,0.2796856760978699,0.2014572601170967
UBFC_PHYS_s13_T2_ctrl,61,146,65.86666666666666,0.538652777671814,0.2510023064790023
UBFC_PHYS_s13_T2_ctrl,61,147,65.9,0.7801257967948914,0.3217035681454867
UBFC_PHYS_s13_T2_ctrl,61,148,65.93333333333334,0.9291298985481262,0.38190535427490213
UBFC_PHYS_s13_T2_ctrl,61,149,65.96666666666667,0.9480870366096497,0.3896983764991088
UBFC_PHYS_s13_T2_ctrl,61,150,66.0,0.8214768767356873,0.3067785535802919
UBFC_PHYS_s13_T2_ctrl,61,151,66.03333333333333,0.6162176728248596,0.11462769405474538
UBFC_PHYS_s13_T2_ctrl,61,152,66.06666666666666,0.5007451772689819,-0.1737046494633588
UBFC_PHYS_s13_T2_ctrl,61,153,66.1,0.6021769642829895,-0.5123527528477944
UBFC_PHYS_s13_T2_ctrl,61,154,66.13333333333334,0.8899075388908386,-0.8333574742747443
UBFC_PHYS_s13_T2_ctrl,61,155,66.16666666666667,1.1912109851837158,-1.0653212759293076
UBFC_PHYS_s13_T2_ctrl,61,156,66.2,1.3108880519866943,-1.153345487473967
UBFC_PHYS_s13_T2_ctrl,61,157,66.23333333333333,1.176181674003601,-1.0740002818285392
UBFC_PHYS_s13_T2_ctrl,61,158,66.26666666666667,0.9123839139938354,-0.840988285698145
UBFC_PHYS_s13_T2_ctrl,61,159,66.3,0.7452102303504944,-0.499815569892996
UBFC_PHYS_s13_T2_ctrl,61,160,66.33333333333333,0.7847027778625488,-0.11298885514612973
UBFC_PHYS_s13_T2_ctrl,61,161,66.36666666666666,0.9779049754142761,0.2591591019124453
UBFC_PHYS_s13_T2_ctrl,61,162,66.4,1.1980847120285034,0.574246918247475
UBFC_PHYS_s13_T2_ctrl,61,163,66.43333333333334,1.3295519351959229,0.8136922806856125
UBFC_PHYS_s13_T2_ctrl,61,164,66.46666666666667,1.317705750465393,0.9779998737327792
UBFC_PHYS_s13_T2_ctrl,61,165,66.5,1.1875863075256348,1.0767862052421853
UBFC_PHYS_s13_T2_ctrl,61,166,66.53333333333333,1.0039763450622559,1.120046355670066
UBFC_PHYS_s13_T2_ctrl,61,167,66.56666666666666,0.8149688839912415,1.1141633961724604
UBFC_PHYS_s13_T2_ctrl,61,168,66.6,0.640957772731781,1.0622404645771149
UBFC_PHYS_s13_T2_ctrl,61,169,66.63333333333334,0.49923598766326904,0.9661111842956177
UBFC_PHYS_s13_T2_ctrl,61,170,66.66666666666667,0.3959721028804779,0.8277028283014812
UBFC_PHYS_s13_T2_ctrl,61,171,66.7,0.308241605758667,0.6490464600614466
UBFC_PHYS_s13_T2_ctrl,61,172,66.73333333333333,0.2062825709581375,0.431478203045945
UBFC_PHYS_s13_T2_ctrl,61,173,66.76666666666667,0.09126480668783188,0.17509863736368242
UBFC_PHYS_s13_T2_ctrl,61,174,66.8,-0.01730761118233204,-0.12037746677808694
UBFC_PHYS_s13_T2_ctrl,61,175,66.83333333333333,-0.13067778944969177,-0.452687341450945
UBFC_PHYS_s13_T2_ctrl,61,176,66.86666666666666,-0.27787286043167114,-0.8123032918479045
UBFC_PHYS_s13_T2_ctrl,61,177,66.9,-0.451399564743042,-1.1774748764534113
UBFC_PHYS_s13_T2_ctrl,61,178,66.93333333333334,-0.6155482530593872,-1.5115060890409493
UBFC_PHYS_s13_T2_ctrl,61,179,66.96666666666667,-0.7681704759597778,-1.7647949373712746
UBFC_PHYS_s13_T2_ctrl,61,180,67.0,-0.9401682615280151,-1.88300522506403
UBFC_PHYS_s13_T2_ctrl,61,181,67.03333333333333,-1.1431372165679932,-1.8205331131500093
UBFC_PHYS_s13_T2_ctrl,61,182,67.06666666666666,-1.351694941520691,-1.5558338884827438
UBFC_PHYS_s13_T2_ctrl,61,183,67.1,-1.5032857656478882,-1.1032085753028331
UBFC_PHYS_s13_T2_ctrl,61,184,67.13333333333334,-1.5182127952575684,-0.5154855594943597
UBFC_PHYS_s13_T2_ctrl,61,185,67.16666666666667,-1.3717031478881836,0.12538708930071563
UBFC_PHYS_s13_T2_ctrl,61,186,67.2,-1.117089033126831,0.7279009588515284
UBFC_PHYS_s13_T2_ctrl,61,187,67.23333333333333,-0.8433529734611511,1.2139638281620813
UBFC_PHYS_s13_T2_ctrl,61,188,67.26666666666667,-0.6383606791496277,1.5366975719940372
UBFC_PHYS_s13_T2_ctrl,61,189,67.3,-0.5243842005729675,1.6867645412738164
UBFC_PHYS_s13_T2_ctrl,61,190,67.33333333333333,-0.4305049180984497,1.6863602026366682
UBFC_PHYS_s13_T2_ctrl,61,191,67.36666666666666,-0.30751287937164307,1.5753118788632472
UBFC_PHYS_s13_T2_ctrl,61,192,67.4,-0.225407212972641,1.3959160270056
UBFC_PHYS_s13_T2_ctrl,61,193,67.43333333333334,-0.32596251368522644,1.1818811757079333
UBFC_PHYS_s13_T2_ctrl,61,194,67.46666666666667,-0.6599868535995483,0.9535480313946993
UBFC_PHYS_s13_T2_ctrl,61,195,67.5,-1.0232064723968506,0.7184728571638724
UBFC_PHYS_s13_T2_ctrl,61,196,67.53333333333333,-1.1174579858779907,0.47495597078553176
UBFC_PHYS_s13_T2_ctrl,61,197,67.56666666666666,-1.020916223526001,0.21629604690863305
UBFC_PHYS_s13_T2_ctrl,61,198,67.6,-1.016761064529419,-0.06533658828668103
UBFC_PHYS_s13_T2_ctrl,61,199,67.63333333333334,-1.1059150695800781,-0.3754535321182579
UBFC_PHYS_s13_T2_ctrl,61,200,67.66666666666667,-1.1422277688980103,-0.7138928678435403
UBFC_PHYS_s13_T2_ctrl,61,201,67.7,-1.2440385818481445,-1.0714723766038585
UBFC_PHYS_s13_T2_ctrl,61,202,67.73333333333333,-1.5860108137130737,-1.4271038084800376
UBFC_PHYS_s13_T2_ctrl,61,203,67.76666666666667,-1.992321252822876,-1.7464328670171807
UBFC_PHYS_s13_T2_ctrl,61,204,67.8,-2.1083571910858154,-1.9835628775599439
UBFC_PHYS_s13_T2_ctrl,61,205,67.83333333333333,-1.847904086112976,-2.08745347634159
UBFC_PHYS_s13_T2_ctrl,61,206,67.86666666666666,-1.374392032623291,-2.013660110354018
UBFC_PHYS_s13_T2_ctrl,61,207,67.9,-0.8518116474151611,-1.739662774364149
UBFC_PHYS_s13_T2_ctrl,61,208,67.93333333333334,-0.4126879572868347,-1.2786218683969628
UBFC_PHYS_s13_T2_ctrl,61,209,67.96666666666667,-0.15332217514514923,-0.6841985097829242
UBFC_PHYS_s13_T2_ctrl,61,210,68.0,0.029549647122621536,-0.040695845032976144
UBFC_PHYS_s13_T2_ctrl,61,211,68.03333333333333,0.3005276024341583,0.5604306866910848
UBFC_PHYS_s13_T2_ctrl,61,212,68.06666666666666,0.5617683529853821,1.0474757145488478
UBFC_PHYS_s13_T2_ctrl,61,213,68.1,0.6947744488716125,1.3852183577498005
UBFC_PHYS_s13_T2_ctrl,61,214,68.13333333333334,0.8042464256286621,1.5749180443042183
UBFC_PHYS_s13_T2_ctrl,61,215,68.16666666666667,0.9823468327522278,1.6415781689584892
UBFC_PHYS_s13_T2_ctrl,61,216,68.2,1.1936163902282715,1.6176408425991726
UBFC_PHYS_s13_T2_ctrl,61,217,68.23333333333333,1.4175328016281128,1.5307853177626405
UBFC_PHYS_s13_T2_ctrl,61,218,68.26666666666667,1.5977323055267334,1.398906205920417
UBFC_PHYS_s13_T2_ctrl,61,219,68.3,1.6029452085494995,1.2311626998976557
UBFC_PHYS_s13_T2_ctrl,61,220,68.33333333333333,1.4143760204315186,1.032160486682733
UBFC_PHYS_s13_T2_ctrl,61,221,68.36666666666666,1.1373580694198608,0.8064827167744204
UBFC_PHYS_s13_T2_ctrl,61,222,68.4,0.85652095079422,0.5616508910297994
UBFC_PHYS_s13_T2_ctrl,61,223,68.43333333333334,0.5977944135665894,0.30866722283834175
UBFC_PHYS_s13_T2_ctrl,61,224,68.46666666666667,0.37761470675468445,0.06044834816973531
UBFC_PHYS_s13_T2_ctrl,61,225,68.5,0.21544642746448517,-0.17064698838677364
UBFC_PHYS_s13_T2_ctrl,61,226,68.53333333333333,0.11176732927560806,-0.374743142600422
UBFC_PHYS_s13_T2_ctrl,61,227,68.56666666666666,0.034581366926431656,-0.5449125161279593
UBFC_PHYS_s13_T2_ctrl,61,228,68.6,-0.04403799772262573,-0.6763379885111663
UBFC_PHYS_s13_T2_ctrl,61,229,68.63333333333334,-0.12577788531780243,-0.7652142006144709
UBFC_PHYS_s13_T2_ctrl,61,230,68.66666666666667,-0.19315414130687714,-0.8085210713408248
UBFC_PHYS_s13_T2_ctrl,61,231,68.7,-0.21615439653396606,-0.8051450638316631
UBFC_PHYS_s13_T2_ctrl,61,232,68.73333333333333,-0.171636700630188,-0.7578785286952786
UBFC_PHYS_s13_T2_ctrl,61,233,68.76666666666667,-0.08131621032953262,-0.6751122313558234
UBFC_PHYS_s13_T2_ctrl,61,234,68.8,-0.004545433446764946,-0.5709207640508654
UBFC_PHYS_s13_T2_ctrl,61,235,68.83333333333333,0.029038896784186363,-0.46279740592868723
UBFC_PHYS_s13_T2_ctrl,61,236,68.86666666666666,0.032950259745121,-0.36732290145216634
UBFC_PHYS_s13_T2_ctrl,61,237,68.9,0.024379532784223557,-0.2951705181514306
UBFC_PHYS_s13_T2_ctrl,61,238,68.93333333333334,0.007323754020035267,-0.24754811597960563
UBFC_PHYS_s13_T2_ctrl,61,239,68.96666666666667,-0.009297062642872334,-0.21593099302256205
UBFC_PHYS_s13_T2_ctrl,62,0,62.0,-0.888022243976593,-0.12183673590762965
UBFC_PHYS_s13_T2_ctrl,62,1,62.03333333333333,-0.9376276731491089,-0.03717056006347892
UBFC_PHYS_s13_T2_ctrl,62,2,62.06666666666667,-0.8367890119552612,0.03432153609849072
UBFC_PHYS_s13_T2_ctrl,62,3,62.1,-0.7378022074699402,0.07905832514938962
UBFC_PHYS_s13_T2_ctrl,62,4,62.13333333333333,-0.7893023490905762,0.09052420396013935
UBFC_PHYS_s13_T2_ctrl,62,5,62.166666666666664,-0.9711922407150269,0.07198448161049388
UBFC_PHYS_s13_T2_ctrl,62,6,62.2,-1.0832114219665527,0.03750890290478872
UBFC_PHYS_s13_T2_ctrl,62,7,62.233333333333334,-0.9563837647438049,0.010194133885414779
UBFC_PHYS_s13_T2_ctrl,62,8,62.266666666666666,-0.6169552803039551,0.017011354397007763
UBFC_PHYS_s13_T2_ctrl,62,9,62.3,-0.24488164484500885,0.08100084888671732
UBFC_PHYS_s13_T2_ctrl,62,10,62.333333333333336,0.007966311648488045,0.21316824275556487
UBFC_PHYS_s13_T2_ctrl,62,11,62.36666666666667,0.10736169666051865,0.407194502703979
UBFC_PHYS_s13_T2_ctrl,62,12,62.4,0.11014610528945923,0.6391367110612005
UBFC_PHYS_s13_T2_ctrl,62,13,62.43333333333333,0.10555923730134964,0.8723236630927949
UBFC_PHYS_s13_T2_ctrl,62,14,62.46666666666667,0.1534215211868286,1.0658388016666618
UBFC_PHYS_s13_T2_ctrl,62,15,62.5,0.23655197024345398,1.1839780918606377
UBFC_PHYS_s13_T2_ctrl,62,16,62.53333333333333,0.289505273103714,1.2040028942303587
UBFC_PHYS_s13_T2_ctrl,62,17,62.56666666666667,0.2818571925163269,1.120215039190453
UBFC_PHYS_s13_T2_ctrl,62,18,62.6,0.23532617092132568,0.943553894582182
UBFC_PHYS_s13_T2_ctrl,62,19,62.63333333333333,0.21049049496650696,0.6972281936637341
UBFC_PHYS_s13_T2_ctrl,62,20,62.666666666666664,0.2776097357273102,0.41002537976304054
UBFC_PHYS_s13_T2_ctrl,62,21,62.7,0.42459389567375183,0.10956398914153151
UBFC_PHYS_s13_T2_ctrl,62,22,62.733333333333334,0.5439909100532532,-0.18238624715593094
UBFC_PHYS_s13_T2_ctrl,62,23,62.766666666666666,0.5949177145957947,-0.4513919642797876
UBFC_PHYS_s13_T2_ctrl,62,24,62.8,0.6583661437034607,-0.689076827432002
UBFC_PHYS_s13_T2_ctrl,62,25,62.833333333333336,0.7333970665931702,-0.8907577794488445
UBFC_PHYS_s13_T2_ctrl,62,26,62.86666666666667,0.7245660424232483,-1.0538548239579155
UBFC_PHYS_s13_T2_ctrl,62,27,62.9,0.6548765897750854,-1.177882624222316
UBFC_PHYS_s13_T2_ctrl,62,28,62.93333333333333,0.6795639395713806,-1.2651998828218887
UBFC_PHYS_s13_T2_ctrl,62,29,62.96666666666667,0.8956378698348999,-1.320764977240651
UBFC_PHYS_s13_T2_ctrl,62,30,63.0,1.2093837261199951,-1.3497529692870445
UBFC_PHYS_s13_T2_ctrl,62,31,63.03333333333333,1.3727613687515259,-1.3534650323871837
UBFC_PHYS_s13_T2_ctrl,62,32,63.06666666666667,1.2767435312271118,-1.3253633548042933
UBFC_PHYS_s13_T2_ctrl,62,33,63.1,1.0788358449935913,-1.2495893063891563
UBFC_PHYS_s13_T2_ctrl,62,34,63.13333333333333,0.9575408697128296,-1.1037389051807696
UBFC_PHYS_s13_T2_ctrl,62,35,63.166666666666664,0.9351601004600525,-0.866099477581994
UBFC_PHYS_s13_T2_ctrl,62,36,63.2,0.9863570928573608,-0.5255059944301934
UBFC_PHYS_s13_T2_ctrl,62,37,63.233333333333334,1.0657771825790405,-0.09029354959589465
UBFC_PHYS_s13_T2_ctrl,62,38,63.266666666666666,1.0513311624526978,0.4076161057372656
UBFC_PHYS_s13_T2_ctrl,62,39,63.3,0.8883917927742004,0.9160851536657884
UBFC_PHYS_s13_T2_ctrl,62,40,63.333333333333336,0.6875448226928711,1.3732370315766884
UBFC_PHYS_s13_T2_ctrl,62,41,63.36666666666667,0.537555456161499,1.7214909411075001
UBFC_PHYS_s13_T2_ctrl,62,42,63.4,0.3800399601459503,1.9198653663716558
UBFC_PHYS_s13_T2_ctrl,62,43,63.43333333333333,0.1601436585187912,1.950247394445215
UBFC_PHYS_s13_T2_ctrl,62,44,63.46666666666667,-0.029104305431246758,1.8167413000715704
UBFC_PHYS_s13_T2_ctrl,62,45,63.5,-0.09431563317775726,1.5406287197932549
UBFC_PHYS_s13_T2_ctrl,62,46,63.53333333333333,-0.1316399872303009,1.154559101713826
UBFC_PHYS_s13_T2_ctrl,62,47,63.56666666666667,-0.317582905292511,0.6982790719281864
UBFC_PHYS_s13_T2_ctrl,62,48,63.6,-0.6819491386413574,0.2159453093808892
UBFC_PHYS_s13_T2_ctrl,62,49,63.63333333333333,-1.0297868251800537,-0.24650369103859487
UBFC_PHYS_s13_T2_ctrl,62,50,63.666666666666664,-1.0764068365097046,-0.6453897597990914
UBFC_PHYS_s13_T2_ctrl,62,51,63.7,-0.8204746246337891,-0.9449633698179015
UBFC_PHYS_s13_T2_ctrl,62,52,63.733333333333334,-0.6293846964836121,-1.123451933664316
UBFC_PHYS_s13_T2_ctrl,62,53,63.766666666666666,-0.7391532063484192,-1.1772665179296768
UBFC_PHYS_s13_T2_ctrl,62,54,63.8,-0.9802143573760986,-1.1211252560744882
UBFC_PHYS_s13_T2_ctrl,62,55,63.833333333333336,-1.2225639820098877,-0.983224445514679
UBFC_PHYS_s13_T2_ctrl,62,56,63.86666666666667,-1.5671625137329102,-0.7969776118310198
UBFC_PHYS_s13_T2_ctrl,62,57,63.9,-2.0296292304992676,-0.5925565646234685
UBFC_PHYS_s13_T2_ctrl,62,58,63.93333333333333,-2.3869173526763916,-0.3911703623783882
UBFC_PHYS_s13_T2_ctrl,62,59,63.96666666666667,-2.425595998764038,-0.20328844735536053
UBFC_PHYS_s13_T2_ctrl,62,60,64.0,-2.180551052093506,-0.030261890179508026
UBFC_PHYS_s13_T2_ctrl,62,61,64.03333333333333,-1.8035215139389038,0.1321056932367527
UBFC_PHYS_s13_T2_ctrl,62,62,64.06666666666666,-1.3592177629470825,0.28943183066013084
UBFC_PHYS_s13_T2_ctrl,62,63,64.1,-0.8935976624488831,0.445029344180325
UBFC_PHYS_s13_T2_ctrl,62,64,64.13333333333334,-0.4961380362510681,0.5972808329835337
UBFC_PHYS_s13_T2_ctrl,62,65,64.16666666666667,-0.2013590931892395,0.7386658000328558
UBFC_PHYS_s13_T2_ctrl,62,66,64.2,-0.0016193262999877334,0.8566397400405115
UBFC_PHYS_s13_T2_ctrl,62,67,64.23333333333333,0.08072686940431595,0.935973322250428
UBFC_PHYS_s13_T2_ctrl,62,68,64.26666666666667,0.028511669486761093,0.961617609995473
UBFC_PHYS_s13_T2_ctrl,62,69,64.3,-0.06793124228715897,0.9211703356073021
UBFC_PHYS_s13_T2_ctrl,62,70,64.33333333333333,-0.02393089421093464,0.8066927083038993
UBFC_PHYS_s13_T2_ctrl,62,71,64.36666666666666,0.24995340406894684,0.6162332259466154
UBFC_PHYS_s13_T2_ctrl,62,72,64.4,0.613980233669281,0.3553042813889393
UBFC_PHYS_s13_T2_ctrl,62,73,64.43333333333334,0.8328616619110107,0.03805215434786794
UBFC_PHYS_s13_T2_ctrl,62,74,64.46666666666667,0.8093901872634888,-0.31242728883580734
UBFC_PHYS_s13_T2_ctrl,62,75,64.5,0.6467012763023376,-0.6651434260987557
UBFC_PHYS_s13_T2_ctrl,62,76,64.53333333333333,0.5462283492088318,-0.9839675160901619
UBFC_PHYS_s13_T2_ctrl,62,77,64.56666666666666,0.6343674659729004,-1.2321723309177093
UBFC_PHYS_s13_T2_ctrl,62,78,64.6,0.8567285537719727,-1.3784602165973308
UBFC_PHYS_s13_T2_ctrl,62,79,64.63333333333334,1.0393235683441162,-1.4034892853186454
UBFC_PHYS_s13_T2_ctrl,62,80,64.66666666666667,1.0535389184951782,-1.3050395787668412
UBFC_PHYS_s13_T2_ctrl,62,81,64.7,0.8810468912124634,-1.099735531645176
UBFC_PHYS_s13_T2_ctrl,62,82,64.73333333333333,0.5559688806533813,-0.8202403416824238
UBFC_PHYS_s13_T2_ctrl,62,83,64.76666666666667,0.1436184048652649,-0.5085606226887639
UBFC_PHYS_s13_T2_ctrl,62,84,64.8,-0.25662562251091003,-0.20750833625991966
UBFC_PHYS_s13_T2_ctrl,62,85,64.83333333333333,-0.5690996050834656,0.047360194988234294
UBFC_PHYS_s13_T2_ctrl,62,86,64.86666666666666,-0.7407481074333191,0.233860131810594
UBFC_PHYS_s13_T2_ctrl,62,87,64.9,-0.7415488362312317,0.34670960134126816
UBFC_PHYS_s13_T2_ctrl,62,88,64.93333333333334,-0.654002845287323,0.3978296890266254
UBFC_PHYS_s13_T2_ctrl,62,89,64.96666666666667,-0.6534261703491211,0.4127274724707074
UBFC_PHYS_s13_T2_ctrl,62,90,65.0,-0.7987561821937561,0.4231640737365896
UBFC_PHYS_s13_T2_ctrl,62,91,65.03333333333333,-0.9473450779914856,0.4576787323093313
UBFC_PHYS_s13_T2_ctrl,62,92,65.06666666666666,-0.9702168703079224,0.5324787866294506
UBFC_PHYS_s13_T2_ctrl,62,93,65.1,-0.8969389796257019,0.6454681311601852
UBFC_PHYS_s13_T2_ctrl,62,94,65.13333333333334,-0.7782108187675476,0.7757094414850915
UBFC_PHYS_s13_T2_ctrl,62,95,65.16666666666667,-0.5817036032676697,0.8890199062188566
UBFC_PHYS_s13_T2_ctrl,62,96,65.2,-0.29963740706443787,0.9479323857929318
UBFC_PHYS_s13_T2_ctrl,62,97,65.23333333333333,-0.02702835015952587,0.9225187195363754
UBFC_PHYS_s13_T2_ctrl,62,98,65.26666666666667,0.150502011179924,0.7987987790544292
UBFC_PHYS_s13_T2_ctrl,62,99,65.3,0.23429806530475616,0.5828819481176465
UBFC_PHYS_s13_T2_ctrl,62,100,65.33333333333333,0.23258128762245178,0.3003220450868518
UBFC_PHYS_s13_T2_ctrl,62,101,65.36666666666666,0.15743502974510193,-0.008780609425456639
UBFC_PHYS_s13_T2_ctrl,62,102,65.4,0.09931160509586334,-0.29748389639457984
UBFC_PHYS_s13_T2_ctrl,62,103,65.43333333333334,0.14698277413845062,-0.5207311065038955
UBFC_PHYS_s13_T2_ctrl,62,104,65.46666666666667,0.260458379983902,-0.6437674363664957
UBFC_PHYS_s13_T2_ctrl,62,105,65.5,0.3475166857242584,-0.6494041182750606
UBFC_PHYS_s13_T2_ctrl,62,106,65.53333333333333,0.3911644518375397,-0.5430804837476758
UBFC_PHYS_s13_T2_ctrl,62,107,65.56666666666666,0.41124188899993896,-0.3539902853732104
UBFC_PHYS_s13_T2_ctrl,62,108,65.6,0.4062661826610565,-0.13034293968986374
UBFC_PHYS_s13_T2_ctrl,62,109,65.63333333333334,0.3859449028968811,0.07174558051241445
UBFC_PHYS_s13_T2_ctrl,62,110,65.66666666666667,0.35282188653945923,0.2032149596300393
UBFC_PHYS_s13_T2_ctrl,62,111,65.7,0.2829347252845764,0.2357954728237543
UBFC_PHYS_s13_T2_ctrl,62,112,65.73333333333333,0.1763426959514618,0.1694112295261682
UBFC_PHYS_s13_T2_ctrl,62,113,65.76666666666667,0.09028614312410355,0.03067647547871714
UBFC_PHYS_s13_T2_ctrl,62,114,65.8,0.11159927397966385,-0.1365231307806585
UBFC_PHYS_s13_T2_ctrl,62,115,65.83333333333333,0.2796856760978699,-0.2847528819422719
UBFC_PHYS_s13_T2_ctrl,62,116,65.86666666666666,0.538652777671814,-0.37687352077995717
UBFC_PHYS_s13_T2_ctrl,62,117,65.9,0.7801257967948914,-0.3965348994248227
UBFC_PHYS_s13_T2_ctrl,62,118,65.93333333333334,0.9291298985481262,-0.35268039174221816
UBFC_PHYS_s13_T2_ctrl,62,119,65.96666666666667,0.9480870366096497,-0.27638953528817134
UBFC_PHYS_s13_T2_ctrl,62,120,66.0,0.8214768767356873,-0.2101011003897629
UBFC_PHYS_s13_T2_ctrl,62,121,66.03333333333333,0.6162176728248596,-0.19205442196814268
UBFC_PHYS_s13_T2_ctrl,62,122,66.06666666666666,0.5007451772689819,-0.24170739123355459
UBFC_PHYS_s13_T2_ctrl,62,123,66.1,0.6021769642829895,-0.35226068771124075
UBFC_PHYS_s13_T2_ctrl,62,124,66.13333333333334,0.8899075388908386,-0.49293459424960345
UBFC_PHYS_s13_T2_ctrl,62,125,66.16666666666667,1.1912109851837158,-0.6190240049852438
UBFC_PHYS_s13_T2_ctrl,62,126,66.2,1.3108880519866943,-0.685307531545799
UBFC_PHYS_s13_T2_ctrl,62,127,66.23333333333333,1.176181674003601,-0.6583945293947615
UBFC_PHYS_s13_T2_ctrl,62,128,66.26666666666667,0.9123839139938354,-0.5247732012391622
UBFC_PHYS_s13_T2_ctrl,62,129,66.3,0.7452102303504944,-0.29282327151708215
UBFC_PHYS_s13_T2_ctrl,62,130,66.33333333333333,0.7847027778625488,0.01130811587647964
UBFC_PHYS_s13_T2_ctrl,62,131,66.36666666666666,0.9779049754142761,0.3519944867814733
UBFC_PHYS_s13_T2_ctrl,62,132,66.4,1.1980847120285034,0.6925748359270812
UBFC_PHYS_s13_T2_ctrl,62,133,66.43333333333334,1.3295519351959229,1.0001193424182055
UBFC_PHYS_s13_T2_ctrl,62,134,66.46666666666667,1.317705750465393,1.2459528063823533
UBFC_PHYS_s13_T2_ctrl,62,135,66.5,1.1875863075256348,1.4048392091245197
UBFC_PHYS_s13_T2_ctrl,62,136,66.53333333333333,1.0039763450622559,1.4561982569899503
UBFC_PHYS_s13_T2_ctrl,62,137,66.56666666666666,0.8149688839912415,1.388357608233429
UBFC_PHYS_s13_T2_ctrl,62,138,66.6,0.640957772731781,1.2038450453117417
UBFC_PHYS_s13_T2_ctrl,62,139,66.63333333333334,0.49923598766326904,0.922238875955605
UBFC_PHYS_s13_T2_ctrl,62,140,66.66666666666667,0.3959721028804779,0.5780590613246519
UBFC_PHYS_s13_T2_ctrl,62,141,66.7,0.308241605758667,0.21364660333704766
UBFC_PHYS_s13_T2_ctrl,62,142,66.73333333333333,0.2062825709581375,-0.13071328727797987
UBFC_PHYS_s13_T2_ctrl,62,143,66.76666666666667,0.09126480668783188,-0.42599651971857205
UBFC_PHYS_s13_T2_ctrl,62,144,66.8,-0.01730761118233204,-0.6597814393470006
UBFC_PHYS_s13_T2_ctrl,62,145,66.83333333333333,-0.13067778944969177,-0.8359587835519419
UBFC_PHYS_s13_T2_ctrl,62,146,66.86666666666666,-0.27787286043167114,-0.9690760830495859
UBFC_PHYS_s13_T2_ctrl,62,147,66.9,-0.451399564743042,-1.075456370535822
UBFC_PHYS_s13_T2_ctrl,62,148,66.93333333333334,-0.6155482530593872,-1.16429459253733
UBFC_PHYS_s13_T2_ctrl,62,149,66.96666666666667,-0.7681704759597778,-1.231909546264383
UBFC_PHYS_s13_T2_ctrl,62,150,67.0,-0.9401682615280151,-1.2612701171135063
UBFC_PHYS_s13_T2_ctrl,62,151,67.03333333333333,-1.1431372165679932,-1.2271240874514988
UBFC_PHYS_s13_T2_ctrl,62,152,67.06666666666666,-1.351694941520691,-1.1050619033832554
UBFC_PHYS_s13_T2_ctrl,62,153,67.1,-1.5032857656478882,-0.8813412977309175
UBFC_PHYS_s13_T2_ctrl,62,154,67.13333333333334,-1.5182127952575684,-0.5599103430084535
UBFC_PHYS_s13_T2_ctrl,62,155,67.16666666666667,-1.3717031478881836,-0.1641006285687877
UBFC_PHYS_s13_T2_ctrl,62,156,67.2,-1.117089033126831,0.26741359841691176
UBFC_PHYS_s13_T2_ctrl,62,157,67.23333333333333,-0.8433529734611511,0.6886882477036057
UBFC_PHYS_s13_T2_ctrl,62,158,67.26666666666667,-0.6383606791496277,1.0558464135886854
UBFC_PHYS_s13_T2_ctrl,62,159,67.3,-0.5243842005729675,1.3350089886019074
UBFC_PHYS_s13_T2_ctrl,62,160,67.33333333333333,-0.4305049180984497,1.5069911760618988
UBFC_PHYS_s13_T2_ctrl,62,161,67.36666666666666,-0.30751287937164307,1.568083421484597
UBFC_PHYS_s13_T2_ctrl,62,162,67.4,-0.225407212972641,1.5273421166431511
UBFC_PHYS_s13_T2_ctrl,62,163,67.43333333333334,-0.32596251368522644,1.4016714963967123
UBFC_PHYS_s13_T2_ctrl,62,164,67.46666666666667,-0.6599868535995483,1.2104256178003063
UBFC_PHYS_s13_T2_ctrl,62,165,67.5,-1.0232064723968506,0.9711150101589692
UBFC_PHYS_s13_T2_ctrl,62,166,67.53333333333333,-1.1174579858779907,0.6970912860341477
UBFC_PHYS_s13_T2_ctrl,62,167,67.56666666666666,-1.020916223526001,0.39722997788631975
UBFC_PHYS_s13_T2_ctrl,62,168,67.6,-1.016761064529419,0.07709925441694282
UBFC_PHYS_s13_T2_ctrl,62,169,67.63333333333334,-1.1059150695800781,-0.25897458939424406
UBFC_PHYS_s13_T2_ctrl,62,170,67.66666666666667,-1.1422277688980103,-0.6053370633762842
UBFC_PHYS_s13_T2_ctrl,62,171,67.7,-1.2440385818481445,-0.952223711487162
UBFC_PHYS_s13_T2_ctrl,62,172,67.73333333333333,-1.5860108137130737,-1.2832828768528686
UBFC_PHYS_s13_T2_ctrl,62,173,67.76666666666667,-1.992321252822876,-1.5742786791326362
UBFC_PHYS_s13_T2_ctrl,62,174,67.8,-2.1083571910858154,-1.794011310816934
UBFC_PHYS_s13_T2_ctrl,62,175,67.83333333333333,-1.847904086112976,-1.9083048850935178
UBFC_PHYS_s13_T2_ctrl,62,176,67.86666666666666,-1.374392032623291,-1.887270175451704
UBFC_PHYS_s13_T2_ctrl,62,177,67.9,-0.8518116474151611,-1.7147619740395397
UBFC_PHYS_s13_T2_ctrl,62,178,67.93333333333334,-0.4126879572868347,-1.3971672244294533
UBFC_PHYS_s13_T2_ctrl,62,179,67.96666666666667,-0.15332217514514923,-0.9671724281184598
UBFC_PHYS_s13_T2_ctrl,62,180,68.0,0.029549647122621536,-0.4784515452893259
UBFC_PHYS_s13_T2_ctrl,62,181,68.03333333333333,0.3005276024341583,0.008896892792892866
UBFC_PHYS_s13_T2_ctrl,62,182,68.06666666666666,0.5617683529853821,0.4458901615420815
UBFC_PHYS_s13_T2_ctrl,62,183,68.1,0.6947744488716125,0.8058524731445139
UBFC_PHYS_s13_T2_ctrl,62,184,68.13333333333334,0.8042464256286621,1.0842406619499143
UBFC_PHYS_s13_T2_ctrl,62,185,68.16666666666667,0.9823468327522278,1.2895417957261381
UBFC_PHYS_s13_T2_ctrl,62,186,68.2,1.1936163902282715,1.43193156164954
UBFC_PHYS_s13_T2_ctrl,62,187,68.23333333333333,1.4175328016281128,1.5158099662412545
UBFC_PHYS_s13_T2_ctrl,62,188,68.26666666666667,1.5977323055267334,1.5387296100982457
UBFC_PHYS_s13_T2_ctrl,62,189,68.3,1.6029452085494995,1.4952220770316502
UBFC_PHYS_s13_T2_ctrl,62,190,68.33333333333333,1.4143760204315186,1.381840123480571
UBFC_PHYS_s13_T2_ctrl,62,191,68.36666666666666,1.1373580694198608,1.200252925845747
UBFC_PHYS_s13_T2_ctrl,62,192,68.4,0.85652095079422,0.9576495304652006
UBFC_PHYS_s13_T2_ctrl,62,193,68.43333333333334,0.5977944135665894,0.6657712718834666
UBFC_PHYS_s13_T2_ctrl,62,194,68.46666666666667,0.37761470675468445,0.34000204770425047
UBFC_PHYS_s13_T2_ctrl,62,195,68.5,0.21544642746448517,-0.0010865487430774447
UBFC_PHYS_s13_T2_ctrl,62,196,68.53333333333333,0.11176732927560806,-0.33603520947261734
UBFC_PHYS_s13_T2_ctrl,62,197,68.56666666666666,0.034581366926431656,-0.6411618614848014
UBFC_PHYS_s13_T2_ctrl,62,198,68.6,-0.04403799772262573,-0.8922091202385001
UBFC_PHYS_s13_T2_ctrl,62,199,68.63333333333334,-0.12577788531780243,-1.0673704231422172
UBFC_PHYS_s13_T2_ctrl,62,200,68.66666666666667,-0.19315414130687714,-1.1513622707196083
UBFC_PHYS_s13_T2_ctrl,62,201,68.7,-0.21615439653396606,-1.1393847508112882
UBFC_PHYS_s13_T2_ctrl,62,202,68.73333333333333,-0.171636700630188,-1.0394552525008505
UBFC_PHYS_s13_T2_ctrl,62,203,68.76666666666667,-0.08131621032953262,-0.8719094630867689
UBFC_PHYS_s13_T2_ctrl,62,204,68.8,-0.004545433446764946,-0.6657170470970255
UBFC_PHYS_s13_T2_ctrl,62,205,68.83333333333333,0.029038896784186363,-0.4523529312901829
UBFC_PHYS_s13_T2_ctrl,62,206,68.86666666666666,0.032950259745121,-0.25890374684756434
UBFC_PHYS_s13_T2_ctrl,62,207,68.9,0.024379532784223557,-0.10249920934965728
UBFC_PHYS_s13_T2_ctrl,62,208,68.93333333333334,0.007323754020035267,0.012188801873215806
UBFC_PHYS_s13_T2_ctrl,62,209,68.96666666666667,-0.009297062642872334,0.09171544903486294
UBFC_PHYS_s13_T2_ctrl,62,210,69.0,-0.011672877706587315,0.14965798380787587
UBFC_PHYS_s13_T2_ctrl,62,211,69.03333333333333,-0.004285115282982588,0.20120560638679175
UBFC_PHYS_s13_T2_ctrl,62,212,69.06666666666666,-0.003685395233333111,0.25835765335728755
UBFC_PHYS_s13_T2_ctrl,62,213,69.1,-0.011781617999076843,0.3267630590119363
UBFC_PHYS_s13_T2_ctrl,62,214,69.13333333333334,-0.025542229413986206,0.40425692120734646
UBFC_PHYS_s13_T2_ctrl,62,215,69.16666666666667,-0.05017688870429993,0.480716413005129
UBFC_PHYS_s13_T2_ctrl,62,216,69.2,-0.08352067321538925,0.5391890967500559
UBFC_PHYS_s13_T2_ctrl,62,217,69.23333333333333,-0.1078653559088707,0.558633529570056
UBFC_PHYS_s13_T2_ctrl,62,218,69.26666666666667,-0.11353633552789688,0.518379311686155
UBFC_PHYS_s13_T2_ctrl,62,219,69.3,-0.11197113245725632,0.40385729018656885
UBFC_PHYS_s13_T2_ctrl,62,220,69.33333333333333,-0.11334522068500519,0.21273095722862334
UBFC_PHYS_s13_T2_ctrl,62,221,69.36666666666666,-0.1148313358426094,-0.039959303366595984
UBFC_PHYS_s13_T2_ctrl,62,222,69.4,-0.11110121011734009,-0.31976213435622913
UBFC_PHYS_s13_T2_ctrl,62,223,69.43333333333334,-0.09215730428695679,-0.5762003668325477
UBFC_PHYS_s13_T2_ctrl,62,224,69.46666666666667,-0.04036059230566025,-0.7527014243916804
UBFC_PHYS_s13_T2_ctrl,62,225,69.5,0.04487216845154762,-0.8016887898809414
UBFC_PHYS_s13_T2_ctrl,62,226,69.53333333333333,0.13601316511631012,-0.7005286192663324
UBFC_PHYS_s13_T2_ctrl,62,227,69.56666666666666,0.21486647427082062,-0.46216915504561357
UBFC_PHYS_s13_T2_ctrl,62,228,69.6,0.28504031896591187,-0.13494792991426025
UBFC_PHYS_s13_T2_ctrl,62,229,69.63333333333334,0.34394800662994385,0.21016315080124598
UBFC_PHYS_s13_T2_ctrl,62,230,69.66666666666667,0.4107673764228821,0.5008192109451327
UBFC_PHYS_s13_T2_ctrl,62,231,69.7,0.5627832412719727,0.6846844969952369
UBFC_PHYS_s13_T2_ctrl,62,232,69.73333333333333,0.8190845847129822,0.7425949118642213
UBFC_PHYS_s13_T2_ctrl,62,233,69.76666666666667,1.0368719100952148,0.6892806377387959
UBFC_PHYS_s13_T2_ctrl,62,234,69.8,1.0494661331176758,0.5630773953192159
UBFC_PHYS_s13_T2_ctrl,62,235,69.83333333333333,0.8311646580696106,0.41014991654960975
UBFC_PHYS_s13_T2_ctrl,62,236,69.86666666666666,0.47671353816986084,0.2694750579365177
UBFC_PHYS_s13_T2_ctrl,62,237,69.9,0.16117504239082336,0.16293077960339414
UBFC_PHYS_s13_T2_ctrl,62,238,69.93333333333334,0.003198206191882491,0.09218018515007699
UBFC_PHYS_s13_T2_ctrl,62,239,69.96666666666667,-0.09742297977209091,0.04188431312870269
UBFC_PHYS_s13_T2_ctrl,63,0,63.0,1.2093837261199951,0.03790500064698093
UBFC_PHYS_s13_T2_ctrl,63,1,63.03333333333333,1.3727613687515259,-0.5697413460400687
UBFC_PHYS_s13_T2_ctrl,63,2,63.06666666666667,1.2767435312271118,-1.1014287701733196
UBFC_PHYS_s13_T2_ctrl,63,3,63.1,1.0788358449935913,-1.4883176961974072
UBFC_PHYS_s13_T2_ctrl,63,4,63.13333333333333,0.9575408697128296,-1.6777120325902524
UBFC_PHYS_s13_T2_ctrl,63,5,63.166666666666664,0.9351601004600525,-1.6421740812188654
UBFC_PHYS_s13_T2_ctrl,63,6,63.2,0.9863570928573608,-1.3863616171387498
UBFC_PHYS_s13_T2_ctrl,63,7,63.233333333333334,1.0657771825790405,-0.9489730894460549
UBFC_PHYS_s13_T2_ctrl,63,8,63.266666666666666,1.0513311624526978,-0.3977406205607491
UBFC_PHYS_s13_T2_ctrl,63,9,63.3,0.8883917927742004,0.1829165067980131
UBFC_PHYS_s13_T2_ctrl,63,10,63.333333333333336,0.6875448226928711,0.7087296636364195
UBFC_PHYS_s13_T2_ctrl,63,11,63.36666666666667,0.537555456161499,1.111514471983868
UBFC_PHYS_s13_T2_ctrl,63,12,63.4,0.3800399601459503,1.3492438824989224
UBFC_PHYS_s13_T2_ctrl,63,13,63.43333333333333,0.1601436585187912,1.4083173124387611
UBFC_PHYS_s13_T2_ctrl,63,14,63.46666666666667,-0.029104305431246758,1.2996082702647411
UBFC_PHYS_s13_T2_ctrl,63,15,63.5,-0.09431563317775726,1.0518487988313867
UBFC_PHYS_s13_T2_ctrl,63,16,63.53333333333333,-0.1316399872303009,0.7054336022719041
UBFC_PHYS_s13_T2_ctrl,63,17,63.56666666666667,-0.317582905292511,0.3077728150252345
UBFC_PHYS_s13_T2_ctrl,63,18,63.6,-0.6819491386413574,-0.09048696038681919
UBFC_PHYS_s13_T2_ctrl,63,19,63.63333333333333,-1.0297868251800537,-0.439847231131539
UBFC_PHYS_s13_T2_ctrl,63,20,63.666666666666664,-1.0764068365097046,-0.6980221891410827
UBFC_PHYS_s13_T2_ctrl,63,21,63.7,-0.8204746246337891,-0.8373617390655388
UBFC_PHYS_s13_T2_ctrl,63,22,63.733333333333334,-0.6293846964836121,-0.8515437104979595
UBFC_PHYS_s13_T2_ctrl,63,23,63.766666666666666,-0.7391532063484192,-0.7582914445582636
UBFC_PHYS_s13_T2_ctrl,63,24,63.8,-0.9802143573760986,-0.5953431037944724
UBFC_PHYS_s13_T2_ctrl,63,25,63.833333333333336,-1.2225639820098877,-0.4096097490752984
UBFC_PHYS_s13_T2_ctrl,63,26,63.86666666666667,-1.5671625137329102,-0.24338392762262076
UBFC_PHYS_s13_T2_ctrl,63,27,63.9,-2.0296292304992676,-0.1233114652173974
UBFC_PHYS_s13_T2_ctrl,63,28,63.93333333333333,-2.3869173526763916,-0.05569728189428725
UBFC_PHYS_s13_T2_ctrl,63,29,63.96666666666667,-2.425595998764038,-0.02816864244144501
UBFC_PHYS_s13_T2_ctrl,63,30,64.0,-2.180551052093506,-0.015948019950137816
UBFC_PHYS_s13_T2_ctrl,63,31,64.03333333333333,-1.8035215139389038,0.009295152500833171
UBFC_PHYS_s13_T2_ctrl,63,32,64.06666666666666,-1.3592177629470825,0.07030268596514423
UBFC_PHYS_s13_T2_ctrl,63,33,64.1,-0.8935976624488831,0.17720118045664604
UBFC_PHYS_s13_T2_ctrl,63,34,64.13333333333334,-0.4961380362510681,0.3243350095522836
UBFC_PHYS_s13_T2_ctrl,63,35,64.16666666666667,-0.2013590931892395,0.4914710032738319
UBFC_PHYS_s13_T2_ctrl,63,36,64.2,-0.0016193262999877334,0.6486465235371175
UBFC_PHYS_s13_T2_ctrl,63,37,64.23333333333333,0.08072686940431595,0.7629911584776967
UBFC_PHYS_s13_T2_ctrl,63,38,64.26666666666667,0.028511669486761093,0.8054260817135519
UBFC_PHYS_s13_T2_ctrl,63,39,64.3,-0.06793124228715897,0.7555359175548945
UBFC_PHYS_s13_T2_ctrl,63,40,64.33333333333333,-0.02393089421093464,0.6040939074285527
UBFC_PHYS_s13_T2_ctrl,63,41,64.36666666666666,0.24995340406894684,0.3540243490747339
UBFC_PHYS_s13_T2_ctrl,63,42,64.4,0.613980233669281,0.021149088479355888
UBFC_PHYS_s13_T2_ctrl,63,43,64.43333333333334,0.8328616619110107,-0.36459463954778776
UBFC_PHYS_s13_T2_ctrl,63,44,64.46666666666667,0.8093901872634888,-0.7583965778575174
UBFC_PHYS_s13_T2_ctrl,63,45,64.5,0.6467012763023376,-1.1026728596305482
UBFC_PHYS_s13_T2_ctrl,63,46,64.53333333333333,0.5462283492088318,-1.3344728784983277
UBFC_PHYS_s13_T2_ctrl,63,47,64.56666666666666,0.6343674659729004,-1.398683866696969
UBFC_PHYS_s13_T2_ctrl,63,48,64.6,0.8567285537719727,-1.2641583920640016
UBFC_PHYS_s13_T2_ctrl,63,49,64.63333333333334,1.0393235683441162,-0.9370687540188647
UBFC_PHYS_s13_T2_ctrl,63,50,64.66666666666667,1.0535389184951782,-0.46544540351237584
UBFC_PHYS_s13_T2_ctrl,63,51,64.7,0.8810468912124634,0.06852415755678816
UBFC_PHYS_s13_T2_ctrl,63,52,64.73333333333333,0.5559688806533813,0.5672307858619817
UBFC_PHYS_s13_T2_ctrl,63,53,64.76666666666667,0.1436184048652649,0.9415516945319559
UBFC_PHYS_s13_T2_ctrl,63,54,64.8,-0.25662562251091003,1.1316876852386066
UBFC_PHYS_s13_T2_ctrl,63,55,64.83333333333333,-0.5690996050834656,1.1183239647819507
UBFC_PHYS_s13_T2_ctrl,63,56,64.86666666666666,-0.7407481074333191,0.9225689983917303
UBFC_PHYS_s13_T2_ctrl,63,57,64.9,-0.7415488362312317,0.5976719809433076
UBFC_PHYS_s13_T2_ctrl,63,58,64.93333333333334,-0.654002845287323,0.21641442898611668
UBFC_PHYS_s13_T2_ctrl,63,59,64.96666666666667,-0.6534261703491211,-0.1432651344868437
UBFC_PHYS_s13_T2_ctrl,63,60,65.0,-0.7987561821937561,-0.4126610610637911
UBFC_PHYS_s13_T2_ctrl,63,61,65.03333333333333,-0.9473450779914856,-0.54480446871746
UBFC_PHYS_s13_T2_ctrl,63,62,65.06666666666666,-0.9702168703079224,-0.5229246650101055
UBFC_PHYS_s13_T2_ctrl,63,63,65.1,-0.8969389796257019,-0.36281494527682046
UBFC_PHYS_s13_T2_ctrl,63,64,65.13333333333334,-0.7782108187675476,-0.10787197255578224
UBFC_PHYS_s13_T2_ctrl,63,65,65.16666666666667,-0.5817036032676697,0.18234868096077286
UBFC_PHYS_s13_T2_ctrl,63,66,65.2,-0.29963740706443787,0.4464300959515704
UBFC_PHYS_s13_T2_ctrl,63,67,65.23333333333333,-0.02702835015952587,0.6335247327261202
UBFC_PHYS_s13_T2_ctrl,63,68,65.26666666666667,0.150502011179924,0.7111748443946155
UBFC_PHYS_s13_T2_ctrl,63,69,65.3,0.23429806530475616,0.668577531463798
UBFC_PHYS_s13_T2_ctrl,63,70,65.33333333333333,0.23258128762245178,0.516369872096121
UBFC_PHYS_s13_T2_ctrl,63,71,65.36666666666666,0.15743502974510193,0.2836383945767805
UBFC_PHYS_s13_T2_ctrl,63,72,65.4,0.09931160509586334,0.012581586171685767
UBFC_PHYS_s13_T2_ctrl,63,73,65.43333333333334,0.14698277413845062,-0.24866027527482185
UBFC_PHYS_s13_T2_ctrl,63,74,65.46666666666667,0.260458379983902,-0.45438965094134426
UBFC_PHYS_s13_T2_ctrl,63,75,65.5,0.3475166857242584,-0.5702593765542715
UBFC_PHYS_s13_T2_ctrl,63,76,65.53333333333333,0.3911644518375397,-0.5816799746019842
UBFC_PHYS_s13_T2_ctrl,63,77,65.56666666666666,0.41124188899993896,-0.4996066350750066
UBFC_PHYS_s13_T2_ctrl,63,78,65.6,0.4062661826610565,-0.36026412818990317
UBFC_PHYS_s13_T2_ctrl,63,79,65.63333333333334,0.3859449028968811,-0.21618186480048554
UBFC_PHYS_s13_T2_ctrl,63,80,65.66666666666667,0.35282188653945923,-0.11991868996766941
UBFC_PHYS_s13_T2_ctrl,63,81,65.7,0.2829347252845764,-0.1061427730066351
UBFC_PHYS_s13_T2_ctrl,63,82,65.73333333333333,0.1763426959514618,-0.1788840486701407
UBFC_PHYS_s13_T2_ctrl,63,83,65.76666666666667,0.09028614312410355,-0.308605136609218
UBFC_PHYS_s13_T2_ctrl,63,84,65.8,0.11159927397966385,-0.4400855820969715
UBFC_PHYS_s13_T2_ctrl,63,85,65.83333333333333,0.2796856760978699,-0.5089710858011525
UBFC_PHYS_s13_T2_ctrl,63,86,65.86666666666666,0.538652777671814,-0.4630196015004976
UBFC_PHYS_s13_T2_ctrl,63,87,65.9,0.7801257967948914,-0.2824813146243896
UBFC_PHYS_s13_T2_ctrl,63,88,65.93333333333334,0.9291298985481262,0.00772406709590478
UBFC_PHYS_s13_T2_ctrl,63,89,65.96666666666667,0.9480870366096497,0.34083427702269364
UBFC_PHYS_s13_T2_ctrl,63,90,66.0,0.8214768767356873,0.6278702167025064
UBFC_PHYS_s13_T2_ctrl,63,91,66.03333333333333,0.6162176728248596,0.7878531766225007
UBFC_PHYS_s13_T2_ctrl,63,92,66.06666666666666,0.5007451772689819,0.7758432732860923
UBFC_PHYS_s13_T2_ctrl,63,93,66.1,0.6021769642829895,0.5963577014848818
UBFC_PHYS_s13_T2_ctrl,63,94,66.13333333333334,0.8899075388908386,0.29812529137627636
UBFC_PHYS_s13_T2_ctrl,63,95,66.16666666666667,1.1912109851837158,-0.044298780438243104
UBFC_PHYS_s13_T2_ctrl,63,96,66.2,1.3108880519866943,-0.3529103264307969
UBFC_PHYS_s13_T2_ctrl,63,97,66.23333333333333,1.176181674003601,-0.5652882676407222
UBFC_PHYS_s13_T2_ctrl,63,98,66.26666666666667,0.9123839139938354,-0.6462505938106959
UBFC_PHYS_s13_T2_ctrl,63,99,66.3,0.7452102303504944,-0.5909439874678175
UBFC_PHYS_s13_T2_ctrl,63,100,66.33333333333333,0.7847027778625488,-0.4202961160799228
UBFC_PHYS_s13_T2_ctrl,63,101,66.36666666666666,0.9779049754142761,-0.17145604564685266
UBFC_PHYS_s13_T2_ctrl,63,102,66.4,1.1980847120285034,0.11290854550850803
UBFC_PHYS_s13_T2_ctrl,63,103,66.43333333333334,1.3295519351959229,0.39282236802588566
UBFC_PHYS_s13_T2_ctrl,63,104,66.46666666666667,1.317705750465393,0.6352400696450424
UBFC_PHYS_s13_T2_ctrl,63,105,66.5,1.1875863075256348,0.8153267115716254
UBFC_PHYS_s13_T2_ctrl,63,106,66.53333333333333,1.0039763450622559,0.9168009356325867
UBFC_PHYS_s13_T2_ctrl,63,107,66.56666666666666,0.8149688839912415,0.9326141796781549
UBFC_PHYS_s13_T2_ctrl,63,108,66.6,0.640957772731781,0.8656927654076846
UBFC_PHYS_s13_T2_ctrl,63,109,66.63333333333334,0.49923598766326904,0.7284468472048656
UBFC_PHYS_s13_T2_ctrl,63,110,66.66666666666667,0.3959721028804779,0.5400536092287064
UBFC_PHYS_s13_T2_ctrl,63,111,66.7,0.308241605758667,0.32175827493205733
UBFC_PHYS_s13_T2_ctrl,63,112,66.73333333333333,0.2062825709581375,0.09165728344957755
UBFC_PHYS_s13_T2_ctrl,63,113,66.76666666666667,0.09126480668783188,-0.1390340697404337
UBFC_PHYS_s13_T2_ctrl,63,114,66.8,-0.01730761118233204,-0.36663246504161523
UBFC_PHYS_s13_T2_ctrl,63,115,66.83333333333333,-0.13067778944969177,-0.5921717630318232
UBFC_PHYS_s13_T2_ctrl,63,116,66.86666666666666,-0.27787286043167114,-0.8162263429310423
UBFC_PHYS_s13_T2_ctrl,63,117,66.9,-0.451399564743042,-1.0334270773380252
UBFC_PHYS_s13_T2_ctrl,63,118,66.93333333333334,-0.6155482530593872,-1.2286857438344572
UBFC_PHYS_s13_T2_ctrl,63,119,66.96666666666667,-0.7681704759597778,-1.3765319912405194
UBFC_PHYS_s13_T2_ctrl,63,120,67.0,-0.9401682615280151,-1.4443296316492267
UBFC_PHYS_s13_T2_ctrl,63,121,67.03333333333333,-1.1431372165679932,-1.3994156269488418
UBFC_PHYS_s13_T2_ctrl,63,122,67.06666666666666,-1.351694941520691,-1.2190823430274718
UBFC_PHYS_s13_T2_ctrl,63,123,67.1,-1.5032857656478882,-0.9007358865922385
UBFC_PHYS_s13_T2_ctrl,63,124,67.13333333333334,-1.5182127952575684,-0.4681582896534061
UBFC_PHYS_s13_T2_ctrl,63,125,67.16666666666667,-1.3717031478881836,0.029931387953470622
UBFC_PHYS_s13_T2_ctrl,63,126,67.2,-1.117089033126831,0.5300495185964245
UBFC_PHYS_s13_T2_ctrl,63,127,67.23333333333333,-0.8433529734611511,0.9697754946069298
UBFC_PHYS_s13_T2_ctrl,63,128,67.26666666666667,-0.6383606791496277,1.303026638070466
UBFC_PHYS_s13_T2_ctrl,63,129,67.3,-0.5243842005729675,1.508582354539193
UBFC_PHYS_s13_T2_ctrl,63,130,67.33333333333333,-0.4305049180984497,1.5892090596409882
UBFC_PHYS_s13_T2_ctrl,63,131,67.36666666666666,-0.30751287937164307,1.5634539965865526
UBFC_PHYS_s13_T2_ctrl,63,132,67.4,-0.225407212972641,1.4550870377362624
UBFC_PHYS_s13_T2_ctrl,63,133,67.43333333333334,-0.32596251368522644,1.2850605833348538
UBFC_PHYS_s13_T2_ctrl,63,134,67.46666666666667,-0.6599868535995483,1.0683704559770815
UBFC_PHYS_s13_T2_ctrl,63,135,67.5,-1.0232064723968506,0.8152808168770065
UBFC_PHYS_s13_T2_ctrl,63,136,67.53333333333333,-1.1174579858779907,0.5347246847254709
UBFC_PHYS_s13_T2_ctrl,63,137,67.56666666666666,-1.020916223526001,0.23740326289486147
UBFC_PHYS_s13_T2_ctrl,63,138,67.6,-1.016761064529419,-0.06335937887742293
UBFC_PHYS_s13_T2_ctrl,63,139,67.63333333333334,-1.1059150695800781,-0.3536138216175064
UBFC_PHYS_s13_T2_ctrl,63,140,67.66666666666667,-1.1422277688980103,-0.6223344346447044
UBFC_PHYS_s13_T2_ctrl,63,141,67.7,-1.2440385818481445,-0.8638934155578752
UBFC_PHYS_s13_T2_ctrl,63,142,67.73333333333333,-1.5860108137130737,-1.0771645965849679
UBFC_PHYS_s13_T2_ctrl,63,143,67.76666666666667,-1.992321252822876,-1.260921996775477
UBFC_PHYS_s13_T2_ctrl,63,144,67.8,-2.1083571910858154,-1.407759460703073
UBFC_PHYS_s13_T2_ctrl,63,145,67.83333333333333,-1.847904086112976,-1.500353165430269
UBFC_PHYS_s13_T2_ctrl,63,146,67.86666666666666,-1.374392032623291,-1.5133762086333973
UBFC_PHYS_s13_T2_ctrl,63,147,67.9,-0.8518116474151611,-1.4218863069670562
UBFC_PHYS_s13_T2_ctrl,63,148,67.93333333333334,-0.4126879572868347,-1.2135188025217578
UBFC_PHYS_s13_T2_ctrl,63,149,67.96666666666667,-0.15332217514514923,-0.8984849864602339
UBFC_PHYS_s13_T2_ctrl,63,150,68.0,0.029549647122621536,-0.5102979854168058
UBFC_PHYS_s13_T2_ctrl,63,151,68.03333333333333,0.3005276024341583,-0.09459342587264503
UBFC_PHYS_s13_T2_ctrl,63,152,68.06666666666666,0.5617683529853821,0.30750352045017226
UBFC_PHYS_s13_T2_ctrl,63,153,68.1,0.6947744488716125,0.6700470528960899
UBFC_PHYS_s13_T2_ctrl,63,154,68.13333333333334,0.8042464256286621,0.9809155767485156
UBFC_PHYS_s13_T2_ctrl,63,155,68.16666666666667,0.9823468327522278,1.232178598230398
UBFC_PHYS_s13_T2_ctrl,63,156,68.2,1.1936163902282715,1.4110385166575787
UBFC_PHYS_s13_T2_ctrl,63,157,68.23333333333333,1.4175328016281128,1.4982420910540943
UBFC_PHYS_s13_T2_ctrl,63,158,68.26666666666667,1.5977323055267334,1.4747539602937596
UBFC_PHYS_s13_T2_ctrl,63,159,68.3,1.6029452085494995,1.3319119686150798
UBFC_PHYS_s13_T2_ctrl,63,160,68.33333333333333,1.4143760204315186,1.0787724144788546
UBFC_PHYS_s13_T2_ctrl,63,161,68.36666666666666,1.1373580694198608,0.7429489740649551
UBFC_PHYS_s13_T2_ctrl,63,162,68.4,0.85652095079422,0.3654373493913755
UBFC_PHYS_s13_T2_ctrl,63,163,68.43333333333334,0.5977944135665894,-0.007547446635532422
UBFC_PHYS_s13_T2_ctrl,63,164,68.46666666666667,0.37761470675468445,-0.3332190692239649
UBFC_PHYS_s13_T2_ctrl,63,165,68.5,0.21544642746448517,-0.580232879288711
UBFC_PHYS_s13_T2_ctrl,63,166,68.53333333333333,0.11176732927560806,-0.7347997587701379
UBFC_PHYS_s13_T2_ctrl,63,167,68.56666666666666,0.034581366926431656,-0.802825649334633
UBFC_PHYS_s13_T2_ctrl,63,168,68.6,-0.04403799772262573,-0.8064533188423698
UBFC_PHYS_s13_T2_ctrl,63,169,68.63333333333334,-0.12577788531780243,-0.7754172381727771
UBFC_PHYS_s13_T2_ctrl,63,170,68.66666666666667,-0.19315414130687714,-0.7361622637104844
UBFC_PHYS_s13_T2_ctrl,63,171,68.7,-0.21615439653396606,-0.703028043556056
UBFC_PHYS_s13_T2_ctrl,63,172,68.73333333333333,-0.171636700630188,-0.6748873509351304
UBFC_PHYS_s13_T2_ctrl,63,173,68.76666666666667,-0.08131621032953262,-0.6380332993203011
UBFC_PHYS_s13_T2_ctrl,63,174,68.8,-0.004545433446764946,-0.5733698435367258
UBFC_PHYS_s13_T2_ctrl,63,175,68.83333333333333,0.029038896784186363,-0.46452418774351173
UBFC_PHYS_s13_T2_ctrl,63,176,68.86666666666666,0.032950259745121,-0.30396749571359827
UBFC_PHYS_s13_T2_ctrl,63,177,68.9,0.024379532784223557,-0.09588305551432658
UBFC_PHYS_s13_T2_ctrl,63,178,68.93333333333334,0.007323754020035267,0.14393530549838524
UBFC_PHYS_s13_T2_ctrl,63,179,68.96666666666667,-0.009297062642872334,0.3903964088923962
UBFC_PHYS_s13_T2_ctrl,63,180,69.0,-0.011672877706587315,0.6134250011413045
UBFC_PHYS_s13_T2_ctrl,63,181,69.03333333333333,-0.004285115282982588,0.7843323664493486
UBFC_PHYS_s13_T2_ctrl,63,182,69.06666666666666,-0.003685395233333111,0.8832770096320951
UBFC_PHYS_s13_T2_ctrl,63,183,69.1,-0.011781617999076843,0.9052137989944273
UBFC_PHYS_s13_T2_ctrl,63,184,69.13333333333334,-0.025542229413986206,0.8610797912135579
UBFC_PHYS_s13_T2_ctrl,63,185,69.16666666666667,-0.05017688870429993,0.7725896701745193
UBFC_PHYS_s13_T2_ctrl,63,186,69.2,-0.08352067321538925,0.6625724162349846
UBFC_PHYS_s13_T2_ctrl,63,187,69.23333333333333,-0.1078653559088707,0.545587922659173
UBFC_PHYS_s13_T2_ctrl,63,188,69.26666666666667,-0.11353633552789688,0.4233067680440154
UBFC_PHYS_s13_T2_ctrl,63,189,69.3,-0.11197113245725632,0.28648912434334994
UBFC_PHYS_s13_T2_ctrl,63,190,69.33333333333333,-0.11334522068500519,0.12237626596133985
UBFC_PHYS_s13_T2_ctrl,63,191,69.36666666666666,-0.1148313358426094,-0.07580979472481429
UBFC_PHYS_s13_T2_ctrl,63,192,69.4,-0.11110121011734009,-0.30122804943148856
UBFC_PHYS_s13_T2_ctrl,63,193,69.43333333333334,-0.09215730428695679,-0.5307123715828762
UBFC_PHYS_s13_T2_ctrl,63,194,69.46666666666667,-0.04036059230566025,-0.7280994432311615
UBFC_PHYS_s13_T2_ctrl,63,195,69.5,0.04487216845154762,-0.8527784654890118
UBFC_PHYS_s13_T2_ctrl,63,196,69.53333333333333,0.13601316511631012,-0.8714600407809252
UBFC_PHYS_s13_T2_ctrl,63,197,69.56666666666666,0.21486647427082062,-0.7700627568071791
UBFC_PHYS_s13_T2_ctrl,63,198,69.6,0.28504031896591187,-0.5614141703864255
UBFC_PHYS_s13_T2_ctrl,63,199,69.63333333333334,0.34394800662994385,-0.28488855187191037
UBFC_PHYS_s13_T2_ctrl,63,200,69.66666666666667,0.4107673764228821,0.0027299691934822242
UBFC_PHYS_s13_T2_ctrl,63,201,69.7,0.5627832412719727,0.24187140005027385
UBFC_PHYS_s13_T2_ctrl,63,202,69.73333333333333,0.8190845847129822,0.3848986572420948
UBFC_PHYS_s13_T2_ctrl,63,203,69.76666666666667,1.0368719100952148,0.40631431859061073
UBFC_PHYS_s13_T2_ctrl,63,204,69.8,1.0494661331176758,0.30664922556100405
UBFC_PHYS_s13_T2_ctrl,63,205,69.83333333333333,0.8311646580696106,0.11082074248397619
UBFC_PHYS_s13_T2_ctrl,63,206,69.86666666666666,0.47671353816986084,-0.13745553509450714
UBFC_PHYS_s13_T2_ctrl,63,207,69.9,0.16117504239082336,-0.3839261476510703
UBFC_PHYS_s13_T2_ctrl,63,208,69.93333333333334,0.003198206191882491,-0.5736298929976122
UBFC_PHYS_s13_T2_ctrl,63,209,69.96666666666667,-0.09742297977209091,-0.6613424972961078
UBFC_PHYS_s13_T2_ctrl,63,210,70.0,-0.3336929678916931,-0.6219431171030102
UBFC_PHYS_s13_T2_ctrl,63,211,70.03333333333333,-0.7260681390762329,-0.45921022406621675
UBFC_PHYS_s13_T2_ctrl,63,212,70.06666666666666,-1.106175422668457,-0.20943005299473924
UBFC_PHYS_s13_T2_ctrl,63,213,70.1,-1.3295382261276245,0.06474413930804566
UBFC_PHYS_s13_T2_ctrl,63,214,70.13333333333334,-1.3509601354599,0.2919689207237492
UBFC_PHYS_s13_T2_ctrl,63,215,70.16666666666667,-1.2204055786132812,0.41702775079576515
UBFC_PHYS_s13_T2_ctrl,63,216,70.2,-1.0502630472183228,0.4222798791348114
UBFC_PHYS_s13_T2_ctrl,63,217,70.23333333333333,-0.9136717915534973,0.33482745564224425
UBFC_PHYS_s13_T2_ctrl,63,218,70.26666666666667,-0.7778944969177246,0.21578975255822705
UBFC_PHYS_s13_T2_ctrl,63,219,70.3,-0.6092017889022827,0.13694147613102883
UBFC_PHYS_s13_T2_ctrl,63,220,70.33333333333333,-0.4611005485057831,0.15387258479663674
UBFC_PHYS_s13_T2_ctrl,63,221,70.36666666666666,-0.37114250659942627,0.28461641493195194
UBFC_PHYS_s13_T2_ctrl,63,222,70.4,-0.3062804639339447,0.5012636849445594
UBFC_PHYS_s13_T2_ctrl,63,223,70.43333333333334,-0.253320574760437,0.738395473383409
UBFC_PHYS_s13_T2_ctrl,63,224,70.46666666666667,-0.25265493988990784,0.9154114079133626
UBFC_PHYS_s13_T2_ctrl,63,225,70.5,-0.3193589746952057,0.9637040412888479
UBFC_PHYS_s13_T2_ctrl,63,226,70.53333333333333,-0.4022587835788727,0.8482488720159304
UBFC_PHYS_s13_T2_ctrl,63,227,70.56666666666666,-0.43926018476486206,0.5766530415717062
UBFC_PHYS_s13_T2_ctrl,63,228,70.6,-0.4250744879245758,0.19445493558800545
UBFC_PHYS_s13_T2_ctrl,63,229,70.63333333333334,-0.4087766110897064,-0.22959327723012482
UBFC_PHYS_s13_T2_ctrl,63,230,70.66666666666667,-0.4319712817668915,-0.622345173910483
UBFC_PHYS_s13_T2_ctrl,63,231,70.7,-0.4725545346736908,-0.9235348444451644
UBFC_PHYS_s13_T2_ctrl,63,232,70.73333333333333,-0.4753224849700928,-1.0973878179680105
UBFC_PHYS_s13_T2_ctrl,63,233,70.76666666666667,-0.4298129379749298,-1.1367148318553066
UBFC_PHYS_s13_T2_ctrl,63,234,70.8,-0.3908805549144745,-1.06007130190207
UBFC_PHYS_s13_T2_ctrl,63,235,70.83333333333333,-0.40626898407936096,-0.903768667748566
UBFC_PHYS_s13_T2_ctrl,63,236,70.86666666666666,-0.44827577471733093,-0.7102114164982656
UBFC_PHYS_s13_T2_ctrl,63,237,70.9,-0.42911767959594727,-0.5145331300709733
UBFC_PHYS_s13_T2_ctrl,63,238,70.93333333333334,-0.2920980751514435,-0.33392474159715435
UBFC_PHYS_s13_T2_ctrl,63,239,70.96666666666667,-0.06324881315231323,-0.16501834147276453
UBFC_PHYS_s13_T2_ctrl,64,0,64.0,-2.180551052093506,0.06760573546526799
UBFC_PHYS_s13_T2_ctrl,64,1,64.03333333333333,-1.8035215139389038,0.13205313588428966
UBFC_PHYS_s13_T2_ctrl,64,2,64.06666666666666,-1.3592177629470825,0.19151405469427943
UBFC_PHYS_s13_T2_ctrl,64,3,64.1,-0.8935976624488831,0.24608741726889657
UBFC_PHYS_s13_T2_ctrl,64,4,64.13333333333334,-0.4961380362510681,0.3012235208936383
UBFC_PHYS_s13_T2_ctrl,64,5,64.16666666666667,-0.2013590931892395,0.36716589398735633
UBFC_PHYS_s13_T2_ctrl,64,6,64.2,-0.0016193262999877334,0.45527681956103216
UBFC_PHYS_s13_T2_ctrl,64,7,64.23333333333333,0.08072686940431595,0.5719496080895088
UBFC_PHYS_s13_T2_ctrl,64,8,64.26666666666667,0.028511669486761093,0.7120722578174933
UBFC_PHYS_s13_T2_ctrl,64,9,64.3,-0.06793124228715897,0.8548673767811086
UBFC_PHYS_s13_T2_ctrl,64,10,64.33333333333333,-0.02393089421093464,0.964864989191025
UBFC_PHYS_s13_T2_ctrl,64,11,64.36666666666666,0.24995340406894684,0.9993179615896918
UBFC_PHYS_s13_T2_ctrl,64,12,64.4,0.613980233669281,0.92073371214663
UBFC_PHYS_s13_T2_ctrl,64,13,64.43333333333334,0.8328616619110107,0.7105773019950216
UBFC_PHYS_s13_T2_ctrl,64,14,64.46666666666667,0.8093901872634888,0.37904948547208744
UBFC_PHYS_s13_T2_ctrl,64,15,64.5,0.6467012763023376,-0.03306181060094689
UBFC_PHYS_s13_T2_ctrl,64,16,64.53333333333333,0.5462283492088318,-0.46150137675138203
UBFC_PHYS_s13_T2_ctrl,64,17,64.56666666666666,0.6343674659729004,-0.832546042256971
UBFC_PHYS_s13_T2_ctrl,64,18,64.6,0.8567285537719727,-1.0799962099551121
UBFC_PHYS_s13_T2_ctrl,64,19,64.63333333333334,1.0393235683441162,-1.1608300289506697
UBFC_PHYS_s13_T2_ctrl,64,20,64.66666666666667,1.0535389184951782,-1.0655949731132275
UBFC_PHYS_s13_T2_ctrl,64,21,64.7,0.8810468912124634,-0.8209453357245872
UBFC_PHYS_s13_T2_ctrl,64,22,64.73333333333333,0.5559688806533813,-0.48394496540277876
UBFC_PHYS_s13_T2_ctrl,64,23,64.76666666666667,0.1436184048652649,-0.1298857844193893
UBFC_PHYS_s13_T2_ctrl,64,24,64.8,-0.25662562251091003,0.16349413272724211
UBFC_PHYS_s13_T2_ctrl,64,25,64.83333333333333,-0.5690996050834656,0.33232565696373456
UBFC_PHYS_s13_T2_ctrl,64,26,64.86666666666666,-0.7407481074333191,0.34061930372090626
UBFC_PHYS_s13_T2_ctrl,64,27,64.9,-0.7415488362312317,0.18937502880883952
UBFC_PHYS_s13_T2_ctrl,64,28,64.93333333333334,-0.654002845287323,-0.08150953047554567
UBFC_PHYS_s13_T2_ctrl,64,29,64.96666666666667,-0.6534261703491211,-0.3999378503174792
UBFC_PHYS_s13_T2_ctrl,64,30,65.0,-0.7987561821937561,-0.6765289096671279
UBFC_PHYS_s13_T2_ctrl,64,31,65.03333333333333,-0.9473450779914856,-0.8252855924966706
UBFC_PHYS_s13_T2_ctrl,64,32,65.06666666666666,-0.9702168703079224,-0.7859179119716349
UBFC_PHYS_s13_T2_ctrl,64,33,65.1,-0.8969389796257019,-0.542428889405419
UBFC_PHYS_s13_T2_ctrl,64,34,65.13333333333334,-0.7782108187675476,-0.13187518576210572
UBFC_PHYS_s13_T2_ctrl,64,35,65.16666666666667,-0.5817036032676697,0.36139637630023347
UBFC_PHYS_s13_T2_ctrl,64,36,65.2,-0.29963740706443787,0.8263971771098341
UBFC_PHYS_s13_T2_ctrl,64,37,65.23333333333333,-0.02702835015952587,1.1556360634703235
UBFC_PHYS_s13_T2_ctrl,64,38,65.26666666666667,0.150502011179924,1.275051451202349
UBFC_PHYS_s13_T2_ctrl,64,39,65.3,0.23429806530475616,1.163763243912091
UBFC_PHYS_s13_T2_ctrl,64,40,65.33333333333333,0.23258128762245178,0.8579227595394701
UBFC_PHYS_s13_T2_ctrl,64,41,65.36666666666666,0.15743502974510193,0.4389781904988541
UBFC_PHYS_s13_T2_ctrl,64,42,65.4,0.09931160509586334,0.011192259050303162
UBFC_PHYS_s13_T2_ctrl,64,43,65.43333333333334,0.14698277413845062,-0.32487774550811915
UBFC_PHYS_s13_T2_ctrl,64,44,65.46666666666667,0.260458379983902,-0.49651261309855205
UBFC_PHYS_s13_T2_ctrl,64,45,65.5,0.3475166857242584,-0.47562552096306654
UBFC_PHYS_s13_T2_ctrl,64,46,65.53333333333333,0.3911644518375397,-0.2850311392151242
UBFC_PHYS_s13_T2_ctrl,64,47,65.56666666666666,0.41124188899993896,0.007409877968540909
UBFC_PHYS_s13_T2_ctrl,64,48,65.6,0.4062661826610565,0.3065685813676124
UBFC_PHYS_s13_T2_ctrl,64,49,65.63333333333334,0.3859449028968811,0.5163083624727363
UBFC_PHYS_s13_T2_ctrl,64,50,65.66666666666667,0.35282188653945923,0.566541528932227
UBFC_PHYS_s13_T2_ctrl,64,51,65.7,0.2829347252845764,0.43195219647246724
UBFC_PHYS_s13_T2_ctrl,64,52,65.73333333333333,0.1763426959514618,0.13706956724607447
UBFC_PHYS_s13_T2_ctrl,64,53,65.76666666666667,0.09028614312410355,-0.2518308419412063
UBFC_PHYS_s13_T2_ctrl,64,54,65.8,0.11159927397966385,-0.6440928372131056
UBFC_PHYS_s13_T2_ctrl,64,55,65.83333333333333,0.2796856760978699,-0.946766640311416
UBFC_PHYS_s13_T2_ctrl,64,56,65.86666666666666,0.538652777671814,-1.0872370230748585
UBFC_PHYS_s13_T2_ctrl,64,57,65.9,0.7801257967948914,-1.032179117822011
UBFC_PHYS_s13_T2_ctrl,64,58,65.93333333333334,0.9291298985481262,-0.7980552208496439
UBFC_PHYS_s13_T2_ctrl,64,59,65.96666666666667,0.9480870366096497,-0.44860098377332486
UBFC_PHYS_s13_T2_ctrl,64,60,66.0,0.8214768767356873,-0.07745472536288282
UBFC_PHYS_s13_T2_ctrl,64,61,66.03333333333333,0.6162176728248596,0.22021881535224014
UBFC_PHYS_s13_T2_ctrl,64,62,66.06666666666666,0.5007451772689819,0.3768295567913772
UBFC_PHYS_s13_T2_ctrl,64,63,66.1,0.6021769642829895,0.3702719878014013
UBFC_PHYS_s13_T2_ctrl,64,64,66.13333333333334,0.8899075388908386,0.2247136902494635
UBFC_PHYS_s13_T2_ctrl,64,65,66.16666666666667,1.1912109851837158,-0.003012009542860303
UBFC_PHYS_s13_T2_ctrl,64,66,66.2,1.3108880519866943,-0.24372028219636588
UBFC_PHYS_s13_T2_ctrl,64,67,66.23333333333333,1.176181674003601,-0.43489998164230625
UBFC_PHYS_s13_T2_ctrl,64,68,66.26666666666667,0.9123839139938354,-0.532848772828684
UBFC_PHYS_s13_T2_ctrl,64,69,66.3,0.7452102303504944,-0.516052164029258
UBFC_PHYS_s13_T2_ctrl,64,70,66.33333333333333,0.7847027778625488,-0.3818512557864393
UBFC_PHYS_s13_T2_ctrl,64,71,66.36666666666666,0.9779049754142761,-0.14089751428147915
UBFC_PHYS_s13_T2_ctrl,64,72,66.4,1.1980847120285034,0.18626745199067443
UBFC_PHYS_s13_T2_ctrl,64,73,66.43333333333334,1.3295519351959229,0.5687733746143372
UBFC_PHYS_s13_T2_ctrl,64,74,66.46666666666667,1.317705750465393,0.9630725133911715
UBFC_PHYS_s13_T2_ctrl,64,75,66.5,1.1875863075256348,1.3133208281703044
UBFC_PHYS_s13_T2_ctrl,64,76,66.53333333333333,1.0039763450622559,1.5588973726183164
UBFC_PHYS_s13_T2_ctrl,64,77,66.56666666666666,0.8149688839912415,1.6493908629775667
UBFC_PHYS_s13_T2_ctrl,64,78,66.6,0.640957772731781,1.5612265072559148
UBFC_PHYS_s13_T2_ctrl,64,79,66.63333333333334,0.49923598766326904,1.3070078659779927
UBFC_PHYS_s13_T2_ctrl,64,80,66.66666666666667,0.3959721028804779,0.9319994783091099
UBFC_PHYS_s13_T2_ctrl,64,81,66.7,0.308241605758667,0.4990993926376402
UBFC_PHYS_s13_T2_ctrl,64,82,66.73333333333333,0.2062825709581375,0.0690661985609167
UBFC_PHYS_s13_T2_ctrl,64,83,66.76666666666667,0.09126480668783188,-0.31577192846673363
UBFC_PHYS_s13_T2_ctrl,64,84,66.8,-0.01730761118233204,-0.638474951693279
UBFC_PHYS_s13_T2_ctrl,64,85,66.83333333333333,-0.13067778944969177,-0.9038025094610166
UBFC_PHYS_s13_T2_ctrl,64,86,66.86666666666666,-0.27787286043167114,-1.1269928887133167
UBFC_PHYS_s13_T2_ctrl,64,87,66.9,-0.451399564743042,-1.3205998620272894
UBFC_PHYS_s13_T2_ctrl,64,88,66.93333333333334,-0.6155482530593872,-1.4847822948361165
UBFC_PHYS_s13_T2_ctrl,64,89,66.96666666666667,-0.7681704759597778,-1.6042699609351792
UBFC_PHYS_s13_T2_ctrl,64,90,67.0,-0.9401682615280151,-1.6523980797917566
UBFC_PHYS_s13_T2_ctrl,64,91,67.03333333333333,-1.1431372165679932,-1.6001510684308529
UBFC_PHYS_s13_T2_ctrl,64,92,67.06666666666666,-1.351694941520691,-1.4267285122884223
UBFC_PHYS_s13_T2_ctrl,64,93,67.1,-1.5032857656478882,-1.1280532337909146
UBFC_PHYS_s13_T2_ctrl,64,94,67.13333333333334,-1.5182127952575684,-0.7207427095527987
UBFC_PHYS_s13_T2_ctrl,64,95,67.16666666666667,-1.3717031478881836,-0.24074156747371966
UBFC_PHYS_s13_T2_ctrl,64,96,67.2,-1.117089033126831,0.26264861625803165
UBFC_PHYS_s13_T2_ctrl,64,97,67.23333333333333,-0.8433529734611511,0.735648630919006
UBFC_PHYS_s13_T2_ctrl,64,98,67.26666666666667,-0.6383606791496277,1.129747346632205
UBFC_PHYS_s13_T2_ctrl,64,99,67.3,-0.5243842005729675,1.410152605220588
UBFC_PHYS_s13_T2_ctrl,64,100,67.33333333333333,-0.4305049180984497,1.5607980167777982
UBFC_PHYS_s13_T2_ctrl,64,101,67.36666666666666,-0.30751287937164307,1.584576545745807
UBFC_PHYS_s13_T2_ctrl,64,102,67.4,-0.225407212972641,1.4993038019978964
UBFC_PHYS_s13_T2_ctrl,64,103,67.43333333333334,-0.32596251368522644,1.3313920528042935
UBFC_PHYS_s13_T2_ctrl,64,104,67.46666666666667,-0.6599868535995483,1.109196766054423
UBFC_PHYS_s13_T2_ctrl,64,105,67.5,-1.0232064723968506,0.8572723805337193
UBFC_PHYS_s13_T2_ctrl,64,106,67.53333333333333,-1.1174579858779907,0.592470923219623
UBFC_PHYS_s13_T2_ctrl,64,107,67.56666666666666,-1.020916223526001,0.32270669020913395
UBFC_PHYS_s13_T2_ctrl,64,108,67.6,-1.016761064529419,0.048691059052591974
UBFC_PHYS_s13_T2_ctrl,64,109,67.63333333333334,-1.1059150695800781,-0.23179159382674902
UBFC_PHYS_s13_T2_ctrl,64,110,67.66666666666667,-1.1422277688980103,-0.5180620317456881
UBFC_PHYS_s13_T2_ctrl,64,111,67.7,-1.2440385818481445,-0.8006908131845151
UBFC_PHYS_s13_T2_ctrl,64,112,67.73333333333333,-1.5860108137130737,-1.0577043769110555
UBFC_PHYS_s13_T2_ctrl,64,113,67.76666666666667,-1.992321252822876,-1.255214208008684
UBFC_PHYS_s13_T2_ctrl,64,114,67.8,-2.1083571910858154,-1.3541282059951716
UBFC_PHYS_s13_T2_ctrl,64,115,67.83333333333333,-1.847904086112976,-1.322414579673482
UBFC_PHYS_s13_T2_ctrl,64,116,67.86666666666666,-1.374392032623291,-1.1491859751522497
UBFC_PHYS_s13_T2_ctrl,64,117,67.9,-0.8518116474151611,-0.854604931463775
UBFC_PHYS_s13_T2_ctrl,64,118,67.93333333333334,-0.4126879572868347,-0.49009565837914776
UBFC_PHYS_s13_T2_ctrl,64,119,67.96666666666667,-0.15332217514514923,-0.12660468364834532
UBFC_PHYS_s13_T2_ctrl,64,120,68.0,0.029549647122621536,0.1665071471772534
UBFC_PHYS_s13_T2_ctrl,64,121,68.03333333333333,0.3005276024341583,0.3444325804452516
UBFC_PHYS_s13_T2_ctrl,64,122,68.06666666666666,0.5617683529853821,0.4015261326671811
UBFC_PHYS_s13_T2_ctrl,64,123,68.1,0.6947744488716125,0.3700131626934794
UBFC_PHYS_s13_T2_ctrl,64,124,68.13333333333334,0.8042464256286621,0.3034983017125775
UBFC_PHYS_s13_T2_ctrl,64,125,68.16666666666667,0.9823468327522278,0.25403144910521464
UBFC_PHYS_s13_T2_ctrl,64,126,68.2,1.1936163902282715,0.25357441699672834
UBFC_PHYS_s13_T2_ctrl,64,127,68.23333333333333,1.4175328016281128,0.30685826659572646
UBFC_PHYS_s13_T2_ctrl,64,128,68.26666666666667,1.5977323055267334,0.3962959583761719
UBFC_PHYS_s13_T2_ctrl,64,129,68.3,1.6029452085494995,0.4941518698971381
UBFC_PHYS_s13_T2_ctrl,64,130,68.33333333333333,1.4143760204315186,0.5748502901643259
UBFC_PHYS_s13_T2_ctrl,64,131,68.36666666666666,1.1373580694198608,0.6219089806387088
UBFC_PHYS_s13_T2_ctrl,64,132,68.4,0.85652095079422,0.6282822065756141
UBFC_PHYS_s13_T2_ctrl,64,133,68.43333333333334,0.5977944135665894,0.5927730490997125
UBFC_PHYS_s13_T2_ctrl,64,134,68.46666666666667,0.37761470675468445,0.5162081663083407
UBFC_PHYS_s13_T2_ctrl,64,135,68.5,0.21544642746448517,0.3997913072129114
UBFC_PHYS_s13_T2_ctrl,64,136,68.53333333333333,0.11176732927560806,0.24621241782097797
UBFC_PHYS_s13_T2_ctrl,64,137,68.56666666666666,0.034581366926431656,0.06252457478924085
UBFC_PHYS_s13_T2_ctrl,64,138,68.6,-0.04403799772262573,-0.13720967709713963
UBFC_PHYS_s13_T2_ctrl,64,139,68.63333333333334,-0.12577788531780243,-0.3316151862710814
UBFC_PHYS_s13_T2_ctrl,64,140,68.66666666666667,-0.19315414130687714,-0.4952295488229846
UBFC_PHYS_s13_T2_ctrl,64,141,68.7,-0.21615439653396606,-0.6047834392656511
UBFC_PHYS_s13_T2_ctrl,64,142,68.73333333333333,-0.171636700630188,-0.6463655157730025
UBFC_PHYS_s13_T2_ctrl,64,143,68.76666666666667,-0.08131621032953262,-0.6204484770015968
UBFC_PHYS_s13_T2_ctrl,64,144,68.8,-0.004545433446764946,-0.5423132910518124
UBFC_PHYS_s13_T2_ctrl,64,145,68.83333333333333,0.029038896784186363,-0.43720673538881044
UBFC_PHYS_s13_T2_ctrl,64,146,68.86666666666666,0.032950259745121,-0.3318230661989523
UBFC_PHYS_s13_T2_ctrl,64,147,68.9,0.024379532784223557,-0.24535188750235695
UBFC_PHYS_s13_T2_ctrl,64,148,68.93333333333334,0.007323754020035267,-0.18357236740426439
UBFC_PHYS_s13_T2_ctrl,64,149,68.96666666666667,-0.009297062642872334,-0.1382145737336213
UBFC_PHYS_s13_T2_ctrl,64,150,69.0,-0.011672877706587315,-0.09161106850512636
UBFC_PHYS_s13_T2_ctrl,64,151,69.03333333333333,-0.004285115282982588,-0.024477861198918933
UBFC_PHYS_s13_T2_ctrl,64,152,69.06666666666666,-0.003685395233333111,0.07648743463732309
UBFC_PHYS_s13_T2_ctrl,64,153,69.1,-0.011781617999076843,0.21389654339190384
UBFC_PHYS_s13_T2_ctrl,64,154,69.13333333333334,-0.025542229413986206,0.37849938036810826
UBFC_PHYS_s13_T2_ctrl,64,155,69.16666666666667,-0.05017688870429993,0.5504119964023341
UBFC_PHYS_s13_T2_ctrl,64,156,69.2,-0.08352067321538925,0.7014892906113273
UBFC_PHYS_s13_T2_ctrl,64,157,69.23333333333333,-0.1078653559088707,0.7986382087144128
UBFC_PHYS_s13_T2_ctrl,64,158,69.26666666666667,-0.11353633552789688,0.8087372363621071
UBFC_PHYS_s13_T2_ctrl,64,159,69.3,-0.11197113245725632,0.7057225668521863
UBFC_PHYS_s13_T2_ctrl,64,160,69.33333333333333,-0.11334522068500519,0.47926754544236466
UBFC_PHYS_s13_T2_ctrl,64,161,69.36666666666666,-0.1148313358426094,0.14291062292851514
UBFC_PHYS_s13_T2_ctrl,64,162,69.4,-0.11110121011734009,-0.2616332662855671
UBFC_PHYS_s13_T2_ctrl,64,163,69.43333333333334,-0.09215730428695679,-0.6671891018341852
UBFC_PHYS_s13_T2_ctrl,64,164,69.46666666666667,-0.04036059230566025,-0.9925009605402422
UBFC_PHYS_s13_T2_ctrl,64,165,69.5,0.04487216845154762,-1.1609847349414892
UBFC_PHYS_s13_T2_ctrl,64,166,69.53333333333333,0.13601316511631012,-1.1222040755612923
UBFC_PHYS_s13_T2_ctrl,64,167,69.56666666666666,0.21486647427082062,-0.8692376534166542
UBFC_PHYS_s13_T2_ctrl,64,168,69.6,0.28504031896591187,-0.44545336438394506
UBFC_PHYS_s13_T2_ctrl,64,169,69.63333333333334,0.34394800662994385,0.06281233072033511
UBFC_PHYS_s13_T2_ctrl,64,170,69.66666666666667,0.4107673764228821,0.5465317769692419
UBFC_PHYS_s13_T2_ctrl,64,171,69.7,0.5627832412719727,0.9014147465760979
UBFC_PHYS_s13_T2_ctrl,64,172,69.73333333333333,0.8190845847129822,1.0538540035770072
UBFC_PHYS_s13_T2_ctrl,64,173,69.76666666666667,1.0368719100952148,0.977318595211508
UBFC_PHYS_s13_T2_ctrl,64,174,69.8,1.0494661331176758,0.6951519002637327
UBFC_PHYS_s13_T2_ctrl,64,175,69.83333333333333,0.8311646580696106,0.2710146662171647
UBFC_PHYS_s13_T2_ctrl,64,176,69.86666666666666,0.47671353816986084,-0.2080303600036718
UBFC_PHYS_s13_T2_ctrl,64,177,69.9,0.16117504239082336,-0.6500819854810008
UBFC_PHYS_s13_T2_ctrl,64,178,69.93333333333334,0.003198206191882491,-0.9748860027285056
UBFC_PHYS_s13_T2_ctrl,64,179,69.96666666666667,-0.09742297977209091,-1.1270474893054216
UBFC_PHYS_s13_T2_ctrl,64,180,70.0,-0.3336929678916931,-1.0857462424005848
UBFC_PHYS_s13_T2_ctrl,64,181,70.03333333333333,-0.7260681390762329,-0.8698252134341545
UBFC_PHYS_s13_T2_ctrl,64,182,70.06666666666666,-1.106175422668457,-0.5356166238453135
UBFC_PHYS_s13_T2_ctrl,64,183,70.1,-1.3295382261276245,-0.1647905439222429
UBFC_PHYS_s13_T2_ctrl,64,184,70.13333333333334,-1.3509601354599,0.15769789401952042
UBFC_PHYS_s13_T2_ctrl,64,185,70.16666666666667,-1.2204055786132812,0.3701320263959421
UBFC_PHYS_s13_T2_ctrl,64,186,70.2,-1.0502630472183228,0.45450705940258135
UBFC_PHYS_s13_T2_ctrl,64,187,70.23333333333333,-0.9136717915534973,0.4406421925162173
UBFC_PHYS_s13_T2_ctrl,64,188,70.26666666666667,-0.7778944969177246,0.39114981399027476
UBFC_PHYS_s13_T2_ctrl,64,189,70.3,-0.6092017889022827,0.3741098030256782
UBFC_PHYS_s13_T2_ctrl,64,190,70.33333333333333,-0.4611005485057831,0.43542593084942355
UBFC_PHYS_s13_T2_ctrl,64,191,70.36666666666666,-0.37114250659942627,0.5818482664581901
UBFC_PHYS_s13_T2_ctrl,64,192,70.4,-0.3062804639339447,0.780319636419541
UBFC_PHYS_s13_T2_ctrl,64,193,70.43333333333334,-0.253320574760437,0.9721567090460568
UBFC_PHYS_s13_T2_ctrl,64,194,70.46666666666667,-0.25265493988990784,1.094527407501519
UBFC_PHYS_s13_T2_ctrl,64,195,70.5,-0.3193589746952057,1.0997519748418259
UBFC_PHYS_s13_T2_ctrl,64,196,70.53333333333333,-0.4022587835788727,0.9660438492993572
UBFC_PHYS_s13_T2_ctrl,64,197,70.56666666666666,-0.43926018476486206,0.6986753974889506
UBFC_PHYS_s13_T2_ctrl,64,198,70.6,-0.4250744879245758,0.32462765689285555
UBFC_PHYS_s13_T2_ctrl,64,199,70.63333333333334,-0.4087766110897064,-0.11484986405502853
UBFC_PHYS_s13_T2_ctrl,64,200,70.66666666666667,-0.4319712817668915,-0.5703914927699728
UBFC_PHYS_s13_T2_ctrl,64,201,70.7,-0.4725545346736908,-0.9885395692400918
UBFC_PHYS_s13_T2_ctrl,64,202,70.73333333333333,-0.4753224849700928,-1.3153848590981956
UBFC_PHYS_s13_T2_ctrl,64,203,70.76666666666667,-0.4298129379749298,-1.5024616719696486
UBFC_PHYS_s13_T2_ctrl,64,204,70.8,-0.3908805549144745,-1.515954862267477
UBFC_PHYS_s13_T2_ctrl,64,205,70.83333333333333,-0.40626898407936096,-1.3473091465038802
UBFC_PHYS_s13_T2_ctrl,64,206,70.86666666666666,-0.44827577471733093,-1.0208948154161679
UBFC_PHYS_s13_T2_ctrl,64,207,70.9,-0.42911767959594727,-0.5938774655321023
UBFC_PHYS_s13_T2_ctrl,64,208,70.93333333333334,-0.2920980751514435,-0.1455127495621054
UBFC_PHYS_s13_T2_ctrl,64,209,70.96666666666667,-0.06324881315231323,0.24241523258951053
UBFC_PHYS_s13_T2_ctrl,64,210,71.0,0.20808173716068268,0.5072248586234384
UBFC_PHYS_s13_T2_ctrl,64,211,71.03333333333333,0.5008407235145569,0.6204152851175192
UBFC_PHYS_s13_T2_ctrl,64,212,71.06666666666666,0.7744218707084656,0.5909819795896811
UBFC_PHYS_s13_T2_ctrl,64,213,71.1,0.9602198004722595,0.45747974071567116
UBFC_PHYS_s13_T2_ctrl,64,214,71.13333333333334,1.032558560371399,0.27333159868738577
UBFC_PHYS_s13_T2_ctrl,64,215,71.16666666666667,1.0276224613189697,0.09116302959984089
UBFC_PHYS_s13_T2_ctrl,64,216,71.2,0.9858331084251404,-0.04881153597387533
UBFC_PHYS_s13_T2_ctrl,64,217,71.23333333333333,0.9236302971839905,-0.12377857773253695
UBFC_PHYS_s13_T2_ctrl,64,218,71.26666666666667,0.8410238027572632,-0.12748657434143948
UBFC_PHYS_s13_T2_ctrl,64,219,71.3,0.7252613306045532,-0.06663317568611753
UBFC_PHYS_s13_T2_ctrl,64,220,71.33333333333333,0.5762341618537903,0.04271492206570958
UBFC_PHYS_s13_T2_ctrl,64,221,71.36666666666666,0.4316883981227875,0.1777786536854084
UBFC_PHYS_s13_T2_ctrl,64,222,71.4,0.3336769938468933,0.3116758423835887
UBFC_PHYS_s13_T2_ctrl,64,223,71.43333333333334,0.27683866024017334,0.4172839109032448
UBFC_PHYS_s13_T2_ctrl,64,224,71.46666666666667,0.23187942802906036,0.4725820948919457
UBFC_PHYS_s13_T2_ctrl,64,225,71.5,0.1920177936553955,0.4660055297021001
UBFC_PHYS_s13_T2_ctrl,64,226,71.53333333333333,0.1548713892698288,0.3993492963181769
UBFC_PHYS_s13_T2_ctrl,64,227,71.56666666666666,0.10733532905578613,0.2864513378135963
UBFC_PHYS_s13_T2_ctrl,64,228,71.6,0.05480709299445152,0.14809053875941594
UBFC_PHYS_s13_T2_ctrl,64,229,71.63333333333334,0.011449301615357399,0.0055417061895543665
UBFC_PHYS_s13_T2_ctrl,64,230,71.66666666666667,-0.02597389742732048,-0.12450640942878682
UBFC_PHYS_s13_T2_ctrl,64,231,71.7,-0.0629291832447052,-0.23214311635604715
UBFC_PHYS_s13_T2_ctrl,64,232,71.73333333333333,-0.09665849804878235,-0.3134932305881418
UBFC_PHYS_s13_T2_ctrl,64,233,71.76666666666667,-0.12813392281532288,-0.36807599663585694
UBFC_PHYS_s13_T2_ctrl,64,234,71.8,-0.1557144671678543,-0.3957784756844121
UBFC_PHYS_s13_T2_ctrl,64,235,71.83333333333333,-0.1669575721025467,-0.3949721153125918
UBFC_PHYS_s13_T2_ctrl,64,236,71.86666666666666,-0.1566239297389984,-0.3629138298001473
UBFC_PHYS_s13_T2_ctrl,64,237,71.9,-0.14006571471691132,-0.2984267877809439
UBFC_PHYS_s13_T2_ctrl,64,238,71.93333333333334,-0.1286018341779709,-0.20515472572014257
UBFC_PHYS_s13_T2_ctrl,64,239,71.96666666666667,-0.09882672131061554,-0.09294951898830504
UBFC_PHYS_s13_T2_ctrl,65,0,65.0,-0.7987561821937561,-0.04775894764121661
UBFC_PHYS_s13_T2_ctrl,65,1,65.03333333333333,-0.9473450779914856,-0.15659511276005966
UBFC_PHYS_s13_T2_ctrl,65,2,65.06666666666666,-0.9702168703079224,-0.21511896366180314
UBFC_PHYS_s13_T2_ctrl,65,3,65.1,-0.8969389796257019,-0.19609231982541447
UBFC_PHYS_s13_T2_ctrl,65,4,65.13333333333334,-0.7782108187675476,-0.10833893749057033
UBFC_PHYS_s13_T2_ctrl,65,5,65.16666666666667,-0.5817036032676697,0.005526692848145308
UBFC_PHYS_s13_T2_ctrl,65,6,65.2,-0.29963740706443787,0.08609260075115831
UBFC_PHYS_s13_T2_ctrl,65,7,65.23333333333333,-0.02702835015952587,0.08070683965681717
UBFC_PHYS_s13_T2_ctrl,65,8,65.26666666666667,0.150502011179924,-0.036625415874540365
UBFC_PHYS_s13_T2_ctrl,65,9,65.3,0.23429806530475616,-0.25612991323807777
UBFC_PHYS_s13_T2_ctrl,65,10,65.33333333333333,0.23258128762245178,-0.5357241888834414
UBFC_PHYS_s13_T2_ctrl,65,11,65.36666666666666,0.15743502974510193,-0.8139969013685906
UBFC_PHYS_s13_T2_ctrl,65,12,65.4,0.09931160509586334,-1.0270503689141255
UBFC_PHYS_s13_T2_ctrl,65,13,65.43333333333334,0.14698277413845062,-1.1236445407793656
UBFC_PHYS_s13_T2_ctrl,65,14,65.46666666666667,0.260458379983902,-1.075171370665088
UBFC_PHYS_s13_T2_ctrl,65,15,65.5,0.3475166857242584,-0.8796764495024794
UBFC_PHYS_s13_T2_ctrl,65,16,65.53333333333333,0.3911644518375397,-0.5610139481342844
UBFC_PHYS_s13_T2_ctrl,65,17,65.56666666666666,0.41124188899993896,-0.16445493201208644
UBFC_PHYS_s13_T2_ctrl,65,18,65.6,0.4062661826610565,0.25088002973261736
UBFC_PHYS_s13_T2_ctrl,65,19,65.63333333333334,0.3859449028968811,0.6226367122393213
UBFC_PHYS_s13_T2_ctrl,65,20,65.66666666666667,0.35282188653945923,0.8973013718787346
UBFC_PHYS_s13_T2_ctrl,65,21,65.7,0.2829347252845764,1.0407833367470738
UBFC_PHYS_s13_T2_ctrl,65,22,65.73333333333333,0.1763426959514618,1.0450733686408367
UBFC_PHYS_s13_T2_ctrl,65,23,65.76666666666667,0.09028614312410355,0.9298273986542702
UBFC_PHYS_s13_T2_ctrl,65,24,65.8,0.11159927397966385,0.7382043199125992
UBFC_PHYS_s13_T2_ctrl,65,25,65.83333333333333,0.2796856760978699,0.5265157769871915
UBFC_PHYS_s13_T2_ctrl,65,26,65.86666666666666,0.538652777671814,0.3485489977055493
UBFC_PHYS_s13_T2_ctrl,65,27,65.9,0.7801257967948914,0.23815766548245684
UBFC_PHYS_s13_T2_ctrl,65,28,65.93333333333334,0.9291298985481262,0.1966296978197656
UBFC_PHYS_s13_T2_ctrl,65,29,65.96666666666667,0.9480870366096497,0.191646087583317
UBFC_PHYS_s13_T2_ctrl,65,30,66.0,0.8214768767356873,0.17052761338201589
UBFC_PHYS_s13_T2_ctrl,65,31,66.03333333333333,0.6162176728248596,0.08338279946699818
UBFC_PHYS_s13_T2_ctrl,65,32,66.06666666666666,0.5007451772689819,-0.09432088200123724
UBFC_PHYS_s13_T2_ctrl,65,33,66.1,0.6021769642829895,-0.3506581717620931
UBFC_PHYS_s13_T2_ctrl,65,34,66.13333333333334,0.8899075388908386,-0.6419892159569223
UBFC_PHYS_s13_T2_ctrl,65,35,66.16666666666667,1.1912109851837158,-0.9095487681295018
UBFC_PHYS_s13_T2_ctrl,65,36,66.2,1.3108880519866943,-1.09948214691348
UBFC_PHYS_s13_T2_ctrl,65,37,66.23333333333333,1.176181674003601,-1.178154310117052
UBFC_PHYS_s13_T2_ctrl,65,38,66.26666666666667,0.9123839139938354,-1.1374779146948422
UBFC_PHYS_s13_T2_ctrl,65,39,66.3,0.7452102303504944,-0.989480777971215
UBFC_PHYS_s13_T2_ctrl,65,40,66.33333333333333,0.7847027778625488,-0.7542448379744265
UBFC_PHYS_s13_T2_ctrl,65,41,66.36666666666666,0.9779049754142761,-0.4486278617405233
UBFC_PHYS_s13_T2_ctrl,65,42,66.4,1.1980847120285034,-0.082847138387746
UBFC_PHYS_s13_T2_ctrl,65,43,66.43333333333334,1.3295519351959229,0.33264590512666103
UBFC_PHYS_s13_T2_ctrl,65,44,66.46666666666667,1.317705750465393,0.7746973442788609
UBFC_PHYS_s13_T2_ctrl,65,45,66.5,1.1875863075256348,1.1988922220289928
UBFC_PHYS_s13_T2_ctrl,65,46,66.53333333333333,1.0039763450622559,1.543006320137861
UBFC_PHYS_s13_T2_ctrl,65,47,66.56666666666666,0.8149688839912415,1.7436106733638028
UBFC_PHYS_s13_T2_ctrl,65,48,66.6,0.640957772731781,1.7586240389815488
UBFC_PHYS_s13_T2_ctrl,65,49,66.63333333333334,0.49923598766326904,1.5842623560622517
UBFC_PHYS_s13_T2_ctrl,65,50,66.66666666666667,0.3959721028804779,1.2574936020685548
UBFC_PHYS_s13_T2_ctrl,65,51,66.7,0.308241605758667,0.842597662183999
UBFC_PHYS_s13_T2_ctrl,65,52,66.73333333333333,0.2062825709581375,0.40810096339862434
UBFC_PHYS_s13_T2_ctrl,65,53,66.76666666666667,0.09126480668783188,0.004546634487677443
UBFC_PHYS_s13_T2_ctrl,65,54,66.8,-0.01730761118233204,-0.3473590048335319
UBFC_PHYS_s13_T2_ctrl,65,55,66.83333333333333,-0.13067778944969177,-0.6539737255860507
UBFC_PHYS_s13_T2_ctrl,65,56,66.86666666666666,-0.27787286043167114,-0.9340768348884758
UBFC_PHYS_s13_T2_ctrl,65,57,66.9,-0.451399564743042,-1.2002396214297697
UBFC_PHYS_s13_T2_ctrl,65,58,66.93333333333334,-0.6155482530593872,-1.4449404842122116
UBFC_PHYS_s13_T2_ctrl,65,59,66.96666666666667,-0.7681704759597778,-1.6372355702968469
UBFC_PHYS_s13_T2_ctrl,65,60,67.0,-0.9401682615280151,-1.7311383494124444
UBFC_PHYS_s13_T2_ctrl,65,61,67.03333333333333,-1.1431372165679932,-1.6822662180417969
UBFC_PHYS_s13_T2_ctrl,65,62,67.06666666666666,-1.351694941520691,-1.4661476026117903
UBFC_PHYS_s13_T2_ctrl,65,63,67.1,-1.5032857656478882,-1.090819348115507
UBFC_PHYS_s13_T2_ctrl,65,64,67.13333333333334,-1.5182127952575684,-0.5983741427019659
UBFC_PHYS_s13_T2_ctrl,65,65,67.16666666666667,-1.3717031478881836,-0.05460448116750326
UBFC_PHYS_s13_T2_ctrl,65,66,67.2,-1.117089033126831,0.4687766642117421
UBFC_PHYS_s13_T2_ctrl,65,67,67.23333333333333,-0.8433529734611511,0.9117077930859578
UBFC_PHYS_s13_T2_ctrl,65,68,67.26666666666667,-0.6383606791496277,1.2365803412270597
UBFC_PHYS_s13_T2_ctrl,65,69,67.3,-0.5243842005729675,1.429897714346709
UBFC_PHYS_s13_T2_ctrl,65,70,67.33333333333333,-0.4305049180984497,1.4969619588121765
UBFC_PHYS_s13_T2_ctrl,65,71,67.36666666666666,-0.30751287937164307,1.4541865966543606
UBFC_PHYS_s13_T2_ctrl,65,72,67.4,-0.225407212972641,1.3229807491597227
UBFC_PHYS_s13_T2_ctrl,65,73,67.43333333333334,-0.32596251368522644,1.1265627802396907
UBFC_PHYS_s13_T2_ctrl,65,74,67.46666666666667,-0.6599868535995483,0.8885734948229183
UBFC_PHYS_s13_T2_ctrl,65,75,67.5,-1.0232064723968506,0.6314016426358945
UBFC_PHYS_s13_T2_ctrl,65,76,67.53333333333333,-1.1174579858779907,0.37304884628482055
UBFC_PHYS_s13_T2_ctrl,65,77,67.56666666666666,-1.020916223526001,0.12332223503851777
UBFC_PHYS_s13_T2_ctrl,65,78,67.6,-1.016761064529419,-0.11826054789785796
UBFC_PHYS_s13_T2_ctrl,65,79,67.63333333333334,-1.1059150695800781,-0.36045787399414414
UBFC_PHYS_s13_T2_ctrl,65,80,67.66666666666667,-1.1422277688980103,-0.613624770104137
UBFC_PHYS_s13_T2_ctrl,65,81,67.7,-1.2440385818481445,-0.8803774618241027
UBFC_PHYS_s13_T2_ctrl,65,82,67.73333333333333,-1.5860108137130737,-1.147387846477387
UBFC_PHYS_s13_T2_ctrl,65,83,67.76666666666667,-1.992321252822876,-1.3822848931975975
UBFC_PHYS_s13_T2_ctrl,65,84,67.8,-2.1083571910858154,-1.5381875906059197
UBFC_PHYS_s13_T2_ctrl,65,85,67.83333333333333,-1.847904086112976,-1.5657787344753544
UBFC_PHYS_s13_T2_ctrl,65,86,67.86666666666666,-1.374392032623291,-1.4298475431168298
UBFC_PHYS_s13_T2_ctrl,65,87,67.9,-0.8518116474151611,-1.1247363394402423
UBFC_PHYS_s13_T2_ctrl,65,88,67.93333333333334,-0.4126879572868347,-0.6821292580952864
UBFC_PHYS_s13_T2_ctrl,65,89,67.96666666666667,-0.15332217514514923,-0.16622604071470898
UBFC_PHYS_s13_T2_ctrl,65,90,68.0,0.029549647122621536,0.3440242682780491
UBFC_PHYS_s13_T2_ctrl,65,91,68.03333333333333,0.3005276024341583,0.7792753764081344
UBFC_PHYS_s13_T2_ctrl,65,92,68.06666666666666,0.5617683529853821,1.0989875010667634
UBFC_PHYS_s13_T2_ctrl,65,93,68.1,0.6947744488716125,1.2953064980836066
UBFC_PHYS_s13_T2_ctrl,65,94,68.13333333333334,0.8042464256286621,1.3813057872164625
UBFC_PHYS_s13_T2_ctrl,65,95,68.16666666666667,0.9823468327522278,1.3734815100156028
UBFC_PHYS_s13_T2_ctrl,65,96,68.2,1.1936163902282715,1.2804399885870668
UBFC_PHYS_s13_T2_ctrl,65,97,68.23333333333333,1.4175328016281128,1.1036402158183696
UBFC_PHYS_s13_T2_ctrl,65,98,68.26666666666667,1.5977323055267334,0.847299612460863
UBFC_PHYS_s13_T2_ctrl,65,99,68.3,1.6029452085494995,0.528916675738031
UBFC_PHYS_s13_T2_ctrl,65,100,68.33333333333333,1.4143760204315186,0.18243750470868936
UBFC_PHYS_s13_T2_ctrl,65,101,68.36666666666666,1.1373580694198608,-0.14853525775428272
UBFC_PHYS_s13_T2_ctrl,65,102,68.4,0.85652095079422,-0.42387192501893795
UBFC_PHYS_s13_T2_ctrl,65,103,68.43333333333334,0.5977944135665894,-0.6193192150153496
UBFC_PHYS_s13_T2_ctrl,65,104,68.46666666666667,0.37761470675468445,-0.732058772166325
UBFC_PHYS_s13_T2_ctrl,65,105,68.5,0.21544642746448517,-0.7773232000521726
UBFC_PHYS_s13_T2_ctrl,65,106,68.53333333333333,0.11176732927560806,-0.7784123039113381
UBFC_PHYS_s13_T2_ctrl,65,107,68.56666666666666,0.034581366926431656,-0.7552683150317748
UBFC_PHYS_s13_T2_ctrl,65,108,68.6,-0.04403799772262573,-0.716966754691136
UBFC_PHYS_s13_T2_ctrl,65,109,68.63333333333334,-0.12577788531780243,-0.6611720303121907
UBFC_PHYS_s13_T2_ctrl,65,110,68.66666666666667,-0.19315414130687714,-0.5799339010610433
UBFC_PHYS_s13_T2_ctrl,65,111,68.7,-0.21615439653396606,-0.4679894864276099
UBFC_PHYS_s13_T2_ctrl,65,112,68.73333333333333,-0.171636700630188,-0.32861337313464933
UBFC_PHYS_s13_T2_ctrl,65,113,68.76666666666667,-0.08131621032953262,-0.1736243341112348
UBFC_PHYS_s13_T2_ctrl,65,114,68.8,-0.004545433446764946,-0.017695274063864914
UBFC_PHYS_s13_T2_ctrl,65,115,68.83333333333333,0.029038896784186363,0.12929552422621746
UBFC_PHYS_s13_T2_ctrl,65,116,68.86666666666666,0.032950259745121,0.2666171796882345
UBFC_PHYS_s13_T2_ctrl,65,117,68.9,0.024379532784223557,0.40028489486293767
UBFC_PHYS_s13_T2_ctrl,65,118,68.93333333333334,0.007323754020035267,0.5348992162819991
UBFC_PHYS_s13_T2_ctrl,65,119,68.96666666666667,-0.009297062642872334,0.6649118875735709
UBFC_PHYS_s13_T2_ctrl,65,120,69.0,-0.011672877706587315,0.7714669954503821
UBFC_PHYS_s13_T2_ctrl,65,121,69.03333333333333,-0.004285115282982588,0.8279527172417928
UBFC_PHYS_s13_T2_ctrl,65,122,69.06666666666666,-0.003685395233333111,0.8120465074665923
UBFC_PHYS_s13_T2_ctrl,65,123,69.1,-0.011781617999076843,0.7177045326003851
UBFC_PHYS_s13_T2_ctrl,65,124,69.13333333333334,-0.025542229413986206,0.5601028332460266
UBFC_PHYS_s13_T2_ctrl,65,125,69.16666666666667,-0.05017688870429993,0.3702907819977659
UBFC_PHYS_s13_T2_ctrl,65,126,69.2,-0.08352067321538925,0.1821316339955537
UBFC_PHYS_s13_T2_ctrl,65,127,69.23333333333333,-0.1078653559088707,0.018350091077321006
UBFC_PHYS_s13_T2_ctrl,65,128,69.26666666666667,-0.11353633552789688,-0.11738479880575753
UBFC_PHYS_s13_T2_ctrl,65,129,69.3,-0.11197113245725632,-0.2387782641757291
UBFC_PHYS_s13_T2_ctrl,65,130,69.33333333333333,-0.11334522068500519,-0.36660052158734024
UBFC_PHYS_s13_T2_ctrl,65,131,69.36666666666666,-0.1148313358426094,-0.5145444872966102
UBFC_PHYS_s13_T2_ctrl,65,132,69.4,-0.11110121011734009,-0.6778335360428631
UBFC_PHYS_s13_T2_ctrl,65,133,69.43333333333334,-0.09215730428695679,-0.8300480211700847
UBFC_PHYS_s13_T2_ctrl,65,134,69.46666666666667,-0.04036059230566025,-0.92995267427062
UBFC_PHYS_s13_T2_ctrl,65,135,69.5,0.04487216845154762,-0.9358062685185683
UBFC_PHYS_s13_T2_ctrl,65,136,69.53333333333333,0.13601316511631012,-0.8217547959685806
UBFC_PHYS_s13_T2_ctrl,65,137,69.56666666666666,0.21486647427082062,-0.5900404277579875
UBFC_PHYS_s13_T2_ctrl,65,138,69.6,0.28504031896591187,-0.2738695880705568
UBFC_PHYS_s13_T2_ctrl,65,139,69.63333333333334,0.34394800662994385,0.07085961762293397
UBFC_PHYS_s13_T2_ctrl,65,140,69.66666666666667,0.4107673764228821,0.3818680743298998
UBFC_PHYS_s13_T2_ctrl,65,141,69.7,0.5627832412719727,0.6079679205908639
UBFC_PHYS_s13_T2_ctrl,65,142,69.73333333333333,0.8190845847129822,0.7206555916119766
UBFC_PHYS_s13_T2_ctrl,65,143,69.76666666666667,1.0368719100952148,0.7163238851565837
UBFC_PHYS_s13_T2_ctrl,65,144,69.8,1.0494661331176758,0.6107453566166453
UBFC_PHYS_s13_T2_ctrl,65,145,69.83333333333333,0.8311646580696106,0.43092429887365274
UBFC_PHYS_s13_T2_ctrl,65,146,69.86666666666666,0.47671353816986084,0.2090152896946088
UBFC_PHYS_s13_T2_ctrl,65,147,69.9,0.16117504239082336,-0.020206984873529343
UBFC_PHYS_s13_T2_ctrl,65,148,69.93333333333334,0.003198206191882491,-0.22027257964423663
UBFC_PHYS_s13_T2_ctrl,65,149,69.96666666666667,-0.09742297977209091,-0.35588427671967837
UBFC_PHYS_s13_T2_ctrl,65,150,70.0,-0.3336929678916931,-0.4001195067237812
UBFC_PHYS_s13_T2_ctrl,65,151,70.03333333333333,-0.7260681390762329,-0.34478777457285265
UBFC_PHYS_s13_T2_ctrl,65,152,70.06666666666666,-1.106175422668457,-0.20867391566012394
UBFC_PHYS_s13_T2_ctrl,65,153,70.1,-1.3295382261276245,-0.03691529207068999
UBFC_PHYS_s13_T2_ctrl,65,154,70.13333333333334,-1.3509601354599,0.11204735907570773
UBFC_PHYS_s13_T2_ctrl,65,155,70.16666666666667,-1.2204055786132812,0.18867773512886757
UBFC_PHYS_s13_T2_ctrl,65,156,70.2,-1.0502630472183228,0.17377803024689198
UBFC_PHYS_s13_T2_ctrl,65,157,70.23333333333333,-0.9136717915534973,0.08786182404901689
UBFC_PHYS_s13_T2_ctrl,65,158,70.26666666666667,-0.7778944969177246,-0.01683392767179958
UBFC_PHYS_s13_T2_ctrl,65,159,70.3,-0.6092017889022827,-0.0781517694012158
UBFC_PHYS_s13_T2_ctrl,65,160,70.33333333333333,-0.4611005485057831,-0.050176184073009125
UBFC_PHYS_s13_T2_ctrl,65,161,70.36666666666666,-0.37114250659942627,0.07715130873554657
UBFC_PHYS_s13_T2_ctrl,65,162,70.4,-0.3062804639339447,0.27347252779714215
UBFC_PHYS_s13_T2_ctrl,65,163,70.43333333333334,-0.253320574760437,0.48073470645133787
UBFC_PHYS_s13_T2_ctrl,65,164,70.46666666666667,-0.25265493988990784,0.636910032100359
UBFC_PHYS_s13_T2_ctrl,65,165,70.5,-0.3193589746952057,0.6989051359243083
UBFC_PHYS_s13_T2_ctrl,65,166,70.53333333333333,-0.4022587835788727,0.6543358404801196
UBFC_PHYS_s13_T2_ctrl,65,167,70.56666666666666,-0.43926018476486206,0.5186927427523256
UBFC_PHYS_s13_T2_ctrl,65,168,70.6,-0.4250744879245758,0.32203081103131886
UBFC_PHYS_s13_T2_ctrl,65,169,70.63333333333334,-0.4087766110897064,0.09375862408053848
UBFC_PHYS_s13_T2_ctrl,65,170,70.66666666666667,-0.4319712817668915,-0.14644029874411357
UBFC_PHYS_s13_T2_ctrl,65,171,70.7,-0.4725545346736908,-0.3881253310821604
UBFC_PHYS_s13_T2_ctrl,65,172,70.73333333333333,-0.4753224849700928,-0.6225135533560587
UBFC_PHYS_s13_T2_ctrl,65,173,70.76666666666667,-0.4298129379749298,-0.8342081628632189
UBFC_PHYS_s13_T2_ctrl,65,174,70.8,-0.3908805549144745,-0.9986268294324643
UBFC_PHYS_s13_T2_ctrl,65,175,70.83333333333333,-0.40626898407936096,-1.087766708138799
UBFC_PHYS_s13_T2_ctrl,65,176,70.86666666666666,-0.44827577471733093,-1.0816388910147714
UBFC_PHYS_s13_T2_ctrl,65,177,70.9,-0.42911767959594727,-0.9788782551964949
UBFC_PHYS_s13_T2_ctrl,65,178,70.93333333333334,-0.2920980751514435,-0.7999510319121732
UBFC_PHYS_s13_T2_ctrl,65,179,70.96666666666667,-0.06324881315231323,-0.5801518190018611
UBFC_PHYS_s13_T2_ctrl,65,180,71.0,0.20808173716068268,-0.3552684999606453
UBFC_PHYS_s13_T2_ctrl,65,181,71.03333333333333,0.5008407235145569,-0.14718452839734983
UBFC_PHYS_s13_T2_ctrl,65,182,71.06666666666666,0.7744218707084656,0.0428841024609988
UBFC_PHYS_s13_T2_ctrl,65,183,71.1,0.9602198004722595,0.22979553425212554
UBFC_PHYS_s13_T2_ctrl,65,184,71.13333333333334,1.032558560371399,0.43115387101089125
UBFC_PHYS_s13_T2_ctrl,65,185,71.16666666666667,1.0276224613189697,0.6526399596375031
UBFC_PHYS_s13_T2_ctrl,65,186,71.2,0.9858331084251404,0.8796630715293752
UBFC_PHYS_s13_T2_ctrl,65,187,71.23333333333333,0.9236302971839905,1.079380063488793
UBFC_PHYS_s13_T2_ctrl,65,188,71.26666666666667,0.8410238027572632,1.212117197202932
UBFC_PHYS_s13_T2_ctrl,65,189,71.3,0.7252613306045532,1.2469357311142806
UBFC_PHYS_s13_T2_ctrl,65,190,71.33333333333333,0.5762341618537903,1.1741006569094627
UBFC_PHYS_s13_T2_ctrl,65,191,71.36666666666666,0.4316883981227875,1.008671109023884
UBFC_PHYS_s13_T2_ctrl,65,192,71.4,0.3336769938468933,0.7839561490198275
UBFC_PHYS_s13_T2_ctrl,65,193,71.43333333333334,0.27683866024017334,0.5386637225835108
UBFC_PHYS_s13_T2_ctrl,65,194,71.46666666666667,0.23187942802906036,0.3043041729937962
UBFC_PHYS_s13_T2_ctrl,65,195,71.5,0.1920177936553955,0.0983605053342409
UBFC_PHYS_s13_T2_ctrl,65,196,71.53333333333333,0.1548713892698288,-0.07531664631979824
UBFC_PHYS_s13_T2_ctrl,65,197,71.56666666666666,0.10733532905578613,-0.22152113394267955
UBFC_PHYS_s13_T2_ctrl,65,198,71.6,0.05480709299445152,-0.34820464485682123
UBFC_PHYS_s13_T2_ctrl,65,199,71.63333333333334,0.011449301615357399,-0.4633884370757119
UBFC_PHYS_s13_T2_ctrl,65,200,71.66666666666667,-0.02597389742732048,-0.5750033808594767
UBFC_PHYS_s13_T2_ctrl,65,201,71.7,-0.0629291832447052,-0.6920370726982076
UBFC_PHYS_s13_T2_ctrl,65,202,71.73333333333333,-0.09665849804878235,-0.8243811106980263
UBFC_PHYS_s13_T2_ctrl,65,203,71.76666666666667,-0.12813392281532288,-0.9793424738260103
UBFC_PHYS_s13_T2_ctrl,65,204,71.8,-0.1557144671678543,-1.1547244005836756
UBFC_PHYS_s13_T2_ctrl,65,205,71.83333333333333,-0.1669575721025467,-1.3310477735484396
UBFC_PHYS_s13_T2_ctrl,65,206,71.86666666666666,-0.1566239297389984,-1.4676495144771697
UBFC_PHYS_s13_T2_ctrl,65,207,71.9,-0.14006571471691132,-1.5073729586853284
UBFC_PHYS_s13_T2_ctrl,65,208,71.93333333333334,-0.1286018341779709,-1.391534743268392
UBFC_PHYS_s13_T2_ctrl,65,209,71.96666666666667,-0.09882672131061554,-1.0819719827448286
UBFC_PHYS_s13_T2_ctrl,65,210,72.0,-0.021558374166488647,-0.5824675105053745
UBFC_PHYS_s13_T2_ctrl,65,211,72.03333333333333,0.0940525159239769,0.050272362197860805
UBFC_PHYS_s13_T2_ctrl,65,212,72.06666666666666,0.21976639330387115,0.7140208193443348
UBFC_PHYS_s13_T2_ctrl,65,213,72.1,0.3385702967643738,1.2878240082314913
UBFC_PHYS_s13_T2_ctrl,65,214,72.13333333333334,0.4031852185726166,1.669248339280113
UBFC_PHYS_s13_T2_ctrl,65,215,72.16666666666667,0.3459185063838959,1.8065649640201449
UBFC_PHYS_s13_T2_ctrl,65,216,72.2,0.17238520085811615,1.712285542002305
UBFC_PHYS_s13_T2_ctrl,65,217,72.23333333333333,-0.017683260142803192,1.453446107337151
UBFC_PHYS_s13_T2_ctrl,65,218,72.26666666666667,-0.1310962736606598,1.1245566236990734
UBFC_PHYS_s13_T2_ctrl,65,219,72.3,-0.18334442377090454,0.8155293263225255
UBFC_PHYS_s13_T2_ctrl,65,220,72.33333333333333,-0.2880713939666748,0.5864781985662038
UBFC_PHYS_s13_T2_ctrl,65,221,72.36666666666666,-0.5237054228782654,0.45632474135730006
UBFC_PHYS_s13_T2_ctrl,65,222,72.4,-0.7994976043701172,0.4063967343984348
UBFC_PHYS_s13_T2_ctrl,65,223,72.43333333333334,-0.9312811493873596,0.3951211349115169
UBFC_PHYS_s13_T2_ctrl,65,224,72.46666666666667,-0.8649066686630249,0.37628810349899267
UBFC_PHYS_s13_T2_ctrl,65,225,72.5,-0.7061784863471985,0.3132664476484979
UBFC_PHYS_s13_T2_ctrl,65,226,72.53333333333333,-0.5490649938583374,0.18558577988716496
UBFC_PHYS_s13_T2_ctrl,65,227,72.56666666666666,-0.40602514147758484,-0.010742829745747596
UBFC_PHYS_s13_T2_ctrl,65,228,72.6,-0.26175618171691895,-0.26554250584255035
UBFC_PHYS_s13_T2_ctrl,65,229,72.63333333333334,-0.09112261980772018,-0.556780054423256
UBFC_PHYS_s13_T2_ctrl,65,230,72.66666666666667,0.10355906933546066,-0.852733415217292
UBFC_PHYS_s13_T2_ctrl,65,231,72.7,0.2643203139305115,-1.115642799197082
UBFC_PHYS_s13_T2_ctrl,65,232,72.73333333333333,0.3496420681476593,-1.3080825570532064
UBFC_PHYS_s13_T2_ctrl,65,233,72.76666666666667,0.38604703545570374,-1.4012486525640764
UBFC_PHYS_s13_T2_ctrl,65,234,72.8,0.40751177072525024,-1.3822789789675498
UBFC_PHYS_s13_T2_ctrl,65,235,72.83333333333333,0.41678106784820557,-1.257149112424278
UBFC_PHYS_s13_T2_ctrl,65,236,72.86666666666666,0.41988182067871094,-1.0472890284048166
UBFC_PHYS_s13_T2_ctrl,65,237,72.9,0.43581393361091614,-0.7811614526786012
UBFC_PHYS_s13_T2_ctrl,65,238,72.93333333333334,0.47236061096191406,-0.4849559127856986
UBFC_PHYS_s13_T2_ctrl,65,239,72.96666666666667,0.5112040638923645,-0.1773542649935223
UBFC_PHYS_s13_T2_ctrl,66,0,66.0,0.8214768767356873,-0.13008373469574502
UBFC_PHYS_s13_T2_ctrl,66,1,66.03333333333333,0.6162176728248596,-0.5378274053687343
UBFC_PHYS_s13_T2_ctrl,66,2,66.06666666666666,0.5007451772689819,-0.9162342564413576
UBFC_PHYS_s13_T2_ctrl,66,3,66.1,0.6021769642829895,-1.2380631569016387
UBFC_PHYS_s13_T2_ctrl,66,4,66.13333333333334,0.8899075388908386,-1.475388640976356
UBFC_PHYS_s13_T2_ctrl,66,5,66.16666666666667,1.1912109851837158,-1.6041010958836834
UBFC_PHYS_s13_T2_ctrl,66,6,66.2,1.3108880519866943,-1.6098680886320158
UBFC_PHYS_s13_T2_ctrl,66,7,66.23333333333333,1.176181674003601,-1.4927010987609528
UBFC_PHYS_s13_T2_ctrl,66,8,66.26666666666667,0.9123839139938354,-1.267587600452925
UBFC_PHYS_s13_T2_ctrl,66,9,66.3,0.7452102303504944,-0.9603494363632694
UBFC_PHYS_s13_T2_ctrl,66,10,66.33333333333333,0.7847027778625488,-0.6005279360281491
UBFC_PHYS_s13_T2_ctrl,66,11,66.36666666666666,0.9779049754142761,-0.2148823110761873
UBFC_PHYS_s13_T2_ctrl,66,12,66.4,1.1980847120285034,0.17543526661183634
UBFC_PHYS_s13_T2_ctrl,66,13,66.43333333333334,1.3295519351959229,0.5533166886757412
UBFC_PHYS_s13_T2_ctrl,66,14,66.46666666666667,1.317705750465393,0.9016312302959847
UBFC_PHYS_s13_T2_ctrl,66,15,66.5,1.1875863075256348,1.1998997264388633
UBFC_PHYS_s13_T2_ctrl,66,16,66.53333333333333,1.0039763450622559,1.424376925573843
UBFC_PHYS_s13_T2_ctrl,66,17,66.56666666666666,0.8149688839912415,1.5521597984308328
UBFC_PHYS_s13_T2_ctrl,66,18,66.6,0.640957772731781,1.5675851892745527
UBFC_PHYS_s13_T2_ctrl,66,19,66.63333333333334,0.49923598766326904,1.4677161250926258
UBFC_PHYS_s13_T2_ctrl,66,20,66.66666666666667,0.3959721028804779,1.263911704879738
UBFC_PHYS_s13_T2_ctrl,66,21,66.7,0.308241605758667,0.9783464704126122
UBFC_PHYS_s13_T2_ctrl,66,22,66.73333333333333,0.2062825709581375,0.6370159508732307
UBFC_PHYS_s13_T2_ctrl,66,23,66.76666666666667,0.09126480668783188,0.2626173156941194
UBFC_PHYS_s13_T2_ctrl,66,24,66.8,-0.01730761118233204,-0.1293990650519225
UBFC_PHYS_s13_T2_ctrl,66,25,66.83333333333333,-0.13067778944969177,-0.5299197548567823
UBFC_PHYS_s13_T2_ctrl,66,26,66.86666666666666,-0.27787286043167114,-0.9307669887728958
UBFC_PHYS_s13_T2_ctrl,66,27,66.9,-0.451399564743042,-1.3170496712048851
UBFC_PHYS_s13_T2_ctrl,66,28,66.93333333333334,-0.6155482530593872,-1.6607768052364777
UBFC_PHYS_s13_T2_ctrl,66,29,66.96666666666667,-0.7681704759597778,-1.9193219124728917
UBFC_PHYS_s13_T2_ctrl,66,30,67.0,-0.9401682615280151,-2.040935894148834
UBFC_PHYS_s13_T2_ctrl,66,31,67.03333333333333,-1.1431372165679932,-1.977083471532537
UBFC_PHYS_s13_T2_ctrl,66,32,67.06666666666666,-1.351694941520691,-1.6986974276082984
UBFC_PHYS_s13_T2_ctrl,66,33,67.1,-1.5032857656478882,-1.2111647085041553
UBFC_PHYS_s13_T2_ctrl,66,34,67.13333333333334,-1.5182127952575684,-0.5618394371489943
UBFC_PHYS_s13_T2_ctrl,66,35,67.16666666666667,-1.3717031478881836,0.16466777915785247
UBFC_PHYS_s13_T2_ctrl,66,36,67.2,-1.117089033126831,0.8638961896078785
UBFC_PHYS_s13_T2_ctrl,66,37,67.23333333333333,-0.8433529734611511,1.436556946529296
UBFC_PHYS_s13_T2_ctrl,66,38,67.26666666666667,-0.6383606791496277,1.8120973227913464
UBFC_PHYS_s13_T2_ctrl,66,39,67.3,-0.5243842005729675,1.9622409474423765
UBFC_PHYS_s13_T2_ctrl,66,40,67.33333333333333,-0.4305049180984497,1.901271123742477
UBFC_PHYS_s13_T2_ctrl,66,41,67.36666666666666,-0.30751287937164307,1.6758400647801204
UBFC_PHYS_s13_T2_ctrl,66,42,67.4,-0.225407212972641,1.3496656722546672
UBFC_PHYS_s13_T2_ctrl,66,43,67.43333333333334,-0.32596251368522644,0.9879148440056922
UBFC_PHYS_s13_T2_ctrl,66,44,67.46666666666667,-0.6599868535995483,0.6445602097599625
UBFC_PHYS_s13_T2_ctrl,66,45,67.5,-1.0232064723968506,0.35444895003744353
UBFC_PHYS_s13_T2_ctrl,66,46,67.53333333333333,-1.1174579858779907,0.1303908787972896
UBFC_PHYS_s13_T2_ctrl,66,47,67.56666666666666,-1.020916223526001,-0.03540547634581319
UBFC_PHYS_s13_T2_ctrl,66,48,67.6,-1.016761064529419,-0.16652552139941962
UBFC_PHYS_s13_T2_ctrl,66,49,67.63333333333334,-1.1059150695800781,-0.29495594199631997
UBFC_PHYS_s13_T2_ctrl,66,50,67.66666666666667,-1.1422277688980103,-0.451709982936045
UBFC_PHYS_s13_T2_ctrl,66,51,67.7,-1.2440385818481445,-0.6565433560449733
UBFC_PHYS_s13_T2_ctrl,66,52,67.73333333333333,-1.5860108137130737,-0.9089818089576793
UBFC_PHYS_s13_T2_ctrl,66,53,67.76666666666667,-1.992321252822876,-1.18362569752051
UBFC_PHYS_s13_T2_ctrl,66,54,67.8,-2.1083571910858154,-1.4320783951224196
UBFC_PHYS_s13_T2_ctrl,66,55,67.83333333333333,-1.847904086112976,-1.5922515287885126
UBFC_PHYS_s13_T2_ctrl,66,56,67.86666666666666,-1.374392032623291,-1.6039968970224094
UBFC_PHYS_s13_T2_ctrl,66,57,67.9,-0.8518116474151611,-1.4280898558969213
UBFC_PHYS_s13_T2_ctrl,66,58,67.93333333333334,-0.4126879572868347,-1.0634870262840719
UBFC_PHYS_s13_T2_ctrl,66,59,67.96666666666667,-0.15332217514514923,-0.5559221814427253
UBFC_PHYS_s13_T2_ctrl,66,60,68.0,0.029549647122621536,0.008901336157435238
UBFC_PHYS_s13_T2_ctrl,66,61,68.03333333333333,0.3005276024341583,0.5286869073362431
UBFC_PHYS_s13_T2_ctrl,66,62,68.06666666666666,0.5617683529853821,0.9155227093654479
UBFC_PHYS_s13_T2_ctrl,66,63,68.1,0.6947744488716125,1.119842507012195
UBFC_PHYS_s13_T2_ctrl,66,64,68.13333333333334,0.8042464256286621,1.13804693253557
UBFC_PHYS_s13_T2_ctrl,66,65,68.16666666666667,0.9823468327522278,1.0046893685119695
UBFC_PHYS_s13_T2_ctrl,66,66,68.2,1.1936163902282715,0.7762534128266334
UBFC_PHYS_s13_T2_ctrl,66,67,68.23333333333333,1.4175328016281128,0.5140402027984707
UBFC_PHYS_s13_T2_ctrl,66,68,68.26666666666667,1.5977323055267334,0.2712523357964834
UBFC_PHYS_s13_T2_ctrl,66,69,68.3,1.6029452085494995,0.08604960341959368
UBFC_PHYS_s13_T2_ctrl,66,70,68.33333333333333,1.4143760204315186,-0.020465488708683175
UBFC_PHYS_s13_T2_ctrl,66,71,68.36666666666666,1.1373580694198608,-0.043523315056642656
UBFC_PHYS_s13_T2_ctrl,66,72,68.4,0.85652095079422,0.007275473909124601
UBFC_PHYS_s13_T2_ctrl,66,73,68.43333333333334,0.5977944135665894,0.11091169138772139
UBFC_PHYS_s13_T2_ctrl,66,74,68.46666666666667,0.37761470675468445,0.23911307474994745
UBFC_PHYS_s13_T2_ctrl,66,75,68.5,0.21544642746448517,0.3616086068086892
UBFC_PHYS_s13_T2_ctrl,66,76,68.53333333333333,0.11176732927560806,0.45176350677131644
UBFC_PHYS_s13_T2_ctrl,66,77,68.56666666666666,0.034581366926431656,0.4913817425263006
UBFC_PHYS_s13_T2_ctrl,66,78,68.6,-0.04403799772262573,0.4732619610135281
UBFC_PHYS_s13_T2_ctrl,66,79,68.63333333333334,-0.12577788531780243,0.4005579873735246
UBFC_PHYS_s13_T2_ctrl,66,80,68.66666666666667,-0.19315414130687714,0.28319536270491025
UBFC_PHYS_s13_T2_ctrl,66,81,68.7,-0.21615439653396606,0.13295549020172326
UBFC_PHYS_s13_T2_ctrl,66,82,68.73333333333333,-0.171636700630188,-0.04044432422185003
UBFC_PHYS_s13_T2_ctrl,66,83,68.76666666666667,-0.08131621032953262,-0.23038283118494093
UBFC_PHYS_s13_T2_ctrl,66,84,68.8,-0.004545433446764946,-0.4310840296068308
UBFC_PHYS_s13_T2_ctrl,66,85,68.83333333333333,0.029038896784186363,-0.6334357679542406
UBFC_PHYS_s13_T2_ctrl,66,86,68.86666666666666,0.032950259745121,-0.8212966210786906
UBFC_PHYS_s13_T2_ctrl,66,87,68.9,0.024379532784223557,-0.9706846084303457
UBFC_PHYS_s13_T2_ctrl,66,88,68.93333333333334,0.007323754020035267,-1.0531701541998117
UBFC_PHYS_s13_T2_ctrl,66,89,68.96666666666667,-0.009297062642872334,-1.0430029729796997
UBFC_PHYS_s13_T2_ctrl,66,90,69.0,-0.011672877706587315,-0.9256290409070971
UBFC_PHYS_s13_T2_ctrl,66,91,69.03333333333333,-0.004285115282982588,-0.7042068431104718
UBFC_PHYS_s13_T2_ctrl,66,92,69.06666666666666,-0.003685395233333111,-0.40119508482963995
UBFC_PHYS_s13_T2_ctrl,66,93,69.1,-0.011781617999076843,-0.05404760585134373
UBFC_PHYS_s13_T2_ctrl,66,94,69.13333333333334,-0.025542229413986206,0.29331289079610734
UBFC_PHYS_s13_T2_ctrl,66,95,69.16666666666667,-0.05017688870429993,0.5997700872292017
UBFC_PHYS_s13_T2_ctrl,66,96,69.2,-0.08352067321538925,0.8336982615574667
UBFC_PHYS_s13_T2_ctrl,66,97,69.23333333333333,-0.1078653559088707,0.9755015354710271
UBFC_PHYS_s13_T2_ctrl,66,98,69.26666666666667,-0.11353633552789688,1.0167450481830635
UBFC_PHYS_s13_T2_ctrl,66,99,69.3,-0.11197113245725632,0.9581712750854408
UBFC_PHYS_s13_T2_ctrl,66,100,69.33333333333333,-0.11334522068500519,0.8088998849916461
UBFC_PHYS_s13_T2_ctrl,66,101,69.36666666666666,-0.1148313358426094,0.5875354926429456
UBFC_PHYS_s13_T2_ctrl,66,102,69.4,-0.11110121011734009,0.3236646255390767
UBFC_PHYS_s13_T2_ctrl,66,103,69.43333333333334,-0.09215730428695679,0.05698446332152046
UBFC_PHYS_s13_T2_ctrl,66,104,69.46666666666667,-0.04036059230566025,-0.16788935435071284
UBFC_PHYS_s13_T2_ctrl,66,105,69.5,0.04487216845154762,-0.3108058066538453
UBFC_PHYS_s13_T2_ctrl,66,106,69.53333333333333,0.13601316511631012,-0.3474830279962608
UBFC_PHYS_s13_T2_ctrl,66,107,69.56666666666666,0.21486647427082062,-0.2792412777517497
UBFC_PHYS_s13_T2_ctrl,66,108,69.6,0.28504031896591187,-0.13672614363030827
UBFC_PHYS_s13_T2_ctrl,66,109,69.63333333333334,0.34394800662994385,0.025498001081250388
UBFC_PHYS_s13_T2_ctrl,66,110,69.66666666666667,0.4107673764228821,0.14321743179829724
UBFC_PHYS_s13_T2_ctrl,66,111,69.7,0.5627832412719727,0.16140787622407693
UBFC_PHYS_s13_T2_ctrl,66,112,69.73333333333333,0.8190845847129822,0.05094722343598364
UBFC_PHYS_s13_T2_ctrl,66,113,69.76666666666667,1.0368719100952148,-0.18269581980566005
UBFC_PHYS_s13_T2_ctrl,66,114,69.8,1.0494661331176758,-0.5009158043839079
UBFC_PHYS_s13_T2_ctrl,66,115,69.83333333333333,0.8311646580696106,-0.8414508902591631
UBFC_PHYS_s13_T2_ctrl,66,116,69.86666666666666,0.47671353816986084,-1.131729605030222
UBFC_PHYS_s13_T2_ctrl,66,117,69.9,0.16117504239082336,-1.3026489874579246
UBFC_PHYS_s13_T2_ctrl,66,118,69.93333333333334,0.003198206191882491,-1.3014870583012583
UBFC_PHYS_s13_T2_ctrl,66,119,69.96666666666667,-0.09742297977209091,-1.1037743329213496
UBFC_PHYS_s13_T2_ctrl,66,120,70.0,-0.3336929678916931,-0.7226870035537294
UBFC_PHYS_s13_T2_ctrl,66,121,70.03333333333333,-0.7260681390762329,-0.21224016534033732
UBFC_PHYS_s13_T2_ctrl,66,122,70.06666666666666,-1.106175422668457,0.3401061838798159
UBFC_PHYS_s13_T2_ctrl,66,123,70.1,-1.3295382261276245,0.8329753566749815
UBFC_PHYS_s13_T2_ctrl,66,124,70.13333333333334,-1.3509601354599,1.178438174972402
UBFC_PHYS_s13_T2_ctrl,66,125,70.16666666666667,-1.2204055786132812,1.327702975279953
UBFC_PHYS_s13_T2_ctrl,66,126,70.2,-1.0502630472183228,1.2848455850659835
UBFC_PHYS_s13_T2_ctrl,66,127,70.23333333333333,-0.9136717915534973,1.1027730154353799
UBFC_PHYS_s13_T2_ctrl,66,128,70.26666666666667,-0.7778944969177246,0.8631622779116793
UBFC_PHYS_s13_T2_ctrl,66,129,70.3,-0.6092017889022827,0.6485179874457218
UBFC_PHYS_s13_T2_ctrl,66,130,70.33333333333333,-0.4611005485057831,0.5165005236615375
UBFC_PHYS_s13_T2_ctrl,66,131,70.36666666666666,-0.37114250659942627,0.48461264030908063
UBFC_PHYS_s13_T2_ctrl,66,132,70.4,-0.3062804639339447,0.5291670069222891
UBFC_PHYS_s13_T2_ctrl,66,133,70.43333333333334,-0.253320574760437,0.5974825096647916
UBFC_PHYS_s13_T2_ctrl,66,134,70.46666666666667,-0.25265493988990784,0.6277364988688221
UBFC_PHYS_s13_T2_ctrl,66,135,70.5,-0.3193589746952057,0.5688366978027595
UBFC_PHYS_s13_T2_ctrl,66,136,70.53333333333333,-0.4022587835788727,0.3941046817012049
UBFC_PHYS_s13_T2_ctrl,66,137,70.56666666666666,-0.43926018476486206,0.10607411441797246
UBFC_PHYS_s13_T2_ctrl,66,138,70.6,-0.4250744879245758,-0.26688442737779927
UBFC_PHYS_s13_T2_ctrl,66,139,70.63333333333334,-0.4087766110897064,-0.6792253360361856
UBFC_PHYS_s13_T2_ctrl,66,140,70.66666666666667,-0.4319712817668915,-1.0785908452912556
UBFC_PHYS_s13_T2_ctrl,66,141,70.7,-0.4725545346736908,-1.4149279998997666
UBFC_PHYS_s13_T2_ctrl,66,142,70.73333333333333,-0.4753224849700928,-1.6469105270141604
UBFC_PHYS_s13_T2_ctrl,66,143,70.76666666666667,-0.4298129379749298,-1.745818275992186
UBFC_PHYS_s13_T2_ctrl,66,144,70.8,-0.3908805549144745,-1.697981158203865
UBFC_PHYS_s13_T2_ctrl,66,145,70.83333333333333,-0.40626898407936096,-1.506709666365552
UBFC_PHYS_s13_T2_ctrl,66,146,70.86666666666666,-0.44827577471733093,-1.1934144364810158
UBFC_PHYS_s13_T2_ctrl,66,147,70.9,-0.42911767959594727,-0.7962030559972264
UBFC_PHYS_s13_T2_ctrl,66,148,70.93333333333334,-0.2920980751514435,-0.3639337934903312
UBFC_PHYS_s13_T2_ctrl,66,149,70.96666666666667,-0.06324881315231323,0.05423776543773094
UBFC_PHYS_s13_T2_ctrl,66,150,71.0,0.20808173716068268,0.42005356826986784
UBFC_PHYS_s13_T2_ctrl,66,151,71.03333333333333,0.5008407235145569,0.7126898028003197
UBFC_PHYS_s13_T2_ctrl,66,152,71.06666666666666,0.7744218707084656,0.9280859120261188
UBFC_PHYS_s13_T2_ctrl,66,153,71.1,0.9602198004722595,1.072897640342086
UBFC_PHYS_s13_T2_ctrl,66,154,71.13333333333334,1.032558560371399,1.1569058967602803
UBFC_PHYS_s13_T2_ctrl,66,155,71.16666666666667,1.0276224613189697,1.1871801729340017
UBFC_PHYS_s13_T2_ctrl,66,156,71.2,0.9858331084251404,1.1658479269572262
UBFC_PHYS_s13_T2_ctrl,66,157,71.23333333333333,0.9236302971839905,1.091699300435752
UBFC_PHYS_s13_T2_ctrl,66,158,71.26666666666667,0.8410238027572632,0.9643357770288342
UBFC_PHYS_s13_T2_ctrl,66,159,71.3,0.7252613306045532,0.7886530836188992
UBFC_PHYS_s13_T2_ctrl,66,160,71.33333333333333,0.5762341618537903,0.5775108160989662
UBFC_PHYS_s13_T2_ctrl,66,161,71.36666666666666,0.4316883981227875,0.35138808331650656
UBFC_PHYS_s13_T2_ctrl,66,162,71.4,0.3336769938468933,0.13517963617840675
UBFC_PHYS_s13_T2_ctrl,66,163,71.43333333333334,0.27683866024017334,-0.04661202418708375
UBFC_PHYS_s13_T2_ctrl,66,164,71.46666666666667,0.23187942802906036,-0.17467556496621187
UBFC_PHYS_s13_T2_ctrl,66,165,71.5,0.1920177936553955,-0.23847533570892696
UBFC_PHYS_s13_T2_ctrl,66,166,71.53333333333333,0.1548713892698288,-0.23820090314772316
UBFC_PHYS_s13_T2_ctrl,66,167,71.56666666666666,0.10733532905578613,-0.18521457862435511
UBFC_PHYS_s13_T2_ctrl,66,168,71.6,0.05480709299445152,-0.10112577367212972
UBFC_PHYS_s13_T2_ctrl,66,169,71.63333333333334,0.011449301615357399,-0.015389431366900966
UBFC_PHYS_s13_T2_ctrl,66,170,71.66666666666667,-0.02597389742732048,0.03867641540817203
UBFC_PHYS_s13_T2_ctrl,66,171,71.7,-0.0629291832447052,0.029321466717328565
UBFC_PHYS_s13_T2_ctrl,66,172,71.73333333333333,-0.09665849804878235,-0.0671994275853264
UBFC_PHYS_s13_T2_ctrl,66,173,71.76666666666667,-0.12813392281532288,-0.2599983943119976
UBFC_PHYS_s13_T2_ctrl,66,174,71.8,-0.1557144671678543,-0.5380095794441977
UBFC_PHYS_s13_T2_ctrl,66,175,71.83333333333333,-0.1669575721025467,-0.8672310608767063
UBFC_PHYS_s13_T2_ctrl,66,176,71.86666666666666,-0.1566239297389984,-1.1926085454487243
UBFC_PHYS_s13_T2_ctrl,66,177,71.9,-0.14006571471691132,-1.4459607646045634
UBFC_PHYS_s13_T2_ctrl,66,178,71.93333333333334,-0.1286018341779709,-1.5600435049103516
UBFC_PHYS_s13_T2_ctrl,66,179,71.96666666666667,-0.09882672131061554,-1.486723626217575
UBFC_PHYS_s13_T2_ctrl,66,180,72.0,-0.021558374166488647,-1.2147163416621651
UBFC_PHYS_s13_T2_ctrl,66,181,72.03333333333333,0.0940525159239769,-0.7802681615714793
UBFC_PHYS_s13_T2_ctrl,66,182,72.06666666666666,0.21976639330387115,-0.2640421888022232
UBFC_PHYS_s13_T2_ctrl,66,183,72.1,0.3385702967643738,0.22873223433148143
UBFC_PHYS_s13_T2_ctrl,66,184,72.13333333333334,0.4031852185726166,0.6002052009514817
UBFC_PHYS_s13_T2_ctrl,66,185,72.16666666666667,0.3459185063838959,0.7921883130206403
UBFC_PHYS_s13_T2_ctrl,66,186,72.2,0.17238520085811615,0.805211557140621
UBFC_PHYS_s13_T2_ctrl,66,187,72.23333333333333,-0.017683260142803192,0.6959318820686995
UBFC_PHYS_s13_T2_ctrl,66,188,72.26666666666667,-0.1310962736606598,0.5542199565035411
UBFC_PHYS_s13_T2_ctrl,66,189,72.3,-0.18334442377090454,0.4699185576357575
UBFC_PHYS_s13_T2_ctrl,66,190,72.33333333333333,-0.2880713939666748,0.5021812742408566
UBFC_PHYS_s13_T2_ctrl,66,191,72.36666666666666,-0.5237054228782654,0.6617819704251331
UBFC_PHYS_s13_T2_ctrl,66,192,72.4,-0.7994976043701172,0.9113903379139318
UBFC_PHYS_s13_T2_ctrl,66,193,72.43333333333334,-0.9312811493873596,1.1820190680700855
UBFC_PHYS_s13_T2_ctrl,66,194,72.46666666666667,-0.8649066686630249,1.3975051014896083
UBFC_PHYS_s13_T2_ctrl,66,195,72.5,-0.7061784863471985,1.4966045789291695
UBFC_PHYS_s13_T2_ctrl,66,196,72.53333333333333,-0.5490649938583374,1.4457732078082073
UBFC_PHYS_s13_T2_ctrl,66,197,72.56666666666666,-0.40602514147758484,1.2416659079951864
UBFC_PHYS_s13_T2_ctrl,66,198,72.6,-0.26175618171691895,0.9064254981103136
UBFC_PHYS_s13_T2_ctrl,66,199,72.63333333333334,-0.09112261980772018,0.47966917458918246
UBFC_PHYS_s13_T2_ctrl,66,200,72.66666666666667,0.10355906933546066,0.009850122785097462
UBFC_PHYS_s13_T2_ctrl,66,201,72.7,0.2643203139305115,-0.45376518636212076
UBFC_PHYS_s13_T2_ctrl,66,202,72.73333333333333,0.3496420681476593,-0.8677381782019806
UBFC_PHYS_s13_T2_ctrl,66,203,72.76666666666667,0.38604703545570374,-1.1990271703424984
UBFC_PHYS_s13_T2_ctrl,66,204,72.8,0.40751177072525024,-1.4273299116880338
UBFC_PHYS_s13_T2_ctrl,66,205,72.83333333333333,0.41678106784820557,-1.5456475756786943
UBFC_PHYS_s13_T2_ctrl,66,206,72.86666666666666,0.41988182067871094,-1.559498403093578
UBFC_PHYS_s13_T2_ctrl,66,207,72.9,0.43581393361091614,-1.4846969872824418
UBFC_PHYS_s13_T2_ctrl,66,208,72.93333333333334,0.47236061096191406,-1.3432927072351395
UBFC_PHYS_s13_T2_ctrl,66,209,72.96666666666667,0.5112040638923645,-1.1578577587880843
UBFC_PHYS_s13_T2_ctrl,66,210,73.0,0.5249613523483276,-0.9457493398927952
UBFC_PHYS_s13_T2_ctrl,66,211,73.03333333333333,0.5006100535392761,-0.7158228617847563
UBFC_PHYS_s13_T2_ctrl,66,212,73.06666666666666,0.44168591499328613,-0.4692091093571959
UBFC_PHYS_s13_T2_ctrl,66,213,73.1,0.35229137539863586,-0.20387688404032622
UBFC_PHYS_s13_T2_ctrl,66,214,73.13333333333334,0.2344760149717331,0.07890545770838782
UBFC_PHYS_s13_T2_ctrl,66,215,73.16666666666667,0.09410194307565689,0.36890589710796984
UBFC_PHYS_s13_T2_ctrl,66,216,73.2,-0.03321337699890137,0.6446907386675288
UBFC_PHYS_s13_T2_ctrl,66,217,73.23333333333333,-0.08482885360717773,0.8763539134685163
UBFC_PHYS_s13_T2_ctrl,66,218,73.26666666666667,-0.04417309910058975,1.032811056773569
UBFC_PHYS_s13_T2_ctrl,66,219,73.3,0.023410754278302193,1.0912493834897579
UBFC_PHYS_s13_T2_ctrl,66,220,73.33333333333333,0.05311008170247078,1.0452042180140064
UBFC_PHYS_s13_T2_ctrl,66,221,73.36666666666666,0.03675287961959839,0.9080499631251395
UBFC_PHYS_s13_T2_ctrl,66,222,73.4,0.0007927351398393512,0.7103787120823114
UBFC_PHYS_s13_T2_ctrl,66,223,73.43333333333334,-0.026520894840359688,0.4920473482021917
UBFC_PHYS_s13_T2_ctrl,66,224,73.46666666666667,-0.032702624797821045,0.2916095926787742
UBFC_PHYS_s13_T2_ctrl,66,225,73.5,-0.020767534151673317,0.1366607229736671
UBFC_PHYS_s13_T2_ctrl,66,226,73.53333333333333,-0.0007856492884457111,0.038076176614806306
UBFC_PHYS_s13_T2_ctrl,66,227,73.56666666666666,0.015571554191410542,-0.010362140488235418
UBFC_PHYS_s13_T2_ctrl,66,228,73.6,0.023470066487789154,-0.027235748239108744
UBFC_PHYS_s13_T2_ctrl,66,229,73.63333333333334,0.030544787645339966,-0.03555180622375069
UBFC_PHYS_s13_T2_ctrl,66,230,73.66666666666667,0.044064853340387344,-0.054522781773475006
UBFC_PHYS_s13_T2_ctrl,66,231,73.7,0.05887003242969513,-0.09389626467823628
UBFC_PHYS_s13_T2_ctrl,66,232,73.73333333333333,0.06505835801362991,-0.15234260560202514
UBFC_PHYS_s13_T2_ctrl,66,233,73.76666666666667,0.06372051686048508,-0.2196177331164431
UBFC_PHYS_s13_T2_ctrl,66,234,73.8,0.08752808719873428,-0.280951937305846
UBFC_PHYS_s13_T2_ctrl,66,235,73.83333333333333,0.20839478075504303,-0.32186524156595075
UBFC_PHYS_s13_T2_ctrl,66,236,73.86666666666666,0.45627361536026,-0.3321944545226696
UBFC_PHYS_s13_T2_ctrl,66,237,73.9,0.6974336504936218,-0.3087478698275811
UBFC_PHYS_s13_T2_ctrl,66,238,73.93333333333334,0.7251789569854736,-0.25615745637012977
UBFC_PHYS_s13_T2_ctrl,66,239,73.96666666666667,0.5142850279808044,-0.1856364391450807
UBFC_PHYS_s13_T2_ctrl,67,0,67.0,-0.9401682615280151,0.06528137546034478
UBFC_PHYS_s13_T2_ctrl,67,1,67.03333333333333,-1.1431372165679932,-0.0048582331548730475
UBFC_PHYS_s13_T2_ctrl,67,2,67.06666666666666,-1.351694941520691,-0.05779453279256139
UBFC_PHYS_s13_T2_ctrl,67,3,67.1,-1.5032857656478882,-0.08058733612815434
UBFC_PHYS_s13_T2_ctrl,67,4,67.13333333333334,-1.5182127952575684,-0.06807086061277233
UBFC_PHYS_s13_T2_ctrl,67,5,67.16666666666667,-1.3717031478881836,-0.02425141645504559
UBFC_PHYS_s13_T2_ctrl,67,6,67.2,-1.117089033126831,0.03916136875239378
UBFC_PHYS_s13_T2_ctrl,67,7,67.23333333333333,-0.8433529734611511,0.10658444671545028
UBFC_PHYS_s13_T2_ctrl,67,8,67.26666666666667,-0.6383606791496277,0.16329149852987046
UBFC_PHYS_s13_T2_ctrl,67,9,67.3,-0.5243842005729675,0.199344288520106
UBFC_PHYS_s13_T2_ctrl,67,10,67.33333333333333,-0.4305049180984497,0.21148325913430893
UBFC_PHYS_s13_T2_ctrl,67,11,67.36666666666666,-0.30751287937164307,0.20266129063001875
UBFC_PHYS_s13_T2_ctrl,67,12,67.4,-0.225407212972641,0.17987936735126123
UBFC_PHYS_s13_T2_ctrl,67,13,67.43333333333334,-0.32596251368522644,0.151452214749334
UBFC_PHYS_s13_T2_ctrl,67,14,67.46666666666667,-0.6599868535995483,0.12456183072277462
UBFC_PHYS_s13_T2_ctrl,67,15,67.5,-1.0232064723968506,0.10337381268626193
UBFC_PHYS_s13_T2_ctrl,67,16,67.53333333333333,-1.1174579858779907,0.08766352123731216
UBFC_PHYS_s13_T2_ctrl,67,17,67.56666666666666,-1.020916223526001,0.0719785194576948
UBFC_PHYS_s13_T2_ctrl,67,18,67.6,-1.016761064529419,0.04567172335884386
UBFC_PHYS_s13_T2_ctrl,67,19,67.63333333333334,-1.1059150695800781,-0.005614176655232423
UBFC_PHYS_s13_T2_ctrl,67,20,67.66666666666667,-1.1422277688980103,-0.09651645567373704
UBFC_PHYS_s13_T2_ctrl,67,21,67.7,-1.2440385818481445,-0.2366207151018713
UBFC_PHYS_s13_T2_ctrl,67,22,67.73333333333333,-1.5860108137130737,-0.4242037496986667
UBFC_PHYS_s13_T2_ctrl,67,23,67.76666666666667,-1.992321252822876,-0.6411245193728359
UBFC_PHYS_s13_T2_ctrl,67,24,67.8,-2.1083571910858154,-0.8516693031173993
UBFC_PHYS_s13_T2_ctrl,67,25,67.83333333333333,-1.847904086112976,-1.0076978307582847
UBFC_PHYS_s13_T2_ctrl,67,26,67.86666666666666,-1.374392032623291,-1.0603816111617157
UBFC_PHYS_s13_T2_ctrl,67,27,67.9,-0.8518116474151611,-0.9758199272514749
UBFC_PHYS_s13_T2_ctrl,67,28,67.93333333333334,-0.4126879572868347,-0.7491573557008088
UBFC_PHYS_s13_T2_ctrl,67,29,67.96666666666667,-0.15332217514514923,-0.410802990812529
UBFC_PHYS_s13_T2_ctrl,67,30,68.0,0.029549647122621536,-0.02014973101195225
UBFC_PHYS_s13_T2_ctrl,67,31,68.03333333333333,0.3005276024341583,0.3523606399808598
UBFC_PHYS_s13_T2_ctrl,67,32,68.06666666666666,0.5617683529853821,0.6468868619553239
UBFC_PHYS_s13_T2_ctrl,67,33,68.1,0.6947744488716125,0.8290742985496515
UBFC_PHYS_s13_T2_ctrl,67,34,68.13333333333334,0.8042464256286621,0.8930629309439125
UBFC_PHYS_s13_T2_ctrl,67,35,68.16666666666667,0.9823468327522278,0.8552041025700973
UBFC_PHYS_s13_T2_ctrl,67,36,68.2,1.1936163902282715,0.7442888755042019
UBFC_PHYS_s13_T2_ctrl,67,37,68.23333333333333,1.4175328016281128,0.5927828957461987
UBFC_PHYS_s13_T2_ctrl,67,38,68.26666666666667,1.5977323055267334,0.4309714157476982
UBFC_PHYS_s13_T2_ctrl,67,39,68.3,1.6029452085494995,0.28380977920843176
UBFC_PHYS_s13_T2_ctrl,67,40,68.33333333333333,1.4143760204315186,0.1692136045349249
UBFC_PHYS_s13_T2_ctrl,67,41,68.36666666666666,1.1373580694198608,0.09674201515343278
UBFC_PHYS_s13_T2_ctrl,67,42,68.4,0.85652095079422,0.0667122671948423
UBFC_PHYS_s13_T2_ctrl,67,43,68.43333333333334,0.5977944135665894,0.07056505479449011
UBFC_PHYS_s13_T2_ctrl,67,44,68.46666666666667,0.37761470675468445,0.09297845213426174
UBFC_PHYS_s13_T2_ctrl,67,45,68.5,0.21544642746448517,0.11534142170689857
UBFC_PHYS_s13_T2_ctrl,67,46,68.53333333333333,0.11176732927560806,0.11967825225528841
UBFC_PHYS_s13_T2_ctrl,67,47,68.56666666666666,0.034581366926431656,0.09220485944604809
UBFC_PHYS_s13_T2_ctrl,67,48,68.6,-0.04403799772262573,0.026083248505615057
UBFC_PHYS_s13_T2_ctrl,67,49,68.63333333333334,-0.12577788531780243,-0.07688401842013452
UBFC_PHYS_s13_T2_ctrl,67,50,68.66666666666667,-0.19315414130687714,-0.20606414029991857
UBFC_PHYS_s13_T2_ctrl,67,51,68.7,-0.21615439653396606,-0.3437251546367812
UBFC_PHYS_s13_T2_ctrl,67,52,68.73333333333333,-0.171636700630188,-0.4684460343752223
UBFC_PHYS_s13_T2_ctrl,67,53,68.76666666666667,-0.08131621032953262,-0.5592599467127152
UBFC_PHYS_s13_T2_ctrl,67,54,68.8,-0.004545433446764946,-0.5995100191687471
UBFC_PHYS_s13_T2_ctrl,67,55,68.83333333333333,0.029038896784186363,-0.5797714657023298
UBFC_PHYS_s13_T2_ctrl,67,56,68.86666666666666,0.032950259745121,-0.49951956283256754
UBFC_PHYS_s13_T2_ctrl,67,57,68.9,0.024379532784223557,-0.3673376503431547
UBFC_PHYS_s13_T2_ctrl,67,58,68.93333333333334,0.007323754020035267,-0.19950006391817438
UBFC_PHYS_s13_T2_ctrl,67,59,68.96666666666667,-0.009297062642872334,-0.016991573426051704
UBFC_PHYS_s13_T2_ctrl,67,60,69.0,-0.011672877706587315,0.1584829161805312
UBFC_PHYS_s13_T2_ctrl,67,61,69.03333333333333,-0.004285115282982588,0.30851519270289773
UBFC_PHYS_s13_T2_ctrl,67,62,69.06666666666666,-0.003685395233333111,0.42100976768480125
UBFC_PHYS_s13_T2_ctrl,67,63,69.1,-0.011781617999076843,0.49140979679555075
UBFC_PHYS_s13_T2_ctrl,67,64,69.13333333333334,-0.025542229413986206,0.5217189202667016
UBFC_PHYS_s13_T2_ctrl,67,65,69.16666666666667,-0.05017688870429993,0.5176029952682848
UBFC_PHYS_s13_T2_ctrl,67,66,69.2,-0.08352067321538925,0.48482443491492716
UBFC_PHYS_s13_T2_ctrl,67,67,69.23333333333333,-0.1078653559088707,0.4267356515654873
UBFC_PHYS_s13_T2_ctrl,67,68,69.26666666666667,-0.11353633552789688,0.34397292071099816
UBFC_PHYS_s13_T2_ctrl,67,69,69.3,-0.11197113245725632,0.23635123193133117
UBFC_PHYS_s13_T2_ctrl,67,70,69.33333333333333,-0.11334522068500519,0.10605296088046334
UBFC_PHYS_s13_T2_ctrl,67,71,69.36666666666666,-0.1148313358426094,-0.03926852508264407
UBFC_PHYS_s13_T2_ctrl,67,72,69.4,-0.11110121011734009,-0.18494942579521464
UBFC_PHYS_s13_T2_ctrl,67,73,69.43333333333334,-0.09215730428695679,-0.31046922162538276
UBFC_PHYS_s13_T2_ctrl,67,74,69.46666666666667,-0.04036059230566025,-0.3935821317899588
UBFC_PHYS_s13_T2_ctrl,67,75,69.5,0.04487216845154762,-0.4165758423265366
UBFC_PHYS_s13_T2_ctrl,67,76,69.53333333333333,0.13601316511631012,-0.3727569118599243
UBFC_PHYS_s13_T2_ctrl,67,77,69.56666666666666,0.21486647427082062,-0.2707084780745378
UBFC_PHYS_s13_T2_ctrl,67,78,69.6,0.28504031896591187,-0.13418538503357408
UBFC_PHYS_s13_T2_ctrl,67,79,69.63333333333334,0.34394800662994385,0.003065570986941541
UBFC_PHYS_s13_T2_ctrl,67,80,69.66666666666667,0.4107673764228821,0.10611935506932907
UBFC_PHYS_s13_T2_ctrl,67,81,69.7,0.5627832412719727,0.14822962704364748
UBFC_PHYS_s13_T2_ctrl,67,82,69.73333333333333,0.8190845847129822,0.11755224237394644
UBFC_PHYS_s13_T2_ctrl,67,83,69.76666666666667,1.0368719100952148,0.019420848024069327
UBFC_PHYS_s13_T2_ctrl,67,84,69.8,1.0494661331176758,-0.12572828531443217
UBFC_PHYS_s13_T2_ctrl,67,85,69.83333333333333,0.8311646580696106,-0.2872624110424534
UBFC_PHYS_s13_T2_ctrl,67,86,69.86666666666666,0.47671353816986084,-0.4302737183946029
UBFC_PHYS_s13_T2_ctrl,67,87,69.9,0.16117504239082336,-0.5213900853058403
UBFC_PHYS_s13_T2_ctrl,67,88,69.93333333333334,0.003198206191882491,-0.5343087205661889
UBFC_PHYS_s13_T2_ctrl,67,89,69.96666666666667,-0.09742297977209091,-0.4552219725490834
UBFC_PHYS_s13_T2_ctrl,67,90,70.0,-0.3336929678916931,-0.28762423355808825
UBFC_PHYS_s13_T2_ctrl,67,91,70.03333333333333,-0.7260681390762329,-0.05487543110205527
UBFC_PHYS_s13_T2_ctrl,67,92,70.06666666666666,-1.106175422668457,0.20165562092680908
UBFC_PHYS_s13_T2_ctrl,67,93,70.1,-1.3295382261276245,0.43037134036312247
UBFC_PHYS_s13_T2_ctrl,67,94,70.13333333333334,-1.3509601354599,0.5826038911249175
UBFC_PHYS_s13_T2_ctrl,67,95,70.16666666666667,-1.2204055786132812,0.6275971180203718
UBFC_PHYS_s13_T2_ctrl,67,96,70.2,-1.0502630472183228,0.5632774078721347
UBFC_PHYS_s13_T2_ctrl,67,97,70.23333333333333,-0.9136717915534973,0.4174381289579374
UBFC_PHYS_s13_T2_ctrl,67,98,70.26666666666667,-0.7778944969177246,0.23850214509809897
UBFC_PHYS_s13_T2_ctrl,67,99,70.3,-0.6092017889022827,0.07997701415059524
UBFC_PHYS_s13_T2_ctrl,67,100,70.33333333333333,-0.4611005485057831,-0.015524215343602127
UBFC_PHYS_s13_T2_ctrl,67,101,70.36666666666666,-0.37114250659942627,-0.027886248743051352
UBFC_PHYS_s13_T2_ctrl,67,102,70.4,-0.3062804639339447,0.03616734715132885
UBFC_PHYS_s13_T2_ctrl,67,103,70.43333333333334,-0.253320574760437,0.14673599153092146
UBFC_PHYS_s13_T2_ctrl,67,104,70.46666666666667,-0.25265493988990784,0.26082859894667154
UBFC_PHYS_s13_T2_ctrl,67,105,70.5,-0.3193589746952057,0.33533638030984997
UBFC_PHYS_s13_T2_ctrl,67,106,70.53333333333333,-0.4022587835788727,0.338545165897186
UBFC_PHYS_s13_T2_ctrl,67,107,70.56666666666666,-0.43926018476486206,0.256828561420604
UBFC_PHYS_s13_T2_ctrl,67,108,70.6,-0.4250744879245758,0.09566818440887274
UBFC_PHYS_s13_T2_ctrl,67,109,70.63333333333334,-0.4087766110897064,-0.12352853625356569
UBFC_PHYS_s13_T2_ctrl,67,110,70.66666666666667,-0.4319712817668915,-0.36865886592431274
UBFC_PHYS_s13_T2_ctrl,67,111,70.7,-0.4725545346736908,-0.6026863285898076
UBFC_PHYS_s13_T2_ctrl,67,112,70.73333333333333,-0.4753224849700928,-0.7892837935373558
UBFC_PHYS_s13_T2_ctrl,67,113,70.76666666666667,-0.4298129379749298,-0.8982203389994723
UBFC_PHYS_s13_T2_ctrl,67,114,70.8,-0.3908805549144745,-0.9103519273159048
UBFC_PHYS_s13_T2_ctrl,67,115,70.83333333333333,-0.40626898407936096,-0.8215607914106252
UBFC_PHYS_s13_T2_ctrl,67,116,70.86666666666666,-0.44827577471733093,-0.6443225727166868
UBFC_PHYS_s13_T2_ctrl,67,117,70.9,-0.42911767959594727,-0.40554771042299653
UBFC_PHYS_s13_T2_ctrl,67,118,70.93333333333334,-0.2920980751514435,-0.14044481494146763
UBFC_PHYS_s13_T2_ctrl,67,119,70.96666666666667,-0.06324881315231323,0.11602165503684499
UBFC_PHYS_s13_T2_ctrl,67,120,71.0,0.20808173716068268,0.33702458746236996
UBFC_PHYS_s13_T2_ctrl,67,121,71.03333333333333,0.5008407235145569,0.508115309143
UBFC_PHYS_s13_T2_ctrl,67,122,71.06666666666666,0.7744218707084656,0.6266869506919446
UBFC_PHYS_s13_T2_ctrl,67,123,71.1,0.9602198004722595,0.6979035702368769
UBFC_PHYS_s13_T2_ctrl,67,124,71.13333333333334,1.032558560371399,0.7296078756980505
UBFC_PHYS_s13_T2_ctrl,67,125,71.16666666666667,1.0276224613189697,0.7284876097159987
UBFC_PHYS_s13_T2_ctrl,67,126,71.2,0.9858331084251404,0.6985719611381489
UBFC_PHYS_s13_T2_ctrl,67,127,71.23333333333333,0.9236302971839905,0.6418129045024297
UBFC_PHYS_s13_T2_ctrl,67,128,71.26666666666667,0.8410238027572632,0.5597661477479536
UBFC_PHYS_s13_T2_ctrl,67,129,71.3,0.7252613306045532,0.45531036894331195
UBFC_PHYS_s13_T2_ctrl,67,130,71.33333333333333,0.5762341618537903,0.3336733029776539
UBFC_PHYS_s13_T2_ctrl,67,131,71.36666666666666,0.4316883981227875,0.20252509688017512
UBFC_PHYS_s13_T2_ctrl,67,132,71.4,0.3336769938468933,0.07133485806125417
UBFC_PHYS_s13_T2_ctrl,67,133,71.43333333333334,0.27683866024017334,-0.04964970466894154
UBFC_PHYS_s13_T2_ctrl,67,134,71.46666666666667,0.23187942802906036,-0.15059728389711474
UBFC_PHYS_s13_T2_ctrl,67,135,71.5,0.1920177936553955,-0.22352128988886455
UBFC_PHYS_s13_T2_ctrl,67,136,71.53333333333333,0.1548713892698288,-0.2640488174301497
UBFC_PHYS_s13_T2_ctrl,67,137,71.56666666666666,0.10733532905578613,-0.2732720853424244
UBFC_PHYS_s13_T2_ctrl,67,138,71.6,0.05480709299445152,-0.25884147959133746
UBFC_PHYS_s13_T2_ctrl,67,139,71.63333333333334,0.011449301615357399,-0.23437185543540615
UBFC_PHYS_s13_T2_ctrl,67,140,71.66666666666667,-0.02597389742732048,-0.21699923279325814
UBFC_PHYS_s13_T2_ctrl,67,141,71.7,-0.0629291832447052,-0.223809470425237
UBFC_PHYS_s13_T2_ctrl,67,142,71.73333333333333,-0.09665849804878235,-0.26803894136888345
UBFC_PHYS_s13_T2_ctrl,67,143,71.76666666666667,-0.12813392281532288,-0.355540152040097
UBFC_PHYS_s13_T2_ctrl,67,144,71.8,-0.1557144671678543,-0.4816598715661845
UBFC_PHYS_s13_T2_ctrl,67,145,71.83333333333333,-0.1669575721025467,-0.6289351638788003
UBFC_PHYS_s13_T2_ctrl,67,146,71.86666666666666,-0.1566239297389984,-0.7668308733221008
UBFC_PHYS_s13_T2_ctrl,67,147,71.9,-0.14006571471691132,-0.8552640208344755
UBFC_PHYS_s13_T2_ctrl,67,148,71.93333333333334,-0.1286018341779709,-0.852990010911206
UBFC_PHYS_s13_T2_ctrl,67,149,71.96666666666667,-0.09882672131061554,-0.7299574920996998
UBFC_PHYS_s13_T2_ctrl,67,150,72.0,-0.021558374166488647,-0.48021706137243
UBFC_PHYS_s13_T2_ctrl,67,151,72.03333333333333,0.0940525159239769,-0.13023091153903674
UBFC_PHYS_s13_T2_ctrl,67,152,72.06666666666666,0.21976639330387115,0.26223830928788383
UBFC_PHYS_s13_T2_ctrl,67,153,72.1,0.3385702967643738,0.6205623798459238
UBFC_PHYS_s13_T2_ctrl,67,154,72.13333333333334,0.4031852185726166,0.8702135872995806
UBFC_PHYS_s13_T2_ctrl,67,155,72.16666666666667,0.3459185063838959,0.9612831667312682
UBFC_PHYS_s13_T2_ctrl,67,156,72.2,0.17238520085811615,0.8842276972065684
UBFC_PHYS_s13_T2_ctrl,67,157,72.23333333333333,-0.017683260142803192,0.6728697262624429
UBFC_PHYS_s13_T2_ctrl,67,158,72.26666666666667,-0.1310962736606598,0.3937228925816269
UBFC_PHYS_s13_T2_ctrl,67,159,72.3,-0.18334442377090454,0.1257687280191836
UBFC_PHYS_s13_T2_ctrl,67,160,72.33333333333333,-0.2880713939666748,-0.062460300391873357
UBFC_PHYS_s13_T2_ctrl,67,161,72.36666666666666,-0.5237054228782654,-0.1314131763023216
UBFC_PHYS_s13_T2_ctrl,67,162,72.4,-0.7994976043701172,-0.07918978299142285
UBFC_PHYS_s13_T2_ctrl,67,163,72.43333333333334,-0.9312811493873596,0.061766309749179196
UBFC_PHYS_s13_T2_ctrl,67,164,72.46666666666667,-0.8649066686630249,0.23758534756349936
UBFC_PHYS_s13_T2_ctrl,67,165,72.5,-0.7061784863471985,0.3898848739765501
UBFC_PHYS_s13_T2_ctrl,67,166,72.53333333333333,-0.5490649938583374,0.47091848945961223
UBFC_PHYS_s13_T2_ctrl,67,167,72.56666666666666,-0.40602514147758484,0.45348486178292524
UBFC_PHYS_s13_T2_ctrl,67,168,72.6,-0.26175618171691895,0.3348481317159581
UBFC_PHYS_s13_T2_ctrl,67,169,72.63333333333334,-0.09112261980772018,0.13541202399147986
UBFC_PHYS_s13_T2_ctrl,67,170,72.66666666666667,0.10355906933546066,-0.10712042916529518
UBFC_PHYS_s13_T2_ctrl,67,171,72.7,0.2643203139305115,-0.3472724688488372
UBFC_PHYS_s13_T2_ctrl,67,172,72.73333333333333,0.3496420681476593,-0.5428351748700126
UBFC_PHYS_s13_T2_ctrl,67,173,72.76666666666667,0.38604703545570374,-0.6641170078417957
UBFC_PHYS_s13_T2_ctrl,67,174,72.8,0.40751177072525024,-0.6988167931587784
UBFC_PHYS_s13_T2_ctrl,67,175,72.83333333333333,0.41678106784820557,-0.6518867545303758
UBFC_PHYS_s13_T2_ctrl,67,176,72.86666666666666,0.41988182067871094,-0.5414318837817235
UBFC_PHYS_s13_T2_ctrl,67,177,72.9,0.43581393361091614,-0.3924848171256244
UBFC_PHYS_s13_T2_ctrl,67,178,72.93333333333334,0.47236061096191406,-0.2305086242901514
UBFC_PHYS_s13_T2_ctrl,67,179,72.96666666666667,0.5112040638923645,-0.07609417829802025
UBFC_PHYS_s13_T2_ctrl,67,180,73.0,0.5249613523483276,0.05814194423925891
UBFC_PHYS_s13_T2_ctrl,67,181,73.03333333333333,0.5006100535392761,0.16797108474535866
UBFC_PHYS_s13_T2_ctrl,67,182,73.06666666666666,0.44168591499328613,0.25545722932621273
UBFC_PHYS_s13_T2_ctrl,67,183,73.1,0.35229137539863586,0.32528523159489015
UBFC_PHYS_s13_T2_ctrl,67,184,73.13333333333334,0.2344760149717331,0.38101979182515483
UBFC_PHYS_s13_T2_ctrl,67,185,73.16666666666667,0.09410194307565689,0.4227916995840782
UBFC_PHYS_s13_T2_ctrl,67,186,73.2,-0.03321337699890137,0.4471670597335841
UBFC_PHYS_s13_T2_ctrl,67,187,73.23333333333333,-0.08482885360717773,0.44893890566857764
UBFC_PHYS_s13_T2_ctrl,67,188,73.26666666666667,-0.04417309910058975,0.4238713894196535
UBFC_PHYS_s13_T2_ctrl,67,189,73.3,0.023410754278302193,0.37122890880246373
UBFC_PHYS_s13_T2_ctrl,67,190,73.33333333333333,0.05311008170247078,0.2951563558562277
UBFC_PHYS_s13_T2_ctrl,67,191,73.36666666666666,0.03675287961959839,0.20446621625739816
UBFC_PHYS_s13_T2_ctrl,67,192,73.4,0.0007927351398393512,0.1109287723469578
UBFC_PHYS_s13_T2_ctrl,67,193,73.43333333333334,-0.026520894840359688,0.026571482819459716
UBFC_PHYS_s13_T2_ctrl,67,194,73.46666666666667,-0.032702624797821045,-0.039304345825695655
UBFC_PHYS_s13_T2_ctrl,67,195,73.5,-0.020767534151673317,-0.08261958119046742
UBFC_PHYS_s13_T2_ctrl,67,196,73.53333333333333,-0.0007856492884457111,-0.10579160719238515
UBFC_PHYS_s13_T2_ctrl,67,197,73.56666666666666,0.015571554191410542,-0.11730654150309794
UBFC_PHYS_s13_T2_ctrl,67,198,73.6,0.023470066487789154,-0.1296240711750252
UBFC_PHYS_s13_T2_ctrl,67,199,73.63333333333334,0.030544787645339966,-0.15596518184678493
UBFC_PHYS_s13_T2_ctrl,67,200,73.66666666666667,0.044064853340387344,-0.2067676333054612
UBFC_PHYS_s13_T2_ctrl,67,201,73.7,0.05887003242969513,-0.2865406463030769
UBFC_PHYS_s13_T2_ctrl,67,202,73.73333333333333,0.06505835801362991,-0.3916683426638022
UBFC_PHYS_s13_T2_ctrl,67,203,73.76666666666667,0.06372051686048508,-0.5095648990126468
UBFC_PHYS_s13_T2_ctrl,67,204,73.8,0.08752808719873428,-0.6195410966096394
UBFC_PHYS_s13_T2_ctrl,67,205,73.83333333333333,0.20839478075504303,-0.6957241487834589
UBFC_PHYS_s13_T2_ctrl,67,206,73.86666666666666,0.45627361536026,-0.7121514928233343
UBFC_PHYS_s13_T2_ctrl,67,207,73.9,0.6974336504936218,-0.6494284833296322
UBFC_PHYS_s13_T2_ctrl,67,208,73.93333333333334,0.7251789569854736,-0.5012114111673415
UBFC_PHYS_s13_T2_ctrl,67,209,73.96666666666667,0.5142850279808044,-0.27810631067397956
UBFC_PHYS_s13_T2_ctrl,67,210,74.0,0.2476237267255783,-0.0071148957934078745
UBFC_PHYS_s13_T2_ctrl,67,211,74.03333333333333,0.08749843388795853,0.27368250010297546
UBFC_PHYS_s13_T2_ctrl,67,212,74.06666666666666,0.02282750979065895,0.5237109163789266
UBFC_PHYS_s13_T2_ctrl,67,213,74.1,-0.032768528908491135,0.7089834516693215
UBFC_PHYS_s13_T2_ctrl,67,214,74.13333333333334,-0.11534538865089417,0.8087587990549455
UBFC_PHYS_s13_T2_ctrl,67,215,74.16666666666667,-0.1873876005411148,0.8180259750689314
UBFC_PHYS_s13_T2_ctrl,67,216,74.2,-0.23656794428825378,0.7460590274191423
UBFC_PHYS_s13_T2_ctrl,67,217,74.23333333333333,-0.32556048035621643,0.612709557397451
UBFC_PHYS_s13_T2_ctrl,67,218,74.26666666666667,-0.4911425709724426,0.4440347013508612
UBFC_PHYS_s13_T2_ctrl,67,219,74.3,-0.6368910670280457,0.2679444833878362
UBFC_PHYS_s13_T2_ctrl,67,220,74.33333333333333,-0.6239147186279297,0.10993867212062149
UBFC_PHYS_s13_T2_ctrl,67,221,74.36666666666666,-0.4791613519191742,-0.010931099380384758
UBFC_PHYS_s13_T2_ctrl,67,222,74.4,-0.43087729811668396,-0.08525609877525968
UBFC_PHYS_s13_T2_ctrl,67,223,74.43333333333334,-0.621235728263855,-0.11461709979261014
UBFC_PHYS_s13_T2_ctrl,67,224,74.46666666666667,-0.8662214279174805,-0.11025568756635001
UBFC_PHYS_s13_T2_ctrl,67,225,74.5,-0.8781367540359497,-0.08913355477240498
UBFC_PHYS_s13_T2_ctrl,67,226,74.53333333333333,-0.6288047432899475,-0.06867342822890128
UBFC_PHYS_s13_T2_ctrl,67,227,74.56666666666666,-0.3245060443878174,-0.06215388251344689
UBFC_PHYS_s13_T2_ctrl,67,228,74.6,-0.10543682426214218,-0.07626192563389288
UBFC_PHYS_s13_T2_ctrl,67,229,74.63333333333334,-0.012625180184841156,-0.11111481180396406
UBFC_PHYS_s13_T2_ctrl,67,230,74.66666666666667,-0.0357934907078743,-0.16197105457543426
UBFC_PHYS_s13_T2_ctrl,67,231,74.7,-0.0915081575512886,-0.22134038166508163
UBFC_PHYS_s13_T2_ctrl,67,232,74.73333333333333,-0.07276854664087296,-0.28040832056536774
UBFC_PHYS_s13_T2_ctrl,67,233,74.76666666666667,0.02223437838256359,-0.32952230705727087
UBFC_PHYS_s13_T2_ctrl,67,234,74.8,0.09944011270999908,-0.3584889051937045
UBFC_PHYS_s13_T2_ctrl,67,235,74.83333333333333,0.11891454458236694,-0.3577751407291038
UBFC_PHYS_s13_T2_ctrl,67,236,74.86666666666666,0.11078537255525589,-0.3209609971965482
UBFC_PHYS_s13_T2_ctrl,67,237,74.9,0.08596618473529816,-0.24756142329786995
UBFC_PHYS_s13_T2_ctrl,67,238,74.93333333333334,0.037836991250514984,-0.14463392151738327
UBFC_PHYS_s13_T2_ctrl,67,239,74.96666666666667,0.0031487788073718548,-0.026026676591551418
UBFC_PHYS_s13_T2_ctrl,68,0,68.0,0.029549647122621536,-0.031947990920967936
UBFC_PHYS_s13_T2_ctrl,68,1,68.03333333333333,0.3005276024341583,-0.2261171683874234
UBFC_PHYS_s13_T2_ctrl,68,2,68.06666666666666,0.5617683529853821,-0.3943088257194075
UBFC_PHYS_s13_T2_ctrl,68,3,68.1,0.6947744488716125,-0.5188876612614193
UBFC_PHYS_s13_T2_ctrl,68,4,68.13333333333334,0.8042464256286621,-0.5954503943083506
UBFC_PHYS_s13_T2_ctrl,68,5,68.16666666666667,0.9823468327522278,-0.6324745676306213
UBFC_PHYS_s13_T2_ctrl,68,6,68.2,1.1936163902282715,-0.6448611140505573
UBFC_PHYS_s13_T2_ctrl,68,7,68.23333333333333,1.4175328016281128,-0.6441736176346768
UBFC_PHYS_s13_T2_ctrl,68,8,68.26666666666667,1.5977323055267334,-0.6309765386132602
UBFC_PHYS_s13_T2_ctrl,68,9,68.3,1.6029452085494995,-0.5940417625200466
UBFC_PHYS_s13_T2_ctrl,68,10,68.33333333333333,1.4143760204315186,-0.5170594722499076
UBFC_PHYS_s13_T2_ctrl,68,11,68.36666666666666,1.1373580694198608,-0.3890011888414313
UBFC_PHYS_s13_T2_ctrl,68,12,68.4,0.85652095079422,-0.21272019916859156
UBFC_PHYS_s13_T2_ctrl,68,13,68.43333333333334,0.5977944135665894,-0.007841228258538595
UBFC_PHYS_s13_T2_ctrl,68,14,68.46666666666667,0.37761470675468445,0.1931802391311876
UBFC_PHYS_s13_T2_ctrl,68,15,68.5,0.21544642746448517,0.35418951642269636
UBFC_PHYS_s13_T2_ctrl,68,16,68.53333333333333,0.11176732927560806,0.4462441110807161
UBFC_PHYS_s13_T2_ctrl,68,17,68.56666666666666,0.034581366926431656,0.4565071342164408
UBFC_PHYS_s13_T2_ctrl,68,18,68.6,-0.04403799772262573,0.3922279141181493
UBFC_PHYS_s13_T2_ctrl,68,19,68.63333333333334,-0.12577788531780243,0.2786504447483698
UBFC_PHYS_s13_T2_ctrl,68,20,68.66666666666667,-0.19315414130687714,0.15163005218476336
UBFC_PHYS_s13_T2_ctrl,68,21,68.7,-0.21615439653396606,0.047265975171504604
UBFC_PHYS_s13_T2_ctrl,68,22,68.73333333333333,-0.171636700630188,-0.008391842164927292
UBFC_PHYS_s13_T2_ctrl,68,23,68.76666666666667,-0.08131621032953262,-0.006487675444726662
UBFC_PHYS_s13_T2_ctrl,68,24,68.8,-0.004545433446764946,0.043038570203363324
UBFC_PHYS_s13_T2_ctrl,68,25,68.83333333333333,0.029038896784186363,0.11613817698562652
UBFC_PHYS_s13_T2_ctrl,68,26,68.86666666666666,0.032950259745121,0.1839319039408665
UBFC_PHYS_s13_T2_ctrl,68,27,68.9,0.024379532784223557,0.22293373295378907
UBFC_PHYS_s13_T2_ctrl,68,28,68.93333333333334,0.007323754020035267,0.22237249516064758
UBFC_PHYS_s13_T2_ctrl,68,29,68.96666666666667,-0.009297062642872334,0.1863633957787065
UBFC_PHYS_s13_T2_ctrl,68,30,69.0,-0.011672877706587315,0.13112472950303172
UBFC_PHYS_s13_T2_ctrl,68,31,69.03333333333333,-0.004285115282982588,0.07927609533591114
UBFC_PHYS_s13_T2_ctrl,68,32,69.06666666666666,-0.003685395233333111,0.053531202975363866
UBFC_PHYS_s13_T2_ctrl,68,33,69.1,-0.011781617999076843,0.07111098132322854
UBFC_PHYS_s13_T2_ctrl,68,34,69.13333333333334,-0.025542229413986206,0.1390394466056603
UBFC_PHYS_s13_T2_ctrl,68,35,69.16666666666667,-0.05017688870429993,0.25027219429032405
UBFC_PHYS_s13_T2_ctrl,68,36,69.2,-0.08352067321538925,0.3815893103858433
UBFC_PHYS_s13_T2_ctrl,68,37,69.23333333333333,-0.1078653559088707,0.4951736378805094
UBFC_PHYS_s13_T2_ctrl,68,38,69.26666666666667,-0.11353633552789688,0.5454390842179054
UBFC_PHYS_s13_T2_ctrl,68,39,69.3,-0.11197113245725632,0.4908117323076943
UBFC_PHYS_s13_T2_ctrl,68,40,69.33333333333333,-0.11334522068500519,0.30768563185101866
UBFC_PHYS_s13_T2_ctrl,68,41,69.36666666666666,-0.1148313358426094,0.00206928940166952
UBFC_PHYS_s13_T2_ctrl,68,42,69.4,-0.11110121011734009,-0.3854884219281099
UBFC_PHYS_s13_T2_ctrl,68,43,69.43333333333334,-0.09215730428695679,-0.7844258471203552
UBFC_PHYS_s13_T2_ctrl,68,44,69.46666666666667,-0.04036059230566025,-1.1083300138950816
UBFC_PHYS_s13_T2_ctrl,68,45,69.5,0.04487216845154762,-1.276048597139074
UBFC_PHYS_s13_T2_ctrl,68,46,69.53333333333333,0.13601316511631012,-1.2344844596963933
UBFC_PHYS_s13_T2_ctrl,68,47,69.56666666666666,0.21486647427082062,-0.9763297167373791
UBFC_PHYS_s13_T2_ctrl,68,48,69.6,0.28504031896591187,-0.546475154959248
UBFC_PHYS_s13_T2_ctrl,68,49,69.63333333333334,0.34394800662994385,-0.033747039445049955
UBFC_PHYS_s13_T2_ctrl,68,50,69.66666666666667,0.4107673764228821,0.45053475155205347
UBFC_PHYS_s13_T2_ctrl,68,51,69.7,0.5627832412719727,0.8008106872644521
UBFC_PHYS_s13_T2_ctrl,68,52,69.73333333333333,0.8190845847129822,0.9434036512217114
UBFC_PHYS_s13_T2_ctrl,68,53,69.76666666666667,1.0368719100952148,0.8528530888955734
UBFC_PHYS_s13_T2_ctrl,68,54,69.8,1.0494661331176758,0.5554482257782014
UBFC_PHYS_s13_T2_ctrl,68,55,69.83333333333333,0.8311646580696106,0.12168834374008593
UBFC_PHYS_s13_T2_ctrl,68,56,69.86666666666666,0.47671353816986084,-0.3486745076310549
UBFC_PHYS_s13_T2_ctrl,68,57,69.9,0.16117504239082336,-0.7459261254886135
UBFC_PHYS_s13_T2_ctrl,68,58,69.93333333333334,0.003198206191882491,-0.9719944732257025
UBFC_PHYS_s13_T2_ctrl,68,59,69.96666666666667,-0.09742297977209091,-0.9623683925288181
UBFC_PHYS_s13_T2_ctrl,68,60,70.0,-0.3336929678916931,-0.7048421695465695
UBFC_PHYS_s13_T2_ctrl,68,61,70.03333333333333,-0.7260681390762329,-0.24933533476768255
UBFC_PHYS_s13_T2_ctrl,68,62,70.06666666666666,-1.106175422668457,0.2979005071130453
UBFC_PHYS_s13_T2_ctrl,68,63,70.1,-1.3295382261276245,0.7990352434795476
UBFC_PHYS_s13_T2_ctrl,68,64,70.13333333333334,-1.3509601354599,1.123663921785343
UBFC_PHYS_s13_T2_ctrl,68,65,70.16666666666667,-1.2204055786132812,1.1891618220965146
UBFC_PHYS_s13_T2_ctrl,68,66,70.2,-1.0502630472183228,0.9868344284253473
UBFC_PHYS_s13_T2_ctrl,68,67,70.23333333333333,-0.9136717915534973,0.5833812116004349
UBFC_PHYS_s13_T2_ctrl,68,68,70.26666666666667,-0.7778944969177246,0.09773293813051301
UBFC_PHYS_s13_T2_ctrl,68,69,70.3,-0.6092017889022827,-0.33692533656907464
UBFC_PHYS_s13_T2_ctrl,68,70,70.33333333333333,-0.4611005485057831,-0.6123409946870546
UBFC_PHYS_s13_T2_ctrl,68,71,70.36666666666666,-0.37114250659942627,-0.6736674312528229
UBFC_PHYS_s13_T2_ctrl,68,72,70.4,-0.3062804639339447,-0.5296989799609954
UBFC_PHYS_s13_T2_ctrl,68,73,70.43333333333334,-0.253320574760437,-0.2433815202357737
UBFC_PHYS_s13_T2_ctrl,68,74,70.46666666666667,-0.25265493988990784,0.09222529563127671
UBFC_PHYS_s13_T2_ctrl,68,75,70.5,-0.3193589746952057,0.38291275935993896
UBFC_PHYS_s13_T2_ctrl,68,76,70.53333333333333,-0.4022587835788727,0.5575795658594139
UBFC_PHYS_s13_T2_ctrl,68,77,70.56666666666666,-0.43926018476486206,0.5817946645352674
UBFC_PHYS_s13_T2_ctrl,68,78,70.6,-0.4250744879245758,0.4595752518137924
UBFC_PHYS_s13_T2_ctrl,68,79,70.63333333333334,-0.4087766110897064,0.22613842432912756
UBFC_PHYS_s13_T2_ctrl,68,80,70.66666666666667,-0.4319712817668915,-0.06408301737543448
UBFC_PHYS_s13_T2_ctrl,68,81,70.7,-0.4725545346736908,-0.35046986659316337
UBFC_PHYS_s13_T2_ctrl,68,82,70.73333333333333,-0.4753224849700928,-0.5781812646662482
UBFC_PHYS_s13_T2_ctrl,68,83,70.76666666666667,-0.4298129379749298,-0.7081607089121355
UBFC_PHYS_s13_T2_ctrl,68,84,70.8,-0.3908805549144745,-0.7243749706212537
UBFC_PHYS_s13_T2_ctrl,68,85,70.83333333333333,-0.40626898407936096,-0.6367487468538519
UBFC_PHYS_s13_T2_ctrl,68,86,70.86666666666666,-0.44827577471733093,-0.47784578085744656
UBFC_PHYS_s13_T2_ctrl,68,87,70.9,-0.42911767959594727,-0.29258181133894606
UBFC_PHYS_s13_T2_ctrl,68,88,70.93333333333334,-0.2920980751514435,-0.12331291729767335
UBFC_PHYS_s13_T2_ctrl,68,89,70.96666666666667,-0.06324881315231323,0.0043710404760561915
UBFC_PHYS_s13_T2_ctrl,68,90,71.0,0.20808173716068268,0.08919427282976237
UBFC_PHYS_s13_T2_ctrl,68,91,71.03333333333333,0.5008407235145569,0.15164638264698516
UBFC_PHYS_s13_T2_ctrl,68,92,71.06666666666666,0.7744218707084656,0.22247478615296035
UBFC_PHYS_s13_T2_ctrl,68,93,71.1,0.9602198004722595,0.32734102804908927
UBFC_PHYS_s13_T2_ctrl,68,94,71.13333333333334,1.032558560371399,0.4739347320489908
UBFC_PHYS_s13_T2_ctrl,68,95,71.16666666666667,1.0276224613189697,0.6462341863542596
UBFC_PHYS_s13_T2_ctrl,68,96,71.2,0.9858331084251404,0.8075892245342575
UBFC_PHYS_s13_T2_ctrl,68,97,71.23333333333333,0.9236302971839905,0.9112539182581062
UBFC_PHYS_s13_T2_ctrl,68,98,71.26666666666667,0.8410238027572632,0.9148564417948002
UBFC_PHYS_s13_T2_ctrl,68,99,71.3,0.7252613306045532,0.7943757408496269
UBFC_PHYS_s13_T2_ctrl,68,100,71.33333333333333,0.5762341618537903,0.5534473424725713
UBFC_PHYS_s13_T2_ctrl,68,101,71.36666666666666,0.4316883981227875,0.2251379199715606
UBFC_PHYS_s13_T2_ctrl,68,102,71.4,0.3336769938468933,-0.13453270892694766
UBFC_PHYS_s13_T2_ctrl,68,103,71.43333333333334,0.27683866024017334,-0.4596037150708547
UBFC_PHYS_s13_T2_ctrl,68,104,71.46666666666667,0.23187942802906036,-0.690018502239274
UBFC_PHYS_s13_T2_ctrl,68,105,71.5,0.1920177936553955,-0.7859385326640368
UBFC_PHYS_s13_T2_ctrl,68,106,71.53333333333333,0.1548713892698288,-0.7370667158061542
UBFC_PHYS_s13_T2_ctrl,68,107,71.56666666666666,0.10733532905578613,-0.5650869993794484
UBFC_PHYS_s13_T2_ctrl,68,108,71.6,0.05480709299445152,-0.31871494226834574
UBFC_PHYS_s13_T2_ctrl,68,109,71.63333333333334,0.011449301615357399,-0.062403654095698216
UBFC_PHYS_s13_T2_ctrl,68,110,71.66666666666667,-0.02597389742732048,0.13834133450489455
UBFC_PHYS_s13_T2_ctrl,68,111,71.7,-0.0629291832447052,0.2310211348213757
UBFC_PHYS_s13_T2_ctrl,68,112,71.73333333333333,-0.09665849804878235,0.18639256978897453
UBFC_PHYS_s13_T2_ctrl,68,113,71.76666666666667,-0.12813392281532288,0.003771630427870455
UBFC_PHYS_s13_T2_ctrl,68,114,71.8,-0.1557144671678543,-0.2880213961393478
UBFC_PHYS_s13_T2_ctrl,68,115,71.83333333333333,-0.1669575721025467,-0.6333037715388733
UBFC_PHYS_s13_T2_ctrl,68,116,71.86666666666666,-0.1566239297389984,-0.9562655898718606
UBFC_PHYS_s13_T2_ctrl,68,117,71.9,-0.14006571471691132,-1.1732389113175283
UBFC_PHYS_s13_T2_ctrl,68,118,71.93333333333334,-0.1286018341779709,-1.2108027131310424
UBFC_PHYS_s13_T2_ctrl,68,119,71.96666666666667,-0.09882672131061554,-1.0269645245743406
UBFC_PHYS_s13_T2_ctrl,68,120,72.0,-0.021558374166488647,-0.6293016833485412
UBFC_PHYS_s13_T2_ctrl,68,121,72.03333333333333,0.0940525159239769,-0.08240238038158547
UBFC_PHYS_s13_T2_ctrl,68,122,72.06666666666666,0.21976639330387115,0.501264538549863
UBFC_PHYS_s13_T2_ctrl,68,123,72.1,0.3385702967643738,0.9878654137267855
UBFC_PHYS_s13_T2_ctrl,68,124,72.13333333333334,0.4031852185726166,1.2601305809513608
UBFC_PHYS_s13_T2_ctrl,68,125,72.16666666666667,0.3459185063838959,1.2546916728440372
UBFC_PHYS_s13_T2_ctrl,68,126,72.2,0.17238520085811615,0.9845919061183511
UBFC_PHYS_s13_T2_ctrl,68,127,72.23333333333333,-0.017683260142803192,0.5371125290944703
UBFC_PHYS_s13_T2_ctrl,68,128,72.26666666666667,-0.1310962736606598,0.04733479829244357
UBFC_PHYS_s13_T2_ctrl,68,129,72.3,-0.18334442377090454,-0.34237164248215085
UBFC_PHYS_s13_T2_ctrl,68,130,72.33333333333333,-0.2880713939666748,-0.5232338446003936
UBFC_PHYS_s13_T2_ctrl,68,131,72.36666666666666,-0.5237054228782654,-0.44945215766151536
UBFC_PHYS_s13_T2_ctrl,68,132,72.4,-0.7994976043701172,-0.1481330937063616
UBFC_PHYS_s13_T2_ctrl,68,133,72.43333333333334,-0.9312811493873596,0.2925341081359756
UBFC_PHYS_s13_T2_ctrl,68,134,72.46666666666667,-0.8649066686630249,0.7520639913691727
UBFC_PHYS_s13_T2_ctrl,68,135,72.5,-0.7061784863471985,1.112814861447408
UBFC_PHYS_s13_T2_ctrl,68,136,72.53333333333333,-0.5490649938583374,1.2894494050973213
UBFC_PHYS_s13_T2_ctrl,68,137,72.56666666666666,-0.40602514147758484,1.2445084650043083
UBFC_PHYS_s13_T2_ctrl,68,138,72.6,-0.26175618171691895,0.9889550761116879
UBFC_PHYS_s13_T2_ctrl,68,139,72.63333333333334,-0.09112261980772018,0.5722767386824695
UBFC_PHYS_s13_T2_ctrl,68,140,72.66666666666667,0.10355906933546066,0.0679454805461625
UBFC_PHYS_s13_T2_ctrl,68,141,72.7,0.2643203139305115,-0.441728102392072
UBFC_PHYS_s13_T2_ctrl,68,142,72.73333333333333,0.3496420681476593,-0.8791123513496711
UBFC_PHYS_s13_T2_ctrl,68,143,72.76666666666667,0.38604703545570374,-1.182163390935948
UBFC_PHYS_s13_T2_ctrl,68,144,72.8,0.40751177072525024,-1.3127562270863673
UBFC_PHYS_s13_T2_ctrl,68,145,72.83333333333333,0.41678106784820557,-1.262540993247728
UBFC_PHYS_s13_T2_ctrl,68,146,72.86666666666666,0.41988182067871094,-1.0552136110277965
UBFC_PHYS_s13_T2_ctrl,68,147,72.9,0.43581393361091614,-0.742850964882252
UBFC_PHYS_s13_T2_ctrl,68,148,72.93333333333334,0.47236061096191406,-0.3944661802567888
UBFC_PHYS_s13_T2_ctrl,68,149,72.96666666666667,0.5112040638923645,-0.07809888366900149
UBFC_PHYS_s13_T2_ctrl,68,150,73.0,0.5249613523483276,0.15773151347544442
UBFC_PHYS_s13_T2_ctrl,68,151,73.03333333333333,0.5006100535392761,0.2954801588750039
UBFC_PHYS_s13_T2_ctrl,68,152,73.06666666666666,0.44168591499328613,0.3484025675661022
UBFC_PHYS_s13_T2_ctrl,68,153,73.1,0.35229137539863586,0.3498412955976014
UBFC_PHYS_s13_T2_ctrl,68,154,73.13333333333334,0.2344760149717331,0.3370810620747839
UBFC_PHYS_s13_T2_ctrl,68,155,73.16666666666667,0.09410194307565689,0.33609759192657634
UBFC_PHYS_s13_T2_ctrl,68,156,73.2,-0.03321337699890137,0.3524918204013232
UBFC_PHYS_s13_T2_ctrl,68,157,73.23333333333333,-0.08482885360717773,0.3711923149601505
UBFC_PHYS_s13_T2_ctrl,68,158,73.26666666666667,-0.04417309910058975,0.36404224371864624
UBFC_PHYS_s13_T2_ctrl,68,159,73.3,0.023410754278302193,0.3017537787346722
UBFC_PHYS_s13_T2_ctrl,68,160,73.33333333333333,0.05311008170247078,0.16599560176714534
UBFC_PHYS_s13_T2_ctrl,68,161,73.36666666666666,0.03675287961959839,-0.04184778858971359
UBFC_PHYS_s13_T2_ctrl,68,162,73.4,0.0007927351398393512,-0.29742914702466144
UBFC_PHYS_s13_T2_ctrl,68,163,73.43333333333334,-0.026520894840359688,-0.5565816554142989
UBFC_PHYS_s13_T2_ctrl,68,164,73.46666666666667,-0.032702624797821045,-0.7644205689658798
UBFC_PHYS_s13_T2_ctrl,68,165,73.5,-0.020767534151673317,-0.8685526297003449
UBFC_PHYS_s13_T2_ctrl,68,166,73.53333333333333,-0.0007856492884457111,-0.8331845512219974
UBFC_PHYS_s13_T2_ctrl,68,167,73.56666666666666,0.015571554191410542,-0.6503453992315498
UBFC_PHYS_s13_T2_ctrl,68,168,73.6,0.023470066487789154,-0.3450971820117932
UBFC_PHYS_s13_T2_ctrl,68,169,73.63333333333334,0.030544787645339966,0.027080543409134714
UBFC_PHYS_s13_T2_ctrl,68,170,73.66666666666667,0.044064853340387344,0.39114020200257826
UBFC_PHYS_s13_T2_ctrl,68,171,73.7,0.05887003242969513,0.6700207665595239
UBFC_PHYS_s13_T2_ctrl,68,172,73.73333333333333,0.06505835801362991,0.804788827165069
UBFC_PHYS_s13_T2_ctrl,68,173,73.76666666666667,0.06372051686048508,0.7713984475458597
UBFC_PHYS_s13_T2_ctrl,68,174,73.8,0.08752808719873428,0.588465338160404
UBFC_PHYS_s13_T2_ctrl,68,175,73.83333333333333,0.20839478075504303,0.31300378931278555
UBFC_PHYS_s13_T2_ctrl,68,176,73.86666666666666,0.45627361536026,0.024813565514938494
UBFC_PHYS_s13_T2_ctrl,68,177,73.9,0.6974336504936218,-0.19607610695804703
UBFC_PHYS_s13_T2_ctrl,68,178,73.93333333333334,0.7251789569854736,-0.2920017125384949
UBFC_PHYS_s13_T2_ctrl,68,179,73.96666666666667,0.5142850279808044,-0.2431199318814238
UBFC_PHYS_s13_T2_ctrl,68,180,74.0,0.2476237267255783,-0.07086548255265618
UBFC_PHYS_s13_T2_ctrl,68,181,74.03333333333333,0.08749843388795853,0.1711052664242621
UBFC_PHYS_s13_T2_ctrl,68,182,74.06666666666666,0.02282750979065895,0.4143170403482094
UBFC_PHYS_s13_T2_ctrl,68,183,74.1,-0.032768528908491135,0.5945496427315353
UBFC_PHYS_s13_T2_ctrl,68,184,74.13333333333334,-0.11534538865089417,0.6668941006776268
UBFC_PHYS_s13_T2_ctrl,68,185,74.16666666666667,-0.1873876005411148,0.614015503815758
UBFC_PHYS_s13_T2_ctrl,68,186,74.2,-0.23656794428825378,0.4473835120238561
UBFC_PHYS_s13_T2_ctrl,68,187,74.23333333333333,-0.32556048035621643,0.20265261527239645
UBFC_PHYS_s13_T2_ctrl,68,188,74.26666666666667,-0.4911425709724426,-0.06902773936315176
UBFC_PHYS_s13_T2_ctrl,68,189,74.3,-0.6368910670280457,-0.3118668017032501
UBFC_PHYS_s13_T2_ctrl,68,190,74.33333333333333,-0.6239147186279297,-0.4766217364476351
UBFC_PHYS_s13_T2_ctrl,68,191,74.36666666666666,-0.4791613519191742,-0.5304344371794533
UBFC_PHYS_s13_T2_ctrl,68,192,74.4,-0.43087729811668396,-0.46377298989126353
UBFC_PHYS_s13_T2_ctrl,68,193,74.43333333333334,-0.621235728263855,-0.29300941167387295
UBFC_PHYS_s13_T2_ctrl,68,194,74.46666666666667,-0.8662214279174805,-0.05742269722574186
UBFC_PHYS_s13_T2_ctrl,68,195,74.5,-0.8781367540359497,0.18939223511337483
UBFC_PHYS_s13_T2_ctrl,68,196,74.53333333333333,-0.6288047432899475,0.3915495252637967
UBFC_PHYS_s13_T2_ctrl,68,197,74.56666666666666,-0.3245060443878174,0.5025752343650238
UBFC_PHYS_s13_T2_ctrl,68,198,74.6,-0.10543682426214218,0.49345188657559175
UBFC_PHYS_s13_T2_ctrl,68,199,74.63333333333334,-0.012625180184841156,0.355633250742873
UBFC_PHYS_s13_T2_ctrl,68,200,74.66666666666667,-0.0357934907078743,0.09984344446995401
UBFC_PHYS_s13_T2_ctrl,68,201,74.7,-0.0915081575512886,-0.2469723372313425
UBFC_PHYS_s13_T2_ctrl,68,202,74.73333333333333,-0.07276854664087296,-0.6439252007131295
UBFC_PHYS_s13_T2_ctrl,68,203,74.76666666666667,0.02223437838256359,-1.0369152805743589
UBFC_PHYS_s13_T2_ctrl,68,204,74.8,0.09944011270999908,-1.360416745352308
UBFC_PHYS_s13_T2_ctrl,68,205,74.83333333333333,0.11891454458236694,-1.5448386107418672
UBFC_PHYS_s13_T2_ctrl,68,206,74.86666666666666,0.11078537255525589,-1.5319717762818488
UBFC_PHYS_s13_T2_ctrl,68,207,74.9,0.08596618473529816,-1.2958169910887907
UBFC_PHYS_s13_T2_ctrl,68,208,74.93333333333334,0.037836991250514984,-0.8605460444429912
UBFC_PHYS_s13_T2_ctrl,68,209,74.96666666666667,0.0031487788073718548,-0.30460306532624504
UBFC_PHYS_s13_T2_ctrl,68,210,75.0,0.03271300718188286,0.25711917789925914
UBFC_PHYS_s13_T2_ctrl,68,211,75.03333333333333,0.11821267753839493,0.7105546459321529
UBFC_PHYS_s13_T2_ctrl,68,212,75.06666666666666,0.20211419463157654,0.9826540183675424
UBFC_PHYS_s13_T2_ctrl,68,213,75.1,0.2532189190387726,1.063179354536149
UBFC_PHYS_s13_T2_ctrl,68,214,75.13333333333334,0.2767529785633087,0.9983937640553672
UBFC_PHYS_s13_T2_ctrl,68,215,75.16666666666667,0.2814321219921112,0.863796604537668
UBFC_PHYS_s13_T2_ctrl,68,216,75.2,0.27348417043685913,0.7311039561216154
UBFC_PHYS_s13_T2_ctrl,68,217,75.23333333333333,0.27972522377967834,0.6431013549952018
UBFC_PHYS_s13_T2_ctrl,68,218,75.26666666666667,0.3291296362876892,0.6043498835607339
UBFC_PHYS_s13_T2_ctrl,68,219,75.3,0.39721107482910156,0.5887071835888371
UBFC_PHYS_s13_T2_ctrl,68,220,75.33333333333333,0.4299122989177704,0.5577909024042069
UBFC_PHYS_s13_T2_ctrl,68,221,75.36666666666666,0.4174499809741974,0.480777431162962
UBFC_PHYS_s13_T2_ctrl,68,222,75.4,0.38679176568984985,0.3471466707248207
UBFC_PHYS_s13_T2_ctrl,68,223,75.43333333333334,0.3426332473754883,0.16874761038672315
UBFC_PHYS_s13_T2_ctrl,68,224,75.46666666666667,0.2731810212135315,-0.02713550110019104
UBFC_PHYS_s13_T2_ctrl,68,225,75.5,0.21005883812904358,-0.2086915436585282
UBFC_PHYS_s13_T2_ctrl,68,226,75.53333333333333,0.23298001289367676,-0.34915440870523684
UBFC_PHYS_s13_T2_ctrl,68,227,75.56666666666666,0.35565245151519775,-0.43183449226270565
UBFC_PHYS_s13_T2_ctrl,68,228,75.6,0.46284088492393494,-0.45034135791789653
UBFC_PHYS_s13_T2_ctrl,68,229,75.63333333333334,0.4037783443927765,-0.4060984720230405
UBFC_PHYS_s13_T2_ctrl,68,230,75.66666666666667,0.1477307677268982,-0.3061109521856626
UBFC_PHYS_s13_T2_ctrl,68,231,75.7,-0.1743486225605011,-0.16290287123736052
UBFC_PHYS_s13_T2_ctrl,68,232,75.73333333333333,-0.40588346123695374,0.003855564334522001
UBFC_PHYS_s13_T2_ctrl,68,233,75.76666666666667,-0.5802570581436157,0.16665228352341968
UBFC_PHYS_s13_T2_ctrl,68,234,75.8,-0.840977132320404,0.2932349081093033
UBFC_PHYS_s13_T2_ctrl,68,235,75.83333333333333,-1.0706403255462646,0.3541092654499004
UBFC_PHYS_s13_T2_ctrl,68,236,75.86666666666666,-0.9973788857460022,0.3314896665917603
UBFC_PHYS_s13_T2_ctrl,68,237,75.9,-0.6587182283401489,0.2251184009446807
UBFC_PHYS_s13_T2_ctrl,68,238,75.93333333333334,-0.34635627269744873,0.05246341805931748
UBFC_PHYS_s13_T2_ctrl,68,239,75.96666666666667,-0.19042573869228363,-0.15572679793010807
UBFC_PHYS_s13_T2_ctrl,69,0,69.0,-0.011672877706587315,0.010977852878440475
UBFC_PHYS_s13_T2_ctrl,69,1,69.03333333333333,-0.004285115282982588,-0.01915572628211563
UBFC_PHYS_s13_T2_ctrl,69,2,69.06666666666666,-0.003685395233333111,-0.05754683286879326
UBFC_PHYS_s13_T2_ctrl,69,3,69.1,-0.011781617999076843,-0.1068126785361214
UBFC_PHYS_s13_T2_ctrl,69,4,69.13333333333334,-0.025542229413986206,-0.15974823905152147
UBFC_PHYS_s13_T2_ctrl,69,5,69.16666666666667,-0.05017688870429993,-0.2015975379356677
UBFC_PHYS_s13_T2_ctrl,69,6,69.2,-0.08352067321538925,-0.21679051622691672
UBFC_PHYS_s13_T2_ctrl,69,7,69.23333333333333,-0.1078653559088707,-0.19694534608349837
UBFC_PHYS_s13_T2_ctrl,69,8,69.26666666666667,-0.11353633552789688,-0.14608764116779172
UBFC_PHYS_s13_T2_ctrl,69,9,69.3,-0.11197113245725632,-0.08023331124745806
UBFC_PHYS_s13_T2_ctrl,69,10,69.33333333333333,-0.11334522068500519,-0.021367078004090212
UBFC_PHYS_s13_T2_ctrl,69,11,69.36666666666666,-0.1148313358426094,0.011312249535141854
UBFC_PHYS_s13_T2_ctrl,69,12,69.4,-0.11110121011734009,0.008910629611316799
UBFC_PHYS_s13_T2_ctrl,69,13,69.43333333333334,-0.09215730428695679,-0.02395769660873645
UBFC_PHYS_s13_T2_ctrl,69,14,69.46666666666667,-0.04036059230566025,-0.0712817656262693
UBFC_PHYS_s13_T2_ctrl,69,15,69.5,0.04487216845154762,-0.11191808392173519
UBFC_PHYS_s13_T2_ctrl,69,16,69.53333333333333,0.13601316511631012,-0.1274718155592384
UBFC_PHYS_s13_T2_ctrl,69,17,69.56666666666666,0.21486647427082062,-0.10890268699843547
UBFC_PHYS_s13_T2_ctrl,69,18,69.6,0.28504031896591187,-0.059524406711466124
UBFC_PHYS_s13_T2_ctrl,69,19,69.63333333333334,0.34394800662994385,0.006506537441031534
UBFC_PHYS_s13_T2_ctrl,69,20,69.66666666666667,0.4107673764228821,0.06919754691354231
UBFC_PHYS_s13_T2_ctrl,69,21,69.7,0.5627832412719727,0.10879036977059509
UBFC_PHYS_s13_T2_ctrl,69,22,69.73333333333333,0.8190845847129822,0.11042432380910663
UBFC_PHYS_s13_T2_ctrl,69,23,69.76666666666667,1.0368719100952148,0.06627859815237892
UBFC_PHYS_s13_T2_ctrl,69,24,69.8,1.0494661331176758,-0.024050910378286057
UBFC_PHYS_s13_T2_ctrl,69,25,69.83333333333333,0.8311646580696106,-0.1533191969483783
UBFC_PHYS_s13_T2_ctrl,69,26,69.86666666666666,0.47671353816986084,-0.3058310062384895
UBFC_PHYS_s13_T2_ctrl,69,27,69.9,0.16117504239082336,-0.45697695859136567
UBFC_PHYS_s13_T2_ctrl,69,28,69.93333333333334,0.003198206191882491,-0.5748557038644796
UBFC_PHYS_s13_T2_ctrl,69,29,69.96666666666667,-0.09742297977209091,-0.625439365366491
UBFC_PHYS_s13_T2_ctrl,69,30,70.0,-0.3336929678916931,-0.581491251880769
UBFC_PHYS_s13_T2_ctrl,69,31,70.03333333333333,-0.7260681390762329,-0.4331978143136646
UBFC_PHYS_s13_T2_ctrl,69,32,70.06666666666666,-1.106175422668457,-0.1959375187795423
UBFC_PHYS_s13_T2_ctrl,69,33,70.1,-1.3295382261276245,0.09009436442382887
UBFC_PHYS_s13_T2_ctrl,69,34,70.13333333333334,-1.3509601354599,0.37087530052833506
UBFC_PHYS_s13_T2_ctrl,69,35,70.16666666666667,-1.2204055786132812,0.596918442967592
UBFC_PHYS_s13_T2_ctrl,69,36,70.2,-1.0502630472183228,0.7402788979771618
UBFC_PHYS_s13_T2_ctrl,69,37,70.23333333333333,-0.9136717915534973,0.8010315552367947
UBFC_PHYS_s13_T2_ctrl,69,38,70.26666666666667,-0.7778944969177246,0.8003691330921412
UBFC_PHYS_s13_T2_ctrl,69,39,70.3,-0.6092017889022827,0.7654283732141123
UBFC_PHYS_s13_T2_ctrl,69,40,70.33333333333333,-0.4611005485057831,0.7144917044207186
UBFC_PHYS_s13_T2_ctrl,69,41,70.36666666666666,-0.37114250659942627,0.649551968072205
UBFC_PHYS_s13_T2_ctrl,69,42,70.4,-0.3062804639339447,0.5587834975069639
UBFC_PHYS_s13_T2_ctrl,69,43,70.43333333333334,-0.253320574760437,0.42663889974281416
UBFC_PHYS_s13_T2_ctrl,69,44,70.46666666666667,-0.25265493988990784,0.2459887762996737
UBFC_PHYS_s13_T2_ctrl,69,45,70.5,-0.3193589746952057,0.026164004150395794
UBFC_PHYS_s13_T2_ctrl,69,46,70.53333333333333,-0.4022587835788727,-0.20698239973554378
UBFC_PHYS_s13_T2_ctrl,69,47,70.56666666666666,-0.43926018476486206,-0.41905691040922965
UBFC_PHYS_s13_T2_ctrl,69,48,70.6,-0.4250744879245758,-0.5795876310099677
UBFC_PHYS_s13_T2_ctrl,69,49,70.63333333333334,-0.4087766110897064,-0.6733243064194039
UBFC_PHYS_s13_T2_ctrl,69,50,70.66666666666667,-0.4319712817668915,-0.7050218911952983
UBFC_PHYS_s13_T2_ctrl,69,51,70.7,-0.4725545346736908,-0.6952779372912815
UBFC_PHYS_s13_T2_ctrl,69,52,70.73333333333333,-0.4753224849700928,-0.6695312395396491
UBFC_PHYS_s13_T2_ctrl,69,53,70.76666666666667,-0.4298129379749298,-0.6458125634603925
UBFC_PHYS_s13_T2_ctrl,69,54,70.8,-0.3908805549144745,-0.6270819885925805
UBFC_PHYS_s13_T2_ctrl,69,55,70.83333333333333,-0.40626898407936096,-0.6012729300190182
UBFC_PHYS_s13_T2_ctrl,69,56,70.86666666666666,-0.44827577471733093,-0.5483087560790922
UBFC_PHYS_s13_T2_ctrl,69,57,70.9,-0.42911767959594727,-0.4503066528813788
UBFC_PHYS_s13_T2_ctrl,69,58,70.93333333333334,-0.2920980751514435,-0.3002404357814305
UBFC_PHYS_s13_T2_ctrl,69,59,70.96666666666667,-0.06324881315231323,-0.10565842259502488
UBFC_PHYS_s13_T2_ctrl,69,60,71.0,0.20808173716068268,0.11326036036580751
UBFC_PHYS_s13_T2_ctrl,69,61,71.03333333333333,0.5008407235145569,0.32955614457265925
UBFC_PHYS_s13_T2_ctrl,69,62,71.06666666666666,0.7744218707084656,0.516475021446523
UBFC_PHYS_s13_T2_ctrl,69,63,71.1,0.9602198004722595,0.6533271178337993
UBFC_PHYS_s13_T2_ctrl,69,64,71.13333333333334,1.032558560371399,0.729166340835997
UBFC_PHYS_s13_T2_ctrl,69,65,71.16666666666667,1.0276224613189697,0.7440965568429645
UBFC_PHYS_s13_T2_ctrl,69,66,71.2,0.9858331084251404,0.7080898541030822
UBFC_PHYS_s13_T2_ctrl,69,67,71.23333333333333,0.9236302971839905,0.6373549320112233
UBFC_PHYS_s13_T2_ctrl,69,68,71.26666666666667,0.8410238027572632,0.5492209176179572
UBFC_PHYS_s13_T2_ctrl,69,69,71.3,0.7252613306045532,0.45742994145071153
UBFC_PHYS_s13_T2_ctrl,69,70,71.33333333333333,0.5762341618537903,0.3696189473936481
UBFC_PHYS_s13_T2_ctrl,69,71,71.36666666666666,0.4316883981227875,0.2876646268532393
UBFC_PHYS_s13_T2_ctrl,69,72,71.4,0.3336769938468933,0.21019717216288367
UBFC_PHYS_s13_T2_ctrl,69,73,71.43333333333334,0.27683866024017334,0.13572005758194267
UBFC_PHYS_s13_T2_ctrl,69,74,71.46666666666667,0.23187942802906036,0.06480303296522265
UBFC_PHYS_s13_T2_ctrl,69,75,71.5,0.1920177936553955,0.0005263386860185782
UBFC_PHYS_s13_T2_ctrl,69,76,71.53333333333333,0.1548713892698288,-0.05277345476908225
UBFC_PHYS_s13_T2_ctrl,69,77,71.56666666666666,0.10733532905578613,-0.09179512266049568
UBFC_PHYS_s13_T2_ctrl,69,78,71.6,0.05480709299445152,-0.11673854797626525
UBFC_PHYS_s13_T2_ctrl,69,79,71.63333333333334,0.011449301615357399,-0.1330930182454392
UBFC_PHYS_s13_T2_ctrl,69,80,71.66666666666667,-0.02597389742732048,-0.15195001095291497
UBFC_PHYS_s13_T2_ctrl,69,81,71.7,-0.0629291832447052,-0.18830823039772657
UBFC_PHYS_s13_T2_ctrl,69,82,71.73333333333333,-0.09665849804878235,-0.2574236312319737
UBFC_PHYS_s13_T2_ctrl,69,83,71.76666666666667,-0.12813392281532288,-0.3698055432646321
UBFC_PHYS_s13_T2_ctrl,69,84,71.8,-0.1557144671678543,-0.525717241898767
UBFC_PHYS_s13_T2_ctrl,69,85,71.83333333333333,-0.1669575721025467,-0.7103671447730525
UBFC_PHYS_s13_T2_ctrl,69,86,71.86666666666666,-0.1566239297389984,-0.8916440061017651
UBFC_PHYS_s13_T2_ctrl,69,87,71.9,-0.14006571471691132,-1.0227694757804902
UBFC_PHYS_s13_T2_ctrl,69,88,71.93333333333334,-0.1286018341779709,-1.0517318784564051
UBFC_PHYS_s13_T2_ctrl,69,89,71.96666666666667,-0.09882672131061554,-0.9371407742771258
UBFC_PHYS_s13_T2_ctrl,69,90,72.0,-0.021558374166488647,-0.6664735177687243
UBFC_PHYS_s13_T2_ctrl,69,91,72.03333333333333,0.0940525159239769,-0.26923460939007315
UBFC_PHYS_s13_T2_ctrl,69,92,72.06666666666666,0.21976639330387115,0.18316811499779376
UBFC_PHYS_s13_T2_ctrl,69,93,72.1,0.3385702967643738,0.5946735691669606
UBFC_PHYS_s13_T2_ctrl,69,94,72.13333333333334,0.4031852185726166,0.8741557884695939
UBFC_PHYS_s13_T2_ctrl,69,95,72.16666666666667,0.3459185063838959,0.9654210523093522
UBFC_PHYS_s13_T2_ctrl,69,96,72.2,0.17238520085811615,0.8653029883197882
UBFC_PHYS_s13_T2_ctrl,69,97,72.23333333333333,-0.017683260142803192,0.6233089489790513
UBFC_PHYS_s13_T2_ctrl,69,98,72.26666666666667,-0.1310962736606598,0.3241283975842023
UBFC_PHYS_s13_T2_ctrl,69,99,72.3,-0.18334442377090454,0.060354092376413614
UBFC_PHYS_s13_T2_ctrl,69,100,72.33333333333333,-0.2880713939666748,-0.09511782674939472
UBFC_PHYS_s13_T2_ctrl,69,101,72.36666666666666,-0.5237054228782654,-0.10875673389656246
UBFC_PHYS_s13_T2_ctrl,69,102,72.4,-0.7994976043701172,0.00712999592735801
UBFC_PHYS_s13_T2_ctrl,69,103,72.43333333333334,-0.9312811493873596,0.20228353266662522
UBFC_PHYS_s13_T2_ctrl,69,104,72.46666666666667,-0.8649066686630249,0.4072946529683192
UBFC_PHYS_s13_T2_ctrl,69,105,72.5,-0.7061784863471985,0.5563512206544083
UBFC_PHYS_s13_T2_ctrl,69,106,72.53333333333333,-0.5490649938583374,0.6060817834908256
UBFC_PHYS_s13_T2_ctrl,69,107,72.56666666666666,-0.40602514147758484,0.5448137349423645
UBFC_PHYS_s13_T2_ctrl,69,108,72.6,-0.26175618171691895,0.39080898344969006
UBFC_PHYS_s13_T2_ctrl,69,109,72.63333333333334,-0.09112261980772018,0.18214451518274283
UBFC_PHYS_s13_T2_ctrl,69,110,72.66666666666667,0.10355906933546066,-0.036989827736270575
UBFC_PHYS_s13_T2_ctrl,69,111,72.7,0.2643203139305115,-0.22878846518741347
UBFC_PHYS_s13_T2_ctrl,69,112,72.73333333333333,0.3496420681476593,-0.3696505836829385
UBFC_PHYS_s13_T2_ctrl,69,113,72.76666666666667,0.38604703545570374,-0.4520301842421641
UBFC_PHYS_s13_T2_ctrl,69,114,72.8,0.40751177072525024,-0.481425179911063
UBFC_PHYS_s13_T2_ctrl,69,115,72.83333333333333,0.41678106784820557,-0.47097256520158715
UBFC_PHYS_s13_T2_ctrl,69,116,72.86666666666666,0.41988182067871094,-0.43579619167333056
UBFC_PHYS_s13_T2_ctrl,69,117,72.9,0.43581393361091614,-0.3883100372643186
UBFC_PHYS_s13_T2_ctrl,69,118,72.93333333333334,0.47236061096191406,-0.3352864142159035
UBFC_PHYS_s13_T2_ctrl,69,119,72.96666666666667,0.5112040638923645,-0.27739002483129777
UBFC_PHYS_s13_T2_ctrl,69,120,73.0,0.5249613523483276,-0.21132338248591362
UBFC_PHYS_s13_T2_ctrl,69,121,73.03333333333333,0.5006100535392761,-0.13372343351981691
UBFC_PHYS_s13_T2_ctrl,69,122,73.06666666666666,0.44168591499328613,-0.04503992088158698
UBFC_PHYS_s13_T2_ctrl,69,123,73.1,0.35229137539863586,0.04851244345061388
UBFC_PHYS_s13_T2_ctrl,69,124,73.13333333333334,0.2344760149717331,0.13591418971827635
UBFC_PHYS_s13_T2_ctrl,69,125,73.16666666666667,0.09410194307565689,0.20470986673071098
UBFC_PHYS_s13_T2_ctrl,69,126,73.2,-0.03321337699890137,0.24509040199333887
UBFC_PHYS_s13_T2_ctrl,69,127,73.23333333333333,-0.08482885360717773,0.252802203337466
UBFC_PHYS_s13_T2_ctrl,69,128,73.26666666666667,-0.04417309910058975,0.22989315795966891
UBFC_PHYS_s13_T2_ctrl,69,129,73.3,0.023410754278302193,0.18353890828766364
UBFC_PHYS_s13_T2_ctrl,69,130,73.33333333333333,0.05311008170247078,0.1238971226309874
UBFC_PHYS_s13_T2_ctrl,69,131,73.36666666666666,0.03675287961959839,0.06188517139531998
UBFC_PHYS_s13_T2_ctrl,69,132,73.4,0.0007927351398393512,0.007294164004868789
UBFC_PHYS_s13_T2_ctrl,69,133,73.43333333333334,-0.026520894840359688,-0.03267422542832042
UBFC_PHYS_s13_T2_ctrl,69,134,73.46666666666667,-0.032702624797821045,-0.054270718173386134
UBFC_PHYS_s13_T2_ctrl,69,135,73.5,-0.020767534151673317,-0.05726386963424237
UBFC_PHYS_s13_T2_ctrl,69,136,73.53333333333333,-0.0007856492884457111,-0.04443441386425594
UBFC_PHYS_s13_T2_ctrl,69,137,73.56666666666666,0.015571554191410542,-0.021035216741702927
UBFC_PHYS_s13_T2_ctrl,69,138,73.6,0.023470066487789154,0.005599384535107476
UBFC_PHYS_s13_T2_ctrl,69,139,73.63333333333334,0.030544787645339966,0.026724070668592222
UBFC_PHYS_s13_T2_ctrl,69,140,73.66666666666667,0.044064853340387344,0.03373114192963277
UBFC_PHYS_s13_T2_ctrl,69,141,73.7,0.05887003242969513,0.020679462117180657
UBFC_PHYS_s13_T2_ctrl,69,142,73.73333333333333,0.06505835801362991,-0.012951083522149187
UBFC_PHYS_s13_T2_ctrl,69,143,73.76666666666667,0.06372051686048508,-0.06058840711613591
UBFC_PHYS_s13_T2_ctrl,69,144,73.8,0.08752808719873428,-0.1090804920796498
UBFC_PHYS_s13_T2_ctrl,69,145,73.83333333333333,0.20839478075504303,-0.14175646316018753
UBFC_PHYS_s13_T2_ctrl,69,146,73.86666666666666,0.45627361536026,-0.1435292189834425
UBFC_PHYS_s13_T2_ctrl,69,147,73.9,0.6974336504936218,-0.1064975268130797
UBFC_PHYS_s13_T2_ctrl,69,148,73.93333333333334,0.7251789569854736,-0.033597077411893515
UBFC_PHYS_s13_T2_ctrl,69,149,73.96666666666667,0.5142850279808044,0.061755972366842056
UBFC_PHYS_s13_T2_ctrl,69,150,74.0,0.2476237267255783,0.15994125215199081
UBFC_PHYS_s13_T2_ctrl,69,151,74.03333333333333,0.08749843388795853,0.24100414771981013
UBFC_PHYS_s13_T2_ctrl,69,152,74.06666666666666,0.02282750979065895,0.28932860331543087
UBFC_PHYS_s13_T2_ctrl,69,153,74.1,-0.032768528908491135,0.29571508008724884
UBFC_PHYS_s13_T2_ctrl,69,154,74.13333333333334,-0.11534538865089417,0.2574813386589453
UBFC_PHYS_s13_T2_ctrl,69,155,74.16666666666667,-0.1873876005411148,0.17824291426134847
UBFC_PHYS_s13_T2_ctrl,69,156,74.2,-0.23656794428825378,0.06830523530902892
UBFC_PHYS_s13_T2_ctrl,69,157,74.23333333333333,-0.32556048035621643,-0.05502184699934724
UBFC_PHYS_s13_T2_ctrl,69,158,74.26666666666667,-0.4911425709724426,-0.16888025876107834
UBFC_PHYS_s13_T2_ctrl,69,159,74.3,-0.6368910670280457,-0.24926729581293858
UBFC_PHYS_s13_T2_ctrl,69,160,74.33333333333333,-0.6239147186279297,-0.27770506170726605
UBFC_PHYS_s13_T2_ctrl,69,161,74.36666666666666,-0.4791613519191742,-0.24761619182952269
UBFC_PHYS_s13_T2_ctrl,69,162,74.4,-0.43087729811668396,-0.1673327676445395
UBFC_PHYS_s13_T2_ctrl,69,163,74.43333333333334,-0.621235728263855,-0.057846712942745
UBFC_PHYS_s13_T2_ctrl,69,164,74.46666666666667,-0.8662214279174805,0.05426738282752819
UBFC_PHYS_s13_T2_ctrl,69,165,74.5,-0.8781367540359497,0.14585087528670276
UBFC_PHYS_s13_T2_ctrl,69,166,74.53333333333333,-0.6288047432899475,0.20381334502881604
UBFC_PHYS_s13_T2_ctrl,69,167,74.56666666666666,-0.3245060443878174,0.22617486971065762
UBFC_PHYS_s13_T2_ctrl,69,168,74.6,-0.10543682426214218,0.21751288733665936
UBFC_PHYS_s13_T2_ctrl,69,169,74.63333333333334,-0.012625180184841156,0.18206408414535968
UBFC_PHYS_s13_T2_ctrl,69,170,74.66666666666667,-0.0357934907078743,0.11868470935724218
UBFC_PHYS_s13_T2_ctrl,69,171,74.7,-0.0915081575512886,0.02064330382956415
UBFC_PHYS_s13_T2_ctrl,69,172,74.73333333333333,-0.07276854664087296,-0.11904643127256384
UBFC_PHYS_s13_T2_ctrl,69,173,74.76666666666667,0.02223437838256359,-0.29876358023464905
UBFC_PHYS_s13_T2_ctrl,69,174,74.8,0.09944011270999908,-0.5003466177516339
UBFC_PHYS_s13_T2_ctrl,69,175,74.83333333333333,0.11891454458236694,-0.6871813250004272
UBFC_PHYS_s13_T2_ctrl,69,176,74.86666666666666,0.11078537255525589,-0.8112444939678807
UBFC_PHYS_s13_T2_ctrl,69,177,74.9,0.08596618473529816,-0.8279512180421879
UBFC_PHYS_s13_T2_ctrl,69,178,74.93333333333334,0.037836991250514984,-0.7135178912375777
UBFC_PHYS_s13_T2_ctrl,69,179,74.96666666666667,0.0031487788073718548,-0.4771054449740438
UBFC_PHYS_s13_T2_ctrl,69,180,75.0,0.03271300718188286,-0.16080415077336338
UBFC_PHYS_s13_T2_ctrl,69,181,75.03333333333333,0.11821267753839493,0.17420448848565465
UBFC_PHYS_s13_T2_ctrl,69,182,75.06666666666666,0.20211419463157654,0.46896354384751093
UBFC_PHYS_s13_T2_ctrl,69,183,75.1,0.2532189190387726,0.6847285342079451
UBFC_PHYS_s13_T2_ctrl,69,184,75.13333333333334,0.2767529785633087,0.8100746301319458
UBFC_PHYS_s13_T2_ctrl,69,185,75.16666666666667,0.2814321219921112,0.8566444879536674
UBFC_PHYS_s13_T2_ctrl,69,186,75.2,0.27348417043685913,0.8479927817596098
UBFC_PHYS_s13_T2_ctrl,69,187,75.23333333333333,0.27972522377967834,0.8074043888547537
UBFC_PHYS_s13_T2_ctrl,69,188,75.26666666666667,0.3291296362876892,0.7496275776847584
UBFC_PHYS_s13_T2_ctrl,69,189,75.3,0.39721107482910156,0.6788463049119333
UBFC_PHYS_s13_T2_ctrl,69,190,75.33333333333333,0.4299122989177704,0.5918200872160836
UBFC_PHYS_s13_T2_ctrl,69,191,75.36666666666666,0.4174499809741974,0.4828643438477213
UBFC_PHYS_s13_T2_ctrl,69,192,75.4,0.38679176568984985,0.34754329286936125
UBFC_PHYS_s13_T2_ctrl,69,193,75.43333333333334,0.3426332473754883,0.18389217956710519
UBFC_PHYS_s13_T2_ctrl,69,194,75.46666666666667,0.2731810212135315,-0.007953630349137384
UBFC_PHYS_s13_T2_ctrl,69,195,75.5,0.21005883812904358,-0.22582034882335905
UBFC_PHYS_s13_T2_ctrl,69,196,75.53333333333333,0.23298001289367676,-0.4637896333717411
UBFC_PHYS_s13_T2_ctrl,69,197,75.56666666666666,0.35565245151519775,-0.7089209545362423
UBFC_PHYS_s13_T2_ctrl,69,198,75.6,0.46284088492393494,-0.9385267330797444
UBFC_PHYS_s13_T2_ctrl,69,199,75.63333333333334,0.4037783443927765,-1.1209455574966738
UBFC_PHYS_s13_T2_ctrl,69,200,75.66666666666667,0.1477307677268982,-1.2215846309043954
UBFC_PHYS_s13_T2_ctrl,69,201,75.7,-0.1743486225605011,-1.2132328237935763
UBFC_PHYS_s13_T2_ctrl,69,202,75.73333333333333,-0.40588346123695374,-1.0867085975968738
UBFC_PHYS_s13_T2_ctrl,69,203,75.76666666666667,-0.5802570581436157,-0.8566263424761418
UBFC_PHYS_s13_T2_ctrl,69,204,75.8,-0.840977132320404,-0.5586308542082247
UBFC_PHYS_s13_T2_ctrl,69,205,75.83333333333333,-1.0706403255462646,-0.23853701350746184
UBFC_PHYS_s13_T2_ctrl,69,206,75.86666666666666,-0.9973788857460022,0.06163412021973438
UBFC_PHYS_s13_T2_ctrl,69,207,75.9,-0.6587182283401489,0.31406610387833395
UBFC_PHYS_s13_T2_ctrl,69,208,75.93333333333334,-0.34635627269744873,0.5081339502642357
UBFC_PHYS_s13_T2_ctrl,69,209,75.96666666666667,-0.19042573869228363,0.6466381573942261
UBFC_PHYS_s13_T2_ctrl,69,210,76.0,-0.14690648019313812,0.7387166999024468
UBFC_PHYS_s13_T2_ctrl,69,211,76.03333333333333,-0.1932925283908844,0.7931227763285775
UBFC_PHYS_s13_T2_ctrl,69,212,76.06666666666666,-0.2664419114589691,0.8143201882021501
UBFC_PHYS_s13_T2_ctrl,69,213,76.1,-0.259492427110672,0.8021265031597563
UBFC_PHYS_s13_T2_ctrl,69,214,76.13333333333334,-0.16844038665294647,0.7541590435245438
UBFC_PHYS_s13_T2_ctrl,69,215,76.16666666666667,-0.08891156315803528,0.669503250487675
UBFC_PHYS_s13_T2_ctrl,69,216,76.2,-0.06204937398433685,0.5518796685285391
UBFC_PHYS_s13_T2_ctrl,69,217,76.23333333333333,-0.06046110391616821,0.4109574530817605
UBFC_PHYS_s13_T2_ctrl,69,218,76.26666666666667,-0.11491371691226959,0.26114414840514805
UBFC_PHYS_s13_T2_ctrl,69,219,76.3,-0.2931525409221649,0.11809724332835103
UBFC_PHYS_s13_T2_ctrl,69,220,76.33333333333333,-0.5725759863853455,-0.005818849816563743
UBFC_PHYS_s13_T2_ctrl,69,221,76.36666666666666,-0.8555352091789246,-0.10533335661834023
UBFC_PHYS_s13_T2_ctrl,69,222,76.4,-1.1196197271347046,-0.18372488139558382
UBFC_PHYS_s13_T2_ctrl,69,223,76.43333333333334,-1.3430055379867554,-0.25116024648271873
UBFC_PHYS_s13_T2_ctrl,69,224,76.46666666666667,-1.4485958814620972,-0.32021234435699325
UBFC_PHYS_s13_T2_ctrl,69,225,76.5,-1.396631121635437,-0.39979350203084846
UBFC_PHYS_s13_T2_ctrl,69,226,76.53333333333333,-1.3669878244400024,-0.4893318170847795
UBFC_PHYS_s13_T2_ctrl,69,227,76.56666666666666,-1.5299798250198364,-0.5752294260438563
UBFC_PHYS_s13_T2_ctrl,69,228,76.6,-1.9077508449554443,-0.6314559896170442
UBFC_PHYS_s13_T2_ctrl,69,229,76.63333333333334,-2.3785345554351807,-0.6254037047723477
UBFC_PHYS_s13_T2_ctrl,69,230,76.66666666666667,-2.7665138244628906,-0.5286869088298548
UBFC_PHYS_s13_T2_ctrl,69,231,76.7,-2.913086175918579,-0.33037977903322346
UBFC_PHYS_s13_T2_ctrl,69,232,76.73333333333333,-2.833540916442871,-0.04785267684338893
UBFC_PHYS_s13_T2_ctrl,69,233,76.76666666666667,-2.592772960662842,0.2706464313270346
UBFC_PHYS_s13_T2_ctrl,69,234,76.8,-1.6672762632369995,0.5556490150179951
UBFC_PHYS_s13_T2_ctrl,69,235,76.83333333333333,-0.3033280074596405,0.7368928167843415
UBFC_PHYS_s13_T2_ctrl,69,236,76.86666666666666,0.795560359954834,0.7662243377335757
UBFC_PHYS_s13_T2_ctrl,69,237,76.9,1.3411277532577515,0.6324844941345822
UBFC_PHYS_s13_T2_ctrl,69,238,76.93333333333334,1.4986993074417114,0.36334457280798416
UBFC_PHYS_s13_T2_ctrl,69,239,76.96666666666667,1.440773606300354,0.01653385589358745
UBFC_PHYS_s13_T2_ctrl,70,0,70.0,-0.3336929678916931,0.16127755896234347
UBFC_PHYS_s13_T2_ctrl,70,1,70.03333333333333,-0.7260681390762329,0.08479480572593544
UBFC_PHYS_s13_T2_ctrl,70,2,70.06666666666666,-1.106175422668457,0.007716931104561588
UBFC_PHYS_s13_T2_ctrl,70,3,70.1,-1.3295382261276245,-0.07005299470648398
UBFC_PHYS_s13_T2_ctrl,70,4,70.13333333333334,-1.3509601354599,-0.14926430525652457
UBFC_PHYS_s13_T2_ctrl,70,5,70.16666666666667,-1.2204055786132812,-0.22794591606052345
UBFC_PHYS_s13_T2_ctrl,70,6,70.2,-1.0502630472183228,-0.2972888362420346
UBFC_PHYS_s13_T2_ctrl,70,7,70.23333333333333,-0.9136717915534973,-0.34057305217851275
UBFC_PHYS_s13_T2_ctrl,70,8,70.26666666666667,-0.7778944969177246,-0.33723742686340336
UBFC_PHYS_s13_T2_ctrl,70,9,70.3,-0.6092017889022827,-0.270891174416512
UBFC_PHYS_s13_T2_ctrl,70,10,70.33333333333333,-0.4611005485057831,-0.13811969817797998
UBFC_PHYS_s13_T2_ctrl,70,11,70.36666666666666,-0.37114250659942627,0.04550765870309855
UBFC_PHYS_s13_T2_ctrl,70,12,70.4,-0.3062804639339447,0.24545627758254793
UBFC_PHYS_s13_T2_ctrl,70,13,70.43333333333334,-0.253320574760437,0.41560043558412535
UBFC_PHYS_s13_T2_ctrl,70,14,70.46666666666667,-0.25265493988990784,0.5107398350552739
UBFC_PHYS_s13_T2_ctrl,70,15,70.5,-0.3193589746952057,0.4992503878806372
UBFC_PHYS_s13_T2_ctrl,70,16,70.53333333333333,-0.4022587835788727,0.3710442485186971
UBFC_PHYS_s13_T2_ctrl,70,17,70.56666666666666,-0.43926018476486206,0.13858478203221505
UBFC_PHYS_s13_T2_ctrl,70,18,70.6,-0.4250744879245758,-0.1682198213207353
UBFC_PHYS_s13_T2_ctrl,70,19,70.63333333333334,-0.4087766110897064,-0.5100601066165217
UBFC_PHYS_s13_T2_ctrl,70,20,70.66666666666667,-0.4319712817668915,-0.8451900087201469
UBFC_PHYS_s13_T2_ctrl,70,21,70.7,-0.4725545346736908,-1.1327745620300447
UBFC_PHYS_s13_T2_ctrl,70,22,70.73333333333333,-0.4753224849700928,-1.333427483130742
UBFC_PHYS_s13_T2_ctrl,70,23,70.76666666666667,-0.4298129379749298,-1.4104865858583104
UBFC_PHYS_s13_T2_ctrl,70,24,70.8,-0.3908805549144745,-1.3353838060693985
UBFC_PHYS_s13_T2_ctrl,70,25,70.83333333333333,-0.40626898407936096,-1.097314267074208
UBFC_PHYS_s13_T2_ctrl,70,26,70.86666666666666,-0.44827577471733093,-0.7131930481380901
UBFC_PHYS_s13_T2_ctrl,70,27,70.9,-0.42911767959594727,-0.2313570287823654
UBFC_PHYS_s13_T2_ctrl,70,28,70.93333333333334,-0.2920980751514435,0.27615815718219217
UBFC_PHYS_s13_T2_ctrl,70,29,70.96666666666667,-0.06324881315231323,0.7322598385561805
UBFC_PHYS_s13_T2_ctrl,70,30,71.0,0.20808173716068268,1.0766110157736284
UBFC_PHYS_s13_T2_ctrl,70,31,71.03333333333333,0.5008407235145569,1.2800558171172258
UBFC_PHYS_s13_T2_ctrl,70,32,71.06666666666666,0.7744218707084656,1.3459046685939484
UBFC_PHYS_s13_T2_ctrl,70,33,71.1,0.9602198004722595,1.3000473583623864
UBFC_PHYS_s13_T2_ctrl,70,34,71.13333333333334,1.032558560371399,1.1763330792677071
UBFC_PHYS_s13_T2_ctrl,70,35,71.16666666666667,1.0276224613189697,1.0041109312245295
UBFC_PHYS_s13_T2_ctrl,70,36,71.2,0.9858331084251404,0.8029159003053169
UBFC_PHYS_s13_T2_ctrl,70,37,71.23333333333333,0.9236302971839905,0.5852675296753128
UBFC_PHYS_s13_T2_ctrl,70,38,71.26666666666667,0.8410238027572632,0.3634734446935783
UBFC_PHYS_s13_T2_ctrl,70,39,71.3,0.7252613306045532,0.15406520607287247
UBFC_PHYS_s13_T2_ctrl,70,40,71.33333333333333,0.5762341618537903,-0.023617826904337294
UBFC_PHYS_s13_T2_ctrl,70,41,71.36666666666666,0.4316883981227875,-0.15316148956870834
UBFC_PHYS_s13_T2_ctrl,70,42,71.4,0.3336769938468933,-0.22680217966506303
UBFC_PHYS_s13_T2_ctrl,70,43,71.43333333333334,0.27683866024017334,-0.24746191758104835
UBFC_PHYS_s13_T2_ctrl,70,44,71.46666666666667,0.23187942802906036,-0.22621283674570455
UBFC_PHYS_s13_T2_ctrl,70,45,71.5,0.1920177936553955,-0.17713750350919794
UBFC_PHYS_s13_T2_ctrl,70,46,71.53333333333333,0.1548713892698288,-0.11272951491835068
UBFC_PHYS_s13_T2_ctrl,70,47,71.56666666666666,0.10733532905578613,-0.042205793798895073
UBFC_PHYS_s13_T2_ctrl,70,48,71.6,0.05480709299445152,0.026821405436024917
UBFC_PHYS_s13_T2_ctrl,70,49,71.63333333333334,0.011449301615357399,0.0847605225441464
UBFC_PHYS_s13_T2_ctrl,70,50,71.66666666666667,-0.02597389742732048,0.11695994318053085
UBFC_PHYS_s13_T2_ctrl,70,51,71.7,-0.0629291832447052,0.10346971834717557
UBFC_PHYS_s13_T2_ctrl,70,52,71.73333333333333,-0.09665849804878235,0.02309738418607109
UBFC_PHYS_s13_T2_ctrl,70,53,71.76666666666667,-0.12813392281532288,-0.13841579076127947
UBFC_PHYS_s13_T2_ctrl,70,54,71.8,-0.1557144671678543,-0.3783801957488495
UBFC_PHYS_s13_T2_ctrl,70,55,71.83333333333333,-0.1669575721025467,-0.66941907834574
UBFC_PHYS_s13_T2_ctrl,70,56,71.86666666666666,-0.1566239297389984,-0.9586564992459478
UBFC_PHYS_s13_T2_ctrl,70,57,71.9,-0.14006571471691132,-1.1768684333587556
UBFC_PHYS_s13_T2_ctrl,70,58,71.93333333333334,-0.1286018341779709,-1.256946370551305
UBFC_PHYS_s13_T2_ctrl,70,59,71.96666666666667,-0.09882672131061554,-1.1567951645571442
UBFC_PHYS_s13_T2_ctrl,70,60,72.0,-0.021558374166488647,-0.8788638184344438
UBFC_PHYS_s13_T2_ctrl,70,61,72.03333333333333,0.0940525159239769,-0.4777916080404949
UBFC_PHYS_s13_T2_ctrl,70,62,72.06666666666666,0.21976639330387115,-0.04990330531742353
UBFC_PHYS_s13_T2_ctrl,70,63,72.1,0.3385702967643738,0.29526357263516145
UBFC_PHYS_s13_T2_ctrl,70,64,72.13333333333334,0.4031852185726166,0.471998967583415
UBFC_PHYS_s13_T2_ctrl,70,65,72.16666666666667,0.3459185063838959,0.44890922736031974
UBFC_PHYS_s13_T2_ctrl,70,66,72.2,0.17238520085811615,0.260353275124407
UBFC_PHYS_s13_T2_ctrl,70,67,72.23333333333333,-0.017683260142803192,-0.0052380319227841084
UBFC_PHYS_s13_T2_ctrl,70,68,72.26666666666667,-0.1310962736606598,-0.23540865791255083
UBFC_PHYS_s13_T2_ctrl,70,69,72.3,-0.18334442377090454,-0.3312033862881567
UBFC_PHYS_s13_T2_ctrl,70,70,72.33333333333333,-0.2880713939666748,-0.23903387572117435
UBFC_PHYS_s13_T2_ctrl,70,71,72.36666666666666,-0.5237054228782654,0.034049403869433566
UBFC_PHYS_s13_T2_ctrl,70,72,72.4,-0.7994976043701172,0.42639787224713865
UBFC_PHYS_s13_T2_ctrl,70,73,72.43333333333334,-0.9312811493873596,0.8454491832911624
UBFC_PHYS_s13_T2_ctrl,70,74,72.46666666666667,-0.8649066686630249,1.1981602267292057
UBFC_PHYS_s13_T2_ctrl,70,75,72.5,-0.7061784863471985,1.4156154971809296
UBFC_PHYS_s13_T2_ctrl,70,76,72.53333333333333,-0.5490649938583374,1.464554966470213
UBFC_PHYS_s13_T2_ctrl,70,77,72.56666666666666,-0.40602514147758484,1.346332124216882
UBFC_PHYS_s13_T2_ctrl,70,78,72.6,-0.26175618171691895,1.088474228055747
UBFC_PHYS_s13_T2_ctrl,70,79,72.63333333333334,-0.09112261980772018,0.7342425415712726
UBFC_PHYS_s13_T2_ctrl,70,80,72.66666666666667,0.10355906933546066,0.33320484262966127
UBFC_PHYS_s13_T2_ctrl,70,81,72.7,0.2643203139305115,-0.06644841802147623
UBFC_PHYS_s13_T2_ctrl,70,82,72.73333333333333,0.3496420681476593,-0.42367378460822414
UBFC_PHYS_s13_T2_ctrl,70,83,72.76666666666667,0.38604703545570374,-0.7079899495130421
UBFC_PHYS_s13_T2_ctrl,70,84,72.8,0.40751177072525024,-0.9004330649830831
UBFC_PHYS_s13_T2_ctrl,70,85,72.83333333333333,0.41678106784820557,-0.9927024566182157
UBFC_PHYS_s13_T2_ctrl,70,86,72.86666666666666,0.41988182067871094,-0.985517037045924
UBFC_PHYS_s13_T2_ctrl,70,87,72.9,0.43581393361091614,-0.8870411625765287
UBFC_PHYS_s13_T2_ctrl,70,88,72.93333333333334,0.47236061096191406,-0.7118084268878117
UBFC_PHYS_s13_T2_ctrl,70,89,72.96666666666667,0.5112040638923645,-0.4801357434833757
UBFC_PHYS_s13_T2_ctrl,70,90,73.0,0.5249613523483276,-0.21768739447779284
UBFC_PHYS_s13_T2_ctrl,70,91,73.03333333333333,0.5006100535392761,0.045493591321631936
UBFC_PHYS_s13_T2_ctrl,70,92,73.06666666666666,0.44168591499328613,0.27743511575924223
UBFC_PHYS_s13_T2_ctrl,70,93,73.1,0.35229137539863586,0.4487024310036671
UBFC_PHYS_s13_T2_ctrl,70,94,73.13333333333334,0.2344760149717331,0.5381054704781655
UBFC_PHYS_s13_T2_ctrl,70,95,73.16666666666667,0.09410194307565689,0.5375900541328968
UBFC_PHYS_s13_T2_ctrl,70,96,73.2,-0.03321337699890137,0.45410815594289106
UBFC_PHYS_s13_T2_ctrl,70,97,73.23333333333333,-0.08482885360717773,0.30744955681180675
UBFC_PHYS_s13_T2_ctrl,70,98,73.26666666666667,-0.04417309910058975,0.12488289602365593
UBFC_PHYS_s13_T2_ctrl,70,99,73.3,0.023410754278302193,-0.0651654090982092
UBFC_PHYS_s13_T2_ctrl,70,100,73.33333333333333,0.05311008170247078,-0.2381289487636853
UBFC_PHYS_s13_T2_ctrl,70,101,73.36666666666666,0.03675287961959839,-0.3759043955022707
UBFC_PHYS_s13_T2_ctrl,70,102,73.4,0.0007927351398393512,-0.46743044718532367
UBFC_PHYS_s13_T2_ctrl,70,103,73.43333333333334,-0.026520894840359688,-0.5085018555393881
UBFC_PHYS_s13_T2_ctrl,70,104,73.46666666666667,-0.032702624797821045,-0.5018025280648428
UBFC_PHYS_s13_T2_ctrl,70,105,73.5,-0.020767534151673317,-0.45710830322483775
UBFC_PHYS_s13_T2_ctrl,70,106,73.53333333333333,-0.0007856492884457111,-0.3906510892892112
UBFC_PHYS_s13_T2_ctrl,70,107,73.56666666666666,0.015571554191410542,-0.32242716588352566
UBFC_PHYS_s13_T2_ctrl,70,108,73.6,0.023470066487789154,-0.271026271222131
UBFC_PHYS_s13_T2_ctrl,70,109,73.63333333333334,0.030544787645339966,-0.24706167804372445
UBFC_PHYS_s13_T2_ctrl,70,110,73.66666666666667,0.044064853340387344,-0.24773702640081818
UBFC_PHYS_s13_T2_ctrl,70,111,73.7,0.05887003242969513,-0.25552407949328804
UBFC_PHYS_s13_T2_ctrl,70,112,73.73333333333333,0.06505835801362991,-0.24273332571385778
UBFC_PHYS_s13_T2_ctrl,70,113,73.76666666666667,0.06372051686048508,-0.18117439564732002
UBFC_PHYS_s13_T2_ctrl,70,114,73.8,0.08752808719873428,-0.05329654578912106
UBFC_PHYS_s13_T2_ctrl,70,115,73.83333333333333,0.20839478075504303,0.13998694212678334
UBFC_PHYS_s13_T2_ctrl,70,116,73.86666666666666,0.45627361536026,0.37810513209315877
UBFC_PHYS_s13_T2_ctrl,70,117,73.9,0.6974336504936218,0.6264082260024573
UBFC_PHYS_s13_T2_ctrl,70,118,73.93333333333334,0.7251789569854736,0.845729378724808
UBFC_PHYS_s13_T2_ctrl,70,119,73.96666666666667,0.5142850279808044,1.0019581986041681
UBFC_PHYS_s13_T2_ctrl,70,120,74.0,0.2476237267255783,1.0725532459343294
UBFC_PHYS_s13_T2_ctrl,70,121,74.03333333333333,0.08749843388795853,1.0487366228829622
UBFC_PHYS_s13_T2_ctrl,70,122,74.06666666666666,0.02282750979065895,0.9336501720595727
UBFC_PHYS_s13_T2_ctrl,70,123,74.1,-0.032768528908491135,0.7381496335865644
UBFC_PHYS_s13_T2_ctrl,70,124,74.13333333333334,-0.11534538865089417,0.47717400455980946
UBFC_PHYS_s13_T2_ctrl,70,125,74.16666666666667,-0.1873876005411148,0.16923400760256835
UBFC_PHYS_s13_T2_ctrl,70,126,74.2,-0.23656794428825378,-0.16115005240938995
UBFC_PHYS_s13_T2_ctrl,70,127,74.23333333333333,-0.32556048035621643,-0.4809727734815947
UBFC_PHYS_s13_T2_ctrl,70,128,74.26666666666667,-0.4911425709724426,-0.7495000378950305
UBFC_PHYS_s13_T2_ctrl,70,129,74.3,-0.6368910670280457,-0.9238659092701506
UBFC_PHYS_s13_T2_ctrl,70,130,74.33333333333333,-0.6239147186279297,-0.9689411761782178
UBFC_PHYS_s13_T2_ctrl,70,131,74.36666666666666,-0.4791613519191742,-0.8688271817613458
UBFC_PHYS_s13_T2_ctrl,70,132,74.4,-0.43087729811668396,-0.6357070725179789
UBFC_PHYS_s13_T2_ctrl,70,133,74.43333333333334,-0.621235728263855,-0.31146499131622923
UBFC_PHYS_s13_T2_ctrl,70,134,74.46666666666667,-0.8662214279174805,0.04067117102881691
UBFC_PHYS_s13_T2_ctrl,70,135,74.5,-0.8781367540359497,0.35293839235652386
UBFC_PHYS_s13_T2_ctrl,70,136,74.53333333333333,-0.6288047432899475,0.5717251863383866
UBFC_PHYS_s13_T2_ctrl,70,137,74.56666666666666,-0.3245060443878174,0.669831374099175
UBFC_PHYS_s13_T2_ctrl,70,138,74.6,-0.10543682426214218,0.6478241334682407
UBFC_PHYS_s13_T2_ctrl,70,139,74.63333333333334,-0.012625180184841156,0.526098028642132
UBFC_PHYS_s13_T2_ctrl,70,140,74.66666666666667,-0.0357934907078743,0.333046319981404
UBFC_PHYS_s13_T2_ctrl,70,141,74.7,-0.0915081575512886,0.09519591151215127
UBFC_PHYS_s13_T2_ctrl,70,142,74.73333333333333,-0.07276854664087296,-0.1667399775941812
UBFC_PHYS_s13_T2_ctrl,70,143,74.76666666666667,0.02223437838256359,-0.43521113979918
UBFC_PHYS_s13_T2_ctrl,70,144,74.8,0.09944011270999908,-0.6894452138905796
UBFC_PHYS_s13_T2_ctrl,70,145,74.83333333333333,0.11891454458236694,-0.9004929374343732
UBFC_PHYS_s13_T2_ctrl,70,146,74.86666666666666,0.11078537255525589,-1.0326466870342874
UBFC_PHYS_s13_T2_ctrl,70,147,74.9,0.08596618473529816,-1.053035182094863
UBFC_PHYS_s13_T2_ctrl,70,148,74.93333333333334,0.037836991250514984,-0.9461615197095713
UBFC_PHYS_s13_T2_ctrl,70,149,74.96666666666667,0.0031487788073718548,-0.7257602594118204
UBFC_PHYS_s13_T2_ctrl,70,150,75.0,0.03271300718188286,-0.4356183167470452
UBFC_PHYS_s13_T2_ctrl,70,151,75.03333333333333,0.11821267753839493,-0.1360501081688878
UBFC_PHYS_s13_T2_ctrl,70,152,75.06666666666666,0.20211419463157654,0.11824747552358307
UBFC_PHYS_s13_T2_ctrl,70,153,75.1,0.2532189190387726,0.29746739930078947
UBFC_PHYS_s13_T2_ctrl,70,154,75.13333333333334,0.2767529785633087,0.4042200961222708
UBFC_PHYS_s13_T2_ctrl,70,155,75.16666666666667,0.2814321219921112,0.46759782163716584
UBFC_PHYS_s13_T2_ctrl,70,156,75.2,0.27348417043685913,0.52757954459346
UBFC_PHYS_s13_T2_ctrl,70,157,75.23333333333333,0.27972522377967834,0.6163812588481313
UBFC_PHYS_s13_T2_ctrl,70,158,75.26666666666667,0.3291296362876892,0.7443300905043624
UBFC_PHYS_s13_T2_ctrl,70,159,75.3,0.39721107482910156,0.8960201407509283
UBFC_PHYS_s13_T2_ctrl,70,160,75.33333333333333,0.4299122989177704,1.0375279056984175
UBFC_PHYS_s13_T2_ctrl,70,161,75.36666666666666,0.4174499809741974,1.130026836080423
UBFC_PHYS_s13_T2_ctrl,70,162,75.4,0.38679176568984985,1.142623309805957
UBFC_PHYS_s13_T2_ctrl,70,163,75.43333333333334,0.3426332473754883,1.0589996633071335
UBFC_PHYS_s13_T2_ctrl,70,164,75.46666666666667,0.2731810212135315,0.8771684832864771
UBFC_PHYS_s13_T2_ctrl,70,165,75.5,0.21005883812904358,0.6055888831813601
UBFC_PHYS_s13_T2_ctrl,70,166,75.53333333333333,0.23298001289367676,0.25934686114799615
UBFC_PHYS_s13_T2_ctrl,70,167,75.56666666666666,0.35565245151519775,-0.14171285769844935
UBFC_PHYS_s13_T2_ctrl,70,168,75.6,0.46284088492393494,-0.5727196404014081
UBFC_PHYS_s13_T2_ctrl,70,169,75.63333333333334,0.4037783443927765,-1.0024210133144826
UBFC_PHYS_s13_T2_ctrl,70,170,75.66666666666667,0.1477307677268982,-1.3927917034663038
UBFC_PHYS_s13_T2_ctrl,70,171,75.7,-0.1743486225605011,-1.701626803136401
UBFC_PHYS_s13_T2_ctrl,70,172,75.73333333333333,-0.40588346123695374,-1.8885017763968102
UBFC_PHYS_s13_T2_ctrl,70,173,75.76666666666667,-0.5802570581436157,-1.9222474161618717
UBFC_PHYS_s13_T2_ctrl,70,174,75.8,-0.840977132320404,-1.786910316928828
UBFC_PHYS_s13_T2_ctrl,70,175,75.83333333333333,-1.0706403255462646,-1.4841599212146448
UBFC_PHYS_s13_T2_ctrl,70,176,75.86666666666666,-0.9973788857460022,-1.0327411854752317
UBFC_PHYS_s13_T2_ctrl,70,177,75.9,-0.6587182283401489,-0.4672442731120198
UBFC_PHYS_s13_T2_ctrl,70,178,75.93333333333334,-0.34635627269744873,0.16271465302991414
UBFC_PHYS_s13_T2_ctrl,70,179,75.96666666666667,-0.19042573869228363,0.7944532014795941
UBFC_PHYS_s13_T2_ctrl,70,180,76.0,-0.14690648019313812,1.3581985552611795
UBFC_PHYS_s13_T2_ctrl,70,181,76.03333333333333,-0.1932925283908844,1.7882040563551191
UBFC_PHYS_s13_T2_ctrl,70,182,76.06666666666666,-0.2664419114589691,2.0360660543747158
UBFC_PHYS_s13_T2_ctrl,70,183,76.1,-0.259492427110672,2.0806638260945003
UBFC_PHYS_s13_T2_ctrl,70,184,76.13333333333334,-0.16844038665294647,1.9307184779405417
UBFC_PHYS_s13_T2_ctrl,70,185,76.16666666666667,-0.08891156315803528,1.619970487131397
UBFC_PHYS_s13_T2_ctrl,70,186,76.2,-0.06204937398433685,1.1980221150978418
UBFC_PHYS_s13_T2_ctrl,70,187,76.23333333333333,-0.06046110391616821,0.7205180045966917
UBFC_PHYS_s13_T2_ctrl,70,188,76.26666666666667,-0.11491371691226959,0.24096578709874913
UBFC_PHYS_s13_T2_ctrl,70,189,76.3,-0.2931525409221649,-0.19534427844861232
UBFC_PHYS_s13_T2_ctrl,70,190,76.33333333333333,-0.5725759863853455,-0.5557812936601759
UBFC_PHYS_s13_T2_ctrl,70,191,76.36666666666666,-0.8555352091789246,-0.8234800746814809
UBFC_PHYS_s13_T2_ctrl,70,192,76.4,-1.1196197271347046,-0.9987578396738641
UBFC_PHYS_s13_T2_ctrl,70,193,76.43333333333334,-1.3430055379867554,-1.0978587762009537
UBFC_PHYS_s13_T2_ctrl,70,194,76.46666666666667,-1.4485958814620972,-1.1479255627374583
UBFC_PHYS_s13_T2_ctrl,70,195,76.5,-1.396631121635437,-1.1779491452546318
UBFC_PHYS_s13_T2_ctrl,70,196,76.53333333333333,-1.3669878244400024,-1.2072660511937963
UBFC_PHYS_s13_T2_ctrl,70,197,76.56666666666666,-1.5299798250198364,-1.2351839333762666
UBFC_PHYS_s13_T2_ctrl,70,198,76.6,-1.9077508449554443,-1.2363833938024649
UBFC_PHYS_s13_T2_ctrl,70,199,76.63333333333334,-2.3785345554351807,-1.1659499728237352
UBFC_PHYS_s13_T2_ctrl,70,200,76.66666666666667,-2.7665138244628906,-0.9749020153316207
UBFC_PHYS_s13_T2_ctrl,70,201,76.7,-2.913086175918579,-0.6324188662875985
UBFC_PHYS_s13_T2_ctrl,70,202,76.73333333333333,-2.833540916442871,-0.14632466923573845
UBFC_PHYS_s13_T2_ctrl,70,203,76.76666666666667,-2.592772960662842,0.4285364752221917
UBFC_PHYS_s13_T2_ctrl,70,204,76.8,-1.6672762632369995,1.0011726754583357
UBFC_PHYS_s13_T2_ctrl,70,205,76.83333333333333,-0.3033280074596405,1.4727153518080172
UBFC_PHYS_s13_T2_ctrl,70,206,76.86666666666666,0.795560359954834,1.7692763125513873
UBFC_PHYS_s13_T2_ctrl,70,207,76.9,1.3411277532577515,1.8627146252663638
UBFC_PHYS_s13_T2_ctrl,70,208,76.93333333333334,1.4986993074417114,1.770705216293567
UBFC_PHYS_s13_T2_ctrl,70,209,76.96666666666667,1.440773606300354,1.5399974158348815
UBFC_PHYS_s13_T2_ctrl,70,210,77.0,1.3038396835327148,1.2236967295775902
UBFC_PHYS_s13_T2_ctrl,70,211,77.03333333333333,1.253726840019226,0.8630128889326096
UBFC_PHYS_s13_T2_ctrl,70,212,77.06666666666666,1.3060210943222046,0.4794329622950324
UBFC_PHYS_s13_T2_ctrl,70,213,77.1,1.2755770683288574,0.07793763157528681
UBFC_PHYS_s13_T2_ctrl,70,214,77.13333333333334,1.109635829925537,-0.34214848632460215
UBFC_PHYS_s13_T2_ctrl,70,215,77.16666666666667,0.9201176166534424,-0.7740739018941519
UBFC_PHYS_s13_T2_ctrl,70,216,77.2,0.8066684007644653,-1.1938916702378835
UBFC_PHYS_s13_T2_ctrl,70,217,77.23333333333333,0.7219957709312439,-1.5581522197469246
UBFC_PHYS_s13_T2_ctrl,70,218,77.26666666666667,0.6067078113555908,-1.8106806359216818
UBFC_PHYS_s13_T2_ctrl,70,219,77.3,0.4899073839187622,-1.8970826527640416
UBFC_PHYS_s13_T2_ctrl,70,220,77.33333333333333,0.4073898494243622,-1.782869486458048
UBFC_PHYS_s13_T2_ctrl,70,221,77.36666666666666,0.34078794717788696,-1.4690621823024848
UBFC_PHYS_s13_T2_ctrl,70,222,77.4,0.25828027725219727,-0.9986117216205312
UBFC_PHYS_s13_T2_ctrl,70,223,77.43333333333334,0.17471818625926971,-0.44922832297970183
UBFC_PHYS_s13_T2_ctrl,70,224,77.46666666666667,0.11316448450088501,0.0865088977526632
UBFC_PHYS_s13_T2_ctrl,70,225,77.5,0.07373782247304916,0.5266932798339363
UBFC_PHYS_s13_T2_ctrl,70,226,77.53333333333333,0.038766227662563324,0.8205894002715893
UBFC_PHYS_s13_T2_ctrl,70,227,77.56666666666666,0.007534644566476345,0.9556300345999506
UBFC_PHYS_s13_T2_ctrl,70,228,77.6,-0.015221770852804184,0.9502632757506349
UBFC_PHYS_s13_T2_ctrl,70,229,77.63333333333334,-0.029723795130848885,0.8394111022693416
UBFC_PHYS_s13_T2_ctrl,70,230,77.66666666666667,-0.038923900574445724,0.6608520954105724
UBFC_PHYS_s13_T2_ctrl,70,231,77.7,-0.0422586053609848,0.4475796177435316
UBFC_PHYS_s13_T2_ctrl,70,232,77.73333333333333,-0.03769480064511299,0.22691374686035665
UBFC_PHYS_s13_T2_ctrl,70,233,77.76666666666667,-0.024678897112607956,0.02374589539736144
UBFC_PHYS_s13_T2_ctrl,70,234,77.8,-0.003517341800034046,-0.13649594544354288
UBFC_PHYS_s13_T2_ctrl,70,235,77.83333333333333,0.024854036048054695,-0.22888096884587844
UBFC_PHYS_s13_T2_ctrl,70,236,77.86666666666666,0.05848120525479317,-0.23466976889548505
UBFC_PHYS_s13_T2_ctrl,70,237,77.9,0.09386469423770905,-0.14889787826087328
UBFC_PHYS_s13_T2_ctrl,70,238,77.93333333333334,0.1264934241771698,0.014497086215584936
UBFC_PHYS_s13_T2_ctrl,70,239,77.96666666666667,0.1555732637643814,0.22331370354000107
UBFC_PHYS_s13_T2_ctrl,71,0,71.0,0.20808173716068268,0.04623877697009238
UBFC_PHYS_s13_T2_ctrl,71,1,71.03333333333333,0.5008407235145569,0.11870464944625138
UBFC_PHYS_s13_T2_ctrl,71,2,71.06666666666666,0.7744218707084656,0.18503694735837026
UBFC_PHYS_s13_T2_ctrl,71,3,71.1,0.9602198004722595,0.2382191745983452
UBFC_PHYS_s13_T2_ctrl,71,4,71.13333333333334,1.032558560371399,0.2705541721219585
UBFC_PHYS_s13_T2_ctrl,71,5,71.16666666666667,1.0276224613189697,0.27631360046100434
UBFC_PHYS_s13_T2_ctrl,71,6,71.2,0.9858331084251404,0.2558671404718643
UBFC_PHYS_s13_T2_ctrl,71,7,71.23333333333333,0.9236302971839905,0.21890549028502093
UBFC_PHYS_s13_T2_ctrl,71,8,71.26666666666667,0.8410238027572632,0.18397918819730863
UBFC_PHYS_s13_T2_ctrl,71,9,71.3,0.7252613306045532,0.17304441905178786
UBFC_PHYS_s13_T2_ctrl,71,10,71.33333333333333,0.5762341618537903,0.20261979734419822
UBFC_PHYS_s13_T2_ctrl,71,11,71.36666666666666,0.4316883981227875,0.2755752405557705
UBFC_PHYS_s13_T2_ctrl,71,12,71.4,0.3336769938468933,0.37770793738036773
UBFC_PHYS_s13_T2_ctrl,71,13,71.43333333333334,0.27683866024017334,0.4811281915190719
UBFC_PHYS_s13_T2_ctrl,71,14,71.46666666666667,0.23187942802906036,0.5533344987236151
UBFC_PHYS_s13_T2_ctrl,71,15,71.5,0.1920177936553955,0.5682252946425986
UBFC_PHYS_s13_T2_ctrl,71,16,71.53333333333333,0.1548713892698288,0.5143830157512292
UBFC_PHYS_s13_T2_ctrl,71,17,71.56666666666666,0.10733532905578613,0.3971952960297815
UBFC_PHYS_s13_T2_ctrl,71,18,71.6,0.05480709299445152,0.23421412503783182
UBFC_PHYS_s13_T2_ctrl,71,19,71.63333333333334,0.011449301615357399,0.04620353029098904
UBFC_PHYS_s13_T2_ctrl,71,20,71.66666666666667,-0.02597389742732048,-0.15185764945711755
UBFC_PHYS_s13_T2_ctrl,71,21,71.7,-0.0629291832447052,-0.3556627349537102
UBFC_PHYS_s13_T2_ctrl,71,22,71.73333333333333,-0.09665849804878235,-0.5700771657012762
UBFC_PHYS_s13_T2_ctrl,71,23,71.76666666666667,-0.12813392281532288,-0.8017398231637144
UBFC_PHYS_s13_T2_ctrl,71,24,71.8,-0.1557144671678543,-1.0487742756459661
UBFC_PHYS_s13_T2_ctrl,71,25,71.83333333333333,-0.1669575721025467,-1.2920107227209552
UBFC_PHYS_s13_T2_ctrl,71,26,71.86666666666666,-0.1566239297389984,-1.4919640351312793
UBFC_PHYS_s13_T2_ctrl,71,27,71.9,-0.14006571471691132,-1.594253590824465
UBFC_PHYS_s13_T2_ctrl,71,28,71.93333333333334,-0.1286018341779709,-1.5435873248693188
UBFC_PHYS_s13_T2_ctrl,71,29,71.96666666666667,-0.09882672131061554,-1.3032454954976878
UBFC_PHYS_s13_T2_ctrl,71,30,72.0,-0.021558374166488647,-0.8738840681860387
UBFC_PHYS_s13_T2_ctrl,71,31,72.03333333333333,0.0940525159239769,-0.30367478483916416
UBFC_PHYS_s13_T2_ctrl,71,32,72.06666666666666,0.21976639330387115,0.3170912865718527
UBFC_PHYS_s13_T2_ctrl,71,33,72.1,0.3385702967643738,0.8783736385697272
UBFC_PHYS_s13_T2_ctrl,71,34,72.13333333333334,0.4031852185726166,1.2827124283634141
UBFC_PHYS_s13_T2_ctrl,71,35,72.16666666666667,0.3459185063838959,1.4746530247847862
UBFC_PHYS_s13_T2_ctrl,71,36,72.2,0.17238520085811615,1.4556832406194016
UBFC_PHYS_s13_T2_ctrl,71,37,72.23333333333333,-0.017683260142803192,1.2798825470407351
UBFC_PHYS_s13_T2_ctrl,71,38,72.26666666666667,-0.1310962736606598,1.033215105017204
UBFC_PHYS_s13_T2_ctrl,71,39,72.3,-0.18334442377090454,0.8048210929950954
UBFC_PHYS_s13_T2_ctrl,71,40,72.33333333333333,-0.2880713939666748,0.6603349829561769
UBFC_PHYS_s13_T2_ctrl,71,41,72.36666666666666,-0.5237054228782654,0.6253931776092818
UBFC_PHYS_s13_T2_ctrl,71,42,72.4,-0.7994976043701172,0.6832822003789604
UBFC_PHYS_s13_T2_ctrl,71,43,72.43333333333334,-0.9312811493873596,0.7855372861364975
UBFC_PHYS_s13_T2_ctrl,71,44,72.46666666666667,-0.8649066686630249,0.8699200392960035
UBFC_PHYS_s13_T2_ctrl,71,45,72.5,-0.7061784863471985,0.8785758962718218
UBFC_PHYS_s13_T2_ctrl,71,46,72.53333333333333,-0.5490649938583374,0.7710341520928233
UBFC_PHYS_s13_T2_ctrl,71,47,72.56666666666666,-0.40602514147758484,0.5303431312953508
UBFC_PHYS_s13_T2_ctrl,71,48,72.6,-0.26175618171691895,0.1635994962382175
UBFC_PHYS_s13_T2_ctrl,71,49,72.63333333333334,-0.09112261980772018,-0.30079065690297146
UBFC_PHYS_s13_T2_ctrl,71,50,72.66666666666667,0.10355906933546066,-0.8174093285928646
UBFC_PHYS_s13_T2_ctrl,71,51,72.7,0.2643203139305115,-1.3290711348020894
UBFC_PHYS_s13_T2_ctrl,71,52,72.73333333333333,0.3496420681476593,-1.7729350287746086
UBFC_PHYS_s13_T2_ctrl,71,53,72.76666666666667,0.38604703545570374,-2.0876286262592885
UBFC_PHYS_s13_T2_ctrl,71,54,72.8,0.40751177072525024,-2.22180963433178
UBFC_PHYS_s13_T2_ctrl,71,55,72.83333333333333,0.41678106784820557,-2.144164865765405
UBFC_PHYS_s13_T2_ctrl,71,56,72.86666666666666,0.41988182067871094,-1.8531330656157183
UBFC_PHYS_s13_T2_ctrl,71,57,72.9,0.43581393361091614,-1.3824846195293303
UBFC_PHYS_s13_T2_ctrl,71,58,72.93333333333334,0.47236061096191406,-0.7981795564516556
UBFC_PHYS_s13_T2_ctrl,71,59,72.96666666666667,0.5112040638923645,-0.18464446134355542
UBFC_PHYS_s13_T2_ctrl,71,60,73.0,0.5249613523483276,0.37566851358168685
UBFC_PHYS_s13_T2_ctrl,71,61,73.03333333333333,0.5006100535392761,0.8213142695616438
UBFC_PHYS_s13_T2_ctrl,71,62,73.06666666666666,0.44168591499328613,1.1223347358372302
UBFC_PHYS_s13_T2_ctrl,71,63,73.1,0.35229137539863586,1.2798527973719267
UBFC_PHYS_s13_T2_ctrl,71,64,73.13333333333334,0.2344760149717331,1.3173162190748895
UBFC_PHYS_s13_T2_ctrl,71,65,73.16666666666667,0.09410194307565689,1.2683965980574363
UBFC_PHYS_s13_T2_ctrl,71,66,73.2,-0.03321337699890137,1.1661329505877644
UBFC_PHYS_s13_T2_ctrl,71,67,73.23333333333333,-0.08482885360717773,1.035975208711096
UBFC_PHYS_s13_T2_ctrl,71,68,73.26666666666667,-0.04417309910058975,0.8935362356883583
UBFC_PHYS_s13_T2_ctrl,71,69,73.3,0.023410754278302193,0.7463923108436071
UBFC_PHYS_s13_T2_ctrl,71,70,73.33333333333333,0.05311008170247078,0.5980392996844676
UBFC_PHYS_s13_T2_ctrl,71,71,73.36666666666666,0.03675287961959839,0.45162015951649725
UBFC_PHYS_s13_T2_ctrl,71,72,73.4,0.0007927351398393512,0.31167965238557993
UBFC_PHYS_s13_T2_ctrl,71,73,73.43333333333334,-0.026520894840359688,0.18346501190555078
UBFC_PHYS_s13_T2_ctrl,71,74,73.46666666666667,-0.032702624797821045,0.07044197025719544
UBFC_PHYS_s13_T2_ctrl,71,75,73.5,-0.020767534151673317,-0.028504973635795572
UBFC_PHYS_s13_T2_ctrl,71,76,73.53333333333333,-0.0007856492884457111,-0.12038112111167941
UBFC_PHYS_s13_T2_ctrl,71,77,73.56666666666666,0.015571554191410542,-0.2165935026676513
UBFC_PHYS_s13_T2_ctrl,71,78,73.6,0.023470066487789154,-0.328736729859896
UBFC_PHYS_s13_T2_ctrl,71,79,73.63333333333334,0.030544787645339966,-0.4631428507339188
UBFC_PHYS_s13_T2_ctrl,71,80,73.66666666666667,0.044064853340387344,-0.6162840907819239
UBFC_PHYS_s13_T2_ctrl,71,81,73.7,0.05887003242969513,-0.772845366236635
UBFC_PHYS_s13_T2_ctrl,71,82,73.73333333333333,0.06505835801362991,-0.9074817174323235
UBFC_PHYS_s13_T2_ctrl,71,83,73.76666666666667,0.06372051686048508,-0.9901460879166758
UBFC_PHYS_s13_T2_ctrl,71,84,73.8,0.08752808719873428,-0.9936649262822506
UBFC_PHYS_s13_T2_ctrl,71,85,73.83333333333333,0.20839478075504303,-0.9014507607169738
UBFC_PHYS_s13_T2_ctrl,71,86,73.86666666666666,0.45627361536026,-0.7131934585284253
UBFC_PHYS_s13_T2_ctrl,71,87,73.9,0.6974336504936218,-0.446828452377484
UBFC_PHYS_s13_T2_ctrl,71,88,73.93333333333334,0.7251789569854736,-0.13583090323111738
UBFC_PHYS_s13_T2_ctrl,71,89,73.96666666666667,0.5142850279808044,0.17774572827643925
UBFC_PHYS_s13_T2_ctrl,71,90,74.0,0.2476237267255783,0.4522137157964648
UBFC_PHYS_s13_T2_ctrl,71,91,74.03333333333333,0.08749843388795853,0.6539758900875076
UBFC_PHYS_s13_T2_ctrl,71,92,74.06666666666666,0.02282750979065895,0.7618862420712171
UBFC_PHYS_s13_T2_ctrl,71,93,74.1,-0.032768528908491135,0.7683042106666509
UBFC_PHYS_s13_T2_ctrl,71,94,74.13333333333334,-0.11534538865089417,0.6785760622672887
UBFC_PHYS_s13_T2_ctrl,71,95,74.16666666666667,-0.1873876005411148,0.5106951621100194
UBFC_PHYS_s13_T2_ctrl,71,96,74.2,-0.23656794428825378,0.2952936152198451
UBFC_PHYS_s13_T2_ctrl,71,97,74.23333333333333,-0.32556048035621643,0.07429193066454728
UBFC_PHYS_s13_T2_ctrl,71,98,74.26666666666667,-0.4911425709724426,-0.10398075865660392
UBFC_PHYS_s13_T2_ctrl,71,99,74.3,-0.6368910670280457,-0.19415900075996734
UBFC_PHYS_s13_T2_ctrl,71,100,74.33333333333333,-0.6239147186279297,-0.16627228357744753
UBFC_PHYS_s13_T2_ctrl,71,101,74.36666666666666,-0.4791613519191742,-0.017334337164109606
UBFC_PHYS_s13_T2_ctrl,71,102,74.4,-0.43087729811668396,0.22303547851642647
UBFC_PHYS_s13_T2_ctrl,71,103,74.43333333333334,-0.621235728263855,0.4969808087170167
UBFC_PHYS_s13_T2_ctrl,71,104,74.46666666666667,-0.8662214279174805,0.7331764373373137
UBFC_PHYS_s13_T2_ctrl,71,105,74.5,-0.8781367540359497,0.8674749988158941
UBFC_PHYS_s13_T2_ctrl,71,106,74.53333333333333,-0.6288047432899475,0.8611443347234221
UBFC_PHYS_s13_T2_ctrl,71,107,74.56666666666666,-0.3245060443878174,0.7089464588512333
UBFC_PHYS_s13_T2_ctrl,71,108,74.6,-0.10543682426214218,0.434827555043843
UBFC_PHYS_s13_T2_ctrl,71,109,74.63333333333334,-0.012625180184841156,0.0793854187948857
UBFC_PHYS_s13_T2_ctrl,71,110,74.66666666666667,-0.0357934907078743,-0.3138939237453931
UBFC_PHYS_s13_T2_ctrl,71,111,74.7,-0.0915081575512886,-0.7076764614589485
UBFC_PHYS_s13_T2_ctrl,71,112,74.73333333333333,-0.07276854664087296,-1.072243616065424
UBFC_PHYS_s13_T2_ctrl,71,113,74.76666666666667,0.02223437838256359,-1.3805409316647357
UBFC_PHYS_s13_T2_ctrl,71,114,74.8,0.09944011270999908,-1.6016873380630727
UBFC_PHYS_s13_T2_ctrl,71,115,74.83333333333333,0.11891454458236694,-1.6991455237749802
UBFC_PHYS_s13_T2_ctrl,71,116,74.86666666666666,0.11078537255525589,-1.6374405642497183
UBFC_PHYS_s13_T2_ctrl,71,117,74.9,0.08596618473529816,-1.3964718293230334
UBFC_PHYS_s13_T2_ctrl,71,118,74.93333333333334,0.037836991250514984,-0.9874554392964068
UBFC_PHYS_s13_T2_ctrl,71,119,74.96666666666667,0.0031487788073718548,-0.4614822257680239
UBFC_PHYS_s13_T2_ctrl,71,120,75.0,0.03271300718188286,0.0973508027552492
UBFC_PHYS_s13_T2_ctrl,71,121,75.03333333333333,0.11821267753839493,0.5952722342999469
UBFC_PHYS_s13_T2_ctrl,71,122,75.06666666666666,0.20211419463157654,0.9589050203857352
UBFC_PHYS_s13_T2_ctrl,71,123,75.1,0.2532189190387726,1.1569863224853254
UBFC_PHYS_s13_T2_ctrl,71,124,75.13333333333334,0.2767529785633087,1.2045206065610585
UBFC_PHYS_s13_T2_ctrl,71,125,75.16666666666667,0.2814321219921112,1.1506731752166899
UBFC_PHYS_s13_T2_ctrl,71,126,75.2,0.27348417043685913,1.0578035431270705
UBFC_PHYS_s13_T2_ctrl,71,127,75.23333333333333,0.27972522377967834,0.9797762689706435
UBFC_PHYS_s13_T2_ctrl,71,128,75.26666666666667,0.3291296362876892,0.9461165974203959
UBFC_PHYS_s13_T2_ctrl,71,129,75.3,0.39721107482910156,0.9559931775269039
UBFC_PHYS_s13_T2_ctrl,71,130,75.33333333333333,0.4299122989177704,0.9826739025824601
UBFC_PHYS_s13_T2_ctrl,71,131,75.36666666666666,0.4174499809741974,0.9856532471179278
UBFC_PHYS_s13_T2_ctrl,71,132,75.4,0.38679176568984985,0.9251548265895915
UBFC_PHYS_s13_T2_ctrl,71,133,75.43333333333334,0.3426332473754883,0.7735003550038543
UBFC_PHYS_s13_T2_ctrl,71,134,75.46666666666667,0.2731810212135315,0.5202848948107232
UBFC_PHYS_s13_T2_ctrl,71,135,75.5,0.21005883812904358,0.17186648882968772
UBFC_PHYS_s13_T2_ctrl,71,136,75.53333333333333,0.23298001289367676,-0.25180667633967685
UBFC_PHYS_s13_T2_ctrl,71,137,75.56666666666666,0.35565245151519775,-0.7198572046841702
UBFC_PHYS_s13_T2_ctrl,71,138,75.6,0.46284088492393494,-1.1915230549983378
UBFC_PHYS_s13_T2_ctrl,71,139,75.63333333333334,0.4037783443927765,-1.6170996939353157
UBFC_PHYS_s13_T2_ctrl,71,140,75.66666666666667,0.1477307677268982,-1.9415498266976823
UBFC_PHYS_s13_T2_ctrl,71,141,75.7,-0.1743486225605011,-2.112651196871855
UBFC_PHYS_s13_T2_ctrl,71,142,75.73333333333333,-0.40588346123695374,-2.092920472106632
UBFC_PHYS_s13_T2_ctrl,71,143,75.76666666666667,-0.5802570581436157,-1.8715101290389466
UBFC_PHYS_s13_T2_ctrl,71,144,75.8,-0.840977132320404,-1.4706419685364491
UBFC_PHYS_s13_T2_ctrl,71,145,75.83333333333333,-1.0706403255462646,-0.9425893061930618
UBFC_PHYS_s13_T2_ctrl,71,146,75.86666666666666,-0.9973788857460022,-0.35763228242588985
UBFC_PHYS_s13_T2_ctrl,71,147,75.9,-0.6587182283401489,0.21216520869804062
UBFC_PHYS_s13_T2_ctrl,71,148,75.93333333333334,-0.34635627269744873,0.7071447975947094
UBFC_PHYS_s13_T2_ctrl,71,149,75.96666666666667,-0.19042573869228363,1.0881052731469205
UBFC_PHYS_s13_T2_ctrl,71,150,76.0,-0.14690648019313812,1.3378791659170555
UBFC_PHYS_s13_T2_ctrl,71,151,76.03333333333333,-0.1932925283908844,1.4587080679872368
UBFC_PHYS_s13_T2_ctrl,71,152,76.06666666666666,-0.2664419114589691,1.4676289718740174
UBFC_PHYS_s13_T2_ctrl,71,153,76.1,-0.259492427110672,1.3908515269912347
UBFC_PHYS_s13_T2_ctrl,71,154,76.13333333333334,-0.16844038665294647,1.2577368618790048
UBFC_PHYS_s13_T2_ctrl,71,155,76.16666666666667,-0.08891156315803528,1.0954097439856303
UBFC_PHYS_s13_T2_ctrl,71,156,76.2,-0.06204937398433685,0.9251858915410163
UBFC_PHYS_s13_T2_ctrl,71,157,76.23333333333333,-0.06046110391616821,0.7613899837010882
UBFC_PHYS_s13_T2_ctrl,71,158,76.26666666666667,-0.11491371691226959,0.6120184268666718
UBFC_PHYS_s13_T2_ctrl,71,159,76.3,-0.2931525409221649,0.4798817585647618
UBFC_PHYS_s13_T2_ctrl,71,160,76.33333333333333,-0.5725759863853455,0.3630330716453515
UBFC_PHYS_s13_T2_ctrl,71,161,76.36666666666666,-0.8555352091789246,0.2543406947987826
UBFC_PHYS_s13_T2_ctrl,71,162,76.4,-1.1196197271347046,0.14126582993321776
UBFC_PHYS_s13_T2_ctrl,71,163,76.43333333333334,-1.3430055379867554,0.007321499773273076
UBFC_PHYS_s13_T2_ctrl,71,164,76.46666666666667,-1.4485958814620972,-0.16408184986756147
UBFC_PHYS_s13_T2_ctrl,71,165,76.5,-1.396631121635437,-0.3839732617347156
UBFC_PHYS_s13_T2_ctrl,71,166,76.53333333333333,-1.3669878244400024,-0.6518014336987452
UBFC_PHYS_s13_T2_ctrl,71,167,76.56666666666666,-1.5299798250198364,-0.9508715881496107
UBFC_PHYS_s13_T2_ctrl,71,168,76.6,-1.9077508449554443,-1.2470653801330378
UBFC_PHYS_s13_T2_ctrl,71,169,76.63333333333334,-2.3785345554351807,-1.4923970328389484
UBFC_PHYS_s13_T2_ctrl,71,170,76.66666666666667,-2.7665138244628906,-1.6341718553797628
UBFC_PHYS_s13_T2_ctrl,71,171,76.7,-2.913086175918579,-1.6287536827691846
UBFC_PHYS_s13_T2_ctrl,71,172,76.73333333333333,-2.833540916442871,-1.4563586462901825
UBFC_PHYS_s13_T2_ctrl,71,173,76.76666666666667,-2.592772960662842,-1.1312343117896382
UBFC_PHYS_s13_T2_ctrl,71,174,76.8,-1.6672762632369995,-0.7018185999805813
UBFC_PHYS_s13_T2_ctrl,71,175,76.83333333333333,-0.3033280074596405,-0.23906607876420136
UBFC_PHYS_s13_T2_ctrl,71,176,76.86666666666666,0.795560359954834,0.1830488664379914
UBFC_PHYS_s13_T2_ctrl,71,177,76.9,1.3411277532577515,0.5068168754503818
UBFC_PHYS_s13_T2_ctrl,71,178,76.93333333333334,1.4986993074417114,0.702695321220711
UBFC_PHYS_s13_T2_ctrl,71,179,76.96666666666667,1.440773606300354,0.7710315933147586
UBFC_PHYS_s13_T2_ctrl,71,180,77.0,1.3038396835327148,0.7353679048146053
UBFC_PHYS_s13_T2_ctrl,71,181,77.03333333333333,1.253726840019226,0.6316896548445813
UBFC_PHYS_s13_T2_ctrl,71,182,77.06666666666666,1.3060210943222046,0.4980748352091076
UBFC_PHYS_s13_T2_ctrl,71,183,77.1,1.2755770683288574,0.367566015385741
UBFC_PHYS_s13_T2_ctrl,71,184,77.13333333333334,1.109635829925537,0.26498264830634816
UBFC_PHYS_s13_T2_ctrl,71,185,77.16666666666667,0.9201176166534424,0.20667229705187168
UBFC_PHYS_s13_T2_ctrl,71,186,77.2,0.8066684007644653,0.20132913097791705
UBFC_PHYS_s13_T2_ctrl,71,187,77.23333333333333,0.7219957709312439,0.25025712121985294
UBFC_PHYS_s13_T2_ctrl,71,188,77.26666666666667,0.6067078113555908,0.3466427114537172
UBFC_PHYS_s13_T2_ctrl,71,189,77.3,0.4899073839187622,0.47475421077684193
UBFC_PHYS_s13_T2_ctrl,71,190,77.33333333333333,0.4073898494243622,0.6106373602112117
UBFC_PHYS_s13_T2_ctrl,71,191,77.36666666666666,0.34078794717788696,0.7254009944665293
UBFC_PHYS_s13_T2_ctrl,71,192,77.4,0.25828027725219727,0.7908430871251151
UBFC_PHYS_s13_T2_ctrl,71,193,77.43333333333334,0.17471818625926971,0.7859099372968411
UBFC_PHYS_s13_T2_ctrl,71,194,77.46666666666667,0.11316448450088501,0.7020757038694121
UBFC_PHYS_s13_T2_ctrl,71,195,77.5,0.07373782247304916,0.5459589978454905
UBFC_PHYS_s13_T2_ctrl,71,196,77.53333333333333,0.038766227662563324,0.33797157202418576
UBFC_PHYS_s13_T2_ctrl,71,197,77.56666666666666,0.007534644566476345,0.10679361231850285
UBFC_PHYS_s13_T2_ctrl,71,198,77.6,-0.015221770852804184,-0.11887799160966504
UBFC_PHYS_s13_T2_ctrl,71,199,77.63333333333334,-0.029723795130848885,-0.3183517020387356
UBFC_PHYS_s13_T2_ctrl,71,200,77.66666666666667,-0.038923900574445724,-0.4834544892207303
UBFC_PHYS_s13_T2_ctrl,71,201,77.7,-0.0422586053609848,-0.6175917465632617
UBFC_PHYS_s13_T2_ctrl,71,202,77.73333333333333,-0.03769480064511299,-0.7299560256022308
UBFC_PHYS_s13_T2_ctrl,71,203,77.76666666666667,-0.024678897112607956,-0.8278428310016767
UBFC_PHYS_s13_T2_ctrl,71,204,77.8,-0.003517341800034046,-0.9108295767552366
UBFC_PHYS_s13_T2_ctrl,71,205,77.83333333333333,0.024854036048054695,-0.969472700962866
UBFC_PHYS_s13_T2_ctrl,71,206,77.86666666666666,0.05848120525479317,-0.9888271806799516
UBFC_PHYS_s13_T2_ctrl,71,207,77.9,0.09386469423770905,-0.9547825314190779
UBFC_PHYS_s13_T2_ctrl,71,208,77.93333333333334,0.1264934241771698,-0.8601280961358769
UBFC_PHYS_s13_T2_ctrl,71,209,77.96666666666667,0.1555732637643814,-0.7078028958563669
UBFC_PHYS_s13_T2_ctrl,71,210,78.0,0.17926551401615143,-0.5104625450514919
UBFC_PHYS_s13_T2_ctrl,71,211,78.03333333333333,0.19106219708919525,-0.28713124819539393
UBFC_PHYS_s13_T2_ctrl,71,212,78.06666666666666,0.18894341588020325,-0.05843545725916392
UBFC_PHYS_s13_T2_ctrl,71,213,78.1,0.1827254295349121,0.15798295703924523
UBFC_PHYS_s13_T2_ctrl,71,214,78.13333333333334,0.1879548579454422,0.3503387283029315
UBFC_PHYS_s13_T2_ctrl,71,215,78.16666666666667,0.20958103239536285,0.5128911213655276
UBFC_PHYS_s13_T2_ctrl,71,216,78.2,0.24315547943115234,0.6437728430374796
UBFC_PHYS_s13_T2_ctrl,71,217,78.23333333333333,0.29264888167381287,0.7420016018626518
UBFC_PHYS_s13_T2_ctrl,71,218,78.26666666666667,0.3728499114513397,0.8054388002688149
UBFC_PHYS_s13_T2_ctrl,71,219,78.3,0.481198251247406,0.8306517389888721
UBFC_PHYS_s13_T2_ctrl,71,220,78.33333333333333,0.60210120677948,0.8144284756413697
UBFC_PHYS_s13_T2_ctrl,71,221,78.36666666666666,0.7391734719276428,0.7559385103990603
UBFC_PHYS_s13_T2_ctrl,71,222,78.4,0.9289618730545044,0.6586000737097369
UBFC_PHYS_s13_T2_ctrl,71,223,78.43333333333334,1.1747087240219116,0.5310093775346753
UBFC_PHYS_s13_T2_ctrl,71,224,78.46666666666667,1.442384958267212,0.38629860487625073
UBFC_PHYS_s13_T2_ctrl,71,225,78.5,1.7129510641098022,0.23957570584957408
UBFC_PHYS_s13_T2_ctrl,71,226,78.53333333333333,2.0473313331604004,0.10410478933748583
UBFC_PHYS_s13_T2_ctrl,71,227,78.56666666666666,2.476938486099243,-0.0122104725342197
UBFC_PHYS_s13_T2_ctrl,71,228,78.6,2.9706532955169678,-0.10855973043777208
UBFC_PHYS_s13_T2_ctrl,71,229,78.63333333333334,3.4558236598968506,-0.19045549559106564
UBFC_PHYS_s13_T2_ctrl,71,230,78.66666666666667,3.891549825668335,-0.2665397203374841
UBFC_PHYS_s13_T2_ctrl,71,231,78.7,4.268767356872559,-0.3438672766634661
UBFC_PHYS_s13_T2_ctrl,71,232,78.73333333333333,4.544605731964111,-0.42341372848728104
UBFC_PHYS_s13_T2_ctrl,71,233,78.76666666666667,4.6817240715026855,-0.4978582466665658
UBFC_PHYS_s13_T2_ctrl,71,234,78.8,4.827436447143555,-0.5529478049249011
UBFC_PHYS_s13_T2_ctrl,71,235,78.83333333333333,5.199253082275391,-0.5721973136579711
UBFC_PHYS_s13_T2_ctrl,71,236,78.86666666666666,5.640936851501465,-0.5430939507493386
UBFC_PHYS_s13_T2_ctrl,71,237,78.9,5.757256507873535,-0.46224781614555704
UBFC_PHYS_s13_T2_ctrl,71,238,78.93333333333334,4.733959197998047,-0.3375090216356866
UBFC_PHYS_s13_T2_ctrl,71,239,78.96666666666667,2.4175562858581543,-0.1865129275746424
UBFC_PHYS_s13_T2_ctrl,72,0,72.0,-0.021558374166488647,0.052149576361907285
UBFC_PHYS_s13_T2_ctrl,72,1,72.03333333333333,0.0940525159239769,0.09283416304394183
UBFC_PHYS_s13_T2_ctrl,72,2,72.06666666666666,0.21976639330387115,0.09303354049639302
UBFC_PHYS_s13_T2_ctrl,72,3,72.1,0.3385702967643738,0.025571684712218237
UBFC_PHYS_s13_T2_ctrl,72,4,72.13333333333334,0.4031852185726166,-0.11288206474599377
UBFC_PHYS_s13_T2_ctrl,72,5,72.16666666666667,0.3459185063838959,-0.29782738839929535
UBFC_PHYS_s13_T2_ctrl,72,6,72.2,0.17238520085811615,-0.48145948844541114
UBFC_PHYS_s13_T2_ctrl,72,7,72.23333333333333,-0.017683260142803192,-0.6056431310508782
UBFC_PHYS_s13_T2_ctrl,72,8,72.26666666666667,-0.1310962736606598,-0.6199220158063841
UBFC_PHYS_s13_T2_ctrl,72,9,72.3,-0.18334442377090454,-0.4985590751641
UBFC_PHYS_s13_T2_ctrl,72,10,72.33333333333333,-0.2880713939666748,-0.250504421747885
UBFC_PHYS_s13_T2_ctrl,72,11,72.36666666666666,-0.5237054228782654,0.08147806648260646
UBFC_PHYS_s13_T2_ctrl,72,12,72.4,-0.7994976043701172,0.4325630293499767
UBFC_PHYS_s13_T2_ctrl,72,13,72.43333333333334,-0.9312811493873596,0.7343568741340598
UBFC_PHYS_s13_T2_ctrl,72,14,72.46666666666667,-0.8649066686630249,0.932902248108543
UBFC_PHYS_s13_T2_ctrl,72,15,72.5,-0.7061784863471985,0.9994554940062994
UBFC_PHYS_s13_T2_ctrl,72,16,72.53333333333333,-0.5490649938583374,0.9318876352533697
UBFC_PHYS_s13_T2_ctrl,72,17,72.56666666666666,-0.40602514147758484,0.7494634646690292
UBFC_PHYS_s13_T2_ctrl,72,18,72.6,-0.26175618171691895,0.48519705974679955
UBFC_PHYS_s13_T2_ctrl,72,19,72.63333333333334,-0.09112261980772018,0.17845070362335025
UBFC_PHYS_s13_T2_ctrl,72,20,72.66666666666667,0.10355906933546066,-0.13152887298318966
UBFC_PHYS_s13_T2_ctrl,72,21,72.7,0.2643203139305115,-0.41124941953286853
UBFC_PHYS_s13_T2_ctrl,72,22,72.73333333333333,0.3496420681476593,-0.6373766090878211
UBFC_PHYS_s13_T2_ctrl,72,23,72.76666666666667,0.38604703545570374,-0.7987907188009639
UBFC_PHYS_s13_T2_ctrl,72,24,72.8,0.40751177072525024,-0.8954890918206361
UBFC_PHYS_s13_T2_ctrl,72,25,72.83333333333333,0.41678106784820557,-0.9347605552983265
UBFC_PHYS_s13_T2_ctrl,72,26,72.86666666666666,0.41988182067871094,-0.9263136517055608
UBFC_PHYS_s13_T2_ctrl,72,27,72.9,0.43581393361091614,-0.8783422319521766
UBFC_PHYS_s13_T2_ctrl,72,28,72.93333333333334,0.47236061096191406,-0.7956090686496801
UBFC_PHYS_s13_T2_ctrl,72,29,72.96666666666667,0.5112040638923645,-0.6795110443841788
UBFC_PHYS_s13_T2_ctrl,72,30,73.0,0.5249613523483276,-0.5296932910415904
UBFC_PHYS_s13_T2_ctrl,72,31,73.03333333333333,0.5006100535392761,-0.34674522282152886
UBFC_PHYS_s13_T2_ctrl,72,32,73.06666666666666,0.44168591499328613,-0.13517465208571114
UBFC_PHYS_s13_T2_ctrl,72,33,73.1,0.35229137539863586,0.09463966951456629
UBFC_PHYS_s13_T2_ctrl,72,34,73.13333333333334,0.2344760149717331,0.32685889100617355
UBFC_PHYS_s13_T2_ctrl,72,35,73.16666666666667,0.09410194307565689,0.5433803076808282
UBFC_PHYS_s13_T2_ctrl,72,36,73.2,-0.03321337699890137,0.7285484086282528
UBFC_PHYS_s13_T2_ctrl,72,37,73.23333333333333,-0.08482885360717773,0.8728594462365122
UBFC_PHYS_s13_T2_ctrl,72,38,73.26666666666667,-0.04417309910058975,0.9734750562824872
UBFC_PHYS_s13_T2_ctrl,72,39,73.3,0.023410754278302193,1.0312512455430778
UBFC_PHYS_s13_T2_ctrl,72,40,73.33333333333333,0.05311008170247078,1.0463177971633149
UBFC_PHYS_s13_T2_ctrl,72,41,73.36666666666666,0.03675287961959839,1.0153113784760996
UBFC_PHYS_s13_T2_ctrl,72,42,73.4,0.0007927351398393512,0.9322363861081628
UBFC_PHYS_s13_T2_ctrl,72,43,73.43333333333334,-0.026520894840359688,0.7925045497911288
UBFC_PHYS_s13_T2_ctrl,72,44,73.46666666666667,-0.032702624797821045,0.5977120190965378
UBFC_PHYS_s13_T2_ctrl,72,45,73.5,-0.020767534151673317,0.3583834240062045
UBFC_PHYS_s13_T2_ctrl,72,46,73.53333333333333,-0.0007856492884457111,0.09332627143403595
UBFC_PHYS_s13_T2_ctrl,72,47,73.56666666666666,0.015571554191410542,-0.1739082016571502
UBFC_PHYS_s13_T2_ctrl,72,48,73.6,0.023470066487789154,-0.419965175494498
UBFC_PHYS_s13_T2_ctrl,72,49,73.63333333333334,0.030544787645339966,-0.6263439842901785
UBFC_PHYS_s13_T2_ctrl,72,50,73.66666666666667,0.044064853340387344,-0.7822173318926492
UBFC_PHYS_s13_T2_ctrl,72,51,73.7,0.05887003242969513,-0.8844279749744894
UBFC_PHYS_s13_T2_ctrl,72,52,73.73333333333333,0.06505835801362991,-0.9348441279366587
UBFC_PHYS_s13_T2_ctrl,72,53,73.76666666666667,0.06372051686048508,-0.9365260418520774
UBFC_PHYS_s13_T2_ctrl,72,54,73.8,0.08752808719873428,-0.8908215562047768
UBFC_PHYS_s13_T2_ctrl,72,55,73.83333333333333,0.20839478075504303,-0.797151316120633
UBFC_PHYS_s13_T2_ctrl,72,56,73.86666666666666,0.45627361536026,-0.6558997191563947
UBFC_PHYS_s13_T2_ctrl,72,57,73.9,0.6974336504936218,-0.4730139108301892
UBFC_PHYS_s13_T2_ctrl,72,58,73.93333333333334,0.7251789569854736,-0.26353830402803513
UBFC_PHYS_s13_T2_ctrl,72,59,73.96666666666667,0.5142850279808044,-0.0514235654460998
UBFC_PHYS_s13_T2_ctrl,72,60,74.0,0.2476237267255783,0.13516054716892667
UBFC_PHYS_s13_T2_ctrl,72,61,74.03333333333333,0.08749843388795853,0.2712315568749116
UBFC_PHYS_s13_T2_ctrl,72,62,74.06666666666666,0.02282750979065895,0.341792904726433
UBFC_PHYS_s13_T2_ctrl,72,63,74.1,-0.032768528908491135,0.3452393221893207
UBFC_PHYS_s13_T2_ctrl,72,64,74.13333333333334,-0.11534538865089417,0.292891997866331
UBFC_PHYS_s13_T2_ctrl,72,65,74.16666666666667,-0.1873876005411148,0.20618280901290578
UBFC_PHYS_s13_T2_ctrl,72,66,74.2,-0.23656794428825378,0.11302860318667954
UBFC_PHYS_s13_T2_ctrl,72,67,74.23333333333333,-0.32556048035621643,0.04371979726839464
UBFC_PHYS_s13_T2_ctrl,72,68,74.26666666666667,-0.4911425709724426,0.025829688407477732
UBFC_PHYS_s13_T2_ctrl,72,69,74.3,-0.6368910670280457,0.07793081185147908
UBFC_PHYS_s13_T2_ctrl,72,70,74.33333333333333,-0.6239147186279297,0.20309369312615158
UBFC_PHYS_s13_T2_ctrl,72,71,74.36666666666666,-0.4791613519191742,0.3845725118529247
UBFC_PHYS_s13_T2_ctrl,72,72,74.4,-0.43087729811668396,0.586697588629896
UBFC_PHYS_s13_T2_ctrl,72,73,74.43333333333334,-0.621235728263855,0.7626377431814572
UBFC_PHYS_s13_T2_ctrl,72,74,74.46666666666667,-0.8662214279174805,0.8673720624798491
UBFC_PHYS_s13_T2_ctrl,72,75,74.5,-0.8781367540359497,0.8709586864101956
UBFC_PHYS_s13_T2_ctrl,72,76,74.53333333333333,-0.6288047432899475,0.7663787915917233
UBFC_PHYS_s13_T2_ctrl,72,77,74.56666666666666,-0.3245060443878174,0.5686777122011228
UBFC_PHYS_s13_T2_ctrl,72,78,74.6,-0.10543682426214218,0.30662166821542985
UBFC_PHYS_s13_T2_ctrl,72,79,74.63333333333334,-0.012625180184841156,0.011678617000975352
UBFC_PHYS_s13_T2_ctrl,72,80,74.66666666666667,-0.0357934907078743,-0.2904304324411724
UBFC_PHYS_s13_T2_ctrl,72,81,74.7,-0.0915081575512886,-0.5824175343785657
UBFC_PHYS_s13_T2_ctrl,72,82,74.73333333333333,-0.07276854664087296,-0.8519594965817169
UBFC_PHYS_s13_T2_ctrl,72,83,74.76666666666667,0.02223437838256359,-1.0845120199103884
UBFC_PHYS_s13_T2_ctrl,72,84,74.8,0.09944011270999908,-1.25711284596238
UBFC_PHYS_s13_T2_ctrl,72,85,74.83333333333333,0.11891454458236694,-1.3381605578682372
UBFC_PHYS_s13_T2_ctrl,72,86,74.86666666666666,0.11078537255525589,-1.2955718425239626
UBFC_PHYS_s13_T2_ctrl,72,87,74.9,0.08596618473529816,-1.111284045827575
UBFC_PHYS_s13_T2_ctrl,72,88,74.93333333333334,0.037836991250514984,-0.7958377988931843
UBFC_PHYS_s13_T2_ctrl,72,89,74.96666666666667,0.0031487788073718548,-0.3946519023696725
UBFC_PHYS_s13_T2_ctrl,72,90,75.0,0.03271300718188286,0.020634968263470912
UBFC_PHYS_s13_T2_ctrl,72,91,75.03333333333333,0.11821267753839493,0.3752458538422489
UBFC_PHYS_s13_T2_ctrl,72,92,75.06666666666666,0.20211419463157654,0.618270860718849
UBFC_PHYS_s13_T2_ctrl,72,93,75.1,0.2532189190387726,0.7389554916707625
UBFC_PHYS_s13_T2_ctrl,72,94,75.13333333333334,0.2767529785633087,0.7645654239482877
UBFC_PHYS_s13_T2_ctrl,72,95,75.16666666666667,0.2814321219921112,0.7434121075781136
UBFC_PHYS_s13_T2_ctrl,72,96,75.2,0.27348417043685913,0.7229145972041128
UBFC_PHYS_s13_T2_ctrl,72,97,75.23333333333333,0.27972522377967834,0.7320910742414325
UBFC_PHYS_s13_T2_ctrl,72,98,75.26666666666667,0.3291296362876892,0.7736547238445288
UBFC_PHYS_s13_T2_ctrl,72,99,75.3,0.39721107482910156,0.8261986409548289
UBFC_PHYS_s13_T2_ctrl,72,100,75.33333333333333,0.4299122989177704,0.8538467640099263
UBFC_PHYS_s13_T2_ctrl,72,101,75.36666666666666,0.4174499809741974,0.8193396439953193
UBFC_PHYS_s13_T2_ctrl,72,102,75.4,0.38679176568984985,0.6962115369424874
UBFC_PHYS_s13_T2_ctrl,72,103,75.43333333333334,0.3426332473754883,0.476585545532317
UBFC_PHYS_s13_T2_ctrl,72,104,75.46666666666667,0.2731810212135315,0.1731504618329021
UBFC_PHYS_s13_T2_ctrl,72,105,75.5,0.21005883812904358,-0.1839136127766691
UBFC_PHYS_s13_T2_ctrl,72,106,75.53333333333333,0.23298001289367676,-0.5530353986424384
UBFC_PHYS_s13_T2_ctrl,72,107,75.56666666666666,0.35565245151519775,-0.8883559699917707
UBFC_PHYS_s13_T2_ctrl,72,108,75.6,0.46284088492393494,-1.146670733423487
UBFC_PHYS_s13_T2_ctrl,72,109,75.63333333333334,0.4037783443927765,-1.2939415443182458
UBFC_PHYS_s13_T2_ctrl,72,110,75.66666666666667,0.1477307677268982,-1.3113072811560558
UBFC_PHYS_s13_T2_ctrl,72,111,75.7,-0.1743486225605011,-1.1997864899602249
UBFC_PHYS_s13_T2_ctrl,72,112,75.73333333333333,-0.40588346123695374,-0.9817100105533801
UBFC_PHYS_s13_T2_ctrl,72,113,75.76666666666667,-0.5802570581436157,-0.6965309646962926
UBFC_PHYS_s13_T2_ctrl,72,114,75.8,-0.840977132320404,-0.3901634721170424
UBFC_PHYS_s13_T2_ctrl,72,115,75.83333333333333,-1.0706403255462646,-0.1006814791539492
UBFC_PHYS_s13_T2_ctrl,72,116,75.86666666666666,-0.9973788857460022,0.15279805085636367
UBFC_PHYS_s13_T2_ctrl,72,117,75.9,-0.6587182283401489,0.37131214500420295
UBFC_PHYS_s13_T2_ctrl,72,118,75.93333333333334,-0.34635627269744873,0.5665869306146505
UBFC_PHYS_s13_T2_ctrl,72,119,75.96666666666667,-0.19042573869228363,0.7471250025651944
UBFC_PHYS_s13_T2_ctrl,72,120,76.0,-0.14690648019313812,0.9081599040626895
UBFC_PHYS_s13_T2_ctrl,72,121,76.03333333333333,-0.1932925283908844,1.0305919469997962
UBFC_PHYS_s13_T2_ctrl,72,122,76.06666666666666,-0.2664419114589691,1.08856090585843
UBFC_PHYS_s13_T2_ctrl,72,123,76.1,-0.259492427110672,1.060977883871523
UBFC_PHYS_s13_T2_ctrl,72,124,76.13333333333334,-0.16844038665294647,0.941239175702225
UBFC_PHYS_s13_T2_ctrl,72,125,76.16666666666667,-0.08891156315803528,0.7412555867949919
UBFC_PHYS_s13_T2_ctrl,72,126,76.2,-0.06204937398433685,0.4891006260795964
UBFC_PHYS_s13_T2_ctrl,72,127,76.23333333333333,-0.06046110391616821,0.22200954660292352
UBFC_PHYS_s13_T2_ctrl,72,128,76.26666666666667,-0.11491371691226959,-0.02283395863917096
UBFC_PHYS_s13_T2_ctrl,72,129,76.3,-0.2931525409221649,-0.21746804259432345
UBFC_PHYS_s13_T2_ctrl,72,130,76.33333333333333,-0.5725759863853455,-0.35003675054665595
UBFC_PHYS_s13_T2_ctrl,72,131,76.36666666666666,-0.8555352091789246,-0.42732749906370904
UBFC_PHYS_s13_T2_ctrl,72,132,76.4,-1.1196197271347046,-0.47193214426067914
UBFC_PHYS_s13_T2_ctrl,72,133,76.43333333333334,-1.3430055379867554,-0.5146267932150195
UBFC_PHYS_s13_T2_ctrl,72,134,76.46666666666667,-1.4485958814620972,-0.5840397511511366
UBFC_PHYS_s13_T2_ctrl,72,135,76.5,-1.396631121635437,-0.6963956376743079
UBFC_PHYS_s13_T2_ctrl,72,136,76.53333333333333,-1.3669878244400024,-0.8479396241875758
UBFC_PHYS_s13_T2_ctrl,72,137,76.56666666666666,-1.5299798250198364,-1.0120331149145934
UBFC_PHYS_s13_T2_ctrl,72,138,76.6,-1.9077508449554443,-1.1423034703202366
UBFC_PHYS_s13_T2_ctrl,72,139,76.63333333333334,-2.3785345554351807,-1.182433269446709
UBFC_PHYS_s13_T2_ctrl,72,140,76.66666666666667,-2.7665138244628906,-1.0817116860625537
UBFC_PHYS_s13_T2_ctrl,72,141,76.7,-2.913086175918579,-0.8130954101111868
UBFC_PHYS_s13_T2_ctrl,72,142,76.73333333333333,-2.833540916442871,-0.3878814878213701
UBFC_PHYS_s13_T2_ctrl,72,143,76.76666666666667,-2.592772960662842,0.14001557399885536
UBFC_PHYS_s13_T2_ctrl,72,144,76.8,-1.6672762632369995,0.6848558357554427
UBFC_PHYS_s13_T2_ctrl,72,145,76.83333333333333,-0.3033280074596405,1.1531178103650153
UBFC_PHYS_s13_T2_ctrl,72,146,76.86666666666666,0.795560359954834,1.4709584691437008
UBFC_PHYS_s13_T2_ctrl,72,147,76.9,1.3411277532577515,1.6024982903175649
UBFC_PHYS_s13_T2_ctrl,72,148,76.93333333333334,1.4986993074417114,1.552422484563961
UBFC_PHYS_s13_T2_ctrl,72,149,76.96666666666667,1.440773606300354,1.3554034510480992
UBFC_PHYS_s13_T2_ctrl,72,150,77.0,1.3038396835327148,1.0594473944105622
UBFC_PHYS_s13_T2_ctrl,72,151,77.03333333333333,1.253726840019226,0.7101283240086727
UBFC_PHYS_s13_T2_ctrl,72,152,77.06666666666666,1.3060210943222046,0.34070287539690897
UBFC_PHYS_s13_T2_ctrl,72,153,77.1,1.2755770683288574,-0.029552724435389033
UBFC_PHYS_s13_T2_ctrl,72,154,77.13333333333334,1.109635829925537,-0.38955957605348296
UBFC_PHYS_s13_T2_ctrl,72,155,77.16666666666667,0.9201176166534424,-0.7268614885918402
UBFC_PHYS_s13_T2_ctrl,72,156,77.2,0.8066684007644653,-1.019534493556835
UBFC_PHYS_s13_T2_ctrl,72,157,77.23333333333333,0.7219957709312439,-1.2342525128988888
UBFC_PHYS_s13_T2_ctrl,72,158,77.26666666666667,0.6067078113555908,-1.3323078718265844
UBFC_PHYS_s13_T2_ctrl,72,159,77.3,0.4899073839187622,-1.2817543696073819
UBFC_PHYS_s13_T2_ctrl,72,160,77.33333333333333,0.4073898494243622,-1.0711827355426986
UBFC_PHYS_s13_T2_ctrl,72,161,77.36666666666666,0.34078794717788696,-0.7195342864790798
UBFC_PHYS_s13_T2_ctrl,72,162,77.4,0.25828027725219727,-0.2769989023066508
UBFC_PHYS_s13_T2_ctrl,72,163,77.43333333333334,0.17471818625926971,0.1849871768230673
UBFC_PHYS_s13_T2_ctrl,72,164,77.46666666666667,0.11316448450088501,0.5918041839153029
UBFC_PHYS_s13_T2_ctrl,72,165,77.5,0.07373782247304916,0.8849425196635368
UBFC_PHYS_s13_T2_ctrl,72,166,77.53333333333333,0.038766227662563324,1.0351325168620504
UBFC_PHYS_s13_T2_ctrl,72,167,77.56666666666666,0.007534644566476345,1.0449094822526044
UBFC_PHYS_s13_T2_ctrl,72,168,77.6,-0.015221770852804184,0.941018058133651
UBFC_PHYS_s13_T2_ctrl,72,169,77.63333333333334,-0.029723795130848885,0.7612156151345822
UBFC_PHYS_s13_T2_ctrl,72,170,77.66666666666667,-0.038923900574445724,0.5415973350168312
UBFC_PHYS_s13_T2_ctrl,72,171,77.7,-0.0422586053609848,0.3091307737690205
UBFC_PHYS_s13_T2_ctrl,72,172,77.73333333333333,-0.03769480064511299,0.08073110091125146
UBFC_PHYS_s13_T2_ctrl,72,173,77.76666666666667,-0.024678897112607956,-0.13301750387658648
UBFC_PHYS_s13_T2_ctrl,72,174,77.8,-0.003517341800034046,-0.3228541823266482
UBFC_PHYS_s13_T2_ctrl,72,175,77.83333333333333,0.024854036048054695,-0.4775869747454446
UBFC_PHYS_s13_T2_ctrl,72,176,77.86666666666666,0.05848120525479317,-0.5842989885201839
UBFC_PHYS_s13_T2_ctrl,72,177,77.9,0.09386469423770905,-0.6319215202085775
UBFC_PHYS_s13_T2_ctrl,72,178,77.93333333333334,0.1264934241771698,-0.6163394536206569
UBFC_PHYS_s13_T2_ctrl,72,179,77.96666666666667,0.1555732637643814,-0.5443077162969442
UBFC_PHYS_s13_T2_ctrl,72,180,78.0,0.17926551401615143,-0.4339111213748376
UBFC_PHYS_s13_T2_ctrl,72,181,78.03333333333333,0.19106219708919525,-0.3107627516874463
UBFC_PHYS_s13_T2_ctrl,72,182,78.06666666666666,0.18894341588020325,-0.20090293053282965
UBFC_PHYS_s13_T2_ctrl,72,183,78.1,0.1827254295349121,-0.12287856677878646
UBFC_PHYS_s13_T2_ctrl,72,184,78.13333333333334,0.1879548579454422,-0.08218981479301136
UBFC_PHYS_s13_T2_ctrl,72,185,78.16666666666667,0.20958103239536285,-0.07049295353136188
UBFC_PHYS_s13_T2_ctrl,72,186,78.2,0.24315547943115234,-0.06972013651476873
UBFC_PHYS_s13_T2_ctrl,72,187,78.23333333333333,0.29264888167381287,-0.059128018308966954
UBFC_PHYS_s13_T2_ctrl,72,188,78.26666666666667,0.3728499114513397,-0.02259264774136736
UBFC_PHYS_s13_T2_ctrl,72,189,78.3,0.481198251247406,0.04603945548856854
UBFC_PHYS_s13_T2_ctrl,72,190,78.33333333333333,0.60210120677948,0.14092868197630426
UBFC_PHYS_s13_T2_ctrl,72,191,78.36666666666666,0.7391734719276428,0.24607553101662863
UBFC_PHYS_s13_T2_ctrl,72,192,78.4,0.9289618730545044,0.34054480707658136
UBFC_PHYS_s13_T2_ctrl,72,193,78.43333333333334,1.1747087240219116,0.4055257300105944
UBFC_PHYS_s13_T2_ctrl,72,194,78.46666666666667,1.442384958267212,0.4307990086492352
UBFC_PHYS_s13_T2_ctrl,72,195,78.5,1.7129510641098022,0.4181349762120293
UBFC_PHYS_s13_T2_ctrl,72,196,78.53333333333333,2.0473313331604004,0.38025087590443657
UBFC_PHYS_s13_T2_ctrl,72,197,78.56666666666666,2.476938486099243,0.3357200726629005
UBFC_PHYS_s13_T2_ctrl,72,198,78.6,2.9706532955169678,0.30182089983401017
UBFC_PHYS_s13_T2_ctrl,72,199,78.63333333333334,3.4558236598968506,0.28814699092884427
UBFC_PHYS_s13_T2_ctrl,72,200,78.66666666666667,3.891549825668335,0.2935550593352138
UBFC_PHYS_s13_T2_ctrl,72,201,78.7,4.268767356872559,0.30762896965988795
UBFC_PHYS_s13_T2_ctrl,72,202,78.73333333333333,4.544605731964111,0.3157548330494618
UBFC_PHYS_s13_T2_ctrl,72,203,78.76666666666667,4.6817240715026855,0.3052650956326309
UBFC_PHYS_s13_T2_ctrl,72,204,78.8,4.827436447143555,0.2698501813127577
UBFC_PHYS_s13_T2_ctrl,72,205,78.83333333333333,5.199253082275391,0.2104636995661827
UBFC_PHYS_s13_T2_ctrl,72,206,78.86666666666666,5.640936851501465,0.13259695646245662
UBFC_PHYS_s13_T2_ctrl,72,207,78.9,5.757256507873535,0.04143688296344364
UBFC_PHYS_s13_T2_ctrl,72,208,78.93333333333334,4.733959197998047,-0.06251509942404501
UBFC_PHYS_s13_T2_ctrl,72,209,78.96666666666667,2.4175562858581543,-0.18478872282234693
UBFC_PHYS_s13_T2_ctrl,72,210,79.0,-0.3012685179710388,-0.3339042600043834
UBFC_PHYS_s13_T2_ctrl,72,211,79.03333333333333,-2.4341800212860107,-0.5146494306600335
UBFC_PHYS_s13_T2_ctrl,72,212,79.06666666666666,-3.5511422157287598,-0.7204278801701159
UBFC_PHYS_s13_T2_ctrl,72,213,79.1,-3.8610262870788574,-0.9284434880426179
UBFC_PHYS_s13_T2_ctrl,72,214,79.13333333333334,-3.7263760566711426,-1.1008029215146158
UBFC_PHYS_s13_T2_ctrl,72,215,79.16666666666667,-3.466324806213379,-1.1924781863014708
UBFC_PHYS_s13_T2_ctrl,72,216,79.2,-3.267253875732422,-1.1643038441869307
UBFC_PHYS_s13_T2_ctrl,72,217,79.23333333333333,-3.079284429550171,-0.9967818913594912
UBFC_PHYS_s13_T2_ctrl,72,218,79.26666666666667,-2.791362762451172,-0.699417239018143
UBFC_PHYS_s13_T2_ctrl,72,219,79.3,-2.454636335372925,-0.3113791054603514
UBFC_PHYS_s13_T2_ctrl,72,220,79.33333333333333,-2.1658382415771484,0.10755151392368414
UBFC_PHYS_s13_T2_ctrl,72,221,79.36666666666666,-1.9239333868026733,0.4927667227706947
UBFC_PHYS_s13_T2_ctrl,72,222,79.4,-1.6621456146240234,0.791390575495398
UBFC_PHYS_s13_T2_ctrl,72,223,79.43333333333334,-1.395019769668579,0.9734869605338848
UBFC_PHYS_s13_T2_ctrl,72,224,79.46666666666667,-1.1785602569580078,1.0347324700184735
UBFC_PHYS_s13_T2_ctrl,72,225,79.5,-1.024540901184082,0.9913741601040947
UBFC_PHYS_s13_T2_ctrl,72,226,79.53333333333333,-0.8811584115028381,0.8709360815987188
UBFC_PHYS_s13_T2_ctrl,72,227,79.56666666666666,-0.7289876341819763,0.7026584348013772
UBFC_PHYS_s13_T2_ctrl,72,228,79.6,-0.5886695981025696,0.5105810102731467
UBFC_PHYS_s13_T2_ctrl,72,229,79.63333333333334,-0.47123318910598755,0.31053016200289957
UBFC_PHYS_s13_T2_ctrl,72,230,79.66666666666667,-0.35880210995674133,0.11089507875499882
UBFC_PHYS_s13_T2_ctrl,72,231,79.7,-0.23906897008419037,-0.0837866104878596
UBFC_PHYS_s13_T2_ctrl,72,232,79.73333333333333,-0.12543189525604248,-0.2679564243576581
UBFC_PHYS_s13_T2_ctrl,72,233,79.76666666666667,-0.036666709929704666,-0.4308313265917375
UBFC_PHYS_s13_T2_ctrl,72,234,79.8,0.022204723209142685,-0.5550212949284054
UBFC_PHYS_s13_T2_ctrl,72,235,79.83333333333333,0.0589260496199131,-0.6194447251195456
UBFC_PHYS_s13_T2_ctrl,72,236,79.86666666666666,0.07471977919340134,-0.6061608337312971
UBFC_PHYS_s13_T2_ctrl,72,237,79.9,0.06635335832834244,-0.5084847549697743
UBFC_PHYS_s13_T2_ctrl,72,238,79.93333333333334,0.039833858609199524,-0.336481406127865
UBFC_PHYS_s13_T2_ctrl,72,239,79.96666666666667,0.00862204935401678,-0.11684707003036303
UBFC_PHYS_s13_T2_ctrl,73,0,73.0,0.5249613523483276,-0.035002818431111395
UBFC_PHYS_s13_T2_ctrl,73,1,73.03333333333333,0.5006100535392761,-0.22403988850119144
UBFC_PHYS_s13_T2_ctrl,73,2,73.06666666666666,0.44168591499328613,-0.3804567871725882
UBFC_PHYS_s13_T2_ctrl,73,3,73.1,0.35229137539863586,-0.4789031006899086
UBFC_PHYS_s13_T2_ctrl,73,4,73.13333333333334,0.2344760149717331,-0.5057413332198466
UBFC_PHYS_s13_T2_ctrl,73,5,73.16666666666667,0.09410194307565689,-0.4610476348140078
UBFC_PHYS_s13_T2_ctrl,73,6,73.2,-0.03321337699890137,-0.35690870224175825
UBFC_PHYS_s13_T2_ctrl,73,7,73.23333333333333,-0.08482885360717773,-0.21303559320089874
UBFC_PHYS_s13_T2_ctrl,73,8,73.26666666666667,-0.04417309910058975,-0.051737541159650076
UBFC_PHYS_s13_T2_ctrl,73,9,73.3,0.023410754278302193,0.1059981524180821
UBFC_PHYS_s13_T2_ctrl,73,10,73.33333333333333,0.05311008170247078,0.24292723027026464
UBFC_PHYS_s13_T2_ctrl,73,11,73.36666666666666,0.03675287961959839,0.3471219837526416
UBFC_PHYS_s13_T2_ctrl,73,12,73.4,0.0007927351398393512,0.41309528158179976
UBFC_PHYS_s13_T2_ctrl,73,13,73.43333333333334,-0.026520894840359688,0.4420174926739791
UBFC_PHYS_s13_T2_ctrl,73,14,73.46666666666667,-0.032702624797821045,0.44031251873010263
UBFC_PHYS_s13_T2_ctrl,73,15,73.5,-0.020767534151673317,0.41658938270182644
UBFC_PHYS_s13_T2_ctrl,73,16,73.53333333333333,-0.0007856492884457111,0.3779704664786033
UBFC_PHYS_s13_T2_ctrl,73,17,73.56666666666666,0.015571554191410542,0.32749785078099536
UBFC_PHYS_s13_T2_ctrl,73,18,73.6,0.023470066487789154,0.26384228078433286
UBFC_PHYS_s13_T2_ctrl,73,19,73.63333333333334,0.030544787645339966,0.18337273897354095
UBFC_PHYS_s13_T2_ctrl,73,20,73.66666666666667,0.044064853340387344,0.08356472372340654
UBFC_PHYS_s13_T2_ctrl,73,21,73.7,0.05887003242969513,-0.033723324664001464
UBFC_PHYS_s13_T2_ctrl,73,22,73.73333333333333,0.06505835801362991,-0.16030882729591153
UBFC_PHYS_s13_T2_ctrl,73,23,73.76666666666667,0.06372051686048508,-0.2817090930014032
UBFC_PHYS_s13_T2_ctrl,73,24,73.8,0.08752808719873428,-0.3792989887642292
UBFC_PHYS_s13_T2_ctrl,73,25,73.83333333333333,0.20839478075504303,-0.4343942979954014
UBFC_PHYS_s13_T2_ctrl,73,26,73.86666666666666,0.45627361536026,-0.43354511681972663
UBFC_PHYS_s13_T2_ctrl,73,27,73.9,0.6974336504936218,-0.37362532685589883
UBFC_PHYS_s13_T2_ctrl,73,28,73.93333333333334,0.7251789569854736,-0.2647117714789009
UBFC_PHYS_s13_T2_ctrl,73,29,73.96666666666667,0.5142850279808044,-0.12893811751209333
UBFC_PHYS_s13_T2_ctrl,73,30,74.0,0.2476237267255783,0.005091405137617841
UBFC_PHYS_s13_T2_ctrl,73,31,74.03333333333333,0.08749843388795853,0.11055243091632647
UBFC_PHYS_s13_T2_ctrl,73,32,74.06666666666666,0.02282750979065895,0.16977639957552046
UBFC_PHYS_s13_T2_ctrl,73,33,74.1,-0.032768528908491135,0.1775131315511306
UBFC_PHYS_s13_T2_ctrl,73,34,74.13333333333334,-0.11534538865089417,0.13951259762085264
UBFC_PHYS_s13_T2_ctrl,73,35,74.16666666666667,-0.1873876005411148,0.06861725980220133
UBFC_PHYS_s13_T2_ctrl,73,36,74.2,-0.23656794428825378,-0.018908086181455952
UBFC_PHYS_s13_T2_ctrl,73,37,74.23333333333333,-0.32556048035621643,-0.10553815787858374
UBFC_PHYS_s13_T2_ctrl,73,38,74.26666666666667,-0.4911425709724426,-0.17369356814597636
UBFC_PHYS_s13_T2_ctrl,73,39,74.3,-0.6368910670280457,-0.2073893123935256
UBFC_PHYS_s13_T2_ctrl,73,40,74.33333333333333,-0.6239147186279297,-0.19511413471689776
UBFC_PHYS_s13_T2_ctrl,73,41,74.36666666666666,-0.4791613519191742,-0.1332988791958271
UBFC_PHYS_s13_T2_ctrl,73,42,74.4,-0.43087729811668396,-0.028617038841088367
UBFC_PHYS_s13_T2_ctrl,73,43,74.43333333333334,-0.621235728263855,0.10257603614923343
UBFC_PHYS_s13_T2_ctrl,73,44,74.46666666666667,-0.8662214279174805,0.2380286365974842
UBFC_PHYS_s13_T2_ctrl,73,45,74.5,-0.8781367540359497,0.35527209173265223
UBFC_PHYS_s13_T2_ctrl,73,46,74.53333333333333,-0.6288047432899475,0.43691815542234025
UBFC_PHYS_s13_T2_ctrl,73,47,74.56666666666666,-0.3245060443878174,0.4735714903740468
UBFC_PHYS_s13_T2_ctrl,73,48,74.6,-0.10543682426214218,0.4635923220129675
UBFC_PHYS_s13_T2_ctrl,73,49,74.63333333333334,-0.012625180184841156,0.4103398007297537
UBFC_PHYS_s13_T2_ctrl,73,50,74.66666666666667,-0.0357934907078743,0.3184024373498679
UBFC_PHYS_s13_T2_ctrl,73,51,74.7,-0.0915081575512886,0.19072635662732804
UBFC_PHYS_s13_T2_ctrl,73,52,74.73333333333333,-0.07276854664087296,0.028525822643418658
UBFC_PHYS_s13_T2_ctrl,73,53,74.76666666666667,0.02223437838256359,-0.16523673559102245
UBFC_PHYS_s13_T2_ctrl,73,54,74.8,0.09944011270999908,-0.38029111031083473
UBFC_PHYS_s13_T2_ctrl,73,55,74.83333333333333,0.11891454458236694,-0.5948952857911628
UBFC_PHYS_s13_T2_ctrl,73,56,74.86666666666666,0.11078537255525589,-0.7766052556520262
UBFC_PHYS_s13_T2_ctrl,73,57,74.9,0.08596618473529816,-0.8894122069772765
UBFC_PHYS_s13_T2_ctrl,73,58,74.93333333333334,0.037836991250514984,-0.9053398952822472
UBFC_PHYS_s13_T2_ctrl,73,59,74.96666666666667,0.0031487788073718548,-0.8155353284707025
UBFC_PHYS_s13_T2_ctrl,73,60,75.0,0.03271300718188286,-0.6348933247015015
UBFC_PHYS_s13_T2_ctrl,73,61,75.03333333333333,0.11821267753839493,-0.39688800670576146
UBFC_PHYS_s13_T2_ctrl,73,62,75.06666666666666,0.20211419463157654,-0.1408647712041758
UBFC_PHYS_s13_T2_ctrl,73,63,75.1,0.2532189190387726,0.10156053581876803
UBFC_PHYS_s13_T2_ctrl,73,64,75.13333333333334,0.2767529785633087,0.3145904158817829
UBFC_PHYS_s13_T2_ctrl,73,65,75.16666666666667,0.2814321219921112,0.49814066949747904
UBFC_PHYS_s13_T2_ctrl,73,66,75.2,0.27348417043685913,0.6609220426417963
UBFC_PHYS_s13_T2_ctrl,73,67,75.23333333333333,0.27972522377967834,0.810640178679226
UBFC_PHYS_s13_T2_ctrl,73,68,75.26666666666667,0.3291296362876892,0.9457741922380261
UBFC_PHYS_s13_T2_ctrl,73,69,75.3,0.39721107482910156,1.052228826670303
UBFC_PHYS_s13_T2_ctrl,73,70,75.33333333333333,0.4299122989177704,1.1060150723502171
UBFC_PHYS_s13_T2_ctrl,73,71,75.36666666666666,0.4174499809741974,1.0806495949987895
UBFC_PHYS_s13_T2_ctrl,73,72,75.4,0.38679176568984985,0.9560034503233612
UBFC_PHYS_s13_T2_ctrl,73,73,75.43333333333334,0.3426332473754883,0.7250752243065721
UBFC_PHYS_s13_T2_ctrl,73,74,75.46666666666667,0.2731810212135315,0.39690238812690937
UBFC_PHYS_s13_T2_ctrl,73,75,75.5,0.21005883812904358,-0.004053585458631586
UBFC_PHYS_s13_T2_ctrl,73,76,75.53333333333333,0.23298001289367676,-0.4408609980022811
UBFC_PHYS_s13_T2_ctrl,73,77,75.56666666666666,0.35565245151519775,-0.8685050309493548
UBFC_PHYS_s13_T2_ctrl,73,78,75.6,0.46284088492393494,-1.2392911487675413
UBFC_PHYS_s13_T2_ctrl,73,79,75.63333333333334,0.4037783443927765,-1.5091218485629025
UBFC_PHYS_s13_T2_ctrl,73,80,75.66666666666667,0.1477307677268982,-1.6444219713585588
UBFC_PHYS_s13_T2_ctrl,73,81,75.7,-0.1743486225605011,-1.6288329424817694
UBFC_PHYS_s13_T2_ctrl,73,82,75.73333333333333,-0.40588346123695374,-1.4677308893706278
UBFC_PHYS_s13_T2_ctrl,73,83,75.76666666666667,-0.5802570581436157,-1.1879996369719064
UBFC_PHYS_s13_T2_ctrl,73,84,75.8,-0.840977132320404,-0.8313611542664341
UBFC_PHYS_s13_T2_ctrl,73,85,75.83333333333333,-1.0706403255462646,-0.4425388139675655
UBFC_PHYS_s13_T2_ctrl,73,86,75.86666666666666,-0.9973788857460022,-0.05736334366179639
UBFC_PHYS_s13_T2_ctrl,73,87,75.9,-0.6587182283401489,0.30309932810912543
UBFC_PHYS_s13_T2_ctrl,73,88,75.93333333333334,-0.34635627269744873,0.6301791622118712
UBFC_PHYS_s13_T2_ctrl,73,89,75.96666666666667,-0.19042573869228363,0.9200280077532401
UBFC_PHYS_s13_T2_ctrl,73,90,76.0,-0.14690648019313812,1.1661403464832631
UBFC_PHYS_s13_T2_ctrl,73,91,76.03333333333333,-0.1932925283908844,1.355998786021338
UBFC_PHYS_s13_T2_ctrl,73,92,76.06666666666666,-0.2664419114589691,1.4729252722827786
UBFC_PHYS_s13_T2_ctrl,73,93,76.1,-0.259492427110672,1.5015124411688374
UBFC_PHYS_s13_T2_ctrl,73,94,76.13333333333334,-0.16844038665294647,1.4337563673322482
UBFC_PHYS_s13_T2_ctrl,73,95,76.16666666666667,-0.08891156315803528,1.273291367522165
UBFC_PHYS_s13_T2_ctrl,73,96,76.2,-0.06204937398433685,1.0362838297762436
UBFC_PHYS_s13_T2_ctrl,73,97,76.23333333333333,-0.06046110391616821,0.74879999556414
UBFC_PHYS_s13_T2_ctrl,73,98,76.26666666666667,-0.11491371691226959,0.441371363340704
UBFC_PHYS_s13_T2_ctrl,73,99,76.3,-0.2931525409221649,0.14216935423271598
UBFC_PHYS_s13_T2_ctrl,73,100,76.33333333333333,-0.5725759863853455,-0.1292284793429275
UBFC_PHYS_s13_T2_ctrl,73,101,76.36666666666666,-0.8555352091789246,-0.3655310116616132
UBFC_PHYS_s13_T2_ctrl,73,102,76.4,-1.1196197271347046,-0.5718222324637614
UBFC_PHYS_s13_T2_ctrl,73,103,76.43333333333334,-1.3430055379867554,-0.7619697421948909
UBFC_PHYS_s13_T2_ctrl,73,104,76.46666666666667,-1.4485958814620972,-0.9517587110837192
UBFC_PHYS_s13_T2_ctrl,73,105,76.5,-1.396631121635437,-1.1497450771105242
UBFC_PHYS_s13_T2_ctrl,73,106,76.53333333333333,-1.3669878244400024,-1.3481082315268162
UBFC_PHYS_s13_T2_ctrl,73,107,76.56666666666666,-1.5299798250198364,-1.5171117245526822
UBFC_PHYS_s13_T2_ctrl,73,108,76.6,-1.9077508449554443,-1.606958509115075
UBFC_PHYS_s13_T2_ctrl,73,109,76.63333333333334,-2.3785345554351807,-1.5591317861251672
UBFC_PHYS_s13_T2_ctrl,73,110,76.66666666666667,-2.7665138244628906,-1.3258697631874292
UBFC_PHYS_s13_T2_ctrl,73,111,76.7,-2.913086175918579,-0.8923475599626282
UBFC_PHYS_s13_T2_ctrl,73,112,76.73333333333333,-2.833540916442871,-0.293127015538356
UBFC_PHYS_s13_T2_ctrl,73,113,76.76666666666667,-2.592772960662842,0.3858999932411747
UBFC_PHYS_s13_T2_ctrl,73,114,76.8,-1.6672762632369995,1.0251399544527868
UBFC_PHYS_s13_T2_ctrl,73,115,76.83333333333333,-0.3033280074596405,1.5050435230673094
UBFC_PHYS_s13_T2_ctrl,73,116,76.86666666666666,0.795560359954834,1.7423304597956204
UBFC_PHYS_s13_T2_ctrl,73,117,76.9,1.3411277532577515,1.7120194337115056
UBFC_PHYS_s13_T2_ctrl,73,118,76.93333333333334,1.4986993074417114,1.44728050658425
UBFC_PHYS_s13_T2_ctrl,73,119,76.96666666666667,1.440773606300354,1.0214383428113605
UBFC_PHYS_s13_T2_ctrl,73,120,77.0,1.3038396835327148,0.5224565635918927
UBFC_PHYS_s13_T2_ctrl,73,121,77.03333333333333,1.253726840019226,0.029610454745670662
UBFC_PHYS_s13_T2_ctrl,73,122,77.06666666666666,1.3060210943222046,-0.40110243473468477
UBFC_PHYS_s13_T2_ctrl,73,123,77.1,1.2755770683288574,-0.7402627149029612
UBFC_PHYS_s13_T2_ctrl,73,124,77.13333333333334,1.109635829925537,-0.97877100831505
UBFC_PHYS_s13_T2_ctrl,73,125,77.16666666666667,0.9201176166534424,-1.1169204338968597
UBFC_PHYS_s13_T2_ctrl,73,126,77.2,0.8066684007644653,-1.1545506642981518
UBFC_PHYS_s13_T2_ctrl,73,127,77.23333333333333,0.7219957709312439,-1.0867341106288106
UBFC_PHYS_s13_T2_ctrl,73,128,77.26666666666667,0.6067078113555908,-0.9067774402368538
UBFC_PHYS_s13_T2_ctrl,73,129,77.3,0.4899073839187622,-0.614992078138405
UBFC_PHYS_s13_T2_ctrl,73,130,77.33333333333333,0.4073898494243622,-0.22863927693928393
UBFC_PHYS_s13_T2_ctrl,73,131,77.36666666666666,0.34078794717788696,0.21284911686467653
UBFC_PHYS_s13_T2_ctrl,73,132,77.4,0.25828027725219727,0.6516984838333078
UBFC_PHYS_s13_T2_ctrl,73,133,77.43333333333334,0.17471818625926971,1.0246020613437656
UBFC_PHYS_s13_T2_ctrl,73,134,77.46666666666667,0.11316448450088501,1.2792036731647523
UBFC_PHYS_s13_T2_ctrl,73,135,77.5,0.07373782247304916,1.38670087022397
UBFC_PHYS_s13_T2_ctrl,73,136,77.53333333333333,0.038766227662563324,1.3458000719568246
UBFC_PHYS_s13_T2_ctrl,73,137,77.56666666666666,0.007534644566476345,1.1781471137722592
UBFC_PHYS_s13_T2_ctrl,73,138,77.6,-0.015221770852804184,0.9185182024405856
UBFC_PHYS_s13_T2_ctrl,73,139,77.63333333333334,-0.029723795130848885,0.603987538459136
UBFC_PHYS_s13_T2_ctrl,73,140,77.66666666666667,-0.038923900574445724,0.2659682082947037
UBFC_PHYS_s13_T2_ctrl,73,141,77.7,-0.0422586053609848,-0.07248746519974128
UBFC_PHYS_s13_T2_ctrl,73,142,77.73333333333333,-0.03769480064511299,-0.39432073108746557
UBFC_PHYS_s13_T2_ctrl,73,143,77.76666666666667,-0.024678897112607956,-0.6835973177193776
UBFC_PHYS_s13_T2_ctrl,73,144,77.8,-0.003517341800034046,-0.9215629875785469
UBFC_PHYS_s13_T2_ctrl,73,145,77.83333333333333,0.024854036048054695,-1.0862272513703903
UBFC_PHYS_s13_T2_ctrl,73,146,77.86666666666666,0.05848120525479317,-1.1561863679499658
UBFC_PHYS_s13_T2_ctrl,73,147,77.9,0.09386469423770905,-1.1172685254026051
UBFC_PHYS_s13_T2_ctrl,73,148,77.93333333333334,0.1264934241771698,-0.9690818800860775
UBFC_PHYS_s13_T2_ctrl,73,149,77.96666666666667,0.1555732637643814,-0.7283822937420736
UBFC_PHYS_s13_T2_ctrl,73,150,78.0,0.17926551401615143,-0.42750879920284796
UBFC_PHYS_s13_T2_ctrl,73,151,78.03333333333333,0.19106219708919525,-0.10829853531592136
UBFC_PHYS_s13_T2_ctrl,73,152,78.06666666666666,0.18894341588020325,0.18622499866451261
UBFC_PHYS_s13_T2_ctrl,73,153,78.1,0.1827254295349121,0.41954847805127776
UBFC_PHYS_s13_T2_ctrl,73,154,78.13333333333334,0.1879548579454422,0.5669239678972013
UBFC_PHYS_s13_T2_ctrl,73,155,78.16666666666667,0.20958103239536285,0.6178693785996319
UBFC_PHYS_s13_T2_ctrl,73,156,78.2,0.24315547943115234,0.576413749833769
UBFC_PHYS_s13_T2_ctrl,73,157,78.23333333333333,0.29264888167381287,0.45954876446867193
UBFC_PHYS_s13_T2_ctrl,73,158,78.26666666666667,0.3728499114513397,0.2940035600982565
UBFC_PHYS_s13_T2_ctrl,73,159,78.3,0.481198251247406,0.1114224053968499
UBFC_PHYS_s13_T2_ctrl,73,160,78.33333333333333,0.60210120677948,-0.05747004514158247
UBFC_PHYS_s13_T2_ctrl,73,161,78.36666666666666,0.7391734719276428,-0.18850056709093954
UBFC_PHYS_s13_T2_ctrl,73,162,78.4,0.9289618730545044,-0.2680408068657187
UBFC_PHYS_s13_T2_ctrl,73,163,78.43333333333334,1.1747087240219116,-0.2941840488154614
UBFC_PHYS_s13_T2_ctrl,73,164,78.46666666666667,1.442384958267212,-0.2745762500448118
UBFC_PHYS_s13_T2_ctrl,73,165,78.5,1.7129510641098022,-0.2215175585054879
UBFC_PHYS_s13_T2_ctrl,73,166,78.53333333333333,2.0473313331604004,-0.14634246247081056
UBFC_PHYS_s13_T2_ctrl,73,167,78.56666666666666,2.476938486099243,-0.0557136220472551
UBFC_PHYS_s13_T2_ctrl,73,168,78.6,2.9706532955169678,0.04844640468345368
UBFC_PHYS_s13_T2_ctrl,73,169,78.63333333333334,3.4558236598968506,0.16568055384231176
UBFC_PHYS_s13_T2_ctrl,73,170,78.66666666666667,3.891549825668335,0.2926012458566168
UBFC_PHYS_s13_T2_ctrl,73,171,78.7,4.268767356872559,0.4201720719993404
UBFC_PHYS_s13_T2_ctrl,73,172,78.73333333333333,4.544605731964111,0.5342467978536526
UBFC_PHYS_s13_T2_ctrl,73,173,78.76666666666667,4.6817240715026855,0.6188717898760182
UBFC_PHYS_s13_T2_ctrl,73,174,78.8,4.827436447143555,0.6603441456843452
UBFC_PHYS_s13_T2_ctrl,73,175,78.83333333333333,5.199253082275391,0.6498731617975028
UBFC_PHYS_s13_T2_ctrl,73,176,78.86666666666666,5.640936851501465,0.5838417731254496
UBFC_PHYS_s13_T2_ctrl,73,177,78.9,5.757256507873535,0.46218478649503414
UBFC_PHYS_s13_T2_ctrl,73,178,78.93333333333334,4.733959197998047,0.2863474912613879
UBFC_PHYS_s13_T2_ctrl,73,179,78.96666666666667,2.4175562858581543,0.05848809668423867
UBFC_PHYS_s13_T2_ctrl,73,180,79.0,-0.3012685179710388,-0.21682631052972715
UBFC_PHYS_s13_T2_ctrl,73,181,79.03333333333333,-2.4341800212860107,-0.5283119287131732
UBFC_PHYS_s13_T2_ctrl,73,182,79.06666666666666,-3.5511422157287598,-0.8526203423984412
UBFC_PHYS_s13_T2_ctrl,73,183,79.1,-3.8610262870788574,-1.1509104322808745
UBFC_PHYS_s13_T2_ctrl,73,184,79.13333333333334,-3.7263760566711426,-1.3704949404888929
UBFC_PHYS_s13_T2_ctrl,73,185,79.16666666666667,-3.466324806213379,-1.4535241666860583
UBFC_PHYS_s13_T2_ctrl,73,186,79.2,-3.267253875732422,-1.3523040934121382
UBFC_PHYS_s13_T2_ctrl,73,187,79.23333333333333,-3.079284429550171,-1.0475830034379217
UBFC_PHYS_s13_T2_ctrl,73,188,79.26666666666667,-2.791362762451172,-0.5629677368555427
UBFC_PHYS_s13_T2_ctrl,73,189,79.3,-2.454636335372925,0.03238669591111248
UBFC_PHYS_s13_T2_ctrl,73,190,79.33333333333333,-2.1658382415771484,0.6376130774103443
UBFC_PHYS_s13_T2_ctrl,73,191,79.36666666666666,-1.9239333868026733,1.1477877032845123
UBFC_PHYS_s13_T2_ctrl,73,192,79.4,-1.6621456146240234,1.4839701747517227
UBFC_PHYS_s13_T2_ctrl,73,193,79.43333333333334,-1.395019769668579,1.6116749566216888
UBFC_PHYS_s13_T2_ctrl,73,194,79.46666666666667,-1.1785602569580078,1.54115778587648
UBFC_PHYS_s13_T2_ctrl,73,195,79.5,-1.024540901184082,1.313229388632976
UBFC_PHYS_s13_T2_ctrl,73,196,79.53333333333333,-0.8811584115028381,0.9793611763059245
UBFC_PHYS_s13_T2_ctrl,73,197,79.56666666666666,-0.7289876341819763,0.5844296027082224
UBFC_PHYS_s13_T2_ctrl,73,198,79.6,-0.5886695981025696,0.15789803948745226
UBFC_PHYS_s13_T2_ctrl,73,199,79.63333333333334,-0.47123318910598755,-0.2843832861980356
UBFC_PHYS_s13_T2_ctrl,73,200,79.66666666666667,-0.35880210995674133,-0.7299855838618876
UBFC_PHYS_s13_T2_ctrl,73,201,79.7,-0.23906897008419037,-1.1571806082397091
UBFC_PHYS_s13_T2_ctrl,73,202,79.73333333333333,-0.12543189525604248,-1.5267090515181583
UBFC_PHYS_s13_T2_ctrl,73,203,79.76666666666667,-0.036666709929704666,-1.783166274862832
UBFC_PHYS_s13_T2_ctrl,73,204,79.8,0.022204723209142685,-1.8669849848596143
UBFC_PHYS_s13_T2_ctrl,73,205,79.83333333333333,0.0589260496199131,-1.7335676331090444
UBFC_PHYS_s13_T2_ctrl,73,206,79.86666666666666,0.07471977919340134,-1.3730734443063655
UBFC_PHYS_s13_T2_ctrl,73,207,79.9,0.06635335832834244,-0.8227200478548621
UBFC_PHYS_s13_T2_ctrl,73,208,79.93333333333334,0.039833858609199524,-0.16387168311967287
UBFC_PHYS_s13_T2_ctrl,73,209,79.96666666666667,0.00862204935401678,0.4983082838565845
UBFC_PHYS_s13_T2_ctrl,73,210,80.0,-0.027934521436691284,1.0647132085853845
UBFC_PHYS_s13_T2_ctrl,73,211,80.03333333333333,-0.08935641497373581,1.4674546270738789
UBFC_PHYS_s13_T2_ctrl,73,212,80.06666666666666,-0.1788794845342636,1.680273571488448
UBFC_PHYS_s13_T2_ctrl,73,213,80.1,-0.27345073223114014,1.7138622102117502
UBFC_PHYS_s13_T2_ctrl,73,214,80.13333333333334,-0.36169198155403137,1.6026021947398257
UBFC_PHYS_s13_T2_ctrl,73,215,80.16666666666667,-0.4661915898323059,1.390269122805312
UBFC_PHYS_s13_T2_ctrl,73,216,80.2,-0.6032506823539734,1.1191637153469696
UBFC_PHYS_s13_T2_ctrl,73,217,80.23333333333333,-0.7504885792732239,0.823466563166202
UBFC_PHYS_s13_T2_ctrl,73,218,80.26666666666667,-0.8833727836608887,0.5260776242144117
UBFC_PHYS_s13_T2_ctrl,73,219,80.3,-1.0170378684997559,0.238437657236552
UBFC_PHYS_s13_T2_ctrl,73,220,80.33333333333333,-1.1913917064666748,-0.03684677773858605
UBFC_PHYS_s13_T2_ctrl,73,221,80.36666666666666,-1.4273024797439575,-0.30109794643172977
UBFC_PHYS_s13_T2_ctrl,73,222,80.4,-1.6436301469802856,-0.5537215087795432
UBFC_PHYS_s13_T2_ctrl,73,223,80.43333333333334,-1.65983247756958,-0.7873070663081452
UBFC_PHYS_s13_T2_ctrl,73,224,80.46666666666667,-1.4031752347946167,-0.9852916050997712
UBFC_PHYS_s13_T2_ctrl,73,225,80.5,-1.0335861444473267,-1.1230511223534096
UBFC_PHYS_s13_T2_ctrl,73,226,80.53333333333333,-0.7604663372039795,-1.1725502487863442
UBFC_PHYS_s13_T2_ctrl,73,227,80.56666666666666,-0.6319812536239624,-1.1098856041926954
UBFC_PHYS_s13_T2_ctrl,73,228,80.6,-0.589717447757721,-0.9240497816266183
UBFC_PHYS_s13_T2_ctrl,73,229,80.63333333333334,-0.5517901182174683,-0.6243229356220893
UBFC_PHYS_s13_T2_ctrl,73,230,80.66666666666667,-0.4624515771865845,-0.243387637940298
UBFC_PHYS_s13_T2_ctrl,73,231,80.7,-0.3494800925254822,0.16608095568077763
UBFC_PHYS_s13_T2_ctrl,73,232,80.73333333333333,-0.29734399914741516,0.5417900731525896
UBFC_PHYS_s13_T2_ctrl,73,233,80.76666666666667,-0.3148874342441559,0.8266791032520578
UBFC_PHYS_s13_T2_ctrl,73,234,80.8,-0.26999080181121826,0.9828020196479889
UBFC_PHYS_s13_T2_ctrl,73,235,80.83333333333333,-0.07905901968479156,0.9984139170822974
UBFC_PHYS_s13_T2_ctrl,73,236,80.86666666666666,0.13352860510349274,0.885879931722462
UBFC_PHYS_s13_T2_ctrl,73,237,80.9,0.19819623231887817,0.6728582575196962
UBFC_PHYS_s13_T2_ctrl,73,238,80.93333333333334,0.1310638189315796,0.39205523520660035
UBFC_PHYS_s13_T2_ctrl,73,239,80.96666666666667,0.0654241144657135,0.07453175965542067
UBFC_PHYS_s13_T2_ctrl,74,0,74.0,0.2476237267255783,0.031814309715298625
UBFC_PHYS_s13_T2_ctrl,74,1,74.03333333333333,0.08749843388795853,-0.1659062252725502
UBFC_PHYS_s13_T2_ctrl,74,2,74.06666666666666,0.02282750979065895,-0.36455289299343574
UBFC_PHYS_s13_T2_ctrl,74,3,74.1,-0.032768528908491135,-0.5582083760961436
UBFC_PHYS_s13_T2_ctrl,74,4,74.13333333333334,-0.11534538865089417,-0.7297839983352883
UBFC_PHYS_s13_T2_ctrl,74,5,74.16666666666667,-0.1873876005411148,-0.8526031378402199
UBFC_PHYS_s13_T2_ctrl,74,6,74.2,-0.23656794428825378,-0.8968336880767798
UBFC_PHYS_s13_T2_ctrl,74,7,74.23333333333333,-0.32556048035621643,-0.8385752839601467
UBFC_PHYS_s13_T2_ctrl,74,8,74.26666666666667,-0.4911425709724426,-0.6686387215791958
UBFC_PHYS_s13_T2_ctrl,74,9,74.3,-0.6368910670280457,-0.39826940444049896
UBFC_PHYS_s13_T2_ctrl,74,10,74.33333333333333,-0.6239147186279297,-0.05993833602062956
UBFC_PHYS_s13_T2_ctrl,74,11,74.36666666666666,-0.4791613519191742,0.2976085536569907
UBFC_PHYS_s13_T2_ctrl,74,12,74.4,-0.43087729811668396,0.6196607933870193
UBFC_PHYS_s13_T2_ctrl,74,13,74.43333333333334,-0.621235728263855,0.8589078610684137
UBFC_PHYS_s13_T2_ctrl,74,14,74.46666666666667,-0.8662214279174805,0.9872038702649691
UBFC_PHYS_s13_T2_ctrl,74,15,74.5,-0.8781367540359497,1.0007131707613333
UBFC_PHYS_s13_T2_ctrl,74,16,74.53333333333333,-0.6288047432899475,0.9164862313504577
UBFC_PHYS_s13_T2_ctrl,74,17,74.56666666666666,-0.3245060443878174,0.7627358291459585
UBFC_PHYS_s13_T2_ctrl,74,18,74.6,-0.10543682426214218,0.5674245541889806
UBFC_PHYS_s13_T2_ctrl,74,19,74.63333333333334,-0.012625180184841156,0.34970701223872547
UBFC_PHYS_s13_T2_ctrl,74,20,74.66666666666667,-0.0357934907078743,0.11717723645490603
UBFC_PHYS_s13_T2_ctrl,74,21,74.7,-0.0915081575512886,-0.13051999303932246
UBFC_PHYS_s13_T2_ctrl,74,22,74.73333333333333,-0.07276854664087296,-0.39368080345544887
UBFC_PHYS_s13_T2_ctrl,74,23,74.76666666666667,0.02223437838256359,-0.6639338596579348
UBFC_PHYS_s13_T2_ctrl,74,24,74.8,0.09944011270999908,-0.9192544382455566
UBFC_PHYS_s13_T2_ctrl,74,25,74.83333333333333,0.11891454458236694,-1.1255559821619912
UBFC_PHYS_s13_T2_ctrl,74,26,74.86666666666666,0.11078537255525589,-1.2451604772086466
UBFC_PHYS_s13_T2_ctrl,74,27,74.9,0.08596618473529816,-1.2493628289876957
UBFC_PHYS_s13_T2_ctrl,74,28,74.93333333333334,0.037836991250514984,-1.1300146225715697
UBFC_PHYS_s13_T2_ctrl,74,29,74.96666666666667,0.0031487788073718548,-0.9045905419860033
UBFC_PHYS_s13_T2_ctrl,74,30,75.0,0.03271300718188286,-0.6112356848123562
UBFC_PHYS_s13_T2_ctrl,74,31,75.03333333333333,0.11821267753839493,-0.2949463085334491
UBFC_PHYS_s13_T2_ctrl,74,32,75.06666666666666,0.20211419463157654,0.008492222424446097
UBFC_PHYS_s13_T2_ctrl,74,33,75.1,0.2532189190387726,0.2822685660607289
UBFC_PHYS_s13_T2_ctrl,74,34,75.13333333333334,0.2767529785633087,0.5275129604795529
UBFC_PHYS_s13_T2_ctrl,74,35,75.16666666666667,0.2814321219921112,0.7535436455697055
UBFC_PHYS_s13_T2_ctrl,74,36,75.2,0.27348417043685913,0.9656078204220426
UBFC_PHYS_s13_T2_ctrl,74,37,75.23333333333333,0.27972522377967834,1.1564209936838281
UBFC_PHYS_s13_T2_ctrl,74,38,75.26666666666667,0.3291296362876892,1.3049106252920577
UBFC_PHYS_s13_T2_ctrl,74,39,75.3,0.39721107482910156,1.381820233938226
UBFC_PHYS_s13_T2_ctrl,74,40,75.33333333333333,0.4299122989177704,1.3591728147712427
UBFC_PHYS_s13_T2_ctrl,74,41,75.36666666666666,0.4174499809741974,1.2197284671827375
UBFC_PHYS_s13_T2_ctrl,74,42,75.4,0.38679176568984985,0.9632517245980371
UBFC_PHYS_s13_T2_ctrl,74,43,75.43333333333334,0.3426332473754883,0.6080283927442683
UBFC_PHYS_s13_T2_ctrl,74,44,75.46666666666667,0.2731810212135315,0.18788091588755357
UBFC_PHYS_s13_T2_ctrl,74,45,75.5,0.21005883812904358,-0.2538266500024048
UBFC_PHYS_s13_T2_ctrl,74,46,75.53333333333333,0.23298001289367676,-0.6713826732766832
UBFC_PHYS_s13_T2_ctrl,74,47,75.56666666666666,0.35565245151519775,-1.0236291429338273
UBFC_PHYS_s13_T2_ctrl,74,48,75.6,0.46284088492393494,-1.2795581146005437
UBFC_PHYS_s13_T2_ctrl,74,49,75.63333333333334,0.4037783443927765,-1.4220233734641146
UBFC_PHYS_s13_T2_ctrl,74,50,75.66666666666667,0.1477307677268982,-1.4492787258364639
UBFC_PHYS_s13_T2_ctrl,74,51,75.7,-0.1743486225605011,-1.3740112344389803
UBFC_PHYS_s13_T2_ctrl,74,52,75.73333333333333,-0.40588346123695374,-1.2193503121608107
UBFC_PHYS_s13_T2_ctrl,74,53,75.76666666666667,-0.5802570581436157,-1.0118909157950924
UBFC_PHYS_s13_T2_ctrl,74,54,75.8,-0.840977132320404,-0.7734647892373216
UBFC_PHYS_s13_T2_ctrl,74,55,75.83333333333333,-1.0706403255462646,-0.5151157737002883
UBFC_PHYS_s13_T2_ctrl,74,56,75.86666666666666,-0.9973788857460022,-0.23682895216194103
UBFC_PHYS_s13_T2_ctrl,74,57,75.9,-0.6587182283401489,0.0659114385556525
UBFC_PHYS_s13_T2_ctrl,74,58,75.93333333333334,-0.34635627269744873,0.39183056739673444
UBFC_PHYS_s13_T2_ctrl,74,59,75.96666666666667,-0.19042573869228363,0.7256930610152259
UBFC_PHYS_s13_T2_ctrl,74,60,76.0,-0.14690648019313812,1.037048007181581
UBFC_PHYS_s13_T2_ctrl,74,61,76.03333333333333,-0.1932925283908844,1.2868020248066354
UBFC_PHYS_s13_T2_ctrl,74,62,76.06666666666666,-0.2664419114589691,1.4385430518233953
UBFC_PHYS_s13_T2_ctrl,74,63,76.1,-0.259492427110672,1.4695522974080222
UBFC_PHYS_s13_T2_ctrl,74,64,76.13333333333334,-0.16844038665294647,1.3771852096760413
UBFC_PHYS_s13_T2_ctrl,74,65,76.16666666666667,-0.08891156315803528,1.1788234793687609
UBFC_PHYS_s13_T2_ctrl,74,66,76.2,-0.06204937398433685,0.9062782064826617
UBFC_PHYS_s13_T2_ctrl,74,67,76.23333333333333,-0.06046110391616821,0.5972238749612517
UBFC_PHYS_s13_T2_ctrl,74,68,76.26666666666667,-0.11491371691226959,0.286583841836385
UBFC_PHYS_s13_T2_ctrl,74,69,76.3,-0.2931525409221649,0.00012087232511609394
UBFC_PHYS_s13_T2_ctrl,74,70,76.33333333333333,-0.5725759863853455,-0.24858450031023435
UBFC_PHYS_s13_T2_ctrl,74,71,76.36666666666666,-0.8555352091789246,-0.4576923269745026
UBFC_PHYS_s13_T2_ctrl,74,72,76.4,-1.1196197271347046,-0.6340068915164921
UBFC_PHYS_s13_T2_ctrl,74,73,76.43333333333334,-1.3430055379867554,-0.788344561124331
UBFC_PHYS_s13_T2_ctrl,74,74,76.46666666666667,-1.4485958814620972,-0.9302168040618581
UBFC_PHYS_s13_T2_ctrl,74,75,76.5,-1.396631121635437,-1.0624903168609785
UBFC_PHYS_s13_T2_ctrl,74,76,76.53333333333333,-1.3669878244400024,-1.17708019727655
UBFC_PHYS_s13_T2_ctrl,74,77,76.56666666666666,-1.5299798250198364,-1.2533233455859722
UBFC_PHYS_s13_T2_ctrl,74,78,76.6,-1.9077508449554443,-1.2607029445925164
UBFC_PHYS_s13_T2_ctrl,74,79,76.63333333333334,-2.3785345554351807,-1.166604330679615
UBFC_PHYS_s13_T2_ctrl,74,80,76.66666666666667,-2.7665138244628906,-0.9478791595080246
UBFC_PHYS_s13_T2_ctrl,74,81,76.7,-2.913086175918579,-0.6028786219076822
UBFC_PHYS_s13_T2_ctrl,74,82,76.73333333333333,-2.833540916442871,-0.15927112831210682
UBFC_PHYS_s13_T2_ctrl,74,83,76.76666666666667,-2.592772960662842,0.326798731632177
UBFC_PHYS_s13_T2_ctrl,74,84,76.8,-1.6672762632369995,0.7822636583005476
UBFC_PHYS_s13_T2_ctrl,74,85,76.83333333333333,-0.3033280074596405,1.1367470493361287
UBFC_PHYS_s13_T2_ctrl,74,86,76.86666666666666,0.795560359954834,1.342374494829776
UBFC_PHYS_s13_T2_ctrl,74,87,76.9,1.3411277532577515,1.3847901433096468
UBFC_PHYS_s13_T2_ctrl,74,88,76.93333333333334,1.4986993074417114,1.281532386880505
UBFC_PHYS_s13_T2_ctrl,74,89,76.96666666666667,1.440773606300354,1.0708263699113643
UBFC_PHYS_s13_T2_ctrl,74,90,77.0,1.3038396835327148,0.7970780760405218
UBFC_PHYS_s13_T2_ctrl,74,91,77.03333333333333,1.253726840019226,0.4986655107470206
UBFC_PHYS_s13_T2_ctrl,74,92,77.06666666666666,1.3060210943222046,0.20135388450761352
UBFC_PHYS_s13_T2_ctrl,74,93,77.1,1.2755770683288574,-0.08181808056644409
UBFC_PHYS_s13_T2_ctrl,74,94,77.13333333333334,1.109635829925537,-0.3455003166503284
UBFC_PHYS_s13_T2_ctrl,74,95,77.16666666666667,0.9201176166534424,-0.5847238034899656
UBFC_PHYS_s13_T2_ctrl,74,96,77.2,0.8066684007644653,-0.7888767194678024
UBFC_PHYS_s13_T2_ctrl,74,97,77.23333333333333,0.7219957709312439,-0.939856391328494
UBFC_PHYS_s13_T2_ctrl,74,98,77.26666666666667,0.6067078113555908,-1.0153200242212095
UBFC_PHYS_s13_T2_ctrl,74,99,77.3,0.4899073839187622,-0.9957055186818978
UBFC_PHYS_s13_T2_ctrl,74,100,77.33333333333333,0.4073898494243622,-0.8722505440874271
UBFC_PHYS_s13_T2_ctrl,74,101,77.36666666666666,0.34078794717788696,-0.6528259507733163
UBFC_PHYS_s13_T2_ctrl,74,102,77.4,0.25828027725219727,-0.36292995864301497
UBFC_PHYS_s13_T2_ctrl,74,103,77.43333333333334,0.17471818625926971,-0.0408656558129461
UBFC_PHYS_s13_T2_ctrl,74,104,77.46666666666667,0.11316448450088501,0.271338845471558
UBFC_PHYS_s13_T2_ctrl,74,105,77.5,0.07373782247304916,0.5377358591164165
UBFC_PHYS_s13_T2_ctrl,74,106,77.53333333333333,0.038766227662563324,0.7353333725641663
UBFC_PHYS_s13_T2_ctrl,74,107,77.56666666666666,0.007534644566476345,0.8559786192920891
UBFC_PHYS_s13_T2_ctrl,74,108,77.6,-0.015221770852804184,0.9034693804474065
UBFC_PHYS_s13_T2_ctrl,74,109,77.63333333333334,-0.029723795130848885,0.8879409596584555
UBFC_PHYS_s13_T2_ctrl,74,110,77.66666666666667,-0.038923900574445724,0.8202199811472
UBFC_PHYS_s13_T2_ctrl,74,111,77.7,-0.0422586053609848,0.70831145318806
UBFC_PHYS_s13_T2_ctrl,74,112,77.73333333333333,-0.03769480064511299,0.5569651445259904
UBFC_PHYS_s13_T2_ctrl,74,113,77.76666666666667,-0.024678897112607956,0.3698744530410386
UBFC_PHYS_s13_T2_ctrl,74,114,77.8,-0.003517341800034046,0.15299331384519632
UBFC_PHYS_s13_T2_ctrl,74,115,77.83333333333333,0.024854036048054695,-0.08285378986321969
UBFC_PHYS_s13_T2_ctrl,74,116,77.86666666666666,0.05848120525479317,-0.3213426619159347
UBFC_PHYS_s13_T2_ctrl,74,117,77.9,0.09386469423770905,-0.5422586371288112
UBFC_PHYS_s13_T2_ctrl,74,118,77.93333333333334,0.1264934241771698,-0.7246907277847993
UBFC_PHYS_s13_T2_ctrl,74,119,77.96666666666667,0.1555732637643814,-0.8507321467033692
UBFC_PHYS_s13_T2_ctrl,74,120,78.0,0.17926551401615143,-0.9087150807868641
UBFC_PHYS_s13_T2_ctrl,74,121,78.03333333333333,0.19106219708919525,-0.895334457966669
UBFC_PHYS_s13_T2_ctrl,74,122,78.06666666666666,0.18894341588020325,-0.8162565232589385
UBFC_PHYS_s13_T2_ctrl,74,123,78.1,0.1827254295349121,-0.6849924872903278
UBFC_PHYS_s13_T2_ctrl,74,124,78.13333333333334,0.1879548579454422,-0.5201191460990222
UBFC_PHYS_s13_T2_ctrl,74,125,78.16666666666667,0.20958103239536285,-0.3414017831394897
UBFC_PHYS_s13_T2_ctrl,74,126,78.2,0.24315547943115234,-0.16587693755756125
UBFC_PHYS_s13_T2_ctrl,74,127,78.23333333333333,0.29264888167381287,-0.0051527205225028565
UBFC_PHYS_s13_T2_ctrl,74,128,78.26666666666667,0.3728499114513397,0.13518882656509465
UBFC_PHYS_s13_T2_ctrl,74,129,78.3,0.481198251247406,0.25410750826593914
UBFC_PHYS_s13_T2_ctrl,74,130,78.33333333333333,0.60210120677948,0.35258446201297733
UBFC_PHYS_s13_T2_ctrl,74,131,78.36666666666666,0.7391734719276428,0.4315575201414043
UBFC_PHYS_s13_T2_ctrl,74,132,78.4,0.9289618730545044,0.4912760875476882
UBFC_PHYS_s13_T2_ctrl,74,133,78.43333333333334,1.1747087240219116,0.5319380665397493
UBFC_PHYS_s13_T2_ctrl,74,134,78.46666666666667,1.442384958267212,0.5545909076824097
UBFC_PHYS_s13_T2_ctrl,74,135,78.5,1.7129510641098022,0.561251432630964
UBFC_PHYS_s13_T2_ctrl,74,136,78.53333333333333,2.0473313331604004,0.5540419728951306
UBFC_PHYS_s13_T2_ctrl,74,137,78.56666666666666,2.476938486099243,0.5340355650962257
UBFC_PHYS_s13_T2_ctrl,74,138,78.6,2.9706532955169678,0.5006650772048108
UBFC_PHYS_s13_T2_ctrl,74,139,78.63333333333334,3.4558236598968506,0.45207208714178027
UBFC_PHYS_s13_T2_ctrl,74,140,78.66666666666667,3.891549825668335,0.3861936264432328
UBFC_PHYS_s13_T2_ctrl,74,141,78.7,4.268767356872559,0.30210617673055673
UBFC_PHYS_s13_T2_ctrl,74,142,78.73333333333333,4.544605731964111,0.2012212599500886
UBFC_PHYS_s13_T2_ctrl,74,143,78.76666666666667,4.6817240715026855,0.08801924527683046
UBFC_PHYS_s13_T2_ctrl,74,144,78.8,4.827436447143555,-0.0300946090433428
UBFC_PHYS_s13_T2_ctrl,74,145,78.83333333333333,5.199253082275391,-0.1441678929293735
UBFC_PHYS_s13_T2_ctrl,74,146,78.86666666666666,5.640936851501465,-0.24613677067434073
UBFC_PHYS_s13_T2_ctrl,74,147,78.9,5.757256507873535,-0.3314900865024395
UBFC_PHYS_s13_T2_ctrl,74,148,78.93333333333334,4.733959197998047,-0.40105066145587315
UBFC_PHYS_s13_T2_ctrl,74,149,78.96666666666667,2.4175562858581543,-0.46091221423724643
UBFC_PHYS_s13_T2_ctrl,74,150,79.0,-0.3012685179710388,-0.5200314427983408
UBFC_PHYS_s13_T2_ctrl,74,151,79.03333333333333,-2.4341800212860107,-0.5857507790681974
UBFC_PHYS_s13_T2_ctrl,74,152,79.06666666666666,-3.5511422157287598,-0.6585165711205331
UBFC_PHYS_s13_T2_ctrl,74,153,79.1,-3.8610262870788574,-0.7278466460296511
UBFC_PHYS_s13_T2_ctrl,74,154,79.13333333333334,-3.7263760566711426,-0.7717064899231878
UBFC_PHYS_s13_T2_ctrl,74,155,79.16666666666667,-3.466324806213379,-0.7606258118303936
UBFC_PHYS_s13_T2_ctrl,74,156,79.2,-3.267253875732422,-0.6662353461898495
UBFC_PHYS_s13_T2_ctrl,74,157,79.23333333333333,-3.079284429550171,-0.47193147081414955
UBFC_PHYS_s13_T2_ctrl,74,158,79.26666666666667,-2.791362762451172,-0.18190729058573799
UBFC_PHYS_s13_T2_ctrl,74,159,79.3,-2.454636335372925,0.1752487525661147
UBFC_PHYS_s13_T2_ctrl,74,160,79.33333333333333,-2.1658382415771484,0.5504475916135677
UBFC_PHYS_s13_T2_ctrl,74,161,79.36666666666666,-1.9239333868026733,0.8848185691026048
UBFC_PHYS_s13_T2_ctrl,74,162,79.4,-1.6621456146240234,1.1240859292447034
UBFC_PHYS_s13_T2_ctrl,74,163,79.43333333333334,-1.395019769668579,1.2320235135341797
UBFC_PHYS_s13_T2_ctrl,74,164,79.46666666666667,-1.1785602569580078,1.1985400119051108
UBFC_PHYS_s13_T2_ctrl,74,165,79.5,-1.024540901184082,1.0397427191207722
UBFC_PHYS_s13_T2_ctrl,74,166,79.53333333333333,-0.8811584115028381,0.7902942630988383
UBFC_PHYS_s13_T2_ctrl,74,167,79.56666666666666,-0.7289876341819763,0.49126466985005585
UBFC_PHYS_s13_T2_ctrl,74,168,79.6,-0.5886695981025696,0.1782160441721271
UBFC_PHYS_s13_T2_ctrl,74,169,79.63333333333334,-0.47123318910598755,-0.12610619147840746
UBFC_PHYS_s13_T2_ctrl,74,170,79.66666666666667,-0.35880210995674133,-0.4121401833710099
UBFC_PHYS_s13_T2_ctrl,74,171,79.7,-0.23906897008419037,-0.67746982513906
UBFC_PHYS_s13_T2_ctrl,74,172,79.73333333333333,-0.12543189525604248,-0.9175309437501629
UBFC_PHYS_s13_T2_ctrl,74,173,79.76666666666667,-0.036666709929704666,-1.1176143583456284
UBFC_PHYS_s13_T2_ctrl,74,174,79.8,0.022204723209142685,-1.2503745665713077
UBFC_PHYS_s13_T2_ctrl,74,175,79.83333333333333,0.0589260496199131,-1.2810059567656797
UBFC_PHYS_s13_T2_ctrl,74,176,79.86666666666666,0.07471977919340134,-1.179091537573682
UBFC_PHYS_s13_T2_ctrl,74,177,79.9,0.06635335832834244,-0.9328673116838782
UBFC_PHYS_s13_T2_ctrl,74,178,79.93333333333334,0.039833858609199524,-0.5596244407296198
UBFC_PHYS_s13_T2_ctrl,74,179,79.96666666666667,0.00862204935401678,-0.10663081734145816
UBFC_PHYS_s13_T2_ctrl,74,180,80.0,-0.027934521436691284,0.35929276284803074
UBFC_PHYS_s13_T2_ctrl,74,181,80.03333333333333,-0.08935641497373581,0.7700528475780674
UBFC_PHYS_s13_T2_ctrl,74,182,80.06666666666666,-0.1788794845342636,1.074730374704675
UBFC_PHYS_s13_T2_ctrl,74,183,80.1,-0.27345073223114014,1.2503271501353161
UBFC_PHYS_s13_T2_ctrl,74,184,80.13333333333334,-0.36169198155403137,1.3014003091744089
UBFC_PHYS_s13_T2_ctrl,74,185,80.16666666666667,-0.4661915898323059,1.2509852208242322
UBFC_PHYS_s13_T2_ctrl,74,186,80.2,-0.6032506823539734,1.128466348590059
UBFC_PHYS_s13_T2_ctrl,74,187,80.23333333333333,-0.7504885792732239,0.9596566978824411
UBFC_PHYS_s13_T2_ctrl,74,188,80.26666666666667,-0.8833727836608887,0.7615750438720025
UBFC_PHYS_s13_T2_ctrl,74,189,80.3,-1.0170378684997559,0.5416643250521731
UBFC_PHYS_s13_T2_ctrl,74,190,80.33333333333333,-1.1913917064666748,0.30014517236201765
UBFC_PHYS_s13_T2_ctrl,74,191,80.36666666666666,-1.4273024797439575,0.03434461666873624
UBFC_PHYS_s13_T2_ctrl,74,192,80.4,-1.6436301469802856,-0.25604877511034224
UBFC_PHYS_s13_T2_ctrl,74,193,80.43333333333334,-1.65983247756958,-0.5640348970807695
UBFC_PHYS_s13_T2_ctrl,74,194,80.46666666666667,-1.4031752347946167,-0.8720380559912035
UBFC_PHYS_s13_T2_ctrl,74,195,80.5,-1.0335861444473267,-1.151581597875156
UBFC_PHYS_s13_T2_ctrl,74,196,80.53333333333333,-0.7604663372039795,-1.3666347045065532
UBFC_PHYS_s13_T2_ctrl,74,197,80.56666666666666,-0.6319812536239624,-1.4804837070910608
UBFC_PHYS_s13_T2_ctrl,74,198,80.6,-0.589717447757721,-1.4648836586492326
UBFC_PHYS_s13_T2_ctrl,74,199,80.63333333333334,-0.5517901182174683,-1.309149998657215
UBFC_PHYS_s13_T2_ctrl,74,200,80.66666666666667,-0.4624515771865845,-1.0261156778854457
UBFC_PHYS_s13_T2_ctrl,74,201,80.7,-0.3494800925254822,-0.6520024543776904
UBFC_PHYS_s13_T2_ctrl,74,202,80.73333333333333,-0.29734399914741516,-0.23873187303701177
UBFC_PHYS_s13_T2_ctrl,74,203,80.76666666666667,-0.3148874342441559,0.15971297985039415
UBFC_PHYS_s13_T2_ctrl,74,204,80.8,-0.26999080181121826,0.5016450010532945
UBFC_PHYS_s13_T2_ctrl,74,205,80.83333333333333,-0.07905901968479156,0.7663309884463683
UBFC_PHYS_s13_T2_ctrl,74,206,80.86666666666666,0.13352860510349274,0.953512349554027
UBFC_PHYS_s13_T2_ctrl,74,207,80.9,0.19819623231887817,1.0752816340804636
UBFC_PHYS_s13_T2_ctrl,74,208,80.93333333333334,0.1310638189315796,1.1452392999499914
UBFC_PHYS_s13_T2_ctrl,74,209,80.96666666666667,0.0654241144657135,1.1702773587697481
UBFC_PHYS_s13_T2_ctrl,74,210,81.0,0.06162808835506439,1.1481360704799866
UBFC_PHYS_s13_T2_ctrl,74,211,81.03333333333333,0.11321720480918884,1.0706242745740855
UBFC_PHYS_s13_T2_ctrl,74,212,81.06666666666666,0.24047650396823883,0.9298716641694058
UBFC_PHYS_s13_T2_ctrl,74,213,81.1,0.4740312695503235,0.7242480824382862
UBFC_PHYS_s13_T2_ctrl,74,214,81.13333333333334,0.7808507680892944,0.4616267824156688
UBFC_PHYS_s13_T2_ctrl,74,215,81.16666666666667,1.0692898035049438,0.1594357931613296
UBFC_PHYS_s13_T2_ctrl,74,216,81.2,1.2613815069198608,-0.15774344168705445
UBFC_PHYS_s13_T2_ctrl,74,217,81.23333333333333,1.342748999595642,-0.4618234579718434
UBFC_PHYS_s13_T2_ctrl,74,218,81.26666666666667,1.3577783107757568,-0.7251190416941777
UBFC_PHYS_s13_T2_ctrl,74,219,81.3,1.3506574630737305,-0.9239908697677739
UBFC_PHYS_s13_T2_ctrl,74,220,81.33333333333333,1.29369056224823,-1.041995838053744
UBFC_PHYS_s13_T2_ctrl,74,221,81.36666666666666,1.1223617792129517,-1.0722954832767415
UBFC_PHYS_s13_T2_ctrl,74,222,81.4,0.8441937565803528,-1.0188420974713066
UBFC_PHYS_s13_T2_ctrl,74,223,81.43333333333334,0.5475958585739136,-0.895687160679002
UBFC_PHYS_s13_T2_ctrl,74,224,81.46666666666667,0.2922237813472748,-0.7239714538563881
UBFC_PHYS_s13_T2_ctrl,74,225,81.5,0.0787794217467308,-0.5270152628049124
UBFC_PHYS_s13_T2_ctrl,74,226,81.53333333333333,-0.07597474008798599,-0.32514288350542664
UBFC_PHYS_s13_T2_ctrl,74,227,81.56666666666666,-0.16757047176361084,-0.1323739251461791
UBFC_PHYS_s13_T2_ctrl,74,228,81.6,-0.2549648582935333,0.043816780533329464
UBFC_PHYS_s13_T2_ctrl,74,229,81.63333333333334,-0.3708525598049164,0.20013776473904138
UBFC_PHYS_s13_T2_ctrl,74,230,81.66666666666667,-0.46719661355018616,0.3342165507481724
UBFC_PHYS_s13_T2_ctrl,74,231,81.7,-0.5208649635314941,0.4423563770309933
UBFC_PHYS_s13_T2_ctrl,74,232,81.73333333333333,-0.5635373592376709,0.5194797708686825
UBFC_PHYS_s13_T2_ctrl,74,233,81.76666666666667,-0.5895460844039917,0.5610769703247708
UBFC_PHYS_s13_T2_ctrl,74,234,81.8,-0.5767378211021423,0.5657291800688774
UBFC_PHYS_s13_T2_ctrl,74,235,81.83333333333333,-0.5790180563926697,0.5364450724512234
UBFC_PHYS_s13_T2_ctrl,74,236,81.86666666666666,-0.6580130457878113,0.4799228497651084
UBFC_PHYS_s13_T2_ctrl,74,237,81.9,-0.762357771396637,0.4042147602755373
UBFC_PHYS_s13_T2_ctrl,74,238,81.93333333333334,-0.7717720866203308,0.3161710572826674
UBFC_PHYS_s13_T2_ctrl,74,239,81.96666666666667,-0.6648834943771362,0.22011690180743845
UBFC_PHYS_s13_T2_ctrl,75,0,75.0,0.03271300718188286,0.08672620553290522
UBFC_PHYS_s13_T2_ctrl,75,1,75.03333333333333,0.11821267753839493,-0.14668919804892616
UBFC_PHYS_s13_T2_ctrl,75,2,75.06666666666666,0.20211419463157654,-0.3592031040142311
UBFC_PHYS_s13_T2_ctrl,75,3,75.1,0.2532189190387726,-0.5283709244556857
UBFC_PHYS_s13_T2_ctrl,75,4,75.13333333333334,0.2767529785633087,-0.6340817196891546
UBFC_PHYS_s13_T2_ctrl,75,5,75.16666666666667,0.2814321219921112,-0.6618495441696025
UBFC_PHYS_s13_T2_ctrl,75,6,75.2,0.27348417043685913,-0.6064346694743513
UBFC_PHYS_s13_T2_ctrl,75,7,75.23333333333333,0.27972522377967834,-0.47438009714382817
UBFC_PHYS_s13_T2_ctrl,75,8,75.26666666666667,0.3291296362876892,-0.28445699283713005
UBFC_PHYS_s13_T2_ctrl,75,9,75.3,0.39721107482910156,-0.065587758375596
UBFC_PHYS_s13_T2_ctrl,75,10,75.33333333333333,0.4299122989177704,0.14765899581991238
UBFC_PHYS_s13_T2_ctrl,75,11,75.36666666666666,0.4174499809741974,0.3212468607858827
UBFC_PHYS_s13_T2_ctrl,75,12,75.4,0.38679176568984985,0.427967721767365
UBFC_PHYS_s13_T2_ctrl,75,13,75.43333333333334,0.3426332473754883,0.4520289829674768
UBFC_PHYS_s13_T2_ctrl,75,14,75.46666666666667,0.2731810212135315,0.3908476828431682
UBFC_PHYS_s13_T2_ctrl,75,15,75.5,0.21005883812904358,0.2541904893949222
UBFC_PHYS_s13_T2_ctrl,75,16,75.53333333333333,0.23298001289367676,0.06164921905258162
UBFC_PHYS_s13_T2_ctrl,75,17,75.56666666666666,0.35565245151519775,-0.16044655806279604
UBFC_PHYS_s13_T2_ctrl,75,18,75.6,0.46284088492393494,-0.3820845521771971
UBFC_PHYS_s13_T2_ctrl,75,19,75.63333333333334,0.4037783443927765,-0.5726927031184101
UBFC_PHYS_s13_T2_ctrl,75,20,75.66666666666667,0.1477307677268982,-0.704796575730895
UBFC_PHYS_s13_T2_ctrl,75,21,75.7,-0.1743486225605011,-0.7583496792266337
UBFC_PHYS_s13_T2_ctrl,75,22,75.73333333333333,-0.40588346123695374,-0.7249196671468794
UBFC_PHYS_s13_T2_ctrl,75,23,75.76666666666667,-0.5802570581436157,-0.6099507106388606
UBFC_PHYS_s13_T2_ctrl,75,24,75.8,-0.840977132320404,-0.4312393662858486
UBFC_PHYS_s13_T2_ctrl,75,25,75.83333333333333,-1.0706403255462646,-0.2132789518269195
UBFC_PHYS_s13_T2_ctrl,75,26,75.86666666666666,-0.9973788857460022,0.020238500555759816
UBFC_PHYS_s13_T2_ctrl,75,27,75.9,-0.6587182283401489,0.2519866771077677
UBFC_PHYS_s13_T2_ctrl,75,28,75.93333333333334,-0.34635627269744873,0.47213679995131214
UBFC_PHYS_s13_T2_ctrl,75,29,75.96666666666667,-0.19042573869228363,0.6753569271042291
UBFC_PHYS_s13_T2_ctrl,75,30,76.0,-0.14690648019313812,0.856093935786928
UBFC_PHYS_s13_T2_ctrl,75,31,76.03333333333333,-0.1932925283908844,1.0050511646841729
UBFC_PHYS_s13_T2_ctrl,75,32,76.06666666666666,-0.2664419114589691,1.1088070185109262
UBFC_PHYS_s13_T2_ctrl,75,33,76.1,-0.259492427110672,1.1527383044305082
UBFC_PHYS_s13_T2_ctrl,75,34,76.13333333333334,-0.16844038665294647,1.1257221724694646
UBFC_PHYS_s13_T2_ctrl,75,35,76.16666666666667,-0.08891156315803528,1.0243639908820181
UBFC_PHYS_s13_T2_ctrl,75,36,76.2,-0.06204937398433685,0.8550183843707106
UBFC_PHYS_s13_T2_ctrl,75,37,76.23333333333333,-0.06046110391616821,0.6329821898988632
UBFC_PHYS_s13_T2_ctrl,75,38,76.26666666666667,-0.11491371691226959,0.3791488536745758
UBFC_PHYS_s13_T2_ctrl,75,39,76.3,-0.2931525409221649,0.11499806089141167
UBFC_PHYS_s13_T2_ctrl,75,40,76.33333333333333,-0.5725759863853455,-0.14276016502921798
UBFC_PHYS_s13_T2_ctrl,75,41,76.36666666666666,-0.8555352091789246,-0.3862440089062236
UBFC_PHYS_s13_T2_ctrl,75,42,76.4,-1.1196197271347046,-0.617500346298757
UBFC_PHYS_s13_T2_ctrl,75,43,76.43333333333334,-1.3430055379867554,-0.8455640791912918
UBFC_PHYS_s13_T2_ctrl,75,44,76.46666666666667,-1.4485958814620972,-1.0796593369166414
UBFC_PHYS_s13_T2_ctrl,75,45,76.5,-1.396631121635437,-1.3203095873812194
UBFC_PHYS_s13_T2_ctrl,75,46,76.53333333333333,-1.3669878244400024,-1.5514178264183267
UBFC_PHYS_s13_T2_ctrl,75,47,76.56666666666666,-1.5299798250198364,-1.7368581826889444
UBFC_PHYS_s13_T2_ctrl,75,48,76.6,-1.9077508449554443,-1.8244312347288854
UBFC_PHYS_s13_T2_ctrl,75,49,76.63333333333334,-2.3785345554351807,-1.758084801499847
UBFC_PHYS_s13_T2_ctrl,75,50,76.66666666666667,-2.7665138244628906,-1.4963555430732043
UBFC_PHYS_s13_T2_ctrl,75,51,76.7,-2.913086175918579,-1.031715054658147
UBFC_PHYS_s13_T2_ctrl,75,52,76.73333333333333,-2.833540916442871,-0.4031725993463911
UBFC_PHYS_s13_T2_ctrl,75,53,76.76666666666667,-2.592772960662842,0.3051489647612579
UBFC_PHYS_s13_T2_ctrl,75,54,76.8,-1.6672762632369995,0.9824854228309116
UBFC_PHYS_s13_T2_ctrl,75,55,76.83333333333333,-0.3033280074596405,1.5222311732835991
UBFC_PHYS_s13_T2_ctrl,75,56,76.86666666666666,0.795560359954834,1.8525351273791326
UBFC_PHYS_s13_T2_ctrl,75,57,76.9,1.3411277532577515,1.9528388452805097
UBFC_PHYS_s13_T2_ctrl,75,58,76.93333333333334,1.4986993074417114,1.8504781264480663
UBFC_PHYS_s13_T2_ctrl,75,59,76.96666666666667,1.440773606300354,1.602155153535184
UBFC_PHYS_s13_T2_ctrl,75,60,77.0,1.3038396835327148,1.2705175082975695
UBFC_PHYS_s13_T2_ctrl,75,61,77.03333333333333,1.253726840019226,0.9053386261911491
UBFC_PHYS_s13_T2_ctrl,75,62,77.06666666666666,1.3060210943222046,0.5348781594984222
UBFC_PHYS_s13_T2_ctrl,75,63,77.1,1.2755770683288574,0.1682853362213166
UBFC_PHYS_s13_T2_ctrl,75,64,77.13333333333334,1.109635829925537,-0.19409304085207746
UBFC_PHYS_s13_T2_ctrl,75,65,77.16666666666667,0.9201176166534424,-0.5479472788348104
UBFC_PHYS_s13_T2_ctrl,75,66,77.2,0.8066684007644653,-0.8754636026437214
UBFC_PHYS_s13_T2_ctrl,75,67,77.23333333333333,0.7219957709312439,-1.1429945860397746
UBFC_PHYS_s13_T2_ctrl,75,68,77.26666666666667,0.6067078113555908,-1.3069987148287059
UBFC_PHYS_s13_T2_ctrl,75,69,77.3,0.4899073839187622,-1.326329462898271
UBFC_PHYS_s13_T2_ctrl,75,70,77.33333333333333,0.4073898494243622,-1.1769028589338926
UBFC_PHYS_s13_T2_ctrl,75,71,77.36666666666666,0.34078794717788696,-0.8638146689262844
UBFC_PHYS_s13_T2_ctrl,75,72,77.4,0.25828027725219727,-0.4261521414754931
UBFC_PHYS_s13_T2_ctrl,75,73,77.43333333333334,0.17471818625926971,0.06842900760272572
UBFC_PHYS_s13_T2_ctrl,75,74,77.46666666666667,0.11316448450088501,0.5387526020946445
UBFC_PHYS_s13_T2_ctrl,75,75,77.5,0.07373782247304916,0.910220671492687
UBFC_PHYS_s13_T2_ctrl,75,76,77.53333333333333,0.038766227662563324,1.1329181026597026
UBFC_PHYS_s13_T2_ctrl,75,77,77.56666666666666,0.007534644566476345,1.1912410654741128
UBFC_PHYS_s13_T2_ctrl,75,78,77.6,-0.015221770852804184,1.1022419995281347
UBFC_PHYS_s13_T2_ctrl,75,79,77.63333333333334,-0.029723795130848885,0.9046404227977914
UBFC_PHYS_s13_T2_ctrl,75,80,77.66666666666667,-0.038923900574445724,0.6437932867665345
UBFC_PHYS_s13_T2_ctrl,75,81,77.7,-0.0422586053609848,0.3586625188679656
UBFC_PHYS_s13_T2_ctrl,75,82,77.73333333333333,-0.03769480064511299,0.07507479018802045
UBFC_PHYS_s13_T2_ctrl,75,83,77.76666666666667,-0.024678897112607956,-0.1936441595832978
UBFC_PHYS_s13_T2_ctrl,75,84,77.8,-0.003517341800034046,-0.4407994915590507
UBFC_PHYS_s13_T2_ctrl,75,85,77.83333333333333,0.024854036048054695,-0.6592033637901406
UBFC_PHYS_s13_T2_ctrl,75,86,77.86666666666666,0.05848120525479317,-0.8365920062459542
UBFC_PHYS_s13_T2_ctrl,75,87,77.9,0.09386469423770905,-0.9556656759130987
UBFC_PHYS_s13_T2_ctrl,75,88,77.93333333333334,0.1264934241771698,-0.9986243872713294
UBFC_PHYS_s13_T2_ctrl,75,89,77.96666666666667,0.1555732637643814,-0.9541887150131724
UBFC_PHYS_s13_T2_ctrl,75,90,78.0,0.17926551401615143,-0.8240691601517628
UBFC_PHYS_s13_T2_ctrl,75,91,78.03333333333333,0.19106219708919525,-0.6259612663020391
UBFC_PHYS_s13_T2_ctrl,75,92,78.06666666666666,0.18894341588020325,-0.39136503563009784
UBFC_PHYS_s13_T2_ctrl,75,93,78.1,0.1827254295349121,-0.1584826331959144
UBFC_PHYS_s13_T2_ctrl,75,94,78.13333333333334,0.1879548579454422,0.03754195606409182
UBFC_PHYS_s13_T2_ctrl,75,95,78.16666666666667,0.20958103239536285,0.1735850985765433
UBFC_PHYS_s13_T2_ctrl,75,96,78.2,0.24315547943115234,0.2434871004595501
UBFC_PHYS_s13_T2_ctrl,75,97,78.23333333333333,0.29264888167381287,0.25736264613698273
UBFC_PHYS_s13_T2_ctrl,75,98,78.26666666666667,0.3728499114513397,0.235954745801086
UBFC_PHYS_s13_T2_ctrl,75,99,78.3,0.481198251247406,0.20259265243596286
UBFC_PHYS_s13_T2_ctrl,75,100,78.33333333333333,0.60210120677948,0.17593718543493306
UBFC_PHYS_s13_T2_ctrl,75,101,78.36666666666666,0.7391734719276428,0.16601054250724911
UBFC_PHYS_s13_T2_ctrl,75,102,78.4,0.9289618730545044,0.17446230593530873
UBFC_PHYS_s13_T2_ctrl,75,103,78.43333333333334,1.1747087240219116,0.19814791650301977
UBFC_PHYS_s13_T2_ctrl,75,104,78.46666666666667,1.442384958267212,0.23359887487438408
UBFC_PHYS_s13_T2_ctrl,75,105,78.5,1.7129510641098022,0.2797783276507065
UBFC_PHYS_s13_T2_ctrl,75,106,78.53333333333333,2.0473313331604004,0.3379086400598643
UBFC_PHYS_s13_T2_ctrl,75,107,78.56666666666666,2.476938486099243,0.4090471153583039
UBFC_PHYS_s13_T2_ctrl,75,108,78.6,2.9706532955169678,0.4911627112209926
UBFC_PHYS_s13_T2_ctrl,75,109,78.63333333333334,3.4558236598968506,0.5773787457229694
UBFC_PHYS_s13_T2_ctrl,75,110,78.66666666666667,3.891549825668335,0.65618413385534
UBFC_PHYS_s13_T2_ctrl,75,111,78.7,4.268767356872559,0.7134287436348603
UBFC_PHYS_s13_T2_ctrl,75,112,78.73333333333333,4.544605731964111,0.7353083963048159
UBFC_PHYS_s13_T2_ctrl,75,113,78.76666666666667,4.6817240715026855,0.7113509448772426
UBFC_PHYS_s13_T2_ctrl,75,114,78.8,4.827436447143555,0.6364746899465815
UBFC_PHYS_s13_T2_ctrl,75,115,78.83333333333333,5.199253082275391,0.5114619435785355
UBFC_PHYS_s13_T2_ctrl,75,116,78.86666666666666,5.640936851501465,0.3416842630934722
UBFC_PHYS_s13_T2_ctrl,75,117,78.9,5.757256507873535,0.13457325238239423
UBFC_PHYS_s13_T2_ctrl,75,118,78.93333333333334,4.733959197998047,-0.10303265353927953
UBFC_PHYS_s13_T2_ctrl,75,119,78.96666666666667,2.4175562858581543,-0.3662379561061385
UBFC_PHYS_s13_T2_ctrl,75,120,79.0,-0.3012685179710388,-0.6510190208751221
UBFC_PHYS_s13_T2_ctrl,75,121,79.03333333333333,-2.4341800212860107,-0.9505506231069887
UBFC_PHYS_s13_T2_ctrl,75,122,79.06666666666666,-3.5511422157287598,-1.2500623265434216
UBFC_PHYS_s13_T2_ctrl,75,123,79.1,-3.8610262870788574,-1.5225887377155816
UBFC_PHYS_s13_T2_ctrl,75,124,79.13333333333334,-3.7263760566711426,-1.7285252907114372
UBFC_PHYS_s13_T2_ctrl,75,125,79.16666666666667,-3.466324806213379,-1.821178843106497
UBFC_PHYS_s13_T2_ctrl,75,126,79.2,-3.267253875732422,-1.7583460793321837
UBFC_PHYS_s13_T2_ctrl,75,127,79.23333333333333,-3.079284429550171,-1.5169456481150243
UBFC_PHYS_s13_T2_ctrl,75,128,79.26666666666667,-2.791362762451172,-1.105142589436171
UBFC_PHYS_s13_T2_ctrl,75,129,79.3,-2.454636335372925,-0.5658556937169403
UBFC_PHYS_s13_T2_ctrl,75,130,79.33333333333333,-2.1658382415771484,0.03183234638179935
UBFC_PHYS_s13_T2_ctrl,75,131,79.36666666666666,-1.9239333868026733,0.6111933832649954
UBFC_PHYS_s13_T2_ctrl,75,132,79.4,-1.6621456146240234,1.108041769436191
UBFC_PHYS_s13_T2_ctrl,75,133,79.43333333333334,-1.395019769668579,1.4829670217979598
UBFC_PHYS_s13_T2_ctrl,75,134,79.46666666666667,-1.1785602569580078,1.7216138115789308
UBFC_PHYS_s13_T2_ctrl,75,135,79.5,-1.024540901184082,1.8265255476597808
UBFC_PHYS_s13_T2_ctrl,75,136,79.53333333333333,-0.8811584115028381,1.807294801140484
UBFC_PHYS_s13_T2_ctrl,75,137,79.56666666666666,-0.7289876341819763,1.6741247911056643
UBFC_PHYS_s13_T2_ctrl,75,138,79.6,-0.5886695981025696,1.4362421289279552
UBFC_PHYS_s13_T2_ctrl,75,139,79.63333333333334,-0.47123318910598755,1.1037182353159976
UBFC_PHYS_s13_T2_ctrl,75,140,79.66666666666667,-0.35880210995674133,0.6905538017398358
UBFC_PHYS_s13_T2_ctrl,75,141,79.7,-0.23906897008419037,0.21764825047895414
UBFC_PHYS_s13_T2_ctrl,75,142,79.73333333333333,-0.12543189525604248,-0.2849647404230005
UBFC_PHYS_s13_T2_ctrl,75,143,79.76666666666667,-0.036666709929704666,-0.777148192188594
UBFC_PHYS_s13_T2_ctrl,75,144,79.8,0.022204723209142685,-1.2099151504052714
UBFC_PHYS_s13_T2_ctrl,75,145,79.83333333333333,0.0589260496199131,-1.5301626544907074
UBFC_PHYS_s13_T2_ctrl,75,146,79.86666666666666,0.07471977919340134,-1.6895753787187715
UBFC_PHYS_s13_T2_ctrl,75,147,79.9,0.06635335832834244,-1.656503882940354
UBFC_PHYS_s13_T2_ctrl,75,148,79.93333333333334,0.039833858609199524,-1.4270411900185198
UBFC_PHYS_s13_T2_ctrl,75,149,79.96666666666667,0.00862204935401678,-1.030249477441445
UBFC_PHYS_s13_T2_ctrl,75,150,80.0,-0.027934521436691284,-0.5241102061591126
UBFC_PHYS_s13_T2_ctrl,75,151,80.03333333333333,-0.08935641497373581,0.017293235388198484
UBFC_PHYS_s13_T2_ctrl,75,152,80.06666666666666,-0.1788794845342636,0.5207563137259731
UBFC_PHYS_s13_T2_ctrl,75,153,80.1,-0.27345073223114014,0.9288010676217037
UBFC_PHYS_s13_T2_ctrl,75,154,80.13333333333334,-0.36169198155403137,1.2078956639795628
UBFC_PHYS_s13_T2_ctrl,75,155,80.16666666666667,-0.4661915898323059,1.3490982832008693
UBFC_PHYS_s13_T2_ctrl,75,156,80.2,-0.6032506823539734,1.3629864349580822
UBFC_PHYS_s13_T2_ctrl,75,157,80.23333333333333,-0.7504885792732239,1.271868894936537
UBFC_PHYS_s13_T2_ctrl,75,158,80.26666666666667,-0.8833727836608887,1.1020166563777969
UBFC_PHYS_s13_T2_ctrl,75,159,80.3,-1.0170378684997559,0.8776725646036642
UBFC_PHYS_s13_T2_ctrl,75,160,80.33333333333333,-1.1913917064666748,0.6175754651409507
UBFC_PHYS_s13_T2_ctrl,75,161,80.36666666666666,-1.4273024797439575,0.333996628068411
UBFC_PHYS_s13_T2_ctrl,75,162,80.4,-1.6436301469802856,0.03389156422428194
UBFC_PHYS_s13_T2_ctrl,75,163,80.43333333333334,-1.65983247756958,-0.27831635915388436
UBFC_PHYS_s13_T2_ctrl,75,164,80.46666666666667,-1.4031752347946167,-0.5967943379571532
UBFC_PHYS_s13_T2_ctrl,75,165,80.5,-1.0335861444473267,-0.9099780271897685
UBFC_PHYS_s13_T2_ctrl,75,166,80.53333333333333,-0.7604663372039795,-1.1973401298772657
UBFC_PHYS_s13_T2_ctrl,75,167,80.56666666666666,-0.6319812536239624,-1.4291640685532945
UBFC_PHYS_s13_T2_ctrl,75,168,80.6,-0.589717447757721,-1.570717634769463
UBFC_PHYS_s13_T2_ctrl,75,169,80.63333333333334,-0.5517901182174683,-1.590673022424205
UBFC_PHYS_s13_T2_ctrl,75,170,80.66666666666667,-0.4624515771865845,-1.4715765011510789
UBFC_PHYS_s13_T2_ctrl,75,171,80.7,-0.3494800925254822,-1.2185164055106479
UBFC_PHYS_s13_T2_ctrl,75,172,80.73333333333333,-0.29734399914741516,-0.8618194081386693
UBFC_PHYS_s13_T2_ctrl,75,173,80.76666666666667,-0.3148874342441559,-0.45126341066824405
UBFC_PHYS_s13_T2_ctrl,75,174,80.8,-0.26999080181121826,-0.04274826425559001
UBFC_PHYS_s13_T2_ctrl,75,175,80.83333333333333,-0.07905901968479156,0.31769772320546397
UBFC_PHYS_s13_T2_ctrl,75,176,80.86666666666666,0.13352860510349274,0.6054152970815689
UBFC_PHYS_s13_T2_ctrl,75,177,80.9,0.19819623231887817,0.8185991740215571
UBFC_PHYS_s13_T2_ctrl,75,178,80.93333333333334,0.1310638189315796,0.9698099601673349
UBFC_PHYS_s13_T2_ctrl,75,179,80.96666666666667,0.0654241144657135,1.073078542443406
UBFC_PHYS_s13_T2_ctrl,75,180,81.0,0.06162808835506439,1.1337126005774387
UBFC_PHYS_s13_T2_ctrl,75,181,81.03333333333333,0.11321720480918884,1.1454458599300217
UBFC_PHYS_s13_T2_ctrl,75,182,81.06666666666666,0.24047650396823883,1.095370464437236
UBFC_PHYS_s13_T2_ctrl,75,183,81.1,0.4740312695503235,0.9733703565713406
UBFC_PHYS_s13_T2_ctrl,75,184,81.13333333333334,0.7808507680892944,0.7810604114177698
UBFC_PHYS_s13_T2_ctrl,75,185,81.16666666666667,1.0692898035049438,0.5360945042353968
UBFC_PHYS_s13_T2_ctrl,75,186,81.2,1.2613815069198608,0.2704173037505993
UBFC_PHYS_s13_T2_ctrl,75,187,81.23333333333333,1.342748999595642,0.023679978437006245
UBFC_PHYS_s13_T2_ctrl,75,188,81.26666666666667,1.3577783107757568,-0.1658319678362611
UBFC_PHYS_s13_T2_ctrl,75,189,81.3,1.3506574630737305,-0.27036145661206545
UBFC_PHYS_s13_T2_ctrl,75,190,81.33333333333333,1.29369056224823,-0.2796368398046975
UBFC_PHYS_s13_T2_ctrl,75,191,81.36666666666666,1.1223617792129517,-0.20369415977031663
UBFC_PHYS_s13_T2_ctrl,75,192,81.4,0.8441937565803528,-0.07066199366448912
UBFC_PHYS_s13_T2_ctrl,75,193,81.43333333333334,0.5475958585739136,0.07999518761335146
UBFC_PHYS_s13_T2_ctrl,75,194,81.46666666666667,0.2922237813472748,0.2070279465388648
UBFC_PHYS_s13_T2_ctrl,75,195,81.5,0.0787794217467308,0.27712167786687053
UBFC_PHYS_s13_T2_ctrl,75,196,81.53333333333333,-0.07597474008798599,0.271871616087102
UBFC_PHYS_s13_T2_ctrl,75,197,81.56666666666666,-0.16757047176361084,0.18985135005173687
UBFC_PHYS_s13_T2_ctrl,75,198,81.6,-0.2549648582935333,0.04345035084533593
UBFC_PHYS_s13_T2_ctrl,75,199,81.63333333333334,-0.3708525598049164,-0.14782765350151417
UBFC_PHYS_s13_T2_ctrl,75,200,81.66666666666667,-0.46719661355018616,-0.36473967695311627
UBFC_PHYS_s13_T2_ctrl,75,201,81.7,-0.5208649635314941,-0.5934151832229304
UBFC_PHYS_s13_T2_ctrl,75,202,81.73333333333333,-0.5635373592376709,-0.826143662462731
UBFC_PHYS_s13_T2_ctrl,75,203,81.76666666666667,-0.5895460844039917,-1.0574642569960655
UBFC_PHYS_s13_T2_ctrl,75,204,81.8,-0.5767378211021423,-1.2773038729732487
UBFC_PHYS_s13_T2_ctrl,75,205,81.83333333333333,-0.5790180563926697,-1.464615114426388
UBFC_PHYS_s13_T2_ctrl,75,206,81.86666666666666,-0.6580130457878113,-1.5853649068938205
UBFC_PHYS_s13_T2_ctrl,75,207,81.9,-0.762357771396637,-1.5973892705270571
UBFC_PHYS_s13_T2_ctrl,75,208,81.93333333333334,-0.7717720866203308,-1.4618704185897524
UBFC_PHYS_s13_T2_ctrl,75,209,81.96666666666667,-0.6648834943771362,-1.1581441454819046
UBFC_PHYS_s13_T2_ctrl,75,210,82.0,-0.5635308027267456,-0.6964396171853863
UBFC_PHYS_s13_T2_ctrl,75,211,82.03333333333333,-0.5719103813171387,-0.12256636607088743
UBFC_PHYS_s13_T2_ctrl,75,212,82.06666666666666,-0.6224120855331421,0.489808571455427
UBFC_PHYS_s13_T2_ctrl,75,213,82.1,-0.5862575173377991,1.058460249832091
UBFC_PHYS_s13_T2_ctrl,75,214,82.13333333333334,-0.4371710419654846,1.515324284417017
UBFC_PHYS_s13_T2_ctrl,75,215,82.16666666666667,-0.265779584646225,1.8215581552949867
UBFC_PHYS_s13_T2_ctrl,75,216,82.2,-0.16269361972808838,1.9693455335304673
UBFC_PHYS_s13_T2_ctrl,75,217,82.23333333333333,-0.13395977020263672,1.9733421508321263
UBFC_PHYS_s13_T2_ctrl,75,218,82.26666666666667,-0.13186734914779663,1.8588703970019047
UBFC_PHYS_s13_T2_ctrl,75,219,82.3,-0.1247827410697937,1.6527472250023618
UBFC_PHYS_s13_T2_ctrl,75,220,82.33333333333333,-0.10049407184123993,1.3788504815226312
UBFC_PHYS_s13_T2_ctrl,75,221,82.36666666666666,-0.0454285554587841,1.0573910089806624
UBFC_PHYS_s13_T2_ctrl,75,222,82.4,0.03689457103610039,0.7060581449671791
UBFC_PHYS_s13_T2_ctrl,75,223,82.43333333333334,0.12504355609416962,0.3418537380597073
UBFC_PHYS_s13_T2_ctrl,75,224,82.46666666666667,0.21078705787658691,-0.017096305838571673
UBFC_PHYS_s13_T2_ctrl,75,225,82.5,0.2948763966560364,-0.3504265115635813
UBFC_PHYS_s13_T2_ctrl,75,226,82.53333333333333,0.36161670088768005,-0.6357441588127808
UBFC_PHYS_s13_T2_ctrl,75,227,82.56666666666666,0.39222878217697144,-0.8505956492074482
UBFC_PHYS_s13_T2_ctrl,75,228,82.6,0.3806232213973999,-0.976216747399046
UBFC_PHYS_s13_T2_ctrl,75,229,82.63333333333334,0.32714924216270447,-1.0024153758326477
UBFC_PHYS_s13_T2_ctrl,75,230,82.66666666666667,0.24938663840293884,-0.9320857181121917
UBFC_PHYS_s13_T2_ctrl,75,231,82.7,0.18925975263118744,-0.7833543521034959
UBFC_PHYS_s13_T2_ctrl,75,232,82.73333333333333,0.16368596255779266,-0.5877476924587269
UBFC_PHYS_s13_T2_ctrl,75,233,82.76666666666667,0.1315910518169403,-0.3841521025880157
UBFC_PHYS_s13_T2_ctrl,75,234,82.8,0.04765987768769264,-0.21020906127738292
UBFC_PHYS_s13_T2_ctrl,75,235,82.83333333333333,-0.08490794152021408,-0.09406261853728344
UBFC_PHYS_s13_T2_ctrl,75,236,82.86666666666666,-0.23574745655059814,-0.04918998006920146
UBFC_PHYS_s13_T2_ctrl,75,237,82.9,-0.3723551332950592,-0.07350760993277279
UBFC_PHYS_s13_T2_ctrl,75,238,82.93333333333334,-0.47346070408821106,-0.1519762325012799
UBFC_PHYS_s13_T2_ctrl,75,239,82.96666666666667,-0.5414301156997681,-0.2608231085058001
UBFC_PHYS_s13_T2_ctrl,76,0,76.0,-0.14690648019313812,0.15731056287739975
UBFC_PHYS_s13_T2_ctrl,76,1,76.03333333333333,-0.1932925283908844,0.35848947926453106
UBFC_PHYS_s13_T2_ctrl,76,2,76.06666666666666,-0.2664419114589691,0.531072782578606
UBFC_PHYS_s13_T2_ctrl,76,3,76.1,-0.259492427110672,0.6559868868072181
UBFC_PHYS_s13_T2_ctrl,76,4,76.13333333333334,-0.16844038665294647,0.7224465938001646
UBFC_PHYS_s13_T2_ctrl,76,5,76.16666666666667,-0.08891156315803528,0.7295860765442744
UBFC_PHYS_s13_T2_ctrl,76,6,76.2,-0.06204937398433685,0.6851612512188133
UBFC_PHYS_s13_T2_ctrl,76,7,76.23333333333333,-0.06046110391616821,0.6017934956248797
UBFC_PHYS_s13_T2_ctrl,76,8,76.26666666666667,-0.11491371691226959,0.49224850658135466
UBFC_PHYS_s13_T2_ctrl,76,9,76.3,-0.2931525409221649,0.3654706369579765
UBFC_PHYS_s13_T2_ctrl,76,10,76.33333333333333,-0.5725759863853455,0.22446147714780684
UBFC_PHYS_s13_T2_ctrl,76,11,76.36666666666666,-0.8555352091789246,0.06630808267554762
UBFC_PHYS_s13_T2_ctrl,76,12,76.4,-1.1196197271347046,-0.11566073657982087
UBFC_PHYS_s13_T2_ctrl,76,13,76.43333333333334,-1.3430055379867554,-0.3277643811085765
UBFC_PHYS_s13_T2_ctrl,76,14,76.46666666666667,-1.4485958814620972,-0.5705436327414134
UBFC_PHYS_s13_T2_ctrl,76,15,76.5,-1.396631121635437,-0.833335723006991
UBFC_PHYS_s13_T2_ctrl,76,16,76.53333333333333,-1.3669878244400024,-1.0906854793420102
UBFC_PHYS_s13_T2_ctrl,76,17,76.56666666666666,-1.5299798250198364,-1.3025140382319214
UBFC_PHYS_s13_T2_ctrl,76,18,76.6,-1.9077508449554443,-1.4194658861612341
UBFC_PHYS_s13_T2_ctrl,76,19,76.63333333333334,-2.3785345554351807,-1.3936858968246975
UBFC_PHYS_s13_T2_ctrl,76,20,76.66666666666667,-2.7665138244628906,-1.1934614820381846
UBFC_PHYS_s13_T2_ctrl,76,21,76.7,-2.913086175918579,-0.8178651574214957
UBFC_PHYS_s13_T2_ctrl,76,22,76.73333333333333,-2.833540916442871,-0.3055615787541625
UBFC_PHYS_s13_T2_ctrl,76,23,76.76666666666667,-2.592772960662842,0.2680389406409419
UBFC_PHYS_s13_T2_ctrl,76,24,76.8,-1.6672762632369995,0.8077012935815243
UBFC_PHYS_s13_T2_ctrl,76,25,76.83333333333333,-0.3033280074596405,1.2250951832095394
UBFC_PHYS_s13_T2_ctrl,76,26,76.86666666666666,0.795560359954834,1.4641649815244655
UBFC_PHYS_s13_T2_ctrl,76,27,76.9,1.3411277532577515,1.513178413604421
UBFC_PHYS_s13_T2_ctrl,76,28,76.93333333333334,1.4986993074417114,1.3993882625948835
UBFC_PHYS_s13_T2_ctrl,76,29,76.96666666666667,1.440773606300354,1.1719586280586751
UBFC_PHYS_s13_T2_ctrl,76,30,77.0,1.3038396835327148,0.8825811160951154
UBFC_PHYS_s13_T2_ctrl,76,31,77.03333333333333,1.253726840019226,0.5711881991775136
UBFC_PHYS_s13_T2_ctrl,76,32,77.06666666666666,1.3060210943222046,0.26028291152322164
UBFC_PHYS_s13_T2_ctrl,76,33,77.1,1.2755770683288574,-0.0421659727936797
UBFC_PHYS_s13_T2_ctrl,76,34,77.13333333333334,1.109635829925537,-0.3339179839147366
UBFC_PHYS_s13_T2_ctrl,76,35,77.16666666666667,0.9201176166534424,-0.6079322505434366
UBFC_PHYS_s13_T2_ctrl,76,36,77.2,0.8066684007644653,-0.8447543808582031
UBFC_PHYS_s13_T2_ctrl,76,37,77.23333333333333,0.7219957709312439,-1.0115249603990524
UBFC_PHYS_s13_T2_ctrl,76,38,77.26666666666667,0.6067078113555908,-1.0689322796220375
UBFC_PHYS_s13_T2_ctrl,76,39,77.3,0.4899073839187622,-0.9843192054098979
UBFC_PHYS_s13_T2_ctrl,76,40,77.33333333333333,0.4073898494243622,-0.7464109642209986
UBFC_PHYS_s13_T2_ctrl,76,41,77.36666666666666,0.34078794717788696,-0.37570025470975926
UBFC_PHYS_s13_T2_ctrl,76,42,77.4,0.25828027725219727,0.07478748963508962
UBFC_PHYS_s13_T2_ctrl,76,43,77.43333333333334,0.17471818625926971,0.5302253236837015
UBFC_PHYS_s13_T2_ctrl,76,44,77.46666666666667,0.11316448450088501,0.9128412957967116
UBFC_PHYS_s13_T2_ctrl,76,45,77.5,0.07373782247304916,1.1615505493125278
UBFC_PHYS_s13_T2_ctrl,76,46,77.53333333333333,0.038766227662563324,1.2449993630845335
UBFC_PHYS_s13_T2_ctrl,76,47,77.56666666666666,0.007534644566476345,1.1642856998552753
UBFC_PHYS_s13_T2_ctrl,76,48,77.6,-0.015221770852804184,0.9464848132769619
UBFC_PHYS_s13_T2_ctrl,76,49,77.63333333333334,-0.029723795130848885,0.6333441634883876
UBFC_PHYS_s13_T2_ctrl,76,50,77.66666666666667,-0.038923900574445724,0.26969853760764223
UBFC_PHYS_s13_T2_ctrl,76,51,77.7,-0.0422586053609848,-0.10537645390067103
UBFC_PHYS_s13_T2_ctrl,76,52,77.73333333333333,-0.03769480064511299,-0.46305057175016306
UBFC_PHYS_s13_T2_ctrl,76,53,77.76666666666667,-0.024678897112607956,-0.784424875794329
UBFC_PHYS_s13_T2_ctrl,76,54,77.8,-0.003517341800034046,-1.0564485126976206
UBFC_PHYS_s13_T2_ctrl,76,55,77.83333333333333,0.024854036048054695,-1.2664499655218424
UBFC_PHYS_s13_T2_ctrl,76,56,77.86666666666666,0.05848120525479317,-1.3981734842433293
UBFC_PHYS_s13_T2_ctrl,76,57,77.9,0.09386469423770905,-1.4316044577027824
UBFC_PHYS_s13_T2_ctrl,76,58,77.93333333333334,0.1264934241771698,-1.3473414706794535
UBFC_PHYS_s13_T2_ctrl,76,59,77.96666666666667,0.1555732637643814,-1.1343738990611558
UBFC_PHYS_s13_T2_ctrl,76,60,78.0,0.17926551401615143,-0.7985018381813541
UBFC_PHYS_s13_T2_ctrl,76,61,78.03333333333333,0.19106219708919525,-0.36778205278663156
UBFC_PHYS_s13_T2_ctrl,76,62,78.06666666666666,0.18894341588020325,0.10826706215732995
UBFC_PHYS_s13_T2_ctrl,76,63,78.1,0.1827254295349121,0.5670045611917572
UBFC_PHYS_s13_T2_ctrl,76,64,78.13333333333334,0.1879548579454422,0.9466168809289109
UBFC_PHYS_s13_T2_ctrl,76,65,78.16666666666667,0.20958103239536285,1.2008483533810896
UBFC_PHYS_s13_T2_ctrl,76,66,78.2,0.24315547943115234,1.308891143818664
UBFC_PHYS_s13_T2_ctrl,76,67,78.23333333333333,0.29264888167381287,1.2768099210683321
UBFC_PHYS_s13_T2_ctrl,76,68,78.26666666666667,0.3728499114513397,1.130804575613237
UBFC_PHYS_s13_T2_ctrl,76,69,78.3,0.481198251247406,0.9061299278397784
UBFC_PHYS_s13_T2_ctrl,76,70,78.33333333333333,0.60210120677948,0.6366124377543132
UBFC_PHYS_s13_T2_ctrl,76,71,78.36666666666666,0.7391734719276428,0.348511185709427
UBFC_PHYS_s13_T2_ctrl,76,72,78.4,0.9289618730545044,0.060113763650502125
UBFC_PHYS_s13_T2_ctrl,76,73,78.43333333333334,1.1747087240219116,-0.21414239417035755
UBFC_PHYS_s13_T2_ctrl,76,74,78.46666666666667,1.442384958267212,-0.45823379580130164
UBFC_PHYS_s13_T2_ctrl,76,75,78.5,1.7129510641098022,-0.65142210451634
UBFC_PHYS_s13_T2_ctrl,76,76,78.53333333333333,2.0473313331604004,-0.7695719735949511
UBFC_PHYS_s13_T2_ctrl,76,77,78.56666666666666,2.476938486099243,-0.7907030096318582
UBFC_PHYS_s13_T2_ctrl,76,78,78.6,2.9706532955169678,-0.7026547109607604
UBFC_PHYS_s13_T2_ctrl,76,79,78.63333333333334,3.4558236598968506,-0.5097753320948046
UBFC_PHYS_s13_T2_ctrl,76,80,78.66666666666667,3.891549825668335,-0.23560571932788127
UBFC_PHYS_s13_T2_ctrl,76,81,78.7,4.268767356872559,0.08019235382122732
UBFC_PHYS_s13_T2_ctrl,76,82,78.73333333333333,4.544605731964111,0.39012521477394047
UBFC_PHYS_s13_T2_ctrl,76,83,78.76666666666667,4.6817240715026855,0.6495739088209564
UBFC_PHYS_s13_T2_ctrl,76,84,78.8,4.827436447143555,0.8260682888426227
UBFC_PHYS_s13_T2_ctrl,76,85,78.83333333333333,5.199253082275391,0.9040052181228121
UBFC_PHYS_s13_T2_ctrl,76,86,78.86666666666666,5.640936851501465,0.8838470270228499
UBFC_PHYS_s13_T2_ctrl,76,87,78.9,5.757256507873535,0.7771627509288778
UBFC_PHYS_s13_T2_ctrl,76,88,78.93333333333334,4.733959197998047,0.6001596079656408
UBFC_PHYS_s13_T2_ctrl,76,89,78.96666666666667,2.4175562858581543,0.3683706401978183
UBFC_PHYS_s13_T2_ctrl,76,90,79.0,-0.3012685179710388,0.09429854629808614
UBFC_PHYS_s13_T2_ctrl,76,91,79.03333333333333,-2.4341800212860107,-0.21150079055649704
UBFC_PHYS_s13_T2_ctrl,76,92,79.06666666666666,-3.5511422157287598,-0.536750439161207
UBFC_PHYS_s13_T2_ctrl,76,93,79.1,-3.8610262870788574,-0.8629929792858888
UBFC_PHYS_s13_T2_ctrl,76,94,79.13333333333334,-3.7263760566711426,-1.1624472239477255
UBFC_PHYS_s13_T2_ctrl,76,95,79.16666666666667,-3.466324806213379,-1.398099185612338
UBFC_PHYS_s13_T2_ctrl,76,96,79.2,-3.267253875732422,-1.5283168305043857
UBFC_PHYS_s13_T2_ctrl,76,97,79.23333333333333,-3.079284429550171,-1.5159227296533444
UBFC_PHYS_s13_T2_ctrl,76,98,79.26666666666667,-2.791362762451172,-1.3396151667888956
UBFC_PHYS_s13_T2_ctrl,76,99,79.3,-2.454636335372925,-1.0038492228252003
UBFC_PHYS_s13_T2_ctrl,76,100,79.33333333333333,-2.1658382415771484,-0.5429173219890684
UBFC_PHYS_s13_T2_ctrl,76,101,79.36666666666666,-1.9239333868026733,-0.01647281339671473
UBFC_PHYS_s13_T2_ctrl,76,102,79.4,-1.6621456146240234,0.5031995862072787
UBFC_PHYS_s13_T2_ctrl,76,103,79.43333333333334,-1.395019769668579,0.9482663138132909
UBFC_PHYS_s13_T2_ctrl,76,104,79.46666666666667,-1.1785602569580078,1.2704194137825613
UBFC_PHYS_s13_T2_ctrl,76,105,79.5,-1.024540901184082,1.4482381891549785
UBFC_PHYS_s13_T2_ctrl,76,106,79.53333333333333,-0.8811584115028381,1.485171132505073
UBFC_PHYS_s13_T2_ctrl,76,107,79.56666666666666,-0.7289876341819763,1.400967928151083
UBFC_PHYS_s13_T2_ctrl,76,108,79.6,-0.5886695981025696,1.2213223627165422
UBFC_PHYS_s13_T2_ctrl,76,109,79.63333333333334,-0.47123318910598755,0.969808344221661
UBFC_PHYS_s13_T2_ctrl,76,110,79.66666666666667,-0.35880210995674133,0.6643696300641787
UBFC_PHYS_s13_T2_ctrl,76,111,79.7,-0.23906897008419037,0.3186567413058606
UBFC_PHYS_s13_T2_ctrl,76,112,79.73333333333333,-0.12543189525604248,-0.05313532124567488
UBFC_PHYS_s13_T2_ctrl,76,113,79.76666666666667,-0.036666709929704666,-0.430390256957063
UBFC_PHYS_s13_T2_ctrl,76,114,79.8,0.022204723209142685,-0.7821025983974955
UBFC_PHYS_s13_T2_ctrl,76,115,79.83333333333333,0.0589260496199131,-1.0674404737674816
UBFC_PHYS_s13_T2_ctrl,76,116,79.86666666666666,0.07471977919340134,-1.2421295851929295
UBFC_PHYS_s13_T2_ctrl,76,117,79.9,0.06635335832834244,-1.269585399710663
UBFC_PHYS_s13_T2_ctrl,76,118,79.93333333333334,0.039833858609199524,-1.1330343773605296
UBFC_PHYS_s13_T2_ctrl,76,119,79.96666666666667,0.00862204935401678,-0.8435975574544281
UBFC_PHYS_s13_T2_ctrl,76,120,80.0,-0.027934521436691284,-0.4406683929915922
UBFC_PHYS_s13_T2_ctrl,76,121,80.03333333333333,-0.08935641497373581,0.01587220806538941
UBFC_PHYS_s13_T2_ctrl,76,122,80.06666666666666,-0.1788794845342636,0.4588183012565543
UBFC_PHYS_s13_T2_ctrl,76,123,80.1,-0.27345073223114014,0.8277080532956711
UBFC_PHYS_s13_T2_ctrl,76,124,80.13333333333334,-0.36169198155403137,1.0797733940601568
UBFC_PHYS_s13_T2_ctrl,76,125,80.16666666666667,-0.4661915898323059,1.19545723664278
UBFC_PHYS_s13_T2_ctrl,76,126,80.2,-0.6032506823539734,1.177959878643227
UBFC_PHYS_s13_T2_ctrl,76,127,80.23333333333333,-0.7504885792732239,1.0476777078472945
UBFC_PHYS_s13_T2_ctrl,76,128,80.26666666666667,-0.8833727836608887,0.8334830441939828
UBFC_PHYS_s13_T2_ctrl,76,129,80.3,-1.0170378684997559,0.5636047666008989
UBFC_PHYS_s13_T2_ctrl,76,130,80.33333333333333,-1.1913917064666748,0.2591667550187208
UBFC_PHYS_s13_T2_ctrl,76,131,80.36666666666666,-1.4273024797439575,-0.06737020011154946
UBFC_PHYS_s13_T2_ctrl,76,132,80.4,-1.6436301469802856,-0.40865416804856547
UBFC_PHYS_s13_T2_ctrl,76,133,80.43333333333334,-1.65983247756958,-0.75575579461507
UBFC_PHYS_s13_T2_ctrl,76,134,80.46666666666667,-1.4031752347946167,-1.0914568219744396
UBFC_PHYS_s13_T2_ctrl,76,135,80.5,-1.0335861444473267,-1.3864337013079882
UBFC_PHYS_s13_T2_ctrl,76,136,80.53333333333333,-0.7604663372039795,-1.6002079325052136
UBFC_PHYS_s13_T2_ctrl,76,137,80.56666666666666,-0.6319812536239624,-1.6874918519317874
UBFC_PHYS_s13_T2_ctrl,76,138,80.6,-0.589717447757721,-1.609370663482679
UBFC_PHYS_s13_T2_ctrl,76,139,80.63333333333334,-0.5517901182174683,-1.3470739430991125
UBFC_PHYS_s13_T2_ctrl,76,140,80.66666666666667,-0.4624515771865845,-0.9138378024252132
UBFC_PHYS_s13_T2_ctrl,76,141,80.7,-0.3494800925254822,-0.3590485736273471
UBFC_PHYS_s13_T2_ctrl,76,142,80.73333333333333,-0.29734399914741516,0.23963913105082332
UBFC_PHYS_s13_T2_ctrl,76,143,80.76666666666667,-0.3148874342441559,0.7954869734393931
UBFC_PHYS_s13_T2_ctrl,76,144,80.8,-0.26999080181121826,1.2358572586442826
UBFC_PHYS_s13_T2_ctrl,76,145,80.83333333333333,-0.07905901968479156,1.5191315454536523
UBFC_PHYS_s13_T2_ctrl,76,146,80.86666666666666,0.13352860510349274,1.6388977560142806
UBFC_PHYS_s13_T2_ctrl,76,147,80.9,0.19819623231887817,1.6160806110084895
UBFC_PHYS_s13_T2_ctrl,76,148,80.93333333333334,0.1310638189315796,1.484805888033828
UBFC_PHYS_s13_T2_ctrl,76,149,80.96666666666667,0.0654241144657135,1.2788483373465769
UBFC_PHYS_s13_T2_ctrl,76,150,81.0,0.06162808835506439,1.0233097686214336
UBFC_PHYS_s13_T2_ctrl,76,151,81.03333333333333,0.11321720480918884,0.7327638880719926
UBFC_PHYS_s13_T2_ctrl,76,152,81.06666666666666,0.24047650396823883,0.4144604582009554
UBFC_PHYS_s13_T2_ctrl,76,153,81.1,0.4740312695503235,0.07403793418734309
UBFC_PHYS_s13_T2_ctrl,76,154,81.13333333333334,0.7808507680892944,-0.27869731640111695
UBFC_PHYS_s13_T2_ctrl,76,155,81.16666666666667,1.0692898035049438,-0.6256207044970137
UBFC_PHYS_s13_T2_ctrl,76,156,81.2,1.2613815069198608,-0.9387171780548708
UBFC_PHYS_s13_T2_ctrl,76,157,81.23333333333333,1.342748999595642,-1.1816708266382518
UBFC_PHYS_s13_T2_ctrl,76,158,81.26666666666667,1.3577783107757568,-1.315085250373059
UBFC_PHYS_s13_T2_ctrl,76,159,81.3,1.3506574630737305,-1.3052791896750566
UBFC_PHYS_s13_T2_ctrl,76,160,81.33333333333333,1.29369056224823,-1.135217827487343
UBFC_PHYS_s13_T2_ctrl,76,161,81.36666666666666,1.1223617792129517,-0.8143280425302164
UBFC_PHYS_s13_T2_ctrl,76,162,81.4,0.8441937565803528,-0.3828046102172164
UBFC_PHYS_s13_T2_ctrl,76,163,81.43333333333334,0.5475958585739136,0.09322231935096313
UBFC_PHYS_s13_T2_ctrl,76,164,81.46666666666667,0.2922237813472748,0.5361237819350229
UBFC_PHYS_s13_T2_ctrl,76,165,81.5,0.0787794217467308,0.8766519035486929
UBFC_PHYS_s13_T2_ctrl,76,166,81.53333333333333,-0.07597474008798599,1.0713889181786973
UBFC_PHYS_s13_T2_ctrl,76,167,81.56666666666666,-0.16757047176361084,1.1102882958358258
UBFC_PHYS_s13_T2_ctrl,76,168,81.6,-0.2549648582935333,1.0121233055312286
UBFC_PHYS_s13_T2_ctrl,76,169,81.63333333333334,-0.3708525598049164,0.8117955892090252
UBFC_PHYS_s13_T2_ctrl,76,170,81.66666666666667,-0.46719661355018616,0.5460750076662252
UBFC_PHYS_s13_T2_ctrl,76,171,81.7,-0.5208649635314941,0.24335405379343666
UBFC_PHYS_s13_T2_ctrl,76,172,81.73333333333333,-0.5635373592376709,-0.07959110323270674
UBFC_PHYS_s13_T2_ctrl,76,173,81.76666666666667,-0.5895460844039917,-0.41383106911734335
UBFC_PHYS_s13_T2_ctrl,76,174,81.8,-0.5767378211021423,-0.7501853782652722
UBFC_PHYS_s13_T2_ctrl,76,175,81.83333333333333,-0.5790180563926697,-1.0710190284382575
UBFC_PHYS_s13_T2_ctrl,76,176,81.86666666666666,-0.6580130457878113,-1.3460379852713387
UBFC_PHYS_s13_T2_ctrl,76,177,81.9,-0.762357771396637,-1.534598643342075
UBFC_PHYS_s13_T2_ctrl,76,178,81.93333333333334,-0.7717720866203308,-1.5945962155001354
UBFC_PHYS_s13_T2_ctrl,76,179,81.96666666666667,-0.6648834943771362,-1.4953781184674946
UBFC_PHYS_s13_T2_ctrl,76,180,82.0,-0.5635308027267456,-1.2301099752405913
UBFC_PHYS_s13_T2_ctrl,76,181,82.03333333333333,-0.5719103813171387,-0.8224239502067708
UBFC_PHYS_s13_T2_ctrl,76,182,82.06666666666666,-0.6224120855331421,-0.32364306636893925
UBFC_PHYS_s13_T2_ctrl,76,183,82.1,-0.5862575173377991,0.19944005278928206
UBFC_PHYS_s13_T2_ctrl,76,184,82.13333333333334,-0.4371710419654846,0.6815894605504108
UBFC_PHYS_s13_T2_ctrl,76,185,82.16666666666667,-0.265779584646225,1.0737460003078334
UBFC_PHYS_s13_T2_ctrl,76,186,82.2,-0.16269361972808838,1.349685611439285
UBFC_PHYS_s13_T2_ctrl,76,187,82.23333333333333,-0.13395977020263672,1.5037399294551377
UBFC_PHYS_s13_T2_ctrl,76,188,82.26666666666667,-0.13186734914779663,1.543077949647132
UBFC_PHYS_s13_T2_ctrl,76,189,82.3,-0.1247827410697937,1.4799566368859247
UBFC_PHYS_s13_T2_ctrl,76,190,82.33333333333333,-0.10049407184123993,1.3278946836293373
UBFC_PHYS_s13_T2_ctrl,76,191,82.36666666666666,-0.0454285554587841,1.1022649356674634
UBFC_PHYS_s13_T2_ctrl,76,192,82.4,0.03689457103610039,0.8227263886007593
UBFC_PHYS_s13_T2_ctrl,76,193,82.43333333333334,0.12504355609416962,0.5142009346902972
UBFC_PHYS_s13_T2_ctrl,76,194,82.46666666666667,0.21078705787658691,0.20499699392355167
UBFC_PHYS_s13_T2_ctrl,76,195,82.5,0.2948763966560364,-0.07692366273884281
UBFC_PHYS_s13_T2_ctrl,76,196,82.53333333333333,0.36161670088768005,-0.30776525055024
UBFC_PHYS_s13_T2_ctrl,76,197,82.56666666666666,0.39222878217697144,-0.4706851571144432
UBFC_PHYS_s13_T2_ctrl,76,198,82.6,0.3806232213973999,-0.5572839004447304
UBFC_PHYS_s13_T2_ctrl,76,199,82.63333333333334,0.32714924216270447,-0.5679976680753014
UBFC_PHYS_s13_T2_ctrl,76,200,82.66666666666667,0.24938663840293884,-0.5116370954219551
UBFC_PHYS_s13_T2_ctrl,76,201,82.7,0.18925975263118744,-0.4041257382210965
UBFC_PHYS_s13_T2_ctrl,76,202,82.73333333333333,0.16368596255779266,-0.26634737462070096
UBFC_PHYS_s13_T2_ctrl,76,203,82.76666666666667,0.1315910518169403,-0.12113485406552878
UBFC_PHYS_s13_T2_ctrl,76,204,82.8,0.04765987768769264,0.010158670371281823
UBFC_PHYS_s13_T2_ctrl,76,205,82.83333333333333,-0.08490794152021408,0.11062753650182455
UBFC_PHYS_s13_T2_ctrl,76,206,82.86666666666666,-0.23574745655059814,0.16933651807717073
UBFC_PHYS_s13_T2_ctrl,76,207,82.9,-0.3723551332950592,0.18089058328267338
UBFC_PHYS_s13_T2_ctrl,76,208,82.93333333333334,-0.47346070408821106,0.14349637558505557
UBFC_PHYS_s13_T2_ctrl,76,209,82.96666666666667,-0.5414301156997681,0.05682029421869111
UBFC_PHYS_s13_T2_ctrl,76,210,83.0,-0.5990691184997559,-0.0788613753249123
UBFC_PHYS_s13_T2_ctrl,76,211,83.03333333333333,-0.6553077101707458,-0.26130816580683336
UBFC_PHYS_s13_T2_ctrl,76,212,83.06666666666666,-0.6756125688552856,-0.4829326231780933
UBFC_PHYS_s13_T2_ctrl,76,213,83.1,-0.6294274926185608,-0.7267230349317191
UBFC_PHYS_s13_T2_ctrl,76,214,83.13333333333334,-0.5450844168663025,-0.9635879560963158
UBFC_PHYS_s13_T2_ctrl,76,215,83.16666666666667,-0.4675755500793457,-1.1533371844270957
UBFC_PHYS_s13_T2_ctrl,76,216,83.2,-0.393510103225708,-1.2507286572304226
UBFC_PHYS_s13_T2_ctrl,76,217,83.23333333333333,-0.28872382640838623,-1.2162416456658542
UBFC_PHYS_s13_T2_ctrl,76,218,83.26666666666667,-0.13422009348869324,-1.0288927484481454
UBFC_PHYS_s13_T2_ctrl,76,219,83.3,0.059611447155475616,-0.6966575127043002
UBFC_PHYS_s13_T2_ctrl,76,220,83.33333333333333,0.24874408543109894,-0.2599889989590309
UBFC_PHYS_s13_T2_ctrl,76,221,83.36666666666666,0.36789727210998535,0.21431109267377482
UBFC_PHYS_s13_T2_ctrl,76,222,83.4,0.39131930470466614,0.6484813907340896
UBFC_PHYS_s13_T2_ctrl,76,223,83.43333333333334,0.3635410666465759,0.9742183228784808
UBFC_PHYS_s13_T2_ctrl,76,224,83.46666666666667,0.32682961225509644,1.150779898432103
UBFC_PHYS_s13_T2_ctrl,76,225,83.5,0.26981666684150696,1.173549125691131
UBFC_PHYS_s13_T2_ctrl,76,226,83.53333333333333,0.1786130666732788,1.0701169155064587
UBFC_PHYS_s13_T2_ctrl,76,227,83.56666666666666,0.07046572118997574,0.886656829382052
UBFC_PHYS_s13_T2_ctrl,76,228,83.6,-0.04287150874733925,0.6709669992168917
UBFC_PHYS_s13_T2_ctrl,76,229,83.63333333333334,-0.15287402272224426,0.4588786413895222
UBFC_PHYS_s13_T2_ctrl,76,230,83.66666666666667,-0.24485528469085693,0.268409829233951
UBFC_PHYS_s13_T2_ctrl,76,231,83.7,-0.3180837631225586,0.10236403199720438
UBFC_PHYS_s13_T2_ctrl,76,232,83.73333333333333,-0.3796473443508148,-0.0434445834296804
UBFC_PHYS_s13_T2_ctrl,76,233,83.76666666666667,-0.4123452603816986,-0.1711399132740143
UBFC_PHYS_s13_T2_ctrl,76,234,83.8,-0.387835830450058,-0.27543036600893217
UBFC_PHYS_s13_T2_ctrl,76,235,83.83333333333333,-0.3252902925014496,-0.3441891012314847
UBFC_PHYS_s13_T2_ctrl,76,236,83.86666666666666,-0.28329998254776,-0.3640333116409968
UBFC_PHYS_s13_T2_ctrl,76,237,83.9,-0.2804397940635681,-0.3275830127114877
UBFC_PHYS_s13_T2_ctrl,76,238,83.93333333333334,-0.25846102833747864,-0.23866732040039257
UBFC_PHYS_s13_T2_ctrl,76,239,83.96666666666667,-0.1449030190706253,-0.11315471930861051
UBFC_PHYS_s13_T2_ctrl,77,0,77.0,1.3038396835327148,0.10685265512571268
UBFC_PHYS_s13_T2_ctrl,77,1,77.03333333333333,1.253726840019226,-0.046426399161993655
UBFC_PHYS_s13_T2_ctrl,77,2,77.06666666666666,1.3060210943222046,-0.1917074355275016
UBFC_PHYS_s13_T2_ctrl,77,3,77.1,1.2755770683288574,-0.3188537466285292
UBFC_PHYS_s13_T2_ctrl,77,4,77.13333333333334,1.109635829925537,-0.41604046197382993
UBFC_PHYS_s13_T2_ctrl,77,5,77.16666666666667,0.9201176166534424,-0.47174377494931713
UBFC_PHYS_s13_T2_ctrl,77,6,77.2,0.8066684007644653,-0.4774025710435354
UBFC_PHYS_s13_T2_ctrl,77,7,77.23333333333333,0.7219957709312439,-0.4294216242930017
UBFC_PHYS_s13_T2_ctrl,77,8,77.26666666666667,0.6067078113555908,-0.33004775380416623
UBFC_PHYS_s13_T2_ctrl,77,9,77.3,0.4899073839187622,-0.1875020506452203
UBFC_PHYS_s13_T2_ctrl,77,10,77.33333333333333,0.4073898494243622,-0.0158772069077517
UBFC_PHYS_s13_T2_ctrl,77,11,77.36666666666666,0.34078794717788696,0.1652651068571467
UBFC_PHYS_s13_T2_ctrl,77,12,77.4,0.25828027725219727,0.33232244229904484
UBFC_PHYS_s13_T2_ctrl,77,13,77.43333333333334,0.17471818625926971,0.4607673583665004
UBFC_PHYS_s13_T2_ctrl,77,14,77.46666666666667,0.11316448450088501,0.5296084646944709
UBFC_PHYS_s13_T2_ctrl,77,15,77.5,0.07373782247304916,0.5258407005810402
UBFC_PHYS_s13_T2_ctrl,77,16,77.53333333333333,0.038766227662563324,0.4474168891371051
UBFC_PHYS_s13_T2_ctrl,77,17,77.56666666666666,0.007534644566476345,0.3037944250315304
UBFC_PHYS_s13_T2_ctrl,77,18,77.6,-0.015221770852804184,0.11370540805342338
UBFC_PHYS_s13_T2_ctrl,77,19,77.63333333333334,-0.029723795130848885,-0.09941999839046593
UBFC_PHYS_s13_T2_ctrl,77,20,77.66666666666667,-0.038923900574445724,-0.31291898683524877
UBFC_PHYS_s13_T2_ctrl,77,21,77.7,-0.0422586053609848,-0.5092342904070029
UBFC_PHYS_s13_T2_ctrl,77,22,77.73333333333333,-0.03769480064511299,-0.6776264648029585
UBFC_PHYS_s13_T2_ctrl,77,23,77.76666666666667,-0.024678897112607956,-0.8129626454386969
UBFC_PHYS_s13_T2_ctrl,77,24,77.8,-0.003517341800034046,-0.9124404901870771
UBFC_PHYS_s13_T2_ctrl,77,25,77.83333333333333,0.024854036048054695,-0.9719130975207837
UBFC_PHYS_s13_T2_ctrl,77,26,77.86666666666666,0.05848120525479317,-0.9837730077970651
UBFC_PHYS_s13_T2_ctrl,77,27,77.9,0.09386469423770905,-0.9377855922995822
UBFC_PHYS_s13_T2_ctrl,77,28,77.93333333333334,0.1264934241771698,-0.8248409629529972
UBFC_PHYS_s13_T2_ctrl,77,29,77.96666666666667,0.1555732637643814,-0.64212068435512
UBFC_PHYS_s13_T2_ctrl,77,30,78.0,0.17926551401615143,-0.3974644151453788
UBFC_PHYS_s13_T2_ctrl,77,31,78.03333333333333,0.19106219708919525,-0.11081272740946445
UBFC_PHYS_s13_T2_ctrl,77,32,78.06666666666666,0.18894341588020325,0.18863117169033852
UBFC_PHYS_s13_T2_ctrl,77,33,78.1,0.1827254295349121,0.46912972173589296
UBFC_PHYS_s13_T2_ctrl,77,34,78.13333333333334,0.1879548579454422,0.7042976110578053
UBFC_PHYS_s13_T2_ctrl,77,35,78.16666666666667,0.20958103239536285,0.878435808119851
UBFC_PHYS_s13_T2_ctrl,77,36,78.2,0.24315547943115234,0.9872444657956225
UBFC_PHYS_s13_T2_ctrl,77,37,78.23333333333333,0.29264888167381287,1.034633413948909
UBFC_PHYS_s13_T2_ctrl,77,38,78.26666666666667,0.3728499114513397,1.028081658779521
UBFC_PHYS_s13_T2_ctrl,77,39,78.3,0.481198251247406,0.9750219599790209
UBFC_PHYS_s13_T2_ctrl,77,40,78.33333333333333,0.60210120677948,0.8815721496246957
UBFC_PHYS_s13_T2_ctrl,77,41,78.36666666666666,0.7391734719276428,0.7535093417800852
UBFC_PHYS_s13_T2_ctrl,77,42,78.4,0.9289618730545044,0.5984305605037231
UBFC_PHYS_s13_T2_ctrl,77,43,78.43333333333334,1.1747087240219116,0.42772194675727016
UBFC_PHYS_s13_T2_ctrl,77,44,78.46666666666667,1.442384958267212,0.25711337469638523
UBFC_PHYS_s13_T2_ctrl,77,45,78.5,1.7129510641098022,0.1051259688669887
UBFC_PHYS_s13_T2_ctrl,77,46,78.53333333333333,2.0473313331604004,-0.010474496352213983
UBFC_PHYS_s13_T2_ctrl,77,47,78.56666666666666,2.476938486099243,-0.0772269635246504
UBFC_PHYS_s13_T2_ctrl,77,48,78.6,2.9706532955169678,-0.0918984627306484
UBFC_PHYS_s13_T2_ctrl,77,49,78.63333333333334,3.4558236598968506,-0.062140205068454496
UBFC_PHYS_s13_T2_ctrl,77,50,78.66666666666667,3.891549825668335,-0.005004811938258188
UBFC_PHYS_s13_T2_ctrl,77,51,78.7,4.268767356872559,0.05731325767174664
UBFC_PHYS_s13_T2_ctrl,77,52,78.73333333333333,4.544605731964111,0.10303351242354426
UBFC_PHYS_s13_T2_ctrl,77,53,78.76666666666667,4.6817240715026855,0.11569626805591984
UBFC_PHYS_s13_T2_ctrl,77,54,78.8,4.827436447143555,0.08688500131893556
UBFC_PHYS_s13_T2_ctrl,77,55,78.83333333333333,5.199253082275391,0.016230808894160006
UBFC_PHYS_s13_T2_ctrl,77,56,78.86666666666666,5.640936851501465,-0.09078391708861086
UBFC_PHYS_s13_T2_ctrl,77,57,78.9,5.757256507873535,-0.22610242661040836
UBFC_PHYS_s13_T2_ctrl,77,58,78.93333333333334,4.733959197998047,-0.38229395285724005
UBFC_PHYS_s13_T2_ctrl,77,59,78.96666666666667,2.4175562858581543,-0.5546132210076801
UBFC_PHYS_s13_T2_ctrl,77,60,79.0,-0.3012685179710388,-0.7408290129432785
UBFC_PHYS_s13_T2_ctrl,77,61,79.03333333333333,-2.4341800212860107,-0.9381489825665642
UBFC_PHYS_s13_T2_ctrl,77,62,79.06666666666666,-3.5511422157287598,-1.1378889779755974
UBFC_PHYS_s13_T2_ctrl,77,63,79.1,-3.8610262870788574,-1.3202099632404956
UBFC_PHYS_s13_T2_ctrl,77,64,79.13333333333334,-3.7263760566711426,-1.4522248634479995
UBFC_PHYS_s13_T2_ctrl,77,65,79.16666666666667,-3.466324806213379,-1.4922551521230143
UBFC_PHYS_s13_T2_ctrl,77,66,79.2,-3.267253875732422,-1.4007976084284373
UBFC_PHYS_s13_T2_ctrl,77,67,79.23333333333333,-3.079284429550171,-1.1554742693291422
UBFC_PHYS_s13_T2_ctrl,77,68,79.26666666666667,-2.791362762451172,-0.764238105034033
UBFC_PHYS_s13_T2_ctrl,77,69,79.3,-2.454636335372925,-0.2701023919027733
UBFC_PHYS_s13_T2_ctrl,77,70,79.33333333333333,-2.1658382415771484,0.2570175170612547
UBFC_PHYS_s13_T2_ctrl,77,71,79.36666666666666,-1.9239333868026733,0.7399317267178243
UBFC_PHYS_s13_T2_ctrl,77,72,79.4,-1.6621456146240234,1.1169650122264383
UBFC_PHYS_s13_T2_ctrl,77,73,79.43333333333334,-1.395019769668579,1.3572052145815765
UBFC_PHYS_s13_T2_ctrl,77,74,79.46666666666667,-1.1785602569580078,1.462483032510448
UBFC_PHYS_s13_T2_ctrl,77,75,79.5,-1.024540901184082,1.4580285027869404
UBFC_PHYS_s13_T2_ctrl,77,76,79.53333333333333,-0.8811584115028381,1.378052886811217
UBFC_PHYS_s13_T2_ctrl,77,77,79.56666666666666,-0.7289876341819763,1.2525573128305982
UBFC_PHYS_s13_T2_ctrl,77,78,79.6,-0.5886695981025696,1.099502070524486
UBFC_PHYS_s13_T2_ctrl,77,79,79.63333333333334,-0.47123318910598755,0.923673186469358
UBFC_PHYS_s13_T2_ctrl,77,80,79.66666666666667,-0.35880210995674133,0.7211521713778977
UBFC_PHYS_s13_T2_ctrl,77,81,79.7,-0.23906897008419037,0.4868798589318615
UBFC_PHYS_s13_T2_ctrl,77,82,79.73333333333333,-0.12543189525604248,0.22250636188751605
UBFC_PHYS_s13_T2_ctrl,77,83,79.76666666666667,-0.036666709929704666,-0.057931939267819435
UBFC_PHYS_s13_T2_ctrl,77,84,79.8,0.022204723209142685,-0.32642798060602846
UBFC_PHYS_s13_T2_ctrl,77,85,79.83333333333333,0.0589260496199131,-0.5446539069389675
UBFC_PHYS_s13_T2_ctrl,77,86,79.86666666666666,0.07471977919340134,-0.6727118125469628
UBFC_PHYS_s13_T2_ctrl,77,87,79.9,0.06635335832834244,-0.6810487644478947
UBFC_PHYS_s13_T2_ctrl,77,88,79.93333333333334,0.039833858609199524,-0.5617754491317831
UBFC_PHYS_s13_T2_ctrl,77,89,79.96666666666667,0.00862204935401678,-0.33490410913980256
UBFC_PHYS_s13_T2_ctrl,77,90,80.0,-0.027934521436691284,-0.04628422722126113
UBFC_PHYS_s13_T2_ctrl,77,91,80.03333333333333,-0.08935641497373581,0.24294295701190716
UBFC_PHYS_s13_T2_ctrl,77,92,80.06666666666666,-0.1788794845342636,0.4720095385083722
UBFC_PHYS_s13_T2_ctrl,77,93,80.1,-0.27345073223114014,0.5958740536679352
UBFC_PHYS_s13_T2_ctrl,77,94,80.13333333333334,-0.36169198155403137,0.5953869919285668
UBFC_PHYS_s13_T2_ctrl,77,95,80.16666666666667,-0.4661915898323059,0.47968108904265616
UBFC_PHYS_s13_T2_ctrl,77,96,80.2,-0.6032506823539734,0.28070157085342473
UBFC_PHYS_s13_T2_ctrl,77,97,80.23333333333333,-0.7504885792732239,0.0419223042910624
UBFC_PHYS_s13_T2_ctrl,77,98,80.26666666666667,-0.8833727836608887,-0.1951099648265005
UBFC_PHYS_s13_T2_ctrl,77,99,80.3,-1.0170378684997559,-0.4021315820796625
UBFC_PHYS_s13_T2_ctrl,77,100,80.33333333333333,-1.1913917064666748,-0.5698540916603324
UBFC_PHYS_s13_T2_ctrl,77,101,80.36666666666666,-1.4273024797439575,-0.7063656548435483
UBFC_PHYS_s13_T2_ctrl,77,102,80.4,-1.6436301469802856,-0.8291861553584137
UBFC_PHYS_s13_T2_ctrl,77,103,80.43333333333334,-1.65983247756958,-0.9541457067671596
UBFC_PHYS_s13_T2_ctrl,77,104,80.46666666666667,-1.4031752347946167,-1.0852557677434846
UBFC_PHYS_s13_T2_ctrl,77,105,80.5,-1.0335861444473267,-1.2092064377222054
UBFC_PHYS_s13_T2_ctrl,77,106,80.53333333333333,-0.7604663372039795,-1.2963956333486801
UBFC_PHYS_s13_T2_ctrl,77,107,80.56666666666666,-0.6319812536239624,-1.3083848051432003
UBFC_PHYS_s13_T2_ctrl,77,108,80.6,-0.589717447757721,-1.2100402819601406
UBFC_PHYS_s13_T2_ctrl,77,109,80.63333333333334,-0.5517901182174683,-0.9831219062906782
UBFC_PHYS_s13_T2_ctrl,77,110,80.66666666666667,-0.4624515771865845,-0.6366599704361837
UBFC_PHYS_s13_T2_ctrl,77,111,80.7,-0.3494800925254822,-0.2091874167906011
UBFC_PHYS_s13_T2_ctrl,77,112,80.73333333333333,-0.29734399914741516,0.23996942261094448
UBFC_PHYS_s13_T2_ctrl,77,113,80.76666666666667,-0.3148874342441559,0.6483150865719842
UBFC_PHYS_s13_T2_ctrl,77,114,80.8,-0.26999080181121826,0.9691810492842625
UBFC_PHYS_s13_T2_ctrl,77,115,80.83333333333333,-0.07905901968479156,1.18297176221779
UBFC_PHYS_s13_T2_ctrl,77,116,80.86666666666666,0.13352860510349274,1.2962608285686592
UBFC_PHYS_s13_T2_ctrl,77,117,80.9,0.19819623231887817,1.3313068718783745
UBFC_PHYS_s13_T2_ctrl,77,118,80.93333333333334,0.1310638189315796,1.3124673650278296
UBFC_PHYS_s13_T2_ctrl,77,119,80.96666666666667,0.0654241144657135,1.255846417535654
UBFC_PHYS_s13_T2_ctrl,77,120,81.0,0.06162808835506439,1.1658940293964177
UBFC_PHYS_s13_T2_ctrl,77,121,81.03333333333333,0.11321720480918884,1.0390537158705426
UBFC_PHYS_s13_T2_ctrl,77,122,81.06666666666666,0.24047650396823883,0.871335084681388
UBFC_PHYS_s13_T2_ctrl,77,123,81.1,0.4740312695503235,0.665386920462934
UBFC_PHYS_s13_T2_ctrl,77,124,81.13333333333334,0.7808507680892944,0.43381809936177945
UBFC_PHYS_s13_T2_ctrl,77,125,81.16666666666667,1.0692898035049438,0.19796433993916823
UBFC_PHYS_s13_T2_ctrl,77,126,81.2,1.2613815069198608,-0.016653640871475313
UBFC_PHYS_s13_T2_ctrl,77,127,81.23333333333333,1.342748999595642,-0.18608949048839693
UBFC_PHYS_s13_T2_ctrl,77,128,81.26666666666667,1.3577783107757568,-0.29313288347933986
UBFC_PHYS_s13_T2_ctrl,77,129,81.3,1.3506574630737305,-0.3308353786267997
UBFC_PHYS_s13_T2_ctrl,77,130,81.33333333333333,1.29369056224823,-0.3039997421697325
UBFC_PHYS_s13_T2_ctrl,77,131,81.36666666666666,1.1223617792129517,-0.22853665652302577
UBFC_PHYS_s13_T2_ctrl,77,132,81.4,0.8441937565803528,-0.1287148391482194
UBFC_PHYS_s13_T2_ctrl,77,133,81.43333333333334,0.5475958585739136,-0.03250852385738002
UBFC_PHYS_s13_T2_ctrl,77,134,81.46666666666667,0.2922237813472748,0.034328084300750246
UBFC_PHYS_s13_T2_ctrl,77,135,81.5,0.0787794217467308,0.05412637682017814
UBFC_PHYS_s13_T2_ctrl,77,136,81.53333333333333,-0.07597474008798599,0.021142199568018986
UBFC_PHYS_s13_T2_ctrl,77,137,81.56666666666666,-0.16757047176361084,-0.05839790798512322
UBFC_PHYS_s13_T2_ctrl,77,138,81.6,-0.2549648582935333,-0.1703963976399853
UBFC_PHYS_s13_T2_ctrl,77,139,81.63333333333334,-0.3708525598049164,-0.2995652215382603
UBFC_PHYS_s13_T2_ctrl,77,140,81.66666666666667,-0.46719661355018616,-0.4358079802802722
UBFC_PHYS_s13_T2_ctrl,77,141,81.7,-0.5208649635314941,-0.5773894787912263
UBFC_PHYS_s13_T2_ctrl,77,142,81.73333333333333,-0.5635373592376709,-0.7292742543075678
UBFC_PHYS_s13_T2_ctrl,77,143,81.76666666666667,-0.5895460844039917,-0.8970684972099361
UBFC_PHYS_s13_T2_ctrl,77,144,81.8,-0.5767378211021423,-1.0789565189203838
UBFC_PHYS_s13_T2_ctrl,77,145,81.83333333333333,-0.5790180563926697,-1.2591597857214547
UBFC_PHYS_s13_T2_ctrl,77,146,81.86666666666666,-0.6580130457878113,-1.4062991701684426
UBFC_PHYS_s13_T2_ctrl,77,147,81.9,-0.762357771396637,-1.4784928112494056
UBFC_PHYS_s13_T2_ctrl,77,148,81.93333333333334,-0.7717720866203308,-1.4344759220869043
UBFC_PHYS_s13_T2_ctrl,77,149,81.96666666666667,-0.6648834943771362,-1.24746407764399
UBFC_PHYS_s13_T2_ctrl,77,150,82.0,-0.5635308027267456,-0.9169140429758781
UBFC_PHYS_s13_T2_ctrl,77,151,82.03333333333333,-0.5719103813171387,-0.4732580004096931
UBFC_PHYS_s13_T2_ctrl,77,152,82.06666666666666,-0.6224120855331421,0.027583908679286534
UBFC_PHYS_s13_T2_ctrl,77,153,82.1,-0.5862575173377991,0.5191623614959548
UBFC_PHYS_s13_T2_ctrl,77,154,82.13333333333334,-0.4371710419654846,0.9431411380716698
UBFC_PHYS_s13_T2_ctrl,77,155,82.16666666666667,-0.265779584646225,1.263418213541015
UBFC_PHYS_s13_T2_ctrl,77,156,82.2,-0.16269361972808838,1.4702219335635707
UBFC_PHYS_s13_T2_ctrl,77,157,82.23333333333333,-0.13395977020263672,1.574321878588124
UBFC_PHYS_s13_T2_ctrl,77,158,82.26666666666667,-0.13186734914779663,1.5960914484562987
UBFC_PHYS_s13_T2_ctrl,77,159,82.3,-0.1247827410697937,1.5554004431239785
UBFC_PHYS_s13_T2_ctrl,77,160,82.33333333333333,-0.10049407184123993,1.4662025106660221
UBFC_PHYS_s13_T2_ctrl,77,161,82.36666666666666,-0.0454285554587841,1.3363026956575397
UBFC_PHYS_s13_T2_ctrl,77,162,82.4,0.03689457103610039,1.170431548262177
UBFC_PHYS_s13_T2_ctrl,77,163,82.43333333333334,0.12504355609416962,0.9740557870197707
UBFC_PHYS_s13_T2_ctrl,77,164,82.46666666666667,0.21078705787658691,0.7558742939218415
UBFC_PHYS_s13_T2_ctrl,77,165,82.5,0.2948763966560364,0.5281021354098611
UBFC_PHYS_s13_T2_ctrl,77,166,82.53333333333333,0.36161670088768005,0.3048545363473648
UBFC_PHYS_s13_T2_ctrl,77,167,82.56666666666666,0.39222878217697144,0.0996865006311282
UBFC_PHYS_s13_T2_ctrl,77,168,82.6,0.3806232213973999,-0.07661607676261965
UBFC_PHYS_s13_T2_ctrl,77,169,82.63333333333334,0.32714924216270447,-0.21739377885384034
UBFC_PHYS_s13_T2_ctrl,77,170,82.66666666666667,0.24938663840293884,-0.3206310317175656
UBFC_PHYS_s13_T2_ctrl,77,171,82.7,0.18925975263118744,-0.3889261850450895
UBFC_PHYS_s13_T2_ctrl,77,172,82.73333333333333,0.16368596255779266,-0.42901753664442366
UBFC_PHYS_s13_T2_ctrl,77,173,82.76666666666667,0.1315910518169403,-0.45067697871368345
UBFC_PHYS_s13_T2_ctrl,77,174,82.8,0.04765987768769264,-0.4648424059785605
UBFC_PHYS_s13_T2_ctrl,77,175,82.83333333333333,-0.08490794152021408,-0.4813496141201337
UBFC_PHYS_s13_T2_ctrl,77,176,82.86666666666666,-0.23574745655059814,-0.5071885853052478
UBFC_PHYS_s13_T2_ctrl,77,177,82.9,-0.3723551332950592,-0.5461827202311134
UBFC_PHYS_s13_T2_ctrl,77,178,82.93333333333334,-0.47346070408821106,-0.600109083583548
UBFC_PHYS_s13_T2_ctrl,77,179,82.96666666666667,-0.5414301156997681,-0.670244455636761
UBFC_PHYS_s13_T2_ctrl,77,180,83.0,-0.5990691184997559,-0.7579679739151903
UBFC_PHYS_s13_T2_ctrl,77,181,83.03333333333333,-0.6553077101707458,-0.8634517296084385
UBFC_PHYS_s13_T2_ctrl,77,182,83.06666666666666,-0.6756125688552856,-0.9823526701749088
UBFC_PHYS_s13_T2_ctrl,77,183,83.1,-0.6294274926185608,-1.1016702777547305
UBFC_PHYS_s13_T2_ctrl,77,184,83.13333333333334,-0.5450844168663025,-1.1971857062974096
UBFC_PHYS_s13_T2_ctrl,77,185,83.16666666666667,-0.4675755500793457,-1.2352039061567697
UBFC_PHYS_s13_T2_ctrl,77,186,83.2,-0.393510103225708,-1.1799740911622283
UBFC_PHYS_s13_T2_ctrl,77,187,83.23333333333333,-0.28872382640838623,-1.0054945568685811
UBFC_PHYS_s13_T2_ctrl,77,188,83.26666666666667,-0.13422009348869324,-0.70759449175633
UBFC_PHYS_s13_T2_ctrl,77,189,83.3,0.059611447155475616,-0.31076268704084387
UBFC_PHYS_s13_T2_ctrl,77,190,83.33333333333333,0.24874408543109894,0.13463294649509386
UBFC_PHYS_s13_T2_ctrl,77,191,83.36666666666666,0.36789727210998535,0.5651163868684524
UBFC_PHYS_s13_T2_ctrl,77,192,83.4,0.39131930470466614,0.9220731848202394
UBFC_PHYS_s13_T2_ctrl,77,193,83.43333333333334,0.3635410666465759,1.167319114706629
UBFC_PHYS_s13_T2_ctrl,77,194,83.46666666666667,0.32682961225509644,1.2904500772329421
UBFC_PHYS_s13_T2_ctrl,77,195,83.5,0.26981666684150696,1.3065545597772372
UBFC_PHYS_s13_T2_ctrl,77,196,83.53333333333333,0.1786130666732788,1.2466436037814286
UBFC_PHYS_s13_T2_ctrl,77,197,83.56666666666666,0.07046572118997574,1.1450919893775346
UBFC_PHYS_s13_T2_ctrl,77,198,83.6,-0.04287150874733925,1.0286318633255342
UBFC_PHYS_s13_T2_ctrl,77,199,83.63333333333334,-0.15287402272224426,0.9102953375691409
UBFC_PHYS_s13_T2_ctrl,77,200,83.66666666666667,-0.24485528469085693,0.7896204502318332
UBFC_PHYS_s13_T2_ctrl,77,201,83.7,-0.3180837631225586,0.6581092628755664
UBFC_PHYS_s13_T2_ctrl,77,202,83.73333333333333,-0.3796473443508148,0.5071241088686808
UBFC_PHYS_s13_T2_ctrl,77,203,83.76666666666667,-0.4123452603816986,0.33479403758450305
UBFC_PHYS_s13_T2_ctrl,77,204,83.8,-0.387835830450058,0.1493073612953014
UBFC_PHYS_s13_T2_ctrl,77,205,83.83333333333333,-0.3252902925014496,-0.03226009958429073
UBFC_PHYS_s13_T2_ctrl,77,206,83.86666666666666,-0.28329998254776,-0.18855956954541275
UBFC_PHYS_s13_T2_ctrl,77,207,83.9,-0.2804397940635681,-0.29996478451284175
UBFC_PHYS_s13_T2_ctrl,77,208,83.93333333333334,-0.25846102833747864,-0.3540166522800632
UBFC_PHYS_s13_T2_ctrl,77,209,83.96666666666667,-0.1449030190706253,-0.3490085019808273
UBFC_PHYS_s13_T2_ctrl,77,210,84.0,0.06325919181108475,-0.29483935441162523
UBFC_PHYS_s13_T2_ctrl,77,211,84.03333333333333,0.2819000482559204,-0.21078427650271445
UBFC_PHYS_s13_T2_ctrl,77,212,84.06666666666666,0.4172654449939728,-0.1208002542995155
UBFC_PHYS_s13_T2_ctrl,77,213,84.1,0.4562472701072693,-0.04793063931069152
UBFC_PHYS_s13_T2_ctrl,77,214,84.13333333333334,0.4544645845890045,-0.009628379529389964
UBFC_PHYS_s13_T2_ctrl,77,215,84.16666666666667,0.46456095576286316,-0.015285901892753254
UBFC_PHYS_s13_T2_ctrl,77,216,84.2,0.5026299953460693,-0.06626540843893143
UBFC_PHYS_s13_T2_ctrl,77,217,84.23333333333333,0.5624339580535889,-0.15775681677296702
UBFC_PHYS_s13_T2_ctrl,77,218,84.26666666666667,0.6287722587585449,-0.28124080452779054
UBFC_PHYS_s13_T2_ctrl,77,219,84.3,0.6795507669448853,-0.4262812050101614
UBFC_PHYS_s13_T2_ctrl,77,220,84.33333333333333,0.6978916525840759,-0.5807810112646219
UBFC_PHYS_s13_T2_ctrl,77,221,84.36666666666666,0.6880226135253906,-0.7297627993818143
UBFC_PHYS_s13_T2_ctrl,77,222,84.4,0.6725221872329712,-0.8539434966932395
UBFC_PHYS_s13_T2_ctrl,77,223,84.43333333333334,0.6675431728363037,-0.9300647769054962
UBFC_PHYS_s13_T2_ctrl,77,224,84.46666666666667,0.6635560393333435,-0.9344015012523303
UBFC_PHYS_s13_T2_ctrl,77,225,84.5,0.6365686058998108,-0.8491430969083836
UBFC_PHYS_s13_T2_ctrl,77,226,84.53333333333333,0.5671592354774475,-0.6692888743573839
UBFC_PHYS_s13_T2_ctrl,77,227,84.56666666666666,0.43855881690979004,-0.40676061841948685
UBFC_PHYS_s13_T2_ctrl,77,228,84.6,0.2233647108078003,-0.08948871530902111
UBFC_PHYS_s13_T2_ctrl,77,229,84.63333333333334,-0.0827660784125328,0.24439629665477638
UBFC_PHYS_s13_T2_ctrl,77,230,84.66666666666667,-0.3901885747909546,0.554922216190544
UBFC_PHYS_s13_T2_ctrl,77,231,84.7,-0.5303946137428284,0.8080816071167463
UBFC_PHYS_s13_T2_ctrl,77,232,84.73333333333333,-0.45249027013778687,0.9809804439609602
UBFC_PHYS_s13_T2_ctrl,77,233,84.76666666666667,-0.33542951941490173,1.0638444548631325
UBFC_PHYS_s13_T2_ctrl,77,234,84.8,-0.3509728014469147,1.0593586801330777
UBFC_PHYS_s13_T2_ctrl,77,235,84.83333333333333,-0.44015976786613464,0.9799505668047223
UBFC_PHYS_s13_T2_ctrl,77,236,84.86666666666666,-0.48579782247543335,0.8435255011404803
UBFC_PHYS_s13_T2_ctrl,77,237,84.9,-0.47216901183128357,0.6684863954817062
UBFC_PHYS_s13_T2_ctrl,77,238,84.93333333333334,-0.42009881138801575,0.4696363467730371
UBFC_PHYS_s13_T2_ctrl,77,239,84.96666666666667,-0.34368062019348145,0.25674321297397545
UBFC_PHYS_s13_T2_ctrl,78,0,78.0,0.17926551401615143,-0.09691297767416497
UBFC_PHYS_s13_T2_ctrl,78,1,78.03333333333333,0.19106219708919525,-0.13778511656133735
UBFC_PHYS_s13_T2_ctrl,78,2,78.06666666666666,0.18894341588020325,-0.17848933915727255
UBFC_PHYS_s13_T2_ctrl,78,3,78.1,0.1827254295349121,-0.21994244246377928
UBFC_PHYS_s13_T2_ctrl,78,4,78.13333333333334,0.1879548579454422,-0.26221569375796266
UBFC_PHYS_s13_T2_ctrl,78,5,78.16666666666667,0.20958103239536285,-0.3050106709361124
UBFC_PHYS_s13_T2_ctrl,78,6,78.2,0.24315547943115234,-0.34802814123621684
UBFC_PHYS_s13_T2_ctrl,78,7,78.23333333333333,0.29264888167381287,-0.39070199559526747
UBFC_PHYS_s13_T2_ctrl,78,8,78.26666666666667,0.3728499114513397,-0.43137989943925226
UBFC_PHYS_s13_T2_ctrl,78,9,78.3,0.481198251247406,-0.466545221623785
UBFC_PHYS_s13_T2_ctrl,78,10,78.33333333333333,0.60210120677948,-0.4906767110392609
UBFC_PHYS_s13_T2_ctrl,78,11,78.36666666666666,0.7391734719276428,-0.4969157826925247
UBFC_PHYS_s13_T2_ctrl,78,12,78.4,0.9289618730545044,-0.47822907659187197
UBFC_PHYS_s13_T2_ctrl,78,13,78.43333333333334,1.1747087240219116,-0.42856616902192707
UBFC_PHYS_s13_T2_ctrl,78,14,78.46666666666667,1.442384958267212,-0.34373110512023636
UBFC_PHYS_s13_T2_ctrl,78,15,78.5,1.7129510641098022,-0.22206531834684276
UBFC_PHYS_s13_T2_ctrl,78,16,78.53333333333333,2.0473313331604004,-0.06522646634047037
UBFC_PHYS_s13_T2_ctrl,78,17,78.56666666666666,2.476938486099243,0.12082401703026391
UBFC_PHYS_s13_T2_ctrl,78,18,78.6,2.9706532955169678,0.32495131581039466
UBFC_PHYS_s13_T2_ctrl,78,19,78.63333333333334,3.4558236598968506,0.5308070711904441
UBFC_PHYS_s13_T2_ctrl,78,20,78.66666666666667,3.891549825668335,0.718305280742769
UBFC_PHYS_s13_T2_ctrl,78,21,78.7,4.268767356872559,0.866701721620436
UBFC_PHYS_s13_T2_ctrl,78,22,78.73333333333333,4.544605731964111,0.9584266300420375
UBFC_PHYS_s13_T2_ctrl,78,23,78.76666666666667,4.6817240715026855,0.9822394608876859
UBFC_PHYS_s13_T2_ctrl,78,24,78.8,4.827436447143555,0.9345507271788903
UBFC_PHYS_s13_T2_ctrl,78,25,78.83333333333333,5.199253082275391,0.8186016443704395
UBFC_PHYS_s13_T2_ctrl,78,26,78.86666666666666,5.640936851501465,0.6420365236368148
UBFC_PHYS_s13_T2_ctrl,78,27,78.9,5.757256507873535,0.4139811385602798
UBFC_PHYS_s13_T2_ctrl,78,28,78.93333333333334,4.733959197998047,0.14296003974065385
UBFC_PHYS_s13_T2_ctrl,78,29,78.96666666666667,2.4175562858581543,-0.1632699163270651
UBFC_PHYS_s13_T2_ctrl,78,30,79.0,-0.3012685179710388,-0.49562169972062653
UBFC_PHYS_s13_T2_ctrl,78,31,79.03333333333333,-2.4341800212860107,-0.8399141306242219
UBFC_PHYS_s13_T2_ctrl,78,32,79.06666666666666,-3.5511422157287598,-1.172870840017112
UBFC_PHYS_s13_T2_ctrl,78,33,79.1,-3.8610262870788574,-1.4598118416736228
UBFC_PHYS_s13_T2_ctrl,78,34,79.13333333333334,-3.7263760566711426,-1.656009757166597
UBFC_PHYS_s13_T2_ctrl,78,35,79.16666666666667,-3.466324806213379,-1.713188575420507
UBFC_PHYS_s13_T2_ctrl,78,36,79.2,-3.267253875732422,-1.5913927611695722
UBFC_PHYS_s13_T2_ctrl,78,37,79.23333333333333,-3.079284429550171,-1.2740352101202115
UBFC_PHYS_s13_T2_ctrl,78,38,79.26666666666667,-2.791362762451172,-0.7808173322579613
UBFC_PHYS_s13_T2_ctrl,78,39,79.3,-2.454636335372925,-0.17149339318481382
UBFC_PHYS_s13_T2_ctrl,78,40,79.33333333333333,-2.1658382415771484,0.46459526018262076
UBFC_PHYS_s13_T2_ctrl,78,41,79.36666666666666,-1.9239333868026733,1.0318878916001781
UBFC_PHYS_s13_T2_ctrl,78,42,79.4,-1.6621456146240234,1.4554066380366502
UBFC_PHYS_s13_T2_ctrl,78,43,79.43333333333334,-1.395019769668579,1.6984623051267167
UBFC_PHYS_s13_T2_ctrl,78,44,79.46666666666667,-1.1785602569580078,1.764491133034638
UBFC_PHYS_s13_T2_ctrl,78,45,79.5,-1.024540901184082,1.6854029222091995
UBFC_PHYS_s13_T2_ctrl,78,46,79.53333333333333,-0.8811584115028381,1.5040520078822839
UBFC_PHYS_s13_T2_ctrl,78,47,79.56666666666666,-0.7289876341819763,1.2584506752700888
UBFC_PHYS_s13_T2_ctrl,78,48,79.6,-0.5886695981025696,0.9724974174013291
UBFC_PHYS_s13_T2_ctrl,78,49,79.63333333333334,-0.47123318910598755,0.6546080838774158
UBFC_PHYS_s13_T2_ctrl,78,50,79.66666666666667,-0.35880210995674133,0.3031222000444574
UBFC_PHYS_s13_T2_ctrl,78,51,79.7,-0.23906897008419037,-0.08409700654165277
UBFC_PHYS_s13_T2_ctrl,78,52,79.73333333333333,-0.12543189525604248,-0.4992299442136442
UBFC_PHYS_s13_T2_ctrl,78,53,79.76666666666667,-0.036666709929704666,-0.9168457027121688
UBFC_PHYS_s13_T2_ctrl,78,54,79.8,0.022204723209142685,-1.2922222364709042
UBFC_PHYS_s13_T2_ctrl,78,55,79.83333333333333,0.0589260496199131,-1.5675416005319798
UBFC_PHYS_s13_T2_ctrl,78,56,79.86666666666666,0.07471977919340134,-1.685563339983061
UBFC_PHYS_s13_T2_ctrl,78,57,79.9,0.06635335832834244,-1.6073232073901793
UBFC_PHYS_s13_T2_ctrl,78,58,79.93333333333334,0.039833858609199524,-1.3276324005482918
UBFC_PHYS_s13_T2_ctrl,78,59,79.96666666666667,0.00862204935401678,-0.8816075607856926
UBFC_PHYS_s13_T2_ctrl,78,60,80.0,-0.027934521436691284,-0.3383754813015566
UBFC_PHYS_s13_T2_ctrl,78,61,80.03333333333333,-0.08935641497373581,0.21650547834274922
UBFC_PHYS_s13_T2_ctrl,78,62,80.06666666666666,-0.1788794845342636,0.7031251008135189
UBFC_PHYS_s13_T2_ctrl,78,63,80.1,-0.27345073223114014,1.0650992944084856
UBFC_PHYS_s13_T2_ctrl,78,64,80.13333333333334,-0.36169198155403137,1.277304493433477
UBFC_PHYS_s13_T2_ctrl,78,65,80.16666666666667,-0.4661915898323059,1.3427917392467947
UBFC_PHYS_s13_T2_ctrl,78,66,80.2,-0.6032506823539734,1.2826070845536257
UBFC_PHYS_s13_T2_ctrl,78,67,80.23333333333333,-0.7504885792732239,1.123925707840014
UBFC_PHYS_s13_T2_ctrl,78,68,80.26666666666667,-0.8833727836608887,0.890863314171761
UBFC_PHYS_s13_T2_ctrl,78,69,80.3,-1.0170378684997559,0.6000820735272775
UBFC_PHYS_s13_T2_ctrl,78,70,80.33333333333333,-1.1913917064666748,0.2614236606265887
UBFC_PHYS_s13_T2_ctrl,78,71,80.36666666666666,-1.4273024797439575,-0.11747407818432139
UBFC_PHYS_s13_T2_ctrl,78,72,80.4,-1.6436301469802856,-0.5246017973621329
UBFC_PHYS_s13_T2_ctrl,78,73,80.43333333333334,-1.65983247756958,-0.9376388342808126
UBFC_PHYS_s13_T2_ctrl,78,74,80.46666666666667,-1.4031752347946167,-1.3211273547951214
UBFC_PHYS_s13_T2_ctrl,78,75,80.5,-1.0335861444473267,-1.6284214990322192
UBFC_PHYS_s13_T2_ctrl,78,76,80.53333333333333,-0.7604663372039795,-1.8087601932865713
UBFC_PHYS_s13_T2_ctrl,78,77,80.56666666666666,-0.6319812536239624,-1.818368046953532
UBFC_PHYS_s13_T2_ctrl,78,78,80.6,-0.589717447757721,-1.63316923973428
UBFC_PHYS_s13_T2_ctrl,78,79,80.63333333333334,-0.5517901182174683,-1.2594623763955743
UBFC_PHYS_s13_T2_ctrl,78,80,80.66666666666667,-0.4624515771865845,-0.7381233607128665
UBFC_PHYS_s13_T2_ctrl,78,81,80.7,-0.3494800925254822,-0.13883983574836678
UBFC_PHYS_s13_T2_ctrl,78,82,80.73333333333333,-0.29734399914741516,0.4556834606210569
UBFC_PHYS_s13_T2_ctrl,78,83,80.76666666666667,-0.3148874342441559,0.9706831617973481
UBFC_PHYS_s13_T2_ctrl,78,84,80.8,-0.26999080181121826,1.3568692431688347
UBFC_PHYS_s13_T2_ctrl,78,85,80.83333333333333,-0.07905901968479156,1.5969399531928063
UBFC_PHYS_s13_T2_ctrl,78,86,80.86666666666666,0.13352860510349274,1.6998307575612797
UBFC_PHYS_s13_T2_ctrl,78,87,80.9,0.19819623231887817,1.6881141155904258
UBFC_PHYS_s13_T2_ctrl,78,88,80.93333333333334,0.1310638189315796,1.585849590893732
UBFC_PHYS_s13_T2_ctrl,78,89,80.96666666666667,0.0654241144657135,1.411638241551368
UBFC_PHYS_s13_T2_ctrl,78,90,81.0,0.06162808835506439,1.1777909764751977
UBFC_PHYS_s13_T2_ctrl,78,91,81.03333333333333,0.11321720480918884,0.8936134000985281
UBFC_PHYS_s13_T2_ctrl,78,92,81.06666666666666,0.24047650396823883,0.569764881285953
UBFC_PHYS_s13_T2_ctrl,78,93,81.1,0.4740312695503235,0.2212690801913831
UBFC_PHYS_s13_T2_ctrl,78,94,81.13333333333334,0.7808507680892944,-0.1318244525868087
UBFC_PHYS_s13_T2_ctrl,78,95,81.16666666666667,1.0692898035049438,-0.46580036987851786
UBFC_PHYS_s13_T2_ctrl,78,96,81.2,1.2613815069198608,-0.755677610682738
UBFC_PHYS_s13_T2_ctrl,78,97,81.23333333333333,1.342748999595642,-0.9777541087405829
UBFC_PHYS_s13_T2_ctrl,78,98,81.26666666666667,1.3577783107757568,-1.1119351596730722
UBFC_PHYS_s13_T2_ctrl,78,99,81.3,1.3506574630737305,-1.1440742641449786
UBFC_PHYS_s13_T2_ctrl,78,100,81.33333333333333,1.29369056224823,-1.0687695501738597
UBFC_PHYS_s13_T2_ctrl,78,101,81.36666666666666,1.1223617792129517,-0.8925025169916606
UBFC_PHYS_s13_T2_ctrl,78,102,81.4,0.8441937565803528,-0.6358629499509568
UBFC_PHYS_s13_T2_ctrl,78,103,81.43333333333334,0.5475958585739136,-0.3329547170050447
UBFC_PHYS_s13_T2_ctrl,78,104,81.46666666666667,0.2922237813472748,-0.026816204547782992
UBFC_PHYS_s13_T2_ctrl,78,105,81.5,0.0787794217467308,0.23851549996575305
UBFC_PHYS_s13_T2_ctrl,78,106,81.53333333333333,-0.07597474008798599,0.4268892310686143
UBFC_PHYS_s13_T2_ctrl,78,107,81.56666666666666,-0.16757047176361084,0.5167545306475727
UBFC_PHYS_s13_T2_ctrl,78,108,81.6,-0.2549648582935333,0.5034295460312115
UBFC_PHYS_s13_T2_ctrl,78,109,81.63333333333334,-0.3708525598049164,0.3965959923534708
UBFC_PHYS_s13_T2_ctrl,78,110,81.66666666666667,-0.46719661355018616,0.21475550463939036
UBFC_PHYS_s13_T2_ctrl,78,111,81.7,-0.5208649635314941,-0.020463757645609974
UBFC_PHYS_s13_T2_ctrl,78,112,81.73333333333333,-0.5635373592376709,-0.28755838008500356
UBFC_PHYS_s13_T2_ctrl,78,113,81.76666666666667,-0.5895460844039917,-0.5648549853514271
UBFC_PHYS_s13_T2_ctrl,78,114,81.8,-0.5767378211021423,-0.8275180913716725
UBFC_PHYS_s13_T2_ctrl,78,115,81.83333333333333,-0.5790180563926697,-1.0443852138982384
UBFC_PHYS_s13_T2_ctrl,78,116,81.86666666666666,-0.6580130457878113,-1.1778552968879135
UBFC_PHYS_s13_T2_ctrl,78,117,81.9,-0.762357771396637,-1.1891922209931698
UBFC_PHYS_s13_T2_ctrl,78,118,81.93333333333334,-0.7717720866203308,-1.0491696742606667
UBFC_PHYS_s13_T2_ctrl,78,119,81.96666666666667,-0.6648834943771362,-0.7508996430902728
UBFC_PHYS_s13_T2_ctrl,78,120,82.0,-0.5635308027267456,-0.3193748084096702
UBFC_PHYS_s13_T2_ctrl,78,121,82.03333333333333,-0.5719103813171387,0.18799533171866978
UBFC_PHYS_s13_T2_ctrl,78,122,82.06666666666666,-0.6224120855331421,0.6929230615493708
UBFC_PHYS_s13_T2_ctrl,78,123,82.1,-0.5862575173377991,1.1172965504030548
UBFC_PHYS_s13_T2_ctrl,78,124,82.13333333333334,-0.4371710419654846,1.4049405349631185
UBFC_PHYS_s13_T2_ctrl,78,125,82.16666666666667,-0.265779584646225,1.5338773677126074
UBFC_PHYS_s13_T2_ctrl,78,126,82.2,-0.16269361972808838,1.5148809455183343
UBFC_PHYS_s13_T2_ctrl,78,127,82.23333333333333,-0.13395977020263672,1.380082912316009
UBFC_PHYS_s13_T2_ctrl,78,128,82.26666666666667,-0.13186734914779663,1.1688420248331628
UBFC_PHYS_s13_T2_ctrl,78,129,82.3,-0.1247827410697937,0.9167358364488095
UBFC_PHYS_s13_T2_ctrl,78,130,82.33333333333333,-0.10049407184123993,0.6503083265798505
UBFC_PHYS_s13_T2_ctrl,78,131,82.36666666666666,-0.0454285554587841,0.38709845250577224
UBFC_PHYS_s13_T2_ctrl,78,132,82.4,0.03689457103610039,0.1385222351058998
UBFC_PHYS_s13_T2_ctrl,78,133,82.43333333333334,0.12504355609416962,-0.08703315429055805
UBFC_PHYS_s13_T2_ctrl,78,134,82.46666666666667,0.21078705787658691,-0.2823074217130873
UBFC_PHYS_s13_T2_ctrl,78,135,82.5,0.2948763966560364,-0.4404671118425084
UBFC_PHYS_s13_T2_ctrl,78,136,82.53333333333333,0.36161670088768005,-0.5551369943849566
UBFC_PHYS_s13_T2_ctrl,78,137,82.56666666666666,0.39222878217697144,-0.6208820737939161
UBFC_PHYS_s13_T2_ctrl,78,138,82.6,0.3806232213973999,-0.6340350159457394
UBFC_PHYS_s13_T2_ctrl,78,139,82.63333333333334,0.32714924216270447,-0.5938379771844599
UBFC_PHYS_s13_T2_ctrl,78,140,82.66666666666667,0.24938663840293884,-0.5039046727855245
UBFC_PHYS_s13_T2_ctrl,78,141,82.7,0.18925975263118744,-0.3737078179122854
UBFC_PHYS_s13_T2_ctrl,78,142,82.73333333333333,0.16368596255779266,-0.219161221906892
UBFC_PHYS_s13_T2_ctrl,78,143,82.76666666666667,0.1315910518169403,-0.061240966149670374
UBFC_PHYS_s13_T2_ctrl,78,144,82.8,0.04765987768769264,0.07743851322871564
UBFC_PHYS_s13_T2_ctrl,78,145,82.83333333333333,-0.08490794152021408,0.1768089699157991
UBFC_PHYS_s13_T2_ctrl,78,146,82.86666666666666,-0.23574745655059814,0.22239196482142548
UBFC_PHYS_s13_T2_ctrl,78,147,82.9,-0.3723551332950592,0.20600116784802272
UBFC_PHYS_s13_T2_ctrl,78,148,82.93333333333334,-0.47346070408821106,0.12455958914527489
UBFC_PHYS_s13_T2_ctrl,78,149,82.96666666666667,-0.5414301156997681,-0.02119190639081711
UBFC_PHYS_s13_T2_ctrl,78,150,83.0,-0.5990691184997559,-0.2263688058528002
UBFC_PHYS_s13_T2_ctrl,78,151,83.03333333333333,-0.6553077101707458,-0.47938425303235394
UBFC_PHYS_s13_T2_ctrl,78,152,83.06666666666666,-0.6756125688552856,-0.757919622587908
UBFC_PHYS_s13_T2_ctrl,78,153,83.1,-0.6294274926185608,-1.0255585179386855
UBFC_PHYS_s13_T2_ctrl,78,154,83.13333333333334,-0.5450844168663025,-1.232214822702748
UBFC_PHYS_s13_T2_ctrl,78,155,83.16666666666667,-0.4675755500793457,-1.321079771521689
UBFC_PHYS_s13_T2_ctrl,78,156,83.2,-0.393510103225708,-1.242419575716796
UBFC_PHYS_s13_T2_ctrl,78,157,83.23333333333333,-0.28872382640838623,-0.97105087016674
UBFC_PHYS_s13_T2_ctrl,78,158,83.26666666666667,-0.13422009348869324,-0.5213230225318719
UBFC_PHYS_s13_T2_ctrl,78,159,83.3,0.059611447155475616,0.047700562349933695
UBFC_PHYS_s13_T2_ctrl,78,160,83.33333333333333,0.24874408543109894,0.6422316063673166
UBFC_PHYS_s13_T2_ctrl,78,161,83.36666666666666,0.36789727210998535,1.158226568016233
UBFC_PHYS_s13_T2_ctrl,78,162,83.4,0.39131930470466614,1.511357255540121
UBFC_PHYS_s13_T2_ctrl,78,163,83.43333333333334,0.3635410666465759,1.6594714317481043
UBFC_PHYS_s13_T2_ctrl,78,164,83.46666666666667,0.32682961225509644,1.608949158271418
UBFC_PHYS_s13_T2_ctrl,78,165,83.5,0.26981666684150696,1.4049594125597953
UBFC_PHYS_s13_T2_ctrl,78,166,83.53333333333333,0.1786130666732788,1.111847290973505
UBFC_PHYS_s13_T2_ctrl,78,167,83.56666666666666,0.07046572118997574,0.7917992890431004
UBFC_PHYS_s13_T2_ctrl,78,168,83.6,-0.04287150874733925,0.48869963617981405
UBFC_PHYS_s13_T2_ctrl,78,169,83.63333333333334,-0.15287402272224426,0.22125989526023604
UBFC_PHYS_s13_T2_ctrl,78,170,83.66666666666667,-0.24485528469085693,-0.013731123957722352
UBFC_PHYS_s13_T2_ctrl,78,171,83.7,-0.3180837631225586,-0.230371775183984
UBFC_PHYS_s13_T2_ctrl,78,172,83.73333333333333,-0.3796473443508148,-0.43981548384033653
UBFC_PHYS_s13_T2_ctrl,78,173,83.76666666666667,-0.4123452603816986,-0.6395275851356579
UBFC_PHYS_s13_T2_ctrl,78,174,83.8,-0.387835830450058,-0.8098971403996873
UBFC_PHYS_s13_T2_ctrl,78,175,83.83333333333333,-0.3252902925014496,-0.9192353520703145
UBFC_PHYS_s13_T2_ctrl,78,176,83.86666666666666,-0.28329998254776,-0.9349233521844446
UBFC_PHYS_s13_T2_ctrl,78,177,83.9,-0.2804397940635681,-0.8362778816118837
UBFC_PHYS_s13_T2_ctrl,78,178,83.93333333333334,-0.25846102833747864,-0.6241784666502557
UBFC_PHYS_s13_T2_ctrl,78,179,83.96666666666667,-0.1449030190706253,-0.32383343613876303
UBFC_PHYS_s13_T2_ctrl,78,180,84.0,0.06325919181108475,0.020201014788169273
UBFC_PHYS_s13_T2_ctrl,78,181,84.03333333333333,0.2819000482559204,0.35470777612589893
UBFC_PHYS_s13_T2_ctrl,78,182,84.06666666666666,0.4172654449939728,0.6303044763558108
UBFC_PHYS_s13_T2_ctrl,78,183,84.1,0.4562472701072693,0.8116599436249338
UBFC_PHYS_s13_T2_ctrl,78,184,84.13333333333334,0.4544645845890045,0.8826711619891587
UBFC_PHYS_s13_T2_ctrl,78,185,84.16666666666667,0.46456095576286316,0.845920303829284
UBFC_PHYS_s13_T2_ctrl,78,186,84.2,0.5026299953460693,0.7176523975003556
UBFC_PHYS_s13_T2_ctrl,78,187,84.23333333333333,0.5624339580535889,0.5206775858804176
UBFC_PHYS_s13_T2_ctrl,78,188,84.26666666666667,0.6287722587585449,0.2778276834708616
UBFC_PHYS_s13_T2_ctrl,78,189,84.3,0.6795507669448853,0.008090473372515141
UBFC_PHYS_s13_T2_ctrl,78,190,84.33333333333333,0.6978916525840759,-0.273460744840952
UBFC_PHYS_s13_T2_ctrl,78,191,84.36666666666666,0.6880226135253906,-0.5523564964942717
UBFC_PHYS_s13_T2_ctrl,78,192,84.4,0.6725221872329712,-0.8102427150481172
UBFC_PHYS_s13_T2_ctrl,78,193,84.43333333333334,0.6675431728363037,-1.0224455136337236
UBFC_PHYS_s13_T2_ctrl,78,194,84.46666666666667,0.6635560393333435,-1.160136538244435
UBFC_PHYS_s13_T2_ctrl,78,195,84.5,0.6365686058998108,-1.1972434099840092
UBFC_PHYS_s13_T2_ctrl,78,196,84.53333333333333,0.5671592354774475,-1.1192577726034838
UBFC_PHYS_s13_T2_ctrl,78,197,84.56666666666666,0.43855881690979004,-0.9295626280072956
UBFC_PHYS_s13_T2_ctrl,78,198,84.6,0.2233647108078003,-0.6501181069445233
UBFC_PHYS_s13_T2_ctrl,78,199,84.63333333333334,-0.0827660784125328,-0.31639156869148544
UBFC_PHYS_s13_T2_ctrl,78,200,84.66666666666667,-0.3901885747909546,0.03077320158906776
UBFC_PHYS_s13_T2_ctrl,78,201,84.7,-0.5303946137428284,0.3528338278452034
UBFC_PHYS_s13_T2_ctrl,78,202,84.73333333333333,-0.45249027013778687,0.6187264370493434
UBFC_PHYS_s13_T2_ctrl,78,203,84.76666666666667,-0.33542951941490173,0.8074974631157205
UBFC_PHYS_s13_T2_ctrl,78,204,84.8,-0.3509728014469147,0.9091189723967097
UBFC_PHYS_s13_T2_ctrl,78,205,84.83333333333333,-0.44015976786613464,0.9239422965174903
UBFC_PHYS_s13_T2_ctrl,78,206,84.86666666666666,-0.48579782247543335,0.8609537852895394
UBFC_PHYS_s13_T2_ctrl,78,207,84.9,-0.47216901183128357,0.7351258964044726
UBFC_PHYS_s13_T2_ctrl,78,208,84.93333333333334,-0.42009881138801575,0.5645600375588463
UBFC_PHYS_s13_T2_ctrl,78,209,84.96666666666667,-0.34368062019348145,0.3683399915297802
UBFC_PHYS_s13_T2_ctrl,78,210,85.0,-0.29499122500419617,0.16566519051875914
UBFC_PHYS_s13_T2_ctrl,78,211,85.03333333333333,-0.33186084032058716,-0.02405618441703892
UBFC_PHYS_s13_T2_ctrl,78,212,85.06666666666666,-0.42042502760887146,-0.1813844081095496
UBFC_PHYS_s13_T2_ctrl,78,213,85.1,-0.4807397425174713,-0.28858694098683835
UBFC_PHYS_s13_T2_ctrl,78,214,85.13333333333334,-0.494141161441803,-0.3330872685798158
UBFC_PHYS_s13_T2_ctrl,78,215,85.16666666666667,-0.504234254360199,-0.3112716568045829
UBFC_PHYS_s13_T2_ctrl,78,216,85.2,-0.5151215195655823,-0.23059765304602234
UBFC_PHYS_s13_T2_ctrl,78,217,85.23333333333333,-0.48178431391716003,-0.1084872611913539
UBFC_PHYS_s13_T2_ctrl,78,218,85.26666666666667,-0.4235224723815918,0.03202030110431237
UBFC_PHYS_s13_T2_ctrl,78,219,85.3,-0.43000736832618713,0.16823817580256223
UBFC_PHYS_s13_T2_ctrl,78,220,85.33333333333333,-0.5170524716377258,0.2829209327495683
UBFC_PHYS_s13_T2_ctrl,78,221,85.36666666666666,-0.6240366101264954,0.3664160390622047
UBFC_PHYS_s13_T2_ctrl,78,222,85.4,-0.7280452251434326,0.4154507840546626
UBFC_PHYS_s13_T2_ctrl,78,223,85.43333333333334,-0.8581713438034058,0.42992883927135866
UBFC_PHYS_s13_T2_ctrl,78,224,85.46666666666667,-1.0257734060287476,0.40994927510829565
UBFC_PHYS_s13_T2_ctrl,78,225,85.5,-1.1890850067138672,0.35467435994743146
UBFC_PHYS_s13_T2_ctrl,78,226,85.53333333333333,-1.2736389636993408,0.2631180066673266
UBFC_PHYS_s13_T2_ctrl,78,227,85.56666666666666,-1.2600629329681396,0.13569954375121865
UBFC_PHYS_s13_T2_ctrl,78,228,85.6,-1.1824222803115845,-0.024551313824210226
UBFC_PHYS_s13_T2_ctrl,78,229,85.63333333333334,-1.0351974964141846,-0.2113935448367965
UBFC_PHYS_s13_T2_ctrl,78,230,85.66666666666667,-0.7916221618652344,-0.41495523499870457
UBFC_PHYS_s13_T2_ctrl,78,231,85.7,-0.5093582272529602,-0.6210770040198015
UBFC_PHYS_s13_T2_ctrl,78,232,85.73333333333333,-0.2786175608634949,-0.8106195994302083
UBFC_PHYS_s13_T2_ctrl,78,233,85.76666666666667,-0.10072802752256393,-0.9596931939875637
UBFC_PHYS_s13_T2_ctrl,78,234,85.8,0.07494385540485382,-1.0420341070002574
UBFC_PHYS_s13_T2_ctrl,78,235,85.83333333333333,0.2721232771873474,-1.0340910899666207
UBFC_PHYS_s13_T2_ctrl,78,236,85.86666666666666,0.4944843649864197,-0.9218881903275223
UBFC_PHYS_s13_T2_ctrl,78,237,85.9,0.6706637144088745,-0.7072232691458576
UBFC_PHYS_s13_T2_ctrl,78,238,85.93333333333334,0.6502830982208252,-0.41030866198494587
UBFC_PHYS_s13_T2_ctrl,78,239,85.96666666666667,0.39202776551246643,-0.067275199069342
UBFC_PHYS_s13_T2_ctrl,79,0,79.0,-0.3012685179710388,-0.034578225648208734
UBFC_PHYS_s13_T2_ctrl,79,1,79.03333333333333,-2.4341800212860107,-0.43081521697596425
UBFC_PHYS_s13_T2_ctrl,79,2,79.06666666666666,-3.5511422157287598,-0.7995317345931979
UBFC_PHYS_s13_T2_ctrl,79,3,79.1,-3.8610262870788574,-1.1127316533475957
UBFC_PHYS_s13_T2_ctrl,79,4,79.13333333333334,-3.7263760566711426,-1.3429610899216564
UBFC_PHYS_s13_T2_ctrl,79,5,79.16666666666667,-3.466324806213379,-1.466969046551865
UBFC_PHYS_s13_T2_ctrl,79,6,79.2,-3.267253875732422,-1.4702563089221132
UBFC_PHYS_s13_T2_ctrl,79,7,79.23333333333333,-3.079284429550171,-1.350938420533894
UBFC_PHYS_s13_T2_ctrl,79,8,79.26666666666667,-2.791362762451172,-1.1216543759611284
UBFC_PHYS_s13_T2_ctrl,79,9,79.3,-2.454636335372925,-0.8087430931339021
UBFC_PHYS_s13_T2_ctrl,79,10,79.33333333333333,-2.1658382415771484,-0.4485450764984338
UBFC_PHYS_s13_T2_ctrl,79,11,79.36666666666666,-1.9239333868026733,-0.08144957291824245
UBFC_PHYS_s13_T2_ctrl,79,12,79.4,-1.6621456146240234,0.25492964265617235
UBFC_PHYS_s13_T2_ctrl,79,13,79.43333333333334,-1.395019769668579,0.5316289759791604
UBFC_PHYS_s13_T2_ctrl,79,14,79.46666666666667,-1.1785602569580078,0.7316225010442543
UBFC_PHYS_s13_T2_ctrl,79,15,79.5,-1.024540901184082,0.849702874360365
UBFC_PHYS_s13_T2_ctrl,79,16,79.53333333333333,-0.8811584115028381,0.8893312320874708
UBFC_PHYS_s13_T2_ctrl,79,17,79.56666666666666,-0.7289876341819763,0.8579506185002562
UBFC_PHYS_s13_T2_ctrl,79,18,79.6,-0.5886695981025696,0.762844993219982
UBFC_PHYS_s13_T2_ctrl,79,19,79.63333333333334,-0.47123318910598755,0.6094246631181146
UBFC_PHYS_s13_T2_ctrl,79,20,79.66666666666667,-0.35880210995674133,0.40284443835669975
UBFC_PHYS_s13_T2_ctrl,79,21,79.7,-0.23906897008419037,0.1524214525332661
UBFC_PHYS_s13_T2_ctrl,79,22,79.73333333333333,-0.12543189525604248,-0.12308791896707666
UBFC_PHYS_s13_T2_ctrl,79,23,79.76666666666667,-0.036666709929704666,-0.39213618354617136
UBFC_PHYS_s13_T2_ctrl,79,24,79.8,0.022204723209142685,-0.6116098908077602
UBFC_PHYS_s13_T2_ctrl,79,25,79.83333333333333,0.0589260496199131,-0.7340432794590703
UBFC_PHYS_s13_T2_ctrl,79,26,79.86666666666666,0.07471977919340134,-0.7200570236603803
UBFC_PHYS_s13_T2_ctrl,79,27,79.9,0.06635335832834244,-0.5526207912756158
UBFC_PHYS_s13_T2_ctrl,79,28,79.93333333333334,0.039833858609199524,-0.24763725275313064
UBFC_PHYS_s13_T2_ctrl,79,29,79.96666666666667,0.00862204935401678,0.1446970557770917
UBFC_PHYS_s13_T2_ctrl,79,30,80.0,-0.027934521436691284,0.5503626802757055
UBFC_PHYS_s13_T2_ctrl,79,31,80.03333333333333,-0.08935641497373581,0.8912420757955248
UBFC_PHYS_s13_T2_ctrl,79,32,80.06666666666666,-0.1788794845342636,1.106558937096706
UBFC_PHYS_s13_T2_ctrl,79,33,80.1,-0.27345073223114014,1.1673979270165515
UBFC_PHYS_s13_T2_ctrl,79,34,80.13333333333334,-0.36169198155403137,1.079800568857996
UBFC_PHYS_s13_T2_ctrl,79,35,80.16666666666667,-0.4661915898323059,0.877687257460419
UBFC_PHYS_s13_T2_ctrl,79,36,80.2,-0.6032506823539734,0.6100234510835791
UBFC_PHYS_s13_T2_ctrl,79,37,80.23333333333333,-0.7504885792732239,0.32689070383937713
UBFC_PHYS_s13_T2_ctrl,79,38,80.26666666666667,-0.8833727836608887,0.06806040034186074
UBFC_PHYS_s13_T2_ctrl,79,39,80.3,-1.0170378684997559,-0.14374897695348282
UBFC_PHYS_s13_T2_ctrl,79,40,80.33333333333333,-1.1913917064666748,-0.3042006426222524
UBFC_PHYS_s13_T2_ctrl,79,41,80.36666666666666,-1.4273024797439575,-0.42388899311455847
UBFC_PHYS_s13_T2_ctrl,79,42,80.4,-1.6436301469802856,-0.521855680741929
UBFC_PHYS_s13_T2_ctrl,79,43,80.43333333333334,-1.65983247756958,-0.6182358223720655
UBFC_PHYS_s13_T2_ctrl,79,44,80.46666666666667,-1.4031752347946167,-0.7277452992927858
UBFC_PHYS_s13_T2_ctrl,79,45,80.5,-1.0335861444473267,-0.8549584700614478
UBFC_PHYS_s13_T2_ctrl,79,46,80.53333333333333,-0.7604663372039795,-0.9919004029152616
UBFC_PHYS_s13_T2_ctrl,79,47,80.56666666666666,-0.6319812536239624,-1.1184616824635083
UBFC_PHYS_s13_T2_ctrl,79,48,80.6,-0.589717447757721,-1.2061472611463464
UBFC_PHYS_s13_T2_ctrl,79,49,80.63333333333334,-0.5517901182174683,-1.2251585660382773
UBFC_PHYS_s13_T2_ctrl,79,50,80.66666666666667,-0.4624515771865845,-1.1535502533666013
UBFC_PHYS_s13_T2_ctrl,79,51,80.7,-0.3494800925254822,-0.9856191126077593
UBFC_PHYS_s13_T2_ctrl,79,52,80.73333333333333,-0.29734399914741516,-0.7357988337760527
UBFC_PHYS_s13_T2_ctrl,79,53,80.76666666666667,-0.3148874342441559,-0.4354456254162977
UBFC_PHYS_s13_T2_ctrl,79,54,80.8,-0.26999080181121826,-0.12317325735122335
UBFC_PHYS_s13_T2_ctrl,79,55,80.83333333333333,-0.07905901968479156,0.16715067801129593
UBFC_PHYS_s13_T2_ctrl,79,56,80.86666666666666,0.13352860510349274,0.4153616467703892
UBFC_PHYS_s13_T2_ctrl,79,57,80.9,0.19819623231887817,0.617205336670436
UBFC_PHYS_s13_T2_ctrl,79,58,80.93333333333334,0.1310638189315796,0.779743838471544
UBFC_PHYS_s13_T2_ctrl,79,59,80.96666666666667,0.0654241144657135,0.9131991289676492
UBFC_PHYS_s13_T2_ctrl,79,60,81.0,0.06162808835506439,1.0234928522521805
UBFC_PHYS_s13_T2_ctrl,79,61,81.03333333333333,0.11321720480918884,1.108589214009528
UBFC_PHYS_s13_T2_ctrl,79,62,81.06666666666666,0.24047650396823883,1.1595941209002782
UBFC_PHYS_s13_T2_ctrl,79,63,81.1,0.4740312695503235,1.1654016226647301
UBFC_PHYS_s13_T2_ctrl,79,64,81.13333333333334,0.7808507680892944,1.1182760397543887
UBFC_PHYS_s13_T2_ctrl,79,65,81.16666666666667,1.0692898035049438,1.0177355111539474
UBFC_PHYS_s13_T2_ctrl,79,66,81.2,1.2613815069198608,0.8714259096654291
UBFC_PHYS_s13_T2_ctrl,79,67,81.23333333333333,1.342748999595642,0.6933394940605974
UBFC_PHYS_s13_T2_ctrl,79,68,81.26666666666667,1.3577783107757568,0.500672978346332
UBFC_PHYS_s13_T2_ctrl,79,69,81.3,1.3506574630737305,0.31060188132762595
UBFC_PHYS_s13_T2_ctrl,79,70,81.33333333333333,1.29369056224823,0.1376711441978871
UBFC_PHYS_s13_T2_ctrl,79,71,81.36666666666666,1.1223617792129517,-0.008035474299057497
UBFC_PHYS_s13_T2_ctrl,79,72,81.4,0.8441937565803528,-0.12190860288309752
UBFC_PHYS_s13_T2_ctrl,79,73,81.43333333333334,0.5475958585739136,-0.2048358916014156
UBFC_PHYS_s13_T2_ctrl,79,74,81.46666666666667,0.2922237813472748,-0.26205032442810094
UBFC_PHYS_s13_T2_ctrl,79,75,81.5,0.0787794217467308,-0.30094685489386247
UBFC_PHYS_s13_T2_ctrl,79,76,81.53333333333333,-0.07597474008798599,-0.3285779336602104
UBFC_PHYS_s13_T2_ctrl,79,77,81.56666666666666,-0.16757047176361084,-0.34993285630641696
UBFC_PHYS_s13_T2_ctrl,79,78,81.6,-0.2549648582935333,-0.36791576750763666
UBFC_PHYS_s13_T2_ctrl,79,79,81.63333333333334,-0.3708525598049164,-0.38509890784471407
UBFC_PHYS_s13_T2_ctrl,79,80,81.66666666666667,-0.46719661355018616,-0.40620916792155
UBFC_PHYS_s13_T2_ctrl,79,81,81.7,-0.5208649635314941,-0.4396334777554951
UBFC_PHYS_s13_T2_ctrl,79,82,81.73333333333333,-0.5635373592376709,-0.4965328447705716
UBFC_PHYS_s13_T2_ctrl,79,83,81.76666666666667,-0.5895460844039917,-0.5872706791203144
UBFC_PHYS_s13_T2_ctrl,79,84,81.8,-0.5767378211021423,-0.7162071686208118
UBFC_PHYS_s13_T2_ctrl,79,85,81.83333333333333,-0.5790180563926697,-0.8769017489712085
UBFC_PHYS_s13_T2_ctrl,79,86,81.86666666666666,-0.6580130457878113,-1.0499617544140296
UBFC_PHYS_s13_T2_ctrl,79,87,81.9,-0.762357771396637,-1.2050029036642596
UBFC_PHYS_s13_T2_ctrl,79,88,81.93333333333334,-0.7717720866203308,-1.306673645920021
UBFC_PHYS_s13_T2_ctrl,79,89,81.96666666666667,-0.6648834943771362,-1.323104035507029
UBFC_PHYS_s13_T2_ctrl,79,90,82.0,-0.5635308027267456,-1.23414153259794
UBFC_PHYS_s13_T2_ctrl,79,91,82.03333333333333,-0.5719103813171387,-1.0365833859045621
UBFC_PHYS_s13_T2_ctrl,79,92,82.06666666666666,-0.6224120855331421,-0.7443834415505151
UBFC_PHYS_s13_T2_ctrl,79,93,82.1,-0.5862575173377991,-0.38363333630229
UBFC_PHYS_s13_T2_ctrl,79,94,82.13333333333334,-0.4371710419654846,0.015427940792675596
UBFC_PHYS_s13_T2_ctrl,79,95,82.16666666666667,-0.265779584646225,0.42545034483883526
UBFC_PHYS_s13_T2_ctrl,79,96,82.2,-0.16269361972808838,0.8245854260844404
UBFC_PHYS_s13_T2_ctrl,79,97,82.23333333333333,-0.13395977020263672,1.1939523151991027
UBFC_PHYS_s13_T2_ctrl,79,98,82.26666666666667,-0.13186734914779663,1.51287349121783
UBFC_PHYS_s13_T2_ctrl,79,99,82.3,-0.1247827410697937,1.7565710130936383
UBFC_PHYS_s13_T2_ctrl,79,100,82.33333333333333,-0.10049407184123993,1.899234571095535
UBFC_PHYS_s13_T2_ctrl,79,101,82.36666666666666,-0.0454285554587841,1.9214896805647153
UBFC_PHYS_s13_T2_ctrl,79,102,82.4,0.03689457103610039,1.8181819219527635
UBFC_PHYS_s13_T2_ctrl,79,103,82.43333333333334,0.12504355609416962,1.6021103591142714
UBFC_PHYS_s13_T2_ctrl,79,104,82.46666666666667,0.21078705787658691,1.3019558153154143
UBFC_PHYS_s13_T2_ctrl,79,105,82.5,0.2948763966560364,0.9557977501870986
UBFC_PHYS_s13_T2_ctrl,79,106,82.53333333333333,0.36161670088768005,0.6029849829971343
UBFC_PHYS_s13_T2_ctrl,79,107,82.56666666666666,0.39222878217697144,0.2768407612674541
UBFC_PHYS_s13_T2_ctrl,79,108,82.6,0.3806232213973999,-0.00012452286893517225
UBFC_PHYS_s13_T2_ctrl,79,109,82.63333333333334,0.32714924216270447,-0.21777389005690653
UBFC_PHYS_s13_T2_ctrl,79,110,82.66666666666667,0.24938663840293884,-0.37699753664718505
UBFC_PHYS_s13_T2_ctrl,79,111,82.7,0.18925975263118744,-0.48651896198211303
UBFC_PHYS_s13_T2_ctrl,79,112,82.73333333333333,0.16368596255779266,-0.5590413839858889
UBFC_PHYS_s13_T2_ctrl,79,113,82.76666666666667,0.1315910518169403,-0.6075925857597934
UBFC_PHYS_s13_T2_ctrl,79,114,82.8,0.04765987768769264,-0.6425445018945447
UBFC_PHYS_s13_T2_ctrl,79,115,82.83333333333333,-0.08490794152021408,-0.6697210258515373
UBFC_PHYS_s13_T2_ctrl,79,116,82.86666666666666,-0.23574745655059814,-0.690216326281706
UBFC_PHYS_s13_T2_ctrl,79,117,82.9,-0.3723551332950592,-0.7023696021667281
UBFC_PHYS_s13_T2_ctrl,79,118,82.93333333333334,-0.47346070408821106,-0.7053644457598914
UBFC_PHYS_s13_T2_ctrl,79,119,82.96666666666667,-0.5414301156997681,-0.7027316182407443
UBFC_PHYS_s13_T2_ctrl,79,120,83.0,-0.5990691184997559,-0.7035575119304399
UBFC_PHYS_s13_T2_ctrl,79,121,83.03333333333333,-0.6553077101707458,-0.7198665957803352
UBFC_PHYS_s13_T2_ctrl,79,122,83.06666666666666,-0.6756125688552856,-0.7603188125540578
UBFC_PHYS_s13_T2_ctrl,79,123,83.1,-0.6294274926185608,-0.8224421419293007
UBFC_PHYS_s13_T2_ctrl,79,124,83.13333333333334,-0.5450844168663025,-0.8871770053780887
UBFC_PHYS_s13_T2_ctrl,79,125,83.16666666666667,-0.4675755500793457,-0.9195529730661838
UBFC_PHYS_s13_T2_ctrl,79,126,83.2,-0.393510103225708,-0.8773567310926944
UBFC_PHYS_s13_T2_ctrl,79,127,83.23333333333333,-0.28872382640838623,-0.726155448515533
UBFC_PHYS_s13_T2_ctrl,79,128,83.26666666666667,-0.13422009348869324,-0.4554193918933314
UBFC_PHYS_s13_T2_ctrl,79,129,83.3,0.059611447155475616,-0.08872575203035972
UBFC_PHYS_s13_T2_ctrl,79,130,83.33333333333333,0.24874408543109894,0.31749680478372105
UBFC_PHYS_s13_T2_ctrl,79,131,83.36666666666666,0.36789727210998535,0.6878049921774521
UBFC_PHYS_s13_T2_ctrl,79,132,83.4,0.39131930470466614,0.9497741119106323
UBFC_PHYS_s13_T2_ctrl,79,133,83.43333333333334,0.3635410666465759,1.0560306125245487
UBFC_PHYS_s13_T2_ctrl,79,134,83.46666666666667,0.32682961225509644,0.9980239822767678
UBFC_PHYS_s13_T2_ctrl,79,135,83.5,0.26981666684150696,0.8068148164810031
UBFC_PHYS_s13_T2_ctrl,79,136,83.53333333333333,0.1786130666732788,0.5414583862582732
UBFC_PHYS_s13_T2_ctrl,79,137,83.56666666666666,0.07046572118997574,0.2701111149892747
UBFC_PHYS_s13_T2_ctrl,79,138,83.6,-0.04287150874733925,0.05089682788105617
UBFC_PHYS_s13_T2_ctrl,79,139,83.63333333333334,-0.15287402272224426,-0.08134352077140272
UBFC_PHYS_s13_T2_ctrl,79,140,83.66666666666667,-0.24485528469085693,-0.11910696676248231
UBFC_PHYS_s13_T2_ctrl,79,141,83.7,-0.3180837631225586,-0.07731061981461686
UBFC_PHYS_s13_T2_ctrl,79,142,83.73333333333333,-0.3796473443508148,0.01729489118340316
UBFC_PHYS_s13_T2_ctrl,79,143,83.76666666666667,-0.4123452603816986,0.13745197813734122
UBFC_PHYS_s13_T2_ctrl,79,144,83.8,-0.387835830450058,0.2629491788384634
UBFC_PHYS_s13_T2_ctrl,79,145,83.83333333333333,-0.3252902925014496,0.38230027368916614
UBFC_PHYS_s13_T2_ctrl,79,146,83.86666666666666,-0.28329998254776,0.4897931772617744
UBFC_PHYS_s13_T2_ctrl,79,147,83.9,-0.2804397940635681,0.5812499065694768
UBFC_PHYS_s13_T2_ctrl,79,148,83.93333333333334,-0.25846102833747864,0.6513382639093314
UBFC_PHYS_s13_T2_ctrl,79,149,83.96666666666667,-0.1449030190706253,0.6932842075324842
UBFC_PHYS_s13_T2_ctrl,79,150,84.0,0.06325919181108475,0.7002322554055425
UBFC_PHYS_s13_T2_ctrl,79,151,84.03333333333333,0.2819000482559204,0.66701543697195
UBFC_PHYS_s13_T2_ctrl,79,152,84.06666666666666,0.4172654449939728,0.5914602491504228
UBFC_PHYS_s13_T2_ctrl,79,153,84.1,0.4562472701072693,0.4748790657197093
UBFC_PHYS_s13_T2_ctrl,79,154,84.13333333333334,0.4544645845890045,0.3216377685614776
UBFC_PHYS_s13_T2_ctrl,79,155,84.16666666666667,0.46456095576286316,0.1379163136727861
UBFC_PHYS_s13_T2_ctrl,79,156,84.2,0.5026299953460693,-0.06970589462944524
UBFC_PHYS_s13_T2_ctrl,79,157,84.23333333333333,0.5624339580535889,-0.29485608377646694
UBFC_PHYS_s13_T2_ctrl,79,158,84.26666666666667,0.6287722587585449,-0.5304941753711464
UBFC_PHYS_s13_T2_ctrl,79,159,84.3,0.6795507669448853,-0.7666913505945011
UBFC_PHYS_s13_T2_ctrl,79,160,84.33333333333333,0.6978916525840759,-0.9880133827533439
UBFC_PHYS_s13_T2_ctrl,79,161,84.36666666666666,0.6880226135253906,-1.1719951066552
UBFC_PHYS_s13_T2_ctrl,79,162,84.4,0.6725221872329712,-1.2902663083246173
UBFC_PHYS_s13_T2_ctrl,79,163,84.43333333333334,0.6675431728363037,-1.313374062578047
UBFC_PHYS_s13_T2_ctrl,79,164,84.46666666666667,0.6635560393333435,-1.2191603872524988
UBFC_PHYS_s13_T2_ctrl,79,165,84.5,0.6365686058998108,-1.0027061901782255
UBFC_PHYS_s13_T2_ctrl,79,166,84.53333333333333,0.5671592354774475,-0.6839523066949098
UBFC_PHYS_s13_T2_ctrl,79,167,84.56666666666666,0.43855881690979004,-0.3086228195388618
UBFC_PHYS_s13_T2_ctrl,79,168,84.6,0.2233647108078003,0.05992848823754718
UBFC_PHYS_s13_T2_ctrl,79,169,84.63333333333334,-0.0827660784125328,0.3563941994125656
UBFC_PHYS_s13_T2_ctrl,79,170,84.66666666666667,-0.3901885747909546,0.5312284060965211
UBFC_PHYS_s13_T2_ctrl,79,171,84.7,-0.5303946137428284,0.5635904119221685
UBFC_PHYS_s13_T2_ctrl,79,172,84.73333333333333,-0.45249027013778687,0.46513262423274593
UBFC_PHYS_s13_T2_ctrl,79,173,84.76666666666667,-0.33542951941490173,0.2745016823882836
UBFC_PHYS_s13_T2_ctrl,79,174,84.8,-0.3509728014469147,0.045705802213979456
UBFC_PHYS_s13_T2_ctrl,79,175,84.83333333333333,-0.44015976786613464,-0.16539409878812045
UBFC_PHYS_s13_T2_ctrl,79,176,84.86666666666666,-0.48579782247543335,-0.3129649432214432
UBFC_PHYS_s13_T2_ctrl,79,177,84.9,-0.47216901183128357,-0.36933428997368384
UBFC_PHYS_s13_T2_ctrl,79,178,84.93333333333334,-0.42009881138801575,-0.3282770890691777
UBFC_PHYS_s13_T2_ctrl,79,179,84.96666666666667,-0.34368062019348145,-0.20317611800949914
UBFC_PHYS_s13_T2_ctrl,79,180,85.0,-0.29499122500419617,-0.020890440199894254
UBFC_PHYS_s13_T2_ctrl,79,181,85.03333333333333,-0.33186084032058716,0.18656839640675946
UBFC_PHYS_s13_T2_ctrl,79,182,85.06666666666666,-0.42042502760887146,0.38968787076015265
UBFC_PHYS_s13_T2_ctrl,79,183,85.1,-0.4807397425174713,0.5660656740403827
UBFC_PHYS_s13_T2_ctrl,79,184,85.13333333333334,-0.494141161441803,0.7014181090363231
UBFC_PHYS_s13_T2_ctrl,79,185,85.16666666666667,-0.504234254360199,0.7882836272582965
UBFC_PHYS_s13_T2_ctrl,79,186,85.2,-0.5151215195655823,0.8243303251805987
UBFC_PHYS_s13_T2_ctrl,79,187,85.23333333333333,-0.48178431391716003,0.8114519224356832
UBFC_PHYS_s13_T2_ctrl,79,188,85.26666666666667,-0.4235224723815918,0.7555674328563007
UBFC_PHYS_s13_T2_ctrl,79,189,85.3,-0.43000736832618713,0.6662299139371685
UBFC_PHYS_s13_T2_ctrl,79,190,85.33333333333333,-0.5170524716377258,0.5553440863766244
UBFC_PHYS_s13_T2_ctrl,79,191,85.36666666666666,-0.6240366101264954,0.4350983410071633
UBFC_PHYS_s13_T2_ctrl,79,192,85.4,-0.7280452251434326,0.3158819285022252
UBFC_PHYS_s13_T2_ctrl,79,193,85.43333333333334,-0.8581713438034058,0.20507575807236939
UBFC_PHYS_s13_T2_ctrl,79,194,85.46666666666667,-1.0257734060287476,0.10715312020464639
UBFC_PHYS_s13_T2_ctrl,79,195,85.5,-1.1890850067138672,0.024764699887337233
UBFC_PHYS_s13_T2_ctrl,79,196,85.53333333333333,-1.2736389636993408,-0.040135165383877236
UBFC_PHYS_s13_T2_ctrl,79,197,85.56666666666666,-1.2600629329681396,-0.08604443205779441
UBFC_PHYS_s13_T2_ctrl,79,198,85.6,-1.1824222803115845,-0.1127413509224368
UBFC_PHYS_s13_T2_ctrl,79,199,85.63333333333334,-1.0351974964141846,-0.12256835305427105
UBFC_PHYS_s13_T2_ctrl,79,200,85.66666666666667,-0.7916221618652344,-0.1213264789832358
UBFC_PHYS_s13_T2_ctrl,79,201,85.7,-0.5093582272529602,-0.11823290569954643
UBFC_PHYS_s13_T2_ctrl,79,202,85.73333333333333,-0.2786175608634949,-0.12484457755618736
UBFC_PHYS_s13_T2_ctrl,79,203,85.76666666666667,-0.10072802752256393,-0.15324297563961406
UBFC_PHYS_s13_T2_ctrl,79,204,85.8,0.07494385540485382,-0.21399334216501445
UBFC_PHYS_s13_T2_ctrl,79,205,85.83333333333333,0.2721232771873474,-0.3143037303339507
UBFC_PHYS_s13_T2_ctrl,79,206,85.86666666666666,0.4944843649864197,-0.45645526349734644
UBFC_PHYS_s13_T2_ctrl,79,207,85.9,0.6706637144088745,-0.6363005891094052
UBFC_PHYS_s13_T2_ctrl,79,208,85.93333333333334,0.6502830982208252,-0.8417312405551931
UBFC_PHYS_s13_T2_ctrl,79,209,85.96666666666667,0.39202776551246643,-1.0514133313107206
UBFC_PHYS_s13_T2_ctrl,79,210,86.0,0.04363648220896721,-1.2345655919036236
UBFC_PHYS_s13_T2_ctrl,79,211,86.03333333333333,-0.24701032042503357,-1.353036620971087
UBFC_PHYS_s13_T2_ctrl,79,212,86.06666666666666,-0.42732179164886475,-1.3671065346504492
UBFC_PHYS_s13_T2_ctrl,79,213,86.1,-0.44982779026031494,-1.2454446394504306
UBFC_PHYS_s13_T2_ctrl,79,214,86.13333333333334,-0.3331888020038605,-0.9772193128133932
UBFC_PHYS_s13_T2_ctrl,79,215,86.16666666666667,-0.20355038344860077,-0.5816817672281128
UBFC_PHYS_s13_T2_ctrl,79,216,86.2,-0.13938361406326294,-0.10959339636871203
UBFC_PHYS_s13_T2_ctrl,79,217,86.23333333333333,-0.10030294954776764,0.36675551682114504
UBFC_PHYS_s13_T2_ctrl,79,218,86.26666666666667,-0.05214739963412285,0.7727983128051853
UBFC_PHYS_s13_T2_ctrl,79,219,86.3,-0.020520398393273354,1.0528415483056504
UBFC_PHYS_s13_T2_ctrl,79,220,86.33333333333333,0.008196973241865635,1.184212981343939
UBFC_PHYS_s13_T2_ctrl,79,221,86.36666666666666,0.10922016948461533,1.178962647441472
UBFC_PHYS_s13_T2_ctrl,79,222,86.4,0.3221307098865509,1.0742409563873865
UBFC_PHYS_s13_T2_ctrl,79,223,86.43333333333334,0.6063321828842163,0.9174404553104563
UBFC_PHYS_s13_T2_ctrl,79,224,86.46666666666667,0.9182229042053223,0.7522960696085215
UBFC_PHYS_s13_T2_ctrl,79,225,86.5,1.2684496641159058,0.6093411844540857
UBFC_PHYS_s13_T2_ctrl,79,226,86.53333333333333,1.696962833404541,0.5017844534057218
UBFC_PHYS_s13_T2_ctrl,79,227,86.56666666666666,2.22298002243042,0.42659730999876583
UBFC_PHYS_s13_T2_ctrl,79,228,86.6,2.7376718521118164,0.3696182519617236
UBFC_PHYS_s13_T2_ctrl,79,229,86.63333333333334,2.961397171020508,0.3126990224063292
UBFC_PHYS_s13_T2_ctrl,79,230,86.66666666666667,2.7303664684295654,0.24064086383904915
UBFC_PHYS_s13_T2_ctrl,79,231,86.7,2.2194740772247314,0.14606477407019677
UBFC_PHYS_s13_T2_ctrl,79,232,86.73333333333333,1.6936808824539185,0.031304906588017864
UBFC_PHYS_s13_T2_ctrl,79,233,86.76666666666667,1.2523198127746582,-0.09259158047929454
UBFC_PHYS_s13_T2_ctrl,79,234,86.8,0.9104463458061218,-0.20907357427033735
UBFC_PHYS_s13_T2_ctrl,79,235,86.83333333333333,0.6518582105636597,-0.30059937868156367
UBFC_PHYS_s13_T2_ctrl,79,236,86.86666666666666,0.40949544310569763,-0.353464680899319
UBFC_PHYS_s13_T2_ctrl,79,237,86.9,0.1751333624124527,-0.36182352632218834
UBFC_PHYS_s13_T2_ctrl,79,238,86.93333333333334,0.015904365107417107,-0.32968047531524874
UBFC_PHYS_s13_T2_ctrl,79,239,86.96666666666667,-0.07008957862854004,-0.2699580637435296
UBFC_PHYS_s13_T2_ctrl,80,0,80.0,-0.027934521436691284,0.16776105504583733
UBFC_PHYS_s13_T2_ctrl,80,1,80.03333333333333,-0.08935641497373581,0.21325873816519192
UBFC_PHYS_s13_T2_ctrl,80,2,80.06666666666666,-0.1788794845342636,0.2543768313307231
UBFC_PHYS_s13_T2_ctrl,80,3,80.1,-0.27345073223114014,0.29169725685785897
UBFC_PHYS_s13_T2_ctrl,80,4,80.13333333333334,-0.36169198155403137,0.32523307316855393
UBFC_PHYS_s13_T2_ctrl,80,5,80.16666666666667,-0.4661915898323059,0.3544697703790014
UBFC_PHYS_s13_T2_ctrl,80,6,80.2,-0.6032506823539734,0.3781053274248166
UBFC_PHYS_s13_T2_ctrl,80,7,80.23333333333333,-0.7504885792732239,0.3932503972031774
UBFC_PHYS_s13_T2_ctrl,80,8,80.26666666666667,-0.8833727836608887,0.39453669315986545
UBFC_PHYS_s13_T2_ctrl,80,9,80.3,-1.0170378684997559,0.37401498337907374
UBFC_PHYS_s13_T2_ctrl,80,10,80.33333333333333,-1.1913917064666748,0.32230114997543235
UBFC_PHYS_s13_T2_ctrl,80,11,80.36666666666666,-1.4273024797439575,0.23063088087805977
UBFC_PHYS_s13_T2_ctrl,80,12,80.4,-1.6436301469802856,0.09310631237635628
UBFC_PHYS_s13_T2_ctrl,80,13,80.43333333333334,-1.65983247756958,-0.09132504527150608
UBFC_PHYS_s13_T2_ctrl,80,14,80.46666666666667,-1.4031752347946167,-0.3170932957600942
UBFC_PHYS_s13_T2_ctrl,80,15,80.5,-1.0335861444473267,-0.5702761279171609
UBFC_PHYS_s13_T2_ctrl,80,16,80.53333333333333,-0.7604663372039795,-0.8274118315136518
UBFC_PHYS_s13_T2_ctrl,80,17,80.56666666666666,-0.6319812536239624,-1.0560733838815433
UBFC_PHYS_s13_T2_ctrl,80,18,80.6,-0.589717447757721,-1.2183943943405617
UBFC_PHYS_s13_T2_ctrl,80,19,80.63333333333334,-0.5517901182174683,-1.2778869997277273
UBFC_PHYS_s13_T2_ctrl,80,20,80.66666666666667,-0.4624515771865845,-1.2085596018675395
UBFC_PHYS_s13_T2_ctrl,80,21,80.7,-0.3494800925254822,-1.0038255964896343
UBFC_PHYS_s13_T2_ctrl,80,22,80.73333333333333,-0.29734399914741516,-0.681619197236477
UBFC_PHYS_s13_T2_ctrl,80,23,80.76666666666667,-0.3148874342441559,-0.282668978562887
UBFC_PHYS_s13_T2_ctrl,80,24,80.8,-0.26999080181121826,0.13851455712802882
UBFC_PHYS_s13_T2_ctrl,80,25,80.83333333333333,-0.07905901968479156,0.5270057299650369
UBFC_PHYS_s13_T2_ctrl,80,26,80.86666666666666,0.13352860510349274,0.8401164375233653
UBFC_PHYS_s13_T2_ctrl,80,27,80.9,0.19819623231887817,1.0547334629075822
UBFC_PHYS_s13_T2_ctrl,80,28,80.93333333333334,0.1310638189315796,1.1676398759456037
UBFC_PHYS_s13_T2_ctrl,80,29,80.96666666666667,0.0654241144657135,1.1903808886822314
UBFC_PHYS_s13_T2_ctrl,80,30,81.0,0.06162808835506439,1.141823065600169
UBFC_PHYS_s13_T2_ctrl,80,31,81.03333333333333,0.11321720480918884,1.0413603569482417
UBFC_PHYS_s13_T2_ctrl,80,32,81.06666666666666,0.24047650396823883,0.9046423770518545
UBFC_PHYS_s13_T2_ctrl,80,33,81.1,0.4740312695503235,0.7424077794660079
UBFC_PHYS_s13_T2_ctrl,80,34,81.13333333333334,0.7808507680892944,0.5618899132606956
UBFC_PHYS_s13_T2_ctrl,80,35,81.16666666666667,1.0692898035049438,0.3695729317842617
UBFC_PHYS_s13_T2_ctrl,80,36,81.2,1.2613815069198608,0.1739055941710761
UBFC_PHYS_s13_T2_ctrl,80,37,81.23333333333333,1.342748999595642,-0.013118070205832754
UBFC_PHYS_s13_T2_ctrl,80,38,81.26666666666667,1.3577783107757568,-0.17604305057950845
UBFC_PHYS_s13_T2_ctrl,80,39,81.3,1.3506574630737305,-0.2978029913583852
UBFC_PHYS_s13_T2_ctrl,80,40,81.33333333333333,1.29369056224823,-0.3632524495726848
UBFC_PHYS_s13_T2_ctrl,80,41,81.36666666666666,1.1223617792129517,-0.3639172358812678
UBFC_PHYS_s13_T2_ctrl,80,42,81.4,0.8441937565803528,-0.30262551007424904
UBFC_PHYS_s13_T2_ctrl,80,43,81.43333333333334,0.5475958585739136,-0.195840952198944
UBFC_PHYS_s13_T2_ctrl,80,44,81.46666666666667,0.2922237813472748,-0.07161440096653464
UBFC_PHYS_s13_T2_ctrl,80,45,81.5,0.0787794217467308,0.03725552382406027
UBFC_PHYS_s13_T2_ctrl,80,46,81.53333333333333,-0.07597474008798599,0.10250074722735109
UBFC_PHYS_s13_T2_ctrl,80,47,81.56666666666666,-0.16757047176361084,0.10796841563138332
UBFC_PHYS_s13_T2_ctrl,80,48,81.6,-0.2549648582935333,0.05220631951407451
UBFC_PHYS_s13_T2_ctrl,80,49,81.63333333333334,-0.3708525598049164,-0.05453476663081459
UBFC_PHYS_s13_T2_ctrl,80,50,81.66666666666667,-0.46719661355018616,-0.19673004308644468
UBFC_PHYS_s13_T2_ctrl,80,51,81.7,-0.5208649635314941,-0.3600097410742316
UBFC_PHYS_s13_T2_ctrl,80,52,81.73333333333333,-0.5635373592376709,-0.5347839395994788
UBFC_PHYS_s13_T2_ctrl,80,53,81.76666666666667,-0.5895460844039917,-0.7159941217505392
UBFC_PHYS_s13_T2_ctrl,80,54,81.8,-0.5767378211021423,-0.8996243618723369
UBFC_PHYS_s13_T2_ctrl,80,55,81.83333333333333,-0.5790180563926697,-1.0777465489382962
UBFC_PHYS_s13_T2_ctrl,80,56,81.86666666666666,-0.6580130457878113,-1.2343381146547496
UBFC_PHYS_s13_T2_ctrl,80,57,81.9,-0.762357771396637,-1.3438285526359572
UBFC_PHYS_s13_T2_ctrl,80,58,81.93333333333334,-0.7717720866203308,-1.3734549813972083
UBFC_PHYS_s13_T2_ctrl,80,59,81.96666666666667,-0.6648834943771362,-1.2895534804274362
UBFC_PHYS_s13_T2_ctrl,80,60,82.0,-0.5635308027267456,-1.0671114749692723
UBFC_PHYS_s13_T2_ctrl,80,61,82.03333333333333,-0.5719103813171387,-0.7007132380286878
UBFC_PHYS_s13_T2_ctrl,80,62,82.06666666666666,-0.6224120855331421,-0.2132716203006899
UBFC_PHYS_s13_T2_ctrl,80,63,82.1,-0.5862575173377991,0.34211757553275157
UBFC_PHYS_s13_T2_ctrl,80,64,82.13333333333334,-0.4371710419654846,0.8906119030187253
UBFC_PHYS_s13_T2_ctrl,80,65,82.16666666666667,-0.265779584646225,1.3534677834038413
UBFC_PHYS_s13_T2_ctrl,80,66,82.2,-0.16269361972808838,1.6687670841846614
UBFC_PHYS_s13_T2_ctrl,80,67,82.23333333333333,-0.13395977020263672,1.8062040420238727
UBFC_PHYS_s13_T2_ctrl,80,68,82.26666666666667,-0.13186734914779663,1.7708210014021986
UBFC_PHYS_s13_T2_ctrl,80,69,82.3,-0.1247827410697937,1.5965234284784233
UBFC_PHYS_s13_T2_ctrl,80,70,82.33333333333333,-0.10049407184123993,1.3335374888472522
UBFC_PHYS_s13_T2_ctrl,80,71,82.36666666666666,-0.0454285554587841,1.0344389794975275
UBFC_PHYS_s13_T2_ctrl,80,72,82.4,0.03689457103610039,0.7427270945541868
UBFC_PHYS_s13_T2_ctrl,80,73,82.43333333333334,0.12504355609416962,0.48656422733708754
UBFC_PHYS_s13_T2_ctrl,80,74,82.46666666666667,0.21078705787658691,0.27824176862314226
UBFC_PHYS_s13_T2_ctrl,80,75,82.5,0.2948763966560364,0.11792405115151589
UBFC_PHYS_s13_T2_ctrl,80,76,82.53333333333333,0.36161670088768005,-0.0008538831439551288
UBFC_PHYS_s13_T2_ctrl,80,77,82.56666666666666,0.39222878217697144,-0.08633179189366794
UBFC_PHYS_s13_T2_ctrl,80,78,82.6,0.3806232213973999,-0.1456893103157731
UBFC_PHYS_s13_T2_ctrl,80,79,82.63333333333334,0.32714924216270447,-0.18438817282406483
UBFC_PHYS_s13_T2_ctrl,80,80,82.66666666666667,0.24938663840293884,-0.2070082413871407
UBFC_PHYS_s13_T2_ctrl,80,81,82.7,0.18925975263118744,-0.21847223730214602
UBFC_PHYS_s13_T2_ctrl,80,82,82.73333333333333,0.16368596255779266,-0.2244969114054006
UBFC_PHYS_s13_T2_ctrl,80,83,82.76666666666667,0.1315910518169403,-0.23070933297004312
UBFC_PHYS_s13_T2_ctrl,80,84,82.8,0.04765987768769264,-0.24106047848241421
UBFC_PHYS_s13_T2_ctrl,80,85,82.83333333333333,-0.08490794152021408,-0.2569403401144724
UBFC_PHYS_s13_T2_ctrl,80,86,82.86666666666666,-0.23574745655059814,-0.2779560510645037
UBFC_PHYS_s13_T2_ctrl,80,87,82.9,-0.3723551332950592,-0.30420286923584183
UBFC_PHYS_s13_T2_ctrl,80,88,82.93333333333334,-0.47346070408821106,-0.33895639256881566
UBFC_PHYS_s13_T2_ctrl,80,89,82.96666666666667,-0.5414301156997681,-0.39029624201110424
UBFC_PHYS_s13_T2_ctrl,80,90,83.0,-0.5990691184997559,-0.4702016153017406
UBFC_PHYS_s13_T2_ctrl,80,91,83.03333333333333,-0.6553077101707458,-0.5902902800759261
UBFC_PHYS_s13_T2_ctrl,80,92,83.06666666666666,-0.6756125688552856,-0.7546889305736637
UBFC_PHYS_s13_T2_ctrl,80,93,83.1,-0.6294274926185608,-0.9522522002385622
UBFC_PHYS_s13_T2_ctrl,80,94,83.13333333333334,-0.5450844168663025,-1.151767733437927
UBFC_PHYS_s13_T2_ctrl,80,95,83.16666666666667,-0.4675755500793457,-1.3038288443572716
UBFC_PHYS_s13_T2_ctrl,80,96,83.2,-0.393510103225708,-1.3511099446361146
UBFC_PHYS_s13_T2_ctrl,80,97,83.23333333333333,-0.28872382640838623,-1.245396235086721
UBFC_PHYS_s13_T2_ctrl,80,98,83.26666666666667,-0.13422009348869324,-0.9662292956487907
UBFC_PHYS_s13_T2_ctrl,80,99,83.3,0.059611447155475616,-0.5338954872586009
UBFC_PHYS_s13_T2_ctrl,80,100,83.33333333333333,0.24874408543109894,-0.010051979110554637
UBFC_PHYS_s13_T2_ctrl,80,101,83.36666666666666,0.36789727210998535,0.5165600598449119
UBFC_PHYS_s13_T2_ctrl,80,102,83.4,0.39131930470466614,0.9551744689479151
UBFC_PHYS_s13_T2_ctrl,80,103,83.43333333333334,0.3635410666465759,1.239294856074512
UBFC_PHYS_s13_T2_ctrl,80,104,83.46666666666667,0.32682961225509644,1.3440626077312796
UBFC_PHYS_s13_T2_ctrl,80,105,83.5,0.26981666684150696,1.288692600941789
UBFC_PHYS_s13_T2_ctrl,80,106,83.53333333333333,0.1786130666732788,1.1244458407160167
UBFC_PHYS_s13_T2_ctrl,80,107,83.56666666666666,0.07046572118997574,0.9142111772622302
UBFC_PHYS_s13_T2_ctrl,80,108,83.6,-0.04287150874733925,0.7121104738608788
UBFC_PHYS_s13_T2_ctrl,80,109,83.63333333333334,-0.15287402272224426,0.5502265877633187
UBFC_PHYS_s13_T2_ctrl,80,110,83.66666666666667,-0.24485528469085693,0.43573917041468846
UBFC_PHYS_s13_T2_ctrl,80,111,83.7,-0.3180837631225586,0.357307197178065
UBFC_PHYS_s13_T2_ctrl,80,112,83.73333333333333,-0.3796473443508148,0.29627355646930037
UBFC_PHYS_s13_T2_ctrl,80,113,83.76666666666667,-0.4123452603816986,0.2372947862909684
UBFC_PHYS_s13_T2_ctrl,80,114,83.8,-0.387835830450058,0.17439509624706684
UBFC_PHYS_s13_T2_ctrl,80,115,83.83333333333333,-0.3252902925014496,0.11121824653089328
UBFC_PHYS_s13_T2_ctrl,80,116,83.86666666666666,-0.28329998254776,0.05694874230976642
UBFC_PHYS_s13_T2_ctrl,80,117,83.9,-0.2804397940635681,0.020762309252547188
UBFC_PHYS_s13_T2_ctrl,80,118,83.93333333333334,-0.25846102833747864,0.007356453165802874
UBFC_PHYS_s13_T2_ctrl,80,119,83.96666666666667,-0.1449030190706253,0.014876726160197314
UBFC_PHYS_s13_T2_ctrl,80,120,84.0,0.06325919181108475,0.03540653740563106
UBFC_PHYS_s13_T2_ctrl,80,121,84.03333333333333,0.2819000482559204,0.057443839553576036
UBFC_PHYS_s13_T2_ctrl,80,122,84.06666666666666,0.4172654449939728,0.06934410371482737
UBFC_PHYS_s13_T2_ctrl,80,123,84.1,0.4562472701072693,0.06250486027080053
UBFC_PHYS_s13_T2_ctrl,80,124,84.13333333333334,0.4544645845890045,0.03315505438581605
UBFC_PHYS_s13_T2_ctrl,80,125,84.16666666666667,0.46456095576286316,-0.017860119462680825
UBFC_PHYS_s13_T2_ctrl,80,126,84.2,0.5026299953460693,-0.08698713061755667
UBFC_PHYS_s13_T2_ctrl,80,127,84.23333333333333,0.5624339580535889,-0.1704135439440561
UBFC_PHYS_s13_T2_ctrl,80,128,84.26666666666667,0.6287722587585449,-0.265650645378875
UBFC_PHYS_s13_T2_ctrl,80,129,84.3,0.6795507669448853,-0.3712650295199012
UBFC_PHYS_s13_T2_ctrl,80,130,84.33333333333333,0.6978916525840759,-0.4846913486985064
UBFC_PHYS_s13_T2_ctrl,80,131,84.36666666666666,0.6880226135253906,-0.5991808572674003
UBFC_PHYS_s13_T2_ctrl,80,132,84.4,0.6725221872329712,-0.7018016205692793
UBFC_PHYS_s13_T2_ctrl,80,133,84.43333333333334,0.6675431728363037,-0.7743491985209008
UBFC_PHYS_s13_T2_ctrl,80,134,84.46666666666667,0.6635560393333435,-0.7977792423661958
UBFC_PHYS_s13_T2_ctrl,80,135,84.5,0.6365686058998108,-0.758922750728419
UBFC_PHYS_s13_T2_ctrl,80,136,84.53333333333333,0.5671592354774475,-0.6567681441083758
UBFC_PHYS_s13_T2_ctrl,80,137,84.56666666666666,0.43855881690979004,-0.5052484080423509
UBFC_PHYS_s13_T2_ctrl,80,138,84.6,0.2233647108078003,-0.330580841802025
UBFC_PHYS_s13_T2_ctrl,80,139,84.63333333333334,-0.0827660784125328,-0.16355215285747177
UBFC_PHYS_s13_T2_ctrl,80,140,84.66666666666667,-0.3901885747909546,-0.029752903771910963
UBFC_PHYS_s13_T2_ctrl,80,141,84.7,-0.5303946137428284,0.05802274516163707
UBFC_PHYS_s13_T2_ctrl,80,142,84.73333333333333,-0.45249027013778687,0.10215239375766785
UBFC_PHYS_s13_T2_ctrl,80,143,84.76666666666667,-0.33542951941490173,0.1168916757627514
UBFC_PHYS_s13_T2_ctrl,80,144,84.8,-0.3509728014469147,0.12139397301646733
UBFC_PHYS_s13_T2_ctrl,80,145,84.83333333333333,-0.44015976786613464,0.13224357354774563
UBFC_PHYS_s13_T2_ctrl,80,146,84.86666666666666,-0.48579782247543335,0.15843538770353205
UBFC_PHYS_s13_T2_ctrl,80,147,84.9,-0.47216901183128357,0.20030993749960063
UBFC_PHYS_s13_T2_ctrl,80,148,84.93333333333334,-0.42009881138801575,0.25210132878522507
UBFC_PHYS_s13_T2_ctrl,80,149,84.96666666666667,-0.34368062019348145,0.3063345557754059
UBFC_PHYS_s13_T2_ctrl,80,150,85.0,-0.29499122500419617,0.35786457083616924
UBFC_PHYS_s13_T2_ctrl,80,151,85.03333333333333,-0.33186084032058716,0.4058069148220639
UBFC_PHYS_s13_T2_ctrl,80,152,85.06666666666666,-0.42042502760887146,0.45261421577860483
UBFC_PHYS_s13_T2_ctrl,80,153,85.1,-0.4807397425174713,0.500862854466438
UBFC_PHYS_s13_T2_ctrl,80,154,85.13333333333334,-0.494141161441803,0.5495434753232764
UBFC_PHYS_s13_T2_ctrl,80,155,85.16666666666667,-0.504234254360199,0.5920519021418247
UBFC_PHYS_s13_T2_ctrl,80,156,85.2,-0.5151215195655823,0.6172193334616026
UBFC_PHYS_s13_T2_ctrl,80,157,85.23333333333333,-0.48178431391716003,0.6130797856099399
UBFC_PHYS_s13_T2_ctrl,80,158,85.26666666666667,-0.4235224723815918,0.5716143056728926
UBFC_PHYS_s13_T2_ctrl,80,159,85.3,-0.43000736832618713,0.4922941500654678
UBFC_PHYS_s13_T2_ctrl,80,160,85.33333333333333,-0.5170524716377258,0.38305480504690415
UBFC_PHYS_s13_T2_ctrl,80,161,85.36666666666666,-0.6240366101264954,0.2585577680674901
UBFC_PHYS_s13_T2_ctrl,80,162,85.4,-0.7280452251434326,0.1363999354875777
UBFC_PHYS_s13_T2_ctrl,80,163,85.43333333333334,-0.8581713438034058,0.03238399919256023
UBFC_PHYS_s13_T2_ctrl,80,164,85.46666666666667,-1.0257734060287476,-0.04367038690527196
UBFC_PHYS_s13_T2_ctrl,80,165,85.5,-1.1890850067138672,-0.09014603657713845
UBFC_PHYS_s13_T2_ctrl,80,166,85.53333333333333,-1.2736389636993408,-0.11320957289154548
UBFC_PHYS_s13_T2_ctrl,80,167,85.56666666666666,-1.2600629329681396,-0.1241458838436699
UBFC_PHYS_s13_T2_ctrl,80,168,85.6,-1.1824222803115845,-0.13557107648421324
UBFC_PHYS_s13_T2_ctrl,80,169,85.63333333333334,-1.0351974964141846,-0.15777944960950893
UBFC_PHYS_s13_T2_ctrl,80,170,85.66666666666667,-0.7916221618652344,-0.19613194500303618
UBFC_PHYS_s13_T2_ctrl,80,171,85.7,-0.5093582272529602,-0.25000755660714097
UBFC_PHYS_s13_T2_ctrl,80,172,85.73333333333333,-0.2786175608634949,-0.3136583866607465
UBFC_PHYS_s13_T2_ctrl,80,173,85.76666666666667,-0.10072802752256393,-0.37898095465891485
UBFC_PHYS_s13_T2_ctrl,80,174,85.8,0.07494385540485382,-0.4394561862012442
UBFC_PHYS_s13_T2_ctrl,80,175,85.83333333333333,0.2721232771873474,-0.49374539298606773
UBFC_PHYS_s13_T2_ctrl,80,176,85.86666666666666,0.4944843649864197,-0.5472552637861346
UBFC_PHYS_s13_T2_ctrl,80,177,85.9,0.6706637144088745,-0.6105298626642348
UBFC_PHYS_s13_T2_ctrl,80,178,85.93333333333334,0.6502830982208252,-0.6943909775652286
UBFC_PHYS_s13_T2_ctrl,80,179,85.96666666666667,0.39202776551246643,-0.8030304225528284
UBFC_PHYS_s13_T2_ctrl,80,180,86.0,0.04363648220896721,-0.9273955514775353
UBFC_PHYS_s13_T2_ctrl,80,181,86.03333333333333,-0.24701032042503357,-1.0418209112829047
UBFC_PHYS_s13_T2_ctrl,80,182,86.06666666666666,-0.42732179164886475,-1.1065477941359034
UBFC_PHYS_s13_T2_ctrl,80,183,86.1,-0.44982779026031494,-1.0772031798365342
UBFC_PHYS_s13_T2_ctrl,80,184,86.13333333333334,-0.3331888020038605,-0.919548279665085
UBFC_PHYS_s13_T2_ctrl,80,185,86.16666666666667,-0.20355038344860077,-0.6245975874524525
UBFC_PHYS_s13_T2_ctrl,80,186,86.2,-0.13938361406326294,-0.21719477965733178
UBFC_PHYS_s13_T2_ctrl,80,187,86.23333333333333,-0.10030294954776764,0.24736118224990314
UBFC_PHYS_s13_T2_ctrl,80,188,86.26666666666667,-0.05214739963412285,0.6985441810890124
UBFC_PHYS_s13_T2_ctrl,80,189,86.3,-0.020520398393273354,1.0714205123619258
UBFC_PHYS_s13_T2_ctrl,80,190,86.33333333333333,0.008196973241865635,1.3240730530607152
UBFC_PHYS_s13_T2_ctrl,80,191,86.36666666666666,0.10922016948461533,1.4448773395700303
UBFC_PHYS_s13_T2_ctrl,80,192,86.4,0.3221307098865509,1.44855713191933
UBFC_PHYS_s13_T2_ctrl,80,193,86.43333333333334,0.6063321828842163,1.3651508167173607
UBFC_PHYS_s13_T2_ctrl,80,194,86.46666666666667,0.9182229042053223,1.2276464464772114
UBFC_PHYS_s13_T2_ctrl,80,195,86.5,1.2684496641159058,1.062652322345914
UBFC_PHYS_s13_T2_ctrl,80,196,86.53333333333333,1.696962833404541,0.8861752713193495
UBFC_PHYS_s13_T2_ctrl,80,197,86.56666666666666,2.22298002243042,0.7044538521831887
UBFC_PHYS_s13_T2_ctrl,80,198,86.6,2.7376718521118164,0.5181930856817866
UBFC_PHYS_s13_T2_ctrl,80,199,86.63333333333334,2.961397171020508,0.32780153846314564
UBFC_PHYS_s13_T2_ctrl,80,200,86.66666666666667,2.7303664684295654,0.13744724136172623
UBFC_PHYS_s13_T2_ctrl,80,201,86.7,2.2194740772247314,-0.043367700233573864
UBFC_PHYS_s13_T2_ctrl,80,202,86.73333333333333,1.6936808824539185,-0.2009332222908598
UBFC_PHYS_s13_T2_ctrl,80,203,86.76666666666667,1.2523198127746582,-0.3205081873800851
UBFC_PHYS_s13_T2_ctrl,80,204,86.8,0.9104463458061218,-0.3904367066743236
UBFC_PHYS_s13_T2_ctrl,80,205,86.83333333333333,0.6518582105636597,-0.40596536625461893
UBFC_PHYS_s13_T2_ctrl,80,206,86.86666666666666,0.40949544310569763,-0.3716000501019763
UBFC_PHYS_s13_T2_ctrl,80,207,86.9,0.1751333624124527,-0.3011414596636514
UBFC_PHYS_s13_T2_ctrl,80,208,86.93333333333334,0.015904365107417107,-0.2151398532179807
UBFC_PHYS_s13_T2_ctrl,80,209,86.96666666666667,-0.07008957862854004,-0.13639933768847462
UBFC_PHYS_s13_T2_ctrl,80,210,87.0,-0.17710667848587036,-0.08505447943571813
UBFC_PHYS_s13_T2_ctrl,80,211,87.03333333333333,-0.36023882031440735,-0.07500943262613001
UBFC_PHYS_s13_T2_ctrl,80,212,87.06666666666666,-0.568305492401123,-0.11279584978606291
UBFC_PHYS_s13_T2_ctrl,80,213,87.1,-0.7202752232551575,-0.19857739913818806
UBFC_PHYS_s13_T2_ctrl,80,214,87.13333333333334,-0.7544559836387634,-0.327914587769836
UBFC_PHYS_s13_T2_ctrl,80,215,87.16666666666667,-0.6316418647766113,-0.49268716099195503
UBFC_PHYS_s13_T2_ctrl,80,216,87.2,-0.3280582129955292,-0.6804240479412135
UBFC_PHYS_s13_T2_ctrl,80,217,87.23333333333333,0.09648764878511429,-0.8726588236032925
UBFC_PHYS_s13_T2_ctrl,80,218,87.26666666666667,0.43744176626205444,-1.0439688902658368
UBFC_PHYS_s13_T2_ctrl,80,219,87.3,0.5414305925369263,-1.1634696613744189
UBFC_PHYS_s13_T2_ctrl,80,220,87.33333333333333,0.5101330876350403,-1.1996242424577148
UBFC_PHYS_s13_T2_ctrl,80,221,87.36666666666666,0.4901248514652252,-1.127795325980252
UBFC_PHYS_s13_T2_ctrl,80,222,87.4,0.48069408535957336,-0.9386250294012144
UBFC_PHYS_s13_T2_ctrl,80,223,87.43333333333334,0.45261597633361816,-0.6443237406724549
UBFC_PHYS_s13_T2_ctrl,80,224,87.46666666666667,0.4332173466682434,-0.27964327297358466
UBFC_PHYS_s13_T2_ctrl,80,225,87.5,0.41819798946380615,0.10443225876421962
UBFC_PHYS_s13_T2_ctrl,80,226,87.53333333333333,0.36464494466781616,0.45324173629009706
UBFC_PHYS_s13_T2_ctrl,80,227,87.56666666666666,0.2745682895183563,0.722968679568131
UBFC_PHYS_s13_T2_ctrl,80,228,87.6,0.18516714870929718,0.8913969913963578
UBFC_PHYS_s13_T2_ctrl,80,229,87.63333333333334,0.11162564158439636,0.9606513927525689
UBFC_PHYS_s13_T2_ctrl,80,230,87.66666666666667,0.04156052693724632,0.9515583488245113
UBFC_PHYS_s13_T2_ctrl,80,231,87.7,-0.022092191502451897,0.893111240397291
UBFC_PHYS_s13_T2_ctrl,80,232,87.73333333333333,-0.07342758029699326,0.812011975484008
UBFC_PHYS_s13_T2_ctrl,80,233,87.76666666666667,-0.13218697905540466,0.7261485672908832
UBFC_PHYS_s13_T2_ctrl,80,234,87.8,-0.20140522718429565,0.6433232361205009
UBFC_PHYS_s13_T2_ctrl,80,235,87.83333333333333,-0.27795523405075073,0.5640211742668134
UBFC_PHYS_s13_T2_ctrl,80,236,87.86666666666666,-0.3985055685043335,0.4856451065747028
UBFC_PHYS_s13_T2_ctrl,80,237,87.9,-0.5679396986961365,0.40583383630737924
UBFC_PHYS_s13_T2_ctrl,80,238,87.93333333333334,-0.7017596960067749,0.32382877646529273
UBFC_PHYS_s13_T2_ctrl,80,239,87.96666666666667,-0.7196722030639648,0.24033254246198413
UBFC_PHYS_s13_T2_ctrl,81,0,81.0,0.06162808835506439,0.07904155196802798
UBFC_PHYS_s13_T2_ctrl,81,1,81.03333333333333,0.11321720480918884,0.06310341463312873
UBFC_PHYS_s13_T2_ctrl,81,2,81.06666666666666,0.24047650396823883,0.04538095102667056
UBFC_PHYS_s13_T2_ctrl,81,3,81.1,0.4740312695503235,0.02605947006937991
UBFC_PHYS_s13_T2_ctrl,81,4,81.13333333333334,0.7808507680892944,0.008837731188153966
UBFC_PHYS_s13_T2_ctrl,81,5,81.16666666666667,1.0692898035049438,-5.220104344708608e-05
UBFC_PHYS_s13_T2_ctrl,81,6,81.2,1.2613815069198608,0.0059706627746656474
UBFC_PHYS_s13_T2_ctrl,81,7,81.23333333333333,1.342748999595642,0.031503836302393985
UBFC_PHYS_s13_T2_ctrl,81,8,81.26666666666667,1.3577783107757568,0.07748274059766594
UBFC_PHYS_s13_T2_ctrl,81,9,81.3,1.3506574630737305,0.14047737009545552
UBFC_PHYS_s13_T2_ctrl,81,10,81.33333333333333,1.29369056224823,0.21292907276437714
UBFC_PHYS_s13_T2_ctrl,81,11,81.36666666666666,1.1223617792129517,0.2842077527777522
UBFC_PHYS_s13_T2_ctrl,81,12,81.4,0.8441937565803528,0.3424414178077899
UBFC_PHYS_s13_T2_ctrl,81,13,81.43333333333334,0.5475958585739136,0.3769658730575299
UBFC_PHYS_s13_T2_ctrl,81,14,81.46666666666667,0.2922237813472748,0.38080848219499347
UBFC_PHYS_s13_T2_ctrl,81,15,81.5,0.0787794217467308,0.35219717461132377
UBFC_PHYS_s13_T2_ctrl,81,16,81.53333333333333,-0.07597474008798599,0.2941658364114343
UBFC_PHYS_s13_T2_ctrl,81,17,81.56666666666666,-0.16757047176361084,0.21212374734661832
UBFC_PHYS_s13_T2_ctrl,81,18,81.6,-0.2549648582935333,0.11045595132186425
UBFC_PHYS_s13_T2_ctrl,81,19,81.63333333333334,-0.3708525598049164,-0.010066640899927436
UBFC_PHYS_s13_T2_ctrl,81,20,81.66666666666667,-0.46719661355018616,-0.15267938784279775
UBFC_PHYS_s13_T2_ctrl,81,21,81.7,-0.5208649635314941,-0.3225040126404611
UBFC_PHYS_s13_T2_ctrl,81,22,81.73333333333333,-0.5635373592376709,-0.5225844195639094
UBFC_PHYS_s13_T2_ctrl,81,23,81.76666666666667,-0.5895460844039917,-0.7492983135204009
UBFC_PHYS_s13_T2_ctrl,81,24,81.8,-0.5767378211021423,-0.9885341341868276
UBFC_PHYS_s13_T2_ctrl,81,25,81.83333333333333,-0.5790180563926697,-1.2140330782579303
UBFC_PHYS_s13_T2_ctrl,81,26,81.86666666666666,-0.6580130457878113,-1.3891964879202394
UBFC_PHYS_s13_T2_ctrl,81,27,81.9,-0.762357771396637,-1.4730892456440199
UBFC_PHYS_s13_T2_ctrl,81,28,81.93333333333334,-0.7717720866203308,-1.4300785899902442
UBFC_PHYS_s13_T2_ctrl,81,29,81.96666666666667,-0.6648834943771362,-1.240907233366003
UBFC_PHYS_s13_T2_ctrl,81,30,82.0,-0.5635308027267456,-0.9117200160157269
UBFC_PHYS_s13_T2_ctrl,81,31,82.03333333333333,-0.5719103813171387,-0.4772593904987703
UBFC_PHYS_s13_T2_ctrl,81,32,82.06666666666666,-0.6224120855331421,0.004380988594418759
UBFC_PHYS_s13_T2_ctrl,81,33,82.1,-0.5862575173377991,0.46508943303646433
UBFC_PHYS_s13_T2_ctrl,81,34,82.13333333333334,-0.4371710419654846,0.8439039553772233
UBFC_PHYS_s13_T2_ctrl,81,35,82.16666666666667,-0.265779584646225,1.1015293633807657
UBFC_PHYS_s13_T2_ctrl,81,36,82.2,-0.16269361972808838,1.227038732757493
UBFC_PHYS_s13_T2_ctrl,81,37,82.23333333333333,-0.13395977020263672,1.2353914082609283
UBFC_PHYS_s13_T2_ctrl,81,38,82.26666666666667,-0.13186734914779663,1.1582197533634784
UBFC_PHYS_s13_T2_ctrl,81,39,82.3,-0.1247827410697937,1.0323853448490004
UBFC_PHYS_s13_T2_ctrl,81,40,82.33333333333333,-0.10049407184123993,0.8905029031988303
UBFC_PHYS_s13_T2_ctrl,81,41,82.36666666666666,-0.0454285554587841,0.7557176846186197
UBFC_PHYS_s13_T2_ctrl,81,42,82.4,0.03689457103610039,0.6408047817559771
UBFC_PHYS_s13_T2_ctrl,81,43,82.43333333333334,0.12504355609416962,0.5501388946663793
UBFC_PHYS_s13_T2_ctrl,81,44,82.46666666666667,0.21078705787658691,0.48266422141474435
UBFC_PHYS_s13_T2_ctrl,81,45,82.5,0.2948763966560364,0.43443363395402645
UBFC_PHYS_s13_T2_ctrl,81,46,82.53333333333333,0.36161670088768005,0.40006476859694834
UBFC_PHYS_s13_T2_ctrl,81,47,82.56666666666666,0.39222878217697144,0.37320146590568487
UBFC_PHYS_s13_T2_ctrl,81,48,82.6,0.3806232213973999,0.34655205264123023
UBFC_PHYS_s13_T2_ctrl,81,49,82.63333333333334,0.32714924216270447,0.3121689870678351
UBFC_PHYS_s13_T2_ctrl,81,50,82.66666666666667,0.24938663840293884,0.2623629188442281
UBFC_PHYS_s13_T2_ctrl,81,51,82.7,0.18925975263118744,0.19122001115183368
UBFC_PHYS_s13_T2_ctrl,81,52,82.73333333333333,0.16368596255779266,0.09633555271376645
UBFC_PHYS_s13_T2_ctrl,81,53,82.76666666666667,0.1315910518169403,-0.01984503352339914
UBFC_PHYS_s13_T2_ctrl,81,54,82.8,0.04765987768769264,-0.14975357773539388
UBFC_PHYS_s13_T2_ctrl,81,55,82.83333333333333,-0.08490794152021408,-0.28198705864104473
UBFC_PHYS_s13_T2_ctrl,81,56,82.86666666666666,-0.23574745655059814,-0.40417052942350834
UBFC_PHYS_s13_T2_ctrl,81,57,82.9,-0.3723551332950592,-0.5067747737344759
UBFC_PHYS_s13_T2_ctrl,81,58,82.93333333333334,-0.47346070408821106,-0.5867028869328968
UBFC_PHYS_s13_T2_ctrl,81,59,82.96666666666667,-0.5414301156997681,-0.6491581800539552
UBFC_PHYS_s13_T2_ctrl,81,60,83.0,-0.5990691184997559,-0.7064759676429794
UBFC_PHYS_s13_T2_ctrl,81,61,83.03333333333333,-0.6553077101707458,-0.7734716787083467
UBFC_PHYS_s13_T2_ctrl,81,62,83.06666666666666,-0.6756125688552856,-0.8603411534492855
UBFC_PHYS_s13_T2_ctrl,81,63,83.1,-0.6294274926185608,-0.9656010265959278
UBFC_PHYS_s13_T2_ctrl,81,64,83.13333333333334,-0.5450844168663025,-1.0721694227059089
UBFC_PHYS_s13_T2_ctrl,81,65,83.16666666666667,-0.4675755500793457,-1.14897895268801
UBFC_PHYS_s13_T2_ctrl,81,66,83.2,-0.393510103225708,-1.1585898736129305
UBFC_PHYS_s13_T2_ctrl,81,67,83.23333333333333,-0.28872382640838623,-1.0689197014350207
UBFC_PHYS_s13_T2_ctrl,81,68,83.26666666666667,-0.13422009348869324,-0.8654080530153768
UBFC_PHYS_s13_T2_ctrl,81,69,83.3,0.059611447155475616,-0.5593186828781718
UBFC_PHYS_s13_T2_ctrl,81,70,83.33333333333333,0.24874408543109894,-0.1886827580929291
UBFC_PHYS_s13_T2_ctrl,81,71,83.36666666666666,0.36789727210998535,0.1895097987712509
UBFC_PHYS_s13_T2_ctrl,81,72,83.4,0.39131930470466614,0.5143110921538325
UBFC_PHYS_s13_T2_ctrl,81,73,83.43333333333334,0.3635410666465759,0.738378473554266
UBFC_PHYS_s13_T2_ctrl,81,74,83.46666666666667,0.32682961225509644,0.8415405186580813
UBFC_PHYS_s13_T2_ctrl,81,75,83.5,0.26981666684150696,0.8347627456919484
UBFC_PHYS_s13_T2_ctrl,81,76,83.53333333333333,0.1786130666732788,0.7531231653482364
UBFC_PHYS_s13_T2_ctrl,81,77,83.56666666666666,0.07046572118997574,0.6414033858864042
UBFC_PHYS_s13_T2_ctrl,81,78,83.6,-0.04287150874733925,0.5386915316906102
UBFC_PHYS_s13_T2_ctrl,81,79,83.63333333333334,-0.15287402272224426,0.4679918882385335
UBFC_PHYS_s13_T2_ctrl,81,80,83.66666666666667,-0.24485528469085693,0.43395224734226545
UBFC_PHYS_s13_T2_ctrl,81,81,83.7,-0.3180837631225586,0.42801418506505384
UBFC_PHYS_s13_T2_ctrl,81,82,83.73333333333333,-0.3796473443508148,0.4372780372429
UBFC_PHYS_s13_T2_ctrl,81,83,83.76666666666667,-0.4123452603816986,0.4523520617270676
UBFC_PHYS_s13_T2_ctrl,81,84,83.8,-0.387835830450058,0.4707026609698872
UBFC_PHYS_s13_T2_ctrl,81,85,83.83333333333333,-0.3252902925014496,0.4947587695821408
UBFC_PHYS_s13_T2_ctrl,81,86,83.86666666666666,-0.28329998254776,0.5268220207162485
UBFC_PHYS_s13_T2_ctrl,81,87,83.9,-0.2804397940635681,0.5642088991699586
UBFC_PHYS_s13_T2_ctrl,81,88,83.93333333333334,-0.25846102833747864,0.5973641009639863
UBFC_PHYS_s13_T2_ctrl,81,89,83.96666666666667,-0.1449030190706253,0.6117604565319326
UBFC_PHYS_s13_T2_ctrl,81,90,84.0,0.06325919181108475,0.5925512576435278
UBFC_PHYS_s13_T2_ctrl,81,91,84.03333333333333,0.2819000482559204,0.52986930235291
UBFC_PHYS_s13_T2_ctrl,81,92,84.06666666666666,0.4172654449939728,0.4225366080971396
UBFC_PHYS_s13_T2_ctrl,81,93,84.1,0.4562472701072693,0.2786507190582498
UBFC_PHYS_s13_T2_ctrl,81,94,84.13333333333334,0.4544645845890045,0.11274445214621207
UBFC_PHYS_s13_T2_ctrl,81,95,84.16666666666667,0.46456095576286316,-0.05943790456653805
UBFC_PHYS_s13_T2_ctrl,81,96,84.2,0.5026299953460693,-0.22648909447080315
UBFC_PHYS_s13_T2_ctrl,81,97,84.23333333333333,0.5624339580535889,-0.38486310061707346
UBFC_PHYS_s13_T2_ctrl,81,98,84.26666666666667,0.6287722587585449,-0.5386514835134086
UBFC_PHYS_s13_T2_ctrl,81,99,84.3,0.6795507669448853,-0.6952828466114727
UBFC_PHYS_s13_T2_ctrl,81,100,84.33333333333333,0.6978916525840759,-0.8585449036781887
UBFC_PHYS_s13_T2_ctrl,81,101,84.36666666666666,0.6880226135253906,-1.0217803293796515
UBFC_PHYS_s13_T2_ctrl,81,102,84.4,0.6725221872329712,-1.1646387048990647
UBFC_PHYS_s13_T2_ctrl,81,103,84.43333333333334,0.6675431728363037,-1.2558956532164467
UBFC_PHYS_s13_T2_ctrl,81,104,84.46666666666667,0.6635560393333435,-1.2625946426358081
UBFC_PHYS_s13_T2_ctrl,81,105,84.5,0.6365686058998108,-1.1628772952701545
UBFC_PHYS_s13_T2_ctrl,81,106,84.53333333333333,0.5671592354774475,-0.9575430859929298
UBFC_PHYS_s13_T2_ctrl,81,107,84.56666666666666,0.43855881690979004,-0.6748098250031395
UBFC_PHYS_s13_T2_ctrl,81,108,84.6,0.2233647108078003,-0.3647192675225019
UBFC_PHYS_s13_T2_ctrl,81,109,84.63333333333334,-0.0827660784125328,-0.08414412707600413
UBFC_PHYS_s13_T2_ctrl,81,110,84.66666666666667,-0.3901885747909546,0.12140062815356278
UBFC_PHYS_s13_T2_ctrl,81,111,84.7,-0.5303946137428284,0.2308964552438309
UBFC_PHYS_s13_T2_ctrl,81,112,84.73333333333333,-0.45249027013778687,0.25094011422855395
UBFC_PHYS_s13_T2_ctrl,81,113,84.76666666666667,-0.33542951941490173,0.20940841835245744
UBFC_PHYS_s13_T2_ctrl,81,114,84.8,-0.3509728014469147,0.1438323967626261
UBFC_PHYS_s13_T2_ctrl,81,115,84.83333333333333,-0.44015976786613464,0.08935243712911599
UBFC_PHYS_s13_T2_ctrl,81,116,84.86666666666666,-0.48579782247543335,0.06998982248422711
UBFC_PHYS_s13_T2_ctrl,81,117,84.9,-0.47216901183128357,0.09504399562571932
UBFC_PHYS_s13_T2_ctrl,81,118,84.93333333333334,-0.42009881138801575,0.16050461532440635
UBFC_PHYS_s13_T2_ctrl,81,119,84.96666666666667,-0.34368062019348145,0.2539603670160155
UBFC_PHYS_s13_T2_ctrl,81,120,85.0,-0.29499122500419617,0.3607766315200592
UBFC_PHYS_s13_T2_ctrl,81,121,85.03333333333333,-0.33186084032058716,0.46924673006655737
UBFC_PHYS_s13_T2_ctrl,81,122,85.06666666666666,-0.42042502760887146,0.572935325868387
UBFC_PHYS_s13_T2_ctrl,81,123,85.1,-0.4807397425174713,0.6696195122435448
UBFC_PHYS_s13_T2_ctrl,81,124,85.13333333333334,-0.494141161441803,0.7578734578215177
UBFC_PHYS_s13_T2_ctrl,81,125,85.16666666666667,-0.504234254360199,0.833527366377682
UBFC_PHYS_s13_T2_ctrl,81,126,85.2,-0.5151215195655823,0.8881601651751766
UBFC_PHYS_s13_T2_ctrl,81,127,85.23333333333333,-0.48178431391716003,0.9105561611243593
UBFC_PHYS_s13_T2_ctrl,81,128,85.26666666666667,-0.4235224723815918,0.8904209625426854
UBFC_PHYS_s13_T2_ctrl,81,129,85.3,-0.43000736832618713,0.8225538466638147
UBFC_PHYS_s13_T2_ctrl,81,130,85.33333333333333,-0.5170524716377258,0.709643327114515
UBFC_PHYS_s13_T2_ctrl,81,131,85.36666666666666,-0.6240366101264954,0.5625663770843916
UBFC_PHYS_s13_T2_ctrl,81,132,85.4,-0.7280452251434326,0.39796354892395036
UBFC_PHYS_s13_T2_ctrl,81,133,85.43333333333334,-0.8581713438034058,0.23377879419395078
UBFC_PHYS_s13_T2_ctrl,81,134,85.46666666666667,-1.0257734060287476,0.08429936767527459
UBFC_PHYS_s13_T2_ctrl,81,135,85.5,-1.1890850067138672,-0.04341707814884811
UBFC_PHYS_s13_T2_ctrl,81,136,85.53333333333333,-1.2736389636993408,-0.1503310665676651
UBFC_PHYS_s13_T2_ctrl,81,137,85.56666666666666,-1.2600629329681396,-0.2432034467802547
UBFC_PHYS_s13_T2_ctrl,81,138,85.6,-1.1824222803115845,-0.3304643034266843
UBFC_PHYS_s13_T2_ctrl,81,139,85.63333333333334,-1.0351974964141846,-0.41802779598254547
UBFC_PHYS_s13_T2_ctrl,81,140,85.66666666666667,-0.7916221618652344,-0.5067406397118267
UBFC_PHYS_s13_T2_ctrl,81,141,85.7,-0.5093582272529602,-0.5923041305603381
UBFC_PHYS_s13_T2_ctrl,81,142,85.73333333333333,-0.2786175608634949,-0.6675178091842714
UBFC_PHYS_s13_T2_ctrl,81,143,85.76666666666667,-0.10072802752256393,-0.7259165960947513
UBFC_PHYS_s13_T2_ctrl,81,144,85.8,0.07494385540485382,-0.7654503630044578
UBFC_PHYS_s13_T2_ctrl,81,145,85.83333333333333,0.2721232771873474,-0.7907474191968308
UBFC_PHYS_s13_T2_ctrl,81,146,85.86666666666666,0.4944843649864197,-0.8127028018259987
UBFC_PHYS_s13_T2_ctrl,81,147,85.9,0.6706637144088745,-0.844810527768966
UBFC_PHYS_s13_T2_ctrl,81,148,85.93333333333334,0.6502830982208252,-0.8968823363946103
UBFC_PHYS_s13_T2_ctrl,81,149,85.96666666666667,0.39202776551246643,-0.9682394518939597
UBFC_PHYS_s13_T2_ctrl,81,150,86.0,0.04363648220896721,-1.0434457002686666
UBFC_PHYS_s13_T2_ctrl,81,151,86.03333333333333,-0.24701032042503357,-1.0933320412248226
UBFC_PHYS_s13_T2_ctrl,81,152,86.06666666666666,-0.42732179164886475,-1.082150275304562
UBFC_PHYS_s13_T2_ctrl,81,153,86.1,-0.44982779026031494,-0.9789963041437053
UBFC_PHYS_s13_T2_ctrl,81,154,86.13333333333334,-0.3331888020038605,-0.7694557226260546
UBFC_PHYS_s13_T2_ctrl,81,155,86.16666666666667,-0.20355038344860077,-0.46273680608493145
UBFC_PHYS_s13_T2_ctrl,81,156,86.2,-0.13938361406326294,-0.09085789324354324
UBFC_PHYS_s13_T2_ctrl,81,157,86.23333333333333,-0.10030294954776764,0.30036770439566324
UBFC_PHYS_s13_T2_ctrl,81,158,86.26666666666667,-0.05214739963412285,0.6649254933689354
UBFC_PHYS_s13_T2_ctrl,81,159,86.3,-0.020520398393273354,0.9688867740933393
UBFC_PHYS_s13_T2_ctrl,81,160,86.33333333333333,0.008196973241865635,1.1964765520942235
UBFC_PHYS_s13_T2_ctrl,81,161,86.36666666666666,0.10922016948461533,1.3484567470079571
UBFC_PHYS_s13_T2_ctrl,81,162,86.4,0.3221307098865509,1.4351268297893942
UBFC_PHYS_s13_T2_ctrl,81,163,86.43333333333334,0.6063321828842163,1.4682358094908678
UBFC_PHYS_s13_T2_ctrl,81,164,86.46666666666667,0.9182229042053223,1.4554585495984642
UBFC_PHYS_s13_T2_ctrl,81,165,86.5,1.2684496641159058,1.3989198636613644
UBFC_PHYS_s13_T2_ctrl,81,166,86.53333333333333,1.696962833404541,1.297227486312396
UBFC_PHYS_s13_T2_ctrl,81,167,86.56666666666666,2.22298002243042,1.1493295779622479
UBFC_PHYS_s13_T2_ctrl,81,168,86.6,2.7376718521118164,0.9582552836822497
UBFC_PHYS_s13_T2_ctrl,81,169,86.63333333333334,2.961397171020508,0.7332373591786031
UBFC_PHYS_s13_T2_ctrl,81,170,86.66666666666667,2.7303664684295654,0.4895395145155889
UBFC_PHYS_s13_T2_ctrl,81,171,86.7,2.2194740772247314,0.24614281965784127
UBFC_PHYS_s13_T2_ctrl,81,172,86.73333333333333,1.6936808824539185,0.022035786965840732
UBFC_PHYS_s13_T2_ctrl,81,173,86.76666666666667,1.2523198127746582,-0.16780661425956386
UBFC_PHYS_s13_T2_ctrl,81,174,86.8,0.9104463458061218,-0.31553092691199736
UBFC_PHYS_s13_T2_ctrl,81,175,86.83333333333333,0.6518582105636597,-0.4215207578687984
UBFC_PHYS_s13_T2_ctrl,81,176,86.86666666666666,0.40949544310569763,-0.4929831707530517
UBFC_PHYS_s13_T2_ctrl,81,177,86.9,0.1751333624124527,-0.5404076032351248
UBFC_PHYS_s13_T2_ctrl,81,178,86.93333333333334,0.015904365107417107,-0.5733310412171314
UBFC_PHYS_s13_T2_ctrl,81,179,86.96666666666667,-0.07008957862854004,-0.5972991505233288
UBFC_PHYS_s13_T2_ctrl,81,180,87.0,-0.17710667848587036,-0.6133391029158977
UBFC_PHYS_s13_T2_ctrl,81,181,87.03333333333333,-0.36023882031440735,-0.6199531354235932
UBFC_PHYS_s13_T2_ctrl,81,182,87.06666666666666,-0.568305492401123,-0.6163558767161837
UBFC_PHYS_s13_T2_ctrl,81,183,87.1,-0.7202752232551575,-0.6051679481462813
UBFC_PHYS_s13_T2_ctrl,81,184,87.13333333333334,-0.7544559836387634,-0.5932916728655385
UBFC_PHYS_s13_T2_ctrl,81,185,87.16666666666667,-0.6316418647766113,-0.5906489029245183
UBFC_PHYS_s13_T2_ctrl,81,186,87.2,-0.3280582129955292,-0.6071687417885648
UBFC_PHYS_s13_T2_ctrl,81,187,87.23333333333333,0.09648764878511429,-0.6488139506385087
UBFC_PHYS_s13_T2_ctrl,81,188,87.26666666666667,0.43744176626205444,-0.7137331512142574
UBFC_PHYS_s13_T2_ctrl,81,189,87.3,0.5414305925369263,-0.7898211731168041
UBFC_PHYS_s13_T2_ctrl,81,190,87.33333333333333,0.5101330876350403,-0.8549059852185235
UBFC_PHYS_s13_T2_ctrl,81,191,87.36666666666666,0.4901248514652252,-0.8802933796423359
UBFC_PHYS_s13_T2_ctrl,81,192,87.4,0.48069408535957336,-0.8374520555441209
UBFC_PHYS_s13_T2_ctrl,81,193,87.43333333333334,0.45261597633361816,-0.7064169748266249
UBFC_PHYS_s13_T2_ctrl,81,194,87.46666666666667,0.4332173466682434,-0.4834339439059141
UBFC_PHYS_s13_T2_ctrl,81,195,87.5,0.41819798946380615,-0.18494641326661954
UBFC_PHYS_s13_T2_ctrl,81,196,87.53333333333333,0.36464494466781616,0.15431858143091132
UBFC_PHYS_s13_T2_ctrl,81,197,87.56666666666666,0.2745682895183563,0.4894406324502181
UBFC_PHYS_s13_T2_ctrl,81,198,87.6,0.18516714870929718,0.777091956177698
UBFC_PHYS_s13_T2_ctrl,81,199,87.63333333333334,0.11162564158439636,0.9865678412995815
UBFC_PHYS_s13_T2_ctrl,81,200,87.66666666666667,0.04156052693724632,1.1058150745097062
UBFC_PHYS_s13_T2_ctrl,81,201,87.7,-0.022092191502451897,1.14057472430926
UBFC_PHYS_s13_T2_ctrl,81,202,87.73333333333333,-0.07342758029699326,1.1080233646617361
UBFC_PHYS_s13_T2_ctrl,81,203,87.76666666666667,-0.13218697905540466,1.0285660192947799
UBFC_PHYS_s13_T2_ctrl,81,204,87.8,-0.20140522718429565,0.9194677233566142
UBFC_PHYS_s13_T2_ctrl,81,205,87.83333333333333,-0.27795523405075073,0.7923096698418285
UBFC_PHYS_s13_T2_ctrl,81,206,87.86666666666666,-0.3985055685043335,0.654133272903029
UBFC_PHYS_s13_T2_ctrl,81,207,87.9,-0.5679396986961365,0.5105553184968388
UBFC_PHYS_s13_T2_ctrl,81,208,87.93333333333334,-0.7017596960067749,0.36858491985457453
UBFC_PHYS_s13_T2_ctrl,81,209,87.96666666666667,-0.7196722030639648,0.23742260552022562
UBFC_PHYS_s13_T2_ctrl,81,210,88.0,-0.633816659450531,0.12681921851487177
UBFC_PHYS_s13_T2_ctrl,81,211,88.03333333333333,-0.517431378364563,0.04392044775862404
UBFC_PHYS_s13_T2_ctrl,81,212,88.06666666666666,-0.44857561588287354,-0.009725465145994944
UBFC_PHYS_s13_T2_ctrl,81,213,88.1,-0.47649887204170227,-0.039402470792597385
UBFC_PHYS_s13_T2_ctrl,81,214,88.13333333333334,-0.5811697840690613,-0.0559046900413386
UBFC_PHYS_s13_T2_ctrl,81,215,88.16666666666667,-0.6746437549591064,-0.0720264972889975
UBFC_PHYS_s13_T2_ctrl,81,216,88.2,-0.7167361974716187,-0.09829734156264877
UBFC_PHYS_s13_T2_ctrl,81,217,88.23333333333333,-0.7604828476905823,-0.13984716785221932
UBFC_PHYS_s13_T2_ctrl,81,218,88.26666666666667,-0.8047599792480469,-0.1958228728820294
UBFC_PHYS_s13_T2_ctrl,81,219,88.3,-0.7267600893974304,-0.26147397268653966
UBFC_PHYS_s13_T2_ctrl,81,220,88.33333333333333,-0.4568827450275421,-0.33149260910218475
UBFC_PHYS_s13_T2_ctrl,81,221,88.36666666666666,-0.05611148476600647,-0.40250882707953967
UBFC_PHYS_s13_T2_ctrl,81,222,88.4,0.37513676285743713,-0.4733663037133744
UBFC_PHYS_s13_T2_ctrl,81,223,88.43333333333334,0.7416053414344788,-0.5431642376579445
UBFC_PHYS_s13_T2_ctrl,81,224,88.46666666666667,0.9413780570030212,-0.6080558313445394
UBFC_PHYS_s13_T2_ctrl,81,225,88.5,0.9131154417991638,-0.6583873294358394
UBFC_PHYS_s13_T2_ctrl,81,226,88.53333333333333,0.6629464030265808,-0.6780830791139183
UBFC_PHYS_s13_T2_ctrl,81,227,88.56666666666666,0.2982967793941498,-0.6477667713418521
UBFC_PHYS_s13_T2_ctrl,81,228,88.6,0.060679078102111816,-0.551581986026637
UBFC_PHYS_s13_T2_ctrl,81,229,88.63333333333334,0.15596209466457367,-0.385481692700685
UBFC_PHYS_s13_T2_ctrl,81,230,88.66666666666667,0.4237338602542877,-0.16304350701066714
UBFC_PHYS_s13_T2_ctrl,81,231,88.7,0.49175596237182617,0.08493882755160652
UBFC_PHYS_s13_T2_ctrl,81,232,88.73333333333333,0.27493736147880554,0.3181778681069487
UBFC_PHYS_s13_T2_ctrl,81,233,88.76666666666667,-0.0052275327034294605,0.49910244107305995
UBFC_PHYS_s13_T2_ctrl,81,234,88.8,-0.18745680153369904,0.6038635914143383
UBFC_PHYS_s13_T2_ctrl,81,235,88.83333333333333,-0.24801865220069885,0.6269221433585607
UBFC_PHYS_s13_T2_ctrl,81,236,88.86666666666666,-0.19359569251537323,0.5780352675744989
UBFC_PHYS_s13_T2_ctrl,81,237,88.9,-0.0883546844124794,0.474848013675818
UBFC_PHYS_s13_T2_ctrl,81,238,88.93333333333334,-0.0074089327827095985,0.3357603914838166
UBFC_PHYS_s13_T2_ctrl,81,239,88.96666666666667,0.07395200431346893,0.176245348723701
UBFC_PHYS_s13_T2_ctrl,82,0,82.0,-0.5635308027267456,-0.14639720410609997
UBFC_PHYS_s13_T2_ctrl,82,1,82.03333333333333,-0.5719103813171387,-0.15339016549931442
UBFC_PHYS_s13_T2_ctrl,82,2,82.06666666666666,-0.6224120855331421,-0.1523107732192787
UBFC_PHYS_s13_T2_ctrl,82,3,82.1,-0.5862575173377991,-0.13896476290038715
UBFC_PHYS_s13_T2_ctrl,82,4,82.13333333333334,-0.4371710419654846,-0.10855815997045447
UBFC_PHYS_s13_T2_ctrl,82,5,82.16666666666667,-0.265779584646225,-0.05648086377917311
UBFC_PHYS_s13_T2_ctrl,82,6,82.2,-0.16269361972808838,0.020358304072528064
UBFC_PHYS_s13_T2_ctrl,82,7,82.23333333333333,-0.13395977020263672,0.1220221437633564
UBFC_PHYS_s13_T2_ctrl,82,8,82.26666666666667,-0.13186734914779663,0.24430362552117277
UBFC_PHYS_s13_T2_ctrl,82,9,82.3,-0.1247827410697937,0.37828856215254186
UBFC_PHYS_s13_T2_ctrl,82,10,82.33333333333333,-0.10049407184123993,0.5112721887320789
UBFC_PHYS_s13_T2_ctrl,82,11,82.36666666666666,-0.0454285554587841,0.629151070213352
UBFC_PHYS_s13_T2_ctrl,82,12,82.4,0.03689457103610039,0.7195245741482966
UBFC_PHYS_s13_T2_ctrl,82,13,82.43333333333334,0.12504355609416962,0.7741861768222398
UBFC_PHYS_s13_T2_ctrl,82,14,82.46666666666667,0.21078705787658691,0.7900857892985871
UBFC_PHYS_s13_T2_ctrl,82,15,82.5,0.2948763966560364,0.7687242844725102
UBFC_PHYS_s13_T2_ctrl,82,16,82.53333333333333,0.36161670088768005,0.7145512059076852
UBFC_PHYS_s13_T2_ctrl,82,17,82.56666666666666,0.39222878217697144,0.6331685351075604
UBFC_PHYS_s13_T2_ctrl,82,18,82.6,0.3806232213973999,0.5301286209030895
UBFC_PHYS_s13_T2_ctrl,82,19,82.63333333333334,0.32714924216270447,0.4107352369523679
UBFC_PHYS_s13_T2_ctrl,82,20,82.66666666666667,0.24938663840293884,0.280546976373775
UBFC_PHYS_s13_T2_ctrl,82,21,82.7,0.18925975263118744,0.14578843393374055
UBFC_PHYS_s13_T2_ctrl,82,22,82.73333333333333,0.16368596255779266,0.013034535107049858
UBFC_PHYS_s13_T2_ctrl,82,23,82.76666666666667,0.1315910518169403,-0.11191170731099803
UBFC_PHYS_s13_T2_ctrl,82,24,82.8,0.04765987768769264,-0.22556111946995633
UBFC_PHYS_s13_T2_ctrl,82,25,82.83333333333333,-0.08490794152021408,-0.3280952652246628
UBFC_PHYS_s13_T2_ctrl,82,26,82.86666666666666,-0.23574745655059814,-0.42393328653789336
UBFC_PHYS_s13_T2_ctrl,82,27,82.9,-0.3723551332950592,-0.5211028693722471
UBFC_PHYS_s13_T2_ctrl,82,28,82.93333333333334,-0.47346070408821106,-0.629336729493568
UBFC_PHYS_s13_T2_ctrl,82,29,82.96666666666667,-0.5414301156997681,-0.7570843334558552
UBFC_PHYS_s13_T2_ctrl,82,30,83.0,-0.5990691184997559,-0.9077550562325901
UBFC_PHYS_s13_T2_ctrl,82,31,83.03333333333333,-0.6553077101707458,-1.0756851959441533
UBFC_PHYS_s13_T2_ctrl,82,32,83.06666666666666,-0.6756125688552856,-1.2427581356538622
UBFC_PHYS_s13_T2_ctrl,82,33,83.1,-0.6294274926185608,-1.3772666566755685
UBFC_PHYS_s13_T2_ctrl,82,34,83.13333333333334,-0.5450844168663025,-1.4370474898618013
UBFC_PHYS_s13_T2_ctrl,82,35,83.16666666666667,-0.4675755500793457,-1.378336204532599
UBFC_PHYS_s13_T2_ctrl,82,36,83.2,-0.393510103225708,-1.1696945903264488
UBFC_PHYS_s13_T2_ctrl,82,37,83.23333333333333,-0.28872382640838623,-0.8071991584557102
UBFC_PHYS_s13_T2_ctrl,82,38,83.26666666666667,-0.13422009348869324,-0.3243984236312323
UBFC_PHYS_s13_T2_ctrl,82,39,83.3,0.059611447155475616,0.20931192064377133
UBFC_PHYS_s13_T2_ctrl,82,40,83.33333333333333,0.24874408543109894,0.7041350879386225
UBFC_PHYS_s13_T2_ctrl,82,41,83.36666666666666,0.36789727210998535,1.0750133744845711
UBFC_PHYS_s13_T2_ctrl,82,42,83.4,0.39131930470466614,1.2671149684290703
UBFC_PHYS_s13_T2_ctrl,82,43,83.43333333333334,0.3635410666465759,1.2715000969660544
UBFC_PHYS_s13_T2_ctrl,82,44,83.46666666666667,0.32682961225509644,1.1252369689590558
UBFC_PHYS_s13_T2_ctrl,82,45,83.5,0.26981666684150696,0.8969133874006862
UBFC_PHYS_s13_T2_ctrl,82,46,83.53333333333333,0.1786130666732788,0.6635756955205956
UBFC_PHYS_s13_T2_ctrl,82,47,83.56666666666666,0.07046572118997574,0.48722720715068013
UBFC_PHYS_s13_T2_ctrl,82,48,83.6,-0.04287150874733925,0.39837864373402376
UBFC_PHYS_s13_T2_ctrl,82,49,83.63333333333334,-0.15287402272224426,0.3913255824650032
UBFC_PHYS_s13_T2_ctrl,82,50,83.66666666666667,-0.24485528469085693,0.431705780916138
UBFC_PHYS_s13_T2_ctrl,82,51,83.7,-0.3180837631225586,0.4727380453085547
UBFC_PHYS_s13_T2_ctrl,82,52,83.73333333333333,-0.3796473443508148,0.4737273770114061
UBFC_PHYS_s13_T2_ctrl,82,53,83.76666666666667,-0.4123452603816986,0.4140354884903919
UBFC_PHYS_s13_T2_ctrl,82,54,83.8,-0.387835830450058,0.29800396621942815
UBFC_PHYS_s13_T2_ctrl,82,55,83.83333333333333,-0.3252902925014496,0.1502509390812899
UBFC_PHYS_s13_T2_ctrl,82,56,83.86666666666666,-0.28329998254776,0.004585042849741136
UBFC_PHYS_s13_T2_ctrl,82,57,83.9,-0.2804397940635681,-0.10825417929078948
UBFC_PHYS_s13_T2_ctrl,82,58,83.93333333333334,-0.25846102833747864,-0.1694630873609857
UBFC_PHYS_s13_T2_ctrl,82,59,83.96666666666667,-0.1449030190706253,-0.17542196138994126
UBFC_PHYS_s13_T2_ctrl,82,60,84.0,0.06325919181108475,-0.1356170544963994
UBFC_PHYS_s13_T2_ctrl,82,61,84.03333333333333,0.2819000482559204,-0.06727739800528339
UBFC_PHYS_s13_T2_ctrl,82,62,84.06666666666666,0.4172654449939728,0.01058833132471291
UBFC_PHYS_s13_T2_ctrl,82,63,84.1,0.4562472701072693,0.08144380757030034
UBFC_PHYS_s13_T2_ctrl,82,64,84.13333333333334,0.4544645845890045,0.13255698835013927
UBFC_PHYS_s13_T2_ctrl,82,65,84.16666666666667,0.46456095576286316,0.15373842601964963
UBFC_PHYS_s13_T2_ctrl,82,66,84.2,0.5026299953460693,0.13527413747566788
UBFC_PHYS_s13_T2_ctrl,82,67,84.23333333333333,0.5624339580535889,0.06736348122599255
UBFC_PHYS_s13_T2_ctrl,82,68,84.26666666666667,0.6287722587585449,-0.0575254134951676
UBFC_PHYS_s13_T2_ctrl,82,69,84.3,0.6795507669448853,-0.23973989989393174
UBFC_PHYS_s13_T2_ctrl,82,70,84.33333333333333,0.6978916525840759,-0.4669896161947451
UBFC_PHYS_s13_T2_ctrl,82,71,84.36666666666666,0.6880226135253906,-0.7112691143244423
UBFC_PHYS_s13_T2_ctrl,82,72,84.4,0.6725221872329712,-0.9308222094968742
UBFC_PHYS_s13_T2_ctrl,82,73,84.43333333333334,0.6675431728363037,-1.0783041243925358
UBFC_PHYS_s13_T2_ctrl,82,74,84.46666666666667,0.6635560393333435,-1.1138254434111754
UBFC_PHYS_s13_T2_ctrl,82,75,84.5,0.6365686058998108,-1.0189556357228051
UBFC_PHYS_s13_T2_ctrl,82,76,84.53333333333333,0.5671592354774475,-0.8061789116668485
UBFC_PHYS_s13_T2_ctrl,82,77,84.56666666666666,0.43855881690979004,-0.5188461003961147
UBFC_PHYS_s13_T2_ctrl,82,78,84.6,0.2233647108078003,-0.21978880963627312
UBFC_PHYS_s13_T2_ctrl,82,79,84.63333333333334,-0.0827660784125328,0.028311741505547734
UBFC_PHYS_s13_T2_ctrl,82,80,84.66666666666667,-0.3901885747909546,0.1831651083052795
UBFC_PHYS_s13_T2_ctrl,82,81,84.7,-0.5303946137428284,0.23518321588183608
UBFC_PHYS_s13_T2_ctrl,82,82,84.73333333333333,-0.45249027013778687,0.20735541545944905
UBFC_PHYS_s13_T2_ctrl,82,83,84.76666666666667,-0.33542951941490173,0.14405166637623434
UBFC_PHYS_s13_T2_ctrl,82,84,84.8,-0.3509728014469147,0.09398771971946404
UBFC_PHYS_s13_T2_ctrl,82,85,84.83333333333333,-0.44015976786613464,0.0936648658670681
UBFC_PHYS_s13_T2_ctrl,82,86,84.86666666666666,-0.48579782247543335,0.15671219467519806
UBFC_PHYS_s13_T2_ctrl,82,87,84.9,-0.47216901183128357,0.2721660838660923
UBFC_PHYS_s13_T2_ctrl,82,88,84.93333333333334,-0.42009881138801575,0.4113625698878686
UBFC_PHYS_s13_T2_ctrl,82,89,84.96666666666667,-0.34368062019348145,0.540020785986714
UBFC_PHYS_s13_T2_ctrl,82,90,85.0,-0.29499122500419617,0.6305043447990814
UBFC_PHYS_s13_T2_ctrl,82,91,85.03333333333333,-0.33186084032058716,0.6697200447552115
UBFC_PHYS_s13_T2_ctrl,82,92,85.06666666666666,-0.42042502760887146,0.6603605013554945
UBFC_PHYS_s13_T2_ctrl,82,93,85.1,-0.4807397425174713,0.6161360369640682
UBFC_PHYS_s13_T2_ctrl,82,94,85.13333333333334,-0.494141161441803,0.5539726398418108
UBFC_PHYS_s13_T2_ctrl,82,95,85.16666666666667,-0.504234254360199,0.4869723949079112
UBFC_PHYS_s13_T2_ctrl,82,96,85.2,-0.5151215195655823,0.4210150242824028
UBFC_PHYS_s13_T2_ctrl,82,97,85.23333333333333,-0.48178431391716003,0.3557717374695673
UBFC_PHYS_s13_T2_ctrl,82,98,85.26666666666667,-0.4235224723815918,0.28865033183274313
UBFC_PHYS_s13_T2_ctrl,82,99,85.3,-0.43000736832618713,0.21893218685938967
UBFC_PHYS_s13_T2_ctrl,82,100,85.33333333333333,-0.5170524716377258,0.14970758290330793
UBFC_PHYS_s13_T2_ctrl,82,101,85.36666666666666,-0.6240366101264954,0.08679615932002976
UBFC_PHYS_s13_T2_ctrl,82,102,85.4,-0.7280452251434326,0.0356585558839169
UBFC_PHYS_s13_T2_ctrl,82,103,85.43333333333334,-0.8581713438034058,-0.001711286558086304
UBFC_PHYS_s13_T2_ctrl,82,104,85.46666666666667,-1.0257734060287476,-0.02825381055872462
UBFC_PHYS_s13_T2_ctrl,82,105,85.5,-1.1890850067138672,-0.05108669573616245
UBFC_PHYS_s13_T2_ctrl,82,106,85.53333333333333,-1.2736389636993408,-0.07891940236918941
UBFC_PHYS_s13_T2_ctrl,82,107,85.56666666666666,-1.2600629329681396,-0.11865444947599534
UBFC_PHYS_s13_T2_ctrl,82,108,85.6,-1.1824222803115845,-0.17246830413858902
UBFC_PHYS_s13_T2_ctrl,82,109,85.63333333333334,-1.0351974964141846,-0.23652421767440907
UBFC_PHYS_s13_T2_ctrl,82,110,85.66666666666667,-0.7916221618652344,-0.3018928182144044
UBFC_PHYS_s13_T2_ctrl,82,111,85.7,-0.5093582272529602,-0.35746356439557897
UBFC_PHYS_s13_T2_ctrl,82,112,85.73333333333333,-0.2786175608634949,-0.3939625214061674
UBFC_PHYS_s13_T2_ctrl,82,113,85.76666666666667,-0.10072802752256393,-0.4079563976983715
UBFC_PHYS_s13_T2_ctrl,82,114,85.8,0.07494385540485382,-0.40487097237390135
UBFC_PHYS_s13_T2_ctrl,82,115,85.83333333333333,0.2721232771873474,-0.3999981324777702
UBFC_PHYS_s13_T2_ctrl,82,116,85.86666666666666,0.4944843649864197,-0.4160854175211865
UBFC_PHYS_s13_T2_ctrl,82,117,85.9,0.6706637144088745,-0.4765027102930778
UBFC_PHYS_s13_T2_ctrl,82,118,85.93333333333334,0.6502830982208252,-0.5949408196945742
UBFC_PHYS_s13_T2_ctrl,82,119,85.96666666666667,0.39202776551246643,-0.765092740195247
UBFC_PHYS_s13_T2_ctrl,82,120,86.0,0.04363648220896721,-0.9550775851914383
UBFC_PHYS_s13_T2_ctrl,82,121,86.03333333333333,-0.24701032042503357,-1.110491391794917
UBFC_PHYS_s13_T2_ctrl,82,122,86.06666666666666,-0.42732179164886475,-1.167044032187008
UBFC_PHYS_s13_T2_ctrl,82,123,86.1,-0.44982779026031494,-1.0700927117177716
UBFC_PHYS_s13_T2_ctrl,82,124,86.13333333333334,-0.3331888020038605,-0.7954036364280999
UBFC_PHYS_s13_T2_ctrl,82,125,86.16666666666667,-0.20355038344860077,-0.36354605300820503
UBFC_PHYS_s13_T2_ctrl,82,126,86.2,-0.13938361406326294,0.15968893906812373
UBFC_PHYS_s13_T2_ctrl,82,127,86.23333333333333,-0.10030294954776764,0.6801008940294387
UBFC_PHYS_s13_T2_ctrl,82,128,86.26666666666667,-0.05214739963412285,1.1038033202552084
UBFC_PHYS_s13_T2_ctrl,82,129,86.3,-0.020520398393273354,1.3657434252402139
UBFC_PHYS_s13_T2_ctrl,82,130,86.33333333333333,0.008196973241865635,1.446403885126036
UBFC_PHYS_s13_T2_ctrl,82,131,86.36666666666666,0.10922016948461533,1.371565969983258
UBFC_PHYS_s13_T2_ctrl,82,132,86.4,0.3221307098865509,1.1976771002521343
UBFC_PHYS_s13_T2_ctrl,82,133,86.43333333333334,0.6063321828842163,0.9903329374063056
UBFC_PHYS_s13_T2_ctrl,82,134,86.46666666666667,0.9182229042053223,0.804096853243872
UBFC_PHYS_s13_T2_ctrl,82,135,86.5,1.2684496641159058,0.6695058568934675
UBFC_PHYS_s13_T2_ctrl,82,136,86.53333333333333,1.696962833404541,0.5897511378339113
UBFC_PHYS_s13_T2_ctrl,82,137,86.56666666666666,2.22298002243042,0.5462746978382456
UBFC_PHYS_s13_T2_ctrl,82,138,86.6,2.7376718521118164,0.5099204463447541
UBFC_PHYS_s13_T2_ctrl,82,139,86.63333333333334,2.961397171020508,0.45300754982586094
UBFC_PHYS_s13_T2_ctrl,82,140,86.66666666666667,2.7303664684295654,0.3581718397564535
UBFC_PHYS_s13_T2_ctrl,82,141,86.7,2.2194740772247314,0.22175103524843706
UBFC_PHYS_s13_T2_ctrl,82,142,86.73333333333333,1.6936808824539185,0.05199433929913121
UBFC_PHYS_s13_T2_ctrl,82,143,86.76666666666667,1.2523198127746582,-0.13573092602906156
UBFC_PHYS_s13_T2_ctrl,82,144,86.8,0.9104463458061218,-0.3240840355284521
UBFC_PHYS_s13_T2_ctrl,82,145,86.83333333333333,0.6518582105636597,-0.4973877413178381
UBFC_PHYS_s13_T2_ctrl,82,146,86.86666666666666,0.40949544310569763,-0.6432312602790079
UBFC_PHYS_s13_T2_ctrl,82,147,86.9,0.1751333624124527,-0.7525903285404881
UBFC_PHYS_s13_T2_ctrl,82,148,86.93333333333334,0.015904365107417107,-0.8194018845195521
UBFC_PHYS_s13_T2_ctrl,82,149,86.96666666666667,-0.07008957862854004,-0.8404149741810274
UBFC_PHYS_s13_T2_ctrl,82,150,87.0,-0.17710667848587036,-0.8158311931331761
UBFC_PHYS_s13_T2_ctrl,82,151,87.03333333333333,-0.36023882031440735,-0.750670604090014
UBFC_PHYS_s13_T2_ctrl,82,152,87.06666666666666,-0.568305492401123,-0.6559752115468998
UBFC_PHYS_s13_T2_ctrl,82,153,87.1,-0.7202752232551575,-0.5484771398482728
UBFC_PHYS_s13_T2_ctrl,82,154,87.13333333333334,-0.7544559836387634,-0.4477625919438913
UBFC_PHYS_s13_T2_ctrl,82,155,87.16666666666667,-0.6316418647766113,-0.37115173250549305
UBFC_PHYS_s13_T2_ctrl,82,156,87.2,-0.3280582129955292,-0.3278743658066503
UBFC_PHYS_s13_T2_ctrl,82,157,87.23333333333333,0.09648764878511429,-0.3148556875626002
UBFC_PHYS_s13_T2_ctrl,82,158,87.26666666666667,0.43744176626205444,-0.31606431064722007
UBFC_PHYS_s13_T2_ctrl,82,159,87.3,0.5414305925369263,-0.30617651607907725
UBFC_PHYS_s13_T2_ctrl,82,160,87.33333333333333,0.5101330876350403,-0.2578733527490826
UBFC_PHYS_s13_T2_ctrl,82,161,87.36666666666666,0.4901248514652252,-0.15086659791532042
UBFC_PHYS_s13_T2_ctrl,82,162,87.4,0.48069408535957336,0.019973944996387206
UBFC_PHYS_s13_T2_ctrl,82,163,87.43333333333334,0.45261597633361816,0.24010856983074952
UBFC_PHYS_s13_T2_ctrl,82,164,87.46666666666667,0.4332173466682434,0.476502651937461
UBFC_PHYS_s13_T2_ctrl,82,165,87.5,0.41819798946380615,0.6850698369438325
UBFC_PHYS_s13_T2_ctrl,82,166,87.53333333333333,0.36464494466781616,0.8228079454656007
UBFC_PHYS_s13_T2_ctrl,82,167,87.56666666666666,0.2745682895183563,0.8609369634023468
UBFC_PHYS_s13_T2_ctrl,82,168,87.6,0.18516714870929718,0.7943016979479669
UBFC_PHYS_s13_T2_ctrl,82,169,87.63333333333334,0.11162564158439636,0.6432741781880115
UBFC_PHYS_s13_T2_ctrl,82,170,87.66666666666667,0.04156052693724632,0.4473670635773571
UBFC_PHYS_s13_T2_ctrl,82,171,87.7,-0.022092191502451897,0.25315706081750194
UBFC_PHYS_s13_T2_ctrl,82,172,87.73333333333333,-0.07342758029699326,0.10107780027340602
UBFC_PHYS_s13_T2_ctrl,82,173,87.76666666666667,-0.13218697905540466,0.015503595933754926
UBFC_PHYS_s13_T2_ctrl,82,174,87.8,-0.20140522718429565,0.0007422830693192507
UBFC_PHYS_s13_T2_ctrl,82,175,87.83333333333333,-0.27795523405075073,0.04321457778862231
UBFC_PHYS_s13_T2_ctrl,82,176,87.86666666666666,-0.3985055685043335,0.11825321054548825
UBFC_PHYS_s13_T2_ctrl,82,177,87.9,-0.5679396986961365,0.19887876574488303
UBFC_PHYS_s13_T2_ctrl,82,178,87.93333333333334,-0.7017596960067749,0.2635536976540501
UBFC_PHYS_s13_T2_ctrl,82,179,87.96666666666667,-0.7196722030639648,0.30044333373155874
UBFC_PHYS_s13_T2_ctrl,82,180,88.0,-0.633816659450531,0.30717694854690475
UBFC_PHYS_s13_T2_ctrl,82,181,88.03333333333333,-0.517431378364563,0.28708413277426204
UBFC_PHYS_s13_T2_ctrl,82,182,88.06666666666666,-0.44857561588287354,0.24452681736124274
UBFC_PHYS_s13_T2_ctrl,82,183,88.1,-0.47649887204170227,0.18217403349016237
UBFC_PHYS_s13_T2_ctrl,82,184,88.13333333333334,-0.5811697840690613,0.10149501121199167
UBFC_PHYS_s13_T2_ctrl,82,185,88.16666666666667,-0.6746437549591064,0.005412288577749874
UBFC_PHYS_s13_T2_ctrl,82,186,88.2,-0.7167361974716187,-0.09947888873910035
UBFC_PHYS_s13_T2_ctrl,82,187,88.23333333333333,-0.7604828476905823,-0.2034532420187906
UBFC_PHYS_s13_T2_ctrl,82,188,88.26666666666667,-0.8047599792480469,-0.29732932857918876
UBFC_PHYS_s13_T2_ctrl,82,189,88.3,-0.7267600893974304,-0.3773655903683957
UBFC_PHYS_s13_T2_ctrl,82,190,88.33333333333333,-0.4568827450275421,-0.4483981642070799
UBFC_PHYS_s13_T2_ctrl,82,191,88.36666666666666,-0.05611148476600647,-0.5228883401432494
UBFC_PHYS_s13_T2_ctrl,82,192,88.4,0.37513676285743713,-0.6154760144511704
UBFC_PHYS_s13_T2_ctrl,82,193,88.43333333333334,0.7416053414344788,-0.7348264289077308
UBFC_PHYS_s13_T2_ctrl,82,194,88.46666666666667,0.9413780570030212,-0.8759739433218132
UBFC_PHYS_s13_T2_ctrl,82,195,88.5,0.9131154417991638,-1.0164932776628026
UBFC_PHYS_s13_T2_ctrl,82,196,88.53333333333333,0.6629464030265808,-1.1187197808506355
UBFC_PHYS_s13_T2_ctrl,82,197,88.56666666666666,0.2982967793941498,-1.1384137172505937
UBFC_PHYS_s13_T2_ctrl,82,198,88.6,0.060679078102111816,-1.0382375879952184
UBFC_PHYS_s13_T2_ctrl,82,199,88.63333333333334,0.15596209466457367,-0.8023289363152554
UBFC_PHYS_s13_T2_ctrl,82,200,88.66666666666667,0.4237338602542877,-0.44658656169279964
UBFC_PHYS_s13_T2_ctrl,82,201,88.7,0.49175596237182617,-0.01940993456505125
UBFC_PHYS_s13_T2_ctrl,82,202,88.73333333333333,0.27493736147880554,0.4094202401565521
UBFC_PHYS_s13_T2_ctrl,82,203,88.76666666666667,-0.0052275327034294605,0.7687869868871342
UBFC_PHYS_s13_T2_ctrl,82,204,88.8,-0.18745680153369904,1.0071996099131164
UBFC_PHYS_s13_T2_ctrl,82,205,88.83333333333333,-0.24801865220069885,1.1057573111786203
UBFC_PHYS_s13_T2_ctrl,82,206,88.86666666666666,-0.19359569251537323,1.078948730314249
UBFC_PHYS_s13_T2_ctrl,82,207,88.9,-0.0883546844124794,0.9653551092879394
UBFC_PHYS_s13_T2_ctrl,82,208,88.93333333333334,-0.0074089327827095985,0.8133533441892695
UBFC_PHYS_s13_T2_ctrl,82,209,88.96666666666667,0.07395200431346893,0.6668066904415472
UBFC_PHYS_s13_T2_ctrl,82,210,89.0,0.22864356637001038,0.5545787048133887
UBFC_PHYS_s13_T2_ctrl,82,211,89.03333333333333,0.43316131830215454,0.4861756022043918
UBFC_PHYS_s13_T2_ctrl,82,212,89.06666666666666,0.5805936455726624,0.4538511773089223
UBFC_PHYS_s13_T2_ctrl,82,213,89.1,0.6442298889160156,0.4394513773680502
UBFC_PHYS_s13_T2_ctrl,82,214,89.13333333333334,0.7145816683769226,0.4228044461701932
UBFC_PHYS_s13_T2_ctrl,82,215,89.16666666666667,0.8574930429458618,0.3883106580039261
UBFC_PHYS_s13_T2_ctrl,82,216,89.2,0.9965589046478271,0.3277635385439414
UBFC_PHYS_s13_T2_ctrl,82,217,89.23333333333333,1.014557123184204,0.23957204616700253
UBFC_PHYS_s13_T2_ctrl,82,218,89.26666666666667,0.9184206128120422,0.12626334485517815
UBFC_PHYS_s13_T2_ctrl,82,219,89.3,0.7876783609390259,-0.0074795077824832065
UBFC_PHYS_s13_T2_ctrl,82,220,89.33333333333333,0.6215261816978455,-0.1550675697280076
UBFC_PHYS_s13_T2_ctrl,82,221,89.36666666666666,0.3850189447402954,-0.30698106382552154
UBFC_PHYS_s13_T2_ctrl,82,222,89.4,0.096247099339962,-0.4499213021548337
UBFC_PHYS_s13_T2_ctrl,82,223,89.43333333333334,-0.20760343968868256,-0.5675074531648517
UBFC_PHYS_s13_T2_ctrl,82,224,89.46666666666667,-0.4962731599807739,-0.6429248216808495
UBFC_PHYS_s13_T2_ctrl,82,225,89.5,-0.7266908884048462,-0.6628498403710896
UBFC_PHYS_s13_T2_ctrl,82,226,89.53333333333333,-0.8717210292816162,-0.621447861667546
UBFC_PHYS_s13_T2_ctrl,82,227,89.56666666666666,-0.9550458788871765,-0.5232881424582965
UBFC_PHYS_s13_T2_ctrl,82,228,89.6,-0.9986804723739624,-0.38428351117432574
UBFC_PHYS_s13_T2_ctrl,82,229,89.63333333333334,-0.9976820349693298,-0.22988936364480678
UBFC_PHYS_s13_T2_ctrl,82,230,89.66666666666667,-0.9470386505126953,-0.08994204372926796
UBFC_PHYS_s13_T2_ctrl,82,231,89.7,-0.8744890093803406,0.00942543821931539
UBFC_PHYS_s13_T2_ctrl,82,232,89.73333333333333,-0.8275559544563293,0.05425377342756074
UBFC_PHYS_s13_T2_ctrl,82,233,89.76666666666667,-0.8327425122261047,0.04777148981436467
UBFC_PHYS_s13_T2_ctrl,82,234,89.8,-0.8925695419311523,0.009230118973861567
UBFC_PHYS_s13_T2_ctrl,82,235,89.83333333333333,-1.0211139917373657,-0.03333700236988158
UBFC_PHYS_s13_T2_ctrl,82,236,89.86666666666666,-1.21856689453125,-0.053617068962381144
UBFC_PHYS_s13_T2_ctrl,82,237,89.9,-1.4043614864349365,-0.036636241675293404
UBFC_PHYS_s13_T2_ctrl,82,238,89.93333333333334,-1.4485036134719849,0.01614493666307417
UBFC_PHYS_s13_T2_ctrl,82,239,89.96666666666667,-1.3187729120254517,0.08791275453243272
UBFC_PHYS_s13_T2_ctrl,83,0,83.0,-0.5990691184997559,-0.05635994895284889
UBFC_PHYS_s13_T2_ctrl,83,1,83.03333333333333,-0.6553077101707458,-0.6044297863878537
UBFC_PHYS_s13_T2_ctrl,83,2,83.06666666666666,-0.6756125688552856,-1.10784014010974
UBFC_PHYS_s13_T2_ctrl,83,3,83.1,-0.6294274926185608,-1.5194325880981914
UBFC_PHYS_s13_T2_ctrl,83,4,83.13333333333334,-0.5450844168663025,-1.7924099297399092
UBFC_PHYS_s13_T2_ctrl,83,5,83.16666666666667,-0.4675755500793457,-1.8882670058986233
UBFC_PHYS_s13_T2_ctrl,83,6,83.2,-0.393510103225708,-1.7876910650155762
UBFC_PHYS_s13_T2_ctrl,83,7,83.23333333333333,-0.28872382640838623,-1.500442399141475
UBFC_PHYS_s13_T2_ctrl,83,8,83.26666666666667,-0.13422009348869324,-1.0700744675939948
UBFC_PHYS_s13_T2_ctrl,83,9,83.3,0.059611447155475616,-0.5703122319547873
UBFC_PHYS_s13_T2_ctrl,83,10,83.33333333333333,0.24874408543109894,-0.0919299651876221
UBFC_PHYS_s13_T2_ctrl,83,11,83.36666666666666,0.36789727210998535,0.2779646367559171
UBFC_PHYS_s13_T2_ctrl,83,12,83.4,0.39131930470466614,0.4788902366799838
UBFC_PHYS_s13_T2_ctrl,83,13,83.43333333333334,0.3635410666465759,0.4947779036442258
UBFC_PHYS_s13_T2_ctrl,83,14,83.46666666666667,0.32682961225509644,0.3599218662508279
UBFC_PHYS_s13_T2_ctrl,83,15,83.5,0.26981666684150696,0.14975841022530378
UBFC_PHYS_s13_T2_ctrl,83,16,83.53333333333333,0.1786130666732788,-0.042138869485962606
UBFC_PHYS_s13_T2_ctrl,83,17,83.56666666666666,0.07046572118997574,-0.13444095622237906
UBFC_PHYS_s13_T2_ctrl,83,18,83.6,-0.04287150874733925,-0.08561522859278382
UBFC_PHYS_s13_T2_ctrl,83,19,83.63333333333334,-0.15287402272224426,0.09195242107571978
UBFC_PHYS_s13_T2_ctrl,83,20,83.66666666666667,-0.24485528469085693,0.3375673280404115
UBFC_PHYS_s13_T2_ctrl,83,21,83.7,-0.3180837631225586,0.5660189248988033
UBFC_PHYS_s13_T2_ctrl,83,22,83.73333333333333,-0.3796473443508148,0.6999223499364133
UBFC_PHYS_s13_T2_ctrl,83,23,83.76666666666667,-0.4123452603816986,0.6971586369161877
UBFC_PHYS_s13_T2_ctrl,83,24,83.8,-0.387835830450058,0.5629163580963864
UBFC_PHYS_s13_T2_ctrl,83,25,83.83333333333333,-0.3252902925014496,0.34343764108799835
UBFC_PHYS_s13_T2_ctrl,83,26,83.86666666666666,-0.28329998254776,0.10640986809947348
UBFC_PHYS_s13_T2_ctrl,83,27,83.9,-0.2804397940635681,-0.08265862811232372
UBFC_PHYS_s13_T2_ctrl,83,28,83.93333333333334,-0.25846102833747864,-0.17920240674629354
UBFC_PHYS_s13_T2_ctrl,83,29,83.96666666666667,-0.1449030190706253,-0.1683912868773657
UBFC_PHYS_s13_T2_ctrl,83,30,84.0,0.06325919181108475,-0.06330901146975786
UBFC_PHYS_s13_T2_ctrl,83,31,84.03333333333333,0.2819000482559204,0.10449910110879357
UBFC_PHYS_s13_T2_ctrl,83,32,84.06666666666666,0.4172654449939728,0.29708895182953377
UBFC_PHYS_s13_T2_ctrl,83,33,84.1,0.4562472701072693,0.4798526209427353
UBFC_PHYS_s13_T2_ctrl,83,34,84.13333333333334,0.4544645845890045,0.6260828045196424
UBFC_PHYS_s13_T2_ctrl,83,35,84.16666666666667,0.46456095576286316,0.7165543578571205
UBFC_PHYS_s13_T2_ctrl,83,36,84.2,0.5026299953460693,0.7367971686438922
UBFC_PHYS_s13_T2_ctrl,83,37,84.23333333333333,0.5624339580535889,0.6754720780182907
UBFC_PHYS_s13_T2_ctrl,83,38,84.26666666666667,0.6287722587585449,0.5259594145855889
UBFC_PHYS_s13_T2_ctrl,83,39,84.3,0.6795507669448853,0.2908994096713417
UBFC_PHYS_s13_T2_ctrl,83,40,84.33333333333333,0.6978916525840759,-0.012626709172199012
UBFC_PHYS_s13_T2_ctrl,83,41,84.36666666666666,0.6880226135253906,-0.35046026988087237
UBFC_PHYS_s13_T2_ctrl,83,42,84.4,0.6725221872329712,-0.6739018986601356
UBFC_PHYS_s13_T2_ctrl,83,43,84.43333333333334,0.6675431728363037,-0.9282930684675965
UBFC_PHYS_s13_T2_ctrl,83,44,84.46666666666667,0.6635560393333435,-1.0661440771437336
UBFC_PHYS_s13_T2_ctrl,83,45,84.5,0.6365686058998108,-1.0610870412747972
UBFC_PHYS_s13_T2_ctrl,83,46,84.53333333333333,0.5671592354774475,-0.9177348161998772
UBFC_PHYS_s13_T2_ctrl,83,47,84.56666666666666,0.43855881690979004,-0.6732095170625642
UBFC_PHYS_s13_T2_ctrl,83,48,84.6,0.2233647108078003,-0.3888095303103278
UBFC_PHYS_s13_T2_ctrl,83,49,84.63333333333334,-0.0827660784125328,-0.13391067584365896
UBFC_PHYS_s13_T2_ctrl,83,50,84.66666666666667,-0.3901885747909546,0.03288749179577646
UBFC_PHYS_s13_T2_ctrl,83,51,84.7,-0.5303946137428284,0.0794288904625512
UBFC_PHYS_s13_T2_ctrl,83,52,84.73333333333333,-0.45249027013778687,0.007886599750521339
UBFC_PHYS_s13_T2_ctrl,83,53,84.76666666666667,-0.33542951941490173,-0.14712718258714608
UBFC_PHYS_s13_T2_ctrl,83,54,84.8,-0.3509728014469147,-0.32957768015563166
UBFC_PHYS_s13_T2_ctrl,83,55,84.83333333333333,-0.44015976786613464,-0.47914474112261657
UBFC_PHYS_s13_T2_ctrl,83,56,84.86666666666666,-0.48579782247543335,-0.5495095452299157
UBFC_PHYS_s13_T2_ctrl,83,57,84.9,-0.47216901183128357,-0.5218687662999102
UBFC_PHYS_s13_T2_ctrl,83,58,84.93333333333334,-0.42009881138801575,-0.4086668456853803
UBFC_PHYS_s13_T2_ctrl,83,59,84.96666666666667,-0.34368062019348145,-0.24584597378711043
UBFC_PHYS_s13_T2_ctrl,83,60,85.0,-0.29499122500419617,-0.07683295047172123
UBFC_PHYS_s13_T2_ctrl,83,61,85.03333333333333,-0.33186084032058716,0.0646662711855334
UBFC_PHYS_s13_T2_ctrl,83,62,85.06666666666666,-0.42042502760887146,0.16568139551182187
UBFC_PHYS_s13_T2_ctrl,83,63,85.1,-0.4807397425174713,0.23479540935760074
UBFC_PHYS_s13_T2_ctrl,83,64,85.13333333333334,-0.494141161441803,0.29391238267160497
UBFC_PHYS_s13_T2_ctrl,83,65,85.16666666666667,-0.504234254360199,0.3660218006346439
UBFC_PHYS_s13_T2_ctrl,83,66,85.2,-0.5151215195655823,0.46463889330572794
UBFC_PHYS_s13_T2_ctrl,83,67,85.23333333333333,-0.48178431391716003,0.5887128187630045
UBFC_PHYS_s13_T2_ctrl,83,68,85.26666666666667,-0.4235224723815918,0.7241430733009052
UBFC_PHYS_s13_T2_ctrl,83,69,85.3,-0.43000736832618713,0.8504032446444948
UBFC_PHYS_s13_T2_ctrl,83,70,85.33333333333333,-0.5170524716377258,0.9486780009350407
UBFC_PHYS_s13_T2_ctrl,83,71,85.36666666666666,-0.6240366101264954,1.0075523508267636
UBFC_PHYS_s13_T2_ctrl,83,72,85.4,-0.7280452251434326,1.0241425611545292
UBFC_PHYS_s13_T2_ctrl,83,73,85.43333333333334,-0.8581713438034058,1.0012712012575935
UBFC_PHYS_s13_T2_ctrl,83,74,85.46666666666667,-1.0257734060287476,0.9430864603509629
UBFC_PHYS_s13_T2_ctrl,83,75,85.5,-1.1890850067138672,0.8517535461259366
UBFC_PHYS_s13_T2_ctrl,83,76,85.53333333333333,-1.2736389636993408,0.7268009685988672
UBFC_PHYS_s13_T2_ctrl,83,77,85.56666666666666,-1.2600629329681396,0.5671321791085034
UBFC_PHYS_s13_T2_ctrl,83,78,85.6,-1.1824222803115845,0.3744302171689462
UBFC_PHYS_s13_T2_ctrl,83,79,85.63333333333334,-1.0351974964141846,0.1562251472606408
UBFC_PHYS_s13_T2_ctrl,83,80,85.66666666666667,-0.7916221618652344,-0.07275229415972624
UBFC_PHYS_s13_T2_ctrl,83,81,85.7,-0.5093582272529602,-0.2917718413315114
UBFC_PHYS_s13_T2_ctrl,83,82,85.73333333333333,-0.2786175608634949,-0.4783608841007413
UBFC_PHYS_s13_T2_ctrl,83,83,85.76666666666667,-0.10072802752256393,-0.615391275906269
UBFC_PHYS_s13_T2_ctrl,83,84,85.8,0.07494385540485382,-0.6992137544484863
UBFC_PHYS_s13_T2_ctrl,83,85,85.83333333333333,0.2721232771873474,-0.7454486017484514
UBFC_PHYS_s13_T2_ctrl,83,86,85.86666666666666,0.4944843649864197,-0.7886171309993054
UBFC_PHYS_s13_T2_ctrl,83,87,85.9,0.6706637144088745,-0.8732648087404211
UBFC_PHYS_s13_T2_ctrl,83,88,85.93333333333334,0.6502830982208252,-1.0374283824797754
UBFC_PHYS_s13_T2_ctrl,83,89,85.96666666666667,0.39202776551246643,-1.293140349764088
UBFC_PHYS_s13_T2_ctrl,83,90,86.0,0.04363648220896721,-1.611481926908043
UBFC_PHYS_s13_T2_ctrl,83,91,86.03333333333333,-0.24701032042503357,-1.9198765667583568
UBFC_PHYS_s13_T2_ctrl,83,92,86.06666666666666,-0.42732179164886475,-2.116096234164831
UBFC_PHYS_s13_T2_ctrl,83,93,86.1,-0.44982779026031494,-2.0975764815083715
UBFC_PHYS_s13_T2_ctrl,83,94,86.13333333333334,-0.3331888020038605,-1.7979748577338752
UBFC_PHYS_s13_T2_ctrl,83,95,86.16666666666667,-0.20355038344860077,-1.2177710645791913
UBFC_PHYS_s13_T2_ctrl,83,96,86.2,-0.13938361406326294,-0.43485961656349426
UBFC_PHYS_s13_T2_ctrl,83,97,86.23333333333333,-0.10030294954776764,0.41268429488452796
UBFC_PHYS_s13_T2_ctrl,83,98,86.26666666666667,-0.05214739963412285,1.1670993424841947
UBFC_PHYS_s13_T2_ctrl,83,99,86.3,-0.020520398393273354,1.6987836917964394
UBFC_PHYS_s13_T2_ctrl,83,100,86.33333333333333,0.008196973241865635,1.9425323421301843
UBFC_PHYS_s13_T2_ctrl,83,101,86.36666666666666,0.10922016948461533,1.9093672815490128
UBFC_PHYS_s13_T2_ctrl,83,102,86.4,0.3221307098865509,1.6724590336046925
UBFC_PHYS_s13_T2_ctrl,83,103,86.43333333333334,0.6063321828842163,1.3359534955899952
UBFC_PHYS_s13_T2_ctrl,83,104,86.46666666666667,0.9182229042053223,1.0001569564116206
UBFC_PHYS_s13_T2_ctrl,83,105,86.5,1.2684496641159058,0.735032063627804
UBFC_PHYS_s13_T2_ctrl,83,106,86.53333333333333,1.696962833404541,0.5686200309140059
UBFC_PHYS_s13_T2_ctrl,83,107,86.56666666666666,2.22298002243042,0.4906602451538856
UBFC_PHYS_s13_T2_ctrl,83,108,86.6,2.7376718521118164,0.46670363588314434
UBFC_PHYS_s13_T2_ctrl,83,109,86.63333333333334,2.961397171020508,0.4557282618189184
UBFC_PHYS_s13_T2_ctrl,83,110,86.66666666666667,2.7303664684295654,0.42481568056365804
UBFC_PHYS_s13_T2_ctrl,83,111,86.7,2.2194740772247314,0.35703358521605544
UBFC_PHYS_s13_T2_ctrl,83,112,86.73333333333333,1.6936808824539185,0.2519872111667765
UBFC_PHYS_s13_T2_ctrl,83,113,86.76666666666667,1.2523198127746582,0.1212108364756026
UBFC_PHYS_s13_T2_ctrl,83,114,86.8,0.9104463458061218,-0.018224419925823625
UBFC_PHYS_s13_T2_ctrl,83,115,86.83333333333333,0.6518582105636597,-0.14896540431249214
UBFC_PHYS_s13_T2_ctrl,83,116,86.86666666666666,0.40949544310569763,-0.2561527407810876
UBFC_PHYS_s13_T2_ctrl,83,117,86.9,0.1751333624124527,-0.3280820128205319
UBFC_PHYS_s13_T2_ctrl,83,118,86.93333333333334,0.015904365107417107,-0.35610154442973885
UBFC_PHYS_s13_T2_ctrl,83,119,86.96666666666667,-0.07008957862854004,-0.3351865909768798
UBFC_PHYS_s13_T2_ctrl,83,120,87.0,-0.17710667848587036,-0.26599734221263915
UBFC_PHYS_s13_T2_ctrl,83,121,87.03333333333333,-0.36023882031440735,-0.15800701088407743
UBFC_PHYS_s13_T2_ctrl,83,122,87.06666666666666,-0.568305492401123,-0.0319074003883266
UBFC_PHYS_s13_T2_ctrl,83,123,87.1,-0.7202752232551575,0.08105887989631466
UBFC_PHYS_s13_T2_ctrl,83,124,87.13333333333334,-0.7544559836387634,0.14426485778326617
UBFC_PHYS_s13_T2_ctrl,83,125,87.16666666666667,-0.6316418647766113,0.12482080100336743
UBFC_PHYS_s13_T2_ctrl,83,126,87.2,-0.3280582129955292,0.004138855770248755
UBFC_PHYS_s13_T2_ctrl,83,127,87.23333333333333,0.09648764878511429,-0.21360107476271414
UBFC_PHYS_s13_T2_ctrl,83,128,87.26666666666667,0.43744176626205444,-0.49826379106079316
UBFC_PHYS_s13_T2_ctrl,83,129,87.3,0.5414305925369263,-0.7975417542124372
UBFC_PHYS_s13_T2_ctrl,83,130,87.33333333333333,0.5101330876350403,-1.0474187493960574
UBFC_PHYS_s13_T2_ctrl,83,131,87.36666666666666,0.4901248514652252,-1.187125366882317
UBFC_PHYS_s13_T2_ctrl,83,132,87.4,0.48069408535957336,-1.1750002548604097
UBFC_PHYS_s13_T2_ctrl,83,133,87.43333333333334,0.45261597633361816,-1.0010041473555642
UBFC_PHYS_s13_T2_ctrl,83,134,87.46666666666667,0.4332173466682434,-0.6919072205296606
UBFC_PHYS_s13_T2_ctrl,83,135,87.5,0.41819798946380615,-0.3066643200316994
UBFC_PHYS_s13_T2_ctrl,83,136,87.53333333333333,0.36464494466781616,0.07778841376304442
UBFC_PHYS_s13_T2_ctrl,83,137,87.56666666666666,0.2745682895183563,0.3867536946992718
UBFC_PHYS_s13_T2_ctrl,83,138,87.6,0.18516714870929718,0.567749689973082
UBFC_PHYS_s13_T2_ctrl,83,139,87.63333333333334,0.11162564158439636,0.6035096095971317
UBFC_PHYS_s13_T2_ctrl,83,140,87.66666666666667,0.04156052693724632,0.5137754472055647
UBFC_PHYS_s13_T2_ctrl,83,141,87.7,-0.022092191502451897,0.3460346015126068
UBFC_PHYS_s13_T2_ctrl,83,142,87.73333333333333,-0.07342758029699326,0.15946414229664999
UBFC_PHYS_s13_T2_ctrl,83,143,87.76666666666667,-0.13218697905540466,0.008196588418866795
UBFC_PHYS_s13_T2_ctrl,83,144,87.8,-0.20140522718429565,-0.07107032060520639
UBFC_PHYS_s13_T2_ctrl,83,145,87.83333333333333,-0.27795523405075073,-0.06472046997690731
UBFC_PHYS_s13_T2_ctrl,83,146,87.86666666666666,-0.3985055685043335,0.018915916276550745
UBFC_PHYS_s13_T2_ctrl,83,147,87.9,-0.5679396986961365,0.1558821691115484
UBFC_PHYS_s13_T2_ctrl,83,148,87.93333333333334,-0.7017596960067749,0.3154298238793714
UBFC_PHYS_s13_T2_ctrl,83,149,87.96666666666667,-0.7196722030639648,0.4683745220949718
UBFC_PHYS_s13_T2_ctrl,83,150,88.0,-0.633816659450531,0.5926337087823937
UBFC_PHYS_s13_T2_ctrl,83,151,88.03333333333333,-0.517431378364563,0.675097805718344
UBFC_PHYS_s13_T2_ctrl,83,152,88.06666666666666,-0.44857561588287354,0.7107134537851146
UBFC_PHYS_s13_T2_ctrl,83,153,88.1,-0.47649887204170227,0.7006126807098446
UBFC_PHYS_s13_T2_ctrl,83,154,88.13333333333334,-0.5811697840690613,0.6507111578705329
UBFC_PHYS_s13_T2_ctrl,83,155,88.16666666666667,-0.6746437549591064,0.5709231534993562
UBFC_PHYS_s13_T2_ctrl,83,156,88.2,-0.7167361974716187,0.4740466732788601
UBFC_PHYS_s13_T2_ctrl,83,157,88.23333333333333,-0.7604828476905823,0.37330722152022106
UBFC_PHYS_s13_T2_ctrl,83,158,88.26666666666667,-0.8047599792480469,0.27860607241318536
UBFC_PHYS_s13_T2_ctrl,83,159,88.3,-0.7267600893974304,0.19277299668785014
UBFC_PHYS_s13_T2_ctrl,83,160,88.33333333333333,-0.4568827450275421,0.10957389676891237
UBFC_PHYS_s13_T2_ctrl,83,161,88.36666666666666,-0.05611148476600647,0.014761809436071045
UBFC_PHYS_s13_T2_ctrl,83,162,88.4,0.37513676285743713,-0.10950220864385553
UBFC_PHYS_s13_T2_ctrl,83,163,88.43333333333334,0.7416053414344788,-0.27760354005671095
UBFC_PHYS_s13_T2_ctrl,83,164,88.46666666666667,0.9413780570030212,-0.4925007640653255
UBFC_PHYS_s13_T2_ctrl,83,165,88.5,0.9131154417991638,-0.7393248968702931
UBFC_PHYS_s13_T2_ctrl,83,166,88.53333333333333,0.6629464030265808,-0.9834997877257242
UBFC_PHYS_s13_T2_ctrl,83,167,88.56666666666666,0.2982967793941498,-1.1757815546365293
UBFC_PHYS_s13_T2_ctrl,83,168,88.6,0.060679078102111816,-1.2645872727378953
UBFC_PHYS_s13_T2_ctrl,83,169,88.63333333333334,0.15596209466457367,-1.2128011313748264
UBFC_PHYS_s13_T2_ctrl,83,170,88.66666666666667,0.4237338602542877,-1.0131996878072267
UBFC_PHYS_s13_T2_ctrl,83,171,88.7,0.49175596237182617,-0.69575656085628
UBFC_PHYS_s13_T2_ctrl,83,172,88.73333333333333,0.27493736147880554,-0.3225963261518531
UBFC_PHYS_s13_T2_ctrl,83,173,88.76666666666667,-0.0052275327034294605,0.028681928567387206
UBFC_PHYS_s13_T2_ctrl,83,174,88.8,-0.18745680153369904,0.287591878342325
UBFC_PHYS_s13_T2_ctrl,83,175,88.83333333333333,-0.24801865220069885,0.4111018580977347
UBFC_PHYS_s13_T2_ctrl,83,176,88.86666666666666,-0.19359569251537323,0.3949142996525659
UBFC_PHYS_s13_T2_ctrl,83,177,88.9,-0.0883546844124794,0.27262967645681524
UBFC_PHYS_s13_T2_ctrl,83,178,88.93333333333334,-0.0074089327827095985,0.10376981458220554
UBFC_PHYS_s13_T2_ctrl,83,179,88.96666666666667,0.07395200431346893,-0.04514442403439318
UBFC_PHYS_s13_T2_ctrl,83,180,89.0,0.22864356637001038,-0.12030743344449625
UBFC_PHYS_s13_T2_ctrl,83,181,89.03333333333333,0.43316131830215454,-0.09483201836435694
UBFC_PHYS_s13_T2_ctrl,83,182,89.06666666666666,0.5805936455726624,0.02689452384890208
UBFC_PHYS_s13_T2_ctrl,83,183,89.1,0.6442298889160156,0.21531040130193807
UBFC_PHYS_s13_T2_ctrl,83,184,89.13333333333334,0.7145816683769226,0.42862921948303545
UBFC_PHYS_s13_T2_ctrl,83,185,89.16666666666667,0.8574930429458618,0.6264854725720476
UBFC_PHYS_s13_T2_ctrl,83,186,89.2,0.9965589046478271,0.7787779489272671
UBFC_PHYS_s13_T2_ctrl,83,187,89.23333333333333,1.014557123184204,0.8676326297933435
UBFC_PHYS_s13_T2_ctrl,83,188,89.26666666666667,0.9184206128120422,0.8845560061364531
UBFC_PHYS_s13_T2_ctrl,83,189,89.3,0.7876783609390259,0.8270269892335984
UBFC_PHYS_s13_T2_ctrl,83,190,89.33333333333333,0.6215261816978455,0.6976240568385254
UBFC_PHYS_s13_T2_ctrl,83,191,89.36666666666666,0.3850189447402954,0.5058051359273803
UBFC_PHYS_s13_T2_ctrl,83,192,89.4,0.096247099339962,0.2701314597659797
UBFC_PHYS_s13_T2_ctrl,83,193,89.43333333333334,-0.20760343968868256,0.018316799579651502
UBFC_PHYS_s13_T2_ctrl,83,194,89.46666666666667,-0.4962731599807739,-0.21618244730856326
UBFC_PHYS_s13_T2_ctrl,83,195,89.5,-0.7266908884048462,-0.40051633857251834
UBFC_PHYS_s13_T2_ctrl,83,196,89.53333333333333,-0.8717210292816162,-0.5101081722642663
UBFC_PHYS_s13_T2_ctrl,83,197,89.56666666666666,-0.9550458788871765,-0.5355973663599143
UBFC_PHYS_s13_T2_ctrl,83,198,89.6,-0.9986804723739624,-0.48683986608618274
UBFC_PHYS_s13_T2_ctrl,83,199,89.63333333333334,-0.9976820349693298,-0.39187928842023684
UBFC_PHYS_s13_T2_ctrl,83,200,89.66666666666667,-0.9470386505126953,-0.2897205837682213
UBFC_PHYS_s13_T2_ctrl,83,201,89.7,-0.8744890093803406,-0.21798136416580888
UBFC_PHYS_s13_T2_ctrl,83,202,89.73333333333333,-0.8275559544563293,-0.1995355379882241
UBFC_PHYS_s13_T2_ctrl,83,203,89.76666666666667,-0.8327425122261047,-0.23380224169128977
UBFC_PHYS_s13_T2_ctrl,83,204,89.8,-0.8925695419311523,-0.2966806555849689
UBFC_PHYS_s13_T2_ctrl,83,205,89.83333333333333,-1.0211139917373657,-0.3494355241074441
UBFC_PHYS_s13_T2_ctrl,83,206,89.86666666666666,-1.21856689453125,-0.35332773604832235
UBFC_PHYS_s13_T2_ctrl,83,207,89.9,-1.4043614864349365,-0.2846696448335892
UBFC_PHYS_s13_T2_ctrl,83,208,89.93333333333334,-1.4485036134719849,-0.14471600081031485
UBFC_PHYS_s13_T2_ctrl,83,209,89.96666666666667,-1.3187729120254517,0.03943070165697319
UBFC_PHYS_s13_T2_ctrl,83,210,90.0,-1.147269368171692,0.2233409051519784
UBFC_PHYS_s13_T2_ctrl,83,211,90.03333333333333,-1.0755237340927124,0.35995716568551617
UBFC_PHYS_s13_T2_ctrl,83,212,90.06666666666666,-1.0561679601669312,0.4148378818348387
UBFC_PHYS_s13_T2_ctrl,83,213,90.1,-0.9358285069465637,0.37643319472589487
UBFC_PHYS_s13_T2_ctrl,83,214,90.13333333333334,-0.6390065550804138,0.25846053954687787
UBFC_PHYS_s13_T2_ctrl,83,215,90.16666666666667,-0.216549813747406,0.09470601158818089
UBFC_PHYS_s13_T2_ctrl,83,216,90.2,0.24654620885849,-0.07128390656075828
UBFC_PHYS_s13_T2_ctrl,83,217,90.23333333333333,0.7223846316337585,-0.1983208153790164
UBFC_PHYS_s13_T2_ctrl,83,218,90.26666666666667,1.2136542797088623,-0.25814612262306913
UBFC_PHYS_s13_T2_ctrl,83,219,90.3,1.6193946599960327,-0.2417202998311993
UBFC_PHYS_s13_T2_ctrl,83,220,90.33333333333333,1.734270691871643,-0.15980933713805387
UBFC_PHYS_s13_T2_ctrl,83,221,90.36666666666666,1.4284464120864868,-0.03812606476620365
UBFC_PHYS_s13_T2_ctrl,83,222,90.4,0.7847225666046143,0.09117107881841215
UBFC_PHYS_s13_T2_ctrl,83,223,90.43333333333334,0.051478974521160126,0.19884270624844336
UBFC_PHYS_s13_T2_ctrl,83,224,90.46666666666667,-0.5282790660858154,0.2658791098528632
UBFC_PHYS_s13_T2_ctrl,83,225,90.5,-0.8624187707901001,0.2865593122979188
UBFC_PHYS_s13_T2_ctrl,83,226,90.53333333333333,-1.0226857662200928,0.2665186125402712
UBFC_PHYS_s13_T2_ctrl,83,227,90.56666666666666,-1.161362886428833,0.21709943637636925
UBFC_PHYS_s13_T2_ctrl,83,228,90.6,-1.3630402088165283,0.14910515807969307
UBFC_PHYS_s13_T2_ctrl,83,229,90.63333333333334,-1.541914939880371,0.06921972037068462
UBFC_PHYS_s13_T2_ctrl,83,230,90.66666666666667,-1.5084525346755981,-0.01973550895162715
UBFC_PHYS_s13_T2_ctrl,83,231,90.7,-1.2247519493103027,-0.1159323181543967
UBFC_PHYS_s13_T2_ctrl,83,232,90.73333333333333,-0.8711246252059937,-0.21504200825804493
UBFC_PHYS_s13_T2_ctrl,83,233,90.76666666666667,-0.6153802275657654,-0.30771458962305787
UBFC_PHYS_s13_T2_ctrl,83,234,90.8,-0.48188644647598267,-0.37925451939048416
UBFC_PHYS_s13_T2_ctrl,83,235,90.83333333333333,-0.45742642879486084,-0.4122691505733728
UBFC_PHYS_s13_T2_ctrl,83,236,90.86666666666666,-0.5287601947784424,-0.3920241546467811
UBFC_PHYS_s13_T2_ctrl,83,237,90.9,-0.6358926296234131,-0.31273230514865125
UBFC_PHYS_s13_T2_ctrl,83,238,90.93333333333334,-0.7207266688346863,-0.18185391435510415
UBFC_PHYS_s13_T2_ctrl,83,239,90.96666666666667,-0.7869265675544739,-0.019947041954171737
UBFC_PHYS_s13_T2_ctrl,84,0,84.0,0.06325919181108475,-0.09698367438349335
UBFC_PHYS_s13_T2_ctrl,84,1,84.03333333333333,0.2819000482559204,-0.2945052784687502
UBFC_PHYS_s13_T2_ctrl,84,2,84.06666666666666,0.4172654449939728,-0.46046915272141664
UBFC_PHYS_s13_T2_ctrl,84,3,84.1,0.4562472701072693,-0.5722766859538728
UBFC_PHYS_s13_T2_ctrl,84,4,84.13333333333334,0.4544645845890045,-0.6177735353294791
UBFC_PHYS_s13_T2_ctrl,84,5,84.16666666666667,0.46456095576286316,-0.5960849637604378
UBFC_PHYS_s13_T2_ctrl,84,6,84.2,0.5026299953460693,-0.515245224525735
UBFC_PHYS_s13_T2_ctrl,84,7,84.23333333333333,0.5624339580535889,-0.3886255783842963
UBFC_PHYS_s13_T2_ctrl,84,8,84.26666666666667,0.6287722587585449,-0.23208800537789923
UBFC_PHYS_s13_T2_ctrl,84,9,84.3,0.6795507669448853,-0.062316183026645114
UBFC_PHYS_s13_T2_ctrl,84,10,84.33333333333333,0.6978916525840759,0.1045700910876304
UBFC_PHYS_s13_T2_ctrl,84,11,84.36666666666666,0.6880226135253906,0.25514303602734134
UBFC_PHYS_s13_T2_ctrl,84,12,84.4,0.6725221872329712,0.3814078555891264
UBFC_PHYS_s13_T2_ctrl,84,13,84.43333333333334,0.6675431728363037,0.4826738517979176
UBFC_PHYS_s13_T2_ctrl,84,14,84.46666666666667,0.6635560393333435,0.5647821631497494
UBFC_PHYS_s13_T2_ctrl,84,15,84.5,0.6365686058998108,0.6360489213853062
UBFC_PHYS_s13_T2_ctrl,84,16,84.53333333333333,0.5671592354774475,0.7012500004931178
UBFC_PHYS_s13_T2_ctrl,84,17,84.56666666666666,0.43855881690979004,0.7565365774604857
UBFC_PHYS_s13_T2_ctrl,84,18,84.6,0.2233647108078003,0.7882032557921064
UBFC_PHYS_s13_T2_ctrl,84,19,84.63333333333334,-0.0827660784125328,0.7764724364268016
UBFC_PHYS_s13_T2_ctrl,84,20,84.66666666666667,-0.3901885747909546,0.702766921561456
UBFC_PHYS_s13_T2_ctrl,84,21,84.7,-0.5303946137428284,0.5571482392077998
UBFC_PHYS_s13_T2_ctrl,84,22,84.73333333333333,-0.45249027013778687,0.3429008873813886
UBFC_PHYS_s13_T2_ctrl,84,23,84.76666666666667,-0.33542951941490173,0.07684159079223805
UBFC_PHYS_s13_T2_ctrl,84,24,84.8,-0.3509728014469147,-0.21451948402429874
UBFC_PHYS_s13_T2_ctrl,84,25,84.83333333333333,-0.44015976786613464,-0.5016389537294019
UBFC_PHYS_s13_T2_ctrl,84,26,84.86666666666666,-0.48579782247543335,-0.7591322544919661
UBFC_PHYS_s13_T2_ctrl,84,27,84.9,-0.47216901183128357,-0.9707829112187314
UBFC_PHYS_s13_T2_ctrl,84,28,84.93333333333334,-0.42009881138801575,-1.1302381001644266
UBFC_PHYS_s13_T2_ctrl,84,29,84.96666666666667,-0.34368062019348145,-1.2370911905558946
UBFC_PHYS_s13_T2_ctrl,84,30,85.0,-0.29499122500419617,-1.2905868363589492
UBFC_PHYS_s13_T2_ctrl,84,31,85.03333333333333,-0.33186084032058716,-1.2848172321827978
UBFC_PHYS_s13_T2_ctrl,84,32,85.06666666666666,-0.42042502760887146,-1.208661715054105
UBFC_PHYS_s13_T2_ctrl,84,33,85.1,-0.4807397425174713,-1.0510500876704485
UBFC_PHYS_s13_T2_ctrl,84,34,85.13333333333334,-0.494141161441803,-0.8089000033751691
UBFC_PHYS_s13_T2_ctrl,84,35,85.16666666666667,-0.504234254360199,-0.4933875908762894
UBFC_PHYS_s13_T2_ctrl,84,36,85.2,-0.5151215195655823,-0.13117996261142043
UBFC_PHYS_s13_T2_ctrl,84,37,85.23333333333333,-0.48178431391716003,0.24019443411183816
UBFC_PHYS_s13_T2_ctrl,84,38,85.26666666666667,-0.4235224723815918,0.5812487462139737
UBFC_PHYS_s13_T2_ctrl,84,39,85.3,-0.43000736832618713,0.8604575275591883
UBFC_PHYS_s13_T2_ctrl,84,40,85.33333333333333,-0.5170524716377258,1.0612815468993637
UBFC_PHYS_s13_T2_ctrl,84,41,85.36666666666666,-0.6240366101264954,1.1835190315704733
UBFC_PHYS_s13_T2_ctrl,84,42,85.4,-0.7280452251434326,1.2390704607102272
UBFC_PHYS_s13_T2_ctrl,84,43,85.43333333333334,-0.8581713438034058,1.2448072713804879
UBFC_PHYS_s13_T2_ctrl,84,44,85.46666666666667,-1.0257734060287476,1.2157681682603017
UBFC_PHYS_s13_T2_ctrl,84,45,85.5,-1.1890850067138672,1.1608032543942837
UBFC_PHYS_s13_T2_ctrl,84,46,85.53333333333333,-1.2736389636993408,1.0813889622679327
UBFC_PHYS_s13_T2_ctrl,84,47,85.56666666666666,-1.2600629329681396,0.973269630115122
UBFC_PHYS_s13_T2_ctrl,84,48,85.6,-1.1824222803115845,0.8299365140714666
UBFC_PHYS_s13_T2_ctrl,84,49,85.63333333333334,-1.0351974964141846,0.6467315826972756
UBFC_PHYS_s13_T2_ctrl,84,50,85.66666666666667,-0.7916221618652344,0.42443536854569874
UBFC_PHYS_s13_T2_ctrl,84,51,85.7,-0.5093582272529602,0.17129896881033127
UBFC_PHYS_s13_T2_ctrl,84,52,85.73333333333333,-0.2786175608634949,-0.09741283165028469
UBFC_PHYS_s13_T2_ctrl,84,53,85.76666666666667,-0.10072802752256393,-0.3627204478717113
UBFC_PHYS_s13_T2_ctrl,84,54,85.8,0.07494385540485382,-0.6071615628963488
UBFC_PHYS_s13_T2_ctrl,84,55,85.83333333333333,0.2721232771873474,-0.8198165295037012
UBFC_PHYS_s13_T2_ctrl,84,56,85.86666666666666,0.4944843649864197,-0.9987094652063833
UBFC_PHYS_s13_T2_ctrl,84,57,85.9,0.6706637144088745,-1.1491429996952451
UBFC_PHYS_s13_T2_ctrl,84,58,85.93333333333334,0.6502830982208252,-1.278315176651026
UBFC_PHYS_s13_T2_ctrl,84,59,85.96666666666667,0.39202776551246643,-1.3881302742612578
UBFC_PHYS_s13_T2_ctrl,84,60,86.0,0.04363648220896721,-1.4687954184398473
UBFC_PHYS_s13_T2_ctrl,84,61,86.03333333333333,-0.24701032042503357,-1.4961329628747546
UBFC_PHYS_s13_T2_ctrl,84,62,86.06666666666666,-0.42732179164886475,-1.4356253473353446
UBFC_PHYS_s13_T2_ctrl,84,63,86.1,-0.44982779026031494,-1.2543234312200813
UBFC_PHYS_s13_T2_ctrl,84,64,86.13333333333334,-0.3331888020038605,-0.9372436500472231
UBFC_PHYS_s13_T2_ctrl,84,65,86.16666666666667,-0.20355038344860077,-0.5007122124800688
UBFC_PHYS_s13_T2_ctrl,84,66,86.2,-0.13938361406326294,0.005086327323845702
UBFC_PHYS_s13_T2_ctrl,84,67,86.23333333333333,-0.10030294954776764,0.5073800428304145
UBFC_PHYS_s13_T2_ctrl,84,68,86.26666666666667,-0.05214739963412285,0.9316122136848219
UBFC_PHYS_s13_T2_ctrl,84,69,86.3,-0.020520398393273354,1.2225983488055088
UBFC_PHYS_s13_T2_ctrl,84,70,86.33333333333333,0.008196973241865635,1.3577646189191823
UBFC_PHYS_s13_T2_ctrl,84,71,86.36666666666666,0.10922016948461533,1.3488847201109853
UBFC_PHYS_s13_T2_ctrl,84,72,86.4,0.3221307098865509,1.2333971118091247
UBFC_PHYS_s13_T2_ctrl,84,73,86.43333333333334,0.6063321828842163,1.0595097533061477
UBFC_PHYS_s13_T2_ctrl,84,74,86.46666666666667,0.9182229042053223,0.8707397207262727
UBFC_PHYS_s13_T2_ctrl,84,75,86.5,1.2684496641159058,0.695024298799083
UBFC_PHYS_s13_T2_ctrl,84,76,86.53333333333333,1.696962833404541,0.5412189928286859
UBFC_PHYS_s13_T2_ctrl,84,77,86.56666666666666,2.22298002243042,0.4027544724034935
UBFC_PHYS_s13_T2_ctrl,84,78,86.6,2.7376718521118164,0.26579231154336386
UBFC_PHYS_s13_T2_ctrl,84,79,86.63333333333334,2.961397171020508,0.1182347941126578
UBFC_PHYS_s13_T2_ctrl,84,80,86.66666666666667,2.7303664684295654,-0.04351339631584271
UBFC_PHYS_s13_T2_ctrl,84,81,86.7,2.2194740772247314,-0.21176016191829777
UBFC_PHYS_s13_T2_ctrl,84,82,86.73333333333333,1.6936808824539185,-0.36905360927394437
UBFC_PHYS_s13_T2_ctrl,84,83,86.76666666666667,1.2523198127746582,-0.4932543576817076
UBFC_PHYS_s13_T2_ctrl,84,84,86.8,0.9104463458061218,-0.5645563210143232
UBFC_PHYS_s13_T2_ctrl,84,85,86.83333333333333,0.6518582105636597,-0.5722994696638783
UBFC_PHYS_s13_T2_ctrl,84,86,86.86666666666666,0.40949544310569763,-0.5192428904670314
UBFC_PHYS_s13_T2_ctrl,84,87,86.9,0.1751333624124527,-0.42143606350606044
UBFC_PHYS_s13_T2_ctrl,84,88,86.93333333333334,0.015904365107417107,-0.3031546935624085
UBFC_PHYS_s13_T2_ctrl,84,89,86.96666666666667,-0.07008957862854004,-0.18848110721335373
UBFC_PHYS_s13_T2_ctrl,84,90,87.0,-0.17710667848587036,-0.0931832194861673
UBFC_PHYS_s13_T2_ctrl,84,91,87.03333333333333,-0.36023882031440735,-0.02085535007235446
UBFC_PHYS_s13_T2_ctrl,84,92,87.06666666666666,-0.568305492401123,0.03499944194571257
UBFC_PHYS_s13_T2_ctrl,84,93,87.1,-0.7202752232551575,0.08455289818292432
UBFC_PHYS_s13_T2_ctrl,84,94,87.13333333333334,-0.7544559836387634,0.1345461997003756
UBFC_PHYS_s13_T2_ctrl,84,95,87.16666666666667,-0.6316418647766113,0.18400804786193067
UBFC_PHYS_s13_T2_ctrl,84,96,87.2,-0.3280582129955292,0.22444206117686297
UBFC_PHYS_s13_T2_ctrl,84,97,87.23333333333333,0.09648764878511429,0.24387259354662508
UBFC_PHYS_s13_T2_ctrl,84,98,87.26666666666667,0.43744176626205444,0.23268924440464292
UBFC_PHYS_s13_T2_ctrl,84,99,87.3,0.5414305925369263,0.1887164085379914
UBFC_PHYS_s13_T2_ctrl,84,100,87.33333333333333,0.5101330876350403,0.11914405446089318
UBFC_PHYS_s13_T2_ctrl,84,101,87.36666666666666,0.4901248514652252,0.0381468031575437
UBFC_PHYS_s13_T2_ctrl,84,102,87.4,0.48069408535957336,-0.03890027223024333
UBFC_PHYS_s13_T2_ctrl,84,103,87.43333333333334,0.45261597633361816,-0.10191120753427343
UBFC_PHYS_s13_T2_ctrl,84,104,87.46666666666667,0.4332173466682434,-0.15024612945070198
UBFC_PHYS_s13_T2_ctrl,84,105,87.5,0.41819798946380615,-0.19260229846890883
UBFC_PHYS_s13_T2_ctrl,84,106,87.53333333333333,0.36464494466781616,-0.24254439012956353
UBFC_PHYS_s13_T2_ctrl,84,107,87.56666666666666,0.2745682895183563,-0.311403158083249
UBFC_PHYS_s13_T2_ctrl,84,108,87.6,0.18516714870929718,-0.4014388882859741
UBFC_PHYS_s13_T2_ctrl,84,109,87.63333333333334,0.11162564158439636,-0.5022300268281238
UBFC_PHYS_s13_T2_ctrl,84,110,87.66666666666667,0.04156052693724632,-0.592099766695977
UBFC_PHYS_s13_T2_ctrl,84,111,87.7,-0.022092191502451897,-0.644355249124644
UBFC_PHYS_s13_T2_ctrl,84,112,87.73333333333333,-0.07342758029699326,-0.6359679024493892
UBFC_PHYS_s13_T2_ctrl,84,113,87.76666666666667,-0.13218697905540466,-0.5552010033897231
UBFC_PHYS_s13_T2_ctrl,84,114,87.8,-0.20140522718429565,-0.40524482669712697
UBFC_PHYS_s13_T2_ctrl,84,115,87.83333333333333,-0.27795523405075073,-0.20263401736943593
UBFC_PHYS_s13_T2_ctrl,84,116,87.86666666666666,-0.3985055685043335,0.02882046386445323
UBFC_PHYS_s13_T2_ctrl,84,117,87.9,-0.5679396986961365,0.2661195535019329
UBFC_PHYS_s13_T2_ctrl,84,118,87.93333333333334,-0.7017596960067749,0.49364440151435895
UBFC_PHYS_s13_T2_ctrl,84,119,87.96666666666667,-0.7196722030639648,0.705051986943259
UBFC_PHYS_s13_T2_ctrl,84,120,88.0,-0.633816659450531,0.8995243492668629
UBFC_PHYS_s13_T2_ctrl,84,121,88.03333333333333,-0.517431378364563,1.0744638124442536
UBFC_PHYS_s13_T2_ctrl,84,122,88.06666666666666,-0.44857561588287354,1.219037606670426
UBFC_PHYS_s13_T2_ctrl,84,123,88.1,-0.47649887204170227,1.3129445367955763
UBFC_PHYS_s13_T2_ctrl,84,124,88.13333333333334,-0.5811697840690613,1.3319780598393902
UBFC_PHYS_s13_T2_ctrl,84,125,88.16666666666667,-0.6746437549591064,1.2578811569179955
UBFC_PHYS_s13_T2_ctrl,84,126,88.2,-0.7167361974716187,1.0870765218014273
UBFC_PHYS_s13_T2_ctrl,84,127,88.23333333333333,-0.7604828476905823,0.833197342826719
UBFC_PHYS_s13_T2_ctrl,84,128,88.26666666666667,-0.8047599792480469,0.5220648542395216
UBFC_PHYS_s13_T2_ctrl,84,129,88.3,-0.7267600893974304,0.18210297761620756
UBFC_PHYS_s13_T2_ctrl,84,130,88.33333333333333,-0.4568827450275421,-0.1648088950101955
UBFC_PHYS_s13_T2_ctrl,84,131,88.36666666666666,-0.05611148476600647,-0.5078073867347055
UBFC_PHYS_s13_T2_ctrl,84,132,88.4,0.37513676285743713,-0.8450244366768281
UBFC_PHYS_s13_T2_ctrl,84,133,88.43333333333334,0.7416053414344788,-1.1761380999886797
UBFC_PHYS_s13_T2_ctrl,84,134,88.46666666666667,0.9413780570030212,-1.492893739325525
UBFC_PHYS_s13_T2_ctrl,84,135,88.5,0.9131154417991638,-1.7720935085452127
UBFC_PHYS_s13_T2_ctrl,84,136,88.53333333333333,0.6629464030265808,-1.9750631013311015
UBFC_PHYS_s13_T2_ctrl,84,137,88.56666666666666,0.2982967793941498,-2.055505709409126
UBFC_PHYS_s13_T2_ctrl,84,138,88.6,0.060679078102111816,-1.9743384004032902
UBFC_PHYS_s13_T2_ctrl,84,139,88.63333333333334,0.15596209466457367,-1.716436594986977
UBFC_PHYS_s13_T2_ctrl,84,140,88.66666666666667,0.4237338602542877,-1.3017719882550427
UBFC_PHYS_s13_T2_ctrl,84,141,88.7,0.49175596237182617,-0.7844269842591948
UBFC_PHYS_s13_T2_ctrl,84,142,88.73333333333333,0.27493736147880554,-0.23814251445560214
UBFC_PHYS_s13_T2_ctrl,84,143,88.76666666666667,-0.0052275327034294605,0.266032706300844
UBFC_PHYS_s13_T2_ctrl,84,144,88.8,-0.18745680153369904,0.6798195540362307
UBFC_PHYS_s13_T2_ctrl,84,145,88.83333333333333,-0.24801865220069885,0.986456798437265
UBFC_PHYS_s13_T2_ctrl,84,146,88.86666666666666,-0.19359569251537323,1.1958468065229928
UBFC_PHYS_s13_T2_ctrl,84,147,88.9,-0.0883546844124794,1.3311169395015365
UBFC_PHYS_s13_T2_ctrl,84,148,88.93333333333334,-0.0074089327827095985,1.4143312022182832
UBFC_PHYS_s13_T2_ctrl,84,149,88.96666666666667,0.07395200431346893,1.4572842796979006
UBFC_PHYS_s13_T2_ctrl,84,150,89.0,0.22864356637001038,1.4597124235069108
UBFC_PHYS_s13_T2_ctrl,84,151,89.03333333333333,0.43316131830215454,1.4138648364319757
UBFC_PHYS_s13_T2_ctrl,84,152,89.06666666666666,0.5805936455726624,1.3122299860376332
UBFC_PHYS_s13_T2_ctrl,84,153,89.1,0.6442298889160156,1.1546285766611617
UBFC_PHYS_s13_T2_ctrl,84,154,89.13333333333334,0.7145816683769226,0.9516553571869836
UBFC_PHYS_s13_T2_ctrl,84,155,89.16666666666667,0.8574930429458618,0.7231052695587237
UBFC_PHYS_s13_T2_ctrl,84,156,89.2,0.9965589046478271,0.4920170675732003
UBFC_PHYS_s13_T2_ctrl,84,157,89.23333333333333,1.014557123184204,0.2768225299786017
UBFC_PHYS_s13_T2_ctrl,84,158,89.26666666666667,0.9184206128120422,0.08520442359488735
UBFC_PHYS_s13_T2_ctrl,84,159,89.3,0.7876783609390259,-0.08715221967140538
UBFC_PHYS_s13_T2_ctrl,84,160,89.33333333333333,0.6215261816978455,-0.25194849302995065
UBFC_PHYS_s13_T2_ctrl,84,161,89.36666666666666,0.3850189447402954,-0.41996675776574044
UBFC_PHYS_s13_T2_ctrl,84,162,89.4,0.096247099339962,-0.5935754574216858
UBFC_PHYS_s13_T2_ctrl,84,163,89.43333333333334,-0.20760343968868256,-0.7641946588753765
UBFC_PHYS_s13_T2_ctrl,84,164,89.46666666666667,-0.4962731599807739,-0.9156114013839929
UBFC_PHYS_s13_T2_ctrl,84,165,89.5,-0.7266908884048462,-1.030562183469858
UBFC_PHYS_s13_T2_ctrl,84,166,89.53333333333333,-0.8717210292816162,-1.097004567044263
UBFC_PHYS_s13_T2_ctrl,84,167,89.56666666666666,-0.9550458788871765,-1.1117494241044046
UBFC_PHYS_s13_T2_ctrl,84,168,89.6,-0.9986804723739624,-1.0808732027269314
UBFC_PHYS_s13_T2_ctrl,84,169,89.63333333333334,-0.9976820349693298,-1.0172719984711462
UBFC_PHYS_s13_T2_ctrl,84,170,89.66666666666667,-0.9470386505126953,-0.9357523107156027
UBFC_PHYS_s13_T2_ctrl,84,171,89.7,-0.8744890093803406,-0.8464740269229479
UBFC_PHYS_s13_T2_ctrl,84,172,89.73333333333333,-0.8275559544563293,-0.7491103436188621
UBFC_PHYS_s13_T2_ctrl,84,173,89.76666666666667,-0.8327425122261047,-0.6312521976618517
UBFC_PHYS_s13_T2_ctrl,84,174,89.8,-0.8925695419311523,-0.47350112836093605
UBFC_PHYS_s13_T2_ctrl,84,175,89.83333333333333,-1.0211139917373657,-0.26030308167694666
UBFC_PHYS_s13_T2_ctrl,84,176,89.86666666666666,-1.21856689453125,0.008354586583651683
UBFC_PHYS_s13_T2_ctrl,84,177,89.9,-1.4043614864349365,0.3108213658173981
UBFC_PHYS_s13_T2_ctrl,84,178,89.93333333333334,-1.4485036134719849,0.6072110930134896
UBFC_PHYS_s13_T2_ctrl,84,179,89.96666666666667,-1.3187729120254517,0.8514554541595791
UBFC_PHYS_s13_T2_ctrl,84,180,90.0,-1.147269368171692,1.0067467581158043
UBFC_PHYS_s13_T2_ctrl,84,181,90.03333333333333,-1.0755237340927124,1.0575340426299107
UBFC_PHYS_s13_T2_ctrl,84,182,90.06666666666666,-1.0561679601669312,1.0129904078417562
UBFC_PHYS_s13_T2_ctrl,84,183,90.1,-0.9358285069465637,0.9010036811153115
UBFC_PHYS_s13_T2_ctrl,84,184,90.13333333333334,-0.6390065550804138,0.7561640117520092
UBFC_PHYS_s13_T2_ctrl,84,185,90.16666666666667,-0.216549813747406,0.6075326179665181
UBFC_PHYS_s13_T2_ctrl,84,186,90.2,0.24654620885849,0.47104555619682215
UBFC_PHYS_s13_T2_ctrl,84,187,90.23333333333333,0.7223846316337585,0.3485074473333759
UBFC_PHYS_s13_T2_ctrl,84,188,90.26666666666667,1.2136542797088623,0.23228650438844292
UBFC_PHYS_s13_T2_ctrl,84,189,90.3,1.6193946599960327,0.11298625411484955
UBFC_PHYS_s13_T2_ctrl,84,190,90.33333333333333,1.734270691871643,-0.013287227654540983
UBFC_PHYS_s13_T2_ctrl,84,191,90.36666666666666,1.4284464120864868,-0.14093201356706594
UBFC_PHYS_s13_T2_ctrl,84,192,90.4,0.7847225666046143,-0.2555440061309855
UBFC_PHYS_s13_T2_ctrl,84,193,90.43333333333334,0.051478974521160126,-0.33879904532739213
UBFC_PHYS_s13_T2_ctrl,84,194,90.46666666666667,-0.5282790660858154,-0.3753291930707737
UBFC_PHYS_s13_T2_ctrl,84,195,90.5,-0.8624187707901001,-0.35864529178791743
UBFC_PHYS_s13_T2_ctrl,84,196,90.53333333333333,-1.0226857662200928,-0.29370824184163474
UBFC_PHYS_s13_T2_ctrl,84,197,90.56666666666666,-1.161362886428833,-0.1952702048041424
UBFC_PHYS_s13_T2_ctrl,84,198,90.6,-1.3630402088165283,-0.08288273575015358
UBFC_PHYS_s13_T2_ctrl,84,199,90.63333333333334,-1.541914939880371,0.02517577368467437
UBFC_PHYS_s13_T2_ctrl,84,200,90.66666666666667,-1.5084525346755981,0.11644331752093172
UBFC_PHYS_s13_T2_ctrl,84,201,90.7,-1.2247519493103027,0.18573478313710978
UBFC_PHYS_s13_T2_ctrl,84,202,90.73333333333333,-0.8711246252059937,0.23396423192626717
UBFC_PHYS_s13_T2_ctrl,84,203,90.76666666666667,-0.6153802275657654,0.26593441040580124
UBFC_PHYS_s13_T2_ctrl,84,204,90.8,-0.48188644647598267,0.2879987517399282
UBFC_PHYS_s13_T2_ctrl,84,205,90.83333333333333,-0.45742642879486084,0.30541638017235967
UBFC_PHYS_s13_T2_ctrl,84,206,90.86666666666666,-0.5287601947784424,0.3194314328795537
UBFC_PHYS_s13_T2_ctrl,84,207,90.9,-0.6358926296234131,0.32513662879315036
UBFC_PHYS_s13_T2_ctrl,84,208,90.93333333333334,-0.7207266688346863,0.31160396586148703
UBFC_PHYS_s13_T2_ctrl,84,209,90.96666666666667,-0.7869265675544739,0.26484356246849533
UBFC_PHYS_s13_T2_ctrl,84,210,91.0,-0.8611336946487427,0.17235080534749447
UBFC_PHYS_s13_T2_ctrl,84,211,91.03333333333333,-0.9361547231674194,0.027020258292694478
UBFC_PHYS_s13_T2_ctrl,84,212,91.06666666666666,-0.985572338104248,-0.17087053142145373
UBFC_PHYS_s13_T2_ctrl,84,213,91.1,-1.0028225183486938,-0.4132066392475307
UBFC_PHYS_s13_T2_ctrl,84,214,91.13333333333334,-0.9877042770385742,-0.6839330854580769
UBFC_PHYS_s13_T2_ctrl,84,215,91.16666666666667,-0.9153556227684021,-0.9586519055520013
UBFC_PHYS_s13_T2_ctrl,84,216,91.2,-0.7500404715538025,-1.2045038668055383
UBFC_PHYS_s13_T2_ctrl,84,217,91.23333333333333,-0.4948101043701172,-1.3820170919284733
UBFC_PHYS_s13_T2_ctrl,84,218,91.26666666666667,-0.20496730506420135,-1.4507225532780226
UBFC_PHYS_s13_T2_ctrl,84,219,91.3,0.06796468794345856,-1.3789251839800305
UBFC_PHYS_s13_T2_ctrl,84,220,91.33333333333333,0.32940974831581116,-1.1553887335503947
UBFC_PHYS_s13_T2_ctrl,84,221,91.36666666666666,0.5989477038383484,-0.798287321676678
UBFC_PHYS_s13_T2_ctrl,84,222,91.4,0.8491760492324829,-0.35629774173345596
UBFC_PHYS_s13_T2_ctrl,84,223,91.43333333333334,1.0393433570861816,0.10093972192506699
UBFC_PHYS_s13_T2_ctrl,84,224,91.46666666666667,1.1969016790390015,0.5011220474484174
UBFC_PHYS_s13_T2_ctrl,84,225,91.5,1.3913757801055908,0.7897425532879937
UBFC_PHYS_s13_T2_ctrl,84,226,91.53333333333333,1.618208408355713,0.9440702122148542
UBFC_PHYS_s13_T2_ctrl,84,227,91.56666666666666,1.8045368194580078,0.9746807535626022
UBFC_PHYS_s13_T2_ctrl,84,228,91.6,1.949303388595581,0.9151558080621899
UBFC_PHYS_s13_T2_ctrl,84,229,91.63333333333334,2.14237380027771,0.8064247075260242
UBFC_PHYS_s13_T2_ctrl,84,230,91.66666666666667,2.4649901390075684,0.6832708866851014
UBFC_PHYS_s13_T2_ctrl,84,231,91.7,2.861912727355957,0.5674235208184427
UBFC_PHYS_s13_T2_ctrl,84,232,91.73333333333333,3.079594612121582,0.4675025537509174
UBFC_PHYS_s13_T2_ctrl,84,233,91.76666666666667,2.903870105743408,0.3832744122249646
UBFC_PHYS_s13_T2_ctrl,84,234,91.8,2.509929656982422,0.3110744123069111
UBFC_PHYS_s13_T2_ctrl,84,235,91.83333333333333,2.2159745693206787,0.24805649595766854
UBFC_PHYS_s13_T2_ctrl,84,236,91.86666666666666,2.043963670730591,0.1939870207712417
UBFC_PHYS_s13_T2_ctrl,84,237,91.9,1.8522377014160156,0.1504497826998494
UBFC_PHYS_s13_T2_ctrl,84,238,91.93333333333334,1.6492818593978882,0.11860668023881296
UBFC_PHYS_s13_T2_ctrl,84,239,91.96666666666667,1.5247377157211304,0.09736001676127902
UBFC_PHYS_s13_T2_ctrl,85,0,85.0,-0.29499122500419617,-0.11077768025654401
UBFC_PHYS_s13_T2_ctrl,85,1,85.03333333333333,-0.33186084032058716,-0.17904864456955114
UBFC_PHYS_s13_T2_ctrl,85,2,85.06666666666666,-0.42042502760887146,-0.21778439519673387
UBFC_PHYS_s13_T2_ctrl,85,3,85.1,-0.4807397425174713,-0.20981740435629737
UBFC_PHYS_s13_T2_ctrl,85,4,85.13333333333334,-0.494141161441803,-0.15102736397804217
UBFC_PHYS_s13_T2_ctrl,85,5,85.16666666666667,-0.504234254360199,-0.05101408362369644
UBFC_PHYS_s13_T2_ctrl,85,6,85.2,-0.5151215195655823,0.07109631681008441
UBFC_PHYS_s13_T2_ctrl,85,7,85.23333333333333,-0.48178431391716003,0.19379374360059698
UBFC_PHYS_s13_T2_ctrl,85,8,85.26666666666667,-0.4235224723815918,0.300169969477203
UBFC_PHYS_s13_T2_ctrl,85,9,85.3,-0.43000736832618713,0.3820795807531646
UBFC_PHYS_s13_T2_ctrl,85,10,85.33333333333333,-0.5170524716377258,0.44039597063979863
UBFC_PHYS_s13_T2_ctrl,85,11,85.36666666666666,-0.6240366101264954,0.48201582649214736
UBFC_PHYS_s13_T2_ctrl,85,12,85.4,-0.7280452251434326,0.5152848241079917
UBFC_PHYS_s13_T2_ctrl,85,13,85.43333333333334,-0.8581713438034058,0.5456931892544528
UBFC_PHYS_s13_T2_ctrl,85,14,85.46666666666667,-1.0257734060287476,0.5732942624081575
UBFC_PHYS_s13_T2_ctrl,85,15,85.5,-1.1890850067138672,0.5925575520038077
UBFC_PHYS_s13_T2_ctrl,85,16,85.53333333333333,-1.2736389636993408,0.5944919347929021
UBFC_PHYS_s13_T2_ctrl,85,17,85.56666666666666,-1.2600629329681396,0.5701461676625403
UBFC_PHYS_s13_T2_ctrl,85,18,85.6,-1.1824222803115845,0.514223546944271
UBFC_PHYS_s13_T2_ctrl,85,19,85.63333333333334,-1.0351974964141846,0.4275570048740357
UBFC_PHYS_s13_T2_ctrl,85,20,85.66666666666667,-0.7916221618652344,0.3175015362745252
UBFC_PHYS_s13_T2_ctrl,85,21,85.7,-0.5093582272529602,0.19583073079721613
UBFC_PHYS_s13_T2_ctrl,85,22,85.73333333333333,-0.2786175608634949,0.07442843149693139
UBFC_PHYS_s13_T2_ctrl,85,23,85.76666666666667,-0.10072802752256393,-0.040069153700195564
UBFC_PHYS_s13_T2_ctrl,85,24,85.8,0.07494385540485382,-0.15068982850500612
UBFC_PHYS_s13_T2_ctrl,85,25,85.83333333333333,0.2721232771873474,-0.2712922630246233
UBFC_PHYS_s13_T2_ctrl,85,26,85.86666666666666,0.4944843649864197,-0.4228327865717923
UBFC_PHYS_s13_T2_ctrl,85,27,85.9,0.6706637144088745,-0.624753927332933
UBFC_PHYS_s13_T2_ctrl,85,28,85.93333333333334,0.6502830982208252,-0.8837299655116986
UBFC_PHYS_s13_T2_ctrl,85,29,85.96666666666667,0.39202776551246643,-1.183833657765691
UBFC_PHYS_s13_T2_ctrl,85,30,86.0,0.04363648220896721,-1.4827001611626482
UBFC_PHYS_s13_T2_ctrl,85,31,86.03333333333333,-0.24701032042503357,-1.7170198233672187
UBFC_PHYS_s13_T2_ctrl,85,32,86.06666666666666,-0.42732179164886475,-1.8177976570615964
UBFC_PHYS_s13_T2_ctrl,85,33,86.1,-0.44982779026031494,-1.7318920208667026
UBFC_PHYS_s13_T2_ctrl,85,34,86.13333333333334,-0.3331888020038605,-1.442652081647357
UBFC_PHYS_s13_T2_ctrl,85,35,86.16666666666667,-0.20355038344860077,-0.9808209175193267
UBFC_PHYS_s13_T2_ctrl,85,36,86.2,-0.13938361406326294,-0.4190034101631689
UBFC_PHYS_s13_T2_ctrl,85,37,86.23333333333333,-0.10030294954776764,0.15022277360181255
UBFC_PHYS_s13_T2_ctrl,85,38,86.26666666666667,-0.05214739963412285,0.6434351406695586
UBFC_PHYS_s13_T2_ctrl,85,39,86.3,-0.020520398393273354,1.009102752460893
UBFC_PHYS_s13_T2_ctrl,85,40,86.33333333333333,0.008196973241865635,1.2347335967551483
UBFC_PHYS_s13_T2_ctrl,85,41,86.36666666666666,0.10922016948461533,1.3386384833468785
UBFC_PHYS_s13_T2_ctrl,85,42,86.4,0.3221307098865509,1.3538377184784336
UBFC_PHYS_s13_T2_ctrl,85,43,86.43333333333334,0.6063321828842163,1.313138527534542
UBFC_PHYS_s13_T2_ctrl,85,44,86.46666666666667,0.9182229042053223,1.2405834549038635
UBFC_PHYS_s13_T2_ctrl,85,45,86.5,1.2684496641159058,1.1493319945507883
UBFC_PHYS_s13_T2_ctrl,85,46,86.53333333333333,1.696962833404541,1.0434284091525678
UBFC_PHYS_s13_T2_ctrl,85,47,86.56666666666666,2.22298002243042,0.9210328527733226
UBFC_PHYS_s13_T2_ctrl,85,48,86.6,2.7376718521118164,0.7778116435732545
UBFC_PHYS_s13_T2_ctrl,85,49,86.63333333333334,2.961397171020508,0.6100427827450843
UBFC_PHYS_s13_T2_ctrl,85,50,86.66666666666667,2.7303664684295654,0.41719164836624806
UBFC_PHYS_s13_T2_ctrl,85,51,86.7,2.2194740772247314,0.2036310202142816
UBFC_PHYS_s13_T2_ctrl,85,52,86.73333333333333,1.6936808824539185,-0.020716317000409663
UBFC_PHYS_s13_T2_ctrl,85,53,86.76666666666667,1.2523198127746582,-0.24091695521568185
UBFC_PHYS_s13_T2_ctrl,85,54,86.8,0.9104463458061218,-0.43892750259459457
UBFC_PHYS_s13_T2_ctrl,85,55,86.83333333333333,0.6518582105636597,-0.5969230491079464
UBFC_PHYS_s13_T2_ctrl,85,56,86.86666666666666,0.40949544310569763,-0.7014804190849259
UBFC_PHYS_s13_T2_ctrl,85,57,86.9,0.1751333624124527,-0.747200086603916
UBFC_PHYS_s13_T2_ctrl,85,58,86.93333333333334,0.015904365107417107,-0.7380228600130179
UBFC_PHYS_s13_T2_ctrl,85,59,86.96666666666667,-0.07008957862854004,-0.6853396280519515
UBFC_PHYS_s13_T2_ctrl,85,60,87.0,-0.17710667848587036,-0.6038124862557291
UBFC_PHYS_s13_T2_ctrl,85,61,87.03333333333333,-0.36023882031440735,-0.5071219107207305
UBFC_PHYS_s13_T2_ctrl,85,62,87.06666666666666,-0.568305492401123,-0.40546678821627924
UBFC_PHYS_s13_T2_ctrl,85,63,87.1,-0.7202752232551575,-0.3052803586277812
UBFC_PHYS_s13_T2_ctrl,85,64,87.13333333333334,-0.7544559836387634,-0.21055218128724634
UBFC_PHYS_s13_T2_ctrl,85,65,87.16666666666667,-0.6316418647766113,-0.12469209710932093
UBFC_PHYS_s13_T2_ctrl,85,66,87.2,-0.3280582129955292,-0.051832652570328354
UBFC_PHYS_s13_T2_ctrl,85,67,87.23333333333333,0.09648764878511429,0.003272136635458587
UBFC_PHYS_s13_T2_ctrl,85,68,87.26666666666667,0.43744176626205444,0.037022986539133045
UBFC_PHYS_s13_T2_ctrl,85,69,87.3,0.5414305925369263,0.04975581711976572
UBFC_PHYS_s13_T2_ctrl,85,70,87.33333333333333,0.5101330876350403,0.04782232864243323
UBFC_PHYS_s13_T2_ctrl,85,71,87.36666666666666,0.4901248514652252,0.043015915454809615
UBFC_PHYS_s13_T2_ctrl,85,72,87.4,0.48069408535957336,0.048542229342899895
UBFC_PHYS_s13_T2_ctrl,85,73,87.43333333333334,0.45261597633361816,0.07286017618146622
UBFC_PHYS_s13_T2_ctrl,85,74,87.46666666666667,0.4332173466682434,0.11455802686863763
UBFC_PHYS_s13_T2_ctrl,85,75,87.5,0.41819798946380615,0.16145491498695028
UBFC_PHYS_s13_T2_ctrl,85,76,87.53333333333333,0.36464494466781616,0.19489928568133494
UBFC_PHYS_s13_T2_ctrl,85,77,87.56666666666666,0.2745682895183563,0.19741833624722369
UBFC_PHYS_s13_T2_ctrl,85,78,87.6,0.18516714870929718,0.1603831505843164
UBFC_PHYS_s13_T2_ctrl,85,79,87.63333333333334,0.11162564158439636,0.08852323111596941
UBFC_PHYS_s13_T2_ctrl,85,80,87.66666666666667,0.04156052693724632,-0.0005995034617187157
UBFC_PHYS_s13_T2_ctrl,85,81,87.7,-0.022092191502451897,-0.08209961036610447
UBFC_PHYS_s13_T2_ctrl,85,82,87.73333333333333,-0.07342758029699326,-0.13217047593894804
UBFC_PHYS_s13_T2_ctrl,85,83,87.76666666666667,-0.13218697905540466,-0.13617635192331917
UBFC_PHYS_s13_T2_ctrl,85,84,87.8,-0.20140522718429565,-0.09358860710241809
UBFC_PHYS_s13_T2_ctrl,85,85,87.83333333333333,-0.27795523405075073,-0.018131354108871477
UBFC_PHYS_s13_T2_ctrl,85,86,87.86666666666666,-0.3985055685043335,0.0671570760318464
UBFC_PHYS_s13_T2_ctrl,85,87,87.9,-0.5679396986961365,0.13856500965307963
UBFC_PHYS_s13_T2_ctrl,85,88,87.93333333333334,-0.7017596960067749,0.18074216672505708
UBFC_PHYS_s13_T2_ctrl,85,89,87.96666666666667,-0.7196722030639648,0.19210543179186437
UBFC_PHYS_s13_T2_ctrl,85,90,88.0,-0.633816659450531,0.18418884688782142
UBFC_PHYS_s13_T2_ctrl,85,91,88.03333333333333,-0.517431378364563,0.17545586078105033
UBFC_PHYS_s13_T2_ctrl,85,92,88.06666666666666,-0.44857561588287354,0.1825931329972867
UBFC_PHYS_s13_T2_ctrl,85,93,88.1,-0.47649887204170227,0.21325804141717322
UBFC_PHYS_s13_T2_ctrl,85,94,88.13333333333334,-0.5811697840690613,0.26336365313006344
UBFC_PHYS_s13_T2_ctrl,85,95,88.16666666666667,-0.6746437549591064,0.31964210716052016
UBFC_PHYS_s13_T2_ctrl,85,96,88.2,-0.7167361974716187,0.36551695239292287
UBFC_PHYS_s13_T2_ctrl,85,97,88.23333333333333,-0.7604828476905823,0.38683785246035607
UBFC_PHYS_s13_T2_ctrl,85,98,88.26666666666667,-0.8047599792480469,0.37475034739581753
UBFC_PHYS_s13_T2_ctrl,85,99,88.3,-0.7267600893974304,0.3252648940360621
UBFC_PHYS_s13_T2_ctrl,85,100,88.33333333333333,-0.4568827450275421,0.23733484697836682
UBFC_PHYS_s13_T2_ctrl,85,101,88.36666666666666,-0.05611148476600647,0.11178513083318373
UBFC_PHYS_s13_T2_ctrl,85,102,88.4,0.37513676285743713,-0.048072730405432
UBFC_PHYS_s13_T2_ctrl,85,103,88.43333333333334,0.7416053414344788,-0.23496655440952874
UBFC_PHYS_s13_T2_ctrl,85,104,88.46666666666667,0.9413780570030212,-0.4363327781599626
UBFC_PHYS_s13_T2_ctrl,85,105,88.5,0.9131154417991638,-0.6337076394471045
UBFC_PHYS_s13_T2_ctrl,85,106,88.53333333333333,0.6629464030265808,-0.8036424572180134
UBFC_PHYS_s13_T2_ctrl,85,107,88.56666666666666,0.2982967793941498,-0.9211197111710315
UBFC_PHYS_s13_T2_ctrl,85,108,88.6,0.060679078102111816,-0.9654859794528431
UBFC_PHYS_s13_T2_ctrl,85,109,88.63333333333334,0.15596209466457367,-0.9271144867322758
UBFC_PHYS_s13_T2_ctrl,85,110,88.66666666666667,0.4237338602542877,-0.8116283640265984
UBFC_PHYS_s13_T2_ctrl,85,111,88.7,0.49175596237182617,-0.6389558076189508
UBFC_PHYS_s13_T2_ctrl,85,112,88.73333333333333,0.27493736147880554,-0.437045485399541
UBFC_PHYS_s13_T2_ctrl,85,113,88.76666666666667,-0.0052275327034294605,-0.2330777626261888
UBFC_PHYS_s13_T2_ctrl,85,114,88.8,-0.18745680153369904,-0.04634126135935902
UBFC_PHYS_s13_T2_ctrl,85,115,88.83333333333333,-0.24801865220069885,0.11427361794057288
UBFC_PHYS_s13_T2_ctrl,85,116,88.86666666666666,-0.19359569251537323,0.24818085388244765
UBFC_PHYS_s13_T2_ctrl,85,117,88.9,-0.0883546844124794,0.35883103812636163
UBFC_PHYS_s13_T2_ctrl,85,118,88.93333333333334,-0.0074089327827095985,0.4498465572677787
UBFC_PHYS_s13_T2_ctrl,85,119,88.96666666666667,0.07395200431346893,0.5227851727381458
UBFC_PHYS_s13_T2_ctrl,85,120,89.0,0.22864356637001038,0.576561423704302
UBFC_PHYS_s13_T2_ctrl,85,121,89.03333333333333,0.43316131830215454,0.608202986806559
UBFC_PHYS_s13_T2_ctrl,85,122,89.06666666666666,0.5805936455726624,0.6147981137461955
UBFC_PHYS_s13_T2_ctrl,85,123,89.1,0.6442298889160156,0.5962996128944557
UBFC_PHYS_s13_T2_ctrl,85,124,89.13333333333334,0.7145816683769226,0.5579292911251165
UBFC_PHYS_s13_T2_ctrl,85,125,89.16666666666667,0.8574930429458618,0.5103323301351483
UBFC_PHYS_s13_T2_ctrl,85,126,89.2,0.9965589046478271,0.46644727849915724
UBFC_PHYS_s13_T2_ctrl,85,127,89.23333333333333,1.014557123184204,0.4359467028607146
UBFC_PHYS_s13_T2_ctrl,85,128,89.26666666666667,0.9184206128120422,0.41985495911143234
UBFC_PHYS_s13_T2_ctrl,85,129,89.3,0.7876783609390259,0.408373953406946
UBFC_PHYS_s13_T2_ctrl,85,130,89.33333333333333,0.6215261816978455,0.383595973794702
UBFC_PHYS_s13_T2_ctrl,85,131,89.36666666666666,0.3850189447402954,0.3264198902695864
UBFC_PHYS_s13_T2_ctrl,85,132,89.4,0.096247099339962,0.2248991698308863
UBFC_PHYS_s13_T2_ctrl,85,133,89.43333333333334,-0.20760343968868256,0.08038575966581467
UBFC_PHYS_s13_T2_ctrl,85,134,89.46666666666667,-0.4962731599807739,-0.0914139341321493
UBFC_PHYS_s13_T2_ctrl,85,135,89.5,-0.7266908884048462,-0.265211389743633
UBFC_PHYS_s13_T2_ctrl,85,136,89.53333333333333,-0.8717210292816162,-0.41484894430423747
UBFC_PHYS_s13_T2_ctrl,85,137,89.56666666666666,-0.9550458788871765,-0.5223986655660674
UBFC_PHYS_s13_T2_ctrl,85,138,89.6,-0.9986804723739624,-0.5842168521667097
UBFC_PHYS_s13_T2_ctrl,85,139,89.63333333333334,-0.9976820349693298,-0.6117182505309701
UBFC_PHYS_s13_T2_ctrl,85,140,89.66666666666667,-0.9470386505126953,-0.6260586893402897
UBFC_PHYS_s13_T2_ctrl,85,141,89.7,-0.8744890093803406,-0.6479819458199587
UBFC_PHYS_s13_T2_ctrl,85,142,89.73333333333333,-0.8275559544563293,-0.6867839429520409
UBFC_PHYS_s13_T2_ctrl,85,143,89.76666666666667,-0.8327425122261047,-0.7337168021593171
UBFC_PHYS_s13_T2_ctrl,85,144,89.8,-0.8925695419311523,-0.7635327556045376
UBFC_PHYS_s13_T2_ctrl,85,145,89.83333333333333,-1.0211139917373657,-0.7441228502528033
UBFC_PHYS_s13_T2_ctrl,85,146,89.86666666666666,-1.21856689453125,-0.6504413008685648
UBFC_PHYS_s13_T2_ctrl,85,147,89.9,-1.4043614864349365,-0.4767431010507316
UBFC_PHYS_s13_T2_ctrl,85,148,89.93333333333334,-1.4485036134719849,-0.2415099192102657
UBFC_PHYS_s13_T2_ctrl,85,149,89.96666666666667,-1.3187729120254517,0.017535946398907144
UBFC_PHYS_s13_T2_ctrl,85,150,90.0,-1.147269368171692,0.2563005397618388
UBFC_PHYS_s13_T2_ctrl,85,151,90.03333333333333,-1.0755237340927124,0.43926146459656423
UBFC_PHYS_s13_T2_ctrl,85,152,90.06666666666666,-1.0561679601669312,0.5499189420743499
UBFC_PHYS_s13_T2_ctrl,85,153,90.1,-0.9358285069465637,0.5927322749628178
UBFC_PHYS_s13_T2_ctrl,85,154,90.13333333333334,-0.6390065550804138,0.5868851296830984
UBFC_PHYS_s13_T2_ctrl,85,155,90.16666666666667,-0.216549813747406,0.5558656793222737
UBFC_PHYS_s13_T2_ctrl,85,156,90.2,0.24654620885849,0.5178827010215051
UBFC_PHYS_s13_T2_ctrl,85,157,90.23333333333333,0.7223846316337585,0.48079354810920677
UBFC_PHYS_s13_T2_ctrl,85,158,90.26666666666667,1.2136542797088623,0.44278145933387036
UBFC_PHYS_s13_T2_ctrl,85,159,90.3,1.6193946599960327,0.3974893117326434
UBFC_PHYS_s13_T2_ctrl,85,160,90.33333333333333,1.734270691871643,0.3404918665515215
UBFC_PHYS_s13_T2_ctrl,85,161,90.36666666666666,1.4284464120864868,0.2736674241529824
UBFC_PHYS_s13_T2_ctrl,85,162,90.4,0.7847225666046143,0.2054284016126838
UBFC_PHYS_s13_T2_ctrl,85,163,90.43333333333334,0.051478974521160126,0.14707743303488519
UBFC_PHYS_s13_T2_ctrl,85,164,90.46666666666667,-0.5282790660858154,0.1075132814768834
UBFC_PHYS_s13_T2_ctrl,85,165,90.5,-0.8624187707901001,0.08912877059561941
UBFC_PHYS_s13_T2_ctrl,85,166,90.53333333333333,-1.0226857662200928,0.08680847098168343
UBFC_PHYS_s13_T2_ctrl,85,167,90.56666666666666,-1.161362886428833,0.0902582013304819
UBFC_PHYS_s13_T2_ctrl,85,168,90.6,-1.3630402088165283,0.088476236604783
UBFC_PHYS_s13_T2_ctrl,85,169,90.63333333333334,-1.541914939880371,0.07433330566888353
UBFC_PHYS_s13_T2_ctrl,85,170,90.66666666666667,-1.5084525346755981,0.04709530885077943
UBFC_PHYS_s13_T2_ctrl,85,171,90.7,-1.2247519493103027,0.011745567241559016
UBFC_PHYS_s13_T2_ctrl,85,172,90.73333333333333,-0.8711246252059937,-0.024070746690153886
UBFC_PHYS_s13_T2_ctrl,85,173,90.76666666666667,-0.6153802275657654,-0.05337633259031182
UBFC_PHYS_s13_T2_ctrl,85,174,90.8,-0.48188644647598267,-0.07192309919863266
UBFC_PHYS_s13_T2_ctrl,85,175,90.83333333333333,-0.45742642879486084,-0.07882270772988793
UBFC_PHYS_s13_T2_ctrl,85,176,90.86666666666666,-0.5287601947784424,-0.0762818997869079
UBFC_PHYS_s13_T2_ctrl,85,177,90.9,-0.6358926296234131,-0.06887897779542336
UBFC_PHYS_s13_T2_ctrl,85,178,90.93333333333334,-0.7207266688346863,-0.06257732590456307
UBFC_PHYS_s13_T2_ctrl,85,179,90.96666666666667,-0.7869265675544739,-0.06377721881825718
UBFC_PHYS_s13_T2_ctrl,85,180,91.0,-0.8611336946487427,-0.07901496497855119
UBFC_PHYS_s13_T2_ctrl,85,181,91.03333333333333,-0.9361547231674194,-0.11549255069028595
UBFC_PHYS_s13_T2_ctrl,85,182,91.06666666666666,-0.985572338104248,-0.18123581818155327
UBFC_PHYS_s13_T2_ctrl,85,183,91.1,-1.0028225183486938,-0.2830249922357554
UBFC_PHYS_s13_T2_ctrl,85,184,91.13333333333334,-0.9877042770385742,-0.42168163698012084
UBFC_PHYS_s13_T2_ctrl,85,185,91.16666666666667,-0.9153556227684021,-0.5867185831310546
UBFC_PHYS_s13_T2_ctrl,85,186,91.2,-0.7500404715538025,-0.7537422421342861
UBFC_PHYS_s13_T2_ctrl,85,187,91.23333333333333,-0.4948101043701172,-0.8873549399029219
UBFC_PHYS_s13_T2_ctrl,85,188,91.26666666666667,-0.20496730506420135,-0.9498983623853247
UBFC_PHYS_s13_T2_ctrl,85,189,91.3,0.06796468794345856,-0.9134849142469595
UBFC_PHYS_s13_T2_ctrl,85,190,91.33333333333333,0.32940974831581116,-0.7708496480221447
UBFC_PHYS_s13_T2_ctrl,85,191,91.36666666666666,0.5989477038383484,-0.5404033426197316
UBFC_PHYS_s13_T2_ctrl,85,192,91.4,0.8491760492324829,-0.2626022931506833
UBFC_PHYS_s13_T2_ctrl,85,193,91.43333333333334,1.0393433570861816,0.011985659657095365
UBFC_PHYS_s13_T2_ctrl,85,194,91.46666666666667,1.1969016790390015,0.2388179815211038
UBFC_PHYS_s13_T2_ctrl,85,195,91.5,1.3913757801055908,0.3932456602962024
UBFC_PHYS_s13_T2_ctrl,85,196,91.53333333333333,1.618208408355713,0.47616898061139823
UBFC_PHYS_s13_T2_ctrl,85,197,91.56666666666666,1.8045368194580078,0.5092318159898372
UBFC_PHYS_s13_T2_ctrl,85,198,91.6,1.949303388595581,0.5225791653463062
UBFC_PHYS_s13_T2_ctrl,85,199,91.63333333333334,2.14237380027771,0.5416621221925789
UBFC_PHYS_s13_T2_ctrl,85,200,91.66666666666667,2.4649901390075684,0.5788896522592095
UBFC_PHYS_s13_T2_ctrl,85,201,91.7,2.861912727355957,0.632336446352649
UBFC_PHYS_s13_T2_ctrl,85,202,91.73333333333333,3.079594612121582,0.6900384792786303
UBFC_PHYS_s13_T2_ctrl,85,203,91.76666666666667,2.903870105743408,0.7365392628700858
UBFC_PHYS_s13_T2_ctrl,85,204,91.8,2.509929656982422,0.7586812924774503
UBFC_PHYS_s13_T2_ctrl,85,205,91.83333333333333,2.2159745693206787,0.7490765789250823
UBFC_PHYS_s13_T2_ctrl,85,206,91.86666666666666,2.043963670730591,0.7069337684755623
UBFC_PHYS_s13_T2_ctrl,85,207,91.9,1.8522377014160156,0.6367081100075398
UBFC_PHYS_s13_T2_ctrl,85,208,91.93333333333334,1.6492818593978882,0.5455807091325768
UBFC_PHYS_s13_T2_ctrl,85,209,91.96666666666667,1.5247377157211304,0.4409554501251926
UBFC_PHYS_s13_T2_ctrl,85,210,92.0,1.4458448886871338,0.32883486501418346
UBFC_PHYS_s13_T2_ctrl,85,211,92.03333333333333,1.2898056507110596,0.21324596127349074
UBFC_PHYS_s13_T2_ctrl,85,212,92.06666666666666,1.0310461521148682,0.09622705138074086
UBFC_PHYS_s13_T2_ctrl,85,213,92.1,0.7454771399497986,-0.022240720018639713
UBFC_PHYS_s13_T2_ctrl,85,214,92.13333333333334,0.4961978495121002,-0.14442131337272907
UBFC_PHYS_s13_T2_ctrl,85,215,92.16666666666667,0.322473406791687,-0.27450486325182344
UBFC_PHYS_s13_T2_ctrl,85,216,92.2,0.2735632658004761,-0.4169949276366013
UBFC_PHYS_s13_T2_ctrl,85,217,92.23333333333333,0.3313835561275482,-0.5735658599372802
UBFC_PHYS_s13_T2_ctrl,85,218,92.26666666666667,0.3749258518218994,-0.7391414314615913
UBFC_PHYS_s13_T2_ctrl,85,219,92.3,0.32691529393196106,-0.8988328850126018
UBFC_PHYS_s13_T2_ctrl,85,220,92.33333333333333,0.24391666054725647,-1.0276442025708075
UBFC_PHYS_s13_T2_ctrl,85,221,92.36666666666666,0.17924903333187103,-1.0942907938860342
UBFC_PHYS_s13_T2_ctrl,85,222,92.4,0.08608480542898178,-1.0691697473413047
UBFC_PHYS_s13_T2_ctrl,85,223,92.43333333333334,-0.09010441601276398,-0.9347789453823814
UBFC_PHYS_s13_T2_ctrl,85,224,92.46666666666667,-0.3046526610851288,-0.6952467236701522
UBFC_PHYS_s13_T2_ctrl,85,225,92.5,-0.4853364825248718,-0.3807853008934945
UBFC_PHYS_s13_T2_ctrl,85,226,92.53333333333333,-0.6613280177116394,-0.04362558149249822
UBFC_PHYS_s13_T2_ctrl,85,227,92.56666666666666,-0.9110718965530396,0.2549261831692673
UBFC_PHYS_s13_T2_ctrl,85,228,92.6,-1.2175651788711548,0.4620260477635006
UBFC_PHYS_s13_T2_ctrl,85,229,92.63333333333334,-1.5026201009750366,0.5481508045802326
UBFC_PHYS_s13_T2_ctrl,85,230,92.66666666666667,-1.7576658725738525,0.513297462062691
UBFC_PHYS_s13_T2_ctrl,85,231,92.7,-2.0613417625427246,0.38326424529556125
UBFC_PHYS_s13_T2_ctrl,85,232,92.73333333333333,-2.5065088272094727,0.19973451570352985
UBFC_PHYS_s13_T2_ctrl,85,233,92.76666666666667,-3.0575990676879883,0.009672147570451465
UBFC_PHYS_s13_T2_ctrl,85,234,92.8,-3.4124324321746826,-0.1428887095041481
UBFC_PHYS_s13_T2_ctrl,85,235,92.83333333333333,-3.3007097244262695,-0.22301948314611633
UBFC_PHYS_s13_T2_ctrl,85,236,92.86666666666666,-2.854616641998291,-0.2103289604272664
UBFC_PHYS_s13_T2_ctrl,85,237,92.9,-2.3951356410980225,-0.10343084180790552
UBFC_PHYS_s13_T2_ctrl,85,238,92.93333333333334,-2.0325520038604736,0.07850679004585503
UBFC_PHYS_s13_T2_ctrl,85,239,92.96666666666667,-1.7357991933822632,0.2990165084362189
UBFC_PHYS_s13_T2_ctrl,86,0,86.0,0.04363648220896721,-0.06322940585619574
UBFC_PHYS_s13_T2_ctrl,86,1,86.03333333333333,-0.24701032042503357,-0.5233435368270342
UBFC_PHYS_s13_T2_ctrl,86,2,86.06666666666666,-0.42732179164886475,-0.9083167458010919
UBFC_PHYS_s13_T2_ctrl,86,3,86.1,-0.44982779026031494,-1.159327702696257
UBFC_PHYS_s13_T2_ctrl,86,4,86.13333333333334,-0.3331888020038605,-1.2455324200370703
UBFC_PHYS_s13_T2_ctrl,86,5,86.16666666666667,-0.20355038344860077,-1.169705874906687
UBFC_PHYS_s13_T2_ctrl,86,6,86.2,-0.13938361406326294,-0.9644510570591662
UBFC_PHYS_s13_T2_ctrl,86,7,86.23333333333333,-0.10030294954776764,-0.6800825418316723
UBFC_PHYS_s13_T2_ctrl,86,8,86.26666666666667,-0.05214739963412285,-0.3693069418125611
UBFC_PHYS_s13_T2_ctrl,86,9,86.3,-0.020520398393273354,-0.07505966467045377
UBFC_PHYS_s13_T2_ctrl,86,10,86.33333333333333,0.008196973241865635,0.17493179905801662
UBFC_PHYS_s13_T2_ctrl,86,11,86.36666666666666,0.10922016948461533,0.3674840077705942
UBFC_PHYS_s13_T2_ctrl,86,12,86.4,0.3221307098865509,0.5001474661891149
UBFC_PHYS_s13_T2_ctrl,86,13,86.43333333333334,0.6063321828842163,0.5771306617785573
UBFC_PHYS_s13_T2_ctrl,86,14,86.46666666666667,0.9182229042053223,0.6065003161879339
UBFC_PHYS_s13_T2_ctrl,86,15,86.5,1.2684496641159058,0.5987131820840612
UBFC_PHYS_s13_T2_ctrl,86,16,86.53333333333333,1.696962833404541,0.5656372204135842
UBFC_PHYS_s13_T2_ctrl,86,17,86.56666666666666,2.22298002243042,0.5191383257452461
UBFC_PHYS_s13_T2_ctrl,86,18,86.6,2.7376718521118164,0.46887027308529927
UBFC_PHYS_s13_T2_ctrl,86,19,86.63333333333334,2.961397171020508,0.4197750213686211
UBFC_PHYS_s13_T2_ctrl,86,20,86.66666666666667,2.7303664684295654,0.37050714236983895
UBFC_PHYS_s13_T2_ctrl,86,21,86.7,2.2194740772247314,0.3140001207894117
UBFC_PHYS_s13_T2_ctrl,86,22,86.73333333333333,1.6936808824539185,0.24051871411562978
UBFC_PHYS_s13_T2_ctrl,86,23,86.76666666666667,1.2523198127746582,0.1422993195583236
UBFC_PHYS_s13_T2_ctrl,86,24,86.8,0.9104463458061218,0.01801367111770075
UBFC_PHYS_s13_T2_ctrl,86,25,86.83333333333333,0.6518582105636597,-0.1247540825426516
UBFC_PHYS_s13_T2_ctrl,86,26,86.86666666666666,0.40949544310569763,-0.27003958085566787
UBFC_PHYS_s13_T2_ctrl,86,27,86.9,0.1751333624124527,-0.3968649003022536
UBFC_PHYS_s13_T2_ctrl,86,28,86.93333333333334,0.015904365107417107,-0.48424830332954694
UBFC_PHYS_s13_T2_ctrl,86,29,86.96666666666667,-0.07008957862854004,-0.5162831982748866
UBFC_PHYS_s13_T2_ctrl,86,30,87.0,-0.17710667848587036,-0.4860353042537057
UBFC_PHYS_s13_T2_ctrl,86,31,87.03333333333333,-0.36023882031440735,-0.39761277939760264
UBFC_PHYS_s13_T2_ctrl,86,32,87.06666666666666,-0.568305492401123,-0.26619716819728045
UBFC_PHYS_s13_T2_ctrl,86,33,87.1,-0.7202752232551575,-0.11603743827730965
UBFC_PHYS_s13_T2_ctrl,86,34,87.13333333333334,-0.7544559836387634,0.023415864211436016
UBFC_PHYS_s13_T2_ctrl,86,35,87.16666666666667,-0.6316418647766113,0.12280289293989868
UBFC_PHYS_s13_T2_ctrl,86,36,87.2,-0.3280582129955292,0.1588107673784993
UBFC_PHYS_s13_T2_ctrl,86,37,87.23333333333333,0.09648764878511429,0.11977966936993532
UBFC_PHYS_s13_T2_ctrl,86,38,87.26666666666667,0.43744176626205444,0.009869593127566152
UBFC_PHYS_s13_T2_ctrl,86,39,87.3,0.5414305925369263,-0.14932841526199087
UBFC_PHYS_s13_T2_ctrl,86,40,87.33333333333333,0.5101330876350403,-0.32085291015764045
UBFC_PHYS_s13_T2_ctrl,86,41,87.36666666666666,0.4901248514652252,-0.4588409716235069
UBFC_PHYS_s13_T2_ctrl,86,42,87.4,0.48069408535957336,-0.5190682600357613
UBFC_PHYS_s13_T2_ctrl,86,43,87.43333333333334,0.45261597633361816,-0.47162021305014235
UBFC_PHYS_s13_T2_ctrl,86,44,87.46666666666667,0.4332173466682434,-0.31217938473505075
UBFC_PHYS_s13_T2_ctrl,86,45,87.5,0.41819798946380615,-0.06757475170441286
UBFC_PHYS_s13_T2_ctrl,86,46,87.53333333333333,0.36464494466781616,0.20808418891368677
UBFC_PHYS_s13_T2_ctrl,86,47,87.56666666666666,0.2745682895183563,0.44753073156047807
UBFC_PHYS_s13_T2_ctrl,86,48,87.6,0.18516714870929718,0.5910886406308392
UBFC_PHYS_s13_T2_ctrl,86,49,87.63333333333334,0.11162564158439636,0.6066180120054581
UBFC_PHYS_s13_T2_ctrl,86,50,87.66666666666667,0.04156052693724632,0.5005845082869984
UBFC_PHYS_s13_T2_ctrl,86,51,87.7,-0.022092191502451897,0.3154470002095249
UBFC_PHYS_s13_T2_ctrl,86,52,87.73333333333333,-0.07342758029699326,0.11441399762841059
UBFC_PHYS_s13_T2_ctrl,86,53,87.76666666666667,-0.13218697905540466,-0.040124289240556145
UBFC_PHYS_s13_T2_ctrl,86,54,87.8,-0.20140522718429565,-0.10625409479499796
UBFC_PHYS_s13_T2_ctrl,86,55,87.83333333333333,-0.27795523405075073,-0.07359854994357327
UBFC_PHYS_s13_T2_ctrl,86,56,87.86666666666666,-0.3985055685043335,0.03725038009369686
UBFC_PHYS_s13_T2_ctrl,86,57,87.9,-0.5679396986961365,0.18558199396600594
UBFC_PHYS_s13_T2_ctrl,86,58,87.93333333333334,-0.7017596960067749,0.32663859889744934
UBFC_PHYS_s13_T2_ctrl,86,59,87.96666666666667,-0.7196722030639648,0.4262336904928353
UBFC_PHYS_s13_T2_ctrl,86,60,88.0,-0.633816659450531,0.46850053474547243
UBFC_PHYS_s13_T2_ctrl,86,61,88.03333333333333,-0.517431378364563,0.4549999244629409
UBFC_PHYS_s13_T2_ctrl,86,62,88.06666666666666,-0.44857561588287354,0.3977282095626906
UBFC_PHYS_s13_T2_ctrl,86,63,88.1,-0.47649887204170227,0.31101174892573463
UBFC_PHYS_s13_T2_ctrl,86,64,88.13333333333334,-0.5811697840690613,0.20642101575769856
UBFC_PHYS_s13_T2_ctrl,86,65,88.16666666666667,-0.6746437549591064,0.09189832282529911
UBFC_PHYS_s13_T2_ctrl,86,66,88.2,-0.7167361974716187,-0.02644528995839453
UBFC_PHYS_s13_T2_ctrl,86,67,88.23333333333333,-0.7604828476905823,-0.1424861327854493
UBFC_PHYS_s13_T2_ctrl,86,68,88.26666666666667,-0.8047599792480469,-0.2500178928849698
UBFC_PHYS_s13_T2_ctrl,86,69,88.3,-0.7267600893974304,-0.34455379619962057
UBFC_PHYS_s13_T2_ctrl,86,70,88.33333333333333,-0.4568827450275421,-0.42570943085274104
UBFC_PHYS_s13_T2_ctrl,86,71,88.36666666666666,-0.05611148476600647,-0.498437913722274
UBFC_PHYS_s13_T2_ctrl,86,72,88.4,0.37513676285743713,-0.5718831190961077
UBFC_PHYS_s13_T2_ctrl,86,73,88.43333333333334,0.7416053414344788,-0.6556076650279259
UBFC_PHYS_s13_T2_ctrl,86,74,88.46666666666667,0.9413780570030212,-0.7539835925519242
UBFC_PHYS_s13_T2_ctrl,86,75,88.5,0.9131154417991638,-0.8604709509692032
UBFC_PHYS_s13_T2_ctrl,86,76,88.53333333333333,0.6629464030265808,-0.9542472765045765
UBFC_PHYS_s13_T2_ctrl,86,77,88.56666666666666,0.2982967793941498,-1.0018175050833342
UBFC_PHYS_s13_T2_ctrl,86,78,88.6,0.060679078102111816,-0.9652285339194903
UBFC_PHYS_s13_T2_ctrl,86,79,88.63333333333334,0.15596209466457367,-0.8157346470536316
UBFC_PHYS_s13_T2_ctrl,86,80,88.66666666666667,0.4237338602542877,-0.5478993274684334
UBFC_PHYS_s13_T2_ctrl,86,81,88.7,0.49175596237182617,-0.18695175400408834
UBFC_PHYS_s13_T2_ctrl,86,82,88.73333333333333,0.27493736147880554,0.21577083684808393
UBFC_PHYS_s13_T2_ctrl,86,83,88.76666666666667,-0.0052275327034294605,0.5984950281470393
UBFC_PHYS_s13_T2_ctrl,86,84,88.8,-0.18745680153369904,0.9082761105200557
UBFC_PHYS_s13_T2_ctrl,86,85,88.83333333333333,-0.24801865220069885,1.1141630105332767
UBFC_PHYS_s13_T2_ctrl,86,86,88.86666666666666,-0.19359569251537323,1.2093229307608877
UBFC_PHYS_s13_T2_ctrl,86,87,88.9,-0.0883546844124794,1.2043306823795246
UBFC_PHYS_s13_T2_ctrl,86,88,88.93333333333334,-0.0074089327827095985,1.1175762806501939
UBFC_PHYS_s13_T2_ctrl,86,89,88.96666666666667,0.07395200431346893,0.9680936562111109
UBFC_PHYS_s13_T2_ctrl,86,90,89.0,0.22864356637001038,0.7731314247716511
UBFC_PHYS_s13_T2_ctrl,86,91,89.03333333333333,0.43316131830215454,0.5497479088832512
UBFC_PHYS_s13_T2_ctrl,86,92,89.06666666666666,0.5805936455726624,0.31803417271588647
UBFC_PHYS_s13_T2_ctrl,86,93,89.1,0.6442298889160156,0.10321885318582626
UBFC_PHYS_s13_T2_ctrl,86,94,89.13333333333334,0.7145816683769226,-0.06564639645167403
UBFC_PHYS_s13_T2_ctrl,86,95,89.16666666666667,0.8574930429458618,-0.1614503875634478
UBFC_PHYS_s13_T2_ctrl,86,96,89.2,0.9965589046478271,-0.16814690463616952
UBFC_PHYS_s13_T2_ctrl,86,97,89.23333333333333,1.014557123184204,-0.08984755553945696
UBFC_PHYS_s13_T2_ctrl,86,98,89.26666666666667,0.9184206128120422,0.04483457334655688
UBFC_PHYS_s13_T2_ctrl,86,99,89.3,0.7876783609390259,0.18700218367921578
UBFC_PHYS_s13_T2_ctrl,86,100,89.33333333333333,0.6215261816978455,0.2806410466481717
UBFC_PHYS_s13_T2_ctrl,86,101,89.36666666666666,0.3850189447402954,0.28065341912618674
UBFC_PHYS_s13_T2_ctrl,86,102,89.4,0.096247099339962,0.16858628637293058
UBFC_PHYS_s13_T2_ctrl,86,103,89.43333333333334,-0.20760343968868256,-0.040602505685661656
UBFC_PHYS_s13_T2_ctrl,86,104,89.46666666666667,-0.4962731599807739,-0.30314275389906065
UBFC_PHYS_s13_T2_ctrl,86,105,89.5,-0.7266908884048462,-0.559925815759904
UBFC_PHYS_s13_T2_ctrl,86,106,89.53333333333333,-0.8717210292816162,-0.7539179381844175
UBFC_PHYS_s13_T2_ctrl,86,107,89.56666666666666,-0.9550458788871765,-0.8464637806181883
UBFC_PHYS_s13_T2_ctrl,86,108,89.6,-0.9986804723739624,-0.8281890328549457
UBFC_PHYS_s13_T2_ctrl,86,109,89.63333333333334,-0.9976820349693298,-0.7213214220142445
UBFC_PHYS_s13_T2_ctrl,86,110,89.66666666666667,-0.9470386505126953,-0.5720222431213494
UBFC_PHYS_s13_T2_ctrl,86,111,89.7,-0.8744890093803406,-0.43428309392545617
UBFC_PHYS_s13_T2_ctrl,86,112,89.73333333333333,-0.8275559544563293,-0.35063335318101113
UBFC_PHYS_s13_T2_ctrl,86,113,89.76666666666667,-0.8327425122261047,-0.33706225066441553
UBFC_PHYS_s13_T2_ctrl,86,114,89.8,-0.8925695419311523,-0.37824743026595636
UBFC_PHYS_s13_T2_ctrl,86,115,89.83333333333333,-1.0211139917373657,-0.4349204258612991
UBFC_PHYS_s13_T2_ctrl,86,116,89.86666666666666,-1.21856689453125,-0.46010032109481647
UBFC_PHYS_s13_T2_ctrl,86,117,89.9,-1.4043614864349365,-0.41731584852742043
UBFC_PHYS_s13_T2_ctrl,86,118,89.93333333333334,-1.4485036134719849,-0.2934411655562732
UBFC_PHYS_s13_T2_ctrl,86,119,89.96666666666667,-1.3187729120254517,-0.10161084230488028
UBFC_PHYS_s13_T2_ctrl,86,120,90.0,-1.147269368171692,0.12552971883590916
UBFC_PHYS_s13_T2_ctrl,86,121,90.03333333333333,-1.0755237340927124,0.3479549329371237
UBFC_PHYS_s13_T2_ctrl,86,122,90.06666666666666,-1.0561679601669312,0.5303131109235549
UBFC_PHYS_s13_T2_ctrl,86,123,90.1,-0.9358285069465637,0.6498901854444692
UBFC_PHYS_s13_T2_ctrl,86,124,90.13333333333334,-0.6390065550804138,0.6990326394238762
UBFC_PHYS_s13_T2_ctrl,86,125,90.16666666666667,-0.216549813747406,0.6829357491496032
UBFC_PHYS_s13_T2_ctrl,86,126,90.2,0.24654620885849,0.615036724821471
UBFC_PHYS_s13_T2_ctrl,86,127,90.23333333333333,0.7223846316337585,0.5123366336019549
UBFC_PHYS_s13_T2_ctrl,86,128,90.26666666666667,1.2136542797088623,0.3921235927333271
UBFC_PHYS_s13_T2_ctrl,86,129,90.3,1.6193946599960327,0.27043707582740295
UBFC_PHYS_s13_T2_ctrl,86,130,90.33333333333333,1.734270691871643,0.16176429001336318
UBFC_PHYS_s13_T2_ctrl,86,131,90.36666666666666,1.4284464120864868,0.07902318042904581
UBFC_PHYS_s13_T2_ctrl,86,132,90.4,0.7847225666046143,0.03284889193541174
UBFC_PHYS_s13_T2_ctrl,86,133,90.43333333333334,0.051478974521160126,0.029730632881021887
UBFC_PHYS_s13_T2_ctrl,86,134,90.46666666666667,-0.5282790660858154,0.06955982528257469
UBFC_PHYS_s13_T2_ctrl,86,135,90.5,-0.8624187707901001,0.1439469492623781
UBFC_PHYS_s13_T2_ctrl,86,136,90.53333333333333,-1.0226857662200928,0.2366070595349612
UBFC_PHYS_s13_T2_ctrl,86,137,90.56666666666666,-1.161362886428833,0.3263037127784015
UBFC_PHYS_s13_T2_ctrl,86,138,90.6,-1.3630402088165283,0.3917754031445056
UBFC_PHYS_s13_T2_ctrl,86,139,90.63333333333334,-1.541914939880371,0.4171729427846515
UBFC_PHYS_s13_T2_ctrl,86,140,90.66666666666667,-1.5084525346755981,0.39615481521600465
UBFC_PHYS_s13_T2_ctrl,86,141,90.7,-1.2247519493103027,0.333196416366296
UBFC_PHYS_s13_T2_ctrl,86,142,90.73333333333333,-0.8711246252059937,0.24177204351493306
UBFC_PHYS_s13_T2_ctrl,86,143,90.76666666666667,-0.6153802275657654,0.1401994951830743
UBFC_PHYS_s13_T2_ctrl,86,144,90.8,-0.48188644647598267,0.04648476657536968
UBFC_PHYS_s13_T2_ctrl,86,145,90.83333333333333,-0.45742642879486084,-0.026497492826436726
UBFC_PHYS_s13_T2_ctrl,86,146,90.86666666666666,-0.5287601947784424,-0.07438404467431609
UBFC_PHYS_s13_T2_ctrl,86,147,90.9,-0.6358926296234131,-0.10246515902167275
UBFC_PHYS_s13_T2_ctrl,86,148,90.93333333333334,-0.7207266688346863,-0.1242040120470372
UBFC_PHYS_s13_T2_ctrl,86,149,90.96666666666667,-0.7869265675544739,-0.1574125404287571
UBFC_PHYS_s13_T2_ctrl,86,150,91.0,-0.8611336946487427,-0.21920442541011703
UBFC_PHYS_s13_T2_ctrl,86,151,91.03333333333333,-0.9361547231674194,-0.32134371449133864
UBFC_PHYS_s13_T2_ctrl,86,152,91.06666666666666,-0.985572338104248,-0.4672937895024238
UBFC_PHYS_s13_T2_ctrl,86,153,91.1,-1.0028225183486938,-0.6512465738620333
UBFC_PHYS_s13_T2_ctrl,86,154,91.13333333333334,-0.9877042770385742,-0.8583303432459131
UBFC_PHYS_s13_T2_ctrl,86,155,91.16666666666667,-0.9153556227684021,-1.0650362983173154
UBFC_PHYS_s13_T2_ctrl,86,156,91.2,-0.7500404715538025,-1.2400067242090695
UBFC_PHYS_s13_T2_ctrl,86,157,91.23333333333333,-0.4948101043701172,-1.3466604721520101
UBFC_PHYS_s13_T2_ctrl,86,158,91.26666666666667,-0.20496730506420135,-1.3492994076502791
UBFC_PHYS_s13_T2_ctrl,86,159,91.3,0.06796468794345856,-1.2227556665377042
UBFC_PHYS_s13_T2_ctrl,86,160,91.33333333333333,0.32940974831581116,-0.9629328013169971
UBFC_PHYS_s13_T2_ctrl,86,161,91.36666666666666,0.5989477038383484,-0.5935570694767974
UBFC_PHYS_s13_T2_ctrl,86,162,91.4,0.8491760492324829,-0.1647575010848801
UBFC_PHYS_s13_T2_ctrl,86,163,91.43333333333334,1.0393433570861816,0.25802433548617554
UBFC_PHYS_s13_T2_ctrl,86,164,91.46666666666667,1.1969016790390015,0.6119576051741862
UBFC_PHYS_s13_T2_ctrl,86,165,91.5,1.3913757801055908,0.8549424269621908
UBFC_PHYS_s13_T2_ctrl,86,166,91.53333333333333,1.618208408355713,0.9762104038982462
UBFC_PHYS_s13_T2_ctrl,86,167,91.56666666666666,1.8045368194580078,0.9948489771898398
UBFC_PHYS_s13_T2_ctrl,86,168,91.6,1.949303388595581,0.948050828818964
UBFC_PHYS_s13_T2_ctrl,86,169,91.63333333333334,2.14237380027771,0.8758144935212675
UBFC_PHYS_s13_T2_ctrl,86,170,91.66666666666667,2.4649901390075684,0.8087168987566083
UBFC_PHYS_s13_T2_ctrl,86,171,91.7,2.861912727355957,0.7619057295943463
UBFC_PHYS_s13_T2_ctrl,86,172,91.73333333333333,3.079594612121582,0.7351582165385858
UBFC_PHYS_s13_T2_ctrl,86,173,91.76666666666667,2.903870105743408,0.7171376020346971
UBFC_PHYS_s13_T2_ctrl,86,174,91.8,2.509929656982422,0.6916158954672214
UBFC_PHYS_s13_T2_ctrl,86,175,91.83333333333333,2.2159745693206787,0.6437286782065736
UBFC_PHYS_s13_T2_ctrl,86,176,91.86666666666666,2.043963670730591,0.5647377836836515
UBFC_PHYS_s13_T2_ctrl,86,177,91.9,1.8522377014160156,0.45434994515936467
UBFC_PHYS_s13_T2_ctrl,86,178,91.93333333333334,1.6492818593978882,0.3204899824286055
UBFC_PHYS_s13_T2_ctrl,86,179,91.96666666666667,1.5247377157211304,0.1771490049958534
UBFC_PHYS_s13_T2_ctrl,86,180,92.0,1.4458448886871338,0.04112681331202813
UBFC_PHYS_s13_T2_ctrl,86,181,92.03333333333333,1.2898056507110596,-0.07167890880710506
UBFC_PHYS_s13_T2_ctrl,86,182,92.06666666666666,1.0310461521148682,-0.14995354941948863
UBFC_PHYS_s13_T2_ctrl,86,183,92.1,0.7454771399497986,-0.19015419293460437
UBFC_PHYS_s13_T2_ctrl,86,184,92.13333333333334,0.4961978495121002,-0.19861606570052331
UBFC_PHYS_s13_T2_ctrl,86,185,92.16666666666667,0.322473406791687,-0.19173904808746792
UBFC_PHYS_s13_T2_ctrl,86,186,92.2,0.2735632658004761,-0.19328980348972366
UBFC_PHYS_s13_T2_ctrl,86,187,92.23333333333333,0.3313835561275482,-0.2283890747274674
UBFC_PHYS_s13_T2_ctrl,86,188,92.26666666666667,0.3749258518218994,-0.31512990138833163
UBFC_PHYS_s13_T2_ctrl,86,189,92.3,0.32691529393196106,-0.4562766931423824
UBFC_PHYS_s13_T2_ctrl,86,190,92.33333333333333,0.24391666054725647,-0.6341763561355606
UBFC_PHYS_s13_T2_ctrl,86,191,92.36666666666666,0.17924903333187103,-0.8114606859873842
UBFC_PHYS_s13_T2_ctrl,86,192,92.4,0.08608480542898178,-0.93850216168518
UBFC_PHYS_s13_T2_ctrl,86,193,92.43333333333334,-0.09010441601276398,-0.9665231224026697
UBFC_PHYS_s13_T2_ctrl,86,194,92.46666666666667,-0.3046526610851288,-0.8633430338594705
UBFC_PHYS_s13_T2_ctrl,86,195,92.5,-0.4853364825248718,-0.6271280294510448
UBFC_PHYS_s13_T2_ctrl,86,196,92.53333333333333,-0.6613280177116394,-0.2926742532474084
UBFC_PHYS_s13_T2_ctrl,86,197,92.56666666666666,-0.9110718965530396,0.0738904537282265
UBFC_PHYS_s13_T2_ctrl,86,198,92.6,-1.2175651788711548,0.39197606351427466
UBFC_PHYS_s13_T2_ctrl,86,199,92.63333333333334,-1.5026201009750366,0.5898223151714684
UBFC_PHYS_s13_T2_ctrl,86,200,92.66666666666667,-1.7576658725738525,0.6257914014997075
UBFC_PHYS_s13_T2_ctrl,86,201,92.7,-2.0613417625427246,0.5001063674014503
UBFC_PHYS_s13_T2_ctrl,86,202,92.73333333333333,-2.5065088272094727,0.2542324795398171
UBFC_PHYS_s13_T2_ctrl,86,203,92.76666666666667,-3.0575990676879883,-0.04009894349612467
UBFC_PHYS_s13_T2_ctrl,86,204,92.8,-3.4124324321746826,-0.29856984565383343
UBFC_PHYS_s13_T2_ctrl,86,205,92.83333333333333,-3.3007097244262695,-0.4451932368330816
UBFC_PHYS_s13_T2_ctrl,86,206,92.86666666666666,-2.854616641998291,-0.4325245813029574
UBFC_PHYS_s13_T2_ctrl,86,207,92.9,-2.3951356410980225,-0.25606671733995806
UBFC_PHYS_s13_T2_ctrl,86,208,92.93333333333334,-2.0325520038604736,0.0424263967146481
UBFC_PHYS_s13_T2_ctrl,86,209,92.96666666666667,-1.7357991933822632,0.385692180357047
UBFC_PHYS_s13_T2_ctrl,86,210,93.0,-1.4991437196731567,0.6836411413265737
UBFC_PHYS_s13_T2_ctrl,86,211,93.03333333333333,-1.2561779022216797,0.8602904705153429
UBFC_PHYS_s13_T2_ctrl,86,212,93.06666666666666,-0.9257749319076538,0.8745117333617333
UBFC_PHYS_s13_T2_ctrl,86,213,93.1,-0.5631155967712402,0.7270424620975753
UBFC_PHYS_s13_T2_ctrl,86,214,93.13333333333334,-0.26143327355384827,0.4539400383594578
UBFC_PHYS_s13_T2_ctrl,86,215,93.16666666666667,0.016978589817881584,0.11304657777429049
UBFC_PHYS_s13_T2_ctrl,86,216,93.2,0.3713110685348511,-0.22989512441119406
UBFC_PHYS_s13_T2_ctrl,86,217,93.23333333333333,0.7892007231712341,-0.5127828669034675
UBFC_PHYS_s13_T2_ctrl,86,218,93.26666666666667,1.1778753995895386,-0.686724178311276
UBFC_PHYS_s13_T2_ctrl,86,219,93.3,1.524652123451233,-0.7242779435883265
UBFC_PHYS_s13_T2_ctrl,86,220,93.33333333333333,1.907629370689392,-0.6253211894051223
UBFC_PHYS_s13_T2_ctrl,86,221,93.36666666666666,2.397251605987549,-0.41794528298344397
UBFC_PHYS_s13_T2_ctrl,86,222,93.4,2.9242210388183594,-0.15224602551594918
UBFC_PHYS_s13_T2_ctrl,86,223,93.43333333333334,3.1978416442871094,0.11246240381601945
UBFC_PHYS_s13_T2_ctrl,86,224,93.46666666666667,2.962557077407837,0.32307470828069385
UBFC_PHYS_s13_T2_ctrl,86,225,93.5,2.3249127864837646,0.4451609184224689
UBFC_PHYS_s13_T2_ctrl,86,226,93.53333333333333,1.6075749397277832,0.46839057197988376
UBFC_PHYS_s13_T2_ctrl,86,227,93.56666666666666,1.0374222993850708,0.40426929099162656
UBFC_PHYS_s13_T2_ctrl,86,228,93.6,0.7347316145896912,0.2785783944143104
UBFC_PHYS_s13_T2_ctrl,86,229,93.63333333333334,0.6968405246734619,0.12219776725435172
UBFC_PHYS_s13_T2_ctrl,86,230,93.66666666666667,0.7450290322303772,-0.03657077362096203
UBFC_PHYS_s13_T2_ctrl,86,231,93.7,0.7309948801994324,-0.17654056667380869
UBFC_PHYS_s13_T2_ctrl,86,232,93.73333333333333,0.6869813799858093,-0.284766968729443
UBFC_PHYS_s13_T2_ctrl,86,233,93.76666666666667,0.6798308491706848,-0.3550317119627292
UBFC_PHYS_s13_T2_ctrl,86,234,93.8,0.6664920449256897,-0.3852090666185214
UBFC_PHYS_s13_T2_ctrl,86,235,93.83333333333333,0.581852376461029,-0.37518185333679344
UBFC_PHYS_s13_T2_ctrl,86,236,93.86666666666666,0.46245864033699036,-0.32628830324870595
UBFC_PHYS_s13_T2_ctrl,86,237,93.9,0.4235756993293762,-0.2421598891213162
UBFC_PHYS_s13_T2_ctrl,86,238,93.93333333333334,0.5094806551933289,-0.12992451419792586
UBFC_PHYS_s13_T2_ctrl,86,239,93.96666666666667,0.5876914262771606,-0.0006019316781522871
UBFC_PHYS_s13_T2_ctrl,87,0,87.0,-0.17710667848587036,0.0007166262389596025
UBFC_PHYS_s13_T2_ctrl,87,1,87.03333333333333,-0.36023882031440735,0.07682668090416654
UBFC_PHYS_s13_T2_ctrl,87,2,87.06666666666666,-0.568305492401123,0.1436121000590871
UBFC_PHYS_s13_T2_ctrl,87,3,87.1,-0.7202752232551575,0.18963063311915465
UBFC_PHYS_s13_T2_ctrl,87,4,87.13333333333334,-0.7544559836387634,0.2012120821098409
UBFC_PHYS_s13_T2_ctrl,87,5,87.16666666666667,-0.6316418647766113,0.1663421659790424
UBFC_PHYS_s13_T2_ctrl,87,6,87.2,-0.3280582129955292,0.08081175568555789
UBFC_PHYS_s13_T2_ctrl,87,7,87.23333333333333,0.09648764878511429,-0.04641949473597556
UBFC_PHYS_s13_T2_ctrl,87,8,87.26666666666667,0.43744176626205444,-0.19179593809276888
UBFC_PHYS_s13_T2_ctrl,87,9,87.3,0.5414305925369263,-0.32126466993785435
UBFC_PHYS_s13_T2_ctrl,87,10,87.33333333333333,0.5101330876350403,-0.3991274988125223
UBFC_PHYS_s13_T2_ctrl,87,11,87.36666666666666,0.4901248514652252,-0.39893758105808697
UBFC_PHYS_s13_T2_ctrl,87,12,87.4,0.48069408535957336,-0.31303494185412833
UBFC_PHYS_s13_T2_ctrl,87,13,87.43333333333334,0.45261597633361816,-0.15764274614644785
UBFC_PHYS_s13_T2_ctrl,87,14,87.46666666666667,0.4332173466682434,0.028671853032158932
UBFC_PHYS_s13_T2_ctrl,87,15,87.5,0.41819798946380615,0.19387678015806295
UBFC_PHYS_s13_T2_ctrl,87,16,87.53333333333333,0.36464494466781616,0.287191881751604
UBFC_PHYS_s13_T2_ctrl,87,17,87.56666666666666,0.2745682895183563,0.27564020728617905
UBFC_PHYS_s13_T2_ctrl,87,18,87.6,0.18516714870929718,0.1566900575313338
UBFC_PHYS_s13_T2_ctrl,87,19,87.63333333333334,0.11162564158439636,-0.03825064915931033
UBFC_PHYS_s13_T2_ctrl,87,20,87.66666666666667,0.04156052693724632,-0.25150475855312293
UBFC_PHYS_s13_T2_ctrl,87,21,87.7,-0.022092191502451897,-0.4157495148774738
UBFC_PHYS_s13_T2_ctrl,87,22,87.73333333333333,-0.07342758029699326,-0.4743161109861041
UBFC_PHYS_s13_T2_ctrl,87,23,87.76666666666667,-0.13218697905540466,-0.39876535612372394
UBFC_PHYS_s13_T2_ctrl,87,24,87.8,-0.20140522718429565,-0.19807032413977116
UBFC_PHYS_s13_T2_ctrl,87,25,87.83333333333333,-0.27795523405075073,0.08388752001307498
UBFC_PHYS_s13_T2_ctrl,87,26,87.86666666666666,-0.3985055685043335,0.38216106513145665
UBFC_PHYS_s13_T2_ctrl,87,27,87.9,-0.5679396986961365,0.6313762871312107
UBFC_PHYS_s13_T2_ctrl,87,28,87.93333333333334,-0.7017596960067749,0.785403235029728
UBFC_PHYS_s13_T2_ctrl,87,29,87.96666666666667,-0.7196722030639648,0.8285015464855922
UBFC_PHYS_s13_T2_ctrl,87,30,88.0,-0.633816659450531,0.7747651896815486
UBFC_PHYS_s13_T2_ctrl,87,31,88.03333333333333,-0.517431378364563,0.6581811741694221
UBFC_PHYS_s13_T2_ctrl,87,32,88.06666666666666,-0.44857561588287354,0.5186744721872575
UBFC_PHYS_s13_T2_ctrl,87,33,88.1,-0.47649887204170227,0.3895907814745514
UBFC_PHYS_s13_T2_ctrl,87,34,88.13333333333334,-0.5811697840690613,0.2903162888336619
UBFC_PHYS_s13_T2_ctrl,87,35,88.16666666666667,-0.6746437549591064,0.2251192773438358
UBFC_PHYS_s13_T2_ctrl,87,36,88.2,-0.7167361974716187,0.18673003236965258
UBFC_PHYS_s13_T2_ctrl,87,37,88.23333333333333,-0.7604828476905823,0.16175332791417246
UBFC_PHYS_s13_T2_ctrl,87,38,88.26666666666667,-0.8047599792480469,0.13529511773421346
UBFC_PHYS_s13_T2_ctrl,87,39,88.3,-0.7267600893974304,0.09363998259721014
UBFC_PHYS_s13_T2_ctrl,87,40,88.33333333333333,-0.4568827450275421,0.025362462240821816
UBFC_PHYS_s13_T2_ctrl,87,41,88.36666666666666,-0.05611148476600647,-0.07799425547488512
UBFC_PHYS_s13_T2_ctrl,87,42,88.4,0.37513676285743713,-0.22082242358756307
UBFC_PHYS_s13_T2_ctrl,87,43,88.43333333333334,0.7416053414344788,-0.40179180764283084
UBFC_PHYS_s13_T2_ctrl,87,44,88.46666666666667,0.9413780570030212,-0.6119694922521053
UBFC_PHYS_s13_T2_ctrl,87,45,88.5,0.9131154417991638,-0.833439949175741
UBFC_PHYS_s13_T2_ctrl,87,46,88.53333333333333,0.6629464030265808,-1.03960198553746
UBFC_PHYS_s13_T2_ctrl,87,47,88.56666666666666,0.2982967793941498,-1.1983494130845378
UBFC_PHYS_s13_T2_ctrl,87,48,88.6,0.060679078102111816,-1.278456453823855
UBFC_PHYS_s13_T2_ctrl,87,49,88.63333333333334,0.15596209466457367,-1.2579161086355255
UBFC_PHYS_s13_T2_ctrl,87,50,88.66666666666667,0.4237338602542877,-1.131464178577736
UBFC_PHYS_s13_T2_ctrl,87,51,88.7,0.49175596237182617,-0.9139143755774799
UBFC_PHYS_s13_T2_ctrl,87,52,88.73333333333333,0.27493736147880554,-0.6369249671619802
UBFC_PHYS_s13_T2_ctrl,87,53,88.76666666666667,-0.0052275327034294605,-0.33966342325369514
UBFC_PHYS_s13_T2_ctrl,87,54,88.8,-0.18745680153369904,-0.057414411863917554
UBFC_PHYS_s13_T2_ctrl,87,55,88.83333333333333,-0.24801865220069885,0.18639555273237057
UBFC_PHYS_s13_T2_ctrl,87,56,88.86666666666666,-0.19359569251537323,0.38169224310370087
UBFC_PHYS_s13_T2_ctrl,87,57,88.9,-0.0883546844124794,0.5278655318323994
UBFC_PHYS_s13_T2_ctrl,87,58,88.93333333333334,-0.0074089327827095985,0.6282824969166063
UBFC_PHYS_s13_T2_ctrl,87,59,88.96666666666667,0.07395200431346893,0.686836964126294
UBFC_PHYS_s13_T2_ctrl,87,60,89.0,0.22864356637001038,0.7078416427809174
UBFC_PHYS_s13_T2_ctrl,87,61,89.03333333333333,0.43316131830215454,0.6980916658330769
UBFC_PHYS_s13_T2_ctrl,87,62,89.06666666666666,0.5805936455726624,0.668961942910537
UBFC_PHYS_s13_T2_ctrl,87,63,89.1,0.6442298889160156,0.6366985662363722
UBFC_PHYS_s13_T2_ctrl,87,64,89.13333333333334,0.7145816683769226,0.619744781227566
UBFC_PHYS_s13_T2_ctrl,87,65,89.16666666666667,0.8574930429458618,0.6329562574037997
UBFC_PHYS_s13_T2_ctrl,87,66,89.2,0.9965589046478271,0.6801147312802429
UBFC_PHYS_s13_T2_ctrl,87,67,89.23333333333333,1.014557123184204,0.7479519970648395
UBFC_PHYS_s13_T2_ctrl,87,68,89.26666666666667,0.9184206128120422,0.8058884115597362
UBFC_PHYS_s13_T2_ctrl,87,69,89.3,0.7876783609390259,0.8141631707107536
UBFC_PHYS_s13_T2_ctrl,87,70,89.33333333333333,0.6215261816978455,0.7386928283845389
UBFC_PHYS_s13_T2_ctrl,87,71,89.36666666666666,0.3850189447402954,0.5665502117958026
UBFC_PHYS_s13_T2_ctrl,87,72,89.4,0.096247099339962,0.314630678658757
UBFC_PHYS_s13_T2_ctrl,87,73,89.43333333333334,-0.20760343968868256,0.0268383569106062
UBFC_PHYS_s13_T2_ctrl,87,74,89.46666666666667,-0.4962731599807739,-0.23947723328913018
UBFC_PHYS_s13_T2_ctrl,87,75,89.5,-0.7266908884048462,-0.43231125194111986
UBFC_PHYS_s13_T2_ctrl,87,76,89.53333333333333,-0.8717210292816162,-0.5219155889361551
UBFC_PHYS_s13_T2_ctrl,87,77,89.56666666666666,-0.9550458788871765,-0.5101889163161379
UBFC_PHYS_s13_T2_ctrl,87,78,89.6,-0.9986804723739624,-0.42983699322878466
UBFC_PHYS_s13_T2_ctrl,87,79,89.63333333333334,-0.9976820349693298,-0.3338093448195217
UBFC_PHYS_s13_T2_ctrl,87,80,89.66666666666667,-0.9470386505126953,-0.2782750632037054
UBFC_PHYS_s13_T2_ctrl,87,81,89.7,-0.8744890093803406,-0.30423408175758004
UBFC_PHYS_s13_T2_ctrl,87,82,89.73333333333333,-0.8275559544563293,-0.42341466323800536
UBFC_PHYS_s13_T2_ctrl,87,83,89.76666666666667,-0.8327425122261047,-0.6130305804936051
UBFC_PHYS_s13_T2_ctrl,87,84,89.8,-0.8925695419311523,-0.8213330700386334
UBFC_PHYS_s13_T2_ctrl,87,85,89.83333333333333,-1.0211139917373657,-0.9825781804007153
UBFC_PHYS_s13_T2_ctrl,87,86,89.86666666666666,-1.21856689453125,-1.037141159608623
UBFC_PHYS_s13_T2_ctrl,87,87,89.9,-1.4043614864349365,-0.9507302209370369
UBFC_PHYS_s13_T2_ctrl,87,88,89.93333333333334,-1.4485036134719849,-0.7264623494960659
UBFC_PHYS_s13_T2_ctrl,87,89,89.96666666666667,-1.3187729120254517,-0.4054245253191055
UBFC_PHYS_s13_T2_ctrl,87,90,90.0,-1.147269368171692,-0.05511015222893072
UBFC_PHYS_s13_T2_ctrl,87,91,90.03333333333333,-1.0755237340927124,0.2504655258806442
UBFC_PHYS_s13_T2_ctrl,87,92,90.06666666666666,-1.0561679601669312,0.45197528010119636
UBFC_PHYS_s13_T2_ctrl,87,93,90.1,-0.9358285069465637,0.5200738309123102
UBFC_PHYS_s13_T2_ctrl,87,94,90.13333333333334,-0.6390065550804138,0.4605306217600859
UBFC_PHYS_s13_T2_ctrl,87,95,90.16666666666667,-0.216549813747406,0.3091938182039941
UBFC_PHYS_s13_T2_ctrl,87,96,90.2,0.24654620885849,0.11988886659034556
UBFC_PHYS_s13_T2_ctrl,87,97,90.23333333333333,0.7223846316337585,-0.05042658630578359
UBFC_PHYS_s13_T2_ctrl,87,98,90.26666666666667,1.2136542797088623,-0.1552350144941646
UBFC_PHYS_s13_T2_ctrl,87,99,90.3,1.6193946599960327,-0.1679288325316348
UBFC_PHYS_s13_T2_ctrl,87,100,90.33333333333333,1.734270691871643,-0.08579427205064526
UBFC_PHYS_s13_T2_ctrl,87,101,90.36666666666666,1.4284464120864868,0.07159672957575419
UBFC_PHYS_s13_T2_ctrl,87,102,90.4,0.7847225666046143,0.26872551927157245
UBFC_PHYS_s13_T2_ctrl,87,103,90.43333333333334,0.051478974521160126,0.4635822985955407
UBFC_PHYS_s13_T2_ctrl,87,104,90.46666666666667,-0.5282790660858154,0.6180120595708706
UBFC_PHYS_s13_T2_ctrl,87,105,90.5,-0.8624187707901001,0.7064279236790977
UBFC_PHYS_s13_T2_ctrl,87,106,90.53333333333333,-1.0226857662200928,0.7206717641966803
UBFC_PHYS_s13_T2_ctrl,87,107,90.56666666666666,-1.161362886428833,0.6698601773781769
UBFC_PHYS_s13_T2_ctrl,87,108,90.6,-1.3630402088165283,0.575649495776316
UBFC_PHYS_s13_T2_ctrl,87,109,90.63333333333334,-1.541914939880371,0.4647581893696464
UBFC_PHYS_s13_T2_ctrl,87,110,90.66666666666667,-1.5084525346755981,0.36117315193998245
UBFC_PHYS_s13_T2_ctrl,87,111,90.7,-1.2247519493103027,0.28029542856941575
UBFC_PHYS_s13_T2_ctrl,87,112,90.73333333333333,-0.8711246252059937,0.22661121745563215
UBFC_PHYS_s13_T2_ctrl,87,113,90.76666666666667,-0.6153802275657654,0.1952714862940147
UBFC_PHYS_s13_T2_ctrl,87,114,90.8,-0.48188644647598267,0.17639465463699192
UBFC_PHYS_s13_T2_ctrl,87,115,90.83333333333333,-0.45742642879486084,0.15979016150904202
UBFC_PHYS_s13_T2_ctrl,87,116,90.86666666666666,-0.5287601947784424,0.13790128867034515
UBFC_PHYS_s13_T2_ctrl,87,117,90.9,-0.6358926296234131,0.10606544018926965
UBFC_PHYS_s13_T2_ctrl,87,118,90.93333333333334,-0.7207266688346863,0.06091781392751774
UBFC_PHYS_s13_T2_ctrl,87,119,90.96666666666667,-0.7869265675544739,-0.0013099200201413471
UBFC_PHYS_s13_T2_ctrl,87,120,91.0,-0.8611336946487427,-0.08532754630343292
UBFC_PHYS_s13_T2_ctrl,87,121,91.03333333333333,-0.9361547231674194,-0.19593115597934127
UBFC_PHYS_s13_T2_ctrl,87,122,91.06666666666666,-0.985572338104248,-0.33607904655574355
UBFC_PHYS_s13_T2_ctrl,87,123,91.1,-1.0028225183486938,-0.5043742152217422
UBFC_PHYS_s13_T2_ctrl,87,124,91.13333333333334,-0.9877042770385742,-0.6926410924681278
UBFC_PHYS_s13_T2_ctrl,87,125,91.16666666666667,-0.9153556227684021,-0.8844998355472253
UBFC_PHYS_s13_T2_ctrl,87,126,91.2,-0.7500404715538025,-1.055823757506178
UBFC_PHYS_s13_T2_ctrl,87,127,91.23333333333333,-0.4948101043701172,-1.1777361777928874
UBFC_PHYS_s13_T2_ctrl,87,128,91.26666666666667,-0.20496730506420135,-1.222353486913476
UBFC_PHYS_s13_T2_ctrl,87,129,91.3,0.06796468794345856,-1.1705245522603134
UBFC_PHYS_s13_T2_ctrl,87,130,91.33333333333333,0.32940974831581116,-1.019401953585149
UBFC_PHYS_s13_T2_ctrl,87,131,91.36666666666666,0.5989477038383484,-0.7866815220740984
UBFC_PHYS_s13_T2_ctrl,87,132,91.4,0.8491760492324829,-0.5087094509412018
UBFC_PHYS_s13_T2_ctrl,87,133,91.43333333333334,1.0393433570861816,-0.2315554861135877
UBFC_PHYS_s13_T2_ctrl,87,134,91.46666666666667,1.1969016790390015,0.002942871007616331
UBFC_PHYS_s13_T2_ctrl,87,135,91.5,1.3913757801055908,0.17120988142306534
UBFC_PHYS_s13_T2_ctrl,87,136,91.53333333333333,1.618208408355713,0.2756282213519939
UBFC_PHYS_s13_T2_ctrl,87,137,91.56666666666666,1.8045368194580078,0.3414984833885248
UBFC_PHYS_s13_T2_ctrl,87,138,91.6,1.949303388595581,0.4042981202865009
UBFC_PHYS_s13_T2_ctrl,87,139,91.63333333333334,2.14237380027771,0.4934476455101796
UBFC_PHYS_s13_T2_ctrl,87,140,91.66666666666667,2.4649901390075684,0.6199908910497192
UBFC_PHYS_s13_T2_ctrl,87,141,91.7,2.861912727355957,0.7728547763409187
UBFC_PHYS_s13_T2_ctrl,87,142,91.73333333333333,3.079594612121582,0.9239938340674847
UBFC_PHYS_s13_T2_ctrl,87,143,91.76666666666667,2.903870105743408,1.0391393377410445
UBFC_PHYS_s13_T2_ctrl,87,144,91.8,2.509929656982422,1.0894939890463784
UBFC_PHYS_s13_T2_ctrl,87,145,91.83333333333333,2.2159745693206787,1.0604087315842636
UBFC_PHYS_s13_T2_ctrl,87,146,91.86666666666666,2.043963670730591,0.9548798607916309
UBFC_PHYS_s13_T2_ctrl,87,147,91.9,1.8522377014160156,0.7917418510431351
UBFC_PHYS_s13_T2_ctrl,87,148,91.93333333333334,1.6492818593978882,0.6000419454821967
UBFC_PHYS_s13_T2_ctrl,87,149,91.96666666666667,1.5247377157211304,0.4117763411582507
UBFC_PHYS_s13_T2_ctrl,87,150,92.0,1.4458448886871338,0.25488331362731853
UBFC_PHYS_s13_T2_ctrl,87,151,92.03333333333333,1.2898056507110596,0.14762367191651596
UBFC_PHYS_s13_T2_ctrl,87,152,92.06666666666666,1.0310461521148682,0.09485401552364464
UBFC_PHYS_s13_T2_ctrl,87,153,92.1,0.7454771399497986,0.08651450946903429
UBFC_PHYS_s13_T2_ctrl,87,154,92.13333333333334,0.4961978495121002,0.09879909089552283
UBFC_PHYS_s13_T2_ctrl,87,155,92.16666666666667,0.322473406791687,0.09851272324517499
UBFC_PHYS_s13_T2_ctrl,87,156,92.2,0.2735632658004761,0.05064821601531054
UBFC_PHYS_s13_T2_ctrl,87,157,92.23333333333333,0.3313835561275482,-0.07176430554074538
UBFC_PHYS_s13_T2_ctrl,87,158,92.26666666666667,0.3749258518218994,-0.2776444320403993
UBFC_PHYS_s13_T2_ctrl,87,159,92.3,0.32691529393196106,-0.5506899172641512
UBFC_PHYS_s13_T2_ctrl,87,160,92.33333333333333,0.24391666054725647,-0.8481731452826006
UBFC_PHYS_s13_T2_ctrl,87,161,92.36666666666666,0.17924903333187103,-1.1077505587161143
UBFC_PHYS_s13_T2_ctrl,87,162,92.4,0.08608480542898178,-1.2620409393855683
UBFC_PHYS_s13_T2_ctrl,87,163,92.43333333333334,-0.09010441601276398,-1.2579132552021584
UBFC_PHYS_s13_T2_ctrl,87,164,92.46666666666667,-0.3046526610851288,-1.0750918929995745
UBFC_PHYS_s13_T2_ctrl,87,165,92.5,-0.4853364825248718,-0.7376910227790423
UBFC_PHYS_s13_T2_ctrl,87,166,92.53333333333333,-0.6613280177116394,-0.3133213576084744
UBFC_PHYS_s13_T2_ctrl,87,167,92.56666666666666,-0.9110718965530396,0.10209016802035605
UBFC_PHYS_s13_T2_ctrl,87,168,92.6,-1.2175651788711548,0.4103262277949732
UBFC_PHYS_s13_T2_ctrl,87,169,92.63333333333334,-1.5026201009750366,0.5395095846278006
UBFC_PHYS_s13_T2_ctrl,87,170,92.66666666666667,-1.7576658725738525,0.4653919851695136
UBFC_PHYS_s13_T2_ctrl,87,171,92.7,-2.0613417625427246,0.21804257953246295
UBFC_PHYS_s13_T2_ctrl,87,172,92.73333333333333,-2.5065088272094727,-0.1273219456262062
UBFC_PHYS_s13_T2_ctrl,87,173,92.76666666666667,-3.0575990676879883,-0.4710917942778627
UBFC_PHYS_s13_T2_ctrl,87,174,92.8,-3.4124324321746826,-0.7152333070756934
UBFC_PHYS_s13_T2_ctrl,87,175,92.83333333333333,-3.3007097244262695,-0.7884616850831822
UBFC_PHYS_s13_T2_ctrl,87,176,92.86666666666666,-2.854616641998291,-0.6652257962070003
UBFC_PHYS_s13_T2_ctrl,87,177,92.9,-2.3951356410980225,-0.3736825036056556
UBFC_PHYS_s13_T2_ctrl,87,178,92.93333333333334,-2.0325520038604736,0.01069327536618014
UBFC_PHYS_s13_T2_ctrl,87,179,92.96666666666667,-1.7357991933822632,0.38594394772722795
UBFC_PHYS_s13_T2_ctrl,87,180,93.0,-1.4991437196731567,0.6540644308600286
UBFC_PHYS_s13_T2_ctrl,87,181,93.03333333333333,-1.2561779022216797,0.751463969802541
UBFC_PHYS_s13_T2_ctrl,87,182,93.06666666666666,-0.9257749319076538,0.6681610070323265
UBFC_PHYS_s13_T2_ctrl,87,183,93.1,-0.5631155967712402,0.44816470433282596
UBFC_PHYS_s13_T2_ctrl,87,184,93.13333333333334,-0.26143327355384827,0.17198207388951758
UBFC_PHYS_s13_T2_ctrl,87,185,93.16666666666667,0.016978589817881584,-0.07027684810259212
UBFC_PHYS_s13_T2_ctrl,87,186,93.2,0.3713110685348511,-0.20508565201900353
UBFC_PHYS_s13_T2_ctrl,87,187,93.23333333333333,0.7892007231712341,-0.19391276391221102
UBFC_PHYS_s13_T2_ctrl,87,188,93.26666666666667,1.1778753995895386,-0.04069547319961401
UBFC_PHYS_s13_T2_ctrl,87,189,93.3,1.524652123451233,0.2120331724484742
UBFC_PHYS_s13_T2_ctrl,87,190,93.33333333333333,1.907629370689392,0.49707753862839665
UBFC_PHYS_s13_T2_ctrl,87,191,93.36666666666666,2.397251605987549,0.7431362626145789
UBFC_PHYS_s13_T2_ctrl,87,192,93.4,2.9242210388183594,0.8955972216165907
UBFC_PHYS_s13_T2_ctrl,87,193,93.43333333333334,3.1978416442871094,0.9302414352651308
UBFC_PHYS_s13_T2_ctrl,87,194,93.46666666666667,2.962557077407837,0.8557110198456103
UBFC_PHYS_s13_T2_ctrl,87,195,93.5,2.3249127864837646,0.7056346774549499
UBFC_PHYS_s13_T2_ctrl,87,196,93.53333333333333,1.6075749397277832,0.5247632731049446
UBFC_PHYS_s13_T2_ctrl,87,197,93.56666666666666,1.0374222993850708,0.35439348596739084
UBFC_PHYS_s13_T2_ctrl,87,198,93.6,0.7347316145896912,0.22143754957580372
UBFC_PHYS_s13_T2_ctrl,87,199,93.63333333333334,0.6968405246734619,0.1336361803292354
UBFC_PHYS_s13_T2_ctrl,87,200,93.66666666666667,0.7450290322303772,0.08135346605151172
UBFC_PHYS_s13_T2_ctrl,87,201,93.7,0.7309948801994324,0.04454660001313991
UBFC_PHYS_s13_T2_ctrl,87,202,93.73333333333333,0.6869813799858093,0.002113695756386911
UBFC_PHYS_s13_T2_ctrl,87,203,93.76666666666667,0.6798308491706848,-0.05979543405191363
UBFC_PHYS_s13_T2_ctrl,87,204,93.8,0.6664920449256897,-0.14350212881341803
UBFC_PHYS_s13_T2_ctrl,87,205,93.83333333333333,0.581852376461029,-0.2410673655215404
UBFC_PHYS_s13_T2_ctrl,87,206,93.86666666666666,0.46245864033699036,-0.3404301678858599
UBFC_PHYS_s13_T2_ctrl,87,207,93.9,0.4235756993293762,-0.43367671896582644
UBFC_PHYS_s13_T2_ctrl,87,208,93.93333333333334,0.5094806551933289,-0.523597047521914
UBFC_PHYS_s13_T2_ctrl,87,209,93.96666666666667,0.5876914262771606,-0.6249092468588702
UBFC_PHYS_s13_T2_ctrl,87,210,94.0,0.48457908630371094,-0.758176739720934
UBFC_PHYS_s13_T2_ctrl,87,211,94.03333333333333,0.20953819155693054,-0.9375217284201572
UBFC_PHYS_s13_T2_ctrl,87,212,94.06666666666666,-0.08748805522918701,-1.1568992657744985
UBFC_PHYS_s13_T2_ctrl,87,213,94.1,-0.35069602727890015,-1.3817619304662216
UBFC_PHYS_s13_T2_ctrl,87,214,94.13333333333334,-0.5956289768218994,-1.5516904473845026
UBFC_PHYS_s13_T2_ctrl,87,215,94.16666666666667,-0.8231074810028076,-1.5954531529857423
UBFC_PHYS_s13_T2_ctrl,87,216,94.2,-1.0483649969100952,-1.4548083757484984
UBFC_PHYS_s13_T2_ctrl,87,217,94.23333333333333,-1.2730821371078491,-1.1091296111805853
UBFC_PHYS_s13_T2_ctrl,87,218,94.26666666666667,-1.4129817485809326,-0.5912039623770685
UBFC_PHYS_s13_T2_ctrl,87,219,94.3,-1.3921726942062378,0.013854253550575266
UBFC_PHYS_s13_T2_ctrl,87,220,94.33333333333333,-1.2584317922592163,0.58954946786518
UBFC_PHYS_s13_T2_ctrl,87,221,94.36666666666666,-1.0997828245162964,1.0236012521317057
UBFC_PHYS_s13_T2_ctrl,87,222,94.4,-0.9517935514450073,1.2446060950997373
UBFC_PHYS_s13_T2_ctrl,87,223,94.43333333333334,-0.804568886756897,1.243988269386825
UBFC_PHYS_s13_T2_ctrl,87,224,94.46666666666667,-0.6133570075035095,1.074680393015132
UBFC_PHYS_s13_T2_ctrl,87,225,94.5,-0.33344581723213196,0.8290160157717014
UBFC_PHYS_s13_T2_ctrl,87,226,94.53333333333333,-0.03808692842721939,0.6057505945845012
UBFC_PHYS_s13_T2_ctrl,87,227,94.56666666666666,0.10893019288778305,0.47817408143368106
UBFC_PHYS_s13_T2_ctrl,87,228,94.6,0.07439026236534119,0.4734574602722404
UBFC_PHYS_s13_T2_ctrl,87,229,94.63333333333334,-0.012457126751542091,0.5690047508366257
UBFC_PHYS_s13_T2_ctrl,87,230,94.66666666666667,-0.046469829976558685,0.70582771527598
UBFC_PHYS_s13_T2_ctrl,87,231,94.7,-0.03582314774394035,0.8132820448589718
UBFC_PHYS_s13_T2_ctrl,87,232,94.73333333333333,-0.026866886764764786,0.8356172610289982
UBFC_PHYS_s13_T2_ctrl,87,233,94.76666666666667,-0.05904418230056763,0.7504923604667709
UBFC_PHYS_s13_T2_ctrl,87,234,94.8,-0.16335594654083252,0.5733778081765009
UBFC_PHYS_s13_T2_ctrl,87,235,94.83333333333333,-0.30756229162216187,0.34766211719543394
UBFC_PHYS_s13_T2_ctrl,87,236,94.86666666666666,-0.38381242752075195,0.12555458483947016
UBFC_PHYS_s13_T2_ctrl,87,237,94.9,-0.32170185446739197,-0.052252251869893525
UBFC_PHYS_s13_T2_ctrl,87,238,94.93333333333334,-0.1749252825975418,-0.17037583028673026
UBFC_PHYS_s13_T2_ctrl,87,239,94.96666666666667,-0.04887529835104942,-0.24113591510817078
UBFC_PHYS_s13_T2_ctrl,88,0,88.0,-0.633816659450531,0.11658228928920915
UBFC_PHYS_s13_T2_ctrl,88,1,88.03333333333333,-0.517431378364563,0.04462327221069508
UBFC_PHYS_s13_T2_ctrl,88,2,88.06666666666666,-0.44857561588287354,0.009138100011871972
UBFC_PHYS_s13_T2_ctrl,88,3,88.1,-0.47649887204170227,0.03298041186024069
UBFC_PHYS_s13_T2_ctrl,88,4,88.13333333333334,-0.5811697840690613,0.1126558992558502
UBFC_PHYS_s13_T2_ctrl,88,5,88.16666666666667,-0.6746437549591064,0.22064828083632276
UBFC_PHYS_s13_T2_ctrl,88,6,88.2,-0.7167361974716187,0.31775178088898665
UBFC_PHYS_s13_T2_ctrl,88,7,88.23333333333333,-0.7604828476905823,0.36825500944605527
UBFC_PHYS_s13_T2_ctrl,88,8,88.26666666666667,-0.8047599792480469,0.3507710285309194
UBFC_PHYS_s13_T2_ctrl,88,9,88.3,-0.7267600893974304,0.2615929472477671
UBFC_PHYS_s13_T2_ctrl,88,10,88.33333333333333,-0.4568827450275421,0.11179560671258612
UBFC_PHYS_s13_T2_ctrl,88,11,88.36666666666666,-0.05611148476600647,-0.07857476192483977
UBFC_PHYS_s13_T2_ctrl,88,12,88.4,0.37513676285743713,-0.28633863277105626
UBFC_PHYS_s13_T2_ctrl,88,13,88.43333333333334,0.7416053414344788,-0.48961658967935484
UBFC_PHYS_s13_T2_ctrl,88,14,88.46666666666667,0.9413780570030212,-0.6702983246987552
UBFC_PHYS_s13_T2_ctrl,88,15,88.5,0.9131154417991638,-0.8145526101115634
UBFC_PHYS_s13_T2_ctrl,88,16,88.53333333333333,0.6629464030265808,-0.9122551285341512
UBFC_PHYS_s13_T2_ctrl,88,17,88.56666666666666,0.2982967793941498,-0.9566899518061216
UBFC_PHYS_s13_T2_ctrl,88,18,88.6,0.060679078102111816,-0.9451846760389422
UBFC_PHYS_s13_T2_ctrl,88,19,88.63333333333334,0.15596209466457367,-0.8799212173531636
UBFC_PHYS_s13_T2_ctrl,88,20,88.66666666666667,0.4237338602542877,-0.7672177737117902
UBFC_PHYS_s13_T2_ctrl,88,21,88.7,0.49175596237182617,-0.6142283624058531
UBFC_PHYS_s13_T2_ctrl,88,22,88.73333333333333,0.27493736147880554,-0.42428695846591236
UBFC_PHYS_s13_T2_ctrl,88,23,88.76666666666667,-0.0052275327034294605,-0.19435422920353954
UBFC_PHYS_s13_T2_ctrl,88,24,88.8,-0.18745680153369904,0.08187909113527458
UBFC_PHYS_s13_T2_ctrl,88,25,88.83333333333333,-0.24801865220069885,0.40467651871323246
UBFC_PHYS_s13_T2_ctrl,88,26,88.86666666666666,-0.19359569251537323,0.757024935021584
UBFC_PHYS_s13_T2_ctrl,88,27,88.9,-0.0883546844124794,1.098811154695397
UBFC_PHYS_s13_T2_ctrl,88,28,88.93333333333334,-0.0074089327827095985,1.3720014738186657
UBFC_PHYS_s13_T2_ctrl,88,29,88.96666666666667,0.07395200431346893,1.5167758749025881
UBFC_PHYS_s13_T2_ctrl,88,30,89.0,0.22864356637001038,1.492415905569981
UBFC_PHYS_s13_T2_ctrl,88,31,89.03333333333333,0.43316131830215454,1.2939385756596808
UBFC_PHYS_s13_T2_ctrl,88,32,89.06666666666666,0.5805936455726624,0.9576946275527676
UBFC_PHYS_s13_T2_ctrl,88,33,89.1,0.6442298889160156,0.5540857397224822
UBFC_PHYS_s13_T2_ctrl,88,34,89.13333333333334,0.7145816683769226,0.16985138997934532
UBFC_PHYS_s13_T2_ctrl,88,35,89.16666666666667,0.8574930429458618,-0.11513104440661724
UBFC_PHYS_s13_T2_ctrl,88,36,89.2,0.9965589046478271,-0.2505369873187175
UBFC_PHYS_s13_T2_ctrl,88,37,89.23333333333333,1.014557123184204,-0.2315502671189667
UBFC_PHYS_s13_T2_ctrl,88,38,89.26666666666667,0.9184206128120422,-0.10243185382639738
UBFC_PHYS_s13_T2_ctrl,88,39,89.3,0.7876783609390259,0.055569799637926603
UBFC_PHYS_s13_T2_ctrl,88,40,89.33333333333333,0.6215261816978455,0.1504264102402399
UBFC_PHYS_s13_T2_ctrl,88,41,89.36666666666666,0.3850189447402954,0.11203330490513719
UBFC_PHYS_s13_T2_ctrl,88,42,89.4,0.096247099339962,-0.08073416402264214
UBFC_PHYS_s13_T2_ctrl,88,43,89.43333333333334,-0.20760343968868256,-0.39009524234069093
UBFC_PHYS_s13_T2_ctrl,88,44,89.46666666666667,-0.4962731599807739,-0.7311593292647753
UBFC_PHYS_s13_T2_ctrl,88,45,89.5,-0.7266908884048462,-1.0009935379046393
UBFC_PHYS_s13_T2_ctrl,88,46,89.53333333333333,-0.8717210292816162,-1.114390881570954
UBFC_PHYS_s13_T2_ctrl,88,47,89.56666666666666,-0.9550458788871765,-1.0341450892460713
UBFC_PHYS_s13_T2_ctrl,88,48,89.6,-0.9986804723739624,-0.7857483731776232
UBFC_PHYS_s13_T2_ctrl,88,49,89.63333333333334,-0.9976820349693298,-0.4510121209093428
UBFC_PHYS_s13_T2_ctrl,88,50,89.66666666666667,-0.9470386505126953,-0.1412063268927484
UBFC_PHYS_s13_T2_ctrl,88,51,89.7,-0.8744890093803406,0.04241278323984447
UBFC_PHYS_s13_T2_ctrl,88,52,89.73333333333333,-0.8275559544563293,0.04624862958815356
UBFC_PHYS_s13_T2_ctrl,88,53,89.76666666666667,-0.8327425122261047,-0.11521671832321886
UBFC_PHYS_s13_T2_ctrl,88,54,89.8,-0.8925695419311523,-0.3644166226213409
UBFC_PHYS_s13_T2_ctrl,88,55,89.83333333333333,-1.0211139917373657,-0.5884296839991809
UBFC_PHYS_s13_T2_ctrl,88,56,89.86666666666666,-1.21856689453125,-0.6785786802476058
UBFC_PHYS_s13_T2_ctrl,88,57,89.9,-1.4043614864349365,-0.5678013935607831
UBFC_PHYS_s13_T2_ctrl,88,58,89.93333333333334,-1.4485036134719849,-0.2531807714060321
UBFC_PHYS_s13_T2_ctrl,88,59,89.96666666666667,-1.3187729120254517,0.20326085163977983
UBFC_PHYS_s13_T2_ctrl,88,60,90.0,-1.147269368171692,0.6941945750468344
UBFC_PHYS_s13_T2_ctrl,88,61,90.03333333333333,-1.0755237340927124,1.0989064043134242
UBFC_PHYS_s13_T2_ctrl,88,62,90.06666666666666,-1.0561679601669312,1.3169252109637903
UBFC_PHYS_s13_T2_ctrl,88,63,90.1,-0.9358285069465637,1.2942150811244255
UBFC_PHYS_s13_T2_ctrl,88,64,90.13333333333334,-0.6390065550804138,1.0360533668885459
UBFC_PHYS_s13_T2_ctrl,88,65,90.16666666666667,-0.216549813747406,0.6045107750476529
UBFC_PHYS_s13_T2_ctrl,88,66,90.2,0.24654620885849,0.10210228372633866
UBFC_PHYS_s13_T2_ctrl,88,67,90.23333333333333,0.7223846316337585,-0.3539345574134442
UBFC_PHYS_s13_T2_ctrl,88,68,90.26666666666667,1.2136542797088623,-0.6605466152247427
UBFC_PHYS_s13_T2_ctrl,88,69,90.3,1.6193946599960327,-0.7542170022757956
UBFC_PHYS_s13_T2_ctrl,88,70,90.33333333333333,1.734270691871643,-0.6265916852007523
UBFC_PHYS_s13_T2_ctrl,88,71,90.36666666666666,1.4284464120864868,-0.32595758211715825
UBFC_PHYS_s13_T2_ctrl,88,72,90.4,0.7847225666046143,0.0567964152835763
UBFC_PHYS_s13_T2_ctrl,88,73,90.43333333333334,0.051478974521160126,0.4147557739330757
UBFC_PHYS_s13_T2_ctrl,88,74,90.46666666666667,-0.5282790660858154,0.6564347680120955
UBFC_PHYS_s13_T2_ctrl,88,75,90.5,-0.8624187707901001,0.7317884990594223
UBFC_PHYS_s13_T2_ctrl,88,76,90.53333333333333,-1.0226857662200928,0.6438592759800931
UBFC_PHYS_s13_T2_ctrl,88,77,90.56666666666666,-1.161362886428833,0.4425417003541917
UBFC_PHYS_s13_T2_ctrl,88,78,90.6,-1.3630402088165283,0.20409442905397657
UBFC_PHYS_s13_T2_ctrl,88,79,90.63333333333334,-1.541914939880371,0.004991237243172239
UBFC_PHYS_s13_T2_ctrl,88,80,90.66666666666667,-1.5084525346755981,-0.10097782970693199
UBFC_PHYS_s13_T2_ctrl,88,81,90.7,-1.2247519493103027,-0.09623071271575764
UBFC_PHYS_s13_T2_ctrl,88,82,90.73333333333333,-0.8711246252059937,-0.0007400098654382231
UBFC_PHYS_s13_T2_ctrl,88,83,90.76666666666667,-0.6153802275657654,0.1381779812541945
UBFC_PHYS_s13_T2_ctrl,88,84,90.8,-0.48188644647598267,0.263440443223472
UBFC_PHYS_s13_T2_ctrl,88,85,90.83333333333333,-0.45742642879486084,0.3266380644815324
UBFC_PHYS_s13_T2_ctrl,88,86,90.86666666666666,-0.5287601947784424,0.301164411291234
UBFC_PHYS_s13_T2_ctrl,88,87,90.9,-0.6358926296234131,0.18657309800222885
UBFC_PHYS_s13_T2_ctrl,88,88,90.93333333333334,-0.7207266688346863,0.004363527874398998
UBFC_PHYS_s13_T2_ctrl,88,89,90.96666666666667,-0.7869265675544739,-0.21177969905427615
UBFC_PHYS_s13_T2_ctrl,88,90,91.0,-0.8611336946487427,-0.42734427753558424
UBFC_PHYS_s13_T2_ctrl,88,91,91.03333333333333,-0.9361547231674194,-0.6165229967014195
UBFC_PHYS_s13_T2_ctrl,88,92,91.06666666666666,-0.985572338104248,-0.7675157378956607
UBFC_PHYS_s13_T2_ctrl,88,93,91.1,-1.0028225183486938,-0.8823152139195601
UBFC_PHYS_s13_T2_ctrl,88,94,91.13333333333334,-0.9877042770385742,-0.9710192128682176
UBFC_PHYS_s13_T2_ctrl,88,95,91.16666666666667,-0.9153556227684021,-1.0424576786609088
UBFC_PHYS_s13_T2_ctrl,88,96,91.2,-0.7500404715538025,-1.0948306467894506
UBFC_PHYS_s13_T2_ctrl,88,97,91.23333333333333,-0.4948101043701172,-1.111033486734822
UBFC_PHYS_s13_T2_ctrl,88,98,91.26666666666667,-0.20496730506420135,-1.062240540316849
UBFC_PHYS_s13_T2_ctrl,88,99,91.3,0.06796468794345856,-0.9198137796199533
UBFC_PHYS_s13_T2_ctrl,88,100,91.33333333333333,0.32940974831581116,-0.6709213377684535
UBFC_PHYS_s13_T2_ctrl,88,101,91.36666666666666,0.5989477038383484,-0.3302878140003459
UBFC_PHYS_s13_T2_ctrl,88,102,91.4,0.8491760492324829,0.0584329154990691
UBFC_PHYS_s13_T2_ctrl,88,103,91.43333333333334,1.0393433570861816,0.43348883973301994
UBFC_PHYS_s13_T2_ctrl,88,104,91.46666666666667,1.1969016790390015,0.7340476170697317
UBFC_PHYS_s13_T2_ctrl,88,105,91.5,1.3913757801055908,0.9194951608482778
UBFC_PHYS_s13_T2_ctrl,88,106,91.53333333333333,1.618208408355713,0.9812123090596399
UBFC_PHYS_s13_T2_ctrl,88,107,91.56666666666666,1.8045368194580078,0.9426872593562502
UBFC_PHYS_s13_T2_ctrl,88,108,91.6,1.949303388595581,0.8489318632340516
UBFC_PHYS_s13_T2_ctrl,88,109,91.63333333333334,2.14237380027771,0.7502315417879973
UBFC_PHYS_s13_T2_ctrl,88,110,91.66666666666667,2.4649901390075684,0.6865751726123397
UBFC_PHYS_s13_T2_ctrl,88,111,91.7,2.861912727355957,0.6776697548224871
UBFC_PHYS_s13_T2_ctrl,88,112,91.73333333333333,3.079594612121582,0.7204422361329149
UBFC_PHYS_s13_T2_ctrl,88,113,91.76666666666667,2.903870105743408,0.7929757466000898
UBFC_PHYS_s13_T2_ctrl,88,114,91.8,2.509929656982422,0.8621838089769999
UBFC_PHYS_s13_T2_ctrl,88,115,91.83333333333333,2.2159745693206787,0.8925475432487013
UBFC_PHYS_s13_T2_ctrl,88,116,91.86666666666666,2.043963670730591,0.8543402948337002
UBFC_PHYS_s13_T2_ctrl,88,117,91.9,1.8522377014160156,0.7306982226709635
UBFC_PHYS_s13_T2_ctrl,88,118,91.93333333333334,1.6492818593978882,0.5228243976786648
UBFC_PHYS_s13_T2_ctrl,88,119,91.96666666666667,1.5247377157211304,0.25195516348249686
UBFC_PHYS_s13_T2_ctrl,88,120,92.0,1.4458448886871338,-0.04349777444848157
UBFC_PHYS_s13_T2_ctrl,88,121,92.03333333333333,1.2898056507110596,-0.3162556628947664
UBFC_PHYS_s13_T2_ctrl,88,122,92.06666666666666,1.0310461521148682,-0.5225259863804853
UBFC_PHYS_s13_T2_ctrl,88,123,92.1,0.7454771399497986,-0.6350559900613241
UBFC_PHYS_s13_T2_ctrl,88,124,92.13333333333334,0.4961978495121002,-0.652821543598466
UBFC_PHYS_s13_T2_ctrl,88,125,92.16666666666667,0.322473406791687,-0.6037816629271469
UBFC_PHYS_s13_T2_ctrl,88,126,92.2,0.2735632658004761,-0.5385162203953676
UBFC_PHYS_s13_T2_ctrl,88,127,92.23333333333333,0.3313835561275482,-0.5150353371857734
UBFC_PHYS_s13_T2_ctrl,88,128,92.26666666666667,0.3749258518218994,-0.5783947979976696
UBFC_PHYS_s13_T2_ctrl,88,129,92.3,0.32691529393196106,-0.7415387857786554
UBFC_PHYS_s13_T2_ctrl,88,130,92.33333333333333,0.24391666054725647,-0.9744539251272866
UBFC_PHYS_s13_T2_ctrl,88,131,92.36666666666666,0.17924903333187103,-1.206800405004225
UBFC_PHYS_s13_T2_ctrl,88,132,92.4,0.08608480542898178,-1.3452163020968413
UBFC_PHYS_s13_T2_ctrl,88,133,92.43333333333334,-0.09010441601276398,-1.3016405568216753
UBFC_PHYS_s13_T2_ctrl,88,134,92.46666666666667,-0.3046526610851288,-1.0247172804749771
UBFC_PHYS_s13_T2_ctrl,88,135,92.5,-0.4853364825248718,-0.5239406837070433
UBFC_PHYS_s13_T2_ctrl,88,136,92.53333333333333,-0.6613280177116394,0.12315512046453375
UBFC_PHYS_s13_T2_ctrl,88,137,92.56666666666666,-0.9110718965530396,0.7859017891693139
UBFC_PHYS_s13_T2_ctrl,88,138,92.6,-1.2175651788711548,1.3148571803269251
UBFC_PHYS_s13_T2_ctrl,88,139,92.63333333333334,-1.5026201009750366,1.585074166810232
UBFC_PHYS_s13_T2_ctrl,88,140,92.66666666666667,-1.7576658725738525,1.5335397703729394
UBFC_PHYS_s13_T2_ctrl,88,141,92.7,-2.0613417625427246,1.1780719193673173
UBFC_PHYS_s13_T2_ctrl,88,142,92.73333333333333,-2.5065088272094727,0.6125183436755596
UBFC_PHYS_s13_T2_ctrl,88,143,92.76666666666667,-3.0575990676879883,-0.01855958056308001
UBFC_PHYS_s13_T2_ctrl,88,144,92.8,-3.4124324321746826,-0.5577498913501208
UBFC_PHYS_s13_T2_ctrl,88,145,92.83333333333333,-3.3007097244262695,-0.8757624283879621
UBFC_PHYS_s13_T2_ctrl,88,146,92.86666666666666,-2.854616641998291,-0.9058937401785837
UBFC_PHYS_s13_T2_ctrl,88,147,92.9,-2.3951356410980225,-0.6630124053749906
UBFC_PHYS_s13_T2_ctrl,88,148,92.93333333333334,-2.0325520038604736,-0.24038699599543667
UBFC_PHYS_s13_T2_ctrl,88,149,92.96666666666667,-1.7357991933822632,0.21734840385673262
UBFC_PHYS_s13_T2_ctrl,88,150,93.0,-1.4991437196731567,0.5592043853934425
UBFC_PHYS_s13_T2_ctrl,88,151,93.03333333333333,-1.2561779022216797,0.6768950634697251
UBFC_PHYS_s13_T2_ctrl,88,152,93.06666666666666,-0.9257749319076538,0.5396668552214959
UBFC_PHYS_s13_T2_ctrl,88,153,93.1,-0.5631155967712402,0.2008856347272807
UBFC_PHYS_s13_T2_ctrl,88,154,93.13333333333334,-0.26143327355384827,-0.22469780696633057
UBFC_PHYS_s13_T2_ctrl,88,155,93.16666666666667,0.016978589817881584,-0.6013944144818317
UBFC_PHYS_s13_T2_ctrl,88,156,93.2,0.3713110685348511,-0.8150388416973167
UBFC_PHYS_s13_T2_ctrl,88,157,93.23333333333333,0.7892007231712341,-0.8048741671817046
UBFC_PHYS_s13_T2_ctrl,88,158,93.26666666666667,1.1778753995895386,-0.5773167368396847
UBFC_PHYS_s13_T2_ctrl,88,159,93.3,1.524652123451233,-0.19912632568583027
UBFC_PHYS_s13_T2_ctrl,88,160,93.33333333333333,1.907629370689392,0.22723434454166874
UBFC_PHYS_s13_T2_ctrl,88,161,93.36666666666666,2.397251605987549,0.5979153566283169
UBFC_PHYS_s13_T2_ctrl,88,162,93.4,2.9242210388183594,0.8395734276584811
UBFC_PHYS_s13_T2_ctrl,88,163,93.43333333333334,3.1978416442871094,0.9274150100192291
UBFC_PHYS_s13_T2_ctrl,88,164,93.46666666666667,2.962557077407837,0.8844493845913843
UBFC_PHYS_s13_T2_ctrl,88,165,93.5,2.3249127864837646,0.7652060773224789
UBFC_PHYS_s13_T2_ctrl,88,166,93.53333333333333,1.6075749397277832,0.6321171574825756
UBFC_PHYS_s13_T2_ctrl,88,167,93.56666666666666,1.0374222993850708,0.5333921253075112
UBFC_PHYS_s13_T2_ctrl,88,168,93.6,0.7347316145896912,0.48893974416341296
UBFC_PHYS_s13_T2_ctrl,88,169,93.63333333333334,0.6968405246734619,0.48739944144625286
UBFC_PHYS_s13_T2_ctrl,88,170,93.66666666666667,0.7450290322303772,0.49389375570226646
UBFC_PHYS_s13_T2_ctrl,88,171,93.7,0.7309948801994324,0.4652348249093896
UBFC_PHYS_s13_T2_ctrl,88,172,93.73333333333333,0.6869813799858093,0.36730707856187994
UBFC_PHYS_s13_T2_ctrl,88,173,93.76666666666667,0.6798308491706848,0.18881902881855783
UBFC_PHYS_s13_T2_ctrl,88,174,93.8,0.6664920449256897,-0.05309281284893572
UBFC_PHYS_s13_T2_ctrl,88,175,93.83333333333333,0.581852376461029,-0.31738032565591556
UBFC_PHYS_s13_T2_ctrl,88,176,93.86666666666666,0.46245864033699036,-0.5527179150373024
UBFC_PHYS_s13_T2_ctrl,88,177,93.9,0.4235756993293762,-0.7162996019886596
UBFC_PHYS_s13_T2_ctrl,88,178,93.93333333333334,0.5094806551933289,-0.7914455616133078
UBFC_PHYS_s13_T2_ctrl,88,179,93.96666666666667,0.5876914262771606,-0.7968273795904022
UBFC_PHYS_s13_T2_ctrl,88,180,94.0,0.48457908630371094,-0.781852821551987
UBFC_PHYS_s13_T2_ctrl,88,181,94.03333333333333,0.20953819155693054,-0.8073885931160347
UBFC_PHYS_s13_T2_ctrl,88,182,94.06666666666666,-0.08748805522918701,-0.9174727756401346
UBFC_PHYS_s13_T2_ctrl,88,183,94.1,-0.35069602727890015,-1.113182852396994
UBFC_PHYS_s13_T2_ctrl,88,184,94.13333333333334,-0.5956289768218994,-1.341214596768316
UBFC_PHYS_s13_T2_ctrl,88,185,94.16666666666667,-0.8231074810028076,-1.5051308534105565
UBFC_PHYS_s13_T2_ctrl,88,186,94.2,-1.0483649969100952,-1.4977406566703844
UBFC_PHYS_s13_T2_ctrl,88,187,94.23333333333333,-1.2730821371078491,-1.2434485431832463
UBFC_PHYS_s13_T2_ctrl,88,188,94.26666666666667,-1.4129817485809326,-0.734451785393789
UBFC_PHYS_s13_T2_ctrl,88,189,94.3,-1.3921726942062378,-0.04544578194683929
UBFC_PHYS_s13_T2_ctrl,88,190,94.33333333333333,-1.2584317922592163,0.6823944777071361
UBFC_PHYS_s13_T2_ctrl,88,191,94.36666666666666,-1.0997828245162964,1.2855645226190768
UBFC_PHYS_s13_T2_ctrl,88,192,94.4,-0.9517935514450073,1.633612945035108
UBFC_PHYS_s13_T2_ctrl,88,193,94.43333333333334,-0.804568886756897,1.6720740885545995
UBFC_PHYS_s13_T2_ctrl,88,194,94.46666666666667,-0.6133570075035095,1.436395912682166
UBFC_PHYS_s13_T2_ctrl,88,195,94.5,-0.33344581723213196,1.034783439634868
UBFC_PHYS_s13_T2_ctrl,88,196,94.53333333333333,-0.03808692842721939,0.6094468761219135
UBFC_PHYS_s13_T2_ctrl,88,197,94.56666666666666,0.10893019288778305,0.2908352105255432
UBFC_PHYS_s13_T2_ctrl,88,198,94.6,0.07439026236534119,0.15913236924949448
UBFC_PHYS_s13_T2_ctrl,88,199,94.63333333333334,-0.012457126751542091,0.22354043137813495
UBFC_PHYS_s13_T2_ctrl,88,200,94.66666666666667,-0.046469829976558685,0.42434617683422665
UBFC_PHYS_s13_T2_ctrl,88,201,94.7,-0.03582314774394035,0.6562971082865219
UBFC_PHYS_s13_T2_ctrl,88,202,94.73333333333333,-0.026866886764764786,0.805387382376589
UBFC_PHYS_s13_T2_ctrl,88,203,94.76666666666667,-0.05904418230056763,0.7869466244082506
UBFC_PHYS_s13_T2_ctrl,88,204,94.8,-0.16335594654083252,0.5728571812483558
UBFC_PHYS_s13_T2_ctrl,88,205,94.83333333333333,-0.30756229162216187,0.19989441691327967
UBFC_PHYS_s13_T2_ctrl,88,206,94.86666666666666,-0.38381242752075195,-0.24212985075245247
UBFC_PHYS_s13_T2_ctrl,88,207,94.9,-0.32170185446739197,-0.637601145277068
UBFC_PHYS_s13_T2_ctrl,88,208,94.93333333333334,-0.1749252825975418,-0.8795064221587064
UBFC_PHYS_s13_T2_ctrl,88,209,94.96666666666667,-0.04887529835104942,-0.9017235969734395
UBFC_PHYS_s13_T2_ctrl,88,210,95.0,-0.011722304858267307,-0.7001457120133875
UBFC_PHYS_s13_T2_ctrl,88,211,95.03333333333333,-0.06736776977777481,-0.33569193898801925
UBFC_PHYS_s13_T2_ctrl,88,212,95.06666666666666,-0.12459491938352585,0.0829321072036487
UBFC_PHYS_s13_T2_ctrl,88,213,95.1,-0.08670380711555481,0.43188657606699504
UBFC_PHYS_s13_T2_ctrl,88,214,95.13333333333334,0.01646454446017742,0.6088992309364476
UBFC_PHYS_s13_T2_ctrl,88,215,95.16666666666667,0.07691765576601028,0.5610989145379003
UBFC_PHYS_s13_T2_ctrl,88,216,95.2,0.08364309370517731,0.2963331837085744
UBFC_PHYS_s13_T2_ctrl,88,217,95.23333333333333,0.11675620824098587,-0.12210938866828774
UBFC_PHYS_s13_T2_ctrl,88,218,95.26666666666667,0.20529402792453766,-0.5929696666254296
UBFC_PHYS_s13_T2_ctrl,88,219,95.3,0.3164663314819336,-1.0014145926084175
UBFC_PHYS_s13_T2_ctrl,88,220,95.33333333333333,0.42877545952796936,-1.2456498349498157
UBFC_PHYS_s13_T2_ctrl,88,221,95.36666666666666,0.512195885181427,-1.2612629482291733
UBFC_PHYS_s13_T2_ctrl,88,222,95.4,0.528045654296875,-1.0383161214031231
UBFC_PHYS_s13_T2_ctrl,88,223,95.43333333333334,0.486137717962265,-0.6261694893815435
UBFC_PHYS_s13_T2_ctrl,88,224,95.46666666666667,0.4349769651889801,-0.12292945529701628
UBFC_PHYS_s13_T2_ctrl,88,225,95.5,0.3975372910499573,0.34939984393418033
UBFC_PHYS_s13_T2_ctrl,88,226,95.53333333333333,0.3558962941169739,0.6778107876623117
UBFC_PHYS_s13_T2_ctrl,88,227,95.56666666666666,0.2928696572780609,0.7895235022833095
UBFC_PHYS_s13_T2_ctrl,88,228,95.6,0.23217269778251648,0.6721010274979
UBFC_PHYS_s13_T2_ctrl,88,229,95.63333333333334,0.2268674671649933,0.37628900637464696
UBFC_PHYS_s13_T2_ctrl,88,230,95.66666666666667,0.3032131791114807,0.00013645408798007921
UBFC_PHYS_s13_T2_ctrl,88,231,95.7,0.40730416774749756,-0.3415936062532191
UBFC_PHYS_s13_T2_ctrl,88,232,95.73333333333333,0.40418365597724915,-0.5534552374531981
UBFC_PHYS_s13_T2_ctrl,88,233,95.76666666666667,0.19565895199775696,-0.5887550972712531
UBFC_PHYS_s13_T2_ctrl,88,234,95.8,-0.14602667093276978,-0.46193007396266184
UBFC_PHYS_s13_T2_ctrl,88,235,95.83333333333333,-0.5015157461166382,-0.23885043702460723
UBFC_PHYS_s13_T2_ctrl,88,236,95.86666666666666,-0.8337178826332092,-0.007657523053312831
UBFC_PHYS_s13_T2_ctrl,88,237,95.9,-1.0361069440841675,0.15905376195604887
UBFC_PHYS_s13_T2_ctrl,88,238,95.93333333333334,-0.9241965413093567,0.23416671789515192
UBFC_PHYS_s13_T2_ctrl,88,239,95.96666666666667,-0.5404877066612244,0.24358683777861587
UBFC_PHYS_s13_T2_ctrl,89,0,89.0,0.22864356637001038,-0.08941369494896959
UBFC_PHYS_s13_T2_ctrl,89,1,89.03333333333333,0.43316131830215454,-0.5264985073364256
UBFC_PHYS_s13_T2_ctrl,89,2,89.06666666666666,0.5805936455726624,-0.8928172827730758
UBFC_PHYS_s13_T2_ctrl,89,3,89.1,0.6442298889160156,-1.1286636262340035
UBFC_PHYS_s13_T2_ctrl,89,4,89.13333333333334,0.7145816683769226,-1.1929320634625924
UBFC_PHYS_s13_T2_ctrl,89,5,89.16666666666667,0.8574930429458618,-1.0724306390505456
UBFC_PHYS_s13_T2_ctrl,89,6,89.2,0.9965589046478271,-0.787660725048857
UBFC_PHYS_s13_T2_ctrl,89,7,89.23333333333333,1.014557123184204,-0.39245469213984535
UBFC_PHYS_s13_T2_ctrl,89,8,89.26666666666667,0.9184206128120422,0.03426404939682142
UBFC_PHYS_s13_T2_ctrl,89,9,89.3,0.7876783609390259,0.40471013030943587
UBFC_PHYS_s13_T2_ctrl,89,10,89.33333333333333,0.6215261816978455,0.6438189398562392
UBFC_PHYS_s13_T2_ctrl,89,11,89.36666666666666,0.3850189447402954,0.7104423171438459
UBFC_PHYS_s13_T2_ctrl,89,12,89.4,0.096247099339962,0.6106255655436339
UBFC_PHYS_s13_T2_ctrl,89,13,89.43333333333334,-0.20760343968868256,0.3968466950537425
UBFC_PHYS_s13_T2_ctrl,89,14,89.46666666666667,-0.4962731599807739,0.15205105907371538
UBFC_PHYS_s13_T2_ctrl,89,15,89.5,-0.7266908884048462,-0.036724726117492966
UBFC_PHYS_s13_T2_ctrl,89,16,89.53333333333333,-0.8717210292816162,-0.10649685876932322
UBFC_PHYS_s13_T2_ctrl,89,17,89.56666666666666,-0.9550458788871765,-0.039093686739155635
UBFC_PHYS_s13_T2_ctrl,89,18,89.6,-0.9986804723739624,0.13217106496697223
UBFC_PHYS_s13_T2_ctrl,89,19,89.63333333333334,-0.9976820349693298,0.33242959314113135
UBFC_PHYS_s13_T2_ctrl,89,20,89.66666666666667,-0.9470386505126953,0.46959895270487806
UBFC_PHYS_s13_T2_ctrl,89,21,89.7,-0.8744890093803406,0.46619678790751445
UBFC_PHYS_s13_T2_ctrl,89,22,89.73333333333333,-0.8275559544563293,0.2880471844937765
UBFC_PHYS_s13_T2_ctrl,89,23,89.76666666666667,-0.8327425122261047,-0.040658726080512395
UBFC_PHYS_s13_T2_ctrl,89,24,89.8,-0.8925695419311523,-0.4415565703515606
UBFC_PHYS_s13_T2_ctrl,89,25,89.83333333333333,-1.0211139917373657,-0.8043120478464252
UBFC_PHYS_s13_T2_ctrl,89,26,89.86666666666666,-1.21856689453125,-1.0202770977212399
UBFC_PHYS_s13_T2_ctrl,89,27,89.9,-1.4043614864349365,-1.0176228442375
UBFC_PHYS_s13_T2_ctrl,89,28,89.93333333333334,-1.4485036134719849,-0.7862953423570789
UBFC_PHYS_s13_T2_ctrl,89,29,89.96666666666667,-1.3187729120254517,-0.3832082144814119
UBFC_PHYS_s13_T2_ctrl,89,30,90.0,-1.147269368171692,0.0850142811467019
UBFC_PHYS_s13_T2_ctrl,89,31,90.03333333333333,-1.0755237340927124,0.4955644673084841
UBFC_PHYS_s13_T2_ctrl,89,32,90.06666666666666,-1.0561679601669312,0.7467421646245779
UBFC_PHYS_s13_T2_ctrl,89,33,90.1,-0.9358285069465637,0.7858934227111639
UBFC_PHYS_s13_T2_ctrl,89,34,90.13333333333334,-0.6390065550804138,0.6201066949291547
UBFC_PHYS_s13_T2_ctrl,89,35,90.16666666666667,-0.216549813747406,0.30912577126868757
UBFC_PHYS_s13_T2_ctrl,89,36,90.2,0.24654620885849,-0.05471536691987507
UBFC_PHYS_s13_T2_ctrl,89,37,90.23333333333333,0.7223846316337585,-0.3725625051863396
UBFC_PHYS_s13_T2_ctrl,89,38,90.26666666666667,1.2136542797088623,-0.5642970085648801
UBFC_PHYS_s13_T2_ctrl,89,39,90.3,1.6193946599960327,-0.5874020604604974
UBFC_PHYS_s13_T2_ctrl,89,40,90.33333333333333,1.734270691871643,-0.4454378159351724
UBFC_PHYS_s13_T2_ctrl,89,41,90.36666666666666,1.4284464120864868,-0.18419655330830284
UBFC_PHYS_s13_T2_ctrl,89,42,90.4,0.7847225666046143,0.12348359887685433
UBFC_PHYS_s13_T2_ctrl,89,43,90.43333333333334,0.051478974521160126,0.3999433550000446
UBFC_PHYS_s13_T2_ctrl,89,44,90.46666666666667,-0.5282790660858154,0.585059274054629
UBFC_PHYS_s13_T2_ctrl,89,45,90.5,-0.8624187707901001,0.6514264744347469
UBFC_PHYS_s13_T2_ctrl,89,46,90.53333333333333,-1.0226857662200928,0.6076271403311345
UBFC_PHYS_s13_T2_ctrl,89,47,90.56666666666666,-1.161362886428833,0.4894846789408806
UBFC_PHYS_s13_T2_ctrl,89,48,90.6,-1.3630402088165283,0.3438508439326154
UBFC_PHYS_s13_T2_ctrl,89,49,90.63333333333334,-1.541914939880371,0.21176145376511893
UBFC_PHYS_s13_T2_ctrl,89,50,90.66666666666667,-1.5084525346755981,0.116693909579953
UBFC_PHYS_s13_T2_ctrl,89,51,90.7,-1.2247519493103027,0.060662874647554044
UBFC_PHYS_s13_T2_ctrl,89,52,90.73333333333333,-0.8711246252059937,0.028084888969581997
UBFC_PHYS_s13_T2_ctrl,89,53,90.76666666666667,-0.6153802275657654,-0.004624089463324849
UBFC_PHYS_s13_T2_ctrl,89,54,90.8,-0.48188644647598267,-0.0570821242683031
UBFC_PHYS_s13_T2_ctrl,89,55,90.83333333333333,-0.45742642879486084,-0.1347514836251636
UBFC_PHYS_s13_T2_ctrl,89,56,90.86666666666666,-0.5287601947784424,-0.22458695041508775
UBFC_PHYS_s13_T2_ctrl,89,57,90.9,-0.6358926296234131,-0.298885076370641
UBFC_PHYS_s13_T2_ctrl,89,58,90.93333333333334,-0.7207266688346863,-0.32638547819024244
UBFC_PHYS_s13_T2_ctrl,89,59,90.96666666666667,-0.7869265675544739,-0.2864656835419096
UBFC_PHYS_s13_T2_ctrl,89,60,91.0,-0.8611336946487427,-0.1809470794973662
UBFC_PHYS_s13_T2_ctrl,89,61,91.03333333333333,-0.9361547231674194,-0.03874527423739937
UBFC_PHYS_s13_T2_ctrl,89,62,91.06666666666666,-0.985572338104248,0.08931147602078028
UBFC_PHYS_s13_T2_ctrl,89,63,91.1,-1.0028225183486938,0.1451833302995088
UBFC_PHYS_s13_T2_ctrl,89,64,91.13333333333334,-0.9877042770385742,0.08415966009494719
UBFC_PHYS_s13_T2_ctrl,89,65,91.16666666666667,-0.9153556227684021,-0.10530845239762113
UBFC_PHYS_s13_T2_ctrl,89,66,91.2,-0.7500404715538025,-0.3902262356105357
UBFC_PHYS_s13_T2_ctrl,89,67,91.23333333333333,-0.4948101043701172,-0.6962022758287008
UBFC_PHYS_s13_T2_ctrl,89,68,91.26666666666667,-0.20496730506420135,-0.9265102924884391
UBFC_PHYS_s13_T2_ctrl,89,69,91.3,0.06796468794345856,-0.9923868739088318
UBFC_PHYS_s13_T2_ctrl,89,70,91.33333333333333,0.32940974831581116,-0.8449010417249572
UBFC_PHYS_s13_T2_ctrl,89,71,91.36666666666666,0.5989477038383484,-0.4967590389186383
UBFC_PHYS_s13_T2_ctrl,89,72,91.4,0.8491760492324829,-0.024567895983086473
UBFC_PHYS_s13_T2_ctrl,89,73,91.43333333333334,1.0393433570861816,0.4515447217166598
UBFC_PHYS_s13_T2_ctrl,89,74,91.46666666666667,1.1969016790390015,0.8052239884630796
UBFC_PHYS_s13_T2_ctrl,89,75,91.5,1.3913757801055908,0.944966621797971
UBFC_PHYS_s13_T2_ctrl,89,76,91.53333333333333,1.618208408355713,0.8437343700312159
UBFC_PHYS_s13_T2_ctrl,89,77,91.56666666666666,1.8045368194580078,0.5464484386617326
UBFC_PHYS_s13_T2_ctrl,89,78,91.6,1.949303388595581,0.15402554310956246
UBFC_PHYS_s13_T2_ctrl,89,79,91.63333333333334,2.14237380027771,-0.20878618707284766
UBFC_PHYS_s13_T2_ctrl,89,80,91.66666666666667,2.4649901390075684,-0.4308620783031702
UBFC_PHYS_s13_T2_ctrl,89,81,91.7,2.861912727355957,-0.44678951871228484
UBFC_PHYS_s13_T2_ctrl,89,82,91.73333333333333,3.079594612121582,-0.2546896681416812
UBFC_PHYS_s13_T2_ctrl,89,83,91.76666666666667,2.903870105743408,0.08544557696842654
UBFC_PHYS_s13_T2_ctrl,89,84,91.8,2.509929656982422,0.4719955467637711
UBFC_PHYS_s13_T2_ctrl,89,85,91.83333333333333,2.2159745693206787,0.7934776030737192
UBFC_PHYS_s13_T2_ctrl,89,86,91.86666666666666,2.043963670730591,0.961544534455827
UBFC_PHYS_s13_T2_ctrl,89,87,91.9,1.8522377014160156,0.9353458198346776
UBFC_PHYS_s13_T2_ctrl,89,88,91.93333333333334,1.6492818593978882,0.7306909359019976
UBFC_PHYS_s13_T2_ctrl,89,89,91.96666666666667,1.5247377157211304,0.4123101279443364
UBFC_PHYS_s13_T2_ctrl,89,90,92.0,1.4458448886871338,0.07244040732107834
UBFC_PHYS_s13_T2_ctrl,89,91,92.03333333333333,1.2898056507110596,-0.19738880822746913
UBFC_PHYS_s13_T2_ctrl,89,92,92.06666666666666,1.0310461521148682,-0.33304193685688943
UBFC_PHYS_s13_T2_ctrl,89,93,92.1,0.7454771399497986,-0.31555375980266015
UBFC_PHYS_s13_T2_ctrl,89,94,92.13333333333334,0.4961978495121002,-0.17549667010892378
UBFC_PHYS_s13_T2_ctrl,89,95,92.16666666666667,0.322473406791687,0.01679187660786568
UBFC_PHYS_s13_T2_ctrl,89,96,92.2,0.2735632658004761,0.17228973615824472
UBFC_PHYS_s13_T2_ctrl,89,97,92.23333333333333,0.3313835561275482,0.21018354749109078
UBFC_PHYS_s13_T2_ctrl,89,98,92.26666666666667,0.3749258518218994,0.08366124650072768
UBFC_PHYS_s13_T2_ctrl,89,99,92.3,0.32691529393196106,-0.20236344826686808
UBFC_PHYS_s13_T2_ctrl,89,100,92.33333333333333,0.24391666054725647,-0.5871776629218609
UBFC_PHYS_s13_T2_ctrl,89,101,92.36666666666666,0.17924903333187103,-0.9665717651400652
UBFC_PHYS_s13_T2_ctrl,89,102,92.4,0.08608480542898178,-1.2201061242240627
UBFC_PHYS_s13_T2_ctrl,89,103,92.43333333333334,-0.09010441601276398,-1.247204776975473
UBFC_PHYS_s13_T2_ctrl,89,104,92.46666666666667,-0.3046526610851288,-1.0019199364798335
UBFC_PHYS_s13_T2_ctrl,89,105,92.5,-0.4853364825248718,-0.5146538567465961
UBFC_PHYS_s13_T2_ctrl,89,106,92.53333333333333,-0.6613280177116394,0.10849104605094569
UBFC_PHYS_s13_T2_ctrl,89,107,92.56666666666666,-0.9110718965530396,0.7114199877850224
UBFC_PHYS_s13_T2_ctrl,89,108,92.6,-1.2175651788711548,1.1323241016020662
UBFC_PHYS_s13_T2_ctrl,89,109,92.63333333333334,-1.5026201009750366,1.2523900758227793
UBFC_PHYS_s13_T2_ctrl,89,110,92.66666666666667,-1.7576658725738525,1.0325855544235394
UBFC_PHYS_s13_T2_ctrl,89,111,92.7,-2.0613417625427246,0.5265757537411117
UBFC_PHYS_s13_T2_ctrl,89,112,92.73333333333333,-2.5065088272094727,-0.13323388108627104
UBFC_PHYS_s13_T2_ctrl,89,113,92.76666666666667,-3.0575990676879883,-0.7710474927980094
UBFC_PHYS_s13_T2_ctrl,89,114,92.8,-3.4124324321746826,-1.214555117427002
UBFC_PHYS_s13_T2_ctrl,89,115,92.83333333333333,-3.3007097244262695,-1.3419664898596637
UBFC_PHYS_s13_T2_ctrl,89,116,92.86666666666666,-2.854616641998291,-1.1170998604664666
UBFC_PHYS_s13_T2_ctrl,89,117,92.9,-2.3951356410980225,-0.6015588656677741
UBFC_PHYS_s13_T2_ctrl,89,118,92.93333333333334,-2.0325520038604736,0.06187776835348888
UBFC_PHYS_s13_T2_ctrl,89,119,92.96666666666667,-1.7357991933822632,0.6914101407398534
UBFC_PHYS_s13_T2_ctrl,89,120,93.0,-1.4991437196731567,1.12047807467643
UBFC_PHYS_s13_T2_ctrl,89,121,93.03333333333333,-1.2561779022216797,1.2452487469506683
UBFC_PHYS_s13_T2_ctrl,89,122,93.06666666666666,-0.9257749319076538,1.0497325247972276
UBFC_PHYS_s13_T2_ctrl,89,123,93.1,-0.5631155967712402,0.6027666504046514
UBFC_PHYS_s13_T2_ctrl,89,124,93.13333333333334,-0.26143327355384827,0.03188504531651009
UBFC_PHYS_s13_T2_ctrl,89,125,93.16666666666667,0.016978589817881584,-0.5144811531432908
UBFC_PHYS_s13_T2_ctrl,89,126,93.2,0.3713110685348511,-0.9049545983429897
UBFC_PHYS_s13_T2_ctrl,89,127,93.23333333333333,0.7892007231712341,-1.0550925903508
UBFC_PHYS_s13_T2_ctrl,89,128,93.26666666666667,1.1778753995895386,-0.9439155899529963
UBFC_PHYS_s13_T2_ctrl,89,129,93.3,1.524652123451233,-0.614147644575799
UBFC_PHYS_s13_T2_ctrl,89,130,93.33333333333333,1.907629370689392,-0.156337922971027
UBFC_PHYS_s13_T2_ctrl,89,131,93.36666666666666,2.397251605987549,0.31887738170937446
UBFC_PHYS_s13_T2_ctrl,89,132,93.4,2.9242210388183594,0.712157669788211
UBFC_PHYS_s13_T2_ctrl,89,133,93.43333333333334,3.1978416442871094,0.9605231747497365
UBFC_PHYS_s13_T2_ctrl,89,134,93.46666666666667,2.962557077407837,1.0482222158475152
UBFC_PHYS_s13_T2_ctrl,89,135,93.5,2.3249127864837646,1.0011532629084172
UBFC_PHYS_s13_T2_ctrl,89,136,93.53333333333333,1.6075749397277832,0.8694114595583853
UBFC_PHYS_s13_T2_ctrl,89,137,93.56666666666666,1.0374222993850708,0.7065729488606707
UBFC_PHYS_s13_T2_ctrl,89,138,93.6,0.7347316145896912,0.5533461630997839
UBFC_PHYS_s13_T2_ctrl,89,139,93.63333333333334,0.6968405246734619,0.4293472432657428
UBFC_PHYS_s13_T2_ctrl,89,140,93.66666666666667,0.7450290322303772,0.3332940966311983
UBFC_PHYS_s13_T2_ctrl,89,141,93.7,0.7309948801994324,0.24979818863666306
UBFC_PHYS_s13_T2_ctrl,89,142,93.73333333333333,0.6869813799858093,0.15969462902502443
UBFC_PHYS_s13_T2_ctrl,89,143,93.76666666666667,0.6798308491706848,0.05017352854725401
UBFC_PHYS_s13_T2_ctrl,89,144,93.8,0.6664920449256897,-0.0789899060401385
UBFC_PHYS_s13_T2_ctrl,89,145,93.83333333333333,0.581852376461029,-0.21545082566021995
UBFC_PHYS_s13_T2_ctrl,89,146,93.86666666666666,0.46245864033699036,-0.3402319391585871
UBFC_PHYS_s13_T2_ctrl,89,147,93.9,0.4235756993293762,-0.43682879595865026
UBFC_PHYS_s13_T2_ctrl,89,148,93.93333333333334,0.5094806551933289,-0.4998813176251363
UBFC_PHYS_s13_T2_ctrl,89,149,93.96666666666667,0.5876914262771606,-0.5400262506238751
UBFC_PHYS_s13_T2_ctrl,89,150,94.0,0.48457908630371094,-0.5821362263795418
UBFC_PHYS_s13_T2_ctrl,89,151,94.03333333333333,0.20953819155693054,-0.6559060443590616
UBFC_PHYS_s13_T2_ctrl,89,152,94.06666666666666,-0.08748805522918701,-0.7811155427046104
UBFC_PHYS_s13_T2_ctrl,89,153,94.1,-0.35069602727890015,-0.9532200565395608
UBFC_PHYS_s13_T2_ctrl,89,154,94.13333333333334,-0.5956289768218994,-1.1360694875801924
UBFC_PHYS_s13_T2_ctrl,89,155,94.16666666666667,-0.8231074810028076,-1.2668572671536633
UBFC_PHYS_s13_T2_ctrl,89,156,94.2,-1.0483649969100952,-1.274280916986509
UBFC_PHYS_s13_T2_ctrl,89,157,94.23333333333333,-1.2730821371078491,-1.1052937567465952
UBFC_PHYS_s13_T2_ctrl,89,158,94.26666666666667,-1.4129817485809326,-0.750651891627747
UBFC_PHYS_s13_T2_ctrl,89,159,94.3,-1.3921726942062378,-0.2576977062658378
UBFC_PHYS_s13_T2_ctrl,89,160,94.33333333333333,-1.2584317922592163,0.2774860853395823
UBFC_PHYS_s13_T2_ctrl,89,161,94.36666666666666,-1.0997828245162964,0.7380873104333286
UBFC_PHYS_s13_T2_ctrl,89,162,94.4,-0.9517935514450073,1.0248886661706318
UBFC_PHYS_s13_T2_ctrl,89,163,94.43333333333334,-0.804568886756897,1.0899053024200724
UBFC_PHYS_s13_T2_ctrl,89,164,94.46666666666667,-0.6133570075035095,0.9525514033666389
UBFC_PHYS_s13_T2_ctrl,89,165,94.5,-0.33344581723213196,0.69287246102143
UBFC_PHYS_s13_T2_ctrl,89,166,94.53333333333333,-0.03808692842721939,0.42450155913466486
UBFC_PHYS_s13_T2_ctrl,89,167,94.56666666666666,0.10893019288778305,0.25640869902995717
UBFC_PHYS_s13_T2_ctrl,89,168,94.6,0.07439026236534119,0.2560164260706032
UBFC_PHYS_s13_T2_ctrl,89,169,94.63333333333334,-0.012457126751542091,0.42598851218058664
UBFC_PHYS_s13_T2_ctrl,89,170,94.66666666666667,-0.046469829976558685,0.7027857036862841
UBFC_PHYS_s13_T2_ctrl,89,171,94.7,-0.03582314774394035,0.9778803579609229
UBFC_PHYS_s13_T2_ctrl,89,172,94.73333333333333,-0.026866886764764786,1.1345316651712332
UBFC_PHYS_s13_T2_ctrl,89,173,94.76666666666667,-0.05904418230056763,1.087491643053527
UBFC_PHYS_s13_T2_ctrl,89,174,94.8,-0.16335594654083252,0.8123683079218379
UBFC_PHYS_s13_T2_ctrl,89,175,94.83333333333333,-0.30756229162216187,0.3555099671029702
UBFC_PHYS_s13_T2_ctrl,89,176,94.86666666666666,-0.38381242752075195,-0.17790439062366778
UBFC_PHYS_s13_T2_ctrl,89,177,94.9,-0.32170185446739197,-0.653427424635305
UBFC_PHYS_s13_T2_ctrl,89,178,94.93333333333334,-0.1749252825975418,-0.9463738831035353
UBFC_PHYS_s13_T2_ctrl,89,179,94.96666666666667,-0.04887529835104942,-0.9801053061352412
UBFC_PHYS_s13_T2_ctrl,89,180,95.0,-0.011722304858267307,-0.7525896890600873
UBFC_PHYS_s13_T2_ctrl,89,181,95.03333333333333,-0.06736776977777481,-0.34168422644491436
UBFC_PHYS_s13_T2_ctrl,89,182,95.06666666666666,-0.12459491938352585,0.11536962696493948
UBFC_PHYS_s13_T2_ctrl,89,183,95.1,-0.08670380711555481,0.4639128354811578
UBFC_PHYS_s13_T2_ctrl,89,184,95.13333333333334,0.01646454446017742,0.5812208550843472
UBFC_PHYS_s13_T2_ctrl,89,185,95.16666666666667,0.07691765576601028,0.4150582240060112
UBFC_PHYS_s13_T2_ctrl,89,186,95.2,0.08364309370517731,-0.0013686368816590412
UBFC_PHYS_s13_T2_ctrl,89,187,95.23333333333333,0.11675620824098587,-0.5604805603570868
UBFC_PHYS_s13_T2_ctrl,89,188,95.26666666666667,0.20529402792453766,-1.1113338192731603
UBFC_PHYS_s13_T2_ctrl,89,189,95.3,0.3164663314819336,-1.5005470130434504
UBFC_PHYS_s13_T2_ctrl,89,190,95.33333333333333,0.42877545952796936,-1.6129066903631801
UBFC_PHYS_s13_T2_ctrl,89,191,95.36666666666666,0.512195885181427,-1.4025734677784243
UBFC_PHYS_s13_T2_ctrl,89,192,95.4,0.528045654296875,-0.9070268717109851
UBFC_PHYS_s13_T2_ctrl,89,193,95.43333333333334,0.486137717962265,-0.23860816512727917
UBFC_PHYS_s13_T2_ctrl,89,194,95.46666666666667,0.4349769651889801,0.4456889216892063
UBFC_PHYS_s13_T2_ctrl,89,195,95.5,0.3975372910499573,0.9879083504961931
UBFC_PHYS_s13_T2_ctrl,89,196,95.53333333333333,0.3558962941169739,1.2721143994439703
UBFC_PHYS_s13_T2_ctrl,89,197,95.56666666666666,0.2928696572780609,1.252554005451532
UBFC_PHYS_s13_T2_ctrl,89,198,95.6,0.23217269778251648,0.9599633300334041
UBFC_PHYS_s13_T2_ctrl,89,199,95.63333333333334,0.2268674671649933,0.48780533544593885
UBFC_PHYS_s13_T2_ctrl,89,200,95.66666666666667,0.3032131791114807,-0.03481506073267796
UBFC_PHYS_s13_T2_ctrl,89,201,95.7,0.40730416774749756,-0.4757906174706316
UBFC_PHYS_s13_T2_ctrl,89,202,95.73333333333333,0.40418365597724915,-0.7309454997985674
UBFC_PHYS_s13_T2_ctrl,89,203,95.76666666666667,0.19565895199775696,-0.7470648165493025
UBFC_PHYS_s13_T2_ctrl,89,204,95.8,-0.14602667093276978,-0.532436711706668
UBFC_PHYS_s13_T2_ctrl,89,205,95.83333333333333,-0.5015157461166382,-0.1523786955897884
UBFC_PHYS_s13_T2_ctrl,89,206,95.86666666666666,-0.8337178826332092,0.2900718785341443
UBFC_PHYS_s13_T2_ctrl,89,207,95.9,-1.0361069440841675,0.6840309489811573
UBFC_PHYS_s13_T2_ctrl,89,208,95.93333333333334,-0.9241965413093567,0.9421938426814499
UBFC_PHYS_s13_T2_ctrl,89,209,95.96666666666667,-0.5404877066612244,1.0229751217508098
UBFC_PHYS_s13_T2_ctrl,89,210,96.0,-0.18704161047935486,0.9361450204544217
UBFC_PHYS_s13_T2_ctrl,89,211,96.03333333333333,-0.06647807359695435,0.7317027338575318
UBFC_PHYS_s13_T2_ctrl,89,212,96.06666666666666,-0.1147061213850975,0.4779650893712157
UBFC_PHYS_s13_T2_ctrl,89,213,96.1,-0.2407495081424713,0.2377385208537268
UBFC_PHYS_s13_T2_ctrl,89,214,96.13333333333334,-0.4203525185585022,0.05047495243093903
UBFC_PHYS_s13_T2_ctrl,89,215,96.16666666666667,-0.6255622506141663,-0.0749531253141958
UBFC_PHYS_s13_T2_ctrl,89,216,96.2,-0.7823660373687744,-0.15588203387076743
UBFC_PHYS_s13_T2_ctrl,89,217,96.23333333333333,-0.8374612331390381,-0.2223448245744504
UBFC_PHYS_s13_T2_ctrl,89,218,96.26666666666667,-0.8444041013717651,-0.2998176843398801
UBFC_PHYS_s13_T2_ctrl,89,219,96.3,-0.9158103466033936,-0.39510268385503294
UBFC_PHYS_s13_T2_ctrl,89,220,96.33333333333333,-1.0616610050201416,-0.4912548380328395
UBFC_PHYS_s13_T2_ctrl,89,221,96.36666666666666,-1.152021050453186,-0.5539729254751578
UBFC_PHYS_s13_T2_ctrl,89,222,96.4,-1.0550674200057983,-0.5469858986410546
UBFC_PHYS_s13_T2_ctrl,89,223,96.43333333333334,-0.7861489057540894,-0.4499278029040982
UBFC_PHYS_s13_T2_ctrl,89,224,96.46666666666667,-0.4876958429813385,-0.27101189118752517
UBFC_PHYS_s13_T2_ctrl,89,225,96.5,-0.2913336157798767,-0.04891714719738129
UBFC_PHYS_s13_T2_ctrl,89,226,96.53333333333333,-0.23650863766670227,0.15729796931837067
UBFC_PHYS_s13_T2_ctrl,89,227,96.56666666666666,-0.28301000595092773,0.2865977016132881
UBFC_PHYS_s13_T2_ctrl,89,228,96.6,-0.39220520853996277,0.29576602433609034
UBFC_PHYS_s13_T2_ctrl,89,229,96.63333333333334,-0.5328725576400757,0.1734213835046315
UBFC_PHYS_s13_T2_ctrl,89,230,96.66666666666667,-0.6479364633560181,-0.05617302013000885
UBFC_PHYS_s13_T2_ctrl,89,231,96.7,-0.6802092790603638,-0.3400108487410325
UBFC_PHYS_s13_T2_ctrl,89,232,96.73333333333333,-0.6324228048324585,-0.6113204084972181
UBFC_PHYS_s13_T2_ctrl,89,233,96.76666666666667,-0.551002562046051,-0.807947610094916
UBFC_PHYS_s13_T2_ctrl,89,234,96.8,-0.49849408864974976,-0.8883960430797646
UBFC_PHYS_s13_T2_ctrl,89,235,96.83333333333333,-0.5235769152641296,-0.8402608017162988
UBFC_PHYS_s13_T2_ctrl,89,236,96.86666666666666,-0.5735151171684265,-0.6783973272234955
UBFC_PHYS_s13_T2_ctrl,89,237,96.9,-0.5387774705886841,-0.4344389715034387
UBFC_PHYS_s13_T2_ctrl,89,238,96.93333333333334,-0.43176698684692383,-0.14347605406263805
UBFC_PHYS_s13_T2_ctrl,89,239,96.96666666666667,-0.35491710901260376,0.1649769120365962
UBFC_PHYS_s13_T2_ctrl,90,0,90.0,-1.147269368171692,-0.190276904391961
UBFC_PHYS_s13_T2_ctrl,90,1,90.03333333333333,-1.0755237340927124,-0.13244629423752258
UBFC_PHYS_s13_T2_ctrl,90,2,90.06666666666666,-1.0561679601669312,-0.11963571108020937
UBFC_PHYS_s13_T2_ctrl,90,3,90.1,-0.9358285069465637,-0.18459454034571146
UBFC_PHYS_s13_T2_ctrl,90,4,90.13333333333334,-0.6390065550804138,-0.3308876700678363
UBFC_PHYS_s13_T2_ctrl,90,5,90.16666666666667,-0.216549813747406,-0.5294549117794682
UBFC_PHYS_s13_T2_ctrl,90,6,90.2,0.24654620885849,-0.7252511500601194
UBFC_PHYS_s13_T2_ctrl,90,7,90.23333333333333,0.7223846316337585,-0.8524384207617618
UBFC_PHYS_s13_T2_ctrl,90,8,90.26666666666667,1.2136542797088623,-0.8536915870466746
UBFC_PHYS_s13_T2_ctrl,90,9,90.3,1.6193946599960327,-0.6976497997852439
UBFC_PHYS_s13_T2_ctrl,90,10,90.33333333333333,1.734270691871643,-0.38919841820429907
UBFC_PHYS_s13_T2_ctrl,90,11,90.36666666666666,1.4284464120864868,0.030445995373755627
UBFC_PHYS_s13_T2_ctrl,90,12,90.4,0.7847225666046143,0.49393582922602053
UBFC_PHYS_s13_T2_ctrl,90,13,90.43333333333334,0.051478974521160126,0.9252504424913368
UBFC_PHYS_s13_T2_ctrl,90,14,90.46666666666667,-0.5282790660858154,1.258762688686752
UBFC_PHYS_s13_T2_ctrl,90,15,90.5,-0.8624187707901001,1.453620235460615
UBFC_PHYS_s13_T2_ctrl,90,16,90.53333333333333,-1.0226857662200928,1.499308875251769
UBFC_PHYS_s13_T2_ctrl,90,17,90.56666666666666,-1.161362886428833,1.4120464139196554
UBFC_PHYS_s13_T2_ctrl,90,18,90.6,-1.3630402088165283,1.2250190191947388
UBFC_PHYS_s13_T2_ctrl,90,19,90.63333333333334,-1.541914939880371,0.9769470859252537
UBFC_PHYS_s13_T2_ctrl,90,20,90.66666666666667,-1.5084525346755981,0.7027722212098313
UBFC_PHYS_s13_T2_ctrl,90,21,90.7,-1.2247519493103027,0.42849281649119303
UBFC_PHYS_s13_T2_ctrl,90,22,90.73333333333333,-0.8711246252059937,0.17053785573816643
UBFC_PHYS_s13_T2_ctrl,90,23,90.76666666666667,-0.6153802275657654,-0.06136659961110897
UBFC_PHYS_s13_T2_ctrl,90,24,90.8,-0.48188644647598267,-0.2602025646928742
UBFC_PHYS_s13_T2_ctrl,90,25,90.83333333333333,-0.45742642879486084,-0.4193269694247644
UBFC_PHYS_s13_T2_ctrl,90,26,90.86666666666666,-0.5287601947784424,-0.5334358277227519
UBFC_PHYS_s13_T2_ctrl,90,27,90.9,-0.6358926296234131,-0.6021358905836712
UBFC_PHYS_s13_T2_ctrl,90,28,90.93333333333334,-0.7207266688346863,-0.6333001015550298
UBFC_PHYS_s13_T2_ctrl,90,29,90.96666666666667,-0.7869265675544739,-0.6432373750632125
UBFC_PHYS_s13_T2_ctrl,90,30,91.0,-0.8611336946487427,-0.6530036869141014
UBFC_PHYS_s13_T2_ctrl,90,31,91.03333333333333,-0.9361547231674194,-0.6827507194353122
UBFC_PHYS_s13_T2_ctrl,90,32,91.06666666666666,-0.985572338104248,-0.7465685207675451
UBFC_PHYS_s13_T2_ctrl,90,33,91.1,-1.0028225183486938,-0.8489762649185487
UBFC_PHYS_s13_T2_ctrl,90,34,91.13333333333334,-0.9877042770385742,-0.9826607274505771
UBFC_PHYS_s13_T2_ctrl,90,35,91.16666666666667,-0.9153556227684021,-1.126794076129157
UBFC_PHYS_s13_T2_ctrl,90,36,91.2,-0.7500404715538025,-1.2466861195746635
UBFC_PHYS_s13_T2_ctrl,90,37,91.23333333333333,-0.4948101043701172,-1.2973188419525934
UBFC_PHYS_s13_T2_ctrl,90,38,91.26666666666667,-0.20496730506420135,-1.2333903248414122
UBFC_PHYS_s13_T2_ctrl,90,39,91.3,0.06796468794345856,-1.0253535263693565
UBFC_PHYS_s13_T2_ctrl,90,40,91.33333333333333,0.32940974831581116,-0.6755595649794685
UBFC_PHYS_s13_T2_ctrl,90,41,91.36666666666666,0.5989477038383484,-0.22542452460540302
UBFC_PHYS_s13_T2_ctrl,90,42,91.4,0.8491760492324829,0.25271109154951243
UBFC_PHYS_s13_T2_ctrl,90,43,91.43333333333334,1.0393433570861816,0.6775773225366
UBFC_PHYS_s13_T2_ctrl,90,44,91.46666666666667,1.1969016790390015,0.9851773372460237
UBFC_PHYS_s13_T2_ctrl,90,45,91.5,1.3913757801055908,1.1469178803956965
UBFC_PHYS_s13_T2_ctrl,90,46,91.53333333333333,1.618208408355713,1.1727177966790767
UBFC_PHYS_s13_T2_ctrl,90,47,91.56666666666666,1.8045368194580078,1.1006272796015892
UBFC_PHYS_s13_T2_ctrl,90,48,91.6,1.949303388595581,0.9798357254704216
UBFC_PHYS_s13_T2_ctrl,90,49,91.63333333333334,2.14237380027771,0.8545439583204959
UBFC_PHYS_s13_T2_ctrl,90,50,91.66666666666667,2.4649901390075684,0.7536190308574338
UBFC_PHYS_s13_T2_ctrl,90,51,91.7,2.861912727355957,0.6873764956382178
UBFC_PHYS_s13_T2_ctrl,90,52,91.73333333333333,3.079594612121582,0.6500677449046196
UBFC_PHYS_s13_T2_ctrl,90,53,91.76666666666667,2.903870105743408,0.6256248888421393
UBFC_PHYS_s13_T2_ctrl,90,54,91.8,2.509929656982422,0.5946730238575584
UBFC_PHYS_s13_T2_ctrl,90,55,91.83333333333333,2.2159745693206787,0.5414436258668466
UBFC_PHYS_s13_T2_ctrl,90,56,91.86666666666666,2.043963670730591,0.45912273681672366
UBFC_PHYS_s13_T2_ctrl,90,57,91.9,1.8522377014160156,0.35210850914022646
UBFC_PHYS_s13_T2_ctrl,90,58,91.93333333333334,1.6492818593978882,0.23454387525621395
UBFC_PHYS_s13_T2_ctrl,90,59,91.96666666666667,1.5247377157211304,0.1257856467008284
UBFC_PHYS_s13_T2_ctrl,90,60,92.0,1.4458448886871338,0.04424212839162818
UBFC_PHYS_s13_T2_ctrl,90,61,92.03333333333333,1.2898056507110596,0.0011752859194307519
UBFC_PHYS_s13_T2_ctrl,90,62,92.06666666666666,1.0310461521148682,-0.00404424535928566
UBFC_PHYS_s13_T2_ctrl,90,63,92.1,0.7454771399497986,0.01405062799495287
UBFC_PHYS_s13_T2_ctrl,90,64,92.13333333333334,0.4961978495121002,0.028666712250236273
UBFC_PHYS_s13_T2_ctrl,90,65,92.16666666666667,0.322473406791687,0.006277387371397883
UBFC_PHYS_s13_T2_ctrl,90,66,92.2,0.2735632658004761,-0.08476867373405626
UBFC_PHYS_s13_T2_ctrl,90,67,92.23333333333333,0.3313835561275482,-0.2642632219605328
UBFC_PHYS_s13_T2_ctrl,90,68,92.26666666666667,0.3749258518218994,-0.5309248704128728
UBFC_PHYS_s13_T2_ctrl,90,69,92.3,0.32691529393196106,-0.8563943994095256
UBFC_PHYS_s13_T2_ctrl,90,70,92.33333333333333,0.24391666054725647,-1.1851566972940557
UBFC_PHYS_s13_T2_ctrl,90,71,92.36666666666666,0.17924903333187103,-1.4426165383470886
UBFC_PHYS_s13_T2_ctrl,90,72,92.4,0.08608480542898178,-1.5515760961416822
UBFC_PHYS_s13_T2_ctrl,90,73,92.43333333333334,-0.09010441601276398,-1.4542189160001961
UBFC_PHYS_s13_T2_ctrl,90,74,92.46666666666667,-0.3046526610851288,-1.133572446194115
UBFC_PHYS_s13_T2_ctrl,90,75,92.5,-0.4853364825248718,-0.6267966327743085
UBFC_PHYS_s13_T2_ctrl,90,76,92.53333333333333,-0.6613280177116394,-0.023778421416951984
UBFC_PHYS_s13_T2_ctrl,90,77,92.56666666666666,-0.9110718965530396,0.551225180374055
UBFC_PHYS_s13_T2_ctrl,90,78,92.6,-1.2175651788711548,0.9709034269526691
UBFC_PHYS_s13_T2_ctrl,90,79,92.63333333333334,-1.5026201009750366,1.1397912721174128
UBFC_PHYS_s13_T2_ctrl,90,80,92.66666666666667,-1.7576658725738525,1.0216130699303902
UBFC_PHYS_s13_T2_ctrl,90,81,92.7,-2.0613417625427246,0.6505871852277836
UBFC_PHYS_s13_T2_ctrl,90,82,92.73333333333333,-2.5065088272094727,0.123937741973843
UBFC_PHYS_s13_T2_ctrl,90,83,92.76666666666667,-3.0575990676879883,-0.4213788716691019
UBFC_PHYS_s13_T2_ctrl,90,84,92.8,-3.4124324321746826,-0.8414104021988187
UBFC_PHYS_s13_T2_ctrl,90,85,92.83333333333333,-3.3007097244262695,-1.0201866067962337
UBFC_PHYS_s13_T2_ctrl,90,86,92.86666666666666,-2.854616641998291,-0.8998427758212271
UBFC_PHYS_s13_T2_ctrl,90,87,92.9,-2.3951356410980225,-0.49878023467153554
UBFC_PHYS_s13_T2_ctrl,90,88,92.93333333333334,-2.0325520038604736,0.08889980457609263
UBFC_PHYS_s13_T2_ctrl,90,89,92.96666666666667,-1.7357991933822632,0.7160678534471671
UBFC_PHYS_s13_T2_ctrl,90,90,93.0,-1.4991437196731567,1.2230965730421128
UBFC_PHYS_s13_T2_ctrl,90,91,93.03333333333333,-1.2561779022216797,1.4836457363481013
UBFC_PHYS_s13_T2_ctrl,90,92,93.06666666666666,-0.9257749319076538,1.4393561871312186
UBFC_PHYS_s13_T2_ctrl,90,93,93.1,-0.5631155967712402,1.1113772464469
UBFC_PHYS_s13_T2_ctrl,90,94,93.13333333333334,-0.26143327355384827,0.5874918585269288
UBFC_PHYS_s13_T2_ctrl,90,95,93.16666666666667,0.016978589817881584,-0.006490543057070475
UBFC_PHYS_s13_T2_ctrl,90,96,93.2,0.3713110685348511,-0.5397291473922109
UBFC_PHYS_s13_T2_ctrl,90,97,93.23333333333333,0.7892007231712341,-0.905321230259896
UBFC_PHYS_s13_T2_ctrl,90,98,93.26666666666667,1.1778753995895386,-1.0406034690673711
UBFC_PHYS_s13_T2_ctrl,90,99,93.3,1.524652123451233,-0.9366674272025863
UBFC_PHYS_s13_T2_ctrl,90,100,93.33333333333333,1.907629370689392,-0.6363596627957366
UBFC_PHYS_s13_T2_ctrl,90,101,93.36666666666666,2.397251605987549,-0.22104890225320667
UBFC_PHYS_s13_T2_ctrl,90,102,93.4,2.9242210388183594,0.21186487960876016
UBFC_PHYS_s13_T2_ctrl,90,103,93.43333333333334,3.1978416442871094,0.5754790431991281
UBFC_PHYS_s13_T2_ctrl,90,104,93.46666666666667,2.962557077407837,0.8151534238039709
UBFC_PHYS_s13_T2_ctrl,90,105,93.5,2.3249127864837646,0.9170515042890579
UBFC_PHYS_s13_T2_ctrl,90,106,93.53333333333333,1.6075749397277832,0.9013086127365381
UBFC_PHYS_s13_T2_ctrl,90,107,93.56666666666666,1.0374222993850708,0.8052796277163584
UBFC_PHYS_s13_T2_ctrl,90,108,93.6,0.7347316145896912,0.6655577945156423
UBFC_PHYS_s13_T2_ctrl,90,109,93.63333333333334,0.6968405246734619,0.505838108487382
UBFC_PHYS_s13_T2_ctrl,90,110,93.66666666666667,0.7450290322303772,0.3337444476928671
UBFC_PHYS_s13_T2_ctrl,90,111,93.7,0.7309948801994324,0.14578678189950048
UBFC_PHYS_s13_T2_ctrl,90,112,93.73333333333333,0.6869813799858093,-0.06297641454195775
UBFC_PHYS_s13_T2_ctrl,90,113,93.76666666666667,0.6798308491706848,-0.289101444498871
UBFC_PHYS_s13_T2_ctrl,90,114,93.8,0.6664920449256897,-0.5151613742806078
UBFC_PHYS_s13_T2_ctrl,90,115,93.83333333333333,0.581852376461029,-0.7112159466176394
UBFC_PHYS_s13_T2_ctrl,90,116,93.86666666666666,0.46245864033699036,-0.8432648146668261
UBFC_PHYS_s13_T2_ctrl,90,117,93.9,0.4235756993293762,-0.8857211379922851
UBFC_PHYS_s13_T2_ctrl,90,118,93.93333333333334,0.5094806551933289,-0.8333793429317675
UBFC_PHYS_s13_T2_ctrl,90,119,93.96666666666667,0.5876914262771606,-0.7080218887337623
UBFC_PHYS_s13_T2_ctrl,90,120,94.0,0.48457908630371094,-0.5555857937008915
UBFC_PHYS_s13_T2_ctrl,90,121,94.03333333333333,0.20953819155693054,-0.43270137749027593
UBFC_PHYS_s13_T2_ctrl,90,122,94.06666666666666,-0.08748805522918701,-0.38638704911962796
UBFC_PHYS_s13_T2_ctrl,90,123,94.1,-0.35069602727890015,-0.4347834836154899
UBFC_PHYS_s13_T2_ctrl,90,124,94.13333333333334,-0.5956289768218994,-0.5570872692594709
UBFC_PHYS_s13_T2_ctrl,90,125,94.16666666666667,-0.8231074810028076,-0.6973729336765064
UBFC_PHYS_s13_T2_ctrl,90,126,94.2,-1.0483649969100952,-0.7817638281649082
UBFC_PHYS_s13_T2_ctrl,90,127,94.23333333333333,-1.2730821371078491,-0.7436324366138238
UBFC_PHYS_s13_T2_ctrl,90,128,94.26666666666667,-1.4129817485809326,-0.5486123177257974
UBFC_PHYS_s13_T2_ctrl,90,129,94.3,-1.3921726942062378,-0.21021943218487754
UBFC_PHYS_s13_T2_ctrl,90,130,94.33333333333333,-1.2584317922592163,0.21172107635395024
UBFC_PHYS_s13_T2_ctrl,90,131,94.36666666666666,-1.0997828245162964,0.6315924496813152
UBFC_PHYS_s13_T2_ctrl,90,132,94.4,-0.9517935514450073,0.969218535185885
UBFC_PHYS_s13_T2_ctrl,90,133,94.43333333333334,-0.804568886756897,1.1771418922169656
UBFC_PHYS_s13_T2_ctrl,90,134,94.46666666666667,-0.6133570075035095,1.2523017413369624
UBFC_PHYS_s13_T2_ctrl,90,135,94.5,-0.33344581723213196,1.229461581980613
UBFC_PHYS_s13_T2_ctrl,90,136,94.53333333333333,-0.03808692842721939,1.1617293824418986
UBFC_PHYS_s13_T2_ctrl,90,137,94.56666666666666,0.10893019288778305,1.0971404873653496
UBFC_PHYS_s13_T2_ctrl,90,138,94.6,0.07439026236534119,1.0596408445281436
UBFC_PHYS_s13_T2_ctrl,90,139,94.63333333333334,-0.012457126751542091,1.039981960069734
UBFC_PHYS_s13_T2_ctrl,90,140,94.66666666666667,-0.046469829976558685,0.998973890251994
UBFC_PHYS_s13_T2_ctrl,90,141,94.7,-0.03582314774394035,0.882336047162409
UBFC_PHYS_s13_T2_ctrl,90,142,94.73333333333333,-0.026866886764764786,0.6427827708923911
UBFC_PHYS_s13_T2_ctrl,90,143,94.76666666666667,-0.05904418230056763,0.26209267911188283
UBFC_PHYS_s13_T2_ctrl,90,144,94.8,-0.16335594654083252,-0.2347170809367158
UBFC_PHYS_s13_T2_ctrl,90,145,94.83333333333333,-0.30756229162216187,-0.7786371395017179
UBFC_PHYS_s13_T2_ctrl,90,146,94.86666666666666,-0.38381242752075195,-1.2702428949682534
UBFC_PHYS_s13_T2_ctrl,90,147,94.9,-0.32170185446739197,-1.6039936428646027
UBFC_PHYS_s13_T2_ctrl,90,148,94.93333333333334,-0.1749252825975418,-1.6971116552756
UBFC_PHYS_s13_T2_ctrl,90,149,94.96666666666667,-0.04887529835104942,-1.5159015786530723
UBFC_PHYS_s13_T2_ctrl,90,150,95.0,-0.011722304858267307,-1.0919932121834723
UBFC_PHYS_s13_T2_ctrl,90,151,95.03333333333333,-0.06736776977777481,-0.521776864238602
UBFC_PHYS_s13_T2_ctrl,90,152,95.06666666666666,-0.12459491938352585,0.054380319881556255
UBFC_PHYS_s13_T2_ctrl,90,153,95.1,-0.08670380711555481,0.4897298482015665
UBFC_PHYS_s13_T2_ctrl,90,154,95.13333333333334,0.01646454446017742,0.673769301868866
UBFC_PHYS_s13_T2_ctrl,90,155,95.16666666666667,0.07691765576601028,0.5643926994883965
UBFC_PHYS_s13_T2_ctrl,90,156,95.2,0.08364309370517731,0.19889202769296055
UBFC_PHYS_s13_T2_ctrl,90,157,95.23333333333333,0.11675620824098587,-0.3176697568476386
UBFC_PHYS_s13_T2_ctrl,90,158,95.26666666666667,0.20529402792453766,-0.8410480036035326
UBFC_PHYS_s13_T2_ctrl,90,159,95.3,0.3164663314819336,-1.2245897284305505
UBFC_PHYS_s13_T2_ctrl,90,160,95.33333333333333,0.42877545952796936,-1.3552370154568876
UBFC_PHYS_s13_T2_ctrl,90,161,95.36666666666666,0.512195885181427,-1.1809032368554213
UBFC_PHYS_s13_T2_ctrl,90,162,95.4,0.528045654296875,-0.7229260372577674
UBFC_PHYS_s13_T2_ctrl,90,163,95.43333333333334,0.486137717962265,-0.07016108543064684
UBFC_PHYS_s13_T2_ctrl,90,164,95.46666666666667,0.4349769651889801,0.6439142176913758
UBFC_PHYS_s13_T2_ctrl,90,165,95.5,0.3975372910499573,1.2744096669432534
UBFC_PHYS_s13_T2_ctrl,90,166,95.53333333333333,0.3558962941169739,1.6986086316776614
UBFC_PHYS_s13_T2_ctrl,90,167,95.56666666666666,0.2928696572780609,1.8409328817742785
UBFC_PHYS_s13_T2_ctrl,90,168,95.6,0.23217269778251648,1.6850983451290862
UBFC_PHYS_s13_T2_ctrl,90,169,95.63333333333334,0.2268674671649933,1.2739493298270763
UBFC_PHYS_s13_T2_ctrl,90,170,95.66666666666667,0.3032131791114807,0.6988317176804929
UBFC_PHYS_s13_T2_ctrl,90,171,95.7,0.40730416774749756,0.08019581148378294
UBFC_PHYS_s13_T2_ctrl,90,172,95.73333333333333,0.40418365597724915,-0.4577758743433252
UBFC_PHYS_s13_T2_ctrl,90,173,95.76666666666667,0.19565895199775696,-0.8137278452017209
UBFC_PHYS_s13_T2_ctrl,90,174,95.8,-0.14602667093276978,-0.9309677713332878
UBFC_PHYS_s13_T2_ctrl,90,175,95.83333333333333,-0.5015157461166382,-0.8090644297515154
UBFC_PHYS_s13_T2_ctrl,90,176,95.86666666666666,-0.8337178826332092,-0.5016363261681568
UBFC_PHYS_s13_T2_ctrl,90,177,95.9,-1.0361069440841675,-0.1003044061163892
UBFC_PHYS_s13_T2_ctrl,90,178,95.93333333333334,-0.9241965413093567,0.2907480192449544
UBFC_PHYS_s13_T2_ctrl,90,179,95.96666666666667,-0.5404877066612244,0.5817173302084365
UBFC_PHYS_s13_T2_ctrl,90,180,96.0,-0.18704161047935486,0.7172493484091176
UBFC_PHYS_s13_T2_ctrl,90,181,96.03333333333333,-0.06647807359695435,0.6842774279327263
UBFC_PHYS_s13_T2_ctrl,90,182,96.06666666666666,-0.1147061213850975,0.5074609152257644
UBFC_PHYS_s13_T2_ctrl,90,183,96.1,-0.2407495081424713,0.23637752201730047
UBFC_PHYS_s13_T2_ctrl,90,184,96.13333333333334,-0.4203525185585022,-0.07013513033085299
UBFC_PHYS_s13_T2_ctrl,90,185,96.16666666666667,-0.6255622506141663,-0.3581021327128281
UBFC_PHYS_s13_T2_ctrl,90,186,96.2,-0.7823660373687744,-0.5880871942782466
UBFC_PHYS_s13_T2_ctrl,90,187,96.23333333333333,-0.8374612331390381,-0.739051019113457
UBFC_PHYS_s13_T2_ctrl,90,188,96.26666666666667,-0.8444041013717651,-0.806787150319799
UBFC_PHYS_s13_T2_ctrl,90,189,96.3,-0.9158103466033936,-0.7989094517932075
UBFC_PHYS_s13_T2_ctrl,90,190,96.33333333333333,-1.0616610050201416,-0.7290994346802793
UBFC_PHYS_s13_T2_ctrl,90,191,96.36666666666666,-1.152021050453186,-0.6127829269038167
UBFC_PHYS_s13_T2_ctrl,90,192,96.4,-1.0550674200057983,-0.4648630788339098
UBFC_PHYS_s13_T2_ctrl,90,193,96.43333333333334,-0.7861489057540894,-0.2987955302314956
UBFC_PHYS_s13_T2_ctrl,90,194,96.46666666666667,-0.4876958429813385,-0.12613341919722817
UBFC_PHYS_s13_T2_ctrl,90,195,96.5,-0.2913336157798767,0.043604990005998635
UBFC_PHYS_s13_T2_ctrl,90,196,96.53333333333333,-0.23650863766670227,0.20228070298844103
UBFC_PHYS_s13_T2_ctrl,90,197,96.56666666666666,-0.28301000595092773,0.3415562409489351
UBFC_PHYS_s13_T2_ctrl,90,198,96.6,-0.39220520853996277,0.45145909882649976
UBFC_PHYS_s13_T2_ctrl,90,199,96.63333333333334,-0.5328725576400757,0.5208654195368487
UBFC_PHYS_s13_T2_ctrl,90,200,96.66666666666667,-0.6479364633560181,0.5407764718571448
UBFC_PHYS_s13_T2_ctrl,90,201,96.7,-0.6802092790603638,0.5092228817966423
UBFC_PHYS_s13_T2_ctrl,90,202,96.73333333333333,-0.6324228048324585,0.43492905974348484
UBFC_PHYS_s13_T2_ctrl,90,203,96.76666666666667,-0.551002562046051,0.3368923524682416
UBFC_PHYS_s13_T2_ctrl,90,204,96.8,-0.49849408864974976,0.23912688037497026
UBFC_PHYS_s13_T2_ctrl,90,205,96.83333333333333,-0.5235769152641296,0.1626958874258451
UBFC_PHYS_s13_T2_ctrl,90,206,96.86666666666666,-0.5735151171684265,0.11890988977613717
UBFC_PHYS_s13_T2_ctrl,90,207,96.9,-0.5387774705886841,0.10697497680118946
UBFC_PHYS_s13_T2_ctrl,90,208,96.93333333333334,-0.43176698684692383,0.11669276424269426
UBFC_PHYS_s13_T2_ctrl,90,209,96.96666666666667,-0.35491710901260376,0.13406359648755498
UBFC_PHYS_s13_T2_ctrl,90,210,97.0,-0.2982040345668793,0.14670003238402723
UBFC_PHYS_s13_T2_ctrl,90,211,97.03333333333333,-0.15724670886993408,0.14671341341969596
UBFC_PHYS_s13_T2_ctrl,90,212,97.06666666666666,0.07328967750072479,0.1302101217050115
UBFC_PHYS_s13_T2_ctrl,90,213,97.1,0.3240583837032318,0.09424213930465253
UBFC_PHYS_s13_T2_ctrl,90,214,97.13333333333334,0.577690601348877,0.033572466365840894
UBFC_PHYS_s13_T2_ctrl,90,215,97.16666666666667,0.8686141967773438,-0.059928900030330114
UBFC_PHYS_s13_T2_ctrl,90,216,97.2,1.1576628684997559,-0.19366359412901724
UBFC_PHYS_s13_T2_ctrl,90,217,97.23333333333333,1.2870376110076904,-0.36744079365288174
UBFC_PHYS_s13_T2_ctrl,90,218,97.26666666666667,1.1358554363250732,-0.5669869470056726
UBFC_PHYS_s13_T2_ctrl,90,219,97.3,0.7836253046989441,-0.7621822295653359
UBFC_PHYS_s13_T2_ctrl,90,220,97.33333333333333,0.3959391415119171,-0.9122792530929961
UBFC_PHYS_s13_T2_ctrl,90,221,97.36666666666666,0.060629650950431824,-0.9768534225189606
UBFC_PHYS_s13_T2_ctrl,90,222,97.4,-0.20336255431175232,-0.9284881373117595
UBFC_PHYS_s13_T2_ctrl,90,223,97.43333333333334,-0.42147618532180786,-0.7622667498460883
UBFC_PHYS_s13_T2_ctrl,90,224,97.46666666666667,-0.6594167947769165,-0.49823814946284983
UBFC_PHYS_s13_T2_ctrl,90,225,97.5,-0.9402670860290527,-0.17602194348626196
UBFC_PHYS_s13_T2_ctrl,90,226,97.53333333333333,-1.165946364402771,0.15554822179341518
UBFC_PHYS_s13_T2_ctrl,90,227,97.56666666666666,-1.2109649181365967,0.4489720974312735
UBFC_PHYS_s13_T2_ctrl,90,228,97.6,-1.0766276121139526,0.6655394993236692
UBFC_PHYS_s13_T2_ctrl,90,229,97.63333333333334,-0.8865262269973755,0.779536052318723
UBFC_PHYS_s13_T2_ctrl,90,230,97.66666666666667,-0.739690363407135,0.7809678348475498
UBFC_PHYS_s13_T2_ctrl,90,231,97.7,-0.642061173915863,0.6779310644376838
UBFC_PHYS_s13_T2_ctrl,90,232,97.73333333333333,-0.5745663046836853,0.4973489895023956
UBFC_PHYS_s13_T2_ctrl,90,233,97.76666666666667,-0.5363555550575256,0.281504621776186
UBFC_PHYS_s13_T2_ctrl,90,234,97.8,-0.5168811082839966,0.0795044404865422
UBFC_PHYS_s13_T2_ctrl,90,235,97.83333333333333,-0.4995056986808777,-0.0642157577394571
UBFC_PHYS_s13_T2_ctrl,90,236,97.86666666666666,-0.49000903964042664,-0.12065988565355111
UBFC_PHYS_s13_T2_ctrl,90,237,97.9,-0.4997890889644623,-0.08303821232733129
UBFC_PHYS_s13_T2_ctrl,90,238,97.93333333333334,-0.5178004503250122,0.03216774037569852
UBFC_PHYS_s13_T2_ctrl,90,239,97.96666666666667,-0.5192305445671082,0.18974567826009972
UBFC_PHYS_s13_T2_ctrl,91,0,91.0,-0.8611336946487427,-0.04107634325194658
UBFC_PHYS_s13_T2_ctrl,91,1,91.03333333333333,-0.9361547231674194,-0.3850015636204448
UBFC_PHYS_s13_T2_ctrl,91,2,91.06666666666666,-0.985572338104248,-0.6968452921941303
UBFC_PHYS_s13_T2_ctrl,91,3,91.1,-1.0028225183486938,-0.9449686194910005
UBFC_PHYS_s13_T2_ctrl,91,4,91.13333333333334,-0.9877042770385742,-1.1045013121662468
UBFC_PHYS_s13_T2_ctrl,91,5,91.16666666666667,-0.9153556227684021,-1.1590864257872422
UBFC_PHYS_s13_T2_ctrl,91,6,91.2,-0.7500404715538025,-1.1016644298462086
UBFC_PHYS_s13_T2_ctrl,91,7,91.23333333333333,-0.4948101043701172,-0.9360589615240911
UBFC_PHYS_s13_T2_ctrl,91,8,91.26666666666667,-0.20496730506420135,-0.6801918670713331
UBFC_PHYS_s13_T2_ctrl,91,9,91.3,0.06796468794345856,-0.36924543325755294
UBFC_PHYS_s13_T2_ctrl,91,10,91.33333333333333,0.32940974831581116,-0.055197345419583634
UBFC_PHYS_s13_T2_ctrl,91,11,91.36666666666666,0.5989477038383484,0.20059624743814247
UBFC_PHYS_s13_T2_ctrl,91,12,91.4,0.8491760492324829,0.3423166601298956
UBFC_PHYS_s13_T2_ctrl,91,13,91.43333333333334,1.0393433570861816,0.33819643472292443
UBFC_PHYS_s13_T2_ctrl,91,14,91.46666666666667,1.1969016790390015,0.19490632579161365
UBFC_PHYS_s13_T2_ctrl,91,15,91.5,1.3913757801055908,-0.039768432890838146
UBFC_PHYS_s13_T2_ctrl,91,16,91.53333333333333,1.618208408355713,-0.2883999895485207
UBFC_PHYS_s13_T2_ctrl,91,17,91.56666666666666,1.8045368194580078,-0.46564794974261936
UBFC_PHYS_s13_T2_ctrl,91,18,91.6,1.949303388595581,-0.5030507124724738
UBFC_PHYS_s13_T2_ctrl,91,19,91.63333333333334,2.14237380027771,-0.3694132071525673
UBFC_PHYS_s13_T2_ctrl,91,20,91.66666666666667,2.4649901390075684,-0.08056997189258634
UBFC_PHYS_s13_T2_ctrl,91,21,91.7,2.861912727355957,0.30490972072474243
UBFC_PHYS_s13_T2_ctrl,91,22,91.73333333333333,3.079594612121582,0.7030329695224897
UBFC_PHYS_s13_T2_ctrl,91,23,91.76666666666667,2.903870105743408,1.0289506153195678
UBFC_PHYS_s13_T2_ctrl,91,24,91.8,2.509929656982422,1.2202321793298188
UBFC_PHYS_s13_T2_ctrl,91,25,91.83333333333333,2.2159745693206787,1.2511165622984446
UBFC_PHYS_s13_T2_ctrl,91,26,91.86666666666666,2.043963670730591,1.1343160086827944
UBFC_PHYS_s13_T2_ctrl,91,27,91.9,1.8522377014160156,0.9120917676019674
UBFC_PHYS_s13_T2_ctrl,91,28,91.93333333333334,1.6492818593978882,0.6414410163529988
UBFC_PHYS_s13_T2_ctrl,91,29,91.96666666666667,1.5247377157211304,0.37864751264989804
UBFC_PHYS_s13_T2_ctrl,91,30,92.0,1.4458448886871338,0.16702517457652805
UBFC_PHYS_s13_T2_ctrl,91,31,92.03333333333333,1.2898056507110596,0.029728562971828368
UBFC_PHYS_s13_T2_ctrl,91,32,92.06666666666666,1.0310461521148682,-0.03203067798853113
UBFC_PHYS_s13_T2_ctrl,91,33,92.1,0.7454771399497986,-0.036058857268946976
UBFC_PHYS_s13_T2_ctrl,91,34,92.13333333333334,0.4961978495121002,-0.012990058632577517
UBFC_PHYS_s13_T2_ctrl,91,35,92.16666666666667,0.322473406791687,0.0014694936609456234
UBFC_PHYS_s13_T2_ctrl,91,36,92.2,0.2735632658004761,-0.025474827669723258
UBFC_PHYS_s13_T2_ctrl,91,37,92.23333333333333,0.3313835561275482,-0.11628640328824877
UBFC_PHYS_s13_T2_ctrl,91,38,92.26666666666667,0.3749258518218994,-0.2768622928150048
UBFC_PHYS_s13_T2_ctrl,91,39,92.3,0.32691529393196106,-0.49249931545274933
UBFC_PHYS_s13_T2_ctrl,91,40,92.33333333333333,0.24391666054725647,-0.7276913461092346
UBFC_PHYS_s13_T2_ctrl,91,41,92.36666666666666,0.17924903333187103,-0.9313762615723851
UBFC_PHYS_s13_T2_ctrl,91,42,92.4,0.08608480542898178,-1.0480163396226765
UBFC_PHYS_s13_T2_ctrl,91,43,92.43333333333334,-0.09010441601276398,-1.0327641392929723
UBFC_PHYS_s13_T2_ctrl,91,44,92.46666666666667,-0.3046526610851288,-0.8668405235912533
UBFC_PHYS_s13_T2_ctrl,91,45,92.5,-0.4853364825248718,-0.5680533054235266
UBFC_PHYS_s13_T2_ctrl,91,46,92.53333333333333,-0.6613280177116394,-0.19182950652971487
UBFC_PHYS_s13_T2_ctrl,91,47,92.56666666666666,-0.9110718965530396,0.17949830367275993
UBFC_PHYS_s13_T2_ctrl,91,48,92.6,-1.2175651788711548,0.4575345185428001
UBFC_PHYS_s13_T2_ctrl,91,49,92.63333333333334,-1.5026201009750366,0.5730079833960164
UBFC_PHYS_s13_T2_ctrl,91,50,92.66666666666667,-1.7576658725738525,0.49691723047093656
UBFC_PHYS_s13_T2_ctrl,91,51,92.7,-2.0613417625427246,0.25020721996025924
UBFC_PHYS_s13_T2_ctrl,91,52,92.73333333333333,-2.5065088272094727,-0.10079109507172342
UBFC_PHYS_s13_T2_ctrl,91,53,92.76666666666667,-3.0575990676879883,-0.4607445616094773
UBFC_PHYS_s13_T2_ctrl,91,54,92.8,-3.4124324321746826,-0.7285465779142082
UBFC_PHYS_s13_T2_ctrl,91,55,92.83333333333333,-3.3007097244262695,-0.8223304515803396
UBFC_PHYS_s13_T2_ctrl,91,56,92.86666666666666,-2.854616641998291,-0.7017360957432546
UBFC_PHYS_s13_T2_ctrl,91,57,92.9,-2.3951356410980225,-0.38261131660700964
UBFC_PHYS_s13_T2_ctrl,91,58,92.93333333333334,-2.0325520038604736,0.06140399996734866
UBFC_PHYS_s13_T2_ctrl,91,59,92.96666666666667,-1.7357991933822632,0.5145120061248054
UBFC_PHYS_s13_T2_ctrl,91,60,93.0,-1.4991437196731567,0.8502718925903248
UBFC_PHYS_s13_T2_ctrl,91,61,93.03333333333333,-1.2561779022216797,0.970148249183011
UBFC_PHYS_s13_T2_ctrl,91,62,93.06666666666666,-0.9257749319076538,0.8350600883535069
UBFC_PHYS_s13_T2_ctrl,91,63,93.1,-0.5631155967712402,0.477560518191446
UBFC_PHYS_s13_T2_ctrl,91,64,93.13333333333334,-0.26143327355384827,-0.008855035939242806
UBFC_PHYS_s13_T2_ctrl,91,65,93.16666666666667,0.016978589817881584,-0.49740847722366605
UBFC_PHYS_s13_T2_ctrl,91,66,93.2,0.3713110685348511,-0.862980457307816
UBFC_PHYS_s13_T2_ctrl,91,67,93.23333333333333,0.7892007231712341,-1.0149532753392396
UBFC_PHYS_s13_T2_ctrl,91,68,93.26666666666667,1.1778753995895386,-0.9194011373053793
UBFC_PHYS_s13_T2_ctrl,91,69,93.3,1.524652123451233,-0.6040902845912843
UBFC_PHYS_s13_T2_ctrl,91,70,93.33333333333333,1.907629370689392,-0.1447493841131808
UBFC_PHYS_s13_T2_ctrl,91,71,93.36666666666666,2.397251605987549,0.36191811207959435
UBFC_PHYS_s13_T2_ctrl,91,72,93.4,2.9242210388183594,0.8272745367471659
UBFC_PHYS_s13_T2_ctrl,91,73,93.43333333333334,3.1978416442871094,1.1903452348638155
UBFC_PHYS_s13_T2_ctrl,91,74,93.46666666666667,2.962557077407837,1.4227945191978992
UBFC_PHYS_s13_T2_ctrl,91,75,93.5,2.3249127864837646,1.5223048064393245
UBFC_PHYS_s13_T2_ctrl,91,76,93.53333333333333,1.6075749397277832,1.5017553969977107
UBFC_PHYS_s13_T2_ctrl,91,77,93.56666666666666,1.0374222993850708,1.3806416871827298
UBFC_PHYS_s13_T2_ctrl,91,78,93.6,0.7347316145896912,1.180954423861083
UBFC_PHYS_s13_T2_ctrl,91,79,93.63333333333334,0.6968405246734619,0.9259095512168075
UBFC_PHYS_s13_T2_ctrl,91,80,93.66666666666667,0.7450290322303772,0.6390459449884242
UBFC_PHYS_s13_T2_ctrl,91,81,93.7,0.7309948801994324,0.3426218741242534
UBFC_PHYS_s13_T2_ctrl,91,82,93.73333333333333,0.6869813799858093,0.05581713569350327
UBFC_PHYS_s13_T2_ctrl,91,83,93.76666666666667,0.6798308491706848,-0.20628920351836139
UBFC_PHYS_s13_T2_ctrl,91,84,93.8,0.6664920449256897,-0.4327325523056366
UBFC_PHYS_s13_T2_ctrl,91,85,93.83333333333333,0.581852376461029,-0.616441933236164
UBFC_PHYS_s13_T2_ctrl,91,86,93.86666666666666,0.46245864033699036,-0.7548010737893243
UBFC_PHYS_s13_T2_ctrl,91,87,93.9,0.4235756993293762,-0.8512876469309459
UBFC_PHYS_s13_T2_ctrl,91,88,93.93333333333334,0.5094806551933289,-0.9172585393949653
UBFC_PHYS_s13_T2_ctrl,91,89,93.96666666666667,0.5876914262771606,-0.9718976672903086
UBFC_PHYS_s13_T2_ctrl,91,90,94.0,0.48457908630371094,-1.038233984531849
UBFC_PHYS_s13_T2_ctrl,91,91,94.03333333333333,0.20953819155693054,-1.1346032185398107
UBFC_PHYS_s13_T2_ctrl,91,92,94.06666666666666,-0.08748805522918701,-1.263747479372125
UBFC_PHYS_s13_T2_ctrl,91,93,94.1,-0.35069602727890015,-1.4044122531568963
UBFC_PHYS_s13_T2_ctrl,91,94,94.13333333333334,-0.5956289768218994,-1.51096683908829
UBFC_PHYS_s13_T2_ctrl,91,95,94.16666666666667,-0.8231074810028076,-1.5242253319058332
UBFC_PHYS_s13_T2_ctrl,91,96,94.2,-1.0483649969100952,-1.3917738019116952
UBFC_PHYS_s13_T2_ctrl,91,97,94.23333333333333,-1.2730821371078491,-1.0909358464659908
UBFC_PHYS_s13_T2_ctrl,91,98,94.26666666666667,-1.4129817485809326,-0.6446606644567857
UBFC_PHYS_s13_T2_ctrl,91,99,94.3,-1.3921726942062378,-0.1216144976415986
UBFC_PHYS_s13_T2_ctrl,91,100,94.33333333333333,-1.2584317922592163,0.3829940500068808
UBFC_PHYS_s13_T2_ctrl,91,101,94.36666666666666,-1.0997828245162964,0.7803807971193267
UBFC_PHYS_s13_T2_ctrl,91,102,94.4,-0.9517935514450073,1.0204624299543832
UBFC_PHYS_s13_T2_ctrl,91,103,94.43333333333334,-0.804568886756897,1.1074554100131504
UBFC_PHYS_s13_T2_ctrl,91,104,94.46666666666667,-0.6133570075035095,1.0921459101798314
UBFC_PHYS_s13_T2_ctrl,91,105,94.5,-0.33344581723213196,1.0466902088276469
UBFC_PHYS_s13_T2_ctrl,91,106,94.53333333333333,-0.03808692842721939,1.0342176602803206
UBFC_PHYS_s13_T2_ctrl,91,107,94.56666666666666,0.10893019288778305,1.0848296508585813
UBFC_PHYS_s13_T2_ctrl,91,108,94.6,0.07439026236534119,1.1853154525982694
UBFC_PHYS_s13_T2_ctrl,91,109,94.63333333333334,-0.012457126751542091,1.2846467928541512
UBFC_PHYS_s13_T2_ctrl,91,110,94.66666666666667,-0.046469829976558685,1.3125363827793641
UBFC_PHYS_s13_T2_ctrl,91,111,94.7,-0.03582314774394035,1.2048764677148252
UBFC_PHYS_s13_T2_ctrl,91,112,94.73333333333333,-0.026866886764764786,0.9281417662009618
UBFC_PHYS_s13_T2_ctrl,91,113,94.76666666666667,-0.05904418230056763,0.4951931514121333
UBFC_PHYS_s13_T2_ctrl,91,114,94.8,-0.16335594654083252,-0.03261438369190274
UBFC_PHYS_s13_T2_ctrl,91,115,94.83333333333333,-0.30756229162216187,-0.5581350534771855
UBFC_PHYS_s13_T2_ctrl,91,116,94.86666666666666,-0.38381242752075195,-0.9726806784521375
UBFC_PHYS_s13_T2_ctrl,91,117,94.9,-0.32170185446739197,-1.1851777518437605
UBFC_PHYS_s13_T2_ctrl,91,118,94.93333333333334,-0.1749252825975418,-1.1482257949086445
UBFC_PHYS_s13_T2_ctrl,91,119,94.96666666666667,-0.04887529835104942,-0.8736193858331864
UBFC_PHYS_s13_T2_ctrl,91,120,95.0,-0.011722304858267307,-0.432109962813672
UBFC_PHYS_s13_T2_ctrl,91,121,95.03333333333333,-0.06736776977777481,0.0638015195880762
UBFC_PHYS_s13_T2_ctrl,91,122,95.06666666666666,-0.12459491938352585,0.48981624402494195
UBFC_PHYS_s13_T2_ctrl,91,123,95.1,-0.08670380711555481,0.7432979700753157
UBFC_PHYS_s13_T2_ctrl,91,124,95.13333333333334,0.01646454446017742,0.768988881843622
UBFC_PHYS_s13_T2_ctrl,91,125,95.16666666666667,0.07691765576601028,0.5688165030379155
UBFC_PHYS_s13_T2_ctrl,91,126,95.2,0.08364309370517731,0.19505566372441846
UBFC_PHYS_s13_T2_ctrl,91,127,95.23333333333333,0.11675620824098587,-0.26725378401742655
UBFC_PHYS_s13_T2_ctrl,91,128,95.26666666666667,0.20529402792453766,-0.7212417371526408
UBFC_PHYS_s13_T2_ctrl,91,129,95.3,0.3164663314819336,-1.0775317189674276
UBFC_PHYS_s13_T2_ctrl,91,130,95.33333333333333,0.42877545952796936,-1.2697622120344694
UBFC_PHYS_s13_T2_ctrl,91,131,95.36666666666666,0.512195885181427,-1.2653392387620233
UBFC_PHYS_s13_T2_ctrl,91,132,95.4,0.528045654296875,-1.0702420654096751
UBFC_PHYS_s13_T2_ctrl,91,133,95.43333333333334,0.486137717962265,-0.7265586248929824
UBFC_PHYS_s13_T2_ctrl,91,134,95.46666666666667,0.4349769651889801,-0.30264294910639694
UBFC_PHYS_s13_T2_ctrl,91,135,95.5,0.3975372910499573,0.12206126171766808
UBFC_PHYS_s13_T2_ctrl,91,136,95.53333333333333,0.3558962941169739,0.47374195467207036
UBFC_PHYS_s13_T2_ctrl,91,137,95.56666666666666,0.2928696572780609,0.6984283715017656
UBFC_PHYS_s13_T2_ctrl,91,138,95.6,0.23217269778251648,0.7709592201447033
UBFC_PHYS_s13_T2_ctrl,91,139,95.63333333333334,0.2268674671649933,0.697716212567835
UBFC_PHYS_s13_T2_ctrl,91,140,95.66666666666667,0.3032131791114807,0.5131815984205962
UBFC_PHYS_s13_T2_ctrl,91,141,95.7,0.40730416774749756,0.27102512812655755
UBFC_PHYS_s13_T2_ctrl,91,142,95.73333333333333,0.40418365597724915,0.031358428457135906
UBFC_PHYS_s13_T2_ctrl,91,143,95.76666666666667,0.19565895199775696,-0.1530261391064827
UBFC_PHYS_s13_T2_ctrl,91,144,95.8,-0.14602667093276978,-0.24784850540677697
UBFC_PHYS_s13_T2_ctrl,91,145,95.83333333333333,-0.5015157461166382,-0.24288423547326965
UBFC_PHYS_s13_T2_ctrl,91,146,95.86666666666666,-0.8337178826332092,-0.15076388098209018
UBFC_PHYS_s13_T2_ctrl,91,147,95.9,-1.0361069440841675,-0.000335878563011335
UBFC_PHYS_s13_T2_ctrl,91,148,95.93333333333334,-0.9241965413093567,0.1725663454455975
UBFC_PHYS_s13_T2_ctrl,91,149,95.96666666666667,-0.5404877066612244,0.3338061828293379
UBFC_PHYS_s13_T2_ctrl,91,150,96.0,-0.18704161047935486,0.4566593958007585
UBFC_PHYS_s13_T2_ctrl,91,151,96.03333333333333,-0.06647807359695435,0.5237098636646608
UBFC_PHYS_s13_T2_ctrl,91,152,96.06666666666666,-0.1147061213850975,0.525924069503578
UBFC_PHYS_s13_T2_ctrl,91,153,96.1,-0.2407495081424713,0.4609395832666263
UBFC_PHYS_s13_T2_ctrl,91,154,96.13333333333334,-0.4203525185585022,0.33217124998523045
UBFC_PHYS_s13_T2_ctrl,91,155,96.16666666666667,-0.6255622506141663,0.14910530378795941
UBFC_PHYS_s13_T2_ctrl,91,156,96.2,-0.7823660373687744,-0.07184986234566804
UBFC_PHYS_s13_T2_ctrl,91,157,96.23333333333333,-0.8374612331390381,-0.3070127296113571
UBFC_PHYS_s13_T2_ctrl,91,158,96.26666666666667,-0.8444041013717651,-0.5265942591942028
UBFC_PHYS_s13_T2_ctrl,91,159,96.3,-0.9158103466033936,-0.6980459506180082
UBFC_PHYS_s13_T2_ctrl,91,160,96.33333333333333,-1.0616610050201416,-0.7916484202137778
UBFC_PHYS_s13_T2_ctrl,91,161,96.36666666666666,-1.152021050453186,-0.7874355466024336
UBFC_PHYS_s13_T2_ctrl,91,162,96.4,-1.0550674200057983,-0.6814078862185279
UBFC_PHYS_s13_T2_ctrl,91,163,96.43333333333334,-0.7861489057540894,-0.4884387035105418
UBFC_PHYS_s13_T2_ctrl,91,164,96.46666666666667,-0.4876958429813385,-0.24000211535021437
UBFC_PHYS_s13_T2_ctrl,91,165,96.5,-0.2913336157798767,0.023245950045748
UBFC_PHYS_s13_T2_ctrl,91,166,96.53333333333333,-0.23650863766670227,0.26176571967970436
UBFC_PHYS_s13_T2_ctrl,91,167,96.56666666666666,-0.28301000595092773,0.44673308624020563
UBFC_PHYS_s13_T2_ctrl,91,168,96.6,-0.39220520853996277,0.5657599569132886
UBFC_PHYS_s13_T2_ctrl,91,169,96.63333333333334,-0.5328725576400757,0.623184586913544
UBFC_PHYS_s13_T2_ctrl,91,170,96.66666666666667,-0.6479364633560181,0.6352682641787526
UBFC_PHYS_s13_T2_ctrl,91,171,96.7,-0.6802092790603638,0.6221707736095796
UBFC_PHYS_s13_T2_ctrl,91,172,96.73333333333333,-0.6324228048324585,0.5994608077620674
UBFC_PHYS_s13_T2_ctrl,91,173,96.76666666666667,-0.551002562046051,0.5719697239550621
UBFC_PHYS_s13_T2_ctrl,91,174,96.8,-0.49849408864974976,0.5320385987063984
UBFC_PHYS_s13_T2_ctrl,91,175,96.83333333333333,-0.5235769152641296,0.46293143209458004
UBFC_PHYS_s13_T2_ctrl,91,176,96.86666666666666,-0.5735151171684265,0.346689456597705
UBFC_PHYS_s13_T2_ctrl,91,177,96.9,-0.5387774705886841,0.17408148656117617
UBFC_PHYS_s13_T2_ctrl,91,178,96.93333333333334,-0.43176698684692383,-0.047085575608242204
UBFC_PHYS_s13_T2_ctrl,91,179,96.96666666666667,-0.35491710901260376,-0.28926297664596834
UBFC_PHYS_s13_T2_ctrl,91,180,97.0,-0.2982040345668793,-0.5104091882482459
UBFC_PHYS_s13_T2_ctrl,91,181,97.03333333333333,-0.15724670886993408,-0.6664406268450312
UBFC_PHYS_s13_T2_ctrl,91,182,97.06666666666666,0.07328967750072479,-0.7267793970680969
UBFC_PHYS_s13_T2_ctrl,91,183,97.1,0.3240583837032318,-0.6868413218331504
UBFC_PHYS_s13_T2_ctrl,91,184,97.13333333333334,0.577690601348877,-0.5717873261105094
UBFC_PHYS_s13_T2_ctrl,91,185,97.16666666666667,0.8686141967773438,-0.42913156586660384
UBFC_PHYS_s13_T2_ctrl,91,186,97.2,1.1576628684997559,-0.3126633388183343
UBFC_PHYS_s13_T2_ctrl,91,187,97.23333333333333,1.2870376110076904,-0.2639174546464057
UBFC_PHYS_s13_T2_ctrl,91,188,97.26666666666667,1.1358554363250732,-0.29803784587056575
UBFC_PHYS_s13_T2_ctrl,91,189,97.3,0.7836253046989441,-0.39872546240833534
UBFC_PHYS_s13_T2_ctrl,91,190,97.33333333333333,0.3959391415119171,-0.5236142865390059
UBFC_PHYS_s13_T2_ctrl,91,191,97.36666666666666,0.060629650950431824,-0.6179970348305618
UBFC_PHYS_s13_T2_ctrl,91,192,97.4,-0.20336255431175232,-0.6321387047074587
UBFC_PHYS_s13_T2_ctrl,91,193,97.43333333333334,-0.42147618532180786,-0.5363046095098255
UBFC_PHYS_s13_T2_ctrl,91,194,97.46666666666667,-0.6594167947769165,-0.3286139233267592
UBFC_PHYS_s13_T2_ctrl,91,195,97.5,-0.9402670860290527,-0.033775030057805744
UBFC_PHYS_s13_T2_ctrl,91,196,97.53333333333333,-1.165946364402771,0.3054527400917121
UBFC_PHYS_s13_T2_ctrl,91,197,97.56666666666666,-1.2109649181365967,0.6397255701644737
UBFC_PHYS_s13_T2_ctrl,91,198,97.6,-1.0766276121139526,0.9233527114360686
UBFC_PHYS_s13_T2_ctrl,91,199,97.63333333333334,-0.8865262269973755,1.1212030567623945
UBFC_PHYS_s13_T2_ctrl,91,200,97.66666666666667,-0.739690363407135,1.212276023631303
UBFC_PHYS_s13_T2_ctrl,91,201,97.7,-0.642061173915863,1.1907859961001437
UBFC_PHYS_s13_T2_ctrl,91,202,97.73333333333333,-0.5745663046836853,1.0651714694641488
UBFC_PHYS_s13_T2_ctrl,91,203,97.76666666666667,-0.5363555550575256,0.8550667084758685
UBFC_PHYS_s13_T2_ctrl,91,204,97.8,-0.5168811082839966,0.5869454991848347
UBFC_PHYS_s13_T2_ctrl,91,205,97.83333333333333,-0.4995056986808777,0.2898789598018333
UBFC_PHYS_s13_T2_ctrl,91,206,97.86666666666666,-0.49000903964042664,-0.0075320876030151905
UBFC_PHYS_s13_T2_ctrl,91,207,97.9,-0.4997890889644623,-0.2789765706780757
UBFC_PHYS_s13_T2_ctrl,91,208,97.93333333333334,-0.5178004503250122,-0.5015254641452204
UBFC_PHYS_s13_T2_ctrl,91,209,97.96666666666667,-0.5192305445671082,-0.6566180077248225
UBFC_PHYS_s13_T2_ctrl,91,210,98.0,-0.4923057556152344,-0.7314654630367998
UBFC_PHYS_s13_T2_ctrl,91,211,98.03333333333333,-0.4424498975276947,-0.7211417338470076
UBFC_PHYS_s13_T2_ctrl,91,212,98.06666666666666,-0.3802866041660309,-0.6310912812216367
UBFC_PHYS_s13_T2_ctrl,91,213,98.1,-0.3112034499645233,-0.4788599862200066
UBFC_PHYS_s13_T2_ctrl,91,214,98.13333333333334,-0.2370457500219345,-0.29301002594367387
UBFC_PHYS_s13_T2_ctrl,91,215,98.16666666666667,-0.15474897623062134,-0.10772717672453988
UBFC_PHYS_s13_T2_ctrl,91,216,98.2,-0.05717582255601883,0.04595406170594614
UBFC_PHYS_s13_T2_ctrl,91,217,98.23333333333333,0.06146003305912018,0.14884146007146035
UBFC_PHYS_s13_T2_ctrl,91,218,98.26666666666667,0.20196260511875153,0.19816343738491626
UBFC_PHYS_s13_T2_ctrl,91,219,98.3,0.35602807998657227,0.20582950424793772
UBFC_PHYS_s13_T2_ctrl,91,220,98.33333333333333,0.5046960711479187,0.19129236751400636
UBFC_PHYS_s13_T2_ctrl,91,221,98.36666666666666,0.6262844204902649,0.17250748560099619
UBFC_PHYS_s13_T2_ctrl,91,222,98.4,0.7117478251457214,0.15906270982757587
UBFC_PHYS_s13_T2_ctrl,91,223,98.43333333333334,0.7639696002006531,0.1500913242831742
UBFC_PHYS_s13_T2_ctrl,91,224,98.46666666666667,0.77928227186203,0.13709434335605006
UBFC_PHYS_s13_T2_ctrl,91,225,98.5,0.7473850250244141,0.10964167234644209
UBFC_PHYS_s13_T2_ctrl,91,226,98.53333333333333,0.6842002272605896,0.06108646348502161
UBFC_PHYS_s13_T2_ctrl,91,227,98.56666666666666,0.6408523321151733,-0.008024949180020113
UBFC_PHYS_s13_T2_ctrl,91,228,98.6,0.647946834564209,-0.08979670712593683
UBFC_PHYS_s13_T2_ctrl,91,229,98.63333333333334,0.6921053528785706,-0.1715514296651554
UBFC_PHYS_s13_T2_ctrl,91,230,98.66666666666667,0.7653272151947021,-0.23964030810392709
UBFC_PHYS_s13_T2_ctrl,91,231,98.7,0.9015790224075317,-0.28297912537010417
UBFC_PHYS_s13_T2_ctrl,91,232,98.73333333333333,1.12248694896698,-0.29551585579376155
UBFC_PHYS_s13_T2_ctrl,91,233,98.76666666666667,1.3844329118728638,-0.27747111316737544
UBFC_PHYS_s13_T2_ctrl,91,234,98.8,1.6299128532409668,-0.23518494171934198
UBFC_PHYS_s13_T2_ctrl,91,235,98.83333333333333,1.865517258644104,-0.17929700428830725
UBFC_PHYS_s13_T2_ctrl,91,236,98.86666666666666,2.1538047790527344,-0.12145401578783095
UBFC_PHYS_s13_T2_ctrl,91,237,98.9,2.538745880126953,-0.07054437764160552
UBFC_PHYS_s13_T2_ctrl,91,238,98.93333333333334,2.9020774364471436,-0.02994947610574319
UBFC_PHYS_s13_T2_ctrl,91,239,98.96666666666667,2.9706268310546875,0.002930111507543174
UBFC_PHYS_s13_T2_ctrl,92,0,92.0,1.4458448886871338,0.029930055303523086
UBFC_PHYS_s13_T2_ctrl,92,1,92.03333333333333,1.2898056507110596,-0.18450461196276816
UBFC_PHYS_s13_T2_ctrl,92,2,92.06666666666666,1.0310461521148682,-0.3726030673893735
UBFC_PHYS_s13_T2_ctrl,92,3,92.1,0.7454771399497986,-0.5147675838336361
UBFC_PHYS_s13_T2_ctrl,92,4,92.13333333333334,0.4961978495121002,-0.6020633168333449
UBFC_PHYS_s13_T2_ctrl,92,5,92.16666666666667,0.322473406791687,-0.638970691034517
UBFC_PHYS_s13_T2_ctrl,92,6,92.2,0.2735632658004761,-0.6420471976369739
UBFC_PHYS_s13_T2_ctrl,92,7,92.23333333333333,0.3313835561275482,-0.6340761153377099
UBFC_PHYS_s13_T2_ctrl,92,8,92.26666666666667,0.3749258518218994,-0.635056326439298
UBFC_PHYS_s13_T2_ctrl,92,9,92.3,0.32691529393196106,-0.6529315498308434
UBFC_PHYS_s13_T2_ctrl,92,10,92.33333333333333,0.24391666054725647,-0.6777796172058353
UBFC_PHYS_s13_T2_ctrl,92,11,92.36666666666666,0.17924903333187103,-0.6826037427876729
UBFC_PHYS_s13_T2_ctrl,92,12,92.4,0.08608480542898178,-0.6316896439044073
UBFC_PHYS_s13_T2_ctrl,92,13,92.43333333333334,-0.09010441601276398,-0.49457485528499473
UBFC_PHYS_s13_T2_ctrl,92,14,92.46666666666667,-0.3046526610851288,-0.26117986576018587
UBFC_PHYS_s13_T2_ctrl,92,15,92.5,-0.4853364825248718,0.047802455653348244
UBFC_PHYS_s13_T2_ctrl,92,16,92.53333333333333,-0.6613280177116394,0.38083217488315746
UBFC_PHYS_s13_T2_ctrl,92,17,92.56666666666666,-0.9110718965530396,0.6679009452917027
UBFC_PHYS_s13_T2_ctrl,92,18,92.6,-1.2175651788711548,0.8414684583072587
UBFC_PHYS_s13_T2_ctrl,92,19,92.63333333333334,-1.5026201009750366,0.8575390608943381
UBFC_PHYS_s13_T2_ctrl,92,20,92.66666666666667,-1.7576658725738525,0.7089468739409975
UBFC_PHYS_s13_T2_ctrl,92,21,92.7,-2.0613417625427246,0.4272193204249401
UBFC_PHYS_s13_T2_ctrl,92,22,92.73333333333333,-2.5065088272094727,0.07411018179941659
UBFC_PHYS_s13_T2_ctrl,92,23,92.76666666666667,-3.0575990676879883,-0.2733445480144332
UBFC_PHYS_s13_T2_ctrl,92,24,92.8,-3.4124324321746826,-0.5401582438096431
UBFC_PHYS_s13_T2_ctrl,92,25,92.83333333333333,-3.3007097244262695,-0.6700261580911347
UBFC_PHYS_s13_T2_ctrl,92,26,92.86666666666666,-2.854616641998291,-0.6387725442750362
UBFC_PHYS_s13_T2_ctrl,92,27,92.9,-2.3951356410980225,-0.46185875567735646
UBFC_PHYS_s13_T2_ctrl,92,28,92.93333333333334,-2.0325520038604736,-0.1928485620528427
UBFC_PHYS_s13_T2_ctrl,92,29,92.96666666666667,-1.7357991933822632,0.08918926736939913
UBFC_PHYS_s13_T2_ctrl,92,30,93.0,-1.4991437196731567,0.30194028060945854
UBFC_PHYS_s13_T2_ctrl,92,31,93.03333333333333,-1.2561779022216797,0.3855007933882451
UBFC_PHYS_s13_T2_ctrl,92,32,93.06666666666666,-0.9257749319076538,0.32157872393175047
UBFC_PHYS_s13_T2_ctrl,92,33,93.1,-0.5631155967712402,0.13781827893833715
UBFC_PHYS_s13_T2_ctrl,92,34,93.13333333333334,-0.26143327355384827,-0.10399336929461904
UBFC_PHYS_s13_T2_ctrl,92,35,93.16666666666667,0.016978589817881584,-0.3294551205995437
UBFC_PHYS_s13_T2_ctrl,92,36,93.2,0.3713110685348511,-0.4738325256327812
UBFC_PHYS_s13_T2_ctrl,92,37,93.23333333333333,0.7892007231712341,-0.49826428936493455
UBFC_PHYS_s13_T2_ctrl,92,38,93.26666666666667,1.1778753995895386,-0.3968016659260155
UBFC_PHYS_s13_T2_ctrl,92,39,93.3,1.524652123451233,-0.19420471784553642
UBFC_PHYS_s13_T2_ctrl,92,40,93.33333333333333,1.907629370689392,0.06391129765936197
UBFC_PHYS_s13_T2_ctrl,92,41,93.36666666666666,2.397251605987549,0.3257011624335611
UBFC_PHYS_s13_T2_ctrl,92,42,93.4,2.9242210388183594,0.5480326871361658
UBFC_PHYS_s13_T2_ctrl,92,43,93.43333333333334,3.1978416442871094,0.7067257396444082
UBFC_PHYS_s13_T2_ctrl,92,44,93.46666666666667,2.962557077407837,0.7988330103576656
UBFC_PHYS_s13_T2_ctrl,92,45,93.5,2.3249127864837646,0.8370818540182252
UBFC_PHYS_s13_T2_ctrl,92,46,93.53333333333333,1.6075749397277832,0.8397638536681477
UBFC_PHYS_s13_T2_ctrl,92,47,93.56666666666666,1.0374222993850708,0.8207887782924954
UBFC_PHYS_s13_T2_ctrl,92,48,93.6,0.7347316145896912,0.7837919639531236
UBFC_PHYS_s13_T2_ctrl,92,49,93.63333333333334,0.6968405246734619,0.7219758487922973
UBFC_PHYS_s13_T2_ctrl,92,50,93.66666666666667,0.7450290322303772,0.6230716068540967
UBFC_PHYS_s13_T2_ctrl,92,51,93.7,0.7309948801994324,0.4770964025729674
UBFC_PHYS_s13_T2_ctrl,92,52,93.73333333333333,0.6869813799858093,0.28371100240820685
UBFC_PHYS_s13_T2_ctrl,92,53,93.76666666666667,0.6798308491706848,0.0561565025888208
UBFC_PHYS_s13_T2_ctrl,92,54,93.8,0.6664920449256897,-0.1800275765692455
UBFC_PHYS_s13_T2_ctrl,92,55,93.83333333333333,0.581852376461029,-0.39339118195701445
UBFC_PHYS_s13_T2_ctrl,92,56,93.86666666666666,0.46245864033699036,-0.5560144445834715
UBFC_PHYS_s13_T2_ctrl,92,57,93.9,0.4235756993293762,-0.6527784080733795
UBFC_PHYS_s13_T2_ctrl,92,58,93.93333333333334,0.5094806551933289,-0.6872817351955757
UBFC_PHYS_s13_T2_ctrl,92,59,93.96666666666667,0.5876914262771606,-0.6821360876524547
UBFC_PHYS_s13_T2_ctrl,92,60,94.0,0.48457908630371094,-0.6727270719534618
UBFC_PHYS_s13_T2_ctrl,92,61,94.03333333333333,0.20953819155693054,-0.695379361963204
UBFC_PHYS_s13_T2_ctrl,92,62,94.06666666666666,-0.08748805522918701,-0.7731128056293037
UBFC_PHYS_s13_T2_ctrl,92,63,94.1,-0.35069602727890015,-0.9039279144067328
UBFC_PHYS_s13_T2_ctrl,92,64,94.13333333333334,-0.5956289768218994,-1.0567246976385087
UBFC_PHYS_s13_T2_ctrl,92,65,94.16666666666667,-0.8231074810028076,-1.1780199524371824
UBFC_PHYS_s13_T2_ctrl,92,66,94.2,-1.0483649969100952,-1.2088632501015464
UBFC_PHYS_s13_T2_ctrl,92,67,94.23333333333333,-1.2730821371078491,-1.1068803595336605
UBFC_PHYS_s13_T2_ctrl,92,68,94.26666666666667,-1.4129817485809326,-0.8649799700190387
UBFC_PHYS_s13_T2_ctrl,92,69,94.3,-1.3921726942062378,-0.5179368213616278
UBFC_PHYS_s13_T2_ctrl,92,70,94.33333333333333,-1.2584317922592163,-0.13200408867401067
UBFC_PHYS_s13_T2_ctrl,92,71,94.36666666666666,-1.0997828245162964,0.21963579077841774
UBFC_PHYS_s13_T2_ctrl,92,72,94.4,-0.9517935514450073,0.48468762823523265
UBFC_PHYS_s13_T2_ctrl,92,73,94.43333333333334,-0.804568886756897,0.6494043867055075
UBFC_PHYS_s13_T2_ctrl,92,74,94.46666666666667,-0.6133570075035095,0.7385969103845909
UBFC_PHYS_s13_T2_ctrl,92,75,94.5,-0.33344581723213196,0.7999238423403389
UBFC_PHYS_s13_T2_ctrl,92,76,94.53333333333333,-0.03808692842721939,0.8806609912275383
UBFC_PHYS_s13_T2_ctrl,92,77,94.56666666666666,0.10893019288778305,1.0065578718720323
UBFC_PHYS_s13_T2_ctrl,92,78,94.6,0.07439026236534119,1.1703026108217058
UBFC_PHYS_s13_T2_ctrl,92,79,94.63333333333334,-0.012457126751542091,1.3329851399934676
UBFC_PHYS_s13_T2_ctrl,92,80,94.66666666666667,-0.046469829976558685,1.437224187940158
UBFC_PHYS_s13_T2_ctrl,92,81,94.7,-0.03582314774394035,1.4269210130807748
UBFC_PHYS_s13_T2_ctrl,92,82,94.73333333333333,-0.026866886764764786,1.26701385874488
UBFC_PHYS_s13_T2_ctrl,92,83,94.76666666666667,-0.05904418230056763,0.9571794143092324
UBFC_PHYS_s13_T2_ctrl,92,84,94.8,-0.16335594654083252,0.5355362364512002
UBFC_PHYS_s13_T2_ctrl,92,85,94.83333333333333,-0.30756229162216187,0.07122523010313292
UBFC_PHYS_s13_T2_ctrl,92,86,94.86666666666666,-0.38381242752075195,-0.3524059410295662
UBFC_PHYS_s13_T2_ctrl,92,87,94.9,-0.32170185446739197,-0.6597641455976584
UBFC_PHYS_s13_T2_ctrl,92,88,94.93333333333334,-0.1749252825975418,-0.8040511982916394
UBFC_PHYS_s13_T2_ctrl,92,89,94.96666666666667,-0.04887529835104942,-0.7808917368747825
UBFC_PHYS_s13_T2_ctrl,92,90,95.0,-0.011722304858267307,-0.6296436132499539
UBFC_PHYS_s13_T2_ctrl,92,91,95.03333333333333,-0.06736776977777481,-0.4211325720234986
UBFC_PHYS_s13_T2_ctrl,92,92,95.06666666666666,-0.12459491938352585,-0.23537899598476994
UBFC_PHYS_s13_T2_ctrl,92,93,95.1,-0.08670380711555481,-0.1369794126041821
UBFC_PHYS_s13_T2_ctrl,92,94,95.13333333333334,0.01646454446017742,-0.157060621473992
UBFC_PHYS_s13_T2_ctrl,92,95,95.16666666666667,0.07691765576601028,-0.2878628782012339
UBFC_PHYS_s13_T2_ctrl,92,96,95.2,0.08364309370517731,-0.49002641380243056
UBFC_PHYS_s13_T2_ctrl,92,97,95.23333333333333,0.11675620824098587,-0.7075258418635856
UBFC_PHYS_s13_T2_ctrl,92,98,95.26666666666667,0.20529402792453766,-0.8840854095715079
UBFC_PHYS_s13_T2_ctrl,92,99,95.3,0.3164663314819336,-0.9767304758230627
UBFC_PHYS_s13_T2_ctrl,92,100,95.33333333333333,0.42877545952796936,-0.9642250335380502
UBFC_PHYS_s13_T2_ctrl,92,101,95.36666666666666,0.512195885181427,-0.8494480206888867
UBFC_PHYS_s13_T2_ctrl,92,102,95.4,0.528045654296875,-0.6555825946611131
UBFC_PHYS_s13_T2_ctrl,92,103,95.43333333333334,0.486137717962265,-0.4171311395090466
UBFC_PHYS_s13_T2_ctrl,92,104,95.46666666666667,0.4349769651889801,-0.16853875995361758
UBFC_PHYS_s13_T2_ctrl,92,105,95.5,0.3975372910499573,0.06531171440631943
UBFC_PHYS_s13_T2_ctrl,92,106,95.53333333333333,0.3558962941169739,0.2727030549609728
UBFC_PHYS_s13_T2_ctrl,92,107,95.56666666666666,0.2928696572780609,0.45158411734441706
UBFC_PHYS_s13_T2_ctrl,92,108,95.6,0.23217269778251648,0.602131513397025
UBFC_PHYS_s13_T2_ctrl,92,109,95.63333333333334,0.2268674671649933,0.7207753809759851
UBFC_PHYS_s13_T2_ctrl,92,110,95.66666666666667,0.3032131791114807,0.7989599134609935
UBFC_PHYS_s13_T2_ctrl,92,111,95.7,0.40730416774749756,0.8260803816622795
UBFC_PHYS_s13_T2_ctrl,92,112,95.73333333333333,0.40418365597724915,0.7941233857132343
UBFC_PHYS_s13_T2_ctrl,92,113,95.76666666666667,0.19565895199775696,0.7017931549878478
UBFC_PHYS_s13_T2_ctrl,92,114,95.8,-0.14602667093276978,0.5568727425888913
UBFC_PHYS_s13_T2_ctrl,92,115,95.83333333333333,-0.5015157461166382,0.37637672304027364
UBFC_PHYS_s13_T2_ctrl,92,116,95.86666666666666,-0.8337178826332092,0.1844904507796456
UBFC_PHYS_s13_T2_ctrl,92,117,95.9,-1.0361069440841675,0.00853233803858228
UBFC_PHYS_s13_T2_ctrl,92,118,95.93333333333334,-0.9241965413093567,-0.12649499422036142
UBFC_PHYS_s13_T2_ctrl,92,119,95.96666666666667,-0.5404877066612244,-0.20369332884528313
UBFC_PHYS_s13_T2_ctrl,92,120,96.0,-0.18704161047935486,-0.21882315672762623
UBFC_PHYS_s13_T2_ctrl,92,121,96.03333333333333,-0.06647807359695435,-0.18193878894354573
UBFC_PHYS_s13_T2_ctrl,92,122,96.06666666666666,-0.1147061213850975,-0.11502797003749743
UBFC_PHYS_s13_T2_ctrl,92,123,96.1,-0.2407495081424713,-0.045885863190786455
UBFC_PHYS_s13_T2_ctrl,92,124,96.13333333333334,-0.4203525185585022,1.1540395099328242e-05
UBFC_PHYS_s13_T2_ctrl,92,125,96.16666666666667,-0.6255622506141663,0.006958119275801041
UBFC_PHYS_s13_T2_ctrl,92,126,96.2,-0.7823660373687744,-0.026617066783468347
UBFC_PHYS_s13_T2_ctrl,92,127,96.23333333333333,-0.8374612331390381,-0.08817525377966004
UBFC_PHYS_s13_T2_ctrl,92,128,96.26666666666667,-0.8444041013717651,-0.1554806515039246
UBFC_PHYS_s13_T2_ctrl,92,129,96.3,-0.9158103466033936,-0.2041452212159032
UBFC_PHYS_s13_T2_ctrl,92,130,96.33333333333333,-1.0616610050201416,-0.21600544928100815
UBFC_PHYS_s13_T2_ctrl,92,131,96.36666666666666,-1.152021050453186,-0.18553884807282792
UBFC_PHYS_s13_T2_ctrl,92,132,96.4,-1.0550674200057983,-0.12192389967626036
UBFC_PHYS_s13_T2_ctrl,92,133,96.43333333333334,-0.7861489057540894,-0.04568457133674038
UBFC_PHYS_s13_T2_ctrl,92,134,96.46666666666667,-0.4876958429813385,0.019159585012630636
UBFC_PHYS_s13_T2_ctrl,92,135,96.5,-0.2913336157798767,0.05453781157547463
UBFC_PHYS_s13_T2_ctrl,92,136,96.53333333333333,-0.23650863766670227,0.055391625749090456
UBFC_PHYS_s13_T2_ctrl,92,137,96.56666666666666,-0.28301000595092773,0.031144293280986165
UBFC_PHYS_s13_T2_ctrl,92,138,96.6,-0.39220520853996277,0.0009924659401451099
UBFC_PHYS_s13_T2_ctrl,92,139,96.63333333333334,-0.5328725576400757,-0.014608413708822019
UBFC_PHYS_s13_T2_ctrl,92,140,96.66666666666667,-0.6479364633560181,-0.002387123141588833
UBFC_PHYS_s13_T2_ctrl,92,141,96.7,-0.6802092790603638,0.038720437954940866
UBFC_PHYS_s13_T2_ctrl,92,142,96.73333333333333,-0.6324228048324585,0.09734908217266536
UBFC_PHYS_s13_T2_ctrl,92,143,96.76666666666667,-0.551002562046051,0.15363215233441552
UBFC_PHYS_s13_T2_ctrl,92,144,96.8,-0.49849408864974976,0.18560027240600285
UBFC_PHYS_s13_T2_ctrl,92,145,96.83333333333333,-0.5235769152641296,0.17619509335296446
UBFC_PHYS_s13_T2_ctrl,92,146,96.86666666666666,-0.5735151171684265,0.11910816548279651
UBFC_PHYS_s13_T2_ctrl,92,147,96.9,-0.5387774705886841,0.02180663425034976
UBFC_PHYS_s13_T2_ctrl,92,148,96.93333333333334,-0.43176698684692383,-0.0954580949609018
UBFC_PHYS_s13_T2_ctrl,92,149,96.96666666666667,-0.35491710901260376,-0.20489531700765068
UBFC_PHYS_s13_T2_ctrl,92,150,97.0,-0.2982040345668793,-0.27945471235162905
UBFC_PHYS_s13_T2_ctrl,92,151,97.03333333333333,-0.15724670886993408,-0.30156879873777664
UBFC_PHYS_s13_T2_ctrl,92,152,97.06666666666666,0.07328967750072479,-0.26927243976183496
UBFC_PHYS_s13_T2_ctrl,92,153,97.1,0.3240583837032318,-0.19732785718764811
UBFC_PHYS_s13_T2_ctrl,92,154,97.13333333333334,0.577690601348877,-0.1127307941384883
UBFC_PHYS_s13_T2_ctrl,92,155,97.16666666666667,0.8686141967773438,-0.045907810505096604
UBFC_PHYS_s13_T2_ctrl,92,156,97.2,1.1576628684997559,-0.020261281634815522
UBFC_PHYS_s13_T2_ctrl,92,157,97.23333333333333,1.2870376110076904,-0.043435994223094326
UBFC_PHYS_s13_T2_ctrl,92,158,97.26666666666667,1.1358554363250732,-0.10373046951461642
UBFC_PHYS_s13_T2_ctrl,92,159,97.3,0.7836253046989441,-0.17376733801516
UBFC_PHYS_s13_T2_ctrl,92,160,97.33333333333333,0.3959391415119171,-0.22068208353774765
UBFC_PHYS_s13_T2_ctrl,92,161,97.36666666666666,0.060629650950431824,-0.2190452843953591
UBFC_PHYS_s13_T2_ctrl,92,162,97.4,-0.20336255431175232,-0.1612179042132682
UBFC_PHYS_s13_T2_ctrl,92,163,97.43333333333334,-0.42147618532180786,-0.060570709580879255
UBFC_PHYS_s13_T2_ctrl,92,164,97.46666666666667,-0.6594167947769165,0.05421617251291102
UBFC_PHYS_s13_T2_ctrl,92,165,97.5,-0.9402670860290527,0.15151136373890142
UBFC_PHYS_s13_T2_ctrl,92,166,97.53333333333333,-1.165946364402771,0.2098871156592087
UBFC_PHYS_s13_T2_ctrl,92,167,97.56666666666666,-1.2109649181365967,0.22565469983874065
UBFC_PHYS_s13_T2_ctrl,92,168,97.6,-1.0766276121139526,0.2118173800369154
UBFC_PHYS_s13_T2_ctrl,92,169,97.63333333333334,-0.8865262269973755,0.19028049516515394
UBFC_PHYS_s13_T2_ctrl,92,170,97.66666666666667,-0.739690363407135,0.18192021016592594
UBFC_PHYS_s13_T2_ctrl,92,171,97.7,-0.642061173915863,0.19884325285738091
UBFC_PHYS_s13_T2_ctrl,92,172,97.73333333333333,-0.5745663046836853,0.24091074315154262
UBFC_PHYS_s13_T2_ctrl,92,173,97.76666666666667,-0.5363555550575256,0.29631322355538253
UBFC_PHYS_s13_T2_ctrl,92,174,97.8,-0.5168811082839966,0.34506691954896557
UBFC_PHYS_s13_T2_ctrl,92,175,97.83333333333333,-0.4995056986808777,0.3644060932534915
UBFC_PHYS_s13_T2_ctrl,92,176,97.86666666666666,-0.49000903964042664,0.3351477800124887
UBFC_PHYS_s13_T2_ctrl,92,177,97.9,-0.4997890889644623,0.24781328049916052
UBFC_PHYS_s13_T2_ctrl,92,178,97.93333333333334,-0.5178004503250122,0.10685294434394987
UBFC_PHYS_s13_T2_ctrl,92,179,97.96666666666667,-0.5192305445671082,-0.06867882472586946
UBFC_PHYS_s13_T2_ctrl,92,180,98.0,-0.4923057556152344,-0.2488003367346392
UBFC_PHYS_s13_T2_ctrl,92,181,98.03333333333333,-0.4424498975276947,-0.39996180692974564
UBFC_PHYS_s13_T2_ctrl,92,182,98.06666666666666,-0.3802866041660309,-0.49395376799083107
UBFC_PHYS_s13_T2_ctrl,92,183,98.1,-0.3112034499645233,-0.515411582772242
UBFC_PHYS_s13_T2_ctrl,92,184,98.13333333333334,-0.2370457500219345,-0.4652285941236444
UBFC_PHYS_s13_T2_ctrl,92,185,98.16666666666667,-0.15474897623062134,-0.35861096363918843
UBFC_PHYS_s13_T2_ctrl,92,186,98.2,-0.05717582255601883,-0.21864839956873758
UBFC_PHYS_s13_T2_ctrl,92,187,98.23333333333333,0.06146003305912018,-0.06820234450969492
UBFC_PHYS_s13_T2_ctrl,92,188,98.26666666666667,0.20196260511875153,0.07637126735145518
UBFC_PHYS_s13_T2_ctrl,92,189,98.3,0.35602807998657227,0.20720927348128365
UBFC_PHYS_s13_T2_ctrl,92,190,98.33333333333333,0.5046960711479187,0.32259425771507133
UBFC_PHYS_s13_T2_ctrl,92,191,98.36666666666666,0.6262844204902649,0.42233438093076386
UBFC_PHYS_s13_T2_ctrl,92,192,98.4,0.7117478251457214,0.503426508251103
UBFC_PHYS_s13_T2_ctrl,92,193,98.43333333333334,0.7639696002006531,0.5579127461497436
UBFC_PHYS_s13_T2_ctrl,92,194,98.46666666666667,0.77928227186203,0.573991667131946
UBFC_PHYS_s13_T2_ctrl,92,195,98.5,0.7473850250244141,0.5403810221399619
UBFC_PHYS_s13_T2_ctrl,92,196,98.53333333333333,0.6842002272605896,0.4524798346090876
UBFC_PHYS_s13_T2_ctrl,92,197,98.56666666666666,0.6408523321151733,0.317626051828363
UBFC_PHYS_s13_T2_ctrl,92,198,98.6,0.647946834564209,0.15652519504641385
UBFC_PHYS_s13_T2_ctrl,92,199,98.63333333333334,0.6921053528785706,-0.0008375495708950061
UBFC_PHYS_s13_T2_ctrl,92,200,98.66666666666667,0.7653272151947021,-0.12412270291394183
UBFC_PHYS_s13_T2_ctrl,92,201,98.7,0.9015790224075317,-0.19341775101407765
UBFC_PHYS_s13_T2_ctrl,92,202,98.73333333333333,1.12248694896698,-0.20783335513221762
UBFC_PHYS_s13_T2_ctrl,92,203,98.76666666666667,1.3844329118728638,-0.18833784240230056
UBFC_PHYS_s13_T2_ctrl,92,204,98.8,1.6299128532409668,-0.17293218490584755
UBFC_PHYS_s13_T2_ctrl,92,205,98.83333333333333,1.865517258644104,-0.20470763055534
UBFC_PHYS_s13_T2_ctrl,92,206,98.86666666666666,2.1538047790527344,-0.3159363578539247
UBFC_PHYS_s13_T2_ctrl,92,207,98.9,2.538745880126953,-0.5133824266436526
UBFC_PHYS_s13_T2_ctrl,92,208,98.93333333333334,2.9020774364471436,-0.7706140781666385
UBFC_PHYS_s13_T2_ctrl,92,209,98.96666666666667,2.9706268310546875,-1.0314050990061525
UBFC_PHYS_s13_T2_ctrl,92,210,99.0,2.631709098815918,-1.224436761891452
UBFC_PHYS_s13_T2_ctrl,92,211,99.03333333333333,2.1142396926879883,-1.2851864259302226
UBFC_PHYS_s13_T2_ctrl,92,212,99.06666666666666,1.702679991722107,-1.1779884514846208
UBFC_PHYS_s13_T2_ctrl,92,213,99.1,1.4764602184295654,-0.9102751420258834
UBFC_PHYS_s13_T2_ctrl,92,214,99.13333333333334,1.4210619926452637,-0.5323308905379507
UBFC_PHYS_s13_T2_ctrl,92,215,99.16666666666667,1.4826518297195435,-0.12087466316161938
UBFC_PHYS_s13_T2_ctrl,92,216,99.2,1.5441166162490845,0.2473660452486909
UBFC_PHYS_s13_T2_ctrl,92,217,99.23333333333333,1.5126115083694458,0.5205343345666508
UBFC_PHYS_s13_T2_ctrl,92,218,99.26666666666667,1.390443205833435,0.6848340952393324
UBFC_PHYS_s13_T2_ctrl,92,219,99.3,1.2019004821777344,0.7622159162546819
UBFC_PHYS_s13_T2_ctrl,92,220,99.33333333333333,0.9340397119522095,0.7954178896129068
UBFC_PHYS_s13_T2_ctrl,92,221,99.36666666666666,0.6056534051895142,0.8274363975964996
UBFC_PHYS_s13_T2_ctrl,92,222,99.4,0.30159854888916016,0.883411325746958
UBFC_PHYS_s13_T2_ctrl,92,223,99.43333333333334,0.07920780032873154,0.9610509279358131
UBFC_PHYS_s13_T2_ctrl,92,224,99.46666666666667,-0.09911339730024338,1.0322607436571167
UBFC_PHYS_s13_T2_ctrl,92,225,99.5,-0.28589656949043274,1.0546079486450044
UBFC_PHYS_s13_T2_ctrl,92,226,99.53333333333333,-0.46130484342575073,0.9878058690452274
UBFC_PHYS_s13_T2_ctrl,92,227,99.56666666666666,-0.6004531383514404,0.8091014948750053
UBFC_PHYS_s13_T2_ctrl,92,228,99.6,-0.7555763125419617,0.5228278768694575
UBFC_PHYS_s13_T2_ctrl,92,229,99.63333333333334,-0.9819443225860596,0.16183323141218398
UBFC_PHYS_s13_T2_ctrl,92,230,99.66666666666667,-1.2459925413131714,-0.21956775343253881
UBFC_PHYS_s13_T2_ctrl,92,231,99.7,-1.4859564304351807,-0.5595988000409381
UBFC_PHYS_s13_T2_ctrl,92,232,99.73333333333333,-1.7161929607391357,-0.8060358389106621
UBFC_PHYS_s13_T2_ctrl,92,233,99.76666666666667,-2.021388053894043,-0.9305239272133324
UBFC_PHYS_s13_T2_ctrl,92,234,99.8,-2.4573349952697754,-0.934934852840891
UBFC_PHYS_s13_T2_ctrl,92,235,99.83333333333333,-2.879538059234619,-0.847237943444316
UBFC_PHYS_s13_T2_ctrl,92,236,99.86666666666666,-2.9613735675811768,-0.708370998016095
UBFC_PHYS_s13_T2_ctrl,92,237,99.9,-2.5648696422576904,-0.5554433343878221
UBFC_PHYS_s13_T2_ctrl,92,238,99.93333333333334,-1.9351897239685059,-0.4085870488199113
UBFC_PHYS_s13_T2_ctrl,92,239,99.96666666666667,-1.3495628833770752,-0.2673079955235869
UBFC_PHYS_s13_T2_ctrl,93,0,93.0,-1.4991437196731567,-0.19361294249047023
UBFC_PHYS_s13_T2_ctrl,93,1,93.03333333333333,-1.2561779022216797,-0.45588229879153075
UBFC_PHYS_s13_T2_ctrl,93,2,93.06666666666666,-0.9257749319076538,-0.6903673697066349
UBFC_PHYS_s13_T2_ctrl,93,3,93.1,-0.5631155967712402,-0.8744424125159366
UBFC_PHYS_s13_T2_ctrl,93,4,93.13333333333334,-0.26143327355384827,-0.9873085558840237
UBFC_PHYS_s13_T2_ctrl,93,5,93.16666666666667,0.016978589817881584,-1.012456941451171
UBFC_PHYS_s13_T2_ctrl,93,6,93.2,0.3713110685348511,-0.9403586116166807
UBFC_PHYS_s13_T2_ctrl,93,7,93.23333333333333,0.7892007231712341,-0.7708220759217542
UBFC_PHYS_s13_T2_ctrl,93,8,93.26666666666667,1.1778753995895386,-0.5146701466890838
UBFC_PHYS_s13_T2_ctrl,93,9,93.3,1.524652123451233,-0.19421033123116543
UBFC_PHYS_s13_T2_ctrl,93,10,93.33333333333333,1.907629370689392,0.15837935828554772
UBFC_PHYS_s13_T2_ctrl,93,11,93.36666666666666,2.397251605987549,0.5054058477322221
UBFC_PHYS_s13_T2_ctrl,93,12,93.4,2.9242210388183594,0.8102475535468149
UBFC_PHYS_s13_T2_ctrl,93,13,93.43333333333334,3.1978416442871094,1.0443320475256124
UBFC_PHYS_s13_T2_ctrl,93,14,93.46666666666667,2.962557077407837,1.1921973152306111
UBFC_PHYS_s13_T2_ctrl,93,15,93.5,2.3249127864837646,1.2529660006837686
UBFC_PHYS_s13_T2_ctrl,93,16,93.53333333333333,1.6075749397277832,1.2379131981720413
UBFC_PHYS_s13_T2_ctrl,93,17,93.56666666666666,1.0374222993850708,1.1652119710975313
UBFC_PHYS_s13_T2_ctrl,93,18,93.6,0.7347316145896912,1.0537992403012295
UBFC_PHYS_s13_T2_ctrl,93,19,93.63333333333334,0.6968405246734619,0.9183791950453662
UBFC_PHYS_s13_T2_ctrl,93,20,93.66666666666667,0.7450290322303772,0.7669820223688593
UBFC_PHYS_s13_T2_ctrl,93,21,93.7,0.7309948801994324,0.6015769449252251
UBFC_PHYS_s13_T2_ctrl,93,22,93.73333333333333,0.6869813799858093,0.4212989739034078
UBFC_PHYS_s13_T2_ctrl,93,23,93.76666666666667,0.6798308491706848,0.22690111378779892
UBFC_PHYS_s13_T2_ctrl,93,24,93.8,0.6664920449256897,0.024266542905944478
UBFC_PHYS_s13_T2_ctrl,93,25,93.83333333333333,0.581852376461029,-0.17508399994608187
UBFC_PHYS_s13_T2_ctrl,93,26,93.86666666666666,0.46245864033699036,-0.3572077442232542
UBFC_PHYS_s13_T2_ctrl,93,27,93.9,0.4235756993293762,-0.5115639876940125
UBFC_PHYS_s13_T2_ctrl,93,28,93.93333333333334,0.5094806551933289,-0.6370031028379232
UBFC_PHYS_s13_T2_ctrl,93,29,93.96666666666667,0.5876914262771606,-0.7449009834231065
UBFC_PHYS_s13_T2_ctrl,93,30,94.0,0.48457908630371094,-0.8567506513617582
UBFC_PHYS_s13_T2_ctrl,93,31,94.03333333333333,0.20953819155693054,-0.9954216564359654
UBFC_PHYS_s13_T2_ctrl,93,32,94.06666666666666,-0.08748805522918701,-1.172643457797082
UBFC_PHYS_s13_T2_ctrl,93,33,94.1,-0.35069602727890015,-1.3781105863355947
UBFC_PHYS_s13_T2_ctrl,93,34,94.13333333333334,-0.5956289768218994,-1.5759039756224495
UBFC_PHYS_s13_T2_ctrl,93,35,94.16666666666667,-0.8231074810028076,-1.711394743547661
UBFC_PHYS_s13_T2_ctrl,93,36,94.2,-1.0483649969100952,-1.7275696749142666
UBFC_PHYS_s13_T2_ctrl,93,37,94.23333333333333,-1.2730821371078491,-1.585539016337502
UBFC_PHYS_s13_T2_ctrl,93,38,94.26666666666667,-1.4129817485809326,-1.2815375785797187
UBFC_PHYS_s13_T2_ctrl,93,39,94.3,-1.3921726942062378,-0.8529590367541442
UBFC_PHYS_s13_T2_ctrl,93,40,94.33333333333333,-1.2584317922592163,-0.3692242288374465
UBFC_PHYS_s13_T2_ctrl,93,41,94.36666666666666,-1.0997828245162964,0.09052765048267143
UBFC_PHYS_s13_T2_ctrl,93,42,94.4,-0.9517935514450073,0.46394684953067866
UBFC_PHYS_s13_T2_ctrl,93,43,94.43333333333334,-0.804568886756897,0.7243706754759459
UBFC_PHYS_s13_T2_ctrl,93,44,94.46666666666667,-0.6133570075035095,0.884504945687179
UBFC_PHYS_s13_T2_ctrl,93,45,94.5,-0.33344581723213196,0.9850297849951274
UBFC_PHYS_s13_T2_ctrl,93,46,94.53333333333333,-0.03808692842721939,1.0742781071528897
UBFC_PHYS_s13_T2_ctrl,93,47,94.56666666666666,0.10893019288778305,1.1874550041337948
UBFC_PHYS_s13_T2_ctrl,93,48,94.6,0.07439026236534119,1.3329032445386952
UBFC_PHYS_s13_T2_ctrl,93,49,94.63333333333334,-0.012457126751542091,1.4896156478408067
UBFC_PHYS_s13_T2_ctrl,93,50,94.66666666666667,-0.046469829976558685,1.615846413417112
UBFC_PHYS_s13_T2_ctrl,93,51,94.7,-0.03582314774394035,1.664841950543637
UBFC_PHYS_s13_T2_ctrl,93,52,94.73333333333333,-0.026866886764764786,1.601659118115352
UBFC_PHYS_s13_T2_ctrl,93,53,94.76666666666667,-0.05904418230056763,1.4152688602045347
UBFC_PHYS_s13_T2_ctrl,93,54,94.8,-0.16335594654083252,1.122355188747291
UBFC_PHYS_s13_T2_ctrl,93,55,94.83333333333333,-0.30756229162216187,0.7624233550198924
UBFC_PHYS_s13_T2_ctrl,93,56,94.86666666666666,-0.38381242752075195,0.3867561029941785
UBFC_PHYS_s13_T2_ctrl,93,57,94.9,-0.32170185446739197,0.045288267157202265
UBFC_PHYS_s13_T2_ctrl,93,58,94.93333333333334,-0.1749252825975418,-0.22477211072367742
UBFC_PHYS_s13_T2_ctrl,93,59,94.96666666666667,-0.04887529835104942,-0.40606338176403595
UBFC_PHYS_s13_T2_ctrl,93,60,95.0,-0.011722304858267307,-0.5028426310563773
UBFC_PHYS_s13_T2_ctrl,93,61,95.03333333333333,-0.06736776977777481,-0.537455007228759
UBFC_PHYS_s13_T2_ctrl,93,62,95.06666666666666,-0.12459491938352585,-0.5425027387052399
UBFC_PHYS_s13_T2_ctrl,93,63,95.1,-0.08670380711555481,-0.5508467630486326
UBFC_PHYS_s13_T2_ctrl,93,64,95.13333333333334,0.01646454446017742,-0.5866466614200676
UBFC_PHYS_s13_T2_ctrl,93,65,95.16666666666667,0.07691765576601028,-0.660346256983659
UBFC_PHYS_s13_T2_ctrl,93,66,95.2,0.08364309370517731,-0.7683162968280518
UBFC_PHYS_s13_T2_ctrl,93,67,95.23333333333333,0.11675620824098587,-0.8956446224416987
UBFC_PHYS_s13_T2_ctrl,93,68,95.26666666666667,0.20529402792453766,-1.0201768915990639
UBFC_PHYS_s13_T2_ctrl,93,69,95.3,0.3164663314819336,-1.116804114141215
UBFC_PHYS_s13_T2_ctrl,93,70,95.33333333333333,0.42877545952796936,-1.1617340498492799
UBFC_PHYS_s13_T2_ctrl,93,71,95.36666666666666,0.512195885181427,-1.1366171284448991
UBFC_PHYS_s13_T2_ctrl,93,72,95.4,0.528045654296875,-1.0321813529791064
UBFC_PHYS_s13_T2_ctrl,93,73,95.43333333333334,0.486137717962265,-0.850850486143751
UBFC_PHYS_s13_T2_ctrl,93,74,95.46666666666667,0.4349769651889801,-0.6078584866184309
UBFC_PHYS_s13_T2_ctrl,93,75,95.5,0.3975372910499573,-0.3303796797200938
UBFC_PHYS_s13_T2_ctrl,93,76,95.53333333333333,0.3558962941169739,-0.05403370104441484
UBFC_PHYS_s13_T2_ctrl,93,77,95.56666666666666,0.2928696572780609,0.18373296211999482
UBFC_PHYS_s13_T2_ctrl,93,78,95.6,0.23217269778251648,0.3529006515016901
UBFC_PHYS_s13_T2_ctrl,93,79,95.63333333333334,0.2268674671649933,0.4404421589909791
UBFC_PHYS_s13_T2_ctrl,93,80,95.66666666666667,0.3032131791114807,0.45612972159653703
UBFC_PHYS_s13_T2_ctrl,93,81,95.7,0.40730416774749756,0.430722346256173
UBFC_PHYS_s13_T2_ctrl,93,82,95.73333333333333,0.40418365597724915,0.4057237458134003
UBFC_PHYS_s13_T2_ctrl,93,83,95.76666666666667,0.19565895199775696,0.4180793742122426
UBFC_PHYS_s13_T2_ctrl,93,84,95.8,-0.14602667093276978,0.48589699501338723
UBFC_PHYS_s13_T2_ctrl,93,85,95.83333333333333,-0.5015157461166382,0.6011358539594873
UBFC_PHYS_s13_T2_ctrl,93,86,95.86666666666666,-0.8337178826332092,0.7323163452150028
UBFC_PHYS_s13_T2_ctrl,93,87,95.9,-1.0361069440841675,0.8360810942126183
UBFC_PHYS_s13_T2_ctrl,93,88,95.93333333333334,-0.9241965413093567,0.8728520615017337
UBFC_PHYS_s13_T2_ctrl,93,89,95.96666666666667,-0.5404877066612244,0.8204544362445979
UBFC_PHYS_s13_T2_ctrl,93,90,96.0,-0.18704161047935486,0.6809113586214138
UBFC_PHYS_s13_T2_ctrl,93,91,96.03333333333333,-0.06647807359695435,0.4786899384355741
UBFC_PHYS_s13_T2_ctrl,93,92,96.06666666666666,-0.1147061213850975,0.2519327311819463
UBFC_PHYS_s13_T2_ctrl,93,93,96.1,-0.2407495081424713,0.04044435200063526
UBFC_PHYS_s13_T2_ctrl,93,94,96.13333333333334,-0.4203525185585022,-0.1251884191323483
UBFC_PHYS_s13_T2_ctrl,93,95,96.16666666666667,-0.6255622506141663,-0.22998789195701153
UBFC_PHYS_s13_T2_ctrl,93,96,96.2,-0.7823660373687744,-0.2752358679498134
UBFC_PHYS_s13_T2_ctrl,93,97,96.23333333333333,-0.8374612331390381,-0.27435658581277095
UBFC_PHYS_s13_T2_ctrl,93,98,96.26666666666667,-0.8444041013717651,-0.2464529918916507
UBFC_PHYS_s13_T2_ctrl,93,99,96.3,-0.9158103466033936,-0.2101530092933478
UBFC_PHYS_s13_T2_ctrl,93,100,96.33333333333333,-1.0616610050201416,-0.17955818370333887
UBFC_PHYS_s13_T2_ctrl,93,101,96.36666666666666,-1.152021050453186,-0.16270247928011608
UBFC_PHYS_s13_T2_ctrl,93,102,96.4,-1.0550674200057983,-0.16178595363159423
UBFC_PHYS_s13_T2_ctrl,93,103,96.43333333333334,-0.7861489057540894,-0.17417012911241037
UBFC_PHYS_s13_T2_ctrl,93,104,96.46666666666667,-0.4876958429813385,-0.19370770836045137
UBFC_PHYS_s13_T2_ctrl,93,105,96.5,-0.2913336157798767,-0.21255563996252125
UBFC_PHYS_s13_T2_ctrl,93,106,96.53333333333333,-0.23650863766670227,-0.22344234079470054
UBFC_PHYS_s13_T2_ctrl,93,107,96.56666666666666,-0.28301000595092773,-0.22174140773759363
UBFC_PHYS_s13_T2_ctrl,93,108,96.6,-0.39220520853996277,-0.2064146767887579
UBFC_PHYS_s13_T2_ctrl,93,109,96.63333333333334,-0.5328725576400757,-0.1793504478651802
UBFC_PHYS_s13_T2_ctrl,93,110,96.66666666666667,-0.6479364633560181,-0.1436448863365681
UBFC_PHYS_s13_T2_ctrl,93,111,96.7,-0.6802092790603638,-0.10212000805003836
UBFC_PHYS_s13_T2_ctrl,93,112,96.73333333333333,-0.6324228048324585,-0.057145187251569404
UBFC_PHYS_s13_T2_ctrl,93,113,96.76666666666667,-0.551002562046051,-0.011816508051872484
UBFC_PHYS_s13_T2_ctrl,93,114,96.8,-0.49849408864974976,0.028553779821730046
UBFC_PHYS_s13_T2_ctrl,93,115,96.83333333333333,-0.5235769152641296,0.05622395060002409
UBFC_PHYS_s13_T2_ctrl,93,116,96.86666666666666,-0.5735151171684265,0.0632379093491837
UBFC_PHYS_s13_T2_ctrl,93,117,96.9,-0.5387774705886841,0.045783085045672474
UBFC_PHYS_s13_T2_ctrl,93,118,96.93333333333334,-0.43176698684692383,0.008591202748569915
UBFC_PHYS_s13_T2_ctrl,93,119,96.96666666666667,-0.35491710901260376,-0.03358172739631066
UBFC_PHYS_s13_T2_ctrl,93,120,97.0,-0.2982040345668793,-0.05935581064117471
UBFC_PHYS_s13_T2_ctrl,93,121,97.03333333333333,-0.15724670886993408,-0.0485875602928687
UBFC_PHYS_s13_T2_ctrl,93,122,97.06666666666666,0.07328967750072479,0.008197574161640422
UBFC_PHYS_s13_T2_ctrl,93,123,97.1,0.3240583837032318,0.10304047248880102
UBFC_PHYS_s13_T2_ctrl,93,124,97.13333333333334,0.577690601348877,0.21017457800344658
UBFC_PHYS_s13_T2_ctrl,93,125,97.16666666666667,0.8686141967773438,0.2933252231464601
UBFC_PHYS_s13_T2_ctrl,93,126,97.2,1.1576628684997559,0.31848156135428757
UBFC_PHYS_s13_T2_ctrl,93,127,97.23333333333333,1.2870376110076904,0.26719311845023874
UBFC_PHYS_s13_T2_ctrl,93,128,97.26666666666667,1.1358554363250732,0.14494484207505615
UBFC_PHYS_s13_T2_ctrl,93,129,97.3,0.7836253046989441,-0.018936789832976374
UBFC_PHYS_s13_T2_ctrl,93,130,97.33333333333333,0.3959391415119171,-0.18007794103516342
UBFC_PHYS_s13_T2_ctrl,93,131,97.36666666666666,0.060629650950431824,-0.2935916578251926
UBFC_PHYS_s13_T2_ctrl,93,132,97.4,-0.20336255431175232,-0.3295018635330939
UBFC_PHYS_s13_T2_ctrl,93,133,97.43333333333334,-0.42147618532180786,-0.2836837661051112
UBFC_PHYS_s13_T2_ctrl,93,134,97.46666666666667,-0.6594167947769165,-0.17976093223475237
UBFC_PHYS_s13_T2_ctrl,93,135,97.5,-0.9402670860290527,-0.06032414451878646
UBFC_PHYS_s13_T2_ctrl,93,136,97.53333333333333,-1.165946364402771,0.029380164548435506
UBFC_PHYS_s13_T2_ctrl,93,137,97.56666666666666,-1.2109649181365967,0.05831282274058363
UBFC_PHYS_s13_T2_ctrl,93,138,97.6,-1.0766276121139526,0.019933167251697793
UBFC_PHYS_s13_T2_ctrl,93,139,97.63333333333334,-0.8865262269973755,-0.06770184671373419
UBFC_PHYS_s13_T2_ctrl,93,140,97.66666666666667,-0.739690363407135,-0.17069643883248908
UBFC_PHYS_s13_T2_ctrl,93,141,97.7,-0.642061173915863,-0.2521840535779107
UBFC_PHYS_s13_T2_ctrl,93,142,97.73333333333333,-0.5745663046836853,-0.28433203091753734
UBFC_PHYS_s13_T2_ctrl,93,143,97.76666666666667,-0.5363555550575256,-0.2561911900276143
UBFC_PHYS_s13_T2_ctrl,93,144,97.8,-0.5168811082839966,-0.17575521190429183
UBFC_PHYS_s13_T2_ctrl,93,145,97.83333333333333,-0.4995056986808777,-0.06606669115483145
UBFC_PHYS_s13_T2_ctrl,93,146,97.86666666666666,-0.49000903964042664,0.04309904947754026
UBFC_PHYS_s13_T2_ctrl,93,147,97.9,-0.4997890889644623,0.12504326067080762
UBFC_PHYS_s13_T2_ctrl,93,148,97.93333333333334,-0.5178004503250122,0.16417955815342547
UBFC_PHYS_s13_T2_ctrl,93,149,97.96666666666667,-0.5192305445671082,0.1599153151550788
UBFC_PHYS_s13_T2_ctrl,93,150,98.0,-0.4923057556152344,0.12567581039079034
UBFC_PHYS_s13_T2_ctrl,93,151,98.03333333333333,-0.4424498975276947,0.08399443684549163
UBFC_PHYS_s13_T2_ctrl,93,152,98.06666666666666,-0.3802866041660309,0.05950000798868024
UBFC_PHYS_s13_T2_ctrl,93,153,98.1,-0.3112034499645233,0.07183058987282324
UBFC_PHYS_s13_T2_ctrl,93,154,98.13333333333334,-0.2370457500219345,0.13030199319672234
UBFC_PHYS_s13_T2_ctrl,93,155,98.16666666666667,-0.15474897623062134,0.23171586126164861
UBFC_PHYS_s13_T2_ctrl,93,156,98.2,-0.05717582255601883,0.36194180894721883
UBFC_PHYS_s13_T2_ctrl,93,157,98.23333333333333,0.06146003305912018,0.5006433741190786
UBFC_PHYS_s13_T2_ctrl,93,158,98.26666666666667,0.20196260511875153,0.6270421510141472
UBFC_PHYS_s13_T2_ctrl,93,159,98.3,0.35602807998657227,0.7241802848203325
UBFC_PHYS_s13_T2_ctrl,93,160,98.33333333333333,0.5046960711479187,0.7804379130450368
UBFC_PHYS_s13_T2_ctrl,93,161,98.36666666666666,0.6262844204902649,0.7888861475604353
UBFC_PHYS_s13_T2_ctrl,93,162,98.4,0.7117478251457214,0.7459209909029152
UBFC_PHYS_s13_T2_ctrl,93,163,98.43333333333334,0.7639696002006531,0.6504566508911039
UBFC_PHYS_s13_T2_ctrl,93,164,98.46666666666667,0.77928227186203,0.5043408964135759
UBFC_PHYS_s13_T2_ctrl,93,165,98.5,0.7473850250244141,0.3138343495639094
UBFC_PHYS_s13_T2_ctrl,93,166,98.53333333333333,0.6842002272605896,0.09115242209874835
UBFC_PHYS_s13_T2_ctrl,93,167,98.56666666666666,0.6408523321151733,-0.14534212412781478
UBFC_PHYS_s13_T2_ctrl,93,168,98.6,0.647946834564209,-0.3733332147576344
UBFC_PHYS_s13_T2_ctrl,93,169,98.63333333333334,0.6921053528785706,-0.5711269389892532
UBFC_PHYS_s13_T2_ctrl,93,170,98.66666666666667,0.7653272151947021,-0.7233735707729996
UBFC_PHYS_s13_T2_ctrl,93,171,98.7,0.9015790224075317,-0.8258986054378533
UBFC_PHYS_s13_T2_ctrl,93,172,98.73333333333333,1.12248694896698,-0.887621963892665
UBFC_PHYS_s13_T2_ctrl,93,173,98.76666666666667,1.3844329118728638,-0.9282613513297212
UBFC_PHYS_s13_T2_ctrl,93,174,98.8,1.6299128532409668,-0.9716575337728571
UBFC_PHYS_s13_T2_ctrl,93,175,98.83333333333333,1.865517258644104,-1.036051314371036
UBFC_PHYS_s13_T2_ctrl,93,176,98.86666666666666,2.1538047790527344,-1.1242701349568602
UBFC_PHYS_s13_T2_ctrl,93,177,98.9,2.538745880126953,-1.2178911246067332
UBFC_PHYS_s13_T2_ctrl,93,178,98.93333333333334,2.9020774364471436,-1.2791366881190618
UBFC_PHYS_s13_T2_ctrl,93,179,98.96666666666667,2.9706268310546875,-1.2617774237236583
UBFC_PHYS_s13_T2_ctrl,93,180,99.0,2.631709098815918,-1.1281314693652567
UBFC_PHYS_s13_T2_ctrl,93,181,99.03333333333333,2.1142396926879883,-0.8657055886875061
UBFC_PHYS_s13_T2_ctrl,93,182,99.06666666666666,1.702679991722107,-0.49637389148728006
UBFC_PHYS_s13_T2_ctrl,93,183,99.1,1.4764602184295654,-0.0733882604469657
UBFC_PHYS_s13_T2_ctrl,93,184,99.13333333333334,1.4210619926452637,0.33407741438430855
UBFC_PHYS_s13_T2_ctrl,93,185,99.16666666666667,1.4826518297195435,0.6637662148050568
UBFC_PHYS_s13_T2_ctrl,93,186,99.2,1.5441166162490845,0.8811008312091176
UBFC_PHYS_s13_T2_ctrl,93,187,99.23333333333333,1.5126115083694458,0.9884983628753966
UBFC_PHYS_s13_T2_ctrl,93,188,99.26666666666667,1.390443205833435,1.0196615334610772
UBFC_PHYS_s13_T2_ctrl,93,189,99.3,1.2019004821777344,1.022769022049794
UBFC_PHYS_s13_T2_ctrl,93,190,99.33333333333333,0.9340397119522095,1.0407307825840308
UBFC_PHYS_s13_T2_ctrl,93,191,99.36666666666666,0.6056534051895142,1.0963584865495122
UBFC_PHYS_s13_T2_ctrl,93,192,99.4,0.30159854888916016,1.1868342080416208
UBFC_PHYS_s13_T2_ctrl,93,193,99.43333333333334,0.07920780032873154,1.2874890174130227
UBFC_PHYS_s13_T2_ctrl,93,194,99.46666666666667,-0.09911339730024338,1.3616758778434188
UBFC_PHYS_s13_T2_ctrl,93,195,99.5,-0.28589656949043274,1.372471701993149
UBFC_PHYS_s13_T2_ctrl,93,196,99.53333333333333,-0.46130484342575073,1.2928397886931606
UBFC_PHYS_s13_T2_ctrl,93,197,99.56666666666666,-0.6004531383514404,1.1124107111851023
UBFC_PHYS_s13_T2_ctrl,93,198,99.6,-0.7555763125419617,0.8400585739949017
UBFC_PHYS_s13_T2_ctrl,93,199,99.63333333333334,-0.9819443225860596,0.5020834521680155
UBFC_PHYS_s13_T2_ctrl,93,200,99.66666666666667,-1.2459925413131714,0.1365885242584202
UBFC_PHYS_s13_T2_ctrl,93,201,99.7,-1.4859564304351807,-0.21454048493015834
UBFC_PHYS_s13_T2_ctrl,93,202,99.73333333333333,-1.7161929607391357,-0.5141556456594414
UBFC_PHYS_s13_T2_ctrl,93,203,99.76666666666667,-2.021388053894043,-0.73694190049678
UBFC_PHYS_s13_T2_ctrl,93,204,99.8,-2.4573349952697754,-0.8735595718871395
UBFC_PHYS_s13_T2_ctrl,93,205,99.83333333333333,-2.879538059234619,-0.9310155214673919
UBFC_PHYS_s13_T2_ctrl,93,206,99.86666666666666,-2.9613735675811768,-0.929311138872899
UBFC_PHYS_s13_T2_ctrl,93,207,99.9,-2.5648696422576904,-0.8952672531448262
UBFC_PHYS_s13_T2_ctrl,93,208,99.93333333333334,-1.9351897239685059,-0.8551025667285405
UBFC_PHYS_s13_T2_ctrl,93,209,99.96666666666667,-1.3495628833770752,-0.8277248059307802
UBFC_PHYS_s13_T2_ctrl,93,210,100.0,-0.8521873354911804,-0.8205996028567923
UBFC_PHYS_s13_T2_ctrl,93,211,100.03333333333333,-0.4395402669906616,-0.8292106011259924
UBFC_PHYS_s13_T2_ctrl,93,212,100.06666666666666,-0.15879544615745544,-0.8396865455392652
UBFC_PHYS_s13_T2_ctrl,93,213,100.1,0.007356705609709024,-0.8331679795770655
UBFC_PHYS_s13_T2_ctrl,93,214,100.13333333333334,0.13684354722499847,-0.7906439289756949
UBFC_PHYS_s13_T2_ctrl,93,215,100.16666666666667,0.2780216336250305,-0.6977050143497451
UBFC_PHYS_s13_T2_ctrl,93,216,100.2,0.42136135697364807,-0.5489531474714063
UBFC_PHYS_s13_T2_ctrl,93,217,100.23333333333333,0.5253205299377441,-0.3514075339455797
UBFC_PHYS_s13_T2_ctrl,93,218,100.26666666666667,0.556090772151947,-0.12557227215406103
UBFC_PHYS_s13_T2_ctrl,93,219,100.3,0.514581561088562,0.09732033283593865
UBFC_PHYS_s13_T2_ctrl,93,220,100.33333333333333,0.4304560124874115,0.28243499249959275
UBFC_PHYS_s13_T2_ctrl,93,221,100.36666666666666,0.35131269693374634,0.4015396270738609
UBFC_PHYS_s13_T2_ctrl,93,222,100.4,0.3198768198490143,0.4430891696532259
UBFC_PHYS_s13_T2_ctrl,93,223,100.43333333333334,0.33856701850891113,0.4179982430707163
UBFC_PHYS_s13_T2_ctrl,93,224,100.46666666666667,0.39197176694869995,0.35768982797905297
UBFC_PHYS_s13_T2_ctrl,93,225,100.5,0.5008407235145569,0.3037850343711528
UBFC_PHYS_s13_T2_ctrl,93,226,100.53333333333333,0.6891298294067383,0.2927155575757156
UBFC_PHYS_s13_T2_ctrl,93,227,100.56666666666666,0.905951738357544,0.341476072148148
UBFC_PHYS_s13_T2_ctrl,93,228,100.6,1.0794785022735596,0.4407708049169968
UBFC_PHYS_s13_T2_ctrl,93,229,100.63333333333334,1.1767418384552002,0.5586981519513294
UBFC_PHYS_s13_T2_ctrl,93,230,100.66666666666667,1.176102638244629,0.6533036772742115
UBFC_PHYS_s13_T2_ctrl,93,231,100.7,1.037415623664856,0.6884327180452438
UBFC_PHYS_s13_T2_ctrl,93,232,100.73333333333333,0.752281665802002,0.646404465076063
UBFC_PHYS_s13_T2_ctrl,93,233,100.76666666666667,0.4069878160953522,0.533112541474144
UBFC_PHYS_s13_T2_ctrl,93,234,100.8,0.14460694789886475,0.3747159433765197
UBFC_PHYS_s13_T2_ctrl,93,235,100.83333333333333,0.0317903608083725,0.20810135038391805
UBFC_PHYS_s13_T2_ctrl,93,236,100.86666666666666,0.03124665841460228,0.06859965760801864
UBFC_PHYS_s13_T2_ctrl,93,237,100.9,0.06764835864305496,-0.02135563486187887
UBFC_PHYS_s13_T2_ctrl,93,238,100.93333333333334,0.07723069936037064,-0.05904482237319256
UBFC_PHYS_s13_T2_ctrl,93,239,100.96666666666667,0.03742509335279465,-0.06120756105189004
UBFC_PHYS_s13_T2_ctrl,94,0,94.0,0.48457908630371094,-0.06693384011987051
UBFC_PHYS_s13_T2_ctrl,94,1,94.03333333333333,0.20953819155693054,-0.5829308079339931
UBFC_PHYS_s13_T2_ctrl,94,2,94.06666666666666,-0.08748805522918701,-1.0595082585476803
UBFC_PHYS_s13_T2_ctrl,94,3,94.1,-0.35069602727890015,-1.4534626434691449
UBFC_PHYS_s13_T2_ctrl,94,4,94.13333333333334,-0.5956289768218994,-1.7172205500686453
UBFC_PHYS_s13_T2_ctrl,94,5,94.16666666666667,-0.8231074810028076,-1.806019923750316
UBFC_PHYS_s13_T2_ctrl,94,6,94.2,-1.0483649969100952,-1.6904162754979235
UBFC_PHYS_s13_T2_ctrl,94,7,94.23333333333333,-1.2730821371078491,-1.3701918559389523
UBFC_PHYS_s13_T2_ctrl,94,8,94.26666666666667,-1.4129817485809326,-0.8837251429693265
UBFC_PHYS_s13_T2_ctrl,94,9,94.3,-1.3921726942062378,-0.30666368103855784
UBFC_PHYS_s13_T2_ctrl,94,10,94.33333333333333,-1.2584317922592163,0.26314577094181435
UBFC_PHYS_s13_T2_ctrl,94,11,94.36666666666666,-1.0997828245162964,0.7312583937348237
UBFC_PHYS_s13_T2_ctrl,94,12,94.4,-0.9517935514450073,1.0329637870262425
UBFC_PHYS_s13_T2_ctrl,94,13,94.43333333333334,-0.804568886756897,1.1489589865165646
UBFC_PHYS_s13_T2_ctrl,94,14,94.46666666666667,-0.6133570075035095,1.1047838267934886
UBFC_PHYS_s13_T2_ctrl,94,15,94.5,-0.33344581723213196,0.9566882470381237
UBFC_PHYS_s13_T2_ctrl,94,16,94.53333333333333,-0.03808692842721939,0.7711142211290798
UBFC_PHYS_s13_T2_ctrl,94,17,94.56666666666666,0.10893019288778305,0.604912457576863
UBFC_PHYS_s13_T2_ctrl,94,18,94.6,0.07439026236534119,0.4910999992864288
UBFC_PHYS_s13_T2_ctrl,94,19,94.63333333333334,-0.012457126751542091,0.43255229995369177
UBFC_PHYS_s13_T2_ctrl,94,20,94.66666666666667,-0.046469829976558685,0.40443388659145907
UBFC_PHYS_s13_T2_ctrl,94,21,94.7,-0.03582314774394035,0.364724032869108
UBFC_PHYS_s13_T2_ctrl,94,22,94.73333333333333,-0.026866886764764786,0.2701323043452987
UBFC_PHYS_s13_T2_ctrl,94,23,94.76666666666667,-0.05904418230056763,0.09275201757646391
UBFC_PHYS_s13_T2_ctrl,94,24,94.8,-0.16335594654083252,-0.16777198014542163
UBFC_PHYS_s13_T2_ctrl,94,25,94.83333333333333,-0.30756229162216187,-0.480449238585069
UBFC_PHYS_s13_T2_ctrl,94,26,94.86666666666666,-0.38381242752075195,-0.7886557374578296
UBFC_PHYS_s13_T2_ctrl,94,27,94.9,-0.32170185446739197,-1.0237884464260536
UBFC_PHYS_s13_T2_ctrl,94,28,94.93333333333334,-0.1749252825975418,-1.123702175590315
UBFC_PHYS_s13_T2_ctrl,94,29,94.96666666666667,-0.04887529835104942,-1.0516708675884832
UBFC_PHYS_s13_T2_ctrl,94,30,95.0,-0.011722304858267307,-0.8104536885954156
UBFC_PHYS_s13_T2_ctrl,94,31,95.03333333333333,-0.06736776977777481,-0.4458829364855291
UBFC_PHYS_s13_T2_ctrl,94,32,95.06666666666666,-0.12459491938352585,-0.0366874283062403
UBFC_PHYS_s13_T2_ctrl,94,33,95.1,-0.08670380711555481,0.32768706801505804
UBFC_PHYS_s13_T2_ctrl,94,34,95.13333333333334,0.01646454446017742,0.5735814509007391
UBFC_PHYS_s13_T2_ctrl,94,35,95.16666666666667,0.07691765576601028,0.6636890963127685
UBFC_PHYS_s13_T2_ctrl,94,36,95.2,0.08364309370517731,0.6046330314957916
UBFC_PHYS_s13_T2_ctrl,94,37,95.23333333333333,0.11675620824098587,0.4407003555873942
UBFC_PHYS_s13_T2_ctrl,94,38,95.26666666666667,0.20529402792453766,0.23774502632490635
UBFC_PHYS_s13_T2_ctrl,94,39,95.3,0.3164663314819336,0.0631937129996276
UBFC_PHYS_s13_T2_ctrl,94,40,95.33333333333333,0.42877545952796936,-0.03236031462578326
UBFC_PHYS_s13_T2_ctrl,94,41,95.36666666666666,0.512195885181427,-0.02792822346513543
UBFC_PHYS_s13_T2_ctrl,94,42,95.4,0.528045654296875,0.0633909505298841
UBFC_PHYS_s13_T2_ctrl,94,43,95.43333333333334,0.486137717962265,0.19934155819437355
UBFC_PHYS_s13_T2_ctrl,94,44,95.46666666666667,0.4349769651889801,0.32180347431379797
UBFC_PHYS_s13_T2_ctrl,94,45,95.5,0.3975372910499573,0.37475019647278657
UBFC_PHYS_s13_T2_ctrl,94,46,95.53333333333333,0.3558962941169739,0.3211487061740581
UBFC_PHYS_s13_T2_ctrl,94,47,95.56666666666666,0.2928696572780609,0.15334253089143732
UBFC_PHYS_s13_T2_ctrl,94,48,95.6,0.23217269778251648,-0.10555418793447544
UBFC_PHYS_s13_T2_ctrl,94,49,95.63333333333334,0.2268674671649933,-0.40831554285430094
UBFC_PHYS_s13_T2_ctrl,94,50,95.66666666666667,0.3032131791114807,-0.695743765568299
UBFC_PHYS_s13_T2_ctrl,94,51,95.7,0.40730416774749756,-0.9112284182748007
UBFC_PHYS_s13_T2_ctrl,94,52,95.73333333333333,0.40418365597724915,-1.0140959101057558
UBFC_PHYS_s13_T2_ctrl,94,53,95.76666666666667,0.19565895199775696,-0.988066517547405
UBFC_PHYS_s13_T2_ctrl,94,54,95.8,-0.14602667093276978,-0.8425396541765358
UBFC_PHYS_s13_T2_ctrl,94,55,95.83333333333333,-0.5015157461166382,-0.6068668239446484
UBFC_PHYS_s13_T2_ctrl,94,56,95.86666666666666,-0.8337178826332092,-0.3201272841377072
UBFC_PHYS_s13_T2_ctrl,94,57,95.9,-1.0361069440841675,-0.02030018139724056
UBFC_PHYS_s13_T2_ctrl,94,58,95.93333333333334,-0.9241965413093567,0.2633895645051208
UBFC_PHYS_s13_T2_ctrl,94,59,95.96666666666667,-0.5404877066612244,0.5128648646466375
UBFC_PHYS_s13_T2_ctrl,94,60,96.0,-0.18704161047935486,0.7188551921115746
UBFC_PHYS_s13_T2_ctrl,94,61,96.03333333333333,-0.06647807359695435,0.8764123982365617
UBFC_PHYS_s13_T2_ctrl,94,62,96.06666666666666,-0.1147061213850975,0.9812330784776112
UBFC_PHYS_s13_T2_ctrl,94,63,96.1,-0.2407495081424713,1.028544735179003
UBFC_PHYS_s13_T2_ctrl,94,64,96.13333333333334,-0.4203525185585022,1.0145467125411507
UBFC_PHYS_s13_T2_ctrl,94,65,96.16666666666667,-0.6255622506141663,0.939083384043719
UBFC_PHYS_s13_T2_ctrl,94,66,96.2,-0.7823660373687744,0.8079183454963308
UBFC_PHYS_s13_T2_ctrl,94,67,96.23333333333333,-0.8374612331390381,0.6334308001944268
UBFC_PHYS_s13_T2_ctrl,94,68,96.26666666666667,-0.8444041013717651,0.4332494804300878
UBFC_PHYS_s13_T2_ctrl,94,69,96.3,-0.9158103466033936,0.22706043522889224
UBFC_PHYS_s13_T2_ctrl,94,70,96.33333333333333,-1.0616610050201416,0.03248200673034109
UBFC_PHYS_s13_T2_ctrl,94,71,96.36666666666666,-1.152021050453186,-0.13872424061810998
UBFC_PHYS_s13_T2_ctrl,94,72,96.4,-1.0550674200057983,-0.28288998238520885
UBFC_PHYS_s13_T2_ctrl,94,73,96.43333333333334,-0.7861489057540894,-0.4042673918455755
UBFC_PHYS_s13_T2_ctrl,94,74,96.46666666666667,-0.4876958429813385,-0.5121373202831858
UBFC_PHYS_s13_T2_ctrl,94,75,96.5,-0.2913336157798767,-0.6157260945834098
UBFC_PHYS_s13_T2_ctrl,94,76,96.53333333333333,-0.23650863766670227,-0.7185053765129731
UBFC_PHYS_s13_T2_ctrl,94,77,96.56666666666666,-0.28301000595092773,-0.8140941345108892
UBFC_PHYS_s13_T2_ctrl,94,78,96.6,-0.39220520853996277,-0.8856796096942403
UBFC_PHYS_s13_T2_ctrl,94,79,96.63333333333334,-0.5328725576400757,-0.9097576368943902
UBFC_PHYS_s13_T2_ctrl,94,80,96.66666666666667,-0.6479364633560181,-0.8635038292665121
UBFC_PHYS_s13_T2_ctrl,94,81,96.7,-0.6802092790603638,-0.7335388454536467
UBFC_PHYS_s13_T2_ctrl,94,82,96.73333333333333,-0.6324228048324585,-0.5227721468062149
UBFC_PHYS_s13_T2_ctrl,94,83,96.76666666666667,-0.551002562046051,-0.25237695149148903
UBFC_PHYS_s13_T2_ctrl,94,84,96.8,-0.49849408864974976,0.04200525929261624
UBFC_PHYS_s13_T2_ctrl,94,85,96.83333333333333,-0.5235769152641296,0.31849168424589847
UBFC_PHYS_s13_T2_ctrl,94,86,96.86666666666666,-0.5735151171684265,0.5392086504752884
UBFC_PHYS_s13_T2_ctrl,94,87,96.9,-0.5387774705886841,0.6797687306426765
UBFC_PHYS_s13_T2_ctrl,94,88,96.93333333333334,-0.43176698684692383,0.7348489273969375
UBFC_PHYS_s13_T2_ctrl,94,89,96.96666666666667,-0.35491710901260376,0.7174431752070493
UBFC_PHYS_s13_T2_ctrl,94,90,97.0,-0.2982040345668793,0.6518085466892977
UBFC_PHYS_s13_T2_ctrl,94,91,97.03333333333333,-0.15724670886993408,0.5629644953526719
UBFC_PHYS_s13_T2_ctrl,94,92,97.06666666666666,0.07328967750072479,0.467007628415649
UBFC_PHYS_s13_T2_ctrl,94,93,97.1,0.3240583837032318,0.3659717717395774
UBFC_PHYS_s13_T2_ctrl,94,94,97.13333333333334,0.577690601348877,0.24903194591917996
UBFC_PHYS_s13_T2_ctrl,94,95,97.16666666666667,0.8686141967773438,0.09947086760506649
UBFC_PHYS_s13_T2_ctrl,94,96,97.2,1.1576628684997559,-0.0951195141366971
UBFC_PHYS_s13_T2_ctrl,94,97,97.23333333333333,1.2870376110076904,-0.33301365224375373
UBFC_PHYS_s13_T2_ctrl,94,98,97.26666666666667,1.1358554363250732,-0.5925920666470738
UBFC_PHYS_s13_T2_ctrl,94,99,97.3,0.7836253046989441,-0.8333035050166157
UBFC_PHYS_s13_T2_ctrl,94,100,97.33333333333333,0.3959391415119171,-1.0040135853476042
UBFC_PHYS_s13_T2_ctrl,94,101,97.36666666666666,0.060629650950431824,-1.0569938551067248
UBFC_PHYS_s13_T2_ctrl,94,102,97.4,-0.20336255431175232,-0.963651450232619
UBFC_PHYS_s13_T2_ctrl,94,103,97.43333333333334,-0.42147618532180786,-0.7266837667574249
UBFC_PHYS_s13_T2_ctrl,94,104,97.46666666666667,-0.6594167947769165,-0.38333922085526206
UBFC_PHYS_s13_T2_ctrl,94,105,97.5,-0.9402670860290527,0.0030737726668760637
UBFC_PHYS_s13_T2_ctrl,94,106,97.53333333333333,-1.165946364402771,0.36144086162294425
UBFC_PHYS_s13_T2_ctrl,94,107,97.56666666666666,-1.2109649181365967,0.634035707526662
UBFC_PHYS_s13_T2_ctrl,94,108,97.6,-1.0766276121139526,0.792006655993972
UBFC_PHYS_s13_T2_ctrl,94,109,97.63333333333334,-0.8865262269973755,0.8392451062519137
UBFC_PHYS_s13_T2_ctrl,94,110,97.66666666666667,-0.739690363407135,0.8047971153914174
UBFC_PHYS_s13_T2_ctrl,94,111,97.7,-0.642061173915863,0.7290246790793597
UBFC_PHYS_s13_T2_ctrl,94,112,97.73333333333333,-0.5745663046836853,0.6494255149515683
UBFC_PHYS_s13_T2_ctrl,94,113,97.76666666666667,-0.5363555550575256,0.5898530599045986
UBFC_PHYS_s13_T2_ctrl,94,114,97.8,-0.5168811082839966,0.5548610830307906
UBFC_PHYS_s13_T2_ctrl,94,115,97.83333333333333,-0.4995056986808777,0.5298581112955172
UBFC_PHYS_s13_T2_ctrl,94,116,97.86666666666666,-0.49000903964042664,0.48702340305269604
UBFC_PHYS_s13_T2_ctrl,94,117,97.9,-0.4997890889644623,0.39573067602482276
UBFC_PHYS_s13_T2_ctrl,94,118,97.93333333333334,-0.5178004503250122,0.23451299634386916
UBFC_PHYS_s13_T2_ctrl,94,119,97.96666666666667,-0.5192305445671082,0.0005925204380447004
UBFC_PHYS_s13_T2_ctrl,94,120,98.0,-0.4923057556152344,-0.2862612614024241
UBFC_PHYS_s13_T2_ctrl,94,121,98.03333333333333,-0.4424498975276947,-0.5868187396255332
UBFC_PHYS_s13_T2_ctrl,94,122,98.06666666666666,-0.3802866041660309,-0.8515926805120828
UBFC_PHYS_s13_T2_ctrl,94,123,98.1,-0.3112034499645233,-1.0335425011031045
UBFC_PHYS_s13_T2_ctrl,94,124,98.13333333333334,-0.2370457500219345,-1.1004480953241478
UBFC_PHYS_s13_T2_ctrl,94,125,98.16666666666667,-0.15474897623062134,-1.0429698876408833
UBFC_PHYS_s13_T2_ctrl,94,126,98.2,-0.05717582255601883,-0.8757063057954156
UBFC_PHYS_s13_T2_ctrl,94,127,98.23333333333333,0.06146003305912018,-0.6311053179488937
UBFC_PHYS_s13_T2_ctrl,94,128,98.26666666666667,0.20196260511875153,-0.3489495411148702
UBFC_PHYS_s13_T2_ctrl,94,129,98.3,0.35602807998657227,-0.06572522708406711
UBFC_PHYS_s13_T2_ctrl,94,130,98.33333333333333,0.5046960711479187,0.19245145406118508
UBFC_PHYS_s13_T2_ctrl,94,131,98.36666666666666,0.6262844204902649,0.41176615333767863
UBFC_PHYS_s13_T2_ctrl,94,132,98.4,0.7117478251457214,0.588087237161257
UBFC_PHYS_s13_T2_ctrl,94,133,98.43333333333334,0.7639696002006531,0.7219828868749957
UBFC_PHYS_s13_T2_ctrl,94,134,98.46666666666667,0.77928227186203,0.8142399026396862
UBFC_PHYS_s13_T2_ctrl,94,135,98.5,0.7473850250244141,0.8640207287670909
UBFC_PHYS_s13_T2_ctrl,94,136,98.53333333333333,0.6842002272605896,0.8698226984727783
UBFC_PHYS_s13_T2_ctrl,94,137,98.56666666666666,0.6408523321151733,0.8316228216708658
UBFC_PHYS_s13_T2_ctrl,94,138,98.6,0.647946834564209,0.7522894477799779
UBFC_PHYS_s13_T2_ctrl,94,139,98.63333333333334,0.6921053528785706,0.6372973393609088
UBFC_PHYS_s13_T2_ctrl,94,140,98.66666666666667,0.7653272151947021,0.49299282832032515
UBFC_PHYS_s13_T2_ctrl,94,141,98.7,0.9015790224075317,0.32434153212270217
UBFC_PHYS_s13_T2_ctrl,94,142,98.73333333333333,1.12248694896698,0.1330605526407315
UBFC_PHYS_s13_T2_ctrl,94,143,98.76666666666667,1.3844329118728638,-0.08320625714421066
UBFC_PHYS_s13_T2_ctrl,94,144,98.8,1.6299128532409668,-0.3299850648446953
UBFC_PHYS_s13_T2_ctrl,94,145,98.83333333333333,1.865517258644104,-0.6125783097949664
UBFC_PHYS_s13_T2_ctrl,94,146,98.86666666666666,2.1538047790527344,-0.9298824473502431
UBFC_PHYS_s13_T2_ctrl,94,147,98.9,2.538745880126953,-1.2665734975096263
UBFC_PHYS_s13_T2_ctrl,94,148,98.93333333333334,2.9020774364471436,-1.5868861950265547
UBFC_PHYS_s13_T2_ctrl,94,149,98.96666666666667,2.9706268310546875,-1.8343584730836462
UBFC_PHYS_s13_T2_ctrl,94,150,99.0,2.631709098815918,-1.940749989301347
UBFC_PHYS_s13_T2_ctrl,94,151,99.03333333333333,2.1142396926879883,-1.8439856499541993
UBFC_PHYS_s13_T2_ctrl,94,152,99.06666666666666,1.702679991722107,-1.5106757708745313
UBFC_PHYS_s13_T2_ctrl,94,153,99.1,1.4764602184295654,-0.9551898922472587
UBFC_PHYS_s13_T2_ctrl,94,154,99.13333333333334,1.4210619926452637,-0.24626961889542834
UBFC_PHYS_s13_T2_ctrl,94,155,99.16666666666667,1.4826518297195435,0.5046137210686545
UBFC_PHYS_s13_T2_ctrl,94,156,99.2,1.5441166162490845,1.171712137742836
UBFC_PHYS_s13_T2_ctrl,94,157,99.23333333333333,1.5126115083694458,1.6506838960187704
UBFC_PHYS_s13_T2_ctrl,94,158,99.26666666666667,1.390443205833435,1.8873571528737427
UBFC_PHYS_s13_T2_ctrl,94,159,99.3,1.2019004821777344,1.888024433878653
UBFC_PHYS_s13_T2_ctrl,94,160,99.33333333333333,0.9340397119522095,1.708968395438348
UBFC_PHYS_s13_T2_ctrl,94,161,99.36666666666666,0.6056534051895142,1.4323132436254102
UBFC_PHYS_s13_T2_ctrl,94,162,99.4,0.30159854888916016,1.1387535439390724
UBFC_PHYS_s13_T2_ctrl,94,163,99.43333333333334,0.07920780032873154,0.8857446381267561
UBFC_PHYS_s13_T2_ctrl,94,164,99.46666666666667,-0.09911339730024338,0.6959150956380203
UBFC_PHYS_s13_T2_ctrl,94,165,99.5,-0.28589656949043274,0.5568613367570345
UBFC_PHYS_s13_T2_ctrl,94,166,99.53333333333333,-0.46130484342575073,0.43077072605431904
UBFC_PHYS_s13_T2_ctrl,94,167,99.56666666666666,-0.6004531383514404,0.27056422633255206
UBFC_PHYS_s13_T2_ctrl,94,168,99.6,-0.7555763125419617,0.03824445177657043
UBFC_PHYS_s13_T2_ctrl,94,169,99.63333333333334,-0.9819443225860596,-0.2792559523427073
UBFC_PHYS_s13_T2_ctrl,94,170,99.66666666666667,-1.2459925413131714,-0.6611157185810196
UBFC_PHYS_s13_T2_ctrl,94,171,99.7,-1.4859564304351807,-1.0536585823964268
UBFC_PHYS_s13_T2_ctrl,94,172,99.73333333333333,-1.7161929607391357,-1.382086730291557
UBFC_PHYS_s13_T2_ctrl,94,173,99.76666666666667,-2.021388053894043,-1.5704783413001628
UBFC_PHYS_s13_T2_ctrl,94,174,99.8,-2.4573349952697754,-1.5645850847566096
UBFC_PHYS_s13_T2_ctrl,94,175,99.83333333333333,-2.879538059234619,-1.3502442008749387
UBFC_PHYS_s13_T2_ctrl,94,176,99.86666666666666,-2.9613735675811768,-0.9608143245605393
UBFC_PHYS_s13_T2_ctrl,94,177,99.9,-2.5648696422576904,-0.4702013039407618
UBFC_PHYS_s13_T2_ctrl,94,178,99.93333333333334,-1.9351897239685059,0.02700666734498973
UBFC_PHYS_s13_T2_ctrl,94,179,99.96666666666667,-1.3495628833770752,0.44181723336102985
UBFC_PHYS_s13_T2_ctrl,94,180,100.0,-0.8521873354911804,0.7142896577254417
UBFC_PHYS_s13_T2_ctrl,94,181,100.03333333333333,-0.4395402669906616,0.8261543917905396
UBFC_PHYS_s13_T2_ctrl,94,182,100.06666666666666,-0.15879544615745544,0.7995715889160209
UBFC_PHYS_s13_T2_ctrl,94,183,100.1,0.007356705609709024,0.6845840452908694
UBFC_PHYS_s13_T2_ctrl,94,184,100.13333333333334,0.13684354722499847,0.5408375279511046
UBFC_PHYS_s13_T2_ctrl,94,185,100.16666666666667,0.2780216336250305,0.4193588072057386
UBFC_PHYS_s13_T2_ctrl,94,186,100.2,0.42136135697364807,0.3489205880222231
UBFC_PHYS_s13_T2_ctrl,94,187,100.23333333333333,0.5253205299377441,0.32979423587761825
UBFC_PHYS_s13_T2_ctrl,94,188,100.26666666666667,0.556090772151947,0.33593111473450615
UBFC_PHYS_s13_T2_ctrl,94,189,100.3,0.514581561088562,0.3247928988483575
UBFC_PHYS_s13_T2_ctrl,94,190,100.33333333333333,0.4304560124874115,0.2521699718766732
UBFC_PHYS_s13_T2_ctrl,94,191,100.36666666666666,0.35131269693374634,0.0879025266906534
UBFC_PHYS_s13_T2_ctrl,94,192,100.4,0.3198768198490143,-0.1719492961592038
UBFC_PHYS_s13_T2_ctrl,94,193,100.43333333333334,0.33856701850891113,-0.5001107857040566
UBFC_PHYS_s13_T2_ctrl,94,194,100.46666666666667,0.39197176694869995,-0.8420718159677789
UBFC_PHYS_s13_T2_ctrl,94,195,100.5,0.5008407235145569,-1.1284046910484142
UBFC_PHYS_s13_T2_ctrl,94,196,100.53333333333333,0.6891298294067383,-1.2923202675412262
UBFC_PHYS_s13_T2_ctrl,94,197,100.56666666666666,0.905951738357544,-1.2875931604027615
UBFC_PHYS_s13_T2_ctrl,94,198,100.6,1.0794785022735596,-1.1015653298254284
UBFC_PHYS_s13_T2_ctrl,94,199,100.63333333333334,1.1767418384552002,-0.759157783806133
UBFC_PHYS_s13_T2_ctrl,94,200,100.66666666666667,1.176102638244629,-0.31650498926866516
UBFC_PHYS_s13_T2_ctrl,94,201,100.7,1.037415623664856,0.1537362059653269
UBFC_PHYS_s13_T2_ctrl,94,202,100.73333333333333,0.752281665802002,0.5804171291928835
UBFC_PHYS_s13_T2_ctrl,94,203,100.76666666666667,0.4069878160953522,0.9094540510513208
UBFC_PHYS_s13_T2_ctrl,94,204,100.8,0.14460694789886475,1.1129176886274743
UBFC_PHYS_s13_T2_ctrl,94,205,100.83333333333333,0.0317903608083725,1.19051442112056
UBFC_PHYS_s13_T2_ctrl,94,206,100.86666666666666,0.03124665841460228,1.1643752165717782
UBFC_PHYS_s13_T2_ctrl,94,207,100.9,0.06764835864305496,1.0692143183491767
UBFC_PHYS_s13_T2_ctrl,94,208,100.93333333333334,0.07723069936037064,0.9407178939383279
UBFC_PHYS_s13_T2_ctrl,94,209,100.96666666666667,0.03742509335279465,0.8054179571017246
UBFC_PHYS_s13_T2_ctrl,94,210,101.0,-0.018642153590917587,0.674927868236255
UBFC_PHYS_s13_T2_ctrl,94,211,101.03333333333333,-0.05599285662174225,0.5461013758429945
UBFC_PHYS_s13_T2_ctrl,94,212,101.06666666666666,-0.08155675232410431,0.40663116801624816
UBFC_PHYS_s13_T2_ctrl,94,213,101.1,-0.09365330636501312,0.24346695668642396
UBFC_PHYS_s13_T2_ctrl,94,214,101.13333333333334,-0.07171409577131271,0.050164433110571754
UBFC_PHYS_s13_T2_ctrl,94,215,101.16666666666667,-0.03075188770890236,-0.17013417978976833
UBFC_PHYS_s13_T2_ctrl,94,216,101.2,-0.012681198306381702,-0.4068458077729942
UBFC_PHYS_s13_T2_ctrl,94,217,101.23333333333333,-0.025367585942149162,-0.6469504423133895
UBFC_PHYS_s13_T2_ctrl,94,218,101.26666666666667,-0.04743201658129692,-0.8789828188289045
UBFC_PHYS_s13_T2_ctrl,94,219,101.3,-0.07087711989879608,-1.0930095466188814
UBFC_PHYS_s13_T2_ctrl,94,220,101.33333333333333,-0.09533713757991791,-1.2765582769425974
UBFC_PHYS_s13_T2_ctrl,94,221,101.36666666666666,-0.12251237034797668,-1.4096709348052099
UBFC_PHYS_s13_T2_ctrl,94,222,101.4,-0.16951461136341095,-1.463609910876996
UBFC_PHYS_s13_T2_ctrl,94,223,101.43333333333334,-0.24293091893196106,-1.4063141502805516
UBFC_PHYS_s13_T2_ctrl,94,224,101.46666666666667,-0.3124358355998993,-1.214044984654049
UBFC_PHYS_s13_T2_ctrl,94,225,101.5,-0.3518328368663788,-0.8847157324894066
UBFC_PHYS_s13_T2_ctrl,94,226,101.53333333333333,-0.38601359724998474,-0.44640544951179634
UBFC_PHYS_s13_T2_ctrl,94,227,101.56666666666666,-0.45324158668518066,0.04414295604054595
UBFC_PHYS_s13_T2_ctrl,94,228,101.6,-0.5367904901504517,0.5139443184921727
UBFC_PHYS_s13_T2_ctrl,94,229,101.63333333333334,-0.5751791596412659,0.8929019031722637
UBFC_PHYS_s13_T2_ctrl,94,230,101.66666666666667,-0.5256363749504089,1.1322573771548867
UBFC_PHYS_s13_T2_ctrl,94,231,101.7,-0.39653506875038147,1.2155379039332685
UBFC_PHYS_s13_T2_ctrl,94,232,101.73333333333333,-0.22238226234912872,1.1591713597514006
UBFC_PHYS_s13_T2_ctrl,94,233,101.76666666666667,-0.01741964742541313,1.0044237656513135
UBFC_PHYS_s13_T2_ctrl,94,234,101.8,0.22423464059829712,0.8045275448111088
UBFC_PHYS_s13_T2_ctrl,94,235,101.83333333333333,0.45803654193878174,0.6108657464717073
UBFC_PHYS_s13_T2_ctrl,94,236,101.86666666666666,0.5819479823112488,0.46123926689993566
UBFC_PHYS_s13_T2_ctrl,94,237,101.9,0.5579196214675903,0.37235157436328037
UBFC_PHYS_s13_T2_ctrl,94,238,101.93333333333334,0.4746408760547638,0.33782141952872474
UBFC_PHYS_s13_T2_ctrl,94,239,101.96666666666667,0.4284854829311371,0.332060611342125
UBFC_PHYS_s13_T2_ctrl,95,0,95.0,-0.011722304858267307,0.13703600095188828
UBFC_PHYS_s13_T2_ctrl,95,1,95.03333333333333,-0.06736776977777481,0.2414330081872239
UBFC_PHYS_s13_T2_ctrl,95,2,95.06666666666666,-0.12459491938352585,0.2835221722250624
UBFC_PHYS_s13_T2_ctrl,95,3,95.1,-0.08670380711555481,0.22004693728226787
UBFC_PHYS_s13_T2_ctrl,95,4,95.13333333333334,0.01646454446017742,0.03868102197199511
UBFC_PHYS_s13_T2_ctrl,95,5,95.16666666666667,0.07691765576601028,-0.2377072473811813
UBFC_PHYS_s13_T2_ctrl,95,6,95.2,0.08364309370517731,-0.5566677338433648
UBFC_PHYS_s13_T2_ctrl,95,7,95.23333333333333,0.11675620824098587,-0.849572662697062
UBFC_PHYS_s13_T2_ctrl,95,8,95.26666666666667,0.20529402792453766,-1.0486917487388765
UBFC_PHYS_s13_T2_ctrl,95,9,95.3,0.3164663314819336,-1.1035231881698837
UBFC_PHYS_s13_T2_ctrl,95,10,95.33333333333333,0.42877545952796936,-0.9930909911855413
UBFC_PHYS_s13_T2_ctrl,95,11,95.36666666666666,0.512195885181427,-0.7320991146107368
UBFC_PHYS_s13_T2_ctrl,95,12,95.4,0.528045654296875,-0.369346913296946
UBFC_PHYS_s13_T2_ctrl,95,13,95.43333333333334,0.486137717962265,0.022091437958625327
UBFC_PHYS_s13_T2_ctrl,95,14,95.46666666666667,0.4349769651889801,0.36084116376784553
UBFC_PHYS_s13_T2_ctrl,95,15,95.5,0.3975372910499573,0.5748708550197038
UBFC_PHYS_s13_T2_ctrl,95,16,95.53333333333333,0.3558962941169739,0.6161473180521241
UBFC_PHYS_s13_T2_ctrl,95,17,95.56666666666666,0.2928696572780609,0.46972560123698553
UBFC_PHYS_s13_T2_ctrl,95,18,95.6,0.23217269778251648,0.15734122057909894
UBFC_PHYS_s13_T2_ctrl,95,19,95.63333333333334,0.2268674671649933,-0.26370925684649205
UBFC_PHYS_s13_T2_ctrl,95,20,95.66666666666667,0.3032131791114807,-0.7073560986809377
UBFC_PHYS_s13_T2_ctrl,95,21,95.7,0.40730416774749756,-1.073074929917946
UBFC_PHYS_s13_T2_ctrl,95,22,95.73333333333333,0.40418365597724915,-1.2669962890339668
UBFC_PHYS_s13_T2_ctrl,95,23,95.76666666666667,0.19565895199775696,-1.225142375486126
UBFC_PHYS_s13_T2_ctrl,95,24,95.8,-0.14602667093276978,-0.9321589119216233
UBFC_PHYS_s13_T2_ctrl,95,25,95.83333333333333,-0.5015157461166382,-0.42905818051868655
UBFC_PHYS_s13_T2_ctrl,95,26,95.86666666666666,-0.8337178826332092,0.19469210333491568
UBFC_PHYS_s13_T2_ctrl,95,27,95.9,-1.0361069440841675,0.8243822809731548
UBFC_PHYS_s13_T2_ctrl,95,28,95.93333333333334,-0.9241965413093567,1.3506073399658498
UBFC_PHYS_s13_T2_ctrl,95,29,95.96666666666667,-0.5404877066612244,1.6950084228970252
UBFC_PHYS_s13_T2_ctrl,95,30,96.0,-0.18704161047935486,1.8227652384742417
UBFC_PHYS_s13_T2_ctrl,95,31,96.03333333333333,-0.06647807359695435,1.741118507934175
UBFC_PHYS_s13_T2_ctrl,95,32,96.06666666666666,-0.1147061213850975,1.4887028406462128
UBFC_PHYS_s13_T2_ctrl,95,33,96.1,-0.2407495081424713,1.1217367418887103
UBFC_PHYS_s13_T2_ctrl,95,34,96.13333333333334,-0.4203525185585022,0.7013964174171945
UBFC_PHYS_s13_T2_ctrl,95,35,96.16666666666667,-0.6255622506141663,0.2842545581286943
UBFC_PHYS_s13_T2_ctrl,95,36,96.2,-0.7823660373687744,-0.08383543862438195
UBFC_PHYS_s13_T2_ctrl,95,37,96.23333333333333,-0.8374612331390381,-0.3706992451168681
UBFC_PHYS_s13_T2_ctrl,95,38,96.26666666666667,-0.8444041013717651,-0.5584924049661085
UBFC_PHYS_s13_T2_ctrl,95,39,96.3,-0.9158103466033936,-0.6432381548684546
UBFC_PHYS_s13_T2_ctrl,95,40,96.33333333333333,-1.0616610050201416,-0.6341873134306589
UBFC_PHYS_s13_T2_ctrl,95,41,96.36666666666666,-1.152021050453186,-0.5530526090823068
UBFC_PHYS_s13_T2_ctrl,95,42,96.4,-1.0550674200057983,-0.43213346045951506
UBFC_PHYS_s13_T2_ctrl,95,43,96.43333333333334,-0.7861489057540894,-0.31000878881425054
UBFC_PHYS_s13_T2_ctrl,95,44,96.46666666666667,-0.4876958429813385,-0.22434414082079024
UBFC_PHYS_s13_T2_ctrl,95,45,96.5,-0.2913336157798767,-0.20298246426332867
UBFC_PHYS_s13_T2_ctrl,95,46,96.53333333333333,-0.23650863766670227,-0.2559076250082076
UBFC_PHYS_s13_T2_ctrl,95,47,96.56666666666666,-0.28301000595092773,-0.3710707600781034
UBFC_PHYS_s13_T2_ctrl,95,48,96.6,-0.39220520853996277,-0.5161087622397191
UBFC_PHYS_s13_T2_ctrl,95,49,96.63333333333334,-0.5328725576400757,-0.6459892699129224
UBFC_PHYS_s13_T2_ctrl,95,50,96.66666666666667,-0.6479364633560181,-0.7144720441046096
UBFC_PHYS_s13_T2_ctrl,95,51,96.7,-0.6802092790603638,-0.6861308216055375
UBFC_PHYS_s13_T2_ctrl,95,52,96.73333333333333,-0.6324228048324585,-0.5460339780318212
UBFC_PHYS_s13_T2_ctrl,95,53,96.76666666666667,-0.551002562046051,-0.3052088022325516
UBFC_PHYS_s13_T2_ctrl,95,54,96.8,-0.49849408864974976,-0.000709657659577684
UBFC_PHYS_s13_T2_ctrl,95,55,96.83333333333333,-0.5235769152641296,0.3105421806965414
UBFC_PHYS_s13_T2_ctrl,95,56,96.86666666666666,-0.5735151171684265,0.5642432194400815
UBFC_PHYS_s13_T2_ctrl,95,57,96.9,-0.5387774705886841,0.7056014654821071
UBFC_PHYS_s13_T2_ctrl,95,58,96.93333333333334,-0.43176698684692383,0.7057923166978415
UBFC_PHYS_s13_T2_ctrl,95,59,96.96666666666667,-0.35491710901260376,0.5717428187326774
UBFC_PHYS_s13_T2_ctrl,95,60,97.0,-0.2982040345668793,0.34504509797010935
UBFC_PHYS_s13_T2_ctrl,95,61,97.03333333333333,-0.15724670886993408,0.08997823610911192
UBFC_PHYS_s13_T2_ctrl,95,62,97.06666666666666,0.07328967750072479,-0.12552515859725022
UBFC_PHYS_s13_T2_ctrl,95,63,97.1,0.3240583837032318,-0.24989300695001793
UBFC_PHYS_s13_T2_ctrl,95,64,97.13333333333334,0.577690601348877,-0.26255163795363584
UBFC_PHYS_s13_T2_ctrl,95,65,97.16666666666667,0.8686141967773438,-0.1784143939119915
UBFC_PHYS_s13_T2_ctrl,95,66,97.2,1.1576628684997559,-0.04055670150753462
UBFC_PHYS_s13_T2_ctrl,95,67,97.23333333333333,1.2870376110076904,0.09645742551297651
UBFC_PHYS_s13_T2_ctrl,95,68,97.26666666666667,1.1358554363250732,0.18621819529836822
UBFC_PHYS_s13_T2_ctrl,95,69,97.3,0.7836253046989441,0.2052622563616657
UBFC_PHYS_s13_T2_ctrl,95,70,97.33333333333333,0.3959391415119171,0.1575755227335546
UBFC_PHYS_s13_T2_ctrl,95,71,97.36666666666666,0.060629650950431824,0.06827103112398787
UBFC_PHYS_s13_T2_ctrl,95,72,97.4,-0.20336255431175232,-0.029349542424922638
UBFC_PHYS_s13_T2_ctrl,95,73,97.43333333333334,-0.42147618532180786,-0.10690791540341125
UBFC_PHYS_s13_T2_ctrl,95,74,97.46666666666667,-0.6594167947769165,-0.14894205888897263
UBFC_PHYS_s13_T2_ctrl,95,75,97.5,-0.9402670860290527,-0.1537777047791589
UBFC_PHYS_s13_T2_ctrl,95,76,97.53333333333333,-1.165946364402771,-0.12867991401866963
UBFC_PHYS_s13_T2_ctrl,95,77,97.56666666666666,-1.2109649181365967,-0.08289539239216655
UBFC_PHYS_s13_T2_ctrl,95,78,97.6,-1.0766276121139526,-0.022609627347057827
UBFC_PHYS_s13_T2_ctrl,95,79,97.63333333333334,-0.8865262269973755,0.049695527177416425
UBFC_PHYS_s13_T2_ctrl,95,80,97.66666666666667,-0.739690363407135,0.13179558150945603
UBFC_PHYS_s13_T2_ctrl,95,81,97.7,-0.642061173915863,0.21684248470489392
UBFC_PHYS_s13_T2_ctrl,95,82,97.73333333333333,-0.5745663046836853,0.29022816751530367
UBFC_PHYS_s13_T2_ctrl,95,83,97.76666666666667,-0.5363555550575256,0.3303042849043496
UBFC_PHYS_s13_T2_ctrl,95,84,97.8,-0.5168811082839966,0.31336257183104255
UBFC_PHYS_s13_T2_ctrl,95,85,97.83333333333333,-0.4995056986808777,0.22154678989169801
UBFC_PHYS_s13_T2_ctrl,95,86,97.86666666666666,-0.49000903964042664,0.05104462707611741
UBFC_PHYS_s13_T2_ctrl,95,87,97.9,-0.4997890889644623,-0.1824846323304007
UBFC_PHYS_s13_T2_ctrl,95,88,97.93333333333334,-0.5178004503250122,-0.4435220288422143
UBFC_PHYS_s13_T2_ctrl,95,89,97.96666666666667,-0.5192305445671082,-0.6820690801121994
UBFC_PHYS_s13_T2_ctrl,95,90,98.0,-0.4923057556152344,-0.8438484829818466
UBFC_PHYS_s13_T2_ctrl,95,91,98.03333333333333,-0.4424498975276947,-0.8830852300798696
UBFC_PHYS_s13_T2_ctrl,95,92,98.06666666666666,-0.3802866041660309,-0.7749135020955764
UBFC_PHYS_s13_T2_ctrl,95,93,98.1,-0.3112034499645233,-0.5241320091365415
UBFC_PHYS_s13_T2_ctrl,95,94,98.13333333333334,-0.2370457500219345,-0.16714353895392917
UBFC_PHYS_s13_T2_ctrl,95,95,98.16666666666667,-0.15474897623062134,0.23483078307932587
UBFC_PHYS_s13_T2_ctrl,95,96,98.2,-0.05717582255601883,0.6104229270054876
UBFC_PHYS_s13_T2_ctrl,95,97,98.23333333333333,0.06146003305912018,0.8965536659912314
UBFC_PHYS_s13_T2_ctrl,95,98,98.26666666666667,0.20196260511875153,1.0543952500141711
UBFC_PHYS_s13_T2_ctrl,95,99,98.3,0.35602807998657227,1.077190816792833
UBFC_PHYS_s13_T2_ctrl,95,100,98.33333333333333,0.5046960711479187,0.9876779230877663
UBFC_PHYS_s13_T2_ctrl,95,101,98.36666666666666,0.6262844204902649,0.8271894139228612
UBFC_PHYS_s13_T2_ctrl,95,102,98.4,0.7117478251457214,0.641350233676073
UBFC_PHYS_s13_T2_ctrl,95,103,98.43333333333334,0.7639696002006531,0.46761333145377126
UBFC_PHYS_s13_T2_ctrl,95,104,98.46666666666667,0.77928227186203,0.3280390957724272
UBFC_PHYS_s13_T2_ctrl,95,105,98.5,0.7473850250244141,0.22806807938944326
UBFC_PHYS_s13_T2_ctrl,95,106,98.53333333333333,0.6842002272605896,0.15994073324753963
UBFC_PHYS_s13_T2_ctrl,95,107,98.56666666666666,0.6408523321151733,0.10840743555594498
UBFC_PHYS_s13_T2_ctrl,95,108,98.6,0.647946834564209,0.056382266333574
UBFC_PHYS_s13_T2_ctrl,95,109,98.63333333333334,0.6921053528785706,-0.010979378707171413
UBFC_PHYS_s13_T2_ctrl,95,110,98.66666666666667,0.7653272151947021,-0.10411569772273804
UBFC_PHYS_s13_T2_ctrl,95,111,98.7,0.9015790224075317,-0.22839287753801016
UBFC_PHYS_s13_T2_ctrl,95,112,98.73333333333333,1.12248694896698,-0.384509098011133
UBFC_PHYS_s13_T2_ctrl,95,113,98.76666666666667,1.3844329118728638,-0.5694549494366087
UBFC_PHYS_s13_T2_ctrl,95,114,98.8,1.6299128532409668,-0.7769085083510706
UBFC_PHYS_s13_T2_ctrl,95,115,98.83333333333333,1.865517258644104,-0.9959544350566272
UBFC_PHYS_s13_T2_ctrl,95,116,98.86666666666666,2.1538047790527344,-1.2085022757842572
UBFC_PHYS_s13_T2_ctrl,95,117,98.9,2.538745880126953,-1.3874966083503937
UBFC_PHYS_s13_T2_ctrl,95,118,98.93333333333334,2.9020774364471436,-1.4983793121165931
UBFC_PHYS_s13_T2_ctrl,95,119,98.96666666666667,2.9706268310546875,-1.5052789744682151
UBFC_PHYS_s13_T2_ctrl,95,120,99.0,2.631709098815918,-1.3816717476355942
UBFC_PHYS_s13_T2_ctrl,95,121,99.03333333333333,2.1142396926879883,-1.1228577115953378
UBFC_PHYS_s13_T2_ctrl,95,122,99.06666666666666,1.702679991722107,-0.7550446126643052
UBFC_PHYS_s13_T2_ctrl,95,123,99.1,1.4764602184295654,-0.33489139274872415
UBFC_PHYS_s13_T2_ctrl,95,124,99.13333333333334,1.4210619926452637,0.06416701114065096
UBFC_PHYS_s13_T2_ctrl,95,125,99.16666666666667,1.4826518297195435,0.37621081940543566
UBFC_PHYS_s13_T2_ctrl,95,126,99.2,1.5441166162490845,0.567692206763378
UBFC_PHYS_s13_T2_ctrl,95,127,99.23333333333333,1.5126115083694458,0.6503378589731846
UBFC_PHYS_s13_T2_ctrl,95,128,99.26666666666667,1.390443205833435,0.6754719361021415
UBFC_PHYS_s13_T2_ctrl,95,129,99.3,1.2019004821777344,0.7126652751419664
UBFC_PHYS_s13_T2_ctrl,95,130,99.33333333333333,0.9340397119522095,0.8220310765762089
UBFC_PHYS_s13_T2_ctrl,95,131,99.36666666666666,0.6056534051895142,1.0307617051964353
UBFC_PHYS_s13_T2_ctrl,95,132,99.4,0.30159854888916016,1.3218077340723704
UBFC_PHYS_s13_T2_ctrl,95,133,99.43333333333334,0.07920780032873154,1.6376524437618696
UBFC_PHYS_s13_T2_ctrl,95,134,99.46666666666667,-0.09911339730024338,1.896822713455512
UBFC_PHYS_s13_T2_ctrl,95,135,99.5,-0.28589656949043274,2.016980515282774
UBFC_PHYS_s13_T2_ctrl,95,136,99.53333333333333,-0.46130484342575073,1.9372969468546628
UBFC_PHYS_s13_T2_ctrl,95,137,99.56666666666666,-0.6004531383514404,1.6342154683163859
UBFC_PHYS_s13_T2_ctrl,95,138,99.6,-0.7555763125419617,1.1276353516577258
UBFC_PHYS_s13_T2_ctrl,95,139,99.63333333333334,-0.9819443225860596,0.4775574285829603
UBFC_PHYS_s13_T2_ctrl,95,140,99.66666666666667,-1.2459925413131714,-0.22680751440438054
UBFC_PHYS_s13_T2_ctrl,95,141,99.7,-1.4859564304351807,-0.882891065890538
UBFC_PHYS_s13_T2_ctrl,95,142,99.73333333333333,-1.7161929607391357,-1.3932661615127027
UBFC_PHYS_s13_T2_ctrl,95,143,99.76666666666667,-2.021388053894043,-1.6844133490999467
UBFC_PHYS_s13_T2_ctrl,95,144,99.8,-2.4573349952697754,-1.7224415692631805
UBFC_PHYS_s13_T2_ctrl,95,145,99.83333333333333,-2.879538059234619,-1.52167167645565
UBFC_PHYS_s13_T2_ctrl,95,146,99.86666666666666,-2.9613735675811768,-1.1427176489495383
UBFC_PHYS_s13_T2_ctrl,95,147,99.9,-2.5648696422576904,-0.679168467977528
UBFC_PHYS_s13_T2_ctrl,95,148,99.93333333333334,-1.9351897239685059,-0.23544371355239815
UBFC_PHYS_s13_T2_ctrl,95,149,99.96666666666667,-1.3495628833770752,0.09838456715442165
UBFC_PHYS_s13_T2_ctrl,95,150,100.0,-0.8521873354911804,0.26744388914079276
UBFC_PHYS_s13_T2_ctrl,95,151,100.03333333333333,-0.4395402669906616,0.26237901465231417
UBFC_PHYS_s13_T2_ctrl,95,152,100.06666666666666,-0.15879544615745544,0.11666376657796695
UBFC_PHYS_s13_T2_ctrl,95,153,100.1,0.007356705609709024,-0.1071245006139223
UBFC_PHYS_s13_T2_ctrl,95,154,100.13333333333334,0.13684354722499847,-0.3370242720595163
UBFC_PHYS_s13_T2_ctrl,95,155,100.16666666666667,0.2780216336250305,-0.5113305868188837
UBFC_PHYS_s13_T2_ctrl,95,156,100.2,0.42136135697364807,-0.5928805623795599
UBFC_PHYS_s13_T2_ctrl,95,157,100.23333333333333,0.5253205299377441,-0.5749332579315136
UBFC_PHYS_s13_T2_ctrl,95,158,100.26666666666667,0.556090772151947,-0.4784948466363203
UBFC_PHYS_s13_T2_ctrl,95,159,100.3,0.514581561088562,-0.34323175316696425
UBFC_PHYS_s13_T2_ctrl,95,160,100.33333333333333,0.4304560124874115,-0.21497118902118612
UBFC_PHYS_s13_T2_ctrl,95,161,100.36666666666666,0.35131269693374634,-0.1326518163169392
UBFC_PHYS_s13_T2_ctrl,95,162,100.4,0.3198768198490143,-0.11730970811644362
UBFC_PHYS_s13_T2_ctrl,95,163,100.43333333333334,0.33856701850891113,-0.1655740206692497
UBFC_PHYS_s13_T2_ctrl,95,164,100.46666666666667,0.39197176694869995,-0.24983531822228144
UBFC_PHYS_s13_T2_ctrl,95,165,100.5,0.5008407235145569,-0.3259197109101381
UBFC_PHYS_s13_T2_ctrl,95,166,100.53333333333333,0.6891298294067383,-0.34652863973504233
UBFC_PHYS_s13_T2_ctrl,95,167,100.56666666666666,0.905951738357544,-0.27609888630296997
UBFC_PHYS_s13_T2_ctrl,95,168,100.6,1.0794785022735596,-0.10173439273705545
UBFC_PHYS_s13_T2_ctrl,95,169,100.63333333333334,1.1767418384552002,0.1637267045925443
UBFC_PHYS_s13_T2_ctrl,95,170,100.66666666666667,1.176102638244629,0.48703966333936105
UBFC_PHYS_s13_T2_ctrl,95,171,100.7,1.037415623664856,0.8250888160175379
UBFC_PHYS_s13_T2_ctrl,95,172,100.73333333333333,0.752281665802002,1.1354457238858193
UBFC_PHYS_s13_T2_ctrl,95,173,100.76666666666667,0.4069878160953522,1.3827812820404293
UBFC_PHYS_s13_T2_ctrl,95,174,100.8,0.14460694789886475,1.54045464758153
UBFC_PHYS_s13_T2_ctrl,95,175,100.83333333333333,0.0317903608083725,1.5897126789679084
UBFC_PHYS_s13_T2_ctrl,95,176,100.86666666666666,0.03124665841460228,1.519313680140334
UBFC_PHYS_s13_T2_ctrl,95,177,100.9,0.06764835864305496,1.326777572552948
UBFC_PHYS_s13_T2_ctrl,95,178,100.93333333333334,0.07723069936037064,1.0207893481190922
UBFC_PHYS_s13_T2_ctrl,95,179,100.96666666666667,0.03742509335279465,0.6233473183858709
UBFC_PHYS_s13_T2_ctrl,95,180,101.0,-0.018642153590917587,0.17007193912466034
UBFC_PHYS_s13_T2_ctrl,95,181,101.03333333333333,-0.05599285662174225,-0.29241208385059786
UBFC_PHYS_s13_T2_ctrl,95,182,101.06666666666666,-0.08155675232410431,-0.7121970844676347
UBFC_PHYS_s13_T2_ctrl,95,183,101.1,-0.09365330636501312,-1.0402508327615911
UBFC_PHYS_s13_T2_ctrl,95,184,101.13333333333334,-0.07171409577131271,-1.239806801878044
UBFC_PHYS_s13_T2_ctrl,95,185,101.16666666666667,-0.03075188770890236,-1.295192146752713
UBFC_PHYS_s13_T2_ctrl,95,186,101.2,-0.012681198306381702,-1.2175379956398658
UBFC_PHYS_s13_T2_ctrl,95,187,101.23333333333333,-0.025367585942149162,-1.0446889003964952
UBFC_PHYS_s13_T2_ctrl,95,188,101.26666666666667,-0.04743201658129692,-0.8338531466351454
UBFC_PHYS_s13_T2_ctrl,95,189,101.3,-0.07087711989879608,-0.6476984940960901
UBFC_PHYS_s13_T2_ctrl,95,190,101.33333333333333,-0.09533713757991791,-0.5368558234212439
UBFC_PHYS_s13_T2_ctrl,95,191,101.36666666666666,-0.12251237034797668,-0.5237051670990199
UBFC_PHYS_s13_T2_ctrl,95,192,101.4,-0.16951461136341095,-0.5932536977840199
UBFC_PHYS_s13_T2_ctrl,95,193,101.43333333333334,-0.24293091893196106,-0.6956133769455456
UBFC_PHYS_s13_T2_ctrl,95,194,101.46666666666667,-0.3124358355998993,-0.7606533483070642
UBFC_PHYS_s13_T2_ctrl,95,195,101.5,-0.3518328368663788,-0.7206065343882718
UBFC_PHYS_s13_T2_ctrl,95,196,101.53333333333333,-0.38601359724998474,-0.5331685209644245
UBFC_PHYS_s13_T2_ctrl,95,197,101.56666666666666,-0.45324158668518066,-0.1972403486585622
UBFC_PHYS_s13_T2_ctrl,95,198,101.6,-0.5367904901504517,0.24402098952688644
UBFC_PHYS_s13_T2_ctrl,95,199,101.63333333333334,-0.5751791596412659,0.7137887964016473
UBFC_PHYS_s13_T2_ctrl,95,200,101.66666666666667,-0.5256363749504089,1.1221249598126772
UBFC_PHYS_s13_T2_ctrl,95,201,101.7,-0.39653506875038147,1.3897840004531212
UBFC_PHYS_s13_T2_ctrl,95,202,101.73333333333333,-0.22238226234912872,1.468105117049674
UBFC_PHYS_s13_T2_ctrl,95,203,101.76666666666667,-0.01741964742541313,1.3498317364275512
UBFC_PHYS_s13_T2_ctrl,95,204,101.8,0.22423464059829712,1.0689741488614108
UBFC_PHYS_s13_T2_ctrl,95,205,101.83333333333333,0.45803654193878174,0.6908382569597276
UBFC_PHYS_s13_T2_ctrl,95,206,101.86666666666666,0.5819479823112488,0.2951814819980461
UBFC_PHYS_s13_T2_ctrl,95,207,101.9,0.5579196214675903,-0.04341092208397024
UBFC_PHYS_s13_T2_ctrl,95,208,101.93333333333334,0.4746408760547638,-0.27292094193996896
UBFC_PHYS_s13_T2_ctrl,95,209,101.96666666666667,0.4284854829311371,-0.37410990907093467
UBFC_PHYS_s13_T2_ctrl,95,210,102.0,0.40163978934288025,-0.36050767667034056
UBFC_PHYS_s13_T2_ctrl,95,211,102.03333333333333,0.30714431405067444,-0.268645124707021
UBFC_PHYS_s13_T2_ctrl,95,212,102.06666666666666,0.12579485774040222,-0.14276421821253227
UBFC_PHYS_s13_T2_ctrl,95,213,102.1,-0.07221166789531708,-0.02035966124149923
UBFC_PHYS_s13_T2_ctrl,95,214,102.13333333333334,-0.1874699741601944,0.07591984175530504
UBFC_PHYS_s13_T2_ctrl,95,215,102.16666666666667,-0.1708788126707077,0.13788298604945012
UBFC_PHYS_s13_T2_ctrl,95,216,102.2,-0.09397953003644943,0.16506180079696536
UBFC_PHYS_s13_T2_ctrl,95,217,102.23333333333333,-0.10057645291090012,0.15662497159342403
UBFC_PHYS_s13_T2_ctrl,95,218,102.26666666666667,-0.22899894416332245,0.1068876799317732
UBFC_PHYS_s13_T2_ctrl,95,219,102.3,-0.36613717675209045,0.006883258095695509
UBFC_PHYS_s13_T2_ctrl,95,220,102.33333333333333,-0.43422847986221313,-0.14885351470327873
UBFC_PHYS_s13_T2_ctrl,95,221,102.36666666666666,-0.44875025749206543,-0.3536416780560059
UBFC_PHYS_s13_T2_ctrl,95,222,102.4,-0.41836225986480713,-0.5822773976497057
UBFC_PHYS_s13_T2_ctrl,95,223,102.43333333333334,-0.3270202577114105,-0.7904251644874116
UBFC_PHYS_s13_T2_ctrl,95,224,102.46666666666667,-0.19163836538791656,-0.9218395905938122
UBFC_PHYS_s13_T2_ctrl,95,225,102.5,-0.05838185176253319,-0.92320940462084
UBFC_PHYS_s13_T2_ctrl,95,226,102.53333333333333,0.03767552599310875,-0.7632986506669642
UBFC_PHYS_s13_T2_ctrl,95,227,102.56666666666666,0.09494880586862564,-0.4498297648356736
UBFC_PHYS_s13_T2_ctrl,95,228,102.6,0.1289878636598587,-0.035909767376775294
UBFC_PHYS_s13_T2_ctrl,95,229,102.63333333333334,0.15117092430591583,0.3898805452413406
UBFC_PHYS_s13_T2_ctrl,95,230,102.66666666666667,0.16572237014770508,0.7288445171526529
UBFC_PHYS_s13_T2_ctrl,95,231,102.7,0.176092267036438,0.9042671652943954
UBFC_PHYS_s13_T2_ctrl,95,232,102.73333333333333,0.1827419102191925,0.8873403951089264
UBFC_PHYS_s13_T2_ctrl,95,233,102.76666666666667,0.20017662644386292,0.7061290120593666
UBFC_PHYS_s13_T2_ctrl,95,234,102.8,0.275194376707077,0.4344272524529807
UBFC_PHYS_s13_T2_ctrl,95,235,102.83333333333333,0.41370007395744324,0.16572050075185385
UBFC_PHYS_s13_T2_ctrl,95,236,102.86666666666666,0.5162028074264526,-0.017970304668070203
UBFC_PHYS_s13_T2_ctrl,95,237,102.9,0.47454532980918884,-0.07210725541409635
UBFC_PHYS_s13_T2_ctrl,95,238,102.93333333333334,0.3157084286212921,-0.0023774006380737436
UBFC_PHYS_s13_T2_ctrl,95,239,102.96666666666667,0.16118164360523224,0.1396065911923032
UBFC_PHYS_s13_T2_ctrl,96,0,96.0,-0.18704161047935486,0.03657669506203434
UBFC_PHYS_s13_T2_ctrl,96,1,96.03333333333333,-0.06647807359695435,0.2772760337147358
UBFC_PHYS_s13_T2_ctrl,96,2,96.06666666666666,-0.1147061213850975,0.46170991946672735
UBFC_PHYS_s13_T2_ctrl,96,3,96.1,-0.2407495081424713,0.5469502253567634
UBFC_PHYS_s13_T2_ctrl,96,4,96.13333333333334,-0.4203525185585022,0.5122874753753951
UBFC_PHYS_s13_T2_ctrl,96,5,96.16666666666667,-0.6255622506141663,0.36655812630329326
UBFC_PHYS_s13_T2_ctrl,96,6,96.2,-0.7823660373687744,0.14866635621330807
UBFC_PHYS_s13_T2_ctrl,96,7,96.23333333333333,-0.8374612331390381,-0.08114727311370697
UBFC_PHYS_s13_T2_ctrl,96,8,96.26666666666667,-0.8444041013717651,-0.25805950413725876
UBFC_PHYS_s13_T2_ctrl,96,9,96.3,-0.9158103466033936,-0.3322484376071683
UBFC_PHYS_s13_T2_ctrl,96,10,96.33333333333333,-1.0616610050201416,-0.2845757426643478
UBFC_PHYS_s13_T2_ctrl,96,11,96.36666666666666,-1.152021050453186,-0.1329960326876454
UBFC_PHYS_s13_T2_ctrl,96,12,96.4,-1.0550674200057983,0.0724753462264739
UBFC_PHYS_s13_T2_ctrl,96,13,96.43333333333334,-0.7861489057540894,0.2647963789069304
UBFC_PHYS_s13_T2_ctrl,96,14,96.46666666666667,-0.4876958429813385,0.3806191636443201
UBFC_PHYS_s13_T2_ctrl,96,15,96.5,-0.2913336157798767,0.380623229643717
UBFC_PHYS_s13_T2_ctrl,96,16,96.53333333333333,-0.23650863766670227,0.26297096142085363
UBFC_PHYS_s13_T2_ctrl,96,17,96.56666666666666,-0.28301000595092773,0.06493598004685043
UBFC_PHYS_s13_T2_ctrl,96,18,96.6,-0.39220520853996277,-0.14860433395033998
UBFC_PHYS_s13_T2_ctrl,96,19,96.63333333333334,-0.5328725576400757,-0.3065580764009575
UBFC_PHYS_s13_T2_ctrl,96,20,96.66666666666667,-0.6479364633560181,-0.3559194479751036
UBFC_PHYS_s13_T2_ctrl,96,21,96.7,-0.6802092790603638,-0.2805641642895222
UBFC_PHYS_s13_T2_ctrl,96,22,96.73333333333333,-0.6324228048324585,-0.10765505634013842
UBFC_PHYS_s13_T2_ctrl,96,23,96.76666666666667,-0.551002562046051,0.10098228088370198
UBFC_PHYS_s13_T2_ctrl,96,24,96.8,-0.49849408864974976,0.26961199862994684
UBFC_PHYS_s13_T2_ctrl,96,25,96.83333333333333,-0.5235769152641296,0.33417056438596904
UBFC_PHYS_s13_T2_ctrl,96,26,96.86666666666666,-0.5735151171684265,0.2640222768032545
UBFC_PHYS_s13_T2_ctrl,96,27,96.9,-0.5387774705886841,0.07282922533900747
UBFC_PHYS_s13_T2_ctrl,96,28,96.93333333333334,-0.43176698684692383,-0.1850249865939414
UBFC_PHYS_s13_T2_ctrl,96,29,96.96666666666667,-0.35491710901260376,-0.4314949133994037
UBFC_PHYS_s13_T2_ctrl,96,30,97.0,-0.2982040345668793,-0.5899802337177836
UBFC_PHYS_s13_T2_ctrl,96,31,97.03333333333333,-0.15724670886993408,-0.610302716896527
UBFC_PHYS_s13_T2_ctrl,96,32,97.06666666666666,0.07328967750072479,-0.4855033609531094
UBFC_PHYS_s13_T2_ctrl,96,33,97.1,0.3240583837032318,-0.2549296177280631
UBFC_PHYS_s13_T2_ctrl,96,34,97.13333333333334,0.577690601348877,0.008033343006406152
UBFC_PHYS_s13_T2_ctrl,96,35,97.16666666666667,0.8686141967773438,0.22049746487566865
UBFC_PHYS_s13_T2_ctrl,96,36,97.2,1.1576628684997559,0.31908185532486155
UBFC_PHYS_s13_T2_ctrl,96,37,97.23333333333333,1.2870376110076904,0.2829891384208276
UBFC_PHYS_s13_T2_ctrl,96,38,97.26666666666667,1.1358554363250732,0.14202796054462485
UBFC_PHYS_s13_T2_ctrl,96,39,97.3,0.7836253046989441,-0.03426349466494278
UBFC_PHYS_s13_T2_ctrl,96,40,97.33333333333333,0.3959391415119171,-0.1627993925074586
UBFC_PHYS_s13_T2_ctrl,96,41,97.36666666666666,0.060629650950431824,-0.1785660257916421
UBFC_PHYS_s13_T2_ctrl,96,42,97.4,-0.20336255431175232,-0.059607127934524384
UBFC_PHYS_s13_T2_ctrl,96,43,97.43333333333334,-0.42147618532180786,0.16419659667373923
UBFC_PHYS_s13_T2_ctrl,96,44,97.46666666666667,-0.6594167947769165,0.4220480336403501
UBFC_PHYS_s13_T2_ctrl,96,45,97.5,-0.9402670860290527,0.6286985106220347
UBFC_PHYS_s13_T2_ctrl,96,46,97.53333333333333,-1.165946364402771,0.7158572476784608
UBFC_PHYS_s13_T2_ctrl,96,47,97.56666666666666,-1.2109649181365967,0.6559347530873428
UBFC_PHYS_s13_T2_ctrl,96,48,97.6,-1.0766276121139526,0.4693204598560943
UBFC_PHYS_s13_T2_ctrl,96,49,97.63333333333334,-0.8865262269973755,0.21376027613910492
UBFC_PHYS_s13_T2_ctrl,96,50,97.66666666666667,-0.739690363407135,-0.03852749258732374
UBFC_PHYS_s13_T2_ctrl,96,51,97.7,-0.642061173915863,-0.2265006901994514
UBFC_PHYS_s13_T2_ctrl,96,52,97.73333333333333,-0.5745663046836853,-0.31958714963502355
UBFC_PHYS_s13_T2_ctrl,96,53,97.76666666666667,-0.5363555550575256,-0.3249190179039553
UBFC_PHYS_s13_T2_ctrl,96,54,97.8,-0.5168811082839966,-0.28124918857536263
UBFC_PHYS_s13_T2_ctrl,96,55,97.83333333333333,-0.4995056986808777,-0.2424492890140251
UBFC_PHYS_s13_T2_ctrl,96,56,97.86666666666666,-0.49000903964042664,-0.2565295423524775
UBFC_PHYS_s13_T2_ctrl,96,57,97.9,-0.4997890889644623,-0.34727896240959166
UBFC_PHYS_s13_T2_ctrl,96,58,97.93333333333334,-0.5178004503250122,-0.5045332087905341
UBFC_PHYS_s13_T2_ctrl,96,59,97.96666666666667,-0.5192305445671082,-0.6861176730006969
UBFC_PHYS_s13_T2_ctrl,96,60,98.0,-0.4923057556152344,-0.8306581228458382
UBFC_PHYS_s13_T2_ctrl,96,61,98.03333333333333,-0.4424498975276947,-0.8770197057290271
UBFC_PHYS_s13_T2_ctrl,96,62,98.06666666666666,-0.3802866041660309,-0.7842219601631794
UBFC_PHYS_s13_T2_ctrl,96,63,98.1,-0.3112034499645233,-0.54565369824054
UBFC_PHYS_s13_T2_ctrl,96,64,98.13333333333334,-0.2370457500219345,-0.19310134925445427
UBFC_PHYS_s13_T2_ctrl,96,65,98.16666666666667,-0.15474897623062134,0.21097389288770577
UBFC_PHYS_s13_T2_ctrl,96,66,98.2,-0.05717582255601883,0.5909661278596614
UBFC_PHYS_s13_T2_ctrl,96,67,98.23333333333333,0.06146003305912018,0.8801519985352847
UBFC_PHYS_s13_T2_ctrl,96,68,98.26666666666667,0.20196260511875153,1.0397514794773275
UBFC_PHYS_s13_T2_ctrl,96,69,98.3,0.35602807998657227,1.0680780040359952
UBFC_PHYS_s13_T2_ctrl,96,70,98.33333333333333,0.5046960711479187,0.9965488381732373
UBFC_PHYS_s13_T2_ctrl,96,71,98.36666666666666,0.6262844204902649,0.8746774627344192
UBFC_PHYS_s13_T2_ctrl,96,72,98.4,0.7117478251457214,0.7505776293299822
UBFC_PHYS_s13_T2_ctrl,96,73,98.43333333333334,0.7639696002006531,0.6547952184989484
UBFC_PHYS_s13_T2_ctrl,96,74,98.46666666666667,0.77928227186203,0.5929192129564529
UBFC_PHYS_s13_T2_ctrl,96,75,98.5,0.7473850250244141,0.5482529383363132
UBFC_PHYS_s13_T2_ctrl,96,76,98.53333333333333,0.6842002272605896,0.4922043201760453
UBFC_PHYS_s13_T2_ctrl,96,77,98.56666666666666,0.6408523321151733,0.39791520528246305
UBFC_PHYS_s13_T2_ctrl,96,78,98.6,0.647946834564209,0.25204269735366563
UBFC_PHYS_s13_T2_ctrl,96,79,98.63333333333334,0.6921053528785706,0.0605267297308547
UBFC_PHYS_s13_T2_ctrl,96,80,98.66666666666667,0.7653272151947021,-0.1535944486294045
UBFC_PHYS_s13_T2_ctrl,96,81,98.7,0.9015790224075317,-0.35940028809255353
UBFC_PHYS_s13_T2_ctrl,96,82,98.73333333333333,1.12248694896698,-0.5308270700197151
UBFC_PHYS_s13_T2_ctrl,96,83,98.76666666666667,1.3844329118728638,-0.6579646151279663
UBFC_PHYS_s13_T2_ctrl,96,84,98.8,1.6299128532409668,-0.7521433170064499
UBFC_PHYS_s13_T2_ctrl,96,85,98.83333333333333,1.865517258644104,-0.8418408460535922
UBFC_PHYS_s13_T2_ctrl,96,86,98.86666666666666,2.1538047790527344,-0.9594869187880123
UBFC_PHYS_s13_T2_ctrl,96,87,98.9,2.538745880126953,-1.1231708802104086
UBFC_PHYS_s13_T2_ctrl,96,88,98.93333333333334,2.9020774364471436,-1.320823449519516
UBFC_PHYS_s13_T2_ctrl,96,89,98.96666666666667,2.9706268310546875,-1.5050873149101338
UBFC_PHYS_s13_T2_ctrl,96,90,99.0,2.631709098815918,-1.6033616157588426
UBFC_PHYS_s13_T2_ctrl,96,91,99.03333333333333,2.1142396926879883,-1.5412535212470064
UBFC_PHYS_s13_T2_ctrl,96,92,99.06666666666666,1.702679991722107,-1.271922595338406
UBFC_PHYS_s13_T2_ctrl,96,93,99.1,1.4764602184295654,-0.800293688227714
UBFC_PHYS_s13_T2_ctrl,96,94,99.13333333333334,1.4210619926452637,-0.19109128844349715
UBFC_PHYS_s13_T2_ctrl,96,95,99.16666666666667,1.4826518297195435,0.4453237316123269
UBFC_PHYS_s13_T2_ctrl,96,96,99.2,1.5441166162490845,0.9859333081019733
UBFC_PHYS_s13_T2_ctrl,96,97,99.23333333333333,1.5126115083694458,1.3345618357240487
UBFC_PHYS_s13_T2_ctrl,96,98,99.26666666666667,1.390443205833435,1.452373326007788
UBFC_PHYS_s13_T2_ctrl,96,99,99.3,1.2019004821777344,1.3677506208246248
UBFC_PHYS_s13_T2_ctrl,96,100,99.33333333333333,0.9340397119522095,1.1627441474215914
UBFC_PHYS_s13_T2_ctrl,96,101,99.36666666666666,0.6056534051895142,0.9422557205985954
UBFC_PHYS_s13_T2_ctrl,96,102,99.4,0.30159854888916016,0.7973029504723852
UBFC_PHYS_s13_T2_ctrl,96,103,99.43333333333334,0.07920780032873154,0.774665934936871
UBFC_PHYS_s13_T2_ctrl,96,104,99.46666666666667,-0.09911339730024338,0.8629455596487651
UBFC_PHYS_s13_T2_ctrl,96,105,99.5,-0.28589656949043274,0.9995904340808268
UBFC_PHYS_s13_T2_ctrl,96,106,99.53333333333333,-0.46130484342575073,1.095687260888086
UBFC_PHYS_s13_T2_ctrl,96,107,99.56666666666666,-0.6004531383514404,1.0688094662923484
UBFC_PHYS_s13_T2_ctrl,96,108,99.6,-0.7555763125419617,0.8722296750552732
UBFC_PHYS_s13_T2_ctrl,96,109,99.63333333333334,-0.9819443225860596,0.5113377112808939
UBFC_PHYS_s13_T2_ctrl,96,110,99.66666666666667,-1.2459925413131714,0.04315901535176126
UBFC_PHYS_s13_T2_ctrl,96,111,99.7,-1.4859564304351807,-0.43983280812689746
UBFC_PHYS_s13_T2_ctrl,96,112,99.73333333333333,-1.7161929607391357,-0.8364311687570799
UBFC_PHYS_s13_T2_ctrl,96,113,99.76666666666667,-2.021388053894043,-1.0663889945320602
UBFC_PHYS_s13_T2_ctrl,96,114,99.8,-2.4573349952697754,-1.0946482479494128
UBFC_PHYS_s13_T2_ctrl,96,115,99.83333333333333,-2.879538059234619,-0.9425704288764037
UBFC_PHYS_s13_T2_ctrl,96,116,99.86666666666666,-2.9613735675811768,-0.681741017411062
UBFC_PHYS_s13_T2_ctrl,96,117,99.9,-2.5648696422576904,-0.41112028091677494
UBFC_PHYS_s13_T2_ctrl,96,118,99.93333333333334,-1.9351897239685059,-0.22437813713043744
UBFC_PHYS_s13_T2_ctrl,96,119,99.96666666666667,-1.3495628833770752,-0.17861252581270634
UBFC_PHYS_s13_T2_ctrl,96,120,100.0,-0.8521873354911804,-0.2758700694974658
UBFC_PHYS_s13_T2_ctrl,96,121,100.03333333333333,-0.4395402669906616,-0.46427222930998974
UBFC_PHYS_s13_T2_ctrl,96,122,100.06666666666666,-0.15879544615745544,-0.6577891082488783
UBFC_PHYS_s13_T2_ctrl,96,123,100.1,0.007356705609709024,-0.7667949363350409
UBFC_PHYS_s13_T2_ctrl,96,124,100.13333333333334,0.13684354722499847,-0.7287380228642995
UBFC_PHYS_s13_T2_ctrl,96,125,100.16666666666667,0.2780216336250305,-0.5293220438218115
UBFC_PHYS_s13_T2_ctrl,96,126,100.2,0.42136135697364807,-0.20785657419401926
UBFC_PHYS_s13_T2_ctrl,96,127,100.23333333333333,0.5253205299377441,0.15482842368792574
UBFC_PHYS_s13_T2_ctrl,96,128,100.26666666666667,0.556090772151947,0.46198491042269263
UBFC_PHYS_s13_T2_ctrl,96,129,100.3,0.514581561088562,0.6316050512621628
UBFC_PHYS_s13_T2_ctrl,96,130,100.33333333333333,0.4304560124874115,0.6219859466678799
UBFC_PHYS_s13_T2_ctrl,96,131,100.36666666666666,0.35131269693374634,0.44402778303750556
UBFC_PHYS_s13_T2_ctrl,96,132,100.4,0.3198768198490143,0.15700532090479694
UBFC_PHYS_s13_T2_ctrl,96,133,100.43333333333334,0.33856701850891113,-0.1499625442103933
UBFC_PHYS_s13_T2_ctrl,96,134,100.46666666666667,0.39197176694869995,-0.3846712837180969
UBFC_PHYS_s13_T2_ctrl,96,135,100.5,0.5008407235145569,-0.47894690463766953
UBFC_PHYS_s13_T2_ctrl,96,136,100.53333333333333,0.6891298294067383,-0.40819906894157904
UBFC_PHYS_s13_T2_ctrl,96,137,100.56666666666666,0.905951738357544,-0.19736565710500273
UBFC_PHYS_s13_T2_ctrl,96,138,100.6,1.0794785022735596,0.08891496453240605
UBFC_PHYS_s13_T2_ctrl,96,139,100.63333333333334,1.1767418384552002,0.36896739786737043
UBFC_PHYS_s13_T2_ctrl,96,140,100.66666666666667,1.176102638244629,0.5719081380821269
UBFC_PHYS_s13_T2_ctrl,96,141,100.7,1.037415623664856,0.6606271488649055
UBFC_PHYS_s13_T2_ctrl,96,142,100.73333333333333,0.752281665802002,0.6414023081731547
UBFC_PHYS_s13_T2_ctrl,96,143,100.76666666666667,0.4069878160953522,0.5568241460254466
UBFC_PHYS_s13_T2_ctrl,96,144,100.8,0.14460694789886475,0.46563593502594325
UBFC_PHYS_s13_T2_ctrl,96,145,100.83333333333333,0.0317903608083725,0.4182230397171389
UBFC_PHYS_s13_T2_ctrl,96,146,100.86666666666666,0.03124665841460228,0.4372699615609283
UBFC_PHYS_s13_T2_ctrl,96,147,100.9,0.06764835864305496,0.5102014965175954
UBFC_PHYS_s13_T2_ctrl,96,148,100.93333333333334,0.07723069936037064,0.5954677162798453
UBFC_PHYS_s13_T2_ctrl,96,149,100.96666666666667,0.03742509335279465,0.6397952266543692
UBFC_PHYS_s13_T2_ctrl,96,150,101.0,-0.018642153590917587,0.5994118102674875
UBFC_PHYS_s13_T2_ctrl,96,151,101.03333333333333,-0.05599285662174225,0.4568628761940925
UBFC_PHYS_s13_T2_ctrl,96,152,101.06666666666666,-0.08155675232410431,0.2273112184666658
UBFC_PHYS_s13_T2_ctrl,96,153,101.1,-0.09365330636501312,-0.047360272948196
UBFC_PHYS_s13_T2_ctrl,96,154,101.13333333333334,-0.07171409577131271,-0.31399795870154557
UBFC_PHYS_s13_T2_ctrl,96,155,101.16666666666667,-0.03075188770890236,-0.5274831282719307
UBFC_PHYS_s13_T2_ctrl,96,156,101.2,-0.012681198306381702,-0.6669005978711869
UBFC_PHYS_s13_T2_ctrl,96,157,101.23333333333333,-0.025367585942149162,-0.7424337776727161
UBFC_PHYS_s13_T2_ctrl,96,158,101.26666666666667,-0.04743201658129692,-0.7898762011006072
UBFC_PHYS_s13_T2_ctrl,96,159,101.3,-0.07087711989879608,-0.8541128773180323
UBFC_PHYS_s13_T2_ctrl,96,160,101.33333333333333,-0.09533713757991791,-0.9673908111325269
UBFC_PHYS_s13_T2_ctrl,96,161,101.36666666666666,-0.12251237034797668,-1.1307857183008856
UBFC_PHYS_s13_T2_ctrl,96,162,101.4,-0.16951461136341095,-1.3066766675409915
UBFC_PHYS_s13_T2_ctrl,96,163,101.43333333333334,-0.24293091893196106,-1.4264728765212213
UBFC_PHYS_s13_T2_ctrl,96,164,101.46666666666667,-0.3124358355998993,-1.4125249869228225
UBFC_PHYS_s13_T2_ctrl,96,165,101.5,-0.3518328368663788,-1.2076470869887392
UBFC_PHYS_s13_T2_ctrl,96,166,101.53333333333333,-0.38601359724998474,-0.8017442605325844
UBFC_PHYS_s13_T2_ctrl,96,167,101.56666666666666,-0.45324158668518066,-0.24446407327359773
UBFC_PHYS_s13_T2_ctrl,96,168,101.6,-0.5367904901504517,0.3633190685120777
UBFC_PHYS_s13_T2_ctrl,96,169,101.63333333333334,-0.5751791596412659,0.8983005707942998
UBFC_PHYS_s13_T2_ctrl,96,170,101.66666666666667,-0.5256363749504089,1.2535478925130172
UBFC_PHYS_s13_T2_ctrl,96,171,101.7,-0.39653506875038147,1.3720915408040624
UBFC_PHYS_s13_T2_ctrl,96,172,101.73333333333333,-0.22238226234912872,1.2631261401295486
UBFC_PHYS_s13_T2_ctrl,96,173,101.76666666666667,-0.01741964742541313,0.9965220527965448
UBFC_PHYS_s13_T2_ctrl,96,174,101.8,0.22423464059829712,0.6788972231766588
UBFC_PHYS_s13_T2_ctrl,96,175,101.83333333333333,0.45803654193878174,0.4196713235313223
UBFC_PHYS_s13_T2_ctrl,96,176,101.86666666666666,0.5819479823112488,0.2980219847879987
UBFC_PHYS_s13_T2_ctrl,96,177,101.9,0.5579196214675903,0.34089469069914996
UBFC_PHYS_s13_T2_ctrl,96,178,101.93333333333334,0.4746408760547638,0.5182050266150794
UBFC_PHYS_s13_T2_ctrl,96,179,101.96666666666667,0.4284854829311371,0.7557205184803761
UBFC_PHYS_s13_T2_ctrl,96,180,102.0,0.40163978934288025,0.9608489264896788
UBFC_PHYS_s13_T2_ctrl,96,181,102.03333333333333,0.30714431405067444,1.0529584847898854
UBFC_PHYS_s13_T2_ctrl,96,182,102.06666666666666,0.12579485774040222,0.9886274105427125
UBFC_PHYS_s13_T2_ctrl,96,183,102.1,-0.07221166789531708,0.7738331705663529
UBFC_PHYS_s13_T2_ctrl,96,184,102.13333333333334,-0.1874699741601944,0.4593570458358972
UBFC_PHYS_s13_T2_ctrl,96,185,102.16666666666667,-0.1708788126707077,0.12134556148078893
UBFC_PHYS_s13_T2_ctrl,96,186,102.2,-0.09397953003644943,-0.16588214693651027
UBFC_PHYS_s13_T2_ctrl,96,187,102.23333333333333,-0.10057645291090012,-0.3550672990570393
UBFC_PHYS_s13_T2_ctrl,96,188,102.26666666666667,-0.22899894416332245,-0.4405654921091099
UBFC_PHYS_s13_T2_ctrl,96,189,102.3,-0.36613717675209045,-0.45749850766062894
UBFC_PHYS_s13_T2_ctrl,96,190,102.33333333333333,-0.43422847986221313,-0.46614239330894863
UBFC_PHYS_s13_T2_ctrl,96,191,102.36666666666666,-0.44875025749206543,-0.5271470356465535
UBFC_PHYS_s13_T2_ctrl,96,192,102.4,-0.41836225986480713,-0.6762543569375867
UBFC_PHYS_s13_T2_ctrl,96,193,102.43333333333334,-0.3270202577114105,-0.9074968995356931
UBFC_PHYS_s13_T2_ctrl,96,194,102.46666666666667,-0.19163836538791656,-1.17124533816441
UBFC_PHYS_s13_T2_ctrl,96,195,102.5,-0.05838185176253319,-1.3885127459549123
UBFC_PHYS_s13_T2_ctrl,96,196,102.53333333333333,0.03767552599310875,-1.4770977427277108
UBFC_PHYS_s13_T2_ctrl,96,197,102.56666666666666,0.09494880586862564,-1.3807880809679467
UBFC_PHYS_s13_T2_ctrl,96,198,102.6,0.1289878636598587,-1.091706602990872
UBFC_PHYS_s13_T2_ctrl,96,199,102.63333333333334,0.15117092430591583,-0.6578536063368208
UBFC_PHYS_s13_T2_ctrl,96,200,102.66666666666667,0.16572237014770508,-0.17206833548860753
UBFC_PHYS_s13_T2_ctrl,96,201,102.7,0.176092267036438,0.2556065342160911
UBFC_PHYS_s13_T2_ctrl,96,202,102.73333333333333,0.1827419102191925,0.5339276449653707
UBFC_PHYS_s13_T2_ctrl,96,203,102.76666666666667,0.20017662644386292,0.6222009384139106
UBFC_PHYS_s13_T2_ctrl,96,204,102.8,0.275194376707077,0.5450937745250259
UBFC_PHYS_s13_T2_ctrl,96,205,102.83333333333333,0.41370007395744324,0.3832776047280792
UBFC_PHYS_s13_T2_ctrl,96,206,102.86666666666666,0.5162028074264526,0.24227926472662942
UBFC_PHYS_s13_T2_ctrl,96,207,102.9,0.47454532980918884,0.21121155469442804
UBFC_PHYS_s13_T2_ctrl,96,208,102.93333333333334,0.3157084286212921,0.3274552946950207
UBFC_PHYS_s13_T2_ctrl,96,209,102.96666666666667,0.16118164360523224,0.5613089136540914
UBFC_PHYS_s13_T2_ctrl,96,210,103.0,0.07195843011140823,0.8270775373926319
UBFC_PHYS_s13_T2_ctrl,96,211,103.03333333333333,0.011528385803103447,1.0164748906416168
UBFC_PHYS_s13_T2_ctrl,96,212,103.06666666666666,-0.07958295196294785,1.0406110263160897
UBFC_PHYS_s13_T2_ctrl,96,213,103.1,-0.22494259476661682,0.8635522090751667
UBFC_PHYS_s13_T2_ctrl,96,214,103.13333333333334,-0.40032121539115906,0.5156110950622651
UBFC_PHYS_s13_T2_ctrl,96,215,103.16666666666667,-0.562328040599823,0.08366149609297917
UBFC_PHYS_s13_T2_ctrl,96,216,103.2,-0.6948596239089966,-0.3168163907101779
UBFC_PHYS_s13_T2_ctrl,96,217,103.23333333333333,-0.7973293662071228,-0.5788396401917832
UBFC_PHYS_s13_T2_ctrl,96,218,103.26666666666667,-0.8536404967308044,-0.638818584849976
UBFC_PHYS_s13_T2_ctrl,96,219,103.3,-0.8618454337120056,-0.4980266282539846
UBFC_PHYS_s13_T2_ctrl,96,220,103.33333333333333,-0.8467667698860168,-0.22268867715179302
UBFC_PHYS_s13_T2_ctrl,96,221,103.36666666666666,-0.820253849029541,0.07862435994550633
UBFC_PHYS_s13_T2_ctrl,96,222,103.4,-0.7819311022758484,0.2930400376372411
UBFC_PHYS_s13_T2_ctrl,96,223,103.43333333333334,-0.7397826313972473,0.34297632511510046
UBFC_PHYS_s13_T2_ctrl,96,224,103.46666666666667,-0.6955614686012268,0.21237725123555098
UBFC_PHYS_s13_T2_ctrl,96,225,103.5,-0.6360409259796143,-0.049882129699744995
UBFC_PHYS_s13_T2_ctrl,96,226,103.53333333333333,-0.5555169582366943,-0.34940382238566264
UBFC_PHYS_s13_T2_ctrl,96,227,103.56666666666666,-0.46144983172416687,-0.5798546923833615
UBFC_PHYS_s13_T2_ctrl,96,228,103.6,-0.35314762592315674,-0.6583407383079177
UBFC_PHYS_s13_T2_ctrl,96,229,103.63333333333334,-0.22291937470436096,-0.5511907496029587
UBFC_PHYS_s13_T2_ctrl,96,230,103.66666666666667,-0.07800456881523132,-0.28262310944798064
UBFC_PHYS_s13_T2_ctrl,96,231,103.7,0.054204076528549194,0.0757162677547939
UBFC_PHYS_s13_T2_ctrl,96,232,103.73333333333333,0.1620713323354721,0.4301500146077047
UBFC_PHYS_s13_T2_ctrl,96,233,103.76666666666667,0.26441919803619385,0.6958611258137913
UBFC_PHYS_s13_T2_ctrl,96,234,103.8,0.360377699136734,0.8216097137943708
UBFC_PHYS_s13_T2_ctrl,96,235,103.83333333333333,0.415364146232605,0.7992010184039596
UBFC_PHYS_s13_T2_ctrl,96,236,103.86666666666666,0.4158979654312134,0.6557713844405344
UBFC_PHYS_s13_T2_ctrl,96,237,103.9,0.3820763826370239,0.4349363475064419
UBFC_PHYS_s13_T2_ctrl,96,238,103.93333333333334,0.33075088262557983,0.1772901396197526
UBFC_PHYS_s13_T2_ctrl,96,239,103.96666666666667,0.2644719183444977,-0.0903630463948901
UBFC_PHYS_s13_T2_ctrl,97,0,97.0,-0.2982040345668793,0.080840647186319
UBFC_PHYS_s13_T2_ctrl,97,1,97.03333333333333,-0.15724670886993408,0.18116301969133072
UBFC_PHYS_s13_T2_ctrl,97,2,97.06666666666666,0.07328967750072479,0.24222723888233624
UBFC_PHYS_s13_T2_ctrl,97,3,97.1,0.3240583837032318,0.2330659488251937
UBFC_PHYS_s13_T2_ctrl,97,4,97.13333333333334,0.577690601348877,0.13465172282266952
UBFC_PHYS_s13_T2_ctrl,97,5,97.16666666666667,0.8686141967773438,-0.05360316042618569
UBFC_PHYS_s13_T2_ctrl,97,6,97.2,1.1576628684997559,-0.3098288950109026
UBFC_PHYS_s13_T2_ctrl,97,7,97.23333333333333,1.2870376110076904,-0.5913874402524811
UBFC_PHYS_s13_T2_ctrl,97,8,97.26666666666667,1.1358554363250732,-0.8433808210253626
UBFC_PHYS_s13_T2_ctrl,97,9,97.3,0.7836253046989441,-1.011985033127862
UBFC_PHYS_s13_T2_ctrl,97,10,97.33333333333333,0.3959391415119171,-1.0588878671605118
UBFC_PHYS_s13_T2_ctrl,97,11,97.36666666666666,0.060629650950431824,-0.9728750360184478
UBFC_PHYS_s13_T2_ctrl,97,12,97.4,-0.20336255431175232,-0.7750440279169336
UBFC_PHYS_s13_T2_ctrl,97,13,97.43333333333334,-0.42147618532180786,-0.5150960821767678
UBFC_PHYS_s13_T2_ctrl,97,14,97.46666666666667,-0.6594167947769165,-0.2580933076191873
UBFC_PHYS_s13_T2_ctrl,97,15,97.5,-0.9402670860290527,-0.06446173868443822
UBFC_PHYS_s13_T2_ctrl,97,16,97.53333333333333,-1.165946364402771,0.02999084605731
UBFC_PHYS_s13_T2_ctrl,97,17,97.56666666666666,-1.2109649181365967,0.02575818190153236
UBFC_PHYS_s13_T2_ctrl,97,18,97.6,-1.0766276121139526,-0.042164568618327604
UBFC_PHYS_s13_T2_ctrl,97,19,97.63333333333334,-0.8865262269973755,-0.1187431056419925
UBFC_PHYS_s13_T2_ctrl,97,20,97.66666666666667,-0.739690363407135,-0.1498303504672237
UBFC_PHYS_s13_T2_ctrl,97,21,97.7,-0.642061173915863,-0.1013000620984812
UBFC_PHYS_s13_T2_ctrl,97,22,97.73333333333333,-0.5745663046836853,0.029995611580281852
UBFC_PHYS_s13_T2_ctrl,97,23,97.76666666666667,-0.5363555550575256,0.21598691383031635
UBFC_PHYS_s13_T2_ctrl,97,24,97.8,-0.5168811082839966,0.4069697177754109
UBFC_PHYS_s13_T2_ctrl,97,25,97.83333333333333,-0.4995056986808777,0.5477033330740139
UBFC_PHYS_s13_T2_ctrl,97,26,97.86666666666666,-0.49000903964042664,0.5951679203855812
UBFC_PHYS_s13_T2_ctrl,97,27,97.9,-0.4997890889644623,0.532768092606806
UBFC_PHYS_s13_T2_ctrl,97,28,97.93333333333334,-0.5178004503250122,0.3768795881512019
UBFC_PHYS_s13_T2_ctrl,97,29,97.96666666666667,-0.5192305445671082,0.1737992713768265
UBFC_PHYS_s13_T2_ctrl,97,30,98.0,-0.4923057556152344,-0.012316627874511888
UBFC_PHYS_s13_T2_ctrl,97,31,98.03333333333333,-0.4424498975276947,-0.11758627384711859
UBFC_PHYS_s13_T2_ctrl,97,32,98.06666666666666,-0.3802866041660309,-0.0978550321353472
UBFC_PHYS_s13_T2_ctrl,97,33,98.1,-0.3112034499645233,0.05627955821002789
UBFC_PHYS_s13_T2_ctrl,97,34,98.13333333333334,-0.2370457500219345,0.31430635634025905
UBFC_PHYS_s13_T2_ctrl,97,35,98.16666666666667,-0.15474897623062134,0.613545179201608
UBFC_PHYS_s13_T2_ctrl,97,36,98.2,-0.05717582255601883,0.878330698143698
UBFC_PHYS_s13_T2_ctrl,97,37,98.23333333333333,0.06146003305912018,1.0441353900445969
UBFC_PHYS_s13_T2_ctrl,97,38,98.26666666666667,0.20196260511875153,1.0771471608666119
UBFC_PHYS_s13_T2_ctrl,97,39,98.3,0.35602807998657227,0.9813222649098627
UBFC_PHYS_s13_T2_ctrl,97,40,98.33333333333333,0.5046960711479187,0.7909757546616403
UBFC_PHYS_s13_T2_ctrl,97,41,98.36666666666666,0.6262844204902649,0.5537070833857974
UBFC_PHYS_s13_T2_ctrl,97,42,98.4,0.7117478251457214,0.3117851526826961
UBFC_PHYS_s13_T2_ctrl,97,43,98.43333333333334,0.7639696002006531,0.08935931551784149
UBFC_PHYS_s13_T2_ctrl,97,44,98.46666666666667,0.77928227186203,-0.11049642873523773
UBFC_PHYS_s13_T2_ctrl,97,45,98.5,0.7473850250244141,-0.29917145957732844
UBFC_PHYS_s13_T2_ctrl,97,46,98.53333333333333,0.6842002272605896,-0.490264509164925
UBFC_PHYS_s13_T2_ctrl,97,47,98.56666666666666,0.6408523321151733,-0.6874652770042697
UBFC_PHYS_s13_T2_ctrl,97,48,98.6,0.647946834564209,-0.8778754433460855
UBFC_PHYS_s13_T2_ctrl,97,49,98.63333333333334,0.6921053528785706,-1.0336269394513453
UBFC_PHYS_s13_T2_ctrl,97,50,98.66666666666667,0.7653272151947021,-1.1212672146238154
UBFC_PHYS_s13_T2_ctrl,97,51,98.7,0.9015790224075317,-1.1154302187397496
UBFC_PHYS_s13_T2_ctrl,97,52,98.73333333333333,1.12248694896698,-1.011786302460603
UBFC_PHYS_s13_T2_ctrl,97,53,98.76666666666667,1.3844329118728638,-0.8341805944358852
UBFC_PHYS_s13_T2_ctrl,97,54,98.8,1.6299128532409668,-0.632053929831028
UBFC_PHYS_s13_T2_ctrl,97,55,98.83333333333333,1.865517258644104,-0.4670395594321715
UBFC_PHYS_s13_T2_ctrl,97,56,98.86666666666666,2.1538047790527344,-0.39188261892838383
UBFC_PHYS_s13_T2_ctrl,97,57,98.9,2.538745880126953,-0.428929124842088
UBFC_PHYS_s13_T2_ctrl,97,58,98.93333333333334,2.9020774364471436,-0.5571724485761556
UBFC_PHYS_s13_T2_ctrl,97,59,98.96666666666667,2.9706268310546875,-0.7146282581355478
UBFC_PHYS_s13_T2_ctrl,97,60,99.0,2.631709098815918,-0.8169305996366809
UBFC_PHYS_s13_T2_ctrl,97,61,99.03333333333333,2.1142396926879883,-0.7864317021467719
UBFC_PHYS_s13_T2_ctrl,97,62,99.06666666666666,1.702679991722107,-0.5818214008110518
UBFC_PHYS_s13_T2_ctrl,97,63,99.1,1.4764602184295654,-0.21709323618858403
UBFC_PHYS_s13_T2_ctrl,97,64,99.13333333333334,1.4210619926452637,0.2391722206273329
UBFC_PHYS_s13_T2_ctrl,97,65,99.16666666666667,1.4826518297195435,0.686237318142012
UBFC_PHYS_s13_T2_ctrl,97,66,99.2,1.5441166162490845,1.026806031605445
UBFC_PHYS_s13_T2_ctrl,97,67,99.23333333333333,1.5126115083694458,1.200306057809609
UBFC_PHYS_s13_T2_ctrl,97,68,99.26666666666667,1.390443205833435,1.2006699613134386
UBFC_PHYS_s13_T2_ctrl,97,69,99.3,1.2019004821777344,1.0738790014208293
UBFC_PHYS_s13_T2_ctrl,97,70,99.33333333333333,0.9340397119522095,0.8987209695917948
UBFC_PHYS_s13_T2_ctrl,97,71,99.36666666666666,0.6056534051895142,0.7588704493617869
UBFC_PHYS_s13_T2_ctrl,97,72,99.4,0.30159854888916016,0.7153128534116753
UBFC_PHYS_s13_T2_ctrl,97,73,99.43333333333334,0.07920780032873154,0.7868241580857269
UBFC_PHYS_s13_T2_ctrl,97,74,99.46666666666667,-0.09911339730024338,0.9440024169722052
UBFC_PHYS_s13_T2_ctrl,97,75,99.5,-0.28589656949043274,1.1187771917995233
UBFC_PHYS_s13_T2_ctrl,97,76,99.53333333333333,-0.46130484342575073,1.2262891823360227
UBFC_PHYS_s13_T2_ctrl,97,77,99.56666666666666,-0.6004531383514404,1.1918527196758224
UBFC_PHYS_s13_T2_ctrl,97,78,99.6,-0.7555763125419617,0.9746633826888048
UBFC_PHYS_s13_T2_ctrl,97,79,99.63333333333334,-0.9819443225860596,0.5816718348615316
UBFC_PHYS_s13_T2_ctrl,97,80,99.66666666666667,-1.2459925413131714,0.06813903314101508
UBFC_PHYS_s13_T2_ctrl,97,81,99.7,-1.4859564304351807,-0.47508999443474287
UBFC_PHYS_s13_T2_ctrl,97,82,99.73333333333333,-1.7161929607391357,-0.944186054637447
UBFC_PHYS_s13_T2_ctrl,97,83,99.76666666666667,-2.021388053894043,-1.2489096975750644
UBFC_PHYS_s13_T2_ctrl,97,84,99.8,-2.4573349952697754,-1.3362262376270824
UBFC_PHYS_s13_T2_ctrl,97,85,99.83333333333333,-2.879538059234619,-1.2045623843330238
UBFC_PHYS_s13_T2_ctrl,97,86,99.86666666666666,-2.9613735675811768,-0.9043675687677026
UBFC_PHYS_s13_T2_ctrl,97,87,99.9,-2.5648696422576904,-0.5242580510663399
UBFC_PHYS_s13_T2_ctrl,97,88,99.93333333333334,-1.9351897239685059,-0.16657084784119053
UBFC_PHYS_s13_T2_ctrl,97,89,99.96666666666667,-1.3495628833770752,0.08016719345930794
UBFC_PHYS_s13_T2_ctrl,97,90,100.0,-0.8521873354911804,0.1633572282146553
UBFC_PHYS_s13_T2_ctrl,97,91,100.03333333333333,-0.4395402669906616,0.07676275252188892
UBFC_PHYS_s13_T2_ctrl,97,92,100.06666666666666,-0.15879544615745544,-0.1425590124888375
UBFC_PHYS_s13_T2_ctrl,97,93,100.1,0.007356705609709024,-0.4283161682598959
UBFC_PHYS_s13_T2_ctrl,97,94,100.13333333333334,0.13684354722499847,-0.7051169430243451
UBFC_PHYS_s13_T2_ctrl,97,95,100.16666666666667,0.2780216336250305,-0.9089760249040777
UBFC_PHYS_s13_T2_ctrl,97,96,100.2,0.42136135697364807,-1.002553113987892
UBFC_PHYS_s13_T2_ctrl,97,97,100.23333333333333,0.5253205299377441,-0.980935349286164
UBFC_PHYS_s13_T2_ctrl,97,98,100.26666666666667,0.556090772151947,-0.866988493784996
UBFC_PHYS_s13_T2_ctrl,97,99,100.3,0.514581561088562,-0.6989630995602283
UBFC_PHYS_s13_T2_ctrl,97,100,100.33333333333333,0.4304560124874115,-0.5153979025330118
UBFC_PHYS_s13_T2_ctrl,97,101,100.36666666666666,0.35131269693374634,-0.3426521595939788
UBFC_PHYS_s13_T2_ctrl,97,102,100.4,0.3198768198490143,-0.18885233727439152
UBFC_PHYS_s13_T2_ctrl,97,103,100.43333333333334,0.33856701850891113,-0.04559010167132514
UBFC_PHYS_s13_T2_ctrl,97,104,100.46666666666667,0.39197176694869995,0.10375896846081727
UBFC_PHYS_s13_T2_ctrl,97,105,100.5,0.5008407235145569,0.2724948967071519
UBFC_PHYS_s13_T2_ctrl,97,106,100.53333333333333,0.6891298294067383,0.46089117787560363
UBFC_PHYS_s13_T2_ctrl,97,107,100.56666666666666,0.905951738357544,0.6531182253406586
UBFC_PHYS_s13_T2_ctrl,97,108,100.6,1.0794785022735596,0.8226496815237904
UBFC_PHYS_s13_T2_ctrl,97,109,100.63333333333334,1.1767418384552002,0.9437283741658975
UBFC_PHYS_s13_T2_ctrl,97,110,100.66666666666667,1.176102638244629,1.0031666269911317
UBFC_PHYS_s13_T2_ctrl,97,111,100.7,1.037415623664856,1.0063823371038154
UBFC_PHYS_s13_T2_ctrl,97,112,100.73333333333333,0.752281665802002,0.974557730146499
UBFC_PHYS_s13_T2_ctrl,97,113,100.76666666666667,0.4069878160953522,0.9343976592289431
UBFC_PHYS_s13_T2_ctrl,97,114,100.8,0.14460694789886475,0.9055822928108486
UBFC_PHYS_s13_T2_ctrl,97,115,100.83333333333333,0.0317903608083725,0.8918749117548297
UBFC_PHYS_s13_T2_ctrl,97,116,100.86666666666666,0.03124665841460228,0.8797018725847965
UBFC_PHYS_s13_T2_ctrl,97,117,100.9,0.06764835864305496,0.84436048366674
UBFC_PHYS_s13_T2_ctrl,97,118,100.93333333333334,0.07723069936037064,0.760827849589333
UBFC_PHYS_s13_T2_ctrl,97,119,100.96666666666667,0.03742509335279465,0.6146023570477834
UBFC_PHYS_s13_T2_ctrl,97,120,101.0,-0.018642153590917587,0.4083857128229032
UBFC_PHYS_s13_T2_ctrl,97,121,101.03333333333333,-0.05599285662174225,0.16233084431244735
UBFC_PHYS_s13_T2_ctrl,97,122,101.06666666666666,-0.08155675232410431,-0.091864350288096
UBFC_PHYS_s13_T2_ctrl,97,123,101.1,-0.09365330636501312,-0.3207507073457278
UBFC_PHYS_s13_T2_ctrl,97,124,101.13333333333334,-0.07171409577131271,-0.49979435662690797
UBFC_PHYS_s13_T2_ctrl,97,125,101.16666666666667,-0.03075188770890236,-0.6219164596835989
UBFC_PHYS_s13_T2_ctrl,97,126,101.2,-0.012681198306381702,-0.7011032925398
UBFC_PHYS_s13_T2_ctrl,97,127,101.23333333333333,-0.025367585942149162,-0.768980549219201
UBFC_PHYS_s13_T2_ctrl,97,128,101.26666666666667,-0.04743201658129692,-0.8639845256024741
UBFC_PHYS_s13_T2_ctrl,97,129,101.3,-0.07087711989879608,-1.0154516344391804
UBFC_PHYS_s13_T2_ctrl,97,130,101.33333333333333,-0.09533713757991791,-1.2277119858997902
UBFC_PHYS_s13_T2_ctrl,97,131,101.36666666666666,-0.12251237034797668,-1.4706240413049279
UBFC_PHYS_s13_T2_ctrl,97,132,101.4,-0.16951461136341095,-1.681759653292549
UBFC_PHYS_s13_T2_ctrl,97,133,101.43333333333334,-0.24293091893196106,-1.7817351329338407
UBFC_PHYS_s13_T2_ctrl,97,134,101.46666666666667,-0.3124358355998993,-1.6991719392935192
UBFC_PHYS_s13_T2_ctrl,97,135,101.5,-0.3518328368663788,-1.3972775706877925
UBFC_PHYS_s13_T2_ctrl,97,136,101.53333333333333,-0.38601359724998474,-0.8920784062085992
UBFC_PHYS_s13_T2_ctrl,97,137,101.56666666666666,-0.45324158668518066,-0.25451476643916787
UBFC_PHYS_s13_T2_ctrl,97,138,101.6,-0.5367904901504517,0.4053410218538575
UBFC_PHYS_s13_T2_ctrl,97,139,101.63333333333334,-0.5751791596412659,0.9668352459371209
UBFC_PHYS_s13_T2_ctrl,97,140,101.66666666666667,-0.5256363749504089,1.3307097607105962
UBFC_PHYS_s13_T2_ctrl,97,141,101.7,-0.39653506875038147,1.4447257809038827
UBFC_PHYS_s13_T2_ctrl,97,142,101.73333333333333,-0.22238226234912872,1.3158919409548708
UBFC_PHYS_s13_T2_ctrl,97,143,101.76666666666667,-0.01741964742541313,1.0066756689789165
UBFC_PHYS_s13_T2_ctrl,97,144,101.8,0.22423464059829712,0.6170716174127383
UBFC_PHYS_s13_T2_ctrl,97,145,101.83333333333333,0.45803654193878174,0.2578336075867359
UBFC_PHYS_s13_T2_ctrl,97,146,101.86666666666666,0.5819479823112488,0.021999866500603357
UBFC_PHYS_s13_T2_ctrl,97,147,101.9,0.5579196214675903,-0.03798655892578827
UBFC_PHYS_s13_T2_ctrl,97,148,101.93333333333334,0.4746408760547638,0.07839019751715919
UBFC_PHYS_s13_T2_ctrl,97,149,101.96666666666667,0.4284854829311371,0.3230993671357007
UBFC_PHYS_s13_T2_ctrl,97,150,102.0,0.40163978934288025,0.6168400015268469
UBFC_PHYS_s13_T2_ctrl,97,151,102.03333333333333,0.30714431405067444,0.8749261603080076
UBFC_PHYS_s13_T2_ctrl,97,152,102.06666666666666,0.12579485774040222,1.0330101564947343
UBFC_PHYS_s13_T2_ctrl,97,153,102.1,-0.07221166789531708,1.0635708744755714
UBFC_PHYS_s13_T2_ctrl,97,154,102.13333333333334,-0.1874699741601944,0.9779420268826814
UBFC_PHYS_s13_T2_ctrl,97,155,102.16666666666667,-0.1708788126707077,0.8147316921295408
UBFC_PHYS_s13_T2_ctrl,97,156,102.2,-0.09397953003644943,0.6206833903274933
UBFC_PHYS_s13_T2_ctrl,97,157,102.23333333333333,-0.10057645291090012,0.43213680059598397
UBFC_PHYS_s13_T2_ctrl,97,158,102.26666666666667,-0.22899894416332245,0.263748875870994
UBFC_PHYS_s13_T2_ctrl,97,159,102.3,-0.36613717675209045,0.10747083872062907
UBFC_PHYS_s13_T2_ctrl,97,160,102.33333333333333,-0.43422847986221313,-0.059070336644928036
UBFC_PHYS_s13_T2_ctrl,97,161,102.36666666666666,-0.44875025749206543,-0.2585680676506154
UBFC_PHYS_s13_T2_ctrl,97,162,102.4,-0.41836225986480713,-0.49976645652271207
UBFC_PHYS_s13_T2_ctrl,97,163,102.43333333333334,-0.3270202577114105,-0.7682347830169305
UBFC_PHYS_s13_T2_ctrl,97,164,102.46666666666667,-0.19163836538791656,-1.025862668557125
UBFC_PHYS_s13_T2_ctrl,97,165,102.5,-0.05838185176253319,-1.2200208751363297
UBFC_PHYS_s13_T2_ctrl,97,166,102.53333333333333,0.03767552599310875,-1.3001996479751696
UBFC_PHYS_s13_T2_ctrl,97,167,102.56666666666666,0.09494880586862564,-1.2370777508668516
UBFC_PHYS_s13_T2_ctrl,97,168,102.6,0.1289878636598587,-1.0371807710498535
UBFC_PHYS_s13_T2_ctrl,97,169,102.63333333333334,0.15117092430591583,-0.7464951944366388
UBFC_PHYS_s13_T2_ctrl,97,170,102.66666666666667,0.16572237014770508,-0.4393289375217939
UBFC_PHYS_s13_T2_ctrl,97,171,102.7,0.176092267036438,-0.19434534980326884
UBFC_PHYS_s13_T2_ctrl,97,172,102.73333333333333,0.1827419102191925,-0.06624189316000467
UBFC_PHYS_s13_T2_ctrl,97,173,102.76666666666667,0.20017662644386292,-0.06496883505639435
UBFC_PHYS_s13_T2_ctrl,97,174,102.8,0.275194376707077,-0.15183568837425254
UBFC_PHYS_s13_T2_ctrl,97,175,102.83333333333333,0.41370007395744324,-0.254797809009906
UBFC_PHYS_s13_T2_ctrl,97,176,102.86666666666666,0.5162028074264526,-0.29733993908395656
UBFC_PHYS_s13_T2_ctrl,97,177,102.9,0.47454532980918884,-0.2298260581441282
UBFC_PHYS_s13_T2_ctrl,97,178,102.93333333333334,0.3157084286212921,-0.05092312273607948
UBFC_PHYS_s13_T2_ctrl,97,179,102.96666666666667,0.16118164360523224,0.18979146773780908
UBFC_PHYS_s13_T2_ctrl,97,180,103.0,0.07195843011140823,0.40979831869303984
UBFC_PHYS_s13_T2_ctrl,97,181,103.03333333333333,0.011528385803103447,0.5257610923334648
UBFC_PHYS_s13_T2_ctrl,97,182,103.06666666666666,-0.07958295196294785,0.487393488208932
UBFC_PHYS_s13_T2_ctrl,97,183,103.1,-0.22494259476661682,0.2997039461352374
UBFC_PHYS_s13_T2_ctrl,97,184,103.13333333333334,-0.40032121539115906,0.025059918654718558
UBFC_PHYS_s13_T2_ctrl,97,185,103.16666666666667,-0.562328040599823,-0.23558923372918264
UBFC_PHYS_s13_T2_ctrl,97,186,103.2,-0.6948596239089966,-0.37571508389959063
UBFC_PHYS_s13_T2_ctrl,97,187,103.23333333333333,-0.7973293662071228,-0.31940367373302464
UBFC_PHYS_s13_T2_ctrl,97,188,103.26666666666667,-0.8536404967308044,-0.04892061042848578
UBFC_PHYS_s13_T2_ctrl,97,189,103.3,-0.8618454337120056,0.38553796023261105
UBFC_PHYS_s13_T2_ctrl,97,190,103.33333333333333,-0.8467667698860168,0.8778131750905126
UBFC_PHYS_s13_T2_ctrl,97,191,103.36666666666666,-0.820253849029541,1.296442932246323
UBFC_PHYS_s13_T2_ctrl,97,192,103.4,-0.7819311022758484,1.5242384489994127
UBFC_PHYS_s13_T2_ctrl,97,193,103.43333333333334,-0.7397826313972473,1.493469692537603
UBFC_PHYS_s13_T2_ctrl,97,194,103.46666666666667,-0.6955614686012268,1.2051224446782263
UBFC_PHYS_s13_T2_ctrl,97,195,103.5,-0.6360409259796143,0.726901505431876
UBFC_PHYS_s13_T2_ctrl,97,196,103.53333333333333,-0.5555169582366943,0.17234096478236552
UBFC_PHYS_s13_T2_ctrl,97,197,103.56666666666666,-0.46144983172416687,-0.33107364071790385
UBFC_PHYS_s13_T2_ctrl,97,198,103.6,-0.35314762592315674,-0.6753958614373393
UBFC_PHYS_s13_T2_ctrl,97,199,103.63333333333334,-0.22291937470436096,-0.7991183796052933
UBFC_PHYS_s13_T2_ctrl,97,200,103.66666666666667,-0.07800456881523132,-0.7010893226013473
UBFC_PHYS_s13_T2_ctrl,97,201,103.7,0.054204076528549194,-0.43768999870529823
UBFC_PHYS_s13_T2_ctrl,97,202,103.73333333333333,0.1620713323354721,-0.10377065961022744
UBFC_PHYS_s13_T2_ctrl,97,203,103.76666666666667,0.26441919803619385,0.19695311686409883
UBFC_PHYS_s13_T2_ctrl,97,204,103.8,0.360377699136734,0.3822186824149789
UBFC_PHYS_s13_T2_ctrl,97,205,103.83333333333333,0.415364146232605,0.41210574165904335
UBFC_PHYS_s13_T2_ctrl,97,206,103.86666666666666,0.4158979654312134,0.294738480644881
UBFC_PHYS_s13_T2_ctrl,97,207,103.9,0.3820763826370239,0.0772345578724677
UBFC_PHYS_s13_T2_ctrl,97,208,103.93333333333334,0.33075088262557983,-0.17321028117866316
UBFC_PHYS_s13_T2_ctrl,97,209,103.96666666666667,0.2644719183444977,-0.3914172046063729
UBFC_PHYS_s13_T2_ctrl,97,210,104.0,0.1866796314716339,-0.5330240306310012
UBFC_PHYS_s13_T2_ctrl,97,211,104.03333333333333,0.10551969707012177,-0.5850940602317377
UBFC_PHYS_s13_T2_ctrl,97,212,104.06666666666666,0.023611757904291153,-0.5661314375105977
UBFC_PHYS_s13_T2_ctrl,97,213,104.1,-0.07012582570314407,-0.5161276386396222
UBFC_PHYS_s13_T2_ctrl,97,214,104.13333333333334,-0.18284356594085693,-0.4802495072999322
UBFC_PHYS_s13_T2_ctrl,97,215,104.16666666666667,-0.28576478362083435,-0.49171646814877373
UBFC_PHYS_s13_T2_ctrl,97,216,104.2,-0.320169597864151,-0.5595052967442237
UBFC_PHYS_s13_T2_ctrl,97,217,104.23333333333333,-0.2521441876888275,-0.6648321092407945
UBFC_PHYS_s13_T2_ctrl,97,218,104.26666666666667,-0.11859441548585892,-0.7675074244521092
UBFC_PHYS_s13_T2_ctrl,97,219,104.3,0.001870254403911531,-0.8200066865377993
UBFC_PHYS_s13_T2_ctrl,97,220,104.33333333333333,0.06943763047456741,-0.7843633621828082
UBFC_PHYS_s13_T2_ctrl,97,221,104.36666666666666,0.08587720990180969,-0.6458123568596997
UBFC_PHYS_s13_T2_ctrl,97,222,104.4,0.054915834218263626,-0.41814640540162806
UBFC_PHYS_s13_T2_ctrl,97,223,104.43333333333334,-0.0072244033217430115,-0.13879396737892524
UBFC_PHYS_s13_T2_ctrl,97,224,104.46666666666667,-0.06374967843294144,0.144333250527958
UBFC_PHYS_s13_T2_ctrl,97,225,104.5,-0.1033608689904213,0.3887256389644711
UBFC_PHYS_s13_T2_ctrl,97,226,104.53333333333333,-0.15041254460811615,0.5691756527278852
UBFC_PHYS_s13_T2_ctrl,97,227,104.56666666666666,-0.2317899614572525,0.6810635891974574
UBFC_PHYS_s13_T2_ctrl,97,228,104.6,-0.3725034296512604,0.7351087913448804
UBFC_PHYS_s13_T2_ctrl,97,229,104.63333333333334,-0.5458917617797852,0.7478800258819382
UBFC_PHYS_s13_T2_ctrl,97,230,104.66666666666667,-0.6282972693443298,0.733355385830476
UBFC_PHYS_s13_T2_ctrl,97,231,104.7,-0.5442144870758057,0.698923275358804
UBFC_PHYS_s13_T2_ctrl,97,232,104.73333333333333,-0.4115709066390991,0.6463277870380262
UBFC_PHYS_s13_T2_ctrl,97,233,104.76666666666667,-0.3865935504436493,0.5756951397238707
UBFC_PHYS_s13_T2_ctrl,97,234,104.8,-0.4569651186466217,0.4897379913254029
UBFC_PHYS_s13_T2_ctrl,97,235,104.83333333333333,-0.5154213309288025,0.3956333389524844
UBFC_PHYS_s13_T2_ctrl,97,236,104.86666666666666,-0.5166537761688232,0.3035172547570389
UBFC_PHYS_s13_T2_ctrl,97,237,104.9,-0.5464288592338562,0.22243999919980711
UBFC_PHYS_s13_T2_ctrl,97,238,104.93333333333334,-0.7499053478240967,0.15617679994385628
UBFC_PHYS_s13_T2_ctrl,97,239,104.96666666666667,-1.0728118419647217,0.10154400547463471
UBFC_PHYS_s13_T2_ctrl,98,0,98.0,-0.4923057556152344,0.0585542564856431
UBFC_PHYS_s13_T2_ctrl,98,1,98.03333333333333,-0.4424498975276947,0.05080487655750501
UBFC_PHYS_s13_T2_ctrl,98,2,98.06666666666666,-0.3802866041660309,0.04664441985245113
UBFC_PHYS_s13_T2_ctrl,98,3,98.1,-0.3112034499645233,0.04804271052318867
UBFC_PHYS_s13_T2_ctrl,98,4,98.13333333333334,-0.2370457500219345,0.055450181367827395
UBFC_PHYS_s13_T2_ctrl,98,5,98.16666666666667,-0.15474897623062134,0.06758351687690159
UBFC_PHYS_s13_T2_ctrl,98,6,98.2,-0.05717582255601883,0.08201534849225055
UBFC_PHYS_s13_T2_ctrl,98,7,98.23333333333333,0.06146003305912018,0.0963921897232101
UBFC_PHYS_s13_T2_ctrl,98,8,98.26666666666667,0.20196260511875153,0.10958670444697025
UBFC_PHYS_s13_T2_ctrl,98,9,98.3,0.35602807998657227,0.12202685678261159
UBFC_PHYS_s13_T2_ctrl,98,10,98.33333333333333,0.5046960711479187,0.13491456610535998
UBFC_PHYS_s13_T2_ctrl,98,11,98.36666666666666,0.6262844204902649,0.14873061781840813
UBFC_PHYS_s13_T2_ctrl,98,12,98.4,0.7117478251457214,0.16187355490288782
UBFC_PHYS_s13_T2_ctrl,98,13,98.43333333333334,0.7639696002006531,0.170238565068158
UBFC_PHYS_s13_T2_ctrl,98,14,98.46666666666667,0.77928227186203,0.1680509352277446
UBFC_PHYS_s13_T2_ctrl,98,15,98.5,0.7473850250244141,0.1496820103295745
UBFC_PHYS_s13_T2_ctrl,98,16,98.53333333333333,0.6842002272605896,0.11182137267209771
UBFC_PHYS_s13_T2_ctrl,98,17,98.56666666666666,0.6408523321151733,0.0552447169686599
UBFC_PHYS_s13_T2_ctrl,98,18,98.6,0.647946834564209,-0.014594540311929501
UBFC_PHYS_s13_T2_ctrl,98,19,98.63333333333334,0.6921053528785706,-0.08871792781134549
UBFC_PHYS_s13_T2_ctrl,98,20,98.66666666666667,0.7653272151947021,-0.1575622913107998
UBFC_PHYS_s13_T2_ctrl,98,21,98.7,0.9015790224075317,-0.21499767545326487
UBFC_PHYS_s13_T2_ctrl,98,22,98.73333333333333,1.12248694896698,-0.2619794766688391
UBFC_PHYS_s13_T2_ctrl,98,23,98.76666666666667,1.3844329118728638,-0.3079876765603665
UBFC_PHYS_s13_T2_ctrl,98,24,98.8,1.6299128532409668,-0.368664520692901
UBFC_PHYS_s13_T2_ctrl,98,25,98.83333333333333,1.865517258644104,-0.4592535470609112
UBFC_PHYS_s13_T2_ctrl,98,26,98.86666666666666,2.1538047790527344,-0.5854400437294909
UBFC_PHYS_s13_T2_ctrl,98,27,98.9,2.538745880126953,-0.7352438609160761
UBFC_PHYS_s13_T2_ctrl,98,28,98.93333333333334,2.9020774364471436,-0.8765105941492226
UBFC_PHYS_s13_T2_ctrl,98,29,98.96666666666667,2.9706268310546875,-0.963032110696733
UBFC_PHYS_s13_T2_ctrl,98,30,99.0,2.631709098815918,-0.9484660283325496
UBFC_PHYS_s13_T2_ctrl,98,31,99.03333333333333,2.1142396926879883,-0.8033313896577502
UBFC_PHYS_s13_T2_ctrl,98,32,99.06666666666666,1.702679991722107,-0.5287255750126938
UBFC_PHYS_s13_T2_ctrl,98,33,99.1,1.4764602184295654,-0.16103741721710052
UBFC_PHYS_s13_T2_ctrl,98,34,99.13333333333334,1.4210619926452637,0.23576689979336124
UBFC_PHYS_s13_T2_ctrl,98,35,99.16666666666667,1.4826518297195435,0.5891712449612357
UBFC_PHYS_s13_T2_ctrl,98,36,99.2,1.5441166162490845,0.8414231503179951
UBFC_PHYS_s13_T2_ctrl,98,37,99.23333333333333,1.5126115083694458,0.9671703281953873
UBFC_PHYS_s13_T2_ctrl,98,38,99.26666666666667,1.390443205833435,0.9785147400318269
UBFC_PHYS_s13_T2_ctrl,98,39,99.3,1.2019004821777344,0.9168505065158731
UBFC_PHYS_s13_T2_ctrl,98,40,99.33333333333333,0.9340397119522095,0.835848856256953
UBFC_PHYS_s13_T2_ctrl,98,41,99.36666666666666,0.6056534051895142,0.7821094573136458
UBFC_PHYS_s13_T2_ctrl,98,42,99.4,0.30159854888916016,0.7797432758678495
UBFC_PHYS_s13_T2_ctrl,98,43,99.43333333333334,0.07920780032873154,0.8232432607331569
UBFC_PHYS_s13_T2_ctrl,98,44,99.46666666666667,-0.09911339730024338,0.8802189269071543
UBFC_PHYS_s13_T2_ctrl,98,45,99.5,-0.28589656949043274,0.9026196748873996
UBFC_PHYS_s13_T2_ctrl,98,46,99.53333333333333,-0.46130484342575073,0.842641575966514
UBFC_PHYS_s13_T2_ctrl,98,47,99.56666666666666,-0.6004531383514404,0.6683924283927598
UBFC_PHYS_s13_T2_ctrl,98,48,99.6,-0.7555763125419617,0.37493711908868604
UBFC_PHYS_s13_T2_ctrl,98,49,99.63333333333334,-0.9819443225860596,-0.011969249821266265
UBFC_PHYS_s13_T2_ctrl,98,50,99.66666666666667,-1.2459925413131714,-0.4401585197650825
UBFC_PHYS_s13_T2_ctrl,98,51,99.7,-1.4859564304351807,-0.8422557909210487
UBFC_PHYS_s13_T2_ctrl,98,52,99.73333333333333,-1.7161929607391357,-1.1513348489981252
UBFC_PHYS_s13_T2_ctrl,98,53,99.76666666666667,-2.021388053894043,-1.3174471531989431
UBFC_PHYS_s13_T2_ctrl,98,54,99.8,-2.4573349952697754,-1.3207159021741075
UBFC_PHYS_s13_T2_ctrl,98,55,99.83333333333333,-2.879538059234619,-1.1767724117640592
UBFC_PHYS_s13_T2_ctrl,98,56,99.86666666666666,-2.9613735675811768,-0.93184869089835
UBFC_PHYS_s13_T2_ctrl,98,57,99.9,-2.5648696422576904,-0.6482149746831639
UBFC_PHYS_s13_T2_ctrl,98,58,99.93333333333334,-1.9351897239685059,-0.38496016267808114
UBFC_PHYS_s13_T2_ctrl,98,59,99.96666666666667,-1.3495628833770752,-0.18159743599090436
UBFC_PHYS_s13_T2_ctrl,98,60,100.0,-0.8521873354911804,-0.050535537051778906
UBFC_PHYS_s13_T2_ctrl,98,61,100.03333333333333,-0.4395402669906616,0.019977705218598617
UBFC_PHYS_s13_T2_ctrl,98,62,100.06666666666666,-0.15879544615745544,0.05555322992833853
UBFC_PHYS_s13_T2_ctrl,98,63,100.1,0.007356705609709024,0.0835068797312743
UBFC_PHYS_s13_T2_ctrl,98,64,100.13333333333334,0.13684354722499847,0.12344177219024886
UBFC_PHYS_s13_T2_ctrl,98,65,100.16666666666667,0.2780216336250305,0.18249196059040693
UBFC_PHYS_s13_T2_ctrl,98,66,100.2,0.42136135697364807,0.2549683281760196
UBFC_PHYS_s13_T2_ctrl,98,67,100.23333333333333,0.5253205299377441,0.3252755819523253
UBFC_PHYS_s13_T2_ctrl,98,68,100.26666666666667,0.556090772151947,0.373041741288106
UBFC_PHYS_s13_T2_ctrl,98,69,100.3,0.514581561088562,0.37954105570644636
UBFC_PHYS_s13_T2_ctrl,98,70,100.33333333333333,0.4304560124874115,0.3341281164291031
UBFC_PHYS_s13_T2_ctrl,98,71,100.36666666666666,0.35131269693374634,0.23891621217627595
UBFC_PHYS_s13_T2_ctrl,98,72,100.4,0.3198768198490143,0.11001564248109956
UBFC_PHYS_s13_T2_ctrl,98,73,100.43333333333334,0.33856701850891113,-0.025506356946090804
UBFC_PHYS_s13_T2_ctrl,98,74,100.46666666666667,0.39197176694869995,-0.13641804020856146
UBFC_PHYS_s13_T2_ctrl,98,75,100.5,0.5008407235145569,-0.19594580179168922
UBFC_PHYS_s13_T2_ctrl,98,76,100.53333333333333,0.6891298294067383,-0.18942938435194653
UBFC_PHYS_s13_T2_ctrl,98,77,100.56666666666666,0.905951738357544,-0.11826397662902405
UBFC_PHYS_s13_T2_ctrl,98,78,100.6,1.0794785022735596,0.0014628087990066502
UBFC_PHYS_s13_T2_ctrl,98,79,100.63333333333334,1.1767418384552002,0.1451083954842737
UBFC_PHYS_s13_T2_ctrl,98,80,100.66666666666667,1.176102638244629,0.2875735289497667
UBFC_PHYS_s13_T2_ctrl,98,81,100.7,1.037415623664856,0.40970832260675805
UBFC_PHYS_s13_T2_ctrl,98,82,100.73333333333333,0.752281665802002,0.500793224838263
UBFC_PHYS_s13_T2_ctrl,98,83,100.76666666666667,0.4069878160953522,0.5572436986190784
UBFC_PHYS_s13_T2_ctrl,98,84,100.8,0.14460694789886475,0.5792662538977535
UBFC_PHYS_s13_T2_ctrl,98,85,100.83333333333333,0.0317903608083725,0.5675247929107456
UBFC_PHYS_s13_T2_ctrl,98,86,100.86666666666666,0.03124665841460228,0.5213407723376249
UBFC_PHYS_s13_T2_ctrl,98,87,100.9,0.06764835864305496,0.43895898271805184
UBFC_PHYS_s13_T2_ctrl,98,88,100.93333333333334,0.07723069936037064,0.319400657022989
UBFC_PHYS_s13_T2_ctrl,98,89,100.96666666666667,0.03742509335279465,0.16489936291400017
UBFC_PHYS_s13_T2_ctrl,98,90,101.0,-0.018642153590917587,-0.016993477243913712
UBFC_PHYS_s13_T2_ctrl,98,91,101.03333333333333,-0.05599285662174225,-0.21236157354747395
UBFC_PHYS_s13_T2_ctrl,98,92,101.06666666666666,-0.08155675232410431,-0.4017318710380932
UBFC_PHYS_s13_T2_ctrl,98,93,101.1,-0.09365330636501312,-0.5632994425304128
UBFC_PHYS_s13_T2_ctrl,98,94,101.13333333333334,-0.07171409577131271,-0.6781223785653195
UBFC_PHYS_s13_T2_ctrl,98,95,101.16666666666667,-0.03075188770890236,-0.7356538675950657
UBFC_PHYS_s13_T2_ctrl,98,96,101.2,-0.012681198306381702,-0.7374778482474612
UBFC_PHYS_s13_T2_ctrl,98,97,101.23333333333333,-0.025367585942149162,-0.6975032080598135
UBFC_PHYS_s13_T2_ctrl,98,98,101.26666666666667,-0.04743201658129692,-0.6379352890455131
UBFC_PHYS_s13_T2_ctrl,98,99,101.3,-0.07087711989879608,-0.5818099084685646
UBFC_PHYS_s13_T2_ctrl,98,100,101.33333333333333,-0.09533713757991791,-0.5443528542785344
UBFC_PHYS_s13_T2_ctrl,98,101,101.36666666666666,-0.12251237034797668,-0.526364998344625
UBFC_PHYS_s13_T2_ctrl,98,102,101.4,-0.16951461136341095,-0.5126679418064025
UBFC_PHYS_s13_T2_ctrl,98,103,101.43333333333334,-0.24293091893196106,-0.47702863688787195
UBFC_PHYS_s13_T2_ctrl,98,104,101.46666666666667,-0.3124358355998993,-0.39228596612569516
UBFC_PHYS_s13_T2_ctrl,98,105,101.5,-0.3518328368663788,-0.24201069306918005
UBFC_PHYS_s13_T2_ctrl,98,106,101.53333333333333,-0.38601359724998474,-0.029238131766268306
UBFC_PHYS_s13_T2_ctrl,98,107,101.56666666666666,-0.45324158668518066,0.22126109575870914
UBFC_PHYS_s13_T2_ctrl,98,108,101.6,-0.5367904901504517,0.46857175573037474
UBFC_PHYS_s13_T2_ctrl,98,109,101.63333333333334,-0.5751791596412659,0.6675947503170052
UBFC_PHYS_s13_T2_ctrl,98,110,101.66666666666667,-0.5256363749504089,0.7830907798074838
UBFC_PHYS_s13_T2_ctrl,98,111,101.7,-0.39653506875038147,0.8003951330958218
UBFC_PHYS_s13_T2_ctrl,98,112,101.73333333333333,-0.22238226234912872,0.7288850962554458
UBFC_PHYS_s13_T2_ctrl,98,113,101.76666666666667,-0.01741964742541313,0.5974966937874368
UBFC_PHYS_s13_T2_ctrl,98,114,101.8,0.22423464059829712,0.444733141596549
UBFC_PHYS_s13_T2_ctrl,98,115,101.83333333333333,0.45803654193878174,0.3072217502791117
UBFC_PHYS_s13_T2_ctrl,98,116,101.86666666666666,0.5819479823112488,0.2104884247526011
UBFC_PHYS_s13_T2_ctrl,98,117,101.9,0.5579196214675903,0.16405491392484522
UBFC_PHYS_s13_T2_ctrl,98,118,101.93333333333334,0.4746408760547638,0.16138088458973943
UBFC_PHYS_s13_T2_ctrl,98,119,101.96666666666667,0.4284854829311371,0.18405913943404154
UBFC_PHYS_s13_T2_ctrl,98,120,102.0,0.40163978934288025,0.20894941091085525
UBFC_PHYS_s13_T2_ctrl,98,121,102.03333333333333,0.30714431405067444,0.21631662911492805
UBFC_PHYS_s13_T2_ctrl,98,122,102.06666666666666,0.12579485774040222,0.19648465388814584
UBFC_PHYS_s13_T2_ctrl,98,123,102.1,-0.07221166789531708,0.15254520137807343
UBFC_PHYS_s13_T2_ctrl,98,124,102.13333333333334,-0.1874699741601944,0.09780638773623887
UBFC_PHYS_s13_T2_ctrl,98,125,102.16666666666667,-0.1708788126707077,0.04884737055471163
UBFC_PHYS_s13_T2_ctrl,98,126,102.2,-0.09397953003644943,0.01733745086919491
UBFC_PHYS_s13_T2_ctrl,98,127,102.23333333333333,-0.10057645291090012,0.00450187006321523
UBFC_PHYS_s13_T2_ctrl,98,128,102.26666666666667,-0.22899894416332245,0.00048648560964524665
UBFC_PHYS_s13_T2_ctrl,98,129,102.3,-0.36613717675209045,-0.011658665761078876
UBFC_PHYS_s13_T2_ctrl,98,130,102.33333333333333,-0.43422847986221313,-0.049279062959578325
UBFC_PHYS_s13_T2_ctrl,98,131,102.36666666666666,-0.44875025749206543,-0.12310511276782272
UBFC_PHYS_s13_T2_ctrl,98,132,102.4,-0.41836225986480713,-0.23223250529561398
UBFC_PHYS_s13_T2_ctrl,98,133,102.43333333333334,-0.3270202577114105,-0.36276073164142153
UBFC_PHYS_s13_T2_ctrl,98,134,102.46666666666667,-0.19163836538791656,-0.49060905980649283
UBFC_PHYS_s13_T2_ctrl,98,135,102.5,-0.05838185176253319,-0.5877787122530495
UBFC_PHYS_s13_T2_ctrl,98,136,102.53333333333333,0.03767552599310875,-0.6304076173449431
UBFC_PHYS_s13_T2_ctrl,98,137,102.56666666666666,0.09494880586862564,-0.6064458570596664
UBFC_PHYS_s13_T2_ctrl,98,138,102.6,0.1289878636598587,-0.5206354476415512
UBFC_PHYS_s13_T2_ctrl,98,139,102.63333333333334,0.15117092430591583,-0.39482535330714713
UBFC_PHYS_s13_T2_ctrl,98,140,102.66666666666667,0.16572237014770508,-0.2626608839620791
UBFC_PHYS_s13_T2_ctrl,98,141,102.7,0.176092267036438,-0.15938986729489002
UBFC_PHYS_s13_T2_ctrl,98,142,102.73333333333333,0.1827419102191925,-0.10958474493476632
UBFC_PHYS_s13_T2_ctrl,98,143,102.76666666666667,0.20017662644386292,-0.11715638663200224
UBFC_PHYS_s13_T2_ctrl,98,144,102.8,0.275194376707077,-0.16212838298133822
UBFC_PHYS_s13_T2_ctrl,98,145,102.83333333333333,0.41370007395744324,-0.20655258271630308
UBFC_PHYS_s13_T2_ctrl,98,146,102.86666666666666,0.5162028074264526,-0.20810960759144892
UBFC_PHYS_s13_T2_ctrl,98,147,102.9,0.47454532980918884,-0.13638332277731838
UBFC_PHYS_s13_T2_ctrl,98,148,102.93333333333334,0.3157084286212921,0.014474322083897328
UBFC_PHYS_s13_T2_ctrl,98,149,102.96666666666667,0.16118164360523224,0.221644544426938
UBFC_PHYS_s13_T2_ctrl,98,150,103.0,0.07195843011140823,0.4399338343718931
UBFC_PHYS_s13_T2_ctrl,98,151,103.03333333333333,0.011528385803103447,0.6163918673962376
UBFC_PHYS_s13_T2_ctrl,98,152,103.06666666666666,-0.07958295196294785,0.7078761741896206
UBFC_PHYS_s13_T2_ctrl,98,153,103.1,-0.22494259476661682,0.6950380463407896
UBFC_PHYS_s13_T2_ctrl,98,154,103.13333333333334,-0.40032121539115906,0.587921670902577
UBFC_PHYS_s13_T2_ctrl,98,155,103.16666666666667,-0.562328040599823,0.4218228988559995
UBFC_PHYS_s13_T2_ctrl,98,156,103.2,-0.6948596239089966,0.2454595689974516
UBFC_PHYS_s13_T2_ctrl,98,157,103.23333333333333,-0.7973293662071228,0.10572869575997759
UBFC_PHYS_s13_T2_ctrl,98,158,103.26666666666667,-0.8536404967308044,0.033944236723517235
UBFC_PHYS_s13_T2_ctrl,98,159,103.3,-0.8618454337120056,0.037562841306818404
UBFC_PHYS_s13_T2_ctrl,98,160,103.33333333333333,-0.8467667698860168,0.09946779906853516
UBFC_PHYS_s13_T2_ctrl,98,161,103.36666666666666,-0.820253849029541,0.18452347012937909
UBFC_PHYS_s13_T2_ctrl,98,162,103.4,-0.7819311022758484,0.25102452853677754
UBFC_PHYS_s13_T2_ctrl,98,163,103.43333333333334,-0.7397826313972473,0.2635042740851054
UBFC_PHYS_s13_T2_ctrl,98,164,103.46666666666667,-0.6955614686012268,0.2033920812439333
UBFC_PHYS_s13_T2_ctrl,98,165,103.5,-0.6360409259796143,0.07481756789793413
UBFC_PHYS_s13_T2_ctrl,98,166,103.53333333333333,-0.5555169582366943,-0.09602559288829426
UBFC_PHYS_s13_T2_ctrl,98,167,103.56666666666666,-0.46144983172416687,-0.26813295733399856
UBFC_PHYS_s13_T2_ctrl,98,168,103.6,-0.35314762592315674,-0.3979584555282302
UBFC_PHYS_s13_T2_ctrl,98,169,103.63333333333334,-0.22291937470436096,-0.4532539862784001
UBFC_PHYS_s13_T2_ctrl,98,170,103.66666666666667,-0.07800456881523132,-0.42384421416701556
UBFC_PHYS_s13_T2_ctrl,98,171,103.7,0.054204076528549194,-0.32512653184015394
UBFC_PHYS_s13_T2_ctrl,98,172,103.73333333333333,0.1620713323354721,-0.19253626924408054
UBFC_PHYS_s13_T2_ctrl,98,173,103.76666666666667,0.26441919803619385,-0.06886267389499512
UBFC_PHYS_s13_T2_ctrl,98,174,103.8,0.360377699136734,0.010541340384101282
UBFC_PHYS_s13_T2_ctrl,98,175,103.83333333333333,0.415364146232605,0.028773482879832044
UBFC_PHYS_s13_T2_ctrl,98,176,103.86666666666666,0.4158979654312134,-0.00914358443399603
UBFC_PHYS_s13_T2_ctrl,98,177,103.9,0.3820763826370239,-0.08053842946790678
UBFC_PHYS_s13_T2_ctrl,98,178,103.93333333333334,0.33075088262557983,-0.15445847557031028
UBFC_PHYS_s13_T2_ctrl,98,179,103.96666666666667,0.2644719183444977,-0.2022861138863558
UBFC_PHYS_s13_T2_ctrl,98,180,104.0,0.1866796314716339,-0.20620722850143222
UBFC_PHYS_s13_T2_ctrl,98,181,104.03333333333333,0.10551969707012177,-0.16353657694769752
UBFC_PHYS_s13_T2_ctrl,98,182,104.06666666666666,0.023611757904291153,-0.08643606412479933
UBFC_PHYS_s13_T2_ctrl,98,183,104.1,-0.07012582570314407,0.0023047753573209053
UBFC_PHYS_s13_T2_ctrl,98,184,104.13333333333334,-0.18284356594085693,0.07612117683278781
UBFC_PHYS_s13_T2_ctrl,98,185,104.16666666666667,-0.28576478362083435,0.11243819936868919
UBFC_PHYS_s13_T2_ctrl,98,186,104.2,-0.320169597864151,0.09928832455053886
UBFC_PHYS_s13_T2_ctrl,98,187,104.23333333333333,-0.2521441876888275,0.038854674903506796
UBFC_PHYS_s13_T2_ctrl,98,188,104.26666666666667,-0.11859441548585892,-0.053072598896403436
UBFC_PHYS_s13_T2_ctrl,98,189,104.3,0.001870254403911531,-0.15146862872756547
UBFC_PHYS_s13_T2_ctrl,98,190,104.33333333333333,0.06943763047456741,-0.22898026733886517
UBFC_PHYS_s13_T2_ctrl,98,191,104.36666666666666,0.08587720990180969,-0.2634113344784527
UBFC_PHYS_s13_T2_ctrl,98,192,104.4,0.054915834218263626,-0.2435762435083597
UBFC_PHYS_s13_T2_ctrl,98,193,104.43333333333334,-0.0072244033217430115,-0.17173148928728046
UBFC_PHYS_s13_T2_ctrl,98,194,104.46666666666667,-0.06374967843294144,-0.06197869054256091
UBFC_PHYS_s13_T2_ctrl,98,195,104.5,-0.1033608689904213,0.0645144131808475
UBFC_PHYS_s13_T2_ctrl,98,196,104.53333333333333,-0.15041254460811615,0.18560853568558092
UBFC_PHYS_s13_T2_ctrl,98,197,104.56666666666666,-0.2317899614572525,0.2835979035021287
UBFC_PHYS_s13_T2_ctrl,98,198,104.6,-0.3725034296512604,0.34861105945754495
UBFC_PHYS_s13_T2_ctrl,98,199,104.63333333333334,-0.5458917617797852,0.37957497403750023
UBFC_PHYS_s13_T2_ctrl,98,200,104.66666666666667,-0.6282972693443298,0.3828449477267364
UBFC_PHYS_s13_T2_ctrl,98,201,104.7,-0.5442144870758057,0.36895216803457026
UBFC_PHYS_s13_T2_ctrl,98,202,104.73333333333333,-0.4115709066390991,0.34839127250575164
UBFC_PHYS_s13_T2_ctrl,98,203,104.76666666666667,-0.3865935504436493,0.32779927801097886
UBFC_PHYS_s13_T2_ctrl,98,204,104.8,-0.4569651186466217,0.30789225122049857
UBFC_PHYS_s13_T2_ctrl,98,205,104.83333333333333,-0.5154213309288025,0.2839241557192113
UBFC_PHYS_s13_T2_ctrl,98,206,104.86666666666666,-0.5166537761688232,0.24836899633705384
UBFC_PHYS_s13_T2_ctrl,98,207,104.9,-0.5464288592338562,0.19458608412694783
UBFC_PHYS_s13_T2_ctrl,98,208,104.93333333333334,-0.7499053478240967,0.11995240623893141
UBFC_PHYS_s13_T2_ctrl,98,209,104.96666666666667,-1.0728118419647217,0.027378767629664798
UBFC_PHYS_s13_T2_ctrl,98,210,105.0,-1.2499302625656128,-0.07506267933723437
UBFC_PHYS_s13_T2_ctrl,98,211,105.03333333333333,-1.2066285610198975,-0.17594160968891864
UBFC_PHYS_s13_T2_ctrl,98,212,105.06666666666666,-1.1733144521713257,-0.26292163344131025
UBFC_PHYS_s13_T2_ctrl,98,213,105.1,-1.2594401836395264,-0.32515677556266515
UBFC_PHYS_s13_T2_ctrl,98,214,105.13333333333334,-1.3674951791763306,-0.355216213331472
UBFC_PHYS_s13_T2_ctrl,98,215,105.16666666666667,-1.409630537033081,-0.35044581384814305
UBFC_PHYS_s13_T2_ctrl,98,216,105.2,-1.3527988195419312,-0.3138528207984777
UBFC_PHYS_s13_T2_ctrl,98,217,105.23333333333333,-1.15366530418396,-0.2544150652531765
UBFC_PHYS_s13_T2_ctrl,98,218,105.26666666666667,-0.801616370677948,-0.18627287970699064
UBFC_PHYS_s13_T2_ctrl,98,219,105.3,-0.36213353276252747,-0.12620630478668968
UBFC_PHYS_s13_T2_ctrl,98,220,105.33333333333333,0.0947280302643776,-0.08953095032665362
UBFC_PHYS_s13_T2_ctrl,98,221,105.36666666666666,0.5432857871055603,-0.08551517988817156
UBFC_PHYS_s13_T2_ctrl,98,222,105.4,0.9685533046722412,-0.11387683094346308
UBFC_PHYS_s13_T2_ctrl,98,223,105.43333333333334,1.360249638557434,-0.16373007354602906
UBFC_PHYS_s13_T2_ctrl,98,224,105.46666666666667,1.7478797435760498,-0.21571558444308395
UBFC_PHYS_s13_T2_ctrl,98,225,105.5,2.1085193157196045,-0.2470788423332984
UBFC_PHYS_s13_T2_ctrl,98,226,105.53333333333333,2.2511472702026367,-0.23837770998416322
UBFC_PHYS_s13_T2_ctrl,98,227,105.56666666666666,2.0383553504943848,-0.1797712685712758
UBFC_PHYS_s13_T2_ctrl,98,228,105.6,1.596648097038269,-0.07482337721082175
UBFC_PHYS_s13_T2_ctrl,98,229,105.63333333333334,1.1752161979675293,0.059661405606394685
UBFC_PHYS_s13_T2_ctrl,98,230,105.66666666666667,0.9127858877182007,0.19822312079264937
UBFC_PHYS_s13_T2_ctrl,98,231,105.7,0.8153972625732422,0.3145727841130362
UBFC_PHYS_s13_T2_ctrl,98,232,105.73333333333333,0.8095648288726807,0.3896347830508491
UBFC_PHYS_s13_T2_ctrl,98,233,105.76666666666667,0.7777664661407471,0.41631492311390034
UBFC_PHYS_s13_T2_ctrl,98,234,105.8,0.6381008625030518,0.3993202377826726
UBFC_PHYS_s13_T2_ctrl,98,235,105.83333333333333,0.4051985442638397,0.35099108802018736
UBFC_PHYS_s13_T2_ctrl,98,236,105.86666666666666,0.13583192229270935,0.28560234044842164
UBFC_PHYS_s13_T2_ctrl,98,237,105.9,-0.15046526491641998,0.21454238319091493
UBFC_PHYS_s13_T2_ctrl,98,238,105.93333333333334,-0.4736979603767395,0.1438049601398551
UBFC_PHYS_s13_T2_ctrl,98,239,105.96666666666667,-0.8319714665412903,0.0740744092082912
UBFC_PHYS_s13_T2_ctrl,99,0,99.0,2.631709098815918,0.011177315997410127
UBFC_PHYS_s13_T2_ctrl,99,1,99.03333333333333,2.1142396926879883,-0.06044457572361802
UBFC_PHYS_s13_T2_ctrl,99,2,99.06666666666666,1.702679991722107,-0.1032715219714773
UBFC_PHYS_s13_T2_ctrl,99,3,99.1,1.4764602184295654,-0.10380487389160487
UBFC_PHYS_s13_T2_ctrl,99,4,99.13333333333334,1.4210619926452637,-0.06970956897487741
UBFC_PHYS_s13_T2_ctrl,99,5,99.16666666666667,1.4826518297195435,-0.02444037249540476
UBFC_PHYS_s13_T2_ctrl,99,6,99.2,1.5441166162490845,0.007228446621524715
UBFC_PHYS_s13_T2_ctrl,99,7,99.23333333333333,1.5126115083694458,0.014101100855225783
UBFC_PHYS_s13_T2_ctrl,99,8,99.26666666666667,1.390443205833435,0.005460169226242541
UBFC_PHYS_s13_T2_ctrl,99,9,99.3,1.2019004821777344,0.006735974793102892
UBFC_PHYS_s13_T2_ctrl,99,10,99.33333333333333,0.9340397119522095,0.04667745475783804
UBFC_PHYS_s13_T2_ctrl,99,11,99.36666666666666,0.6056534051895142,0.1423854780658097
UBFC_PHYS_s13_T2_ctrl,99,12,99.4,0.30159854888916016,0.288717612625723
UBFC_PHYS_s13_T2_ctrl,99,13,99.43333333333334,0.07920780032873154,0.4561583814882225
UBFC_PHYS_s13_T2_ctrl,99,14,99.46666666666667,-0.09911339730024338,0.5979284580115575
UBFC_PHYS_s13_T2_ctrl,99,15,99.5,-0.28589656949043274,0.6638559773452334
UBFC_PHYS_s13_T2_ctrl,99,16,99.53333333333333,-0.46130484342575073,0.6161164265024643
UBFC_PHYS_s13_T2_ctrl,99,17,99.56666666666666,-0.6004531383514404,0.4414923991248888
UBFC_PHYS_s13_T2_ctrl,99,18,99.6,-0.7555763125419617,0.1566601322896893
UBFC_PHYS_s13_T2_ctrl,99,19,99.63333333333334,-0.9819443225860596,-0.19421047431275754
UBFC_PHYS_s13_T2_ctrl,99,20,99.66666666666667,-1.2459925413131714,-0.5481883165308328
UBFC_PHYS_s13_T2_ctrl,99,21,99.7,-1.4859564304351807,-0.8363183246176198
UBFC_PHYS_s13_T2_ctrl,99,22,99.73333333333333,-1.7161929607391357,-0.9977634588720956
UBFC_PHYS_s13_T2_ctrl,99,23,99.76666666666667,-2.021388053894043,-0.9927871160082128
UBFC_PHYS_s13_T2_ctrl,99,24,99.8,-2.4573349952697754,-0.8121639782549722
UBFC_PHYS_s13_T2_ctrl,99,25,99.83333333333333,-2.879538059234619,-0.4809363219809251
UBFC_PHYS_s13_T2_ctrl,99,26,99.86666666666666,-2.9613735675811768,-0.05513849645328526
UBFC_PHYS_s13_T2_ctrl,99,27,99.9,-2.5648696422576904,0.3886827381557089
UBFC_PHYS_s13_T2_ctrl,99,28,99.93333333333334,-1.9351897239685059,0.7696189450584223
UBFC_PHYS_s13_T2_ctrl,99,29,99.96666666666667,-1.3495628833770752,1.0206411670009867
UBFC_PHYS_s13_T2_ctrl,99,30,100.0,-0.8521873354911804,1.1037377480183421
UBFC_PHYS_s13_T2_ctrl,99,31,100.03333333333333,-0.4395402669906616,1.0171283166876612
UBFC_PHYS_s13_T2_ctrl,99,32,100.06666666666666,-0.15879544615745544,0.7926550841488263
UBFC_PHYS_s13_T2_ctrl,99,33,100.1,0.007356705609709024,0.4850225000033057
UBFC_PHYS_s13_T2_ctrl,99,34,100.13333333333334,0.13684354722499847,0.15663290824311787
UBFC_PHYS_s13_T2_ctrl,99,35,100.16666666666667,0.2780216336250305,-0.13776194825032925
UBFC_PHYS_s13_T2_ctrl,99,36,100.2,0.42136135697364807,-0.3627707128948134
UBFC_PHYS_s13_T2_ctrl,99,37,100.23333333333333,0.5253205299377441,-0.507743987717715
UBFC_PHYS_s13_T2_ctrl,99,38,100.26666666666667,0.556090772151947,-0.5849978971138567
UBFC_PHYS_s13_T2_ctrl,99,39,100.3,0.514581561088562,-0.6221074664931434
UBFC_PHYS_s13_T2_ctrl,99,40,100.33333333333333,0.4304560124874115,-0.651012696581283
UBFC_PHYS_s13_T2_ctrl,99,41,100.36666666666666,0.35131269693374634,-0.6970932788293823
UBFC_PHYS_s13_T2_ctrl,99,42,100.4,0.3198768198490143,-0.7707306973199939
UBFC_PHYS_s13_T2_ctrl,99,43,100.43333333333334,0.33856701850891113,-0.8630850538096249
UBFC_PHYS_s13_T2_ctrl,99,44,100.46666666666667,0.39197176694869995,-0.9473906087300953
UBFC_PHYS_s13_T2_ctrl,99,45,100.5,0.5008407235145569,-0.9861768956437921
UBFC_PHYS_s13_T2_ctrl,99,46,100.53333333333333,0.6891298294067383,-0.9427857214122352
UBFC_PHYS_s13_T2_ctrl,99,47,100.56666666666666,0.905951738357544,-0.7933916718723731
UBFC_PHYS_s13_T2_ctrl,99,48,100.6,1.0794785022735596,-0.5350350408640558
UBFC_PHYS_s13_T2_ctrl,99,49,100.63333333333334,1.1767418384552002,-0.1867048869230598
UBFC_PHYS_s13_T2_ctrl,99,50,100.66666666666667,1.176102638244629,0.21627705287257265
UBFC_PHYS_s13_T2_ctrl,99,51,100.7,1.037415623664856,0.6313128772658811
UBFC_PHYS_s13_T2_ctrl,99,52,100.73333333333333,0.752281665802002,1.0168137165793198
UBFC_PHYS_s13_T2_ctrl,99,53,100.76666666666667,0.4069878160953522,1.3370283397704703
UBFC_PHYS_s13_T2_ctrl,99,54,100.8,0.14460694789886475,1.5636324614184498
UBFC_PHYS_s13_T2_ctrl,99,55,100.83333333333333,0.0317903608083725,1.676375033545946
UBFC_PHYS_s13_T2_ctrl,99,56,100.86666666666666,0.03124665841460228,1.6648166640919697
UBFC_PHYS_s13_T2_ctrl,99,57,100.9,0.06764835864305496,1.5312616139608184
UBFC_PHYS_s13_T2_ctrl,99,58,100.93333333333334,0.07723069936037064,1.2930954593569803
UBFC_PHYS_s13_T2_ctrl,99,59,100.96666666666667,0.03742509335279465,0.9821505956506622
UBFC_PHYS_s13_T2_ctrl,99,60,101.0,-0.018642153590917587,0.6397789877529535
UBFC_PHYS_s13_T2_ctrl,99,61,101.03333333333333,-0.05599285662174225,0.3083493048670644
UBFC_PHYS_s13_T2_ctrl,99,62,101.06666666666666,-0.08155675232410431,0.02173038993946791
UBFC_PHYS_s13_T2_ctrl,99,63,101.1,-0.09365330636501312,-0.2020349639903591
UBFC_PHYS_s13_T2_ctrl,99,64,101.13333333333334,-0.07171409577131271,-0.36356455215698347
UBFC_PHYS_s13_T2_ctrl,99,65,101.16666666666667,-0.03075188770890236,-0.4800112730825148
UBFC_PHYS_s13_T2_ctrl,99,66,101.2,-0.012681198306381702,-0.5791973817289511
UBFC_PHYS_s13_T2_ctrl,99,67,101.23333333333333,-0.025367585942149162,-0.6918664489652862
UBFC_PHYS_s13_T2_ctrl,99,68,101.26666666666667,-0.04743201658129692,-0.8433726547813691
UBFC_PHYS_s13_T2_ctrl,99,69,101.3,-0.07087711989879608,-1.045373496786148
UBFC_PHYS_s13_T2_ctrl,99,70,101.33333333333333,-0.09533713757991791,-1.288243477544727
UBFC_PHYS_s13_T2_ctrl,99,71,101.36666666666666,-0.12251237034797668,-1.5362791504642088
UBFC_PHYS_s13_T2_ctrl,99,72,101.4,-0.16951461136341095,-1.7293428736017227
UBFC_PHYS_s13_T2_ctrl,99,73,101.43333333333334,-0.24293091893196106,-1.7942500877879342
UBFC_PHYS_s13_T2_ctrl,99,74,101.46666666666667,-0.3124358355998993,-1.6657112482238905
UBFC_PHYS_s13_T2_ctrl,99,75,101.5,-0.3518328368663788,-1.311483520497314
UBFC_PHYS_s13_T2_ctrl,99,76,101.53333333333333,-0.38601359724998474,-0.7524794195055271
UBFC_PHYS_s13_T2_ctrl,99,77,101.56666666666666,-0.45324158668518066,-0.06836580618219819
UBFC_PHYS_s13_T2_ctrl,99,78,101.6,-0.5367904901504517,0.6164848034378368
UBFC_PHYS_s13_T2_ctrl,99,79,101.63333333333334,-0.5751791596412659,1.1644202159194152
UBFC_PHYS_s13_T2_ctrl,99,80,101.66666666666667,-0.5256363749504089,1.4636752141724243
UBFC_PHYS_s13_T2_ctrl,99,81,101.7,-0.39653506875038147,1.4619089340532416
UBFC_PHYS_s13_T2_ctrl,99,82,101.73333333333333,-0.22238226234912872,1.182626923122721
UBFC_PHYS_s13_T2_ctrl,99,83,101.76666666666667,-0.01741964742541313,0.7192338409612092
UBFC_PHYS_s13_T2_ctrl,99,84,101.8,0.22423464059829712,0.20900533721734368
UBFC_PHYS_s13_T2_ctrl,99,85,101.83333333333333,0.45803654193878174,-0.2047676302410421
UBFC_PHYS_s13_T2_ctrl,99,86,101.86666666666666,0.5819479823112488,-0.41149010679857395
UBFC_PHYS_s13_T2_ctrl,99,87,101.9,0.5579196214675903,-0.36223495383627385
UBFC_PHYS_s13_T2_ctrl,99,88,101.93333333333334,0.4746408760547638,-0.08102130732155727
UBFC_PHYS_s13_T2_ctrl,99,89,101.96666666666667,0.4284854829311371,0.34503632260161265
UBFC_PHYS_s13_T2_ctrl,99,90,102.0,0.40163978934288025,0.7941804530052966
UBFC_PHYS_s13_T2_ctrl,99,91,102.03333333333333,0.30714431405067444,1.1482981404051467
UBFC_PHYS_s13_T2_ctrl,99,92,102.06666666666666,0.12579485774040222,1.327967189774292
UBFC_PHYS_s13_T2_ctrl,99,93,102.1,-0.07221166789531708,1.311797764040031
UBFC_PHYS_s13_T2_ctrl,99,94,102.13333333333334,-0.1874699741601944,1.1341401789029188
UBFC_PHYS_s13_T2_ctrl,99,95,102.16666666666667,-0.1708788126707077,0.864383517081966
UBFC_PHYS_s13_T2_ctrl,99,96,102.2,-0.09397953003644943,0.5780039349958346
UBFC_PHYS_s13_T2_ctrl,99,97,102.23333333333333,-0.10057645291090012,0.33113406246933663
UBFC_PHYS_s13_T2_ctrl,99,98,102.26666666666667,-0.22899894416332245,0.14664133019860737
UBFC_PHYS_s13_T2_ctrl,99,99,102.3,-0.36613717675209045,0.01375779184072946
UBFC_PHYS_s13_T2_ctrl,99,100,102.33333333333333,-0.43422847986221313,-0.10130907816053969
UBFC_PHYS_s13_T2_ctrl,99,101,102.36666666666666,-0.44875025749206543,-0.23880655592074326
UBFC_PHYS_s13_T2_ctrl,99,102,102.4,-0.41836225986480713,-0.42872003327831204
UBFC_PHYS_s13_T2_ctrl,99,103,102.43333333333334,-0.3270202577114105,-0.678874832528351
UBFC_PHYS_s13_T2_ctrl,99,104,102.46666666666667,-0.19163836538791656,-0.9705812581857777
UBFC_PHYS_s13_T2_ctrl,99,105,102.5,-0.05838185176253319,-1.2621541293555252
UBFC_PHYS_s13_T2_ctrl,99,106,102.53333333333333,0.03767552599310875,-1.4990796882776762
UBFC_PHYS_s13_T2_ctrl,99,107,102.56666666666666,0.09494880586862564,-1.6285308735773194
UBFC_PHYS_s13_T2_ctrl,99,108,102.6,0.1289878636598587,-1.614741060341089
UBFC_PHYS_s13_T2_ctrl,99,109,102.63333333333334,0.15117092430591583,-1.4507348885638005
UBFC_PHYS_s13_T2_ctrl,99,110,102.66666666666667,0.16572237014770508,-1.161982784408452
UBFC_PHYS_s13_T2_ctrl,99,111,102.7,0.176092267036438,-0.7995370621788195
UBFC_PHYS_s13_T2_ctrl,99,112,102.73333333333333,0.1827419102191925,-0.4240675442367308
UBFC_PHYS_s13_T2_ctrl,99,113,102.76666666666667,0.20017662644386292,-0.08640470362412193
UBFC_PHYS_s13_T2_ctrl,99,114,102.8,0.275194376707077,0.18748202486739377
UBFC_PHYS_s13_T2_ctrl,99,115,102.83333333333333,0.41370007395744324,0.40040933898469744
UBFC_PHYS_s13_T2_ctrl,99,116,102.86666666666666,0.5162028074264526,0.5750404321915982
UBFC_PHYS_s13_T2_ctrl,99,117,102.9,0.47454532980918884,0.7364904792338575
UBFC_PHYS_s13_T2_ctrl,99,118,102.93333333333334,0.3157084286212921,0.8951000929507241
UBFC_PHYS_s13_T2_ctrl,99,119,102.96666666666667,0.16118164360523224,1.0379066869307454
UBFC_PHYS_s13_T2_ctrl,99,120,103.0,0.07195843011140823,1.1327780779451806
UBFC_PHYS_s13_T2_ctrl,99,121,103.03333333333333,0.011528385803103447,1.1427383966357239
UBFC_PHYS_s13_T2_ctrl,99,122,103.06666666666666,-0.07958295196294785,1.043258790423355
UBFC_PHYS_s13_T2_ctrl,99,123,103.1,-0.22494259476661682,0.8345737725638426
UBFC_PHYS_s13_T2_ctrl,99,124,103.13333333333334,-0.40032121539115906,0.5444544893144293
UBFC_PHYS_s13_T2_ctrl,99,125,103.16666666666667,-0.562328040599823,0.22165451752306614
UBFC_PHYS_s13_T2_ctrl,99,126,103.2,-0.6948596239089966,-0.07654985800264573
UBFC_PHYS_s13_T2_ctrl,99,127,103.23333333333333,-0.7973293662071228,-0.29860577910863606
UBFC_PHYS_s13_T2_ctrl,99,128,103.26666666666667,-0.8536404967308044,-0.4115048481014144
UBFC_PHYS_s13_T2_ctrl,99,129,103.3,-0.8618454337120056,-0.40966317463242563
UBFC_PHYS_s13_T2_ctrl,99,130,103.33333333333333,-0.8467667698860168,-0.31710416174740264
UBFC_PHYS_s13_T2_ctrl,99,131,103.36666666666666,-0.820253849029541,-0.18081042990699797
UBFC_PHYS_s13_T2_ctrl,99,132,103.4,-0.7819311022758484,-0.056089985253801086
UBFC_PHYS_s13_T2_ctrl,99,133,103.43333333333334,-0.7397826313972473,0.011446295445725008
UBFC_PHYS_s13_T2_ctrl,99,134,103.46666666666667,-0.6955614686012268,0.0007928214284580772
UBFC_PHYS_s13_T2_ctrl,99,135,103.5,-0.6360409259796143,-0.07807866560109995
UBFC_PHYS_s13_T2_ctrl,99,136,103.53333333333333,-0.5555169582366943,-0.18833238283043277
UBFC_PHYS_s13_T2_ctrl,99,137,103.56666666666666,-0.46144983172416687,-0.2789642420285115
UBFC_PHYS_s13_T2_ctrl,99,138,103.6,-0.35314762592315674,-0.30177198648129533
UBFC_PHYS_s13_T2_ctrl,99,139,103.63333333333334,-0.22291937470436096,-0.22752139866067597
UBFC_PHYS_s13_T2_ctrl,99,140,103.66666666666667,-0.07800456881523132,-0.056565830723271246
UBFC_PHYS_s13_T2_ctrl,99,141,103.7,0.054204076528549194,0.17951627344086882
UBFC_PHYS_s13_T2_ctrl,99,142,103.73333333333333,0.1620713323354721,0.4263322418632549
UBFC_PHYS_s13_T2_ctrl,99,143,103.76666666666667,0.26441919803619385,0.6228710676338911
UBFC_PHYS_s13_T2_ctrl,99,144,103.8,0.360377699136734,0.7198939307154517
UBFC_PHYS_s13_T2_ctrl,99,145,103.83333333333333,0.415364146232605,0.6937497063911896
UBFC_PHYS_s13_T2_ctrl,99,146,103.86666666666666,0.4158979654312134,0.5510845741516125
UBFC_PHYS_s13_T2_ctrl,99,147,103.9,0.3820763826370239,0.3241249830199312
UBFC_PHYS_s13_T2_ctrl,99,148,103.93333333333334,0.33075088262557983,0.05979429401685044
UBFC_PHYS_s13_T2_ctrl,99,149,103.96666666666667,0.2644719183444977,-0.19293032425996223
UBFC_PHYS_s13_T2_ctrl,99,150,104.0,0.1866796314716339,-0.3943048050063611
UBFC_PHYS_s13_T2_ctrl,99,151,104.03333333333333,0.10551969707012177,-0.522240438501442
UBFC_PHYS_s13_T2_ctrl,99,152,104.06666666666666,0.023611757904291153,-0.5766178128564206
UBFC_PHYS_s13_T2_ctrl,99,153,104.1,-0.07012582570314407,-0.5782610457193453
UBFC_PHYS_s13_T2_ctrl,99,154,104.13333333333334,-0.18284356594085693,-0.5625189144054935
UBFC_PHYS_s13_T2_ctrl,99,155,104.16666666666667,-0.28576478362083435,-0.5689124188056933
UBFC_PHYS_s13_T2_ctrl,99,156,104.2,-0.320169597864151,-0.6289627408080614
UBFC_PHYS_s13_T2_ctrl,99,157,104.23333333333333,-0.2521441876888275,-0.7545978475624566
UBFC_PHYS_s13_T2_ctrl,99,158,104.26666666666667,-0.11859441548585892,-0.9301201458186344
UBFC_PHYS_s13_T2_ctrl,99,159,104.3,0.001870254403911531,-1.1109072093128274
UBFC_PHYS_s13_T2_ctrl,99,160,104.33333333333333,0.06943763047456741,-1.230870620106567
UBFC_PHYS_s13_T2_ctrl,99,161,104.36666666666666,0.08587720990180969,-1.2183291742250686
UBFC_PHYS_s13_T2_ctrl,99,162,104.4,0.054915834218263626,-1.0171326008493977
UBFC_PHYS_s13_T2_ctrl,99,163,104.43333333333334,-0.0072244033217430115,-0.6074120256853784
UBFC_PHYS_s13_T2_ctrl,99,164,104.46666666666667,-0.06374967843294144,-0.019073839284916266
UBFC_PHYS_s13_T2_ctrl,99,165,104.5,-0.1033608689904213,0.6681194676362581
UBFC_PHYS_s13_T2_ctrl,99,166,104.53333333333333,-0.15041254460811615,1.3407245799895349
UBFC_PHYS_s13_T2_ctrl,99,167,104.56666666666666,-0.2317899614572525,1.8808507170014095
UBFC_PHYS_s13_T2_ctrl,99,168,104.6,-0.3725034296512604,2.198499669886444
UBFC_PHYS_s13_T2_ctrl,99,169,104.63333333333334,-0.5458917617797852,2.254614978062864
UBFC_PHYS_s13_T2_ctrl,99,170,104.66666666666667,-0.6282972693443298,2.0671076731382025
UBFC_PHYS_s13_T2_ctrl,99,171,104.7,-0.5442144870758057,1.6999513450903825
UBFC_PHYS_s13_T2_ctrl,99,172,104.73333333333333,-0.4115709066390991,1.2410391279565218
UBFC_PHYS_s13_T2_ctrl,99,173,104.76666666666667,-0.3865935504436493,0.7767642724117614
UBFC_PHYS_s13_T2_ctrl,99,174,104.8,-0.4569651186466217,0.37118468804754234
UBFC_PHYS_s13_T2_ctrl,99,175,104.83333333333333,-0.5154213309288025,0.05524619767373283
UBFC_PHYS_s13_T2_ctrl,99,176,104.86666666666666,-0.5166537761688232,-0.17269244088336952
UBFC_PHYS_s13_T2_ctrl,99,177,104.9,-0.5464288592338562,-0.3377614077889191
UBFC_PHYS_s13_T2_ctrl,99,178,104.93333333333334,-0.7499053478240967,-0.47541612855100535
UBFC_PHYS_s13_T2_ctrl,99,179,104.96666666666667,-1.0728118419647217,-0.6183089766061521
UBFC_PHYS_s13_T2_ctrl,99,180,105.0,-1.2499302625656128,-0.7858877966138532
UBFC_PHYS_s13_T2_ctrl,99,181,105.03333333333333,-1.2066285610198975,-0.9782156894925125
UBFC_PHYS_s13_T2_ctrl,99,182,105.06666666666666,-1.1733144521713257,-1.1749964958207109
UBFC_PHYS_s13_T2_ctrl,99,183,105.1,-1.2594401836395264,-1.340312609984459
UBFC_PHYS_s13_T2_ctrl,99,184,105.13333333333334,-1.3674951791763306,-1.4324054337871235
UBFC_PHYS_s13_T2_ctrl,99,185,105.16666666666667,-1.409630537033081,-1.416243683289415
UBFC_PHYS_s13_T2_ctrl,99,186,105.2,-1.3527988195419312,-1.2754035162113433
UBFC_PHYS_s13_T2_ctrl,99,187,105.23333333333333,-1.15366530418396,-1.0194271836166504
UBFC_PHYS_s13_T2_ctrl,99,188,105.26666666666667,-0.801616370677948,-0.6836773974463685
UBFC_PHYS_s13_T2_ctrl,99,189,105.3,-0.36213353276252747,-0.321042112134658
UBFC_PHYS_s13_T2_ctrl,99,190,105.33333333333333,0.0947280302643776,0.011903383704519835
UBFC_PHYS_s13_T2_ctrl,99,191,105.36666666666666,0.5432857871055603,0.26943068012209853
UBFC_PHYS_s13_T2_ctrl,99,192,105.4,0.9685533046722412,0.4272881804264138
UBFC_PHYS_s13_T2_ctrl,99,193,105.43333333333334,1.360249638557434,0.48688857251400586
UBFC_PHYS_s13_T2_ctrl,99,194,105.46666666666667,1.7478797435760498,0.4728147780248297
UBFC_PHYS_s13_T2_ctrl,99,195,105.5,2.1085193157196045,0.4249526773146973
UBFC_PHYS_s13_T2_ctrl,99,196,105.53333333333333,2.2511472702026367,0.3872481516704924
UBFC_PHYS_s13_T2_ctrl,99,197,105.56666666666666,2.0383553504943848,0.39559127533820965
UBFC_PHYS_s13_T2_ctrl,99,198,105.6,1.596648097038269,0.4680074578066006
UBFC_PHYS_s13_T2_ctrl,99,199,105.63333333333334,1.1752161979675293,0.600320372835264
UBFC_PHYS_s13_T2_ctrl,99,200,105.66666666666667,0.9127858877182007,0.7688387049339146
UBFC_PHYS_s13_T2_ctrl,99,201,105.7,0.8153972625732422,0.9387474999445072
UBFC_PHYS_s13_T2_ctrl,99,202,105.73333333333333,0.8095648288726807,1.0742290541404358
UBFC_PHYS_s13_T2_ctrl,99,203,105.76666666666667,0.7777664661407471,1.1459317066457808
UBFC_PHYS_s13_T2_ctrl,99,204,105.8,0.6381008625030518,1.1338956966167149
UBFC_PHYS_s13_T2_ctrl,99,205,105.83333333333333,0.4051985442638397,1.0272339171655687
UBFC_PHYS_s13_T2_ctrl,99,206,105.86666666666666,0.13583192229270935,0.8231877332633207
UBFC_PHYS_s13_T2_ctrl,99,207,105.9,-0.15046526491641998,0.5272989880418598
UBFC_PHYS_s13_T2_ctrl,99,208,105.93333333333334,-0.4736979603767395,0.15461099380320378
UBFC_PHYS_s13_T2_ctrl,99,209,105.96666666666667,-0.8319714665412903,-0.2693733830361721
UBFC_PHYS_s13_T2_ctrl,99,210,106.0,-1.1787053346633911,-0.709043419016078
UBFC_PHYS_s13_T2_ctrl,99,211,106.03333333333333,-1.4647982120513916,-1.120720994133601
UBFC_PHYS_s13_T2_ctrl,99,212,106.06666666666666,-1.6808687448501587,-1.4566470808377585
UBFC_PHYS_s13_T2_ctrl,99,213,106.1,-1.829566478729248,-1.6712754069083249
UBFC_PHYS_s13_T2_ctrl,99,214,106.13333333333334,-1.8983101844787598,-1.7297244979166788
UBFC_PHYS_s13_T2_ctrl,99,215,106.16666666666667,-1.8654508590698242,-1.6169089048209795
UBFC_PHYS_s13_T2_ctrl,99,216,106.2,-1.7215179204940796,-1.3443613277803774
UBFC_PHYS_s13_T2_ctrl,99,217,106.23333333333333,-1.4872316122055054,-0.951407155614656
UBFC_PHYS_s13_T2_ctrl,99,218,106.26666666666667,-1.221819281578064,-0.498949800859786
UBFC_PHYS_s13_T2_ctrl,99,219,106.3,-0.989892303943634,-0.05681942055619321
UBFC_PHYS_s13_T2_ctrl,99,220,106.33333333333333,-0.8042097091674805,0.3120062380075554
UBFC_PHYS_s13_T2_ctrl,99,221,106.36666666666666,-0.6401170492172241,0.5657607325276033
UBFC_PHYS_s13_T2_ctrl,99,222,106.4,-0.48503005504608154,0.6924376604028015
UBFC_PHYS_s13_T2_ctrl,99,223,106.43333333333334,-0.33779215812683105,0.7097681757002529
UBFC_PHYS_s13_T2_ctrl,99,224,106.46666666666667,-0.17998665571212769,0.6566039303527882
UBFC_PHYS_s13_T2_ctrl,99,225,106.5,0.006516438443213701,0.5785617419281655
UBFC_PHYS_s13_T2_ctrl,99,226,106.53333333333333,0.20024912059307098,0.512730627159229
UBFC_PHYS_s13_T2_ctrl,99,227,106.56666666666666,0.3685760796070099,0.47660168679802284
UBFC_PHYS_s13_T2_ctrl,99,228,106.6,0.5357068777084351,0.46496744832305914
UBFC_PHYS_s13_T2_ctrl,99,229,106.63333333333334,0.7573661208152771,0.4555956137525756
UBFC_PHYS_s13_T2_ctrl,99,230,106.66666666666667,1.0356626510620117,0.4209796375437112
UBFC_PHYS_s13_T2_ctrl,99,231,106.7,1.3279109001159668,0.34117292528836746
UBFC_PHYS_s13_T2_ctrl,99,232,106.73333333333333,1.6337978839874268,0.21284639771436994
UBFC_PHYS_s13_T2_ctrl,99,233,106.76666666666667,2.006800651550293,0.051752046343733905
UBFC_PHYS_s13_T2_ctrl,99,234,106.8,2.505491018295288,-0.11162743695001198
UBFC_PHYS_s13_T2_ctrl,99,235,106.83333333333333,3.108980894088745,-0.24137603645747274
UBFC_PHYS_s13_T2_ctrl,99,236,106.86666666666666,3.5758862495422363,-0.30739518016480316
UBFC_PHYS_s13_T2_ctrl,99,237,106.9,3.585353136062622,-0.29523143358218695
UBFC_PHYS_s13_T2_ctrl,99,238,106.93333333333334,3.1393327713012695,-0.21129112221525181
UBFC_PHYS_s13_T2_ctrl,99,239,106.96666666666667,2.5346269607543945,-0.08146884534519255
UBFC_PHYS_s13_T2_ctrl,100,0,100.0,-0.8521873354911804,-0.1453063416473653
UBFC_PHYS_s13_T2_ctrl,100,1,100.03333333333333,-0.4395402669906616,-0.12121703234734163
UBFC_PHYS_s13_T2_ctrl,100,2,100.06666666666666,-0.15879544615745544,-0.10460301343972077
UBFC_PHYS_s13_T2_ctrl,100,3,100.1,0.007356705609709024,-0.0971465909535394
UBFC_PHYS_s13_T2_ctrl,100,4,100.13333333333334,0.13684354722499847,-0.08876839842022509
UBFC_PHYS_s13_T2_ctrl,100,5,100.16666666666667,0.2780216336250305,-0.05959402277850799
UBFC_PHYS_s13_T2_ctrl,100,6,100.2,0.42136135697364807,0.011697549785037523
UBFC_PHYS_s13_T2_ctrl,100,7,100.23333333333333,0.5253205299377441,0.13589878027008184
UBFC_PHYS_s13_T2_ctrl,100,8,100.26666666666667,0.556090772151947,0.30297923959996403
UBFC_PHYS_s13_T2_ctrl,100,9,100.3,0.514581561088562,0.47916670690087704
UBFC_PHYS_s13_T2_ctrl,100,10,100.33333333333333,0.4304560124874115,0.6144992146892121
UBFC_PHYS_s13_T2_ctrl,100,11,100.36666666666666,0.35131269693374634,0.6593096361562598
UBFC_PHYS_s13_T2_ctrl,100,12,100.4,0.3198768198490143,0.5835899923204854
UBFC_PHYS_s13_T2_ctrl,100,13,100.43333333333334,0.33856701850891113,0.39116069723199093
UBFC_PHYS_s13_T2_ctrl,100,14,100.46666666666667,0.39197176694869995,0.12229454728442475
UBFC_PHYS_s13_T2_ctrl,100,15,100.5,0.5008407235145569,-0.1569793343384193
UBFC_PHYS_s13_T2_ctrl,100,16,100.53333333333333,0.6891298294067383,-0.3753386950951317
UBFC_PHYS_s13_T2_ctrl,100,17,100.56666666666666,0.905951738357544,-0.47880608841355254
UBFC_PHYS_s13_T2_ctrl,100,18,100.6,1.0794785022735596,-0.4468336588256107
UBFC_PHYS_s13_T2_ctrl,100,19,100.63333333333334,1.1767418384552002,-0.29577449505086184
UBFC_PHYS_s13_T2_ctrl,100,20,100.66666666666667,1.176102638244629,-0.06934462346425531
UBFC_PHYS_s13_T2_ctrl,100,21,100.7,1.037415623664856,0.17869005301539373
UBFC_PHYS_s13_T2_ctrl,100,22,100.73333333333333,0.752281665802002,0.40181458906999945
UBFC_PHYS_s13_T2_ctrl,100,23,100.76666666666667,0.4069878160953522,0.5716265667239624
UBFC_PHYS_s13_T2_ctrl,100,24,100.8,0.14460694789886475,0.6798305901520139
UBFC_PHYS_s13_T2_ctrl,100,25,100.83333333333333,0.0317903608083725,0.7329671851695675
UBFC_PHYS_s13_T2_ctrl,100,26,100.86666666666666,0.03124665841460228,0.7435130915466419
UBFC_PHYS_s13_T2_ctrl,100,27,100.9,0.06764835864305496,0.7211861913811701
UBFC_PHYS_s13_T2_ctrl,100,28,100.93333333333334,0.07723069936037064,0.6676158647641847
UBFC_PHYS_s13_T2_ctrl,100,29,100.96666666666667,0.03742509335279465,0.5761955026888349
UBFC_PHYS_s13_T2_ctrl,100,30,101.0,-0.018642153590917587,0.43693733452357997
UBFC_PHYS_s13_T2_ctrl,100,31,101.03333333333333,-0.05599285662174225,0.24411574447281537
UBFC_PHYS_s13_T2_ctrl,100,32,101.06666666666666,-0.08155675232410431,0.0032187247357723854
UBFC_PHYS_s13_T2_ctrl,100,33,101.1,-0.09365330636501312,-0.2662807550884141
UBFC_PHYS_s13_T2_ctrl,100,34,101.13333333333334,-0.07171409577131271,-0.5344183437945428
UBFC_PHYS_s13_T2_ctrl,100,35,101.16666666666667,-0.03075188770890236,-0.7699443504426438
UBFC_PHYS_s13_T2_ctrl,100,36,101.2,-0.012681198306381702,-0.9516436165046801
UBFC_PHYS_s13_T2_ctrl,100,37,101.23333333333333,-0.025367585942149162,-1.0763007284341608
UBFC_PHYS_s13_T2_ctrl,100,38,101.26666666666667,-0.04743201658129692,-1.1585449433997306
UBFC_PHYS_s13_T2_ctrl,100,39,101.3,-0.07087711989879608,-1.221306617646541
UBFC_PHYS_s13_T2_ctrl,100,40,101.33333333333333,-0.09533713757991791,-1.2805664982308007
UBFC_PHYS_s13_T2_ctrl,100,41,101.36666666666666,-0.12251237034797668,-1.3317045078300813
UBFC_PHYS_s13_T2_ctrl,100,42,101.4,-0.16951461136341095,-1.3447659075891512
UBFC_PHYS_s13_T2_ctrl,100,43,101.43333333333334,-0.24293091893196106,-1.2723738514528031
UBFC_PHYS_s13_T2_ctrl,100,44,101.46666666666667,-0.3124358355998993,-1.068520448190224
UBFC_PHYS_s13_T2_ctrl,100,45,101.5,-0.3518328368663788,-0.7113231746977282
UBFC_PHYS_s13_T2_ctrl,100,46,101.53333333333333,-0.38601359724998474,-0.22020425646635094
UBFC_PHYS_s13_T2_ctrl,100,47,101.56666666666666,-0.45324158668518066,0.3407517427330118
UBFC_PHYS_s13_T2_ctrl,100,48,101.6,-0.5367904901504517,0.8763403370582091
UBFC_PHYS_s13_T2_ctrl,100,49,101.63333333333334,-0.5751791596412659,1.28663572484006
UBFC_PHYS_s13_T2_ctrl,100,50,101.66666666666667,-0.5256363749504089,1.4963454860123708
UBFC_PHYS_s13_T2_ctrl,100,51,101.7,-0.39653506875038147,1.4761333092485673
UBFC_PHYS_s13_T2_ctrl,100,52,101.73333333333333,-0.22238226234912872,1.2494748735176684
UBFC_PHYS_s13_T2_ctrl,100,53,101.76666666666667,-0.01741964742541313,0.8849920918410633
UBFC_PHYS_s13_T2_ctrl,100,54,101.8,0.22423464059829712,0.47824312834764177
UBFC_PHYS_s13_T2_ctrl,100,55,101.83333333333333,0.45803654193878174,0.12839127152520616
UBFC_PHYS_s13_T2_ctrl,100,56,101.86666666666666,0.5819479823112488,-0.08454023507838578
UBFC_PHYS_s13_T2_ctrl,100,57,101.9,0.5579196214675903,-0.11677851391169636
UBFC_PHYS_s13_T2_ctrl,100,58,101.93333333333334,0.4746408760547638,0.031045604203725242
UBFC_PHYS_s13_T2_ctrl,100,59,101.96666666666667,0.4284854829311371,0.3159268168530486
UBFC_PHYS_s13_T2_ctrl,100,60,102.0,0.40163978934288025,0.6640902667983275
UBFC_PHYS_s13_T2_ctrl,100,61,102.03333333333333,0.30714431405067444,0.9897672449760573
UBFC_PHYS_s13_T2_ctrl,100,62,102.06666666666666,0.12579485774040222,1.2167501512304968
UBFC_PHYS_s13_T2_ctrl,100,63,102.1,-0.07221166789531708,1.2968032119617325
UBFC_PHYS_s13_T2_ctrl,100,64,102.13333333333334,-0.1874699741601944,1.2190838382373523
UBFC_PHYS_s13_T2_ctrl,100,65,102.16666666666667,-0.1708788126707077,1.0073900221984042
UBFC_PHYS_s13_T2_ctrl,100,66,102.2,-0.09397953003644943,0.7068363619522003
UBFC_PHYS_s13_T2_ctrl,100,67,102.23333333333333,-0.10057645291090012,0.3658096234589004
UBFC_PHYS_s13_T2_ctrl,100,68,102.26666666666667,-0.22899894416332245,0.02029525743628226
UBFC_PHYS_s13_T2_ctrl,100,69,102.3,-0.36613717675209045,-0.3140085549961281
UBFC_PHYS_s13_T2_ctrl,100,70,102.33333333333333,-0.43422847986221313,-0.6395977468470996
UBFC_PHYS_s13_T2_ctrl,100,71,102.36666666666666,-0.44875025749206543,-0.9666644738905766
UBFC_PHYS_s13_T2_ctrl,100,72,102.4,-0.41836225986480713,-1.2990431694354476
UBFC_PHYS_s13_T2_ctrl,100,73,102.43333333333334,-0.3270202577114105,-1.622741706439274
UBFC_PHYS_s13_T2_ctrl,100,74,102.46666666666667,-0.19163836538791656,-1.9017976660148739
UBFC_PHYS_s13_T2_ctrl,100,75,102.5,-0.05838185176253319,-2.0832215357345585
UBFC_PHYS_s13_T2_ctrl,100,76,102.53333333333333,0.03767552599310875,-2.109890348593073
UBFC_PHYS_s13_T2_ctrl,100,77,102.56666666666666,0.09494880586862564,-1.9382437902505538
UBFC_PHYS_s13_T2_ctrl,100,78,102.6,0.1289878636598587,-1.5563817350881326
UBFC_PHYS_s13_T2_ctrl,100,79,102.63333333333334,0.15117092430591583,-0.9969161241600816
UBFC_PHYS_s13_T2_ctrl,100,80,102.66666666666667,0.16572237014770508,-0.33806699389444883
UBFC_PHYS_s13_T2_ctrl,100,81,102.7,0.176092267036438,0.31135525710520895
UBFC_PHYS_s13_T2_ctrl,100,82,102.73333333333333,0.1827419102191925,0.840973982821134
UBFC_PHYS_s13_T2_ctrl,100,83,102.76666666666667,0.20017662644386292,1.1722526153986013
UBFC_PHYS_s13_T2_ctrl,100,84,102.8,0.275194376707077,1.2828801687833586
UBFC_PHYS_s13_T2_ctrl,100,85,102.83333333333333,0.41370007395744324,1.211263313549698
UBFC_PHYS_s13_T2_ctrl,100,86,102.86666666666666,0.5162028074264526,1.0384212857330144
UBFC_PHYS_s13_T2_ctrl,100,87,102.9,0.47454532980918884,0.8544537902645385
UBFC_PHYS_s13_T2_ctrl,100,88,102.93333333333334,0.3157084286212921,0.7235141165641928
UBFC_PHYS_s13_T2_ctrl,100,89,102.96666666666667,0.16118164360523224,0.661828741916429
UBFC_PHYS_s13_T2_ctrl,100,90,103.0,0.07195843011140823,0.6374699028197292
UBFC_PHYS_s13_T2_ctrl,100,91,103.03333333333333,0.011528385803103447,0.5909858946356423
UBFC_PHYS_s13_T2_ctrl,100,92,103.06666666666666,-0.07958295196294785,0.4669990652200592
UBFC_PHYS_s13_T2_ctrl,100,93,103.1,-0.22494259476661682,0.24282411669413062
UBFC_PHYS_s13_T2_ctrl,100,94,103.13333333333334,-0.40032121539115906,-0.05723713715831386
UBFC_PHYS_s13_T2_ctrl,100,95,103.16666666666667,-0.562328040599823,-0.3666243390454148
UBFC_PHYS_s13_T2_ctrl,100,96,103.2,-0.6948596239089966,-0.5981056291978668
UBFC_PHYS_s13_T2_ctrl,100,97,103.23333333333333,-0.7973293662071228,-0.6746830051081805
UBFC_PHYS_s13_T2_ctrl,100,98,103.26666666666667,-0.8536404967308044,-0.5590134147120485
UBFC_PHYS_s13_T2_ctrl,100,99,103.3,-0.8618454337120056,-0.27036632282200207
UBFC_PHYS_s13_T2_ctrl,100,100,103.33333333333333,-0.8467667698860168,0.11816513460641997
UBFC_PHYS_s13_T2_ctrl,100,101,103.36666666666666,-0.820253849029541,0.5021185245283232
UBFC_PHYS_s13_T2_ctrl,100,102,103.4,-0.7819311022758484,0.7790933819139045
UBFC_PHYS_s13_T2_ctrl,100,103,103.43333333333334,-0.7397826313972473,0.8797218135623254
UBFC_PHYS_s13_T2_ctrl,100,104,103.46666666666667,-0.6955614686012268,0.7851118116192535
UBFC_PHYS_s13_T2_ctrl,100,105,103.5,-0.6360409259796143,0.5266218547834355
UBFC_PHYS_s13_T2_ctrl,100,106,103.53333333333333,-0.5555169582366943,0.17067791257545836
UBFC_PHYS_s13_T2_ctrl,100,107,103.56666666666666,-0.46144983172416687,-0.20423060864279824
UBFC_PHYS_s13_T2_ctrl,100,108,103.6,-0.35314762592315674,-0.5298088550971028
UBFC_PHYS_s13_T2_ctrl,100,109,103.63333333333334,-0.22291937470436096,-0.7624186628303798
UBFC_PHYS_s13_T2_ctrl,100,110,103.66666666666667,-0.07800456881523132,-0.8864385069788289
UBFC_PHYS_s13_T2_ctrl,100,111,103.7,0.054204076528549194,-0.9077399783361527
UBFC_PHYS_s13_T2_ctrl,100,112,103.73333333333333,0.1620713323354721,-0.8421486970678036
UBFC_PHYS_s13_T2_ctrl,100,113,103.76666666666667,0.26441919803619385,-0.7051842720375187
UBFC_PHYS_s13_T2_ctrl,100,114,103.8,0.360377699136734,-0.5079859790364833
UBFC_PHYS_s13_T2_ctrl,100,115,103.83333333333333,0.415364146232605,-0.2605841034877355
UBFC_PHYS_s13_T2_ctrl,100,116,103.86666666666666,0.4158979654312134,0.02078674572518578
UBFC_PHYS_s13_T2_ctrl,100,117,103.9,0.3820763826370239,0.30821347105252567
UBFC_PHYS_s13_T2_ctrl,100,118,103.93333333333334,0.33075088262557983,0.563281531494067
UBFC_PHYS_s13_T2_ctrl,100,119,103.96666666666667,0.2644719183444977,0.7456479314471138
UBFC_PHYS_s13_T2_ctrl,100,120,104.0,0.1866796314716339,0.8251110938130717
UBFC_PHYS_s13_T2_ctrl,100,121,104.03333333333333,0.10551969707012177,0.7910082627715109
UBFC_PHYS_s13_T2_ctrl,100,122,104.06666666666666,0.023611757904291153,0.6543702764759421
UBFC_PHYS_s13_T2_ctrl,100,123,104.1,-0.07012582570314407,0.44229945300801154
UBFC_PHYS_s13_T2_ctrl,100,124,104.13333333333334,-0.18284356594085693,0.18783306900914426
UBFC_PHYS_s13_T2_ctrl,100,125,104.16666666666667,-0.28576478362083435,-0.07973442263911171
UBFC_PHYS_s13_T2_ctrl,100,126,104.2,-0.320169597864151,-0.3399945559567546
UBFC_PHYS_s13_T2_ctrl,100,127,104.23333333333333,-0.2521441876888275,-0.5806358134438893
UBFC_PHYS_s13_T2_ctrl,100,128,104.26666666666667,-0.11859441548585892,-0.7922893238325972
UBFC_PHYS_s13_T2_ctrl,100,129,104.3,0.001870254403911531,-0.9624961507978734
UBFC_PHYS_s13_T2_ctrl,100,130,104.33333333333333,0.06943763047456741,-1.072446148141069
UBFC_PHYS_s13_T2_ctrl,100,131,104.36666666666666,0.08587720990180969,-1.0986919103528567
UBFC_PHYS_s13_T2_ctrl,100,132,104.4,0.054915834218263626,-1.0196908472580941
UBFC_PHYS_s13_T2_ctrl,100,133,104.43333333333334,-0.0072244033217430115,-0.8246226808822693
UBFC_PHYS_s13_T2_ctrl,100,134,104.46666666666667,-0.06374967843294144,-0.5204557907624608
UBFC_PHYS_s13_T2_ctrl,100,135,104.5,-0.1033608689904213,-0.13374517671184916
UBFC_PHYS_s13_T2_ctrl,100,136,104.53333333333333,-0.15041254460811615,0.2937785224986738
UBFC_PHYS_s13_T2_ctrl,100,137,104.56666666666666,-0.2317899614572525,0.7137508708813695
UBFC_PHYS_s13_T2_ctrl,100,138,104.6,-0.3725034296512604,1.0802302595922955
UBFC_PHYS_s13_T2_ctrl,100,139,104.63333333333334,-0.5458917617797852,1.3562957595357312
UBFC_PHYS_s13_T2_ctrl,100,140,104.66666666666667,-0.6282972693443298,1.5173332664887507
UBFC_PHYS_s13_T2_ctrl,100,141,104.7,-0.5442144870758057,1.5519725030565175
UBFC_PHYS_s13_T2_ctrl,100,142,104.73333333333333,-0.4115709066390991,1.4618790233721919
UBFC_PHYS_s13_T2_ctrl,100,143,104.76666666666667,-0.3865935504436493,1.2608668589892884
UBFC_PHYS_s13_T2_ctrl,100,144,104.8,-0.4569651186466217,0.9732218191308025
UBFC_PHYS_s13_T2_ctrl,100,145,104.83333333333333,-0.5154213309288025,0.6309056751744083
UBFC_PHYS_s13_T2_ctrl,100,146,104.86666666666666,-0.5166537761688232,0.26929886066549374
UBFC_PHYS_s13_T2_ctrl,100,147,104.9,-0.5464288592338562,-0.07840371555640145
UBFC_PHYS_s13_T2_ctrl,100,148,104.93333333333334,-0.7499053478240967,-0.38703374438431604
UBFC_PHYS_s13_T2_ctrl,100,149,104.96666666666667,-1.0728118419647217,-0.6435588914018353
UBFC_PHYS_s13_T2_ctrl,100,150,105.0,-1.2499302625656128,-0.8475264146086218
UBFC_PHYS_s13_T2_ctrl,100,151,105.03333333333333,-1.2066285610198975,-1.0069454997526328
UBFC_PHYS_s13_T2_ctrl,100,152,105.06666666666666,-1.1733144521713257,-1.1304428452309032
UBFC_PHYS_s13_T2_ctrl,100,153,105.1,-1.2594401836395264,-1.2185457159147943
UBFC_PHYS_s13_T2_ctrl,100,154,105.13333333333334,-1.3674951791763306,-1.258412188933629
UBFC_PHYS_s13_T2_ctrl,100,155,105.16666666666667,-1.409630537033081,-1.2258102764426206
UBFC_PHYS_s13_T2_ctrl,100,156,105.2,-1.3527988195419312,-1.0950682183620613
UBFC_PHYS_s13_T2_ctrl,100,157,105.23333333333333,-1.15366530418396,-0.8535612748274058
UBFC_PHYS_s13_T2_ctrl,100,158,105.26666666666667,-0.801616370677948,-0.5143927642153894
UBFC_PHYS_s13_T2_ctrl,100,159,105.3,-0.36213353276252747,-0.12088694675177679
UBFC_PHYS_s13_T2_ctrl,100,160,105.33333333333333,0.0947280302643776,0.260455433380903
UBFC_PHYS_s13_T2_ctrl,100,161,105.36666666666666,0.5432857871055603,0.557267805543263
UBFC_PHYS_s13_T2_ctrl,100,162,105.4,0.9685533046722412,0.7134807352105513
UBFC_PHYS_s13_T2_ctrl,100,163,105.43333333333334,1.360249638557434,0.7086588906305965
UBFC_PHYS_s13_T2_ctrl,100,164,105.46666666666667,1.7478797435760498,0.5671337096968365
UBFC_PHYS_s13_T2_ctrl,100,165,105.5,2.1085193157196045,0.35249630407348753
UBFC_PHYS_s13_T2_ctrl,100,166,105.53333333333333,2.2511472702026367,0.14797452755818258
UBFC_PHYS_s13_T2_ctrl,100,167,105.56666666666666,2.0383553504943848,0.02883156891067841
UBFC_PHYS_s13_T2_ctrl,100,168,105.6,1.596648097038269,0.03704083177696729
UBFC_PHYS_s13_T2_ctrl,100,169,105.63333333333334,1.1752161979675293,0.1684782348365976
UBFC_PHYS_s13_T2_ctrl,100,170,105.66666666666667,0.9127858877182007,0.3777368301211999
UBFC_PHYS_s13_T2_ctrl,100,171,105.7,0.8153972625732422,0.5977948022515684
UBFC_PHYS_s13_T2_ctrl,100,172,105.73333333333333,0.8095648288726807,0.7652350654685605
UBFC_PHYS_s13_T2_ctrl,100,173,105.76666666666667,0.7777664661407471,0.840021383510033
UBFC_PHYS_s13_T2_ctrl,100,174,105.8,0.6381008625030518,0.8128204503344957
UBFC_PHYS_s13_T2_ctrl,100,175,105.83333333333333,0.4051985442638397,0.6994872043266516
UBFC_PHYS_s13_T2_ctrl,100,176,105.86666666666666,0.13583192229270935,0.5276197462377732
UBFC_PHYS_s13_T2_ctrl,100,177,105.9,-0.15046526491641998,0.3222313922371389
UBFC_PHYS_s13_T2_ctrl,100,178,105.93333333333334,-0.4736979603767395,0.09665797450537078
UBFC_PHYS_s13_T2_ctrl,100,179,105.96666666666667,-0.8319714665412903,-0.14815846975393532
UBFC_PHYS_s13_T2_ctrl,100,180,106.0,-1.1787053346633911,-0.4165457931104247
UBFC_PHYS_s13_T2_ctrl,100,181,106.03333333333333,-1.4647982120513916,-0.7069338945150362
UBFC_PHYS_s13_T2_ctrl,100,182,106.06666666666666,-1.6808687448501587,-1.002273358638156
UBFC_PHYS_s13_T2_ctrl,100,183,106.1,-1.829566478729248,-1.2670457019791503
UBFC_PHYS_s13_T2_ctrl,100,184,106.13333333333334,-1.8983101844787598,-1.4527906967196593
UBFC_PHYS_s13_T2_ctrl,100,185,106.16666666666667,-1.8654508590698242,-1.5103776742892268
UBFC_PHYS_s13_T2_ctrl,100,186,106.2,-1.7215179204940796,-1.4048824159332316
UBFC_PHYS_s13_T2_ctrl,100,187,106.23333333333333,-1.4872316122055054,-1.1282644942844062
UBFC_PHYS_s13_T2_ctrl,100,188,106.26666666666667,-1.221819281578064,-0.7056525769973568
UBFC_PHYS_s13_T2_ctrl,100,189,106.3,-0.989892303943634,-0.19275615559080592
UBFC_PHYS_s13_T2_ctrl,100,190,106.33333333333333,-0.8042097091674805,0.33549406115029146
UBFC_PHYS_s13_T2_ctrl,100,191,106.36666666666666,-0.6401170492172241,0.8021808926802216
UBFC_PHYS_s13_T2_ctrl,100,192,106.4,-0.48503005504608154,1.1465048757635306
UBFC_PHYS_s13_T2_ctrl,100,193,106.43333333333334,-0.33779215812683105,1.3371458507755676
UBFC_PHYS_s13_T2_ctrl,100,194,106.46666666666667,-0.17998665571212769,1.3766097270442583
UBFC_PHYS_s13_T2_ctrl,100,195,106.5,0.006516438443213701,1.2953603355936325
UBFC_PHYS_s13_T2_ctrl,100,196,106.53333333333333,0.20024912059307098,1.1383195794153986
UBFC_PHYS_s13_T2_ctrl,100,197,106.56666666666666,0.3685760796070099,0.9490625600271292
UBFC_PHYS_s13_T2_ctrl,100,198,106.6,0.5357068777084351,0.7573887245510731
UBFC_PHYS_s13_T2_ctrl,100,199,106.63333333333334,0.7573661208152771,0.5740057919361858
UBFC_PHYS_s13_T2_ctrl,100,200,106.66666666666667,1.0356626510620117,0.39297063525165365
UBFC_PHYS_s13_T2_ctrl,100,201,106.7,1.3279109001159668,0.1998238524650911
UBFC_PHYS_s13_T2_ctrl,100,202,106.73333333333333,1.6337978839874268,-0.017966643927272374
UBFC_PHYS_s13_T2_ctrl,100,203,106.76666666666667,2.006800651550293,-0.2617732870411613
UBFC_PHYS_s13_T2_ctrl,100,204,106.8,2.505491018295288,-0.5167895067336272
UBFC_PHYS_s13_T2_ctrl,100,205,106.83333333333333,3.108980894088745,-0.753008343982398
UBFC_PHYS_s13_T2_ctrl,100,206,106.86666666666666,3.5758862495422363,-0.9320539519324418
UBFC_PHYS_s13_T2_ctrl,100,207,106.9,3.585353136062622,-1.0177678177199574
UBFC_PHYS_s13_T2_ctrl,100,208,106.93333333333334,3.1393327713012695,-0.9872918845587797
UBFC_PHYS_s13_T2_ctrl,100,209,106.96666666666667,2.5346269607543945,-0.8393227066226744
UBFC_PHYS_s13_T2_ctrl,100,210,107.0,1.9528720378875732,-0.5970764399052528
UBFC_PHYS_s13_T2_ctrl,100,211,107.03333333333333,1.4114400148391724,-0.3048649745665553
UBFC_PHYS_s13_T2_ctrl,100,212,107.06666666666666,0.9493391513824463,-0.01869208252183009
UBFC_PHYS_s13_T2_ctrl,100,213,107.1,0.5639398694038391,0.20705868485470266
UBFC_PHYS_s13_T2_ctrl,100,214,107.13333333333334,0.19486811757087708,0.3331735521144471
UBFC_PHYS_s13_T2_ctrl,100,215,107.16666666666667,-0.11227428913116455,0.34510335346573684
UBFC_PHYS_s13_T2_ctrl,100,216,107.2,-0.2384461909532547,0.255222433949009
UBFC_PHYS_s13_T2_ctrl,100,217,107.23333333333333,-0.20886878669261932,0.09721860731284139
UBFC_PHYS_s13_T2_ctrl,100,218,107.26666666666667,-0.18649789690971375,-0.0851241478401164
UBFC_PHYS_s13_T2_ctrl,100,219,107.3,-0.2326236367225647,-0.2506220517790999
UBFC_PHYS_s13_T2_ctrl,100,220,107.33333333333333,-0.2834581434726715,-0.3707009286200089
UBFC_PHYS_s13_T2_ctrl,100,221,107.36666666666666,-0.3297881782054901,-0.43389947804740925
UBFC_PHYS_s13_T2_ctrl,100,222,107.4,-0.4091984033584595,-0.4439401575296889
UBFC_PHYS_s13_T2_ctrl,100,223,107.43333333333334,-0.4978120028972626,-0.41254293879772186
UBFC_PHYS_s13_T2_ctrl,100,224,107.46666666666667,-0.54369056224823,-0.350180991638436
UBFC_PHYS_s13_T2_ctrl,100,225,107.5,-0.5421780943870544,-0.2591840757835604
UBFC_PHYS_s13_T2_ctrl,100,226,107.53333333333333,-0.5098393559455872,-0.13310343324574514
UBFC_PHYS_s13_T2_ctrl,100,227,107.56666666666666,-0.45470133423805237,0.03647786672352151
UBFC_PHYS_s13_T2_ctrl,100,228,107.6,-0.3967624306678772,0.24877003876066991
UBFC_PHYS_s13_T2_ctrl,100,229,107.63333333333334,-0.3594183325767517,0.4846834411689197
UBFC_PHYS_s13_T2_ctrl,100,230,107.66666666666667,-0.3403491973876953,0.7062650980829626
UBFC_PHYS_s13_T2_ctrl,100,231,107.7,-0.32496407628059387,0.8670809757598357
UBFC_PHYS_s13_T2_ctrl,100,232,107.73333333333333,-0.3147819936275482,0.9296535016921149
UBFC_PHYS_s13_T2_ctrl,100,233,107.76666666666667,-0.31722041964530945,0.8814602175957247
UBFC_PHYS_s13_T2_ctrl,100,234,107.8,-0.32672369480133057,0.7412708811731721
UBFC_PHYS_s13_T2_ctrl,100,235,107.83333333333333,-0.33604899048805237,0.5523207619467191
UBFC_PHYS_s13_T2_ctrl,100,236,107.86666666666666,-0.3498820960521698,0.3651741826367894
UBFC_PHYS_s13_T2_ctrl,100,237,107.9,-0.37290874123573303,0.21790399820306783
UBFC_PHYS_s13_T2_ctrl,100,238,107.93333333333334,-0.3923930525779724,0.12222423981309632
UBFC_PHYS_s13_T2_ctrl,100,239,107.96666666666667,-0.37943974137306213,0.061409868876398085
UBFC_PHYS_s13_T2_ctrl,101,0,101.0,-0.018642153590917587,0.004991782468150257
UBFC_PHYS_s13_T2_ctrl,101,1,101.03333333333333,-0.05599285662174225,-0.13951360410054242
UBFC_PHYS_s13_T2_ctrl,101,2,101.06666666666666,-0.08155675232410431,-0.25690330002787626
UBFC_PHYS_s13_T2_ctrl,101,3,101.1,-0.09365330636501312,-0.32543449448932166
UBFC_PHYS_s13_T2_ctrl,101,4,101.13333333333334,-0.07171409577131271,-0.33516675345641395
UBFC_PHYS_s13_T2_ctrl,101,5,101.16666666666667,-0.03075188770890236,-0.29182020805853737
UBFC_PHYS_s13_T2_ctrl,101,6,101.2,-0.012681198306381702,-0.2170696564467139
UBFC_PHYS_s13_T2_ctrl,101,7,101.23333333333333,-0.025367585942149162,-0.14417535493051964
UBFC_PHYS_s13_T2_ctrl,101,8,101.26666666666667,-0.04743201658129692,-0.1092887119987105
UBFC_PHYS_s13_T2_ctrl,101,9,101.3,-0.07087711989879608,-0.14044372200188834
UBFC_PHYS_s13_T2_ctrl,101,10,101.33333333333333,-0.09533713757991791,-0.24747682427387818
UBFC_PHYS_s13_T2_ctrl,101,11,101.36666666666666,-0.12251237034797668,-0.4163373224129253
UBFC_PHYS_s13_T2_ctrl,101,12,101.4,-0.16951461136341095,-0.6102369805691286
UBFC_PHYS_s13_T2_ctrl,101,13,101.43333333333334,-0.24293091893196106,-0.7781531021314294
UBFC_PHYS_s13_T2_ctrl,101,14,101.46666666666667,-0.3124358355998993,-0.8689041956771982
UBFC_PHYS_s13_T2_ctrl,101,15,101.5,-0.3518328368663788,-0.8468589715571179
UBFC_PHYS_s13_T2_ctrl,101,16,101.53333333333333,-0.38601359724998474,-0.7040236511327927
UBFC_PHYS_s13_T2_ctrl,101,17,101.56666666666666,-0.45324158668518066,-0.4638289914334671
UBFC_PHYS_s13_T2_ctrl,101,18,101.6,-0.5367904901504517,-0.17477064495118824
UBFC_PHYS_s13_T2_ctrl,101,19,101.63333333333334,-0.5751791596412659,0.10406531096510697
UBFC_PHYS_s13_T2_ctrl,101,20,101.66666666666667,-0.5256363749504089,0.320496703659979
UBFC_PHYS_s13_T2_ctrl,101,21,101.7,-0.39653506875038147,0.4437778260917244
UBFC_PHYS_s13_T2_ctrl,101,22,101.73333333333333,-0.22238226234912872,0.47175280932052494
UBFC_PHYS_s13_T2_ctrl,101,23,101.76666666666667,-0.01741964742541313,0.42915404900775894
UBFC_PHYS_s13_T2_ctrl,101,24,101.8,0.22423464059829712,0.35840567082255503
UBFC_PHYS_s13_T2_ctrl,101,25,101.83333333333333,0.45803654193878174,0.30611918196060334
UBFC_PHYS_s13_T2_ctrl,101,26,101.86666666666666,0.5819479823112488,0.3090901648684694
UBFC_PHYS_s13_T2_ctrl,101,27,101.9,0.5579196214675903,0.38339101147832766
UBFC_PHYS_s13_T2_ctrl,101,28,101.93333333333334,0.4746408760547638,0.5194684389776628
UBFC_PHYS_s13_T2_ctrl,101,29,101.96666666666667,0.4284854829311371,0.6848880945531797
UBFC_PHYS_s13_T2_ctrl,101,30,102.0,0.40163978934288025,0.8343457126926835
UBFC_PHYS_s13_T2_ctrl,101,31,102.03333333333333,0.30714431405067444,0.9240541813055269
UBFC_PHYS_s13_T2_ctrl,101,32,102.06666666666666,0.12579485774040222,0.9255273403432586
UBFC_PHYS_s13_T2_ctrl,101,33,102.1,-0.07221166789531708,0.8335662401546278
UBFC_PHYS_s13_T2_ctrl,101,34,102.13333333333334,-0.1874699741601944,0.6655902994138156
UBFC_PHYS_s13_T2_ctrl,101,35,102.16666666666667,-0.1708788126707077,0.45312506073327213
UBFC_PHYS_s13_T2_ctrl,101,36,102.2,-0.09397953003644943,0.22933120327957265
UBFC_PHYS_s13_T2_ctrl,101,37,102.23333333333333,-0.10057645291090012,0.01771028360809483
UBFC_PHYS_s13_T2_ctrl,101,38,102.26666666666667,-0.22899894416332245,-0.173753105423388
UBFC_PHYS_s13_T2_ctrl,101,39,102.3,-0.36613717675209045,-0.35120260717575236
UBFC_PHYS_s13_T2_ctrl,101,40,102.33333333333333,-0.43422847986221313,-0.527413934201098
UBFC_PHYS_s13_T2_ctrl,101,41,102.36666666666666,-0.44875025749206543,-0.7116138334606836
UBFC_PHYS_s13_T2_ctrl,101,42,102.4,-0.41836225986480713,-0.9008414614799681
UBFC_PHYS_s13_T2_ctrl,101,43,102.43333333333334,-0.3270202577114105,-1.0762761051476517
UBFC_PHYS_s13_T2_ctrl,101,44,102.46666666666667,-0.19163836538791656,-1.2060249808756762
UBFC_PHYS_s13_T2_ctrl,101,45,102.5,-0.05838185176253319,-1.2536883494925024
UBFC_PHYS_s13_T2_ctrl,101,46,102.53333333333333,0.03767552599310875,-1.1903230001675196
UBFC_PHYS_s13_T2_ctrl,101,47,102.56666666666666,0.09494880586862564,-1.0063423001113962
UBFC_PHYS_s13_T2_ctrl,101,48,102.6,0.1289878636598587,-0.7193600215542277
UBFC_PHYS_s13_T2_ctrl,101,49,102.63333333333334,0.15117092430591583,-0.37417698275546735
UBFC_PHYS_s13_T2_ctrl,101,50,102.66666666666667,0.16572237014770508,-0.03266116377527858
UBFC_PHYS_s13_T2_ctrl,101,51,102.7,0.176092267036438,0.24482094920006334
UBFC_PHYS_s13_T2_ctrl,101,52,102.73333333333333,0.1827419102191925,0.4194769284139316
UBFC_PHYS_s13_T2_ctrl,101,53,102.76666666666667,0.20017662644386292,0.4865361630508733
UBFC_PHYS_s13_T2_ctrl,101,54,102.8,0.275194376707077,0.47472448130261174
UBFC_PHYS_s13_T2_ctrl,101,55,102.83333333333333,0.41370007395744324,0.43377678009076115
UBFC_PHYS_s13_T2_ctrl,101,56,102.86666666666666,0.5162028074264526,0.4152512085678801
UBFC_PHYS_s13_T2_ctrl,101,57,102.9,0.47454532980918884,0.45341012807042863
UBFC_PHYS_s13_T2_ctrl,101,58,102.93333333333334,0.3157084286212921,0.5527358539392694
UBFC_PHYS_s13_T2_ctrl,101,59,102.96666666666667,0.16118164360523224,0.6865633688964357
UBFC_PHYS_s13_T2_ctrl,101,60,103.0,0.07195843011140823,0.8072648398037366
UBFC_PHYS_s13_T2_ctrl,101,61,103.03333333333333,0.011528385803103447,0.8639791608271101
UBFC_PHYS_s13_T2_ctrl,101,62,103.06666666666666,-0.07958295196294785,0.8210966191542438
UBFC_PHYS_s13_T2_ctrl,101,63,103.1,-0.22494259476661682,0.6707529722963368
UBFC_PHYS_s13_T2_ctrl,101,64,103.13333333333334,-0.40032121539115906,0.43533010936905553
UBFC_PHYS_s13_T2_ctrl,101,65,103.16666666666667,-0.562328040599823,0.15992593284281903
UBFC_PHYS_s13_T2_ctrl,101,66,103.2,-0.6948596239089966,-0.10186682830160014
UBFC_PHYS_s13_T2_ctrl,101,67,103.23333333333333,-0.7973293662071228,-0.30384620865149037
UBFC_PHYS_s13_T2_ctrl,101,68,103.26666666666667,-0.8536404967308044,-0.4199127676365204
UBFC_PHYS_s13_T2_ctrl,101,69,103.3,-0.8618454337120056,-0.4501905106798316
UBFC_PHYS_s13_T2_ctrl,101,70,103.33333333333333,-0.8467667698860168,-0.41905325595092185
UBFC_PHYS_s13_T2_ctrl,101,71,103.36666666666666,-0.820253849029541,-0.3657496485285898
UBFC_PHYS_s13_T2_ctrl,101,72,103.4,-0.7819311022758484,-0.33059095452971815
UBFC_PHYS_s13_T2_ctrl,101,73,103.43333333333334,-0.7397826313972473,-0.34122993033905324
UBFC_PHYS_s13_T2_ctrl,101,74,103.46666666666667,-0.6955614686012268,-0.4036128443272601
UBFC_PHYS_s13_T2_ctrl,101,75,103.5,-0.6360409259796143,-0.5005517400213102
UBFC_PHYS_s13_T2_ctrl,101,76,103.53333333333333,-0.5555169582366943,-0.598092577203322
UBFC_PHYS_s13_T2_ctrl,101,77,103.56666666666666,-0.46144983172416687,-0.6571449956709832
UBFC_PHYS_s13_T2_ctrl,101,78,103.6,-0.35314762592315674,-0.646282440260842
UBFC_PHYS_s13_T2_ctrl,101,79,103.63333333333334,-0.22291937470436096,-0.551501017460247
UBFC_PHYS_s13_T2_ctrl,101,80,103.66666666666667,-0.07800456881523132,-0.37986417879162376
UBFC_PHYS_s13_T2_ctrl,101,81,103.7,0.054204076528549194,-0.15614195373885748
UBFC_PHYS_s13_T2_ctrl,101,82,103.73333333333333,0.1620713323354721,0.08580123179121084
UBFC_PHYS_s13_T2_ctrl,101,83,103.76666666666667,0.26441919803619385,0.3132044105958198
UBFC_PHYS_s13_T2_ctrl,101,84,103.8,0.360377699136734,0.5023248287762347
UBFC_PHYS_s13_T2_ctrl,101,85,103.83333333333333,0.415364146232605,0.6416533058192002
UBFC_PHYS_s13_T2_ctrl,101,86,103.86666666666666,0.4158979654312134,0.7303013440471209
UBFC_PHYS_s13_T2_ctrl,101,87,103.9,0.3820763826370239,0.7734437806655965
UBFC_PHYS_s13_T2_ctrl,101,88,103.93333333333334,0.33075088262557983,0.777541122849312
UBFC_PHYS_s13_T2_ctrl,101,89,103.96666666666667,0.2644719183444977,0.747463993325144
UBFC_PHYS_s13_T2_ctrl,101,90,104.0,0.1866796314716339,0.6860622045356091
UBFC_PHYS_s13_T2_ctrl,101,91,104.03333333333333,0.10551969707012177,0.5952382279630694
UBFC_PHYS_s13_T2_ctrl,101,92,104.06666666666666,0.023611757904291153,0.4771045166084673
UBFC_PHYS_s13_T2_ctrl,101,93,104.1,-0.07012582570314407,0.33436311524802054
UBFC_PHYS_s13_T2_ctrl,101,94,104.13333333333334,-0.18284356594085693,0.17004358591948335
UBFC_PHYS_s13_T2_ctrl,101,95,104.16666666666667,-0.28576478362083435,-0.01261091365009077
UBFC_PHYS_s13_T2_ctrl,101,96,104.2,-0.320169597864151,-0.2094580942725845
UBFC_PHYS_s13_T2_ctrl,101,97,104.23333333333333,-0.2521441876888275,-0.4139912786319392
UBFC_PHYS_s13_T2_ctrl,101,98,104.26666666666667,-0.11859441548585892,-0.6157601656826335
UBFC_PHYS_s13_T2_ctrl,101,99,104.3,0.001870254403911531,-0.7996201151520987
UBFC_PHYS_s13_T2_ctrl,101,100,104.33333333333333,0.06943763047456741,-0.9465634132683858
UBFC_PHYS_s13_T2_ctrl,101,101,104.36666666666666,0.08587720990180969,-1.0363266492793275
UBFC_PHYS_s13_T2_ctrl,101,102,104.4,0.054915834218263626,-1.0512847334843434
UBFC_PHYS_s13_T2_ctrl,101,103,104.43333333333334,-0.0072244033217430115,-0.9806507998038955
UBFC_PHYS_s13_T2_ctrl,101,104,104.46666666666667,-0.06374967843294144,-0.8238967473912849
UBFC_PHYS_s13_T2_ctrl,101,105,104.5,-0.1033608689904213,-0.5925130924725988
UBFC_PHYS_s13_T2_ctrl,101,106,104.53333333333333,-0.15041254460811615,-0.309542994911608
UBFC_PHYS_s13_T2_ctrl,101,107,104.56666666666666,-0.2317899614572525,-0.006619932024829673
UBFC_PHYS_s13_T2_ctrl,101,108,104.6,-0.3725034296512604,0.2814005236952634
UBFC_PHYS_s13_T2_ctrl,101,109,104.63333333333334,-0.5458917617797852,0.5233457633636753
UBFC_PHYS_s13_T2_ctrl,101,110,104.66666666666667,-0.6282972693443298,0.6981907178574306
UBFC_PHYS_s13_T2_ctrl,101,111,104.7,-0.5442144870758057,0.7987051875926164
UBFC_PHYS_s13_T2_ctrl,101,112,104.73333333333333,-0.4115709066390991,0.8309629428122338
UBFC_PHYS_s13_T2_ctrl,101,113,104.76666666666667,-0.3865935504436493,0.8101858570111102
UBFC_PHYS_s13_T2_ctrl,101,114,104.8,-0.4569651186466217,0.7547395330091551
UBFC_PHYS_s13_T2_ctrl,101,115,104.83333333333333,-0.5154213309288025,0.6804850734638414
UBFC_PHYS_s13_T2_ctrl,101,116,104.86666666666666,-0.5166537761688232,0.597200727217213
UBFC_PHYS_s13_T2_ctrl,101,117,104.9,-0.5464288592338562,0.5077669024397861
UBFC_PHYS_s13_T2_ctrl,101,118,104.93333333333334,-0.7499053478240967,0.40973875297869006
UBFC_PHYS_s13_T2_ctrl,101,119,104.96666666666667,-1.0728118419647217,0.29827376110572557
UBFC_PHYS_s13_T2_ctrl,101,120,105.0,-1.2499302625656128,0.1693172692075485
UBFC_PHYS_s13_T2_ctrl,101,121,105.03333333333333,-1.2066285610198975,0.02221748052223911
UBFC_PHYS_s13_T2_ctrl,101,122,105.06666666666666,-1.1733144521713257,-0.13877384132219708
UBFC_PHYS_s13_T2_ctrl,101,123,105.1,-1.2594401836395264,-0.30436002669071793
UBFC_PHYS_s13_T2_ctrl,101,124,105.13333333333334,-1.3674951791763306,-0.4612976623002344
UBFC_PHYS_s13_T2_ctrl,101,125,105.16666666666667,-1.409630537033081,-0.5943706165916314
UBFC_PHYS_s13_T2_ctrl,101,126,105.2,-1.3527988195419312,-0.688889202511978
UBFC_PHYS_s13_T2_ctrl,101,127,105.23333333333333,-1.15366530418396,-0.733440750852575
UBFC_PHYS_s13_T2_ctrl,101,128,105.26666666666667,-0.801616370677948,-0.7225093705287667
UBFC_PHYS_s13_T2_ctrl,101,129,105.3,-0.36213353276252747,-0.6582750418395137
UBFC_PHYS_s13_T2_ctrl,101,130,105.33333333333333,0.0947280302643776,-0.5506768131639972
UBFC_PHYS_s13_T2_ctrl,101,131,105.36666666666666,0.5432857871055603,-0.41517896370897667
UBFC_PHYS_s13_T2_ctrl,101,132,105.4,0.9685533046722412,-0.2687233945468022
UBFC_PHYS_s13_T2_ctrl,101,133,105.43333333333334,1.360249638557434,-0.1253492794720885
UBFC_PHYS_s13_T2_ctrl,101,134,105.46666666666667,1.7478797435760498,0.006856238604087508
UBFC_PHYS_s13_T2_ctrl,101,135,105.5,2.1085193157196045,0.12640416622671202
UBFC_PHYS_s13_T2_ctrl,101,136,105.53333333333333,2.2511472702026367,0.23650012011070326
UBFC_PHYS_s13_T2_ctrl,101,137,105.56666666666666,2.0383553504943848,0.3413974062540139
UBFC_PHYS_s13_T2_ctrl,101,138,105.6,1.596648097038269,0.44254647814806775
UBFC_PHYS_s13_T2_ctrl,101,139,105.63333333333334,1.1752161979675293,0.5363003584878152
UBFC_PHYS_s13_T2_ctrl,101,140,105.66666666666667,0.9127858877182007,0.6143851693403805
UBFC_PHYS_s13_T2_ctrl,101,141,105.7,0.8153972625732422,0.6669315286212525
UBFC_PHYS_s13_T2_ctrl,101,142,105.73333333333333,0.8095648288726807,0.6861537291466463
UBFC_PHYS_s13_T2_ctrl,101,143,105.76666666666667,0.7777664661407471,0.6682280064349266
UBFC_PHYS_s13_T2_ctrl,101,144,105.8,0.6381008625030518,0.6123475955808965
UBFC_PHYS_s13_T2_ctrl,101,145,105.83333333333333,0.4051985442638397,0.5180793455724958
UBFC_PHYS_s13_T2_ctrl,101,146,105.86666666666666,0.13583192229270935,0.38326946909316456
UBFC_PHYS_s13_T2_ctrl,101,147,105.9,-0.15046526491641998,0.20431041905133304
UBFC_PHYS_s13_T2_ctrl,101,148,105.93333333333334,-0.4736979603767395,-0.02087903550561289
UBFC_PHYS_s13_T2_ctrl,101,149,105.96666666666667,-0.8319714665412903,-0.2882290216023529
UBFC_PHYS_s13_T2_ctrl,101,150,106.0,-1.1787053346633911,-0.5829663902502246
UBFC_PHYS_s13_T2_ctrl,101,151,106.03333333333333,-1.4647982120513916,-0.8770169506067267
UBFC_PHYS_s13_T2_ctrl,101,152,106.06666666666666,-1.6808687448501587,-1.1302800669445807
UBFC_PHYS_s13_T2_ctrl,101,153,106.1,-1.829566478729248,-1.297097029716912
UBFC_PHYS_s13_T2_ctrl,101,154,106.13333333333334,-1.8983101844787598,-1.3374764858636525
UBFC_PHYS_s13_T2_ctrl,101,155,106.16666666666667,-1.8654508590698242,-1.230089481529523
UBFC_PHYS_s13_T2_ctrl,101,156,106.2,-1.7215179204940796,-0.9819587254393383
UBFC_PHYS_s13_T2_ctrl,101,157,106.23333333333333,-1.4872316122055054,-0.6298797698883976
UBFC_PHYS_s13_T2_ctrl,101,158,106.26666666666667,-1.221819281578064,-0.23168202525112244
UBFC_PHYS_s13_T2_ctrl,101,159,106.3,-0.989892303943634,0.14995698969239415
UBFC_PHYS_s13_T2_ctrl,101,160,106.33333333333333,-0.8042097091674805,0.46481136370681386
UBFC_PHYS_s13_T2_ctrl,101,161,106.36666666666666,-0.6401170492172241,0.6866802206458485
UBFC_PHYS_s13_T2_ctrl,101,162,106.4,-0.48503005504608154,0.8154390779678622
UBFC_PHYS_s13_T2_ctrl,101,163,106.43333333333334,-0.33779215812683105,0.8703755118211903
UBFC_PHYS_s13_T2_ctrl,101,164,106.46666666666667,-0.17998665571212769,0.8790514185740129
UBFC_PHYS_s13_T2_ctrl,101,165,106.5,0.006516438443213701,0.8666618992483087
UBFC_PHYS_s13_T2_ctrl,101,166,106.53333333333333,0.20024912059307098,0.8490742059463813
UBFC_PHYS_s13_T2_ctrl,101,167,106.56666666666666,0.3685760796070099,0.8302909686099821
UBFC_PHYS_s13_T2_ctrl,101,168,106.6,0.5357068777084351,0.8036932672158621
UBFC_PHYS_s13_T2_ctrl,101,169,106.63333333333334,0.7573661208152771,0.7559668784987436
UBFC_PHYS_s13_T2_ctrl,101,170,106.66666666666667,1.0356626510620117,0.6723419002692231
UBFC_PHYS_s13_T2_ctrl,101,171,106.7,1.3279109001159668,0.5416984266718654
UBFC_PHYS_s13_T2_ctrl,101,172,106.73333333333333,1.6337978839874268,0.3604397366071336
UBFC_PHYS_s13_T2_ctrl,101,173,106.76666666666667,2.006800651550293,0.1345547226389292
UBFC_PHYS_s13_T2_ctrl,101,174,106.8,2.505491018295288,-0.12035254872613771
UBFC_PHYS_s13_T2_ctrl,101,175,106.83333333333333,3.108980894088745,-0.381088632997953
UBFC_PHYS_s13_T2_ctrl,101,176,106.86666666666666,3.5758862495422363,-0.6207420120803079
UBFC_PHYS_s13_T2_ctrl,101,177,106.9,3.585353136062622,-0.8137974144949249
UBFC_PHYS_s13_T2_ctrl,101,178,106.93333333333334,3.1393327713012695,-0.9413853921001466
UBFC_PHYS_s13_T2_ctrl,101,179,106.96666666666667,2.5346269607543945,-0.9952002830027431
UBFC_PHYS_s13_T2_ctrl,101,180,107.0,1.9528720378875732,-0.9787268479535614
UBFC_PHYS_s13_T2_ctrl,101,181,107.03333333333333,1.4114400148391724,-0.9051672760063616
UBFC_PHYS_s13_T2_ctrl,101,182,107.06666666666666,0.9493391513824463,-0.792684112671297
UBFC_PHYS_s13_T2_ctrl,101,183,107.1,0.5639398694038391,-0.6586539243662146
UBFC_PHYS_s13_T2_ctrl,101,184,107.13333333333334,0.19486811757087708,-0.5150028673084847
UBFC_PHYS_s13_T2_ctrl,101,185,107.16666666666667,-0.11227428913116455,-0.3663599664281437
UBFC_PHYS_s13_T2_ctrl,101,186,107.2,-0.2384461909532547,-0.21187927520786315
UBFC_PHYS_s13_T2_ctrl,101,187,107.23333333333333,-0.20886878669261932,-0.0500963280541247
UBFC_PHYS_s13_T2_ctrl,101,188,107.26666666666667,-0.18649789690971375,0.11557609278938502
UBFC_PHYS_s13_T2_ctrl,101,189,107.3,-0.2326236367225647,0.2739797512005621
UBFC_PHYS_s13_T2_ctrl,101,190,107.33333333333333,-0.2834581434726715,0.4082303993652719
UBFC_PHYS_s13_T2_ctrl,101,191,107.36666666666666,-0.3297881782054901,0.5022026536652044
UBFC_PHYS_s13_T2_ctrl,101,192,107.4,-0.4091984033584595,0.5481219778246972
UBFC_PHYS_s13_T2_ctrl,101,193,107.43333333333334,-0.4978120028972626,0.5509177049403637
UBFC_PHYS_s13_T2_ctrl,101,194,107.46666666666667,-0.54369056224823,0.5269521019541898
UBFC_PHYS_s13_T2_ctrl,101,195,107.5,-0.5421780943870544,0.49788758923177073
UBFC_PHYS_s13_T2_ctrl,101,196,107.53333333333333,-0.5098393559455872,0.4824762619348886
UBFC_PHYS_s13_T2_ctrl,101,197,107.56666666666666,-0.45470133423805237,0.4894658987947721
UBFC_PHYS_s13_T2_ctrl,101,198,107.6,-0.3967624306678772,0.5141465640849743
UBFC_PHYS_s13_T2_ctrl,101,199,107.63333333333334,-0.3594183325767517,0.5396964060897177
UBFC_PHYS_s13_T2_ctrl,101,200,107.66666666666667,-0.3403491973876953,0.5427964067727652
UBFC_PHYS_s13_T2_ctrl,101,201,107.7,-0.32496407628059387,0.501556299610808
UBFC_PHYS_s13_T2_ctrl,101,202,107.73333333333333,-0.3147819936275482,0.40311900742900547
UBFC_PHYS_s13_T2_ctrl,101,203,107.76666666666667,-0.31722041964530945,0.24850075068813557
UBFC_PHYS_s13_T2_ctrl,101,204,107.8,-0.32672369480133057,0.053137587874310346
UBFC_PHYS_s13_T2_ctrl,101,205,107.83333333333333,-0.33604899048805237,-0.15698878053414686
UBFC_PHYS_s13_T2_ctrl,101,206,107.86666666666666,-0.3498820960521698,-0.3522862041336882
UBFC_PHYS_s13_T2_ctrl,101,207,107.9,-0.37290874123573303,-0.5072312731859111
UBFC_PHYS_s13_T2_ctrl,101,208,107.93333333333334,-0.3923930525779724,-0.6064496603827418
UBFC_PHYS_s13_T2_ctrl,101,209,107.96666666666667,-0.37943974137306213,-0.64757722084834
UBFC_PHYS_s13_T2_ctrl,101,210,108.0,-0.318518728017807,-0.6403010544640266
UBFC_PHYS_s13_T2_ctrl,101,211,108.03333333333333,-0.23169440031051636,-0.6019472121152053
UBFC_PHYS_s13_T2_ctrl,101,212,108.06666666666666,-0.1511012315750122,-0.5507898527924455
UBFC_PHYS_s13_T2_ctrl,101,213,108.1,-0.0779353678226471,-0.49905409805437456
UBFC_PHYS_s13_T2_ctrl,101,214,108.13333333333334,0.003333308035507798,-0.44823929693104886
UBFC_PHYS_s13_T2_ctrl,101,215,108.16666666666667,0.09990143775939941,-0.3891067661681178
UBFC_PHYS_s13_T2_ctrl,101,216,108.2,0.20047979056835175,-0.3069320973393223
UBFC_PHYS_s13_T2_ctrl,101,217,108.23333333333333,0.2746902108192444,-0.19006053627962327
UBFC_PHYS_s13_T2_ctrl,101,218,108.26666666666667,0.2980298697948456,-0.03780308395312588
UBFC_PHYS_s13_T2_ctrl,101,219,108.3,0.2785356640815735,0.1363520242765454
UBFC_PHYS_s13_T2_ctrl,101,220,108.33333333333333,0.23455838859081268,0.3079613317446442
UBFC_PHYS_s13_T2_ctrl,101,221,108.36666666666666,0.17126154899597168,0.44966411630546993
UBFC_PHYS_s13_T2_ctrl,101,222,108.4,0.08987095206975937,0.5399513554685941
UBFC_PHYS_s13_T2_ctrl,101,223,108.43333333333334,-0.00891811866313219,0.5685577105062853
UBFC_PHYS_s13_T2_ctrl,101,224,108.46666666666667,-0.12242340296506882,0.5368473674057649
UBFC_PHYS_s13_T2_ctrl,101,225,108.5,-0.2331574559211731,0.45458863274767647
UBFC_PHYS_s13_T2_ctrl,101,226,108.53333333333333,-0.31959623098373413,0.33593795506328733
UBFC_PHYS_s13_T2_ctrl,101,227,108.56666666666666,-0.38069191575050354,0.19681299051679477
UBFC_PHYS_s13_T2_ctrl,101,228,108.6,-0.42029979825019836,0.05401424172224609
UBFC_PHYS_s13_T2_ctrl,101,229,108.63333333333334,-0.4365251958370209,-0.07511240822244734
UBFC_PHYS_s13_T2_ctrl,101,230,108.66666666666667,-0.4312463402748108,-0.17397288253704793
UBFC_PHYS_s13_T2_ctrl,101,231,108.7,-0.41173896193504333,-0.22965102605223991
UBFC_PHYS_s13_T2_ctrl,101,232,108.73333333333333,-0.37891581654548645,-0.2368846953341678
UBFC_PHYS_s13_T2_ctrl,101,233,108.76666666666667,-0.3256099224090576,-0.20132565318677037
UBFC_PHYS_s13_T2_ctrl,101,234,108.8,-0.25183114409446716,-0.13973772368521575
UBFC_PHYS_s13_T2_ctrl,101,235,108.83333333333333,-0.16969256103038788,-0.07568497951091402
UBFC_PHYS_s13_T2_ctrl,101,236,108.86666666666666,-0.08840081095695496,-0.031673807606173
UBFC_PHYS_s13_T2_ctrl,101,237,108.9,-0.010348220355808735,-0.02097186861705107
UBFC_PHYS_s13_T2_ctrl,101,238,108.93333333333334,0.05583518370985985,-0.04272267498952089
UBFC_PHYS_s13_T2_ctrl,101,239,108.96666666666667,0.09938079863786697,-0.0824600871340147
UBFC_PHYS_s13_T2_ctrl,102,0,102.0,0.40163978934288025,-0.005885831528194829
UBFC_PHYS_s13_T2_ctrl,102,1,102.03333333333333,0.30714431405067444,0.14718471201092692
UBFC_PHYS_s13_T2_ctrl,102,2,102.06666666666666,0.12579485774040222,0.2790963929209998
UBFC_PHYS_s13_T2_ctrl,102,3,102.1,-0.07221166789531708,0.3742416454256195
UBFC_PHYS_s13_T2_ctrl,102,4,102.13333333333334,-0.1874699741601944,0.4246913601245196
UBFC_PHYS_s13_T2_ctrl,102,5,102.16666666666667,-0.1708788126707077,0.4296126518584519
UBFC_PHYS_s13_T2_ctrl,102,6,102.2,-0.09397953003644943,0.39176582143225863
UBFC_PHYS_s13_T2_ctrl,102,7,102.23333333333333,-0.10057645291090012,0.313222739336438
UBFC_PHYS_s13_T2_ctrl,102,8,102.26666666666667,-0.22899894416332245,0.19297572142332758
UBFC_PHYS_s13_T2_ctrl,102,9,102.3,-0.36613717675209045,0.02805921063794319
UBFC_PHYS_s13_T2_ctrl,102,10,102.33333333333333,-0.43422847986221313,-0.18215243024004524
UBFC_PHYS_s13_T2_ctrl,102,11,102.36666666666666,-0.44875025749206543,-0.43041806625330103
UBFC_PHYS_s13_T2_ctrl,102,12,102.4,-0.41836225986480713,-0.6972237864007932
UBFC_PHYS_s13_T2_ctrl,102,13,102.43333333333334,-0.3270202577114105,-0.9494125826919401
UBFC_PHYS_s13_T2_ctrl,102,14,102.46666666666667,-0.19163836538791656,-1.143164995129268
UBFC_PHYS_s13_T2_ctrl,102,15,102.5,-0.05838185176253319,-1.231870972940531
UBFC_PHYS_s13_T2_ctrl,102,16,102.53333333333333,0.03767552599310875,-1.178136075822018
UBFC_PHYS_s13_T2_ctrl,102,17,102.56666666666666,0.09494880586862564,-0.9672135910525296
UBFC_PHYS_s13_T2_ctrl,102,18,102.6,0.1289878636598587,-0.6171371542173907
UBFC_PHYS_s13_T2_ctrl,102,19,102.63333333333334,0.15117092430591583,-0.18024275935302805
UBFC_PHYS_s13_T2_ctrl,102,20,102.66666666666667,0.16572237014770508,0.2670848293437524
UBFC_PHYS_s13_T2_ctrl,102,21,102.7,0.176092267036438,0.6447944668016221
UBFC_PHYS_s13_T2_ctrl,102,22,102.73333333333333,0.1827419102191925,0.8925453593413207
UBFC_PHYS_s13_T2_ctrl,102,23,102.76666666666667,0.20017662644386292,0.9865186059219501
UBFC_PHYS_s13_T2_ctrl,102,24,102.8,0.275194376707077,0.9429539224430193
UBFC_PHYS_s13_T2_ctrl,102,25,102.83333333333333,0.41370007395744324,0.8076963250639551
UBFC_PHYS_s13_T2_ctrl,102,26,102.86666666666666,0.5162028074264526,0.6365433063359596
UBFC_PHYS_s13_T2_ctrl,102,27,102.9,0.47454532980918884,0.4743444848304588
UBFC_PHYS_s13_T2_ctrl,102,28,102.93333333333334,0.3157084286212921,0.3410256184565314
UBFC_PHYS_s13_T2_ctrl,102,29,102.96666666666667,0.16118164360523224,0.22972642499047838
UBFC_PHYS_s13_T2_ctrl,102,30,103.0,0.07195843011140823,0.11691992175738239
UBFC_PHYS_s13_T2_ctrl,102,31,103.03333333333333,0.011528385803103447,-0.02073189937326466
UBFC_PHYS_s13_T2_ctrl,102,32,103.06666666666666,-0.07958295196294785,-0.19045482799015107
UBFC_PHYS_s13_T2_ctrl,102,33,103.1,-0.22494259476661682,-0.37510000833403206
UBFC_PHYS_s13_T2_ctrl,102,34,103.13333333333334,-0.40032121539115906,-0.5357914573955919
UBFC_PHYS_s13_T2_ctrl,102,35,103.16666666666667,-0.562328040599823,-0.6243206722331524
UBFC_PHYS_s13_T2_ctrl,102,36,103.2,-0.6948596239089966,-0.6004894635170301
UBFC_PHYS_s13_T2_ctrl,102,37,103.23333333333333,-0.7973293662071228,-0.4479319196904041
UBFC_PHYS_s13_T2_ctrl,102,38,103.26666666666667,-0.8536404967308044,-0.18266917335692745
UBFC_PHYS_s13_T2_ctrl,102,39,103.3,-0.8618454337120056,0.1486342058209046
UBFC_PHYS_s13_T2_ctrl,102,40,103.33333333333333,-0.8467667698860168,0.48006923113766714
UBFC_PHYS_s13_T2_ctrl,102,41,103.36666666666666,-0.820253849029541,0.7436297675385446
UBFC_PHYS_s13_T2_ctrl,102,42,103.4,-0.7819311022758484,0.8865029886156677
UBFC_PHYS_s13_T2_ctrl,102,43,103.43333333333334,-0.7397826313972473,0.8832292537785146
UBFC_PHYS_s13_T2_ctrl,102,44,103.46666666666667,-0.6955614686012268,0.7395683073168707
UBFC_PHYS_s13_T2_ctrl,102,45,103.5,-0.6360409259796143,0.4879575103969812
UBFC_PHYS_s13_T2_ctrl,102,46,103.53333333333333,-0.5555169582366943,0.17723154492438828
UBFC_PHYS_s13_T2_ctrl,102,47,103.56666666666666,-0.46144983172416687,-0.1394657289438173
UBFC_PHYS_s13_T2_ctrl,102,48,103.6,-0.35314762592315674,-0.4153031597456305
UBFC_PHYS_s13_T2_ctrl,102,49,103.63333333333334,-0.22291937470436096,-0.6171232473993015
UBFC_PHYS_s13_T2_ctrl,102,50,103.66666666666667,-0.07800456881523132,-0.7288161413302547
UBFC_PHYS_s13_T2_ctrl,102,51,103.7,0.054204076528549194,-0.750589856543415
UBFC_PHYS_s13_T2_ctrl,102,52,103.73333333333333,0.1620713323354721,-0.694689460902622
UBFC_PHYS_s13_T2_ctrl,102,53,103.76666666666667,0.26441919803619385,-0.5790609434306838
UBFC_PHYS_s13_T2_ctrl,102,54,103.8,0.360377699136734,-0.42134398773222054
UBFC_PHYS_s13_T2_ctrl,102,55,103.83333333333333,0.415364146232605,-0.2355700272426185
UBFC_PHYS_s13_T2_ctrl,102,56,103.86666666666666,0.4158979654312134,-0.03257559944347774
UBFC_PHYS_s13_T2_ctrl,102,57,103.9,0.3820763826370239,0.17686980876288763
UBFC_PHYS_s13_T2_ctrl,102,58,103.93333333333334,0.33075088262557983,0.37865079441563276
UBFC_PHYS_s13_T2_ctrl,102,59,103.96666666666667,0.2644719183444977,0.5540076651327775
UBFC_PHYS_s13_T2_ctrl,102,60,104.0,0.1866796314716339,0.6812781744948528
UBFC_PHYS_s13_T2_ctrl,102,61,104.03333333333333,0.10551969707012177,0.7398175426445591
UBFC_PHYS_s13_T2_ctrl,102,62,104.06666666666666,0.023611757904291153,0.7143319604560419
UBFC_PHYS_s13_T2_ctrl,102,63,104.1,-0.07012582570314407,0.598055310451536
UBFC_PHYS_s13_T2_ctrl,102,64,104.13333333333334,-0.18284356594085693,0.39405153975716856
UBFC_PHYS_s13_T2_ctrl,102,65,104.16666666666667,-0.28576478362083435,0.1149002077589555
UBFC_PHYS_s13_T2_ctrl,102,66,104.2,-0.320169597864151,-0.21836344604571156
UBFC_PHYS_s13_T2_ctrl,102,67,104.23333333333333,-0.2521441876888275,-0.5772572467817975
UBFC_PHYS_s13_T2_ctrl,102,68,104.26666666666667,-0.11859441548585892,-0.9267282879336383
UBFC_PHYS_s13_T2_ctrl,102,69,104.3,0.001870254403911531,-1.2266538592187772
UBFC_PHYS_s13_T2_ctrl,102,70,104.33333333333333,0.06943763047456741,-1.4350713340830534
UBFC_PHYS_s13_T2_ctrl,102,71,104.36666666666666,0.08587720990180969,-1.5137940672126935
UBFC_PHYS_s13_T2_ctrl,102,72,104.4,0.054915834218263626,-1.4359387063331157
UBFC_PHYS_s13_T2_ctrl,102,73,104.43333333333334,-0.0072244033217430115,-1.1935617543240569
UBFC_PHYS_s13_T2_ctrl,102,74,104.46666666666667,-0.06374967843294144,-0.8027616880073147
UBFC_PHYS_s13_T2_ctrl,102,75,104.5,-0.1033608689904213,-0.30385095050541977
UBFC_PHYS_s13_T2_ctrl,102,76,104.53333333333333,-0.15041254460811615,0.24433945138787036
UBFC_PHYS_s13_T2_ctrl,102,77,104.56666666666666,-0.2317899614572525,0.7749268155605971
UBFC_PHYS_s13_T2_ctrl,102,78,104.6,-0.3725034296512604,1.225437097516488
UBFC_PHYS_s13_T2_ctrl,102,79,104.63333333333334,-0.5458917617797852,1.5488088914677163
UBFC_PHYS_s13_T2_ctrl,102,80,104.66666666666667,-0.6282972693443298,1.720060259807916
UBFC_PHYS_s13_T2_ctrl,102,81,104.7,-0.5442144870758057,1.7372967954064795
UBFC_PHYS_s13_T2_ctrl,102,82,104.73333333333333,-0.4115709066390991,1.6176699112339328
UBFC_PHYS_s13_T2_ctrl,102,83,104.76666666666667,-0.3865935504436493,1.3904012517783895
UBFC_PHYS_s13_T2_ctrl,102,84,104.8,-0.4569651186466217,1.0894842869957362
UBFC_PHYS_s13_T2_ctrl,102,85,104.83333333333333,-0.5154213309288025,0.7480961056220811
UBFC_PHYS_s13_T2_ctrl,102,86,104.86666666666666,-0.5166537761688232,0.3955323087860884
UBFC_PHYS_s13_T2_ctrl,102,87,104.9,-0.5464288592338562,0.05636773991775777
UBFC_PHYS_s13_T2_ctrl,102,88,104.93333333333334,-0.7499053478240967,-0.2489763433357661
UBFC_PHYS_s13_T2_ctrl,102,89,104.96666666666667,-1.0728118419647217,-0.5032635970046708
UBFC_PHYS_s13_T2_ctrl,102,90,105.0,-1.2499302625656128,-0.6921663095965161
UBFC_PHYS_s13_T2_ctrl,102,91,105.03333333333333,-1.2066285610198975,-0.8052986441349114
UBFC_PHYS_s13_T2_ctrl,102,92,105.06666666666666,-1.1733144521713257,-0.8380142481026921
UBFC_PHYS_s13_T2_ctrl,102,93,105.1,-1.2594401836395264,-0.792740671489915
UBFC_PHYS_s13_T2_ctrl,102,94,105.13333333333334,-1.3674951791763306,-0.6792578303280343
UBFC_PHYS_s13_T2_ctrl,102,95,105.16666666666667,-1.409630537033081,-0.5142974463831772
UBFC_PHYS_s13_T2_ctrl,102,96,105.2,-1.3527988195419312,-0.32091616899444525
UBFC_PHYS_s13_T2_ctrl,102,97,105.23333333333333,-1.15366530418396,-0.12746813760894132
UBFC_PHYS_s13_T2_ctrl,102,98,105.26666666666667,-0.801616370677948,0.03449011282107986
UBFC_PHYS_s13_T2_ctrl,102,99,105.3,-0.36213353276252747,0.133947815599583
UBFC_PHYS_s13_T2_ctrl,102,100,105.33333333333333,0.0947280302643776,0.14577441273807795
UBFC_PHYS_s13_T2_ctrl,102,101,105.36666666666666,0.5432857871055603,0.05667299184817051
UBFC_PHYS_s13_T2_ctrl,102,102,105.4,0.9685533046722412,-0.12987687989082036
UBFC_PHYS_s13_T2_ctrl,102,103,105.43333333333334,1.360249638557434,-0.3913073373117177
UBFC_PHYS_s13_T2_ctrl,102,104,105.46666666666667,1.7478797435760498,-0.6871941196337016
UBFC_PHYS_s13_T2_ctrl,102,105,105.5,2.1085193157196045,-0.9641337527396703
UBFC_PHYS_s13_T2_ctrl,102,106,105.53333333333333,2.2511472702026367,-1.163900536867791
UBFC_PHYS_s13_T2_ctrl,102,107,105.56666666666666,2.0383553504943848,-1.2340183627280037
UBFC_PHYS_s13_T2_ctrl,102,108,105.6,1.596648097038269,-1.1389618288852719
UBFC_PHYS_s13_T2_ctrl,102,109,105.63333333333334,1.1752161979675293,-0.86927723135912
UBFC_PHYS_s13_T2_ctrl,102,110,105.66666666666667,0.9127858877182007,-0.4457744688945049
UBFC_PHYS_s13_T2_ctrl,102,111,105.7,0.8153972625732422,0.0828996426820711
UBFC_PHYS_s13_T2_ctrl,102,112,105.73333333333333,0.8095648288726807,0.6487908053801554
UBFC_PHYS_s13_T2_ctrl,102,113,105.76666666666667,0.7777664661407471,1.1767593619321681
UBFC_PHYS_s13_T2_ctrl,102,114,105.8,0.6381008625030518,1.5970274219214025
UBFC_PHYS_s13_T2_ctrl,102,115,105.83333333333333,0.4051985442638397,1.8555657070558176
UBFC_PHYS_s13_T2_ctrl,102,116,105.86666666666666,0.13583192229270935,1.920838515948037
UBFC_PHYS_s13_T2_ctrl,102,117,105.9,-0.15046526491641998,1.7864939370472432
UBFC_PHYS_s13_T2_ctrl,102,118,105.93333333333334,-0.4736979603767395,1.470348540291126
UBFC_PHYS_s13_T2_ctrl,102,119,105.96666666666667,-0.8319714665412903,1.0104490356147315
UBFC_PHYS_s13_T2_ctrl,102,120,106.0,-1.1787053346633911,0.45921678137462907
UBFC_PHYS_s13_T2_ctrl,102,121,106.03333333333333,-1.4647982120513916,-0.12319447182441419
UBFC_PHYS_s13_T2_ctrl,102,122,106.06666666666666,-1.6808687448501587,-0.6752242551032289
UBFC_PHYS_s13_T2_ctrl,102,123,106.1,-1.829566478729248,-1.1392594393689757
UBFC_PHYS_s13_T2_ctrl,102,124,106.13333333333334,-1.8983101844787598,-1.4662019365550738
UBFC_PHYS_s13_T2_ctrl,102,125,106.16666666666667,-1.8654508590698242,-1.6199310714449295
UBFC_PHYS_s13_T2_ctrl,102,126,106.2,-1.7215179204940796,-1.5819168445102478
UBFC_PHYS_s13_T2_ctrl,102,127,106.23333333333333,-1.4872316122055054,-1.3552956181694389
UBFC_PHYS_s13_T2_ctrl,102,128,106.26666666666667,-1.221819281578064,-0.966998800504367
UBFC_PHYS_s13_T2_ctrl,102,129,106.3,-0.989892303943634,-0.4663514669016062
UBFC_PHYS_s13_T2_ctrl,102,130,106.33333333333333,-0.8042097091674805,0.08093850748568525
UBFC_PHYS_s13_T2_ctrl,102,131,106.36666666666666,-0.6401170492172241,0.6030974205371487
UBFC_PHYS_s13_T2_ctrl,102,132,106.4,-0.48503005504608154,1.0346610614138763
UBFC_PHYS_s13_T2_ctrl,102,133,106.43333333333334,-0.33779215812683105,1.3274020493722016
UBFC_PHYS_s13_T2_ctrl,102,134,106.46666666666667,-0.17998665571212769,1.4567483052370347
UBFC_PHYS_s13_T2_ctrl,102,135,106.5,0.006516438443213701,1.422449126815697
UBFC_PHYS_s13_T2_ctrl,102,136,106.53333333333333,0.20024912059307098,1.244341502314707
UBFC_PHYS_s13_T2_ctrl,102,137,106.56666666666666,0.3685760796070099,0.9554250524424465
UBFC_PHYS_s13_T2_ctrl,102,138,106.6,0.5357068777084351,0.5946027129980506
UBFC_PHYS_s13_T2_ctrl,102,139,106.63333333333334,0.7573661208152771,0.20073704073785395
UBFC_PHYS_s13_T2_ctrl,102,140,106.66666666666667,1.0356626510620117,-0.19123927927413925
UBFC_PHYS_s13_T2_ctrl,102,141,106.7,1.3279109001159668,-0.5521592077129058
UBFC_PHYS_s13_T2_ctrl,102,142,106.73333333333333,1.6337978839874268,-0.8588597335463924
UBFC_PHYS_s13_T2_ctrl,102,143,106.76666666666667,2.006800651550293,-1.0934679472621698
UBFC_PHYS_s13_T2_ctrl,102,144,106.8,2.505491018295288,-1.2424122558029385
UBFC_PHYS_s13_T2_ctrl,102,145,106.83333333333333,3.108980894088745,-1.2958631069142177
UBFC_PHYS_s13_T2_ctrl,102,146,106.86666666666666,3.5758862495422363,-1.248301311331581
UBFC_PHYS_s13_T2_ctrl,102,147,106.9,3.585353136062622,-1.100545045016946
UBFC_PHYS_s13_T2_ctrl,102,148,106.93333333333334,3.1393327713012695,-0.8626800048156841
UBFC_PHYS_s13_T2_ctrl,102,149,106.96666666666667,2.5346269607543945,-0.5563599051288453
UBFC_PHYS_s13_T2_ctrl,102,150,107.0,1.9528720378875732,-0.21457656037401596
UBFC_PHYS_s13_T2_ctrl,102,151,107.03333333333333,1.4114400148391724,0.12224241969734412
UBFC_PHYS_s13_T2_ctrl,102,152,107.06666666666666,0.9493391513824463,0.4132169808083212
UBFC_PHYS_s13_T2_ctrl,102,153,107.1,0.5639398694038391,0.6248578969949915
UBFC_PHYS_s13_T2_ctrl,102,154,107.13333333333334,0.19486811757087708,0.7371091562267473
UBFC_PHYS_s13_T2_ctrl,102,155,107.16666666666667,-0.11227428913116455,0.7458376893396852
UBFC_PHYS_s13_T2_ctrl,102,156,107.2,-0.2384461909532547,0.6616393594794321
UBFC_PHYS_s13_T2_ctrl,102,157,107.23333333333333,-0.20886878669261932,0.5061312168395132
UBFC_PHYS_s13_T2_ctrl,102,158,107.26666666666667,-0.18649789690971375,0.30723500819906224
UBFC_PHYS_s13_T2_ctrl,102,159,107.3,-0.2326236367225647,0.09467052325948327
UBFC_PHYS_s13_T2_ctrl,102,160,107.33333333333333,-0.2834581434726715,-0.10348122767569379
UBFC_PHYS_s13_T2_ctrl,102,161,107.36666666666666,-0.3297881782054901,-0.2627858755068764
UBFC_PHYS_s13_T2_ctrl,102,162,107.4,-0.4091984033584595,-0.363416490736021
UBFC_PHYS_s13_T2_ctrl,102,163,107.43333333333334,-0.4978120028972626,-0.39093005430241023
UBFC_PHYS_s13_T2_ctrl,102,164,107.46666666666667,-0.54369056224823,-0.33750543957510115
UBFC_PHYS_s13_T2_ctrl,102,165,107.5,-0.5421780943870544,-0.20365438747475811
UBFC_PHYS_s13_T2_ctrl,102,166,107.53333333333333,-0.5098393559455872,0.00012932021450258718
UBFC_PHYS_s13_T2_ctrl,102,167,107.56666666666666,-0.45470133423805237,0.25261164821979604
UBFC_PHYS_s13_T2_ctrl,102,168,107.6,-0.3967624306678772,0.5228282938069742
UBFC_PHYS_s13_T2_ctrl,102,169,107.63333333333334,-0.3594183325767517,0.7734835868735013
UBFC_PHYS_s13_T2_ctrl,102,170,107.66666666666667,-0.3403491973876953,0.9667262751793387
UBFC_PHYS_s13_T2_ctrl,102,171,107.7,-0.32496407628059387,1.0712888580238233
UBFC_PHYS_s13_T2_ctrl,102,172,107.73333333333333,-0.3147819936275482,1.0689508517345432
UBFC_PHYS_s13_T2_ctrl,102,173,107.76666666666667,-0.31722041964530945,0.9580297782113316
UBFC_PHYS_s13_T2_ctrl,102,174,107.8,-0.32672369480133057,0.7525858983543103
UBFC_PHYS_s13_T2_ctrl,102,175,107.83333333333333,-0.33604899048805237,0.4776973370795398
UBFC_PHYS_s13_T2_ctrl,102,176,107.86666666666666,-0.3498820960521698,0.16259014389435378
UBFC_PHYS_s13_T2_ctrl,102,177,107.9,-0.37290874123573303,-0.1659555731238715
UBFC_PHYS_s13_T2_ctrl,102,178,107.93333333333334,-0.3923930525779724,-0.4877782097189519
UBFC_PHYS_s13_T2_ctrl,102,179,107.96666666666667,-0.37943974137306213,-0.7899144203038243
UBFC_PHYS_s13_T2_ctrl,102,180,108.0,-0.318518728017807,-1.0636912180284857
UBFC_PHYS_s13_T2_ctrl,102,181,108.03333333333333,-0.23169440031051636,-1.2996087183376492
UBFC_PHYS_s13_T2_ctrl,102,182,108.06666666666666,-0.1511012315750122,-1.4820901089667649
UBFC_PHYS_s13_T2_ctrl,102,183,108.1,-0.0779353678226471,-1.5865485010035356
UBFC_PHYS_s13_T2_ctrl,102,184,108.13333333333334,0.003333308035507798,-1.5810645773738197
UBFC_PHYS_s13_T2_ctrl,102,185,108.16666666666667,0.09990143775939941,-1.4339348124886566
UBFC_PHYS_s13_T2_ctrl,102,186,108.2,0.20047979056835175,-1.126211585688114
UBFC_PHYS_s13_T2_ctrl,102,187,108.23333333333333,0.2746902108192444,-0.6654158396322193
UBFC_PHYS_s13_T2_ctrl,102,188,108.26666666666667,0.2980298697948456,-0.0941499155268088
UBFC_PHYS_s13_T2_ctrl,102,189,108.3,0.2785356640815735,0.5123365057651775
UBFC_PHYS_s13_T2_ctrl,102,190,108.33333333333333,0.23455838859081268,1.0613172977836127
UBFC_PHYS_s13_T2_ctrl,102,191,108.36666666666666,0.17126154899597168,1.4658332531676392
UBFC_PHYS_s13_T2_ctrl,102,192,108.4,0.08987095206975937,1.6666098031586971
UBFC_PHYS_s13_T2_ctrl,102,193,108.43333333333334,-0.00891811866313219,1.6438572013863533
UBFC_PHYS_s13_T2_ctrl,102,194,108.46666666666667,-0.12242340296506882,1.4164049492770732
UBFC_PHYS_s13_T2_ctrl,102,195,108.5,-0.2331574559211731,1.0321727987447213
UBFC_PHYS_s13_T2_ctrl,102,196,108.53333333333333,-0.31959623098373413,0.5558019466099567
UBFC_PHYS_s13_T2_ctrl,102,197,108.56666666666666,-0.38069191575050354,0.05734053059413003
UBFC_PHYS_s13_T2_ctrl,102,198,108.6,-0.42029979825019836,-0.39648159206796735
UBFC_PHYS_s13_T2_ctrl,102,199,108.63333333333334,-0.4365251958370209,-0.7484793834866397
UBFC_PHYS_s13_T2_ctrl,102,200,108.66666666666667,-0.4312463402748108,-0.955779725868613
UBFC_PHYS_s13_T2_ctrl,102,201,108.7,-0.41173896193504333,-0.9941970646296568
UBFC_PHYS_s13_T2_ctrl,102,202,108.73333333333333,-0.37891581654548645,-0.8622975704497097
UBFC_PHYS_s13_T2_ctrl,102,203,108.76666666666667,-0.3256099224090576,-0.5837408428571531
UBFC_PHYS_s13_T2_ctrl,102,204,108.8,-0.25183114409446716,-0.20549811004858584
UBFC_PHYS_s13_T2_ctrl,102,205,108.83333333333333,-0.16969256103038788,0.20977960816103364
UBFC_PHYS_s13_T2_ctrl,102,206,108.86666666666666,-0.08840081095695496,0.5963831538135724
UBFC_PHYS_s13_T2_ctrl,102,207,108.9,-0.010348220355808735,0.8992381672325286
UBFC_PHYS_s13_T2_ctrl,102,208,108.93333333333334,0.05583518370985985,1.0833628252778833
UBFC_PHYS_s13_T2_ctrl,102,209,108.96666666666667,0.09938079863786697,1.1355929274059733
UBFC_PHYS_s13_T2_ctrl,102,210,109.0,0.12835519015789032,1.0594872464965455
UBFC_PHYS_s13_T2_ctrl,102,211,109.03333333333333,0.16157706081867218,0.8678819981349157
UBFC_PHYS_s13_T2_ctrl,102,212,109.06666666666666,0.1936192512512207,0.577514382440217
UBFC_PHYS_s13_T2_ctrl,102,213,109.1,0.19962963461875916,0.20771866533433106
UBFC_PHYS_s13_T2_ctrl,102,214,109.13333333333334,0.17224350571632385,-0.21712456128235905
UBFC_PHYS_s13_T2_ctrl,102,215,109.16666666666667,0.12627923488616943,-0.6633977840388501
UBFC_PHYS_s13_T2_ctrl,102,216,109.2,0.07464728504419327,-1.0855629448803756
UBFC_PHYS_s13_T2_ctrl,102,217,109.23333333333333,0.01799679547548294,-1.428374069048852
UBFC_PHYS_s13_T2_ctrl,102,218,109.26666666666667,-0.0471552237868309,-1.6357564106524907
UBFC_PHYS_s13_T2_ctrl,102,219,109.3,-0.11157571524381638,-1.664982417994126
UBFC_PHYS_s13_T2_ctrl,102,220,109.33333333333333,-0.1550125926733017,-1.5013445191866706
UBFC_PHYS_s13_T2_ctrl,102,221,109.36666666666666,-0.18465590476989746,-1.1667513311565827
UBFC_PHYS_s13_T2_ctrl,102,222,109.4,-0.24883584678173065,-0.7171244252451643
UBFC_PHYS_s13_T2_ctrl,102,223,109.43333333333334,-0.3636954426765442,-0.2282440133399912
UBFC_PHYS_s13_T2_ctrl,102,224,109.46666666666667,-0.44437429308891296,0.22431593435247688
UBFC_PHYS_s13_T2_ctrl,102,225,109.5,-0.3803030848503113,0.5825334655216833
UBFC_PHYS_s13_T2_ctrl,102,226,109.53333333333333,-0.1626870334148407,0.8144532410364889
UBFC_PHYS_s13_T2_ctrl,102,227,109.56666666666666,0.11282837390899658,0.9132962448283978
UBFC_PHYS_s13_T2_ctrl,102,228,109.6,0.3581238090991974,0.8909325692897027
UBFC_PHYS_s13_T2_ctrl,102,229,109.63333333333334,0.514581561088562,0.7705153211486598
UBFC_PHYS_s13_T2_ctrl,102,230,109.66666666666667,0.5771567821502686,0.5811433254908588
UBFC_PHYS_s13_T2_ctrl,102,231,109.7,0.6174401640892029,0.35475935294376437
UBFC_PHYS_s13_T2_ctrl,102,232,109.73333333333333,0.6951764225959778,0.1241570070290166
UBFC_PHYS_s13_T2_ctrl,102,233,109.76666666666667,0.7496554255485535,-0.07902130183516065
UBFC_PHYS_s13_T2_ctrl,102,234,109.8,0.6779789924621582,-0.22694909355650017
UBFC_PHYS_s13_T2_ctrl,102,235,109.83333333333333,0.5024883151054382,-0.29899513568147223
UBFC_PHYS_s13_T2_ctrl,102,236,109.86666666666666,0.3304312527179718,-0.2851934347648248
UBFC_PHYS_s13_T2_ctrl,102,237,109.9,0.20631222426891327,-0.18871173010213432
UBFC_PHYS_s13_T2_ctrl,102,238,109.93333333333334,0.09741029143333435,-0.02624672789117966
UBFC_PHYS_s13_T2_ctrl,102,239,109.96666666666667,-0.011027025058865547,0.17417821507701123
UBFC_PHYS_s13_T2_ctrl,103,0,103.0,0.07195843011140823,0.01702520565650396
UBFC_PHYS_s13_T2_ctrl,103,1,103.03333333333333,0.011528385803103447,-0.0670654411055766
UBFC_PHYS_s13_T2_ctrl,103,2,103.06666666666666,-0.07958295196294785,-0.16538683554780903
UBFC_PHYS_s13_T2_ctrl,103,3,103.1,-0.22494259476661682,-0.2835020937355406
UBFC_PHYS_s13_T2_ctrl,103,4,103.13333333333334,-0.40032121539115906,-0.4118992797688896
UBFC_PHYS_s13_T2_ctrl,103,5,103.16666666666667,-0.562328040599823,-0.5273135407061784
UBFC_PHYS_s13_T2_ctrl,103,6,103.2,-0.6948596239089966,-0.6002925962833681
UBFC_PHYS_s13_T2_ctrl,103,7,103.23333333333333,-0.7973293662071228,-0.6057360615941161
UBFC_PHYS_s13_T2_ctrl,103,8,103.26666666666667,-0.8536404967308044,-0.5320418801604857
UBFC_PHYS_s13_T2_ctrl,103,9,103.3,-0.8618454337120056,-0.38538416781658164
UBFC_PHYS_s13_T2_ctrl,103,10,103.33333333333333,-0.8467667698860168,-0.18791981826904994
UBFC_PHYS_s13_T2_ctrl,103,11,103.36666666666666,-0.820253849029541,0.02878982801877222
UBFC_PHYS_s13_T2_ctrl,103,12,103.4,-0.7819311022758484,0.23224192786089956
UBFC_PHYS_s13_T2_ctrl,103,13,103.43333333333334,-0.7397826313972473,0.39614896583845827
UBFC_PHYS_s13_T2_ctrl,103,14,103.46666666666667,-0.6955614686012268,0.5040506451888231
UBFC_PHYS_s13_T2_ctrl,103,15,103.5,-0.6360409259796143,0.5489678356723762
UBFC_PHYS_s13_T2_ctrl,103,16,103.53333333333333,-0.5555169582366943,0.5306347718188935
UBFC_PHYS_s13_T2_ctrl,103,17,103.56666666666666,-0.46144983172416687,0.4527915380835395
UBFC_PHYS_s13_T2_ctrl,103,18,103.6,-0.35314762592315674,0.32235454144482284
UBFC_PHYS_s13_T2_ctrl,103,19,103.63333333333334,-0.22291937470436096,0.15065108811462388
UBFC_PHYS_s13_T2_ctrl,103,20,103.66666666666667,-0.07800456881523132,-0.04457716367534398
UBFC_PHYS_s13_T2_ctrl,103,21,103.7,0.054204076528549194,-0.23835528705818057
UBFC_PHYS_s13_T2_ctrl,103,22,103.73333333333333,0.1620713323354721,-0.40044593076967994
UBFC_PHYS_s13_T2_ctrl,103,23,103.76666666666667,0.26441919803619385,-0.5005429260937659
UBFC_PHYS_s13_T2_ctrl,103,24,103.8,0.360377699136734,-0.5155999163820343
UBFC_PHYS_s13_T2_ctrl,103,25,103.83333333333333,0.415364146232605,-0.4369691204398806
UBFC_PHYS_s13_T2_ctrl,103,26,103.86666666666666,0.4158979654312134,-0.27462963454539857
UBFC_PHYS_s13_T2_ctrl,103,27,103.9,0.3820763826370239,-0.056486930288424636
UBFC_PHYS_s13_T2_ctrl,103,28,103.93333333333334,0.33075088262557983,0.17761580153499434
UBFC_PHYS_s13_T2_ctrl,103,29,103.96666666666667,0.2644719183444977,0.385469014807009
UBFC_PHYS_s13_T2_ctrl,103,30,104.0,0.1866796314716339,0.5323517820737339
UBFC_PHYS_s13_T2_ctrl,103,31,104.03333333333333,0.10551969707012177,0.5977381393613713
UBFC_PHYS_s13_T2_ctrl,103,32,104.06666666666666,0.023611757904291153,0.5770258615867379
UBFC_PHYS_s13_T2_ctrl,103,33,104.1,-0.07012582570314407,0.4787462013967221
UBFC_PHYS_s13_T2_ctrl,103,34,104.13333333333334,-0.18284356594085693,0.31933453201209655
UBFC_PHYS_s13_T2_ctrl,103,35,104.16666666666667,-0.28576478362083435,0.11795684959549696
UBFC_PHYS_s13_T2_ctrl,103,36,104.2,-0.320169597864151,-0.10676473162628787
UBFC_PHYS_s13_T2_ctrl,103,37,104.23333333333333,-0.2521441876888275,-0.3375406252859024
UBFC_PHYS_s13_T2_ctrl,103,38,104.26666666666667,-0.11859441548585892,-0.5574007400394602
UBFC_PHYS_s13_T2_ctrl,103,39,104.3,0.001870254403911531,-0.7483245741632898
UBFC_PHYS_s13_T2_ctrl,103,40,104.33333333333333,0.06943763047456741,-0.890947172633275
UBFC_PHYS_s13_T2_ctrl,103,41,104.36666666666666,0.08587720990180969,-0.9661035575687886
UBFC_PHYS_s13_T2_ctrl,103,42,104.4,0.054915834218263626,-0.95801574546395
UBFC_PHYS_s13_T2_ctrl,103,43,104.43333333333334,-0.0072244033217430115,-0.8581208785537796
UBFC_PHYS_s13_T2_ctrl,103,44,104.46666666666667,-0.06374967843294144,-0.6682176742815947
UBFC_PHYS_s13_T2_ctrl,103,45,104.5,-0.1033608689904213,-0.40185216494610737
UBFC_PHYS_s13_T2_ctrl,103,46,104.53333333333333,-0.15041254460811615,-0.08348672597224424
UBFC_PHYS_s13_T2_ctrl,103,47,104.56666666666666,-0.2317899614572525,0.2543934312285381
UBFC_PHYS_s13_T2_ctrl,103,48,104.6,-0.3725034296512604,0.5757472283776263
UBFC_PHYS_s13_T2_ctrl,103,49,104.63333333333334,-0.5458917617797852,0.8463357884507041
UBFC_PHYS_s13_T2_ctrl,103,50,104.66666666666667,-0.6282972693443298,1.0390395861873183
UBFC_PHYS_s13_T2_ctrl,103,51,104.7,-0.5442144870758057,1.1379825812229158
UBFC_PHYS_s13_T2_ctrl,103,52,104.73333333333333,-0.4115709066390991,1.1403705458001714
UBFC_PHYS_s13_T2_ctrl,103,53,104.76666666666667,-0.3865935504436493,1.055487655613134
UBFC_PHYS_s13_T2_ctrl,103,54,104.8,-0.4569651186466217,0.9012471579403044
UBFC_PHYS_s13_T2_ctrl,103,55,104.83333333333333,-0.5154213309288025,0.6996090863546393
UBFC_PHYS_s13_T2_ctrl,103,56,104.86666666666666,-0.5166537761688232,0.47253579392478257
UBFC_PHYS_s13_T2_ctrl,103,57,104.9,-0.5464288592338562,0.23971129369839292
UBFC_PHYS_s13_T2_ctrl,103,58,104.93333333333334,-0.7499053478240967,0.0181762448375856
UBFC_PHYS_s13_T2_ctrl,103,59,104.96666666666667,-1.0728118419647217,-0.17707817903449982
UBFC_PHYS_s13_T2_ctrl,103,60,105.0,-1.2499302625656128,-0.3329687011164203
UBFC_PHYS_s13_T2_ctrl,103,61,105.03333333333333,-1.2066285610198975,-0.4394321138767875
UBFC_PHYS_s13_T2_ctrl,103,62,105.06666666666666,-1.1733144521713257,-0.4912538900287289
UBFC_PHYS_s13_T2_ctrl,103,63,105.1,-1.2594401836395264,-0.48927435569844613
UBFC_PHYS_s13_T2_ctrl,103,64,105.13333333333334,-1.3674951791763306,-0.4402055178664749
UBFC_PHYS_s13_T2_ctrl,103,65,105.16666666666667,-1.409630537033081,-0.3554516612488909
UBFC_PHYS_s13_T2_ctrl,103,66,105.2,-1.3527988195419312,-0.24985397997379014
UBFC_PHYS_s13_T2_ctrl,103,67,105.23333333333333,-1.15366530418396,-0.14087038048403652
UBFC_PHYS_s13_T2_ctrl,103,68,105.26666666666667,-0.801616370677948,-0.04784052988742753
UBFC_PHYS_s13_T2_ctrl,103,69,105.3,-0.36213353276252747,0.009501234640494289
UBFC_PHYS_s13_T2_ctrl,103,70,105.33333333333333,0.0947280302643776,0.013746180295149193
UBFC_PHYS_s13_T2_ctrl,103,71,105.36666666666666,0.5432857871055603,-0.046521737692677596
UBFC_PHYS_s13_T2_ctrl,103,72,105.4,0.9685533046722412,-0.17293318267906088
UBFC_PHYS_s13_T2_ctrl,103,73,105.43333333333334,1.360249638557434,-0.35444419361380003
UBFC_PHYS_s13_T2_ctrl,103,74,105.46666666666667,1.7478797435760498,-0.5664041465154159
UBFC_PHYS_s13_T2_ctrl,103,75,105.5,2.1085193157196045,-0.7724592049811126
UBFC_PHYS_s13_T2_ctrl,103,76,105.53333333333333,2.2511472702026367,-0.929681798310911
UBFC_PHYS_s13_T2_ctrl,103,77,105.56666666666666,2.0383553504943848,-0.9964511762870726
UBFC_PHYS_s13_T2_ctrl,103,78,105.6,1.596648097038269,-0.9415123982633845
UBFC_PHYS_s13_T2_ctrl,103,79,105.63333333333334,1.1752161979675293,-0.7517598505556
UBFC_PHYS_s13_T2_ctrl,103,80,105.66666666666667,0.9127858877182007,-0.436244878296679
UBFC_PHYS_s13_T2_ctrl,103,81,105.7,0.8153972625732422,-0.02522839580838626
UBFC_PHYS_s13_T2_ctrl,103,82,105.73333333333333,0.8095648288726807,0.434681862958947
UBFC_PHYS_s13_T2_ctrl,103,83,105.76666666666667,0.7777664661407471,0.8871671103669984
UBFC_PHYS_s13_T2_ctrl,103,84,105.8,0.6381008625030518,1.2735179140727793
UBFC_PHYS_s13_T2_ctrl,103,85,105.83333333333333,0.4051985442638397,1.5407086887165304
UBFC_PHYS_s13_T2_ctrl,103,86,105.86666666666666,0.13583192229270935,1.6496098899432954
UBFC_PHYS_s13_T2_ctrl,103,87,105.9,-0.15046526491641998,1.5814751927215493
UBFC_PHYS_s13_T2_ctrl,103,88,105.93333333333334,-0.4736979603767395,1.3409777153668918
UBFC_PHYS_s13_T2_ctrl,103,89,105.96666666666667,-0.8319714665412903,0.9553253382465441
UBFC_PHYS_s13_T2_ctrl,103,90,106.0,-1.1787053346633911,0.4701318005858535
UBFC_PHYS_s13_T2_ctrl,103,91,106.03333333333333,-1.4647982120513916,-0.05680638255523236
UBFC_PHYS_s13_T2_ctrl,103,92,106.06666666666666,-1.6808687448501587,-0.5628175622725452
UBFC_PHYS_s13_T2_ctrl,103,93,106.1,-1.829566478729248,-0.9881081146565789
UBFC_PHYS_s13_T2_ctrl,103,94,106.13333333333334,-1.8983101844787598,-1.283489023621922
UBFC_PHYS_s13_T2_ctrl,103,95,106.16666666666667,-1.8654508590698242,-1.4173533754669834
UBFC_PHYS_s13_T2_ctrl,103,96,106.2,-1.7215179204940796,-1.380670256536738
UBFC_PHYS_s13_T2_ctrl,103,97,106.23333333333333,-1.4872316122055054,-1.1885039592645916
UBFC_PHYS_s13_T2_ctrl,103,98,106.26666666666667,-1.221819281578064,-0.8770273378572846
UBFC_PHYS_s13_T2_ctrl,103,99,106.3,-0.989892303943634,-0.49615849875362694
UBFC_PHYS_s13_T2_ctrl,103,100,106.33333333333333,-0.8042097091674805,-0.09941002529852562
UBFC_PHYS_s13_T2_ctrl,103,101,106.36666666666666,-0.6401170492172241,0.2662661375573895
UBFC_PHYS_s13_T2_ctrl,103,102,106.4,-0.48503005504608154,0.5675588498322612
UBFC_PHYS_s13_T2_ctrl,103,103,106.43333333333334,-0.33779215812683105,0.7868523899076647
UBFC_PHYS_s13_T2_ctrl,103,104,106.46666666666667,-0.17998665571212769,0.9196009783457346
UBFC_PHYS_s13_T2_ctrl,103,105,106.5,0.006516438443213701,0.9693630645696562
UBFC_PHYS_s13_T2_ctrl,103,106,106.53333333333333,0.20024912059307098,0.9432139844661641
UBFC_PHYS_s13_T2_ctrl,103,107,106.56666666666666,0.3685760796070099,0.8491758790115598
UBFC_PHYS_s13_T2_ctrl,103,108,106.6,0.5357068777084351,0.6957738911612253
UBFC_PHYS_s13_T2_ctrl,103,109,106.63333333333334,0.7573661208152771,0.4927987451830991
UBFC_PHYS_s13_T2_ctrl,103,110,106.66666666666667,1.0356626510620117,0.2522544990554571
UBFC_PHYS_s13_T2_ctrl,103,111,106.7,1.3279109001159668,-0.011040896406977975
UBFC_PHYS_s13_T2_ctrl,103,112,106.73333333333333,1.6337978839874268,-0.27926920932405447
UBFC_PHYS_s13_T2_ctrl,103,113,106.76666666666667,2.006800651550293,-0.5317852516140903
UBFC_PHYS_s13_T2_ctrl,103,114,106.8,2.505491018295288,-0.7458018415211178
UBFC_PHYS_s13_T2_ctrl,103,115,106.83333333333333,3.108980894088745,-0.8980194100512651
UBFC_PHYS_s13_T2_ctrl,103,116,106.86666666666666,3.5758862495422363,-0.9676365429513972
UBFC_PHYS_s13_T2_ctrl,103,117,106.9,3.585353136062622,-0.9406343229501783
UBFC_PHYS_s13_T2_ctrl,103,118,106.93333333333334,3.1393327713012695,-0.8142681775637968
UBFC_PHYS_s13_T2_ctrl,103,119,106.96666666666667,2.5346269607543945,-0.6000187566754275
UBFC_PHYS_s13_T2_ctrl,103,120,107.0,1.9528720378875732,-0.32346215906760173
UBFC_PHYS_s13_T2_ctrl,103,121,107.03333333333333,1.4114400148391724,-0.020521907163509993
UBFC_PHYS_s13_T2_ctrl,103,122,107.06666666666666,0.9493391513824463,0.269145489193997
UBFC_PHYS_s13_T2_ctrl,103,123,107.1,0.5639398694038391,0.5097859070453115
UBFC_PHYS_s13_T2_ctrl,103,124,107.13333333333334,0.19486811757087708,0.6758768546074356
UBFC_PHYS_s13_T2_ctrl,103,125,107.16666666666667,-0.11227428913116455,0.7552699859661678
UBFC_PHYS_s13_T2_ctrl,103,126,107.2,-0.2384461909532547,0.748568977302165
UBFC_PHYS_s13_T2_ctrl,103,127,107.23333333333333,-0.20886878669261932,0.6656743167858613
UBFC_PHYS_s13_T2_ctrl,103,128,107.26666666666667,-0.18649789690971375,0.5213794616085438
UBFC_PHYS_s13_T2_ctrl,103,129,107.3,-0.2326236367225647,0.3319211848887757
UBFC_PHYS_s13_T2_ctrl,103,130,107.33333333333333,-0.2834581434726715,0.11355807178554585
UBFC_PHYS_s13_T2_ctrl,103,131,107.36666666666666,-0.3297881782054901,-0.11693426561541441
UBFC_PHYS_s13_T2_ctrl,103,132,107.4,-0.4091984033584595,-0.3409072817973188
UBFC_PHYS_s13_T2_ctrl,103,133,107.43333333333334,-0.4978120028972626,-0.536989943988102
UBFC_PHYS_s13_T2_ctrl,103,134,107.46666666666667,-0.54369056224823,-0.6817606012160977
UBFC_PHYS_s13_T2_ctrl,103,135,107.5,-0.5421780943870544,-0.7523100276000814
UBFC_PHYS_s13_T2_ctrl,103,136,107.53333333333333,-0.5098393559455872,-0.7304742988213919
UBFC_PHYS_s13_T2_ctrl,103,137,107.56666666666666,-0.45470133423805237,-0.6079295086826038
UBFC_PHYS_s13_T2_ctrl,103,138,107.6,-0.3967624306678772,-0.39069245737885566
UBFC_PHYS_s13_T2_ctrl,103,139,107.63333333333334,-0.3594183325767517,-0.10116829934723692
UBFC_PHYS_s13_T2_ctrl,103,140,107.66666666666667,-0.3403491973876953,0.22382315806726075
UBFC_PHYS_s13_T2_ctrl,103,141,107.7,-0.32496407628059387,0.5393709693100994
UBFC_PHYS_s13_T2_ctrl,103,142,107.73333333333333,-0.3147819936275482,0.8016053550130918
UBFC_PHYS_s13_T2_ctrl,103,143,107.76666666666667,-0.31722041964530945,0.9766738680280015
UBFC_PHYS_s13_T2_ctrl,103,144,107.8,-0.32672369480133057,1.0465789006474029
UBFC_PHYS_s13_T2_ctrl,103,145,107.83333333333333,-0.33604899048805237,1.0102650925062384
UBFC_PHYS_s13_T2_ctrl,103,146,107.86666666666666,-0.3498820960521698,0.8803247004554007
UBFC_PHYS_s13_T2_ctrl,103,147,107.9,-0.37290874123573303,0.6771958607312986
UBFC_PHYS_s13_T2_ctrl,103,148,107.93333333333334,-0.3923930525779724,0.42310877359090215
UBFC_PHYS_s13_T2_ctrl,103,149,107.96666666666667,-0.37943974137306213,0.1376120987186597
UBFC_PHYS_s13_T2_ctrl,103,150,108.0,-0.318518728017807,-0.16412662541637932
UBFC_PHYS_s13_T2_ctrl,103,151,108.03333333333333,-0.23169440031051636,-0.4698175709890197
UBFC_PHYS_s13_T2_ctrl,103,152,108.06666666666666,-0.1511012315750122,-0.7659352740715091
UBFC_PHYS_s13_T2_ctrl,103,153,108.1,-0.0779353678226471,-1.032805159570154
UBFC_PHYS_s13_T2_ctrl,103,154,108.13333333333334,0.003333308035507798,-1.2416798515288159
UBFC_PHYS_s13_T2_ctrl,103,155,108.16666666666667,0.09990143775939941,-1.356540641554301
UBFC_PHYS_s13_T2_ctrl,103,156,108.2,0.20047979056835175,-1.3417608466603954
UBFC_PHYS_s13_T2_ctrl,103,157,108.23333333333333,0.2746902108192444,-1.1740252272766882
UBFC_PHYS_s13_T2_ctrl,103,158,108.26666666666667,0.2980298697948456,-0.8542190080079262
UBFC_PHYS_s13_T2_ctrl,103,159,108.3,0.2785356640815735,-0.41398347415586684
UBFC_PHYS_s13_T2_ctrl,103,160,108.33333333333333,0.23455838859081268,0.0867656352670382
UBFC_PHYS_s13_T2_ctrl,103,161,108.36666666666666,0.17126154899597168,0.5714387734367228
UBFC_PHYS_s13_T2_ctrl,103,162,108.4,0.08987095206975937,0.9636913501520457
UBFC_PHYS_s13_T2_ctrl,103,163,108.43333333333334,-0.00891811866313219,1.2038764009571803
UBFC_PHYS_s13_T2_ctrl,103,164,108.46666666666667,-0.12242340296506882,1.260228207762207
UBFC_PHYS_s13_T2_ctrl,103,165,108.5,-0.2331574559211731,1.1327612915899024
UBFC_PHYS_s13_T2_ctrl,103,166,108.53333333333333,-0.31959623098373413,0.8505399947560818
UBFC_PHYS_s13_T2_ctrl,103,167,108.56666666666666,-0.38069191575050354,0.46449425779924847
UBFC_PHYS_s13_T2_ctrl,103,168,108.6,-0.42029979825019836,0.03819592496528678
UBFC_PHYS_s13_T2_ctrl,103,169,108.63333333333334,-0.4365251958370209,-0.36160671929257215
UBFC_PHYS_s13_T2_ctrl,103,170,108.66666666666667,-0.4312463402748108,-0.6737671737053634
UBFC_PHYS_s13_T2_ctrl,103,171,108.7,-0.41173896193504333,-0.8506171634807193
UBFC_PHYS_s13_T2_ctrl,103,172,108.73333333333333,-0.37891581654548645,-0.8649555467341448
UBFC_PHYS_s13_T2_ctrl,103,173,108.76666666666667,-0.3256099224090576,-0.7154970178252203
UBFC_PHYS_s13_T2_ctrl,103,174,108.8,-0.25183114409446716,-0.42885386821510246
UBFC_PHYS_s13_T2_ctrl,103,175,108.83333333333333,-0.16969256103038788,-0.05572591518494294
UBFC_PHYS_s13_T2_ctrl,103,176,108.86666666666666,-0.08840081095695496,0.339382969078556
UBFC_PHYS_s13_T2_ctrl,103,177,108.9,-0.010348220355808735,0.6925143813867067
UBFC_PHYS_s13_T2_ctrl,103,178,108.93333333333334,0.05583518370985985,0.9536277767279198
UBFC_PHYS_s13_T2_ctrl,103,179,108.96666666666667,0.09938079863786697,1.0939724083898719
UBFC_PHYS_s13_T2_ctrl,103,180,109.0,0.12835519015789032,1.1056846828130444
UBFC_PHYS_s13_T2_ctrl,103,181,109.03333333333333,0.16157706081867218,0.9958910905844722
UBFC_PHYS_s13_T2_ctrl,103,182,109.06666666666666,0.1936192512512207,0.7796222934315955
UBFC_PHYS_s13_T2_ctrl,103,183,109.1,0.19962963461875916,0.4753086949886441
UBFC_PHYS_s13_T2_ctrl,103,184,109.13333333333334,0.17224350571632385,0.10449940347761622
UBFC_PHYS_s13_T2_ctrl,103,185,109.16666666666667,0.12627923488616943,-0.30512322081176935
UBFC_PHYS_s13_T2_ctrl,103,186,109.2,0.07464728504419327,-0.7163323573029642
UBFC_PHYS_s13_T2_ctrl,103,187,109.23333333333333,0.01799679547548294,-1.082075807862826
UBFC_PHYS_s13_T2_ctrl,103,188,109.26666666666667,-0.0471552237868309,-1.350812931311464
UBFC_PHYS_s13_T2_ctrl,103,189,109.3,-0.11157571524381638,-1.4773984822643433
UBFC_PHYS_s13_T2_ctrl,103,190,109.33333333333333,-0.1550125926733017,-1.4362333932196794
UBFC_PHYS_s13_T2_ctrl,103,191,109.36666666666666,-0.18465590476989746,-1.231163845521678
UBFC_PHYS_s13_T2_ctrl,103,192,109.4,-0.24883584678173065,-0.8969018057363459
UBFC_PHYS_s13_T2_ctrl,103,193,109.43333333333334,-0.3636954426765442,-0.49016453951759736
UBFC_PHYS_s13_T2_ctrl,103,194,109.46666666666667,-0.44437429308891296,-0.07396372034959242
UBFC_PHYS_s13_T2_ctrl,103,195,109.5,-0.3803030848503113,0.2980266044656015
UBFC_PHYS_s13_T2_ctrl,103,196,109.53333333333333,-0.1626870334148407,0.5909386433516445
UBFC_PHYS_s13_T2_ctrl,103,197,109.56666666666666,0.11282837390899658,0.7899399338394614
UBFC_PHYS_s13_T2_ctrl,103,198,109.6,0.3581238090991974,0.8953242079558937
UBFC_PHYS_s13_T2_ctrl,103,199,109.63333333333334,0.514581561088562,0.9156822862765307
UBFC_PHYS_s13_T2_ctrl,103,200,109.66666666666667,0.5771567821502686,0.8627448492118194
UBFC_PHYS_s13_T2_ctrl,103,201,109.7,0.6174401640892029,0.7491660706474919
UBFC_PHYS_s13_T2_ctrl,103,202,109.73333333333333,0.6951764225959778,0.5883009098256222
UBFC_PHYS_s13_T2_ctrl,103,203,109.76666666666667,0.7496554255485535,0.39429610195536635
UBFC_PHYS_s13_T2_ctrl,103,204,109.8,0.6779789924621582,0.181724272766398
UBFC_PHYS_s13_T2_ctrl,103,205,109.83333333333333,0.5024883151054382,-0.03481934697307077
UBFC_PHYS_s13_T2_ctrl,103,206,109.86666666666666,0.3304312527179718,-0.2405815815513737
UBFC_PHYS_s13_T2_ctrl,103,207,109.9,0.20631222426891327,-0.4200344867016882
UBFC_PHYS_s13_T2_ctrl,103,208,109.93333333333334,0.09741029143333435,-0.5564075819030992
UBFC_PHYS_s13_T2_ctrl,103,209,109.96666666666667,-0.011027025058865547,-0.6322472325099681
UBFC_PHYS_s13_T2_ctrl,103,210,110.0,-0.10217460989952087,-0.6317812985217024
UBFC_PHYS_s13_T2_ctrl,103,211,110.03333333333333,-0.18047434091567993,-0.5452099287488475
UBFC_PHYS_s13_T2_ctrl,103,212,110.06666666666666,-0.2534754276275635,-0.37385797934393633
UBFC_PHYS_s13_T2_ctrl,103,213,110.1,-0.291541188955307,-0.13403948601437168
UBFC_PHYS_s13_T2_ctrl,103,214,110.13333333333334,-0.27414271235466003,0.1427169720138416
UBFC_PHYS_s13_T2_ctrl,103,215,110.16666666666667,-0.23096616566181183,0.41435634690381545
UBFC_PHYS_s13_T2_ctrl,103,216,110.2,-0.19869659841060638,0.6371257314543002
UBFC_PHYS_s13_T2_ctrl,103,217,110.23333333333333,-0.1738148033618927,0.7758484356975253
UBFC_PHYS_s13_T2_ctrl,103,218,110.26666666666667,-0.14155183732509613,0.8122257268610372
UBFC_PHYS_s13_T2_ctrl,103,219,110.3,-0.11115063726902008,0.7484632004902763
UBFC_PHYS_s13_T2_ctrl,103,220,110.33333333333333,-0.09367308020591736,0.6052375828217068
UBFC_PHYS_s13_T2_ctrl,103,221,110.36666666666666,-0.07843952625989914,0.4149929750117569
UBFC_PHYS_s13_T2_ctrl,103,222,110.4,-0.05125441029667854,0.21300592461862627
UBFC_PHYS_s13_T2_ctrl,103,223,110.43333333333334,-0.008947774767875671,0.02905346775277171
UBFC_PHYS_s13_T2_ctrl,103,224,110.46666666666667,0.04666144400835037,-0.11816103169791656
UBFC_PHYS_s13_T2_ctrl,103,225,110.5,0.10378973186016083,-0.22280883979394253
UBFC_PHYS_s13_T2_ctrl,103,226,110.53333333333333,0.13811548054218292,-0.28997386087494287
UBFC_PHYS_s13_T2_ctrl,103,227,110.56666666666666,0.1406000256538391,-0.3309084703138922
UBFC_PHYS_s13_T2_ctrl,103,228,110.6,0.12173191457986832,-0.35742597810219573
UBFC_PHYS_s13_T2_ctrl,103,229,110.63333333333334,0.088905468583107,-0.37759627898647086
UBFC_PHYS_s13_T2_ctrl,103,230,110.66666666666667,0.040489599108695984,-0.3940305986688067
UBFC_PHYS_s13_T2_ctrl,103,231,110.7,-0.01955161802470684,-0.4046777093043199
UBFC_PHYS_s13_T2_ctrl,103,232,110.73333333333333,-0.07991576194763184,-0.4051187228237804
UBFC_PHYS_s13_T2_ctrl,103,233,110.76666666666667,-0.1356436014175415,-0.39111504088366394
UBFC_PHYS_s13_T2_ctrl,103,234,110.8,-0.18544015288352966,-0.3604563079003611
UBFC_PHYS_s13_T2_ctrl,103,235,110.83333333333333,-0.22304129600524902,-0.3136894837950881
UBFC_PHYS_s13_T2_ctrl,103,236,110.86666666666666,-0.24921150505542755,-0.2538148524658826
UBFC_PHYS_s13_T2_ctrl,103,237,110.9,-0.27623844146728516,-0.18533023291419376
UBFC_PHYS_s13_T2_ctrl,103,238,110.93333333333334,-0.3089989721775055,-0.11307249729231249
UBFC_PHYS_s13_T2_ctrl,103,239,110.96666666666667,-0.3400987684726715,-0.041294213945309334
UBFC_PHYS_s13_T2_ctrl,104,0,104.0,0.1866796314716339,-0.14151155012228095
UBFC_PHYS_s13_T2_ctrl,104,1,104.03333333333333,0.10551969707012177,-0.06111565638833749
UBFC_PHYS_s13_T2_ctrl,104,2,104.06666666666666,0.023611757904291153,-0.0006974172535365972
UBFC_PHYS_s13_T2_ctrl,104,3,104.1,-0.07012582570314407,0.022632538188004987
UBFC_PHYS_s13_T2_ctrl,104,4,104.13333333333334,-0.18284356594085693,0.000955996817004726
UBFC_PHYS_s13_T2_ctrl,104,5,104.16666666666667,-0.28576478362083435,-0.06198351316080052
UBFC_PHYS_s13_T2_ctrl,104,6,104.2,-0.320169597864151,-0.15126889040765817
UBFC_PHYS_s13_T2_ctrl,104,7,104.23333333333333,-0.2521441876888275,-0.24474454509024843
UBFC_PHYS_s13_T2_ctrl,104,8,104.26666666666667,-0.11859441548585892,-0.31927460464627067
UBFC_PHYS_s13_T2_ctrl,104,9,104.3,0.001870254403911531,-0.3569863780208353
UBFC_PHYS_s13_T2_ctrl,104,10,104.33333333333333,0.06943763047456741,-0.34940128588501673
UBFC_PHYS_s13_T2_ctrl,104,11,104.36666666666666,0.08587720990180969,-0.29843926190528436
UBFC_PHYS_s13_T2_ctrl,104,12,104.4,0.054915834218263626,-0.2142467472403044
UBFC_PHYS_s13_T2_ctrl,104,13,104.43333333333334,-0.0072244033217430115,-0.1107283939986352
UBFC_PHYS_s13_T2_ctrl,104,14,104.46666666666667,-0.06374967843294144,-0.0006927253178618482
UBFC_PHYS_s13_T2_ctrl,104,15,104.5,-0.1033608689904213,0.1071880312387971
UBFC_PHYS_s13_T2_ctrl,104,16,104.53333333333333,-0.15041254460811615,0.20849160843113732
UBFC_PHYS_s13_T2_ctrl,104,17,104.56666666666666,-0.2317899614572525,0.30086625790386434
UBFC_PHYS_s13_T2_ctrl,104,18,104.6,-0.3725034296512604,0.38139447216297573
UBFC_PHYS_s13_T2_ctrl,104,19,104.63333333333334,-0.5458917617797852,0.44537327704938073
UBFC_PHYS_s13_T2_ctrl,104,20,104.66666666666667,-0.6282972693443298,0.4873231538515146
UBFC_PHYS_s13_T2_ctrl,104,21,104.7,-0.5442144870758057,0.50350980604262
UBFC_PHYS_s13_T2_ctrl,104,22,104.73333333333333,-0.4115709066390991,0.4941757064094985
UBFC_PHYS_s13_T2_ctrl,104,23,104.76666666666667,-0.3865935504436493,0.4638299876603115
UBFC_PHYS_s13_T2_ctrl,104,24,104.8,-0.4569651186466217,0.4193489189293895
UBFC_PHYS_s13_T2_ctrl,104,25,104.83333333333333,-0.5154213309288025,0.36712686221009155
UBFC_PHYS_s13_T2_ctrl,104,26,104.86666666666666,-0.5166537761688232,0.3109273026343465
UBFC_PHYS_s13_T2_ctrl,104,27,104.9,-0.5464288592338562,0.2514339991917604
UBFC_PHYS_s13_T2_ctrl,104,28,104.93333333333334,-0.7499053478240967,0.18747691049334078
UBFC_PHYS_s13_T2_ctrl,104,29,104.96666666666667,-1.0728118419647217,0.11810292276107373
UBFC_PHYS_s13_T2_ctrl,104,30,105.0,-1.2499302625656128,0.044389795793720634
UBFC_PHYS_s13_T2_ctrl,104,31,105.03333333333333,-1.2066285610198975,-0.029878530701632097
UBFC_PHYS_s13_T2_ctrl,104,32,105.06666666666666,-1.1733144521713257,-0.09905203751838962
UBFC_PHYS_s13_T2_ctrl,104,33,105.1,-1.2594401836395264,-0.15770567455629667
UBFC_PHYS_s13_T2_ctrl,104,34,105.13333333333334,-1.3674951791763306,-0.20311920734240516
UBFC_PHYS_s13_T2_ctrl,104,35,105.16666666666667,-1.409630537033081,-0.23702637458830722
UBFC_PHYS_s13_T2_ctrl,104,36,105.2,-1.3527988195419312,-0.26578065854158023
UBFC_PHYS_s13_T2_ctrl,104,37,105.23333333333333,-1.15366530418396,-0.29873713330678797
UBFC_PHYS_s13_T2_ctrl,104,38,105.26666666666667,-0.801616370677948,-0.34536280137726416
UBFC_PHYS_s13_T2_ctrl,104,39,105.3,-0.36213353276252747,-0.4120427059099859
UBFC_PHYS_s13_T2_ctrl,104,40,105.33333333333333,0.0947280302643776,-0.4995625074970477
UBFC_PHYS_s13_T2_ctrl,104,41,105.36666666666666,0.5432857871055603,-0.6018594174116318
UBFC_PHYS_s13_T2_ctrl,104,42,105.4,0.9685533046722412,-0.7061008096994694
UBFC_PHYS_s13_T2_ctrl,104,43,105.43333333333334,1.360249638557434,-0.7938779130786243
UBFC_PHYS_s13_T2_ctrl,104,44,105.46666666666667,1.7478797435760498,-0.8434624586387122
UBFC_PHYS_s13_T2_ctrl,104,45,105.5,2.1085193157196045,-0.8333244521270915
UBFC_PHYS_s13_T2_ctrl,104,46,105.53333333333333,2.2511472702026367,-0.7469465298685042
UBFC_PHYS_s13_T2_ctrl,104,47,105.56666666666666,2.0383553504943848,-0.5781605628473516
UBFC_PHYS_s13_T2_ctrl,104,48,105.6,1.596648097038269,-0.33509769354154273
UBFC_PHYS_s13_T2_ctrl,104,49,105.63333333333334,1.1752161979675293,-0.040321206052169434
UBFC_PHYS_s13_T2_ctrl,104,50,105.66666666666667,0.9127858877182007,0.2742671488005686
UBFC_PHYS_s13_T2_ctrl,104,51,105.7,0.8153972625732422,0.5763602987666758
UBFC_PHYS_s13_T2_ctrl,104,52,105.73333333333333,0.8095648288726807,0.8414454388955046
UBFC_PHYS_s13_T2_ctrl,104,53,105.76666666666667,0.7777664661407471,1.055376500655542
UBFC_PHYS_s13_T2_ctrl,104,54,105.8,0.6381008625030518,1.2103802170931524
UBFC_PHYS_s13_T2_ctrl,104,55,105.83333333333333,0.4051985442638397,1.298296340721051
UBFC_PHYS_s13_T2_ctrl,104,56,105.86666666666666,0.13583192229270935,1.3062933065722346
UBFC_PHYS_s13_T2_ctrl,104,57,105.9,-0.15046526491641998,1.2182950957845184
UBFC_PHYS_s13_T2_ctrl,104,58,105.93333333333334,-0.4736979603767395,1.0219538766804965
UBFC_PHYS_s13_T2_ctrl,104,59,105.96666666666667,-0.8319714665412903,0.7179280971503829
UBFC_PHYS_s13_T2_ctrl,104,60,106.0,-1.1787053346633911,0.3267394302748845
UBFC_PHYS_s13_T2_ctrl,104,61,106.03333333333333,-1.4647982120513916,-0.11053518043455837
UBFC_PHYS_s13_T2_ctrl,104,62,106.06666666666666,-1.6808687448501587,-0.538433796025697
UBFC_PHYS_s13_T2_ctrl,104,63,106.1,-1.829566478729248,-0.8979203571916647
UBFC_PHYS_s13_T2_ctrl,104,64,106.13333333333334,-1.8983101844787598,-1.1386012822586344
UBFC_PHYS_s13_T2_ctrl,104,65,106.16666666666667,-1.8654508590698242,-1.2293833842137525
UBFC_PHYS_s13_T2_ctrl,104,66,106.2,-1.7215179204940796,-1.1649808145959097
UBFC_PHYS_s13_T2_ctrl,104,67,106.23333333333333,-1.4872316122055054,-0.9663999133657688
UBFC_PHYS_s13_T2_ctrl,104,68,106.26666666666667,-1.221819281578064,-0.6751373412476602
UBFC_PHYS_s13_T2_ctrl,104,69,106.3,-0.989892303943634,-0.34280027631218735
UBFC_PHYS_s13_T2_ctrl,104,70,106.33333333333333,-0.8042097091674805,-0.019275942474845206
UBFC_PHYS_s13_T2_ctrl,104,71,106.36666666666666,-0.6401170492172241,0.2570579095413265
UBFC_PHYS_s13_T2_ctrl,104,72,106.4,-0.48503005504608154,0.4644031475783757
UBFC_PHYS_s13_T2_ctrl,104,73,106.43333333333334,-0.33779215812683105,0.5970733513844084
UBFC_PHYS_s13_T2_ctrl,104,74,106.46666666666667,-0.17998665571212769,0.6609041498725939
UBFC_PHYS_s13_T2_ctrl,104,75,106.5,0.006516438443213701,0.6672351044328373
UBFC_PHYS_s13_T2_ctrl,104,76,106.53333333333333,0.20024912059307098,0.627734030890704
UBFC_PHYS_s13_T2_ctrl,104,77,106.56666666666666,0.3685760796070099,0.5511074533750527
UBFC_PHYS_s13_T2_ctrl,104,78,106.6,0.5357068777084351,0.4419267311014318
UBFC_PHYS_s13_T2_ctrl,104,79,106.63333333333334,0.7573661208152771,0.3015490128642593
UBFC_PHYS_s13_T2_ctrl,104,80,106.66666666666667,1.0356626510620117,0.13093182754777988
UBFC_PHYS_s13_T2_ctrl,104,81,106.7,1.3279109001159668,-0.0654001957290867
UBFC_PHYS_s13_T2_ctrl,104,82,106.73333333333333,1.6337978839874268,-0.27580026272890495
UBFC_PHYS_s13_T2_ctrl,104,83,106.76666666666667,2.006800651550293,-0.48022676752735965
UBFC_PHYS_s13_T2_ctrl,104,84,106.8,2.505491018295288,-0.6523336490901327
UBFC_PHYS_s13_T2_ctrl,104,85,106.83333333333333,3.108980894088745,-0.7646314604608458
UBFC_PHYS_s13_T2_ctrl,104,86,106.86666666666666,3.5758862495422363,-0.7952886231760269
UBFC_PHYS_s13_T2_ctrl,104,87,106.9,3.585353136062622,-0.7344697046943639
UBFC_PHYS_s13_T2_ctrl,104,88,106.93333333333334,3.1393327713012695,-0.5879581822083196
UBFC_PHYS_s13_T2_ctrl,104,89,106.96666666666667,2.5346269607543945,-0.37651890643538977
UBFC_PHYS_s13_T2_ctrl,104,90,107.0,1.9528720378875732,-0.13104670797680956
UBFC_PHYS_s13_T2_ctrl,104,91,107.03333333333333,1.4114400148391724,0.11477900826579601
UBFC_PHYS_s13_T2_ctrl,104,92,107.06666666666666,0.9493391513824463,0.33176888988463626
UBFC_PHYS_s13_T2_ctrl,104,93,107.1,0.5639398694038391,0.500097958441367
UBFC_PHYS_s13_T2_ctrl,104,94,107.13333333333334,0.19486811757087708,0.6105118657917009
UBFC_PHYS_s13_T2_ctrl,104,95,107.16666666666667,-0.11227428913116455,0.6620237826930336
UBFC_PHYS_s13_T2_ctrl,104,96,107.2,-0.2384461909532547,0.6575488226804549
UBFC_PHYS_s13_T2_ctrl,104,97,107.23333333333333,-0.20886878669261932,0.5996731777288882
UBFC_PHYS_s13_T2_ctrl,104,98,107.26666666666667,-0.18649789690971375,0.48869118018460384
UBFC_PHYS_s13_T2_ctrl,104,99,107.3,-0.2326236367225647,0.3240288077217533
UBFC_PHYS_s13_T2_ctrl,104,100,107.33333333333333,-0.2834581434726715,0.10849147582203886
UBFC_PHYS_s13_T2_ctrl,104,101,107.36666666666666,-0.3297881782054901,-0.1467008461441274
UBFC_PHYS_s13_T2_ctrl,104,102,107.4,-0.4091984033584595,-0.4185904789948468
UBFC_PHYS_s13_T2_ctrl,104,103,107.43333333333334,-0.4978120028972626,-0.6727202454677829
UBFC_PHYS_s13_T2_ctrl,104,104,107.46666666666667,-0.54369056224823,-0.8674607379421861
UBFC_PHYS_s13_T2_ctrl,104,105,107.5,-0.5421780943870544,-0.9616140977035043
UBFC_PHYS_s13_T2_ctrl,104,106,107.53333333333333,-0.5098393559455872,-0.9236077849375514
UBFC_PHYS_s13_T2_ctrl,104,107,107.56666666666666,-0.45470133423805237,-0.7402115820285211
UBFC_PHYS_s13_T2_ctrl,104,108,107.6,-0.3967624306678772,-0.4226364593505944
UBFC_PHYS_s13_T2_ctrl,104,109,107.63333333333334,-0.3594183325767517,-0.007996768072326075
UBFC_PHYS_s13_T2_ctrl,104,110,107.66666666666667,-0.3403491973876953,0.44534852186363727
UBFC_PHYS_s13_T2_ctrl,104,111,107.7,-0.32496407628059387,0.8685383445445043
UBFC_PHYS_s13_T2_ctrl,104,112,107.73333333333333,-0.3147819936275482,1.1965730451124064
UBFC_PHYS_s13_T2_ctrl,104,113,107.76666666666667,-0.31722041964530945,1.3820279398097526
UBFC_PHYS_s13_T2_ctrl,104,114,107.8,-0.32672369480133057,1.4040274139300442
UBFC_PHYS_s13_T2_ctrl,104,115,107.83333333333333,-0.33604899048805237,1.270197867853882
UBFC_PHYS_s13_T2_ctrl,104,116,107.86666666666666,-0.3498820960521698,1.0115969009319268
UBFC_PHYS_s13_T2_ctrl,104,117,107.9,-0.37290874123573303,0.6725936483264802
UBFC_PHYS_s13_T2_ctrl,104,118,107.93333333333334,-0.3923930525779724,0.29894555721267657
UBFC_PHYS_s13_T2_ctrl,104,119,107.96666666666667,-0.37943974137306213,-0.07233778553965069
UBFC_PHYS_s13_T2_ctrl,104,120,108.0,-0.318518728017807,-0.4183801731573282
UBFC_PHYS_s13_T2_ctrl,104,121,108.03333333333333,-0.23169440031051636,-0.7295821342091308
UBFC_PHYS_s13_T2_ctrl,104,122,108.06666666666666,-0.1511012315750122,-1.0030840492769928
UBFC_PHYS_s13_T2_ctrl,104,123,108.1,-0.0779353678226471,-1.2333536866256236
UBFC_PHYS_s13_T2_ctrl,104,124,108.13333333333334,0.003333308035507798,-1.4043831902015615
UBFC_PHYS_s13_T2_ctrl,104,125,108.16666666666667,0.09990143775939941,-1.4879292334093133
UBFC_PHYS_s13_T2_ctrl,104,126,108.2,0.20047979056835175,-1.4498881041129486
UBFC_PHYS_s13_T2_ctrl,104,127,108.23333333333333,0.2746902108192444,-1.2632198748824894
UBFC_PHYS_s13_T2_ctrl,104,128,108.26666666666667,0.2980298697948456,-0.9225531623392383
UBFC_PHYS_s13_T2_ctrl,104,129,108.3,0.2785356640815735,-0.45421758796117884
UBFC_PHYS_s13_T2_ctrl,104,130,108.33333333333333,0.23455838859081268,0.08327431409965771
UBFC_PHYS_s13_T2_ctrl,104,131,108.36666666666666,0.17126154899597168,0.6096629668898613
UBFC_PHYS_s13_T2_ctrl,104,132,108.4,0.08987095206975937,1.0411511668663138
UBFC_PHYS_s13_T2_ctrl,104,133,108.43333333333334,-0.00891811866313219,1.3100837900346296
UBFC_PHYS_s13_T2_ctrl,104,134,108.46666666666667,-0.12242340296506882,1.3796227475418579
UBFC_PHYS_s13_T2_ctrl,104,135,108.5,-0.2331574559211731,1.2495112126099996
UBFC_PHYS_s13_T2_ctrl,104,136,108.53333333333333,-0.31959623098373413,0.9527570731770978
UBFC_PHYS_s13_T2_ctrl,104,137,108.56666666666666,-0.38069191575050354,0.5460088879084818
UBFC_PHYS_s13_T2_ctrl,104,138,108.6,-0.42029979825019836,0.09735707005273805
UBFC_PHYS_s13_T2_ctrl,104,139,108.63333333333334,-0.4365251958370209,-0.3253290329687977
UBFC_PHYS_s13_T2_ctrl,104,140,108.66666666666667,-0.4312463402748108,-0.6636325873449727
UBFC_PHYS_s13_T2_ctrl,104,141,108.7,-0.41173896193504333,-0.8748642231751228
UBFC_PHYS_s13_T2_ctrl,104,142,108.73333333333333,-0.37891581654548645,-0.9359951272640359
UBFC_PHYS_s13_T2_ctrl,104,143,108.76666666666667,-0.3256099224090576,-0.8458818716518053
UBFC_PHYS_s13_T2_ctrl,104,144,108.8,-0.25183114409446716,-0.6252025768462223
UBFC_PHYS_s13_T2_ctrl,104,145,108.83333333333333,-0.16969256103038788,-0.3127266556012649
UBFC_PHYS_s13_T2_ctrl,104,146,108.86666666666666,-0.08840081095695496,0.04242071482267495
UBFC_PHYS_s13_T2_ctrl,104,147,108.9,-0.010348220355808735,0.39068976403382144
UBFC_PHYS_s13_T2_ctrl,104,148,108.93333333333334,0.05583518370985985,0.690919603489241
UBFC_PHYS_s13_T2_ctrl,104,149,108.96666666666667,0.09938079863786697,0.9150948053064472
UBFC_PHYS_s13_T2_ctrl,104,150,109.0,0.12835519015789032,1.048295115784693
UBFC_PHYS_s13_T2_ctrl,104,151,109.03333333333333,0.16157706081867218,1.0854357645354364
UBFC_PHYS_s13_T2_ctrl,104,152,109.06666666666666,0.1936192512512207,1.0273218545070812
UBFC_PHYS_s13_T2_ctrl,104,153,109.1,0.19962963461875916,0.8781516562006395
UBFC_PHYS_s13_T2_ctrl,104,154,109.13333333333334,0.17224350571632385,0.6456422956554185
UBFC_PHYS_s13_T2_ctrl,104,155,109.16666666666667,0.12627923488616943,0.34355323190631837
UBFC_PHYS_s13_T2_ctrl,104,156,109.2,0.07464728504419327,-0.005230249400206201
UBFC_PHYS_s13_T2_ctrl,104,157,109.23333333333333,0.01799679547548294,-0.36771516380441166
UBFC_PHYS_s13_T2_ctrl,104,158,109.26666666666667,-0.0471552237868309,-0.7038190501839499
UBFC_PHYS_s13_T2_ctrl,104,159,109.3,-0.11157571524381638,-0.973314526296197
UBFC_PHYS_s13_T2_ctrl,104,160,109.33333333333333,-0.1550125926733017,-1.1445260195352045
UBFC_PHYS_s13_T2_ctrl,104,161,109.36666666666666,-0.18465590476989746,-1.2014466440597396
UBFC_PHYS_s13_T2_ctrl,104,162,109.4,-0.24883584678173065,-1.1463712838940778
UBFC_PHYS_s13_T2_ctrl,104,163,109.43333333333334,-0.3636954426765442,-0.997073276532537
UBFC_PHYS_s13_T2_ctrl,104,164,109.46666666666667,-0.44437429308891296,-0.7801113437958342
UBFC_PHYS_s13_T2_ctrl,104,165,109.5,-0.3803030848503113,-0.5235572749681777
UBFC_PHYS_s13_T2_ctrl,104,166,109.53333333333333,-0.1626870334148407,-0.2522110950789731
UBFC_PHYS_s13_T2_ctrl,104,167,109.56666666666666,0.11282837390899658,0.013545454499254235
UBFC_PHYS_s13_T2_ctrl,104,168,109.6,0.3581238090991974,0.256471435528399
UBFC_PHYS_s13_T2_ctrl,104,169,109.63333333333334,0.514581561088562,0.46118868365618215
UBFC_PHYS_s13_T2_ctrl,104,170,109.66666666666667,0.5771567821502686,0.6145698154321172
UBFC_PHYS_s13_T2_ctrl,104,171,109.7,0.6174401640892029,0.7075807919251879
UBFC_PHYS_s13_T2_ctrl,104,172,109.73333333333333,0.6951764225959778,0.7369267284692166
UBFC_PHYS_s13_T2_ctrl,104,173,109.76666666666667,0.7496554255485535,0.7049256340767034
UBFC_PHYS_s13_T2_ctrl,104,174,109.8,0.6779789924621582,0.617557293621193
UBFC_PHYS_s13_T2_ctrl,104,175,109.83333333333333,0.5024883151054382,0.4821666335729302
UBFC_PHYS_s13_T2_ctrl,104,176,109.86666666666666,0.3304312527179718,0.3064980844943385
UBFC_PHYS_s13_T2_ctrl,104,177,109.9,0.20631222426891327,0.09975738113636444
UBFC_PHYS_s13_T2_ctrl,104,178,109.93333333333334,0.09741029143333435,-0.12487110202984948
UBFC_PHYS_s13_T2_ctrl,104,179,109.96666666666667,-0.011027025058865547,-0.34778950275293047
UBFC_PHYS_s13_T2_ctrl,104,180,110.0,-0.10217460989952087,-0.5425043335610972
UBFC_PHYS_s13_T2_ctrl,104,181,110.03333333333333,-0.18047434091567993,-0.6784494955752485
UBFC_PHYS_s13_T2_ctrl,104,182,110.06666666666666,-0.2534754276275635,-0.72716855429229
UBFC_PHYS_s13_T2_ctrl,104,183,110.1,-0.291541188955307,-0.6703006259044557
UBFC_PHYS_s13_T2_ctrl,104,184,110.13333333333334,-0.27414271235466003,-0.5066078329291603
UBFC_PHYS_s13_T2_ctrl,104,185,110.16666666666667,-0.23096616566181183,-0.25518665689254527
UBFC_PHYS_s13_T2_ctrl,104,186,110.2,-0.19869659841060638,0.04676863531404492
UBFC_PHYS_s13_T2_ctrl,104,187,110.23333333333333,-0.1738148033618927,0.3513750901725421
UBFC_PHYS_s13_T2_ctrl,104,188,110.26666666666667,-0.14155183732509613,0.6106640068392727
UBFC_PHYS_s13_T2_ctrl,104,189,110.3,-0.11115063726902008,0.7873722454173437
UBFC_PHYS_s13_T2_ctrl,104,190,110.33333333333333,-0.09367308020591736,0.8627718857231459
UBFC_PHYS_s13_T2_ctrl,104,191,110.36666666666666,-0.07843952625989914,0.8392719176703795
UBFC_PHYS_s13_T2_ctrl,104,192,110.4,-0.05125441029667854,0.7372676684293002
UBFC_PHYS_s13_T2_ctrl,104,193,110.43333333333334,-0.008947774767875671,0.5876171664862587
UBFC_PHYS_s13_T2_ctrl,104,194,110.46666666666667,0.04666144400835037,0.42240273770003467
UBFC_PHYS_s13_T2_ctrl,104,195,110.5,0.10378973186016083,0.26688137207381984
UBFC_PHYS_s13_T2_ctrl,104,196,110.53333333333333,0.13811548054218292,0.13476424558983052
UBFC_PHYS_s13_T2_ctrl,104,197,110.56666666666666,0.1406000256538391,0.0276022586406102
UBFC_PHYS_s13_T2_ctrl,104,198,110.6,0.12173191457986832,-0.06232344763197771
UBFC_PHYS_s13_T2_ctrl,104,199,110.63333333333334,0.088905468583107,-0.14706107848672254
UBFC_PHYS_s13_T2_ctrl,104,200,110.66666666666667,0.040489599108695984,-0.2375783317001649
UBFC_PHYS_s13_T2_ctrl,104,201,110.7,-0.01955161802470684,-0.339153896253909
UBFC_PHYS_s13_T2_ctrl,104,202,110.73333333333333,-0.07991576194763184,-0.4484890412570388
UBFC_PHYS_s13_T2_ctrl,104,203,110.76666666666667,-0.1356436014175415,-0.5531560678940456
UBFC_PHYS_s13_T2_ctrl,104,204,110.8,-0.18544015288352966,-0.6336647465403035
UBFC_PHYS_s13_T2_ctrl,104,205,110.83333333333333,-0.22304129600524902,-0.6680158147474055
UBFC_PHYS_s13_T2_ctrl,104,206,110.86666666666666,-0.24921150505542755,-0.6381071025951408
UBFC_PHYS_s13_T2_ctrl,104,207,110.9,-0.27623844146728516,-0.5367564308420366
UBFC_PHYS_s13_T2_ctrl,104,208,110.93333333333334,-0.3089989721775055,-0.3734447656899678
UBFC_PHYS_s13_T2_ctrl,104,209,110.96666666666667,-0.3400987684726715,-0.17626568390889988
UBFC_PHYS_s13_T2_ctrl,104,210,111.0,-0.3615206480026245,0.012391509645835134
UBFC_PHYS_s13_T2_ctrl,104,211,111.03333333333333,-0.3688523769378662,0.1469060866045325
UBFC_PHYS_s13_T2_ctrl,104,212,111.06666666666666,-0.3624795377254486,0.19289586654742072
UBFC_PHYS_s13_T2_ctrl,104,213,111.1,-0.34626731276512146,0.1391771010135785
UBFC_PHYS_s13_T2_ctrl,104,214,111.13333333333334,-0.3241468667984009,0.0024448402740992296
UBFC_PHYS_s13_T2_ctrl,104,215,111.16666666666667,-0.3005271255970001,-0.17675896534427746
UBFC_PHYS_s13_T2_ctrl,104,216,111.2,-0.2834845185279846,-0.34533960783816653
UBFC_PHYS_s13_T2_ctrl,104,217,111.23333333333333,-0.2687782049179077,-0.45285662710800967
UBFC_PHYS_s13_T2_ctrl,104,218,111.26666666666667,-0.23734231293201447,-0.4660606623968124
UBFC_PHYS_s13_T2_ctrl,104,219,111.3,-0.1924094259738922,-0.3780523590298809
UBFC_PHYS_s13_T2_ctrl,104,220,111.33333333333333,-0.16203129291534424,-0.20889211599400678
UBFC_PHYS_s13_T2_ctrl,104,221,111.36666666666666,-0.15420198440551758,0.0024979081770971183
UBFC_PHYS_s13_T2_ctrl,104,222,111.4,-0.15013904869556427,0.21185057441700345
UBFC_PHYS_s13_T2_ctrl,104,223,111.43333333333334,-0.1375877559185028,0.3830473229869889
UBFC_PHYS_s13_T2_ctrl,104,224,111.46666666666667,-0.12214331328868866,0.49655073167373653
UBFC_PHYS_s13_T2_ctrl,104,225,111.5,-0.11492689698934555,0.5504393568561299
UBFC_PHYS_s13_T2_ctrl,104,226,111.53333333333333,-0.11933253705501556,0.5552358641449994
UBFC_PHYS_s13_T2_ctrl,104,227,111.56666666666666,-0.1263347566127777,0.5260871540610423
UBFC_PHYS_s13_T2_ctrl,104,228,111.6,-0.1252572387456894,0.47594303811112304
UBFC_PHYS_s13_T2_ctrl,104,229,111.63333333333334,-0.113262839615345,0.411982608685395
UBFC_PHYS_s13_T2_ctrl,104,230,111.66666666666667,-0.09370603412389755,0.3359486229904327
UBFC_PHYS_s13_T2_ctrl,104,231,111.7,-0.0660826563835144,0.2475532433969235
UBFC_PHYS_s13_T2_ctrl,104,232,111.73333333333333,-0.0214792899787426,0.14879429945632003
UBFC_PHYS_s13_T2_ctrl,104,233,111.76666666666667,0.04204162210226059,0.04665834882629712
UBFC_PHYS_s13_T2_ctrl,104,234,111.8,0.10653790086507797,-0.04722826274770829
UBFC_PHYS_s13_T2_ctrl,104,235,111.83333333333333,0.15540850162506104,-0.11967983741553445
UBFC_PHYS_s13_T2_ctrl,104,236,111.86666666666666,0.18412257730960846,-0.16016723244751147
UBFC_PHYS_s13_T2_ctrl,104,237,111.9,0.18594810366630554,-0.16432109326386415
UBFC_PHYS_s13_T2_ctrl,104,238,111.93333333333334,0.1616363674402237,-0.1355121964303138
UBFC_PHYS_s13_T2_ctrl,104,239,111.96666666666667,0.13427990674972534,-0.0842097495030964
UBFC_PHYS_s13_T2_ctrl,105,0,105.0,-1.2499302625656128,-0.012587670907239282
UBFC_PHYS_s13_T2_ctrl,105,1,105.03333333333333,-1.2066285610198975,-0.2641240981312632
UBFC_PHYS_s13_T2_ctrl,105,2,105.06666666666666,-1.1733144521713257,-0.470414377512776
UBFC_PHYS_s13_T2_ctrl,105,3,105.1,-1.2594401836395264,-0.5951263475202764
UBFC_PHYS_s13_T2_ctrl,105,4,105.13333333333334,-1.3674951791763306,-0.6186704911473561
UBFC_PHYS_s13_T2_ctrl,105,5,105.16666666666667,-1.409630537033081,-0.5427230768921844
UBFC_PHYS_s13_T2_ctrl,105,6,105.2,-1.3527988195419312,-0.389974036252674
UBFC_PHYS_s13_T2_ctrl,105,7,105.23333333333333,-1.15366530418396,-0.1989090924791452
UBFC_PHYS_s13_T2_ctrl,105,8,105.26666666666667,-0.801616370677948,-0.014913317835272853
UBFC_PHYS_s13_T2_ctrl,105,9,105.3,-0.36213353276252747,0.12002385857847371
UBFC_PHYS_s13_T2_ctrl,105,10,105.33333333333333,0.0947280302643776,0.17636260498338516
UBFC_PHYS_s13_T2_ctrl,105,11,105.36666666666666,0.5432857871055603,0.14271049008890913
UBFC_PHYS_s13_T2_ctrl,105,12,105.4,0.9685533046722412,0.02734452670982794
UBFC_PHYS_s13_T2_ctrl,105,13,105.43333333333334,1.360249638557434,-0.144051220855576
UBFC_PHYS_s13_T2_ctrl,105,14,105.46666666666667,1.7478797435760498,-0.3335999430013239
UBFC_PHYS_s13_T2_ctrl,105,15,105.5,2.1085193157196045,-0.49858301684283546
UBFC_PHYS_s13_T2_ctrl,105,16,105.53333333333333,2.2511472702026367,-0.5999658008399184
UBFC_PHYS_s13_T2_ctrl,105,17,105.56666666666666,2.0383553504943848,-0.6106923326356424
UBFC_PHYS_s13_T2_ctrl,105,18,105.6,1.596648097038269,-0.5218541203420425
UBFC_PHYS_s13_T2_ctrl,105,19,105.63333333333334,1.1752161979675293,-0.3446629094984849
UBFC_PHYS_s13_T2_ctrl,105,20,105.66666666666667,0.9127858877182007,-0.10680710767505067
UBFC_PHYS_s13_T2_ctrl,105,21,105.7,0.8153972625732422,0.15616461090519412
UBFC_PHYS_s13_T2_ctrl,105,22,105.73333333333333,0.8095648288726807,0.4108896659303877
UBFC_PHYS_s13_T2_ctrl,105,23,105.76666666666667,0.7777664661407471,0.6329147690407652
UBFC_PHYS_s13_T2_ctrl,105,24,105.8,0.6381008625030518,0.8074878697119324
UBFC_PHYS_s13_T2_ctrl,105,25,105.83333333333333,0.4051985442638397,0.9255786129057144
UBFC_PHYS_s13_T2_ctrl,105,26,105.86666666666666,0.13583192229270935,0.9788425833473019
UBFC_PHYS_s13_T2_ctrl,105,27,105.9,-0.15046526491641998,0.9573502161369105
UBFC_PHYS_s13_T2_ctrl,105,28,105.93333333333334,-0.4736979603767395,0.8518709720894954
UBFC_PHYS_s13_T2_ctrl,105,29,105.96666666666667,-0.8319714665412903,0.6596027044840661
UBFC_PHYS_s13_T2_ctrl,105,30,106.0,-1.1787053346633911,0.3900762071170998
UBFC_PHYS_s13_T2_ctrl,105,31,106.03333333333333,-1.4647982120513916,0.06781075943835307
UBFC_PHYS_s13_T2_ctrl,105,32,106.06666666666666,-1.6808687448501587,-0.26982686134799494
UBFC_PHYS_s13_T2_ctrl,105,33,106.1,-1.829566478729248,-0.5788731767957586
UBFC_PHYS_s13_T2_ctrl,105,34,106.13333333333334,-1.8983101844787598,-0.8173504897324226
UBFC_PHYS_s13_T2_ctrl,105,35,106.16666666666667,-1.8654508590698242,-0.9540461072936398
UBFC_PHYS_s13_T2_ctrl,105,36,106.2,-1.7215179204940796,-0.9750128296733809
UBFC_PHYS_s13_T2_ctrl,105,37,106.23333333333333,-1.4872316122055054,-0.8856405837961269
UBFC_PHYS_s13_T2_ctrl,105,38,106.26666666666667,-1.221819281578064,-0.7077659230699407
UBFC_PHYS_s13_T2_ctrl,105,39,106.3,-0.989892303943634,-0.47333536747595784
UBFC_PHYS_s13_T2_ctrl,105,40,106.33333333333333,-0.8042097091674805,-0.21728725756854028
UBFC_PHYS_s13_T2_ctrl,105,41,106.36666666666666,-0.6401170492172241,0.028027399163213375
UBFC_PHYS_s13_T2_ctrl,105,42,106.4,-0.48503005504608154,0.23604924940931668
UBFC_PHYS_s13_T2_ctrl,105,43,106.43333333333334,-0.33779215812683105,0.38746199730690106
UBFC_PHYS_s13_T2_ctrl,105,44,106.46666666666667,-0.17998665571212769,0.47096929062238996
UBFC_PHYS_s13_T2_ctrl,105,45,106.5,0.006516438443213701,0.4840520555548363
UBFC_PHYS_s13_T2_ctrl,105,46,106.53333333333333,0.20024912059307098,0.43365287176070827
UBFC_PHYS_s13_T2_ctrl,105,47,106.56666666666666,0.3685760796070099,0.3360303948355711
UBFC_PHYS_s13_T2_ctrl,105,48,106.6,0.5357068777084351,0.21463158047297715
UBFC_PHYS_s13_T2_ctrl,105,49,106.63333333333334,0.7573661208152771,0.09537061434826644
UBFC_PHYS_s13_T2_ctrl,105,50,106.66666666666667,1.0356626510620117,0.00024766401497800915
UBFC_PHYS_s13_T2_ctrl,105,51,106.7,1.3279109001159668,-0.058396164050164255
UBFC_PHYS_s13_T2_ctrl,105,52,106.73333333333333,1.6337978839874268,-0.08066327840177881
UBFC_PHYS_s13_T2_ctrl,105,53,106.76666666666667,2.006800651550293,-0.07774218865621946
UBFC_PHYS_s13_T2_ctrl,105,54,106.8,2.505491018295288,-0.06676293313341632
UBFC_PHYS_s13_T2_ctrl,105,55,106.83333333333333,3.108980894088745,-0.06365456448008652
UBFC_PHYS_s13_T2_ctrl,105,56,106.86666666666666,3.5758862495422363,-0.07671736411099883
UBFC_PHYS_s13_T2_ctrl,105,57,106.9,3.585353136062622,-0.10347841538975808
UBFC_PHYS_s13_T2_ctrl,105,58,106.93333333333334,3.1393327713012695,-0.13204098756289748
UBFC_PHYS_s13_T2_ctrl,105,59,106.96666666666667,2.5346269607543945,-0.1462917011720155
UBFC_PHYS_s13_T2_ctrl,105,60,107.0,1.9528720378875732,-0.13289212509071338
UBFC_PHYS_s13_T2_ctrl,105,61,107.03333333333333,1.4114400148391724,-0.08728682021566776
UBFC_PHYS_s13_T2_ctrl,105,62,107.06666666666666,0.9493391513824463,-0.016146745868028556
UBFC_PHYS_s13_T2_ctrl,105,63,107.1,0.5639398694038391,0.06493441154449796
UBFC_PHYS_s13_T2_ctrl,105,64,107.13333333333334,0.19486811757087708,0.13733458005833654
UBFC_PHYS_s13_T2_ctrl,105,65,107.16666666666667,-0.11227428913116455,0.18593744896148517
UBFC_PHYS_s13_T2_ctrl,105,66,107.2,-0.2384461909532547,0.20338929652707916
UBFC_PHYS_s13_T2_ctrl,105,67,107.23333333333333,-0.20886878669261932,0.19073746473522113
UBFC_PHYS_s13_T2_ctrl,105,68,107.26666666666667,-0.18649789690971375,0.15506473496095508
UBFC_PHYS_s13_T2_ctrl,105,69,107.3,-0.2326236367225647,0.10601245059572076
UBFC_PHYS_s13_T2_ctrl,105,70,107.33333333333333,-0.2834581434726715,0.05312181283731558
UBFC_PHYS_s13_T2_ctrl,105,71,107.36666666666666,-0.3297881782054901,0.004837870895096283
UBFC_PHYS_s13_T2_ctrl,105,72,107.4,-0.4091984033584595,-0.03143212658889772
UBFC_PHYS_s13_T2_ctrl,105,73,107.43333333333334,-0.4978120028972626,-0.0495125158553759
UBFC_PHYS_s13_T2_ctrl,105,74,107.46666666666667,-0.54369056224823,-0.04560824116399798
UBFC_PHYS_s13_T2_ctrl,105,75,107.5,-0.5421780943870544,-0.019955750649637
UBFC_PHYS_s13_T2_ctrl,105,76,107.53333333333333,-0.5098393559455872,0.02212169036836669
UBFC_PHYS_s13_T2_ctrl,105,77,107.56666666666666,-0.45470133423805237,0.07068775495928505
UBFC_PHYS_s13_T2_ctrl,105,78,107.6,-0.3967624306678772,0.11342926704435002
UBFC_PHYS_s13_T2_ctrl,105,79,107.63333333333334,-0.3594183325767517,0.13907681493102939
UBFC_PHYS_s13_T2_ctrl,105,80,107.66666666666667,-0.3403491973876953,0.14086725611002707
UBFC_PHYS_s13_T2_ctrl,105,81,107.7,-0.32496407628059387,0.11870814165393931
UBFC_PHYS_s13_T2_ctrl,105,82,107.73333333333333,-0.3147819936275482,0.0789488584786002
UBFC_PHYS_s13_T2_ctrl,105,83,107.76666666666667,-0.31722041964530945,0.03155447835088266
UBFC_PHYS_s13_T2_ctrl,105,84,107.8,-0.32672369480133057,-0.01418716488327669
UBFC_PHYS_s13_T2_ctrl,105,85,107.83333333333333,-0.33604899048805237,-0.05351912642024868
UBFC_PHYS_s13_T2_ctrl,105,86,107.86666666666666,-0.3498820960521698,-0.08818203564306912
UBFC_PHYS_s13_T2_ctrl,105,87,107.9,-0.37290874123573303,-0.12606940856200502
UBFC_PHYS_s13_T2_ctrl,105,88,107.93333333333334,-0.3923930525779724,-0.17880789832159413
UBFC_PHYS_s13_T2_ctrl,105,89,107.96666666666667,-0.37943974137306213,-0.25776795229407395
UBFC_PHYS_s13_T2_ctrl,105,90,108.0,-0.318518728017807,-0.36924010549776587
UBFC_PHYS_s13_T2_ctrl,105,91,108.03333333333333,-0.23169440031051636,-0.509758132167128
UBFC_PHYS_s13_T2_ctrl,105,92,108.06666666666666,-0.1511012315750122,-0.6627640989082805
UBFC_PHYS_s13_T2_ctrl,105,93,108.1,-0.0779353678226471,-0.7980899118127732
UBFC_PHYS_s13_T2_ctrl,105,94,108.13333333333334,0.003333308035507798,-0.875866334575881
UBFC_PHYS_s13_T2_ctrl,105,95,108.16666666666667,0.09990143775939941,-0.8556567298332334
UBFC_PHYS_s13_T2_ctrl,105,96,108.2,0.20047979056835175,-0.709410061526431
UBFC_PHYS_s13_T2_ctrl,105,97,108.23333333333333,0.2746902108192444,-0.4340404996190944
UBFC_PHYS_s13_T2_ctrl,105,98,108.26666666666667,0.2980298697948456,-0.05782902583757978
UBFC_PHYS_s13_T2_ctrl,105,99,108.3,0.2785356640815735,0.3636222193636146
UBFC_PHYS_s13_T2_ctrl,105,100,108.33333333333333,0.23455838859081268,0.7613427064299402
UBFC_PHYS_s13_T2_ctrl,105,101,108.36666666666666,0.17126154899597168,1.0713795779324224
UBFC_PHYS_s13_T2_ctrl,105,102,108.4,0.08987095206975937,1.2504649357433215
UBFC_PHYS_s13_T2_ctrl,105,103,108.43333333333334,-0.00891811866313219,1.2838398439955643
UBFC_PHYS_s13_T2_ctrl,105,104,108.46666666666667,-0.12242340296506882,1.1841159952550682
UBFC_PHYS_s13_T2_ctrl,105,105,108.5,-0.2331574559211731,0.9836219304313378
UBFC_PHYS_s13_T2_ctrl,105,106,108.53333333333333,-0.31959623098373413,0.7241285257253152
UBFC_PHYS_s13_T2_ctrl,105,107,108.56666666666666,-0.38069191575050354,0.44731316527641596
UBFC_PHYS_s13_T2_ctrl,105,108,108.6,-0.42029979825019836,0.18790807362096784
UBFC_PHYS_s13_T2_ctrl,105,109,108.63333333333334,-0.4365251958370209,-0.029875978514965155
UBFC_PHYS_s13_T2_ctrl,105,110,108.66666666666667,-0.4312463402748108,-0.19291978019714598
UBFC_PHYS_s13_T2_ctrl,105,111,108.7,-0.41173896193504333,-0.2975313164669484
UBFC_PHYS_s13_T2_ctrl,105,112,108.73333333333333,-0.37891581654548645,-0.3466801935482361
UBFC_PHYS_s13_T2_ctrl,105,113,108.76666666666667,-0.3256099224090576,-0.3472866213907
UBFC_PHYS_s13_T2_ctrl,105,114,108.8,-0.25183114409446716,-0.3082571329581789
UBFC_PHYS_s13_T2_ctrl,105,115,108.83333333333333,-0.16969256103038788,-0.23939188650856655
UBFC_PHYS_s13_T2_ctrl,105,116,108.86666666666666,-0.08840081095695496,-0.1510180112140389
UBFC_PHYS_s13_T2_ctrl,105,117,108.9,-0.010348220355808735,-0.054142535710400244
UBFC_PHYS_s13_T2_ctrl,105,118,108.93333333333334,0.05583518370985985,0.03917579926288458
UBFC_PHYS_s13_T2_ctrl,105,119,108.96666666666667,0.09938079863786697,0.11566859727158646
UBFC_PHYS_s13_T2_ctrl,105,120,109.0,0.12835519015789032,0.16137687129121034
UBFC_PHYS_s13_T2_ctrl,105,121,109.03333333333333,0.16157706081867218,0.16312323506759796
UBFC_PHYS_s13_T2_ctrl,105,122,109.06666666666666,0.1936192512512207,0.1108397924675852
UBFC_PHYS_s13_T2_ctrl,105,123,109.1,0.19962963461875916,0.0003409594899142637
UBFC_PHYS_s13_T2_ctrl,105,124,109.13333333333334,0.17224350571632385,-0.163983753089797
UBFC_PHYS_s13_T2_ctrl,105,125,109.16666666666667,0.12627923488616943,-0.3672397024978852
UBFC_PHYS_s13_T2_ctrl,105,126,109.2,0.07464728504419327,-0.5838526613813764
UBFC_PHYS_s13_T2_ctrl,105,127,109.23333333333333,0.01799679547548294,-0.7801344746642657
UBFC_PHYS_s13_T2_ctrl,105,128,109.26666666666667,-0.0471552237868309,-0.9198547902145261
UBFC_PHYS_s13_T2_ctrl,105,129,109.3,-0.11157571524381638,-0.9719972840372613
UBFC_PHYS_s13_T2_ctrl,105,130,109.33333333333333,-0.1550125926733017,-0.9189488293625796
UBFC_PHYS_s13_T2_ctrl,105,131,109.36666666666666,-0.18465590476989746,-0.7627014809158739
UBFC_PHYS_s13_T2_ctrl,105,132,109.4,-0.24883584678173065,-0.526447129189222
UBFC_PHYS_s13_T2_ctrl,105,133,109.43333333333334,-0.3636954426765442,-0.2499584356973182
UBFC_PHYS_s13_T2_ctrl,105,134,109.46666666666667,-0.44437429308891296,0.020454068311788844
UBFC_PHYS_s13_T2_ctrl,105,135,109.5,-0.3803030848503113,0.24419429091529674
UBFC_PHYS_s13_T2_ctrl,105,136,109.53333333333333,-0.1626870334148407,0.39669939567896617
UBFC_PHYS_s13_T2_ctrl,105,137,109.56666666666666,0.11282837390899658,0.47449930825015413
UBFC_PHYS_s13_T2_ctrl,105,138,109.6,0.3581238090991974,0.4936296345952826
UBFC_PHYS_s13_T2_ctrl,105,139,109.63333333333334,0.514581561088562,0.4822367097539057
UBFC_PHYS_s13_T2_ctrl,105,140,109.66666666666667,0.5771567821502686,0.4699725655470349
UBFC_PHYS_s13_T2_ctrl,105,141,109.7,0.6174401640892029,0.477605436362833
UBFC_PHYS_s13_T2_ctrl,105,142,109.73333333333333,0.6951764225959778,0.5100356300355733
UBFC_PHYS_s13_T2_ctrl,105,143,109.76666666666667,0.7496554255485535,0.5547814591285363
UBFC_PHYS_s13_T2_ctrl,105,144,109.8,0.6779789924621582,0.5863382037509203
UBFC_PHYS_s13_T2_ctrl,105,145,109.83333333333333,0.5024883151054382,0.5750309584047553
UBFC_PHYS_s13_T2_ctrl,105,146,109.86666666666666,0.3304312527179718,0.4975611826863927
UBFC_PHYS_s13_T2_ctrl,105,147,109.9,0.20631222426891327,0.3459153268026857
UBFC_PHYS_s13_T2_ctrl,105,148,109.93333333333334,0.09741029143333435,0.13189745381070522
UBFC_PHYS_s13_T2_ctrl,105,149,109.96666666666667,-0.011027025058865547,-0.11408185563418696
UBFC_PHYS_s13_T2_ctrl,105,150,110.0,-0.10217460989952087,-0.3497230502219618
UBFC_PHYS_s13_T2_ctrl,105,151,110.03333333333333,-0.18047434091567993,-0.5313224268258258
UBFC_PHYS_s13_T2_ctrl,105,152,110.06666666666666,-0.2534754276275635,-0.6251454786193277
UBFC_PHYS_s13_T2_ctrl,105,153,110.1,-0.291541188955307,-0.6163693951978935
UBFC_PHYS_s13_T2_ctrl,105,154,110.13333333333334,-0.27414271235466003,-0.512804435077292
UBFC_PHYS_s13_T2_ctrl,105,155,110.16666666666667,-0.23096616566181183,-0.34211256162664483
UBFC_PHYS_s13_T2_ctrl,105,156,110.2,-0.19869659841060638,-0.14335836368533184
UBFC_PHYS_s13_T2_ctrl,105,157,110.23333333333333,-0.1738148033618927,0.04433460294731831
UBFC_PHYS_s13_T2_ctrl,105,158,110.26666666666667,-0.14155183732509613,0.19229138565731296
UBFC_PHYS_s13_T2_ctrl,105,159,110.3,-0.11115063726902008,0.28863704227390846
UBFC_PHYS_s13_T2_ctrl,105,160,110.33333333333333,-0.09367308020591736,0.3387764517332909
UBFC_PHYS_s13_T2_ctrl,105,161,110.36666666666666,-0.07843952625989914,0.360341036022714
UBFC_PHYS_s13_T2_ctrl,105,162,110.4,-0.05125441029667854,0.37464504451037967
UBFC_PHYS_s13_T2_ctrl,105,163,110.43333333333334,-0.008947774767875671,0.3976847306800487
UBFC_PHYS_s13_T2_ctrl,105,164,110.46666666666667,0.04666144400835037,0.43383259544132696
UBFC_PHYS_s13_T2_ctrl,105,165,110.5,0.10378973186016083,0.4744170609734148
UBFC_PHYS_s13_T2_ctrl,105,166,110.53333333333333,0.13811548054218292,0.5014741981489861
UBFC_PHYS_s13_T2_ctrl,105,167,110.56666666666666,0.1406000256538391,0.49493938587756814
UBFC_PHYS_s13_T2_ctrl,105,168,110.6,0.12173191457986832,0.4403747143448568
UBFC_PHYS_s13_T2_ctrl,105,169,110.63333333333334,0.088905468583107,0.33448763698279954
UBFC_PHYS_s13_T2_ctrl,105,170,110.66666666666667,0.040489599108695984,0.186957989881183
UBFC_PHYS_s13_T2_ctrl,105,171,110.7,-0.01955161802470684,0.018498779535728992
UBFC_PHYS_s13_T2_ctrl,105,172,110.73333333333333,-0.07991576194763184,-0.1441283629089528
UBFC_PHYS_s13_T2_ctrl,105,173,110.76666666666667,-0.1356436014175415,-0.2750083825071371
UBFC_PHYS_s13_T2_ctrl,105,174,110.8,-0.18544015288352966,-0.3562757457008871
UBFC_PHYS_s13_T2_ctrl,105,175,110.83333333333333,-0.22304129600524902,-0.38370941795874314
UBFC_PHYS_s13_T2_ctrl,105,176,110.86666666666666,-0.24921150505542755,-0.36903806416833274
UBFC_PHYS_s13_T2_ctrl,105,177,110.9,-0.27623844146728516,-0.33804140467551197
UBFC_PHYS_s13_T2_ctrl,105,178,110.93333333333334,-0.3089989721775055,-0.32455214823581136
UBFC_PHYS_s13_T2_ctrl,105,179,110.96666666666667,-0.3400987684726715,-0.36139254627401474
UBFC_PHYS_s13_T2_ctrl,105,180,111.0,-0.3615206480026245,-0.46997787605989466
UBFC_PHYS_s13_T2_ctrl,105,181,111.03333333333333,-0.3688523769378662,-0.6510003605270174
UBFC_PHYS_s13_T2_ctrl,105,182,111.06666666666666,-0.3624795377254486,-0.8792124948684927
UBFC_PHYS_s13_T2_ctrl,105,183,111.1,-0.34626731276512146,-1.1050536594010973
UBFC_PHYS_s13_T2_ctrl,105,184,111.13333333333334,-0.3241468667984009,-1.2641592165870925
UBFC_PHYS_s13_T2_ctrl,105,185,111.16666666666667,-0.3005271255970001,-1.2933357633332787
UBFC_PHYS_s13_T2_ctrl,105,186,111.2,-0.2834845185279846,-1.1493779876536436
UBFC_PHYS_s13_T2_ctrl,105,187,111.23333333333333,-0.2687782049179077,-0.8254620755076021
UBFC_PHYS_s13_T2_ctrl,105,188,111.26666666666667,-0.23734231293201447,-0.3591445254431422
UBFC_PHYS_s13_T2_ctrl,105,189,111.3,-0.1924094259738922,0.17274232682163296
UBFC_PHYS_s13_T2_ctrl,105,190,111.33333333333333,-0.16203129291534424,0.67305638851635
UBFC_PHYS_s13_T2_ctrl,105,191,111.36666666666666,-0.15420198440551758,1.051936315209631
UBFC_PHYS_s13_T2_ctrl,105,192,111.4,-0.15013904869556427,1.252456095686425
UBFC_PHYS_s13_T2_ctrl,105,193,111.43333333333334,-0.1375877559185028,1.2637493629824406
UBFC_PHYS_s13_T2_ctrl,105,194,111.46666666666667,-0.12214331328868866,1.1177820785538841
UBFC_PHYS_s13_T2_ctrl,105,195,111.5,-0.11492689698934555,0.8739985397846971
UBFC_PHYS_s13_T2_ctrl,105,196,111.53333333333333,-0.11933253705501556,0.5994395820273352
UBFC_PHYS_s13_T2_ctrl,105,197,111.56666666666666,-0.1263347566127777,0.3509825378291459
UBFC_PHYS_s13_T2_ctrl,105,198,111.6,-0.1252572387456894,0.16408461324520057
UBFC_PHYS_s13_T2_ctrl,105,199,111.63333333333334,-0.113262839615345,0.04991901338330414
UBFC_PHYS_s13_T2_ctrl,105,200,111.66666666666667,-0.09370603412389755,0.00013684278279823409
UBFC_PHYS_s13_T2_ctrl,105,201,111.7,-0.0660826563835144,-0.003834537188291711
UBFC_PHYS_s13_T2_ctrl,105,202,111.73333333333333,-0.0214792899787426,0.018737220792860717
UBFC_PHYS_s13_T2_ctrl,105,203,111.76666666666667,0.04204162210226059,0.053931595591969486
UBFC_PHYS_s13_T2_ctrl,105,204,111.8,0.10653790086507797,0.09431313655179685
UBFC_PHYS_s13_T2_ctrl,105,205,111.83333333333333,0.15540850162506104,0.1363567584114355
UBFC_PHYS_s13_T2_ctrl,105,206,111.86666666666666,0.18412257730960846,0.17676361936592208
UBFC_PHYS_s13_T2_ctrl,105,207,111.9,0.18594810366630554,0.21008518204074722
UBFC_PHYS_s13_T2_ctrl,105,208,111.93333333333334,0.1616363674402237,0.2288054352908039
UBFC_PHYS_s13_T2_ctrl,105,209,111.96666666666667,0.13427990674972534,0.22560980928268118
UBFC_PHYS_s13_T2_ctrl,105,210,112.0,0.11886511743068695,0.19668926560013594
UBFC_PHYS_s13_T2_ctrl,105,211,112.03333333333333,0.09916002303361893,0.14455015582437322
UBFC_PHYS_s13_T2_ctrl,105,212,112.06666666666666,0.061209600418806076,0.07875887616129612
UBFC_PHYS_s13_T2_ctrl,105,213,112.1,0.016777584329247475,0.01367057464610481
UBFC_PHYS_s13_T2_ctrl,105,214,112.13333333333334,-0.015758883208036423,-0.03639172480764775
UBFC_PHYS_s13_T2_ctrl,105,215,112.16666666666667,-0.034557804465293884,-0.06253847564238144
UBFC_PHYS_s13_T2_ctrl,105,216,112.2,-0.05795677751302719,-0.06469230162630965
UBFC_PHYS_s13_T2_ctrl,105,217,112.23333333333333,-0.10858699679374695,-0.05104713012244582
UBFC_PHYS_s13_T2_ctrl,105,218,112.26666666666667,-0.17713303864002228,-0.033586569594362625
UBFC_PHYS_s13_T2_ctrl,105,219,112.3,-0.21276366710662842,-0.02190285114918693
UBFC_PHYS_s13_T2_ctrl,105,220,112.33333333333333,-0.19518066942691803,-0.018966493508994525
UBFC_PHYS_s13_T2_ctrl,105,221,112.36666666666666,-0.17220346629619598,-0.02171038430921269
UBFC_PHYS_s13_T2_ctrl,105,222,112.4,-0.1856180876493454,-0.026225429781287304
UBFC_PHYS_s13_T2_ctrl,105,223,112.43333333333334,-0.21105347573757172,-0.034125108244322924
UBFC_PHYS_s13_T2_ctrl,105,224,112.46666666666667,-0.20591631531715393,-0.05560211894283985
UBFC_PHYS_s13_T2_ctrl,105,225,112.5,-0.1701868325471878,-0.10647635063340632
UBFC_PHYS_s13_T2_ctrl,105,226,112.53333333333333,-0.14286331832408905,-0.20000888906043826
UBFC_PHYS_s13_T2_ctrl,105,227,112.56666666666666,-0.15567491948604584,-0.3372648575981628
UBFC_PHYS_s13_T2_ctrl,105,228,112.6,-0.19890420138835907,-0.5006664409445006
UBFC_PHYS_s13_T2_ctrl,105,229,112.63333333333334,-0.22778303921222687,-0.6542255050533573
UBFC_PHYS_s13_T2_ctrl,105,230,112.66666666666667,-0.20485197007656097,-0.7517261552716662
UBFC_PHYS_s13_T2_ctrl,105,231,112.7,-0.14158809185028076,-0.7513744011835164
UBFC_PHYS_s13_T2_ctrl,105,232,112.73333333333333,-0.09165314584970474,-0.6326057295811036
UBFC_PHYS_s13_T2_ctrl,105,233,112.76666666666667,-0.09531407058238983,-0.40866662921862873
UBFC_PHYS_s13_T2_ctrl,105,234,112.8,-0.12584048509597778,-0.1284515818522534
UBFC_PHYS_s13_T2_ctrl,105,235,112.83333333333333,-0.11995203047990799,0.1358569527052959
UBFC_PHYS_s13_T2_ctrl,105,236,112.86666666666666,-0.0540618896484375,0.3127530043725162
UBFC_PHYS_s13_T2_ctrl,105,237,112.9,0.03221873193979263,0.3581905512648383
UBFC_PHYS_s13_T2_ctrl,105,238,112.93333333333334,0.09717962890863419,0.2736718683334358
UBFC_PHYS_s13_T2_ctrl,105,239,112.96666666666667,0.1556655317544937,0.10701374828515878
UBFC_PHYS_s13_T2_ctrl,106,0,106.0,-1.1787053346633911,0.026147917702985274
UBFC_PHYS_s13_T2_ctrl,106,1,106.03333333333333,-1.4647982120513916,-0.2281385171048423
UBFC_PHYS_s13_T2_ctrl,106,2,106.06666666666666,-1.6808687448501587,-0.4480771781264792
UBFC_PHYS_s13_T2_ctrl,106,3,106.1,-1.829566478729248,-0.6042121338591738
UBFC_PHYS_s13_T2_ctrl,106,4,106.13333333333334,-1.8983101844787598,-0.6781794329466474
UBFC_PHYS_s13_T2_ctrl,106,5,106.16666666666667,-1.8654508590698242,-0.6658398760324437
UBFC_PHYS_s13_T2_ctrl,106,6,106.2,-1.7215179204940796,-0.5770887515402557
UBFC_PHYS_s13_T2_ctrl,106,7,106.23333333333333,-1.4872316122055054,-0.4321072803623573
UBFC_PHYS_s13_T2_ctrl,106,8,106.26666666666667,-1.221819281578064,-0.25545122117425495
UBFC_PHYS_s13_T2_ctrl,106,9,106.3,-0.989892303943634,-0.07041281075077416
UBFC_PHYS_s13_T2_ctrl,106,10,106.33333333333333,-0.8042097091674805,0.10429917197992167
UBFC_PHYS_s13_T2_ctrl,106,11,106.36666666666666,-0.6401170492172241,0.25501229711525586
UBFC_PHYS_s13_T2_ctrl,106,12,106.4,-0.48503005504608154,0.3717176095161887
UBFC_PHYS_s13_T2_ctrl,106,13,106.43333333333334,-0.33779215812683105,0.446629013660934
UBFC_PHYS_s13_T2_ctrl,106,14,106.46666666666667,-0.17998665571212769,0.47393150351903424
UBFC_PHYS_s13_T2_ctrl,106,15,106.5,0.006516438443213701,0.45087776520199296
UBFC_PHYS_s13_T2_ctrl,106,16,106.53333333333333,0.20024912059307098,0.3795411899168536
UBFC_PHYS_s13_T2_ctrl,106,17,106.56666666666666,0.3685760796070099,0.26818935687365536
UBFC_PHYS_s13_T2_ctrl,106,18,106.6,0.5357068777084351,0.13132207442743069
UBFC_PHYS_s13_T2_ctrl,106,19,106.63333333333334,0.7573661208152771,-0.012145407695622206
UBFC_PHYS_s13_T2_ctrl,106,20,106.66666666666667,1.0356626510620117,-0.14237056966889972
UBFC_PHYS_s13_T2_ctrl,106,21,106.7,1.3279109001159668,-0.24277093876292627
UBFC_PHYS_s13_T2_ctrl,106,22,106.73333333333333,1.6337978839874268,-0.3033925633833606
UBFC_PHYS_s13_T2_ctrl,106,23,106.76666666666667,2.006800651550293,-0.3221036697070946
UBFC_PHYS_s13_T2_ctrl,106,24,106.8,2.505491018295288,-0.30324666836668873
UBFC_PHYS_s13_T2_ctrl,106,25,106.83333333333333,3.108980894088745,-0.2545934608373132
UBFC_PHYS_s13_T2_ctrl,106,26,106.86666666666666,3.5758862495422363,-0.184130183311034
UBFC_PHYS_s13_T2_ctrl,106,27,106.9,3.585353136062622,-0.09807521966434063
UBFC_PHYS_s13_T2_ctrl,106,28,106.93333333333334,3.1393327713012695,-0.0007791645771776194
UBFC_PHYS_s13_T2_ctrl,106,29,106.96666666666667,2.5346269607543945,0.10380038631641451
UBFC_PHYS_s13_T2_ctrl,106,30,107.0,1.9528720378875732,0.2100764358013971
UBFC_PHYS_s13_T2_ctrl,106,31,107.03333333333333,1.4114400148391724,0.309569224268999
UBFC_PHYS_s13_T2_ctrl,106,32,107.06666666666666,0.9493391513824463,0.3914406940695219
UBFC_PHYS_s13_T2_ctrl,106,33,107.1,0.5639398694038391,0.4449067806112027
UBFC_PHYS_s13_T2_ctrl,106,34,107.13333333333334,0.19486811757087708,0.4622754907540056
UBFC_PHYS_s13_T2_ctrl,106,35,107.16666666666667,-0.11227428913116455,0.44076188741776645
UBFC_PHYS_s13_T2_ctrl,106,36,107.2,-0.2384461909532547,0.3820823197060914
UBFC_PHYS_s13_T2_ctrl,106,37,107.23333333333333,-0.20886878669261932,0.29038848932735034
UBFC_PHYS_s13_T2_ctrl,106,38,107.26666666666667,-0.18649789690971375,0.17014155582291254
UBFC_PHYS_s13_T2_ctrl,106,39,107.3,-0.2326236367225647,0.0254857423893437
UBFC_PHYS_s13_T2_ctrl,106,40,107.33333333333333,-0.2834581434726715,-0.13830156412403555
UBFC_PHYS_s13_T2_ctrl,106,41,107.36666666666666,-0.3297881782054901,-0.3120079792411415
UBFC_PHYS_s13_T2_ctrl,106,42,107.4,-0.4091984033584595,-0.47996801357799607
UBFC_PHYS_s13_T2_ctrl,106,43,107.43333333333334,-0.4978120028972626,-0.6195927213961722
UBFC_PHYS_s13_T2_ctrl,106,44,107.46666666666667,-0.54369056224823,-0.7040473474338977
UBFC_PHYS_s13_T2_ctrl,106,45,107.5,-0.5421780943870544,-0.708039324855753
UBFC_PHYS_s13_T2_ctrl,106,46,107.53333333333333,-0.5098393559455872,-0.6154801488902878
UBFC_PHYS_s13_T2_ctrl,106,47,107.56666666666666,-0.45470133423805237,-0.42680209669042457
UBFC_PHYS_s13_T2_ctrl,106,48,107.6,-0.3967624306678772,-0.16320299261015309
UBFC_PHYS_s13_T2_ctrl,106,49,107.63333333333334,-0.3594183325767517,0.13460306286323212
UBFC_PHYS_s13_T2_ctrl,106,50,107.66666666666667,-0.3403491973876953,0.4141498240605933
UBFC_PHYS_s13_T2_ctrl,106,51,107.7,-0.32496407628059387,0.6239918541954926
UBFC_PHYS_s13_T2_ctrl,106,52,107.73333333333333,-0.3147819936275482,0.7272105327423396
UBFC_PHYS_s13_T2_ctrl,106,53,107.76666666666667,-0.31722041964530945,0.7104522800505546
UBFC_PHYS_s13_T2_ctrl,106,54,107.8,-0.32672369480133057,0.5853670279299565
UBFC_PHYS_s13_T2_ctrl,106,55,107.83333333333333,-0.33604899048805237,0.3827314014891334
UBFC_PHYS_s13_T2_ctrl,106,56,107.86666666666666,-0.3498820960521698,0.14202200804787724
UBFC_PHYS_s13_T2_ctrl,106,57,107.9,-0.37290874123573303,-0.09982824067660381
UBFC_PHYS_s13_T2_ctrl,106,58,107.93333333333334,-0.3923930525779724,-0.31694391763767904
UBFC_PHYS_s13_T2_ctrl,106,59,107.96666666666667,-0.37943974137306213,-0.4978819045585138
UBFC_PHYS_s13_T2_ctrl,106,60,108.0,-0.318518728017807,-0.643269867083822
UBFC_PHYS_s13_T2_ctrl,106,61,108.03333333333333,-0.23169440031051636,-0.7589335506391126
UBFC_PHYS_s13_T2_ctrl,106,62,108.06666666666666,-0.1511012315750122,-0.8470730031280046
UBFC_PHYS_s13_T2_ctrl,106,63,108.1,-0.0779353678226471,-0.8990191142788398
UBFC_PHYS_s13_T2_ctrl,106,64,108.13333333333334,0.003333308035507798,-0.893502218886682
UBFC_PHYS_s13_T2_ctrl,106,65,108.16666666666667,0.09990143775939941,-0.8029266677687517
UBFC_PHYS_s13_T2_ctrl,106,66,108.2,0.20047979056835175,-0.6063745138394501
UBFC_PHYS_s13_T2_ctrl,106,67,108.23333333333333,0.2746902108192444,-0.30386598961962386
UBFC_PHYS_s13_T2_ctrl,106,68,108.26666666666667,0.2980298697948456,0.07547379346691796
UBFC_PHYS_s13_T2_ctrl,106,69,108.3,0.2785356640815735,0.4766520409925879
UBFC_PHYS_s13_T2_ctrl,106,70,108.33333333333333,0.23455838859081268,0.833324665197004
UBFC_PHYS_s13_T2_ctrl,106,71,108.36666666666666,0.17126154899597168,1.0875844908161256
UBFC_PHYS_s13_T2_ctrl,106,72,108.4,0.08987095206975937,1.2061760010644942
UBFC_PHYS_s13_T2_ctrl,106,73,108.43333333333334,-0.00891811866313219,1.1864159115752304
UBFC_PHYS_s13_T2_ctrl,106,74,108.46666666666667,-0.12242340296506882,1.0511158376193666
UBFC_PHYS_s13_T2_ctrl,106,75,108.5,-0.2331574559211731,0.8372721697445836
UBFC_PHYS_s13_T2_ctrl,106,76,108.53333333333333,-0.31959623098373413,0.5845260827917002
UBFC_PHYS_s13_T2_ctrl,106,77,108.56666666666666,-0.38069191575050354,0.327256315202916
UBFC_PHYS_s13_T2_ctrl,106,78,108.6,-0.42029979825019836,0.09138659601725026
UBFC_PHYS_s13_T2_ctrl,106,79,108.63333333333334,-0.4365251958370209,-0.10508359691916304
UBFC_PHYS_s13_T2_ctrl,106,80,108.66666666666667,-0.4312463402748108,-0.24990502714008744
UBFC_PHYS_s13_T2_ctrl,106,81,108.7,-0.41173896193504333,-0.33491992365239154
UBFC_PHYS_s13_T2_ctrl,106,82,108.73333333333333,-0.37891581654548645,-0.35627068763198283
UBFC_PHYS_s13_T2_ctrl,106,83,108.76666666666667,-0.3256099224090576,-0.31634733921634683
UBFC_PHYS_s13_T2_ctrl,106,84,108.8,-0.25183114409446716,-0.22578736749246506
UBFC_PHYS_s13_T2_ctrl,106,85,108.83333333333333,-0.16969256103038788,-0.1033672473795771
UBFC_PHYS_s13_T2_ctrl,106,86,108.86666666666666,-0.08840081095695496,0.02718404839209724
UBFC_PHYS_s13_T2_ctrl,106,87,108.9,-0.010348220355808735,0.1425099264364683
UBFC_PHYS_s13_T2_ctrl,106,88,108.93333333333334,0.05583518370985985,0.22491112884015854
UBFC_PHYS_s13_T2_ctrl,106,89,108.96666666666667,0.09938079863786697,0.2654303512914834
UBFC_PHYS_s13_T2_ctrl,106,90,109.0,0.12835519015789032,0.2636575510306016
UBFC_PHYS_s13_T2_ctrl,106,91,109.03333333333333,0.16157706081867218,0.22464648550979643
UBFC_PHYS_s13_T2_ctrl,106,92,109.06666666666666,0.1936192512512207,0.1544879859737608
UBFC_PHYS_s13_T2_ctrl,106,93,109.1,0.19962963461875916,0.05662044127268972
UBFC_PHYS_s13_T2_ctrl,106,94,109.13333333333334,0.17224350571632385,-0.06923719869986303
UBFC_PHYS_s13_T2_ctrl,106,95,109.16666666666667,0.12627923488616943,-0.2247191590527077
UBFC_PHYS_s13_T2_ctrl,106,96,109.2,0.07464728504419327,-0.40792820899595666
UBFC_PHYS_s13_T2_ctrl,106,97,109.23333333333333,0.01799679547548294,-0.6084025099761938
UBFC_PHYS_s13_T2_ctrl,106,98,109.26666666666667,-0.0471552237868309,-0.8046094979696363
UBFC_PHYS_s13_T2_ctrl,106,99,109.3,-0.11157571524381638,-0.9657094242673782
UBFC_PHYS_s13_T2_ctrl,106,100,109.33333333333333,-0.1550125926733017,-1.057666042355748
UBFC_PHYS_s13_T2_ctrl,106,101,109.36666666666666,-0.18465590476989746,-1.052117389567278
UBFC_PHYS_s13_T2_ctrl,106,102,109.4,-0.24883584678173065,-0.9353526961900183
UBFC_PHYS_s13_T2_ctrl,106,103,109.43333333333334,-0.3636954426765442,-0.7144426007204978
UBFC_PHYS_s13_T2_ctrl,106,104,109.46666666666667,-0.44437429308891296,-0.41806320790914336
UBFC_PHYS_s13_T2_ctrl,106,105,109.5,-0.3803030848503113,-0.09098309270448218
UBFC_PHYS_s13_T2_ctrl,106,106,109.53333333333333,-0.1626870334148407,0.2166354403986247
UBFC_PHYS_s13_T2_ctrl,106,107,109.56666666666666,0.11282837390899658,0.46191924774114407
UBFC_PHYS_s13_T2_ctrl,106,108,109.6,0.3581238090991974,0.6198212148607075
UBFC_PHYS_s13_T2_ctrl,106,109,109.63333333333334,0.514581561088562,0.6879929340497102
UBFC_PHYS_s13_T2_ctrl,106,110,109.66666666666667,0.5771567821502686,0.6844126361036517
UBFC_PHYS_s13_T2_ctrl,106,111,109.7,0.6174401640892029,0.6386958087575736
UBFC_PHYS_s13_T2_ctrl,106,112,109.73333333333333,0.6951764225959778,0.5801872948932771
UBFC_PHYS_s13_T2_ctrl,106,113,109.76666666666667,0.7496554255485535,0.5271118214814634
UBFC_PHYS_s13_T2_ctrl,106,114,109.8,0.6779789924621582,0.4808308576218041
UBFC_PHYS_s13_T2_ctrl,106,115,109.83333333333333,0.5024883151054382,0.42742704286376654
UBFC_PHYS_s13_T2_ctrl,106,116,109.86666666666666,0.3304312527179718,0.3458825454051023
UBFC_PHYS_s13_T2_ctrl,106,117,109.9,0.20631222426891327,0.21943450392006497
UBFC_PHYS_s13_T2_ctrl,106,118,109.93333333333334,0.09741029143333435,0.045592896807343665
UBFC_PHYS_s13_T2_ctrl,106,119,109.96666666666667,-0.011027025058865547,-0.15898111243878874
UBFC_PHYS_s13_T2_ctrl,106,120,110.0,-0.10217460989952087,-0.3605656392867462
UBFC_PHYS_s13_T2_ctrl,106,121,110.03333333333333,-0.18047434091567993,-0.5168443339266333
UBFC_PHYS_s13_T2_ctrl,106,122,110.06666666666666,-0.2534754276275635,-0.5890684062118219
UBFC_PHYS_s13_T2_ctrl,106,123,110.1,-0.291541188955307,-0.554025600348399
UBFC_PHYS_s13_T2_ctrl,106,124,110.13333333333334,-0.27414271235466003,-0.411893621746313
UBFC_PHYS_s13_T2_ctrl,106,125,110.16666666666667,-0.23096616566181183,-0.18727029788132607
UBFC_PHYS_s13_T2_ctrl,106,126,110.2,-0.19869659841060638,0.07711957032657996
UBFC_PHYS_s13_T2_ctrl,106,127,110.23333333333333,-0.1738148033618927,0.3320037915801179
UBFC_PHYS_s13_T2_ctrl,106,128,110.26666666666667,-0.14155183732509613,0.534464313490749
UBFC_PHYS_s13_T2_ctrl,106,129,110.3,-0.11115063726902008,0.6578487171581237
UBFC_PHYS_s13_T2_ctrl,106,130,110.33333333333333,-0.09367308020591736,0.6958888836274427
UBFC_PHYS_s13_T2_ctrl,106,131,110.36666666666666,-0.07843952625989914,0.6606311288023582
UBFC_PHYS_s13_T2_ctrl,106,132,110.4,-0.05125441029667854,0.575815272279197
UBFC_PHYS_s13_T2_ctrl,106,133,110.43333333333334,-0.008947774767875671,0.4683955698531213
UBFC_PHYS_s13_T2_ctrl,106,134,110.46666666666667,0.04666144400835037,0.3609389180903783
UBFC_PHYS_s13_T2_ctrl,106,135,110.5,0.10378973186016083,0.2669054243374612
UBFC_PHYS_s13_T2_ctrl,106,136,110.53333333333333,0.13811548054218292,0.18965746425816363
UBFC_PHYS_s13_T2_ctrl,106,137,110.56666666666666,0.1406000256538391,0.1247705165404564
UBFC_PHYS_s13_T2_ctrl,106,138,110.6,0.12173191457986832,0.06418624731002116
UBFC_PHYS_s13_T2_ctrl,106,139,110.63333333333334,0.088905468583107,0.00041301602159419214
UBFC_PHYS_s13_T2_ctrl,106,140,110.66666666666667,0.040489599108695984,-0.0705140177429053
UBFC_PHYS_s13_T2_ctrl,106,141,110.7,-0.01955161802470684,-0.1477484526791212
UBFC_PHYS_s13_T2_ctrl,106,142,110.73333333333333,-0.07991576194763184,-0.22586535623879525
UBFC_PHYS_s13_T2_ctrl,106,143,110.76666666666667,-0.1356436014175415,-0.2962805379794682
UBFC_PHYS_s13_T2_ctrl,106,144,110.8,-0.18544015288352966,-0.34958549228936864
UBFC_PHYS_s13_T2_ctrl,106,145,110.83333333333333,-0.22304129600524902,-0.3785076920117216
UBFC_PHYS_s13_T2_ctrl,106,146,110.86666666666666,-0.24921150505542755,-0.38094870173191164
UBFC_PHYS_s13_T2_ctrl,106,147,110.9,-0.27623844146728516,-0.3622502612511002
UBFC_PHYS_s13_T2_ctrl,106,148,110.93333333333334,-0.3089989721775055,-0.33575967503303594
UBFC_PHYS_s13_T2_ctrl,106,149,110.96666666666667,-0.3400987684726715,-0.32094096735047395
UBFC_PHYS_s13_T2_ctrl,106,150,111.0,-0.3615206480026245,-0.33872641809602977
UBFC_PHYS_s13_T2_ctrl,106,151,111.03333333333333,-0.3688523769378662,-0.4047343987536401
UBFC_PHYS_s13_T2_ctrl,106,152,111.06666666666666,-0.3624795377254486,-0.5222522312730238
UBFC_PHYS_s13_T2_ctrl,106,153,111.1,-0.34626731276512146,-0.6775971666829705
UBFC_PHYS_s13_T2_ctrl,106,154,111.13333333333334,-0.3241468667984009,-0.8399542539516729
UBFC_PHYS_s13_T2_ctrl,106,155,111.16666666666667,-0.3005271255970001,-0.9665398255884943
UBFC_PHYS_s13_T2_ctrl,106,156,111.2,-0.2834845185279846,-1.0126345144593323
UBFC_PHYS_s13_T2_ctrl,106,157,111.23333333333333,-0.2687782049179077,-0.9445495523419533
UBFC_PHYS_s13_T2_ctrl,106,158,111.26666666666667,-0.23734231293201447,-0.7518884567657019
UBFC_PHYS_s13_T2_ctrl,106,159,111.3,-0.1924094259738922,-0.45442228185156563
UBFC_PHYS_s13_T2_ctrl,106,160,111.33333333333333,-0.16203129291534424,-0.0996712415435185
UBFC_PHYS_s13_T2_ctrl,106,161,111.36666666666666,-0.15420198440551758,0.24955829632455345
UBFC_PHYS_s13_T2_ctrl,106,162,111.4,-0.15013904869556427,0.5338250530757188
UBFC_PHYS_s13_T2_ctrl,106,163,111.43333333333334,-0.1375877559185028,0.7147682488139837
UBFC_PHYS_s13_T2_ctrl,106,164,111.46666666666667,-0.12214331328868866,0.7851179610924721
UBFC_PHYS_s13_T2_ctrl,106,165,111.5,-0.11492689698934555,0.7677262602785108
UBFC_PHYS_s13_T2_ctrl,106,166,111.53333333333333,-0.11933253705501556,0.704851191685597
UBFC_PHYS_s13_T2_ctrl,106,167,111.56666666666666,-0.1263347566127777,0.6423021332672738
UBFC_PHYS_s13_T2_ctrl,106,168,111.6,-0.1252572387456894,0.6141323165073529
UBFC_PHYS_s13_T2_ctrl,106,169,111.63333333333334,-0.113262839615345,0.6327347136489679
UBFC_PHYS_s13_T2_ctrl,106,170,111.66666666666667,-0.09370603412389755,0.6872935160750895
UBFC_PHYS_s13_T2_ctrl,106,171,111.7,-0.0660826563835144,0.7507070246946507
UBFC_PHYS_s13_T2_ctrl,106,172,111.73333333333333,-0.0214792899787426,0.7917740394302127
UBFC_PHYS_s13_T2_ctrl,106,173,111.76666666666667,0.04204162210226059,0.7873171786114541
UBFC_PHYS_s13_T2_ctrl,106,174,111.8,0.10653790086507797,0.7294088647413896
UBFC_PHYS_s13_T2_ctrl,106,175,111.83333333333333,0.15540850162506104,0.6255673975010693
UBFC_PHYS_s13_T2_ctrl,106,176,111.86666666666666,0.18412257730960846,0.49313777750896426
UBFC_PHYS_s13_T2_ctrl,106,177,111.9,0.18594810366630554,0.35134903220448493
UBFC_PHYS_s13_T2_ctrl,106,178,111.93333333333334,0.1616363674402237,0.21477990048386744
UBFC_PHYS_s13_T2_ctrl,106,179,111.96666666666667,0.13427990674972534,0.09056858566047113
UBFC_PHYS_s13_T2_ctrl,106,180,112.0,0.11886511743068695,-0.020297676546788403
UBFC_PHYS_s13_T2_ctrl,106,181,112.03333333333333,0.09916002303361893,-0.11910189646190399
UBFC_PHYS_s13_T2_ctrl,106,182,112.06666666666666,0.061209600418806076,-0.20547015495816792
UBFC_PHYS_s13_T2_ctrl,106,183,112.1,0.016777584329247475,-0.27567455036926936
UBFC_PHYS_s13_T2_ctrl,106,184,112.13333333333334,-0.015758883208036423,-0.3239056854139331
UBFC_PHYS_s13_T2_ctrl,106,185,112.16666666666667,-0.034557804465293884,-0.3455116946988952
UBFC_PHYS_s13_T2_ctrl,106,186,112.2,-0.05795677751302719,-0.34033458895514934
UBFC_PHYS_s13_T2_ctrl,106,187,112.23333333333333,-0.10858699679374695,-0.3144079162982616
UBFC_PHYS_s13_T2_ctrl,106,188,112.26666666666667,-0.17713303864002228,-0.27906026959562413
UBFC_PHYS_s13_T2_ctrl,106,189,112.3,-0.21276366710662842,-0.24769273015054652
UBFC_PHYS_s13_T2_ctrl,106,190,112.33333333333333,-0.19518066942691803,-0.23178315230040689
UBFC_PHYS_s13_T2_ctrl,106,191,112.36666666666666,-0.17220346629619598,-0.2381757009115136
UBFC_PHYS_s13_T2_ctrl,106,192,112.4,-0.1856180876493454,-0.26892032649509606
UBFC_PHYS_s13_T2_ctrl,106,193,112.43333333333334,-0.21105347573757172,-0.32333168093111514
UBFC_PHYS_s13_T2_ctrl,106,194,112.46666666666667,-0.20591631531715393,-0.4005590122389771
UBFC_PHYS_s13_T2_ctrl,106,195,112.5,-0.1701868325471878,-0.5006531053398969
UBFC_PHYS_s13_T2_ctrl,106,196,112.53333333333333,-0.14286331832408905,-0.6230898296314183
UBFC_PHYS_s13_T2_ctrl,106,197,112.56666666666666,-0.15567491948604584,-0.7632606323422654
UBFC_PHYS_s13_T2_ctrl,106,198,112.6,-0.19890420138835907,-0.908638840438971
UBFC_PHYS_s13_T2_ctrl,106,199,112.63333333333334,-0.22778303921222687,-1.0367567435448994
UBFC_PHYS_s13_T2_ctrl,106,200,112.66666666666667,-0.20485197007656097,-1.1167553996028683
UBFC_PHYS_s13_T2_ctrl,106,201,112.7,-0.14158809185028076,-1.1152265727057438
UBFC_PHYS_s13_T2_ctrl,106,202,112.73333333333333,-0.09165314584970474,-1.0055510974956836
UBFC_PHYS_s13_T2_ctrl,106,203,112.76666666666667,-0.09531407058238983,-0.77816600541839
UBFC_PHYS_s13_T2_ctrl,106,204,112.8,-0.12584048509597778,-0.4477487399135955
UBFC_PHYS_s13_T2_ctrl,106,205,112.83333333333333,-0.11995203047990799,-0.05332050132406883
UBFC_PHYS_s13_T2_ctrl,106,206,112.86666666666666,-0.0540618896484375,0.350484460737066
UBFC_PHYS_s13_T2_ctrl,106,207,112.9,0.03221873193979263,0.7087260712324666
UBFC_PHYS_s13_T2_ctrl,106,208,112.93333333333334,0.09717962890863419,0.9818935686879438
UBFC_PHYS_s13_T2_ctrl,106,209,112.96666666666667,0.1556655317544937,1.1550727496012037
UBFC_PHYS_s13_T2_ctrl,106,210,113.0,0.24717888236045837,1.2370239873087236
UBFC_PHYS_s13_T2_ctrl,106,211,113.03333333333333,0.3700391352176666,1.2509215149077053
UBFC_PHYS_s13_T2_ctrl,106,212,113.06666666666666,0.47826555371284485,1.2220313112348837
UBFC_PHYS_s13_T2_ctrl,106,213,113.1,0.5352126359939575,1.167947794878273
UBFC_PHYS_s13_T2_ctrl,106,214,113.13333333333334,0.5332256555557251,1.0947101878226715
UBFC_PHYS_s13_T2_ctrl,106,215,113.16666666666667,0.4855841398239136,0.9988802689940479
UBFC_PHYS_s13_T2_ctrl,106,216,113.2,0.41398677229881287,0.8732499227672256
UBFC_PHYS_s13_T2_ctrl,106,217,113.23333333333333,0.3332057595252991,0.7130705671422691
UBFC_PHYS_s13_T2_ctrl,106,218,113.26666666666667,0.2431422919034958,0.5203912395828821
UBFC_PHYS_s13_T2_ctrl,106,219,113.3,0.14509133994579315,0.30543125750020095
UBFC_PHYS_s13_T2_ctrl,106,220,113.33333333333333,0.05839882418513298,0.08506669521158781
UBFC_PHYS_s13_T2_ctrl,106,221,113.36666666666666,0.0005258267046883702,-0.12077544920699347
UBFC_PHYS_s13_T2_ctrl,106,222,113.4,-0.038254979997873306,-0.2936530297281692
UBFC_PHYS_s13_T2_ctrl,106,223,113.43333333333334,-0.08092408627271652,-0.4208215887336189
UBFC_PHYS_s13_T2_ctrl,106,224,113.46666666666667,-0.13116218149662018,-0.4980230776494154
UBFC_PHYS_s13_T2_ctrl,106,225,113.5,-0.18249426782131195,-0.5300963702464049
UBFC_PHYS_s13_T2_ctrl,106,226,113.53333333333333,-0.24262116849422455,-0.5291608969487579
UBFC_PHYS_s13_T2_ctrl,106,227,113.56666666666666,-0.3050810396671295,-0.510751161385488
UBFC_PHYS_s13_T2_ctrl,106,228,113.6,-0.34535783529281616,-0.48894524408296347
UBFC_PHYS_s13_T2_ctrl,106,229,113.63333333333334,-0.3715642988681793,-0.4720732954610753
UBFC_PHYS_s13_T2_ctrl,106,230,113.66666666666667,-0.40626898407936096,-0.4607062417162741
UBFC_PHYS_s13_T2_ctrl,106,231,113.7,-0.429661363363266,-0.44888852815399755
UBFC_PHYS_s13_T2_ctrl,106,232,113.73333333333333,-0.4233972728252411,-0.4280455435318599
UBFC_PHYS_s13_T2_ctrl,106,233,113.76666666666667,-0.418233722448349,-0.39163126795600517
UBFC_PHYS_s13_T2_ctrl,106,234,113.8,-0.423473060131073,-0.3383360162381097
UBFC_PHYS_s13_T2_ctrl,106,235,113.83333333333333,-0.40366581082344055,-0.2725484721085109
UBFC_PHYS_s13_T2_ctrl,106,236,113.86666666666666,-0.36179742217063904,-0.20215394965115488
UBFC_PHYS_s13_T2_ctrl,106,237,113.9,-0.33760762214660645,-0.13497804611060665
UBFC_PHYS_s13_T2_ctrl,106,238,113.93333333333334,-0.3257845640182495,-0.07571887511602837
UBFC_PHYS_s13_T2_ctrl,106,239,113.96666666666667,-0.2804628610610962,-0.024810820451124035
UBFC_PHYS_s13_T2_ctrl,107,0,107.0,1.9528720378875732,-0.08133356772275491
UBFC_PHYS_s13_T2_ctrl,107,1,107.03333333333333,1.4114400148391724,0.017681546602941377
UBFC_PHYS_s13_T2_ctrl,107,2,107.06666666666666,0.9493391513824463,0.11263022899541149
UBFC_PHYS_s13_T2_ctrl,107,3,107.1,0.5639398694038391,0.19922699109209138
UBFC_PHYS_s13_T2_ctrl,107,4,107.13333333333334,0.19486811757087708,0.2734998423577408
UBFC_PHYS_s13_T2_ctrl,107,5,107.16666666666667,-0.11227428913116455,0.33160287956370527
UBFC_PHYS_s13_T2_ctrl,107,6,107.2,-0.2384461909532547,0.3692432156786714
UBFC_PHYS_s13_T2_ctrl,107,7,107.23333333333333,-0.20886878669261932,0.3812376765037907
UBFC_PHYS_s13_T2_ctrl,107,8,107.26666666666667,-0.18649789690971375,0.36192249563491424
UBFC_PHYS_s13_T2_ctrl,107,9,107.3,-0.2326236367225647,0.3068045723357988
UBFC_PHYS_s13_T2_ctrl,107,10,107.33333333333333,-0.2834581434726715,0.21525943006845286
UBFC_PHYS_s13_T2_ctrl,107,11,107.36666666666666,-0.3297881782054901,0.09341299141989365
UBFC_PHYS_s13_T2_ctrl,107,12,107.4,-0.4091984033584595,-0.04418623789471185
UBFC_PHYS_s13_T2_ctrl,107,13,107.43333333333334,-0.4978120028972626,-0.17544682263074157
UBFC_PHYS_s13_T2_ctrl,107,14,107.46666666666667,-0.54369056224823,-0.274642836218833
UBFC_PHYS_s13_T2_ctrl,107,15,107.5,-0.5421780943870544,-0.31851585423747103
UBFC_PHYS_s13_T2_ctrl,107,16,107.53333333333333,-0.5098393559455872,-0.2926514758783064
UBFC_PHYS_s13_T2_ctrl,107,17,107.56666666666666,-0.45470133423805237,-0.19593169677718222
UBFC_PHYS_s13_T2_ctrl,107,18,107.6,-0.3967624306678772,-0.0415616379424799
UBFC_PHYS_s13_T2_ctrl,107,19,107.63333333333334,-0.3594183325767517,0.14556993167855625
UBFC_PHYS_s13_T2_ctrl,107,20,107.66666666666667,-0.3403491973876953,0.33426286003038747
UBFC_PHYS_s13_T2_ctrl,107,21,107.7,-0.32496407628059387,0.493570014639557
UBFC_PHYS_s13_T2_ctrl,107,22,107.73333333333333,-0.3147819936275482,0.5990336536615362
UBFC_PHYS_s13_T2_ctrl,107,23,107.76666666666667,-0.31722041964530945,0.6372748621945934
UBFC_PHYS_s13_T2_ctrl,107,24,107.8,-0.32672369480133057,0.6077161289978996
UBFC_PHYS_s13_T2_ctrl,107,25,107.83333333333333,-0.33604899048805237,0.5206526226671477
UBFC_PHYS_s13_T2_ctrl,107,26,107.86666666666666,-0.3498820960521698,0.392060125932987
UBFC_PHYS_s13_T2_ctrl,107,27,107.9,-0.37290874123573303,0.23701788158297726
UBFC_PHYS_s13_T2_ctrl,107,28,107.93333333333334,-0.3923930525779724,0.06455816806594851
UBFC_PHYS_s13_T2_ctrl,107,29,107.96666666666667,-0.37943974137306213,-0.12362445418021528
UBFC_PHYS_s13_T2_ctrl,107,30,108.0,-0.318518728017807,-0.3299001958281293
UBFC_PHYS_s13_T2_ctrl,107,31,108.03333333333333,-0.23169440031051636,-0.5541947814872059
UBFC_PHYS_s13_T2_ctrl,107,32,108.06666666666666,-0.1511012315750122,-0.7868394696385409
UBFC_PHYS_s13_T2_ctrl,107,33,108.1,-0.0779353678226471,-1.003839149767467
UBFC_PHYS_s13_T2_ctrl,107,34,108.13333333333334,0.003333308035507798,-1.1674312692757416
UBFC_PHYS_s13_T2_ctrl,107,35,108.16666666666667,0.09990143775939941,-1.233490216045763
UBFC_PHYS_s13_T2_ctrl,107,36,108.2,0.20047979056835175,-1.1646781902451988
UBFC_PHYS_s13_T2_ctrl,107,37,108.23333333333333,0.2746902108192444,-0.9452297046525914
UBFC_PHYS_s13_T2_ctrl,107,38,108.26666666666667,0.2980298697948456,-0.591409633589687
UBFC_PHYS_s13_T2_ctrl,107,39,108.3,0.2785356640815735,-0.15219409521982277
UBFC_PHYS_s13_T2_ctrl,107,40,108.33333333333333,0.23455838859081268,0.30198160111290784
UBFC_PHYS_s13_T2_ctrl,107,41,108.36666666666666,0.17126154899597168,0.6991071368702262
UBFC_PHYS_s13_T2_ctrl,107,42,108.4,0.08987095206975937,0.9856594436571787
UBFC_PHYS_s13_T2_ctrl,107,43,108.43333333333334,-0.00891811866313219,1.1378888521064547
UBFC_PHYS_s13_T2_ctrl,107,44,108.46666666666667,-0.12242340296506882,1.1610448610130877
UBFC_PHYS_s13_T2_ctrl,107,45,108.5,-0.2331574559211731,1.0800450149607033
UBFC_PHYS_s13_T2_ctrl,107,46,108.53333333333333,-0.31959623098373413,0.9275718442427424
UBFC_PHYS_s13_T2_ctrl,107,47,108.56666666666666,-0.38069191575050354,0.7342240652236413
UBFC_PHYS_s13_T2_ctrl,107,48,108.6,-0.42029979825019836,0.5230853765983355
UBFC_PHYS_s13_T2_ctrl,107,49,108.63333333333334,-0.4365251958370209,0.30900669155805255
UBFC_PHYS_s13_T2_ctrl,107,50,108.66666666666667,-0.4312463402748108,0.10115665364793436
UBFC_PHYS_s13_T2_ctrl,107,51,108.7,-0.41173896193504333,-0.09348238129803667
UBFC_PHYS_s13_T2_ctrl,107,52,108.73333333333333,-0.37891581654548645,-0.26765403726707976
UBFC_PHYS_s13_T2_ctrl,107,53,108.76666666666667,-0.3256099224090576,-0.4132331745642064
UBFC_PHYS_s13_T2_ctrl,107,54,108.8,-0.25183114409446716,-0.5221348366947469
UBFC_PHYS_s13_T2_ctrl,107,55,108.83333333333333,-0.16969256103038788,-0.5877561754118322
UBFC_PHYS_s13_T2_ctrl,107,56,108.86666666666666,-0.08840081095695496,-0.6061461539198542
UBFC_PHYS_s13_T2_ctrl,107,57,108.9,-0.010348220355808735,-0.5766782679032502
UBFC_PHYS_s13_T2_ctrl,107,58,108.93333333333334,0.05583518370985985,-0.502467305901033
UBFC_PHYS_s13_T2_ctrl,107,59,108.96666666666667,0.09938079863786697,-0.3908470629880592
UBFC_PHYS_s13_T2_ctrl,107,60,109.0,0.12835519015789032,-0.25391235316943633
UBFC_PHYS_s13_T2_ctrl,107,61,109.03333333333333,0.16157706081867218,-0.10861797689334961
UBFC_PHYS_s13_T2_ctrl,107,62,109.06666666666666,0.1936192512512207,0.024422909326891232
UBFC_PHYS_s13_T2_ctrl,107,63,109.1,0.19962963461875916,0.12405940395132728
UBFC_PHYS_s13_T2_ctrl,107,64,109.13333333333334,0.17224350571632385,0.17333320206796274
UBFC_PHYS_s13_T2_ctrl,107,65,109.16666666666667,0.12627923488616943,0.1644144421849814
UBFC_PHYS_s13_T2_ctrl,107,66,109.2,0.07464728504419327,0.10179798297744794
UBFC_PHYS_s13_T2_ctrl,107,67,109.23333333333333,0.01799679547548294,0.0022389263404279363
UBFC_PHYS_s13_T2_ctrl,107,68,109.26666666666667,-0.0471552237868309,-0.10884389281945278
UBFC_PHYS_s13_T2_ctrl,107,69,109.3,-0.11157571524381638,-0.20343605763626635
UBFC_PHYS_s13_T2_ctrl,107,70,109.33333333333333,-0.1550125926733017,-0.2576730250818018
UBFC_PHYS_s13_T2_ctrl,107,71,109.36666666666666,-0.18465590476989746,-0.2573205392525013
UBFC_PHYS_s13_T2_ctrl,107,72,109.4,-0.24883584678173065,-0.20032912108826678
UBFC_PHYS_s13_T2_ctrl,107,73,109.43333333333334,-0.3636954426765442,-0.09576516142819425
UBFC_PHYS_s13_T2_ctrl,107,74,109.46666666666667,-0.44437429308891296,0.04001147414761877
UBFC_PHYS_s13_T2_ctrl,107,75,109.5,-0.3803030848503113,0.18793358866517734
UBFC_PHYS_s13_T2_ctrl,107,76,109.53333333333333,-0.1626870334148407,0.32979740378804157
UBFC_PHYS_s13_T2_ctrl,107,77,109.56666666666666,0.11282837390899658,0.45019135253082554
UBFC_PHYS_s13_T2_ctrl,107,78,109.6,0.3581238090991974,0.5372503457378279
UBFC_PHYS_s13_T2_ctrl,107,79,109.63333333333334,0.514581561088562,0.5830036225902453
UBFC_PHYS_s13_T2_ctrl,107,80,109.66666666666667,0.5771567821502686,0.5835447536612364
UBFC_PHYS_s13_T2_ctrl,107,81,109.7,0.6174401640892029,0.5386538865693359
UBFC_PHYS_s13_T2_ctrl,107,82,109.73333333333333,0.6951764225959778,0.4506141463416401
UBFC_PHYS_s13_T2_ctrl,107,83,109.76666666666667,0.7496554255485535,0.3227162179388006
UBFC_PHYS_s13_T2_ctrl,107,84,109.8,0.6779789924621582,0.15863751805519488
UBFC_PHYS_s13_T2_ctrl,107,85,109.83333333333333,0.5024883151054382,-0.03633905257745799
UBFC_PHYS_s13_T2_ctrl,107,86,109.86666666666666,0.3304312527179718,-0.2526151167957799
UBFC_PHYS_s13_T2_ctrl,107,87,109.9,0.20631222426891327,-0.4737602683801722
UBFC_PHYS_s13_T2_ctrl,107,88,109.93333333333334,0.09741029143333435,-0.6760824915576125
UBFC_PHYS_s13_T2_ctrl,107,89,109.96666666666667,-0.011027025058865547,-0.8312363819187809
UBFC_PHYS_s13_T2_ctrl,107,90,110.0,-0.10217460989952087,-0.9114470546137274
UBFC_PHYS_s13_T2_ctrl,107,91,110.03333333333333,-0.18047434091567993,-0.8959418888711154
UBFC_PHYS_s13_T2_ctrl,107,92,110.06666666666666,-0.2534754276275635,-0.7769474004386904
UBFC_PHYS_s13_T2_ctrl,107,93,110.1,-0.291541188955307,-0.5636823249320883
UBFC_PHYS_s13_T2_ctrl,107,94,110.13333333333334,-0.27414271235466003,-0.2828072378692078
UBFC_PHYS_s13_T2_ctrl,107,95,110.16666666666667,-0.23096616566181183,0.025681261671409796
UBFC_PHYS_s13_T2_ctrl,107,96,110.2,-0.19869659841060638,0.31664550935509367
UBFC_PHYS_s13_T2_ctrl,107,97,110.23333333333333,-0.1738148033618927,0.5498321972699381
UBFC_PHYS_s13_T2_ctrl,107,98,110.26666666666667,-0.14155183732509613,0.6984688315693115
UBFC_PHYS_s13_T2_ctrl,107,99,110.3,-0.11115063726902008,0.7536987258391353
UBFC_PHYS_s13_T2_ctrl,107,100,110.33333333333333,-0.09367308020591736,0.7240138635118951
UBFC_PHYS_s13_T2_ctrl,107,101,110.36666666666666,-0.07843952625989914,0.6308134042584422
UBFC_PHYS_s13_T2_ctrl,107,102,110.4,-0.05125441029667854,0.5020618703762524
UBFC_PHYS_s13_T2_ctrl,107,103,110.43333333333334,-0.008947774767875671,0.3657906102972416
UBFC_PHYS_s13_T2_ctrl,107,104,110.46666666666667,0.04666144400835037,0.24459468628187428
UBFC_PHYS_s13_T2_ctrl,107,105,110.5,0.10378973186016083,0.15190184290847475
UBFC_PHYS_s13_T2_ctrl,107,106,110.53333333333333,0.13811548054218292,0.09071801467144179
UBFC_PHYS_s13_T2_ctrl,107,107,110.56666666666666,0.1406000256538391,0.05527578070914777
UBFC_PHYS_s13_T2_ctrl,107,108,110.6,0.12173191457986832,0.03514188449986088
UBFC_PHYS_s13_T2_ctrl,107,109,110.63333333333334,0.088905468583107,0.020293406930846625
UBFC_PHYS_s13_T2_ctrl,107,110,110.66666666666667,0.040489599108695984,0.0051743735434927815
UBFC_PHYS_s13_T2_ctrl,107,111,110.7,-0.01955161802470684,-0.00981171066135399
UBFC_PHYS_s13_T2_ctrl,107,112,110.73333333333333,-0.07991576194763184,-0.019692843695421708
UBFC_PHYS_s13_T2_ctrl,107,113,110.76666666666667,-0.1356436014175415,-0.018263572987839358
UBFC_PHYS_s13_T2_ctrl,107,114,110.8,-0.18544015288352966,-0.001834582386837936
UBFC_PHYS_s13_T2_ctrl,107,115,110.83333333333333,-0.22304129600524902,0.027999205107719003
UBFC_PHYS_s13_T2_ctrl,107,116,110.86666666666666,-0.24921150505542755,0.0634109036018323
UBFC_PHYS_s13_T2_ctrl,107,117,110.9,-0.27623844146728516,0.09132759602181745
UBFC_PHYS_s13_T2_ctrl,107,118,110.93333333333334,-0.3089989721775055,0.09583163080844728
UBFC_PHYS_s13_T2_ctrl,107,119,110.96666666666667,-0.3400987684726715,0.06126124211473576
UBFC_PHYS_s13_T2_ctrl,107,120,111.0,-0.3615206480026245,-0.02442866296517818
UBFC_PHYS_s13_T2_ctrl,107,121,111.03333333333333,-0.3688523769378662,-0.16625627270899834
UBFC_PHYS_s13_T2_ctrl,107,122,111.06666666666666,-0.3624795377254486,-0.35920453580053074
UBFC_PHYS_s13_T2_ctrl,107,123,111.1,-0.34626731276512146,-0.5864797141602641
UBFC_PHYS_s13_T2_ctrl,107,124,111.13333333333334,-0.3241468667984009,-0.8199819872726929
UBFC_PHYS_s13_T2_ctrl,107,125,111.16666666666667,-0.3005271255970001,-1.0235658609679208
UBFC_PHYS_s13_T2_ctrl,107,126,111.2,-0.2834845185279846,-1.159003183845888
UBFC_PHYS_s13_T2_ctrl,107,127,111.23333333333333,-0.2687782049179077,-1.1937953553521516
UBFC_PHYS_s13_T2_ctrl,107,128,111.26666666666667,-0.23734231293201447,-1.1092676302802749
UBFC_PHYS_s13_T2_ctrl,107,129,111.3,-0.1924094259738922,-0.9067711862232424
UBFC_PHYS_s13_T2_ctrl,107,130,111.33333333333333,-0.16203129291534424,-0.6095861410551712
UBFC_PHYS_s13_T2_ctrl,107,131,111.36666666666666,-0.15420198440551758,-0.25892441522343956
UBFC_PHYS_s13_T2_ctrl,107,132,111.4,-0.15013904869556427,0.09550169835935218
UBFC_PHYS_s13_T2_ctrl,107,133,111.43333333333334,-0.1375877559185028,0.4074892164104794
UBFC_PHYS_s13_T2_ctrl,107,134,111.46666666666667,-0.12214331328868866,0.6447222477091117
UBFC_PHYS_s13_T2_ctrl,107,135,111.5,-0.11492689698934555,0.7938371299459986
UBFC_PHYS_s13_T2_ctrl,107,136,111.53333333333333,-0.11933253705501556,0.858825712031298
UBFC_PHYS_s13_T2_ctrl,107,137,111.56666666666666,-0.1263347566127777,0.854411182148404
UBFC_PHYS_s13_T2_ctrl,107,138,111.6,-0.1252572387456894,0.7981300882569676
UBFC_PHYS_s13_T2_ctrl,107,139,111.63333333333334,-0.113262839615345,0.7049587347377289
UBFC_PHYS_s13_T2_ctrl,107,140,111.66666666666667,-0.09370603412389755,0.5863616803400467
UBFC_PHYS_s13_T2_ctrl,107,141,111.7,-0.0660826563835144,0.45286961531989794
UBFC_PHYS_s13_T2_ctrl,107,142,111.73333333333333,-0.0214792899787426,0.317375664979247
UBFC_PHYS_s13_T2_ctrl,107,143,111.76666666666667,0.04204162210226059,0.19630145196164756
UBFC_PHYS_s13_T2_ctrl,107,144,111.8,0.10653790086507797,0.10749062960110094
UBFC_PHYS_s13_T2_ctrl,107,145,111.83333333333333,0.15540850162506104,0.06571789102986889
UBFC_PHYS_s13_T2_ctrl,107,146,111.86666666666666,0.18412257730960846,0.07773216874755214
UBFC_PHYS_s13_T2_ctrl,107,147,111.9,0.18594810366630554,0.13884829407008295
UBFC_PHYS_s13_T2_ctrl,107,148,111.93333333333334,0.1616363674402237,0.2327477648299558
UBFC_PHYS_s13_T2_ctrl,107,149,111.96666666666667,0.13427990674972534,0.3351697653190353
UBFC_PHYS_s13_T2_ctrl,107,150,112.0,0.11886511743068695,0.4205235331557711
UBFC_PHYS_s13_T2_ctrl,107,151,112.03333333333333,0.09916002303361893,0.4690167276089077
UBFC_PHYS_s13_T2_ctrl,107,152,112.06666666666666,0.061209600418806076,0.47161195573809855
UBFC_PHYS_s13_T2_ctrl,107,153,112.1,0.016777584329247475,0.43106190739381356
UBFC_PHYS_s13_T2_ctrl,107,154,112.13333333333334,-0.015758883208036423,0.3588943017998164
UBFC_PHYS_s13_T2_ctrl,107,155,112.16666666666667,-0.034557804465293884,0.2698276700779324
UBFC_PHYS_s13_T2_ctrl,107,156,112.2,-0.05795677751302719,0.17604775986150076
UBFC_PHYS_s13_T2_ctrl,107,157,112.23333333333333,-0.10858699679374695,0.08363077727195953
UBFC_PHYS_s13_T2_ctrl,107,158,112.26666666666667,-0.17713303864002228,-0.007779569073149012
UBFC_PHYS_s13_T2_ctrl,107,159,112.3,-0.21276366710662842,-0.10247005633853495
UBFC_PHYS_s13_T2_ctrl,107,160,112.33333333333333,-0.19518066942691803,-0.20487457752115448
UBFC_PHYS_s13_T2_ctrl,107,161,112.36666666666666,-0.17220346629619598,-0.31640454586526146
UBFC_PHYS_s13_T2_ctrl,107,162,112.4,-0.1856180876493454,-0.43435943634323815
UBFC_PHYS_s13_T2_ctrl,107,163,112.43333333333334,-0.21105347573757172,-0.5532858669901014
UBFC_PHYS_s13_T2_ctrl,107,164,112.46666666666667,-0.20591631531715393,-0.6677787750475027
UBFC_PHYS_s13_T2_ctrl,107,165,112.5,-0.1701868325471878,-0.7748198665548321
UBFC_PHYS_s13_T2_ctrl,107,166,112.53333333333333,-0.14286331832408905,-0.8739241838511229
UBFC_PHYS_s13_T2_ctrl,107,167,112.56666666666666,-0.15567491948604584,-0.9645695006789303
UBFC_PHYS_s13_T2_ctrl,107,168,112.6,-0.19890420138835907,-1.0420146798792593
UBFC_PHYS_s13_T2_ctrl,107,169,112.63333333333334,-0.22778303921222687,-1.093785943754828
UBFC_PHYS_s13_T2_ctrl,107,170,112.66666666666667,-0.20485197007656097,-1.0991793326622001
UBFC_PHYS_s13_T2_ctrl,107,171,112.7,-0.14158809185028076,-1.0331412169564804
UBFC_PHYS_s13_T2_ctrl,107,172,112.73333333333333,-0.09165314584970474,-0.8742610500884814
UBFC_PHYS_s13_T2_ctrl,107,173,112.76666666666667,-0.09531407058238983,-0.6147214411118085
UBFC_PHYS_s13_T2_ctrl,107,174,112.8,-0.12584048509597778,-0.2684672236675292
UBFC_PHYS_s13_T2_ctrl,107,175,112.83333333333333,-0.11995203047990799,0.12652095137917524
UBFC_PHYS_s13_T2_ctrl,107,176,112.86666666666666,-0.0540618896484375,0.514430369904726
UBFC_PHYS_s13_T2_ctrl,107,177,112.9,0.03221873193979263,0.8355073135888682
UBFC_PHYS_s13_T2_ctrl,107,178,112.93333333333334,0.09717962890863419,1.0429210598946228
UBFC_PHYS_s13_T2_ctrl,107,179,112.96666666666667,0.1556655317544937,1.1159157274744522
UBFC_PHYS_s13_T2_ctrl,107,180,113.0,0.24717888236045837,1.064174507675839
UBFC_PHYS_s13_T2_ctrl,107,181,113.03333333333333,0.3700391352176666,0.9224010800890046
UBFC_PHYS_s13_T2_ctrl,107,182,113.06666666666666,0.47826555371284485,0.7381807263562142
UBFC_PHYS_s13_T2_ctrl,107,183,113.1,0.5352126359939575,0.5581492881487705
UBFC_PHYS_s13_T2_ctrl,107,184,113.13333333333334,0.5332256555557251,0.41678118063175984
UBFC_PHYS_s13_T2_ctrl,107,185,113.16666666666667,0.4855841398239136,0.33009800270752615
UBFC_PHYS_s13_T2_ctrl,107,186,113.2,0.41398677229881287,0.29492892310465557
UBFC_PHYS_s13_T2_ctrl,107,187,113.23333333333333,0.3332057595252991,0.29318583866787795
UBFC_PHYS_s13_T2_ctrl,107,188,113.26666666666667,0.2431422919034958,0.29953987535370435
UBFC_PHYS_s13_T2_ctrl,107,189,113.3,0.14509133994579315,0.2900701023922715
UBFC_PHYS_s13_T2_ctrl,107,190,113.33333333333333,0.05839882418513298,0.24929692109397344
UBFC_PHYS_s13_T2_ctrl,107,191,113.36666666666666,0.0005258267046883702,0.17362876662012952
UBFC_PHYS_s13_T2_ctrl,107,192,113.4,-0.038254979997873306,0.0704930077478286
UBFC_PHYS_s13_T2_ctrl,107,193,113.43333333333334,-0.08092408627271652,-0.046062711316239555
UBFC_PHYS_s13_T2_ctrl,107,194,113.46666666666667,-0.13116218149662018,-0.1612500029097758
UBFC_PHYS_s13_T2_ctrl,107,195,113.5,-0.18249426782131195,-0.264450450381267
UBFC_PHYS_s13_T2_ctrl,107,196,113.53333333333333,-0.24262116849422455,-0.351393007972566
UBFC_PHYS_s13_T2_ctrl,107,197,113.56666666666666,-0.3050810396671295,-0.4230850995408531
UBFC_PHYS_s13_T2_ctrl,107,198,113.6,-0.34535783529281616,-0.48216645845084527
UBFC_PHYS_s13_T2_ctrl,107,199,113.63333333333334,-0.3715642988681793,-0.528338836676503
UBFC_PHYS_s13_T2_ctrl,107,200,113.66666666666667,-0.40626898407936096,-0.5551817352557414
UBFC_PHYS_s13_T2_ctrl,107,201,113.7,-0.429661363363266,-0.5503800520445358
UBFC_PHYS_s13_T2_ctrl,107,202,113.73333333333333,-0.4233972728252411,-0.4998494023327697
UBFC_PHYS_s13_T2_ctrl,107,203,113.76666666666667,-0.418233722448349,-0.39416724892708543
UBFC_PHYS_s13_T2_ctrl,107,204,113.8,-0.423473060131073,-0.2343052430773105
UBFC_PHYS_s13_T2_ctrl,107,205,113.83333333333333,-0.40366581082344055,-0.033848235935245774
UBFC_PHYS_s13_T2_ctrl,107,206,113.86666666666666,-0.36179742217063904,0.18330318339938173
UBFC_PHYS_s13_T2_ctrl,107,207,113.9,-0.33760762214660645,0.38856477376510806
UBFC_PHYS_s13_T2_ctrl,107,208,113.93333333333334,-0.3257845640182495,0.555257747759661
UBFC_PHYS_s13_T2_ctrl,107,209,113.96666666666667,-0.2804628610610962,0.6638796890241763
UBFC_PHYS_s13_T2_ctrl,107,210,114.0,-0.19386260211467743,0.7047375645180449
UBFC_PHYS_s13_T2_ctrl,107,211,114.03333333333333,-0.11095622181892395,0.6777870525959833
UBFC_PHYS_s13_T2_ctrl,107,212,114.06666666666666,-0.0614694245159626,0.5903797820895149
UBFC_PHYS_s13_T2_ctrl,107,213,114.1,-0.012285778298974037,0.4540175615259695
UBFC_PHYS_s13_T2_ctrl,107,214,114.13333333333334,0.09137025475502014,0.2812214704332765
UBFC_PHYS_s13_T2_ctrl,107,215,114.16666666666667,0.2377382218837738,0.08333356484223979
UBFC_PHYS_s13_T2_ctrl,107,216,114.2,0.3579261004924774,-0.1303501632905606
UBFC_PHYS_s13_T2_ctrl,107,217,114.23333333333333,0.4271872043609619,-0.351959824803214
UBFC_PHYS_s13_T2_ctrl,107,218,114.26666666666667,0.47243642807006836,-0.5728599313984893
UBFC_PHYS_s13_T2_ctrl,107,219,114.3,0.5084229111671448,-0.7803109954837466
UBFC_PHYS_s13_T2_ctrl,107,220,114.33333333333333,0.5382243990898132,-0.9545831541109431
UBFC_PHYS_s13_T2_ctrl,107,221,114.36666666666666,0.54546058177948,-1.0689646260505408
UBFC_PHYS_s13_T2_ctrl,107,222,114.4,0.47829192876815796,-1.0944775237082554
UBFC_PHYS_s13_T2_ctrl,107,223,114.43333333333334,0.3298875391483307,-1.008901412661267
UBFC_PHYS_s13_T2_ctrl,107,224,114.46666666666667,0.17652063071727753,-0.8069307577304894
UBFC_PHYS_s13_T2_ctrl,107,225,114.5,0.06320976465940475,-0.5067654649489058
UBFC_PHYS_s13_T2_ctrl,107,226,114.53333333333333,-0.056536559015512466,-0.14942409367958293
UBFC_PHYS_s13_T2_ctrl,107,227,114.56666666666666,-0.21406854689121246,0.2098799882138152
UBFC_PHYS_s13_T2_ctrl,107,228,114.6,-0.3771100640296936,0.5154624803081146
UBFC_PHYS_s13_T2_ctrl,107,229,114.63333333333334,-0.5259692072868347,0.7250299975406783
UBFC_PHYS_s13_T2_ctrl,107,230,114.66666666666667,-0.6722712516784668,0.8189978246542218
UBFC_PHYS_s13_T2_ctrl,107,231,114.7,-0.8062691688537598,0.8027873381210405
UBFC_PHYS_s13_T2_ctrl,107,232,114.73333333333333,-0.9105084538459778,0.7024248380963244
UBFC_PHYS_s13_T2_ctrl,107,233,114.76666666666667,-1.014108419418335,0.555854449009218
UBFC_PHYS_s13_T2_ctrl,107,234,114.8,-1.1562058925628662,0.4030437761505165
UBFC_PHYS_s13_T2_ctrl,107,235,114.83333333333333,-1.3135929107666016,0.27737794599154497
UBFC_PHYS_s13_T2_ctrl,107,236,114.86666666666666,-1.4139504432678223,0.1997130485222446
UBFC_PHYS_s13_T2_ctrl,107,237,114.9,-1.3787778615951538,0.17553342933465113
UBFC_PHYS_s13_T2_ctrl,107,238,114.93333333333334,-1.181054711341858,0.19525616325758763
UBFC_PHYS_s13_T2_ctrl,107,239,114.96666666666667,-0.8960492610931396,0.23752797331894102
UBFC_PHYS_s13_T2_ctrl,108,0,108.0,-0.318518728017807,0.051480259834185645
UBFC_PHYS_s13_T2_ctrl,108,1,108.03333333333333,-0.23169440031051636,-0.2915573717139824
UBFC_PHYS_s13_T2_ctrl,108,2,108.06666666666666,-0.1511012315750122,-0.5966153222811892
UBFC_PHYS_s13_T2_ctrl,108,3,108.1,-0.0779353678226471,-0.8286124359808045
UBFC_PHYS_s13_T2_ctrl,108,4,108.13333333333334,0.003333308035507798,-0.9583531073034732
UBFC_PHYS_s13_T2_ctrl,108,5,108.16666666666667,0.09990143775939941,-0.9682082814898875
UBFC_PHYS_s13_T2_ctrl,108,6,108.2,0.20047979056835175,-0.8575106254435115
UBFC_PHYS_s13_T2_ctrl,108,7,108.23333333333333,0.2746902108192444,-0.6451051901025107
UBFC_PHYS_s13_T2_ctrl,108,8,108.26666666666667,0.2980298697948456,-0.36721709214838477
UBFC_PHYS_s13_T2_ctrl,108,9,108.3,0.2785356640815735,-0.07035961458950442
UBFC_PHYS_s13_T2_ctrl,108,10,108.33333333333333,0.23455838859081268,0.19893513742838342
UBFC_PHYS_s13_T2_ctrl,108,11,108.36666666666666,0.17126154899597168,0.4042060009401024
UBFC_PHYS_s13_T2_ctrl,108,12,108.4,0.08987095206975937,0.525471582776983
UBFC_PHYS_s13_T2_ctrl,108,13,108.43333333333334,-0.00891811866313219,0.5599441530513455
UBFC_PHYS_s13_T2_ctrl,108,14,108.46666666666667,-0.12242340296506882,0.5175339706300282
UBFC_PHYS_s13_T2_ctrl,108,15,108.5,-0.2331574559211731,0.4138743165229465
UBFC_PHYS_s13_T2_ctrl,108,16,108.53333333333333,-0.31959623098373413,0.26442522223422454
UBFC_PHYS_s13_T2_ctrl,108,17,108.56666666666666,-0.38069191575050354,0.08228847255975628
UBFC_PHYS_s13_T2_ctrl,108,18,108.6,-0.42029979825019836,-0.11981023992579118
UBFC_PHYS_s13_T2_ctrl,108,19,108.63333333333334,-0.4365251958370209,-0.32524066002769353
UBFC_PHYS_s13_T2_ctrl,108,20,108.66666666666667,-0.4312463402748108,-0.5100970761535757
UBFC_PHYS_s13_T2_ctrl,108,21,108.7,-0.41173896193504333,-0.643708032221407
UBFC_PHYS_s13_T2_ctrl,108,22,108.73333333333333,-0.37891581654548645,-0.6942524796920495
UBFC_PHYS_s13_T2_ctrl,108,23,108.76666666666667,-0.3256099224090576,-0.6381331120285736
UBFC_PHYS_s13_T2_ctrl,108,24,108.8,-0.25183114409446716,-0.46948022843802917
UBFC_PHYS_s13_T2_ctrl,108,25,108.83333333333333,-0.16969256103038788,-0.20545125902863895
UBFC_PHYS_s13_T2_ctrl,108,26,108.86666666666666,-0.08840081095695496,0.11550703730723323
UBFC_PHYS_s13_T2_ctrl,108,27,108.9,-0.010348220355808735,0.4421638606307904
UBFC_PHYS_s13_T2_ctrl,108,28,108.93333333333334,0.05583518370985985,0.7223839038833731
UBFC_PHYS_s13_T2_ctrl,108,29,108.96666666666667,0.09938079863786697,0.9137798964051048
UBFC_PHYS_s13_T2_ctrl,108,30,109.0,0.12835519015789032,0.9900305654642517
UBFC_PHYS_s13_T2_ctrl,108,31,109.03333333333333,0.16157706081867218,0.9424782056187487
UBFC_PHYS_s13_T2_ctrl,108,32,109.06666666666666,0.1936192512512207,0.7785437270971514
UBFC_PHYS_s13_T2_ctrl,108,33,109.1,0.19962963461875916,0.518900778933687
UBFC_PHYS_s13_T2_ctrl,108,34,109.13333333333334,0.17224350571632385,0.19458462664146794
UBFC_PHYS_s13_T2_ctrl,108,35,109.16666666666667,0.12627923488616943,-0.15594006124419807
UBFC_PHYS_s13_T2_ctrl,108,36,109.2,0.07464728504419327,-0.49047016929500786
UBFC_PHYS_s13_T2_ctrl,108,37,109.23333333333333,0.01799679547548294,-0.7681400175747459
UBFC_PHYS_s13_T2_ctrl,108,38,109.26666666666667,-0.0471552237868309,-0.9556655959967106
UBFC_PHYS_s13_T2_ctrl,108,39,109.3,-0.11157571524381638,-1.0334873433103728
UBFC_PHYS_s13_T2_ctrl,108,40,109.33333333333333,-0.1550125926733017,-0.999886499811935
UBFC_PHYS_s13_T2_ctrl,108,41,109.36666666666666,-0.18465590476989746,-0.8711610161310973
UBFC_PHYS_s13_T2_ctrl,108,42,109.4,-0.24883584678173065,-0.6767993411255938
UBFC_PHYS_s13_T2_ctrl,108,43,109.43333333333334,-0.3636954426765442,-0.45058494351952283
UBFC_PHYS_s13_T2_ctrl,108,44,109.46666666666667,-0.44437429308891296,-0.22109492064407385
UBFC_PHYS_s13_T2_ctrl,108,45,109.5,-0.3803030848503113,-0.005935400957974883
UBFC_PHYS_s13_T2_ctrl,108,46,109.53333333333333,-0.1626870334148407,0.18806364356910313
UBFC_PHYS_s13_T2_ctrl,108,47,109.56666666666666,0.11282837390899658,0.35993834569918526
UBFC_PHYS_s13_T2_ctrl,108,48,109.6,0.3581238090991974,0.508462830553296
UBFC_PHYS_s13_T2_ctrl,108,49,109.63333333333334,0.514581561088562,0.6282958637207268
UBFC_PHYS_s13_T2_ctrl,108,50,109.66666666666667,0.5771567821502686,0.7100488623465446
UBFC_PHYS_s13_T2_ctrl,108,51,109.7,0.6174401640892029,0.7435253718286147
UBFC_PHYS_s13_T2_ctrl,108,52,109.73333333333333,0.6951764225959778,0.7218388520555375
UBFC_PHYS_s13_T2_ctrl,108,53,109.76666666666667,0.7496554255485535,0.6441820787241244
UBFC_PHYS_s13_T2_ctrl,108,54,109.8,0.6779789924621582,0.51644357825266
UBFC_PHYS_s13_T2_ctrl,108,55,109.83333333333333,0.5024883151054382,0.35037553732655424
UBFC_PHYS_s13_T2_ctrl,108,56,109.86666666666666,0.3304312527179718,0.16244921445869642
UBFC_PHYS_s13_T2_ctrl,108,57,109.9,0.20631222426891327,-0.027121130141736338
UBFC_PHYS_s13_T2_ctrl,108,58,109.93333333333334,0.09741029143333435,-0.19569321556904087
UBFC_PHYS_s13_T2_ctrl,108,59,109.96666666666667,-0.011027025058865547,-0.3208443345919197
UBFC_PHYS_s13_T2_ctrl,108,60,110.0,-0.10217460989952087,-0.3848301430024509
UBFC_PHYS_s13_T2_ctrl,108,61,110.03333333333333,-0.18047434091567993,-0.3799477786069016
UBFC_PHYS_s13_T2_ctrl,108,62,110.06666666666666,-0.2534754276275635,-0.31246625211929513
UBFC_PHYS_s13_T2_ctrl,108,63,110.1,-0.291541188955307,-0.20261901564152882
UBFC_PHYS_s13_T2_ctrl,108,64,110.13333333333334,-0.27414271235466003,-0.07981688116054027
UBFC_PHYS_s13_T2_ctrl,108,65,110.16666666666667,-0.23096616566181183,0.025403863304151106
UBFC_PHYS_s13_T2_ctrl,108,66,110.2,-0.19869659841060638,0.08973078947288729
UBFC_PHYS_s13_T2_ctrl,108,67,110.23333333333333,-0.1738148033618927,0.10284738181433947
UBFC_PHYS_s13_T2_ctrl,108,68,110.26666666666667,-0.14155183732509613,0.06907267534993948
UBFC_PHYS_s13_T2_ctrl,108,69,110.3,-0.11115063726902008,0.004914639121878504
UBFC_PHYS_s13_T2_ctrl,108,70,110.33333333333333,-0.09367308020591736,-0.06634164950673462
UBFC_PHYS_s13_T2_ctrl,108,71,110.36666666666666,-0.07843952625989914,-0.1213579968588171
UBFC_PHYS_s13_T2_ctrl,108,72,110.4,-0.05125441029667854,-0.14291507965867903
UBFC_PHYS_s13_T2_ctrl,108,73,110.43333333333334,-0.008947774767875671,-0.12393569852686057
UBFC_PHYS_s13_T2_ctrl,108,74,110.46666666666667,0.04666144400835037,-0.06857212911071671
UBFC_PHYS_s13_T2_ctrl,108,75,110.5,0.10378973186016083,0.009591529315378412
UBFC_PHYS_s13_T2_ctrl,108,76,110.53333333333333,0.13811548054218292,0.09168746741153289
UBFC_PHYS_s13_T2_ctrl,108,77,110.56666666666666,0.1406000256538391,0.15902025001078451
UBFC_PHYS_s13_T2_ctrl,108,78,110.6,0.12173191457986832,0.19807381622882494
UBFC_PHYS_s13_T2_ctrl,108,79,110.63333333333334,0.088905468583107,0.20325921702969557
UBFC_PHYS_s13_T2_ctrl,108,80,110.66666666666667,0.040489599108695984,0.17677895234535873
UBFC_PHYS_s13_T2_ctrl,108,81,110.7,-0.01955161802470684,0.12643252517369247
UBFC_PHYS_s13_T2_ctrl,108,82,110.73333333333333,-0.07991576194763184,0.06271776827374388
UBFC_PHYS_s13_T2_ctrl,108,83,110.76666666666667,-0.1356436014175415,-0.00376582687522619
UBFC_PHYS_s13_T2_ctrl,108,84,110.8,-0.18544015288352966,-0.06418366201336909
UBFC_PHYS_s13_T2_ctrl,108,85,110.83333333333333,-0.22304129600524902,-0.11256566550424513
UBFC_PHYS_s13_T2_ctrl,108,86,110.86666666666666,-0.24921150505542755,-0.14622629169913043
UBFC_PHYS_s13_T2_ctrl,108,87,110.9,-0.27623844146728516,-0.1656474318803092
UBFC_PHYS_s13_T2_ctrl,108,88,110.93333333333334,-0.3089989721775055,-0.17407007421370368
UBFC_PHYS_s13_T2_ctrl,108,89,110.96666666666667,-0.3400987684726715,-0.17691699100834765
UBFC_PHYS_s13_T2_ctrl,108,90,111.0,-0.3615206480026245,-0.18072486161740337
UBFC_PHYS_s13_T2_ctrl,108,91,111.03333333333333,-0.3688523769378662,-0.19108943938477357
UBFC_PHYS_s13_T2_ctrl,108,92,111.06666666666666,-0.3624795377254486,-0.2097290437837626
UBFC_PHYS_s13_T2_ctrl,108,93,111.1,-0.34626731276512146,-0.23182510288153685
UBFC_PHYS_s13_T2_ctrl,108,94,111.13333333333334,-0.3241468667984009,-0.24549367223027105
UBFC_PHYS_s13_T2_ctrl,108,95,111.16666666666667,-0.3005271255970001,-0.2348419354995703
UBFC_PHYS_s13_T2_ctrl,108,96,111.2,-0.2834845185279846,-0.18642223514390854
UBFC_PHYS_s13_T2_ctrl,108,97,111.23333333333333,-0.2687782049179077,-0.09678263706024907
UBFC_PHYS_s13_T2_ctrl,108,98,111.26666666666667,-0.23734231293201447,0.022499515328063536
UBFC_PHYS_s13_T2_ctrl,108,99,111.3,-0.1924094259738922,0.14528175976679428
UBFC_PHYS_s13_T2_ctrl,108,100,111.33333333333333,-0.16203129291534424,0.23725558502947744
UBFC_PHYS_s13_T2_ctrl,108,101,111.36666666666666,-0.15420198440551758,0.26612004090039204
UBFC_PHYS_s13_T2_ctrl,108,102,111.4,-0.15013904869556427,0.21235671355511895
UBFC_PHYS_s13_T2_ctrl,108,103,111.43333333333334,-0.1375877559185028,0.07750856447278245
UBFC_PHYS_s13_T2_ctrl,108,104,111.46666666666667,-0.12214331328868866,-0.11287344878005418
UBFC_PHYS_s13_T2_ctrl,108,105,111.5,-0.11492689698934555,-0.3134982611538737
UBFC_PHYS_s13_T2_ctrl,108,106,111.53333333333333,-0.11933253705501556,-0.4704898115414301
UBFC_PHYS_s13_T2_ctrl,108,107,111.56666666666666,-0.1263347566127777,-0.5364843428878909
UBFC_PHYS_s13_T2_ctrl,108,108,111.6,-0.1252572387456894,-0.4849984475961838
UBFC_PHYS_s13_T2_ctrl,108,109,111.63333333333334,-0.113262839615345,-0.3191532843105303
UBFC_PHYS_s13_T2_ctrl,108,110,111.66666666666667,-0.09370603412389755,-0.07126091801162077
UBFC_PHYS_s13_T2_ctrl,108,111,111.7,-0.0660826563835144,0.20703070564626697
UBFC_PHYS_s13_T2_ctrl,108,112,111.73333333333333,-0.0214792899787426,0.4602892527276615
UBFC_PHYS_s13_T2_ctrl,108,113,111.76666666666667,0.04204162210226059,0.6444297139307732
UBFC_PHYS_s13_T2_ctrl,108,114,111.8,0.10653790086507797,0.7363319459271805
UBFC_PHYS_s13_T2_ctrl,108,115,111.83333333333333,0.15540850162506104,0.7359636120978407
UBFC_PHYS_s13_T2_ctrl,108,116,111.86666666666666,0.18412257730960846,0.6619428971897688
UBFC_PHYS_s13_T2_ctrl,108,117,111.9,0.18594810366630554,0.5432203183434561
UBFC_PHYS_s13_T2_ctrl,108,118,111.93333333333334,0.1616363674402237,0.4100945129033744
UBFC_PHYS_s13_T2_ctrl,108,119,111.96666666666667,0.13427990674972534,0.2872350914083409
UBFC_PHYS_s13_T2_ctrl,108,120,112.0,0.11886511743068695,0.19010026020962648
UBFC_PHYS_s13_T2_ctrl,108,121,112.03333333333333,0.09916002303361893,0.12469312057315518
UBFC_PHYS_s13_T2_ctrl,108,122,112.06666666666666,0.061209600418806076,0.08955917025725199
UBFC_PHYS_s13_T2_ctrl,108,123,112.1,0.016777584329247475,0.07858647191338164
UBFC_PHYS_s13_T2_ctrl,108,124,112.13333333333334,-0.015758883208036423,0.08349674966982279
UBFC_PHYS_s13_T2_ctrl,108,125,112.16666666666667,-0.034557804465293884,0.0955790685384429
UBFC_PHYS_s13_T2_ctrl,108,126,112.2,-0.05795677751302719,0.1067975135360026
UBFC_PHYS_s13_T2_ctrl,108,127,112.23333333333333,-0.10858699679374695,0.1106083651477253
UBFC_PHYS_s13_T2_ctrl,108,128,112.26666666666667,-0.17713303864002228,0.1026250868391196
UBFC_PHYS_s13_T2_ctrl,108,129,112.3,-0.21276366710662842,0.08094756193213072
UBFC_PHYS_s13_T2_ctrl,108,130,112.33333333333333,-0.19518066942691803,0.04583345266121194
UBFC_PHYS_s13_T2_ctrl,108,131,112.36666666666666,-0.17220346629619598,-0.0015005742537815775
UBFC_PHYS_s13_T2_ctrl,108,132,112.4,-0.1856180876493454,-0.06084108720485126
UBFC_PHYS_s13_T2_ctrl,108,133,112.43333333333334,-0.21105347573757172,-0.1350461184693062
UBFC_PHYS_s13_T2_ctrl,108,134,112.46666666666667,-0.20591631531715393,-0.23096043726069662
UBFC_PHYS_s13_T2_ctrl,108,135,112.5,-0.1701868325471878,-0.35783340339532077
UBFC_PHYS_s13_T2_ctrl,108,136,112.53333333333333,-0.14286331832408905,-0.5227310198197851
UBFC_PHYS_s13_T2_ctrl,108,137,112.56666666666666,-0.15567491948604584,-0.7239165509855091
UBFC_PHYS_s13_T2_ctrl,108,138,112.6,-0.19890420138835907,-0.944611796567326
UBFC_PHYS_s13_T2_ctrl,108,139,112.63333333333334,-0.22778303921222687,-1.1502520936333498
UBFC_PHYS_s13_T2_ctrl,108,140,112.66666666666667,-0.20485197007656097,-1.2918535758298002
UBFC_PHYS_s13_T2_ctrl,108,141,112.7,-0.14158809185028076,-1.3163921968655028
UBFC_PHYS_s13_T2_ctrl,108,142,112.73333333333333,-0.09165314584970474,-1.1825282754381004
UBFC_PHYS_s13_T2_ctrl,108,143,112.76666666666667,-0.09531407058238983,-0.8772805451402725
UBFC_PHYS_s13_T2_ctrl,108,144,112.8,-0.12584048509597778,-0.4273881957240882
UBFC_PHYS_s13_T2_ctrl,108,145,112.83333333333333,-0.11995203047990799,0.10066376948506497
UBFC_PHYS_s13_T2_ctrl,108,146,112.86666666666666,-0.0540618896484375,0.6147969312146657
UBFC_PHYS_s13_T2_ctrl,108,147,112.9,0.03221873193979263,1.0225713146330278
UBFC_PHYS_s13_T2_ctrl,108,148,112.93333333333334,0.09717962890863419,1.2580933819614821
UBFC_PHYS_s13_T2_ctrl,108,149,112.96666666666667,0.1556655317544937,1.2994084859339639
UBFC_PHYS_s13_T2_ctrl,108,150,113.0,0.24717888236045837,1.170284419517417
UBFC_PHYS_s13_T2_ctrl,108,151,113.03333333333333,0.3700391352176666,0.9279504208378876
UBFC_PHYS_s13_T2_ctrl,108,152,113.06666666666666,0.47826555371284485,0.6430799189960049
UBFC_PHYS_s13_T2_ctrl,108,153,113.1,0.5352126359939575,0.3792913971276762
UBFC_PHYS_s13_T2_ctrl,108,154,113.13333333333334,0.5332256555557251,0.17825739783778202
UBFC_PHYS_s13_T2_ctrl,108,155,113.16666666666667,0.4855841398239136,0.0539354736165395
UBFC_PHYS_s13_T2_ctrl,108,156,113.2,0.41398677229881287,-0.003961313993092715
UBFC_PHYS_s13_T2_ctrl,108,157,113.23333333333333,0.3332057595252991,-0.02012142213895269
UBFC_PHYS_s13_T2_ctrl,108,158,113.26666666666667,0.2431422919034958,-0.02176692488862509
UBFC_PHYS_s13_T2_ctrl,108,159,113.3,0.14509133994579315,-0.02889520308035362
UBFC_PHYS_s13_T2_ctrl,108,160,113.33333333333333,0.05839882418513298,-0.04932195158940946
UBFC_PHYS_s13_T2_ctrl,108,161,113.36666666666666,0.0005258267046883702,-0.07925943400746518
UBFC_PHYS_s13_T2_ctrl,108,162,113.4,-0.038254979997873306,-0.10833229902045985
UBFC_PHYS_s13_T2_ctrl,108,163,113.43333333333334,-0.08092408627271652,-0.12657679339470354
UBFC_PHYS_s13_T2_ctrl,108,164,113.46666666666667,-0.13116218149662018,-0.13036517508132545
UBFC_PHYS_s13_T2_ctrl,108,165,113.5,-0.18249426782131195,-0.1247566535981546
UBFC_PHYS_s13_T2_ctrl,108,166,113.53333333333333,-0.24262116849422455,-0.12147690594560137
UBFC_PHYS_s13_T2_ctrl,108,167,113.56666666666666,-0.3050810396671295,-0.1336428201520419
UBFC_PHYS_s13_T2_ctrl,108,168,113.6,-0.34535783529281616,-0.16949575417223106
UBFC_PHYS_s13_T2_ctrl,108,169,113.63333333333334,-0.3715642988681793,-0.22760230199340123
UBFC_PHYS_s13_T2_ctrl,108,170,113.66666666666667,-0.40626898407936096,-0.2954402079477067
UBFC_PHYS_s13_T2_ctrl,108,171,113.7,-0.429661363363266,-0.3521155850265313
UBFC_PHYS_s13_T2_ctrl,108,172,113.73333333333333,-0.4233972728252411,-0.37439290206861126
UBFC_PHYS_s13_T2_ctrl,108,173,113.76666666666667,-0.418233722448349,-0.34387029639181727
UBFC_PHYS_s13_T2_ctrl,108,174,113.8,-0.423473060131073,-0.25266157725929583
UBFC_PHYS_s13_T2_ctrl,108,175,113.83333333333333,-0.40366581082344055,-0.1056939939178547
UBFC_PHYS_s13_T2_ctrl,108,176,113.86666666666666,-0.36179742217063904,0.08063830752224409
UBFC_PHYS_s13_T2_ctrl,108,177,113.9,-0.33760762214660645,0.2823598647182329
UBFC_PHYS_s13_T2_ctrl,108,178,113.93333333333334,-0.3257845640182495,0.47293768156079236
UBFC_PHYS_s13_T2_ctrl,108,179,113.96666666666667,-0.2804628610610962,0.6282762893450318
UBFC_PHYS_s13_T2_ctrl,108,180,114.0,-0.19386260211467743,0.7305722276532655
UBFC_PHYS_s13_T2_ctrl,108,181,114.03333333333333,-0.11095622181892395,0.7701202033574854
UBFC_PHYS_s13_T2_ctrl,108,182,114.06666666666666,-0.0614694245159626,0.7449324787037371
UBFC_PHYS_s13_T2_ctrl,108,183,114.1,-0.012285778298974037,0.6588556168693402
UBFC_PHYS_s13_T2_ctrl,108,184,114.13333333333334,0.09137025475502014,0.5191330030983503
UBFC_PHYS_s13_T2_ctrl,108,185,114.16666666666667,0.2377382218837738,0.33423067433397824
UBFC_PHYS_s13_T2_ctrl,108,186,114.2,0.3579261004924774,0.11262334640451953
UBFC_PHYS_s13_T2_ctrl,108,187,114.23333333333333,0.4271872043609619,-0.13684114839959202
UBFC_PHYS_s13_T2_ctrl,108,188,114.26666666666667,0.47243642807006836,-0.4026984662477583
UBFC_PHYS_s13_T2_ctrl,108,189,114.3,0.5084229111671448,-0.6673694369414579
UBFC_PHYS_s13_T2_ctrl,108,190,114.33333333333333,0.5382243990898132,-0.90439794838135
UBFC_PHYS_s13_T2_ctrl,108,191,114.36666666666666,0.54546058177948,-1.0791279727584626
UBFC_PHYS_s13_T2_ctrl,108,192,114.4,0.47829192876815796,-1.1545769146903462
UBFC_PHYS_s13_T2_ctrl,108,193,114.43333333333334,0.3298875391483307,-1.1018065948560403
UBFC_PHYS_s13_T2_ctrl,108,194,114.46666666666667,0.17652063071727753,-0.9113088196665761
UBFC_PHYS_s13_T2_ctrl,108,195,114.5,0.06320976465940475,-0.6005237085834922
UBFC_PHYS_s13_T2_ctrl,108,196,114.53333333333333,-0.056536559015512466,-0.21369434121460043
UBFC_PHYS_s13_T2_ctrl,108,197,114.56666666666666,-0.21406854689121246,0.18666806236331193
UBFC_PHYS_s13_T2_ctrl,108,198,114.6,-0.3771100640296936,0.5339518889928235
UBFC_PHYS_s13_T2_ctrl,108,199,114.63333333333334,-0.5259692072868347,0.7723732780035852
UBFC_PHYS_s13_T2_ctrl,108,200,114.66666666666667,-0.6722712516784668,0.8680280677855757
UBFC_PHYS_s13_T2_ctrl,108,201,114.7,-0.8062691688537598,0.813480141582591
UBFC_PHYS_s13_T2_ctrl,108,202,114.73333333333333,-0.9105084538459778,0.6258980168768566
UBFC_PHYS_s13_T2_ctrl,108,203,114.76666666666667,-1.014108419418335,0.34088597118812874
UBFC_PHYS_s13_T2_ctrl,108,204,114.8,-1.1562058925628662,0.005112949942301078
UBFC_PHYS_s13_T2_ctrl,108,205,114.83333333333333,-1.3135929107666016,-0.32984890164634484
UBFC_PHYS_s13_T2_ctrl,108,206,114.86666666666666,-1.4139504432678223,-0.6120917045790865
UBFC_PHYS_s13_T2_ctrl,108,207,114.9,-1.3787778615951538,-0.7939183631366844
UBFC_PHYS_s13_T2_ctrl,108,208,114.93333333333334,-1.181054711341858,-0.8383495599429722
UBFC_PHYS_s13_T2_ctrl,108,209,114.96666666666667,-0.8960492610931396,-0.7279425195538526
UBFC_PHYS_s13_T2_ctrl,108,210,115.0,-0.6458275318145752,-0.47333944132815997
UBFC_PHYS_s13_T2_ctrl,108,211,115.03333333333333,-0.48974213004112244,-0.11648894049556976
UBFC_PHYS_s13_T2_ctrl,108,212,115.06666666666666,-0.40978163480758667,0.27634990228412515
UBFC_PHYS_s13_T2_ctrl,108,213,115.1,-0.37627968192100525,0.6321925095572821
UBFC_PHYS_s13_T2_ctrl,108,214,115.13333333333334,-0.3550390303134918,0.8926213423438449
UBFC_PHYS_s13_T2_ctrl,108,215,115.16666666666667,-0.319853276014328,1.0284290539602385
UBFC_PHYS_s13_T2_ctrl,108,216,115.2,-0.27341118454933167,1.0416757281528408
UBFC_PHYS_s13_T2_ctrl,108,217,115.23333333333333,-0.23140442371368408,0.9568231076993415
UBFC_PHYS_s13_T2_ctrl,108,218,115.26666666666667,-0.20279578864574432,0.8068501225400467
UBFC_PHYS_s13_T2_ctrl,108,219,115.3,-0.19862741231918335,0.6204033692614597
UBFC_PHYS_s13_T2_ctrl,108,220,115.33333333333333,-0.24065394699573517,0.41430750009567147
UBFC_PHYS_s13_T2_ctrl,108,221,115.36666666666666,-0.34001967310905457,0.1933463377303853
UBFC_PHYS_s13_T2_ctrl,108,222,115.4,-0.47556960582733154,-0.043411395312903105
UBFC_PHYS_s13_T2_ctrl,108,223,115.43333333333334,-0.6053826808929443,-0.292824551484103
UBFC_PHYS_s13_T2_ctrl,108,224,115.46666666666667,-0.6981284022331238,-0.5389995646094495
UBFC_PHYS_s13_T2_ctrl,108,225,115.5,-0.7461653351783752,-0.7502577221764918
UBFC_PHYS_s13_T2_ctrl,108,226,115.53333333333333,-0.7557476758956909,-0.8844218903679739
UBFC_PHYS_s13_T2_ctrl,108,227,115.56666666666666,-0.7386227250099182,-0.901776617064719
UBFC_PHYS_s13_T2_ctrl,108,228,115.6,-0.7031436562538147,-0.7813540322123751
UBFC_PHYS_s13_T2_ctrl,108,229,115.63333333333334,-0.6508065462112427,-0.5336324017520291
UBFC_PHYS_s13_T2_ctrl,108,230,115.66666666666667,-0.5724112391471863,-0.20286925462424424
UBFC_PHYS_s13_T2_ctrl,108,231,115.7,-0.4557986259460449,0.1438318884436341
UBFC_PHYS_s13_T2_ctrl,108,232,115.73333333333333,-0.299663782119751,0.4370499972942938
UBFC_PHYS_s13_T2_ctrl,108,233,115.76666666666667,-0.11740486323833466,0.6262422322838928
UBFC_PHYS_s13_T2_ctrl,108,234,115.8,0.0680932030081749,0.6923729758959265
UBFC_PHYS_s13_T2_ctrl,108,235,115.83333333333333,0.2345419079065323,0.6473545823433273
UBFC_PHYS_s13_T2_ctrl,108,236,115.86666666666666,0.35897067189216614,0.522363643682599
UBFC_PHYS_s13_T2_ctrl,108,237,115.9,0.4153904914855957,0.35199354747031303
UBFC_PHYS_s13_T2_ctrl,108,238,115.93333333333334,0.383433997631073,0.16182203828070119
UBFC_PHYS_s13_T2_ctrl,108,239,115.96666666666667,0.26525944471359253,-0.03595485857304699
UBFC_PHYS_s13_T2_ctrl,109,0,109.0,0.12835519015789032,-0.04836649241848816
UBFC_PHYS_s13_T2_ctrl,109,1,109.03333333333333,0.16157706081867218,-0.22610462828520833
UBFC_PHYS_s13_T2_ctrl,109,2,109.06666666666666,0.1936192512512207,-0.40403872091703463
UBFC_PHYS_s13_T2_ctrl,109,3,109.1,0.19962963461875916,-0.5827888030201864
UBFC_PHYS_s13_T2_ctrl,109,4,109.13333333333334,0.17224350571632385,-0.762010896939504
UBFC_PHYS_s13_T2_ctrl,109,5,109.16666666666667,0.12627923488616943,-0.9391995837488706
UBFC_PHYS_s13_T2_ctrl,109,6,109.2,0.07464728504419327,-1.1077270228542138
UBFC_PHYS_s13_T2_ctrl,109,7,109.23333333333333,0.01799679547548294,-1.2549822201839955
UBFC_PHYS_s13_T2_ctrl,109,8,109.26666666666667,-0.0471552237868309,-1.3620282916353288
UBFC_PHYS_s13_T2_ctrl,109,9,109.3,-0.11157571524381638,-1.4059796612786966
UBFC_PHYS_s13_T2_ctrl,109,10,109.33333333333333,-0.1550125926733017,-1.3654602415725077
UBFC_PHYS_s13_T2_ctrl,109,11,109.36666666666666,-0.18465590476989746,-1.2279492974700945
UBFC_PHYS_s13_T2_ctrl,109,12,109.4,-0.24883584678173065,-0.996048837291445
UBFC_PHYS_s13_T2_ctrl,109,13,109.43333333333334,-0.3636954426765442,-0.6893745198003673
UBFC_PHYS_s13_T2_ctrl,109,14,109.46666666666667,-0.44437429308891296,-0.34077962264002415
UBFC_PHYS_s13_T2_ctrl,109,15,109.5,-0.3803030848503113,0.011579293282980732
UBFC_PHYS_s13_T2_ctrl,109,16,109.53333333333333,-0.1626870334148407,0.3332614424757411
UBFC_PHYS_s13_T2_ctrl,109,17,109.56666666666666,0.11282837390899658,0.6006102759308543
UBFC_PHYS_s13_T2_ctrl,109,18,109.6,0.3581238090991974,0.8038714589134839
UBFC_PHYS_s13_T2_ctrl,109,19,109.63333333333334,0.514581561088562,0.94583011354454
UBFC_PHYS_s13_T2_ctrl,109,20,109.66666666666667,0.5771567821502686,1.0368506277080594
UBFC_PHYS_s13_T2_ctrl,109,21,109.7,0.6174401640892029,1.0880783842878166
UBFC_PHYS_s13_T2_ctrl,109,22,109.73333333333333,0.6951764225959778,1.1047919096830252
UBFC_PHYS_s13_T2_ctrl,109,23,109.76666666666667,0.7496554255485535,1.081964174741184
UBFC_PHYS_s13_T2_ctrl,109,24,109.8,0.6779789924621582,1.0041518817669681
UBFC_PHYS_s13_T2_ctrl,109,25,109.83333333333333,0.5024883151054382,0.8509605365849774
UBFC_PHYS_s13_T2_ctrl,109,26,109.86666666666666,0.3304312527179718,0.6070327747010906
UBFC_PHYS_s13_T2_ctrl,109,27,109.9,0.20631222426891327,0.2730765852143156
UBFC_PHYS_s13_T2_ctrl,109,28,109.93333333333334,0.09741029143333435,-0.1264811194931374
UBFC_PHYS_s13_T2_ctrl,109,29,109.96666666666667,-0.011027025058865547,-0.5427341113809347
UBFC_PHYS_s13_T2_ctrl,109,30,110.0,-0.10217460989952087,-0.909789542875444
UBFC_PHYS_s13_T2_ctrl,109,31,110.03333333333333,-0.18047434091567993,-1.159235458282053
UBFC_PHYS_s13_T2_ctrl,109,32,110.06666666666666,-0.2534754276275635,-1.2379576311023612
UBFC_PHYS_s13_T2_ctrl,109,33,110.1,-0.291541188955307,-1.1242125081572658
UBFC_PHYS_s13_T2_ctrl,109,34,110.13333333333334,-0.27414271235466003,-0.8367115161294721
UBFC_PHYS_s13_T2_ctrl,109,35,110.16666666666667,-0.23096616566181183,-0.4329221727971952
UBFC_PHYS_s13_T2_ctrl,109,36,110.2,-0.19869659841060638,0.004206651868025995
UBFC_PHYS_s13_T2_ctrl,109,37,110.23333333333333,-0.1738148033618927,0.38791750842750106
UBFC_PHYS_s13_T2_ctrl,109,38,110.26666666666667,-0.14155183732509613,0.6509449856432431
UBFC_PHYS_s13_T2_ctrl,109,39,110.3,-0.11115063726902008,0.7624978170958259
UBFC_PHYS_s13_T2_ctrl,109,40,110.33333333333333,-0.09367308020591736,0.7333142982870662
UBFC_PHYS_s13_T2_ctrl,109,41,110.36666666666666,-0.07843952625989914,0.6077769218681665
UBFC_PHYS_s13_T2_ctrl,109,42,110.4,-0.05125441029667854,0.4466460899580279
UBFC_PHYS_s13_T2_ctrl,109,43,110.43333333333334,-0.008947774767875671,0.30685053824870445
UBFC_PHYS_s13_T2_ctrl,109,44,110.46666666666667,0.04666144400835037,0.2251604117550228
UBFC_PHYS_s13_T2_ctrl,109,45,110.5,0.10378973186016083,0.21056359433348645
UBFC_PHYS_s13_T2_ctrl,109,46,110.53333333333333,0.13811548054218292,0.2466444266910134
UBFC_PHYS_s13_T2_ctrl,109,47,110.56666666666666,0.1406000256538391,0.3016445195713152
UBFC_PHYS_s13_T2_ctrl,109,48,110.6,0.12173191457986832,0.3415565798121731
UBFC_PHYS_s13_T2_ctrl,109,49,110.63333333333334,0.088905468583107,0.341386570661286
UBFC_PHYS_s13_T2_ctrl,109,50,110.66666666666667,0.040489599108695984,0.2914476136751083
UBFC_PHYS_s13_T2_ctrl,109,51,110.7,-0.01955161802470684,0.19791971248110032
UBFC_PHYS_s13_T2_ctrl,109,52,110.73333333333333,-0.07991576194763184,0.07867517073644632
UBFC_PHYS_s13_T2_ctrl,109,53,110.76666666666667,-0.1356436014175415,-0.04358900218239083
UBFC_PHYS_s13_T2_ctrl,109,54,110.8,-0.18544015288352966,-0.1483594416961521
UBFC_PHYS_s13_T2_ctrl,109,55,110.83333333333333,-0.22304129600524902,-0.2223179218485422
UBFC_PHYS_s13_T2_ctrl,109,56,110.86666666666666,-0.24921150505542755,-0.2616472444382295
UBFC_PHYS_s13_T2_ctrl,109,57,110.9,-0.27623844146728516,-0.27230706261773285
UBFC_PHYS_s13_T2_ctrl,109,58,110.93333333333334,-0.3089989721775055,-0.2691981315646106
UBFC_PHYS_s13_T2_ctrl,109,59,110.96666666666667,-0.3400987684726715,-0.274230051790779
UBFC_PHYS_s13_T2_ctrl,109,60,111.0,-0.3615206480026245,-0.3122325131431866
UBFC_PHYS_s13_T2_ctrl,109,61,111.03333333333333,-0.3688523769378662,-0.4038484956555928
UBFC_PHYS_s13_T2_ctrl,109,62,111.06666666666666,-0.3624795377254486,-0.5565017503975961
UBFC_PHYS_s13_T2_ctrl,109,63,111.1,-0.34626731276512146,-0.7567011763577595
UBFC_PHYS_s13_T2_ctrl,109,64,111.13333333333334,-0.3241468667984009,-0.9675199140781953
UBFC_PHYS_s13_T2_ctrl,109,65,111.16666666666667,-0.3005271255970001,-1.1338603144719201
UBFC_PHYS_s13_T2_ctrl,109,66,111.2,-0.2834845185279846,-1.1957451226787819
UBFC_PHYS_s13_T2_ctrl,109,67,111.23333333333333,-0.2687782049179077,-1.1068872176039628
UBFC_PHYS_s13_T2_ctrl,109,68,111.26666666666667,-0.23734231293201447,-0.852936851702042
UBFC_PHYS_s13_T2_ctrl,109,69,111.3,-0.1924094259738922,-0.4623620000604652
UBFC_PHYS_s13_T2_ctrl,109,70,111.33333333333333,-0.16203129291534424,-0.0041116584996640166
UBFC_PHYS_s13_T2_ctrl,109,71,111.36666666666666,-0.15420198440551758,0.42949670639166376
UBFC_PHYS_s13_T2_ctrl,109,72,111.4,-0.15013904869556427,0.7500258629292179
UBFC_PHYS_s13_T2_ctrl,109,73,111.43333333333334,-0.1375877559185028,0.9007510736106564
UBFC_PHYS_s13_T2_ctrl,109,74,111.46666666666667,-0.12214331328868866,0.8747226934357889
UBFC_PHYS_s13_T2_ctrl,109,75,111.5,-0.11492689698934555,0.7161468014449631
UBFC_PHYS_s13_T2_ctrl,109,76,111.53333333333333,-0.11933253705501556,0.5041796918456921
UBFC_PHYS_s13_T2_ctrl,109,77,111.56666666666666,-0.1263347566127777,0.32469189396220094
UBFC_PHYS_s13_T2_ctrl,109,78,111.6,-0.1252572387456894,0.24025710349504642
UBFC_PHYS_s13_T2_ctrl,109,79,111.63333333333334,-0.113262839615345,0.2695981215002943
UBFC_PHYS_s13_T2_ctrl,109,80,111.66666666666667,-0.09370603412389755,0.3841983183758977
UBFC_PHYS_s13_T2_ctrl,109,81,111.7,-0.0660826563835144,0.5229135802862406
UBFC_PHYS_s13_T2_ctrl,109,82,111.73333333333333,-0.0214792899787426,0.617970290372183
UBFC_PHYS_s13_T2_ctrl,109,83,111.76666666666667,0.04204162210226059,0.6213259771334132
UBFC_PHYS_s13_T2_ctrl,109,84,111.8,0.10653790086507797,0.5211997752578127
UBFC_PHYS_s13_T2_ctrl,109,85,111.83333333333333,0.15540850162506104,0.343578742808701
UBFC_PHYS_s13_T2_ctrl,109,86,111.86666666666666,0.18412257730960846,0.13984703447457913
UBFC_PHYS_s13_T2_ctrl,109,87,111.9,0.18594810366630554,-0.033247410455374604
UBFC_PHYS_s13_T2_ctrl,109,88,111.93333333333334,0.1616363674402237,-0.13299312849121073
UBFC_PHYS_s13_T2_ctrl,109,89,111.96666666666667,0.13427990674972534,-0.14255628807053858
UBFC_PHYS_s13_T2_ctrl,109,90,112.0,0.11886511743068695,-0.07228508629313586
UBFC_PHYS_s13_T2_ctrl,109,91,112.03333333333333,0.09916002303361893,0.04795199748164586
UBFC_PHYS_s13_T2_ctrl,109,92,112.06666666666666,0.061209600418806076,0.18073499679834326
UBFC_PHYS_s13_T2_ctrl,109,93,112.1,0.016777584329247475,0.29222868510548555
UBFC_PHYS_s13_T2_ctrl,109,94,112.13333333333334,-0.015758883208036423,0.3592368595471806
UBFC_PHYS_s13_T2_ctrl,109,95,112.16666666666667,-0.034557804465293884,0.3715345958199652
UBFC_PHYS_s13_T2_ctrl,109,96,112.2,-0.05795677751302719,0.3305533806471123
UBFC_PHYS_s13_T2_ctrl,109,97,112.23333333333333,-0.10858699679374695,0.24608173746912582
UBFC_PHYS_s13_T2_ctrl,109,98,112.26666666666667,-0.17713303864002228,0.13255054249410828
UBFC_PHYS_s13_T2_ctrl,109,99,112.3,-0.21276366710662842,0.005881302535526686
UBFC_PHYS_s13_T2_ctrl,109,100,112.33333333333333,-0.19518066942691803,-0.11901140978936713
UBFC_PHYS_s13_T2_ctrl,109,101,112.36666666666666,-0.17220346629619598,-0.23060698988238731
UBFC_PHYS_s13_T2_ctrl,109,102,112.4,-0.1856180876493454,-0.32348768491677327
UBFC_PHYS_s13_T2_ctrl,109,103,112.43333333333334,-0.21105347573757172,-0.4009023577494025
UBFC_PHYS_s13_T2_ctrl,109,104,112.46666666666667,-0.20591631531715393,-0.47557738956960516
UBFC_PHYS_s13_T2_ctrl,109,105,112.5,-0.1701868325471878,-0.5668271927926397
UBFC_PHYS_s13_T2_ctrl,109,106,112.53333333333333,-0.14286331832408905,-0.6931827796462277
UBFC_PHYS_s13_T2_ctrl,109,107,112.56666666666666,-0.15567491948604584,-0.8620517457731114
UBFC_PHYS_s13_T2_ctrl,109,108,112.6,-0.19890420138835907,-1.060186232553948
UBFC_PHYS_s13_T2_ctrl,109,109,112.63333333333334,-0.22778303921222687,-1.2496173894165796
UBFC_PHYS_s13_T2_ctrl,109,110,112.66666666666667,-0.20485197007656097,-1.37247002926162
UBFC_PHYS_s13_T2_ctrl,109,111,112.7,-0.14158809185028076,-1.36519134956133
UBFC_PHYS_s13_T2_ctrl,109,112,112.73333333333333,-0.09165314584970474,-1.1792629131769827
UBFC_PHYS_s13_T2_ctrl,109,113,112.76666666666667,-0.09531407058238983,-0.802231971134738
UBFC_PHYS_s13_T2_ctrl,109,114,112.8,-0.12584048509597778,-0.2709532458757211
UBFC_PHYS_s13_T2_ctrl,109,115,112.83333333333333,-0.11995203047990799,0.33012161376673493
UBFC_PHYS_s13_T2_ctrl,109,116,112.86666666666666,-0.0540618896484375,0.8880846725345785
UBFC_PHYS_s13_T2_ctrl,109,117,112.9,0.03221873193979263,1.293341635919724
UBFC_PHYS_s13_T2_ctrl,109,118,112.93333333333334,0.09717962890863419,1.4725504595170824
UBFC_PHYS_s13_T2_ctrl,109,119,112.96666666666667,0.1556655317544937,1.409760735704488
UBFC_PHYS_s13_T2_ctrl,109,120,113.0,0.24717888236045837,1.1483036575714534
UBFC_PHYS_s13_T2_ctrl,109,121,113.03333333333333,0.3700391352176666,0.7745766090395563
UBFC_PHYS_s13_T2_ctrl,109,122,113.06666666666666,0.47826555371284485,0.3911751341600815
UBFC_PHYS_s13_T2_ctrl,109,123,113.1,0.5352126359939575,0.08887515703052001
UBFC_PHYS_s13_T2_ctrl,109,124,113.13333333333334,0.5332256555557251,-0.0745841614883946
UBFC_PHYS_s13_T2_ctrl,109,125,113.16666666666667,0.4855841398239136,-0.08451581214568968
UBFC_PHYS_s13_T2_ctrl,109,126,113.2,0.41398677229881287,0.032510124860109305
UBFC_PHYS_s13_T2_ctrl,109,127,113.23333333333333,0.3332057595252991,0.22011314603017385
UBFC_PHYS_s13_T2_ctrl,109,128,113.26666666666667,0.2431422919034958,0.4096205525801998
UBFC_PHYS_s13_T2_ctrl,109,129,113.3,0.14509133994579315,0.5393182973681264
UBFC_PHYS_s13_T2_ctrl,109,130,113.33333333333333,0.05839882418513298,0.5705377337758226
UBFC_PHYS_s13_T2_ctrl,109,131,113.36666666666666,0.0005258267046883702,0.49611096329876103
UBFC_PHYS_s13_T2_ctrl,109,132,113.4,-0.038254979997873306,0.33890087143328196
UBFC_PHYS_s13_T2_ctrl,109,133,113.43333333333334,-0.08092408627271652,0.14136811370903732
UBFC_PHYS_s13_T2_ctrl,109,134,113.46666666666667,-0.13116218149662018,-0.04990861595684096
UBFC_PHYS_s13_T2_ctrl,109,135,113.5,-0.18249426782131195,-0.1993454887248203
UBFC_PHYS_s13_T2_ctrl,109,136,113.53333333333333,-0.24262116849422455,-0.29215442502292105
UBFC_PHYS_s13_T2_ctrl,109,137,113.56666666666666,-0.3050810396671295,-0.3359410629731948
UBFC_PHYS_s13_T2_ctrl,109,138,113.6,-0.34535783529281616,-0.3540408909263364
UBFC_PHYS_s13_T2_ctrl,109,139,113.63333333333334,-0.3715642988681793,-0.37340611618453595
UBFC_PHYS_s13_T2_ctrl,109,140,113.66666666666667,-0.40626898407936096,-0.4119192500902061
UBFC_PHYS_s13_T2_ctrl,109,141,113.7,-0.429661363363266,-0.4701810576309969
UBFC_PHYS_s13_T2_ctrl,109,142,113.73333333333333,-0.4233972728252411,-0.5307463469703775
UBFC_PHYS_s13_T2_ctrl,109,143,113.76666666666667,-0.418233722448349,-0.5646335335020752
UBFC_PHYS_s13_T2_ctrl,109,144,113.8,-0.423473060131073,-0.5423050430786339
UBFC_PHYS_s13_T2_ctrl,109,145,113.83333333333333,-0.40366581082344055,-0.4450126918716736
UBFC_PHYS_s13_T2_ctrl,109,146,113.86666666666666,-0.36179742217063904,-0.27256307227005183
UBFC_PHYS_s13_T2_ctrl,109,147,113.9,-0.33760762214660645,-0.04497144751031448
UBFC_PHYS_s13_T2_ctrl,109,148,113.93333333333334,-0.3257845640182495,0.20233710379538086
UBFC_PHYS_s13_T2_ctrl,109,149,113.96666666666667,-0.2804628610610962,0.42781767952056277
UBFC_PHYS_s13_T2_ctrl,109,150,114.0,-0.19386260211467743,0.5940378471507544
UBFC_PHYS_s13_T2_ctrl,109,151,114.03333333333333,-0.11095622181892395,0.6753266568472164
UBFC_PHYS_s13_T2_ctrl,109,152,114.06666666666666,-0.0614694245159626,0.6610553079861635
UBFC_PHYS_s13_T2_ctrl,109,153,114.1,-0.012285778298974037,0.5549208443667838
UBFC_PHYS_s13_T2_ctrl,109,154,114.13333333333334,0.09137025475502014,0.3718050979148741
UBFC_PHYS_s13_T2_ctrl,109,155,114.16666666666667,0.2377382218837738,0.13390705794582347
UBFC_PHYS_s13_T2_ctrl,109,156,114.2,0.3579261004924774,-0.13257055293760336
UBFC_PHYS_s13_T2_ctrl,109,157,114.23333333333333,0.4271872043609619,-0.3995075595164391
UBFC_PHYS_s13_T2_ctrl,109,158,114.26666666666667,0.47243642807006836,-0.6377554771466671
UBFC_PHYS_s13_T2_ctrl,109,159,114.3,0.5084229111671448,-0.8177362807024683
UBFC_PHYS_s13_T2_ctrl,109,160,114.33333333333333,0.5382243990898132,-0.9114463617327424
UBFC_PHYS_s13_T2_ctrl,109,161,114.36666666666666,0.54546058177948,-0.8973067670788685
UBFC_PHYS_s13_T2_ctrl,109,162,114.4,0.47829192876815796,-0.7674701326424421
UBFC_PHYS_s13_T2_ctrl,109,163,114.43333333333334,0.3298875391483307,-0.5346828895826949
UBFC_PHYS_s13_T2_ctrl,109,164,114.46666666666667,0.17652063071727753,-0.23430762075236602
UBFC_PHYS_s13_T2_ctrl,109,165,114.5,0.06320976465940475,0.08184449360538841
UBFC_PHYS_s13_T2_ctrl,109,166,114.53333333333333,-0.056536559015512466,0.35942052823210807
UBFC_PHYS_s13_T2_ctrl,109,167,114.56666666666666,-0.21406854689121246,0.5579674680732357
UBFC_PHYS_s13_T2_ctrl,109,168,114.6,-0.3771100640296936,0.6619780874465714
UBFC_PHYS_s13_T2_ctrl,109,169,114.63333333333334,-0.5259692072868347,0.6807007808922098
UBFC_PHYS_s13_T2_ctrl,109,170,114.66666666666667,-0.6722712516784668,0.6375088308681572
UBFC_PHYS_s13_T2_ctrl,109,171,114.7,-0.8062691688537598,0.555696060912061
UBFC_PHYS_s13_T2_ctrl,109,172,114.73333333333333,-0.9105084538459778,0.4484236583189393
UBFC_PHYS_s13_T2_ctrl,109,173,114.76666666666667,-1.014108419418335,0.31711448697912253
UBFC_PHYS_s13_T2_ctrl,109,174,114.8,-1.1562058925628662,0.15817662619858847
UBFC_PHYS_s13_T2_ctrl,109,175,114.83333333333333,-1.3135929107666016,-0.025774234072497803
UBFC_PHYS_s13_T2_ctrl,109,176,114.86666666666666,-1.4139504432678223,-0.2162570826461265
UBFC_PHYS_s13_T2_ctrl,109,177,114.9,-1.3787778615951538,-0.37667537799939427
UBFC_PHYS_s13_T2_ctrl,109,178,114.93333333333334,-1.181054711341858,-0.460319415209181
UBFC_PHYS_s13_T2_ctrl,109,179,114.96666666666667,-0.8960492610931396,-0.4268052741714525
UBFC_PHYS_s13_T2_ctrl,109,180,115.0,-0.6458275318145752,-0.260718836611971
UBFC_PHYS_s13_T2_ctrl,109,181,115.03333333333333,-0.48974213004112244,0.01611254351555266
UBFC_PHYS_s13_T2_ctrl,109,182,115.06666666666666,-0.40978163480758667,0.3460520950009886
UBFC_PHYS_s13_T2_ctrl,109,183,115.1,-0.37627968192100525,0.6523626428201913
UBFC_PHYS_s13_T2_ctrl,109,184,115.13333333333334,-0.3550390303134918,0.8643997792279224
UBFC_PHYS_s13_T2_ctrl,109,185,115.16666666666667,-0.319853276014328,0.9394744677475955
UBFC_PHYS_s13_T2_ctrl,109,186,115.2,-0.27341118454933167,0.8721127392244967
UBFC_PHYS_s13_T2_ctrl,109,187,115.23333333333333,-0.23140442371368408,0.688796053246392
UBFC_PHYS_s13_T2_ctrl,109,188,115.26666666666667,-0.20279578864574432,0.4329731514825172
UBFC_PHYS_s13_T2_ctrl,109,189,115.3,-0.19862741231918335,0.14817541118380279
UBFC_PHYS_s13_T2_ctrl,109,190,115.33333333333333,-0.24065394699573517,-0.13390937337335737
UBFC_PHYS_s13_T2_ctrl,109,191,115.36666666666666,-0.34001967310905457,-0.3970258087957032
UBFC_PHYS_s13_T2_ctrl,109,192,115.4,-0.47556960582733154,-0.636118572784328
UBFC_PHYS_s13_T2_ctrl,109,193,115.43333333333334,-0.6053826808929443,-0.8487878988398436
UBFC_PHYS_s13_T2_ctrl,109,194,115.46666666666667,-0.6981284022331238,-1.0273231577054143
UBFC_PHYS_s13_T2_ctrl,109,195,115.5,-0.7461653351783752,-1.1555028534046317
UBFC_PHYS_s13_T2_ctrl,109,196,115.53333333333333,-0.7557476758956909,-1.2118122180076487
UBFC_PHYS_s13_T2_ctrl,109,197,115.56666666666666,-0.7386227250099182,-1.1776631322303317
UBFC_PHYS_s13_T2_ctrl,109,198,115.6,-0.7031436562538147,-1.046930342679195
UBFC_PHYS_s13_T2_ctrl,109,199,115.63333333333334,-0.6508065462112427,-0.8320004492661691
UBFC_PHYS_s13_T2_ctrl,109,200,115.66666666666667,-0.5724112391471863,-0.5620265195268768
UBFC_PHYS_s13_T2_ctrl,109,201,115.7,-0.4557986259460449,-0.27263508132632597
UBFC_PHYS_s13_T2_ctrl,109,202,115.73333333333333,-0.299663782119751,0.007738810093005338
UBFC_PHYS_s13_T2_ctrl,109,203,115.76666666666667,-0.11740486323833466,0.26653374886378184
UBFC_PHYS_s13_T2_ctrl,109,204,115.8,0.0680932030081749,0.5056804151700464
UBFC_PHYS_s13_T2_ctrl,109,205,115.83333333333333,0.2345419079065323,0.7316637802509983
UBFC_PHYS_s13_T2_ctrl,109,206,115.86666666666666,0.35897067189216614,0.9431783753947792
UBFC_PHYS_s13_T2_ctrl,109,207,115.9,0.4153904914855957,1.1233136958684293
UBFC_PHYS_s13_T2_ctrl,109,208,115.93333333333334,0.383433997631073,1.240725008009262
UBFC_PHYS_s13_T2_ctrl,109,209,115.96666666666667,0.26525944471359253,1.259811373127043
UBFC_PHYS_s13_T2_ctrl,109,210,116.0,0.09751244634389877,1.1554635224332779
UBFC_PHYS_s13_T2_ctrl,109,211,116.03333333333333,-0.055416204035282135,0.9257666625121626
UBFC_PHYS_s13_T2_ctrl,109,212,116.06666666666666,-0.1299792230129242,0.5972562473087919
UBFC_PHYS_s13_T2_ctrl,109,213,116.1,-0.09068766236305237,0.22063756191394715
UBFC_PHYS_s13_T2_ctrl,109,214,116.13333333333334,0.05463245138525963,-0.14169384257132495
UBFC_PHYS_s13_T2_ctrl,109,215,116.16666666666667,0.25864604115486145,-0.432305761477216
UBFC_PHYS_s13_T2_ctrl,109,216,116.2,0.46680498123168945,-0.6139733968598268
UBFC_PHYS_s13_T2_ctrl,109,217,116.23333333333333,0.6537265777587891,-0.6782683016872434
UBFC_PHYS_s13_T2_ctrl,109,218,116.26666666666667,0.82625812292099,-0.6447463879588188
UBFC_PHYS_s13_T2_ctrl,109,219,116.3,0.9964798092842102,-0.5515794273319383
UBFC_PHYS_s13_T2_ctrl,109,220,116.33333333333333,1.1629549264907837,-0.44152937848869195
UBFC_PHYS_s13_T2_ctrl,109,221,116.36666666666666,1.318961262702942,-0.3484535292262099
UBFC_PHYS_s13_T2_ctrl,109,222,116.4,1.4625810384750366,-0.28869514501080273
UBFC_PHYS_s13_T2_ctrl,109,223,116.43333333333334,1.6079868078231812,-0.2594955648801095
UBFC_PHYS_s13_T2_ctrl,109,224,116.46666666666667,1.7636207342147827,-0.24406194411813426
UBFC_PHYS_s13_T2_ctrl,109,225,116.5,1.8794227838516235,-0.22085296055593756
UBFC_PHYS_s13_T2_ctrl,109,226,116.53333333333333,1.872374415397644,-0.17343769474656215
UBFC_PHYS_s13_T2_ctrl,109,227,116.56666666666666,1.744314432144165,-0.09731151116431767
UBFC_PHYS_s13_T2_ctrl,109,228,116.6,1.5585099458694458,-0.0013865048830857315
UBFC_PHYS_s13_T2_ctrl,109,229,116.63333333333334,1.3624310493469238,0.09594167671178033
UBFC_PHYS_s13_T2_ctrl,109,230,116.66666666666667,1.1894644498825073,0.17407747091515388
UBFC_PHYS_s13_T2_ctrl,109,231,116.7,1.0706309080123901,0.21766714694671255
UBFC_PHYS_s13_T2_ctrl,109,232,116.73333333333333,1.0034193992614746,0.22145846963987906
UBFC_PHYS_s13_T2_ctrl,109,233,116.76666666666667,0.9623023867607117,0.19132245059914574
UBFC_PHYS_s13_T2_ctrl,109,234,116.8,0.9349623918533325,0.14172856924313526
UBFC_PHYS_s13_T2_ctrl,109,235,116.83333333333333,0.9198870062828064,0.09091182440098675
UBFC_PHYS_s13_T2_ctrl,109,236,116.86666666666666,0.9082616567611694,0.05520944538496969
UBFC_PHYS_s13_T2_ctrl,109,237,116.9,0.8847835659980774,0.04404324065887207
UBFC_PHYS_s13_T2_ctrl,109,238,116.93333333333334,0.8456600904464722,0.0570706067004641
UBFC_PHYS_s13_T2_ctrl,109,239,116.96666666666667,0.806790292263031,0.08461347887803229
UBFC_PHYS_s13_T2_ctrl,110,0,110.0,-0.10217460989952087,-0.09794586614306643
UBFC_PHYS_s13_T2_ctrl,110,1,110.03333333333333,-0.18047434091567993,-0.08628232580284595
UBFC_PHYS_s13_T2_ctrl,110,2,110.06666666666666,-0.2534754276275635,-0.05917104742015779
UBFC_PHYS_s13_T2_ctrl,110,3,110.1,-0.291541188955307,-0.009401651325651857
UBFC_PHYS_s13_T2_ctrl,110,4,110.13333333333334,-0.27414271235466003,0.06156572479620169
UBFC_PHYS_s13_T2_ctrl,110,5,110.16666666666667,-0.23096616566181183,0.14385435568309662
UBFC_PHYS_s13_T2_ctrl,110,6,110.2,-0.19869659841060638,0.22282925954720648
UBFC_PHYS_s13_T2_ctrl,110,7,110.23333333333333,-0.1738148033618927,0.2844098724303016
UBFC_PHYS_s13_T2_ctrl,110,8,110.26666666666667,-0.14155183732509613,0.31984157347307823
UBFC_PHYS_s13_T2_ctrl,110,9,110.3,-0.11115063726902008,0.3283192510565366
UBFC_PHYS_s13_T2_ctrl,110,10,110.33333333333333,-0.09367308020591736,0.316784306898489
UBFC_PHYS_s13_T2_ctrl,110,11,110.36666666666666,-0.07843952625989914,0.2971579343768031
UBFC_PHYS_s13_T2_ctrl,110,12,110.4,-0.05125441029667854,0.2820751831131464
UBFC_PHYS_s13_T2_ctrl,110,13,110.43333333333334,-0.008947774767875671,0.28057481132746254
UBFC_PHYS_s13_T2_ctrl,110,14,110.46666666666667,0.04666144400835037,0.2950457466565718
UBFC_PHYS_s13_T2_ctrl,110,15,110.5,0.10378973186016083,0.32026737048459264
UBFC_PHYS_s13_T2_ctrl,110,16,110.53333333333333,0.13811548054218292,0.34485335371849396
UBFC_PHYS_s13_T2_ctrl,110,17,110.56666666666666,0.1406000256538391,0.35474779468479106
UBFC_PHYS_s13_T2_ctrl,110,18,110.6,0.12173191457986832,0.33764720057527553
UBFC_PHYS_s13_T2_ctrl,110,19,110.63333333333334,0.088905468583107,0.2868127735228121
UBFC_PHYS_s13_T2_ctrl,110,20,110.66666666666667,0.040489599108695984,0.20307244440776556
UBFC_PHYS_s13_T2_ctrl,110,21,110.7,-0.01955161802470684,0.09461401598199025
UBFC_PHYS_s13_T2_ctrl,110,22,110.73333333333333,-0.07991576194763184,-0.025078796252000195
UBFC_PHYS_s13_T2_ctrl,110,23,110.76666666666667,-0.1356436014175415,-0.1403689924460033
UBFC_PHYS_s13_T2_ctrl,110,24,110.8,-0.18544015288352966,-0.23684729212864122
UBFC_PHYS_s13_T2_ctrl,110,25,110.83333333333333,-0.22304129600524902,-0.3043264110525577
UBFC_PHYS_s13_T2_ctrl,110,26,110.86666666666666,-0.24921150505542755,-0.3390919711022097
UBFC_PHYS_s13_T2_ctrl,110,27,110.9,-0.27623844146728516,-0.34504709471274175
UBFC_PHYS_s13_T2_ctrl,110,28,110.93333333333334,-0.3089989721775055,-0.33311994076043805
UBFC_PHYS_s13_T2_ctrl,110,29,110.96666666666667,-0.3400987684726715,-0.3184193581166625
UBFC_PHYS_s13_T2_ctrl,110,30,111.0,-0.3615206480026245,-0.31554099847390593
UBFC_PHYS_s13_T2_ctrl,110,31,111.03333333333333,-0.3688523769378662,-0.3335531352851583
UBFC_PHYS_s13_T2_ctrl,110,32,111.06666666666666,-0.3624795377254486,-0.3726360735306332
UBFC_PHYS_s13_T2_ctrl,110,33,111.1,-0.34626731276512146,-0.42376766467643523
UBFC_PHYS_s13_T2_ctrl,110,34,111.13333333333334,-0.3241468667984009,-0.47153674976152454
UBFC_PHYS_s13_T2_ctrl,110,35,111.16666666666667,-0.3005271255970001,-0.49893151540363645
UBFC_PHYS_s13_T2_ctrl,110,36,111.2,-0.2834845185279846,-0.4924452715933078
UBFC_PHYS_s13_T2_ctrl,110,37,111.23333333333333,-0.2687782049179077,-0.44598520979134837
UBFC_PHYS_s13_T2_ctrl,110,38,111.26666666666667,-0.23734231293201447,-0.36250955084629705
UBFC_PHYS_s13_T2_ctrl,110,39,111.3,-0.1924094259738922,-0.25297300160286046
UBFC_PHYS_s13_T2_ctrl,110,40,111.33333333333333,-0.16203129291534424,-0.13299106180121242
UBFC_PHYS_s13_T2_ctrl,110,41,111.36666666666666,-0.15420198440551758,-0.01836970616315545
UBFC_PHYS_s13_T2_ctrl,110,42,111.4,-0.15013904869556427,0.0790257575858132
UBFC_PHYS_s13_T2_ctrl,110,43,111.43333333333334,-0.1375877559185028,0.15380410735305322
UBFC_PHYS_s13_T2_ctrl,110,44,111.46666666666667,-0.12214331328868866,0.20738745046447926
UBFC_PHYS_s13_T2_ctrl,110,45,111.5,-0.11492689698934555,0.2463527001782713
UBFC_PHYS_s13_T2_ctrl,110,46,111.53333333333333,-0.11933253705501556,0.27954592277682855
UBFC_PHYS_s13_T2_ctrl,110,47,111.56666666666666,-0.1263347566127777,0.31490111250004105
UBFC_PHYS_s13_T2_ctrl,110,48,111.6,-0.1252572387456894,0.35671990933647835
UBFC_PHYS_s13_T2_ctrl,110,49,111.63333333333334,-0.113262839615345,0.4040264512458675
UBFC_PHYS_s13_T2_ctrl,110,50,111.66666666666667,-0.09370603412389755,0.4506247627092132
UBFC_PHYS_s13_T2_ctrl,110,51,111.7,-0.0660826563835144,0.487125567547583
UBFC_PHYS_s13_T2_ctrl,110,52,111.73333333333333,-0.0214792899787426,0.504230081108947
UBFC_PHYS_s13_T2_ctrl,110,53,111.76666666666667,0.04204162210226059,0.49582648461658985
UBFC_PHYS_s13_T2_ctrl,110,54,111.8,0.10653790086507797,0.46075145168281656
UBFC_PHYS_s13_T2_ctrl,110,55,111.83333333333333,0.15540850162506104,0.40290962033778743
UBFC_PHYS_s13_T2_ctrl,110,56,111.86666666666666,0.18412257730960846,0.33002075265801234
UBFC_PHYS_s13_T2_ctrl,110,57,111.9,0.18594810366630554,0.2514993931715851
UBFC_PHYS_s13_T2_ctrl,110,58,111.93333333333334,0.1616363674402237,0.17611582430701553
UBFC_PHYS_s13_T2_ctrl,110,59,111.96666666666667,0.13427990674972534,0.11018080977903477
UBFC_PHYS_s13_T2_ctrl,110,60,112.0,0.11886511743068695,0.056885361833543105
UBFC_PHYS_s13_T2_ctrl,110,61,112.03333333333333,0.09916002303361893,0.01688700194664177
UBFC_PHYS_s13_T2_ctrl,110,62,112.06666666666666,0.061209600418806076,-0.010577786511373607
UBFC_PHYS_s13_T2_ctrl,110,63,112.1,0.016777584329247475,-0.027027563274764018
UBFC_PHYS_s13_T2_ctrl,110,64,112.13333333333334,-0.015758883208036423,-0.03475604167157367
UBFC_PHYS_s13_T2_ctrl,110,65,112.16666666666667,-0.034557804465293884,-0.036965326749141096
UBFC_PHYS_s13_T2_ctrl,110,66,112.2,-0.05795677751302719,-0.03748052452067899
UBFC_PHYS_s13_T2_ctrl,110,67,112.23333333333333,-0.10858699679374695,-0.04006099605765443
UBFC_PHYS_s13_T2_ctrl,110,68,112.26666666666667,-0.17713303864002228,-0.04764554697440554
UBFC_PHYS_s13_T2_ctrl,110,69,112.3,-0.21276366710662842,-0.06189953520708665
UBFC_PHYS_s13_T2_ctrl,110,70,112.33333333333333,-0.19518066942691803,-0.08337136358425119
UBFC_PHYS_s13_T2_ctrl,110,71,112.36666666666666,-0.17220346629619598,-0.11237292028671554
UBFC_PHYS_s13_T2_ctrl,110,72,112.4,-0.1856180876493454,-0.1503072959702674
UBFC_PHYS_s13_T2_ctrl,110,73,112.43333333333334,-0.21105347573757172,-0.20073152427361518
UBFC_PHYS_s13_T2_ctrl,110,74,112.46666666666667,-0.20591631531715393,-0.2692505319622934
UBFC_PHYS_s13_T2_ctrl,110,75,112.5,-0.1701868325471878,-0.36166018136556277
UBFC_PHYS_s13_T2_ctrl,110,76,112.53333333333333,-0.14286331832408905,-0.4805757955271741
UBFC_PHYS_s13_T2_ctrl,110,77,112.56666666666666,-0.15567491948604584,-0.6216239712561415
UBFC_PHYS_s13_T2_ctrl,110,78,112.6,-0.19890420138835907,-0.7706640051123456
UBFC_PHYS_s13_T2_ctrl,110,79,112.63333333333334,-0.22778303921222687,-0.9034190673828307
UBFC_PHYS_s13_T2_ctrl,110,80,112.66666666666667,-0.20485197007656097,-0.988477234680397
UBFC_PHYS_s13_T2_ctrl,110,81,112.7,-0.14158809185028076,-0.9938505049913808
UBFC_PHYS_s13_T2_ctrl,110,82,112.73333333333333,-0.09165314584970474,-0.8961157047278956
UBFC_PHYS_s13_T2_ctrl,110,83,112.76666666666667,-0.09531407058238983,-0.6897308255021362
UBFC_PHYS_s13_T2_ctrl,110,84,112.8,-0.12584048509597778,-0.39292985647084455
UBFC_PHYS_s13_T2_ctrl,110,85,112.83333333333333,-0.11995203047990799,-0.04656832043028118
UBFC_PHYS_s13_T2_ctrl,110,86,112.86666666666666,-0.0540618896484375,0.2957441626239944
UBFC_PHYS_s13_T2_ctrl,110,87,112.9,0.03221873193979263,0.583768074363143
UBFC_PHYS_s13_T2_ctrl,110,88,112.93333333333334,0.09717962890863419,0.7860524866811244
UBFC_PHYS_s13_T2_ctrl,110,89,112.96666666666667,0.1556655317544937,0.8969533822524107
UBFC_PHYS_s13_T2_ctrl,110,90,113.0,0.24717888236045837,0.9325313669395617
UBFC_PHYS_s13_T2_ctrl,110,91,113.03333333333333,0.3700391352176666,0.9191300328768996
UBFC_PHYS_s13_T2_ctrl,110,92,113.06666666666666,0.47826555371284485,0.8813189468677609
UBFC_PHYS_s13_T2_ctrl,110,93,113.1,0.5352126359939575,0.8343478805910748
UBFC_PHYS_s13_T2_ctrl,110,94,113.13333333333334,0.5332256555557251,0.7825493942147446
UBFC_PHYS_s13_T2_ctrl,110,95,113.16666666666667,0.4855841398239136,0.7220262186203846
UBFC_PHYS_s13_T2_ctrl,110,96,113.2,0.41398677229881287,0.6451022464743668
UBFC_PHYS_s13_T2_ctrl,110,97,113.23333333333333,0.3332057595252991,0.5447621203013903
UBFC_PHYS_s13_T2_ctrl,110,98,113.26666666666667,0.2431422919034958,0.41817574216843767
UBFC_PHYS_s13_T2_ctrl,110,99,113.3,0.14509133994579315,0.26878513186749986
UBFC_PHYS_s13_T2_ctrl,110,100,113.33333333333333,0.05839882418513298,0.10649697337735586
UBFC_PHYS_s13_T2_ctrl,110,101,113.36666666666666,0.0005258267046883702,-0.0542055777713099
UBFC_PHYS_s13_T2_ctrl,110,102,113.4,-0.038254979997873306,-0.19770069880486715
UBFC_PHYS_s13_T2_ctrl,110,103,113.43333333333334,-0.08092408627271652,-0.31105080096233717
UBFC_PHYS_s13_T2_ctrl,110,104,113.46666666666667,-0.13116218149662018,-0.38704829226635673
UBFC_PHYS_s13_T2_ctrl,110,105,113.5,-0.18249426782131195,-0.4257550960738341
UBFC_PHYS_s13_T2_ctrl,110,106,113.53333333333333,-0.24262116849422455,-0.434225197730795
UBFC_PHYS_s13_T2_ctrl,110,107,113.56666666666666,-0.3050810396671295,-0.424409636486334
UBFC_PHYS_s13_T2_ctrl,110,108,113.6,-0.34535783529281616,-0.4095869714684352
UBFC_PHYS_s13_T2_ctrl,110,109,113.63333333333334,-0.3715642988681793,-0.40018402673874715
UBFC_PHYS_s13_T2_ctrl,110,110,113.66666666666667,-0.40626898407936096,-0.4004043349602922
UBFC_PHYS_s13_T2_ctrl,110,111,113.7,-0.429661363363266,-0.40706924868583333
UBFC_PHYS_s13_T2_ctrl,110,112,113.73333333333333,-0.4233972728252411,-0.411164827026139
UBFC_PHYS_s13_T2_ctrl,110,113,113.76666666666667,-0.418233722448349,-0.40134035191429895
UBFC_PHYS_s13_T2_ctrl,110,114,113.8,-0.423473060131073,-0.3678492036170067
UBFC_PHYS_s13_T2_ctrl,110,115,113.83333333333333,-0.40366581082344055,-0.3055132803304256
UBFC_PHYS_s13_T2_ctrl,110,116,113.86666666666666,-0.36179742217063904,-0.2150387597617295
UBFC_PHYS_s13_T2_ctrl,110,117,113.9,-0.33760762214660645,-0.1028060213821209
UBFC_PHYS_s13_T2_ctrl,110,118,113.93333333333334,-0.3257845640182495,0.02039836679478864
UBFC_PHYS_s13_T2_ctrl,110,119,113.96666666666667,-0.2804628610610962,0.14127246498877974
UBFC_PHYS_s13_T2_ctrl,110,120,114.0,-0.19386260211467743,0.24617390395057115
UBFC_PHYS_s13_T2_ctrl,110,121,114.03333333333333,-0.11095622181892395,0.32325995430838844
UBFC_PHYS_s13_T2_ctrl,110,122,114.06666666666666,-0.0614694245159626,0.3642447357870499
UBFC_PHYS_s13_T2_ctrl,110,123,114.1,-0.012285778298974037,0.3654560566008395
UBFC_PHYS_s13_T2_ctrl,110,124,114.13333333333334,0.09137025475502014,0.3280332603452379
UBFC_PHYS_s13_T2_ctrl,110,125,114.16666666666667,0.2377382218837738,0.2573177586638732
UBFC_PHYS_s13_T2_ctrl,110,126,114.2,0.3579261004924774,0.16166703401749996
UBFC_PHYS_s13_T2_ctrl,110,127,114.23333333333333,0.4271872043609619,0.05111941729368649
UBFC_PHYS_s13_T2_ctrl,110,128,114.26666666666667,0.47243642807006836,-0.06352308400541293
UBFC_PHYS_s13_T2_ctrl,110,129,114.3,0.5084229111671448,-0.1709293107283863
UBFC_PHYS_s13_T2_ctrl,110,130,114.33333333333333,0.5382243990898132,-0.25931739461921294
UBFC_PHYS_s13_T2_ctrl,110,131,114.36666666666666,0.54546058177948,-0.3173683734706347
UBFC_PHYS_s13_T2_ctrl,110,132,114.4,0.47829192876815796,-0.33641978199661265
UBFC_PHYS_s13_T2_ctrl,110,133,114.43333333333334,0.3298875391483307,-0.3132295884013187
UBFC_PHYS_s13_T2_ctrl,110,134,114.46666666666667,0.17652063071727753,-0.2517720205203006
UBFC_PHYS_s13_T2_ctrl,110,135,114.5,0.06320976465940475,-0.16271317234405777
UBFC_PHYS_s13_T2_ctrl,110,136,114.53333333333333,-0.056536559015512466,-0.0604447373705132
UBFC_PHYS_s13_T2_ctrl,110,137,114.56666666666666,-0.21406854689121246,0.040981122559442154
UBFC_PHYS_s13_T2_ctrl,110,138,114.6,-0.3771100640296936,0.13099860377619293
UBFC_PHYS_s13_T2_ctrl,110,139,114.63333333333334,-0.5259692072868347,0.20338202040382064
UBFC_PHYS_s13_T2_ctrl,110,140,114.66666666666667,-0.6722712516784668,0.25504106598631904
UBFC_PHYS_s13_T2_ctrl,110,141,114.7,-0.8062691688537598,0.2842848807927995
UBFC_PHYS_s13_T2_ctrl,110,142,114.73333333333333,-0.9105084538459778,0.290043882500842
UBFC_PHYS_s13_T2_ctrl,110,143,114.76666666666667,-1.014108419418335,0.2725169301842522
UBFC_PHYS_s13_T2_ctrl,110,144,114.8,-1.1562058925628662,0.23465329498135995
UBFC_PHYS_s13_T2_ctrl,110,145,114.83333333333333,-1.3135929107666016,0.1833551591777095
UBFC_PHYS_s13_T2_ctrl,110,146,114.86666666666666,-1.4139504432678223,0.12941227284421825
UBFC_PHYS_s13_T2_ctrl,110,147,114.9,-1.3787778615951538,0.08571900990526095
UBFC_PHYS_s13_T2_ctrl,110,148,114.93333333333334,-1.181054711341858,0.0639723853895122
UBFC_PHYS_s13_T2_ctrl,110,149,114.96666666666667,-0.8960492610931396,0.0707131260188521
UBFC_PHYS_s13_T2_ctrl,110,150,115.0,-0.6458275318145752,0.104163733154103
UBFC_PHYS_s13_T2_ctrl,110,151,115.03333333333333,-0.48974213004112244,0.1535533085006514
UBFC_PHYS_s13_T2_ctrl,110,152,115.06666666666666,-0.40978163480758667,0.20208151546154454
UBFC_PHYS_s13_T2_ctrl,110,153,115.1,-0.37627968192100525,0.23299209296496126
UBFC_PHYS_s13_T2_ctrl,110,154,115.13333333333334,-0.3550390303134918,0.23597870434499585
UBFC_PHYS_s13_T2_ctrl,110,155,115.16666666666667,-0.319853276014328,0.2103851891796168
UBFC_PHYS_s13_T2_ctrl,110,156,115.2,-0.27341118454933167,0.16358692370885852
UBFC_PHYS_s13_T2_ctrl,110,157,115.23333333333333,-0.23140442371368408,0.10585277947916351
UBFC_PHYS_s13_T2_ctrl,110,158,115.26666666666667,-0.20279578864574432,0.04457194902173958
UBFC_PHYS_s13_T2_ctrl,110,159,115.3,-0.19862741231918335,-0.019453037453269248
UBFC_PHYS_s13_T2_ctrl,110,160,115.33333333333333,-0.24065394699573517,-0.09216794015030504
UBFC_PHYS_s13_T2_ctrl,110,161,115.36666666666666,-0.34001967310905457,-0.18290067448221414
UBFC_PHYS_s13_T2_ctrl,110,162,115.4,-0.47556960582733154,-0.29871715719727804
UBFC_PHYS_s13_T2_ctrl,110,163,115.43333333333334,-0.6053826808929443,-0.4385095101014655
UBFC_PHYS_s13_T2_ctrl,110,164,115.46666666666667,-0.6981284022331238,-0.5890818509842768
UBFC_PHYS_s13_T2_ctrl,110,165,115.5,-0.7461653351783752,-0.7251899648929507
UBFC_PHYS_s13_T2_ctrl,110,166,115.53333333333333,-0.7557476758956909,-0.8145339608235272
UBFC_PHYS_s13_T2_ctrl,110,167,115.56666666666666,-0.7386227250099182,-0.8270666901257395
UBFC_PHYS_s13_T2_ctrl,110,168,115.6,-0.7031436562538147,-0.7459361322068094
UBFC_PHYS_s13_T2_ctrl,110,169,115.63333333333334,-0.6508065462112427,-0.5756619974038514
UBFC_PHYS_s13_T2_ctrl,110,170,115.66666666666667,-0.5724112391471863,-0.3429839937843677
UBFC_PHYS_s13_T2_ctrl,110,171,115.7,-0.4557986259460449,-0.08865446635654384
UBFC_PHYS_s13_T2_ctrl,110,172,115.73333333333333,-0.299663782119751,0.14632276920730733
UBFC_PHYS_s13_T2_ctrl,110,173,115.76666666666667,-0.11740486323833466,0.3330404042947144
UBFC_PHYS_s13_T2_ctrl,110,174,115.8,0.0680932030081749,0.4601722601199195
UBFC_PHYS_s13_T2_ctrl,110,175,115.83333333333333,0.2345419079065323,0.5317277877655638
UBFC_PHYS_s13_T2_ctrl,110,176,115.86666666666666,0.35897067189216614,0.5600519609803731
UBFC_PHYS_s13_T2_ctrl,110,177,115.9,0.4153904914855957,0.5583494425841121
UBFC_PHYS_s13_T2_ctrl,110,178,115.93333333333334,0.383433997631073,0.5359224530357463
UBFC_PHYS_s13_T2_ctrl,110,179,115.96666666666667,0.26525944471359253,0.49709743552385854
UBFC_PHYS_s13_T2_ctrl,110,180,116.0,0.09751244634389877,0.442928698698755
UBFC_PHYS_s13_T2_ctrl,110,181,116.03333333333333,-0.055416204035282135,0.37394022684368167
UBFC_PHYS_s13_T2_ctrl,110,182,116.06666666666666,-0.1299792230129242,0.2923745940926782
UBFC_PHYS_s13_T2_ctrl,110,183,116.1,-0.09068766236305237,0.20312865083716186
UBFC_PHYS_s13_T2_ctrl,110,184,116.13333333333334,0.05463245138525963,0.11322420452226983
UBFC_PHYS_s13_T2_ctrl,110,185,116.16666666666667,0.25864604115486145,0.03017144460329587
UBFC_PHYS_s13_T2_ctrl,110,186,116.2,0.46680498123168945,-0.04002669712523486
UBFC_PHYS_s13_T2_ctrl,110,187,116.23333333333333,0.6537265777587891,-0.09435195400317732
UBFC_PHYS_s13_T2_ctrl,110,188,116.26666666666667,0.82625812292099,-0.13311072387016035
UBFC_PHYS_s13_T2_ctrl,110,189,116.3,0.9964798092842102,-0.15905214234698864
UBFC_PHYS_s13_T2_ctrl,110,190,116.33333333333333,1.1629549264907837,-0.17573523054615325
UBFC_PHYS_s13_T2_ctrl,110,191,116.36666666666666,1.318961262702942,-0.1859289253506206
UBFC_PHYS_s13_T2_ctrl,110,192,116.4,1.4625810384750366,-0.1907501446231031
UBFC_PHYS_s13_T2_ctrl,110,193,116.43333333333334,1.6079868078231812,-0.189830031754694
UBFC_PHYS_s13_T2_ctrl,110,194,116.46666666666667,1.7636207342147827,-0.18226519523234966
UBFC_PHYS_s13_T2_ctrl,110,195,116.5,1.8794227838516235,-0.16775076236945147
UBFC_PHYS_s13_T2_ctrl,110,196,116.53333333333333,1.872374415397644,-0.14729043880289377
UBFC_PHYS_s13_T2_ctrl,110,197,116.56666666666666,1.744314432144165,-0.1231713222392534
UBFC_PHYS_s13_T2_ctrl,110,198,116.6,1.5585099458694458,-0.09827546290467869
UBFC_PHYS_s13_T2_ctrl,110,199,116.63333333333334,1.3624310493469238,-0.07508643573972897
UBFC_PHYS_s13_T2_ctrl,110,200,116.66666666666667,1.1894644498825073,-0.054834986989627216
UBFC_PHYS_s13_T2_ctrl,110,201,116.7,1.0706309080123901,-0.03713631921907811
UBFC_PHYS_s13_T2_ctrl,110,202,116.73333333333333,1.0034193992614746,-0.020285137950091868
UBFC_PHYS_s13_T2_ctrl,110,203,116.76666666666667,0.9623023867607117,-0.002157167910328314
UBFC_PHYS_s13_T2_ctrl,110,204,116.8,0.9349623918533325,0.018548917580900944
UBFC_PHYS_s13_T2_ctrl,110,205,116.83333333333333,0.9198870062828064,0.04119599053275074
UBFC_PHYS_s13_T2_ctrl,110,206,116.86666666666666,0.9082616567611694,0.06280234500039043
UBFC_PHYS_s13_T2_ctrl,110,207,116.9,0.8847835659980774,0.07878194374771544
UBFC_PHYS_s13_T2_ctrl,110,208,116.93333333333334,0.8456600904464722,0.08478048783464744
UBFC_PHYS_s13_T2_ctrl,110,209,116.96666666666667,0.806790292263031,0.07892863779821423
UBFC_PHYS_s13_T2_ctrl,110,210,117.0,0.7911778092384338,0.06341740966300684
UBFC_PHYS_s13_T2_ctrl,110,211,117.03333333333333,0.8313458561897278,0.04440494921920258
UBFC_PHYS_s13_T2_ctrl,110,212,117.06666666666666,0.9442646503448486,0.029960470047762512
UBFC_PHYS_s13_T2_ctrl,110,213,117.1,1.0835216045379639,0.026749062107298813
UBFC_PHYS_s13_T2_ctrl,110,214,117.13333333333334,1.1750679016113281,0.036963988482997874
UBFC_PHYS_s13_T2_ctrl,110,215,117.16666666666667,1.2144583463668823,0.057153589391850966
UBFC_PHYS_s13_T2_ctrl,110,216,117.2,1.2299752235412598,0.07981682489425099
UBFC_PHYS_s13_T2_ctrl,110,217,117.23333333333333,1.1860276460647583,0.09706793855514395
UBFC_PHYS_s13_T2_ctrl,110,218,117.26666666666667,1.0290855169296265,0.10411788772370059
UBFC_PHYS_s13_T2_ctrl,110,219,117.3,0.7872532606124878,0.10037212407615471
UBFC_PHYS_s13_T2_ctrl,110,220,117.33333333333333,0.5415854454040527,0.08804298696727905
UBFC_PHYS_s13_T2_ctrl,110,221,117.36666666666666,0.36749526858329773,0.07014493923924582
UBFC_PHYS_s13_T2_ctrl,110,222,117.4,0.30790549516677856,0.049535302342434515
UBFC_PHYS_s13_T2_ctrl,110,223,117.43333333333334,0.3324149250984192,0.02905424385037615
UBFC_PHYS_s13_T2_ctrl,110,224,117.46666666666667,0.3381617069244385,0.011669958171580352
UBFC_PHYS_s13_T2_ctrl,110,225,117.5,0.22503535449504852,-0.0003487942827802534
UBFC_PHYS_s13_T2_ctrl,110,226,117.53333333333333,-0.02267543599009514,-0.0071188446411095535
UBFC_PHYS_s13_T2_ctrl,110,227,117.56666666666666,-0.3071240484714508,-0.012472343281255373
UBFC_PHYS_s13_T2_ctrl,110,228,117.6,-0.5133519768714905,-0.023527595694386932
UBFC_PHYS_s13_T2_ctrl,110,229,117.63333333333334,-0.587134063243866,-0.048007899183574836
UBFC_PHYS_s13_T2_ctrl,110,230,117.66666666666667,-0.5418815612792969,-0.09028258081692753
UBFC_PHYS_s13_T2_ctrl,110,231,117.7,-0.41778889298439026,-0.14815150120828016
UBFC_PHYS_s13_T2_ctrl,110,232,117.73333333333333,-0.2652161121368408,-0.21224152363604898
UBFC_PHYS_s13_T2_ctrl,110,233,117.76666666666667,-0.15496645867824554,-0.26853083588936894
UBFC_PHYS_s13_T2_ctrl,110,234,117.8,-0.1292213350534439,-0.3027520471978984
UBFC_PHYS_s13_T2_ctrl,110,235,117.83333333333333,-0.131880521774292,-0.30454542628872516
UBFC_PHYS_s13_T2_ctrl,110,236,117.86666666666666,-0.08023868501186371,-0.2698802925810033
UBFC_PHYS_s13_T2_ctrl,110,237,117.9,0.01912044733762741,-0.20150304244710984
UBFC_PHYS_s13_T2_ctrl,110,238,117.93333333333334,0.09610540419816971,-0.10786595850238574
UBFC_PHYS_s13_T2_ctrl,110,239,117.96666666666667,0.11166847497224808,-0.001204561096769566
UBFC_PHYS_s13_T2_ctrl,111,0,111.0,-0.3615206480026245,-0.007059269295438121
UBFC_PHYS_s13_T2_ctrl,111,1,111.03333333333333,-0.3688523769378662,-0.2966731006613207
UBFC_PHYS_s13_T2_ctrl,111,2,111.06666666666666,-0.3624795377254486,-0.5580493475488462
UBFC_PHYS_s13_T2_ctrl,111,3,111.1,-0.34626731276512146,-0.7640846340741878
UBFC_PHYS_s13_T2_ctrl,111,4,111.13333333333334,-0.3241468667984009,-0.8945979139929447
UBFC_PHYS_s13_T2_ctrl,111,5,111.16666666666667,-0.3005271255970001,-0.9404260239587752
UBFC_PHYS_s13_T2_ctrl,111,6,111.2,-0.2834845185279846,-0.9059753483859164
UBFC_PHYS_s13_T2_ctrl,111,7,111.23333333333333,-0.2687782049179077,-0.8090048868591749
UBFC_PHYS_s13_T2_ctrl,111,8,111.26666666666667,-0.23734231293201447,-0.677445013206078
UBFC_PHYS_s13_T2_ctrl,111,9,111.3,-0.1924094259738922,-0.5438761002196187
UBFC_PHYS_s13_T2_ctrl,111,10,111.33333333333333,-0.16203129291534424,-0.4386686914902253
UBFC_PHYS_s13_T2_ctrl,111,11,111.36666666666666,-0.15420198440551758,-0.38306204303630786
UBFC_PHYS_s13_T2_ctrl,111,12,111.4,-0.15013904869556427,-0.383839808504432
UBFC_PHYS_s13_T2_ctrl,111,13,111.43333333333334,-0.1375877559185028,-0.4312108172603448
UBFC_PHYS_s13_T2_ctrl,111,14,111.46666666666667,-0.12214331328868866,-0.5006270756854815
UBFC_PHYS_s13_T2_ctrl,111,15,111.5,-0.11492689698934555,-0.5581971483034589
UBFC_PHYS_s13_T2_ctrl,111,16,111.53333333333333,-0.11933253705501556,-0.5687465083880011
UBFC_PHYS_s13_T2_ctrl,111,17,111.56666666666666,-0.1263347566127777,-0.5051645830029006
UBFC_PHYS_s13_T2_ctrl,111,18,111.6,-0.1252572387456894,-0.35699230291971595
UBFC_PHYS_s13_T2_ctrl,111,19,111.63333333333334,-0.113262839615345,-0.1353995619008699
UBFC_PHYS_s13_T2_ctrl,111,20,111.66666666666667,-0.09370603412389755,0.1283578373015773
UBFC_PHYS_s13_T2_ctrl,111,21,111.7,-0.0660826563835144,0.39194775179311964
UBFC_PHYS_s13_T2_ctrl,111,22,111.73333333333333,-0.0214792899787426,0.6155176746967341
UBFC_PHYS_s13_T2_ctrl,111,23,111.76666666666667,0.04204162210226059,0.773931661579949
UBFC_PHYS_s13_T2_ctrl,111,24,111.8,0.10653790086507797,0.8623853152853825
UBFC_PHYS_s13_T2_ctrl,111,25,111.83333333333333,0.15540850162506104,0.8935983363847374
UBFC_PHYS_s13_T2_ctrl,111,26,111.86666666666666,0.18412257730960846,0.8888506425650717
UBFC_PHYS_s13_T2_ctrl,111,27,111.9,0.18594810366630554,0.8675525782878047
UBFC_PHYS_s13_T2_ctrl,111,28,111.93333333333334,0.1616363674402237,0.8398294461362315
UBFC_PHYS_s13_T2_ctrl,111,29,111.96666666666667,0.13427990674972534,0.804555455305128
UBFC_PHYS_s13_T2_ctrl,111,30,112.0,0.11886511743068695,0.7528189226428906
UBFC_PHYS_s13_T2_ctrl,111,31,112.03333333333333,0.09916002303361893,0.6747047501808081
UBFC_PHYS_s13_T2_ctrl,111,32,112.06666666666666,0.061209600418806076,0.5660188652938353
UBFC_PHYS_s13_T2_ctrl,111,33,112.1,0.016777584329247475,0.43183018250375155
UBFC_PHYS_s13_T2_ctrl,111,34,112.13333333333334,-0.015758883208036423,0.2855328434058621
UBFC_PHYS_s13_T2_ctrl,111,35,112.16666666666667,-0.034557804465293884,0.1443251182826182
UBFC_PHYS_s13_T2_ctrl,111,36,112.2,-0.05795677751302719,0.023274682371666827
UBFC_PHYS_s13_T2_ctrl,111,37,112.23333333333333,-0.10858699679374695,-0.06967655619576042
UBFC_PHYS_s13_T2_ctrl,111,38,112.26666666666667,-0.17713303864002228,-0.13595538414617736
UBFC_PHYS_s13_T2_ctrl,111,39,112.3,-0.21276366710662842,-0.18514140463132275
UBFC_PHYS_s13_T2_ctrl,111,40,112.33333333333333,-0.19518066942691803,-0.23103390093527587
UBFC_PHYS_s13_T2_ctrl,111,41,112.36666666666666,-0.17220346629619598,-0.28693857259649963
UBFC_PHYS_s13_T2_ctrl,111,42,112.4,-0.1856180876493454,-0.36238382001050984
UBFC_PHYS_s13_T2_ctrl,111,43,112.43333333333334,-0.21105347573757172,-0.462443738299399
UBFC_PHYS_s13_T2_ctrl,111,44,112.46666666666667,-0.20591631531715393,-0.5889256491674669
UBFC_PHYS_s13_T2_ctrl,111,45,112.5,-0.1701868325471878,-0.7413249815746491
UBFC_PHYS_s13_T2_ctrl,111,46,112.53333333333333,-0.14286331832408905,-0.9157999235316271
UBFC_PHYS_s13_T2_ctrl,111,47,112.56666666666666,-0.15567491948604584,-1.1020624777417118
UBFC_PHYS_s13_T2_ctrl,111,48,112.6,-0.19890420138835907,-1.2798247653640236
UBFC_PHYS_s13_T2_ctrl,111,49,112.63333333333334,-0.22778303921222687,-1.4173366832673162
UBFC_PHYS_s13_T2_ctrl,111,50,112.66666666666667,-0.20485197007656097,-1.4741922862612358
UBFC_PHYS_s13_T2_ctrl,111,51,112.7,-0.14158809185028076,-1.4091792058831587
UBFC_PHYS_s13_T2_ctrl,111,52,112.73333333333333,-0.09165314584970474,-1.192024107449344
UBFC_PHYS_s13_T2_ctrl,111,53,112.76666666666667,-0.09531407058238983,-0.815929374960669
UBFC_PHYS_s13_T2_ctrl,111,54,112.8,-0.12584048509597778,-0.3063727947976941
UBFC_PHYS_s13_T2_ctrl,111,55,112.83333333333333,-0.11995203047990799,0.27850439202961114
UBFC_PHYS_s13_T2_ctrl,111,56,112.86666666666666,-0.0540618896484375,0.8586555737571027
UBFC_PHYS_s13_T2_ctrl,111,57,112.9,0.03221873193979263,1.3521585396445919
UBFC_PHYS_s13_T2_ctrl,111,58,112.93333333333334,0.09717962890863419,1.6969509874563409
UBFC_PHYS_s13_T2_ctrl,111,59,112.96666666666667,0.1556655317544937,1.864764560723694
UBFC_PHYS_s13_T2_ctrl,111,60,113.0,0.24717888236045837,1.862298488115311
UBFC_PHYS_s13_T2_ctrl,111,61,113.03333333333333,0.3700391352176666,1.721703367011184
UBFC_PHYS_s13_T2_ctrl,111,62,113.06666666666666,0.47826555371284485,1.486479111561882
UBFC_PHYS_s13_T2_ctrl,111,63,113.1,0.5352126359939575,1.198759448959656
UBFC_PHYS_s13_T2_ctrl,111,64,113.13333333333334,0.5332256555557251,0.8913843641690617
UBFC_PHYS_s13_T2_ctrl,111,65,113.16666666666667,0.4855841398239136,0.5852814518166048
UBFC_PHYS_s13_T2_ctrl,111,66,113.2,0.41398677229881287,0.290940234187607
UBFC_PHYS_s13_T2_ctrl,111,67,113.23333333333333,0.3332057595252991,0.012273669150235774
UBFC_PHYS_s13_T2_ctrl,111,68,113.26666666666667,0.2431422919034958,-0.24871153693070727
UBFC_PHYS_s13_T2_ctrl,111,69,113.3,0.14509133994579315,-0.4877603669724519
UBFC_PHYS_s13_T2_ctrl,111,70,113.33333333333333,0.05839882418513298,-0.695865863939149
UBFC_PHYS_s13_T2_ctrl,111,71,113.36666666666666,0.0005258267046883702,-0.8593358583880377
UBFC_PHYS_s13_T2_ctrl,111,72,113.4,-0.038254979997873306,-0.9628380289778291
UBFC_PHYS_s13_T2_ctrl,111,73,113.43333333333334,-0.08092408627271652,-0.9947826494786902
UBFC_PHYS_s13_T2_ctrl,111,74,113.46666666666667,-0.13116218149662018,-0.9530568660986883
UBFC_PHYS_s13_T2_ctrl,111,75,113.5,-0.18249426782131195,-0.8484598104386064
UBFC_PHYS_s13_T2_ctrl,111,76,113.53333333333333,-0.24262116849422455,-0.7039187006178357
UBFC_PHYS_s13_T2_ctrl,111,77,113.56666666666666,-0.3050810396671295,-0.5492023411369953
UBFC_PHYS_s13_T2_ctrl,111,78,113.6,-0.34535783529281616,-0.4125266342601078
UBFC_PHYS_s13_T2_ctrl,111,79,113.63333333333334,-0.3715642988681793,-0.31185678610771955
UBFC_PHYS_s13_T2_ctrl,111,80,113.66666666666667,-0.40626898407936096,-0.2494706594778986
UBFC_PHYS_s13_T2_ctrl,111,81,113.7,-0.429661363363266,-0.2124505953804754
UBFC_PHYS_s13_T2_ctrl,111,82,113.73333333333333,-0.4233972728252411,-0.17900454259410153
UBFC_PHYS_s13_T2_ctrl,111,83,113.76666666666667,-0.418233722448349,-0.12764869317039673
UBFC_PHYS_s13_T2_ctrl,111,84,113.8,-0.423473060131073,-0.04523833100501358
UBFC_PHYS_s13_T2_ctrl,111,85,113.83333333333333,-0.40366581082344055,0.0692006728463572
UBFC_PHYS_s13_T2_ctrl,111,86,113.86666666666666,-0.36179742217063904,0.20578275466858115
UBFC_PHYS_s13_T2_ctrl,111,87,113.9,-0.33760762214660645,0.3488361106865094
UBFC_PHYS_s13_T2_ctrl,111,88,113.93333333333334,-0.3257845640182495,0.48275925007076614
UBFC_PHYS_s13_T2_ctrl,111,89,113.96666666666667,-0.2804628610610962,0.5957570612424878
UBFC_PHYS_s13_T2_ctrl,111,90,114.0,-0.19386260211467743,0.6803643740172621
UBFC_PHYS_s13_T2_ctrl,111,91,114.03333333333333,-0.11095622181892395,0.7317643765502996
UBFC_PHYS_s13_T2_ctrl,111,92,114.06666666666666,-0.0614694245159626,0.7457937737687403
UBFC_PHYS_s13_T2_ctrl,111,93,114.1,-0.012285778298974037,0.7180860207597248
UBFC_PHYS_s13_T2_ctrl,111,94,114.13333333333334,0.09137025475502014,0.644759908335776
UBFC_PHYS_s13_T2_ctrl,111,95,114.16666666666667,0.2377382218837738,0.5241096613031662
UBFC_PHYS_s13_T2_ctrl,111,96,114.2,0.3579261004924774,0.3583569483702311
UBFC_PHYS_s13_T2_ctrl,111,97,114.23333333333333,0.4271872043609619,0.1548203263429352
UBFC_PHYS_s13_T2_ctrl,111,98,114.26666666666667,0.47243642807006836,-0.07350369740684057
UBFC_PHYS_s13_T2_ctrl,111,99,114.3,0.5084229111671448,-0.30777757861438115
UBFC_PHYS_s13_T2_ctrl,111,100,114.33333333333333,0.5382243990898132,-0.5240103018012993
UBFC_PHYS_s13_T2_ctrl,111,101,114.36666666666666,0.54546058177948,-0.6955024877171219
UBFC_PHYS_s13_T2_ctrl,111,102,114.4,0.47829192876815796,-0.7974018524413243
UBFC_PHYS_s13_T2_ctrl,111,103,114.43333333333334,0.3298875391483307,-0.8124927610470712
UBFC_PHYS_s13_T2_ctrl,111,104,114.46666666666667,0.17652063071727753,-0.7363612988986082
UBFC_PHYS_s13_T2_ctrl,111,105,114.5,0.06320976465940475,-0.5799163184334283
UBFC_PHYS_s13_T2_ctrl,111,106,114.53333333333333,-0.056536559015512466,-0.36804519651437034
UBFC_PHYS_s13_T2_ctrl,111,107,114.56666666666666,-0.21406854689121246,-0.13468943650096477
UBFC_PHYS_s13_T2_ctrl,111,108,114.6,-0.3771100640296936,0.08386458353417224
UBFC_PHYS_s13_T2_ctrl,111,109,114.63333333333334,-0.5259692072868347,0.2552307947843815
UBFC_PHYS_s13_T2_ctrl,111,110,114.66666666666667,-0.6722712516784668,0.3554441901611615
UBFC_PHYS_s13_T2_ctrl,111,111,114.7,-0.8062691688537598,0.3718474197896598
UBFC_PHYS_s13_T2_ctrl,111,112,114.73333333333333,-0.9105084538459778,0.30490657875172583
UBFC_PHYS_s13_T2_ctrl,111,113,114.76666666666667,-1.014108419418335,0.16906181094013178
UBFC_PHYS_s13_T2_ctrl,111,114,114.8,-1.1562058925628662,-0.00798699366094982
UBFC_PHYS_s13_T2_ctrl,111,115,114.83333333333333,-1.3135929107666016,-0.18843579343393066
UBFC_PHYS_s13_T2_ctrl,111,116,114.86666666666666,-1.4139504432678223,-0.3303829302495708
UBFC_PHYS_s13_T2_ctrl,111,117,114.9,-1.3787778615951538,-0.39614278319458035
UBFC_PHYS_s13_T2_ctrl,111,118,114.93333333333334,-1.181054711341858,-0.361346512149446
UBFC_PHYS_s13_T2_ctrl,111,119,114.96666666666667,-0.8960492610931396,-0.22255863076457122
UBFC_PHYS_s13_T2_ctrl,111,120,115.0,-0.6458275318145752,-0.000785073915416865
UBFC_PHYS_s13_T2_ctrl,111,121,115.03333333333333,-0.48974213004112244,0.2614588052323274
UBFC_PHYS_s13_T2_ctrl,111,122,115.06666666666666,-0.40978163480758667,0.5104620241870482
UBFC_PHYS_s13_T2_ctrl,111,123,115.1,-0.37627968192100525,0.6968719854747597
UBFC_PHYS_s13_T2_ctrl,111,124,115.13333333333334,-0.3550390303134918,0.7905314929058088
UBFC_PHYS_s13_T2_ctrl,111,125,115.16666666666667,-0.319853276014328,0.7876662745675167
UBFC_PHYS_s13_T2_ctrl,111,126,115.2,-0.27341118454933167,0.707395422303009
UBFC_PHYS_s13_T2_ctrl,111,127,115.23333333333333,-0.23140442371368408,0.5801750454053826
UBFC_PHYS_s13_T2_ctrl,111,128,115.26666666666667,-0.20279578864574432,0.4339523206286731
UBFC_PHYS_s13_T2_ctrl,111,129,115.3,-0.19862741231918335,0.28373927679755445
UBFC_PHYS_s13_T2_ctrl,111,130,115.33333333333333,-0.24065394699573517,0.12827170300971452
UBFC_PHYS_s13_T2_ctrl,111,131,115.36666666666666,-0.34001967310905457,-0.045450303743203184
UBFC_PHYS_s13_T2_ctrl,111,132,115.4,-0.47556960582733154,-0.25174619782426355
UBFC_PHYS_s13_T2_ctrl,111,133,115.43333333333334,-0.6053826808929443,-0.4939862191389585
UBFC_PHYS_s13_T2_ctrl,111,134,115.46666666666667,-0.6981284022331238,-0.7552764041401256
UBFC_PHYS_s13_T2_ctrl,111,135,115.5,-0.7461653351783752,-0.9963234412785025
UBFC_PHYS_s13_T2_ctrl,111,136,115.53333333333333,-0.7557476758956909,-1.162771306405166
UBFC_PHYS_s13_T2_ctrl,111,137,115.56666666666666,-0.7386227250099182,-1.2010753184412735
UBFC_PHYS_s13_T2_ctrl,111,138,115.6,-0.7031436562538147,-1.0781369605639117
UBFC_PHYS_s13_T2_ctrl,111,139,115.63333333333334,-0.6508065462112427,-0.7971350903650268
UBFC_PHYS_s13_T2_ctrl,111,140,115.66666666666667,-0.5724112391471863,-0.4020881876653735
UBFC_PHYS_s13_T2_ctrl,111,141,115.7,-0.4557986259460449,0.03238940919648764
UBFC_PHYS_s13_T2_ctrl,111,142,115.73333333333333,-0.299663782119751,0.4230233891697081
UBFC_PHYS_s13_T2_ctrl,111,143,115.76666666666667,-0.11740486323833466,0.7026788164405224
UBFC_PHYS_s13_T2_ctrl,111,144,115.8,0.0680932030081749,0.8379455599795597
UBFC_PHYS_s13_T2_ctrl,111,145,115.83333333333333,0.2345419079065323,0.83332552701844
UBFC_PHYS_s13_T2_ctrl,111,146,115.86666666666666,0.35897067189216614,0.7226165423390042
UBFC_PHYS_s13_T2_ctrl,111,147,115.9,0.4153904914855957,0.5534632235242056
UBFC_PHYS_s13_T2_ctrl,111,148,115.93333333333334,0.383433997631073,0.3720141947603766
UBFC_PHYS_s13_T2_ctrl,111,149,115.96666666666667,0.26525944471359253,0.2122553973106582
UBFC_PHYS_s13_T2_ctrl,111,150,116.0,0.09751244634389877,0.09159655249368864
UBFC_PHYS_s13_T2_ctrl,111,151,116.03333333333333,-0.055416204035282135,0.012115212494505303
UBFC_PHYS_s13_T2_ctrl,111,152,116.06666666666666,-0.1299792230129242,-0.0342992787252299
UBFC_PHYS_s13_T2_ctrl,111,153,116.1,-0.09068766236305237,-0.059264732605312245
UBFC_PHYS_s13_T2_ctrl,111,154,116.13333333333334,0.05463245138525963,-0.07235941950477691
UBFC_PHYS_s13_T2_ctrl,111,155,116.16666666666667,0.25864604115486145,-0.07879029476137497
UBFC_PHYS_s13_T2_ctrl,111,156,116.2,0.46680498123168945,-0.08053815327409519
UBFC_PHYS_s13_T2_ctrl,111,157,116.23333333333333,0.6537265777587891,-0.07924000141426829
UBFC_PHYS_s13_T2_ctrl,111,158,116.26666666666667,0.82625812292099,-0.07826315783528942
UBFC_PHYS_s13_T2_ctrl,111,159,116.3,0.9964798092842102,-0.08233493436465257
UBFC_PHYS_s13_T2_ctrl,111,160,116.33333333333333,1.1629549264907837,-0.09511226058554872
UBFC_PHYS_s13_T2_ctrl,111,161,116.36666666666666,1.318961262702942,-0.11662477779740732
UBFC_PHYS_s13_T2_ctrl,111,162,116.4,1.4625810384750366,-0.1424267409545822
UBFC_PHYS_s13_T2_ctrl,111,163,116.43333333333334,1.6079868078231812,-0.1649980840741033
UBFC_PHYS_s13_T2_ctrl,111,164,116.46666666666667,1.7636207342147827,-0.1765997917467469
UBFC_PHYS_s13_T2_ctrl,111,165,116.5,1.8794227838516235,-0.172112615859877
UBFC_PHYS_s13_T2_ctrl,111,166,116.53333333333333,1.872374415397644,-0.1505388612140257
UBFC_PHYS_s13_T2_ctrl,111,167,116.56666666666666,1.744314432144165,-0.11459611938946164
UBFC_PHYS_s13_T2_ctrl,111,168,116.6,1.5585099458694458,-0.06876234919819678
UBFC_PHYS_s13_T2_ctrl,111,169,116.63333333333334,1.3624310493469238,-0.016876995112411107
UBFC_PHYS_s13_T2_ctrl,111,170,116.66666666666667,1.1894644498825073,0.039338188660650614
UBFC_PHYS_s13_T2_ctrl,111,171,116.7,1.0706309080123901,0.09993698316851711
UBFC_PHYS_s13_T2_ctrl,111,172,116.73333333333333,1.0034193992614746,0.16473869797707225
UBFC_PHYS_s13_T2_ctrl,111,173,116.76666666666667,0.9623023867607117,0.23077685855584604
UBFC_PHYS_s13_T2_ctrl,111,174,116.8,0.9349623918533325,0.29061357630435003
UBFC_PHYS_s13_T2_ctrl,111,175,116.83333333333333,0.9198870062828064,0.3325549926360851
UBFC_PHYS_s13_T2_ctrl,111,176,116.86666666666666,0.9082616567611694,0.3431071170421229
UBFC_PHYS_s13_T2_ctrl,111,177,116.9,0.8847835659980774,0.31116258106617706
UBFC_PHYS_s13_T2_ctrl,111,178,116.93333333333334,0.8456600904464722,0.23257365222266332
UBFC_PHYS_s13_T2_ctrl,111,179,116.96666666666667,0.806790292263031,0.11327641414684146
UBFC_PHYS_s13_T2_ctrl,111,180,117.0,0.7911778092384338,-0.030659020056899976
UBFC_PHYS_s13_T2_ctrl,111,181,117.03333333333333,0.8313458561897278,-0.1765823551309387
UBFC_PHYS_s13_T2_ctrl,111,182,117.06666666666666,0.9442646503448486,-0.3012981377537127
UBFC_PHYS_s13_T2_ctrl,111,183,117.1,1.0835216045379639,-0.3872553442320955
UBFC_PHYS_s13_T2_ctrl,111,184,117.13333333333334,1.1750679016113281,-0.4266019108947358
UBFC_PHYS_s13_T2_ctrl,111,185,117.16666666666667,1.2144583463668823,-0.42183465122394354
UBFC_PHYS_s13_T2_ctrl,111,186,117.2,1.2299752235412598,-0.3830958979113071
UBFC_PHYS_s13_T2_ctrl,111,187,117.23333333333333,1.1860276460647583,-0.32342010665185844
UBFC_PHYS_s13_T2_ctrl,111,188,117.26666666666667,1.0290855169296265,-0.2540704673892332
UBFC_PHYS_s13_T2_ctrl,111,189,117.3,0.7872532606124878,-0.18191070729683262
UBFC_PHYS_s13_T2_ctrl,111,190,117.33333333333333,0.5415854454040527,-0.10942831898660399
UBFC_PHYS_s13_T2_ctrl,111,191,117.36666666666666,0.36749526858329773,-0.03660267961737803
UBFC_PHYS_s13_T2_ctrl,111,192,117.4,0.30790549516677856,0.0367010180878992
UBFC_PHYS_s13_T2_ctrl,111,193,117.43333333333334,0.3324149250984192,0.10891230482588911
UBFC_PHYS_s13_T2_ctrl,111,194,117.46666666666667,0.3381617069244385,0.17620716491719413
UBFC_PHYS_s13_T2_ctrl,111,195,117.5,0.22503535449504852,0.23332468326091327
UBFC_PHYS_s13_T2_ctrl,111,196,117.53333333333333,-0.02267543599009514,0.2750742565301066
UBFC_PHYS_s13_T2_ctrl,111,197,117.56666666666666,-0.3071240484714508,0.297617342780837
UBFC_PHYS_s13_T2_ctrl,111,198,117.6,-0.5133519768714905,0.29924641863443074
UBFC_PHYS_s13_T2_ctrl,111,199,117.63333333333334,-0.587134063243866,0.28104625982630327
UBFC_PHYS_s13_T2_ctrl,111,200,117.66666666666667,-0.5418815612792969,0.24763656623034447
UBFC_PHYS_s13_T2_ctrl,111,201,117.7,-0.41778889298439026,0.20747168614476838
UBFC_PHYS_s13_T2_ctrl,111,202,117.73333333333333,-0.2652161121368408,0.17178403870332365
UBFC_PHYS_s13_T2_ctrl,111,203,117.76666666666667,-0.15496645867824554,0.15176950498771402
UBFC_PHYS_s13_T2_ctrl,111,204,117.8,-0.1292213350534439,0.15483912686514856
UBFC_PHYS_s13_T2_ctrl,111,205,117.83333333333333,-0.131880521774292,0.18161640740518287
UBFC_PHYS_s13_T2_ctrl,111,206,117.86666666666666,-0.08023868501186371,0.22501475692402204
UBFC_PHYS_s13_T2_ctrl,111,207,117.9,0.01912044733762741,0.27167584994820787
UBFC_PHYS_s13_T2_ctrl,111,208,117.93333333333334,0.09610540419816971,0.3051998323816559
UBFC_PHYS_s13_T2_ctrl,111,209,117.96666666666667,0.11166847497224808,0.31024633303475496
UBFC_PHYS_s13_T2_ctrl,111,210,118.0,0.061084385961294174,0.27655378340148246
UBFC_PHYS_s13_T2_ctrl,111,211,118.03333333333333,-0.061769284307956696,0.20190862657786302
UBFC_PHYS_s13_T2_ctrl,111,212,118.06666666666666,-0.24609427154064178,0.09303400854766443
UBFC_PHYS_s13_T2_ctrl,111,213,118.1,-0.4563818573951721,-0.036323329384498663
UBFC_PHYS_s13_T2_ctrl,111,214,118.13333333333334,-0.6691803932189941,-0.16985990367723197
UBFC_PHYS_s13_T2_ctrl,111,215,118.16666666666667,-0.909061849117279,-0.2942797237667703
UBFC_PHYS_s13_T2_ctrl,111,216,118.2,-1.1886204481124878,-0.40377480711207947
UBFC_PHYS_s13_T2_ctrl,111,217,118.23333333333333,-1.4258888959884644,-0.5014779071522623
UBFC_PHYS_s13_T2_ctrl,111,218,118.26666666666667,-1.4919898509979248,-0.5970906046315642
UBFC_PHYS_s13_T2_ctrl,111,219,118.3,-1.357988715171814,-0.7012518202529204
UBFC_PHYS_s13_T2_ctrl,111,220,118.33333333333333,-1.134022831916809,-0.8182039972257553
UBFC_PHYS_s13_T2_ctrl,111,221,118.36666666666666,-0.9484588503837585,-0.9391338455682459
UBFC_PHYS_s13_T2_ctrl,111,222,118.4,-0.8260797262191772,-1.039243993146567
UBFC_PHYS_s13_T2_ctrl,111,223,118.43333333333334,-0.6936832666397095,-1.081185378557292
UBFC_PHYS_s13_T2_ctrl,111,224,118.46666666666667,-0.5168020129203796,-1.025270501442887
UBFC_PHYS_s13_T2_ctrl,111,225,118.5,-0.3867780864238739,-0.843767728943195
UBFC_PHYS_s13_T2_ctrl,111,226,118.53333333333333,-0.42094236612319946,-0.5341288257604605
UBFC_PHYS_s13_T2_ctrl,111,227,118.56666666666666,-0.5311623811721802,-0.12539413680257064
UBFC_PHYS_s13_T2_ctrl,111,228,118.6,-0.4859197437763214,0.32613249925674453
UBFC_PHYS_s13_T2_ctrl,111,229,118.63333333333334,-0.24678295850753784,0.7515434688854137
UBFC_PHYS_s13_T2_ctrl,111,230,118.66666666666667,-0.058991458266973495,1.0887405098964302
UBFC_PHYS_s13_T2_ctrl,111,231,118.7,-0.09408827126026154,1.2984968325962614
UBFC_PHYS_s13_T2_ctrl,111,232,118.73333333333333,-0.24258162081241608,1.3713525084740446
UBFC_PHYS_s13_T2_ctrl,111,233,118.76666666666667,-0.36624589562416077,1.3244546166627778
UBFC_PHYS_s13_T2_ctrl,111,234,118.8,-0.5129565596580505,1.1914802997505196
UBFC_PHYS_s13_T2_ctrl,111,235,118.83333333333333,-0.739690363407135,1.010382501098099
UBFC_PHYS_s13_T2_ctrl,111,236,118.86666666666666,-0.9181927442550659,0.813083570758781
UBFC_PHYS_s13_T2_ctrl,111,237,118.9,-0.85723876953125,0.6194168109230886
UBFC_PHYS_s13_T2_ctrl,111,238,118.93333333333334,-0.5189570784568787,0.4357422049255041
UBFC_PHYS_s13_T2_ctrl,111,239,118.96666666666667,-0.04213668406009674,0.2574797448137408
UBFC_PHYS_s13_T2_ctrl,112,0,112.0,0.11886511743068695,0.22187423453707433
UBFC_PHYS_s13_T2_ctrl,112,1,112.03333333333333,0.09916002303361893,-0.03498425767406842
UBFC_PHYS_s13_T2_ctrl,112,2,112.06666666666666,0.061209600418806076,-0.25909708418360966
UBFC_PHYS_s13_T2_ctrl,112,3,112.1,0.016777584329247475,-0.4202351628816668
UBFC_PHYS_s13_T2_ctrl,112,4,112.13333333333334,-0.015758883208036423,-0.49906246213565686
UBFC_PHYS_s13_T2_ctrl,112,5,112.16666666666667,-0.034557804465293884,-0.4924309013058555
UBFC_PHYS_s13_T2_ctrl,112,6,112.2,-0.05795677751302719,-0.4155496887708194
UBFC_PHYS_s13_T2_ctrl,112,7,112.23333333333333,-0.10858699679374695,-0.2988653265965647
UBFC_PHYS_s13_T2_ctrl,112,8,112.26666666666667,-0.17713303864002228,-0.1797488883555645
UBFC_PHYS_s13_T2_ctrl,112,9,112.3,-0.21276366710662842,-0.09160126073912188
UBFC_PHYS_s13_T2_ctrl,112,10,112.33333333333333,-0.19518066942691803,-0.054422655960556454
UBFC_PHYS_s13_T2_ctrl,112,11,112.36666666666666,-0.17220346629619598,-0.07059383047717187
UBFC_PHYS_s13_T2_ctrl,112,12,112.4,-0.1856180876493454,-0.12763877149546154
UBFC_PHYS_s13_T2_ctrl,112,13,112.43333333333334,-0.21105347573757172,-0.206706596402767
UBFC_PHYS_s13_T2_ctrl,112,14,112.46666666666667,-0.20591631531715393,-0.292687284414135
UBFC_PHYS_s13_T2_ctrl,112,15,112.5,-0.1701868325471878,-0.38101236373769337
UBFC_PHYS_s13_T2_ctrl,112,16,112.53333333333333,-0.14286331832408905,-0.4780404834930832
UBFC_PHYS_s13_T2_ctrl,112,17,112.56666666666666,-0.15567491948604584,-0.5950661711707028
UBFC_PHYS_s13_T2_ctrl,112,18,112.6,-0.19890420138835907,-0.7385328333258
UBFC_PHYS_s13_T2_ctrl,112,19,112.63333333333334,-0.22778303921222687,-0.9004414033260439
UBFC_PHYS_s13_T2_ctrl,112,20,112.66666666666667,-0.20485197007656097,-1.0532612145872153
UBFC_PHYS_s13_T2_ctrl,112,21,112.7,-0.14158809185028076,-1.152531175483369
UBFC_PHYS_s13_T2_ctrl,112,22,112.73333333333333,-0.09165314584970474,-1.1477181614140053
UBFC_PHYS_s13_T2_ctrl,112,23,112.76666666666667,-0.09531407058238983,-0.9986461611525063
UBFC_PHYS_s13_T2_ctrl,112,24,112.8,-0.12584048509597778,-0.6921418066021786
UBFC_PHYS_s13_T2_ctrl,112,25,112.83333333333333,-0.11995203047990799,-0.25231448514174765
UBFC_PHYS_s13_T2_ctrl,112,26,112.86666666666666,-0.0540618896484375,0.2610657566615064
UBFC_PHYS_s13_T2_ctrl,112,27,112.9,0.03221873193979263,0.7673262401904468
UBFC_PHYS_s13_T2_ctrl,112,28,112.93333333333334,0.09717962890863419,1.1875010910890968
UBFC_PHYS_s13_T2_ctrl,112,29,112.96666666666667,0.1556655317544937,1.4653137332155475
UBFC_PHYS_s13_T2_ctrl,112,30,113.0,0.24717888236045837,1.5786357968549638
UBFC_PHYS_s13_T2_ctrl,112,31,113.03333333333333,0.3700391352176666,1.5389716945040472
UBFC_PHYS_s13_T2_ctrl,112,32,113.06666666666666,0.47826555371284485,1.3817291678532362
UBFC_PHYS_s13_T2_ctrl,112,33,113.1,0.5352126359939575,1.152622954853238
UBFC_PHYS_s13_T2_ctrl,112,34,113.13333333333334,0.5332256555557251,0.8952157358210185
UBFC_PHYS_s13_T2_ctrl,112,35,113.16666666666667,0.4855841398239136,0.6426569069319246
UBFC_PHYS_s13_T2_ctrl,112,36,113.2,0.41398677229881287,0.41469348082271
UBFC_PHYS_s13_T2_ctrl,112,37,113.23333333333333,0.3332057595252991,0.2194472311205972
UBFC_PHYS_s13_T2_ctrl,112,38,113.26666666666667,0.2431422919034958,0.058194534639309264
UBFC_PHYS_s13_T2_ctrl,112,39,113.3,0.14509133994579315,-0.06934117844189965
UBFC_PHYS_s13_T2_ctrl,112,40,113.33333333333333,0.05839882418513298,-0.16157195785100426
UBFC_PHYS_s13_T2_ctrl,112,41,113.36666666666666,0.0005258267046883702,-0.21488356626042074
UBFC_PHYS_s13_T2_ctrl,112,42,113.4,-0.038254979997873306,-0.2264930040102075
UBFC_PHYS_s13_T2_ctrl,112,43,113.43333333333334,-0.08092408627271652,-0.19858029975799224
UBFC_PHYS_s13_T2_ctrl,112,44,113.46666666666667,-0.13116218149662018,-0.14129749932817393
UBFC_PHYS_s13_T2_ctrl,112,45,113.5,-0.18249426782131195,-0.07281692618636304
UBFC_PHYS_s13_T2_ctrl,112,46,113.53333333333333,-0.24262116849422455,-0.016081443269509256
UBFC_PHYS_s13_T2_ctrl,112,47,113.56666666666666,-0.3050810396671295,0.006567687783373631
UBFC_PHYS_s13_T2_ctrl,112,48,113.6,-0.34535783529281616,-0.020985199377509974
UBFC_PHYS_s13_T2_ctrl,112,49,113.63333333333334,-0.3715642988681793,-0.10447489114836263
UBFC_PHYS_s13_T2_ctrl,112,50,113.66666666666667,-0.40626898407936096,-0.23766072304859995
UBFC_PHYS_s13_T2_ctrl,112,51,113.7,-0.429661363363266,-0.40351563179371364
UBFC_PHYS_s13_T2_ctrl,112,52,113.73333333333333,-0.4233972728252411,-0.5775458668483284
UBFC_PHYS_s13_T2_ctrl,112,53,113.76666666666667,-0.418233722448349,-0.7320921143095657
UBFC_PHYS_s13_T2_ctrl,112,54,113.8,-0.423473060131073,-0.8405723868366715
UBFC_PHYS_s13_T2_ctrl,112,55,113.83333333333333,-0.40366581082344055,-0.8811387015362425
UBFC_PHYS_s13_T2_ctrl,112,56,113.86666666666666,-0.36179742217063904,-0.8397236488725991
UBFC_PHYS_s13_T2_ctrl,112,57,113.9,-0.33760762214660645,-0.7126200607849257
UBFC_PHYS_s13_T2_ctrl,112,58,113.93333333333334,-0.3257845640182495,-0.5084507400427102
UBFC_PHYS_s13_T2_ctrl,112,59,113.96666666666667,-0.2804628610610962,-0.2487952322513975
UBFC_PHYS_s13_T2_ctrl,112,60,114.0,-0.19386260211467743,0.03366264259708153
UBFC_PHYS_s13_T2_ctrl,112,61,114.03333333333333,-0.11095622181892395,0.3000641679874857
UBFC_PHYS_s13_T2_ctrl,112,62,114.06666666666666,-0.0614694245159626,0.5124295642530303
UBFC_PHYS_s13_T2_ctrl,112,63,114.1,-0.012285778298974037,0.6406267879278491
UBFC_PHYS_s13_T2_ctrl,112,64,114.13333333333334,0.09137025475502014,0.6672394478406113
UBFC_PHYS_s13_T2_ctrl,112,65,114.16666666666667,0.2377382218837738,0.5894936320169754
UBFC_PHYS_s13_T2_ctrl,112,66,114.2,0.3579261004924774,0.41853533322130804
UBFC_PHYS_s13_T2_ctrl,112,67,114.23333333333333,0.4271872043609619,0.17710785174467664
UBFC_PHYS_s13_T2_ctrl,112,68,114.26666666666667,0.47243642807006836,-0.10303746917406216
UBFC_PHYS_s13_T2_ctrl,112,69,114.3,0.5084229111671448,-0.3832701155374581
UBFC_PHYS_s13_T2_ctrl,112,70,114.33333333333333,0.5382243990898132,-0.6204478173193279
UBFC_PHYS_s13_T2_ctrl,112,71,114.36666666666666,0.54546058177948,-0.7712653806070562
UBFC_PHYS_s13_T2_ctrl,112,72,114.4,0.47829192876815796,-0.799797578217252
UBFC_PHYS_s13_T2_ctrl,112,73,114.43333333333334,0.3298875391483307,-0.6873384952021031
UBFC_PHYS_s13_T2_ctrl,112,74,114.46666666666667,0.17652063071727753,-0.4410776183812972
UBFC_PHYS_s13_T2_ctrl,112,75,114.5,0.06320976465940475,-0.09691370200070168
UBFC_PHYS_s13_T2_ctrl,112,76,114.53333333333333,-0.056536559015512466,0.2868467002605083
UBFC_PHYS_s13_T2_ctrl,112,77,114.56666666666666,-0.21406854689121246,0.6440723427942144
UBFC_PHYS_s13_T2_ctrl,112,78,114.6,-0.3771100640296936,0.9180862114106588
UBFC_PHYS_s13_T2_ctrl,112,79,114.63333333333334,-0.5259692072868347,1.074331379189628
UBFC_PHYS_s13_T2_ctrl,112,80,114.66666666666667,-0.6722712516784668,1.1042484566864585
UBFC_PHYS_s13_T2_ctrl,112,81,114.7,-0.8062691688537598,1.0212041963821996
UBFC_PHYS_s13_T2_ctrl,112,82,114.73333333333333,-0.9105084538459778,0.8522760625107437
UBFC_PHYS_s13_T2_ctrl,112,83,114.76666666666667,-1.014108419418335,0.6298648702961607
UBFC_PHYS_s13_T2_ctrl,112,84,114.8,-1.1562058925628662,0.3856695748534082
UBFC_PHYS_s13_T2_ctrl,112,85,114.83333333333333,-1.3135929107666016,0.14768281661003757
UBFC_PHYS_s13_T2_ctrl,112,86,114.86666666666666,-1.4139504432678223,-0.06062017734989953
UBFC_PHYS_s13_T2_ctrl,112,87,114.9,-1.3787778615951538,-0.22041475819238904
UBFC_PHYS_s13_T2_ctrl,112,88,114.93333333333334,-1.181054711341858,-0.3183373444085757
UBFC_PHYS_s13_T2_ctrl,112,89,114.96666666666667,-0.8960492610931396,-0.3484624567465956
UBFC_PHYS_s13_T2_ctrl,112,90,115.0,-0.6458275318145752,-0.31471880981072026
UBFC_PHYS_s13_T2_ctrl,112,91,115.03333333333333,-0.48974213004112244,-0.2320028418872778
UBFC_PHYS_s13_T2_ctrl,112,92,115.06666666666666,-0.40978163480758667,-0.12411116929420976
UBFC_PHYS_s13_T2_ctrl,112,93,115.1,-0.37627968192100525,-0.017984305413712293
UBFC_PHYS_s13_T2_ctrl,112,94,115.13333333333334,-0.3550390303134918,0.06376979221468676
UBFC_PHYS_s13_T2_ctrl,112,95,115.16666666666667,-0.319853276014328,0.10856186325854049
UBFC_PHYS_s13_T2_ctrl,112,96,115.2,-0.27341118454933167,0.11513732186399721
UBFC_PHYS_s13_T2_ctrl,112,97,115.23333333333333,-0.23140442371368408,0.09040300997419175
UBFC_PHYS_s13_T2_ctrl,112,98,115.26666666666667,-0.20279578864574432,0.04374694979740015
UBFC_PHYS_s13_T2_ctrl,112,99,115.3,-0.19862741231918335,-0.018396405014941625
UBFC_PHYS_s13_T2_ctrl,112,100,115.33333333333333,-0.24065394699573517,-0.09554679327844479
UBFC_PHYS_s13_T2_ctrl,112,101,115.36666666666666,-0.34001967310905457,-0.192805794862656
UBFC_PHYS_s13_T2_ctrl,112,102,115.4,-0.47556960582733154,-0.3173699579533381
UBFC_PHYS_s13_T2_ctrl,112,103,115.43333333333334,-0.6053826808929443,-0.47303221798027634
UBFC_PHYS_s13_T2_ctrl,112,104,115.46666666666667,-0.6981284022331238,-0.6543346234507247
UBFC_PHYS_s13_T2_ctrl,112,105,115.5,-0.7461653351783752,-0.8425227934272717
UBFC_PHYS_s13_T2_ctrl,112,106,115.53333333333333,-0.7557476758956909,-1.0056991591029876
UBFC_PHYS_s13_T2_ctrl,112,107,115.56666666666666,-0.7386227250099182,-1.1047253225559366
UBFC_PHYS_s13_T2_ctrl,112,108,115.6,-0.7031436562538147,-1.1040832023551823
UBFC_PHYS_s13_T2_ctrl,112,109,115.63333333333334,-0.6508065462112427,-0.9841416843132226
UBFC_PHYS_s13_T2_ctrl,112,110,115.66666666666667,-0.5724112391471863,-0.7497774547217971
UBFC_PHYS_s13_T2_ctrl,112,111,115.7,-0.4557986259460449,-0.4312237385842865
UBFC_PHYS_s13_T2_ctrl,112,112,115.73333333333333,-0.299663782119751,-0.0762633139289431
UBFC_PHYS_s13_T2_ctrl,112,113,115.76666666666667,-0.11740486323833466,0.2632655231117549
UBFC_PHYS_s13_T2_ctrl,112,114,115.8,0.0680932030081749,0.5453132426702733
UBFC_PHYS_s13_T2_ctrl,112,115,115.83333333333333,0.2345419079065323,0.7467180726250537
UBFC_PHYS_s13_T2_ctrl,112,116,115.86666666666666,0.35897067189216614,0.8650478219644112
UBFC_PHYS_s13_T2_ctrl,112,117,115.9,0.4153904914855957,0.9139590692183931
UBFC_PHYS_s13_T2_ctrl,112,118,115.93333333333334,0.383433997631073,0.915065163527305
UBFC_PHYS_s13_T2_ctrl,112,119,115.96666666666667,0.26525944471359253,0.8897719311724347
UBFC_PHYS_s13_T2_ctrl,112,120,116.0,0.09751244634389877,0.8535771888040324
UBFC_PHYS_s13_T2_ctrl,112,121,116.03333333333333,-0.055416204035282135,0.8138265834088253
UBFC_PHYS_s13_T2_ctrl,112,122,116.06666666666666,-0.1299792230129242,0.7706549296495857
UBFC_PHYS_s13_T2_ctrl,112,123,116.1,-0.09068766236305237,0.719938885123114
UBFC_PHYS_s13_T2_ctrl,112,124,116.13333333333334,0.05463245138525963,0.6565415814052246
UBFC_PHYS_s13_T2_ctrl,112,125,116.16666666666667,0.25864604115486145,0.5763859076247617
UBFC_PHYS_s13_T2_ctrl,112,126,116.2,0.46680498123168945,0.47705261113145975
UBFC_PHYS_s13_T2_ctrl,112,127,116.23333333333333,0.6537265777587891,0.35772761130817865
UBFC_PHYS_s13_T2_ctrl,112,128,116.26666666666667,0.82625812292099,0.21948166643767766
UBFC_PHYS_s13_T2_ctrl,112,129,116.3,0.9964798092842102,0.06614923223335296
UBFC_PHYS_s13_T2_ctrl,112,130,116.33333333333333,1.1629549264907837,-0.09479926938249134
UBFC_PHYS_s13_T2_ctrl,112,131,116.36666666666666,1.318961262702942,-0.25232883114139903
UBFC_PHYS_s13_T2_ctrl,112,132,116.4,1.4625810384750366,-0.3933379266680946
UBFC_PHYS_s13_T2_ctrl,112,133,116.43333333333334,1.6079868078231812,-0.5052874889471846
UBFC_PHYS_s13_T2_ctrl,112,134,116.46666666666667,1.7636207342147827,-0.5791361325827934
UBFC_PHYS_s13_T2_ctrl,112,135,116.5,1.8794227838516235,-0.6115514200495993
UBFC_PHYS_s13_T2_ctrl,112,136,116.53333333333333,1.872374415397644,-0.6054499948388421
UBFC_PHYS_s13_T2_ctrl,112,137,116.56666666666666,1.744314432144165,-0.5685606535099366
UBFC_PHYS_s13_T2_ctrl,112,138,116.6,1.5585099458694458,-0.5108408588377172
UBFC_PHYS_s13_T2_ctrl,112,139,116.63333333333334,1.3624310493469238,-0.4422899957809383
UBFC_PHYS_s13_T2_ctrl,112,140,116.66666666666667,1.1894644498825073,-0.3722254473984427
UBFC_PHYS_s13_T2_ctrl,112,141,116.7,1.0706309080123901,-0.3097812042039951
UBFC_PHYS_s13_T2_ctrl,112,142,116.73333333333333,1.0034193992614746,-0.2642815192058357
UBFC_PHYS_s13_T2_ctrl,112,143,116.76666666666667,0.9623023867607117,-0.24420671216399067
UBFC_PHYS_s13_T2_ctrl,112,144,116.8,0.9349623918533325,-0.25478160830496377
UBFC_PHYS_s13_T2_ctrl,112,145,116.83333333333333,0.9198870062828064,-0.295469200291729
UBFC_PHYS_s13_T2_ctrl,112,146,116.86666666666666,0.9082616567611694,-0.35866874010709077
UBFC_PHYS_s13_T2_ctrl,112,147,116.9,0.8847835659980774,-0.4301181199090581
UBFC_PHYS_s13_T2_ctrl,112,148,116.93333333333334,0.8456600904464722,-0.49085097143241274
UBFC_PHYS_s13_T2_ctrl,112,149,116.96666666666667,0.806790292263031,-0.5203248527288156
UBFC_PHYS_s13_T2_ctrl,112,150,117.0,0.7911778092384338,-0.5003072861318987
UBFC_PHYS_s13_T2_ctrl,112,151,117.03333333333333,0.8313458561897278,-0.41902674569198756
UBFC_PHYS_s13_T2_ctrl,112,152,117.06666666666666,0.9442646503448486,-0.27483547914603484
UBFC_PHYS_s13_T2_ctrl,112,153,117.1,1.0835216045379639,-0.07828798053940858
UBFC_PHYS_s13_T2_ctrl,112,154,117.13333333333334,1.1750679016113281,0.1485615193547322
UBFC_PHYS_s13_T2_ctrl,112,155,117.16666666666667,1.2144583463668823,0.3762607033878421
UBFC_PHYS_s13_T2_ctrl,112,156,117.2,1.2299752235412598,0.5747483579812688
UBFC_PHYS_s13_T2_ctrl,112,157,117.23333333333333,1.1860276460647583,0.7206873452007417
UBFC_PHYS_s13_T2_ctrl,112,158,117.26666666666667,1.0290855169296265,0.802596671369518
UBFC_PHYS_s13_T2_ctrl,112,159,117.3,0.7872532606124878,0.8219054393768743
UBFC_PHYS_s13_T2_ctrl,112,160,117.33333333333333,0.5415854454040527,0.7901111947055489
UBFC_PHYS_s13_T2_ctrl,112,161,117.36666666666666,0.36749526858329773,0.7239899423967995
UBFC_PHYS_s13_T2_ctrl,112,162,117.4,0.30790549516677856,0.64103045905456
UBFC_PHYS_s13_T2_ctrl,112,163,117.43333333333334,0.3324149250984192,0.5563055378427354
UBFC_PHYS_s13_T2_ctrl,112,164,117.46666666666667,0.3381617069244385,0.4808869754251623
UBFC_PHYS_s13_T2_ctrl,112,165,117.5,0.22503535449504852,0.42124041829424463
UBFC_PHYS_s13_T2_ctrl,112,166,117.53333333333333,-0.02267543599009514,0.37896636420841956
UBFC_PHYS_s13_T2_ctrl,112,167,117.56666666666666,-0.3071240484714508,0.35075520436016694
UBFC_PHYS_s13_T2_ctrl,112,168,117.6,-0.5133519768714905,0.3291069697582026
UBFC_PHYS_s13_T2_ctrl,112,169,117.63333333333334,-0.587134063243866,0.3044439361741748
UBFC_PHYS_s13_T2_ctrl,112,170,117.66666666666667,-0.5418815612792969,0.2683693180921856
UBFC_PHYS_s13_T2_ctrl,112,171,117.7,-0.41778889298439026,0.21675762744605245
UBFC_PHYS_s13_T2_ctrl,112,172,117.73333333333333,-0.2652161121368408,0.15109420017671082
UBFC_PHYS_s13_T2_ctrl,112,173,117.76666666666667,-0.15496645867824554,0.07725851900709713
UBFC_PHYS_s13_T2_ctrl,112,174,117.8,-0.1292213350534439,0.0022998744527147844
UBFC_PHYS_s13_T2_ctrl,112,175,117.83333333333333,-0.131880521774292,-0.06920186508392122
UBFC_PHYS_s13_T2_ctrl,112,176,117.86666666666666,-0.08023868501186371,-0.1375044302448488
UBFC_PHYS_s13_T2_ctrl,112,177,117.9,0.01912044733762741,-0.20780077797430402
UBFC_PHYS_s13_T2_ctrl,112,178,117.93333333333334,0.09610540419816971,-0.2880029716420477
UBFC_PHYS_s13_T2_ctrl,112,179,117.96666666666667,0.11166847497224808,-0.3851126807451437
UBFC_PHYS_s13_T2_ctrl,112,180,118.0,0.061084385961294174,-0.5017391158229362
UBFC_PHYS_s13_T2_ctrl,112,181,118.03333333333333,-0.061769284307956696,-0.6342240902782841
UBFC_PHYS_s13_T2_ctrl,112,182,118.06666666666666,-0.24609427154064178,-0.7728813225247797
UBFC_PHYS_s13_T2_ctrl,112,183,118.1,-0.4563818573951721,-0.9038283953040465
UBFC_PHYS_s13_T2_ctrl,112,184,118.13333333333334,-0.6691803932189941,-1.0115500851526433
UBFC_PHYS_s13_T2_ctrl,112,185,118.16666666666667,-0.909061849117279,-1.081576350731816
UBFC_PHYS_s13_T2_ctrl,112,186,118.2,-1.1886204481124878,-1.102962311844404
UBFC_PHYS_s13_T2_ctrl,112,187,118.23333333333333,-1.4258888959884644,-1.0702842459701825
UBFC_PHYS_s13_T2_ctrl,112,188,118.26666666666667,-1.4919898509979248,-0.9846456550961119
UBFC_PHYS_s13_T2_ctrl,112,189,118.3,-1.357988715171814,-0.8531301937545397
UBFC_PHYS_s13_T2_ctrl,112,190,118.33333333333333,-1.134022831916809,-0.6865967715557577
UBFC_PHYS_s13_T2_ctrl,112,191,118.36666666666666,-0.9484588503837585,-0.4965585396182019
UBFC_PHYS_s13_T2_ctrl,112,192,118.4,-0.8260797262191772,-0.292593204990732
UBFC_PHYS_s13_T2_ctrl,112,193,118.43333333333334,-0.6936832666397095,-0.08162037127675555
UBFC_PHYS_s13_T2_ctrl,112,194,118.46666666666667,-0.5168020129203796,0.13074547218274668
UBFC_PHYS_s13_T2_ctrl,112,195,118.5,-0.3867780864238739,0.337954466046521
UBFC_PHYS_s13_T2_ctrl,112,196,118.53333333333333,-0.42094236612319946,0.5312455250148058
UBFC_PHYS_s13_T2_ctrl,112,197,118.56666666666666,-0.5311623811721802,0.7006526984989759
UBFC_PHYS_s13_T2_ctrl,112,198,118.6,-0.4859197437763214,0.8381313539651306
UBFC_PHYS_s13_T2_ctrl,112,199,118.63333333333334,-0.24678295850753784,0.9411207400811451
UBFC_PHYS_s13_T2_ctrl,112,200,118.66666666666667,-0.058991458266973495,1.0142755134438608
UBFC_PHYS_s13_T2_ctrl,112,201,118.7,-0.09408827126026154,1.0678904532308449
UBFC_PHYS_s13_T2_ctrl,112,202,118.73333333333333,-0.24258162081241608,1.1133499366530586
UBFC_PHYS_s13_T2_ctrl,112,203,118.76666666666667,-0.36624589562416077,1.1576109084112245
UBFC_PHYS_s13_T2_ctrl,112,204,118.8,-0.5129565596580505,1.199231353111575
UBFC_PHYS_s13_T2_ctrl,112,205,118.83333333333333,-0.739690363407135,1.2276935954770027
UBFC_PHYS_s13_T2_ctrl,112,206,118.86666666666666,-0.9181927442550659,1.226297025412898
UBFC_PHYS_s13_T2_ctrl,112,207,118.9,-0.85723876953125,1.1774023399197484
UBFC_PHYS_s13_T2_ctrl,112,208,118.93333333333334,-0.5189570784568787,1.0679300217191203
UBFC_PHYS_s13_T2_ctrl,112,209,118.96666666666667,-0.04213668406009674,0.8931500256217539
UBFC_PHYS_s13_T2_ctrl,112,210,119.0,0.3173659145832062,0.6578339138715089
UBFC_PHYS_s13_T2_ctrl,112,211,119.03333333333333,0.30724644660949707,0.3750214185109972
UBFC_PHYS_s13_T2_ctrl,112,212,119.06666666666666,-0.007076120935380459,0.06326678164724654
UBFC_PHYS_s13_T2_ctrl,112,213,119.1,-0.3032357394695282,-0.2567592995449759
UBFC_PHYS_s13_T2_ctrl,112,214,119.13333333333334,-0.3488638997077942,-0.565669620761577
UBFC_PHYS_s13_T2_ctrl,112,215,119.16666666666667,-0.14977328479290009,-0.8482700340259127
UBFC_PHYS_s13_T2_ctrl,112,216,119.2,0.13284321129322052,-1.0954238522942288
UBFC_PHYS_s13_T2_ctrl,112,217,119.23333333333333,0.29348912835121155,-1.3041742765529474
UBFC_PHYS_s13_T2_ctrl,112,218,119.26666666666667,0.26245856285095215,-1.4755468752070142
UBFC_PHYS_s13_T2_ctrl,112,219,119.3,0.17950275540351868,-1.610221353030072
UBFC_PHYS_s13_T2_ctrl,112,220,119.33333333333333,0.14463330805301666,-1.7035833243522893
UBFC_PHYS_s13_T2_ctrl,112,221,119.36666666666666,0.09380538016557693,-1.7426243417362777
UBFC_PHYS_s13_T2_ctrl,112,222,119.4,-0.029387688264250755,-1.7068895793368792
UBFC_PHYS_s13_T2_ctrl,112,223,119.43333333333334,-0.15119020640850067,-1.5742656805534347
UBFC_PHYS_s13_T2_ctrl,112,224,119.46666666666667,-0.18318626284599304,-1.3304202300322372
UBFC_PHYS_s13_T2_ctrl,112,225,119.5,-0.13875095546245575,-0.978588133138553
UBFC_PHYS_s13_T2_ctrl,112,226,119.53333333333333,-0.07258731126785278,-0.5449849513468883
UBFC_PHYS_s13_T2_ctrl,112,227,119.56666666666666,-0.007059644907712936,-0.07596488549727082
UBFC_PHYS_s13_T2_ctrl,112,228,119.6,0.08176484704017639,0.3733101017997022
UBFC_PHYS_s13_T2_ctrl,112,229,119.63333333333334,0.24826298654079437,0.7543360716304697
UBFC_PHYS_s13_T2_ctrl,112,230,119.66666666666667,0.5345997214317322,1.0378603122375516
UBFC_PHYS_s13_T2_ctrl,112,231,119.7,0.9038922190666199,1.2178835579911218
UBFC_PHYS_s13_T2_ctrl,112,232,119.73333333333333,1.3173366785049438,1.30624161626593
UBFC_PHYS_s13_T2_ctrl,112,233,119.76666666666667,1.7319839000701904,1.3220498637584028
UBFC_PHYS_s13_T2_ctrl,112,234,119.8,2.0365922451019287,1.2821704138816592
UBFC_PHYS_s13_T2_ctrl,112,235,119.83333333333333,1.9841761589050293,1.1969192446858634
UBFC_PHYS_s13_T2_ctrl,112,236,119.86666666666666,1.1891909837722778,1.0712825451014958
UBFC_PHYS_s13_T2_ctrl,112,237,119.9,-0.13457927107810974,0.9088353774090153
UBFC_PHYS_s13_T2_ctrl,112,238,119.93333333333334,-1.3074803352355957,0.7152016192587051
UBFC_PHYS_s13_T2_ctrl,112,239,119.96666666666667,-2.062699317932129,0.4994506774828309
UBFC_PHYS_s13_T2_ctrl,113,0,113.0,0.24717888236045837,-0.08271456746251873
UBFC_PHYS_s13_T2_ctrl,113,1,113.03333333333333,0.3700391352176666,0.001504084809968287
UBFC_PHYS_s13_T2_ctrl,113,2,113.06666666666666,0.47826555371284485,0.08632939693342796
UBFC_PHYS_s13_T2_ctrl,113,3,113.1,0.5352126359939575,0.16840417512919265
UBFC_PHYS_s13_T2_ctrl,113,4,113.13333333333334,0.5332256555557251,0.24173258841821615
UBFC_PHYS_s13_T2_ctrl,113,5,113.16666666666667,0.4855841398239136,0.2986251487540337
UBFC_PHYS_s13_T2_ctrl,113,6,113.2,0.41398677229881287,0.33199920490328
UBFC_PHYS_s13_T2_ctrl,113,7,113.23333333333333,0.3332057595252991,0.33803818032747607
UBFC_PHYS_s13_T2_ctrl,113,8,113.26666666666667,0.2431422919034958,0.3180314251184867
UBFC_PHYS_s13_T2_ctrl,113,9,113.3,0.14509133994579315,0.2786188448327841
UBFC_PHYS_s13_T2_ctrl,113,10,113.33333333333333,0.05839882418513298,0.23045199535186509
UBFC_PHYS_s13_T2_ctrl,113,11,113.36666666666666,0.0005258267046883702,0.1858628805363068
UBFC_PHYS_s13_T2_ctrl,113,12,113.4,-0.038254979997873306,0.15613240684896637
UBFC_PHYS_s13_T2_ctrl,113,13,113.43333333333334,-0.08092408627271652,0.14874470293265823
UBFC_PHYS_s13_T2_ctrl,113,14,113.46666666666667,-0.13116218149662018,0.16507793233142115
UBFC_PHYS_s13_T2_ctrl,113,15,113.5,-0.18249426782131195,0.19922798627309288
UBFC_PHYS_s13_T2_ctrl,113,16,113.53333333333333,-0.24262116849422455,0.23871342576037202
UBFC_PHYS_s13_T2_ctrl,113,17,113.56666666666666,-0.3050810396671295,0.2674217101719088
UBFC_PHYS_s13_T2_ctrl,113,18,113.6,-0.34535783529281616,0.27032647782265806
UBFC_PHYS_s13_T2_ctrl,113,19,113.63333333333334,-0.3715642988681793,0.2385119732365132
UBFC_PHYS_s13_T2_ctrl,113,20,113.66666666666667,-0.40626898407936096,0.17244588016940599
UBFC_PHYS_s13_T2_ctrl,113,21,113.7,-0.429661363363266,0.08195885641181998
UBFC_PHYS_s13_T2_ctrl,113,22,113.73333333333333,-0.4233972728252411,-0.016954902507910888
UBFC_PHYS_s13_T2_ctrl,113,23,113.76666666666667,-0.418233722448349,-0.10686326109452662
UBFC_PHYS_s13_T2_ctrl,113,24,113.8,-0.423473060131073,-0.17323955333974647
UBFC_PHYS_s13_T2_ctrl,113,25,113.83333333333333,-0.40366581082344055,-0.20727802248515767
UBFC_PHYS_s13_T2_ctrl,113,26,113.86666666666666,-0.36179742217063904,-0.2069335304835314
UBFC_PHYS_s13_T2_ctrl,113,27,113.9,-0.33760762214660645,-0.1764964329049765
UBFC_PHYS_s13_T2_ctrl,113,28,113.93333333333334,-0.3257845640182495,-0.1251861858730442
UBFC_PHYS_s13_T2_ctrl,113,29,113.96666666666667,-0.2804628610610962,-0.06524185147048674
UBFC_PHYS_s13_T2_ctrl,113,30,114.0,-0.19386260211467743,-0.009992537523605826
UBFC_PHYS_s13_T2_ctrl,113,31,114.03333333333333,-0.11095622181892395,0.02766875271706081
UBFC_PHYS_s13_T2_ctrl,113,32,114.06666666666666,-0.0614694245159626,0.03623150272989894
UBFC_PHYS_s13_T2_ctrl,113,33,114.1,-0.012285778298974037,0.006114763122211672
UBFC_PHYS_s13_T2_ctrl,113,34,114.13333333333334,0.09137025475502014,-0.06972560022525565
UBFC_PHYS_s13_T2_ctrl,113,35,114.16666666666667,0.2377382218837738,-0.19462936439232245
UBFC_PHYS_s13_T2_ctrl,113,36,114.2,0.3579261004924774,-0.36626264365261774
UBFC_PHYS_s13_T2_ctrl,113,37,114.23333333333333,0.4271872043609619,-0.5740791368197982
UBFC_PHYS_s13_T2_ctrl,113,38,114.26666666666667,0.47243642807006836,-0.7969816693941664
UBFC_PHYS_s13_T2_ctrl,113,39,114.3,0.5084229111671448,-1.0024270752882494
UBFC_PHYS_s13_T2_ctrl,113,40,114.33333333333333,0.5382243990898132,-1.1484492847743542
UBFC_PHYS_s13_T2_ctrl,113,41,114.36666666666666,0.54546058177948,-1.1898021120551654
UBFC_PHYS_s13_T2_ctrl,113,42,114.4,0.47829192876815796,-1.088351198769274
UBFC_PHYS_s13_T2_ctrl,113,43,114.43333333333334,0.3298875391483307,-0.8257807110103594
UBFC_PHYS_s13_T2_ctrl,113,44,114.46666666666667,0.17652063071727753,-0.41425352358665024
UBFC_PHYS_s13_T2_ctrl,113,45,114.5,0.06320976465940475,0.10028903352400916
UBFC_PHYS_s13_T2_ctrl,113,46,114.53333333333333,-0.056536559015512466,0.6454754560719346
UBFC_PHYS_s13_T2_ctrl,113,47,114.56666666666666,-0.21406854689121246,1.1391485947497229
UBFC_PHYS_s13_T2_ctrl,113,48,114.6,-0.3771100640296936,1.5090449453014754
UBFC_PHYS_s13_T2_ctrl,113,49,114.63333333333334,-0.5259692072868347,1.7077283118518676
UBFC_PHYS_s13_T2_ctrl,113,50,114.66666666666667,-0.6722712516784668,1.7184318413680255
UBFC_PHYS_s13_T2_ctrl,113,51,114.7,-0.8062691688537598,1.552628668539612
UBFC_PHYS_s13_T2_ctrl,113,52,114.73333333333333,-0.9105084538459778,1.2430349633607127
UBFC_PHYS_s13_T2_ctrl,113,53,114.76666666666667,-1.014108419418335,0.8357521815663769
UBFC_PHYS_s13_T2_ctrl,113,54,114.8,-1.1562058925628662,0.38376681691166187
UBFC_PHYS_s13_T2_ctrl,113,55,114.83333333333333,-1.3135929107666016,-0.05774887544040268
UBFC_PHYS_s13_T2_ctrl,113,56,114.86666666666666,-1.4139504432678223,-0.4352157395809522
UBFC_PHYS_s13_T2_ctrl,113,57,114.9,-1.3787778615951538,-0.7009858821193301
UBFC_PHYS_s13_T2_ctrl,113,58,114.93333333333334,-1.181054711341858,-0.8194874044138482
UBFC_PHYS_s13_T2_ctrl,113,59,114.96666666666667,-0.8960492610931396,-0.7751109215626412
UBFC_PHYS_s13_T2_ctrl,113,60,115.0,-0.6458275318145752,-0.579589858607578
UBFC_PHYS_s13_T2_ctrl,113,61,115.03333333333333,-0.48974213004112244,-0.27470679035512247
UBFC_PHYS_s13_T2_ctrl,113,62,115.06666666666666,-0.40978163480758667,0.07382532799308814
UBFC_PHYS_s13_T2_ctrl,113,63,115.1,-0.37627968192100525,0.3920065838599329
UBFC_PHYS_s13_T2_ctrl,113,64,115.13333333333334,-0.3550390303134918,0.6175078310332835
UBFC_PHYS_s13_T2_ctrl,113,65,115.16666666666667,-0.319853276014328,0.7151769828978791
UBFC_PHYS_s13_T2_ctrl,113,66,115.2,-0.27341118454933167,0.6816991132335003
UBFC_PHYS_s13_T2_ctrl,113,67,115.23333333333333,-0.23140442371368408,0.5389554228249969
UBFC_PHYS_s13_T2_ctrl,113,68,115.26666666666667,-0.20279578864574432,0.3206384778836277
UBFC_PHYS_s13_T2_ctrl,113,69,115.3,-0.19862741231918335,0.058656087855700104
UBFC_PHYS_s13_T2_ctrl,113,70,115.33333333333333,-0.24065394699573517,-0.22518960529966697
UBFC_PHYS_s13_T2_ctrl,113,71,115.36666666666666,-0.34001967310905457,-0.5197384643521414
UBFC_PHYS_s13_T2_ctrl,113,72,115.4,-0.47556960582733154,-0.8181608179223782
UBFC_PHYS_s13_T2_ctrl,113,73,115.43333333333334,-0.6053826808929443,-1.1084859412260337
UBFC_PHYS_s13_T2_ctrl,113,74,115.46666666666667,-0.6981284022331238,-1.3659558088418522
UBFC_PHYS_s13_T2_ctrl,113,75,115.5,-0.7461653351783752,-1.5516449873044484
UBFC_PHYS_s13_T2_ctrl,113,76,115.53333333333333,-0.7557476758956909,-1.6195143737290565
UBFC_PHYS_s13_T2_ctrl,113,77,115.56666666666666,-0.7386227250099182,-1.530754551486553
UBFC_PHYS_s13_T2_ctrl,113,78,115.6,-0.7031436562538147,-1.2708682786974999
UBFC_PHYS_s13_T2_ctrl,113,79,115.63333333333334,-0.6508065462112427,-0.8622983071724079
UBFC_PHYS_s13_T2_ctrl,113,80,115.66666666666667,-0.5724112391471863,-0.3650075747971953
UBFC_PHYS_s13_T2_ctrl,113,81,115.7,-0.4557986259460449,0.13835173406001638
UBFC_PHYS_s13_T2_ctrl,113,82,115.73333333333333,-0.299663782119751,0.5676502992401282
UBFC_PHYS_s13_T2_ctrl,113,83,115.76666666666667,-0.11740486323833466,0.869354606378899
UBFC_PHYS_s13_T2_ctrl,113,84,115.8,0.0680932030081749,1.0287948396837352
UBFC_PHYS_s13_T2_ctrl,113,85,115.83333333333333,0.2345419079065323,1.0668597807311886
UBFC_PHYS_s13_T2_ctrl,113,86,115.86666666666666,0.35897067189216614,1.0252065666159849
UBFC_PHYS_s13_T2_ctrl,113,87,115.9,0.4153904914855957,0.9483079946022999
UBFC_PHYS_s13_T2_ctrl,113,88,115.93333333333334,0.383433997631073,0.8695932714516279
UBFC_PHYS_s13_T2_ctrl,113,89,115.96666666666667,0.26525944471359253,0.8050330882988442
UBFC_PHYS_s13_T2_ctrl,113,90,116.0,0.09751244634389877,0.7541229048228751
UBFC_PHYS_s13_T2_ctrl,113,91,116.03333333333333,-0.055416204035282135,0.7061566843291104
UBFC_PHYS_s13_T2_ctrl,113,92,116.06666666666666,-0.1299792230129242,0.6485145108200266
UBFC_PHYS_s13_T2_ctrl,113,93,116.1,-0.09068766236305237,0.5734856030487367
UBFC_PHYS_s13_T2_ctrl,113,94,116.13333333333334,0.05463245138525963,0.48113019191073314
UBFC_PHYS_s13_T2_ctrl,113,95,116.16666666666667,0.25864604115486145,0.3776457430314014
UBFC_PHYS_s13_T2_ctrl,113,96,116.2,0.46680498123168945,0.2709144803978611
UBFC_PHYS_s13_T2_ctrl,113,97,116.23333333333333,0.6537265777587891,0.16617288765060828
UBFC_PHYS_s13_T2_ctrl,113,98,116.26666666666667,0.82625812292099,0.06427593240364696
UBFC_PHYS_s13_T2_ctrl,113,99,116.3,0.9964798092842102,-0.036775989765487266
UBFC_PHYS_s13_T2_ctrl,113,100,116.33333333333333,1.1629549264907837,-0.13838431196073114
UBFC_PHYS_s13_T2_ctrl,113,101,116.36666666666666,1.318961262702942,-0.23831860957925394
UBFC_PHYS_s13_T2_ctrl,113,102,116.4,1.4625810384750366,-0.3299244185356796
UBFC_PHYS_s13_T2_ctrl,113,103,116.43333333333334,1.6079868078231812,-0.4039537688547736
UBFC_PHYS_s13_T2_ctrl,113,104,116.46666666666667,1.7636207342147827,-0.4520549296949907
UBFC_PHYS_s13_T2_ctrl,113,105,116.5,1.8794227838516235,-0.4702765771054998
UBFC_PHYS_s13_T2_ctrl,113,106,116.53333333333333,1.872374415397644,-0.4610476378209479
UBFC_PHYS_s13_T2_ctrl,113,107,116.56666666666666,1.744314432144165,-0.4328355808065187
UBFC_PHYS_s13_T2_ctrl,113,108,116.6,1.5585099458694458,-0.3977098213725268
UBFC_PHYS_s13_T2_ctrl,113,109,116.63333333333334,1.3624310493469238,-0.3678971977402777
UBFC_PHYS_s13_T2_ctrl,113,110,116.66666666666667,1.1894644498825073,-0.35272174168828474
UBFC_PHYS_s13_T2_ctrl,113,111,116.7,1.0706309080123901,-0.3568707951797314
UBFC_PHYS_s13_T2_ctrl,113,112,116.73333333333333,1.0034193992614746,-0.3799850745372972
UBFC_PHYS_s13_T2_ctrl,113,113,116.76666666666667,0.9623023867607117,-0.41696475237437225
UBFC_PHYS_s13_T2_ctrl,113,114,116.8,0.9349623918533325,-0.45863128702310507
UBFC_PHYS_s13_T2_ctrl,113,115,116.83333333333333,0.9198870062828064,-0.492924630618271
UBFC_PHYS_s13_T2_ctrl,113,116,116.86666666666666,0.9082616567611694,-0.5068884547359652
UBFC_PHYS_s13_T2_ctrl,113,117,116.9,0.8847835659980774,-0.48929524007501213
UBFC_PHYS_s13_T2_ctrl,113,118,116.93333333333334,0.8456600904464722,-0.43330229003489784
UBFC_PHYS_s13_T2_ctrl,113,119,116.96666666666667,0.806790292263031,-0.33833835635586035
UBFC_PHYS_s13_T2_ctrl,113,120,117.0,0.7911778092384338,-0.21061954290356646
UBFC_PHYS_s13_T2_ctrl,113,121,117.03333333333333,0.8313458561897278,-0.06215015297449172
UBFC_PHYS_s13_T2_ctrl,113,122,117.06666666666666,0.9442646503448486,0.09147185816604309
UBFC_PHYS_s13_T2_ctrl,113,123,117.1,1.0835216045379639,0.23385612940282693
UBFC_PHYS_s13_T2_ctrl,113,124,117.13333333333334,1.1750679016113281,0.3506344106947174
UBFC_PHYS_s13_T2_ctrl,113,125,117.16666666666667,1.2144583463668823,0.4318561522107889
UBFC_PHYS_s13_T2_ctrl,113,126,117.2,1.2299752235412598,0.47367555884612494
UBFC_PHYS_s13_T2_ctrl,113,127,117.23333333333333,1.1860276460647583,0.4790002416589112
UBFC_PHYS_s13_T2_ctrl,113,128,117.26666666666667,1.0290855169296265,0.4566642704012261
UBFC_PHYS_s13_T2_ctrl,113,129,117.3,0.7872532606124878,0.419037820589299
UBFC_PHYS_s13_T2_ctrl,113,130,117.33333333333333,0.5415854454040527,0.3788952411670784
UBFC_PHYS_s13_T2_ctrl,113,131,117.36666666666666,0.36749526858329773,0.3468619019339749
UBFC_PHYS_s13_T2_ctrl,113,132,117.4,0.30790549516677856,0.3301337957560635
UBFC_PHYS_s13_T2_ctrl,113,133,117.43333333333334,0.3324149250984192,0.33219867504154305
UBFC_PHYS_s13_T2_ctrl,113,134,117.46666666666667,0.3381617069244385,0.35298054332897616
UBFC_PHYS_s13_T2_ctrl,113,135,117.5,0.22503535449504852,0.3890265391707521
UBFC_PHYS_s13_T2_ctrl,113,136,117.53333333333333,-0.02267543599009514,0.4335706011883337
UBFC_PHYS_s13_T2_ctrl,113,137,117.56666666666666,-0.3071240484714508,0.47666477425920617
UBFC_PHYS_s13_T2_ctrl,113,138,117.6,-0.5133519768714905,0.5060937605371895
UBFC_PHYS_s13_T2_ctrl,113,139,117.63333333333334,-0.587134063243866,0.5097432749239189
UBFC_PHYS_s13_T2_ctrl,113,140,117.66666666666667,-0.5418815612792969,0.4790587314980752
UBFC_PHYS_s13_T2_ctrl,113,141,117.7,-0.41778889298439026,0.4120839817276072
UBFC_PHYS_s13_T2_ctrl,113,142,117.73333333333333,-0.2652161121368408,0.31441819399169646
UBFC_PHYS_s13_T2_ctrl,113,143,117.76666666666667,-0.15496645867824554,0.19743494603744782
UBFC_PHYS_s13_T2_ctrl,113,144,117.8,-0.1292213350534439,0.07459967634502027
UBFC_PHYS_s13_T2_ctrl,113,145,117.83333333333333,-0.131880521774292,-0.04237910493122786
UBFC_PHYS_s13_T2_ctrl,113,146,117.86666666666666,-0.08023868501186371,-0.1461184993833354
UBFC_PHYS_s13_T2_ctrl,113,147,117.9,0.01912044733762741,-0.23429324007257105
UBFC_PHYS_s13_T2_ctrl,113,148,117.93333333333334,0.09610540419816971,-0.3086503134147778
UBFC_PHYS_s13_T2_ctrl,113,149,117.96666666666667,0.11166847497224808,-0.3728527841989021
UBFC_PHYS_s13_T2_ctrl,113,150,118.0,0.061084385961294174,-0.4300726909850373
UBFC_PHYS_s13_T2_ctrl,113,151,118.03333333333333,-0.061769284307956696,-0.48134867305996976
UBFC_PHYS_s13_T2_ctrl,113,152,118.06666666666666,-0.24609427154064178,-0.5253363623902653
UBFC_PHYS_s13_T2_ctrl,113,153,118.1,-0.4563818573951721,-0.5594788981621711
UBFC_PHYS_s13_T2_ctrl,113,154,118.13333333333334,-0.6691803932189941,-0.5821474831487755
UBFC_PHYS_s13_T2_ctrl,113,155,118.16666666666667,-0.909061849117279,-0.594929458138965
UBFC_PHYS_s13_T2_ctrl,113,156,118.2,-1.1886204481124878,-0.6039432362115063
UBFC_PHYS_s13_T2_ctrl,113,157,118.23333333333333,-1.4258888959884644,-0.6191282911284941
UBFC_PHYS_s13_T2_ctrl,113,158,118.26666666666667,-1.4919898509979248,-0.6511356899319508
UBFC_PHYS_s13_T2_ctrl,113,159,118.3,-1.357988715171814,-0.7065303770137542
UBFC_PHYS_s13_T2_ctrl,113,160,118.33333333333333,-1.134022831916809,-0.7830010462271607
UBFC_PHYS_s13_T2_ctrl,113,161,118.36666666666666,-0.9484588503837585,-0.8665908433138927
UBFC_PHYS_s13_T2_ctrl,113,162,118.4,-0.8260797262191772,-0.9323890964852842
UBFC_PHYS_s13_T2_ctrl,113,163,118.43333333333334,-0.6936832666397095,-0.9490753017985194
UBFC_PHYS_s13_T2_ctrl,113,164,118.46666666666667,-0.5168020129203796,-0.8866717115684278
UBFC_PHYS_s13_T2_ctrl,113,165,118.5,-0.3867780864238739,-0.7258587348145078
UBFC_PHYS_s13_T2_ctrl,113,166,118.53333333333333,-0.42094236612319946,-0.466176430822555
UBFC_PHYS_s13_T2_ctrl,113,167,118.56666666666666,-0.5311623811721802,-0.1296601825256232
UBFC_PHYS_s13_T2_ctrl,113,168,118.6,-0.4859197437763214,0.24317965295148636
UBFC_PHYS_s13_T2_ctrl,113,169,118.63333333333334,-0.24678295850753784,0.6052535510887197
UBFC_PHYS_s13_T2_ctrl,113,170,118.66666666666667,-0.058991458266973495,0.9180231304327106
UBFC_PHYS_s13_T2_ctrl,113,171,118.7,-0.09408827126026154,1.162438224229287
UBFC_PHYS_s13_T2_ctrl,113,172,118.73333333333333,-0.24258162081241608,1.340610348574855
UBFC_PHYS_s13_T2_ctrl,113,173,118.76666666666667,-0.36624589562416077,1.468485223902847
UBFC_PHYS_s13_T2_ctrl,113,174,118.8,-0.5129565596580505,1.5640434007283845
UBFC_PHYS_s13_T2_ctrl,113,175,118.83333333333333,-0.739690363407135,1.6368696021793265
UBFC_PHYS_s13_T2_ctrl,113,176,118.86666666666666,-0.9181927442550659,1.6833945591082469
UBFC_PHYS_s13_T2_ctrl,113,177,118.9,-0.85723876953125,1.6889373097542497
UBFC_PHYS_s13_T2_ctrl,113,178,118.93333333333334,-0.5189570784568787,1.6345321240777952
UBFC_PHYS_s13_T2_ctrl,113,179,118.96666666666667,-0.04213668406009674,1.5048483045124816
UBFC_PHYS_s13_T2_ctrl,113,180,119.0,0.3173659145832062,1.2938716834001747
UBFC_PHYS_s13_T2_ctrl,113,181,119.03333333333333,0.30724644660949707,1.0067822577917451
UBFC_PHYS_s13_T2_ctrl,113,182,119.06666666666666,-0.007076120935380459,0.6584222586551115
UBFC_PHYS_s13_T2_ctrl,113,183,119.1,-0.3032357394695282,0.26988002219780166
UBFC_PHYS_s13_T2_ctrl,113,184,119.13333333333334,-0.3488638997077942,-0.13531741694563484
UBFC_PHYS_s13_T2_ctrl,113,185,119.16666666666667,-0.14977328479290009,-0.5345303528456763
UBFC_PHYS_s13_T2_ctrl,113,186,119.2,0.13284321129322052,-0.9084314344798915
UBFC_PHYS_s13_T2_ctrl,113,187,119.23333333333333,0.29348912835121155,-1.242220211711908
UBFC_PHYS_s13_T2_ctrl,113,188,119.26666666666667,0.26245856285095215,-1.5253339997585318
UBFC_PHYS_s13_T2_ctrl,113,189,119.3,0.17950275540351868,-1.7496110614839673
UBFC_PHYS_s13_T2_ctrl,113,190,119.33333333333333,0.14463330805301666,-1.9064898278381792
UBFC_PHYS_s13_T2_ctrl,113,191,119.36666666666666,0.09380538016557693,-1.9846099678102178
UBFC_PHYS_s13_T2_ctrl,113,192,119.4,-0.029387688264250755,-1.969614520177168
UBFC_PHYS_s13_T2_ctrl,113,193,119.43333333333334,-0.15119020640850067,-1.8474803749872175
UBFC_PHYS_s13_T2_ctrl,113,194,119.46666666666667,-0.18318626284599304,-1.6111717378036652
UBFC_PHYS_s13_T2_ctrl,113,195,119.5,-0.13875095546245575,-1.2684067985106664
UBFC_PHYS_s13_T2_ctrl,113,196,119.53333333333333,-0.07258731126785278,-0.8468995916361325
UBFC_PHYS_s13_T2_ctrl,113,197,119.56666666666666,-0.007059644907712936,-0.3936119094507052
UBFC_PHYS_s13_T2_ctrl,113,198,119.6,0.08176484704017639,0.03332310822831884
UBFC_PHYS_s13_T2_ctrl,113,199,119.63333333333334,0.24826298654079437,0.37805765148388143
UBFC_PHYS_s13_T2_ctrl,113,200,119.66666666666667,0.5345997214317322,0.6011073303910247
UBFC_PHYS_s13_T2_ctrl,113,201,119.7,0.9038922190666199,0.6888056595788989
UBFC_PHYS_s13_T2_ctrl,113,202,119.73333333333333,1.3173366785049438,0.6552475399962787
UBFC_PHYS_s13_T2_ctrl,113,203,119.76666666666667,1.7319839000701904,0.537123007820542
UBFC_PHYS_s13_T2_ctrl,113,204,119.8,2.0365922451019287,0.38387584275506015
UBFC_PHYS_s13_T2_ctrl,113,205,119.83333333333333,1.9841761589050293,0.24613219378310783
UBFC_PHYS_s13_T2_ctrl,113,206,119.86666666666666,1.1891909837722778,0.16507433712145608
UBFC_PHYS_s13_T2_ctrl,113,207,119.9,-0.13457927107810974,0.16485976447685
UBFC_PHYS_s13_T2_ctrl,113,208,119.93333333333334,-1.3074803352355957,0.24942920780941347
UBFC_PHYS_s13_T2_ctrl,113,209,119.96666666666667,-2.062699317932129,0.4040264701590179
UBFC_PHYS_s13_T2_ctrl,113,210,120.0,-2.447756052017212,0.6005111123076421
UBFC_PHYS_s13_T2_ctrl,113,211,120.03333333333333,-2.4785659313201904,0.8045508387291486
UBFC_PHYS_s13_T2_ctrl,113,212,120.06666666666666,-2.2853240966796875,0.9825413169742824
UBFC_PHYS_s13_T2_ctrl,113,213,120.1,-2.04402232170105,1.1067266043255202
UBFC_PHYS_s13_T2_ctrl,113,214,120.13333333333334,-1.7990696430206299,1.1581292028721732
UBFC_PHYS_s13_T2_ctrl,113,215,120.16666666666667,-1.4955849647521973,1.1278071674237713
UBFC_PHYS_s13_T2_ctrl,113,216,120.2,-1.1432361602783203,1.0171044283110424
UBFC_PHYS_s13_T2_ctrl,113,217,120.23333333333333,-0.830165684223175,0.8371230770371569
UBFC_PHYS_s13_T2_ctrl,113,218,120.26666666666667,-0.593546450138092,0.6071707446537906
UBFC_PHYS_s13_T2_ctrl,113,219,120.3,-0.3889232277870178,0.3518773398402637
UBFC_PHYS_s13_T2_ctrl,113,220,120.33333333333333,-0.1940603107213974,0.09714820087749135
UBFC_PHYS_s13_T2_ctrl,113,221,120.36666666666666,-0.03021477535367012,-0.134210686704735
UBFC_PHYS_s13_T2_ctrl,113,222,120.4,0.08378148823976517,-0.325990536784309
UBFC_PHYS_s13_T2_ctrl,113,223,120.43333333333334,0.15917158126831055,-0.47022301435276076
UBFC_PHYS_s13_T2_ctrl,113,224,120.46666666666667,0.21459627151489258,-0.5667397241291574
UBFC_PHYS_s13_T2_ctrl,113,225,120.5,0.2755996882915497,-0.6211963780981936
UBFC_PHYS_s13_T2_ctrl,113,226,120.53333333333333,0.3572341203689575,-0.6424580571891081
UBFC_PHYS_s13_T2_ctrl,113,227,120.56666666666666,0.45159777998924255,-0.6401630664903567
UBFC_PHYS_s13_T2_ctrl,113,228,120.6,0.54835045337677,-0.6229906962580454
UBFC_PHYS_s13_T2_ctrl,113,229,120.63333333333334,0.6652135252952576,-0.5977630939613103
UBFC_PHYS_s13_T2_ctrl,113,230,120.66666666666667,0.8348387479782104,-0.5691231541316054
UBFC_PHYS_s13_T2_ctrl,113,231,120.7,1.0690195560455322,-0.539374578672832
UBFC_PHYS_s13_T2_ctrl,113,232,120.73333333333333,1.2828989028930664,-0.5082756290295528
UBFC_PHYS_s13_T2_ctrl,113,233,120.76666666666667,1.3033355474472046,-0.4729897717183404
UBFC_PHYS_s13_T2_ctrl,113,234,120.8,1.0861314535140991,-0.4286844501746207
UBFC_PHYS_s13_T2_ctrl,113,235,120.83333333333333,0.8122339248657227,-0.37010757106960646
UBFC_PHYS_s13_T2_ctrl,113,236,120.86666666666666,0.640404224395752,-0.29384339359768846
UBFC_PHYS_s13_T2_ctrl,113,237,120.9,0.5622988939285278,-0.20033800656738426
UBFC_PHYS_s13_T2_ctrl,113,238,120.93333333333334,0.5224372744560242,-0.09471962473700575
UBFC_PHYS_s13_T2_ctrl,113,239,120.96666666666667,0.49171313643455505,0.013982250915037174
UBFC_PHYS_s13_T2_ctrl,114,0,114.0,-0.19386260211467743,-0.06730718171748284
UBFC_PHYS_s13_T2_ctrl,114,1,114.03333333333333,-0.11095622181892395,-0.04179689117418482
UBFC_PHYS_s13_T2_ctrl,114,2,114.06666666666666,-0.0614694245159626,-0.02262703474430542
UBFC_PHYS_s13_T2_ctrl,114,3,114.1,-0.012285778298974037,-0.016682519489854608
UBFC_PHYS_s13_T2_ctrl,114,4,114.13333333333334,0.09137025475502014,-0.030457488644147723
UBFC_PHYS_s13_T2_ctrl,114,5,114.16666666666667,0.2377382218837738,-0.06846773877610639
UBFC_PHYS_s13_T2_ctrl,114,6,114.2,0.3579261004924774,-0.13121757356404462
UBFC_PHYS_s13_T2_ctrl,114,7,114.23333333333333,0.4271872043609619,-0.21379442544184807
UBFC_PHYS_s13_T2_ctrl,114,8,114.26666666666667,0.47243642807006836,-0.30571142968336323
UBFC_PHYS_s13_T2_ctrl,114,9,114.3,0.5084229111671448,-0.3919785546138874
UBFC_PHYS_s13_T2_ctrl,114,10,114.33333333333333,0.5382243990898132,-0.4552765711084033
UBFC_PHYS_s13_T2_ctrl,114,11,114.36666666666666,0.54546058177948,-0.4791589304516689
UBFC_PHYS_s13_T2_ctrl,114,12,114.4,0.47829192876815796,-0.45184319843492937
UBFC_PHYS_s13_T2_ctrl,114,13,114.43333333333334,0.3298875391483307,-0.36959648101871934
UBFC_PHYS_s13_T2_ctrl,114,14,114.46666666666667,0.17652063071727753,-0.238503708069848
UBFC_PHYS_s13_T2_ctrl,114,15,114.5,0.06320976465940475,-0.07375756074305055
UBFC_PHYS_s13_T2_ctrl,114,16,114.53333333333333,-0.056536559015512466,0.10354773754195733
UBFC_PHYS_s13_T2_ctrl,114,17,114.56666666666666,-0.21406854689121246,0.2710591623729658
UBFC_PHYS_s13_T2_ctrl,114,18,114.6,-0.3771100640296936,0.4094028230743374
UBFC_PHYS_s13_T2_ctrl,114,19,114.63333333333334,-0.5259692072868347,0.5044526178644343
UBFC_PHYS_s13_T2_ctrl,114,20,114.66666666666667,-0.6722712516784668,0.5474968165124928
UBFC_PHYS_s13_T2_ctrl,114,21,114.7,-0.8062691688537598,0.5345208924207951
UBFC_PHYS_s13_T2_ctrl,114,22,114.73333333333333,-0.9105084538459778,0.4659491622309224
UBFC_PHYS_s13_T2_ctrl,114,23,114.76666666666667,-1.014108419418335,0.3474080795442606
UBFC_PHYS_s13_T2_ctrl,114,24,114.8,-1.1562058925628662,0.19123377007947062
UBFC_PHYS_s13_T2_ctrl,114,25,114.83333333333333,-1.3135929107666016,0.01778332692888842
UBFC_PHYS_s13_T2_ctrl,114,26,114.86666666666666,-1.4139504432678223,-0.14485607698324676
UBFC_PHYS_s13_T2_ctrl,114,27,114.9,-1.3787778615951538,-0.264146962328548
UBFC_PHYS_s13_T2_ctrl,114,28,114.93333333333334,-1.181054711341858,-0.309928872692413
UBFC_PHYS_s13_T2_ctrl,114,29,114.96666666666667,-0.8960492610931396,-0.26365887885321815
UBFC_PHYS_s13_T2_ctrl,114,30,115.0,-0.6458275318145752,-0.12690755278207466
UBFC_PHYS_s13_T2_ctrl,114,31,115.03333333333333,-0.48974213004112244,0.07517519892012087
UBFC_PHYS_s13_T2_ctrl,114,32,115.06666666666666,-0.40978163480758667,0.2986946477191084
UBFC_PHYS_s13_T2_ctrl,114,33,115.1,-0.37627968192100525,0.4937759780615695
UBFC_PHYS_s13_T2_ctrl,114,34,115.13333333333334,-0.3550390303134918,0.6200869370435854
UBFC_PHYS_s13_T2_ctrl,114,35,115.16666666666667,-0.319853276014328,0.657822220754138
UBFC_PHYS_s13_T2_ctrl,114,36,115.2,-0.27341118454933167,0.6096897782132321
UBFC_PHYS_s13_T2_ctrl,114,37,115.23333333333333,-0.23140442371368408,0.49454900615864045
UBFC_PHYS_s13_T2_ctrl,114,38,115.26666666666667,-0.20279578864574432,0.33680622884102646
UBFC_PHYS_s13_T2_ctrl,114,39,115.3,-0.19862741231918335,0.15643467468005134
UBFC_PHYS_s13_T2_ctrl,114,40,115.33333333333333,-0.24065394699573517,-0.036629700787405475
UBFC_PHYS_s13_T2_ctrl,114,41,115.36666666666666,-0.34001967310905457,-0.2420084674487516
UBFC_PHYS_s13_T2_ctrl,114,42,115.4,-0.47556960582733154,-0.46284386351414886
UBFC_PHYS_s13_T2_ctrl,114,43,115.43333333333334,-0.6053826808929443,-0.6967585119066687
UBFC_PHYS_s13_T2_ctrl,114,44,115.46666666666667,-0.6981284022331238,-0.9278098348360075
UBFC_PHYS_s13_T2_ctrl,114,45,115.5,-0.7461653351783752,-1.1236495369858959
UBFC_PHYS_s13_T2_ctrl,114,46,115.53333333333333,-0.7557476758956909,-1.240614078504504
UBFC_PHYS_s13_T2_ctrl,114,47,115.56666666666666,-0.7386227250099182,-1.2365192975948285
UBFC_PHYS_s13_T2_ctrl,114,48,115.6,-0.7031436562538147,-1.0873821008356226
UBFC_PHYS_s13_T2_ctrl,114,49,115.63333333333334,-0.6508065462112427,-0.8014295383281843
UBFC_PHYS_s13_T2_ctrl,114,50,115.66666666666667,-0.5724112391471863,-0.42317730286295946
UBFC_PHYS_s13_T2_ctrl,114,51,115.7,-0.4557986259460449,-0.0236161792007429
UBFC_PHYS_s13_T2_ctrl,114,52,115.73333333333333,-0.299663782119751,0.32087993357447225
UBFC_PHYS_s13_T2_ctrl,114,53,115.76666666666667,-0.11740486323833466,0.5523532799709314
UBFC_PHYS_s13_T2_ctrl,114,54,115.8,0.0680932030081749,0.6478326482749743
UBFC_PHYS_s13_T2_ctrl,114,55,115.83333333333333,0.2345419079065323,0.6225007052622716
UBFC_PHYS_s13_T2_ctrl,114,56,115.86666666666666,0.35897067189216614,0.5197755381820152
UBFC_PHYS_s13_T2_ctrl,114,57,115.9,0.4153904914855957,0.39400220227674854
UBFC_PHYS_s13_T2_ctrl,114,58,115.93333333333334,0.383433997631073,0.2930017590272175
UBFC_PHYS_s13_T2_ctrl,114,59,115.96666666666667,0.26525944471359253,0.2459553987048311
UBFC_PHYS_s13_T2_ctrl,114,60,116.0,0.09751244634389877,0.25906227862093206
UBFC_PHYS_s13_T2_ctrl,114,61,116.03333333333333,-0.055416204035282135,0.31858645511873657
UBFC_PHYS_s13_T2_ctrl,114,62,116.06666666666666,-0.1299792230129242,0.398980802316739
UBFC_PHYS_s13_T2_ctrl,114,63,116.1,-0.09068766236305237,0.47280049050171985
UBFC_PHYS_s13_T2_ctrl,114,64,116.13333333333334,0.05463245138525963,0.5189992604375999
UBFC_PHYS_s13_T2_ctrl,114,65,116.16666666666667,0.25864604115486145,0.527133602124799
UBFC_PHYS_s13_T2_ctrl,114,66,116.2,0.46680498123168945,0.4969103505991853
UBFC_PHYS_s13_T2_ctrl,114,67,116.23333333333333,0.6537265777587891,0.43451930204558487
UBFC_PHYS_s13_T2_ctrl,114,68,116.26666666666667,0.82625812292099,0.34826566701613276
UBFC_PHYS_s13_T2_ctrl,114,69,116.3,0.9964798092842102,0.24571111017673536
UBFC_PHYS_s13_T2_ctrl,114,70,116.33333333333333,1.1629549264907837,0.13313814805880297
UBFC_PHYS_s13_T2_ctrl,114,71,116.36666666666666,1.318961262702942,0.016617530030495726
UBFC_PHYS_s13_T2_ctrl,114,72,116.4,1.4625810384750366,-0.09679260093876384
UBFC_PHYS_s13_T2_ctrl,114,73,116.43333333333334,1.6079868078231812,-0.19889598569147762
UBFC_PHYS_s13_T2_ctrl,114,74,116.46666666666667,1.7636207342147827,-0.28148144352307225
UBFC_PHYS_s13_T2_ctrl,114,75,116.5,1.8794227838516235,-0.33808474620467655
UBFC_PHYS_s13_T2_ctrl,114,76,116.53333333333333,1.872374415397644,-0.36553991923721374
UBFC_PHYS_s13_T2_ctrl,114,77,116.56666666666666,1.744314432144165,-0.364765886756289
UBFC_PHYS_s13_T2_ctrl,114,78,116.6,1.5585099458694458,-0.3406260176986363
UBFC_PHYS_s13_T2_ctrl,114,79,116.63333333333334,1.3624310493469238,-0.30100264916048336
UBFC_PHYS_s13_T2_ctrl,114,80,116.66666666666667,1.1894644498825073,-0.25540547167464966
UBFC_PHYS_s13_T2_ctrl,114,81,116.7,1.0706309080123901,-0.21343043829320701
UBFC_PHYS_s13_T2_ctrl,114,82,116.73333333333333,1.0034193992614746,-0.18325183817849994
UBFC_PHYS_s13_T2_ctrl,114,83,116.76666666666667,0.9623023867607117,-0.17028730776860881
UBFC_PHYS_s13_T2_ctrl,114,84,116.8,0.9349623918533325,-0.17631430389873282
UBFC_PHYS_s13_T2_ctrl,114,85,116.83333333333333,0.9198870062828064,-0.19934881559875375
UBFC_PHYS_s13_T2_ctrl,114,86,116.86666666666666,0.9082616567611694,-0.2343012701983582
UBFC_PHYS_s13_T2_ctrl,114,87,116.9,0.8847835659980774,-0.2740681370824375
UBFC_PHYS_s13_T2_ctrl,114,88,116.93333333333334,0.8456600904464722,-0.31064985626046776
UBFC_PHYS_s13_T2_ctrl,114,89,116.96666666666667,0.806790292263031,-0.3360931912086648
UBFC_PHYS_s13_T2_ctrl,114,90,117.0,0.7911778092384338,-0.34331593647162384
UBFC_PHYS_s13_T2_ctrl,114,91,117.03333333333333,0.8313458561897278,-0.3269847544236886
UBFC_PHYS_s13_T2_ctrl,114,92,117.06666666666666,0.9442646503448486,-0.28450128527762625
UBFC_PHYS_s13_T2_ctrl,114,93,117.1,1.0835216045379639,-0.2168906469097028
UBFC_PHYS_s13_T2_ctrl,114,94,117.13333333333334,1.1750679016113281,-0.12916121001243736
UBFC_PHYS_s13_T2_ctrl,114,95,117.16666666666667,1.2144583463668823,-0.029690839418243936
UBFC_PHYS_s13_T2_ctrl,114,96,117.2,1.2299752235412598,0.07149680707644153
UBFC_PHYS_s13_T2_ctrl,114,97,117.23333333333333,1.1860276460647583,0.16507551066418974
UBFC_PHYS_s13_T2_ctrl,114,98,117.26666666666667,1.0290855169296265,0.24430002573726092
UBFC_PHYS_s13_T2_ctrl,114,99,117.3,0.7872532606124878,0.30559366660811554
UBFC_PHYS_s13_T2_ctrl,114,100,117.33333333333333,0.5415854454040527,0.3481863764663896
UBFC_PHYS_s13_T2_ctrl,114,101,117.36666666666666,0.36749526858329773,0.3738434434346024
UBFC_PHYS_s13_T2_ctrl,114,102,117.4,0.30790549516677856,0.3869331124581717
UBFC_PHYS_s13_T2_ctrl,114,103,117.43333333333334,0.3324149250984192,0.39403011958054596
UBFC_PHYS_s13_T2_ctrl,114,104,117.46666666666667,0.3381617069244385,0.40238698547869334
UBFC_PHYS_s13_T2_ctrl,114,105,117.5,0.22503535449504852,0.41749784488017067
UBFC_PHYS_s13_T2_ctrl,114,106,117.53333333333333,-0.02267543599009514,0.4405992866512619
UBFC_PHYS_s13_T2_ctrl,114,107,117.56666666666666,-0.3071240484714508,0.46717327006762516
UBFC_PHYS_s13_T2_ctrl,114,108,117.6,-0.5133519768714905,0.487482818767249
UBFC_PHYS_s13_T2_ctrl,114,109,117.63333333333334,-0.587134063243866,0.48956272565378
UBFC_PHYS_s13_T2_ctrl,114,110,117.66666666666667,-0.5418815612792969,0.463820911131294
UBFC_PHYS_s13_T2_ctrl,114,111,117.7,-0.41778889298439026,0.4072700998002293
UBFC_PHYS_s13_T2_ctrl,114,112,117.73333333333333,-0.2652161121368408,0.32530834019356086
UBFC_PHYS_s13_T2_ctrl,114,113,117.76666666666667,-0.15496645867824554,0.2300839580218969
UBFC_PHYS_s13_T2_ctrl,114,114,117.8,-0.1292213350534439,0.13622372584364364
UBFC_PHYS_s13_T2_ctrl,114,115,117.83333333333333,-0.131880521774292,0.05592598008502089
UBFC_PHYS_s13_T2_ctrl,114,116,117.86666666666666,-0.08023868501186371,-0.004640001093857746
UBFC_PHYS_s13_T2_ctrl,114,117,117.9,0.01912044733762741,-0.04661897804158796
UBFC_PHYS_s13_T2_ctrl,114,118,117.93333333333334,0.09610540419816971,-0.0774064556012228
UBFC_PHYS_s13_T2_ctrl,114,119,117.96666666666667,0.11166847497224808,-0.10786529025891448
UBFC_PHYS_s13_T2_ctrl,114,120,118.0,0.061084385961294174,-0.14878772158065168
UBFC_PHYS_s13_T2_ctrl,114,121,118.03333333333333,-0.061769284307956696,-0.20766005471809323
UBFC_PHYS_s13_T2_ctrl,114,122,118.06666666666666,-0.24609427154064178,-0.286696619344205
UBFC_PHYS_s13_T2_ctrl,114,123,118.1,-0.4563818573951721,-0.38282341659814434
UBFC_PHYS_s13_T2_ctrl,114,124,118.13333333333334,-0.6691803932189941,-0.4897418671081835
UBFC_PHYS_s13_T2_ctrl,114,125,118.16666666666667,-0.909061849117279,-0.6013421144596568
UBFC_PHYS_s13_T2_ctrl,114,126,118.2,-1.1886204481124878,-0.7148081130539125
UBFC_PHYS_s13_T2_ctrl,114,127,118.23333333333333,-1.4258888959884644,-0.8314487764596417
UBFC_PHYS_s13_T2_ctrl,114,128,118.26666666666667,-1.4919898509979248,-0.9541056574836895
UBFC_PHYS_s13_T2_ctrl,114,129,118.3,-1.357988715171814,-1.0816552264884551
UBFC_PHYS_s13_T2_ctrl,114,130,118.33333333333333,-1.134022831916809,-1.2028679281436583
UBFC_PHYS_s13_T2_ctrl,114,131,118.36666666666666,-0.9484588503837585,-1.292878941323158
UBFC_PHYS_s13_T2_ctrl,114,132,118.4,-0.8260797262191772,-1.3151641687243902
UBFC_PHYS_s13_T2_ctrl,114,133,118.43333333333334,-0.6936832666397095,-1.2300685521193724
UBFC_PHYS_s13_T2_ctrl,114,134,118.46666666666667,-0.5168020129203796,-1.0081232089054408
UBFC_PHYS_s13_T2_ctrl,114,135,118.5,-0.3867780864238739,-0.6437854409655611
UBFC_PHYS_s13_T2_ctrl,114,136,118.53333333333333,-0.42094236612319946,-0.16404815923212523
UBFC_PHYS_s13_T2_ctrl,114,137,118.56666666666666,-0.5311623811721802,0.37283265827402007
UBFC_PHYS_s13_T2_ctrl,114,138,118.6,-0.4859197437763214,0.8902934075417829
UBFC_PHYS_s13_T2_ctrl,114,139,118.63333333333334,-0.24678295850753784,1.3148552958164645
UBFC_PHYS_s13_T2_ctrl,114,140,118.66666666666667,-0.058991458266973495,1.5974206941528963
UBFC_PHYS_s13_T2_ctrl,114,141,118.7,-0.09408827126026154,1.7249326664888314
UBFC_PHYS_s13_T2_ctrl,114,142,118.73333333333333,-0.24258162081241608,1.7182653672949182
UBFC_PHYS_s13_T2_ctrl,114,143,118.76666666666667,-0.36624589562416077,1.6195244622537537
UBFC_PHYS_s13_T2_ctrl,114,144,118.8,-0.5129565596580505,1.4756185439552063
UBFC_PHYS_s13_T2_ctrl,114,145,118.83333333333333,-0.739690363407135,1.324416207250627
UBFC_PHYS_s13_T2_ctrl,114,146,118.86666666666666,-0.9181927442550659,1.1871686117827431
UBFC_PHYS_s13_T2_ctrl,114,147,118.9,-0.85723876953125,1.0678516804362466
UBFC_PHYS_s13_T2_ctrl,114,148,118.93333333333334,-0.5189570784568787,0.9577193246159527
UBFC_PHYS_s13_T2_ctrl,114,149,118.96666666666667,-0.04213668406009674,0.8422679414556999
UBFC_PHYS_s13_T2_ctrl,114,150,119.0,0.3173659145832062,0.7079753626473878
UBFC_PHYS_s13_T2_ctrl,114,151,119.03333333333333,0.30724644660949707,0.5469640349775944
UBFC_PHYS_s13_T2_ctrl,114,152,119.06666666666666,-0.007076120935380459,0.35858215784329367
UBFC_PHYS_s13_T2_ctrl,114,153,119.1,-0.3032357394695282,0.14786197464007877
UBFC_PHYS_s13_T2_ctrl,114,154,119.13333333333334,-0.3488638997077942,-0.07803272803848768
UBFC_PHYS_s13_T2_ctrl,114,155,119.16666666666667,-0.14977328479290009,-0.31349788293407665
UBFC_PHYS_s13_T2_ctrl,114,156,119.2,0.13284321129322052,-0.5565856511615083
UBFC_PHYS_s13_T2_ctrl,114,157,119.23333333333333,0.29348912835121155,-0.8085144449432554
UBFC_PHYS_s13_T2_ctrl,114,158,119.26666666666667,0.26245856285095215,-1.070476677289996
UBFC_PHYS_s13_T2_ctrl,114,159,119.3,0.17950275540351868,-1.3386448321297961
UBFC_PHYS_s13_T2_ctrl,114,160,119.33333333333333,0.14463330805301666,-1.5993689175921504
UBFC_PHYS_s13_T2_ctrl,114,161,119.36666666666666,0.09380538016557693,-1.8270687175085722
UBFC_PHYS_s13_T2_ctrl,114,162,119.4,-0.029387688264250755,-1.986684409257026
UBFC_PHYS_s13_T2_ctrl,114,163,119.43333333333334,-0.15119020640850067,-2.0409866270639885
UBFC_PHYS_s13_T2_ctrl,114,164,119.46666666666667,-0.18318626284599304,-1.9611898001689505
UBFC_PHYS_s13_T2_ctrl,114,165,119.5,-0.13875095546245575,-1.7376841141310337
UBFC_PHYS_s13_T2_ctrl,114,166,119.53333333333333,-0.07258731126785278,-1.3868359747015697
UBFC_PHYS_s13_T2_ctrl,114,167,119.56666666666666,-0.007059644907712936,-0.9503265092854489
UBFC_PHYS_s13_T2_ctrl,114,168,119.6,0.08176484704017639,-0.48578040984535636
UBFC_PHYS_s13_T2_ctrl,114,169,119.63333333333334,0.24826298654079437,-0.05125210209280735
UBFC_PHYS_s13_T2_ctrl,114,170,119.66666666666667,0.5345997214317322,0.3101338252043396
UBFC_PHYS_s13_T2_ctrl,114,171,119.7,0.9038922190666199,0.5786524175337004
UBFC_PHYS_s13_T2_ctrl,114,172,119.73333333333333,1.3173366785049438,0.756980529757267
UBFC_PHYS_s13_T2_ctrl,114,173,119.76666666666667,1.7319839000701904,0.8624570571525698
UBFC_PHYS_s13_T2_ctrl,114,174,119.8,2.0365922451019287,0.9176863852674447
UBFC_PHYS_s13_T2_ctrl,114,175,119.83333333333333,1.9841761589050293,0.9435794799382533
UBFC_PHYS_s13_T2_ctrl,114,176,119.86666666666666,1.1891909837722778,0.9563786187892519
UBFC_PHYS_s13_T2_ctrl,114,177,119.9,-0.13457927107810974,0.9678146504230308
UBFC_PHYS_s13_T2_ctrl,114,178,119.93333333333334,-1.3074803352355957,0.9863610706986126
UBFC_PHYS_s13_T2_ctrl,114,179,119.96666666666667,-2.062699317932129,1.0177626507467603
UBFC_PHYS_s13_T2_ctrl,114,180,120.0,-2.447756052017212,1.0641344130242332
UBFC_PHYS_s13_T2_ctrl,114,181,120.03333333333333,-2.4785659313201904,1.122181688720905
UBFC_PHYS_s13_T2_ctrl,114,182,120.06666666666666,-2.2853240966796875,1.1818227979394387
UBFC_PHYS_s13_T2_ctrl,114,183,120.1,-2.04402232170105,1.2264561482100604
UBFC_PHYS_s13_T2_ctrl,114,184,120.13333333333334,-1.7990696430206299,1.2354520167209184
UBFC_PHYS_s13_T2_ctrl,114,185,120.16666666666667,-1.4955849647521973,1.1885661529292024
UBFC_PHYS_s13_T2_ctrl,114,186,120.2,-1.1432361602783203,1.071237195942281
UBFC_PHYS_s13_T2_ctrl,114,187,120.23333333333333,-0.830165684223175,0.8792406417110614
UBFC_PHYS_s13_T2_ctrl,114,188,120.26666666666667,-0.593546450138092,0.6210165198611483
UBFC_PHYS_s13_T2_ctrl,114,189,120.3,-0.3889232277870178,0.31647955726993227
UBFC_PHYS_s13_T2_ctrl,114,190,120.33333333333333,-0.1940603107213974,-0.0076445500254869615
UBFC_PHYS_s13_T2_ctrl,114,191,120.36666666666666,-0.03021477535367012,-0.3244593865387007
UBFC_PHYS_s13_T2_ctrl,114,192,120.4,0.08378148823976517,-0.6130949318749658
UBFC_PHYS_s13_T2_ctrl,114,193,120.43333333333334,0.15917158126831055,-0.8621353555406872
UBFC_PHYS_s13_T2_ctrl,114,194,120.46666666666667,0.21459627151489258,-1.0690938086897366
UBFC_PHYS_s13_T2_ctrl,114,195,120.5,0.2755996882915497,-1.236461863393888
UBFC_PHYS_s13_T2_ctrl,114,196,120.53333333333333,0.3572341203689575,-1.366373462187816
UBFC_PHYS_s13_T2_ctrl,114,197,120.56666666666666,0.45159777998924255,-1.4564942666575054
UBFC_PHYS_s13_T2_ctrl,114,198,120.6,0.54835045337677,-1.4990800100803785
UBFC_PHYS_s13_T2_ctrl,114,199,120.63333333333334,0.6652135252952576,-1.4836791588578853
UBFC_PHYS_s13_T2_ctrl,114,200,120.66666666666667,0.8348387479782104,-1.4023973587510967
UBFC_PHYS_s13_T2_ctrl,114,201,120.7,1.0690195560455322,-1.2554654622667694
UBFC_PHYS_s13_T2_ctrl,114,202,120.73333333333333,1.2828989028930664,-1.0544200311267815
UBFC_PHYS_s13_T2_ctrl,114,203,120.76666666666667,1.3033355474472046,-0.8209078270508717
UBFC_PHYS_s13_T2_ctrl,114,204,120.8,1.0861314535140991,-0.5809707797258135
UBFC_PHYS_s13_T2_ctrl,114,205,120.83333333333333,0.8122339248657227,-0.35693327253905716
UBFC_PHYS_s13_T2_ctrl,114,206,120.86666666666666,0.640404224395752,-0.16054955395693274
UBFC_PHYS_s13_T2_ctrl,114,207,120.9,0.5622988939285278,0.009217616873070694
UBFC_PHYS_s13_T2_ctrl,114,208,120.93333333333334,0.5224372744560242,0.16270885123393442
UBFC_PHYS_s13_T2_ctrl,114,209,120.96666666666667,0.49171313643455505,0.3122888848390999
UBFC_PHYS_s13_T2_ctrl,114,210,121.0,0.42551323771476746,0.4650940036592982
UBFC_PHYS_s13_T2_ctrl,114,211,121.03333333333333,0.30253106355667114,0.6193012021885754
UBFC_PHYS_s13_T2_ctrl,114,212,121.06666666666666,0.17996078729629517,0.7650834795565913
UBFC_PHYS_s13_T2_ctrl,114,213,121.1,0.10537141561508179,0.8888310842586004
UBFC_PHYS_s13_T2_ctrl,114,214,121.13333333333334,0.05375264212489128,0.9780868881403249
UBFC_PHYS_s13_T2_ctrl,114,215,121.16666666666667,-0.015495269559323788,1.0250954313949399
UBFC_PHYS_s13_T2_ctrl,114,216,121.2,-0.09225945174694061,1.0280745583571147
UBFC_PHYS_s13_T2_ctrl,114,217,121.23333333333333,-0.14613212645053864,0.9904593248333236
UBFC_PHYS_s13_T2_ctrl,114,218,121.26666666666667,-0.18850795924663544,0.9189538027516458
UBFC_PHYS_s13_T2_ctrl,114,219,121.3,-0.2538280189037323,0.82127590730559
UBFC_PHYS_s13_T2_ctrl,114,220,121.33333333333333,-0.32762986421585083,0.7042819028160463
UBFC_PHYS_s13_T2_ctrl,114,221,121.36666666666666,-0.3554542362689972,0.5729505847821323
UBFC_PHYS_s13_T2_ctrl,114,222,121.4,-0.3095822334289551,0.43053169460062846
UBFC_PHYS_s13_T2_ctrl,114,223,121.43333333333334,-0.21092826128005981,0.2798165878513866
UBFC_PHYS_s13_T2_ctrl,114,224,121.46666666666667,-0.09828301519155502,0.12490674214214832
UBFC_PHYS_s13_T2_ctrl,114,225,121.5,-0.003912761807441711,-0.027564410753760014
UBFC_PHYS_s13_T2_ctrl,114,226,121.53333333333333,0.04973912984132767,-0.16864213448916152
UBFC_PHYS_s13_T2_ctrl,114,227,121.56666666666666,0.06013867259025574,-0.28888104898840505
UBFC_PHYS_s13_T2_ctrl,114,228,121.6,0.04857923090457916,-0.3811169502438884
UBFC_PHYS_s13_T2_ctrl,114,229,121.63333333333334,0.04540269076824188,-0.44293003403879727
UBFC_PHYS_s13_T2_ctrl,114,230,121.66666666666667,0.05375264212489128,-0.477575244916423
UBFC_PHYS_s13_T2_ctrl,114,231,121.7,0.0537790022790432,-0.4927132874778729
UBFC_PHYS_s13_T2_ctrl,114,232,121.73333333333333,0.0471557192504406,-0.4971415806121029
UBFC_PHYS_s13_T2_ctrl,114,233,121.76666666666667,0.05428316071629524,-0.49674238685676686
UBFC_PHYS_s13_T2_ctrl,114,234,121.8,0.069002665579319,-0.4916517737300813
UBFC_PHYS_s13_T2_ctrl,114,235,121.83333333333333,0.06215531378984451,-0.4764058470338996
UBFC_PHYS_s13_T2_ctrl,114,236,121.86666666666666,0.015835167840123177,-0.4432567968386988
UBFC_PHYS_s13_T2_ctrl,114,237,121.9,-0.053162310272455215,-0.3869849081144655
UBFC_PHYS_s13_T2_ctrl,114,238,121.93333333333334,-0.09915623813867569,-0.30866649351736225
UBFC_PHYS_s13_T2_ctrl,114,239,121.96666666666667,-0.09703744202852249,-0.21645313365836558
UBFC_PHYS_s13_T2_ctrl,115,0,115.0,-0.6458275318145752,0.14311277513751494
UBFC_PHYS_s13_T2_ctrl,115,1,115.03333333333333,-0.48974213004112244,0.08225307020305436
UBFC_PHYS_s13_T2_ctrl,115,2,115.06666666666666,-0.40978163480758667,0.011080917455274574
UBFC_PHYS_s13_T2_ctrl,115,3,115.1,-0.37627968192100525,-0.07159813556816522
UBFC_PHYS_s13_T2_ctrl,115,4,115.13333333333334,-0.3550390303134918,-0.16030998639347116
UBFC_PHYS_s13_T2_ctrl,115,5,115.16666666666667,-0.319853276014328,-0.24440354898821207
UBFC_PHYS_s13_T2_ctrl,115,6,115.2,-0.27341118454933167,-0.31222113248590694
UBFC_PHYS_s13_T2_ctrl,115,7,115.23333333333333,-0.23140442371368408,-0.3559042867910562
UBFC_PHYS_s13_T2_ctrl,115,8,115.26666666666667,-0.20279578864574432,-0.37475284170741086
UBFC_PHYS_s13_T2_ctrl,115,9,115.3,-0.19862741231918335,-0.3759478494581455
UBFC_PHYS_s13_T2_ctrl,115,10,115.33333333333333,-0.24065394699573517,-0.37263672198481923
UBFC_PHYS_s13_T2_ctrl,115,11,115.36666666666666,-0.34001967310905457,-0.3801875513743662
UBFC_PHYS_s13_T2_ctrl,115,12,115.4,-0.47556960582733154,-0.4115808885861322
UBFC_PHYS_s13_T2_ctrl,115,13,115.43333333333334,-0.6053826808929443,-0.4728231280640841
UBFC_PHYS_s13_T2_ctrl,115,14,115.46666666666667,-0.6981284022331238,-0.5593934875996823
UBFC_PHYS_s13_T2_ctrl,115,15,115.5,-0.7461653351783752,-0.6549751436050075
UBFC_PHYS_s13_T2_ctrl,115,16,115.53333333333333,-0.7557476758956909,-0.7336395146422614
UBFC_PHYS_s13_T2_ctrl,115,17,115.56666666666666,-0.7386227250099182,-0.7658881522787879
UBFC_PHYS_s13_T2_ctrl,115,18,115.6,-0.7031436562538147,-0.7274919270887635
UBFC_PHYS_s13_T2_ctrl,115,19,115.63333333333334,-0.6508065462112427,-0.6084001929517541
UBFC_PHYS_s13_T2_ctrl,115,20,115.66666666666667,-0.5724112391471863,-0.4180122834714466
UBFC_PHYS_s13_T2_ctrl,115,21,115.7,-0.4557986259460449,-0.18377300448340853
UBFC_PHYS_s13_T2_ctrl,115,22,115.73333333333333,-0.299663782119751,0.05733644174652628
UBFC_PHYS_s13_T2_ctrl,115,23,115.76666666666667,-0.11740486323833466,0.2712495498967185
UBFC_PHYS_s13_T2_ctrl,115,24,115.8,0.0680932030081749,0.4374325497688443
UBFC_PHYS_s13_T2_ctrl,115,25,115.83333333333333,0.2345419079065323,0.5525440605286253
UBFC_PHYS_s13_T2_ctrl,115,26,115.86666666666666,0.35897067189216614,0.6262319535869463
UBFC_PHYS_s13_T2_ctrl,115,27,115.9,0.4153904914855957,0.6726739342036715
UBFC_PHYS_s13_T2_ctrl,115,28,115.93333333333334,0.383433997631073,0.7028676104393947
UBFC_PHYS_s13_T2_ctrl,115,29,115.96666666666667,0.26525944471359253,0.7209399448017645
UBFC_PHYS_s13_T2_ctrl,115,30,116.0,0.09751244634389877,0.7248504189427504
UBFC_PHYS_s13_T2_ctrl,115,31,116.03333333333333,-0.055416204035282135,0.7096884492590866
UBFC_PHYS_s13_T2_ctrl,115,32,116.06666666666666,-0.1299792230129242,0.6712630641417907
UBFC_PHYS_s13_T2_ctrl,115,33,116.1,-0.09068766236305237,0.6084533102592765
UBFC_PHYS_s13_T2_ctrl,115,34,116.13333333333334,0.05463245138525963,0.5238629517497345
UBFC_PHYS_s13_T2_ctrl,115,35,116.16666666666667,0.25864604115486145,0.42310281736220995
UBFC_PHYS_s13_T2_ctrl,115,36,116.2,0.46680498123168945,0.31334446267740906
UBFC_PHYS_s13_T2_ctrl,115,37,116.23333333333333,0.6537265777587891,0.20178573254229562
UBFC_PHYS_s13_T2_ctrl,115,38,116.26666666666667,0.82625812292099,0.0945343115048205
UBFC_PHYS_s13_T2_ctrl,115,39,116.3,0.9964798092842102,-0.003840585835546511
UBFC_PHYS_s13_T2_ctrl,115,40,116.33333333333333,1.1629549264907837,-0.09019823162670772
UBFC_PHYS_s13_T2_ctrl,115,41,116.36666666666666,1.318961262702942,-0.16250687129241873
UBFC_PHYS_s13_T2_ctrl,115,42,116.4,1.4625810384750366,-0.21961334974104219
UBFC_PHYS_s13_T2_ctrl,115,43,116.43333333333334,1.6079868078231812,-0.2611981697308932
UBFC_PHYS_s13_T2_ctrl,115,44,116.46666666666667,1.7636207342147827,-0.2878662482659122
UBFC_PHYS_s13_T2_ctrl,115,45,116.5,1.8794227838516235,-0.3012605783807665
UBFC_PHYS_s13_T2_ctrl,115,46,116.53333333333333,1.872374415397644,-0.30405884557302115
UBFC_PHYS_s13_T2_ctrl,115,47,116.56666666666666,1.744314432144165,-0.29973966810357894
UBFC_PHYS_s13_T2_ctrl,115,48,116.6,1.5585099458694458,-0.2921071222805479
UBFC_PHYS_s13_T2_ctrl,115,49,116.63333333333334,1.3624310493469238,-0.28469556862313256
UBFC_PHYS_s13_T2_ctrl,115,50,116.66666666666667,1.1894644498825073,-0.2802597626453465
UBFC_PHYS_s13_T2_ctrl,115,51,116.7,1.0706309080123901,-0.2805130245364128
UBFC_PHYS_s13_T2_ctrl,115,52,116.73333333333333,1.0034193992614746,-0.2861148282624463
UBFC_PHYS_s13_T2_ctrl,115,53,116.76666666666667,0.9623023867607117,-0.2967602311143124
UBFC_PHYS_s13_T2_ctrl,115,54,116.8,0.9349623918533325,-0.3112129440697202
UBFC_PHYS_s13_T2_ctrl,115,55,116.83333333333333,0.9198870062828064,-0.3272419337326403
UBFC_PHYS_s13_T2_ctrl,115,56,116.86666666666666,0.9082616567611694,-0.3415620944909778
UBFC_PHYS_s13_T2_ctrl,115,57,116.9,0.8847835659980774,-0.34991621365630643
UBFC_PHYS_s13_T2_ctrl,115,58,116.93333333333334,0.8456600904464722,-0.3473501195942859
UBFC_PHYS_s13_T2_ctrl,115,59,116.96666666666667,0.806790292263031,-0.32869843099640095
UBFC_PHYS_s13_T2_ctrl,115,60,117.0,0.7911778092384338,-0.2894017685507228
UBFC_PHYS_s13_T2_ctrl,115,61,117.03333333333333,0.8313458561897278,-0.22678244723991217
UBFC_PHYS_s13_T2_ctrl,115,62,117.06666666666666,0.9442646503448486,-0.1416080231626525
UBFC_PHYS_s13_T2_ctrl,115,63,117.1,1.0835216045379639,-0.03933879267524837
UBFC_PHYS_s13_T2_ctrl,115,64,117.13333333333334,1.1750679016113281,0.0697735076731281
UBFC_PHYS_s13_T2_ctrl,115,65,117.16666666666667,1.2144583463668823,0.17236199583601547
UBFC_PHYS_s13_T2_ctrl,115,66,117.2,1.2299752235412598,0.25533888380644143
UBFC_PHYS_s13_T2_ctrl,115,67,117.23333333333333,1.1860276460647583,0.30996771497828984
UBFC_PHYS_s13_T2_ctrl,115,68,117.26666666666667,1.0290855169296265,0.33479823942102477
UBFC_PHYS_s13_T2_ctrl,115,69,117.3,0.7872532606124878,0.33588475573516324
UBFC_PHYS_s13_T2_ctrl,115,70,117.33333333333333,0.5415854454040527,0.32415058941926145
UBFC_PHYS_s13_T2_ctrl,115,71,117.36666666666666,0.36749526858329773,0.31129624734622235
UBFC_PHYS_s13_T2_ctrl,115,72,117.4,0.30790549516677856,0.3061014440792437
UBFC_PHYS_s13_T2_ctrl,115,73,117.43333333333334,0.3324149250984192,0.3123708256328447
UBFC_PHYS_s13_T2_ctrl,115,74,117.46666666666667,0.3381617069244385,0.3288001798233709
UBFC_PHYS_s13_T2_ctrl,115,75,117.5,0.22503535449504852,0.35024470310730416
UBFC_PHYS_s13_T2_ctrl,115,76,117.53333333333333,-0.02267543599009514,0.3695548384216697
UBFC_PHYS_s13_T2_ctrl,115,77,117.56666666666666,-0.3071240484714508,0.3793567633384993
UBFC_PHYS_s13_T2_ctrl,115,78,117.6,-0.5133519768714905,0.3736338066561144
UBFC_PHYS_s13_T2_ctrl,115,79,117.63333333333334,-0.587134063243866,0.3491932482811223
UBFC_PHYS_s13_T2_ctrl,115,80,117.66666666666667,-0.5418815612792969,0.3068232289040211
UBFC_PHYS_s13_T2_ctrl,115,81,117.7,-0.41778889298439026,0.2515682081656237
UBFC_PHYS_s13_T2_ctrl,115,82,117.73333333333333,-0.2652161121368408,0.1916229897661575
UBFC_PHYS_s13_T2_ctrl,115,83,117.76666666666667,-0.15496645867824554,0.13594525445118222
UBFC_PHYS_s13_T2_ctrl,115,84,117.8,-0.1292213350534439,0.09144876915294443
UBFC_PHYS_s13_T2_ctrl,115,85,117.83333333333333,-0.131880521774292,0.060948932516389234
UBFC_PHYS_s13_T2_ctrl,115,86,117.86666666666666,-0.08023868501186371,0.042590263998091966
UBFC_PHYS_s13_T2_ctrl,115,87,117.9,0.01912044733762741,0.030757805417700203
UBFC_PHYS_s13_T2_ctrl,115,88,117.93333333333334,0.09610540419816971,0.018012018602739148
UBFC_PHYS_s13_T2_ctrl,115,89,117.96666666666667,0.11166847497224808,-0.002666405512651922
UBFC_PHYS_s13_T2_ctrl,115,90,118.0,0.061084385961294174,-0.03621676611910325
UBFC_PHYS_s13_T2_ctrl,115,91,118.03333333333333,-0.061769284307956696,-0.08510186180420508
UBFC_PHYS_s13_T2_ctrl,115,92,118.06666666666666,-0.24609427154064178,-0.15007764406032653
UBFC_PHYS_s13_T2_ctrl,115,93,118.1,-0.4563818573951721,-0.23128931858046053
UBFC_PHYS_s13_T2_ctrl,115,94,118.13333333333334,-0.6691803932189941,-0.32877949418535346
UBFC_PHYS_s13_T2_ctrl,115,95,118.16666666666667,-0.909061849117279,-0.44203004761038445
UBFC_PHYS_s13_T2_ctrl,115,96,118.2,-1.1886204481124878,-0.5688419026028847
UBFC_PHYS_s13_T2_ctrl,115,97,118.23333333333333,-1.4258888959884644,-0.7042481801679322
UBFC_PHYS_s13_T2_ctrl,115,98,118.26666666666667,-1.4919898509979248,-0.8400311251148284
UBFC_PHYS_s13_T2_ctrl,115,99,118.3,-1.357988715171814,-0.9648644645982061
UBFC_PHYS_s13_T2_ctrl,115,100,118.33333333333333,-1.134022831916809,-1.0645750222414854
UBFC_PHYS_s13_T2_ctrl,115,101,118.36666666666666,-0.9484588503837585,-1.1222012986030618
UBFC_PHYS_s13_T2_ctrl,115,102,118.4,-0.8260797262191772,-1.118544567800726
UBFC_PHYS_s13_T2_ctrl,115,103,118.43333333333334,-0.6936832666397095,-1.0347243769916232
UBFC_PHYS_s13_T2_ctrl,115,104,118.46666666666667,-0.5168020129203796,-0.8577171797214026
UBFC_PHYS_s13_T2_ctrl,115,105,118.5,-0.3867780864238739,-0.587841660436435
UBFC_PHYS_s13_T2_ctrl,115,106,118.53333333333333,-0.42094236612319946,-0.2447060887606993
UBFC_PHYS_s13_T2_ctrl,115,107,118.56666666666666,-0.5311623811721802,0.13282199704959435
UBFC_PHYS_s13_T2_ctrl,115,108,118.6,-0.4859197437763214,0.49509303274429506
UBFC_PHYS_s13_T2_ctrl,115,109,118.63333333333334,-0.24678295850753784,0.7965141237684153
UBFC_PHYS_s13_T2_ctrl,115,110,118.66666666666667,-0.058991458266973495,1.0099700177292679
UBFC_PHYS_s13_T2_ctrl,115,111,118.7,-0.09408827126026154,1.1332555023884976
UBFC_PHYS_s13_T2_ctrl,115,112,118.73333333333333,-0.24258162081241608,1.184695012701116
UBFC_PHYS_s13_T2_ctrl,115,113,118.76666666666667,-0.36624589562416077,1.1914815326006372
UBFC_PHYS_s13_T2_ctrl,115,114,118.8,-0.5129565596580505,1.1773305860408605
UBFC_PHYS_s13_T2_ctrl,115,115,118.83333333333333,-0.739690363407135,1.1548682899687115
UBFC_PHYS_s13_T2_ctrl,115,116,118.86666666666666,-0.9181927442550659,1.1246025495674299
UBFC_PHYS_s13_T2_ctrl,115,117,118.9,-0.85723876953125,1.078833204014466
UBFC_PHYS_s13_T2_ctrl,115,118,118.93333333333334,-0.5189570784568787,1.0072533047944392
UBFC_PHYS_s13_T2_ctrl,115,119,118.96666666666667,-0.04213668406009674,0.9015072398748569
UBFC_PHYS_s13_T2_ctrl,115,120,119.0,0.3173659145832062,0.7576385154353968
UBFC_PHYS_s13_T2_ctrl,115,121,119.03333333333333,0.30724644660949707,0.57681925207205
UBFC_PHYS_s13_T2_ctrl,115,122,119.06666666666666,-0.007076120935380459,0.3651394332541494
UBFC_PHYS_s13_T2_ctrl,115,123,119.1,-0.3032357394695282,0.13282414685531332
UBFC_PHYS_s13_T2_ctrl,115,124,119.13333333333334,-0.3488638997077942,-0.10718171285882362
UBFC_PHYS_s13_T2_ctrl,115,125,119.16666666666667,-0.14977328479290009,-0.3413168188059497
UBFC_PHYS_s13_T2_ctrl,115,126,119.2,0.13284321129322052,-0.5578072813183652
UBFC_PHYS_s13_T2_ctrl,115,127,119.23333333333333,0.29348912835121155,-0.7484779394624865
UBFC_PHYS_s13_T2_ctrl,115,128,119.26666666666667,0.26245856285095215,-0.9090060528631153
UBFC_PHYS_s13_T2_ctrl,115,129,119.3,0.17950275540351868,-1.037310830344122
UBFC_PHYS_s13_T2_ctrl,115,130,119.33333333333333,0.14463330805301666,-1.1309346855152882
UBFC_PHYS_s13_T2_ctrl,115,131,119.36666666666666,0.09380538016557693,-1.185062211260898
UBFC_PHYS_s13_T2_ctrl,115,132,119.4,-0.029387688264250755,-1.1925466176404882
UBFC_PHYS_s13_T2_ctrl,115,133,119.43333333333334,-0.15119020640850067,-1.1462369585435985
UBFC_PHYS_s13_T2_ctrl,115,134,119.46666666666667,-0.18318626284599304,-1.0427260655203954
UBFC_PHYS_s13_T2_ctrl,115,135,119.5,-0.13875095546245575,-0.88584264355074
UBFC_PHYS_s13_T2_ctrl,115,136,119.53333333333333,-0.07258731126785278,-0.6880835514797445
UBFC_PHYS_s13_T2_ctrl,115,137,119.56666666666666,-0.007059644907712936,-0.46893480845315194
UBFC_PHYS_s13_T2_ctrl,115,138,119.6,0.08176484704017639,-0.25048176778088216
UBFC_PHYS_s13_T2_ctrl,115,139,119.63333333333334,0.24826298654079437,-0.05208628284316773
UBFC_PHYS_s13_T2_ctrl,115,140,119.66666666666667,0.5345997214317322,0.11361417579822876
UBFC_PHYS_s13_T2_ctrl,115,141,119.7,0.9038922190666199,0.24185232746006546
UBFC_PHYS_s13_T2_ctrl,115,142,119.73333333333333,1.3173366785049438,0.3340432773500286
UBFC_PHYS_s13_T2_ctrl,115,143,119.76666666666667,1.7319839000701904,0.3947208649684254
UBFC_PHYS_s13_T2_ctrl,115,144,119.8,2.0365922451019287,0.4289933174580592
UBFC_PHYS_s13_T2_ctrl,115,145,119.83333333333333,1.9841761589050293,0.4416714230148194
UBFC_PHYS_s13_T2_ctrl,115,146,119.86666666666666,1.1891909837722778,0.4378494454420464
UBFC_PHYS_s13_T2_ctrl,115,147,119.9,-0.13457927107810974,0.42376427056758015
UBFC_PHYS_s13_T2_ctrl,115,148,119.93333333333334,-1.3074803352355957,0.4068860360207664
UBFC_PHYS_s13_T2_ctrl,115,149,119.96666666666667,-2.062699317932129,0.3949571655661727
UBFC_PHYS_s13_T2_ctrl,115,150,120.0,-2.447756052017212,0.39432306721199784
UBFC_PHYS_s13_T2_ctrl,115,151,120.03333333333333,-2.4785659313201904,0.4081742873542689
UBFC_PHYS_s13_T2_ctrl,115,152,120.06666666666666,-2.2853240966796875,0.43535170758584474
UBFC_PHYS_s13_T2_ctrl,115,153,120.1,-2.04402232170105,0.4702024000858746
UBFC_PHYS_s13_T2_ctrl,115,154,120.13333333333334,-1.7990696430206299,0.5036530571431833
UBFC_PHYS_s13_T2_ctrl,115,155,120.16666666666667,-1.4955849647521973,0.5252943301222278
UBFC_PHYS_s13_T2_ctrl,115,156,120.2,-1.1432361602783203,0.5259556810090431
UBFC_PHYS_s13_T2_ctrl,115,157,120.23333333333333,-0.830165684223175,0.5000634614740571
UBFC_PHYS_s13_T2_ctrl,115,158,120.26666666666667,-0.593546450138092,0.44706378692042764
UBFC_PHYS_s13_T2_ctrl,115,159,120.3,-0.3889232277870178,0.3714085032042526
UBFC_PHYS_s13_T2_ctrl,115,160,120.33333333333333,-0.1940603107213974,0.281045392817696
UBFC_PHYS_s13_T2_ctrl,115,161,120.36666666666666,-0.03021477535367012,0.18491135160086988
UBFC_PHYS_s13_T2_ctrl,115,162,120.4,0.08378148823976517,0.09037436438300406
UBFC_PHYS_s13_T2_ctrl,115,163,120.43333333333334,0.15917158126831055,0.0016116986199766307
UBFC_PHYS_s13_T2_ctrl,115,164,120.46666666666667,0.21459627151489258,-0.080556978975858
UBFC_PHYS_s13_T2_ctrl,115,165,120.5,0.2755996882915497,-0.1575508519196797
UBFC_PHYS_s13_T2_ctrl,115,166,120.53333333333333,0.3572341203689575,-0.23130805623525263
UBFC_PHYS_s13_T2_ctrl,115,167,120.56666666666666,0.45159777998924255,-0.3028214424245167
UBFC_PHYS_s13_T2_ctrl,115,168,120.6,0.54835045337677,-0.3716055032779564
UBFC_PHYS_s13_T2_ctrl,115,169,120.63333333333334,0.6652135252952576,-0.43627488589995705
UBFC_PHYS_s13_T2_ctrl,115,170,120.66666666666667,0.8348387479782104,-0.49577083826370466
UBFC_PHYS_s13_T2_ctrl,115,171,120.7,1.0690195560455322,-0.550312369095995
UBFC_PHYS_s13_T2_ctrl,115,172,120.73333333333333,1.2828989028930664,-0.6011815347803297
UBFC_PHYS_s13_T2_ctrl,115,173,120.76666666666667,1.3033355474472046,-0.6490573511847515
UBFC_PHYS_s13_T2_ctrl,115,174,120.8,1.0861314535140991,-0.6915573747719755
UBFC_PHYS_s13_T2_ctrl,115,175,120.83333333333333,0.8122339248657227,-0.7214012602081118
UBFC_PHYS_s13_T2_ctrl,115,176,120.86666666666666,0.640404224395752,-0.7266688885847093
UBFC_PHYS_s13_T2_ctrl,115,177,120.9,0.5622988939285278,-0.6938285793344342
UBFC_PHYS_s13_T2_ctrl,115,178,120.93333333333334,0.5224372744560242,-0.6128318016601076
UBFC_PHYS_s13_T2_ctrl,115,179,120.96666666666667,0.49171313643455505,-0.48226291654785475
UBFC_PHYS_s13_T2_ctrl,115,180,121.0,0.42551323771476746,-0.31204090771156895
UBFC_PHYS_s13_T2_ctrl,115,181,121.03333333333333,0.30253106355667114,-0.12198388500203797
UBFC_PHYS_s13_T2_ctrl,115,182,121.06666666666666,0.17996078729629517,0.06352810511658759
UBFC_PHYS_s13_T2_ctrl,115,183,121.1,0.10537141561508179,0.22261025194070871
UBFC_PHYS_s13_T2_ctrl,115,184,121.13333333333334,0.05375264212489128,0.34167452590291825
UBFC_PHYS_s13_T2_ctrl,115,185,121.16666666666667,-0.015495269559323788,0.4177615336513496
UBFC_PHYS_s13_T2_ctrl,115,186,121.2,-0.09225945174694061,0.4570205486424407
UBFC_PHYS_s13_T2_ctrl,115,187,121.23333333333333,-0.14613212645053864,0.47066309672554035
UBFC_PHYS_s13_T2_ctrl,115,188,121.26666666666667,-0.18850795924663544,0.4703376757744365
UBFC_PHYS_s13_T2_ctrl,115,189,121.3,-0.2538280189037323,0.46451326485536354
UBFC_PHYS_s13_T2_ctrl,115,190,121.33333333333333,-0.32762986421585083,0.4567246408664167
UBFC_PHYS_s13_T2_ctrl,115,191,121.36666666666666,-0.3554542362689972,0.44581797453841354
UBFC_PHYS_s13_T2_ctrl,115,192,121.4,-0.3095822334289551,0.4277951233943437
UBFC_PHYS_s13_T2_ctrl,115,193,121.43333333333334,-0.21092826128005981,0.398505543882829
UBFC_PHYS_s13_T2_ctrl,115,194,121.46666666666667,-0.09828301519155502,0.35624818960192095
UBFC_PHYS_s13_T2_ctrl,115,195,121.5,-0.003912761807441711,0.30334740432882235
UBFC_PHYS_s13_T2_ctrl,115,196,121.53333333333333,0.04973912984132767,0.24602992723079486
UBFC_PHYS_s13_T2_ctrl,115,197,121.56666666666666,0.06013867259025574,0.1925218027905516
UBFC_PHYS_s13_T2_ctrl,115,198,121.6,0.04857923090457916,0.15008613869379572
UBFC_PHYS_s13_T2_ctrl,115,199,121.63333333333334,0.04540269076824188,0.1223140418074146
UBFC_PHYS_s13_T2_ctrl,115,200,121.66666666666667,0.05375264212489128,0.10795209452142746
UBFC_PHYS_s13_T2_ctrl,115,201,121.7,0.0537790022790432,0.10183621206358875
UBFC_PHYS_s13_T2_ctrl,115,202,121.73333333333333,0.0471557192504406,0.09742657539288135
UBFC_PHYS_s13_T2_ctrl,115,203,121.76666666666667,0.05428316071629524,0.08962471402857776
UBFC_PHYS_s13_T2_ctrl,115,204,121.8,0.069002665579319,0.07649802554684326
UBFC_PHYS_s13_T2_ctrl,115,205,121.83333333333333,0.06215531378984451,0.059219441058176864
UBFC_PHYS_s13_T2_ctrl,115,206,121.86666666666666,0.015835167840123177,0.0405248642041833
UBFC_PHYS_s13_T2_ctrl,115,207,121.9,-0.053162310272455215,0.022709214227617194
UBFC_PHYS_s13_T2_ctrl,115,208,121.93333333333334,-0.09915623813867569,0.006230624150489235
UBFC_PHYS_s13_T2_ctrl,115,209,121.96666666666667,-0.09703744202852249,-0.010539145200487378
UBFC_PHYS_s13_T2_ctrl,115,210,122.0,-0.0689099058508873,-0.03058067832145267
UBFC_PHYS_s13_T2_ctrl,115,211,122.03333333333333,-0.042041126638650894,-0.05707501906162073
UBFC_PHYS_s13_T2_ctrl,115,212,122.06666666666666,-0.020266668871045113,-0.09232274367717645
UBFC_PHYS_s13_T2_ctrl,115,213,122.1,-0.005761349573731422,-0.13698776517268818
UBFC_PHYS_s13_T2_ctrl,115,214,122.13333333333334,0.002967544598504901,-0.1898578533197586
UBFC_PHYS_s13_T2_ctrl,115,215,122.16666666666667,0.021871911361813545,-0.24828450643921054
UBFC_PHYS_s13_T2_ctrl,115,216,122.2,0.06039239838719368,-0.3092358066827082
UBFC_PHYS_s13_T2_ctrl,115,217,122.23333333333333,0.10869623720645905,-0.37057073394825857
UBFC_PHYS_s13_T2_ctrl,115,218,122.26666666666667,0.1497507095336914,-0.4319273644115059
UBFC_PHYS_s13_T2_ctrl,115,219,122.3,0.16586077213287354,-0.49453930527805084
UBFC_PHYS_s13_T2_ctrl,115,220,122.33333333333333,0.1423102170228958,-0.5594328524336213
UBFC_PHYS_s13_T2_ctrl,115,221,122.36666666666666,0.08865503966808319,-0.6241220699598048
UBFC_PHYS_s13_T2_ctrl,115,222,122.4,0.042015258222818375,-0.6790947056053586
UBFC_PHYS_s13_T2_ctrl,115,223,122.43333333333334,0.03362906351685524,-0.7062853595072754
UBFC_PHYS_s13_T2_ctrl,115,224,122.46666666666667,0.060286954045295715,-0.6815269173816859
UBFC_PHYS_s13_T2_ctrl,115,225,122.5,0.08293133229017258,-0.5815432626940706
UBFC_PHYS_s13_T2_ctrl,115,226,122.53333333333333,0.054981738328933716,-0.39388613119001187
UBFC_PHYS_s13_T2_ctrl,115,227,122.56666666666666,-0.023179596289992332,-0.12611631815385035
UBFC_PHYS_s13_T2_ctrl,115,228,122.6,-0.11681503057479858,0.19044932076691573
UBFC_PHYS_s13_T2_ctrl,115,229,122.63333333333334,-0.1994577944278717,0.5057990771144324
UBFC_PHYS_s13_T2_ctrl,115,230,122.66666666666667,-0.25058886408805847,0.7647446911213104
UBFC_PHYS_s13_T2_ctrl,115,231,122.7,-0.249616801738739,0.9241153294978031
UBFC_PHYS_s13_T2_ctrl,115,232,122.73333333333333,-0.20703007280826569,0.9662842940613994
UBFC_PHYS_s13_T2_ctrl,115,233,122.76666666666667,-0.16070663928985596,0.9030456797023236
UBFC_PHYS_s13_T2_ctrl,115,234,122.8,-0.13218697905540466,0.7688553496213651
UBFC_PHYS_s13_T2_ctrl,115,235,122.83333333333333,-0.12016621232032776,0.6074455556200009
UBFC_PHYS_s13_T2_ctrl,115,236,122.86666666666666,-0.12030790746212006,0.4574974158507622
UBFC_PHYS_s13_T2_ctrl,115,237,122.9,-0.12797576189041138,0.34191424221549466
UBFC_PHYS_s13_T2_ctrl,115,238,122.93333333333334,-0.13196949660778046,0.263299482720273
UBFC_PHYS_s13_T2_ctrl,115,239,122.96666666666667,-0.10778298228979111,0.20624520876933408
UBFC_PHYS_s13_T2_ctrl,116,0,116.0,0.09751244634389877,-0.015713407537240272
UBFC_PHYS_s13_T2_ctrl,116,1,116.03333333333333,-0.055416204035282135,0.017176316324097902
UBFC_PHYS_s13_T2_ctrl,116,2,116.06666666666666,-0.1299792230129242,0.05136998516918844
UBFC_PHYS_s13_T2_ctrl,116,3,116.1,-0.09068766236305237,0.08656063750438793
UBFC_PHYS_s13_T2_ctrl,116,4,116.13333333333334,0.05463245138525963,0.12140421665665355
UBFC_PHYS_s13_T2_ctrl,116,5,116.16666666666667,0.25864604115486145,0.15410718151038327
UBFC_PHYS_s13_T2_ctrl,116,6,116.2,0.46680498123168945,0.18349116934550766
UBFC_PHYS_s13_T2_ctrl,116,7,116.23333333333333,0.6537265777587891,0.2098168747268256
UBFC_PHYS_s13_T2_ctrl,116,8,116.26666666666667,0.82625812292099,0.23475187251549462
UBFC_PHYS_s13_T2_ctrl,116,9,116.3,0.9964798092842102,0.26037790337732647
UBFC_PHYS_s13_T2_ctrl,116,10,116.33333333333333,1.1629549264907837,0.2877520160661137
UBFC_PHYS_s13_T2_ctrl,116,11,116.36666666666666,1.318961262702942,0.31582329305757884
UBFC_PHYS_s13_T2_ctrl,116,12,116.4,1.4625810384750366,0.34124243225163853
UBFC_PHYS_s13_T2_ctrl,116,13,116.43333333333334,1.6079868078231812,0.3590635560349035
UBFC_PHYS_s13_T2_ctrl,116,14,116.46666666666667,1.7636207342147827,0.3639461097537354
UBFC_PHYS_s13_T2_ctrl,116,15,116.5,1.8794227838516235,0.35137953640041464
UBFC_PHYS_s13_T2_ctrl,116,16,116.53333333333333,1.872374415397644,0.3186017631706192
UBFC_PHYS_s13_T2_ctrl,116,17,116.56666666666666,1.744314432144165,0.265075955453027
UBFC_PHYS_s13_T2_ctrl,116,18,116.6,1.5585099458694458,0.19248996883969605
UBFC_PHYS_s13_T2_ctrl,116,19,116.63333333333334,1.3624310493469238,0.1042936412377473
UBFC_PHYS_s13_T2_ctrl,116,20,116.66666666666667,1.1894644498825073,0.004891137129532064
UBFC_PHYS_s13_T2_ctrl,116,21,116.7,1.0706309080123901,-0.10123535484423389
UBFC_PHYS_s13_T2_ctrl,116,22,116.73333333333333,1.0034193992614746,-0.21007828969889977
UBFC_PHYS_s13_T2_ctrl,116,23,116.76666666666667,0.9623023867607117,-0.31803464154125427
UBFC_PHYS_s13_T2_ctrl,116,24,116.8,0.9349623918533325,-0.4212582613052344
UBFC_PHYS_s13_T2_ctrl,116,25,116.83333333333333,0.9198870062828064,-0.5148467319305633
UBFC_PHYS_s13_T2_ctrl,116,26,116.86666666666666,0.9082616567611694,-0.5924017522239928
UBFC_PHYS_s13_T2_ctrl,116,27,116.9,0.8847835659980774,-0.6463478720829182
UBFC_PHYS_s13_T2_ctrl,116,28,116.93333333333334,0.8456600904464722,-0.6690742879623218
UBFC_PHYS_s13_T2_ctrl,116,29,116.96666666666667,0.806790292263031,-0.6546350412116876
UBFC_PHYS_s13_T2_ctrl,116,30,117.0,0.7911778092384338,-0.600526994726911
UBFC_PHYS_s13_T2_ctrl,116,31,117.03333333333333,0.8313458561897278,-0.5089947679592721
UBFC_PHYS_s13_T2_ctrl,116,32,117.06666666666666,0.9442646503448486,-0.38737711924127305
UBFC_PHYS_s13_T2_ctrl,116,33,117.1,1.0835216045379639,-0.24720989540120372
UBFC_PHYS_s13_T2_ctrl,116,34,117.13333333333334,1.1750679016113281,-0.10212736253582708
UBFC_PHYS_s13_T2_ctrl,116,35,117.16666666666667,1.2144583463668823,0.03499245077938201
UBFC_PHYS_s13_T2_ctrl,116,36,117.2,1.2299752235412598,0.1548211911993225
UBFC_PHYS_s13_T2_ctrl,116,37,117.23333333333333,1.1860276460647583,0.25332183784688855
UBFC_PHYS_s13_T2_ctrl,116,38,117.26666666666667,1.0290855169296265,0.33165587960510634
UBFC_PHYS_s13_T2_ctrl,116,39,117.3,0.7872532606124878,0.3941891440810152
UBFC_PHYS_s13_T2_ctrl,116,40,117.33333333333333,0.5415854454040527,0.44553309537521474
UBFC_PHYS_s13_T2_ctrl,116,41,117.36666666666666,0.36749526858329773,0.48812009313655225
UBFC_PHYS_s13_T2_ctrl,116,42,117.4,0.30790549516677856,0.5214073052593631
UBFC_PHYS_s13_T2_ctrl,116,43,117.43333333333334,0.3324149250984192,0.5427743272336417
UBFC_PHYS_s13_T2_ctrl,116,44,117.46666666666667,0.3381617069244385,0.549258577055621
UBFC_PHYS_s13_T2_ctrl,116,45,117.5,0.22503535449504852,0.5389817687119117
UBFC_PHYS_s13_T2_ctrl,116,46,117.53333333333333,-0.02267543599009514,0.5115598922518717
UBFC_PHYS_s13_T2_ctrl,116,47,117.56666666666666,-0.3071240484714508,0.4675819532731209
UBFC_PHYS_s13_T2_ctrl,116,48,117.6,-0.5133519768714905,0.4078470435929382
UBFC_PHYS_s13_T2_ctrl,116,49,117.63333333333334,-0.587134063243866,0.33311500299871
UBFC_PHYS_s13_T2_ctrl,116,50,117.66666666666667,-0.5418815612792969,0.24465626837754906
UBFC_PHYS_s13_T2_ctrl,116,51,117.7,-0.41778889298439026,0.14527059959829886
UBFC_PHYS_s13_T2_ctrl,116,52,117.73333333333333,-0.2652161121368408,0.04011749248063636
UBFC_PHYS_s13_T2_ctrl,116,53,117.76666666666667,-0.15496645867824554,-0.06320325929163921
UBFC_PHYS_s13_T2_ctrl,116,54,117.8,-0.1292213350534439,-0.15551048024252054
UBFC_PHYS_s13_T2_ctrl,116,55,117.83333333333333,-0.131880521774292,-0.22768373022330965
UBFC_PHYS_s13_T2_ctrl,116,56,117.86666666666666,-0.08023868501186371,-0.27278868800360573
UBFC_PHYS_s13_T2_ctrl,116,57,117.9,0.01912044733762741,-0.28827739981584405
UBFC_PHYS_s13_T2_ctrl,116,58,117.93333333333334,0.09610540419816971,-0.2776237474614293
UBFC_PHYS_s13_T2_ctrl,116,59,117.96666666666667,0.11166847497224808,-0.2505937148307186
UBFC_PHYS_s13_T2_ctrl,116,60,118.0,0.061084385961294174,-0.22155965154193202
UBFC_PHYS_s13_T2_ctrl,116,61,118.03333333333333,-0.061769284307956696,-0.2059427966367593
UBFC_PHYS_s13_T2_ctrl,116,62,118.06666666666666,-0.24609427154064178,-0.2157812830822281
UBFC_PHYS_s13_T2_ctrl,116,63,118.1,-0.4563818573951721,-0.2560244509804207
UBFC_PHYS_s13_T2_ctrl,116,64,118.13333333333334,-0.6691803932189941,-0.32300272128589025
UBFC_PHYS_s13_T2_ctrl,116,65,118.16666666666667,-0.909061849117279,-0.405675534675088
UBFC_PHYS_s13_T2_ctrl,116,66,118.2,-1.1886204481124878,-0.48914387194213615
UBFC_PHYS_s13_T2_ctrl,116,67,118.23333333333333,-1.4258888959884644,-0.5590653087246156
UBFC_PHYS_s13_T2_ctrl,116,68,118.26666666666667,-1.4919898509979248,-0.6053745651950717
UBFC_PHYS_s13_T2_ctrl,116,69,118.3,-1.357988715171814,-0.6240164860485427
UBFC_PHYS_s13_T2_ctrl,116,70,118.33333333333333,-1.134022831916809,-0.6160520229275386
UBFC_PHYS_s13_T2_ctrl,116,71,118.36666666666666,-0.9484588503837585,-0.5845006186927427
UBFC_PHYS_s13_T2_ctrl,116,72,118.4,-0.8260797262191772,-0.5304549570870992
UBFC_PHYS_s13_T2_ctrl,116,73,118.43333333333334,-0.6936832666397095,-0.4506757312239933
UBFC_PHYS_s13_T2_ctrl,116,74,118.46666666666667,-0.5168020129203796,-0.3384114923490152
UBFC_PHYS_s13_T2_ctrl,116,75,118.5,-0.3867780864238739,-0.18756278954011366
UBFC_PHYS_s13_T2_ctrl,116,76,118.53333333333333,-0.42094236612319946,0.001769950571751605
UBFC_PHYS_s13_T2_ctrl,116,77,118.56666666666666,-0.5311623811721802,0.21953114420463452
UBFC_PHYS_s13_T2_ctrl,116,78,118.6,-0.4859197437763214,0.44627360385956666
UBFC_PHYS_s13_T2_ctrl,116,79,118.63333333333334,-0.24678295850753784,0.6582204045141198
UBFC_PHYS_s13_T2_ctrl,116,80,118.66666666666667,-0.058991458266973495,0.8342737987783333
UBFC_PHYS_s13_T2_ctrl,116,81,118.7,-0.09408827126026154,0.9613135899653428
UBFC_PHYS_s13_T2_ctrl,116,82,118.73333333333333,-0.24258162081241608,1.0356000966115568
UBFC_PHYS_s13_T2_ctrl,116,83,118.76666666666667,-0.36624589562416077,1.0606790884555986
UBFC_PHYS_s13_T2_ctrl,116,84,118.8,-0.5129565596580505,1.0438078434023952
UBFC_PHYS_s13_T2_ctrl,116,85,118.83333333333333,-0.739690363407135,0.9929294010814932
UBFC_PHYS_s13_T2_ctrl,116,86,118.86666666666666,-0.9181927442550659,0.9151334268857941
UBFC_PHYS_s13_T2_ctrl,116,87,118.9,-0.85723876953125,0.8163534120201719
UBFC_PHYS_s13_T2_ctrl,116,88,118.93333333333334,-0.5189570784568787,0.7015430505598953
UBFC_PHYS_s13_T2_ctrl,116,89,118.96666666666667,-0.04213668406009674,0.5747514684693363
UBFC_PHYS_s13_T2_ctrl,116,90,119.0,0.3173659145832062,0.4389532206814507
UBFC_PHYS_s13_T2_ctrl,116,91,119.03333333333333,0.30724644660949707,0.29584031140624273
UBFC_PHYS_s13_T2_ctrl,116,92,119.06666666666666,-0.007076120935380459,0.14587718534950467
UBFC_PHYS_s13_T2_ctrl,116,93,119.1,-0.3032357394695282,-0.011236535122409588
UBFC_PHYS_s13_T2_ctrl,116,94,119.13333333333334,-0.3488638997077942,-0.17580387224461613
UBFC_PHYS_s13_T2_ctrl,116,95,119.16666666666667,-0.14977328479290009,-0.3473142731029153
UBFC_PHYS_s13_T2_ctrl,116,96,119.2,0.13284321129322052,-0.5237412828924151
UBFC_PHYS_s13_T2_ctrl,116,97,119.23333333333333,0.29348912835121155,-0.7009721459656343
UBFC_PHYS_s13_T2_ctrl,116,98,119.26666666666667,0.26245856285095215,-0.8723453195312552
UBFC_PHYS_s13_T2_ctrl,116,99,119.3,0.17950275540351868,-1.0283419658622799
UBFC_PHYS_s13_T2_ctrl,116,100,119.33333333333333,0.14463330805301666,-1.156600056412598
UBFC_PHYS_s13_T2_ctrl,116,101,119.36666666666666,0.09380538016557693,-1.242605732000168
UBFC_PHYS_s13_T2_ctrl,116,102,119.4,-0.029387688264250755,-1.2715602685548058
UBFC_PHYS_s13_T2_ctrl,116,103,119.43333333333334,-0.15119020640850067,-1.2316685831607526
UBFC_PHYS_s13_T2_ctrl,116,104,119.46666666666667,-0.18318626284599304,-1.1182911365178327
UBFC_PHYS_s13_T2_ctrl,116,105,119.5,-0.13875095546245575,-0.9374717625753272
UBFC_PHYS_s13_T2_ctrl,116,106,119.53333333333333,-0.07258731126785278,-0.7069668411373168
UBFC_PHYS_s13_T2_ctrl,116,107,119.56666666666666,-0.007059644907712936,-0.45350573168511854
UBFC_PHYS_s13_T2_ctrl,116,108,119.6,0.08176484704017639,-0.20655364400192192
UBFC_PHYS_s13_T2_ctrl,116,109,119.63333333333334,0.24826298654079437,0.009362769813718776
UBFC_PHYS_s13_T2_ctrl,116,110,119.66666666666667,0.5345997214317322,0.18066544059547712
UBFC_PHYS_s13_T2_ctrl,116,111,119.7,0.9038922190666199,0.30651109268160026
UBFC_PHYS_s13_T2_ctrl,116,112,119.73333333333333,1.3173366785049438,0.3958862754272397
UBFC_PHYS_s13_T2_ctrl,116,113,119.76666666666667,1.7319839000701904,0.4618550883769291
UBFC_PHYS_s13_T2_ctrl,116,114,119.8,2.0365922451019287,0.5158610083539121
UBFC_PHYS_s13_T2_ctrl,116,115,119.83333333333333,1.9841761589050293,0.5643779547903796
UBFC_PHYS_s13_T2_ctrl,116,116,119.86666666666666,1.1891909837722778,0.6085391316430996
UBFC_PHYS_s13_T2_ctrl,116,117,119.9,-0.13457927107810974,0.6458608963202431
UBFC_PHYS_s13_T2_ctrl,116,118,119.93333333333334,-1.3074803352355957,0.6726944756816372
UBFC_PHYS_s13_T2_ctrl,116,119,119.96666666666667,-2.062699317932129,0.686322004903624
UBFC_PHYS_s13_T2_ctrl,116,120,120.0,-2.447756052017212,0.686037748232054
UBFC_PHYS_s13_T2_ctrl,116,121,120.03333333333333,-2.4785659313201904,0.672996551967083
UBFC_PHYS_s13_T2_ctrl,116,122,120.06666666666666,-2.2853240966796875,0.6491283696287126
UBFC_PHYS_s13_T2_ctrl,116,123,120.1,-2.04402232170105,0.6158290914456472
UBFC_PHYS_s13_T2_ctrl,116,124,120.13333333333334,-1.7990696430206299,0.5732091189935895
UBFC_PHYS_s13_T2_ctrl,116,125,120.16666666666667,-1.4955849647521973,0.5203501084960006
UBFC_PHYS_s13_T2_ctrl,116,126,120.2,-1.1432361602783203,0.4564300457070139
UBFC_PHYS_s13_T2_ctrl,116,127,120.23333333333333,-0.830165684223175,0.3820438034183291
UBFC_PHYS_s13_T2_ctrl,116,128,120.26666666666667,-0.593546450138092,0.29988482126501337
UBFC_PHYS_s13_T2_ctrl,116,129,120.3,-0.3889232277870178,0.2142944267808148
UBFC_PHYS_s13_T2_ctrl,116,130,120.33333333333333,-0.1940603107213974,0.12987096477725069
UBFC_PHYS_s13_T2_ctrl,116,131,120.36666666666666,-0.03021477535367012,0.049907429492741635
UBFC_PHYS_s13_T2_ctrl,116,132,120.4,0.08378148823976517,-0.024497204242306888
UBFC_PHYS_s13_T2_ctrl,116,133,120.43333333333334,0.15917158126831055,-0.09422114520242941
UBFC_PHYS_s13_T2_ctrl,116,134,120.46666666666667,0.21459627151489258,-0.16098755686378521
UBFC_PHYS_s13_T2_ctrl,116,135,120.5,0.2755996882915497,-0.2260040501270497
UBFC_PHYS_s13_T2_ctrl,116,136,120.53333333333333,0.3572341203689575,-0.289177461691569
UBFC_PHYS_s13_T2_ctrl,116,137,120.56666666666666,0.45159777998924255,-0.34936785103483486
UBFC_PHYS_s13_T2_ctrl,116,138,120.6,0.54835045337677,-0.405512672505904
UBFC_PHYS_s13_T2_ctrl,116,139,120.63333333333334,0.6652135252952576,-0.4579092509201285
UBFC_PHYS_s13_T2_ctrl,116,140,120.66666666666667,0.8348387479782104,-0.5088178971164413
UBFC_PHYS_s13_T2_ctrl,116,141,120.7,1.0690195560455322,-0.5618521405929443
UBFC_PHYS_s13_T2_ctrl,116,142,120.73333333333333,1.2828989028930664,-0.6201708543023773
UBFC_PHYS_s13_T2_ctrl,116,143,120.76666666666667,1.3033355474472046,-0.6840677033211939
UBFC_PHYS_s13_T2_ctrl,116,144,120.8,1.0861314535140991,-0.7489540746125094
UBFC_PHYS_s13_T2_ctrl,116,145,120.83333333333333,0.8122339248657227,-0.8047624438575517
UBFC_PHYS_s13_T2_ctrl,116,146,120.86666666666666,0.640404224395752,-0.8373885067663297
UBFC_PHYS_s13_T2_ctrl,116,147,120.9,0.5622988939285278,-0.8320704984592517
UBFC_PHYS_s13_T2_ctrl,116,148,120.93333333333334,0.5224372744560242,-0.7778085310009096
UBFC_PHYS_s13_T2_ctrl,116,149,120.96666666666667,0.49171313643455505,-0.6712860199098538
UBFC_PHYS_s13_T2_ctrl,116,150,121.0,0.42551323771476746,-0.5185812216121014
UBFC_PHYS_s13_T2_ctrl,116,151,121.03333333333333,0.30253106355667114,-0.3336654209743348
UBFC_PHYS_s13_T2_ctrl,116,152,121.06666666666666,0.17996078729629517,-0.1342149498284716
UBFC_PHYS_s13_T2_ctrl,116,153,121.1,0.10537141561508179,0.06334670783777062
UBFC_PHYS_s13_T2_ctrl,116,154,121.13333333333334,0.05375264212489128,0.24738463114840697
UBFC_PHYS_s13_T2_ctrl,116,155,121.16666666666667,-0.015495269559323788,0.41187430623475774
UBFC_PHYS_s13_T2_ctrl,116,156,121.2,-0.09225945174694061,0.5546865006995578
UBFC_PHYS_s13_T2_ctrl,116,157,121.23333333333333,-0.14613212645053864,0.6747314111981474
UBFC_PHYS_s13_T2_ctrl,116,158,121.26666666666667,-0.18850795924663544,0.7697028303935187
UBFC_PHYS_s13_T2_ctrl,116,159,121.3,-0.2538280189037323,0.8355246730177969
UBFC_PHYS_s13_T2_ctrl,116,160,121.33333333333333,-0.32762986421585083,0.8674309355953715
UBFC_PHYS_s13_T2_ctrl,116,161,121.36666666666666,-0.3554542362689972,0.8617681258372034
UBFC_PHYS_s13_T2_ctrl,116,162,121.4,-0.3095822334289551,0.817620869793512
UBFC_PHYS_s13_T2_ctrl,116,163,121.43333333333334,-0.21092826128005981,0.7378088493487852
UBFC_PHYS_s13_T2_ctrl,116,164,121.46666666666667,-0.09828301519155502,0.6290777525279916
UBFC_PHYS_s13_T2_ctrl,116,165,121.5,-0.003912761807441711,0.5014128108745005
UBFC_PHYS_s13_T2_ctrl,116,166,121.53333333333333,0.04973912984132767,0.3665693162221251
UBFC_PHYS_s13_T2_ctrl,116,167,121.56666666666666,0.06013867259025574,0.23610202503730165
UBFC_PHYS_s13_T2_ctrl,116,168,121.6,0.04857923090457916,0.11929266663622143
UBFC_PHYS_s13_T2_ctrl,116,169,121.63333333333334,0.04540269076824188,0.021516230178667075
UBFC_PHYS_s13_T2_ctrl,116,170,121.66666666666667,0.05375264212489128,-0.056266467572812534
UBFC_PHYS_s13_T2_ctrl,116,171,121.7,0.0537790022790432,-0.11642192256606511
UBFC_PHYS_s13_T2_ctrl,116,172,121.73333333333333,0.0471557192504406,-0.16226462565569896
UBFC_PHYS_s13_T2_ctrl,116,173,121.76666666666667,0.05428316071629524,-0.1955215472063776
UBFC_PHYS_s13_T2_ctrl,116,174,121.8,0.069002665579319,-0.21502219365080535
UBFC_PHYS_s13_T2_ctrl,116,175,121.83333333333333,0.06215531378984451,-0.21741719369353613
UBFC_PHYS_s13_T2_ctrl,116,176,121.86666666666666,0.015835167840123177,-0.19959964554185788
UBFC_PHYS_s13_T2_ctrl,116,177,121.9,-0.053162310272455215,-0.16152183750258625
UBFC_PHYS_s13_T2_ctrl,116,178,121.93333333333334,-0.09915623813867569,-0.1078882145746408
UBFC_PHYS_s13_T2_ctrl,116,179,121.96666666666667,-0.09703744202852249,-0.04783793470470671
UBFC_PHYS_s13_T2_ctrl,116,180,122.0,-0.0689099058508873,0.0072079075632658154
UBFC_PHYS_s13_T2_ctrl,116,181,122.03333333333333,-0.042041126638650894,0.04654801319338914
UBFC_PHYS_s13_T2_ctrl,116,182,122.06666666666666,-0.020266668871045113,0.06292167515955926
UBFC_PHYS_s13_T2_ctrl,116,183,122.1,-0.005761349573731422,0.054083333149770575
UBFC_PHYS_s13_T2_ctrl,116,184,122.13333333333334,0.002967544598504901,0.022675870795347927
UBFC_PHYS_s13_T2_ctrl,116,185,122.16666666666667,0.021871911361813545,-0.02568018427845231
UBFC_PHYS_s13_T2_ctrl,116,186,122.2,0.06039239838719368,-0.08541049494036261
UBFC_PHYS_s13_T2_ctrl,116,187,122.23333333333333,0.10869623720645905,-0.1537898012749608
UBFC_PHYS_s13_T2_ctrl,116,188,122.26666666666667,0.1497507095336914,-0.23210482619445258
UBFC_PHYS_s13_T2_ctrl,116,189,122.3,0.16586077213287354,-0.32440055881322155
UBFC_PHYS_s13_T2_ctrl,116,190,122.33333333333333,0.1423102170228958,-0.4341498006081449
UBFC_PHYS_s13_T2_ctrl,116,191,122.36666666666666,0.08865503966808319,-0.5601868760635652
UBFC_PHYS_s13_T2_ctrl,116,192,122.4,0.042015258222818375,-0.6936093589913622
UBFC_PHYS_s13_T2_ctrl,116,193,122.43333333333334,0.03362906351685524,-0.8170026905324672
UBFC_PHYS_s13_T2_ctrl,116,194,122.46666666666667,0.060286954045295715,-0.9065538683537773
UBFC_PHYS_s13_T2_ctrl,116,195,122.5,0.08293133229017258,-0.9368055716126256
UBFC_PHYS_s13_T2_ctrl,116,196,122.53333333333333,0.054981738328933716,-0.8871667771368092
UBFC_PHYS_s13_T2_ctrl,116,197,122.56666666666666,-0.023179596289992332,-0.748603622261306
UBFC_PHYS_s13_T2_ctrl,116,198,122.6,-0.11681503057479858,-0.5282041623600516
UBFC_PHYS_s13_T2_ctrl,116,199,122.63333333333334,-0.1994577944278717,-0.24938062665570657
UBFC_PHYS_s13_T2_ctrl,116,200,122.66666666666667,-0.25058886408805847,0.05306322015007405
UBFC_PHYS_s13_T2_ctrl,116,201,122.7,-0.249616801738739,0.341590986781252
UBFC_PHYS_s13_T2_ctrl,116,202,122.73333333333333,-0.20703007280826569,0.5852393866392004
UBFC_PHYS_s13_T2_ctrl,116,203,122.76666666666667,-0.16070663928985596,0.766172675425691
UBFC_PHYS_s13_T2_ctrl,116,204,122.8,-0.13218697905540466,0.8813008846095387
UBFC_PHYS_s13_T2_ctrl,116,205,122.83333333333333,-0.12016621232032776,0.9389588934400854
UBFC_PHYS_s13_T2_ctrl,116,206,122.86666666666666,-0.12030790746212006,0.9527477572836306
UBFC_PHYS_s13_T2_ctrl,116,207,122.9,-0.12797576189041138,0.9355418474515087
UBFC_PHYS_s13_T2_ctrl,116,208,122.93333333333334,-0.13196949660778046,0.8959146263175554
UBFC_PHYS_s13_T2_ctrl,116,209,122.96666666666667,-0.10778298228979111,0.837584112328765
UBFC_PHYS_s13_T2_ctrl,116,210,123.0,-0.03169101104140282,0.7610596193068917
UBFC_PHYS_s13_T2_ctrl,116,211,123.03333333333333,0.08491172641515732,0.6660796750415336
UBFC_PHYS_s13_T2_ctrl,116,212,123.06666666666666,0.19592256844043732,0.5536494746895024
UBFC_PHYS_s13_T2_ctrl,116,213,123.1,0.27829840779304504,0.42704538683532484
UBFC_PHYS_s13_T2_ctrl,116,214,123.13333333333334,0.34436649084091187,0.2916064924707878
UBFC_PHYS_s13_T2_ctrl,116,215,123.16666666666667,0.39852583408355713,0.15347515676311563
UBFC_PHYS_s13_T2_ctrl,116,216,123.2,0.4197104573249817,0.017810450763092355
UBFC_PHYS_s13_T2_ctrl,116,217,123.23333333333333,0.4006578028202057,-0.11272620098226051
UBFC_PHYS_s13_T2_ctrl,116,218,123.26666666666667,0.3635872006416321,-0.23840442988319244
UBFC_PHYS_s13_T2_ctrl,116,219,123.3,0.3216463327407837,-0.3612666833431218
UBFC_PHYS_s13_T2_ctrl,116,220,123.33333333333333,0.26246845722198486,-0.48243552837980114
UBFC_PHYS_s13_T2_ctrl,116,221,123.36666666666666,0.18099546432495117,-0.5987321430296391
UBFC_PHYS_s13_T2_ctrl,116,222,123.4,0.09243129938840866,-0.7001987072676018
UBFC_PHYS_s13_T2_ctrl,116,223,123.43333333333334,0.008819758892059326,-0.7702383807784544
UBFC_PHYS_s13_T2_ctrl,116,224,123.46666666666667,-0.06978312879800797,-0.7892368526080205
UBFC_PHYS_s13_T2_ctrl,116,225,123.5,-0.1377129703760147,-0.7411119615054885
UBFC_PHYS_s13_T2_ctrl,116,226,123.53333333333333,-0.17562055587768555,-0.6208613177925628
UBFC_PHYS_s13_T2_ctrl,116,227,123.56666666666666,-0.16895443201065063,-0.44006778604232055
UBFC_PHYS_s13_T2_ctrl,116,228,123.6,-0.11170423030853271,-0.2269991951024407
UBFC_PHYS_s13_T2_ctrl,116,229,123.63333333333334,-0.01537993922829628,-0.019700576024852857
UBFC_PHYS_s13_T2_ctrl,116,230,123.66666666666667,0.0920589417219162,0.14567945130771606
UBFC_PHYS_s13_T2_ctrl,116,231,123.7,0.18842937052249908,0.24608995248045465
UBFC_PHYS_s13_T2_ctrl,116,232,123.73333333333333,0.2812805473804474,0.2775284045695282
UBFC_PHYS_s13_T2_ctrl,116,233,123.76666666666667,0.3693965673446655,0.2539983402041902
UBFC_PHYS_s13_T2_ctrl,116,234,123.8,0.43214643001556396,0.20089180273321355
UBFC_PHYS_s13_T2_ctrl,116,235,123.83333333333333,0.4763082265853882,0.1459431393868688
UBFC_PHYS_s13_T2_ctrl,116,236,123.86666666666666,0.5559128522872925,0.11087973328516303
UBFC_PHYS_s13_T2_ctrl,116,237,123.9,0.6921745538711548,0.10588725937766762
UBFC_PHYS_s13_T2_ctrl,116,238,123.93333333333334,0.83800208568573,0.12791829478012684
UBFC_PHYS_s13_T2_ctrl,116,239,123.96666666666667,0.9558438062667847,0.16285850450759254
UBFC_PHYS_s13_T2_ctrl,117,0,117.0,0.7911778092384338,-0.16833379037385782
UBFC_PHYS_s13_T2_ctrl,117,1,117.03333333333333,0.8313458561897278,-0.06869536159827395
UBFC_PHYS_s13_T2_ctrl,117,2,117.06666666666666,0.9442646503448486,0.040176839586290855
UBFC_PHYS_s13_T2_ctrl,117,3,117.1,1.0835216045379639,0.15849168821990625
UBFC_PHYS_s13_T2_ctrl,117,4,117.13333333333334,1.1750679016113281,0.2780450488773989
UBFC_PHYS_s13_T2_ctrl,117,5,117.16666666666667,1.2144583463668823,0.38383079734896824
UBFC_PHYS_s13_T2_ctrl,117,6,117.2,1.2299752235412598,0.45930955099385284
UBFC_PHYS_s13_T2_ctrl,117,7,117.23333333333333,1.1860276460647583,0.4927584001467481
UBFC_PHYS_s13_T2_ctrl,117,8,117.26666666666667,1.0290855169296265,0.4817948630389528
UBFC_PHYS_s13_T2_ctrl,117,9,117.3,0.7872532606124878,0.43430082492884214
UBFC_PHYS_s13_T2_ctrl,117,10,117.33333333333333,0.5415854454040527,0.3657593714354761
UBFC_PHYS_s13_T2_ctrl,117,11,117.36666666666666,0.36749526858329773,0.29447361008204725
UBFC_PHYS_s13_T2_ctrl,117,12,117.4,0.30790549516677856,0.2366214799059254
UBFC_PHYS_s13_T2_ctrl,117,13,117.43333333333334,0.3324149250984192,0.20269293230904087
UBFC_PHYS_s13_T2_ctrl,117,14,117.46666666666667,0.3381617069244385,0.19601725661065933
UBFC_PHYS_s13_T2_ctrl,117,15,117.5,0.22503535449504852,0.21322527313729855
UBFC_PHYS_s13_T2_ctrl,117,16,117.53333333333333,-0.02267543599009514,0.2459220686184818
UBFC_PHYS_s13_T2_ctrl,117,17,117.56666666666666,-0.3071240484714508,0.28282130831364494
UBFC_PHYS_s13_T2_ctrl,117,18,117.6,-0.5133519768714905,0.3120182380243344
UBFC_PHYS_s13_T2_ctrl,117,19,117.63333333333334,-0.587134063243866,0.32336470284627333
UBFC_PHYS_s13_T2_ctrl,117,20,117.66666666666667,-0.5418815612792969,0.31065869913652483
UBFC_PHYS_s13_T2_ctrl,117,21,117.7,-0.41778889298439026,0.2729696746297889
UBFC_PHYS_s13_T2_ctrl,117,22,117.73333333333333,-0.2652161121368408,0.2144765457791897
UBFC_PHYS_s13_T2_ctrl,117,23,117.76666666666667,-0.15496645867824554,0.142785308651688
UBFC_PHYS_s13_T2_ctrl,117,24,117.8,-0.1292213350534439,0.06645147719202381
UBFC_PHYS_s13_T2_ctrl,117,25,117.83333333333333,-0.131880521774292,-0.007229573267257803
UBFC_PHYS_s13_T2_ctrl,117,26,117.86666666666666,-0.08023868501186371,-0.07346630562071393
UBFC_PHYS_s13_T2_ctrl,117,27,117.9,0.01912044733762741,-0.13018022348193886
UBFC_PHYS_s13_T2_ctrl,117,28,117.93333333333334,0.09610540419816971,-0.17746851408914252
UBFC_PHYS_s13_T2_ctrl,117,29,117.96666666666667,0.11166847497224808,-0.21669814523945746
UBFC_PHYS_s13_T2_ctrl,117,30,118.0,0.061084385961294174,-0.24963983785041083
UBFC_PHYS_s13_T2_ctrl,117,31,118.03333333333333,-0.061769284307956696,-0.27800623600627916
UBFC_PHYS_s13_T2_ctrl,117,32,118.06666666666666,-0.24609427154064178,-0.30355878928037777
UBFC_PHYS_s13_T2_ctrl,117,33,118.1,-0.4563818573951721,-0.32864467736076974
UBFC_PHYS_s13_T2_ctrl,117,34,118.13333333333334,-0.6691803932189941,-0.3567651195907776
UBFC_PHYS_s13_T2_ctrl,117,35,118.16666666666667,-0.909061849117279,-0.39272263070932195
UBFC_PHYS_s13_T2_ctrl,117,36,118.2,-1.1886204481124878,-0.44206811387396006
UBFC_PHYS_s13_T2_ctrl,117,37,118.23333333333333,-1.4258888959884644,-0.5097418394991778
UBFC_PHYS_s13_T2_ctrl,117,38,118.26666666666667,-1.4919898509979248,-0.5978485566616627
UBFC_PHYS_s13_T2_ctrl,117,39,118.3,-1.357988715171814,-0.7026945144710797
UBFC_PHYS_s13_T2_ctrl,117,40,118.33333333333333,-1.134022831916809,-0.8117951468982441
UBFC_PHYS_s13_T2_ctrl,117,41,118.36666666666666,-0.9484588503837585,-0.9023556333119849
UBFC_PHYS_s13_T2_ctrl,117,42,118.4,-0.8260797262191772,-0.943137806494803
UBFC_PHYS_s13_T2_ctrl,117,43,118.43333333333334,-0.6936832666397095,-0.9008678686525351
UBFC_PHYS_s13_T2_ctrl,117,44,118.46666666666667,-0.5168020129203796,-0.7502870297825251
UBFC_PHYS_s13_T2_ctrl,117,45,118.5,-0.3867780864238739,-0.48477771594073815
UBFC_PHYS_s13_T2_ctrl,117,46,118.53333333333333,-0.42094236612319946,-0.12350635480642123
UBFC_PHYS_s13_T2_ctrl,117,47,118.56666666666666,-0.5311623811721802,0.28861354011246293
UBFC_PHYS_s13_T2_ctrl,117,48,118.6,-0.4859197437763214,0.6901363225700392
UBFC_PHYS_s13_T2_ctrl,117,49,118.63333333333334,-0.24678295850753784,1.0197899411775815
UBFC_PHYS_s13_T2_ctrl,117,50,118.66666666666667,-0.058991458266973495,1.23424678843936
UBFC_PHYS_s13_T2_ctrl,117,51,118.7,-0.09408827126026154,1.3188952703742216
UBFC_PHYS_s13_T2_ctrl,117,52,118.73333333333333,-0.24258162081241608,1.2875268342428239
UBFC_PHYS_s13_T2_ctrl,117,53,118.76666666666667,-0.36624589562416077,1.1729977646896386
UBFC_PHYS_s13_T2_ctrl,117,54,118.8,-0.5129565596580505,1.0144227212723766
UBFC_PHYS_s13_T2_ctrl,117,55,118.83333333333333,-0.739690363407135,0.8462238550879442
UBFC_PHYS_s13_T2_ctrl,117,56,118.86666666666666,-0.9181927442550659,0.6918889504217
UBFC_PHYS_s13_T2_ctrl,117,57,118.9,-0.85723876953125,0.5625480461117274
UBFC_PHYS_s13_T2_ctrl,117,58,118.93333333333334,-0.5189570784568787,0.45886718416995664
UBFC_PHYS_s13_T2_ctrl,117,59,118.96666666666667,-0.04213668406009674,0.3744417033149284
UBFC_PHYS_s13_T2_ctrl,117,60,119.0,0.3173659145832062,0.29930744313315444
UBFC_PHYS_s13_T2_ctrl,117,61,119.03333333333333,0.30724644660949707,0.22290598161934755
UBFC_PHYS_s13_T2_ctrl,117,62,119.06666666666666,-0.007076120935380459,0.1364479458788066
UBFC_PHYS_s13_T2_ctrl,117,63,119.1,-0.3032357394695282,0.03473324443435256
UBFC_PHYS_s13_T2_ctrl,117,64,119.13333333333334,-0.3488638997077942,-0.08287279564003731
UBFC_PHYS_s13_T2_ctrl,117,65,119.16666666666667,-0.14977328479290009,-0.21279275868834946
UBFC_PHYS_s13_T2_ctrl,117,66,119.2,0.13284321129322052,-0.3489140688336355
UBFC_PHYS_s13_T2_ctrl,117,67,119.23333333333333,0.29348912835121155,-0.484789350275772
UBFC_PHYS_s13_T2_ctrl,117,68,119.26666666666667,0.26245856285095215,-0.6151630198971691
UBFC_PHYS_s13_T2_ctrl,117,69,119.3,0.17950275540351868,-0.7359680559449492
UBFC_PHYS_s13_T2_ctrl,117,70,119.33333333333333,0.14463330805301666,-0.8428648477227512
UBFC_PHYS_s13_T2_ctrl,117,71,119.36666666666666,0.09380538016557693,-0.929311702274779
UBFC_PHYS_s13_T2_ctrl,117,72,119.4,-0.029387688264250755,-0.9855013332433181
UBFC_PHYS_s13_T2_ctrl,117,73,119.43333333333334,-0.15119020640850067,-0.9992044744656878
UBFC_PHYS_s13_T2_ctrl,117,74,119.46666666666667,-0.18318626284599304,-0.9588247500724796
UBFC_PHYS_s13_T2_ctrl,117,75,119.5,-0.13875095546245575,-0.8579369674505368
UBFC_PHYS_s13_T2_ctrl,117,76,119.53333333333333,-0.07258731126785278,-0.6995713298892454
UBFC_PHYS_s13_T2_ctrl,117,77,119.56666666666666,-0.007059644907712936,-0.4981598766645776
UBFC_PHYS_s13_T2_ctrl,117,78,119.6,0.08176484704017639,-0.2778040654955052
UBFC_PHYS_s13_T2_ctrl,117,79,119.63333333333334,0.24826298654079437,-0.06706106230309625
UBFC_PHYS_s13_T2_ctrl,117,80,119.66666666666667,0.5345997214317322,0.1079922118518541
UBFC_PHYS_s13_T2_ctrl,117,81,119.7,0.9038922190666199,0.2299232279083764
UBFC_PHYS_s13_T2_ctrl,117,82,119.73333333333333,1.3173366785049438,0.2933449901962373
UBFC_PHYS_s13_T2_ctrl,117,83,119.76666666666667,1.7319839000701904,0.304901016077297
UBFC_PHYS_s13_T2_ctrl,117,84,119.8,2.0365922451019287,0.280536200256565
UBFC_PHYS_s13_T2_ctrl,117,85,119.83333333333333,1.9841761589050293,0.2414171475290243
UBFC_PHYS_s13_T2_ctrl,117,86,119.86666666666666,1.1891909837722778,0.20964680351297338
UBFC_PHYS_s13_T2_ctrl,117,87,119.9,-0.13457927107810974,0.20437018988127997
UBFC_PHYS_s13_T2_ctrl,117,88,119.93333333333334,-1.3074803352355957,0.23859128529782336
UBFC_PHYS_s13_T2_ctrl,117,89,119.96666666666667,-2.062699317932129,0.31699119647012125
UBFC_PHYS_s13_T2_ctrl,117,90,120.0,-2.447756052017212,0.434989780114934
UBFC_PHYS_s13_T2_ctrl,117,91,120.03333333333333,-2.4785659313201904,0.5792104584312838
UBFC_PHYS_s13_T2_ctrl,117,92,120.06666666666666,-2.2853240966796875,0.7294393938588416
UBFC_PHYS_s13_T2_ctrl,117,93,120.1,-2.04402232170105,0.8620155293671938
UBFC_PHYS_s13_T2_ctrl,117,94,120.13333333333334,-1.7990696430206299,0.954246842798869
UBFC_PHYS_s13_T2_ctrl,117,95,120.16666666666667,-1.4955849647521973,0.9889766505582211
UBFC_PHYS_s13_T2_ctrl,117,96,120.2,-1.1432361602783203,0.9580578394557213
UBFC_PHYS_s13_T2_ctrl,117,97,120.23333333333333,-0.830165684223175,0.8635866544986769
UBFC_PHYS_s13_T2_ctrl,117,98,120.26666666666667,-0.593546450138092,0.7164574297784957
UBFC_PHYS_s13_T2_ctrl,117,99,120.3,-0.3889232277870178,0.5328186299881985
UBFC_PHYS_s13_T2_ctrl,117,100,120.33333333333333,-0.1940603107213974,0.3298196021829944
UBFC_PHYS_s13_T2_ctrl,117,101,120.36666666666666,-0.03021477535367012,0.12223408286531803
UBFC_PHYS_s13_T2_ctrl,117,102,120.4,0.08378148823976517,-0.07898205317647958
UBFC_PHYS_s13_T2_ctrl,117,103,120.43333333333334,0.15917158126831055,-0.2661290624041252
UBFC_PHYS_s13_T2_ctrl,117,104,120.46666666666667,0.21459627151489258,-0.43310334431354436
UBFC_PHYS_s13_T2_ctrl,117,105,120.5,0.2755996882915497,-0.5740606013971027
UBFC_PHYS_s13_T2_ctrl,117,106,120.53333333333333,0.3572341203689575,-0.6835923642901955
UBFC_PHYS_s13_T2_ctrl,117,107,120.56666666666666,0.45159777998924255,-0.7586037489192734
UBFC_PHYS_s13_T2_ctrl,117,108,120.6,0.54835045337677,-0.8007495803222896
UBFC_PHYS_s13_T2_ctrl,117,109,120.63333333333334,0.6652135252952576,-0.8175780682591627
UBFC_PHYS_s13_T2_ctrl,117,110,120.66666666666667,0.8348387479782104,-0.8210794424885651
UBFC_PHYS_s13_T2_ctrl,117,111,120.7,1.0690195560455322,-0.8237299900299742
UBFC_PHYS_s13_T2_ctrl,117,112,120.73333333333333,1.2828989028930664,-0.8334695707745854
UBFC_PHYS_s13_T2_ctrl,117,113,120.76666666666667,1.3033355474472046,-0.849711113345769
UBFC_PHYS_s13_T2_ctrl,117,114,120.8,1.0861314535140991,-0.8622121327939744
UBFC_PHYS_s13_T2_ctrl,117,115,120.83333333333333,0.8122339248657227,-0.8536170043593346
UBFC_PHYS_s13_T2_ctrl,117,116,120.86666666666666,0.640404224395752,-0.8051233085923619
UBFC_PHYS_s13_T2_ctrl,117,117,120.9,0.5622988939285278,-0.7034798979146965
UBFC_PHYS_s13_T2_ctrl,117,118,120.93333333333334,0.5224372744560242,-0.5467884773456259
UBFC_PHYS_s13_T2_ctrl,117,119,120.96666666666667,0.49171313643455505,-0.34665059260933506
UBFC_PHYS_s13_T2_ctrl,117,120,121.0,0.42551323771476746,-0.1252637004658948
UBFC_PHYS_s13_T2_ctrl,117,121,121.03333333333333,0.30253106355667114,0.09184466737569408
UBFC_PHYS_s13_T2_ctrl,117,122,121.06666666666666,0.17996078729629517,0.2843440545890254
UBFC_PHYS_s13_T2_ctrl,117,123,121.1,0.10537141561508179,0.44277833918681603
UBFC_PHYS_s13_T2_ctrl,117,124,121.13333333333334,0.05375264212489128,0.5687757758333051
UBFC_PHYS_s13_T2_ctrl,117,125,121.16666666666667,-0.015495269559323788,0.6701706218251093
UBFC_PHYS_s13_T2_ctrl,117,126,121.2,-0.09225945174694061,0.7539937125284828
UBFC_PHYS_s13_T2_ctrl,117,127,121.23333333333333,-0.14613212645053864,0.8211203280262666
UBFC_PHYS_s13_T2_ctrl,117,128,121.26666666666667,-0.18850795924663544,0.8651553375150088
UBFC_PHYS_s13_T2_ctrl,117,129,121.3,-0.2538280189037323,0.8757260802767826
UBFC_PHYS_s13_T2_ctrl,117,130,121.33333333333333,-0.32762986421585083,0.8441134630426195
UBFC_PHYS_s13_T2_ctrl,117,131,121.36666666666666,-0.3554542362689972,0.7682407461357988
UBFC_PHYS_s13_T2_ctrl,117,132,121.4,-0.3095822334289551,0.6548124683029111
UBFC_PHYS_s13_T2_ctrl,117,133,121.43333333333334,-0.21092826128005981,0.518090387106527
UBFC_PHYS_s13_T2_ctrl,117,134,121.46666666666667,-0.09828301519155502,0.3762831647508803
UBFC_PHYS_s13_T2_ctrl,117,135,121.5,-0.003912761807441711,0.24716374113611192
UBFC_PHYS_s13_T2_ctrl,117,136,121.53333333333333,0.04973912984132767,0.14427938894321365
UBFC_PHYS_s13_T2_ctrl,117,137,121.56666666666666,0.06013867259025574,0.07446858659169955
UBFC_PHYS_s13_T2_ctrl,117,138,121.6,0.04857923090457916,0.03690159943856135
UBFC_PHYS_s13_T2_ctrl,117,139,121.63333333333334,0.04540269076824188,0.023708831073358194
UBFC_PHYS_s13_T2_ctrl,117,140,121.66666666666667,0.05375264212489128,0.022260439228973316
UBFC_PHYS_s13_T2_ctrl,117,141,121.7,0.0537790022790432,0.018888113291139673
UBFC_PHYS_s13_T2_ctrl,117,142,121.73333333333333,0.0471557192504406,0.003143041690460313
UBFC_PHYS_s13_T2_ctrl,117,143,121.76666666666667,0.05428316071629524,-0.028929102975295405
UBFC_PHYS_s13_T2_ctrl,117,144,121.8,0.069002665579319,-0.07390830327323217
UBFC_PHYS_s13_T2_ctrl,117,145,121.83333333333333,0.06215531378984451,-0.12294834986539457
UBFC_PHYS_s13_T2_ctrl,117,146,121.86666666666666,0.015835167840123177,-0.16559067221865315
UBFC_PHYS_s13_T2_ctrl,117,147,121.9,-0.053162310272455215,-0.19363280924129808
UBFC_PHYS_s13_T2_ctrl,117,148,121.93333333333334,-0.09915623813867569,-0.20354934372269204
UBFC_PHYS_s13_T2_ctrl,117,149,121.96666666666667,-0.09703744202852249,-0.19695692919902238
UBFC_PHYS_s13_T2_ctrl,117,150,122.0,-0.0689099058508873,-0.17946609794494692
UBFC_PHYS_s13_T2_ctrl,117,151,122.03333333333333,-0.042041126638650894,-0.15862699282961282
UBFC_PHYS_s13_T2_ctrl,117,152,122.06666666666666,-0.020266668871045113,-0.1416724175307789
UBFC_PHYS_s13_T2_ctrl,117,153,122.1,-0.005761349573731422,-0.13375499989017478
UBFC_PHYS_s13_T2_ctrl,117,154,122.13333333333334,0.002967544598504901,-0.1374637919171535
UBFC_PHYS_s13_T2_ctrl,117,155,122.16666666666667,0.021871911361813545,-0.1540508855386147
UBFC_PHYS_s13_T2_ctrl,117,156,122.2,0.06039239838719368,-0.18572315515517104
UBFC_PHYS_s13_T2_ctrl,117,157,122.23333333333333,0.10869623720645905,-0.23734997162713944
UBFC_PHYS_s13_T2_ctrl,117,158,122.26666666666667,0.1497507095336914,-0.31595117384964344
UBFC_PHYS_s13_T2_ctrl,117,159,122.3,0.16586077213287354,-0.4274550228713573
UBFC_PHYS_s13_T2_ctrl,117,160,122.33333333333333,0.1423102170228958,-0.5718007692605376
UBFC_PHYS_s13_T2_ctrl,117,161,122.36666666666666,0.08865503966808319,-0.7384853136858707
UBFC_PHYS_s13_T2_ctrl,117,162,122.4,0.042015258222818375,-0.9045230250101877
UBFC_PHYS_s13_T2_ctrl,117,163,122.43333333333334,0.03362906351685524,-1.0359608302082668
UBFC_PHYS_s13_T2_ctrl,117,164,122.46666666666667,0.060286954045295715,-1.0932581737752352
UBFC_PHYS_s13_T2_ctrl,117,165,122.5,0.08293133229017258,-1.0400625958848024
UBFC_PHYS_s13_T2_ctrl,117,166,122.53333333333333,0.054981738328933716,-0.853931271968183
UBFC_PHYS_s13_T2_ctrl,117,167,122.56666666666666,-0.023179596289992332,-0.5362758577602978
UBFC_PHYS_s13_T2_ctrl,117,168,122.6,-0.11681503057479858,-0.11771060787674485
UBFC_PHYS_s13_T2_ctrl,117,169,122.63333333333334,-0.1994577944278717,0.34479048778431254
UBFC_PHYS_s13_T2_ctrl,117,170,122.66666666666667,-0.25058886408805847,0.7801126302905567
UBFC_PHYS_s13_T2_ctrl,117,171,122.7,-0.249616801738739,1.1215838835631418
UBFC_PHYS_s13_T2_ctrl,117,172,122.73333333333333,-0.20703007280826569,1.3249393851834868
UBFC_PHYS_s13_T2_ctrl,117,173,122.76666666666667,-0.16070663928985596,1.378248008948269
UBFC_PHYS_s13_T2_ctrl,117,174,122.8,-0.13218697905540466,1.3007103617098685
UBFC_PHYS_s13_T2_ctrl,117,175,122.83333333333333,-0.12016621232032776,1.1327651583317124
UBFC_PHYS_s13_T2_ctrl,117,176,122.86666666666666,-0.12030790746212006,0.9225932513802959
UBFC_PHYS_s13_T2_ctrl,117,177,122.9,-0.12797576189041138,0.7136889946450683
UBFC_PHYS_s13_T2_ctrl,117,178,122.93333333333334,-0.13196949660778046,0.5364497852638576
UBFC_PHYS_s13_T2_ctrl,117,179,122.96666666666667,-0.10778298228979111,0.404841826454791
UBFC_PHYS_s13_T2_ctrl,117,180,123.0,-0.03169101104140282,0.3176420402126037
UBFC_PHYS_s13_T2_ctrl,117,181,123.03333333333333,0.08491172641515732,0.26281616055018353
UBFC_PHYS_s13_T2_ctrl,117,182,123.06666666666666,0.19592256844043732,0.223286309068213
UBFC_PHYS_s13_T2_ctrl,117,183,123.1,0.27829840779304504,0.18244877009735258
UBFC_PHYS_s13_T2_ctrl,117,184,123.13333333333334,0.34436649084091187,0.12812926852015244
UBFC_PHYS_s13_T2_ctrl,117,185,123.16666666666667,0.39852583408355713,0.05423247587881673
UBFC_PHYS_s13_T2_ctrl,117,186,123.2,0.4197104573249817,-0.03984531536452704
UBFC_PHYS_s13_T2_ctrl,117,187,123.23333333333333,0.4006578028202057,-0.15120211140901688
UBFC_PHYS_s13_T2_ctrl,117,188,123.26666666666667,0.3635872006416321,-0.2755822584782099
UBFC_PHYS_s13_T2_ctrl,117,189,123.3,0.3216463327407837,-0.40855399889914235
UBFC_PHYS_s13_T2_ctrl,117,190,123.33333333333333,0.26246845722198486,-0.5450986328371418
UBFC_PHYS_s13_T2_ctrl,117,191,123.36666666666666,0.18099546432495117,-0.6778348870461801
UBFC_PHYS_s13_T2_ctrl,117,192,123.4,0.09243129938840866,-0.7949936408805041
UBFC_PHYS_s13_T2_ctrl,117,193,123.43333333333334,0.008819758892059326,-0.8797897069523679
UBFC_PHYS_s13_T2_ctrl,117,194,123.46666666666667,-0.06978312879800797,-0.9126290348733537
UBFC_PHYS_s13_T2_ctrl,117,195,123.5,-0.1377129703760147,-0.8765108778010902
UBFC_PHYS_s13_T2_ctrl,117,196,123.53333333333333,-0.17562055587768555,-0.7642933476508057
UBFC_PHYS_s13_T2_ctrl,117,197,123.56666666666666,-0.16895443201065063,-0.5848633152770216
UBFC_PHYS_s13_T2_ctrl,117,198,123.6,-0.11170423030853271,-0.3646453196880335
UBFC_PHYS_s13_T2_ctrl,117,199,123.63333333333334,-0.01537993922829628,-0.14223920472347867
UBFC_PHYS_s13_T2_ctrl,117,200,123.66666666666667,0.0920589417219162,0.04280249489883003
UBFC_PHYS_s13_T2_ctrl,117,201,123.7,0.18842937052249908,0.1627766654368408
UBFC_PHYS_s13_T2_ctrl,117,202,123.73333333333333,0.2812805473804474,0.2107127493709606
UBFC_PHYS_s13_T2_ctrl,117,203,123.76666666666667,0.3693965673446655,0.20146493290337722
UBFC_PHYS_s13_T2_ctrl,117,204,123.8,0.43214643001556396,0.1648085066394058
UBFC_PHYS_s13_T2_ctrl,117,205,123.83333333333333,0.4763082265853882,0.1338825356483184
UBFC_PHYS_s13_T2_ctrl,117,206,123.86666666666666,0.5559128522872925,0.13381792464889816
UBFC_PHYS_s13_T2_ctrl,117,207,123.9,0.6921745538711548,0.17461419997003486
UBFC_PHYS_s13_T2_ctrl,117,208,123.93333333333334,0.83800208568573,0.25015049119983973
UBFC_PHYS_s13_T2_ctrl,117,209,123.96666666666667,0.9558438062667847,0.34266413420363795
UBFC_PHYS_s13_T2_ctrl,117,210,124.0,1.0919440984725952,0.4300909053162809
UBFC_PHYS_s13_T2_ctrl,117,211,124.03333333333333,1.3316442966461182,0.49315200650981494
UBFC_PHYS_s13_T2_ctrl,117,212,124.06666666666666,1.6502374410629272,0.5200704381330236
UBFC_PHYS_s13_T2_ctrl,117,213,124.1,1.9342774152755737,0.5082982746673295
UBFC_PHYS_s13_T2_ctrl,117,214,124.13333333333334,2.135605573654175,0.46360002428066865
UBFC_PHYS_s13_T2_ctrl,117,215,124.16666666666667,2.373533010482788,0.39720138574960884
UBFC_PHYS_s13_T2_ctrl,117,216,124.2,2.6856048107147217,0.32187719664291414
UBFC_PHYS_s13_T2_ctrl,117,217,124.23333333333333,2.9026541709899902,0.2479897101990886
UBFC_PHYS_s13_T2_ctrl,117,218,124.26666666666667,2.593873977661133,0.18055205176418151
UBFC_PHYS_s13_T2_ctrl,117,219,124.3,1.478121042251587,0.11824772493030869
UBFC_PHYS_s13_T2_ctrl,117,220,124.33333333333333,-0.06657034158706665,0.05486416171128532
UBFC_PHYS_s13_T2_ctrl,117,221,124.36666666666666,-1.4586691856384277,-0.017191296601482307
UBFC_PHYS_s13_T2_ctrl,117,222,124.4,-2.3819780349731445,-0.10250339188945713
UBFC_PHYS_s13_T2_ctrl,117,223,124.43333333333334,-2.778369903564453,-0.19912161805211698
UBFC_PHYS_s13_T2_ctrl,117,224,124.46666666666667,-2.7742509841918945,-0.29742527495994286
UBFC_PHYS_s13_T2_ctrl,117,225,124.5,-2.5857081413269043,-0.38199824663914295
UBFC_PHYS_s13_T2_ctrl,117,226,124.53333333333333,-2.377216339111328,-0.43589392664508325
UBFC_PHYS_s13_T2_ctrl,117,227,124.56666666666666,-2.165001153945923,-0.4457660245855318
UBFC_PHYS_s13_T2_ctrl,117,228,124.6,-1.904221773147583,-0.4062106301538661
UBFC_PHYS_s13_T2_ctrl,117,229,124.63333333333334,-1.6223862171173096,-0.3221369933864716
UBFC_PHYS_s13_T2_ctrl,117,230,124.66666666666667,-1.3906832933425903,-0.20858496388551878
UBFC_PHYS_s13_T2_ctrl,117,231,124.7,-1.2204813957214355,-0.08776144461372307
UBFC_PHYS_s13_T2_ctrl,117,232,124.73333333333333,-1.0505200624465942,0.01665408047377498
UBFC_PHYS_s13_T2_ctrl,117,233,124.76666666666667,-0.8588501214981079,0.08679235906447284
UBFC_PHYS_s13_T2_ctrl,117,234,124.8,-0.6897784471511841,0.11645894207005641
UBFC_PHYS_s13_T2_ctrl,117,235,124.83333333333333,-0.5752944946289062,0.11216117715487774
UBFC_PHYS_s13_T2_ctrl,117,236,124.86666666666666,-0.49959468841552734,0.08840207545560526
UBFC_PHYS_s13_T2_ctrl,117,237,124.9,-0.41981542110443115,0.05986382033875015
UBFC_PHYS_s13_T2_ctrl,117,238,124.93333333333334,-0.2668933570384979,0.034773416899169525
UBFC_PHYS_s13_T2_ctrl,117,239,124.96666666666667,-0.041833531111478806,0.012717148828343643
UBFC_PHYS_s13_T2_ctrl,118,0,118.0,0.061084385961294174,-0.04927119864464444
UBFC_PHYS_s13_T2_ctrl,118,1,118.03333333333333,-0.061769284307956696,-0.4274950097997472
UBFC_PHYS_s13_T2_ctrl,118,2,118.06666666666666,-0.24609427154064178,-0.7699291933046536
UBFC_PHYS_s13_T2_ctrl,118,3,118.1,-0.4563818573951721,-1.0456750353247641
UBFC_PHYS_s13_T2_ctrl,118,4,118.13333333333334,-0.6691803932189941,-1.2349560355390263
UBFC_PHYS_s13_T2_ctrl,118,5,118.16666666666667,-0.909061849117279,-1.333674506279495
UBFC_PHYS_s13_T2_ctrl,118,6,118.2,-1.1886204481124878,-1.3548248111403896
UBFC_PHYS_s13_T2_ctrl,118,7,118.23333333333333,-1.4258888959884644,-1.3254818673299855
UBFC_PHYS_s13_T2_ctrl,118,8,118.26666666666667,-1.4919898509979248,-1.2793628975006015
UBFC_PHYS_s13_T2_ctrl,118,9,118.3,-1.357988715171814,-1.2463912308221199
UBFC_PHYS_s13_T2_ctrl,118,10,118.33333333333333,-1.134022831916809,-1.2421383862874051
UBFC_PHYS_s13_T2_ctrl,118,11,118.36666666666666,-0.9484588503837585,-1.2608042102869255
UBFC_PHYS_s13_T2_ctrl,118,12,118.4,-0.8260797262191772,-1.2748483715801178
UBFC_PHYS_s13_T2_ctrl,118,13,118.43333333333334,-0.6936832666397095,-1.2424942591138222
UBFC_PHYS_s13_T2_ctrl,118,14,118.46666666666667,-0.5168020129203796,-1.1216293593022648
UBFC_PHYS_s13_T2_ctrl,118,15,118.5,-0.3867780864238739,-0.8859870453160443
UBFC_PHYS_s13_T2_ctrl,118,16,118.53333333333333,-0.42094236612319946,-0.5378680499752437
UBFC_PHYS_s13_T2_ctrl,118,17,118.56666666666666,-0.5311623811721802,-0.11180009571388067
UBFC_PHYS_s13_T2_ctrl,118,18,118.6,-0.4859197437763214,0.33397752844473866
UBFC_PHYS_s13_T2_ctrl,118,19,118.63333333333334,-0.24678295850753784,0.7361645625613707
UBFC_PHYS_s13_T2_ctrl,118,20,118.66666666666667,-0.058991458266973495,1.047152326104602
UBFC_PHYS_s13_T2_ctrl,118,21,118.7,-0.09408827126026154,1.2480072486238245
UBFC_PHYS_s13_T2_ctrl,118,22,118.73333333333333,-0.24258162081241608,1.3487658173571124
UBFC_PHYS_s13_T2_ctrl,118,23,118.76666666666667,-0.36624589562416077,1.3783852696927075
UBFC_PHYS_s13_T2_ctrl,118,24,118.8,-0.5129565596580505,1.3705508175791528
UBFC_PHYS_s13_T2_ctrl,118,25,118.83333333333333,-0.739690363407135,1.3512897374522896
UBFC_PHYS_s13_T2_ctrl,118,26,118.86666666666666,-0.9181927442550659,1.3320432814249765
UBFC_PHYS_s13_T2_ctrl,118,27,118.9,-0.85723876953125,1.3090413878754903
UBFC_PHYS_s13_T2_ctrl,118,28,118.93333333333334,-0.5189570784568787,1.267528870985728
UBFC_PHYS_s13_T2_ctrl,118,29,118.96666666666667,-0.04213668406009674,1.1884345287308309
UBFC_PHYS_s13_T2_ctrl,118,30,119.0,0.3173659145832062,1.055453426070598
UBFC_PHYS_s13_T2_ctrl,118,31,119.03333333333333,0.30724644660949707,0.8610442020280262
UBFC_PHYS_s13_T2_ctrl,118,32,119.06666666666666,-0.007076120935380459,0.6097645516289687
UBFC_PHYS_s13_T2_ctrl,118,33,119.1,-0.3032357394695282,0.3176882937682578
UBFC_PHYS_s13_T2_ctrl,118,34,119.13333333333334,-0.3488638997077942,0.008224211330792274
UBFC_PHYS_s13_T2_ctrl,118,35,119.16666666666667,-0.14977328479290009,-0.2936970027831095
UBFC_PHYS_s13_T2_ctrl,118,36,119.2,0.13284321129322052,-0.5668286486737104
UBFC_PHYS_s13_T2_ctrl,118,37,119.23333333333333,0.29348912835121155,-0.7968482906930893
UBFC_PHYS_s13_T2_ctrl,118,38,119.26666666666667,0.26245856285095215,-0.9773212038346866
UBFC_PHYS_s13_T2_ctrl,118,39,119.3,0.17950275540351868,-1.1087100563433618
UBFC_PHYS_s13_T2_ctrl,118,40,119.33333333333333,0.14463330805301666,-1.195936688417201
UBFC_PHYS_s13_T2_ctrl,118,41,119.36666666666666,0.09380538016557693,-1.2451239415055235
UBFC_PHYS_s13_T2_ctrl,118,42,119.4,-0.029387688264250755,-1.260465854319058
UBFC_PHYS_s13_T2_ctrl,118,43,119.43333333333334,-0.15119020640850067,-1.2423377758006555
UBFC_PHYS_s13_T2_ctrl,118,44,119.46666666666667,-0.18318626284599304,-1.1873597960596687
UBFC_PHYS_s13_T2_ctrl,118,45,119.5,-0.13875095546245575,-1.090326618833787
UBFC_PHYS_s13_T2_ctrl,118,46,119.53333333333333,-0.07258731126785278,-0.9471811626021669
UBFC_PHYS_s13_T2_ctrl,118,47,119.56666666666666,-0.007059644907712936,-0.757937511037372
UBFC_PHYS_s13_T2_ctrl,118,48,119.6,0.08176484704017639,-0.5287410835004759
UBFC_PHYS_s13_T2_ctrl,118,49,119.63333333333334,0.24826298654079437,-0.2727391596769332
UBFC_PHYS_s13_T2_ctrl,118,50,119.66666666666667,0.5345997214317322,-0.00969321704121328
UBFC_PHYS_s13_T2_ctrl,118,51,119.7,0.9038922190666199,0.23583471580318519
UBFC_PHYS_s13_T2_ctrl,118,52,119.73333333333333,1.3173366785049438,0.43809263679367005
UBFC_PHYS_s13_T2_ctrl,118,53,119.76666666666667,1.7319839000701904,0.5756682293598671
UBFC_PHYS_s13_T2_ctrl,118,54,119.8,2.0365922451019287,0.6380504007018183
UBFC_PHYS_s13_T2_ctrl,118,55,119.83333333333333,1.9841761589050293,0.6309698974097389
UBFC_PHYS_s13_T2_ctrl,118,56,119.86666666666666,1.1891909837722778,0.577521767107995
UBFC_PHYS_s13_T2_ctrl,118,57,119.9,-0.13457927107810974,0.5130875379232693
UBFC_PHYS_s13_T2_ctrl,118,58,119.93333333333334,-1.3074803352355957,0.4749146375183296
UBFC_PHYS_s13_T2_ctrl,118,59,119.96666666666667,-2.062699317932129,0.4900061143114734
UBFC_PHYS_s13_T2_ctrl,118,60,120.0,-2.447756052017212,0.5658186456788173
UBFC_PHYS_s13_T2_ctrl,118,61,120.03333333333333,-2.4785659313201904,0.6871424416365176
UBFC_PHYS_s13_T2_ctrl,118,62,120.06666666666666,-2.2853240966796875,0.8203583332931582
UBFC_PHYS_s13_T2_ctrl,118,63,120.1,-2.04402232170105,0.9236606691751043
UBFC_PHYS_s13_T2_ctrl,118,64,120.13333333333334,-1.7990696430206299,0.9595485534802243
UBFC_PHYS_s13_T2_ctrl,118,65,120.16666666666667,-1.4955849647521973,0.9051923049049376
UBFC_PHYS_s13_T2_ctrl,118,66,120.2,-1.1432361602783203,0.7577041340649373
UBFC_PHYS_s13_T2_ctrl,118,67,120.23333333333333,-0.830165684223175,0.5336146612291908
UBFC_PHYS_s13_T2_ctrl,118,68,120.26666666666667,-0.593546450138092,0.2635118856033999
UBFC_PHYS_s13_T2_ctrl,118,69,120.3,-0.3889232277870178,-0.016235274252618913
UBFC_PHYS_s13_T2_ctrl,118,70,120.33333333333333,-0.1940603107213974,-0.272121045865928
UBFC_PHYS_s13_T2_ctrl,118,71,120.36666666666666,-0.03021477535367012,-0.4800328318645962
UBFC_PHYS_s13_T2_ctrl,118,72,120.4,0.08378148823976517,-0.6282306314597024
UBFC_PHYS_s13_T2_ctrl,118,73,120.43333333333334,0.15917158126831055,-0.7167686617589821
UBFC_PHYS_s13_T2_ctrl,118,74,120.46666666666667,0.21459627151489258,-0.7543833361613408
UBFC_PHYS_s13_T2_ctrl,118,75,120.5,0.2755996882915497,-0.7542806628024357
UBFC_PHYS_s13_T2_ctrl,118,76,120.53333333333333,0.3572341203689575,-0.730167230362745
UBFC_PHYS_s13_T2_ctrl,118,77,120.56666666666666,0.45159777998924255,-0.6934302428936139
UBFC_PHYS_s13_T2_ctrl,118,78,120.6,0.54835045337677,-0.6517695220252637
UBFC_PHYS_s13_T2_ctrl,118,79,120.63333333333334,0.6652135252952576,-0.6090792227745625
UBFC_PHYS_s13_T2_ctrl,118,80,120.66666666666667,0.8348387479782104,-0.5661085054082442
UBFC_PHYS_s13_T2_ctrl,118,81,120.7,1.0690195560455322,-0.5212757833576239
UBFC_PHYS_s13_T2_ctrl,118,82,120.73333333333333,1.2828989028930664,-0.47094923882793044
UBFC_PHYS_s13_T2_ctrl,118,83,120.76666666666667,1.3033355474472046,-0.4089140777936436
UBFC_PHYS_s13_T2_ctrl,118,84,120.8,1.0861314535140991,-0.32573855698374987
UBFC_PHYS_s13_T2_ctrl,118,85,120.83333333333333,0.8122339248657227,-0.2096040158880907
UBFC_PHYS_s13_T2_ctrl,118,86,120.86666666666666,0.640404224395752,-0.04997794629209635
UBFC_PHYS_s13_T2_ctrl,118,87,120.9,0.5622988939285278,0.1560273932183587
UBFC_PHYS_s13_T2_ctrl,118,88,120.93333333333334,0.5224372744560242,0.3970061832599657
UBFC_PHYS_s13_T2_ctrl,118,89,120.96666666666667,0.49171313643455505,0.6440406285343996
UBFC_PHYS_s13_T2_ctrl,118,90,121.0,0.42551323771476746,0.8538114483339648
UBFC_PHYS_s13_T2_ctrl,118,91,121.03333333333333,0.30253106355667114,0.9783605258493159
UBFC_PHYS_s13_T2_ctrl,118,92,121.06666666666666,0.17996078729629517,0.9788910055923257
UBFC_PHYS_s13_T2_ctrl,118,93,121.1,0.10537141561508179,0.8391093656932945
UBFC_PHYS_s13_T2_ctrl,118,94,121.13333333333334,0.05375264212489128,0.5735658709061011
UBFC_PHYS_s13_T2_ctrl,118,95,121.16666666666667,-0.015495269559323788,0.22791009450371433
UBFC_PHYS_s13_T2_ctrl,118,96,121.2,-0.09225945174694061,-0.12981359663067246
UBFC_PHYS_s13_T2_ctrl,118,97,121.23333333333333,-0.14613212645053864,-0.42522953255844764
UBFC_PHYS_s13_T2_ctrl,118,98,121.26666666666667,-0.18850795924663544,-0.5971246126594993
UBFC_PHYS_s13_T2_ctrl,118,99,121.3,-0.2538280189037323,-0.6148997591835058
UBFC_PHYS_s13_T2_ctrl,118,100,121.33333333333333,-0.32762986421585083,-0.48840835505795743
UBFC_PHYS_s13_T2_ctrl,118,101,121.36666666666666,-0.3554542362689972,-0.2663444603494552
UBFC_PHYS_s13_T2_ctrl,118,102,121.4,-0.3095822334289551,-0.02270481656153751
UBFC_PHYS_s13_T2_ctrl,118,103,121.43333333333334,-0.21092826128005981,0.16516855580715137
UBFC_PHYS_s13_T2_ctrl,118,104,121.46666666666667,-0.09828301519155502,0.24027100856072972
UBFC_PHYS_s13_T2_ctrl,118,105,121.5,-0.003912761807441711,0.1835403831227146
UBFC_PHYS_s13_T2_ctrl,118,106,121.53333333333333,0.04973912984132767,0.019238689588239134
UBFC_PHYS_s13_T2_ctrl,118,107,121.56666666666666,0.06013867259025574,-0.19391784825103378
UBFC_PHYS_s13_T2_ctrl,118,108,121.6,0.04857923090457916,-0.3827022201568836
UBFC_PHYS_s13_T2_ctrl,118,109,121.63333333333334,0.04540269076824188,-0.48315442054185304
UBFC_PHYS_s13_T2_ctrl,118,110,121.66666666666667,0.05375264212489128,-0.4598610825998981
UBFC_PHYS_s13_T2_ctrl,118,111,121.7,0.0537790022790432,-0.31449973880625326
UBFC_PHYS_s13_T2_ctrl,118,112,121.73333333333333,0.0471557192504406,-0.08165769189457993
UBFC_PHYS_s13_T2_ctrl,118,113,121.76666666666667,0.05428316071629524,0.18532036662103224
UBFC_PHYS_s13_T2_ctrl,118,114,121.8,0.069002665579319,0.43225887867834056
UBFC_PHYS_s13_T2_ctrl,118,115,121.83333333333333,0.06215531378984451,0.6189659801956829
UBFC_PHYS_s13_T2_ctrl,118,116,121.86666666666666,0.015835167840123177,0.7263827773603871
UBFC_PHYS_s13_T2_ctrl,118,117,121.9,-0.053162310272455215,0.7554267464921101
UBFC_PHYS_s13_T2_ctrl,118,118,121.93333333333334,-0.09915623813867569,0.7202903321899214
UBFC_PHYS_s13_T2_ctrl,118,119,121.96666666666667,-0.09703744202852249,0.6403247603673945
UBFC_PHYS_s13_T2_ctrl,118,120,122.0,-0.0689099058508873,0.5337420466965364
UBFC_PHYS_s13_T2_ctrl,118,121,122.03333333333333,-0.042041126638650894,0.4145169483243018
UBFC_PHYS_s13_T2_ctrl,118,122,122.06666666666666,-0.020266668871045113,0.2924256947244247
UBFC_PHYS_s13_T2_ctrl,118,123,122.1,-0.005761349573731422,0.17512043909398675
UBFC_PHYS_s13_T2_ctrl,118,124,122.13333333333334,0.002967544598504901,0.07022640454550795
UBFC_PHYS_s13_T2_ctrl,118,125,122.16666666666667,0.021871911361813545,-0.014713705469572395
UBFC_PHYS_s13_T2_ctrl,118,126,122.2,0.06039239838719368,-0.07543805643096727
UBFC_PHYS_s13_T2_ctrl,118,127,122.23333333333333,0.10869623720645905,-0.11619268251248095
UBFC_PHYS_s13_T2_ctrl,118,128,122.26666666666667,0.1497507095336914,-0.15396677527625946
UBFC_PHYS_s13_T2_ctrl,118,129,122.3,0.16586077213287354,-0.21820590309180643
UBFC_PHYS_s13_T2_ctrl,118,130,122.33333333333333,0.1423102170228958,-0.3439197946602718
UBFC_PHYS_s13_T2_ctrl,118,131,122.36666666666666,0.08865503966808319,-0.5588898986432367
UBFC_PHYS_s13_T2_ctrl,118,132,122.4,0.042015258222818375,-0.8685726973485189
UBFC_PHYS_s13_T2_ctrl,118,133,122.43333333333334,0.03362906351685524,-1.2441614965443442
UBFC_PHYS_s13_T2_ctrl,118,134,122.46666666666667,0.060286954045295715,-1.6193989318884998
UBFC_PHYS_s13_T2_ctrl,118,135,122.5,0.08293133229017258,-1.900029556305936
UBFC_PHYS_s13_T2_ctrl,118,136,122.53333333333333,0.054981738328933716,-1.9863647722330169
UBFC_PHYS_s13_T2_ctrl,118,137,122.56666666666666,-0.023179596289992332,-1.8043290919340642
UBFC_PHYS_s13_T2_ctrl,118,138,122.6,-0.11681503057479858,-1.3349069954301673
UBFC_PHYS_s13_T2_ctrl,118,139,122.63333333333334,-0.1994577944278717,-0.6296435514616745
UBFC_PHYS_s13_T2_ctrl,118,140,122.66666666666667,-0.25058886408805847,0.19642343936793874
UBFC_PHYS_s13_T2_ctrl,118,141,122.7,-0.249616801738739,0.9941313765902086
UBFC_PHYS_s13_T2_ctrl,118,142,122.73333333333333,-0.20703007280826569,1.6216396147530905
UBFC_PHYS_s13_T2_ctrl,118,143,122.76666666666667,-0.16070663928985596,1.9825828767476823
UBFC_PHYS_s13_T2_ctrl,118,144,122.8,-0.13218697905540466,2.0483050758137633
UBFC_PHYS_s13_T2_ctrl,118,145,122.83333333333333,-0.12016621232032776,1.85890804337611
UBFC_PHYS_s13_T2_ctrl,118,146,122.86666666666666,-0.12030790746212006,1.5049112810586402
UBFC_PHYS_s13_T2_ctrl,118,147,122.9,-0.12797576189041138,1.0966063596600637
UBFC_PHYS_s13_T2_ctrl,118,148,122.93333333333334,-0.13196949660778046,0.7315573210673267
UBFC_PHYS_s13_T2_ctrl,118,149,122.96666666666667,-0.10778298228979111,0.47070539375678394
UBFC_PHYS_s13_T2_ctrl,118,150,123.0,-0.03169101104140282,0.3294671875845287
UBFC_PHYS_s13_T2_ctrl,118,151,123.03333333333333,0.08491172641515732,0.28411519453644374
UBFC_PHYS_s13_T2_ctrl,118,152,123.06666666666666,0.19592256844043732,0.2885280974733323
UBFC_PHYS_s13_T2_ctrl,118,153,123.1,0.27829840779304504,0.29381058803855414
UBFC_PHYS_s13_T2_ctrl,118,154,123.13333333333334,0.34436649084091187,0.26370988564623243
UBFC_PHYS_s13_T2_ctrl,118,155,123.16666666666667,0.39852583408355713,0.18159650197678268
UBFC_PHYS_s13_T2_ctrl,118,156,123.2,0.4197104573249817,0.048698437108279785
UBFC_PHYS_s13_T2_ctrl,118,157,123.23333333333333,0.4006578028202057,-0.1234013272971517
UBFC_PHYS_s13_T2_ctrl,118,158,123.26666666666667,0.3635872006416321,-0.3214532040471443
UBFC_PHYS_s13_T2_ctrl,118,159,123.3,0.3216463327407837,-0.5361333235082513
UBFC_PHYS_s13_T2_ctrl,118,160,123.33333333333333,0.26246845722198486,-0.7618745147065711
UBFC_PHYS_s13_T2_ctrl,118,161,123.36666666666666,0.18099546432495117,-0.9909916775326207
UBFC_PHYS_s13_T2_ctrl,118,162,123.4,0.09243129938840866,-1.2053548659032696
UBFC_PHYS_s13_T2_ctrl,118,163,123.43333333333334,0.008819758892059326,-1.370999744267697
UBFC_PHYS_s13_T2_ctrl,118,164,123.46666666666667,-0.06978312879800797,-1.4407242084484808
UBFC_PHYS_s13_T2_ctrl,118,165,123.5,-0.1377129703760147,-1.3666983880190786
UBFC_PHYS_s13_T2_ctrl,118,166,123.53333333333333,-0.17562055587768555,-1.1203517207339087
UBFC_PHYS_s13_T2_ctrl,118,167,123.56666666666666,-0.16895443201065063,-0.7119979258253467
UBFC_PHYS_s13_T2_ctrl,118,168,123.6,-0.11170423030853271,-0.20016266768100946
UBFC_PHYS_s13_T2_ctrl,118,169,123.63333333333334,-0.01537993922829628,0.31709313660101424
UBFC_PHYS_s13_T2_ctrl,118,170,123.66666666666667,0.0920589417219162,0.7290383899155185
UBFC_PHYS_s13_T2_ctrl,118,171,123.7,0.18842937052249908,0.9482907757755962
UBFC_PHYS_s13_T2_ctrl,118,172,123.73333333333333,0.2812805473804474,0.9412230439758745
UBFC_PHYS_s13_T2_ctrl,118,173,123.76666666666667,0.3693965673446655,0.7397017369091136
UBFC_PHYS_s13_T2_ctrl,118,174,123.8,0.43214643001556396,0.42996668888838807
UBFC_PHYS_s13_T2_ctrl,118,175,123.83333333333333,0.4763082265853882,0.12432198037890212
UBFC_PHYS_s13_T2_ctrl,118,176,123.86666666666666,0.5559128522872925,-0.07375849076363186
UBFC_PHYS_s13_T2_ctrl,118,177,123.9,0.6921745538711548,-0.10036859689904386
UBFC_PHYS_s13_T2_ctrl,118,178,123.93333333333334,0.83800208568573,0.05090039003106217
UBFC_PHYS_s13_T2_ctrl,118,179,123.96666666666667,0.9558438062667847,0.3287791614659475
UBFC_PHYS_s13_T2_ctrl,118,180,124.0,1.0919440984725952,0.6415666767302026
UBFC_PHYS_s13_T2_ctrl,118,181,124.03333333333333,1.3316442966461182,0.8860932668424463
UBFC_PHYS_s13_T2_ctrl,118,182,124.06666666666666,1.6502374410629272,0.9791124922430108
UBFC_PHYS_s13_T2_ctrl,118,183,124.1,1.9342774152755737,0.881396370539803
UBFC_PHYS_s13_T2_ctrl,118,184,124.13333333333334,2.135605573654175,0.6076564731474117
UBFC_PHYS_s13_T2_ctrl,118,185,124.16666666666667,2.373533010482788,0.22018284524901882
UBFC_PHYS_s13_T2_ctrl,118,186,124.2,2.6856048107147217,-0.19103555280751736
UBFC_PHYS_s13_T2_ctrl,118,187,124.23333333333333,2.9026541709899902,-0.5351855862014154
UBFC_PHYS_s13_T2_ctrl,118,188,124.26666666666667,2.593873977661133,-0.746129101642049
UBFC_PHYS_s13_T2_ctrl,118,189,124.3,1.478121042251587,-0.798888533026315
UBFC_PHYS_s13_T2_ctrl,118,190,124.33333333333333,-0.06657034158706665,-0.7127379826870459
UBFC_PHYS_s13_T2_ctrl,118,191,124.36666666666666,-1.4586691856384277,-0.5410030277567249
UBFC_PHYS_s13_T2_ctrl,118,192,124.4,-2.3819780349731445,-0.3517141137487079
UBFC_PHYS_s13_T2_ctrl,118,193,124.43333333333334,-2.778369903564453,-0.20573062083937116
UBFC_PHYS_s13_T2_ctrl,118,194,124.46666666666667,-2.7742509841918945,-0.13926599566011677
UBFC_PHYS_s13_T2_ctrl,118,195,124.5,-2.5857081413269043,-0.1557372585941229
UBFC_PHYS_s13_T2_ctrl,118,196,124.53333333333333,-2.377216339111328,-0.22823166893785635
UBFC_PHYS_s13_T2_ctrl,118,197,124.56666666666666,-2.165001153945923,-0.3104341351694482
UBFC_PHYS_s13_T2_ctrl,118,198,124.6,-1.904221773147583,-0.3520449678772216
UBFC_PHYS_s13_T2_ctrl,118,199,124.63333333333334,-1.6223862171173096,-0.3143583571166066
UBFC_PHYS_s13_T2_ctrl,118,200,124.66666666666667,-1.3906832933425903,-0.18198383411654598
UBFC_PHYS_s13_T2_ctrl,118,201,124.7,-1.2204813957214355,0.03252924927108312
UBFC_PHYS_s13_T2_ctrl,118,202,124.73333333333333,-1.0505200624465942,0.2928266314423263
UBFC_PHYS_s13_T2_ctrl,118,203,124.76666666666667,-0.8588501214981079,0.5504498994573588
UBFC_PHYS_s13_T2_ctrl,118,204,124.8,-0.6897784471511841,0.7594335340886122
UBFC_PHYS_s13_T2_ctrl,118,205,124.83333333333333,-0.5752944946289062,0.8876473059238846
UBFC_PHYS_s13_T2_ctrl,118,206,124.86666666666666,-0.49959468841552734,0.9209790508780658
UBFC_PHYS_s13_T2_ctrl,118,207,124.9,-0.41981542110443115,0.8606780752036924
UBFC_PHYS_s13_T2_ctrl,118,208,124.93333333333334,-0.2668933570384979,0.7173742674157507
UBFC_PHYS_s13_T2_ctrl,118,209,124.96666666666667,-0.041833531111478806,0.5058454515475213
UBFC_PHYS_s13_T2_ctrl,118,210,125.0,0.1303817182779312,0.2427739394201411
UBFC_PHYS_s13_T2_ctrl,118,211,125.03333333333333,0.16975565254688263,-0.052628239076880454
UBFC_PHYS_s13_T2_ctrl,118,212,125.06666666666666,0.15177394449710846,-0.3565242868451936
UBFC_PHYS_s13_T2_ctrl,118,213,125.1,0.12590359151363373,-0.6387763429287561
UBFC_PHYS_s13_T2_ctrl,118,214,125.13333333333334,0.08747866004705429,-0.8639172730814698
UBFC_PHYS_s13_T2_ctrl,118,215,125.16666666666667,0.06788890063762665,-0.9965179383311784
UBFC_PHYS_s13_T2_ctrl,118,216,125.2,0.08061812818050385,-1.0107205678667817
UBFC_PHYS_s13_T2_ctrl,118,217,125.23333333333333,0.0873040184378624,-0.9009745234686068
UBFC_PHYS_s13_T2_ctrl,118,218,125.26666666666667,0.0744495764374733,-0.6890523070589561
UBFC_PHYS_s13_T2_ctrl,118,219,125.3,0.05528159812092781,-0.42261096609537535
UBFC_PHYS_s13_T2_ctrl,118,220,125.33333333333333,0.0344100184738636,-0.16343201560715012
UBFC_PHYS_s13_T2_ctrl,118,221,125.36666666666666,0.02667626366019249,0.03175110574116465
UBFC_PHYS_s13_T2_ctrl,118,222,125.4,0.04063129052519798,0.13043492493183043
UBFC_PHYS_s13_T2_ctrl,118,223,125.43333333333334,0.049234967678785324,0.13509010981024175
UBFC_PHYS_s13_T2_ctrl,118,224,125.46666666666667,0.023648004978895187,0.0807781783451267
UBFC_PHYS_s13_T2_ctrl,118,225,125.5,-0.03851200267672539,0.02081909642921802
UBFC_PHYS_s13_T2_ctrl,118,226,125.53333333333333,-0.1158824935555458,0.006124984877694728
UBFC_PHYS_s13_T2_ctrl,118,227,125.56666666666666,-0.16286826133728027,0.06582871397820632
UBFC_PHYS_s13_T2_ctrl,118,228,125.6,-0.13313598930835724,0.1965688905755556
UBFC_PHYS_s13_T2_ctrl,118,229,125.63333333333334,-0.03371424227952957,0.3647817526375911
UBFC_PHYS_s13_T2_ctrl,118,230,125.66666666666667,0.07202433794736862,0.5209434654343277
UBFC_PHYS_s13_T2_ctrl,118,231,125.7,0.11995252221822739,0.6193663815967486
UBFC_PHYS_s13_T2_ctrl,118,232,125.73333333333333,0.08908999711275101,0.6347977179758706
UBFC_PHYS_s13_T2_ctrl,118,233,125.76666666666667,0.008773626759648323,0.5691575893793412
UBFC_PHYS_s13_T2_ctrl,118,234,125.8,-0.0663495659828186,0.44722748871170326
UBFC_PHYS_s13_T2_ctrl,118,235,125.83333333333333,-0.09354127198457718,0.3051624370741019
UBFC_PHYS_s13_T2_ctrl,118,236,125.86666666666666,-0.06001954898238182,0.17728093277787035
UBFC_PHYS_s13_T2_ctrl,118,237,125.9,0.014573118649423122,0.08546342824228569
UBFC_PHYS_s13_T2_ctrl,118,238,125.93333333333334,0.09446770697832108,0.03380610851927965
UBFC_PHYS_s13_T2_ctrl,118,239,125.96666666666667,0.14726614952087402,0.009543116714211378
UBFC_PHYS_s13_T2_ctrl,119,0,119.0,0.3173659145832062,0.04913773258081588
UBFC_PHYS_s13_T2_ctrl,119,1,119.03333333333333,0.30724644660949707,-0.03591983284110098
UBFC_PHYS_s13_T2_ctrl,119,2,119.06666666666666,-0.007076120935380459,-0.13190478916536844
UBFC_PHYS_s13_T2_ctrl,119,3,119.1,-0.3032357394695282,-0.2430174969050681
UBFC_PHYS_s13_T2_ctrl,119,4,119.13333333333334,-0.3488638997077942,-0.36845220212420415
UBFC_PHYS_s13_T2_ctrl,119,5,119.16666666666667,-0.14977328479290009,-0.5034354831780945
UBFC_PHYS_s13_T2_ctrl,119,6,119.2,0.13284321129322052,-0.6420389435845453
UBFC_PHYS_s13_T2_ctrl,119,7,119.23333333333333,0.29348912835121155,-0.779821979865361
UBFC_PHYS_s13_T2_ctrl,119,8,119.26666666666667,0.26245856285095215,-0.9144050354444189
UBFC_PHYS_s13_T2_ctrl,119,9,119.3,0.17950275540351868,-1.0432989542120135
UBFC_PHYS_s13_T2_ctrl,119,10,119.33333333333333,0.14463330805301666,-1.160131922043295
UBFC_PHYS_s13_T2_ctrl,119,11,119.36666666666666,0.09380538016557693,-1.2517111384698896
UBFC_PHYS_s13_T2_ctrl,119,12,119.4,-0.029387688264250755,-1.2982760548122592
UBFC_PHYS_s13_T2_ctrl,119,13,119.43333333333334,-0.15119020640850067,-1.2779427630313045
UBFC_PHYS_s13_T2_ctrl,119,14,119.46666666666667,-0.18318626284599304,-1.174355164812501
UBFC_PHYS_s13_T2_ctrl,119,15,119.5,-0.13875095546245575,-0.9845954866125275
UBFC_PHYS_s13_T2_ctrl,119,16,119.53333333333333,-0.07258731126785278,-0.7233524920121923
UBFC_PHYS_s13_T2_ctrl,119,17,119.56666666666666,-0.007059644907712936,-0.4204367308614707
UBFC_PHYS_s13_T2_ctrl,119,18,119.6,0.08176484704017639,-0.11207690164970625
UBFC_PHYS_s13_T2_ctrl,119,19,119.63333333333334,0.24826298654079437,0.1701074821774242
UBFC_PHYS_s13_T2_ctrl,119,20,119.66666666666667,0.5345997214317322,0.407386656182682
UBFC_PHYS_s13_T2_ctrl,119,21,119.7,0.9038922190666199,0.5960495017568794
UBFC_PHYS_s13_T2_ctrl,119,22,119.73333333333333,1.3173366785049438,0.7433522331097145
UBFC_PHYS_s13_T2_ctrl,119,23,119.76666666666667,1.7319839000701904,0.8602688472379061
UBFC_PHYS_s13_T2_ctrl,119,24,119.8,2.0365922451019287,0.954979560737755
UBFC_PHYS_s13_T2_ctrl,119,25,119.83333333333333,1.9841761589050293,1.029792142422014
UBFC_PHYS_s13_T2_ctrl,119,26,119.86666666666666,1.1891909837722778,1.0818314480690057
UBFC_PHYS_s13_T2_ctrl,119,27,119.9,-0.13457927107810974,1.1059134539522932
UBFC_PHYS_s13_T2_ctrl,119,28,119.93333333333334,-1.3074803352355957,1.0975745485414692
UBFC_PHYS_s13_T2_ctrl,119,29,119.96666666666667,-2.062699317932129,1.054989699966249
UBFC_PHYS_s13_T2_ctrl,119,30,120.0,-2.447756052017212,0.9795729235676672
UBFC_PHYS_s13_T2_ctrl,119,31,120.03333333333333,-2.4785659313201904,0.8757130888663877
UBFC_PHYS_s13_T2_ctrl,119,32,120.06666666666666,-2.2853240966796875,0.7501328074130534
UBFC_PHYS_s13_T2_ctrl,119,33,120.1,-2.04402232170105,0.6110633223320648
UBFC_PHYS_s13_T2_ctrl,119,34,120.13333333333334,-1.7990696430206299,0.4672282656416085
UBFC_PHYS_s13_T2_ctrl,119,35,120.16666666666667,-1.4955849647521973,0.32665349386293735
UBFC_PHYS_s13_T2_ctrl,119,36,120.2,-1.1432361602783203,0.1954796127075622
UBFC_PHYS_s13_T2_ctrl,119,37,120.23333333333333,-0.830165684223175,0.07710866645484926
UBFC_PHYS_s13_T2_ctrl,119,38,120.26666666666667,-0.593546450138092,-0.02796347722145759
UBFC_PHYS_s13_T2_ctrl,119,39,120.3,-0.3889232277870178,-0.12145705396601934
UBFC_PHYS_s13_T2_ctrl,119,40,120.33333333333333,-0.1940603107213974,-0.20592017257797057
UBFC_PHYS_s13_T2_ctrl,119,41,120.36666666666666,-0.03021477535367012,-0.28311586343012163
UBFC_PHYS_s13_T2_ctrl,119,42,120.4,0.08378148823976517,-0.35279232958552464
UBFC_PHYS_s13_T2_ctrl,119,43,120.43333333333334,0.15917158126831055,-0.41237374739825017
UBFC_PHYS_s13_T2_ctrl,119,44,120.46666666666667,0.21459627151489258,-0.45786245642310847
UBFC_PHYS_s13_T2_ctrl,119,45,120.5,0.2755996882915497,-0.48581850453328035
UBFC_PHYS_s13_T2_ctrl,119,46,120.53333333333333,0.3572341203689575,-0.49576974201611657
UBFC_PHYS_s13_T2_ctrl,119,47,120.56666666666666,0.45159777998924255,-0.49208317341206953
UBFC_PHYS_s13_T2_ctrl,119,48,120.6,0.54835045337677,-0.4844171960072121
UBFC_PHYS_s13_T2_ctrl,119,49,120.63333333333334,0.6652135252952576,-0.48630134820938
UBFC_PHYS_s13_T2_ctrl,119,50,120.66666666666667,0.8348387479782104,-0.511948611367124
UBFC_PHYS_s13_T2_ctrl,119,51,120.7,1.0690195560455322,-0.5719481437366178
UBFC_PHYS_s13_T2_ctrl,119,52,120.73333333333333,1.2828989028930664,-0.6689090344776935
UBFC_PHYS_s13_T2_ctrl,119,53,120.76666666666667,1.3033355474472046,-0.7943291912436558
UBFC_PHYS_s13_T2_ctrl,119,54,120.8,1.0861314535140991,-0.927876376174742
UBFC_PHYS_s13_T2_ctrl,119,55,120.83333333333333,0.8122339248657227,-1.0398826784911854
UBFC_PHYS_s13_T2_ctrl,119,56,120.86666666666666,0.640404224395752,-1.0971759748093401
UBFC_PHYS_s13_T2_ctrl,119,57,120.9,0.5622988939285278,-1.0714031741942462
UBFC_PHYS_s13_T2_ctrl,119,58,120.93333333333334,0.5224372744560242,-0.9478547359709766
UBFC_PHYS_s13_T2_ctrl,119,59,120.96666666666667,0.49171313643455505,-0.7317944859613378
UBFC_PHYS_s13_T2_ctrl,119,60,121.0,0.42551323771476746,-0.4491215589172033
UBFC_PHYS_s13_T2_ctrl,119,61,121.03333333333333,0.30253106355667114,-0.13985058023827102
UBFC_PHYS_s13_T2_ctrl,119,62,121.06666666666666,0.17996078729629517,0.1537146700187098
UBFC_PHYS_s13_T2_ctrl,119,63,121.1,0.10537141561508179,0.399389172460424
UBFC_PHYS_s13_T2_ctrl,119,64,121.13333333333334,0.05375264212489128,0.5831877578535032
UBFC_PHYS_s13_T2_ctrl,119,65,121.16666666666667,-0.015495269559323788,0.7103431755272659
UBFC_PHYS_s13_T2_ctrl,119,66,121.2,-0.09225945174694061,0.7994901183616547
UBFC_PHYS_s13_T2_ctrl,119,67,121.23333333333333,-0.14613212645053864,0.8727697539633744
UBFC_PHYS_s13_T2_ctrl,119,68,121.26666666666667,-0.18850795924663544,0.9459140734113114
UBFC_PHYS_s13_T2_ctrl,119,69,121.3,-0.2538280189037323,1.022051249476865
UBFC_PHYS_s13_T2_ctrl,119,70,121.33333333333333,-0.32762986421585083,1.0911997480603906
UBFC_PHYS_s13_T2_ctrl,119,71,121.36666666666666,-0.3554542362689972,1.1350025766028675
UBFC_PHYS_s13_T2_ctrl,119,72,121.4,-0.3095822334289551,1.1342593570985275
UBFC_PHYS_s13_T2_ctrl,119,73,121.43333333333334,-0.21092826128005981,1.0761118261464078
UBFC_PHYS_s13_T2_ctrl,119,74,121.46666666666667,-0.09828301519155502,0.9584990425646429
UBFC_PHYS_s13_T2_ctrl,119,75,121.5,-0.003912761807441711,0.7909197690020547
UBFC_PHYS_s13_T2_ctrl,119,76,121.53333333333333,0.04973912984132767,0.591735961816168
UBFC_PHYS_s13_T2_ctrl,119,77,121.56666666666666,0.06013867259025574,0.38310944958286064
UBFC_PHYS_s13_T2_ctrl,119,78,121.6,0.04857923090457916,0.18531535336199056
UBFC_PHYS_s13_T2_ctrl,119,79,121.63333333333334,0.04540269076824188,0.012376612303067955
UBFC_PHYS_s13_T2_ctrl,119,80,121.66666666666667,0.05375264212489128,-0.129560310372699
UBFC_PHYS_s13_T2_ctrl,119,81,121.7,0.0537790022790432,-0.2408265234826336
UBFC_PHYS_s13_T2_ctrl,119,82,121.73333333333333,0.0471557192504406,-0.32483031655857175
UBFC_PHYS_s13_T2_ctrl,119,83,121.76666666666667,0.05428316071629524,-0.38451862898652056
UBFC_PHYS_s13_T2_ctrl,119,84,121.8,0.069002665579319,-0.4204865910738996
UBFC_PHYS_s13_T2_ctrl,119,85,121.83333333333333,0.06215531378984451,-0.43155185579192523
UBFC_PHYS_s13_T2_ctrl,119,86,121.86666666666666,0.015835167840123177,-0.41722199160163487
UBFC_PHYS_s13_T2_ctrl,119,87,121.9,-0.053162310272455215,-0.3804233447197743
UBFC_PHYS_s13_T2_ctrl,119,88,121.93333333333334,-0.09915623813867569,-0.3287261020446762
UBFC_PHYS_s13_T2_ctrl,119,89,121.96666666666667,-0.09703744202852249,-0.2731595688661424
UBFC_PHYS_s13_T2_ctrl,119,90,122.0,-0.0689099058508873,-0.22509154596920627
UBFC_PHYS_s13_T2_ctrl,119,91,122.03333333333333,-0.042041126638650894,-0.19270190377456223
UBFC_PHYS_s13_T2_ctrl,119,92,122.06666666666666,-0.020266668871045113,-0.17870559606394995
UBFC_PHYS_s13_T2_ctrl,119,93,122.1,-0.005761349573731422,-0.1803227019954766
UBFC_PHYS_s13_T2_ctrl,119,94,122.13333333333334,0.002967544598504901,-0.1915433107921102
UBFC_PHYS_s13_T2_ctrl,119,95,122.16666666666667,0.021871911361813545,-0.20681982131300025
UBFC_PHYS_s13_T2_ctrl,119,96,122.2,0.06039239838719368,-0.22467206070966755
UBFC_PHYS_s13_T2_ctrl,119,97,122.23333333333333,0.10869623720645905,-0.24956877628327076
UBFC_PHYS_s13_T2_ctrl,119,98,122.26666666666667,0.1497507095336914,-0.29099202945109026
UBFC_PHYS_s13_T2_ctrl,119,99,122.3,0.16586077213287354,-0.3596802398329679
UBFC_PHYS_s13_T2_ctrl,119,100,122.33333333333333,0.1423102170228958,-0.462263391931631
UBFC_PHYS_s13_T2_ctrl,119,101,122.36666666666666,0.08865503966808319,-0.5961898758775858
UBFC_PHYS_s13_T2_ctrl,119,102,122.4,0.042015258222818375,-0.7466555530325218
UBFC_PHYS_s13_T2_ctrl,119,103,122.43333333333334,0.03362906351685524,-0.8866090229886725
UBFC_PHYS_s13_T2_ctrl,119,104,122.46666666666667,0.060286954045295715,-0.9803644937902704
UBFC_PHYS_s13_T2_ctrl,119,105,122.5,0.08293133229017258,-0.9908996978186705
UBFC_PHYS_s13_T2_ctrl,119,106,122.53333333333333,0.054981738328933716,-0.8901284237286342
UBFC_PHYS_s13_T2_ctrl,119,107,122.56666666666666,-0.023179596289992332,-0.6698196269576522
UBFC_PHYS_s13_T2_ctrl,119,108,122.6,-0.11681503057479858,-0.34883713077913675
UBFC_PHYS_s13_T2_ctrl,119,109,122.63333333333334,-0.1994577944278717,0.02801184184383933
UBFC_PHYS_s13_T2_ctrl,119,110,122.66666666666667,-0.25058886408805847,0.40141227142524105
UBFC_PHYS_s13_T2_ctrl,119,111,122.7,-0.249616801738739,0.7158566329415996
UBFC_PHYS_s13_T2_ctrl,119,112,122.73333333333333,-0.20703007280826569,0.936641549138523
UBFC_PHYS_s13_T2_ctrl,119,113,122.76666666666667,-0.16070663928985596,1.057300202909995
UBFC_PHYS_s13_T2_ctrl,119,114,122.8,-0.13218697905540466,1.0951212474553378
UBFC_PHYS_s13_T2_ctrl,119,115,122.83333333333333,-0.12016621232032776,1.0791752166277153
UBFC_PHYS_s13_T2_ctrl,119,116,122.86666666666666,-0.12030790746212006,1.0375444509617484
UBFC_PHYS_s13_T2_ctrl,119,117,122.9,-0.12797576189041138,0.9885875749587959
UBFC_PHYS_s13_T2_ctrl,119,118,122.93333333333334,-0.13196949660778046,0.9380781743847201
UBFC_PHYS_s13_T2_ctrl,119,119,122.96666666666667,-0.10778298228979111,0.8815937225405958
UBFC_PHYS_s13_T2_ctrl,119,120,123.0,-0.03169101104140282,0.8100503311854813
UBFC_PHYS_s13_T2_ctrl,119,121,123.03333333333333,0.08491172641515732,0.7157897499866298
UBFC_PHYS_s13_T2_ctrl,119,122,123.06666666666666,0.19592256844043732,0.5969241108938755
UBFC_PHYS_s13_T2_ctrl,119,123,123.1,0.27829840779304504,0.4585534853165208
UBFC_PHYS_s13_T2_ctrl,119,124,123.13333333333334,0.34436649084091187,0.31075321347433355
UBFC_PHYS_s13_T2_ctrl,119,125,123.16666666666667,0.39852583408355713,0.16445612592793157
UBFC_PHYS_s13_T2_ctrl,119,126,123.2,0.4197104573249817,0.02710079878359284
UBFC_PHYS_s13_T2_ctrl,119,127,123.23333333333333,0.4006578028202057,-0.10005846592395361
UBFC_PHYS_s13_T2_ctrl,119,128,123.26666666666667,0.3635872006416321,-0.22176519397084837
UBFC_PHYS_s13_T2_ctrl,119,129,123.3,0.3216463327407837,-0.3455845383156022
UBFC_PHYS_s13_T2_ctrl,119,130,123.33333333333333,0.26246845722198486,-0.4767708326064444
UBFC_PHYS_s13_T2_ctrl,119,131,123.36666666666666,0.18099546432495117,-0.613117065621354
UBFC_PHYS_s13_T2_ctrl,119,132,123.4,0.09243129938840866,-0.7420937391935529
UBFC_PHYS_s13_T2_ctrl,119,133,123.43333333333334,0.008819758892059326,-0.8420592239025021
UBFC_PHYS_s13_T2_ctrl,119,134,123.46666666666667,-0.06978312879800797,-0.8878813245707585
UBFC_PHYS_s13_T2_ctrl,119,135,123.5,-0.1377129703760147,-0.8595919102884972
UBFC_PHYS_s13_T2_ctrl,119,136,123.53333333333333,-0.17562055587768555,-0.7514066432544352
UBFC_PHYS_s13_T2_ctrl,119,137,123.56666666666666,-0.16895443201065063,-0.5777396825897475
UBFC_PHYS_s13_T2_ctrl,119,138,123.6,-0.11170423030853271,-0.372958959864112
UBFC_PHYS_s13_T2_ctrl,119,139,123.63333333333334,-0.01537993922829628,-0.18336515609243656
UBFC_PHYS_s13_T2_ctrl,119,140,123.66666666666667,0.0920589417219162,-0.05327931090514211
UBFC_PHYS_s13_T2_ctrl,119,141,123.7,0.18842937052249908,-0.010357493139079898
UBFC_PHYS_s13_T2_ctrl,119,142,123.73333333333333,0.2812805473804474,-0.056149158102313856
UBFC_PHYS_s13_T2_ctrl,119,143,123.76666666666667,0.3693965673446655,-0.1657228088367052
UBFC_PHYS_s13_T2_ctrl,119,144,123.8,0.43214643001556396,-0.29599000282519733
UBFC_PHYS_s13_T2_ctrl,119,145,123.83333333333333,0.4763082265853882,-0.3989104536396559
UBFC_PHYS_s13_T2_ctrl,119,146,123.86666666666666,0.5559128522872925,-0.43500607125206825
UBFC_PHYS_s13_T2_ctrl,119,147,123.9,0.6921745538711548,-0.3836007231903847
UBFC_PHYS_s13_T2_ctrl,119,148,123.93333333333334,0.83800208568573,-0.247334665320114
UBFC_PHYS_s13_T2_ctrl,119,149,123.96666666666667,0.9558438062667847,-0.049916484050592035
UBFC_PHYS_s13_T2_ctrl,119,150,124.0,1.0919440984725952,0.17180944617549926
UBFC_PHYS_s13_T2_ctrl,119,151,124.03333333333333,1.3316442966461182,0.3785342575171853
UBFC_PHYS_s13_T2_ctrl,119,152,124.06666666666666,1.6502374410629272,0.5384464536822766
UBFC_PHYS_s13_T2_ctrl,119,153,124.1,1.9342774152755737,0.6338667876588321
UBFC_PHYS_s13_T2_ctrl,119,154,124.13333333333334,2.135605573654175,0.6633857103970692
UBFC_PHYS_s13_T2_ctrl,119,155,124.16666666666667,2.373533010482788,0.639669374506093
UBFC_PHYS_s13_T2_ctrl,119,156,124.2,2.6856048107147217,0.5839625381773016
UBFC_PHYS_s13_T2_ctrl,119,157,124.23333333333333,2.9026541709899902,0.5188913763019177
UBFC_PHYS_s13_T2_ctrl,119,158,124.26666666666667,2.593873977661133,0.461628688082138
UBFC_PHYS_s13_T2_ctrl,119,159,124.3,1.478121042251587,0.4194650126964709
UBFC_PHYS_s13_T2_ctrl,119,160,124.33333333333333,-0.06657034158706665,0.3890037996941378
UBFC_PHYS_s13_T2_ctrl,119,161,124.36666666666666,-1.4586691856384277,0.3588867484164219
UBFC_PHYS_s13_T2_ctrl,119,162,124.4,-2.3819780349731445,0.31477358572311936
UBFC_PHYS_s13_T2_ctrl,119,163,124.43333333333334,-2.778369903564453,0.2447115300751655
UBFC_PHYS_s13_T2_ctrl,119,164,124.46666666666667,-2.7742509841918945,0.1432068807566999
UBFC_PHYS_s13_T2_ctrl,119,165,124.5,-2.5857081413269043,0.013089987004588046
UBFC_PHYS_s13_T2_ctrl,119,166,124.53333333333333,-2.377216339111328,-0.13478185616288105
UBFC_PHYS_s13_T2_ctrl,119,167,124.56666666666666,-2.165001153945923,-0.28335701047061107
UBFC_PHYS_s13_T2_ctrl,119,168,124.6,-1.904221773147583,-0.4121707105409862
UBFC_PHYS_s13_T2_ctrl,119,169,124.63333333333334,-1.6223862171173096,-0.5008094537031791
UBFC_PHYS_s13_T2_ctrl,119,170,124.66666666666667,-1.3906832933425903,-0.5328785298680271
UBFC_PHYS_s13_T2_ctrl,119,171,124.7,-1.2204813957214355,-0.49992126929027786
UBFC_PHYS_s13_T2_ctrl,119,172,124.73333333333333,-1.0505200624465942,-0.404174055550563
UBFC_PHYS_s13_T2_ctrl,119,173,124.76666666666667,-0.8588501214981079,-0.25900726135220453
UBFC_PHYS_s13_T2_ctrl,119,174,124.8,-0.6897784471511841,-0.08676590830647973
UBFC_PHYS_s13_T2_ctrl,119,175,124.83333333333333,-0.5752944946289062,0.085193501995603
UBFC_PHYS_s13_T2_ctrl,119,176,124.86666666666666,-0.49959468841552734,0.2290488408668094
UBFC_PHYS_s13_T2_ctrl,119,177,124.9,-0.41981542110443115,0.32080005768744924
UBFC_PHYS_s13_T2_ctrl,119,178,124.93333333333334,-0.2668933570384979,0.34410385551044115
UBFC_PHYS_s13_T2_ctrl,119,179,124.96666666666667,-0.041833531111478806,0.2934641788662816
UBFC_PHYS_s13_T2_ctrl,119,180,125.0,0.1303817182779312,0.1758079613520765
UBFC_PHYS_s13_T2_ctrl,119,181,125.03333333333333,0.16975565254688263,0.009331836486395122
UBFC_PHYS_s13_T2_ctrl,119,182,125.06666666666666,0.15177394449710846,-0.18013108012699564
UBFC_PHYS_s13_T2_ctrl,119,183,125.1,0.12590359151363373,-0.36366793096931216
UBFC_PHYS_s13_T2_ctrl,119,184,125.13333333333334,0.08747866004705429,-0.5135217503271388
UBFC_PHYS_s13_T2_ctrl,119,185,125.16666666666667,0.06788890063762665,-0.6068128043980121
UBFC_PHYS_s13_T2_ctrl,119,186,125.2,0.08061812818050385,-0.628865191087847
UBFC_PHYS_s13_T2_ctrl,119,187,125.23333333333333,0.0873040184378624,-0.5758328504309377
UBFC_PHYS_s13_T2_ctrl,119,188,125.26666666666667,0.0744495764374733,-0.45587843299963227
UBFC_PHYS_s13_T2_ctrl,119,189,125.3,0.05528159812092781,-0.28808322760468424
UBFC_PHYS_s13_T2_ctrl,119,190,125.33333333333333,0.0344100184738636,-0.09867867012144704
UBFC_PHYS_s13_T2_ctrl,119,191,125.36666666666666,0.02667626366019249,0.08486773102126306
UBFC_PHYS_s13_T2_ctrl,119,192,125.4,0.04063129052519798,0.2402295795956812
UBFC_PHYS_s13_T2_ctrl,119,193,125.43333333333334,0.049234967678785324,0.35485798183135153
UBFC_PHYS_s13_T2_ctrl,119,194,125.46666666666667,0.023648004978895187,0.42731299825443775
UBFC_PHYS_s13_T2_ctrl,119,195,125.5,-0.03851200267672539,0.46502879191053037
UBFC_PHYS_s13_T2_ctrl,119,196,125.53333333333333,-0.1158824935555458,0.47944921946014213
UBFC_PHYS_s13_T2_ctrl,119,197,125.56666666666666,-0.16286826133728027,0.48035511760415533
UBFC_PHYS_s13_T2_ctrl,119,198,125.6,-0.13313598930835724,0.4716490065696131
UBFC_PHYS_s13_T2_ctrl,119,199,125.63333333333334,-0.03371424227952957,0.4503402136116393
UBFC_PHYS_s13_T2_ctrl,119,200,125.66666666666667,0.07202433794736862,0.4088751993490341
UBFC_PHYS_s13_T2_ctrl,119,201,125.7,0.11995252221822739,0.3393028855211826
UBFC_PHYS_s13_T2_ctrl,119,202,125.73333333333333,0.08908999711275101,0.2371803011923079
UBFC_PHYS_s13_T2_ctrl,119,203,125.76666666666667,0.008773626759648323,0.10377642905426766
UBFC_PHYS_s13_T2_ctrl,119,204,125.8,-0.0663495659828186,-0.053607755759117776
UBFC_PHYS_s13_T2_ctrl,119,205,125.83333333333333,-0.09354127198457718,-0.22249358242537987
UBFC_PHYS_s13_T2_ctrl,119,206,125.86666666666666,-0.06001954898238182,-0.386570159368314
UBFC_PHYS_s13_T2_ctrl,119,207,125.9,0.014573118649423122,-0.5273302680976766
UBFC_PHYS_s13_T2_ctrl,119,208,125.93333333333334,0.09446770697832108,-0.6260614935720907
UBFC_PHYS_s13_T2_ctrl,119,209,125.96666666666667,0.14726614952087402,-0.666283656098362
UBFC_PHYS_s13_T2_ctrl,119,210,126.0,0.15722085535526276,-0.6366684395459312
UBFC_PHYS_s13_T2_ctrl,119,211,126.03333333333333,0.11975481361150742,-0.5341375752473115
UBFC_PHYS_s13_T2_ctrl,119,212,126.06666666666666,0.036845143884420395,-0.3661845317055542
UBFC_PHYS_s13_T2_ctrl,119,213,126.1,-0.08860182017087936,-0.15112113373660432
UBFC_PHYS_s13_T2_ctrl,119,214,126.13333333333334,-0.22526223957538605,0.08452766657594085
UBFC_PHYS_s13_T2_ctrl,119,215,126.16666666666667,-0.3244335353374481,0.3110886127099441
UBFC_PHYS_s13_T2_ctrl,119,216,126.2,-0.350448876619339,0.5017460043544585
UBFC_PHYS_s13_T2_ctrl,119,217,126.23333333333333,-0.31119686365127563,0.6375643545580125
UBFC_PHYS_s13_T2_ctrl,119,218,126.26666666666667,-0.2181347906589508,0.7101360850157035
UBFC_PHYS_s13_T2_ctrl,119,219,126.3,-0.08047594130039215,0.7214039732157862
UBFC_PHYS_s13_T2_ctrl,119,220,126.33333333333333,0.07602795958518982,0.6809845956227089
UBFC_PHYS_s13_T2_ctrl,119,221,126.36666666666666,0.1884458363056183,0.6019881156226846
UBFC_PHYS_s13_T2_ctrl,119,222,126.4,0.21774974465370178,0.496940259565061
UBFC_PHYS_s13_T2_ctrl,119,223,126.43333333333334,0.1764778047800064,0.3753811532961808
UBFC_PHYS_s13_T2_ctrl,119,224,126.46666666666667,0.08798611909151077,0.2437014892149686
UBFC_PHYS_s13_T2_ctrl,119,225,126.5,-0.05507021024823189,0.10649899964402372
UBFC_PHYS_s13_T2_ctrl,119,226,126.53333333333333,-0.2632785737514496,-0.03186099774421161
UBFC_PHYS_s13_T2_ctrl,119,227,126.56666666666666,-0.48311224579811096,-0.16648129835674944
UBFC_PHYS_s13_T2_ctrl,119,228,126.6,-0.6632457971572876,-0.2921210420457164
UBFC_PHYS_s13_T2_ctrl,119,229,126.63333333333334,-0.5640415549278259,-0.4038198773147256
UBFC_PHYS_s13_T2_ctrl,119,230,126.66666666666667,-0.16346469521522522,-0.49738525161305797
UBFC_PHYS_s13_T2_ctrl,119,231,126.7,0.27397847175598145,-0.5694740970564867
UBFC_PHYS_s13_T2_ctrl,119,232,126.73333333333333,0.5981338024139404,-0.6172500151889032
UBFC_PHYS_s13_T2_ctrl,119,233,126.76666666666667,0.8004701733589172,-0.6378080752347622
UBFC_PHYS_s13_T2_ctrl,119,234,126.8,0.8847044706344604,-0.6278284341041424
UBFC_PHYS_s13_T2_ctrl,119,235,126.83333333333333,0.8583662509918213,-0.584037854978898
UBFC_PHYS_s13_T2_ctrl,119,236,126.86666666666666,0.7213005423545837,-0.504754441431454
UBFC_PHYS_s13_T2_ctrl,119,237,126.9,0.45970720052719116,-0.3920291375792504
UBFC_PHYS_s13_T2_ctrl,119,238,126.93333333333334,0.06635665148496628,-0.2531137350122899
UBFC_PHYS_s13_T2_ctrl,119,239,126.96666666666667,-0.3198334872722626,-0.10012360513697688
UBFC_PHYS_s13_T2_ctrl,120,0,120.0,-2.447756052017212,0.06162764914445934
UBFC_PHYS_s13_T2_ctrl,120,1,120.03333333333333,-2.4785659313201904,0.262491580601461
UBFC_PHYS_s13_T2_ctrl,120,2,120.06666666666666,-2.2853240966796875,0.4765634281398862
UBFC_PHYS_s13_T2_ctrl,120,3,120.1,-2.04402232170105,0.7069337319786415
UBFC_PHYS_s13_T2_ctrl,120,4,120.13333333333334,-1.7990696430206299,0.9389501452620392
UBFC_PHYS_s13_T2_ctrl,120,5,120.16666666666667,-1.4955849647521973,1.1416448989947332
UBFC_PHYS_s13_T2_ctrl,120,6,120.2,-1.1432361602783203,1.2764350199204282
UBFC_PHYS_s13_T2_ctrl,120,7,120.23333333333333,-0.830165684223175,1.3092626070982394
UBFC_PHYS_s13_T2_ctrl,120,8,120.26666666666667,-0.593546450138092,1.2212004311783808
UBFC_PHYS_s13_T2_ctrl,120,9,120.3,-0.3889232277870178,1.013851954382458
UBFC_PHYS_s13_T2_ctrl,120,10,120.33333333333333,-0.1940603107213974,0.7087395251682269
UBFC_PHYS_s13_T2_ctrl,120,11,120.36666666666666,-0.03021477535367012,0.34239970146072113
UBFC_PHYS_s13_T2_ctrl,120,12,120.4,0.08378148823976517,-0.04035057790030199
UBFC_PHYS_s13_T2_ctrl,120,13,120.43333333333334,0.15917158126831055,-0.39326950626394275
UBFC_PHYS_s13_T2_ctrl,120,14,120.46666666666667,0.21459627151489258,-0.6750851329487937
UBFC_PHYS_s13_T2_ctrl,120,15,120.5,0.2755996882915497,-0.8555086483791934
UBFC_PHYS_s13_T2_ctrl,120,16,120.53333333333333,0.3572341203689575,-0.9207927023509569
UBFC_PHYS_s13_T2_ctrl,120,17,120.56666666666666,0.45159777998924255,-0.8778907629349498
UBFC_PHYS_s13_T2_ctrl,120,18,120.6,0.54835045337677,-0.755303522558972
UBFC_PHYS_s13_T2_ctrl,120,19,120.63333333333334,0.6652135252952576,-0.5986354561275733
UBFC_PHYS_s13_T2_ctrl,120,20,120.66666666666667,0.8348387479782104,-0.46032002791386095
UBFC_PHYS_s13_T2_ctrl,120,21,120.7,1.0690195560455322,-0.3853952527576479
UBFC_PHYS_s13_T2_ctrl,120,22,120.73333333333333,1.2828989028930664,-0.3973944282001936
UBFC_PHYS_s13_T2_ctrl,120,23,120.76666666666667,1.3033355474472046,-0.48907704523158546
UBFC_PHYS_s13_T2_ctrl,120,24,120.8,1.0861314535140991,-0.6214033780934963
UBFC_PHYS_s13_T2_ctrl,120,25,120.83333333333333,0.8122339248657227,-0.7318387088902999
UBFC_PHYS_s13_T2_ctrl,120,26,120.86666666666666,0.640404224395752,-0.7508465769131822
UBFC_PHYS_s13_T2_ctrl,120,27,120.9,0.5622988939285278,-0.623205368422519
UBFC_PHYS_s13_T2_ctrl,120,28,120.93333333333334,0.5224372744560242,-0.32845314210319726
UBFC_PHYS_s13_T2_ctrl,120,29,120.96666666666667,0.49171313643455505,0.10662943848361417
UBFC_PHYS_s13_T2_ctrl,120,30,121.0,0.42551323771476746,0.6095600509692323
UBFC_PHYS_s13_T2_ctrl,120,31,121.03333333333333,0.30253106355667114,1.07945067461158
UBFC_PHYS_s13_T2_ctrl,120,32,121.06666666666666,0.17996078729629517,1.4152435915539299
UBFC_PHYS_s13_T2_ctrl,120,33,121.1,0.10537141561508179,1.545049323822667
UBFC_PHYS_s13_T2_ctrl,120,34,121.13333333333334,0.05375264212489128,1.4464183835368456
UBFC_PHYS_s13_T2_ctrl,120,35,121.16666666666667,-0.015495269559323788,1.1512439341340117
UBFC_PHYS_s13_T2_ctrl,120,36,121.2,-0.09225945174694061,0.7345751055241434
UBFC_PHYS_s13_T2_ctrl,120,37,121.23333333333333,-0.14613212645053864,0.2917176454452338
UBFC_PHYS_s13_T2_ctrl,120,38,121.26666666666667,-0.18850795924663544,-0.0888323965144286
UBFC_PHYS_s13_T2_ctrl,120,39,121.3,-0.2538280189037323,-0.3483879979021928
UBFC_PHYS_s13_T2_ctrl,120,40,121.33333333333333,-0.32762986421585083,-0.4704425104043043
UBFC_PHYS_s13_T2_ctrl,120,41,121.36666666666666,-0.3554542362689972,-0.47937432626734006
UBFC_PHYS_s13_T2_ctrl,120,42,121.4,-0.3095822334289551,-0.42687749654440593
UBFC_PHYS_s13_T2_ctrl,120,43,121.43333333333334,-0.21092826128005981,-0.3714490607031678
UBFC_PHYS_s13_T2_ctrl,120,44,121.46666666666667,-0.09828301519155502,-0.35830912048688573
UBFC_PHYS_s13_T2_ctrl,120,45,121.5,-0.003912761807441711,-0.40640461881967965
UBFC_PHYS_s13_T2_ctrl,120,46,121.53333333333333,0.04973912984132767,-0.5058679418702617
UBFC_PHYS_s13_T2_ctrl,120,47,121.56666666666666,0.06013867259025574,-0.6250886618644291
UBFC_PHYS_s13_T2_ctrl,120,48,121.6,0.04857923090457916,-0.723339883515179
UBFC_PHYS_s13_T2_ctrl,120,49,121.63333333333334,0.04540269076824188,-0.7637680987209686
UBFC_PHYS_s13_T2_ctrl,120,50,121.66666666666667,0.05375264212489128,-0.722571355942545
UBFC_PHYS_s13_T2_ctrl,120,51,121.7,0.0537790022790432,-0.5925211875928781
UBFC_PHYS_s13_T2_ctrl,120,52,121.73333333333333,0.0471557192504406,-0.38144806968568645
UBFC_PHYS_s13_T2_ctrl,120,53,121.76666666666667,0.05428316071629524,-0.1079580734904264
UBFC_PHYS_s13_T2_ctrl,120,54,121.8,0.069002665579319,0.20301972930612738
UBFC_PHYS_s13_T2_ctrl,120,55,121.83333333333333,0.06215531378984451,0.5232226686471563
UBFC_PHYS_s13_T2_ctrl,120,56,121.86666666666666,0.015835167840123177,0.8226142828182592
UBFC_PHYS_s13_T2_ctrl,120,57,121.9,-0.053162310272455215,1.0708269785219782
UBFC_PHYS_s13_T2_ctrl,120,58,121.93333333333334,-0.09915623813867569,1.2398613941753591
UBFC_PHYS_s13_T2_ctrl,120,59,121.96666666666667,-0.09703744202852249,1.3083310778546526
UBFC_PHYS_s13_T2_ctrl,120,60,122.0,-0.0689099058508873,1.2661106443748757
UBFC_PHYS_s13_T2_ctrl,120,61,122.03333333333333,-0.042041126638650894,1.1175669837315063
UBFC_PHYS_s13_T2_ctrl,120,62,122.06666666666666,-0.020266668871045113,0.8820896016943662
UBFC_PHYS_s13_T2_ctrl,120,63,122.1,-0.005761349573731422,0.591539909384906
UBFC_PHYS_s13_T2_ctrl,120,64,122.13333333333334,0.002967544598504901,0.28468130669372266
UBFC_PHYS_s13_T2_ctrl,120,65,122.16666666666667,0.021871911361813545,-0.0009016011261807474
UBFC_PHYS_s13_T2_ctrl,120,66,122.2,0.06039239838719368,-0.23785491153527008
UBFC_PHYS_s13_T2_ctrl,120,67,122.23333333333333,0.10869623720645905,-0.4164680228987966
UBFC_PHYS_s13_T2_ctrl,120,68,122.26666666666667,0.1497507095336914,-0.547624338488569
UBFC_PHYS_s13_T2_ctrl,120,69,122.3,0.16586077213287354,-0.659398512403996
UBFC_PHYS_s13_T2_ctrl,120,70,122.33333333333333,0.1423102170228958,-0.7872470078763639
UBFC_PHYS_s13_T2_ctrl,120,71,122.36666666666666,0.08865503966808319,-0.9599654173713056
UBFC_PHYS_s13_T2_ctrl,120,72,122.4,0.042015258222818375,-1.1854624372907665
UBFC_PHYS_s13_T2_ctrl,120,73,122.43333333333334,0.03362906351685524,-1.441109684318771
UBFC_PHYS_s13_T2_ctrl,120,74,122.46666666666667,0.060286954045295715,-1.6726120337074182
UBFC_PHYS_s13_T2_ctrl,120,75,122.5,0.08293133229017258,-1.8035441751238932
UBFC_PHYS_s13_T2_ctrl,120,76,122.53333333333333,0.054981738328933716,-1.75529088543352
UBFC_PHYS_s13_T2_ctrl,120,77,122.56666666666666,-0.023179596289992332,-1.4734690533000059
UBFC_PHYS_s13_T2_ctrl,120,78,122.6,-0.11681503057479858,-0.9524267893100691
UBFC_PHYS_s13_T2_ctrl,120,79,122.63333333333334,-0.1994577944278717,-0.24725188536601034
UBFC_PHYS_s13_T2_ctrl,120,80,122.66666666666667,-0.25058886408805847,0.5341484666674553
UBFC_PHYS_s13_T2_ctrl,120,81,122.7,-0.249616801738739,1.2581852181799893
UBFC_PHYS_s13_T2_ctrl,120,82,122.73333333333333,-0.20703007280826569,1.8019155820950856
UBFC_PHYS_s13_T2_ctrl,120,83,122.76666666666667,-0.16070663928985596,2.0844781603802587
UBFC_PHYS_s13_T2_ctrl,120,84,122.8,-0.13218697905540466,2.083819979139196
UBFC_PHYS_s13_T2_ctrl,120,85,122.83333333333333,-0.12016621232032776,1.8364654572193955
UBFC_PHYS_s13_T2_ctrl,120,86,122.86666666666666,-0.12030790746212006,1.4229352214688165
UBFC_PHYS_s13_T2_ctrl,120,87,122.9,-0.12797576189041138,0.9438418417739195
UBFC_PHYS_s13_T2_ctrl,120,88,122.93333333333334,-0.13196949660778046,0.49377174080882563
UBFC_PHYS_s13_T2_ctrl,120,89,122.96666666666667,-0.10778298228979111,0.140593634264033
UBFC_PHYS_s13_T2_ctrl,120,90,123.0,-0.03169101104140282,-0.08474457681297859
UBFC_PHYS_s13_T2_ctrl,120,91,123.03333333333333,0.08491172641515732,-0.18710913572213417
UBFC_PHYS_s13_T2_ctrl,120,92,123.06666666666666,0.19592256844043732,-0.19746702348798195
UBFC_PHYS_s13_T2_ctrl,120,93,123.1,0.27829840779304504,-0.1591370228167752
UBFC_PHYS_s13_T2_ctrl,120,94,123.13333333333334,0.34436649084091187,-0.11478915164312602
UBFC_PHYS_s13_T2_ctrl,120,95,123.16666666666667,0.39852583408355713,-0.09765969305073299
UBFC_PHYS_s13_T2_ctrl,120,96,123.2,0.4197104573249817,-0.12808650995278759
UBFC_PHYS_s13_T2_ctrl,120,97,123.23333333333333,0.4006578028202057,-0.2141255859148251
UBFC_PHYS_s13_T2_ctrl,120,98,123.26666666666667,0.3635872006416321,-0.35370213759986635
UBFC_PHYS_s13_T2_ctrl,120,99,123.3,0.3216463327407837,-0.5358510307842822
UBFC_PHYS_s13_T2_ctrl,120,100,123.33333333333333,0.26246845722198486,-0.7399335702249747
UBFC_PHYS_s13_T2_ctrl,120,101,123.36666666666666,0.18099546432495117,-0.933783164256199
UBFC_PHYS_s13_T2_ctrl,120,102,123.4,0.09243129938840866,-1.073656140694339
UBFC_PHYS_s13_T2_ctrl,120,103,123.43333333333334,0.008819758892059326,-1.1094567289722206
UBFC_PHYS_s13_T2_ctrl,120,104,123.46666666666667,-0.06978312879800797,-0.9971020768872094
UBFC_PHYS_s13_T2_ctrl,120,105,123.5,-0.1377129703760147,-0.7161692786995303
UBFC_PHYS_s13_T2_ctrl,120,106,123.53333333333333,-0.17562055587768555,-0.2864780241211091
UBFC_PHYS_s13_T2_ctrl,120,107,123.56666666666666,-0.16895443201065063,0.22546699135351575
UBFC_PHYS_s13_T2_ctrl,120,108,123.6,-0.11170423030853271,0.7175755905900494
UBFC_PHYS_s13_T2_ctrl,120,109,123.63333333333334,-0.01537993922829628,1.0806938227913752
UBFC_PHYS_s13_T2_ctrl,120,110,123.66666666666667,0.0920589417219162,1.2338827605642217
UBFC_PHYS_s13_T2_ctrl,120,111,123.7,0.18842937052249908,1.1507486149602117
UBFC_PHYS_s13_T2_ctrl,120,112,123.73333333333333,0.2812805473804474,0.8667012410316646
UBFC_PHYS_s13_T2_ctrl,120,113,123.76666666666667,0.3693965673446655,0.46700602372894345
UBFC_PHYS_s13_T2_ctrl,120,114,123.8,0.43214643001556396,0.061589547620758994
UBFC_PHYS_s13_T2_ctrl,120,115,123.83333333333333,0.4763082265853882,-0.245757179797622
UBFC_PHYS_s13_T2_ctrl,120,116,123.86666666666666,0.5559128522872925,-0.38589404919462234
UBFC_PHYS_s13_T2_ctrl,120,117,123.9,0.6921745538711548,-0.3430833304361086
UBFC_PHYS_s13_T2_ctrl,120,118,123.93333333333334,0.83800208568573,-0.15831671203408482
UBFC_PHYS_s13_T2_ctrl,120,119,123.96666666666667,0.9558438062667847,0.08437434490124071
UBFC_PHYS_s13_T2_ctrl,120,120,124.0,1.0919440984725952,0.2844568325252821
UBFC_PHYS_s13_T2_ctrl,120,121,124.03333333333333,1.3316442966461182,0.35555494665526716
UBFC_PHYS_s13_T2_ctrl,120,122,124.06666666666666,1.6502374410629272,0.25074670411704225
UBFC_PHYS_s13_T2_ctrl,120,123,124.1,1.9342774152755737,-0.024233746387525852
UBFC_PHYS_s13_T2_ctrl,120,124,124.13333333333334,2.135605573654175,-0.41234844686855265
UBFC_PHYS_s13_T2_ctrl,120,125,124.16666666666667,2.373533010482788,-0.8197924402017739
UBFC_PHYS_s13_T2_ctrl,120,126,124.2,2.6856048107147217,-1.1399100058800808
UBFC_PHYS_s13_T2_ctrl,120,127,124.23333333333333,2.9026541709899902,-1.2811073122006915
UBFC_PHYS_s13_T2_ctrl,120,128,124.26666666666667,2.593873977661133,-1.192055914908548
UBFC_PHYS_s13_T2_ctrl,120,129,124.3,1.478121042251587,-0.8771045472108722
UBFC_PHYS_s13_T2_ctrl,120,130,124.33333333333333,-0.06657034158706665,-0.39653750537590765
UBFC_PHYS_s13_T2_ctrl,120,131,124.36666666666666,-1.4586691856384277,0.14945723092708627
UBFC_PHYS_s13_T2_ctrl,120,132,124.4,-2.3819780349731445,0.6485471799963772
UBFC_PHYS_s13_T2_ctrl,120,133,124.43333333333334,-2.778369903564453,1.006681465769724
UBFC_PHYS_s13_T2_ctrl,120,134,124.46666666666667,-2.7742509841918945,1.1712979005640534
UBFC_PHYS_s13_T2_ctrl,120,135,124.5,-2.5857081413269043,1.1406392059207155
UBFC_PHYS_s13_T2_ctrl,120,136,124.53333333333333,-2.377216339111328,0.9581134125499573
UBFC_PHYS_s13_T2_ctrl,120,137,124.56666666666666,-2.165001153945923,0.6956597419595149
UBFC_PHYS_s13_T2_ctrl,120,138,124.6,-1.904221773147583,0.43230856893671565
UBFC_PHYS_s13_T2_ctrl,120,139,124.63333333333334,-1.6223862171173096,0.23382257285939034
UBFC_PHYS_s13_T2_ctrl,120,140,124.66666666666667,-1.3906832933425903,0.13787350432281534
UBFC_PHYS_s13_T2_ctrl,120,141,124.7,-1.2204813957214355,0.14750226366204372
UBFC_PHYS_s13_T2_ctrl,120,142,124.73333333333333,-1.0505200624465942,0.23381967992076996
UBFC_PHYS_s13_T2_ctrl,120,143,124.76666666666667,-0.8588501214981079,0.3468354114530015
UBFC_PHYS_s13_T2_ctrl,120,144,124.8,-0.6897784471511841,0.43103791102416655
UBFC_PHYS_s13_T2_ctrl,120,145,124.83333333333333,-0.5752944946289062,0.4408099272951241
UBFC_PHYS_s13_T2_ctrl,120,146,124.86666666666666,-0.49959468841552734,0.3509749508585993
UBFC_PHYS_s13_T2_ctrl,120,147,124.9,-0.41981542110443115,0.15997802798095087
UBFC_PHYS_s13_T2_ctrl,120,148,124.93333333333334,-0.2668933570384979,-0.11348737810823285
UBFC_PHYS_s13_T2_ctrl,120,149,124.96666666666667,-0.041833531111478806,-0.4372199968280238
UBFC_PHYS_s13_T2_ctrl,120,150,125.0,0.1303817182779312,-0.7723670573600963
UBFC_PHYS_s13_T2_ctrl,120,151,125.03333333333333,0.16975565254688263,-1.0785635768921427
UBFC_PHYS_s13_T2_ctrl,120,152,125.06666666666666,0.15177394449710846,-1.3170114507421995
UBFC_PHYS_s13_T2_ctrl,120,153,125.1,0.12590359151363373,-1.4524691779575623
UBFC_PHYS_s13_T2_ctrl,120,154,125.13333333333334,0.08747866004705429,-1.4561794617612607
UBFC_PHYS_s13_T2_ctrl,120,155,125.16666666666667,0.06788890063762665,-1.3115661467108726
UBFC_PHYS_s13_T2_ctrl,120,156,125.2,0.08061812818050385,-1.0224103261457944
UBFC_PHYS_s13_T2_ctrl,120,157,125.23333333333333,0.0873040184378624,-0.6200143425612342
UBFC_PHYS_s13_T2_ctrl,120,158,125.26666666666667,0.0744495764374733,-0.1637054096225938
UBFC_PHYS_s13_T2_ctrl,120,159,125.3,0.05528159812092781,0.2694931122465471
UBFC_PHYS_s13_T2_ctrl,120,160,125.33333333333333,0.0344100184738636,0.6047281205437002
UBFC_PHYS_s13_T2_ctrl,120,161,125.36666666666666,0.02667626366019249,0.7917578698263593
UBFC_PHYS_s13_T2_ctrl,120,162,125.4,0.04063129052519798,0.8211925114598582
UBFC_PHYS_s13_T2_ctrl,120,163,125.43333333333334,0.049234967678785324,0.7281218993557762
UBFC_PHYS_s13_T2_ctrl,120,164,125.46666666666667,0.023648004978895187,0.5813273871708766
UBFC_PHYS_s13_T2_ctrl,120,165,125.5,-0.03851200267672539,0.4611594564516147
UBFC_PHYS_s13_T2_ctrl,120,166,125.53333333333333,-0.1158824935555458,0.43285593575962406
UBFC_PHYS_s13_T2_ctrl,120,167,125.56666666666666,-0.16286826133728027,0.5238482758952836
UBFC_PHYS_s13_T2_ctrl,120,168,125.6,-0.13313598930835724,0.7130134433815882
UBFC_PHYS_s13_T2_ctrl,120,169,125.63333333333334,-0.03371424227952957,0.9363460552405078
UBFC_PHYS_s13_T2_ctrl,120,170,125.66666666666667,0.07202433794736862,1.107613359610015
UBFC_PHYS_s13_T2_ctrl,120,171,125.7,0.11995252221822739,1.1465657386925294
UBFC_PHYS_s13_T2_ctrl,120,172,125.73333333333333,0.08908999711275101,1.0041953805549182
UBFC_PHYS_s13_T2_ctrl,120,173,125.76666666666667,0.008773626759648323,0.6764023964220434
UBFC_PHYS_s13_T2_ctrl,120,174,125.8,-0.0663495659828186,0.20348997522748444
UBFC_PHYS_s13_T2_ctrl,120,175,125.83333333333333,-0.09354127198457718,-0.34129103871940225
UBFC_PHYS_s13_T2_ctrl,120,176,125.86666666666666,-0.06001954898238182,-0.8690426892303076
UBFC_PHYS_s13_T2_ctrl,120,177,125.9,0.014573118649423122,-1.2940294297884536
UBFC_PHYS_s13_T2_ctrl,120,178,125.93333333333334,0.09446770697832108,-1.5504129037909569
UBFC_PHYS_s13_T2_ctrl,120,179,125.96666666666667,0.14726614952087402,-1.6039288182119285
UBFC_PHYS_s13_T2_ctrl,120,180,126.0,0.15722085535526276,-1.4567461117405054
UBFC_PHYS_s13_T2_ctrl,120,181,126.03333333333333,0.11975481361150742,-1.1451652759843078
UBFC_PHYS_s13_T2_ctrl,120,182,126.06666666666666,0.036845143884420395,-0.7308164920190654
UBFC_PHYS_s13_T2_ctrl,120,183,126.1,-0.08860182017087936,-0.286916374131894
UBFC_PHYS_s13_T2_ctrl,120,184,126.13333333333334,-0.22526223957538605,0.11767855172594814
UBFC_PHYS_s13_T2_ctrl,120,185,126.16666666666667,-0.3244335353374481,0.4328183062412271
UBFC_PHYS_s13_T2_ctrl,120,186,126.2,-0.350448876619339,0.6358715692996504
UBFC_PHYS_s13_T2_ctrl,120,187,126.23333333333333,-0.31119686365127563,0.7325072128578828
UBFC_PHYS_s13_T2_ctrl,120,188,126.26666666666667,-0.2181347906589508,0.7497404686842349
UBFC_PHYS_s13_T2_ctrl,120,189,126.3,-0.08047594130039215,0.7242208572288295
UBFC_PHYS_s13_T2_ctrl,120,190,126.33333333333333,0.07602795958518982,0.6898951420831789
UBFC_PHYS_s13_T2_ctrl,120,191,126.36666666666666,0.1884458363056183,0.6687205557549595
UBFC_PHYS_s13_T2_ctrl,120,192,126.4,0.21774974465370178,0.666620655172883
UBFC_PHYS_s13_T2_ctrl,120,193,126.43333333333334,0.1764778047800064,0.6748129390748225
UBFC_PHYS_s13_T2_ctrl,120,194,126.46666666666667,0.08798611909151077,0.674630086432962
UBFC_PHYS_s13_T2_ctrl,120,195,126.5,-0.05507021024823189,0.643140409871342
UBFC_PHYS_s13_T2_ctrl,120,196,126.53333333333333,-0.2632785737514496,0.5577830833981458
UBFC_PHYS_s13_T2_ctrl,120,197,126.56666666666666,-0.48311224579811096,0.3998942352199129
UBFC_PHYS_s13_T2_ctrl,120,198,126.6,-0.6632457971572876,0.1580318613733128
UBFC_PHYS_s13_T2_ctrl,120,199,126.63333333333334,-0.5640415549278259,-0.1681373676605482
UBFC_PHYS_s13_T2_ctrl,120,200,126.66666666666667,-0.16346469521522522,-0.5636419667645798
UBFC_PHYS_s13_T2_ctrl,120,201,126.7,0.27397847175598145,-0.99498570362943
UBFC_PHYS_s13_T2_ctrl,120,202,126.73333333333333,0.5981338024139404,-1.4096316006297254
UBFC_PHYS_s13_T2_ctrl,120,203,126.76666666666667,0.8004701733589172,-1.740069618194052
UBFC_PHYS_s13_T2_ctrl,120,204,126.8,0.8847044706344604,-1.9142833322737032
UBFC_PHYS_s13_T2_ctrl,120,205,126.83333333333333,0.8583662509918213,-1.873018622765344
UBFC_PHYS_s13_T2_ctrl,120,206,126.86666666666666,0.7213005423545837,-1.5907883116003358
UBFC_PHYS_s13_T2_ctrl,120,207,126.9,0.45970720052719116,-1.0932821380450448
UBFC_PHYS_s13_T2_ctrl,120,208,126.93333333333334,0.06635665148496628,-0.46161866735877166
UBFC_PHYS_s13_T2_ctrl,120,209,126.96666666666667,-0.3198334872722626,0.18310235575909634
UBFC_PHYS_s13_T2_ctrl,120,210,127.0,-0.572823166847229,0.7128849272508795
UBFC_PHYS_s13_T2_ctrl,120,211,127.03333333333333,-0.6769800186157227,1.0322214575741526
UBFC_PHYS_s13_T2_ctrl,120,212,127.06666666666666,-0.690654993057251,1.1083813571383232
UBFC_PHYS_s13_T2_ctrl,120,213,127.1,-0.6651833653450012,0.9805101695419822
UBFC_PHYS_s13_T2_ctrl,120,214,127.13333333333334,-0.6405783295631409,0.744258204185613
UBFC_PHYS_s13_T2_ctrl,120,215,127.16666666666667,-0.6423511505126953,0.518167712306076
UBFC_PHYS_s13_T2_ctrl,120,216,127.2,-0.679764449596405,0.40386371396949056
UBFC_PHYS_s13_T2_ctrl,120,217,127.23333333333333,-0.7282462120056152,0.45331488775769574
UBFC_PHYS_s13_T2_ctrl,120,218,127.26666666666667,-0.7746915817260742,0.6538324871894385
UBFC_PHYS_s13_T2_ctrl,120,219,127.3,-0.8174200057983398,0.9353372623777076
UBFC_PHYS_s13_T2_ctrl,120,220,127.33333333333333,-0.8373425602912903,1.1961418432032693
UBFC_PHYS_s13_T2_ctrl,120,221,127.36666666666666,-0.8425818681716919,1.3370156328630032
UBFC_PHYS_s13_T2_ctrl,120,222,127.4,-0.7846001386642456,1.291827052138855
UBFC_PHYS_s13_T2_ctrl,120,223,127.43333333333334,-0.5705165266990662,1.0459567592331998
UBFC_PHYS_s13_T2_ctrl,120,224,127.46666666666667,-0.24123060703277588,0.6384816978783744
UBFC_PHYS_s13_T2_ctrl,120,225,127.5,0.02203666977584362,0.14903027571538266
UBFC_PHYS_s13_T2_ctrl,120,226,127.53333333333333,0.09792104363441467,-0.3258361809836855
UBFC_PHYS_s13_T2_ctrl,120,227,127.56666666666666,0.045695960521698,-0.6994365112989822
UBFC_PHYS_s13_T2_ctrl,120,228,127.6,-0.012523029930889606,-0.9171382943518498
UBFC_PHYS_s13_T2_ctrl,120,229,127.63333333333334,0.0183230172842741,-0.9675839362850092
UBFC_PHYS_s13_T2_ctrl,120,230,127.66666666666667,0.13463248312473297,-0.88017767783696
UBFC_PHYS_s13_T2_ctrl,120,231,127.7,0.2780117392539978,-0.7106433565711036
UBFC_PHYS_s13_T2_ctrl,120,232,127.73333333333333,0.45361772179603577,-0.5206522237688046
UBFC_PHYS_s13_T2_ctrl,120,233,127.76666666666667,0.6718796491622925,-0.35937584661017535
UBFC_PHYS_s13_T2_ctrl,120,234,127.8,0.9068579077720642,-0.2532370379452246
UBFC_PHYS_s13_T2_ctrl,120,235,127.83333333333333,1.0620404481887817,-0.20586597519897354
UBFC_PHYS_s13_T2_ctrl,120,236,127.86666666666666,1.1710478067398071,-0.205497257463226
UBFC_PHYS_s13_T2_ctrl,120,237,127.9,1.3230175971984863,-0.2344875175883691
UBFC_PHYS_s13_T2_ctrl,120,238,127.93333333333334,1.6249635219573975,-0.27654291169167333
UBFC_PHYS_s13_T2_ctrl,120,239,127.96666666666667,1.954216480255127,-0.3199288923836282
UBFC_PHYS_s13_T2_ctrl,121,0,121.0,0.42551323771476746,0.008688636652423733
UBFC_PHYS_s13_T2_ctrl,121,1,121.03333333333333,0.30253106355667114,0.040988439716375114
UBFC_PHYS_s13_T2_ctrl,121,2,121.06666666666666,0.17996078729629517,0.07743930884696278
UBFC_PHYS_s13_T2_ctrl,121,3,121.1,0.10537141561508179,0.11963329275928783
UBFC_PHYS_s13_T2_ctrl,121,4,121.13333333333334,0.05375264212489128,0.1646046931446683
UBFC_PHYS_s13_T2_ctrl,121,5,121.16666666666667,-0.015495269559323788,0.20720673572925316
UBFC_PHYS_s13_T2_ctrl,121,6,121.2,-0.09225945174694061,0.2446838735200566
UBFC_PHYS_s13_T2_ctrl,121,7,121.23333333333333,-0.14613212645053864,0.28020566357774607
UBFC_PHYS_s13_T2_ctrl,121,8,121.26666666666667,-0.18850795924663544,0.322283638952416
UBFC_PHYS_s13_T2_ctrl,121,9,121.3,-0.2538280189037323,0.37944887933768684
UBFC_PHYS_s13_T2_ctrl,121,10,121.33333333333333,-0.32762986421585083,0.452937923011417
UBFC_PHYS_s13_T2_ctrl,121,11,121.36666666666666,-0.3554542362689972,0.5319243376391477
UBFC_PHYS_s13_T2_ctrl,121,12,121.4,-0.3095822334289551,0.5944914475851795
UBFC_PHYS_s13_T2_ctrl,121,13,121.43333333333334,-0.21092826128005981,0.6141853227911658
UBFC_PHYS_s13_T2_ctrl,121,14,121.46666666666667,-0.09828301519155502,0.5689933659713281
UBFC_PHYS_s13_T2_ctrl,121,15,121.5,-0.003912761807441711,0.44874613914526246
UBFC_PHYS_s13_T2_ctrl,121,16,121.53333333333333,0.04973912984132767,0.2584735006694473
UBFC_PHYS_s13_T2_ctrl,121,17,121.56666666666666,0.06013867259025574,0.017477167201005193
UBFC_PHYS_s13_T2_ctrl,121,18,121.6,0.04857923090457916,-0.2448821978342374
UBFC_PHYS_s13_T2_ctrl,121,19,121.63333333333334,0.04540269076824188,-0.49531614371140764
UBFC_PHYS_s13_T2_ctrl,121,20,121.66666666666667,0.05375264212489128,-0.7030343565777162
UBFC_PHYS_s13_T2_ctrl,121,21,121.7,0.0537790022790432,-0.8447517513701045
UBFC_PHYS_s13_T2_ctrl,121,22,121.73333333333333,0.0471557192504406,-0.9070413253149707
UBFC_PHYS_s13_T2_ctrl,121,23,121.76666666666667,0.05428316071629524,-0.8859259693221135
UBFC_PHYS_s13_T2_ctrl,121,24,121.8,0.069002665579319,-0.7849085715194454
UBFC_PHYS_s13_T2_ctrl,121,25,121.83333333333333,0.06215531378984451,-0.6130810048590725
UBFC_PHYS_s13_T2_ctrl,121,26,121.86666666666666,0.015835167840123177,-0.38407173267083744
UBFC_PHYS_s13_T2_ctrl,121,27,121.9,-0.053162310272455215,-0.11545507836056501
UBFC_PHYS_s13_T2_ctrl,121,28,121.93333333333334,-0.09915623813867569,0.1720064279683827
UBFC_PHYS_s13_T2_ctrl,121,29,121.96666666666667,-0.09703744202852249,0.4555248636690667
UBFC_PHYS_s13_T2_ctrl,121,30,122.0,-0.0689099058508873,0.7118230002230974
UBFC_PHYS_s13_T2_ctrl,121,31,122.03333333333333,-0.042041126638650894,0.9190715711370797
UBFC_PHYS_s13_T2_ctrl,121,32,122.06666666666666,-0.020266668871045113,1.0593484745641706
UBFC_PHYS_s13_T2_ctrl,121,33,122.1,-0.005761349573731422,1.1213428054105075
UBFC_PHYS_s13_T2_ctrl,121,34,122.13333333333334,0.002967544598504901,1.102159261514811
UBFC_PHYS_s13_T2_ctrl,121,35,122.16666666666667,0.021871911361813545,1.006841162981991
UBFC_PHYS_s13_T2_ctrl,121,36,122.2,0.06039239838719368,0.8453630680544392
UBFC_PHYS_s13_T2_ctrl,121,37,122.23333333333333,0.10869623720645905,0.6284096426258796
UBFC_PHYS_s13_T2_ctrl,121,38,122.26666666666667,0.1497507095336914,0.36396905877384783
UBFC_PHYS_s13_T2_ctrl,121,39,122.3,0.16586077213287354,0.05645709859420677
UBFC_PHYS_s13_T2_ctrl,121,40,122.33333333333333,0.1423102170228958,-0.29082514949001376
UBFC_PHYS_s13_T2_ctrl,121,41,122.36666666666666,0.08865503966808319,-0.670321151063877
UBFC_PHYS_s13_T2_ctrl,121,42,122.4,0.042015258222818375,-1.0636673874138394
UBFC_PHYS_s13_T2_ctrl,121,43,122.43333333333334,0.03362906351685524,-1.4367913106515522
UBFC_PHYS_s13_T2_ctrl,121,44,122.46666666666667,0.060286954045295715,-1.7399170504649633
UBFC_PHYS_s13_T2_ctrl,121,45,122.5,0.08293133229017258,-1.9148858546127216
UBFC_PHYS_s13_T2_ctrl,121,46,122.53333333333333,0.054981738328933716,-1.9097250211832286
UBFC_PHYS_s13_T2_ctrl,121,47,122.56666666666666,-0.023179596289992332,-1.6966366433274096
UBFC_PHYS_s13_T2_ctrl,121,48,122.6,-0.11681503057479858,-1.2861620693324018
UBFC_PHYS_s13_T2_ctrl,121,49,122.63333333333334,-0.1994577944278717,-0.7302158870846778
UBFC_PHYS_s13_T2_ctrl,121,50,122.66666666666667,-0.25058886408805847,-0.11135142054233499
UBFC_PHYS_s13_T2_ctrl,121,51,122.7,-0.249616801738739,0.4777506746888814
UBFC_PHYS_s13_T2_ctrl,121,52,122.73333333333333,-0.20703007280826569,0.9562638508497996
UBFC_PHYS_s13_T2_ctrl,121,53,122.76666666666667,-0.16070663928985596,1.2709177945703092
UBFC_PHYS_s13_T2_ctrl,121,54,122.8,-0.13218697905540466,1.4024013720609592
UBFC_PHYS_s13_T2_ctrl,121,55,122.83333333333333,-0.12016621232032776,1.3640305895409781
UBFC_PHYS_s13_T2_ctrl,121,56,122.86666666666666,-0.12030790746212006,1.1952751027405968
UBFC_PHYS_s13_T2_ctrl,121,57,122.9,-0.12797576189041138,0.9517509193273458
UBFC_PHYS_s13_T2_ctrl,121,58,122.93333333333334,-0.13196949660778046,0.6931202827312904
UBFC_PHYS_s13_T2_ctrl,121,59,122.96666666666667,-0.10778298228979111,0.47100000330256425
UBFC_PHYS_s13_T2_ctrl,121,60,123.0,-0.03169101104140282,0.31925851199607597
UBFC_PHYS_s13_T2_ctrl,121,61,123.03333333333333,0.08491172641515732,0.24873474343651852
UBFC_PHYS_s13_T2_ctrl,121,62,123.06666666666666,0.19592256844043732,0.2476022281578826
UBFC_PHYS_s13_T2_ctrl,121,63,123.1,0.27829840779304504,0.2872088579263471
UBFC_PHYS_s13_T2_ctrl,121,64,123.13333333333334,0.34436649084091187,0.33142961635525486
UBFC_PHYS_s13_T2_ctrl,121,65,123.16666666666667,0.39852583408355713,0.34635695298130426
UBFC_PHYS_s13_T2_ctrl,121,66,123.2,0.4197104573249817,0.30740499553551137
UBFC_PHYS_s13_T2_ctrl,121,67,123.23333333333333,0.4006578028202057,0.20249257761901004
UBFC_PHYS_s13_T2_ctrl,121,68,123.26666666666667,0.3635872006416321,0.031983658877250506
UBFC_PHYS_s13_T2_ctrl,121,69,123.3,0.3216463327407837,-0.19270793515039414
UBFC_PHYS_s13_T2_ctrl,121,70,123.33333333333333,0.26246845722198486,-0.4502285642990192
UBFC_PHYS_s13_T2_ctrl,121,71,123.36666666666666,0.18099546432495117,-0.7099317377532057
UBFC_PHYS_s13_T2_ctrl,121,72,123.4,0.09243129938840866,-0.9334292486846989
UBFC_PHYS_s13_T2_ctrl,121,73,123.43333333333334,0.008819758892059326,-1.0789414325934579
UBFC_PHYS_s13_T2_ctrl,121,74,123.46666666666667,-0.06978312879800797,-1.109353683631841
UBFC_PHYS_s13_T2_ctrl,121,75,123.5,-0.1377129703760147,-1.0029728277696501
UBFC_PHYS_s13_T2_ctrl,121,76,123.53333333333333,-0.17562055587768555,-0.7640550768527405
UBFC_PHYS_s13_T2_ctrl,121,77,123.56666666666666,-0.16895443201065063,-0.4286552234519426
UBFC_PHYS_s13_T2_ctrl,121,78,123.6,-0.11170423030853271,-0.06100310634966956
UBFC_PHYS_s13_T2_ctrl,121,79,123.63333333333334,-0.01537993922829628,0.26177576133814395
UBFC_PHYS_s13_T2_ctrl,121,80,123.66666666666667,0.0920589417219162,0.4730242437907126
UBFC_PHYS_s13_T2_ctrl,121,81,123.7,0.18842937052249908,0.5390004121629377
UBFC_PHYS_s13_T2_ctrl,121,82,123.73333333333333,0.2812805473804474,0.47035137015707207
UBFC_PHYS_s13_T2_ctrl,121,83,123.76666666666667,0.3693965673446655,0.3170878924798266
UBFC_PHYS_s13_T2_ctrl,121,84,123.8,0.43214643001556396,0.14943319080953377
UBFC_PHYS_s13_T2_ctrl,121,85,123.83333333333333,0.4763082265853882,0.03317092807461293
UBFC_PHYS_s13_T2_ctrl,121,86,123.86666666666666,0.5559128522872925,0.009015486530485319
UBFC_PHYS_s13_T2_ctrl,121,87,123.9,0.6921745538711548,0.08227798019519278
UBFC_PHYS_s13_T2_ctrl,121,88,123.93333333333334,0.83800208568573,0.22478123340678385
UBFC_PHYS_s13_T2_ctrl,121,89,123.96666666666667,0.9558438062667847,0.38697266038237316
UBFC_PHYS_s13_T2_ctrl,121,90,124.0,1.0919440984725952,0.5151119014466901
UBFC_PHYS_s13_T2_ctrl,121,91,124.03333333333333,1.3316442966461182,0.5674223311443928
UBFC_PHYS_s13_T2_ctrl,121,92,124.06666666666666,1.6502374410629272,0.5246482892683109
UBFC_PHYS_s13_T2_ctrl,121,93,124.1,1.9342774152755737,0.3932110640644953
UBFC_PHYS_s13_T2_ctrl,121,94,124.13333333333334,2.135605573654175,0.20145662485661342
UBFC_PHYS_s13_T2_ctrl,121,95,124.16666666666667,2.373533010482788,-0.00911376693304713
UBFC_PHYS_s13_T2_ctrl,121,96,124.2,2.6856048107147217,-0.19501519840896736
UBFC_PHYS_s13_T2_ctrl,121,97,124.23333333333333,2.9026541709899902,-0.32156997195717446
UBFC_PHYS_s13_T2_ctrl,121,98,124.26666666666667,2.593873977661133,-0.37089209218259467
UBFC_PHYS_s13_T2_ctrl,121,99,124.3,1.478121042251587,-0.3454441743350791
UBFC_PHYS_s13_T2_ctrl,121,100,124.33333333333333,-0.06657034158706665,-0.2666383062485458
UBFC_PHYS_s13_T2_ctrl,121,101,124.36666666666666,-1.4586691856384277,-0.1690461892598023
UBFC_PHYS_s13_T2_ctrl,121,102,124.4,-2.3819780349731445,-0.09161613023850886
UBFC_PHYS_s13_T2_ctrl,121,103,124.43333333333334,-2.778369903564453,-0.06776381585142974
UBFC_PHYS_s13_T2_ctrl,121,104,124.46666666666667,-2.7742509841918945,-0.11634276446525553
UBFC_PHYS_s13_T2_ctrl,121,105,124.5,-2.5857081413269043,-0.2354219390242943
UBFC_PHYS_s13_T2_ctrl,121,106,124.53333333333333,-2.377216339111328,-0.40051702250262117
UBFC_PHYS_s13_T2_ctrl,121,107,124.56666666666666,-2.165001153945923,-0.5682622147303202
UBFC_PHYS_s13_T2_ctrl,121,108,124.6,-1.904221773147583,-0.6853863019704195
UBFC_PHYS_s13_T2_ctrl,121,109,124.63333333333334,-1.6223862171173096,-0.7015581087568531
UBFC_PHYS_s13_T2_ctrl,121,110,124.66666666666667,-1.3906832933425903,-0.5835025138183327
UBFC_PHYS_s13_T2_ctrl,121,111,124.7,-1.2204813957214355,-0.32674538310035967
UBFC_PHYS_s13_T2_ctrl,121,112,124.73333333333333,-1.0505200624465942,0.03920831512794912
UBFC_PHYS_s13_T2_ctrl,121,113,124.76666666666667,-0.8588501214981079,0.4552997284987415
UBFC_PHYS_s13_T2_ctrl,121,114,124.8,-0.6897784471511841,0.8466001429154969
UBFC_PHYS_s13_T2_ctrl,121,115,124.83333333333333,-0.5752944946289062,1.1409048767024117
UBFC_PHYS_s13_T2_ctrl,121,116,124.86666666666666,-0.49959468841552734,1.2856890460749375
UBFC_PHYS_s13_T2_ctrl,121,117,124.9,-0.41981542110443115,1.2580868329557444
UBFC_PHYS_s13_T2_ctrl,121,118,124.93333333333334,-0.2668933570384979,1.066556367659453
UBFC_PHYS_s13_T2_ctrl,121,119,124.96666666666667,-0.041833531111478806,0.746241988864293
UBFC_PHYS_s13_T2_ctrl,121,120,125.0,0.1303817182779312,0.35033811727768266
UBFC_PHYS_s13_T2_ctrl,121,121,125.03333333333333,0.16975565254688263,-0.06100824715845159
UBFC_PHYS_s13_T2_ctrl,121,122,125.06666666666666,0.15177394449710846,-0.4321373141047938
UBFC_PHYS_s13_T2_ctrl,121,123,125.1,0.12590359151363373,-0.7208781015433513
UBFC_PHYS_s13_T2_ctrl,121,124,125.13333333333334,0.08747866004705429,-0.9034223027720092
UBFC_PHYS_s13_T2_ctrl,121,125,125.16666666666667,0.06788890063762665,-0.9751981491660622
UBFC_PHYS_s13_T2_ctrl,121,126,125.2,0.08061812818050385,-0.9487032311263338
UBFC_PHYS_s13_T2_ctrl,121,127,125.23333333333333,0.0873040184378624,-0.8491516220772184
UBFC_PHYS_s13_T2_ctrl,121,128,125.26666666666667,0.0744495764374733,-0.7085503398678469
UBFC_PHYS_s13_T2_ctrl,121,129,125.3,0.05528159812092781,-0.5586755027802425
UBFC_PHYS_s13_T2_ctrl,121,130,125.33333333333333,0.0344100184738636,-0.4235083873987908
UBFC_PHYS_s13_T2_ctrl,121,131,125.36666666666666,0.02667626366019249,-0.3125775951902273
UBFC_PHYS_s13_T2_ctrl,121,132,125.4,0.04063129052519798,-0.21804640521726273
UBFC_PHYS_s13_T2_ctrl,121,133,125.43333333333334,0.049234967678785324,-0.1182439743370481
UBFC_PHYS_s13_T2_ctrl,121,134,125.46666666666667,0.023648004978895187,0.01251164529844061
UBFC_PHYS_s13_T2_ctrl,121,135,125.5,-0.03851200267672539,0.19149720592244873
UBFC_PHYS_s13_T2_ctrl,121,136,125.53333333333333,-0.1158824935555458,0.4178081776288827
UBFC_PHYS_s13_T2_ctrl,121,137,125.56666666666666,-0.16286826133728027,0.6693753624615544
UBFC_PHYS_s13_T2_ctrl,121,138,125.6,-0.13313598930835724,0.9080637301913261
UBFC_PHYS_s13_T2_ctrl,121,139,125.63333333333334,-0.03371424227952957,1.0906384871401953
UBFC_PHYS_s13_T2_ctrl,121,140,125.66666666666667,0.07202433794736862,1.1807397571091975
UBFC_PHYS_s13_T2_ctrl,121,141,125.7,0.11995252221822739,1.1570250623621665
UBFC_PHYS_s13_T2_ctrl,121,142,125.73333333333333,0.08908999711275101,1.0155838991325197
UBFC_PHYS_s13_T2_ctrl,121,143,125.76666666666667,0.008773626759648323,0.7680153724975569
UBFC_PHYS_s13_T2_ctrl,121,144,125.8,-0.0663495659828186,0.43766301112253503
UBFC_PHYS_s13_T2_ctrl,121,145,125.83333333333333,-0.09354127198457718,0.05579054007629084
UBFC_PHYS_s13_T2_ctrl,121,146,125.86666666666666,-0.06001954898238182,-0.34151626767368987
UBFC_PHYS_s13_T2_ctrl,121,147,125.9,0.014573118649423122,-0.7156981655855916
UBFC_PHYS_s13_T2_ctrl,121,148,125.93333333333334,0.09446770697832108,-1.0278884602835627
UBFC_PHYS_s13_T2_ctrl,121,149,125.96666666666667,0.14726614952087402,-1.2418382854015488
UBFC_PHYS_s13_T2_ctrl,121,150,126.0,0.15722085535526276,-1.3284649004371931
UBFC_PHYS_s13_T2_ctrl,121,151,126.03333333333333,0.11975481361150742,-1.271970039212342
UBFC_PHYS_s13_T2_ctrl,121,152,126.06666666666666,0.036845143884420395,-1.075858580491937
UBFC_PHYS_s13_T2_ctrl,121,153,126.1,-0.08860182017087936,-0.7660183725204848
UBFC_PHYS_s13_T2_ctrl,121,154,126.13333333333334,-0.22526223957538605,-0.38839146615277
UBFC_PHYS_s13_T2_ctrl,121,155,126.16666666666667,-0.3244335353374481,-0.0006214626419534495
UBFC_PHYS_s13_T2_ctrl,121,156,126.2,-0.350448876619339,0.3404969059143704
UBFC_PHYS_s13_T2_ctrl,121,157,126.23333333333333,-0.31119686365127563,0.5920687758427824
UBFC_PHYS_s13_T2_ctrl,121,158,126.26666666666667,-0.2181347906589508,0.7345083088964022
UBFC_PHYS_s13_T2_ctrl,121,159,126.3,-0.08047594130039215,0.7742276105170822
UBFC_PHYS_s13_T2_ctrl,121,160,126.33333333333333,0.07602795958518982,0.7386666771809969
UBFC_PHYS_s13_T2_ctrl,121,161,126.36666666666666,0.1884458363056183,0.6653427583764013
UBFC_PHYS_s13_T2_ctrl,121,162,126.4,0.21774974465370178,0.5888319637355375
UBFC_PHYS_s13_T2_ctrl,121,163,126.43333333333334,0.1764778047800064,0.5303132788638553
UBFC_PHYS_s13_T2_ctrl,121,164,126.46666666666667,0.08798611909151077,0.49297894765487976
UBFC_PHYS_s13_T2_ctrl,121,165,126.5,-0.05507021024823189,0.46406279610754325
UBFC_PHYS_s13_T2_ctrl,121,166,126.53333333333333,-0.2632785737514496,0.42183080446823984
UBFC_PHYS_s13_T2_ctrl,121,167,126.56666666666666,-0.48311224579811096,0.3446009767585589
UBFC_PHYS_s13_T2_ctrl,121,168,126.6,-0.6632457971572876,0.21892529181403836
UBFC_PHYS_s13_T2_ctrl,121,169,126.63333333333334,-0.5640415549278259,0.044816334156697536
UBFC_PHYS_s13_T2_ctrl,121,170,126.66666666666667,-0.16346469521522522,-0.1632776967063952
UBFC_PHYS_s13_T2_ctrl,121,171,126.7,0.27397847175598145,-0.37991148718042184
UBFC_PHYS_s13_T2_ctrl,121,172,126.73333333333333,0.5981338024139404,-0.575106675318736
UBFC_PHYS_s13_T2_ctrl,121,173,126.76666666666667,0.8004701733589172,-0.7214859268305702
UBFC_PHYS_s13_T2_ctrl,121,174,126.8,0.8847044706344604,-0.8001334083559488
UBFC_PHYS_s13_T2_ctrl,121,175,126.83333333333333,0.8583662509918213,-0.8043659891492789
UBFC_PHYS_s13_T2_ctrl,121,176,126.86666666666666,0.7213005423545837,-0.7413237714942386
UBFC_PHYS_s13_T2_ctrl,121,177,126.9,0.45970720052719116,-0.6311959175263593
UBFC_PHYS_s13_T2_ctrl,121,178,126.93333333333334,0.06635665148496628,-0.5034475980982209
UBFC_PHYS_s13_T2_ctrl,121,179,126.96666666666667,-0.3198334872722626,-0.3897245357233798
UBFC_PHYS_s13_T2_ctrl,121,180,127.0,-0.572823166847229,-0.31469320351472296
UBFC_PHYS_s13_T2_ctrl,121,181,127.03333333333333,-0.6769800186157227,-0.28780395362304356
UBFC_PHYS_s13_T2_ctrl,121,182,127.06666666666666,-0.690654993057251,-0.29934981869563215
UBFC_PHYS_s13_T2_ctrl,121,183,127.1,-0.6651833653450012,-0.32282877894924766
UBFC_PHYS_s13_T2_ctrl,121,184,127.13333333333334,-0.6405783295631409,-0.3231478111297016
UBFC_PHYS_s13_T2_ctrl,121,185,127.16666666666667,-0.6423511505126953,-0.26793815754880623
UBFC_PHYS_s13_T2_ctrl,121,186,127.2,-0.679764449596405,-0.1382356438033152
UBFC_PHYS_s13_T2_ctrl,121,187,127.23333333333333,-0.7282462120056152,0.06498343437668967
UBFC_PHYS_s13_T2_ctrl,121,188,127.26666666666667,-0.7746915817260742,0.32072548685299246
UBFC_PHYS_s13_T2_ctrl,121,189,127.3,-0.8174200057983398,0.5943429351353626
UBFC_PHYS_s13_T2_ctrl,121,190,127.33333333333333,-0.8373425602912903,0.8473789954491715
UBFC_PHYS_s13_T2_ctrl,121,191,127.36666666666666,-0.8425818681716919,1.046573861686979
UBFC_PHYS_s13_T2_ctrl,121,192,127.4,-0.7846001386642456,1.1692558404019786
UBFC_PHYS_s13_T2_ctrl,121,193,127.43333333333334,-0.5705165266990662,1.2050271470895104
UBFC_PHYS_s13_T2_ctrl,121,194,127.46666666666667,-0.24123060703277588,1.1551071564571531
UBFC_PHYS_s13_T2_ctrl,121,195,127.5,0.02203666977584362,1.030596423520843
UBFC_PHYS_s13_T2_ctrl,121,196,127.53333333333333,0.09792104363441467,0.8501705397858604
UBFC_PHYS_s13_T2_ctrl,121,197,127.56666666666666,0.045695960521698,0.6370996069317592
UBFC_PHYS_s13_T2_ctrl,121,198,127.6,-0.012523029930889606,0.41542450848226575
UBFC_PHYS_s13_T2_ctrl,121,199,127.63333333333334,0.0183230172842741,0.2055326041495909
UBFC_PHYS_s13_T2_ctrl,121,200,127.66666666666667,0.13463248312473297,0.01992912670883082
UBFC_PHYS_s13_T2_ctrl,121,201,127.7,0.2780117392539978,-0.1395896423593365
UBFC_PHYS_s13_T2_ctrl,121,202,127.73333333333333,0.45361772179603577,-0.2821028927362123
UBFC_PHYS_s13_T2_ctrl,121,203,127.76666666666667,0.6718796491622925,-0.4242527828788313
UBFC_PHYS_s13_T2_ctrl,121,204,127.8,0.9068579077720642,-0.5835658439489247
UBFC_PHYS_s13_T2_ctrl,121,205,127.83333333333333,1.0620404481887817,-0.7697674426601847
UBFC_PHYS_s13_T2_ctrl,121,206,127.86666666666666,1.1710478067398071,-0.9766399414250694
UBFC_PHYS_s13_T2_ctrl,121,207,127.9,1.3230175971984863,-1.1776065760829337
UBFC_PHYS_s13_T2_ctrl,121,208,127.93333333333334,1.6249635219573975,-1.3278430704446949
UBFC_PHYS_s13_T2_ctrl,121,209,127.96666666666667,1.954216480255127,-1.3741625034379124
UBFC_PHYS_s13_T2_ctrl,121,210,128.0,2.068977117538452,-1.2713333028351246
UBFC_PHYS_s13_T2_ctrl,121,211,128.03333333333333,1.8666507005691528,-1.0003294912399752
UBFC_PHYS_s13_T2_ctrl,121,212,128.06666666666666,1.4864578247070312,-0.581515853656715
UBFC_PHYS_s13_T2_ctrl,121,213,128.1,1.3378260135650635,-0.07607623742067743
UBFC_PHYS_s13_T2_ctrl,121,214,128.13333333333333,1.3003698587417603,0.42683917162465596
UBFC_PHYS_s13_T2_ctrl,121,215,128.16666666666666,1.2211310863494873,0.8334871044381564
UBFC_PHYS_s13_T2_ctrl,121,216,128.2,0.922773540019989,1.0706703339018713
UBFC_PHYS_s13_T2_ctrl,121,217,128.23333333333332,0.2421174943447113,1.1034588219342771
UBFC_PHYS_s13_T2_ctrl,121,218,128.26666666666668,-0.7760920524597168,0.9409171030353891
UBFC_PHYS_s13_T2_ctrl,121,219,128.3,-1.6699057817459106,0.6308797539225383
UBFC_PHYS_s13_T2_ctrl,121,220,128.33333333333334,-2.11899733543396,0.24740286321808103
UBFC_PHYS_s13_T2_ctrl,121,221,128.36666666666667,-1.7673734426498413,-0.1256154780450255
UBFC_PHYS_s13_T2_ctrl,121,222,128.4,-0.9984432458877563,-0.41177404566296333
UBFC_PHYS_s13_T2_ctrl,121,223,128.43333333333334,-0.4118839502334595,-0.5576954521141848
UBFC_PHYS_s13_T2_ctrl,121,224,128.46666666666667,-0.002472774125635624,-0.5437438698317002
UBFC_PHYS_s13_T2_ctrl,121,225,128.5,0.11609718203544617,-0.3871550422505597
UBFC_PHYS_s13_T2_ctrl,121,226,128.53333333333333,-0.22143325209617615,-0.13619232833837502
UBFC_PHYS_s13_T2_ctrl,121,227,128.56666666666666,-0.7620776891708374,0.14346709735245058
UBFC_PHYS_s13_T2_ctrl,121,228,128.6,-1.23977792263031,0.3860652693248642
UBFC_PHYS_s13_T2_ctrl,121,229,128.63333333333333,-1.6161879301071167,0.5414527368699389
UBFC_PHYS_s13_T2_ctrl,121,230,128.66666666666666,-2.0425496101379395,0.5849943394686733
UBFC_PHYS_s13_T2_ctrl,121,231,128.7,-2.569733142852783,0.520124352339046
UBFC_PHYS_s13_T2_ctrl,121,232,128.73333333333332,-2.9978082180023193,0.3741800248236781
UBFC_PHYS_s13_T2_ctrl,121,233,128.76666666666668,-2.991194725036621,0.18946744567246088
UBFC_PHYS_s13_T2_ctrl,121,234,128.8,-2.4530744552612305,0.012155748908596602
UBFC_PHYS_s13_T2_ctrl,121,235,128.83333333333334,-1.737878441810608,-0.11839310469029443
UBFC_PHYS_s13_T2_ctrl,121,236,128.86666666666667,-1.1940475702285767,-0.17779205656234792
UBFC_PHYS_s13_T2_ctrl,121,237,128.9,-0.8821700215339661,-0.16098483025184335
UBFC_PHYS_s13_T2_ctrl,121,238,128.93333333333334,-0.6786968111991882,-0.0821967173462134
UBFC_PHYS_s13_T2_ctrl,121,239,128.96666666666667,-0.5260977149009705,0.02936529398249902
UBFC_PHYS_s13_T2_ctrl,122,0,122.0,-0.0689099058508873,-0.006492990978085058
UBFC_PHYS_s13_T2_ctrl,122,1,122.03333333333333,-0.042041126638650894,-0.43150610943178663
UBFC_PHYS_s13_T2_ctrl,122,2,122.06666666666666,-0.020266668871045113,-0.8131385713981608
UBFC_PHYS_s13_T2_ctrl,122,3,122.1,-0.005761349573731422,-1.1095397980214852
UBFC_PHYS_s13_T2_ctrl,122,4,122.13333333333334,0.002967544598504901,-1.2878038908641973
UBFC_PHYS_s13_T2_ctrl,122,5,122.16666666666667,0.021871911361813545,-1.3319173041873689
UBFC_PHYS_s13_T2_ctrl,122,6,122.2,0.06039239838719368,-1.249847667596345
UBFC_PHYS_s13_T2_ctrl,122,7,122.23333333333333,0.10869623720645905,-1.0761061394012748
UBFC_PHYS_s13_T2_ctrl,122,8,122.26666666666667,0.1497507095336914,-0.8670605671749129
UBFC_PHYS_s13_T2_ctrl,122,9,122.3,0.16586077213287354,-0.6886534609769095
UBFC_PHYS_s13_T2_ctrl,122,10,122.33333333333333,0.1423102170228958,-0.5994238361863858
UBFC_PHYS_s13_T2_ctrl,122,11,122.36666666666666,0.08865503966808319,-0.6339236454161241
UBFC_PHYS_s13_T2_ctrl,122,12,122.4,0.042015258222818375,-0.7913655243987443
UBFC_PHYS_s13_T2_ctrl,122,13,122.43333333333334,0.03362906351685524,-1.032508279833031
UBFC_PHYS_s13_T2_ctrl,122,14,122.46666666666667,0.060286954045295715,-1.2858948466389923
UBFC_PHYS_s13_T2_ctrl,122,15,122.5,0.08293133229017258,-1.4629938960558748
UBFC_PHYS_s13_T2_ctrl,122,16,122.53333333333333,0.054981738328933716,-1.4801154210895135
UBFC_PHYS_s13_T2_ctrl,122,17,122.56666666666666,-0.023179596289992332,-1.282595997517074
UBFC_PHYS_s13_T2_ctrl,122,18,122.6,-0.11681503057479858,-0.8641388316895701
UBFC_PHYS_s13_T2_ctrl,122,19,122.63333333333334,-0.1994577944278717,-0.27351401671502623
UBFC_PHYS_s13_T2_ctrl,122,20,122.66666666666667,-0.25058886408805847,0.3959502134727818
UBFC_PHYS_s13_T2_ctrl,122,21,122.7,-0.249616801738739,1.0317779176889363
UBFC_PHYS_s13_T2_ctrl,122,22,122.73333333333333,-0.20703007280826569,1.5329637289808737
UBFC_PHYS_s13_T2_ctrl,122,23,122.76666666666667,-0.16070663928985596,1.8337628623550455
UBFC_PHYS_s13_T2_ctrl,122,24,122.8,-0.13218697905540466,1.9137772930719514
UBFC_PHYS_s13_T2_ctrl,122,25,122.83333333333333,-0.12016621232032776,1.795053510431552
UBFC_PHYS_s13_T2_ctrl,122,26,122.86666666666666,-0.12030790746212006,1.530870745678091
UBFC_PHYS_s13_T2_ctrl,122,27,122.9,-0.12797576189041138,1.1909728397700003
UBFC_PHYS_s13_T2_ctrl,122,28,122.93333333333334,-0.13196949660778046,0.8467330726424934
UBFC_PHYS_s13_T2_ctrl,122,29,122.96666666666667,-0.10778298228979111,0.5584494742688468
UBFC_PHYS_s13_T2_ctrl,122,30,123.0,-0.03169101104140282,0.3659914322557113
UBFC_PHYS_s13_T2_ctrl,122,31,123.03333333333333,0.08491172641515732,0.2835409765784995
UBFC_PHYS_s13_T2_ctrl,122,32,123.06666666666666,0.19592256844043732,0.29902813959301056
UBFC_PHYS_s13_T2_ctrl,122,33,123.1,0.27829840779304504,0.37848594564896887
UBFC_PHYS_s13_T2_ctrl,122,34,123.13333333333334,0.34436649084091187,0.47458808533261126
UBFC_PHYS_s13_T2_ctrl,122,35,123.16666666666667,0.39852583408355713,0.5374491652403451
UBFC_PHYS_s13_T2_ctrl,122,36,123.2,0.4197104573249817,0.5250664738111515
UBFC_PHYS_s13_T2_ctrl,122,37,123.23333333333333,0.4006578028202057,0.41105026238899095
UBFC_PHYS_s13_T2_ctrl,122,38,123.26666666666667,0.3635872006416321,0.18849719219329292
UBFC_PHYS_s13_T2_ctrl,122,39,123.3,0.3216463327407837,-0.12967794094532148
UBFC_PHYS_s13_T2_ctrl,122,40,123.33333333333333,0.26246845722198486,-0.5127551603021767
UBFC_PHYS_s13_T2_ctrl,122,41,123.36666666666666,0.18099546432495117,-0.915486993669905
UBFC_PHYS_s13_T2_ctrl,122,42,123.4,0.09243129938840866,-1.2825112778137548
UBFC_PHYS_s13_T2_ctrl,122,43,123.43333333333334,0.008819758892059326,-1.554828759778219
UBFC_PHYS_s13_T2_ctrl,122,44,123.46666666666667,-0.06978312879800797,-1.679509019393925
UBFC_PHYS_s13_T2_ctrl,122,45,123.5,-0.1377129703760147,-1.6224983356685445
UBFC_PHYS_s13_T2_ctrl,122,46,123.53333333333333,-0.17562055587768555,-1.3817629972946173
UBFC_PHYS_s13_T2_ctrl,122,47,123.56666666666666,-0.16895443201065063,-0.9953891161317269
UBFC_PHYS_s13_T2_ctrl,122,48,123.6,-0.11170423030853271,-0.5386639308793028
UBFC_PHYS_s13_T2_ctrl,122,49,123.63333333333334,-0.01537993922829628,-0.10724787956750666
UBFC_PHYS_s13_T2_ctrl,122,50,123.66666666666667,0.0920589417219162,0.2101121464013403
UBFC_PHYS_s13_T2_ctrl,122,51,123.7,0.18842937052249908,0.3598528922309951
UBFC_PHYS_s13_T2_ctrl,122,52,123.73333333333333,0.2812805473804474,0.3415707487988769
UBFC_PHYS_s13_T2_ctrl,122,53,123.76666666666667,0.3693965673446655,0.20804387265096078
UBFC_PHYS_s13_T2_ctrl,122,54,123.8,0.43214643001556396,0.04698003579610403
UBFC_PHYS_s13_T2_ctrl,122,55,123.83333333333333,0.4763082265853882,-0.048623601046528846
UBFC_PHYS_s13_T2_ctrl,122,56,123.86666666666666,0.5559128522872925,-0.010978479418965978
UBFC_PHYS_s13_T2_ctrl,122,57,123.9,0.6921745538711548,0.18111638550192416
UBFC_PHYS_s13_T2_ctrl,122,58,123.93333333333334,0.83800208568573,0.4963562303294513
UBFC_PHYS_s13_T2_ctrl,122,59,123.96666666666667,0.9558438062667847,0.8614794319995975
UBFC_PHYS_s13_T2_ctrl,122,60,124.0,1.0919440984725952,1.1838931278293787
UBFC_PHYS_s13_T2_ctrl,122,61,124.03333333333333,1.3316442966461182,1.378489751929819
UBFC_PHYS_s13_T2_ctrl,122,62,124.06666666666666,1.6502374410629272,1.3904060801755211
UBFC_PHYS_s13_T2_ctrl,122,63,124.1,1.9342774152755737,1.2078649884207244
UBFC_PHYS_s13_T2_ctrl,122,64,124.13333333333334,2.135605573654175,0.8629712951785792
UBFC_PHYS_s13_T2_ctrl,122,65,124.16666666666667,2.373533010482788,0.42177655409894266
UBFC_PHYS_s13_T2_ctrl,122,66,124.2,2.6856048107147217,-0.032917388625315444
UBFC_PHYS_s13_T2_ctrl,122,67,124.23333333333333,2.9026541709899902,-0.421517397532482
UBFC_PHYS_s13_T2_ctrl,122,68,124.26666666666667,2.593873977661133,-0.6855313370871237
UBFC_PHYS_s13_T2_ctrl,122,69,124.3,1.478121042251587,-0.7991444414233533
UBFC_PHYS_s13_T2_ctrl,122,70,124.33333333333333,-0.06657034158706665,-0.7720043356446549
UBFC_PHYS_s13_T2_ctrl,122,71,124.36666666666666,-1.4586691856384277,-0.6433333609049872
UBFC_PHYS_s13_T2_ctrl,122,72,124.4,-2.3819780349731445,-0.46997297009661543
UBFC_PHYS_s13_T2_ctrl,122,73,124.43333333333334,-2.778369903564453,-0.31215683793498117
UBFC_PHYS_s13_T2_ctrl,122,74,124.46666666666667,-2.7742509841918945,-0.22023049571919803
UBFC_PHYS_s13_T2_ctrl,122,75,124.5,-2.5857081413269043,-0.2241563900354674
UBFC_PHYS_s13_T2_ctrl,122,76,124.53333333333333,-2.377216339111328,-0.32675348530496645
UBFC_PHYS_s13_T2_ctrl,122,77,124.56666666666666,-2.165001153945923,-0.5016308019288928
UBFC_PHYS_s13_T2_ctrl,122,78,124.6,-1.904221773147583,-0.697116119805221
UBFC_PHYS_s13_T2_ctrl,122,79,124.63333333333334,-1.6223862171173096,-0.8469394888422657
UBFC_PHYS_s13_T2_ctrl,122,80,124.66666666666667,-1.3906832933425903,-0.8863878199945787
UBFC_PHYS_s13_T2_ctrl,122,81,124.7,-1.2204813957214355,-0.7701038333526478
UBFC_PHYS_s13_T2_ctrl,122,82,124.73333333333333,-1.0505200624465942,-0.48629589188814387
UBFC_PHYS_s13_T2_ctrl,122,83,124.76666666666667,-0.8588501214981079,-0.0628440264600912
UBFC_PHYS_s13_T2_ctrl,122,84,124.8,-0.6897784471511841,0.4365714163952379
UBFC_PHYS_s13_T2_ctrl,122,85,124.83333333333333,-0.5752944946289062,0.9251844950653736
UBFC_PHYS_s13_T2_ctrl,122,86,124.86666666666666,-0.49959468841552734,1.3116165500455785
UBFC_PHYS_s13_T2_ctrl,122,87,124.9,-0.41981542110443115,1.5200489795773704
UBFC_PHYS_s13_T2_ctrl,122,88,124.93333333333334,-0.2668933570384979,1.507560612315772
UBFC_PHYS_s13_T2_ctrl,122,89,124.96666666666667,-0.041833531111478806,1.2744205794963623
UBFC_PHYS_s13_T2_ctrl,122,90,125.0,0.1303817182779312,0.8646814974039047
UBFC_PHYS_s13_T2_ctrl,122,91,125.03333333333333,0.16975565254688263,0.3568985674944799
UBFC_PHYS_s13_T2_ctrl,122,92,125.06666666666666,0.15177394449710846,-0.15263901554004145
UBFC_PHYS_s13_T2_ctrl,122,93,125.1,0.12590359151363373,-0.5701712978554767
UBFC_PHYS_s13_T2_ctrl,122,94,125.13333333333334,0.08747866004705429,-0.824047357301982
UBFC_PHYS_s13_T2_ctrl,122,95,125.16666666666667,0.06788890063762665,-0.8800161718092995
UBFC_PHYS_s13_T2_ctrl,122,96,125.2,0.08061812818050385,-0.74917419143215
UBFC_PHYS_s13_T2_ctrl,122,97,125.23333333333333,0.0873040184378624,-0.4861257961165628
UBFC_PHYS_s13_T2_ctrl,122,98,125.26666666666667,0.0744495764374733,-0.17621981848862137
UBFC_PHYS_s13_T2_ctrl,122,99,125.3,0.05528159812092781,0.08670051485749357
UBFC_PHYS_s13_T2_ctrl,122,100,125.33333333333333,0.0344100184738636,0.22703112705536455
UBFC_PHYS_s13_T2_ctrl,122,101,125.36666666666666,0.02667626366019249,0.21065150376794067
UBFC_PHYS_s13_T2_ctrl,122,102,125.4,0.04063129052519798,0.056290485522042855
UBFC_PHYS_s13_T2_ctrl,122,103,125.43333333333334,0.049234967678785324,-0.17014324113552448
UBFC_PHYS_s13_T2_ctrl,122,104,125.46666666666667,0.023648004978895187,-0.37727640154186515
UBFC_PHYS_s13_T2_ctrl,122,105,125.5,-0.03851200267672539,-0.47897216247096075
UBFC_PHYS_s13_T2_ctrl,122,106,125.53333333333333,-0.1158824935555458,-0.4238373548960195
UBFC_PHYS_s13_T2_ctrl,122,107,125.56666666666666,-0.16286826133728027,-0.21362806457033887
UBFC_PHYS_s13_T2_ctrl,122,108,125.6,-0.13313598930835724,0.0962347029786213
UBFC_PHYS_s13_T2_ctrl,122,109,125.63333333333334,-0.03371424227952957,0.4148163916635935
UBFC_PHYS_s13_T2_ctrl,122,110,125.66666666666667,0.07202433794736862,0.64566214269712
UBFC_PHYS_s13_T2_ctrl,122,111,125.7,0.11995252221822739,0.7168091970841015
UBFC_PHYS_s13_T2_ctrl,122,112,125.73333333333333,0.08908999711275101,0.5999992745289509
UBFC_PHYS_s13_T2_ctrl,122,113,125.76666666666667,0.008773626759648323,0.3143008275425848
UBFC_PHYS_s13_T2_ctrl,122,114,125.8,-0.0663495659828186,-0.08343052522190317
UBFC_PHYS_s13_T2_ctrl,122,115,125.83333333333333,-0.09354127198457718,-0.5146580058833277
UBFC_PHYS_s13_T2_ctrl,122,116,125.86666666666666,-0.06001954898238182,-0.8959358765417984
UBFC_PHYS_s13_T2_ctrl,122,117,125.9,0.014573118649423122,-1.1535169442892437
UBFC_PHYS_s13_T2_ctrl,122,118,125.93333333333334,0.09446770697832108,-1.2350332823655046
UBFC_PHYS_s13_T2_ctrl,122,119,125.96666666666667,0.14726614952087402,-1.117903106675203
UBFC_PHYS_s13_T2_ctrl,122,120,126.0,0.15722085535526276,-0.8137751867590681
UBFC_PHYS_s13_T2_ctrl,122,121,126.03333333333333,0.11975481361150742,-0.36784080758031706
UBFC_PHYS_s13_T2_ctrl,122,122,126.06666666666666,0.036845143884420395,0.14821025088320586
UBFC_PHYS_s13_T2_ctrl,122,123,126.1,-0.08860182017087936,0.6496550309293341
UBFC_PHYS_s13_T2_ctrl,122,124,126.13333333333334,-0.22526223957538605,1.0562887702549626
UBFC_PHYS_s13_T2_ctrl,122,125,126.16666666666667,-0.3244335353374481,1.3095071599857953
UBFC_PHYS_s13_T2_ctrl,122,126,126.2,-0.350448876619339,1.3839340434290461
UBFC_PHYS_s13_T2_ctrl,122,127,126.23333333333333,-0.31119686365127563,1.2903644390149305
UBFC_PHYS_s13_T2_ctrl,122,128,126.26666666666667,-0.2181347906589508,1.0698860478695826
UBFC_PHYS_s13_T2_ctrl,122,129,126.3,-0.08047594130039215,0.781759498676036
UBFC_PHYS_s13_T2_ctrl,122,130,126.33333333333333,0.07602795958518982,0.48872651635717734
UBFC_PHYS_s13_T2_ctrl,122,131,126.36666666666666,0.1884458363056183,0.24320694509980176
UBFC_PHYS_s13_T2_ctrl,122,132,126.4,0.21774974465370178,0.07717284034943267
UBFC_PHYS_s13_T2_ctrl,122,133,126.43333333333334,0.1764778047800064,-0.0025092539167106175
UBFC_PHYS_s13_T2_ctrl,122,134,126.46666666666667,0.08798611909151077,-0.012849093377918723
UBFC_PHYS_s13_T2_ctrl,122,135,126.5,-0.05507021024823189,0.011465218310052637
UBFC_PHYS_s13_T2_ctrl,122,136,126.53333333333333,-0.2632785737514496,0.02748682405132344
UBFC_PHYS_s13_T2_ctrl,122,137,126.56666666666666,-0.48311224579811096,-0.005314661640435627
UBFC_PHYS_s13_T2_ctrl,122,138,126.6,-0.6632457971572876,-0.11492115581946134
UBFC_PHYS_s13_T2_ctrl,122,139,126.63333333333334,-0.5640415549278259,-0.30882728223570177
UBFC_PHYS_s13_T2_ctrl,122,140,126.66666666666667,-0.16346469521522522,-0.5699457912551255
UBFC_PHYS_s13_T2_ctrl,122,141,126.7,0.27397847175598145,-0.8577196962406123
UBFC_PHYS_s13_T2_ctrl,122,142,126.73333333333333,0.5981338024139404,-1.1148753111279803
UBFC_PHYS_s13_T2_ctrl,122,143,126.76666666666667,0.8004701733589172,-1.2790753856107175
UBFC_PHYS_s13_T2_ctrl,122,144,126.8,0.8847044706344604,-1.2977737445977122
UBFC_PHYS_s13_T2_ctrl,122,145,126.83333333333333,0.8583662509918213,-1.1436837877153678
UBFC_PHYS_s13_T2_ctrl,122,146,126.86666666666666,0.7213005423545837,-0.8272452530889615
UBFC_PHYS_s13_T2_ctrl,122,147,126.9,0.45970720052719116,-0.40160626203503536
UBFC_PHYS_s13_T2_ctrl,122,148,126.93333333333334,0.06635665148496628,0.0441240125377052
UBFC_PHYS_s13_T2_ctrl,122,149,126.96666666666667,-0.3198334872722626,0.40490147482578037
UBFC_PHYS_s13_T2_ctrl,122,150,127.0,-0.572823166847229,0.5893443190762256
UBFC_PHYS_s13_T2_ctrl,122,151,127.03333333333333,-0.6769800186157227,0.549778878625468
UBFC_PHYS_s13_T2_ctrl,122,152,127.06666666666666,-0.690654993057251,0.3013451625197507
UBFC_PHYS_s13_T2_ctrl,122,153,127.1,-0.6651833653450012,-0.07822900302795284
UBFC_PHYS_s13_T2_ctrl,122,154,127.13333333333334,-0.6405783295631409,-0.46906715074516975
UBFC_PHYS_s13_T2_ctrl,122,155,127.16666666666667,-0.6423511505126953,-0.7430371842588575
UBFC_PHYS_s13_T2_ctrl,122,156,127.2,-0.679764449596405,-0.8005328660105185
UBFC_PHYS_s13_T2_ctrl,122,157,127.23333333333333,-0.7282462120056152,-0.5993620061385874
UBFC_PHYS_s13_T2_ctrl,122,158,127.26666666666667,-0.7746915817260742,-0.16688433242468667
UBFC_PHYS_s13_T2_ctrl,122,159,127.3,-0.8174200057983398,0.40881750088746915
UBFC_PHYS_s13_T2_ctrl,122,160,127.33333333333333,-0.8373425602912903,1.0056395406925183
UBFC_PHYS_s13_T2_ctrl,122,161,127.36666666666666,-0.8425818681716919,1.5022602805972163
UBFC_PHYS_s13_T2_ctrl,122,162,127.4,-0.7846001386642456,1.8089401686140492
UBFC_PHYS_s13_T2_ctrl,122,163,127.43333333333334,-0.5705165266990662,1.8851710256143281
UBFC_PHYS_s13_T2_ctrl,122,164,127.46666666666667,-0.24123060703277588,1.7414278513770654
UBFC_PHYS_s13_T2_ctrl,122,165,127.5,0.02203666977584362,1.4282601519099334
UBFC_PHYS_s13_T2_ctrl,122,166,127.53333333333333,0.09792104363441467,1.0185786139652577
UBFC_PHYS_s13_T2_ctrl,122,167,127.56666666666666,0.045695960521698,0.5886334293285238
UBFC_PHYS_s13_T2_ctrl,122,168,127.6,-0.012523029930889606,0.20172415567884563
UBFC_PHYS_s13_T2_ctrl,122,169,127.63333333333334,0.0183230172842741,-0.10280192445742266
UBFC_PHYS_s13_T2_ctrl,122,170,127.66666666666667,0.13463248312473297,-0.31397593886220587
UBFC_PHYS_s13_T2_ctrl,122,171,127.7,0.2780117392539978,-0.44697377154558626
UBFC_PHYS_s13_T2_ctrl,122,172,127.73333333333333,0.45361772179603577,-0.535370377303933
UBFC_PHYS_s13_T2_ctrl,122,173,127.76666666666667,0.6718796491622925,-0.6199277713670608
UBFC_PHYS_s13_T2_ctrl,122,174,127.8,0.9068579077720642,-0.7362344593749655
UBFC_PHYS_s13_T2_ctrl,122,175,127.83333333333333,1.0620404481887817,-0.9034730975920847
UBFC_PHYS_s13_T2_ctrl,122,176,127.86666666666666,1.1710478067398071,-1.1165799719459422
UBFC_PHYS_s13_T2_ctrl,122,177,127.9,1.3230175971984863,-1.3438972856057516
UBFC_PHYS_s13_T2_ctrl,122,178,127.93333333333334,1.6249635219573975,-1.5317449607708995
UBFC_PHYS_s13_T2_ctrl,122,179,127.96666666666667,1.954216480255127,-1.6160647124651166
UBFC_PHYS_s13_T2_ctrl,122,180,128.0,2.068977117538452,-1.5395136653950412
UBFC_PHYS_s13_T2_ctrl,122,181,128.03333333333333,1.8666507005691528,-1.270273217284754
UBFC_PHYS_s13_T2_ctrl,122,182,128.06666666666666,1.4864578247070312,-0.8169947598505988
UBFC_PHYS_s13_T2_ctrl,122,183,128.1,1.3378260135650635,-0.23393149315381198
UBFC_PHYS_s13_T2_ctrl,122,184,128.13333333333333,1.3003698587417603,0.38751112428947365
UBFC_PHYS_s13_T2_ctrl,122,185,128.16666666666666,1.2211310863494873,0.9397087647840092
UBFC_PHYS_s13_T2_ctrl,122,186,128.2,0.922773540019989,1.3254255660316778
UBFC_PHYS_s13_T2_ctrl,122,187,128.23333333333332,0.2421174943447113,1.480776684493337
UBFC_PHYS_s13_T2_ctrl,122,188,128.26666666666668,-0.7760920524597168,1.3881161430812599
UBFC_PHYS_s13_T2_ctrl,122,189,128.3,-1.6699057817459106,1.0775895060962524
UBFC_PHYS_s13_T2_ctrl,122,190,128.33333333333334,-2.11899733543396,0.6193885496368905
UBFC_PHYS_s13_T2_ctrl,122,191,128.36666666666667,-1.7673734426498413,0.10953842458420783
UBFC_PHYS_s13_T2_ctrl,122,192,128.4,-0.9984432458877563,-0.3482282537450152
UBFC_PHYS_s13_T2_ctrl,122,193,128.43333333333334,-0.4118839502334595,-0.6620816807791471
UBFC_PHYS_s13_T2_ctrl,122,194,128.46666666666667,-0.002472774125635624,-0.7702714484547907
UBFC_PHYS_s13_T2_ctrl,122,195,128.5,0.11609718203544617,-0.654276978218248
UBFC_PHYS_s13_T2_ctrl,122,196,128.53333333333333,-0.22143325209617615,-0.34335722958072246
UBFC_PHYS_s13_T2_ctrl,122,197,128.56666666666666,-0.7620776891708374,0.09172414467698868
UBFC_PHYS_s13_T2_ctrl,122,198,128.6,-1.23977792263031,0.5553072760663882
UBFC_PHYS_s13_T2_ctrl,122,199,128.63333333333333,-1.6161879301071167,0.9499928806487042
UBFC_PHYS_s13_T2_ctrl,122,200,128.66666666666666,-2.0425496101379395,1.1999778704682003
UBFC_PHYS_s13_T2_ctrl,122,201,128.7,-2.569733142852783,1.2675992227031083
UBFC_PHYS_s13_T2_ctrl,122,202,128.73333333333332,-2.9978082180023193,1.1581524919884512
UBFC_PHYS_s13_T2_ctrl,122,203,128.76666666666668,-2.991194725036621,0.9122511609414152
UBFC_PHYS_s13_T2_ctrl,122,204,128.8,-2.4530744552612305,0.589677312050814
UBFC_PHYS_s13_T2_ctrl,122,205,128.83333333333334,-1.737878441810608,0.2512769082816487
UBFC_PHYS_s13_T2_ctrl,122,206,128.86666666666667,-1.1940475702285767,-0.05539684220363138
UBFC_PHYS_s13_T2_ctrl,122,207,128.9,-0.8821700215339661,-0.30378556025293024
UBFC_PHYS_s13_T2_ctrl,122,208,128.93333333333334,-0.6786968111991882,-0.48900315005312656
UBFC_PHYS_s13_T2_ctrl,122,209,128.96666666666667,-0.5260977149009705,-0.6228011722471025
UBFC_PHYS_s13_T2_ctrl,122,210,129.0,-0.37709030508995056,-0.725188983071755
UBFC_PHYS_s13_T2_ctrl,122,211,129.03333333333333,-0.1874864548444748,-0.815399723182977
UBFC_PHYS_s13_T2_ctrl,122,212,129.06666666666666,0.03640688583254814,-0.9044353992378281
UBFC_PHYS_s13_T2_ctrl,122,213,129.1,0.27072614431381226,-0.9906189200599254
UBFC_PHYS_s13_T2_ctrl,122,214,129.13333333333333,0.5461921095848083,-1.0588750009226002
UBFC_PHYS_s13_T2_ctrl,122,215,129.16666666666666,0.8699981570243835,-1.0838817134688536
UBFC_PHYS_s13_T2_ctrl,122,216,129.2,1.1905221939086914,-1.03659124037092
UBFC_PHYS_s13_T2_ctrl,122,217,129.23333333333332,1.498986005783081,-0.8928189273805295
UBFC_PHYS_s13_T2_ctrl,122,218,129.26666666666668,1.8574670553207397,-0.6418079785350503
UBFC_PHYS_s13_T2_ctrl,122,219,129.3,2.2818515300750732,-0.29235242093587965
UBFC_PHYS_s13_T2_ctrl,122,220,129.33333333333334,2.696805238723755,0.12545161185498072
UBFC_PHYS_s13_T2_ctrl,122,221,129.36666666666667,3.0518362522125244,0.563634244879335
UBFC_PHYS_s13_T2_ctrl,122,222,129.4,3.39574933052063,0.9644130844395904
UBFC_PHYS_s13_T2_ctrl,122,223,129.43333333333334,3.732110023498535,1.2710369560937809
UBFC_PHYS_s13_T2_ctrl,122,224,129.46666666666667,3.8047749996185303,1.438651210487758
UBFC_PHYS_s13_T2_ctrl,122,225,129.5,3.287562608718872,1.4424417567152021
UBFC_PHYS_s13_T2_ctrl,122,226,129.53333333333333,2.2662720680236816,1.281414373825831
UBFC_PHYS_s13_T2_ctrl,122,227,129.56666666666666,1.280381441116333,0.977631100582631
UBFC_PHYS_s13_T2_ctrl,122,228,129.6,0.7326359152793884,0.5717351557365015
UBFC_PHYS_s13_T2_ctrl,122,229,129.63333333333333,0.6002163290977478,0.11599327181437817
UBFC_PHYS_s13_T2_ctrl,122,230,129.66666666666666,0.5656566619873047,-0.33386625941455966
UBFC_PHYS_s13_T2_ctrl,122,231,129.7,0.3933853805065155,-0.7267555888006119
UBFC_PHYS_s13_T2_ctrl,122,232,129.73333333333332,0.14238600432872772,-1.0229961435751902
UBFC_PHYS_s13_T2_ctrl,122,233,129.76666666666668,-0.01710990071296692,-1.1986598665914319
UBFC_PHYS_s13_T2_ctrl,122,234,129.8,-0.04046932980418205,-1.2468992945866448
UBFC_PHYS_s13_T2_ctrl,122,235,129.83333333333334,0.0037155472673475742,-1.176247666904524
UBFC_PHYS_s13_T2_ctrl,122,236,129.86666666666667,0.006318728439509869,-1.0062945951490818
UBFC_PHYS_s13_T2_ctrl,122,237,129.9,-0.10975678265094757,-0.7617685170857255
UBFC_PHYS_s13_T2_ctrl,122,238,129.93333333333334,-0.3097074329853058,-0.4669761956838659
UBFC_PHYS_s13_T2_ctrl,122,239,129.96666666666667,-0.5080302953720093,-0.14293177547397434
UBFC_PHYS_s13_T2_ctrl,123,0,123.0,-0.03169101104140282,-0.06156882980930524
UBFC_PHYS_s13_T2_ctrl,123,1,123.03333333333333,0.08491172641515732,0.045884097998610186
UBFC_PHYS_s13_T2_ctrl,123,2,123.06666666666666,0.19592256844043732,0.1598633728756837
UBFC_PHYS_s13_T2_ctrl,123,3,123.1,0.27829840779304504,0.28022443045413425
UBFC_PHYS_s13_T2_ctrl,123,4,123.13333333333334,0.34436649084091187,0.39761252054295265
UBFC_PHYS_s13_T2_ctrl,123,5,123.16666666666667,0.39852583408355713,0.49398766792132864
UBFC_PHYS_s13_T2_ctrl,123,6,123.2,0.4197104573249817,0.546701272062832
UBFC_PHYS_s13_T2_ctrl,123,7,123.23333333333333,0.4006578028202057,0.5343320682299254
UBFC_PHYS_s13_T2_ctrl,123,8,123.26666666666667,0.3635872006416321,0.4423238023436966
UBFC_PHYS_s13_T2_ctrl,123,9,123.3,0.3216463327407837,0.26722778688449383
UBFC_PHYS_s13_T2_ctrl,123,10,123.33333333333333,0.26246845722198486,0.01916493719372716
UBFC_PHYS_s13_T2_ctrl,123,11,123.36666666666666,0.18099546432495117,-0.27751654720904656
UBFC_PHYS_s13_T2_ctrl,123,12,123.4,0.09243129938840866,-0.585550462537444
UBFC_PHYS_s13_T2_ctrl,123,13,123.43333333333334,0.008819758892059326,-0.8585512133054968
UBFC_PHYS_s13_T2_ctrl,123,14,123.46666666666667,-0.06978312879800797,-1.047931295256576
UBFC_PHYS_s13_T2_ctrl,123,15,123.5,-0.1377129703760147,-1.1129701484776626
UBFC_PHYS_s13_T2_ctrl,123,16,123.53333333333333,-0.17562055587768555,-1.0325631313019243
UBFC_PHYS_s13_T2_ctrl,123,17,123.56666666666666,-0.16895443201065063,-0.8149841467368889
UBFC_PHYS_s13_T2_ctrl,123,18,123.6,-0.11170423030853271,-0.5003712477918492
UBFC_PHYS_s13_T2_ctrl,123,19,123.63333333333334,-0.01537993922829628,-0.1520375965122298
UBFC_PHYS_s13_T2_ctrl,123,20,123.66666666666667,0.0920589417219162,0.16211449885933385
UBFC_PHYS_s13_T2_ctrl,123,21,123.7,0.18842937052249908,0.39106640708780704
UBFC_PHYS_s13_T2_ctrl,123,22,123.73333333333333,0.2812805473804474,0.5158399773616175
UBFC_PHYS_s13_T2_ctrl,123,23,123.76666666666667,0.3693965673446655,0.5519182373666907
UBFC_PHYS_s13_T2_ctrl,123,24,123.8,0.43214643001556396,0.5387087450073854
UBFC_PHYS_s13_T2_ctrl,123,25,123.83333333333333,0.4763082265853882,0.5215837184531985
UBFC_PHYS_s13_T2_ctrl,123,26,123.86666666666666,0.5559128522872925,0.5341612480383463
UBFC_PHYS_s13_T2_ctrl,123,27,123.9,0.6921745538711548,0.5871554527632664
UBFC_PHYS_s13_T2_ctrl,123,28,123.93333333333334,0.83800208568573,0.6670002568126863
UBFC_PHYS_s13_T2_ctrl,123,29,123.96666666666667,0.9558438062667847,0.7435113228703654
UBFC_PHYS_s13_T2_ctrl,123,30,124.0,1.0919440984725952,0.7822130247075414
UBFC_PHYS_s13_T2_ctrl,123,31,124.03333333333333,1.3316442966461182,0.7557722953818081
UBFC_PHYS_s13_T2_ctrl,123,32,124.06666666666666,1.6502374410629272,0.6511031874538418
UBFC_PHYS_s13_T2_ctrl,123,33,124.1,1.9342774152755737,0.4717814569450888
UBFC_PHYS_s13_T2_ctrl,123,34,124.13333333333334,2.135605573654175,0.23681845650729333
UBFC_PHYS_s13_T2_ctrl,123,35,124.16666666666667,2.373533010482788,-0.023328579220377687
UBFC_PHYS_s13_T2_ctrl,123,36,124.2,2.6856048107147217,-0.272983730536253
UBFC_PHYS_s13_T2_ctrl,123,37,124.23333333333333,2.9026541709899902,-0.4789126324086778
UBFC_PHYS_s13_T2_ctrl,123,38,124.26666666666667,2.593873977661133,-0.617785232027652
UBFC_PHYS_s13_T2_ctrl,123,39,124.3,1.478121042251587,-0.6812919853778047
UBFC_PHYS_s13_T2_ctrl,123,40,124.33333333333333,-0.06657034158706665,-0.6772973926415958
UBFC_PHYS_s13_T2_ctrl,123,41,124.36666666666666,-1.4586691856384277,-0.6267650791638605
UBFC_PHYS_s13_T2_ctrl,123,42,124.4,-2.3819780349731445,-0.5575677485622214
UBFC_PHYS_s13_T2_ctrl,123,43,124.43333333333334,-2.778369903564453,-0.4969855724167307
UBFC_PHYS_s13_T2_ctrl,123,44,124.46666666666667,-2.7742509841918945,-0.4645319782710214
UBFC_PHYS_s13_T2_ctrl,123,45,124.5,-2.5857081413269043,-0.466377225090954
UBFC_PHYS_s13_T2_ctrl,123,46,124.53333333333333,-2.377216339111328,-0.49262645568498475
UBFC_PHYS_s13_T2_ctrl,123,47,124.56666666666666,-2.165001153945923,-0.5186870413697217
UBFC_PHYS_s13_T2_ctrl,123,48,124.6,-1.904221773147583,-0.5112986554262077
UBFC_PHYS_s13_T2_ctrl,123,49,124.63333333333334,-1.6223862171173096,-0.43840245876902817
UBFC_PHYS_s13_T2_ctrl,123,50,124.66666666666667,-1.3906832933425903,-0.2803107062098971
UBFC_PHYS_s13_T2_ctrl,123,51,124.7,-1.2204813957214355,-0.03832043324042803
UBFC_PHYS_s13_T2_ctrl,123,52,124.73333333333333,-1.0505200624465942,0.2630477155812544
UBFC_PHYS_s13_T2_ctrl,123,53,124.76666666666667,-0.8588501214981079,0.5816507547548626
UBFC_PHYS_s13_T2_ctrl,123,54,124.8,-0.6897784471511841,0.868578534218885
UBFC_PHYS_s13_T2_ctrl,123,55,124.83333333333333,-0.5752944946289062,1.0791291513477266
UBFC_PHYS_s13_T2_ctrl,123,56,124.86666666666666,-0.49959468841552734,1.1800519607904674
UBFC_PHYS_s13_T2_ctrl,123,57,124.9,-0.41981542110443115,1.152599995026433
UBFC_PHYS_s13_T2_ctrl,123,58,124.93333333333334,-0.2668933570384979,0.9933172270915862
UBFC_PHYS_s13_T2_ctrl,123,59,124.96666666666667,-0.041833531111478806,0.7144657008987199
UBFC_PHYS_s13_T2_ctrl,123,60,125.0,0.1303817182779312,0.3441872181150851
UBFC_PHYS_s13_T2_ctrl,123,61,125.03333333333333,0.16975565254688263,-0.07501822057269078
UBFC_PHYS_s13_T2_ctrl,123,62,125.06666666666666,0.15177394449710846,-0.49062688634939644
UBFC_PHYS_s13_T2_ctrl,123,63,125.1,0.12590359151363373,-0.8471410703434858
UBFC_PHYS_s13_T2_ctrl,123,64,125.13333333333334,0.08747866004705429,-1.0949613929831084
UBFC_PHYS_s13_T2_ctrl,123,65,125.16666666666667,0.06788890063762665,-1.1996833910930456
UBFC_PHYS_s13_T2_ctrl,123,66,125.2,0.08061812818050385,-1.1497269547645197
UBFC_PHYS_s13_T2_ctrl,123,67,125.23333333333333,0.0873040184378624,-0.9598355838495563
UBFC_PHYS_s13_T2_ctrl,123,68,125.26666666666667,0.0744495764374733,-0.6686314026334598
UBFC_PHYS_s13_T2_ctrl,123,69,125.3,0.05528159812092781,-0.3300285768740294
UBFC_PHYS_s13_T2_ctrl,123,70,125.33333333333333,0.0344100184738636,-0.0003136102717880415
UBFC_PHYS_s13_T2_ctrl,123,71,125.36666666666666,0.02667626366019249,0.27561159383307254
UBFC_PHYS_s13_T2_ctrl,123,72,125.4,0.04063129052519798,0.4746201355606092
UBFC_PHYS_s13_T2_ctrl,123,73,125.43333333333334,0.049234967678785324,0.5988726434626763
UBFC_PHYS_s13_T2_ctrl,123,74,125.46666666666667,0.023648004978895187,0.6710109590282767
UBFC_PHYS_s13_T2_ctrl,123,75,125.5,-0.03851200267672539,0.7224411468249833
UBFC_PHYS_s13_T2_ctrl,123,76,125.53333333333333,-0.1158824935555458,0.7787512967390002
UBFC_PHYS_s13_T2_ctrl,123,77,125.56666666666666,-0.16286826133728027,0.8476588056348512
UBFC_PHYS_s13_T2_ctrl,123,78,125.6,-0.13313598930835724,0.9141994523053515
UBFC_PHYS_s13_T2_ctrl,123,79,125.63333333333334,-0.03371424227952957,0.9451406361805028
UBFC_PHYS_s13_T2_ctrl,123,80,125.66666666666667,0.07202433794736862,0.9007757573847665
UBFC_PHYS_s13_T2_ctrl,123,81,125.7,0.11995252221822739,0.7492174569683053
UBFC_PHYS_s13_T2_ctrl,123,82,125.73333333333333,0.08908999711275101,0.4776655987799545
UBFC_PHYS_s13_T2_ctrl,123,83,125.76666666666667,0.008773626759648323,0.09707613445893148
UBFC_PHYS_s13_T2_ctrl,123,84,125.8,-0.0663495659828186,-0.35996636988040936
UBFC_PHYS_s13_T2_ctrl,123,85,125.83333333333333,-0.09354127198457718,-0.8456097741823545
UBFC_PHYS_s13_T2_ctrl,123,86,125.86666666666666,-0.06001954898238182,-1.3041323035214794
UBFC_PHYS_s13_T2_ctrl,123,87,125.9,0.014573118649423122,-1.6784597580524558
UBFC_PHYS_s13_T2_ctrl,123,88,125.93333333333334,0.09446770697832108,-1.9158117496584663
UBFC_PHYS_s13_T2_ctrl,123,89,125.96666666666667,0.14726614952087402,-1.9737627237517033
UBFC_PHYS_s13_T2_ctrl,123,90,126.0,0.15722085535526276,-1.8277790445056104
UBFC_PHYS_s13_T2_ctrl,123,91,126.03333333333333,0.11975481361150742,-1.479481448191135
UBFC_PHYS_s13_T2_ctrl,123,92,126.06666666666666,0.036845143884420395,-0.9624569264808767
UBFC_PHYS_s13_T2_ctrl,123,93,126.1,-0.08860182017087936,-0.34134315504959645
UBFC_PHYS_s13_T2_ctrl,123,94,126.13333333333334,-0.22526223957538605,0.29844883967170605
UBFC_PHYS_s13_T2_ctrl,123,95,126.16666666666667,-0.3244335353374481,0.869080007885488
UBFC_PHYS_s13_T2_ctrl,123,96,126.2,-0.350448876619339,1.3011444019615115
UBFC_PHYS_s13_T2_ctrl,123,97,126.23333333333333,-0.31119686365127563,1.5594292232830254
UBFC_PHYS_s13_T2_ctrl,123,98,126.26666666666667,-0.2181347906589508,1.6476159903126792
UBFC_PHYS_s13_T2_ctrl,123,99,126.3,-0.08047594130039215,1.600592819374961
UBFC_PHYS_s13_T2_ctrl,123,100,126.33333333333333,0.07602795958518982,1.468284245265464
UBFC_PHYS_s13_T2_ctrl,123,101,126.36666666666666,0.1884458363056183,1.2979804508705566
UBFC_PHYS_s13_T2_ctrl,123,102,126.4,0.21774974465370178,1.1215690033660441
UBFC_PHYS_s13_T2_ctrl,123,103,126.43333333333334,0.1764778047800064,0.9508727935516392
UBFC_PHYS_s13_T2_ctrl,123,104,126.46666666666667,0.08798611909151077,0.7806484557248353
UBFC_PHYS_s13_T2_ctrl,123,105,126.5,-0.05507021024823189,0.5963170050564538
UBFC_PHYS_s13_T2_ctrl,123,106,126.53333333333333,-0.2632785737514496,0.38280904544526684
UBFC_PHYS_s13_T2_ctrl,123,107,126.56666666666666,-0.48311224579811096,0.13161422436946585
UBFC_PHYS_s13_T2_ctrl,123,108,126.6,-0.6632457971572876,-0.15556698933531102
UBFC_PHYS_s13_T2_ctrl,123,109,126.63333333333334,-0.5640415549278259,-0.46678198911052093
UBFC_PHYS_s13_T2_ctrl,123,110,126.66666666666667,-0.16346469521522522,-0.7824192330313493
UBFC_PHYS_s13_T2_ctrl,123,111,126.7,0.27397847175598145,-1.0786937434032917
UBFC_PHYS_s13_T2_ctrl,123,112,126.73333333333333,0.5981338024139404,-1.3302603525908527
UBFC_PHYS_s13_T2_ctrl,123,113,126.76666666666667,0.8004701733589172,-1.5113915753080884
UBFC_PHYS_s13_T2_ctrl,123,114,126.8,0.8847044706344604,-1.5972214377306417
UBFC_PHYS_s13_T2_ctrl,123,115,126.83333333333333,0.8583662509918213,-1.567594974313968
UBFC_PHYS_s13_T2_ctrl,123,116,126.86666666666666,0.7213005423545837,-1.4145147625539942
UBFC_PHYS_s13_T2_ctrl,123,117,126.9,0.45970720052719116,-1.1506024136286825
UBFC_PHYS_s13_T2_ctrl,123,118,126.93333333333334,0.06635665148496628,-0.8128341957283085
UBFC_PHYS_s13_T2_ctrl,123,119,126.96666666666667,-0.3198334872722626,-0.45635592827811083
UBFC_PHYS_s13_T2_ctrl,123,120,127.0,-0.572823166847229,-0.13843580345162393
UBFC_PHYS_s13_T2_ctrl,123,121,127.03333333333333,-0.6769800186157227,0.10104192882038793
UBFC_PHYS_s13_T2_ctrl,123,122,127.06666666666666,-0.690654993057251,0.2533340785449209
UBFC_PHYS_s13_T2_ctrl,123,123,127.1,-0.6651833653450012,0.3419805651440109
UBFC_PHYS_s13_T2_ctrl,123,124,127.13333333333334,-0.6405783295631409,0.4105263296827065
UBFC_PHYS_s13_T2_ctrl,123,125,127.16666666666667,-0.6423511505126953,0.5023479683176619
UBFC_PHYS_s13_T2_ctrl,123,126,127.2,-0.679764449596405,0.6414110863701271
UBFC_PHYS_s13_T2_ctrl,123,127,127.23333333333333,-0.7282462120056152,0.8219696177535661
UBFC_PHYS_s13_T2_ctrl,123,128,127.26666666666667,-0.7746915817260742,1.011084821772369
UBFC_PHYS_s13_T2_ctrl,123,129,127.3,-0.8174200057983398,1.1622116127726099
UBFC_PHYS_s13_T2_ctrl,123,130,127.33333333333333,-0.8373425602912903,1.233391280472739
UBFC_PHYS_s13_T2_ctrl,123,131,127.36666666666666,-0.8425818681716919,1.202244030967799
UBFC_PHYS_s13_T2_ctrl,123,132,127.4,-0.7846001386642456,1.0725849319423553
UBFC_PHYS_s13_T2_ctrl,123,133,127.43333333333334,-0.5705165266990662,0.8716171975097606
UBFC_PHYS_s13_T2_ctrl,123,134,127.46666666666667,-0.24123060703277588,0.6396261083644111
UBFC_PHYS_s13_T2_ctrl,123,135,127.5,0.02203666977584362,0.41587971519638967
UBFC_PHYS_s13_T2_ctrl,123,136,127.53333333333333,0.09792104363441467,0.225710841602263
UBFC_PHYS_s13_T2_ctrl,123,137,127.56666666666666,0.045695960521698,0.07370125854554886
UBFC_PHYS_s13_T2_ctrl,123,138,127.6,-0.012523029930889606,-0.05435293130757892
UBFC_PHYS_s13_T2_ctrl,123,139,127.63333333333334,0.0183230172842741,-0.18175814782926125
UBFC_PHYS_s13_T2_ctrl,123,140,127.66666666666667,0.13463248312473297,-0.32808585330346673
UBFC_PHYS_s13_T2_ctrl,123,141,127.7,0.2780117392539978,-0.499092843635588
UBFC_PHYS_s13_T2_ctrl,123,142,127.73333333333333,0.45361772179603577,-0.6836315005201846
UBFC_PHYS_s13_T2_ctrl,123,143,127.76666666666667,0.6718796491622925,-0.8581211791814858
UBFC_PHYS_s13_T2_ctrl,123,144,127.8,0.9068579077720642,-0.99555436203714
UBFC_PHYS_s13_T2_ctrl,123,145,127.83333333333333,1.0620404481887817,-1.0742870377669327
UBFC_PHYS_s13_T2_ctrl,123,146,127.86666666666666,1.1710478067398071,-1.082777986797136
UBFC_PHYS_s13_T2_ctrl,123,147,127.9,1.3230175971984863,-1.0192559345321413
UBFC_PHYS_s13_T2_ctrl,123,148,127.93333333333334,1.6249635219573975,-0.8883064669024774
UBFC_PHYS_s13_T2_ctrl,123,149,127.96666666666667,1.954216480255127,-0.6977628946116858
UBFC_PHYS_s13_T2_ctrl,123,150,128.0,2.068977117538452,-0.4582642142170046
UBFC_PHYS_s13_T2_ctrl,123,151,128.03333333333333,1.8666507005691528,-0.18541913845273986
UBFC_PHYS_s13_T2_ctrl,123,152,128.06666666666666,1.4864578247070312,0.09757397348550055
UBFC_PHYS_s13_T2_ctrl,123,153,128.1,1.3378260135650635,0.35959534108864455
UBFC_PHYS_s13_T2_ctrl,123,154,128.13333333333333,1.3003698587417603,0.5651928794632238
UBFC_PHYS_s13_T2_ctrl,123,155,128.16666666666666,1.2211310863494873,0.6816807857750115
UBFC_PHYS_s13_T2_ctrl,123,156,128.2,0.922773540019989,0.6875501200017878
UBFC_PHYS_s13_T2_ctrl,123,157,128.23333333333332,0.2421174943447113,0.5793921569374655
UBFC_PHYS_s13_T2_ctrl,123,158,128.26666666666668,-0.7760920524597168,0.3752611232076836
UBFC_PHYS_s13_T2_ctrl,123,159,128.3,-1.6699057817459106,0.11357984439929007
UBFC_PHYS_s13_T2_ctrl,123,160,128.33333333333334,-2.11899733543396,-0.1525190810351485
UBFC_PHYS_s13_T2_ctrl,123,161,128.36666666666667,-1.7673734426498413,-0.36494342615780617
UBFC_PHYS_s13_T2_ctrl,123,162,128.4,-0.9984432458877563,-0.4730955964851505
UBFC_PHYS_s13_T2_ctrl,123,163,128.43333333333334,-0.4118839502334595,-0.4463172076054135
UBFC_PHYS_s13_T2_ctrl,123,164,128.46666666666667,-0.002472774125635624,-0.2824926972321533
UBFC_PHYS_s13_T2_ctrl,123,165,128.5,0.11609718203544617,-0.0092945040570951
UBFC_PHYS_s13_T2_ctrl,123,166,128.53333333333333,-0.22143325209617615,0.32306968183885837
UBFC_PHYS_s13_T2_ctrl,123,167,128.56666666666666,-0.7620776891708374,0.6553060673647062
UBFC_PHYS_s13_T2_ctrl,123,168,128.6,-1.23977792263031,0.933747318708855
UBFC_PHYS_s13_T2_ctrl,123,169,128.63333333333333,-1.6161879301071167,1.121208054794798
UBFC_PHYS_s13_T2_ctrl,123,170,128.66666666666666,-2.0425496101379395,1.2013020111572907
UBFC_PHYS_s13_T2_ctrl,123,171,128.7,-2.569733142852783,1.1766164724490313
UBFC_PHYS_s13_T2_ctrl,123,172,128.73333333333332,-2.9978082180023193,1.062827998552802
UBFC_PHYS_s13_T2_ctrl,123,173,128.76666666666668,-2.991194725036621,0.8811546157664364
UBFC_PHYS_s13_T2_ctrl,123,174,128.8,-2.4530744552612305,0.6513391196732997
UBFC_PHYS_s13_T2_ctrl,123,175,128.83333333333334,-1.737878441810608,0.38688108098694
UBFC_PHYS_s13_T2_ctrl,123,176,128.86666666666667,-1.1940475702285767,0.09347860050877847
UBFC_PHYS_s13_T2_ctrl,123,177,128.9,-0.8821700215339661,-0.2290781546731912
UBFC_PHYS_s13_T2_ctrl,123,178,128.93333333333334,-0.6786968111991882,-0.5818557904317223
UBFC_PHYS_s13_T2_ctrl,123,179,128.96666666666667,-0.5260977149009705,-0.9596421546431095
UBFC_PHYS_s13_T2_ctrl,123,180,129.0,-0.37709030508995056,-1.3439965866302608
UBFC_PHYS_s13_T2_ctrl,123,181,129.03333333333333,-0.1874864548444748,-1.6995825557308673
UBFC_PHYS_s13_T2_ctrl,123,182,129.06666666666666,0.03640688583254814,-1.9764138348532698
UBFC_PHYS_s13_T2_ctrl,123,183,129.1,0.27072614431381226,-2.118783106740713
UBFC_PHYS_s13_T2_ctrl,123,184,129.13333333333333,0.5461921095848083,-2.0790355681042176
UBFC_PHYS_s13_T2_ctrl,123,185,129.16666666666666,0.8699981570243835,-1.8321047675145115
UBFC_PHYS_s13_T2_ctrl,123,186,129.2,1.1905221939086914,-1.3859025638163383
UBFC_PHYS_s13_T2_ctrl,123,187,129.23333333333332,1.498986005783081,-0.7837407802324015
UBFC_PHYS_s13_T2_ctrl,123,188,129.26666666666668,1.8574670553207397,-0.0975990882099286
UBFC_PHYS_s13_T2_ctrl,123,189,129.3,2.2818515300750732,0.5860220714216009
UBFC_PHYS_s13_T2_ctrl,123,190,129.33333333333334,2.696805238723755,1.1838816156787737
UBFC_PHYS_s13_T2_ctrl,123,191,129.36666666666667,3.0518362522125244,1.6326261054131268
UBFC_PHYS_s13_T2_ctrl,123,192,129.4,3.39574933052063,1.8995294071258781
UBFC_PHYS_s13_T2_ctrl,123,193,129.43333333333334,3.732110023498535,1.9843818042073074
UBFC_PHYS_s13_T2_ctrl,123,194,129.46666666666667,3.8047749996185303,1.9129991390174952
UBFC_PHYS_s13_T2_ctrl,123,195,129.5,3.287562608718872,1.7258814373159357
UBFC_PHYS_s13_T2_ctrl,123,196,129.53333333333333,2.2662720680236816,1.4663579572517547
UBFC_PHYS_s13_T2_ctrl,123,197,129.56666666666666,1.280381441116333,1.1714613955946085
UBFC_PHYS_s13_T2_ctrl,123,198,129.6,0.7326359152793884,0.8670991449645554
UBFC_PHYS_s13_T2_ctrl,123,199,129.63333333333333,0.6002163290977478,0.5675726519655112
UBFC_PHYS_s13_T2_ctrl,123,200,129.66666666666666,0.5656566619873047,0.27837982020706026
UBFC_PHYS_s13_T2_ctrl,123,201,129.7,0.3933853805065155,0.0006095873045132479
UBFC_PHYS_s13_T2_ctrl,123,202,129.73333333333332,0.14238600432872772,-0.2648768082572758
UBFC_PHYS_s13_T2_ctrl,123,203,129.76666666666668,-0.01710990071296692,-0.5148677509342109
UBFC_PHYS_s13_T2_ctrl,123,204,129.8,-0.04046932980418205,-0.7433423230681365
UBFC_PHYS_s13_T2_ctrl,123,205,129.83333333333334,0.0037155472673475742,-0.9425810294160795
UBFC_PHYS_s13_T2_ctrl,123,206,129.86666666666667,0.006318728439509869,-1.1045190651756307
UBFC_PHYS_s13_T2_ctrl,123,207,129.9,-0.10975678265094757,-1.2211452956981577
UBFC_PHYS_s13_T2_ctrl,123,208,129.93333333333334,-0.3097074329853058,-1.2839065037770339
UBFC_PHYS_s13_T2_ctrl,123,209,129.96666666666667,-0.5080302953720093,-1.2833999384224746
UBFC_PHYS_s13_T2_ctrl,123,210,130.0,-0.6906088590621948,-1.210999954414177
UBFC_PHYS_s13_T2_ctrl,123,211,130.03333333333333,-0.9177380204200745,-1.0629033836454218
UBFC_PHYS_s13_T2_ctrl,123,212,130.06666666666666,-1.1763063669204712,-0.8449491155884267
UBFC_PHYS_s13_T2_ctrl,123,213,130.1,-1.3252182006835938,-0.5752701139010348
UBFC_PHYS_s13_T2_ctrl,123,214,130.13333333333333,-1.2723572254180908,-0.2826555688511014
UBFC_PHYS_s13_T2_ctrl,123,215,130.16666666666666,-1.112406611442566,-0.0006269764576823725
UBFC_PHYS_s13_T2_ctrl,123,216,130.2,-0.9681540727615356,0.24085848851382446
UBFC_PHYS_s13_T2_ctrl,123,217,130.23333333333332,-0.827345073223114,0.4230912250799502
UBFC_PHYS_s13_T2_ctrl,123,218,130.26666666666668,-0.6424071788787842,0.5426395066217369
UBFC_PHYS_s13_T2_ctrl,123,219,130.3,-0.43572118878364563,0.6099983302952516
UBFC_PHYS_s13_T2_ctrl,123,220,130.33333333333334,-0.23286087810993195,0.6435363263060575
UBFC_PHYS_s13_T2_ctrl,123,221,130.36666666666667,-0.052710872143507004,0.6614381546886923
UBFC_PHYS_s13_T2_ctrl,123,222,130.4,0.03910892456769943,0.6747498456060721
UBFC_PHYS_s13_T2_ctrl,123,223,130.43333333333334,-0.01690560020506382,0.6838774154554492
UBFC_PHYS_s13_T2_ctrl,123,224,130.46666666666667,-0.16577789187431335,0.6797563415200081
UBFC_PHYS_s13_T2_ctrl,123,225,130.5,-0.27003034949302673,0.6491851079923774
UBFC_PHYS_s13_T2_ctrl,123,226,130.53333333333333,-0.2624020576477051,0.5816490019983832
UBFC_PHYS_s13_T2_ctrl,123,227,130.56666666666666,-0.20406772196292877,0.474110664276174
UBFC_PHYS_s13_T2_ctrl,123,228,130.6,-0.1583242267370224,0.3318682085797937
UBFC_PHYS_s13_T2_ctrl,123,229,130.63333333333333,-0.1280680149793625,0.1661904180190623
UBFC_PHYS_s13_T2_ctrl,123,230,130.66666666666666,-0.08583058416843414,-0.00909899018356701
UBFC_PHYS_s13_T2_ctrl,123,231,130.7,-0.006394021678715944,-0.18013705371040256
UBFC_PHYS_s13_T2_ctrl,123,232,130.73333333333332,0.10964854061603546,-0.3339319488714148
UBFC_PHYS_s13_T2_ctrl,123,233,130.76666666666668,0.21406245231628418,-0.4582267134974031
UBFC_PHYS_s13_T2_ctrl,123,234,130.8,0.24390678107738495,-0.5414203036972979
UBFC_PHYS_s13_T2_ctrl,123,235,130.83333333333334,0.18252772092819214,-0.5734788358329898
UBFC_PHYS_s13_T2_ctrl,123,236,130.86666666666667,0.05464892461895943,-0.5481790208294534
UBFC_PHYS_s13_T2_ctrl,123,237,130.9,-0.09954506158828735,-0.46608472107807974
UBFC_PHYS_s13_T2_ctrl,123,238,130.93333333333334,-0.2368282675743103,-0.3366783968053736
UBFC_PHYS_s13_T2_ctrl,123,239,130.96666666666667,-0.34706804156303406,-0.17798512513584408
UBFC_PHYS_s13_T2_ctrl,124,0,124.0,1.0919440984725952,0.06688484943492981
UBFC_PHYS_s13_T2_ctrl,124,1,124.03333333333333,1.3316442966461182,-0.0001863001296329306
UBFC_PHYS_s13_T2_ctrl,124,2,124.06666666666666,1.6502374410629272,-0.06340977410364398
UBFC_PHYS_s13_T2_ctrl,124,3,124.1,1.9342774152755737,-0.11508866343579148
UBFC_PHYS_s13_T2_ctrl,124,4,124.13333333333334,2.135605573654175,-0.14486594744920891
UBFC_PHYS_s13_T2_ctrl,124,5,124.16666666666667,2.373533010482788,-0.14048293778681065
UBFC_PHYS_s13_T2_ctrl,124,6,124.2,2.6856048107147217,-0.09078721822260996
UBFC_PHYS_s13_T2_ctrl,124,7,124.23333333333333,2.9026541709899902,0.009376097857061602
UBFC_PHYS_s13_T2_ctrl,124,8,124.26666666666667,2.593873977661133,0.15423134807868125
UBFC_PHYS_s13_T2_ctrl,124,9,124.3,1.478121042251587,0.3247551984429544
UBFC_PHYS_s13_T2_ctrl,124,10,124.33333333333333,-0.06657034158706665,0.49076671774445385
UBFC_PHYS_s13_T2_ctrl,124,11,124.36666666666666,-1.4586691856384277,0.6172037653067887
UBFC_PHYS_s13_T2_ctrl,124,12,124.4,-2.3819780349731445,0.6725078210539368
UBFC_PHYS_s13_T2_ctrl,124,13,124.43333333333334,-2.778369903564453,0.636328237489969
UBFC_PHYS_s13_T2_ctrl,124,14,124.46666666666667,-2.7742509841918945,0.5044216845750057
UBFC_PHYS_s13_T2_ctrl,124,15,124.5,-2.5857081413269043,0.2899570057551735
UBFC_PHYS_s13_T2_ctrl,124,16,124.53333333333333,-2.377216339111328,0.021514733784482726
UBFC_PHYS_s13_T2_ctrl,124,17,124.56666666666666,-2.165001153945923,-0.2614964239725309
UBFC_PHYS_s13_T2_ctrl,124,18,124.6,-1.904221773147583,-0.5153263877356288
UBFC_PHYS_s13_T2_ctrl,124,19,124.63333333333334,-1.6223862171173096,-0.6995845218164336
UBFC_PHYS_s13_T2_ctrl,124,20,124.66666666666667,-1.3906832933425903,-0.7850333920756759
UBFC_PHYS_s13_T2_ctrl,124,21,124.7,-1.2204813957214355,-0.7597201006883706
UBFC_PHYS_s13_T2_ctrl,124,22,124.73333333333333,-1.0505200624465942,-0.6314578800354593
UBFC_PHYS_s13_T2_ctrl,124,23,124.76666666666667,-0.8588501214981079,-0.4254355142011784
UBFC_PHYS_s13_T2_ctrl,124,24,124.8,-0.6897784471511841,-0.17751748877151652
UBFC_PHYS_s13_T2_ctrl,124,25,124.83333333333333,-0.5752944946289062,0.07431479997031383
UBFC_PHYS_s13_T2_ctrl,124,26,124.86666666666666,-0.49959468841552734,0.2971677612905338
UBFC_PHYS_s13_T2_ctrl,124,27,124.9,-0.41981542110443115,0.4669811970369691
UBFC_PHYS_s13_T2_ctrl,124,28,124.93333333333334,-0.2668933570384979,0.5691486492685476
UBFC_PHYS_s13_T2_ctrl,124,29,124.96666666666667,-0.041833531111478806,0.5979591051905011
UBFC_PHYS_s13_T2_ctrl,124,30,125.0,0.1303817182779312,0.5561740979168726
UBFC_PHYS_s13_T2_ctrl,124,31,125.03333333333333,0.16975565254688263,0.45454499590855385
UBFC_PHYS_s13_T2_ctrl,124,32,125.06666666666666,0.15177394449710846,0.3105624397781401
UBFC_PHYS_s13_T2_ctrl,124,33,125.1,0.12590359151363373,0.1461361784040925
UBFC_PHYS_s13_T2_ctrl,124,34,125.13333333333334,0.08747866004705429,-0.015666227449193465
UBFC_PHYS_s13_T2_ctrl,124,35,125.16666666666667,0.06788890063762665,-0.15448369836527934
UBFC_PHYS_s13_T2_ctrl,124,36,125.2,0.08061812818050385,-0.25658373610925017
UBFC_PHYS_s13_T2_ctrl,124,37,125.23333333333333,0.0873040184378624,-0.3178215092159759
UBFC_PHYS_s13_T2_ctrl,124,38,125.26666666666667,0.0744495764374733,-0.3440692866968185
UBFC_PHYS_s13_T2_ctrl,124,39,125.3,0.05528159812092781,-0.3478995991469645
UBFC_PHYS_s13_T2_ctrl,124,40,125.33333333333333,0.0344100184738636,-0.34205912791405474
UBFC_PHYS_s13_T2_ctrl,124,41,125.36666666666666,0.02667626366019249,-0.3323945410139461
UBFC_PHYS_s13_T2_ctrl,124,42,125.4,0.04063129052519798,-0.3138266178956256
UBFC_PHYS_s13_T2_ctrl,124,43,125.43333333333334,0.049234967678785324,-0.2718868760094634
UBFC_PHYS_s13_T2_ctrl,124,44,125.46666666666667,0.023648004978895187,-0.18961124395173307
UBFC_PHYS_s13_T2_ctrl,124,45,125.5,-0.03851200267672539,-0.05687635551959831
UBFC_PHYS_s13_T2_ctrl,124,46,125.53333333333333,-0.1158824935555458,0.12185233864034602
UBFC_PHYS_s13_T2_ctrl,124,47,125.56666666666666,-0.16286826133728027,0.3247018275552639
UBFC_PHYS_s13_T2_ctrl,124,48,125.6,-0.13313598930835724,0.5159516097138246
UBFC_PHYS_s13_T2_ctrl,124,49,125.63333333333334,-0.03371424227952957,0.6549701803351524
UBFC_PHYS_s13_T2_ctrl,124,50,125.66666666666667,0.07202433794736862,0.7073084844879997
UBFC_PHYS_s13_T2_ctrl,124,51,125.7,0.11995252221822739,0.6537944150207223
UBFC_PHYS_s13_T2_ctrl,124,52,125.73333333333333,0.08908999711275101,0.4944287368327237
UBFC_PHYS_s13_T2_ctrl,124,53,125.76666666666667,0.008773626759648323,0.24630788229113607
UBFC_PHYS_s13_T2_ctrl,124,54,125.8,-0.0663495659828186,-0.06250546260029802
UBFC_PHYS_s13_T2_ctrl,124,55,125.83333333333333,-0.09354127198457718,-0.39974493017100987
UBFC_PHYS_s13_T2_ctrl,124,56,125.86666666666666,-0.06001954898238182,-0.7334164907382473
UBFC_PHYS_s13_T2_ctrl,124,57,125.9,0.014573118649423122,-1.0329828915382255
UBFC_PHYS_s13_T2_ctrl,124,58,125.93333333333334,0.09446770697832108,-1.2683437196140837
UBFC_PHYS_s13_T2_ctrl,124,59,125.96666666666667,0.14726614952087402,-1.408989049008784
UBFC_PHYS_s13_T2_ctrl,124,60,126.0,0.15722085535526276,-1.4256887926004966
UBFC_PHYS_s13_T2_ctrl,124,61,126.03333333333333,0.11975481361150742,-1.295776360734177
UBFC_PHYS_s13_T2_ctrl,124,62,126.06666666666666,0.036845143884420395,-1.0110171054372359
UBFC_PHYS_s13_T2_ctrl,124,63,126.1,-0.08860182017087936,-0.5851012783591353
UBFC_PHYS_s13_T2_ctrl,124,64,126.13333333333334,-0.22526223957538605,-0.05694648909631628
UBFC_PHYS_s13_T2_ctrl,124,65,126.16666666666667,-0.3244335353374481,0.5130203814928234
UBFC_PHYS_s13_T2_ctrl,124,66,126.2,-0.350448876619339,1.053716507700912
UBFC_PHYS_s13_T2_ctrl,124,67,126.23333333333333,-0.31119686365127563,1.4983960543919066
UBFC_PHYS_s13_T2_ctrl,124,68,126.26666666666667,-0.2181347906589508,1.798895642711849
UBFC_PHYS_s13_T2_ctrl,124,69,126.3,-0.08047594130039215,1.9344093456932112
UBFC_PHYS_s13_T2_ctrl,124,70,126.33333333333333,0.07602795958518982,1.9121928593614907
UBFC_PHYS_s13_T2_ctrl,124,71,126.36666666666666,0.1884458363056183,1.7607489385895458
UBFC_PHYS_s13_T2_ctrl,124,72,126.4,0.21774974465370178,1.518819867208194
UBFC_PHYS_s13_T2_ctrl,124,73,126.43333333333334,0.1764778047800064,1.2245060933901457
UBFC_PHYS_s13_T2_ctrl,124,74,126.46666666666667,0.08798611909151077,0.9076393680954303
UBFC_PHYS_s13_T2_ctrl,124,75,126.5,-0.05507021024823189,0.5864186757983617
UBFC_PHYS_s13_T2_ctrl,124,76,126.53333333333333,-0.2632785737514496,0.26780178329360593
UBFC_PHYS_s13_T2_ctrl,124,77,126.56666666666666,-0.48311224579811096,-0.0493685406683032
UBFC_PHYS_s13_T2_ctrl,124,78,126.6,-0.6632457971572876,-0.36945291111674916
UBFC_PHYS_s13_T2_ctrl,124,79,126.63333333333334,-0.5640415549278259,-0.6941896822816939
UBFC_PHYS_s13_T2_ctrl,124,80,126.66666666666667,-0.16346469521522522,-1.0170889681037825
UBFC_PHYS_s13_T2_ctrl,124,81,126.7,0.27397847175598145,-1.319629417707094
UBFC_PHYS_s13_T2_ctrl,124,82,126.73333333333333,0.5981338024139404,-1.5710243307863658
UBFC_PHYS_s13_T2_ctrl,124,83,126.76666666666667,0.8004701733589172,-1.7328343672308621
UBFC_PHYS_s13_T2_ctrl,124,84,126.8,0.8847044706344604,-1.7683979499754285
UBFC_PHYS_s13_T2_ctrl,124,85,126.83333333333333,0.8583662509918213,-1.6552013949490338
UBFC_PHYS_s13_T2_ctrl,124,86,126.86666666666666,0.7213005423545837,-1.3965154111530471
UBFC_PHYS_s13_T2_ctrl,124,87,126.9,0.45970720052719116,-1.027590117852845
UBFC_PHYS_s13_T2_ctrl,124,88,126.93333333333334,0.06635665148496628,-0.612241429346308
UBFC_PHYS_s13_T2_ctrl,124,89,126.96666666666667,-0.3198334872722626,-0.22854168221714596
UBFC_PHYS_s13_T2_ctrl,124,90,127.0,-0.572823166847229,0.05291666962907789
UBFC_PHYS_s13_T2_ctrl,124,91,127.03333333333333,-0.6769800186157227,0.19056074873195672
UBFC_PHYS_s13_T2_ctrl,124,92,127.06666666666666,-0.690654993057251,0.1846514250490225
UBFC_PHYS_s13_T2_ctrl,124,93,127.1,-0.6651833653450012,0.07599199405013142
UBFC_PHYS_s13_T2_ctrl,124,94,127.13333333333334,-0.6405783295631409,-0.06896043453177939
UBFC_PHYS_s13_T2_ctrl,124,95,127.16666666666667,-0.6423511505126953,-0.18049266765022617
UBFC_PHYS_s13_T2_ctrl,124,96,127.2,-0.679764449596405,-0.20693469020202832
UBFC_PHYS_s13_T2_ctrl,124,97,127.23333333333333,-0.7282462120056152,-0.1273460654812911
UBFC_PHYS_s13_T2_ctrl,124,98,127.26666666666667,-0.7746915817260742,0.048124294198284026
UBFC_PHYS_s13_T2_ctrl,124,99,127.3,-0.8174200057983398,0.2886720160789142
UBFC_PHYS_s13_T2_ctrl,124,100,127.33333333333333,-0.8373425602912903,0.5578113924669535
UBFC_PHYS_s13_T2_ctrl,124,101,127.36666666666666,-0.8425818681716919,0.8252721747126147
UBFC_PHYS_s13_T2_ctrl,124,102,127.4,-0.7846001386642456,1.071312377161644
UBFC_PHYS_s13_T2_ctrl,124,103,127.43333333333334,-0.5705165266990662,1.2838981475479994
UBFC_PHYS_s13_T2_ctrl,124,104,127.46666666666667,-0.24123060703277588,1.452569435071712
UBFC_PHYS_s13_T2_ctrl,124,105,127.5,0.02203666977584362,1.5634972577496464
UBFC_PHYS_s13_T2_ctrl,124,106,127.53333333333333,0.09792104363441467,1.598813281418947
UBFC_PHYS_s13_T2_ctrl,124,107,127.56666666666666,0.045695960521698,1.5407081033444345
UBFC_PHYS_s13_T2_ctrl,124,108,127.6,-0.012523029930889606,1.378213026509914
UBFC_PHYS_s13_T2_ctrl,124,109,127.63333333333334,0.0183230172842741,1.1132187604151311
UBFC_PHYS_s13_T2_ctrl,124,110,127.66666666666667,0.13463248312473297,0.7627549556923052
UBFC_PHYS_s13_T2_ctrl,124,111,127.7,0.2780117392539978,0.35638632356878547
UBFC_PHYS_s13_T2_ctrl,124,112,127.73333333333333,0.45361772179603577,-0.07025675373940188
UBFC_PHYS_s13_T2_ctrl,124,113,127.76666666666667,0.6718796491622925,-0.48322979712715625
UBFC_PHYS_s13_T2_ctrl,124,114,127.8,0.9068579077720642,-0.8563096694443266
UBFC_PHYS_s13_T2_ctrl,124,115,127.83333333333333,1.0620404481887817,-1.1730933638897971
UBFC_PHYS_s13_T2_ctrl,124,116,127.86666666666666,1.1710478067398071,-1.4245908930724542
UBFC_PHYS_s13_T2_ctrl,124,117,127.9,1.3230175971984863,-1.603790668592242
UBFC_PHYS_s13_T2_ctrl,124,118,127.93333333333334,1.6249635219573975,-1.7003900854425
UBFC_PHYS_s13_T2_ctrl,124,119,127.96666666666667,1.954216480255127,-1.6992777786601811
UBFC_PHYS_s13_T2_ctrl,124,120,128.0,2.068977117538452,-1.5848464887165576
UBFC_PHYS_s13_T2_ctrl,124,121,128.03333333333333,1.8666507005691528,-1.3502313024344474
UBFC_PHYS_s13_T2_ctrl,124,122,128.06666666666666,1.4864578247070312,-1.0074461260230785
UBFC_PHYS_s13_T2_ctrl,124,123,128.1,1.3378260135650635,-0.5929698561809151
UBFC_PHYS_s13_T2_ctrl,124,124,128.13333333333333,1.3003698587417603,-0.16473510550262344
UBFC_PHYS_s13_T2_ctrl,124,125,128.16666666666666,1.2211310863494873,0.20992722512457668
UBFC_PHYS_s13_T2_ctrl,124,126,128.2,0.922773540019989,0.4718021332072867
UBFC_PHYS_s13_T2_ctrl,124,127,128.23333333333332,0.2421174943447113,0.5866609570287434
UBFC_PHYS_s13_T2_ctrl,124,128,128.26666666666668,-0.7760920524597168,0.555536053569415
UBFC_PHYS_s13_T2_ctrl,124,129,128.3,-1.6699057817459106,0.4148970147742661
UBFC_PHYS_s13_T2_ctrl,124,130,128.33333333333334,-2.11899733543396,0.226705797717866
UBFC_PHYS_s13_T2_ctrl,124,131,128.36666666666667,-1.7673734426498413,0.0615040013158724
UBFC_PHYS_s13_T2_ctrl,124,132,128.4,-0.9984432458877563,-0.020420295952622004
UBFC_PHYS_s13_T2_ctrl,124,133,128.43333333333334,-0.4118839502334595,0.015520273087967548
UBFC_PHYS_s13_T2_ctrl,124,134,128.46666666666667,-0.002472774125635624,0.1702412672025936
UBFC_PHYS_s13_T2_ctrl,124,135,128.5,0.11609718203544617,0.4123751508985281
UBFC_PHYS_s13_T2_ctrl,124,136,128.53333333333333,-0.22143325209617615,0.688285377350501
UBFC_PHYS_s13_T2_ctrl,124,137,128.56666666666666,-0.7620776891708374,0.9374552737317158
UBFC_PHYS_s13_T2_ctrl,124,138,128.6,-1.23977792263031,1.1082773026992312
UBFC_PHYS_s13_T2_ctrl,124,139,128.63333333333333,-1.6161879301071167,1.1693371496588538
UBFC_PHYS_s13_T2_ctrl,124,140,128.66666666666666,-2.0425496101379395,1.1134330257976435
UBFC_PHYS_s13_T2_ctrl,124,141,128.7,-2.569733142852783,0.9545052021905197
UBFC_PHYS_s13_T2_ctrl,124,142,128.73333333333332,-2.9978082180023193,0.7197935083235484
UBFC_PHYS_s13_T2_ctrl,124,143,128.76666666666668,-2.991194725036621,0.44035756985344526
UBFC_PHYS_s13_T2_ctrl,124,144,128.8,-2.4530744552612305,0.14284041259666846
UBFC_PHYS_s13_T2_ctrl,124,145,128.83333333333334,-1.737878441810608,-0.15545638436809858
UBFC_PHYS_s13_T2_ctrl,124,146,128.86666666666667,-1.1940475702285767,-0.4471035702457752
UBFC_PHYS_s13_T2_ctrl,124,147,128.9,-0.8821700215339661,-0.7307474118837111
UBFC_PHYS_s13_T2_ctrl,124,148,128.93333333333334,-0.6786968111991882,-1.0043601885968636
UBFC_PHYS_s13_T2_ctrl,124,149,128.96666666666667,-0.5260977149009705,-1.2579926667805972
UBFC_PHYS_s13_T2_ctrl,124,150,129.0,-0.37709030508995056,-1.4688859977810997
UBFC_PHYS_s13_T2_ctrl,124,151,129.03333333333333,-0.1874864548444748,-1.601408337881192
UBFC_PHYS_s13_T2_ctrl,124,152,129.06666666666666,0.03640688583254814,-1.613108479746265
UBFC_PHYS_s13_T2_ctrl,124,153,129.1,0.27072614431381226,-1.4661985280544343
UBFC_PHYS_s13_T2_ctrl,124,154,129.13333333333333,0.5461921095848083,-1.1414064273097593
UBFC_PHYS_s13_T2_ctrl,124,155,129.16666666666666,0.8699981570243835,-0.6495723713300706
UBFC_PHYS_s13_T2_ctrl,124,156,129.2,1.1905221939086914,-0.036556225547316336
UBFC_PHYS_s13_T2_ctrl,124,157,129.23333333333332,1.498986005783081,0.6212993365569167
UBFC_PHYS_s13_T2_ctrl,124,158,129.26666666666668,1.8574670553207397,1.2313387376487206
UBFC_PHYS_s13_T2_ctrl,124,159,129.3,2.2818515300750732,1.7051392556765834
UBFC_PHYS_s13_T2_ctrl,124,160,129.33333333333334,2.696805238723755,1.9787457983002272
UBFC_PHYS_s13_T2_ctrl,124,161,129.36666666666667,3.0518362522125244,2.0253682806330073
UBFC_PHYS_s13_T2_ctrl,124,162,129.4,3.39574933052063,1.8570647146913692
UBFC_PHYS_s13_T2_ctrl,124,163,129.43333333333334,3.732110023498535,1.5168930361470292
UBFC_PHYS_s13_T2_ctrl,124,164,129.46666666666667,3.8047749996185303,1.065615580637395
UBFC_PHYS_s13_T2_ctrl,124,165,129.5,3.287562608718872,0.5673257676042305
UBFC_PHYS_s13_T2_ctrl,124,166,129.53333333333333,2.2662720680236816,0.07777727563761569
UBFC_PHYS_s13_T2_ctrl,124,167,129.56666666666666,1.280381441116333,-0.3621308153810658
UBFC_PHYS_s13_T2_ctrl,124,168,129.6,0.7326359152793884,-0.7273979754967616
UBFC_PHYS_s13_T2_ctrl,124,169,129.63333333333333,0.6002163290977478,-1.006116825886598
UBFC_PHYS_s13_T2_ctrl,124,170,129.66666666666666,0.5656566619873047,-1.1951420061791562
UBFC_PHYS_s13_T2_ctrl,124,171,129.7,0.3933853805065155,-1.2960697551179534
UBFC_PHYS_s13_T2_ctrl,124,172,129.73333333333332,0.14238600432872772,-1.3124117329855374
UBFC_PHYS_s13_T2_ctrl,124,173,129.76666666666668,-0.01710990071296692,-1.2482031048389495
UBFC_PHYS_s13_T2_ctrl,124,174,129.8,-0.04046932980418205,-1.1082009648248807
UBFC_PHYS_s13_T2_ctrl,124,175,129.83333333333334,0.0037155472673475742,-0.8997043554195662
UBFC_PHYS_s13_T2_ctrl,124,176,129.86666666666667,0.006318728439509869,-0.6353427291426416
UBFC_PHYS_s13_T2_ctrl,124,177,129.9,-0.10975678265094757,-0.33539332382844544
UBFC_PHYS_s13_T2_ctrl,124,178,129.93333333333334,-0.3097074329853058,-0.028032430196555398
UBFC_PHYS_s13_T2_ctrl,124,179,129.96666666666667,-0.5080302953720093,0.25343024168592854
UBFC_PHYS_s13_T2_ctrl,124,180,130.0,-0.6906088590621948,0.47609554466561005
UBFC_PHYS_s13_T2_ctrl,124,181,130.03333333333333,-0.9177380204200745,0.6142266141763673
UBFC_PHYS_s13_T2_ctrl,124,182,130.06666666666666,-1.1763063669204712,0.6547678660322154
UBFC_PHYS_s13_T2_ctrl,124,183,130.1,-1.3252182006835938,0.5995507552974861
UBFC_PHYS_s13_T2_ctrl,124,184,130.13333333333333,-1.2723572254180908,0.4637883905509843
UBFC_PHYS_s13_T2_ctrl,124,185,130.16666666666666,-1.112406611442566,0.272265887226952
UBFC_PHYS_s13_T2_ctrl,124,186,130.2,-0.9681540727615356,0.05525720749211203
UBFC_PHYS_s13_T2_ctrl,124,187,130.23333333333332,-0.827345073223114,-0.15453343437288444
UBFC_PHYS_s13_T2_ctrl,124,188,130.26666666666668,-0.6424071788787842,-0.3241157129429497
UBFC_PHYS_s13_T2_ctrl,124,189,130.3,-0.43572118878364563,-0.4226746290440223
UBFC_PHYS_s13_T2_ctrl,124,190,130.33333333333334,-0.23286087810993195,-0.4256348358990737
UBFC_PHYS_s13_T2_ctrl,124,191,130.36666666666667,-0.052710872143507004,-0.3203937171178227
UBFC_PHYS_s13_T2_ctrl,124,192,130.4,0.03910892456769943,-0.11192467222836495
UBFC_PHYS_s13_T2_ctrl,124,193,130.43333333333334,-0.01690560020506382,0.17464142320859075
UBFC_PHYS_s13_T2_ctrl,124,194,130.46666666666667,-0.16577789187431335,0.49666835614347543
UBFC_PHYS_s13_T2_ctrl,124,195,130.5,-0.27003034949302673,0.8021373521191946
UBFC_PHYS_s13_T2_ctrl,124,196,130.53333333333333,-0.2624020576477051,1.0413030397237926
UBFC_PHYS_s13_T2_ctrl,124,197,130.56666666666666,-0.20406772196292877,1.1782312118922549
UBFC_PHYS_s13_T2_ctrl,124,198,130.6,-0.1583242267370224,1.1979683880819634
UBFC_PHYS_s13_T2_ctrl,124,199,130.63333333333333,-0.1280680149793625,1.1066328409506667
UBFC_PHYS_s13_T2_ctrl,124,200,130.66666666666666,-0.08583058416843414,0.9252256575055227
UBFC_PHYS_s13_T2_ctrl,124,201,130.7,-0.006394021678715944,0.6809078145689934
UBFC_PHYS_s13_T2_ctrl,124,202,130.73333333333332,0.10964854061603546,0.39967694590376496
UBFC_PHYS_s13_T2_ctrl,124,203,130.76666666666668,0.21406245231628418,0.10251867908996948
UBFC_PHYS_s13_T2_ctrl,124,204,130.8,0.24390678107738495,-0.19491961813297656
UBFC_PHYS_s13_T2_ctrl,124,205,130.83333333333334,0.18252772092819214,-0.48037122470754956
UBFC_PHYS_s13_T2_ctrl,124,206,130.86666666666667,0.05464892461895943,-0.7423834154601588
UBFC_PHYS_s13_T2_ctrl,124,207,130.9,-0.09954506158828735,-0.9685739300162142
UBFC_PHYS_s13_T2_ctrl,124,208,130.93333333333334,-0.2368282675743103,-1.1454987596823036
UBFC_PHYS_s13_T2_ctrl,124,209,130.96666666666667,-0.34706804156303406,-1.2601049663384685
UBFC_PHYS_s13_T2_ctrl,124,210,131.0,-0.4973473846912384,-1.3020109108940774
UBFC_PHYS_s13_T2_ctrl,124,211,131.03333333333333,-0.7854107618331909,-1.2655634174623407
UBFC_PHYS_s13_T2_ctrl,124,212,131.06666666666666,-1.191421389579773,-1.1509466537281206
UBFC_PHYS_s13_T2_ctrl,124,213,131.1,-1.592966914176941,-0.9643318121042898
UBFC_PHYS_s13_T2_ctrl,124,214,131.13333333333333,-1.915665864944458,-0.7176567198005165
UBFC_PHYS_s13_T2_ctrl,124,215,131.16666666666666,-2.2123000621795654,-0.4285688519804607
UBFC_PHYS_s13_T2_ctrl,124,216,131.2,-2.587942361831665,-0.12028328858180838
UBFC_PHYS_s13_T2_ctrl,124,217,131.23333333333332,-3.0356860160827637,0.17967138936752702
UBFC_PHYS_s13_T2_ctrl,124,218,131.26666666666668,-3.311234474182129,0.442785497986583
UBFC_PHYS_s13_T2_ctrl,124,219,131.3,-3.1576039791107178,0.6448544163166687
UBFC_PHYS_s13_T2_ctrl,124,220,131.33333333333334,-2.673013687133789,0.7715488813767732
UBFC_PHYS_s13_T2_ctrl,124,221,131.36666666666667,-2.143599033355713,0.8217667091680578
UBFC_PHYS_s13_T2_ctrl,124,222,131.4,-1.7002345323562622,0.8069560810657894
UBFC_PHYS_s13_T2_ctrl,124,223,131.43333333333334,-1.3396180868148804,0.7464423067293063
UBFC_PHYS_s13_T2_ctrl,124,224,131.46666666666667,-1.0639115571975708,0.6606839292681213
UBFC_PHYS_s13_T2_ctrl,124,225,131.5,-0.8372601866722107,0.565239475558607
UBFC_PHYS_s13_T2_ctrl,124,226,131.53333333333333,-0.6005980968475342,0.46760731837325975
UBFC_PHYS_s13_T2_ctrl,124,227,131.56666666666666,-0.37550532817840576,0.3676453088311604
UBFC_PHYS_s13_T2_ctrl,124,228,131.6,-0.21407844126224518,0.2609120335728363
UBFC_PHYS_s13_T2_ctrl,124,229,131.63333333333333,-0.10010524094104767,0.14337688491255274
UBFC_PHYS_s13_T2_ctrl,124,230,131.66666666666666,0.01627012901008129,0.015582749407877104
UBFC_PHYS_s13_T2_ctrl,124,231,131.7,0.13296183943748474,-0.11539559818345106
UBFC_PHYS_s13_T2_ctrl,124,232,131.73333333333332,0.21294869482517242,-0.23697724370507328
UBFC_PHYS_s13_T2_ctrl,124,233,131.76666666666668,0.2626397907733917,-0.3346199324619427
UBFC_PHYS_s13_T2_ctrl,124,234,131.8,0.3265099823474884,-0.39628895831671734
UBFC_PHYS_s13_T2_ctrl,124,235,131.83333333333334,0.4100589156150818,-0.41586258399562726
UBFC_PHYS_s13_T2_ctrl,124,236,131.86666666666667,0.48179468512535095,-0.3941390499647755
UBFC_PHYS_s13_T2_ctrl,124,237,131.9,0.5385440587997437,-0.3374313949735951
UBFC_PHYS_s13_T2_ctrl,124,238,131.93333333333334,0.6122799515724182,-0.2549607425951972
UBFC_PHYS_s13_T2_ctrl,124,239,131.96666666666667,0.7115468382835388,-0.15665909442940668
UBFC_PHYS_s13_T2_ctrl,125,0,125.0,0.1303817182779312,-0.01490683197180572
UBFC_PHYS_s13_T2_ctrl,125,1,125.03333333333333,0.16975565254688263,-0.25246144336245413
UBFC_PHYS_s13_T2_ctrl,125,2,125.06666666666666,0.15177394449710846,-0.47034389775673735
UBFC_PHYS_s13_T2_ctrl,125,3,125.1,0.12590359151363373,-0.6494922751759565
UBFC_PHYS_s13_T2_ctrl,125,4,125.13333333333334,0.08747866004705429,-0.7720363882549091
UBFC_PHYS_s13_T2_ctrl,125,5,125.16666666666667,0.06788890063762665,-0.8242630163116073
UBFC_PHYS_s13_T2_ctrl,125,6,125.2,0.08061812818050385,-0.8002525772967838
UBFC_PHYS_s13_T2_ctrl,125,7,125.23333333333333,0.0873040184378624,-0.7046697239993647
UBFC_PHYS_s13_T2_ctrl,125,8,125.26666666666667,0.0744495764374733,-0.5531980117623049
UBFC_PHYS_s13_T2_ctrl,125,9,125.3,0.05528159812092781,-0.369731170760003
UBFC_PHYS_s13_T2_ctrl,125,10,125.33333333333333,0.0344100184738636,-0.180632530572122
UBFC_PHYS_s13_T2_ctrl,125,11,125.36666666666666,0.02667626366019249,-0.007821063198675388
UBFC_PHYS_s13_T2_ctrl,125,12,125.4,0.04063129052519798,0.13654562230222492
UBFC_PHYS_s13_T2_ctrl,125,13,125.43333333333334,0.049234967678785324,0.2513804651540289
UBFC_PHYS_s13_T2_ctrl,125,14,125.46666666666667,0.023648004978895187,0.3434766502799283
UBFC_PHYS_s13_T2_ctrl,125,15,125.5,-0.03851200267672539,0.4214861322797407
UBFC_PHYS_s13_T2_ctrl,125,16,125.53333333333333,-0.1158824935555458,0.4897420494591635
UBFC_PHYS_s13_T2_ctrl,125,17,125.56666666666666,-0.16286826133728027,0.5444293715565668
UBFC_PHYS_s13_T2_ctrl,125,18,125.6,-0.13313598930835724,0.5737419484189967
UBFC_PHYS_s13_T2_ctrl,125,19,125.63333333333334,-0.03371424227952957,0.562092896099525
UBFC_PHYS_s13_T2_ctrl,125,20,125.66666666666667,0.07202433794736862,0.4964646163420326
UBFC_PHYS_s13_T2_ctrl,125,21,125.7,0.11995252221822739,0.3719111148165972
UBFC_PHYS_s13_T2_ctrl,125,22,125.73333333333333,0.08908999711275101,0.19398658080088435
UBFC_PHYS_s13_T2_ctrl,125,23,125.76666666666667,0.008773626759648323,-0.02229604592528658
UBFC_PHYS_s13_T2_ctrl,125,24,125.8,-0.0663495659828186,-0.2558362152340913
UBFC_PHYS_s13_T2_ctrl,125,25,125.83333333333333,-0.09354127198457718,-0.4834259190138126
UBFC_PHYS_s13_T2_ctrl,125,26,125.86666666666666,-0.06001954898238182,-0.6829637428198664
UBFC_PHYS_s13_T2_ctrl,125,27,125.9,0.014573118649423122,-0.8353452828987662
UBFC_PHYS_s13_T2_ctrl,125,28,125.93333333333334,0.09446770697832108,-0.9252329277333557
UBFC_PHYS_s13_T2_ctrl,125,29,125.96666666666667,0.14726614952087402,-0.941340446033566
UBFC_PHYS_s13_T2_ctrl,125,30,126.0,0.15722085535526276,-0.8769139711450636
UBFC_PHYS_s13_T2_ctrl,125,31,126.03333333333333,0.11975481361150742,-0.7307813841727901
UBFC_PHYS_s13_T2_ctrl,125,32,126.06666666666666,0.036845143884420395,-0.5088158761224513
UBFC_PHYS_s13_T2_ctrl,125,33,126.1,-0.08860182017087936,-0.22516552358671468
UBFC_PHYS_s13_T2_ctrl,125,34,126.13333333333334,-0.22526223957538605,0.09762557793802751
UBFC_PHYS_s13_T2_ctrl,125,35,126.16666666666667,-0.3244335353374481,0.43033641937116096
UBFC_PHYS_s13_T2_ctrl,125,36,126.2,-0.350448876619339,0.7408435958847345
UBFC_PHYS_s13_T2_ctrl,125,37,126.23333333333333,-0.31119686365127563,0.9993200638708732
UBFC_PHYS_s13_T2_ctrl,125,38,126.26666666666667,-0.2181347906589508,1.18334144570453
UBFC_PHYS_s13_T2_ctrl,125,39,126.3,-0.08047594130039215,1.2810960150640789
UBFC_PHYS_s13_T2_ctrl,125,40,126.33333333333333,0.07602795958518982,1.2916077520609075
UBFC_PHYS_s13_T2_ctrl,125,41,126.36666666666666,0.1884458363056183,1.2222350357490093
UBFC_PHYS_s13_T2_ctrl,125,42,126.4,0.21774974465370178,1.0849155291050996
UBFC_PHYS_s13_T2_ctrl,125,43,126.43333333333334,0.1764778047800064,0.8929724694392303
UBFC_PHYS_s13_T2_ctrl,125,44,126.46666666666667,0.08798611909151077,0.6595891499579377
UBFC_PHYS_s13_T2_ctrl,125,45,126.5,-0.05507021024823189,0.3979124988602974
UBFC_PHYS_s13_T2_ctrl,125,46,126.53333333333333,-0.2632785737514496,0.12194879504614385
UBFC_PHYS_s13_T2_ctrl,125,47,126.56666666666666,-0.48311224579811096,-0.15275497304291544
UBFC_PHYS_s13_T2_ctrl,125,48,126.6,-0.6632457971572876,-0.40932429693994576
UBFC_PHYS_s13_T2_ctrl,125,49,126.63333333333334,-0.5640415549278259,-0.6308251622844069
UBFC_PHYS_s13_T2_ctrl,125,50,126.66666666666667,-0.16346469521522522,-0.8023190914639163
UBFC_PHYS_s13_T2_ctrl,125,51,126.7,0.27397847175598145,-0.9132149543691741
UBFC_PHYS_s13_T2_ctrl,125,52,126.73333333333333,0.5981338024139404,-0.9593776609132847
UBFC_PHYS_s13_T2_ctrl,125,53,126.76666666666667,0.8004701733589172,-0.9444777351232976
UBFC_PHYS_s13_T2_ctrl,125,54,126.8,0.8847044706344604,-0.8801304635222662
UBFC_PHYS_s13_T2_ctrl,125,55,126.83333333333333,0.8583662509918213,-0.7846000499956589
UBFC_PHYS_s13_T2_ctrl,125,56,126.86666666666666,0.7213005423545837,-0.6802351483925558
UBFC_PHYS_s13_T2_ctrl,125,57,126.9,0.45970720052719116,-0.5900116100241278
UBFC_PHYS_s13_T2_ctrl,125,58,126.93333333333334,0.06635665148496628,-0.5334166747197172
UBFC_PHYS_s13_T2_ctrl,125,59,126.96666666666667,-0.3198334872722626,-0.5218733124962863
UBFC_PHYS_s13_T2_ctrl,125,60,127.0,-0.572823166847229,-0.5544139496890031
UBFC_PHYS_s13_T2_ctrl,125,61,127.03333333333333,-0.6769800186157227,-0.615148695230539
UBFC_PHYS_s13_T2_ctrl,125,62,127.06666666666666,-0.690654993057251,-0.6745203331457623
UBFC_PHYS_s13_T2_ctrl,125,63,127.1,-0.6651833653450012,-0.6955888051374424
UBFC_PHYS_s13_T2_ctrl,125,64,127.13333333333334,-0.6405783295631409,-0.6444816723125181
UBFC_PHYS_s13_T2_ctrl,125,65,127.16666666666667,-0.6423511505126953,-0.501702445030722
UBFC_PHYS_s13_T2_ctrl,125,66,127.2,-0.679764449596405,-0.26969595720976697
UBFC_PHYS_s13_T2_ctrl,125,67,127.23333333333333,-0.7282462120056152,0.027035919204139107
UBFC_PHYS_s13_T2_ctrl,125,68,127.26666666666667,-0.7746915817260742,0.34991089913327406
UBFC_PHYS_s13_T2_ctrl,125,69,127.3,-0.8174200057983398,0.6590995146073259
UBFC_PHYS_s13_T2_ctrl,125,70,127.33333333333333,-0.8373425602912903,0.9253693524442134
UBFC_PHYS_s13_T2_ctrl,125,71,127.36666666666666,-0.8425818681716919,1.1356537050542386
UBFC_PHYS_s13_T2_ctrl,125,72,127.4,-0.7846001386642456,1.290841079600875
UBFC_PHYS_s13_T2_ctrl,125,73,127.43333333333334,-0.5705165266990662,1.3984603474598092
UBFC_PHYS_s13_T2_ctrl,125,74,127.46666666666667,-0.24123060703277588,1.464646614661227
UBFC_PHYS_s13_T2_ctrl,125,75,127.5,0.02203666977584362,1.4889362289831614
UBFC_PHYS_s13_T2_ctrl,125,76,127.53333333333333,0.09792104363441467,1.4634710962939153
UBFC_PHYS_s13_T2_ctrl,125,77,127.56666666666666,0.045695960521698,1.3762025155802875
UBFC_PHYS_s13_T2_ctrl,125,78,127.6,-0.012523029930889606,1.2163120060802852
UBFC_PHYS_s13_T2_ctrl,125,79,127.63333333333334,0.0183230172842741,0.9795733974713595
UBFC_PHYS_s13_T2_ctrl,125,80,127.66666666666667,0.13463248312473297,0.6717143398184066
UBFC_PHYS_s13_T2_ctrl,125,81,127.7,0.2780117392539978,0.30875908562299625
UBFC_PHYS_s13_T2_ctrl,125,82,127.73333333333333,0.45361772179603577,-0.08548983089403989
UBFC_PHYS_s13_T2_ctrl,125,83,127.76666666666667,0.6718796491622925,-0.48361626415991843
UBFC_PHYS_s13_T2_ctrl,125,84,127.8,0.9068579077720642,-0.858618007843189
UBFC_PHYS_s13_T2_ctrl,125,85,127.83333333333333,1.0620404481887817,-1.1862562344994085
UBFC_PHYS_s13_T2_ctrl,125,86,127.86666666666666,1.1710478067398071,-1.4452343926102973
UBFC_PHYS_s13_T2_ctrl,125,87,127.9,1.3230175971984863,-1.6160367340417445
UBFC_PHYS_s13_T2_ctrl,125,88,127.93333333333334,1.6249635219573975,-1.680172637032981
UBFC_PHYS_s13_T2_ctrl,125,89,127.96666666666667,1.954216480255127,-1.6216788470821115
UBFC_PHYS_s13_T2_ctrl,125,90,128.0,2.068977117538452,-1.4318581893828881
UBFC_PHYS_s13_T2_ctrl,125,91,128.03333333333333,1.8666507005691528,-1.116367710000569
UBFC_PHYS_s13_T2_ctrl,125,92,128.06666666666666,1.4864578247070312,-0.7015597380114387
UBFC_PHYS_s13_T2_ctrl,125,93,128.1,1.3378260135650635,-0.23599377900620738
UBFC_PHYS_s13_T2_ctrl,125,94,128.13333333333333,1.3003698587417603,0.21556070767505553
UBFC_PHYS_s13_T2_ctrl,125,95,128.16666666666666,1.2211310863494873,0.5850109534975597
UBFC_PHYS_s13_T2_ctrl,125,96,128.2,0.922773540019989,0.8166664976599297
UBFC_PHYS_s13_T2_ctrl,125,97,128.23333333333332,0.2421174943447113,0.8803860148976347
UBFC_PHYS_s13_T2_ctrl,125,98,128.26666666666668,-0.7760920524597168,0.7783026205401199
UBFC_PHYS_s13_T2_ctrl,125,99,128.3,-1.6699057817459106,0.5440853810640435
UBFC_PHYS_s13_T2_ctrl,125,100,128.33333333333334,-2.11899733543396,0.23563713954434734
UBFC_PHYS_s13_T2_ctrl,125,101,128.36666666666667,-1.7673734426498413,-0.07695970493624782
UBFC_PHYS_s13_T2_ctrl,125,102,128.4,-0.9984432458877563,-0.32585849316632126
UBFC_PHYS_s13_T2_ctrl,125,103,128.43333333333334,-0.4118839502334595,-0.4594072927353447
UBFC_PHYS_s13_T2_ctrl,125,104,128.46666666666667,-0.002472774125635624,-0.4527317907880764
UBFC_PHYS_s13_T2_ctrl,125,105,128.5,0.11609718203544617,-0.31238103962142216
UBFC_PHYS_s13_T2_ctrl,125,106,128.53333333333333,-0.22143325209617615,-0.07349239431708654
UBFC_PHYS_s13_T2_ctrl,125,107,128.56666666666666,-0.7620776891708374,0.21013582784549853
UBFC_PHYS_s13_T2_ctrl,125,108,128.6,-1.23977792263031,0.4801856976253099
UBFC_PHYS_s13_T2_ctrl,125,109,128.63333333333333,-1.6161879301071167,0.6876693238616656
UBFC_PHYS_s13_T2_ctrl,125,110,128.66666666666666,-2.0425496101379395,0.8023792142416286
UBFC_PHYS_s13_T2_ctrl,125,111,128.7,-2.569733142852783,0.8158751972007285
UBFC_PHYS_s13_T2_ctrl,125,112,128.73333333333332,-2.9978082180023193,0.7384122075153943
UBFC_PHYS_s13_T2_ctrl,125,113,128.76666666666668,-2.991194725036621,0.5920040811078198
UBFC_PHYS_s13_T2_ctrl,125,114,128.8,-2.4530744552612305,0.402394851693332
UBFC_PHYS_s13_T2_ctrl,125,115,128.83333333333334,-1.737878441810608,0.1923180220263479
UBFC_PHYS_s13_T2_ctrl,125,116,128.86666666666667,-1.1940475702285767,-0.02239945979768393
UBFC_PHYS_s13_T2_ctrl,125,117,128.9,-0.8821700215339661,-0.23330215388112707
UBFC_PHYS_s13_T2_ctrl,125,118,128.93333333333334,-0.6786968111991882,-0.43674140461285393
UBFC_PHYS_s13_T2_ctrl,125,119,128.96666666666667,-0.5260977149009705,-0.6295167774160759
UBFC_PHYS_s13_T2_ctrl,125,120,129.0,-0.37709030508995056,-0.8044568147130549
UBFC_PHYS_s13_T2_ctrl,125,121,129.03333333333333,-0.1874864548444748,-0.9476878781924323
UBFC_PHYS_s13_T2_ctrl,125,122,129.06666666666666,0.03640688583254814,-1.0388300042410707
UBFC_PHYS_s13_T2_ctrl,125,123,129.1,0.27072614431381226,-1.0544464182318838
UBFC_PHYS_s13_T2_ctrl,125,124,129.13333333333333,0.5461921095848083,-0.9740111012508872
UBFC_PHYS_s13_T2_ctrl,125,125,129.16666666666666,0.8699981570243835,-0.7867697535326834
UBFC_PHYS_s13_T2_ctrl,125,126,129.2,1.1905221939086914,-0.4974113279812789
UBFC_PHYS_s13_T2_ctrl,125,127,129.23333333333332,1.498986005783081,-0.12850876037950446
UBFC_PHYS_s13_T2_ctrl,125,128,129.26666666666668,1.8574670553207397,0.28169056257595243
UBFC_PHYS_s13_T2_ctrl,125,129,129.3,2.2818515300750732,0.6861161706772643
UBFC_PHYS_s13_T2_ctrl,125,130,129.33333333333334,2.696805238723755,1.0383959481521392
UBFC_PHYS_s13_T2_ctrl,125,131,129.36666666666667,3.0518362522125244,1.301810942534618
UBFC_PHYS_s13_T2_ctrl,125,132,129.4,3.39574933052063,1.4548584028586793
UBFC_PHYS_s13_T2_ctrl,125,133,129.43333333333334,3.732110023498535,1.4922425544173568
UBFC_PHYS_s13_T2_ctrl,125,134,129.46666666666667,3.8047749996185303,1.421914644380785
UBFC_PHYS_s13_T2_ctrl,125,135,129.5,3.287562608718872,1.2600179990991864
UBFC_PHYS_s13_T2_ctrl,125,136,129.53333333333333,2.2662720680236816,1.0259270330812311
UBFC_PHYS_s13_T2_ctrl,125,137,129.56666666666666,1.280381441116333,0.738954414992018
UBFC_PHYS_s13_T2_ctrl,125,138,129.6,0.7326359152793884,0.4171105375180988
UBFC_PHYS_s13_T2_ctrl,125,139,129.63333333333333,0.6002163290977478,0.07734512957067051
UBFC_PHYS_s13_T2_ctrl,125,140,129.66666666666666,0.5656566619873047,-0.26351555812092975
UBFC_PHYS_s13_T2_ctrl,125,141,129.7,0.3933853805065155,-0.5878131177161091
UBFC_PHYS_s13_T2_ctrl,125,142,129.73333333333332,0.14238600432872772,-0.8767965538842363
UBFC_PHYS_s13_T2_ctrl,125,143,129.76666666666668,-0.01710990071296692,-1.1116352876646198
UBFC_PHYS_s13_T2_ctrl,125,144,129.8,-0.04046932980418205,-1.2756449922458755
UBFC_PHYS_s13_T2_ctrl,125,145,129.83333333333334,0.0037155472673475742,-1.3569825333975447
UBFC_PHYS_s13_T2_ctrl,125,146,129.86666666666667,0.006318728439509869,-1.3508968948128512
UBFC_PHYS_s13_T2_ctrl,125,147,129.9,-0.10975678265094757,-1.2608841105189634
UBFC_PHYS_s13_T2_ctrl,125,148,129.93333333333334,-0.3097074329853058,-1.098466133164192
UBFC_PHYS_s13_T2_ctrl,125,149,129.96666666666667,-0.5080302953720093,-0.881721037072176
UBFC_PHYS_s13_T2_ctrl,125,150,130.0,-0.6906088590621948,-0.6330581209392949
UBFC_PHYS_s13_T2_ctrl,125,151,130.03333333333333,-0.9177380204200745,-0.37672734827760823
UBFC_PHYS_s13_T2_ctrl,125,152,130.06666666666666,-1.1763063669204712,-0.1361442134018841
UBFC_PHYS_s13_T2_ctrl,125,153,130.1,-1.3252182006835938,0.06900881465112184
UBFC_PHYS_s13_T2_ctrl,125,154,130.13333333333333,-1.2723572254180908,0.22540707030579976
UBFC_PHYS_s13_T2_ctrl,125,155,130.16666666666666,-1.112406611442566,0.32761072623074966
UBFC_PHYS_s13_T2_ctrl,125,156,130.2,-0.9681540727615356,0.3782387106050769
UBFC_PHYS_s13_T2_ctrl,125,157,130.23333333333332,-0.827345073223114,0.3871632227955281
UBFC_PHYS_s13_T2_ctrl,125,158,130.26666666666668,-0.6424071788787842,0.36991769894863924
UBFC_PHYS_s13_T2_ctrl,125,159,130.3,-0.43572118878364563,0.3451106167940985
UBFC_PHYS_s13_T2_ctrl,125,160,130.33333333333334,-0.23286087810993195,0.33086098525027596
UBFC_PHYS_s13_T2_ctrl,125,161,130.36666666666667,-0.052710872143507004,0.3408973971377542
UBFC_PHYS_s13_T2_ctrl,125,162,130.4,0.03910892456769943,0.38136167016913713
UBFC_PHYS_s13_T2_ctrl,125,163,130.43333333333334,-0.01690560020506382,0.44932545822393566
UBFC_PHYS_s13_T2_ctrl,125,164,130.46666666666667,-0.16577789187431335,0.5336215385933785
UBFC_PHYS_s13_T2_ctrl,125,165,130.5,-0.27003034949302673,0.6178801558625391
UBFC_PHYS_s13_T2_ctrl,125,166,130.53333333333333,-0.2624020576477051,0.6848256528003828
UBFC_PHYS_s13_T2_ctrl,125,167,130.56666666666666,-0.20406772196292877,0.7202970796203727
UBFC_PHYS_s13_T2_ctrl,125,168,130.6,-0.1583242267370224,0.7154951945437419
UBFC_PHYS_s13_T2_ctrl,125,169,130.63333333333333,-0.1280680149793625,0.6668256169166085
UBFC_PHYS_s13_T2_ctrl,125,170,130.66666666666666,-0.08583058416843414,0.5740895031533306
UBFC_PHYS_s13_T2_ctrl,125,171,130.7,-0.006394021678715944,0.4386963080898264
UBFC_PHYS_s13_T2_ctrl,125,172,130.73333333333332,0.10964854061603546,0.26330643545606697
UBFC_PHYS_s13_T2_ctrl,125,173,130.76666666666668,0.21406245231628418,0.05318617547222677
UBFC_PHYS_s13_T2_ctrl,125,174,130.8,0.24390678107738495,-0.18159790898445757
UBFC_PHYS_s13_T2_ctrl,125,175,130.83333333333334,0.18252772092819214,-0.42461120384960055
UBFC_PHYS_s13_T2_ctrl,125,176,130.86666666666667,0.05464892461895943,-0.6533959174121462
UBFC_PHYS_s13_T2_ctrl,125,177,130.9,-0.09954506158828735,-0.8422346071222787
UBFC_PHYS_s13_T2_ctrl,125,178,130.93333333333334,-0.2368282675743103,-0.9668426015990605
UBFC_PHYS_s13_T2_ctrl,125,179,130.96666666666667,-0.34706804156303406,-1.0096656313551304
UBFC_PHYS_s13_T2_ctrl,125,180,131.0,-0.4973473846912384,-0.9640833990931139
UBFC_PHYS_s13_T2_ctrl,125,181,131.03333333333333,-0.7854107618331909,-0.8360670037842662
UBFC_PHYS_s13_T2_ctrl,125,182,131.06666666666666,-1.191421389579773,-0.6426760499253166
UBFC_PHYS_s13_T2_ctrl,125,183,131.1,-1.592966914176941,-0.4079483974398975
UBFC_PHYS_s13_T2_ctrl,125,184,131.13333333333333,-1.915665864944458,-0.1577502347148683
UBFC_PHYS_s13_T2_ctrl,125,185,131.16666666666666,-2.2123000621795654,0.08459607412675425
UBFC_PHYS_s13_T2_ctrl,125,186,131.2,-2.587942361831665,0.3008203305817568
UBFC_PHYS_s13_T2_ctrl,125,187,131.23333333333332,-3.0356860160827637,0.4783917121438302
UBFC_PHYS_s13_T2_ctrl,125,188,131.26666666666668,-3.311234474182129,0.6101642339035978
UBFC_PHYS_s13_T2_ctrl,125,189,131.3,-3.1576039791107178,0.6937664620110632
UBFC_PHYS_s13_T2_ctrl,125,190,131.33333333333334,-2.673013687133789,0.7309865671978145
UBFC_PHYS_s13_T2_ctrl,125,191,131.36666666666667,-2.143599033355713,0.7269168062560954
UBFC_PHYS_s13_T2_ctrl,125,192,131.4,-1.7002345323562622,0.6886296970735067
UBFC_PHYS_s13_T2_ctrl,125,193,131.43333333333334,-1.3396180868148804,0.6234951203657718
UBFC_PHYS_s13_T2_ctrl,125,194,131.46666666666667,-1.0639115571975708,0.5375301897491677
UBFC_PHYS_s13_T2_ctrl,125,195,131.5,-0.8372601866722107,0.4342794193404871
UBFC_PHYS_s13_T2_ctrl,125,196,131.53333333333333,-0.6005980968475342,0.31466242230243374
UBFC_PHYS_s13_T2_ctrl,125,197,131.56666666666666,-0.37550532817840576,0.17796718255036945
UBFC_PHYS_s13_T2_ctrl,125,198,131.6,-0.21407844126224518,0.023738281387901936
UBFC_PHYS_s13_T2_ctrl,125,199,131.63333333333333,-0.10010524094104767,-0.14610109175530972
UBFC_PHYS_s13_T2_ctrl,125,200,131.66666666666666,0.01627012901008129,-0.3257174165257311
UBFC_PHYS_s13_T2_ctrl,125,201,131.7,0.13296183943748474,-0.5050349098349184
UBFC_PHYS_s13_T2_ctrl,125,202,131.73333333333332,0.21294869482517242,-0.6707063825082956
UBFC_PHYS_s13_T2_ctrl,125,203,131.76666666666668,0.2626397907733917,-0.8080367643739763
UBFC_PHYS_s13_T2_ctrl,125,204,131.8,0.3265099823474884,-0.9033703562582902
UBFC_PHYS_s13_T2_ctrl,125,205,131.83333333333334,0.4100589156150818,-0.946500379485843
UBFC_PHYS_s13_T2_ctrl,125,206,131.86666666666667,0.48179468512535095,-0.9326669582718277
UBFC_PHYS_s13_T2_ctrl,125,207,131.9,0.5385440587997437,-0.8636735280205061
UBFC_PHYS_s13_T2_ctrl,125,208,131.93333333333334,0.6122799515724182,-0.7477138734129188
UBFC_PHYS_s13_T2_ctrl,125,209,131.96666666666667,0.7115468382835388,-0.597798406586319
UBFC_PHYS_s13_T2_ctrl,125,210,132.0,0.807587742805481,-0.4291573147422928
UBFC_PHYS_s13_T2_ctrl,125,211,132.03333333333333,0.8937332630157471,-0.2563575280961683
UBFC_PHYS_s13_T2_ctrl,125,212,132.06666666666666,1.0059468746185303,-0.09084456316942761
UBFC_PHYS_s13_T2_ctrl,125,213,132.1,1.154509425163269,0.060651964910412824
UBFC_PHYS_s13_T2_ctrl,125,214,132.13333333333333,1.3053258657455444,0.19665901330919916
UBFC_PHYS_s13_T2_ctrl,125,215,132.16666666666666,1.445630669593811,0.32038420609872853
UBFC_PHYS_s13_T2_ctrl,125,216,132.2,1.6106361150741577,0.4380236107983868
UBFC_PHYS_s13_T2_ctrl,125,217,132.23333333333332,1.8363583087921143,0.5560750477050906
UBFC_PHYS_s13_T2_ctrl,125,218,132.26666666666668,2.115732431411743,0.6780580392413208
UBFC_PHYS_s13_T2_ctrl,125,219,132.3,2.342973470687866,0.8014706450675845
UBFC_PHYS_s13_T2_ctrl,125,220,132.33333333333334,2.358424663543701,0.916175323385198
UBFC_PHYS_s13_T2_ctrl,125,221,132.36666666666667,2.1264054775238037,1.0052697293190826
UBFC_PHYS_s13_T2_ctrl,125,222,132.4,1.7648597955703735,1.0486561507970629
UBFC_PHYS_s13_T2_ctrl,125,223,132.43333333333334,1.3793188333511353,1.0283659642920084
UBFC_PHYS_s13_T2_ctrl,125,224,132.46666666666667,1.0212396383285522,0.9338714002053434
UBFC_PHYS_s13_T2_ctrl,125,225,132.5,0.7417997717857361,0.7655870836574206
UBFC_PHYS_s13_T2_ctrl,125,226,132.53333333333333,0.52486252784729,0.5355478401075271
UBFC_PHYS_s13_T2_ctrl,125,227,132.56666666666666,0.2917690575122833,0.2653142455494064
UBFC_PHYS_s13_T2_ctrl,125,228,132.6,0.09740370512008667,-0.018079319458830078
UBFC_PHYS_s13_T2_ctrl,125,229,132.63333333333333,0.1566903293132782,-0.2869954349722211
UBFC_PHYS_s13_T2_ctrl,125,230,132.66666666666666,0.6073075532913208,-0.5177408333148176
UBFC_PHYS_s13_T2_ctrl,125,231,132.7,1.217786431312561,-0.6938632227579439
UBFC_PHYS_s13_T2_ctrl,125,232,132.73333333333332,1.4803518056869507,-0.8076271617755859
UBFC_PHYS_s13_T2_ctrl,125,233,132.76666666666668,1.168948769569397,-0.8595020746533023
UBFC_PHYS_s13_T2_ctrl,125,234,132.8,0.6205837726593018,-0.8559235553829596
UBFC_PHYS_s13_T2_ctrl,125,235,132.83333333333334,0.20107950270175934,-0.8061275525096706
UBFC_PHYS_s13_T2_ctrl,125,236,132.86666666666667,-0.06432962417602539,-0.7193523063996926
UBFC_PHYS_s13_T2_ctrl,125,237,132.9,-0.29900476336479187,-0.6035299401084844
UBFC_PHYS_s13_T2_ctrl,125,238,132.93333333333334,-0.6042359471321106,-0.46553986028811006
UBFC_PHYS_s13_T2_ctrl,125,239,132.96666666666667,-0.9594680070877075,-0.312120045091086
UBFC_PHYS_s13_T2_ctrl,126,0,126.0,0.15722085535526276,0.0848739518472455
UBFC_PHYS_s13_T2_ctrl,126,1,126.03333333333333,0.11975481361150742,0.12300668476918508
UBFC_PHYS_s13_T2_ctrl,126,2,126.06666666666666,0.036845143884420395,0.1696075929984757
UBFC_PHYS_s13_T2_ctrl,126,3,126.1,-0.08860182017087936,0.229146644948883
UBFC_PHYS_s13_T2_ctrl,126,4,126.13333333333334,-0.22526223957538605,0.29945476668122273
UBFC_PHYS_s13_T2_ctrl,126,5,126.16666666666667,-0.3244335353374481,0.37235366419277827
UBFC_PHYS_s13_T2_ctrl,126,6,126.2,-0.350448876619339,0.4368941421553556
UBFC_PHYS_s13_T2_ctrl,126,7,126.23333333333333,-0.31119686365127563,0.483312516283633
UBFC_PHYS_s13_T2_ctrl,126,8,126.26666666666667,-0.2181347906589508,0.5057677964378704
UBFC_PHYS_s13_T2_ctrl,126,9,126.3,-0.08047594130039215,0.5030102167929705
UBFC_PHYS_s13_T2_ctrl,126,10,126.33333333333333,0.07602795958518982,0.47734873153402946
UBFC_PHYS_s13_T2_ctrl,126,11,126.36666666666666,0.1884458363056183,0.432919495482786
UBFC_PHYS_s13_T2_ctrl,126,12,126.4,0.21774974465370178,0.374133558540559
UBFC_PHYS_s13_T2_ctrl,126,13,126.43333333333334,0.1764778047800064,0.30468015135276594
UBFC_PHYS_s13_T2_ctrl,126,14,126.46666666666667,0.08798611909151077,0.22707190444527814
UBFC_PHYS_s13_T2_ctrl,126,15,126.5,-0.05507021024823189,0.14257867268652877
UBFC_PHYS_s13_T2_ctrl,126,16,126.53333333333333,-0.2632785737514496,0.051414239753506924
UBFC_PHYS_s13_T2_ctrl,126,17,126.56666666666666,-0.48311224579811096,-0.04689279318623049
UBFC_PHYS_s13_T2_ctrl,126,18,126.6,-0.6632457971572876,-0.15297665163402824
UBFC_PHYS_s13_T2_ctrl,126,19,126.63333333333334,-0.5640415549278259,-0.26701939895034643
UBFC_PHYS_s13_T2_ctrl,126,20,126.66666666666667,-0.16346469521522522,-0.388124577292567
UBFC_PHYS_s13_T2_ctrl,126,21,126.7,0.27397847175598145,-0.5136147176393915
UBFC_PHYS_s13_T2_ctrl,126,22,126.73333333333333,0.5981338024139404,-0.6379713122871419
UBFC_PHYS_s13_T2_ctrl,126,23,126.76666666666667,0.8004701733589172,-0.7514494139960733
UBFC_PHYS_s13_T2_ctrl,126,24,126.8,0.8847044706344604,-0.8394137033512994
UBFC_PHYS_s13_T2_ctrl,126,25,126.83333333333333,0.8583662509918213,-0.8841388083297578
UBFC_PHYS_s13_T2_ctrl,126,26,126.86666666666666,0.7213005423545837,-0.8700474501178626
UBFC_PHYS_s13_T2_ctrl,126,27,126.9,0.45970720052719116,-0.7910212424827113
UBFC_PHYS_s13_T2_ctrl,126,28,126.93333333333334,0.06635665148496628,-0.6558528862324308
UBFC_PHYS_s13_T2_ctrl,126,29,126.96666666666667,-0.3198334872722626,-0.4877068192693723
UBFC_PHYS_s13_T2_ctrl,126,30,127.0,-0.572823166847229,-0.31673777614106097
UBFC_PHYS_s13_T2_ctrl,126,31,127.03333333333333,-0.6769800186157227,-0.16922762420174672
UBFC_PHYS_s13_T2_ctrl,126,32,127.06666666666666,-0.690654993057251,-0.058485436095545705
UBFC_PHYS_s13_T2_ctrl,126,33,127.1,-0.6651833653450012,0.018392462375991583
UBFC_PHYS_s13_T2_ctrl,126,34,127.13333333333334,-0.6405783295631409,0.0768514404058964
UBFC_PHYS_s13_T2_ctrl,126,35,127.16666666666667,-0.6423511505126953,0.1365570426697614
UBFC_PHYS_s13_T2_ctrl,126,36,127.2,-0.679764449596405,0.212700425986077
UBFC_PHYS_s13_T2_ctrl,126,37,127.23333333333333,-0.7282462120056152,0.3109379422599905
UBFC_PHYS_s13_T2_ctrl,126,38,127.26666666666667,-0.7746915817260742,0.4275715453291
UBFC_PHYS_s13_T2_ctrl,126,39,127.3,-0.8174200057983398,0.553579721195205
UBFC_PHYS_s13_T2_ctrl,126,40,127.33333333333333,-0.8373425602912903,0.6793274985031319
UBFC_PHYS_s13_T2_ctrl,126,41,127.36666666666666,-0.8425818681716919,0.7971330690258926
UBFC_PHYS_s13_T2_ctrl,126,42,127.4,-0.7846001386642456,0.9009320404448582
UBFC_PHYS_s13_T2_ctrl,126,43,127.43333333333334,-0.5705165266990662,0.9843525054943477
UBFC_PHYS_s13_T2_ctrl,126,44,127.46666666666667,-0.24123060703277588,1.0391279348150113
UBFC_PHYS_s13_T2_ctrl,126,45,127.5,0.02203666977584362,1.0551001204390653
UBFC_PHYS_s13_T2_ctrl,126,46,127.53333333333333,0.09792104363441467,1.0220135816078695
UBFC_PHYS_s13_T2_ctrl,126,47,127.56666666666666,0.045695960521698,0.9323848564025237
UBFC_PHYS_s13_T2_ctrl,126,48,127.6,-0.012523029930889606,0.7841934280000848
UBFC_PHYS_s13_T2_ctrl,126,49,127.63333333333334,0.0183230172842741,0.5822419770127809
UBFC_PHYS_s13_T2_ctrl,126,50,127.66666666666667,0.13463248312473297,0.33773434862612645
UBFC_PHYS_s13_T2_ctrl,126,51,127.7,0.2780117392539978,0.06637022935773292
UBFC_PHYS_s13_T2_ctrl,126,52,127.73333333333333,0.45361772179603577,-0.21439595428869612
UBFC_PHYS_s13_T2_ctrl,126,53,127.76666666666667,0.6718796491622925,-0.4881414857099125
UBFC_PHYS_s13_T2_ctrl,126,54,127.8,0.9068579077720642,-0.741351854010177
UBFC_PHYS_s13_T2_ctrl,126,55,127.83333333333333,1.0620404481887817,-0.9635960884378314
UBFC_PHYS_s13_T2_ctrl,126,56,127.86666666666666,1.1710478067398071,-1.1459860381997977
UBFC_PHYS_s13_T2_ctrl,126,57,127.9,1.3230175971984863,-1.2788599828388705
UBFC_PHYS_s13_T2_ctrl,126,58,127.93333333333334,1.6249635219573975,-1.3501701293702728
UBFC_PHYS_s13_T2_ctrl,126,59,127.96666666666667,1.954216480255127,-1.3460414464273287
UBFC_PHYS_s13_T2_ctrl,126,60,128.0,2.068977117538452,-1.254389314695276
UBFC_PHYS_s13_T2_ctrl,126,61,128.03333333333333,1.8666507005691528,-1.0710966270476596
UBFC_PHYS_s13_T2_ctrl,126,62,128.06666666666666,1.4864578247070312,-0.8063303139815337
UBFC_PHYS_s13_T2_ctrl,126,63,128.1,1.3378260135650635,-0.48745747050767785
UBFC_PHYS_s13_T2_ctrl,126,64,128.13333333333333,1.3003698587417603,-0.15590832518427147
UBFC_PHYS_s13_T2_ctrl,126,65,128.16666666666666,1.2211310863494873,0.14191167733475485
UBFC_PHYS_s13_T2_ctrl,126,66,128.2,0.922773540019989,0.3663824020945484
UBFC_PHYS_s13_T2_ctrl,126,67,128.23333333333332,0.2421174943447113,0.4944556856110819
UBFC_PHYS_s13_T2_ctrl,126,68,128.26666666666668,-0.7760920524597168,0.5243061921699574
UBFC_PHYS_s13_T2_ctrl,126,69,128.3,-1.6699057817459106,0.4743419099237286
UBFC_PHYS_s13_T2_ctrl,126,70,128.33333333333334,-2.11899733543396,0.37775033000272285
UBFC_PHYS_s13_T2_ctrl,126,71,128.36666666666667,-1.7673734426498413,0.27420796295090294
UBFC_PHYS_s13_T2_ctrl,126,72,128.4,-0.9984432458877563,0.20041072839272403
UBFC_PHYS_s13_T2_ctrl,126,73,128.43333333333334,-0.4118839502334595,0.18128997361916713
UBFC_PHYS_s13_T2_ctrl,126,74,128.46666666666667,-0.002472774125635624,0.22415113729547986
UBFC_PHYS_s13_T2_ctrl,126,75,128.5,0.11609718203544617,0.317797700145665
UBFC_PHYS_s13_T2_ctrl,126,76,128.53333333333333,-0.22143325209617615,0.43734157218798014
UBFC_PHYS_s13_T2_ctrl,126,77,128.56666666666666,-0.7620776891708374,0.5530843495527841
UBFC_PHYS_s13_T2_ctrl,126,78,128.6,-1.23977792263031,0.6397443522165144
UBFC_PHYS_s13_T2_ctrl,126,79,128.63333333333333,-1.6161879301071167,0.6821617520837009
UBFC_PHYS_s13_T2_ctrl,126,80,128.66666666666666,-2.0425496101379395,0.675997883259808
UBFC_PHYS_s13_T2_ctrl,126,81,128.7,-2.569733142852783,0.6248322187207047
UBFC_PHYS_s13_T2_ctrl,126,82,128.73333333333332,-2.9978082180023193,0.536198043374724
UBFC_PHYS_s13_T2_ctrl,126,83,128.76666666666668,-2.991194725036621,0.41841532391004055
UBFC_PHYS_s13_T2_ctrl,126,84,128.8,-2.4530744552612305,0.2787726003564066
UBFC_PHYS_s13_T2_ctrl,126,85,128.83333333333334,-1.737878441810608,0.12275135913923993
UBFC_PHYS_s13_T2_ctrl,126,86,128.86666666666667,-1.1940475702285767,-0.04601463664970173
UBFC_PHYS_s13_T2_ctrl,126,87,128.9,-0.8821700215339661,-0.22498195824047668
UBFC_PHYS_s13_T2_ctrl,126,88,128.93333333333334,-0.6786968111991882,-0.4110207421279823
UBFC_PHYS_s13_T2_ctrl,126,89,128.96666666666667,-0.5260977149009705,-0.5980713595600156
UBFC_PHYS_s13_T2_ctrl,126,90,129.0,-0.37709030508995056,-0.7749129855380245
UBFC_PHYS_s13_T2_ctrl,126,91,129.03333333333333,-0.1874864548444748,-0.9241487744676056
UBFC_PHYS_s13_T2_ctrl,126,92,129.06666666666666,0.03640688583254814,-1.0233952083226074
UBFC_PHYS_s13_T2_ctrl,126,93,129.1,0.27072614431381226,-1.0491101353128174
UBFC_PHYS_s13_T2_ctrl,126,94,129.13333333333333,0.5461921095848083,-0.9826342562221013
UBFC_PHYS_s13_T2_ctrl,126,95,129.16666666666666,0.8699981570243835,-0.8169600182623136
UBFC_PHYS_s13_T2_ctrl,126,96,129.2,1.1905221939086914,-0.5617863118571149
UBFC_PHYS_s13_T2_ctrl,126,97,129.23333333333332,1.498986005783081,-0.24420944351644927
UBFC_PHYS_s13_T2_ctrl,126,98,129.26666666666668,1.8574670553207397,0.09645086216992566
UBFC_PHYS_s13_T2_ctrl,126,99,129.3,2.2818515300750732,0.41855360289419197
UBFC_PHYS_s13_T2_ctrl,126,100,129.33333333333334,2.696805238723755,0.6886027651772958
UBFC_PHYS_s13_T2_ctrl,126,101,129.36666666666667,3.0518362522125244,0.887297338103986
UBFC_PHYS_s13_T2_ctrl,126,102,129.4,3.39574933052063,1.0089278335489282
UBFC_PHYS_s13_T2_ctrl,126,103,129.43333333333334,3.732110023498535,1.055946960814693
UBFC_PHYS_s13_T2_ctrl,126,104,129.46666666666667,3.8047749996185303,1.03281239228442
UBFC_PHYS_s13_T2_ctrl,126,105,129.5,3.287562608718872,0.9427064213300534
UBFC_PHYS_s13_T2_ctrl,126,106,129.53333333333333,2.2662720680236816,0.7883436203499228
UBFC_PHYS_s13_T2_ctrl,126,107,129.56666666666666,1.280381441116333,0.575494058901748
UBFC_PHYS_s13_T2_ctrl,126,108,129.6,0.7326359152793884,0.3165723917069365
UBFC_PHYS_s13_T2_ctrl,126,109,129.63333333333333,0.6002163290977478,0.03203046105941628
UBFC_PHYS_s13_T2_ctrl,126,110,129.66666666666666,0.5656566619873047,-0.25126132516608524
UBFC_PHYS_s13_T2_ctrl,126,111,129.7,0.3933853805065155,-0.5040153522701342
UBFC_PHYS_s13_T2_ctrl,126,112,129.73333333333332,0.14238600432872772,-0.6996243849168569
UBFC_PHYS_s13_T2_ctrl,126,113,129.76666666666668,-0.01710990071296692,-0.8191020796023593
UBFC_PHYS_s13_T2_ctrl,126,114,129.8,-0.04046932980418205,-0.8548322060898679
UBFC_PHYS_s13_T2_ctrl,126,115,129.83333333333334,0.0037155472673475742,-0.8121841608636773
UBFC_PHYS_s13_T2_ctrl,126,116,129.86666666666667,0.006318728439509869,-0.7081480228829105
UBFC_PHYS_s13_T2_ctrl,126,117,129.9,-0.10975678265094757,-0.5668414726681404
UBFC_PHYS_s13_T2_ctrl,126,118,129.93333333333334,-0.3097074329853058,-0.4131906629018975
UBFC_PHYS_s13_T2_ctrl,126,119,129.96666666666667,-0.5080302953720093,-0.2672356048680281
UBFC_PHYS_s13_T2_ctrl,126,120,130.0,-0.6906088590621948,-0.1412684173677018
UBFC_PHYS_s13_T2_ctrl,126,121,130.03333333333333,-0.9177380204200745,-0.04047249464248574
UBFC_PHYS_s13_T2_ctrl,126,122,130.06666666666666,-1.1763063669204712,0.03414331761050857
UBFC_PHYS_s13_T2_ctrl,126,123,130.1,-1.3252182006835938,0.08272056473708034
UBFC_PHYS_s13_T2_ctrl,126,124,130.13333333333333,-1.2723572254180908,0.10515960675553011
UBFC_PHYS_s13_T2_ctrl,126,125,130.16666666666666,-1.112406611442566,0.10173617726921519
UBFC_PHYS_s13_T2_ctrl,126,126,130.2,-0.9681540727615356,0.07492809715648155
UBFC_PHYS_s13_T2_ctrl,126,127,130.23333333333332,-0.827345073223114,0.031184050737566624
UBFC_PHYS_s13_T2_ctrl,126,128,130.26666666666668,-0.6424071788787842,-0.0184156995296417
UBFC_PHYS_s13_T2_ctrl,126,129,130.3,-0.43572118878364563,-0.059135439924614466
UBFC_PHYS_s13_T2_ctrl,126,130,130.33333333333334,-0.23286087810993195,-0.07524509371679135
UBFC_PHYS_s13_T2_ctrl,126,131,130.36666666666667,-0.052710872143507004,-0.05392513193406886
UBFC_PHYS_s13_T2_ctrl,126,132,130.4,0.03910892456769943,0.010614495044145798
UBFC_PHYS_s13_T2_ctrl,126,133,130.43333333333334,-0.01690560020506382,0.1142772488438067
UBFC_PHYS_s13_T2_ctrl,126,134,130.46666666666667,-0.16577789187431335,0.24289323112646855
UBFC_PHYS_s13_T2_ctrl,126,135,130.5,-0.27003034949302673,0.3753234751659723
UBFC_PHYS_s13_T2_ctrl,126,136,130.53333333333333,-0.2624020576477051,0.48911505828165863
UBFC_PHYS_s13_T2_ctrl,126,137,130.56666666666666,-0.20406772196292877,0.5666179521429234
UBFC_PHYS_s13_T2_ctrl,126,138,130.6,-0.1583242267370224,0.5989523012335314
UBFC_PHYS_s13_T2_ctrl,126,139,130.63333333333333,-0.1280680149793625,0.5862272525324642
UBFC_PHYS_s13_T2_ctrl,126,140,130.66666666666666,-0.08583058416843414,0.5346666441279607
UBFC_PHYS_s13_T2_ctrl,126,141,130.7,-0.006394021678715944,0.45296418536114164
UBFC_PHYS_s13_T2_ctrl,126,142,130.73333333333332,0.10964854061603546,0.3498676981357713
UBFC_PHYS_s13_T2_ctrl,126,143,130.76666666666668,0.21406245231628418,0.23349849717706897
UBFC_PHYS_s13_T2_ctrl,126,144,130.8,0.24390678107738495,0.11176195555747948
UBFC_PHYS_s13_T2_ctrl,126,145,130.83333333333334,0.18252772092819214,-0.007160997492474513
UBFC_PHYS_s13_T2_ctrl,126,146,130.86666666666667,0.05464892461895943,-0.1150349539004615
UBFC_PHYS_s13_T2_ctrl,126,147,130.9,-0.09954506158828735,-0.2046497696926815
UBFC_PHYS_s13_T2_ctrl,126,148,130.93333333333334,-0.2368282675743103,-0.2711323711278585
UBFC_PHYS_s13_T2_ctrl,126,149,130.96666666666667,-0.34706804156303406,-0.31259230862907617
UBFC_PHYS_s13_T2_ctrl,126,150,131.0,-0.4973473846912384,-0.32972257317258175
UBFC_PHYS_s13_T2_ctrl,126,151,131.03333333333333,-0.7854107618331909,-0.3247101792639236
UBFC_PHYS_s13_T2_ctrl,126,152,131.06666666666666,-1.191421389579773,-0.3000961879484633
UBFC_PHYS_s13_T2_ctrl,126,153,131.1,-1.592966914176941,-0.2581250577941296
UBFC_PHYS_s13_T2_ctrl,126,154,131.13333333333333,-1.915665864944458,-0.20092616827178422
UBFC_PHYS_s13_T2_ctrl,126,155,131.16666666666666,-2.2123000621795654,-0.13151301246254904
UBFC_PHYS_s13_T2_ctrl,126,156,131.2,-2.587942361831665,-0.05502560426885113
UBFC_PHYS_s13_T2_ctrl,126,157,131.23333333333332,-3.0356860160827637,0.020763810423337078
UBFC_PHYS_s13_T2_ctrl,126,158,131.26666666666668,-3.311234474182129,0.08648376045213406
UBFC_PHYS_s13_T2_ctrl,126,159,131.3,-3.1576039791107178,0.13365966007152885
UBFC_PHYS_s13_T2_ctrl,126,160,131.33333333333334,-2.673013687133789,0.15744227352542703
UBFC_PHYS_s13_T2_ctrl,126,161,131.36666666666667,-2.143599033355713,0.15788225305644993
UBFC_PHYS_s13_T2_ctrl,126,162,131.4,-1.7002345323562622,0.1388861357195825
UBFC_PHYS_s13_T2_ctrl,126,163,131.43333333333334,-1.3396180868148804,0.10544567987394
UBFC_PHYS_s13_T2_ctrl,126,164,131.46666666666667,-1.0639115571975708,0.06072770689424189
UBFC_PHYS_s13_T2_ctrl,126,165,131.5,-0.8372601866722107,0.004533460879106744
UBFC_PHYS_s13_T2_ctrl,126,166,131.53333333333333,-0.6005980968475342,-0.06635055769848519
UBFC_PHYS_s13_T2_ctrl,126,167,131.56666666666666,-0.37550532817840576,-0.15634386296903646
UBFC_PHYS_s13_T2_ctrl,126,168,131.6,-0.21407844126224518,-0.268439860765011
UBFC_PHYS_s13_T2_ctrl,126,169,131.63333333333333,-0.10010524094104767,-0.40120428001697583
UBFC_PHYS_s13_T2_ctrl,126,170,131.66666666666666,0.01627012901008129,-0.5459688146296487
UBFC_PHYS_s13_T2_ctrl,126,171,131.7,0.13296183943748474,-0.6852461114701645
UBFC_PHYS_s13_T2_ctrl,126,172,131.73333333333332,0.21294869482517242,-0.7937386880611215
UBFC_PHYS_s13_T2_ctrl,126,173,131.76666666666668,0.2626397907733917,-0.8428879251558306
UBFC_PHYS_s13_T2_ctrl,126,174,131.8,0.3265099823474884,-0.8084963664860585
UBFC_PHYS_s13_T2_ctrl,126,175,131.83333333333334,0.4100589156150818,-0.67927408859987
UBFC_PHYS_s13_T2_ctrl,126,176,131.86666666666667,0.48179468512535095,-0.4631851645753903
UBFC_PHYS_s13_T2_ctrl,126,177,131.9,0.5385440587997437,-0.18865711692327064
UBFC_PHYS_s13_T2_ctrl,126,178,131.93333333333334,0.6122799515724182,0.10086873098184862
UBFC_PHYS_s13_T2_ctrl,126,179,131.96666666666667,0.7115468382835388,0.3580393832060291
UBFC_PHYS_s13_T2_ctrl,126,180,132.0,0.807587742805481,0.5445495544096595
UBFC_PHYS_s13_T2_ctrl,126,181,132.03333333333333,0.8937332630157471,0.64099541101539
UBFC_PHYS_s13_T2_ctrl,126,182,132.06666666666666,1.0059468746185303,0.650219050700575
UBFC_PHYS_s13_T2_ctrl,126,183,132.1,1.154509425163269,0.5937803061577343
UBFC_PHYS_s13_T2_ctrl,126,184,132.13333333333333,1.3053258657455444,0.5037230338247918
UBFC_PHYS_s13_T2_ctrl,126,185,132.16666666666666,1.445630669593811,0.4129214094011539
UBFC_PHYS_s13_T2_ctrl,126,186,132.2,1.6106361150741577,0.34702572176751034
UBFC_PHYS_s13_T2_ctrl,126,187,132.23333333333332,1.8363583087921143,0.31983962345581823
UBFC_PHYS_s13_T2_ctrl,126,188,132.26666666666668,2.115732431411743,0.33250671034181256
UBFC_PHYS_s13_T2_ctrl,126,189,132.3,2.342973470687866,0.37577616877147996
UBFC_PHYS_s13_T2_ctrl,126,190,132.33333333333334,2.358424663543701,0.4341312204564286
UBFC_PHYS_s13_T2_ctrl,126,191,132.36666666666667,2.1264054775238037,0.4904919901076903
UBFC_PHYS_s13_T2_ctrl,126,192,132.4,1.7648597955703735,0.5302812922211168
UBFC_PHYS_s13_T2_ctrl,126,193,132.43333333333334,1.3793188333511353,0.543955790161886
UBFC_PHYS_s13_T2_ctrl,126,194,132.46666666666667,1.0212396383285522,0.5277362583828366
UBFC_PHYS_s13_T2_ctrl,126,195,132.5,0.7417997717857361,0.48290408726621853
UBFC_PHYS_s13_T2_ctrl,126,196,132.53333333333333,0.52486252784729,0.4143168892204796
UBFC_PHYS_s13_T2_ctrl,126,197,132.56666666666666,0.2917690575122833,0.32872645617936647
UBFC_PHYS_s13_T2_ctrl,126,198,132.6,0.09740370512008667,0.2332490447621124
UBFC_PHYS_s13_T2_ctrl,126,199,132.63333333333333,0.1566903293132782,0.13412276086913716
UBFC_PHYS_s13_T2_ctrl,126,200,132.66666666666666,0.6073075532913208,0.03578976633919643
UBFC_PHYS_s13_T2_ctrl,126,201,132.7,1.217786431312561,-0.05964776845868604
UBFC_PHYS_s13_T2_ctrl,126,202,132.73333333333332,1.4803518056869507,-0.1524881142745736
UBFC_PHYS_s13_T2_ctrl,126,203,132.76666666666668,1.168948769569397,-0.24481687177378936
UBFC_PHYS_s13_T2_ctrl,126,204,132.8,0.6205837726593018,-0.33904580439953114
UBFC_PHYS_s13_T2_ctrl,126,205,132.83333333333334,0.20107950270175934,-0.4358080030455291
UBFC_PHYS_s13_T2_ctrl,126,206,132.86666666666667,-0.06432962417602539,-0.5320992272489028
UBFC_PHYS_s13_T2_ctrl,126,207,132.9,-0.29900476336479187,-0.6208221327925298
UBFC_PHYS_s13_T2_ctrl,126,208,132.93333333333334,-0.6042359471321106,-0.6922306500857016
UBFC_PHYS_s13_T2_ctrl,126,209,132.96666666666667,-0.9594680070877075,-0.7367136709477942
UBFC_PHYS_s13_T2_ctrl,126,210,133.0,-1.1396081447601318,-0.747742260025493
UBFC_PHYS_s13_T2_ctrl,126,211,133.03333333333333,-0.9595009684562683,-0.7239442902457541
UBFC_PHYS_s13_T2_ctrl,126,212,133.06666666666666,-0.5906137228012085,-0.669889102620333
UBFC_PHYS_s13_T2_ctrl,126,213,133.1,-0.2809637188911438,-0.5955708823330113
UBFC_PHYS_s13_T2_ctrl,126,214,133.13333333333333,-0.08672357350587845,-0.5144624363535653
UBFC_PHYS_s13_T2_ctrl,126,215,133.16666666666666,0.04119805991649628,-0.44005640051986966
UBFC_PHYS_s13_T2_ctrl,126,216,133.2,0.12339267879724503,-0.38156951424431884
UBFC_PHYS_s13_T2_ctrl,126,217,133.23333333333332,0.16115528345108032,-0.34029776725494754
UBFC_PHYS_s13_T2_ctrl,126,218,133.26666666666668,0.15584346652030945,-0.3081564189532179
UBFC_PHYS_s13_T2_ctrl,126,219,133.3,0.11142133921384811,-0.2693735390084871
UBFC_PHYS_s13_T2_ctrl,126,220,133.33333333333334,0.055383749306201935,-0.2055098414265823
UBFC_PHYS_s13_T2_ctrl,126,221,133.36666666666667,0.03347748517990112,-0.10276157566438213
UBFC_PHYS_s13_T2_ctrl,126,222,133.4,0.05146579444408417,0.04104850426447324
UBFC_PHYS_s13_T2_ctrl,126,223,133.43333333333334,0.05179201811552048,0.2131732528224727
UBFC_PHYS_s13_T2_ctrl,126,224,133.46666666666667,0.003129007760435343,0.38867239709424434
UBFC_PHYS_s13_T2_ctrl,126,225,133.5,-0.0403902493417263,0.5387277926897807
UBFC_PHYS_s13_T2_ctrl,126,226,133.53333333333333,-0.030956188216805458,0.6409118534464848
UBFC_PHYS_s13_T2_ctrl,126,227,133.56666666666666,-0.007385866716504097,0.686366298858668
UBFC_PHYS_s13_T2_ctrl,126,228,133.6,-0.011218144558370113,0.680525918567244
UBFC_PHYS_s13_T2_ctrl,126,229,133.63333333333333,-0.045415375381708145,0.6377915036461469
UBFC_PHYS_s13_T2_ctrl,126,230,133.66666666666666,-0.10591462254524231,0.5739859640779095
UBFC_PHYS_s13_T2_ctrl,126,231,133.7,-0.1684667468070984,0.5010609959239108
UBFC_PHYS_s13_T2_ctrl,126,232,133.73333333333332,-0.19445902109146118,0.4258750584803549
UBFC_PHYS_s13_T2_ctrl,126,233,133.76666666666668,-0.20399193465709686,0.3516852610553027
UBFC_PHYS_s13_T2_ctrl,126,234,133.8,-0.27373743057250977,0.2800778681901425
UBFC_PHYS_s13_T2_ctrl,126,235,133.83333333333334,-0.4193013608455658,0.21209211432934325
UBFC_PHYS_s13_T2_ctrl,126,236,133.86666666666667,-0.5704209804534912,0.14853434051447062
UBFC_PHYS_s13_T2_ctrl,126,237,133.9,-0.6699086427688599,0.0900004971015886
UBFC_PHYS_s13_T2_ctrl,126,238,133.93333333333334,-0.7644963264465332,0.03691390910463327
UBFC_PHYS_s13_T2_ctrl,126,239,133.96666666666667,-0.9585486650466919,-0.010440356289137833
UBFC_PHYS_s13_T2_ctrl,127,0,127.0,-0.572823166847229,-0.07020824467256526
UBFC_PHYS_s13_T2_ctrl,127,1,127.03333333333333,-0.6769800186157227,-0.38648064681908145
UBFC_PHYS_s13_T2_ctrl,127,2,127.06666666666666,-0.690654993057251,-0.6501747788512874
UBFC_PHYS_s13_T2_ctrl,127,3,127.1,-0.6651833653450012,-0.8228728391799146
UBFC_PHYS_s13_T2_ctrl,127,4,127.13333333333334,-0.6405783295631409,-0.8867721240704816
UBFC_PHYS_s13_T2_ctrl,127,5,127.16666666666667,-0.6423511505126953,-0.848171073151429
UBFC_PHYS_s13_T2_ctrl,127,6,127.2,-0.679764449596405,-0.7334606328228088
UBFC_PHYS_s13_T2_ctrl,127,7,127.23333333333333,-0.7282462120056152,-0.5784558858201008
UBFC_PHYS_s13_T2_ctrl,127,8,127.26666666666667,-0.7746915817260742,-0.4152529713707451
UBFC_PHYS_s13_T2_ctrl,127,9,127.3,-0.8174200057983398,-0.26227469469040054
UBFC_PHYS_s13_T2_ctrl,127,10,127.33333333333333,-0.8373425602912903,-0.12140314227177793
UBFC_PHYS_s13_T2_ctrl,127,11,127.36666666666666,-0.8425818681716919,0.0175292901129482
UBFC_PHYS_s13_T2_ctrl,127,12,127.4,-0.7846001386642456,0.167744444211371
UBFC_PHYS_s13_T2_ctrl,127,13,127.43333333333334,-0.5705165266990662,0.33623248183646276
UBFC_PHYS_s13_T2_ctrl,127,14,127.46666666666667,-0.24123060703277588,0.5178550183380342
UBFC_PHYS_s13_T2_ctrl,127,15,127.5,0.02203666977584362,0.6947225135765225
UBFC_PHYS_s13_T2_ctrl,127,16,127.53333333333333,0.09792104363441467,0.8406180102884052
UBFC_PHYS_s13_T2_ctrl,127,17,127.56666666666666,0.045695960521698,0.928582835265027
UBFC_PHYS_s13_T2_ctrl,127,18,127.6,-0.012523029930889606,0.938983019627907
UBFC_PHYS_s13_T2_ctrl,127,19,127.63333333333334,0.0183230172842741,0.865411170634734
UBFC_PHYS_s13_T2_ctrl,127,20,127.66666666666667,0.13463248312473297,0.7164896197893664
UBFC_PHYS_s13_T2_ctrl,127,21,127.7,0.2780117392539978,0.5130076076614644
UBFC_PHYS_s13_T2_ctrl,127,22,127.73333333333333,0.45361772179603577,0.2815814826860029
UBFC_PHYS_s13_T2_ctrl,127,23,127.76666666666667,0.6718796491622925,0.04732672028249805
UBFC_PHYS_s13_T2_ctrl,127,24,127.8,0.9068579077720642,-0.17181818868709983
UBFC_PHYS_s13_T2_ctrl,127,25,127.83333333333333,1.0620404481887817,-0.36730818914996166
UBFC_PHYS_s13_T2_ctrl,127,26,127.86666666666666,1.1710478067398071,-0.5382405611650919
UBFC_PHYS_s13_T2_ctrl,127,27,127.9,1.3230175971984863,-0.6866075344796035
UBFC_PHYS_s13_T2_ctrl,127,28,127.93333333333334,1.6249635219573975,-0.8118259607482269
UBFC_PHYS_s13_T2_ctrl,127,29,127.96666666666667,1.954216480255127,-0.9072373380017592
UBFC_PHYS_s13_T2_ctrl,127,30,128.0,2.068977117538452,-0.9603867952449505
UBFC_PHYS_s13_T2_ctrl,127,31,128.03333333333333,1.8666507005691528,-0.9571431282977386
UBFC_PHYS_s13_T2_ctrl,127,32,128.06666666666666,1.4864578247070312,-0.8879664544628731
UBFC_PHYS_s13_T2_ctrl,127,33,128.1,1.3378260135650635,-0.7535528332309867
UBFC_PHYS_s13_T2_ctrl,127,34,128.13333333333333,1.3003698587417603,-0.5671367899634253
UBFC_PHYS_s13_T2_ctrl,127,35,128.16666666666666,1.2211310863494873,-0.35210308240684707
UBFC_PHYS_s13_T2_ctrl,127,36,128.2,0.922773540019989,-0.1357786509987237
UBFC_PHYS_s13_T2_ctrl,127,37,128.23333333333332,0.2421174943447113,0.05798271421107801
UBFC_PHYS_s13_T2_ctrl,127,38,128.26666666666668,-0.7760920524597168,0.2145898831659561
UBFC_PHYS_s13_T2_ctrl,127,39,128.3,-1.6699057817459106,0.33105943390038556
UBFC_PHYS_s13_T2_ctrl,127,40,128.33333333333334,-2.11899733543396,0.4145066013539312
UBFC_PHYS_s13_T2_ctrl,127,41,128.36666666666667,-1.7673734426498413,0.4777083020709929
UBFC_PHYS_s13_T2_ctrl,127,42,128.4,-0.9984432458877563,0.5336145924527838
UBFC_PHYS_s13_T2_ctrl,127,43,128.43333333333334,-0.4118839502334595,0.5907976870304955
UBFC_PHYS_s13_T2_ctrl,127,44,128.46666666666667,-0.002472774125635624,0.6510225443175184
UBFC_PHYS_s13_T2_ctrl,127,45,128.5,0.11609718203544617,0.7090999932882152
UBFC_PHYS_s13_T2_ctrl,127,46,128.53333333333333,-0.22143325209617615,0.7546244361114467
UBFC_PHYS_s13_T2_ctrl,127,47,128.56666666666666,-0.7620776891708374,0.7750071730022295
UBFC_PHYS_s13_T2_ctrl,127,48,128.6,-1.23977792263031,0.7590452463501722
UBFC_PHYS_s13_T2_ctrl,127,49,128.63333333333333,-1.6161879301071167,0.7001346823896099
UBFC_PHYS_s13_T2_ctrl,127,50,128.66666666666666,-2.0425496101379395,0.5983080547085313
UBFC_PHYS_s13_T2_ctrl,127,51,128.7,-2.569733142852783,0.4605430619954275
UBFC_PHYS_s13_T2_ctrl,127,52,128.73333333333332,-2.9978082180023193,0.29917089381255363
UBFC_PHYS_s13_T2_ctrl,127,53,128.76666666666668,-2.991194725036621,0.12866508137428187
UBFC_PHYS_s13_T2_ctrl,127,54,128.8,-2.4530744552612305,-0.03841428342640718
UBFC_PHYS_s13_T2_ctrl,127,55,128.83333333333334,-1.737878441810608,-0.19505389063351622
UBFC_PHYS_s13_T2_ctrl,127,56,128.86666666666667,-1.1940475702285767,-0.34146451845480963
UBFC_PHYS_s13_T2_ctrl,127,57,128.9,-0.8821700215339661,-0.48369427412024046
UBFC_PHYS_s13_T2_ctrl,127,58,128.93333333333334,-0.6786968111991882,-0.6293213396097102
UBFC_PHYS_s13_T2_ctrl,127,59,128.96666666666667,-0.5260977149009705,-0.7817712673564866
UBFC_PHYS_s13_T2_ctrl,127,60,129.0,-0.37709030508995056,-0.935513684505803
UBFC_PHYS_s13_T2_ctrl,127,61,129.03333333333333,-0.1874864548444748,-1.0741225226751758
UBFC_PHYS_s13_T2_ctrl,127,62,129.06666666666666,0.03640688583254814,-1.1721613277651917
UBFC_PHYS_s13_T2_ctrl,127,63,129.1,0.27072614431381226,-1.2006296848815579
UBFC_PHYS_s13_T2_ctrl,127,64,129.13333333333333,0.5461921095848083,-1.134728690280052
UBFC_PHYS_s13_T2_ctrl,127,65,129.16666666666666,0.8699981570243835,-0.9619833629723917
UBFC_PHYS_s13_T2_ctrl,127,66,129.2,1.1905221939086914,-0.6882710082215099
UBFC_PHYS_s13_T2_ctrl,127,67,129.23333333333332,1.498986005783081,-0.3393709944856028
UBFC_PHYS_s13_T2_ctrl,127,68,129.26666666666668,1.8574670553207397,0.04332986852987247
UBFC_PHYS_s13_T2_ctrl,127,69,129.3,2.2818515300750732,0.4122879851789867
UBFC_PHYS_s13_T2_ctrl,127,70,129.33333333333334,2.696805238723755,0.7252907920560395
UBFC_PHYS_s13_T2_ctrl,127,71,129.36666666666667,3.0518362522125244,0.9546052953573405
UBFC_PHYS_s13_T2_ctrl,127,72,129.4,3.39574933052063,1.0904592082978246
UBFC_PHYS_s13_T2_ctrl,127,73,129.43333333333334,3.732110023498535,1.1383751331469392
UBFC_PHYS_s13_T2_ctrl,127,74,129.46666666666667,3.8047749996185303,1.1128559018879594
UBFC_PHYS_s13_T2_ctrl,127,75,129.5,3.287562608718872,1.031078179487587
UBFC_PHYS_s13_T2_ctrl,127,76,129.53333333333333,2.2662720680236816,0.9089094139899312
UBFC_PHYS_s13_T2_ctrl,127,77,129.56666666666666,1.280381441116333,0.7593729023428788
UBFC_PHYS_s13_T2_ctrl,127,78,129.6,0.7326359152793884,0.5925870283539522
UBFC_PHYS_s13_T2_ctrl,127,79,129.63333333333333,0.6002163290977478,0.41632335439703116
UBFC_PHYS_s13_T2_ctrl,127,80,129.66666666666666,0.5656566619873047,0.2368071291273177
UBFC_PHYS_s13_T2_ctrl,127,81,129.7,0.3933853805065155,0.05960652530829685
UBFC_PHYS_s13_T2_ctrl,127,82,129.73333333333332,0.14238600432872772,-0.10969748761601637
UBFC_PHYS_s13_T2_ctrl,127,83,129.76666666666668,-0.01710990071296692,-0.2655088444024819
UBFC_PHYS_s13_T2_ctrl,127,84,129.8,-0.04046932980418205,-0.40304209513638045
UBFC_PHYS_s13_T2_ctrl,127,85,129.83333333333334,0.0037155472673475742,-0.5194901730388422
UBFC_PHYS_s13_T2_ctrl,127,86,129.86666666666667,0.006318728439509869,-0.6145008371849527
UBFC_PHYS_s13_T2_ctrl,127,87,129.9,-0.10975678265094757,-0.6890633740045983
UBFC_PHYS_s13_T2_ctrl,127,88,129.93333333333334,-0.3097074329853058,-0.7429168820966435
UBFC_PHYS_s13_T2_ctrl,127,89,129.96666666666667,-0.5080302953720093,-0.7718929623881517
UBFC_PHYS_s13_T2_ctrl,127,90,130.0,-0.6906088590621948,-0.7672416254671258
UBFC_PHYS_s13_T2_ctrl,127,91,130.03333333333333,-0.9177380204200745,-0.7181984039840639
UBFC_PHYS_s13_T2_ctrl,127,92,130.06666666666666,-1.1763063669204712,-0.6170355516973579
UBFC_PHYS_s13_T2_ctrl,127,93,130.1,-1.3252182006835938,-0.4641802280835229
UBFC_PHYS_s13_T2_ctrl,127,94,130.13333333333333,-1.2723572254180908,-0.2709844463579293
UBFC_PHYS_s13_T2_ctrl,127,95,130.16666666666666,-1.112406611442566,-0.05888383121824633
UBFC_PHYS_s13_T2_ctrl,127,96,130.2,-0.9681540727615356,0.14505948631946458
UBFC_PHYS_s13_T2_ctrl,127,97,130.23333333333332,-0.827345073223114,0.31500960733115824
UBFC_PHYS_s13_T2_ctrl,127,98,130.26666666666668,-0.6424071788787842,0.4332286864562575
UBFC_PHYS_s13_T2_ctrl,127,99,130.3,-0.43572118878364563,0.4942867979060074
UBFC_PHYS_s13_T2_ctrl,127,100,130.33333333333334,-0.23286087810993195,0.5050239091398709
UBFC_PHYS_s13_T2_ctrl,127,101,130.36666666666667,-0.052710872143507004,0.480526705247227
UBFC_PHYS_s13_T2_ctrl,127,102,130.4,0.03910892456769943,0.4379337166340582
UBFC_PHYS_s13_T2_ctrl,127,103,130.43333333333334,-0.01690560020506382,0.39059564184030765
UBFC_PHYS_s13_T2_ctrl,127,104,130.46666666666667,-0.16577789187431335,0.3448415527549905
UBFC_PHYS_s13_T2_ctrl,127,105,130.5,-0.27003034949302673,0.3003347792244402
UBFC_PHYS_s13_T2_ctrl,127,106,130.53333333333333,-0.2624020576477051,0.25319536688174804
UBFC_PHYS_s13_T2_ctrl,127,107,130.56666666666666,-0.20406772196292877,0.19979551000983328
UBFC_PHYS_s13_T2_ctrl,127,108,130.6,-0.1583242267370224,0.13921869118298685
UBFC_PHYS_s13_T2_ctrl,127,109,130.63333333333333,-0.1280680149793625,0.07356718462633186
UBFC_PHYS_s13_T2_ctrl,127,110,130.66666666666666,-0.08583058416843414,0.00669427672830634
UBFC_PHYS_s13_T2_ctrl,127,111,130.7,-0.006394021678715944,-0.057424556467811035
UBFC_PHYS_s13_T2_ctrl,127,112,130.73333333333332,0.10964854061603546,-0.11587074324361947
UBFC_PHYS_s13_T2_ctrl,127,113,130.76666666666668,0.21406245231628418,-0.16733781050347674
UBFC_PHYS_s13_T2_ctrl,127,114,130.8,0.24390678107738495,-0.21199881490938854
UBFC_PHYS_s13_T2_ctrl,127,115,130.83333333333334,0.18252772092819214,-0.2505865961413001
UBFC_PHYS_s13_T2_ctrl,127,116,130.86666666666667,0.05464892461895943,-0.28296352747356285
UBFC_PHYS_s13_T2_ctrl,127,117,130.9,-0.09954506158828735,-0.30693781326528247
UBFC_PHYS_s13_T2_ctrl,127,118,130.93333333333334,-0.2368282675743103,-0.31809662311856074
UBFC_PHYS_s13_T2_ctrl,127,119,130.96666666666667,-0.34706804156303406,-0.31086837053452393
UBFC_PHYS_s13_T2_ctrl,127,120,131.0,-0.4973473846912384,-0.28025937808275764
UBFC_PHYS_s13_T2_ctrl,127,121,131.03333333333333,-0.7854107618331909,-0.2233764471281449
UBFC_PHYS_s13_T2_ctrl,127,122,131.06666666666666,-1.191421389579773,-0.14025821865196716
UBFC_PHYS_s13_T2_ctrl,127,123,131.1,-1.592966914176941,-0.034192735920042794
UBFC_PHYS_s13_T2_ctrl,127,124,131.13333333333333,-1.915665864944458,0.08808401500980399
UBFC_PHYS_s13_T2_ctrl,127,125,131.16666666666666,-2.2123000621795654,0.21628996748862386
UBFC_PHYS_s13_T2_ctrl,127,126,131.2,-2.587942361831665,0.33717032260954494
UBFC_PHYS_s13_T2_ctrl,127,127,131.23333333333332,-3.0356860160827637,0.4364095751099975
UBFC_PHYS_s13_T2_ctrl,127,128,131.26666666666668,-3.311234474182129,0.5018070390332536
UBFC_PHYS_s13_T2_ctrl,127,129,131.3,-3.1576039791107178,0.5266277937526981
UBFC_PHYS_s13_T2_ctrl,127,130,131.33333333333334,-2.673013687133789,0.5115949434657224
UBFC_PHYS_s13_T2_ctrl,127,131,131.36666666666667,-2.143599033355713,0.46445755404814787
UBFC_PHYS_s13_T2_ctrl,127,132,131.4,-1.7002345323562622,0.3971897687899536
UBFC_PHYS_s13_T2_ctrl,127,133,131.43333333333334,-1.3396180868148804,0.3218810079915502
UBFC_PHYS_s13_T2_ctrl,127,134,131.46666666666667,-1.0639115571975708,0.24668325641468963
UBFC_PHYS_s13_T2_ctrl,127,135,131.5,-0.8372601866722107,0.1730038343420252
UBFC_PHYS_s13_T2_ctrl,127,136,131.53333333333333,-0.6005980968475342,0.09486462806997775
UBFC_PHYS_s13_T2_ctrl,127,137,131.56666666666666,-0.37550532817840576,0.0009095121073634681
UBFC_PHYS_s13_T2_ctrl,127,138,131.6,-0.21407844126224518,-0.12121731829029826
UBFC_PHYS_s13_T2_ctrl,127,139,131.63333333333333,-0.10010524094104767,-0.27922498035849846
UBFC_PHYS_s13_T2_ctrl,127,140,131.66666666666666,0.01627012901008129,-0.47090581012796484
UBFC_PHYS_s13_T2_ctrl,127,141,131.7,0.13296183943748474,-0.6810451452069484
UBFC_PHYS_s13_T2_ctrl,127,142,131.73333333333332,0.21294869482517242,-0.8820389866733123
UBFC_PHYS_s13_T2_ctrl,127,143,131.76666666666668,0.2626397907733917,-1.0388457379580793
UBFC_PHYS_s13_T2_ctrl,127,144,131.8,0.3265099823474884,-1.117416048322546
UBFC_PHYS_s13_T2_ctrl,127,145,131.83333333333334,0.4100589156150818,-1.0942867421580251
UBFC_PHYS_s13_T2_ctrl,127,146,131.86666666666667,0.48179468512535095,-0.9642887924762708
UBFC_PHYS_s13_T2_ctrl,127,147,131.9,0.5385440587997437,-0.7435742194232589
UBFC_PHYS_s13_T2_ctrl,127,148,131.93333333333334,0.6122799515724182,-0.4664045323450822
UBFC_PHYS_s13_T2_ctrl,127,149,131.96666666666667,0.7115468382835388,-0.17625997377750655
UBFC_PHYS_s13_T2_ctrl,127,150,132.0,0.807587742805481,0.08577878991929089
UBFC_PHYS_s13_T2_ctrl,127,151,132.03333333333333,0.8937332630157471,0.29109584239907077
UBFC_PHYS_s13_T2_ctrl,127,152,132.06666666666666,1.0059468746185303,0.4285146604921764
UBFC_PHYS_s13_T2_ctrl,127,153,132.1,1.154509425163269,0.5031238666876258
UBFC_PHYS_s13_T2_ctrl,127,154,132.13333333333333,1.3053258657455444,0.5307275887041099
UBFC_PHYS_s13_T2_ctrl,127,155,132.16666666666666,1.445630669593811,0.5311066879156889
UBFC_PHYS_s13_T2_ctrl,127,156,132.2,1.6106361150741577,0.5225147348503765
UBFC_PHYS_s13_T2_ctrl,127,157,132.23333333333332,1.8363583087921143,0.5181749547319148
UBFC_PHYS_s13_T2_ctrl,127,158,132.26666666666668,2.115732431411743,0.5245879617909331
UBFC_PHYS_s13_T2_ctrl,127,159,132.3,2.342973470687866,0.5413351884257852
UBFC_PHYS_s13_T2_ctrl,127,160,132.33333333333334,2.358424663543701,0.5621639608261955
UBFC_PHYS_s13_T2_ctrl,127,161,132.36666666666667,2.1264054775238037,0.5771611451135907
UBFC_PHYS_s13_T2_ctrl,127,162,132.4,1.7648597955703735,0.5757063922549719
UBFC_PHYS_s13_T2_ctrl,127,163,132.43333333333334,1.3793188333511353,0.5496609817662145
UBFC_PHYS_s13_T2_ctrl,127,164,132.46666666666667,1.0212396383285522,0.49600703182209127
UBFC_PHYS_s13_T2_ctrl,127,165,132.5,0.7417997717857361,0.4180931599555566
UBFC_PHYS_s13_T2_ctrl,127,166,132.53333333333333,0.52486252784729,0.324922653560614
UBFC_PHYS_s13_T2_ctrl,127,167,132.56666666666666,0.2917690575122833,0.22854801709981246
UBFC_PHYS_s13_T2_ctrl,127,168,132.6,0.09740370512008667,0.1404085150936123
UBFC_PHYS_s13_T2_ctrl,127,169,132.63333333333333,0.1566903293132782,0.06795871805532963
UBFC_PHYS_s13_T2_ctrl,127,170,132.66666666666666,0.6073075532913208,0.01285688597280183
UBFC_PHYS_s13_T2_ctrl,127,171,132.7,1.217786431312561,-0.028669032295956878
UBFC_PHYS_s13_T2_ctrl,127,172,132.73333333333332,1.4803518056869507,-0.06358109046123545
UBFC_PHYS_s13_T2_ctrl,127,173,132.76666666666668,1.168948769569397,-0.09897573847525479
UBFC_PHYS_s13_T2_ctrl,127,174,132.8,0.6205837726593018,-0.13950147322581619
UBFC_PHYS_s13_T2_ctrl,127,175,132.83333333333334,0.20107950270175934,-0.1861424994540673
UBFC_PHYS_s13_T2_ctrl,127,176,132.86666666666667,-0.06432962417602539,-0.2364704521631283
UBFC_PHYS_s13_T2_ctrl,127,177,132.9,-0.29900476336479187,-0.28580463104807446
UBFC_PHYS_s13_T2_ctrl,127,178,132.93333333333334,-0.6042359471321106,-0.3285911034470061
UBFC_PHYS_s13_T2_ctrl,127,179,132.96666666666667,-0.9594680070877075,-0.3596300354521039
UBFC_PHYS_s13_T2_ctrl,127,180,133.0,-1.1396081447601318,-0.3751943935884131
UBFC_PHYS_s13_T2_ctrl,127,181,133.03333333333333,-0.9595009684562683,-0.3742730151942315
UBFC_PHYS_s13_T2_ctrl,127,182,133.06666666666666,-0.5906137228012085,-0.3599683038755899
UBFC_PHYS_s13_T2_ctrl,127,183,133.1,-0.2809637188911438,-0.3405225471973774
UBFC_PHYS_s13_T2_ctrl,127,184,133.13333333333333,-0.08672357350587845,-0.32889698470909823
UBFC_PHYS_s13_T2_ctrl,127,185,133.16666666666666,0.04119805991649628,-0.33994427619284945
UBFC_PHYS_s13_T2_ctrl,127,186,133.2,0.12339267879724503,-0.385283020719648
UBFC_PHYS_s13_T2_ctrl,127,187,133.23333333333332,0.16115528345108032,-0.46736321110570567
UBFC_PHYS_s13_T2_ctrl,127,188,133.26666666666668,0.15584346652030945,-0.5750284253243944
UBFC_PHYS_s13_T2_ctrl,127,189,133.3,0.11142133921384811,-0.6828048824999934
UBFC_PHYS_s13_T2_ctrl,127,190,133.33333333333334,0.055383749306201935,-0.7552133678562778
UBFC_PHYS_s13_T2_ctrl,127,191,133.36666666666667,0.03347748517990112,-0.7557325772935495
UBFC_PHYS_s13_T2_ctrl,127,192,133.4,0.05146579444408417,-0.6580773814954979
UBFC_PHYS_s13_T2_ctrl,127,193,133.43333333333334,0.05179201811552048,-0.45607493242337577
UBFC_PHYS_s13_T2_ctrl,127,194,133.46666666666667,0.003129007760435343,-0.16840147374672806
UBFC_PHYS_s13_T2_ctrl,127,195,133.5,-0.0403902493417263,0.16411563386719685
UBFC_PHYS_s13_T2_ctrl,127,196,133.53333333333333,-0.030956188216805458,0.4884568488821197
UBFC_PHYS_s13_T2_ctrl,127,197,133.56666666666666,-0.007385866716504097,0.7536743375592927
UBFC_PHYS_s13_T2_ctrl,127,198,133.6,-0.011218144558370113,0.9244783049331892
UBFC_PHYS_s13_T2_ctrl,127,199,133.63333333333333,-0.045415375381708145,0.9892308465384397
UBFC_PHYS_s13_T2_ctrl,127,200,133.66666666666666,-0.10591462254524231,0.9599521344397047
UBFC_PHYS_s13_T2_ctrl,127,201,133.7,-0.1684667468070984,0.8653221886596253
UBFC_PHYS_s13_T2_ctrl,127,202,133.73333333333332,-0.19445902109146118,0.739960148596037
UBFC_PHYS_s13_T2_ctrl,127,203,133.76666666666668,-0.20399193465709686,0.6138868651366105
UBFC_PHYS_s13_T2_ctrl,127,204,133.8,-0.27373743057250977,0.5053424069571864
UBFC_PHYS_s13_T2_ctrl,127,205,133.83333333333334,-0.4193013608455658,0.4185388470838073
UBFC_PHYS_s13_T2_ctrl,127,206,133.86666666666667,-0.5704209804534912,0.34610001777249
UBFC_PHYS_s13_T2_ctrl,127,207,133.9,-0.6699086427688599,0.2745873621348695
UBFC_PHYS_s13_T2_ctrl,127,208,133.93333333333334,-0.7644963264465332,0.1910326753101956
UBFC_PHYS_s13_T2_ctrl,127,209,133.96666666666667,-0.9585486650466919,0.08858555519803879
UBFC_PHYS_s13_T2_ctrl,127,210,134.0,-1.2329272031784058,-0.030173622870912395
UBFC_PHYS_s13_T2_ctrl,127,211,134.03333333333333,-1.3417402505874634,-0.1531810802831251
UBFC_PHYS_s13_T2_ctrl,127,212,134.06666666666666,-1.0852082967758179,-0.26234435212950374
UBFC_PHYS_s13_T2_ctrl,127,213,134.1,-0.5723387598991394,-0.339722393011922
UBFC_PHYS_s13_T2_ctrl,127,214,134.13333333333333,-0.02253703959286213,-0.37438363733178476
UBFC_PHYS_s13_T2_ctrl,127,215,134.16666666666666,0.5577318072319031,-0.3671154496547458
UBFC_PHYS_s13_T2_ctrl,127,216,134.2,1.2397817373275757,-0.3306133821299915
UBFC_PHYS_s13_T2_ctrl,127,217,134.23333333333332,1.8188081979751587,-0.2845826489372664
UBFC_PHYS_s13_T2_ctrl,127,218,134.26666666666668,1.8953253030776978,-0.24765599478643643
UBFC_PHYS_s13_T2_ctrl,127,219,134.3,1.383793592453003,-0.22980291444096285
UBFC_PHYS_s13_T2_ctrl,127,220,134.33333333333334,0.7335124015808105,-0.22882691165101768
UBFC_PHYS_s13_T2_ctrl,127,221,134.36666666666667,0.46109774708747864,-0.23256538022551393
UBFC_PHYS_s13_T2_ctrl,127,222,134.4,0.5733607411384583,-0.22552450519917186
UBFC_PHYS_s13_T2_ctrl,127,223,134.43333333333334,0.6726638674736023,-0.1965788546715462
UBFC_PHYS_s13_T2_ctrl,127,224,134.46666666666667,0.5604733824729919,-0.14421744667513461
UBFC_PHYS_s13_T2_ctrl,127,225,134.5,0.3297227919101715,-0.0772974515021755
UBFC_PHYS_s13_T2_ctrl,127,226,134.53333333333333,0.034192536026239395,-0.011322169802837071
UBFC_PHYS_s13_T2_ctrl,127,227,134.56666666666666,-0.26164087653160095,0.03790454450353549
UBFC_PHYS_s13_T2_ctrl,127,228,134.6,-0.40289145708084106,0.06036220978857374
UBFC_PHYS_s13_T2_ctrl,127,229,134.63333333333333,-0.38978326320648193,0.055021502986298085
UBFC_PHYS_s13_T2_ctrl,127,230,134.66666666666666,-0.3900238275527954,0.02911548795877845
UBFC_PHYS_s13_T2_ctrl,127,231,134.7,-0.4561149477958679,-0.005602621161010648
UBFC_PHYS_s13_T2_ctrl,127,232,134.73333333333332,-0.48787376284599304,-0.037393727517781535
UBFC_PHYS_s13_T2_ctrl,127,233,134.76666666666668,-0.44431498646736145,-0.05773836441197152
UBFC_PHYS_s13_T2_ctrl,127,234,134.8,-0.3925611078739166,-0.06242472802401359
UBFC_PHYS_s13_T2_ctrl,127,235,134.83333333333334,-0.34807637333869934,-0.051077309656614944
UBFC_PHYS_s13_T2_ctrl,127,236,134.86666666666667,-0.257139652967453,-0.02602926515600552
UBFC_PHYS_s13_T2_ctrl,127,237,134.9,-0.12336911261081696,0.008893848782175525
UBFC_PHYS_s13_T2_ctrl,127,238,134.93333333333334,-0.026125473901629448,0.04938536360606536
UBFC_PHYS_s13_T2_ctrl,127,239,134.96666666666667,-0.011198373511433601,0.09128584418795825
UBFC_PHYS_s13_T2_ctrl,128,0,128.0,2.068977117538452,-0.11579172801465526
UBFC_PHYS_s13_T2_ctrl,128,1,128.03333333333333,1.8666507005691528,-0.03186433869492301
UBFC_PHYS_s13_T2_ctrl,128,2,128.06666666666666,1.4864578247070312,0.04461503818381651
UBFC_PHYS_s13_T2_ctrl,128,3,128.1,1.3378260135650635,0.10266999181124233
UBFC_PHYS_s13_T2_ctrl,128,4,128.13333333333333,1.3003698587417603,0.13017770534040143
UBFC_PHYS_s13_T2_ctrl,128,5,128.16666666666666,1.2211310863494873,0.11653143186373224
UBFC_PHYS_s13_T2_ctrl,128,6,128.2,0.922773540019989,0.056724846739263174
UBFC_PHYS_s13_T2_ctrl,128,7,128.23333333333332,0.2421174943447113,-0.04505312354830172
UBFC_PHYS_s13_T2_ctrl,128,8,128.26666666666668,-0.7760920524597168,-0.17387750046270348
UBFC_PHYS_s13_T2_ctrl,128,9,128.3,-1.6699057817459106,-0.3052617934985149
UBFC_PHYS_s13_T2_ctrl,128,10,128.33333333333334,-2.11899733543396,-0.4090865006906461
UBFC_PHYS_s13_T2_ctrl,128,11,128.36666666666667,-1.7673734426498413,-0.45586403118760915
UBFC_PHYS_s13_T2_ctrl,128,12,128.4,-0.9984432458877563,-0.42421441140048005
UBFC_PHYS_s13_T2_ctrl,128,13,128.43333333333334,-0.4118839502334595,-0.30753301919492143
UBFC_PHYS_s13_T2_ctrl,128,14,128.46666666666667,-0.002472774125635624,-0.11728954604284338
UBFC_PHYS_s13_T2_ctrl,128,15,128.5,0.11609718203544617,0.11904078377784318
UBFC_PHYS_s13_T2_ctrl,128,16,128.53333333333333,-0.22143325209617615,0.36543660901118014
UBFC_PHYS_s13_T2_ctrl,128,17,128.56666666666666,-0.7620776891708374,0.5874959021825317
UBFC_PHYS_s13_T2_ctrl,128,18,128.6,-1.23977792263031,0.7607321710595182
UBFC_PHYS_s13_T2_ctrl,128,19,128.63333333333333,-1.6161879301071167,0.8732527850543753
UBFC_PHYS_s13_T2_ctrl,128,20,128.66666666666666,-2.0425496101379395,0.9227544833934642
UBFC_PHYS_s13_T2_ctrl,128,21,128.7,-2.569733142852783,0.9112067720904365
UBFC_PHYS_s13_T2_ctrl,128,22,128.73333333333332,-2.9978082180023193,0.8408897331473046
UBFC_PHYS_s13_T2_ctrl,128,23,128.76666666666668,-2.991194725036621,0.7132988143005958
UBFC_PHYS_s13_T2_ctrl,128,24,128.8,-2.4530744552612305,0.5301740650917471
UBFC_PHYS_s13_T2_ctrl,128,25,128.83333333333334,-1.737878441810608,0.2950286199901737
UBFC_PHYS_s13_T2_ctrl,128,26,128.86666666666667,-1.1940475702285767,0.014208675190899805
UBFC_PHYS_s13_T2_ctrl,128,27,128.9,-0.8821700215339661,-0.30230649362022727
UBFC_PHYS_s13_T2_ctrl,128,28,128.93333333333334,-0.6786968111991882,-0.6396661660703694
UBFC_PHYS_s13_T2_ctrl,128,29,128.96666666666667,-0.5260977149009705,-0.9763150920864672
UBFC_PHYS_s13_T2_ctrl,128,30,129.0,-0.37709030508995056,-1.2825347303533419
UBFC_PHYS_s13_T2_ctrl,128,31,129.03333333333333,-0.1874864548444748,-1.5211734936865817
UBFC_PHYS_s13_T2_ctrl,128,32,129.06666666666666,0.03640688583254814,-1.6521750432842668
UBFC_PHYS_s13_T2_ctrl,128,33,129.1,0.27072614431381226,-1.6410682178586795
UBFC_PHYS_s13_T2_ctrl,128,34,129.13333333333333,0.5461921095848083,-1.4694194185811988
UBFC_PHYS_s13_T2_ctrl,128,35,129.16666666666666,0.8699981570243835,-1.1434866872375469
UBFC_PHYS_s13_T2_ctrl,128,36,129.2,1.1905221939086914,-0.697068879479492
UBFC_PHYS_s13_T2_ctrl,128,37,129.23333333333332,1.498986005783081,-0.1862738118898058
UBFC_PHYS_s13_T2_ctrl,128,38,129.26666666666668,1.8574670553207397,0.3228634781641095
UBFC_PHYS_s13_T2_ctrl,128,39,129.3,2.2818515300750732,0.7697765742246183
UBFC_PHYS_s13_T2_ctrl,128,40,129.33333333333334,2.696805238723755,1.112135290312768
UBFC_PHYS_s13_T2_ctrl,128,41,129.36666666666667,3.0518362522125244,1.3315616541004782
UBFC_PHYS_s13_T2_ctrl,128,42,129.4,3.39574933052063,1.4313553539924924
UBFC_PHYS_s13_T2_ctrl,128,43,129.43333333333334,3.732110023498535,1.4287528562537433
UBFC_PHYS_s13_T2_ctrl,128,44,129.46666666666667,3.8047749996185303,1.3456606631853427
UBFC_PHYS_s13_T2_ctrl,128,45,129.5,3.287562608718872,1.2013547294914235
UBFC_PHYS_s13_T2_ctrl,128,46,129.53333333333333,2.2662720680236816,1.0093729540713965
UBFC_PHYS_s13_T2_ctrl,128,47,129.56666666666666,1.280381441116333,0.7790695281360309
UBFC_PHYS_s13_T2_ctrl,128,48,129.6,0.7326359152793884,0.5202714271065827
UBFC_PHYS_s13_T2_ctrl,128,49,129.63333333333333,0.6002163290977478,0.24803935867130347
UBFC_PHYS_s13_T2_ctrl,128,50,129.66666666666666,0.5656566619873047,-0.015492240308426629
UBFC_PHYS_s13_T2_ctrl,128,51,129.7,0.3933853805065155,-0.2437851624611839
UBFC_PHYS_s13_T2_ctrl,128,52,129.73333333333332,0.14238600432872772,-0.4124213443008853
UBFC_PHYS_s13_T2_ctrl,128,53,129.76666666666668,-0.01710990071296692,-0.5068676195241953
UBFC_PHYS_s13_T2_ctrl,128,54,129.8,-0.04046932980418205,-0.5281335991769649
UBFC_PHYS_s13_T2_ctrl,128,55,129.83333333333334,0.0037155472673475742,-0.493685393290026
UBFC_PHYS_s13_T2_ctrl,128,56,129.86666666666667,0.006318728439509869,-0.4327751355363218
UBFC_PHYS_s13_T2_ctrl,128,57,129.9,-0.10975678265094757,-0.3775660250136222
UBFC_PHYS_s13_T2_ctrl,128,58,129.93333333333334,-0.3097074329853058,-0.3532249742904943
UBFC_PHYS_s13_T2_ctrl,128,59,129.96666666666667,-0.5080302953720093,-0.37065645236207084
UBFC_PHYS_s13_T2_ctrl,128,60,130.0,-0.6906088590621948,-0.42442208536507753
UBFC_PHYS_s13_T2_ctrl,128,61,130.03333333333333,-0.9177380204200745,-0.49622378008725593
UBFC_PHYS_s13_T2_ctrl,128,62,130.06666666666666,-1.1763063669204712,-0.5622017982859717
UBFC_PHYS_s13_T2_ctrl,128,63,130.1,-1.3252182006835938,-0.6011922678673792
UBFC_PHYS_s13_T2_ctrl,128,64,130.13333333333333,-1.2723572254180908,-0.6013072496106745
UBFC_PHYS_s13_T2_ctrl,128,65,130.16666666666666,-1.112406611442566,-0.5630480760909883
UBFC_PHYS_s13_T2_ctrl,128,66,130.2,-0.9681540727615356,-0.49800061355619557
UBFC_PHYS_s13_T2_ctrl,128,67,130.23333333333332,-0.827345073223114,-0.4233607899418434
UBFC_PHYS_s13_T2_ctrl,128,68,130.26666666666668,-0.6424071788787842,-0.35427925454784676
UBFC_PHYS_s13_T2_ctrl,128,69,130.3,-0.43572118878364563,-0.29713956196692215
UBFC_PHYS_s13_T2_ctrl,128,70,130.33333333333334,-0.23286087810993195,-0.2463781312508047
UBFC_PHYS_s13_T2_ctrl,128,71,130.36666666666667,-0.052710872143507004,-0.18591215014975757
UBFC_PHYS_s13_T2_ctrl,128,72,130.4,0.03910892456769943,-0.09473177918735357
UBFC_PHYS_s13_T2_ctrl,128,73,130.43333333333334,-0.01690560020506382,0.04499500861884308
UBFC_PHYS_s13_T2_ctrl,128,74,130.46666666666667,-0.16577789187431335,0.23988115821626393
UBFC_PHYS_s13_T2_ctrl,128,75,130.5,-0.27003034949302673,0.4802362459148895
UBFC_PHYS_s13_T2_ctrl,128,76,130.53333333333333,-0.2624020576477051,0.7401244738096565
UBFC_PHYS_s13_T2_ctrl,128,77,130.56666666666666,-0.20406772196292877,0.9828781880474736
UBFC_PHYS_s13_T2_ctrl,128,78,130.6,-0.1583242267370224,1.1699789178579107
UBFC_PHYS_s13_T2_ctrl,128,79,130.63333333333333,-0.1280680149793625,1.2699100442531883
UBFC_PHYS_s13_T2_ctrl,128,80,130.66666666666666,-0.08583058416843414,1.2643355598068098
UBFC_PHYS_s13_T2_ctrl,128,81,130.7,-0.006394021678715944,1.150655411465983
UBFC_PHYS_s13_T2_ctrl,128,82,130.73333333333332,0.10964854061603546,0.9411435545965083
UBFC_PHYS_s13_T2_ctrl,128,83,130.76666666666668,0.21406245231628418,0.6594213201991899
UBFC_PHYS_s13_T2_ctrl,128,84,130.8,0.24390678107738495,0.33543443289074354
UBFC_PHYS_s13_T2_ctrl,128,85,130.83333333333334,0.18252772092819214,0.0003150916189695128
UBFC_PHYS_s13_T2_ctrl,128,86,130.86666666666667,0.05464892461895943,-0.31771219018178615
UBFC_PHYS_s13_T2_ctrl,128,87,130.9,-0.09954506158828735,-0.5957739530281423
UBFC_PHYS_s13_T2_ctrl,128,88,130.93333333333334,-0.2368282675743103,-0.8171308167405571
UBFC_PHYS_s13_T2_ctrl,128,89,130.96666666666667,-0.34706804156303406,-0.9706913548968886
UBFC_PHYS_s13_T2_ctrl,128,90,131.0,-0.4973473846912384,-1.049785121935801
UBFC_PHYS_s13_T2_ctrl,128,91,131.03333333333333,-0.7854107618331909,-1.0507665536471145
UBFC_PHYS_s13_T2_ctrl,128,92,131.06666666666666,-1.191421389579773,-0.9721439392984182
UBFC_PHYS_s13_T2_ctrl,128,93,131.1,-1.592966914176941,-0.8150808111500628
UBFC_PHYS_s13_T2_ctrl,128,94,131.13333333333333,-1.915665864944458,-0.585917578177832
UBFC_PHYS_s13_T2_ctrl,128,95,131.16666666666666,-2.2123000621795654,-0.3001543638141918
UBFC_PHYS_s13_T2_ctrl,128,96,131.2,-2.587942361831665,0.014630408962501259
UBFC_PHYS_s13_T2_ctrl,128,97,131.23333333333332,-3.0356860160827637,0.32022485915155097
UBFC_PHYS_s13_T2_ctrl,128,98,131.26666666666668,-3.311234474182129,0.5750111800254659
UBFC_PHYS_s13_T2_ctrl,128,99,131.3,-3.1576039791107178,0.7449613644156727
UBFC_PHYS_s13_T2_ctrl,128,100,131.33333333333334,-2.673013687133789,0.8137294466699003
UBFC_PHYS_s13_T2_ctrl,128,101,131.36666666666667,-2.143599033355713,0.7870319981305264
UBFC_PHYS_s13_T2_ctrl,128,102,131.4,-1.7002345323562622,0.689154966828917
UBFC_PHYS_s13_T2_ctrl,128,103,131.43333333333334,-1.3396180868148804,0.5532428839707165
UBFC_PHYS_s13_T2_ctrl,128,104,131.46666666666667,-1.0639115571975708,0.4097816491449755
UBFC_PHYS_s13_T2_ctrl,128,105,131.5,-0.8372601866722107,0.27797146376648163
UBFC_PHYS_s13_T2_ctrl,128,106,131.53333333333333,-0.6005980968475342,0.16261302812220202
UBFC_PHYS_s13_T2_ctrl,128,107,131.56666666666666,-0.37550532817840576,0.05648871989280331
UBFC_PHYS_s13_T2_ctrl,128,108,131.6,-0.21407844126224518,-0.053361680529100244
UBFC_PHYS_s13_T2_ctrl,128,109,131.63333333333333,-0.10010524094104767,-0.1778154955497075
UBFC_PHYS_s13_T2_ctrl,128,110,131.66666666666666,0.01627012901008129,-0.3191557265476275
UBFC_PHYS_s13_T2_ctrl,128,111,131.7,0.13296183943748474,-0.4684635603774032
UBFC_PHYS_s13_T2_ctrl,128,112,131.73333333333332,0.21294869482517242,-0.6079055118156353
UBFC_PHYS_s13_T2_ctrl,128,113,131.76666666666668,0.2626397907733917,-0.7167776463636263
UBFC_PHYS_s13_T2_ctrl,128,114,131.8,0.3265099823474884,-0.7787072940847941
UBFC_PHYS_s13_T2_ctrl,128,115,131.83333333333334,0.4100589156150818,-0.7871302850211159
UBFC_PHYS_s13_T2_ctrl,128,116,131.86666666666667,0.48179468512535095,-0.7470040217714137
UBFC_PHYS_s13_T2_ctrl,128,117,131.9,0.5385440587997437,-0.6723412702244133
UBFC_PHYS_s13_T2_ctrl,128,118,131.93333333333334,0.6122799515724182,-0.5809196387936666
UBFC_PHYS_s13_T2_ctrl,128,119,131.96666666666667,0.7115468382835388,-0.48856473828930114
UBFC_PHYS_s13_T2_ctrl,128,120,132.0,0.807587742805481,-0.40517925640279495
UBFC_PHYS_s13_T2_ctrl,128,121,132.03333333333333,0.8937332630157471,-0.33345735090809475
UBFC_PHYS_s13_T2_ctrl,128,122,132.06666666666666,1.0059468746185303,-0.269786000993346
UBFC_PHYS_s13_T2_ctrl,128,123,132.1,1.154509425163269,-0.20609977470846624
UBFC_PHYS_s13_T2_ctrl,128,124,132.13333333333333,1.3053258657455444,-0.13179661485249772
UBFC_PHYS_s13_T2_ctrl,128,125,132.16666666666666,1.445630669593811,-0.03564947418221593
UBFC_PHYS_s13_T2_ctrl,128,126,132.2,1.6106361150741577,0.09187421590276601
UBFC_PHYS_s13_T2_ctrl,128,127,132.23333333333332,1.8363583087921143,0.25563420163139644
UBFC_PHYS_s13_T2_ctrl,128,128,132.26666666666668,2.115732431411743,0.4525769029511937
UBFC_PHYS_s13_T2_ctrl,128,129,132.3,2.342973470687866,0.6694484329945974
UBFC_PHYS_s13_T2_ctrl,128,130,132.33333333333334,2.358424663543701,0.8831323348309269
UBFC_PHYS_s13_T2_ctrl,128,131,132.36666666666667,2.1264054775238037,1.0646679061759305
UBFC_PHYS_s13_T2_ctrl,128,132,132.4,1.7648597955703735,1.1862603257301416
UBFC_PHYS_s13_T2_ctrl,128,133,132.43333333333334,1.3793188333511353,1.228905611445115
UBFC_PHYS_s13_T2_ctrl,128,134,132.46666666666667,1.0212396383285522,1.1878445506770237
UBFC_PHYS_s13_T2_ctrl,128,135,132.5,0.7417997717857361,1.0739529976002915
UBFC_PHYS_s13_T2_ctrl,128,136,132.53333333333333,0.52486252784729,0.910676283774719
UBFC_PHYS_s13_T2_ctrl,128,137,132.56666666666666,0.2917690575122833,0.7275246284685475
UBFC_PHYS_s13_T2_ctrl,128,138,132.6,0.09740370512008667,0.552034930937117
UBFC_PHYS_s13_T2_ctrl,128,139,132.63333333333333,0.1566903293132782,0.40244870396414467
UBFC_PHYS_s13_T2_ctrl,128,140,132.66666666666666,0.6073075532913208,0.28324418271941393
UBFC_PHYS_s13_T2_ctrl,128,141,132.7,1.217786431312561,0.18500466066295615
UBFC_PHYS_s13_T2_ctrl,128,142,132.73333333333332,1.4803518056869507,0.08885961812996043
UBFC_PHYS_s13_T2_ctrl,128,143,132.76666666666668,1.168948769569397,-0.025838747627011292
UBFC_PHYS_s13_T2_ctrl,128,144,132.8,0.6205837726593018,-0.17327616380018637
UBFC_PHYS_s13_T2_ctrl,128,145,132.83333333333334,0.20107950270175934,-0.3553970840948217
UBFC_PHYS_s13_T2_ctrl,128,146,132.86666666666667,-0.06432962417602539,-0.5605915214305002
UBFC_PHYS_s13_T2_ctrl,128,147,132.9,-0.29900476336479187,-0.7669137760027693
UBFC_PHYS_s13_T2_ctrl,128,148,132.93333333333334,-0.6042359471321106,-0.948063158609859
UBFC_PHYS_s13_T2_ctrl,128,149,132.96666666666667,-0.9594680070877075,-1.0797862832767815
UBFC_PHYS_s13_T2_ctrl,128,150,133.0,-1.1396081447601318,-1.1452797135953838
UBFC_PHYS_s13_T2_ctrl,128,151,133.03333333333333,-0.9595009684562683,-1.1391560868167405
UBFC_PHYS_s13_T2_ctrl,128,152,133.06666666666666,-0.5906137228012085,-1.0694103000987794
UBFC_PHYS_s13_T2_ctrl,128,153,133.1,-0.2809637188911438,-0.9564089179401151
UBFC_PHYS_s13_T2_ctrl,128,154,133.13333333333333,-0.08672357350587845,-0.8284094668447014
UBFC_PHYS_s13_T2_ctrl,128,155,133.16666666666666,0.04119805991649628,-0.7142355832904835
UBFC_PHYS_s13_T2_ctrl,128,156,133.2,0.12339267879724503,-0.6347218879481946
UBFC_PHYS_s13_T2_ctrl,128,157,133.23333333333332,0.16115528345108032,-0.5952658089976468
UBFC_PHYS_s13_T2_ctrl,128,158,133.26666666666668,0.15584346652030945,-0.5822031453784424
UBFC_PHYS_s13_T2_ctrl,128,159,133.3,0.11142133921384811,-0.5651621433521278
UBFC_PHYS_s13_T2_ctrl,128,160,133.33333333333334,0.055383749306201935,-0.5057086386105882
UBFC_PHYS_s13_T2_ctrl,128,161,133.36666666666667,0.03347748517990112,-0.3701436115075511
UBFC_PHYS_s13_T2_ctrl,128,162,133.4,0.05146579444408417,-0.14236658896807095
UBFC_PHYS_s13_T2_ctrl,128,163,133.43333333333334,0.05179201811552048,0.16791241278751315
UBFC_PHYS_s13_T2_ctrl,128,164,133.46666666666667,0.003129007760435343,0.5252072389153241
UBFC_PHYS_s13_T2_ctrl,128,165,133.5,-0.0403902493417263,0.8772327397887056
UBFC_PHYS_s13_T2_ctrl,128,166,133.53333333333333,-0.030956188216805458,1.1697501580882557
UBFC_PHYS_s13_T2_ctrl,128,167,133.56666666666666,-0.007385866716504097,1.361613263460379
UBFC_PHYS_s13_T2_ctrl,128,168,133.6,-0.011218144558370113,1.434544709069549
UBFC_PHYS_s13_T2_ctrl,128,169,133.63333333333333,-0.045415375381708145,1.3948410536937295
UBFC_PHYS_s13_T2_ctrl,128,170,133.66666666666666,-0.10591462254524231,1.2677170693601216
UBFC_PHYS_s13_T2_ctrl,128,171,133.7,-0.1684667468070984,1.0874476679182417
UBFC_PHYS_s13_T2_ctrl,128,172,133.73333333333332,-0.19445902109146118,0.8868915600151299
UBFC_PHYS_s13_T2_ctrl,128,173,133.76666666666668,-0.20399193465709686,0.6892146899543591
UBFC_PHYS_s13_T2_ctrl,128,174,133.8,-0.27373743057250977,0.5037931097693532
UBFC_PHYS_s13_T2_ctrl,128,175,133.83333333333334,-0.4193013608455658,0.32726197553647596
UBFC_PHYS_s13_T2_ctrl,128,176,133.86666666666667,-0.5704209804534912,0.14910838859906694
UBFC_PHYS_s13_T2_ctrl,128,177,133.9,-0.6699086427688599,-0.04046035862360277
UBFC_PHYS_s13_T2_ctrl,128,178,133.93333333333334,-0.7644963264465332,-0.24354457675134533
UBFC_PHYS_s13_T2_ctrl,128,179,133.96666666666667,-0.9585486650466919,-0.45116930302966934
UBFC_PHYS_s13_T2_ctrl,128,180,134.0,-1.2329272031784058,-0.6444417290350137
UBFC_PHYS_s13_T2_ctrl,128,181,134.03333333333333,-1.3417402505874634,-0.7993059441252999
UBFC_PHYS_s13_T2_ctrl,128,182,134.06666666666666,-1.0852082967758179,-0.892995864770061
UBFC_PHYS_s13_T2_ctrl,128,183,134.1,-0.5723387598991394,-0.9103494729845092
UBFC_PHYS_s13_T2_ctrl,128,184,134.13333333333333,-0.02253703959286213,-0.8486305294463414
UBFC_PHYS_s13_T2_ctrl,128,185,134.16666666666666,0.5577318072319031,-0.7197081133767709
UBFC_PHYS_s13_T2_ctrl,128,186,134.2,1.2397817373275757,-0.5483614157165064
UBFC_PHYS_s13_T2_ctrl,128,187,134.23333333333332,1.8188081979751587,-0.3662386807445605
UBFC_PHYS_s13_T2_ctrl,128,188,134.26666666666668,1.8953253030776978,-0.20310560181995935
UBFC_PHYS_s13_T2_ctrl,128,189,134.3,1.383793592453003,-0.07881044272401354
UBFC_PHYS_s13_T2_ctrl,128,190,134.33333333333334,0.7335124015808105,0.0008611927148287537
UBFC_PHYS_s13_T2_ctrl,128,191,134.36666666666667,0.46109774708747864,0.0432073065174909
UBFC_PHYS_s13_T2_ctrl,128,192,134.4,0.5733607411384583,0.06348639544585635
UBFC_PHYS_s13_T2_ctrl,128,193,134.43333333333334,0.6726638674736023,0.07808378658245456
UBFC_PHYS_s13_T2_ctrl,128,194,134.46666666666667,0.5604733824729919,0.09866174174278042
UBFC_PHYS_s13_T2_ctrl,128,195,134.5,0.3297227919101715,0.12923126665813692
UBFC_PHYS_s13_T2_ctrl,128,196,134.53333333333333,0.034192536026239395,0.16678093444817943
UBFC_PHYS_s13_T2_ctrl,128,197,134.56666666666666,-0.26164087653160095,0.20466653331153353
UBFC_PHYS_s13_T2_ctrl,128,198,134.6,-0.40289145708084106,0.23684671295945053
UBFC_PHYS_s13_T2_ctrl,128,199,134.63333333333333,-0.38978326320648193,0.2607920850082507
UBFC_PHYS_s13_T2_ctrl,128,200,134.66666666666666,-0.3900238275527954,0.2777384269894168
UBFC_PHYS_s13_T2_ctrl,128,201,134.7,-0.4561149477958679,0.29048231909233346
UBFC_PHYS_s13_T2_ctrl,128,202,134.73333333333332,-0.48787376284599304,0.30029587575124445
UBFC_PHYS_s13_T2_ctrl,128,203,134.76666666666668,-0.44431498646736145,0.30489852999327427
UBFC_PHYS_s13_T2_ctrl,128,204,134.8,-0.3925611078739166,0.2985255166433226
UBFC_PHYS_s13_T2_ctrl,128,205,134.83333333333334,-0.34807637333869934,0.27379675638163686
UBFC_PHYS_s13_T2_ctrl,128,206,134.86666666666667,-0.257139652967453,0.22431583985486697
UBFC_PHYS_s13_T2_ctrl,128,207,134.9,-0.12336911261081696,0.14696258065980683
UBFC_PHYS_s13_T2_ctrl,128,208,134.93333333333334,-0.026125473901629448,0.04333727994801337
UBFC_PHYS_s13_T2_ctrl,128,209,134.96666666666667,-0.011198373511433601,-0.07978221945099621
UBFC_PHYS_s13_T2_ctrl,128,210,135.0,-0.045678988099098206,-0.21105326981075706
UBFC_PHYS_s13_T2_ctrl,128,211,135.03333333333333,-0.07709180563688278,-0.33622859114162157
UBFC_PHYS_s13_T2_ctrl,128,212,135.06666666666666,-0.09567324817180634,-0.4404066324180363
UBFC_PHYS_s13_T2_ctrl,128,213,135.1,-0.13456937670707703,-0.5101914692012842
UBFC_PHYS_s13_T2_ctrl,128,214,135.13333333333333,-0.22123554348945618,-0.5354775313404633
UBFC_PHYS_s13_T2_ctrl,128,215,135.16666666666666,-0.33875104784965515,-0.5109542529930349
UBFC_PHYS_s13_T2_ctrl,128,216,135.2,-0.449550986289978,-0.4372013253651183
UBFC_PHYS_s13_T2_ctrl,128,217,135.23333333333332,-0.5289644598960876,-0.32094134044862205
UBFC_PHYS_s13_T2_ctrl,128,218,135.26666666666668,-0.5581398606300354,-0.1742371323024687
UBFC_PHYS_s13_T2_ctrl,128,219,135.3,-0.5257484316825867,-0.012780617330348833
UBFC_PHYS_s13_T2_ctrl,128,220,135.33333333333334,-0.44884252548217773,0.14654030925890715
UBFC_PHYS_s13_T2_ctrl,128,221,135.36666666666667,-0.3678934872150421,0.288482637686578
UBFC_PHYS_s13_T2_ctrl,128,222,135.4,-0.31981372833251953,0.4018529422346848
UBFC_PHYS_s13_T2_ctrl,128,223,135.43333333333334,-0.2877352833747864,0.4803972045095451
UBFC_PHYS_s13_T2_ctrl,128,224,135.46666666666667,-0.196363627910614,0.5217968448360987
UBFC_PHYS_s13_T2_ctrl,128,225,135.5,-0.008114098571240902,0.525535442437812
UBFC_PHYS_s13_T2_ctrl,128,226,135.53333333333333,0.21326503157615662,0.491065134104318
UBFC_PHYS_s13_T2_ctrl,128,227,135.56666666666666,0.38609978556632996,0.417413468763623
UBFC_PHYS_s13_T2_ctrl,128,228,135.6,0.48922526836395264,0.30434762172464686
UBFC_PHYS_s13_T2_ctrl,128,229,135.63333333333333,0.5260718464851379,0.15434182834037968
UBFC_PHYS_s13_T2_ctrl,128,230,135.66666666666666,0.5116159319877625,-0.02548411781421153
UBFC_PHYS_s13_T2_ctrl,128,231,135.7,0.4994666576385498,-0.22198393068462313
UBFC_PHYS_s13_T2_ctrl,128,232,135.73333333333332,0.5458461046218872,-0.4156333193581868
UBFC_PHYS_s13_T2_ctrl,128,233,135.76666666666668,0.6326473951339722,-0.5818083430628245
UBFC_PHYS_s13_T2_ctrl,128,234,135.8,0.6877458691596985,-0.6941783433642933
UBFC_PHYS_s13_T2_ctrl,128,235,135.83333333333334,0.7027025818824768,-0.7300397668353821
UBFC_PHYS_s13_T2_ctrl,128,236,135.86666666666667,0.7370777726173401,-0.6763422063896246
UBFC_PHYS_s13_T2_ctrl,128,237,135.9,0.8024176359176636,-0.5343422780959708
UBFC_PHYS_s13_T2_ctrl,128,238,135.93333333333334,0.8156608939170837,-0.3209627950474113
UBFC_PHYS_s13_T2_ctrl,128,239,135.96666666666667,0.7026301026344299,-0.06618190580833527
UBFC_PHYS_s13_T2_ctrl,129,0,129.0,-0.37709030508995056,0.017168669478143998
UBFC_PHYS_s13_T2_ctrl,129,1,129.03333333333333,-0.1874864548444748,-0.07417305354944818
UBFC_PHYS_s13_T2_ctrl,129,2,129.06666666666666,0.03640688583254814,-0.1390913287392489
UBFC_PHYS_s13_T2_ctrl,129,3,129.1,0.27072614431381226,-0.15858417387387683
UBFC_PHYS_s13_T2_ctrl,129,4,129.13333333333333,0.5461921095848083,-0.12303646080639849
UBFC_PHYS_s13_T2_ctrl,129,5,129.16666666666666,0.8699981570243835,-0.033588570439871145
UBFC_PHYS_s13_T2_ctrl,129,6,129.2,1.1905221939086914,0.09959858882140211
UBFC_PHYS_s13_T2_ctrl,129,7,129.23333333333332,1.498986005783081,0.26129984881438745
UBFC_PHYS_s13_T2_ctrl,129,8,129.26666666666668,1.8574670553207397,0.4354381849685805
UBFC_PHYS_s13_T2_ctrl,129,9,129.3,2.2818515300750732,0.6076551088796784
UBFC_PHYS_s13_T2_ctrl,129,10,129.33333333333334,2.696805238723755,0.7656701509386853
UBFC_PHYS_s13_T2_ctrl,129,11,129.36666666666667,3.0518362522125244,0.8983047848065507
UBFC_PHYS_s13_T2_ctrl,129,12,129.4,3.39574933052063,0.9944708206700154
UBFC_PHYS_s13_T2_ctrl,129,13,129.43333333333334,3.732110023498535,1.042957064800844
UBFC_PHYS_s13_T2_ctrl,129,14,129.46666666666667,3.8047749996185303,1.0332136693697038
UBFC_PHYS_s13_T2_ctrl,129,15,129.5,3.287562608718872,0.9569610430124285
UBFC_PHYS_s13_T2_ctrl,129,16,129.53333333333333,2.2662720680236816,0.8103457810310478
UBFC_PHYS_s13_T2_ctrl,129,17,129.56666666666666,1.280381441116333,0.5961798466883175
UBFC_PHYS_s13_T2_ctrl,129,18,129.6,0.7326359152793884,0.32539586314732877
UBFC_PHYS_s13_T2_ctrl,129,19,129.63333333333333,0.6002163290977478,0.016774033582776866
UBFC_PHYS_s13_T2_ctrl,129,20,129.66666666666666,0.5656566619873047,-0.3053493240681193
UBFC_PHYS_s13_T2_ctrl,129,21,129.7,0.3933853805065155,-0.6148077410217885
UBFC_PHYS_s13_T2_ctrl,129,22,129.73333333333332,0.14238600432872772,-0.8877441152403561
UBFC_PHYS_s13_T2_ctrl,129,23,129.76666666666668,-0.01710990071296692,-1.1061158537634164
UBFC_PHYS_s13_T2_ctrl,129,24,129.8,-0.04046932980418205,-1.2596635005249357
UBFC_PHYS_s13_T2_ctrl,129,25,129.83333333333334,0.0037155472673475742,-1.345847901045048
UBFC_PHYS_s13_T2_ctrl,129,26,129.86666666666667,0.006318728439509869,-1.3679783948762738
UBFC_PHYS_s13_T2_ctrl,129,27,129.9,-0.10975678265094757,-1.3324149072958946
UBFC_PHYS_s13_T2_ctrl,129,28,129.93333333333334,-0.3097074329853058,-1.2459455071626742
UBFC_PHYS_s13_T2_ctrl,129,29,129.96666666666667,-0.5080302953720093,-1.1142308271082646
UBFC_PHYS_s13_T2_ctrl,129,30,130.0,-0.6906088590621948,-0.9417471268450892
UBFC_PHYS_s13_T2_ctrl,129,31,130.03333333333333,-0.9177380204200745,-0.7330271106211789
UBFC_PHYS_s13_T2_ctrl,129,32,130.06666666666666,-1.1763063669204712,-0.49437347567131207
UBFC_PHYS_s13_T2_ctrl,129,33,130.1,-1.3252182006835938,-0.23506393978657725
UBFC_PHYS_s13_T2_ctrl,129,34,130.13333333333333,-1.2723572254180908,0.032455397318865854
UBFC_PHYS_s13_T2_ctrl,129,35,130.16666666666666,-1.112406611442566,0.29337286114969635
UBFC_PHYS_s13_T2_ctrl,129,36,130.2,-0.9681540727615356,0.532222210256231
UBFC_PHYS_s13_T2_ctrl,129,37,130.23333333333332,-0.827345073223114,0.7353631134611824
UBFC_PHYS_s13_T2_ctrl,129,38,130.26666666666668,-0.6424071788787842,0.893616885056432
UBFC_PHYS_s13_T2_ctrl,129,39,130.3,-0.43572118878364563,1.0039727023512799
UBFC_PHYS_s13_T2_ctrl,129,40,130.33333333333334,-0.23286087810993195,1.0694309354542786
UBFC_PHYS_s13_T2_ctrl,129,41,130.36666666666667,-0.052710872143507004,1.096836410988069
UBFC_PHYS_s13_T2_ctrl,129,42,130.4,0.03910892456769943,1.0935370992407476
UBFC_PHYS_s13_T2_ctrl,129,43,130.43333333333334,-0.01690560020506382,1.064315971163594
UBFC_PHYS_s13_T2_ctrl,129,44,130.46666666666667,-0.16577789187431335,1.009912478487404
UBFC_PHYS_s13_T2_ctrl,129,45,130.5,-0.27003034949302673,0.9276577442140231
UBFC_PHYS_s13_T2_ctrl,129,46,130.53333333333333,-0.2624020576477051,0.8137212473636091
UBFC_PHYS_s13_T2_ctrl,129,47,130.56666666666666,-0.20406772196292877,0.6657591664607959
UBFC_PHYS_s13_T2_ctrl,129,48,130.6,-0.1583242267370224,0.48475084520181777
UBFC_PHYS_s13_T2_ctrl,129,49,130.63333333333333,-0.1280680149793625,0.2754886615280827
UBFC_PHYS_s13_T2_ctrl,129,50,130.66666666666666,-0.08583058416843414,0.04609666164617607
UBFC_PHYS_s13_T2_ctrl,129,51,130.7,-0.006394021678715944,-0.1926579513951217
UBFC_PHYS_s13_T2_ctrl,129,52,130.73333333333332,0.10964854061603546,-0.42794510603974256
UBFC_PHYS_s13_T2_ctrl,129,53,130.76666666666668,0.21406245231628418,-0.6456327591924353
UBFC_PHYS_s13_T2_ctrl,129,54,130.8,0.24390678107738495,-0.8315402061154823
UBFC_PHYS_s13_T2_ctrl,129,55,130.83333333333334,0.18252772092819214,-0.9731007919129118
UBFC_PHYS_s13_T2_ctrl,129,56,130.86666666666667,0.05464892461895943,-1.0610398033054695
UBFC_PHYS_s13_T2_ctrl,129,57,130.9,-0.09954506158828735,-1.0905878305817795
UBFC_PHYS_s13_T2_ctrl,129,58,130.93333333333334,-0.2368282675743103,-1.0618247723278431
UBFC_PHYS_s13_T2_ctrl,129,59,130.96666666666667,-0.34706804156303406,-0.9789484687819211
UBFC_PHYS_s13_T2_ctrl,129,60,131.0,-0.4973473846912384,-0.8485969570763371
UBFC_PHYS_s13_T2_ctrl,129,61,131.03333333333333,-0.7854107618331909,-0.6778646173266158
UBFC_PHYS_s13_T2_ctrl,129,62,131.06666666666666,-1.191421389579773,-0.4731384147563932
UBFC_PHYS_s13_T2_ctrl,129,63,131.1,-1.592966914176941,-0.24073882412168024
UBFC_PHYS_s13_T2_ctrl,129,64,131.13333333333333,-1.915665864944458,0.010718830790620366
UBFC_PHYS_s13_T2_ctrl,129,65,131.16666666666666,-2.2123000621795654,0.26770750850668773
UBFC_PHYS_s13_T2_ctrl,129,66,131.2,-2.587942361831665,0.5110583240331922
UBFC_PHYS_s13_T2_ctrl,129,67,131.23333333333332,-3.0356860160827637,0.7185147495210304
UBFC_PHYS_s13_T2_ctrl,129,68,131.26666666666668,-3.311234474182129,0.8699944375202847
UBFC_PHYS_s13_T2_ctrl,129,69,131.3,-3.1576039791107178,0.9531699304489342
UBFC_PHYS_s13_T2_ctrl,129,70,131.33333333333334,-2.673013687133789,0.9666569963260827
UBFC_PHYS_s13_T2_ctrl,129,71,131.36666666666667,-2.143599033355713,0.919279379279268
UBFC_PHYS_s13_T2_ctrl,129,72,131.4,-1.7002345323562622,0.8257264863055235
UBFC_PHYS_s13_T2_ctrl,129,73,131.43333333333334,-1.3396180868148804,0.7005013206108288
UBFC_PHYS_s13_T2_ctrl,129,74,131.46666666666667,-1.0639115571975708,0.5527072940496737
UBFC_PHYS_s13_T2_ctrl,129,75,131.5,-0.8372601866722107,0.38381069580070454
UBFC_PHYS_s13_T2_ctrl,129,76,131.53333333333333,-0.6005980968475342,0.18932620422410304
UBFC_PHYS_s13_T2_ctrl,129,77,131.56666666666666,-0.37550532817840576,-0.03609921469774631
UBFC_PHYS_s13_T2_ctrl,129,78,131.6,-0.21407844126224518,-0.2919941723896573
UBFC_PHYS_s13_T2_ctrl,129,79,131.63333333333333,-0.10010524094104767,-0.5663065256348109
UBFC_PHYS_s13_T2_ctrl,129,80,131.66666666666666,0.01627012901008129,-0.8331731853434188
UBFC_PHYS_s13_T2_ctrl,129,81,131.7,0.13296183943748474,-1.05598672667339
UBFC_PHYS_s13_T2_ctrl,129,82,131.73333333333332,0.21294869482517242,-1.195868097100372
UBFC_PHYS_s13_T2_ctrl,129,83,131.76666666666668,0.2626397907733917,-1.2235080103219864
UBFC_PHYS_s13_T2_ctrl,129,84,131.8,0.3265099823474884,-1.1303839081157847
UBFC_PHYS_s13_T2_ctrl,129,85,131.83333333333334,0.4100589156150818,-0.9344588382060801
UBFC_PHYS_s13_T2_ctrl,129,86,131.86666666666667,0.48179468512535095,-0.6765418785995716
UBFC_PHYS_s13_T2_ctrl,129,87,131.9,0.5385440587997437,-0.40721932787174303
UBFC_PHYS_s13_T2_ctrl,129,88,131.93333333333334,0.6122799515724182,-0.16952734567288966
UBFC_PHYS_s13_T2_ctrl,129,89,131.96666666666667,0.7115468382835388,0.01450525580244244
UBFC_PHYS_s13_T2_ctrl,129,90,132.0,0.807587742805481,0.14742933484606613
UBFC_PHYS_s13_T2_ctrl,129,91,132.03333333333333,0.8937332630157471,0.24946121187241896
UBFC_PHYS_s13_T2_ctrl,129,92,132.06666666666666,1.0059468746185303,0.34547972165426544
UBFC_PHYS_s13_T2_ctrl,129,93,132.1,1.154509425163269,0.45252649316171467
UBFC_PHYS_s13_T2_ctrl,129,94,132.13333333333333,1.3053258657455444,0.5731965390246851
UBFC_PHYS_s13_T2_ctrl,129,95,132.16666666666666,1.445630669593811,0.6967389732523834
UBFC_PHYS_s13_T2_ctrl,129,96,132.2,1.6106361150741577,0.8057606493042438
UBFC_PHYS_s13_T2_ctrl,129,97,132.23333333333332,1.8363583087921143,0.8841998509343095
UBFC_PHYS_s13_T2_ctrl,129,98,132.26666666666668,2.115732431411743,0.9226931950242974
UBFC_PHYS_s13_T2_ctrl,129,99,132.3,2.342973470687866,0.9197455438251113
UBFC_PHYS_s13_T2_ctrl,129,100,132.33333333333334,2.358424663543701,0.8795495644379366
UBFC_PHYS_s13_T2_ctrl,129,101,132.36666666666667,2.1264054775238037,0.8086139875615688
UBFC_PHYS_s13_T2_ctrl,129,102,132.4,1.7648597955703735,0.7131536452445305
UBFC_PHYS_s13_T2_ctrl,129,103,132.43333333333334,1.3793188333511353,0.5980838340092567
UBFC_PHYS_s13_T2_ctrl,129,104,132.46666666666667,1.0212396383285522,0.4673822263757362
UBFC_PHYS_s13_T2_ctrl,129,105,132.5,0.7417997717857361,0.3250366053671385
UBFC_PHYS_s13_T2_ctrl,129,106,132.53333333333333,0.52486252784729,0.17582554376741172
UBFC_PHYS_s13_T2_ctrl,129,107,132.56666666666666,0.2917690575122833,0.02551625893978607
UBFC_PHYS_s13_T2_ctrl,129,108,132.6,0.09740370512008667,-0.11960522841200306
UBFC_PHYS_s13_T2_ctrl,129,109,132.63333333333333,0.1566903293132782,-0.2537482161707223
UBFC_PHYS_s13_T2_ctrl,129,110,132.66666666666666,0.6073075532913208,-0.37291378797491354
UBFC_PHYS_s13_T2_ctrl,129,111,132.7,1.217786431312561,-0.4760269953311203
UBFC_PHYS_s13_T2_ctrl,129,112,132.73333333333332,1.4803518056869507,-0.5652672644498954
UBFC_PHYS_s13_T2_ctrl,129,113,132.76666666666668,1.168948769569397,-0.6450982970681292
UBFC_PHYS_s13_T2_ctrl,129,114,132.8,0.6205837726593018,-0.7201416047289886
UBFC_PHYS_s13_T2_ctrl,129,115,132.83333333333334,0.20107950270175934,-0.7927895909834107
UBFC_PHYS_s13_T2_ctrl,129,116,132.86666666666667,-0.06432962417602539,-0.8617322390717832
UBFC_PHYS_s13_T2_ctrl,129,117,132.9,-0.29900476336479187,-0.9220774901179254
UBFC_PHYS_s13_T2_ctrl,129,118,132.93333333333334,-0.6042359471321106,-0.9667185696885809
UBFC_PHYS_s13_T2_ctrl,129,119,132.96666666666667,-0.9594680070877075,-0.9878726847392314
UBFC_PHYS_s13_T2_ctrl,129,120,133.0,-1.1396081447601318,-0.9779323605540756
UBFC_PHYS_s13_T2_ctrl,129,121,133.03333333333333,-0.9595009684562683,-0.9296879515699201
UBFC_PHYS_s13_T2_ctrl,129,122,133.06666666666666,-0.5906137228012085,-0.8367987150154977
UBFC_PHYS_s13_T2_ctrl,129,123,133.1,-0.2809637188911438,-0.6953144738176225
UBFC_PHYS_s13_T2_ctrl,129,124,133.13333333333333,-0.08672357350587845,-0.5059809265230184
UBFC_PHYS_s13_T2_ctrl,129,125,133.16666666666666,0.04119805991649628,-0.2760159587664117
UBFC_PHYS_s13_T2_ctrl,129,126,133.2,0.12339267879724503,-0.019046732575747734
UBFC_PHYS_s13_T2_ctrl,129,127,133.23333333333332,0.16115528345108032,0.24713580157920537
UBFC_PHYS_s13_T2_ctrl,129,128,133.26666666666668,0.15584346652030945,0.5041592287147934
UBFC_PHYS_s13_T2_ctrl,129,129,133.3,0.11142133921384811,0.7364388009479632
UBFC_PHYS_s13_T2_ctrl,129,130,133.33333333333334,0.055383749306201935,0.9329384801417163
UBFC_PHYS_s13_T2_ctrl,129,131,133.36666666666667,0.03347748517990112,1.0868105868510582
UBFC_PHYS_s13_T2_ctrl,129,132,133.4,0.05146579444408417,1.1935228953315127
UBFC_PHYS_s13_T2_ctrl,129,133,133.43333333333334,0.05179201811552048,1.2488658925764469
UBFC_PHYS_s13_T2_ctrl,129,134,133.46666666666667,0.003129007760435343,1.2482632988421034
UBFC_PHYS_s13_T2_ctrl,129,135,133.5,-0.0403902493417263,1.188041290526827
UBFC_PHYS_s13_T2_ctrl,129,136,133.53333333333333,-0.030956188216805458,1.0681172931289706
UBFC_PHYS_s13_T2_ctrl,129,137,133.56666666666666,-0.007385866716504097,0.8946476412760469
UBFC_PHYS_s13_T2_ctrl,129,138,133.6,-0.011218144558370113,0.681079246108825
UBFC_PHYS_s13_T2_ctrl,129,139,133.63333333333333,-0.045415375381708145,0.446764667578317
UBFC_PHYS_s13_T2_ctrl,129,140,133.66666666666666,-0.10591462254524231,0.21339023088736142
UBFC_PHYS_s13_T2_ctrl,129,141,133.7,-0.1684667468070984,0.00037603802075570486
UBFC_PHYS_s13_T2_ctrl,129,142,133.73333333333332,-0.19445902109146118,-0.17924994825386728
UBFC_PHYS_s13_T2_ctrl,129,143,133.76666666666668,-0.20399193465709686,-0.32121106431592117
UBFC_PHYS_s13_T2_ctrl,129,144,133.8,-0.27373743057250977,-0.42983036715404127
UBFC_PHYS_s13_T2_ctrl,129,145,133.83333333333334,-0.4193013608455658,-0.5153372735489169
UBFC_PHYS_s13_T2_ctrl,129,146,133.86666666666667,-0.5704209804534912,-0.589346685603236
UBFC_PHYS_s13_T2_ctrl,129,147,133.9,-0.6699086427688599,-0.6598748570740595
UBFC_PHYS_s13_T2_ctrl,129,148,133.93333333333334,-0.7644963264465332,-0.7276037743552445
UBFC_PHYS_s13_T2_ctrl,129,149,133.96666666666667,-0.9585486650466919,-0.7848364210560703
UBFC_PHYS_s13_T2_ctrl,129,150,134.0,-1.2329272031784058,-0.8176225331938545
UBFC_PHYS_s13_T2_ctrl,129,151,134.03333333333333,-1.3417402505874634,-0.8103311659947143
UBFC_PHYS_s13_T2_ctrl,129,152,134.06666666666666,-1.0852082967758179,-0.7510952769493416
UBFC_PHYS_s13_T2_ctrl,129,153,134.1,-0.5723387598991394,-0.6363506212125141
UBFC_PHYS_s13_T2_ctrl,129,154,134.13333333333333,-0.02253703959286213,-0.47309391932809636
UBFC_PHYS_s13_T2_ctrl,129,155,134.16666666666666,0.5577318072319031,-0.27817507278402426
UBFC_PHYS_s13_T2_ctrl,129,156,134.2,1.2397817373275757,-0.07466604342750563
UBFC_PHYS_s13_T2_ctrl,129,157,134.23333333333332,1.8188081979751587,0.11379317831748517
UBFC_PHYS_s13_T2_ctrl,129,158,134.26666666666668,1.8953253030776978,0.2688576199195144
UBFC_PHYS_s13_T2_ctrl,129,159,134.3,1.383793592453003,0.3814391362531181
UBFC_PHYS_s13_T2_ctrl,129,160,134.33333333333334,0.7335124015808105,0.45243456799541915
UBFC_PHYS_s13_T2_ctrl,129,161,134.36666666666667,0.46109774708747864,0.4902087517948658
UBFC_PHYS_s13_T2_ctrl,129,162,134.4,0.5733607411384583,0.5059097425076474
UBFC_PHYS_s13_T2_ctrl,129,163,134.43333333333334,0.6726638674736023,0.5083421394156107
UBFC_PHYS_s13_T2_ctrl,129,164,134.46666666666667,0.5604733824729919,0.5003400746108249
UBFC_PHYS_s13_T2_ctrl,129,165,134.5,0.3297227919101715,0.4781723026751155
UBFC_PHYS_s13_T2_ctrl,129,166,134.53333333333333,0.034192536026239395,0.43436633209098774
UBFC_PHYS_s13_T2_ctrl,129,167,134.56666666666666,-0.26164087653160095,0.3627363150803059
UBFC_PHYS_s13_T2_ctrl,129,168,134.6,-0.40289145708084106,0.2630661111600792
UBFC_PHYS_s13_T2_ctrl,129,169,134.63333333333333,-0.38978326320648193,0.14287348016528467
UBFC_PHYS_s13_T2_ctrl,129,170,134.66666666666666,-0.3900238275527954,0.01531073517212772
UBFC_PHYS_s13_T2_ctrl,129,171,134.7,-0.4561149477958679,-0.10558849217025057
UBFC_PHYS_s13_T2_ctrl,129,172,134.73333333333332,-0.48787376284599304,-0.20986934909962152
UBFC_PHYS_s13_T2_ctrl,129,173,134.76666666666668,-0.44431498646736145,-0.29453737799183916
UBFC_PHYS_s13_T2_ctrl,129,174,134.8,-0.3925611078739166,-0.3632949181148285
UBFC_PHYS_s13_T2_ctrl,129,175,134.83333333333334,-0.34807637333869934,-0.42359170376301053
UBFC_PHYS_s13_T2_ctrl,129,176,134.86666666666667,-0.257139652967453,-0.4825044736887883
UBFC_PHYS_s13_T2_ctrl,129,177,134.9,-0.12336911261081696,-0.5430948964954404
UBFC_PHYS_s13_T2_ctrl,129,178,134.93333333333334,-0.026125473901629448,-0.6022419074293721
UBFC_PHYS_s13_T2_ctrl,129,179,134.96666666666667,-0.011198373511433601,-0.6502683624985808
UBFC_PHYS_s13_T2_ctrl,129,180,135.0,-0.045678988099098206,-0.6724923552381984
UBFC_PHYS_s13_T2_ctrl,129,181,135.03333333333333,-0.07709180563688278,-0.6526411686409996
UBFC_PHYS_s13_T2_ctrl,129,182,135.06666666666666,-0.09567324817180634,-0.5773968365255816
UBFC_PHYS_s13_T2_ctrl,129,183,135.1,-0.13456937670707703,-0.44074569302634264
UBFC_PHYS_s13_T2_ctrl,129,184,135.13333333333333,-0.22123554348945618,-0.24688383601678962
UBFC_PHYS_s13_T2_ctrl,129,185,135.16666666666666,-0.33875104784965515,-0.010835933412529315
UBFC_PHYS_s13_T2_ctrl,129,186,135.2,-0.449550986289978,0.243734670002063
UBFC_PHYS_s13_T2_ctrl,129,187,135.23333333333332,-0.5289644598960876,0.489397345833768
UBFC_PHYS_s13_T2_ctrl,129,188,135.26666666666668,-0.5581398606300354,0.7011784833303873
UBFC_PHYS_s13_T2_ctrl,129,189,135.3,-0.5257484316825867,0.8619735816257722
UBFC_PHYS_s13_T2_ctrl,129,190,135.33333333333334,-0.44884252548217773,0.965355566203452
UBFC_PHYS_s13_T2_ctrl,129,191,135.36666666666667,-0.3678934872150421,1.0151260282229064
UBFC_PHYS_s13_T2_ctrl,129,192,135.4,-0.31981372833251953,1.0220251005171803
UBFC_PHYS_s13_T2_ctrl,129,193,135.43333333333334,-0.2877352833747864,0.9988130180814623
UBFC_PHYS_s13_T2_ctrl,129,194,135.46666666666667,-0.196363627910614,0.9554707611467407
UBFC_PHYS_s13_T2_ctrl,129,195,135.5,-0.008114098571240902,0.896255798902794
UBFC_PHYS_s13_T2_ctrl,129,196,135.53333333333333,0.21326503157615662,0.8195912396717453
UBFC_PHYS_s13_T2_ctrl,129,197,135.56666666666666,0.38609978556632996,0.7205390886521317
UBFC_PHYS_s13_T2_ctrl,129,198,135.6,0.48922526836395264,0.5944734461828873
UBFC_PHYS_s13_T2_ctrl,129,199,135.63333333333333,0.5260718464851379,0.4400870593360087
UBFC_PHYS_s13_T2_ctrl,129,200,135.66666666666666,0.5116159319877625,0.2603030297512701
UBFC_PHYS_s13_T2_ctrl,129,201,135.7,0.4994666576385498,0.06079231226555133
UBFC_PHYS_s13_T2_ctrl,129,202,135.73333333333332,0.5458461046218872,-0.15293849780305194
UBFC_PHYS_s13_T2_ctrl,129,203,135.76666666666668,0.6326473951339722,-0.37813798683837274
UBFC_PHYS_s13_T2_ctrl,129,204,135.8,0.6877458691596985,-0.6153899965771319
UBFC_PHYS_s13_T2_ctrl,129,205,135.83333333333334,0.7027025818824768,-0.8663100629816433
UBFC_PHYS_s13_T2_ctrl,129,206,135.86666666666667,0.7370777726173401,-1.1287082813053537
UBFC_PHYS_s13_T2_ctrl,129,207,135.9,0.8024176359176636,-1.390855268756054
UBFC_PHYS_s13_T2_ctrl,129,208,135.93333333333334,0.8156608939170837,-1.627466673352268
UBFC_PHYS_s13_T2_ctrl,129,209,135.96666666666667,0.7026301026344299,-1.8002691302616907
UBFC_PHYS_s13_T2_ctrl,129,210,136.0,0.5050420761108398,-1.8650742258621058
UBFC_PHYS_s13_T2_ctrl,129,211,136.03333333333333,0.3646910786628723,-1.784811073731567
UBFC_PHYS_s13_T2_ctrl,129,212,136.06666666666666,0.3818160593509674,-1.544499680132941
UBFC_PHYS_s13_T2_ctrl,129,213,136.1,0.4884146749973297,-1.161630181107083
UBFC_PHYS_s13_T2_ctrl,129,214,136.13333333333333,0.47134241461753845,-0.6858994047047762
UBFC_PHYS_s13_T2_ctrl,129,215,136.16666666666666,0.18888738751411438,-0.1864424828674991
UBFC_PHYS_s13_T2_ctrl,129,216,136.2,-0.2669559717178345,0.268966258928265
UBFC_PHYS_s13_T2_ctrl,129,217,136.23333333333332,-0.7294621467590332,0.633686768377443
UBFC_PHYS_s13_T2_ctrl,129,218,136.26666666666668,-1.1242461204528809,0.8922948684908216
UBFC_PHYS_s13_T2_ctrl,129,219,136.3,-1.336121916770935,1.0573188860321427
UBFC_PHYS_s13_T2_ctrl,129,220,136.33333333333334,-1.2733094692230225,1.1556627742037977
UBFC_PHYS_s13_T2_ctrl,129,221,136.36666666666667,-1.1113356351852417,1.2123760292214416
UBFC_PHYS_s13_T2_ctrl,129,222,136.4,-1.0753722190856934,1.2395959114717274
UBFC_PHYS_s13_T2_ctrl,129,223,136.43333333333334,-1.1096913814544678,1.2347212173882025
UBFC_PHYS_s13_T2_ctrl,129,224,136.46666666666667,-1.0796624422073364,1.1866776371928962
UBFC_PHYS_s13_T2_ctrl,129,225,136.5,-1.025282382965088,1.0853933577186208
UBFC_PHYS_s13_T2_ctrl,129,226,136.53333333333333,-1.0095117092132568,0.9291020646305004
UBFC_PHYS_s13_T2_ctrl,129,227,136.56666666666666,-1.0129320621490479,0.726434598975874
UBFC_PHYS_s13_T2_ctrl,129,228,136.6,-1.079949140548706,0.4936350319266894
UBFC_PHYS_s13_T2_ctrl,129,229,136.63333333333333,-1.2851885557174683,0.24959657573559102
UBFC_PHYS_s13_T2_ctrl,129,230,136.66666666666666,-1.5132139921188354,0.011634259459424243
UBFC_PHYS_s13_T2_ctrl,129,231,136.7,-1.528355360031128,-0.2064378112928971
UBFC_PHYS_s13_T2_ctrl,129,232,136.73333333333332,-1.3104327917099,-0.39399038068334014
UBFC_PHYS_s13_T2_ctrl,129,233,136.76666666666668,-1.0678229331970215,-0.5421813526132533
UBFC_PHYS_s13_T2_ctrl,129,234,136.8,-0.9125382900238037,-0.6429052897378559
UBFC_PHYS_s13_T2_ctrl,129,235,136.83333333333334,-0.7832524180412292,-0.6890962296035696
UBFC_PHYS_s13_T2_ctrl,129,236,136.86666666666667,-0.6134855151176453,-0.6765798002528258
UBFC_PHYS_s13_T2_ctrl,129,237,136.9,-0.36950811743736267,-0.6067206960397618
UBFC_PHYS_s13_T2_ctrl,129,238,136.93333333333334,-0.04452897608280182,-0.48837382023913906
UBFC_PHYS_s13_T2_ctrl,129,239,136.96666666666667,0.2930014431476593,-0.3377010438106659
UBFC_PHYS_s13_T2_ctrl,130,0,130.0,-0.6906088590621948,-0.028791724531193857
UBFC_PHYS_s13_T2_ctrl,130,1,130.03333333333333,-0.9177380204200745,-0.0668245678031127
UBFC_PHYS_s13_T2_ctrl,130,2,130.06666666666666,-1.1763063669204712,-0.09769491006528407
UBFC_PHYS_s13_T2_ctrl,130,3,130.1,-1.3252182006835938,-0.11538895106441376
UBFC_PHYS_s13_T2_ctrl,130,4,130.13333333333333,-1.2723572254180908,-0.11681375713711205
UBFC_PHYS_s13_T2_ctrl,130,5,130.16666666666666,-1.112406611442566,-0.10208324356083764
UBFC_PHYS_s13_T2_ctrl,130,6,130.2,-0.9681540727615356,-0.07390625282976722
UBFC_PHYS_s13_T2_ctrl,130,7,130.23333333333332,-0.827345073223114,-0.03644377931791937
UBFC_PHYS_s13_T2_ctrl,130,8,130.26666666666668,-0.6424071788787842,0.005809735911563715
UBFC_PHYS_s13_T2_ctrl,130,9,130.3,-0.43572118878364563,0.04867525641583134
UBFC_PHYS_s13_T2_ctrl,130,10,130.33333333333334,-0.23286087810993195,0.08842759849978682
UBFC_PHYS_s13_T2_ctrl,130,11,130.36666666666667,-0.052710872143507004,0.12172956746148682
UBFC_PHYS_s13_T2_ctrl,130,12,130.4,0.03910892456769943,0.14566362720381665
UBFC_PHYS_s13_T2_ctrl,130,13,130.43333333333334,-0.01690560020506382,0.15796663760941548
UBFC_PHYS_s13_T2_ctrl,130,14,130.46666666666667,-0.16577789187431335,0.15744230185224808
UBFC_PHYS_s13_T2_ctrl,130,15,130.5,-0.27003034949302673,0.14443284365591616
UBFC_PHYS_s13_T2_ctrl,130,16,130.53333333333333,-0.2624020576477051,0.12109197238595305
UBFC_PHYS_s13_T2_ctrl,130,17,130.56666666666666,-0.20406772196292877,0.09112933459825724
UBFC_PHYS_s13_T2_ctrl,130,18,130.6,-0.1583242267370224,0.05885517291805538
UBFC_PHYS_s13_T2_ctrl,130,19,130.63333333333333,-0.1280680149793625,0.027771193802212085
UBFC_PHYS_s13_T2_ctrl,130,20,130.66666666666666,-0.08583058416843414,-0.0005804808765428452
UBFC_PHYS_s13_T2_ctrl,130,21,130.7,-0.006394021678715944,-0.02673762240018721
UBFC_PHYS_s13_T2_ctrl,130,22,130.73333333333332,0.10964854061603546,-0.05219650661746943
UBFC_PHYS_s13_T2_ctrl,130,23,130.76666666666668,0.21406245231628418,-0.07760352654818962
UBFC_PHYS_s13_T2_ctrl,130,24,130.8,0.24390678107738495,-0.10122483724160702
UBFC_PHYS_s13_T2_ctrl,130,25,130.83333333333334,0.18252772092819214,-0.11856186382814676
UBFC_PHYS_s13_T2_ctrl,130,26,130.86666666666667,0.05464892461895943,-0.12349105303754658
UBFC_PHYS_s13_T2_ctrl,130,27,130.9,-0.09954506158828735,-0.11058269698468869
UBFC_PHYS_s13_T2_ctrl,130,28,130.93333333333334,-0.2368282675743103,-0.07757265726046599
UBFC_PHYS_s13_T2_ctrl,130,29,130.96666666666667,-0.34706804156303406,-0.026756108390037024
UBFC_PHYS_s13_T2_ctrl,130,30,131.0,-0.4973473846912384,0.03543751874693346
UBFC_PHYS_s13_T2_ctrl,130,31,131.03333333333333,-0.7854107618331909,0.10055334308549602
UBFC_PHYS_s13_T2_ctrl,130,32,131.06666666666666,-1.191421389579773,0.16099631050625218
UBFC_PHYS_s13_T2_ctrl,130,33,131.1,-1.592966914176941,0.21238758309228653
UBFC_PHYS_s13_T2_ctrl,130,34,131.13333333333333,-1.915665864944458,0.2542231178351572
UBFC_PHYS_s13_T2_ctrl,130,35,131.16666666666666,-2.2123000621795654,0.288511001642712
UBFC_PHYS_s13_T2_ctrl,130,36,131.2,-2.587942361831665,0.3173204196398705
UBFC_PHYS_s13_T2_ctrl,130,37,131.23333333333332,-3.0356860160827637,0.3407564253127036
UBFC_PHYS_s13_T2_ctrl,130,38,131.26666666666668,-3.311234474182129,0.35620350531449285
UBFC_PHYS_s13_T2_ctrl,130,39,131.3,-3.1576039791107178,0.35878848821088
UBFC_PHYS_s13_T2_ctrl,130,40,131.33333333333334,-2.673013687133789,0.34287087181434045
UBFC_PHYS_s13_T2_ctrl,130,41,131.36666666666667,-2.143599033355713,0.30427739315888636
UBFC_PHYS_s13_T2_ctrl,130,42,131.4,-1.7002345323562622,0.2422776156319985
UBFC_PHYS_s13_T2_ctrl,130,43,131.43333333333334,-1.3396180868148804,0.15995978313170825
UBFC_PHYS_s13_T2_ctrl,130,44,131.46666666666667,-1.0639115571975708,0.06264838786667479
UBFC_PHYS_s13_T2_ctrl,130,45,131.5,-0.8372601866722107,-0.04460040806301268
UBFC_PHYS_s13_T2_ctrl,130,46,131.53333333333333,-0.6005980968475342,-0.158889380282894
UBFC_PHYS_s13_T2_ctrl,130,47,131.56666666666666,-0.37550532817840576,-0.27971036011937633
UBFC_PHYS_s13_T2_ctrl,130,48,131.6,-0.21407844126224518,-0.40737392978810333
UBFC_PHYS_s13_T2_ctrl,130,49,131.63333333333333,-0.10010524094104767,-0.5403721378756522
UBFC_PHYS_s13_T2_ctrl,130,50,131.66666666666666,0.01627012901008129,-0.6729469763598755
UBFC_PHYS_s13_T2_ctrl,130,51,131.7,0.13296183943748474,-0.7941416554748544
UBFC_PHYS_s13_T2_ctrl,130,52,131.73333333333332,0.21294869482517242,-0.8890568578826014
UBFC_PHYS_s13_T2_ctrl,130,53,131.76666666666668,0.2626397907733917,-0.9421169869469794
UBFC_PHYS_s13_T2_ctrl,130,54,131.8,0.3265099823474884,-0.9412324789487668
UBFC_PHYS_s13_T2_ctrl,130,55,131.83333333333334,0.4100589156150818,-0.881244165104846
UBFC_PHYS_s13_T2_ctrl,130,56,131.86666666666667,0.48179468512535095,-0.7652518682381279
UBFC_PHYS_s13_T2_ctrl,130,57,131.9,0.5385440587997437,-0.6033693597137677
UBFC_PHYS_s13_T2_ctrl,130,58,131.93333333333334,0.6122799515724182,-0.40971178442222145
UBFC_PHYS_s13_T2_ctrl,130,59,131.96666666666667,0.7115468382835388,-0.19922006029897557
UBFC_PHYS_s13_T2_ctrl,130,60,132.0,0.807587742805481,0.01430230127958659
UBFC_PHYS_s13_T2_ctrl,130,61,132.03333333333333,0.8937332630157471,0.21860658655476428
UBFC_PHYS_s13_T2_ctrl,130,62,132.06666666666666,1.0059468746185303,0.4026604807848317
UBFC_PHYS_s13_T2_ctrl,130,63,132.1,1.154509425163269,0.556742307351034
UBFC_PHYS_s13_T2_ctrl,130,64,132.13333333333333,1.3053258657455444,0.6735245718769406
UBFC_PHYS_s13_T2_ctrl,130,65,132.16666666666666,1.445630669593811,0.7496248732075058
UBFC_PHYS_s13_T2_ctrl,130,66,132.2,1.6106361150741577,0.7864546399840292
UBFC_PHYS_s13_T2_ctrl,130,67,132.23333333333332,1.8363583087921143,0.7894499153101698
UBFC_PHYS_s13_T2_ctrl,130,68,132.26666666666668,2.115732431411743,0.7657824079369974
UBFC_PHYS_s13_T2_ctrl,130,69,132.3,2.342973470687866,0.7216925630556391
UBFC_PHYS_s13_T2_ctrl,130,70,132.33333333333334,2.358424663543701,0.6608966883819218
UBFC_PHYS_s13_T2_ctrl,130,71,132.36666666666667,2.1264054775238037,0.5848744335664494
UBFC_PHYS_s13_T2_ctrl,130,72,132.4,1.7648597955703735,0.4946483888062581
UBFC_PHYS_s13_T2_ctrl,130,73,132.43333333333334,1.3793188333511353,0.3928228035281633
UBFC_PHYS_s13_T2_ctrl,130,74,132.46666666666667,1.0212396383285522,0.28475305497435044
UBFC_PHYS_s13_T2_ctrl,130,75,132.5,0.7417997717857361,0.17840267785851954
UBFC_PHYS_s13_T2_ctrl,130,76,132.53333333333333,0.52486252784729,0.08304963181235045
UBFC_PHYS_s13_T2_ctrl,130,77,132.56666666666666,0.2917690575122833,0.0073413608527650685
UBFC_PHYS_s13_T2_ctrl,130,78,132.6,0.09740370512008667,-0.04266418719480425
UBFC_PHYS_s13_T2_ctrl,130,79,132.63333333333333,0.1566903293132782,-0.06490376092747102
UBFC_PHYS_s13_T2_ctrl,130,80,132.66666666666666,0.6073075532913208,-0.06184071450652992
UBFC_PHYS_s13_T2_ctrl,130,81,132.7,1.217786431312561,-0.04005444431414064
UBFC_PHYS_s13_T2_ctrl,130,82,132.73333333333332,1.4803518056869507,-0.008957223177693171
UBFC_PHYS_s13_T2_ctrl,130,83,132.76666666666668,1.168948769569397,0.02113662528874264
UBFC_PHYS_s13_T2_ctrl,130,84,132.8,0.6205837726593018,0.04111471996599079
UBFC_PHYS_s13_T2_ctrl,130,85,132.83333333333334,0.20107950270175934,0.044760421119144675
UBFC_PHYS_s13_T2_ctrl,130,86,132.86666666666667,-0.06432962417602539,0.029665543585859374
UBFC_PHYS_s13_T2_ctrl,130,87,132.9,-0.29900476336479187,-0.002705220233321428
UBFC_PHYS_s13_T2_ctrl,130,88,132.93333333333334,-0.6042359471321106,-0.04774093939902142
UBFC_PHYS_s13_T2_ctrl,130,89,132.96666666666667,-0.9594680070877075,-0.09913016984445601
UBFC_PHYS_s13_T2_ctrl,130,90,133.0,-1.1396081447601318,-0.15086707393544405
UBFC_PHYS_s13_T2_ctrl,130,91,133.03333333333333,-0.9595009684562683,-0.19948257364631167
UBFC_PHYS_s13_T2_ctrl,130,92,133.06666666666666,-0.5906137228012085,-0.24595259357843458
UBFC_PHYS_s13_T2_ctrl,130,93,133.1,-0.2809637188911438,-0.2964913014469006
UBFC_PHYS_s13_T2_ctrl,130,94,133.13333333333333,-0.08672357350587845,-0.3613163405483902
UBFC_PHYS_s13_T2_ctrl,130,95,133.16666666666666,0.04119805991649628,-0.45090148114083584
UBFC_PHYS_s13_T2_ctrl,130,96,133.2,0.12339267879724503,-0.5703873282010231
UBFC_PHYS_s13_T2_ctrl,130,97,133.23333333333332,0.16115528345108032,-0.7141828711061372
UBFC_PHYS_s13_T2_ctrl,130,98,133.26666666666668,0.15584346652030945,-0.8634827777595662
UBFC_PHYS_s13_T2_ctrl,130,99,133.3,0.11142133921384811,-0.9887253186724808
UBFC_PHYS_s13_T2_ctrl,130,100,133.33333333333334,0.055383749306201935,-1.0569499594692848
UBFC_PHYS_s13_T2_ctrl,130,101,133.36666666666667,0.03347748517990112,-1.0417095763153505
UBFC_PHYS_s13_T2_ctrl,130,102,133.4,0.05146579444408417,-0.931933781150914
UBFC_PHYS_s13_T2_ctrl,130,103,133.43333333333334,0.05179201811552048,-0.7363627422781392
UBFC_PHYS_s13_T2_ctrl,130,104,133.46666666666667,0.003129007760435343,-0.48165574564929736
UBFC_PHYS_s13_T2_ctrl,130,105,133.5,-0.0403902493417263,-0.20452090201560116
UBFC_PHYS_s13_T2_ctrl,130,106,133.53333333333333,-0.030956188216805458,0.05949200993487267
UBFC_PHYS_s13_T2_ctrl,130,107,133.56666666666666,-0.007385866716504097,0.286343099729841
UBFC_PHYS_s13_T2_ctrl,130,108,133.6,-0.011218144558370113,0.4687798113708464
UBFC_PHYS_s13_T2_ctrl,130,109,133.63333333333333,-0.045415375381708145,0.6143866451934302
UBFC_PHYS_s13_T2_ctrl,130,110,133.66666666666666,-0.10591462254524231,0.7378314304220629
UBFC_PHYS_s13_T2_ctrl,130,111,133.7,-0.1684667468070984,0.8515400625015096
UBFC_PHYS_s13_T2_ctrl,130,112,133.73333333333332,-0.19445902109146118,0.9591570767563801
UBFC_PHYS_s13_T2_ctrl,130,113,133.76666666666668,-0.20399193465709686,1.054017533072785
UBFC_PHYS_s13_T2_ctrl,130,114,133.8,-0.27373743057250977,1.12217462648091
UBFC_PHYS_s13_T2_ctrl,130,115,133.83333333333334,-0.4193013608455658,1.147808198927703
UBFC_PHYS_s13_T2_ctrl,130,116,133.86666666666667,-0.5704209804534912,1.1186851441924572
UBFC_PHYS_s13_T2_ctrl,130,117,133.9,-0.6699086427688599,1.030119150195678
UBFC_PHYS_s13_T2_ctrl,130,118,133.93333333333334,-0.7644963264465332,0.8866669206394399
UBFC_PHYS_s13_T2_ctrl,130,119,133.96666666666667,-0.9585486650466919,0.7013983698324551
UBFC_PHYS_s13_T2_ctrl,130,120,134.0,-1.2329272031784058,0.4931268603798226
UBFC_PHYS_s13_T2_ctrl,130,121,134.03333333333333,-1.3417402505874634,0.2824204732173465
UBFC_PHYS_s13_T2_ctrl,130,122,134.06666666666666,-1.0852082967758179,0.08741875568321925
UBFC_PHYS_s13_T2_ctrl,130,123,134.1,-0.5723387598991394,-0.07953574465456473
UBFC_PHYS_s13_T2_ctrl,130,124,134.13333333333333,-0.02253703959286213,-0.21363172389909457
UBFC_PHYS_s13_T2_ctrl,130,125,134.16666666666666,0.5577318072319031,-0.3172477311978666
UBFC_PHYS_s13_T2_ctrl,130,126,134.2,1.2397817373275757,-0.3976555445917115
UBFC_PHYS_s13_T2_ctrl,130,127,134.23333333333332,1.8188081979751587,-0.46352270463548784
UBFC_PHYS_s13_T2_ctrl,130,128,134.26666666666668,1.8953253030776978,-0.5214464112296928
UBFC_PHYS_s13_T2_ctrl,130,129,134.3,1.383793592453003,-0.5737729845209932
UBFC_PHYS_s13_T2_ctrl,130,130,134.33333333333334,0.7335124015808105,-0.6183993715025399
UBFC_PHYS_s13_T2_ctrl,130,131,134.36666666666667,0.46109774708747864,-0.6503745377490971
UBFC_PHYS_s13_T2_ctrl,130,132,134.4,0.5733607411384583,-0.6643638334269113
UBFC_PHYS_s13_T2_ctrl,130,133,134.43333333333334,0.6726638674736023,-0.6567808194090051
UBFC_PHYS_s13_T2_ctrl,130,134,134.46666666666667,0.5604733824729919,-0.6267420056642471
UBFC_PHYS_s13_T2_ctrl,130,135,134.5,0.3297227919101715,-0.5757106767984072
UBFC_PHYS_s13_T2_ctrl,130,136,134.53333333333333,0.034192536026239395,-0.506360661477071
UBFC_PHYS_s13_T2_ctrl,130,137,134.56666666666666,-0.26164087653160095,-0.4214965240137877
UBFC_PHYS_s13_T2_ctrl,130,138,134.6,-0.40289145708084106,-0.3237032352849055
UBFC_PHYS_s13_T2_ctrl,130,139,134.63333333333333,-0.38978326320648193,-0.21590075576303264
UBFC_PHYS_s13_T2_ctrl,130,140,134.66666666666666,-0.3900238275527954,-0.10241121390164243
UBFC_PHYS_s13_T2_ctrl,130,141,134.7,-0.4561149477958679,0.010244870276208596
UBFC_PHYS_s13_T2_ctrl,130,142,134.73333333333332,-0.48787376284599304,0.11360795491564357
UBFC_PHYS_s13_T2_ctrl,130,143,134.76666666666668,-0.44431498646736145,0.1988274493232339
UBFC_PHYS_s13_T2_ctrl,130,144,134.8,-0.3925611078739166,0.2588386524268843
UBFC_PHYS_s13_T2_ctrl,130,145,134.83333333333334,-0.34807637333869934,0.29004646749503704
UBFC_PHYS_s13_T2_ctrl,130,146,134.86666666666667,-0.257139652967453,0.29283525005108746
UBFC_PHYS_s13_T2_ctrl,130,147,134.9,-0.12336911261081696,0.2710000815265121
UBFC_PHYS_s13_T2_ctrl,130,148,134.93333333333334,-0.026125473901629448,0.23056731527105093
UBFC_PHYS_s13_T2_ctrl,130,149,134.96666666666667,-0.011198373511433601,0.1784625430562605
UBFC_PHYS_s13_T2_ctrl,130,150,135.0,-0.045678988099098206,0.12140394113556605
UBFC_PHYS_s13_T2_ctrl,130,151,135.03333333333333,-0.07709180563688278,0.06526982121376416
UBFC_PHYS_s13_T2_ctrl,130,152,135.06666666666666,-0.09567324817180634,0.014951670088422946
UBFC_PHYS_s13_T2_ctrl,130,153,135.1,-0.13456937670707703,-0.025523320697406558
UBFC_PHYS_s13_T2_ctrl,130,154,135.13333333333333,-0.22123554348945618,-0.05288283784011985
UBFC_PHYS_s13_T2_ctrl,130,155,135.16666666666666,-0.33875104784965515,-0.06468350072499779
UBFC_PHYS_s13_T2_ctrl,130,156,135.2,-0.449550986289978,-0.05954038281256336
UBFC_PHYS_s13_T2_ctrl,130,157,135.23333333333332,-0.5289644598960876,-0.03734256081085999
UBFC_PHYS_s13_T2_ctrl,130,158,135.26666666666668,-0.5581398606300354,0.0007035768529686168
UBFC_PHYS_s13_T2_ctrl,130,159,135.3,-0.5257484316825867,0.05222805740219573
UBFC_PHYS_s13_T2_ctrl,130,160,135.33333333333334,-0.44884252548217773,0.11392951666552012
UBFC_PHYS_s13_T2_ctrl,130,161,135.36666666666667,-0.3678934872150421,0.18173446530728862
UBFC_PHYS_s13_T2_ctrl,130,162,135.4,-0.31981372833251953,0.25084556217866355
UBFC_PHYS_s13_T2_ctrl,130,163,135.43333333333334,-0.2877352833747864,0.3157912451459986
UBFC_PHYS_s13_T2_ctrl,130,164,135.46666666666667,-0.196363627910614,0.37064939561033977
UBFC_PHYS_s13_T2_ctrl,130,165,135.5,-0.008114098571240902,0.40957472723151717
UBFC_PHYS_s13_T2_ctrl,130,166,135.53333333333333,0.21326503157615662,0.4276441234095393
UBFC_PHYS_s13_T2_ctrl,130,167,135.56666666666666,0.38609978556632996,0.4218391281364948
UBFC_PHYS_s13_T2_ctrl,130,168,135.6,0.48922526836395264,0.3917715585306183
UBFC_PHYS_s13_T2_ctrl,130,169,135.63333333333333,0.5260718464851379,0.33973464093043776
UBFC_PHYS_s13_T2_ctrl,130,170,135.66666666666666,0.5116159319877625,0.2699294672367266
UBFC_PHYS_s13_T2_ctrl,130,171,135.7,0.4994666576385498,0.18705159275764283
UBFC_PHYS_s13_T2_ctrl,130,172,135.73333333333332,0.5458461046218872,0.09461685817786755
UBFC_PHYS_s13_T2_ctrl,130,173,135.76666666666668,0.6326473951339722,-0.0064103404448643715
UBFC_PHYS_s13_T2_ctrl,130,174,135.8,0.6877458691596985,-0.1178853268337224
UBFC_PHYS_s13_T2_ctrl,130,175,135.83333333333334,0.7027025818824768,-0.2429262139646648
UBFC_PHYS_s13_T2_ctrl,130,176,135.86666666666667,0.7370777726173401,-0.3825349627323638
UBFC_PHYS_s13_T2_ctrl,130,177,135.9,0.8024176359176636,-0.5315664772888286
UBFC_PHYS_s13_T2_ctrl,130,178,135.93333333333334,0.8156608939170837,-0.6761610744881543
UBFC_PHYS_s13_T2_ctrl,130,179,135.96666666666667,0.7026301026344299,-0.794627580036431
UBFC_PHYS_s13_T2_ctrl,130,180,136.0,0.5050420761108398,-0.8622884503458106
UBFC_PHYS_s13_T2_ctrl,130,181,136.03333333333333,0.3646910786628723,-0.8588576883651107
UBFC_PHYS_s13_T2_ctrl,130,182,136.06666666666666,0.3818160593509674,-0.7756509477968078
UBFC_PHYS_s13_T2_ctrl,130,183,136.1,0.4884146749973297,-0.6197203726358625
UBFC_PHYS_s13_T2_ctrl,130,184,136.13333333333333,0.47134241461753845,-0.4128779721503625
UBFC_PHYS_s13_T2_ctrl,130,185,136.16666666666666,0.18888738751411438,-0.1855889582723526
UBFC_PHYS_s13_T2_ctrl,130,186,136.2,-0.2669559717178345,0.031737970084608436
UBFC_PHYS_s13_T2_ctrl,130,187,136.23333333333332,-0.7294621467590332,0.21627316009297376
UBFC_PHYS_s13_T2_ctrl,130,188,136.26666666666668,-1.1242461204528809,0.3564558793845351
UBFC_PHYS_s13_T2_ctrl,130,189,136.3,-1.336121916770935,0.4515421304491386
UBFC_PHYS_s13_T2_ctrl,130,190,136.33333333333334,-1.2733094692230225,0.5083727737534661
UBFC_PHYS_s13_T2_ctrl,130,191,136.36666666666667,-1.1113356351852417,0.5371435061208567
UBFC_PHYS_s13_T2_ctrl,130,192,136.4,-1.0753722190856934,0.5475179082670544
UBFC_PHYS_s13_T2_ctrl,130,193,136.43333333333334,-1.1096913814544678,0.5458279207478066
UBFC_PHYS_s13_T2_ctrl,130,194,136.46666666666667,-1.0796624422073364,0.5337994163710287
UBFC_PHYS_s13_T2_ctrl,130,195,136.5,-1.025282382965088,0.5090068361384116
UBFC_PHYS_s13_T2_ctrl,130,196,136.53333333333333,-1.0095117092132568,0.4667925211466238
UBFC_PHYS_s13_T2_ctrl,130,197,136.56666666666666,-1.0129320621490479,0.4029018187758649
UBFC_PHYS_s13_T2_ctrl,130,198,136.6,-1.079949140548706,0.315923411099873
UBFC_PHYS_s13_T2_ctrl,130,199,136.63333333333333,-1.2851885557174683,0.20877681356462469
UBFC_PHYS_s13_T2_ctrl,130,200,136.66666666666666,-1.5132139921188354,0.08879906316395925
UBFC_PHYS_s13_T2_ctrl,130,201,136.7,-1.528355360031128,-0.033612371673814596
UBFC_PHYS_s13_T2_ctrl,130,202,136.73333333333332,-1.3104327917099,-0.147392521042793
UBFC_PHYS_s13_T2_ctrl,130,203,136.76666666666668,-1.0678229331970215,-0.24346806101928087
UBFC_PHYS_s13_T2_ctrl,130,204,136.8,-0.9125382900238037,-0.31679206234027624
UBFC_PHYS_s13_T2_ctrl,130,205,136.83333333333334,-0.7832524180412292,-0.3670616475502126
UBFC_PHYS_s13_T2_ctrl,130,206,136.86666666666667,-0.6134855151176453,-0.397894465420723
UBFC_PHYS_s13_T2_ctrl,130,207,136.9,-0.36950811743736267,-0.4147810326860407
UBFC_PHYS_s13_T2_ctrl,130,208,136.93333333333334,-0.04452897608280182,-0.4225322120869732
UBFC_PHYS_s13_T2_ctrl,130,209,136.96666666666667,0.2930014431476593,-0.42311465001483434
UBFC_PHYS_s13_T2_ctrl,130,210,137.0,0.5052891969680786,-0.41468520050891206
UBFC_PHYS_s13_T2_ctrl,130,211,137.03333333333333,0.48150140047073364,-0.3922695742669954
UBFC_PHYS_s13_T2_ctrl,130,212,137.06666666666666,0.2427007406949997,-0.3499291578458342
UBFC_PHYS_s13_T2_ctrl,130,213,137.1,-0.10463609546422958,-0.28362016221811687
UBFC_PHYS_s13_T2_ctrl,130,214,137.13333333333333,-0.4171100854873657,-0.19354979056584593
UBFC_PHYS_s13_T2_ctrl,130,215,137.16666666666666,-0.5635966658592224,-0.08492866011685939
UBFC_PHYS_s13_T2_ctrl,130,216,137.2,-0.49313613772392273,0.033313077860225554
UBFC_PHYS_s13_T2_ctrl,130,217,137.23333333333332,-0.28399527072906494,0.15124431965299065
UBFC_PHYS_s13_T2_ctrl,130,218,137.26666666666668,-0.08591625839471817,0.2606011339478502
UBFC_PHYS_s13_T2_ctrl,130,219,137.3,0.0048952167853713036,0.3559092404745236
UBFC_PHYS_s13_T2_ctrl,130,220,137.33333333333334,-0.01468795444816351,0.43365686582979085
UBFC_PHYS_s13_T2_ctrl,130,221,137.36666666666667,-0.11495985090732574,0.49050299499165295
UBFC_PHYS_s13_T2_ctrl,130,222,137.4,-0.23813973367214203,0.5221369968316975
UBFC_PHYS_s13_T2_ctrl,130,223,137.43333333333334,-0.27828145027160645,0.5238502220246426
UBFC_PHYS_s13_T2_ctrl,130,224,137.46666666666667,-0.15247860550880432,0.49252082727976587
UBFC_PHYS_s13_T2_ctrl,130,225,137.5,0.09509049355983734,0.4286256142114449
UBFC_PHYS_s13_T2_ctrl,130,226,137.53333333333333,0.34721681475639343,0.3369186837059778
UBFC_PHYS_s13_T2_ctrl,130,227,137.56666666666666,0.5948386192321777,0.22533056178931335
UBFC_PHYS_s13_T2_ctrl,130,228,137.6,0.9510955214500427,0.1026982010918466
UBFC_PHYS_s13_T2_ctrl,130,229,137.63333333333333,1.4842500686645508,-0.023402856489079644
UBFC_PHYS_s13_T2_ctrl,130,230,137.66666666666666,2.0770998001098633,-0.14747653922797369
UBFC_PHYS_s13_T2_ctrl,130,231,137.7,2.491908550262451,-0.26511879233697033
UBFC_PHYS_s13_T2_ctrl,130,232,137.73333333333332,2.657078742980957,-0.37097598499479645
UBFC_PHYS_s13_T2_ctrl,130,233,137.76666666666668,2.796414852142334,-0.4571481841973901
UBFC_PHYS_s13_T2_ctrl,130,234,137.8,3.020446538925171,-0.5132447808969205
UBFC_PHYS_s13_T2_ctrl,130,235,137.83333333333334,3.0020034313201904,-0.5283956189609106
UBFC_PHYS_s13_T2_ctrl,130,236,137.86666666666667,2.477541446685791,-0.4946872184465962
UBFC_PHYS_s13_T2_ctrl,130,237,137.9,1.6940598487854004,-0.41085500035544353
UBFC_PHYS_s13_T2_ctrl,130,238,137.93333333333334,1.128180980682373,-0.2846475563358029
UBFC_PHYS_s13_T2_ctrl,130,239,137.96666666666667,1.0002000331878662,-0.13251359285530845
UBFC_PHYS_s13_T2_ctrl,131,0,131.0,-0.4973473846912384,0.19436654142720808
UBFC_PHYS_s13_T2_ctrl,131,1,131.03333333333333,-0.7854107618331909,0.13531943998207088
UBFC_PHYS_s13_T2_ctrl,131,2,131.06666666666666,-1.191421389579773,0.07950606855655792
UBFC_PHYS_s13_T2_ctrl,131,3,131.1,-1.592966914176941,0.03197698095265628
UBFC_PHYS_s13_T2_ctrl,131,4,131.13333333333333,-1.915665864944458,-0.0031419990946683876
UBFC_PHYS_s13_T2_ctrl,131,5,131.16666666666666,-2.2123000621795654,-0.024146233754224384
UBFC_PHYS_s13_T2_ctrl,131,6,131.2,-2.587942361831665,-0.032888468261001474
UBFC_PHYS_s13_T2_ctrl,131,7,131.23333333333332,-3.0356860160827637,-0.03462453425436319
UBFC_PHYS_s13_T2_ctrl,131,8,131.26666666666668,-3.311234474182129,-0.03631403878116673
UBFC_PHYS_s13_T2_ctrl,131,9,131.3,-3.1576039791107178,-0.04399935540117102
UBFC_PHYS_s13_T2_ctrl,131,10,131.33333333333334,-2.673013687133789,-0.06056673395931761
UBFC_PHYS_s13_T2_ctrl,131,11,131.36666666666667,-2.143599033355713,-0.08513358646794959
UBFC_PHYS_s13_T2_ctrl,131,12,131.4,-1.7002345323562622,-0.11438169677832971
UBFC_PHYS_s13_T2_ctrl,131,13,131.43333333333334,-1.3396180868148804,-0.14508418448867746
UBFC_PHYS_s13_T2_ctrl,131,14,131.46666666666667,-1.0639115571975708,-0.17661001487643502
UBFC_PHYS_s13_T2_ctrl,131,15,131.5,-0.8372601866722107,-0.212321251731169
UBFC_PHYS_s13_T2_ctrl,131,16,131.53333333333333,-0.6005980968475342,-0.25917280430704037
UBFC_PHYS_s13_T2_ctrl,131,17,131.56666666666666,-0.37550532817840576,-0.32538057989218355
UBFC_PHYS_s13_T2_ctrl,131,18,131.6,-0.21407844126224518,-0.4166969776184118
UBFC_PHYS_s13_T2_ctrl,131,19,131.63333333333333,-0.10010524094104767,-0.532410874995635
UBFC_PHYS_s13_T2_ctrl,131,20,131.66666666666666,0.01627012901008129,-0.6624510842692671
UBFC_PHYS_s13_T2_ctrl,131,21,131.7,0.13296183943748474,-0.7868612679381995
UBFC_PHYS_s13_T2_ctrl,131,22,131.73333333333332,0.21294869482517242,-0.8784484952895277
UBFC_PHYS_s13_T2_ctrl,131,23,131.76666666666668,0.2626397907733917,-0.908594297500576
UBFC_PHYS_s13_T2_ctrl,131,24,131.8,0.3265099823474884,-0.855147175045507
UBFC_PHYS_s13_T2_ctrl,131,25,131.83333333333334,0.4100589156150818,-0.7102525324465113
UBFC_PHYS_s13_T2_ctrl,131,26,131.86666666666667,0.48179468512535095,-0.4853216369911613
UBFC_PHYS_s13_T2_ctrl,131,27,131.9,0.5385440587997437,-0.21052070803169753
UBFC_PHYS_s13_T2_ctrl,131,28,131.93333333333334,0.6122799515724182,0.0724243214973238
UBFC_PHYS_s13_T2_ctrl,131,29,131.96666666666667,0.7115468382835388,0.32242037708264815
UBFC_PHYS_s13_T2_ctrl,131,30,132.0,0.807587742805481,0.511215331593291
UBFC_PHYS_s13_T2_ctrl,131,31,132.03333333333333,0.8937332630157471,0.6299472719325371
UBFC_PHYS_s13_T2_ctrl,131,32,132.06666666666666,1.0059468746185303,0.6877470667556337
UBFC_PHYS_s13_T2_ctrl,131,33,132.1,1.154509425163269,0.7045766372298911
UBFC_PHYS_s13_T2_ctrl,131,34,132.13333333333333,1.3053258657455444,0.7024337815045689
UBFC_PHYS_s13_T2_ctrl,131,35,132.16666666666666,1.445630669593811,0.6983267281343506
UBFC_PHYS_s13_T2_ctrl,131,36,132.2,1.6106361150741577,0.7006681413225728
UBFC_PHYS_s13_T2_ctrl,131,37,132.23333333333332,1.8363583087921143,0.7091055252837553
UBFC_PHYS_s13_T2_ctrl,131,38,132.26666666666668,2.115732431411743,0.7168022538677604
UBFC_PHYS_s13_T2_ctrl,131,39,132.3,2.342973470687866,0.7138840358361472
UBFC_PHYS_s13_T2_ctrl,131,40,132.33333333333334,2.358424663543701,0.690938107927143
UBFC_PHYS_s13_T2_ctrl,131,41,132.36666666666667,2.1264054775238037,0.641777419719083
UBFC_PHYS_s13_T2_ctrl,131,42,132.4,1.7648597955703735,0.5649696697733727
UBFC_PHYS_s13_T2_ctrl,131,43,132.43333333333334,1.3793188333511353,0.46394876322432993
UBFC_PHYS_s13_T2_ctrl,131,44,132.46666666666667,1.0212396383285522,0.34593686700227977
UBFC_PHYS_s13_T2_ctrl,131,45,132.5,0.7417997717857361,0.22020117865412742
UBFC_PHYS_s13_T2_ctrl,131,46,132.53333333333333,0.52486252784729,0.0961752822302206
UBFC_PHYS_s13_T2_ctrl,131,47,132.56666666666666,0.2917690575122833,-0.018155022641893854
UBFC_PHYS_s13_T2_ctrl,131,48,132.6,0.09740370512008667,-0.11728830627150401
UBFC_PHYS_s13_T2_ctrl,131,49,132.63333333333333,0.1566903293132782,-0.1984952963825986
UBFC_PHYS_s13_T2_ctrl,131,50,132.66666666666666,0.6073075532913208,-0.2614824515966532
UBFC_PHYS_s13_T2_ctrl,131,51,132.7,1.217786431312561,-0.3078201470454056
UBFC_PHYS_s13_T2_ctrl,131,52,132.73333333333332,1.4803518056869507,-0.3405108922259142
UBFC_PHYS_s13_T2_ctrl,131,53,132.76666666666668,1.168948769569397,-0.36373451253339184
UBFC_PHYS_s13_T2_ctrl,131,54,132.8,0.6205837726593018,-0.3823774748548464
UBFC_PHYS_s13_T2_ctrl,131,55,132.83333333333334,0.20107950270175934,-0.4009163344852138
UBFC_PHYS_s13_T2_ctrl,131,56,132.86666666666667,-0.06432962417602539,-0.42178397115750055
UBFC_PHYS_s13_T2_ctrl,131,57,132.9,-0.29900476336479187,-0.444001045915782
UBFC_PHYS_s13_T2_ctrl,131,58,132.93333333333334,-0.6042359471321106,-0.4629879464019383
UBFC_PHYS_s13_T2_ctrl,131,59,132.96666666666667,-0.9594680070877075,-0.47199432393627083
UBFC_PHYS_s13_T2_ctrl,131,60,133.0,-1.1396081447601318,-0.46481399051181277
UBFC_PHYS_s13_T2_ctrl,131,61,133.03333333333333,-0.9595009684562683,-0.4388558778824283
UBFC_PHYS_s13_T2_ctrl,131,62,133.06666666666666,-0.5906137228012085,-0.3974920367427656
UBFC_PHYS_s13_T2_ctrl,131,63,133.1,-0.2809637188911438,-0.35073621727965
UBFC_PHYS_s13_T2_ctrl,131,64,133.13333333333333,-0.08672357350587845,-0.3135372934148481
UBFC_PHYS_s13_T2_ctrl,131,65,133.16666666666666,0.04119805991649628,-0.30149434154179816
UBFC_PHYS_s13_T2_ctrl,131,66,133.2,0.12339267879724503,-0.3247803525401004
UBFC_PHYS_s13_T2_ctrl,131,67,133.23333333333332,0.16115528345108032,-0.38221339977547564
UBFC_PHYS_s13_T2_ctrl,131,68,133.26666666666668,0.15584346652030945,-0.45811300911446007
UBFC_PHYS_s13_T2_ctrl,131,69,133.3,0.11142133921384811,-0.5241416457748685
UBFC_PHYS_s13_T2_ctrl,131,70,133.33333333333334,0.055383749306201935,-0.5465672019006467
UBFC_PHYS_s13_T2_ctrl,131,71,133.36666666666667,0.03347748517990112,-0.4970181211790009
UBFC_PHYS_s13_T2_ctrl,131,72,133.4,0.05146579444408417,-0.36296553988376906
UBFC_PHYS_s13_T2_ctrl,131,73,133.43333333333334,0.05179201811552048,-0.15372103971935883
UBFC_PHYS_s13_T2_ctrl,131,74,133.46666666666667,0.003129007760435343,0.10094171273041726
UBFC_PHYS_s13_T2_ctrl,131,75,133.5,-0.0403902493417263,0.35959429755158956
UBFC_PHYS_s13_T2_ctrl,131,76,133.53333333333333,-0.030956188216805458,0.5821368254226867
UBFC_PHYS_s13_T2_ctrl,131,77,133.56666666666666,-0.007385866716504097,0.7417179394137023
UBFC_PHYS_s13_T2_ctrl,131,78,133.6,-0.011218144558370113,0.8309425551617937
UBFC_PHYS_s13_T2_ctrl,131,79,133.63333333333333,-0.045415375381708145,0.8604766001484278
UBFC_PHYS_s13_T2_ctrl,131,80,133.66666666666666,-0.10591462254524231,0.8515663155622134
UBFC_PHYS_s13_T2_ctrl,131,81,133.7,-0.1684667468070984,0.8263185793061357
UBFC_PHYS_s13_T2_ctrl,131,82,133.73333333333332,-0.19445902109146118,0.7998029461785814
UBFC_PHYS_s13_T2_ctrl,131,83,133.76666666666668,-0.20399193465709686,0.7764501742560787
UBFC_PHYS_s13_T2_ctrl,131,84,133.8,-0.27373743057250977,0.7509842086575138
UBFC_PHYS_s13_T2_ctrl,131,85,133.83333333333334,-0.4193013608455658,0.7124639867379857
UBFC_PHYS_s13_T2_ctrl,131,86,133.86666666666667,-0.5704209804534912,0.6495288700928702
UBFC_PHYS_s13_T2_ctrl,131,87,133.9,-0.6699086427688599,0.5551762663522976
UBFC_PHYS_s13_T2_ctrl,131,88,133.93333333333334,-0.7644963264465332,0.4297207359963442
UBFC_PHYS_s13_T2_ctrl,131,89,133.96666666666667,-0.9585486650466919,0.2810873756395261
UBFC_PHYS_s13_T2_ctrl,131,90,134.0,-1.2329272031784058,0.12249956931988759
UBFC_PHYS_s13_T2_ctrl,131,91,134.03333333333333,-1.3417402505874634,-0.031417794669678346
UBFC_PHYS_s13_T2_ctrl,131,92,134.06666666666666,-1.0852082967758179,-0.16861312039153165
UBFC_PHYS_s13_T2_ctrl,131,93,134.1,-0.5723387598991394,-0.2823715582979733
UBFC_PHYS_s13_T2_ctrl,131,94,134.13333333333333,-0.02253703959286213,-0.3723053983446608
UBFC_PHYS_s13_T2_ctrl,131,95,134.16666666666666,0.5577318072319031,-0.44366226423679006
UBFC_PHYS_s13_T2_ctrl,131,96,134.2,1.2397817373275757,-0.505235722591745
UBFC_PHYS_s13_T2_ctrl,131,97,134.23333333333332,1.8188081979751587,-0.5662087119057824
UBFC_PHYS_s13_T2_ctrl,131,98,134.26666666666668,1.8953253030776978,-0.6325574704025726
UBFC_PHYS_s13_T2_ctrl,131,99,134.3,1.383793592453003,-0.7040440484065781
UBFC_PHYS_s13_T2_ctrl,131,100,134.33333333333334,0.7335124015808105,-0.77293623440478
UBFC_PHYS_s13_T2_ctrl,131,101,134.36666666666667,0.46109774708747864,-0.8252033597716986
UBFC_PHYS_s13_T2_ctrl,131,102,134.4,0.5733607411384583,-0.8441237465945365
UBFC_PHYS_s13_T2_ctrl,131,103,134.43333333333334,0.6726638674736023,-0.8153856702072377
UBFC_PHYS_s13_T2_ctrl,131,104,134.46666666666667,0.5604733824729919,-0.7322227764276791
UBFC_PHYS_s13_T2_ctrl,131,105,134.5,0.3297227919101715,-0.5989125903825097
UBFC_PHYS_s13_T2_ctrl,131,106,134.53333333333333,0.034192536026239395,-0.4311064168141238
UBFC_PHYS_s13_T2_ctrl,131,107,134.56666666666666,-0.26164087653160095,-0.25228229799075164
UBFC_PHYS_s13_T2_ctrl,131,108,134.6,-0.40289145708084106,-0.08717242232571946
UBFC_PHYS_s13_T2_ctrl,131,109,134.63333333333333,-0.38978326320648193,0.04543127274467126
UBFC_PHYS_s13_T2_ctrl,131,110,134.66666666666666,-0.3900238275527954,0.1375428387715279
UBFC_PHYS_s13_T2_ctrl,131,111,134.7,-0.4561149477958679,0.1925984885537814
UBFC_PHYS_s13_T2_ctrl,131,112,134.73333333333332,-0.48787376284599304,0.22210685046838163
UBFC_PHYS_s13_T2_ctrl,131,113,134.76666666666668,-0.44431498646736145,0.24041743456696457
UBFC_PHYS_s13_T2_ctrl,131,114,134.8,-0.3925611078739166,0.2598725501171815
UBFC_PHYS_s13_T2_ctrl,131,115,134.83333333333334,-0.34807637333869934,0.28770939010935964
UBFC_PHYS_s13_T2_ctrl,131,116,134.86666666666667,-0.257139652967453,0.32518037539621886
UBFC_PHYS_s13_T2_ctrl,131,117,134.9,-0.12336911261081696,0.36870113378172603
UBFC_PHYS_s13_T2_ctrl,131,118,134.93333333333334,-0.026125473901629448,0.4122771113122238
UBFC_PHYS_s13_T2_ctrl,131,119,134.96666666666667,-0.011198373511433601,0.4501219654537881
UBFC_PHYS_s13_T2_ctrl,131,120,135.0,-0.045678988099098206,0.4784554289699846
UBFC_PHYS_s13_T2_ctrl,131,121,135.03333333333333,-0.07709180563688278,0.4959667234635413
UBFC_PHYS_s13_T2_ctrl,131,122,135.06666666666666,-0.09567324817180634,0.5031315320084647
UBFC_PHYS_s13_T2_ctrl,131,123,135.1,-0.13456937670707703,0.5010469029760775
UBFC_PHYS_s13_T2_ctrl,131,124,135.13333333333333,-0.22123554348945618,0.4904358100132261
UBFC_PHYS_s13_T2_ctrl,131,125,135.16666666666666,-0.33875104784965515,0.4711840769163675
UBFC_PHYS_s13_T2_ctrl,131,126,135.2,-0.449550986289978,0.4425095411584519
UBFC_PHYS_s13_T2_ctrl,131,127,135.23333333333332,-0.5289644598960876,0.4036166773656454
UBFC_PHYS_s13_T2_ctrl,131,128,135.26666666666668,-0.5581398606300354,0.3544256286505079
UBFC_PHYS_s13_T2_ctrl,131,129,135.3,-0.5257484316825867,0.29592529147018204
UBFC_PHYS_s13_T2_ctrl,131,130,135.33333333333334,-0.44884252548217773,0.23001588276485044
UBFC_PHYS_s13_T2_ctrl,131,131,135.36666666666667,-0.3678934872150421,0.15904066507028303
UBFC_PHYS_s13_T2_ctrl,131,132,135.4,-0.31981372833251953,0.08523997907773004
UBFC_PHYS_s13_T2_ctrl,131,133,135.43333333333334,-0.2877352833747864,0.010263987743142395
UBFC_PHYS_s13_T2_ctrl,131,134,135.46666666666667,-0.196363627910614,-0.06509111061211127
UBFC_PHYS_s13_T2_ctrl,131,135,135.5,-0.008114098571240902,-0.14070058551972828
UBFC_PHYS_s13_T2_ctrl,131,136,135.53333333333333,0.21326503157615662,-0.21638276044907692
UBFC_PHYS_s13_T2_ctrl,131,137,135.56666666666666,0.38609978556632996,-0.2908618242217632
UBFC_PHYS_s13_T2_ctrl,131,138,135.6,0.48922526836395264,-0.36103777454427344
UBFC_PHYS_s13_T2_ctrl,131,139,135.63333333333333,0.5260718464851379,-0.42228488376294215
UBFC_PHYS_s13_T2_ctrl,131,140,135.66666666666666,0.5116159319877625,-0.4701177285533161
UBFC_PHYS_s13_T2_ctrl,131,141,135.7,0.4994666576385498,-0.5028016487919498
UBFC_PHYS_s13_T2_ctrl,131,142,135.73333333333332,0.5458461046218872,-0.5237113918759322
UBFC_PHYS_s13_T2_ctrl,131,143,135.76666666666668,0.6326473951339722,-0.5419279329582146
UBFC_PHYS_s13_T2_ctrl,131,144,135.8,0.6877458691596985,-0.570014688145884
UBFC_PHYS_s13_T2_ctrl,131,145,135.83333333333334,0.7027025818824768,-0.6190400621499614
UBFC_PHYS_s13_T2_ctrl,131,146,135.86666666666667,0.7370777726173401,-0.6922891936690392
UBFC_PHYS_s13_T2_ctrl,131,147,135.9,0.8024176359176636,-0.7801413075804593
UBFC_PHYS_s13_T2_ctrl,131,148,135.93333333333334,0.8156608939170837,-0.8587438267373699
UBFC_PHYS_s13_T2_ctrl,131,149,135.96666666666667,0.7026301026344299,-0.8941473472712792
UBFC_PHYS_s13_T2_ctrl,131,150,136.0,0.5050420761108398,-0.8516641014591545
UBFC_PHYS_s13_T2_ctrl,131,151,136.03333333333333,0.3646910786628723,-0.7080306100852503
UBFC_PHYS_s13_T2_ctrl,131,152,136.06666666666666,0.3818160593509674,-0.46227863953163084
UBFC_PHYS_s13_T2_ctrl,131,153,136.1,0.4884146749973297,-0.14058673840879743
UBFC_PHYS_s13_T2_ctrl,131,154,136.13333333333333,0.47134241461753845,0.20854454556558233
UBFC_PHYS_s13_T2_ctrl,131,155,136.16666666666666,0.18888738751411438,0.5287266181507146
UBFC_PHYS_s13_T2_ctrl,131,156,136.2,-0.2669559717178345,0.7741787501913454
UBFC_PHYS_s13_T2_ctrl,131,157,136.23333333333332,-0.7294621467590332,0.9236983545947218
UBFC_PHYS_s13_T2_ctrl,131,158,136.26666666666668,-1.1242461204528809,0.983986435120813
UBFC_PHYS_s13_T2_ctrl,131,159,136.3,-1.336121916770935,0.9820223965024786
UBFC_PHYS_s13_T2_ctrl,131,160,136.33333333333334,-1.2733094692230225,0.9511762301699723
UBFC_PHYS_s13_T2_ctrl,131,161,136.36666666666667,-1.1113356351852417,0.9176737689653205
UBFC_PHYS_s13_T2_ctrl,131,162,136.4,-1.0753722190856934,0.8926972058577898
UBFC_PHYS_s13_T2_ctrl,131,163,136.43333333333334,-1.1096913814544678,0.872048344895354
UBFC_PHYS_s13_T2_ctrl,131,164,136.46666666666667,-1.0796624422073364,0.8418004235838025
UBFC_PHYS_s13_T2_ctrl,131,165,136.5,-1.025282382965088,0.7863215109578002
UBFC_PHYS_s13_T2_ctrl,131,166,136.53333333333333,-1.0095117092132568,0.6951054772054824
UBFC_PHYS_s13_T2_ctrl,131,167,136.56666666666666,-1.0129320621490479,0.5663205731763257
UBFC_PHYS_s13_T2_ctrl,131,168,136.6,-1.079949140548706,0.40672771936262075
UBFC_PHYS_s13_T2_ctrl,131,169,136.63333333333333,-1.2851885557174683,0.22892339310924
UBFC_PHYS_s13_T2_ctrl,131,170,136.66666666666666,-1.5132139921188354,0.04746629781115933
UBFC_PHYS_s13_T2_ctrl,131,171,136.7,-1.528355360031128,-0.12465068800579945
UBFC_PHYS_s13_T2_ctrl,131,172,136.73333333333332,-1.3104327917099,-0.27829637602522367
UBFC_PHYS_s13_T2_ctrl,131,173,136.76666666666668,-1.0678229331970215,-0.40904493530661534
UBFC_PHYS_s13_T2_ctrl,131,174,136.8,-0.9125382900238037,-0.5167920896917987
UBFC_PHYS_s13_T2_ctrl,131,175,136.83333333333334,-0.7832524180412292,-0.60452531803498
UBFC_PHYS_s13_T2_ctrl,131,176,136.86666666666667,-0.6134855151176453,-0.6766106494614058
UBFC_PHYS_s13_T2_ctrl,131,177,136.9,-0.36950811743736267,-0.7369201454663294
UBFC_PHYS_s13_T2_ctrl,131,178,136.93333333333334,-0.04452897608280182,-0.7871604752066181
UBFC_PHYS_s13_T2_ctrl,131,179,136.96666666666667,0.2930014431476593,-0.8258381988425835
UBFC_PHYS_s13_T2_ctrl,131,180,137.0,0.5052891969680786,-0.8482748382648536
UBFC_PHYS_s13_T2_ctrl,131,181,137.03333333333333,0.48150140047073364,-0.847808251053865
UBFC_PHYS_s13_T2_ctrl,131,182,137.06666666666666,0.2427007406949997,-0.8178204102640941
UBFC_PHYS_s13_T2_ctrl,131,183,137.1,-0.10463609546422958,-0.7538774482730748
UBFC_PHYS_s13_T2_ctrl,131,184,137.13333333333333,-0.4171100854873657,-0.6553287384749996
UBFC_PHYS_s13_T2_ctrl,131,185,137.16666666666666,-0.5635966658592224,-0.5259856673503962
UBFC_PHYS_s13_T2_ctrl,131,186,137.2,-0.49313613772392273,-0.3737147306453798
UBFC_PHYS_s13_T2_ctrl,131,187,137.23333333333332,-0.28399527072906494,-0.20900682631580977
UBFC_PHYS_s13_T2_ctrl,131,188,137.26666666666668,-0.08591625839471817,-0.042929426171503283
UBFC_PHYS_s13_T2_ctrl,131,189,137.3,0.0048952167853713036,0.11486750215007752
UBFC_PHYS_s13_T2_ctrl,131,190,137.33333333333334,-0.01468795444816351,0.2574621953258344
UBFC_PHYS_s13_T2_ctrl,131,191,137.36666666666667,-0.11495985090732574,0.38095654281509644
UBFC_PHYS_s13_T2_ctrl,131,192,137.4,-0.23813973367214203,0.48381714064751535
UBFC_PHYS_s13_T2_ctrl,131,193,137.43333333333334,-0.27828145027160645,0.5657275377604635
UBFC_PHYS_s13_T2_ctrl,131,194,137.46666666666667,-0.15247860550880432,0.6266870216252295
UBFC_PHYS_s13_T2_ctrl,131,195,137.5,0.09509049355983734,0.6669053164993103
UBFC_PHYS_s13_T2_ctrl,131,196,137.53333333333333,0.34721681475639343,0.6873648804483338
UBFC_PHYS_s13_T2_ctrl,131,197,137.56666666666666,0.5948386192321777,0.6903597863029463
UBFC_PHYS_s13_T2_ctrl,131,198,137.6,0.9510955214500427,0.6794074648406018
UBFC_PHYS_s13_T2_ctrl,131,199,137.63333333333333,1.4842500686645508,0.658441523203161
UBFC_PHYS_s13_T2_ctrl,131,200,137.66666666666666,2.0770998001098633,0.6306280477018233
UBFC_PHYS_s13_T2_ctrl,131,201,137.7,2.491908550262451,0.5973087353820846
UBFC_PHYS_s13_T2_ctrl,131,202,137.73333333333332,2.657078742980957,0.5574977620384004
UBFC_PHYS_s13_T2_ctrl,131,203,137.76666666666668,2.796414852142334,0.5081445424560286
UBFC_PHYS_s13_T2_ctrl,131,204,137.8,3.020446538925171,0.4451334592214607
UBFC_PHYS_s13_T2_ctrl,131,205,137.83333333333334,3.0020034313201904,0.3648083223014436
UBFC_PHYS_s13_T2_ctrl,131,206,137.86666666666667,2.477541446685791,0.2656754814021781
UBFC_PHYS_s13_T2_ctrl,131,207,137.9,1.6940598487854004,0.14973274893005584
UBFC_PHYS_s13_T2_ctrl,131,208,137.93333333333334,1.128180980682373,0.02265611278817
UBFC_PHYS_s13_T2_ctrl,131,209,137.96666666666667,1.0002000331878662,-0.10768831991878776
UBFC_PHYS_s13_T2_ctrl,131,210,138.0,1.121649980545044,-0.2340458457328088
UBFC_PHYS_s13_T2_ctrl,131,211,138.03333333333333,1.1341221332550049,-0.35258071724880313
UBFC_PHYS_s13_T2_ctrl,131,212,138.06666666666666,0.9468216896057129,-0.46414137470287975
UBFC_PHYS_s13_T2_ctrl,131,213,138.1,0.7422446012496948,-0.5730689800384275
UBFC_PHYS_s13_T2_ctrl,131,214,138.13333333333333,0.6566855907440186,-0.6838020016077828
UBFC_PHYS_s13_T2_ctrl,131,215,138.16666666666666,0.6929653882980347,-0.7966270590097793
UBFC_PHYS_s13_T2_ctrl,131,216,138.2,0.7921465635299683,-0.9044215721235558
UBFC_PHYS_s13_T2_ctrl,131,217,138.23333333333332,0.8234143853187561,-0.9919676207343234
UBFC_PHYS_s13_T2_ctrl,131,218,138.26666666666668,0.6838937997817993,-1.038564154359706
UBFC_PHYS_s13_T2_ctrl,131,219,138.3,0.4284294843673706,-1.0236075744616682
UBFC_PHYS_s13_T2_ctrl,131,220,138.33333333333334,0.16898459196090698,-0.9338230101752367
UBFC_PHYS_s13_T2_ctrl,131,221,138.36666666666667,-0.08150403201580048,-0.7698454086417944
UBFC_PHYS_s13_T2_ctrl,131,222,138.4,-0.36442697048187256,-0.5491303535524324
UBFC_PHYS_s13_T2_ctrl,131,223,138.43333333333334,-0.7009457945823669,-0.3027874053745568
UBFC_PHYS_s13_T2_ctrl,131,224,138.46666666666667,-1.097054362297058,-0.06644059744857193
UBFC_PHYS_s13_T2_ctrl,131,225,138.5,-1.4831291437149048,0.1314984410932193
UBFC_PHYS_s13_T2_ctrl,131,226,138.53333333333333,-1.6396397352218628,0.278748089272457
UBFC_PHYS_s13_T2_ctrl,131,227,138.56666666666666,-1.4591996669769287,0.3808823182582947
UBFC_PHYS_s13_T2_ctrl,131,228,138.6,-1.129198670387268,0.4554361219401669
UBFC_PHYS_s13_T2_ctrl,131,229,138.63333333333333,-0.8562271595001221,0.5220152149442565
UBFC_PHYS_s13_T2_ctrl,131,230,138.66666666666666,-0.6414779424667358,0.5933485221442155
UBFC_PHYS_s13_T2_ctrl,131,231,138.7,-0.38905173540115356,0.6707166624778298
UBFC_PHYS_s13_T2_ctrl,131,232,138.73333333333332,-0.15892724692821503,0.7444976081136495
UBFC_PHYS_s13_T2_ctrl,131,233,138.76666666666668,0.02202678471803665,0.7984019685887561
UBFC_PHYS_s13_T2_ctrl,131,234,138.8,0.22853483259677887,0.8152272971155493
UBFC_PHYS_s13_T2_ctrl,131,235,138.83333333333334,0.5595276355743408,0.7822318703731386
UBFC_PHYS_s13_T2_ctrl,131,236,138.86666666666667,0.8603960871696472,0.6947436843197146
UBFC_PHYS_s13_T2_ctrl,131,237,138.9,1.0077097415924072,0.5572827767129518
UBFC_PHYS_s13_T2_ctrl,131,238,138.93333333333334,1.0490707159042358,0.38236357585482184
UBFC_PHYS_s13_T2_ctrl,131,239,138.96666666666667,1.2158257961273193,0.18790198279988804
UBFC_PHYS_s13_T2_ctrl,132,0,132.0,0.807587742805481,-0.139249222867258
UBFC_PHYS_s13_T2_ctrl,132,1,132.03333333333333,0.8937332630157471,-0.06495222807562775
UBFC_PHYS_s13_T2_ctrl,132,2,132.06666666666666,1.0059468746185303,0.004019143139969002
UBFC_PHYS_s13_T2_ctrl,132,3,132.1,1.154509425163269,0.061762654851925725
UBFC_PHYS_s13_T2_ctrl,132,4,132.13333333333333,1.3053258657455444,0.1064269655108445
UBFC_PHYS_s13_T2_ctrl,132,5,132.16666666666666,1.445630669593811,0.14094807220210953
UBFC_PHYS_s13_T2_ctrl,132,6,132.2,1.6106361150741577,0.17219620090495952
UBFC_PHYS_s13_T2_ctrl,132,7,132.23333333333332,1.8363583087921143,0.20843006521730498
UBFC_PHYS_s13_T2_ctrl,132,8,132.26666666666668,2.115732431411743,0.25573981446475863
UBFC_PHYS_s13_T2_ctrl,132,9,132.3,2.342973470687866,0.314887958532767
UBFC_PHYS_s13_T2_ctrl,132,10,132.33333333333334,2.358424663543701,0.38014714212044504
UBFC_PHYS_s13_T2_ctrl,132,11,132.36666666666667,2.1264054775238037,0.4409925940777661
UBFC_PHYS_s13_T2_ctrl,132,12,132.4,1.7648597955703735,0.4860058916706417
UBFC_PHYS_s13_T2_ctrl,132,13,132.43333333333334,1.3793188333511353,0.507096748149324
UBFC_PHYS_s13_T2_ctrl,132,14,132.46666666666667,1.0212396383285522,0.5020748926333832
UBFC_PHYS_s13_T2_ctrl,132,15,132.5,0.7417997717857361,0.4746304783484353
UBFC_PHYS_s13_T2_ctrl,132,16,132.53333333333333,0.52486252784729,0.4321609736713395
UBFC_PHYS_s13_T2_ctrl,132,17,132.56666666666666,0.2917690575122833,0.382752773679205
UBFC_PHYS_s13_T2_ctrl,132,18,132.6,0.09740370512008667,0.3325716730035541
UBFC_PHYS_s13_T2_ctrl,132,19,132.63333333333333,0.1566903293132782,0.28434894935970295
UBFC_PHYS_s13_T2_ctrl,132,20,132.66666666666666,0.6073075532913208,0.23716183138896546
UBFC_PHYS_s13_T2_ctrl,132,21,132.7,1.217786431312561,0.18739091150751766
UBFC_PHYS_s13_T2_ctrl,132,22,132.73333333333332,1.4803518056869507,0.1304620235762163
UBFC_PHYS_s13_T2_ctrl,132,23,132.76666666666668,1.168948769569397,0.06277184399717134
UBFC_PHYS_s13_T2_ctrl,132,24,132.8,0.6205837726593018,-0.016843072814039014
UBFC_PHYS_s13_T2_ctrl,132,25,132.83333333333334,0.20107950270175934,-0.10655572142588496
UBFC_PHYS_s13_T2_ctrl,132,26,132.86666666666667,-0.06432962417602539,-0.20201900414758703
UBFC_PHYS_s13_T2_ctrl,132,27,132.9,-0.29900476336479187,-0.29755545091224983
UBFC_PHYS_s13_T2_ctrl,132,28,132.93333333333334,-0.6042359471321106,-0.3874978731202429
UBFC_PHYS_s13_T2_ctrl,132,29,132.96666666666667,-0.9594680070877075,-0.46713706832695717
UBFC_PHYS_s13_T2_ctrl,132,30,133.0,-1.1396081447601318,-0.5330554343683395
UBFC_PHYS_s13_T2_ctrl,132,31,133.03333333333333,-0.9595009684562683,-0.5830312788928249
UBFC_PHYS_s13_T2_ctrl,132,32,133.06666666666666,-0.5906137228012085,-0.615908292219499
UBFC_PHYS_s13_T2_ctrl,132,33,133.1,-0.2809637188911438,-0.6316759857791585
UBFC_PHYS_s13_T2_ctrl,132,34,133.13333333333333,-0.08672357350587845,-0.6315962703247627
UBFC_PHYS_s13_T2_ctrl,132,35,133.16666666666666,0.04119805991649628,-0.6179363361700825
UBFC_PHYS_s13_T2_ctrl,132,36,133.2,0.12339267879724503,-0.5930381122070065
UBFC_PHYS_s13_T2_ctrl,132,37,133.23333333333332,0.16115528345108032,-0.5579340456193977
UBFC_PHYS_s13_T2_ctrl,132,38,133.26666666666668,0.15584346652030945,-0.5111575054458978
UBFC_PHYS_s13_T2_ctrl,132,39,133.3,0.11142133921384811,-0.44854063484928
UBFC_PHYS_s13_T2_ctrl,132,40,133.33333333333334,0.055383749306201935,-0.36451784611629334
UBFC_PHYS_s13_T2_ctrl,132,41,133.36666666666667,0.03347748517990112,-0.25475865019393795
UBFC_PHYS_s13_T2_ctrl,132,42,133.4,0.05146579444408417,-0.11910326987244495
UBFC_PHYS_s13_T2_ctrl,132,43,133.43333333333334,0.05179201811552048,0.03665703112925905
UBFC_PHYS_s13_T2_ctrl,132,44,133.46666666666667,0.003129007760435343,0.20120868877858897
UBFC_PHYS_s13_T2_ctrl,132,45,133.5,-0.0403902493417263,0.36034012582360664
UBFC_PHYS_s13_T2_ctrl,132,46,133.53333333333333,-0.030956188216805458,0.5006187506881021
UBFC_PHYS_s13_T2_ctrl,132,47,133.56666666666666,-0.007385866716504097,0.6125003504579422
UBFC_PHYS_s13_T2_ctrl,132,48,133.6,-0.011218144558370113,0.6917376412410796
UBFC_PHYS_s13_T2_ctrl,132,49,133.63333333333333,-0.045415375381708145,0.7389440601162255
UBFC_PHYS_s13_T2_ctrl,132,50,133.66666666666666,-0.10591462254524231,0.7579524926636142
UBFC_PHYS_s13_T2_ctrl,132,51,133.7,-0.1684667468070984,0.7538352513022207
UBFC_PHYS_s13_T2_ctrl,132,52,133.73333333333332,-0.19445902109146118,0.7311950877582868
UBFC_PHYS_s13_T2_ctrl,132,53,133.76666666666668,-0.20399193465709686,0.6929995270970236
UBFC_PHYS_s13_T2_ctrl,132,54,133.8,-0.27373743057250977,0.6401191642600667
UBFC_PHYS_s13_T2_ctrl,132,55,133.83333333333334,-0.4193013608455658,0.5716944199429416
UBFC_PHYS_s13_T2_ctrl,132,56,133.86666666666667,-0.5704209804534912,0.48625085911348076
UBFC_PHYS_s13_T2_ctrl,132,57,133.9,-0.6699086427688599,0.383179869479949
UBFC_PHYS_s13_T2_ctrl,132,58,133.93333333333334,-0.7644963264465332,0.26401692141823835
UBFC_PHYS_s13_T2_ctrl,132,59,133.96666666666667,-0.9585486650466919,0.1330161577045765
UBFC_PHYS_s13_T2_ctrl,132,60,134.0,-1.2329272031784058,-0.0031750786654283145
UBFC_PHYS_s13_T2_ctrl,132,61,134.03333333333333,-1.3417402505874634,-0.13656445624247227
UBFC_PHYS_s13_T2_ctrl,132,62,134.06666666666666,-1.0852082967758179,-0.25917647183931464
UBFC_PHYS_s13_T2_ctrl,132,63,134.1,-0.5723387598991394,-0.36435161867534493
UBFC_PHYS_s13_T2_ctrl,132,64,134.13333333333333,-0.02253703959286213,-0.44781219763489905
UBFC_PHYS_s13_T2_ctrl,132,65,134.16666666666666,0.5577318072319031,-0.5083531883238289
UBFC_PHYS_s13_T2_ctrl,132,66,134.2,1.2397817373275757,-0.5477747433798988
UBFC_PHYS_s13_T2_ctrl,132,67,134.23333333333332,1.8188081979751587,-0.5697137939407589
UBFC_PHYS_s13_T2_ctrl,132,68,134.26666666666668,1.8953253030776978,-0.5777207564071649
UBFC_PHYS_s13_T2_ctrl,132,69,134.3,1.383793592453003,-0.5736711621997959
UBFC_PHYS_s13_T2_ctrl,132,70,134.33333333333334,0.7335124015808105,-0.5575828737703222
UBFC_PHYS_s13_T2_ctrl,132,71,134.36666666666667,0.46109774708747864,-0.5289298796966598
UBFC_PHYS_s13_T2_ctrl,132,72,134.4,0.5733607411384583,-0.48824631046708206
UBFC_PHYS_s13_T2_ctrl,132,73,134.43333333333334,0.6726638674736023,-0.4375604512322662
UBFC_PHYS_s13_T2_ctrl,132,74,134.46666666666667,0.5604733824729919,-0.3794936316234302
UBFC_PHYS_s13_T2_ctrl,132,75,134.5,0.3297227919101715,-0.31611948943016915
UBFC_PHYS_s13_T2_ctrl,132,76,134.53333333333333,0.034192536026239395,-0.24844830882199506
UBFC_PHYS_s13_T2_ctrl,132,77,134.56666666666666,-0.26164087653160095,-0.17649970055882644
UBFC_PHYS_s13_T2_ctrl,132,78,134.6,-0.40289145708084106,-0.0996845309884796
UBFC_PHYS_s13_T2_ctrl,132,79,134.63333333333333,-0.38978326320648193,-0.017506757564779
UBFC_PHYS_s13_T2_ctrl,132,80,134.66666666666666,-0.3900238275527954,0.06932994614655508
UBFC_PHYS_s13_T2_ctrl,132,81,134.7,-0.4561149477958679,0.1577265825815084
UBFC_PHYS_s13_T2_ctrl,132,82,134.73333333333332,-0.48787376284599304,0.24175912745782654
UBFC_PHYS_s13_T2_ctrl,132,83,134.76666666666668,-0.44431498646736145,0.31377379131496264
UBFC_PHYS_s13_T2_ctrl,132,84,134.8,-0.3925611078739166,0.36675570691273224
UBFC_PHYS_s13_T2_ctrl,132,85,134.83333333333334,-0.34807637333869934,0.3967455895438352
UBFC_PHYS_s13_T2_ctrl,132,86,134.86666666666667,-0.257139652967453,0.40410625602895783
UBFC_PHYS_s13_T2_ctrl,132,87,134.9,-0.12336911261081696,0.3932168771958466
UBFC_PHYS_s13_T2_ctrl,132,88,134.93333333333334,-0.026125473901629448,0.3709327149643788
UBFC_PHYS_s13_T2_ctrl,132,89,134.96666666666667,-0.011198373511433601,0.3445086533796221
UBFC_PHYS_s13_T2_ctrl,132,90,135.0,-0.045678988099098206,0.31966251237809234
UBFC_PHYS_s13_T2_ctrl,132,91,135.03333333333333,-0.07709180563688278,0.29931388005170967
UBFC_PHYS_s13_T2_ctrl,132,92,135.06666666666666,-0.09567324817180634,0.28342078621245004
UBFC_PHYS_s13_T2_ctrl,132,93,135.1,-0.13456937670707703,0.26998513375018146
UBFC_PHYS_s13_T2_ctrl,132,94,135.13333333333333,-0.22123554348945618,0.2566328958457284
UBFC_PHYS_s13_T2_ctrl,132,95,135.16666666666666,-0.33875104784965515,0.24183569702171914
UBFC_PHYS_s13_T2_ctrl,132,96,135.2,-0.449550986289978,0.22528571068116654
UBFC_PHYS_s13_T2_ctrl,132,97,135.23333333333332,-0.5289644598960876,0.20760991305558116
UBFC_PHYS_s13_T2_ctrl,132,98,135.26666666666668,-0.5581398606300354,0.18981885654088967
UBFC_PHYS_s13_T2_ctrl,132,99,135.3,-0.5257484316825867,0.17272202523966784
UBFC_PHYS_s13_T2_ctrl,132,100,135.33333333333334,-0.44884252548217773,0.1564001900803574
UBFC_PHYS_s13_T2_ctrl,132,101,135.36666666666667,-0.3678934872150421,0.13979451931993508
UBFC_PHYS_s13_T2_ctrl,132,102,135.4,-0.31981372833251953,0.12049146787164002
UBFC_PHYS_s13_T2_ctrl,132,103,135.43333333333334,-0.2877352833747864,0.09486247562958436
UBFC_PHYS_s13_T2_ctrl,132,104,135.46666666666667,-0.196363627910614,0.058798981556502275
UBFC_PHYS_s13_T2_ctrl,132,105,135.5,-0.008114098571240902,0.00912617535996514
UBFC_PHYS_s13_T2_ctrl,132,106,135.53333333333333,0.21326503157615662,-0.054702119856189835
UBFC_PHYS_s13_T2_ctrl,132,107,135.56666666666666,0.38609978556632996,-0.12948175931452205
UBFC_PHYS_s13_T2_ctrl,132,108,135.6,0.48922526836395264,-0.20856883675684493
UBFC_PHYS_s13_T2_ctrl,132,109,135.63333333333333,0.5260718464851379,-0.28392794898645857
UBFC_PHYS_s13_T2_ctrl,132,110,135.66666666666666,0.5116159319877625,-0.3493489562623347
UBFC_PHYS_s13_T2_ctrl,132,111,135.7,0.4994666576385498,-0.4035495527257665
UBFC_PHYS_s13_T2_ctrl,132,112,135.73333333333332,0.5458461046218872,-0.45172000780930754
UBFC_PHYS_s13_T2_ctrl,132,113,135.76666666666668,0.6326473951339722,-0.5044512117224443
UBFC_PHYS_s13_T2_ctrl,132,114,135.8,0.6877458691596985,-0.5737462612490731
UBFC_PHYS_s13_T2_ctrl,132,115,135.83333333333334,0.7027025818824768,-0.6668712673244195
UBFC_PHYS_s13_T2_ctrl,132,116,135.86666666666667,0.7370777726173401,-0.7799721050731004
UBFC_PHYS_s13_T2_ctrl,132,117,135.9,0.8024176359176636,-0.8942140173489098
UBFC_PHYS_s13_T2_ctrl,132,118,135.93333333333334,0.8156608939170837,-0.9771071316470377
UBFC_PHYS_s13_T2_ctrl,132,119,135.96666666666667,0.7026301026344299,-0.9902138603579571
UBFC_PHYS_s13_T2_ctrl,132,120,136.0,0.5050420761108398,-0.9017702702941122
UBFC_PHYS_s13_T2_ctrl,132,121,136.03333333333333,0.3646910786628723,-0.7000080759794338
UBFC_PHYS_s13_T2_ctrl,132,122,136.06666666666666,0.3818160593509674,-0.40154767225110316
UBFC_PHYS_s13_T2_ctrl,132,123,136.1,0.4884146749973297,-0.050052040241621756
UBFC_PHYS_s13_T2_ctrl,132,124,136.13333333333333,0.47134241461753845,0.2963380776981472
UBFC_PHYS_s13_T2_ctrl,132,125,136.16666666666666,0.18888738751411438,0.5848306481136417
UBFC_PHYS_s13_T2_ctrl,132,126,136.2,-0.2669559717178345,0.7859202999897246
UBFC_PHYS_s13_T2_ctrl,132,127,136.23333333333332,-0.7294621467590332,0.90008873924852
UBFC_PHYS_s13_T2_ctrl,132,128,136.26666666666668,-1.1242461204528809,0.950583179435562
UBFC_PHYS_s13_T2_ctrl,132,129,136.3,-1.336121916770935,0.9677912718926733
UBFC_PHYS_s13_T2_ctrl,132,130,136.33333333333334,-1.2733094692230225,0.9741416423643962
UBFC_PHYS_s13_T2_ctrl,132,131,136.36666666666667,-1.1113356351852417,0.976291340210413
UBFC_PHYS_s13_T2_ctrl,132,132,136.4,-1.0753722190856934,0.9664245684755194
UBFC_PHYS_s13_T2_ctrl,132,133,136.43333333333334,-1.1096913814544678,0.9299465771136622
UBFC_PHYS_s13_T2_ctrl,132,134,136.46666666666667,-1.0796624422073364,0.8547925278537021
UBFC_PHYS_s13_T2_ctrl,132,135,136.5,-1.025282382965088,0.7380801858657097
UBFC_PHYS_s13_T2_ctrl,132,136,136.53333333333333,-1.0095117092132568,0.5878457337894796
UBFC_PHYS_s13_T2_ctrl,132,137,136.56666666666666,-1.0129320621490479,0.42002106349023716
UBFC_PHYS_s13_T2_ctrl,132,138,136.6,-1.079949140548706,0.2527165880814969
UBFC_PHYS_s13_T2_ctrl,132,139,136.63333333333333,-1.2851885557174683,0.10056312602709544
UBFC_PHYS_s13_T2_ctrl,132,140,136.66666666666666,-1.5132139921188354,-0.028785492876121345
UBFC_PHYS_s13_T2_ctrl,132,141,136.7,-1.528355360031128,-0.13524159176603834
UBFC_PHYS_s13_T2_ctrl,132,142,136.73333333333332,-1.3104327917099,-0.2244464554289581
UBFC_PHYS_s13_T2_ctrl,132,143,136.76666666666668,-1.0678229331970215,-0.3046722016850999
UBFC_PHYS_s13_T2_ctrl,132,144,136.8,-0.9125382900238037,-0.3837044520268363
UBFC_PHYS_s13_T2_ctrl,132,145,136.83333333333334,-0.7832524180412292,-0.4665361322134067
UBFC_PHYS_s13_T2_ctrl,132,146,136.86666666666667,-0.6134855151176453,-0.5541009036321727
UBFC_PHYS_s13_T2_ctrl,132,147,136.9,-0.36950811743736267,-0.6429164271872074
UBFC_PHYS_s13_T2_ctrl,132,148,136.93333333333334,-0.04452897608280182,-0.725569137780892
UBFC_PHYS_s13_T2_ctrl,132,149,136.96666666666667,0.2930014431476593,-0.7920907734754119
UBFC_PHYS_s13_T2_ctrl,132,150,137.0,0.5052891969680786,-0.8320846074004603
UBFC_PHYS_s13_T2_ctrl,132,151,137.03333333333333,0.48150140047073364,-0.8371134463871593
UBFC_PHYS_s13_T2_ctrl,132,152,137.06666666666666,0.2427007406949997,-0.8026961676831431
UBFC_PHYS_s13_T2_ctrl,132,153,137.1,-0.10463609546422958,-0.7293586995956939
UBFC_PHYS_s13_T2_ctrl,132,154,137.13333333333333,-0.4171100854873657,-0.6224627238645706
UBFC_PHYS_s13_T2_ctrl,132,155,137.16666666666666,-0.5635966658592224,-0.4908745022859603
UBFC_PHYS_s13_T2_ctrl,132,156,137.2,-0.49313613772392273,-0.3448515775035856
UBFC_PHYS_s13_T2_ctrl,132,157,137.23333333333332,-0.28399527072906494,-0.19379903065799473
UBFC_PHYS_s13_T2_ctrl,132,158,137.26666666666668,-0.08591625839471817,-0.04469676982307956
UBFC_PHYS_s13_T2_ctrl,132,159,137.3,0.0048952167853713036,0.09821514668747659
UBFC_PHYS_s13_T2_ctrl,132,160,137.33333333333334,-0.01468795444816351,0.2325318429254677
UBFC_PHYS_s13_T2_ctrl,132,161,137.36666666666667,-0.11495985090732574,0.3561993751510181
UBFC_PHYS_s13_T2_ctrl,132,162,137.4,-0.23813973367214203,0.4662401496893972
UBFC_PHYS_s13_T2_ctrl,132,163,137.43333333333334,-0.27828145027160645,0.5582466334787706
UBFC_PHYS_s13_T2_ctrl,132,164,137.46666666666667,-0.15247860550880432,0.6268660245273033
UBFC_PHYS_s13_T2_ctrl,132,165,137.5,0.09509049355983734,0.6671752228608695
UBFC_PHYS_s13_T2_ctrl,132,166,137.53333333333333,0.34721681475639343,0.6765428933720975
UBFC_PHYS_s13_T2_ctrl,132,167,137.56666666666666,0.5948386192321777,0.6562968934745291
UBFC_PHYS_s13_T2_ctrl,132,168,137.6,0.9510955214500427,0.6123631655647466
UBFC_PHYS_s13_T2_ctrl,132,169,137.63333333333333,1.4842500686645508,0.5542647143630942
UBFC_PHYS_s13_T2_ctrl,132,170,137.66666666666666,2.0770998001098633,0.4925463443971054
UBFC_PHYS_s13_T2_ctrl,132,171,137.7,2.491908550262451,0.4354661479426691
UBFC_PHYS_s13_T2_ctrl,132,172,137.73333333333332,2.657078742980957,0.38620508849301693
UBFC_PHYS_s13_T2_ctrl,132,173,137.76666666666668,2.796414852142334,0.34169763121504126
UBFC_PHYS_s13_T2_ctrl,132,174,137.8,3.020446538925171,0.2935725888832521
UBFC_PHYS_s13_T2_ctrl,132,175,137.83333333333334,3.0020034313201904,0.2309238693125658
UBFC_PHYS_s13_T2_ctrl,132,176,137.86666666666667,2.477541446685791,0.14403511809867606
UBFC_PHYS_s13_T2_ctrl,132,177,137.9,1.6940598487854004,0.027920924744095917
UBFC_PHYS_s13_T2_ctrl,132,178,137.93333333333334,1.128180980682373,-0.11536028280662673
UBFC_PHYS_s13_T2_ctrl,132,179,137.96666666666667,1.0002000331878662,-0.2762784244051918
UBFC_PHYS_s13_T2_ctrl,132,180,138.0,1.121649980545044,-0.43938375052586326
UBFC_PHYS_s13_T2_ctrl,132,181,138.03333333333333,1.1341221332550049,-0.5863707866097835
UBFC_PHYS_s13_T2_ctrl,132,182,138.06666666666666,0.9468216896057129,-0.6997959605944284
UBFC_PHYS_s13_T2_ctrl,132,183,138.1,0.7422446012496948,-0.7664924841854951
UBFC_PHYS_s13_T2_ctrl,132,184,138.13333333333333,0.6566855907440186,-0.7799243627040775
UBFC_PHYS_s13_T2_ctrl,132,185,138.16666666666666,0.6929653882980347,-0.7410675931084929
UBFC_PHYS_s13_T2_ctrl,132,186,138.2,0.7921465635299683,-0.6577472948539239
UBFC_PHYS_s13_T2_ctrl,132,187,138.23333333333332,0.8234143853187561,-0.5426675165668331
UBFC_PHYS_s13_T2_ctrl,132,188,138.26666666666668,0.6838937997817993,-0.41065583291150815
UBFC_PHYS_s13_T2_ctrl,132,189,138.3,0.4284294843673706,-0.275848910271062
UBFC_PHYS_s13_T2_ctrl,132,190,138.33333333333334,0.16898459196090698,-0.14955406423163004
UBFC_PHYS_s13_T2_ctrl,132,191,138.36666666666667,-0.08150403201580048,-0.03922021257575486
UBFC_PHYS_s13_T2_ctrl,132,192,138.4,-0.36442697048187256,0.051578759694895025
UBFC_PHYS_s13_T2_ctrl,132,193,138.43333333333334,-0.7009457945823669,0.12259587108247662
UBFC_PHYS_s13_T2_ctrl,132,194,138.46666666666667,-1.097054362297058,0.1761418636486339
UBFC_PHYS_s13_T2_ctrl,132,195,138.5,-1.4831291437149048,0.216146957643794
UBFC_PHYS_s13_T2_ctrl,132,196,138.53333333333333,-1.6396397352218628,0.24702004706524544
UBFC_PHYS_s13_T2_ctrl,132,197,138.56666666666666,-1.4591996669769287,0.27245288142402324
UBFC_PHYS_s13_T2_ctrl,132,198,138.6,-1.129198670387268,0.2945475289122152
UBFC_PHYS_s13_T2_ctrl,132,199,138.63333333333333,-0.8562271595001221,0.31360830069947043
UBFC_PHYS_s13_T2_ctrl,132,200,138.66666666666666,-0.6414779424667358,0.3285526948324752
UBFC_PHYS_s13_T2_ctrl,132,201,138.7,-0.38905173540115356,0.33755535658223984
UBFC_PHYS_s13_T2_ctrl,132,202,138.73333333333332,-0.15892724692821503,0.3386045764759863
UBFC_PHYS_s13_T2_ctrl,132,203,138.76666666666668,0.02202678471803665,0.32994822927222756
UBFC_PHYS_s13_T2_ctrl,132,204,138.8,0.22853483259677887,0.3105715576864756
UBFC_PHYS_s13_T2_ctrl,132,205,138.83333333333334,0.5595276355743408,0.2807493432148366
UBFC_PHYS_s13_T2_ctrl,132,206,138.86666666666667,0.8603960871696472,0.24245679035317033
UBFC_PHYS_s13_T2_ctrl,132,207,138.9,1.0077097415924072,0.19926490480220066
UBFC_PHYS_s13_T2_ctrl,132,208,138.93333333333334,1.0490707159042358,0.1554872623344535
UBFC_PHYS_s13_T2_ctrl,132,209,138.96666666666667,1.2158257961273193,0.11473819719741611
UBFC_PHYS_s13_T2_ctrl,132,210,139.0,1.5998609066009521,0.07848182455411648
UBFC_PHYS_s13_T2_ctrl,132,211,139.03333333333333,2.0985217094421387,0.04533008301516379
UBFC_PHYS_s13_T2_ctrl,132,212,139.06666666666666,2.2125244140625,0.011630111622102385
UBFC_PHYS_s13_T2_ctrl,132,213,139.1,0.894342839717865,-0.02665770586146382
UBFC_PHYS_s13_T2_ctrl,132,214,139.13333333333333,-0.8656216859817505,-0.07142042498317348
UBFC_PHYS_s13_T2_ctrl,132,215,139.16666666666666,-2.0175061225891113,-0.12028443929481655
UBFC_PHYS_s13_T2_ctrl,132,216,139.2,-2.640631914138794,-0.16608920417606848
UBFC_PHYS_s13_T2_ctrl,132,217,139.23333333333332,-2.884589672088623,-0.19859201970669826
UBFC_PHYS_s13_T2_ctrl,132,218,139.26666666666668,-2.7650113105773926,-0.20808680522293183
UBFC_PHYS_s13_T2_ctrl,132,219,139.3,-2.5898797512054443,-0.18962940055439303
UBFC_PHYS_s13_T2_ctrl,132,220,139.33333333333334,-2.534649610519409,-0.14606867459316822
UBFC_PHYS_s13_T2_ctrl,132,221,139.36666666666667,-2.4797191619873047,-0.08838044056729097
UBFC_PHYS_s13_T2_ctrl,132,222,139.4,-2.2121846675872803,-0.03283116416180939
UBFC_PHYS_s13_T2_ctrl,132,223,139.43333333333334,-1.8591372966766357,0.00417883932770321
UBFC_PHYS_s13_T2_ctrl,132,224,139.46666666666667,-1.6140692234039307,0.011708142704311333
UBFC_PHYS_s13_T2_ctrl,132,225,139.5,-1.4794220924377441,-0.0118896285262308
UBFC_PHYS_s13_T2_ctrl,132,226,139.53333333333333,-1.3116223812103271,-0.05847743089369635
UBFC_PHYS_s13_T2_ctrl,132,227,139.56666666666666,-1.1171252727508545,-0.11321298992197965
UBFC_PHYS_s13_T2_ctrl,132,228,139.6,-0.9768038988113403,-0.15982210893824209
UBFC_PHYS_s13_T2_ctrl,132,229,139.63333333333333,-0.9118561744689941,-0.18581876660118335
UBFC_PHYS_s13_T2_ctrl,132,230,139.66666666666666,-0.8341627717018127,-0.1857919406731287
UBFC_PHYS_s13_T2_ctrl,132,231,139.7,-0.7145317792892456,-0.16198025034113356
UBFC_PHYS_s13_T2_ctrl,132,232,139.73333333333332,-0.6041107177734375,-0.122387654387133
UBFC_PHYS_s13_T2_ctrl,132,233,139.76666666666668,-0.5149073004722595,-0.07738840120842716
UBFC_PHYS_s13_T2_ctrl,132,234,139.8,-0.41633573174476624,-0.03614006010023335
UBFC_PHYS_s13_T2_ctrl,132,235,139.83333333333334,-0.3005600571632385,-0.004097541703193845
UBFC_PHYS_s13_T2_ctrl,132,236,139.86666666666667,-0.19582322239875793,0.017571146823970953
UBFC_PHYS_s13_T2_ctrl,132,237,139.9,-0.11584625393152237,0.03075872888044775
UBFC_PHYS_s13_T2_ctrl,132,238,139.93333333333334,-0.05260542780160904,0.03840598508066395
UBFC_PHYS_s13_T2_ctrl,132,239,139.96666666666667,-0.0037611841689795256,0.043000300908708114
UBFC_PHYS_s13_T2_ctrl,133,0,133.0,-1.1396081447601318,0.00716385770267009
UBFC_PHYS_s13_T2_ctrl,133,1,133.03333333333333,-0.9595009684562683,-0.19699047491705432
UBFC_PHYS_s13_T2_ctrl,133,2,133.06666666666666,-0.5906137228012085,-0.3901842765979826
UBFC_PHYS_s13_T2_ctrl,133,3,133.1,-0.2809637188911438,-0.5630368729147324
UBFC_PHYS_s13_T2_ctrl,133,4,133.13333333333333,-0.08672357350587845,-0.7118759567863666
UBFC_PHYS_s13_T2_ctrl,133,5,133.16666666666666,0.04119805991649628,-0.8379479006572876
UBFC_PHYS_s13_T2_ctrl,133,6,133.2,0.12339267879724503,-0.9436052752229617
UBFC_PHYS_s13_T2_ctrl,133,7,133.23333333333332,0.16115528345108032,-1.0273335566152575
UBFC_PHYS_s13_T2_ctrl,133,8,133.26666666666668,0.15584346652030945,-1.0805219130483457
UBFC_PHYS_s13_T2_ctrl,133,9,133.3,0.11142133921384811,-1.088335504385019
UBFC_PHYS_s13_T2_ctrl,133,10,133.33333333333334,0.055383749306201935,-1.0351957040011115
UBFC_PHYS_s13_T2_ctrl,133,11,133.36666666666667,0.03347748517990112,-0.9129735511724644
UBFC_PHYS_s13_T2_ctrl,133,12,133.4,0.05146579444408417,-0.7281038545459572
UBFC_PHYS_s13_T2_ctrl,133,13,133.43333333333334,0.05179201811552048,-0.5035185314034106
UBFC_PHYS_s13_T2_ctrl,133,14,133.46666666666667,0.003129007760435343,-0.27315138864657534
UBFC_PHYS_s13_T2_ctrl,133,15,133.5,-0.0403902493417263,-0.07038875756581593
UBFC_PHYS_s13_T2_ctrl,133,16,133.53333333333333,-0.030956188216805458,0.08441250477282666
UBFC_PHYS_s13_T2_ctrl,133,17,133.56666666666666,-0.007385866716504097,0.19105157818468885
UBFC_PHYS_s13_T2_ctrl,133,18,133.6,-0.011218144558370113,0.26771864176775484
UBFC_PHYS_s13_T2_ctrl,133,19,133.63333333333333,-0.045415375381708145,0.3414482159484618
UBFC_PHYS_s13_T2_ctrl,133,20,133.66666666666666,-0.10591462254524231,0.4354041046371114
UBFC_PHYS_s13_T2_ctrl,133,21,133.7,-0.1684667468070984,0.5585938918489078
UBFC_PHYS_s13_T2_ctrl,133,22,133.73333333333332,-0.19445902109146118,0.7021152695565075
UBFC_PHYS_s13_T2_ctrl,133,23,133.76666666666668,-0.20399193465709686,0.8427963071714824
UBFC_PHYS_s13_T2_ctrl,133,24,133.8,-0.27373743057250977,0.9516153325345067
UBFC_PHYS_s13_T2_ctrl,133,25,133.83333333333334,-0.4193013608455658,1.0027185173592679
UBFC_PHYS_s13_T2_ctrl,133,26,133.86666666666667,-0.5704209804534912,0.9800562292651979
UBFC_PHYS_s13_T2_ctrl,133,27,133.9,-0.6699086427688599,0.8807623424559485
UBFC_PHYS_s13_T2_ctrl,133,28,133.93333333333334,-0.7644963264465332,0.7153616266261131
UBFC_PHYS_s13_T2_ctrl,133,29,133.96666666666667,-0.9585486650466919,0.5050384213954945
UBFC_PHYS_s13_T2_ctrl,133,30,134.0,-1.2329272031784058,0.2766405146934962
UBFC_PHYS_s13_T2_ctrl,133,31,134.03333333333333,-1.3417402505874634,0.056783045851919685
UBFC_PHYS_s13_T2_ctrl,133,32,134.06666666666666,-1.0852082967758179,-0.13326434753206806
UBFC_PHYS_s13_T2_ctrl,133,33,134.1,-0.5723387598991394,-0.2806281385303915
UBFC_PHYS_s13_T2_ctrl,133,34,134.13333333333333,-0.02253703959286213,-0.38150043994546834
UBFC_PHYS_s13_T2_ctrl,133,35,134.16666666666666,0.5577318072319031,-0.43988786208044117
UBFC_PHYS_s13_T2_ctrl,133,36,134.2,1.2397817373275757,-0.46503057164370637
UBFC_PHYS_s13_T2_ctrl,133,37,134.23333333333332,1.8188081979751587,-0.46807802205358945
UBFC_PHYS_s13_T2_ctrl,133,38,134.26666666666668,1.8953253030776978,-0.4589351083407628
UBFC_PHYS_s13_T2_ctrl,133,39,134.3,1.383793592453003,-0.4442831972854398
UBFC_PHYS_s13_T2_ctrl,133,40,134.33333333333334,0.7335124015808105,-0.42711525615096635
UBFC_PHYS_s13_T2_ctrl,133,41,134.36666666666667,0.46109774708747864,-0.4073197518602068
UBFC_PHYS_s13_T2_ctrl,133,42,134.4,0.5733607411384583,-0.3826667188438169
UBFC_PHYS_s13_T2_ctrl,133,43,134.43333333333334,0.6726638674736023,-0.34984919902071643
UBFC_PHYS_s13_T2_ctrl,133,44,134.46666666666667,0.5604733824729919,-0.30551630997573054
UBFC_PHYS_s13_T2_ctrl,133,45,134.5,0.3297227919101715,-0.2473324228935585
UBFC_PHYS_s13_T2_ctrl,133,46,134.53333333333333,0.034192536026239395,-0.17504460879747066
UBFC_PHYS_s13_T2_ctrl,133,47,134.56666666666666,-0.26164087653160095,-0.09135803009075712
UBFC_PHYS_s13_T2_ctrl,133,48,134.6,-0.40289145708084106,-0.002210216861352015
UBFC_PHYS_s13_T2_ctrl,133,49,134.63333333333333,-0.38978326320648193,0.083946340080965
UBFC_PHYS_s13_T2_ctrl,133,50,134.66666666666666,-0.3900238275527954,0.157871190310212
UBFC_PHYS_s13_T2_ctrl,133,51,134.7,-0.4561149477958679,0.2117976934150021
UBFC_PHYS_s13_T2_ctrl,133,52,134.73333333333332,-0.48787376284599304,0.24146004294528386
UBFC_PHYS_s13_T2_ctrl,133,53,134.76666666666668,-0.44431498646736145,0.24711226852069346
UBFC_PHYS_s13_T2_ctrl,133,54,134.8,-0.3925611078739166,0.23304244025252804
UBFC_PHYS_s13_T2_ctrl,133,55,134.83333333333334,-0.34807637333869934,0.205670620046648
UBFC_PHYS_s13_T2_ctrl,133,56,134.86666666666667,-0.257139652967453,0.17105484177062988
UBFC_PHYS_s13_T2_ctrl,133,57,134.9,-0.12336911261081696,0.13300890447254082
UBFC_PHYS_s13_T2_ctrl,133,58,134.93333333333334,-0.026125473901629448,0.09269463570110956
UBFC_PHYS_s13_T2_ctrl,133,59,134.96666666666667,-0.011198373511433601,0.049723099787005974
UBFC_PHYS_s13_T2_ctrl,133,60,135.0,-0.045678988099098206,0.004018263664268796
UBFC_PHYS_s13_T2_ctrl,133,61,135.03333333333333,-0.07709180563688278,-0.04260452664850063
UBFC_PHYS_s13_T2_ctrl,133,62,135.06666666666666,-0.09567324817180634,-0.08590332102758845
UBFC_PHYS_s13_T2_ctrl,133,63,135.1,-0.13456937670707703,-0.11990825382190927
UBFC_PHYS_s13_T2_ctrl,133,64,135.13333333333333,-0.22123554348945618,-0.13855974621393685
UBFC_PHYS_s13_T2_ctrl,133,65,135.16666666666666,-0.33875104784965515,-0.13762695625927462
UBFC_PHYS_s13_T2_ctrl,133,66,135.2,-0.449550986289978,-0.1160191472513369
UBFC_PHYS_s13_T2_ctrl,133,67,135.23333333333332,-0.5289644598960876,-0.07580526946113945
UBFC_PHYS_s13_T2_ctrl,133,68,135.26666666666668,-0.5581398606300354,-0.02099389276540011
UBFC_PHYS_s13_T2_ctrl,133,69,135.3,-0.5257484316825867,0.04410542670972738
UBFC_PHYS_s13_T2_ctrl,133,70,135.33333333333334,-0.44884252548217773,0.11589114001433817
UBFC_PHYS_s13_T2_ctrl,133,71,135.36666666666667,-0.3678934872150421,0.19119257888825386
UBFC_PHYS_s13_T2_ctrl,133,72,135.4,-0.31981372833251953,0.265813118061012
UBFC_PHYS_s13_T2_ctrl,133,73,135.43333333333334,-0.2877352833747864,0.33283751081130597
UBFC_PHYS_s13_T2_ctrl,133,74,135.46666666666667,-0.196363627910614,0.3821555950324985
UBFC_PHYS_s13_T2_ctrl,133,75,135.5,-0.008114098571240902,0.4023140273378955
UBFC_PHYS_s13_T2_ctrl,133,76,135.53333333333333,0.21326503157615662,0.38451556955721056
UBFC_PHYS_s13_T2_ctrl,133,77,135.56666666666666,0.38609978556632996,0.32706158296522186
UBFC_PHYS_s13_T2_ctrl,133,78,135.6,0.48922526836395264,0.23776861335262514
UBFC_PHYS_s13_T2_ctrl,133,79,135.63333333333333,0.5260718464851379,0.132473452017918
UBFC_PHYS_s13_T2_ctrl,133,80,135.66666666666666,0.5116159319877625,0.029532625363566767
UBFC_PHYS_s13_T2_ctrl,133,81,135.7,0.4994666576385498,-0.05773892494746948
UBFC_PHYS_s13_T2_ctrl,133,82,135.73333333333332,0.5458461046218872,-0.12752179273505632
UBFC_PHYS_s13_T2_ctrl,133,83,135.76666666666668,0.6326473951339722,-0.19167951395940122
UBFC_PHYS_s13_T2_ctrl,133,84,135.8,0.6877458691596985,-0.27175615498398414
UBFC_PHYS_s13_T2_ctrl,133,85,135.83333333333334,0.7027025818824768,-0.38920067444271333
UBFC_PHYS_s13_T2_ctrl,133,86,135.86666666666667,0.7370777726173401,-0.5530442518182666
UBFC_PHYS_s13_T2_ctrl,133,87,135.9,0.8024176359176636,-0.7501457984475006
UBFC_PHYS_s13_T2_ctrl,133,88,135.93333333333334,0.8156608939170837,-0.9428822195509061
UBFC_PHYS_s13_T2_ctrl,133,89,135.96666666666667,0.7026301026344299,-1.0767228371634536
UBFC_PHYS_s13_T2_ctrl,133,90,136.0,0.5050420761108398,-1.0963774732273732
UBFC_PHYS_s13_T2_ctrl,133,91,136.03333333333333,0.3646910786628723,-0.9655495159440602
UBFC_PHYS_s13_T2_ctrl,133,92,136.06666666666666,0.3818160593509674,-0.6831275937501436
UBFC_PHYS_s13_T2_ctrl,133,93,136.1,0.4884146749973297,-0.28869256635126056
UBFC_PHYS_s13_T2_ctrl,133,94,136.13333333333333,0.47134241461753845,0.1469411074083579
UBFC_PHYS_s13_T2_ctrl,133,95,136.16666666666666,0.18888738751411438,0.5442340836057075
UBFC_PHYS_s13_T2_ctrl,133,96,136.2,-0.2669559717178345,0.8410064048514375
UBFC_PHYS_s13_T2_ctrl,133,97,136.23333333333332,-0.7294621467590332,1.0097972505342412
UBFC_PHYS_s13_T2_ctrl,133,98,136.26666666666668,-1.1242461204528809,1.0596549177591945
UBFC_PHYS_s13_T2_ctrl,133,99,136.3,-1.336121916770935,1.0244095628939593
UBFC_PHYS_s13_T2_ctrl,133,100,136.33333333333334,-1.2733094692230225,0.9450129882780379
UBFC_PHYS_s13_T2_ctrl,133,101,136.36666666666667,-1.1113356351852417,0.8539847729779104
UBFC_PHYS_s13_T2_ctrl,133,102,136.4,-1.0753722190856934,0.7670951132616349
UBFC_PHYS_s13_T2_ctrl,133,103,136.43333333333334,-1.1096913814544678,0.683346180969712
UBFC_PHYS_s13_T2_ctrl,133,104,136.46666666666667,-1.0796624422073364,0.590976838341478
UBFC_PHYS_s13_T2_ctrl,133,105,136.5,-1.025282382965088,0.47569459278193643
UBFC_PHYS_s13_T2_ctrl,133,106,136.53333333333333,-1.0095117092132568,0.3277086436626289
UBFC_PHYS_s13_T2_ctrl,133,107,136.56666666666666,-1.0129320621490479,0.14560030815117897
UBFC_PHYS_s13_T2_ctrl,133,108,136.6,-1.079949140548706,-0.06334799257925924
UBFC_PHYS_s13_T2_ctrl,133,109,136.63333333333333,-1.2851885557174683,-0.2855139860607972
UBFC_PHYS_s13_T2_ctrl,133,110,136.66666666666666,-1.5132139921188354,-0.5044284783995212
UBFC_PHYS_s13_T2_ctrl,133,111,136.7,-1.528355360031128,-0.7038283369826676
UBFC_PHYS_s13_T2_ctrl,133,112,136.73333333333332,-1.3104327917099,-0.8693636118808261
UBFC_PHYS_s13_T2_ctrl,133,113,136.76666666666668,-1.0678229331970215,-0.989024640242832
UBFC_PHYS_s13_T2_ctrl,133,114,136.8,-0.9125382900238037,-1.0531128053321126
UBFC_PHYS_s13_T2_ctrl,133,115,136.83333333333334,-0.7832524180412292,-1.0547072391718288
UBFC_PHYS_s13_T2_ctrl,133,116,136.86666666666667,-0.6134855151176453,-0.9910171911404431
UBFC_PHYS_s13_T2_ctrl,133,117,136.9,-0.36950811743736267,-0.8651765248123843
UBFC_PHYS_s13_T2_ctrl,133,118,136.93333333333334,-0.04452897608280182,-0.6874744112232217
UBFC_PHYS_s13_T2_ctrl,133,119,136.96666666666667,0.2930014431476593,-0.47499095878322267
UBFC_PHYS_s13_T2_ctrl,133,120,137.0,0.5052891969680786,-0.2491189706567517
UBFC_PHYS_s13_T2_ctrl,133,121,137.03333333333333,0.48150140047073364,-0.031329130509047516
UBFC_PHYS_s13_T2_ctrl,133,122,137.06666666666666,0.2427007406949997,0.1615645885516521
UBFC_PHYS_s13_T2_ctrl,133,123,137.1,-0.10463609546422958,0.320908612872437
UBFC_PHYS_s13_T2_ctrl,133,124,137.13333333333333,-0.4171100854873657,0.44703113611493456
UBFC_PHYS_s13_T2_ctrl,133,125,137.16666666666666,-0.5635966658592224,0.5469520678079809
UBFC_PHYS_s13_T2_ctrl,133,126,137.2,-0.49313613772392273,0.6299105287839797
UBFC_PHYS_s13_T2_ctrl,133,127,137.23333333333332,-0.28399527072906494,0.7025955198693743
UBFC_PHYS_s13_T2_ctrl,133,128,137.26666666666668,-0.08591625839471817,0.7659645919319862
UBFC_PHYS_s13_T2_ctrl,133,129,137.3,0.0048952167853713036,0.8146629742805446
UBFC_PHYS_s13_T2_ctrl,133,130,137.33333333333334,-0.01468795444816351,0.8388603362749663
UBFC_PHYS_s13_T2_ctrl,133,131,137.36666666666667,-0.11495985090732574,0.8274901259979411
UBFC_PHYS_s13_T2_ctrl,133,132,137.4,-0.23813973367214203,0.7717738739899769
UBFC_PHYS_s13_T2_ctrl,133,133,137.43333333333334,-0.27828145027160645,0.6682618606671618
UBFC_PHYS_s13_T2_ctrl,133,134,137.46666666666667,-0.15247860550880432,0.5209311695022781
UBFC_PHYS_s13_T2_ctrl,133,135,137.5,0.09509049355983734,0.34194117500938676
UBFC_PHYS_s13_T2_ctrl,133,136,137.53333333333333,0.34721681475639343,0.1505754874802626
UBFC_PHYS_s13_T2_ctrl,133,137,137.56666666666666,0.5948386192321777,-0.029950183892730797
UBFC_PHYS_s13_T2_ctrl,133,138,137.6,0.9510955214500427,-0.17752202228603536
UBFC_PHYS_s13_T2_ctrl,133,139,137.63333333333333,1.4842500686645508,-0.27681432147566987
UBFC_PHYS_s13_T2_ctrl,133,140,137.66666666666666,2.0770998001098633,-0.3237430354829078
UBFC_PHYS_s13_T2_ctrl,133,141,137.7,2.491908550262451,-0.3268582687024791
UBFC_PHYS_s13_T2_ctrl,133,142,137.73333333333332,2.657078742980957,-0.3048508478241919
UBFC_PHYS_s13_T2_ctrl,133,143,137.76666666666668,2.796414852142334,-0.2808232048889092
UBFC_PHYS_s13_T2_ctrl,133,144,137.8,3.020446538925171,-0.2751768293322204
UBFC_PHYS_s13_T2_ctrl,133,145,137.83333333333334,3.0020034313201904,-0.29937572165812193
UBFC_PHYS_s13_T2_ctrl,133,146,137.86666666666667,2.477541446685791,-0.35239145689088786
UBFC_PHYS_s13_T2_ctrl,133,147,137.9,1.6940598487854004,-0.4207927682781884
UBFC_PHYS_s13_T2_ctrl,133,148,137.93333333333334,1.128180980682373,-0.48264737033317723
UBFC_PHYS_s13_T2_ctrl,133,149,137.96666666666667,1.0002000331878662,-0.514550871793101
UBFC_PHYS_s13_T2_ctrl,133,150,138.0,1.121649980545044,-0.5000263456211996
UBFC_PHYS_s13_T2_ctrl,133,151,138.03333333333333,1.1341221332550049,-0.43655410092662716
UBFC_PHYS_s13_T2_ctrl,133,152,138.06666666666666,0.9468216896057129,-0.3382351885730788
UBFC_PHYS_s13_T2_ctrl,133,153,138.1,0.7422446012496948,-0.23221284494549357
UBFC_PHYS_s13_T2_ctrl,133,154,138.13333333333333,0.6566855907440186,-0.14946852977266595
UBFC_PHYS_s13_T2_ctrl,133,155,138.16666666666666,0.6929653882980347,-0.11334372213126523
UBFC_PHYS_s13_T2_ctrl,133,156,138.2,0.7921465635299683,-0.1305835791469168
UBFC_PHYS_s13_T2_ctrl,133,157,138.23333333333332,0.8234143853187561,-0.1888349461407406
UBFC_PHYS_s13_T2_ctrl,133,158,138.26666666666668,0.6838937997817993,-0.26156429072457876
UBFC_PHYS_s13_T2_ctrl,133,159,138.3,0.4284294843673706,-0.3180439639319601
UBFC_PHYS_s13_T2_ctrl,133,160,138.33333333333334,0.16898459196090698,-0.33420204430269673
UBFC_PHYS_s13_T2_ctrl,133,161,138.36666666666667,-0.08150403201580048,-0.3001392365839288
UBFC_PHYS_s13_T2_ctrl,133,162,138.4,-0.36442697048187256,-0.221582731502509
UBFC_PHYS_s13_T2_ctrl,133,163,138.43333333333334,-0.7009457945823669,-0.1150968545341867
UBFC_PHYS_s13_T2_ctrl,133,164,138.46666666666667,-1.097054362297058,0.0002814589877459441
UBFC_PHYS_s13_T2_ctrl,133,165,138.5,-1.4831291437149048,0.11070991194615507
UBFC_PHYS_s13_T2_ctrl,133,166,138.53333333333333,-1.6396397352218628,0.21097119785600188
UBFC_PHYS_s13_T2_ctrl,133,167,138.56666666666666,-1.4591996669769287,0.302733715020957
UBFC_PHYS_s13_T2_ctrl,133,168,138.6,-1.129198670387268,0.3896385222422436
UBFC_PHYS_s13_T2_ctrl,133,169,138.63333333333333,-0.8562271595001221,0.4726524567480053
UBFC_PHYS_s13_T2_ctrl,133,170,138.66666666666666,-0.6414779424667358,0.5482500506185392
UBFC_PHYS_s13_T2_ctrl,133,171,138.7,-0.38905173540115356,0.6097922944898945
UBFC_PHYS_s13_T2_ctrl,133,172,138.73333333333332,-0.15892724692821503,0.6506270866493535
UBFC_PHYS_s13_T2_ctrl,133,173,138.76666666666668,0.02202678471803665,0.66689666004125
UBFC_PHYS_s13_T2_ctrl,133,174,138.8,0.22853483259677887,0.6587742898703328
UBFC_PHYS_s13_T2_ctrl,133,175,138.83333333333334,0.5595276355743408,0.6299749404047739
UBFC_PHYS_s13_T2_ctrl,133,176,138.86666666666667,0.8603960871696472,0.5860450027203359
UBFC_PHYS_s13_T2_ctrl,133,177,138.9,1.0077097415924072,0.5321708899321004
UBFC_PHYS_s13_T2_ctrl,133,178,138.93333333333334,1.0490707159042358,0.4713579738345497
UBFC_PHYS_s13_T2_ctrl,133,179,138.96666666666667,1.2158257961273193,0.40367866252428575
UBFC_PHYS_s13_T2_ctrl,133,180,139.0,1.5998609066009521,0.32675617238796384
UBFC_PHYS_s13_T2_ctrl,133,181,139.03333333333333,2.0985217094421387,0.23713808622963467
UBFC_PHYS_s13_T2_ctrl,133,182,139.06666666666666,2.2125244140625,0.13208828347388618
UBFC_PHYS_s13_T2_ctrl,133,183,139.1,0.894342839717865,0.011391411242251938
UBFC_PHYS_s13_T2_ctrl,133,184,139.13333333333333,-0.8656216859817505,-0.12127205691588815
UBFC_PHYS_s13_T2_ctrl,133,185,139.16666666666666,-2.0175061225891113,-0.25785423791510254
UBFC_PHYS_s13_T2_ctrl,133,186,139.2,-2.640631914138794,-0.3866811594345058
UBFC_PHYS_s13_T2_ctrl,133,187,139.23333333333332,-2.884589672088623,-0.49443561659333474
UBFC_PHYS_s13_T2_ctrl,133,188,139.26666666666668,-2.7650113105773926,-0.5691290749957942
UBFC_PHYS_s13_T2_ctrl,133,189,139.3,-2.5898797512054443,-0.6034362847196367
UBFC_PHYS_s13_T2_ctrl,133,190,139.33333333333334,-2.534649610519409,-0.5973295454878182
UBFC_PHYS_s13_T2_ctrl,133,191,139.36666666666667,-2.4797191619873047,-0.558875562924896
UBFC_PHYS_s13_T2_ctrl,133,192,139.4,-2.2121846675872803,-0.5026325565941406
UBFC_PHYS_s13_T2_ctrl,133,193,139.43333333333334,-1.8591372966766357,-0.4459510297195825
UBFC_PHYS_s13_T2_ctrl,133,194,139.46666666666667,-1.6140692234039307,-0.40413667886480625
UBFC_PHYS_s13_T2_ctrl,133,195,139.5,-1.4794220924377441,-0.38577619723378703
UBFC_PHYS_s13_T2_ctrl,133,196,139.53333333333333,-1.3116223812103271,-0.38961569689774733
UBFC_PHYS_s13_T2_ctrl,133,197,139.56666666666666,-1.1171252727508545,-0.4041519495938761
UBFC_PHYS_s13_T2_ctrl,133,198,139.6,-0.9768038988113403,-0.41047537769414527
UBFC_PHYS_s13_T2_ctrl,133,199,139.63333333333333,-0.9118561744689941,-0.3879701595997273
UBFC_PHYS_s13_T2_ctrl,133,200,139.66666666666666,-0.8341627717018127,-0.3214522157432096
UBFC_PHYS_s13_T2_ctrl,133,201,139.7,-0.7145317792892456,-0.20752161530014673
UBFC_PHYS_s13_T2_ctrl,133,202,139.73333333333332,-0.6041107177734375,-0.057678458726298176
UBFC_PHYS_s13_T2_ctrl,133,203,139.76666666666668,-0.5149073004722595,0.10359731710131721
UBFC_PHYS_s13_T2_ctrl,133,204,139.8,-0.41633573174476624,0.2459865453729751
UBFC_PHYS_s13_T2_ctrl,133,205,139.83333333333334,-0.3005600571632385,0.3435796261230237
UBFC_PHYS_s13_T2_ctrl,133,206,139.86666666666667,-0.19582322239875793,0.38411249279028475
UBFC_PHYS_s13_T2_ctrl,133,207,139.9,-0.11584625393152237,0.37302895264974534
UBFC_PHYS_s13_T2_ctrl,133,208,139.93333333333334,-0.05260542780160904,0.33075588627944114
UBFC_PHYS_s13_T2_ctrl,133,209,139.96666666666667,-0.0037611841689795256,0.2848322860481235
UBFC_PHYS_s13_T2_ctrl,133,210,140.0,0.025200027972459793,0.26027942437513124
UBFC_PHYS_s13_T2_ctrl,133,211,140.03333333333333,0.024455321952700615,0.27154616533075165
UBFC_PHYS_s13_T2_ctrl,133,212,140.06666666666666,-0.008219543844461441,0.3183081679535532
UBFC_PHYS_s13_T2_ctrl,133,213,140.1,-0.07280479371547699,0.38601851167101847
UBFC_PHYS_s13_T2_ctrl,133,214,140.13333333333333,-0.15258075296878815,0.45076518934763027
UBFC_PHYS_s13_T2_ctrl,133,215,140.16666666666666,-0.2080812305212021,0.48676286765998267
UBFC_PHYS_s13_T2_ctrl,133,216,140.2,-0.19398123025894165,0.47390372570599226
UBFC_PHYS_s13_T2_ctrl,133,217,140.23333333333332,-0.09392350912094116,0.40290360005807274
UBFC_PHYS_s13_T2_ctrl,133,218,140.26666666666668,0.06673230230808258,0.2769471236062048
UBFC_PHYS_s13_T2_ctrl,133,219,140.3,0.2424832582473755,0.11035028444226408
UBFC_PHYS_s13_T2_ctrl,133,220,140.33333333333334,0.4152982234954834,-0.07450633641128306
UBFC_PHYS_s13_T2_ctrl,133,221,140.36666666666667,0.5872564911842346,-0.25094766589106704
UBFC_PHYS_s13_T2_ctrl,133,222,140.4,0.760028600692749,-0.39207476617225195
UBFC_PHYS_s13_T2_ctrl,133,223,140.43333333333334,0.9331269860267639,-0.47517325920338793
UBFC_PHYS_s13_T2_ctrl,133,224,140.46666666666667,1.1135141849517822,-0.48638528891875227
UBFC_PHYS_s13_T2_ctrl,133,225,140.5,1.289258599281311,-0.42487707371432515
UBFC_PHYS_s13_T2_ctrl,133,226,140.53333333333333,1.424782156944275,-0.3049011539956175
UBFC_PHYS_s13_T2_ctrl,133,227,140.56666666666666,1.4871629476547241,-0.15403919842429187
UBFC_PHYS_s13_T2_ctrl,133,228,140.6,1.496883749961853,-0.00704998800053923
UBFC_PHYS_s13_T2_ctrl,133,229,140.63333333333333,1.5302505493164062,0.10330806489872427
UBFC_PHYS_s13_T2_ctrl,133,230,140.66666666666666,1.6793403625488281,0.1554232426730887
UBFC_PHYS_s13_T2_ctrl,133,231,140.7,1.8815382719039917,0.14453675799144414
UBFC_PHYS_s13_T2_ctrl,133,232,140.73333333333332,1.9309394359588623,0.08297699404014335
UBFC_PHYS_s13_T2_ctrl,133,233,140.76666666666668,1.7708470821380615,-0.0047805613691577434
UBFC_PHYS_s13_T2_ctrl,133,234,140.8,1.6308618783950806,-0.08995144916414984
UBFC_PHYS_s13_T2_ctrl,133,235,140.83333333333334,1.6619747877120972,-0.14728979710742368
UBFC_PHYS_s13_T2_ctrl,133,236,140.86666666666667,1.7303396463394165,-0.16091622940588074
UBFC_PHYS_s13_T2_ctrl,133,237,140.9,1.7718290090560913,-0.1273346860617657
UBFC_PHYS_s13_T2_ctrl,133,238,140.93333333333334,1.9378361701965332,-0.05547743342452022
UBFC_PHYS_s13_T2_ctrl,133,239,140.96666666666667,2.3653905391693115,0.03603354089572201
UBFC_PHYS_s13_T2_ctrl,134,0,134.0,-1.2329272031784058,-0.018543164245996446
UBFC_PHYS_s13_T2_ctrl,134,1,134.03333333333333,-1.3417402505874634,-0.11539175703171352
UBFC_PHYS_s13_T2_ctrl,134,2,134.06666666666666,-1.0852082967758179,-0.18958692546800496
UBFC_PHYS_s13_T2_ctrl,134,3,134.1,-0.5723387598991394,-0.22465896997205834
UBFC_PHYS_s13_T2_ctrl,134,4,134.13333333333333,-0.02253703959286213,-0.21571067248954065
UBFC_PHYS_s13_T2_ctrl,134,5,134.16666666666666,0.5577318072319031,-0.17001564625743792
UBFC_PHYS_s13_T2_ctrl,134,6,134.2,1.2397817373275757,-0.10370496747251848
UBFC_PHYS_s13_T2_ctrl,134,7,134.23333333333332,1.8188081979751587,-0.03633481128076919
UBFC_PHYS_s13_T2_ctrl,134,8,134.26666666666668,1.8953253030776978,0.014647281372183841
UBFC_PHYS_s13_T2_ctrl,134,9,134.3,1.383793592453003,0.03822710066571342
UBFC_PHYS_s13_T2_ctrl,134,10,134.33333333333334,0.7335124015808105,0.03217931602314439
UBFC_PHYS_s13_T2_ctrl,134,11,134.36666666666667,0.46109774708747864,0.002989120884494598
UBFC_PHYS_s13_T2_ctrl,134,12,134.4,0.5733607411384583,-0.036694394340734134
UBFC_PHYS_s13_T2_ctrl,134,13,134.43333333333334,0.6726638674736023,-0.07240409688152868
UBFC_PHYS_s13_T2_ctrl,134,14,134.46666666666667,0.5604733824729919,-0.0925747748287258
UBFC_PHYS_s13_T2_ctrl,134,15,134.5,0.3297227919101715,-0.0919268902244914
UBFC_PHYS_s13_T2_ctrl,134,16,134.53333333333333,0.034192536026239395,-0.07233205007985248
UBFC_PHYS_s13_T2_ctrl,134,17,134.56666666666666,-0.26164087653160095,-0.04103764809937056
UBFC_PHYS_s13_T2_ctrl,134,18,134.6,-0.40289145708084106,-0.007171997099828125
UBFC_PHYS_s13_T2_ctrl,134,19,134.63333333333333,-0.38978326320648193,0.0218926295490448
UBFC_PHYS_s13_T2_ctrl,134,20,134.66666666666666,-0.3900238275527954,0.042710977605358635
UBFC_PHYS_s13_T2_ctrl,134,21,134.7,-0.4561149477958679,0.05562732548238684
UBFC_PHYS_s13_T2_ctrl,134,22,134.73333333333332,-0.48787376284599304,0.06280401273989293
UBFC_PHYS_s13_T2_ctrl,134,23,134.76666666666668,-0.44431498646736145,0.06588021163461998
UBFC_PHYS_s13_T2_ctrl,134,24,134.8,-0.3925611078739166,0.06469171461326505
UBFC_PHYS_s13_T2_ctrl,134,25,134.83333333333334,-0.34807637333869934,0.057667648479788225
UBFC_PHYS_s13_T2_ctrl,134,26,134.86666666666667,-0.257139652967453,0.04357098488923068
UBFC_PHYS_s13_T2_ctrl,134,27,134.9,-0.12336911261081696,0.02355882911102836
UBFC_PHYS_s13_T2_ctrl,134,28,134.93333333333334,-0.026125473901629448,0.002314351861308504
UBFC_PHYS_s13_T2_ctrl,134,29,134.96666666666667,-0.011198373511433601,-0.012589744528207514
UBFC_PHYS_s13_T2_ctrl,134,30,135.0,-0.045678988099098206,-0.013006232254249576
UBFC_PHYS_s13_T2_ctrl,134,31,135.03333333333333,-0.07709180563688278,0.006792887410374364
UBFC_PHYS_s13_T2_ctrl,134,32,135.06666666666666,-0.09567324817180634,0.047780414396148795
UBFC_PHYS_s13_T2_ctrl,134,33,135.1,-0.13456937670707703,0.10546394782259633
UBFC_PHYS_s13_T2_ctrl,134,34,135.13333333333333,-0.22123554348945618,0.17096781413531384
UBFC_PHYS_s13_T2_ctrl,134,35,135.16666666666666,-0.33875104784965515,0.2333599497439696
UBFC_PHYS_s13_T2_ctrl,134,36,135.2,-0.449550986289978,0.28241394611401704
UBFC_PHYS_s13_T2_ctrl,134,37,135.23333333333332,-0.5289644598960876,0.3110457824458335
UBFC_PHYS_s13_T2_ctrl,134,38,135.26666666666668,-0.5581398606300354,0.31678593413320844
UBFC_PHYS_s13_T2_ctrl,134,39,135.3,-0.5257484316825867,0.3019124967951724
UBFC_PHYS_s13_T2_ctrl,134,40,135.33333333333334,-0.44884252548217773,0.27233169373599425
UBFC_PHYS_s13_T2_ctrl,134,41,135.36666666666667,-0.3678934872150421,0.23564091985754504
UBFC_PHYS_s13_T2_ctrl,134,42,135.4,-0.31981372833251953,0.1988387738358597
UBFC_PHYS_s13_T2_ctrl,134,43,135.43333333333334,-0.2877352833747864,0.16616760031657762
UBFC_PHYS_s13_T2_ctrl,134,44,135.46666666666667,-0.196363627910614,0.13779443558439913
UBFC_PHYS_s13_T2_ctrl,134,45,135.5,-0.008114098571240902,0.10999549994777962
UBFC_PHYS_s13_T2_ctrl,134,46,135.53333333333333,0.21326503157615662,0.07684374236369637
UBFC_PHYS_s13_T2_ctrl,134,47,135.56666666666666,0.38609978556632996,0.03258519577446918
UBFC_PHYS_s13_T2_ctrl,134,48,135.6,0.48922526836395264,-0.02641623224567522
UBFC_PHYS_s13_T2_ctrl,134,49,135.63333333333333,0.5260718464851379,-0.1009908894931035
UBFC_PHYS_s13_T2_ctrl,134,50,135.66666666666666,0.5116159319877625,-0.18989361505882438
UBFC_PHYS_s13_T2_ctrl,134,51,135.7,0.4994666576385498,-0.29129553304445915
UBFC_PHYS_s13_T2_ctrl,134,52,135.73333333333332,0.5458461046218872,-0.40376574021180767
UBFC_PHYS_s13_T2_ctrl,134,53,135.76666666666668,0.6326473951339722,-0.5256548466111399
UBFC_PHYS_s13_T2_ctrl,134,54,135.8,0.6877458691596985,-0.6529087259730091
UBFC_PHYS_s13_T2_ctrl,134,55,135.83333333333334,0.7027025818824768,-0.7765171335486931
UBFC_PHYS_s13_T2_ctrl,134,56,135.86666666666667,0.7370777726173401,-0.8811505172898968
UBFC_PHYS_s13_T2_ctrl,134,57,135.9,0.8024176359176636,-0.9461513758607849
UBFC_PHYS_s13_T2_ctrl,134,58,135.93333333333334,0.8156608939170837,-0.9493539450303287
UBFC_PHYS_s13_T2_ctrl,134,59,135.96666666666667,0.7026301026344299,-0.8732378949522113
UBFC_PHYS_s13_T2_ctrl,134,60,136.0,0.5050420761108398,-0.7117541525424649
UBFC_PHYS_s13_T2_ctrl,134,61,136.03333333333333,0.3646910786628723,-0.47536721096696394
UBFC_PHYS_s13_T2_ctrl,134,62,136.06666666666666,0.3818160593509674,-0.1919519728197765
UBFC_PHYS_s13_T2_ctrl,134,63,136.1,0.4884146749973297,0.09795409199640466
UBFC_PHYS_s13_T2_ctrl,134,64,136.13333333333333,0.47134241461753845,0.3514989615753668
UBFC_PHYS_s13_T2_ctrl,134,65,136.16666666666666,0.18888738751411438,0.5366966984124858
UBFC_PHYS_s13_T2_ctrl,134,66,136.2,-0.2669559717178345,0.642611538510342
UBFC_PHYS_s13_T2_ctrl,134,67,136.23333333333332,-0.7294621467590332,0.6808313335096109
UBFC_PHYS_s13_T2_ctrl,134,68,136.26666666666668,-1.1242461204528809,0.6774553404687126
UBFC_PHYS_s13_T2_ctrl,134,69,136.3,-1.336121916770935,0.6604563409269676
UBFC_PHYS_s13_T2_ctrl,134,70,136.33333333333334,-1.2733094692230225,0.6488829869939244
UBFC_PHYS_s13_T2_ctrl,134,71,136.36666666666667,-1.1113356351852417,0.6480429118858131
UBFC_PHYS_s13_T2_ctrl,134,72,136.4,-1.0753722190856934,0.6512144186697089
UBFC_PHYS_s13_T2_ctrl,134,73,136.43333333333334,-1.1096913814544678,0.6456229614810315
UBFC_PHYS_s13_T2_ctrl,134,74,136.46666666666667,-1.0796624422073364,0.6193375626966282
UBFC_PHYS_s13_T2_ctrl,134,75,136.5,-1.025282382965088,0.5662642878173714
UBFC_PHYS_s13_T2_ctrl,134,76,136.53333333333333,-1.0095117092132568,0.487806143108107
UBFC_PHYS_s13_T2_ctrl,134,77,136.56666666666666,-1.0129320621490479,0.39129515274473703
UBFC_PHYS_s13_T2_ctrl,134,78,136.6,-1.079949140548706,0.2864559002634533
UBFC_PHYS_s13_T2_ctrl,134,79,136.63333333333333,-1.2851885557174683,0.18166749885319292
UBFC_PHYS_s13_T2_ctrl,134,80,136.66666666666666,-1.5132139921188354,0.0816077636900653
UBFC_PHYS_s13_T2_ctrl,134,81,136.7,-1.528355360031128,-0.012927398884558832
UBFC_PHYS_s13_T2_ctrl,134,82,136.73333333333332,-1.3104327917099,-0.10333752481686556
UBFC_PHYS_s13_T2_ctrl,134,83,136.76666666666668,-1.0678229331970215,-0.19083055648456007
UBFC_PHYS_s13_T2_ctrl,134,84,136.8,-0.9125382900238037,-0.27467267082278846
UBFC_PHYS_s13_T2_ctrl,134,85,136.83333333333334,-0.7832524180412292,-0.35189295020253536
UBFC_PHYS_s13_T2_ctrl,134,86,136.86666666666667,-0.6134855151176453,-0.41839414212194
UBFC_PHYS_s13_T2_ctrl,134,87,136.9,-0.36950811743736267,-0.47069396019603105
UBFC_PHYS_s13_T2_ctrl,134,88,136.93333333333334,-0.04452897608280182,-0.5072959294129199
UBFC_PHYS_s13_T2_ctrl,134,89,136.96666666666667,0.2930014431476593,-0.5289824743727969
UBFC_PHYS_s13_T2_ctrl,134,90,137.0,0.5052891969680786,-0.5379156089995276
UBFC_PHYS_s13_T2_ctrl,134,91,137.03333333333333,0.48150140047073364,-0.5360377916338281
UBFC_PHYS_s13_T2_ctrl,134,92,137.06666666666666,0.2427007406949997,-0.5236258299778344
UBFC_PHYS_s13_T2_ctrl,134,93,137.1,-0.10463609546422958,-0.4987987410339525
UBFC_PHYS_s13_T2_ctrl,134,94,137.13333333333333,-0.4171100854873657,-0.45831362975961126
UBFC_PHYS_s13_T2_ctrl,134,95,137.16666666666666,-0.5635966658592224,-0.3992891701393577
UBFC_PHYS_s13_T2_ctrl,134,96,137.2,-0.49313613772392273,-0.3209169835231417
UBFC_PHYS_s13_T2_ctrl,134,97,137.23333333333332,-0.28399527072906494,-0.22516384694004749
UBFC_PHYS_s13_T2_ctrl,134,98,137.26666666666668,-0.08591625839471817,-0.11607089725962452
UBFC_PHYS_s13_T2_ctrl,134,99,137.3,0.0048952167853713036,0.001857584804831859
UBFC_PHYS_s13_T2_ctrl,134,100,137.33333333333334,-0.01468795444816351,0.12508729681028072
UBFC_PHYS_s13_T2_ctrl,134,101,137.36666666666667,-0.11495985090732574,0.25129213448352494
UBFC_PHYS_s13_T2_ctrl,134,102,137.4,-0.23813973367214203,0.37811440237220884
UBFC_PHYS_s13_T2_ctrl,134,103,137.43333333333334,-0.27828145027160645,0.501114186414465
UBFC_PHYS_s13_T2_ctrl,134,104,137.46666666666667,-0.15247860550880432,0.6121828095261788
UBFC_PHYS_s13_T2_ctrl,134,105,137.5,0.09509049355983734,0.6996505306167605
UBFC_PHYS_s13_T2_ctrl,134,106,137.53333333333333,0.34721681475639343,0.7506066884810478
UBFC_PHYS_s13_T2_ctrl,134,107,137.56666666666666,0.5948386192321777,0.7548145550932895
UBFC_PHYS_s13_T2_ctrl,134,108,137.6,0.9510955214500427,0.7085551166430722
UBFC_PHYS_s13_T2_ctrl,134,109,137.63333333333333,1.4842500686645508,0.6164684027731777
UBFC_PHYS_s13_T2_ctrl,134,110,137.66666666666666,2.0770998001098633,0.4903187280419559
UBFC_PHYS_s13_T2_ctrl,134,111,137.7,2.491908550262451,0.3451410265691378
UBFC_PHYS_s13_T2_ctrl,134,112,137.73333333333332,2.657078742980957,0.19456659979488514
UBFC_PHYS_s13_T2_ctrl,134,113,137.76666666666668,2.796414852142334,0.0475258453339467
UBFC_PHYS_s13_T2_ctrl,134,114,137.8,3.020446538925171,-0.09226148940072093
UBFC_PHYS_s13_T2_ctrl,134,115,137.83333333333334,3.0020034313201904,-0.22407420746159243
UBFC_PHYS_s13_T2_ctrl,134,116,137.86666666666667,2.477541446685791,-0.3466845257528575
UBFC_PHYS_s13_T2_ctrl,134,117,137.9,1.6940598487854004,-0.4556514444246194
UBFC_PHYS_s13_T2_ctrl,134,118,137.93333333333334,1.128180980682373,-0.5431784509750258
UBFC_PHYS_s13_T2_ctrl,134,119,137.96666666666667,1.0002000331878662,-0.601002554575981
UBFC_PHYS_s13_T2_ctrl,134,120,138.0,1.121649980545044,-0.6249905022872623
UBFC_PHYS_s13_T2_ctrl,134,121,138.03333333333333,1.1341221332550049,-0.618804451135444
UBFC_PHYS_s13_T2_ctrl,134,122,138.06666666666666,0.9468216896057129,-0.5940399732742911
UBFC_PHYS_s13_T2_ctrl,134,123,138.1,0.7422446012496948,-0.5658292488248243
UBFC_PHYS_s13_T2_ctrl,134,124,138.13333333333333,0.6566855907440186,-0.5454222031309686
UBFC_PHYS_s13_T2_ctrl,134,125,138.16666666666666,0.6929653882980347,-0.5334014817900089
UBFC_PHYS_s13_T2_ctrl,134,126,138.2,0.7921465635299683,-0.5176090680160184
UBFC_PHYS_s13_T2_ctrl,134,127,138.23333333333332,0.8234143853187561,-0.47789648864896817
UBFC_PHYS_s13_T2_ctrl,134,128,138.26666666666668,0.6838937997817993,-0.396109285710371
UBFC_PHYS_s13_T2_ctrl,134,129,138.3,0.4284294843673706,-0.26645748932251556
UBFC_PHYS_s13_T2_ctrl,134,130,138.33333333333334,0.16898459196090698,-0.10074547708502019
UBFC_PHYS_s13_T2_ctrl,134,131,138.36666666666667,-0.08150403201580048,0.07466174578770073
UBFC_PHYS_s13_T2_ctrl,134,132,138.4,-0.36442697048187256,0.22897678529422752
UBFC_PHYS_s13_T2_ctrl,134,133,138.43333333333334,-0.7009457945823669,0.33932936829288357
UBFC_PHYS_s13_T2_ctrl,134,134,138.46666666666667,-1.097054362297058,0.39934325841437907
UBFC_PHYS_s13_T2_ctrl,134,135,138.5,-1.4831291437149048,0.4200841183200255
UBFC_PHYS_s13_T2_ctrl,134,136,138.53333333333333,-1.6396397352218628,0.42353281256059705
UBFC_PHYS_s13_T2_ctrl,134,137,138.56666666666666,-1.4591996669769287,0.4322545940113291
UBFC_PHYS_s13_T2_ctrl,134,138,138.6,-1.129198670387268,0.4600507226512478
UBFC_PHYS_s13_T2_ctrl,134,139,138.63333333333333,-0.8562271595001221,0.5072315620703804
UBFC_PHYS_s13_T2_ctrl,134,140,138.66666666666666,-0.6414779424667358,0.5618817139949295
UBFC_PHYS_s13_T2_ctrl,134,141,138.7,-0.38905173540115356,0.6059449706837945
UBFC_PHYS_s13_T2_ctrl,134,142,138.73333333333332,-0.15892724692821503,0.6229498153459397
UBFC_PHYS_s13_T2_ctrl,134,143,138.76666666666668,0.02202678471803665,0.6038121532895664
UBFC_PHYS_s13_T2_ctrl,134,144,138.8,0.22853483259677887,0.548710773051796
UBFC_PHYS_s13_T2_ctrl,134,145,138.83333333333334,0.5595276355743408,0.46526537350376873
UBFC_PHYS_s13_T2_ctrl,134,146,138.86666666666667,0.8603960871696472,0.3646598206280739
UBFC_PHYS_s13_T2_ctrl,134,147,138.9,1.0077097415924072,0.25761776498277844
UBFC_PHYS_s13_T2_ctrl,134,148,138.93333333333334,1.0490707159042358,0.1516499117369975
UBFC_PHYS_s13_T2_ctrl,134,149,138.96666666666667,1.2158257961273193,0.050166065951221764
UBFC_PHYS_s13_T2_ctrl,134,150,139.0,1.5998609066009521,-0.04675993696355661
UBFC_PHYS_s13_T2_ctrl,134,151,139.03333333333333,2.0985217094421387,-0.14066500461864032
UBFC_PHYS_s13_T2_ctrl,134,152,139.06666666666666,2.2125244140625,-0.23276111787538395
UBFC_PHYS_s13_T2_ctrl,134,153,139.1,0.894342839717865,-0.32235141785175114
UBFC_PHYS_s13_T2_ctrl,134,154,139.13333333333333,-0.8656216859817505,-0.40595807460742106
UBFC_PHYS_s13_T2_ctrl,134,155,139.16666666666666,-2.0175061225891113,-0.4773629695492557
UBFC_PHYS_s13_T2_ctrl,134,156,139.2,-2.640631914138794,-0.5286043308226074
UBFC_PHYS_s13_T2_ctrl,134,157,139.23333333333332,-2.884589672088623,-0.5517970054912209
UBFC_PHYS_s13_T2_ctrl,134,158,139.26666666666668,-2.7650113105773926,-0.5414437594135336
UBFC_PHYS_s13_T2_ctrl,134,159,139.3,-2.5898797512054443,-0.4966678545666871
UBFC_PHYS_s13_T2_ctrl,134,160,139.33333333333334,-2.534649610519409,-0.42260225263288065
UBFC_PHYS_s13_T2_ctrl,134,161,139.36666666666667,-2.4797191619873047,-0.33023774880420154
UBFC_PHYS_s13_T2_ctrl,134,162,139.4,-2.2121846675872803,-0.23446974988868943
UBFC_PHYS_s13_T2_ctrl,134,163,139.43333333333334,-1.8591372966766357,-0.1506654404653728
UBFC_PHYS_s13_T2_ctrl,134,164,139.46666666666667,-1.6140692234039307,-0.09054555413888073
UBFC_PHYS_s13_T2_ctrl,134,165,139.5,-1.4794220924377441,-0.05856065247627082
UBFC_PHYS_s13_T2_ctrl,134,166,139.53333333333333,-1.3116223812103271,-0.05017510890797493
UBFC_PHYS_s13_T2_ctrl,134,167,139.56666666666666,-1.1171252727508545,-0.053093712855268115
UBFC_PHYS_s13_T2_ctrl,134,168,139.6,-0.9768038988113403,-0.051307475151781086
UBFC_PHYS_s13_T2_ctrl,134,169,139.63333333333333,-0.9118561744689941,-0.030619078587574077
UBFC_PHYS_s13_T2_ctrl,134,170,139.66666666666666,-0.8341627717018127,0.016199725239443206
UBFC_PHYS_s13_T2_ctrl,134,171,139.7,-0.7145317792892456,0.08632253117123041
UBFC_PHYS_s13_T2_ctrl,134,172,139.73333333333332,-0.6041107177734375,0.16707326553911112
UBFC_PHYS_s13_T2_ctrl,134,173,139.76666666666668,-0.5149073004722595,0.2397551147012247
UBFC_PHYS_s13_T2_ctrl,134,174,139.8,-0.41633573174476624,0.28611263500353634
UBFC_PHYS_s13_T2_ctrl,134,175,139.83333333333334,-0.3005600571632385,0.2950833386602517
UBFC_PHYS_s13_T2_ctrl,134,176,139.86666666666667,-0.19582322239875793,0.2668804659807619
UBFC_PHYS_s13_T2_ctrl,134,177,139.9,-0.11584625393152237,0.21241418089773903
UBFC_PHYS_s13_T2_ctrl,134,178,139.93333333333334,-0.05260542780160904,0.14849495580425817
UBFC_PHYS_s13_T2_ctrl,134,179,139.96666666666667,-0.0037611841689795256,0.09141211122435673
UBFC_PHYS_s13_T2_ctrl,134,180,140.0,0.025200027972459793,0.051773975372840356
UBFC_PHYS_s13_T2_ctrl,134,181,140.03333333333333,0.024455321952700615,0.032325518225504626
UBFC_PHYS_s13_T2_ctrl,134,182,140.06666666666666,-0.008219543844461441,0.029001685938790097
UBFC_PHYS_s13_T2_ctrl,134,183,140.1,-0.07280479371547699,0.034266317077652535
UBFC_PHYS_s13_T2_ctrl,134,184,140.13333333333333,-0.15258075296878815,0.04100109051730241
UBFC_PHYS_s13_T2_ctrl,134,185,140.16666666666666,-0.2080812305212021,0.045103864744416
UBFC_PHYS_s13_T2_ctrl,134,186,140.2,-0.19398123025894165,0.04567908452071029
UBFC_PHYS_s13_T2_ctrl,134,187,140.23333333333332,-0.09392350912094116,0.043080101049058225
UBFC_PHYS_s13_T2_ctrl,134,188,140.26666666666668,0.06673230230808258,0.03645727741464918
UBFC_PHYS_s13_T2_ctrl,134,189,140.3,0.2424832582473755,0.022809765388948564
UBFC_PHYS_s13_T2_ctrl,134,190,140.33333333333334,0.4152982234954834,-0.0016274227769520295
UBFC_PHYS_s13_T2_ctrl,134,191,140.36666666666667,0.5872564911842346,-0.038529347506076804
UBFC_PHYS_s13_T2_ctrl,134,192,140.4,0.760028600692749,-0.08497784691885223
UBFC_PHYS_s13_T2_ctrl,134,193,140.43333333333334,0.9331269860267639,-0.13296795684428417
UBFC_PHYS_s13_T2_ctrl,134,194,140.46666666666667,1.1135141849517822,-0.1716002963061371
UBFC_PHYS_s13_T2_ctrl,134,195,140.5,1.289258599281311,-0.19125372361879123
UBFC_PHYS_s13_T2_ctrl,134,196,140.53333333333333,1.424782156944275,-0.18782325003726186
UBFC_PHYS_s13_T2_ctrl,134,197,140.56666666666666,1.4871629476547241,-0.1647636484612111
UBFC_PHYS_s13_T2_ctrl,134,198,140.6,1.496883749961853,-0.13157499236523043
UBFC_PHYS_s13_T2_ctrl,134,199,140.63333333333333,1.5302505493164062,-0.09919432347926757
UBFC_PHYS_s13_T2_ctrl,134,200,140.66666666666666,1.6793403625488281,-0.07460005488566389
UBFC_PHYS_s13_T2_ctrl,134,201,140.7,1.8815382719039917,-0.057560402904809356
UBFC_PHYS_s13_T2_ctrl,134,202,140.73333333333332,1.9309394359588623,-0.041275146710878646
UBFC_PHYS_s13_T2_ctrl,134,203,140.76666666666668,1.7708470821380615,-0.016478522033225414
UBFC_PHYS_s13_T2_ctrl,134,204,140.8,1.6308618783950806,0.023228868351095767
UBFC_PHYS_s13_T2_ctrl,134,205,140.83333333333334,1.6619747877120972,0.07753004254442639
UBFC_PHYS_s13_T2_ctrl,134,206,140.86666666666667,1.7303396463394165,0.13877596876474232
UBFC_PHYS_s13_T2_ctrl,134,207,140.9,1.7718290090560913,0.19476003378790174
UBFC_PHYS_s13_T2_ctrl,134,208,140.93333333333334,1.9378361701965332,0.23369462475845512
UBFC_PHYS_s13_T2_ctrl,134,209,140.96666666666667,2.3653905391693115,0.24929560049074587
UBFC_PHYS_s13_T2_ctrl,134,210,141.0,2.840935707092285,0.2435269723452594
UBFC_PHYS_s13_T2_ctrl,134,211,141.03333333333333,3.1523749828338623,0.22542552458507872
UBFC_PHYS_s13_T2_ctrl,134,212,141.06666666666666,3.3444535732269287,0.2065713068099648
UBFC_PHYS_s13_T2_ctrl,134,213,141.1,3.6154842376708984,0.195665698020081
UBFC_PHYS_s13_T2_ctrl,134,214,141.13333333333333,3.8327906131744385,0.19486083962770595
UBFC_PHYS_s13_T2_ctrl,134,215,141.16666666666666,3.7828752994537354,0.19920210671622554
UBFC_PHYS_s13_T2_ctrl,134,216,141.2,2.793910503387451,0.198919691290348
UBFC_PHYS_s13_T2_ctrl,134,217,141.23333333333332,0.3602261245250702,0.18318842058927579
UBFC_PHYS_s13_T2_ctrl,134,218,141.26666666666668,-2.001709222793579,0.14373100379692327
UBFC_PHYS_s13_T2_ctrl,134,219,141.3,-3.2370338439941406,0.07713169546667066
UBFC_PHYS_s13_T2_ctrl,134,220,141.33333333333334,-3.6349220275878906,-0.014469249808168504
UBFC_PHYS_s13_T2_ctrl,134,221,141.36666666666667,-3.5217032432556152,-0.12394270202379179
UBFC_PHYS_s13_T2_ctrl,134,222,141.4,-3.103708267211914,-0.24035286843955972
UBFC_PHYS_s13_T2_ctrl,134,223,141.43333333333334,-2.7031314373016357,-0.35027260465991183
UBFC_PHYS_s13_T2_ctrl,134,224,141.46666666666667,-2.501173973083496,-0.43917224278398354
UBFC_PHYS_s13_T2_ctrl,134,225,141.5,-2.3980813026428223,-0.4931169393018968
UBFC_PHYS_s13_T2_ctrl,134,226,141.53333333333333,-2.1994752883911133,-0.5009264487459775
UBFC_PHYS_s13_T2_ctrl,134,227,141.56666666666666,-2.0350003242492676,-0.45665195759659105
UBFC_PHYS_s13_T2_ctrl,134,228,141.6,-2.0599381923675537,-0.36192728645643235
UBFC_PHYS_s13_T2_ctrl,134,229,141.63333333333333,-2.2825562953948975,-0.2273855778779036
UBFC_PHYS_s13_T2_ctrl,134,230,141.66666666666666,-2.5133132934570312,-0.07200051904977729
UBFC_PHYS_s13_T2_ctrl,134,231,141.7,-2.6782066822052,0.08043293296428897
UBFC_PHYS_s13_T2_ctrl,134,232,141.73333333333332,-2.5059518814086914,0.2071056361100856
UBFC_PHYS_s13_T2_ctrl,134,233,141.76666666666668,-1.6330394744873047,0.29216981445751394
UBFC_PHYS_s13_T2_ctrl,134,234,141.8,-0.47227776050567627,0.33021660874112413
UBFC_PHYS_s13_T2_ctrl,134,235,141.83333333333334,0.5131811499595642,0.3256714478382062
UBFC_PHYS_s13_T2_ctrl,134,236,141.86666666666667,1.1911286115646362,0.28878412023948163
UBFC_PHYS_s13_T2_ctrl,134,237,141.9,1.535219669342041,0.23066917023061703
UBFC_PHYS_s13_T2_ctrl,134,238,141.93333333333334,1.6278237104415894,0.15983559678538334
UBFC_PHYS_s13_T2_ctrl,134,239,141.96666666666667,1.6005299091339111,0.08129423148080529
UBFC_PHYS_s13_T2_ctrl,135,0,135.0,-0.045678988099098206,-0.01451276058040498
UBFC_PHYS_s13_T2_ctrl,135,1,135.03333333333333,-0.07709180563688278,-0.06400377264202832
UBFC_PHYS_s13_T2_ctrl,135,2,135.06666666666666,-0.09567324817180634,-0.1073405382766132
UBFC_PHYS_s13_T2_ctrl,135,3,135.1,-0.13456937670707703,-0.13920625125679167
UBFC_PHYS_s13_T2_ctrl,135,4,135.13333333333333,-0.22123554348945618,-0.15375470644528025
UBFC_PHYS_s13_T2_ctrl,135,5,135.16666666666666,-0.33875104784965515,-0.1460106180099291
UBFC_PHYS_s13_T2_ctrl,135,6,135.2,-0.449550986289978,-0.11365355528909915
UBFC_PHYS_s13_T2_ctrl,135,7,135.23333333333332,-0.5289644598960876,-0.05816763382255836
UBFC_PHYS_s13_T2_ctrl,135,8,135.26666666666668,-0.5581398606300354,0.015180588527244639
UBFC_PHYS_s13_T2_ctrl,135,9,135.3,-0.5257484316825867,0.09836306097827051
UBFC_PHYS_s13_T2_ctrl,135,10,135.33333333333334,-0.44884252548217773,0.1820309751994904
UBFC_PHYS_s13_T2_ctrl,135,11,135.36666666666667,-0.3678934872150421,0.25686877143334147
UBFC_PHYS_s13_T2_ctrl,135,12,135.4,-0.31981372833251953,0.3147193005599164
UBFC_PHYS_s13_T2_ctrl,135,13,135.43333333333334,-0.2877352833747864,0.34958494350178015
UBFC_PHYS_s13_T2_ctrl,135,14,135.46666666666667,-0.196363627910614,0.35849858715030936
UBFC_PHYS_s13_T2_ctrl,135,15,135.5,-0.008114098571240902,0.3420313200591142
UBFC_PHYS_s13_T2_ctrl,135,16,135.53333333333333,0.21326503157615662,0.3041801167580646
UBFC_PHYS_s13_T2_ctrl,135,17,135.56666666666666,0.38609978556632996,0.2515222893120421
UBFC_PHYS_s13_T2_ctrl,135,18,135.6,0.48922526836395264,0.19167532072098667
UBFC_PHYS_s13_T2_ctrl,135,19,135.63333333333333,0.5260718464851379,0.131259639775881
UBFC_PHYS_s13_T2_ctrl,135,20,135.66666666666666,0.5116159319877625,0.07377086964910198
UBFC_PHYS_s13_T2_ctrl,135,21,135.7,0.4994666576385498,0.01797713293202585
UBFC_PHYS_s13_T2_ctrl,135,22,135.73333333333332,0.5458461046218872,-0.04244867503184848
UBFC_PHYS_s13_T2_ctrl,135,23,135.76666666666668,0.6326473951339722,-0.11748707762370128
UBFC_PHYS_s13_T2_ctrl,135,24,135.8,0.6877458691596985,-0.2173823803116631
UBFC_PHYS_s13_T2_ctrl,135,25,135.83333333333334,0.7027025818824768,-0.34788411381149564
UBFC_PHYS_s13_T2_ctrl,135,26,135.86666666666667,0.7370777726173401,-0.5054928525489605
UBFC_PHYS_s13_T2_ctrl,135,27,135.9,0.8024176359176636,-0.6745438576974077
UBFC_PHYS_s13_T2_ctrl,135,28,135.93333333333334,0.8156608939170837,-0.8277586784258041
UBFC_PHYS_s13_T2_ctrl,135,29,135.96666666666667,0.7026301026344299,-0.9310687540658742
UBFC_PHYS_s13_T2_ctrl,135,30,136.0,0.5050420761108398,-0.9522521930749214
UBFC_PHYS_s13_T2_ctrl,135,31,136.03333333333333,0.3646910786628723,-0.8713263364843613
UBFC_PHYS_s13_T2_ctrl,135,32,136.06666666666666,0.3818160593509674,-0.6891027366315621
UBFC_PHYS_s13_T2_ctrl,135,33,136.1,0.4884146749973297,-0.4297891252625424
UBFC_PHYS_s13_T2_ctrl,135,34,136.13333333333333,0.47134241461753845,-0.13500227592198738
UBFC_PHYS_s13_T2_ctrl,135,35,136.16666666666666,0.18888738751411438,0.1495983403431414
UBFC_PHYS_s13_T2_ctrl,135,36,136.2,-0.2669559717178345,0.3891647889986764
UBFC_PHYS_s13_T2_ctrl,135,37,136.23333333333332,-0.7294621467590332,0.5685469470924968
UBFC_PHYS_s13_T2_ctrl,135,38,136.26666666666668,-1.1242461204528809,0.6914824721815263
UBFC_PHYS_s13_T2_ctrl,135,39,136.3,-1.336121916770935,0.7721741252290718
UBFC_PHYS_s13_T2_ctrl,135,40,136.33333333333334,-1.2733094692230225,0.8247400524711234
UBFC_PHYS_s13_T2_ctrl,135,41,136.36666666666667,-1.1113356351852417,0.8557778955558557
UBFC_PHYS_s13_T2_ctrl,135,42,136.4,-1.0753722190856934,0.862602030419473
UBFC_PHYS_s13_T2_ctrl,135,43,136.43333333333334,-1.1096913814544678,0.8365434354227714
UBFC_PHYS_s13_T2_ctrl,135,44,136.46666666666667,-1.0796624422073364,0.7686871220338317
UBFC_PHYS_s13_T2_ctrl,135,45,136.5,-1.025282382965088,0.6550817726319925
UBFC_PHYS_s13_T2_ctrl,135,46,136.53333333333333,-1.0095117092132568,0.4994085291820291
UBFC_PHYS_s13_T2_ctrl,135,47,136.56666666666666,-1.0129320621490479,0.3125753035573268
UBFC_PHYS_s13_T2_ctrl,135,48,136.6,-1.079949140548706,0.10997117410730196
UBFC_PHYS_s13_T2_ctrl,135,49,136.63333333333333,-1.2851885557174683,-0.09220614620228369
UBFC_PHYS_s13_T2_ctrl,135,50,136.66666666666666,-1.5132139921188354,-0.2801046698663846
UBFC_PHYS_s13_T2_ctrl,135,51,136.7,-1.528355360031128,-0.4439025325657279
UBFC_PHYS_s13_T2_ctrl,135,52,136.73333333333332,-1.3104327917099,-0.5778313716181535
UBFC_PHYS_s13_T2_ctrl,135,53,136.76666666666668,-1.0678229331970215,-0.679032683242507
UBFC_PHYS_s13_T2_ctrl,135,54,136.8,-0.9125382900238037,-0.7460958967095975
UBFC_PHYS_s13_T2_ctrl,135,55,136.83333333333334,-0.7832524180412292,-0.7781183299522539
UBFC_PHYS_s13_T2_ctrl,135,56,136.86666666666667,-0.6134855151176453,-0.7748087754045188
UBFC_PHYS_s13_T2_ctrl,135,57,136.9,-0.36950811743736267,-0.7375282505889132
UBFC_PHYS_s13_T2_ctrl,135,58,136.93333333333334,-0.04452897608280182,-0.6704161264861683
UBFC_PHYS_s13_T2_ctrl,135,59,136.96666666666667,0.2930014431476593,-0.5804510751714191
UBFC_PHYS_s13_T2_ctrl,135,60,137.0,0.5052891969680786,-0.4758362694786775
UBFC_PHYS_s13_T2_ctrl,135,61,137.03333333333333,0.48150140047073364,-0.3631966007944257
UBFC_PHYS_s13_T2_ctrl,135,62,137.06666666666666,0.2427007406949997,-0.24504688483855486
UBFC_PHYS_s13_T2_ctrl,135,63,137.1,-0.10463609546422958,-0.11916587003599499
UBFC_PHYS_s13_T2_ctrl,135,64,137.13333333333333,-0.4171100854873657,0.019334085707570243
UBFC_PHYS_s13_T2_ctrl,135,65,137.16666666666666,-0.5635966658592224,0.17382071036622984
UBFC_PHYS_s13_T2_ctrl,135,66,137.2,-0.49313613772392273,0.3415740245224036
UBFC_PHYS_s13_T2_ctrl,135,67,137.23333333333332,-0.28399527072906494,0.5110909800846108
UBFC_PHYS_s13_T2_ctrl,135,68,137.26666666666668,-0.08591625839471817,0.6631338788955932
UBFC_PHYS_s13_T2_ctrl,135,69,137.3,0.0048952167853713036,0.7758435610104873
UBFC_PHYS_s13_T2_ctrl,135,70,137.33333333333334,-0.01468795444816351,0.8319575371497738
UBFC_PHYS_s13_T2_ctrl,135,71,137.36666666666667,-0.11495985090732574,0.8247648787720853
UBFC_PHYS_s13_T2_ctrl,135,72,137.4,-0.23813973367214203,0.7601095125799462
UBFC_PHYS_s13_T2_ctrl,135,73,137.43333333333334,-0.27828145027160645,0.6539031246536776
UBFC_PHYS_s13_T2_ctrl,135,74,137.46666666666667,-0.15247860550880432,0.5267295503285163
UBFC_PHYS_s13_T2_ctrl,135,75,137.5,0.09509049355983734,0.3980919228075789
UBFC_PHYS_s13_T2_ctrl,135,76,137.53333333333333,0.34721681475639343,0.282363568228259
UBFC_PHYS_s13_T2_ctrl,135,77,137.56666666666666,0.5948386192321777,0.1871914224556931
UBFC_PHYS_s13_T2_ctrl,135,78,137.6,0.9510955214500427,0.11390569652958409
UBFC_PHYS_s13_T2_ctrl,135,79,137.63333333333333,1.4842500686645508,0.058942439355116234
UBFC_PHYS_s13_T2_ctrl,135,80,137.66666666666666,2.0770998001098633,0.015450907063287323
UBFC_PHYS_s13_T2_ctrl,135,81,137.7,2.491908550262451,-0.02514579376925201
UBFC_PHYS_s13_T2_ctrl,135,82,137.73333333333332,2.657078742980957,-0.0713322943444543
UBFC_PHYS_s13_T2_ctrl,135,83,137.76666666666668,2.796414852142334,-0.1291492659335001
UBFC_PHYS_s13_T2_ctrl,135,84,137.8,3.020446538925171,-0.19970115330819335
UBFC_PHYS_s13_T2_ctrl,135,85,137.83333333333334,3.0020034313201904,-0.2775938285305085
UBFC_PHYS_s13_T2_ctrl,135,86,137.86666666666667,2.477541446685791,-0.3514043607356273
UBFC_PHYS_s13_T2_ctrl,135,87,137.9,1.6940598487854004,-0.40668242956344763
UBFC_PHYS_s13_T2_ctrl,135,88,137.93333333333334,1.128180980682373,-0.43106531934548525
UBFC_PHYS_s13_T2_ctrl,135,89,137.96666666666667,1.0002000331878662,-0.4200307086584552
UBFC_PHYS_s13_T2_ctrl,135,90,138.0,1.121649980545044,-0.3809385771327719
UBFC_PHYS_s13_T2_ctrl,135,91,138.03333333333333,1.1341221332550049,-0.3330276363654269
UBFC_PHYS_s13_T2_ctrl,135,92,138.06666666666666,0.9468216896057129,-0.3023544213695427
UBFC_PHYS_s13_T2_ctrl,135,93,138.1,0.7422446012496948,-0.31282416942540214
UBFC_PHYS_s13_T2_ctrl,135,94,138.13333333333333,0.6566855907440186,-0.3764512644243581
UBFC_PHYS_s13_T2_ctrl,135,95,138.16666666666666,0.6929653882980347,-0.4868003651626704
UBFC_PHYS_s13_T2_ctrl,135,96,138.2,0.7921465635299683,-0.6186544129150926
UBFC_PHYS_s13_T2_ctrl,135,97,138.23333333333332,0.8234143853187561,-0.7345947667137007
UBFC_PHYS_s13_T2_ctrl,135,98,138.26666666666668,0.6838937997817993,-0.7963485093076369
UBFC_PHYS_s13_T2_ctrl,135,99,138.3,0.4284294843673706,-0.7768693450234169
UBFC_PHYS_s13_T2_ctrl,135,100,138.33333333333334,0.16898459196090698,-0.669018380482558
UBFC_PHYS_s13_T2_ctrl,135,101,138.36666666666667,-0.08150403201580048,-0.487885513488683
UBFC_PHYS_s13_T2_ctrl,135,102,138.4,-0.36442697048187256,-0.2655442811490733
UBFC_PHYS_s13_T2_ctrl,135,103,138.43333333333334,-0.7009457945823669,-0.039606104067452755
UBFC_PHYS_s13_T2_ctrl,135,104,138.46666666666667,-1.097054362297058,0.15998275939810075
UBFC_PHYS_s13_T2_ctrl,135,105,138.5,-1.4831291437149048,0.32004677062696085
UBFC_PHYS_s13_T2_ctrl,135,106,138.53333333333333,-1.6396397352218628,0.44525539526992836
UBFC_PHYS_s13_T2_ctrl,135,107,138.56666666666666,-1.4591996669769287,0.5513653362780272
UBFC_PHYS_s13_T2_ctrl,135,108,138.6,-1.129198670387268,0.6546339238684985
UBFC_PHYS_s13_T2_ctrl,135,109,138.63333333333333,-0.8562271595001221,0.762792820194454
UBFC_PHYS_s13_T2_ctrl,135,110,138.66666666666666,-0.6414779424667358,0.8713571051991883
UBFC_PHYS_s13_T2_ctrl,135,111,138.7,-0.38905173540115356,0.9658792128169525
UBFC_PHYS_s13_T2_ctrl,135,112,138.73333333333332,-0.15892724692821503,1.028081240903859
UBFC_PHYS_s13_T2_ctrl,135,113,138.76666666666668,0.02202678471803665,1.0426724805184262
UBFC_PHYS_s13_T2_ctrl,135,114,138.8,0.22853483259677887,1.0021295502015946
UBFC_PHYS_s13_T2_ctrl,135,115,138.83333333333334,0.5595276355743408,0.9081579591034465
UBFC_PHYS_s13_T2_ctrl,135,116,138.86666666666667,0.8603960871696472,0.770107783544105
UBFC_PHYS_s13_T2_ctrl,135,117,138.9,1.0077097415924072,0.6016439558244857
UBFC_PHYS_s13_T2_ctrl,135,118,138.93333333333334,1.0490707159042358,0.41720813792929123
UBFC_PHYS_s13_T2_ctrl,135,119,138.96666666666667,1.2158257961273193,0.22937246043448048
UBFC_PHYS_s13_T2_ctrl,135,120,139.0,1.5998609066009521,0.04746515084780347
UBFC_PHYS_s13_T2_ctrl,135,121,139.03333333333333,2.0985217094421387,-0.12267416054436983
UBFC_PHYS_s13_T2_ctrl,135,122,139.06666666666666,2.2125244140625,-0.278064569776299
UBFC_PHYS_s13_T2_ctrl,135,123,139.1,0.894342839717865,-0.41733420335606175
UBFC_PHYS_s13_T2_ctrl,135,124,139.13333333333333,-0.8656216859817505,-0.5392767228161418
UBFC_PHYS_s13_T2_ctrl,135,125,139.16666666666666,-2.0175061225891113,-0.6417567202834271
UBFC_PHYS_s13_T2_ctrl,135,126,139.2,-2.640631914138794,-0.7213060640258572
UBFC_PHYS_s13_T2_ctrl,135,127,139.23333333333332,-2.884589672088623,-0.7734380022690873
UBFC_PHYS_s13_T2_ctrl,135,128,139.26666666666668,-2.7650113105773926,-0.7935497341534921
UBFC_PHYS_s13_T2_ctrl,135,129,139.3,-2.5898797512054443,-0.7782136703879432
UBFC_PHYS_s13_T2_ctrl,135,130,139.33333333333334,-2.534649610519409,-0.7265299793536434
UBFC_PHYS_s13_T2_ctrl,135,131,139.36666666666667,-2.4797191619873047,-0.6411216406249183
UBFC_PHYS_s13_T2_ctrl,135,132,139.4,-2.2121846675872803,-0.5284260126367106
UBFC_PHYS_s13_T2_ctrl,135,133,139.43333333333334,-1.8591372966766357,-0.39811089913168873
UBFC_PHYS_s13_T2_ctrl,135,134,139.46666666666667,-1.6140692234039307,-0.2616255512579298
UBFC_PHYS_s13_T2_ctrl,135,135,139.5,-1.4794220924377441,-0.1301302686408643
UBFC_PHYS_s13_T2_ctrl,135,136,139.53333333333333,-1.3116223812103271,-0.012346145083075943
UBFC_PHYS_s13_T2_ctrl,135,137,139.56666666666666,-1.1171252727508545,0.08693888489530334
UBFC_PHYS_s13_T2_ctrl,135,138,139.6,-0.9768038988113403,0.16707618198843174
UBFC_PHYS_s13_T2_ctrl,135,139,139.63333333333333,-0.9118561744689941,0.23028904491722188
UBFC_PHYS_s13_T2_ctrl,135,140,139.66666666666666,-0.8341627717018127,0.2793822193780113
UBFC_PHYS_s13_T2_ctrl,135,141,139.7,-0.7145317792892456,0.3153860750088926
UBFC_PHYS_s13_T2_ctrl,135,142,139.73333333333332,-0.6041107177734375,0.33619547037150954
UBFC_PHYS_s13_T2_ctrl,135,143,139.76666666666668,-0.5149073004722595,0.33692884697579994
UBFC_PHYS_s13_T2_ctrl,135,144,139.8,-0.41633573174476624,0.31207762632349256
UBFC_PHYS_s13_T2_ctrl,135,145,139.83333333333334,-0.3005600571632385,0.2586764159885686
UBFC_PHYS_s13_T2_ctrl,135,146,139.86666666666667,-0.19582322239875793,0.1790313794637299
UBFC_PHYS_s13_T2_ctrl,135,147,139.9,-0.11584625393152237,0.08161047519958953
UBFC_PHYS_s13_T2_ctrl,135,148,139.93333333333334,-0.05260542780160904,-0.020305834593412394
UBFC_PHYS_s13_T2_ctrl,135,149,139.96666666666667,-0.0037611841689795256,-0.11154275448631291
UBFC_PHYS_s13_T2_ctrl,135,150,140.0,0.025200027972459793,-0.17849481559405966
UBFC_PHYS_s13_T2_ctrl,135,151,140.03333333333333,0.024455321952700615,-0.21218332229584747
UBFC_PHYS_s13_T2_ctrl,135,152,140.06666666666666,-0.008219543844461441,-0.20998599135331775
UBFC_PHYS_s13_T2_ctrl,135,153,140.1,-0.07280479371547699,-0.17543070399287208
UBFC_PHYS_s13_T2_ctrl,135,154,140.13333333333333,-0.15258075296878815,-0.11632634733237932
UBFC_PHYS_s13_T2_ctrl,135,155,140.16666666666666,-0.2080812305212021,-0.04235143988213377
UBFC_PHYS_s13_T2_ctrl,135,156,140.2,-0.19398123025894165,0.036701885552774274
UBFC_PHYS_s13_T2_ctrl,135,157,140.23333333333332,-0.09392350912094116,0.11157369047812694
UBFC_PHYS_s13_T2_ctrl,135,158,140.26666666666668,0.06673230230808258,0.17362657419940966
UBFC_PHYS_s13_T2_ctrl,135,159,140.3,0.2424832582473755,0.2153734924635065
UBFC_PHYS_s13_T2_ctrl,135,160,140.33333333333334,0.4152982234954834,0.23188297227289162
UBFC_PHYS_s13_T2_ctrl,135,161,140.36666666666667,0.5872564911842346,0.22249903689705178
UBFC_PHYS_s13_T2_ctrl,135,162,140.4,0.760028600692749,0.19172050217246492
UBFC_PHYS_s13_T2_ctrl,135,163,140.43333333333334,0.9331269860267639,0.14831490150672585
UBFC_PHYS_s13_T2_ctrl,135,164,140.46666666666667,1.1135141849517822,0.10266014015797455
UBFC_PHYS_s13_T2_ctrl,135,165,140.5,1.289258599281311,0.06332479875916688
UBFC_PHYS_s13_T2_ctrl,135,166,140.53333333333333,1.424782156944275,0.034394855326788695
UBFC_PHYS_s13_T2_ctrl,135,167,140.56666666666666,1.4871629476547241,0.014801267023984783
UBFC_PHYS_s13_T2_ctrl,135,168,140.6,1.496883749961853,2.6031736856344315e-05
UBFC_PHYS_s13_T2_ctrl,135,169,140.63333333333333,1.5302505493164062,-0.014593339473626826
UBFC_PHYS_s13_T2_ctrl,135,170,140.66666666666666,1.6793403625488281,-0.030650725656879364
UBFC_PHYS_s13_T2_ctrl,135,171,140.7,1.8815382719039917,-0.045283855161064764
UBFC_PHYS_s13_T2_ctrl,135,172,140.73333333333332,1.9309394359588623,-0.05234440472839869
UBFC_PHYS_s13_T2_ctrl,135,173,140.76666666666668,1.7708470821380615,-0.04545475407376323
UBFC_PHYS_s13_T2_ctrl,135,174,140.8,1.6308618783950806,-0.021355289111807056
UBFC_PHYS_s13_T2_ctrl,135,175,140.83333333333334,1.6619747877120972,0.01806102870679488
UBFC_PHYS_s13_T2_ctrl,135,176,140.86666666666667,1.7303396463394165,0.06584134942446698
UBFC_PHYS_s13_T2_ctrl,135,177,140.9,1.7718290090560913,0.11203387011120557
UBFC_PHYS_s13_T2_ctrl,135,178,140.93333333333334,1.9378361701965332,0.14692557153489466
UBFC_PHYS_s13_T2_ctrl,135,179,140.96666666666667,2.3653905391693115,0.1643081628628188
UBFC_PHYS_s13_T2_ctrl,135,180,141.0,2.840935707092285,0.16344275043467382
UBFC_PHYS_s13_T2_ctrl,135,181,141.03333333333333,3.1523749828338623,0.148800638299053
UBFC_PHYS_s13_T2_ctrl,135,182,141.06666666666666,3.3444535732269287,0.1277793095963973
UBFC_PHYS_s13_T2_ctrl,135,183,141.1,3.6154842376708984,0.10756025988059648
UBFC_PHYS_s13_T2_ctrl,135,184,141.13333333333333,3.8327906131744385,0.09232365405391703
UBFC_PHYS_s13_T2_ctrl,135,185,141.16666666666666,3.7828752994537354,0.08156310030571863
UBFC_PHYS_s13_T2_ctrl,135,186,141.2,2.793910503387451,0.06990083918747929
UBFC_PHYS_s13_T2_ctrl,135,187,141.23333333333332,0.3602261245250702,0.048499318037590736
UBFC_PHYS_s13_T2_ctrl,135,188,141.26666666666668,-2.001709222793579,0.00766752665418972
UBFC_PHYS_s13_T2_ctrl,135,189,141.3,-3.2370338439941406,-0.06013414117892923
UBFC_PHYS_s13_T2_ctrl,135,190,141.33333333333334,-3.6349220275878906,-0.1576675529471937
UBFC_PHYS_s13_T2_ctrl,135,191,141.36666666666667,-3.5217032432556152,-0.28122181860993495
UBFC_PHYS_s13_T2_ctrl,135,192,141.4,-3.103708267211914,-0.42025970659202877
UBFC_PHYS_s13_T2_ctrl,135,193,141.43333333333334,-2.7031314373016357,-0.5586615407777309
UBFC_PHYS_s13_T2_ctrl,135,194,141.46666666666667,-2.501173973083496,-0.6774782651775283
UBFC_PHYS_s13_T2_ctrl,135,195,141.5,-2.3980813026428223,-0.7586486383125277
UBFC_PHYS_s13_T2_ctrl,135,196,141.53333333333333,-2.1994752883911133,-0.7887726765430988
UBFC_PHYS_s13_T2_ctrl,135,197,141.56666666666666,-2.0350003242492676,-0.761913370469502
UBFC_PHYS_s13_T2_ctrl,135,198,141.6,-2.0599381923675537,-0.6805853530541225
UBFC_PHYS_s13_T2_ctrl,135,199,141.63333333333333,-2.2825562953948975,-0.554549351458743
UBFC_PHYS_s13_T2_ctrl,135,200,141.66666666666666,-2.5133132934570312,-0.39768439409722856
UBFC_PHYS_s13_T2_ctrl,135,201,141.7,-2.6782066822052,-0.22397058836067701
UBFC_PHYS_s13_T2_ctrl,135,202,141.73333333333332,-2.5059518814086914,-0.044197434228034765
UBFC_PHYS_s13_T2_ctrl,135,203,141.76666666666668,-1.6330394744873047,0.13517086645706375
UBFC_PHYS_s13_T2_ctrl,135,204,141.8,-0.47227776050567627,0.3106762362959605
UBFC_PHYS_s13_T2_ctrl,135,205,141.83333333333334,0.5131811499595642,0.47909045496545777
UBFC_PHYS_s13_T2_ctrl,135,206,141.86666666666667,1.1911286115646362,0.6347498864546454
UBFC_PHYS_s13_T2_ctrl,135,207,141.9,1.535219669342041,0.7683650262019908
UBFC_PHYS_s13_T2_ctrl,135,208,141.93333333333334,1.6278237104415894,0.8680216210747277
UBFC_PHYS_s13_T2_ctrl,135,209,141.96666666666667,1.6005299091339111,0.9221593387400779
UBFC_PHYS_s13_T2_ctrl,135,210,142.0,1.4962115287780762,0.9233375864418047
UBFC_PHYS_s13_T2_ctrl,135,211,142.03333333333333,1.2350267171859741,0.8711364157812049
UBFC_PHYS_s13_T2_ctrl,135,212,142.06666666666666,0.7971915006637573,0.7729403487483512
UBFC_PHYS_s13_T2_ctrl,135,213,142.1,0.31013959646224976,0.6422665343438843
UBFC_PHYS_s13_T2_ctrl,135,214,142.13333333333333,-0.10835304111242294,0.4951995640023615
UBFC_PHYS_s13_T2_ctrl,135,215,142.16666666666666,-0.4614794850349426,0.3462308016342805
UBFC_PHYS_s13_T2_ctrl,135,216,142.2,-0.8159866333007812,0.20521183401879628
UBFC_PHYS_s13_T2_ctrl,135,217,142.23333333333332,-1.151711344718933,0.07669917717476937
UBFC_PHYS_s13_T2_ctrl,135,218,142.26666666666668,-1.3950395584106445,-0.038394018235512424
UBFC_PHYS_s13_T2_ctrl,135,219,142.3,-1.5624504089355469,-0.14020073292703483
UBFC_PHYS_s13_T2_ctrl,135,220,142.33333333333334,-1.7542389631271362,-0.2279316648253615
UBFC_PHYS_s13_T2_ctrl,135,221,142.36666666666667,-1.9620848894119263,-0.29943332924094795
UBFC_PHYS_s13_T2_ctrl,135,222,142.4,-2.0172722339630127,-0.352272265733756
UBFC_PHYS_s13_T2_ctrl,135,223,142.43333333333334,-1.7535700798034668,-0.38556239663679975
UBFC_PHYS_s13_T2_ctrl,135,224,142.46666666666667,-1.1766853332519531,-0.4013013416362629
UBFC_PHYS_s13_T2_ctrl,135,225,142.5,-0.5401021242141724,-0.4042184159064871
UBFC_PHYS_s13_T2_ctrl,135,226,142.53333333333333,-0.18281391263008118,-0.40008801412315004
UBFC_PHYS_s13_T2_ctrl,135,227,142.56666666666666,-0.1600508987903595,-0.39344898850923354
UBFC_PHYS_s13_T2_ctrl,135,228,142.6,-0.25732749700546265,-0.38597232912663754
UBFC_PHYS_s13_T2_ctrl,135,229,142.63333333333333,-0.32552096247673035,-0.3762518448892177
UBFC_PHYS_s13_T2_ctrl,135,230,142.66666666666666,-0.36390963196754456,-0.3609523141122792
UBFC_PHYS_s13_T2_ctrl,135,231,142.7,-0.37456950545310974,-0.3365881384833308
UBFC_PHYS_s13_T2_ctrl,135,232,142.73333333333332,-0.34437260031700134,-0.3010808921806714
UBFC_PHYS_s13_T2_ctrl,135,233,142.76666666666668,-0.31829795241355896,-0.2545565851591866
UBFC_PHYS_s13_T2_ctrl,135,234,142.8,-0.3193194568157196,-0.1992772378642045
UBFC_PHYS_s13_T2_ctrl,135,235,142.83333333333334,-0.26531827449798584,-0.13893192266153764
UBFC_PHYS_s13_T2_ctrl,135,236,142.86666666666667,-0.056862782686948776,-0.07764699134488726
UBFC_PHYS_s13_T2_ctrl,135,237,142.9,0.324107825756073,-0.019033582625702667
UBFC_PHYS_s13_T2_ctrl,135,238,142.93333333333334,0.7953659892082214,0.034516211909986466
UBFC_PHYS_s13_T2_ctrl,135,239,142.96666666666667,1.2344896793365479,0.08209245766993707
UBFC_PHYS_s13_T2_ctrl,136,0,136.0,0.5050420761108398,0.04469435010384769
UBFC_PHYS_s13_T2_ctrl,136,1,136.03333333333333,0.3646910786628723,0.05730945941166436
UBFC_PHYS_s13_T2_ctrl,136,2,136.06666666666666,0.3818160593509674,0.06930995096559897
UBFC_PHYS_s13_T2_ctrl,136,3,136.1,0.4884146749973297,0.08108270901506419
UBFC_PHYS_s13_T2_ctrl,136,4,136.13333333333333,0.47134241461753845,0.09591945584198557
UBFC_PHYS_s13_T2_ctrl,136,5,136.16666666666666,0.18888738751411438,0.12084819158611992
UBFC_PHYS_s13_T2_ctrl,136,6,136.2,-0.2669559717178345,0.16562832990300197
UBFC_PHYS_s13_T2_ctrl,136,7,136.23333333333332,-0.7294621467590332,0.2390233162396132
UBFC_PHYS_s13_T2_ctrl,136,8,136.26666666666668,-1.1242461204528809,0.3431787339378891
UBFC_PHYS_s13_T2_ctrl,136,9,136.3,-1.336121916770935,0.46875244614669875
UBFC_PHYS_s13_T2_ctrl,136,10,136.33333333333334,-1.2733094692230225,0.593818554429871
UBFC_PHYS_s13_T2_ctrl,136,11,136.36666666666667,-1.1113356351852417,0.6882158353014806
UBFC_PHYS_s13_T2_ctrl,136,12,136.4,-1.0753722190856934,0.7225936297872305
UBFC_PHYS_s13_T2_ctrl,136,13,136.43333333333334,-1.1096913814544678,0.678896530724649
UBFC_PHYS_s13_T2_ctrl,136,14,136.46666666666667,-1.0796624422073364,0.5576536930194531
UBFC_PHYS_s13_T2_ctrl,136,15,136.5,-1.025282382965088,0.378499996374825
UBFC_PHYS_s13_T2_ctrl,136,16,136.53333333333333,-1.0095117092132568,0.1737699554305237
UBFC_PHYS_s13_T2_ctrl,136,17,136.56666666666666,-1.0129320621490479,-0.021693997288123674
UBFC_PHYS_s13_T2_ctrl,136,18,136.6,-1.079949140548706,-0.18044388299741135
UBFC_PHYS_s13_T2_ctrl,136,19,136.63333333333333,-1.2851885557174683,-0.28895145848690307
UBFC_PHYS_s13_T2_ctrl,136,20,136.66666666666666,-1.5132139921188354,-0.349167557149215
UBFC_PHYS_s13_T2_ctrl,136,21,136.7,-1.528355360031128,-0.37519759816500864
UBFC_PHYS_s13_T2_ctrl,136,22,136.73333333333332,-1.3104327917099,-0.38690306921741185
UBFC_PHYS_s13_T2_ctrl,136,23,136.76666666666668,-1.0678229331970215,-0.40314197423153353
UBFC_PHYS_s13_T2_ctrl,136,24,136.8,-0.9125382900238037,-0.43681202599150504
UBFC_PHYS_s13_T2_ctrl,136,25,136.83333333333334,-0.7832524180412292,-0.4924625203540191
UBFC_PHYS_s13_T2_ctrl,136,26,136.86666666666667,-0.6134855151176453,-0.5660606464698328
UBFC_PHYS_s13_T2_ctrl,136,27,136.9,-0.36950811743736267,-0.646148347334381
UBFC_PHYS_s13_T2_ctrl,136,28,136.93333333333334,-0.04452897608280182,-0.7160386757138592
UBFC_PHYS_s13_T2_ctrl,136,29,136.96666666666667,0.2930014431476593,-0.757173861036137
UBFC_PHYS_s13_T2_ctrl,136,30,137.0,0.5052891969680786,-0.7536237366620621
UBFC_PHYS_s13_T2_ctrl,136,31,137.03333333333333,0.48150140047073364,-0.6969278857202811
UBFC_PHYS_s13_T2_ctrl,136,32,137.06666666666666,0.2427007406949997,-0.5896167935529321
UBFC_PHYS_s13_T2_ctrl,136,33,137.1,-0.10463609546422958,-0.4455411064183514
UBFC_PHYS_s13_T2_ctrl,136,34,137.13333333333333,-0.4171100854873657,-0.28605328874454783
UBFC_PHYS_s13_T2_ctrl,136,35,137.16666666666666,-0.5635966658592224,-0.13285596725038626
UBFC_PHYS_s13_T2_ctrl,136,36,137.2,-0.49313613772392273,-0.00014460239473361794
UBFC_PHYS_s13_T2_ctrl,136,37,137.23333333333332,-0.28399527072906494,0.1104496467478492
UBFC_PHYS_s13_T2_ctrl,136,38,137.26666666666668,-0.08591625839471817,0.2093738665540751
UBFC_PHYS_s13_T2_ctrl,136,39,137.3,0.0048952167853713036,0.3128142985392139
UBFC_PHYS_s13_T2_ctrl,136,40,137.33333333333334,-0.01468795444816351,0.4333255665625613
UBFC_PHYS_s13_T2_ctrl,136,41,137.36666666666667,-0.11495985090732574,0.572126400813977
UBFC_PHYS_s13_T2_ctrl,136,42,137.4,-0.23813973367214203,0.7169662248259465
UBFC_PHYS_s13_T2_ctrl,136,43,137.43333333333334,-0.27828145027160645,0.846497071450906
UBFC_PHYS_s13_T2_ctrl,136,44,137.46666666666667,-0.15247860550880432,0.9387008824685313
UBFC_PHYS_s13_T2_ctrl,136,45,137.5,0.09509049355983734,0.9790789551785762
UBFC_PHYS_s13_T2_ctrl,136,46,137.53333333333333,0.34721681475639343,0.9649899638680131
UBFC_PHYS_s13_T2_ctrl,136,47,137.56666666666666,0.5948386192321777,0.9049118584766789
UBFC_PHYS_s13_T2_ctrl,136,48,137.6,0.9510955214500427,0.8138797434310181
UBFC_PHYS_s13_T2_ctrl,136,49,137.63333333333333,1.4842500686645508,0.7077105727755328
UBFC_PHYS_s13_T2_ctrl,136,50,137.66666666666666,2.0770998001098633,0.5984666343105428
UBFC_PHYS_s13_T2_ctrl,136,51,137.7,2.491908550262451,0.49242455745777575
UBFC_PHYS_s13_T2_ctrl,136,52,137.73333333333332,2.657078742980957,0.39046557446242186
UBFC_PHYS_s13_T2_ctrl,136,53,137.76666666666668,2.796414852142334,0.28991625042705976
UBFC_PHYS_s13_T2_ctrl,136,54,137.8,3.020446538925171,0.18669495423766408
UBFC_PHYS_s13_T2_ctrl,136,55,137.83333333333334,3.0020034313201904,0.07702700056377071
UBFC_PHYS_s13_T2_ctrl,136,56,137.86666666666667,2.477541446685791,-0.04142249622425044
UBFC_PHYS_s13_T2_ctrl,136,57,137.9,1.6940598487854004,-0.16887363199394548
UBFC_PHYS_s13_T2_ctrl,136,58,137.93333333333334,1.128180980682373,-0.3032782598335977
UBFC_PHYS_s13_T2_ctrl,136,59,137.96666666666667,1.0002000331878662,-0.44094450479300884
UBFC_PHYS_s13_T2_ctrl,136,60,138.0,1.121649980545044,-0.5779462778210472
UBFC_PHYS_s13_T2_ctrl,136,61,138.03333333333333,1.1341221332550049,-0.7118156982695365
UBFC_PHYS_s13_T2_ctrl,136,62,138.06666666666666,0.9468216896057129,-0.842657441292988
UBFC_PHYS_s13_T2_ctrl,136,63,138.1,0.7422446012496948,-0.9727573387886556
UBFC_PHYS_s13_T2_ctrl,136,64,138.13333333333333,0.6566855907440186,-1.1040615702268475
UBFC_PHYS_s13_T2_ctrl,136,65,138.16666666666666,0.6929653882980347,-1.2337967893758066
UBFC_PHYS_s13_T2_ctrl,136,66,138.2,0.7921465635299683,-1.3498656407161371
UBFC_PHYS_s13_T2_ctrl,136,67,138.23333333333332,0.8234143853187561,-1.4286638404548593
UBFC_PHYS_s13_T2_ctrl,136,68,138.26666666666668,0.6838937997817993,-1.4377434471554822
UBFC_PHYS_s13_T2_ctrl,136,69,138.3,0.4284294843673706,-1.344071961778503
UBFC_PHYS_s13_T2_ctrl,136,70,138.33333333333334,0.16898459196090698,-1.1260174587033185
UBFC_PHYS_s13_T2_ctrl,136,71,138.36666666666667,-0.08150403201580048,-0.7847060555364112
UBFC_PHYS_s13_T2_ctrl,136,72,138.4,-0.36442697048187256,-0.3494188269985258
UBFC_PHYS_s13_T2_ctrl,136,73,138.43333333333334,-0.7009457945823669,0.12658029242184504
UBFC_PHYS_s13_T2_ctrl,136,74,138.46666666666667,-1.097054362297058,0.5791783498533143
UBFC_PHYS_s13_T2_ctrl,136,75,138.5,-1.4831291437149048,0.950615080201413
UBFC_PHYS_s13_T2_ctrl,136,76,138.53333333333333,-1.6396397352218628,1.204115722550149
UBFC_PHYS_s13_T2_ctrl,136,77,138.56666666666666,-1.4591996669769287,1.3308144827260209
UBFC_PHYS_s13_T2_ctrl,136,78,138.6,-1.129198670387268,1.3474742726683828
UBFC_PHYS_s13_T2_ctrl,136,79,138.63333333333333,-0.8562271595001221,1.2871443226956996
UBFC_PHYS_s13_T2_ctrl,136,80,138.66666666666666,-0.6414779424667358,1.186796047253556
UBFC_PHYS_s13_T2_ctrl,136,81,138.7,-0.38905173540115356,1.0761117450339113
UBFC_PHYS_s13_T2_ctrl,136,82,138.73333333333332,-0.15892724692821503,0.9706946209460392
UBFC_PHYS_s13_T2_ctrl,136,83,138.76666666666668,0.02202678471803665,0.8713528111114007
UBFC_PHYS_s13_T2_ctrl,136,84,138.8,0.22853483259677887,0.7689967428570965
UBFC_PHYS_s13_T2_ctrl,136,85,138.83333333333334,0.5595276355743408,0.6525999712920272
UBFC_PHYS_s13_T2_ctrl,136,86,138.86666666666667,0.8603960871696472,0.5164289955951662
UBFC_PHYS_s13_T2_ctrl,136,87,138.9,1.0077097415924072,0.3632936282901524
UBFC_PHYS_s13_T2_ctrl,136,88,138.93333333333334,1.0490707159042358,0.20294461695250815
UBFC_PHYS_s13_T2_ctrl,136,89,138.96666666666667,1.2158257961273193,0.047325494503596
UBFC_PHYS_s13_T2_ctrl,136,90,139.0,1.5998609066009521,-0.09450683667289185
UBFC_PHYS_s13_T2_ctrl,136,91,139.03333333333333,2.0985217094421387,-0.2194642655973553
UBFC_PHYS_s13_T2_ctrl,136,92,139.06666666666666,2.2125244140625,-0.33048361734566273
UBFC_PHYS_s13_T2_ctrl,136,93,139.1,0.894342839717865,-0.4339184555357536
UBFC_PHYS_s13_T2_ctrl,136,94,139.13333333333333,-0.8656216859817505,-0.5356150861260802
UBFC_PHYS_s13_T2_ctrl,136,95,139.16666666666666,-2.0175061225891113,-0.6373759063271149
UBFC_PHYS_s13_T2_ctrl,136,96,139.2,-2.640631914138794,-0.7352173741381652
UBFC_PHYS_s13_T2_ctrl,136,97,139.23333333333332,-2.884589672088623,-0.8199806829493168
UBFC_PHYS_s13_T2_ctrl,136,98,139.26666666666668,-2.7650113105773926,-0.8797756944249584
UBFC_PHYS_s13_T2_ctrl,136,99,139.3,-2.5898797512054443,-0.9030410714933004
UBFC_PHYS_s13_T2_ctrl,136,100,139.33333333333334,-2.534649610519409,-0.8810925782827077
UBFC_PHYS_s13_T2_ctrl,136,101,139.36666666666667,-2.4797191619873047,-0.8096928353915082
UBFC_PHYS_s13_T2_ctrl,136,102,139.4,-2.2121846675872803,-0.6898507344876312
UBFC_PHYS_s13_T2_ctrl,136,103,139.43333333333334,-1.8591372966766357,-0.5282388115874269
UBFC_PHYS_s13_T2_ctrl,136,104,139.46666666666667,-1.6140692234039307,-0.3371959365706848
UBFC_PHYS_s13_T2_ctrl,136,105,139.5,-1.4794220924377441,-0.13374672963424186
UBFC_PHYS_s13_T2_ctrl,136,106,139.53333333333333,-1.3116223812103271,0.06295310246800934
UBFC_PHYS_s13_T2_ctrl,136,107,139.56666666666666,-1.1171252727508545,0.23558697069328063
UBFC_PHYS_s13_T2_ctrl,136,108,139.6,-0.9768038988113403,0.3727510576101382
UBFC_PHYS_s13_T2_ctrl,136,109,139.63333333333333,-0.9118561744689941,0.47125864315894955
UBFC_PHYS_s13_T2_ctrl,136,110,139.66666666666666,-0.8341627717018127,0.5354974801754068
UBFC_PHYS_s13_T2_ctrl,136,111,139.7,-0.7145317792892456,0.574088076490485
UBFC_PHYS_s13_T2_ctrl,136,112,139.73333333333332,-0.6041107177734375,0.5953059913604357
UBFC_PHYS_s13_T2_ctrl,136,113,139.76666666666668,-0.5149073004722595,0.603293297916239
UBFC_PHYS_s13_T2_ctrl,136,114,139.8,-0.41633573174476624,0.5968467650840813
UBFC_PHYS_s13_T2_ctrl,136,115,139.83333333333334,-0.3005600571632385,0.5713992067261466
UBFC_PHYS_s13_T2_ctrl,136,116,139.86666666666667,-0.19582322239875793,0.5230631913952921
UBFC_PHYS_s13_T2_ctrl,136,117,139.9,-0.11584625393152237,0.452454396746618
UBFC_PHYS_s13_T2_ctrl,136,118,139.93333333333334,-0.05260542780160904,0.3663123618242685
UBFC_PHYS_s13_T2_ctrl,136,119,139.96666666666667,-0.0037611841689795256,0.2762034405459265
UBFC_PHYS_s13_T2_ctrl,136,120,140.0,0.025200027972459793,0.19487848200261695
UBFC_PHYS_s13_T2_ctrl,136,121,140.03333333333333,0.024455321952700615,0.13177805368001552
UBFC_PHYS_s13_T2_ctrl,136,122,140.06666666666666,-0.008219543844461441,0.08958893927845636
UBFC_PHYS_s13_T2_ctrl,136,123,140.1,-0.07280479371547699,0.06335991231508147
UBFC_PHYS_s13_T2_ctrl,136,124,140.13333333333333,-0.15258075296878815,0.04245581020415291
UBFC_PHYS_s13_T2_ctrl,136,125,140.16666666666666,-0.2080812305212021,0.014185581432672584
UBFC_PHYS_s13_T2_ctrl,136,126,140.2,-0.19398123025894165,-0.03282692156425337
UBFC_PHYS_s13_T2_ctrl,136,127,140.23333333333332,-0.09392350912094116,-0.10688251807109811
UBFC_PHYS_s13_T2_ctrl,136,128,140.26666666666668,0.06673230230808258,-0.21275289967054783
UBFC_PHYS_s13_T2_ctrl,136,129,140.3,0.2424832582473755,-0.35106000239156054
UBFC_PHYS_s13_T2_ctrl,136,130,140.33333333333334,0.4152982234954834,-0.5165357920154332
UBFC_PHYS_s13_T2_ctrl,136,131,140.36666666666667,0.5872564911842346,-0.6957407311296689
UBFC_PHYS_s13_T2_ctrl,136,132,140.4,0.760028600692749,-0.8659784722167514
UBFC_PHYS_s13_T2_ctrl,136,133,140.43333333333334,0.9331269860267639,-0.9972933991661144
UBFC_PHYS_s13_T2_ctrl,136,134,140.46666666666667,1.1135141849517822,-1.0585010610523304
UBFC_PHYS_s13_T2_ctrl,136,135,140.5,1.289258599281311,-1.0262994094742655
UBFC_PHYS_s13_T2_ctrl,136,136,140.53333333333333,1.424782156944275,-0.8943047403046493
UBFC_PHYS_s13_T2_ctrl,136,137,140.56666666666666,1.4871629476547241,-0.6777200619034579
UBFC_PHYS_s13_T2_ctrl,136,138,140.6,1.496883749961853,-0.4104242165968308
UBFC_PHYS_s13_T2_ctrl,136,139,140.63333333333333,1.5302505493164062,-0.1345601583194044
UBFC_PHYS_s13_T2_ctrl,136,140,140.66666666666666,1.6793403625488281,0.1132560912952487
UBFC_PHYS_s13_T2_ctrl,136,141,140.7,1.8815382719039917,0.3128605581427893
UBFC_PHYS_s13_T2_ctrl,136,142,140.73333333333332,1.9309394359588623,0.4638443365290389
UBFC_PHYS_s13_T2_ctrl,136,143,140.76666666666668,1.7708470821380615,0.5804008152410806
UBFC_PHYS_s13_T2_ctrl,136,144,140.8,1.6308618783950806,0.6807754027169762
UBFC_PHYS_s13_T2_ctrl,136,145,140.83333333333334,1.6619747877120972,0.7764850344224464
UBFC_PHYS_s13_T2_ctrl,136,146,140.86666666666667,1.7303396463394165,0.8661381816069001
UBFC_PHYS_s13_T2_ctrl,136,147,140.9,1.7718290090560913,0.9363298565725999
UBFC_PHYS_s13_T2_ctrl,136,148,140.93333333333334,1.9378361701965332,0.9688228429726425
UBFC_PHYS_s13_T2_ctrl,136,149,140.96666666666667,2.3653905391693115,0.9503205965129629
UBFC_PHYS_s13_T2_ctrl,136,150,141.0,2.840935707092285,0.8798146999374084
UBFC_PHYS_s13_T2_ctrl,136,151,141.03333333333333,3.1523749828338623,0.7697270216706849
UBFC_PHYS_s13_T2_ctrl,136,152,141.06666666666666,3.3444535732269287,0.6405426978057149
UBFC_PHYS_s13_T2_ctrl,136,153,141.1,3.6154842376708984,0.5120783194421689
UBFC_PHYS_s13_T2_ctrl,136,154,141.13333333333333,3.8327906131744385,0.3957682977101349
UBFC_PHYS_s13_T2_ctrl,136,155,141.16666666666666,3.7828752994537354,0.29127015435166626
UBFC_PHYS_s13_T2_ctrl,136,156,141.2,2.793910503387451,0.18839232412748258
UBFC_PHYS_s13_T2_ctrl,136,157,141.23333333333332,0.3602261245250702,0.07291949891614552
UBFC_PHYS_s13_T2_ctrl,136,158,141.26666666666668,-2.001709222793579,-0.06668680363620053
UBFC_PHYS_s13_T2_ctrl,136,159,141.3,-3.2370338439941406,-0.23467523799000367
UBFC_PHYS_s13_T2_ctrl,136,160,141.33333333333334,-3.6349220275878906,-0.4267626677394659
UBFC_PHYS_s13_T2_ctrl,136,161,141.36666666666667,-3.5217032432556152,-0.6316007964453465
UBFC_PHYS_s13_T2_ctrl,136,162,141.4,-3.103708267211914,-0.8334262944924318
UBFC_PHYS_s13_T2_ctrl,136,163,141.43333333333334,-2.7031314373016357,-1.0146528859737314
UBFC_PHYS_s13_T2_ctrl,136,164,141.46666666666667,-2.501173973083496,-1.1579275215322278
UBFC_PHYS_s13_T2_ctrl,136,165,141.5,-2.3980813026428223,-1.2478409473158192
UBFC_PHYS_s13_T2_ctrl,136,166,141.53333333333333,-2.1994752883911133,-1.272715504504545
UBFC_PHYS_s13_T2_ctrl,136,167,141.56666666666666,-2.0350003242492676,-1.2266122659818202
UBFC_PHYS_s13_T2_ctrl,136,168,141.6,-2.0599381923675537,-1.1111107849400572
UBFC_PHYS_s13_T2_ctrl,136,169,141.63333333333333,-2.2825562953948975,-0.935929943878038
UBFC_PHYS_s13_T2_ctrl,136,170,141.66666666666666,-2.5133132934570312,-0.7174989014960826
UBFC_PHYS_s13_T2_ctrl,136,171,141.7,-2.6782066822052,-0.4753672716392959
UBFC_PHYS_s13_T2_ctrl,136,172,141.73333333333332,-2.5059518814086914,-0.22758867251710452
UBFC_PHYS_s13_T2_ctrl,136,173,141.76666666666668,-1.6330394744873047,0.012945200575108791
UBFC_PHYS_s13_T2_ctrl,136,174,141.8,-0.47227776050567627,0.23953239357225664
UBFC_PHYS_s13_T2_ctrl,136,175,141.83333333333334,0.5131811499595642,0.44967599267500374
UBFC_PHYS_s13_T2_ctrl,136,176,141.86666666666667,1.1911286115646362,0.6413186144489549
UBFC_PHYS_s13_T2_ctrl,136,177,141.9,1.535219669342041,0.8095083436751424
UBFC_PHYS_s13_T2_ctrl,136,178,141.93333333333334,1.6278237104415894,0.9454694150266922
UBFC_PHYS_s13_T2_ctrl,136,179,141.96666666666667,1.6005299091339111,1.038733462712099
UBFC_PHYS_s13_T2_ctrl,136,180,142.0,1.4962115287780762,1.0812869793943962
UBFC_PHYS_s13_T2_ctrl,136,181,142.03333333333333,1.2350267171859741,1.0715042853723993
UBFC_PHYS_s13_T2_ctrl,136,182,142.06666666666666,0.7971915006637573,1.015636274802212
UBFC_PHYS_s13_T2_ctrl,136,183,142.1,0.31013959646224976,0.9259004658563691
UBFC_PHYS_s13_T2_ctrl,136,184,142.13333333333333,-0.10835304111242294,0.8161461960228932
UBFC_PHYS_s13_T2_ctrl,136,185,142.16666666666666,-0.4614794850349426,0.6974328401295733
UBFC_PHYS_s13_T2_ctrl,136,186,142.2,-0.8159866333007812,0.5757502008684408
UBFC_PHYS_s13_T2_ctrl,136,187,142.23333333333332,-1.151711344718933,0.45273303829342415
UBFC_PHYS_s13_T2_ctrl,136,188,142.26666666666668,-1.3950395584106445,0.3284972067360971
UBFC_PHYS_s13_T2_ctrl,136,189,142.3,-1.5624504089355469,0.20465622234823191
UBFC_PHYS_s13_T2_ctrl,136,190,142.33333333333334,-1.7542389631271362,0.08572190929817759
UBFC_PHYS_s13_T2_ctrl,136,191,142.36666666666667,-1.9620848894119263,-0.021799601550440924
UBFC_PHYS_s13_T2_ctrl,136,192,142.4,-2.0172722339630127,-0.11197817822928753
UBFC_PHYS_s13_T2_ctrl,136,193,142.43333333333334,-1.7535700798034668,-0.18227805018846066
UBFC_PHYS_s13_T2_ctrl,136,194,142.46666666666667,-1.1766853332519531,-0.23531872574171392
UBFC_PHYS_s13_T2_ctrl,136,195,142.5,-0.5401021242141724,-0.278922209265246
UBFC_PHYS_s13_T2_ctrl,136,196,142.53333333333333,-0.18281391263008118,-0.32445984077394496
UBFC_PHYS_s13_T2_ctrl,136,197,142.56666666666666,-0.1600508987903595,-0.38409080972103526
UBFC_PHYS_s13_T2_ctrl,136,198,142.6,-0.25732749700546265,-0.4679012338928578
UBFC_PHYS_s13_T2_ctrl,136,199,142.63333333333333,-0.32552096247673035,-0.5818001643537017
UBFC_PHYS_s13_T2_ctrl,136,200,142.66666666666666,-0.36390963196754456,-0.7262139320661941
UBFC_PHYS_s13_T2_ctrl,136,201,142.7,-0.37456950545310974,-0.8949123763555406
UBFC_PHYS_s13_T2_ctrl,136,202,142.73333333333332,-0.34437260031700134,-1.073499602896318
UBFC_PHYS_s13_T2_ctrl,136,203,142.76666666666668,-0.31829795241355896,-1.2381801147161244
UBFC_PHYS_s13_T2_ctrl,136,204,142.8,-0.3193194568157196,-1.3565925232642324
UBFC_PHYS_s13_T2_ctrl,136,205,142.83333333333334,-0.26531827449798584,-1.3926476133516903
UBFC_PHYS_s13_T2_ctrl,136,206,142.86666666666667,-0.056862782686948776,-1.3157884343424284
UBFC_PHYS_s13_T2_ctrl,136,207,142.9,0.324107825756073,-1.1125127292359305
UBFC_PHYS_s13_T2_ctrl,136,208,142.93333333333334,0.7953659892082214,-0.7956658599205362
UBFC_PHYS_s13_T2_ctrl,136,209,142.96666666666667,1.2344896793365479,-0.4061319691395493
UBFC_PHYS_s13_T2_ctrl,136,210,143.0,1.3806005716323853,-0.003256946706125677
UBFC_PHYS_s13_T2_ctrl,136,211,143.03333333333333,1.1777435541152954,0.35441690154090716
UBFC_PHYS_s13_T2_ctrl,136,212,143.06666666666666,0.8493770360946655,0.6295912858800581
UBFC_PHYS_s13_T2_ctrl,136,213,143.1,0.523102879524231,0.8168748751654161
UBFC_PHYS_s13_T2_ctrl,136,214,143.13333333333333,0.24029527604579926,0.9384141620366809
UBFC_PHYS_s13_T2_ctrl,136,215,143.16666666666666,0.03155969828367233,1.028155729461886
UBFC_PHYS_s13_T2_ctrl,136,216,143.2,-0.10479426383972168,1.113576804435849
UBFC_PHYS_s13_T2_ctrl,136,217,143.23333333333332,-0.19208650290966034,1.203379688094736
UBFC_PHYS_s13_T2_ctrl,136,218,143.26666666666668,-0.24548466503620148,1.2855984787217556
UBFC_PHYS_s13_T2_ctrl,136,219,143.3,-0.22599045932292938,1.3352973075800278
UBFC_PHYS_s13_T2_ctrl,136,220,143.33333333333334,-0.11164820939302444,1.326932459546557
UBFC_PHYS_s13_T2_ctrl,136,221,143.36666666666667,0.04434823617339134,1.245217095977134
UBFC_PHYS_s13_T2_ctrl,136,222,143.4,0.1554216891527176,1.0902063493187433
UBFC_PHYS_s13_T2_ctrl,136,223,143.43333333333334,0.19951100647449493,0.8757442037405929
UBFC_PHYS_s13_T2_ctrl,136,224,143.46666666666667,0.2359028160572052,0.6233570852364908
UBFC_PHYS_s13_T2_ctrl,136,225,143.5,0.3697096109390259,0.35507460304854616
UBFC_PHYS_s13_T2_ctrl,136,226,143.53333333333333,0.639069676399231,0.08835336193285619
UBFC_PHYS_s13_T2_ctrl,136,227,143.56666666666666,0.9133362174034119,-0.16531918413293503
UBFC_PHYS_s13_T2_ctrl,136,228,143.6,1.018326759338379,-0.3986275553151486
UBFC_PHYS_s13_T2_ctrl,136,229,143.63333333333333,0.9875960350036621,-0.605409323696471
UBFC_PHYS_s13_T2_ctrl,136,230,143.66666666666666,1.0276389122009277,-0.7785902326206046
UBFC_PHYS_s13_T2_ctrl,136,231,143.7,1.1974321603775024,-0.910248347025746
UBFC_PHYS_s13_T2_ctrl,136,232,143.73333333333332,1.355273962020874,-0.9934670895828844
UBFC_PHYS_s13_T2_ctrl,136,233,143.76666666666668,1.3996367454528809,-1.0245585299951812
UBFC_PHYS_s13_T2_ctrl,136,234,143.8,1.3152871131896973,-1.004225269732692
UBFC_PHYS_s13_T2_ctrl,136,235,143.83333333333334,1.1435463428497314,-0.9371300885939494
UBFC_PHYS_s13_T2_ctrl,136,236,143.86666666666667,0.9538601636886597,-0.830450777915912
UBFC_PHYS_s13_T2_ctrl,136,237,143.9,0.7761024236679077,-0.6924711651023971
UBFC_PHYS_s13_T2_ctrl,136,238,143.93333333333334,0.5408539175987244,-0.5318019157754479
UBFC_PHYS_s13_T2_ctrl,136,239,143.96666666666667,0.22909170389175415,-0.35714593115280646
UBFC_PHYS_s13_T2_ctrl,137,0,137.0,0.5052891969680786,-0.16804251191259925
UBFC_PHYS_s13_T2_ctrl,137,1,137.03333333333333,0.48150140047073364,-0.08255606500452989
UBFC_PHYS_s13_T2_ctrl,137,2,137.06666666666666,0.2427007406949997,-0.0036195622138298824
UBFC_PHYS_s13_T2_ctrl,137,3,137.1,-0.10463609546422958,0.062146377118873906
UBFC_PHYS_s13_T2_ctrl,137,4,137.13333333333333,-0.4171100854873657,0.11442055669910087
UBFC_PHYS_s13_T2_ctrl,137,5,137.16666666666666,-0.5635966658592224,0.1592887270335984
UBFC_PHYS_s13_T2_ctrl,137,6,137.2,-0.49313613772392273,0.2068012904319412
UBFC_PHYS_s13_T2_ctrl,137,7,137.23333333333332,-0.28399527072906494,0.26672680336446447
UBFC_PHYS_s13_T2_ctrl,137,8,137.26666666666668,-0.08591625839471817,0.3439476561391652
UBFC_PHYS_s13_T2_ctrl,137,9,137.3,0.0048952167853713036,0.43524221465096313
UBFC_PHYS_s13_T2_ctrl,137,10,137.33333333333334,-0.01468795444816351,0.5290019496115178
UBFC_PHYS_s13_T2_ctrl,137,11,137.36666666666667,-0.11495985090732574,0.6084695981036964
UBFC_PHYS_s13_T2_ctrl,137,12,137.4,-0.23813973367214203,0.6574576768537538
UBFC_PHYS_s13_T2_ctrl,137,13,137.43333333333334,-0.27828145027160645,0.6661386924920996
UBFC_PHYS_s13_T2_ctrl,137,14,137.46666666666667,-0.15247860550880432,0.6343462465659488
UBFC_PHYS_s13_T2_ctrl,137,15,137.5,0.09509049355983734,0.5710446823506047
UBFC_PHYS_s13_T2_ctrl,137,16,137.53333333333333,0.34721681475639343,0.4905457155564401
UBFC_PHYS_s13_T2_ctrl,137,17,137.56666666666666,0.5948386192321777,0.40744448758189505
UBFC_PHYS_s13_T2_ctrl,137,18,137.6,0.9510955214500427,0.33230924108656373
UBFC_PHYS_s13_T2_ctrl,137,19,137.63333333333333,1.4842500686645508,0.26932344046890805
UBFC_PHYS_s13_T2_ctrl,137,20,137.66666666666666,2.0770998001098633,0.2161847836472152
UBFC_PHYS_s13_T2_ctrl,137,21,137.7,2.491908550262451,0.16590450216417646
UBFC_PHYS_s13_T2_ctrl,137,22,137.73333333333332,2.657078742980957,0.10972020923315853
UBFC_PHYS_s13_T2_ctrl,137,23,137.76666666666668,2.796414852142334,0.04022434925263866
UBFC_PHYS_s13_T2_ctrl,137,24,137.8,3.020446538925171,-0.04599578425068031
UBFC_PHYS_s13_T2_ctrl,137,25,137.83333333333334,3.0020034313201904,-0.14670199028366293
UBFC_PHYS_s13_T2_ctrl,137,26,137.86666666666667,2.477541446685791,-0.25380166033752943
UBFC_PHYS_s13_T2_ctrl,137,27,137.9,1.6940598487854004,-0.35500605264943325
UBFC_PHYS_s13_T2_ctrl,137,28,137.93333333333334,1.128180980682373,-0.4373655667449081
UBFC_PHYS_s13_T2_ctrl,137,29,137.96666666666667,1.0002000331878662,-0.49195282223645403
UBFC_PHYS_s13_T2_ctrl,137,30,138.0,1.121649980545044,-0.5181573528031138
UBFC_PHYS_s13_T2_ctrl,137,31,138.03333333333333,1.1341221332550049,-0.5256697592040169
UBFC_PHYS_s13_T2_ctrl,137,32,138.06666666666666,0.9468216896057129,-0.5326626852547599
UBFC_PHYS_s13_T2_ctrl,137,33,138.1,0.7422446012496948,-0.5599377877493861
UBFC_PHYS_s13_T2_ctrl,137,34,138.13333333333333,0.6566855907440186,-0.622514504565238
UBFC_PHYS_s13_T2_ctrl,137,35,138.16666666666666,0.6929653882980347,-0.7215916104384723
UBFC_PHYS_s13_T2_ctrl,137,36,138.2,0.7921465635299683,-0.8402850702641996
UBFC_PHYS_s13_T2_ctrl,137,37,138.23333333333332,0.8234143853187561,-0.9455955343193898
UBFC_PHYS_s13_T2_ctrl,137,38,138.26666666666668,0.6838937997817993,-0.9968497110112906
UBFC_PHYS_s13_T2_ctrl,137,39,138.3,0.4284294843673706,-0.9583145154374569
UBFC_PHYS_s13_T2_ctrl,137,40,138.33333333333334,0.16898459196090698,-0.8118726565333991
UBFC_PHYS_s13_T2_ctrl,137,41,138.36666666666667,-0.08150403201580048,-0.5651388345872125
UBFC_PHYS_s13_T2_ctrl,137,42,138.4,-0.36442697048187256,-0.25143318025898687
UBFC_PHYS_s13_T2_ctrl,137,43,138.43333333333334,-0.7009457945823669,0.07925927841521123
UBFC_PHYS_s13_T2_ctrl,137,44,138.46666666666667,-1.097054362297058,0.37546287322417987
UBFC_PHYS_s13_T2_ctrl,137,45,138.5,-1.4831291437149048,0.5996765614989299
UBFC_PHYS_s13_T2_ctrl,137,46,138.53333333333333,-1.6396397352218628,0.7379153861916532
UBFC_PHYS_s13_T2_ctrl,137,47,138.56666666666666,-1.4591996669769287,0.79980469536724
UBFC_PHYS_s13_T2_ctrl,137,48,138.6,-1.129198670387268,0.8102414538547794
UBFC_PHYS_s13_T2_ctrl,137,49,138.63333333333333,-0.8562271595001221,0.7973020383872444
UBFC_PHYS_s13_T2_ctrl,137,50,138.66666666666666,-0.6414779424667358,0.781779037930728
UBFC_PHYS_s13_T2_ctrl,137,51,138.7,-0.38905173540115356,0.7719032847349936
UBFC_PHYS_s13_T2_ctrl,137,52,138.73333333333332,-0.15892724692821503,0.7640948101913562
UBFC_PHYS_s13_T2_ctrl,137,53,138.76666666666668,0.02202678471803665,0.7481748610072518
UBFC_PHYS_s13_T2_ctrl,137,54,138.8,0.22853483259677887,0.7140524429812326
UBFC_PHYS_s13_T2_ctrl,137,55,138.83333333333334,0.5595276355743408,0.656867028209374
UBFC_PHYS_s13_T2_ctrl,137,56,138.86666666666667,0.8603960871696472,0.578800424624869
UBFC_PHYS_s13_T2_ctrl,137,57,138.9,1.0077097415924072,0.48752253033608955
UBFC_PHYS_s13_T2_ctrl,137,58,138.93333333333334,1.0490707159042358,0.3926283097072698
UBFC_PHYS_s13_T2_ctrl,137,59,138.96666666666667,1.2158257961273193,0.3019334759563644
UBFC_PHYS_s13_T2_ctrl,137,60,139.0,1.5998609066009521,0.2190948309641626
UBFC_PHYS_s13_T2_ctrl,137,61,139.03333333333333,2.0985217094421387,0.14314582797514047
UBFC_PHYS_s13_T2_ctrl,137,62,139.06666666666666,2.2125244140625,0.06972544436901411
UBFC_PHYS_s13_T2_ctrl,137,63,139.1,0.894342839717865,-0.006700299915867522
UBFC_PHYS_s13_T2_ctrl,137,64,139.13333333333333,-0.8656216859817505,-0.09043959811586325
UBFC_PHYS_s13_T2_ctrl,137,65,139.16666666666666,-2.0175061225891113,-0.18265770197143344
UBFC_PHYS_s13_T2_ctrl,137,66,139.2,-2.640631914138794,-0.2803375780555329
UBFC_PHYS_s13_T2_ctrl,137,67,139.23333333333332,-2.884589672088623,-0.37632728186416986
UBFC_PHYS_s13_T2_ctrl,137,68,139.26666666666668,-2.7650113105773926,-0.46060158882931707
UBFC_PHYS_s13_T2_ctrl,137,69,139.3,-2.5898797512054443,-0.5226777390959813
UBFC_PHYS_s13_T2_ctrl,137,70,139.33333333333334,-2.534649610519409,-0.5546909074608819
UBFC_PHYS_s13_T2_ctrl,137,71,139.36666666666667,-2.4797191619873047,-0.5541741636539808
UBFC_PHYS_s13_T2_ctrl,137,72,139.4,-2.2121846675872803,-0.5254492993101456
UBFC_PHYS_s13_T2_ctrl,137,73,139.43333333333334,-1.8591372966766357,-0.47889756324270844
UBFC_PHYS_s13_T2_ctrl,137,74,139.46666666666667,-1.6140692234039307,-0.4281582157869437
UBFC_PHYS_s13_T2_ctrl,137,75,139.5,-1.4794220924377441,-0.38613931220454173
UBFC_PHYS_s13_T2_ctrl,137,76,139.53333333333333,-1.3116223812103271,-0.3612033140610908
UBFC_PHYS_s13_T2_ctrl,137,77,139.56666666666666,-1.1171252727508545,-0.3547779965565374
UBFC_PHYS_s13_T2_ctrl,137,78,139.6,-0.9768038988113403,-0.3610342682189092
UBFC_PHYS_s13_T2_ctrl,137,79,139.63333333333333,-0.9118561744689941,-0.36862286469106453
UBFC_PHYS_s13_T2_ctrl,137,80,139.66666666666666,-0.8341627717018127,-0.3640851907921332
UBFC_PHYS_s13_T2_ctrl,137,81,139.7,-0.7145317792892456,-0.33619986601657076
UBFC_PHYS_s13_T2_ctrl,137,82,139.73333333333332,-0.6041107177734375,-0.27999632085431203
UBFC_PHYS_s13_T2_ctrl,137,83,139.76666666666668,-0.5149073004722595,-0.1988942233727228
UBFC_PHYS_s13_T2_ctrl,137,84,139.8,-0.41633573174476624,-0.10389463290753954
UBFC_PHYS_s13_T2_ctrl,137,85,139.83333333333334,-0.3005600571632385,-0.009841495272721334
UBFC_PHYS_s13_T2_ctrl,137,86,139.86666666666667,-0.19582322239875793,0.06999215332836216
UBFC_PHYS_s13_T2_ctrl,137,87,139.9,-0.11584625393152237,0.12885771403492596
UBFC_PHYS_s13_T2_ctrl,137,88,139.93333333333334,-0.05260542780160904,0.1687995841992103
UBFC_PHYS_s13_T2_ctrl,137,89,139.96666666666667,-0.0037611841689795256,0.19900839898208952
UBFC_PHYS_s13_T2_ctrl,137,90,140.0,0.025200027972459793,0.2308770055019656
UBFC_PHYS_s13_T2_ctrl,137,91,140.03333333333333,0.024455321952700615,0.27210837283067424
UBFC_PHYS_s13_T2_ctrl,137,92,140.06666666666666,-0.008219543844461441,0.3227879714181111
UBFC_PHYS_s13_T2_ctrl,137,93,140.1,-0.07280479371547699,0.3753183934526561
UBFC_PHYS_s13_T2_ctrl,137,94,140.13333333333333,-0.15258075296878815,0.418000332778601
UBFC_PHYS_s13_T2_ctrl,137,95,140.16666666666666,-0.2080812305212021,0.44015407610237994
UBFC_PHYS_s13_T2_ctrl,137,96,140.2,-0.19398123025894165,0.43617686508834813
UBFC_PHYS_s13_T2_ctrl,137,97,140.23333333333332,-0.09392350912094116,0.40689609886697115
UBFC_PHYS_s13_T2_ctrl,137,98,140.26666666666668,0.06673230230808258,0.35823913318191547
UBFC_PHYS_s13_T2_ctrl,137,99,140.3,0.2424832582473755,0.2985285423525049
UBFC_PHYS_s13_T2_ctrl,137,100,140.33333333333334,0.4152982234954834,0.23593435106633168
UBFC_PHYS_s13_T2_ctrl,137,101,140.36666666666667,0.5872564911842346,0.17697164555170927
UBFC_PHYS_s13_T2_ctrl,137,102,140.4,0.760028600692749,0.1260713380412851
UBFC_PHYS_s13_T2_ctrl,137,103,140.43333333333334,0.9331269860267639,0.08568483970671903
UBFC_PHYS_s13_T2_ctrl,137,104,140.46666666666667,1.1135141849517822,0.0563471919444835
UBFC_PHYS_s13_T2_ctrl,137,105,140.5,1.289258599281311,0.03655961611141512
UBFC_PHYS_s13_T2_ctrl,137,106,140.53333333333333,1.424782156944275,0.0229073088022905
UBFC_PHYS_s13_T2_ctrl,137,107,140.56666666666666,1.4871629476547241,0.010956776796285997
UBFC_PHYS_s13_T2_ctrl,137,108,140.6,1.496883749961853,-0.0030500715723176816
UBFC_PHYS_s13_T2_ctrl,137,109,140.63333333333333,1.5302505493164062,-0.02039913033604892
UBFC_PHYS_s13_T2_ctrl,137,110,140.66666666666666,1.6793403625488281,-0.03897359658919048
UBFC_PHYS_s13_T2_ctrl,137,111,140.7,1.8815382719039917,-0.05383936632788845
UBFC_PHYS_s13_T2_ctrl,137,112,140.73333333333332,1.9309394359588623,-0.05929500870969964
UBFC_PHYS_s13_T2_ctrl,137,113,140.76666666666668,1.7708470821380615,-0.051613851619404495
UBFC_PHYS_s13_T2_ctrl,137,114,140.8,1.6308618783950806,-0.03131975076543275
UBFC_PHYS_s13_T2_ctrl,137,115,140.83333333333334,1.6619747877120972,-0.003987392160313711
UBFC_PHYS_s13_T2_ctrl,137,116,140.86666666666667,1.7303396463394165,0.020840675188324113
UBFC_PHYS_s13_T2_ctrl,137,117,140.9,1.7718290090560913,0.032379420321461745
UBFC_PHYS_s13_T2_ctrl,137,118,140.93333333333334,1.9378361701965332,0.022301731354179555
UBFC_PHYS_s13_T2_ctrl,137,119,140.96666666666667,2.3653905391693115,-0.011702334753095647
UBFC_PHYS_s13_T2_ctrl,137,120,141.0,2.840935707092285,-0.06412157075512175
UBFC_PHYS_s13_T2_ctrl,137,121,141.03333333333333,3.1523749828338623,-0.12293085818666137
UBFC_PHYS_s13_T2_ctrl,137,122,141.06666666666666,3.3444535732269287,-0.1739019620888464
UBFC_PHYS_s13_T2_ctrl,137,123,141.1,3.6154842376708984,-0.20613269776391696
UBFC_PHYS_s13_T2_ctrl,137,124,141.13333333333333,3.8327906131744385,-0.21636656273353155
UBFC_PHYS_s13_T2_ctrl,137,125,141.16666666666666,3.7828752994537354,-0.2102739861025163
UBFC_PHYS_s13_T2_ctrl,137,126,141.2,2.793910503387451,-0.20020543995366424
UBFC_PHYS_s13_T2_ctrl,137,127,141.23333333333332,0.3602261245250702,-0.2003644610880036
UBFC_PHYS_s13_T2_ctrl,137,128,141.26666666666668,-2.001709222793579,-0.22130985473889508
UBFC_PHYS_s13_T2_ctrl,137,129,141.3,-3.2370338439941406,-0.26582984147402305
UBFC_PHYS_s13_T2_ctrl,137,130,141.33333333333334,-3.6349220275878906,-0.3275533970318668
UBFC_PHYS_s13_T2_ctrl,137,131,141.36666666666667,-3.5217032432556152,-0.3926034422610433
UBFC_PHYS_s13_T2_ctrl,137,132,141.4,-3.103708267211914,-0.44364122393677435
UBFC_PHYS_s13_T2_ctrl,137,133,141.43333333333334,-2.7031314373016357,-0.4650134054112466
UBFC_PHYS_s13_T2_ctrl,137,134,141.46666666666667,-2.501173973083496,-0.4474396828853445
UBFC_PHYS_s13_T2_ctrl,137,135,141.5,-2.3980813026428223,-0.39081261763401526
UBFC_PHYS_s13_T2_ctrl,137,136,141.53333333333333,-2.1994752883911133,-0.30421750532272096
UBFC_PHYS_s13_T2_ctrl,137,137,141.56666666666666,-2.0350003242492676,-0.20309476223544073
UBFC_PHYS_s13_T2_ctrl,137,138,141.6,-2.0599381923675537,-0.10436046595097843
UBFC_PHYS_s13_T2_ctrl,137,139,141.63333333333333,-2.2825562953948975,-0.0210454001989102
UBFC_PHYS_s13_T2_ctrl,137,140,141.66666666666666,-2.5133132934570312,0.04167321954220197
UBFC_PHYS_s13_T2_ctrl,137,141,141.7,-2.6782066822052,0.08760785117634476
UBFC_PHYS_s13_T2_ctrl,137,142,141.73333333333332,-2.5059518814086914,0.12756940459886018
UBFC_PHYS_s13_T2_ctrl,137,143,141.76666666666668,-1.6330394744873047,0.1751230304797356
UBFC_PHYS_s13_T2_ctrl,137,144,141.8,-0.47227776050567627,0.241528498023466
UBFC_PHYS_s13_T2_ctrl,137,145,141.83333333333334,0.5131811499595642,0.33134780292604127
UBFC_PHYS_s13_T2_ctrl,137,146,141.86666666666667,1.1911286115646362,0.4400357696597124
UBFC_PHYS_s13_T2_ctrl,137,147,141.9,1.535219669342041,0.5544185506458432
UBFC_PHYS_s13_T2_ctrl,137,148,141.93333333333334,1.6278237104415894,0.6561752977484131
UBFC_PHYS_s13_T2_ctrl,137,149,141.96666666666667,1.6005299091339111,0.7273541814961313
UBFC_PHYS_s13_T2_ctrl,137,150,142.0,1.4962115287780762,0.7559717096215695
UBFC_PHYS_s13_T2_ctrl,137,151,142.03333333333333,1.2350267171859741,0.739530624073733
UBFC_PHYS_s13_T2_ctrl,137,152,142.06666666666666,0.7971915006637573,0.6851677067792119
UBFC_PHYS_s13_T2_ctrl,137,153,142.1,0.31013959646224976,0.6065628078325591
UBFC_PHYS_s13_T2_ctrl,137,154,142.13333333333333,-0.10835304111242294,0.5189232982602046
UBFC_PHYS_s13_T2_ctrl,137,155,142.16666666666666,-0.4614794850349426,0.4339816752439444
UBFC_PHYS_s13_T2_ctrl,137,156,142.2,-0.8159866333007812,0.35691904115865913
UBFC_PHYS_s13_T2_ctrl,137,157,142.23333333333332,-1.151711344718933,0.2863122033227568
UBFC_PHYS_s13_T2_ctrl,137,158,142.26666666666668,-1.3950395584106445,0.21678506029056213
UBFC_PHYS_s13_T2_ctrl,137,159,142.3,-1.5624504089355469,0.14284062163288805
UBFC_PHYS_s13_T2_ctrl,137,160,142.33333333333334,-1.7542389631271362,0.06207567457479122
UBFC_PHYS_s13_T2_ctrl,137,161,142.36666666666667,-1.9620848894119263,-0.023440686304968074
UBFC_PHYS_s13_T2_ctrl,137,162,142.4,-2.0172722339630127,-0.10792375597851465
UBFC_PHYS_s13_T2_ctrl,137,163,142.43333333333334,-1.7535700798034668,-0.18426146959478035
UBFC_PHYS_s13_T2_ctrl,137,164,142.46666666666667,-1.1766853332519531,-0.24708337517011592
UBFC_PHYS_s13_T2_ctrl,137,165,142.5,-0.5401021242141724,-0.29543018340504623
UBFC_PHYS_s13_T2_ctrl,137,166,142.53333333333333,-0.18281391263008118,-0.33404481261915575
UBFC_PHYS_s13_T2_ctrl,137,167,142.56666666666666,-0.1600508987903595,-0.3727158574487218
UBFC_PHYS_s13_T2_ctrl,137,168,142.6,-0.25732749700546265,-0.42379648389120744
UBFC_PHYS_s13_T2_ctrl,137,169,142.63333333333333,-0.32552096247673035,-0.49861145823822356
UBFC_PHYS_s13_T2_ctrl,137,170,142.66666666666666,-0.36390963196754456,-0.6036358933303307
UBFC_PHYS_s13_T2_ctrl,137,171,142.7,-0.37456950545310974,-0.7372337812835397
UBFC_PHYS_s13_T2_ctrl,137,172,142.73333333333332,-0.34437260031700134,-0.8876772182485149
UBFC_PHYS_s13_T2_ctrl,137,173,142.76666666666668,-0.31829795241355896,-1.033195697874911
UBFC_PHYS_s13_T2_ctrl,137,174,142.8,-0.3193194568157196,-1.1447598787535251
UBFC_PHYS_s13_T2_ctrl,137,175,142.83333333333334,-0.26531827449798584,-1.1918906926910393
UBFC_PHYS_s13_T2_ctrl,137,176,142.86666666666667,-0.056862782686948776,-1.150821620167248
UBFC_PHYS_s13_T2_ctrl,137,177,142.9,0.324107825756073,-1.0129829076089327
UBFC_PHYS_s13_T2_ctrl,137,178,142.93333333333334,0.7953659892082214,-0.7905769692259607
UBFC_PHYS_s13_T2_ctrl,137,179,142.96666666666667,1.2344896793365479,-0.5158226328455586
UBFC_PHYS_s13_T2_ctrl,137,180,143.0,1.3806005716323853,-0.23208487574052303
UBFC_PHYS_s13_T2_ctrl,137,181,143.03333333333333,1.1777435541152954,0.021051481081746586
UBFC_PHYS_s13_T2_ctrl,137,182,143.06666666666666,0.8493770360946655,0.222171304088258
UBFC_PHYS_s13_T2_ctrl,137,183,143.1,0.523102879524231,0.3741235644893098
UBFC_PHYS_s13_T2_ctrl,137,184,143.13333333333333,0.24029527604579926,0.4984975156966388
UBFC_PHYS_s13_T2_ctrl,137,185,143.16666666666666,0.03155969828367233,0.621806646499097
UBFC_PHYS_s13_T2_ctrl,137,186,143.2,-0.10479426383972168,0.7606973483576721
UBFC_PHYS_s13_T2_ctrl,137,187,143.23333333333332,-0.19208650290966034,0.9131515236761083
UBFC_PHYS_s13_T2_ctrl,137,188,143.26666666666668,-0.24548466503620148,1.059000928229424
UBFC_PHYS_s13_T2_ctrl,137,189,143.3,-0.22599045932292938,1.1684314292998592
UBFC_PHYS_s13_T2_ctrl,137,190,143.33333333333334,-0.11164820939302444,1.2138846467303435
UBFC_PHYS_s13_T2_ctrl,137,191,143.36666666666667,0.04434823617339134,1.1801179957736905
UBFC_PHYS_s13_T2_ctrl,137,192,143.4,0.1554216891527176,1.068979052909532
UBFC_PHYS_s13_T2_ctrl,137,193,143.43333333333334,0.19951100647449493,0.8981992834042027
UBFC_PHYS_s13_T2_ctrl,137,194,143.46666666666667,0.2359028160572052,0.6956481583366514
UBFC_PHYS_s13_T2_ctrl,137,195,143.5,0.3697096109390259,0.49151536078494756
UBFC_PHYS_s13_T2_ctrl,137,196,143.53333333333333,0.639069676399231,0.31098404209033015
UBFC_PHYS_s13_T2_ctrl,137,197,143.56666666666666,0.9133362174034119,0.16934012560473513
UBFC_PHYS_s13_T2_ctrl,137,198,143.6,1.018326759338379,0.07040354394566321
UBFC_PHYS_s13_T2_ctrl,137,199,143.63333333333333,0.9875960350036621,0.008064216659869668
UBFC_PHYS_s13_T2_ctrl,137,200,143.66666666666666,1.0276389122009277,-0.030092889275780462
UBFC_PHYS_s13_T2_ctrl,137,201,143.7,1.1974321603775024,-0.058421382306025234
UBFC_PHYS_s13_T2_ctrl,137,202,143.73333333333332,1.355273962020874,-0.08933254039969578
UBFC_PHYS_s13_T2_ctrl,137,203,143.76666666666668,1.3996367454528809,-0.13068875648539385
UBFC_PHYS_s13_T2_ctrl,137,204,143.8,1.3152871131896973,-0.18472744432103222
UBFC_PHYS_s13_T2_ctrl,137,205,143.83333333333334,1.1435463428497314,-0.2484083095683208
UBFC_PHYS_s13_T2_ctrl,137,206,143.86666666666667,0.9538601636886597,-0.3149698736774955
UBFC_PHYS_s13_T2_ctrl,137,207,143.9,0.7761024236679077,-0.3763976859745135
UBFC_PHYS_s13_T2_ctrl,137,208,143.93333333333334,0.5408539175987244,-0.4262477468629247
UBFC_PHYS_s13_T2_ctrl,137,209,143.96666666666667,0.22909170389175415,-0.4620006025408176
UBFC_PHYS_s13_T2_ctrl,137,210,144.0,-0.057640440762043,-0.48612182579758056
UBFC_PHYS_s13_T2_ctrl,137,211,144.03333333333333,-0.25882020592689514,-0.505346637909724
UBFC_PHYS_s13_T2_ctrl,137,212,144.06666666666666,-0.47216901183128357,-0.5282698864233071
UBFC_PHYS_s13_T2_ctrl,137,213,144.1,-0.7782536745071411,-0.5618668928842371
UBFC_PHYS_s13_T2_ctrl,137,214,144.13333333333333,-1.1044355630874634,-0.6079230961682702
UBFC_PHYS_s13_T2_ctrl,137,215,144.16666666666666,-1.4233713150024414,-0.6605606966810681
UBFC_PHYS_s13_T2_ctrl,137,216,144.2,-1.8189889192581177,-0.7060750198753992
UBFC_PHYS_s13_T2_ctrl,137,217,144.23333333333332,-2.34523344039917,-0.7257483209665241
UBFC_PHYS_s13_T2_ctrl,137,218,144.26666666666668,-2.831076145172119,-0.7010926849571758
UBFC_PHYS_s13_T2_ctrl,137,219,144.3,-3.1082851886749268,-0.6198041449700369
UBFC_PHYS_s13_T2_ctrl,137,220,144.33333333333334,-2.6357781887054443,-0.48036245603934713
UBFC_PHYS_s13_T2_ctrl,137,221,144.36666666666667,-1.2882431745529175,-0.293718077120503
UBFC_PHYS_s13_T2_ctrl,137,222,144.4,0.07202763110399246,-0.08146492268998916
UBFC_PHYS_s13_T2_ctrl,137,223,144.43333333333334,0.9786628484725952,0.12910014659283653
UBFC_PHYS_s13_T2_ctrl,137,224,144.46666666666667,1.4919441938400269,0.3117895488090305
UBFC_PHYS_s13_T2_ctrl,137,225,144.5,1.6705917119979858,0.44821393704898205
UBFC_PHYS_s13_T2_ctrl,137,226,144.53333333333333,1.6359100341796875,0.531880850569177
UBFC_PHYS_s13_T2_ctrl,137,227,144.56666666666666,1.561903953552246,0.5679013215754267
UBFC_PHYS_s13_T2_ctrl,137,228,144.6,1.4928900003433228,0.5685854772203448
UBFC_PHYS_s13_T2_ctrl,137,229,144.63333333333333,1.3498072624206543,0.5473510209192207
UBFC_PHYS_s13_T2_ctrl,137,230,144.66666666666666,1.1312553882598877,0.5139922108637018
UBFC_PHYS_s13_T2_ctrl,137,231,144.7,0.958391010761261,0.4731888524274286
UBFC_PHYS_s13_T2_ctrl,137,232,144.73333333333332,0.8897494077682495,0.42604322466978
UBFC_PHYS_s13_T2_ctrl,137,233,144.76666666666668,0.8594931960105896,0.37285583233938774
UBFC_PHYS_s13_T2_ctrl,137,234,144.8,0.7784650325775146,0.31523712472275767
UBFC_PHYS_s13_T2_ctrl,137,235,144.83333333333334,0.6636054515838623,0.2566081972478481
UBFC_PHYS_s13_T2_ctrl,137,236,144.86666666666667,0.5373050570487976,0.2012263995492028
UBFC_PHYS_s13_T2_ctrl,137,237,144.9,0.3808307945728302,0.1525559257229664
UBFC_PHYS_s13_T2_ctrl,137,238,144.93333333333334,0.18520009517669678,0.11195224600487275
UBFC_PHYS_s13_T2_ctrl,137,239,144.96666666666667,0.005079745780676603,0.07830291540607918
UBFC_PHYS_s13_T2_ctrl,138,0,138.0,1.121649980545044,-0.042885020636405854
UBFC_PHYS_s13_T2_ctrl,138,1,138.03333333333333,1.1341221332550049,-0.2166939792045109
UBFC_PHYS_s13_T2_ctrl,138,2,138.06666666666666,0.9468216896057129,-0.3955032040963554
UBFC_PHYS_s13_T2_ctrl,138,3,138.1,0.7422446012496948,-0.5798145858388033
UBFC_PHYS_s13_T2_ctrl,138,4,138.13333333333333,0.6566855907440186,-0.7648511113881612
UBFC_PHYS_s13_T2_ctrl,138,5,138.16666666666666,0.6929653882980347,-0.9395568121665373
UBFC_PHYS_s13_T2_ctrl,138,6,138.2,0.7921465635299683,-1.0871386786057013
UBFC_PHYS_s13_T2_ctrl,138,7,138.23333333333332,0.8234143853187561,-1.1874449109189122
UBFC_PHYS_s13_T2_ctrl,138,8,138.26666666666668,0.6838937997817993,-1.2212238028278923
UBFC_PHYS_s13_T2_ctrl,138,9,138.3,0.4284294843673706,-1.175707022539658
UBFC_PHYS_s13_T2_ctrl,138,10,138.33333333333334,0.16898459196090698,-1.0501153694261465
UBFC_PHYS_s13_T2_ctrl,138,11,138.36666666666667,-0.08150403201580048,-0.8587713693276883
UBFC_PHYS_s13_T2_ctrl,138,12,138.4,-0.36442697048187256,-0.629225517862655
UBFC_PHYS_s13_T2_ctrl,138,13,138.43333333333334,-0.7009457945823669,-0.39456838141519696
UBFC_PHYS_s13_T2_ctrl,138,14,138.46666666666667,-1.097054362297058,-0.18280823582895434
UBFC_PHYS_s13_T2_ctrl,138,15,138.5,-1.4831291437149048,-0.008601740741405852
UBFC_PHYS_s13_T2_ctrl,138,16,138.53333333333333,-1.6396397352218628,0.12885751194561532
UBFC_PHYS_s13_T2_ctrl,138,17,138.56666666666666,-1.4591996669769287,0.2417060350037168
UBFC_PHYS_s13_T2_ctrl,138,18,138.6,-1.129198670387268,0.3458121465470506
UBFC_PHYS_s13_T2_ctrl,138,19,138.63333333333333,-0.8562271595001221,0.45330610883120914
UBFC_PHYS_s13_T2_ctrl,138,20,138.66666666666666,-0.6414779424667358,0.5679289206168936
UBFC_PHYS_s13_T2_ctrl,138,21,138.7,-0.38905173540115356,0.6841850361867817
UBFC_PHYS_s13_T2_ctrl,138,22,138.73333333333332,-0.15892724692821503,0.7897400924431509
UBFC_PHYS_s13_T2_ctrl,138,23,138.76666666666668,0.02202678471803665,0.8696615401313168
UBFC_PHYS_s13_T2_ctrl,138,24,138.8,0.22853483259677887,0.910999865912745
UBFC_PHYS_s13_T2_ctrl,138,25,138.83333333333334,0.5595276355743408,0.9065079660478661
UBFC_PHYS_s13_T2_ctrl,138,26,138.86666666666667,0.8603960871696472,0.8566526580376068
UBFC_PHYS_s13_T2_ctrl,138,27,138.9,1.0077097415924072,0.7694772117409066
UBFC_PHYS_s13_T2_ctrl,138,28,138.93333333333334,1.0490707159042358,0.6584102367545982
UBFC_PHYS_s13_T2_ctrl,138,29,138.96666666666667,1.2158257961273193,0.5386564274058133
UBFC_PHYS_s13_T2_ctrl,138,30,139.0,1.5998609066009521,0.42317414961629
UBFC_PHYS_s13_T2_ctrl,138,31,139.03333333333333,2.0985217094421387,0.3194117452726554
UBFC_PHYS_s13_T2_ctrl,138,32,139.06666666666666,2.2125244140625,0.22789782171814613
UBFC_PHYS_s13_T2_ctrl,138,33,139.1,0.894342839717865,0.1432900523873213
UBFC_PHYS_s13_T2_ctrl,138,34,139.13333333333333,-0.8656216859817505,0.0575768322043807
UBFC_PHYS_s13_T2_ctrl,138,35,139.16666666666666,-2.0175061225891113,-0.035787910374674416
UBFC_PHYS_s13_T2_ctrl,138,36,139.2,-2.640631914138794,-0.13845238930149803
UBFC_PHYS_s13_T2_ctrl,138,37,139.23333333333332,-2.884589672088623,-0.2457837040344837
UBFC_PHYS_s13_T2_ctrl,138,38,139.26666666666668,-2.7650113105773926,-0.3480232504360743
UBFC_PHYS_s13_T2_ctrl,138,39,139.3,-2.5898797512054443,-0.4334737675045276
UBFC_PHYS_s13_T2_ctrl,138,40,139.33333333333334,-2.534649610519409,-0.4925056504325766
UBFC_PHYS_s13_T2_ctrl,138,41,139.36666666666667,-2.4797191619873047,-0.5209166694090028
UBFC_PHYS_s13_T2_ctrl,138,42,139.4,-2.2121846675872803,-0.5213858891574852
UBFC_PHYS_s13_T2_ctrl,138,43,139.43333333333334,-1.8591372966766357,-0.5024318759315084
UBFC_PHYS_s13_T2_ctrl,138,44,139.46666666666667,-1.6140692234039307,-0.4752713449448366
UBFC_PHYS_s13_T2_ctrl,138,45,139.5,-1.4794220924377441,-0.4498653316383908
UBFC_PHYS_s13_T2_ctrl,138,46,139.53333333333333,-1.3116223812103271,-0.43178531844774554
UBFC_PHYS_s13_T2_ctrl,138,47,139.56666666666666,-1.1171252727508545,-0.42110216533755884
UBFC_PHYS_s13_T2_ctrl,138,48,139.6,-0.9768038988113403,-0.41347862329867496
UBFC_PHYS_s13_T2_ctrl,138,49,139.63333333333333,-0.9118561744689941,-0.40268596479499974
UBFC_PHYS_s13_T2_ctrl,138,50,139.66666666666666,-0.8341627717018127,-0.38341360812322517
UBFC_PHYS_s13_T2_ctrl,138,51,139.7,-0.7145317792892456,-0.35340905578949494
UBFC_PHYS_s13_T2_ctrl,138,52,139.73333333333332,-0.6041107177734375,-0.31432730973217626
UBFC_PHYS_s13_T2_ctrl,138,53,139.76666666666668,-0.5149073004722595,-0.2710342832482853
UBFC_PHYS_s13_T2_ctrl,138,54,139.8,-0.41633573174476624,-0.22951004172590211
UBFC_PHYS_s13_T2_ctrl,138,55,139.83333333333334,-0.3005600571632385,-0.19398370110288296
UBFC_PHYS_s13_T2_ctrl,138,56,139.86666666666667,-0.19582322239875793,-0.1643959830811448
UBFC_PHYS_s13_T2_ctrl,138,57,139.9,-0.11584625393152237,-0.135348846636178
UBFC_PHYS_s13_T2_ctrl,138,58,139.93333333333334,-0.05260542780160904,-0.09716348073916715
UBFC_PHYS_s13_T2_ctrl,138,59,139.96666666666667,-0.0037611841689795256,-0.03890815575796993
UBFC_PHYS_s13_T2_ctrl,138,60,140.0,0.025200027972459793,0.04733340513741044
UBFC_PHYS_s13_T2_ctrl,138,61,140.03333333333333,0.024455321952700615,0.1622531361718314
UBFC_PHYS_s13_T2_ctrl,138,62,140.06666666666666,-0.008219543844461441,0.2970156624553272
UBFC_PHYS_s13_T2_ctrl,138,63,140.1,-0.07280479371547699,0.4344677492339443
UBFC_PHYS_s13_T2_ctrl,138,64,140.13333333333333,-0.15258075296878815,0.5539469881535896
UBFC_PHYS_s13_T2_ctrl,138,65,140.16666666666666,-0.2080812305212021,0.637726947245672
UBFC_PHYS_s13_T2_ctrl,138,66,140.2,-0.19398123025894165,0.6759576115987234
UBFC_PHYS_s13_T2_ctrl,138,67,140.23333333333332,-0.09392350912094116,0.6678226865735015
UBFC_PHYS_s13_T2_ctrl,138,68,140.26666666666668,0.06673230230808258,0.6192700911541177
UBFC_PHYS_s13_T2_ctrl,138,69,140.3,0.2424832582473755,0.5397002065994668
UBFC_PHYS_s13_T2_ctrl,138,70,140.33333333333334,0.4152982234954834,0.4395978640546744
UBFC_PHYS_s13_T2_ctrl,138,71,140.36666666666667,0.5872564911842346,0.32944180967432757
UBFC_PHYS_s13_T2_ctrl,138,72,140.4,0.760028600692749,0.21926247902118784
UBFC_PHYS_s13_T2_ctrl,138,73,140.43333333333334,0.9331269860267639,0.118164805878527
UBFC_PHYS_s13_T2_ctrl,138,74,140.46666666666667,1.1135141849517822,0.03340823114453939
UBFC_PHYS_s13_T2_ctrl,138,75,140.5,1.289258599281311,-0.030884557347201018
UBFC_PHYS_s13_T2_ctrl,138,76,140.53333333333333,1.424782156944275,-0.07470827383011493
UBFC_PHYS_s13_T2_ctrl,138,77,140.56666666666666,1.4871629476547241,-0.10189345238386294
UBFC_PHYS_s13_T2_ctrl,138,78,140.6,1.496883749961853,-0.11809044832101515
UBFC_PHYS_s13_T2_ctrl,138,79,140.63333333333333,1.5302505493164062,-0.12765432671660243
UBFC_PHYS_s13_T2_ctrl,138,80,140.66666666666666,1.6793403625488281,-0.1311421699702839
UBFC_PHYS_s13_T2_ctrl,138,81,140.7,1.8815382719039917,-0.12519198393201952
UBFC_PHYS_s13_T2_ctrl,138,82,140.73333333333332,1.9309394359588623,-0.10519927037631667
UBFC_PHYS_s13_T2_ctrl,138,83,140.76666666666668,1.7708470821380615,-0.06936701806300853
UBFC_PHYS_s13_T2_ctrl,138,84,140.8,1.6308618783950806,-0.021715074533578037
UBFC_PHYS_s13_T2_ctrl,138,85,140.83333333333334,1.6619747877120972,0.027821615254482922
UBFC_PHYS_s13_T2_ctrl,138,86,140.86666666666667,1.7303396463394165,0.06632376760612983
UBFC_PHYS_s13_T2_ctrl,138,87,140.9,1.7718290090560913,0.08232205451210368
UBFC_PHYS_s13_T2_ctrl,138,88,140.93333333333334,1.9378361701965332,0.06976800663615053
UBFC_PHYS_s13_T2_ctrl,138,89,140.96666666666667,2.3653905391693115,0.03009036563633545
UBFC_PHYS_s13_T2_ctrl,138,90,141.0,2.840935707092285,-0.028329980181224776
UBFC_PHYS_s13_T2_ctrl,138,91,141.03333333333333,3.1523749828338623,-0.0929928686926238
UBFC_PHYS_s13_T2_ctrl,138,92,141.06666666666666,3.3444535732269287,-0.1511694168036482
UBFC_PHYS_s13_T2_ctrl,138,93,141.1,3.6154842376708984,-0.1933148144818681
UBFC_PHYS_s13_T2_ctrl,138,94,141.13333333333333,3.8327906131744385,-0.2151849075110137
UBFC_PHYS_s13_T2_ctrl,138,95,141.16666666666666,3.7828752994537354,-0.2185723918886381
UBFC_PHYS_s13_T2_ctrl,138,96,141.2,2.793910503387451,-0.21054402455294782
UBFC_PHYS_s13_T2_ctrl,138,97,141.23333333333332,0.3602261245250702,-0.20105367074564395
UBFC_PHYS_s13_T2_ctrl,138,98,141.26666666666668,-2.001709222793579,-0.19959291642783022
UBFC_PHYS_s13_T2_ctrl,138,99,141.3,-3.2370338439941406,-0.212255531464295
UBFC_PHYS_s13_T2_ctrl,138,100,141.33333333333334,-3.6349220275878906,-0.24025375413760514
UBFC_PHYS_s13_T2_ctrl,138,101,141.36666666666667,-3.5217032432556152,-0.2800264578388325
UBFC_PHYS_s13_T2_ctrl,138,102,141.4,-3.103708267211914,-0.3245298895216027
UBFC_PHYS_s13_T2_ctrl,138,103,141.43333333333334,-2.7031314373016357,-0.36520780692603777
UBFC_PHYS_s13_T2_ctrl,138,104,141.46666666666667,-2.501173973083496,-0.3941742781115024
UBFC_PHYS_s13_T2_ctrl,138,105,141.5,-2.3980813026428223,-0.40610126561165444
UBFC_PHYS_s13_T2_ctrl,138,106,141.53333333333333,-2.1994752883911133,-0.3992138799271363
UBFC_PHYS_s13_T2_ctrl,138,107,141.56666666666666,-2.0350003242492676,-0.3749254610510813
UBFC_PHYS_s13_T2_ctrl,138,108,141.6,-2.0599381923675537,-0.3361600556551192
UBFC_PHYS_s13_T2_ctrl,138,109,141.63333333333333,-2.2825562953948975,-0.28507090099762444
UBFC_PHYS_s13_T2_ctrl,138,110,141.66666666666666,-2.5133132934570312,-0.22126937678098174
UBFC_PHYS_s13_T2_ctrl,138,111,141.7,-2.6782066822052,-0.14158633989167993
UBFC_PHYS_s13_T2_ctrl,138,112,141.73333333333332,-2.5059518814086914,-0.04176947548624109
UBFC_PHYS_s13_T2_ctrl,138,113,141.76666666666668,-1.6330394744873047,0.08043489055246697
UBFC_PHYS_s13_T2_ctrl,138,114,141.8,-0.47227776050567627,0.22223542562052753
UBFC_PHYS_s13_T2_ctrl,138,115,141.83333333333334,0.5131811499595642,0.37439698977465063
UBFC_PHYS_s13_T2_ctrl,138,116,141.86666666666667,1.1911286115646362,0.5223559412092176
UBFC_PHYS_s13_T2_ctrl,138,117,141.9,1.535219669342041,0.6494946276687434
UBFC_PHYS_s13_T2_ctrl,138,118,141.93333333333334,1.6278237104415894,0.7412599641766694
UBFC_PHYS_s13_T2_ctrl,138,119,141.96666666666667,1.6005299091339111,0.7885832217086318
UBFC_PHYS_s13_T2_ctrl,138,120,142.0,1.4962115287780762,0.7895870558473406
UBFC_PHYS_s13_T2_ctrl,138,121,142.03333333333333,1.2350267171859741,0.7494029431886111
UBFC_PHYS_s13_T2_ctrl,138,122,142.06666666666666,0.7971915006637573,0.6785352543694962
UBFC_PHYS_s13_T2_ctrl,138,123,142.1,0.31013959646224976,0.5903773640578135
UBFC_PHYS_s13_T2_ctrl,138,124,142.13333333333333,-0.10835304111242294,0.498347706459001
UBFC_PHYS_s13_T2_ctrl,138,125,142.16666666666666,-0.4614794850349426,0.41306669152529807
UBFC_PHYS_s13_T2_ctrl,138,126,142.2,-0.8159866333007812,0.34022438450576403
UBFC_PHYS_s13_T2_ctrl,138,127,142.23333333333332,-1.151711344718933,0.27990155247662135
UBFC_PHYS_s13_T2_ctrl,138,128,142.26666666666668,-1.3950395584106445,0.22770093947082148
UBFC_PHYS_s13_T2_ctrl,138,129,142.3,-1.5624504089355469,0.1772980449060081
UBFC_PHYS_s13_T2_ctrl,138,130,142.33333333333334,-1.7542389631271362,0.12339557805464901
UBFC_PHYS_s13_T2_ctrl,138,131,142.36666666666667,-1.9620848894119263,0.06390864775792808
UBFC_PHYS_s13_T2_ctrl,138,132,142.4,-2.0172722339630127,0.0005927258107103215
UBFC_PHYS_s13_T2_ctrl,138,133,142.43333333333334,-1.7535700798034668,-0.06200560698077053
UBFC_PHYS_s13_T2_ctrl,138,134,142.46666666666667,-1.1766853332519531,-0.11879171123156157
UBFC_PHYS_s13_T2_ctrl,138,135,142.5,-0.5401021242141724,-0.16671484164677605
UBFC_PHYS_s13_T2_ctrl,138,136,142.53333333333333,-0.18281391263008118,-0.20679083082727143
UBFC_PHYS_s13_T2_ctrl,138,137,142.56666666666666,-0.1600508987903595,-0.24484870088611746
UBFC_PHYS_s13_T2_ctrl,138,138,142.6,-0.25732749700546265,-0.29069901144909477
UBFC_PHYS_s13_T2_ctrl,138,139,142.63333333333333,-0.32552096247673035,-0.355815102314047
UBFC_PHYS_s13_T2_ctrl,138,140,142.66666666666666,-0.36390963196754456,-0.4498790533298165
UBFC_PHYS_s13_T2_ctrl,138,141,142.7,-0.37456950545310974,-0.5767858694709218
UBFC_PHYS_s13_T2_ctrl,138,142,142.73333333333332,-0.34437260031700134,-0.7310419387468757
UBFC_PHYS_s13_T2_ctrl,138,143,142.76666666666668,-0.31829795241355896,-0.8958351580132586
UBFC_PHYS_s13_T2_ctrl,138,144,142.8,-0.3193194568157196,-1.0441153278310054
UBFC_PHYS_s13_T2_ctrl,138,145,142.83333333333334,-0.26531827449798584,-1.1434924189188926
UBFC_PHYS_s13_T2_ctrl,138,146,142.86666666666667,-0.056862782686948776,-1.1645198562686
UBFC_PHYS_s13_T2_ctrl,138,147,142.9,0.324107825756073,-1.0902490690350168
UBFC_PHYS_s13_T2_ctrl,138,148,142.93333333333334,0.7953659892082214,-0.9235228834859966
UBFC_PHYS_s13_T2_ctrl,138,149,142.96666666666667,1.2344896793365479,-0.6883148262216939
UBFC_PHYS_s13_T2_ctrl,138,150,143.0,1.3806005716323853,-0.423211995812873
UBFC_PHYS_s13_T2_ctrl,138,151,143.03333333333333,1.1777435541152954,-0.16868822623937718
UBFC_PHYS_s13_T2_ctrl,138,152,143.06666666666666,0.8493770360946655,0.04643652573509947
UBFC_PHYS_s13_T2_ctrl,138,153,143.1,0.523102879524231,0.21287496872051445
UBFC_PHYS_s13_T2_ctrl,138,154,143.13333333333333,0.24029527604579926,0.33966028033547596
UBFC_PHYS_s13_T2_ctrl,138,155,143.16666666666666,0.03155969828367233,0.44535338287233306
UBFC_PHYS_s13_T2_ctrl,138,156,143.2,-0.10479426383972168,0.5466668262367211
UBFC_PHYS_s13_T2_ctrl,138,157,143.23333333333332,-0.19208650290966034,0.6500316314037746
UBFC_PHYS_s13_T2_ctrl,138,158,143.26666666666668,-0.24548466503620148,0.7494897139819804
UBFC_PHYS_s13_T2_ctrl,138,159,143.3,-0.22599045932292938,0.8308781423952872
UBFC_PHYS_s13_T2_ctrl,138,160,143.33333333333334,-0.11164820939302444,0.8793482429129627
UBFC_PHYS_s13_T2_ctrl,138,161,143.36666666666667,0.04434823617339134,0.8861669623839038
UBFC_PHYS_s13_T2_ctrl,138,162,143.4,0.1554216891527176,0.8518138224495191
UBFC_PHYS_s13_T2_ctrl,138,163,143.43333333333334,0.19951100647449493,0.7847069387937685
UBFC_PHYS_s13_T2_ctrl,138,164,143.46666666666667,0.2359028160572052,0.6970712793737497
UBFC_PHYS_s13_T2_ctrl,138,165,143.5,0.3697096109390259,0.6004885004847449
UBFC_PHYS_s13_T2_ctrl,138,166,143.53333333333333,0.639069676399231,0.503231562911861
UBFC_PHYS_s13_T2_ctrl,138,167,143.56666666666666,0.9133362174034119,0.4100593025069336
UBFC_PHYS_s13_T2_ctrl,138,168,143.6,1.018326759338379,0.3236274566657561
UBFC_PHYS_s13_T2_ctrl,138,169,143.63333333333333,0.9875960350036621,0.2459307026006367
UBFC_PHYS_s13_T2_ctrl,138,170,143.66666666666666,1.0276389122009277,0.17859911677744575
UBFC_PHYS_s13_T2_ctrl,138,171,143.7,1.1974321603775024,0.12203149475963566
UBFC_PHYS_s13_T2_ctrl,138,172,143.73333333333332,1.355273962020874,0.07440406508462973
UBFC_PHYS_s13_T2_ctrl,138,173,143.76666666666668,1.3996367454528809,0.03172033028535088
UBFC_PHYS_s13_T2_ctrl,138,174,143.8,1.3152871131896973,-0.01086462345034769
UBFC_PHYS_s13_T2_ctrl,138,175,143.83333333333334,1.1435463428497314,-0.05723956863804481
UBFC_PHYS_s13_T2_ctrl,138,176,143.86666666666667,0.9538601636886597,-0.10903585299069109
UBFC_PHYS_s13_T2_ctrl,138,177,143.9,0.7761024236679077,-0.16536052351886998
UBFC_PHYS_s13_T2_ctrl,138,178,143.93333333333334,0.5408539175987244,-0.22359555491732327
UBFC_PHYS_s13_T2_ctrl,138,179,143.96666666666667,0.22909170389175415,-0.28086893261089163
UBFC_PHYS_s13_T2_ctrl,138,180,144.0,-0.057640440762043,-0.3354397241057205
UBFC_PHYS_s13_T2_ctrl,138,181,144.03333333333333,-0.25882020592689514,-0.38719998741014366
UBFC_PHYS_s13_T2_ctrl,138,182,144.06666666666666,-0.47216901183128357,-0.43694918177515196
UBFC_PHYS_s13_T2_ctrl,138,183,144.1,-0.7782536745071411,-0.48476084227615635
UBFC_PHYS_s13_T2_ctrl,138,184,144.13333333333333,-1.1044355630874634,-0.5282467578000625
UBFC_PHYS_s13_T2_ctrl,138,185,144.16666666666666,-1.4233713150024414,-0.5617057821419924
UBFC_PHYS_s13_T2_ctrl,138,186,144.2,-1.8189889192581177,-0.5769835441337495
UBFC_PHYS_s13_T2_ctrl,138,187,144.23333333333332,-2.34523344039917,-0.5662226380431662
UBFC_PHYS_s13_T2_ctrl,138,188,144.26666666666668,-2.831076145172119,-0.5256449792388513
UBFC_PHYS_s13_T2_ctrl,138,189,144.3,-3.1082851886749268,-0.4586803325678254
UBFC_PHYS_s13_T2_ctrl,138,190,144.33333333333334,-2.6357781887054443,-0.3767261359043279
UBFC_PHYS_s13_T2_ctrl,138,191,144.36666666666667,-1.2882431745529175,-0.29663057601667087
UBFC_PHYS_s13_T2_ctrl,138,192,144.4,0.07202763110399246,-0.23527294732657075
UBFC_PHYS_s13_T2_ctrl,138,193,144.43333333333334,0.9786628484725952,-0.20288583599022625
UBFC_PHYS_s13_T2_ctrl,138,194,144.46666666666667,1.4919441938400269,-0.1975819009223194
UBFC_PHYS_s13_T2_ctrl,138,195,144.5,1.6705917119979858,-0.20367083403749472
UBFC_PHYS_s13_T2_ctrl,138,196,144.53333333333333,1.6359100341796875,-0.19554882186857517
UBFC_PHYS_s13_T2_ctrl,138,197,144.56666666666666,1.561903953552246,-0.14688711802421925
UBFC_PHYS_s13_T2_ctrl,138,198,144.6,1.4928900003433228,-0.041963312775416824
UBFC_PHYS_s13_T2_ctrl,138,199,144.63333333333333,1.3498072624206543,0.11596914610176336
UBFC_PHYS_s13_T2_ctrl,138,200,144.66666666666666,1.1312553882598877,0.3037060801352059
UBFC_PHYS_s13_T2_ctrl,138,201,144.7,0.958391010761261,0.4855329184436924
UBFC_PHYS_s13_T2_ctrl,138,202,144.73333333333332,0.8897494077682495,0.6256171251847864
UBFC_PHYS_s13_T2_ctrl,138,203,144.76666666666668,0.8594931960105896,0.6993758042161792
UBFC_PHYS_s13_T2_ctrl,138,204,144.8,0.7784650325775146,0.6991403833919699
UBFC_PHYS_s13_T2_ctrl,138,205,144.83333333333334,0.6636054515838623,0.6330414104700477
UBFC_PHYS_s13_T2_ctrl,138,206,144.86666666666667,0.5373050570487976,0.5192196519330713
UBFC_PHYS_s13_T2_ctrl,138,207,144.9,0.3808307945728302,0.3788290833801035
UBFC_PHYS_s13_T2_ctrl,138,208,144.93333333333334,0.18520009517669678,0.2307728616599186
UBFC_PHYS_s13_T2_ctrl,138,209,144.96666666666667,0.005079745780676603,0.08950507963405217
UBFC_PHYS_s13_T2_ctrl,138,210,145.0,-0.11359235644340515,-0.03443603932124814
UBFC_PHYS_s13_T2_ctrl,138,211,145.03333333333333,-0.19540473818778992,-0.13260303740117033
UBFC_PHYS_s13_T2_ctrl,138,212,145.06666666666666,-0.2874881327152252,-0.1972598293438606
UBFC_PHYS_s13_T2_ctrl,138,213,145.1,-0.3943108320236206,-0.22163806902064148
UBFC_PHYS_s13_T2_ctrl,138,214,145.13333333333333,-0.5056412816047668,-0.2018891268510953
UBFC_PHYS_s13_T2_ctrl,138,215,145.16666666666666,-0.6381168365478516,-0.1396728622716683
UBFC_PHYS_s13_T2_ctrl,138,216,145.2,-0.820435106754303,-0.04380449053488937
UBFC_PHYS_s13_T2_ctrl,138,217,145.23333333333332,-1.0562536716461182,0.07029547738314113
UBFC_PHYS_s13_T2_ctrl,138,218,145.26666666666668,-1.2616314888000488,0.1835847356272099
UBFC_PHYS_s13_T2_ctrl,138,219,145.3,-1.2965304851531982,0.27781804606606764
UBFC_PHYS_s13_T2_ctrl,138,220,145.33333333333334,-1.1515201330184937,0.3395925972537721
UBFC_PHYS_s13_T2_ctrl,138,221,145.36666666666667,-0.9714854955673218,0.36239365931324075
UBFC_PHYS_s13_T2_ctrl,138,222,145.4,-0.862458348274231,0.34618835533516956
UBFC_PHYS_s13_T2_ctrl,138,223,145.43333333333334,-0.8053300380706787,0.2953972622165939
UBFC_PHYS_s13_T2_ctrl,138,224,145.46666666666667,-0.7684934139251709,0.21657383651298925
UBFC_PHYS_s13_T2_ctrl,138,225,145.5,-0.75441974401474,0.11680978001571089
UBFC_PHYS_s13_T2_ctrl,138,226,145.53333333333333,-0.7439740300178528,0.0032189894549679615
UBFC_PHYS_s13_T2_ctrl,138,227,145.56666666666666,-0.7104753851890564,-0.11675802330698437
UBFC_PHYS_s13_T2_ctrl,138,228,145.6,-0.6609622240066528,-0.23480995816829903
UBFC_PHYS_s13_T2_ctrl,138,229,145.63333333333333,-0.6017810702323914,-0.34156300756811353
UBFC_PHYS_s13_T2_ctrl,138,230,145.66666666666666,-0.5147787928581238,-0.427136848926508
UBFC_PHYS_s13_T2_ctrl,138,231,145.7,-0.39186909794807434,-0.48254944318857523
UBFC_PHYS_s13_T2_ctrl,138,232,145.73333333333332,-0.24687522649765015,-0.5017453271335325
UBFC_PHYS_s13_T2_ctrl,138,233,145.76666666666668,-0.09176187962293625,-0.48366332873196305
UBFC_PHYS_s13_T2_ctrl,138,234,145.8,0.058029767125844955,-0.4334348563021432
UBFC_PHYS_s13_T2_ctrl,138,235,145.83333333333334,0.19373129308223724,-0.3617442051537403
UBFC_PHYS_s13_T2_ctrl,138,236,145.86666666666667,0.3431110382080078,-0.28186862502420673
UBFC_PHYS_s13_T2_ctrl,138,237,145.9,0.5214124917984009,-0.20510610630147905
UBFC_PHYS_s13_T2_ctrl,138,238,145.93333333333334,0.6701167225837708,-0.13671061523492384
UBFC_PHYS_s13_T2_ctrl,138,239,145.96666666666667,0.7212115526199341,-0.07471307058978685
UBFC_PHYS_s13_T2_ctrl,139,0,139.0,1.5998609066009521,0.055514501433523905
UBFC_PHYS_s13_T2_ctrl,139,1,139.03333333333333,2.0985217094421387,0.11061388042403449
UBFC_PHYS_s13_T2_ctrl,139,2,139.06666666666666,2.2125244140625,0.15269326465846045
UBFC_PHYS_s13_T2_ctrl,139,3,139.1,0.894342839717865,0.1733581756046303
UBFC_PHYS_s13_T2_ctrl,139,4,139.13333333333333,-0.8656216859817505,0.1704549549839731
UBFC_PHYS_s13_T2_ctrl,139,5,139.16666666666666,-2.0175061225891113,0.149455394037873
UBFC_PHYS_s13_T2_ctrl,139,6,139.2,-2.640631914138794,0.12228025441019015
UBFC_PHYS_s13_T2_ctrl,139,7,139.23333333333332,-2.884589672088623,0.10300459967356575
UBFC_PHYS_s13_T2_ctrl,139,8,139.26666666666668,-2.7650113105773926,0.10181562170939702
UBFC_PHYS_s13_T2_ctrl,139,9,139.3,-2.5898797512054443,0.12011024087742311
UBFC_PHYS_s13_T2_ctrl,139,10,139.33333333333334,-2.534649610519409,0.14913024804536945
UBFC_PHYS_s13_T2_ctrl,139,11,139.36666666666667,-2.4797191619873047,0.17271738459433558
UBFC_PHYS_s13_T2_ctrl,139,12,139.4,-2.2121846675872803,0.17312764286038707
UBFC_PHYS_s13_T2_ctrl,139,13,139.43333333333334,-1.8591372966766357,0.13794612644735635
UBFC_PHYS_s13_T2_ctrl,139,14,139.46666666666667,-1.6140692234039307,0.06588440371587324
UBFC_PHYS_s13_T2_ctrl,139,15,139.5,-1.4794220924377441,-0.030640890909648822
UBFC_PHYS_s13_T2_ctrl,139,16,139.53333333333333,-1.3116223812103271,-0.1277452542220271
UBFC_PHYS_s13_T2_ctrl,139,17,139.56666666666666,-1.1171252727508545,-0.19731573339347963
UBFC_PHYS_s13_T2_ctrl,139,18,139.6,-0.9768038988113403,-0.21716018473561938
UBFC_PHYS_s13_T2_ctrl,139,19,139.63333333333333,-0.9118561744689941,-0.18029272129166873
UBFC_PHYS_s13_T2_ctrl,139,20,139.66666666666666,-0.8341627717018127,-0.09978475883729793
UBFC_PHYS_s13_T2_ctrl,139,21,139.7,-0.7145317792892456,-0.007222410020816834
UBFC_PHYS_s13_T2_ctrl,139,22,139.73333333333332,-0.6041107177734375,0.05526309865910095
UBFC_PHYS_s13_T2_ctrl,139,23,139.76666666666668,-0.5149073004722595,0.04758579187962954
UBFC_PHYS_s13_T2_ctrl,139,24,139.8,-0.41633573174476624,-0.05451513418287117
UBFC_PHYS_s13_T2_ctrl,139,25,139.83333333333334,-0.3005600571632385,-0.2489375111295965
UBFC_PHYS_s13_T2_ctrl,139,26,139.86666666666667,-0.19582322239875793,-0.5040818595581249
UBFC_PHYS_s13_T2_ctrl,139,27,139.9,-0.11584625393152237,-0.7651118355052987
UBFC_PHYS_s13_T2_ctrl,139,28,139.93333333333334,-0.05260542780160904,-0.9679429797857597
UBFC_PHYS_s13_T2_ctrl,139,29,139.96666666666667,-0.0037611841689795256,-1.0562880369628642
UBFC_PHYS_s13_T2_ctrl,139,30,140.0,0.025200027972459793,-0.9964943749655668
UBFC_PHYS_s13_T2_ctrl,139,31,140.03333333333333,0.024455321952700615,-0.7861250719562647
UBFC_PHYS_s13_T2_ctrl,139,32,140.06666666666666,-0.008219543844461441,-0.45402577896585217
UBFC_PHYS_s13_T2_ctrl,139,33,140.1,-0.07280479371547699,-0.05197383386239317
UBFC_PHYS_s13_T2_ctrl,139,34,140.13333333333333,-0.15258075296878815,0.35910975848627397
UBFC_PHYS_s13_T2_ctrl,139,35,140.16666666666666,-0.2080812305212021,0.7233532221751896
UBFC_PHYS_s13_T2_ctrl,139,36,140.2,-0.19398123025894165,0.999720260490898
UBFC_PHYS_s13_T2_ctrl,139,37,140.23333333333332,-0.09392350912094116,1.1651966263859335
UBFC_PHYS_s13_T2_ctrl,139,38,140.26666666666668,0.06673230230808258,1.2128341355006313
UBFC_PHYS_s13_T2_ctrl,139,39,140.3,0.2424832582473755,1.1482756948384092
UBFC_PHYS_s13_T2_ctrl,139,40,140.33333333333334,0.4152982234954834,0.9875471207244981
UBFC_PHYS_s13_T2_ctrl,139,41,140.36666666666667,0.5872564911842346,0.7563077460002152
UBFC_PHYS_s13_T2_ctrl,139,42,140.4,0.760028600692749,0.48871538156447697
UBFC_PHYS_s13_T2_ctrl,139,43,140.43333333333334,0.9331269860267639,0.22388519535520493
UBFC_PHYS_s13_T2_ctrl,139,44,140.46666666666667,1.1135141849517822,-0.0004941534317254408
UBFC_PHYS_s13_T2_ctrl,139,45,140.5,1.289258599281311,-0.1558328407576424
UBFC_PHYS_s13_T2_ctrl,139,46,140.53333333333333,1.424782156944275,-0.22900914082487753
UBFC_PHYS_s13_T2_ctrl,139,47,140.56666666666666,1.4871629476547241,-0.22492379793842177
UBFC_PHYS_s13_T2_ctrl,139,48,140.6,1.496883749961853,-0.16368543868388905
UBFC_PHYS_s13_T2_ctrl,139,49,140.63333333333333,1.5302505493164062,-0.07294807940908125
UBFC_PHYS_s13_T2_ctrl,139,50,140.66666666666666,1.6793403625488281,0.021347604054243595
UBFC_PHYS_s13_T2_ctrl,139,51,140.7,1.8815382719039917,0.10128463526123607
UBFC_PHYS_s13_T2_ctrl,139,52,140.73333333333332,1.9309394359588623,0.15747306462708363
UBFC_PHYS_s13_T2_ctrl,139,53,140.76666666666668,1.7708470821380615,0.18448728953165563
UBFC_PHYS_s13_T2_ctrl,139,54,140.8,1.6308618783950806,0.17508066672287698
UBFC_PHYS_s13_T2_ctrl,139,55,140.83333333333334,1.6619747877120972,0.11763122363395258
UBFC_PHYS_s13_T2_ctrl,139,56,140.86666666666667,1.7303396463394165,-0.0009712727249205398
UBFC_PHYS_s13_T2_ctrl,139,57,140.9,1.7718290090560913,-0.18799105418261525
UBFC_PHYS_s13_T2_ctrl,139,58,140.93333333333334,1.9378361701965332,-0.43615428840139087
UBFC_PHYS_s13_T2_ctrl,139,59,140.96666666666667,2.3653905391693115,-0.7174916857373886
UBFC_PHYS_s13_T2_ctrl,139,60,141.0,2.840935707092285,-0.9834641560093159
UBFC_PHYS_s13_T2_ctrl,139,61,141.03333333333333,3.1523749828338623,-1.173410340529151
UBFC_PHYS_s13_T2_ctrl,139,62,141.06666666666666,3.3444535732269287,-1.2299659366963502
UBFC_PHYS_s13_T2_ctrl,139,63,141.1,3.6154842376708984,-1.1168049382290857
UBFC_PHYS_s13_T2_ctrl,139,64,141.13333333333333,3.8327906131744385,-0.832691789422163
UBFC_PHYS_s13_T2_ctrl,139,65,141.16666666666666,3.7828752994537354,-0.41647961057041355
UBFC_PHYS_s13_T2_ctrl,139,66,141.2,2.793910503387451,0.060070763523929045
UBFC_PHYS_s13_T2_ctrl,139,67,141.23333333333332,0.3602261245250702,0.510522118081626
UBFC_PHYS_s13_T2_ctrl,139,68,141.26666666666668,-2.001709222793579,0.8565790024540388
UBFC_PHYS_s13_T2_ctrl,139,69,141.3,-3.2370338439941406,1.0465957037889004
UBFC_PHYS_s13_T2_ctrl,139,70,141.33333333333334,-3.6349220275878906,1.0638892227479027
UBFC_PHYS_s13_T2_ctrl,139,71,141.36666666666667,-3.5217032432556152,0.9244814992511761
UBFC_PHYS_s13_T2_ctrl,139,72,141.4,-3.103708267211914,0.6676872420568815
UBFC_PHYS_s13_T2_ctrl,139,73,141.43333333333334,-2.7031314373016357,0.3441705282708683
UBFC_PHYS_s13_T2_ctrl,139,74,141.46666666666667,-2.501173973083496,0.005577699834143834
UBFC_PHYS_s13_T2_ctrl,139,75,141.5,-2.3980813026428223,-0.3020414339914835
UBFC_PHYS_s13_T2_ctrl,139,76,141.53333333333333,-2.1994752883911133,-0.5414756191110331
UBFC_PHYS_s13_T2_ctrl,139,77,141.56666666666666,-2.0350003242492676,-0.68644980911986
UBFC_PHYS_s13_T2_ctrl,139,78,141.6,-2.0599381923675537,-0.7243250693136296
UBFC_PHYS_s13_T2_ctrl,139,79,141.63333333333333,-2.2825562953948975,-0.659051299808886
UBFC_PHYS_s13_T2_ctrl,139,80,141.66666666666666,-2.5133132934570312,-0.5119954755458098
UBFC_PHYS_s13_T2_ctrl,139,81,141.7,-2.6782066822052,-0.3181399356000064
UBFC_PHYS_s13_T2_ctrl,139,82,141.73333333333332,-2.5059518814086914,-0.11741151876986958
UBFC_PHYS_s13_T2_ctrl,139,83,141.76666666666668,-1.6330394744873047,0.05622669571668085
UBFC_PHYS_s13_T2_ctrl,139,84,141.8,-0.47227776050567627,0.1839237441915367
UBFC_PHYS_s13_T2_ctrl,139,85,141.83333333333334,0.5131811499595642,0.2658302075930812
UBFC_PHYS_s13_T2_ctrl,139,86,141.86666666666667,1.1911286115646362,0.3180151899517456
UBFC_PHYS_s13_T2_ctrl,139,87,141.9,1.535219669342041,0.3633588187129459
UBFC_PHYS_s13_T2_ctrl,139,88,141.93333333333334,1.6278237104415894,0.42014043451199395
UBFC_PHYS_s13_T2_ctrl,139,89,141.96666666666667,1.6005299091339111,0.49337582577305583
UBFC_PHYS_s13_T2_ctrl,139,90,142.0,1.4962115287780762,0.5727517785794535
UBFC_PHYS_s13_T2_ctrl,139,91,142.03333333333333,1.2350267171859741,0.6377762923167837
UBFC_PHYS_s13_T2_ctrl,139,92,142.06666666666666,0.7971915006637573,0.667191477519336
UBFC_PHYS_s13_T2_ctrl,139,93,142.1,0.31013959646224976,0.647800976644609
UBFC_PHYS_s13_T2_ctrl,139,94,142.13333333333333,-0.10835304111242294,0.5787336674937054
UBFC_PHYS_s13_T2_ctrl,139,95,142.16666666666666,-0.4614794850349426,0.47000403611283
UBFC_PHYS_s13_T2_ctrl,139,96,142.2,-0.8159866333007812,0.3372412368187534
UBFC_PHYS_s13_T2_ctrl,139,97,142.23333333333332,-1.151711344718933,0.19604244309019758
UBFC_PHYS_s13_T2_ctrl,139,98,142.26666666666668,-1.3950395584106445,0.05886396315734429
UBFC_PHYS_s13_T2_ctrl,139,99,142.3,-1.5624504089355469,-0.06471357342717338
UBFC_PHYS_s13_T2_ctrl,139,100,142.33333333333334,-1.7542389631271362,-0.16578065618608864
UBFC_PHYS_s13_T2_ctrl,139,101,142.36666666666667,-1.9620848894119263,-0.2345267583031196
UBFC_PHYS_s13_T2_ctrl,139,102,142.4,-2.0172722339630127,-0.2612472421538079
UBFC_PHYS_s13_T2_ctrl,139,103,142.43333333333334,-1.7535700798034668,-0.23999729185861907
UBFC_PHYS_s13_T2_ctrl,139,104,142.46666666666667,-1.1766853332519531,-0.1730507246576351
UBFC_PHYS_s13_T2_ctrl,139,105,142.5,-0.5401021242141724,-0.07365005290701906
UBFC_PHYS_s13_T2_ctrl,139,106,142.53333333333333,-0.18281391263008118,0.03446664793277555
UBFC_PHYS_s13_T2_ctrl,139,107,142.56666666666666,-0.1600508987903595,0.12059143757345177
UBFC_PHYS_s13_T2_ctrl,139,108,142.6,-0.25732749700546265,0.15238449529688838
UBFC_PHYS_s13_T2_ctrl,139,109,142.63333333333333,-0.32552096247673035,0.10175715836895427
UBFC_PHYS_s13_T2_ctrl,139,110,142.66666666666666,-0.36390963196754456,-0.0493424760042447
UBFC_PHYS_s13_T2_ctrl,139,111,142.7,-0.37456950545310974,-0.30344146726185534
UBFC_PHYS_s13_T2_ctrl,139,112,142.73333333333332,-0.34437260031700134,-0.6428923738919391
UBFC_PHYS_s13_T2_ctrl,139,113,142.76666666666668,-0.31829795241355896,-1.0275283503920278
UBFC_PHYS_s13_T2_ctrl,139,114,142.8,-0.3193194568157196,-1.3967974047611895
UBFC_PHYS_s13_T2_ctrl,139,115,142.83333333333334,-0.26531827449798584,-1.6780954195321525
UBFC_PHYS_s13_T2_ctrl,139,116,142.86666666666667,-0.056862782686948776,-1.801092635094566
UBFC_PHYS_s13_T2_ctrl,139,117,142.9,0.324107825756073,-1.7153567434169867
UBFC_PHYS_s13_T2_ctrl,139,118,142.93333333333334,0.7953659892082214,-1.4066787573135984
UBFC_PHYS_s13_T2_ctrl,139,119,142.96666666666667,1.2344896793365479,-0.9065890909216162
UBFC_PHYS_s13_T2_ctrl,139,120,143.0,1.3806005716323853,-0.29008591023833397
UBFC_PHYS_s13_T2_ctrl,139,121,143.03333333333333,1.1777435541152954,0.34015248198973236
UBFC_PHYS_s13_T2_ctrl,139,122,143.06666666666666,0.8493770360946655,0.8790658229523426
UBFC_PHYS_s13_T2_ctrl,139,123,143.1,0.523102879524231,1.2453126986969552
UBFC_PHYS_s13_T2_ctrl,139,124,143.13333333333333,0.24029527604579926,1.399205546657252
UBFC_PHYS_s13_T2_ctrl,139,125,143.16666666666666,0.03155969828367233,1.347538812863343
UBFC_PHYS_s13_T2_ctrl,139,126,143.2,-0.10479426383972168,1.1360315969667247
UBFC_PHYS_s13_T2_ctrl,139,127,143.23333333333332,-0.19208650290966034,0.8341553325064718
UBFC_PHYS_s13_T2_ctrl,139,128,143.26666666666668,-0.24548466503620148,0.5178154729622316
UBFC_PHYS_s13_T2_ctrl,139,129,143.3,-0.22599045932292938,0.25394898939673705
UBFC_PHYS_s13_T2_ctrl,139,130,143.33333333333334,-0.11164820939302444,0.08956875329131841
UBFC_PHYS_s13_T2_ctrl,139,131,143.36666666666667,0.04434823617339134,0.04645786781385287
UBFC_PHYS_s13_T2_ctrl,139,132,143.4,0.1554216891527176,0.12126401206103049
UBFC_PHYS_s13_T2_ctrl,139,133,143.43333333333334,0.19951100647449493,0.2895273679763504
UBFC_PHYS_s13_T2_ctrl,139,134,143.46666666666667,0.2359028160572052,0.5117903059500473
UBFC_PHYS_s13_T2_ctrl,139,135,143.5,0.3697096109390259,0.7406078095837576
UBFC_PHYS_s13_T2_ctrl,139,136,143.53333333333333,0.639069676399231,0.9284043858432515
UBFC_PHYS_s13_T2_ctrl,139,137,143.56666666666666,0.9133362174034119,1.0361446404489758
UBFC_PHYS_s13_T2_ctrl,139,138,143.6,1.018326759338379,1.0411549896554884
UBFC_PHYS_s13_T2_ctrl,139,139,143.63333333333333,0.9875960350036621,0.9411721501436909
UBFC_PHYS_s13_T2_ctrl,139,140,143.66666666666666,1.0276389122009277,0.7527319229963665
UBFC_PHYS_s13_T2_ctrl,139,141,143.7,1.1974321603775024,0.5045402131394832
UBFC_PHYS_s13_T2_ctrl,139,142,143.73333333333332,1.355273962020874,0.22854943389086105
UBFC_PHYS_s13_T2_ctrl,139,143,143.76666666666668,1.3996367454528809,-0.04792128018839262
UBFC_PHYS_s13_T2_ctrl,139,144,143.8,1.3152871131896973,-0.3065555947668704
UBFC_PHYS_s13_T2_ctrl,139,145,143.83333333333334,1.1435463428497314,-0.5381020379109756
UBFC_PHYS_s13_T2_ctrl,139,146,143.86666666666667,0.9538601636886597,-0.7389848655351086
UBFC_PHYS_s13_T2_ctrl,139,147,143.9,0.7761024236679077,-0.906579818932301
UBFC_PHYS_s13_T2_ctrl,139,148,143.93333333333334,0.5408539175987244,-1.0358360286306203
UBFC_PHYS_s13_T2_ctrl,139,149,143.96666666666667,0.22909170389175415,-1.1192160316845765
UBFC_PHYS_s13_T2_ctrl,139,150,144.0,-0.057640440762043,-1.1499277754271873
UBFC_PHYS_s13_T2_ctrl,139,151,144.03333333333333,-0.25882020592689514,-1.126374540837003
UBFC_PHYS_s13_T2_ctrl,139,152,144.06666666666666,-0.47216901183128357,-1.055004501167511
UBFC_PHYS_s13_T2_ctrl,139,153,144.1,-0.7782536745071411,-0.9495750222480708
UBFC_PHYS_s13_T2_ctrl,139,154,144.13333333333333,-1.1044355630874634,-0.8266923682115745
UBFC_PHYS_s13_T2_ctrl,139,155,144.16666666666666,-1.4233713150024414,-0.6994506209817264
UBFC_PHYS_s13_T2_ctrl,139,156,144.2,-1.8189889192581177,-0.5721647561750064
UBFC_PHYS_s13_T2_ctrl,139,157,144.23333333333332,-2.34523344039917,-0.4389570825970316
UBFC_PHYS_s13_T2_ctrl,139,158,144.26666666666668,-2.831076145172119,-0.28731311292213463
UBFC_PHYS_s13_T2_ctrl,139,159,144.3,-3.1082851886749268,-0.10543907331501302
UBFC_PHYS_s13_T2_ctrl,139,160,144.33333333333334,-2.6357781887054443,0.10960244250846549
UBFC_PHYS_s13_T2_ctrl,139,161,144.36666666666667,-1.2882431745529175,0.34661304361861617
UBFC_PHYS_s13_T2_ctrl,139,162,144.4,0.07202763110399246,0.5805175172645455
UBFC_PHYS_s13_T2_ctrl,139,163,144.43333333333334,0.9786628484725952,0.7786331136658615
UBFC_PHYS_s13_T2_ctrl,139,164,144.46666666666667,1.4919441938400269,0.9107806400066399
UBFC_PHYS_s13_T2_ctrl,139,165,144.5,1.6705917119979858,0.9591139248521822
UBFC_PHYS_s13_T2_ctrl,139,166,144.53333333333333,1.6359100341796875,0.9233162663315214
UBFC_PHYS_s13_T2_ctrl,139,167,144.56666666666666,1.561903953552246,0.8188751723760579
UBFC_PHYS_s13_T2_ctrl,139,168,144.6,1.4928900003433228,0.6697959243659001
UBFC_PHYS_s13_T2_ctrl,139,169,144.63333333333333,1.3498072624206543,0.5000036119715624
UBFC_PHYS_s13_T2_ctrl,139,170,144.66666666666666,1.1312553882598877,0.3277698555107283
UBFC_PHYS_s13_T2_ctrl,139,171,144.7,0.958391010761261,0.164916004248014
UBFC_PHYS_s13_T2_ctrl,139,172,144.73333333333332,0.8897494077682495,0.019141693342614115
UBFC_PHYS_s13_T2_ctrl,139,173,144.76666666666668,0.8594931960105896,-0.10388987571452733
UBFC_PHYS_s13_T2_ctrl,139,174,144.8,0.7784650325775146,-0.2008596682445232
UBFC_PHYS_s13_T2_ctrl,139,175,144.83333333333334,0.6636054515838623,-0.27290993769057553
UBFC_PHYS_s13_T2_ctrl,139,176,144.86666666666667,0.5373050570487976,-0.32711103634589833
UBFC_PHYS_s13_T2_ctrl,139,177,144.9,0.3808307945728302,-0.3750596991215899
UBFC_PHYS_s13_T2_ctrl,139,178,144.93333333333334,0.18520009517669678,-0.42843324874043903
UBFC_PHYS_s13_T2_ctrl,139,179,144.96666666666667,0.005079745780676603,-0.49341673784943196
UBFC_PHYS_s13_T2_ctrl,139,180,145.0,-0.11359235644340515,-0.566480126389362
UBFC_PHYS_s13_T2_ctrl,139,181,145.03333333333333,-0.19540473818778992,-0.6331059519131511
UBFC_PHYS_s13_T2_ctrl,139,182,145.06666666666666,-0.2874881327152252,-0.6697907172985097
UBFC_PHYS_s13_T2_ctrl,139,183,145.1,-0.3943108320236206,-0.6488656736265436
UBFC_PHYS_s13_T2_ctrl,139,184,145.13333333333333,-0.5056412816047668,-0.5455290343095749
UBFC_PHYS_s13_T2_ctrl,139,185,145.16666666666666,-0.6381168365478516,-0.3460211101888778
UBFC_PHYS_s13_T2_ctrl,139,186,145.2,-0.820435106754303,-0.05462944466213511
UBFC_PHYS_s13_T2_ctrl,139,187,145.23333333333332,-1.0562536716461182,0.30354463705672374
UBFC_PHYS_s13_T2_ctrl,139,188,145.26666666666668,-1.2616314888000488,0.6860346065386409
UBFC_PHYS_s13_T2_ctrl,139,189,145.3,-1.2965304851531982,1.042035296238772
UBFC_PHYS_s13_T2_ctrl,139,190,145.33333333333334,-1.1515201330184937,1.323732657096571
UBFC_PHYS_s13_T2_ctrl,139,191,145.36666666666667,-0.9714854955673218,1.4957009312876866
UBFC_PHYS_s13_T2_ctrl,139,192,145.4,-0.862458348274231,1.5395326204168391
UBFC_PHYS_s13_T2_ctrl,139,193,145.43333333333334,-0.8053300380706787,1.453431262161311
UBFC_PHYS_s13_T2_ctrl,139,194,145.46666666666667,-0.7684934139251709,1.2484992403645865
UBFC_PHYS_s13_T2_ctrl,139,195,145.5,-0.75441974401474,0.9441412564111787
UBFC_PHYS_s13_T2_ctrl,139,196,145.53333333333333,-0.7439740300178528,0.5645048369526597
UBFC_PHYS_s13_T2_ctrl,139,197,145.56666666666666,-0.7104753851890564,0.13677611377235896
UBFC_PHYS_s13_T2_ctrl,139,198,145.6,-0.6609622240066528,-0.3089197281982612
UBFC_PHYS_s13_T2_ctrl,139,199,145.63333333333333,-0.6017810702323914,-0.7389667694036437
UBFC_PHYS_s13_T2_ctrl,139,200,145.66666666666666,-0.5147787928581238,-1.1162974065431197
UBFC_PHYS_s13_T2_ctrl,139,201,145.7,-0.39186909794807434,-1.4022382225020726
UBFC_PHYS_s13_T2_ctrl,139,202,145.73333333333332,-0.24687522649765015,-1.5610581857363315
UBFC_PHYS_s13_T2_ctrl,139,203,145.76666666666668,-0.09176187962293625,-1.5672899322475842
UBFC_PHYS_s13_T2_ctrl,139,204,145.8,0.058029767125844955,-1.414472184172748
UBFC_PHYS_s13_T2_ctrl,139,205,145.83333333333334,0.19373129308223724,-1.1223006467700174
UBFC_PHYS_s13_T2_ctrl,139,206,145.86666666666667,0.3431110382080078,-0.7382465043251473
UBFC_PHYS_s13_T2_ctrl,139,207,145.9,0.5214124917984009,-0.3309368908814831
UBFC_PHYS_s13_T2_ctrl,139,208,145.93333333333334,0.6701167225837708,0.023903100184030447
UBFC_PHYS_s13_T2_ctrl,139,209,145.96666666666667,0.7212115526199341,0.26091385368717623
UBFC_PHYS_s13_T2_ctrl,139,210,146.0,0.6943987607955933,0.3411969263540006
UBFC_PHYS_s13_T2_ctrl,139,211,146.03333333333333,0.6870472431182861,0.2630916439868654
UBFC_PHYS_s13_T2_ctrl,139,212,146.06666666666666,0.7768965363502502,0.0644997761280584
UBFC_PHYS_s13_T2_ctrl,139,213,146.1,0.9185425639152527,-0.18509006447021445
UBFC_PHYS_s13_T2_ctrl,139,214,146.13333333333333,0.9557911157608032,-0.40209578818662156
UBFC_PHYS_s13_T2_ctrl,139,215,146.16666666666666,0.8051493167877197,-0.5117067798245563
UBFC_PHYS_s13_T2_ctrl,139,216,146.2,0.5497838258743286,-0.4693474842517278
UBFC_PHYS_s13_T2_ctrl,139,217,146.23333333333332,0.2912352383136749,-0.27338054898716185
UBFC_PHYS_s13_T2_ctrl,139,218,146.26666666666668,0.06668616831302643,0.036035834012150145
UBFC_PHYS_s13_T2_ctrl,139,219,146.3,-0.06993799656629562,0.39186045446062934
UBFC_PHYS_s13_T2_ctrl,139,220,146.33333333333334,-0.09018020331859589,0.7225111996751398
UBFC_PHYS_s13_T2_ctrl,139,221,146.36666666666667,-0.06517648696899414,0.9719087535474666
UBFC_PHYS_s13_T2_ctrl,139,222,146.4,-0.07041250169277191,1.1096781041808947
UBFC_PHYS_s13_T2_ctrl,139,223,146.43333333333334,-0.0982566550374031,1.1300058856251947
UBFC_PHYS_s13_T2_ctrl,139,224,146.46666666666667,-0.10908127576112747,1.0435362615557033
UBFC_PHYS_s13_T2_ctrl,139,225,146.5,-0.08457842469215393,0.8689944833395548
UBFC_PHYS_s13_T2_ctrl,139,226,146.53333333333333,-0.01883656717836857,0.6289846504081086
UBFC_PHYS_s13_T2_ctrl,139,227,146.56666666666666,0.08494138717651367,0.35004036082211337
UBFC_PHYS_s13_T2_ctrl,139,228,146.6,0.2102268934249878,0.06384005060075974
UBFC_PHYS_s13_T2_ctrl,139,229,146.63333333333333,0.3261013925075531,-0.19396972020964373
UBFC_PHYS_s13_T2_ctrl,139,230,146.66666666666666,0.4001240134239197,-0.389013483023996
UBFC_PHYS_s13_T2_ctrl,139,231,146.7,0.4263041019439697,-0.49642892465258953
UBFC_PHYS_s13_T2_ctrl,139,232,146.73333333333332,0.44100382924079895,-0.5090544808217816
UBFC_PHYS_s13_T2_ctrl,139,233,146.76666666666668,0.46109774708747864,-0.44183710010496396
UBFC_PHYS_s13_T2_ctrl,139,234,146.8,0.4115351438522339,-0.32948320748251025
UBFC_PHYS_s13_T2_ctrl,139,235,146.83333333333334,0.23338860273361206,-0.21670411626366234
UBFC_PHYS_s13_T2_ctrl,139,236,146.86666666666667,0.007040369790047407,-0.1437848677997208
UBFC_PHYS_s13_T2_ctrl,139,237,146.9,-0.15487419068813324,-0.13283021675395887
UBFC_PHYS_s13_T2_ctrl,139,238,146.93333333333334,-0.2670811712741852,-0.1802114328558168
UBFC_PHYS_s13_T2_ctrl,139,239,146.96666666666667,-0.3969568610191345,-0.258263244702113
UBFC_PHYS_s13_T2_ctrl,140,0,140.0,0.025200027972459793,-0.022473258350652232
UBFC_PHYS_s13_T2_ctrl,140,1,140.03333333333333,0.024455321952700615,0.044603742702994845
UBFC_PHYS_s13_T2_ctrl,140,2,140.06666666666666,-0.008219543844461441,0.10740679497022944
UBFC_PHYS_s13_T2_ctrl,140,3,140.1,-0.07280479371547699,0.15996310223938318
UBFC_PHYS_s13_T2_ctrl,140,4,140.13333333333333,-0.15258075296878815,0.1967626203423644
UBFC_PHYS_s13_T2_ctrl,140,5,140.16666666666666,-0.2080812305212021,0.21441535687398872
UBFC_PHYS_s13_T2_ctrl,140,6,140.2,-0.19398123025894165,0.2129351254079835
UBFC_PHYS_s13_T2_ctrl,140,7,140.23333333333332,-0.09392350912094116,0.1951619719761023
UBFC_PHYS_s13_T2_ctrl,140,8,140.26666666666668,0.06673230230808258,0.16458540260697868
UBFC_PHYS_s13_T2_ctrl,140,9,140.3,0.2424832582473755,0.12357031151405619
UBFC_PHYS_s13_T2_ctrl,140,10,140.33333333333334,0.4152982234954834,0.07358760500719226
UBFC_PHYS_s13_T2_ctrl,140,11,140.36666666666667,0.5872564911842346,0.017185954339272565
UBFC_PHYS_s13_T2_ctrl,140,12,140.4,0.760028600692749,-0.04005187032518884
UBFC_PHYS_s13_T2_ctrl,140,13,140.43333333333334,0.9331269860267639,-0.08954073120277899
UBFC_PHYS_s13_T2_ctrl,140,14,140.46666666666667,1.1135141849517822,-0.12260661148433705
UBFC_PHYS_s13_T2_ctrl,140,15,140.5,1.289258599281311,-0.13529117082836822
UBFC_PHYS_s13_T2_ctrl,140,16,140.53333333333333,1.424782156944275,-0.13232243197541022
UBFC_PHYS_s13_T2_ctrl,140,17,140.56666666666666,1.4871629476547241,-0.12716200749289844
UBFC_PHYS_s13_T2_ctrl,140,18,140.6,1.496883749961853,-0.13668716963496158
UBFC_PHYS_s13_T2_ctrl,140,19,140.63333333333333,1.5302505493164062,-0.17210466640688069
UBFC_PHYS_s13_T2_ctrl,140,20,140.66666666666666,1.6793403625488281,-0.23050758504387325
UBFC_PHYS_s13_T2_ctrl,140,21,140.7,1.8815382719039917,-0.2921177516952334
UBFC_PHYS_s13_T2_ctrl,140,22,140.73333333333332,1.9309394359588623,-0.3258206089431396
UBFC_PHYS_s13_T2_ctrl,140,23,140.76666666666668,1.7708470821380615,-0.3013842143331582
UBFC_PHYS_s13_T2_ctrl,140,24,140.8,1.6308618783950806,-0.20312992357958073
UBFC_PHYS_s13_T2_ctrl,140,25,140.83333333333334,1.6619747877120972,-0.03877796267785122
UBFC_PHYS_s13_T2_ctrl,140,26,140.86666666666667,1.7303396463394165,0.16070868592529203
UBFC_PHYS_s13_T2_ctrl,140,27,140.9,1.7718290090560913,0.3506499152563684
UBFC_PHYS_s13_T2_ctrl,140,28,140.93333333333334,1.9378361701965332,0.4882942728469087
UBFC_PHYS_s13_T2_ctrl,140,29,140.96666666666667,2.3653905391693115,0.5486865934505589
UBFC_PHYS_s13_T2_ctrl,140,30,141.0,2.840935707092285,0.533844760043626
UBFC_PHYS_s13_T2_ctrl,140,31,141.03333333333333,3.1523749828338623,0.47046418028065606
UBFC_PHYS_s13_T2_ctrl,140,32,141.06666666666666,3.3444535732269287,0.3967756640047574
UBFC_PHYS_s13_T2_ctrl,140,33,141.1,3.6154842376708984,0.34476304555434
UBFC_PHYS_s13_T2_ctrl,140,34,141.13333333333333,3.8327906131744385,0.32616269074978477
UBFC_PHYS_s13_T2_ctrl,140,35,141.16666666666666,3.7828752994537354,0.3285558704395211
UBFC_PHYS_s13_T2_ctrl,140,36,141.2,2.793910503387451,0.3227594669696037
UBFC_PHYS_s13_T2_ctrl,140,37,141.23333333333332,0.3602261245250702,0.2772353489740593
UBFC_PHYS_s13_T2_ctrl,140,38,141.26666666666668,-2.001709222793579,0.1721219093647813
UBFC_PHYS_s13_T2_ctrl,140,39,141.3,-3.2370338439941406,0.0064494491246097
UBFC_PHYS_s13_T2_ctrl,140,40,141.33333333333334,-3.6349220275878906,-0.2034082525200699
UBFC_PHYS_s13_T2_ctrl,140,41,141.36666666666667,-3.5217032432556152,-0.43123276509232766
UBFC_PHYS_s13_T2_ctrl,140,42,141.4,-3.103708267211914,-0.6496353478153334
UBFC_PHYS_s13_T2_ctrl,140,43,141.43333333333334,-2.7031314373016357,-0.8360762946619233
UBFC_PHYS_s13_T2_ctrl,140,44,141.46666666666667,-2.501173973083496,-0.9747355726815484
UBFC_PHYS_s13_T2_ctrl,140,45,141.5,-2.3980813026428223,-1.055218849199603
UBFC_PHYS_s13_T2_ctrl,140,46,141.53333333333333,-2.1994752883911133,-1.070662973496513
UBFC_PHYS_s13_T2_ctrl,140,47,141.56666666666666,-2.0350003242492676,-1.0174764334130544
UBFC_PHYS_s13_T2_ctrl,140,48,141.6,-2.0599381923675537,-0.8968223006959926
UBFC_PHYS_s13_T2_ctrl,140,49,141.63333333333333,-2.2825562953948975,-0.7159579328580564
UBFC_PHYS_s13_T2_ctrl,140,50,141.66666666666666,-2.5133132934570312,-0.4875295673562132
UBFC_PHYS_s13_T2_ctrl,140,51,141.7,-2.6782066822052,-0.22674931088891712
UBFC_PHYS_s13_T2_ctrl,140,52,141.73333333333332,-2.5059518814086914,0.05154473390407749
UBFC_PHYS_s13_T2_ctrl,140,53,141.76666666666668,-1.6330394744873047,0.3336143106633422
UBFC_PHYS_s13_T2_ctrl,140,54,141.8,-0.47227776050567627,0.605018158151115
UBFC_PHYS_s13_T2_ctrl,140,55,141.83333333333334,0.5131811499595642,0.8483236589930871
UBFC_PHYS_s13_T2_ctrl,140,56,141.86666666666667,1.1911286115646362,1.0428616699482265
UBFC_PHYS_s13_T2_ctrl,140,57,141.9,1.535219669342041,1.1677158666153094
UBFC_PHYS_s13_T2_ctrl,140,58,141.93333333333334,1.6278237104415894,1.2072321361474894
UBFC_PHYS_s13_T2_ctrl,140,59,141.96666666666667,1.6005299091339111,1.1568199174387517
UBFC_PHYS_s13_T2_ctrl,140,60,142.0,1.4962115287780762,1.0262896636568206
UBFC_PHYS_s13_T2_ctrl,140,61,142.03333333333333,1.2350267171859741,0.8387327050520504
UBFC_PHYS_s13_T2_ctrl,140,62,142.06666666666666,0.7971915006637573,0.6247880197534393
UBFC_PHYS_s13_T2_ctrl,140,63,142.1,0.31013959646224976,0.4142242029282324
UBFC_PHYS_s13_T2_ctrl,140,64,142.13333333333333,-0.10835304111242294,0.2280686555081767
UBFC_PHYS_s13_T2_ctrl,140,65,142.16666666666666,-0.4614794850349426,0.07431889639729619
UBFC_PHYS_s13_T2_ctrl,140,66,142.2,-0.8159866333007812,-0.051355515903072954
UBFC_PHYS_s13_T2_ctrl,140,67,142.23333333333332,-1.151711344718933,-0.16046591659491377
UBFC_PHYS_s13_T2_ctrl,140,68,142.26666666666668,-1.3950395584106445,-0.26398172519874885
UBFC_PHYS_s13_T2_ctrl,140,69,142.3,-1.5624504089355469,-0.3648391369909368
UBFC_PHYS_s13_T2_ctrl,140,70,142.33333333333334,-1.7542389631271362,-0.4541257399802444
UBFC_PHYS_s13_T2_ctrl,140,71,142.36666666666667,-1.9620848894119263,-0.5134218312270289
UBFC_PHYS_s13_T2_ctrl,140,72,142.4,-2.0172722339630127,-0.5226657027196329
UBFC_PHYS_s13_T2_ctrl,140,73,142.43333333333334,-1.7535700798034668,-0.46976866960984565
UBFC_PHYS_s13_T2_ctrl,140,74,142.46666666666667,-1.1766853332519531,-0.35742721253305665
UBFC_PHYS_s13_T2_ctrl,140,75,142.5,-0.5401021242141724,-0.204279874325128
UBFC_PHYS_s13_T2_ctrl,140,76,142.53333333333333,-0.18281391263008118,-0.04038757861230033
UBFC_PHYS_s13_T2_ctrl,140,77,142.56666666666666,-0.1600508987903595,0.1005226855131908
UBFC_PHYS_s13_T2_ctrl,140,78,142.6,-0.25732749700546265,0.1886508187016902
UBFC_PHYS_s13_T2_ctrl,140,79,142.63333333333333,-0.32552096247673035,0.20309309983854945
UBFC_PHYS_s13_T2_ctrl,140,80,142.66666666666666,-0.36390963196754456,0.13392257048850476
UBFC_PHYS_s13_T2_ctrl,140,81,142.7,-0.37456950545310974,-0.017095874133368792
UBFC_PHYS_s13_T2_ctrl,140,82,142.73333333333332,-0.34437260031700134,-0.23562652871282738
UBFC_PHYS_s13_T2_ctrl,140,83,142.76666666666668,-0.31829795241355896,-0.49388319995745206
UBFC_PHYS_s13_T2_ctrl,140,84,142.8,-0.3193194568157196,-0.7519014936803211
UBFC_PHYS_s13_T2_ctrl,140,85,142.83333333333334,-0.26531827449798584,-0.9633552704585535
UBFC_PHYS_s13_T2_ctrl,140,86,142.86666666666667,-0.056862782686948776,-1.0859606500257566
UBFC_PHYS_s13_T2_ctrl,140,87,142.9,0.324107825756073,-1.093348537148053
UBFC_PHYS_s13_T2_ctrl,140,88,142.93333333333334,0.7953659892082214,-0.9836234019225745
UBFC_PHYS_s13_T2_ctrl,140,89,142.96666666666667,1.2344896793365479,-0.7802346227315544
UBFC_PHYS_s13_T2_ctrl,140,90,143.0,1.3806005716323853,-0.5231516306100272
UBFC_PHYS_s13_T2_ctrl,140,91,143.03333333333333,1.1777435541152954,-0.25303166098128593
UBFC_PHYS_s13_T2_ctrl,140,92,143.06666666666666,0.8493770360946655,0.0035367864445363228
UBFC_PHYS_s13_T2_ctrl,140,93,143.1,0.523102879524231,0.23887525135056883
UBFC_PHYS_s13_T2_ctrl,140,94,143.13333333333333,0.24029527604579926,0.45687784422886163
UBFC_PHYS_s13_T2_ctrl,140,95,143.16666666666666,0.03155969828367233,0.6597392038685087
UBFC_PHYS_s13_T2_ctrl,140,96,143.2,-0.10479426383972168,0.8383627644556231
UBFC_PHYS_s13_T2_ctrl,140,97,143.23333333333332,-0.19208650290966034,0.9726621356854318
UBFC_PHYS_s13_T2_ctrl,140,98,143.26666666666668,-0.24548466503620148,1.0408237856012073
UBFC_PHYS_s13_T2_ctrl,140,99,143.3,-0.22599045932292938,1.030908755439679
UBFC_PHYS_s13_T2_ctrl,140,100,143.33333333333334,-0.11164820939302444,0.9476725435847697
UBFC_PHYS_s13_T2_ctrl,140,101,143.36666666666667,0.04434823617339134,0.8114482487610186
UBFC_PHYS_s13_T2_ctrl,140,102,143.4,0.1554216891527176,0.6509438781789032
UBFC_PHYS_s13_T2_ctrl,140,103,143.43333333333334,0.19951100647449493,0.49443330159973725
UBFC_PHYS_s13_T2_ctrl,140,104,143.46666666666667,0.2359028160572052,0.36286398020756666
UBFC_PHYS_s13_T2_ctrl,140,105,143.5,0.3697096109390259,0.2661491219764482
UBFC_PHYS_s13_T2_ctrl,140,106,143.53333333333333,0.639069676399231,0.20286163657740997
UBFC_PHYS_s13_T2_ctrl,140,107,143.56666666666666,0.9133362174034119,0.16318516056401142
UBFC_PHYS_s13_T2_ctrl,140,108,143.6,1.018326759338379,0.13400931568296537
UBFC_PHYS_s13_T2_ctrl,140,109,143.63333333333333,0.9875960350036621,0.10399802121070158
UBFC_PHYS_s13_T2_ctrl,140,110,143.66666666666666,1.0276389122009277,0.0664550510384891
UBFC_PHYS_s13_T2_ctrl,140,111,143.7,1.1974321603775024,0.019121529070431513
UBFC_PHYS_s13_T2_ctrl,140,112,143.73333333333332,1.355273962020874,-0.038059927985019004
UBFC_PHYS_s13_T2_ctrl,140,113,143.76666666666668,1.3996367454528809,-0.10513005484144014
UBFC_PHYS_s13_T2_ctrl,140,114,143.8,1.3152871131896973,-0.18278482379935343
UBFC_PHYS_s13_T2_ctrl,140,115,143.83333333333334,1.1435463428497314,-0.2714741138270004
UBFC_PHYS_s13_T2_ctrl,140,116,143.86666666666667,0.9538601636886597,-0.3697468647724773
UBFC_PHYS_s13_T2_ctrl,140,117,143.9,0.7761024236679077,-0.4727475294093962
UBFC_PHYS_s13_T2_ctrl,140,118,143.93333333333334,0.5408539175987244,-0.5714706014616062
UBFC_PHYS_s13_T2_ctrl,140,119,143.96666666666667,0.22909170389175415,-0.6531748945148471
UBFC_PHYS_s13_T2_ctrl,140,120,144.0,-0.057640440762043,-0.7033254045438857
UBFC_PHYS_s13_T2_ctrl,140,121,144.03333333333333,-0.25882020592689514,-0.7089904854050323
UBFC_PHYS_s13_T2_ctrl,140,122,144.06666666666666,-0.47216901183128357,-0.6625928457341627
UBFC_PHYS_s13_T2_ctrl,140,123,144.1,-0.7782536745071411,-0.5643906705591769
UBFC_PHYS_s13_T2_ctrl,140,124,144.13333333333333,-1.1044355630874634,-0.42287614370217447
UBFC_PHYS_s13_T2_ctrl,140,125,144.16666666666666,-1.4233713150024414,-0.2535151899759597
UBFC_PHYS_s13_T2_ctrl,140,126,144.2,-1.8189889192581177,-0.07664096522959825
UBFC_PHYS_s13_T2_ctrl,140,127,144.23333333333332,-2.34523344039917,0.0852707096141717
UBFC_PHYS_s13_T2_ctrl,140,128,144.26666666666668,-2.831076145172119,0.21141763027788316
UBFC_PHYS_s13_T2_ctrl,140,129,144.3,-3.1082851886749268,0.2876192003054079
UBFC_PHYS_s13_T2_ctrl,140,130,144.33333333333334,-2.6357781887054443,0.31071213092992916
UBFC_PHYS_s13_T2_ctrl,140,131,144.36666666666667,-1.2882431745529175,0.2896706514267252
UBFC_PHYS_s13_T2_ctrl,140,132,144.4,0.07202763110399246,0.2420717731375775
UBFC_PHYS_s13_T2_ctrl,140,133,144.43333333333334,0.9786628484725952,0.18733484832005862
UBFC_PHYS_s13_T2_ctrl,140,134,144.46666666666667,1.4919441938400269,0.14023864247169562
UBFC_PHYS_s13_T2_ctrl,140,135,144.5,1.6705917119979858,0.10793377945502013
UBFC_PHYS_s13_T2_ctrl,140,136,144.53333333333333,1.6359100341796875,0.09107343578099852
UBFC_PHYS_s13_T2_ctrl,140,137,144.56666666666666,1.561903953552246,0.0869760001685973
UBFC_PHYS_s13_T2_ctrl,140,138,144.6,1.4928900003433228,0.09209413004587513
UBFC_PHYS_s13_T2_ctrl,140,139,144.63333333333333,1.3498072624206543,0.10253218499733997
UBFC_PHYS_s13_T2_ctrl,140,140,144.66666666666666,1.1312553882598877,0.11344625755240456
UBFC_PHYS_s13_T2_ctrl,140,141,144.7,0.958391010761261,0.11908076765683685
UBFC_PHYS_s13_T2_ctrl,140,142,144.73333333333332,0.8897494077682495,0.11421181913355256
UBFC_PHYS_s13_T2_ctrl,140,143,144.76666666666668,0.8594931960105896,0.09615559716212475
UBFC_PHYS_s13_T2_ctrl,140,144,144.8,0.7784650325775146,0.06589014210676303
UBFC_PHYS_s13_T2_ctrl,140,145,144.83333333333334,0.6636054515838623,0.027443893227683647
UBFC_PHYS_s13_T2_ctrl,140,146,144.86666666666667,0.5373050570487976,-0.014185248564052174
UBFC_PHYS_s13_T2_ctrl,140,147,144.9,0.3808307945728302,-0.055481792364743175
UBFC_PHYS_s13_T2_ctrl,140,148,144.93333333333334,0.18520009517669678,-0.09600985162939876
UBFC_PHYS_s13_T2_ctrl,140,149,144.96666666666667,0.005079745780676603,-0.13832960512185447
UBFC_PHYS_s13_T2_ctrl,140,150,145.0,-0.11359235644340515,-0.18598390306521573
UBFC_PHYS_s13_T2_ctrl,140,151,145.03333333333333,-0.19540473818778992,-0.2400172218837756
UBFC_PHYS_s13_T2_ctrl,140,152,145.06666666666666,-0.2874881327152252,-0.2953230347699669
UBFC_PHYS_s13_T2_ctrl,140,153,145.1,-0.3943108320236206,-0.33878492449615605
UBFC_PHYS_s13_T2_ctrl,140,154,145.13333333333333,-0.5056412816047668,-0.35113175673644687
UBFC_PHYS_s13_T2_ctrl,140,155,145.16666666666666,-0.6381168365478516,-0.31303077078030567
UBFC_PHYS_s13_T2_ctrl,140,156,145.2,-0.820435106754303,-0.2134156120445908
UBFC_PHYS_s13_T2_ctrl,140,157,145.23333333333332,-1.0562536716461182,-0.05610683326133659
UBFC_PHYS_s13_T2_ctrl,140,158,145.26666666666668,-1.2616314888000488,0.13892026299311214
UBFC_PHYS_s13_T2_ctrl,140,159,145.3,-1.2965304851531982,0.3407492666583287
UBFC_PHYS_s13_T2_ctrl,140,160,145.33333333333334,-1.1515201330184937,0.517003593362499
UBFC_PHYS_s13_T2_ctrl,140,161,145.36666666666667,-0.9714854955673218,0.643201363897419
UBFC_PHYS_s13_T2_ctrl,140,162,145.4,-0.862458348274231,0.7078915708786819
UBFC_PHYS_s13_T2_ctrl,140,163,145.43333333333334,-0.8053300380706787,0.711854855083673
UBFC_PHYS_s13_T2_ctrl,140,164,145.46666666666667,-0.7684934139251709,0.6626711229249638
UBFC_PHYS_s13_T2_ctrl,140,165,145.5,-0.75441974401474,0.568161876455368
UBFC_PHYS_s13_T2_ctrl,140,166,145.53333333333333,-0.7439740300178528,0.43261434846224556
UBFC_PHYS_s13_T2_ctrl,140,167,145.56666666666666,-0.7104753851890564,0.25808766657922005
UBFC_PHYS_s13_T2_ctrl,140,168,145.6,-0.6609622240066528,0.05017274660084642
UBFC_PHYS_s13_T2_ctrl,140,169,145.63333333333333,-0.6017810702323914,-0.17525770972602195
UBFC_PHYS_s13_T2_ctrl,140,170,145.66666666666666,-0.5147787928581238,-0.3890053189101306
UBFC_PHYS_s13_T2_ctrl,140,171,145.7,-0.39186909794807434,-0.5526282928198586
UBFC_PHYS_s13_T2_ctrl,140,172,145.73333333333332,-0.24687522649765015,-0.6295894782155625
UBFC_PHYS_s13_T2_ctrl,140,173,145.76666666666668,-0.09176187962293625,-0.5994839159120637
UBFC_PHYS_s13_T2_ctrl,140,174,145.8,0.058029767125844955,-0.46903531616867833
UBFC_PHYS_s13_T2_ctrl,140,175,145.83333333333334,0.19373129308223724,-0.2738875004702822
UBFC_PHYS_s13_T2_ctrl,140,176,145.86666666666667,0.3431110382080078,-0.06844275244986936
UBFC_PHYS_s13_T2_ctrl,140,177,145.9,0.5214124917984009,0.09319648509577627
UBFC_PHYS_s13_T2_ctrl,140,178,145.93333333333334,0.6701167225837708,0.17618751524339019
UBFC_PHYS_s13_T2_ctrl,140,179,145.96666666666667,0.7212115526199341,0.1740606325559666
UBFC_PHYS_s13_T2_ctrl,140,180,146.0,0.6943987607955933,0.10485106371618806
UBFC_PHYS_s13_T2_ctrl,140,181,146.03333333333333,0.6870472431182861,-0.0007881374541406187
UBFC_PHYS_s13_T2_ctrl,140,182,146.06666666666666,0.7768965363502502,-0.11175044267711245
UBFC_PHYS_s13_T2_ctrl,140,183,146.1,0.9185425639152527,-0.20396575425437483
UBFC_PHYS_s13_T2_ctrl,140,184,146.13333333333333,0.9557911157608032,-0.2628905794971775
UBFC_PHYS_s13_T2_ctrl,140,185,146.16666666666666,0.8051493167877197,-0.28348319335447547
UBFC_PHYS_s13_T2_ctrl,140,186,146.2,0.5497838258743286,-0.2696058657695832
UBFC_PHYS_s13_T2_ctrl,140,187,146.23333333333332,0.2912352383136749,-0.23257894355048256
UBFC_PHYS_s13_T2_ctrl,140,188,146.26666666666668,0.06668616831302643,-0.18748667785608844
UBFC_PHYS_s13_T2_ctrl,140,189,146.3,-0.06993799656629562,-0.1471361426335937
UBFC_PHYS_s13_T2_ctrl,140,190,146.33333333333334,-0.09018020331859589,-0.11635824947732362
UBFC_PHYS_s13_T2_ctrl,140,191,146.36666666666667,-0.06517648696899414,-0.09050795773479414
UBFC_PHYS_s13_T2_ctrl,140,192,146.4,-0.07041250169277191,-0.0596575396364473
UBFC_PHYS_s13_T2_ctrl,140,193,146.43333333333334,-0.0982566550374031,-0.016270784120319303
UBFC_PHYS_s13_T2_ctrl,140,194,146.46666666666667,-0.10908127576112747,0.03778850560039854
UBFC_PHYS_s13_T2_ctrl,140,195,146.5,-0.08457842469215393,0.08870376821967434
UBFC_PHYS_s13_T2_ctrl,140,196,146.53333333333333,-0.01883656717836857,0.11459610831405802
UBFC_PHYS_s13_T2_ctrl,140,197,146.56666666666666,0.08494138717651367,0.09510827355529015
UBFC_PHYS_s13_T2_ctrl,140,198,146.6,0.2102268934249878,0.02295357406394528
UBFC_PHYS_s13_T2_ctrl,140,199,146.63333333333333,0.3261013925075531,-0.08812318326160629
UBFC_PHYS_s13_T2_ctrl,140,200,146.66666666666666,0.4001240134239197,-0.20388995350523725
UBFC_PHYS_s13_T2_ctrl,140,201,146.7,0.4263041019439697,-0.2801682371803394
UBFC_PHYS_s13_T2_ctrl,140,202,146.73333333333332,0.44100382924079895,-0.2798283935657245
UBFC_PHYS_s13_T2_ctrl,140,203,146.76666666666668,0.46109774708747864,-0.1887975760216028
UBFC_PHYS_s13_T2_ctrl,140,204,146.8,0.4115351438522339,-0.023353458130774496
UBFC_PHYS_s13_T2_ctrl,140,205,146.83333333333334,0.23338860273361206,0.17528507421711426
UBFC_PHYS_s13_T2_ctrl,140,206,146.86666666666667,0.007040369790047407,0.35700946031940634
UBFC_PHYS_s13_T2_ctrl,140,207,146.9,-0.15487419068813324,0.48229671545545544
UBFC_PHYS_s13_T2_ctrl,140,208,146.93333333333334,-0.2670811712741852,0.5363863400620973
UBFC_PHYS_s13_T2_ctrl,140,209,146.96666666666667,-0.3969568610191345,0.5321069298004047
UBFC_PHYS_s13_T2_ctrl,140,210,147.0,-0.5169206857681274,0.5006886563313144
UBFC_PHYS_s13_T2_ctrl,140,211,147.03333333333333,-0.549345076084137,0.4754165317515351
UBFC_PHYS_s13_T2_ctrl,140,212,147.06666666666666,-0.5006194710731506,0.4760325641864441
UBFC_PHYS_s13_T2_ctrl,140,213,147.1,-0.42445170879364014,0.5008883123018459
UBFC_PHYS_s13_T2_ctrl,140,214,147.13333333333333,-0.3497470021247864,0.5294796420391024
UBFC_PHYS_s13_T2_ctrl,140,215,147.16666666666666,-0.29108646512031555,0.5329289343536455
UBFC_PHYS_s13_T2_ctrl,140,216,147.2,-0.26426711678504944,0.4870343879941878
UBFC_PHYS_s13_T2_ctrl,140,217,147.23333333333332,-0.2595418393611908,0.38239011139235807
UBFC_PHYS_s13_T2_ctrl,140,218,147.26666666666668,-0.24215984344482422,0.22804893369985374
UBFC_PHYS_s13_T2_ctrl,140,219,147.3,-0.19126270711421967,0.04816185582879866
UBFC_PHYS_s13_T2_ctrl,140,220,147.33333333333334,-0.12161608785390854,-0.12623716805308338
UBFC_PHYS_s13_T2_ctrl,140,221,147.36666666666667,-0.061571571975946426,-0.2668122782842429
UBFC_PHYS_s13_T2_ctrl,140,222,147.4,-0.02041165716946125,-0.3558226534471875
UBFC_PHYS_s13_T2_ctrl,140,223,147.43333333333334,0.014727991074323654,-0.39046663484462846
UBFC_PHYS_s13_T2_ctrl,140,224,147.46666666666667,0.048094842582941055,-0.38274071081494176
UBFC_PHYS_s13_T2_ctrl,140,225,147.5,0.06582942605018616,-0.3548985559183723
UBFC_PHYS_s13_T2_ctrl,140,226,147.53333333333333,0.06310102343559265,-0.3320606849325114
UBFC_PHYS_s13_T2_ctrl,140,227,147.56666666666666,0.05427327752113342,-0.334538649003816
UBFC_PHYS_s13_T2_ctrl,140,228,147.6,0.045376330614089966,-0.3721403440806635
UBFC_PHYS_s13_T2_ctrl,140,229,147.63333333333333,0.030343782156705856,-0.44163744851273756
UBFC_PHYS_s13_T2_ctrl,140,230,147.66666666666666,-0.0006011200021021068,-0.5276394634369047
UBFC_PHYS_s13_T2_ctrl,140,231,147.7,-0.06580585986375809,-0.6065895832919425
UBFC_PHYS_s13_T2_ctrl,140,232,147.73333333333332,-0.17055588960647583,-0.6532107266951273
UBFC_PHYS_s13_T2_ctrl,140,233,147.76666666666668,-0.27232709527015686,-0.6480901793317158
UBFC_PHYS_s13_T2_ctrl,140,234,147.8,-0.31694692373275757,-0.5841684337319895
UBFC_PHYS_s13_T2_ctrl,140,235,147.83333333333334,-0.30713391304016113,-0.4693516218920154
UBFC_PHYS_s13_T2_ctrl,140,236,147.86666666666667,-0.28231802582740784,-0.3232255020246863
UBFC_PHYS_s13_T2_ctrl,140,237,147.9,-0.2703862190246582,-0.16849502231147173
UBFC_PHYS_s13_T2_ctrl,140,238,147.93333333333334,-0.2718394100666046,-0.021364286527128365
UBFC_PHYS_s13_T2_ctrl,140,239,147.96666666666667,-0.2610180675983429,0.1134364531287709
UBFC_PHYS_s13_T2_ctrl,141,0,141.0,2.840935707092285,0.08358018274791384
UBFC_PHYS_s13_T2_ctrl,141,1,141.03333333333333,3.1523749828338623,-0.050957995480964045
UBFC_PHYS_s13_T2_ctrl,141,2,141.06666666666666,3.3444535732269287,-0.17060918527488375
UBFC_PHYS_s13_T2_ctrl,141,3,141.1,3.6154842376708984,-0.2596889918792576
UBFC_PHYS_s13_T2_ctrl,141,4,141.13333333333333,3.8327906131744385,-0.307444076316585
UBFC_PHYS_s13_T2_ctrl,141,5,141.16666666666666,3.7828752994537354,-0.31015756457624294
UBFC_PHYS_s13_T2_ctrl,141,6,141.2,2.793910503387451,-0.272475691084653
UBFC_PHYS_s13_T2_ctrl,141,7,141.23333333333332,0.3602261245250702,-0.20757974640144378
UBFC_PHYS_s13_T2_ctrl,141,8,141.26666666666668,-2.001709222793579,-0.13582042378533327
UBFC_PHYS_s13_T2_ctrl,141,9,141.3,-3.2370338439941406,-0.08149805659205943
UBFC_PHYS_s13_T2_ctrl,141,10,141.33333333333334,-3.6349220275878906,-0.06789354644114416
UBFC_PHYS_s13_T2_ctrl,141,11,141.36666666666667,-3.5217032432556152,-0.11136031480740782
UBFC_PHYS_s13_T2_ctrl,141,12,141.4,-3.103708267211914,-0.21596084597106463
UBFC_PHYS_s13_T2_ctrl,141,13,141.43333333333334,-2.7031314373016357,-0.3704191620452962
UBFC_PHYS_s13_T2_ctrl,141,14,141.46666666666667,-2.501173973083496,-0.5488168430051795
UBFC_PHYS_s13_T2_ctrl,141,15,141.5,-2.3980813026428223,-0.7154807900346737
UBFC_PHYS_s13_T2_ctrl,141,16,141.53333333333333,-2.1994752883911133,-0.8331568361417214
UBFC_PHYS_s13_T2_ctrl,141,17,141.56666666666666,-2.0350003242492676,-0.8723156689031005
UBFC_PHYS_s13_T2_ctrl,141,18,141.6,-2.0599381923675537,-0.8187774079785195
UBFC_PHYS_s13_T2_ctrl,141,19,141.63333333333333,-2.2825562953948975,-0.6770131199079377
UBFC_PHYS_s13_T2_ctrl,141,20,141.66666666666666,-2.5133132934570312,-0.46762658508191984
UBFC_PHYS_s13_T2_ctrl,141,21,141.7,-2.6782066822052,-0.21976291789418753
UBFC_PHYS_s13_T2_ctrl,141,22,141.73333333333332,-2.5059518814086914,0.03817480091765769
UBFC_PHYS_s13_T2_ctrl,141,23,141.76666666666668,-1.6330394744873047,0.28512872572949843
UBFC_PHYS_s13_T2_ctrl,141,24,141.8,-0.47227776050567627,0.5088097644271353
UBFC_PHYS_s13_T2_ctrl,141,25,141.83333333333334,0.5131811499595642,0.7026873391795851
UBFC_PHYS_s13_T2_ctrl,141,26,141.86666666666667,1.1911286115646362,0.8615356874316636
UBFC_PHYS_s13_T2_ctrl,141,27,141.9,1.535219669342041,0.978655448155038
UBFC_PHYS_s13_T2_ctrl,141,28,141.93333333333334,1.6278237104415894,1.046198325411136
UBFC_PHYS_s13_T2_ctrl,141,29,141.96666666666667,1.6005299091339111,1.0578552906774983
UBFC_PHYS_s13_T2_ctrl,141,30,142.0,1.4962115287780762,1.0119370649737054
UBFC_PHYS_s13_T2_ctrl,141,31,142.03333333333333,1.2350267171859741,0.9131018723257293
UBFC_PHYS_s13_T2_ctrl,141,32,142.06666666666666,0.7971915006637573,0.77219184287886
UBFC_PHYS_s13_T2_ctrl,141,33,142.1,0.31013959646224976,0.6046084466781743
UBFC_PHYS_s13_T2_ctrl,141,34,142.13333333333333,-0.10835304111242294,0.42769029145223886
UBFC_PHYS_s13_T2_ctrl,141,35,142.16666666666666,-0.4614794850349426,0.25747921871105295
UBFC_PHYS_s13_T2_ctrl,141,36,142.2,-0.8159866333007812,0.10582295053890622
UBFC_PHYS_s13_T2_ctrl,141,37,142.23333333333332,-1.151711344718933,-0.0209070339513315
UBFC_PHYS_s13_T2_ctrl,141,38,142.26666666666668,-1.3950395584106445,-0.12101400771408877
UBFC_PHYS_s13_T2_ctrl,141,39,142.3,-1.5624504089355469,-0.19538665547431758
UBFC_PHYS_s13_T2_ctrl,141,40,142.33333333333334,-1.7542389631271362,-0.24550415831585704
UBFC_PHYS_s13_T2_ctrl,141,41,142.36666666666667,-1.9620848894119263,-0.2725883137632057
UBFC_PHYS_s13_T2_ctrl,141,42,142.4,-2.0172722339630127,-0.2781075293535618
UBFC_PHYS_s13_T2_ctrl,141,43,142.43333333333334,-1.7535700798034668,-0.2650130966528828
UBFC_PHYS_s13_T2_ctrl,141,44,142.46666666666667,-1.1766853332519531,-0.23874343484507862
UBFC_PHYS_s13_T2_ctrl,141,45,142.5,-0.5401021242141724,-0.20735356736949234
UBFC_PHYS_s13_T2_ctrl,141,46,142.53333333333333,-0.18281391263008118,-0.18085323807603929
UBFC_PHYS_s13_T2_ctrl,141,47,142.56666666666666,-0.1600508987903595,-0.17024391852428883
UBFC_PHYS_s13_T2_ctrl,141,48,142.6,-0.25732749700546265,-0.18642319583360747
UBFC_PHYS_s13_T2_ctrl,141,49,142.63333333333333,-0.32552096247673035,-0.23862326179504023
UBFC_PHYS_s13_T2_ctrl,141,50,142.66666666666666,-0.36390963196754456,-0.33207014225204656
UBFC_PHYS_s13_T2_ctrl,141,51,142.7,-0.37456950545310974,-0.4650805112978186
UBFC_PHYS_s13_T2_ctrl,141,52,142.73333333333332,-0.34437260031700134,-0.6264470774851189
UBFC_PHYS_s13_T2_ctrl,141,53,142.76666666666668,-0.31829795241355896,-0.7943745777150463
UBFC_PHYS_s13_T2_ctrl,141,54,142.8,-0.3193194568157196,-0.9382105880875108
UBFC_PHYS_s13_T2_ctrl,141,55,142.83333333333334,-0.26531827449798584,-1.0236889816260057
UBFC_PHYS_s13_T2_ctrl,141,56,142.86666666666667,-0.056862782686948776,-1.0213489662349289
UBFC_PHYS_s13_T2_ctrl,141,57,142.9,0.324107825756073,-0.9162083531047596
UBFC_PHYS_s13_T2_ctrl,141,58,142.93333333333334,0.7953659892082214,-0.7151426998245166
UBFC_PHYS_s13_T2_ctrl,141,59,142.96666666666667,1.2344896793365479,-0.447987899375951
UBFC_PHYS_s13_T2_ctrl,141,60,143.0,1.3806005716323853,-0.1601872697339034
UBFC_PHYS_s13_T2_ctrl,141,61,143.03333333333333,1.1777435541152954,0.10128025408845327
UBFC_PHYS_s13_T2_ctrl,141,62,143.06666666666666,0.8493770360946655,0.302761734526899
UBFC_PHYS_s13_T2_ctrl,141,63,143.1,0.523102879524231,0.43258800393361274
UBFC_PHYS_s13_T2_ctrl,141,64,143.13333333333333,0.24029527604579926,0.5001664277484864
UBFC_PHYS_s13_T2_ctrl,141,65,143.16666666666666,0.03155969828367233,0.5274270155581199
UBFC_PHYS_s13_T2_ctrl,141,66,143.2,-0.10479426383972168,0.5375732249173453
UBFC_PHYS_s13_T2_ctrl,141,67,143.23333333333332,-0.19208650290966034,0.5461744681707974
UBFC_PHYS_s13_T2_ctrl,141,68,143.26666666666668,-0.24548466503620148,0.5578462206749576
UBFC_PHYS_s13_T2_ctrl,141,69,143.3,-0.22599045932292938,0.5689035617815559
UBFC_PHYS_s13_T2_ctrl,141,70,143.33333333333334,-0.11164820939302444,0.5734273211078464
UBFC_PHYS_s13_T2_ctrl,141,71,143.36666666666667,0.04434823617339134,0.5687764811609721
UBFC_PHYS_s13_T2_ctrl,141,72,143.4,0.1554216891527176,0.5576138937416443
UBFC_PHYS_s13_T2_ctrl,141,73,143.43333333333334,0.19951100647449493,0.5459943389770803
UBFC_PHYS_s13_T2_ctrl,141,74,143.46666666666667,0.2359028160572052,0.5392791225983189
UBFC_PHYS_s13_T2_ctrl,141,75,143.5,0.3697096109390259,0.538534276742533
UBFC_PHYS_s13_T2_ctrl,141,76,143.53333333333333,0.639069676399231,0.5394280010357061
UBFC_PHYS_s13_T2_ctrl,141,77,143.56666666666666,0.9133362174034119,0.5339793049113765
UBFC_PHYS_s13_T2_ctrl,141,78,143.6,1.018326759338379,0.5138119067337424
UBFC_PHYS_s13_T2_ctrl,141,79,143.63333333333333,0.9875960350036621,0.4729133757985871
UBFC_PHYS_s13_T2_ctrl,141,80,143.66666666666666,1.0276389122009277,0.4086737983974642
UBFC_PHYS_s13_T2_ctrl,141,81,143.7,1.1974321603775024,0.3213421991577216
UBFC_PHYS_s13_T2_ctrl,141,82,143.73333333333332,1.355273962020874,0.21289400021899185
UBFC_PHYS_s13_T2_ctrl,141,83,143.76666666666668,1.3996367454528809,0.0863250908658858
UBFC_PHYS_s13_T2_ctrl,141,84,143.8,1.3152871131896973,-0.054170562487369435
UBFC_PHYS_s13_T2_ctrl,141,85,143.83333333333334,1.1435463428497314,-0.20240903961292642
UBFC_PHYS_s13_T2_ctrl,141,86,143.86666666666667,0.9538601636886597,-0.3495678951843643
UBFC_PHYS_s13_T2_ctrl,141,87,143.9,0.7761024236679077,-0.48443729564294835
UBFC_PHYS_s13_T2_ctrl,141,88,143.93333333333334,0.5408539175987244,-0.5948584736931988
UBFC_PHYS_s13_T2_ctrl,141,89,143.96666666666667,0.22909170389175415,-0.670024258440357
UBFC_PHYS_s13_T2_ctrl,141,90,144.0,-0.057640440762043,-0.7029121756319632
UBFC_PHYS_s13_T2_ctrl,141,91,144.03333333333333,-0.25882020592689514,-0.6920343813579529
UBFC_PHYS_s13_T2_ctrl,141,92,144.06666666666666,-0.47216901183128357,-0.6418772890948458
UBFC_PHYS_s13_T2_ctrl,141,93,144.1,-0.7782536745071411,-0.5618062535281851
UBFC_PHYS_s13_T2_ctrl,141,94,144.13333333333333,-1.1044355630874634,-0.4637513981505647
UBFC_PHYS_s13_T2_ctrl,141,95,144.16666666666666,-1.4233713150024414,-0.35956474416016426
UBFC_PHYS_s13_T2_ctrl,141,96,144.2,-1.8189889192581177,-0.25925521451483735
UBFC_PHYS_s13_T2_ctrl,141,97,144.23333333333332,-2.34523344039917,-0.1708296001357731
UBFC_PHYS_s13_T2_ctrl,141,98,144.26666666666668,-2.831076145172119,-0.101207445545444
UBFC_PHYS_s13_T2_ctrl,141,99,144.3,-3.1082851886749268,-0.05679248425700896
UBFC_PHYS_s13_T2_ctrl,141,100,144.33333333333334,-2.6357781887054443,-0.042711125428808575
UBFC_PHYS_s13_T2_ctrl,141,101,144.36666666666667,-1.2882431745529175,-0.06090368252878446
UBFC_PHYS_s13_T2_ctrl,141,102,144.4,0.07202763110399246,-0.10807439225322599
UBFC_PHYS_s13_T2_ctrl,141,103,144.43333333333334,0.9786628484725952,-0.17450465974825438
UBFC_PHYS_s13_T2_ctrl,141,104,144.46666666666667,1.4919441938400269,-0.24418350183558307
UBFC_PHYS_s13_T2_ctrl,141,105,144.5,1.6705917119979858,-0.2964254744772003
UBFC_PHYS_s13_T2_ctrl,141,106,144.53333333333333,1.6359100341796875,-0.3094183249063717
UBFC_PHYS_s13_T2_ctrl,141,107,144.56666666666666,1.561903953552246,-0.2659166310524619
UBFC_PHYS_s13_T2_ctrl,141,108,144.6,1.4928900003433228,-0.1598152835719403
UBFC_PHYS_s13_T2_ctrl,141,109,144.63333333333333,1.3498072624206543,-0.0006679097805275284
UBFC_PHYS_s13_T2_ctrl,141,110,144.66666666666666,1.1312553882598877,0.18692889345353106
UBFC_PHYS_s13_T2_ctrl,141,111,144.7,0.958391010761261,0.369947876761577
UBFC_PHYS_s13_T2_ctrl,141,112,144.73333333333332,0.8897494077682495,0.5167702117240214
UBFC_PHYS_s13_T2_ctrl,141,113,144.76666666666668,0.8594931960105896,0.6053821128054109
UBFC_PHYS_s13_T2_ctrl,141,114,144.8,0.7784650325775146,0.6265189553575137
UBFC_PHYS_s13_T2_ctrl,141,115,144.83333333333334,0.6636054515838623,0.5818608021089506
UBFC_PHYS_s13_T2_ctrl,141,116,144.86666666666667,0.5373050570487976,0.4800887702697115
UBFC_PHYS_s13_T2_ctrl,141,117,144.9,0.3808307945728302,0.3339482058573406
UBFC_PHYS_s13_T2_ctrl,141,118,144.93333333333334,0.18520009517669678,0.15962311954858438
UBFC_PHYS_s13_T2_ctrl,141,119,144.96666666666667,0.005079745780676603,-0.022574546476500007
UBFC_PHYS_s13_T2_ctrl,141,120,145.0,-0.11359235644340515,-0.1882150077726433
UBFC_PHYS_s13_T2_ctrl,141,121,145.03333333333333,-0.19540473818778992,-0.3109056430899223
UBFC_PHYS_s13_T2_ctrl,141,122,145.06666666666666,-0.2874881327152252,-0.366630635639515
UBFC_PHYS_s13_T2_ctrl,141,123,145.1,-0.3943108320236206,-0.3391004869669916
UBFC_PHYS_s13_T2_ctrl,141,124,145.13333333333333,-0.5056412816047668,-0.22453143886405372
UBFC_PHYS_s13_T2_ctrl,141,125,145.16666666666666,-0.6381168365478516,-0.03439306362861517
UBFC_PHYS_s13_T2_ctrl,141,126,145.2,-0.820435106754303,0.20509348268578892
UBFC_PHYS_s13_T2_ctrl,141,127,145.23333333333332,-1.0562536716461182,0.45727366015390747
UBFC_PHYS_s13_T2_ctrl,141,128,145.26666666666668,-1.2616314888000488,0.6824694453245104
UBFC_PHYS_s13_T2_ctrl,141,129,145.3,-1.2965304851531982,0.8463784602208765
UBFC_PHYS_s13_T2_ctrl,141,130,145.33333333333334,-1.1515201330184937,0.9267397604648882
UBFC_PHYS_s13_T2_ctrl,141,131,145.36666666666667,-0.9714854955673218,0.9161612461966137
UBFC_PHYS_s13_T2_ctrl,141,132,145.4,-0.862458348274231,0.8206608831588886
UBFC_PHYS_s13_T2_ctrl,141,133,145.43333333333334,-0.8053300380706787,0.6551984203019928
UBFC_PHYS_s13_T2_ctrl,141,134,145.46666666666667,-0.7684934139251709,0.4383244940209762
UBFC_PHYS_s13_T2_ctrl,141,135,145.5,-0.75441974401474,0.18791832087209628
UBFC_PHYS_s13_T2_ctrl,141,136,145.53333333333333,-0.7439740300178528,-0.08079647590361264
UBFC_PHYS_s13_T2_ctrl,141,137,145.56666666666666,-0.7104753851890564,-0.35474063575066195
UBFC_PHYS_s13_T2_ctrl,141,138,145.6,-0.6609622240066528,-0.6206152128161931
UBFC_PHYS_s13_T2_ctrl,141,139,145.63333333333333,-0.6017810702323914,-0.8619958902319599
UBFC_PHYS_s13_T2_ctrl,141,140,145.66666666666666,-0.5147787928581238,-1.057601723436554
UBFC_PHYS_s13_T2_ctrl,141,141,145.7,-0.39186909794807434,-1.1823305410981864
UBFC_PHYS_s13_T2_ctrl,141,142,145.73333333333332,-0.24687522649765015,-1.2117967058436585
UBFC_PHYS_s13_T2_ctrl,141,143,145.76666666666668,-0.09176187962293625,-1.1296579151389623
UBFC_PHYS_s13_T2_ctrl,141,144,145.8,0.058029767125844955,-0.935450372978209
UBFC_PHYS_s13_T2_ctrl,141,145,145.83333333333334,0.19373129308223724,-0.6496503807489028
UBFC_PHYS_s13_T2_ctrl,141,146,145.86666666666667,0.3431110382080078,-0.31296179145722747
UBFC_PHYS_s13_T2_ctrl,141,147,145.9,0.5214124917984009,0.02112326355092991
UBFC_PHYS_s13_T2_ctrl,141,148,145.93333333333334,0.6701167225837708,0.2982731219556624
UBFC_PHYS_s13_T2_ctrl,141,149,145.96666666666667,0.7212115526199341,0.4755322854619741
UBFC_PHYS_s13_T2_ctrl,141,150,146.0,0.6943987607955933,0.5302091389215924
UBFC_PHYS_s13_T2_ctrl,141,151,146.03333333333333,0.6870472431182861,0.4638530597760767
UBFC_PHYS_s13_T2_ctrl,141,152,146.06666666666666,0.7768965363502502,0.30118432275803864
UBFC_PHYS_s13_T2_ctrl,141,153,146.1,0.9185425639152527,0.08455078712367223
UBFC_PHYS_s13_T2_ctrl,141,154,146.13333333333333,0.9557911157608032,-0.13492574318118636
UBFC_PHYS_s13_T2_ctrl,141,155,146.16666666666666,0.8051493167877197,-0.30780640415810273
UBFC_PHYS_s13_T2_ctrl,141,156,146.2,0.5497838258743286,-0.3963798812653151
UBFC_PHYS_s13_T2_ctrl,141,157,146.23333333333332,0.2912352383136749,-0.38224345183320646
UBFC_PHYS_s13_T2_ctrl,141,158,146.26666666666668,0.06668616831302643,-0.26964188090987434
UBFC_PHYS_s13_T2_ctrl,141,159,146.3,-0.06993799656629562,-0.08351527767828988
UBFC_PHYS_s13_T2_ctrl,141,160,146.33333333333334,-0.09018020331859589,0.13749963914905547
UBFC_PHYS_s13_T2_ctrl,141,161,146.36666666666667,-0.06517648696899414,0.3511380015962167
UBFC_PHYS_s13_T2_ctrl,141,162,146.4,-0.07041250169277191,0.5211966807162489
UBFC_PHYS_s13_T2_ctrl,141,163,146.43333333333334,-0.0982566550374031,0.6235453973768394
UBFC_PHYS_s13_T2_ctrl,141,164,146.46666666666667,-0.10908127576112747,0.6473775978080883
UBFC_PHYS_s13_T2_ctrl,141,165,146.5,-0.08457842469215393,0.5931835108313633
UBFC_PHYS_s13_T2_ctrl,141,166,146.53333333333333,-0.01883656717836857,0.4699017513205404
UBFC_PHYS_s13_T2_ctrl,141,167,146.56666666666666,0.08494138717651367,0.29298106775140653
UBFC_PHYS_s13_T2_ctrl,141,168,146.6,0.2102268934249878,0.08362607285265412
UBFC_PHYS_s13_T2_ctrl,141,169,146.63333333333333,0.3261013925075531,-0.13178574403194362
UBFC_PHYS_s13_T2_ctrl,141,170,146.66666666666666,0.4001240134239197,-0.3236046990104873
UBFC_PHYS_s13_T2_ctrl,141,171,146.7,0.4263041019439697,-0.4629873770592436
UBFC_PHYS_s13_T2_ctrl,141,172,146.73333333333332,0.44100382924079895,-0.5275796566826618
UBFC_PHYS_s13_T2_ctrl,141,173,146.76666666666668,0.46109774708747864,-0.5069448724257595
UBFC_PHYS_s13_T2_ctrl,141,174,146.8,0.4115351438522339,-0.4055679551574639
UBFC_PHYS_s13_T2_ctrl,141,175,146.83333333333334,0.23338860273361206,-0.2419130290569918
UBFC_PHYS_s13_T2_ctrl,141,176,146.86666666666667,0.007040369790047407,-0.04326976671105245
UBFC_PHYS_s13_T2_ctrl,141,177,146.9,-0.15487419068813324,0.16208997186285443
UBFC_PHYS_s13_T2_ctrl,141,178,146.93333333333334,-0.2670811712741852,0.3521763578131257
UBFC_PHYS_s13_T2_ctrl,141,179,146.96666666666667,-0.3969568610191345,0.5145865092562247
UBFC_PHYS_s13_T2_ctrl,141,180,147.0,-0.5169206857681274,0.6447615716072372
UBFC_PHYS_s13_T2_ctrl,141,181,147.03333333333333,-0.549345076084137,0.7411342014770502
UBFC_PHYS_s13_T2_ctrl,141,182,147.06666666666666,-0.5006194710731506,0.8006207745468766
UBFC_PHYS_s13_T2_ctrl,141,183,147.1,-0.42445170879364014,0.8171757754726344
UBFC_PHYS_s13_T2_ctrl,141,184,147.13333333333333,-0.3497470021247864,0.7838635294951561
UBFC_PHYS_s13_T2_ctrl,141,185,147.16666666666666,-0.29108646512031555,0.6967466123520777
UBFC_PHYS_s13_T2_ctrl,141,186,147.2,-0.26426711678504944,0.55818800276612
UBFC_PHYS_s13_T2_ctrl,141,187,147.23333333333332,-0.2595418393611908,0.37793052330132254
UBFC_PHYS_s13_T2_ctrl,141,188,147.26666666666668,-0.24215984344482422,0.1717116710793489
UBFC_PHYS_s13_T2_ctrl,141,189,147.3,-0.19126270711421967,-0.041734575081631475
UBFC_PHYS_s13_T2_ctrl,141,190,147.33333333333334,-0.12161608785390854,-0.24413552882297018
UBFC_PHYS_s13_T2_ctrl,141,191,147.36666666666667,-0.061571571975946426,-0.42066092689541873
UBFC_PHYS_s13_T2_ctrl,141,192,147.4,-0.02041165716946125,-0.5618001544463201
UBFC_PHYS_s13_T2_ctrl,141,193,147.43333333333334,0.014727991074323654,-0.6639580238875801
UBFC_PHYS_s13_T2_ctrl,141,194,147.46666666666667,0.048094842582941055,-0.7291917481878673
UBFC_PHYS_s13_T2_ctrl,141,195,147.5,0.06582942605018616,-0.7647199051647416
UBFC_PHYS_s13_T2_ctrl,141,196,147.53333333333333,0.06310102343559265,-0.7823012322101478
UBFC_PHYS_s13_T2_ctrl,141,197,147.56666666666666,0.05427327752113342,-0.796836340040361
UBFC_PHYS_s13_T2_ctrl,141,198,147.6,0.045376330614089966,-0.8233702311442338
UBFC_PHYS_s13_T2_ctrl,141,199,147.63333333333333,0.030343782156705856,-0.8723638526706496
UBFC_PHYS_s13_T2_ctrl,141,200,147.66666666666666,-0.0006011200021021068,-0.9443606342222368
UBFC_PHYS_s13_T2_ctrl,141,201,147.7,-0.06580585986375809,-1.0262210561234577
UBFC_PHYS_s13_T2_ctrl,141,202,147.73333333333332,-0.17055588960647583,-1.0912012261584938
UBFC_PHYS_s13_T2_ctrl,141,203,147.76666666666668,-0.27232709527015686,-1.1041496402701765
UBFC_PHYS_s13_T2_ctrl,141,204,147.8,-0.31694692373275757,-1.0312742308765732
UBFC_PHYS_s13_T2_ctrl,141,205,147.83333333333334,-0.30713391304016113,-0.8517791703129947
UBFC_PHYS_s13_T2_ctrl,141,206,147.86666666666667,-0.28231802582740784,-0.5670041465375202
UBFC_PHYS_s13_T2_ctrl,141,207,147.9,-0.2703862190246582,-0.20263962525336135
UBFC_PHYS_s13_T2_ctrl,141,208,147.93333333333334,-0.2718394100666046,0.19812196849201333
UBFC_PHYS_s13_T2_ctrl,141,209,147.96666666666667,-0.2610180675983429,0.5883252744950858
UBFC_PHYS_s13_T2_ctrl,141,210,148.0,-0.21556127071380615,0.9313760844784875
UBFC_PHYS_s13_T2_ctrl,141,211,148.03333333333333,-0.171587273478508,1.2083565771517386
UBFC_PHYS_s13_T2_ctrl,141,212,148.06666666666666,-0.20215323567390442,1.4158279813830468
UBFC_PHYS_s13_T2_ctrl,141,213,148.1,-0.3066660165786743,1.5574456704552535
UBFC_PHYS_s13_T2_ctrl,141,214,148.13333333333333,-0.3930520713329315,1.63560840933712
UBFC_PHYS_s13_T2_ctrl,141,215,148.16666666666666,-0.3867616057395935,1.6479483804103587
UBFC_PHYS_s13_T2_ctrl,141,216,148.2,-0.30369046330451965,1.5894755019273035
UBFC_PHYS_s13_T2_ctrl,141,217,148.23333333333332,-0.204186350107193,1.4576163551895618
UBFC_PHYS_s13_T2_ctrl,141,218,148.26666666666668,-0.12363272905349731,1.2564436928361744
UBFC_PHYS_s13_T2_ctrl,141,219,148.3,-0.0581742562353611,0.9978230017152563
UBFC_PHYS_s13_T2_ctrl,141,220,148.33333333333334,0.002430432476103306,0.6994102950913882
UBFC_PHYS_s13_T2_ctrl,141,221,148.36666666666667,0.05098140612244606,0.3810491716923223
UBFC_PHYS_s13_T2_ctrl,141,222,148.4,0.07754373550415039,0.061487076181276315
UBFC_PHYS_s13_T2_ctrl,141,223,148.43333333333334,0.09435567259788513,-0.2432906122083207
UBFC_PHYS_s13_T2_ctrl,141,224,148.46666666666667,0.13272787630558014,-0.519794510897816
UBFC_PHYS_s13_T2_ctrl,141,225,148.5,0.2105531096458435,-0.7554618588274626
UBFC_PHYS_s13_T2_ctrl,141,226,148.53333333333333,0.3122386336326599,-0.9370679183817127
UBFC_PHYS_s13_T2_ctrl,141,227,148.56666666666666,0.4046976864337921,-1.0505356383533313
UBFC_PHYS_s13_T2_ctrl,141,228,148.6,0.46748706698417664,-1.083052399484049
UBFC_PHYS_s13_T2_ctrl,141,229,148.63333333333333,0.4943954050540924,-1.0273483015298
UBFC_PHYS_s13_T2_ctrl,141,230,148.66666666666666,0.5004288554191589,-0.8867369559779831
UBFC_PHYS_s13_T2_ctrl,141,231,148.7,0.5170628428459167,-0.6786247769271463
UBFC_PHYS_s13_T2_ctrl,141,232,148.73333333333332,0.5345931053161621,-0.43421285188121633
UBFC_PHYS_s13_T2_ctrl,141,233,148.76666666666668,0.4797549843788147,-0.19334160773156614
UBFC_PHYS_s13_T2_ctrl,141,234,148.8,0.32492831349372864,0.004432139177408817
UBFC_PHYS_s13_T2_ctrl,141,235,148.83333333333334,0.15415634214878082,0.12942040185984116
UBFC_PHYS_s13_T2_ctrl,141,236,148.86666666666667,0.04322458431124687,0.16829173761118874
UBFC_PHYS_s13_T2_ctrl,141,237,148.9,-0.026145245879888535,0.1251804860385986
UBFC_PHYS_s13_T2_ctrl,141,238,148.93333333333334,-0.0973801389336586,0.018150869542005985
UBFC_PHYS_s13_T2_ctrl,141,239,148.96666666666667,-0.17694851756095886,-0.12608439777087768
UBFC_PHYS_s13_T2_ctrl,142,0,142.0,1.4962115287780762,0.16979180538218716
UBFC_PHYS_s13_T2_ctrl,142,1,142.03333333333333,1.2350267171859741,-0.04022912102968169
UBFC_PHYS_s13_T2_ctrl,142,2,142.06666666666666,0.7971915006637573,-0.22685889393664802
UBFC_PHYS_s13_T2_ctrl,142,3,142.1,0.31013959646224976,-0.3679027893010045
UBFC_PHYS_s13_T2_ctrl,142,4,142.13333333333333,-0.10835304111242294,-0.44875147021159767
UBFC_PHYS_s13_T2_ctrl,142,5,142.16666666666666,-0.4614794850349426,-0.46649739370627097
UBFC_PHYS_s13_T2_ctrl,142,6,142.2,-0.8159866333007812,-0.4314895627492789
UBFC_PHYS_s13_T2_ctrl,142,7,142.23333333333332,-1.151711344718933,-0.3645864370256894
UBFC_PHYS_s13_T2_ctrl,142,8,142.26666666666668,-1.3950395584106445,-0.2905099799197872
UBFC_PHYS_s13_T2_ctrl,142,9,142.3,-1.5624504089355469,-0.22990802999965218
UBFC_PHYS_s13_T2_ctrl,142,10,142.33333333333334,-1.7542389631271362,-0.19356515630940566
UBFC_PHYS_s13_T2_ctrl,142,11,142.36666666666667,-1.9620848894119263,-0.18108930101911042
UBFC_PHYS_s13_T2_ctrl,142,12,142.4,-2.0172722339630127,-0.18395339223160279
UBFC_PHYS_s13_T2_ctrl,142,13,142.43333333333334,-1.7535700798034668,-0.190699875463801
UBFC_PHYS_s13_T2_ctrl,142,14,142.46666666666667,-1.1766853332519531,-0.19177809631752224
UBFC_PHYS_s13_T2_ctrl,142,15,142.5,-0.5401021242141724,-0.18257245896401245
UBFC_PHYS_s13_T2_ctrl,142,16,142.53333333333333,-0.18281391263008118,-0.16452521605557713
UBFC_PHYS_s13_T2_ctrl,142,17,142.56666666666666,-0.1600508987903595,-0.1449327630366237
UBFC_PHYS_s13_T2_ctrl,142,18,142.6,-0.25732749700546265,-0.13576757150577307
UBFC_PHYS_s13_T2_ctrl,142,19,142.63333333333333,-0.32552096247673035,-0.15137321790154648
UBFC_PHYS_s13_T2_ctrl,142,20,142.66666666666666,-0.36390963196754456,-0.20481663001794073
UBFC_PHYS_s13_T2_ctrl,142,21,142.7,-0.37456950545310974,-0.30309493584094443
UBFC_PHYS_s13_T2_ctrl,142,22,142.73333333333332,-0.34437260031700134,-0.4420247547443834
UBFC_PHYS_s13_T2_ctrl,142,23,142.76666666666668,-0.31829795241355896,-0.60243182664739
UBFC_PHYS_s13_T2_ctrl,142,24,142.8,-0.3193194568157196,-0.7499313610248352
UBFC_PHYS_s13_T2_ctrl,142,25,142.83333333333334,-0.26531827449798584,-0.8403309972035704
UBFC_PHYS_s13_T2_ctrl,142,26,142.86666666666667,-0.056862782686948776,-0.8309308165527094
UBFC_PHYS_s13_T2_ctrl,142,27,142.9,0.324107825756073,-0.6951734644888828
UBFC_PHYS_s13_T2_ctrl,142,28,142.93333333333334,0.7953659892082214,-0.43541140938213146
UBFC_PHYS_s13_T2_ctrl,142,29,142.96666666666667,1.2344896793365479,-0.08743641047750847
UBFC_PHYS_s13_T2_ctrl,142,30,143.0,1.3806005716323853,0.2877334809283864
UBFC_PHYS_s13_T2_ctrl,142,31,143.03333333333333,1.1777435541152954,0.623530154597543
UBFC_PHYS_s13_T2_ctrl,142,32,143.06666666666666,0.8493770360946655,0.8701320180994389
UBFC_PHYS_s13_T2_ctrl,142,33,143.1,0.523102879524231,1.0079063568692734
UBFC_PHYS_s13_T2_ctrl,142,34,143.13333333333333,0.24029527604579926,1.0465643635777737
UBFC_PHYS_s13_T2_ctrl,142,35,143.16666666666666,0.03155969828367233,1.0135765052873749
UBFC_PHYS_s13_T2_ctrl,142,36,143.2,-0.10479426383972168,0.9397809191343691
UBFC_PHYS_s13_T2_ctrl,142,37,143.23333333333332,-0.19208650290966034,0.8488694032852344
UBFC_PHYS_s13_T2_ctrl,142,38,143.26666666666668,-0.24548466503620148,0.7534960753361372
UBFC_PHYS_s13_T2_ctrl,142,39,143.3,-0.22599045932292938,0.6570322733333626
UBFC_PHYS_s13_T2_ctrl,142,40,143.33333333333334,-0.11164820939302444,0.5581764093499304
UBFC_PHYS_s13_T2_ctrl,142,41,143.36666666666667,0.04434823617339134,0.4556376977924502
UBFC_PHYS_s13_T2_ctrl,142,42,143.4,0.1554216891527176,0.3510095390661349
UBFC_PHYS_s13_T2_ctrl,142,43,143.43333333333334,0.19951100647449493,0.24910428190013795
UBFC_PHYS_s13_T2_ctrl,142,44,143.46666666666667,0.2359028160572052,0.1561121382604515
UBFC_PHYS_s13_T2_ctrl,142,45,143.5,0.3697096109390259,0.07674938977572443
UBFC_PHYS_s13_T2_ctrl,142,46,143.53333333333333,0.639069676399231,0.011884068989224582
UBFC_PHYS_s13_T2_ctrl,142,47,143.56666666666666,0.9133362174034119,-0.042239874554298826
UBFC_PHYS_s13_T2_ctrl,142,48,143.6,1.018326759338379,-0.09300977736159188
UBFC_PHYS_s13_T2_ctrl,142,49,143.63333333333333,0.9875960350036621,-0.14937607892149063
UBFC_PHYS_s13_T2_ctrl,142,50,143.66666666666666,1.0276389122009277,-0.21959285734927786
UBFC_PHYS_s13_T2_ctrl,142,51,143.7,1.1974321603775024,-0.3092839553437248
UBFC_PHYS_s13_T2_ctrl,142,52,143.73333333333332,1.355273962020874,-0.41991217456110036
UBFC_PHYS_s13_T2_ctrl,142,53,143.76666666666668,1.3996367454528809,-0.547611828603107
UBFC_PHYS_s13_T2_ctrl,142,54,143.8,1.3152871131896973,-0.6826015870831051
UBFC_PHYS_s13_T2_ctrl,142,55,143.83333333333334,1.1435463428497314,-0.8096321740494852
UBFC_PHYS_s13_T2_ctrl,142,56,143.86666666666667,0.9538601636886597,-0.9097669374851679
UBFC_PHYS_s13_T2_ctrl,142,57,143.9,0.7761024236679077,-0.9633411039560352
UBFC_PHYS_s13_T2_ctrl,142,58,143.93333333333334,0.5408539175987244,-0.9535277990115194
UBFC_PHYS_s13_T2_ctrl,142,59,143.96666666666667,0.22909170389175415,-0.8697839676772975
UBFC_PHYS_s13_T2_ctrl,142,60,144.0,-0.057640440762043,-0.7105688747058289
UBFC_PHYS_s13_T2_ctrl,142,61,144.03333333333333,-0.25882020592689514,-0.484886405582361
UBFC_PHYS_s13_T2_ctrl,142,62,144.06666666666666,-0.47216901183128357,-0.21223062831144843
UBFC_PHYS_s13_T2_ctrl,142,63,144.1,-0.7782536745071411,0.07942054479307438
UBFC_PHYS_s13_T2_ctrl,142,64,144.13333333333333,-1.1044355630874634,0.35757783403759225
UBFC_PHYS_s13_T2_ctrl,142,65,144.16666666666666,-1.4233713150024414,0.5905770403592996
UBFC_PHYS_s13_T2_ctrl,142,66,144.2,-1.8189889192581177,0.7530508994598727
UBFC_PHYS_s13_T2_ctrl,142,67,144.23333333333332,-2.34523344039917,0.830116257238963
UBFC_PHYS_s13_T2_ctrl,142,68,144.26666666666668,-2.831076145172119,0.819309168275452
UBFC_PHYS_s13_T2_ctrl,142,69,144.3,-3.1082851886749268,0.7300294298079402
UBFC_PHYS_s13_T2_ctrl,142,70,144.33333333333334,-2.6357781887054443,0.5808368250541541
UBFC_PHYS_s13_T2_ctrl,142,71,144.36666666666667,-1.2882431745529175,0.3954100742761214
UBFC_PHYS_s13_T2_ctrl,142,72,144.4,0.07202763110399246,0.19839946683947743
UBFC_PHYS_s13_T2_ctrl,142,73,144.43333333333334,0.9786628484725952,0.012431076755083906
UBFC_PHYS_s13_T2_ctrl,142,74,144.46666666666667,1.4919441938400269,-0.14314627822654222
UBFC_PHYS_s13_T2_ctrl,142,75,144.5,1.6705917119979858,-0.2523225432740423
UBFC_PHYS_s13_T2_ctrl,142,76,144.53333333333333,1.6359100341796875,-0.30277319784577145
UBFC_PHYS_s13_T2_ctrl,142,77,144.56666666666666,1.561903953552246,-0.2877531366267113
UBFC_PHYS_s13_T2_ctrl,142,78,144.6,1.4928900003433228,-0.20924712520590522
UBFC_PHYS_s13_T2_ctrl,142,79,144.63333333333333,1.3498072624206543,-0.08042265355627695
UBFC_PHYS_s13_T2_ctrl,142,80,144.66666666666666,1.1312553882598877,0.07489271636046003
UBFC_PHYS_s13_T2_ctrl,142,81,144.7,0.958391010761261,0.22660270090340773
UBFC_PHYS_s13_T2_ctrl,142,82,144.73333333333332,0.8897494077682495,0.34522595438420156
UBFC_PHYS_s13_T2_ctrl,142,83,144.76666666666668,0.8594931960105896,0.40842038029841754
UBFC_PHYS_s13_T2_ctrl,142,84,144.8,0.7784650325775146,0.40473526830902634
UBFC_PHYS_s13_T2_ctrl,142,85,144.83333333333334,0.6636054515838623,0.3338841835698261
UBFC_PHYS_s13_T2_ctrl,142,86,144.86666666666667,0.5373050570487976,0.20445314018547656
UBFC_PHYS_s13_T2_ctrl,142,87,144.9,0.3808307945728302,0.030734596517073647
UBFC_PHYS_s13_T2_ctrl,142,88,144.93333333333334,0.18520009517669678,-0.16981488247329904
UBFC_PHYS_s13_T2_ctrl,142,89,144.96666666666667,0.005079745780676603,-0.37784062088023357
UBFC_PHYS_s13_T2_ctrl,142,90,145.0,-0.11359235644340515,-0.5724044717797719
UBFC_PHYS_s13_T2_ctrl,142,91,145.03333333333333,-0.19540473818778992,-0.7313287991622478
UBFC_PHYS_s13_T2_ctrl,142,92,145.06666666666666,-0.2874881327152252,-0.8326170738387988
UBFC_PHYS_s13_T2_ctrl,142,93,145.1,-0.3943108320236206,-0.857452208754032
UBFC_PHYS_s13_T2_ctrl,142,94,145.13333333333333,-0.5056412816047668,-0.7943470981070309
UBFC_PHYS_s13_T2_ctrl,142,95,145.16666666666666,-0.6381168365478516,-0.6431461055668051
UBFC_PHYS_s13_T2_ctrl,142,96,145.2,-0.820435106754303,-0.4171929813523013
UBFC_PHYS_s13_T2_ctrl,142,97,145.23333333333332,-1.0562536716461182,-0.1423387598973172
UBFC_PHYS_s13_T2_ctrl,142,98,145.26666666666668,-1.2616314888000488,0.14749226892586742
UBFC_PHYS_s13_T2_ctrl,142,99,145.3,-1.2965304851531982,0.41712257527368896
UBFC_PHYS_s13_T2_ctrl,142,100,145.33333333333334,-1.1515201330184937,0.6372165642217987
UBFC_PHYS_s13_T2_ctrl,142,101,145.36666666666667,-0.9714854955673218,0.7893061726557319
UBFC_PHYS_s13_T2_ctrl,142,102,145.4,-0.862458348274231,0.8672055999458573
UBFC_PHYS_s13_T2_ctrl,142,103,145.43333333333334,-0.8053300380706787,0.8748010692481387
UBFC_PHYS_s13_T2_ctrl,142,104,145.46666666666667,-0.7684934139251709,0.821740285957786
UBFC_PHYS_s13_T2_ctrl,142,105,145.5,-0.75441974401474,0.7192460696669222
UBFC_PHYS_s13_T2_ctrl,142,106,145.53333333333333,-0.7439740300178528,0.5777517472651303
UBFC_PHYS_s13_T2_ctrl,142,107,145.56666666666666,-0.7104753851890564,0.40682641543679865
UBFC_PHYS_s13_T2_ctrl,142,108,145.6,-0.6609622240066528,0.2167454536201562
UBFC_PHYS_s13_T2_ctrl,142,109,145.63333333333333,-0.6017810702323914,0.020487662106054294
UBFC_PHYS_s13_T2_ctrl,142,110,145.66666666666666,-0.5147787928581238,-0.16507892572133892
UBFC_PHYS_s13_T2_ctrl,142,111,145.7,-0.39186909794807434,-0.31976657792621355
UBFC_PHYS_s13_T2_ctrl,142,112,145.73333333333332,-0.24687522649765015,-0.42290790652179167
UBFC_PHYS_s13_T2_ctrl,142,113,145.76666666666668,-0.09176187962293625,-0.4582834692630226
UBFC_PHYS_s13_T2_ctrl,142,114,145.8,0.058029767125844955,-0.4199134396345312
UBFC_PHYS_s13_T2_ctrl,142,115,145.83333333333334,0.19373129308223724,-0.3164656096481407
UBFC_PHYS_s13_T2_ctrl,142,116,145.86666666666667,0.3431110382080078,-0.171739819489518
UBFC_PHYS_s13_T2_ctrl,142,117,145.9,0.5214124917984009,-0.01992937718340769
UBFC_PHYS_s13_T2_ctrl,142,118,145.93333333333334,0.6701167225837708,0.10304877765153371
UBFC_PHYS_s13_T2_ctrl,142,119,145.96666666666667,0.7212115526199341,0.1688018483852649
UBFC_PHYS_s13_T2_ctrl,142,120,146.0,0.6943987607955933,0.1630221652392574
UBFC_PHYS_s13_T2_ctrl,142,121,146.03333333333333,0.6870472431182861,0.08781397603818052
UBFC_PHYS_s13_T2_ctrl,142,122,146.06666666666666,0.7768965363502502,-0.039912669434132034
UBFC_PHYS_s13_T2_ctrl,142,123,146.1,0.9185425639152527,-0.19267389124911094
UBFC_PHYS_s13_T2_ctrl,142,124,146.13333333333333,0.9557911157608032,-0.33798297612879863
UBFC_PHYS_s13_T2_ctrl,142,125,146.16666666666666,0.8051493167877197,-0.44447548012093235
UBFC_PHYS_s13_T2_ctrl,142,126,146.2,0.5497838258743286,-0.4880616747598241
UBFC_PHYS_s13_T2_ctrl,142,127,146.23333333333332,0.2912352383136749,-0.45727321861495174
UBFC_PHYS_s13_T2_ctrl,142,128,146.26666666666668,0.06668616831302643,-0.3563869669679814
UBFC_PHYS_s13_T2_ctrl,142,129,146.3,-0.06993799656629562,-0.2048765974657379
UBFC_PHYS_s13_T2_ctrl,142,130,146.33333333333334,-0.09018020331859589,-0.03281310723385104
UBFC_PHYS_s13_T2_ctrl,142,131,146.36666666666667,-0.06517648696899414,0.12645729045604315
UBFC_PHYS_s13_T2_ctrl,142,132,146.4,-0.07041250169277191,0.24375222712559338
UBFC_PHYS_s13_T2_ctrl,142,133,146.43333333333334,-0.0982566550374031,0.299159780929636
UBFC_PHYS_s13_T2_ctrl,142,134,146.46666666666667,-0.10908127576112747,0.2839947640168548
UBFC_PHYS_s13_T2_ctrl,142,135,146.5,-0.08457842469215393,0.20042675363650356
UBFC_PHYS_s13_T2_ctrl,142,136,146.53333333333333,-0.01883656717836857,0.05997009193870122
UBFC_PHYS_s13_T2_ctrl,142,137,146.56666666666666,0.08494138717651367,-0.11838015330639827
UBFC_PHYS_s13_T2_ctrl,142,138,146.6,0.2102268934249878,-0.30988692798187606
UBFC_PHYS_s13_T2_ctrl,142,139,146.63333333333333,0.3261013925075531,-0.48566879682891334
UBFC_PHYS_s13_T2_ctrl,142,140,146.66666666666666,0.4001240134239197,-0.6150005299225648
UBFC_PHYS_s13_T2_ctrl,142,141,146.7,0.4263041019439697,-0.6694657624807314
UBFC_PHYS_s13_T2_ctrl,142,142,146.73333333333332,0.44100382924079895,-0.6290542644201712
UBFC_PHYS_s13_T2_ctrl,142,143,146.76666666666668,0.46109774708747864,-0.4885333384035538
UBFC_PHYS_s13_T2_ctrl,142,144,146.8,0.4115351438522339,-0.2612613222338053
UBFC_PHYS_s13_T2_ctrl,142,145,146.83333333333334,0.23338860273361206,0.022071341070059633
UBFC_PHYS_s13_T2_ctrl,142,146,146.86666666666667,0.007040369790047407,0.32039640415366455
UBFC_PHYS_s13_T2_ctrl,142,147,146.9,-0.15487419068813324,0.5928653917082801
UBFC_PHYS_s13_T2_ctrl,142,148,146.93333333333334,-0.2670811712741852,0.8089702039650439
UBFC_PHYS_s13_T2_ctrl,142,149,146.96666666666667,-0.3969568610191345,0.9540740076364994
UBFC_PHYS_s13_T2_ctrl,142,150,147.0,-0.5169206857681274,1.0286539398913275
UBFC_PHYS_s13_T2_ctrl,142,151,147.03333333333333,-0.549345076084137,1.0427243213289987
UBFC_PHYS_s13_T2_ctrl,142,152,147.06666666666666,-0.5006194710731506,1.008801493691522
UBFC_PHYS_s13_T2_ctrl,142,153,147.1,-0.42445170879364014,0.9367104699070874
UBFC_PHYS_s13_T2_ctrl,142,154,147.13333333333333,-0.3497470021247864,0.8319802988917113
UBFC_PHYS_s13_T2_ctrl,142,155,147.16666666666666,-0.29108646512031555,0.6975329954247572
UBFC_PHYS_s13_T2_ctrl,142,156,147.2,-0.26426711678504944,0.5368791478842693
UBFC_PHYS_s13_T2_ctrl,142,157,147.23333333333332,-0.2595418393611908,0.35669959176664795
UBFC_PHYS_s13_T2_ctrl,142,158,147.26666666666668,-0.24215984344482422,0.16748974949749196
UBFC_PHYS_s13_T2_ctrl,142,159,147.3,-0.19126270711421967,-0.017784330679995016
UBFC_PHYS_s13_T2_ctrl,142,160,147.33333333333334,-0.12161608785390854,-0.18612518700045777
UBFC_PHYS_s13_T2_ctrl,142,161,147.36666666666667,-0.061571571975946426,-0.32697699147385223
UBFC_PHYS_s13_T2_ctrl,142,162,147.4,-0.02041165716946125,-0.43416887225310313
UBFC_PHYS_s13_T2_ctrl,142,163,147.43333333333334,0.014727991074323654,-0.5072735729864153
UBFC_PHYS_s13_T2_ctrl,142,164,147.46666666666667,0.048094842582941055,-0.55233586686478
UBFC_PHYS_s13_T2_ctrl,142,165,147.5,0.06582942605018616,-0.5816808232407009
UBFC_PHYS_s13_T2_ctrl,142,166,147.53333333333333,0.06310102343559265,-0.6124602329087823
UBFC_PHYS_s13_T2_ctrl,142,167,147.56666666666666,0.05427327752113342,-0.6637473506774954
UBFC_PHYS_s13_T2_ctrl,142,168,147.6,0.045376330614089966,-0.7521979665285342
UBFC_PHYS_s13_T2_ctrl,142,169,147.63333333333333,0.030343782156705856,-0.8865917839621243
UBFC_PHYS_s13_T2_ctrl,142,170,147.66666666666666,-0.0006011200021021068,-1.0620844529960731
UBFC_PHYS_s13_T2_ctrl,142,171,147.7,-0.06580585986375809,-1.2558295056860616
UBFC_PHYS_s13_T2_ctrl,142,172,147.73333333333332,-0.17055588960647583,-1.4264542274629608
UBFC_PHYS_s13_T2_ctrl,142,173,147.76666666666668,-0.27232709527015686,-1.5197896517132405
UBFC_PHYS_s13_T2_ctrl,142,174,147.8,-0.31694692373275757,-1.481535633461286
UBFC_PHYS_s13_T2_ctrl,142,175,147.83333333333334,-0.30713391304016113,-1.2744142951553215
UBFC_PHYS_s13_T2_ctrl,142,176,147.86666666666667,-0.28231802582740784,-0.8940838945717766
UBFC_PHYS_s13_T2_ctrl,142,177,147.9,-0.2703862190246582,-0.3766082748465556
UBFC_PHYS_s13_T2_ctrl,142,178,147.93333333333334,-0.2718394100666046,0.20772318408664991
UBFC_PHYS_s13_T2_ctrl,142,179,147.96666666666667,-0.2610180675983429,0.7736191033948555
UBFC_PHYS_s13_T2_ctrl,142,180,148.0,-0.21556127071380615,1.245237111214943
UBFC_PHYS_s13_T2_ctrl,142,181,148.03333333333333,-0.171587273478508,1.57496644940515
UBFC_PHYS_s13_T2_ctrl,142,182,148.06666666666666,-0.20215323567390442,1.749791713137845
UBFC_PHYS_s13_T2_ctrl,142,183,148.1,-0.3066660165786743,1.7857948330937943
UBFC_PHYS_s13_T2_ctrl,142,184,148.13333333333333,-0.3930520713329315,1.7160564414667474
UBFC_PHYS_s13_T2_ctrl,142,185,148.16666666666666,-0.3867616057395935,1.5778484426102652
UBFC_PHYS_s13_T2_ctrl,142,186,148.2,-0.30369046330451965,1.4030517151307447
UBFC_PHYS_s13_T2_ctrl,142,187,148.23333333333332,-0.204186350107193,1.2131609958471485
UBFC_PHYS_s13_T2_ctrl,142,188,148.26666666666668,-0.12363272905349731,1.01847177128551
UBFC_PHYS_s13_T2_ctrl,142,189,148.3,-0.0581742562353611,0.8202761300795369
UBFC_PHYS_s13_T2_ctrl,142,190,148.33333333333334,0.002430432476103306,0.6146762871755508
UBFC_PHYS_s13_T2_ctrl,142,191,148.36666666666667,0.05098140612244606,0.39667996461568994
UBFC_PHYS_s13_T2_ctrl,142,192,148.4,0.07754373550415039,0.16350896807658022
UBFC_PHYS_s13_T2_ctrl,142,193,148.43333333333334,0.09435567259788513,-0.08342432217534257
UBFC_PHYS_s13_T2_ctrl,142,194,148.46666666666667,0.13272787630558014,-0.3377329710659578
UBFC_PHYS_s13_T2_ctrl,142,195,148.5,0.2105531096458435,-0.587916239258929
UBFC_PHYS_s13_T2_ctrl,142,196,148.53333333333333,0.3122386336326599,-0.8175091098321832
UBFC_PHYS_s13_T2_ctrl,142,197,148.56666666666666,0.4046976864337921,-1.0057397682843372
UBFC_PHYS_s13_T2_ctrl,142,198,148.6,0.46748706698417664,-1.129393325271879
UBFC_PHYS_s13_T2_ctrl,142,199,148.63333333333333,0.4943954050540924,-1.1665971131769686
UBFC_PHYS_s13_T2_ctrl,142,200,148.66666666666666,0.5004288554191589,-1.1026116612299102
UBFC_PHYS_s13_T2_ctrl,142,201,148.7,0.5170628428459167,-0.9364468241075724
UBFC_PHYS_s13_T2_ctrl,142,202,148.73333333333332,0.5345931053161621,-0.6857615425254155
UBFC_PHYS_s13_T2_ctrl,142,203,148.76666666666668,0.4797549843788147,-0.38721602873434285
UBFC_PHYS_s13_T2_ctrl,142,204,148.8,0.32492831349372864,-0.09090461079152612
UBFC_PHYS_s13_T2_ctrl,142,205,148.83333333333334,0.15415634214878082,0.15008967293043055
UBFC_PHYS_s13_T2_ctrl,142,206,148.86666666666667,0.04322458431124687,0.29199742149405145
UBFC_PHYS_s13_T2_ctrl,142,207,148.9,-0.026145245879888535,0.3108372061455834
UBFC_PHYS_s13_T2_ctrl,142,208,148.93333333333334,-0.0973801389336586,0.20815808625673582
UBFC_PHYS_s13_T2_ctrl,142,209,148.96666666666667,-0.17694851756095886,0.010740359249492695
UBFC_PHYS_s13_T2_ctrl,142,210,149.0,-0.22495248913764954,-0.235450086127273
UBFC_PHYS_s13_T2_ctrl,142,211,149.03333333333333,-0.07958295196294785,-0.4755302166168503
UBFC_PHYS_s13_T2_ctrl,142,212,149.06666666666666,0.35455185174942017,-0.6578692230891539
UBFC_PHYS_s13_T2_ctrl,142,213,149.1,0.7803037762641907,-0.7454003957351542
UBFC_PHYS_s13_T2_ctrl,142,214,149.13333333333333,0.7687937617301941,-0.7232568586600261
UBFC_PHYS_s13_T2_ctrl,142,215,149.16666666666666,0.3159984052181244,-0.600435823074356
UBFC_PHYS_s13_T2_ctrl,142,216,149.2,-0.240957111120224,-0.404616131046577
UBFC_PHYS_s13_T2_ctrl,142,217,149.23333333333332,-0.6087536215782166,-0.17177181385054704
UBFC_PHYS_s13_T2_ctrl,142,218,149.26666666666668,-0.6182634830474854,0.0650222665943786
UBFC_PHYS_s13_T2_ctrl,142,219,149.3,-0.3455852270126343,0.28263895270747424
UBFC_PHYS_s13_T2_ctrl,142,220,149.33333333333334,-0.10944044589996338,0.46870387789779533
UBFC_PHYS_s13_T2_ctrl,142,221,149.36666666666667,-0.09722856432199478,0.6179485554916787
UBFC_PHYS_s13_T2_ctrl,142,222,149.4,-0.22420118749141693,0.727740979139511
UBFC_PHYS_s13_T2_ctrl,142,223,149.43333333333334,-0.34917035698890686,0.7955741951045265
UBFC_PHYS_s13_T2_ctrl,142,224,149.46666666666667,-0.4157557785511017,0.8190292499167796
UBFC_PHYS_s13_T2_ctrl,142,225,149.5,-0.43946778774261475,0.7969714409626638
UBFC_PHYS_s13_T2_ctrl,142,226,149.53333333333333,-0.4834088087081909,0.7306394979631441
UBFC_PHYS_s13_T2_ctrl,142,227,149.56666666666666,-0.6241288781166077,0.6241668806314257
UBFC_PHYS_s13_T2_ctrl,142,228,149.6,-0.889238178730011,0.48468606066564246
UBFC_PHYS_s13_T2_ctrl,142,229,149.63333333333333,-1.221750020980835,0.3221539380637258
UBFC_PHYS_s13_T2_ctrl,142,230,149.66666666666666,-1.5215837955474854,0.14875208949619448
UBFC_PHYS_s13_T2_ctrl,142,231,149.7,-1.7045940160751343,-0.022270647081588414
UBFC_PHYS_s13_T2_ctrl,142,232,149.73333333333332,-1.759926438331604,-0.17797222627387693
UBFC_PHYS_s13_T2_ctrl,142,233,149.76666666666668,-1.7370349168777466,-0.3067214368027999
UBFC_PHYS_s13_T2_ctrl,142,234,149.8,-1.6547513008117676,-0.39873959164349604
UBFC_PHYS_s13_T2_ctrl,142,235,149.83333333333334,-1.4405226707458496,-0.4467014305096815
UBFC_PHYS_s13_T2_ctrl,142,236,149.86666666666667,-1.1250205039978027,-0.4468612504960118
UBFC_PHYS_s13_T2_ctrl,142,237,149.9,-0.8558647036552429,-0.40052752315393025
UBFC_PHYS_s13_T2_ctrl,142,238,149.93333333333334,-0.7146470546722412,-0.31507076503021547
UBFC_PHYS_s13_T2_ctrl,142,239,149.96666666666667,-0.6151165962219238,-0.20354611233503161
UBFC_PHYS_s13_T2_ctrl,143,0,143.0,1.3806005716323853,-0.20533305748749656
UBFC_PHYS_s13_T2_ctrl,143,1,143.03333333333333,1.1777435541152954,-0.3996111338058979
UBFC_PHYS_s13_T2_ctrl,143,2,143.06666666666666,0.8493770360946655,-0.5716450001609767
UBFC_PHYS_s13_T2_ctrl,143,3,143.1,0.523102879524231,-0.7043557326398803
UBFC_PHYS_s13_T2_ctrl,143,4,143.13333333333333,0.24029527604579926,-0.7830092195887196
UBFC_PHYS_s13_T2_ctrl,143,5,143.16666666666666,0.03155969828367233,-0.7967733015477535
UBFC_PHYS_s13_T2_ctrl,143,6,143.2,-0.10479426383972168,-0.7398497537394895
UBFC_PHYS_s13_T2_ctrl,143,7,143.23333333333332,-0.19208650290966034,-0.6120262050177051
UBFC_PHYS_s13_T2_ctrl,143,8,143.26666666666668,-0.24548466503620148,-0.41903244258956857
UBFC_PHYS_s13_T2_ctrl,143,9,143.3,-0.22599045932292938,-0.17305382200485925
UBFC_PHYS_s13_T2_ctrl,143,10,143.33333333333334,-0.11164820939302444,0.10701246825465828
UBFC_PHYS_s13_T2_ctrl,143,11,143.36666666666667,0.04434823617339134,0.39661287892147623
UBFC_PHYS_s13_T2_ctrl,143,12,143.4,0.1554216891527176,0.6685974691163503
UBFC_PHYS_s13_T2_ctrl,143,13,143.43333333333334,0.19951100647449493,0.8977582921548438
UBFC_PHYS_s13_T2_ctrl,143,14,143.46666666666667,0.2359028160572052,1.0651441214501398
UBFC_PHYS_s13_T2_ctrl,143,15,143.5,0.3697096109390259,1.1603954640937442
UBFC_PHYS_s13_T2_ctrl,143,16,143.53333333333333,0.639069676399231,1.1816436928151224
UBFC_PHYS_s13_T2_ctrl,143,17,143.56666666666666,0.9133362174034119,1.1338547342557248
UBFC_PHYS_s13_T2_ctrl,143,18,143.6,1.018326759338379,1.0266678697267737
UBFC_PHYS_s13_T2_ctrl,143,19,143.63333333333333,0.9875960350036621,0.8722905835854861
UBFC_PHYS_s13_T2_ctrl,143,20,143.66666666666666,1.0276389122009277,0.6837867398104455
UBFC_PHYS_s13_T2_ctrl,143,21,143.7,1.1974321603775024,0.4740420376514055
UBFC_PHYS_s13_T2_ctrl,143,22,143.73333333333332,1.355273962020874,0.2554101249541554
UBFC_PHYS_s13_T2_ctrl,143,23,143.76666666666668,1.3996367454528809,0.03969941631569286
UBFC_PHYS_s13_T2_ctrl,143,24,143.8,1.3152871131896973,-0.16192708887431154
UBFC_PHYS_s13_T2_ctrl,143,25,143.83333333333334,1.1435463428497314,-0.339409468213366
UBFC_PHYS_s13_T2_ctrl,143,26,143.86666666666667,0.9538601636886597,-0.484634515485752
UBFC_PHYS_s13_T2_ctrl,143,27,143.9,0.7761024236679077,-0.5924451141112734
UBFC_PHYS_s13_T2_ctrl,143,28,143.93333333333334,0.5408539175987244,-0.6614051858894054
UBFC_PHYS_s13_T2_ctrl,143,29,143.96666666666667,0.22909170389175415,-0.6939091539517986
UBFC_PHYS_s13_T2_ctrl,143,30,144.0,-0.057640440762043,-0.6954925633080817
UBFC_PHYS_s13_T2_ctrl,143,31,144.03333333333333,-0.25882020592689514,-0.673655941982485
UBFC_PHYS_s13_T2_ctrl,143,32,144.06666666666666,-0.47216901183128357,-0.6368562675421373
UBFC_PHYS_s13_T2_ctrl,143,33,144.1,-0.7782536745071411,-0.5940657737807065
UBFC_PHYS_s13_T2_ctrl,143,34,144.13333333333333,-1.1044355630874634,-0.5544525935346798
UBFC_PHYS_s13_T2_ctrl,143,35,144.16666666666666,-1.4233713150024414,-0.5262760943906112
UBFC_PHYS_s13_T2_ctrl,143,36,144.2,-1.8189889192581177,-0.5147136167713674
UBFC_PHYS_s13_T2_ctrl,143,37,144.23333333333332,-2.34523344039917,-0.5193373756701786
UBFC_PHYS_s13_T2_ctrl,143,38,144.26666666666668,-2.831076145172119,-0.5323833486900258
UBFC_PHYS_s13_T2_ctrl,143,39,144.3,-3.1082851886749268,-0.5388430130134712
UBFC_PHYS_s13_T2_ctrl,143,40,144.33333333333334,-2.6357781887054443,-0.5190866893737673
UBFC_PHYS_s13_T2_ctrl,143,41,144.36666666666667,-1.2882431745529175,-0.4539835637370551
UBFC_PHYS_s13_T2_ctrl,143,42,144.4,0.07202763110399246,-0.3312372108197548
UBFC_PHYS_s13_T2_ctrl,143,43,144.43333333333334,0.9786628484725952,-0.15059538997091979
UBFC_PHYS_s13_T2_ctrl,143,44,144.46666666666667,1.4919441938400269,0.07442429468571274
UBFC_PHYS_s13_T2_ctrl,143,45,144.5,1.6705917119979858,0.3193179301934199
UBFC_PHYS_s13_T2_ctrl,143,46,144.53333333333333,1.6359100341796875,0.554777287731649
UBFC_PHYS_s13_T2_ctrl,143,47,144.56666666666666,1.561903953552246,0.753628633223383
UBFC_PHYS_s13_T2_ctrl,143,48,144.6,1.4928900003433228,0.8960095215812705
UBFC_PHYS_s13_T2_ctrl,143,49,144.63333333333333,1.3498072624206543,0.9716359707779076
UBFC_PHYS_s13_T2_ctrl,143,50,144.66666666666666,1.1312553882598877,0.9794892224745714
UBFC_PHYS_s13_T2_ctrl,143,51,144.7,0.958391010761261,0.9259196222751449
UBFC_PHYS_s13_T2_ctrl,143,52,144.73333333333332,0.8897494077682495,0.8218859945965398
UBFC_PHYS_s13_T2_ctrl,143,53,144.76666666666668,0.8594931960105896,0.6796776627338637
UBFC_PHYS_s13_T2_ctrl,143,54,144.8,0.7784650325775146,0.5097418032358046
UBFC_PHYS_s13_T2_ctrl,143,55,144.83333333333334,0.6636054515838623,0.31874699183253397
UBFC_PHYS_s13_T2_ctrl,143,56,144.86666666666667,0.5373050570487976,0.10994435198342203
UBFC_PHYS_s13_T2_ctrl,143,57,144.9,0.3808307945728302,-0.11401946496332746
UBFC_PHYS_s13_T2_ctrl,143,58,144.93333333333334,0.18520009517669678,-0.3470234068496408
UBFC_PHYS_s13_T2_ctrl,143,59,144.96666666666667,0.005079745780676603,-0.576163121528203
UBFC_PHYS_s13_T2_ctrl,143,60,145.0,-0.11359235644340515,-0.7809401225261778
UBFC_PHYS_s13_T2_ctrl,143,61,145.03333333333333,-0.19540473818778992,-0.9354947622706925
UBFC_PHYS_s13_T2_ctrl,143,62,145.06666666666666,-0.2874881327152252,-1.0131742096960674
UBFC_PHYS_s13_T2_ctrl,143,63,145.1,-0.3943108320236206,-0.9921129806173972
UBFC_PHYS_s13_T2_ctrl,143,64,145.13333333333333,-0.5056412816047668,-0.8606674576995562
UBFC_PHYS_s13_T2_ctrl,143,65,145.16666666666666,-0.6381168365478516,-0.621795951923113
UBFC_PHYS_s13_T2_ctrl,143,66,145.2,-0.820435106754303,-0.29527453747594057
UBFC_PHYS_s13_T2_ctrl,143,67,145.23333333333332,-1.0562536716461182,0.0835131618551467
UBFC_PHYS_s13_T2_ctrl,143,68,145.26666666666668,-1.2616314888000488,0.46883806646629894
UBFC_PHYS_s13_T2_ctrl,143,69,145.3,-1.2965304851531982,0.8131019620220895
UBFC_PHYS_s13_T2_ctrl,143,70,145.33333333333334,-1.1515201330184937,1.0760827805554272
UBFC_PHYS_s13_T2_ctrl,143,71,145.36666666666667,-0.9714854955673218,1.2318857554867604
UBFC_PHYS_s13_T2_ctrl,143,72,145.4,-0.862458348274231,1.2715339876240963
UBFC_PHYS_s13_T2_ctrl,143,73,145.43333333333334,-0.8053300380706787,1.201053765181424
UBFC_PHYS_s13_T2_ctrl,143,74,145.46666666666667,-0.7684934139251709,1.036584339765651
UBFC_PHYS_s13_T2_ctrl,143,75,145.5,-0.75441974401474,0.7987933635040734
UBFC_PHYS_s13_T2_ctrl,143,76,145.53333333333333,-0.7439740300178528,0.5086113491411826
UBFC_PHYS_s13_T2_ctrl,143,77,145.56666666666666,-0.7104753851890564,0.18537028967624697
UBFC_PHYS_s13_T2_ctrl,143,78,145.6,-0.6609622240066528,-0.15266037561925222
UBFC_PHYS_s13_T2_ctrl,143,79,145.63333333333333,-0.6017810702323914,-0.4862814667577453
UBFC_PHYS_s13_T2_ctrl,143,80,145.66666666666666,-0.5147787928581238,-0.7934427976434949
UBFC_PHYS_s13_T2_ctrl,143,81,145.7,-0.39186909794807434,-1.0490020372321742
UBFC_PHYS_s13_T2_ctrl,143,82,145.73333333333332,-0.24687522649765015,-1.2272378306757656
UBFC_PHYS_s13_T2_ctrl,143,83,145.76666666666668,-0.09176187962293625,-1.307018108836381
UBFC_PHYS_s13_T2_ctrl,143,84,145.8,0.058029767125844955,-1.2780114553227635
UBFC_PHYS_s13_T2_ctrl,143,85,145.83333333333334,0.19373129308223724,-1.1452245611852685
UBFC_PHYS_s13_T2_ctrl,143,86,145.86666666666667,0.3431110382080078,-0.9292921546963442
UBFC_PHYS_s13_T2_ctrl,143,87,145.9,0.5214124917984009,-0.6618124850281595
UBFC_PHYS_s13_T2_ctrl,143,88,145.93333333333334,0.6701167225837708,-0.37782831230821007
UBFC_PHYS_s13_T2_ctrl,143,89,145.96666666666667,0.7212115526199341,-0.10884320234843253
UBFC_PHYS_s13_T2_ctrl,143,90,146.0,0.6943987607955933,0.12174951597988835
UBFC_PHYS_s13_T2_ctrl,143,91,146.03333333333333,0.6870472431182861,0.30098445416372305
UBFC_PHYS_s13_T2_ctrl,143,92,146.06666666666666,0.7768965363502502,0.42674390020953124
UBFC_PHYS_s13_T2_ctrl,143,93,146.1,0.9185425639152527,0.5059972279576332
UBFC_PHYS_s13_T2_ctrl,143,94,146.13333333333333,0.9557911157608032,0.5509182743916553
UBFC_PHYS_s13_T2_ctrl,143,95,146.16666666666666,0.8051493167877197,0.5739688304625814
UBFC_PHYS_s13_T2_ctrl,143,96,146.2,0.5497838258743286,0.5836303509015098
UBFC_PHYS_s13_T2_ctrl,143,97,146.23333333333332,0.2912352383136749,0.582301259017695
UBFC_PHYS_s13_T2_ctrl,143,98,146.26666666666668,0.06668616831302643,0.5670997587420892
UBFC_PHYS_s13_T2_ctrl,143,99,146.3,-0.06993799656629562,0.533041177636934
UBFC_PHYS_s13_T2_ctrl,143,100,146.33333333333334,-0.09018020331859589,0.4767502851323047
UBFC_PHYS_s13_T2_ctrl,143,101,146.36666666666667,-0.06517648696899414,0.3985544894759932
UBFC_PHYS_s13_T2_ctrl,143,102,146.4,-0.07041250169277191,0.30199994837366634
UBFC_PHYS_s13_T2_ctrl,143,103,146.43333333333334,-0.0982566550374031,0.19161212499918645
UBFC_PHYS_s13_T2_ctrl,143,104,146.46666666666667,-0.10908127576112747,0.07076030051829617
UBFC_PHYS_s13_T2_ctrl,143,105,146.5,-0.08457842469215393,-0.058748089105311416
UBFC_PHYS_s13_T2_ctrl,143,106,146.53333333333333,-0.01883656717836857,-0.19492710940380212
UBFC_PHYS_s13_T2_ctrl,143,107,146.56666666666666,0.08494138717651367,-0.3326419749004323
UBFC_PHYS_s13_T2_ctrl,143,108,146.6,0.2102268934249878,-0.4610302313062444
UBFC_PHYS_s13_T2_ctrl,143,109,146.63333333333333,0.3261013925075531,-0.5629629324009363
UBFC_PHYS_s13_T2_ctrl,143,110,146.66666666666666,0.4001240134239197,-0.6177025239007369
UBFC_PHYS_s13_T2_ctrl,143,111,146.7,0.4263041019439697,-0.6067553788000813
UBFC_PHYS_s13_T2_ctrl,143,112,146.73333333333332,0.44100382924079895,-0.5212135769823717
UBFC_PHYS_s13_T2_ctrl,143,113,146.76666666666668,0.46109774708747864,-0.36753472455798625
UBFC_PHYS_s13_T2_ctrl,143,114,146.8,0.4115351438522339,-0.16871089644313353
UBFC_PHYS_s13_T2_ctrl,143,115,146.83333333333334,0.23338860273361206,0.04057666481878772
UBFC_PHYS_s13_T2_ctrl,143,116,146.86666666666667,0.007040369790047407,0.22353794376146252
UBFC_PHYS_s13_T2_ctrl,143,117,146.9,-0.15487419068813324,0.3520104052416515
UBFC_PHYS_s13_T2_ctrl,143,118,146.93333333333334,-0.2670811712741852,0.4141563712544331
UBFC_PHYS_s13_T2_ctrl,143,119,146.96666666666667,-0.3969568610191345,0.4162663463172481
UBFC_PHYS_s13_T2_ctrl,143,120,147.0,-0.5169206857681274,0.3783930837503877
UBFC_PHYS_s13_T2_ctrl,143,121,147.03333333333333,-0.549345076084137,0.32600862957255305
UBFC_PHYS_s13_T2_ctrl,143,122,147.06666666666666,-0.5006194710731506,0.28108835237814384
UBFC_PHYS_s13_T2_ctrl,143,123,147.1,-0.42445170879364014,0.2557954486618231
UBFC_PHYS_s13_T2_ctrl,143,124,147.13333333333333,-0.3497470021247864,0.25065964220414033
UBFC_PHYS_s13_T2_ctrl,143,125,147.16666666666666,-0.29108646512031555,0.257268338511997
UBFC_PHYS_s13_T2_ctrl,143,126,147.2,-0.26426711678504944,0.26365462764890235
UBFC_PHYS_s13_T2_ctrl,143,127,147.23333333333332,-0.2595418393611908,0.2596921445594271
UBFC_PHYS_s13_T2_ctrl,143,128,147.26666666666668,-0.24215984344482422,0.24036324054730063
UBFC_PHYS_s13_T2_ctrl,143,129,147.3,-0.19126270711421967,0.20618165487900703
UBFC_PHYS_s13_T2_ctrl,143,130,147.33333333333334,-0.12161608785390854,0.16136967302023073
UBFC_PHYS_s13_T2_ctrl,143,131,147.36666666666667,-0.061571571975946426,0.1110426115812733
UBFC_PHYS_s13_T2_ctrl,143,132,147.4,-0.02041165716946125,0.05856230087990673
UBFC_PHYS_s13_T2_ctrl,143,133,147.43333333333334,0.014727991074323654,0.0037177994714941735
UBFC_PHYS_s13_T2_ctrl,143,134,147.46666666666667,0.048094842582941055,-0.05806389308215365
UBFC_PHYS_s13_T2_ctrl,143,135,147.5,0.06582942605018616,-0.13539465478717838
UBFC_PHYS_s13_T2_ctrl,143,136,147.53333333333333,0.06310102343559265,-0.2392499652197544
UBFC_PHYS_s13_T2_ctrl,143,137,147.56666666666666,0.05427327752113342,-0.3796923940590922
UBFC_PHYS_s13_T2_ctrl,143,138,147.6,0.045376330614089966,-0.561216187942713
UBFC_PHYS_s13_T2_ctrl,143,139,147.63333333333333,0.030343782156705856,-0.7777030607669937
UBFC_PHYS_s13_T2_ctrl,143,140,147.66666666666666,-0.0006011200021021068,-1.0086188788069275
UBFC_PHYS_s13_T2_ctrl,143,141,147.7,-0.06580585986375809,-1.2183050105088913
UBFC_PHYS_s13_T2_ctrl,143,142,147.73333333333332,-0.17055588960647583,-1.359867343007488
UBFC_PHYS_s13_T2_ctrl,143,143,147.76666666666668,-0.27232709527015686,-1.3841827750793412
UBFC_PHYS_s13_T2_ctrl,143,144,147.8,-0.31694692373275757,-1.2529539969877852
UBFC_PHYS_s13_T2_ctrl,143,145,147.83333333333334,-0.30713391304016113,-0.9526681283205506
UBFC_PHYS_s13_T2_ctrl,143,146,147.86666666666667,-0.28231802582740784,-0.5044250246543142
UBFC_PHYS_s13_T2_ctrl,143,147,147.9,-0.2703862190246582,0.03567002476393691
UBFC_PHYS_s13_T2_ctrl,143,148,147.93333333333334,-0.2718394100666046,0.5882832472347022
UBFC_PHYS_s13_T2_ctrl,143,149,147.96666666666667,-0.2610180675983429,1.0721568516391602
UBFC_PHYS_s13_T2_ctrl,143,150,148.0,-0.21556127071380615,1.4264883257182557
UBFC_PHYS_s13_T2_ctrl,143,151,148.03333333333333,-0.171587273478508,1.6245262510439291
UBFC_PHYS_s13_T2_ctrl,143,152,148.06666666666666,-0.20215323567390442,1.6737494023792516
UBFC_PHYS_s13_T2_ctrl,143,153,148.1,-0.3066660165786743,1.605271931300195
UBFC_PHYS_s13_T2_ctrl,143,154,148.13333333333333,-0.3930520713329315,1.4588407877684273
UBFC_PHYS_s13_T2_ctrl,143,155,148.16666666666666,-0.3867616057395935,1.2694244837967035
UBFC_PHYS_s13_T2_ctrl,143,156,148.2,-0.30369046330451965,1.0591069011215837
UBFC_PHYS_s13_T2_ctrl,143,157,148.23333333333332,-0.204186350107193,0.8353360243452944
UBFC_PHYS_s13_T2_ctrl,143,158,148.26666666666668,-0.12363272905349731,0.5943909764363747
UBFC_PHYS_s13_T2_ctrl,143,159,148.3,-0.0581742562353611,0.3277618424098089
UBFC_PHYS_s13_T2_ctrl,143,160,148.33333333333334,0.002430432476103306,0.029049843177403126
UBFC_PHYS_s13_T2_ctrl,143,161,148.36666666666667,0.05098140612244606,-0.30043816002011176
UBFC_PHYS_s13_T2_ctrl,143,162,148.4,0.07754373550415039,-0.648491506845604
UBFC_PHYS_s13_T2_ctrl,143,163,148.43333333333334,0.09435567259788513,-0.9915325447815958
UBFC_PHYS_s13_T2_ctrl,143,164,148.46666666666667,0.13272787630558014,-1.2965645432694004
UBFC_PHYS_s13_T2_ctrl,143,165,148.5,0.2105531096458435,-1.5250129674815622
UBFC_PHYS_s13_T2_ctrl,143,166,148.53333333333333,0.3122386336326599,-1.6382926643643907
UBFC_PHYS_s13_T2_ctrl,143,167,148.56666666666666,0.4046976864337921,-1.6051354582085569
UBFC_PHYS_s13_T2_ctrl,143,168,148.6,0.46748706698417664,-1.410084967221152
UBFC_PHYS_s13_T2_ctrl,143,169,148.63333333333333,0.4943954050540924,-1.061224711881659
UBFC_PHYS_s13_T2_ctrl,143,170,148.66666666666666,0.5004288554191589,-0.5939978397042375
UBFC_PHYS_s13_T2_ctrl,143,171,148.7,0.5170628428459167,-0.06809110787549522
UBFC_PHYS_s13_T2_ctrl,143,172,148.73333333333332,0.5345931053161621,0.4435170429784322
UBFC_PHYS_s13_T2_ctrl,143,173,148.76666666666668,0.4797549843788147,0.8706405641270502
UBFC_PHYS_s13_T2_ctrl,143,174,148.8,0.32492831349372864,1.1612102401661428
UBFC_PHYS_s13_T2_ctrl,143,175,148.83333333333334,0.15415634214878082,1.2899889294548594
UBFC_PHYS_s13_T2_ctrl,143,176,148.86666666666667,0.04322458431124687,1.2588359552679682
UBFC_PHYS_s13_T2_ctrl,143,177,148.9,-0.026145245879888535,1.0910482697458075
UBFC_PHYS_s13_T2_ctrl,143,178,148.93333333333334,-0.0973801389336586,0.8234774588019553
UBFC_PHYS_s13_T2_ctrl,143,179,148.96666666666667,-0.17694851756095886,0.498894491913219
UBFC_PHYS_s13_T2_ctrl,143,180,149.0,-0.22495248913764954,0.15978850167764272
UBFC_PHYS_s13_T2_ctrl,143,181,149.03333333333333,-0.07958295196294785,-0.15604745418452215
UBFC_PHYS_s13_T2_ctrl,143,182,149.06666666666666,0.35455185174942017,-0.4184765489066774
UBFC_PHYS_s13_T2_ctrl,143,183,149.1,0.7803037762641907,-0.6071089349440123
UBFC_PHYS_s13_T2_ctrl,143,184,149.13333333333333,0.7687937617301941,-0.7126842275153846
UBFC_PHYS_s13_T2_ctrl,143,185,149.16666666666666,0.3159984052181244,-0.737269153472656
UBFC_PHYS_s13_T2_ctrl,143,186,149.2,-0.240957111120224,-0.6926249261979163
UBFC_PHYS_s13_T2_ctrl,143,187,149.23333333333332,-0.6087536215782166,-0.5967272866896011
UBFC_PHYS_s13_T2_ctrl,143,188,149.26666666666668,-0.6182634830474854,-0.4695275048854553
UBFC_PHYS_s13_T2_ctrl,143,189,149.3,-0.3455852270126343,-0.32962085509058564
UBFC_PHYS_s13_T2_ctrl,143,190,149.33333333333334,-0.10944044589996338,-0.19284112268172282
UBFC_PHYS_s13_T2_ctrl,143,191,149.36666666666667,-0.09722856432199478,-0.07241890328127287
UBFC_PHYS_s13_T2_ctrl,143,192,149.4,-0.22420118749141693,0.020702723240819718
UBFC_PHYS_s13_T2_ctrl,143,193,149.43333333333334,-0.34917035698890686,0.07870405282652128
UBFC_PHYS_s13_T2_ctrl,143,194,149.46666666666667,-0.4157557785511017,0.09894221569119617
UBFC_PHYS_s13_T2_ctrl,143,195,149.5,-0.43946778774261475,0.085933282944396
UBFC_PHYS_s13_T2_ctrl,143,196,149.53333333333333,-0.4834088087081909,0.051619309591317226
UBFC_PHYS_s13_T2_ctrl,143,197,149.56666666666666,-0.6241288781166077,0.013125686491547321
UBFC_PHYS_s13_T2_ctrl,143,198,149.6,-0.889238178730011,-0.011358367219890558
UBFC_PHYS_s13_T2_ctrl,143,199,149.63333333333333,-1.221750020980835,-0.007004069632776507
UBFC_PHYS_s13_T2_ctrl,143,200,149.66666666666666,-1.5215837955474854,0.03434126642024377
UBFC_PHYS_s13_T2_ctrl,143,201,149.7,-1.7045940160751343,0.1126602983659645
UBFC_PHYS_s13_T2_ctrl,143,202,149.73333333333332,-1.759926438331604,0.22030075178772307
UBFC_PHYS_s13_T2_ctrl,143,203,149.76666666666668,-1.7370349168777466,0.3443320625629177
UBFC_PHYS_s13_T2_ctrl,143,204,149.8,-1.6547513008117676,0.4699195697952517
UBFC_PHYS_s13_T2_ctrl,143,205,149.83333333333334,-1.4405226707458496,0.5834439471051839
UBFC_PHYS_s13_T2_ctrl,143,206,149.86666666666667,-1.1250205039978027,0.6742115993650422
UBFC_PHYS_s13_T2_ctrl,143,207,149.9,-0.8558647036552429,0.7343825394651912
UBFC_PHYS_s13_T2_ctrl,143,208,149.93333333333334,-0.7146470546722412,0.7578147243019479
UBFC_PHYS_s13_T2_ctrl,143,209,149.96666666666667,-0.6151165962219238,0.7391668869927783
UBFC_PHYS_s13_T2_ctrl,143,210,150.0,-0.47391873598098755,0.6743141096428383
UBFC_PHYS_s13_T2_ctrl,143,211,150.03333333333333,-0.2602865397930145,0.5621300441630074
UBFC_PHYS_s13_T2_ctrl,143,212,150.06666666666666,0.019031478092074394,0.4066387861672578
UBFC_PHYS_s13_T2_ctrl,143,213,150.1,0.3640748858451843,0.21811019666517237
UBFC_PHYS_s13_T2_ctrl,143,214,150.13333333333333,0.7410154938697815,0.012140182169404946
UBFC_PHYS_s13_T2_ctrl,143,215,150.16666666666666,1.097578763961792,-0.19326518575537702
UBFC_PHYS_s13_T2_ctrl,143,216,150.2,1.5211130380630493,-0.3817066477219401
UBFC_PHYS_s13_T2_ctrl,143,217,150.23333333333332,1.7249256372451782,-0.5421733024318918
UBFC_PHYS_s13_T2_ctrl,143,218,150.26666666666668,1.5651332139968872,-0.6713122834438247
UBFC_PHYS_s13_T2_ctrl,143,219,150.3,1.2165803909301758,-0.7733744179211671
UBFC_PHYS_s13_T2_ctrl,143,220,150.33333333333334,0.8255957961082458,-0.8576765307983047
UBFC_PHYS_s13_T2_ctrl,143,221,150.36666666666667,0.45122212171554565,-0.933989179231903
UBFC_PHYS_s13_T2_ctrl,143,222,150.4,0.16985450685024261,-1.0066911134692593
UBFC_PHYS_s13_T2_ctrl,143,223,150.43333333333334,-0.013702698983252048,-1.0691704639292605
UBFC_PHYS_s13_T2_ctrl,143,224,150.46666666666667,-0.11387903988361359,-1.1008297344032791
UBFC_PHYS_s13_T2_ctrl,143,225,150.5,-0.16573835909366608,-1.0693349665210985
UBFC_PHYS_s13_T2_ctrl,143,226,150.53333333333333,-0.1500072330236435,-0.9395324653928447
UBFC_PHYS_s13_T2_ctrl,143,227,150.56666666666666,-0.07383288443088531,-0.6876599034502517
UBFC_PHYS_s13_T2_ctrl,143,228,150.6,0.020010141655802727,-0.3160527029143365
UBFC_PHYS_s13_T2_ctrl,143,229,150.63333333333333,0.09495869278907776,0.13870431965196017
UBFC_PHYS_s13_T2_ctrl,143,230,150.66666666666666,0.09973668307065964,0.610325142674047
UBFC_PHYS_s13_T2_ctrl,143,231,150.7,0.017953958362340927,1.0209135210505584
UBFC_PHYS_s13_T2_ctrl,143,232,150.73333333333332,-0.1327141970396042,1.305529092038909
UBFC_PHYS_s13_T2_ctrl,143,233,150.76666666666668,-0.3161923289299011,1.4316257506691932
UBFC_PHYS_s13_T2_ctrl,143,234,150.8,-0.48326054215431213,1.4048164725036307
UBFC_PHYS_s13_T2_ctrl,143,235,150.83333333333334,-0.5857236981391907,1.2601097703136832
UBFC_PHYS_s13_T2_ctrl,143,236,150.86666666666667,-0.6180723905563354,1.04441629021946
UBFC_PHYS_s13_T2_ctrl,143,237,150.9,-0.600947380065918,0.798736118609428
UBFC_PHYS_s13_T2_ctrl,143,238,150.93333333333334,-0.5577807426452637,0.5468878429051215
UBFC_PHYS_s13_T2_ctrl,143,239,150.96666666666667,-0.49333715438842773,0.2938215402859175
UBFC_PHYS_s13_T2_ctrl,144,0,144.0,-0.057640440762043,0.005440084497232153
UBFC_PHYS_s13_T2_ctrl,144,1,144.03333333333333,-0.25882020592689514,-0.32158822722846514
UBFC_PHYS_s13_T2_ctrl,144,2,144.06666666666666,-0.47216901183128357,-0.6337467439366441
UBFC_PHYS_s13_T2_ctrl,144,3,144.1,-0.7782536745071411,-0.9131867429865763
UBFC_PHYS_s13_T2_ctrl,144,4,144.13333333333333,-1.1044355630874634,-1.1389642871648058
UBFC_PHYS_s13_T2_ctrl,144,5,144.16666666666666,-1.4233713150024414,-1.289928694527808
UBFC_PHYS_s13_T2_ctrl,144,6,144.2,-1.8189889192581177,-1.3493511278789079
UBFC_PHYS_s13_T2_ctrl,144,7,144.23333333333332,-2.34523344039917,-1.309384796494272
UBFC_PHYS_s13_T2_ctrl,144,8,144.26666666666668,-2.831076145172119,-1.173880529716986
UBFC_PHYS_s13_T2_ctrl,144,9,144.3,-3.1082851886749268,-0.9588890974660794
UBFC_PHYS_s13_T2_ctrl,144,10,144.33333333333334,-2.6357781887054443,-0.6909281514738189
UBFC_PHYS_s13_T2_ctrl,144,11,144.36666666666667,-1.2882431745529175,-0.4034076664596336
UBFC_PHYS_s13_T2_ctrl,144,12,144.4,0.07202763110399246,-0.1315192771789098
UBFC_PHYS_s13_T2_ctrl,144,13,144.43333333333334,0.9786628484725952,0.09401307735759146
UBFC_PHYS_s13_T2_ctrl,144,14,144.46666666666667,1.4919441938400269,0.2532377231228741
UBFC_PHYS_s13_T2_ctrl,144,15,144.5,1.6705917119979858,0.3413849556818583
UBFC_PHYS_s13_T2_ctrl,144,16,144.53333333333333,1.6359100341796875,0.36924802522775724
UBFC_PHYS_s13_T2_ctrl,144,17,144.56666666666666,1.561903953552246,0.3586102878881606
UBFC_PHYS_s13_T2_ctrl,144,18,144.6,1.4928900003433228,0.33417131772321734
UBFC_PHYS_s13_T2_ctrl,144,19,144.63333333333333,1.3498072624206543,0.3153769846596983
UBFC_PHYS_s13_T2_ctrl,144,20,144.66666666666666,1.1312553882598877,0.3115609195221337
UBFC_PHYS_s13_T2_ctrl,144,21,144.7,0.958391010761261,0.32186010299151796
UBFC_PHYS_s13_T2_ctrl,144,22,144.73333333333332,0.8897494077682495,0.33872638180874326
UBFC_PHYS_s13_T2_ctrl,144,23,144.76666666666668,0.8594931960105896,0.3522946098967873
UBFC_PHYS_s13_T2_ctrl,144,24,144.8,0.7784650325775146,0.3533553662941321
UBFC_PHYS_s13_T2_ctrl,144,25,144.83333333333334,0.6636054515838623,0.33435625315402795
UBFC_PHYS_s13_T2_ctrl,144,26,144.86666666666667,0.5373050570487976,0.289254744660479
UBFC_PHYS_s13_T2_ctrl,144,27,144.9,0.3808307945728302,0.2135054242316687
UBFC_PHYS_s13_T2_ctrl,144,28,144.93333333333334,0.18520009517669678,0.10506915057415173
UBFC_PHYS_s13_T2_ctrl,144,29,144.96666666666667,0.005079745780676603,-0.033442631279692325
UBFC_PHYS_s13_T2_ctrl,144,30,145.0,-0.11359235644340515,-0.1920932043200677
UBFC_PHYS_s13_T2_ctrl,144,31,145.03333333333333,-0.19540473818778992,-0.3516564503850411
UBFC_PHYS_s13_T2_ctrl,144,32,145.06666666666666,-0.2874881327152252,-0.4840602418674303
UBFC_PHYS_s13_T2_ctrl,144,33,145.1,-0.3943108320236206,-0.5566066271761257
UBFC_PHYS_s13_T2_ctrl,144,34,145.13333333333333,-0.5056412816047668,-0.5398694561786395
UBFC_PHYS_s13_T2_ctrl,144,35,145.16666666666666,-0.6381168365478516,-0.41715869123814225
UBFC_PHYS_s13_T2_ctrl,144,36,145.2,-0.820435106754303,-0.19202564508424905
UBFC_PHYS_s13_T2_ctrl,144,37,145.23333333333332,-1.0562536716461182,0.10950231215433341
UBFC_PHYS_s13_T2_ctrl,144,38,145.26666666666668,-1.2616314888000488,0.4432431598794702
UBFC_PHYS_s13_T2_ctrl,144,39,145.3,-1.2965304851531982,0.7563330766946766
UBFC_PHYS_s13_T2_ctrl,144,40,145.33333333333334,-1.1515201330184937,0.9985924126628934
UBFC_PHYS_s13_T2_ctrl,144,41,145.36666666666667,-0.9714854955673218,1.1322752989961937
UBFC_PHYS_s13_T2_ctrl,144,42,145.4,-0.862458348274231,1.1378795661092658
UBFC_PHYS_s13_T2_ctrl,144,43,145.43333333333334,-0.8053300380706787,1.015336944982693
UBFC_PHYS_s13_T2_ctrl,144,44,145.46666666666667,-0.7684934139251709,0.7811424182624825
UBFC_PHYS_s13_T2_ctrl,144,45,145.5,-0.75441974401474,0.4628839792094893
UBFC_PHYS_s13_T2_ctrl,144,46,145.53333333333333,-0.7439740300178528,0.09337702515364862
UBFC_PHYS_s13_T2_ctrl,144,47,145.56666666666666,-0.7104753851890564,-0.2933646712082425
UBFC_PHYS_s13_T2_ctrl,144,48,145.6,-0.6609622240066528,-0.6632609139375614
UBFC_PHYS_s13_T2_ctrl,144,49,145.63333333333333,-0.6017810702323914,-0.9812712556369932
UBFC_PHYS_s13_T2_ctrl,144,50,145.66666666666666,-0.5147787928581238,-1.2109937004635873
UBFC_PHYS_s13_T2_ctrl,144,51,145.7,-0.39186909794807434,-1.3175384223445736
UBFC_PHYS_s13_T2_ctrl,144,52,145.73333333333332,-0.24687522649765015,-1.2748820675122994
UBFC_PHYS_s13_T2_ctrl,144,53,145.76666666666668,-0.09176187962293625,-1.0761774378745483
UBFC_PHYS_s13_T2_ctrl,144,54,145.8,0.058029767125844955,-0.7429463351285137
UBFC_PHYS_s13_T2_ctrl,144,55,145.83333333333334,0.19373129308223724,-0.32799069649072715
UBFC_PHYS_s13_T2_ctrl,144,56,145.86666666666667,0.3431110382080078,0.09187103545514898
UBFC_PHYS_s13_T2_ctrl,144,57,145.9,0.5214124917984009,0.4332212968485579
UBFC_PHYS_s13_T2_ctrl,144,58,145.93333333333334,0.6701167225837708,0.6283774095688253
UBFC_PHYS_s13_T2_ctrl,144,59,145.96666666666667,0.7212115526199341,0.6442615460602727
UBFC_PHYS_s13_T2_ctrl,144,60,146.0,0.6943987607955933,0.49081572881746743
UBFC_PHYS_s13_T2_ctrl,144,61,146.03333333333333,0.6870472431182861,0.2167358215424036
UBFC_PHYS_s13_T2_ctrl,144,62,146.06666666666666,0.7768965363502502,-0.10462164233314639
UBFC_PHYS_s13_T2_ctrl,144,63,146.1,0.9185425639152527,-0.3935305163433611
UBFC_PHYS_s13_T2_ctrl,144,64,146.13333333333333,0.9557911157608032,-0.5811592267261142
UBFC_PHYS_s13_T2_ctrl,144,65,146.16666666666666,0.8051493167877197,-0.6226697382787081
UBFC_PHYS_s13_T2_ctrl,144,66,146.2,0.5497838258743286,-0.5047592074855424
UBFC_PHYS_s13_T2_ctrl,144,67,146.23333333333332,0.2912352383136749,-0.24703893429385615
UBFC_PHYS_s13_T2_ctrl,144,68,146.26666666666668,0.06668616831302643,0.10298026538795625
UBFC_PHYS_s13_T2_ctrl,144,69,146.3,-0.06993799656629562,0.4806163953205954
UBFC_PHYS_s13_T2_ctrl,144,70,146.33333333333334,-0.09018020331859589,0.8180347424657043
UBFC_PHYS_s13_T2_ctrl,144,71,146.36666666666667,-0.06517648696899414,1.0576757286991822
UBFC_PHYS_s13_T2_ctrl,144,72,146.4,-0.07041250169277191,1.1613709188301389
UBFC_PHYS_s13_T2_ctrl,144,73,146.43333333333334,-0.0982566550374031,1.113382793369946
UBFC_PHYS_s13_T2_ctrl,144,74,146.46666666666667,-0.10908127576112747,0.918385492366809
UBFC_PHYS_s13_T2_ctrl,144,75,146.5,-0.08457842469215393,0.5972863495608223
UBFC_PHYS_s13_T2_ctrl,144,76,146.53333333333333,-0.01883656717836857,0.18361814971258925
UBFC_PHYS_s13_T2_ctrl,144,77,146.56666666666666,0.08494138717651367,-0.2784596293597309
UBFC_PHYS_s13_T2_ctrl,144,78,146.6,0.2102268934249878,-0.7354478036904154
UBFC_PHYS_s13_T2_ctrl,144,79,146.63333333333333,0.3261013925075531,-1.1272980006443973
UBFC_PHYS_s13_T2_ctrl,144,80,146.66666666666666,0.4001240134239197,-1.3940216342952907
UBFC_PHYS_s13_T2_ctrl,144,81,146.7,0.4263041019439697,-1.4867439136160432
UBFC_PHYS_s13_T2_ctrl,144,82,146.73333333333332,0.44100382924079895,-1.3807495644142642
UBFC_PHYS_s13_T2_ctrl,144,83,146.76666666666668,0.46109774708747864,-1.085572091414439
UBFC_PHYS_s13_T2_ctrl,144,84,146.8,0.4115351438522339,-0.6471315658987506
UBFC_PHYS_s13_T2_ctrl,144,85,146.83333333333334,0.23338860273361206,-0.139368819174008
UBFC_PHYS_s13_T2_ctrl,144,86,146.86666666666667,0.007040369790047407,0.35333488928076384
UBFC_PHYS_s13_T2_ctrl,144,87,146.9,-0.15487419068813324,0.757639873953353
UBFC_PHYS_s13_T2_ctrl,144,88,146.93333333333334,-0.2670811712741852,1.0287746719199728
UBFC_PHYS_s13_T2_ctrl,144,89,146.96666666666667,-0.3969568610191345,1.157390646630176
UBFC_PHYS_s13_T2_ctrl,144,90,147.0,-0.5169206857681274,1.164161950747821
UBFC_PHYS_s13_T2_ctrl,144,91,147.03333333333333,-0.549345076084137,1.0862375340187511
UBFC_PHYS_s13_T2_ctrl,144,92,147.06666666666666,-0.5006194710731506,0.9621933114031931
UBFC_PHYS_s13_T2_ctrl,144,93,147.1,-0.42445170879364014,0.8211161557318466
UBFC_PHYS_s13_T2_ctrl,144,94,147.13333333333333,-0.3497470021247864,0.6784873793837258
UBFC_PHYS_s13_T2_ctrl,144,95,147.16666666666666,-0.29108646512031555,0.5383066613700965
UBFC_PHYS_s13_T2_ctrl,144,96,147.2,-0.26426711678504944,0.3986719801860884
UBFC_PHYS_s13_T2_ctrl,144,97,147.23333333333332,-0.2595418393611908,0.2574194502399406
UBFC_PHYS_s13_T2_ctrl,144,98,147.26666666666668,-0.24215984344482422,0.11534254930326682
UBFC_PHYS_s13_T2_ctrl,144,99,147.3,-0.19126270711421967,-0.023686943158901123
UBFC_PHYS_s13_T2_ctrl,144,100,147.33333333333334,-0.12161608785390854,-0.15462403815257936
UBFC_PHYS_s13_T2_ctrl,144,101,147.36666666666667,-0.061571571975946426,-0.2733429579968587
UBFC_PHYS_s13_T2_ctrl,144,102,147.4,-0.02041165716946125,-0.3776293070233142
UBFC_PHYS_s13_T2_ctrl,144,103,147.43333333333334,0.014727991074323654,-0.4670142110445906
UBFC_PHYS_s13_T2_ctrl,144,104,147.46666666666667,0.048094842582941055,-0.5423191462791895
UBFC_PHYS_s13_T2_ctrl,144,105,147.5,0.06582942605018616,-0.6058144819741075
UBFC_PHYS_s13_T2_ctrl,144,106,147.53333333333333,0.06310102343559265,-0.6620751528559525
UBFC_PHYS_s13_T2_ctrl,144,107,147.56666666666666,0.05427327752113342,-0.7186062070273447
UBFC_PHYS_s13_T2_ctrl,144,108,147.6,0.045376330614089966,-0.7848781027680479
UBFC_PHYS_s13_T2_ctrl,144,109,147.63333333333333,0.030343782156705856,-0.8688768977641589
UBFC_PHYS_s13_T2_ctrl,144,110,147.66666666666666,-0.0006011200021021068,-0.9715147035597341
UBFC_PHYS_s13_T2_ctrl,144,111,147.7,-0.06580585986375809,-1.08083634518408
UBFC_PHYS_s13_T2_ctrl,144,112,147.73333333333332,-0.17055588960647583,-1.1691702743417498
UBFC_PHYS_s13_T2_ctrl,144,113,147.76666666666668,-0.27232709527015686,-1.1962972436754113
UBFC_PHYS_s13_T2_ctrl,144,114,147.8,-0.31694692373275757,-1.1198164681767928
UBFC_PHYS_s13_T2_ctrl,144,115,147.83333333333334,-0.30713391304016113,-0.9105215815913478
UBFC_PHYS_s13_T2_ctrl,144,116,147.86666666666667,-0.28231802582740784,-0.5671176567347622
UBFC_PHYS_s13_T2_ctrl,144,117,147.9,-0.2703862190246582,-0.12314430261505149
UBFC_PHYS_s13_T2_ctrl,144,118,147.93333333333334,-0.2718394100666046,0.3588628489093723
UBFC_PHYS_s13_T2_ctrl,144,119,147.96666666666667,-0.2610180675983429,0.8052732185938273
UBFC_PHYS_s13_T2_ctrl,144,120,148.0,-0.21556127071380615,1.1540144914391033
UBFC_PHYS_s13_T2_ctrl,144,121,148.03333333333333,-0.171587273478508,1.3718544770059922
UBFC_PHYS_s13_T2_ctrl,144,122,148.06666666666666,-0.20215323567390442,1.4597158772540524
UBFC_PHYS_s13_T2_ctrl,144,123,148.1,-0.3066660165786743,1.445989680363978
UBFC_PHYS_s13_T2_ctrl,144,124,148.13333333333333,-0.3930520713329315,1.3725762937784165
UBFC_PHYS_s13_T2_ctrl,144,125,148.16666666666666,-0.3867616057395935,1.2797806004678787
UBFC_PHYS_s13_T2_ctrl,144,126,148.2,-0.30369046330451965,1.1949750769298857
UBFC_PHYS_s13_T2_ctrl,144,127,148.23333333333332,-0.204186350107193,1.12740417429298
UBFC_PHYS_s13_T2_ctrl,144,128,148.26666666666668,-0.12363272905349731,1.068940739951342
UBFC_PHYS_s13_T2_ctrl,144,129,148.3,-0.0581742562353611,0.9990072943820234
UBFC_PHYS_s13_T2_ctrl,144,130,148.33333333333334,0.002430432476103306,0.891523929090834
UBFC_PHYS_s13_T2_ctrl,144,131,148.36666666666667,0.05098140612244606,0.7221119011984859
UBFC_PHYS_s13_T2_ctrl,144,132,148.4,0.07754373550415039,0.47424486463520754
UBFC_PHYS_s13_T2_ctrl,144,133,148.43333333333334,0.09435567259788513,0.1435637980033118
UBFC_PHYS_s13_T2_ctrl,144,134,148.46666666666667,0.13272787630558014,-0.2597733384936779
UBFC_PHYS_s13_T2_ctrl,144,135,148.5,0.2105531096458435,-0.7104307393621487
UBFC_PHYS_s13_T2_ctrl,144,136,148.53333333333333,0.3122386336326599,-1.1687976283504724
UBFC_PHYS_s13_T2_ctrl,144,137,148.56666666666666,0.4046976864337921,-1.5837649235035784
UBFC_PHYS_s13_T2_ctrl,144,138,148.6,0.46748706698417664,-1.8979418656283638
UBFC_PHYS_s13_T2_ctrl,144,139,148.63333333333333,0.4943954050540924,-2.055765789279339
UBFC_PHYS_s13_T2_ctrl,144,140,148.66666666666666,0.5004288554191589,-2.0143531917821136
UBFC_PHYS_s13_T2_ctrl,144,141,148.7,0.5170628428459167,-1.755585318085376
UBFC_PHYS_s13_T2_ctrl,144,142,148.73333333333332,0.5345931053161621,-1.2960772163068577
UBFC_PHYS_s13_T2_ctrl,144,143,148.76666666666668,0.4797549843788147,-0.6905767618907245
UBFC_PHYS_s13_T2_ctrl,144,144,148.8,0.32492831349372864,-0.02533022755946234
UBFC_PHYS_s13_T2_ctrl,144,145,148.83333333333334,0.15415634214878082,0.5985045364248297
UBFC_PHYS_s13_T2_ctrl,144,146,148.86666666666667,0.04322458431124687,1.0865779917686165
UBFC_PHYS_s13_T2_ctrl,144,147,148.9,-0.026145245879888535,1.3708793631075522
UBFC_PHYS_s13_T2_ctrl,144,148,148.93333333333334,-0.0973801389336586,1.4215701585844087
UBFC_PHYS_s13_T2_ctrl,144,149,148.96666666666667,-0.17694851756095886,1.2495275257487397
UBFC_PHYS_s13_T2_ctrl,144,150,149.0,-0.22495248913764954,0.9008353853034394
UBFC_PHYS_s13_T2_ctrl,144,151,149.03333333333333,-0.07958295196294785,0.44566759239832165
UBFC_PHYS_s13_T2_ctrl,144,152,149.06666666666666,0.35455185174942017,-0.03559308540401339
UBFC_PHYS_s13_T2_ctrl,144,153,149.1,0.7803037762641907,-0.46621566164257505
UBFC_PHYS_s13_T2_ctrl,144,154,149.13333333333333,0.7687937617301941,-0.7846517989442797
UBFC_PHYS_s13_T2_ctrl,144,155,149.16666666666666,0.3159984052181244,-0.9521904983806609
UBFC_PHYS_s13_T2_ctrl,144,156,149.2,-0.240957111120224,-0.9560879538443923
UBFC_PHYS_s13_T2_ctrl,144,157,149.23333333333332,-0.6087536215782166,-0.8084048292637419
UBFC_PHYS_s13_T2_ctrl,144,158,149.26666666666668,-0.6182634830474854,-0.5414933006527638
UBFC_PHYS_s13_T2_ctrl,144,159,149.3,-0.3455852270126343,-0.20145093849331985
UBFC_PHYS_s13_T2_ctrl,144,160,149.33333333333334,-0.10944044589996338,0.15915770914549965
UBFC_PHYS_s13_T2_ctrl,144,161,149.36666666666667,-0.09722856432199478,0.48826479145206547
UBFC_PHYS_s13_T2_ctrl,144,162,149.4,-0.22420118749141693,0.7402565140917714
UBFC_PHYS_s13_T2_ctrl,144,163,149.43333333333334,-0.34917035698890686,0.8807559958283462
UBFC_PHYS_s13_T2_ctrl,144,164,149.46666666666667,-0.4157557785511017,0.8905919039727215
UBFC_PHYS_s13_T2_ctrl,144,165,149.5,-0.43946778774261475,0.7691216668251367
UBFC_PHYS_s13_T2_ctrl,144,166,149.53333333333333,-0.4834088087081909,0.5359831932399012
UBFC_PHYS_s13_T2_ctrl,144,167,149.56666666666666,-0.6241288781166077,0.2295991233132311
UBFC_PHYS_s13_T2_ctrl,144,168,149.6,-0.889238178730011,-0.0985165597668244
UBFC_PHYS_s13_T2_ctrl,144,169,149.63333333333333,-1.221750020980835,-0.39291258457530026
UBFC_PHYS_s13_T2_ctrl,144,170,149.66666666666666,-1.5215837955474854,-0.6046350761068843
UBFC_PHYS_s13_T2_ctrl,144,171,149.7,-1.7045940160751343,-0.7002419953492298
UBFC_PHYS_s13_T2_ctrl,144,172,149.73333333333332,-1.759926438331604,-0.6671853464392432
UBFC_PHYS_s13_T2_ctrl,144,173,149.76666666666668,-1.7370349168777466,-0.5144869918353704
UBFC_PHYS_s13_T2_ctrl,144,174,149.8,-1.6547513008117676,-0.268947055361281
UBFC_PHYS_s13_T2_ctrl,144,175,149.83333333333334,-1.4405226707458496,0.03165804266114424
UBFC_PHYS_s13_T2_ctrl,144,176,149.86666666666667,-1.1250205039978027,0.34611536416256344
UBFC_PHYS_s13_T2_ctrl,144,177,149.9,-0.8558647036552429,0.6359224099820258
UBFC_PHYS_s13_T2_ctrl,144,178,149.93333333333334,-0.7146470546722412,0.8691280683171977
UBFC_PHYS_s13_T2_ctrl,144,179,149.96666666666667,-0.6151165962219238,1.0223658251521601
UBFC_PHYS_s13_T2_ctrl,144,180,150.0,-0.47391873598098755,1.0821510319400924
UBFC_PHYS_s13_T2_ctrl,144,181,150.03333333333333,-0.2602865397930145,1.0459701501815204
UBFC_PHYS_s13_T2_ctrl,144,182,150.06666666666666,0.019031478092074394,0.9226034019049143
UBFC_PHYS_s13_T2_ctrl,144,183,150.1,0.3640748858451843,0.730689590492466
UBFC_PHYS_s13_T2_ctrl,144,184,150.13333333333333,0.7410154938697815,0.4953433888156053
UBFC_PHYS_s13_T2_ctrl,144,185,150.16666666666666,1.097578763961792,0.24365413620416357
UBFC_PHYS_s13_T2_ctrl,144,186,150.2,1.5211130380630493,3.61791552310542e-05
UBFC_PHYS_s13_T2_ctrl,144,187,150.23333333333332,1.7249256372451782,-0.2179705687897366
UBFC_PHYS_s13_T2_ctrl,144,188,150.26666666666668,1.5651332139968872,-0.40292303328580925
UBFC_PHYS_s13_T2_ctrl,144,189,150.3,1.2165803909301758,-0.5588995454153333
UBFC_PHYS_s13_T2_ctrl,144,190,150.33333333333334,0.8255957961082458,-0.7000830627482089
UBFC_PHYS_s13_T2_ctrl,144,191,150.36666666666667,0.45122212171554565,-0.8457741410651778
UBFC_PHYS_s13_T2_ctrl,144,192,150.4,0.16985450685024261,-1.012172335444552
UBFC_PHYS_s13_T2_ctrl,144,193,150.43333333333334,-0.013702698983252048,-1.2028444830124017
UBFC_PHYS_s13_T2_ctrl,144,194,150.46666666666667,-0.11387903988361359,-1.4012512409198616
UBFC_PHYS_s13_T2_ctrl,144,195,150.5,-0.16573835909366608,-1.5692116497966968
UBFC_PHYS_s13_T2_ctrl,144,196,150.53333333333333,-0.1500072330236435,-1.654051676030433
UBFC_PHYS_s13_T2_ctrl,144,197,150.56666666666666,-0.07383288443088531,-1.6041776394781766
UBFC_PHYS_s13_T2_ctrl,144,198,150.6,0.020010141655802727,-1.388652311842017
UBFC_PHYS_s13_T2_ctrl,144,199,150.63333333333333,0.09495869278907776,-1.0128640195020926
UBFC_PHYS_s13_T2_ctrl,144,200,150.66666666666666,0.09973668307065964,-0.5219923138660431
UBFC_PHYS_s13_T2_ctrl,144,201,150.7,0.017953958362340927,0.011231216976282429
UBFC_PHYS_s13_T2_ctrl,144,202,150.73333333333332,-0.1327141970396042,0.5092926208685983
UBFC_PHYS_s13_T2_ctrl,144,203,150.76666666666668,-0.3161923289299011,0.9119660330598659
UBFC_PHYS_s13_T2_ctrl,144,204,150.8,-0.48326054215431213,1.188147175234231
UBFC_PHYS_s13_T2_ctrl,144,205,150.83333333333334,-0.5857236981391907,1.3349627763560297
UBFC_PHYS_s13_T2_ctrl,144,206,150.86666666666667,-0.6180723905563354,1.3683627174795003
UBFC_PHYS_s13_T2_ctrl,144,207,150.9,-0.600947380065918,1.3120511368078962
UBFC_PHYS_s13_T2_ctrl,144,208,150.93333333333334,-0.5577807426452637,1.1897442408075474
UBFC_PHYS_s13_T2_ctrl,144,209,150.96666666666667,-0.49333715438842773,1.022014083498948
UBFC_PHYS_s13_T2_ctrl,144,210,151.0,-0.4133206307888031,0.826435641450953
UBFC_PHYS_s13_T2_ctrl,144,211,151.03333333333333,-0.3289347290992737,0.6191005592760822
UBFC_PHYS_s13_T2_ctrl,144,212,151.06666666666666,-0.25229576230049133,0.4160051186935159
UBFC_PHYS_s13_T2_ctrl,144,213,151.1,-0.1855093538761139,0.23352658653774505
UBFC_PHYS_s13_T2_ctrl,144,214,151.13333333333333,-0.12281882017850876,0.08769230707691944
UBFC_PHYS_s13_T2_ctrl,144,215,151.16666666666666,-0.05881022289395332,-0.007721545744495175
UBFC_PHYS_s13_T2_ctrl,144,216,151.2,0.00508304126560688,-0.04383969130170666
UBFC_PHYS_s13_T2_ctrl,144,217,151.23333333333332,0.06145673990249634,-0.01931636038328079
UBFC_PHYS_s13_T2_ctrl,144,218,151.26666666666668,0.10479476302862167,0.05794230326505607
UBFC_PHYS_s13_T2_ctrl,144,219,151.3,0.13847795128822327,0.17068657557344177
UBFC_PHYS_s13_T2_ctrl,144,220,151.33333333333334,0.17163719236850739,0.29421924094770713
UBFC_PHYS_s13_T2_ctrl,144,221,151.36666666666667,0.20878030359745026,0.4001793001998056
UBFC_PHYS_s13_T2_ctrl,144,222,151.4,0.24912631511688232,0.46163968723988297
UBFC_PHYS_s13_T2_ctrl,144,223,151.43333333333334,0.2930607795715332,0.4584269515821203
UBFC_PHYS_s13_T2_ctrl,144,224,151.46666666666667,0.33929523825645447,0.38115792566598933
UBFC_PHYS_s13_T2_ctrl,144,225,151.5,0.371390163898468,0.2326975946866367
UBFC_PHYS_s13_T2_ctrl,144,226,151.53333333333333,0.3652248978614807,0.02675939475353983
UBFC_PHYS_s13_T2_ctrl,144,227,151.56666666666666,0.32847392559051514,-0.21554507749421808
UBFC_PHYS_s13_T2_ctrl,144,228,151.6,0.29781240224838257,-0.4699747399429279
UBFC_PHYS_s13_T2_ctrl,144,229,151.63333333333333,0.29434916377067566,-0.7130481976816084
UBFC_PHYS_s13_T2_ctrl,144,230,151.66666666666666,0.3057998716831207,-0.9245155593492205
UBFC_PHYS_s13_T2_ctrl,144,231,151.7,0.33139342069625854,-1.0880085592867028
UBFC_PHYS_s13_T2_ctrl,144,232,151.73333333333332,0.40817078948020935,-1.1906431000315512
UBFC_PHYS_s13_T2_ctrl,144,233,151.76666666666668,0.5601570010185242,-1.2230009718679293
UBFC_PHYS_s13_T2_ctrl,144,234,151.8,0.7527133226394653,-1.1802139702583279
UBFC_PHYS_s13_T2_ctrl,144,235,151.83333333333334,0.9472039341926575,-1.0635359869531027
UBFC_PHYS_s13_T2_ctrl,144,236,151.86666666666667,1.1588788032531738,-0.881061542184458
UBFC_PHYS_s13_T2_ctrl,144,237,151.9,1.442226767539978,-0.6466611615298168
UBFC_PHYS_s13_T2_ctrl,144,238,151.93333333333334,1.809818983078003,-0.3774609327142672
UBFC_PHYS_s13_T2_ctrl,144,239,151.96666666666667,2.1294796466827393,-0.09138501026875866
UBFC_PHYS_s13_T2_ctrl,145,0,145.0,-0.11359235644340515,0.12618221203857088
UBFC_PHYS_s13_T2_ctrl,145,1,145.03333333333333,-0.19540473818778992,-0.11813107724900263
UBFC_PHYS_s13_T2_ctrl,145,2,145.06666666666666,-0.2874881327152252,-0.31154314687847445
UBFC_PHYS_s13_T2_ctrl,145,3,145.1,-0.3943108320236206,-0.41328003052236617
UBFC_PHYS_s13_T2_ctrl,145,4,145.13333333333333,-0.5056412816047668,-0.4019360131596063
UBFC_PHYS_s13_T2_ctrl,145,5,145.16666666666666,-0.6381168365478516,-0.2797313923742715
UBFC_PHYS_s13_T2_ctrl,145,6,145.2,-0.820435106754303,-0.07063859742191109
UBFC_PHYS_s13_T2_ctrl,145,7,145.23333333333332,-1.0562536716461182,0.18718380731869527
UBFC_PHYS_s13_T2_ctrl,145,8,145.26666666666668,-1.2616314888000488,0.45133858446768943
UBFC_PHYS_s13_T2_ctrl,145,9,145.3,-1.2965304851531982,0.6833631971071514
UBFC_PHYS_s13_T2_ctrl,145,10,145.33333333333334,-1.1515201330184937,0.8531674791558626
UBFC_PHYS_s13_T2_ctrl,145,11,145.36666666666667,-0.9714854955673218,0.9405292362480554
UBFC_PHYS_s13_T2_ctrl,145,12,145.4,-0.862458348274231,0.9351093506712784
UBFC_PHYS_s13_T2_ctrl,145,13,145.43333333333334,-0.8053300380706787,0.8355499974479712
UBFC_PHYS_s13_T2_ctrl,145,14,145.46666666666667,-0.7684934139251709,0.6476067531948954
UBFC_PHYS_s13_T2_ctrl,145,15,145.5,-0.75441974401474,0.38173961604177764
UBFC_PHYS_s13_T2_ctrl,145,16,145.53333333333333,-0.7439740300178528,0.051648272348829356
UBFC_PHYS_s13_T2_ctrl,145,17,145.56666666666666,-0.7104753851890564,-0.32459629810043417
UBFC_PHYS_s13_T2_ctrl,145,18,145.6,-0.6609622240066528,-0.7208020314276308
UBFC_PHYS_s13_T2_ctrl,145,19,145.63333333333333,-0.6017810702323914,-1.0986724001976051
UBFC_PHYS_s13_T2_ctrl,145,20,145.66666666666666,-0.5147787928581238,-1.4073673785218541
UBFC_PHYS_s13_T2_ctrl,145,21,145.7,-0.39186909794807434,-1.5896918987511832
UBFC_PHYS_s13_T2_ctrl,145,22,145.73333333333332,-0.24687522649765015,-1.5952497009012756
UBFC_PHYS_s13_T2_ctrl,145,23,145.76666666666668,-0.09176187962293625,-1.3972945991080825
UBFC_PHYS_s13_T2_ctrl,145,24,145.8,0.058029767125844955,-1.0071599618958607
UBFC_PHYS_s13_T2_ctrl,145,25,145.83333333333334,0.19373129308223724,-0.47922695431410245
UBFC_PHYS_s13_T2_ctrl,145,26,145.86666666666667,0.3431110382080078,0.09857853092215467
UBFC_PHYS_s13_T2_ctrl,145,27,145.9,0.5214124917984009,0.627794530767321
UBFC_PHYS_s13_T2_ctrl,145,28,145.93333333333334,0.6701167225837708,1.0269899390496602
UBFC_PHYS_s13_T2_ctrl,145,29,145.96666666666667,0.7212115526199341,1.2516197926986192
UBFC_PHYS_s13_T2_ctrl,145,30,146.0,0.6943987607955933,1.2991599702375074
UBFC_PHYS_s13_T2_ctrl,145,31,146.03333333333333,0.6870472431182861,1.20100516893573
UBFC_PHYS_s13_T2_ctrl,145,32,146.06666666666666,0.7768965363502502,1.0072647875411236
UBFC_PHYS_s13_T2_ctrl,145,33,146.1,0.9185425639152527,0.7707029146025363
UBFC_PHYS_s13_T2_ctrl,145,34,146.13333333333333,0.9557911157608032,0.5342454127034968
UBFC_PHYS_s13_T2_ctrl,145,35,146.16666666666666,0.8051493167877197,0.32429488824106345
UBFC_PHYS_s13_T2_ctrl,145,36,146.2,0.5497838258743286,0.15014146878984552
UBFC_PHYS_s13_T2_ctrl,145,37,146.23333333333332,0.2912352383136749,0.00825907971894246
UBFC_PHYS_s13_T2_ctrl,145,38,146.26666666666668,0.06668616831302643,-0.11074109275368066
UBFC_PHYS_s13_T2_ctrl,145,39,146.3,-0.06993799656629562,-0.21521427987765018
UBFC_PHYS_s13_T2_ctrl,145,40,146.33333333333334,-0.09018020331859589,-0.3081580662105387
UBFC_PHYS_s13_T2_ctrl,145,41,146.36666666666667,-0.06517648696899414,-0.38687944034541066
UBFC_PHYS_s13_T2_ctrl,145,42,146.4,-0.07041250169277191,-0.4462518433929115
UBFC_PHYS_s13_T2_ctrl,145,43,146.43333333333334,-0.0982566550374031,-0.48352008044926426
UBFC_PHYS_s13_T2_ctrl,145,44,146.46666666666667,-0.10908127576112747,-0.5020219482852847
UBFC_PHYS_s13_T2_ctrl,145,45,146.5,-0.08457842469215393,-0.5117390751658162
UBFC_PHYS_s13_T2_ctrl,145,46,146.53333333333333,-0.01883656717836857,-0.5258947897201472
UBFC_PHYS_s13_T2_ctrl,145,47,146.56666666666666,0.08494138717651367,-0.5545131154755232
UBFC_PHYS_s13_T2_ctrl,145,48,146.6,0.2102268934249878,-0.5974459901711064
UBFC_PHYS_s13_T2_ctrl,145,49,146.63333333333333,0.3261013925075531,-0.6401461074766993
UBFC_PHYS_s13_T2_ctrl,145,50,146.66666666666666,0.4001240134239197,-0.6548878832874451
UBFC_PHYS_s13_T2_ctrl,145,51,146.7,0.4263041019439697,-0.6083077679756312
UBFC_PHYS_s13_T2_ctrl,145,52,146.73333333333332,0.44100382924079895,-0.47361518328147295
UBFC_PHYS_s13_T2_ctrl,145,53,146.76666666666668,0.46109774708747864,-0.24341839203804808
UBFC_PHYS_s13_T2_ctrl,145,54,146.8,0.4115351438522339,0.06219567797887139
UBFC_PHYS_s13_T2_ctrl,145,55,146.83333333333334,0.23338860273361206,0.3968831455801181
UBFC_PHYS_s13_T2_ctrl,145,56,146.86666666666667,0.007040369790047407,0.6998641953316957
UBFC_PHYS_s13_T2_ctrl,145,57,146.9,-0.15487419068813324,0.9148345991392279
UBFC_PHYS_s13_T2_ctrl,145,58,146.93333333333334,-0.2670811712741852,1.008315429397214
UBFC_PHYS_s13_T2_ctrl,145,59,146.96666666666667,-0.3969568610191345,0.9793632112770406
UBFC_PHYS_s13_T2_ctrl,145,60,147.0,-0.5169206857681274,0.8569273865323509
UBFC_PHYS_s13_T2_ctrl,145,61,147.03333333333333,-0.549345076084137,0.6871905716227182
UBFC_PHYS_s13_T2_ctrl,145,62,147.06666666666666,-0.5006194710731506,0.5170299756482205
UBFC_PHYS_s13_T2_ctrl,145,63,147.1,-0.42445170879364014,0.3801414931640894
UBFC_PHYS_s13_T2_ctrl,145,64,147.13333333333333,-0.3497470021247864,0.2902019280305428
UBFC_PHYS_s13_T2_ctrl,145,65,147.16666666666666,-0.29108646512031555,0.24206064539272779
UBFC_PHYS_s13_T2_ctrl,145,66,147.2,-0.26426711678504944,0.21880693771987894
UBFC_PHYS_s13_T2_ctrl,145,67,147.23333333333332,-0.2595418393611908,0.20089379165850865
UBFC_PHYS_s13_T2_ctrl,145,68,147.26666666666668,-0.24215984344482422,0.17374181240152306
UBFC_PHYS_s13_T2_ctrl,145,69,147.3,-0.19126270711421967,0.13169157793262776
UBFC_PHYS_s13_T2_ctrl,145,70,147.33333333333334,-0.12161608785390854,0.07779167890983782
UBFC_PHYS_s13_T2_ctrl,145,71,147.36666666666667,-0.061571571975946426,0.020201916373494885
UBFC_PHYS_s13_T2_ctrl,145,72,147.4,-0.02041165716946125,-0.033172112124749964
UBFC_PHYS_s13_T2_ctrl,145,73,147.43333333333334,0.014727991074323654,-0.07989185928794278
UBFC_PHYS_s13_T2_ctrl,145,74,147.46666666666667,0.048094842582941055,-0.12633502474471517
UBFC_PHYS_s13_T2_ctrl,145,75,147.5,0.06582942605018616,-0.18803162330022316
UBFC_PHYS_s13_T2_ctrl,145,76,147.53333333333333,0.06310102343559265,-0.286562313430687
UBFC_PHYS_s13_T2_ctrl,145,77,147.56666666666666,0.05427327752113342,-0.443360299444618
UBFC_PHYS_s13_T2_ctrl,145,78,147.6,0.045376330614089966,-0.6714979475298356
UBFC_PHYS_s13_T2_ctrl,145,79,147.63333333333333,0.030343782156705856,-0.9671951123014204
UBFC_PHYS_s13_T2_ctrl,145,80,147.66666666666666,-0.0006011200021021068,-1.3033085343076192
UBFC_PHYS_s13_T2_ctrl,145,81,147.7,-0.06580585986375809,-1.6274192945291914
UBFC_PHYS_s13_T2_ctrl,145,82,147.73333333333332,-0.17055588960647583,-1.8670510902153121
UBFC_PHYS_s13_T2_ctrl,145,83,147.76666666666668,-0.27232709527015686,-1.943397630731536
UBFC_PHYS_s13_T2_ctrl,145,84,147.8,-0.31694692373275757,-1.7922970469837023
UBFC_PHYS_s13_T2_ctrl,145,85,147.83333333333334,-0.30713391304016113,-1.387433411196296
UBFC_PHYS_s13_T2_ctrl,145,86,147.86666666666667,-0.28231802582740784,-0.757340393965052
UBFC_PHYS_s13_T2_ctrl,145,87,147.9,-0.2703862190246582,0.012859582323045977
UBFC_PHYS_s13_T2_ctrl,145,88,147.93333333333334,-0.2718394100666046,0.7999354421081717
UBFC_PHYS_s13_T2_ctrl,145,89,147.96666666666667,-0.2610180675983429,1.477230787704885
UBFC_PHYS_s13_T2_ctrl,145,90,148.0,-0.21556127071380615,1.9515488940924246
UBFC_PHYS_s13_T2_ctrl,145,91,148.03333333333333,-0.171587273478508,2.185523400545761
UBFC_PHYS_s13_T2_ctrl,145,92,148.06666666666666,-0.20215323567390442,2.197391348715714
UBFC_PHYS_s13_T2_ctrl,145,93,148.1,-0.3066660165786743,2.042692918789091
UBFC_PHYS_s13_T2_ctrl,145,94,148.13333333333333,-0.3930520713329315,1.789353750448381
UBFC_PHYS_s13_T2_ctrl,145,95,148.16666666666666,-0.3867616057395935,1.4968573076792755
UBFC_PHYS_s13_T2_ctrl,145,96,148.2,-0.30369046330451965,1.2049950991835763
UBFC_PHYS_s13_T2_ctrl,145,97,148.23333333333332,-0.204186350107193,0.9320586416582924
UBFC_PHYS_s13_T2_ctrl,145,98,148.26666666666668,-0.12363272905349731,0.6791600452815263
UBFC_PHYS_s13_T2_ctrl,145,99,148.3,-0.0581742562353611,0.43691442928518626
UBFC_PHYS_s13_T2_ctrl,145,100,148.33333333333334,0.002430432476103306,0.1917928423199609
UBFC_PHYS_s13_T2_ctrl,145,101,148.36666666666667,0.05098140612244606,-0.06901524017633942
UBFC_PHYS_s13_T2_ctrl,145,102,148.4,0.07754373550415039,-0.35411120435323606
UBFC_PHYS_s13_T2_ctrl,145,103,148.43333333333334,0.09435567259788513,-0.6649644571493634
UBFC_PHYS_s13_T2_ctrl,145,104,148.46666666666667,0.13272787630558014,-0.9928035512610739
UBFC_PHYS_s13_T2_ctrl,145,105,148.5,0.2105531096458435,-1.3154986163462692
UBFC_PHYS_s13_T2_ctrl,145,106,148.53333333333333,0.3122386336326599,-1.596101944702286
UBFC_PHYS_s13_T2_ctrl,145,107,148.56666666666666,0.4046976864337921,-1.785651802196669
UBFC_PHYS_s13_T2_ctrl,145,108,148.6,0.46748706698417664,-1.83218373004434
UBFC_PHYS_s13_T2_ctrl,145,109,148.63333333333333,0.4943954050540924,-1.6955276976651568
UBFC_PHYS_s13_T2_ctrl,145,110,148.66666666666666,0.5004288554191589,-1.3641885205951727
UBFC_PHYS_s13_T2_ctrl,145,111,148.7,0.5170628428459167,-0.8677587968957409
UBFC_PHYS_s13_T2_ctrl,145,112,148.73333333333332,0.5345931053161621,-0.2777659085115251
UBFC_PHYS_s13_T2_ctrl,145,113,148.76666666666668,0.4797549843788147,0.3063831099894798
UBFC_PHYS_s13_T2_ctrl,145,114,148.8,0.32492831349372864,0.782334324213978
UBFC_PHYS_s13_T2_ctrl,145,115,148.83333333333334,0.15415634214878082,1.070943358144915
UBFC_PHYS_s13_T2_ctrl,145,116,148.86666666666667,0.04322458431124687,1.134491675227843
UBFC_PHYS_s13_T2_ctrl,145,117,148.9,-0.026145245879888535,0.9825942823659285
UBFC_PHYS_s13_T2_ctrl,145,118,148.93333333333334,-0.0973801389336586,0.6663283227777106
UBFC_PHYS_s13_T2_ctrl,145,119,148.96666666666667,-0.17694851756095886,0.26410991744891893
UBFC_PHYS_s13_T2_ctrl,145,120,149.0,-0.22495248913764954,-0.13618565515731929
UBFC_PHYS_s13_T2_ctrl,145,121,149.03333333333333,-0.07958295196294785,-0.45481071357579334
UBFC_PHYS_s13_T2_ctrl,145,122,149.06666666666666,0.35455185174942017,-0.6344146234697257
UBFC_PHYS_s13_T2_ctrl,145,123,149.1,0.7803037762641907,-0.649005714537291
UBFC_PHYS_s13_T2_ctrl,145,124,149.13333333333333,0.7687937617301941,-0.5064450630351626
UBFC_PHYS_s13_T2_ctrl,145,125,149.16666666666666,0.3159984052181244,-0.24397079498117435
UBFC_PHYS_s13_T2_ctrl,145,126,149.2,-0.240957111120224,0.08280847087453921
UBFC_PHYS_s13_T2_ctrl,145,127,149.23333333333332,-0.6087536215782166,0.4149652475241713
UBFC_PHYS_s13_T2_ctrl,145,128,149.26666666666668,-0.6182634830474854,0.7041903796195517
UBFC_PHYS_s13_T2_ctrl,145,129,149.3,-0.3455852270126343,0.9200451478193616
UBFC_PHYS_s13_T2_ctrl,145,130,149.33333333333334,-0.10944044589996338,1.0485577018254209
UBFC_PHYS_s13_T2_ctrl,145,131,149.36666666666667,-0.09722856432199478,1.0852097033553163
UBFC_PHYS_s13_T2_ctrl,145,132,149.4,-0.22420118749141693,1.0280088174021846
UBFC_PHYS_s13_T2_ctrl,145,133,149.43333333333334,-0.34917035698890686,0.8752827426290136
UBFC_PHYS_s13_T2_ctrl,145,134,149.46666666666667,-0.4157557785511017,0.6291381335100399
UBFC_PHYS_s13_T2_ctrl,145,135,149.5,-0.43946778774261475,0.30180491329119835
UBFC_PHYS_s13_T2_ctrl,145,136,149.53333333333333,-0.4834088087081909,-0.07943253367324431
UBFC_PHYS_s13_T2_ctrl,145,137,149.56666666666666,-0.6241288781166077,-0.47215390017892744
UBFC_PHYS_s13_T2_ctrl,145,138,149.6,-0.889238178730011,-0.8248003471620672
UBFC_PHYS_s13_T2_ctrl,145,139,149.63333333333333,-1.221750020980835,-1.0874513095728666
UBFC_PHYS_s13_T2_ctrl,145,140,149.66666666666666,-1.5215837955474854,-1.224045302125756
UBFC_PHYS_s13_T2_ctrl,145,141,149.7,-1.7045940160751343,-1.2217178752018314
UBFC_PHYS_s13_T2_ctrl,145,142,149.73333333333332,-1.759926438331604,-1.0934182298381925
UBFC_PHYS_s13_T2_ctrl,145,143,149.76666666666668,-1.7370349168777466,-0.8723348157687144
UBFC_PHYS_s13_T2_ctrl,145,144,149.8,-1.6547513008117676,-0.6003428636631849
UBFC_PHYS_s13_T2_ctrl,145,145,149.83333333333334,-1.4405226707458496,-0.3155170827744
UBFC_PHYS_s13_T2_ctrl,145,146,149.86666666666667,-1.1250205039978027,-0.0438279869267407
UBFC_PHYS_s13_T2_ctrl,145,147,149.9,-0.8558647036552429,0.2023568977127181
UBFC_PHYS_s13_T2_ctrl,145,148,149.93333333333334,-0.7146470546722412,0.41983563833534326
UBFC_PHYS_s13_T2_ctrl,145,149,149.96666666666667,-0.6151165962219238,0.6077117885197703
UBFC_PHYS_s13_T2_ctrl,145,150,150.0,-0.47391873598098755,0.7621650531746665
UBFC_PHYS_s13_T2_ctrl,145,151,150.03333333333333,-0.2602865397930145,0.8752800417500478
UBFC_PHYS_s13_T2_ctrl,145,152,150.06666666666666,0.019031478092074394,0.9376496689800026
UBFC_PHYS_s13_T2_ctrl,145,153,150.1,0.3640748858451843,0.9424795033943343
UBFC_PHYS_s13_T2_ctrl,145,154,150.13333333333333,0.7410154938697815,0.8887893594146264
UBFC_PHYS_s13_T2_ctrl,145,155,150.16666666666666,1.097578763961792,0.7824018454121806
UBFC_PHYS_s13_T2_ctrl,145,156,150.2,1.5211130380630493,0.6345361282315845
UBFC_PHYS_s13_T2_ctrl,145,157,150.23333333333332,1.7249256372451782,0.4586297686369649
UBFC_PHYS_s13_T2_ctrl,145,158,150.26666666666668,1.5651332139968872,0.26655550904934816
UBFC_PHYS_s13_T2_ctrl,145,159,150.3,1.2165803909301758,0.06557124114661947
UBFC_PHYS_s13_T2_ctrl,145,160,150.33333333333334,0.8255957961082458,-0.14291943110897457
UBFC_PHYS_s13_T2_ctrl,145,161,150.36666666666667,0.45122212171554565,-0.36217415554539323
UBFC_PHYS_s13_T2_ctrl,145,162,150.4,0.16985450685024261,-0.5963501787088991
UBFC_PHYS_s13_T2_ctrl,145,163,150.43333333333334,-0.013702698983252048,-0.8447684399786202
UBFC_PHYS_s13_T2_ctrl,145,164,150.46666666666667,-0.11387903988361359,-1.0958824965301643
UBFC_PHYS_s13_T2_ctrl,145,165,150.5,-0.16573835909366608,-1.3236208372058447
UBFC_PHYS_s13_T2_ctrl,145,166,150.53333333333333,-0.1500072330236435,-1.488915360713148
UBFC_PHYS_s13_T2_ctrl,145,167,150.56666666666666,-0.07383288443088531,-1.5479129351783958
UBFC_PHYS_s13_T2_ctrl,145,168,150.6,0.020010141655802727,-1.4655954871917058
UBFC_PHYS_s13_T2_ctrl,145,169,150.63333333333333,0.09495869278907776,-1.2302492680805186
UBFC_PHYS_s13_T2_ctrl,145,170,150.66666666666666,0.09973668307065964,-0.8621945471205927
UBFC_PHYS_s13_T2_ctrl,145,171,150.7,0.017953958362340927,-0.41150392209729925
UBFC_PHYS_s13_T2_ctrl,145,172,150.73333333333332,-0.1327141970396042,0.055553842181684944
UBFC_PHYS_s13_T2_ctrl,145,173,150.76666666666668,-0.3161923289299011,0.47582564821823675
UBFC_PHYS_s13_T2_ctrl,145,174,150.8,-0.48326054215431213,0.8059563569062871
UBFC_PHYS_s13_T2_ctrl,145,175,150.83333333333334,-0.5857236981391907,1.0297418697758747
UBFC_PHYS_s13_T2_ctrl,145,176,150.86666666666667,-0.6180723905563354,1.1546414297165681
UBFC_PHYS_s13_T2_ctrl,145,177,150.9,-0.600947380065918,1.2011735228785694
UBFC_PHYS_s13_T2_ctrl,145,178,150.93333333333334,-0.5577807426452637,1.191114959121523
UBFC_PHYS_s13_T2_ctrl,145,179,150.96666666666667,-0.49333715438842773,1.1394183193358502
UBFC_PHYS_s13_T2_ctrl,145,180,151.0,-0.4133206307888031,1.0521088689310387
UBFC_PHYS_s13_T2_ctrl,145,181,151.03333333333333,-0.3289347290992737,0.9296067745048086
UBFC_PHYS_s13_T2_ctrl,145,182,151.06666666666666,-0.25229576230049133,0.7729464160298006
UBFC_PHYS_s13_T2_ctrl,145,183,151.1,-0.1855093538761139,0.5896090170417723
UBFC_PHYS_s13_T2_ctrl,145,184,151.13333333333333,-0.12281882017850876,0.3960985335144712
UBFC_PHYS_s13_T2_ctrl,145,185,151.16666666666666,-0.05881022289395332,0.21578640804382473
UBFC_PHYS_s13_T2_ctrl,145,186,151.2,0.00508304126560688,0.07254148212506602
UBFC_PHYS_s13_T2_ctrl,145,187,151.23333333333332,0.06145673990249634,-0.01740914578555911
UBFC_PHYS_s13_T2_ctrl,145,188,151.26666666666668,0.10479476302862167,-0.05186480323371212
UBFC_PHYS_s13_T2_ctrl,145,189,151.3,0.13847795128822327,-0.044241677046406025
UBFC_PHYS_s13_T2_ctrl,145,190,151.33333333333334,0.17163719236850739,-0.019412250044659525
UBFC_PHYS_s13_T2_ctrl,145,191,151.36666666666667,0.20878030359745026,-0.005473116125192462
UBFC_PHYS_s13_T2_ctrl,145,192,151.4,0.24912631511688232,-0.024898351006830122
UBFC_PHYS_s13_T2_ctrl,145,193,151.43333333333334,0.2930607795715332,-0.08852986966275951
UBFC_PHYS_s13_T2_ctrl,145,194,151.46666666666667,0.33929523825645447,-0.19415671559435516
UBFC_PHYS_s13_T2_ctrl,145,195,151.5,0.371390163898468,-0.32933809418001925
UBFC_PHYS_s13_T2_ctrl,145,196,151.53333333333333,0.3652248978614807,-0.4768713757992081
UBFC_PHYS_s13_T2_ctrl,145,197,151.56666666666666,0.32847392559051514,-0.6209003813567837
UBFC_PHYS_s13_T2_ctrl,145,198,151.6,0.29781240224838257,-0.7516335878147314
UBFC_PHYS_s13_T2_ctrl,145,199,151.63333333333333,0.29434916377067566,-0.8669783619748995
UBFC_PHYS_s13_T2_ctrl,145,200,151.66666666666666,0.3057998716831207,-0.970281442083047
UBFC_PHYS_s13_T2_ctrl,145,201,151.7,0.33139342069625854,-1.0647859189912634
UBFC_PHYS_s13_T2_ctrl,145,202,151.73333333333332,0.40817078948020935,-1.146979862778528
UBFC_PHYS_s13_T2_ctrl,145,203,151.76666666666668,0.5601570010185242,-1.2019110886899058
UBFC_PHYS_s13_T2_ctrl,145,204,151.8,0.7527133226394653,-1.2031527085979221
UBFC_PHYS_s13_T2_ctrl,145,205,151.83333333333334,0.9472039341926575,-1.1185740370669555
UBFC_PHYS_s13_T2_ctrl,145,206,151.86666666666667,1.1588788032531738,-0.9209480210619618
UBFC_PHYS_s13_T2_ctrl,145,207,151.9,1.442226767539978,-0.60019828641209
UBFC_PHYS_s13_T2_ctrl,145,208,151.93333333333334,1.809818983078003,-0.17248992738545238
UBFC_PHYS_s13_T2_ctrl,145,209,151.96666666666667,2.1294796466827393,0.31844431675051843
UBFC_PHYS_s13_T2_ctrl,145,210,152.0,2.1667447090148926,0.809740917809314
UBFC_PHYS_s13_T2_ctrl,145,211,152.03333333333333,1.8726149797439575,1.235332897460489
UBFC_PHYS_s13_T2_ctrl,145,212,152.06666666666666,1.4909194707870483,1.5431856541844002
UBFC_PHYS_s13_T2_ctrl,145,213,152.1,1.2150382995605469,1.706770048227946
UBFC_PHYS_s13_T2_ctrl,145,214,152.13333333333333,1.0534828901290894,1.7268570807387882
UBFC_PHYS_s13_T2_ctrl,145,215,152.16666666666666,0.963762104511261,1.6245639484837922
UBFC_PHYS_s13_T2_ctrl,145,216,152.2,0.8983662724494934,1.4299802382177118
UBFC_PHYS_s13_T2_ctrl,145,217,152.23333333333332,0.8071527481079102,1.1715562742491756
UBFC_PHYS_s13_T2_ctrl,145,218,152.26666666666668,0.6960331797599792,0.8701717069053849
UBFC_PHYS_s13_T2_ctrl,145,219,152.3,0.6243402361869812,0.5393403583235378
UBFC_PHYS_s13_T2_ctrl,145,220,152.33333333333334,0.6051657199859619,0.1903705709610974
UBFC_PHYS_s13_T2_ctrl,145,221,152.36666666666667,0.5794732570648193,-0.16068231352060722
UBFC_PHYS_s13_T2_ctrl,145,222,152.4,0.532998263835907,-0.48820692666560694
UBFC_PHYS_s13_T2_ctrl,145,223,152.43333333333334,0.49840232729911804,-0.7575894549842461
UBFC_PHYS_s13_T2_ctrl,145,224,152.46666666666667,0.5243616104125977,-0.9322372595319549
UBFC_PHYS_s13_T2_ctrl,145,225,152.5,0.5392459034919739,-0.9852051244516453
UBFC_PHYS_s13_T2_ctrl,145,226,152.53333333333333,0.531947135925293,-0.9107816052243997
UBFC_PHYS_s13_T2_ctrl,145,227,152.56666666666666,0.525376558303833,-0.7303145605011909
UBFC_PHYS_s13_T2_ctrl,145,228,152.6,0.6030468940734863,-0.4882840660915579
UBFC_PHYS_s13_T2_ctrl,145,229,152.63333333333333,0.6701266169548035,-0.23907928592579505
UBFC_PHYS_s13_T2_ctrl,145,230,152.66666666666666,0.6770497560501099,-0.0301427986101972
UBFC_PHYS_s13_T2_ctrl,145,231,152.7,0.6194271445274353,0.11070077885144614
UBFC_PHYS_s13_T2_ctrl,145,232,152.73333333333332,0.5997846722602844,0.1788657047390426
UBFC_PHYS_s13_T2_ctrl,145,233,152.76666666666668,0.5670406222343445,0.18803156316972386
UBFC_PHYS_s13_T2_ctrl,145,234,152.8,0.45890647172927856,0.1606954017274931
UBFC_PHYS_s13_T2_ctrl,145,235,152.83333333333334,0.10423458367586136,0.11895466263201825
UBFC_PHYS_s13_T2_ctrl,145,236,152.86666666666667,-0.9297423362731934,0.07849384509066261
UBFC_PHYS_s13_T2_ctrl,145,237,152.9,-1.5162357091903687,0.04639711659298022
UBFC_PHYS_s13_T2_ctrl,145,238,152.93333333333334,-1.443758487701416,0.021906632407520835
UBFC_PHYS_s13_T2_ctrl,145,239,152.96666666666667,-1.0490635633468628,-0.0011396268198325338
UBFC_PHYS_s13_T2_ctrl,146,0,146.0,0.6943987607955933,0.1007358507735208
UBFC_PHYS_s13_T2_ctrl,146,1,146.03333333333333,0.6870472431182861,-0.20080485485348396
UBFC_PHYS_s13_T2_ctrl,146,2,146.06666666666666,0.7768965363502502,-0.46822665187444573
UBFC_PHYS_s13_T2_ctrl,146,3,146.1,0.9185425639152527,-0.6715981824226827
UBFC_PHYS_s13_T2_ctrl,146,4,146.13333333333333,0.9557911157608032,-0.7948899004007622
UBFC_PHYS_s13_T2_ctrl,146,5,146.16666666666666,0.8051493167877197,-0.8396145517678769
UBFC_PHYS_s13_T2_ctrl,146,6,146.2,0.5497838258743286,-0.8238725714560584
UBFC_PHYS_s13_T2_ctrl,146,7,146.23333333333332,0.2912352383136749,-0.7764892680895911
UBFC_PHYS_s13_T2_ctrl,146,8,146.26666666666668,0.06668616831302643,-0.7277829738762724
UBFC_PHYS_s13_T2_ctrl,146,9,146.3,-0.06993799656629562,-0.6999276665044585
UBFC_PHYS_s13_T2_ctrl,146,10,146.33333333333334,-0.09018020331859589,-0.7004468733555653
UBFC_PHYS_s13_T2_ctrl,146,11,146.36666666666667,-0.06517648696899414,-0.7214628292814589
UBFC_PHYS_s13_T2_ctrl,146,12,146.4,-0.07041250169277191,-0.7449015886042778
UBFC_PHYS_s13_T2_ctrl,146,13,146.43333333333334,-0.0982566550374031,-0.7511774406637497
UBFC_PHYS_s13_T2_ctrl,146,14,146.46666666666667,-0.10908127576112747,-0.7274480103958982
UBFC_PHYS_s13_T2_ctrl,146,15,146.5,-0.08457842469215393,-0.6719484658848492
UBFC_PHYS_s13_T2_ctrl,146,16,146.53333333333333,-0.01883656717836857,-0.592853434696689
UBFC_PHYS_s13_T2_ctrl,146,17,146.56666666666666,0.08494138717651367,-0.5025733538766645
UBFC_PHYS_s13_T2_ctrl,146,18,146.6,0.2102268934249878,-0.4102749499555571
UBFC_PHYS_s13_T2_ctrl,146,19,146.63333333333333,0.3261013925075531,-0.3161193619990309
UBFC_PHYS_s13_T2_ctrl,146,20,146.66666666666666,0.4001240134239197,-0.21007637974027835
UBFC_PHYS_s13_T2_ctrl,146,21,146.7,0.4263041019439697,-0.07633790488932693
UBFC_PHYS_s13_T2_ctrl,146,22,146.73333333333332,0.44100382924079895,0.0981514570396225
UBFC_PHYS_s13_T2_ctrl,146,23,146.76666666666668,0.46109774708747864,0.3147586206016433
UBFC_PHYS_s13_T2_ctrl,146,24,146.8,0.4115351438522339,0.5583634737580585
UBFC_PHYS_s13_T2_ctrl,146,25,146.83333333333334,0.23338860273361206,0.7997344402552518
UBFC_PHYS_s13_T2_ctrl,146,26,146.86666666666667,0.007040369790047407,1.004547182289748
UBFC_PHYS_s13_T2_ctrl,146,27,146.9,-0.15487419068813324,1.1450123353590642
UBFC_PHYS_s13_T2_ctrl,146,28,146.93333333333334,-0.2670811712741852,1.208848789537978
UBFC_PHYS_s13_T2_ctrl,146,29,146.96666666666667,-0.3969568610191345,1.2018500722846035
UBFC_PHYS_s13_T2_ctrl,146,30,147.0,-0.5169206857681274,1.1435057277116014
UBFC_PHYS_s13_T2_ctrl,146,31,147.03333333333333,-0.549345076084137,1.0582447226521032
UBFC_PHYS_s13_T2_ctrl,146,32,147.06666666666666,-0.5006194710731506,0.9663312216895288
UBFC_PHYS_s13_T2_ctrl,146,33,147.1,-0.42445170879364014,0.8779270783687027
UBFC_PHYS_s13_T2_ctrl,146,34,147.13333333333333,-0.3497470021247864,0.7919682548438033
UBFC_PHYS_s13_T2_ctrl,146,35,147.16666666666666,-0.29108646512031555,0.6993595785506805
UBFC_PHYS_s13_T2_ctrl,146,36,147.2,-0.26426711678504944,0.5885342813530404
UBFC_PHYS_s13_T2_ctrl,146,37,147.23333333333332,-0.2595418393611908,0.4510326960966157
UBFC_PHYS_s13_T2_ctrl,146,38,147.26666666666668,-0.24215984344482422,0.28528071006175315
UBFC_PHYS_s13_T2_ctrl,146,39,147.3,-0.19126270711421967,0.09772920338340481
UBFC_PHYS_s13_T2_ctrl,146,40,147.33333333333334,-0.12161608785390854,-0.09855709932974173
UBFC_PHYS_s13_T2_ctrl,146,41,147.36666666666667,-0.061571571975946426,-0.2872110283392142
UBFC_PHYS_s13_T2_ctrl,146,42,147.4,-0.02041165716946125,-0.45292943688011683
UBFC_PHYS_s13_T2_ctrl,146,43,147.43333333333334,0.014727991074323654,-0.5859259642136877
UBFC_PHYS_s13_T2_ctrl,146,44,147.46666666666667,0.048094842582941055,-0.6852808152866195
UBFC_PHYS_s13_T2_ctrl,146,45,147.5,0.06582942605018616,-0.7599861446394307
UBFC_PHYS_s13_T2_ctrl,146,46,147.53333333333333,0.06310102343559265,-0.8269982004631831
UBFC_PHYS_s13_T2_ctrl,146,47,147.56666666666666,0.05427327752113342,-0.906476187505134
UBFC_PHYS_s13_T2_ctrl,146,48,147.6,0.045376330614089966,-1.0152291252188754
UBFC_PHYS_s13_T2_ctrl,146,49,147.63333333333333,0.030343782156705856,-1.1599508606487359
UBFC_PHYS_s13_T2_ctrl,146,50,147.66666666666666,-0.0006011200021021068,-1.3320069991959167
UBFC_PHYS_s13_T2_ctrl,146,51,147.7,-0.06580585986375809,-1.5053975297522202
UBFC_PHYS_s13_T2_ctrl,146,52,147.73333333333332,-0.17055588960647583,-1.6391317064855813
UBFC_PHYS_s13_T2_ctrl,146,53,147.76666666666668,-0.27232709527015686,-1.6846279460726477
UBFC_PHYS_s13_T2_ctrl,146,54,147.8,-0.31694692373275757,-1.5976929753296276
UBFC_PHYS_s13_T2_ctrl,146,55,147.83333333333334,-0.30713391304016113,-1.3527315608642263
UBFC_PHYS_s13_T2_ctrl,146,56,147.86666666666667,-0.28231802582740784,-0.954478907070205
UBFC_PHYS_s13_T2_ctrl,146,57,147.9,-0.2703862190246582,-0.44158713344090006
UBFC_PHYS_s13_T2_ctrl,146,58,147.93333333333334,-0.2718394100666046,0.12142335031514764
UBFC_PHYS_s13_T2_ctrl,146,59,147.96666666666667,-0.2610180675983429,0.6620770800074735
UBFC_PHYS_s13_T2_ctrl,146,60,148.0,-0.21556127071380615,1.120142997573513
UBFC_PHYS_s13_T2_ctrl,146,61,148.03333333333333,-0.171587273478508,1.4608832004881762
UBFC_PHYS_s13_T2_ctrl,146,62,148.06666666666666,-0.20215323567390442,1.676781075966086
UBFC_PHYS_s13_T2_ctrl,146,63,148.1,-0.3066660165786743,1.7800119074634184
UBFC_PHYS_s13_T2_ctrl,146,64,148.13333333333333,-0.3930520713329315,1.7915679252143553
UBFC_PHYS_s13_T2_ctrl,146,65,148.16666666666666,-0.3867616057395935,1.732404240792062
UBFC_PHYS_s13_T2_ctrl,146,66,148.2,-0.30369046330451965,1.6191001308405446
UBFC_PHYS_s13_T2_ctrl,146,67,148.23333333333332,-0.204186350107193,1.4635492286892895
UBFC_PHYS_s13_T2_ctrl,146,68,148.26666666666668,-0.12363272905349731,1.2746309574039643
UBFC_PHYS_s13_T2_ctrl,146,69,148.3,-0.0581742562353611,1.0598644510952977
UBFC_PHYS_s13_T2_ctrl,146,70,148.33333333333334,0.002430432476103306,0.8260251612002408
UBFC_PHYS_s13_T2_ctrl,146,71,148.36666666666667,0.05098140612244606,0.5788178150885946
UBFC_PHYS_s13_T2_ctrl,146,72,148.4,0.07754373550415039,0.32237750976273993
UBFC_PHYS_s13_T2_ctrl,146,73,148.43333333333334,0.09435567259788513,0.05947264635738609
UBFC_PHYS_s13_T2_ctrl,146,74,148.46666666666667,0.13272787630558014,-0.20706748207082237
UBFC_PHYS_s13_T2_ctrl,146,75,148.5,0.2105531096458435,-0.4718361145000577
UBFC_PHYS_s13_T2_ctrl,146,76,148.53333333333333,0.3122386336326599,-0.7241241157341273
UBFC_PHYS_s13_T2_ctrl,146,77,148.56666666666666,0.4046976864337921,-0.9463548494497442
UBFC_PHYS_s13_T2_ctrl,146,78,148.6,0.46748706698417664,-1.115001247195214
UBFC_PHYS_s13_T2_ctrl,146,79,148.63333333333333,0.4943954050540924,-1.2047075688747357
UBFC_PHYS_s13_T2_ctrl,146,80,148.66666666666666,0.5004288554191589,-1.1952849739023186
UBFC_PHYS_s13_T2_ctrl,146,81,148.7,0.5170628428459167,-1.079831218886597
UBFC_PHYS_s13_T2_ctrl,146,82,148.73333333333332,0.5345931053161621,-0.8709076435967911
UBFC_PHYS_s13_T2_ctrl,146,83,148.76666666666668,0.4797549843788147,-0.601562932722205
UBFC_PHYS_s13_T2_ctrl,146,84,148.8,0.32492831349372864,-0.3196510175421691
UBFC_PHYS_s13_T2_ctrl,146,85,148.83333333333334,0.15415634214878082,-0.07658511425490855
UBFC_PHYS_s13_T2_ctrl,146,86,148.86666666666667,0.04322458431124687,0.08597521551885463
UBFC_PHYS_s13_T2_ctrl,146,87,148.9,-0.026145245879888535,0.14698800029397824
UBFC_PHYS_s13_T2_ctrl,146,88,148.93333333333334,-0.0973801389336586,0.11066217887990364
UBFC_PHYS_s13_T2_ctrl,146,89,148.96666666666667,-0.17694851756095886,0.0033589494530269735
UBFC_PHYS_s13_T2_ctrl,146,90,149.0,-0.22495248913764954,-0.13578417634628348
UBFC_PHYS_s13_T2_ctrl,146,91,149.03333333333333,-0.07958295196294785,-0.26681699071398557
UBFC_PHYS_s13_T2_ctrl,146,92,149.06666666666666,0.35455185174942017,-0.3593524977743626
UBFC_PHYS_s13_T2_ctrl,146,93,149.1,0.7803037762641907,-0.3983213204891369
UBFC_PHYS_s13_T2_ctrl,146,94,149.13333333333333,0.7687937617301941,-0.3840505073445551
UBFC_PHYS_s13_T2_ctrl,146,95,149.16666666666666,0.3159984052181244,-0.3276217256221856
UBFC_PHYS_s13_T2_ctrl,146,96,149.2,-0.240957111120224,-0.24389838695459143
UBFC_PHYS_s13_T2_ctrl,146,97,149.23333333333332,-0.6087536215782166,-0.1451784970407328
UBFC_PHYS_s13_T2_ctrl,146,98,149.26666666666668,-0.6182634830474854,-0.038011728837377405
UBFC_PHYS_s13_T2_ctrl,146,99,149.3,-0.3455852270126343,0.07575727275108127
UBFC_PHYS_s13_T2_ctrl,146,100,149.33333333333334,-0.10944044589996338,0.1948093612755151
UBFC_PHYS_s13_T2_ctrl,146,101,149.36666666666667,-0.09722856432199478,0.3138250049413133
UBFC_PHYS_s13_T2_ctrl,146,102,149.4,-0.22420118749141693,0.421589097040002
UBFC_PHYS_s13_T2_ctrl,146,103,149.43333333333334,-0.34917035698890686,0.5032121326439004
UBFC_PHYS_s13_T2_ctrl,146,104,149.46666666666667,-0.4157557785511017,0.5455550435151141
UBFC_PHYS_s13_T2_ctrl,146,105,149.5,-0.43946778774261475,0.5430805249368267
UBFC_PHYS_s13_T2_ctrl,146,106,149.53333333333333,-0.4834088087081909,0.5011348597222912
UBFC_PHYS_s13_T2_ctrl,146,107,149.56666666666666,-0.6241288781166077,0.4349899545524499
UBFC_PHYS_s13_T2_ctrl,146,108,149.6,-0.889238178730011,0.364968019470748
UBFC_PHYS_s13_T2_ctrl,146,109,149.63333333333333,-1.221750020980835,0.30965202178121654
UBFC_PHYS_s13_T2_ctrl,146,110,149.66666666666666,-1.5215837955474854,0.27987401024972575
UBFC_PHYS_s13_T2_ctrl,146,111,149.7,-1.7045940160751343,0.2757662749988061
UBFC_PHYS_s13_T2_ctrl,146,112,149.73333333333332,-1.759926438331604,0.28793732238103853
UBFC_PHYS_s13_T2_ctrl,146,113,149.76666666666668,-1.7370349168777466,0.3021919743641969
UBFC_PHYS_s13_T2_ctrl,146,114,149.8,-1.6547513008117676,0.30572062506553443
UBFC_PHYS_s13_T2_ctrl,146,115,149.83333333333334,-1.4405226707458496,0.29209006525248743
UBFC_PHYS_s13_T2_ctrl,146,116,149.86666666666667,-1.1250205039978027,0.2630495193554996
UBFC_PHYS_s13_T2_ctrl,146,117,149.9,-0.8558647036552429,0.22664483212162503
UBFC_PHYS_s13_T2_ctrl,146,118,149.93333333333334,-0.7146470546722412,0.19263110961220012
UBFC_PHYS_s13_T2_ctrl,146,119,149.96666666666667,-0.6151165962219238,0.1672186812383302
UBFC_PHYS_s13_T2_ctrl,146,120,150.0,-0.47391873598098755,0.14950289582331522
UBFC_PHYS_s13_T2_ctrl,146,121,150.03333333333333,-0.2602865397930145,0.13126722977434765
UBFC_PHYS_s13_T2_ctrl,146,122,150.06666666666666,0.019031478092074394,0.10032302694407016
UBFC_PHYS_s13_T2_ctrl,146,123,150.1,0.3640748858451843,0.04588095379475579
UBFC_PHYS_s13_T2_ctrl,146,124,150.13333333333333,0.7410154938697815,-0.036512151232026384
UBFC_PHYS_s13_T2_ctrl,146,125,150.16666666666666,1.097578763961792,-0.14275410741292852
UBFC_PHYS_s13_T2_ctrl,146,126,150.2,1.5211130380630493,-0.26173486620537134
UBFC_PHYS_s13_T2_ctrl,146,127,150.23333333333332,1.7249256372451782,-0.38000820027416343
UBFC_PHYS_s13_T2_ctrl,146,128,150.26666666666668,1.5651332139968872,-0.4875621323727573
UBFC_PHYS_s13_T2_ctrl,146,129,150.3,1.2165803909301758,-0.5821586774950351
UBFC_PHYS_s13_T2_ctrl,146,130,150.33333333333334,0.8255957961082458,-0.6702493077982236
UBFC_PHYS_s13_T2_ctrl,146,131,150.36666666666667,0.45122212171554565,-0.763700977916844
UBFC_PHYS_s13_T2_ctrl,146,132,150.4,0.16985450685024261,-0.8730103174739302
UBFC_PHYS_s13_T2_ctrl,146,133,150.43333333333334,-0.013702698983252048,-0.999097306537009
UBFC_PHYS_s13_T2_ctrl,146,134,150.46666666666667,-0.11387903988361359,-1.126893869157518
UBFC_PHYS_s13_T2_ctrl,146,135,150.5,-0.16573835909366608,-1.22426352087257
UBFC_PHYS_s13_T2_ctrl,146,136,150.53333333333333,-0.1500072330236435,-1.2486960660285633
UBFC_PHYS_s13_T2_ctrl,146,137,150.56666666666666,-0.07383288443088531,-1.1613175764733614
UBFC_PHYS_s13_T2_ctrl,146,138,150.6,0.020010141655802727,-0.9436761484610914
UBFC_PHYS_s13_T2_ctrl,146,139,150.63333333333333,0.09495869278907776,-0.6096506527120839
UBFC_PHYS_s13_T2_ctrl,146,140,150.66666666666666,0.09973668307065964,-0.20519801864379617
UBFC_PHYS_s13_T2_ctrl,146,141,150.7,0.017953958362340927,0.20606138448226236
UBFC_PHYS_s13_T2_ctrl,146,142,150.73333333333332,-0.1327141970396042,0.5651364136322314
UBFC_PHYS_s13_T2_ctrl,146,143,150.76666666666668,-0.3161923289299011,0.836565203227711
UBFC_PHYS_s13_T2_ctrl,146,144,150.8,-0.48326054215431213,1.0153806864511319
UBFC_PHYS_s13_T2_ctrl,146,145,150.83333333333334,-0.5857236981391907,1.1209468726531886
UBFC_PHYS_s13_T2_ctrl,146,146,150.86666666666667,-0.6180723905563354,1.1826787712537337
UBFC_PHYS_s13_T2_ctrl,146,147,150.9,-0.600947380065918,1.2250560170299674
UBFC_PHYS_s13_T2_ctrl,146,148,150.93333333333334,-0.5577807426452637,1.2580384636207547
UBFC_PHYS_s13_T2_ctrl,146,149,150.96666666666667,-0.49333715438842773,1.2755202922472135
UBFC_PHYS_s13_T2_ctrl,146,150,151.0,-0.4133206307888031,1.2607978781879714
UBFC_PHYS_s13_T2_ctrl,146,151,151.03333333333333,-0.3289347290992737,1.195654789427622
UBFC_PHYS_s13_T2_ctrl,146,152,151.06666666666666,-0.25229576230049133,1.0691545786696677
UBFC_PHYS_s13_T2_ctrl,146,153,151.1,-0.1855093538761139,0.8831761887298172
UBFC_PHYS_s13_T2_ctrl,146,154,151.13333333333333,-0.12281882017850876,0.6533088149832046
UBFC_PHYS_s13_T2_ctrl,146,155,151.16666666666666,-0.05881022289395332,0.4053149899652268
UBFC_PHYS_s13_T2_ctrl,146,156,151.2,0.00508304126560688,0.16859670022163392
UBFC_PHYS_s13_T2_ctrl,146,157,151.23333333333332,0.06145673990249634,-0.031244674175972938
UBFC_PHYS_s13_T2_ctrl,146,158,151.26666666666668,0.10479476302862167,-0.1786154471625225
UBFC_PHYS_s13_T2_ctrl,146,159,151.3,0.13847795128822327,-0.2712224992451085
UBFC_PHYS_s13_T2_ctrl,146,160,151.33333333333334,0.17163719236850739,-0.31959763628566923
UBFC_PHYS_s13_T2_ctrl,146,161,151.36666666666667,0.20878030359745026,-0.34308101595852725
UBFC_PHYS_s13_T2_ctrl,146,162,151.4,0.24912631511688232,-0.36360678199744845
UBFC_PHYS_s13_T2_ctrl,146,163,151.43333333333334,0.2930607795715332,-0.39935054130384257
UBFC_PHYS_s13_T2_ctrl,146,164,151.46666666666667,0.33929523825645447,-0.46025916231525354
UBFC_PHYS_s13_T2_ctrl,146,165,151.5,0.371390163898468,-0.5467031213401816
UBFC_PHYS_s13_T2_ctrl,146,166,151.53333333333333,0.3652248978614807,-0.6512932847965535
UBFC_PHYS_s13_T2_ctrl,146,167,151.56666666666666,0.32847392559051514,-0.7627794408586581
UBFC_PHYS_s13_T2_ctrl,146,168,151.6,0.29781240224838257,-0.8703140056007144
UBFC_PHYS_s13_T2_ctrl,146,169,151.63333333333333,0.29434916377067566,-0.9663522756527302
UBFC_PHYS_s13_T2_ctrl,146,170,151.66666666666666,0.3057998716831207,-1.0470204272631038
UBFC_PHYS_s13_T2_ctrl,146,171,151.7,0.33139342069625854,-1.1098118091234948
UBFC_PHYS_s13_T2_ctrl,146,172,151.73333333333332,0.40817078948020935,-1.1497285631301781
UBFC_PHYS_s13_T2_ctrl,146,173,151.76666666666668,0.5601570010185242,-1.1560194354444921
UBFC_PHYS_s13_T2_ctrl,146,174,151.8,0.7527133226394653,-1.1119084950527438
UBFC_PHYS_s13_T2_ctrl,146,175,151.83333333333334,0.9472039341926575,-0.9986585606021326
UBFC_PHYS_s13_T2_ctrl,146,176,151.86666666666667,1.1588788032531738,-0.8030988656692316
UBFC_PHYS_s13_T2_ctrl,146,177,151.9,1.442226767539978,-0.5255168009763388
UBFC_PHYS_s13_T2_ctrl,146,178,151.93333333333334,1.809818983078003,-0.18394731216038665
UBFC_PHYS_s13_T2_ctrl,146,179,151.96666666666667,2.1294796466827393,0.18791072255185337
UBFC_PHYS_s13_T2_ctrl,146,180,152.0,2.1667447090148926,0.5490252596371311
UBFC_PHYS_s13_T2_ctrl,146,181,152.03333333333333,1.8726149797439575,0.8623554230162321
UBFC_PHYS_s13_T2_ctrl,146,182,152.06666666666666,1.4909194707870483,1.1042709309637548
UBFC_PHYS_s13_T2_ctrl,146,183,152.1,1.2150382995605469,1.2679933505261598
UBFC_PHYS_s13_T2_ctrl,146,184,152.13333333333333,1.0534828901290894,1.3599960615559563
UBFC_PHYS_s13_T2_ctrl,146,185,152.16666666666666,0.963762104511261,1.391788085137963
UBFC_PHYS_s13_T2_ctrl,146,186,152.2,0.8983662724494934,1.3715555699455888
UBFC_PHYS_s13_T2_ctrl,146,187,152.23333333333332,0.8071527481079102,1.299882778562454
UBFC_PHYS_s13_T2_ctrl,146,188,152.26666666666668,0.6960331797599792,1.171507974160557
UBFC_PHYS_s13_T2_ctrl,146,189,152.3,0.6243402361869812,0.9819615767478204
UBFC_PHYS_s13_T2_ctrl,146,190,152.33333333333334,0.6051657199859619,0.7354800591335147
UBFC_PHYS_s13_T2_ctrl,146,191,152.36666666666667,0.5794732570648193,0.44996857034206106
UBFC_PHYS_s13_T2_ctrl,146,192,152.4,0.532998263835907,0.15626212499983813
UBFC_PHYS_s13_T2_ctrl,146,193,152.43333333333334,0.49840232729911804,-0.10846115947039454
UBFC_PHYS_s13_T2_ctrl,146,194,152.46666666666667,0.5243616104125977,-0.3108600661137745
UBFC_PHYS_s13_T2_ctrl,146,195,152.5,0.5392459034919739,-0.4315003368941168
UBFC_PHYS_s13_T2_ctrl,146,196,152.53333333333333,0.531947135925293,-0.47092699438519314
UBFC_PHYS_s13_T2_ctrl,146,197,152.56666666666666,0.525376558303833,-0.44906531842132485
UBFC_PHYS_s13_T2_ctrl,146,198,152.6,0.6030468940734863,-0.39769186416903946
UBFC_PHYS_s13_T2_ctrl,146,199,152.63333333333333,0.6701266169548035,-0.3486587297426777
UBFC_PHYS_s13_T2_ctrl,146,200,152.66666666666666,0.6770497560501099,-0.32278749273826646
UBFC_PHYS_s13_T2_ctrl,146,201,152.7,0.6194271445274353,-0.32423401302645616
UBFC_PHYS_s13_T2_ctrl,146,202,152.73333333333332,0.5997846722602844,-0.3422429486666627
UBFC_PHYS_s13_T2_ctrl,146,203,152.76666666666668,0.5670406222343445,-0.3586075489674672
UBFC_PHYS_s13_T2_ctrl,146,204,152.8,0.45890647172927856,-0.3571415999809749
UBFC_PHYS_s13_T2_ctrl,146,205,152.83333333333334,0.10423458367586136,-0.33138664559525616
UBFC_PHYS_s13_T2_ctrl,146,206,152.86666666666667,-0.9297423362731934,-0.28786518708144765
UBFC_PHYS_s13_T2_ctrl,146,207,152.9,-1.5162357091903687,-0.24387224163381355
UBFC_PHYS_s13_T2_ctrl,146,208,152.93333333333334,-1.443758487701416,-0.22063547385901164
UBFC_PHYS_s13_T2_ctrl,146,209,152.96666666666667,-1.0490635633468628,-0.23418434390588777
UBFC_PHYS_s13_T2_ctrl,146,210,153.0,-0.4571628272533417,-0.2871029241609196
UBFC_PHYS_s13_T2_ctrl,146,211,153.03333333333333,-0.02531486377120018,-0.3644333355260928
UBFC_PHYS_s13_T2_ctrl,146,212,153.06666666666666,-0.25118201971054077,-0.4361933956427856
UBFC_PHYS_s13_T2_ctrl,146,213,153.1,-0.9107094407081604,-0.46679934679275137
UBFC_PHYS_s13_T2_ctrl,146,214,153.13333333333333,-1.5622889995574951,-0.42842775705685326
UBFC_PHYS_s13_T2_ctrl,146,215,153.16666666666666,-2.023289203643799,-0.3128830308799015
UBFC_PHYS_s13_T2_ctrl,146,216,153.2,-2.3385608196258545,-0.1366386686727467
UBFC_PHYS_s13_T2_ctrl,146,217,153.23333333333332,-2.3611295223236084,0.06364879109278786
UBFC_PHYS_s13_T2_ctrl,146,218,153.26666666666668,-2.11383056640625,0.24393810894479323
UBFC_PHYS_s13_T2_ctrl,146,219,153.3,-1.7725073099136353,0.3689756204783275
UBFC_PHYS_s13_T2_ctrl,146,220,153.33333333333334,-1.410454273223877,0.42493044392785767
UBFC_PHYS_s13_T2_ctrl,146,221,153.36666666666667,-0.9552534818649292,0.42277416383419686
UBFC_PHYS_s13_T2_ctrl,146,222,153.4,-0.45239800214767456,0.391004533224212
UBFC_PHYS_s13_T2_ctrl,146,223,153.43333333333334,-0.03125275298953056,0.3613627719101436
UBFC_PHYS_s13_T2_ctrl,146,224,153.46666666666667,0.23409047722816467,0.35418888623104505
UBFC_PHYS_s13_T2_ctrl,146,225,153.5,0.32487890124320984,0.3699043752255745
UBFC_PHYS_s13_T2_ctrl,146,226,153.53333333333333,0.2833729684352875,0.39017949214270364
UBFC_PHYS_s13_T2_ctrl,146,227,153.56666666666666,0.2340937703847885,0.3878260183892592
UBFC_PHYS_s13_T2_ctrl,146,228,153.6,0.2872546911239624,0.3402878875843709
UBFC_PHYS_s13_T2_ctrl,146,229,153.63333333333333,0.4186362326145172,0.24015794671176646
UBFC_PHYS_s13_T2_ctrl,146,230,153.66666666666666,0.53560471534729,0.09838979640466866
UBFC_PHYS_s13_T2_ctrl,146,231,153.7,0.5938435196876526,-0.060073391782830554
UBFC_PHYS_s13_T2_ctrl,146,232,153.73333333333332,0.6141944527626038,-0.20532642863857675
UBFC_PHYS_s13_T2_ctrl,146,233,153.76666666666668,0.6273882985115051,-0.3120965644553067
UBFC_PHYS_s13_T2_ctrl,146,234,153.8,0.6279484629631042,-0.3665066109607276
UBFC_PHYS_s13_T2_ctrl,146,235,153.83333333333334,0.6037652492523193,-0.3681781216793098
UBFC_PHYS_s13_T2_ctrl,146,236,153.86666666666667,0.553602933883667,-0.32745574689782486
UBFC_PHYS_s13_T2_ctrl,146,237,153.9,0.5013152360916138,-0.2592278993943166
UBFC_PHYS_s13_T2_ctrl,146,238,153.93333333333334,0.46139761805534363,-0.17644614387400226
UBFC_PHYS_s13_T2_ctrl,146,239,153.96666666666667,0.4403744637966156,-0.08667534786639546
UBFC_PHYS_s13_T2_ctrl,147,0,147.0,-0.5169206857681274,0.17031474675998654
UBFC_PHYS_s13_T2_ctrl,147,1,147.03333333333333,-0.549345076084137,-0.0878755525927851
UBFC_PHYS_s13_T2_ctrl,147,2,147.06666666666666,-0.5006194710731506,-0.3227987926279013
UBFC_PHYS_s13_T2_ctrl,147,3,147.1,-0.42445170879364014,-0.510350019737406
UBFC_PHYS_s13_T2_ctrl,147,4,147.13333333333333,-0.3497470021247864,-0.6296225687347254
UBFC_PHYS_s13_T2_ctrl,147,5,147.16666666666666,-0.29108646512031555,-0.6669786645267682
UBFC_PHYS_s13_T2_ctrl,147,6,147.2,-0.26426711678504944,-0.6199697322264566
UBFC_PHYS_s13_T2_ctrl,147,7,147.23333333333332,-0.2595418393611908,-0.4991720160213653
UBFC_PHYS_s13_T2_ctrl,147,8,147.26666666666668,-0.24215984344482422,-0.3266665299727606
UBFC_PHYS_s13_T2_ctrl,147,9,147.3,-0.19126270711421967,-0.1311932539317342
UBFC_PHYS_s13_T2_ctrl,147,10,147.33333333333334,-0.12161608785390854,0.05837857538360942
UBFC_PHYS_s13_T2_ctrl,147,11,147.36666666666667,-0.061571571975946426,0.21871387387231148
UBFC_PHYS_s13_T2_ctrl,147,12,147.4,-0.02041165716946125,0.33478357145953963
UBFC_PHYS_s13_T2_ctrl,147,13,147.43333333333334,0.014727991074323654,0.39921982328231304
UBFC_PHYS_s13_T2_ctrl,147,14,147.46666666666667,0.048094842582941055,0.409230834974719
UBFC_PHYS_s13_T2_ctrl,147,15,147.5,0.06582942605018616,0.362899243093859
UBFC_PHYS_s13_T2_ctrl,147,16,147.53333333333333,0.06310102343559265,0.25671079337093783
UBFC_PHYS_s13_T2_ctrl,147,17,147.56666666666666,0.05427327752113342,0.085650087853972
UBFC_PHYS_s13_T2_ctrl,147,18,147.6,0.045376330614089966,-0.15354700484412426
UBFC_PHYS_s13_T2_ctrl,147,19,147.63333333333333,0.030343782156705856,-0.45647861192873074
UBFC_PHYS_s13_T2_ctrl,147,20,147.66666666666666,-0.0006011200021021068,-0.8043971426138563
UBFC_PHYS_s13_T2_ctrl,147,21,147.7,-0.06580585986375809,-1.159762239093821
UBFC_PHYS_s13_T2_ctrl,147,22,147.73333333333332,-0.17055588960647583,-1.4670901280662794
UBFC_PHYS_s13_T2_ctrl,147,23,147.76666666666668,-0.27232709527015686,-1.6609469149970169
UBFC_PHYS_s13_T2_ctrl,147,24,147.8,-0.31694692373275757,-1.680629547259979
UBFC_PHYS_s13_T2_ctrl,147,25,147.83333333333334,-0.30713391304016113,-1.4881940625355206
UBFC_PHYS_s13_T2_ctrl,147,26,147.86666666666667,-0.28231802582740784,-1.0839427509465838
UBFC_PHYS_s13_T2_ctrl,147,27,147.9,-0.2703862190246582,-0.5125302745306239
UBFC_PHYS_s13_T2_ctrl,147,28,147.93333333333334,-0.2718394100666046,0.14516415388141563
UBFC_PHYS_s13_T2_ctrl,147,29,147.96666666666667,-0.2610180675983429,0.7934009717275262
UBFC_PHYS_s13_T2_ctrl,147,30,148.0,-0.21556127071380615,1.3475208895110693
UBFC_PHYS_s13_T2_ctrl,147,31,148.03333333333333,-0.171587273478508,1.7527561773915252
UBFC_PHYS_s13_T2_ctrl,147,32,148.06666666666666,-0.20215323567390442,1.9894590997169768
UBFC_PHYS_s13_T2_ctrl,147,33,148.1,-0.3066660165786743,2.066592710001165
UBFC_PHYS_s13_T2_ctrl,147,34,148.13333333333333,-0.3930520713329315,2.009741310896496
UBFC_PHYS_s13_T2_ctrl,147,35,148.16666666666666,-0.3867616057395935,1.849604978898652
UBFC_PHYS_s13_T2_ctrl,147,36,148.2,-0.30369046330451965,1.614463629720372
UBFC_PHYS_s13_T2_ctrl,147,37,148.23333333333332,-0.204186350107193,1.327253079256245
UBFC_PHYS_s13_T2_ctrl,147,38,148.26666666666668,-0.12363272905349731,1.0057806434516154
UBFC_PHYS_s13_T2_ctrl,147,39,148.3,-0.0581742562353611,0.6639927744412506
UBFC_PHYS_s13_T2_ctrl,147,40,148.33333333333334,0.002430432476103306,0.313010179449011
UBFC_PHYS_s13_T2_ctrl,147,41,148.36666666666667,0.05098140612244606,-0.03830868608600283
UBFC_PHYS_s13_T2_ctrl,147,42,148.4,0.07754373550415039,-0.3831404662556256
UBFC_PHYS_s13_T2_ctrl,147,43,148.43333333333334,0.09435567259788513,-0.7164323102824057
UBFC_PHYS_s13_T2_ctrl,147,44,148.46666666666667,0.13272787630558014,-1.033633710280689
UBFC_PHYS_s13_T2_ctrl,147,45,148.5,0.2105531096458435,-1.3275239477337435
UBFC_PHYS_s13_T2_ctrl,147,46,148.53333333333333,0.3122386336326599,-1.5837339986357013
UBFC_PHYS_s13_T2_ctrl,147,47,148.56666666666666,0.4046976864337921,-1.777355085185843
UBFC_PHYS_s13_T2_ctrl,147,48,148.6,0.46748706698417664,-1.8735435361938952
UBFC_PHYS_s13_T2_ctrl,147,49,148.63333333333333,0.4943954050540924,-1.8339639114443818
UBFC_PHYS_s13_T2_ctrl,147,50,148.66666666666666,0.5004288554191589,-1.6287383060333231
UBFC_PHYS_s13_T2_ctrl,147,51,148.7,0.5170628428459167,-1.2508422174714768
UBFC_PHYS_s13_T2_ctrl,147,52,148.73333333333332,0.5345931053161621,-0.7275329606697223
UBFC_PHYS_s13_T2_ctrl,147,53,148.76666666666668,0.4797549843788147,-0.12287082731407886
UBFC_PHYS_s13_T2_ctrl,147,54,148.8,0.32492831349372864,0.4722422491315808
UBFC_PHYS_s13_T2_ctrl,147,55,148.83333333333334,0.15415634214878082,0.9610874867435253
UBFC_PHYS_s13_T2_ctrl,147,56,148.86666666666667,0.04322458431124687,1.2662294980747608
UBFC_PHYS_s13_T2_ctrl,147,57,148.9,-0.026145245879888535,1.3492164226917112
UBFC_PHYS_s13_T2_ctrl,147,58,148.93333333333334,-0.0973801389336586,1.2180544046540394
UBFC_PHYS_s13_T2_ctrl,147,59,148.96666666666667,-0.17694851756095886,0.9211687552387724
UBFC_PHYS_s13_T2_ctrl,147,60,149.0,-0.22495248913764954,0.5314219094050107
UBFC_PHYS_s13_T2_ctrl,147,61,149.03333333333333,-0.07958295196294785,0.12640423963508807
UBFC_PHYS_s13_T2_ctrl,147,62,149.06666666666666,0.35455185174942017,-0.22850544285533086
UBFC_PHYS_s13_T2_ctrl,147,63,149.1,0.7803037762641907,-0.4898167021380119
UBFC_PHYS_s13_T2_ctrl,147,64,149.13333333333333,0.7687937617301941,-0.6373706410957224
UBFC_PHYS_s13_T2_ctrl,147,65,149.16666666666666,0.3159984052181244,-0.6698100405256363
UBFC_PHYS_s13_T2_ctrl,147,66,149.2,-0.240957111120224,-0.5977652429578088
UBFC_PHYS_s13_T2_ctrl,147,67,149.23333333333332,-0.6087536215782166,-0.43805539704710916
UBFC_PHYS_s13_T2_ctrl,147,68,149.26666666666668,-0.6182634830474854,-0.2107802931267316
UBFC_PHYS_s13_T2_ctrl,147,69,149.3,-0.3455852270126343,0.0606259374130597
UBFC_PHYS_s13_T2_ctrl,147,70,149.33333333333334,-0.10944044589996338,0.3479202191262827
UBFC_PHYS_s13_T2_ctrl,147,71,149.36666666666667,-0.09722856432199478,0.6174944478757983
UBFC_PHYS_s13_T2_ctrl,147,72,149.4,-0.22420118749141693,0.832674876606135
UBFC_PHYS_s13_T2_ctrl,147,73,149.43333333333334,-0.34917035698890686,0.9593089217508972
UBFC_PHYS_s13_T2_ctrl,147,74,149.46666666666667,-0.4157557785511017,0.9731300742391645
UBFC_PHYS_s13_T2_ctrl,147,75,149.5,-0.43946778774261475,0.8661503929071538
UBFC_PHYS_s13_T2_ctrl,147,76,149.53333333333333,-0.4834088087081909,0.649564588509326
UBFC_PHYS_s13_T2_ctrl,147,77,149.56666666666666,-0.6241288781166077,0.3520550694599541
UBFC_PHYS_s13_T2_ctrl,147,78,149.6,-0.889238178730011,0.014097961569540372
UBFC_PHYS_s13_T2_ctrl,147,79,149.63333333333333,-1.221750020980835,-0.31985591950273756
UBFC_PHYS_s13_T2_ctrl,147,80,149.66666666666666,-1.5215837955474854,-0.6090310175014045
UBFC_PHYS_s13_T2_ctrl,147,81,149.7,-1.7045940160751343,-0.8219625866784647
UBFC_PHYS_s13_T2_ctrl,147,82,149.73333333333332,-1.759926438331604,-0.9392728149286502
UBFC_PHYS_s13_T2_ctrl,147,83,149.76666666666668,-1.7370349168777466,-0.953788354300632
UBFC_PHYS_s13_T2_ctrl,147,84,149.8,-1.6547513008117676,-0.8688887405705182
UBFC_PHYS_s13_T2_ctrl,147,85,149.83333333333334,-1.4405226707458496,-0.6962335911976283
UBFC_PHYS_s13_T2_ctrl,147,86,149.86666666666667,-1.1250205039978027,-0.45388117322182536
UBFC_PHYS_s13_T2_ctrl,147,87,149.9,-0.8558647036552429,-0.1651972797215192
UBFC_PHYS_s13_T2_ctrl,147,88,149.93333333333334,-0.7146470546722412,0.14198766746852862
UBFC_PHYS_s13_T2_ctrl,147,89,149.96666666666667,-0.6151165962219238,0.4371111068911245
UBFC_PHYS_s13_T2_ctrl,147,90,150.0,-0.47391873598098755,0.690294338467098
UBFC_PHYS_s13_T2_ctrl,147,91,150.03333333333333,-0.2602865397930145,0.877031999767779
UBFC_PHYS_s13_T2_ctrl,147,92,150.06666666666666,0.019031478092074394,0.982434508374106
UBFC_PHYS_s13_T2_ctrl,147,93,150.1,0.3640748858451843,1.0030472659547425
UBFC_PHYS_s13_T2_ctrl,147,94,150.13333333333333,0.7410154938697815,0.945517799014181
UBFC_PHYS_s13_T2_ctrl,147,95,150.16666666666666,1.097578763961792,0.8230076324416894
UBFC_PHYS_s13_T2_ctrl,147,96,150.2,1.5211130380630493,0.650938737831512
UBFC_PHYS_s13_T2_ctrl,147,97,150.23333333333332,1.7249256372451782,0.44337137480822864
UBFC_PHYS_s13_T2_ctrl,147,98,150.26666666666668,1.5651332139968872,0.21068746604970695
UBFC_PHYS_s13_T2_ctrl,147,99,150.3,1.2165803909301758,-0.04114672478640113
UBFC_PHYS_s13_T2_ctrl,147,100,150.33333333333334,0.8255957961082458,-0.3095126761747887
UBFC_PHYS_s13_T2_ctrl,147,101,150.36666666666667,0.45122212171554565,-0.5921401626976911
UBFC_PHYS_s13_T2_ctrl,147,102,150.4,0.16985450685024261,-0.8826014198154544
UBFC_PHYS_s13_T2_ctrl,147,103,150.43333333333334,-0.013702698983252048,-1.1655799504754283
UBFC_PHYS_s13_T2_ctrl,147,104,150.46666666666667,-0.11387903988361359,-1.413896234951946
UBFC_PHYS_s13_T2_ctrl,147,105,150.5,-0.16573835909366608,-1.5894202599180733
UBFC_PHYS_s13_T2_ctrl,147,106,150.53333333333333,-0.1500072330236435,-1.6492997328949657
UBFC_PHYS_s13_T2_ctrl,147,107,150.56666666666666,-0.07383288443088531,-1.5572464742807743
UBFC_PHYS_s13_T2_ctrl,147,108,150.6,0.020010141655802727,-1.2971809974608857
UBFC_PHYS_s13_T2_ctrl,147,109,150.63333333333333,0.09495869278907776,-0.884052022754882
UBFC_PHYS_s13_T2_ctrl,147,110,150.66666666666666,0.09973668307065964,-0.3657063069540545
UBFC_PHYS_s13_T2_ctrl,147,111,150.7,0.017953958362340927,0.1873540314841149
UBFC_PHYS_s13_T2_ctrl,147,112,150.73333333333332,-0.1327141970396042,0.7007988375049654
UBFC_PHYS_s13_T2_ctrl,147,113,150.76666666666668,-0.3161923289299011,1.1150450400586709
UBFC_PHYS_s13_T2_ctrl,147,114,150.8,-0.48326054215431213,1.3954777407036842
UBFC_PHYS_s13_T2_ctrl,147,115,150.83333333333334,-0.5857236981391907,1.5319017374155384
UBFC_PHYS_s13_T2_ctrl,147,116,150.86666666666667,-0.6180723905563354,1.5310270310356207
UBFC_PHYS_s13_T2_ctrl,147,117,150.9,-0.600947380065918,1.4084424130579265
UBFC_PHYS_s13_T2_ctrl,147,118,150.93333333333334,-0.5577807426452637,1.1843070070500987
UBFC_PHYS_s13_T2_ctrl,147,119,150.96666666666667,-0.49333715438842773,0.8827588368293419
UBFC_PHYS_s13_T2_ctrl,147,120,151.0,-0.4133206307888031,0.532514002235118
UBFC_PHYS_s13_T2_ctrl,147,121,151.03333333333333,-0.3289347290992737,0.1663136101048648
UBFC_PHYS_s13_T2_ctrl,147,122,151.06666666666666,-0.25229576230049133,-0.18138052969063914
UBFC_PHYS_s13_T2_ctrl,147,123,151.1,-0.1855093538761139,-0.47763024364186846
UBFC_PHYS_s13_T2_ctrl,147,124,151.13333333333333,-0.12281882017850876,-0.694409932645209
UBFC_PHYS_s13_T2_ctrl,147,125,151.16666666666666,-0.05881022289395332,-0.8119222248230253
UBFC_PHYS_s13_T2_ctrl,147,126,151.2,0.00508304126560688,-0.8215596199631978
UBFC_PHYS_s13_T2_ctrl,147,127,151.23333333333332,0.06145673990249634,-0.7277228852096735
UBFC_PHYS_s13_T2_ctrl,147,128,151.26666666666668,0.10479476302862167,-0.5475624022480267
UBFC_PHYS_s13_T2_ctrl,147,129,151.3,0.13847795128822327,-0.3082884433922244
UBFC_PHYS_s13_T2_ctrl,147,130,151.33333333333334,0.17163719236850739,-0.04272603447839128
UBFC_PHYS_s13_T2_ctrl,147,131,151.36666666666667,0.20878030359745026,0.21556757140969507
UBFC_PHYS_s13_T2_ctrl,147,132,151.4,0.24912631511688232,0.4365727169911115
UBFC_PHYS_s13_T2_ctrl,147,133,151.43333333333334,0.2930607795715332,0.5970472204242687
UBFC_PHYS_s13_T2_ctrl,147,134,151.46666666666667,0.33929523825645447,0.6826115846372705
UBFC_PHYS_s13_T2_ctrl,147,135,151.5,0.371390163898468,0.6885913519069224
UBFC_PHYS_s13_T2_ctrl,147,136,151.53333333333333,0.3652248978614807,0.6196390620845076
UBFC_PHYS_s13_T2_ctrl,147,137,151.56666666666666,0.32847392559051514,0.48826926637098983
UBFC_PHYS_s13_T2_ctrl,147,138,151.6,0.29781240224838257,0.31244592043399544
UBFC_PHYS_s13_T2_ctrl,147,139,151.63333333333333,0.29434916377067566,0.1125136341371456
UBFC_PHYS_s13_T2_ctrl,147,140,151.66666666666666,0.3057998716831207,-0.0918431386830793
UBFC_PHYS_s13_T2_ctrl,147,141,151.7,0.33139342069625854,-0.2838036363426318
UBFC_PHYS_s13_T2_ctrl,147,142,151.73333333333332,0.40817078948020935,-0.4504712177095612
UBFC_PHYS_s13_T2_ctrl,147,143,151.76666666666668,0.5601570010185242,-0.5831297439192363
UBFC_PHYS_s13_T2_ctrl,147,144,151.8,0.7527133226394653,-0.6771857514482721
UBFC_PHYS_s13_T2_ctrl,147,145,151.83333333333334,0.9472039341926575,-0.7319216821324284
UBFC_PHYS_s13_T2_ctrl,147,146,151.86666666666667,1.1588788032531738,-0.7497103674875224
UBFC_PHYS_s13_T2_ctrl,147,147,151.9,1.442226767539978,-0.7342273667464679
UBFC_PHYS_s13_T2_ctrl,147,148,151.93333333333334,1.809818983078003,-0.6877090962335318
UBFC_PHYS_s13_T2_ctrl,147,149,151.96666666666667,2.1294796466827393,-0.6082923199967253
UBFC_PHYS_s13_T2_ctrl,147,150,152.0,2.1667447090148926,-0.4893153500064411
UBFC_PHYS_s13_T2_ctrl,147,151,152.03333333333333,1.8726149797439575,-0.3222160907270905
UBFC_PHYS_s13_T2_ctrl,147,152,152.06666666666666,1.4909194707870483,-0.10294484664374899
UBFC_PHYS_s13_T2_ctrl,147,153,152.1,1.2150382995605469,0.1604821297886715
UBFC_PHYS_s13_T2_ctrl,147,154,152.13333333333333,1.0534828901290894,0.4430889190193469
UBFC_PHYS_s13_T2_ctrl,147,155,152.16666666666666,0.963762104511261,0.704051008915132
UBFC_PHYS_s13_T2_ctrl,147,156,152.2,0.8983662724494934,0.8947607887147709
UBFC_PHYS_s13_T2_ctrl,147,157,152.23333333333332,0.8071527481079102,0.9716025558252865
UBFC_PHYS_s13_T2_ctrl,147,158,152.26666666666668,0.6960331797599792,0.9088748962142114
UBFC_PHYS_s13_T2_ctrl,147,159,152.3,0.6243402361869812,0.7072100276146432
UBFC_PHYS_s13_T2_ctrl,147,160,152.33333333333334,0.6051657199859619,0.39504413885930856
UBFC_PHYS_s13_T2_ctrl,147,161,152.36666666666667,0.5794732570648193,0.023432818605054744
UBFC_PHYS_s13_T2_ctrl,147,162,152.4,0.532998263835907,-0.3439551256577133
UBFC_PHYS_s13_T2_ctrl,147,163,152.43333333333334,0.49840232729911804,-0.6434467434852477
UBFC_PHYS_s13_T2_ctrl,147,164,152.46666666666667,0.5243616104125977,-0.8242666498280743
UBFC_PHYS_s13_T2_ctrl,147,165,152.5,0.5392459034919739,-0.8592238349983367
UBFC_PHYS_s13_T2_ctrl,147,166,152.53333333333333,0.531947135925293,-0.7505231697240532
UBFC_PHYS_s13_T2_ctrl,147,167,152.56666666666666,0.525376558303833,-0.5284279544927433
UBFC_PHYS_s13_T2_ctrl,147,168,152.6,0.6030468940734863,-0.24203649596081814
UBFC_PHYS_s13_T2_ctrl,147,169,152.63333333333333,0.6701266169548035,0.05551362793201288
UBFC_PHYS_s13_T2_ctrl,147,170,152.66666666666666,0.6770497560501099,0.3216569781204825
UBFC_PHYS_s13_T2_ctrl,147,171,152.7,0.6194271445274353,0.5324542383798003
UBFC_PHYS_s13_T2_ctrl,147,172,152.73333333333332,0.5997846722602844,0.6815468172224558
UBFC_PHYS_s13_T2_ctrl,147,173,152.76666666666668,0.5670406222343445,0.7726050362372384
UBFC_PHYS_s13_T2_ctrl,147,174,152.8,0.45890647172927856,0.8103600660276755
UBFC_PHYS_s13_T2_ctrl,147,175,152.83333333333334,0.10423458367586136,0.7946725114048128
UBFC_PHYS_s13_T2_ctrl,147,176,152.86666666666667,-0.9297423362731934,0.7198142895196206
UBFC_PHYS_s13_T2_ctrl,147,177,152.9,-1.5162357091903687,0.5785498141379095
UBFC_PHYS_s13_T2_ctrl,147,178,152.93333333333334,-1.443758487701416,0.36866147551807815
UBFC_PHYS_s13_T2_ctrl,147,179,152.96666666666667,-1.0490635633468628,0.09892038906970624
UBFC_PHYS_s13_T2_ctrl,147,180,153.0,-0.4571628272533417,-0.207835458850583
UBFC_PHYS_s13_T2_ctrl,147,181,153.03333333333333,-0.02531486377120018,-0.5156465782714157
UBFC_PHYS_s13_T2_ctrl,147,182,153.06666666666666,-0.25118201971054077,-0.7804976843777247
UBFC_PHYS_s13_T2_ctrl,147,183,153.1,-0.9107094407081604,-0.9586977968547449
UBFC_PHYS_s13_T2_ctrl,147,184,153.13333333333333,-1.5622889995574951,-1.0167718519301685
UBFC_PHYS_s13_T2_ctrl,147,185,153.16666666666666,-2.023289203643799,-0.9402205822889469
UBFC_PHYS_s13_T2_ctrl,147,186,153.2,-2.3385608196258545,-0.7383060384432009
UBFC_PHYS_s13_T2_ctrl,147,187,153.23333333333332,-2.3611295223236084,-0.44278745477918396
UBFC_PHYS_s13_T2_ctrl,147,188,153.26666666666668,-2.11383056640625,-0.10030784710161049
UBFC_PHYS_s13_T2_ctrl,147,189,153.3,-1.7725073099136353,0.23941537255572176
UBFC_PHYS_s13_T2_ctrl,147,190,153.33333333333334,-1.410454273223877,0.535283202140163
UBFC_PHYS_s13_T2_ctrl,147,191,153.36666666666667,-0.9552534818649292,0.7618221695008476
UBFC_PHYS_s13_T2_ctrl,147,192,153.4,-0.45239800214767456,0.9092798285214185
UBFC_PHYS_s13_T2_ctrl,147,193,153.43333333333334,-0.03125275298953056,0.9780262483782332
UBFC_PHYS_s13_T2_ctrl,147,194,153.46666666666667,0.23409047722816467,0.970900253963031
UBFC_PHYS_s13_T2_ctrl,147,195,153.5,0.32487890124320984,0.8875700857832223
UBFC_PHYS_s13_T2_ctrl,147,196,153.53333333333333,0.2833729684352875,0.7235644744677356
UBFC_PHYS_s13_T2_ctrl,147,197,153.56666666666666,0.2340937703847885,0.47422046780746213
UBFC_PHYS_s13_T2_ctrl,147,198,153.6,0.2872546911239624,0.14153458849488362
UBFC_PHYS_s13_T2_ctrl,147,199,153.63333333333333,0.4186362326145172,-0.25921126625743673
UBFC_PHYS_s13_T2_ctrl,147,200,153.66666666666666,0.53560471534729,-0.6958158065785329
UBFC_PHYS_s13_T2_ctrl,147,201,153.7,0.5938435196876526,-1.1200607892118184
UBFC_PHYS_s13_T2_ctrl,147,202,153.73333333333332,0.6141944527626038,-1.4734821444811135
UBFC_PHYS_s13_T2_ctrl,147,203,153.76666666666668,0.6273882985115051,-1.6975324051719587
UBFC_PHYS_s13_T2_ctrl,147,204,153.8,0.6279484629631042,-1.746904743498192
UBFC_PHYS_s13_T2_ctrl,147,205,153.83333333333334,0.6037652492523193,-1.603098783089854
UBFC_PHYS_s13_T2_ctrl,147,206,153.86666666666667,0.553602933883667,-1.2829763106954377
UBFC_PHYS_s13_T2_ctrl,147,207,153.9,0.5013152360916138,-0.8370129662373771
UBFC_PHYS_s13_T2_ctrl,147,208,153.93333333333334,0.46139761805534363,-0.33611770431545746
UBFC_PHYS_s13_T2_ctrl,147,209,153.96666666666667,0.4403744637966156,0.14820513202447272
UBFC_PHYS_s13_T2_ctrl,147,210,154.0,0.45343977212905884,0.5620557674575394
UBFC_PHYS_s13_T2_ctrl,147,211,154.03333333333333,0.4968700706958771,0.8786068841881317
UBFC_PHYS_s13_T2_ctrl,147,212,154.06666666666666,0.487152636051178,1.096897351132659
UBFC_PHYS_s13_T2_ctrl,147,213,154.1,0.3130558431148529,1.2330234761729848
UBFC_PHYS_s13_T2_ctrl,147,214,154.13333333333333,-0.05867182835936546,1.3083560520235875
UBFC_PHYS_s13_T2_ctrl,147,215,154.16666666666666,-0.5796605944633484,1.3386449388687451
UBFC_PHYS_s13_T2_ctrl,147,216,154.2,-0.9109269380569458,1.327107076549501
UBFC_PHYS_s13_T2_ctrl,147,217,154.23333333333332,-0.8523916006088257,1.2637089037724325
UBFC_PHYS_s13_T2_ctrl,147,218,154.26666666666668,-0.5906236171722412,1.1309514786389385
UBFC_PHYS_s13_T2_ctrl,147,219,154.3,-0.3211482763290405,0.9139738550320785
UBFC_PHYS_s13_T2_ctrl,147,220,154.33333333333334,-0.09446392208337784,0.6109291662979801
UBFC_PHYS_s13_T2_ctrl,147,221,154.36666666666667,0.055245351046323776,0.23948311848252335
UBFC_PHYS_s13_T2_ctrl,147,222,154.4,0.13642175495624542,-0.16289959365450374
UBFC_PHYS_s13_T2_ctrl,147,223,154.43333333333334,0.20996657013893127,-0.5448299891436433
UBFC_PHYS_s13_T2_ctrl,147,224,154.46666666666667,0.32247012853622437,-0.8513923095513732
UBFC_PHYS_s13_T2_ctrl,147,225,154.5,0.44795334339141846,-1.036583994597192
UBFC_PHYS_s13_T2_ctrl,147,226,154.53333333333333,0.557323157787323,-1.0747067319523038
UBFC_PHYS_s13_T2_ctrl,147,227,154.56666666666666,0.6657242774963379,-0.9673793273060013
UBFC_PHYS_s13_T2_ctrl,147,228,154.6,0.7763693332672119,-0.7435303581594521
UBFC_PHYS_s13_T2_ctrl,147,229,154.63333333333333,0.8342785835266113,-0.4517834882032044
UBFC_PHYS_s13_T2_ctrl,147,230,154.66666666666666,0.8088399171829224,-0.147646957399308
UBFC_PHYS_s13_T2_ctrl,147,231,154.7,0.7200022339820862,0.1198813479679786
UBFC_PHYS_s13_T2_ctrl,147,232,154.73333333333332,0.6039299964904785,0.31779042064940227
UBFC_PHYS_s13_T2_ctrl,147,233,154.76666666666668,0.4781765937805176,0.43228308778294333
UBFC_PHYS_s13_T2_ctrl,147,234,154.8,0.34046831727027893,0.46625452968180187
UBFC_PHYS_s13_T2_ctrl,147,235,154.83333333333334,0.19681227207183838,0.4334330119207683
UBFC_PHYS_s13_T2_ctrl,147,236,154.86666666666667,0.05914353206753731,0.3518102516552422
UBFC_PHYS_s13_T2_ctrl,147,237,154.9,-0.07447544485330582,0.23821544211721032
UBFC_PHYS_s13_T2_ctrl,147,238,154.93333333333334,-0.2154228687286377,0.10514232253079729
UBFC_PHYS_s13_T2_ctrl,147,239,154.96666666666667,-0.365600049495697,-0.03965154167810164
UBFC_PHYS_s13_T2_ctrl,148,0,148.0,-0.21556127071380615,0.22681538151576477
UBFC_PHYS_s13_T2_ctrl,148,1,148.03333333333333,-0.171587273478508,0.429961189818011
UBFC_PHYS_s13_T2_ctrl,148,2,148.06666666666666,-0.20215323567390442,0.5996134988223926
UBFC_PHYS_s13_T2_ctrl,148,3,148.1,-0.3066660165786743,0.7135207794037502
UBFC_PHYS_s13_T2_ctrl,148,4,148.13333333333333,-0.3930520713329315,0.7598300476656029
UBFC_PHYS_s13_T2_ctrl,148,5,148.16666666666666,-0.3867616057395935,0.7389706983366072
UBFC_PHYS_s13_T2_ctrl,148,6,148.2,-0.30369046330451965,0.6620719843679582
UBFC_PHYS_s13_T2_ctrl,148,7,148.23333333333332,-0.204186350107193,0.5463517243657053
UBFC_PHYS_s13_T2_ctrl,148,8,148.26666666666668,-0.12363272905349731,0.40902723520791634
UBFC_PHYS_s13_T2_ctrl,148,9,148.3,-0.0581742562353611,0.2618365243439243
UBFC_PHYS_s13_T2_ctrl,148,10,148.33333333333334,0.002430432476103306,0.10797261540867296
UBFC_PHYS_s13_T2_ctrl,148,11,148.36666666666667,0.05098140612244606,-0.05760811445161435
UBFC_PHYS_s13_T2_ctrl,148,12,148.4,0.07754373550415039,-0.24451415129208331
UBFC_PHYS_s13_T2_ctrl,148,13,148.43333333333334,0.09435567259788513,-0.46077444443912774
UBFC_PHYS_s13_T2_ctrl,148,14,148.46666666666667,0.13272787630558014,-0.7058335415877833
UBFC_PHYS_s13_T2_ctrl,148,15,148.5,0.2105531096458435,-0.9648207295165812
UBFC_PHYS_s13_T2_ctrl,148,16,148.53333333333333,0.3122386336326599,-1.2063987835688443
UBFC_PHYS_s13_T2_ctrl,148,17,148.56666666666666,0.4046976864337921,-1.38600211158878
UBFC_PHYS_s13_T2_ctrl,148,18,148.6,0.46748706698417664,-1.4549211269618663
UBFC_PHYS_s13_T2_ctrl,148,19,148.63333333333333,0.4943954050540924,-1.3737170619111778
UBFC_PHYS_s13_T2_ctrl,148,20,148.66666666666666,0.5004288554191589,-1.1264446802785588
UBFC_PHYS_s13_T2_ctrl,148,21,148.7,0.5170628428459167,-0.7308533415743944
UBFC_PHYS_s13_T2_ctrl,148,22,148.73333333333332,0.5345931053161621,-0.23991030960812723
UBFC_PHYS_s13_T2_ctrl,148,23,148.76666666666668,0.4797549843788147,0.26774529611331804
UBFC_PHYS_s13_T2_ctrl,148,24,148.8,0.32492831349372864,0.7067056453722753
UBFC_PHYS_s13_T2_ctrl,148,25,148.83333333333334,0.15415634214878082,1.006985605674577
UBFC_PHYS_s13_T2_ctrl,148,26,148.86666666666667,0.04322458431124687,1.131170047807566
UBFC_PHYS_s13_T2_ctrl,148,27,148.9,-0.026145245879888535,1.0801566802291511
UBFC_PHYS_s13_T2_ctrl,148,28,148.93333333333334,-0.0973801389336586,0.8870065987800707
UBFC_PHYS_s13_T2_ctrl,148,29,148.96666666666667,-0.17694851756095886,0.6039366895485513
UBFC_PHYS_s13_T2_ctrl,148,30,149.0,-0.22495248913764954,0.2887520947361372
UBFC_PHYS_s13_T2_ctrl,148,31,149.03333333333333,-0.07958295196294785,-0.0054303929278161625
UBFC_PHYS_s13_T2_ctrl,148,32,149.06666666666666,0.35455185174942017,-0.23659489186289218
UBFC_PHYS_s13_T2_ctrl,148,33,149.1,0.7803037762641907,-0.37763888383857713
UBFC_PHYS_s13_T2_ctrl,148,34,149.13333333333333,0.7687937617301941,-0.418530277092184
UBFC_PHYS_s13_T2_ctrl,148,35,149.16666666666666,0.3159984052181244,-0.3663820880680309
UBFC_PHYS_s13_T2_ctrl,148,36,149.2,-0.240957111120224,-0.24231828422611623
UBFC_PHYS_s13_T2_ctrl,148,37,149.23333333333332,-0.6087536215782166,-0.07490594851252222
UBFC_PHYS_s13_T2_ctrl,148,38,149.26666666666668,-0.6182634830474854,0.10796715376489206
UBFC_PHYS_s13_T2_ctrl,148,39,149.3,-0.3455852270126343,0.28530888271928284
UBFC_PHYS_s13_T2_ctrl,148,40,149.33333333333334,-0.10944044589996338,0.4444194477304008
UBFC_PHYS_s13_T2_ctrl,148,41,149.36666666666667,-0.09722856432199478,0.5772751008681956
UBFC_PHYS_s13_T2_ctrl,148,42,149.4,-0.22420118749141693,0.6750397476218546
UBFC_PHYS_s13_T2_ctrl,148,43,149.43333333333334,-0.34917035698890686,0.7252052010292979
UBFC_PHYS_s13_T2_ctrl,148,44,149.46666666666667,-0.4157557785511017,0.7138540857146252
UBFC_PHYS_s13_T2_ctrl,148,45,149.5,-0.43946778774261475,0.6317816222972436
UBFC_PHYS_s13_T2_ctrl,148,46,149.53333333333333,-0.4834088087081909,0.48052352323929365
UBFC_PHYS_s13_T2_ctrl,148,47,149.56666666666666,-0.6241288781166077,0.2744912150305995
UBFC_PHYS_s13_T2_ctrl,148,48,149.6,-0.889238178730011,0.038191223928093966
UBFC_PHYS_s13_T2_ctrl,148,49,149.63333333333333,-1.221750020980835,-0.1995172149290686
UBFC_PHYS_s13_T2_ctrl,148,50,149.66666666666666,-1.5215837955474854,-0.4112372413898988
UBFC_PHYS_s13_T2_ctrl,148,51,149.7,-1.7045940160751343,-0.5749516955681289
UBFC_PHYS_s13_T2_ctrl,148,52,149.73333333333332,-1.759926438331604,-0.6755165883906429
UBFC_PHYS_s13_T2_ctrl,148,53,149.76666666666668,-1.7370349168777466,-0.7043994842844835
UBFC_PHYS_s13_T2_ctrl,148,54,149.8,-1.6547513008117676,-0.6589517792549817
UBFC_PHYS_s13_T2_ctrl,148,55,149.83333333333334,-1.4405226707458496,-0.5423553175153821
UBFC_PHYS_s13_T2_ctrl,148,56,149.86666666666667,-1.1250205039978027,-0.3645580965096309
UBFC_PHYS_s13_T2_ctrl,148,57,149.9,-0.8558647036552429,-0.1434758009272289
UBFC_PHYS_s13_T2_ctrl,148,58,149.93333333333334,-0.7146470546722412,0.09493938616585744
UBFC_PHYS_s13_T2_ctrl,148,59,149.96666666666667,-0.6151165962219238,0.31908695921592556
UBFC_PHYS_s13_T2_ctrl,148,60,150.0,-0.47391873598098755,0.49697511293160995
UBFC_PHYS_s13_T2_ctrl,148,61,150.03333333333333,-0.2602865397930145,0.6032528051989613
UBFC_PHYS_s13_T2_ctrl,148,62,150.06666666666666,0.019031478092074394,0.6255164183047618
UBFC_PHYS_s13_T2_ctrl,148,63,150.1,0.3640748858451843,0.5671613426588015
UBFC_PHYS_s13_T2_ctrl,148,64,150.13333333333333,0.7410154938697815,0.4454563723228885
UBFC_PHYS_s13_T2_ctrl,148,65,150.16666666666666,1.097578763961792,0.28559286280696483
UBFC_PHYS_s13_T2_ctrl,148,66,150.2,1.5211130380630493,0.11289617360541279
UBFC_PHYS_s13_T2_ctrl,148,67,150.23333333333332,1.7249256372451782,-0.0542580325270786
UBFC_PHYS_s13_T2_ctrl,148,68,150.26666666666668,1.5651332139968872,-0.20877969537070198
UBFC_PHYS_s13_T2_ctrl,148,69,150.3,1.2165803909301758,-0.3552970102825699
UBFC_PHYS_s13_T2_ctrl,148,70,150.33333333333334,0.8255957961082458,-0.5064471140006812
UBFC_PHYS_s13_T2_ctrl,148,71,150.36666666666667,0.45122212171554565,-0.6757233280545992
UBFC_PHYS_s13_T2_ctrl,148,72,150.4,0.16985450685024261,-0.8685810809989842
UBFC_PHYS_s13_T2_ctrl,148,73,150.43333333333334,-0.013702698983252048,-1.0743480526589197
UBFC_PHYS_s13_T2_ctrl,148,74,150.46666666666667,-0.11387903988361359,-1.2618910504075191
UBFC_PHYS_s13_T2_ctrl,148,75,150.5,-0.16573835909366608,-1.381911119799074
UBFC_PHYS_s13_T2_ctrl,148,76,150.53333333333333,-0.1500072330236435,-1.3777868636134756
UBFC_PHYS_s13_T2_ctrl,148,77,150.56666666666666,-0.07383288443088531,-1.204034185357356
UBFC_PHYS_s13_T2_ctrl,148,78,150.6,0.020010141655802727,-0.8468283228659857
UBFC_PHYS_s13_T2_ctrl,148,79,150.63333333333333,0.09495869278907776,-0.33732488950819217
UBFC_PHYS_s13_T2_ctrl,148,80,150.66666666666666,0.09973668307065964,0.25083800537255285
UBFC_PHYS_s13_T2_ctrl,148,81,150.7,0.017953958362340927,0.8215963711075275
UBFC_PHYS_s13_T2_ctrl,148,82,150.73333333333332,-0.1327141970396042,1.285401022853681
UBFC_PHYS_s13_T2_ctrl,148,83,150.76666666666668,-0.3161923289299011,1.5829561123606544
UBFC_PHYS_s13_T2_ctrl,148,84,150.8,-0.48326054215431213,1.6946039037861313
UBFC_PHYS_s13_T2_ctrl,148,85,150.83333333333334,-0.5857236981391907,1.6357302228803208
UBFC_PHYS_s13_T2_ctrl,148,86,150.86666666666667,-0.6180723905563354,1.4443278641672272
UBFC_PHYS_s13_T2_ctrl,148,87,150.9,-0.600947380065918,1.167258906517729
UBFC_PHYS_s13_T2_ctrl,148,88,150.93333333333334,-0.5577807426452637,0.849355988970842
UBFC_PHYS_s13_T2_ctrl,148,89,150.96666666666667,-0.49333715438842773,0.5267728909656395
UBFC_PHYS_s13_T2_ctrl,148,90,151.0,-0.4133206307888031,0.22435969410103868
UBFC_PHYS_s13_T2_ctrl,148,91,151.03333333333333,-0.3289347290992737,-0.04369241903882878
UBFC_PHYS_s13_T2_ctrl,148,92,151.06666666666666,-0.25229576230049133,-0.2708414326577942
UBFC_PHYS_s13_T2_ctrl,148,93,151.1,-0.1855093538761139,-0.45399738860979316
UBFC_PHYS_s13_T2_ctrl,148,94,151.13333333333333,-0.12281882017850876,-0.5897138238953781
UBFC_PHYS_s13_T2_ctrl,148,95,151.16666666666666,-0.05881022289395332,-0.6723445536870114
UBFC_PHYS_s13_T2_ctrl,148,96,151.2,0.00508304126560688,-0.6949399583095883
UBFC_PHYS_s13_T2_ctrl,148,97,151.23333333333332,0.06145673990249634,-0.6523904583538295
UBFC_PHYS_s13_T2_ctrl,148,98,151.26666666666668,0.10479476302862167,-0.5452949077081123
UBFC_PHYS_s13_T2_ctrl,148,99,151.3,0.13847795128822327,-0.38277467601043225
UBFC_PHYS_s13_T2_ctrl,148,100,151.33333333333334,0.17163719236850739,-0.18304890353945397
UBFC_PHYS_s13_T2_ctrl,148,101,151.36666666666667,0.20878030359745026,0.02848419116013617
UBFC_PHYS_s13_T2_ctrl,148,102,151.4,0.24912631511688232,0.22320659953706729
UBFC_PHYS_s13_T2_ctrl,148,103,151.43333333333334,0.2930607795715332,0.37439621062607414
UBFC_PHYS_s13_T2_ctrl,148,104,151.46666666666667,0.33929523825645447,0.4623230050933014
UBFC_PHYS_s13_T2_ctrl,148,105,151.5,0.371390163898468,0.4780396525007017
UBFC_PHYS_s13_T2_ctrl,148,106,151.53333333333333,0.3652248978614807,0.42479855789170273
UBFC_PHYS_s13_T2_ctrl,148,107,151.56666666666666,0.32847392559051514,0.316668497450734
UBFC_PHYS_s13_T2_ctrl,148,108,151.6,0.29781240224838257,0.17483814780166063
UBFC_PHYS_s13_T2_ctrl,148,109,151.63333333333333,0.29434916377067566,0.022775009163154624
UBFC_PHYS_s13_T2_ctrl,148,110,151.66666666666666,0.3057998716831207,-0.11850143934210053
UBFC_PHYS_s13_T2_ctrl,148,111,151.7,0.33139342069625854,-0.2340315287926575
UBFC_PHYS_s13_T2_ctrl,148,112,151.73333333333332,0.40817078948020935,-0.3167040982922971
UBFC_PHYS_s13_T2_ctrl,148,113,151.76666666666668,0.5601570010185242,-0.36698127462317537
UBFC_PHYS_s13_T2_ctrl,148,114,151.8,0.7527133226394653,-0.3910216045757037
UBFC_PHYS_s13_T2_ctrl,148,115,151.83333333333334,0.9472039341926575,-0.39807396496380526
UBFC_PHYS_s13_T2_ctrl,148,116,151.86666666666667,1.1588788032531738,-0.3977558073883269
UBFC_PHYS_s13_T2_ctrl,148,117,151.9,1.442226767539978,-0.3973723137456178
UBFC_PHYS_s13_T2_ctrl,148,118,151.93333333333334,1.809818983078003,-0.3994065642866838
UBFC_PHYS_s13_T2_ctrl,148,119,151.96666666666667,2.1294796466827393,-0.3997521375730031
UBFC_PHYS_s13_T2_ctrl,148,120,152.0,2.1667447090148926,-0.3877337615606898
UBFC_PHYS_s13_T2_ctrl,148,121,152.03333333333333,1.8726149797439575,-0.3488841998605575
UBFC_PHYS_s13_T2_ctrl,148,122,152.06666666666666,1.4909194707870483,-0.2705054141297694
UBFC_PHYS_s13_T2_ctrl,148,123,152.1,1.2150382995605469,-0.14854119042441571
UBFC_PHYS_s13_T2_ctrl,148,124,152.13333333333333,1.0534828901290894,0.007007076552284363
UBFC_PHYS_s13_T2_ctrl,148,125,152.16666666666666,0.963762104511261,0.17108770288902167
UBFC_PHYS_s13_T2_ctrl,148,126,152.2,0.8983662724494934,0.30863940761972813
UBFC_PHYS_s13_T2_ctrl,148,127,152.23333333333332,0.8071527481079102,0.3848022813669732
UBFC_PHYS_s13_T2_ctrl,148,128,152.26666666666668,0.6960331797599792,0.37693560005612087
UBFC_PHYS_s13_T2_ctrl,148,129,152.3,0.6243402361869812,0.28383203098635734
UBFC_PHYS_s13_T2_ctrl,148,130,152.33333333333334,0.6051657199859619,0.12829132429161158
UBFC_PHYS_s13_T2_ctrl,148,131,152.36666666666667,0.5794732570648193,-0.048312120345209215
UBFC_PHYS_s13_T2_ctrl,148,132,152.4,0.532998263835907,-0.19776272097943248
UBFC_PHYS_s13_T2_ctrl,148,133,152.43333333333334,0.49840232729911804,-0.27900454896497456
UBFC_PHYS_s13_T2_ctrl,148,134,152.46666666666667,0.5243616104125977,-0.26971406602705866
UBFC_PHYS_s13_T2_ctrl,148,135,152.5,0.5392459034919739,-0.17173773638262735
UBFC_PHYS_s13_T2_ctrl,148,136,152.53333333333333,0.531947135925293,-0.008769339700112778
UBFC_PHYS_s13_T2_ctrl,148,137,152.56666666666666,0.525376558303833,0.18278621267843267
UBFC_PHYS_s13_T2_ctrl,148,138,152.6,0.6030468940734863,0.3664194023412946
UBFC_PHYS_s13_T2_ctrl,148,139,152.63333333333333,0.6701266169548035,0.51679912186643
UBFC_PHYS_s13_T2_ctrl,148,140,152.66666666666666,0.6770497560501099,0.6251779084381822
UBFC_PHYS_s13_T2_ctrl,148,141,152.7,0.6194271445274353,0.6967843125000679
UBFC_PHYS_s13_T2_ctrl,148,142,152.73333333333332,0.5997846722602844,0.7420003388249803
UBFC_PHYS_s13_T2_ctrl,148,143,152.76666666666668,0.5670406222343445,0.766213576895247
UBFC_PHYS_s13_T2_ctrl,148,144,152.8,0.45890647172927856,0.7634725186117773
UBFC_PHYS_s13_T2_ctrl,148,145,152.83333333333334,0.10423458367586136,0.7167372637712891
UBFC_PHYS_s13_T2_ctrl,148,146,152.86666666666667,-0.9297423362731934,0.6042669229990381
UBFC_PHYS_s13_T2_ctrl,148,147,152.9,-1.5162357091903687,0.4092128380587209
UBFC_PHYS_s13_T2_ctrl,148,148,152.93333333333334,-1.443758487701416,0.1287428681734164
UBFC_PHYS_s13_T2_ctrl,148,149,152.96666666666667,-1.0490635633468628,-0.22025234905873184
UBFC_PHYS_s13_T2_ctrl,148,150,153.0,-0.4571628272533417,-0.6004818838618333
UBFC_PHYS_s13_T2_ctrl,148,151,153.03333333333333,-0.02531486377120018,-0.9589621544388006
UBFC_PHYS_s13_T2_ctrl,148,152,153.06666666666666,-0.25118201971054077,-1.2365232986325783
UBFC_PHYS_s13_T2_ctrl,148,153,153.1,-0.9107094407081604,-1.380593273760488
UBFC_PHYS_s13_T2_ctrl,148,154,153.13333333333333,-1.5622889995574951,-1.35857645288997
UBFC_PHYS_s13_T2_ctrl,148,155,153.16666666666666,-2.023289203643799,-1.1681422925470704
UBFC_PHYS_s13_T2_ctrl,148,156,153.2,-2.3385608196258545,-0.8405961711501001
UBFC_PHYS_s13_T2_ctrl,148,157,153.23333333333332,-2.3611295223236084,-0.43471219744168205
UBFC_PHYS_s13_T2_ctrl,148,158,153.26666666666668,-2.11383056640625,-0.021197699312397466
UBFC_PHYS_s13_T2_ctrl,148,159,153.3,-1.7725073099136353,0.3377782773501495
UBFC_PHYS_s13_T2_ctrl,148,160,153.33333333333334,-1.410454273223877,0.6055939045564023
UBFC_PHYS_s13_T2_ctrl,148,161,153.36666666666667,-0.9552534818649292,0.7766699251033384
UBFC_PHYS_s13_T2_ctrl,148,162,153.4,-0.45239800214767456,0.8686174743198836
UBFC_PHYS_s13_T2_ctrl,148,163,153.43333333333334,-0.03125275298953056,0.9064950205593927
UBFC_PHYS_s13_T2_ctrl,148,164,153.46666666666667,0.23409047722816467,0.9074976184520807
UBFC_PHYS_s13_T2_ctrl,148,165,153.5,0.32487890124320984,0.8725470062141484
UBFC_PHYS_s13_T2_ctrl,148,166,153.53333333333333,0.2833729684352875,0.7872536293285143
UBFC_PHYS_s13_T2_ctrl,148,167,153.56666666666666,0.2340937703847885,0.6307112266167538
UBFC_PHYS_s13_T2_ctrl,148,168,153.6,0.2872546911239624,0.38790704900227485
UBFC_PHYS_s13_T2_ctrl,148,169,153.63333333333333,0.4186362326145172,0.060841945705745484
UBFC_PHYS_s13_T2_ctrl,148,170,153.66666666666666,0.53560471534729,-0.325433469629623
UBFC_PHYS_s13_T2_ctrl,148,171,153.7,0.5938435196876526,-0.7237104973287174
UBFC_PHYS_s13_T2_ctrl,148,172,153.73333333333332,0.6141944527626038,-1.0724626754654278
UBFC_PHYS_s13_T2_ctrl,148,173,153.76666666666668,0.6273882985115051,-1.3092557359417965
UBFC_PHYS_s13_T2_ctrl,148,174,153.8,0.6279484629631042,-1.3870789395814782
UBFC_PHYS_s13_T2_ctrl,148,175,153.83333333333334,0.6037652492523193,-1.2892757662514784
UBFC_PHYS_s13_T2_ctrl,148,176,153.86666666666667,0.553602933883667,-1.0372218211519226
UBFC_PHYS_s13_T2_ctrl,148,177,153.9,0.5013152360916138,-0.6859212687741185
UBFC_PHYS_s13_T2_ctrl,148,178,153.93333333333334,0.46139761805534363,-0.3075313647031558
UBFC_PHYS_s13_T2_ctrl,148,179,153.96666666666667,0.4403744637966156,0.031102697029941694
UBFC_PHYS_s13_T2_ctrl,148,180,154.0,0.45343977212905884,0.2874928262756136
UBFC_PHYS_s13_T2_ctrl,148,181,154.03333333333333,0.4968700706958771,0.4514608089881189
UBFC_PHYS_s13_T2_ctrl,148,182,154.06666666666666,0.487152636051178,0.5403377954880898
UBFC_PHYS_s13_T2_ctrl,148,183,154.1,0.3130558431148529,0.5857602474834293
UBFC_PHYS_s13_T2_ctrl,148,184,154.13333333333333,-0.05867182835936546,0.6186204998876407
UBFC_PHYS_s13_T2_ctrl,148,185,154.16666666666666,-0.5796605944633484,0.6575007996132592
UBFC_PHYS_s13_T2_ctrl,148,186,154.2,-0.9109269380569458,0.7034900359659099
UBFC_PHYS_s13_T2_ctrl,148,187,154.23333333333332,-0.8523916006088257,0.7418607543043765
UBFC_PHYS_s13_T2_ctrl,148,188,154.26666666666668,-0.5906236171722412,0.7490895480624804
UBFC_PHYS_s13_T2_ctrl,148,189,154.3,-0.3211482763290405,0.7024387925984673
UBFC_PHYS_s13_T2_ctrl,148,190,154.33333333333334,-0.09446392208337784,0.5889499180602157
UBFC_PHYS_s13_T2_ctrl,148,191,154.36666666666667,0.055245351046323776,0.41123386821828345
UBFC_PHYS_s13_T2_ctrl,148,192,154.4,0.13642175495624542,0.18865712141716093
UBFC_PHYS_s13_T2_ctrl,148,193,154.43333333333334,0.20996657013893127,-0.046101381983765295
UBFC_PHYS_s13_T2_ctrl,148,194,154.46666666666667,0.32247012853622437,-0.2540736705131448
UBFC_PHYS_s13_T2_ctrl,148,195,154.5,0.44795334339141846,-0.39892658262668224
UBFC_PHYS_s13_T2_ctrl,148,196,154.53333333333333,0.557323157787323,-0.45580332419993413
UBFC_PHYS_s13_T2_ctrl,148,197,154.56666666666666,0.6657242774963379,-0.4179195446771498
UBFC_PHYS_s13_T2_ctrl,148,198,154.6,0.7763693332672119,-0.29880056294385565
UBFC_PHYS_s13_T2_ctrl,148,199,154.63333333333333,0.8342785835266113,-0.12896571898196396
UBFC_PHYS_s13_T2_ctrl,148,200,154.66666666666666,0.8088399171829224,0.052139498023010246
UBFC_PHYS_s13_T2_ctrl,148,201,154.7,0.7200022339820862,0.20615561076101355
UBFC_PHYS_s13_T2_ctrl,148,202,154.73333333333332,0.6039299964904785,0.3042584176191044
UBFC_PHYS_s13_T2_ctrl,148,203,154.76666666666668,0.4781765937805176,0.3315752562728401
UBFC_PHYS_s13_T2_ctrl,148,204,154.8,0.34046831727027893,0.2872412010990117
UBFC_PHYS_s13_T2_ctrl,148,205,154.83333333333334,0.19681227207183838,0.18152636898815042
UBFC_PHYS_s13_T2_ctrl,148,206,154.86666666666667,0.05914353206753731,0.03177971839977855
UBFC_PHYS_s13_T2_ctrl,148,207,154.9,-0.07447544485330582,-0.1417229481718137
UBFC_PHYS_s13_T2_ctrl,148,208,154.93333333333334,-0.2154228687286377,-0.3195356059881284
UBFC_PHYS_s13_T2_ctrl,148,209,154.96666666666667,-0.365600049495697,-0.4860134055272636
UBFC_PHYS_s13_T2_ctrl,148,210,155.0,-0.5202817320823669,-0.6308716296312903
UBFC_PHYS_s13_T2_ctrl,148,211,155.03333333333333,-0.6803971529006958,-0.7486025616471701
UBFC_PHYS_s13_T2_ctrl,148,212,155.06666666666666,-0.843109130859375,-0.8354991939951687
UBFC_PHYS_s13_T2_ctrl,148,213,155.1,-1.0171960592269897,-0.8851653685256932
UBFC_PHYS_s13_T2_ctrl,148,214,155.13333333333333,-1.2198421955108643,-0.8847517058020253
UBFC_PHYS_s13_T2_ctrl,148,215,155.16666666666666,-1.4159736633300781,-0.8149028384819186
UBFC_PHYS_s13_T2_ctrl,148,216,155.2,-1.4879038333892822,-0.6555954668628846
UBFC_PHYS_s13_T2_ctrl,148,217,155.23333333333332,-1.3981765508651733,-0.39710218289276
UBFC_PHYS_s13_T2_ctrl,148,218,155.26666666666668,-1.2424535751342773,-0.051234248230507054
UBFC_PHYS_s13_T2_ctrl,148,219,155.3,-1.153971791267395,0.34398991808858626
UBFC_PHYS_s13_T2_ctrl,148,220,155.33333333333334,-1.154881238937378,0.7306115570105364
UBFC_PHYS_s13_T2_ctrl,148,221,155.36666666666667,-1.2894656658172607,1.046488460354106
UBFC_PHYS_s13_T2_ctrl,148,222,155.4,-1.5973758697509766,1.2435470945420308
UBFC_PHYS_s13_T2_ctrl,148,223,155.43333333333334,-2.076150417327881,1.3000726337024855
UBFC_PHYS_s13_T2_ctrl,148,224,155.46666666666667,-2.5814409255981445,1.222456408056349
UBFC_PHYS_s13_T2_ctrl,148,225,155.5,-2.914302110671997,1.0377840553916815
UBFC_PHYS_s13_T2_ctrl,148,226,155.53333333333333,-2.9154653549194336,0.7824569959761215
UBFC_PHYS_s13_T2_ctrl,148,227,155.56666666666666,-2.612692356109619,0.49226637244417704
UBFC_PHYS_s13_T2_ctrl,148,228,155.6,-2.087360382080078,0.1969190055809969
UBFC_PHYS_s13_T2_ctrl,148,229,155.63333333333333,-1.418326497077942,-0.08105803125999816
UBFC_PHYS_s13_T2_ctrl,148,230,155.66666666666666,-0.6878409385681152,-0.3250247027096372
UBFC_PHYS_s13_T2_ctrl,148,231,155.7,0.44489872455596924,-0.5227329309480504
UBFC_PHYS_s13_T2_ctrl,148,232,155.73333333333332,1.4762263298034668,-0.6657809485823747
UBFC_PHYS_s13_T2_ctrl,148,233,155.76666666666668,1.864973545074463,-0.7498958685329455
UBFC_PHYS_s13_T2_ctrl,148,234,155.8,1.7791937589645386,-0.7752563380205866
UBFC_PHYS_s13_T2_ctrl,148,235,155.83333333333334,1.4575262069702148,-0.746170024937101
UBFC_PHYS_s13_T2_ctrl,148,236,155.86666666666667,0.9897939562797546,-0.6699667564013079
UBFC_PHYS_s13_T2_ctrl,148,237,155.9,0.5759112238883972,-0.5555088442757102
UBFC_PHYS_s13_T2_ctrl,148,238,155.93333333333334,0.37091565132141113,-0.4119425999862089
UBFC_PHYS_s13_T2_ctrl,148,239,155.96666666666667,0.3880043923854828,-0.24822800822565422
UBFC_PHYS_s13_T2_ctrl,149,0,149.0,-0.22495248913764954,-0.11234775014924613
UBFC_PHYS_s13_T2_ctrl,149,1,149.03333333333333,-0.07958295196294785,-0.3734765608354054
UBFC_PHYS_s13_T2_ctrl,149,2,149.06666666666666,0.35455185174942017,-0.601134010997485
UBFC_PHYS_s13_T2_ctrl,149,3,149.1,0.7803037762641907,-0.7673073958696912
UBFC_PHYS_s13_T2_ctrl,149,4,149.13333333333333,0.7687937617301941,-0.8533248689823472
UBFC_PHYS_s13_T2_ctrl,149,5,149.16666666666666,0.3159984052181244,-0.8515471096409553
UBFC_PHYS_s13_T2_ctrl,149,6,149.2,-0.240957111120224,-0.76423900103343
UBFC_PHYS_s13_T2_ctrl,149,7,149.23333333333332,-0.6087536215782166,-0.6011373480209159
UBFC_PHYS_s13_T2_ctrl,149,8,149.26666666666668,-0.6182634830474854,-0.37814211311103063
UBFC_PHYS_s13_T2_ctrl,149,9,149.3,-0.3455852270126343,-0.11826223397925632
UBFC_PHYS_s13_T2_ctrl,149,10,149.33333333333334,-0.10944044589996338,0.14706508121279618
UBFC_PHYS_s13_T2_ctrl,149,11,149.36666666666667,-0.09722856432199478,0.38002034501018367
UBFC_PHYS_s13_T2_ctrl,149,12,149.4,-0.22420118749141693,0.5439573613034556
UBFC_PHYS_s13_T2_ctrl,149,13,149.43333333333334,-0.34917035698890686,0.6146147687750418
UBFC_PHYS_s13_T2_ctrl,149,14,149.46666666666667,-0.4157557785511017,0.5897030377480714
UBFC_PHYS_s13_T2_ctrl,149,15,149.5,-0.43946778774261475,0.49144465887895894
UBFC_PHYS_s13_T2_ctrl,149,16,149.53333333333333,-0.4834088087081909,0.36023851021398645
UBFC_PHYS_s13_T2_ctrl,149,17,149.56666666666666,-0.6241288781166077,0.24196568021570097
UBFC_PHYS_s13_T2_ctrl,149,18,149.6,-0.889238178730011,0.17352554217860017
UBFC_PHYS_s13_T2_ctrl,149,19,149.63333333333333,-1.221750020980835,0.17123859158511437
UBFC_PHYS_s13_T2_ctrl,149,20,149.66666666666666,-1.5215837955474854,0.22602738556507282
UBFC_PHYS_s13_T2_ctrl,149,21,149.7,-1.7045940160751343,0.3074621936168844
UBFC_PHYS_s13_T2_ctrl,149,22,149.73333333333332,-1.759926438331604,0.375525294945553
UBFC_PHYS_s13_T2_ctrl,149,23,149.76666666666668,-1.7370349168777466,0.3957360055327217
UBFC_PHYS_s13_T2_ctrl,149,24,149.8,-1.6547513008117676,0.3518769755519229
UBFC_PHYS_s13_T2_ctrl,149,25,149.83333333333334,-1.4405226707458496,0.25154561431959066
UBFC_PHYS_s13_T2_ctrl,149,26,149.86666666666667,-1.1250205039978027,0.12260375444863414
UBFC_PHYS_s13_T2_ctrl,149,27,149.9,-0.8558647036552429,0.0021289095836441894
UBFC_PHYS_s13_T2_ctrl,149,28,149.93333333333334,-0.7146470546722412,-0.07768587849238114
UBFC_PHYS_s13_T2_ctrl,149,29,149.96666666666667,-0.6151165962219238,-0.10112941443353615
UBFC_PHYS_s13_T2_ctrl,149,30,150.0,-0.47391873598098755,-0.07359262437562235
UBFC_PHYS_s13_T2_ctrl,149,31,150.03333333333333,-0.2602865397930145,-0.01769167804290918
UBFC_PHYS_s13_T2_ctrl,149,32,150.06666666666666,0.019031478092074394,0.036940449016338604
UBFC_PHYS_s13_T2_ctrl,149,33,150.1,0.3640748858451843,0.06542650745626594
UBFC_PHYS_s13_T2_ctrl,149,34,150.13333333333333,0.7410154938697815,0.05601563285862715
UBFC_PHYS_s13_T2_ctrl,149,35,150.16666666666666,1.097578763961792,0.012088610861267593
UBFC_PHYS_s13_T2_ctrl,149,36,150.2,1.5211130380630493,-0.052189168043875876
UBFC_PHYS_s13_T2_ctrl,149,37,150.23333333333332,1.7249256372451782,-0.12006405003360655
UBFC_PHYS_s13_T2_ctrl,149,38,150.26666666666668,1.5651332139968872,-0.18068427116641095
UBFC_PHYS_s13_T2_ctrl,149,39,150.3,1.2165803909301758,-0.23463083014570169
UBFC_PHYS_s13_T2_ctrl,149,40,150.33333333333334,0.8255957961082458,-0.29435638215546234
UBFC_PHYS_s13_T2_ctrl,149,41,150.36666666666667,0.45122212171554565,-0.3790104807900508
UBFC_PHYS_s13_T2_ctrl,149,42,150.4,0.16985450685024261,-0.5049925931339349
UBFC_PHYS_s13_T2_ctrl,149,43,150.43333333333334,-0.013702698983252048,-0.6753115516657215
UBFC_PHYS_s13_T2_ctrl,149,44,150.46666666666667,-0.11387903988361359,-0.8719007473613871
UBFC_PHYS_s13_T2_ctrl,149,45,150.5,-0.16573835909366608,-1.0548216599470646
UBFC_PHYS_s13_T2_ctrl,149,46,150.53333333333333,-0.1500072330236435,-1.1704107092400398
UBFC_PHYS_s13_T2_ctrl,149,47,150.56666666666666,-0.07383288443088531,-1.1671079666170343
UBFC_PHYS_s13_T2_ctrl,149,48,150.6,0.020010141655802727,-1.0139741059624452
UBFC_PHYS_s13_T2_ctrl,149,49,150.63333333333333,0.09495869278907776,-0.7145157124543834
UBFC_PHYS_s13_T2_ctrl,149,50,150.66666666666666,0.09973668307065964,-0.3091135956678342
UBFC_PHYS_s13_T2_ctrl,149,51,150.7,0.017953958362340927,0.13617205741868776
UBFC_PHYS_s13_T2_ctrl,149,52,150.73333333333332,-0.1327141970396042,0.5499121369267854
UBFC_PHYS_s13_T2_ctrl,149,53,150.76666666666668,-0.3161923289299011,0.8756136714372839
UBFC_PHYS_s13_T2_ctrl,149,54,150.8,-0.48326054215431213,1.0837600273123875
UBFC_PHYS_s13_T2_ctrl,149,55,150.83333333333334,-0.5857236981391907,1.1724535495826829
UBFC_PHYS_s13_T2_ctrl,149,56,150.86666666666667,-0.6180723905563354,1.1592652345017482
UBFC_PHYS_s13_T2_ctrl,149,57,150.9,-0.600947380065918,1.0700799650545145
UBFC_PHYS_s13_T2_ctrl,149,58,150.93333333333334,-0.5577807426452637,0.9301663799179267
UBFC_PHYS_s13_T2_ctrl,149,59,150.96666666666667,-0.49333715438842773,0.7598912259291362
UBFC_PHYS_s13_T2_ctrl,149,60,151.0,-0.4133206307888031,0.5747591392845097
UBFC_PHYS_s13_T2_ctrl,149,61,151.03333333333333,-0.3289347290992737,0.38789757122127094
UBFC_PHYS_s13_T2_ctrl,149,62,151.06666666666666,-0.25229576230049133,0.21275865292814825
UBFC_PHYS_s13_T2_ctrl,149,63,151.1,-0.1855093538761139,0.06422689310341137
UBFC_PHYS_s13_T2_ctrl,149,64,151.13333333333333,-0.12281882017850876,-0.04289041192218885
UBFC_PHYS_s13_T2_ctrl,149,65,151.16666666666666,-0.05881022289395332,-0.09777288374317972
UBFC_PHYS_s13_T2_ctrl,149,66,151.2,0.00508304126560688,-0.098147741067004
UBFC_PHYS_s13_T2_ctrl,149,67,151.23333333333332,0.06145673990249634,-0.052971286167662036
UBFC_PHYS_s13_T2_ctrl,149,68,151.26666666666668,0.10479476302862167,0.018545161581520753
UBFC_PHYS_s13_T2_ctrl,149,69,151.3,0.13847795128822327,0.09161658145291465
UBFC_PHYS_s13_T2_ctrl,149,70,151.33333333333334,0.17163719236850739,0.1427151594183417
UBFC_PHYS_s13_T2_ctrl,149,71,151.36666666666667,0.20878030359745026,0.15611276339626443
UBFC_PHYS_s13_T2_ctrl,149,72,151.4,0.24912631511688232,0.12776187500543842
UBFC_PHYS_s13_T2_ctrl,149,73,151.43333333333334,0.2930607795715332,0.06517365677760564
UBFC_PHYS_s13_T2_ctrl,149,74,151.46666666666667,0.33929523825645447,-0.016396478850582354
UBFC_PHYS_s13_T2_ctrl,149,75,151.5,0.371390163898468,-0.09967925784379951
UBFC_PHYS_s13_T2_ctrl,149,76,151.53333333333333,0.3652248978614807,-0.1707218020686289
UBFC_PHYS_s13_T2_ctrl,149,77,151.56666666666666,0.32847392559051514,-0.2220564804991349
UBFC_PHYS_s13_T2_ctrl,149,78,151.6,0.29781240224838257,-0.2531878507611419
UBFC_PHYS_s13_T2_ctrl,149,79,151.63333333333333,0.29434916377067566,-0.2689980423188824
UBFC_PHYS_s13_T2_ctrl,149,80,151.66666666666666,0.3057998716831207,-0.2770966024899499
UBFC_PHYS_s13_T2_ctrl,149,81,151.7,0.33139342069625854,-0.2850416782118252
UBFC_PHYS_s13_T2_ctrl,149,82,151.73333333333332,0.40817078948020935,-0.2981888167212166
UBFC_PHYS_s13_T2_ctrl,149,83,151.76666666666668,0.5601570010185242,-0.31886386323477545
UBFC_PHYS_s13_T2_ctrl,149,84,151.8,0.7527133226394653,-0.34737903152073674
UBFC_PHYS_s13_T2_ctrl,149,85,151.83333333333334,0.9472039341926575,-0.38454780628978164
UBFC_PHYS_s13_T2_ctrl,149,86,151.86666666666667,1.1588788032531738,-0.43387240810432925
UBFC_PHYS_s13_T2_ctrl,149,87,151.9,1.442226767539978,-0.5008928613445969
UBFC_PHYS_s13_T2_ctrl,149,88,151.93333333333334,1.809818983078003,-0.5884874796799159
UBFC_PHYS_s13_T2_ctrl,149,89,151.96666666666667,2.1294796466827393,-0.6896165287130004
UBFC_PHYS_s13_T2_ctrl,149,90,152.0,2.1667447090148926,-0.7814615364903932
UBFC_PHYS_s13_T2_ctrl,149,91,152.03333333333333,1.8726149797439575,-0.8255577830590545
UBFC_PHYS_s13_T2_ctrl,149,92,152.06666666666666,1.4909194707870483,-0.7766076022176192
UBFC_PHYS_s13_T2_ctrl,149,93,152.1,1.2150382995605469,-0.5988222291764485
UBFC_PHYS_s13_T2_ctrl,149,94,152.13333333333333,1.0534828901290894,-0.2844083107051379
UBFC_PHYS_s13_T2_ctrl,149,95,152.16666666666666,0.963762104511261,0.13408220354765954
UBFC_PHYS_s13_T2_ctrl,149,96,152.2,0.8983662724494934,0.5854911431981995
UBFC_PHYS_s13_T2_ctrl,149,97,152.23333333333332,0.8071527481079102,0.978494878472201
UBFC_PHYS_s13_T2_ctrl,149,98,152.26666666666668,0.6960331797599792,1.2303830790618642
UBFC_PHYS_s13_T2_ctrl,149,99,152.3,0.6243402361869812,1.2936596509115477
UBFC_PHYS_s13_T2_ctrl,149,100,152.33333333333334,0.6051657199859619,1.1696371189576042
UBFC_PHYS_s13_T2_ctrl,149,101,152.36666666666667,0.5794732570648193,0.9052014630599136
UBFC_PHYS_s13_T2_ctrl,149,102,152.4,0.532998263835907,0.57581870128428
UBFC_PHYS_s13_T2_ctrl,149,103,152.43333333333334,0.49840232729911804,0.2618656117465957
UBFC_PHYS_s13_T2_ctrl,149,104,152.46666666666667,0.5243616104125977,0.026170996867868872
UBFC_PHYS_s13_T2_ctrl,149,105,152.5,0.5392459034919739,-0.1008225455169594
UBFC_PHYS_s13_T2_ctrl,149,106,152.53333333333333,0.531947135925293,-0.12450938405610658
UBFC_PHYS_s13_T2_ctrl,149,107,152.56666666666666,0.525376558303833,-0.07781393253675148
UBFC_PHYS_s13_T2_ctrl,149,108,152.6,0.6030468940734863,-0.0045436474836700064
UBFC_PHYS_s13_T2_ctrl,149,109,152.63333333333333,0.6701266169548035,0.05908919682383765
UBFC_PHYS_s13_T2_ctrl,149,110,152.66666666666666,0.6770497560501099,0.09729434706763185
UBFC_PHYS_s13_T2_ctrl,149,111,152.7,0.6194271445274353,0.11663862349973077
UBFC_PHYS_s13_T2_ctrl,149,112,152.73333333333332,0.5997846722602844,0.13690890915933315
UBFC_PHYS_s13_T2_ctrl,149,113,152.76666666666668,0.5670406222343445,0.17595839015704698
UBFC_PHYS_s13_T2_ctrl,149,114,152.8,0.45890647172927856,0.23613602126399805
UBFC_PHYS_s13_T2_ctrl,149,115,152.83333333333334,0.10423458367586136,0.2987818782355315
UBFC_PHYS_s13_T2_ctrl,149,116,152.86666666666667,-0.9297423362731934,0.32932004605520443
UBFC_PHYS_s13_T2_ctrl,149,117,152.9,-1.5162357091903687,0.29068598560317405
UBFC_PHYS_s13_T2_ctrl,149,118,152.93333333333334,-1.443758487701416,0.15935408327616796
UBFC_PHYS_s13_T2_ctrl,149,119,152.96666666666667,-1.0490635633468628,-0.06255239809271175
UBFC_PHYS_s13_T2_ctrl,149,120,153.0,-0.4571628272533417,-0.34363134920851746
UBFC_PHYS_s13_T2_ctrl,149,121,153.03333333333333,-0.02531486377120018,-0.629300438055698
UBFC_PHYS_s13_T2_ctrl,149,122,153.06666666666666,-0.25118201971054077,-0.8558067809211246
UBFC_PHYS_s13_T2_ctrl,149,123,153.1,-0.9107094407081604,-0.9681789063081524
UBFC_PHYS_s13_T2_ctrl,149,124,153.13333333333333,-1.5622889995574951,-0.9369875251135119
UBFC_PHYS_s13_T2_ctrl,149,125,153.16666666666666,-2.023289203643799,-0.7686338204312614
UBFC_PHYS_s13_T2_ctrl,149,126,153.2,-2.3385608196258545,-0.5050132794346934
UBFC_PHYS_s13_T2_ctrl,149,127,153.23333333333332,-2.3611295223236084,-0.2113174786567195
UBFC_PHYS_s13_T2_ctrl,149,128,153.26666666666668,-2.11383056640625,0.04480683370302449
UBFC_PHYS_s13_T2_ctrl,149,129,153.3,-1.7725073099136353,0.2153199883192467
UBFC_PHYS_s13_T2_ctrl,149,130,153.33333333333334,-1.410454273223877,0.28610671571759067
UBFC_PHYS_s13_T2_ctrl,149,131,153.36666666666667,-0.9552534818649292,0.2773879176146838
UBFC_PHYS_s13_T2_ctrl,149,132,153.4,-0.45239800214767456,0.2305748325511633
UBFC_PHYS_s13_T2_ctrl,149,133,153.43333333333334,-0.03125275298953056,0.18825351879353708
UBFC_PHYS_s13_T2_ctrl,149,134,153.46666666666667,0.23409047722816467,0.1763709353264495
UBFC_PHYS_s13_T2_ctrl,149,135,153.5,0.32487890124320984,0.19569753272570709
UBFC_PHYS_s13_T2_ctrl,149,136,153.53333333333333,0.2833729684352875,0.2250501868870109
UBFC_PHYS_s13_T2_ctrl,149,137,153.56666666666666,0.2340937703847885,0.2337334466154188
UBFC_PHYS_s13_T2_ctrl,149,138,153.6,0.2872546911239624,0.19712938931020169
UBFC_PHYS_s13_T2_ctrl,149,139,153.63333333333333,0.4186362326145172,0.10861881912101415
UBFC_PHYS_s13_T2_ctrl,149,140,153.66666666666666,0.53560471534729,-0.016819379358460906
UBFC_PHYS_s13_T2_ctrl,149,141,153.7,0.5938435196876526,-0.14813126792574619
UBFC_PHYS_s13_T2_ctrl,149,142,153.73333333333332,0.6141944527626038,-0.24993285651514188
UBFC_PHYS_s13_T2_ctrl,149,143,153.76666666666668,0.6273882985115051,-0.2956164486791232
UBFC_PHYS_s13_T2_ctrl,149,144,153.8,0.6279484629631042,-0.2772057304042088
UBFC_PHYS_s13_T2_ctrl,149,145,153.83333333333334,0.6037652492523193,-0.2086809242983412
UBFC_PHYS_s13_T2_ctrl,149,146,153.86666666666667,0.553602933883667,-0.12101179919524285
UBFC_PHYS_s13_T2_ctrl,149,147,153.9,0.5013152360916138,-0.049709716240140964
UBFC_PHYS_s13_T2_ctrl,149,148,153.93333333333334,0.46139761805534363,-0.01952863304185183
UBFC_PHYS_s13_T2_ctrl,149,149,153.96666666666667,0.4403744637966156,-0.033294483398578274
UBFC_PHYS_s13_T2_ctrl,149,150,154.0,0.45343977212905884,-0.07024767072422627
UBFC_PHYS_s13_T2_ctrl,149,151,154.03333333333333,0.4968700706958771,-0.0946986777308185
UBFC_PHYS_s13_T2_ctrl,149,152,154.06666666666666,0.487152636051178,-0.07103030840031818
UBFC_PHYS_s13_T2_ctrl,149,153,154.1,0.3130558431148529,0.02143015728727408
UBFC_PHYS_s13_T2_ctrl,149,154,154.13333333333333,-0.05867182835936546,0.1794289313195885
UBFC_PHYS_s13_T2_ctrl,149,155,154.16666666666666,-0.5796605944633484,0.375577414068873
UBFC_PHYS_s13_T2_ctrl,149,156,154.2,-0.9109269380569458,0.566500570204038
UBFC_PHYS_s13_T2_ctrl,149,157,154.23333333333332,-0.8523916006088257,0.7061305916091547
UBFC_PHYS_s13_T2_ctrl,149,158,154.26666666666668,-0.5906236171722412,0.7592386015422715
UBFC_PHYS_s13_T2_ctrl,149,159,154.3,-0.3211482763290405,0.7105456648612175
UBFC_PHYS_s13_T2_ctrl,149,160,154.33333333333334,-0.09446392208337784,0.5670590082220865
UBFC_PHYS_s13_T2_ctrl,149,161,154.36666666666667,0.055245351046323776,0.354194704044177
UBFC_PHYS_s13_T2_ctrl,149,162,154.4,0.13642175495624542,0.1081408631617735
UBFC_PHYS_s13_T2_ctrl,149,163,154.43333333333334,0.20996657013893127,-0.13264203491904972
UBFC_PHYS_s13_T2_ctrl,149,164,154.46666666666667,0.32247012853622437,-0.334520699077956
UBFC_PHYS_s13_T2_ctrl,149,165,154.5,0.44795334339141846,-0.47332825803996126
UBFC_PHYS_s13_T2_ctrl,149,166,154.53333333333333,0.557323157787323,-0.5366499602348103
UBFC_PHYS_s13_T2_ctrl,149,167,154.56666666666666,0.6657242774963379,-0.5243074917053512
UBFC_PHYS_s13_T2_ctrl,149,168,154.6,0.7763693332672119,-0.4472183518281874
UBFC_PHYS_s13_T2_ctrl,149,169,154.63333333333333,0.8342785835266113,-0.324526695824106
UBFC_PHYS_s13_T2_ctrl,149,170,154.66666666666666,0.8088399171829224,-0.1794414526407791
UBFC_PHYS_s13_T2_ctrl,149,171,154.7,0.7200022339820862,-0.034990553158791175
UBFC_PHYS_s13_T2_ctrl,149,172,154.73333333333332,0.6039299964904785,0.08903170192714045
UBFC_PHYS_s13_T2_ctrl,149,173,154.76666666666668,0.4781765937805176,0.17745244427763926
UBFC_PHYS_s13_T2_ctrl,149,174,154.8,0.34046831727027893,0.22008497976613137
UBFC_PHYS_s13_T2_ctrl,149,175,154.83333333333334,0.19681227207183838,0.21216214571589118
UBFC_PHYS_s13_T2_ctrl,149,176,154.86666666666667,0.05914353206753731,0.15524197288698816
UBFC_PHYS_s13_T2_ctrl,149,177,154.9,-0.07447544485330582,0.057896667638607346
UBFC_PHYS_s13_T2_ctrl,149,178,154.93333333333334,-0.2154228687286377,-0.06496663774397311
UBFC_PHYS_s13_T2_ctrl,149,179,154.96666666666667,-0.365600049495697,-0.1948236333524862
UBFC_PHYS_s13_T2_ctrl,149,180,155.0,-0.5202817320823669,-0.31384615524865467
UBFC_PHYS_s13_T2_ctrl,149,181,155.03333333333333,-0.6803971529006958,-0.40923580819089644
UBFC_PHYS_s13_T2_ctrl,149,182,155.06666666666666,-0.843109130859375,-0.47552994795370535
UBFC_PHYS_s13_T2_ctrl,149,183,155.1,-1.0171960592269897,-0.5134936443407071
UBFC_PHYS_s13_T2_ctrl,149,184,155.13333333333333,-1.2198421955108643,-0.5259307435910943
UBFC_PHYS_s13_T2_ctrl,149,185,155.16666666666666,-1.4159736633300781,-0.5127162240246045
UBFC_PHYS_s13_T2_ctrl,149,186,155.2,-1.4879038333892822,-0.46833730329587286
UBFC_PHYS_s13_T2_ctrl,149,187,155.23333333333332,-1.3981765508651733,-0.38408192351960363
UBFC_PHYS_s13_T2_ctrl,149,188,155.26666666666668,-1.2424535751342773,-0.25394986372290784
UBFC_PHYS_s13_T2_ctrl,149,189,155.3,-1.153971791267395,-0.080768556219041
UBFC_PHYS_s13_T2_ctrl,149,190,155.33333333333334,-1.154881238937378,0.12101693015592314
UBFC_PHYS_s13_T2_ctrl,149,191,155.36666666666667,-1.2894656658172607,0.32735338671446196
UBFC_PHYS_s13_T2_ctrl,149,192,155.4,-1.5973758697509766,0.5104644103319469
UBFC_PHYS_s13_T2_ctrl,149,193,155.43333333333334,-2.076150417327881,0.6460748872453889
UBFC_PHYS_s13_T2_ctrl,149,194,155.46666666666667,-2.5814409255981445,0.7191213650729428
UBFC_PHYS_s13_T2_ctrl,149,195,155.5,-2.914302110671997,0.7261871401499885
UBFC_PHYS_s13_T2_ctrl,149,196,155.53333333333333,-2.9154653549194336,0.6747644944152206
UBFC_PHYS_s13_T2_ctrl,149,197,155.56666666666666,-2.612692356109619,0.5805651544104793
UBFC_PHYS_s13_T2_ctrl,149,198,155.6,-2.087360382080078,0.46372866694538317
UBFC_PHYS_s13_T2_ctrl,149,199,155.63333333333333,-1.418326497077942,0.3442588757925035
UBFC_PHYS_s13_T2_ctrl,149,200,155.66666666666666,-0.6878409385681152,0.23757057026655468
UBFC_PHYS_s13_T2_ctrl,149,201,155.7,0.44489872455596924,0.15162395286445263
UBFC_PHYS_s13_T2_ctrl,149,202,155.73333333333332,1.4762263298034668,0.08651559880987007
UBFC_PHYS_s13_T2_ctrl,149,203,155.76666666666668,1.864973545074463,0.03625640834367886
UBFC_PHYS_s13_T2_ctrl,149,204,155.8,1.7791937589645386,-0.008079262052226064
UBFC_PHYS_s13_T2_ctrl,149,205,155.83333333333334,1.4575262069702148,-0.054691882772887335
UBFC_PHYS_s13_T2_ctrl,149,206,155.86666666666667,0.9897939562797546,-0.10780495812095287
UBFC_PHYS_s13_T2_ctrl,149,207,155.9,0.5759112238883972,-0.16584306922269465
UBFC_PHYS_s13_T2_ctrl,149,208,155.93333333333334,0.37091565132141113,-0.2218788430385364
UBFC_PHYS_s13_T2_ctrl,149,209,155.96666666666667,0.3880043923854828,-0.2664545892198482
UBFC_PHYS_s13_T2_ctrl,149,210,156.0,0.5096388459205627,-0.29173336865682387
UBFC_PHYS_s13_T2_ctrl,149,211,156.03333333333333,0.6990252137184143,-0.29512560609116284
UBFC_PHYS_s13_T2_ctrl,149,212,156.06666666666666,0.9345867037773132,-0.2807142103290646
UBFC_PHYS_s13_T2_ctrl,149,213,156.1,1.0640274286270142,-0.2577697580420985
UBFC_PHYS_s13_T2_ctrl,149,214,156.13333333333333,0.9244870543479919,-0.2368279356680449
UBFC_PHYS_s13_T2_ctrl,149,215,156.16666666666666,0.5645198225975037,-0.22479465836142073
UBFC_PHYS_s13_T2_ctrl,149,216,156.2,0.17696218192577362,-0.2211138800203275
UBFC_PHYS_s13_T2_ctrl,149,217,156.23333333333332,-0.09538985788822174,-0.21702412015910283
UBFC_PHYS_s13_T2_ctrl,149,218,156.26666666666668,-0.20336586236953735,-0.19912168592538002
UBFC_PHYS_s13_T2_ctrl,149,219,156.3,-0.16240695118904114,-0.15651256722440474
UBFC_PHYS_s13_T2_ctrl,149,220,156.33333333333334,-0.002331082010641694,-0.08831334331259758
UBFC_PHYS_s13_T2_ctrl,149,221,156.36666666666667,0.22256727516651154,-0.007206902470622485
UBFC_PHYS_s13_T2_ctrl,149,222,156.4,0.49132099747657776,0.06343350923413786
UBFC_PHYS_s13_T2_ctrl,149,223,156.43333333333334,0.8118088245391846,0.09791670694629154
UBFC_PHYS_s13_T2_ctrl,149,224,156.46666666666667,1.120163917541504,0.07847610520016972
UBFC_PHYS_s13_T2_ctrl,149,225,156.5,1.2731451988220215,0.0032850874913267995
UBFC_PHYS_s13_T2_ctrl,149,226,156.53333333333333,1.2627819776535034,-0.11022604888939921
UBFC_PHYS_s13_T2_ctrl,149,227,156.56666666666666,1.2560861110687256,-0.22738533032996375
UBFC_PHYS_s13_T2_ctrl,149,228,156.6,1.348838448524475,-0.3036065168168261
UBFC_PHYS_s13_T2_ctrl,149,229,156.63333333333333,1.4697710275650024,-0.29648472520770286
UBFC_PHYS_s13_T2_ctrl,149,230,156.66666666666666,1.5083211660385132,-0.1803506189096788
UBFC_PHYS_s13_T2_ctrl,149,231,156.7,1.4060853719711304,0.04143775301810805
UBFC_PHYS_s13_T2_ctrl,149,232,156.73333333333332,1.238091230392456,0.33228971158968545
UBFC_PHYS_s13_T2_ctrl,149,233,156.76666666666668,1.1388441324234009,0.6298484651263396
UBFC_PHYS_s13_T2_ctrl,149,234,156.8,1.1595213413238525,0.8632527023078278
UBFC_PHYS_s13_T2_ctrl,149,235,156.83333333333334,1.2108501195907593,0.9733707695731637
UBFC_PHYS_s13_T2_ctrl,149,236,156.86666666666667,1.1938306093215942,0.9283811856909907
UBFC_PHYS_s13_T2_ctrl,149,237,156.9,1.0343314409255981,0.7301891548047429
UBFC_PHYS_s13_T2_ctrl,149,238,156.93333333333334,0.6763742566108704,0.4116375849532578
UBFC_PHYS_s13_T2_ctrl,149,239,156.96666666666667,0.11322049796581268,0.027686773312854494
UBFC_PHYS_s13_T2_ctrl,150,0,150.0,-0.47391873598098755,0.08237115174223085
UBFC_PHYS_s13_T2_ctrl,150,1,150.03333333333333,-0.2602865397930145,-0.14683429221573194
UBFC_PHYS_s13_T2_ctrl,150,2,150.06666666666666,0.019031478092074394,-0.37800717336669293
UBFC_PHYS_s13_T2_ctrl,150,3,150.1,0.3640748858451843,-0.60424916067464
UBFC_PHYS_s13_T2_ctrl,150,4,150.13333333333333,0.7410154938697815,-0.8119205415294404
UBFC_PHYS_s13_T2_ctrl,150,5,150.16666666666666,1.097578763961792,-0.9827250229188583
UBFC_PHYS_s13_T2_ctrl,150,6,150.2,1.5211130380630493,-1.0989879655428627
UBFC_PHYS_s13_T2_ctrl,150,7,150.23333333333332,1.7249256372451782,-1.1504023857550902
UBFC_PHYS_s13_T2_ctrl,150,8,150.26666666666668,1.5651332139968872,-1.139586449419346
UBFC_PHYS_s13_T2_ctrl,150,9,150.3,1.2165803909301758,-1.083788551978032
UBFC_PHYS_s13_T2_ctrl,150,10,150.33333333333334,0.8255957961082458,-1.0116766316972954
UBFC_PHYS_s13_T2_ctrl,150,11,150.36666666666667,0.45122212171554565,-0.9560338183143043
UBFC_PHYS_s13_T2_ctrl,150,12,150.4,0.16985450685024261,-0.9439942824583964
UBFC_PHYS_s13_T2_ctrl,150,13,150.43333333333334,-0.013702698983252048,-0.9867556728682214
UBFC_PHYS_s13_T2_ctrl,150,14,150.46666666666667,-0.11387903988361359,-1.0714757549200895
UBFC_PHYS_s13_T2_ctrl,150,15,150.5,-0.16573835909366608,-1.1590250218976337
UBFC_PHYS_s13_T2_ctrl,150,16,150.53333333333333,-0.1500072330236435,-1.1911443131455826
UBFC_PHYS_s13_T2_ctrl,150,17,150.56666666666666,-0.07383288443088531,-1.107838591486181
UBFC_PHYS_s13_T2_ctrl,150,18,150.6,0.020010141655802727,-0.8705497495512939
UBFC_PHYS_s13_T2_ctrl,150,19,150.63333333333333,0.09495869278907776,-0.48158152068868426
UBFC_PHYS_s13_T2_ctrl,150,20,150.66666666666666,0.09973668307065964,0.010762420248358124
UBFC_PHYS_s13_T2_ctrl,150,21,150.7,0.017953958362340927,0.5262469307587785
UBFC_PHYS_s13_T2_ctrl,150,22,150.73333333333332,-0.1327141970396042,0.9803704901307505
UBFC_PHYS_s13_T2_ctrl,150,23,150.76666666666668,-0.3161923289299011,1.312075363109308
UBFC_PHYS_s13_T2_ctrl,150,24,150.8,-0.48326054215431213,1.498819422511214
UBFC_PHYS_s13_T2_ctrl,150,25,150.83333333333334,-0.5857236981391907,1.554276345103844
UBFC_PHYS_s13_T2_ctrl,150,26,150.86666666666667,-0.6180723905563354,1.5130082193300434
UBFC_PHYS_s13_T2_ctrl,150,27,150.9,-0.600947380065918,1.4116498825559913
UBFC_PHYS_s13_T2_ctrl,150,28,150.93333333333334,-0.5577807426452637,1.2754680961592546
UBFC_PHYS_s13_T2_ctrl,150,29,150.96666666666667,-0.49333715438842773,1.114533009412865
UBFC_PHYS_s13_T2_ctrl,150,30,151.0,-0.4133206307888031,0.9286121126676878
UBFC_PHYS_s13_T2_ctrl,150,31,151.03333333333333,-0.3289347290992737,0.7164956332703457
UBFC_PHYS_s13_T2_ctrl,150,32,151.06666666666666,-0.25229576230049133,0.48453817371717534
UBFC_PHYS_s13_T2_ctrl,150,33,151.1,-0.1855093538761139,0.2503749209970821
UBFC_PHYS_s13_T2_ctrl,150,34,151.13333333333333,-0.12281882017850876,0.04016732435725791
UBFC_PHYS_s13_T2_ctrl,150,35,151.16666666666666,-0.05881022289395332,-0.1193588750621802
UBFC_PHYS_s13_T2_ctrl,150,36,151.2,0.00508304126560688,-0.21033124918785623
UBFC_PHYS_s13_T2_ctrl,150,37,151.23333333333332,0.06145673990249634,-0.23025631794349238
UBFC_PHYS_s13_T2_ctrl,150,38,151.26666666666668,0.10479476302862167,-0.19314041437393206
UBFC_PHYS_s13_T2_ctrl,150,39,151.3,0.13847795128822327,-0.12535943346245573
UBFC_PHYS_s13_T2_ctrl,150,40,151.33333333333334,0.17163719236850739,-0.05812569773471709
UBFC_PHYS_s13_T2_ctrl,150,41,151.36666666666667,0.20878030359745026,-0.019056374125156674
UBFC_PHYS_s13_T2_ctrl,150,42,151.4,0.24912631511688232,-0.02546667124516573
UBFC_PHYS_s13_T2_ctrl,150,43,151.43333333333334,0.2930607795715332,-0.08130649833945833
UBFC_PHYS_s13_T2_ctrl,150,44,151.46666666666667,0.33929523825645447,-0.17804124285313644
UBFC_PHYS_s13_T2_ctrl,150,45,151.5,0.371390163898468,-0.29832854875849324
UBFC_PHYS_s13_T2_ctrl,150,46,151.53333333333333,0.3652248978614807,-0.4209967147608996
UBFC_PHYS_s13_T2_ctrl,150,47,151.56666666666666,0.32847392559051514,-0.526112065372587
UBFC_PHYS_s13_T2_ctrl,150,48,151.6,0.29781240224838257,-0.5990641849079639
UBFC_PHYS_s13_T2_ctrl,150,49,151.63333333333333,0.29434916377067566,-0.63273532898837
UBFC_PHYS_s13_T2_ctrl,150,50,151.66666666666666,0.3057998716831207,-0.6273314582386036
UBFC_PHYS_s13_T2_ctrl,150,51,151.7,0.33139342069625854,-0.5881605262415505
UBFC_PHYS_s13_T2_ctrl,150,52,151.73333333333332,0.40817078948020935,-0.5222725304770373
UBFC_PHYS_s13_T2_ctrl,150,53,151.76666666666668,0.5601570010185242,-0.4355338466690538
UBFC_PHYS_s13_T2_ctrl,150,54,151.8,0.7527133226394653,-0.332131810083144
UBFC_PHYS_s13_T2_ctrl,150,55,151.83333333333334,0.9472039341926575,-0.2174997993449442
UBFC_PHYS_s13_T2_ctrl,150,56,151.86666666666667,1.1588788032531738,-0.10293635127624406
UBFC_PHYS_s13_T2_ctrl,150,57,151.9,1.442226767539978,-0.00791120408384675
UBFC_PHYS_s13_T2_ctrl,150,58,151.93333333333334,1.809818983078003,0.043493313954423456
UBFC_PHYS_s13_T2_ctrl,150,59,151.96666666666667,2.1294796466827393,0.03232183765377246
UBFC_PHYS_s13_T2_ctrl,150,60,152.0,2.1667447090148926,-0.043201557136262156
UBFC_PHYS_s13_T2_ctrl,150,61,152.03333333333333,1.8726149797439575,-0.15967846263349467
UBFC_PHYS_s13_T2_ctrl,150,62,152.06666666666666,1.4909194707870483,-0.2700421792472944
UBFC_PHYS_s13_T2_ctrl,150,63,152.1,1.2150382995605469,-0.3161930183448763
UBFC_PHYS_s13_T2_ctrl,150,64,152.13333333333333,1.0534828901290894,-0.24953079341595963
UBFC_PHYS_s13_T2_ctrl,150,65,152.16666666666666,0.963762104511261,-0.05203283512008814
UBFC_PHYS_s13_T2_ctrl,150,66,152.2,0.8983662724494934,0.25116042515043596
UBFC_PHYS_s13_T2_ctrl,150,67,152.23333333333332,0.8071527481079102,0.5944259085727002
UBFC_PHYS_s13_T2_ctrl,150,68,152.26666666666668,0.6960331797599792,0.8903103978254971
UBFC_PHYS_s13_T2_ctrl,150,69,152.3,0.6243402361869812,1.057859622141096
UBFC_PHYS_s13_T2_ctrl,150,70,152.33333333333334,0.6051657199859619,1.049954888329533
UBFC_PHYS_s13_T2_ctrl,150,71,152.36666666666667,0.5794732570648193,0.8691984294942046
UBFC_PHYS_s13_T2_ctrl,150,72,152.4,0.532998263835907,0.5664826531730293
UBFC_PHYS_s13_T2_ctrl,150,73,152.43333333333334,0.49840232729911804,0.22306918516753463
UBFC_PHYS_s13_T2_ctrl,150,74,152.46666666666667,0.5243616104125977,-0.07706577084421481
UBFC_PHYS_s13_T2_ctrl,150,75,152.5,0.5392459034919739,-0.27454440834017646
UBFC_PHYS_s13_T2_ctrl,150,76,152.53333333333333,0.531947135925293,-0.35163115625120045
UBFC_PHYS_s13_T2_ctrl,150,77,152.56666666666666,0.525376558303833,-0.33278745823310596
UBFC_PHYS_s13_T2_ctrl,150,78,152.6,0.6030468940734863,-0.26885666495184346
UBFC_PHYS_s13_T2_ctrl,150,79,152.63333333333333,0.6701266169548035,-0.21188634265112863
UBFC_PHYS_s13_T2_ctrl,150,80,152.66666666666666,0.6770497560501099,-0.19208613211724482
UBFC_PHYS_s13_T2_ctrl,150,81,152.7,0.6194271445274353,-0.2073943680414892
UBFC_PHYS_s13_T2_ctrl,150,82,152.73333333333332,0.5997846722602844,-0.22925897136270135
UBFC_PHYS_s13_T2_ctrl,150,83,152.76666666666668,0.5670406222343445,-0.2200982373120458
UBFC_PHYS_s13_T2_ctrl,150,84,152.8,0.45890647172927856,-0.15352591463225468
UBFC_PHYS_s13_T2_ctrl,150,85,152.83333333333334,0.10423458367586136,-0.02876106754861857
UBFC_PHYS_s13_T2_ctrl,150,86,152.86666666666667,-0.9297423362731934,0.1259467611941867
UBFC_PHYS_s13_T2_ctrl,150,87,152.9,-1.5162357091903687,0.261485901033783
UBFC_PHYS_s13_T2_ctrl,150,88,152.93333333333334,-1.443758487701416,0.3242474178051122
UBFC_PHYS_s13_T2_ctrl,150,89,152.96666666666667,-1.0490635633468628,0.2750871338154153
UBFC_PHYS_s13_T2_ctrl,150,90,153.0,-0.4571628272533417,0.10513305875907758
UBFC_PHYS_s13_T2_ctrl,150,91,153.03333333333333,-0.02531486377120018,-0.15638797241552063
UBFC_PHYS_s13_T2_ctrl,150,92,153.06666666666666,-0.25118201971054077,-0.44580069548429
UBFC_PHYS_s13_T2_ctrl,150,93,153.1,-0.9107094407081604,-0.6810264318415048
UBFC_PHYS_s13_T2_ctrl,150,94,153.13333333333333,-1.5622889995574951,-0.7865781316083469
UBFC_PHYS_s13_T2_ctrl,150,95,153.16666666666666,-2.023289203643799,-0.7194977884444214
UBFC_PHYS_s13_T2_ctrl,150,96,153.2,-2.3385608196258545,-0.48605648897058734
UBFC_PHYS_s13_T2_ctrl,150,97,153.23333333333332,-2.3611295223236084,-0.14121621587327748
UBFC_PHYS_s13_T2_ctrl,150,98,153.26666666666668,-2.11383056640625,0.23052201896525848
UBFC_PHYS_s13_T2_ctrl,150,99,153.3,-1.7725073099136353,0.5456975363935463
UBFC_PHYS_s13_T2_ctrl,150,100,153.33333333333334,-1.410454273223877,0.7504621079325445
UBFC_PHYS_s13_T2_ctrl,150,101,153.36666666666667,-0.9552534818649292,0.8341787469358041
UBFC_PHYS_s13_T2_ctrl,150,102,153.4,-0.45239800214767456,0.8231248772310056
UBFC_PHYS_s13_T2_ctrl,150,103,153.43333333333334,-0.03125275298953056,0.7597305048562764
UBFC_PHYS_s13_T2_ctrl,150,104,153.46666666666667,0.23409047722816467,0.67895583321941
UBFC_PHYS_s13_T2_ctrl,150,105,153.5,0.32487890124320984,0.5929841031774797
UBFC_PHYS_s13_T2_ctrl,150,106,153.53333333333333,0.2833729684352875,0.48979959190127514
UBFC_PHYS_s13_T2_ctrl,150,107,153.56666666666666,0.2340937703847885,0.34418870143209745
UBFC_PHYS_s13_T2_ctrl,150,108,153.6,0.2872546911239624,0.13487201839130397
UBFC_PHYS_s13_T2_ctrl,150,109,153.63333333333333,0.4186362326145172,-0.13985751044869357
UBFC_PHYS_s13_T2_ctrl,150,110,153.66666666666666,0.53560471534729,-0.45401771096472837
UBFC_PHYS_s13_T2_ctrl,150,111,153.7,0.5938435196876526,-0.756202779817267
UBFC_PHYS_s13_T2_ctrl,150,112,153.73333333333332,0.6141944527626038,-0.9817657931064776
UBFC_PHYS_s13_T2_ctrl,150,113,153.76666666666668,0.6273882985115051,-1.0718385467769402
UBFC_PHYS_s13_T2_ctrl,150,114,153.8,0.6279484629631042,-0.9942869781247313
UBFC_PHYS_s13_T2_ctrl,150,115,153.83333333333334,0.6037652492523193,-0.7600408211369792
UBFC_PHYS_s13_T2_ctrl,150,116,153.86666666666667,0.553602933883667,-0.4272302576782824
UBFC_PHYS_s13_T2_ctrl,150,117,153.9,0.5013152360916138,-0.08801470610494193
UBFC_PHYS_s13_T2_ctrl,150,118,153.93333333333334,0.46139761805534363,0.1598922471923376
UBFC_PHYS_s13_T2_ctrl,150,119,153.96666666666667,0.4403744637966156,0.2470556782221357
UBFC_PHYS_s13_T2_ctrl,150,120,154.0,0.45343977212905884,0.15797257019892144
UBFC_PHYS_s13_T2_ctrl,150,121,154.03333333333333,0.4968700706958771,-0.06208111443609157
UBFC_PHYS_s13_T2_ctrl,150,122,154.06666666666666,0.487152636051178,-0.32169059252183857
UBFC_PHYS_s13_T2_ctrl,150,123,154.1,0.3130558431148529,-0.5136289585996655
UBFC_PHYS_s13_T2_ctrl,150,124,154.13333333333333,-0.05867182835936546,-0.5501488773271119
UBFC_PHYS_s13_T2_ctrl,150,125,154.16666666666666,-0.5796605944633484,-0.3917014290472125
UBFC_PHYS_s13_T2_ctrl,150,126,154.2,-0.9109269380569458,-0.059800642173324065
UBFC_PHYS_s13_T2_ctrl,150,127,154.23333333333332,-0.8523916006088257,0.37018917396015244
UBFC_PHYS_s13_T2_ctrl,150,128,154.26666666666668,-0.5906236171722412,0.793531064551476
UBFC_PHYS_s13_T2_ctrl,150,129,154.3,-0.3211482763290405,1.1087726767201744
UBFC_PHYS_s13_T2_ctrl,150,130,154.33333333333334,-0.09446392208337784,1.2469050756695006
UBFC_PHYS_s13_T2_ctrl,150,131,154.36666666666667,0.055245351046323776,1.1876108594435286
UBFC_PHYS_s13_T2_ctrl,150,132,154.4,0.13642175495624542,0.9591632613528945
UBFC_PHYS_s13_T2_ctrl,150,133,154.43333333333334,0.20996657013893127,0.6248295822539122
UBFC_PHYS_s13_T2_ctrl,150,134,154.46666666666667,0.32247012853622437,0.262191423910993
UBFC_PHYS_s13_T2_ctrl,150,135,154.5,0.44795334339141846,-0.057741152604041834
UBFC_PHYS_s13_T2_ctrl,150,136,154.53333333333333,0.557323157787323,-0.2862038626341398
UBFC_PHYS_s13_T2_ctrl,150,137,154.56666666666666,0.6657242774963379,-0.40402345068413964
UBFC_PHYS_s13_T2_ctrl,150,138,154.6,0.7763693332672119,-0.4200014272850274
UBFC_PHYS_s13_T2_ctrl,150,139,154.63333333333333,0.8342785835266113,-0.36214209168670947
UBFC_PHYS_s13_T2_ctrl,150,140,154.66666666666666,0.8088399171829224,-0.26559348909090813
UBFC_PHYS_s13_T2_ctrl,150,141,154.7,0.7200022339820862,-0.16195830261998886
UBFC_PHYS_s13_T2_ctrl,150,142,154.73333333333332,0.6039299964904785,-0.07348860905367556
UBFC_PHYS_s13_T2_ctrl,150,143,154.76666666666668,0.4781765937805176,-0.013021932747946448
UBFC_PHYS_s13_T2_ctrl,150,144,154.8,0.34046831727027893,0.012399806169375607
UBFC_PHYS_s13_T2_ctrl,150,145,154.83333333333334,0.19681227207183838,-0.0021198957040082555
UBFC_PHYS_s13_T2_ctrl,150,146,154.86666666666667,0.05914353206753731,-0.060043514307321466
UBFC_PHYS_s13_T2_ctrl,150,147,154.9,-0.07447544485330582,-0.16071349650764377
UBFC_PHYS_s13_T2_ctrl,150,148,154.93333333333334,-0.2154228687286377,-0.2956175625869075
UBFC_PHYS_s13_T2_ctrl,150,149,154.96666666666667,-0.365600049495697,-0.4471184048560003
UBFC_PHYS_s13_T2_ctrl,150,150,155.0,-0.5202817320823669,-0.5916748817513462
UBFC_PHYS_s13_T2_ctrl,150,151,155.03333333333333,-0.6803971529006958,-0.7063912916673698
UBFC_PHYS_s13_T2_ctrl,150,152,155.06666666666666,-0.843109130859375,-0.7750330282522256
UBFC_PHYS_s13_T2_ctrl,150,153,155.1,-1.0171960592269897,-0.7897071493900256
UBFC_PHYS_s13_T2_ctrl,150,154,155.13333333333333,-1.2198421955108643,-0.7476767153847462
UBFC_PHYS_s13_T2_ctrl,150,155,155.16666666666666,-1.4159736633300781,-0.6466702986440724
UBFC_PHYS_s13_T2_ctrl,150,156,155.2,-1.4879038333892822,-0.48335536646020283
UBFC_PHYS_s13_T2_ctrl,150,157,155.23333333333332,-1.3981765508651733,-0.2572203832157627
UBFC_PHYS_s13_T2_ctrl,150,158,155.26666666666668,-1.2424535751342773,0.022518238027475043
UBFC_PHYS_s13_T2_ctrl,150,159,155.3,-1.153971791267395,0.33240413853674666
UBFC_PHYS_s13_T2_ctrl,150,160,155.33333333333334,-1.154881238937378,0.6367748309945669
UBFC_PHYS_s13_T2_ctrl,150,161,155.36666666666667,-1.2894656658172607,0.896248321756292
UBFC_PHYS_s13_T2_ctrl,150,162,155.4,-1.5973758697509766,1.0786238438345503
UBFC_PHYS_s13_T2_ctrl,150,163,155.43333333333334,-2.076150417327881,1.1669226008529576
UBFC_PHYS_s13_T2_ctrl,150,164,155.46666666666667,-2.5814409255981445,1.161310106560602
UBFC_PHYS_s13_T2_ctrl,150,165,155.5,-2.914302110671997,1.0752608912645476
UBFC_PHYS_s13_T2_ctrl,150,166,155.53333333333333,-2.9154653549194336,0.929125816627887
UBFC_PHYS_s13_T2_ctrl,150,167,155.56666666666666,-2.612692356109619,0.7446858990224474
UBFC_PHYS_s13_T2_ctrl,150,168,155.6,-2.087360382080078,0.542388117515383
UBFC_PHYS_s13_T2_ctrl,150,169,155.63333333333333,-1.418326497077942,0.34059480444681745
UBFC_PHYS_s13_T2_ctrl,150,170,155.66666666666666,-0.6878409385681152,0.1552135483015088
UBFC_PHYS_s13_T2_ctrl,150,171,155.7,0.44489872455596924,-0.0012756760578667911
UBFC_PHYS_s13_T2_ctrl,150,172,155.73333333333332,1.4762263298034668,-0.12109377741157043
UBFC_PHYS_s13_T2_ctrl,150,173,155.76666666666668,1.864973545074463,-0.2017589606810126
UBFC_PHYS_s13_T2_ctrl,150,174,155.8,1.7791937589645386,-0.24554004751633854
UBFC_PHYS_s13_T2_ctrl,150,175,155.83333333333334,1.4575262069702148,-0.2582525374389091
UBFC_PHYS_s13_T2_ctrl,150,176,155.86666666666667,0.9897939562797546,-0.24825430963235245
UBFC_PHYS_s13_T2_ctrl,150,177,155.9,0.5759112238883972,-0.22613071800814286
UBFC_PHYS_s13_T2_ctrl,150,178,155.93333333333334,0.37091565132141113,-0.20487769857310287
UBFC_PHYS_s13_T2_ctrl,150,179,155.96666666666667,0.3880043923854828,-0.1998905004879116
UBFC_PHYS_s13_T2_ctrl,150,180,156.0,0.5096388459205627,-0.22799536593849526
UBFC_PHYS_s13_T2_ctrl,150,181,156.03333333333333,0.6990252137184143,-0.30492573481175944
UBFC_PHYS_s13_T2_ctrl,150,182,156.06666666666666,0.9345867037773132,-0.4408971477465708
UBFC_PHYS_s13_T2_ctrl,150,183,156.1,1.0640274286270142,-0.6346233317669729
UBFC_PHYS_s13_T2_ctrl,150,184,156.13333333333333,0.9244870543479919,-0.8674028092725408
UBFC_PHYS_s13_T2_ctrl,150,185,156.16666666666666,0.5645198225975037,-1.100143694060836
UBFC_PHYS_s13_T2_ctrl,150,186,156.2,0.17696218192577362,-1.2764663287028732
UBFC_PHYS_s13_T2_ctrl,150,187,156.23333333333332,-0.09538985788822174,-1.3338362597895144
UBFC_PHYS_s13_T2_ctrl,150,188,156.26666666666668,-0.20336586236953735,-1.2219654942626297
UBFC_PHYS_s13_T2_ctrl,150,189,156.3,-0.16240695118904114,-0.9237720205820388
UBFC_PHYS_s13_T2_ctrl,150,190,156.33333333333334,-0.002331082010641694,-0.4704856245175124
UBFC_PHYS_s13_T2_ctrl,150,191,156.36666666666667,0.22256727516651154,0.057987913977757294
UBFC_PHYS_s13_T2_ctrl,150,192,156.4,0.49132099747657776,0.5516036421046989
UBFC_PHYS_s13_T2_ctrl,150,193,156.43333333333334,0.8118088245391846,0.9032088554840557
UBFC_PHYS_s13_T2_ctrl,150,194,156.46666666666667,1.120163917541504,1.0435420549963468
UBFC_PHYS_s13_T2_ctrl,150,195,156.5,1.2731451988220215,0.9636310079594926
UBFC_PHYS_s13_T2_ctrl,150,196,156.53333333333333,1.2627819776535034,0.7162516483147227
UBFC_PHYS_s13_T2_ctrl,150,197,156.56666666666666,1.2560861110687256,0.3977045278686242
UBFC_PHYS_s13_T2_ctrl,150,198,156.6,1.348838448524475,0.11780536006085333
UBFC_PHYS_s13_T2_ctrl,150,199,156.63333333333333,1.4697710275650024,-0.03201484245815764
UBFC_PHYS_s13_T2_ctrl,150,200,156.66666666666666,1.5083211660385132,-0.003813238509301745
UBFC_PHYS_s13_T2_ctrl,150,201,156.7,1.4060853719711304,0.1947281228441891
UBFC_PHYS_s13_T2_ctrl,150,202,156.73333333333332,1.238091230392456,0.5044414339595996
UBFC_PHYS_s13_T2_ctrl,150,203,156.76666666666668,1.1388441324234009,0.8344897881164213
UBFC_PHYS_s13_T2_ctrl,150,204,156.8,1.1595213413238525,1.0920379944249812
UBFC_PHYS_s13_T2_ctrl,150,205,156.83333333333334,1.2108501195907593,1.2115613855551794
UBFC_PHYS_s13_T2_ctrl,150,206,156.86666666666667,1.1938306093215942,1.1728438563045076
UBFC_PHYS_s13_T2_ctrl,150,207,156.9,1.0343314409255981,1.0009323272631478
UBFC_PHYS_s13_T2_ctrl,150,208,156.93333333333334,0.6763742566108704,0.7491588452239928
UBFC_PHYS_s13_T2_ctrl,150,209,156.96666666666667,0.11322049796581268,0.47363428585497064
UBFC_PHYS_s13_T2_ctrl,150,210,157.0,-0.7036082744598389,0.21049145636412345
UBFC_PHYS_s13_T2_ctrl,150,211,157.03333333333333,-1.3302170038223267,-0.034879894584165655
UBFC_PHYS_s13_T2_ctrl,150,212,157.06666666666666,-1.5215343236923218,-0.2826592424326402
UBFC_PHYS_s13_T2_ctrl,150,213,157.1,-1.4836926460266113,-0.5601173564333393
UBFC_PHYS_s13_T2_ctrl,150,214,157.13333333333333,-1.3389393091201782,-0.8781551908534796
UBFC_PHYS_s13_T2_ctrl,150,215,157.16666666666666,-1.0922895669937134,-1.21365882452831
UBFC_PHYS_s13_T2_ctrl,150,216,157.2,-0.8642476201057434,-1.5064957899833085
UBFC_PHYS_s13_T2_ctrl,150,217,157.23333333333332,-0.7338545918464661,-1.674377727028052
UBFC_PHYS_s13_T2_ctrl,150,218,157.26666666666668,-0.6205470561981201,-1.6416812578208235
UBFC_PHYS_s13_T2_ctrl,150,219,157.3,-0.429147332906723,-1.3719551475154084
UBFC_PHYS_s13_T2_ctrl,150,220,157.33333333333334,-0.2702939808368683,-0.8906145136920862
UBFC_PHYS_s13_T2_ctrl,150,221,157.36666666666667,-0.2814118564128876,-0.2863880965320624
UBFC_PHYS_s13_T2_ctrl,150,222,157.4,-0.4632226228713989,0.3120836789590637
UBFC_PHYS_s13_T2_ctrl,150,223,157.43333333333334,-0.6748546361923218,0.7769009141400058
UBFC_PHYS_s13_T2_ctrl,150,224,157.46666666666667,-0.6768186092376709,1.021845037190717
UBFC_PHYS_s13_T2_ctrl,150,225,157.5,-0.3735809326171875,1.0259530437415523
UBFC_PHYS_s13_T2_ctrl,150,226,157.53333333333333,-0.05470115318894386,0.8319630054432298
UBFC_PHYS_s13_T2_ctrl,150,227,157.56666666666666,0.024863921105861664,0.5244445863072309
UBFC_PHYS_s13_T2_ctrl,150,228,157.6,-0.04411708191037178,0.1989525077771413
UBFC_PHYS_s13_T2_ctrl,150,229,157.63333333333333,-0.13873447477817535,-0.06643766525292791
UBFC_PHYS_s13_T2_ctrl,150,230,157.66666666666666,-0.2543947994709015,-0.22892117980544355
UBFC_PHYS_s13_T2_ctrl,150,231,157.7,-0.35437342524528503,-0.28442249915968854
UBFC_PHYS_s13_T2_ctrl,150,232,157.73333333333332,-0.39294663071632385,-0.2583903513602714
UBFC_PHYS_s13_T2_ctrl,150,233,157.76666666666668,-0.4049278497695923,-0.18967235897934678
UBFC_PHYS_s13_T2_ctrl,150,234,157.8,-0.3999060094356537,-0.11442348429073099
UBFC_PHYS_s13_T2_ctrl,150,235,157.83333333333334,-0.3201003968715668,-0.05550273269520986
UBFC_PHYS_s13_T2_ctrl,150,236,157.86666666666667,-0.16279907524585724,-0.01974143310893772
UBFC_PHYS_s13_T2_ctrl,150,237,157.9,-0.0004627230518963188,-0.0019745922186913513
UBFC_PHYS_s13_T2_ctrl,150,238,157.93333333333334,0.11856526136398315,0.007946284079142718
UBFC_PHYS_s13_T2_ctrl,150,239,157.96666666666667,0.20850680768489838,0.019379303993002143
UBFC_PHYS_s13_T2_ctrl,151,0,151.0,-0.4133206307888031,0.03418688880732279
UBFC_PHYS_s13_T2_ctrl,151,1,151.03333333333333,-0.3289347290992737,0.0954565018213815
UBFC_PHYS_s13_T2_ctrl,151,2,151.06666666666666,-0.25229576230049133,0.1729246841078855
UBFC_PHYS_s13_T2_ctrl,151,3,151.1,-0.1855093538761139,0.26982348294927894
UBFC_PHYS_s13_T2_ctrl,151,4,151.13333333333333,-0.12281882017850876,0.3722911274277166
UBFC_PHYS_s13_T2_ctrl,151,5,151.16666666666666,-0.05881022289395332,0.453282940413646
UBFC_PHYS_s13_T2_ctrl,151,6,151.2,0.00508304126560688,0.4842941929110727
UBFC_PHYS_s13_T2_ctrl,151,7,151.23333333333332,0.06145673990249634,0.4491220199764616
UBFC_PHYS_s13_T2_ctrl,151,8,151.26666666666668,0.10479476302862167,0.35279867463453074
UBFC_PHYS_s13_T2_ctrl,151,9,151.3,0.13847795128822327,0.22132644642210197
UBFC_PHYS_s13_T2_ctrl,151,10,151.33333333333334,0.17163719236850739,0.09239564411100827
UBFC_PHYS_s13_T2_ctrl,151,11,151.36666666666667,0.20878030359745026,0.0014159744883261915
UBFC_PHYS_s13_T2_ctrl,151,12,151.4,0.24912631511688232,-0.031098253831188524
UBFC_PHYS_s13_T2_ctrl,151,13,151.43333333333334,0.2930607795715332,-0.005941149404169348
UBFC_PHYS_s13_T2_ctrl,151,14,151.46666666666667,0.33929523825645447,0.05628044375800259
UBFC_PHYS_s13_T2_ctrl,151,15,151.5,0.371390163898468,0.12296172241881799
UBFC_PHYS_s13_T2_ctrl,151,16,151.53333333333333,0.3652248978614807,0.16016458918313115
UBFC_PHYS_s13_T2_ctrl,151,17,151.56666666666666,0.32847392559051514,0.1426340931714359
UBFC_PHYS_s13_T2_ctrl,151,18,151.6,0.29781240224838257,0.0608814628411579
UBFC_PHYS_s13_T2_ctrl,151,19,151.63333333333333,0.29434916377067566,-0.07570681103452506
UBFC_PHYS_s13_T2_ctrl,151,20,151.66666666666666,0.3057998716831207,-0.24025898001212698
UBFC_PHYS_s13_T2_ctrl,151,21,151.7,0.33139342069625854,-0.3945610078979116
UBFC_PHYS_s13_T2_ctrl,151,22,151.73333333333332,0.40817078948020935,-0.4993521056358927
UBFC_PHYS_s13_T2_ctrl,151,23,151.76666666666668,0.5601570010185242,-0.5266289605093286
UBFC_PHYS_s13_T2_ctrl,151,24,151.8,0.7527133226394653,-0.47023795872035196
UBFC_PHYS_s13_T2_ctrl,151,25,151.83333333333334,0.9472039341926575,-0.35054613681008306
UBFC_PHYS_s13_T2_ctrl,151,26,151.86666666666667,1.1588788032531738,-0.21030520834939403
UBFC_PHYS_s13_T2_ctrl,151,27,151.9,1.442226767539978,-0.1015015339723168
UBFC_PHYS_s13_T2_ctrl,151,28,151.93333333333334,1.809818983078003,-0.06615545656958877
UBFC_PHYS_s13_T2_ctrl,151,29,151.96666666666667,2.1294796466827393,-0.11726553865016959
UBFC_PHYS_s13_T2_ctrl,151,30,152.0,2.1667447090148926,-0.22828097292137814
UBFC_PHYS_s13_T2_ctrl,151,31,152.03333333333333,1.8726149797439575,-0.33810700648632924
UBFC_PHYS_s13_T2_ctrl,151,32,152.06666666666666,1.4909194707870483,-0.37259044776594097
UBFC_PHYS_s13_T2_ctrl,151,33,152.1,1.2150382995605469,-0.27547527297813285
UBFC_PHYS_s13_T2_ctrl,151,34,152.13333333333333,1.0534828901290894,-0.03625917511435275
UBFC_PHYS_s13_T2_ctrl,151,35,152.16666666666666,0.963762104511261,0.2979474139948546
UBFC_PHYS_s13_T2_ctrl,151,36,152.2,0.8983662724494934,0.6338587160154616
UBFC_PHYS_s13_T2_ctrl,151,37,152.23333333333332,0.8071527481079102,0.8640880353512096
UBFC_PHYS_s13_T2_ctrl,151,38,152.26666666666668,0.6960331797599792,0.9070545833627494
UBFC_PHYS_s13_T2_ctrl,151,39,152.3,0.6243402361869812,0.7377942648112463
UBFC_PHYS_s13_T2_ctrl,151,40,152.33333333333334,0.6051657199859619,0.3977139436789722
UBFC_PHYS_s13_T2_ctrl,151,41,152.36666666666667,0.5794732570648193,-0.018873616892899906
UBFC_PHYS_s13_T2_ctrl,151,42,152.4,0.532998263835907,-0.3952384467697296
UBFC_PHYS_s13_T2_ctrl,151,43,152.43333333333334,0.49840232729911804,-0.6290725711332076
UBFC_PHYS_s13_T2_ctrl,151,44,152.46666666666667,0.5243616104125977,-0.6641354134318738
UBFC_PHYS_s13_T2_ctrl,151,45,152.5,0.5392459034919739,-0.5070253968660187
UBFC_PHYS_s13_T2_ctrl,151,46,152.53333333333333,0.531947135925293,-0.22335623248998843
UBFC_PHYS_s13_T2_ctrl,151,47,152.56666666666666,0.525376558303833,0.08637867348193883
UBFC_PHYS_s13_T2_ctrl,151,48,152.6,0.6030468940734863,0.3236792173084044
UBFC_PHYS_s13_T2_ctrl,151,49,152.63333333333333,0.6701266169548035,0.4281380542977029
UBFC_PHYS_s13_T2_ctrl,151,50,152.66666666666666,0.6770497560501099,0.3980047320269329
UBFC_PHYS_s13_T2_ctrl,151,51,152.7,0.6194271445274353,0.28617601695707473
UBFC_PHYS_s13_T2_ctrl,151,52,152.73333333333332,0.5997846722602844,0.17381519189002448
UBFC_PHYS_s13_T2_ctrl,151,53,152.76666666666668,0.5670406222343445,0.1338548779568262
UBFC_PHYS_s13_T2_ctrl,151,54,152.8,0.45890647172927856,0.1995648116688458
UBFC_PHYS_s13_T2_ctrl,151,55,152.83333333333334,0.10423458367586136,0.34975110562647904
UBFC_PHYS_s13_T2_ctrl,151,56,152.86666666666667,-0.9297423362731934,0.5155031658357195
UBFC_PHYS_s13_T2_ctrl,151,57,152.9,-1.5162357091903687,0.6057497075349632
UBFC_PHYS_s13_T2_ctrl,151,58,152.93333333333334,-1.443758487701416,0.541969026817112
UBFC_PHYS_s13_T2_ctrl,151,59,152.96666666666667,-1.0490635633468628,0.28914265322953436
UBFC_PHYS_s13_T2_ctrl,151,60,153.0,-0.4571628272533417,-0.12783367061208098
UBFC_PHYS_s13_T2_ctrl,151,61,153.03333333333333,-0.02531486377120018,-0.627210350372477
UBFC_PHYS_s13_T2_ctrl,151,62,153.06666666666666,-0.25118201971054077,-1.091346984975941
UBFC_PHYS_s13_T2_ctrl,151,63,153.1,-0.9107094407081604,-1.399156218075726
UBFC_PHYS_s13_T2_ctrl,151,64,153.13333333333333,-1.5622889995574951,-1.4611819441006382
UBFC_PHYS_s13_T2_ctrl,151,65,153.16666666666666,-2.023289203643799,-1.2476812558512216
UBFC_PHYS_s13_T2_ctrl,151,66,153.2,-2.3385608196258545,-0.8005755532615035
UBFC_PHYS_s13_T2_ctrl,151,67,153.23333333333332,-2.3611295223236084,-0.22353935108991219
UBFC_PHYS_s13_T2_ctrl,151,68,153.26666666666668,-2.11383056640625,0.3483518694198984
UBFC_PHYS_s13_T2_ctrl,151,69,153.3,-1.7725073099136353,0.7897335139486213
UBFC_PHYS_s13_T2_ctrl,151,70,153.33333333333334,-1.410454273223877,1.022007223812398
UBFC_PHYS_s13_T2_ctrl,151,71,153.36666666666667,-0.9552534818649292,1.03270222798414
UBFC_PHYS_s13_T2_ctrl,151,72,153.4,-0.45239800214767456,0.8710681973503706
UBFC_PHYS_s13_T2_ctrl,151,73,153.43333333333334,-0.03125275298953056,0.6235792866902556
UBFC_PHYS_s13_T2_ctrl,151,74,153.46666666666667,0.23409047722816467,0.3799968052298753
UBFC_PHYS_s13_T2_ctrl,151,75,153.5,0.32487890124320984,0.20269526138220145
UBFC_PHYS_s13_T2_ctrl,151,76,153.53333333333333,0.2833729684352875,0.10943080794272493
UBFC_PHYS_s13_T2_ctrl,151,77,153.56666666666666,0.2340937703847885,0.07425596785525698
UBFC_PHYS_s13_T2_ctrl,151,78,153.6,0.2872546911239624,0.0449010356682699
UBFC_PHYS_s13_T2_ctrl,151,79,153.63333333333333,0.4186362326145172,-0.030660957389525522
UBFC_PHYS_s13_T2_ctrl,151,80,153.66666666666666,0.53560471534729,-0.17900436148027773
UBFC_PHYS_s13_T2_ctrl,151,81,153.7,0.5938435196876526,-0.38718552123951966
UBFC_PHYS_s13_T2_ctrl,151,82,153.73333333333332,0.6141944527626038,-0.6047944373893914
UBFC_PHYS_s13_T2_ctrl,151,83,153.76666666666668,0.6273882985115051,-0.7610431189548923
UBFC_PHYS_s13_T2_ctrl,151,84,153.8,0.6279484629631042,-0.7912786122673418
UBFC_PHYS_s13_T2_ctrl,151,85,153.83333333333334,0.6037652492523193,-0.6642034255860392
UBFC_PHYS_s13_T2_ctrl,151,86,153.86666666666667,0.553602933883667,-0.39923547943627374
UBFC_PHYS_s13_T2_ctrl,151,87,153.9,0.5013152360916138,-0.06523690985017112
UBFC_PHYS_s13_T2_ctrl,151,88,153.93333333333334,0.46139761805534363,0.2412224496596522
UBFC_PHYS_s13_T2_ctrl,151,89,153.96666666666667,0.4403744637966156,0.43065026888766406
UBFC_PHYS_s13_T2_ctrl,151,90,154.0,0.45343977212905884,0.4544268174658719
UBFC_PHYS_s13_T2_ctrl,151,91,154.03333333333333,0.4968700706958771,0.3235627647580307
UBFC_PHYS_s13_T2_ctrl,151,92,154.06666666666666,0.487152636051178,0.10530463047885569
UBFC_PHYS_s13_T2_ctrl,151,93,154.1,0.3130558431148529,-0.10049597656605226
UBFC_PHYS_s13_T2_ctrl,151,94,154.13333333333333,-0.05867182835936546,-0.19710585438376924
UBFC_PHYS_s13_T2_ctrl,151,95,154.16666666666666,-0.5796605944633484,-0.12723472036954322
UBFC_PHYS_s13_T2_ctrl,151,96,154.2,-0.9109269380569458,0.10294055826864418
UBFC_PHYS_s13_T2_ctrl,151,97,154.23333333333332,-0.8523916006088257,0.4223669594493226
UBFC_PHYS_s13_T2_ctrl,151,98,154.26666666666668,-0.5906236171722412,0.7186046436641718
UBFC_PHYS_s13_T2_ctrl,151,99,154.3,-0.3211482763290405,0.8779368819523616
UBFC_PHYS_s13_T2_ctrl,151,100,154.33333333333334,-0.09446392208337784,0.8261099481158238
UBFC_PHYS_s13_T2_ctrl,151,101,154.36666666666667,0.055245351046323776,0.5537455693901243
UBFC_PHYS_s13_T2_ctrl,151,102,154.4,0.13642175495624542,0.1187177442144797
UBFC_PHYS_s13_T2_ctrl,151,103,154.43333333333334,0.20996657013893127,-0.3721848541000418
UBFC_PHYS_s13_T2_ctrl,151,104,154.46666666666667,0.32247012853622437,-0.794521445340526
UBFC_PHYS_s13_T2_ctrl,151,105,154.5,0.44795334339141846,-1.0412094992560113
UBFC_PHYS_s13_T2_ctrl,151,106,154.53333333333333,0.557323157787323,-1.051967553457969
UBFC_PHYS_s13_T2_ctrl,151,107,154.56666666666666,0.6657242774963379,-0.8290652623680224
UBFC_PHYS_s13_T2_ctrl,151,108,154.6,0.7763693332672119,-0.4348413823983001
UBFC_PHYS_s13_T2_ctrl,151,109,154.63333333333333,0.8342785835266113,0.02814147360274631
UBFC_PHYS_s13_T2_ctrl,151,110,154.66666666666666,0.8088399171829224,0.44791081707741826
UBFC_PHYS_s13_T2_ctrl,151,111,154.7,0.7200022339820862,0.734766652654794
UBFC_PHYS_s13_T2_ctrl,151,112,154.73333333333332,0.6039299964904785,0.8434494706983027
UBFC_PHYS_s13_T2_ctrl,151,113,154.76666666666668,0.4781765937805176,0.7792132815997321
UBFC_PHYS_s13_T2_ctrl,151,114,154.8,0.34046831727027893,0.5878563617852579
UBFC_PHYS_s13_T2_ctrl,151,115,154.83333333333334,0.19681227207183838,0.33562789768779544
UBFC_PHYS_s13_T2_ctrl,151,116,154.86666666666667,0.05914353206753731,0.0870344972710645
UBFC_PHYS_s13_T2_ctrl,151,117,154.9,-0.07447544485330582,-0.11276125342461868
UBFC_PHYS_s13_T2_ctrl,151,118,154.93333333333334,-0.2154228687286377,-0.2470630161175727
UBFC_PHYS_s13_T2_ctrl,151,119,154.96666666666667,-0.365600049495697,-0.3272179129109584
UBFC_PHYS_s13_T2_ctrl,151,120,155.0,-0.5202817320823669,-0.38375402079956994
UBFC_PHYS_s13_T2_ctrl,151,121,155.03333333333333,-0.6803971529006958,-0.45166884600011026
UBFC_PHYS_s13_T2_ctrl,151,122,155.06666666666666,-0.843109130859375,-0.5536174276809256
UBFC_PHYS_s13_T2_ctrl,151,123,155.1,-1.0171960592269897,-0.6859598143557958
UBFC_PHYS_s13_T2_ctrl,151,124,155.13333333333333,-1.2198421955108643,-0.813421960707763
UBFC_PHYS_s13_T2_ctrl,151,125,155.16666666666666,-1.4159736633300781,-0.8767725945305496
UBFC_PHYS_s13_T2_ctrl,151,126,155.2,-1.4879038333892822,-0.8133854811404474
UBFC_PHYS_s13_T2_ctrl,151,127,155.23333333333332,-1.3981765508651733,-0.5843323338100441
UBFC_PHYS_s13_T2_ctrl,151,128,155.26666666666668,-1.2424535751342773,-0.1968980736266796
UBFC_PHYS_s13_T2_ctrl,151,129,155.3,-1.153971791267395,0.2886093668108908
UBFC_PHYS_s13_T2_ctrl,151,130,155.33333333333334,-1.154881238937378,0.7729217080167708
UBFC_PHYS_s13_T2_ctrl,151,131,155.36666666666667,-1.2894656658172607,1.1483329213723086
UBFC_PHYS_s13_T2_ctrl,151,132,155.4,-1.5973758697509766,1.3329734296996325
UBFC_PHYS_s13_T2_ctrl,151,133,155.43333333333334,-2.076150417327881,1.2945410195444667
UBFC_PHYS_s13_T2_ctrl,151,134,155.46666666666667,-2.5814409255981445,1.0557744174449237
UBFC_PHYS_s13_T2_ctrl,151,135,155.5,-2.914302110671997,0.6830544675076928
UBFC_PHYS_s13_T2_ctrl,151,136,155.53333333333333,-2.9154653549194336,0.2648052994505597
UBFC_PHYS_s13_T2_ctrl,151,137,155.56666666666666,-2.612692356109619,-0.11267678889453711
UBFC_PHYS_s13_T2_ctrl,151,138,155.6,-2.087360382080078,-0.3854052336563474
UBFC_PHYS_s13_T2_ctrl,151,139,155.63333333333333,-1.418326497077942,-0.5232820446076986
UBFC_PHYS_s13_T2_ctrl,151,140,155.66666666666666,-0.6878409385681152,-0.5310518181790012
UBFC_PHYS_s13_T2_ctrl,151,141,155.7,0.44489872455596924,-0.4396409064201019
UBFC_PHYS_s13_T2_ctrl,151,142,155.73333333333332,1.4762263298034668,-0.2918005893078079
UBFC_PHYS_s13_T2_ctrl,151,143,155.76666666666668,1.864973545074463,-0.12758080442951206
UBFC_PHYS_s13_T2_ctrl,151,144,155.8,1.7791937589645386,0.02542092360165626
UBFC_PHYS_s13_T2_ctrl,151,145,155.83333333333334,1.4575262069702148,0.15455709403346163
UBFC_PHYS_s13_T2_ctrl,151,146,155.86666666666667,0.9897939562797546,0.25805614113697434
UBFC_PHYS_s13_T2_ctrl,151,147,155.9,0.5759112238883972,0.3373942967593998
UBFC_PHYS_s13_T2_ctrl,151,148,155.93333333333334,0.37091565132141113,0.3897646155701565
UBFC_PHYS_s13_T2_ctrl,151,149,155.96666666666667,0.3880043923854828,0.4037008681823638
UBFC_PHYS_s13_T2_ctrl,151,150,156.0,0.5096388459205627,0.35985677768541496
UBFC_PHYS_s13_T2_ctrl,151,151,156.03333333333333,0.6990252137184143,0.23739628380591776
UBFC_PHYS_s13_T2_ctrl,151,152,156.06666666666666,0.9345867037773132,0.02435346144383462
UBFC_PHYS_s13_T2_ctrl,151,153,156.1,1.0640274286270142,-0.2716070913935104
UBFC_PHYS_s13_T2_ctrl,151,154,156.13333333333333,0.9244870543479919,-0.6164027638238982
UBFC_PHYS_s13_T2_ctrl,151,155,156.16666666666666,0.5645198225975037,-0.9502878813653477
UBFC_PHYS_s13_T2_ctrl,151,156,156.2,0.17696218192577362,-1.1975675795328034
UBFC_PHYS_s13_T2_ctrl,151,157,156.23333333333332,-0.09538985788822174,-1.284251907615623
UBFC_PHYS_s13_T2_ctrl,151,158,156.26666666666668,-0.20336586236953735,-1.160514203428523
UBFC_PHYS_s13_T2_ctrl,151,159,156.3,-0.16240695118904114,-0.8221572172784484
UBFC_PHYS_s13_T2_ctrl,151,160,156.33333333333334,-0.002331082010641694,-0.3224431100479325
UBFC_PHYS_s13_T2_ctrl,151,161,156.36666666666667,0.22256727516651154,0.23374538880436324
UBFC_PHYS_s13_T2_ctrl,151,162,156.4,0.49132099747657776,0.7150812692060554
UBFC_PHYS_s13_T2_ctrl,151,163,156.43333333333334,0.8118088245391846,1.0012362226835372
UBFC_PHYS_s13_T2_ctrl,151,164,156.46666666666667,1.120163917541504,1.0197519372149884
UBFC_PHYS_s13_T2_ctrl,151,165,156.5,1.2731451988220215,0.7695238373192095
UBFC_PHYS_s13_T2_ctrl,151,166,156.53333333333333,1.2627819776535034,0.3234174972246173
UBFC_PHYS_s13_T2_ctrl,151,167,156.56666666666666,1.2560861110687256,-0.1902647776626762
UBFC_PHYS_s13_T2_ctrl,151,168,156.6,1.348838448524475,-0.622088724403509
UBFC_PHYS_s13_T2_ctrl,151,169,156.63333333333333,1.4697710275650024,-0.8426310169408959
UBFC_PHYS_s13_T2_ctrl,151,170,156.66666666666666,1.5083211660385132,-0.779535692829245
UBFC_PHYS_s13_T2_ctrl,151,171,156.7,1.4060853719711304,-0.439535327008086
UBFC_PHYS_s13_T2_ctrl,151,172,156.73333333333332,1.238091230392456,0.0925832880385814
UBFC_PHYS_s13_T2_ctrl,151,173,156.76666666666668,1.1388441324234009,0.679573567992292
UBFC_PHYS_s13_T2_ctrl,151,174,156.8,1.1595213413238525,1.1744543623819
UBFC_PHYS_s13_T2_ctrl,151,175,156.83333333333334,1.2108501195907593,1.4654619156752233
UBFC_PHYS_s13_T2_ctrl,151,176,156.86666666666667,1.1938306093215942,1.506533325195224
UBFC_PHYS_s13_T2_ctrl,151,177,156.9,1.0343314409255981,1.3223564265273933
UBFC_PHYS_s13_T2_ctrl,151,178,156.93333333333334,0.6763742566108704,0.9882170902385102
UBFC_PHYS_s13_T2_ctrl,151,179,156.96666666666667,0.11322049796581268,0.5952882485723092
UBFC_PHYS_s13_T2_ctrl,151,180,157.0,-0.7036082744598389,0.21619737290712454
UBFC_PHYS_s13_T2_ctrl,151,181,157.03333333333333,-1.3302170038223267,-0.11629415899421734
UBFC_PHYS_s13_T2_ctrl,151,182,157.06666666666666,-1.5215343236923218,-0.41032352203652067
UBFC_PHYS_s13_T2_ctrl,151,183,157.1,-1.4836926460266113,-0.6963196186423654
UBFC_PHYS_s13_T2_ctrl,151,184,157.13333333333333,-1.3389393091201782,-0.9976252590251521
UBFC_PHYS_s13_T2_ctrl,151,185,157.16666666666666,-1.0922895669937134,-1.3043183108957739
UBFC_PHYS_s13_T2_ctrl,151,186,157.2,-0.8642476201057434,-1.5633055513602436
UBFC_PHYS_s13_T2_ctrl,151,187,157.23333333333332,-0.7338545918464661,-1.6910170850738575
UBFC_PHYS_s13_T2_ctrl,151,188,157.26666666666668,-0.6205470561981201,-1.605121124188392
UBFC_PHYS_s13_T2_ctrl,151,189,157.3,-0.429147332906723,-1.262662507266544
UBFC_PHYS_s13_T2_ctrl,151,190,157.33333333333334,-0.2702939808368683,-0.6878907498969731
UBFC_PHYS_s13_T2_ctrl,151,191,157.36666666666667,-0.2814118564128876,0.02380286642599537
UBFC_PHYS_s13_T2_ctrl,151,192,157.4,-0.4632226228713989,0.7295694015684386
UBFC_PHYS_s13_T2_ctrl,151,193,157.43333333333334,-0.6748546361923218,1.2818617428380836
UBFC_PHYS_s13_T2_ctrl,151,194,157.46666666666667,-0.6768186092376709,1.5729933364601327
UBFC_PHYS_s13_T2_ctrl,151,195,157.5,-0.3735809326171875,1.564096533392773
UBFC_PHYS_s13_T2_ctrl,151,196,157.53333333333333,-0.05470115318894386,1.2898683041959176
UBFC_PHYS_s13_T2_ctrl,151,197,157.56666666666666,0.024863921105861664,0.8414407568212445
UBFC_PHYS_s13_T2_ctrl,151,198,157.6,-0.04411708191037178,0.33601483266338955
UBFC_PHYS_s13_T2_ctrl,151,199,157.63333333333333,-0.13873447477817535,-0.11656901854167863
UBFC_PHYS_s13_T2_ctrl,151,200,157.66666666666666,-0.2543947994709015,-0.4407981530224285
UBFC_PHYS_s13_T2_ctrl,151,201,157.7,-0.35437342524528503,-0.608916499712955
UBFC_PHYS_s13_T2_ctrl,151,202,157.73333333333332,-0.39294663071632385,-0.6382379916232668
UBFC_PHYS_s13_T2_ctrl,151,203,157.76666666666668,-0.4049278497695923,-0.5750741424666155
UBFC_PHYS_s13_T2_ctrl,151,204,157.8,-0.3999060094356537,-0.47223046161150206
UBFC_PHYS_s13_T2_ctrl,151,205,157.83333333333334,-0.3201003968715668,-0.3687359260054417
UBFC_PHYS_s13_T2_ctrl,151,206,157.86666666666667,-0.16279907524585724,-0.278980508334333
UBFC_PHYS_s13_T2_ctrl,151,207,157.9,-0.0004627230518963188,-0.1940081180809038
UBFC_PHYS_s13_T2_ctrl,151,208,157.93333333333334,0.11856526136398315,-0.09213629468933594
UBFC_PHYS_s13_T2_ctrl,151,209,157.96666666666667,0.20850680768489838,0.04721702822230955
UBFC_PHYS_s13_T2_ctrl,151,210,158.0,0.26541760563850403,0.23176415495038416
UBFC_PHYS_s13_T2_ctrl,151,211,158.03333333333333,0.2663501501083374,0.4492387375367328
UBFC_PHYS_s13_T2_ctrl,151,212,158.06666666666666,0.2494756132364273,0.6660835375926256
UBFC_PHYS_s13_T2_ctrl,151,213,158.1,0.2799394130706787,0.832780084233384
UBFC_PHYS_s13_T2_ctrl,151,214,158.13333333333333,0.3460140824317932,0.8959438134997151
UBFC_PHYS_s13_T2_ctrl,151,215,158.16666666666666,0.39628511667251587,0.815118867492167
UBFC_PHYS_s13_T2_ctrl,151,216,158.2,0.4283207356929779,0.5790872620442518
UBFC_PHYS_s13_T2_ctrl,151,217,158.23333333333332,0.5038953423500061,0.21489049190947354
UBFC_PHYS_s13_T2_ctrl,151,218,158.26666666666668,0.6937891840934753,-0.2153223923040939
UBFC_PHYS_s13_T2_ctrl,151,219,158.3,0.8256979584693909,-0.629696485607234
UBFC_PHYS_s13_T2_ctrl,151,220,158.33333333333334,0.5993826985359192,-0.9491557399391218
UBFC_PHYS_s13_T2_ctrl,151,221,158.36666666666667,0.025232980027794838,-1.1189177609692735
UBFC_PHYS_s13_T2_ctrl,151,222,158.4,-0.49881041049957275,-1.1218716768083243
UBFC_PHYS_s13_T2_ctrl,151,223,158.43333333333334,-0.6697933077812195,-0.9801055961187182
UBFC_PHYS_s13_T2_ctrl,151,224,158.46666666666667,-0.6243463754653931,-0.7448357050301394
UBFC_PHYS_s13_T2_ctrl,151,225,158.5,-0.6303073167800903,-0.478478968976358
UBFC_PHYS_s13_T2_ctrl,151,226,158.53333333333333,-0.7422935366630554,-0.2350636654248091
UBFC_PHYS_s13_T2_ctrl,151,227,158.56666666666666,-0.7387710213661194,-0.045631579647394636
UBFC_PHYS_s13_T2_ctrl,151,228,158.6,-0.47455140948295593,0.08673220457940006
UBFC_PHYS_s13_T2_ctrl,151,229,158.63333333333333,-0.09699130803346634,0.18126638970800749
UBFC_PHYS_s13_T2_ctrl,151,230,158.66666666666666,0.17402619123458862,0.26616756682581977
UBFC_PHYS_s13_T2_ctrl,151,231,158.7,0.2215556651353836,0.3631476975288612
UBFC_PHYS_s13_T2_ctrl,151,232,158.73333333333332,0.034050844609737396,0.4763508788709548
UBFC_PHYS_s13_T2_ctrl,151,233,158.76666666666668,-0.20589983463287354,0.5902377197931112
UBFC_PHYS_s13_T2_ctrl,151,234,158.8,-0.2690517008304596,0.6769648986004915
UBFC_PHYS_s13_T2_ctrl,151,235,158.83333333333334,-0.18712398409843445,0.7091629370559832
UBFC_PHYS_s13_T2_ctrl,151,236,158.86666666666667,-0.06843540072441101,0.6712875753417877
UBFC_PHYS_s13_T2_ctrl,151,237,158.9,0.12555760145187378,0.5641084384601796
UBFC_PHYS_s13_T2_ctrl,151,238,158.93333333333334,0.3409922420978546,0.40203248374034967
UBFC_PHYS_s13_T2_ctrl,151,239,158.96666666666667,0.3279862403869629,0.20742794578590362
UBFC_PHYS_s13_T2_ctrl,152,0,152.0,2.1667447090148926,-0.018232056202994826
UBFC_PHYS_s13_T2_ctrl,152,1,152.03333333333333,1.8726149797439575,-0.22225033626900578
UBFC_PHYS_s13_T2_ctrl,152,2,152.06666666666666,1.4909194707870483,-0.2995377509862408
UBFC_PHYS_s13_T2_ctrl,152,3,152.1,1.2150382995605469,-0.1784429390418881
UBFC_PHYS_s13_T2_ctrl,152,4,152.13333333333333,1.0534828901290894,0.1289561713085307
UBFC_PHYS_s13_T2_ctrl,152,5,152.16666666666666,0.963762104511261,0.5281450188284297
UBFC_PHYS_s13_T2_ctrl,152,6,152.2,0.8983662724494934,0.8769484737032903
UBFC_PHYS_s13_T2_ctrl,152,7,152.23333333333332,0.8071527481079102,1.039885729891077
UBFC_PHYS_s13_T2_ctrl,152,8,152.26666666666668,0.6960331797599792,0.940014956266132
UBFC_PHYS_s13_T2_ctrl,152,9,152.3,0.6243402361869812,0.588106303820953
UBFC_PHYS_s13_T2_ctrl,152,10,152.33333333333334,0.6051657199859619,0.07956650473956389
UBFC_PHYS_s13_T2_ctrl,152,11,152.36666666666667,0.5794732570648193,-0.4375861333742181
UBFC_PHYS_s13_T2_ctrl,152,12,152.4,0.532998263835907,-0.8114312623471096
UBFC_PHYS_s13_T2_ctrl,152,13,152.43333333333334,0.49840232729911804,-0.9355473635972775
UBFC_PHYS_s13_T2_ctrl,152,14,152.46666666666667,0.5243616104125977,-0.7835493577512667
UBFC_PHYS_s13_T2_ctrl,152,15,152.5,0.5392459034919739,-0.41748598256507385
UBFC_PHYS_s13_T2_ctrl,152,16,152.53333333333333,0.531947135925293,0.03339115684897064
UBFC_PHYS_s13_T2_ctrl,152,17,152.56666666666666,0.525376558303833,0.4172196330449905
UBFC_PHYS_s13_T2_ctrl,152,18,152.6,0.6030468940734863,0.6123773071639481
UBFC_PHYS_s13_T2_ctrl,152,19,152.63333333333333,0.6701266169548035,0.569438522297753
UBFC_PHYS_s13_T2_ctrl,152,20,152.66666666666666,0.6770497560501099,0.3264188232745295
UBFC_PHYS_s13_T2_ctrl,152,21,152.7,0.6194271445274353,-0.008563401815012733
UBFC_PHYS_s13_T2_ctrl,152,22,152.73333333333332,0.5997846722602844,-0.30031588774508383
UBFC_PHYS_s13_T2_ctrl,152,23,152.76666666666668,0.5670406222343445,-0.4383936544544964
UBFC_PHYS_s13_T2_ctrl,152,24,152.8,0.45890647172927856,-0.37794161414809907
UBFC_PHYS_s13_T2_ctrl,152,25,152.83333333333334,0.10423458367586136,-0.15455219141661647
UBFC_PHYS_s13_T2_ctrl,152,26,152.86666666666667,-0.9297423362731934,0.1318281518128924
UBFC_PHYS_s13_T2_ctrl,152,27,152.9,-1.5162357091903687,0.3571734784234656
UBFC_PHYS_s13_T2_ctrl,152,28,152.93333333333334,-1.443758487701416,0.42184007767954107
UBFC_PHYS_s13_T2_ctrl,152,29,152.96666666666667,-1.0490635633468628,0.28862005916853223
UBFC_PHYS_s13_T2_ctrl,152,30,153.0,-0.4571628272533417,-0.0029569368593342273
UBFC_PHYS_s13_T2_ctrl,152,31,153.03333333333333,-0.02531486377120018,-0.34997879082482897
UBFC_PHYS_s13_T2_ctrl,152,32,153.06666666666666,-0.25118201971054077,-0.622100040862806
UBFC_PHYS_s13_T2_ctrl,152,33,153.1,-0.9107094407081604,-0.708246258731551
UBFC_PHYS_s13_T2_ctrl,152,34,153.13333333333333,-1.5622889995574951,-0.5583024568988253
UBFC_PHYS_s13_T2_ctrl,152,35,153.16666666666666,-2.023289203643799,-0.2046971678484387
UBFC_PHYS_s13_T2_ctrl,152,36,153.2,-2.3385608196258545,0.24490173195595247
UBFC_PHYS_s13_T2_ctrl,152,37,153.23333333333332,-2.3611295223236084,0.6424276388713356
UBFC_PHYS_s13_T2_ctrl,152,38,153.26666666666668,-2.11383056640625,0.8501679713686249
UBFC_PHYS_s13_T2_ctrl,152,39,153.3,-1.7725073099136353,0.789529153175055
UBFC_PHYS_s13_T2_ctrl,152,40,153.33333333333334,-1.410454273223877,0.470342723891633
UBFC_PHYS_s13_T2_ctrl,152,41,153.36666666666667,-0.9552534818649292,-0.009922923408480035
UBFC_PHYS_s13_T2_ctrl,152,42,153.4,-0.45239800214767456,-0.497137800803671
UBFC_PHYS_s13_T2_ctrl,152,43,153.43333333333334,-0.03125275298953056,-0.8314858233782936
UBFC_PHYS_s13_T2_ctrl,152,44,153.46666666666667,0.23409047722816467,-0.9016717449993848
UBFC_PHYS_s13_T2_ctrl,152,45,153.5,0.32487890124320984,-0.6840521245316972
UBFC_PHYS_s13_T2_ctrl,152,46,153.53333333333333,0.2833729684352875,-0.25219661057316367
UBFC_PHYS_s13_T2_ctrl,152,47,153.56666666666666,0.2340937703847885,0.2481792251978353
UBFC_PHYS_s13_T2_ctrl,152,48,153.6,0.2872546911239624,0.650839619995063
UBFC_PHYS_s13_T2_ctrl,152,49,153.63333333333333,0.4186362326145172,0.8280868025320818
UBFC_PHYS_s13_T2_ctrl,152,50,153.66666666666666,0.53560471534729,0.7348741911028592
UBFC_PHYS_s13_T2_ctrl,152,51,153.7,0.5938435196876526,0.42174143274013426
UBFC_PHYS_s13_T2_ctrl,152,52,153.73333333333332,0.6141944527626038,0.01304160072602563
UBFC_PHYS_s13_T2_ctrl,152,53,153.76666666666668,0.6273882985115051,-0.3400850545114717
UBFC_PHYS_s13_T2_ctrl,152,54,153.8,0.6279484629631042,-0.5147350537964807
UBFC_PHYS_s13_T2_ctrl,152,55,153.83333333333334,0.6037652492523193,-0.4602587139369814
UBFC_PHYS_s13_T2_ctrl,152,56,153.86666666666667,0.553602933883667,-0.21561599049069854
UBFC_PHYS_s13_T2_ctrl,152,57,153.9,0.5013152360916138,0.10688032640111171
UBFC_PHYS_s13_T2_ctrl,152,58,153.93333333333334,0.46139761805534363,0.3656538014508949
UBFC_PHYS_s13_T2_ctrl,152,59,153.96666666666667,0.4403744637966156,0.4447206008167924
UBFC_PHYS_s13_T2_ctrl,152,60,154.0,0.45343977212905884,0.2981186788535142
UBFC_PHYS_s13_T2_ctrl,152,61,154.03333333333333,0.4968700706958771,-0.03253242121589065
UBFC_PHYS_s13_T2_ctrl,152,62,154.06666666666666,0.487152636051178,-0.4326238078703349
UBFC_PHYS_s13_T2_ctrl,152,63,154.1,0.3130558431148529,-0.7546905183226055
UBFC_PHYS_s13_T2_ctrl,152,64,154.13333333333333,-0.05867182835936546,-0.8698180546665247
UBFC_PHYS_s13_T2_ctrl,152,65,154.16666666666666,-0.5796605944633484,-0.7134728396349134
UBFC_PHYS_s13_T2_ctrl,152,66,154.2,-0.9109269380569458,-0.3105545582187444
UBFC_PHYS_s13_T2_ctrl,152,67,154.23333333333332,-0.8523916006088257,0.22943852602079995
UBFC_PHYS_s13_T2_ctrl,152,68,154.26666666666668,-0.5906236171722412,0.7463120725107193
UBFC_PHYS_s13_T2_ctrl,152,69,154.3,-0.3211482763290405,1.0809877907287533
UBFC_PHYS_s13_T2_ctrl,152,70,154.33333333333334,-0.09446392208337784,1.1275633760073625
UBFC_PHYS_s13_T2_ctrl,152,71,154.36666666666667,0.055245351046323776,0.8679688559007462
UBFC_PHYS_s13_T2_ctrl,152,72,154.4,0.13642175495624542,0.3780771123300377
UBFC_PHYS_s13_T2_ctrl,152,73,154.43333333333334,0.20996657013893127,-0.19603213832613464
UBFC_PHYS_s13_T2_ctrl,152,74,154.46666666666667,0.32247012853622437,-0.683710495851198
UBFC_PHYS_s13_T2_ctrl,152,75,154.5,0.44795334339141846,-0.9429852988110946
UBFC_PHYS_s13_T2_ctrl,152,76,154.53333333333333,0.557323157787323,-0.9047737033738709
UBFC_PHYS_s13_T2_ctrl,152,77,154.56666666666666,0.6657242774963379,-0.5937755504528232
UBFC_PHYS_s13_T2_ctrl,152,78,154.6,0.7763693332672119,-0.11867736936812945
UBFC_PHYS_s13_T2_ctrl,152,79,154.63333333333333,0.8342785835266113,0.3655876058472003
UBFC_PHYS_s13_T2_ctrl,152,80,154.66666666666666,0.8088399171829224,0.7105073481716289
UBFC_PHYS_s13_T2_ctrl,152,81,154.7,0.7200022339820862,0.822672131656322
UBFC_PHYS_s13_T2_ctrl,152,82,154.73333333333332,0.6039299964904785,0.6912232056921359
UBFC_PHYS_s13_T2_ctrl,152,83,154.76666666666668,0.4781765937805176,0.38527711267712544
UBFC_PHYS_s13_T2_ctrl,152,84,154.8,0.34046831727027893,0.024028479232990355
UBFC_PHYS_s13_T2_ctrl,152,85,154.83333333333334,0.19681227207183838,-0.26813007120257454
UBFC_PHYS_s13_T2_ctrl,152,86,154.86666666666667,0.05914353206753731,-0.4050283288615548
UBFC_PHYS_s13_T2_ctrl,152,87,154.9,-0.07447544485330582,-0.3661743215550816
UBFC_PHYS_s13_T2_ctrl,152,88,154.93333333333334,-0.2154228687286377,-0.20004798071469493
UBFC_PHYS_s13_T2_ctrl,152,89,154.96666666666667,-0.365600049495697,-0.003294375328968771
UBFC_PHYS_s13_T2_ctrl,152,90,155.0,-0.5202817320823669,0.11643021161600127
UBFC_PHYS_s13_T2_ctrl,152,91,155.03333333333333,-0.6803971529006958,0.08124851050708869
UBFC_PHYS_s13_T2_ctrl,152,92,155.06666666666666,-0.843109130859375,-0.12615301296103784
UBFC_PHYS_s13_T2_ctrl,152,93,155.1,-1.0171960592269897,-0.45224820303255403
UBFC_PHYS_s13_T2_ctrl,152,94,155.13333333333333,-1.2198421955108643,-0.7871284486150307
UBFC_PHYS_s13_T2_ctrl,152,95,155.16666666666666,-1.4159736633300781,-1.0000931382215876
UBFC_PHYS_s13_T2_ctrl,152,96,155.2,-1.4879038333892822,-0.9854905426181116
UBFC_PHYS_s13_T2_ctrl,152,97,155.23333333333332,-1.3981765508651733,-0.7035096123060246
UBFC_PHYS_s13_T2_ctrl,152,98,155.26666666666668,-1.2424535751342773,-0.2009344772279375
UBFC_PHYS_s13_T2_ctrl,152,99,155.3,-1.153971791267395,0.397492733885397
UBFC_PHYS_s13_T2_ctrl,152,100,155.33333333333334,-1.154881238937378,0.9265585528020923
UBFC_PHYS_s13_T2_ctrl,152,101,155.36666666666667,-1.2894656658172607,1.235058185974465
UBFC_PHYS_s13_T2_ctrl,152,102,155.4,-1.5973758697509766,1.237204090449811
UBFC_PHYS_s13_T2_ctrl,152,103,155.43333333333334,-2.076150417327881,0.9411381998077087
UBFC_PHYS_s13_T2_ctrl,152,104,155.46666666666667,-2.5814409255981445,0.44470817556834236
UBFC_PHYS_s13_T2_ctrl,152,105,155.5,-2.914302110671997,-0.09804184945718926
UBFC_PHYS_s13_T2_ctrl,152,106,155.53333333333333,-2.9154653549194336,-0.5269873865759586
UBFC_PHYS_s13_T2_ctrl,152,107,155.56666666666666,-2.612692356109619,-0.7261812997181413
UBFC_PHYS_s13_T2_ctrl,152,108,155.6,-2.087360382080078,-0.6582078674528619
UBFC_PHYS_s13_T2_ctrl,152,109,155.63333333333333,-1.418326497077942,-0.3715010729437694
UBFC_PHYS_s13_T2_ctrl,152,110,155.66666666666666,-0.6878409385681152,0.021325462255183985
UBFC_PHYS_s13_T2_ctrl,152,111,155.7,0.44489872455596924,0.38568919952292313
UBFC_PHYS_s13_T2_ctrl,152,112,155.73333333333332,1.4762263298034668,0.6119291288598275
UBFC_PHYS_s13_T2_ctrl,152,113,155.76666666666668,1.864973545074463,0.6498222103824131
UBFC_PHYS_s13_T2_ctrl,152,114,155.8,1.7791937589645386,0.5193270718224964
UBFC_PHYS_s13_T2_ctrl,152,115,155.83333333333334,1.4575262069702148,0.2957124010702771
UBFC_PHYS_s13_T2_ctrl,152,116,155.86666666666667,0.9897939562797546,0.07640820492671739
UBFC_PHYS_s13_T2_ctrl,152,117,155.9,0.5759112238883972,-0.057393269720343726
UBFC_PHYS_s13_T2_ctrl,152,118,155.93333333333334,0.37091565132141113,-0.07058402923537498
UBFC_PHYS_s13_T2_ctrl,152,119,155.96666666666667,0.3880043923854828,0.014538948966918475
UBFC_PHYS_s13_T2_ctrl,152,120,156.0,0.5096388459205627,0.12863429641243865
UBFC_PHYS_s13_T2_ctrl,152,121,156.03333333333333,0.6990252137184143,0.18306810979091237
UBFC_PHYS_s13_T2_ctrl,152,122,156.06666666666666,0.9345867037773132,0.10507685639059339
UBFC_PHYS_s13_T2_ctrl,152,123,156.1,1.0640274286270142,-0.1318179573405406
UBFC_PHYS_s13_T2_ctrl,152,124,156.13333333333333,0.9244870543479919,-0.49244554536522267
UBFC_PHYS_s13_T2_ctrl,152,125,156.16666666666666,0.5645198225975037,-0.8851481127321992
UBFC_PHYS_s13_T2_ctrl,152,126,156.2,0.17696218192577362,-1.1868543182778737
UBFC_PHYS_s13_T2_ctrl,152,127,156.23333333333332,-0.09538985788822174,-1.2814954199067476
UBFC_PHYS_s13_T2_ctrl,152,128,156.26666666666668,-0.20336586236953735,-1.1005796801712644
UBFC_PHYS_s13_T2_ctrl,152,129,156.3,-0.16240695118904114,-0.6526419390727425
UBFC_PHYS_s13_T2_ctrl,152,130,156.33333333333334,-0.002331082010641694,-0.029904198525397184
UBFC_PHYS_s13_T2_ctrl,152,131,156.36666666666667,0.22256727516651154,0.6132471914992949
UBFC_PHYS_s13_T2_ctrl,152,132,156.4,0.49132099747657776,1.1053729667239391
UBFC_PHYS_s13_T2_ctrl,152,133,156.43333333333334,0.8118088245391846,1.3123176932764278
UBFC_PHYS_s13_T2_ctrl,152,134,156.46666666666667,1.120163917541504,1.1815619251049003
UBFC_PHYS_s13_T2_ctrl,152,135,156.5,1.2731451988220215,0.7602183067919216
UBFC_PHYS_s13_T2_ctrl,152,136,156.53333333333333,1.2627819776535034,0.18012201343646403
UBFC_PHYS_s13_T2_ctrl,152,137,156.56666666666666,1.2560861110687256,-0.38447170679527093
UBFC_PHYS_s13_T2_ctrl,152,138,156.6,1.348838448524475,-0.7720747662216935
UBFC_PHYS_s13_T2_ctrl,152,139,156.63333333333333,1.4697710275650024,-0.8839607236070822
UBFC_PHYS_s13_T2_ctrl,152,140,156.66666666666666,1.5083211660385132,-0.7128833944115721
UBFC_PHYS_s13_T2_ctrl,152,141,156.7,1.4060853719711304,-0.34118520977076067
UBFC_PHYS_s13_T2_ctrl,152,142,156.73333333333332,1.238091230392456,0.09119849651983471
UBFC_PHYS_s13_T2_ctrl,152,143,156.76666666666668,1.1388441324234009,0.4379404522241472
UBFC_PHYS_s13_T2_ctrl,152,144,156.8,1.1595213413238525,0.5982550626682956
UBFC_PHYS_s13_T2_ctrl,152,145,156.83333333333334,1.2108501195907593,0.5501075617385073
UBFC_PHYS_s13_T2_ctrl,152,146,156.86666666666667,1.1938306093215942,0.35236825491345686
UBFC_PHYS_s13_T2_ctrl,152,147,156.9,1.0343314409255981,0.11586768825213158
UBFC_PHYS_s13_T2_ctrl,152,148,156.93333333333334,0.6763742566108704,-0.044541230257883285
UBFC_PHYS_s13_T2_ctrl,152,149,156.96666666666667,0.11322049796581268,-0.05765387565159913
UBFC_PHYS_s13_T2_ctrl,152,150,157.0,-0.7036082744598389,0.07536170107978364
UBFC_PHYS_s13_T2_ctrl,152,151,157.03333333333333,-1.3302170038223267,0.2820620737089032
UBFC_PHYS_s13_T2_ctrl,152,152,157.06666666666666,-1.5215343236923218,0.448703112941674
UBFC_PHYS_s13_T2_ctrl,152,153,157.1,-1.4836926460266113,0.46705728048240625
UBFC_PHYS_s13_T2_ctrl,152,154,157.13333333333333,-1.3389393091201782,0.2799611302571265
UBFC_PHYS_s13_T2_ctrl,152,155,157.16666666666666,-1.0922895669937134,-0.091599004636625
UBFC_PHYS_s13_T2_ctrl,152,156,157.2,-0.8642476201057434,-0.5498757400820371
UBFC_PHYS_s13_T2_ctrl,152,157,157.23333333333332,-0.7338545918464661,-0.9500514672407702
UBFC_PHYS_s13_T2_ctrl,152,158,157.26666666666668,-0.6205470561981201,-1.1486035630999178
UBFC_PHYS_s13_T2_ctrl,152,159,157.3,-0.429147332906723,-1.0542763358502274
UBFC_PHYS_s13_T2_ctrl,152,160,157.33333333333334,-0.2702939808368683,-0.6636933939076681
UBFC_PHYS_s13_T2_ctrl,152,161,157.36666666666667,-0.2814118564128876,-0.06778548401257689
UBFC_PHYS_s13_T2_ctrl,152,162,157.4,-0.4632226228713989,0.5747711560009782
UBFC_PHYS_s13_T2_ctrl,152,163,157.43333333333334,-0.6748546361923218,1.0882972816194472
UBFC_PHYS_s13_T2_ctrl,152,164,157.46666666666667,-0.6768186092376709,1.3362960263393366
UBFC_PHYS_s13_T2_ctrl,152,165,157.5,-0.3735809326171875,1.2624663632796747
UBFC_PHYS_s13_T2_ctrl,152,166,157.53333333333333,-0.05470115318894386,0.9035077705416825
UBFC_PHYS_s13_T2_ctrl,152,167,157.56666666666666,0.024863921105861664,0.3722735745824039
UBFC_PHYS_s13_T2_ctrl,152,168,157.6,-0.04411708191037178,-0.1809779696494784
UBFC_PHYS_s13_T2_ctrl,152,169,157.63333333333333,-0.13873447477817535,-0.6161962724316067
UBFC_PHYS_s13_T2_ctrl,152,170,157.66666666666666,-0.2543947994709015,-0.8449581351067823
UBFC_PHYS_s13_T2_ctrl,152,171,157.7,-0.35437342524528503,-0.8526120266886748
UBFC_PHYS_s13_T2_ctrl,152,172,157.73333333333332,-0.39294663071632385,-0.694470481385238
UBFC_PHYS_s13_T2_ctrl,152,173,157.76666666666668,-0.4049278497695923,-0.4684036251256318
UBFC_PHYS_s13_T2_ctrl,152,174,157.8,-0.3999060094356537,-0.2746169357222457
UBFC_PHYS_s13_T2_ctrl,152,175,157.83333333333334,-0.3201003968715668,-0.1778709536003658
UBFC_PHYS_s13_T2_ctrl,152,176,157.86666666666667,-0.16279907524585724,-0.1859583401550789
UBFC_PHYS_s13_T2_ctrl,152,177,157.9,-0.0004627230518963188,-0.25157545666029774
UBFC_PHYS_s13_T2_ctrl,152,178,157.93333333333334,0.11856526136398315,-0.2956027212772479
UBFC_PHYS_s13_T2_ctrl,152,179,157.96666666666667,0.20850680768489838,-0.2420977349538578
UBFC_PHYS_s13_T2_ctrl,152,180,158.0,0.26541760563850403,-0.05190341558673663
UBFC_PHYS_s13_T2_ctrl,152,181,158.03333333333333,0.2663501501083374,0.25705738157868874
UBFC_PHYS_s13_T2_ctrl,152,182,158.06666666666666,0.2494756132364273,0.6101779639398499
UBFC_PHYS_s13_T2_ctrl,152,183,158.1,0.2799394130706787,0.8979214586918186
UBFC_PHYS_s13_T2_ctrl,152,184,158.13333333333333,0.3460140824317932,1.012336919241421
UBFC_PHYS_s13_T2_ctrl,152,185,158.16666666666666,0.39628511667251587,0.8863255848741596
UBFC_PHYS_s13_T2_ctrl,152,186,158.2,0.4283207356929779,0.5221311351774616
UBFC_PHYS_s13_T2_ctrl,152,187,158.23333333333332,0.5038953423500061,-0.0015330789004813364
UBFC_PHYS_s13_T2_ctrl,152,188,158.26666666666668,0.6937891840934753,-0.547769431883525
UBFC_PHYS_s13_T2_ctrl,152,189,158.3,0.8256979584693909,-0.961043253203779
UBFC_PHYS_s13_T2_ctrl,152,190,158.33333333333334,0.5993826985359192,-1.116394371877134
UBFC_PHYS_s13_T2_ctrl,152,191,158.36666666666667,0.025232980027794838,-0.9622554726315642
UBFC_PHYS_s13_T2_ctrl,152,192,158.4,-0.49881041049957275,-0.5411912582303946
UBFC_PHYS_s13_T2_ctrl,152,193,158.43333333333334,-0.6697933077812195,0.020833958934042773
UBFC_PHYS_s13_T2_ctrl,152,194,158.46666666666667,-0.6243463754653931,0.5549000180957461
UBFC_PHYS_s13_T2_ctrl,152,195,158.5,-0.6303073167800903,0.9056760785634783
UBFC_PHYS_s13_T2_ctrl,152,196,158.53333333333333,-0.7422935366630554,0.9832264519236019
UBFC_PHYS_s13_T2_ctrl,152,197,158.56666666666666,-0.7387710213661194,0.7905998769595135
UBFC_PHYS_s13_T2_ctrl,152,198,158.6,-0.47455140948295593,0.4177339799121045
UBFC_PHYS_s13_T2_ctrl,152,199,158.63333333333333,-0.09699130803346634,0.0054969624061983885
UBFC_PHYS_s13_T2_ctrl,152,200,158.66666666666666,0.17402619123458862,-0.3060768194979369
UBFC_PHYS_s13_T2_ctrl,152,201,158.7,0.2215556651353836,-0.42685871138595916
UBFC_PHYS_s13_T2_ctrl,152,202,158.73333333333332,0.034050844609737396,-0.3460286020179336
UBFC_PHYS_s13_T2_ctrl,152,203,158.76666666666668,-0.20589983463287354,-0.1316551476582818
UBFC_PHYS_s13_T2_ctrl,152,204,158.8,-0.2690517008304596,0.09929795549782391
UBFC_PHYS_s13_T2_ctrl,152,205,158.83333333333334,-0.18712398409843445,0.2293794415733175
UBFC_PHYS_s13_T2_ctrl,152,206,158.86666666666667,-0.06843540072441101,0.188804564728525
UBFC_PHYS_s13_T2_ctrl,152,207,158.9,0.12555760145187378,-0.01555673879463999
UBFC_PHYS_s13_T2_ctrl,152,208,158.93333333333334,0.3409922420978546,-0.30137287317393574
UBFC_PHYS_s13_T2_ctrl,152,209,158.96666666666667,0.3279862403869629,-0.5414735242415584
UBFC_PHYS_s13_T2_ctrl,152,210,159.0,-0.02961505576968193,-0.6129005884428718
UBFC_PHYS_s13_T2_ctrl,152,211,159.03333333333333,-0.545727014541626,-0.446966408950224
UBFC_PHYS_s13_T2_ctrl,152,212,159.06666666666666,-0.978148341178894,-0.0614051507491264
UBFC_PHYS_s13_T2_ctrl,152,213,159.1,-1.2032707929611206,0.4389484757499008
UBFC_PHYS_s13_T2_ctrl,152,214,159.13333333333333,-1.1552832126617432,0.8946020444154004
UBFC_PHYS_s13_T2_ctrl,152,215,159.16666666666666,-0.8345581889152527,1.1452453448119357
UBFC_PHYS_s13_T2_ctrl,152,216,159.2,-0.34429022669792175,1.0849033226615854
UBFC_PHYS_s13_T2_ctrl,152,217,159.23333333333332,0.1415095031261444,0.6987562019616355
UBFC_PHYS_s13_T2_ctrl,152,218,159.26666666666668,0.4687754809856415,0.07045367315648894
UBFC_PHYS_s13_T2_ctrl,152,219,159.3,0.6216810941696167,-0.6405096362385779
UBFC_PHYS_s13_T2_ctrl,152,220,159.33333333333334,0.6997205018997192,-1.244070605494673
UBFC_PHYS_s13_T2_ctrl,152,221,159.36666666666667,0.7495400905609131,-1.5754116232419333
UBFC_PHYS_s13_T2_ctrl,152,222,159.4,0.7353741526603699,-1.5457362347419072
UBFC_PHYS_s13_T2_ctrl,152,223,159.43333333333334,0.6516242623329163,-1.1718370597604302
UBFC_PHYS_s13_T2_ctrl,152,224,159.46666666666667,0.5599296689033508,-0.5728929360687989
UBFC_PHYS_s13_T2_ctrl,152,225,159.5,0.5082054138183594,0.06711415471524274
UBFC_PHYS_s13_T2_ctrl,152,226,159.53333333333333,0.4901643991470337,0.5603064605639355
UBFC_PHYS_s13_T2_ctrl,152,227,159.56666666666666,0.4820088744163513,0.777858383599227
UBFC_PHYS_s13_T2_ctrl,152,228,159.6,0.4830073118209839,0.6912012721607322
UBFC_PHYS_s13_T2_ctrl,152,229,159.63333333333333,0.5007023215293884,0.37560610933990063
UBFC_PHYS_s13_T2_ctrl,152,230,159.66666666666666,0.5380102396011353,-0.023887072770039784
UBFC_PHYS_s13_T2_ctrl,152,231,159.7,0.6036795973777771,-0.3490224456312054
UBFC_PHYS_s13_T2_ctrl,152,232,159.73333333333332,0.7064953446388245,-0.4853771392227042
UBFC_PHYS_s13_T2_ctrl,152,233,159.76666666666668,0.9112470746040344,-0.39978456391357536
UBFC_PHYS_s13_T2_ctrl,152,234,159.8,1.2534533739089966,-0.14553395650643708
UBFC_PHYS_s13_T2_ctrl,152,235,159.83333333333334,1.5685569047927856,0.1655447581681252
UBFC_PHYS_s13_T2_ctrl,152,236,159.86666666666667,1.5693378448486328,0.41175823276659546
UBFC_PHYS_s13_T2_ctrl,152,237,159.9,1.218577265739441,0.5102851204127907
UBFC_PHYS_s13_T2_ctrl,152,238,159.93333333333334,0.7944598197937012,0.44671196962803844
UBFC_PHYS_s13_T2_ctrl,152,239,159.96666666666667,0.5933294296264648,0.2756823810395896
UBFC_PHYS_s13_T2_ctrl,153,0,153.0,-0.4571628272533417,-0.007328475377015488
UBFC_PHYS_s13_T2_ctrl,153,1,153.03333333333333,-0.02531486377120018,-0.5124033655487457
UBFC_PHYS_s13_T2_ctrl,153,2,153.06666666666666,-0.25118201971054077,-0.8646942940280398
UBFC_PHYS_s13_T2_ctrl,153,3,153.1,-0.9107094407081604,-0.9625397146988249
UBFC_PHYS_s13_T2_ctrl,153,4,153.13333333333333,-1.5622889995574951,-0.784801105628826
UBFC_PHYS_s13_T2_ctrl,153,5,153.16666666666666,-2.023289203643799,-0.3994455263339988
UBFC_PHYS_s13_T2_ctrl,153,6,153.2,-2.3385608196258545,0.05785269316745214
UBFC_PHYS_s13_T2_ctrl,153,7,153.23333333333332,-2.3611295223236084,0.42958643279276826
UBFC_PHYS_s13_T2_ctrl,153,8,153.26666666666668,-2.11383056640625,0.5911603052222599
UBFC_PHYS_s13_T2_ctrl,153,9,153.3,-1.7725073099136353,0.4945969039858823
UBFC_PHYS_s13_T2_ctrl,153,10,153.33333333333334,-1.410454273223877,0.1852913402854859
UBFC_PHYS_s13_T2_ctrl,153,11,153.36666666666667,-0.9552534818649292,-0.21411212451597483
UBFC_PHYS_s13_T2_ctrl,153,12,153.4,-0.45239800214767456,-0.547195275043149
UBFC_PHYS_s13_T2_ctrl,153,13,153.43333333333334,-0.03125275298953056,-0.6798367909086859
UBFC_PHYS_s13_T2_ctrl,153,14,153.46666666666667,0.23409047722816467,-0.5495764505572593
UBFC_PHYS_s13_T2_ctrl,153,15,153.5,0.32487890124320984,-0.19035278407958825
UBFC_PHYS_s13_T2_ctrl,153,16,153.53333333333333,0.2833729684352875,0.27780222556128775
UBFC_PHYS_s13_T2_ctrl,153,17,153.56666666666666,0.2340937703847885,0.691745563833292
UBFC_PHYS_s13_T2_ctrl,153,18,153.6,0.2872546911239624,0.9044604964352239
UBFC_PHYS_s13_T2_ctrl,153,19,153.63333333333333,0.4186362326145172,0.8370073538009085
UBFC_PHYS_s13_T2_ctrl,153,20,153.66666666666666,0.53560471534729,0.5044417632388671
UBFC_PHYS_s13_T2_ctrl,153,21,153.7,0.5938435196876526,0.008886532037898829
UBFC_PHYS_s13_T2_ctrl,153,22,153.73333333333332,0.6141944527626038,-0.4956958361554961
UBFC_PHYS_s13_T2_ctrl,153,23,153.76666666666668,0.6273882985115051,-0.854781510409728
UBFC_PHYS_s13_T2_ctrl,153,24,153.8,0.6279484629631042,-0.9644356895605268
UBFC_PHYS_s13_T2_ctrl,153,25,153.83333333333334,0.6037652492523193,-0.8059566936479243
UBFC_PHYS_s13_T2_ctrl,153,26,153.86666666666667,0.553602933883667,-0.4516210940173536
UBFC_PHYS_s13_T2_ctrl,153,27,153.9,0.5013152360916138,-0.038174029858702295
UBFC_PHYS_s13_T2_ctrl,153,28,153.93333333333334,0.46139761805534363,0.28284820381083575
UBFC_PHYS_s13_T2_ctrl,153,29,153.96666666666667,0.4403744637966156,0.39935784189215123
UBFC_PHYS_s13_T2_ctrl,153,30,154.0,0.45343977212905884,0.27783736609920695
UBFC_PHYS_s13_T2_ctrl,153,31,154.03333333333333,0.4968700706958771,-0.025673719375270753
UBFC_PHYS_s13_T2_ctrl,153,32,154.06666666666666,0.487152636051178,-0.38549751920955955
UBFC_PHYS_s13_T2_ctrl,153,33,154.1,0.3130558431148529,-0.6499764404895217
UBFC_PHYS_s13_T2_ctrl,153,34,154.13333333333333,-0.05867182835936546,-0.6947036025879986
UBFC_PHYS_s13_T2_ctrl,153,35,154.16666666666666,-0.5796605944633484,-0.46808229131476886
UBFC_PHYS_s13_T2_ctrl,153,36,154.2,-0.9109269380569458,-0.013348470563949822
UBFC_PHYS_s13_T2_ctrl,153,37,154.23333333333332,-0.8523916006088257,0.5420047597436332
UBFC_PHYS_s13_T2_ctrl,153,38,154.26666666666668,-0.5906236171722412,1.0270494113362496
UBFC_PHYS_s13_T2_ctrl,153,39,154.3,-0.3211482763290405,1.2846754180173288
UBFC_PHYS_s13_T2_ctrl,153,40,154.33333333333334,-0.09446392208337784,1.2252032506870374
UBFC_PHYS_s13_T2_ctrl,153,41,154.36666666666667,0.055245351046323776,0.8578011202421963
UBFC_PHYS_s13_T2_ctrl,153,42,154.4,0.13642175495624542,0.2895252574420629
UBFC_PHYS_s13_T2_ctrl,153,43,154.43333333333334,0.20996657013893127,-0.30717888217637057
UBFC_PHYS_s13_T2_ctrl,153,44,154.46666666666667,0.32247012853622437,-0.7483175866337776
UBFC_PHYS_s13_T2_ctrl,153,45,154.5,0.44795334339141846,-0.897102384661964
UBFC_PHYS_s13_T2_ctrl,153,46,154.53333333333333,0.557323157787323,-0.7087083145762996
UBFC_PHYS_s13_T2_ctrl,153,47,154.56666666666666,0.6657242774963379,-0.2452691576007849
UBFC_PHYS_s13_T2_ctrl,153,48,154.6,0.7763693332672119,0.3451423983365871
UBFC_PHYS_s13_T2_ctrl,153,49,154.63333333333333,0.8342785835266113,0.878686270305969
UBFC_PHYS_s13_T2_ctrl,153,50,154.66666666666666,0.8088399171829224,1.1967249865222414
UBFC_PHYS_s13_T2_ctrl,153,51,154.7,0.7200022339820862,1.2150675464594451
UBFC_PHYS_s13_T2_ctrl,153,52,154.73333333333332,0.6039299964904785,0.9446431170534445
UBFC_PHYS_s13_T2_ctrl,153,53,154.76666666666668,0.4781765937805176,0.47887239270568505
UBFC_PHYS_s13_T2_ctrl,153,54,154.8,0.34046831727027893,-0.044549709651211716
UBFC_PHYS_s13_T2_ctrl,153,55,154.83333333333334,0.19681227207183838,-0.49178973986047325
UBFC_PHYS_s13_T2_ctrl,153,56,154.86666666666667,0.05914353206753731,-0.7739801853634793
UBFC_PHYS_s13_T2_ctrl,153,57,154.9,-0.07447544485330582,-0.86883235151303
UBFC_PHYS_s13_T2_ctrl,153,58,154.93333333333334,-0.2154228687286377,-0.8179615634977625
UBFC_PHYS_s13_T2_ctrl,153,59,154.96666666666667,-0.365600049495697,-0.7033172005231156
UBFC_PHYS_s13_T2_ctrl,153,60,155.0,-0.5202817320823669,-0.6124719992576954
UBFC_PHYS_s13_T2_ctrl,153,61,155.03333333333333,-0.6803971529006958,-0.6051269536479803
UBFC_PHYS_s13_T2_ctrl,153,62,155.06666666666666,-0.843109130859375,-0.6914885052801026
UBFC_PHYS_s13_T2_ctrl,153,63,155.1,-1.0171960592269897,-0.828693868512919
UBFC_PHYS_s13_T2_ctrl,153,64,155.13333333333333,-1.2198421955108643,-0.9361658553874425
UBFC_PHYS_s13_T2_ctrl,153,65,155.16666666666666,-1.4159736633300781,-0.9255729945142241
UBFC_PHYS_s13_T2_ctrl,153,66,155.2,-1.4879038333892822,-0.7364483603098356
UBFC_PHYS_s13_T2_ctrl,153,67,155.23333333333332,-1.3981765508651733,-0.365436121367988
UBFC_PHYS_s13_T2_ctrl,153,68,155.26666666666668,-1.2424535751342773,0.12284440814090604
UBFC_PHYS_s13_T2_ctrl,153,69,155.3,-1.153971791267395,0.6103975980957624
UBFC_PHYS_s13_T2_ctrl,153,70,155.33333333333334,-1.154881238937378,0.9633967496682757
UBFC_PHYS_s13_T2_ctrl,153,71,155.36666666666667,-1.2894656658172607,1.0799443860698599
UBFC_PHYS_s13_T2_ctrl,153,72,155.4,-1.5973758697509766,0.929688693514605
UBFC_PHYS_s13_T2_ctrl,153,73,155.43333333333334,-2.076150417327881,0.5690446105943981
UBFC_PHYS_s13_T2_ctrl,153,74,155.46666666666667,-2.5814409255981445,0.12516788296652492
UBFC_PHYS_s13_T2_ctrl,153,75,155.5,-2.914302110671997,-0.2460247588202027
UBFC_PHYS_s13_T2_ctrl,153,76,155.53333333333333,-2.9154653549194336,-0.4129961932981798
UBFC_PHYS_s13_T2_ctrl,153,77,155.56666666666666,-2.612692356109619,-0.31408043653506
UBFC_PHYS_s13_T2_ctrl,153,78,155.6,-2.087360382080078,0.02120189081779634
UBFC_PHYS_s13_T2_ctrl,153,79,155.63333333333333,-1.418326497077942,0.4831908639101737
UBFC_PHYS_s13_T2_ctrl,153,80,155.66666666666666,-0.6878409385681152,0.9215440542515183
UBFC_PHYS_s13_T2_ctrl,153,81,155.7,0.44489872455596924,1.1980770638883826
UBFC_PHYS_s13_T2_ctrl,153,82,155.73333333333332,1.4762263298034668,1.2329275690277786
UBFC_PHYS_s13_T2_ctrl,153,83,155.76666666666668,1.864973545074463,1.0273700680155757
UBFC_PHYS_s13_T2_ctrl,153,84,155.8,1.7791937589645386,0.6569066856140074
UBFC_PHYS_s13_T2_ctrl,153,85,155.83333333333334,1.4575262069702148,0.23985333994776997
UBFC_PHYS_s13_T2_ctrl,153,86,155.86666666666667,0.9897939562797546,-0.10586687124974967
UBFC_PHYS_s13_T2_ctrl,153,87,155.9,0.5759112238883972,-0.3027598107006228
UBFC_PHYS_s13_T2_ctrl,153,88,155.93333333333334,0.37091565132141113,-0.3375948255231801
UBFC_PHYS_s13_T2_ctrl,153,89,155.96666666666667,0.3880043923854828,-0.26149119052024394
UBFC_PHYS_s13_T2_ctrl,153,90,156.0,0.5096388459205627,-0.1667451357523078
UBFC_PHYS_s13_T2_ctrl,153,91,156.03333333333333,0.6990252137184143,-0.1490666036904626
UBFC_PHYS_s13_T2_ctrl,153,92,156.06666666666666,0.9345867037773132,-0.26921934882758436
UBFC_PHYS_s13_T2_ctrl,153,93,156.1,1.0640274286270142,-0.5280384175536657
UBFC_PHYS_s13_T2_ctrl,153,94,156.13333333333333,0.9244870543479919,-0.8632245773855254
UBFC_PHYS_s13_T2_ctrl,153,95,156.16666666666666,0.5645198225975037,-1.1684273459239154
UBFC_PHYS_s13_T2_ctrl,153,96,156.2,0.17696218192577362,-1.3284744097121868
UBFC_PHYS_s13_T2_ctrl,153,97,156.23333333333332,-0.09538985788822174,-1.2600100979934072
UBFC_PHYS_s13_T2_ctrl,153,98,156.26666666666668,-0.20336586236953735,-0.9443192861945451
UBFC_PHYS_s13_T2_ctrl,153,99,156.3,-0.16240695118904114,-0.4401272127909347
UBFC_PHYS_s13_T2_ctrl,153,100,156.33333333333334,-0.002331082010641694,0.13012599574604441
UBFC_PHYS_s13_T2_ctrl,153,101,156.36666666666667,0.22256727516651154,0.6174995092725666
UBFC_PHYS_s13_T2_ctrl,153,102,156.4,0.49132099747657776,0.8943047911017431
UBFC_PHYS_s13_T2_ctrl,153,103,156.43333333333334,0.8118088245391846,0.8947847333018251
UBFC_PHYS_s13_T2_ctrl,153,104,156.46666666666667,1.120163917541504,0.6348529854768568
UBFC_PHYS_s13_T2_ctrl,153,105,156.5,1.2731451988220215,0.2059389104877756
UBFC_PHYS_s13_T2_ctrl,153,106,156.53333333333333,1.2627819776535034,-0.25332562597566677
UBFC_PHYS_s13_T2_ctrl,153,107,156.56666666666666,1.2560861110687256,-0.598099893654313
UBFC_PHYS_s13_T2_ctrl,153,108,156.6,1.348838448524475,-0.719199307850686
UBFC_PHYS_s13_T2_ctrl,153,109,156.63333333333333,1.4697710275650024,-0.574564524062659
UBFC_PHYS_s13_T2_ctrl,153,110,156.66666666666666,1.5083211660385132,-0.20170371766876408
UBFC_PHYS_s13_T2_ctrl,153,111,156.7,1.4060853719711304,0.2932835126320711
UBFC_PHYS_s13_T2_ctrl,153,112,156.73333333333332,1.238091230392456,0.7687066871117593
UBFC_PHYS_s13_T2_ctrl,153,113,156.76666666666668,1.1388441324234009,1.0934980570179278
UBFC_PHYS_s13_T2_ctrl,153,114,156.8,1.1595213413238525,1.1907789882524291
UBFC_PHYS_s13_T2_ctrl,153,115,156.83333333333334,1.2108501195907593,1.061607868964061
UBFC_PHYS_s13_T2_ctrl,153,116,156.86666666666667,1.1938306093215942,0.7793251587847944
UBFC_PHYS_s13_T2_ctrl,153,117,156.9,1.0343314409255981,0.4572691669859915
UBFC_PHYS_s13_T2_ctrl,153,118,156.93333333333334,0.6763742566108704,0.20303375035420337
UBFC_PHYS_s13_T2_ctrl,153,119,156.96666666666667,0.11322049796581268,0.07706438781073024
UBFC_PHYS_s13_T2_ctrl,153,120,157.0,-0.7036082744598389,0.0713205125866985
UBFC_PHYS_s13_T2_ctrl,153,121,157.03333333333333,-1.3302170038223267,0.1160348141286824
UBFC_PHYS_s13_T2_ctrl,153,122,157.06666666666666,-1.5215343236923218,0.11194277193710331
UBFC_PHYS_s13_T2_ctrl,153,123,157.1,-1.4836926460266113,-0.02456815406056899
UBFC_PHYS_s13_T2_ctrl,153,124,157.13333333333333,-1.3389393091201782,-0.3214033002010696
UBFC_PHYS_s13_T2_ctrl,153,125,157.16666666666666,-1.0922895669937134,-0.7321531201425179
UBFC_PHYS_s13_T2_ctrl,153,126,157.2,-0.8642476201057434,-1.1467324273886061
UBFC_PHYS_s13_T2_ctrl,153,127,157.23333333333332,-0.7338545918464661,-1.4278513891812261
UBFC_PHYS_s13_T2_ctrl,153,128,157.26666666666668,-0.6205470561981201,-1.4608212802934286
UBFC_PHYS_s13_T2_ctrl,153,129,157.3,-0.429147332906723,-1.1991699084714285
UBFC_PHYS_s13_T2_ctrl,153,130,157.33333333333334,-0.2702939808368683,-0.6884173322882838
UBFC_PHYS_s13_T2_ctrl,153,131,157.36666666666667,-0.2814118564128876,-0.05681082975819892
UBFC_PHYS_s13_T2_ctrl,153,132,157.4,-0.4632226228713989,0.5256221168546793
UBFC_PHYS_s13_T2_ctrl,153,133,157.43333333333334,-0.6748546361923218,0.9048458012114045
UBFC_PHYS_s13_T2_ctrl,153,134,157.46666666666667,-0.6768186092376709,0.994840017757331
UBFC_PHYS_s13_T2_ctrl,153,135,157.5,-0.3735809326171875,0.8037396177987338
UBFC_PHYS_s13_T2_ctrl,153,136,157.53333333333333,-0.05470115318894386,0.42577506666059856
UBFC_PHYS_s13_T2_ctrl,153,137,157.56666666666666,0.024863921105861664,0.004770683740009843
UBFC_PHYS_s13_T2_ctrl,153,138,157.6,-0.04411708191037178,-0.31602765921031134
UBFC_PHYS_s13_T2_ctrl,153,139,157.63333333333333,-0.13873447477817535,-0.4405366819107446
UBFC_PHYS_s13_T2_ctrl,153,140,157.66666666666666,-0.2543947994709015,-0.3480162928451867
UBFC_PHYS_s13_T2_ctrl,153,141,157.7,-0.35437342524528503,-0.09438607597031712
UBFC_PHYS_s13_T2_ctrl,153,142,157.73333333333332,-0.39294663071632385,0.21276483900574064
UBFC_PHYS_s13_T2_ctrl,153,143,157.76666666666668,-0.4049278497695923,0.45587778658226835
UBFC_PHYS_s13_T2_ctrl,153,144,157.8,-0.3999060094356537,0.5503592172640032
UBFC_PHYS_s13_T2_ctrl,153,145,157.83333333333334,-0.3201003968715668,0.47313945378060507
UBFC_PHYS_s13_T2_ctrl,153,146,157.86666666666667,-0.16279907524585724,0.2672860389228698
UBFC_PHYS_s13_T2_ctrl,153,147,157.9,-0.0004627230518963188,0.022525994910497563
UBFC_PHYS_s13_T2_ctrl,153,148,157.93333333333334,0.11856526136398315,-0.1597945542916575
UBFC_PHYS_s13_T2_ctrl,153,149,157.96666666666667,0.20850680768489838,-0.20413068923346406
UBFC_PHYS_s13_T2_ctrl,153,150,158.0,0.26541760563850403,-0.0879329580078528
UBFC_PHYS_s13_T2_ctrl,153,151,158.03333333333333,0.2663501501083374,0.14959033974196262
UBFC_PHYS_s13_T2_ctrl,153,152,158.06666666666666,0.2494756132364273,0.419432570716726
UBFC_PHYS_s13_T2_ctrl,153,153,158.1,0.2799394130706787,0.6117935912846006
UBFC_PHYS_s13_T2_ctrl,153,154,158.13333333333333,0.3460140824317932,0.6334220673426127
UBFC_PHYS_s13_T2_ctrl,153,155,158.16666666666666,0.39628511667251587,0.44162313327627895
UBFC_PHYS_s13_T2_ctrl,153,156,158.2,0.4283207356929779,0.06343115879789639
UBFC_PHYS_s13_T2_ctrl,153,157,158.23333333333332,0.5038953423500061,-0.4076756868098537
UBFC_PHYS_s13_T2_ctrl,153,158,158.26666666666668,0.6937891840934753,-0.8381390438958584
UBFC_PHYS_s13_T2_ctrl,153,159,158.3,0.8256979584693909,-1.0964558453028774
UBFC_PHYS_s13_T2_ctrl,153,160,158.33333333333334,0.5993826985359192,-1.0977086731910655
UBFC_PHYS_s13_T2_ctrl,153,161,158.36666666666667,0.025232980027794838,-0.834994138164001
UBFC_PHYS_s13_T2_ctrl,153,162,158.4,-0.49881041049957275,-0.38530381346545406
UBFC_PHYS_s13_T2_ctrl,153,163,158.43333333333334,-0.6697933077812195,0.11422165948730811
UBFC_PHYS_s13_T2_ctrl,153,164,158.46666666666667,-0.6243463754653931,0.5122864751584117
UBFC_PHYS_s13_T2_ctrl,153,165,158.5,-0.6303073167800903,0.6949836581047969
UBFC_PHYS_s13_T2_ctrl,153,166,158.53333333333333,-0.7422935366630554,0.6237950957492441
UBFC_PHYS_s13_T2_ctrl,153,167,158.56666666666666,-0.7387710213661194,0.3463403823807895
UBFC_PHYS_s13_T2_ctrl,153,168,158.6,-0.47455140948295593,-0.02326365354305475
UBFC_PHYS_s13_T2_ctrl,153,169,158.63333333333333,-0.09699130803346634,-0.3464783821623158
UBFC_PHYS_s13_T2_ctrl,153,170,158.66666666666666,0.17402619123458862,-0.5095648921312953
UBFC_PHYS_s13_T2_ctrl,153,171,158.7,0.2215556651353836,-0.4628242980508993
UBFC_PHYS_s13_T2_ctrl,153,172,158.73333333333332,0.034050844609737396,-0.23627627254371306
UBFC_PHYS_s13_T2_ctrl,153,173,158.76666666666668,-0.20589983463287354,0.07379935731410474
UBFC_PHYS_s13_T2_ctrl,153,174,158.8,-0.2690517008304596,0.3426859536701405
UBFC_PHYS_s13_T2_ctrl,153,175,158.83333333333334,-0.18712398409843445,0.4655347879189545
UBFC_PHYS_s13_T2_ctrl,153,176,158.86666666666667,-0.06843540072441101,0.3980115064633998
UBFC_PHYS_s13_T2_ctrl,153,177,158.9,0.12555760145187378,0.17381578258377026
UBFC_PHYS_s13_T2_ctrl,153,178,158.93333333333334,0.3409922420978546,-0.10749065395499123
UBFC_PHYS_s13_T2_ctrl,153,179,158.96666666666667,0.3279862403869629,-0.3177895137632553
UBFC_PHYS_s13_T2_ctrl,153,180,159.0,-0.02961505576968193,-0.34947128067931815
UBFC_PHYS_s13_T2_ctrl,153,181,159.03333333333333,-0.545727014541626,-0.15860018629772943
UBFC_PHYS_s13_T2_ctrl,153,182,159.06666666666666,-0.978148341178894,0.2142778514586039
UBFC_PHYS_s13_T2_ctrl,153,183,159.1,-1.2032707929611206,0.6545671830510476
UBFC_PHYS_s13_T2_ctrl,153,184,159.13333333333333,-1.1552832126617432,1.0118642464798662
UBFC_PHYS_s13_T2_ctrl,153,185,159.16666666666666,-0.8345581889152527,1.1515054617885452
UBFC_PHYS_s13_T2_ctrl,153,186,159.2,-0.34429022669792175,1.000737205795688
UBFC_PHYS_s13_T2_ctrl,153,187,159.23333333333332,0.1415095031261444,0.5742235805446204
UBFC_PHYS_s13_T2_ctrl,153,188,159.26666666666668,0.4687754809856415,-0.0282610979821421
UBFC_PHYS_s13_T2_ctrl,153,189,159.3,0.6216810941696167,-0.6501942008484243
UBFC_PHYS_s13_T2_ctrl,153,190,159.33333333333334,0.6997205018997192,-1.1241684112884982
UBFC_PHYS_s13_T2_ctrl,153,191,159.36666666666667,0.7495400905609131,-1.3224219628704745
UBFC_PHYS_s13_T2_ctrl,153,192,159.4,0.7353741526603699,-1.1972456184215683
UBFC_PHYS_s13_T2_ctrl,153,193,159.43333333333334,0.6516242623329163,-0.798047280215388
UBFC_PHYS_s13_T2_ctrl,153,194,159.46666666666667,0.5599296689033508,-0.25795289790939535
UBFC_PHYS_s13_T2_ctrl,153,195,159.5,0.5082054138183594,0.24765795883699798
UBFC_PHYS_s13_T2_ctrl,153,196,159.53333333333333,0.4901643991470337,0.5582319913086105
UBFC_PHYS_s13_T2_ctrl,153,197,159.56666666666666,0.4820088744163513,0.5814985571692467
UBFC_PHYS_s13_T2_ctrl,153,198,159.6,0.4830073118209839,0.32387411292262014
UBFC_PHYS_s13_T2_ctrl,153,199,159.63333333333333,0.5007023215293884,-0.1138414710078404
UBFC_PHYS_s13_T2_ctrl,153,200,159.66666666666666,0.5380102396011353,-0.5736886984825244
UBFC_PHYS_s13_T2_ctrl,153,201,159.7,0.6036795973777771,-0.8963865261114007
UBFC_PHYS_s13_T2_ctrl,153,202,159.73333333333332,0.7064953446388245,-0.9757696326346931
UBFC_PHYS_s13_T2_ctrl,153,203,159.76666666666668,0.9112470746040344,-0.7933258092784612
UBFC_PHYS_s13_T2_ctrl,153,204,159.8,1.2534533739089966,-0.42099010653904023
UBFC_PHYS_s13_T2_ctrl,153,205,159.83333333333334,1.5685569047927856,0.008993472660068768
UBFC_PHYS_s13_T2_ctrl,153,206,159.86666666666667,1.5693378448486328,0.3559099680844171
UBFC_PHYS_s13_T2_ctrl,153,207,159.9,1.218577265739441,0.523935683338949
UBFC_PHYS_s13_T2_ctrl,153,208,159.93333333333334,0.7944598197937012,0.49610934062108114
UBFC_PHYS_s13_T2_ctrl,153,209,159.96666666666667,0.5933294296264648,0.3359849861759692
UBFC_PHYS_s13_T2_ctrl,153,210,160.0,0.5475991368293762,0.15739510785184246
UBFC_PHYS_s13_T2_ctrl,153,211,160.03333333333333,0.3289286494255066,0.07560232937298542
UBFC_PHYS_s13_T2_ctrl,153,212,160.06666666666666,-0.21377527713775635,0.15998280941598547
UBFC_PHYS_s13_T2_ctrl,153,213,160.1,-0.910254716873169,0.40692943186024466
UBFC_PHYS_s13_T2_ctrl,153,214,160.13333333333333,-1.2827699184417725,0.7428218211550933
UBFC_PHYS_s13_T2_ctrl,153,215,160.16666666666666,-1.2488428354263306,1.054230013535999
UBFC_PHYS_s13_T2_ctrl,153,216,160.2,-0.973838210105896,1.2312996588080403
UBFC_PHYS_s13_T2_ctrl,153,217,160.23333333333332,-0.5953126549720764,1.2062173608602769
UBFC_PHYS_s13_T2_ctrl,153,218,160.26666666666668,-0.2542300224304199,0.9736750700468745
UBFC_PHYS_s13_T2_ctrl,153,219,160.3,-0.028310170397162437,0.5894309628597756
UBFC_PHYS_s13_T2_ctrl,153,220,160.33333333333334,0.1483733206987381,0.15038881694745812
UBFC_PHYS_s13_T2_ctrl,153,221,160.36666666666667,0.3222064971923828,-0.2362233545923962
UBFC_PHYS_s13_T2_ctrl,153,222,160.4,0.45718637108802795,-0.4849950888160759
UBFC_PHYS_s13_T2_ctrl,153,223,160.43333333333334,0.48957785964012146,-0.5563200585521085
UBFC_PHYS_s13_T2_ctrl,153,224,160.46666666666667,0.45378246903419495,-0.46533481105894475
UBFC_PHYS_s13_T2_ctrl,153,225,160.5,0.4199773669242859,-0.27376629508828576
UBFC_PHYS_s13_T2_ctrl,153,226,160.53333333333333,0.4161912202835083,-0.06845874740547418
UBFC_PHYS_s13_T2_ctrl,153,227,160.56666666666666,0.3762933611869812,0.06545737022643267
UBFC_PHYS_s13_T2_ctrl,153,228,160.6,0.2516866624355316,0.068162299300816
UBFC_PHYS_s13_T2_ctrl,153,229,160.63333333333333,0.10962876677513123,-0.08062634979101056
UBFC_PHYS_s13_T2_ctrl,153,230,160.66666666666666,0.00447343522682786,-0.3591558629902713
UBFC_PHYS_s13_T2_ctrl,153,231,160.7,-0.06139693036675453,-0.7117272196979302
UBFC_PHYS_s13_T2_ctrl,153,232,160.73333333333332,-0.1234317198395729,-1.063924416756159
UBFC_PHYS_s13_T2_ctrl,153,233,160.76666666666668,-0.21675081551074982,-1.3405103717637674
UBFC_PHYS_s13_T2_ctrl,153,234,160.8,-0.31687772274017334,-1.4815180580819836
UBFC_PHYS_s13_T2_ctrl,153,235,160.83333333333334,-0.3012849986553192,-1.4530735893407833
UBFC_PHYS_s13_T2_ctrl,153,236,160.86666666666667,-0.08035731315612793,-1.2513448486207628
UBFC_PHYS_s13_T2_ctrl,153,237,160.9,0.22659726440906525,-0.9000172586954255
UBFC_PHYS_s13_T2_ctrl,153,238,160.93333333333334,0.37641197443008423,-0.4432058895732171
UBFC_PHYS_s13_T2_ctrl,153,239,160.96666666666667,0.2935418486595154,0.06334885133378039
UBFC_PHYS_s13_T2_ctrl,154,0,154.0,0.45343977212905884,0.05385511117571057
UBFC_PHYS_s13_T2_ctrl,154,1,154.03333333333333,0.4968700706958771,-0.23310880220874974
UBFC_PHYS_s13_T2_ctrl,154,2,154.06666666666666,0.487152636051178,-0.46470325160728115
UBFC_PHYS_s13_T2_ctrl,154,3,154.1,0.3130558431148529,-0.5982248457111159
UBFC_PHYS_s13_T2_ctrl,154,4,154.13333333333333,-0.05867182835936546,-0.6155394266936238
UBFC_PHYS_s13_T2_ctrl,154,5,154.16666666666666,-0.5796605944633484,-0.5282741089826191
UBFC_PHYS_s13_T2_ctrl,154,6,154.2,-0.9109269380569458,-0.37433029634046305
UBFC_PHYS_s13_T2_ctrl,154,7,154.23333333333332,-0.8523916006088257,-0.20582543877684573
UBFC_PHYS_s13_T2_ctrl,154,8,154.26666666666668,-0.5906236171722412,-0.07281694209120597
UBFC_PHYS_s13_T2_ctrl,154,9,154.3,-0.3211482763290405,-0.009312463569623671
UBFC_PHYS_s13_T2_ctrl,154,10,154.33333333333334,-0.09446392208337784,-0.026108389669850456
UBFC_PHYS_s13_T2_ctrl,154,11,154.36666666666667,0.055245351046323776,-0.11111434632822806
UBFC_PHYS_s13_T2_ctrl,154,12,154.4,0.13642175495624542,-0.2352080775754555
UBFC_PHYS_s13_T2_ctrl,154,13,154.43333333333334,0.20996657013893127,-0.3609950940348578
UBFC_PHYS_s13_T2_ctrl,154,14,154.46666666666667,0.32247012853622437,-0.4522440073749099
UBFC_PHYS_s13_T2_ctrl,154,15,154.5,0.44795334339141846,-0.4823860074469938
UBFC_PHYS_s13_T2_ctrl,154,16,154.53333333333333,0.557323157787323,-0.4407897064482248
UBFC_PHYS_s13_T2_ctrl,154,17,154.56666666666666,0.6657242774963379,-0.33545304944006354
UBFC_PHYS_s13_T2_ctrl,154,18,154.6,0.7763693332672119,-0.19078314388615644
UBFC_PHYS_s13_T2_ctrl,154,19,154.63333333333333,0.8342785835266113,-0.04023289005988872
UBFC_PHYS_s13_T2_ctrl,154,20,154.66666666666666,0.8088399171829224,0.08411610059215471
UBFC_PHYS_s13_T2_ctrl,154,21,154.7,0.7200022339820862,0.16103411671259565
UBFC_PHYS_s13_T2_ctrl,154,22,154.73333333333332,0.6039299964904785,0.18492725022884288
UBFC_PHYS_s13_T2_ctrl,154,23,154.76666666666668,0.4781765937805176,0.16448582445386462
UBFC_PHYS_s13_T2_ctrl,154,24,154.8,0.34046831727027893,0.11678953982721006
UBFC_PHYS_s13_T2_ctrl,154,25,154.83333333333334,0.19681227207183838,0.0603617024808719
UBFC_PHYS_s13_T2_ctrl,154,26,154.86666666666667,0.05914353206753731,0.010338422929505348
UBFC_PHYS_s13_T2_ctrl,154,27,154.9,-0.07447544485330582,-0.023054680837541284
UBFC_PHYS_s13_T2_ctrl,154,28,154.93333333333334,-0.2154228687286377,-0.03367415236444666
UBFC_PHYS_s13_T2_ctrl,154,29,154.96666666666667,-0.365600049495697,-0.018265914371246483
UBFC_PHYS_s13_T2_ctrl,154,30,155.0,-0.5202817320823669,0.023663482207198383
UBFC_PHYS_s13_T2_ctrl,154,31,155.03333333333333,-0.6803971529006958,0.08896160458167578
UBFC_PHYS_s13_T2_ctrl,154,32,155.06666666666666,-0.843109130859375,0.17021283888805258
UBFC_PHYS_s13_T2_ctrl,154,33,155.1,-1.0171960592269897,0.25680282288764694
UBFC_PHYS_s13_T2_ctrl,154,34,155.13333333333333,-1.2198421955108643,0.3379488920773442
UBFC_PHYS_s13_T2_ctrl,154,35,155.16666666666666,-1.4159736633300781,0.40625270722087264
UBFC_PHYS_s13_T2_ctrl,154,36,155.2,-1.4879038333892822,0.4592636028375117
UBFC_PHYS_s13_T2_ctrl,154,37,155.23333333333332,-1.3981765508651733,0.4975084105427443
UBFC_PHYS_s13_T2_ctrl,154,38,155.26666666666668,-1.2424535751342773,0.5203167713834991
UBFC_PHYS_s13_T2_ctrl,154,39,155.3,-1.153971791267395,0.5228754115032492
UBFC_PHYS_s13_T2_ctrl,154,40,155.33333333333334,-1.154881238937378,0.497048967478243
UBFC_PHYS_s13_T2_ctrl,154,41,155.36666666666667,-1.2894656658172607,0.4356599477497397
UBFC_PHYS_s13_T2_ctrl,154,42,155.4,-1.5973758697509766,0.33758384321779117
UBFC_PHYS_s13_T2_ctrl,154,43,155.43333333333334,-2.076150417327881,0.210641221402774
UBFC_PHYS_s13_T2_ctrl,154,44,155.46666666666667,-2.5814409255981445,0.07080676582347331
UBFC_PHYS_s13_T2_ctrl,154,45,155.5,-2.914302110671997,-0.06176601390238503
UBFC_PHYS_s13_T2_ctrl,154,46,155.53333333333333,-2.9154653549194336,-0.1683476513137577
UBFC_PHYS_s13_T2_ctrl,154,47,155.56666666666666,-2.612692356109619,-0.23699898600074626
UBFC_PHYS_s13_T2_ctrl,154,48,155.6,-2.087360382080078,-0.26575941337270265
UBFC_PHYS_s13_T2_ctrl,154,49,155.63333333333333,-1.418326497077942,-0.2622800201711146
UBFC_PHYS_s13_T2_ctrl,154,50,155.66666666666666,-0.6878409385681152,-0.24004282671006377
UBFC_PHYS_s13_T2_ctrl,154,51,155.7,0.44489872455596924,-0.2129396297138172
UBFC_PHYS_s13_T2_ctrl,154,52,155.73333333333332,1.4762263298034668,-0.19066004419677932
UBFC_PHYS_s13_T2_ctrl,154,53,155.76666666666668,1.864973545074463,-0.17679143392946503
UBFC_PHYS_s13_T2_ctrl,154,54,155.8,1.7791937589645386,-0.17016554759727054
UBFC_PHYS_s13_T2_ctrl,154,55,155.83333333333334,1.4575262069702148,-0.16851734360748322
UBFC_PHYS_s13_T2_ctrl,154,56,155.86666666666667,0.9897939562797546,-0.17259942465574798
UBFC_PHYS_s13_T2_ctrl,154,57,155.9,0.5759112238883972,-0.18876119256112134
UBFC_PHYS_s13_T2_ctrl,154,58,155.93333333333334,0.37091565132141113,-0.22857242050652277
UBFC_PHYS_s13_T2_ctrl,154,59,155.96666666666667,0.3880043923854828,-0.3051069783240685
UBFC_PHYS_s13_T2_ctrl,154,60,156.0,0.5096388459205627,-0.426693136423638
UBFC_PHYS_s13_T2_ctrl,154,61,156.03333333333333,0.6990252137184143,-0.5899690649204647
UBFC_PHYS_s13_T2_ctrl,154,62,156.06666666666666,0.9345867037773132,-0.7747089221186343
UBFC_PHYS_s13_T2_ctrl,154,63,156.1,1.0640274286270142,-0.9429799885680831
UBFC_PHYS_s13_T2_ctrl,154,64,156.13333333333333,0.9244870543479919,-1.044552784607191
UBFC_PHYS_s13_T2_ctrl,154,65,156.16666666666666,0.5645198225975037,-1.0287469854028806
UBFC_PHYS_s13_T2_ctrl,154,66,156.2,0.17696218192577362,-0.8602274194584989
UBFC_PHYS_s13_T2_ctrl,154,67,156.23333333333332,-0.09538985788822174,-0.5339148343244622
UBFC_PHYS_s13_T2_ctrl,154,68,156.26666666666668,-0.20336586236953735,-0.08344905599663859
UBFC_PHYS_s13_T2_ctrl,154,69,156.3,-0.16240695118904114,0.421201410929719
UBFC_PHYS_s13_T2_ctrl,154,70,156.33333333333334,-0.002331082010641694,0.8885011143942987
UBFC_PHYS_s13_T2_ctrl,154,71,156.36666666666667,0.22256727516651154,1.22931528151465
UBFC_PHYS_s13_T2_ctrl,154,72,156.4,0.49132099747657776,1.3818548477552368
UBFC_PHYS_s13_T2_ctrl,154,73,156.43333333333334,0.8118088245391846,1.3279208889315623
UBFC_PHYS_s13_T2_ctrl,154,74,156.46666666666667,1.120163917541504,1.0951110765918648
UBFC_PHYS_s13_T2_ctrl,154,75,156.5,1.2731451988220215,0.7462954846856088
UBFC_PHYS_s13_T2_ctrl,154,76,156.53333333333333,1.2627819776535034,0.3618657919650806
UBFC_PHYS_s13_T2_ctrl,154,77,156.56666666666666,1.2560861110687256,0.020795779143353392
UBFC_PHYS_s13_T2_ctrl,154,78,156.6,1.348838448524475,-0.21524491992901534
UBFC_PHYS_s13_T2_ctrl,154,79,156.63333333333333,1.4697710275650024,-0.31266308823713584
UBFC_PHYS_s13_T2_ctrl,154,80,156.66666666666666,1.5083211660385132,-0.27072741908997927
UBFC_PHYS_s13_T2_ctrl,154,81,156.7,1.4060853719711304,-0.11969059427512777
UBFC_PHYS_s13_T2_ctrl,154,82,156.73333333333332,1.238091230392456,0.088187372679083
UBFC_PHYS_s13_T2_ctrl,154,83,156.76666666666668,1.1388441324234009,0.2935896264440595
UBFC_PHYS_s13_T2_ctrl,154,84,156.8,1.1595213413238525,0.4470783626607881
UBFC_PHYS_s13_T2_ctrl,154,85,156.83333333333334,1.2108501195907593,0.5221460243463052
UBFC_PHYS_s13_T2_ctrl,154,86,156.86666666666667,1.1938306093215942,0.5196411762153701
UBFC_PHYS_s13_T2_ctrl,154,87,156.9,1.0343314409255981,0.4622306077676431
UBFC_PHYS_s13_T2_ctrl,154,88,156.93333333333334,0.6763742566108704,0.3812797341177611
UBFC_PHYS_s13_T2_ctrl,154,89,156.96666666666667,0.11322049796581268,0.30134037549782033
UBFC_PHYS_s13_T2_ctrl,154,90,157.0,-0.7036082744598389,0.22856691081065766
UBFC_PHYS_s13_T2_ctrl,154,91,157.03333333333333,-1.3302170038223267,0.14815079040033954
UBFC_PHYS_s13_T2_ctrl,154,92,157.06666666666666,-1.5215343236923218,0.03233636484447194
UBFC_PHYS_s13_T2_ctrl,154,93,157.1,-1.4836926460266113,-0.14386601732768123
UBFC_PHYS_s13_T2_ctrl,154,94,157.13333333333333,-1.3389393091201782,-0.3856426837670856
UBFC_PHYS_s13_T2_ctrl,154,95,157.16666666666666,-1.0922895669937134,-0.6675105525385424
UBFC_PHYS_s13_T2_ctrl,154,96,157.2,-0.8642476201057434,-0.934306045178664
UBFC_PHYS_s13_T2_ctrl,154,97,157.23333333333332,-0.7338545918464661,-1.1154400265037696
UBFC_PHYS_s13_T2_ctrl,154,98,157.26666666666668,-0.6205470561981201,-1.1484680084777394
UBFC_PHYS_s13_T2_ctrl,154,99,157.3,-0.429147332906723,-1.0035059045497619
UBFC_PHYS_s13_T2_ctrl,154,100,157.33333333333334,-0.2702939808368683,-0.698362739529174
UBFC_PHYS_s13_T2_ctrl,154,101,157.36666666666667,-0.2814118564128876,-0.29693836914473837
UBFC_PHYS_s13_T2_ctrl,154,102,157.4,-0.4632226228713989,0.10983772486949193
UBFC_PHYS_s13_T2_ctrl,154,103,157.43333333333334,-0.6748546361923218,0.43329529076205786
UBFC_PHYS_s13_T2_ctrl,154,104,157.46666666666667,-0.6768186092376709,0.6141796432530945
UBFC_PHYS_s13_T2_ctrl,154,105,157.5,-0.3735809326171875,0.6364621154182687
UBFC_PHYS_s13_T2_ctrl,154,106,157.53333333333333,-0.05470115318894386,0.523982092904309
UBFC_PHYS_s13_T2_ctrl,154,107,157.56666666666666,0.024863921105861664,0.3244824216659852
UBFC_PHYS_s13_T2_ctrl,154,108,157.6,-0.04411708191037178,0.0896598165173755
UBFC_PHYS_s13_T2_ctrl,154,109,157.63333333333333,-0.13873447477817535,-0.14073345244643515
UBFC_PHYS_s13_T2_ctrl,154,110,157.66666666666666,-0.2543947994709015,-0.3457178055372179
UBFC_PHYS_s13_T2_ctrl,154,111,157.7,-0.35437342524528503,-0.5198170906669428
UBFC_PHYS_s13_T2_ctrl,154,112,157.73333333333332,-0.39294663071632385,-0.6626613850568205
UBFC_PHYS_s13_T2_ctrl,154,113,157.76666666666668,-0.4049278497695923,-0.7673061575481916
UBFC_PHYS_s13_T2_ctrl,154,114,157.8,-0.3999060094356537,-0.8138009514123461
UBFC_PHYS_s13_T2_ctrl,154,115,157.83333333333334,-0.3201003968715668,-0.7723625113911541
UBFC_PHYS_s13_T2_ctrl,154,116,157.86666666666667,-0.16279907524585724,-0.6158690771054602
UBFC_PHYS_s13_T2_ctrl,154,117,157.9,-0.0004627230518963188,-0.3362436133405735
UBFC_PHYS_s13_T2_ctrl,154,118,157.93333333333334,0.11856526136398315,0.0436885600066703
UBFC_PHYS_s13_T2_ctrl,154,119,157.96666666666667,0.20850680768489838,0.4698418489320347
UBFC_PHYS_s13_T2_ctrl,154,120,158.0,0.26541760563850403,0.8692352108832913
UBFC_PHYS_s13_T2_ctrl,154,121,158.03333333333333,0.2663501501083374,1.1699074325818255
UBFC_PHYS_s13_T2_ctrl,154,122,158.06666666666666,0.2494756132364273,1.3202092893173156
UBFC_PHYS_s13_T2_ctrl,154,123,158.1,0.2799394130706787,1.3007932196783603
UBFC_PHYS_s13_T2_ctrl,154,124,158.13333333333333,0.3460140824317932,1.126937817503806
UBFC_PHYS_s13_T2_ctrl,154,125,158.16666666666666,0.39628511667251587,0.8426661275953374
UBFC_PHYS_s13_T2_ctrl,154,126,158.2,0.4283207356929779,0.5093173894022722
UBFC_PHYS_s13_T2_ctrl,154,127,158.23333333333332,0.5038953423500061,0.19111897309259607
UBFC_PHYS_s13_T2_ctrl,154,128,158.26666666666668,0.6937891840934753,-0.05923924883196727
UBFC_PHYS_s13_T2_ctrl,154,129,158.3,0.8256979584693909,-0.21156088373511533
UBFC_PHYS_s13_T2_ctrl,154,130,158.33333333333334,0.5993826985359192,-0.2629064245382972
UBFC_PHYS_s13_T2_ctrl,154,131,158.36666666666667,0.025232980027794838,-0.2351265862129446
UBFC_PHYS_s13_T2_ctrl,154,132,158.4,-0.49881041049957275,-0.16595704984342707
UBFC_PHYS_s13_T2_ctrl,154,133,158.43333333333334,-0.6697933077812195,-0.09623760430152326
UBFC_PHYS_s13_T2_ctrl,154,134,158.46666666666667,-0.6243463754653931,-0.05724746648270641
UBFC_PHYS_s13_T2_ctrl,154,135,158.5,-0.6303073167800903,-0.06223847771053665
UBFC_PHYS_s13_T2_ctrl,154,136,158.53333333333333,-0.7422935366630554,-0.10450696251977322
UBFC_PHYS_s13_T2_ctrl,154,137,158.56666666666666,-0.7387710213661194,-0.16189163592323016
UBFC_PHYS_s13_T2_ctrl,154,138,158.6,-0.47455140948295593,-0.20581112836998133
UBFC_PHYS_s13_T2_ctrl,154,139,158.63333333333333,-0.09699130803346634,-0.2121302700592876
UBFC_PHYS_s13_T2_ctrl,154,140,158.66666666666666,0.17402619123458862,-0.170897570259866
UBFC_PHYS_s13_T2_ctrl,154,141,158.7,0.2215556651353836,-0.09202825962228993
UBFC_PHYS_s13_T2_ctrl,154,142,158.73333333333332,0.034050844609737396,-0.0044605759843361
UBFC_PHYS_s13_T2_ctrl,154,143,158.76666666666668,-0.20589983463287354,0.052136568265258
UBFC_PHYS_s13_T2_ctrl,154,144,158.8,-0.2690517008304596,0.041253729508644116
UBFC_PHYS_s13_T2_ctrl,154,145,158.83333333333334,-0.18712398409843445,-0.05547473491679872
UBFC_PHYS_s13_T2_ctrl,154,146,158.86666666666667,-0.06843540072441101,-0.227691173432842
UBFC_PHYS_s13_T2_ctrl,154,147,158.9,0.12555760145187378,-0.4346416092945277
UBFC_PHYS_s13_T2_ctrl,154,148,158.93333333333334,0.3409922420978546,-0.614342644122673
UBFC_PHYS_s13_T2_ctrl,154,149,158.96666666666667,0.3279862403869629,-0.701948140523008
UBFC_PHYS_s13_T2_ctrl,154,150,159.0,-0.02961505576968193,-0.6520011372112828
UBFC_PHYS_s13_T2_ctrl,154,151,159.03333333333333,-0.545727014541626,-0.4568533695122595
UBFC_PHYS_s13_T2_ctrl,154,152,159.06666666666666,-0.978148341178894,-0.15372676933829957
UBFC_PHYS_s13_T2_ctrl,154,153,159.1,-1.2032707929611206,0.18369442880013362
UBFC_PHYS_s13_T2_ctrl,154,154,159.13333333333333,-1.1552832126617432,0.4673806041756108
UBFC_PHYS_s13_T2_ctrl,154,155,159.16666666666666,-0.8345581889152527,0.6231753581778974
UBFC_PHYS_s13_T2_ctrl,154,156,159.2,-0.34429022669792175,0.6145683915997004
UBFC_PHYS_s13_T2_ctrl,154,157,159.23333333333332,0.1415095031261444,0.45318175617059686
UBFC_PHYS_s13_T2_ctrl,154,158,159.26666666666668,0.4687754809856415,0.1929113690424048
UBFC_PHYS_s13_T2_ctrl,154,159,159.3,0.6216810941696167,-0.08882954281378788
UBFC_PHYS_s13_T2_ctrl,154,160,159.33333333333334,0.6997205018997192,-0.315466527998921
UBFC_PHYS_s13_T2_ctrl,154,161,159.36666666666667,0.7495400905609131,-0.43343331406732655
UBFC_PHYS_s13_T2_ctrl,154,162,159.4,0.7353741526603699,-0.4261849216027827
UBFC_PHYS_s13_T2_ctrl,154,163,159.43333333333334,0.6516242623329163,-0.31682371067690324
UBFC_PHYS_s13_T2_ctrl,154,164,159.46666666666667,0.5599296689033508,-0.1588665473647414
UBFC_PHYS_s13_T2_ctrl,154,165,159.5,0.5082054138183594,-0.01746006744891007
UBFC_PHYS_s13_T2_ctrl,154,166,159.53333333333333,0.4901643991470337,0.053740658118111
UBFC_PHYS_s13_T2_ctrl,154,167,159.56666666666666,0.4820088744163513,0.03241215805008111
UBFC_PHYS_s13_T2_ctrl,154,168,159.6,0.4830073118209839,-0.06391733482945554
UBFC_PHYS_s13_T2_ctrl,154,169,159.63333333333333,0.5007023215293884,-0.18525666942461655
UBFC_PHYS_s13_T2_ctrl,154,170,159.66666666666666,0.5380102396011353,-0.26996375715555143
UBFC_PHYS_s13_T2_ctrl,154,171,159.7,0.6036795973777771,-0.2700276381490445
UBFC_PHYS_s13_T2_ctrl,154,172,159.73333333333332,0.7064953446388245,-0.17018527950563608
UBFC_PHYS_s13_T2_ctrl,154,173,159.76666666666668,0.9112470746040344,0.006622496793605776
UBFC_PHYS_s13_T2_ctrl,154,174,159.8,1.2534533739089966,0.20924756914194012
UBFC_PHYS_s13_T2_ctrl,154,175,159.83333333333334,1.5685569047927856,0.3793440667030672
UBFC_PHYS_s13_T2_ctrl,154,176,159.86666666666667,1.5693378448486328,0.47427821811490645
UBFC_PHYS_s13_T2_ctrl,154,177,159.9,1.218577265739441,0.48214985694122575
UBFC_PHYS_s13_T2_ctrl,154,178,159.93333333333334,0.7944598197937012,0.42323227623899645
UBFC_PHYS_s13_T2_ctrl,154,179,159.96666666666667,0.5933294296264648,0.33852038831250875
UBFC_PHYS_s13_T2_ctrl,154,180,160.0,0.5475991368293762,0.27130563881712605
UBFC_PHYS_s13_T2_ctrl,154,181,160.03333333333333,0.3289286494255066,0.24991098429259445
UBFC_PHYS_s13_T2_ctrl,154,182,160.06666666666666,-0.21377527713775635,0.2785440501494787
UBFC_PHYS_s13_T2_ctrl,154,183,160.1,-0.910254716873169,0.33921797391302927
UBFC_PHYS_s13_T2_ctrl,154,184,160.13333333333333,-1.2827699184417725,0.40249918055158157
UBFC_PHYS_s13_T2_ctrl,154,185,160.16666666666666,-1.2488428354263306,0.44112324273892417
UBFC_PHYS_s13_T2_ctrl,154,186,160.2,-0.973838210105896,0.44018039318044466
UBFC_PHYS_s13_T2_ctrl,154,187,160.23333333333332,-0.5953126549720764,0.4002555003328582
UBFC_PHYS_s13_T2_ctrl,154,188,160.26666666666668,-0.2542300224304199,0.3337526302022798
UBFC_PHYS_s13_T2_ctrl,154,189,160.3,-0.028310170397162437,0.25748969344853895
UBFC_PHYS_s13_T2_ctrl,154,190,160.33333333333334,0.1483733206987381,0.18530212887405773
UBFC_PHYS_s13_T2_ctrl,154,191,160.36666666666667,0.3222064971923828,0.12340913279004985
UBFC_PHYS_s13_T2_ctrl,154,192,160.4,0.45718637108802795,0.0698111850850567
UBFC_PHYS_s13_T2_ctrl,154,193,160.43333333333334,0.48957785964012146,0.017401592768636735
UBFC_PHYS_s13_T2_ctrl,154,194,160.46666666666667,0.45378246903419495,-0.041026814111873366
UBFC_PHYS_s13_T2_ctrl,154,195,160.5,0.4199773669242859,-0.10848385835137409
UBFC_PHYS_s13_T2_ctrl,154,196,160.53333333333333,0.4161912202835083,-0.18234587571758762
UBFC_PHYS_s13_T2_ctrl,154,197,160.56666666666666,0.3762933611869812,-0.2564193731951351
UBFC_PHYS_s13_T2_ctrl,154,198,160.6,0.2516866624355316,-0.32529474056004376
UBFC_PHYS_s13_T2_ctrl,154,199,160.63333333333333,0.10962876677513123,-0.38857553871910894
UBFC_PHYS_s13_T2_ctrl,154,200,160.66666666666666,0.00447343522682786,-0.4526555796921199
UBFC_PHYS_s13_T2_ctrl,154,201,160.7,-0.06139693036675453,-0.5289426100175306
UBFC_PHYS_s13_T2_ctrl,154,202,160.73333333333332,-0.1234317198395729,-0.6290868854509312
UBFC_PHYS_s13_T2_ctrl,154,203,160.76666666666668,-0.21675081551074982,-0.7590136138443756
UBFC_PHYS_s13_T2_ctrl,154,204,160.8,-0.31687772274017334,-0.9138826324455165
UBFC_PHYS_s13_T2_ctrl,154,205,160.83333333333334,-0.3012849986553192,-1.0757207422414565
UBFC_PHYS_s13_T2_ctrl,154,206,160.86666666666667,-0.08035731315612793,-1.214756240522561
UBFC_PHYS_s13_T2_ctrl,154,207,160.9,0.22659726440906525,-1.294388332401
UBFC_PHYS_s13_T2_ctrl,154,208,160.93333333333334,0.37641197443008423,-1.2784718464964988
UBFC_PHYS_s13_T2_ctrl,154,209,160.96666666666667,0.2935418486595154,-1.1392617154176454
UBFC_PHYS_s13_T2_ctrl,154,210,161.0,0.10621168464422226,-0.8651991605960954
UBFC_PHYS_s13_T2_ctrl,154,211,161.03333333333333,-0.05083262920379639,-0.46784434891155385
UBFC_PHYS_s13_T2_ctrl,154,212,161.06666666666666,-0.1395220160484314,0.01444030824607435
UBFC_PHYS_s13_T2_ctrl,154,213,161.1,-0.16887205839157104,0.5197262466583477
UBFC_PHYS_s13_T2_ctrl,154,214,161.13333333333333,-0.17740324139595032,0.974630748014414
UBFC_PHYS_s13_T2_ctrl,154,215,161.16666666666666,-0.20368218421936035,1.3129551004422675
UBFC_PHYS_s13_T2_ctrl,154,216,161.2,-0.25599294900894165,1.4942206925350705
UBFC_PHYS_s13_T2_ctrl,154,217,161.23333333333332,-0.32372838258743286,1.5144335954909054
UBFC_PHYS_s13_T2_ctrl,154,218,161.26666666666668,-0.39380666613578796,1.404846266309139
UBFC_PHYS_s13_T2_ctrl,154,219,161.3,-0.4514687657356262,1.2197968575576736
UBFC_PHYS_s13_T2_ctrl,154,220,161.33333333333334,-0.48591315746307373,1.0184973584259356
UBFC_PHYS_s13_T2_ctrl,154,221,161.36666666666667,-0.49138641357421875,0.8469900878650359
UBFC_PHYS_s13_T2_ctrl,154,222,161.4,-0.4746305048465729,0.725911714179797
UBFC_PHYS_s13_T2_ctrl,154,223,161.43333333333334,-0.461492657661438,0.6476201546517262
UBFC_PHYS_s13_T2_ctrl,154,224,161.46666666666667,-0.46932199597358704,0.5831171273763225
UBFC_PHYS_s13_T2_ctrl,154,225,161.5,-0.48508936166763306,0.4958327457536311
UBFC_PHYS_s13_T2_ctrl,154,226,161.53333333333333,-0.4962467849254608,0.3568728550018883
UBFC_PHYS_s13_T2_ctrl,154,227,161.56666666666666,-0.5162319540977478,0.15612073134249616
UBFC_PHYS_s13_T2_ctrl,154,228,161.6,-0.5545349717140198,-0.0940713120023403
UBFC_PHYS_s13_T2_ctrl,154,229,161.63333333333333,-0.5915924310684204,-0.3626989433076421
UBFC_PHYS_s13_T2_ctrl,154,230,161.66666666666666,-0.5853447914123535,-0.6093952446142387
UBFC_PHYS_s13_T2_ctrl,154,231,161.7,-0.5045440196990967,-0.7961595795172876
UBFC_PHYS_s13_T2_ctrl,154,232,161.73333333333332,-0.3594776391983032,-0.8980783458006691
UBFC_PHYS_s13_T2_ctrl,154,233,161.76666666666668,-0.1903993785381317,-0.9098478537877499
UBFC_PHYS_s13_T2_ctrl,154,234,161.8,-0.0424167737364769,-0.8460963313201882
UBFC_PHYS_s13_T2_ctrl,154,235,161.83333333333334,0.03866077959537506,-0.7353864478981946
UBFC_PHYS_s13_T2_ctrl,154,236,161.86666666666667,0.028350207954645157,-0.6098408883562431
UBFC_PHYS_s13_T2_ctrl,154,237,161.9,-0.04691467434167862,-0.49403074096153454
UBFC_PHYS_s13_T2_ctrl,154,238,161.93333333333334,-0.1411893665790558,-0.3974196080171275
UBFC_PHYS_s13_T2_ctrl,154,239,161.96666666666667,-0.2231302559375763,-0.3134468129003909
UBFC_PHYS_s13_T2_ctrl,155,0,155.0,-0.5202817320823669,-0.11181804292390972
UBFC_PHYS_s13_T2_ctrl,155,1,155.03333333333333,-0.6803971529006958,-0.21580932838869277
UBFC_PHYS_s13_T2_ctrl,155,2,155.06666666666666,-0.843109130859375,-0.31543150748359866
UBFC_PHYS_s13_T2_ctrl,155,3,155.1,-1.0171960592269897,-0.4038970176943966
UBFC_PHYS_s13_T2_ctrl,155,4,155.13333333333333,-1.2198421955108643,-0.46652332059212637
UBFC_PHYS_s13_T2_ctrl,155,5,155.16666666666666,-1.4159736633300781,-0.4821001421820325
UBFC_PHYS_s13_T2_ctrl,155,6,155.2,-1.4879038333892822,-0.4285970275360994
UBFC_PHYS_s13_T2_ctrl,155,7,155.23333333333332,-1.3981765508651733,-0.29192844963293757
UBFC_PHYS_s13_T2_ctrl,155,8,155.26666666666668,-1.2424535751342773,-0.0745911317603868
UBFC_PHYS_s13_T2_ctrl,155,9,155.3,-1.153971791267395,0.19997996005657723
UBFC_PHYS_s13_T2_ctrl,155,10,155.33333333333334,-1.154881238937378,0.49030634775613474
UBFC_PHYS_s13_T2_ctrl,155,11,155.36666666666667,-1.2894656658172607,0.7469217433676146
UBFC_PHYS_s13_T2_ctrl,155,12,155.4,-1.5973758697509766,0.926056746817773
UBFC_PHYS_s13_T2_ctrl,155,13,155.43333333333334,-2.076150417327881,1.001583544358517
UBFC_PHYS_s13_T2_ctrl,155,14,155.46666666666667,-2.5814409255981445,0.9707820421792954
UBFC_PHYS_s13_T2_ctrl,155,15,155.5,-2.914302110671997,0.8524553358047444
UBFC_PHYS_s13_T2_ctrl,155,16,155.53333333333333,-2.9154653549194336,0.6791586159930127
UBFC_PHYS_s13_T2_ctrl,155,17,155.56666666666666,-2.612692356109619,0.48718600328577216
UBFC_PHYS_s13_T2_ctrl,155,18,155.6,-2.087360382080078,0.307800948092121
UBFC_PHYS_s13_T2_ctrl,155,19,155.63333333333333,-1.418326497077942,0.16170586523466735
UBFC_PHYS_s13_T2_ctrl,155,20,155.66666666666666,-0.6878409385681152,0.057150133981753296
UBFC_PHYS_s13_T2_ctrl,155,21,155.7,0.44489872455596924,-0.008880985226779922
UBFC_PHYS_s13_T2_ctrl,155,22,155.73333333333332,1.4762263298034668,-0.04720373149133695
UBFC_PHYS_s13_T2_ctrl,155,23,155.76666666666668,1.864973545074463,-0.0715663951407296
UBFC_PHYS_s13_T2_ctrl,155,24,155.8,1.7791937589645386,-0.09358249841162422
UBFC_PHYS_s13_T2_ctrl,155,25,155.83333333333334,1.4575262069702148,-0.11914968394780753
UBFC_PHYS_s13_T2_ctrl,155,26,155.86666666666667,0.9897939562797546,-0.14803720341363344
UBFC_PHYS_s13_T2_ctrl,155,27,155.9,0.5759112238883972,-0.1771977940269107
UBFC_PHYS_s13_T2_ctrl,155,28,155.93333333333334,0.37091565132141113,-0.20626151020383965
UBFC_PHYS_s13_T2_ctrl,155,29,155.96666666666667,0.3880043923854828,-0.24211706312908846
UBFC_PHYS_s13_T2_ctrl,155,30,156.0,0.5096388459205627,-0.29977237956168096
UBFC_PHYS_s13_T2_ctrl,155,31,156.03333333333333,0.6990252137184143,-0.3983464786860661
UBFC_PHYS_s13_T2_ctrl,155,32,156.06666666666666,0.9345867037773132,-0.552961200155964
UBFC_PHYS_s13_T2_ctrl,155,33,156.1,1.0640274286270142,-0.7649959214672981
UBFC_PHYS_s13_T2_ctrl,155,34,156.13333333333333,0.9244870543479919,-1.0143695816802814
UBFC_PHYS_s13_T2_ctrl,155,35,156.16666666666666,0.5645198225975037,-1.2576408418372713
UBFC_PHYS_s13_T2_ctrl,155,36,156.2,0.17696218192577362,-1.4343501719006
UBFC_PHYS_s13_T2_ctrl,155,37,156.23333333333332,-0.09538985788822174,-1.4814246477307815
UBFC_PHYS_s13_T2_ctrl,155,38,156.26666666666668,-0.20336586236953735,-1.3523914933850023
UBFC_PHYS_s13_T2_ctrl,155,39,156.3,-0.16240695118904114,-1.0355694139884501
UBFC_PHYS_s13_T2_ctrl,155,40,156.33333333333334,-0.002331082010641694,-0.5643761617680987
UBFC_PHYS_s13_T2_ctrl,155,41,156.36666666666667,0.22256727516651154,-0.014297080928715658
UBFC_PHYS_s13_T2_ctrl,155,42,156.4,0.49132099747657776,0.5148536949742202
UBFC_PHYS_s13_T2_ctrl,155,43,156.43333333333334,0.8118088245391846,0.926813484436182
UBFC_PHYS_s13_T2_ctrl,155,44,156.46666666666667,1.120163917541504,1.1569605298322578
UBFC_PHYS_s13_T2_ctrl,155,45,156.5,1.2731451988220215,1.1897402643651305
UBFC_PHYS_s13_T2_ctrl,155,46,156.53333333333333,1.2627819776535034,1.0596082137994651
UBFC_PHYS_s13_T2_ctrl,155,47,156.56666666666666,1.2560861110687256,0.8369635693946026
UBFC_PHYS_s13_T2_ctrl,155,48,156.6,1.348838448524475,0.6053816946697702
UBFC_PHYS_s13_T2_ctrl,155,49,156.63333333333333,1.4697710275650024,0.43778465370394526
UBFC_PHYS_s13_T2_ctrl,155,50,156.66666666666666,1.5083211660385132,0.3781501336067068
UBFC_PHYS_s13_T2_ctrl,155,51,156.7,1.4060853719711304,0.4330178490171515
UBFC_PHYS_s13_T2_ctrl,155,52,156.73333333333332,1.238091230392456,0.5741503494499685
UBFC_PHYS_s13_T2_ctrl,155,53,156.76666666666668,1.1388441324234009,0.7507410396406652
UBFC_PHYS_s13_T2_ctrl,155,54,156.8,1.1595213413238525,0.9069614277854594
UBFC_PHYS_s13_T2_ctrl,155,55,156.83333333333334,1.2108501195907593,0.9989768061141449
UBFC_PHYS_s13_T2_ctrl,155,56,156.86666666666667,1.1938306093215942,1.0055853827053622
UBFC_PHYS_s13_T2_ctrl,155,57,156.9,1.0343314409255981,0.9290932836767688
UBFC_PHYS_s13_T2_ctrl,155,58,156.93333333333334,0.6763742566108704,0.7874338932872352
UBFC_PHYS_s13_T2_ctrl,155,59,156.96666666666667,0.11322049796581268,0.6022930831709893
UBFC_PHYS_s13_T2_ctrl,155,60,157.0,-0.7036082744598389,0.38886353478628866
UBFC_PHYS_s13_T2_ctrl,155,61,157.03333333333333,-1.3302170038223267,0.1512209176454292
UBFC_PHYS_s13_T2_ctrl,155,62,157.06666666666666,-1.5215343236923218,-0.11527571738125977
UBFC_PHYS_s13_T2_ctrl,155,63,157.1,-1.4836926460266113,-0.4158752322855917
UBFC_PHYS_s13_T2_ctrl,155,64,157.13333333333333,-1.3389393091201782,-0.7462396073151648
UBFC_PHYS_s13_T2_ctrl,155,65,157.16666666666666,-1.0922895669937134,-1.0848494024102426
UBFC_PHYS_s13_T2_ctrl,155,66,157.2,-0.8642476201057434,-1.3919424821867141
UBFC_PHYS_s13_T2_ctrl,155,67,157.23333333333332,-0.7338545918464661,-1.616582973205698
UBFC_PHYS_s13_T2_ctrl,155,68,157.26666666666668,-0.6205470561981201,-1.7103476166635267
UBFC_PHYS_s13_T2_ctrl,155,69,157.3,-0.429147332906723,-1.6432567339366344
UBFC_PHYS_s13_T2_ctrl,155,70,157.33333333333334,-0.2702939808368683,-1.4160473857368765
UBFC_PHYS_s13_T2_ctrl,155,71,157.36666666666667,-0.2814118564128876,-1.063601983514894
UBFC_PHYS_s13_T2_ctrl,155,72,157.4,-0.4632226228713989,-0.6474208628189012
UBFC_PHYS_s13_T2_ctrl,155,73,157.43333333333334,-0.6748546361923218,-0.23930469690780576
UBFC_PHYS_s13_T2_ctrl,155,74,157.46666666666667,-0.6768186092376709,0.09797272533939429
UBFC_PHYS_s13_T2_ctrl,155,75,157.5,-0.3735809326171875,0.3260351736024344
UBFC_PHYS_s13_T2_ctrl,155,76,157.53333333333333,-0.05470115318894386,0.43725779611192617
UBFC_PHYS_s13_T2_ctrl,155,77,157.56666666666666,0.024863921105861664,0.4509009902590861
UBFC_PHYS_s13_T2_ctrl,155,78,157.6,-0.04411708191037178,0.40172376187328895
UBFC_PHYS_s13_T2_ctrl,155,79,157.63333333333333,-0.13873447477817535,0.32626828551479803
UBFC_PHYS_s13_T2_ctrl,155,80,157.66666666666666,-0.2543947994709015,0.2523037654419634
UBFC_PHYS_s13_T2_ctrl,155,81,157.7,-0.35437342524528503,0.19492404594916005
UBFC_PHYS_s13_T2_ctrl,155,82,157.73333333333332,-0.39294663071632385,0.15932401424514367
UBFC_PHYS_s13_T2_ctrl,155,83,157.76666666666668,-0.4049278497695923,0.14705527314331718
UBFC_PHYS_s13_T2_ctrl,155,84,157.8,-0.3999060094356537,0.16122739329935304
UBFC_PHYS_s13_T2_ctrl,155,85,157.83333333333334,-0.3201003968715668,0.2072828070299788
UBFC_PHYS_s13_T2_ctrl,155,86,157.86666666666667,-0.16279907524585724,0.28898105642734373
UBFC_PHYS_s13_T2_ctrl,155,87,157.9,-0.0004627230518963188,0.4023491509878017
UBFC_PHYS_s13_T2_ctrl,155,88,157.93333333333334,0.11856526136398315,0.5317846899485422
UBFC_PHYS_s13_T2_ctrl,155,89,157.96666666666667,0.20850680768489838,0.6513959802505567
UBFC_PHYS_s13_T2_ctrl,155,90,158.0,0.26541760563850403,0.7316232602737027
UBFC_PHYS_s13_T2_ctrl,155,91,158.03333333333333,0.2663501501083374,0.748228656726904
UBFC_PHYS_s13_T2_ctrl,155,92,158.06666666666666,0.2494756132364273,0.6897471613568977
UBFC_PHYS_s13_T2_ctrl,155,93,158.1,0.2799394130706787,0.5606867116820282
UBFC_PHYS_s13_T2_ctrl,155,94,158.13333333333333,0.3460140824317932,0.38004972452641433
UBFC_PHYS_s13_T2_ctrl,155,95,158.16666666666666,0.39628511667251587,0.17646243093180236
UBFC_PHYS_s13_T2_ctrl,155,96,158.2,0.4283207356929779,-0.018520652922330814
UBFC_PHYS_s13_T2_ctrl,155,97,158.23333333333332,0.5038953423500061,-0.17760223231032463
UBFC_PHYS_s13_T2_ctrl,155,98,158.26666666666668,0.6937891840934753,-0.2838242335203072
UBFC_PHYS_s13_T2_ctrl,155,99,158.3,0.8256979584693909,-0.3337952853693518
UBFC_PHYS_s13_T2_ctrl,155,100,158.33333333333334,0.5993826985359192,-0.3371026270238852
UBFC_PHYS_s13_T2_ctrl,155,101,158.36666666666667,0.025232980027794838,-0.3122892580730233
UBFC_PHYS_s13_T2_ctrl,155,102,158.4,-0.49881041049957275,-0.2808202628556991
UBFC_PHYS_s13_T2_ctrl,155,103,158.43333333333334,-0.6697933077812195,-0.2608670307390147
UBFC_PHYS_s13_T2_ctrl,155,104,158.46666666666667,-0.6243463754653931,-0.26256394040869885
UBFC_PHYS_s13_T2_ctrl,155,105,158.5,-0.6303073167800903,-0.2858464801278343
UBFC_PHYS_s13_T2_ctrl,155,106,158.53333333333333,-0.7422935366630554,-0.3212830835421023
UBFC_PHYS_s13_T2_ctrl,155,107,158.56666666666666,-0.7387710213661194,-0.35360329799197426
UBFC_PHYS_s13_T2_ctrl,155,108,158.6,-0.47455140948295593,-0.3669926697224003
UBFC_PHYS_s13_T2_ctrl,155,109,158.63333333333333,-0.09699130803346634,-0.35077607935142247
UBFC_PHYS_s13_T2_ctrl,155,110,158.66666666666666,0.17402619123458862,-0.30391540066202893
UBFC_PHYS_s13_T2_ctrl,155,111,158.7,0.2215556651353836,-0.23677970380204194
UBFC_PHYS_s13_T2_ctrl,155,112,158.73333333333332,0.034050844609737396,-0.1689746639930176
UBFC_PHYS_s13_T2_ctrl,155,113,158.76666666666668,-0.20589983463287354,-0.12290852295227037
UBFC_PHYS_s13_T2_ctrl,155,114,158.8,-0.2690517008304596,-0.1143403588950267
UBFC_PHYS_s13_T2_ctrl,155,115,158.83333333333334,-0.18712398409843445,-0.14303502791311654
UBFC_PHYS_s13_T2_ctrl,155,116,158.86666666666667,-0.06843540072441101,-0.18791214793415487
UBFC_PHYS_s13_T2_ctrl,155,117,158.9,0.12555760145187378,-0.21043533904764886
UBFC_PHYS_s13_T2_ctrl,155,118,158.93333333333334,0.3409922420978546,-0.16693872182026515
UBFC_PHYS_s13_T2_ctrl,155,119,158.96666666666667,0.3279862403869629,-0.026359189549213208
UBFC_PHYS_s13_T2_ctrl,155,120,159.0,-0.02961505576968193,0.21345385136179185
UBFC_PHYS_s13_T2_ctrl,155,121,159.03333333333333,-0.545727014541626,0.5182466268188639
UBFC_PHYS_s13_T2_ctrl,155,122,159.06666666666666,-0.978148341178894,0.8232139281871274
UBFC_PHYS_s13_T2_ctrl,155,123,159.1,-1.2032707929611206,1.0513213236532686
UBFC_PHYS_s13_T2_ctrl,155,124,159.13333333333333,-1.1552832126617432,1.137583698086423
UBFC_PHYS_s13_T2_ctrl,155,125,159.16666666666666,-0.8345581889152527,1.0499419660488123
UBFC_PHYS_s13_T2_ctrl,155,126,159.2,-0.34429022669792175,0.7990584832942585
UBFC_PHYS_s13_T2_ctrl,155,127,159.23333333333332,0.1415095031261444,0.4343329206042544
UBFC_PHYS_s13_T2_ctrl,155,128,159.26666666666668,0.4687754809856415,0.02889556293411397
UBFC_PHYS_s13_T2_ctrl,155,129,159.3,0.6216810941696167,-0.34035206653755107
UBFC_PHYS_s13_T2_ctrl,155,130,159.33333333333334,0.6997205018997192,-0.611473869775976
UBFC_PHYS_s13_T2_ctrl,155,131,159.36666666666667,0.7495400905609131,-0.7507039386665075
UBFC_PHYS_s13_T2_ctrl,155,132,159.4,0.7353741526603699,-0.7578642247117299
UBFC_PHYS_s13_T2_ctrl,155,133,159.43333333333334,0.6516242623329163,-0.6634583980861154
UBFC_PHYS_s13_T2_ctrl,155,134,159.46666666666667,0.5599296689033508,-0.5184846659057777
UBFC_PHYS_s13_T2_ctrl,155,135,159.5,0.5082054138183594,-0.37946601555083614
UBFC_PHYS_s13_T2_ctrl,155,136,159.53333333333333,0.4901643991470337,-0.29238719519113215
UBFC_PHYS_s13_T2_ctrl,155,137,159.56666666666666,0.4820088744163513,-0.27998189713202154
UBFC_PHYS_s13_T2_ctrl,155,138,159.6,0.4830073118209839,-0.3365933839966386
UBFC_PHYS_s13_T2_ctrl,155,139,159.63333333333333,0.5007023215293884,-0.43265714502431635
UBFC_PHYS_s13_T2_ctrl,155,140,159.66666666666666,0.5380102396011353,-0.5268799305082872
UBFC_PHYS_s13_T2_ctrl,155,141,159.7,0.6036795973777771,-0.580904030084834
UBFC_PHYS_s13_T2_ctrl,155,142,159.73333333333332,0.7064953446388245,-0.5708951530349636
UBFC_PHYS_s13_T2_ctrl,155,143,159.76666666666668,0.9112470746040344,-0.4925537401585597
UBFC_PHYS_s13_T2_ctrl,155,144,159.8,1.2534533739089966,-0.35881805435353065
UBFC_PHYS_s13_T2_ctrl,155,145,159.83333333333334,1.5685569047927856,-0.19205423778307068
UBFC_PHYS_s13_T2_ctrl,155,146,159.86666666666667,1.5693378448486328,-0.014320128299567195
UBFC_PHYS_s13_T2_ctrl,155,147,159.9,1.218577265739441,0.16021464927325835
UBFC_PHYS_s13_T2_ctrl,155,148,159.93333333333334,0.7944598197937012,0.32769448917748867
UBFC_PHYS_s13_T2_ctrl,155,149,159.96666666666667,0.5933294296264648,0.49117832125966776
UBFC_PHYS_s13_T2_ctrl,155,150,160.0,0.5475991368293762,0.6534456433174639
UBFC_PHYS_s13_T2_ctrl,155,151,160.03333333333333,0.3289286494255066,0.8099539022215707
UBFC_PHYS_s13_T2_ctrl,155,152,160.06666666666666,-0.21377527713775635,0.9460165011335541
UBFC_PHYS_s13_T2_ctrl,155,153,160.1,-0.910254716873169,1.0402154653982834
UBFC_PHYS_s13_T2_ctrl,155,154,160.13333333333333,-1.2827699184417725,1.0726046293927023
UBFC_PHYS_s13_T2_ctrl,155,155,160.16666666666666,-1.2488428354263306,1.033508571734466
UBFC_PHYS_s13_T2_ctrl,155,156,160.2,-0.973838210105896,0.9284641821433244
UBFC_PHYS_s13_T2_ctrl,155,157,160.23333333333332,-0.5953126549720764,0.776977121193779
UBFC_PHYS_s13_T2_ctrl,155,158,160.26666666666668,-0.2542300224304199,0.6058676276249354
UBFC_PHYS_s13_T2_ctrl,155,159,160.3,-0.028310170397162437,0.4403708293995189
UBFC_PHYS_s13_T2_ctrl,155,160,160.33333333333334,0.1483733206987381,0.2967335070697545
UBFC_PHYS_s13_T2_ctrl,155,161,160.36666666666667,0.3222064971923828,0.17892936889625072
UBFC_PHYS_s13_T2_ctrl,155,162,160.4,0.45718637108802795,0.08015891530344983
UBFC_PHYS_s13_T2_ctrl,155,163,160.43333333333334,0.48957785964012146,-0.012065714552427869
UBFC_PHYS_s13_T2_ctrl,155,164,160.46666666666667,0.45378246903419495,-0.10955986682302189
UBFC_PHYS_s13_T2_ctrl,155,165,160.5,0.4199773669242859,-0.21827954185008705
UBFC_PHYS_s13_T2_ctrl,155,166,160.53333333333333,0.4161912202835083,-0.3360799415635355
UBFC_PHYS_s13_T2_ctrl,155,167,160.56666666666666,0.3762933611869812,-0.45402642303454976
UBFC_PHYS_s13_T2_ctrl,155,168,160.6,0.2516866624355316,-0.5605952919556763
UBFC_PHYS_s13_T2_ctrl,155,169,160.63333333333333,0.10962876677513123,-0.6470475903083476
UBFC_PHYS_s13_T2_ctrl,155,170,160.66666666666666,0.00447343522682786,-0.71173064283532
UBFC_PHYS_s13_T2_ctrl,155,171,160.7,-0.06139693036675453,-0.7613899770873324
UBFC_PHYS_s13_T2_ctrl,155,172,160.73333333333332,-0.1234317198395729,-0.8087809274744503
UBFC_PHYS_s13_T2_ctrl,155,173,160.76666666666668,-0.21675081551074982,-0.8674064787980129
UBFC_PHYS_s13_T2_ctrl,155,174,160.8,-0.31687772274017334,-0.9453406749872432
UBFC_PHYS_s13_T2_ctrl,155,175,160.83333333333334,-0.3012849986553192,-1.040349457183457
UBFC_PHYS_s13_T2_ctrl,155,176,160.86666666666667,-0.08035731315612793,-1.1378708219877114
UBFC_PHYS_s13_T2_ctrl,155,177,160.9,0.22659726440906525,-1.2123491446007348
UBFC_PHYS_s13_T2_ctrl,155,178,160.93333333333334,0.37641197443008423,-1.2315639911720087
UBFC_PHYS_s13_T2_ctrl,155,179,160.96666666666667,0.2935418486595154,-1.1633361406728
UBFC_PHYS_s13_T2_ctrl,155,180,161.0,0.10621168464422226,-0.9840754099667187
UBFC_PHYS_s13_T2_ctrl,155,181,161.03333333333333,-0.05083262920379639,-0.6880366954367426
UBFC_PHYS_s13_T2_ctrl,155,182,161.06666666666666,-0.1395220160484314,-0.2944722233677308
UBFC_PHYS_s13_T2_ctrl,155,183,161.1,-0.16887205839157104,0.15155249960094785
UBFC_PHYS_s13_T2_ctrl,155,184,161.13333333333333,-0.17740324139595032,0.5880817788864817
UBFC_PHYS_s13_T2_ctrl,155,185,161.16666666666666,-0.20368218421936035,0.9540796364416456
UBFC_PHYS_s13_T2_ctrl,155,186,161.2,-0.25599294900894165,1.2091661098777726
UBFC_PHYS_s13_T2_ctrl,155,187,161.23333333333332,-0.32372838258743286,1.3455176210846265
UBFC_PHYS_s13_T2_ctrl,155,188,161.26666666666668,-0.39380666613578796,1.3860771925333464
UBFC_PHYS_s13_T2_ctrl,155,189,161.3,-0.4514687657356262,1.370699232428488
UBFC_PHYS_s13_T2_ctrl,155,190,161.33333333333334,-0.48591315746307373,1.3374873276181485
UBFC_PHYS_s13_T2_ctrl,155,191,161.36666666666667,-0.49138641357421875,1.3077563547589923
UBFC_PHYS_s13_T2_ctrl,155,192,161.4,-0.4746305048465729,1.2801232948328047
UBFC_PHYS_s13_T2_ctrl,155,193,161.43333333333334,-0.461492657661438,1.2346339185653907
UBFC_PHYS_s13_T2_ctrl,155,194,161.46666666666667,-0.46932199597358704,1.1440978626752243
UBFC_PHYS_s13_T2_ctrl,155,195,161.5,-0.48508936166763306,0.9877478504230836
UBFC_PHYS_s13_T2_ctrl,155,196,161.53333333333333,-0.4962467849254608,0.7618983922064977
UBFC_PHYS_s13_T2_ctrl,155,197,161.56666666666666,-0.5162319540977478,0.48363671923235657
UBFC_PHYS_s13_T2_ctrl,155,198,161.6,-0.5545349717140198,0.1864918789981236
UBFC_PHYS_s13_T2_ctrl,155,199,161.63333333333333,-0.5915924310684204,-0.08982151407040971
UBFC_PHYS_s13_T2_ctrl,155,200,161.66666666666666,-0.5853447914123535,-0.31153827663684863
UBFC_PHYS_s13_T2_ctrl,155,201,161.7,-0.5045440196990967,-0.4606270499331571
UBFC_PHYS_s13_T2_ctrl,155,202,161.73333333333332,-0.3594776391983032,-0.5393118643560991
UBFC_PHYS_s13_T2_ctrl,155,203,161.76666666666668,-0.1903993785381317,-0.5684111798552184
UBFC_PHYS_s13_T2_ctrl,155,204,161.8,-0.0424167737364769,-0.5803989956115874
UBFC_PHYS_s13_T2_ctrl,155,205,161.83333333333334,0.03866077959537506,-0.609349645396862
UBFC_PHYS_s13_T2_ctrl,155,206,161.86666666666667,0.028350207954645157,-0.680534306084877
UBFC_PHYS_s13_T2_ctrl,155,207,161.9,-0.04691467434167862,-0.802391887112456
UBFC_PHYS_s13_T2_ctrl,155,208,161.93333333333334,-0.1411893665790558,-0.9629657585100428
UBFC_PHYS_s13_T2_ctrl,155,209,161.96666666666667,-0.2231302559375763,-1.131844607885242
UBFC_PHYS_s13_T2_ctrl,155,210,162.0,-0.26711413264274597,-1.2673690685284025
UBFC_PHYS_s13_T2_ctrl,155,211,162.03333333333333,-0.26906487345695496,-1.3275713940603573
UBFC_PHYS_s13_T2_ctrl,155,212,162.06666666666666,-0.2532678544521332,-1.2821815256460298
UBFC_PHYS_s13_T2_ctrl,155,213,162.1,-0.23904921114444733,-1.122189952107459
UBFC_PHYS_s13_T2_ctrl,155,214,162.13333333333333,-0.2186521291732788,-0.863331225727091
UBFC_PHYS_s13_T2_ctrl,155,215,162.16666666666666,-0.18699218332767487,-0.5413042202540617
UBFC_PHYS_s13_T2_ctrl,155,216,162.2,-0.1550620198249817,-0.19980547913850868
UBFC_PHYS_s13_T2_ctrl,155,217,162.23333333333332,-0.14098836481571198,0.12379861972582794
UBFC_PHYS_s13_T2_ctrl,155,218,162.26666666666668,-0.13484947383403778,0.4083516568090037
UBFC_PHYS_s13_T2_ctrl,155,219,162.3,-0.1333238035440445,0.649439783318546
UBFC_PHYS_s13_T2_ctrl,155,220,162.33333333333334,-0.16249261796474457,0.8512244111685157
UBFC_PHYS_s13_T2_ctrl,155,221,162.36666666666667,-0.26895612478256226,1.015335863876189
UBFC_PHYS_s13_T2_ctrl,155,222,162.4,-0.4330421984195709,1.1334829714922598
UBFC_PHYS_s13_T2_ctrl,155,223,162.43333333333334,-0.5797364115715027,1.1875948868764516
UBFC_PHYS_s13_T2_ctrl,155,224,162.46666666666667,-0.6888030767440796,1.1572885213752304
UBFC_PHYS_s13_T2_ctrl,155,225,162.5,-0.8371613621711731,1.030968691792914
UBFC_PHYS_s13_T2_ctrl,155,226,162.53333333333333,-1.0675758123397827,0.8150270620560436
UBFC_PHYS_s13_T2_ctrl,155,227,162.56666666666666,-1.2559901475906372,0.5363908601225402
UBFC_PHYS_s13_T2_ctrl,155,228,162.6,-1.3685067892074585,0.2369534181081902
UBFC_PHYS_s13_T2_ctrl,155,229,162.63333333333333,-1.5087029933929443,-0.037734190876482145
UBFC_PHYS_s13_T2_ctrl,155,230,162.66666666666666,-1.7693637609481812,-0.250862771493385
UBFC_PHYS_s13_T2_ctrl,155,231,162.7,-1.9351040124893188,-0.38324414281745656
UBFC_PHYS_s13_T2_ctrl,155,232,162.73333333333332,-1.9037307500839233,-0.4359338285801162
UBFC_PHYS_s13_T2_ctrl,155,233,162.76666666666668,-1.8691941499710083,-0.42652320695790924
UBFC_PHYS_s13_T2_ctrl,155,234,162.8,-2.120457172393799,-0.3812970056015496
UBFC_PHYS_s13_T2_ctrl,155,235,162.83333333333334,-2.43174147605896,-0.32646410510046037
UBFC_PHYS_s13_T2_ctrl,155,236,162.86666666666667,-2.512585163116455,-0.28122311295424574
UBFC_PHYS_s13_T2_ctrl,155,237,162.9,-1.773970365524292,-0.2541241851477103
UBFC_PHYS_s13_T2_ctrl,155,238,162.93333333333334,0.21413494646549225,-0.24286883933309517
UBFC_PHYS_s13_T2_ctrl,155,239,162.96666666666667,1.9280792474746704,-0.23681597253352532
UBFC_PHYS_s13_T2_ctrl,156,0,156.0,0.5096388459205627,0.01927248498345702
UBFC_PHYS_s13_T2_ctrl,156,1,156.03333333333333,0.6990252137184143,-0.36315623663952723
UBFC_PHYS_s13_T2_ctrl,156,2,156.06666666666666,0.9345867037773132,-0.7233742409788925
UBFC_PHYS_s13_T2_ctrl,156,3,156.1,1.0640274286270142,-1.036551500897995
UBFC_PHYS_s13_T2_ctrl,156,4,156.13333333333333,0.9244870543479919,-1.2766713185228438
UBFC_PHYS_s13_T2_ctrl,156,5,156.16666666666666,0.5645198225975037,-1.41900838184201
UBFC_PHYS_s13_T2_ctrl,156,6,156.2,0.17696218192577362,-1.444114685027736
UBFC_PHYS_s13_T2_ctrl,156,7,156.23333333333332,-0.09538985788822174,-1.3426769852910956
UBFC_PHYS_s13_T2_ctrl,156,8,156.26666666666668,-0.20336586236953735,-1.1202699005751346
UBFC_PHYS_s13_T2_ctrl,156,9,156.3,-0.16240695118904114,-0.8004518281890282
UBFC_PHYS_s13_T2_ctrl,156,10,156.33333333333334,-0.002331082010641694,-0.4245701151769232
UBFC_PHYS_s13_T2_ctrl,156,11,156.36666666666667,0.22256727516651154,-0.04702624580756175
UBFC_PHYS_s13_T2_ctrl,156,12,156.4,0.49132099747657776,0.2744354588552409
UBFC_PHYS_s13_T2_ctrl,156,13,156.43333333333334,0.8118088245391846,0.49194633645931485
UBFC_PHYS_s13_T2_ctrl,156,14,156.46666666666667,1.120163917541504,0.5800643020529159
UBFC_PHYS_s13_T2_ctrl,156,15,156.5,1.2731451988220215,0.5424928676297973
UBFC_PHYS_s13_T2_ctrl,156,16,156.53333333333333,1.2627819776535034,0.410215523643259
UBFC_PHYS_s13_T2_ctrl,156,17,156.56666666666666,1.2560861110687256,0.2321496150708575
UBFC_PHYS_s13_T2_ctrl,156,18,156.6,1.348838448524475,0.061896603430806156
UBFC_PHYS_s13_T2_ctrl,156,19,156.63333333333333,1.4697710275650024,-0.05538033970832346
UBFC_PHYS_s13_T2_ctrl,156,20,156.66666666666666,1.5083211660385132,-0.09273814231072527
UBFC_PHYS_s13_T2_ctrl,156,21,156.7,1.4060853719711304,-0.04596247698200345
UBFC_PHYS_s13_T2_ctrl,156,22,156.73333333333332,1.238091230392456,0.0678733791766665
UBFC_PHYS_s13_T2_ctrl,156,23,156.76666666666668,1.1388441324234009,0.21726419692489546
UBFC_PHYS_s13_T2_ctrl,156,24,156.8,1.1595213413238525,0.36669569278262976
UBFC_PHYS_s13_T2_ctrl,156,25,156.83333333333334,1.2108501195907593,0.48745919897992057
UBFC_PHYS_s13_T2_ctrl,156,26,156.86666666666667,1.1938306093215942,0.564929445921933
UBFC_PHYS_s13_T2_ctrl,156,27,156.9,1.0343314409255981,0.5993000041590035
UBFC_PHYS_s13_T2_ctrl,156,28,156.93333333333334,0.6763742566108704,0.5996696247457126
UBFC_PHYS_s13_T2_ctrl,156,29,156.96666666666667,0.11322049796581268,0.5746644541444634
UBFC_PHYS_s13_T2_ctrl,156,30,157.0,-0.7036082744598389,0.5244776047682108
UBFC_PHYS_s13_T2_ctrl,156,31,157.03333333333333,-1.3302170038223267,0.4385638491128718
UBFC_PHYS_s13_T2_ctrl,156,32,157.06666666666666,-1.5215343236923218,0.30063907679392926
UBFC_PHYS_s13_T2_ctrl,156,33,157.1,-1.4836926460266113,0.09919430606005555
UBFC_PHYS_s13_T2_ctrl,156,34,157.13333333333333,-1.3389393091201782,-0.16111557320503525
UBFC_PHYS_s13_T2_ctrl,156,35,157.16666666666666,-1.0922895669937134,-0.4527541196106744
UBFC_PHYS_s13_T2_ctrl,156,36,157.2,-0.8642476201057434,-0.7272194305227173
UBFC_PHYS_s13_T2_ctrl,156,37,157.23333333333332,-0.7338545918464661,-0.9262602589445219
UBFC_PHYS_s13_T2_ctrl,156,38,157.26666666666668,-0.6205470561981201,-0.9993989374233081
UBFC_PHYS_s13_T2_ctrl,156,39,157.3,-0.429147332906723,-0.9218133940898463
UBFC_PHYS_s13_T2_ctrl,156,40,157.33333333333334,-0.2702939808368683,-0.705429232311543
UBFC_PHYS_s13_T2_ctrl,156,41,157.36666666666667,-0.2814118564128876,-0.39783772649229654
UBFC_PHYS_s13_T2_ctrl,156,42,157.4,-0.4632226228713989,-0.06845594274943813
UBFC_PHYS_s13_T2_ctrl,156,43,157.43333333333334,-0.6748546361923218,0.2129358311658737
UBFC_PHYS_s13_T2_ctrl,156,44,157.46666666666667,-0.6768186092376709,0.39652678841277716
UBFC_PHYS_s13_T2_ctrl,156,45,157.5,-0.3735809326171875,0.4636686933679029
UBFC_PHYS_s13_T2_ctrl,156,46,157.53333333333333,-0.05470115318894386,0.4258846285047825
UBFC_PHYS_s13_T2_ctrl,156,47,157.56666666666666,0.024863921105861664,0.31444509702692064
UBFC_PHYS_s13_T2_ctrl,156,48,157.6,-0.04411708191037178,0.1663838386909897
UBFC_PHYS_s13_T2_ctrl,156,49,157.63333333333333,-0.13873447477817535,0.012743321803370062
UBFC_PHYS_s13_T2_ctrl,156,50,157.66666666666666,-0.2543947994709015,-0.12722877707022576
UBFC_PHYS_s13_T2_ctrl,156,51,157.7,-0.35437342524528503,-0.2451083898280074
UBFC_PHYS_s13_T2_ctrl,156,52,157.73333333333332,-0.39294663071632385,-0.337481417174215
UBFC_PHYS_s13_T2_ctrl,156,53,157.76666666666668,-0.4049278497695923,-0.39897466121823877
UBFC_PHYS_s13_T2_ctrl,156,54,157.8,-0.3999060094356537,-0.41805184186860883
UBFC_PHYS_s13_T2_ctrl,156,55,157.83333333333334,-0.3201003968715668,-0.378185942497697
UBFC_PHYS_s13_T2_ctrl,156,56,157.86666666666667,-0.16279907524585724,-0.26457319872672436
UBFC_PHYS_s13_T2_ctrl,156,57,157.9,-0.0004627230518963188,-0.07368358405476715
UBFC_PHYS_s13_T2_ctrl,156,58,157.93333333333334,0.11856526136398315,0.1791669113808512
UBFC_PHYS_s13_T2_ctrl,156,59,157.96666666666667,0.20850680768489838,0.45876655070221145
UBFC_PHYS_s13_T2_ctrl,156,60,158.0,0.26541760563850403,0.7169269752033618
UBFC_PHYS_s13_T2_ctrl,156,61,158.03333333333333,0.2663501501083374,0.9048666996232376
UBFC_PHYS_s13_T2_ctrl,156,62,158.06666666666666,0.2494756132364273,0.9862259425602654
UBFC_PHYS_s13_T2_ctrl,156,63,158.1,0.2799394130706787,0.94605449898408
UBFC_PHYS_s13_T2_ctrl,156,64,158.13333333333333,0.3460140824317932,0.7932316814893001
UBFC_PHYS_s13_T2_ctrl,156,65,158.16666666666666,0.39628511667251587,0.5564694867687922
UBFC_PHYS_s13_T2_ctrl,156,66,158.2,0.4283207356929779,0.27601437959625286
UBFC_PHYS_s13_T2_ctrl,156,67,158.23333333333332,0.5038953423500061,-0.006072944417730359
UBFC_PHYS_s13_T2_ctrl,156,68,158.26666666666668,0.6937891840934753,-0.254437850682192
UBFC_PHYS_s13_T2_ctrl,156,69,158.3,0.8256979584693909,-0.44596942999057276
UBFC_PHYS_s13_T2_ctrl,156,70,158.33333333333334,0.5993826985359192,-0.5715815839634836
UBFC_PHYS_s13_T2_ctrl,156,71,158.36666666666667,0.025232980027794838,-0.6344559330410509
UBFC_PHYS_s13_T2_ctrl,156,72,158.4,-0.49881041049957275,-0.6458280944795379
UBFC_PHYS_s13_T2_ctrl,156,73,158.43333333333334,-0.6697933077812195,-0.6198972262522637
UBFC_PHYS_s13_T2_ctrl,156,74,158.46666666666667,-0.6243463754653931,-0.5694167464045851
UBFC_PHYS_s13_T2_ctrl,156,75,158.5,-0.6303073167800903,-0.5031089155529046
UBFC_PHYS_s13_T2_ctrl,156,76,158.53333333333333,-0.7422935366630554,-0.4254281172306477
UBFC_PHYS_s13_T2_ctrl,156,77,158.56666666666666,-0.7387710213661194,-0.33842685925102034
UBFC_PHYS_s13_T2_ctrl,156,78,158.6,-0.47455140948295593,-0.24469207075788188
UBFC_PHYS_s13_T2_ctrl,156,79,158.63333333333333,-0.09699130803346634,-0.1499431330281981
UBFC_PHYS_s13_T2_ctrl,156,80,158.66666666666666,0.17402619123458862,-0.06415506998751278
UBFC_PHYS_s13_T2_ctrl,156,81,158.7,0.2215556651353836,-0.0006163106456465459
UBFC_PHYS_s13_T2_ctrl,156,82,158.73333333333332,0.034050844609737396,0.027244474654017675
UBFC_PHYS_s13_T2_ctrl,156,83,158.76666666666668,-0.20589983463287354,0.010970496752963976
UBFC_PHYS_s13_T2_ctrl,156,84,158.8,-0.2690517008304596,-0.04696187970880537
UBFC_PHYS_s13_T2_ctrl,156,85,158.83333333333334,-0.18712398409843445,-0.12854448575033947
UBFC_PHYS_s13_T2_ctrl,156,86,158.86666666666667,-0.06843540072441101,-0.20002471506077044
UBFC_PHYS_s13_T2_ctrl,156,87,158.9,0.12555760145187378,-0.2183569693697406
UBFC_PHYS_s13_T2_ctrl,156,88,158.93333333333334,0.3409922420978546,-0.14383829597043835
UBFC_PHYS_s13_T2_ctrl,156,89,158.96666666666667,0.3279862403869629,0.04482947728217912
UBFC_PHYS_s13_T2_ctrl,156,90,159.0,-0.02961505576968193,0.33864840641569055
UBFC_PHYS_s13_T2_ctrl,156,91,159.03333333333333,-0.545727014541626,0.6948596050470085
UBFC_PHYS_s13_T2_ctrl,156,92,159.06666666666666,-0.978148341178894,1.044720547402223
UBFC_PHYS_s13_T2_ctrl,156,93,159.1,-1.2032707929611206,1.3111349689206777
UBFC_PHYS_s13_T2_ctrl,156,94,159.13333333333333,-1.1552832126617432,1.4301767358983475
UBFC_PHYS_s13_T2_ctrl,156,95,159.16666666666666,-0.8345581889152527,1.368529911855283
UBFC_PHYS_s13_T2_ctrl,156,96,159.2,-0.34429022669792175,1.1310980622899904
UBFC_PHYS_s13_T2_ctrl,156,97,159.23333333333332,0.1415095031261444,0.7576266010458567
UBFC_PHYS_s13_T2_ctrl,156,98,159.26666666666668,0.4687754809856415,0.31107394388183457
UBFC_PHYS_s13_T2_ctrl,156,99,159.3,0.6216810941696167,-0.13779849127280322
UBFC_PHYS_s13_T2_ctrl,156,100,159.33333333333334,0.6997205018997192,-0.5254531345793367
UBFC_PHYS_s13_T2_ctrl,156,101,159.36666666666667,0.7495400905609131,-0.8073315665533314
UBFC_PHYS_s13_T2_ctrl,156,102,159.4,0.7353741526603699,-0.9646352335901708
UBFC_PHYS_s13_T2_ctrl,156,103,159.43333333333334,0.6516242623329163,-1.0053063215880522
UBFC_PHYS_s13_T2_ctrl,156,104,159.46666666666667,0.5599296689033508,-0.9592183138206483
UBFC_PHYS_s13_T2_ctrl,156,105,159.5,0.5082054138183594,-0.8685272250496215
UBFC_PHYS_s13_T2_ctrl,156,106,159.53333333333333,0.4901643991470337,-0.7752345892336523
UBFC_PHYS_s13_T2_ctrl,156,107,159.56666666666666,0.4820088744163513,-0.7092834364788685
UBFC_PHYS_s13_T2_ctrl,156,108,159.6,0.4830073118209839,-0.6813224864854658
UBFC_PHYS_s13_T2_ctrl,156,109,159.63333333333333,0.5007023215293884,-0.6831022047767347
UBFC_PHYS_s13_T2_ctrl,156,110,159.66666666666666,0.5380102396011353,-0.6949166956512999
UBFC_PHYS_s13_T2_ctrl,156,111,159.7,0.6036795973777771,-0.6959849843454605
UBFC_PHYS_s13_T2_ctrl,156,112,159.73333333333332,0.7064953446388245,-0.6727286655150749
UBFC_PHYS_s13_T2_ctrl,156,113,159.76666666666668,0.9112470746040344,-0.6215164539937312
UBFC_PHYS_s13_T2_ctrl,156,114,159.8,1.2534533739089966,-0.5452474534696647
UBFC_PHYS_s13_T2_ctrl,156,115,159.83333333333334,1.5685569047927856,-0.44612051995965996
UBFC_PHYS_s13_T2_ctrl,156,116,159.86666666666667,1.5693378448486328,-0.31909707603915527
UBFC_PHYS_s13_T2_ctrl,156,117,159.9,1.218577265739441,-0.15058323320772168
UBFC_PHYS_s13_T2_ctrl,156,118,159.93333333333334,0.7944598197937012,0.07575655318210944
UBFC_PHYS_s13_T2_ctrl,156,119,159.96666666666667,0.5933294296264648,0.3680741725841982
UBFC_PHYS_s13_T2_ctrl,156,120,160.0,0.5475991368293762,0.7154928932968152
UBFC_PHYS_s13_T2_ctrl,156,121,160.03333333333333,0.3289286494255066,1.0834048398528333
UBFC_PHYS_s13_T2_ctrl,156,122,160.06666666666666,-0.21377527713775635,1.418882903392687
UBFC_PHYS_s13_T2_ctrl,156,123,160.1,-0.910254716873169,1.6654948543998127
UBFC_PHYS_s13_T2_ctrl,156,124,160.13333333333333,-1.2827699184417725,1.7814995924924735
UBFC_PHYS_s13_T2_ctrl,156,125,160.16666666666666,-1.2488428354263306,1.7530631874705849
UBFC_PHYS_s13_T2_ctrl,156,126,160.2,-0.973838210105896,1.596808577095023
UBFC_PHYS_s13_T2_ctrl,156,127,160.23333333333332,-0.5953126549720764,1.3515487815419815
UBFC_PHYS_s13_T2_ctrl,156,128,160.26666666666668,-0.2542300224304199,1.0637734370693002
UBFC_PHYS_s13_T2_ctrl,156,129,160.3,-0.028310170397162437,0.7733461868225897
UBFC_PHYS_s13_T2_ctrl,156,130,160.33333333333334,0.1483733206987381,0.5046946679451482
UBFC_PHYS_s13_T2_ctrl,156,131,160.36666666666667,0.3222064971923828,0.2655810895302474
UBFC_PHYS_s13_T2_ctrl,156,132,160.4,0.45718637108802795,0.052038189214961984
UBFC_PHYS_s13_T2_ctrl,156,133,160.43333333333334,0.48957785964012146,-0.14411750508905583
UBFC_PHYS_s13_T2_ctrl,156,134,160.46666666666667,0.45378246903419495,-0.328862380869248
UBFC_PHYS_s13_T2_ctrl,156,135,160.5,0.4199773669242859,-0.5028838673149939
UBFC_PHYS_s13_T2_ctrl,156,136,160.53333333333333,0.4161912202835083,-0.6622925470976987
UBFC_PHYS_s13_T2_ctrl,156,137,160.56666666666666,0.3762933611869812,-0.8020741799761343
UBFC_PHYS_s13_T2_ctrl,156,138,160.6,0.2516866624355316,-0.9203112866081004
UBFC_PHYS_s13_T2_ctrl,156,139,160.63333333333333,0.10962876677513123,-1.0210308874466898
UBFC_PHYS_s13_T2_ctrl,156,140,160.66666666666666,0.00447343522682786,-1.1141098535180092
UBFC_PHYS_s13_T2_ctrl,156,141,160.7,-0.06139693036675453,-1.2118390425298569
UBFC_PHYS_s13_T2_ctrl,156,142,160.73333333333332,-0.1234317198395729,-1.3231597929788808
UBFC_PHYS_s13_T2_ctrl,156,143,160.76666666666668,-0.21675081551074982,-1.447686270764678
UBFC_PHYS_s13_T2_ctrl,156,144,160.8,-0.31687772274017334,-1.571933614364377
UBFC_PHYS_s13_T2_ctrl,156,145,160.83333333333334,-0.3012849986553192,-1.6695533130094617
UBFC_PHYS_s13_T2_ctrl,156,146,160.86666666666667,-0.08035731315612793,-1.706035493758578
UBFC_PHYS_s13_T2_ctrl,156,147,160.9,0.22659726440906525,-1.646721652294567
UBFC_PHYS_s13_T2_ctrl,156,148,160.93333333333334,0.37641197443008423,-1.4657316897664485
UBFC_PHYS_s13_T2_ctrl,156,149,160.96666666666667,0.2935418486595154,-1.1532762395954665
UBFC_PHYS_s13_T2_ctrl,156,150,161.0,0.10621168464422226,-0.7198309657031172
UBFC_PHYS_s13_T2_ctrl,156,151,161.03333333333333,-0.05083262920379639,-0.19659270201910908
UBFC_PHYS_s13_T2_ctrl,156,152,161.06666666666666,-0.1395220160484314,0.36828393515699476
UBFC_PHYS_s13_T2_ctrl,156,153,161.1,-0.16887205839157104,0.9179408108792413
UBFC_PHYS_s13_T2_ctrl,156,154,161.13333333333333,-0.17740324139595032,1.3983660495686874
UBFC_PHYS_s13_T2_ctrl,156,155,161.16666666666666,-0.20368218421936035,1.7699879159428575
UBFC_PHYS_s13_T2_ctrl,156,156,161.2,-0.25599294900894165,2.0150033854458806
UBFC_PHYS_s13_T2_ctrl,156,157,161.23333333333332,-0.32372838258743286,2.137361688992674
UBFC_PHYS_s13_T2_ctrl,156,158,161.26666666666668,-0.39380666613578796,2.1557143222939414
UBFC_PHYS_s13_T2_ctrl,156,159,161.3,-0.4514687657356262,2.0930289591920914
UBFC_PHYS_s13_T2_ctrl,156,160,161.33333333333334,-0.48591315746307373,1.9677105063741411
UBFC_PHYS_s13_T2_ctrl,156,161,161.36666666666667,-0.49138641357421875,1.7896852277277169
UBFC_PHYS_s13_T2_ctrl,156,162,161.4,-0.4746305048465729,1.562107930548132
UBFC_PHYS_s13_T2_ctrl,156,163,161.43333333333334,-0.461492657661438,1.286697620179687
UBFC_PHYS_s13_T2_ctrl,156,164,161.46666666666667,-0.46932199597358704,0.9694325706151724
UBFC_PHYS_s13_T2_ctrl,156,165,161.5,-0.48508936166763306,0.6237866951059514
UBFC_PHYS_s13_T2_ctrl,156,166,161.53333333333333,-0.4962467849254608,0.2703351054707357
UBFC_PHYS_s13_T2_ctrl,156,167,161.56666666666666,-0.5162319540977478,-0.06671851583400207
UBFC_PHYS_s13_T2_ctrl,156,168,161.6,-0.5545349717140198,-0.36461662011949375
UBFC_PHYS_s13_T2_ctrl,156,169,161.63333333333333,-0.5915924310684204,-0.6070863114332576
UBFC_PHYS_s13_T2_ctrl,156,170,161.66666666666666,-0.5853447914123535,-0.7879119802537651
UBFC_PHYS_s13_T2_ctrl,156,171,161.7,-0.5045440196990967,-0.9121197861892483
UBFC_PHYS_s13_T2_ctrl,156,172,161.73333333333332,-0.3594776391983032,-0.9945996203854796
UBFC_PHYS_s13_T2_ctrl,156,173,161.76666666666668,-0.1903993785381317,-1.0565830807999868
UBFC_PHYS_s13_T2_ctrl,156,174,161.8,-0.0424167737364769,-1.120579997786196
UBFC_PHYS_s13_T2_ctrl,156,175,161.83333333333334,0.03866077959537506,-1.2044575009606515
UBFC_PHYS_s13_T2_ctrl,156,176,161.86666666666667,0.028350207954645157,-1.3156777445648937
UBFC_PHYS_s13_T2_ctrl,156,177,161.9,-0.04691467434167862,-1.4471694308504741
UBFC_PHYS_s13_T2_ctrl,156,178,161.93333333333334,-0.1411893665790558,-1.5764606060597754
UBFC_PHYS_s13_T2_ctrl,156,179,161.96666666666667,-0.2231302559375763,-1.6691269327680935
UBFC_PHYS_s13_T2_ctrl,156,180,162.0,-0.26711413264274597,-1.6863039883077957
UBFC_PHYS_s13_T2_ctrl,156,181,162.03333333333333,-0.26906487345695496,-1.5946410268575295
UBFC_PHYS_s13_T2_ctrl,156,182,162.06666666666666,-0.2532678544521332,-1.3762492068358847
UBFC_PHYS_s13_T2_ctrl,156,183,162.1,-0.23904921114444733,-1.0357818247062736
UBFC_PHYS_s13_T2_ctrl,156,184,162.13333333333333,-0.2186521291732788,-0.6017693618391081
UBFC_PHYS_s13_T2_ctrl,156,185,162.16666666666666,-0.18699218332767487,-0.12059471211791371
UBFC_PHYS_s13_T2_ctrl,156,186,162.2,-0.1550620198249817,0.3555694237860416
UBFC_PHYS_s13_T2_ctrl,156,187,162.23333333333332,-0.14098836481571198,0.7822674044968309
UBFC_PHYS_s13_T2_ctrl,156,188,162.26666666666668,-0.13484947383403778,1.1316896938329566
UBFC_PHYS_s13_T2_ctrl,156,189,162.3,-0.1333238035440445,1.3931194581229174
UBFC_PHYS_s13_T2_ctrl,156,190,162.33333333333334,-0.16249261796474457,1.5661172090003128
UBFC_PHYS_s13_T2_ctrl,156,191,162.36666666666667,-0.26895612478256226,1.652044938017983
UBFC_PHYS_s13_T2_ctrl,156,192,162.4,-0.4330421984195709,1.6497664395979639
UBFC_PHYS_s13_T2_ctrl,156,193,162.43333333333334,-0.5797364115715027,1.5578580156307877
UBFC_PHYS_s13_T2_ctrl,156,194,162.46666666666667,-0.6888030767440796,1.3811639475028064
UBFC_PHYS_s13_T2_ctrl,156,195,162.5,-0.8371613621711731,1.1368048594201545
UBFC_PHYS_s13_T2_ctrl,156,196,162.53333333333333,-1.0675758123397827,0.8552303815994624
UBFC_PHYS_s13_T2_ctrl,156,197,162.56666666666666,-1.2559901475906372,0.5748516253730331
UBFC_PHYS_s13_T2_ctrl,156,198,162.6,-1.3685067892074585,0.3322389436892376
UBFC_PHYS_s13_T2_ctrl,156,199,162.63333333333333,-1.5087029933929443,0.15201003840170949
UBFC_PHYS_s13_T2_ctrl,156,200,162.66666666666666,-1.7693637609481812,0.04048720456250486
UBFC_PHYS_s13_T2_ctrl,156,201,162.7,-1.9351040124893188,-0.014515846148513731
UBFC_PHYS_s13_T2_ctrl,156,202,162.73333333333332,-1.9037307500839233,-0.03777638224675317
UBFC_PHYS_s13_T2_ctrl,156,203,162.76666666666668,-1.8691941499710083,-0.05701874775668745
UBFC_PHYS_s13_T2_ctrl,156,204,162.8,-2.120457172393799,-0.09367896970106881
UBFC_PHYS_s13_T2_ctrl,156,205,162.83333333333334,-2.43174147605896,-0.1579172928162449
UBFC_PHYS_s13_T2_ctrl,156,206,162.86666666666667,-2.512585163116455,-0.24908026809164516
UBFC_PHYS_s13_T2_ctrl,156,207,162.9,-1.773970365524292,-0.3598938772311298
UBFC_PHYS_s13_T2_ctrl,156,208,162.93333333333334,0.21413494646549225,-0.4815461645303951
UBFC_PHYS_s13_T2_ctrl,156,209,162.96666666666667,1.9280792474746704,-0.6072590820015838
UBFC_PHYS_s13_T2_ctrl,156,210,163.0,2.614014148712158,-0.7328827608578278
UBFC_PHYS_s13_T2_ctrl,156,211,163.03333333333333,2.667142152786255,-0.8543046168601899
UBFC_PHYS_s13_T2_ctrl,156,212,163.06666666666666,2.3644778728485107,-0.9630668314131507
UBFC_PHYS_s13_T2_ctrl,156,213,163.1,1.8551737070083618,-1.04286803558248
UBFC_PHYS_s13_T2_ctrl,156,214,163.13333333333333,1.4465137720108032,-1.069745793005467
UBFC_PHYS_s13_T2_ctrl,156,215,163.16666666666666,1.2144583463668823,-1.0173017421651447
UBFC_PHYS_s13_T2_ctrl,156,216,163.2,0.9892535209655762,-0.865787801836791
UBFC_PHYS_s13_T2_ctrl,156,217,163.23333333333332,0.6559804677963257,-0.6116258008207143
UBFC_PHYS_s13_T2_ctrl,156,218,163.26666666666668,0.4062167704105377,-0.2732991983731618
UBFC_PHYS_s13_T2_ctrl,156,219,163.3,0.31701990962028503,0.1092815591176482
UBFC_PHYS_s13_T2_ctrl,156,220,163.33333333333334,0.27462759613990784,0.482476226698215
UBFC_PHYS_s13_T2_ctrl,156,221,163.36666666666667,0.14346683025360107,0.7914685932911503
UBFC_PHYS_s13_T2_ctrl,156,222,163.4,0.0031454835552722216,0.9934055593498774
UBFC_PHYS_s13_T2_ctrl,156,223,163.43333333333334,-0.060115110129117966,1.0666840577641594
UBFC_PHYS_s13_T2_ctrl,156,224,163.46666666666667,-0.044555336236953735,1.0139363595966326
UBFC_PHYS_s13_T2_ctrl,156,225,163.5,-0.019729558378458023,0.8588533275719634
UBFC_PHYS_s13_T2_ctrl,156,226,163.53333333333333,0.007234784308820963,0.6385781104146301
UBFC_PHYS_s13_T2_ctrl,156,227,163.56666666666666,0.08165281265974045,0.3940697369074631
UBFC_PHYS_s13_T2_ctrl,156,228,163.6,0.20656925439834595,0.1611466045297391
UBFC_PHYS_s13_T2_ctrl,156,229,163.63333333333333,0.3618045151233673,-0.03538636773329084
UBFC_PHYS_s13_T2_ctrl,156,230,163.66666666666666,0.547615647315979,-0.18337291645573967
UBFC_PHYS_s13_T2_ctrl,156,231,163.7,0.7505385279655457,-0.2812591715592038
UBFC_PHYS_s13_T2_ctrl,156,232,163.73333333333332,0.9068842530250549,-0.3342276107905532
UBFC_PHYS_s13_T2_ctrl,156,233,163.76666666666668,0.9763661026954651,-0.35060188130875025
UBFC_PHYS_s13_T2_ctrl,156,234,163.8,1.0080952644348145,-0.3396799210247161
UBFC_PHYS_s13_T2_ctrl,156,235,163.83333333333334,1.065434455871582,-0.3107579250495136
UBFC_PHYS_s13_T2_ctrl,156,236,163.86666666666667,1.155521035194397,-0.27224340123773016
UBFC_PHYS_s13_T2_ctrl,156,237,163.9,1.2388426065444946,-0.23011001339571205
UBFC_PHYS_s13_T2_ctrl,156,238,163.93333333333334,1.2402595281600952,-0.18628164357835997
UBFC_PHYS_s13_T2_ctrl,156,239,163.96666666666667,1.0762557983398438,-0.13842201563579573
UBFC_PHYS_s13_T2_ctrl,157,0,157.0,-0.7036082744598389,0.09526584811867472
UBFC_PHYS_s13_T2_ctrl,157,1,157.03333333333333,-1.3302170038223267,-0.13308012358214982
UBFC_PHYS_s13_T2_ctrl,157,2,157.06666666666666,-1.5215343236923218,-0.35759188857904556
UBFC_PHYS_s13_T2_ctrl,157,3,157.1,-1.4836926460266113,-0.5677227717037617
UBFC_PHYS_s13_T2_ctrl,157,4,157.13333333333333,-1.3389393091201782,-0.7456734782601071
UBFC_PHYS_s13_T2_ctrl,157,5,157.16666666666666,-1.0922895669937134,-0.8686070958144261
UBFC_PHYS_s13_T2_ctrl,157,6,157.2,-0.8642476201057434,-0.9144290771739704
UBFC_PHYS_s13_T2_ctrl,157,7,157.23333333333332,-0.7338545918464661,-0.8691281733686755
UBFC_PHYS_s13_T2_ctrl,157,8,157.26666666666668,-0.6205470561981201,-0.7331242732656886
UBFC_PHYS_s13_T2_ctrl,157,9,157.3,-0.429147332906723,-0.5242160996473572
UBFC_PHYS_s13_T2_ctrl,157,10,157.33333333333334,-0.2702939808368683,-0.2755981485887766
UBFC_PHYS_s13_T2_ctrl,157,11,157.36666666666667,-0.2814118564128876,-0.028944729475541213
UBFC_PHYS_s13_T2_ctrl,157,12,157.4,-0.4632226228713989,0.17560180313002033
UBFC_PHYS_s13_T2_ctrl,157,13,157.43333333333334,-0.6748546361923218,0.30924491060704146
UBFC_PHYS_s13_T2_ctrl,157,14,157.46666666666667,-0.6768186092376709,0.36058129846812953
UBFC_PHYS_s13_T2_ctrl,157,15,157.5,-0.3735809326171875,0.33577392777311066
UBFC_PHYS_s13_T2_ctrl,157,16,157.53333333333333,-0.05470115318894386,0.2534924539890447
UBFC_PHYS_s13_T2_ctrl,157,17,157.56666666666666,0.024863921105861664,0.13743582886534741
UBFC_PHYS_s13_T2_ctrl,157,18,157.6,-0.04411708191037178,0.009439700956795872
UBFC_PHYS_s13_T2_ctrl,157,19,157.63333333333333,-0.13873447477817535,-0.1148784094608649
UBFC_PHYS_s13_T2_ctrl,157,20,157.66666666666666,-0.2543947994709015,-0.22703107374857825
UBFC_PHYS_s13_T2_ctrl,157,21,157.7,-0.35437342524528503,-0.32332223406820293
UBFC_PHYS_s13_T2_ctrl,157,22,157.73333333333332,-0.39294663071632385,-0.4008159751892546
UBFC_PHYS_s13_T2_ctrl,157,23,157.76666666666668,-0.4049278497695923,-0.45397161696214455
UBFC_PHYS_s13_T2_ctrl,157,24,157.8,-0.3999060094356537,-0.47378451410665684
UBFC_PHYS_s13_T2_ctrl,157,25,157.83333333333334,-0.3201003968715668,-0.4499126834352724
UBFC_PHYS_s13_T2_ctrl,157,26,157.86666666666667,-0.16279907524585724,-0.37493305005567734
UBFC_PHYS_s13_T2_ctrl,157,27,157.9,-0.0004627230518963188,-0.2488425346271021
UBFC_PHYS_s13_T2_ctrl,157,28,157.93333333333334,0.11856526136398315,-0.08143899978668966
UBFC_PHYS_s13_T2_ctrl,157,29,157.96666666666667,0.20850680768489838,0.10899698177198762
UBFC_PHYS_s13_T2_ctrl,157,30,158.0,0.26541760563850403,0.300207161981419
UBFC_PHYS_s13_T2_ctrl,157,31,158.03333333333333,0.2663501501083374,0.47131471202163217
UBFC_PHYS_s13_T2_ctrl,157,32,158.06666666666666,0.2494756132364273,0.60664459885779
UBFC_PHYS_s13_T2_ctrl,157,33,158.1,0.2799394130706787,0.6970274264689953
UBFC_PHYS_s13_T2_ctrl,157,34,158.13333333333333,0.3460140824317932,0.739225994172312
UBFC_PHYS_s13_T2_ctrl,157,35,158.16666666666666,0.39628511667251587,0.7348296168809034
UBFC_PHYS_s13_T2_ctrl,157,36,158.2,0.4283207356929779,0.6894378693725174
UBFC_PHYS_s13_T2_ctrl,157,37,158.23333333333332,0.5038953423500061,0.6119908406060627
UBFC_PHYS_s13_T2_ctrl,157,38,158.26666666666668,0.6937891840934753,0.5136755379808997
UBFC_PHYS_s13_T2_ctrl,157,39,158.3,0.8256979584693909,0.4061491072182453
UBFC_PHYS_s13_T2_ctrl,157,40,158.33333333333334,0.5993826985359192,0.29947161410170287
UBFC_PHYS_s13_T2_ctrl,157,41,158.36666666666667,0.025232980027794838,0.20055546312561473
UBFC_PHYS_s13_T2_ctrl,157,42,158.4,-0.49881041049957275,0.11275992836895707
UBFC_PHYS_s13_T2_ctrl,157,43,158.43333333333334,-0.6697933077812195,0.03666947866754393
UBFC_PHYS_s13_T2_ctrl,157,44,158.46666666666667,-0.6243463754653931,-0.028474333582035598
UBFC_PHYS_s13_T2_ctrl,157,45,158.5,-0.6303073167800903,-0.08345697622698925
UBFC_PHYS_s13_T2_ctrl,157,46,158.53333333333333,-0.7422935366630554,-0.12848534242998236
UBFC_PHYS_s13_T2_ctrl,157,47,158.56666666666666,-0.7387710213661194,-0.16345377582429332
UBFC_PHYS_s13_T2_ctrl,157,48,158.6,-0.47455140948295593,-0.18882969557445195
UBFC_PHYS_s13_T2_ctrl,157,49,158.63333333333333,-0.09699130803346634,-0.2067552201842055
UBFC_PHYS_s13_T2_ctrl,157,50,158.66666666666666,0.17402619123458862,-0.22205196300251942
UBFC_PHYS_s13_T2_ctrl,157,51,158.7,0.2215556651353836,-0.24275270098254673
UBFC_PHYS_s13_T2_ctrl,157,52,158.73333333333332,0.034050844609737396,-0.27942315006465795
UBFC_PHYS_s13_T2_ctrl,157,53,158.76666666666668,-0.20589983463287354,-0.34250173735879047
UBFC_PHYS_s13_T2_ctrl,157,54,158.8,-0.2690517008304596,-0.4377180147963603
UBFC_PHYS_s13_T2_ctrl,157,55,158.83333333333334,-0.18712398409843445,-0.5609766069941684
UBFC_PHYS_s13_T2_ctrl,157,56,158.86666666666667,-0.06843540072441101,-0.6950474611242025
UBFC_PHYS_s13_T2_ctrl,157,57,158.9,0.12555760145187378,-0.8102645544387499
UBFC_PHYS_s13_T2_ctrl,157,58,158.93333333333334,0.3409922420978546,-0.8700906745313359
UBFC_PHYS_s13_T2_ctrl,157,59,158.96666666666667,0.3279862403869629,-0.8406113810601831
UBFC_PHYS_s13_T2_ctrl,157,60,159.0,-0.02961505576968193,-0.701605269847244
UBFC_PHYS_s13_T2_ctrl,157,61,159.03333333333333,-0.545727014541626,-0.4559150603596685
UBFC_PHYS_s13_T2_ctrl,157,62,159.06666666666666,-0.978148341178894,-0.1334860373746272
UBFC_PHYS_s13_T2_ctrl,157,63,159.1,-1.2032707929611206,0.21269780023139584
UBFC_PHYS_s13_T2_ctrl,157,64,159.13333333333333,-1.1552832126617432,0.5190369053932867
UBFC_PHYS_s13_T2_ctrl,157,65,159.16666666666666,-0.8345581889152527,0.7288350246490306
UBFC_PHYS_s13_T2_ctrl,157,66,159.2,-0.34429022669792175,0.8087467985120032
UBFC_PHYS_s13_T2_ctrl,157,67,159.23333333333332,0.1415095031261444,0.7578097400620013
UBFC_PHYS_s13_T2_ctrl,157,68,159.26666666666668,0.4687754809856415,0.6059514539703001
UBFC_PHYS_s13_T2_ctrl,157,69,159.3,0.6216810941696167,0.4033136363731173
UBFC_PHYS_s13_T2_ctrl,157,70,159.33333333333334,0.6997205018997192,0.20469833678850846
UBFC_PHYS_s13_T2_ctrl,157,71,159.36666666666667,0.7495400905609131,0.054218284016177495
UBFC_PHYS_s13_T2_ctrl,157,72,159.4,0.7353741526603699,-0.025588807232493675
UBFC_PHYS_s13_T2_ctrl,157,73,159.43333333333334,0.6516242623329163,-0.03761100963455535
UBFC_PHYS_s13_T2_ctrl,157,74,159.46666666666667,0.5599296689033508,-0.006376162817541506
UBFC_PHYS_s13_T2_ctrl,157,75,159.5,0.5082054138183594,0.032068519122550675
UBFC_PHYS_s13_T2_ctrl,157,76,159.53333333333333,0.4901643991470337,0.04362777513794131
UBFC_PHYS_s13_T2_ctrl,157,77,159.56666666666666,0.4820088744163513,0.008663253817333846
UBFC_PHYS_s13_T2_ctrl,157,78,159.6,0.4830073118209839,-0.07118376889674287
UBFC_PHYS_s13_T2_ctrl,157,79,159.63333333333333,0.5007023215293884,-0.17477649154903432
UBFC_PHYS_s13_T2_ctrl,157,80,159.66666666666666,0.5380102396011353,-0.27079230681419386
UBFC_PHYS_s13_T2_ctrl,157,81,159.7,0.6036795973777771,-0.3299550284679226
UBFC_PHYS_s13_T2_ctrl,157,82,159.73333333333332,0.7064953446388245,-0.33503279492260757
UBFC_PHYS_s13_T2_ctrl,157,83,159.76666666666668,0.9112470746040344,-0.2852514806417762
UBFC_PHYS_s13_T2_ctrl,157,84,159.8,1.2534533739089966,-0.19418403952939134
UBFC_PHYS_s13_T2_ctrl,157,85,159.83333333333334,1.5685569047927856,-0.08257019280613288
UBFC_PHYS_s13_T2_ctrl,157,86,159.86666666666667,1.5693378448486328,0.030469334551307604
UBFC_PHYS_s13_T2_ctrl,157,87,159.9,1.218577265739441,0.13386948148216063
UBFC_PHYS_s13_T2_ctrl,157,88,159.93333333333334,0.7944598197937012,0.22635112091363152
UBFC_PHYS_s13_T2_ctrl,157,89,159.96666666666667,0.5933294296264648,0.31356674412748103
UBFC_PHYS_s13_T2_ctrl,157,90,160.0,0.5475991368293762,0.4025795852329417
UBFC_PHYS_s13_T2_ctrl,157,91,160.03333333333333,0.3289286494255066,0.4962865976419136
UBFC_PHYS_s13_T2_ctrl,157,92,160.06666666666666,-0.21377527713775635,0.5901650770505732
UBFC_PHYS_s13_T2_ctrl,157,93,160.1,-0.910254716873169,0.6726128942833755
UBFC_PHYS_s13_T2_ctrl,157,94,160.13333333333333,-1.2827699184417725,0.7284531680484555
UBFC_PHYS_s13_T2_ctrl,157,95,160.16666666666666,-1.2488428354263306,0.7437763118561254
UBFC_PHYS_s13_T2_ctrl,157,96,160.2,-0.973838210105896,0.7099905650965275
UBFC_PHYS_s13_T2_ctrl,157,97,160.23333333333332,-0.5953126549720764,0.6257669343710959
UBFC_PHYS_s13_T2_ctrl,157,98,160.26666666666668,-0.2542300224304199,0.49686562423541614
UBFC_PHYS_s13_T2_ctrl,157,99,160.3,-0.028310170397162437,0.3346806016130497
UBFC_PHYS_s13_T2_ctrl,157,100,160.33333333333334,0.1483733206987381,0.15425130989238905
UBFC_PHYS_s13_T2_ctrl,157,101,160.36666666666667,0.3222064971923828,-0.028001449380914496
UBFC_PHYS_s13_T2_ctrl,157,102,160.4,0.45718637108802795,-0.19674086059774196
UBFC_PHYS_s13_T2_ctrl,157,103,160.43333333333334,0.48957785964012146,-0.34017190444048284
UBFC_PHYS_s13_T2_ctrl,157,104,160.46666666666667,0.45378246903419495,-0.45213332460388006
UBFC_PHYS_s13_T2_ctrl,157,105,160.5,0.4199773669242859,-0.5333791600460663
UBFC_PHYS_s13_T2_ctrl,157,106,160.53333333333333,0.4161912202835083,-0.5915875442419722
UBFC_PHYS_s13_T2_ctrl,157,107,160.56666666666666,0.3762933611869812,-0.6397964050508325
UBFC_PHYS_s13_T2_ctrl,157,108,160.6,0.2516866624355316,-0.6933391908181281
UBFC_PHYS_s13_T2_ctrl,157,109,160.63333333333333,0.10962876677513123,-0.7657278693651307
UBFC_PHYS_s13_T2_ctrl,157,110,160.66666666666666,0.00447343522682786,-0.8641592077959862
UBFC_PHYS_s13_T2_ctrl,157,111,160.7,-0.06139693036675453,-0.985597064840803
UBFC_PHYS_s13_T2_ctrl,157,112,160.73333333333332,-0.1234317198395729,-1.114778887663188
UBFC_PHYS_s13_T2_ctrl,157,113,160.76666666666668,-0.21675081551074982,-1.2255593583200568
UBFC_PHYS_s13_T2_ctrl,157,114,160.8,-0.31687772274017334,-1.2862484874645888
UBFC_PHYS_s13_T2_ctrl,157,115,160.83333333333334,-0.3012849986553192,-1.2680374684042712
UBFC_PHYS_s13_T2_ctrl,157,116,160.86666666666667,-0.08035731315612793,-1.1538401567352543
UBFC_PHYS_s13_T2_ctrl,157,117,160.9,0.22659726440906525,-0.9439760954756844
UBFC_PHYS_s13_T2_ctrl,157,118,160.93333333333334,0.37641197443008423,-0.6559698934932711
UBFC_PHYS_s13_T2_ctrl,157,119,160.96666666666667,0.2935418486595154,-0.31840702559507134
UBFC_PHYS_s13_T2_ctrl,157,120,161.0,0.10621168464422226,0.03794301146890005
UBFC_PHYS_s13_T2_ctrl,157,121,161.03333333333333,-0.05083262920379639,0.38711411687617703
UBFC_PHYS_s13_T2_ctrl,157,122,161.06666666666666,-0.1395220160484314,0.710265474563896
UBFC_PHYS_s13_T2_ctrl,157,123,161.1,-0.16887205839157104,0.9940312394553736
UBFC_PHYS_s13_T2_ctrl,157,124,161.13333333333333,-0.17740324139595032,1.2279416864568022
UBFC_PHYS_s13_T2_ctrl,157,125,161.16666666666666,-0.20368218421936035,1.4036682639299904
UBFC_PHYS_s13_T2_ctrl,157,126,161.2,-0.25599294900894165,1.5163725012843627
UBFC_PHYS_s13_T2_ctrl,157,127,161.23333333333332,-0.32372838258743286,1.566224685028144
UBFC_PHYS_s13_T2_ctrl,157,128,161.26666666666668,-0.39380666613578796,1.5582119021859266
UBFC_PHYS_s13_T2_ctrl,157,129,161.3,-0.4514687657356262,1.5000480705479344
UBFC_PHYS_s13_T2_ctrl,157,130,161.33333333333334,-0.48591315746307373,1.399522320109681
UBFC_PHYS_s13_T2_ctrl,157,131,161.36666666666667,-0.49138641357421875,1.2628936341210049
UBFC_PHYS_s13_T2_ctrl,157,132,161.4,-0.4746305048465729,1.0949714498260854
UBFC_PHYS_s13_T2_ctrl,157,133,161.43333333333334,-0.461492657661438,0.9003461959001924
UBFC_PHYS_s13_T2_ctrl,157,134,161.46666666666667,-0.46932199597358704,0.6848157188762718
UBFC_PHYS_s13_T2_ctrl,157,135,161.5,-0.48508936166763306,0.45626471635260335
UBFC_PHYS_s13_T2_ctrl,157,136,161.53333333333333,-0.4962467849254608,0.2245806964610671
UBFC_PHYS_s13_T2_ctrl,157,137,161.56666666666666,-0.5162319540977478,0.0005756588545418086
UBFC_PHYS_s13_T2_ctrl,157,138,161.6,-0.5545349717140198,-0.20564642379069165
UBFC_PHYS_s13_T2_ctrl,157,139,161.63333333333333,-0.5915924310684204,-0.38619984207050095
UBFC_PHYS_s13_T2_ctrl,157,140,161.66666666666666,-0.5853447914123535,-0.5363552646894266
UBFC_PHYS_s13_T2_ctrl,157,141,161.7,-0.5045440196990967,-0.6548682270389343
UBFC_PHYS_s13_T2_ctrl,157,142,161.73333333333332,-0.3594776391983032,-0.7438799156808025
UBFC_PHYS_s13_T2_ctrl,157,143,161.76666666666668,-0.1903993785381317,-0.8085557335865055
UBFC_PHYS_s13_T2_ctrl,157,144,161.8,-0.0424167737364769,-0.8564975260633758
UBFC_PHYS_s13_T2_ctrl,157,145,161.83333333333334,0.03866077959537506,-0.896778092416978
UBFC_PHYS_s13_T2_ctrl,157,146,161.86666666666667,0.028350207954645157,-0.9383100705930673
UBFC_PHYS_s13_T2_ctrl,157,147,161.9,-0.04691467434167862,-0.9874350199364534
UBFC_PHYS_s13_T2_ctrl,157,148,161.93333333333334,-0.1411893665790558,-1.0451674153048531
UBFC_PHYS_s13_T2_ctrl,157,149,161.96666666666667,-0.2231302559375763,-1.1050471648146794
UBFC_PHYS_s13_T2_ctrl,157,150,162.0,-0.26711413264274597,-1.152619052091522
UBFC_PHYS_s13_T2_ctrl,157,151,162.03333333333333,-0.26906487345695496,-1.1671918832153942
UBFC_PHYS_s13_T2_ctrl,157,152,162.06666666666666,-0.2532678544521332,-1.125955340163018
UBFC_PHYS_s13_T2_ctrl,157,153,162.1,-0.23904921114444733,-1.009861408666132
UBFC_PHYS_s13_T2_ctrl,157,154,162.13333333333333,-0.2186521291732788,-0.8099851343381812
UBFC_PHYS_s13_T2_ctrl,157,155,162.16666666666666,-0.18699218332767487,-0.5325045769737154
UBFC_PHYS_s13_T2_ctrl,157,156,162.2,-0.1550620198249817,-0.20027528996831162
UBFC_PHYS_s13_T2_ctrl,157,157,162.23333333333332,-0.14098836481571198,0.15034085271257802
UBFC_PHYS_s13_T2_ctrl,157,158,162.26666666666668,-0.13484947383403778,0.4770927426900902
UBFC_PHYS_s13_T2_ctrl,157,159,162.3,-0.1333238035440445,0.7416329279032859
UBFC_PHYS_s13_T2_ctrl,157,160,162.33333333333334,-0.16249261796474457,0.9179979565921117
UBFC_PHYS_s13_T2_ctrl,157,161,162.36666666666667,-0.26895612478256226,0.9968772903559748
UBFC_PHYS_s13_T2_ctrl,157,162,162.4,-0.4330421984195709,0.9850922470600955
UBFC_PHYS_s13_T2_ctrl,157,163,162.43333333333334,-0.5797364115715027,0.9018394671921162
UBFC_PHYS_s13_T2_ctrl,157,164,162.46666666666667,-0.6888030767440796,0.7735749465871544
UBFC_PHYS_s13_T2_ctrl,157,165,162.5,-0.8371613621711731,0.6285896076325062
UBFC_PHYS_s13_T2_ctrl,157,166,162.53333333333333,-1.0675758123397827,0.4917777517797407
UBFC_PHYS_s13_T2_ctrl,157,167,162.56666666666666,-1.2559901475906372,0.3801985950119518
UBFC_PHYS_s13_T2_ctrl,157,168,162.6,-1.3685067892074585,0.30037403326788215
UBFC_PHYS_s13_T2_ctrl,157,169,162.63333333333333,-1.5087029933929443,0.24829160518490187
UBFC_PHYS_s13_T2_ctrl,157,170,162.66666666666666,-1.7693637609481812,0.2124578607729
UBFC_PHYS_s13_T2_ctrl,157,171,162.7,-1.9351040124893188,0.17927265113000704
UBFC_PHYS_s13_T2_ctrl,157,172,162.73333333333332,-1.9037307500839233,0.13897227640431017
UBFC_PHYS_s13_T2_ctrl,157,173,162.76666666666668,-1.8691941499710083,0.08988643473164121
UBFC_PHYS_s13_T2_ctrl,157,174,162.8,-2.120457172393799,0.0391371065571743
UBFC_PHYS_s13_T2_ctrl,157,175,162.83333333333334,-2.43174147605896,-0.0006315709864741538
UBFC_PHYS_s13_T2_ctrl,157,176,162.86666666666667,-2.512585163116455,-0.016879625767965548
UBFC_PHYS_s13_T2_ctrl,157,177,162.9,-1.773970365524292,-0.0024526760610611258
UBFC_PHYS_s13_T2_ctrl,157,178,162.93333333333334,0.21413494646549225,0.04145768494589523
UBFC_PHYS_s13_T2_ctrl,157,179,162.96666666666667,1.9280792474746704,0.10523428223983852
UBFC_PHYS_s13_T2_ctrl,157,180,163.0,2.614014148712158,0.17340464843850623
UBFC_PHYS_s13_T2_ctrl,157,181,163.03333333333333,2.667142152786255,0.2291514263960561
UBFC_PHYS_s13_T2_ctrl,157,182,163.06666666666666,2.3644778728485107,0.25929417944679867
UBFC_PHYS_s13_T2_ctrl,157,183,163.1,1.8551737070083618,0.25783338421359425
UBFC_PHYS_s13_T2_ctrl,157,184,163.13333333333333,1.4465137720108032,0.2267411833217062
UBFC_PHYS_s13_T2_ctrl,157,185,163.16666666666666,1.2144583463668823,0.1739699923350332
UBFC_PHYS_s13_T2_ctrl,157,186,163.2,0.9892535209655762,0.10981645915935988
UBFC_PHYS_s13_T2_ctrl,157,187,163.23333333333332,0.6559804677963257,0.043298783533540344
UBFC_PHYS_s13_T2_ctrl,157,188,163.26666666666668,0.4062167704105377,-0.02006049444953006
UBFC_PHYS_s13_T2_ctrl,157,189,163.3,0.31701990962028503,-0.07849597056651318
UBFC_PHYS_s13_T2_ctrl,157,190,163.33333333333334,0.27462759613990784,-0.1327304080053794
UBFC_PHYS_s13_T2_ctrl,157,191,163.36666666666667,0.14346683025360107,-0.18421180433873915
UBFC_PHYS_s13_T2_ctrl,157,192,163.4,0.0031454835552722216,-0.2338738075090177
UBFC_PHYS_s13_T2_ctrl,157,193,163.43333333333334,-0.060115110129117966,-0.2819573567878641
UBFC_PHYS_s13_T2_ctrl,157,194,163.46666666666667,-0.044555336236953735,-0.32883392792009164
UBFC_PHYS_s13_T2_ctrl,157,195,163.5,-0.019729558378458023,-0.37626629122441146
UBFC_PHYS_s13_T2_ctrl,157,196,163.53333333333333,0.007234784308820963,-0.4282455812415565
UBFC_PHYS_s13_T2_ctrl,157,197,163.56666666666666,0.08165281265974045,-0.49054724510239894
UBFC_PHYS_s13_T2_ctrl,157,198,163.6,0.20656925439834595,-0.5685196928510273
UBFC_PHYS_s13_T2_ctrl,157,199,163.63333333333333,0.3618045151233673,-0.663371509062328
UBFC_PHYS_s13_T2_ctrl,157,200,163.66666666666666,0.547615647315979,-0.7681861672217483
UBFC_PHYS_s13_T2_ctrl,157,201,163.7,0.7505385279655457,-0.8656409846313742
UBFC_PHYS_s13_T2_ctrl,157,202,163.73333333333332,0.9068842530250549,-0.9294194562466555
UBFC_PHYS_s13_T2_ctrl,157,203,163.76666666666668,0.9763661026954651,-0.9302098819693699
UBFC_PHYS_s13_T2_ctrl,157,204,163.8,1.0080952644348145,-0.8451302725830351
UBFC_PHYS_s13_T2_ctrl,157,205,163.83333333333334,1.065434455871582,-0.667309593175068
UBFC_PHYS_s13_T2_ctrl,157,206,163.86666666666667,1.155521035194397,-0.41135896836165886
UBFC_PHYS_s13_T2_ctrl,157,207,163.9,1.2388426065444946,-0.11140358394793258
UBFC_PHYS_s13_T2_ctrl,157,208,163.93333333333334,1.2402595281600952,0.18874052873871972
UBFC_PHYS_s13_T2_ctrl,157,209,163.96666666666667,1.0762557983398438,0.449739645103114
UBFC_PHYS_s13_T2_ctrl,157,210,164.0,0.7418985962867737,0.6488140753642424
UBFC_PHYS_s13_T2_ctrl,157,211,164.03333333333333,0.3406759202480316,0.7838513028480781
UBFC_PHYS_s13_T2_ctrl,157,212,164.06666666666666,-0.02232614904642105,0.8683222422828759
UBFC_PHYS_s13_T2_ctrl,157,213,164.1,-0.31998178362846375,0.92085219777369
UBFC_PHYS_s13_T2_ctrl,157,214,164.13333333333333,-0.5535398125648499,0.9551427186236334
UBFC_PHYS_s13_T2_ctrl,157,215,164.16666666666666,-0.7129006385803223,0.9745677168118072
UBFC_PHYS_s13_T2_ctrl,157,216,164.2,-0.7784513831138611,0.973038652148981
UBFC_PHYS_s13_T2_ctrl,157,217,164.23333333333332,-0.7351595163345337,0.9408205180113902
UBFC_PHYS_s13_T2_ctrl,157,218,164.26666666666668,-0.5999258756637573,0.8717520077594872
UBFC_PHYS_s13_T2_ctrl,157,219,164.3,-0.44096049666404724,0.7679226102662206
UBFC_PHYS_s13_T2_ctrl,157,220,164.33333333333334,-0.27859777212142944,0.6396538173532699
UBFC_PHYS_s13_T2_ctrl,157,221,164.36666666666667,-0.024866720661520958,0.5013702028248972
UBFC_PHYS_s13_T2_ctrl,157,222,164.4,0.36386728286743164,0.3659125643648048
UBFC_PHYS_s13_T2_ctrl,157,223,164.43333333333334,0.8003647327423096,0.24015037863830507
UBFC_PHYS_s13_T2_ctrl,157,224,164.46666666666667,1.1696407794952393,0.12355860112692801
UBFC_PHYS_s13_T2_ctrl,157,225,164.5,1.4051166772842407,0.009802498062959035
UBFC_PHYS_s13_T2_ctrl,157,226,164.53333333333333,1.4227161407470703,-0.10966454076063767
UBFC_PHYS_s13_T2_ctrl,157,227,164.56666666666666,1.2583597898483276,-0.2413645724355332
UBFC_PHYS_s13_T2_ctrl,157,228,164.6,1.0647984743118286,-0.38632532289543003
UBFC_PHYS_s13_T2_ctrl,157,229,164.63333333333333,0.9638148546218872,-0.5384836415480879
UBFC_PHYS_s13_T2_ctrl,157,230,164.66666666666666,0.922275960445404,-0.6854052189980124
UBFC_PHYS_s13_T2_ctrl,157,231,164.7,0.8748881816864014,-0.810953523031908
UBFC_PHYS_s13_T2_ctrl,157,232,164.73333333333332,0.828515350818634,-0.8989284721974385
UBFC_PHYS_s13_T2_ctrl,157,233,164.76666666666668,0.8707066178321838,-0.9365734174449564
UBFC_PHYS_s13_T2_ctrl,157,234,164.8,0.8862565159797668,-0.9171923720588515
UBFC_PHYS_s13_T2_ctrl,157,235,164.83333333333334,0.24788734316825867,-0.8414315053404628
UBFC_PHYS_s13_T2_ctrl,157,236,164.86666666666667,-0.8281952142715454,-0.7168135344528697
UBFC_PHYS_s13_T2_ctrl,157,237,164.9,-1.5576658248901367,-0.5554632641514733
UBFC_PHYS_s13_T2_ctrl,157,238,164.93333333333334,-1.707836389541626,-0.3709605743913552
UBFC_PHYS_s13_T2_ctrl,157,239,164.96666666666667,-1.3281311988830566,-0.17598299850335936
UBFC_PHYS_s13_T2_ctrl,158,0,158.0,0.26541760563850403,0.03216064730700214
UBFC_PHYS_s13_T2_ctrl,158,1,158.03333333333333,0.2663501501083374,0.24780771920066794
UBFC_PHYS_s13_T2_ctrl,158,2,158.06666666666666,0.2494756132364273,0.43525071039716684
UBFC_PHYS_s13_T2_ctrl,158,3,158.1,0.2799394130706787,0.5718645090714328
UBFC_PHYS_s13_T2_ctrl,158,4,158.13333333333333,0.3460140824317932,0.6453006024198021
UBFC_PHYS_s13_T2_ctrl,158,5,158.16666666666666,0.39628511667251587,0.6570628608813014
UBFC_PHYS_s13_T2_ctrl,158,6,158.2,0.4283207356929779,0.6230962620732114
UBFC_PHYS_s13_T2_ctrl,158,7,158.23333333333332,0.5038953423500061,0.5700789910082763
UBFC_PHYS_s13_T2_ctrl,158,8,158.26666666666668,0.6937891840934753,0.5273902145762603
UBFC_PHYS_s13_T2_ctrl,158,9,158.3,0.8256979584693909,0.5167463990272319
UBFC_PHYS_s13_T2_ctrl,158,10,158.33333333333334,0.5993826985359192,0.5433669904768332
UBFC_PHYS_s13_T2_ctrl,158,11,158.36666666666667,0.025232980027794838,0.592733972429963
UBFC_PHYS_s13_T2_ctrl,158,12,158.4,-0.49881041049957275,0.63483459752448
UBFC_PHYS_s13_T2_ctrl,158,13,158.43333333333334,-0.6697933077812195,0.6344900959912939
UBFC_PHYS_s13_T2_ctrl,158,14,158.46666666666667,-0.6243463754653931,0.5638941278012802
UBFC_PHYS_s13_T2_ctrl,158,15,158.5,-0.6303073167800903,0.41282980290678617
UBFC_PHYS_s13_T2_ctrl,158,16,158.53333333333333,-0.7422935366630554,0.19319010880285556
UBFC_PHYS_s13_T2_ctrl,158,17,158.56666666666666,-0.7387710213661194,-0.06343818797141847
UBFC_PHYS_s13_T2_ctrl,158,18,158.6,-0.47455140948295593,-0.31424337404169606
UBFC_PHYS_s13_T2_ctrl,158,19,158.63333333333333,-0.09699130803346634,-0.5172377669877319
UBFC_PHYS_s13_T2_ctrl,158,20,158.66666666666666,0.17402619123458862,-0.6434998747514689
UBFC_PHYS_s13_T2_ctrl,158,21,158.7,0.2215556651353836,-0.6859656372582918
UBFC_PHYS_s13_T2_ctrl,158,22,158.73333333333332,0.034050844609737396,-0.6616374992597756
UBFC_PHYS_s13_T2_ctrl,158,23,158.76666666666668,-0.20589983463287354,-0.6057382347779204
UBFC_PHYS_s13_T2_ctrl,158,24,158.8,-0.2690517008304596,-0.559101436676422
UBFC_PHYS_s13_T2_ctrl,158,25,158.83333333333334,-0.18712398409843445,-0.5529196637072871
UBFC_PHYS_s13_T2_ctrl,158,26,158.86666666666667,-0.06843540072441101,-0.5964438031041295
UBFC_PHYS_s13_T2_ctrl,158,27,158.9,0.12555760145187378,-0.6723719244366746
UBFC_PHYS_s13_T2_ctrl,158,28,158.93333333333334,0.3409922420978546,-0.7416614567548874
UBFC_PHYS_s13_T2_ctrl,158,29,158.96666666666667,0.3279862403869629,-0.7560320089302847
UBFC_PHYS_s13_T2_ctrl,158,30,159.0,-0.02961505576968193,-0.6741765880679387
UBFC_PHYS_s13_T2_ctrl,158,31,159.03333333333333,-0.545727014541626,-0.4768809293985628
UBFC_PHYS_s13_T2_ctrl,158,32,159.06666666666666,-0.978148341178894,-0.17643455488529336
UBFC_PHYS_s13_T2_ctrl,158,33,159.1,-1.2032707929611206,0.1831765580282748
UBFC_PHYS_s13_T2_ctrl,158,34,159.13333333333333,-1.1552832126617432,0.5365632370459418
UBFC_PHYS_s13_T2_ctrl,158,35,159.16666666666666,-0.8345581889152527,0.815423820588925
UBFC_PHYS_s13_T2_ctrl,158,36,159.2,-0.34429022669792175,0.9690437516777286
UBFC_PHYS_s13_T2_ctrl,158,37,159.23333333333332,0.1415095031261444,0.9791297318050628
UBFC_PHYS_s13_T2_ctrl,158,38,159.26666666666668,0.4687754809856415,0.863878360945528
UBFC_PHYS_s13_T2_ctrl,158,39,159.3,0.6216810941696167,0.670755080135882
UBFC_PHYS_s13_T2_ctrl,158,40,159.33333333333334,0.6997205018997192,0.46106460986831627
UBFC_PHYS_s13_T2_ctrl,158,41,159.36666666666667,0.7495400905609131,0.2911862337525148
UBFC_PHYS_s13_T2_ctrl,158,42,159.4,0.7353741526603699,0.19576637069695174
UBFC_PHYS_s13_T2_ctrl,158,43,159.43333333333334,0.6516242623329163,0.1776050530713942
UBFC_PHYS_s13_T2_ctrl,158,44,159.46666666666667,0.5599296689033508,0.20752221445116636
UBFC_PHYS_s13_T2_ctrl,158,45,159.5,0.5082054138183594,0.23492616938755878
UBFC_PHYS_s13_T2_ctrl,158,46,159.53333333333333,0.4901643991470337,0.20629635080085493
UBFC_PHYS_s13_T2_ctrl,158,47,159.56666666666666,0.4820088744163513,0.08549466956641763
UBFC_PHYS_s13_T2_ctrl,158,48,159.6,0.4830073118209839,-0.1316073083622379
UBFC_PHYS_s13_T2_ctrl,158,49,159.63333333333333,0.5007023215293884,-0.41389388420481027
UBFC_PHYS_s13_T2_ctrl,158,50,159.66666666666666,0.5380102396011353,-0.7041470775449865
UBFC_PHYS_s13_T2_ctrl,158,51,159.7,0.6036795973777771,-0.9367439488633102
UBFC_PHYS_s13_T2_ctrl,158,52,159.73333333333332,0.7064953446388245,-1.0577745803890914
UBFC_PHYS_s13_T2_ctrl,158,53,159.76666666666668,0.9112470746040344,-1.0412775991608734
UBFC_PHYS_s13_T2_ctrl,158,54,159.8,1.2534533739089966,-0.896235719003367
UBFC_PHYS_s13_T2_ctrl,158,55,159.83333333333334,1.5685569047927856,-0.6616555416385471
UBFC_PHYS_s13_T2_ctrl,158,56,159.86666666666667,1.5693378448486328,-0.391669262920412
UBFC_PHYS_s13_T2_ctrl,158,57,159.9,1.218577265739441,-0.1368493427340544
UBFC_PHYS_s13_T2_ctrl,158,58,159.93333333333334,0.7944598197937012,0.0707667217919214
UBFC_PHYS_s13_T2_ctrl,158,59,159.96666666666667,0.5933294296264648,0.22357435577927906
UBFC_PHYS_s13_T2_ctrl,158,60,160.0,0.5475991368293762,0.3341780196181243
UBFC_PHYS_s13_T2_ctrl,158,61,160.03333333333333,0.3289286494255066,0.4244348759058414
UBFC_PHYS_s13_T2_ctrl,158,62,160.06666666666666,-0.21377527713775635,0.5136333112377663
UBFC_PHYS_s13_T2_ctrl,158,63,160.1,-0.910254716873169,0.6109681251198387
UBFC_PHYS_s13_T2_ctrl,158,64,160.13333333333333,-1.2827699184417725,0.7141051025036834
UBFC_PHYS_s13_T2_ctrl,158,65,160.16666666666666,-1.2488428354263306,0.8121977463680576
UBFC_PHYS_s13_T2_ctrl,158,66,160.2,-0.973838210105896,0.8905097260777193
UBFC_PHYS_s13_T2_ctrl,158,67,160.23333333333332,-0.5953126549720764,0.9345503468673064
UBFC_PHYS_s13_T2_ctrl,158,68,160.26666666666668,-0.2542300224304199,0.9329083460380423
UBFC_PHYS_s13_T2_ctrl,158,69,160.3,-0.028310170397162437,0.878921656713925
UBFC_PHYS_s13_T2_ctrl,158,70,160.33333333333334,0.1483733206987381,0.7716872705576091
UBFC_PHYS_s13_T2_ctrl,158,71,160.36666666666667,0.3222064971923828,0.6167430334094233
UBFC_PHYS_s13_T2_ctrl,158,72,160.4,0.45718637108802795,0.4262904000493561
UBFC_PHYS_s13_T2_ctrl,158,73,160.43333333333334,0.48957785964012146,0.21836765472286448
UBFC_PHYS_s13_T2_ctrl,158,74,160.46666666666667,0.45378246903419495,0.014259938638854518
UBFC_PHYS_s13_T2_ctrl,158,75,160.5,0.4199773669242859,-0.16601031652536036
UBFC_PHYS_s13_T2_ctrl,158,76,160.53333333333333,0.4161912202835083,-0.3091171499870744
UBFC_PHYS_s13_T2_ctrl,158,77,160.56666666666666,0.3762933611869812,-0.4128487693619748
UBFC_PHYS_s13_T2_ctrl,158,78,160.6,0.2516866624355316,-0.4875828341910942
UBFC_PHYS_s13_T2_ctrl,158,79,160.63333333333333,0.10962876677513123,-0.5538019697327344
UBFC_PHYS_s13_T2_ctrl,158,80,160.66666666666666,0.00447343522682786,-0.6359356937594214
UBFC_PHYS_s13_T2_ctrl,158,81,160.7,-0.06139693036675453,-0.7540845157143038
UBFC_PHYS_s13_T2_ctrl,158,82,160.73333333333332,-0.1234317198395729,-0.9160669516004725
UBFC_PHYS_s13_T2_ctrl,158,83,160.76666666666668,-0.21675081551074982,-1.1124280854447548
UBFC_PHYS_s13_T2_ctrl,158,84,160.8,-0.31687772274017334,-1.3163781424619632
UBFC_PHYS_s13_T2_ctrl,158,85,160.83333333333334,-0.3012849986553192,-1.489124352418705
UBFC_PHYS_s13_T2_ctrl,158,86,160.86666666666667,-0.08035731315612793,-1.5891170181211012
UBFC_PHYS_s13_T2_ctrl,158,87,160.9,0.22659726440906525,-1.5821669300584469
UBFC_PHYS_s13_T2_ctrl,158,88,160.93333333333334,0.37641197443008423,-1.4490761359467053
UBFC_PHYS_s13_T2_ctrl,158,89,160.96666666666667,0.2935418486595154,-1.1888426302504367
UBFC_PHYS_s13_T2_ctrl,158,90,161.0,0.10621168464422226,-0.817974000356257
UBFC_PHYS_s13_T2_ctrl,158,91,161.03333333333333,-0.05083262920379639,-0.3677776260771365
UBFC_PHYS_s13_T2_ctrl,158,92,161.06666666666666,-0.1395220160484314,0.11954958910006207
UBFC_PHYS_s13_T2_ctrl,158,93,161.1,-0.16887205839157104,0.5968122708027623
UBFC_PHYS_s13_T2_ctrl,158,94,161.13333333333333,-0.17740324139595032,1.0202485917553712
UBFC_PHYS_s13_T2_ctrl,158,95,161.16666666666666,-0.20368218421936035,1.3588013385391238
UBFC_PHYS_s13_T2_ctrl,158,96,161.2,-0.25599294900894165,1.6000778350569975
UBFC_PHYS_s13_T2_ctrl,158,97,161.23333333333332,-0.32372838258743286,1.7491662955057234
UBFC_PHYS_s13_T2_ctrl,158,98,161.26666666666668,-0.39380666613578796,1.820519983050577
UBFC_PHYS_s13_T2_ctrl,158,99,161.3,-0.4514687657356262,1.827520447801386
UBFC_PHYS_s13_T2_ctrl,158,100,161.33333333333334,-0.48591315746307373,1.7753358365676188
UBFC_PHYS_s13_T2_ctrl,158,101,161.36666666666667,-0.49138641357421875,1.6602821504365894
UBFC_PHYS_s13_T2_ctrl,158,102,161.4,-0.4746305048465729,1.475240537197121
UBFC_PHYS_s13_T2_ctrl,158,103,161.43333333333334,-0.461492657661438,1.2178026076974426
UBFC_PHYS_s13_T2_ctrl,158,104,161.46666666666667,-0.46932199597358704,0.8968958242170404
UBFC_PHYS_s13_T2_ctrl,158,105,161.5,-0.48508936166763306,0.5347099442000018
UBFC_PHYS_s13_T2_ctrl,158,106,161.53333333333333,-0.4962467849254608,0.16302655967501972
UBFC_PHYS_s13_T2_ctrl,158,107,161.56666666666666,-0.5162319540977478,-0.18447709103529006
UBFC_PHYS_s13_T2_ctrl,158,108,161.6,-0.5545349717140198,-0.4807145113656609
UBFC_PHYS_s13_T2_ctrl,158,109,161.63333333333333,-0.5915924310684204,-0.7110945387009026
UBFC_PHYS_s13_T2_ctrl,158,110,161.66666666666666,-0.5853447914123535,-0.8749016170110596
UBFC_PHYS_s13_T2_ctrl,158,111,161.7,-0.5045440196990967,-0.9823325431013695
UBFC_PHYS_s13_T2_ctrl,158,112,161.73333333333332,-0.3594776391983032,-1.0490396305581071
UBFC_PHYS_s13_T2_ctrl,158,113,161.76666666666668,-0.1903993785381317,-1.0905207043542684
UBFC_PHYS_s13_T2_ctrl,158,114,161.8,-0.0424167737364769,-1.1180007593248125
UBFC_PHYS_s13_T2_ctrl,158,115,161.83333333333334,0.03866077959537506,-1.1363217632503737
UBFC_PHYS_s13_T2_ctrl,158,116,161.86666666666667,0.028350207954645157,-1.1436069117654073
UBFC_PHYS_s13_T2_ctrl,158,117,161.9,-0.04691467434167862,-1.1322817979103406
UBFC_PHYS_s13_T2_ctrl,158,118,161.93333333333334,-0.1411893665790558,-1.0911525947383403
UBFC_PHYS_s13_T2_ctrl,158,119,161.96666666666667,-0.2231302559375763,-1.0082939897836125
UBFC_PHYS_s13_T2_ctrl,158,120,162.0,-0.26711413264274597,-0.8743225038378457
UBFC_PHYS_s13_T2_ctrl,158,121,162.03333333333333,-0.26906487345695496,-0.6854625782115011
UBFC_PHYS_s13_T2_ctrl,158,122,162.06666666666666,-0.2532678544521332,-0.4458473364694096
UBFC_PHYS_s13_T2_ctrl,158,123,162.1,-0.23904921114444733,-0.168454463177879
UBFC_PHYS_s13_T2_ctrl,158,124,162.13333333333333,-0.2186521291732788,0.1261265080807142
UBFC_PHYS_s13_T2_ctrl,158,125,162.16666666666666,-0.18699218332767487,0.4135932429865713
UBFC_PHYS_s13_T2_ctrl,158,126,162.2,-0.1550620198249817,0.6717108319823278
UBFC_PHYS_s13_T2_ctrl,158,127,162.23333333333332,-0.14098836481571198,0.8855799404530289
UBFC_PHYS_s13_T2_ctrl,158,128,162.26666666666668,-0.13484947383403778,1.049360297078308
UBFC_PHYS_s13_T2_ctrl,158,129,162.3,-0.1333238035440445,1.1628950303575847
UBFC_PHYS_s13_T2_ctrl,158,130,162.33333333333334,-0.16249261796474457,1.22500318845719
UBFC_PHYS_s13_T2_ctrl,158,131,162.36666666666667,-0.26895612478256226,1.2279218105966163
UBFC_PHYS_s13_T2_ctrl,158,132,162.4,-0.4330421984195709,1.1571456310496737
UBFC_PHYS_s13_T2_ctrl,158,133,162.43333333333334,-0.5797364115715027,0.9978053086049449
UBFC_PHYS_s13_T2_ctrl,158,134,162.46666666666667,-0.6888030767440796,0.7446839966265072
UBFC_PHYS_s13_T2_ctrl,158,135,162.5,-0.8371613621711731,0.41058284523123506
UBFC_PHYS_s13_T2_ctrl,158,136,162.53333333333333,-1.0675758123397827,0.028515522133171836
UBFC_PHYS_s13_T2_ctrl,158,137,162.56666666666666,-1.2559901475906372,-0.3537686931922568
UBFC_PHYS_s13_T2_ctrl,158,138,162.6,-1.3685067892074585,-0.685113153086079
UBFC_PHYS_s13_T2_ctrl,158,139,162.63333333333333,-1.5087029933929443,-0.924006580017615
UBFC_PHYS_s13_T2_ctrl,158,140,162.66666666666666,-1.7693637609481812,-1.0486056824487655
UBFC_PHYS_s13_T2_ctrl,158,141,162.7,-1.9351040124893188,-1.0602547208089645
UBFC_PHYS_s13_T2_ctrl,158,142,162.73333333333332,-1.9037307500839233,-0.9797470501350003
UBFC_PHYS_s13_T2_ctrl,158,143,162.76666666666668,-1.8691941499710083,-0.8384348737201724
UBFC_PHYS_s13_T2_ctrl,158,144,162.8,-2.120457172393799,-0.6679600364910069
UBFC_PHYS_s13_T2_ctrl,158,145,162.83333333333334,-2.43174147605896,-0.492247820776036
UBFC_PHYS_s13_T2_ctrl,158,146,162.86666666666667,-2.512585163116455,-0.32379567632756306
UBFC_PHYS_s13_T2_ctrl,158,147,162.9,-1.773970365524292,-0.1643401864723419
UBFC_PHYS_s13_T2_ctrl,158,148,162.93333333333334,0.21413494646549225,-0.008714304941134888
UBFC_PHYS_s13_T2_ctrl,158,149,162.96666666666667,1.9280792474746704,0.1498308035916762
UBFC_PHYS_s13_T2_ctrl,158,150,163.0,2.614014148712158,0.31468919826113045
UBFC_PHYS_s13_T2_ctrl,158,151,163.03333333333333,2.667142152786255,0.48290330631729134
UBFC_PHYS_s13_T2_ctrl,158,152,163.06666666666666,2.3644778728485107,0.6448817965545851
UBFC_PHYS_s13_T2_ctrl,158,153,163.1,1.8551737070083618,0.7865725264671994
UBFC_PHYS_s13_T2_ctrl,158,154,163.13333333333333,1.4465137720108032,0.8929636331758446
UBFC_PHYS_s13_T2_ctrl,158,155,163.16666666666666,1.2144583463668823,0.951531173023236
UBFC_PHYS_s13_T2_ctrl,158,156,163.2,0.9892535209655762,0.9547203591644832
UBFC_PHYS_s13_T2_ctrl,158,157,163.23333333333332,0.6559804677963257,0.9012676033791154
UBFC_PHYS_s13_T2_ctrl,158,158,163.26666666666668,0.4062167704105377,0.7965633650068293
UBFC_PHYS_s13_T2_ctrl,158,159,163.3,0.31701990962028503,0.6521368221282838
UBFC_PHYS_s13_T2_ctrl,158,160,163.33333333333334,0.27462759613990784,0.4839794645508271
UBFC_PHYS_s13_T2_ctrl,158,161,163.36666666666667,0.14346683025360107,0.30940481992257207
UBFC_PHYS_s13_T2_ctrl,158,162,163.4,0.0031454835552722216,0.14278749202456809
UBFC_PHYS_s13_T2_ctrl,158,163,163.43333333333334,-0.060115110129117966,-0.008592787785188804
UBFC_PHYS_s13_T2_ctrl,158,164,163.46666666666667,-0.044555336236953735,-0.14694182619777207
UBFC_PHYS_s13_T2_ctrl,158,165,163.5,-0.019729558378458023,-0.2832599439529692
UBFC_PHYS_s13_T2_ctrl,158,166,163.53333333333333,0.007234784308820963,-0.43326220455524117
UBFC_PHYS_s13_T2_ctrl,158,167,163.56666666666666,0.08165281265974045,-0.6107788266652447
UBFC_PHYS_s13_T2_ctrl,158,168,163.6,0.20656925439834595,-0.8203819916896268
UBFC_PHYS_s13_T2_ctrl,158,169,163.63333333333333,0.3618045151233673,-1.051515692883486
UBFC_PHYS_s13_T2_ctrl,158,170,163.66666666666666,0.547615647315979,-1.276545738690288
UBFC_PHYS_s13_T2_ctrl,158,171,163.7,0.7505385279655457,-1.4544895098477615
UBFC_PHYS_s13_T2_ctrl,158,172,163.73333333333332,0.9068842530250549,-1.5405115823698814
UBFC_PHYS_s13_T2_ctrl,158,173,163.76666666666668,0.9763661026954651,-1.4991016169143143
UBFC_PHYS_s13_T2_ctrl,158,174,163.8,1.0080952644348145,-1.3170082964598195
UBFC_PHYS_s13_T2_ctrl,158,175,163.83333333333334,1.065434455871582,-1.0110695039486948
UBFC_PHYS_s13_T2_ctrl,158,176,163.86666666666667,1.155521035194397,-0.6266872650757596
UBFC_PHYS_s13_T2_ctrl,158,177,163.9,1.2388426065444946,-0.22568185681802422
UBFC_PHYS_s13_T2_ctrl,158,178,163.93333333333334,1.2402595281600952,0.13284432179643496
UBFC_PHYS_s13_T2_ctrl,158,179,163.96666666666667,1.0762557983398438,0.41104564169803387
UBFC_PHYS_s13_T2_ctrl,158,180,164.0,0.7418985962867737,0.6024507563750654
UBFC_PHYS_s13_T2_ctrl,158,181,164.03333333333333,0.3406759202480316,0.7295003124966871
UBFC_PHYS_s13_T2_ctrl,158,182,164.06666666666666,-0.02232614904642105,0.8299856861050989
UBFC_PHYS_s13_T2_ctrl,158,183,164.1,-0.31998178362846375,0.9386095096928859
UBFC_PHYS_s13_T2_ctrl,158,184,164.13333333333333,-0.5535398125648499,1.0714686411820338
UBFC_PHYS_s13_T2_ctrl,158,185,164.16666666666666,-0.7129006385803223,1.2193624423716642
UBFC_PHYS_s13_T2_ctrl,158,186,164.2,-0.7784513831138611,1.3517091623485034
UBFC_PHYS_s13_T2_ctrl,158,187,164.23333333333332,-0.7351595163345337,1.4285309424164185
UBFC_PHYS_s13_T2_ctrl,158,188,164.26666666666668,-0.5999258756637573,1.41526359511934
UBFC_PHYS_s13_T2_ctrl,158,189,164.3,-0.44096049666404724,1.2948523913592256
UBFC_PHYS_s13_T2_ctrl,158,190,164.33333333333334,-0.27859777212142944,1.0733995788501451
UBFC_PHYS_s13_T2_ctrl,158,191,164.36666666666667,-0.024866720661520958,0.778359453771647
UBFC_PHYS_s13_T2_ctrl,158,192,164.4,0.36386728286743164,0.45067916309260764
UBFC_PHYS_s13_T2_ctrl,158,193,164.43333333333334,0.8003647327423096,0.13373745159707975
UBFC_PHYS_s13_T2_ctrl,158,194,164.46666666666667,1.1696407794952393,-0.13764473805828542
UBFC_PHYS_s13_T2_ctrl,158,195,164.5,1.4051166772842407,-0.3452826753702957
UBFC_PHYS_s13_T2_ctrl,158,196,164.53333333333333,1.4227161407470703,-0.4909373118343051
UBFC_PHYS_s13_T2_ctrl,158,197,164.56666666666666,1.2583597898483276,-0.5941732374274292
UBFC_PHYS_s13_T2_ctrl,158,198,164.6,1.0647984743118286,-0.6852140408690298
UBFC_PHYS_s13_T2_ctrl,158,199,164.63333333333333,0.9638148546218872,-0.794273591957322
UBFC_PHYS_s13_T2_ctrl,158,200,164.66666666666666,0.922275960445404,-0.9397958886987297
UBFC_PHYS_s13_T2_ctrl,158,201,164.7,0.8748881816864014,-1.1188982795084774
UBFC_PHYS_s13_T2_ctrl,158,202,164.73333333333332,0.828515350818634,-1.303699390704763
UBFC_PHYS_s13_T2_ctrl,158,203,164.76666666666668,0.8707066178321838,-1.4462659601907122
UBFC_PHYS_s13_T2_ctrl,158,204,164.8,0.8862565159797668,-1.4922194948340715
UBFC_PHYS_s13_T2_ctrl,158,205,164.83333333333334,0.24788734316825867,-1.3994759715775393
UBFC_PHYS_s13_T2_ctrl,158,206,164.86666666666667,-0.8281952142715454,-1.1557044423307443
UBFC_PHYS_s13_T2_ctrl,158,207,164.9,-1.5576658248901367,-0.7872466236517282
UBFC_PHYS_s13_T2_ctrl,158,208,164.93333333333334,-1.707836389541626,-0.3543665717514823
UBFC_PHYS_s13_T2_ctrl,158,209,164.96666666666667,-1.3281311988830566,0.066967163342867
UBFC_PHYS_s13_T2_ctrl,158,210,165.0,-0.6295658946037292,0.4098310033422331
UBFC_PHYS_s13_T2_ctrl,158,211,165.03333333333333,-0.2490731030702591,0.6370270340995933
UBFC_PHYS_s13_T2_ctrl,158,212,165.06666666666666,-0.4899497330188751,0.749472095104132
UBFC_PHYS_s13_T2_ctrl,158,213,165.1,-0.9032557606697083,0.7802525802442655
UBFC_PHYS_s13_T2_ctrl,158,214,165.13333333333333,-1.0382323265075684,0.7781280258182929
UBFC_PHYS_s13_T2_ctrl,158,215,165.16666666666666,-0.967946469783783,0.7875433177747687
UBFC_PHYS_s13_T2_ctrl,158,216,165.2,-0.8382092118263245,0.8324867734683691
UBFC_PHYS_s13_T2_ctrl,158,217,165.23333333333332,-0.5958991646766663,0.9092406762677516
UBFC_PHYS_s13_T2_ctrl,158,218,165.26666666666668,-0.2523452043533325,0.9893769175838767
UBFC_PHYS_s13_T2_ctrl,158,219,165.3,0.038693733513355255,1.0309153012253458
UBFC_PHYS_s13_T2_ctrl,158,220,165.33333333333334,0.2025623321533203,0.9935625086223905
UBFC_PHYS_s13_T2_ctrl,158,221,165.36666666666667,0.2658328115940094,0.8533326664485374
UBFC_PHYS_s13_T2_ctrl,158,222,165.4,0.25309041142463684,0.6121997859908753
UBFC_PHYS_s13_T2_ctrl,158,223,165.43333333333334,0.17197000980377197,0.29986571774620285
UBFC_PHYS_s13_T2_ctrl,158,224,165.46666666666667,0.06780322641134262,-0.03282089688440164
UBFC_PHYS_s13_T2_ctrl,158,225,165.5,-0.0007988299475982785,-0.32679129424789993
UBFC_PHYS_s13_T2_ctrl,158,226,165.53333333333333,0.02787899784743786,-0.5304977725787867
UBFC_PHYS_s13_T2_ctrl,158,227,165.56666666666666,0.1937279850244522,-0.6143063317155409
UBFC_PHYS_s13_T2_ctrl,158,228,165.6,0.4723705053329468,-0.5793607185775015
UBFC_PHYS_s13_T2_ctrl,158,229,165.63333333333333,0.7259170413017273,-0.45759767377837596
UBFC_PHYS_s13_T2_ctrl,158,230,165.66666666666666,0.8472120761871338,-0.3017706606215343
UBFC_PHYS_s13_T2_ctrl,158,231,165.7,0.8382624387741089,-0.1678839319215356
UBFC_PHYS_s13_T2_ctrl,158,232,165.73333333333332,0.7629777789115906,-0.09623617361557965
UBFC_PHYS_s13_T2_ctrl,158,233,165.76666666666668,0.6324365139007568,-0.09874395404792588
UBFC_PHYS_s13_T2_ctrl,158,234,165.8,0.41611215472221375,-0.15768691927939518
UBFC_PHYS_s13_T2_ctrl,158,235,165.83333333333334,0.06708158552646637,-0.23588360034155612
UBFC_PHYS_s13_T2_ctrl,158,236,165.86666666666667,-0.31889766454696655,-0.293436701183214
UBFC_PHYS_s13_T2_ctrl,158,237,165.9,-0.4100683033466339,-0.3038394226126731
UBFC_PHYS_s13_T2_ctrl,158,238,165.93333333333334,-0.23710834980010986,-0.26324235315242817
UBFC_PHYS_s13_T2_ctrl,158,239,165.96666666666667,-0.02762806974351406,-0.1901043320347661
UBFC_PHYS_s13_T2_ctrl,159,0,159.0,-0.02961505576968193,0.17040857287909242
UBFC_PHYS_s13_T2_ctrl,159,1,159.03333333333333,-0.545727014541626,0.0056021138506600725
UBFC_PHYS_s13_T2_ctrl,159,2,159.06666666666666,-0.978148341178894,-0.14075889035476896
UBFC_PHYS_s13_T2_ctrl,159,3,159.1,-1.2032707929611206,-0.25309829222274494
UBFC_PHYS_s13_T2_ctrl,159,4,159.13333333333333,-1.1552832126617432,-0.3259470048103178
UBFC_PHYS_s13_T2_ctrl,159,5,159.16666666666666,-0.8345581889152527,-0.36496754819393007
UBFC_PHYS_s13_T2_ctrl,159,6,159.2,-0.34429022669792175,-0.3839933969562917
UBFC_PHYS_s13_T2_ctrl,159,7,159.23333333333332,0.1415095031261444,-0.39891606806920615
UBFC_PHYS_s13_T2_ctrl,159,8,159.26666666666668,0.4687754809856415,-0.42064181411172796
UBFC_PHYS_s13_T2_ctrl,159,9,159.3,0.6216810941696167,-0.44993628556802273
UBFC_PHYS_s13_T2_ctrl,159,10,159.33333333333334,0.6997205018997192,-0.47671260374591656
UBFC_PHYS_s13_T2_ctrl,159,11,159.36666666666667,0.7495400905609131,-0.48486487788723803
UBFC_PHYS_s13_T2_ctrl,159,12,159.4,0.7353741526603699,-0.46120782043463543
UBFC_PHYS_s13_T2_ctrl,159,13,159.43333333333334,0.6516242623329163,-0.40459229038870426
UBFC_PHYS_s13_T2_ctrl,159,14,159.46666666666667,0.5599296689033508,-0.33033493956956506
UBFC_PHYS_s13_T2_ctrl,159,15,159.5,0.5082054138183594,-0.2667319556529247
UBFC_PHYS_s13_T2_ctrl,159,16,159.53333333333333,0.4901643991470337,-0.24426512612727866
UBFC_PHYS_s13_T2_ctrl,159,17,159.56666666666666,0.4820088744163513,-0.28201280021713526
UBFC_PHYS_s13_T2_ctrl,159,18,159.6,0.4830073118209839,-0.3774166848168338
UBFC_PHYS_s13_T2_ctrl,159,19,159.63333333333333,0.5007023215293884,-0.5040937691332907
UBFC_PHYS_s13_T2_ctrl,159,20,159.66666666666666,0.5380102396011353,-0.6187118441871837
UBFC_PHYS_s13_T2_ctrl,159,21,159.7,0.6036795973777771,-0.6743435136940602
UBFC_PHYS_s13_T2_ctrl,159,22,159.73333333333332,0.7064953446388245,-0.6358896943787131
UBFC_PHYS_s13_T2_ctrl,159,23,159.76666666666668,0.9112470746040344,-0.49261464663524485
UBFC_PHYS_s13_T2_ctrl,159,24,159.8,1.2534533739089966,-0.26293374694629
UBFC_PHYS_s13_T2_ctrl,159,25,159.83333333333334,1.5685569047927856,0.011399934196010361
UBFC_PHYS_s13_T2_ctrl,159,26,159.86666666666667,1.5693378448486328,0.28005218852756486
UBFC_PHYS_s13_T2_ctrl,159,27,159.9,1.218577265739441,0.501597358960787
UBFC_PHYS_s13_T2_ctrl,159,28,159.93333333333334,0.7944598197937012,0.6560491471028009
UBFC_PHYS_s13_T2_ctrl,159,29,159.96666666666667,0.5933294296264648,0.7473100906175507
UBFC_PHYS_s13_T2_ctrl,159,30,160.0,0.5475991368293762,0.7956549088812022
UBFC_PHYS_s13_T2_ctrl,159,31,160.03333333333333,0.3289286494255066,0.8250826511705412
UBFC_PHYS_s13_T2_ctrl,159,32,160.06666666666666,-0.21377527713775635,0.8519039057022266
UBFC_PHYS_s13_T2_ctrl,159,33,160.1,-0.910254716873169,0.8792148221341021
UBFC_PHYS_s13_T2_ctrl,159,34,160.13333333333333,-1.2827699184417725,0.8985198162484703
UBFC_PHYS_s13_T2_ctrl,159,35,160.16666666666666,-1.2488428354263306,0.89641382302284
UBFC_PHYS_s13_T2_ctrl,159,36,160.2,-0.973838210105896,0.8623069026171207
UBFC_PHYS_s13_T2_ctrl,159,37,160.23333333333332,-0.5953126549720764,0.793426503445134
UBFC_PHYS_s13_T2_ctrl,159,38,160.26666666666668,-0.2542300224304199,0.6954472735709971
UBFC_PHYS_s13_T2_ctrl,159,39,160.3,-0.028310170397162437,0.5795583251713876
UBFC_PHYS_s13_T2_ctrl,159,40,160.33333333333334,0.1483733206987381,0.4581042333730217
UBFC_PHYS_s13_T2_ctrl,159,41,160.36666666666667,0.3222064971923828,0.34085963359498905
UBFC_PHYS_s13_T2_ctrl,159,42,160.4,0.45718637108802795,0.23306969689337537
UBFC_PHYS_s13_T2_ctrl,159,43,160.43333333333334,0.48957785964012146,0.1353123335277028
UBFC_PHYS_s13_T2_ctrl,159,44,160.46666666666667,0.45378246903419495,0.04454968020892507
UBFC_PHYS_s13_T2_ctrl,159,45,160.5,0.4199773669242859,-0.04439957224023612
UBFC_PHYS_s13_T2_ctrl,159,46,160.53333333333333,0.4161912202835083,-0.13747826794094176
UBFC_PHYS_s13_T2_ctrl,159,47,160.56666666666666,0.3762933611869812,-0.24028107454011333
UBFC_PHYS_s13_T2_ctrl,159,48,160.6,0.2516866624355316,-0.357236244720861
UBFC_PHYS_s13_T2_ctrl,159,49,160.63333333333333,0.10962876677513123,-0.49106986464046015
UBFC_PHYS_s13_T2_ctrl,159,50,160.66666666666666,0.00447343522682786,-0.642505463564073
UBFC_PHYS_s13_T2_ctrl,159,51,160.7,-0.06139693036675453,-0.8100545401588123
UBFC_PHYS_s13_T2_ctrl,159,52,160.73333333333332,-0.1234317198395729,-0.9896730135945249
UBFC_PHYS_s13_T2_ctrl,159,53,160.76666666666668,-0.21675081551074982,-1.174166348391494
UBFC_PHYS_s13_T2_ctrl,159,54,160.8,-0.31687772274017334,-1.3525389672548964
UBFC_PHYS_s13_T2_ctrl,159,55,160.83333333333334,-0.3012849986553192,-1.509675428469328
UBFC_PHYS_s13_T2_ctrl,159,56,160.86666666666667,-0.08035731315612793,-1.6265964967863946
UBFC_PHYS_s13_T2_ctrl,159,57,160.9,0.22659726440906525,-1.681357058396178
UBFC_PHYS_s13_T2_ctrl,159,58,160.93333333333334,0.37641197443008423,-1.6507990644779365
UBFC_PHYS_s13_T2_ctrl,159,59,160.96666666666667,0.2935418486595154,-1.5137534094370346
UBFC_PHYS_s13_T2_ctrl,159,60,161.0,0.10621168464422226,-1.2563688257888295
UBFC_PHYS_s13_T2_ctrl,159,61,161.03333333333333,-0.05083262920379639,-0.8792691780556654
UBFC_PHYS_s13_T2_ctrl,159,62,161.06666666666666,-0.1395220160484314,-0.4041586978565248
UBFC_PHYS_s13_T2_ctrl,159,63,161.1,-0.16887205839157104,0.12433377737937411
UBFC_PHYS_s13_T2_ctrl,159,64,161.13333333333333,-0.17740324139595032,0.6454320742636822
UBFC_PHYS_s13_T2_ctrl,159,65,161.16666666666666,-0.20368218421936035,1.0976330579358367
UBFC_PHYS_s13_T2_ctrl,159,66,161.2,-0.25599294900894165,1.4368242670108438
UBFC_PHYS_s13_T2_ctrl,159,67,161.23333333333332,-0.32372838258743286,1.648117737677703
UBFC_PHYS_s13_T2_ctrl,159,68,161.26666666666668,-0.39380666613578796,1.7457426896005808
UBFC_PHYS_s13_T2_ctrl,159,69,161.3,-0.4514687657356262,1.7620173728730668
UBFC_PHYS_s13_T2_ctrl,159,70,161.33333333333334,-0.48591315746307373,1.731395700285851
UBFC_PHYS_s13_T2_ctrl,159,71,161.36666666666667,-0.49138641357421875,1.6768455663628943
UBFC_PHYS_s13_T2_ctrl,159,72,161.4,-0.4746305048465729,1.6037820902954465
UBFC_PHYS_s13_T2_ctrl,159,73,161.43333333333334,-0.461492657661438,1.5028087938790575
UBFC_PHYS_s13_T2_ctrl,159,74,161.46666666666667,-0.46932199597358704,1.3585023792124005
UBFC_PHYS_s13_T2_ctrl,159,75,161.5,-0.48508936166763306,1.1593680821705536
UBFC_PHYS_s13_T2_ctrl,159,76,161.53333333333333,-0.4962467849254608,0.9047238279712435
UBFC_PHYS_s13_T2_ctrl,159,77,161.56666666666666,-0.5162319540977478,0.6065459195852906
UBFC_PHYS_s13_T2_ctrl,159,78,161.6,-0.5545349717140198,0.28656209124687615
UBFC_PHYS_s13_T2_ctrl,159,79,161.63333333333333,-0.5915924310684204,-0.029651378625467146
UBFC_PHYS_s13_T2_ctrl,159,80,161.66666666666666,-0.5853447914123535,-0.31920968933784294
UBFC_PHYS_s13_T2_ctrl,159,81,161.7,-0.5045440196990967,-0.566922352133557
UBFC_PHYS_s13_T2_ctrl,159,82,161.73333333333332,-0.3594776391983032,-0.7673647383855551
UBFC_PHYS_s13_T2_ctrl,159,83,161.76666666666668,-0.1903993785381317,-0.9237260576032532
UBFC_PHYS_s13_T2_ctrl,159,84,161.8,-0.0424167737364769,-1.04422048946713
UBFC_PHYS_s13_T2_ctrl,159,85,161.83333333333334,0.03866077959537506,-1.1374999113860806
UBFC_PHYS_s13_T2_ctrl,159,86,161.86666666666667,0.028350207954645157,-1.208559748803508
UBFC_PHYS_s13_T2_ctrl,159,87,161.9,-0.04691467434167862,-1.2563628674660121
UBFC_PHYS_s13_T2_ctrl,159,88,161.93333333333334,-0.1411893665790558,-1.274035956215213
UBFC_PHYS_s13_T2_ctrl,159,89,161.96666666666667,-0.2231302559375763,-1.251731593068408
UBFC_PHYS_s13_T2_ctrl,159,90,162.0,-0.26711413264274597,-1.1810377234707135
UBFC_PHYS_s13_T2_ctrl,159,91,162.03333333333333,-0.26906487345695496,-1.0589768538261628
UBFC_PHYS_s13_T2_ctrl,159,92,162.06666666666666,-0.2532678544521332,-0.8899063230051121
UBFC_PHYS_s13_T2_ctrl,159,93,162.1,-0.23904921114444733,-0.6846935822900645
UBFC_PHYS_s13_T2_ctrl,159,94,162.13333333333333,-0.2186521291732788,-0.4576654818017648
UBFC_PHYS_s13_T2_ctrl,159,95,162.16666666666666,-0.18699218332767487,-0.22263718696518792
UBFC_PHYS_s13_T2_ctrl,159,96,162.2,-0.1550620198249817,0.010301193402861017
UBFC_PHYS_s13_T2_ctrl,159,97,162.23333333333332,-0.14098836481571198,0.23566497512879192
UBFC_PHYS_s13_T2_ctrl,159,98,162.26666666666668,-0.13484947383403778,0.45024720606429275
UBFC_PHYS_s13_T2_ctrl,159,99,162.3,-0.1333238035440445,0.6482648743364987
UBFC_PHYS_s13_T2_ctrl,159,100,162.33333333333334,-0.16249261796474457,0.8166793183436478
UBFC_PHYS_s13_T2_ctrl,159,101,162.36666666666667,-0.26895612478256226,0.9342834518314377
UBFC_PHYS_s13_T2_ctrl,159,102,162.4,-0.4330421984195709,0.976671964307147
UBFC_PHYS_s13_T2_ctrl,159,103,162.43333333333334,-0.5797364115715027,0.9259492715673596
UBFC_PHYS_s13_T2_ctrl,159,104,162.46666666666667,-0.6888030767440796,0.7808369337348496
UBFC_PHYS_s13_T2_ctrl,159,105,162.5,-0.8371613621711731,0.5618028599779151
UBFC_PHYS_s13_T2_ctrl,159,106,162.53333333333333,-1.0675758123397827,0.30789429386508255
UBFC_PHYS_s13_T2_ctrl,159,107,162.56666666666666,-1.2559901475906372,0.0659106152036076
UBFC_PHYS_s13_T2_ctrl,159,108,162.6,-1.3685067892074585,-0.1238044318425577
UBFC_PHYS_s13_T2_ctrl,159,109,162.63333333333333,-1.5087029933929443,-0.23907333234746844
UBFC_PHYS_s13_T2_ctrl,159,110,162.66666666666666,-1.7693637609481812,-0.2803507723468384
UBFC_PHYS_s13_T2_ctrl,159,111,162.7,-1.9351040124893188,-0.2664313445554984
UBFC_PHYS_s13_T2_ctrl,159,112,162.73333333333332,-1.9037307500839233,-0.22372259181300516
UBFC_PHYS_s13_T2_ctrl,159,113,162.76666666666668,-1.8691941499710083,-0.17412966023187978
UBFC_PHYS_s13_T2_ctrl,159,114,162.8,-2.120457172393799,-0.1269665091726655
UBFC_PHYS_s13_T2_ctrl,159,115,162.83333333333334,-2.43174147605896,-0.07813092314674261
UBFC_PHYS_s13_T2_ctrl,159,116,162.86666666666667,-2.512585163116455,-0.016089704851545997
UBFC_PHYS_s13_T2_ctrl,159,117,162.9,-1.773970365524292,0.0689079353013386
UBFC_PHYS_s13_T2_ctrl,159,118,162.93333333333334,0.21413494646549225,0.17692166143889848
UBFC_PHYS_s13_T2_ctrl,159,119,162.96666666666667,1.9280792474746704,0.2951863382405907
UBFC_PHYS_s13_T2_ctrl,159,120,163.0,2.614014148712158,0.40111698265325363
UBFC_PHYS_s13_T2_ctrl,159,121,163.03333333333333,2.667142152786255,0.470266470177937
UBFC_PHYS_s13_T2_ctrl,159,122,163.06666666666666,2.3644778728485107,0.4857652196205809
UBFC_PHYS_s13_T2_ctrl,159,123,163.1,1.8551737070083618,0.44503347417194594
UBFC_PHYS_s13_T2_ctrl,159,124,163.13333333333333,1.4465137720108032,0.36100571954088917
UBFC_PHYS_s13_T2_ctrl,159,125,163.16666666666666,1.2144583463668823,0.2576926501918493
UBFC_PHYS_s13_T2_ctrl,159,126,163.2,0.9892535209655762,0.16208783131997023
UBFC_PHYS_s13_T2_ctrl,159,127,163.23333333333332,0.6559804677963257,0.09550335974542348
UBFC_PHYS_s13_T2_ctrl,159,128,163.26666666666668,0.4062167704105377,0.0673180438088215
UBFC_PHYS_s13_T2_ctrl,159,129,163.3,0.31701990962028503,0.07297415195038712
UBFC_PHYS_s13_T2_ctrl,159,130,163.33333333333334,0.27462759613990784,0.09632039640968061
UBFC_PHYS_s13_T2_ctrl,159,131,163.36666666666667,0.14346683025360107,0.11492037795311813
UBFC_PHYS_s13_T2_ctrl,159,132,163.4,0.0031454835552722216,0.10635908508931363
UBFC_PHYS_s13_T2_ctrl,159,133,163.43333333333334,-0.060115110129117966,0.053774350398260784
UBFC_PHYS_s13_T2_ctrl,159,134,163.46666666666667,-0.044555336236953735,-0.05062073999879299
UBFC_PHYS_s13_T2_ctrl,159,135,163.5,-0.019729558378458023,-0.20463620102211694
UBFC_PHYS_s13_T2_ctrl,159,136,163.53333333333333,0.007234784308820963,-0.39776721623552636
UBFC_PHYS_s13_T2_ctrl,159,137,163.56666666666666,0.08165281265974045,-0.6145437683196363
UBFC_PHYS_s13_T2_ctrl,159,138,163.6,0.20656925439834595,-0.8378874252093821
UBFC_PHYS_s13_T2_ctrl,159,139,163.63333333333333,0.3618045151233673,-1.0507226114066164
UBFC_PHYS_s13_T2_ctrl,159,140,163.66666666666666,0.547615647315979,-1.235206283163553
UBFC_PHYS_s13_T2_ctrl,159,141,163.7,0.7505385279655457,-1.370684614018634
UBFC_PHYS_s13_T2_ctrl,159,142,163.73333333333332,0.9068842530250549,-1.4327841645256822
UBFC_PHYS_s13_T2_ctrl,159,143,163.76666666666668,0.9763661026954651,-1.3960193035490907
UBFC_PHYS_s13_T2_ctrl,159,144,163.8,1.0080952644348145,-1.2406655092241408
UBFC_PHYS_s13_T2_ctrl,159,145,163.83333333333334,1.065434455871582,-0.9619563696825983
UBFC_PHYS_s13_T2_ctrl,159,146,163.86666666666667,1.155521035194397,-0.5772575820493634
UBFC_PHYS_s13_T2_ctrl,159,147,163.9,1.2388426065444946,-0.1265598637559387
UBFC_PHYS_s13_T2_ctrl,159,148,163.93333333333334,1.2402595281600952,0.3356991471418118
UBFC_PHYS_s13_T2_ctrl,159,149,163.96666666666667,1.0762557983398438,0.7549863792661887
UBFC_PHYS_s13_T2_ctrl,159,150,164.0,0.7418985962867737,1.0909787615584976
UBFC_PHYS_s13_T2_ctrl,159,151,164.03333333333333,0.3406759202480316,1.3254757045338168
UBFC_PHYS_s13_T2_ctrl,159,152,164.06666666666666,-0.02232614904642105,1.461576910305346
UBFC_PHYS_s13_T2_ctrl,159,153,164.1,-0.31998178362846375,1.5164493496886104
UBFC_PHYS_s13_T2_ctrl,159,154,164.13333333333333,-0.5535398125648499,1.5118329737816902
UBFC_PHYS_s13_T2_ctrl,159,155,164.16666666666666,-0.7129006385803223,1.4658097845628535
UBFC_PHYS_s13_T2_ctrl,159,156,164.2,-0.7784513831138611,1.3881514394277084
UBFC_PHYS_s13_T2_ctrl,159,157,164.23333333333332,-0.7351595163345337,1.2801860916090437
UBFC_PHYS_s13_T2_ctrl,159,158,164.26666666666668,-0.5999258756637573,1.1384672486893623
UBFC_PHYS_s13_T2_ctrl,159,159,164.3,-0.44096049666404724,0.9601524971911174
UBFC_PHYS_s13_T2_ctrl,159,160,164.33333333333334,-0.27859777212142944,0.7475810982929436
UBFC_PHYS_s13_T2_ctrl,159,161,164.36666666666667,-0.024866720661520958,0.5101899216458731
UBFC_PHYS_s13_T2_ctrl,159,162,164.4,0.36386728286743164,0.26322157232795756
UBFC_PHYS_s13_T2_ctrl,159,163,164.43333333333334,0.8003647327423096,0.023927479348868862
UBFC_PHYS_s13_T2_ctrl,159,164,164.46666666666667,1.1696407794952393,-0.19337193138980338
UBFC_PHYS_s13_T2_ctrl,159,165,164.5,1.4051166772842407,-0.3818322131892245
UBFC_PHYS_s13_T2_ctrl,159,166,164.53333333333333,1.4227161407470703,-0.5447243557425502
UBFC_PHYS_s13_T2_ctrl,159,167,164.56666666666666,1.2583597898483276,-0.6949230445674174
UBFC_PHYS_s13_T2_ctrl,159,168,164.6,1.0647984743118286,-0.8506726086326709
UBFC_PHYS_s13_T2_ctrl,159,169,164.63333333333333,0.9638148546218872,-1.0281683235893448
UBFC_PHYS_s13_T2_ctrl,159,170,164.66666666666666,0.922275960445404,-1.232810819252315
UBFC_PHYS_s13_T2_ctrl,159,171,164.7,0.8748881816864014,-1.4520364215693602
UBFC_PHYS_s13_T2_ctrl,159,172,164.73333333333332,0.828515350818634,-1.65287211336671
UBFC_PHYS_s13_T2_ctrl,159,173,164.76666666666668,0.8707066178321838,-1.7865319299137354
UBFC_PHYS_s13_T2_ctrl,159,174,164.8,0.8862565159797668,-1.8004414802343307
UBFC_PHYS_s13_T2_ctrl,159,175,164.83333333333334,0.24788734316825867,-1.65528737231794
UBFC_PHYS_s13_T2_ctrl,159,176,164.86666666666667,-0.8281952142715454,-1.3417741718259317
UBFC_PHYS_s13_T2_ctrl,159,177,164.9,-1.5576658248901367,-0.8900289277589595
UBFC_PHYS_s13_T2_ctrl,159,178,164.93333333333334,-1.707836389541626,-0.3656109340758621
UBFC_PHYS_s13_T2_ctrl,159,179,164.96666666666667,-1.3281311988830566,0.14882625793864712
UBFC_PHYS_s13_T2_ctrl,159,180,165.0,-0.6295658946037292,0.5794355328799885
UBFC_PHYS_s13_T2_ctrl,159,181,165.03333333333333,-0.2490731030702591,0.8830802348685313
UBFC_PHYS_s13_T2_ctrl,159,182,165.06666666666666,-0.4899497330188751,1.0560514147452646
UBFC_PHYS_s13_T2_ctrl,159,183,165.1,-0.9032557606697083,1.1274672992761823
UBFC_PHYS_s13_T2_ctrl,159,184,165.13333333333333,-1.0382323265075684,1.1419175842279954
UBFC_PHYS_s13_T2_ctrl,159,185,165.16666666666666,-0.967946469783783,1.1394699403481017
UBFC_PHYS_s13_T2_ctrl,159,186,165.2,-0.8382092118263245,1.1409967793346487
UBFC_PHYS_s13_T2_ctrl,159,187,165.23333333333332,-0.5958991646766663,1.14362431762279
UBFC_PHYS_s13_T2_ctrl,159,188,165.26666666666668,-0.2523452043533325,1.126551486256712
UBFC_PHYS_s13_T2_ctrl,159,189,165.3,0.038693733513355255,1.0634803684339904
UBFC_PHYS_s13_T2_ctrl,159,190,165.33333333333334,0.2025623321533203,0.9359332370407858
UBFC_PHYS_s13_T2_ctrl,159,191,165.36666666666667,0.2658328115940094,0.742220531867791
UBFC_PHYS_s13_T2_ctrl,159,192,165.4,0.25309041142463684,0.49921863593585597
UBFC_PHYS_s13_T2_ctrl,159,193,165.43333333333334,0.17197000980377197,0.2372379784012998
UBFC_PHYS_s13_T2_ctrl,159,194,165.46666666666667,0.06780322641134262,-0.009207707551704494
UBFC_PHYS_s13_T2_ctrl,159,195,165.5,-0.0007988299475982785,-0.21096763085776316
UBFC_PHYS_s13_T2_ctrl,159,196,165.53333333333333,0.02787899784743786,-0.35116665303014705
UBFC_PHYS_s13_T2_ctrl,159,197,165.56666666666666,0.1937279850244522,-0.4280512966982286
UBFC_PHYS_s13_T2_ctrl,159,198,165.6,0.4723705053329468,-0.4536690965383481
UBFC_PHYS_s13_T2_ctrl,159,199,165.63333333333333,0.7259170413017273,-0.44904022032743934
UBFC_PHYS_s13_T2_ctrl,159,200,165.66666666666666,0.8472120761871338,-0.43698170610972153
UBFC_PHYS_s13_T2_ctrl,159,201,165.7,0.8382624387741089,-0.4344338782308485
UBFC_PHYS_s13_T2_ctrl,159,202,165.73333333333332,0.7629777789115906,-0.44693126210598866
UBFC_PHYS_s13_T2_ctrl,159,203,165.76666666666668,0.6324365139007568,-0.46773217201832257
UBFC_PHYS_s13_T2_ctrl,159,204,165.8,0.41611215472221375,-0.482356031463935
UBFC_PHYS_s13_T2_ctrl,159,205,165.83333333333334,0.06708158552646637,-0.4766607196210747
UBFC_PHYS_s13_T2_ctrl,159,206,165.86666666666667,-0.31889766454696655,-0.4446562318162909
UBFC_PHYS_s13_T2_ctrl,159,207,165.9,-0.4100683033466339,-0.3922162091991844
UBFC_PHYS_s13_T2_ctrl,159,208,165.93333333333334,-0.23710834980010986,-0.33488986385276415
UBFC_PHYS_s13_T2_ctrl,159,209,165.96666666666667,-0.02762806974351406,-0.2908685406475159
UBFC_PHYS_s13_T2_ctrl,159,210,166.0,0.10705194622278214,-0.27225326513747283
UBFC_PHYS_s13_T2_ctrl,159,211,166.03333333333333,0.11455503851175308,-0.2784303198867002
UBFC_PHYS_s13_T2_ctrl,159,212,166.06666666666666,0.020468169823288918,-0.294561792150003
UBFC_PHYS_s13_T2_ctrl,159,213,166.1,-0.04891154542565346,-0.2961158646065153
UBFC_PHYS_s13_T2_ctrl,159,214,166.13333333333333,-0.010588767938315868,-0.2577037614665544
UBFC_PHYS_s13_T2_ctrl,159,215,166.16666666666666,0.12903070449829102,-0.16267670880528096
UBFC_PHYS_s13_T2_ctrl,159,216,166.2,0.3097441792488098,-0.00991744042890313
UBFC_PHYS_s13_T2_ctrl,159,217,166.23333333333332,0.4650914967060089,0.1845122567968317
UBFC_PHYS_s13_T2_ctrl,159,218,166.26666666666668,0.5398390293121338,0.39160002956327244
UBFC_PHYS_s13_T2_ctrl,159,219,166.3,0.5543608069419861,0.5782128368873742
UBFC_PHYS_s13_T2_ctrl,159,220,166.33333333333334,0.5486536026000977,0.7170864403539602
UBFC_PHYS_s13_T2_ctrl,159,221,166.36666666666667,0.5439975261688232,0.7937600124925952
UBFC_PHYS_s13_T2_ctrl,159,222,166.4,0.5698909163475037,0.8078977659457719
UBFC_PHYS_s13_T2_ctrl,159,223,166.43333333333334,0.6590449213981628,0.7693197560175996
UBFC_PHYS_s13_T2_ctrl,159,224,166.46666666666667,0.8120394945144653,0.6912793883658324
UBFC_PHYS_s13_T2_ctrl,159,225,166.5,1.0068793296813965,0.5842835101022612
UBFC_PHYS_s13_T2_ctrl,159,226,166.53333333333333,1.1783169507980347,0.4530947844962794
UBFC_PHYS_s13_T2_ctrl,159,227,166.56666666666666,1.2204258441925049,0.2978196553171874
UBFC_PHYS_s13_T2_ctrl,159,228,166.6,1.103263020515442,0.11791465377462733
UBFC_PHYS_s13_T2_ctrl,159,229,166.63333333333333,0.9095335602760315,-0.08327765905835768
UBFC_PHYS_s13_T2_ctrl,159,230,166.66666666666666,0.7109899520874023,-0.2955800007961077
UBFC_PHYS_s13_T2_ctrl,159,231,166.7,0.49504783749580383,-0.5016486827892309
UBFC_PHYS_s13_T2_ctrl,159,232,166.73333333333332,0.24466466903686523,-0.6793375346429511
UBFC_PHYS_s13_T2_ctrl,159,233,166.76666666666668,-0.0037084612995386124,-0.8061455034529055
UBFC_PHYS_s13_T2_ctrl,159,234,166.8,-0.19851866364479065,-0.8644947189578728
UBFC_PHYS_s13_T2_ctrl,159,235,166.83333333333334,-0.3199026882648468,-0.846088672266029
UBFC_PHYS_s13_T2_ctrl,159,236,166.86666666666667,-0.3765169382095337,-0.7536276226371978
UBFC_PHYS_s13_T2_ctrl,159,237,166.9,-0.3844747543334961,-0.5991832233181782
UBFC_PHYS_s13_T2_ctrl,159,238,166.93333333333334,-0.36275631189346313,-0.4003618288596365
UBFC_PHYS_s13_T2_ctrl,159,239,166.96666666666667,-0.349931538105011,-0.17663626012286995
UBFC_PHYS_s13_T2_ctrl,160,0,160.0,0.5475991368293762,0.08901049153350411
UBFC_PHYS_s13_T2_ctrl,160,1,160.03333333333333,0.3289286494255066,0.3281611285916924
UBFC_PHYS_s13_T2_ctrl,160,2,160.06666666666666,-0.21377527713775635,0.5369107352604747
UBFC_PHYS_s13_T2_ctrl,160,3,160.1,-0.910254716873169,0.690981895905504
UBFC_PHYS_s13_T2_ctrl,160,4,160.13333333333333,-1.2827699184417725,0.7773853949276768
UBFC_PHYS_s13_T2_ctrl,160,5,160.16666666666666,-1.2488428354263306,0.7959000651132074
UBFC_PHYS_s13_T2_ctrl,160,6,160.2,-0.973838210105896,0.7570849287590808
UBFC_PHYS_s13_T2_ctrl,160,7,160.23333333333332,-0.5953126549720764,0.6779407069604397
UBFC_PHYS_s13_T2_ctrl,160,8,160.26666666666668,-0.2542300224304199,0.5769774904798678
UBFC_PHYS_s13_T2_ctrl,160,9,160.3,-0.028310170397162437,0.47019741619817773
UBFC_PHYS_s13_T2_ctrl,160,10,160.33333333333334,0.1483733206987381,0.36875191973022564
UBFC_PHYS_s13_T2_ctrl,160,11,160.36666666666667,0.3222064971923828,0.2783047658881601
UBFC_PHYS_s13_T2_ctrl,160,12,160.4,0.45718637108802795,0.1997525626080006
UBFC_PHYS_s13_T2_ctrl,160,13,160.43333333333334,0.48957785964012146,0.13083269364729572
UBFC_PHYS_s13_T2_ctrl,160,14,160.46666666666667,0.45378246903419495,0.06806325385155236
UBFC_PHYS_s13_T2_ctrl,160,15,160.5,0.4199773669242859,0.008389556151723527
UBFC_PHYS_s13_T2_ctrl,160,16,160.53333333333333,0.4161912202835083,-0.050025598831580115
UBFC_PHYS_s13_T2_ctrl,160,17,160.56666666666666,0.3762933611869812,-0.10811910240702013
UBFC_PHYS_s13_T2_ctrl,160,18,160.6,0.2516866624355316,-0.16708847895527765
UBFC_PHYS_s13_T2_ctrl,160,19,160.63333333333333,0.10962876677513123,-0.22972599438291258
UBFC_PHYS_s13_T2_ctrl,160,20,160.66666666666666,0.00447343522682786,-0.3012144817321811
UBFC_PHYS_s13_T2_ctrl,160,21,160.7,-0.06139693036675453,-0.3889006234600063
UBFC_PHYS_s13_T2_ctrl,160,22,160.73333333333332,-0.1234317198395729,-0.5008459504542272
UBFC_PHYS_s13_T2_ctrl,160,23,160.76666666666668,-0.21675081551074982,-0.6432466214358417
UBFC_PHYS_s13_T2_ctrl,160,24,160.8,-0.31687772274017334,-0.8171261566176325
UBFC_PHYS_s13_T2_ctrl,160,25,160.83333333333334,-0.3012849986553192,-1.014994591628785
UBFC_PHYS_s13_T2_ctrl,160,26,160.86666666666667,-0.08035731315612793,-1.2183607836878179
UBFC_PHYS_s13_T2_ctrl,160,27,160.9,0.22659726440906525,-1.3970386420567384
UBFC_PHYS_s13_T2_ctrl,160,28,160.93333333333334,0.37641197443008423,-1.5111596808464676
UBFC_PHYS_s13_T2_ctrl,160,29,160.96666666666667,0.2935418486595154,-1.5168870481436991
UBFC_PHYS_s13_T2_ctrl,160,30,161.0,0.10621168464422226,-1.3766281656132648
UBFC_PHYS_s13_T2_ctrl,160,31,161.03333333333333,-0.05083262920379639,-1.0726669383390448
UBFC_PHYS_s13_T2_ctrl,160,32,161.06666666666666,-0.1395220160484314,-0.6194888316542245
UBFC_PHYS_s13_T2_ctrl,160,33,161.1,-0.16887205839157104,-0.06765625610475755
UBFC_PHYS_s13_T2_ctrl,160,34,161.13333333333333,-0.17740324139595032,0.5059003289485045
UBFC_PHYS_s13_T2_ctrl,160,35,161.16666666666666,-0.20368218421936035,1.0196558921880279
UBFC_PHYS_s13_T2_ctrl,160,36,161.2,-0.25599294900894165,1.4119689281946424
UBFC_PHYS_s13_T2_ctrl,160,37,161.23333333333332,-0.32372838258743286,1.6562832634837017
UBFC_PHYS_s13_T2_ctrl,160,38,161.26666666666668,-0.39380666613578796,1.7608550930701055
UBFC_PHYS_s13_T2_ctrl,160,39,161.3,-0.4514687657356262,1.755913929690282
UBFC_PHYS_s13_T2_ctrl,160,40,161.33333333333334,-0.48591315746307373,1.6765986731090865
UBFC_PHYS_s13_T2_ctrl,160,41,161.36666666666667,-0.49138641357421875,1.5498351355671118
UBFC_PHYS_s13_T2_ctrl,160,42,161.4,-0.4746305048465729,1.3893866042251528
UBFC_PHYS_s13_T2_ctrl,160,43,161.43333333333334,-0.461492657661438,1.1985676602479742
UBFC_PHYS_s13_T2_ctrl,160,44,161.46666666666667,-0.46932199597358704,0.9770468575612284
UBFC_PHYS_s13_T2_ctrl,160,45,161.5,-0.48508936166763306,0.7275670505339275
UBFC_PHYS_s13_T2_ctrl,160,46,161.53333333333333,-0.4962467849254608,0.45970388432958725
UBFC_PHYS_s13_T2_ctrl,160,47,161.56666666666666,-0.5162319540977478,0.1897924759923147
UBFC_PHYS_s13_T2_ctrl,160,48,161.6,-0.5545349717140198,-0.06220712047273104
UBFC_PHYS_s13_T2_ctrl,160,49,161.63333333333333,-0.5915924310684204,-0.2773223203444115
UBFC_PHYS_s13_T2_ctrl,160,50,161.66666666666666,-0.5853447914123535,-0.44203314135421096
UBFC_PHYS_s13_T2_ctrl,160,51,161.7,-0.5045440196990967,-0.5514183284204364
UBFC_PHYS_s13_T2_ctrl,160,52,161.73333333333332,-0.3594776391983032,-0.6103979536305079
UBFC_PHYS_s13_T2_ctrl,160,53,161.76666666666668,-0.1903993785381317,-0.6328817707147878
UBFC_PHYS_s13_T2_ctrl,160,54,161.8,-0.0424167737364769,-0.6387928115225798
UBFC_PHYS_s13_T2_ctrl,160,55,161.83333333333334,0.03866077959537506,-0.649226814940918
UBFC_PHYS_s13_T2_ctrl,160,56,161.86666666666667,0.028350207954645157,-0.680669190915088
UBFC_PHYS_s13_T2_ctrl,160,57,161.9,-0.04691467434167862,-0.7398593014133346
UBFC_PHYS_s13_T2_ctrl,160,58,161.93333333333334,-0.1411893665790558,-0.8210286086308433
UBFC_PHYS_s13_T2_ctrl,160,59,161.96666666666667,-0.2231302559375763,-0.9066556110119673
UBFC_PHYS_s13_T2_ctrl,160,60,162.0,-0.26711413264274597,-0.9717767490218023
UBFC_PHYS_s13_T2_ctrl,160,61,162.03333333333333,-0.26906487345695496,-0.9907749131286877
UBFC_PHYS_s13_T2_ctrl,160,62,162.06666666666666,-0.2532678544521332,-0.9448408467718271
UBFC_PHYS_s13_T2_ctrl,160,63,162.1,-0.23904921114444733,-0.8279190312199767
UBFC_PHYS_s13_T2_ctrl,160,64,162.13333333333333,-0.2186521291732788,-0.6489428250616188
UBFC_PHYS_s13_T2_ctrl,160,65,162.16666666666666,-0.18699218332767487,-0.4290985303500446
UBFC_PHYS_s13_T2_ctrl,160,66,162.2,-0.1550620198249817,-0.1949160825154321
UBFC_PHYS_s13_T2_ctrl,160,67,162.23333333333332,-0.14098836481571198,0.029855509625979774
UBFC_PHYS_s13_T2_ctrl,160,68,162.26666666666668,-0.13484947383403778,0.22978926341811123
UBFC_PHYS_s13_T2_ctrl,160,69,162.3,-0.1333238035440445,0.3982354641597111
UBFC_PHYS_s13_T2_ctrl,160,70,162.33333333333334,-0.16249261796474457,0.5331710327085619
UBFC_PHYS_s13_T2_ctrl,160,71,162.36666666666667,-0.26895612478256226,0.6316439381481292
UBFC_PHYS_s13_T2_ctrl,160,72,162.4,-0.4330421984195709,0.686625781128806
UBFC_PHYS_s13_T2_ctrl,160,73,162.43333333333334,-0.5797364115715027,0.68841432653306
UBFC_PHYS_s13_T2_ctrl,160,74,162.46666666666667,-0.6888030767440796,0.6299185687949919
UBFC_PHYS_s13_T2_ctrl,160,75,162.5,-0.8371613621711731,0.5128784360888234
UBFC_PHYS_s13_T2_ctrl,160,76,162.53333333333333,-1.0675758123397827,0.35156841221470475
UBFC_PHYS_s13_T2_ctrl,160,77,162.56666666666666,-1.2559901475906372,0.1718655764911496
UBFC_PHYS_s13_T2_ctrl,160,78,162.6,-1.3685067892074585,0.005845481575301244
UBFC_PHYS_s13_T2_ctrl,160,79,162.63333333333333,-1.5087029933929443,-0.11597059446670893
UBFC_PHYS_s13_T2_ctrl,160,80,162.66666666666666,-1.7693637609481812,-0.17188833394232758
UBFC_PHYS_s13_T2_ctrl,160,81,162.7,-1.9351040124893188,-0.15355639319836648
UBFC_PHYS_s13_T2_ctrl,160,82,162.73333333333332,-1.9037307500839233,-0.0667190944804437
UBFC_PHYS_s13_T2_ctrl,160,83,162.76666666666668,-1.8691941499710083,0.07136223126872067
UBFC_PHYS_s13_T2_ctrl,160,84,162.8,-2.120457172393799,0.23633334412028442
UBFC_PHYS_s13_T2_ctrl,160,85,162.83333333333334,-2.43174147605896,0.40143390795747136
UBFC_PHYS_s13_T2_ctrl,160,86,162.86666666666667,-2.512585163116455,0.5416792902809112
UBFC_PHYS_s13_T2_ctrl,160,87,162.9,-1.773970365524292,0.6374186347752787
UBFC_PHYS_s13_T2_ctrl,160,88,162.93333333333334,0.21413494646549225,0.6768967565963386
UBFC_PHYS_s13_T2_ctrl,160,89,162.96666666666667,1.9280792474746704,0.6571005048805115
UBFC_PHYS_s13_T2_ctrl,160,90,163.0,2.614014148712158,0.5826639465439644
UBFC_PHYS_s13_T2_ctrl,160,91,163.03333333333333,2.667142152786255,0.46351778791894854
UBFC_PHYS_s13_T2_ctrl,160,92,163.06666666666666,2.3644778728485107,0.3124011320717642
UBFC_PHYS_s13_T2_ctrl,160,93,163.1,1.8551737070083618,0.1430303536984751
UBFC_PHYS_s13_T2_ctrl,160,94,163.13333333333333,1.4465137720108032,-0.031018025676633438
UBFC_PHYS_s13_T2_ctrl,160,95,163.16666666666666,1.2144583463668823,-0.19708967202871736
UBFC_PHYS_s13_T2_ctrl,160,96,163.2,0.9892535209655762,-0.34404534722553903
UBFC_PHYS_s13_T2_ctrl,160,97,163.23333333333332,0.6559804677963257,-0.4624549194889893
UBFC_PHYS_s13_T2_ctrl,160,98,163.26666666666668,0.4062167704105377,-0.5443507632140288
UBFC_PHYS_s13_T2_ctrl,160,99,163.3,0.31701990962028503,-0.5830673991551462
UBFC_PHYS_s13_T2_ctrl,160,100,163.33333333333334,0.27462759613990784,-0.5740607786916213
UBFC_PHYS_s13_T2_ctrl,160,101,163.36666666666667,0.14346683025360107,-0.5171787862006746
UBFC_PHYS_s13_T2_ctrl,160,102,163.4,0.0031454835552722216,-0.41964464227357307
UBFC_PHYS_s13_T2_ctrl,160,103,163.43333333333334,-0.060115110129117966,-0.2979480208169384
UBFC_PHYS_s13_T2_ctrl,160,104,163.46666666666667,-0.044555336236953735,-0.17687322728182778
UBFC_PHYS_s13_T2_ctrl,160,105,163.5,-0.019729558378458023,-0.08507914592682246
UBFC_PHYS_s13_T2_ctrl,160,106,163.53333333333333,0.007234784308820963,-0.04831366577838888
UBFC_PHYS_s13_T2_ctrl,160,107,163.56666666666666,0.08165281265974045,-0.08255570863450944
UBFC_PHYS_s13_T2_ctrl,160,108,163.6,0.20656925439834595,-0.18944154784284475
UBFC_PHYS_s13_T2_ctrl,160,109,163.63333333333333,0.3618045151233673,-0.3552537918960712
UBFC_PHYS_s13_T2_ctrl,160,110,163.66666666666666,0.547615647315979,-0.5532051908335561
UBFC_PHYS_s13_T2_ctrl,160,111,163.7,0.7505385279655457,-0.7478280767492756
UBFC_PHYS_s13_T2_ctrl,160,112,163.73333333333332,0.9068842530250549,-0.9005260556916892
UBFC_PHYS_s13_T2_ctrl,160,113,163.76666666666668,0.9763661026954651,-0.9760064948928698
UBFC_PHYS_s13_T2_ctrl,160,114,163.8,1.0080952644348145,-0.9493092126663916
UBFC_PHYS_s13_T2_ctrl,160,115,163.83333333333334,1.065434455871582,-0.8121570701363818
UBFC_PHYS_s13_T2_ctrl,160,116,163.86666666666667,1.155521035194397,-0.5761090699817134
UBFC_PHYS_s13_T2_ctrl,160,117,163.9,1.2388426065444946,-0.2701133870106671
UBFC_PHYS_s13_T2_ctrl,160,118,163.93333333333334,1.2402595281600952,0.06763663951666492
UBFC_PHYS_s13_T2_ctrl,160,119,163.96666666666667,1.0762557983398438,0.4005200114599143
UBFC_PHYS_s13_T2_ctrl,160,120,164.0,0.7418985962867737,0.7022340042260591
UBFC_PHYS_s13_T2_ctrl,160,121,164.03333333333333,0.3406759202480316,0.9597325391987972
UBFC_PHYS_s13_T2_ctrl,160,122,164.06666666666666,-0.02232614904642105,1.1699646787318188
UBFC_PHYS_s13_T2_ctrl,160,123,164.1,-0.31998178362846375,1.3333416413641315
UBFC_PHYS_s13_T2_ctrl,160,124,164.13333333333333,-0.5535398125648499,1.4479469118099468
UBFC_PHYS_s13_T2_ctrl,160,125,164.16666666666666,-0.7129006385803223,1.507319709713481
UBFC_PHYS_s13_T2_ctrl,160,126,164.2,-0.7784513831138611,1.5024081039369115
UBFC_PHYS_s13_T2_ctrl,160,127,164.23333333333332,-0.7351595163345337,1.426149102197646
UBFC_PHYS_s13_T2_ctrl,160,128,164.26666666666668,-0.5999258756637573,1.2779739968000223
UBFC_PHYS_s13_T2_ctrl,160,129,164.3,-0.44096049666404724,1.065930427611697
UBFC_PHYS_s13_T2_ctrl,160,130,164.33333333333334,-0.27859777212142944,0.8058041205808939
UBFC_PHYS_s13_T2_ctrl,160,131,164.36666666666667,-0.024866720661520958,0.5182849417285206
UBFC_PHYS_s13_T2_ctrl,160,132,164.4,0.36386728286743164,0.22566849024180885
UBFC_PHYS_s13_T2_ctrl,160,133,164.43333333333334,0.8003647327423096,-0.05108492633583982
UBFC_PHYS_s13_T2_ctrl,160,134,164.46666666666667,1.1696407794952393,-0.29500740533643
UBFC_PHYS_s13_T2_ctrl,160,135,164.5,1.4051166772842407,-0.4958010362069953
UBFC_PHYS_s13_T2_ctrl,160,136,164.53333333333333,1.4227161407470703,-0.6521610886172874
UBFC_PHYS_s13_T2_ctrl,160,137,164.56666666666666,1.2583597898483276,-0.7725503194370174
UBFC_PHYS_s13_T2_ctrl,160,138,164.6,1.0647984743118286,-0.8731973910229753
UBFC_PHYS_s13_T2_ctrl,160,139,164.63333333333333,0.9638148546218872,-0.9730026861242751
UBFC_PHYS_s13_T2_ctrl,160,140,164.66666666666666,0.922275960445404,-1.0864224245746592
UBFC_PHYS_s13_T2_ctrl,160,141,164.7,0.8748881816864014,-1.2165577984508862
UBFC_PHYS_s13_T2_ctrl,160,142,164.73333333333332,0.828515350818634,-1.3510319825182786
UBFC_PHYS_s13_T2_ctrl,160,143,164.76666666666668,0.8707066178321838,-1.4627077613086705
UBFC_PHYS_s13_T2_ctrl,160,144,164.8,0.8862565159797668,-1.5160201321596227
UBFC_PHYS_s13_T2_ctrl,160,145,164.83333333333334,0.24788734316825867,-1.4777622669728399
UBFC_PHYS_s13_T2_ctrl,160,146,164.86666666666667,-0.8281952142715454,-1.3290037905793632
UBFC_PHYS_s13_T2_ctrl,160,147,164.9,-1.5576658248901367,-1.0734943806728066
UBFC_PHYS_s13_T2_ctrl,160,148,164.93333333333334,-1.707836389541626,-0.7384893169441489
UBFC_PHYS_s13_T2_ctrl,160,149,164.96666666666667,-1.3281311988830566,-0.36680564003713656
UBFC_PHYS_s13_T2_ctrl,160,150,165.0,-0.6295658946037292,-0.0031187863664867543
UBFC_PHYS_s13_T2_ctrl,160,151,165.03333333333333,-0.2490731030702591,0.3194439274365871
UBFC_PHYS_s13_T2_ctrl,160,152,165.06666666666666,-0.4899497330188751,0.5865394627215522
UBFC_PHYS_s13_T2_ctrl,160,153,165.1,-0.9032557606697083,0.8010286434371207
UBFC_PHYS_s13_T2_ctrl,160,154,165.13333333333333,-1.0382323265075684,0.9743482488979143
UBFC_PHYS_s13_T2_ctrl,160,155,165.16666666666666,-0.967946469783783,1.1158125142083715
UBFC_PHYS_s13_T2_ctrl,160,156,165.2,-0.8382092118263245,1.2251935564129837
UBFC_PHYS_s13_T2_ctrl,160,157,165.23333333333332,-0.5958991646766663,1.2916395372186402
UBFC_PHYS_s13_T2_ctrl,160,158,165.26666666666668,-0.2523452043533325,1.2985472178662627
UBFC_PHYS_s13_T2_ctrl,160,159,165.3,0.038693733513355255,1.231393185848313
UBFC_PHYS_s13_T2_ctrl,160,160,165.33333333333334,0.2025623321533203,1.0849762611718956
UBFC_PHYS_s13_T2_ctrl,160,161,165.36666666666667,0.2658328115940094,0.867603898005136
UBFC_PHYS_s13_T2_ctrl,160,162,165.4,0.25309041142463684,0.6013090110244359
UBFC_PHYS_s13_T2_ctrl,160,163,165.43333333333334,0.17197000980377197,0.31845283228074955
UBFC_PHYS_s13_T2_ctrl,160,164,165.46666666666667,0.06780322641134262,0.05579502086322426
UBFC_PHYS_s13_T2_ctrl,160,165,165.5,-0.0007988299475982785,-0.15260832273707942
UBFC_PHYS_s13_T2_ctrl,160,166,165.53333333333333,0.02787899784743786,-0.28225556858978146
UBFC_PHYS_s13_T2_ctrl,160,167,165.56666666666666,0.1937279850244522,-0.32341239316924225
UBFC_PHYS_s13_T2_ctrl,160,168,165.6,0.4723705053329468,-0.283437383393745
UBFC_PHYS_s13_T2_ctrl,160,169,165.63333333333333,0.7259170413017273,-0.18526279836783985
UBFC_PHYS_s13_T2_ctrl,160,170,165.66666666666666,0.8472120761871338,-0.06172864497866233
UBFC_PHYS_s13_T2_ctrl,160,171,165.7,0.8382624387741089,0.05313989138838387
UBFC_PHYS_s13_T2_ctrl,160,172,165.73333333333332,0.7629777789115906,0.13300533815181492
UBFC_PHYS_s13_T2_ctrl,160,173,165.76666666666668,0.6324365139007568,0.1646488486614048
UBFC_PHYS_s13_T2_ctrl,160,174,165.8,0.41611215472221375,0.14789971852887707
UBFC_PHYS_s13_T2_ctrl,160,175,165.83333333333334,0.06708158552646637,0.09078513585208654
UBFC_PHYS_s13_T2_ctrl,160,176,165.86666666666667,-0.31889766454696655,0.002841288776171097
UBFC_PHYS_s13_T2_ctrl,160,177,165.9,-0.4100683033466339,-0.10993785672214537
UBFC_PHYS_s13_T2_ctrl,160,178,165.93333333333334,-0.23710834980010986,-0.24628929801849025
UBFC_PHYS_s13_T2_ctrl,160,179,165.96666666666667,-0.02762806974351406,-0.4069233949737787
UBFC_PHYS_s13_T2_ctrl,160,180,166.0,0.10705194622278214,-0.5895466372797561
UBFC_PHYS_s13_T2_ctrl,160,181,166.03333333333333,0.11455503851175308,-0.7840752924707627
UBFC_PHYS_s13_T2_ctrl,160,182,166.06666666666666,0.020468169823288918,-0.9699776741929361
UBFC_PHYS_s13_T2_ctrl,160,183,166.1,-0.04891154542565346,-1.1168509780947293
UBFC_PHYS_s13_T2_ctrl,160,184,166.13333333333333,-0.010588767938315868,-1.1887734048879088
UBFC_PHYS_s13_T2_ctrl,160,185,166.16666666666666,0.12903070449829102,-1.1522649212397196
UBFC_PHYS_s13_T2_ctrl,160,186,166.2,0.3097441792488098,-0.9863630193777865
UBFC_PHYS_s13_T2_ctrl,160,187,166.23333333333332,0.4650914967060089,-0.6918451183852464
UBFC_PHYS_s13_T2_ctrl,160,188,166.26666666666668,0.5398390293121338,-0.29596038410228215
UBFC_PHYS_s13_T2_ctrl,160,189,166.3,0.5543608069419861,0.15011040590250874
UBFC_PHYS_s13_T2_ctrl,160,190,166.33333333333334,0.5486536026000977,0.5814205793160606
UBFC_PHYS_s13_T2_ctrl,160,191,166.36666666666667,0.5439975261688232,0.9342829511290917
UBFC_PHYS_s13_T2_ctrl,160,192,166.4,0.5698909163475037,1.161062336148664
UBFC_PHYS_s13_T2_ctrl,160,193,166.43333333333334,0.6590449213981628,1.239626921924461
UBFC_PHYS_s13_T2_ctrl,160,194,166.46666666666667,0.8120394945144653,1.174928979047321
UBFC_PHYS_s13_T2_ctrl,160,195,166.5,1.0068793296813965,0.993530775362776
UBFC_PHYS_s13_T2_ctrl,160,196,166.53333333333333,1.1783169507980347,0.7339817832714682
UBFC_PHYS_s13_T2_ctrl,160,197,166.56666666666666,1.2204258441925049,0.43650036147948595
UBFC_PHYS_s13_T2_ctrl,160,198,166.6,1.103263020515442,0.13498869473525507
UBFC_PHYS_s13_T2_ctrl,160,199,166.63333333333333,0.9095335602760315,-0.14671244019225532
UBFC_PHYS_s13_T2_ctrl,160,200,166.66666666666666,0.7109899520874023,-0.3940358517152137
UBFC_PHYS_s13_T2_ctrl,160,201,166.7,0.49504783749580383,-0.5976847194228302
UBFC_PHYS_s13_T2_ctrl,160,202,166.73333333333332,0.24466466903686523,-0.7487994805074558
UBFC_PHYS_s13_T2_ctrl,160,203,166.76666666666668,-0.0037084612995386124,-0.8358796665164206
UBFC_PHYS_s13_T2_ctrl,160,204,166.8,-0.19851866364479065,-0.8452891167277686
UBFC_PHYS_s13_T2_ctrl,160,205,166.83333333333334,-0.3199026882648468,-0.7656080252418439
UBFC_PHYS_s13_T2_ctrl,160,206,166.86666666666667,-0.3765169382095337,-0.594189948482878
UBFC_PHYS_s13_T2_ctrl,160,207,166.9,-0.3844747543334961,-0.3428331040520151
UBFC_PHYS_s13_T2_ctrl,160,208,166.93333333333334,-0.36275631189346313,-0.039314574785475676
UBFC_PHYS_s13_T2_ctrl,160,209,166.96666666666667,-0.349931538105011,0.2768377173511447
UBFC_PHYS_s13_T2_ctrl,160,210,167.0,-0.3915725350379944,0.5630737105944925
UBFC_PHYS_s13_T2_ctrl,160,211,167.03333333333333,-0.4898574650287628,0.7835418661712155
UBFC_PHYS_s13_T2_ctrl,160,212,167.06666666666666,-0.5865112543106079,0.9162347030556673
UBFC_PHYS_s13_T2_ctrl,160,213,167.1,-0.623407244682312,0.9557100753978085
UBFC_PHYS_s13_T2_ctrl,160,214,167.13333333333333,-0.6092512011528015,0.911599254856838
UBFC_PHYS_s13_T2_ctrl,160,215,167.16666666666666,-0.6128429174423218,0.8043403356266622
UBFC_PHYS_s13_T2_ctrl,160,216,167.2,-0.6662707328796387,0.6596411295455097
UBFC_PHYS_s13_T2_ctrl,160,217,167.23333333333332,-0.7385864853858948,0.5028205812637252
UBFC_PHYS_s13_T2_ctrl,160,218,167.26666666666668,-0.8276152610778809,0.3541189505234343
UBFC_PHYS_s13_T2_ctrl,160,219,167.3,-0.9821519255638123,0.22596736151247954
UBFC_PHYS_s13_T2_ctrl,160,220,167.33333333333334,-1.2037979364395142,0.1225774118217513
UBFC_PHYS_s13_T2_ctrl,160,221,167.36666666666667,-1.3446004390716553,0.041403180434354134
UBFC_PHYS_s13_T2_ctrl,160,222,167.4,-1.1747609376907349,-0.024406808075389627
UBFC_PHYS_s13_T2_ctrl,160,223,167.43333333333334,-0.707176923751831,-0.08348516437832995
UBFC_PHYS_s13_T2_ctrl,160,224,167.46666666666667,-0.2969452738761902,-0.1443563309401428
UBFC_PHYS_s13_T2_ctrl,160,225,167.5,-0.2020181268453598,-0.2143748749673188
UBFC_PHYS_s13_T2_ctrl,160,226,167.53333333333333,-0.30443188548088074,-0.2989703992234719
UBFC_PHYS_s13_T2_ctrl,160,227,167.56666666666666,-0.4185500741004944,-0.40036874045201987
UBFC_PHYS_s13_T2_ctrl,160,228,167.6,-0.5139747858047485,-0.515504884873816
UBFC_PHYS_s13_T2_ctrl,160,229,167.63333333333333,-0.5433215498924255,-0.6339334623871394
UBFC_PHYS_s13_T2_ctrl,160,230,167.66666666666666,-0.4637531638145447,-0.7374206451899008
UBFC_PHYS_s13_T2_ctrl,160,231,167.7,-0.36934995651245117,-0.8028575688077211
UBFC_PHYS_s13_T2_ctrl,160,232,167.73333333333332,-0.36435776948928833,-0.808885250764263
UBFC_PHYS_s13_T2_ctrl,160,233,167.76666666666668,-0.395358681678772,-0.7445577916072103
UBFC_PHYS_s13_T2_ctrl,160,234,167.8,-0.380214124917984,-0.6164169219911702
UBFC_PHYS_s13_T2_ctrl,160,235,167.83333333333334,-0.3551939129829407,-0.4496134263801909
UBFC_PHYS_s13_T2_ctrl,160,236,167.86666666666667,-0.3635900020599365,-0.28024285608179245
UBFC_PHYS_s13_T2_ctrl,160,237,167.9,-0.3852161765098572,-0.14051200983120193
UBFC_PHYS_s13_T2_ctrl,160,238,167.93333333333334,-0.418952077627182,-0.044011137679966
UBFC_PHYS_s13_T2_ctrl,160,239,167.96666666666667,-0.5096251368522644,0.019842779431710124
UBFC_PHYS_s13_T2_ctrl,161,0,161.0,0.10621168464422226,-0.07866571737485498
UBFC_PHYS_s13_T2_ctrl,161,1,161.03333333333333,-0.05083262920379639,-0.2135073595900252
UBFC_PHYS_s13_T2_ctrl,161,2,161.06666666666666,-0.1395220160484314,-0.30640820786112766
UBFC_PHYS_s13_T2_ctrl,161,3,161.1,-0.16887205839157104,-0.33342471950904595
UBFC_PHYS_s13_T2_ctrl,161,4,161.13333333333333,-0.17740324139595032,-0.2923618257139713
UBFC_PHYS_s13_T2_ctrl,161,5,161.16666666666666,-0.20368218421936035,-0.1992717448184179
UBFC_PHYS_s13_T2_ctrl,161,6,161.2,-0.25599294900894165,-0.07616864485525615
UBFC_PHYS_s13_T2_ctrl,161,7,161.23333333333332,-0.32372838258743286,0.06224601508621054
UBFC_PHYS_s13_T2_ctrl,161,8,161.26666666666668,-0.39380666613578796,0.21464300528159494
UBFC_PHYS_s13_T2_ctrl,161,9,161.3,-0.4514687657356262,0.38850943629984436
UBFC_PHYS_s13_T2_ctrl,161,10,161.33333333333334,-0.48591315746307373,0.5882092692238322
UBFC_PHYS_s13_T2_ctrl,161,11,161.36666666666667,-0.49138641357421875,0.8034204666174345
UBFC_PHYS_s13_T2_ctrl,161,12,161.4,-0.4746305048465729,1.0055375177883243
UBFC_PHYS_s13_T2_ctrl,161,13,161.43333333333334,-0.461492657661438,1.1548998453291788
UBFC_PHYS_s13_T2_ctrl,161,14,161.46666666666667,-0.46932199597358704,1.2151734372331007
UBFC_PHYS_s13_T2_ctrl,161,15,161.5,-0.48508936166763306,1.1672252551620614
UBFC_PHYS_s13_T2_ctrl,161,16,161.53333333333333,-0.4962467849254608,1.0159721244946993
UBFC_PHYS_s13_T2_ctrl,161,17,161.56666666666666,-0.5162319540977478,0.7880686383889173
UBFC_PHYS_s13_T2_ctrl,161,18,161.6,-0.5545349717140198,0.5224647387329837
UBFC_PHYS_s13_T2_ctrl,161,19,161.63333333333333,-0.5915924310684204,0.25816002492588486
UBFC_PHYS_s13_T2_ctrl,161,20,161.66666666666666,-0.5853447914123535,0.023710665753944444
UBFC_PHYS_s13_T2_ctrl,161,21,161.7,-0.5045440196990967,-0.16845495562277726
UBFC_PHYS_s13_T2_ctrl,161,22,161.73333333333332,-0.3594776391983032,-0.3222281171719943
UBFC_PHYS_s13_T2_ctrl,161,23,161.76666666666668,-0.1903993785381317,-0.4538009376392189
UBFC_PHYS_s13_T2_ctrl,161,24,161.8,-0.0424167737364769,-0.5854110821584713
UBFC_PHYS_s13_T2_ctrl,161,25,161.83333333333334,0.03866077959537506,-0.7384458615537733
UBFC_PHYS_s13_T2_ctrl,161,26,161.86666666666667,0.028350207954645157,-0.9268273227563696
UBFC_PHYS_s13_T2_ctrl,161,27,161.9,-0.04691467434167862,-1.151297455478138
UBFC_PHYS_s13_T2_ctrl,161,28,161.93333333333334,-0.1411893665790558,-1.395518152432947
UBFC_PHYS_s13_T2_ctrl,161,29,161.96666666666667,-0.2231302559375763,-1.6254461521117265
UBFC_PHYS_s13_T2_ctrl,161,30,162.0,-0.26711413264274597,-1.7935569165532794
UBFC_PHYS_s13_T2_ctrl,161,31,162.03333333333333,-0.26906487345695496,-1.8485541255674969
UBFC_PHYS_s13_T2_ctrl,161,32,162.06666666666666,-0.2532678544521332,-1.749131706885655
UBFC_PHYS_s13_T2_ctrl,161,33,162.1,-0.23904921114444733,-1.477913756077079
UBFC_PHYS_s13_T2_ctrl,161,34,162.13333333333333,-0.2186521291732788,-1.0502054600552686
UBFC_PHYS_s13_T2_ctrl,161,35,162.16666666666666,-0.18699218332767487,-0.5129773463480898
UBFC_PHYS_s13_T2_ctrl,161,36,162.2,-0.1550620198249817,0.0669788684135781
UBFC_PHYS_s13_T2_ctrl,161,37,162.23333333333332,-0.14098836481571198,0.6216726290540688
UBFC_PHYS_s13_T2_ctrl,161,38,162.26666666666668,-0.13484947383403778,1.0991712750294267
UBFC_PHYS_s13_T2_ctrl,161,39,162.3,-0.1333238035440445,1.4716596803117201
UBFC_PHYS_s13_T2_ctrl,161,40,162.33333333333334,-0.16249261796474457,1.7320499320547056
UBFC_PHYS_s13_T2_ctrl,161,41,162.36666666666667,-0.26895612478256226,1.8836119331117025
UBFC_PHYS_s13_T2_ctrl,161,42,162.4,-0.4330421984195709,1.93008851277854
UBFC_PHYS_s13_T2_ctrl,161,43,162.43333333333334,-0.5797364115715027,1.8718854995814629
UBFC_PHYS_s13_T2_ctrl,161,44,162.46666666666667,-0.6888030767440796,1.7091456195121757
UBFC_PHYS_s13_T2_ctrl,161,45,162.5,-0.8371613621711731,1.4481208823536957
UBFC_PHYS_s13_T2_ctrl,161,46,162.53333333333333,-1.0675758123397827,1.1058628595233795
UBFC_PHYS_s13_T2_ctrl,161,47,162.56666666666666,-1.2559901475906372,0.7100855072938116
UBFC_PHYS_s13_T2_ctrl,161,48,162.6,-1.3685067892074585,0.2944621738678051
UBFC_PHYS_s13_T2_ctrl,161,49,162.63333333333333,-1.5087029933929443,-0.10781525355623164
UBFC_PHYS_s13_T2_ctrl,161,50,162.66666666666666,-1.7693637609481812,-0.4691784818222714
UBFC_PHYS_s13_T2_ctrl,161,51,162.7,-1.9351040124893188,-0.7699977471939372
UBFC_PHYS_s13_T2_ctrl,161,52,162.73333333333332,-1.9037307500839233,-0.998264791523768
UBFC_PHYS_s13_T2_ctrl,161,53,162.76666666666668,-1.8691941499710083,-1.147979561412882
UBFC_PHYS_s13_T2_ctrl,161,54,162.8,-2.120457172393799,-1.2178382263430356
UBFC_PHYS_s13_T2_ctrl,161,55,162.83333333333334,-2.43174147605896,-1.2110066425924833
UBFC_PHYS_s13_T2_ctrl,161,56,162.86666666666667,-2.512585163116455,-1.1353180971134142
UBFC_PHYS_s13_T2_ctrl,161,57,162.9,-1.773970365524292,-1.002561405197955
UBFC_PHYS_s13_T2_ctrl,161,58,162.93333333333334,0.21413494646549225,-0.8264299577010191
UBFC_PHYS_s13_T2_ctrl,161,59,162.96666666666667,1.9280792474746704,-0.6200644172655799
UBFC_PHYS_s13_T2_ctrl,161,60,163.0,2.614014148712158,-0.3945039820171639
UBFC_PHYS_s13_T2_ctrl,161,61,163.03333333333333,2.667142152786255,-0.15873478379727965
UBFC_PHYS_s13_T2_ctrl,161,62,163.06666666666666,2.3644778728485107,0.07891014220549893
UBFC_PHYS_s13_T2_ctrl,161,63,163.1,1.8551737070083618,0.30901228675369385
UBFC_PHYS_s13_T2_ctrl,161,64,163.13333333333333,1.4465137720108032,0.520275372537811
UBFC_PHYS_s13_T2_ctrl,161,65,163.16666666666666,1.2144583463668823,0.7004179288525012
UBFC_PHYS_s13_T2_ctrl,161,66,163.2,0.9892535209655762,0.8383023455060847
UBFC_PHYS_s13_T2_ctrl,161,67,163.23333333333332,0.6559804677963257,0.926021142516479
UBFC_PHYS_s13_T2_ctrl,161,68,163.26666666666668,0.4062167704105377,0.9599137716373707
UBFC_PHYS_s13_T2_ctrl,161,69,163.3,0.31701990962028503,0.9402964971827646
UBFC_PHYS_s13_T2_ctrl,161,70,163.33333333333334,0.27462759613990784,0.8702534997781034
UBFC_PHYS_s13_T2_ctrl,161,71,163.36666666666667,0.14346683025360107,0.754149020434621
UBFC_PHYS_s13_T2_ctrl,161,72,163.4,0.0031454835552722216,0.5967135460912119
UBFC_PHYS_s13_T2_ctrl,161,73,163.43333333333334,-0.060115110129117966,0.4032190871942734
UBFC_PHYS_s13_T2_ctrl,161,74,163.46666666666667,-0.044555336236953735,0.18028492456543138
UBFC_PHYS_s13_T2_ctrl,161,75,163.5,-0.019729558378458023,-0.06379915756395833
UBFC_PHYS_s13_T2_ctrl,161,76,163.53333333333333,0.007234784308820963,-0.3198467942656167
UBFC_PHYS_s13_T2_ctrl,161,77,163.56666666666666,0.08165281265974045,-0.5790496814133946
UBFC_PHYS_s13_T2_ctrl,161,78,163.6,0.20656925439834595,-0.8332923757251921
UBFC_PHYS_s13_T2_ctrl,161,79,163.63333333333333,0.3618045151233673,-1.0733031440755663
UBFC_PHYS_s13_T2_ctrl,161,80,163.66666666666666,0.547615647315979,-1.2848961265528602
UBFC_PHYS_s13_T2_ctrl,161,81,163.7,0.7505385279655457,-1.4454530070286968
UBFC_PHYS_s13_T2_ctrl,161,82,163.73333333333332,0.9068842530250549,-1.523893171431424
UBFC_PHYS_s13_T2_ctrl,161,83,163.76666666666668,0.9763661026954651,-1.486601834106018
UBFC_PHYS_s13_T2_ctrl,161,84,163.8,1.0080952644348145,-1.3089740455557781
UBFC_PHYS_s13_T2_ctrl,161,85,163.83333333333334,1.065434455871582,-0.9886835326126511
UBFC_PHYS_s13_T2_ctrl,161,86,163.86666666666667,1.155521035194397,-0.5544481381392979
UBFC_PHYS_s13_T2_ctrl,161,87,163.9,1.2388426065444946,-0.06447582940903726
UBFC_PHYS_s13_T2_ctrl,161,88,163.93333333333334,1.2402595281600952,0.4075204290484697
UBFC_PHYS_s13_T2_ctrl,161,89,163.96666666666667,1.0762557983398438,0.7946748195240928
UBFC_PHYS_s13_T2_ctrl,161,90,164.0,0.7418985962867737,1.0578566887312832
UBFC_PHYS_s13_T2_ctrl,161,91,164.03333333333333,0.3406759202480316,1.1947122758975601
UBFC_PHYS_s13_T2_ctrl,161,92,164.06666666666666,-0.02232614904642105,1.2330053893062167
UBFC_PHYS_s13_T2_ctrl,161,93,164.1,-0.31998178362846375,1.2130304827064475
UBFC_PHYS_s13_T2_ctrl,161,94,164.13333333333333,-0.5535398125648499,1.1684410945008932
UBFC_PHYS_s13_T2_ctrl,161,95,164.16666666666666,-0.7129006385803223,1.1140554881067053
UBFC_PHYS_s13_T2_ctrl,161,96,164.2,-0.7784513831138611,1.0449196638528218
UBFC_PHYS_s13_T2_ctrl,161,97,164.23333333333332,-0.7351595163345337,0.9453214388623208
UBFC_PHYS_s13_T2_ctrl,161,98,164.26666666666668,-0.5999258756637573,0.8018813865608279
UBFC_PHYS_s13_T2_ctrl,161,99,164.3,-0.44096049666404724,0.6136180150887628
UBFC_PHYS_s13_T2_ctrl,161,100,164.33333333333334,-0.27859777212142944,0.39462370225050997
UBFC_PHYS_s13_T2_ctrl,161,101,164.36666666666667,-0.024866720661520958,0.16946615020121758
UBFC_PHYS_s13_T2_ctrl,161,102,164.4,0.36386728286743164,-0.03529672241491436
UBFC_PHYS_s13_T2_ctrl,161,103,164.43333333333334,0.8003647327423096,-0.19937176843256374
UBFC_PHYS_s13_T2_ctrl,161,104,164.46666666666667,1.1696407794952393,-0.3140754382917852
UBFC_PHYS_s13_T2_ctrl,161,105,164.5,1.4051166772842407,-0.38411304074697
UBFC_PHYS_s13_T2_ctrl,161,106,164.53333333333333,1.4227161407470703,-0.42627233858873514
UBFC_PHYS_s13_T2_ctrl,161,107,164.56666666666666,1.2583597898483276,-0.4655518600580909
UBFC_PHYS_s13_T2_ctrl,161,108,164.6,1.0647984743118286,-0.5288902435463944
UBFC_PHYS_s13_T2_ctrl,161,109,164.63333333333333,0.9638148546218872,-0.6367889366100196
UBFC_PHYS_s13_T2_ctrl,161,110,164.66666666666666,0.922275960445404,-0.7941518719796178
UBFC_PHYS_s13_T2_ctrl,161,111,164.7,0.8748881816864014,-0.9831453395696931
UBFC_PHYS_s13_T2_ctrl,161,112,164.73333333333332,0.828515350818634,-1.1618025155575893
UBFC_PHYS_s13_T2_ctrl,161,113,164.76666666666668,0.8707066178321838,-1.2714891517872917
UBFC_PHYS_s13_T2_ctrl,161,114,164.8,0.8862565159797668,-1.2536924204126056
UBFC_PHYS_s13_T2_ctrl,161,115,164.83333333333334,0.24788734316825867,-1.072181722715052
UBFC_PHYS_s13_T2_ctrl,161,116,164.86666666666667,-0.8281952142715454,-0.7320914357695643
UBFC_PHYS_s13_T2_ctrl,161,117,164.9,-1.5576658248901367,-0.2859758065375022
UBFC_PHYS_s13_T2_ctrl,161,118,164.93333333333334,-1.707836389541626,0.17920280026470198
UBFC_PHYS_s13_T2_ctrl,161,119,164.96666666666667,-1.3281311988830566,0.5712087909085792
UBFC_PHYS_s13_T2_ctrl,161,120,165.0,-0.6295658946037292,0.824997259489566
UBFC_PHYS_s13_T2_ctrl,161,121,165.03333333333333,-0.2490731030702591,0.9226740371846913
UBFC_PHYS_s13_T2_ctrl,161,122,165.06666666666666,-0.4899497330188751,0.8926005725272411
UBFC_PHYS_s13_T2_ctrl,161,123,165.1,-0.9032557606697083,0.7909248740918744
UBFC_PHYS_s13_T2_ctrl,161,124,165.13333333333333,-1.0382323265075684,0.6760521894173419
UBFC_PHYS_s13_T2_ctrl,161,125,165.16666666666666,-0.967946469783783,0.5872536562471085
UBFC_PHYS_s13_T2_ctrl,161,126,165.2,-0.8382092118263245,0.5347804850188307
UBFC_PHYS_s13_T2_ctrl,161,127,165.23333333333332,-0.5958991646766663,0.5030027776915736
UBFC_PHYS_s13_T2_ctrl,161,128,165.26666666666668,-0.2523452043533325,0.4627038018719401
UBFC_PHYS_s13_T2_ctrl,161,129,165.3,0.038693733513355255,0.38596106956986126
UBFC_PHYS_s13_T2_ctrl,161,130,165.33333333333334,0.2025623321533203,0.25780323292174834
UBFC_PHYS_s13_T2_ctrl,161,131,165.36666666666667,0.2658328115940094,0.08162388656542942
UBFC_PHYS_s13_T2_ctrl,161,132,165.4,0.25309041142463684,-0.12187629593465767
UBFC_PHYS_s13_T2_ctrl,161,133,165.43333333333334,0.17197000980377197,-0.3206431798079614
UBFC_PHYS_s13_T2_ctrl,161,134,165.46666666666667,0.06780322641134262,-0.47980606184791813
UBFC_PHYS_s13_T2_ctrl,161,135,165.5,-0.0007988299475982785,-0.5705257266563399
UBFC_PHYS_s13_T2_ctrl,161,136,165.53333333333333,0.02787899784743786,-0.5772784570434368
UBFC_PHYS_s13_T2_ctrl,161,137,165.56666666666666,0.1937279850244522,-0.5021255829651353
UBFC_PHYS_s13_T2_ctrl,161,138,165.6,0.4723705053329468,-0.3648769016646715
UBFC_PHYS_s13_T2_ctrl,161,139,165.63333333333333,0.7259170413017273,-0.19849536950206806
UBFC_PHYS_s13_T2_ctrl,161,140,165.66666666666666,0.8472120761871338,-0.040007625699824585
UBFC_PHYS_s13_T2_ctrl,161,141,165.7,0.8382624387741089,0.08090694066684655
UBFC_PHYS_s13_T2_ctrl,161,142,165.73333333333332,0.7629777789115906,0.15118347369659543
UBFC_PHYS_s13_T2_ctrl,161,143,165.76666666666668,0.6324365139007568,0.17682108671880015
UBFC_PHYS_s13_T2_ctrl,161,144,165.8,0.41611215472221375,0.17709923924206497
UBFC_PHYS_s13_T2_ctrl,161,145,165.83333333333334,0.06708158552646637,0.17356890562351088
UBFC_PHYS_s13_T2_ctrl,161,146,165.86666666666667,-0.31889766454696655,0.17923961591333265
UBFC_PHYS_s13_T2_ctrl,161,147,165.9,-0.4100683033466339,0.19289626236975105
UBFC_PHYS_s13_T2_ctrl,161,148,165.93333333333334,-0.23710834980010986,0.20083026922244832
UBFC_PHYS_s13_T2_ctrl,161,149,165.96666666666667,-0.02762806974351406,0.1846318698859811
UBFC_PHYS_s13_T2_ctrl,161,150,166.0,0.10705194622278214,0.1306966755623711
UBFC_PHYS_s13_T2_ctrl,161,151,166.03333333333333,0.11455503851175308,0.03673605145543363
UBFC_PHYS_s13_T2_ctrl,161,152,166.06666666666666,0.020468169823288918,-0.08674626066993149
UBFC_PHYS_s13_T2_ctrl,161,153,166.1,-0.04891154542565346,-0.21889741125928502
UBFC_PHYS_s13_T2_ctrl,161,154,166.13333333333333,-0.010588767938315868,-0.33274367384475106
UBFC_PHYS_s13_T2_ctrl,161,155,166.16666666666666,0.12903070449829102,-0.3999560929849365
UBFC_PHYS_s13_T2_ctrl,161,156,166.2,0.3097441792488098,-0.3960416934521163
UBFC_PHYS_s13_T2_ctrl,161,157,166.23333333333332,0.4650914967060089,-0.3060825353368859
UBFC_PHYS_s13_T2_ctrl,161,158,166.26666666666668,0.5398390293121338,-0.13030008452103617
UBFC_PHYS_s13_T2_ctrl,161,159,166.3,0.5543608069419861,0.11236883311333602
UBFC_PHYS_s13_T2_ctrl,161,160,166.33333333333334,0.5486536026000977,0.38478398149568654
UBFC_PHYS_s13_T2_ctrl,161,161,166.36666666666667,0.5439975261688232,0.637396604183776
UBFC_PHYS_s13_T2_ctrl,161,162,166.4,0.5698909163475037,0.8187227614713506
UBFC_PHYS_s13_T2_ctrl,161,163,166.43333333333334,0.6590449213981628,0.887955700264599
UBFC_PHYS_s13_T2_ctrl,161,164,166.46666666666667,0.8120394945144653,0.825936826713523
UBFC_PHYS_s13_T2_ctrl,161,165,166.5,1.0068793296813965,0.6406342734351889
UBFC_PHYS_s13_T2_ctrl,161,166,166.53333333333333,1.1783169507980347,0.36461466926762004
UBFC_PHYS_s13_T2_ctrl,161,167,166.56666666666666,1.2204258441925049,0.0448344933139121
UBFC_PHYS_s13_T2_ctrl,161,168,166.6,1.103263020515442,-0.2714107920055877
UBFC_PHYS_s13_T2_ctrl,161,169,166.63333333333333,0.9095335602760315,-0.5485863598243387
UBFC_PHYS_s13_T2_ctrl,161,170,166.66666666666666,0.7109899520874023,-0.7684699995714207
UBFC_PHYS_s13_T2_ctrl,161,171,166.7,0.49504783749580383,-0.9280031177452698
UBFC_PHYS_s13_T2_ctrl,161,172,166.73333333333332,0.24466466903686523,-1.0318550870557046
UBFC_PHYS_s13_T2_ctrl,161,173,166.76666666666668,-0.0037084612995386124,-1.0841484290005186
UBFC_PHYS_s13_T2_ctrl,161,174,166.8,-0.19851866364479065,-1.083550498644029
UBFC_PHYS_s13_T2_ctrl,161,175,166.83333333333334,-0.3199026882648468,-1.0237365067564899
UBFC_PHYS_s13_T2_ctrl,161,176,166.86666666666667,-0.3765169382095337,-0.8982433314244643
UBFC_PHYS_s13_T2_ctrl,161,177,166.9,-0.3844747543334961,-0.7065649074589655
UBFC_PHYS_s13_T2_ctrl,161,178,166.93333333333334,-0.36275631189346313,-0.45809615737712833
UBFC_PHYS_s13_T2_ctrl,161,179,166.96666666666667,-0.349931538105011,-0.17208156548578227
UBFC_PHYS_s13_T2_ctrl,161,180,167.0,-0.3915725350379944,0.12599244769012385
UBFC_PHYS_s13_T2_ctrl,161,181,167.03333333333333,-0.4898574650287628,0.4094873274425222
UBFC_PHYS_s13_T2_ctrl,161,182,167.06666666666666,-0.5865112543106079,0.6549848333108551
UBFC_PHYS_s13_T2_ctrl,161,183,167.1,-0.623407244682312,0.844829973323004
UBFC_PHYS_s13_T2_ctrl,161,184,167.13333333333333,-0.6092512011528015,0.9680619877992171
UBFC_PHYS_s13_T2_ctrl,161,185,167.16666666666666,-0.6128429174423218,1.02058381296042
UBFC_PHYS_s13_T2_ctrl,161,186,167.2,-0.6662707328796387,1.0050594788435387
UBFC_PHYS_s13_T2_ctrl,161,187,167.23333333333332,-0.7385864853858948,0.9303617456866474
UBFC_PHYS_s13_T2_ctrl,161,188,167.26666666666668,-0.8276152610778809,0.8102212065595928
UBFC_PHYS_s13_T2_ctrl,161,189,167.3,-0.9821519255638123,0.661072495972295
UBFC_PHYS_s13_T2_ctrl,161,190,167.33333333333334,-1.2037979364395142,0.499530208130161
UBFC_PHYS_s13_T2_ctrl,161,191,167.36666666666667,-1.3446004390716553,0.3401119222623475
UBFC_PHYS_s13_T2_ctrl,161,192,167.4,-1.1747609376907349,0.1936435756647011
UBFC_PHYS_s13_T2_ctrl,161,193,167.43333333333334,-0.707176923751831,0.06640697666931084
UBFC_PHYS_s13_T2_ctrl,161,194,167.46666666666667,-0.2969452738761902,-0.04016851389285576
UBFC_PHYS_s13_T2_ctrl,161,195,167.5,-0.2020181268453598,-0.1293611779423107
UBFC_PHYS_s13_T2_ctrl,161,196,167.53333333333333,-0.30443188548088074,-0.20824447454159872
UBFC_PHYS_s13_T2_ctrl,161,197,167.56666666666666,-0.4185500741004944,-0.28548854146560415
UBFC_PHYS_s13_T2_ctrl,161,198,167.6,-0.5139747858047485,-0.36775684091945643
UBFC_PHYS_s13_T2_ctrl,161,199,167.63333333333333,-0.5433215498924255,-0.45538241001767954
UBFC_PHYS_s13_T2_ctrl,161,200,167.66666666666666,-0.4637531638145447,-0.5387617085306072
UBFC_PHYS_s13_T2_ctrl,161,201,167.7,-0.36934995651245117,-0.5973412736758014
UBFC_PHYS_s13_T2_ctrl,161,202,167.73333333333332,-0.36435776948928833,-0.6029276846076725
UBFC_PHYS_s13_T2_ctrl,161,203,167.76666666666668,-0.395358681678772,-0.5279130931408125
UBFC_PHYS_s13_T2_ctrl,161,204,167.8,-0.380214124917984,-0.35681211810684754
UBFC_PHYS_s13_T2_ctrl,161,205,167.83333333333334,-0.3551939129829407,-0.09695198554693467
UBFC_PHYS_s13_T2_ctrl,161,206,167.86666666666667,-0.3635900020599365,0.21725068740912812
UBFC_PHYS_s13_T2_ctrl,161,207,167.9,-0.3852161765098572,0.5303118257947768
UBFC_PHYS_s13_T2_ctrl,161,208,167.93333333333334,-0.418952077627182,0.7808790148184706
UBFC_PHYS_s13_T2_ctrl,161,209,167.96666666666667,-0.5096251368522644,0.9197147985892934
UBFC_PHYS_s13_T2_ctrl,161,210,168.0,-0.665944516658783,0.9222507391179132
UBFC_PHYS_s13_T2_ctrl,161,211,168.03333333333333,-0.81583172082901,0.7905310949569454
UBFC_PHYS_s13_T2_ctrl,161,212,168.06666666666666,-0.8558745980262756,0.5456110780299197
UBFC_PHYS_s13_T2_ctrl,161,213,168.1,-0.7292808890342712,0.21660090992100495
UBFC_PHYS_s13_T2_ctrl,161,214,168.13333333333333,-0.4844072461128235,-0.16691130789050987
UBFC_PHYS_s13_T2_ctrl,161,215,168.16666666666666,-0.26129817962646484,-0.5757414720809064
UBFC_PHYS_s13_T2_ctrl,161,216,168.2,-0.18259313702583313,-0.9765870996683345
UBFC_PHYS_s13_T2_ctrl,161,217,168.23333333333332,-0.2611696422100067,-1.326927031408161
UBFC_PHYS_s13_T2_ctrl,161,218,168.26666666666668,-0.4164807200431824,-1.5751659183939257
UBFC_PHYS_s13_T2_ctrl,161,219,168.3,-0.5627893805503845,-1.669617211039451
UBFC_PHYS_s13_T2_ctrl,161,220,168.33333333333334,-0.6763407588005066,-1.5750777774901967
UBFC_PHYS_s13_T2_ctrl,161,221,168.36666666666667,-0.7650895118713379,-1.2903960968614883
UBFC_PHYS_s13_T2_ctrl,161,222,168.4,-0.8266728520393372,-0.8575340989723526
UBFC_PHYS_s13_T2_ctrl,161,223,168.43333333333334,-0.8574002385139465,-0.3549497104325491
UBFC_PHYS_s13_T2_ctrl,161,224,168.46666666666667,-0.8603724837303162,0.12431397782791634
UBFC_PHYS_s13_T2_ctrl,161,225,168.5,-0.8405718207359314,0.5011368540381556
UBFC_PHYS_s13_T2_ctrl,161,226,168.53333333333333,-0.8311114311218262,0.73299467710631
UBFC_PHYS_s13_T2_ctrl,161,227,168.56666666666666,-0.8862032890319824,0.8213572386334719
UBFC_PHYS_s13_T2_ctrl,161,228,168.6,-1.0203297138214111,0.8023531189441946
UBFC_PHYS_s13_T2_ctrl,161,229,168.63333333333333,-1.1724246740341187,0.7271553463740256
UBFC_PHYS_s13_T2_ctrl,161,230,168.66666666666666,-1.218741536140442,0.6418148488156271
UBFC_PHYS_s13_T2_ctrl,161,231,168.7,-1.060039758682251,0.5743503626740266
UBFC_PHYS_s13_T2_ctrl,161,232,168.73333333333332,-0.7453020215034485,0.5320378395737769
UBFC_PHYS_s13_T2_ctrl,161,233,168.76666666666668,-0.44384047389030457,0.5069377358776666
UBFC_PHYS_s13_T2_ctrl,161,234,168.8,-0.2446938306093216,0.48497856250703275
UBFC_PHYS_s13_T2_ctrl,161,235,168.83333333333334,-0.09289871901273727,0.45395196541554955
UBFC_PHYS_s13_T2_ctrl,161,236,168.86666666666667,0.061934538185596466,0.40776672874579045
UBFC_PHYS_s13_T2_ctrl,161,237,168.9,0.2219214290380478,0.3467822572515967
UBFC_PHYS_s13_T2_ctrl,161,238,168.93333333333334,0.4072679281234741,0.2757090604767865
UBFC_PHYS_s13_T2_ctrl,161,239,168.96666666666667,0.65833979845047,0.20102220351445105
UBFC_PHYS_s13_T2_ctrl,162,0,162.0,-0.26711413264274597,-0.013187159409759971
UBFC_PHYS_s13_T2_ctrl,162,1,162.03333333333333,-0.26906487345695496,-0.3554193601564211
UBFC_PHYS_s13_T2_ctrl,162,2,162.06666666666666,-0.2532678544521332,-0.6653410779225202
UBFC_PHYS_s13_T2_ctrl,162,3,162.1,-0.23904921114444733,-0.9152670830045673
UBFC_PHYS_s13_T2_ctrl,162,4,162.13333333333333,-0.2186521291732788,-1.0845584117242082
UBFC_PHYS_s13_T2_ctrl,162,5,162.16666666666666,-0.18699218332767487,-1.1600027648732842
UBFC_PHYS_s13_T2_ctrl,162,6,162.2,-0.1550620198249817,-1.1340912643596521
UBFC_PHYS_s13_T2_ctrl,162,7,162.23333333333332,-0.14098836481571198,-1.003885474118541
UBFC_PHYS_s13_T2_ctrl,162,8,162.26666666666668,-0.13484947383403778,-0.7729920695600982
UBFC_PHYS_s13_T2_ctrl,162,9,162.3,-0.1333238035440445,-0.4565510536575403
UBFC_PHYS_s13_T2_ctrl,162,10,162.33333333333334,-0.16249261796474457,-0.08608734272824253
UBFC_PHYS_s13_T2_ctrl,162,11,162.36666666666667,-0.26895612478256226,0.290330521182748
UBFC_PHYS_s13_T2_ctrl,162,12,162.4,-0.4330421984195709,0.6156886754849344
UBFC_PHYS_s13_T2_ctrl,162,13,162.43333333333334,-0.5797364115715027,0.838341386800011
UBFC_PHYS_s13_T2_ctrl,162,14,162.46666666666667,-0.6888030767440796,0.9273586146879853
UBFC_PHYS_s13_T2_ctrl,162,15,162.5,-0.8371613621711731,0.8815251059645647
UBFC_PHYS_s13_T2_ctrl,162,16,162.53333333333333,-1.0675758123397827,0.7276835035193612
UBFC_PHYS_s13_T2_ctrl,162,17,162.56666666666666,-1.2559901475906372,0.5096855974941735
UBFC_PHYS_s13_T2_ctrl,162,18,162.6,-1.3685067892074585,0.2735237581793093
UBFC_PHYS_s13_T2_ctrl,162,19,162.63333333333333,-1.5087029933929443,0.05516396828393991
UBFC_PHYS_s13_T2_ctrl,162,20,162.66666666666666,-1.7693637609481812,-0.12477329407852998
UBFC_PHYS_s13_T2_ctrl,162,21,162.7,-1.9351040124893188,-0.2591678694809411
UBFC_PHYS_s13_T2_ctrl,162,22,162.73333333333332,-1.9037307500839233,-0.348164343542388
UBFC_PHYS_s13_T2_ctrl,162,23,162.76666666666668,-1.8691941499710083,-0.3926655927114019
UBFC_PHYS_s13_T2_ctrl,162,24,162.8,-2.120457172393799,-0.39115844183908716
UBFC_PHYS_s13_T2_ctrl,162,25,162.83333333333334,-2.43174147605896,-0.34128633102088646
UBFC_PHYS_s13_T2_ctrl,162,26,162.86666666666667,-2.512585163116455,-0.2446221785121443
UBFC_PHYS_s13_T2_ctrl,162,27,162.9,-1.773970365524292,-0.11117778123607117
UBFC_PHYS_s13_T2_ctrl,162,28,162.93333333333334,0.21413494646549225,0.039434450363020505
UBFC_PHYS_s13_T2_ctrl,162,29,162.96666666666667,1.9280792474746704,0.18121285188689248
UBFC_PHYS_s13_T2_ctrl,162,30,163.0,2.614014148712158,0.2881277677834185
UBFC_PHYS_s13_T2_ctrl,162,31,163.03333333333333,2.667142152786255,0.34106113436219365
UBFC_PHYS_s13_T2_ctrl,162,32,163.06666666666666,2.3644778728485107,0.3327297728082199
UBFC_PHYS_s13_T2_ctrl,162,33,163.1,1.8551737070083618,0.269048138924334
UBFC_PHYS_s13_T2_ctrl,162,34,163.13333333333333,1.4465137720108032,0.16685360706010852
UBFC_PHYS_s13_T2_ctrl,162,35,163.16666666666666,1.2144583463668823,0.049104560376520834
UBFC_PHYS_s13_T2_ctrl,162,36,163.2,0.9892535209655762,-0.06081375104280421
UBFC_PHYS_s13_T2_ctrl,162,37,163.23333333333332,0.6559804677963257,-0.14402924587871732
UBFC_PHYS_s13_T2_ctrl,162,38,163.26666666666668,0.4062167704105377,-0.189042973241995
UBFC_PHYS_s13_T2_ctrl,162,39,163.3,0.31701990962028503,-0.1920764438189747
UBFC_PHYS_s13_T2_ctrl,162,40,163.33333333333334,0.27462759613990784,-0.15581852915438107
UBFC_PHYS_s13_T2_ctrl,162,41,163.36666666666667,0.14346683025360107,-0.08813588088522747
UBFC_PHYS_s13_T2_ctrl,162,42,163.4,0.0031454835552722216,-0.0015154389807345917
UBFC_PHYS_s13_T2_ctrl,162,43,163.43333333333334,-0.060115110129117966,0.08731807166770418
UBFC_PHYS_s13_T2_ctrl,162,44,163.46666666666667,-0.044555336236953735,0.15870907719774746
UBFC_PHYS_s13_T2_ctrl,162,45,163.5,-0.019729558378458023,0.19287691343857996
UBFC_PHYS_s13_T2_ctrl,162,46,163.53333333333333,0.007234784308820963,0.17376158768823746
UBFC_PHYS_s13_T2_ctrl,162,47,163.56666666666666,0.08165281265974045,0.09279237495953328
UBFC_PHYS_s13_T2_ctrl,162,48,163.6,0.20656925439834595,-0.04834565501864271
UBFC_PHYS_s13_T2_ctrl,162,49,163.63333333333333,0.3618045151233673,-0.23631785606817085
UBFC_PHYS_s13_T2_ctrl,162,50,163.66666666666666,0.547615647315979,-0.44626838426803006
UBFC_PHYS_s13_T2_ctrl,162,51,163.7,0.7505385279655457,-0.6438081361599022
UBFC_PHYS_s13_T2_ctrl,162,52,163.73333333333332,0.9068842530250549,-0.7894256426227736
UBFC_PHYS_s13_T2_ctrl,162,53,163.76666666666668,0.9763661026954651,-0.8456964874425908
UBFC_PHYS_s13_T2_ctrl,162,54,163.8,1.0080952644348145,-0.7867480096232858
UBFC_PHYS_s13_T2_ctrl,162,55,163.83333333333334,1.065434455871582,-0.6077914655025459
UBFC_PHYS_s13_T2_ctrl,162,56,163.86666666666667,1.155521035194397,-0.33087760942778605
UBFC_PHYS_s13_T2_ctrl,162,57,163.9,1.2388426065444946,-0.0028678874094836436
UBFC_PHYS_s13_T2_ctrl,162,58,163.93333333333334,1.2402595281600952,0.31596586012063205
UBFC_PHYS_s13_T2_ctrl,162,59,163.96666666666667,1.0762557983398438,0.5697711169235616
UBFC_PHYS_s13_T2_ctrl,162,60,164.0,0.7418985962867737,0.7240971088443282
UBFC_PHYS_s13_T2_ctrl,162,61,164.03333333333333,0.3406759202480316,0.7742566088609566
UBFC_PHYS_s13_T2_ctrl,162,62,164.06666666666666,-0.02232614904642105,0.7420066888464846
UBFC_PHYS_s13_T2_ctrl,162,63,164.1,-0.31998178362846375,0.6636703767260418
UBFC_PHYS_s13_T2_ctrl,162,64,164.13333333333333,-0.5535398125648499,0.5759509245793213
UBFC_PHYS_s13_T2_ctrl,162,65,164.16666666666666,-0.7129006385803223,0.5050401357469251
UBFC_PHYS_s13_T2_ctrl,162,66,164.2,-0.7784513831138611,0.46188130010974043
UBFC_PHYS_s13_T2_ctrl,162,67,164.23333333333332,-0.7351595163345337,0.4434812833323765
UBFC_PHYS_s13_T2_ctrl,162,68,164.26666666666668,-0.5999258756637573,0.4382242946582317
UBFC_PHYS_s13_T2_ctrl,162,69,164.3,-0.44096049666404724,0.4324268283032321
UBFC_PHYS_s13_T2_ctrl,162,70,164.33333333333334,-0.27859777212142944,0.41557867731461506
UBFC_PHYS_s13_T2_ctrl,162,71,164.36666666666667,-0.024866720661520958,0.3826793496314397
UBFC_PHYS_s13_T2_ctrl,162,72,164.4,0.36386728286743164,0.3335107025662373
UBFC_PHYS_s13_T2_ctrl,162,73,164.43333333333334,0.8003647327423096,0.26985703581746306
UBFC_PHYS_s13_T2_ctrl,162,74,164.46666666666667,1.1696407794952393,0.19206466263665795
UBFC_PHYS_s13_T2_ctrl,162,75,164.5,1.4051166772842407,0.09615060949945788
UBFC_PHYS_s13_T2_ctrl,162,76,164.53333333333333,1.4227161407470703,-0.02756646542075522
UBFC_PHYS_s13_T2_ctrl,162,77,164.56666666666666,1.2583597898483276,-0.19339755799791292
UBFC_PHYS_s13_T2_ctrl,162,78,164.6,1.0647984743118286,-0.41594255642967437
UBFC_PHYS_s13_T2_ctrl,162,79,164.63333333333333,0.9638148546218872,-0.7023308072944018
UBFC_PHYS_s13_T2_ctrl,162,80,164.66666666666666,0.922275960445404,-1.042501079449454
UBFC_PHYS_s13_T2_ctrl,162,81,164.7,0.8748881816864014,-1.4009674937149428
UBFC_PHYS_s13_T2_ctrl,162,82,164.73333333333332,0.828515350818634,-1.7148184685434191
UBFC_PHYS_s13_T2_ctrl,162,83,164.76666666666668,0.8707066178321838,-1.9022571289848054
UBFC_PHYS_s13_T2_ctrl,162,84,164.8,0.8862565159797668,-1.8830863376517226
UBFC_PHYS_s13_T2_ctrl,162,85,164.83333333333334,0.24788734316825867,-1.607096663569621
UBFC_PHYS_s13_T2_ctrl,162,86,164.86666666666667,-0.8281952142715454,-1.0801146772276324
UBFC_PHYS_s13_T2_ctrl,162,87,164.9,-1.5576658248901367,-0.37463383562395386
UBFC_PHYS_s13_T2_ctrl,162,88,164.93333333333334,-1.707836389541626,0.3839729563903127
UBFC_PHYS_s13_T2_ctrl,162,89,164.96666666666667,-1.3281311988830566,1.053706977689492
UBFC_PHYS_s13_T2_ctrl,162,90,165.0,-0.6295658946037292,1.5199519918771538
UBFC_PHYS_s13_T2_ctrl,162,91,165.03333333333333,-0.2490731030702591,1.7275959879630913
UBFC_PHYS_s13_T2_ctrl,162,92,165.06666666666666,-0.4899497330188751,1.6893920536716285
UBFC_PHYS_s13_T2_ctrl,162,93,165.1,-0.9032557606697083,1.4715598596624846
UBFC_PHYS_s13_T2_ctrl,162,94,165.13333333333333,-1.0382323265075684,1.165724381033595
UBFC_PHYS_s13_T2_ctrl,162,95,165.16666666666666,-0.967946469783783,0.8581999566193793
UBFC_PHYS_s13_T2_ctrl,162,96,165.2,-0.8382092118263245,0.6062115134773166
UBFC_PHYS_s13_T2_ctrl,162,97,165.23333333333332,-0.5958991646766663,0.42720925983637764
UBFC_PHYS_s13_T2_ctrl,162,98,165.26666666666668,-0.2523452043533325,0.30263396512919244
UBFC_PHYS_s13_T2_ctrl,162,99,165.3,0.038693733513355255,0.19282670799767143
UBFC_PHYS_s13_T2_ctrl,162,100,165.33333333333334,0.2025623321533203,0.05675832388506298
UBFC_PHYS_s13_T2_ctrl,162,101,165.36666666666667,0.2658328115940094,-0.13044735876465618
UBFC_PHYS_s13_T2_ctrl,162,102,165.4,0.25309041142463684,-0.36766890375729955
UBFC_PHYS_s13_T2_ctrl,162,103,165.43333333333334,0.17197000980377197,-0.627862608536027
UBFC_PHYS_s13_T2_ctrl,162,104,165.46666666666667,0.06780322641134262,-0.8665780679178534
UBFC_PHYS_s13_T2_ctrl,162,105,165.5,-0.0007988299475982785,-1.0349943728527289
UBFC_PHYS_s13_T2_ctrl,162,106,165.53333333333333,0.02787899784743786,-1.0933303245093733
UBFC_PHYS_s13_T2_ctrl,162,107,165.56666666666666,0.1937279850244522,-1.021443924856337
UBFC_PHYS_s13_T2_ctrl,162,108,165.6,0.4723705053329468,-0.8242725164955687
UBFC_PHYS_s13_T2_ctrl,162,109,165.63333333333333,0.7259170413017273,-0.5305457302411553
UBFC_PHYS_s13_T2_ctrl,162,110,165.66666666666666,0.8472120761871338,-0.1846719442968574
UBFC_PHYS_s13_T2_ctrl,162,111,165.7,0.8382624387741089,0.16580524960962237
UBFC_PHYS_s13_T2_ctrl,162,112,165.73333333333332,0.7629777789115906,0.4821753439542963
UBFC_PHYS_s13_T2_ctrl,162,113,165.76666666666668,0.6324365139007568,0.7406871691424236
UBFC_PHYS_s13_T2_ctrl,162,114,165.8,0.41611215472221375,0.9308653093394857
UBFC_PHYS_s13_T2_ctrl,162,115,165.83333333333334,0.06708158552646637,1.0484777870796274
UBFC_PHYS_s13_T2_ctrl,162,116,165.86666666666667,-0.31889766454696655,1.0880010104633198
UBFC_PHYS_s13_T2_ctrl,162,117,165.9,-0.4100683033466339,1.039019945162791
UBFC_PHYS_s13_T2_ctrl,162,118,165.93333333333334,-0.23710834980010986,0.8886680716816038
UBFC_PHYS_s13_T2_ctrl,162,119,165.96666666666667,-0.02762806974351406,0.6290806945034141
UBFC_PHYS_s13_T2_ctrl,162,120,166.0,0.10705194622278214,0.2662354003077922
UBFC_PHYS_s13_T2_ctrl,162,121,166.03333333333333,0.11455503851175308,-0.17405961672567466
UBFC_PHYS_s13_T2_ctrl,162,122,166.06666666666666,0.020468169823288918,-0.6455667097743621
UBFC_PHYS_s13_T2_ctrl,162,123,166.1,-0.04891154542565346,-1.0866068284332928
UBFC_PHYS_s13_T2_ctrl,162,124,166.13333333333333,-0.010588767938315868,-1.4295354138478369
UBFC_PHYS_s13_T2_ctrl,162,125,166.16666666666666,0.12903070449829102,-1.6131141175312806
UBFC_PHYS_s13_T2_ctrl,162,126,166.2,0.3097441792488098,-1.5955855761374147
UBFC_PHYS_s13_T2_ctrl,162,127,166.23333333333332,0.4650914967060089,-1.3654839846613478
UBFC_PHYS_s13_T2_ctrl,162,128,166.26666666666668,0.5398390293121338,-0.9468753223383487
UBFC_PHYS_s13_T2_ctrl,162,129,166.3,0.5543608069419861,-0.3965794038647649
UBFC_PHYS_s13_T2_ctrl,162,130,166.33333333333334,0.5486536026000977,0.20677096228766212
UBFC_PHYS_s13_T2_ctrl,162,131,166.36666666666667,0.5439975261688232,0.7790310669243085
UBFC_PHYS_s13_T2_ctrl,162,132,166.4,0.5698909163475037,1.2472197154781004
UBFC_PHYS_s13_T2_ctrl,162,133,166.43333333333334,0.6590449213981628,1.561483510648357
UBFC_PHYS_s13_T2_ctrl,162,134,166.46666666666667,0.8120394945144653,1.699519417939776
UBFC_PHYS_s13_T2_ctrl,162,135,166.5,1.0068793296813965,1.6638110628676344
UBFC_PHYS_s13_T2_ctrl,162,136,166.53333333333333,1.1783169507980347,1.4743638404275314
UBFC_PHYS_s13_T2_ctrl,162,137,166.56666666666666,1.2204258441925049,1.1603562036752328
UBFC_PHYS_s13_T2_ctrl,162,138,166.6,1.103263020515442,0.7534844147342684
UBFC_PHYS_s13_T2_ctrl,162,139,166.63333333333333,0.9095335602760315,0.28453965152466304
UBFC_PHYS_s13_T2_ctrl,162,140,166.66666666666666,0.7109899520874023,-0.21645551260874266
UBFC_PHYS_s13_T2_ctrl,162,141,166.7,0.49504783749580383,-0.717477985419097
UBFC_PHYS_s13_T2_ctrl,162,142,166.73333333333332,0.24466466903686523,-1.1813506658133242
UBFC_PHYS_s13_T2_ctrl,162,143,166.76666666666668,-0.0037084612995386124,-1.5651054669961204
UBFC_PHYS_s13_T2_ctrl,162,144,166.8,-0.19851866364479065,-1.8239990320915203
UBFC_PHYS_s13_T2_ctrl,162,145,166.83333333333334,-0.3199026882648468,-1.920210670440971
UBFC_PHYS_s13_T2_ctrl,162,146,166.86666666666667,-0.3765169382095337,-1.8336451135758571
UBFC_PHYS_s13_T2_ctrl,162,147,166.9,-0.3844747543334961,-1.5704465567931978
UBFC_PHYS_s13_T2_ctrl,162,148,166.93333333333334,-0.36275631189346313,-1.1649199291222172
UBFC_PHYS_s13_T2_ctrl,162,149,166.96666666666667,-0.349931538105011,-0.6728621614852558
UBFC_PHYS_s13_T2_ctrl,162,150,167.0,-0.3915725350379944,-0.15804270284596939
UBFC_PHYS_s13_T2_ctrl,162,151,167.03333333333333,-0.4898574650287628,0.32311047945959925
UBFC_PHYS_s13_T2_ctrl,162,152,167.06666666666666,-0.5865112543106079,0.7325531850077313
UBFC_PHYS_s13_T2_ctrl,162,153,167.1,-0.623407244682312,1.0534561750767637
UBFC_PHYS_s13_T2_ctrl,162,154,167.13333333333333,-0.6092512011528015,1.285206542907319
UBFC_PHYS_s13_T2_ctrl,162,155,167.16666666666666,-0.6128429174423218,1.4346306097334116
UBFC_PHYS_s13_T2_ctrl,162,156,167.2,-0.6662707328796387,1.5082224223715819
UBFC_PHYS_s13_T2_ctrl,162,157,167.23333333333332,-0.7385864853858948,1.5084587906083524
UBFC_PHYS_s13_T2_ctrl,162,158,167.26666666666668,-0.8276152610778809,1.4348441422064169
UBFC_PHYS_s13_T2_ctrl,162,159,167.3,-0.9821519255638123,1.2881060158460496
UBFC_PHYS_s13_T2_ctrl,162,160,167.33333333333334,-1.2037979364395142,1.0745480120879312
UBFC_PHYS_s13_T2_ctrl,162,161,167.36666666666667,-1.3446004390716553,0.8077639996302386
UBFC_PHYS_s13_T2_ctrl,162,162,167.4,-1.1747609376907349,0.5067957172110249
UBFC_PHYS_s13_T2_ctrl,162,163,167.43333333333334,-0.707176923751831,0.19198145785225676
UBFC_PHYS_s13_T2_ctrl,162,164,167.46666666666667,-0.2969452738761902,-0.11927340969697418
UBFC_PHYS_s13_T2_ctrl,162,165,167.5,-0.2020181268453598,-0.41492241828549536
UBFC_PHYS_s13_T2_ctrl,162,166,167.53333333333333,-0.30443188548088074,-0.6880537578407067
UBFC_PHYS_s13_T2_ctrl,162,167,167.56666666666666,-0.4185500741004944,-0.9342460915958423
UBFC_PHYS_s13_T2_ctrl,162,168,167.6,-0.5139747858047485,-1.1474749383284217
UBFC_PHYS_s13_T2_ctrl,162,169,167.63333333333333,-0.5433215498924255,-1.315943606241251
UBFC_PHYS_s13_T2_ctrl,162,170,167.66666666666666,-0.4637531638145447,-1.419439862096171
UBFC_PHYS_s13_T2_ctrl,162,171,167.7,-0.36934995651245117,-1.4299273592861856
UBFC_PHYS_s13_T2_ctrl,162,172,167.73333333333332,-0.36435776948928833,-1.3168464317948427
UBFC_PHYS_s13_T2_ctrl,162,173,167.76666666666668,-0.395358681678772,-1.057510910410936
UBFC_PHYS_s13_T2_ctrl,162,174,167.8,-0.380214124917984,-0.6506949113981058
UBFC_PHYS_s13_T2_ctrl,162,175,167.83333333333334,-0.3551939129829407,-0.12827190425094462
UBFC_PHYS_s13_T2_ctrl,162,176,167.86666666666667,-0.3635900020599365,0.44252344186089293
UBFC_PHYS_s13_T2_ctrl,162,177,167.9,-0.3852161765098572,0.9712734458815718
UBFC_PHYS_s13_T2_ctrl,162,178,167.93333333333334,-0.418952077627182,1.368195659704205
UBFC_PHYS_s13_T2_ctrl,162,179,167.96666666666667,-0.5096251368522644,1.5691933287631752
UBFC_PHYS_s13_T2_ctrl,162,180,168.0,-0.665944516658783,1.55068597647461
UBFC_PHYS_s13_T2_ctrl,162,181,168.03333333333333,-0.81583172082901,1.328785515346973
UBFC_PHYS_s13_T2_ctrl,162,182,168.06666666666666,-0.8558745980262756,0.9462808468533359
UBFC_PHYS_s13_T2_ctrl,162,183,168.1,-0.7292808890342712,0.4566387434630073
UBFC_PHYS_s13_T2_ctrl,162,184,168.13333333333333,-0.4844072461128235,-0.08673587489043702
UBFC_PHYS_s13_T2_ctrl,162,185,168.16666666666666,-0.26129817962646484,-0.6331387789997827
UBFC_PHYS_s13_T2_ctrl,162,186,168.2,-0.18259313702583313,-1.131623344867718
UBFC_PHYS_s13_T2_ctrl,162,187,168.23333333333332,-0.2611696422100067,-1.5279273951861398
UBFC_PHYS_s13_T2_ctrl,162,188,168.26666666666668,-0.4164807200431824,-1.7666607918573758
UBFC_PHYS_s13_T2_ctrl,162,189,168.3,-0.5627893805503845,-1.8013657344812857
UBFC_PHYS_s13_T2_ctrl,162,190,168.33333333333334,-0.6763407588005066,-1.6105180771065741
UBFC_PHYS_s13_T2_ctrl,162,191,168.36666666666667,-0.7650895118713379,-1.2126371774716236
UBFC_PHYS_s13_T2_ctrl,162,192,168.4,-0.8266728520393372,-0.6709155796472126
UBFC_PHYS_s13_T2_ctrl,162,193,168.43333333333334,-0.8574002385139465,-0.08084921232240477
UBFC_PHYS_s13_T2_ctrl,162,194,168.46666666666667,-0.8603724837303162,0.45646453196352405
UBFC_PHYS_s13_T2_ctrl,162,195,168.5,-0.8405718207359314,0.8639025904769844
UBFC_PHYS_s13_T2_ctrl,162,196,168.53333333333333,-0.8311114311218262,1.1076827704884338
UBFC_PHYS_s13_T2_ctrl,162,197,168.56666666666666,-0.8862032890319824,1.1992662206479276
UBFC_PHYS_s13_T2_ctrl,162,198,168.6,-1.0203297138214111,1.1815022192719205
UBFC_PHYS_s13_T2_ctrl,162,199,168.63333333333333,-1.1724246740341187,1.1073749394371175
UBFC_PHYS_s13_T2_ctrl,162,200,168.66666666666666,-1.218741536140442,1.0207513429046302
UBFC_PHYS_s13_T2_ctrl,162,201,168.7,-1.060039758682251,0.9451521523038614
UBFC_PHYS_s13_T2_ctrl,162,202,168.73333333333332,-0.7453020215034485,0.8820182078691952
UBFC_PHYS_s13_T2_ctrl,162,203,168.76666666666668,-0.44384047389030457,0.8164728793678852
UBFC_PHYS_s13_T2_ctrl,162,204,168.8,-0.2446938306093216,0.7270139722593985
UBFC_PHYS_s13_T2_ctrl,162,205,168.83333333333334,-0.09289871901273727,0.59553102025264
UBFC_PHYS_s13_T2_ctrl,162,206,168.86666666666667,0.061934538185596466,0.4147647651415903
UBFC_PHYS_s13_T2_ctrl,162,207,168.9,0.2219214290380478,0.19147862922055253
UBFC_PHYS_s13_T2_ctrl,162,208,168.93333333333334,0.4072679281234741,-0.05497118772664125
UBFC_PHYS_s13_T2_ctrl,162,209,168.96666666666667,0.65833979845047,-0.2977393677197729
UBFC_PHYS_s13_T2_ctrl,162,210,169.0,0.9933362007141113,-0.5096048635284167
UBFC_PHYS_s13_T2_ctrl,162,211,169.03333333333333,1.3700066804885864,-0.6700767955476096
UBFC_PHYS_s13_T2_ctrl,162,212,169.06666666666666,1.6260673999786377,-0.7703783725544995
UBFC_PHYS_s13_T2_ctrl,162,213,169.1,1.5989514589309692,-0.8146197285040542
UBFC_PHYS_s13_T2_ctrl,162,214,169.13333333333333,1.3456718921661377,-0.8166240561546774
UBFC_PHYS_s13_T2_ctrl,162,215,169.16666666666666,1.063704490661621,-0.7934100471946574
UBFC_PHYS_s13_T2_ctrl,162,216,169.2,0.816346287727356,-0.7576410773789051
UBFC_PHYS_s13_T2_ctrl,162,217,169.23333333333332,0.5351895689964294,-0.7119157846810018
UBFC_PHYS_s13_T2_ctrl,162,218,169.26666666666668,0.2369869351387024,-0.6473321733750061
UBFC_PHYS_s13_T2_ctrl,162,219,169.3,0.015512241050601006,-0.5473933170512697
UBFC_PHYS_s13_T2_ctrl,162,220,169.33333333333334,-0.07668650150299072,-0.39640157296492856
UBFC_PHYS_s13_T2_ctrl,162,221,169.36666666666667,-0.039774052798748016,-0.1895425535961616
UBFC_PHYS_s13_T2_ctrl,162,222,169.4,0.09566385298967361,0.05940784260515858
UBFC_PHYS_s13_T2_ctrl,162,223,169.43333333333334,0.21256645023822784,0.31662893885014687
UBFC_PHYS_s13_T2_ctrl,162,224,169.46666666666667,0.2078576683998108,0.534923558743707
UBFC_PHYS_s13_T2_ctrl,162,225,169.5,0.13329795002937317,0.667079589815773
UBFC_PHYS_s13_T2_ctrl,162,226,169.53333333333333,0.11370489001274109,0.6812579309197119
UBFC_PHYS_s13_T2_ctrl,162,227,169.56666666666666,0.09159103035926819,0.5724174770239093
UBFC_PHYS_s13_T2_ctrl,162,228,169.6,-0.07893380522727966,0.36534602412694595
UBFC_PHYS_s13_T2_ctrl,162,229,169.63333333333333,-0.36261463165283203,0.10825032656441934
UBFC_PHYS_s13_T2_ctrl,162,230,169.66666666666666,-0.5146304965019226,-0.14076972424339632
UBFC_PHYS_s13_T2_ctrl,162,231,169.7,-0.28810104727745056,-0.32985942432437626
UBFC_PHYS_s13_T2_ctrl,162,232,169.73333333333332,0.28183743357658386,-0.42710263940459164
UBFC_PHYS_s13_T2_ctrl,162,233,169.76666666666668,0.9850060343742371,-0.4276355308304348
UBFC_PHYS_s13_T2_ctrl,162,234,169.8,1.3095831871032715,-0.352064056569657
UBFC_PHYS_s13_T2_ctrl,162,235,169.83333333333334,1.1403170824050903,-0.23685794726671427
UBFC_PHYS_s13_T2_ctrl,162,236,169.86666666666667,0.7805278301239014,-0.12028420322893218
UBFC_PHYS_s13_T2_ctrl,162,237,169.9,0.40734371542930603,-0.029108889581555004
UBFC_PHYS_s13_T2_ctrl,162,238,169.93333333333334,0.07388939708471298,0.029209111863562877
UBFC_PHYS_s13_T2_ctrl,162,239,169.96666666666667,-0.16888853907585144,0.06637412534292449
UBFC_PHYS_s13_T2_ctrl,163,0,163.0,2.614014148712158,0.040810935675671796
UBFC_PHYS_s13_T2_ctrl,163,1,163.03333333333333,2.667142152786255,0.01336744675184144
UBFC_PHYS_s13_T2_ctrl,163,2,163.06666666666666,2.3644778728485107,-0.012884894618829128
UBFC_PHYS_s13_T2_ctrl,163,3,163.1,1.8551737070083618,-0.03718137434418141
UBFC_PHYS_s13_T2_ctrl,163,4,163.13333333333333,1.4465137720108032,-0.0595712744307996
UBFC_PHYS_s13_T2_ctrl,163,5,163.16666666666666,1.2144583463668823,-0.08053130731787593
UBFC_PHYS_s13_T2_ctrl,163,6,163.2,0.9892535209655762,-0.09996546773441665
UBFC_PHYS_s13_T2_ctrl,163,7,163.23333333333332,0.6559804677963257,-0.11624502104758787
UBFC_PHYS_s13_T2_ctrl,163,8,163.26666666666668,0.4062167704105377,-0.12618098702394592
UBFC_PHYS_s13_T2_ctrl,163,9,163.3,0.31701990962028503,-0.12628744350317364
UBFC_PHYS_s13_T2_ctrl,163,10,163.33333333333334,0.27462759613990784,-0.11464715583452238
UBFC_PHYS_s13_T2_ctrl,163,11,163.36666666666667,0.14346683025360107,-0.09209529219208068
UBFC_PHYS_s13_T2_ctrl,163,12,163.4,0.0031454835552722216,-0.06196524281229518
UBFC_PHYS_s13_T2_ctrl,163,13,163.43333333333334,-0.060115110129117966,-0.02878441394920641
UBFC_PHYS_s13_T2_ctrl,163,14,163.46666666666667,-0.044555336236953735,0.0029211085718605172
UBFC_PHYS_s13_T2_ctrl,163,15,163.5,-0.019729558378458023,0.028735602349722382
UBFC_PHYS_s13_T2_ctrl,163,16,163.53333333333333,0.007234784308820963,0.04343667511608841
UBFC_PHYS_s13_T2_ctrl,163,17,163.56666666666666,0.08165281265974045,0.040221611029015406
UBFC_PHYS_s13_T2_ctrl,163,18,163.6,0.20656925439834595,0.011541320220416141
UBFC_PHYS_s13_T2_ctrl,163,19,163.63333333333333,0.3618045151233673,-0.04786795214634906
UBFC_PHYS_s13_T2_ctrl,163,20,163.66666666666666,0.547615647315979,-0.13678932560916232
UBFC_PHYS_s13_T2_ctrl,163,21,163.7,0.7505385279655457,-0.24442556870155785
UBFC_PHYS_s13_T2_ctrl,163,22,163.73333333333332,0.9068842530250549,-0.35055613319600065
UBFC_PHYS_s13_T2_ctrl,163,23,163.76666666666668,0.9763661026954651,-0.42987658745035046
UBFC_PHYS_s13_T2_ctrl,163,24,163.8,1.0080952644348145,-0.4597200787082715
UBFC_PHYS_s13_T2_ctrl,163,25,163.83333333333334,1.065434455871582,-0.42848691279436757
UBFC_PHYS_s13_T2_ctrl,163,26,163.86666666666667,1.155521035194397,-0.34077545454519137
UBFC_PHYS_s13_T2_ctrl,163,27,163.9,1.2388426065444946,-0.21592556673731578
UBFC_PHYS_s13_T2_ctrl,163,28,163.93333333333334,1.2402595281600952,-0.07996964670701187
UBFC_PHYS_s13_T2_ctrl,163,29,163.96666666666667,1.0762557983398438,0.045164447222357185
UBFC_PHYS_s13_T2_ctrl,163,30,164.0,0.7418985962867737,0.1496202606919902
UBFC_PHYS_s13_T2_ctrl,163,31,164.03333333333333,0.3406759202480316,0.23677518731488234
UBFC_PHYS_s13_T2_ctrl,163,32,164.06666666666666,-0.02232614904642105,0.3177008941459951
UBFC_PHYS_s13_T2_ctrl,163,33,164.1,-0.31998178362846375,0.40272526762920036
UBFC_PHYS_s13_T2_ctrl,163,34,164.13333333333333,-0.5535398125648499,0.49477906730421206
UBFC_PHYS_s13_T2_ctrl,163,35,164.16666666666666,-0.7129006385803223,0.5874345553952736
UBFC_PHYS_s13_T2_ctrl,163,36,164.2,-0.7784513831138611,0.6677696321064838
UBFC_PHYS_s13_T2_ctrl,163,37,164.23333333333332,-0.7351595163345337,0.7219533400239114
UBFC_PHYS_s13_T2_ctrl,163,38,164.26666666666668,-0.5999258756637573,0.7406243577681181
UBFC_PHYS_s13_T2_ctrl,163,39,164.3,-0.44096049666404724,0.7217052420922652
UBFC_PHYS_s13_T2_ctrl,163,40,164.33333333333334,-0.27859777212142944,0.6697090392506728
UBFC_PHYS_s13_T2_ctrl,163,41,164.36666666666667,-0.024866720661520958,0.5922511012910153
UBFC_PHYS_s13_T2_ctrl,163,42,164.4,0.36386728286743164,0.49573438146605425
UBFC_PHYS_s13_T2_ctrl,163,43,164.43333333333334,0.8003647327423096,0.3823434401837362
UBFC_PHYS_s13_T2_ctrl,163,44,164.46666666666667,1.1696407794952393,0.24944220445397267
UBFC_PHYS_s13_T2_ctrl,163,45,164.5,1.4051166772842407,0.09110677837857717
UBFC_PHYS_s13_T2_ctrl,163,46,164.53333333333333,1.4227161407470703,-0.09917794225292079
UBFC_PHYS_s13_T2_ctrl,163,47,164.56666666666666,1.2583597898483276,-0.3255007355820616
UBFC_PHYS_s13_T2_ctrl,163,48,164.6,1.0647984743118286,-0.5865120608175306
UBFC_PHYS_s13_T2_ctrl,163,49,164.63333333333333,0.9638148546218872,-0.8724581521760991
UBFC_PHYS_s13_T2_ctrl,163,50,164.66666666666666,0.922275960445404,-1.16260938375485
UBFC_PHYS_s13_T2_ctrl,163,51,164.7,0.8748881816864014,-1.4241227378403067
UBFC_PHYS_s13_T2_ctrl,163,52,164.73333333333332,0.828515350818634,-1.6139237867080725
UBFC_PHYS_s13_T2_ctrl,163,53,164.76666666666668,0.8707066178321838,-1.685126966530949
UBFC_PHYS_s13_T2_ctrl,163,54,164.8,0.8862565159797668,-1.598419312133684
UBFC_PHYS_s13_T2_ctrl,163,55,164.83333333333334,0.24788734316825867,-1.336378350606192
UBFC_PHYS_s13_T2_ctrl,163,56,164.86666666666667,-0.8281952142715454,-0.9155707887711209
UBFC_PHYS_s13_T2_ctrl,163,57,164.9,-1.5576658248901367,-0.3897420810579302
UBFC_PHYS_s13_T2_ctrl,163,58,164.93333333333334,-1.707836389541626,0.1604269156282962
UBFC_PHYS_s13_T2_ctrl,163,59,164.96666666666667,-1.3281311988830566,0.6494994045312265
UBFC_PHYS_s13_T2_ctrl,163,60,165.0,-0.6295658946037292,1.0127493258968112
UBFC_PHYS_s13_T2_ctrl,163,61,165.03333333333333,-0.2490731030702591,1.2233844699378607
UBFC_PHYS_s13_T2_ctrl,163,62,165.06666666666666,-0.4899497330188751,1.2943970977588364
UBFC_PHYS_s13_T2_ctrl,163,63,165.1,-0.9032557606697083,1.2659405985087806
UBFC_PHYS_s13_T2_ctrl,163,64,165.13333333333333,-1.0382323265075684,1.1851808583580432
UBFC_PHYS_s13_T2_ctrl,163,65,165.16666666666666,-0.967946469783783,1.087445746622091
UBFC_PHYS_s13_T2_ctrl,163,66,165.2,-0.8382092118263245,0.9856527734175279
UBFC_PHYS_s13_T2_ctrl,163,67,165.23333333333332,-0.5958991646766663,0.8708516861052954
UBFC_PHYS_s13_T2_ctrl,163,68,165.26666666666668,-0.2523452043533325,0.7220994108468086
UBFC_PHYS_s13_T2_ctrl,163,69,165.3,0.038693733513355255,0.5205197548202102
UBFC_PHYS_s13_T2_ctrl,163,70,165.33333333333334,0.2025623321533203,0.26139867396368105
UBFC_PHYS_s13_T2_ctrl,163,71,165.36666666666667,0.2658328115940094,-0.04031991702288919
UBFC_PHYS_s13_T2_ctrl,163,72,165.4,0.25309041142463684,-0.35254699689267593
UBFC_PHYS_s13_T2_ctrl,163,73,165.43333333333334,0.17197000980377197,-0.6345834053542811
UBFC_PHYS_s13_T2_ctrl,163,74,165.46666666666667,0.06780322641134262,-0.8476605146745272
UBFC_PHYS_s13_T2_ctrl,163,75,165.5,-0.0007988299475982785,-0.9636205844269742
UBFC_PHYS_s13_T2_ctrl,163,76,165.53333333333333,0.02787899784743786,-0.9698202187688911
UBFC_PHYS_s13_T2_ctrl,163,77,165.56666666666666,0.1937279850244522,-0.8704281236537995
UBFC_PHYS_s13_T2_ctrl,163,78,165.6,0.4723705053329468,-0.6850502406960063
UBFC_PHYS_s13_T2_ctrl,163,79,165.63333333333333,0.7259170413017273,-0.4451308214115817
UBFC_PHYS_s13_T2_ctrl,163,80,165.66666666666666,0.8472120761871338,-0.18796818149610167
UBFC_PHYS_s13_T2_ctrl,163,81,165.7,0.8382624387741089,0.05131106071628178
UBFC_PHYS_s13_T2_ctrl,163,82,165.73333333333332,0.7629777789115906,0.2477174820190115
UBFC_PHYS_s13_T2_ctrl,163,83,165.76666666666668,0.6324365139007568,0.390907330219535
UBFC_PHYS_s13_T2_ctrl,163,84,165.8,0.41611215472221375,0.48372870224848125
UBFC_PHYS_s13_T2_ctrl,163,85,165.83333333333334,0.06708158552646637,0.5352000053210267
UBFC_PHYS_s13_T2_ctrl,163,86,165.86666666666667,-0.31889766454696655,0.5515613478613441
UBFC_PHYS_s13_T2_ctrl,163,87,165.9,-0.4100683033466339,0.5304707207157704
UBFC_PHYS_s13_T2_ctrl,163,88,165.93333333333334,-0.23710834980010986,0.46180049205403234
UBFC_PHYS_s13_T2_ctrl,163,89,165.96666666666667,-0.02762806974351406,0.33466044139204265
UBFC_PHYS_s13_T2_ctrl,163,90,166.0,0.10705194622278214,0.1465267897080238
UBFC_PHYS_s13_T2_ctrl,163,91,166.03333333333333,0.11455503851175308,-0.09068809831563611
UBFC_PHYS_s13_T2_ctrl,163,92,166.06666666666666,0.020468169823288918,-0.35034174593689094
UBFC_PHYS_s13_T2_ctrl,163,93,166.1,-0.04891154542565346,-0.595833399275874
UBFC_PHYS_s13_T2_ctrl,163,94,166.13333333333333,-0.010588767938315868,-0.7880838359119658
UBFC_PHYS_s13_T2_ctrl,163,95,166.16666666666666,0.12903070449829102,-0.8934092788663603
UBFC_PHYS_s13_T2_ctrl,163,96,166.2,0.3097441792488098,-0.8899592074988176
UBFC_PHYS_s13_T2_ctrl,163,97,166.23333333333332,0.4650914967060089,-0.7715024559557521
UBFC_PHYS_s13_T2_ctrl,163,98,166.26666666666668,0.5398390293121338,-0.5481686196655075
UBFC_PHYS_s13_T2_ctrl,163,99,166.3,0.5543608069419861,-0.24445986015251
UBFC_PHYS_s13_T2_ctrl,163,100,166.33333333333334,0.5486536026000977,0.10481794674405694
UBFC_PHYS_s13_T2_ctrl,163,101,166.36666666666667,0.5439975261688232,0.4598546996148775
UBFC_PHYS_s13_T2_ctrl,163,102,166.4,0.5698909163475037,0.7812661092524267
UBFC_PHYS_s13_T2_ctrl,163,103,166.43333333333334,0.6590449213981628,1.0346453425987672
UBFC_PHYS_s13_T2_ctrl,163,104,166.46666666666667,0.8120394945144653,1.1938551651260128
UBFC_PHYS_s13_T2_ctrl,163,105,166.5,1.0068793296813965,1.2431397940179494
UBFC_PHYS_s13_T2_ctrl,163,106,166.53333333333333,1.1783169507980347,1.1779202705875038
UBFC_PHYS_s13_T2_ctrl,163,107,166.56666666666666,1.2204258441925049,1.0039395853780415
UBFC_PHYS_s13_T2_ctrl,163,108,166.6,1.103263020515442,0.7349629360537706
UBFC_PHYS_s13_T2_ctrl,163,109,166.63333333333333,0.9095335602760315,0.3900653512010204
UBFC_PHYS_s13_T2_ctrl,163,110,166.66666666666666,0.7109899520874023,-0.008193203483011816
UBFC_PHYS_s13_T2_ctrl,163,111,166.7,0.49504783749580383,-0.43398829909597364
UBFC_PHYS_s13_T2_ctrl,163,112,166.73333333333332,0.24466466903686523,-0.8572693032180613
UBFC_PHYS_s13_T2_ctrl,163,113,166.76666666666668,-0.0037084612995386124,-1.2430352554938207
UBFC_PHYS_s13_T2_ctrl,163,114,166.8,-0.19851866364479065,-1.5524813009875558
UBFC_PHYS_s13_T2_ctrl,163,115,166.83333333333334,-0.3199026882648468,-1.7469326636794018
UBFC_PHYS_s13_T2_ctrl,163,116,166.86666666666667,-0.3765169382095337,-1.7941778180322827
UBFC_PHYS_s13_T2_ctrl,163,117,166.9,-0.3844747543334961,-1.6755731464127672
UBFC_PHYS_s13_T2_ctrl,163,118,166.93333333333334,-0.36275631189346313,-1.3917248313996786
UBFC_PHYS_s13_T2_ctrl,163,119,166.96666666666667,-0.349931538105011,-0.964870077000238
UBFC_PHYS_s13_T2_ctrl,163,120,167.0,-0.3915725350379944,-0.4370666887260473
UBFC_PHYS_s13_T2_ctrl,163,121,167.03333333333333,-0.4898574650287628,0.13558095575992674
UBFC_PHYS_s13_T2_ctrl,163,122,167.06666666666666,-0.5865112543106079,0.6915848042291952
UBFC_PHYS_s13_T2_ctrl,163,123,167.1,-0.623407244682312,1.173874459896513
UBFC_PHYS_s13_T2_ctrl,163,124,167.13333333333333,-0.6092512011528015,1.5384417307558236
UBFC_PHYS_s13_T2_ctrl,163,125,167.16666666666666,-0.6128429174423218,1.7596507413377147
UBFC_PHYS_s13_T2_ctrl,163,126,167.2,-0.6662707328796387,1.831176105852527
UBFC_PHYS_s13_T2_ctrl,163,127,167.23333333333332,-0.7385864853858948,1.7631505984234017
UBFC_PHYS_s13_T2_ctrl,163,128,167.26666666666668,-0.8276152610778809,1.577294444480537
UBFC_PHYS_s13_T2_ctrl,163,129,167.3,-0.9821519255638123,1.3019683922925156
UBFC_PHYS_s13_T2_ctrl,163,130,167.33333333333334,-1.2037979364395142,0.9682476773195148
UBFC_PHYS_s13_T2_ctrl,163,131,167.36666666666667,-1.3446004390716553,0.6069370441758716
UBFC_PHYS_s13_T2_ctrl,163,132,167.4,-1.1747609376907349,0.24578777145708225
UBFC_PHYS_s13_T2_ctrl,163,133,167.43333333333334,-0.707176923751831,-0.09350662903474814
UBFC_PHYS_s13_T2_ctrl,163,134,167.46666666666667,-0.2969452738761902,-0.39792475626832635
UBFC_PHYS_s13_T2_ctrl,163,135,167.5,-0.2020181268453598,-0.6639912204945569
UBFC_PHYS_s13_T2_ctrl,163,136,167.53333333333333,-0.30443188548088074,-0.8958792471360773
UBFC_PHYS_s13_T2_ctrl,163,137,167.56666666666666,-0.4185500741004944,-1.1006921286202684
UBFC_PHYS_s13_T2_ctrl,163,138,167.6,-0.5139747858047485,-1.2818128362632943
UBFC_PHYS_s13_T2_ctrl,163,139,167.63333333333333,-0.5433215498924255,-1.43204452259322
UBFC_PHYS_s13_T2_ctrl,163,140,167.66666666666666,-0.4637531638145447,-1.5290586962157104
UBFC_PHYS_s13_T2_ctrl,163,141,167.7,-0.36934995651245117,-1.5360573421506032
UBFC_PHYS_s13_T2_ctrl,163,142,167.73333333333332,-0.36435776948928833,-1.4098833641626434
UBFC_PHYS_s13_T2_ctrl,163,143,167.76666666666668,-0.395358681678772,-1.1164799985352545
UBFC_PHYS_s13_T2_ctrl,163,144,167.8,-0.380214124917984,-0.6497750808234546
UBFC_PHYS_s13_T2_ctrl,163,145,167.83333333333334,-0.3551939129829407,-0.046178104108989516
UBFC_PHYS_s13_T2_ctrl,163,146,167.86666666666667,-0.3635900020599365,0.6143865118132813
UBFC_PHYS_s13_T2_ctrl,163,147,167.9,-0.3852161765098572,1.225361968181777
UBFC_PHYS_s13_T2_ctrl,163,148,167.93333333333334,-0.418952077627182,1.6829048740133616
UBFC_PHYS_s13_T2_ctrl,163,149,167.96666666666667,-0.5096251368522644,1.9145887754900106
UBFC_PHYS_s13_T2_ctrl,163,150,168.0,-0.665944516658783,1.8954562004867004
UBFC_PHYS_s13_T2_ctrl,163,151,168.03333333333333,-0.81583172082901,1.647050279108909
UBFC_PHYS_s13_T2_ctrl,163,152,168.06666666666666,-0.8558745980262756,1.2231336574043685
UBFC_PHYS_s13_T2_ctrl,163,153,168.1,-0.7292808890342712,0.690441506913462
UBFC_PHYS_s13_T2_ctrl,163,154,168.13333333333333,-0.4844072461128235,0.11288481584869117
UBFC_PHYS_s13_T2_ctrl,163,155,168.16666666666666,-0.26129817962646484,-0.45584662442684537
UBFC_PHYS_s13_T2_ctrl,163,156,168.2,-0.18259313702583313,-0.9711918226150309
UBFC_PHYS_s13_T2_ctrl,163,157,168.23333333333332,-0.2611696422100067,-1.392286612540847
UBFC_PHYS_s13_T2_ctrl,163,158,168.26666666666668,-0.4164807200431824,-1.6783710302888817
UBFC_PHYS_s13_T2_ctrl,163,159,168.3,-0.5627893805503845,-1.7919952352300723
UBFC_PHYS_s13_T2_ctrl,163,160,168.33333333333334,-0.6763407588005066,-1.709722012353642
UBFC_PHYS_s13_T2_ctrl,163,161,168.36666666666667,-0.7650895118713379,-1.4355684854970117
UBFC_PHYS_s13_T2_ctrl,163,162,168.4,-0.8266728520393372,-1.0087890614070707
UBFC_PHYS_s13_T2_ctrl,163,163,168.43333333333334,-0.8574002385139465,-0.49897758367801937
UBFC_PHYS_s13_T2_ctrl,163,164,168.46666666666667,-0.8603724837303162,0.011756372090980325
UBFC_PHYS_s13_T2_ctrl,163,165,168.5,-0.8405718207359314,0.4521086482832525
UBFC_PHYS_s13_T2_ctrl,163,166,168.53333333333333,-0.8311114311218262,0.7797449893172737
UBFC_PHYS_s13_T2_ctrl,163,167,168.56666666666666,-0.8862032890319824,0.9866580567646964
UBFC_PHYS_s13_T2_ctrl,163,168,168.6,-1.0203297138214111,1.0912345083003039
UBFC_PHYS_s13_T2_ctrl,163,169,168.63333333333333,-1.1724246740341187,1.1230371162996662
UBFC_PHYS_s13_T2_ctrl,163,170,168.66666666666666,-1.218741536140442,1.1082115018753393
UBFC_PHYS_s13_T2_ctrl,163,171,168.7,-1.060039758682251,1.0610828607899636
UBFC_PHYS_s13_T2_ctrl,163,172,168.73333333333332,-0.7453020215034485,0.9835058606800134
UBFC_PHYS_s13_T2_ctrl,163,173,168.76666666666668,-0.44384047389030457,0.8700174593362302
UBFC_PHYS_s13_T2_ctrl,163,174,168.8,-0.2446938306093216,0.7150481464003493
UBFC_PHYS_s13_T2_ctrl,163,175,168.83333333333334,-0.09289871901273727,0.5186580483130825
UBFC_PHYS_s13_T2_ctrl,163,176,168.86666666666667,0.061934538185596466,0.2889045184075318
UBFC_PHYS_s13_T2_ctrl,163,177,168.9,0.2219214290380478,0.04089564690757545
UBFC_PHYS_s13_T2_ctrl,163,178,168.93333333333334,0.4072679281234741,-0.20616528733192493
UBFC_PHYS_s13_T2_ctrl,163,179,168.96666666666667,0.65833979845047,-0.43241434912563176
UBFC_PHYS_s13_T2_ctrl,163,180,169.0,0.9933362007141113,-0.6202383602950192
UBFC_PHYS_s13_T2_ctrl,163,181,169.03333333333333,1.3700066804885864,-0.7563517547550097
UBFC_PHYS_s13_T2_ctrl,163,182,169.06666666666666,1.6260673999786377,-0.8330974516720372
UBFC_PHYS_s13_T2_ctrl,163,183,169.1,1.5989514589309692,-0.849049766151793
UBFC_PHYS_s13_T2_ctrl,163,184,169.13333333333333,1.3456718921661377,-0.8088677923415374
UBFC_PHYS_s13_T2_ctrl,163,185,169.16666666666666,1.063704490661621,-0.722193258911313
UBFC_PHYS_s13_T2_ctrl,163,186,169.2,0.816346287727356,-0.6013896126261176
UBFC_PHYS_s13_T2_ctrl,163,187,169.23333333333332,0.5351895689964294,-0.4584255772084606
UBFC_PHYS_s13_T2_ctrl,163,188,169.26666666666668,0.2369869351387024,-0.302127163781893
UBFC_PHYS_s13_T2_ctrl,163,189,169.3,0.015512241050601006,-0.13740959833730962
UBFC_PHYS_s13_T2_ctrl,163,190,169.33333333333334,-0.07668650150299072,0.032778315318773704
UBFC_PHYS_s13_T2_ctrl,163,191,169.36666666666667,-0.039774052798748016,0.20370962326164269
UBFC_PHYS_s13_T2_ctrl,163,192,169.4,0.09566385298967361,0.3655369253767018
UBFC_PHYS_s13_T2_ctrl,163,193,169.43333333333334,0.21256645023822784,0.5026110865129579
UBFC_PHYS_s13_T2_ctrl,163,194,169.46666666666667,0.2078576683998108,0.59638789834216
UBFC_PHYS_s13_T2_ctrl,163,195,169.5,0.13329795002937317,0.6309386377804176
UBFC_PHYS_s13_T2_ctrl,163,196,169.53333333333333,0.11370489001274109,0.5987026750198765
UBFC_PHYS_s13_T2_ctrl,163,197,169.56666666666666,0.09159103035926819,0.5039351194413448
UBFC_PHYS_s13_T2_ctrl,163,198,169.6,-0.07893380522727966,0.3623279858509398
UBFC_PHYS_s13_T2_ctrl,163,199,169.63333333333333,-0.36261463165283203,0.19691355322128493
UBFC_PHYS_s13_T2_ctrl,163,200,169.66666666666666,-0.5146304965019226,0.031799348872920734
UBFC_PHYS_s13_T2_ctrl,163,201,169.7,-0.28810104727745056,-0.113980628178716
UBFC_PHYS_s13_T2_ctrl,163,202,169.73333333333332,0.28183743357658386,-0.2303621095597929
UBFC_PHYS_s13_T2_ctrl,163,203,169.76666666666668,0.9850060343742371,-0.3166679009537578
UBFC_PHYS_s13_T2_ctrl,163,204,169.8,1.3095831871032715,-0.3786467482161199
UBFC_PHYS_s13_T2_ctrl,163,205,169.83333333333334,1.1403170824050903,-0.4235142956391927
UBFC_PHYS_s13_T2_ctrl,163,206,169.86666666666667,0.7805278301239014,-0.4551378889846606
UBFC_PHYS_s13_T2_ctrl,163,207,169.9,0.40734371542930603,-0.4713857298913686
UBFC_PHYS_s13_T2_ctrl,163,208,169.93333333333334,0.07388939708471298,-0.4646499580046637
UBFC_PHYS_s13_T2_ctrl,163,209,169.96666666666667,-0.16888853907585144,-0.42516085835666323
UBFC_PHYS_s13_T2_ctrl,163,210,170.0,-0.3465935289859772,-0.345593899827327
UBFC_PHYS_s13_T2_ctrl,163,211,170.03333333333333,-0.507944643497467,-0.22504039555581398
UBFC_PHYS_s13_T2_ctrl,163,212,170.06666666666666,-0.6255227327346802,-0.07078880423923405
UBFC_PHYS_s13_T2_ctrl,163,213,170.1,-0.6333125233650208,0.10257646604540138
UBFC_PHYS_s13_T2_ctrl,163,214,170.13333333333333,-0.550686240196228,0.27601245093574756
UBFC_PHYS_s13_T2_ctrl,163,215,170.16666666666666,-0.4743306338787079,0.4295210033257052
UBFC_PHYS_s13_T2_ctrl,163,216,170.2,-0.4482460916042328,0.5455557892113923
UBFC_PHYS_s13_T2_ctrl,163,217,170.23333333333332,-0.4290682375431061,0.6121073243150734
UBFC_PHYS_s13_T2_ctrl,163,218,170.26666666666668,-0.34114333987236023,0.6249682413523397
UBFC_PHYS_s13_T2_ctrl,163,219,170.3,-0.2365185171365738,0.5883162025514469
UBFC_PHYS_s13_T2_ctrl,163,220,170.33333333333334,-0.1701538860797882,0.5131992391878188
UBFC_PHYS_s13_T2_ctrl,163,221,170.36666666666667,-0.09878058731555939,0.41440133383366373
UBFC_PHYS_s13_T2_ctrl,163,222,170.4,0.08181427419185638,0.3067155106257389
UBFC_PHYS_s13_T2_ctrl,163,223,170.43333333333334,0.3901561200618744,0.20167020665278562
UBFC_PHYS_s13_T2_ctrl,163,224,170.46666666666667,0.8051163554191589,0.10547463415898303
UBFC_PHYS_s13_T2_ctrl,163,225,170.5,1.3266258239746094,0.018677509879355635
UBFC_PHYS_s13_T2_ctrl,163,226,170.53333333333333,1.972040057182312,-0.062195930304448685
UBFC_PHYS_s13_T2_ctrl,163,227,170.56666666666666,2.679116725921631,-0.1413927631356539
UBFC_PHYS_s13_T2_ctrl,163,228,170.6,3.2962024211883545,-0.22048751402676578
UBFC_PHYS_s13_T2_ctrl,163,229,170.63333333333333,3.6085808277130127,-0.2965500651906908
UBFC_PHYS_s13_T2_ctrl,163,230,170.66666666666666,3.4579224586486816,-0.3627215668759777
UBFC_PHYS_s13_T2_ctrl,163,231,170.7,2.90461802482605,-0.4106040728064892
UBFC_PHYS_s13_T2_ctrl,163,232,170.73333333333332,2.0656490325927734,-0.43330362649617776
UBFC_PHYS_s13_T2_ctrl,163,233,170.76666666666668,1.0922175645828247,-0.4279914883870413
UBFC_PHYS_s13_T2_ctrl,163,234,170.8,-0.07004673779010773,-0.3969271124898189
UBFC_PHYS_s13_T2_ctrl,163,235,170.83333333333334,-1.0345252752304077,-0.346402909667613
UBFC_PHYS_s13_T2_ctrl,163,236,170.86666666666667,-1.3740065097808838,-0.2842366853595798
UBFC_PHYS_s13_T2_ctrl,163,237,170.9,-1.2782225608825684,-0.2172418516044788
UBFC_PHYS_s13_T2_ctrl,163,238,170.93333333333334,-1.0385487079620361,-0.1497311486165369
UBFC_PHYS_s13_T2_ctrl,163,239,170.96666666666667,-0.7384315729141235,-0.083288160271801
UBFC_PHYS_s13_T2_ctrl,164,0,164.0,0.7418985962867737,0.15765629831197367
UBFC_PHYS_s13_T2_ctrl,164,1,164.03333333333333,0.3406759202480316,0.3098464921868086
UBFC_PHYS_s13_T2_ctrl,164,2,164.06666666666666,-0.02232614904642105,0.45854633078606727
UBFC_PHYS_s13_T2_ctrl,164,3,164.1,-0.31998178362846375,0.5979043819427088
UBFC_PHYS_s13_T2_ctrl,164,4,164.13333333333333,-0.5535398125648499,0.7178496585813146
UBFC_PHYS_s13_T2_ctrl,164,5,164.16666666666666,-0.7129006385803223,0.806470882769758
UBFC_PHYS_s13_T2_ctrl,164,6,164.2,-0.7784513831138611,0.8545626907637278
UBFC_PHYS_s13_T2_ctrl,164,7,164.23333333333332,-0.7351595163345337,0.859667497563969
UBFC_PHYS_s13_T2_ctrl,164,8,164.26666666666668,-0.5999258756637573,0.8272438099713187
UBFC_PHYS_s13_T2_ctrl,164,9,164.3,-0.44096049666404724,0.7682877880384228
UBFC_PHYS_s13_T2_ctrl,164,10,164.33333333333334,-0.27859777212142944,0.6945985819802706
UBFC_PHYS_s13_T2_ctrl,164,11,164.36666666666667,-0.024866720661520958,0.6139474576408557
UBFC_PHYS_s13_T2_ctrl,164,12,164.4,0.36386728286743164,0.5272706316059554
UBFC_PHYS_s13_T2_ctrl,164,13,164.43333333333334,0.8003647327423096,0.42886753338443084
UBFC_PHYS_s13_T2_ctrl,164,14,164.46666666666667,1.1696407794952393,0.30911113909747984
UBFC_PHYS_s13_T2_ctrl,164,15,164.5,1.4051166772842407,0.15817366681614373
UBFC_PHYS_s13_T2_ctrl,164,16,164.53333333333333,1.4227161407470703,-0.030754845229674012
UBFC_PHYS_s13_T2_ctrl,164,17,164.56666666666666,1.2583597898483276,-0.25946300879966044
UBFC_PHYS_s13_T2_ctrl,164,18,164.6,1.0647984743118286,-0.5235998679800435
UBFC_PHYS_s13_T2_ctrl,164,19,164.63333333333333,0.9638148546218872,-0.8116251800786636
UBFC_PHYS_s13_T2_ctrl,164,20,164.66666666666666,0.922275960445404,-1.1034617658426897
UBFC_PHYS_s13_T2_ctrl,164,21,164.7,0.8748881816864014,-1.369475932458147
UBFC_PHYS_s13_T2_ctrl,164,22,164.73333333333332,0.828515350818634,-1.571261558245369
UBFC_PHYS_s13_T2_ctrl,164,23,164.76666666666668,0.8707066178321838,-1.666024917231246
UBFC_PHYS_s13_T2_ctrl,164,24,164.8,0.8862565159797668,-1.6157687730975092
UBFC_PHYS_s13_T2_ctrl,164,25,164.83333333333334,0.24788734316825867,-1.400314406561898
UBFC_PHYS_s13_T2_ctrl,164,26,164.86666666666667,-0.8281952142715454,-1.0298286194183246
UBFC_PHYS_s13_T2_ctrl,164,27,164.9,-1.5576658248901367,-0.5501589172124735
UBFC_PHYS_s13_T2_ctrl,164,28,164.93333333333334,-1.707836389541626,-0.035427732658275174
UBFC_PHYS_s13_T2_ctrl,164,29,164.96666666666667,-1.3281311988830566,0.43207820278760506
UBFC_PHYS_s13_T2_ctrl,164,30,165.0,-0.6295658946037292,0.7869726776183121
UBFC_PHYS_s13_T2_ctrl,164,31,165.03333333333333,-0.2490731030702591,0.9991607767127614
UBFC_PHYS_s13_T2_ctrl,164,32,165.06666666666666,-0.4899497330188751,1.0776748207504654
UBFC_PHYS_s13_T2_ctrl,164,33,165.1,-0.9032557606697083,1.0599419194976902
UBFC_PHYS_s13_T2_ctrl,164,34,165.13333333333333,-1.0382323265075684,0.9926838348364867
UBFC_PHYS_s13_T2_ctrl,164,35,165.16666666666666,-0.967946469783783,0.9129358576340937
UBFC_PHYS_s13_T2_ctrl,164,36,165.2,-0.8382092118263245,0.8363608933679457
UBFC_PHYS_s13_T2_ctrl,164,37,165.23333333333332,-0.5958991646766663,0.7562273914434708
UBFC_PHYS_s13_T2_ctrl,164,38,165.26666666666668,-0.2523452043533325,0.651795454769527
UBFC_PHYS_s13_T2_ctrl,164,39,165.3,0.038693733513355255,0.5014729447904717
UBFC_PHYS_s13_T2_ctrl,164,40,165.33333333333334,0.2025623321533203,0.2952324530772037
UBFC_PHYS_s13_T2_ctrl,164,41,165.36666666666667,0.2658328115940094,0.04202010230813314
UBFC_PHYS_s13_T2_ctrl,164,42,165.4,0.25309041142463684,-0.22988780814279133
UBFC_PHYS_s13_T2_ctrl,164,43,165.43333333333334,0.17197000980377197,-0.47918006118846657
UBFC_PHYS_s13_T2_ctrl,164,44,165.46666666666667,0.06780322641134262,-0.6619808633292203
UBFC_PHYS_s13_T2_ctrl,164,45,165.5,-0.0007988299475982785,-0.7430266103448238
UBFC_PHYS_s13_T2_ctrl,164,46,165.53333333333333,0.02787899784743786,-0.7044688313405376
UBFC_PHYS_s13_T2_ctrl,164,47,165.56666666666666,0.1937279850244522,-0.550413591068126
UBFC_PHYS_s13_T2_ctrl,164,48,165.6,0.4723705053329468,-0.30649789910158687
UBFC_PHYS_s13_T2_ctrl,164,49,165.63333333333333,0.7259170413017273,-0.014636855333454721
UBFC_PHYS_s13_T2_ctrl,164,50,165.66666666666666,0.8472120761871338,0.2762519078961499
UBFC_PHYS_s13_T2_ctrl,164,51,165.7,0.8382624387741089,0.5216300197278019
UBFC_PHYS_s13_T2_ctrl,164,52,165.73333333333332,0.7629777789115906,0.691418907029047
UBFC_PHYS_s13_T2_ctrl,164,53,165.76666666666668,0.6324365139007568,0.7749568263214913
UBFC_PHYS_s13_T2_ctrl,164,54,165.8,0.41611215472221375,0.7788323254659426
UBFC_PHYS_s13_T2_ctrl,164,55,165.83333333333334,0.06708158552646637,0.7188479186164698
UBFC_PHYS_s13_T2_ctrl,164,56,165.86666666666667,-0.31889766454696655,0.6101846577102548
UBFC_PHYS_s13_T2_ctrl,164,57,165.9,-0.4100683033466339,0.460594924220851
UBFC_PHYS_s13_T2_ctrl,164,58,165.93333333333334,-0.23710834980010986,0.2696280718976429
UBFC_PHYS_s13_T2_ctrl,164,59,165.96666666666667,-0.02762806974351406,0.033581384824579556
UBFC_PHYS_s13_T2_ctrl,164,60,166.0,0.10705194622278214,-0.24700051867112824
UBFC_PHYS_s13_T2_ctrl,164,61,166.03333333333333,0.11455503851175308,-0.5611518413266892
UBFC_PHYS_s13_T2_ctrl,164,62,166.06666666666666,0.020468169823288918,-0.8848240146037899
UBFC_PHYS_s13_T2_ctrl,164,63,166.1,-0.04891154542565346,-1.1819044698698375
UBFC_PHYS_s13_T2_ctrl,164,64,166.13333333333333,-0.010588767938315868,-1.4085522018718406
UBFC_PHYS_s13_T2_ctrl,164,65,166.16666666666666,0.12903070449829102,-1.5206935870600338
UBFC_PHYS_s13_T2_ctrl,164,66,166.2,0.3097441792488098,-1.4839752268748043
UBFC_PHYS_s13_T2_ctrl,164,67,166.23333333333332,0.4650914967060089,-1.2840716861162436
UBFC_PHYS_s13_T2_ctrl,164,68,166.26666666666668,0.5398390293121338,-0.933934976654794
UBFC_PHYS_s13_T2_ctrl,164,69,166.3,0.5543608069419861,-0.47450484757085465
UBFC_PHYS_s13_T2_ctrl,164,70,166.33333333333334,0.5486536026000977,0.03276254493010344
UBFC_PHYS_s13_T2_ctrl,164,71,166.36666666666667,0.5439975261688232,0.5198661892383029
UBFC_PHYS_s13_T2_ctrl,164,72,166.4,0.5698909163475037,0.9277962563887426
UBFC_PHYS_s13_T2_ctrl,164,73,166.43333333333334,0.6590449213981628,1.2178113966108848
UBFC_PHYS_s13_T2_ctrl,164,74,166.46666666666667,0.8120394945144653,1.3750847449569261
UBFC_PHYS_s13_T2_ctrl,164,75,166.5,1.0068793296813965,1.4051460024814808
UBFC_PHYS_s13_T2_ctrl,164,76,166.53333333333333,1.1783169507980347,1.3261048827190056
UBFC_PHYS_s13_T2_ctrl,164,77,166.56666666666666,1.2204258441925049,1.1602842842636882
UBFC_PHYS_s13_T2_ctrl,164,78,166.6,1.103263020515442,0.9281626513785352
UBFC_PHYS_s13_T2_ctrl,164,79,166.63333333333333,0.9095335602760315,0.6460459794262102
UBFC_PHYS_s13_T2_ctrl,164,80,166.66666666666666,0.7109899520874023,0.32725296542615917
UBFC_PHYS_s13_T2_ctrl,164,81,166.7,0.49504783749580383,-0.014637101636548466
UBFC_PHYS_s13_T2_ctrl,164,82,166.73333333333332,0.24466466903686523,-0.3624189524289081
UBFC_PHYS_s13_T2_ctrl,164,83,166.76666666666668,-0.0037084612995386124,-0.6934845479226273
UBFC_PHYS_s13_T2_ctrl,164,84,166.8,-0.19851866364479065,-0.9805827294060014
UBFC_PHYS_s13_T2_ctrl,164,85,166.83333333333334,-0.3199026882648468,-1.1950520479189026
UBFC_PHYS_s13_T2_ctrl,164,86,166.86666666666667,-0.3765169382095337,-1.31152973949077
UBFC_PHYS_s13_T2_ctrl,164,87,166.9,-0.3844747543334961,-1.3126862877003902
UBFC_PHYS_s13_T2_ctrl,164,88,166.93333333333334,-0.36275631189346313,-1.1927386941894775
UBFC_PHYS_s13_T2_ctrl,164,89,166.96666666666667,-0.349931538105011,-0.9590738990062451
UBFC_PHYS_s13_T2_ctrl,164,90,167.0,-0.3915725350379944,-0.6318485783913143
UBFC_PHYS_s13_T2_ctrl,164,91,167.03333333333333,-0.4898574650287628,-0.24171965295705442
UBFC_PHYS_s13_T2_ctrl,164,92,167.06666666666666,-0.5865112543106079,0.1740068381010001
UBFC_PHYS_s13_T2_ctrl,164,93,167.1,-0.623407244682312,0.5762074194585085
UBFC_PHYS_s13_T2_ctrl,164,94,167.13333333333333,-0.6092512011528015,0.9286314297255338
UBFC_PHYS_s13_T2_ctrl,164,95,167.16666666666666,-0.6128429174423218,1.2012837151126636
UBFC_PHYS_s13_T2_ctrl,164,96,167.2,-0.6662707328796387,1.3721925134604591
UBFC_PHYS_s13_T2_ctrl,164,97,167.23333333333332,-0.7385864853858948,1.4282969505597272
UBFC_PHYS_s13_T2_ctrl,164,98,167.26666666666668,-0.8276152610778809,1.366436400904329
UBFC_PHYS_s13_T2_ctrl,164,99,167.3,-0.9821519255638123,1.1946492547694123
UBFC_PHYS_s13_T2_ctrl,164,100,167.33333333333334,-1.2037979364395142,0.9327734359241185
UBFC_PHYS_s13_T2_ctrl,164,101,167.36666666666667,-1.3446004390716553,0.6108201381360302
UBFC_PHYS_s13_T2_ctrl,164,102,167.4,-1.1747609376907349,0.26443385924345086
UBFC_PHYS_s13_T2_ctrl,164,103,167.43333333333334,-0.707176923751831,-0.07169051487166599
UBFC_PHYS_s13_T2_ctrl,164,104,167.46666666666667,-0.2969452738761902,-0.3703994436987801
UBFC_PHYS_s13_T2_ctrl,164,105,167.5,-0.2020181268453598,-0.6164315970484766
UBFC_PHYS_s13_T2_ctrl,164,106,167.53333333333333,-0.30443188548088074,-0.8070017943309176
UBFC_PHYS_s13_T2_ctrl,164,107,167.56666666666666,-0.4185500741004944,-0.9483684448691994
UBFC_PHYS_s13_T2_ctrl,164,108,167.6,-0.5139747858047485,-1.0494485423899782
UBFC_PHYS_s13_T2_ctrl,164,109,167.63333333333333,-0.5433215498924255,-1.1145024606816867
UBFC_PHYS_s13_T2_ctrl,164,110,167.66666666666666,-0.4637531638145447,-1.137345954934139
UBFC_PHYS_s13_T2_ctrl,164,111,167.7,-0.36934995651245117,-1.0995409388227713
UBFC_PHYS_s13_T2_ctrl,164,112,167.73333333333332,-0.36435776948928833,-0.9744879071437244
UBFC_PHYS_s13_T2_ctrl,164,113,167.76666666666668,-0.395358681678772,-0.7377761011064852
UBFC_PHYS_s13_T2_ctrl,164,114,167.8,-0.380214124917984,-0.3813947491919217
UBFC_PHYS_s13_T2_ctrl,164,115,167.83333333333334,-0.3551939129829407,0.07358968660668416
UBFC_PHYS_s13_T2_ctrl,164,116,167.86666666666667,-0.3635900020599365,0.5727132249483795
UBFC_PHYS_s13_T2_ctrl,164,117,167.9,-0.3852161765098572,1.0368035419502666
UBFC_PHYS_s13_T2_ctrl,164,118,167.93333333333334,-0.418952077627182,1.3824011322365286
UBFC_PHYS_s13_T2_ctrl,164,119,167.96666666666667,-0.5096251368522644,1.5461422303998809
UBFC_PHYS_s13_T2_ctrl,164,120,168.0,-0.665944516658783,1.5024598789490011
UBFC_PHYS_s13_T2_ctrl,164,121,168.03333333333333,-0.81583172082901,1.2670281353311927
UBFC_PHYS_s13_T2_ctrl,164,122,168.06666666666666,-0.8558745980262756,0.8860941579178486
UBFC_PHYS_s13_T2_ctrl,164,123,168.1,-0.7292808890342712,0.41880740072702655
UBFC_PHYS_s13_T2_ctrl,164,124,168.13333333333333,-0.4844072461128235,-0.07874763187351438
UBFC_PHYS_s13_T2_ctrl,164,125,168.16666666666666,-0.26129817962646484,-0.5621304457638219
UBFC_PHYS_s13_T2_ctrl,164,126,168.2,-0.18259313702583313,-0.9985113106910382
UBFC_PHYS_s13_T2_ctrl,164,127,168.23333333333332,-0.2611696422100067,-1.3607888991945374
UBFC_PHYS_s13_T2_ctrl,164,128,168.26666666666668,-0.4164807200431824,-1.62110913431016
UBFC_PHYS_s13_T2_ctrl,164,129,168.3,-0.5627893805503845,-1.7490685324279702
UBFC_PHYS_s13_T2_ctrl,164,130,168.33333333333334,-0.6763407588005066,-1.7172271283778175
UBFC_PHYS_s13_T2_ctrl,164,131,168.36666666666667,-0.7650895118713379,-1.5122257709014555
UBFC_PHYS_s13_T2_ctrl,164,132,168.4,-0.8266728520393372,-1.1458429276242261
UBFC_PHYS_s13_T2_ctrl,164,133,168.43333333333334,-0.8574002385139465,-0.6592115514271425
UBFC_PHYS_s13_T2_ctrl,164,134,168.46666666666667,-0.8603724837303162,-0.11635238789765888
UBFC_PHYS_s13_T2_ctrl,164,135,168.5,-0.8405718207359314,0.4112448409058305
UBFC_PHYS_s13_T2_ctrl,164,136,168.53333333333333,-0.8311114311218262,0.862240029958607
UBFC_PHYS_s13_T2_ctrl,164,137,168.56666666666666,-0.8862032890319824,1.1975268771729446
UBFC_PHYS_s13_T2_ctrl,164,138,168.6,-1.0203297138214111,1.4030268121626581
UBFC_PHYS_s13_T2_ctrl,164,139,168.63333333333333,-1.1724246740341187,1.4847873236580698
UBFC_PHYS_s13_T2_ctrl,164,140,168.66666666666666,-1.218741536140442,1.4606598714401977
UBFC_PHYS_s13_T2_ctrl,164,141,168.7,-1.060039758682251,1.352481953162377
UBFC_PHYS_s13_T2_ctrl,164,142,168.73333333333332,-0.7453020215034485,1.1809744084205516
UBFC_PHYS_s13_T2_ctrl,164,143,168.76666666666668,-0.44384047389030457,0.963790294736574
UBFC_PHYS_s13_T2_ctrl,164,144,168.8,-0.2446938306093216,0.7159663445318458
UBFC_PHYS_s13_T2_ctrl,164,145,168.83333333333334,-0.09289871901273727,0.451510218076755
UBFC_PHYS_s13_T2_ctrl,164,146,168.86666666666667,0.061934538185596466,0.1848281886506654
UBFC_PHYS_s13_T2_ctrl,164,147,168.9,0.2219214290380478,-0.06889514173246947
UBFC_PHYS_s13_T2_ctrl,164,148,168.93333333333334,0.4072679281234741,-0.29453245554916074
UBFC_PHYS_s13_T2_ctrl,164,149,168.96666666666667,0.65833979845047,-0.47859277815047774
UBFC_PHYS_s13_T2_ctrl,164,150,169.0,0.9933362007141113,-0.6108511091072129
UBFC_PHYS_s13_T2_ctrl,164,151,169.03333333333333,1.3700066804885864,-0.6854999237939291
UBFC_PHYS_s13_T2_ctrl,164,152,169.06666666666666,1.6260673999786377,-0.7016177239165755
UBFC_PHYS_s13_T2_ctrl,164,153,169.1,1.5989514589309692,-0.6630518640439161
UBFC_PHYS_s13_T2_ctrl,164,154,169.13333333333333,1.3456718921661377,-0.5779509786514927
UBFC_PHYS_s13_T2_ctrl,164,155,169.16666666666666,1.063704490661621,-0.4580296141502799
UBFC_PHYS_s13_T2_ctrl,164,156,169.2,0.816346287727356,-0.31733341138894183
UBFC_PHYS_s13_T2_ctrl,164,157,169.23333333333332,0.5351895689964294,-0.17031897155800832
UBFC_PHYS_s13_T2_ctrl,164,158,169.26666666666668,0.2369869351387024,-0.029689028526518068
UBFC_PHYS_s13_T2_ctrl,164,159,169.3,0.015512241050601006,0.09502109949289252
UBFC_PHYS_s13_T2_ctrl,164,160,169.33333333333334,-0.07668650150299072,0.1973221985076129
UBFC_PHYS_s13_T2_ctrl,164,161,169.36666666666667,-0.039774052798748016,0.27219175229031317
UBFC_PHYS_s13_T2_ctrl,164,162,169.4,0.09566385298967361,0.3140351978121981
UBFC_PHYS_s13_T2_ctrl,164,163,169.43333333333334,0.21256645023822784,0.31564408800890087
UBFC_PHYS_s13_T2_ctrl,164,164,169.46666666666667,0.2078576683998108,0.26928322647901876
UBFC_PHYS_s13_T2_ctrl,164,165,169.5,0.13329795002937317,0.16991515946217586
UBFC_PHYS_s13_T2_ctrl,164,166,169.53333333333333,0.11370489001274109,0.01914945752194484
UBFC_PHYS_s13_T2_ctrl,164,167,169.56666666666666,0.09159103035926819,-0.1721594440015376
UBFC_PHYS_s13_T2_ctrl,164,168,169.6,-0.07893380522727966,-0.3840322322211289
UBFC_PHYS_s13_T2_ctrl,164,169,169.63333333333333,-0.36261463165283203,-0.5901508785122689
UBFC_PHYS_s13_T2_ctrl,164,170,169.66666666666666,-0.5146304965019226,-0.7622160382545674
UBFC_PHYS_s13_T2_ctrl,164,171,169.7,-0.28810104727745056,-0.8746067723430737
UBFC_PHYS_s13_T2_ctrl,164,172,169.73333333333332,0.28183743357658386,-0.9085579252064709
UBFC_PHYS_s13_T2_ctrl,164,173,169.76666666666668,0.9850060343742371,-0.855457969023683
UBFC_PHYS_s13_T2_ctrl,164,174,169.8,1.3095831871032715,-0.7187029523231643
UBFC_PHYS_s13_T2_ctrl,164,175,169.83333333333334,1.1403170824050903,-0.5133484191934183
UBFC_PHYS_s13_T2_ctrl,164,176,169.86666666666667,0.7805278301239014,-0.2632265546186046
UBFC_PHYS_s13_T2_ctrl,164,177,169.9,0.40734371542930603,0.003927359239311227
UBFC_PHYS_s13_T2_ctrl,164,178,169.93333333333334,0.07388939708471298,0.26200164921277386
UBFC_PHYS_s13_T2_ctrl,164,179,169.96666666666667,-0.16888853907585144,0.49094934431927084
UBFC_PHYS_s13_T2_ctrl,164,180,170.0,-0.3465935289859772,0.6786138250005617
UBFC_PHYS_s13_T2_ctrl,164,181,170.03333333333333,-0.507944643497467,0.8194914382681809
UBFC_PHYS_s13_T2_ctrl,164,182,170.06666666666666,-0.6255227327346802,0.9116301602001051
UBFC_PHYS_s13_T2_ctrl,164,183,170.1,-0.6333125233650208,0.9537819720451021
UBFC_PHYS_s13_T2_ctrl,164,184,170.13333333333333,-0.550686240196228,0.9442708570798585
UBFC_PHYS_s13_T2_ctrl,164,185,170.16666666666666,-0.4743306338787079,0.8816817134395478
UBFC_PHYS_s13_T2_ctrl,164,186,170.2,-0.4482460916042328,0.7666525234725468
UBFC_PHYS_s13_T2_ctrl,164,187,170.23333333333332,-0.4290682375431061,0.6038871852222173
UBFC_PHYS_s13_T2_ctrl,164,188,170.26666666666668,-0.34114333987236023,0.4035901620678483
UBFC_PHYS_s13_T2_ctrl,164,189,170.3,-0.2365185171365738,0.1817019146500966
UBFC_PHYS_s13_T2_ctrl,164,190,170.33333333333334,-0.1701538860797882,-0.041388312640661166
UBFC_PHYS_s13_T2_ctrl,164,191,170.36666666666667,-0.09878058731555939,-0.2435356275454797
UBFC_PHYS_s13_T2_ctrl,164,192,170.4,0.08181427419185638,-0.4043229867449566
UBFC_PHYS_s13_T2_ctrl,164,193,170.43333333333334,0.3901561200618744,-0.5084154301341726
UBFC_PHYS_s13_T2_ctrl,164,194,170.46666666666667,0.8051163554191589,-0.5479287101666158
UBFC_PHYS_s13_T2_ctrl,164,195,170.5,1.3266258239746094,-0.5232472072595697
UBFC_PHYS_s13_T2_ctrl,164,196,170.53333333333333,1.972040057182312,-0.4420884352071445
UBFC_PHYS_s13_T2_ctrl,164,197,170.56666666666666,2.679116725921631,-0.3171465921764851
UBFC_PHYS_s13_T2_ctrl,164,198,170.6,3.2962024211883545,-0.16329545402635084
UBFC_PHYS_s13_T2_ctrl,164,199,170.63333333333333,3.6085808277130127,0.0044834713116027065
UBFC_PHYS_s13_T2_ctrl,164,200,170.66666666666666,3.4579224586486816,0.17190286598291102
UBFC_PHYS_s13_T2_ctrl,164,201,170.7,2.90461802482605,0.32522411947699087
UBFC_PHYS_s13_T2_ctrl,164,202,170.73333333333332,2.0656490325927734,0.4509096804428747
UBFC_PHYS_s13_T2_ctrl,164,203,170.76666666666668,1.0922175645828247,0.5357934162953033
UBFC_PHYS_s13_T2_ctrl,164,204,170.8,-0.07004673779010773,0.5682477542599809
UBFC_PHYS_s13_T2_ctrl,164,205,170.83333333333334,-1.0345252752304077,0.5403071871860202
UBFC_PHYS_s13_T2_ctrl,164,206,170.86666666666667,-1.3740065097808838,0.4499613585352235
UBFC_PHYS_s13_T2_ctrl,164,207,170.9,-1.2782225608825684,0.3023960735729956
UBFC_PHYS_s13_T2_ctrl,164,208,170.93333333333334,-1.0385487079620361,0.10932836836360925
UBFC_PHYS_s13_T2_ctrl,164,209,170.96666666666667,-0.7384315729141235,-0.11335060077543775
UBFC_PHYS_s13_T2_ctrl,164,210,171.0,-0.4479198753833771,-0.34831310779610863
UBFC_PHYS_s13_T2_ctrl,164,211,171.03333333333333,-0.294411301612854,-0.5784573188104788
UBFC_PHYS_s13_T2_ctrl,164,212,171.06666666666666,-0.327273964881897,-0.7871591910104074
UBFC_PHYS_s13_T2_ctrl,164,213,171.1,-0.47227776050567627,-0.9580603654390824
UBFC_PHYS_s13_T2_ctrl,164,214,171.13333333333333,-0.6063416004180908,-1.075578616085962
UBFC_PHYS_s13_T2_ctrl,164,215,171.16666666666666,-0.7435457110404968,-1.1265641198646654
UBFC_PHYS_s13_T2_ctrl,164,216,171.2,-0.8953968286514282,-1.1025605383102246
UBFC_PHYS_s13_T2_ctrl,164,217,171.23333333333332,-1.060570240020752,-1.0017548199733075
UBFC_PHYS_s13_T2_ctrl,164,218,171.26666666666668,-1.2271112203598022,-0.8301012239268288
UBFC_PHYS_s13_T2_ctrl,164,219,171.3,-1.3749126195907593,-0.6015334367452353
UBFC_PHYS_s13_T2_ctrl,164,220,171.33333333333334,-1.2092349529266357,-0.33703822071631245
UBFC_PHYS_s13_T2_ctrl,164,221,171.36666666666667,-0.6760804653167725,-0.06221792509105988
UBFC_PHYS_s13_T2_ctrl,164,222,171.4,-0.275556355714798,0.1965283380023952
UBFC_PHYS_s13_T2_ctrl,164,223,171.43333333333334,-0.04529016092419624,0.41629479173691897
UBFC_PHYS_s13_T2_ctrl,164,224,171.46666666666667,0.08087185770273209,0.5811825569676949
UBFC_PHYS_s13_T2_ctrl,164,225,171.5,0.007356705609709024,0.6841298191538027
UBFC_PHYS_s13_T2_ctrl,164,226,171.53333333333333,-0.2858867049217224,0.7269212601817382
UBFC_PHYS_s13_T2_ctrl,164,227,171.56666666666666,-0.5718576908111572,0.7188800740961573
UBFC_PHYS_s13_T2_ctrl,164,228,171.6,-0.6835407018661499,0.6748135941601503
UBFC_PHYS_s13_T2_ctrl,164,229,171.63333333333333,-0.6285147666931152,0.6123202877791507
UBFC_PHYS_s13_T2_ctrl,164,230,171.66666666666666,-0.4349369406700134,0.5481400024840433
UBFC_PHYS_s13_T2_ctrl,164,231,171.7,-0.09104353934526443,0.49375455310560373
UBFC_PHYS_s13_T2_ctrl,164,232,171.73333333333332,0.2722320258617401,0.45192842700538743
UBFC_PHYS_s13_T2_ctrl,164,233,171.76666666666668,0.47629836201667786,0.416548552032881
UBFC_PHYS_s13_T2_ctrl,164,234,171.8,0.4775010943412781,0.37658611847770807
UBFC_PHYS_s13_T2_ctrl,164,235,171.83333333333334,0.41809913516044617,0.32229809244446994
UBFC_PHYS_s13_T2_ctrl,164,236,171.86666666666667,0.37623733282089233,0.25009179901050316
UBFC_PHYS_s13_T2_ctrl,164,237,171.9,0.339974045753479,0.16335272097766002
UBFC_PHYS_s13_T2_ctrl,164,238,171.93333333333334,0.2865890562534332,0.06964077328117106
UBFC_PHYS_s13_T2_ctrl,164,239,171.96666666666667,0.2650485634803772,-0.02280665260019411
UBFC_PHYS_s13_T2_ctrl,165,0,165.0,-0.6295658946037292,-0.13019796985632254
UBFC_PHYS_s13_T2_ctrl,165,1,165.03333333333333,-0.2490731030702591,-0.13920275875282895
UBFC_PHYS_s13_T2_ctrl,165,2,165.06666666666666,-0.4899497330188751,-0.1416165201020353
UBFC_PHYS_s13_T2_ctrl,165,3,165.1,-0.9032557606697083,-0.1350190466915993
UBFC_PHYS_s13_T2_ctrl,165,4,165.13333333333333,-1.0382323265075684,-0.12053643168639676
UBFC_PHYS_s13_T2_ctrl,165,5,165.16666666666666,-0.967946469783783,-0.10321808207141928
UBFC_PHYS_s13_T2_ctrl,165,6,165.2,-0.8382092118263245,-0.09098183382139947
UBFC_PHYS_s13_T2_ctrl,165,7,165.23333333333332,-0.5958991646766663,-0.09253824912177096
UBFC_PHYS_s13_T2_ctrl,165,8,165.26666666666668,-0.2523452043533325,-0.11522966000986404
UBFC_PHYS_s13_T2_ctrl,165,9,165.3,0.038693733513355255,-0.16345345712852277
UBFC_PHYS_s13_T2_ctrl,165,10,165.33333333333334,0.2025623321533203,-0.23735459885214585
UBFC_PHYS_s13_T2_ctrl,165,11,165.36666666666667,0.2658328115940094,-0.3310915729777636
UBFC_PHYS_s13_T2_ctrl,165,12,165.4,0.25309041142463684,-0.43101461820751336
UBFC_PHYS_s13_T2_ctrl,165,13,165.43333333333334,0.17197000980377197,-0.5152927359865537
UBFC_PHYS_s13_T2_ctrl,165,14,165.46666666666667,0.06780322641134262,-0.5564143224777167
UBFC_PHYS_s13_T2_ctrl,165,15,165.5,-0.0007988299475982785,-0.5268172521788604
UBFC_PHYS_s13_T2_ctrl,165,16,165.53333333333333,0.02787899784743786,-0.4066336641953745
UBFC_PHYS_s13_T2_ctrl,165,17,165.56666666666666,0.1937279850244522,-0.19154228020930592
UBFC_PHYS_s13_T2_ctrl,165,18,165.6,0.4723705053329468,0.10190227587958693
UBFC_PHYS_s13_T2_ctrl,165,19,165.63333333333333,0.7259170413017273,0.4361403959310954
UBFC_PHYS_s13_T2_ctrl,165,20,165.66666666666666,0.8472120761871338,0.7593769102435705
UBFC_PHYS_s13_T2_ctrl,165,21,165.7,0.8382624387741089,1.0183279162573928
UBFC_PHYS_s13_T2_ctrl,165,22,165.73333333333332,0.7629777789115906,1.1724397401205955
UBFC_PHYS_s13_T2_ctrl,165,23,165.76666666666668,0.6324365139007568,1.203439602814267
UBFC_PHYS_s13_T2_ctrl,165,24,165.8,0.41611215472221375,1.1163863296713383
UBFC_PHYS_s13_T2_ctrl,165,25,165.83333333333334,0.06708158552646637,0.9328248255057532
UBFC_PHYS_s13_T2_ctrl,165,26,165.86666666666667,-0.31889766454696655,0.6801070441345958
UBFC_PHYS_s13_T2_ctrl,165,27,165.9,-0.4100683033466339,0.3820062024530857
UBFC_PHYS_s13_T2_ctrl,165,28,165.93333333333334,-0.23710834980010986,0.054485249034480994
UBFC_PHYS_s13_T2_ctrl,165,29,165.96666666666667,-0.02762806974351406,-0.29228782284214516
UBFC_PHYS_s13_T2_ctrl,165,30,166.0,0.10705194622278214,-0.6475660194343338
UBFC_PHYS_s13_T2_ctrl,165,31,166.03333333333333,0.11455503851175308,-0.992989568364217
UBFC_PHYS_s13_T2_ctrl,165,32,166.06666666666666,0.020468169823288918,-1.2985289907782736
UBFC_PHYS_s13_T2_ctrl,165,33,166.1,-0.04891154542565346,-1.5236246941126512
UBFC_PHYS_s13_T2_ctrl,165,34,166.13333333333333,-0.010588767938315868,-1.6239094429852317
UBFC_PHYS_s13_T2_ctrl,165,35,166.16666666666666,0.12903070449829102,-1.5621426608337967
UBFC_PHYS_s13_T2_ctrl,165,36,166.2,0.3097441792488098,-1.3204803105021843
UBFC_PHYS_s13_T2_ctrl,165,37,166.23333333333332,0.4650914967060089,-0.9101022066194588
UBFC_PHYS_s13_T2_ctrl,165,38,166.26666666666668,0.5398390293121338,-0.37401536741139974
UBFC_PHYS_s13_T2_ctrl,165,39,166.3,0.5543608069419861,0.21948263234942392
UBFC_PHYS_s13_T2_ctrl,165,40,166.33333333333334,0.5486536026000977,0.7915370666794475
UBFC_PHYS_s13_T2_ctrl,165,41,166.36666666666667,0.5439975261688232,1.2706729852385463
UBFC_PHYS_s13_T2_ctrl,165,42,166.4,0.5698909163475037,1.6072548110550504
UBFC_PHYS_s13_T2_ctrl,165,43,166.43333333333334,0.6590449213981628,1.779508269707611
UBFC_PHYS_s13_T2_ctrl,165,44,166.46666666666667,0.8120394945144653,1.790519829422971
UBFC_PHYS_s13_T2_ctrl,165,45,166.5,1.0068793296813965,1.659691215140879
UBFC_PHYS_s13_T2_ctrl,165,46,166.53333333333333,1.1783169507980347,1.4133127034884536
UBFC_PHYS_s13_T2_ctrl,165,47,166.56666666666666,1.2204258441925049,1.0775039016460575
UBFC_PHYS_s13_T2_ctrl,165,48,166.6,1.103263020515442,0.6745994195864319
UBFC_PHYS_s13_T2_ctrl,165,49,166.63333333333333,0.9095335602760315,0.2227327527461924
UBFC_PHYS_s13_T2_ctrl,165,50,166.66666666666666,0.7109899520874023,-0.26172651437120814
UBFC_PHYS_s13_T2_ctrl,165,51,166.7,0.49504783749580383,-0.7593607509073023
UBFC_PHYS_s13_T2_ctrl,165,52,166.73333333333332,0.24466466903686523,-1.2421907017807243
UBFC_PHYS_s13_T2_ctrl,165,53,166.76666666666668,-0.0037084612995386124,-1.6704248415528178
UBFC_PHYS_s13_T2_ctrl,165,54,166.8,-0.19851866364479065,-1.9943368114082887
UBFC_PHYS_s13_T2_ctrl,165,55,166.83333333333334,-0.3199026882648468,-2.1623756094904025
UBFC_PHYS_s13_T2_ctrl,165,56,166.86666666666667,-0.3765169382095337,-2.133921533470766
UBFC_PHYS_s13_T2_ctrl,165,57,166.9,-0.3844747543334961,-1.8926440507549138
UBFC_PHYS_s13_T2_ctrl,165,58,166.93333333333334,-0.36275631189346313,-1.4553503577754625
UBFC_PHYS_s13_T2_ctrl,165,59,166.96666666666667,-0.349931538105011,-0.8722037089589183
UBFC_PHYS_s13_T2_ctrl,165,60,167.0,-0.3915725350379944,-0.2171336751382071
UBFC_PHYS_s13_T2_ctrl,165,61,167.03333333333333,-0.4898574650287628,0.42883598999310835
UBFC_PHYS_s13_T2_ctrl,165,62,167.06666666666666,-0.5865112543106079,0.9954254076008193
UBFC_PHYS_s13_T2_ctrl,165,63,167.1,-0.623407244682312,1.43559837482138
UBFC_PHYS_s13_T2_ctrl,165,64,167.13333333333333,-0.6092512011528015,1.7289170265690588
UBFC_PHYS_s13_T2_ctrl,165,65,167.16666666666666,-0.6128429174423218,1.8763176185796246
UBFC_PHYS_s13_T2_ctrl,165,66,167.2,-0.6662707328796387,1.8904569378299045
UBFC_PHYS_s13_T2_ctrl,165,67,167.23333333333332,-0.7385864853858948,1.7869460117617189
UBFC_PHYS_s13_T2_ctrl,165,68,167.26666666666668,-0.8276152610778809,1.5802461186676648
UBFC_PHYS_s13_T2_ctrl,165,69,167.3,-0.9821519255638123,1.2848463784936215
UBFC_PHYS_s13_T2_ctrl,165,70,167.33333333333334,-1.2037979364395142,0.9193405723710576
UBFC_PHYS_s13_T2_ctrl,165,71,167.36666666666667,-1.3446004390716553,0.5097279752853213
UBFC_PHYS_s13_T2_ctrl,165,72,167.4,-1.1747609376907349,0.08918991676649149
UBFC_PHYS_s13_T2_ctrl,165,73,167.43333333333334,-0.707176923751831,-0.3062548021317649
UBFC_PHYS_s13_T2_ctrl,165,74,167.46666666666667,-0.2969452738761902,-0.6448134348757572
UBFC_PHYS_s13_T2_ctrl,165,75,167.5,-0.2020181268453598,-0.9060218404786208
UBFC_PHYS_s13_T2_ctrl,165,76,167.53333333333333,-0.30443188548088074,-1.0848098530128598
UBFC_PHYS_s13_T2_ctrl,165,77,167.56666666666666,-0.4185500741004944,-1.1902237197050338
UBFC_PHYS_s13_T2_ctrl,165,78,167.6,-0.5139747858047485,-1.23849097387614
UBFC_PHYS_s13_T2_ctrl,165,79,167.63333333333333,-0.5433215498924255,-1.242778891353837
UBFC_PHYS_s13_T2_ctrl,165,80,167.66666666666666,-0.4637531638145447,-1.204205275464758
UBFC_PHYS_s13_T2_ctrl,165,81,167.7,-0.36934995651245117,-1.1089438370192166
UBFC_PHYS_s13_T2_ctrl,165,82,167.73333333333332,-0.36435776948928833,-0.9339589208032415
UBFC_PHYS_s13_T2_ctrl,165,83,167.76666666666668,-0.395358681678772,-0.6600657461903655
UBFC_PHYS_s13_T2_ctrl,165,84,167.8,-0.380214124917984,-0.28736594747977084
UBFC_PHYS_s13_T2_ctrl,165,85,167.83333333333334,-0.3551939129829407,0.15420568711309934
UBFC_PHYS_s13_T2_ctrl,165,86,167.86666666666667,-0.3635900020599365,0.606170368704552
UBFC_PHYS_s13_T2_ctrl,165,87,167.9,-0.3852161765098572,0.9966769749118773
UBFC_PHYS_s13_T2_ctrl,165,88,167.93333333333334,-0.418952077627182,1.2632110064340252
UBFC_PHYS_s13_T2_ctrl,165,89,167.96666666666667,-0.5096251368522644,1.371337758384373
UBFC_PHYS_s13_T2_ctrl,165,90,168.0,-0.665944516658783,1.3210385114065186
UBFC_PHYS_s13_T2_ctrl,165,91,168.03333333333333,-0.81583172082901,1.1399116763508956
UBFC_PHYS_s13_T2_ctrl,165,92,168.06666666666666,-0.8558745980262756,0.8685678969124707
UBFC_PHYS_s13_T2_ctrl,165,93,168.1,-0.7292808890342712,0.5456506717402816
UBFC_PHYS_s13_T2_ctrl,165,94,168.13333333333333,-0.4844072461128235,0.19863075821735468
UBFC_PHYS_s13_T2_ctrl,165,95,168.16666666666666,-0.26129817962646484,-0.15694119369551748
UBFC_PHYS_s13_T2_ctrl,165,96,168.2,-0.18259313702583313,-0.5111248073143825
UBFC_PHYS_s13_T2_ctrl,165,97,168.23333333333332,-0.2611696422100067,-0.8506352950010468
UBFC_PHYS_s13_T2_ctrl,165,98,168.26666666666668,-0.4164807200431824,-1.152465406251458
UBFC_PHYS_s13_T2_ctrl,165,99,168.3,-0.5627893805503845,-1.3838719813227374
UBFC_PHYS_s13_T2_ctrl,165,100,168.33333333333334,-0.6763407588005066,-1.5095235336272783
UBFC_PHYS_s13_T2_ctrl,165,101,168.36666666666667,-0.7650895118713379,-1.5029729083972079
UBFC_PHYS_s13_T2_ctrl,165,102,168.4,-0.8266728520393372,-1.3568610381203452
UBFC_PHYS_s13_T2_ctrl,165,103,168.43333333333334,-0.8574002385139465,-1.0866046279407575
UBFC_PHYS_s13_T2_ctrl,165,104,168.46666666666667,-0.8603724837303162,-0.7262278763245883
UBFC_PHYS_s13_T2_ctrl,165,105,168.5,-0.8405718207359314,-0.31925133596577665
UBFC_PHYS_s13_T2_ctrl,165,106,168.53333333333333,-0.8311114311218262,0.09109832377343277
UBFC_PHYS_s13_T2_ctrl,165,107,168.56666666666666,-0.8862032890319824,0.46931421530018336
UBFC_PHYS_s13_T2_ctrl,165,108,168.6,-1.0203297138214111,0.7914592374889905
UBFC_PHYS_s13_T2_ctrl,165,109,168.63333333333333,-1.1724246740341187,1.0456137032522728
UBFC_PHYS_s13_T2_ctrl,165,110,168.66666666666666,-1.218741536140442,1.229796347370389
UBFC_PHYS_s13_T2_ctrl,165,111,168.7,-1.060039758682251,1.3483644766423932
UBFC_PHYS_s13_T2_ctrl,165,112,168.73333333333332,-0.7453020215034485,1.407795732303968
UBFC_PHYS_s13_T2_ctrl,165,113,168.76666666666668,-0.44384047389030457,1.4128076315735854
UBFC_PHYS_s13_T2_ctrl,165,114,168.8,-0.2446938306093216,1.3640149577011893
UBFC_PHYS_s13_T2_ctrl,165,115,168.83333333333334,-0.09289871901273727,1.2582045327083857
UBFC_PHYS_s13_T2_ctrl,165,116,168.86666666666667,0.061934538185596466,1.091394662821253
UBFC_PHYS_s13_T2_ctrl,165,117,168.9,0.2219214290380478,0.8635340820023343
UBFC_PHYS_s13_T2_ctrl,165,118,168.93333333333334,0.4072679281234741,0.5827483861020445
UBFC_PHYS_s13_T2_ctrl,165,119,168.96666666666667,0.65833979845047,0.2670001979922567
UBFC_PHYS_s13_T2_ctrl,165,120,169.0,0.9933362007141113,-0.05799170161187386
UBFC_PHYS_s13_T2_ctrl,165,121,169.03333333333333,1.3700066804885864,-0.36411321461292667
UBFC_PHYS_s13_T2_ctrl,165,122,169.06666666666666,1.6260673999786377,-0.6275126891975512
UBFC_PHYS_s13_T2_ctrl,165,123,169.1,1.5989514589309692,-0.8339560061822057
UBFC_PHYS_s13_T2_ctrl,165,124,169.13333333333333,1.3456718921661377,-0.9809099601078237
UBFC_PHYS_s13_T2_ctrl,165,125,169.16666666666666,1.063704490661621,-1.0757297240056138
UBFC_PHYS_s13_T2_ctrl,165,126,169.2,0.816346287727356,-1.130646386152001
UBFC_PHYS_s13_T2_ctrl,165,127,169.23333333333332,0.5351895689964294,-1.1562959766623373
UBFC_PHYS_s13_T2_ctrl,165,128,169.26666666666668,0.2369869351387024,-1.1561935263937781
UBFC_PHYS_s13_T2_ctrl,165,129,169.3,0.015512241050601006,-1.1244771572486738
UBFC_PHYS_s13_T2_ctrl,165,130,169.33333333333334,-0.07668650150299072,-1.048176759884602
UBFC_PHYS_s13_T2_ctrl,165,131,169.36666666666667,-0.039774052798748016,-0.9134410090584051
UBFC_PHYS_s13_T2_ctrl,165,132,169.4,0.09566385298967361,-0.7132984172166266
UBFC_PHYS_s13_T2_ctrl,165,133,169.43333333333334,0.21256645023822784,-0.4536294314732237
UBFC_PHYS_s13_T2_ctrl,165,134,169.46666666666667,0.2078576683998108,-0.15469725205806403
UBFC_PHYS_s13_T2_ctrl,165,135,169.5,0.13329795002937317,0.15252717850867245
UBFC_PHYS_s13_T2_ctrl,165,136,169.53333333333333,0.11370489001274109,0.4338321070427869
UBFC_PHYS_s13_T2_ctrl,165,137,169.56666666666666,0.09159103035926819,0.660086857578841
UBFC_PHYS_s13_T2_ctrl,165,138,169.6,-0.07893380522727966,0.8132727977543587
UBFC_PHYS_s13_T2_ctrl,165,139,169.63333333333333,-0.36261463165283203,0.8883249895996703
UBFC_PHYS_s13_T2_ctrl,165,140,169.66666666666666,-0.5146304965019226,0.8909831207137779
UBFC_PHYS_s13_T2_ctrl,165,141,169.7,-0.28810104727745056,0.8334397933942285
UBFC_PHYS_s13_T2_ctrl,165,142,169.73333333333332,0.28183743357658386,0.7297756825821843
UBFC_PHYS_s13_T2_ctrl,165,143,169.76666666666668,0.9850060343742371,0.5926068599571788
UBFC_PHYS_s13_T2_ctrl,165,144,169.8,1.3095831871032715,0.4318692924937367
UBFC_PHYS_s13_T2_ctrl,165,145,169.83333333333334,1.1403170824050903,0.255948446723706
UBFC_PHYS_s13_T2_ctrl,165,146,169.86666666666667,0.7805278301239014,0.07414414651464551
UBFC_PHYS_s13_T2_ctrl,165,147,169.9,0.40734371542930603,-0.10140886600967661
UBFC_PHYS_s13_T2_ctrl,165,148,169.93333333333334,0.07388939708471298,-0.25589691404698517
UBFC_PHYS_s13_T2_ctrl,165,149,169.96666666666667,-0.16888853907585144,-0.37430215171418574
UBFC_PHYS_s13_T2_ctrl,165,150,170.0,-0.3465935289859772,-0.44510007376795835
UBFC_PHYS_s13_T2_ctrl,165,151,170.03333333333333,-0.507944643497467,-0.4634637405496362
UBFC_PHYS_s13_T2_ctrl,165,152,170.06666666666666,-0.6255227327346802,-0.4326215575835106
UBFC_PHYS_s13_T2_ctrl,165,153,170.1,-0.6333125233650208,-0.3629365152311801
UBFC_PHYS_s13_T2_ctrl,165,154,170.13333333333333,-0.550686240196228,-0.2691345783125684
UBFC_PHYS_s13_T2_ctrl,165,155,170.16666666666666,-0.4743306338787079,-0.16662791525933232
UBFC_PHYS_s13_T2_ctrl,165,156,170.2,-0.4482460916042328,-0.0680269481384286
UBFC_PHYS_s13_T2_ctrl,165,157,170.23333333333332,-0.4290682375431061,0.01924442041452886
UBFC_PHYS_s13_T2_ctrl,165,158,170.26666666666668,-0.34114333987236023,0.09370882122156426
UBFC_PHYS_s13_T2_ctrl,165,159,170.3,-0.2365185171365738,0.1588632898844106
UBFC_PHYS_s13_T2_ctrl,165,160,170.33333333333334,-0.1701538860797882,0.22071705363274652
UBFC_PHYS_s13_T2_ctrl,165,161,170.36666666666667,-0.09878058731555939,0.28450684081906197
UBFC_PHYS_s13_T2_ctrl,165,162,170.4,0.08181427419185638,0.3517353282155399
UBFC_PHYS_s13_T2_ctrl,165,163,170.43333333333334,0.3901561200618744,0.41870972731860606
UBFC_PHYS_s13_T2_ctrl,165,164,170.46666666666667,0.8051163554191589,0.4770682551044332
UBFC_PHYS_s13_T2_ctrl,165,165,170.5,1.3266258239746094,0.5159562682181968
UBFC_PHYS_s13_T2_ctrl,165,166,170.53333333333333,1.972040057182312,0.5251319004454821
UBFC_PHYS_s13_T2_ctrl,165,167,170.56666666666666,2.679116725921631,0.49807782496708153
UBFC_PHYS_s13_T2_ctrl,165,168,170.6,3.2962024211883545,0.4339274001986144
UBFC_PHYS_s13_T2_ctrl,165,169,170.63333333333333,3.6085808277130127,0.3372917010719609
UBFC_PHYS_s13_T2_ctrl,165,170,170.66666666666666,3.4579224586486816,0.21622714821174707
UBFC_PHYS_s13_T2_ctrl,165,171,170.7,2.90461802482605,0.0796056835416383
UBFC_PHYS_s13_T2_ctrl,165,172,170.73333333333332,2.0656490325927734,-0.06491646979078594
UBFC_PHYS_s13_T2_ctrl,165,173,170.76666666666668,1.0922175645828247,-0.2118261886770446
UBFC_PHYS_s13_T2_ctrl,165,174,170.8,-0.07004673779010773,-0.35754939101270894
UBFC_PHYS_s13_T2_ctrl,165,175,170.83333333333334,-1.0345252752304077,-0.4993144720378355
UBFC_PHYS_s13_T2_ctrl,165,176,170.86666666666667,-1.3740065097808838,-0.6335198939098241
UBFC_PHYS_s13_T2_ctrl,165,177,170.9,-1.2782225608825684,-0.7542213304078617
UBFC_PHYS_s13_T2_ctrl,165,178,170.93333333333334,-1.0385487079620361,-0.8523026838233643
UBFC_PHYS_s13_T2_ctrl,165,179,170.96666666666667,-0.7384315729141235,-0.9156363666789388
UBFC_PHYS_s13_T2_ctrl,165,180,171.0,-0.4479198753833771,-0.9302487444728782
UBFC_PHYS_s13_T2_ctrl,165,181,171.03333333333333,-0.294411301612854,-0.8824233249167964
UBFC_PHYS_s13_T2_ctrl,165,182,171.06666666666666,-0.327273964881897,-0.7617679355603713
UBFC_PHYS_s13_T2_ctrl,165,183,171.1,-0.47227776050567627,-0.565041677032552
UBFC_PHYS_s13_T2_ctrl,165,184,171.13333333333333,-0.6063416004180908,-0.2997664661283006
UBFC_PHYS_s13_T2_ctrl,165,185,171.16666666666666,-0.7435457110404968,0.01395692557786038
UBFC_PHYS_s13_T2_ctrl,165,186,171.2,-0.8953968286514282,0.3446856491837454
UBFC_PHYS_s13_T2_ctrl,165,187,171.23333333333332,-1.060570240020752,0.6540340412902285
UBFC_PHYS_s13_T2_ctrl,165,188,171.26666666666668,-1.2271112203598022,0.9030596857278478
UBFC_PHYS_s13_T2_ctrl,165,189,171.3,-1.3749126195907593,1.058809758847009
UBFC_PHYS_s13_T2_ctrl,165,190,171.33333333333334,-1.2092349529266357,1.099514808264809
UBFC_PHYS_s13_T2_ctrl,165,191,171.36666666666667,-0.6760804653167725,1.0177182409345156
UBFC_PHYS_s13_T2_ctrl,165,192,171.4,-0.275556355714798,0.8212554903934972
UBFC_PHYS_s13_T2_ctrl,165,193,171.43333333333334,-0.04529016092419624,0.5322592271564672
UBFC_PHYS_s13_T2_ctrl,165,194,171.46666666666667,0.08087185770273209,0.18443200683265842
UBFC_PHYS_s13_T2_ctrl,165,195,171.5,0.007356705609709024,-0.18105775793112805
UBFC_PHYS_s13_T2_ctrl,165,196,171.53333333333333,-0.2858867049217224,-0.5204579940786176
UBFC_PHYS_s13_T2_ctrl,165,197,171.56666666666666,-0.5718576908111572,-0.7923773544351218
UBFC_PHYS_s13_T2_ctrl,165,198,171.6,-0.6835407018661499,-0.9623204505318312
UBFC_PHYS_s13_T2_ctrl,165,199,171.63333333333333,-0.6285147666931152,-1.0068133415056915
UBFC_PHYS_s13_T2_ctrl,165,200,171.66666666666666,-0.4349369406700134,-0.9173490584017595
UBFC_PHYS_s13_T2_ctrl,165,201,171.7,-0.09104353934526443,-0.7037661913941472
UBFC_PHYS_s13_T2_ctrl,165,202,171.73333333333332,0.2722320258617401,-0.39535202133308334
UBFC_PHYS_s13_T2_ctrl,165,203,171.76666666666668,0.47629836201667786,-0.03740573364787467
UBFC_PHYS_s13_T2_ctrl,165,204,171.8,0.4775010943412781,0.31755805794291075
UBFC_PHYS_s13_T2_ctrl,165,205,171.83333333333334,0.41809913516044617,0.6218657418296125
UBFC_PHYS_s13_T2_ctrl,165,206,171.86666666666667,0.37623733282089233,0.8433671129039275
UBFC_PHYS_s13_T2_ctrl,165,207,171.9,0.339974045753479,0.9701753405866883
UBFC_PHYS_s13_T2_ctrl,165,208,171.93333333333334,0.2865890562534332,1.008105996948737
UBFC_PHYS_s13_T2_ctrl,165,209,171.96666666666667,0.2650485634803772,0.973255280315751
UBFC_PHYS_s13_T2_ctrl,165,210,172.0,0.3118300437927246,0.8837350598357112
UBFC_PHYS_s13_T2_ctrl,165,211,172.03333333333333,0.40114879608154297,0.7537873060960051
UBFC_PHYS_s13_T2_ctrl,165,212,172.06666666666666,0.4805062711238861,0.5916773168319521
UBFC_PHYS_s13_T2_ctrl,165,213,172.1,0.5417864918708801,0.4010617551951309
UBFC_PHYS_s13_T2_ctrl,165,214,172.13333333333333,0.5988357067108154,0.1845392071209631
UBFC_PHYS_s13_T2_ctrl,165,215,172.16666666666666,0.6429612636566162,-0.052207451334711455
UBFC_PHYS_s13_T2_ctrl,165,216,172.2,0.6361830830574036,-0.2971821509337762
UBFC_PHYS_s13_T2_ctrl,165,217,172.23333333333332,0.5630996227264404,-0.5309711884227174
UBFC_PHYS_s13_T2_ctrl,165,218,172.26666666666668,0.4946359395980835,-0.7284872624878309
UBFC_PHYS_s13_T2_ctrl,165,219,172.3,0.5514643788337708,-0.8635484641475063
UBFC_PHYS_s13_T2_ctrl,165,220,172.33333333333334,0.7867457866668701,-0.9153244991180998
UBFC_PHYS_s13_T2_ctrl,165,221,172.36666666666667,1.079050064086914,-0.8747831759647648
UBFC_PHYS_s13_T2_ctrl,165,222,172.4,1.2076241970062256,-0.7488468901041461
UBFC_PHYS_s13_T2_ctrl,165,223,172.43333333333334,1.0865663290023804,-0.5604132882139388
UBFC_PHYS_s13_T2_ctrl,165,224,172.46666666666667,0.8581323027610779,-0.3437549028677424
UBFC_PHYS_s13_T2_ctrl,165,225,172.5,0.6860949397087097,-0.13656138500936518
UBFC_PHYS_s13_T2_ctrl,165,226,172.53333333333333,0.5964895486831665,0.028786129363114484
UBFC_PHYS_s13_T2_ctrl,165,227,172.56666666666666,0.5296240448951721,0.13190908259793577
UBFC_PHYS_s13_T2_ctrl,165,228,172.6,0.4410927891731262,0.16733678461031729
UBFC_PHYS_s13_T2_ctrl,165,229,172.63333333333333,0.30340757966041565,0.14346739993704583
UBFC_PHYS_s13_T2_ctrl,165,230,172.66666666666666,0.11828846484422684,0.07868880649307597
UBFC_PHYS_s13_T2_ctrl,165,231,172.7,-0.07747074961662292,-0.003765260539449502
UBFC_PHYS_s13_T2_ctrl,165,232,172.73333333333332,-0.23452824354171753,-0.08089319211951271
UBFC_PHYS_s13_T2_ctrl,165,233,172.76666666666668,-0.3062145709991455,-0.13410173722361388
UBFC_PHYS_s13_T2_ctrl,165,234,172.8,-0.37591391801834106,-0.1519673752191894
UBFC_PHYS_s13_T2_ctrl,165,235,172.83333333333334,-0.5698739886283875,-0.13122493540376923
UBFC_PHYS_s13_T2_ctrl,165,236,172.86666666666667,-0.9619855284690857,-0.07585818297496186
UBFC_PHYS_s13_T2_ctrl,165,237,172.9,-1.3971154689788818,0.005336864650222967
UBFC_PHYS_s13_T2_ctrl,165,238,172.93333333333334,-1.8010632991790771,0.10169474014690816
UBFC_PHYS_s13_T2_ctrl,165,239,172.96666666666667,-2.211120367050171,0.20281587584302105
UBFC_PHYS_s13_T2_ctrl,166,0,166.0,0.10705194622278214,-0.005403709011616323
UBFC_PHYS_s13_T2_ctrl,166,1,166.03333333333333,0.11455503851175308,-0.4145744258776982
UBFC_PHYS_s13_T2_ctrl,166,2,166.06666666666666,0.020468169823288918,-0.7967125293109396
UBFC_PHYS_s13_T2_ctrl,166,3,166.1,-0.04891154542565346,-1.1240083515354116
UBFC_PHYS_s13_T2_ctrl,166,4,166.13333333333333,-0.010588767938315868,-1.367846670445587
UBFC_PHYS_s13_T2_ctrl,166,5,166.16666666666666,0.12903070449829102,-1.503022501621548
UBFC_PHYS_s13_T2_ctrl,166,6,166.2,0.3097441792488098,-1.513445655317387
UBFC_PHYS_s13_T2_ctrl,166,7,166.23333333333332,0.4650914967060089,-1.3970504892868696
UBFC_PHYS_s13_T2_ctrl,166,8,166.26666666666668,0.5398390293121338,-1.1676945590023233
UBFC_PHYS_s13_T2_ctrl,166,9,166.3,0.5543608069419861,-0.8528011529436339
UBFC_PHYS_s13_T2_ctrl,166,10,166.33333333333334,0.5486536026000977,-0.4874018753412324
UBFC_PHYS_s13_T2_ctrl,166,11,166.36666666666667,0.5439975261688232,-0.1069864807713134
UBFC_PHYS_s13_T2_ctrl,166,12,166.4,0.5698909163475037,0.2580135683677645
UBFC_PHYS_s13_T2_ctrl,166,13,166.43333333333334,0.6590449213981628,0.5843999436011025
UBFC_PHYS_s13_T2_ctrl,166,14,166.46666666666667,0.8120394945144653,0.8552676195171712
UBFC_PHYS_s13_T2_ctrl,166,15,166.5,1.0068793296813965,1.0576462885238633
UBFC_PHYS_s13_T2_ctrl,166,16,166.53333333333333,1.1783169507980347,1.180546656796606
UBFC_PHYS_s13_T2_ctrl,166,17,166.56666666666666,1.2204258441925049,1.2143524445590042
UBFC_PHYS_s13_T2_ctrl,166,18,166.6,1.103263020515442,1.1515134677563514
UBFC_PHYS_s13_T2_ctrl,166,19,166.63333333333333,0.9095335602760315,0.9880692708077375
UBFC_PHYS_s13_T2_ctrl,166,20,166.66666666666666,0.7109899520874023,0.7257428632738805
UBFC_PHYS_s13_T2_ctrl,166,21,166.7,0.49504783749580383,0.37459340702745036
UBFC_PHYS_s13_T2_ctrl,166,22,166.73333333333332,0.24466466903686523,-0.04409812211448062
UBFC_PHYS_s13_T2_ctrl,166,23,166.76666666666668,-0.0037084612995386124,-0.4958606287037463
UBFC_PHYS_s13_T2_ctrl,166,24,166.8,-0.19851866364479065,-0.9338403363436439
UBFC_PHYS_s13_T2_ctrl,166,25,166.83333333333334,-0.3199026882648468,-1.3039759210566881
UBFC_PHYS_s13_T2_ctrl,166,26,166.86666666666667,-0.3765169382095337,-1.554509984936274
UBFC_PHYS_s13_T2_ctrl,166,27,166.9,-0.3844747543334961,-1.6474830852141544
UBFC_PHYS_s13_T2_ctrl,166,28,166.93333333333334,-0.36275631189346313,-1.5681262154073912
UBFC_PHYS_s13_T2_ctrl,166,29,166.96666666666667,-0.349931538105011,-1.328181906921526
UBFC_PHYS_s13_T2_ctrl,166,30,167.0,-0.3915725350379944,-0.961529382396698
UBFC_PHYS_s13_T2_ctrl,166,31,167.03333333333333,-0.4898574650287628,-0.5140070614786095
UBFC_PHYS_s13_T2_ctrl,166,32,167.06666666666666,-0.5865112543106079,-0.032106496494026644
UBFC_PHYS_s13_T2_ctrl,166,33,167.1,-0.623407244682312,0.44458945800029864
UBFC_PHYS_s13_T2_ctrl,166,34,167.13333333333333,-0.6092512011528015,0.8850972579432936
UBFC_PHYS_s13_T2_ctrl,166,35,167.16666666666666,-0.6128429174423218,1.2643752670923176
UBFC_PHYS_s13_T2_ctrl,166,36,167.2,-0.6662707328796387,1.5598947012434508
UBFC_PHYS_s13_T2_ctrl,166,37,167.23333333333332,-0.7385864853858948,1.7505902926436812
UBFC_PHYS_s13_T2_ctrl,166,38,167.26666666666668,-0.8276152610778809,1.8191410643846486
UBFC_PHYS_s13_T2_ctrl,166,39,167.3,-0.9821519255638123,1.7562341553750112
UBFC_PHYS_s13_T2_ctrl,166,40,167.33333333333334,-1.2037979364395142,1.5644725178552894
UBFC_PHYS_s13_T2_ctrl,166,41,167.36666666666667,-1.3446004390716553,1.2599304897503534
UBFC_PHYS_s13_T2_ctrl,166,42,167.4,-1.1747609376907349,0.8703884285361301
UBFC_PHYS_s13_T2_ctrl,166,43,167.43333333333334,-0.707176923751831,0.43055954487151094
UBFC_PHYS_s13_T2_ctrl,166,44,167.46666666666667,-0.2969452738761902,-0.024173645512767586
UBFC_PHYS_s13_T2_ctrl,166,45,167.5,-0.2020181268453598,-0.4633117990487422
UBFC_PHYS_s13_T2_ctrl,166,46,167.53333333333333,-0.30443188548088074,-0.8640398970614938
UBFC_PHYS_s13_T2_ctrl,166,47,167.56666666666666,-0.4185500741004944,-1.210224039124392
UBFC_PHYS_s13_T2_ctrl,166,48,167.6,-0.5139747858047485,-1.4880808274342214
UBFC_PHYS_s13_T2_ctrl,166,49,167.63333333333333,-0.5433215498924255,-1.6806469291734143
UBFC_PHYS_s13_T2_ctrl,166,50,167.66666666666666,-0.4637531638145447,-1.7643319748486306
UBFC_PHYS_s13_T2_ctrl,166,51,167.7,-0.36934995651245117,-1.7107265311970417
UBFC_PHYS_s13_T2_ctrl,166,52,167.73333333333332,-0.36435776948928833,-1.495042910350493
UBFC_PHYS_s13_T2_ctrl,166,53,167.76666666666668,-0.395358681678772,-1.1094993826660746
UBFC_PHYS_s13_T2_ctrl,166,54,167.8,-0.380214124917984,-0.5766876692884906
UBFC_PHYS_s13_T2_ctrl,166,55,167.83333333333334,-0.3551939129829407,0.04415891810099175
UBFC_PHYS_s13_T2_ctrl,166,56,167.86666666666667,-0.3635900020599365,0.6643034829262825
UBFC_PHYS_s13_T2_ctrl,166,57,167.9,-0.3852161765098572,1.1867706258969788
UBFC_PHYS_s13_T2_ctrl,166,58,167.93333333333334,-0.418952077627182,1.533581195433789
UBFC_PHYS_s13_T2_ctrl,166,59,167.96666666666667,-0.5096251368522644,1.6658713104671496
UBFC_PHYS_s13_T2_ctrl,166,60,168.0,-0.665944516658783,1.5880404684128315
UBFC_PHYS_s13_T2_ctrl,166,61,168.03333333333333,-0.81583172082901,1.3365061393565345
UBFC_PHYS_s13_T2_ctrl,166,62,168.06666666666666,-0.8558745980262756,0.9610485603766826
UBFC_PHYS_s13_T2_ctrl,166,63,168.1,-0.7292808890342712,0.5086548601312539
UBFC_PHYS_s13_T2_ctrl,166,64,168.13333333333333,-0.4844072461128235,0.016506978822350048
UBFC_PHYS_s13_T2_ctrl,166,65,168.16666666666666,-0.26129817962646484,-0.48507423628380747
UBFC_PHYS_s13_T2_ctrl,166,66,168.2,-0.18259313702583313,-0.9640914481968941
UBFC_PHYS_s13_T2_ctrl,166,67,168.23333333333332,-0.2611696422100067,-1.3795468546215763
UBFC_PHYS_s13_T2_ctrl,166,68,168.26666666666668,-0.4164807200431824,-1.681204268243798
UBFC_PHYS_s13_T2_ctrl,166,69,168.3,-0.5627893805503845,-1.818591272093422
UBFC_PHYS_s13_T2_ctrl,166,70,168.33333333333334,-0.6763407588005066,-1.7564773170139183
UBFC_PHYS_s13_T2_ctrl,166,71,168.36666666666667,-0.7650895118713379,-1.490051570740454
UBFC_PHYS_s13_T2_ctrl,166,72,168.4,-0.8266728520393372,-1.0519445037055182
UBFC_PHYS_s13_T2_ctrl,166,73,168.43333333333334,-0.8574002385139465,-0.5063692128522079
UBFC_PHYS_s13_T2_ctrl,166,74,168.46666666666667,-0.8603724837303162,0.06792581397473568
UBFC_PHYS_s13_T2_ctrl,166,75,168.5,-0.8405718207359314,0.5983986227733291
UBFC_PHYS_s13_T2_ctrl,166,76,168.53333333333333,-0.8311114311218262,1.0342240961722733
UBFC_PHYS_s13_T2_ctrl,166,77,168.56666666666666,-0.8862032890319824,1.3510911742683513
UBFC_PHYS_s13_T2_ctrl,166,78,168.6,-1.0203297138214111,1.5458160083921686
UBFC_PHYS_s13_T2_ctrl,166,79,168.63333333333333,-1.1724246740341187,1.6261234310191641
UBFC_PHYS_s13_T2_ctrl,166,80,168.66666666666666,-1.218741536140442,1.6018804201697254
UBFC_PHYS_s13_T2_ctrl,166,81,168.7,-1.060039758682251,1.4815034280744166
UBFC_PHYS_s13_T2_ctrl,166,82,168.73333333333332,-0.7453020215034485,1.2734649229957105
UBFC_PHYS_s13_T2_ctrl,166,83,168.76666666666668,-0.44384047389030457,0.9900693204239963
UBFC_PHYS_s13_T2_ctrl,166,84,168.8,-0.2446938306093216,0.6501945699040207
UBFC_PHYS_s13_T2_ctrl,166,85,168.83333333333334,-0.09289871901273727,0.27909559241841114
UBFC_PHYS_s13_T2_ctrl,166,86,168.86666666666667,0.061934538185596466,-0.09462978617926134
UBFC_PHYS_s13_T2_ctrl,166,87,168.9,0.2219214290380478,-0.443299000523553
UBFC_PHYS_s13_T2_ctrl,166,88,168.93333333333334,0.4072679281234741,-0.7436051700537617
UBFC_PHYS_s13_T2_ctrl,166,89,168.96666666666667,0.65833979845047,-0.9779771969760916
UBFC_PHYS_s13_T2_ctrl,166,90,169.0,0.9933362007141113,-1.133895166819185
UBFC_PHYS_s13_T2_ctrl,166,91,169.03333333333333,1.3700066804885864,-1.202435866352208
UBFC_PHYS_s13_T2_ctrl,166,92,169.06666666666666,1.6260673999786377,-1.177725441103231
UBFC_PHYS_s13_T2_ctrl,166,93,169.1,1.5989514589309692,-1.0583339220821373
UBFC_PHYS_s13_T2_ctrl,166,94,169.13333333333333,1.3456718921661377,-0.8502785475981782
UBFC_PHYS_s13_T2_ctrl,166,95,169.16666666666666,1.063704490661621,-0.5699961419927976
UBFC_PHYS_s13_T2_ctrl,166,96,169.2,0.816346287727356,-0.24518886947971844
UBFC_PHYS_s13_T2_ctrl,166,97,169.23333333333332,0.5351895689964294,0.08783943754668455
UBFC_PHYS_s13_T2_ctrl,166,98,169.26666666666668,0.2369869351387024,0.3901413424527385
UBFC_PHYS_s13_T2_ctrl,166,99,169.3,0.015512241050601006,0.6275074460160961
UBFC_PHYS_s13_T2_ctrl,166,100,169.33333333333334,-0.07668650150299072,0.776618196222166
UBFC_PHYS_s13_T2_ctrl,166,101,169.36666666666667,-0.039774052798748016,0.8279481142659679
UBFC_PHYS_s13_T2_ctrl,166,102,169.4,0.09566385298967361,0.7851556161575874
UBFC_PHYS_s13_T2_ctrl,166,103,169.43333333333334,0.21256645023822784,0.662234874948643
UBFC_PHYS_s13_T2_ctrl,166,104,169.46666666666667,0.2078576683998108,0.47997333824639404
UBFC_PHYS_s13_T2_ctrl,166,105,169.5,0.13329795002937317,0.2625945777226339
UBFC_PHYS_s13_T2_ctrl,166,106,169.53333333333333,0.11370489001274109,0.03479143503409923
UBFC_PHYS_s13_T2_ctrl,166,107,169.56666666666666,0.09159103035926819,-0.18087528792259244
UBFC_PHYS_s13_T2_ctrl,166,108,169.6,-0.07893380522727966,-0.36607712184488356
UBFC_PHYS_s13_T2_ctrl,166,109,169.63333333333333,-0.36261463165283203,-0.5080167988245985
UBFC_PHYS_s13_T2_ctrl,166,110,169.66666666666666,-0.5146304965019226,-0.5997562074081706
UBFC_PHYS_s13_T2_ctrl,166,111,169.7,-0.28810104727745056,-0.6396755184348676
UBFC_PHYS_s13_T2_ctrl,166,112,169.73333333333332,0.28183743357658386,-0.6303177396538483
UBFC_PHYS_s13_T2_ctrl,166,113,169.76666666666668,0.9850060343742371,-0.5769314893388533
UBFC_PHYS_s13_T2_ctrl,166,114,169.8,1.3095831871032715,-0.48609260115460406
UBFC_PHYS_s13_T2_ctrl,166,115,169.83333333333334,1.1403170824050903,-0.36480367110537876
UBFC_PHYS_s13_T2_ctrl,166,116,169.86666666666667,0.7805278301239014,-0.2203378819807987
UBFC_PHYS_s13_T2_ctrl,166,117,169.9,0.40734371542930603,-0.0608124121713761
UBFC_PHYS_s13_T2_ctrl,166,118,169.93333333333334,0.07388939708471298,0.10387034829217867
UBFC_PHYS_s13_T2_ctrl,166,119,169.96666666666667,-0.16888853907585144,0.26137834741912697
UBFC_PHYS_s13_T2_ctrl,166,120,170.0,-0.3465935289859772,0.3973572276090129
UBFC_PHYS_s13_T2_ctrl,166,121,170.03333333333333,-0.507944643497467,0.4973040265895682
UBFC_PHYS_s13_T2_ctrl,166,122,170.06666666666666,-0.6255227327346802,0.5495604613614187
UBFC_PHYS_s13_T2_ctrl,166,123,170.1,-0.6333125233650208,0.548341636775002
UBFC_PHYS_s13_T2_ctrl,166,124,170.13333333333333,-0.550686240196228,0.49550946273932267
UBFC_PHYS_s13_T2_ctrl,166,125,170.16666666666666,-0.4743306338787079,0.40028374516305865
UBFC_PHYS_s13_T2_ctrl,166,126,170.2,-0.4482460916042328,0.27701033778960643
UBFC_PHYS_s13_T2_ctrl,166,127,170.23333333333332,-0.4290682375431061,0.14189953103529632
UBFC_PHYS_s13_T2_ctrl,166,128,170.26666666666668,-0.34114333987236023,0.009881497475064616
UBFC_PHYS_s13_T2_ctrl,166,129,170.3,-0.2365185171365738,-0.10746893633245014
UBFC_PHYS_s13_T2_ctrl,166,130,170.33333333333334,-0.1701538860797882,-0.20236140158127497
UBFC_PHYS_s13_T2_ctrl,166,131,170.36666666666667,-0.09878058731555939,-0.2696454973523085
UBFC_PHYS_s13_T2_ctrl,166,132,170.4,0.08181427419185638,-0.3050390867018585
UBFC_PHYS_s13_T2_ctrl,166,133,170.43333333333334,0.3901561200618744,-0.30414451449278035
UBFC_PHYS_s13_T2_ctrl,166,134,170.46666666666667,0.8051163554191589,-0.26320657656191354
UBFC_PHYS_s13_T2_ctrl,166,135,170.5,1.3266258239746094,-0.18142997373022077
UBFC_PHYS_s13_T2_ctrl,166,136,170.53333333333333,1.972040057182312,-0.06358482050209176
UBFC_PHYS_s13_T2_ctrl,166,137,170.56666666666666,2.679116725921631,0.07871264051356149
UBFC_PHYS_s13_T2_ctrl,166,138,170.6,3.2962024211883545,0.22801023571725396
UBFC_PHYS_s13_T2_ctrl,166,139,170.63333333333333,3.6085808277130127,0.3641505399150509
UBFC_PHYS_s13_T2_ctrl,166,140,170.66666666666666,3.4579224586486816,0.4684315546625933
UBFC_PHYS_s13_T2_ctrl,166,141,170.7,2.90461802482605,0.527331296580991
UBFC_PHYS_s13_T2_ctrl,166,142,170.73333333333332,2.0656490325927734,0.5345367316787765
UBFC_PHYS_s13_T2_ctrl,166,143,170.76666666666668,1.0922175645828247,0.4907339012128097
UBFC_PHYS_s13_T2_ctrl,166,144,170.8,-0.07004673779010773,0.4015845033514277
UBFC_PHYS_s13_T2_ctrl,166,145,170.83333333333334,-1.0345252752304077,0.2750549542697454
UBFC_PHYS_s13_T2_ctrl,166,146,170.86666666666667,-1.3740065097808838,0.11939759795676423
UBFC_PHYS_s13_T2_ctrl,166,147,170.9,-1.2782225608825684,-0.057374942547375136
UBFC_PHYS_s13_T2_ctrl,166,148,170.93333333333334,-1.0385487079620361,-0.24645931980430572
UBFC_PHYS_s13_T2_ctrl,166,149,170.96666666666667,-0.7384315729141235,-0.4363841769882472
UBFC_PHYS_s13_T2_ctrl,166,150,171.0,-0.4479198753833771,-0.6114869062586928
UBFC_PHYS_s13_T2_ctrl,166,151,171.03333333333333,-0.294411301612854,-0.7520081671889977
UBFC_PHYS_s13_T2_ctrl,166,152,171.06666666666666,-0.327273964881897,-0.8366399368659186
UBFC_PHYS_s13_T2_ctrl,166,153,171.1,-0.47227776050567627,-0.8474317219221283
UBFC_PHYS_s13_T2_ctrl,166,154,171.13333333333333,-0.6063416004180908,-0.7757413319949488
UBFC_PHYS_s13_T2_ctrl,166,155,171.16666666666666,-0.7435457110404968,-0.626968696723871
UBFC_PHYS_s13_T2_ctrl,166,156,171.2,-0.8953968286514282,-0.4217473179315445
UBFC_PHYS_s13_T2_ctrl,166,157,171.23333333333332,-1.060570240020752,-0.19240852090566868
UBFC_PHYS_s13_T2_ctrl,166,158,171.26666666666668,-1.2271112203598022,0.02445904711570406
UBFC_PHYS_s13_T2_ctrl,166,159,171.3,-1.3749126195907593,0.19680509911195046
UBFC_PHYS_s13_T2_ctrl,166,160,171.33333333333334,-1.2092349529266357,0.3042817290662346
UBFC_PHYS_s13_T2_ctrl,166,161,171.36666666666667,-0.6760804653167725,0.341606973266622
UBFC_PHYS_s13_T2_ctrl,166,162,171.4,-0.275556355714798,0.31744183507048096
UBFC_PHYS_s13_T2_ctrl,166,163,171.43333333333334,-0.04529016092419624,0.24973385733951417
UBFC_PHYS_s13_T2_ctrl,166,164,171.46666666666667,0.08087185770273209,0.1597394879444645
UBFC_PHYS_s13_T2_ctrl,166,165,171.5,0.007356705609709024,0.06713621697730243
UBFC_PHYS_s13_T2_ctrl,166,166,171.53333333333333,-0.2858867049217224,-0.012419713013736807
UBFC_PHYS_s13_T2_ctrl,166,167,171.56666666666666,-0.5718576908111572,-0.06745740436097532
UBFC_PHYS_s13_T2_ctrl,166,168,171.6,-0.6835407018661499,-0.08976250961699347
UBFC_PHYS_s13_T2_ctrl,166,169,171.63333333333333,-0.6285147666931152,-0.07372881111880128
UBFC_PHYS_s13_T2_ctrl,166,170,171.66666666666666,-0.4349369406700134,-0.0168610380025586
UBFC_PHYS_s13_T2_ctrl,166,171,171.7,-0.09104353934526443,0.07862959058310326
UBFC_PHYS_s13_T2_ctrl,166,172,171.73333333333332,0.2722320258617401,0.20414556169272782
UBFC_PHYS_s13_T2_ctrl,166,173,171.76666666666668,0.47629836201667786,0.34437771940613954
UBFC_PHYS_s13_T2_ctrl,166,174,171.8,0.4775010943412781,0.4793246575895847
UBFC_PHYS_s13_T2_ctrl,166,175,171.83333333333334,0.41809913516044617,0.5884196026896027
UBFC_PHYS_s13_T2_ctrl,166,176,171.86666666666667,0.37623733282089233,0.6551785943485816
UBFC_PHYS_s13_T2_ctrl,166,177,171.9,0.339974045753479,0.6704172145549189
UBFC_PHYS_s13_T2_ctrl,166,178,171.93333333333334,0.2865890562534332,0.633120999696905
UBFC_PHYS_s13_T2_ctrl,166,179,171.96666666666667,0.2650485634803772,0.5493617157463673
UBFC_PHYS_s13_T2_ctrl,166,180,172.0,0.3118300437927246,0.4300479226798232
UBFC_PHYS_s13_T2_ctrl,166,181,172.03333333333333,0.40114879608154297,0.2880629253210563
UBFC_PHYS_s13_T2_ctrl,166,182,172.06666666666666,0.4805062711238861,0.13526918691665213
UBFC_PHYS_s13_T2_ctrl,166,183,172.1,0.5417864918708801,-0.019897042588362515
UBFC_PHYS_s13_T2_ctrl,166,184,172.13333333333333,0.5988357067108154,-0.1732979559763208
UBFC_PHYS_s13_T2_ctrl,166,185,172.16666666666666,0.6429612636566162,-0.323772775833817
UBFC_PHYS_s13_T2_ctrl,166,186,172.2,0.6361830830574036,-0.4698964415973749
UBFC_PHYS_s13_T2_ctrl,166,187,172.23333333333332,0.5630996227264404,-0.6061612576948194
UBFC_PHYS_s13_T2_ctrl,166,188,172.26666666666668,0.4946359395980835,-0.7204424235637067
UBFC_PHYS_s13_T2_ctrl,166,189,172.3,0.5514643788337708,-0.7942956737502825
UBFC_PHYS_s13_T2_ctrl,166,190,172.33333333333334,0.7867457866668701,-0.8066271222503761
UBFC_PHYS_s13_T2_ctrl,166,191,172.36666666666667,1.079050064086914,-0.7400050485410619
UBFC_PHYS_s13_T2_ctrl,166,192,172.4,1.2076241970062256,-0.5878106603285692
UBFC_PHYS_s13_T2_ctrl,166,193,172.43333333333334,1.0865663290023804,-0.3597798685559168
UBFC_PHYS_s13_T2_ctrl,166,194,172.46666666666667,0.8581323027610779,-0.08349255968644043
UBFC_PHYS_s13_T2_ctrl,166,195,172.5,0.6860949397087097,0.19959427585776443
UBFC_PHYS_s13_T2_ctrl,166,196,172.53333333333333,0.5964895486831665,0.44292985776778443
UBFC_PHYS_s13_T2_ctrl,166,197,172.56666666666666,0.5296240448951721,0.6057116312412915
UBFC_PHYS_s13_T2_ctrl,166,198,172.6,0.4410927891731262,0.6620200605821713
UBFC_PHYS_s13_T2_ctrl,166,199,172.63333333333333,0.30340757966041565,0.6052493979785484
UBFC_PHYS_s13_T2_ctrl,166,200,172.66666666666666,0.11828846484422684,0.44708968808839583
UBFC_PHYS_s13_T2_ctrl,166,201,172.7,-0.07747074961662292,0.21265714807818714
UBFC_PHYS_s13_T2_ctrl,166,202,172.73333333333332,-0.23452824354171753,-0.0655545789731973
UBFC_PHYS_s13_T2_ctrl,166,203,172.76666666666668,-0.3062145709991455,-0.3526384442020542
UBFC_PHYS_s13_T2_ctrl,166,204,172.8,-0.37591391801834106,-0.6142070629895934
UBFC_PHYS_s13_T2_ctrl,166,205,172.83333333333334,-0.5698739886283875,-0.8178089872821344
UBFC_PHYS_s13_T2_ctrl,166,206,172.86666666666667,-0.9619855284690857,-0.9342662234664632
UBFC_PHYS_s13_T2_ctrl,166,207,172.9,-1.3971154689788818,-0.9403779284128614
UBFC_PHYS_s13_T2_ctrl,166,208,172.93333333333334,-1.8010632991790771,-0.8235070755658487
UBFC_PHYS_s13_T2_ctrl,166,209,172.96666666666667,-2.211120367050171,-0.5870190530320345
UBFC_PHYS_s13_T2_ctrl,166,210,173.0,-2.729492664337158,-0.2540715471756815
UBFC_PHYS_s13_T2_ctrl,166,211,173.03333333333333,-3.1439125537872314,0.13314469092445347
UBFC_PHYS_s13_T2_ctrl,166,212,173.06666666666666,-3.331397533416748,0.5202869365520513
UBFC_PHYS_s13_T2_ctrl,166,213,173.1,-3.4558987617492676,0.8526303286292058
UBFC_PHYS_s13_T2_ctrl,166,214,173.13333333333333,-3.8504488468170166,1.087570308073033
UBFC_PHYS_s13_T2_ctrl,166,215,173.16666666666666,-4.3495774269104,1.2029078856513449
UBFC_PHYS_s13_T2_ctrl,166,216,173.2,-4.37971830368042,1.1982831183328848
UBFC_PHYS_s13_T2_ctrl,166,217,173.23333333333332,-3.529440402984619,1.090536817013775
UBFC_PHYS_s13_T2_ctrl,166,218,173.26666666666668,-1.0372735261917114,0.905823993149908
UBFC_PHYS_s13_T2_ctrl,166,219,173.3,1.270051121711731,0.6716878551168993
UBFC_PHYS_s13_T2_ctrl,166,220,173.33333333333334,2.3381757736206055,0.41174791348991074
UBFC_PHYS_s13_T2_ctrl,166,221,173.36666666666667,2.6419506072998047,0.14435432580581256
UBFC_PHYS_s13_T2_ctrl,166,222,173.4,2.504650831222534,-0.1152923466226507
UBFC_PHYS_s13_T2_ctrl,166,223,173.43333333333334,2.067382335662842,-0.3516528783367052
UBFC_PHYS_s13_T2_ctrl,166,224,173.46666666666667,1.7214854955673218,-0.5466116002027633
UBFC_PHYS_s13_T2_ctrl,166,225,173.5,1.5297727584838867,-0.6803676902706778
UBFC_PHYS_s13_T2_ctrl,166,226,173.53333333333333,1.3030258417129517,-0.7357036772932477
UBFC_PHYS_s13_T2_ctrl,166,227,173.56666666666666,0.8798573017120361,-0.704068270046227
UBFC_PHYS_s13_T2_ctrl,166,228,173.6,0.5100045800209045,-0.5907051190986263
UBFC_PHYS_s13_T2_ctrl,166,229,173.63333333333333,0.33163726329803467,-0.4160400386867535
UBFC_PHYS_s13_T2_ctrl,166,230,173.66666666666666,0.26312747597694397,-0.21188811383975575
UBFC_PHYS_s13_T2_ctrl,166,231,173.7,0.1501922607421875,-0.013423482748019315
UBFC_PHYS_s13_T2_ctrl,166,232,173.73333333333332,0.042872004210948944,0.1497941582598852
UBFC_PHYS_s13_T2_ctrl,166,233,173.76666666666668,0.02052418887615204,0.2598478497850128
UBFC_PHYS_s13_T2_ctrl,166,234,173.8,0.011874377727508545,0.3115590055811549
UBFC_PHYS_s13_T2_ctrl,166,235,173.83333333333334,-0.07854826748371124,0.3094843390217196
UBFC_PHYS_s13_T2_ctrl,166,236,173.86666666666667,-0.23320357501506805,0.2633068251469389
UBFC_PHYS_s13_T2_ctrl,166,237,173.9,-0.3618270754814148,0.18398876615390447
UBFC_PHYS_s13_T2_ctrl,166,238,173.93333333333334,-0.4479627311229706,0.0817659268535321
UBFC_PHYS_s13_T2_ctrl,166,239,173.96666666666667,-0.49510666728019714,-0.034217574639943016
UBFC_PHYS_s13_T2_ctrl,167,0,167.0,-0.3915725350379944,0.0027900227717202212
UBFC_PHYS_s13_T2_ctrl,167,1,167.03333333333333,-0.4898574650287628,0.18057488957809517
UBFC_PHYS_s13_T2_ctrl,167,2,167.06666666666666,-0.5865112543106079,0.3426443727431862
UBFC_PHYS_s13_T2_ctrl,167,3,167.1,-0.623407244682312,0.47529737367289016
UBFC_PHYS_s13_T2_ctrl,167,4,167.13333333333333,-0.6092512011528015,0.5715317149776536
UBFC_PHYS_s13_T2_ctrl,167,5,167.16666666666666,-0.6128429174423218,0.6319463550383665
UBFC_PHYS_s13_T2_ctrl,167,6,167.2,-0.6662707328796387,0.6632128503028282
UBFC_PHYS_s13_T2_ctrl,167,7,167.23333333333332,-0.7385864853858948,0.6747138460330104
UBFC_PHYS_s13_T2_ctrl,167,8,167.26666666666668,-0.8276152610778809,0.6746724908823762
UBFC_PHYS_s13_T2_ctrl,167,9,167.3,-0.9821519255638123,0.6672498602324504
UBFC_PHYS_s13_T2_ctrl,167,10,167.33333333333334,-1.2037979364395142,0.6516218619670048
UBFC_PHYS_s13_T2_ctrl,167,11,167.36666666666667,-1.3446004390716553,0.6231194572477571
UBFC_PHYS_s13_T2_ctrl,167,12,167.4,-1.1747609376907349,0.5755212220617322
UBFC_PHYS_s13_T2_ctrl,167,13,167.43333333333334,-0.707176923751831,0.5031202759622694
UBFC_PHYS_s13_T2_ctrl,167,14,167.46666666666667,-0.2969452738761902,0.40161417037864466
UBFC_PHYS_s13_T2_ctrl,167,15,167.5,-0.2020181268453598,0.2679567862587428
UBFC_PHYS_s13_T2_ctrl,167,16,167.53333333333333,-0.30443188548088074,0.10036447243829545
UBFC_PHYS_s13_T2_ctrl,167,17,167.56666666666666,-0.4185500741004944,-0.10018735822927419
UBFC_PHYS_s13_T2_ctrl,167,18,167.6,-0.5139747858047485,-0.32673315192578656
UBFC_PHYS_s13_T2_ctrl,167,19,167.63333333333333,-0.5433215498924255,-0.5626929519606866
UBFC_PHYS_s13_T2_ctrl,167,20,167.66666666666666,-0.4637531638145447,-0.780185043252853
UBFC_PHYS_s13_T2_ctrl,167,21,167.7,-0.36934995651245117,-0.94241752011441
UBFC_PHYS_s13_T2_ctrl,167,22,167.73333333333332,-0.36435776948928833,-1.0109508538059733
UBFC_PHYS_s13_T2_ctrl,167,23,167.76666666666668,-0.395358681678772,-0.9566240391164074
UBFC_PHYS_s13_T2_ctrl,167,24,167.8,-0.380214124917984,-0.7710084585533666
UBFC_PHYS_s13_T2_ctrl,167,25,167.83333333333334,-0.3551939129829407,-0.47399472315983177
UBFC_PHYS_s13_T2_ctrl,167,26,167.86666666666667,-0.3635900020599365,-0.1132569643740942
UBFC_PHYS_s13_T2_ctrl,167,27,167.9,-0.3852161765098572,0.24616702656092765
UBFC_PHYS_s13_T2_ctrl,167,28,167.93333333333334,-0.418952077627182,0.5393748271227604
UBFC_PHYS_s13_T2_ctrl,167,29,167.96666666666667,-0.5096251368522644,0.7193264544773216
UBFC_PHYS_s13_T2_ctrl,167,30,168.0,-0.665944516658783,0.7672724531554863
UBFC_PHYS_s13_T2_ctrl,167,31,168.03333333333333,-0.81583172082901,0.6918979891548885
UBFC_PHYS_s13_T2_ctrl,167,32,168.06666666666666,-0.8558745980262756,0.5192366769454368
UBFC_PHYS_s13_T2_ctrl,167,33,168.1,-0.7292808890342712,0.2799770708088281
UBFC_PHYS_s13_T2_ctrl,167,34,168.13333333333333,-0.4844072461128235,0.0008809577909343197
UBFC_PHYS_s13_T2_ctrl,167,35,168.16666666666666,-0.26129817962646484,-0.2965278361091184
UBFC_PHYS_s13_T2_ctrl,167,36,168.2,-0.18259313702583313,-0.5912903659337004
UBFC_PHYS_s13_T2_ctrl,167,37,168.23333333333332,-0.2611696422100067,-0.856736068844179
UBFC_PHYS_s13_T2_ctrl,167,38,168.26666666666668,-0.4164807200431824,-1.057632212662323
UBFC_PHYS_s13_T2_ctrl,167,39,168.3,-0.5627893805503845,-1.1541759710773007
UBFC_PHYS_s13_T2_ctrl,167,40,168.33333333333334,-0.6763407588005066,-1.1131287080482009
UBFC_PHYS_s13_T2_ctrl,167,41,168.36666666666667,-0.7650895118713379,-0.922341831447772
UBFC_PHYS_s13_T2_ctrl,167,42,168.4,-0.8266728520393372,-0.6014220009601874
UBFC_PHYS_s13_T2_ctrl,167,43,168.43333333333334,-0.8574002385139465,-0.20143198709503002
UBFC_PHYS_s13_T2_ctrl,167,44,168.46666666666667,-0.8603724837303162,0.20828207765851858
UBFC_PHYS_s13_T2_ctrl,167,45,168.5,-0.8405718207359314,0.5609467389960303
UBFC_PHYS_s13_T2_ctrl,167,46,168.53333333333333,-0.8311114311218262,0.8114342574540304
UBFC_PHYS_s13_T2_ctrl,167,47,168.56666666666666,-0.8862032890319824,0.9453637815428556
UBFC_PHYS_s13_T2_ctrl,167,48,168.6,-1.0203297138214111,0.9760621132904694
UBFC_PHYS_s13_T2_ctrl,167,49,168.63333333333333,-1.1724246740341187,0.9333455228848868
UBFC_PHYS_s13_T2_ctrl,167,50,168.66666666666666,-1.218741536140442,0.8502390630399204
UBFC_PHYS_s13_T2_ctrl,167,51,168.7,-1.060039758682251,0.752451060599989
UBFC_PHYS_s13_T2_ctrl,167,52,168.73333333333332,-0.7453020215034485,0.6531391573578826
UBFC_PHYS_s13_T2_ctrl,167,53,168.76666666666668,-0.44384047389030457,0.5533562678904592
UBFC_PHYS_s13_T2_ctrl,167,54,168.8,-0.2446938306093216,0.4467950381804485
UBFC_PHYS_s13_T2_ctrl,167,55,168.83333333333334,-0.09289871901273727,0.3263776088994713
UBFC_PHYS_s13_T2_ctrl,167,56,168.86666666666667,0.061934538185596466,0.19007919470591145
UBFC_PHYS_s13_T2_ctrl,167,57,168.9,0.2219214290380478,0.04403906806687774
UBFC_PHYS_s13_T2_ctrl,167,58,168.93333333333334,0.4072679281234741,-0.0978378275746533
UBFC_PHYS_s13_T2_ctrl,167,59,168.96666666666667,0.65833979845047,-0.21744696285964132
UBFC_PHYS_s13_T2_ctrl,167,60,169.0,0.9933362007141113,-0.2980648737117761
UBFC_PHYS_s13_T2_ctrl,167,61,169.03333333333333,1.3700066804885864,-0.3302040848825368
UBFC_PHYS_s13_T2_ctrl,167,62,169.06666666666666,1.6260673999786377,-0.31563079599805394
UBFC_PHYS_s13_T2_ctrl,167,63,169.1,1.5989514589309692,-0.26779865093657734
UBFC_PHYS_s13_T2_ctrl,167,64,169.13333333333333,1.3456718921661377,-0.20830571898803207
UBFC_PHYS_s13_T2_ctrl,167,65,169.16666666666666,1.063704490661621,-0.16057032565688162
UBFC_PHYS_s13_T2_ctrl,167,66,169.2,0.816346287727356,-0.1428405850647402
UBFC_PHYS_s13_T2_ctrl,167,67,169.23333333333332,0.5351895689964294,-0.1627597012337835
UBFC_PHYS_s13_T2_ctrl,167,68,169.26666666666668,0.2369869351387024,-0.21522395878884934
UBFC_PHYS_s13_T2_ctrl,167,69,169.3,0.015512241050601006,-0.2842779845286889
UBFC_PHYS_s13_T2_ctrl,167,70,169.33333333333334,-0.07668650150299072,-0.34844433482935516
UBFC_PHYS_s13_T2_ctrl,167,71,169.36666666666667,-0.039774052798748016,-0.38762746713165547
UBFC_PHYS_s13_T2_ctrl,167,72,169.4,0.09566385298967361,-0.38911340639312547
UBFC_PHYS_s13_T2_ctrl,167,73,169.43333333333334,0.21256645023822784,-0.35059751605108974
UBFC_PHYS_s13_T2_ctrl,167,74,169.46666666666667,0.2078576683998108,-0.2795295155963496
UBFC_PHYS_s13_T2_ctrl,167,75,169.5,0.13329795002937317,-0.18962138185086594
UBFC_PHYS_s13_T2_ctrl,167,76,169.53333333333333,0.11370489001274109,-0.09628620026068302
UBFC_PHYS_s13_T2_ctrl,167,77,169.56666666666666,0.09159103035926819,-0.012738399893030921
UBFC_PHYS_s13_T2_ctrl,167,78,169.6,-0.07893380522727966,0.05229028596558668
UBFC_PHYS_s13_T2_ctrl,167,79,169.63333333333333,-0.36261463165283203,0.09515353097798038
UBFC_PHYS_s13_T2_ctrl,167,80,169.66666666666666,-0.5146304965019226,0.11662290151234717
UBFC_PHYS_s13_T2_ctrl,167,81,169.7,-0.28810104727745056,0.12043738933628063
UBFC_PHYS_s13_T2_ctrl,167,82,169.73333333333332,0.28183743357658386,0.11150946433667122
UBFC_PHYS_s13_T2_ctrl,167,83,169.76666666666668,0.9850060343742371,0.09422801230086807
UBFC_PHYS_s13_T2_ctrl,167,84,169.8,1.3095831871032715,0.07133681909410394
UBFC_PHYS_s13_T2_ctrl,167,85,169.83333333333334,1.1403170824050903,0.043762250033243855
UBFC_PHYS_s13_T2_ctrl,167,86,169.86666666666667,0.7805278301239014,0.011422399897654801
UBFC_PHYS_s13_T2_ctrl,167,87,169.9,0.40734371542930603,-0.02530534311093474
UBFC_PHYS_s13_T2_ctrl,167,88,169.93333333333334,0.07388939708471298,-0.06394793793754977
UBFC_PHYS_s13_T2_ctrl,167,89,169.96666666666667,-0.16888853907585144,-0.09873890723902339
UBFC_PHYS_s13_T2_ctrl,167,90,170.0,-0.3465935289859772,-0.12060951320916709
UBFC_PHYS_s13_T2_ctrl,167,91,170.03333333333333,-0.507944643497467,-0.11892941425964106
UBFC_PHYS_s13_T2_ctrl,167,92,170.06666666666666,-0.6255227327346802,-0.08480366615121998
UBFC_PHYS_s13_T2_ctrl,167,93,170.1,-0.6333125233650208,-0.014841338815365042
UBFC_PHYS_s13_T2_ctrl,167,94,170.13333333333333,-0.550686240196228,0.08613771686069169
UBFC_PHYS_s13_T2_ctrl,167,95,170.16666666666666,-0.4743306338787079,0.20483266123253802
UBFC_PHYS_s13_T2_ctrl,167,96,170.2,-0.4482460916042328,0.3222804932625261
UBFC_PHYS_s13_T2_ctrl,167,97,170.23333333333332,-0.4290682375431061,0.4191351894427509
UBFC_PHYS_s13_T2_ctrl,167,98,170.26666666666668,-0.34114333987236023,0.4813492696340865
UBFC_PHYS_s13_T2_ctrl,167,99,170.3,-0.2365185171365738,0.5037311256483193
UBFC_PHYS_s13_T2_ctrl,167,100,170.33333333333334,-0.1701538860797882,0.4899710829383366
UBFC_PHYS_s13_T2_ctrl,167,101,170.36666666666667,-0.09878058731555939,0.44955290009324994
UBFC_PHYS_s13_T2_ctrl,167,102,170.4,0.08181427419185638,0.39322633567695986
UBFC_PHYS_s13_T2_ctrl,167,103,170.43333333333334,0.3901561200618744,0.32900923051859393
UBFC_PHYS_s13_T2_ctrl,167,104,170.46666666666667,0.8051163554191589,0.2602102605284922
UBFC_PHYS_s13_T2_ctrl,167,105,170.5,1.3266258239746094,0.1860297039634306
UBFC_PHYS_s13_T2_ctrl,167,106,170.53333333333333,1.972040057182312,0.10423171310797205
UBFC_PHYS_s13_T2_ctrl,167,107,170.56666666666666,2.679116725921631,0.014469811783943094
UBFC_PHYS_s13_T2_ctrl,167,108,170.6,3.2962024211883545,-0.07955114387742224
UBFC_PHYS_s13_T2_ctrl,167,109,170.63333333333333,3.6085808277130127,-0.17027458060475173
UBFC_PHYS_s13_T2_ctrl,167,110,170.66666666666666,3.4579224586486816,-0.24852998853732813
UBFC_PHYS_s13_T2_ctrl,167,111,170.7,2.90461802482605,-0.30634058635570033
UBFC_PHYS_s13_T2_ctrl,167,112,170.73333333333332,2.0656490325927734,-0.3390464080529043
UBFC_PHYS_s13_T2_ctrl,167,113,170.76666666666668,1.0922175645828247,-0.34640098627424215
UBFC_PHYS_s13_T2_ctrl,167,114,170.8,-0.07004673779010773,-0.33281270306308447
UBFC_PHYS_s13_T2_ctrl,167,115,170.83333333333334,-1.0345252752304077,-0.30683562915775525
UBFC_PHYS_s13_T2_ctrl,167,116,170.86666666666667,-1.3740065097808838,-0.2797791971393017
UBFC_PHYS_s13_T2_ctrl,167,117,170.9,-1.2782225608825684,-0.26331853591584703
UBFC_PHYS_s13_T2_ctrl,167,118,170.93333333333334,-1.0385487079620361,-0.2663961497285307
UBFC_PHYS_s13_T2_ctrl,167,119,170.96666666666667,-0.7384315729141235,-0.2922311081026552
UBFC_PHYS_s13_T2_ctrl,167,120,171.0,-0.4479198753833771,-0.3365025889368122
UBFC_PHYS_s13_T2_ctrl,167,121,171.03333333333333,-0.294411301612854,-0.38761294783113387
UBFC_PHYS_s13_T2_ctrl,167,122,171.06666666666666,-0.327273964881897,-0.4293792427828507
UBFC_PHYS_s13_T2_ctrl,167,123,171.1,-0.47227776050567627,-0.4455912634215539
UBFC_PHYS_s13_T2_ctrl,167,124,171.13333333333333,-0.6063416004180908,-0.4249054341033702
UBFC_PHYS_s13_T2_ctrl,167,125,171.16666666666666,-0.7435457110404968,-0.3642076058792404
UBFC_PHYS_s13_T2_ctrl,167,126,171.2,-0.8953968286514282,-0.2692734942751427
UBFC_PHYS_s13_T2_ctrl,167,127,171.23333333333332,-1.060570240020752,-0.15279013423175988
UBFC_PHYS_s13_T2_ctrl,167,128,171.26666666666668,-1.2271112203598022,-0.03077743296679263
UBFC_PHYS_s13_T2_ctrl,167,129,171.3,-1.3749126195907593,0.08124814720571576
UBFC_PHYS_s13_T2_ctrl,167,130,171.33333333333334,-1.2092349529266357,0.17134788086508076
UBFC_PHYS_s13_T2_ctrl,167,131,171.36666666666667,-0.6760804653167725,0.23298404799154712
UBFC_PHYS_s13_T2_ctrl,167,132,171.4,-0.275556355714798,0.2654626939078752
UBFC_PHYS_s13_T2_ctrl,167,133,171.43333333333334,-0.04529016092419624,0.27306933891326196
UBFC_PHYS_s13_T2_ctrl,167,134,171.46666666666667,0.08087185770273209,0.2632092153531503
UBFC_PHYS_s13_T2_ctrl,167,135,171.5,0.007356705609709024,0.24420866602567542
UBFC_PHYS_s13_T2_ctrl,167,136,171.53333333333333,-0.2858867049217224,0.22369741602417845
UBFC_PHYS_s13_T2_ctrl,167,137,171.56666666666666,-0.5718576908111572,0.20821076318020854
UBFC_PHYS_s13_T2_ctrl,167,138,171.6,-0.6835407018661499,0.20371449748535425
UBFC_PHYS_s13_T2_ctrl,167,139,171.63333333333333,-0.6285147666931152,0.21589953048783836
UBFC_PHYS_s13_T2_ctrl,167,140,171.66666666666666,-0.4349369406700134,0.24915835485662557
UBFC_PHYS_s13_T2_ctrl,167,141,171.7,-0.09104353934526443,0.30427888814361337
UBFC_PHYS_s13_T2_ctrl,167,142,171.73333333333332,0.2722320258617401,0.3763432698227758
UBFC_PHYS_s13_T2_ctrl,167,143,171.76666666666668,0.47629836201667786,0.4546853290368254
UBFC_PHYS_s13_T2_ctrl,167,144,171.8,0.4775010943412781,0.5253890663346757
UBFC_PHYS_s13_T2_ctrl,167,145,171.83333333333334,0.41809913516044617,0.5749746717948194
UBFC_PHYS_s13_T2_ctrl,167,146,171.86666666666667,0.37623733282089233,0.5932661299104955
UBFC_PHYS_s13_T2_ctrl,167,147,171.9,0.339974045753479,0.5742890118505544
UBFC_PHYS_s13_T2_ctrl,167,148,171.93333333333334,0.2865890562534332,0.5156181733671131
UBFC_PHYS_s13_T2_ctrl,167,149,171.96666666666667,0.2650485634803772,0.4176139161743513
UBFC_PHYS_s13_T2_ctrl,167,150,172.0,0.3118300437927246,0.2836576343392645
UBFC_PHYS_s13_T2_ctrl,167,151,172.03333333333333,0.40114879608154297,0.12126441880172266
UBFC_PHYS_s13_T2_ctrl,167,152,172.06666666666666,0.4805062711238861,-0.05713143885240586
UBFC_PHYS_s13_T2_ctrl,167,153,172.1,0.5417864918708801,-0.23502200677530963
UBFC_PHYS_s13_T2_ctrl,167,154,172.13333333333333,0.5988357067108154,-0.3946170863118554
UBFC_PHYS_s13_T2_ctrl,167,155,172.16666666666666,0.6429612636566162,-0.5206497579911061
UBFC_PHYS_s13_T2_ctrl,167,156,172.2,0.6361830830574036,-0.6036796014329517
UBFC_PHYS_s13_T2_ctrl,167,157,172.23333333333332,0.5630996227264404,-0.6415879867678125
UBFC_PHYS_s13_T2_ctrl,167,158,172.26666666666668,0.4946359395980835,-0.6386680387509573
UBFC_PHYS_s13_T2_ctrl,167,159,172.3,0.5514643788337708,-0.6026779874694379
UBFC_PHYS_s13_T2_ctrl,167,160,172.33333333333334,0.7867457866668701,-0.5411480284023896
UBFC_PHYS_s13_T2_ctrl,167,161,172.36666666666667,1.079050064086914,-0.45862345302396257
UBFC_PHYS_s13_T2_ctrl,167,162,172.4,1.2076241970062256,-0.35611783869398006
UBFC_PHYS_s13_T2_ctrl,167,163,172.43333333333334,1.0865663290023804,-0.23311912203138876
UBFC_PHYS_s13_T2_ctrl,167,164,172.46666666666667,0.8581323027610779,-0.09148087460864002
UBFC_PHYS_s13_T2_ctrl,167,165,172.5,0.6860949397087097,0.06036994260993406
UBFC_PHYS_s13_T2_ctrl,167,166,172.53333333333333,0.5964895486831665,0.2050340683922714
UBFC_PHYS_s13_T2_ctrl,167,167,172.56666666666666,0.5296240448951721,0.31734589475915476
UBFC_PHYS_s13_T2_ctrl,167,168,172.6,0.4410927891731262,0.3695647064088205
UBFC_PHYS_s13_T2_ctrl,167,169,172.63333333333333,0.30340757966041565,0.33913811771038105
UBFC_PHYS_s13_T2_ctrl,167,170,172.66666666666666,0.11828846484422684,0.21643652314433395
UBFC_PHYS_s13_T2_ctrl,167,171,172.7,-0.07747074961662292,0.009793188952447147
UBFC_PHYS_s13_T2_ctrl,167,172,172.73333333333332,-0.23452824354171753,-0.2538267440270007
UBFC_PHYS_s13_T2_ctrl,167,173,172.76666666666668,-0.3062145709991455,-0.5327654431459141
UBFC_PHYS_s13_T2_ctrl,167,174,172.8,-0.37591391801834106,-0.7782386160009545
UBFC_PHYS_s13_T2_ctrl,167,175,172.83333333333334,-0.5698739886283875,-0.9438508844387303
UBFC_PHYS_s13_T2_ctrl,167,176,172.86666666666667,-0.9619855284690857,-0.9951545726112133
UBFC_PHYS_s13_T2_ctrl,167,177,172.9,-1.3971154689788818,-0.9173295747033062
UBFC_PHYS_s13_T2_ctrl,167,178,172.93333333333334,-1.8010632991790771,-0.7191051543391109
UBFC_PHYS_s13_T2_ctrl,167,179,172.96666666666667,-2.211120367050171,-0.431324955508614
UBFC_PHYS_s13_T2_ctrl,167,180,173.0,-2.729492664337158,-0.09951474464060438
UBFC_PHYS_s13_T2_ctrl,167,181,173.03333333333333,-3.1439125537872314,0.22808764315221675
UBFC_PHYS_s13_T2_ctrl,167,182,173.06666666666666,-3.331397533416748,0.5129245605505816
UBFC_PHYS_s13_T2_ctrl,167,183,173.1,-3.4558987617492676,0.7338765530121943
UBFC_PHYS_s13_T2_ctrl,167,184,173.13333333333333,-3.8504488468170166,0.8875514593652007
UBFC_PHYS_s13_T2_ctrl,167,185,173.16666666666666,-4.3495774269104,0.9820074293615316
UBFC_PHYS_s13_T2_ctrl,167,186,173.2,-4.37971830368042,1.0275383158232136
UBFC_PHYS_s13_T2_ctrl,167,187,173.23333333333332,-3.529440402984619,1.028965819244814
UBFC_PHYS_s13_T2_ctrl,167,188,173.26666666666668,-1.0372735261917114,0.9829354746729885
UBFC_PHYS_s13_T2_ctrl,167,189,173.3,1.270051121711731,0.8812682576225819
UBFC_PHYS_s13_T2_ctrl,167,190,173.33333333333334,2.3381757736206055,0.7183360314645848
UBFC_PHYS_s13_T2_ctrl,167,191,173.36666666666667,2.6419506072998047,0.49849315571900865
UBFC_PHYS_s13_T2_ctrl,167,192,173.4,2.504650831222534,0.23999801496785725
UBFC_PHYS_s13_T2_ctrl,167,193,173.43333333333334,2.067382335662842,-0.026143291124587978
UBFC_PHYS_s13_T2_ctrl,167,194,173.46666666666667,1.7214854955673218,-0.26187342305967104
UBFC_PHYS_s13_T2_ctrl,167,195,173.5,1.5297727584838867,-0.43041358200500573
UBFC_PHYS_s13_T2_ctrl,167,196,173.53333333333333,1.3030258417129517,-0.5048553317751814
UBFC_PHYS_s13_T2_ctrl,167,197,173.56666666666666,0.8798573017120361,-0.4748285159812507
UBFC_PHYS_s13_T2_ctrl,167,198,173.6,0.5100045800209045,-0.34955415796675016
UBFC_PHYS_s13_T2_ctrl,167,199,173.63333333333333,0.33163726329803467,-0.15627461885909202
UBFC_PHYS_s13_T2_ctrl,167,200,173.66666666666666,0.26312747597694397,0.06597451708726904
UBFC_PHYS_s13_T2_ctrl,167,201,173.7,0.1501922607421875,0.27584746106611235
UBFC_PHYS_s13_T2_ctrl,167,202,173.73333333333332,0.042872004210948944,0.43945486042810555
UBFC_PHYS_s13_T2_ctrl,167,203,173.76666666666668,0.02052418887615204,0.5369668730498989
UBFC_PHYS_s13_T2_ctrl,167,204,173.8,0.011874377727508545,0.563982966464125
UBFC_PHYS_s13_T2_ctrl,167,205,173.83333333333334,-0.07854826748371124,0.527904445716524
UBFC_PHYS_s13_T2_ctrl,167,206,173.86666666666667,-0.23320357501506805,0.44135933516214515
UBFC_PHYS_s13_T2_ctrl,167,207,173.9,-0.3618270754814148,0.31548283232484003
UBFC_PHYS_s13_T2_ctrl,167,208,173.93333333333334,-0.4479627311229706,0.15560330847754233
UBFC_PHYS_s13_T2_ctrl,167,209,173.96666666666667,-0.49510666728019714,-0.039143978549118254
UBFC_PHYS_s13_T2_ctrl,167,210,174.0,-0.5239393711090088,-0.27220360023453377
UBFC_PHYS_s13_T2_ctrl,167,211,174.03333333333333,-0.5373342037200928,-0.5433469644450988
UBFC_PHYS_s13_T2_ctrl,167,212,174.06666666666666,-0.5280715227127075,-0.8421491966904953
UBFC_PHYS_s13_T2_ctrl,167,213,174.1,-0.4960523843765259,-1.1438957367506597
UBFC_PHYS_s13_T2_ctrl,167,214,174.13333333333333,-0.443758100271225,-1.4101394903073377
UBFC_PHYS_s13_T2_ctrl,167,215,174.16666666666666,-0.37120842933654785,-1.5948342714983155
UBFC_PHYS_s13_T2_ctrl,167,216,174.2,-0.28664788603782654,-1.6550864492530004
UBFC_PHYS_s13_T2_ctrl,167,217,174.23333333333332,-0.20618322491645813,-1.5636368366571742
UBFC_PHYS_s13_T2_ctrl,167,218,174.26666666666668,-0.1479213982820511,-1.3189353023145625
UBFC_PHYS_s13_T2_ctrl,167,219,174.3,-0.11935560405254364,-0.9487812165901282
UBFC_PHYS_s13_T2_ctrl,167,220,174.33333333333334,-0.11052785068750381,-0.5052981713507235
UBFC_PHYS_s13_T2_ctrl,167,221,174.36666666666667,-0.10610903799533844,-0.052179233456434014
UBFC_PHYS_s13_T2_ctrl,167,222,174.4,-0.09248682111501694,0.3514781700064364
UBFC_PHYS_s13_T2_ctrl,167,223,174.43333333333334,-0.05269439518451691,0.664745664099038
UBFC_PHYS_s13_T2_ctrl,167,224,174.46666666666667,0.0350855253636837,0.8711088975771443
UBFC_PHYS_s13_T2_ctrl,167,225,174.5,0.18366456031799316,0.9761755547576164
UBFC_PHYS_s13_T2_ctrl,167,226,174.53333333333333,0.3802211880683899,0.9994648785871865
UBFC_PHYS_s13_T2_ctrl,167,227,174.56666666666666,0.5762967467308044,0.9648561491150279
UBFC_PHYS_s13_T2_ctrl,167,228,174.6,0.7141104936599731,0.8934448245050659
UBFC_PHYS_s13_T2_ctrl,167,229,174.63333333333333,0.7649977207183838,0.8002583253715522
UBFC_PHYS_s13_T2_ctrl,167,230,174.66666666666666,0.7289321422576904,0.694377238085904
UBFC_PHYS_s13_T2_ctrl,167,231,174.7,0.6362918019294739,0.5810724769227689
UBFC_PHYS_s13_T2_ctrl,167,232,174.73333333333332,0.5381980538368225,0.4643923200464847
UBFC_PHYS_s13_T2_ctrl,167,233,174.76666666666668,0.534151554107666,0.34901483711157794
UBFC_PHYS_s13_T2_ctrl,167,234,174.8,0.6759425401687622,0.24086723440468882
UBFC_PHYS_s13_T2_ctrl,167,235,174.83333333333334,0.9384717345237732,0.1465955995015402
UBFC_PHYS_s13_T2_ctrl,167,236,174.86666666666667,1.2619383335113525,0.07221884937091495
UBFC_PHYS_s13_T2_ctrl,167,237,174.9,1.6559710502624512,0.021420674891565003
UBFC_PHYS_s13_T2_ctrl,167,238,174.93333333333334,2.102999687194824,-0.0058751533993272684
UBFC_PHYS_s13_T2_ctrl,167,239,174.96666666666667,2.534636974334717,-0.013948866075563001
UBFC_PHYS_s13_T2_ctrl,168,0,168.0,-0.665944516658783,-0.05866368863643159
UBFC_PHYS_s13_T2_ctrl,168,1,168.03333333333333,-0.81583172082901,-0.28379443787428094
UBFC_PHYS_s13_T2_ctrl,168,2,168.06666666666666,-0.8558745980262756,-0.507418870838941
UBFC_PHYS_s13_T2_ctrl,168,3,168.1,-0.7292808890342712,-0.7265887226466854
UBFC_PHYS_s13_T2_ctrl,168,4,168.13333333333333,-0.4844072461128235,-0.9363903523927678
UBFC_PHYS_s13_T2_ctrl,168,5,168.16666666666666,-0.26129817962646484,-1.1286683643917779
UBFC_PHYS_s13_T2_ctrl,168,6,168.2,-0.18259313702583313,-1.2909058861083669
UBFC_PHYS_s13_T2_ctrl,168,7,168.23333333333332,-0.2611696422100067,-1.4064883114024156
UBFC_PHYS_s13_T2_ctrl,168,8,168.26666666666668,-0.4164807200431824,-1.4571597611165816
UBFC_PHYS_s13_T2_ctrl,168,9,168.3,-0.5627893805503845,-1.427403010353749
UBFC_PHYS_s13_T2_ctrl,168,10,168.33333333333334,-0.6763407588005066,-1.3097411635589369
UBFC_PHYS_s13_T2_ctrl,168,11,168.36666666666667,-0.7650895118713379,-1.1093171131421498
UBFC_PHYS_s13_T2_ctrl,168,12,168.4,-0.8266728520393372,-0.8454101802717969
UBFC_PHYS_s13_T2_ctrl,168,13,168.43333333333334,-0.8574002385139465,-0.5480652275288082
UBFC_PHYS_s13_T2_ctrl,168,14,168.46666666666667,-0.8603724837303162,-0.25042264857567065
UBFC_PHYS_s13_T2_ctrl,168,15,168.5,-0.8405718207359314,0.02007058431265101
UBFC_PHYS_s13_T2_ctrl,168,16,168.53333333333333,-0.8311114311218262,0.24772658814520473
UBFC_PHYS_s13_T2_ctrl,168,17,168.56666666666666,-0.8862032890319824,0.4296774750542094
UBFC_PHYS_s13_T2_ctrl,168,18,168.6,-1.0203297138214111,0.5722997806893005
UBFC_PHYS_s13_T2_ctrl,168,19,168.63333333333333,-1.1724246740341187,0.6854461562064246
UBFC_PHYS_s13_T2_ctrl,168,20,168.66666666666666,-1.218741536140442,0.7773009865232816
UBFC_PHYS_s13_T2_ctrl,168,21,168.7,-1.060039758682251,0.8515951321299581
UBFC_PHYS_s13_T2_ctrl,168,22,168.73333333333332,-0.7453020215034485,0.9073912707487807
UBFC_PHYS_s13_T2_ctrl,168,23,168.76666666666668,-0.44384047389030457,0.9406071899859465
UBFC_PHYS_s13_T2_ctrl,168,24,168.8,-0.2446938306093216,0.9462560296414273
UBFC_PHYS_s13_T2_ctrl,168,25,168.83333333333334,-0.09289871901273727,0.9206665135797102
UBFC_PHYS_s13_T2_ctrl,168,26,168.86666666666667,0.061934538185596466,0.8631711873012773
UBFC_PHYS_s13_T2_ctrl,168,27,168.9,0.2219214290380478,0.7768738672148598
UBFC_PHYS_s13_T2_ctrl,168,28,168.93333333333334,0.4072679281234741,0.6683147635259146
UBFC_PHYS_s13_T2_ctrl,168,29,168.96666666666667,0.65833979845047,0.5461840179959616
UBFC_PHYS_s13_T2_ctrl,168,30,169.0,0.9933362007141113,0.4195765625283073
UBFC_PHYS_s13_T2_ctrl,168,31,169.03333333333333,1.3700066804885864,0.2964196233163897
UBFC_PHYS_s13_T2_ctrl,168,32,169.06666666666666,1.6260673999786377,0.182505604385223
UBFC_PHYS_s13_T2_ctrl,168,33,169.1,1.5989514589309692,0.08113419429759286
UBFC_PHYS_s13_T2_ctrl,168,34,169.13333333333333,1.3456718921661377,-0.006983896147503792
UBFC_PHYS_s13_T2_ctrl,168,35,169.16666666666666,1.063704490661621,-0.08379383901065279
UBFC_PHYS_s13_T2_ctrl,168,36,169.2,0.816346287727356,-0.1536135296011156
UBFC_PHYS_s13_T2_ctrl,168,37,169.23333333333332,0.5351895689964294,-0.22196405059533678
UBFC_PHYS_s13_T2_ctrl,168,38,169.26666666666668,0.2369869351387024,-0.29360859411449514
UBFC_PHYS_s13_T2_ctrl,168,39,169.3,0.015512241050601006,-0.37070935968057805
UBFC_PHYS_s13_T2_ctrl,168,40,169.33333333333334,-0.07668650150299072,-0.4521157182665252
UBFC_PHYS_s13_T2_ctrl,168,41,169.36666666666667,-0.039774052798748016,-0.5341098818250557
UBFC_PHYS_s13_T2_ctrl,168,42,169.4,0.09566385298967361,-0.6119957295460776
UBFC_PHYS_s13_T2_ctrl,168,43,169.43333333333334,0.21256645023822784,-0.6814386014794056
UBFC_PHYS_s13_T2_ctrl,168,44,169.46666666666667,0.2078576683998108,-0.7388205388405276
UBFC_PHYS_s13_T2_ctrl,168,45,169.5,0.13329795002937317,-0.7807025997358499
UBFC_PHYS_s13_T2_ctrl,168,46,169.53333333333333,0.11370489001274109,-0.8031260871931901
UBFC_PHYS_s13_T2_ctrl,168,47,169.56666666666666,0.09159103035926819,-0.8015329680264492
UBFC_PHYS_s13_T2_ctrl,168,48,169.6,-0.07893380522727966,-0.7715579791389658
UBFC_PHYS_s13_T2_ctrl,168,49,169.63333333333333,-0.36261463165283203,-0.7102858779923207
UBFC_PHYS_s13_T2_ctrl,168,50,169.66666666666666,-0.5146304965019226,-0.6172755964947273
UBFC_PHYS_s13_T2_ctrl,168,51,169.7,-0.28810104727745056,-0.49489120374170076
UBFC_PHYS_s13_T2_ctrl,168,52,169.73333333333332,0.28183743357658386,-0.3480203481032103
UBFC_PHYS_s13_T2_ctrl,168,53,169.76666666666668,0.9850060343742371,-0.18358232347194978
UBFC_PHYS_s13_T2_ctrl,168,54,169.8,1.3095831871032715,-0.010039629430773411
UBFC_PHYS_s13_T2_ctrl,168,55,169.83333333333334,1.1403170824050903,0.16320383885127987
UBFC_PHYS_s13_T2_ctrl,168,56,169.86666666666667,0.7805278301239014,0.3266646392826034
UBFC_PHYS_s13_T2_ctrl,168,57,169.9,0.40734371542930603,0.4718639480484965
UBFC_PHYS_s13_T2_ctrl,168,58,169.93333333333334,0.07388939708471298,0.5924418911134047
UBFC_PHYS_s13_T2_ctrl,168,59,169.96666666666667,-0.16888853907585144,0.6849533399319406
UBFC_PHYS_s13_T2_ctrl,168,60,170.0,-0.3465935289859772,0.748862930093017
UBFC_PHYS_s13_T2_ctrl,168,61,170.03333333333333,-0.507944643497467,0.7855310941217964
UBFC_PHYS_s13_T2_ctrl,168,62,170.06666666666666,-0.6255227327346802,0.7967314815655615
UBFC_PHYS_s13_T2_ctrl,168,63,170.1,-0.6333125233650208,0.783659753819767
UBFC_PHYS_s13_T2_ctrl,168,64,170.13333333333333,-0.550686240196228,0.7469011043813588
UBFC_PHYS_s13_T2_ctrl,168,65,170.16666666666666,-0.4743306338787079,0.687066322109346
UBFC_PHYS_s13_T2_ctrl,168,66,170.2,-0.4482460916042328,0.6055978750150728
UBFC_PHYS_s13_T2_ctrl,168,67,170.23333333333332,-0.4290682375431061,0.5054463823681234
UBFC_PHYS_s13_T2_ctrl,168,68,170.26666666666668,-0.34114333987236023,0.39145274696442595
UBFC_PHYS_s13_T2_ctrl,168,69,170.3,-0.2365185171365738,0.2702987947274128
UBFC_PHYS_s13_T2_ctrl,168,70,170.33333333333334,-0.1701538860797882,0.1499560505824844
UBFC_PHYS_s13_T2_ctrl,168,71,170.36666666666667,-0.09878058731555939,0.03867625321072568
UBFC_PHYS_s13_T2_ctrl,168,72,170.4,0.08181427419185638,-0.05631752431173611
UBFC_PHYS_s13_T2_ctrl,168,73,170.43333333333334,0.3901561200618744,-0.13015536937899536
UBFC_PHYS_s13_T2_ctrl,168,74,170.46666666666667,0.8051163554191589,-0.18125903870077836
UBFC_PHYS_s13_T2_ctrl,168,75,170.5,1.3266258239746094,-0.21149008052741958
UBFC_PHYS_s13_T2_ctrl,168,76,170.53333333333333,1.972040057182312,-0.22532812102461766
UBFC_PHYS_s13_T2_ctrl,168,77,170.56666666666666,2.679116725921631,-0.22836720244591352
UBFC_PHYS_s13_T2_ctrl,168,78,170.6,3.2962024211883545,-0.22589446976083874
UBFC_PHYS_s13_T2_ctrl,168,79,170.63333333333333,3.6085808277130127,-0.2222755045769343
UBFC_PHYS_s13_T2_ctrl,168,80,170.66666666666666,3.4579224586486816,-0.22116009862298236
UBFC_PHYS_s13_T2_ctrl,168,81,170.7,2.90461802482605,-0.2258820030681841
UBFC_PHYS_s13_T2_ctrl,168,82,170.73333333333332,2.0656490325927734,-0.23952793904589878
UBFC_PHYS_s13_T2_ctrl,168,83,170.76666666666668,1.0922175645828247,-0.26466339306697256
UBFC_PHYS_s13_T2_ctrl,168,84,170.8,-0.07004673779010773,-0.3029758378794233
UBFC_PHYS_s13_T2_ctrl,168,85,170.83333333333334,-1.0345252752304077,-0.35497160333623806
UBFC_PHYS_s13_T2_ctrl,168,86,170.86666666666667,-1.3740065097808838,-0.4195715236227442
UBFC_PHYS_s13_T2_ctrl,168,87,170.9,-1.2782225608825684,-0.49334681203901826
UBFC_PHYS_s13_T2_ctrl,168,88,170.93333333333334,-1.0385487079620361,-0.5694202134979593
UBFC_PHYS_s13_T2_ctrl,168,89,170.96666666666667,-0.7384315729141235,-0.636558456695911
UBFC_PHYS_s13_T2_ctrl,168,90,171.0,-0.4479198753833771,-0.6793350368176139
UBFC_PHYS_s13_T2_ctrl,168,91,171.03333333333333,-0.294411301612854,-0.6801423746170192
UBFC_PHYS_s13_T2_ctrl,168,92,171.06666666666666,-0.327273964881897,-0.623188950988203
UBFC_PHYS_s13_T2_ctrl,168,93,171.1,-0.47227776050567627,-0.49964504369682466
UBFC_PHYS_s13_T2_ctrl,168,94,171.13333333333333,-0.6063416004180908,-0.31222276257923454
UBFC_PHYS_s13_T2_ctrl,168,95,171.16666666666666,-0.7435457110404968,-0.07714819519968444
UBFC_PHYS_s13_T2_ctrl,168,96,171.2,-0.8953968286514282,0.1779386588749187
UBFC_PHYS_s13_T2_ctrl,168,97,171.23333333333332,-1.060570240020752,0.42002733631263584
UBFC_PHYS_s13_T2_ctrl,168,98,171.26666666666668,-1.2271112203598022,0.6185734708656047
UBFC_PHYS_s13_T2_ctrl,168,99,171.3,-1.3749126195907593,0.7520042877089544
UBFC_PHYS_s13_T2_ctrl,168,100,171.33333333333334,-1.2092349529266357,0.8107452186877787
UBFC_PHYS_s13_T2_ctrl,168,101,171.36666666666667,-0.6760804653167725,0.7965992744523347
UBFC_PHYS_s13_T2_ctrl,168,102,171.4,-0.275556355714798,0.7197921965803217
UBFC_PHYS_s13_T2_ctrl,168,103,171.43333333333334,-0.04529016092419624,0.5953999501624813
UBFC_PHYS_s13_T2_ctrl,168,104,171.46666666666667,0.08087185770273209,0.44040946803662245
UBFC_PHYS_s13_T2_ctrl,168,105,171.5,0.007356705609709024,0.271891432306268
UBFC_PHYS_s13_T2_ctrl,168,106,171.53333333333333,-0.2858867049217224,0.10617637731859286
UBFC_PHYS_s13_T2_ctrl,168,107,171.56666666666666,-0.5718576908111572,-0.041407995547513676
UBFC_PHYS_s13_T2_ctrl,168,108,171.6,-0.6835407018661499,-0.1568645016758542
UBFC_PHYS_s13_T2_ctrl,168,109,171.63333333333333,-0.6285147666931152,-0.2285454338223413
UBFC_PHYS_s13_T2_ctrl,168,110,171.66666666666666,-0.4349369406700134,-0.24917676807698236
UBFC_PHYS_s13_T2_ctrl,168,111,171.7,-0.09104353934526443,-0.21847155298273965
UBFC_PHYS_s13_T2_ctrl,168,112,171.73333333333332,0.2722320258617401,-0.14500772086734634
UBFC_PHYS_s13_T2_ctrl,168,113,171.76666666666668,0.47629836201667786,-0.04572439829700693
UBFC_PHYS_s13_T2_ctrl,168,114,171.8,0.4775010943412781,0.0577588375141409
UBFC_PHYS_s13_T2_ctrl,168,115,171.83333333333334,0.41809913516044617,0.1450510329668159
UBFC_PHYS_s13_T2_ctrl,168,116,171.86666666666667,0.37623733282089233,0.20256714479603863
UBFC_PHYS_s13_T2_ctrl,168,117,171.9,0.339974045753479,0.22609636906131697
UBFC_PHYS_s13_T2_ctrl,168,118,171.93333333333334,0.2865890562534332,0.21947722989165847
UBFC_PHYS_s13_T2_ctrl,168,119,171.96666666666667,0.2650485634803772,0.19072216679543716
UBFC_PHYS_s13_T2_ctrl,168,120,172.0,0.3118300437927246,0.1478933356940663
UBFC_PHYS_s13_T2_ctrl,168,121,172.03333333333333,0.40114879608154297,0.09652952906321258
UBFC_PHYS_s13_T2_ctrl,168,122,172.06666666666666,0.4805062711238861,0.03922371541772915
UBFC_PHYS_s13_T2_ctrl,168,123,172.1,0.5417864918708801,-0.02313080286396055
UBFC_PHYS_s13_T2_ctrl,168,124,172.13333333333333,0.5988357067108154,-0.08938020633331543
UBFC_PHYS_s13_T2_ctrl,168,125,172.16666666666666,0.6429612636566162,-0.15631001583493737
UBFC_PHYS_s13_T2_ctrl,168,126,172.2,0.6361830830574036,-0.2175892213916229
UBFC_PHYS_s13_T2_ctrl,168,127,172.23333333333332,0.5630996227264404,-0.2638263499660285
UBFC_PHYS_s13_T2_ctrl,168,128,172.26666666666668,0.4946359395980835,-0.2839916465082206
UBFC_PHYS_s13_T2_ctrl,168,129,172.3,0.5514643788337708,-0.26816371747087575
UBFC_PHYS_s13_T2_ctrl,168,130,172.33333333333334,0.7867457866668701,-0.2109333855120024
UBFC_PHYS_s13_T2_ctrl,168,131,172.36666666666667,1.079050064086914,-0.11423237812137656
UBFC_PHYS_s13_T2_ctrl,168,132,172.4,1.2076241970062256,0.01165405719926507
UBFC_PHYS_s13_T2_ctrl,168,133,172.43333333333334,1.0865663290023804,0.14947919407324445
UBFC_PHYS_s13_T2_ctrl,168,134,172.46666666666667,0.8581323027610779,0.2784190629190204
UBFC_PHYS_s13_T2_ctrl,168,135,172.5,0.6860949397087097,0.3782930034064821
UBFC_PHYS_s13_T2_ctrl,168,136,172.53333333333333,0.5964895486831665,0.43337066657227463
UBFC_PHYS_s13_T2_ctrl,168,137,172.56666666666666,0.5296240448951721,0.43482457165516525
UBFC_PHYS_s13_T2_ctrl,168,138,172.6,0.4410927891731262,0.38126410646702774
UBFC_PHYS_s13_T2_ctrl,168,139,172.63333333333333,0.30340757966041565,0.2773562356508938
UBFC_PHYS_s13_T2_ctrl,168,140,172.66666666666666,0.11828846484422684,0.13135190978069744
UBFC_PHYS_s13_T2_ctrl,168,141,172.7,-0.07747074961662292,-0.04714329034215259
UBFC_PHYS_s13_T2_ctrl,168,142,172.73333333333332,-0.23452824354171753,-0.24807642657361204
UBFC_PHYS_s13_T2_ctrl,168,143,172.76666666666668,-0.3062145709991455,-0.46028017378076175
UBFC_PHYS_s13_T2_ctrl,168,144,172.8,-0.37591391801834106,-0.6698518247465874
UBFC_PHYS_s13_T2_ctrl,168,145,172.83333333333334,-0.5698739886283875,-0.8587932836563071
UBFC_PHYS_s13_T2_ctrl,168,146,172.86666666666667,-0.9619855284690857,-1.0052565114189589
UBFC_PHYS_s13_T2_ctrl,168,147,172.9,-1.3971154689788818,-1.0862565573451188
UBFC_PHYS_s13_T2_ctrl,168,148,172.93333333333334,-1.8010632991790771,-1.0826688428829894
UBFC_PHYS_s13_T2_ctrl,168,149,172.96666666666667,-2.211120367050171,-0.9850829063305168
UBFC_PHYS_s13_T2_ctrl,168,150,173.0,-2.729492664337158,-0.7982214405725788
UBFC_PHYS_s13_T2_ctrl,168,151,173.03333333333333,-3.1439125537872314,-0.5417519175926965
UBFC_PHYS_s13_T2_ctrl,168,152,173.06666666666666,-3.331397533416748,-0.2466127070468148
UBFC_PHYS_s13_T2_ctrl,168,153,173.1,-3.4558987617492676,0.05208974882841525
UBFC_PHYS_s13_T2_ctrl,168,154,173.13333333333333,-3.8504488468170166,0.32296451245386665
UBFC_PHYS_s13_T2_ctrl,168,155,173.16666666666666,-4.3495774269104,0.544083006400301
UBFC_PHYS_s13_T2_ctrl,168,156,173.2,-4.37971830368042,0.7049754185258916
UBFC_PHYS_s13_T2_ctrl,168,157,173.23333333333332,-3.529440402984619,0.8051736749204754
UBFC_PHYS_s13_T2_ctrl,168,158,173.26666666666668,-1.0372735261917114,0.8508876826469097
UBFC_PHYS_s13_T2_ctrl,168,159,173.3,1.270051121711731,0.8516025571645548
UBFC_PHYS_s13_T2_ctrl,168,160,173.33333333333334,2.3381757736206055,0.8177242005813972
UBFC_PHYS_s13_T2_ctrl,168,161,173.36666666666667,2.6419506072998047,0.7594861611157883
UBFC_PHYS_s13_T2_ctrl,168,162,173.4,2.504650831222534,0.6867136090543009
UBFC_PHYS_s13_T2_ctrl,168,163,173.43333333333334,2.067382335662842,0.6088416512110343
UBFC_PHYS_s13_T2_ctrl,168,164,173.46666666666667,1.7214854955673218,0.5346715211533664
UBFC_PHYS_s13_T2_ctrl,168,165,173.5,1.5297727584838867,0.4715975397601481
UBFC_PHYS_s13_T2_ctrl,168,166,173.53333333333333,1.3030258417129517,0.4243701180720857
UBFC_PHYS_s13_T2_ctrl,168,167,173.56666666666666,0.8798573017120361,0.3938267152844167
UBFC_PHYS_s13_T2_ctrl,168,168,173.6,0.5100045800209045,0.3763038522178329
UBFC_PHYS_s13_T2_ctrl,168,169,173.63333333333333,0.33163726329803467,0.3643807726576549
UBFC_PHYS_s13_T2_ctrl,168,170,173.66666666666666,0.26312747597694397,0.34905776184886117
UBFC_PHYS_s13_T2_ctrl,168,171,173.7,0.1501922607421875,0.3226470313728685
UBFC_PHYS_s13_T2_ctrl,168,172,173.73333333333332,0.042872004210948944,0.28102670326900414
UBFC_PHYS_s13_T2_ctrl,168,173,173.76666666666668,0.02052418887615204,0.22402731335790443
UBFC_PHYS_s13_T2_ctrl,168,174,173.8,0.011874377727508545,0.15370875094982656
UBFC_PHYS_s13_T2_ctrl,168,175,173.83333333333334,-0.07854826748371124,0.07148543168247073
UBFC_PHYS_s13_T2_ctrl,168,176,173.86666666666667,-0.23320357501506805,-0.02433869401670609
UBFC_PHYS_s13_T2_ctrl,168,177,173.9,-0.3618270754814148,-0.13932408263941293
UBFC_PHYS_s13_T2_ctrl,168,178,173.93333333333334,-0.4479627311229706,-0.28150002108932703
UBFC_PHYS_s13_T2_ctrl,168,179,173.96666666666667,-0.49510666728019714,-0.45824848042907773
UBFC_PHYS_s13_T2_ctrl,168,180,174.0,-0.5239393711090088,-0.6723232865668869
UBFC_PHYS_s13_T2_ctrl,168,181,174.03333333333333,-0.5373342037200928,-0.9179596549150372
UBFC_PHYS_s13_T2_ctrl,168,182,174.06666666666666,-0.5280715227127075,-1.1781002700249894
UBFC_PHYS_s13_T2_ctrl,168,183,174.1,-0.4960523843765259,-1.4238624544852472
UBFC_PHYS_s13_T2_ctrl,168,184,174.13333333333333,-0.443758100271225,-1.6173024765231963
UBFC_PHYS_s13_T2_ctrl,168,185,174.16666666666666,-0.37120842933654785,-1.7179839350585704
UBFC_PHYS_s13_T2_ctrl,168,186,174.2,-0.28664788603782654,-1.6926569353531364
UBFC_PHYS_s13_T2_ctrl,168,187,174.23333333333332,-0.20618322491645813,-1.5257167760071257
UBFC_PHYS_s13_T2_ctrl,168,188,174.26666666666668,-0.1479213982820511,-1.2267034770295708
UBFC_PHYS_s13_T2_ctrl,168,189,174.3,-0.11935560405254364,-0.8309202777256182
UBFC_PHYS_s13_T2_ctrl,168,190,174.33333333333334,-0.11052785068750381,-0.39112071219017996
UBFC_PHYS_s13_T2_ctrl,168,191,174.36666666666667,-0.10610903799533844,0.037739049856139364
UBFC_PHYS_s13_T2_ctrl,168,192,174.4,-0.09248682111501694,0.41416989210604654
UBFC_PHYS_s13_T2_ctrl,168,193,174.43333333333334,-0.05269439518451691,0.7186601546051992
UBFC_PHYS_s13_T2_ctrl,168,194,174.46666666666667,0.0350855253636837,0.9517729496747134
UBFC_PHYS_s13_T2_ctrl,168,195,174.5,0.18366456031799316,1.1247604072652264
UBFC_PHYS_s13_T2_ctrl,168,196,174.53333333333333,0.3802211880683899,1.2489161460768718
UBFC_PHYS_s13_T2_ctrl,168,197,174.56666666666666,0.5762967467308044,1.3290411263018234
UBFC_PHYS_s13_T2_ctrl,168,198,174.6,0.7141104936599731,1.3629487242978113
UBFC_PHYS_s13_T2_ctrl,168,199,174.63333333333333,0.7649977207183838,1.3454521670341655
UBFC_PHYS_s13_T2_ctrl,168,200,174.66666666666666,0.7289321422576904,1.273700822480744
UBFC_PHYS_s13_T2_ctrl,168,201,174.7,0.6362918019294739,1.151051790499377
UBFC_PHYS_s13_T2_ctrl,168,202,174.73333333333332,0.5381980538368225,0.9879089600849196
UBFC_PHYS_s13_T2_ctrl,168,203,174.76666666666668,0.534151554107666,0.7994889347786073
UBFC_PHYS_s13_T2_ctrl,168,204,174.8,0.6759425401687622,0.6018354209972113
UBFC_PHYS_s13_T2_ctrl,168,205,174.83333333333334,0.9384717345237732,0.4080821078707435
UBFC_PHYS_s13_T2_ctrl,168,206,174.86666666666667,1.2619383335113525,0.22664631317030892
UBFC_PHYS_s13_T2_ctrl,168,207,174.9,1.6559710502624512,0.0618612144460321
UBFC_PHYS_s13_T2_ctrl,168,208,174.93333333333334,2.102999687194824,-0.08388009773078516
UBFC_PHYS_s13_T2_ctrl,168,209,174.96666666666667,2.534636974334717,-0.20817754223557772
UBFC_PHYS_s13_T2_ctrl,168,210,175.0,2.944387435913086,-0.30818330435981484
UBFC_PHYS_s13_T2_ctrl,168,211,175.03333333333333,3.3913469314575195,-0.38181830898586927
UBFC_PHYS_s13_T2_ctrl,168,212,175.06666666666666,3.7423481941223145,-0.4297071950962035
UBFC_PHYS_s13_T2_ctrl,168,213,175.1,3.7349703311920166,-0.456429031870998
UBFC_PHYS_s13_T2_ctrl,168,214,175.13333333333333,3.449394702911377,-0.4700200357685259
UBFC_PHYS_s13_T2_ctrl,168,215,175.16666666666666,3.2333240509033203,-0.47962943515134115
UBFC_PHYS_s13_T2_ctrl,168,216,175.2,3.2601499557495117,-0.49232258348521996
UBFC_PHYS_s13_T2_ctrl,168,217,175.23333333333332,3.2371859550476074,-0.5105630067844831
UBFC_PHYS_s13_T2_ctrl,168,218,175.26666666666668,2.9677369594573975,-0.5315219175008548
UBFC_PHYS_s13_T2_ctrl,168,219,175.3,1.737862467765808,-0.5484097271366664
UBFC_PHYS_s13_T2_ctrl,168,220,175.33333333333334,-0.49644121527671814,-0.5531403084278952
UBFC_PHYS_s13_T2_ctrl,168,221,175.36666666666667,-2.3779842853546143,-0.5392432056884037
UBFC_PHYS_s13_T2_ctrl,168,222,175.4,-3.1902360916137695,-0.5040770722228494
UBFC_PHYS_s13_T2_ctrl,168,223,175.43333333333334,-3.2480034828186035,-0.4497364911559854
UBFC_PHYS_s13_T2_ctrl,168,224,175.46666666666667,-2.8639585971832275,-0.3823114505292215
UBFC_PHYS_s13_T2_ctrl,168,225,175.5,-2.3741090297698975,-0.3095230105736048
UBFC_PHYS_s13_T2_ctrl,168,226,175.53333333333333,-2.2455482482910156,-0.237395818781984
UBFC_PHYS_s13_T2_ctrl,168,227,175.56666666666666,-2.5888023376464844,-0.1672706482960999
UBFC_PHYS_s13_T2_ctrl,168,228,175.6,-2.993455171585083,-0.09466305244138415
UBFC_PHYS_s13_T2_ctrl,168,229,175.63333333333333,-2.8794820308685303,-0.01097737062350749
UBFC_PHYS_s13_T2_ctrl,168,230,175.66666666666666,-2.287858009338379,0.09206459184420909
UBFC_PHYS_s13_T2_ctrl,168,231,175.7,-1.6367498636245728,0.21683186992165285
UBFC_PHYS_s13_T2_ctrl,168,232,175.73333333333332,-1.0998947620391846,0.355580418453849
UBFC_PHYS_s13_T2_ctrl,168,233,175.76666666666668,-0.6693056225776672,0.4900085811698187
UBFC_PHYS_s13_T2_ctrl,168,234,175.8,-0.4257566034793854,0.5953653307227619
UBFC_PHYS_s13_T2_ctrl,168,235,175.83333333333334,-0.37934747338294983,0.6477356547175055
UBFC_PHYS_s13_T2_ctrl,168,236,175.86666666666667,-0.4520849883556366,0.6315998539580179
UBFC_PHYS_s13_T2_ctrl,168,237,175.9,-0.5920702219009399,0.5447675729644766
UBFC_PHYS_s13_T2_ctrl,168,238,175.93333333333334,-0.8162600994110107,0.39928906131040404
UBFC_PHYS_s13_T2_ctrl,168,239,175.96666666666667,-0.9689943194389343,0.21872263127157246
