recording_id,measurement_id,sample_index,time_seconds,gt_signal,predicted_signal
UBFC_PHYS_s01_T3_test,0,0,0.0,0.9904807806015015,0.05999565235387097
UBFC_PHYS_s01_T3_test,0,1,0.03333333333333333,1.3622663021087646,-0.04075903129304697
UBFC_PHYS_s01_T3_test,0,2,0.06666666666666667,1.9200290441513062,-0.11659298293016214
UBFC_PHYS_s01_T3_test,0,3,0.1,2.4198598861694336,-0.14621074337072154
UBFC_PHYS_s01_T3_test,0,4,0.13333333333333333,2.7009687423706055,-0.12031056423060475
UBFC_PHYS_s01_T3_test,0,5,0.16666666666666666,2.7145016193389893,-0.04562784234542338
UBFC_PHYS_s01_T3_test,0,6,0.2,2.5487499237060547,0.05597584690617031
UBFC_PHYS_s01_T3_test,0,7,0.23333333333333334,2.2173306941986084,0.15332630502052075
UBFC_PHYS_s01_T3_test,0,8,0.26666666666666666,1.367861032485962,0.21468950941368753
UBFC_PHYS_s01_T3_test,0,9,0.3,-0.32090237736701965,0.21595366940654318
UBFC_PHYS_s01_T3_test,0,10,0.3333333333333333,-2.4480602741241455,0.1458936139362442
UBFC_PHYS_s01_T3_test,0,11,0.36666666666666664,-4.142650604248047,0.007708407567689302
UBFC_PHYS_s01_T3_test,0,12,0.4,-4.862132549285889,-0.1827598394439193
UBFC_PHYS_s01_T3_test,0,13,0.43333333333333335,-4.786466598510742,-0.400706084281899
UBFC_PHYS_s01_T3_test,0,14,0.4666666666666667,-4.498137474060059,-0.6164138436894246
UBFC_PHYS_s01_T3_test,0,15,0.5,-4.381724834442139,-0.79837077761678
UBFC_PHYS_s01_T3_test,0,16,0.5333333333333333,-4.364814281463623,-0.9157718877024817
UBFC_PHYS_s01_T3_test,0,17,0.5666666666666667,-4.221251487731934,-0.9421254572172489
UBFC_PHYS_s01_T3_test,0,18,0.6,-3.958446741104126,-0.8604283776410718
UBFC_PHYS_s01_T3_test,0,19,0.6333333333333333,-3.7314908504486084,-0.6688160556223348
UBFC_PHYS_s01_T3_test,0,20,0.6666666666666666,-3.5145421028137207,-0.3843353669985262
UBFC_PHYS_s01_T3_test,0,21,0.7,-3.0080819129943848,-0.04173015449391746
UBFC_PHYS_s01_T3_test,0,22,0.7333333333333333,-1.898552417755127,0.3132275505363861
UBFC_PHYS_s01_T3_test,0,23,0.7666666666666667,-0.08757054060697556,0.6334821524005598
UBFC_PHYS_s01_T3_test,0,24,0.8,2.224656820297241,0.8805811569697224
UBFC_PHYS_s01_T3_test,0,25,0.8333333333333334,4.54313325881958,1.0317155327257956
UBFC_PHYS_s01_T3_test,0,26,0.8666666666666667,6.213508129119873,1.0819684671385394
UBFC_PHYS_s01_T3_test,0,27,0.9,6.798315525054932,1.0411816680807138
UBFC_PHYS_s01_T3_test,0,28,0.9333333333333333,6.381835460662842,0.927369385069125
UBFC_PHYS_s01_T3_test,0,29,0.9666666666666667,5.383778095245361,0.7606673949311854
UBFC_PHYS_s01_T3_test,0,30,1.0,4.208293914794922,0.5601676617175122
UBFC_PHYS_s01_T3_test,0,31,1.0333333333333334,3.124563455581665,0.34387773072312944
UBFC_PHYS_s01_T3_test,0,32,1.0666666666666667,2.26749324798584,0.12989738631812092
UBFC_PHYS_s01_T3_test,0,33,1.1,1.7956782579421997,-0.06462670132570594
UBFC_PHYS_s01_T3_test,0,34,1.1333333333333333,1.8311256170272827,-0.22692739466067618
UBFC_PHYS_s01_T3_test,0,35,1.1666666666666667,2.189336061477661,-0.3512176511158861
UBFC_PHYS_s01_T3_test,0,36,1.2,2.615506649017334,-0.4385987595660456
UBFC_PHYS_s01_T3_test,0,37,1.2333333333333334,3.166112184524536,-0.49424817126080905
UBFC_PHYS_s01_T3_test,0,38,1.2666666666666666,3.914095640182495,-0.5234600419016001
UBFC_PHYS_s01_T3_test,0,39,1.3,4.513956069946289,-0.5293385369407771
UBFC_PHYS_s01_T3_test,0,40,1.3333333333333333,4.435039043426514,-0.5130853856536092
UBFC_PHYS_s01_T3_test,0,41,1.3666666666666667,3.44730544090271,-0.47576831210940435
UBFC_PHYS_s01_T3_test,0,42,1.4,1.78997802734375,-0.4199701178237865
UBFC_PHYS_s01_T3_test,0,43,1.4333333333333333,-0.13587521016597748,-0.3496659278153562
UBFC_PHYS_s01_T3_test,0,44,1.4666666666666666,-2.0058445930480957,-0.26860825093478147
UBFC_PHYS_s01_T3_test,0,45,1.5,-3.5114808082580566,-0.17933996228782578
UBFC_PHYS_s01_T3_test,0,46,1.5333333333333334,-4.46340799331665,-0.08386839087842889
UBFC_PHYS_s01_T3_test,0,47,1.5666666666666667,-4.993535041809082,0.014350175871721632
UBFC_PHYS_s01_T3_test,0,48,1.6,-5.207000255584717,0.10821387507801283
UBFC_PHYS_s01_T3_test,0,49,1.6333333333333333,-5.116576671600342,0.1861585609242563
UBFC_PHYS_s01_T3_test,0,50,1.6666666666666667,-5.047497749328613,0.23420089040793843
UBFC_PHYS_s01_T3_test,0,51,1.7,-5.555794715881348,0.24176678715573116
UBFC_PHYS_s01_T3_test,0,52,1.7333333333333334,-6.758049011230469,0.20846512308876444
UBFC_PHYS_s01_T3_test,0,53,1.7666666666666666,-8.099791526794434,0.14584447713287996
UBFC_PHYS_s01_T3_test,0,54,1.8,-8.77892780303955,0.07268820822257577
UBFC_PHYS_s01_T3_test,0,55,1.8333333333333333,-8.397578239440918,0.007306478593675555
UBFC_PHYS_s01_T3_test,0,56,1.8666666666666667,-7.1809892654418945,-0.03898118616074862
UBFC_PHYS_s01_T3_test,0,57,1.9,-5.560987949371338,-0.06324670181110109
UBFC_PHYS_s01_T3_test,0,58,1.9333333333333333,-3.7663259506225586,-0.0673000757099096
UBFC_PHYS_s01_T3_test,0,59,1.9666666666666666,-2.03415584564209,-0.052950500522999
UBFC_PHYS_s01_T3_test,0,60,2.0,-0.6540526151657104,-0.019500029072447557
UBFC_PHYS_s01_T3_test,0,61,2.033333333333333,0.29669228196144104,0.03471096291752834
UBFC_PHYS_s01_T3_test,0,62,2.066666666666667,0.9467574954032898,0.10818098859434438
UBFC_PHYS_s01_T3_test,0,63,2.1,1.4900795221328735,0.1939050281368101
UBFC_PHYS_s01_T3_test,0,64,2.1333333333333333,2.0987436771392822,0.280328481898245
UBFC_PHYS_s01_T3_test,0,65,2.1666666666666665,2.6815664768218994,0.35389800244573544
UBFC_PHYS_s01_T3_test,0,66,2.2,2.9996426105499268,0.4016286386259217
UBFC_PHYS_s01_T3_test,0,67,2.2333333333333334,2.9979958534240723,0.41263183618700644
UBFC_PHYS_s01_T3_test,0,68,2.2666666666666666,2.834608793258667,0.3789987639777139
UBFC_PHYS_s01_T3_test,0,69,2.3,2.7078511714935303,0.2976839637499284
UBFC_PHYS_s01_T3_test,0,70,2.3333333333333335,2.7007787227630615,0.17302010523798428
UBFC_PHYS_s01_T3_test,0,71,2.3666666666666667,2.763418436050415,0.01751049765894259
UBFC_PHYS_s01_T3_test,0,72,2.4,2.7680842876434326,-0.15006659635087033
UBFC_PHYS_s01_T3_test,0,73,2.433333333333333,2.5590736865997314,-0.3085458149693526
UBFC_PHYS_s01_T3_test,0,74,2.466666666666667,2.0720367431640625,-0.43878648308413265
UBFC_PHYS_s01_T3_test,0,75,2.5,1.4455538988113403,-0.526669064503789
UBFC_PHYS_s01_T3_test,0,76,2.533333333333333,0.9110356569290161,-0.5643568200237299
UBFC_PHYS_s01_T3_test,0,77,2.566666666666667,0.5733463168144226,-0.5510881522164945
UBFC_PHYS_s01_T3_test,0,78,2.6,0.3776363730430603,-0.4934135392290939
UBFC_PHYS_s01_T3_test,0,79,2.6333333333333333,0.186191126704216,-0.40343482620976645
UBFC_PHYS_s01_T3_test,0,80,2.6666666666666665,-0.08961842209100723,-0.2952951838566561
UBFC_PHYS_s01_T3_test,0,81,2.7,-0.4128037095069885,-0.18186536326575709
UBFC_PHYS_s01_T3_test,0,82,2.7333333333333334,-0.7101476788520813,-0.07286013811775605
UBFC_PHYS_s01_T3_test,0,83,2.7666666666666666,-0.9484831094741821,0.025341450034817074
UBFC_PHYS_s01_T3_test,0,84,2.8,-1.116409420967102,0.10874048109506927
UBFC_PHYS_s01_T3_test,0,85,2.8333333333333335,-1.229465126991272,0.17485056230622062
UBFC_PHYS_s01_T3_test,0,86,2.8666666666666667,-1.3434709310531616,0.22250333062625322
UBFC_PHYS_s01_T3_test,0,87,2.9,-1.488701581954956,0.2521314893360562
UBFC_PHYS_s01_T3_test,0,88,2.933333333333333,-1.6469584703445435,0.26602281352280105
UBFC_PHYS_s01_T3_test,0,89,2.966666666666667,-1.7959471940994263,0.2678821679716606
UBFC_PHYS_s01_T3_test,0,90,3.0,-1.8412961959838867,0.2617133352475215
UBFC_PHYS_s01_T3_test,0,91,3.033333333333333,-1.5789984464645386,0.2507228414651381
UBFC_PHYS_s01_T3_test,0,92,3.066666666666667,-0.9619948863983154,0.23667698733517345
UBFC_PHYS_s01_T3_test,0,93,3.1,-0.20518650114536285,0.21978232369689626
UBFC_PHYS_s01_T3_test,0,94,3.1333333333333333,0.4394950866699219,0.19901565057678727
UBFC_PHYS_s01_T3_test,0,95,3.1666666666666665,0.8847087621688843,0.17271422836703568
UBFC_PHYS_s01_T3_test,0,96,3.2,1.1364082098007202,0.13928750373143572
UBFC_PHYS_s01_T3_test,0,97,3.2333333333333334,1.2119686603546143,0.097977174029015
UBFC_PHYS_s01_T3_test,0,98,3.2666666666666666,1.171180009841919,0.04943177687448661
UBFC_PHYS_s01_T3_test,0,99,3.3,1.1109468936920166,-0.0042598827648101315
UBFC_PHYS_s01_T3_test,0,100,3.3333333333333335,1.0684902667999268,-0.06004352183800652
UBFC_PHYS_s01_T3_test,0,101,3.3666666666666667,1.022529125213623,-0.11447352613335696
UBFC_PHYS_s01_T3_test,0,102,3.4,0.951718807220459,-0.16399996320930552
UBFC_PHYS_s01_T3_test,0,103,3.433333333333333,0.8149119019508362,-0.20470561627324985
UBFC_PHYS_s01_T3_test,0,104,3.466666666666667,0.5666115283966064,-0.23174806720929642
UBFC_PHYS_s01_T3_test,0,105,3.5,0.2393093705177307,-0.23921433092504865
UBFC_PHYS_s01_T3_test,0,106,3.533333333333333,-0.09295414388179779,-0.22086330322109957
UBFC_PHYS_s01_T3_test,0,107,3.566666666666667,-0.4360904395580292,-0.17185540252127485
UBFC_PHYS_s01_T3_test,0,108,3.6,-0.830254852771759,-0.09108491529104534
UBFC_PHYS_s01_T3_test,0,109,3.6333333333333333,-1.2064950466156006,0.0167124342836958
UBFC_PHYS_s01_T3_test,0,110,3.6666666666666665,-1.3627885580062866,0.1397426947799626
UBFC_PHYS_s01_T3_test,0,111,3.7,-1.124643087387085,0.25922728119203964
UBFC_PHYS_s01_T3_test,0,112,3.7333333333333334,-0.5679993629455566,0.35147479700109396
UBFC_PHYS_s01_T3_test,0,113,3.7666666666666666,-0.01923040673136711,0.3927440257479513
UBFC_PHYS_s01_T3_test,0,114,3.8,0.2740178108215332,0.36575868045318755
UBFC_PHYS_s01_T3_test,0,115,3.8333333333333335,0.3374810218811035,0.26494616781069785
UBFC_PHYS_s01_T3_test,0,116,3.8666666666666667,0.2933565676212311,0.09861386441685956
UBFC_PHYS_s01_T3_test,0,117,3.9,0.24139948189258575,-0.11225192727769608
UBFC_PHYS_s01_T3_test,0,118,3.933333333333333,0.24245508015155792,-0.3378395357543838
UBFC_PHYS_s01_T3_test,0,119,3.966666666666667,0.2590070366859436,-0.544441853080289
UBFC_PHYS_s01_T3_test,0,120,4.0,0.21650820970535278,-0.6994906660877971
UBFC_PHYS_s01_T3_test,0,121,4.033333333333333,0.18019525706768036,-0.7764202834577987
UBFC_PHYS_s01_T3_test,0,122,4.066666666666666,0.2258186936378479,-0.7588963277398283
UBFC_PHYS_s01_T3_test,0,123,4.1,0.19902732968330383,-0.6436872139704026
UBFC_PHYS_s01_T3_test,0,124,4.133333333333334,-0.0732564777135849,-0.44152412256927565
UBFC_PHYS_s01_T3_test,0,125,4.166666666666667,-0.40102308988571167,-0.17544727177476832
UBFC_PHYS_s01_T3_test,0,126,4.2,-0.3234991729259491,0.12294614390540663
UBFC_PHYS_s01_T3_test,0,127,4.233333333333333,0.3664047122001648,0.4180804224777086
UBFC_PHYS_s01_T3_test,0,128,4.266666666666667,1.4135055541992188,0.6750790917213852
UBFC_PHYS_s01_T3_test,0,129,4.3,2.4840199947357178,0.8643916169328018
UBFC_PHYS_s01_T3_test,0,130,4.333333333333333,3.404658794403076,0.9658483785452315
UBFC_PHYS_s01_T3_test,0,131,4.366666666666666,3.901196241378784,0.9712179396606865
UBFC_PHYS_s01_T3_test,0,132,4.4,3.678990364074707,0.8847167636312252
UBFC_PHYS_s01_T3_test,0,133,4.433333333333334,2.812039852142334,0.7213681545022623
UBFC_PHYS_s01_T3_test,0,134,4.466666666666667,1.6905395984649658,0.5036605801770327
UBFC_PHYS_s01_T3_test,0,135,4.5,0.6804484128952026,0.2574444203858198
UBFC_PHYS_s01_T3_test,0,136,4.533333333333333,0.006019763182848692,0.008078726451650616
UBFC_PHYS_s01_T3_test,0,137,4.566666666666666,-0.32430142164230347,-0.22222915133979734
UBFC_PHYS_s01_T3_test,0,138,4.6,-0.46290290355682373,-0.4156373901713625
UBFC_PHYS_s01_T3_test,0,139,4.633333333333334,-0.5655714273452759,-0.5588452859818086
UBFC_PHYS_s01_T3_test,0,140,4.666666666666667,-0.7116888761520386,-0.6428961799667935
UBFC_PHYS_s01_T3_test,0,141,4.7,-0.952051043510437,-0.6633235834635823
UBFC_PHYS_s01_T3_test,0,142,4.733333333333333,-1.3169118165969849,-0.6210115674740847
UBFC_PHYS_s01_T3_test,0,143,4.766666666666667,-1.777136206626892,-0.5236744972826616
UBFC_PHYS_s01_T3_test,0,144,4.8,-2.1639325618743896,-0.3869213319211039
UBFC_PHYS_s01_T3_test,0,145,4.833333333333333,-2.187852621078491,-0.23318977062459406
UBFC_PHYS_s01_T3_test,0,146,4.866666666666666,-1.6843271255493164,-0.08784929825105846
UBFC_PHYS_s01_T3_test,0,147,4.9,-0.8370952010154724,0.02694303020034588
UBFC_PHYS_s01_T3_test,0,148,4.933333333333334,-0.025711845606565475,0.09806085694763877
UBFC_PHYS_s01_T3_test,0,149,4.966666666666667,0.5073074102401733,0.12289465567084513
UBFC_PHYS_s01_T3_test,0,150,5.0,0.7403014302253723,0.1062817319115313
UBFC_PHYS_s01_T3_test,0,151,5.033333333333333,0.7565367221832275,0.056449738246183226
UBFC_PHYS_s01_T3_test,0,152,5.066666666666666,0.6911733746528625,-0.017349908148346464
UBFC_PHYS_s01_T3_test,0,153,5.1,0.6680977940559387,-0.10441381180496975
UBFC_PHYS_s01_T3_test,0,154,5.133333333333334,0.722588300704956,-0.19080909552349515
UBFC_PHYS_s01_T3_test,0,155,5.166666666666667,0.7623636722564697,-0.2597959016157707
UBFC_PHYS_s01_T3_test,0,156,5.2,0.6884921789169312,-0.29520461027331596
UBFC_PHYS_s01_T3_test,0,157,5.233333333333333,0.5262872576713562,-0.28547378171453325
UBFC_PHYS_s01_T3_test,0,158,5.266666666666667,0.3568197786808014,-0.22636207810101386
UBFC_PHYS_s01_T3_test,0,159,5.3,0.16976584494113922,-0.1211210521492169
UBFC_PHYS_s01_T3_test,0,160,5.333333333333333,-0.09352417290210724,0.021306416438083692
UBFC_PHYS_s01_T3_test,0,161,5.366666666666666,-0.44128403067588806,0.18791141229183375
UBFC_PHYS_s01_T3_test,0,162,5.4,-0.7743920087814331,0.3624025702098272
UBFC_PHYS_s01_T3_test,0,163,5.433333333333334,-0.8873633146286011,0.5261117419129625
UBFC_PHYS_s01_T3_test,0,164,5.466666666666667,-0.6580216884613037,0.6598469370228557
UBFC_PHYS_s01_T3_test,0,165,5.5,-0.21481366455554962,0.7470738282562499
UBFC_PHYS_s01_T3_test,0,166,5.533333333333333,0.22638872265815735,0.7774265294410408
UBFC_PHYS_s01_T3_test,0,167,5.566666666666666,0.5660203695297241,0.7483525131840635
UBFC_PHYS_s01_T3_test,0,168,5.6,0.7627859115600586,0.6642326853010165
UBFC_PHYS_s01_T3_test,0,169,5.633333333333334,0.8087049126625061,0.5339984924933748
UBFC_PHYS_s01_T3_test,0,170,5.666666666666667,0.7868537902832031,0.36847909273320617
UBFC_PHYS_s01_T3_test,0,171,5.7,0.8037646412849426,0.17863805806229002
UBFC_PHYS_s01_T3_test,0,172,5.733333333333333,0.8740471005439758,-0.024971468251602846
UBFC_PHYS_s01_T3_test,0,173,5.766666666666667,0.9262997508049011,-0.2320594151603633
UBFC_PHYS_s01_T3_test,0,174,5.8,0.9053564667701721,-0.43225864994303537
UBFC_PHYS_s01_T3_test,0,175,5.833333333333333,0.8173609375953674,-0.6149188568486762
UBFC_PHYS_s01_T3_test,0,176,5.866666666666666,0.6769015789031982,-0.7690880700229431
UBFC_PHYS_s01_T3_test,0,177,5.9,0.48119163513183594,-0.8834701786776297
UBFC_PHYS_s01_T3_test,0,178,5.933333333333334,0.24000607430934906,-0.9466786237273888
UBFC_PHYS_s01_T3_test,0,179,5.966666666666667,0.0007839422323741019,-0.948548409109522
UBFC_PHYS_s01_T3_test,0,180,6.0,-0.18852898478507996,-0.8826695782916599
UBFC_PHYS_s01_T3_test,0,181,6.033333333333333,-0.36118441820144653,-0.7495928740028075
UBFC_PHYS_s01_T3_test,0,182,6.066666666666666,-0.6236088275909424,-0.5590830879025167
UBFC_PHYS_s01_T3_test,0,183,6.1,-0.9803624749183655,-0.3290946732175432
UBFC_PHYS_s01_T3_test,0,184,6.133333333333334,-1.2356932163238525,-0.08190416672227244
UBFC_PHYS_s01_T3_test,0,185,6.166666666666667,-1.1644395589828491,0.15950817100036957
UBFC_PHYS_s01_T3_test,0,186,6.2,-0.7663483023643494,0.37362013439619873
UBFC_PHYS_s01_T3_test,0,187,6.233333333333333,-0.255370169878006,0.5419835901797032
UBFC_PHYS_s01_T3_test,0,188,6.266666666666667,0.1789918690919876,0.6509818559162046
UBFC_PHYS_s01_T3_test,0,189,6.3,0.47004440426826477,0.6938992831975462
UBFC_PHYS_s01_T3_test,0,190,6.333333333333333,0.588821530342102,0.672584024229173
UBFC_PHYS_s01_T3_test,0,191,6.366666666666666,0.5634446740150452,0.5972383588166289
UBFC_PHYS_s01_T3_test,0,192,6.4,0.521980345249176,0.4841026889432333
UBFC_PHYS_s01_T3_test,0,193,6.433333333333334,0.5667592883110046,0.35211681007227885
UBFC_PHYS_s01_T3_test,0,194,6.466666666666667,0.6619119048118591,0.21961739649159337
UBFC_PHYS_s01_T3_test,0,195,6.5,0.7127500772476196,0.10191291067237128
UBFC_PHYS_s01_T3_test,0,196,6.533333333333333,0.6803850531578064,0.009992732063086374
UBFC_PHYS_s01_T3_test,0,197,6.566666666666666,0.5878503918647766,-0.049934540213174415
UBFC_PHYS_s01_T3_test,0,198,6.6,0.4587705135345459,-0.07632215838263963
UBFC_PHYS_s01_T3_test,0,199,6.633333333333334,0.2971356511116028,-0.0716850319014098
UBFC_PHYS_s01_T3_test,0,200,6.666666666666667,0.09574653953313828,-0.041725729536369084
UBFC_PHYS_s01_T3_test,0,201,6.7,-0.13564297556877136,0.0055316286101058446
UBFC_PHYS_s01_T3_test,0,202,6.733333333333333,-0.35890430212020874,0.06052030547607906
UBFC_PHYS_s01_T3_test,0,203,6.766666666666667,-0.5409335494041443,0.11293362356747175
UBFC_PHYS_s01_T3_test,0,204,6.8,-0.7032017707824707,0.15259992760059465
UBFC_PHYS_s01_T3_test,0,205,6.833333333333333,-0.895470380783081,0.17037091134255403
UBFC_PHYS_s01_T3_test,0,206,6.866666666666666,-1.0959516763687134,0.1590462904070471
UBFC_PHYS_s01_T3_test,0,207,6.9,-1.1574515104293823,0.1143992947987339
UBFC_PHYS_s01_T3_test,0,208,6.933333333333334,-0.9234018325805664,0.03613980024728939
UBFC_PHYS_s01_T3_test,0,209,6.966666666666667,-0.4056466817855835,-0.07156622821914255
UBFC_PHYS_s01_T3_test,0,210,7.0,0.20130744576454163,-0.20006902616991842
UBFC_PHYS_s01_T3_test,0,211,7.033333333333333,0.6950369477272034,-0.3364258166946592
UBFC_PHYS_s01_T3_test,0,212,7.066666666666666,0.9909241795539856,-0.46403155566702364
UBFC_PHYS_s01_T3_test,0,213,7.1,1.0569841861724854,-0.5643336848018597
UBFC_PHYS_s01_T3_test,0,214,7.133333333333334,0.9402549266815186,-0.6196646270447098
UBFC_PHYS_s01_T3_test,0,215,7.166666666666667,0.7894928455352783,-0.6165325841909527
UBFC_PHYS_s01_T3_test,0,216,7.2,0.7032495737075806,-0.548681573347348
UBFC_PHYS_s01_T3_test,0,217,7.233333333333333,0.6407153010368347,-0.4192744242083475
UBFC_PHYS_s01_T3_test,0,218,7.266666666666667,0.5726495981216431,-0.24147229382641766
UBFC_PHYS_s01_T3_test,0,219,7.3,0.544021487236023,-0.036734493716066664
UBFC_PHYS_s01_T3_test,0,220,7.333333333333333,0.5343521237373352,0.1689279557230212
UBFC_PHYS_s01_T3_test,0,221,7.366666666666666,0.47363346815109253,0.34960327791842155
UBFC_PHYS_s01_T3_test,0,222,7.4,0.3840967118740082,0.48396938511123255
UBFC_PHYS_s01_T3_test,0,223,7.433333333333334,0.3318229615688324,0.5587682459857449
UBFC_PHYS_s01_T3_test,0,224,7.466666666666667,0.28294825553894043,0.5707348328816815
UBFC_PHYS_s01_T3_test,0,225,7.5,0.15507176518440247,0.5267892422809969
UBFC_PHYS_s01_T3_test,0,226,7.533333333333333,-0.04393165931105614,0.4422264509183814
UBFC_PHYS_s01_T3_test,0,227,7.566666666666666,-0.23670698702335358,0.3366465776063571
UBFC_PHYS_s01_T3_test,0,228,7.6,-0.39145928621292114,0.22863455130053376
UBFC_PHYS_s01_T3_test,0,229,7.633333333333334,-0.5521863102912903,0.13133239795575322
UBFC_PHYS_s01_T3_test,0,230,7.666666666666667,-0.7994099855422974,0.05059005032813921
UBFC_PHYS_s01_T3_test,0,231,7.7,-1.138830542564392,-0.013421423176593408
UBFC_PHYS_s01_T3_test,0,232,7.733333333333333,-1.4060896635055542,-0.0625125819354905
UBFC_PHYS_s01_T3_test,0,233,7.766666666666667,-1.3801850080490112,-0.09797219433832093
UBFC_PHYS_s01_T3_test,0,234,7.8,-1.0456624031066895,-0.12041881816889521
UBFC_PHYS_s01_T3_test,0,235,7.833333333333333,-0.6047556400299072,-0.13080025701550413
UBFC_PHYS_s01_T3_test,0,236,7.866666666666666,-0.23007775843143463,-0.13133114691342695
UBFC_PHYS_s01_T3_test,0,237,7.9,0.03656908869743347,-0.12550422313100004
UBFC_PHYS_s01_T3_test,0,238,7.933333333333334,0.1986895352602005,-0.11717764204720724
UBFC_PHYS_s01_T3_test,0,239,7.966666666666667,0.2758967876434326,-0.10960060740696294
UBFC_PHYS_s01_T3_test,0,240,8.0,0.3352642357349396,-0.10484922885053044
UBFC_PHYS_s01_T3_test,0,241,8.033333333333333,0.4347659647464752,-0.10364381435324631
UBFC_PHYS_s01_T3_test,0,242,8.066666666666666,0.5462594032287598,-0.10540850088253015
UBFC_PHYS_s01_T3_test,0,243,8.1,0.6120449304580688,-0.10837764440652288
UBFC_PHYS_s01_T3_test,0,244,8.133333333333333,0.6215876340866089,-0.1097113668613051
UBFC_PHYS_s01_T3_test,0,245,8.166666666666666,0.6090892553329468,-0.10574839517374811
UBFC_PHYS_s01_T3_test,0,246,8.2,0.580186665058136,-0.09268389898666149
UBFC_PHYS_s01_T3_test,0,247,8.233333333333333,0.4968990981578827,-0.06801308465548603
UBFC_PHYS_s01_T3_test,0,248,8.266666666666667,0.359353244304657,-0.03226279835915303
UBFC_PHYS_s01_T3_test,0,249,8.3,0.22980889678001404,0.010200436357452733
UBFC_PHYS_s01_T3_test,0,250,8.333333333333334,0.1411377340555191,0.05193925162922498
UBFC_PHYS_s01_T3_test,0,251,8.366666666666667,0.06162925064563751,0.08471271417990218
UBFC_PHYS_s01_T3_test,0,252,8.4,-0.04513505473732948,0.10210042587098031
UBFC_PHYS_s01_T3_test,0,253,8.433333333333334,-0.18738892674446106,0.10054547478645805
UBFC_PHYS_s01_T3_test,0,254,8.466666666666667,-0.36595577001571655,0.07877028508742621
UBFC_PHYS_s01_T3_test,0,255,8.5,-0.5843824148178101,0.037377647681808845
UBFC_PHYS_s01_T3_test,0,256,8.533333333333333,-0.8542594313621521,-0.02075910902873616
UBFC_PHYS_s01_T3_test,0,257,8.566666666666666,-1.1500622034072876,-0.09009941319024117
UBFC_PHYS_s01_T3_test,0,258,8.6,-1.3342870473861694,-0.16260734453147543
UBFC_PHYS_s01_T3_test,0,259,8.633333333333333,-1.2249892950057983,-0.22869280264357494
UBFC_PHYS_s01_T3_test,0,260,8.666666666666666,-0.8244279026985168,-0.27848561629067575
UBFC_PHYS_s01_T3_test,0,261,8.7,-0.3393966555595398,-0.30247601767249044
UBFC_PHYS_s01_T3_test,0,262,8.733333333333333,0.05295214429497719,-0.2914946270239769
UBFC_PHYS_s01_T3_test,0,263,8.766666666666667,0.2900419533252716,-0.2369348166830717
UBFC_PHYS_s01_T3_test,0,264,8.8,0.37225279211997986,-0.1323468607776877
UBFC_PHYS_s01_T3_test,0,265,8.833333333333334,0.36165446043014526,0.02261734699354945
UBFC_PHYS_s01_T3_test,0,266,8.866666666666667,0.3372276723384857,0.2175165358517459
UBFC_PHYS_s01_T3_test,0,267,8.9,0.33995112776756287,0.42955602971681023
UBFC_PHYS_s01_T3_test,0,268,8.933333333333334,0.38238662481307983,0.626880540334931
UBFC_PHYS_s01_T3_test,0,269,8.966666666666667,0.45746153593063354,0.7758446159647748
UBFC_PHYS_s01_T3_test,0,270,9.0,0.5423747301101685,0.8494338646655539
UBFC_PHYS_s01_T3_test,0,271,9.033333333333333,0.6179352402687073,0.8326494631815259
UBFC_PHYS_s01_T3_test,0,272,9.066666666666666,0.6393429636955261,0.7234187106587504
UBFC_PHYS_s01_T3_test,0,273,9.1,0.5767664909362793,0.5305647128442261
UBFC_PHYS_s01_T3_test,0,274,9.133333333333333,0.48243725299835205,0.2708052117951412
UBFC_PHYS_s01_T3_test,0,275,9.166666666666666,0.4033510386943817,-0.03335450275311066
UBFC_PHYS_s01_T3_test,0,276,9.2,0.29200538992881775,-0.35472382131175867
UBFC_PHYS_s01_T3_test,0,277,9.233333333333333,0.11303741484880447,-0.6631079411094293
UBFC_PHYS_s01_T3_test,0,278,9.266666666666667,-0.08577600121498108,-0.9280774752014994
UBFC_PHYS_s01_T3_test,0,279,9.3,-0.27422332763671875,-1.1220355987303154
UBFC_PHYS_s01_T3_test,0,280,9.333333333333334,-0.49117210507392883,-1.2232288943308933
UBFC_PHYS_s01_T3_test,0,281,9.366666666666667,-0.7549477219581604,-1.2187762022850883
UBFC_PHYS_s01_T3_test,0,282,9.4,-0.9838460087776184,-1.1071996055180946
UBFC_PHYS_s01_T3_test,0,283,9.433333333333334,-1.0298916101455688,-0.8993856160988659
UBFC_PHYS_s01_T3_test,0,284,9.466666666666667,-0.8387419581413269,-0.6175410157889821
UBFC_PHYS_s01_T3_test,0,285,9.5,-0.5200958251953125,-0.2924381484323059
UBFC_PHYS_s01_T3_test,0,286,9.533333333333333,-0.208163321018219,0.04087996753046592
UBFC_PHYS_s01_T3_test,0,287,9.566666666666666,0.03559793159365654,0.3488223470716565
UBFC_PHYS_s01_T3_test,0,288,9.6,0.1631155014038086,0.605003232118991
UBFC_PHYS_s01_T3_test,0,289,9.633333333333333,0.16522672772407532,0.7935396718683465
UBFC_PHYS_s01_T3_test,0,290,9.666666666666666,0.12593695521354675,0.9092223090045635
UBFC_PHYS_s01_T3_test,0,291,9.7,0.13372735679149628,0.9557790193810312
UBFC_PHYS_s01_T3_test,0,292,9.733333333333333,0.19132138788700104,0.9431258073660501
UBFC_PHYS_s01_T3_test,0,293,9.766666666666667,0.2592814862728119,0.883977202657398
UBFC_PHYS_s01_T3_test,0,294,9.8,0.3164532780647278,0.7906836082472728
UBFC_PHYS_s01_T3_test,0,295,9.833333333333334,0.3488816022872925,0.6735418182618162
UBFC_PHYS_s01_T3_test,0,296,9.866666666666667,0.33237186074256897,0.540714151589395
UBFC_PHYS_s01_T3_test,0,297,9.9,0.2566002607345581,0.3988107823603612
UBFC_PHYS_s01_T3_test,0,298,9.933333333333334,0.13552188873291016,0.25341785708422665
UBFC_PHYS_s01_T3_test,0,299,9.966666666666667,-0.007048677187412977,0.10927781004690706
UBFC_PHYS_s01_T3_test,1,0,10.0,-0.16256101429462433,-0.023712954037885436
UBFC_PHYS_s01_T3_test,1,1,10.033333333333333,-0.3370320796966553,-0.07114879837598317
UBFC_PHYS_s01_T3_test,1,2,10.066666666666666,-0.5022560358047485,-0.10614049478165064
UBFC_PHYS_s01_T3_test,1,3,10.1,-0.6221942901611328,-0.11905364813043749
UBFC_PHYS_s01_T3_test,1,4,10.133333333333333,-0.7374668121337891,-0.10606372077826363
UBFC_PHYS_s01_T3_test,1,5,10.166666666666666,-0.9185882210731506,-0.0703742827470942
UBFC_PHYS_s01_T3_test,1,6,10.2,-1.127936601638794,-0.020648996774111007
UBFC_PHYS_s01_T3_test,1,7,10.233333333333333,-1.2220758199691772,0.03153035529793347
UBFC_PHYS_s01_T3_test,1,8,10.266666666666667,-1.0721160173416138,0.07413970580668397
UBFC_PHYS_s01_T3_test,1,9,10.3,-0.6790705323219299,0.09707355231507322
UBFC_PHYS_s01_T3_test,1,10,10.333333333333334,-0.17881739139556885,0.09426030275822987
UBFC_PHYS_s01_T3_test,1,11,10.366666666666667,0.2744189202785492,0.06524780151039469
UBFC_PHYS_s01_T3_test,1,12,10.4,0.6131216883659363,0.015653179244706706
UBFC_PHYS_s01_T3_test,1,13,10.433333333333334,0.8269880414009094,-0.04432683327379534
UBFC_PHYS_s01_T3_test,1,14,10.466666666666667,0.9208528399467468,-0.10294531466596804
UBFC_PHYS_s01_T3_test,1,15,10.5,0.9553290009498596,-0.14992881413481982
UBFC_PHYS_s01_T3_test,1,16,10.533333333333333,1.0020291805267334,-0.17852918093234962
UBFC_PHYS_s01_T3_test,1,17,10.566666666666666,1.0579975843429565,-0.18638782089724312
UBFC_PHYS_s01_T3_test,1,18,10.6,1.096949577331543,-0.1751742193098203
UBFC_PHYS_s01_T3_test,1,19,10.633333333333333,1.0886735916137695,-0.14911247453024076
UBFC_PHYS_s01_T3_test,1,20,10.666666666666666,0.9690519571304321,-0.11310444726519053
UBFC_PHYS_s01_T3_test,1,21,10.7,0.714713454246521,-0.07159635548407654
UBFC_PHYS_s01_T3_test,1,22,10.733333333333333,0.3960462212562561,-0.028394773267050984
UBFC_PHYS_s01_T3_test,1,23,10.766666666666667,0.08535934239625931,0.01331490002956366
UBFC_PHYS_s01_T3_test,1,24,10.8,-0.2084166705608368,0.05114692857859061
UBFC_PHYS_s01_T3_test,1,25,10.833333333333334,-0.5027838349342346,0.08381475875805892
UBFC_PHYS_s01_T3_test,1,26,10.866666666666667,-0.7839980721473694,0.11128267739287172
UBFC_PHYS_s01_T3_test,1,27,10.9,-0.9942965507507324,0.13438457537926365
UBFC_PHYS_s01_T3_test,1,28,10.933333333333334,-1.1028342247009277,0.15402093215903465
UBFC_PHYS_s01_T3_test,1,29,10.966666666666667,-1.1668674945831299,0.17052490647684898
UBFC_PHYS_s01_T3_test,1,30,11.0,-1.2411823272705078,0.18347888004557425
UBFC_PHYS_s01_T3_test,1,31,11.033333333333333,-1.2697893381118774,0.19189252711558247
UBFC_PHYS_s01_T3_test,1,32,11.066666666666666,-1.1576837301254272,0.19457030364430905
UBFC_PHYS_s01_T3_test,1,33,11.1,-0.8688268065452576,0.19046102934254389
UBFC_PHYS_s01_T3_test,1,34,11.133333333333333,-0.43319806456565857,0.17901617338725395
UBFC_PHYS_s01_T3_test,1,35,11.166666666666666,0.05890578031539917,0.16078977030816732
UBFC_PHYS_s01_T3_test,1,36,11.2,0.49227553606033325,0.13791349447369966
UBFC_PHYS_s01_T3_test,1,37,11.233333333333333,0.8018856644630432,0.11357101158987294
UBFC_PHYS_s01_T3_test,1,38,11.266666666666667,0.9960544109344482,0.0905705856899604
UBFC_PHYS_s01_T3_test,1,39,11.3,1.1188639402389526,0.0700836357997647
UBFC_PHYS_s01_T3_test,1,40,11.333333333333334,1.2067750692367554,0.051057657792092495
UBFC_PHYS_s01_T3_test,1,41,11.366666666666667,1.2764663696289062,0.030150236678527703
UBFC_PHYS_s01_T3_test,1,42,11.4,1.309950351715088,0.0021885965274258097
UBFC_PHYS_s01_T3_test,1,43,11.433333333333334,1.2420324087142944,-0.03867738577801308
UBFC_PHYS_s01_T3_test,1,44,11.466666666666667,1.0213890075683594,-0.09737126700896398
UBFC_PHYS_s01_T3_test,1,45,11.5,0.6839319467544556,-0.1764622081560859
UBFC_PHYS_s01_T3_test,1,46,11.533333333333333,0.3167066276073456,-0.2751487949685358
UBFC_PHYS_s01_T3_test,1,47,11.566666666666666,-0.016549158841371536,-0.3884910162734442
UBFC_PHYS_s01_T3_test,1,48,11.6,-0.2721332311630249,-0.5070945137131538
UBFC_PHYS_s01_T3_test,1,49,11.633333333333333,-0.4524734914302826,-0.6177935494003066
UBFC_PHYS_s01_T3_test,1,50,11.666666666666666,-0.6174229383468628,-0.7053612309898976
UBFC_PHYS_s01_T3_test,1,51,11.7,-0.7823724150657654,-0.7547230145378717
UBFC_PHYS_s01_T3_test,1,52,11.733333333333333,-0.8920502066612244,-0.7534390501044633
UBFC_PHYS_s01_T3_test,1,53,11.766666666666667,-0.9402493238449097,-0.6944869443954295
UBFC_PHYS_s01_T3_test,1,54,11.8,-1.005063772201538,-0.5783145154715018
UBFC_PHYS_s01_T3_test,1,55,11.833333333333334,-1.1322435140609741,-0.4122793617891826
UBFC_PHYS_s01_T3_test,1,56,11.866666666666667,-1.261513352394104,-0.2078276700841862
UBFC_PHYS_s01_T3_test,1,57,11.9,-1.2544196844100952,0.022084129622155627
UBFC_PHYS_s01_T3_test,1,58,11.933333333333334,-1.0219112634658813,0.26417780511999245
UBFC_PHYS_s01_T3_test,1,59,11.966666666666667,-0.6353894472122192,0.5051147440900818
UBFC_PHYS_s01_T3_test,1,60,12.0,-0.24901539087295532,0.731358235948905
UBFC_PHYS_s01_T3_test,1,61,12.033333333333333,0.03023543581366539,0.9290538736276783
UBFC_PHYS_s01_T3_test,1,62,12.066666666666666,0.16898469626903534,1.0843206943794537
UBFC_PHYS_s01_T3_test,1,63,12.1,0.19142694771289825,1.1842141804187112
UBFC_PHYS_s01_T3_test,1,64,12.133333333333333,0.17191928625106812,1.2182691913131014
UBFC_PHYS_s01_T3_test,1,65,12.166666666666666,0.17607839405536652,1.180173583555139
UBFC_PHYS_s01_T3_test,1,66,12.2,0.22904884815216064,1.06899782243321
UBFC_PHYS_s01_T3_test,1,67,12.233333333333333,0.32504594326019287,0.8893944552786966
UBFC_PHYS_s01_T3_test,1,68,12.266666666666667,0.4199029803276062,0.6509466181649127
UBFC_PHYS_s01_T3_test,1,69,12.3,0.4668775796890259,0.36754117205712794
UBFC_PHYS_s01_T3_test,1,70,12.333333333333334,0.47333791851997375,0.05691561178593344
UBFC_PHYS_s01_T3_test,1,71,12.366666666666667,0.46668756008148193,-0.26022496438786674
UBFC_PHYS_s01_T3_test,1,72,12.4,0.44901666045188904,-0.5616951994936535
UBFC_PHYS_s01_T3_test,1,73,12.433333333333334,0.4046177566051483,-0.8255809804309568
UBFC_PHYS_s01_T3_test,1,74,12.466666666666667,0.3049471378326416,-1.0320859027244589
UBFC_PHYS_s01_T3_test,1,75,12.5,0.14873811602592468,-1.1654624569508147
UBFC_PHYS_s01_T3_test,1,76,12.533333333333333,0.013662372715771198,-1.2158264347958974
UBFC_PHYS_s01_T3_test,1,77,12.566666666666666,-0.03136990964412689,-1.1804471122608662
UBFC_PHYS_s01_T3_test,1,78,12.6,-0.06312263011932373,-1.0642545818799058
UBFC_PHYS_s01_T3_test,1,79,12.633333333333333,-0.22511640191078186,-0.8794811825385489
UBFC_PHYS_s01_T3_test,1,80,12.666666666666666,-0.5053172707557678,-0.6444180346893595
UBFC_PHYS_s01_T3_test,1,81,12.7,-0.6924979090690613,-0.38135016314507164
UBFC_PHYS_s01_T3_test,1,82,12.733333333333333,-0.6000476479530334,-0.11393304791021805
UBFC_PHYS_s01_T3_test,1,83,12.766666666666667,-0.2666018307209015,0.13552564332757225
UBFC_PHYS_s01_T3_test,1,84,12.8,0.10535258054733276,0.3484026954579374
UBFC_PHYS_s01_T3_test,1,85,12.833333333333334,0.36207669973373413,0.5112655781224605
UBFC_PHYS_s01_T3_test,1,86,12.866666666666667,0.45847493410110474,0.6167037351517235
UBFC_PHYS_s01_T3_test,1,87,12.9,0.4292556643486023,0.6641322026730372
UBFC_PHYS_s01_T3_test,1,88,12.933333333333334,0.3517317473888397,0.6601712109837792
UBFC_PHYS_s01_T3_test,1,89,12.966666666666667,0.2789580523967743,0.617257455003075
UBFC_PHYS_s01_T3_test,1,90,13.0,0.22664205729961395,0.5504340532739785
UBFC_PHYS_s01_T3_test,1,91,13.033333333333333,0.2099212110042572,0.473641402729739
UBFC_PHYS_s01_T3_test,1,92,13.066666666666666,0.2213851362466812,0.39704218844171113
UBFC_PHYS_s01_T3_test,1,93,13.1,0.2399427443742752,0.32679410390937974
UBFC_PHYS_s01_T3_test,1,94,13.133333333333333,0.2729199528694153,0.26673120338669415
UBFC_PHYS_s01_T3_test,1,95,13.166666666666666,0.3116185963153839,0.21963944277429323
UBFC_PHYS_s01_T3_test,1,96,13.2,0.31417316198349,0.18705683368465054
UBFC_PHYS_s01_T3_test,1,97,13.233333333333333,0.2859039604663849,0.16805501386681873
UBFC_PHYS_s01_T3_test,1,98,13.266666666666667,0.24631862342357635,0.15815168230764307
UBFC_PHYS_s01_T3_test,1,99,13.3,0.15361502766609192,0.14987731231179754
UBFC_PHYS_s01_T3_test,1,100,13.333333333333334,0.004014106001704931,0.13474574974281167
UBFC_PHYS_s01_T3_test,1,101,13.366666666666667,-0.148078054189682,0.10466661647193543
UBFC_PHYS_s01_T3_test,1,102,13.4,-0.308108389377594,0.0523230374056682
UBFC_PHYS_s01_T3_test,1,103,13.433333333333334,-0.522354781627655,-0.02837933599396728
UBFC_PHYS_s01_T3_test,1,104,13.466666666666667,-0.7612602710723877,-0.14120439711151106
UBFC_PHYS_s01_T3_test,1,105,13.5,-0.9175326228141785,-0.2859579392080338
UBFC_PHYS_s01_T3_test,1,106,13.533333333333333,-0.8914802074432373,-0.4568876367850506
UBFC_PHYS_s01_T3_test,1,107,13.566666666666666,-0.6854464411735535,-0.6419653670068216
UBFC_PHYS_s01_T3_test,1,108,13.6,-0.36593466997146606,-0.8233775729209626
UBFC_PHYS_s01_T3_test,1,109,13.633333333333333,-0.015915794298052788,-0.9789588972962682
UBFC_PHYS_s01_T3_test,1,110,13.666666666666666,0.26411619782447815,-1.0845210112398909
UBFC_PHYS_s01_T3_test,1,111,13.7,0.3993608355522156,-1.1172074244167312
UBFC_PHYS_s01_T3_test,1,112,13.733333333333333,0.4234287142753601,-1.0596328960004702
UBFC_PHYS_s01_T3_test,1,113,13.766666666666667,0.4534713327884674,-0.9041226181497701
UBFC_PHYS_s01_T3_test,1,114,13.8,0.5844302177429199,-0.6558716065443004
UBFC_PHYS_s01_T3_test,1,115,13.833333333333334,0.8168330788612366,-0.3335347575559819
UBFC_PHYS_s01_T3_test,1,116,13.866666666666667,1.0301083326339722,0.03306646180283196
UBFC_PHYS_s01_T3_test,1,117,13.9,1.0438735485076904,0.4071923367652072
UBFC_PHYS_s01_T3_test,1,118,13.933333333333334,0.8069736957550049,0.7503871385367574
UBFC_PHYS_s01_T3_test,1,119,13.966666666666667,0.4588760733604431,1.0276995882567006
UBFC_PHYS_s01_T3_test,1,120,14.0,0.15348835289478302,1.2122386104442229
UBFC_PHYS_s01_T3_test,1,121,14.033333333333333,-0.08854170143604279,1.2886232827802697
UBFC_PHYS_s01_T3_test,1,122,14.066666666666666,-0.3067361116409302,1.2547598397627902
UBFC_PHYS_s01_T3_test,1,123,14.1,-0.49203771352767944,1.1212865881650975
UBFC_PHYS_s01_T3_test,1,124,14.133333333333333,-0.6326870918273926,0.9088949063610514
UBFC_PHYS_s01_T3_test,1,125,14.166666666666666,-0.7471573352813721,0.6445654756301747
UBFC_PHYS_s01_T3_test,1,126,14.2,-0.8591996431350708,0.3575798752262687
UBFC_PHYS_s01_T3_test,1,127,14.233333333333333,-0.9925653338432312,0.07588116859368021
UBFC_PHYS_s01_T3_test,1,128,14.266666666666667,-1.1365715265274048,-0.17682131870182285
UBFC_PHYS_s01_T3_test,1,129,14.3,-1.1824060678482056,-0.382956601330458
UBFC_PHYS_s01_T3_test,1,130,14.333333333333334,-1.026471495628357,-0.5318559593270503
UBFC_PHYS_s01_T3_test,1,131,14.366666666666667,-0.7022939324378967,-0.6192999291159311
UBFC_PHYS_s01_T3_test,1,132,14.4,-0.33287298679351807,-0.6461827737269411
UBFC_PHYS_s01_T3_test,1,133,14.433333333333334,-0.028730887919664383,-0.6169675002661371
UBFC_PHYS_s01_T3_test,1,134,14.466666666666667,0.14590908586978912,-0.5385097579585405
UBFC_PHYS_s01_T3_test,1,135,14.5,0.18895681202411652,-0.41962412212084343
UBFC_PHYS_s01_T3_test,1,136,14.533333333333333,0.14755582809448242,-0.27131003767278616
UBFC_PHYS_s01_T3_test,1,137,14.566666666666666,0.09895558655261993,-0.10713838217367272
UBFC_PHYS_s01_T3_test,1,138,14.6,0.11269962042570114,0.05686195204468415
UBFC_PHYS_s01_T3_test,1,139,14.633333333333333,0.18498772382736206,0.20345770128189328
UBFC_PHYS_s01_T3_test,1,140,14.666666666666666,0.24532634019851685,0.3164173575293506
UBFC_PHYS_s01_T3_test,1,141,14.7,0.26147717237472534,0.3826713400212039
UBFC_PHYS_s01_T3_test,1,142,14.733333333333333,0.25303229689598083,0.3939841553122142
UBFC_PHYS_s01_T3_test,1,143,14.766666666666667,0.22117400169372559,0.34830360075956157
UBFC_PHYS_s01_T3_test,1,144,14.8,0.1596953272819519,0.25058730912588845
UBFC_PHYS_s01_T3_test,1,145,14.833333333333334,0.08033464103937149,0.1125448151495214
UBFC_PHYS_s01_T3_test,1,146,14.866666666666667,-0.0021717632189393044,-0.048838176155927435
UBFC_PHYS_s01_T3_test,1,147,14.9,-0.07591661065816879,-0.21364651000803808
UBFC_PHYS_s01_T3_test,1,148,14.933333333333334,-0.14246220886707306,-0.36168313111733547
UBFC_PHYS_s01_T3_test,1,149,14.966666666666667,-0.23662254214286804,-0.4747091167638751
UBFC_PHYS_s01_T3_test,1,150,15.0,-0.392789363861084,-0.5381239905014952
UBFC_PHYS_s01_T3_test,1,151,15.033333333333333,-0.5901882648468018,-0.5424458962314601
UBFC_PHYS_s01_T3_test,1,152,15.066666666666666,-0.7286208271980286,-0.4847356344409911
UBFC_PHYS_s01_T3_test,1,153,15.1,-0.6979448199272156,-0.36978327880222417
UBFC_PHYS_s01_T3_test,1,154,15.133333333333333,-0.4965346157550812,-0.21040667463079146
UBFC_PHYS_s01_T3_test,1,155,15.166666666666666,-0.25102105736732483,-0.025898115334543552
UBFC_PHYS_s01_T3_test,1,156,15.2,-0.0749032273888588,0.16116519923479744
UBFC_PHYS_s01_T3_test,1,157,15.233333333333333,0.016449181362986565,0.3283559081030741
UBFC_PHYS_s01_T3_test,1,158,15.266666666666667,0.03935590013861656,0.45632524690232273
UBFC_PHYS_s01_T3_test,1,159,15.3,0.02048160694539547,0.5312064894119135
UBFC_PHYS_s01_T3_test,1,160,15.333333333333334,0.023753996938467026,0.5464276964647824
UBFC_PHYS_s01_T3_test,1,161,15.366666666666667,0.08432484418153763,0.5037367271008102
UBFC_PHYS_s01_T3_test,1,162,15.4,0.15538844466209412,0.41294491797077404
UBFC_PHYS_s01_T3_test,1,163,15.433333333333334,0.1912369281053543,0.28971692261246085
UBFC_PHYS_s01_T3_test,1,164,15.466666666666667,0.2062477022409439,0.15206325609249047
UBFC_PHYS_s01_T3_test,1,165,15.5,0.20384091138839722,0.01741021645630766
UBFC_PHYS_s01_T3_test,1,166,15.533333333333333,0.14825253188610077,-0.09903861765193461
UBFC_PHYS_s01_T3_test,1,167,15.566666666666666,0.04786410927772522,-0.1851977886311996
UBFC_PHYS_s01_T3_test,1,168,15.6,-0.041208188980817795,-0.23281092138554924
UBFC_PHYS_s01_T3_test,1,169,15.633333333333333,-0.10137790441513062,-0.2383309121514551
UBFC_PHYS_s01_T3_test,1,170,15.666666666666666,-0.1753338724374771,-0.20368336145313395
UBFC_PHYS_s01_T3_test,1,171,15.7,-0.304814875125885,-0.13604669537036793
UBFC_PHYS_s01_T3_test,1,172,15.733333333333333,-0.4989202916622162,-0.04654093134211294
UBFC_PHYS_s01_T3_test,1,173,15.766666666666667,-0.7077620029449463,0.05147921962864857
UBFC_PHYS_s01_T3_test,1,174,15.8,-0.7970032095909119,0.14402800129715887
UBFC_PHYS_s01_T3_test,1,175,15.833333333333334,-0.6727368831634521,0.21777615164929234
UBFC_PHYS_s01_T3_test,1,176,15.866666666666667,-0.4067656099796295,0.26113764076149887
UBFC_PHYS_s01_T3_test,1,177,15.9,-0.14146994054317474,0.26550994087908547
UBFC_PHYS_s01_T3_test,1,178,15.933333333333334,0.0656827911734581,0.2264664681333524
UBFC_PHYS_s01_T3_test,1,179,15.966666666666667,0.20506541430950165,0.14416105170097085
UBFC_PHYS_s01_T3_test,1,180,16.0,0.2567269206047058,0.023009360807990913
UBFC_PHYS_s01_T3_test,1,181,16.033333333333335,0.25947150588035583,-0.12851915012116802
UBFC_PHYS_s01_T3_test,1,182,16.066666666666666,0.3103940784931183,-0.29781494945296444
UBFC_PHYS_s01_T3_test,1,183,16.1,0.42779892683029175,-0.46826978326281815
UBFC_PHYS_s01_T3_test,1,184,16.133333333333333,0.5412346720695496,-0.6202217176119367
UBFC_PHYS_s01_T3_test,1,185,16.166666666666668,0.5946273803710938,-0.7331513075482273
UBFC_PHYS_s01_T3_test,1,186,16.2,0.5868369936943054,-0.7887817320297463
UBFC_PHYS_s01_T3_test,1,187,16.233333333333334,0.5457104444503784,-0.7739641122721922
UBFC_PHYS_s01_T3_test,1,188,16.266666666666666,0.4934578239917755,-0.6827210345943242
UBFC_PHYS_s01_T3_test,1,189,16.3,0.4134848713874817,-0.5173894491127569
UBFC_PHYS_s01_T3_test,1,190,16.333333333333332,0.2787891626358032,-0.2888404154652075
UBFC_PHYS_s01_T3_test,1,191,16.366666666666667,0.12737257778644562,-0.015742973069631343
UBFC_PHYS_s01_T3_test,1,192,16.4,0.03061545453965664,0.2770793481017881
UBFC_PHYS_s01_T3_test,1,193,16.433333333333334,-0.025901855900883675,0.5610588993971551
UBFC_PHYS_s01_T3_test,1,194,16.466666666666665,-0.14032988250255585,0.8069376161543961
UBFC_PHYS_s01_T3_test,1,195,16.5,-0.3300861716270447,0.9882985435814335
UBFC_PHYS_s01_T3_test,1,196,16.533333333333335,-0.45479583740234375,1.0850956171324624
UBFC_PHYS_s01_T3_test,1,197,16.566666666666666,-0.38930583000183105,1.0863925344066736
UBFC_PHYS_s01_T3_test,1,198,16.6,-0.16059757769107819,0.9918328216243316
UBFC_PHYS_s01_T3_test,1,199,16.633333333333333,0.10862496495246887,0.811709752915877
UBFC_PHYS_s01_T3_test,1,200,16.666666666666668,0.30539050698280334,0.5655371457785378
UBFC_PHYS_s01_T3_test,1,201,16.7,0.3847934305667877,0.27908458627121574
UBFC_PHYS_s01_T3_test,1,202,16.733333333333334,0.3636178970336914,-0.019466670944835094
UBFC_PHYS_s01_T3_test,1,203,16.766666666666666,0.28442609310150146,-0.30297938561358834
UBFC_PHYS_s01_T3_test,1,204,16.8,0.21188464760780334,-0.5477890012039611
UBFC_PHYS_s01_T3_test,1,205,16.833333333333332,0.2109134942293167,-0.735156294399784
UBFC_PHYS_s01_T3_test,1,206,16.866666666666667,0.26487621665000916,-0.8520875845117099
UBFC_PHYS_s01_T3_test,1,207,16.9,0.29821234941482544,-0.8919953402248452
UBFC_PHYS_s01_T3_test,1,208,16.933333333333334,0.28660064935684204,-0.8551871833967943
UBFC_PHYS_s01_T3_test,1,209,16.966666666666665,0.25315895676612854,-0.7486716020732236
UBFC_PHYS_s01_T3_test,1,210,17.0,0.1927570104598999,-0.5851681902714664
UBFC_PHYS_s01_T3_test,1,211,17.033333333333335,0.09832222014665604,-0.38165688152220795
UBFC_PHYS_s01_T3_test,1,212,17.066666666666666,0.011403369717299938,-0.15780902182629564
UBFC_PHYS_s01_T3_test,1,213,17.1,-0.050898678600788116,0.06540188641901218
UBFC_PHYS_s01_T3_test,1,214,17.133333333333333,-0.1266491860151291,0.26695642219738025
UBFC_PHYS_s01_T3_test,1,215,17.166666666666668,-0.2372981309890747,0.42723958999432204
UBFC_PHYS_s01_T3_test,1,216,17.2,-0.36042436957359314,0.5299123757385007
UBFC_PHYS_s01_T3_test,1,217,17.233333333333334,-0.47877925634384155,0.5642047982408205
UBFC_PHYS_s01_T3_test,1,218,17.266666666666666,-0.5714828372001648,0.527149765757732
UBFC_PHYS_s01_T3_test,1,219,17.3,-0.5575277209281921,0.42485158162460823
UBFC_PHYS_s01_T3_test,1,220,17.333333333333332,-0.3774830102920532,0.27233211962553655
UBFC_PHYS_s01_T3_test,1,221,17.366666666666667,-0.1007656529545784,0.0920312894240446
UBFC_PHYS_s01_T3_test,1,222,17.4,0.15044820308685303,-0.08902411206035708
UBFC_PHYS_s01_T3_test,1,223,17.433333333333334,0.32194244861602783,-0.2433758484862289
UBFC_PHYS_s01_T3_test,1,224,17.466666666666665,0.38297778367996216,-0.3478752867354152
UBFC_PHYS_s01_T3_test,1,225,17.5,0.32544708251953125,-0.3875948930257543
UBFC_PHYS_s01_T3_test,1,226,17.533333333333335,0.246276393532753,-0.3578532007194415
UBFC_PHYS_s01_T3_test,1,227,17.566666666666666,0.24680419266223907,-0.2638244782756035
UBFC_PHYS_s01_T3_test,1,228,17.6,0.298909068107605,-0.11833039236534545
UBFC_PHYS_s01_T3_test,1,229,17.633333333333333,0.3272627294063568,0.06063372040008747
UBFC_PHYS_s01_T3_test,1,230,17.666666666666668,0.3089795708656311,0.251983400716639
UBFC_PHYS_s01_T3_test,1,231,17.7,0.2582469880580902,0.4335828023074376
UBFC_PHYS_s01_T3_test,1,232,17.733333333333334,0.20474873483181,0.5843771027217609
UBFC_PHYS_s01_T3_test,1,233,17.766666666666666,0.1686680167913437,0.6864295610576281
UBFC_PHYS_s01_T3_test,1,234,17.8,0.13391736149787903,0.7267449448472445
UBFC_PHYS_s01_T3_test,1,235,17.833333333333332,0.07906791567802429,0.6987902027703797
UBFC_PHYS_s01_T3_test,1,236,17.866666666666667,0.008616562001407146,0.6032925119104403
UBFC_PHYS_s01_T3_test,1,237,17.9,-0.061095863580703735,0.44764027291010705
UBFC_PHYS_s01_T3_test,1,238,17.933333333333334,-0.13361620903015137,0.24406555296346427
UBFC_PHYS_s01_T3_test,1,239,17.966666666666665,-0.22294184565544128,0.007614262378461282
UBFC_PHYS_s01_T3_test,1,240,18.0,-0.341170072555542,-0.24538069859338407
UBFC_PHYS_s01_T3_test,1,241,18.033333333333335,-0.47459906339645386,-0.49804096128572845
UBFC_PHYS_s01_T3_test,1,242,18.066666666666666,-0.542770266532898,-0.7330707296460769
UBFC_PHYS_s01_T3_test,1,243,18.1,-0.4581526517868042,-0.9328205436529521
UBFC_PHYS_s01_T3_test,1,244,18.133333333333333,-0.23347683250904083,-1.079840618749191
UBFC_PHYS_s01_T3_test,1,245,18.166666666666668,0.03029877319931984,-1.1583176373931356
UBFC_PHYS_s01_T3_test,1,246,18.2,0.2453896850347519,-1.1561909159710229
UBFC_PHYS_s01_T3_test,1,247,18.233333333333334,0.3833155632019043,-1.0671593533458879
UBFC_PHYS_s01_T3_test,1,248,18.266666666666666,0.4514234662055969,-0.8921869110507407
UBFC_PHYS_s01_T3_test,1,249,18.3,0.4663708806037903,-0.6405474686341567
UBFC_PHYS_s01_T3_test,1,250,18.333333333333332,0.4499033987522125,-0.33024192995051704
UBFC_PHYS_s01_T3_test,1,251,18.366666666666667,0.4341537058353424,0.012591241757297637
UBFC_PHYS_s01_T3_test,1,252,18.4,0.44065624475479126,0.3557492097902614
UBFC_PHYS_s01_T3_test,1,253,18.433333333333334,0.45340800285339355,0.6649287816602174
UBFC_PHYS_s01_T3_test,1,254,18.466666666666665,0.4421129822731018,0.9088867163172629
UBFC_PHYS_s01_T3_test,1,255,18.5,0.3986007869243622,1.0640556231976035
UBFC_PHYS_s01_T3_test,1,256,18.533333333333335,0.3285716772079468,1.117724888142463
UBFC_PHYS_s01_T3_test,1,257,18.566666666666666,0.2458752542734146,1.0698286877159509
UBFC_PHYS_s01_T3_test,1,258,18.6,0.16748572885990143,0.9331801762376751
UBFC_PHYS_s01_T3_test,1,259,18.633333333333333,0.08390260487794876,0.7317571479759372
UBFC_PHYS_s01_T3_test,1,260,18.666666666666668,-0.03525455296039581,0.49684196018035753
UBFC_PHYS_s01_T3_test,1,261,18.7,-0.1871989220380783,0.2611587447374884
UBFC_PHYS_s01_T3_test,1,262,18.733333333333334,-0.3312262296676636,0.05262981111079855
UBFC_PHYS_s01_T3_test,1,263,18.766666666666666,-0.4501722753047943,-0.10940934214620691
UBFC_PHYS_s01_T3_test,1,264,18.8,-0.5672181844711304,-0.21474167547356054
UBFC_PHYS_s01_T3_test,1,265,18.833333333333332,-0.7016605734825134,-0.2608924201634704
UBFC_PHYS_s01_T3_test,1,266,18.866666666666667,-0.8252090811729431,-0.25137872449990023
UBFC_PHYS_s01_T3_test,1,267,18.9,-0.8524226546287537,-0.19488403104175167
UBFC_PHYS_s01_T3_test,1,268,18.933333333333334,-0.7255595326423645,-0.10534736763111896
UBFC_PHYS_s01_T3_test,1,269,18.966666666666665,-0.5090119242668152,-0.001691619815675522
UBFC_PHYS_s01_T3_test,1,270,19.0,-0.32406920194625854,0.0938566799467239
UBFC_PHYS_s01_T3_test,1,271,19.033333333333335,-0.21268132328987122,0.15933198148096805
UBFC_PHYS_s01_T3_test,1,272,19.066666666666666,-0.1426522135734558,0.17755214065062289
UBFC_PHYS_s01_T3_test,1,273,19.1,-0.09339749813079834,0.13941626013081987
UBFC_PHYS_s01_T3_test,1,274,19.133333333333333,-0.04253825545310974,0.04491212910205057
UBFC_PHYS_s01_T3_test,1,275,19.166666666666668,0.030193211510777473,-0.09791558174597753
UBFC_PHYS_s01_T3_test,1,276,19.2,0.09996896982192993,-0.2751433776545324
UBFC_PHYS_s01_T3_test,1,277,19.233333333333334,0.1470702439546585,-0.4689981168020292
UBFC_PHYS_s01_T3_test,1,278,19.266666666666666,0.20143412053585052,-0.659297331123807
UBFC_PHYS_s01_T3_test,1,279,19.3,0.2590070366859436,-0.8247686980933315
UBFC_PHYS_s01_T3_test,1,280,19.333333333333332,0.2644328773021698,-0.9446917122090692
UBFC_PHYS_s01_T3_test,1,281,19.366666666666667,0.223665252327919,-1.0010868363028407
UBFC_PHYS_s01_T3_test,1,282,19.4,0.19396039843559265,-0.9811785777540446
UBFC_PHYS_s01_T3_test,1,283,19.433333333333334,0.17075811326503754,-0.8793611259353344
UBFC_PHYS_s01_T3_test,1,284,19.466666666666665,0.11582422256469727,-0.6983934319243315
UBFC_PHYS_s01_T3_test,1,285,19.5,0.04739964008331299,-0.45005026924373626
UBFC_PHYS_s01_T3_test,1,286,19.533333333333335,-0.010447738692164421,-0.1547875364244438
UBFC_PHYS_s01_T3_test,1,287,19.566666666666666,-0.08955508470535278,0.16057863668632855
UBFC_PHYS_s01_T3_test,1,288,19.6,-0.2197539061307907,0.4669868547684222
UBFC_PHYS_s01_T3_test,1,289,19.633333333333333,-0.3673069477081299,0.7376158675348701
UBFC_PHYS_s01_T3_test,1,290,19.666666666666668,-0.44493645429611206,0.9515029983481292
UBFC_PHYS_s01_T3_test,1,291,19.7,-0.3690381348133087,1.0954472066916832
UBFC_PHYS_s01_T3_test,1,292,19.733333333333334,-0.127134770154953,1.164173688334617
UBFC_PHYS_s01_T3_test,1,293,19.766666666666666,0.20042073726654053,1.1594909548470849
UBFC_PHYS_s01_T3_test,1,294,19.8,0.48822200298309326,1.088955577657128
UBFC_PHYS_s01_T3_test,1,295,19.833333333333332,0.6618697047233582,0.9642246846139163
UBFC_PHYS_s01_T3_test,1,296,19.866666666666667,0.725121796131134,0.7992168494171599
UBFC_PHYS_s01_T3_test,1,297,19.9,0.7152835130691528,0.6081832563948861
UBFC_PHYS_s01_T3_test,1,298,19.933333333333334,0.664149820804596,0.40397919930243875
UBFC_PHYS_s01_T3_test,1,299,19.966666666666665,0.5850846767425537,0.1970053903213056
UBFC_PHYS_s01_T3_test,2,0,20.0,0.4600372314453125,0.0382008391221343
UBFC_PHYS_s01_T3_test,2,1,20.033333333333335,0.2925542891025543,-0.4996397931948128
UBFC_PHYS_s01_T3_test,2,2,20.066666666666666,0.1528972089290619,-0.9634141770506995
UBFC_PHYS_s01_T3_test,2,3,20.1,0.08274143189191818,-1.2928678187260552
UBFC_PHYS_s01_T3_test,2,4,20.133333333333333,0.047188516706228256,-1.4570158547176026
UBFC_PHYS_s01_T3_test,2,5,20.166666666666668,0.007603176869452,-1.4618590655480195
UBFC_PHYS_s01_T3_test,2,6,20.2,-0.041714880615472794,-1.3438997610812191
UBFC_PHYS_s01_T3_test,2,7,20.233333333333334,-0.10980166494846344,-1.1555677133389188
UBFC_PHYS_s01_T3_test,2,8,20.266666666666666,-0.2080155313014984,-0.9486617242503493
UBFC_PHYS_s01_T3_test,2,9,20.3,-0.3097551465034485,-0.7606235410835528
UBFC_PHYS_s01_T3_test,2,10,20.333333333333332,-0.3884613513946533,-0.6076952612766091
UBFC_PHYS_s01_T3_test,2,11,20.366666666666667,-0.45568254590034485,-0.487582814366569
UBFC_PHYS_s01_T3_test,2,12,20.4,-0.5261127948760986,-0.38958570801326814
UBFC_PHYS_s01_T3_test,2,13,20.433333333333334,-0.5975141525268555,-0.3059963051291415
UBFC_PHYS_s01_T3_test,2,14,20.466666666666665,-0.6616740822792053,-0.23800215009996975
UBFC_PHYS_s01_T3_test,2,15,20.5,-0.65880286693573,-0.19040071634789268
UBFC_PHYS_s01_T3_test,2,16,20.533333333333335,-0.49623903632164,-0.1600476426512811
UBFC_PHYS_s01_T3_test,2,17,20.566666666666666,-0.19281476736068726,-0.13221765468926627
UBFC_PHYS_s01_T3_test,2,18,20.6,0.1413910686969757,-0.08878414054294514
UBFC_PHYS_s01_T3_test,2,19,20.633333333333333,0.4196285307407379,-0.020750875664505376
UBFC_PHYS_s01_T3_test,2,20,20.666666666666668,0.6222843527793884,0.06391831224793283
UBFC_PHYS_s01_T3_test,2,21,20.7,0.751068651676178,0.1454468488210342
UBFC_PHYS_s01_T3_test,2,22,20.733333333333334,0.8036379814147949,0.2069794717591759
UBFC_PHYS_s01_T3_test,2,23,20.766666666666666,0.8053691983222961,0.2447058011649496
UBFC_PHYS_s01_T3_test,2,24,20.8,0.8030679821968079,0.2674423653557688
UBFC_PHYS_s01_T3_test,2,25,20.833333333333332,0.8021601438522339,0.28945091840903986
UBFC_PHYS_s01_T3_test,2,26,20.866666666666667,0.7736586928367615,0.3219934600321449
UBFC_PHYS_s01_T3_test,2,27,20.9,0.7090765237808228,0.36938719646003443
UBFC_PHYS_s01_T3_test,2,28,20.933333333333334,0.5996943116188049,0.43014419826472683
UBFC_PHYS_s01_T3_test,2,29,20.966666666666665,0.43461817502975464,0.4986128626495992
UBFC_PHYS_s01_T3_test,2,30,21.0,0.24944321811199188,0.5656183621566058
UBFC_PHYS_s01_T3_test,2,31,21.033333333333335,0.092178575694561,0.6200925726957681
UBFC_PHYS_s01_T3_test,2,32,21.066666666666666,-0.0454939603805542,0.6519337784712704
UBFC_PHYS_s01_T3_test,2,33,21.1,-0.17592501640319824,0.6544247632233453
UBFC_PHYS_s01_T3_test,2,34,21.133333333333333,-0.2809581160545349,0.6247135798026411
UBFC_PHYS_s01_T3_test,2,35,21.166666666666668,-0.35753199458122253,0.5614204601805567
UBFC_PHYS_s01_T3_test,2,36,21.2,-0.4321213364601135,0.46193862192801693
UBFC_PHYS_s01_T3_test,2,37,21.233333333333334,-0.5354654788970947,0.3247786282065956
UBFC_PHYS_s01_T3_test,2,38,21.266666666666666,-0.677972674369812,0.15567893430953259
UBFC_PHYS_s01_T3_test,2,39,21.3,-0.8046035766601562,-0.030119402605554235
UBFC_PHYS_s01_T3_test,2,40,21.333333333333332,-0.7993044257164001,-0.2122201042192839
UBFC_PHYS_s01_T3_test,2,41,21.366666666666667,-0.6071202158927917,-0.3732082208675077
UBFC_PHYS_s01_T3_test,2,42,21.4,-0.3191922903060913,-0.5053495770252734
UBFC_PHYS_s01_T3_test,2,43,21.433333333333334,-0.06721839308738708,-0.6095587950281484
UBFC_PHYS_s01_T3_test,2,44,21.466666666666665,0.10387472808361053,-0.6878258806812455
UBFC_PHYS_s01_T3_test,2,45,21.5,0.20162412524223328,-0.7374432781374564
UBFC_PHYS_s01_T3_test,2,46,21.533333333333335,0.22649428248405457,-0.7511257839283743
UBFC_PHYS_s01_T3_test,2,47,21.566666666666666,0.21629709005355835,-0.7218125444426315
UBFC_PHYS_s01_T3_test,2,48,21.6,0.22189182043075562,-0.6481575655174981
UBFC_PHYS_s01_T3_test,2,49,21.633333333333333,0.26170939207077026,-0.5350152590877634
UBFC_PHYS_s01_T3_test,2,50,21.666666666666668,0.3278749883174896,-0.38932984403548576
UBFC_PHYS_s01_T3_test,2,51,21.7,0.3941672146320343,-0.21777630671305587
UBFC_PHYS_s01_T3_test,2,52,21.733333333333334,0.41173255443573,-0.028219397866165348
UBFC_PHYS_s01_T3_test,2,53,21.766666666666666,0.35409629344940186,0.1677950255115763
UBFC_PHYS_s01_T3_test,2,54,21.8,0.24944321811199188,0.354315205721735
UBFC_PHYS_s01_T3_test,2,55,21.833333333333332,0.13480406999588013,0.5140457690257821
UBFC_PHYS_s01_T3_test,2,56,21.866666666666667,0.028377564623951912,0.6333422184684578
UBFC_PHYS_s01_T3_test,2,57,21.9,-0.06730284541845322,0.7038808756870719
UBFC_PHYS_s01_T3_test,2,58,21.933333333333334,-0.15493951737880707,0.7206529226408079
UBFC_PHYS_s01_T3_test,2,59,21.966666666666665,-0.22549642622470856,0.6808793946821236
UBFC_PHYS_s01_T3_test,2,60,22.0,-0.2714998722076416,0.5853616810880271
UBFC_PHYS_s01_T3_test,2,61,22.033333333333335,-0.32031121850013733,0.4402584685235926
UBFC_PHYS_s01_T3_test,2,62,22.066666666666666,-0.40467551350593567,0.2576851936853195
UBFC_PHYS_s01_T3_test,2,63,22.1,-0.5019181966781616,0.05437556811065796
UBFC_PHYS_s01_T3_test,2,64,22.133333333333333,-0.542770266532898,-0.1511541482593086
UBFC_PHYS_s01_T3_test,2,65,22.166666666666668,-0.46942657232284546,-0.3413864931478719
UBFC_PHYS_s01_T3_test,2,66,22.2,-0.2794169485569,-0.5018820741793515
UBFC_PHYS_s01_T3_test,2,67,22.233333333333334,-0.02716858685016632,-0.6229989387732621
UBFC_PHYS_s01_T3_test,2,68,22.266666666666666,0.188217893242836,-0.7007058048464205
UBFC_PHYS_s01_T3_test,2,69,22.3,0.2900419533252716,-0.735160875914024
UBFC_PHYS_s01_T3_test,2,70,22.333333333333332,0.3050738275051117,-0.7274941767849175
UBFC_PHYS_s01_T3_test,2,71,22.366666666666667,0.30032357573509216,-0.6769372577882303
UBFC_PHYS_s01_T3_test,2,72,22.4,0.29681894183158875,-0.5806839091270202
UBFC_PHYS_s01_T3_test,2,73,22.433333333333334,0.2867484390735626,-0.43846349052191536
UBFC_PHYS_s01_T3_test,2,74,22.466666666666665,0.27864137291908264,-0.25854338186922626
UBFC_PHYS_s01_T3_test,2,75,22.5,0.27509450912475586,-0.057462031882787264
UBFC_PHYS_s01_T3_test,2,76,22.533333333333335,0.26056933403015137,0.1468729004983055
UBFC_PHYS_s01_T3_test,2,77,22.566666666666666,0.22372858226299286,0.3416257716675333
UBFC_PHYS_s01_T3_test,2,78,22.6,0.16799242794513702,0.5204585974421335
UBFC_PHYS_s01_T3_test,2,79,22.633333333333333,0.09032070636749268,0.6791191546093086
UBFC_PHYS_s01_T3_test,2,80,22.666666666666668,-0.0031640357337892056,0.8088766437705578
UBFC_PHYS_s01_T3_test,2,81,22.7,-0.07712000608444214,0.8950149156563956
UBFC_PHYS_s01_T3_test,2,82,22.733333333333334,-0.12020996958017349,0.9220582549945153
UBFC_PHYS_s01_T3_test,2,83,22.766666666666666,-0.1633632779121399,0.8814034042098259
UBFC_PHYS_s01_T3_test,2,84,22.8,-0.22488416731357574,0.7762016915077157
UBFC_PHYS_s01_T3_test,2,85,22.833333333333332,-0.3097129166126251,0.6188305089365285
UBFC_PHYS_s01_T3_test,2,86,22.866666666666667,-0.4296301007270813,0.42339419260174
UBFC_PHYS_s01_T3_test,2,87,22.9,-0.560187816619873,0.20211270173817272
UBFC_PHYS_s01_T3_test,2,88,22.933333333333334,-0.6389784812927246,-0.03244919550539871
UBFC_PHYS_s01_T3_test,2,89,22.966666666666665,-0.6170006990432739,-0.2647367672054037
UBFC_PHYS_s01_T3_test,2,90,23.0,-0.47829368710517883,-0.4765644416630713
UBFC_PHYS_s01_T3_test,2,91,23.033333333333335,-0.24367401003837585,-0.6509101337208921
UBFC_PHYS_s01_T3_test,2,92,23.066666666666666,0.010115526616573334,-0.7766352966814712
UBFC_PHYS_s01_T3_test,2,93,23.1,0.19016021490097046,-0.8493361633991049
UBFC_PHYS_s01_T3_test,2,94,23.133333333333333,0.2392038106918335,-0.8682390254395431
UBFC_PHYS_s01_T3_test,2,95,23.166666666666668,0.17058922350406647,-0.8337554826213799
UBFC_PHYS_s01_T3_test,2,96,23.2,0.05645676702260971,-0.7475814968641322
UBFC_PHYS_s01_T3_test,2,97,23.233333333333334,-0.02626076340675354,-0.6139969105560619
UBFC_PHYS_s01_T3_test,2,98,23.266666666666666,-0.048238545656204224,-0.44080715422462596
UBFC_PHYS_s01_T3_test,2,99,23.3,-0.030630983412265778,-0.2386030664218409
UBFC_PHYS_s01_T3_test,2,100,23.333333333333332,-0.000630573951639235,-0.019058710488789214
UBFC_PHYS_s01_T3_test,2,101,23.366666666666667,0.016639191657304764,0.2051804887553846
UBFC_PHYS_s01_T3_test,2,102,23.4,0.007434279657900333,0.4193363154214759
UBFC_PHYS_s01_T3_test,2,103,23.433333333333334,-0.008716539479792118,0.6071519971310056
UBFC_PHYS_s01_T3_test,2,104,23.466666666666665,-0.01728808507323265,0.7535494512696417
UBFC_PHYS_s01_T3_test,2,105,23.5,-0.044438350945711136,0.8464954415345993
UBFC_PHYS_s01_T3_test,2,106,23.533333333333335,-0.09405197948217392,0.8772889573584891
UBFC_PHYS_s01_T3_test,2,107,23.566666666666666,-0.12909820675849915,0.8406696588047601
UBFC_PHYS_s01_T3_test,2,108,23.6,-0.15534064173698425,0.7359237555371013
UBFC_PHYS_s01_T3_test,2,109,23.633333333333333,-0.20881779491901398,0.5695496556319374
UBFC_PHYS_s01_T3_test,2,110,23.666666666666668,-0.2933509647846222,0.35744240122483806
UBFC_PHYS_s01_T3_test,2,111,23.7,-0.37480178475379944,0.12248948558079792
UBFC_PHYS_s01_T3_test,2,112,23.733333333333334,-0.39861631393432617,-0.1121419005924485
UBFC_PHYS_s01_T3_test,2,113,23.766666666666666,-0.31298530101776123,-0.3293381627720089
UBFC_PHYS_s01_T3_test,2,114,23.8,-0.13196945190429688,-0.5202163355358587
UBFC_PHYS_s01_T3_test,2,115,23.833333333333332,0.06523943692445755,-0.6802242349408473
UBFC_PHYS_s01_T3_test,2,116,23.866666666666667,0.22678984701633453,-0.8025014332230646
UBFC_PHYS_s01_T3_test,2,117,23.9,0.34957829117774963,-0.876206940838481
UBFC_PHYS_s01_T3_test,2,118,23.933333333333334,0.4119859039783478,-0.8911549142218946
UBFC_PHYS_s01_T3_test,2,119,23.966666666666665,0.40014198422431946,-0.8433877300705837
UBFC_PHYS_s01_T3_test,2,120,24.0,0.3799164891242981,-0.7375862631744219
UBFC_PHYS_s01_T3_test,2,121,24.033333333333335,0.4134848713874817,-0.5845661154744612
UBFC_PHYS_s01_T3_test,2,122,24.066666666666666,0.4582849144935608,-0.3963209947171642
UBFC_PHYS_s01_T3_test,2,123,24.1,0.48119163513183594,-0.18459265768334338
UBFC_PHYS_s01_T3_test,2,124,24.133333333333333,0.513155460357666,0.03668825628608506
UBFC_PHYS_s01_T3_test,2,125,24.166666666666668,0.5658092498779297,0.2504325994444657
UBFC_PHYS_s01_T3_test,2,126,24.2,0.6083080768585205,0.43882162194611996
UBFC_PHYS_s01_T3_test,2,127,24.233333333333334,0.636429488658905,0.5870721425585804
UBFC_PHYS_s01_T3_test,2,128,24.266666666666666,0.7135522961616516,0.6858955886895449
UBFC_PHYS_s01_T3_test,2,129,24.3,0.8852788209915161,0.7301306254084909
UBFC_PHYS_s01_T3_test,2,130,24.333333333333332,1.0795742273330688,0.7156577453345847
UBFC_PHYS_s01_T3_test,2,131,24.366666666666667,1.209350824356079,0.6407128272881399
UBFC_PHYS_s01_T3_test,2,132,24.4,1.3272411823272705,0.5113317229813239
UBFC_PHYS_s01_T3_test,2,133,24.433333333333334,1.5824452638626099,0.3442926716084679
UBFC_PHYS_s01_T3_test,2,134,24.466666666666665,2.022613048553467,0.1640682184419708
UBFC_PHYS_s01_T3_test,2,135,24.5,2.547926425933838,-0.005558529402209195
UBFC_PHYS_s01_T3_test,2,136,24.533333333333335,3.073387622833252,-0.14999849413199084
UBFC_PHYS_s01_T3_test,2,137,24.566666666666666,3.6425087451934814,-0.2640239681465229
UBFC_PHYS_s01_T3_test,2,138,24.6,4.317106246948242,-0.34439191147229264
UBFC_PHYS_s01_T3_test,2,139,24.633333333333333,4.927923679351807,-0.384713409493989
UBFC_PHYS_s01_T3_test,2,140,24.666666666666668,4.959887504577637,-0.3769300370173594
UBFC_PHYS_s01_T3_test,2,141,24.7,4.024681568145752,-0.3171566107059908
UBFC_PHYS_s01_T3_test,2,142,24.733333333333334,2.4751739501953125,-0.2110672574004393
UBFC_PHYS_s01_T3_test,2,143,24.766666666666666,1.0567519664764404,-0.07272364523297356
UBFC_PHYS_s01_T3_test,2,144,24.8,0.06526054441928864,0.08217128481832708
UBFC_PHYS_s01_T3_test,2,145,24.833333333333332,-0.598210871219635,0.24080006205007692
UBFC_PHYS_s01_T3_test,2,146,24.866666666666667,-1.0060348510742188,0.3926239657771977
UBFC_PHYS_s01_T3_test,2,147,24.9,-1.331120252609253,0.5263566496106927
UBFC_PHYS_s01_T3_test,2,148,24.933333333333334,-1.8070310354232788,0.6281015377840378
UBFC_PHYS_s01_T3_test,2,149,24.966666666666665,-2.407102584838867,0.684086740734344
UBFC_PHYS_s01_T3_test,2,150,25.0,-2.9420852661132812,0.6862452989271103
UBFC_PHYS_s01_T3_test,2,151,25.033333333333335,-3.4027318954467773,0.6341591126185223
UBFC_PHYS_s01_T3_test,2,152,25.066666666666666,-3.8792972564697266,0.5320530798943367
UBFC_PHYS_s01_T3_test,2,153,25.1,-4.246057987213135,0.3850394343126763
UBFC_PHYS_s01_T3_test,2,154,25.133333333333333,-4.2711181640625,0.197467996615128
UBFC_PHYS_s01_T3_test,2,155,25.166666666666668,-3.9214794635772705,-0.025858350833728158
UBFC_PHYS_s01_T3_test,2,156,25.2,-3.3826544284820557,-0.2768703212538291
UBFC_PHYS_s01_T3_test,2,157,25.233333333333334,-2.842456817626953,-0.5427603786975713
UBFC_PHYS_s01_T3_test,2,158,25.266666666666666,-2.4033024311065674,-0.8066671986088114
UBFC_PHYS_s01_T3_test,2,159,25.3,-2.1093997955322266,-1.049025808770247
UBFC_PHYS_s01_T3_test,2,160,25.333333333333332,-1.917405605316162,-1.2487800787988834
UBFC_PHYS_s01_T3_test,2,161,25.366666666666667,-1.73744535446167,-1.3845591659409369
UBFC_PHYS_s01_T3_test,2,162,25.4,-1.5353806018829346,-1.4365982169481673
UBFC_PHYS_s01_T3_test,2,163,25.433333333333334,-1.338762879371643,-1.3905632758710205
UBFC_PHYS_s01_T3_test,2,164,25.466666666666665,-1.1645240783691406,-1.2421594814448451
UBFC_PHYS_s01_T3_test,2,165,25.5,-1.0033535957336426,-0.9993109431383529
UBFC_PHYS_s01_T3_test,2,166,25.533333333333335,-0.8453289866447449,-0.6810066830464157
UBFC_PHYS_s01_T3_test,2,167,25.566666666666666,-0.7025684118270874,-0.3144020217974163
UBFC_PHYS_s01_T3_test,2,168,25.6,-0.5962263345718384,0.06901283811669227
UBFC_PHYS_s01_T3_test,2,169,25.633333333333333,-0.5359299182891846,0.43827674293541147
UBFC_PHYS_s01_T3_test,2,170,25.666666666666668,-0.5105953216552734,0.767718203266928
UBFC_PHYS_s01_T3_test,2,171,25.7,-0.5043883323669434,1.039390145179275
UBFC_PHYS_s01_T3_test,2,172,25.733333333333334,-0.5099619626998901,1.2423818705059262
UBFC_PHYS_s01_T3_test,2,173,25.766666666666666,-0.5345365405082703,1.3698026193867219
UBFC_PHYS_s01_T3_test,2,174,25.8,-0.5666481852531433,1.4161199282803882
UBFC_PHYS_s01_T3_test,2,175,25.833333333333332,-0.549125075340271,1.3787060736907706
UBFC_PHYS_s01_T3_test,2,176,25.866666666666667,-0.4235709011554718,1.262738561324535
UBFC_PHYS_s01_T3_test,2,177,25.9,-0.19764944911003113,1.084097344748697
UBFC_PHYS_s01_T3_test,2,178,25.933333333333334,0.061777036637067795,0.8671017660886636
UBFC_PHYS_s01_T3_test,2,179,25.966666666666665,0.29451772570610046,0.6370192135694779
UBFC_PHYS_s01_T3_test,2,180,26.0,0.4606705904006958,0.41152528694177914
UBFC_PHYS_s01_T3_test,2,181,26.033333333333335,0.5283562541007996,0.19852528549259957
UBFC_PHYS_s01_T3_test,2,182,26.066666666666666,0.5222548246383667,0.0007883297224567341
UBFC_PHYS_s01_T3_test,2,183,26.1,0.5103264451026917,-0.17916521851823647
UBFC_PHYS_s01_T3_test,2,184,26.133333333333333,0.5236693620681763,-0.33765847128422605
UBFC_PHYS_s01_T3_test,2,185,26.166666666666668,0.534246563911438,-0.47186667272183547
UBFC_PHYS_s01_T3_test,2,186,26.2,0.5335709452629089,-0.5829432663450395
UBFC_PHYS_s01_T3_test,2,187,26.233333333333334,0.5357033014297485,-0.67639800524615
UBFC_PHYS_s01_T3_test,2,188,26.266666666666666,0.5004881620407104,-0.758928481176622
UBFC_PHYS_s01_T3_test,2,189,26.3,0.38536345958709717,-0.8342128718925307
UBFC_PHYS_s01_T3_test,2,190,26.333333333333332,0.24617083370685577,-0.8999808209806126
UBFC_PHYS_s01_T3_test,2,191,26.366666666666667,0.13638748228549957,-0.9479339072021432
UBFC_PHYS_s01_T3_test,2,192,26.4,0.023015068843960762,-0.9661075273853155
UBFC_PHYS_s01_T3_test,2,193,26.433333333333334,-0.11195510625839233,-0.9414313154391001
UBFC_PHYS_s01_T3_test,2,194,26.466666666666665,-0.21299801766872406,-0.8622254047437216
UBFC_PHYS_s01_T3_test,2,195,26.5,-0.25883254408836365,-0.7223109241704057
UBFC_PHYS_s01_T3_test,2,196,26.533333333333335,-0.3111063241958618,-0.5252525716244024
UBFC_PHYS_s01_T3_test,2,197,26.566666666666666,-0.41242367029190063,-0.2843755556472872
UBFC_PHYS_s01_T3_test,2,198,26.6,-0.5328897833824158,-0.018238430566462148
UBFC_PHYS_s01_T3_test,2,199,26.633333333333333,-0.6205264329910278,0.25461183171251744
UBFC_PHYS_s01_T3_test,2,200,26.666666666666668,-0.6060223579406738,0.5186553062115582
UBFC_PHYS_s01_T3_test,2,201,26.7,-0.4139437675476074,0.7608347115991125
UBFC_PHYS_s01_T3_test,2,202,26.733333333333334,-0.07418541610240936,0.968087453271741
UBFC_PHYS_s01_T3_test,2,203,26.766666666666666,0.2585214674472809,1.1271640615606036
UBFC_PHYS_s01_T3_test,2,204,26.8,0.48898202180862427,1.2273041351433422
UBFC_PHYS_s01_T3_test,2,205,26.833333333333332,0.6536359190940857,1.26255718673757
UBFC_PHYS_s01_T3_test,2,206,26.866666666666667,0.769584059715271,1.2319924170815508
UBFC_PHYS_s01_T3_test,2,207,26.9,0.8185853958129883,1.1379723433432751
UBFC_PHYS_s01_T3_test,2,208,26.933333333333334,0.8257213234901428,0.9840725259788334
UBFC_PHYS_s01_T3_test,2,209,26.966666666666665,0.8201054930686951,0.7752034330224647
UBFC_PHYS_s01_T3_test,2,210,27.0,0.7868537902832031,0.5193163770106834
UBFC_PHYS_s01_T3_test,2,211,27.033333333333335,0.7165080308914185,0.2271002143494209
UBFC_PHYS_s01_T3_test,2,212,27.066666666666666,0.6319959759712219,-0.09024764429171882
UBFC_PHYS_s01_T3_test,2,213,27.1,0.5286307334899902,-0.4214339378291409
UBFC_PHYS_s01_T3_test,2,214,27.133333333333333,0.3924993574619293,-0.7525562862183552
UBFC_PHYS_s01_T3_test,2,215,27.166666666666668,0.25883814692497253,-1.0635502336028857
UBFC_PHYS_s01_T3_test,2,216,27.2,0.1741994023323059,-1.3269573293611325
UBFC_PHYS_s01_T3_test,2,217,27.233333333333334,0.11096841841936111,-1.5129367334512982
UBFC_PHYS_s01_T3_test,2,218,27.266666666666666,0.006399782374501228,-1.5987115660158204
UBFC_PHYS_s01_T3_test,2,219,27.3,-0.12956266105175018,-1.5752719089082041
UBFC_PHYS_s01_T3_test,2,220,27.333333333333332,-0.23444798588752747,-1.4482039302452694
UBFC_PHYS_s01_T3_test,2,221,27.366666666666667,-0.3001279830932617,-1.2342670279800678
UBFC_PHYS_s01_T3_test,2,222,27.4,-0.3865823745727539,-0.9562081999846003
UBFC_PHYS_s01_T3_test,2,223,27.433333333333334,-0.5296385288238525,-0.6385181666608671
UBFC_PHYS_s01_T3_test,2,224,27.466666666666665,-0.6501468420028687,-0.30482238809702333
UBFC_PHYS_s01_T3_test,2,225,27.5,-0.6195341944694519,0.024434262613087163
UBFC_PHYS_s01_T3_test,2,226,27.533333333333335,-0.3977084755897522,0.333833338195741
UBFC_PHYS_s01_T3_test,2,227,27.566666666666666,-0.08567044138908386,0.6126260401976307
UBFC_PHYS_s01_T3_test,2,228,27.6,0.2099212110042572,0.8524661298512942
UBFC_PHYS_s01_T3_test,2,229,27.633333333333333,0.42881232500076294,1.045491762706939
UBFC_PHYS_s01_T3_test,2,230,27.666666666666668,0.5391023755073547,1.1840729351695403
UBFC_PHYS_s01_T3_test,2,231,27.7,0.5525719523429871,1.2622721456074109
UBFC_PHYS_s01_T3_test,2,232,27.733333333333334,0.5358510613441467,1.277674225894539
UBFC_PHYS_s01_T3_test,2,233,27.766666666666666,0.5414246916770935,1.2312268523826018
UBFC_PHYS_s01_T3_test,2,234,27.8,0.5624524354934692,1.1254144212691644
UBFC_PHYS_s01_T3_test,2,235,27.833333333333332,0.572881817817688,0.9636709369281428
UBFC_PHYS_s01_T3_test,2,236,27.866666666666667,0.5503340363502502,0.7521163493391962
UBFC_PHYS_s01_T3_test,2,237,27.9,0.493478924036026,0.5025430681609128
UBFC_PHYS_s01_T3_test,2,238,27.933333333333334,0.42564550042152405,0.23419695520356523
UBFC_PHYS_s01_T3_test,2,239,27.966666666666665,0.36874815821647644,-0.028836390281899597
UBFC_PHYS_s01_T3_test,2,240,28.0,0.3476148545742035,-0.2637509291799561
UBFC_PHYS_s01_T3_test,2,241,28.033333333333335,0.36798810958862305,-0.45385502456736027
UBFC_PHYS_s01_T3_test,2,242,28.066666666666666,0.36216115951538086,-0.5896852056167833
UBFC_PHYS_s01_T3_test,2,243,28.1,0.2766779363155365,-0.6668930548805713
UBFC_PHYS_s01_T3_test,2,244,28.133333333333333,0.14730247855186462,-0.6837976185851695
UBFC_PHYS_s01_T3_test,2,245,28.166666666666668,0.023120630532503128,-0.6430507691422741
UBFC_PHYS_s01_T3_test,2,246,28.2,-0.07895676791667938,-0.5559451543037557
UBFC_PHYS_s01_T3_test,2,247,28.233333333333334,-0.15012593567371368,-0.4423764119768072
UBFC_PHYS_s01_T3_test,2,248,28.266666666666666,-0.2219284623861313,-0.3245479040631576
UBFC_PHYS_s01_T3_test,2,249,28.3,-0.3207123577594757,-0.21821051384782186
UBFC_PHYS_s01_T3_test,2,250,28.333333333333332,-0.378644198179245,-0.1271009215445529
UBFC_PHYS_s01_T3_test,2,251,28.366666666666667,-0.3267504572868347,-0.04666877038860276
UBFC_PHYS_s01_T3_test,2,252,28.4,-0.17415159940719604,0.025871948051506367
UBFC_PHYS_s01_T3_test,2,253,28.433333333333334,0.041319333016872406,0.08640678720486554
UBFC_PHYS_s01_T3_test,2,254,28.466666666666665,0.25529128313064575,0.12702004002997627
UBFC_PHYS_s01_T3_test,2,255,28.5,0.37263280153274536,0.141899595487994
UBFC_PHYS_s01_T3_test,2,256,28.533333333333335,0.36606690287590027,0.13106386777381984
UBFC_PHYS_s01_T3_test,2,257,28.566666666666666,0.3173188865184784,0.09872725249279392
UBFC_PHYS_s01_T3_test,2,258,28.6,0.29757899045944214,0.04830807581996438
UBFC_PHYS_s01_T3_test,2,259,28.633333333333333,0.31548210978507996,-0.01931285195460696
UBFC_PHYS_s01_T3_test,2,260,28.666666666666668,0.35711535811424255,-0.10253874012869248
UBFC_PHYS_s01_T3_test,2,261,28.7,0.4175384044647217,-0.19442211495148962
UBFC_PHYS_s01_T3_test,2,262,28.733333333333334,0.4782359302043915,-0.2804310968686879
UBFC_PHYS_s01_T3_test,2,263,28.766666666666666,0.5071807503700256,-0.3415607181642892
UBFC_PHYS_s01_T3_test,2,264,28.8,0.4976591467857361,-0.36150826000190683
UBFC_PHYS_s01_T3_test,2,265,28.833333333333332,0.4905443489551544,-0.33268392624658577
UBFC_PHYS_s01_T3_test,2,266,28.866666666666667,0.5426492094993591,-0.2581157837143326
UBFC_PHYS_s01_T3_test,2,267,28.9,0.672214686870575,-0.14926865054595423
UBFC_PHYS_s01_T3_test,2,268,28.933333333333334,0.8456090092658997,-0.021231082913828248
UBFC_PHYS_s01_T3_test,2,269,28.966666666666665,1.032451868057251,0.11220972192103608
UBFC_PHYS_s01_T3_test,2,270,29.0,1.238443374633789,0.24132161877357802
UBFC_PHYS_s01_T3_test,2,271,29.033333333333335,1.4909029006958008,0.3594724654614585
UBFC_PHYS_s01_T3_test,2,272,29.066666666666666,1.7910125255584717,0.4595221773474196
UBFC_PHYS_s01_T3_test,2,273,29.1,2.0822761058807373,0.5309252602518972
UBFC_PHYS_s01_T3_test,2,274,29.133333333333333,2.3206114768981934,0.5602171942845596
UBFC_PHYS_s01_T3_test,2,275,29.166666666666668,2.595217704772949,0.536144209041486
UBFC_PHYS_s01_T3_test,2,276,29.2,3.0104098320007324,0.4565917101813306
UBFC_PHYS_s01_T3_test,2,277,29.233333333333334,3.378838539123535,0.3310485423679457
UBFC_PHYS_s01_T3_test,2,278,29.266666666666666,3.2389280796051025,0.1764778592722212
UBFC_PHYS_s01_T3_test,2,279,29.3,2.3855948448181152,0.009180416705943455
UBFC_PHYS_s01_T3_test,2,280,29.333333333333332,1.133726954460144,-0.16190338487523212
UBFC_PHYS_s01_T3_test,2,281,29.366666666666667,-0.09236300736665726,-0.3335409444521366
UBFC_PHYS_s01_T3_test,2,282,29.4,-1.076507329940796,-0.4994647264588019
UBFC_PHYS_s01_T3_test,2,283,29.433333333333334,-1.8138713836669922,-0.6436550296229518
UBFC_PHYS_s01_T3_test,2,284,29.466666666666665,-2.4477224349975586,-0.7410967748107975
UBFC_PHYS_s01_T3_test,2,285,29.5,-3.1248111724853516,-0.7663495269341422
UBFC_PHYS_s01_T3_test,2,286,29.533333333333335,-3.732567548751831,-0.705139230656828
UBFC_PHYS_s01_T3_test,2,287,29.566666666666666,-3.981627941131592,-0.5602135592134594
UBFC_PHYS_s01_T3_test,2,288,29.6,-3.784461259841919,-0.34889981699118705
UBFC_PHYS_s01_T3_test,2,289,29.633333333333333,-3.314229726791382,-0.09655189267757085
UBFC_PHYS_s01_T3_test,2,290,29.666666666666668,-2.772132158279419,0.16996484032701623
UBFC_PHYS_s01_T3_test,2,291,29.7,-2.281801700592041,0.425688551951287
UBFC_PHYS_s01_T3_test,2,292,29.733333333333334,-1.9171944856643677,0.6479285192774066
UBFC_PHYS_s01_T3_test,2,293,29.766666666666666,-1.6722508668899536,0.8165794124873755
UBFC_PHYS_s01_T3_test,2,294,29.8,-1.4845846891403198,0.9154966794455877
UBFC_PHYS_s01_T3_test,2,295,29.833333333333332,-1.360044002532959,0.9338097201990988
UBFC_PHYS_s01_T3_test,2,296,29.866666666666667,-1.3363983631134033,0.8673174497229484
UBFC_PHYS_s01_T3_test,2,297,29.9,-1.3915433883666992,0.7212797155946971
UBFC_PHYS_s01_T3_test,2,298,29.933333333333334,-1.470967411994934,0.512993344350579
UBFC_PHYS_s01_T3_test,2,299,29.966666666666665,-1.5182163715362549,0.27000568412588355
UBFC_PHYS_s01_T3_test,3,0,30.0,-1.4812278747558594,-0.028480888238689286
UBFC_PHYS_s01_T3_test,3,1,30.033333333333335,-1.3254622220993042,0.033338573158997326
UBFC_PHYS_s01_T3_test,3,2,30.066666666666666,-1.037787675857544,0.07270187511056106
UBFC_PHYS_s01_T3_test,3,3,30.1,-0.6364450454711914,0.0744001435770288
UBFC_PHYS_s01_T3_test,3,4,30.133333333333333,-0.20090073347091675,0.03310493466859368
UBFC_PHYS_s01_T3_test,3,5,30.166666666666668,0.19296813011169434,-0.04531332493376915
UBFC_PHYS_s01_T3_test,3,6,30.2,0.5037394762039185,-0.14708962681451362
UBFC_PHYS_s01_T3_test,3,7,30.233333333333334,0.6802161931991577,-0.25784477684094537
UBFC_PHYS_s01_T3_test,3,8,30.266666666666666,0.7238128185272217,-0.36876163655362104
UBFC_PHYS_s01_T3_test,3,9,30.3,0.7440382838249207,-0.4734602671852644
UBFC_PHYS_s01_T3_test,3,10,30.333333333333332,0.8052213788032532,-0.557857721255465
UBFC_PHYS_s01_T3_test,3,11,30.366666666666667,0.8507604002952576,-0.5952063853736004
UBFC_PHYS_s01_T3_test,3,12,30.4,0.8334061503410339,-0.5524998384764441
UBFC_PHYS_s01_T3_test,3,13,30.433333333333334,0.7764244079589844,-0.406652559047324
UBFC_PHYS_s01_T3_test,3,14,30.466666666666665,0.7106810808181763,-0.16208474586825056
UBFC_PHYS_s01_T3_test,3,15,30.5,0.6288291215896606,0.14348475586787285
UBFC_PHYS_s01_T3_test,3,16,30.533333333333335,0.5071596503257751,0.4495695523724213
UBFC_PHYS_s01_T3_test,3,17,30.566666666666666,0.35221731662750244,0.6944488381925558
UBFC_PHYS_s01_T3_test,3,18,30.6,0.20187747478485107,0.8369383376613663
UBFC_PHYS_s01_T3_test,3,19,30.633333333333333,0.09490204602479935,0.8646821084411164
UBFC_PHYS_s01_T3_test,3,20,30.666666666666668,0.032198868691921234,0.7873785677722476
UBFC_PHYS_s01_T3_test,3,21,30.7,-0.015176867134869099,0.6256089288877383
UBFC_PHYS_s01_T3_test,3,22,30.733333333333334,-0.0798223689198494,0.40406233787688095
UBFC_PHYS_s01_T3_test,3,23,30.766666666666666,-0.18097083270549774,0.15373704782326356
UBFC_PHYS_s01_T3_test,3,24,30.8,-0.32710936665534973,-0.08298117663268506
UBFC_PHYS_s01_T3_test,3,25,30.833333333333332,-0.4998281002044678,-0.2592495708559132
UBFC_PHYS_s01_T3_test,3,26,30.866666666666667,-0.6245588660240173,-0.3432309839535427
UBFC_PHYS_s01_T3_test,3,27,30.9,-0.5986964702606201,-0.3357408987037996
UBFC_PHYS_s01_T3_test,3,28,30.933333333333334,-0.39521723985671997,-0.27415577378290573
UBFC_PHYS_s01_T3_test,3,29,30.966666666666665,-0.0991189032793045,-0.21614088598084422
UBFC_PHYS_s01_T3_test,3,30,31.0,0.20257417857646942,-0.21070855163218466
UBFC_PHYS_s01_T3_test,3,31,31.033333333333335,0.47361236810684204,-0.27640902886637403
UBFC_PHYS_s01_T3_test,3,32,31.066666666666666,0.6721513271331787,-0.3971856980693632
UBFC_PHYS_s01_T3_test,3,33,31.1,0.7688028812408447,-0.534775666165847
UBFC_PHYS_s01_T3_test,3,34,31.133333333333333,0.8123151063919067,-0.6482983672041688
UBFC_PHYS_s01_T3_test,3,35,31.166666666666668,0.8521960377693176,-0.705904921074044
UBFC_PHYS_s01_T3_test,3,36,31.2,0.8948426246643066,-0.6847257901028123
UBFC_PHYS_s01_T3_test,3,37,31.233333333333334,0.98159259557724,-0.5673858964930064
UBFC_PHYS_s01_T3_test,3,38,31.266666666666666,1.1646562814712524,-0.3427571920485892
UBFC_PHYS_s01_T3_test,3,39,31.3,1.3719568252563477,-0.015672766437233542
UBFC_PHYS_s01_T3_test,3,40,31.333333333333332,1.4421759843826294,0.3800102332730361
UBFC_PHYS_s01_T3_test,3,41,31.366666666666667,1.2666492462158203,0.7795929534603123
UBFC_PHYS_s01_T3_test,3,42,31.4,0.8858488202095032,1.102244663999359
UBFC_PHYS_s01_T3_test,3,43,31.433333333333334,0.47059333324432373,1.2765868602669241
UBFC_PHYS_s01_T3_test,3,44,31.466666666666665,0.1525171995162964,1.265659410790011
UBFC_PHYS_s01_T3_test,3,45,31.5,-0.06723950803279877,1.0764735686816898
UBFC_PHYS_s01_T3_test,3,46,31.533333333333335,-0.22929660975933075,0.7512903058380509
UBFC_PHYS_s01_T3_test,3,47,31.566666666666666,-0.3685736656188965,0.35017179937912746
UBFC_PHYS_s01_T3_test,3,48,31.6,-0.5160422921180725,-0.06553666311089687
UBFC_PHYS_s01_T3_test,3,49,31.633333333333333,-0.6277679204940796,-0.44134984611049766
UBFC_PHYS_s01_T3_test,3,50,31.666666666666668,-0.6029611229896545,-0.7304983965296163
UBFC_PHYS_s01_T3_test,3,51,31.7,-0.43826499581336975,-0.8963807543867947
UBFC_PHYS_s01_T3_test,3,52,31.733333333333334,-0.2370658963918686,-0.9199437728270361
UBFC_PHYS_s01_T3_test,3,53,31.766666666666666,-0.08237694203853607,-0.8085838798462662
UBFC_PHYS_s01_T3_test,3,54,31.8,-0.009033222682774067,-0.6003704338843229
UBFC_PHYS_s01_T3_test,3,55,31.833333333333332,-0.04581064358353615,-0.3562102643255807
UBFC_PHYS_s01_T3_test,3,56,31.866666666666667,-0.16129428148269653,-0.1402596246816204
UBFC_PHYS_s01_T3_test,3,57,31.9,-0.2501554489135742,0.0031392911267034817
UBFC_PHYS_s01_T3_test,3,58,31.933333333333334,-0.26349833607673645,0.06535670117125673
UBFC_PHYS_s01_T3_test,3,59,31.966666666666665,-0.24831868708133698,0.0715717063835919
UBFC_PHYS_s01_T3_test,3,60,32.0,-0.24014827609062195,0.06297319994072169
UBFC_PHYS_s01_T3_test,3,61,32.03333333333333,-0.23493357002735138,0.07699396203214778
UBFC_PHYS_s01_T3_test,3,62,32.06666666666667,-0.2539345324039459,0.13506629699562095
UBFC_PHYS_s01_T3_test,3,63,32.1,-0.3267926573753357,0.24081413307733418
UBFC_PHYS_s01_T3_test,3,64,32.13333333333333,-0.4239509403705597,0.3849176160486818
UBFC_PHYS_s01_T3_test,3,65,32.166666666666664,-0.4910665452480316,0.5475442352368337
UBFC_PHYS_s01_T3_test,3,66,32.2,-0.5270628333091736,0.6968963314293249
UBFC_PHYS_s01_T3_test,3,67,32.233333333333334,-0.5807300209999084,0.7904437435534812
UBFC_PHYS_s01_T3_test,3,68,32.266666666666666,-0.6799150109291077,0.7832553519948269
UBFC_PHYS_s01_T3_test,3,69,32.3,-0.7930763363838196,0.6441802951486779
UBFC_PHYS_s01_T3_test,3,70,32.333333333333336,-0.8470179438591003,0.37318358888067205
UBFC_PHYS_s01_T3_test,3,71,32.36666666666667,-0.7607957720756531,0.007097675376567011
UBFC_PHYS_s01_T3_test,3,72,32.4,-0.5253527164459229,-0.3900829454927906
UBFC_PHYS_s01_T3_test,3,73,32.43333333333333,-0.23976825177669525,-0.7463936079064294
UBFC_PHYS_s01_T3_test,3,74,32.46666666666667,-0.012748965993523598,-1.001867406125359
UBFC_PHYS_s01_T3_test,3,75,32.5,0.1275203675031662,-1.1197658973873659
UBFC_PHYS_s01_T3_test,3,76,32.53333333333333,0.19170139729976654,-1.0875535021031424
UBFC_PHYS_s01_T3_test,3,77,32.56666666666667,0.20164524018764496,-0.914053795594009
UBFC_PHYS_s01_T3_test,3,78,32.6,0.19548048079013824,-0.6270124369744998
UBFC_PHYS_s01_T3_test,3,79,32.63333333333333,0.20229971408843994,-0.27183649481951555
UBFC_PHYS_s01_T3_test,3,80,32.666666666666664,0.2127080261707306,0.09136253432424071
UBFC_PHYS_s01_T3_test,3,81,32.7,0.21701490879058838,0.3979410490235101
UBFC_PHYS_s01_T3_test,3,82,32.733333333333334,0.2320045530796051,0.5956706251024825
UBFC_PHYS_s01_T3_test,3,83,32.766666666666666,0.25250449776649475,0.6617209799732076
UBFC_PHYS_s01_T3_test,3,84,32.8,0.22803546488285065,0.6113436243327498
UBFC_PHYS_s01_T3_test,3,85,32.833333333333336,0.14008212089538574,0.4902436032974347
UBFC_PHYS_s01_T3_test,3,86,32.86666666666667,0.03251555189490318,0.3534895415488199
UBFC_PHYS_s01_T3_test,3,87,32.9,-0.06286928802728653,0.2441258346531447
UBFC_PHYS_s01_T3_test,3,88,32.93333333333333,-0.16735346615314484,0.181007975483125
UBFC_PHYS_s01_T3_test,3,89,32.96666666666667,-0.2970244884490967,0.15966660388724502
UBFC_PHYS_s01_T3_test,3,90,33.0,-0.40989020466804504,0.1623310507850699
UBFC_PHYS_s01_T3_test,3,91,33.03333333333333,-0.43775829672813416,0.16679284088113738
UBFC_PHYS_s01_T3_test,3,92,33.06666666666667,-0.3438090980052948,0.14982373091417092
UBFC_PHYS_s01_T3_test,3,93,33.1,-0.13918982446193695,0.08786316397511187
UBFC_PHYS_s01_T3_test,3,94,33.13333333333333,0.11065173894166946,-0.03984673011737069
UBFC_PHYS_s01_T3_test,3,95,33.166666666666664,0.33705878257751465,-0.23978404610817608
UBFC_PHYS_s01_T3_test,3,96,33.2,0.5039927959442139,-0.48954625665328655
UBFC_PHYS_s01_T3_test,3,97,33.233333333333334,0.5817911624908447,-0.7353214749552137
UBFC_PHYS_s01_T3_test,3,98,33.266666666666666,0.569693922996521,-0.9063576459667767
UBFC_PHYS_s01_T3_test,3,99,33.3,0.5395879149436951,-0.9396054867970022
UBFC_PHYS_s01_T3_test,3,100,33.333333333333336,0.5499751567840576,-0.8037049256970603
UBFC_PHYS_s01_T3_test,3,101,33.36666666666667,0.5795322060585022,-0.509830747009189
UBFC_PHYS_s01_T3_test,3,102,33.4,0.5917772650718689,-0.10624195090664502
UBFC_PHYS_s01_T3_test,3,103,33.43333333333333,0.5934240221977234,0.3367996341723334
UBFC_PHYS_s01_T3_test,3,104,33.46666666666667,0.5916505455970764,0.7442136935827252
UBFC_PHYS_s01_T3_test,3,105,33.5,0.5407913327217102,1.0487480412802392
UBFC_PHYS_s01_T3_test,3,106,33.53333333333333,0.3950539231300354,1.1988938229398562
UBFC_PHYS_s01_T3_test,3,107,33.56666666666667,0.20544543862342834,1.1677811700145808
UBFC_PHYS_s01_T3_test,3,108,33.6,0.03745580092072487,0.9625375901214814
UBFC_PHYS_s01_T3_test,3,109,33.63333333333333,-0.12686030566692352,0.6271078442381621
UBFC_PHYS_s01_T3_test,3,110,33.666666666666664,-0.3147798478603363,0.23435116378640472
UBFC_PHYS_s01_T3_test,3,111,33.7,-0.46929988265037537,-0.13271391368662716
UBFC_PHYS_s01_T3_test,3,112,33.733333333333334,-0.500651478767395,-0.4048844973752329
UBFC_PHYS_s01_T3_test,3,113,33.766666666666666,-0.38474559783935547,-0.5455131101682931
UBFC_PHYS_s01_T3_test,3,114,33.8,-0.1864388883113861,-0.5573899413768164
UBFC_PHYS_s01_T3_test,3,115,33.833333333333336,0.018898194655776024,-0.47624504358655123
UBFC_PHYS_s01_T3_test,3,116,33.86666666666667,0.18564221262931824,-0.35483977643698245
UBFC_PHYS_s01_T3_test,3,117,33.9,0.2667340934276581,-0.24613659979595354
UBFC_PHYS_s01_T3_test,3,118,33.93333333333333,0.24598081409931183,-0.1905872121966996
UBFC_PHYS_s01_T3_test,3,119,33.96666666666667,0.17865407466888428,-0.20830957901871652
UBFC_PHYS_s01_T3_test,3,120,34.0,0.12973715364933014,-0.29565877105909577
UBFC_PHYS_s01_T3_test,3,121,34.03333333333333,0.11474750190973282,-0.4249803879152096
UBFC_PHYS_s01_T3_test,3,122,34.06666666666667,0.09990563243627548,-0.548430767158925
UBFC_PHYS_s01_T3_test,3,123,34.1,0.03701244667172432,-0.6085655583353226
UBFC_PHYS_s01_T3_test,3,124,34.13333333333333,-0.07169418036937714,-0.5548134417189087
UBFC_PHYS_s01_T3_test,3,125,34.166666666666664,-0.16794461011886597,-0.36113583045450265
UBFC_PHYS_s01_T3_test,3,126,34.2,-0.23584139347076416,-0.03886075938153113
UBFC_PHYS_s01_T3_test,3,127,34.233333333333334,-0.29567331075668335,0.3615367424656328
UBFC_PHYS_s01_T3_test,3,128,34.266666666666666,-0.3381299078464508,0.7612407212101856
UBFC_PHYS_s01_T3_test,3,129,34.3,-0.3594743311405182,1.0729274532168285
UBFC_PHYS_s01_T3_test,3,130,34.333333333333336,-0.3766385316848755,1.2234419333723694
UBFC_PHYS_s01_T3_test,3,131,34.36666666666667,-0.37237387895584106,1.171582566641075
UBFC_PHYS_s01_T3_test,3,132,34.4,-0.35573747754096985,0.9170218904758829
UBFC_PHYS_s01_T3_test,3,133,34.43333333333333,-0.38782799243927,0.5005901284209159
UBFC_PHYS_s01_T3_test,3,134,34.46666666666667,-0.4373571574687958,-0.0032640523468950716
UBFC_PHYS_s01_T3_test,3,135,34.5,-0.3703048825263977,-0.5007238913041456
UBFC_PHYS_s01_T3_test,3,136,34.53333333333333,-0.14294779300689697,-0.8976574987268624
UBFC_PHYS_s01_T3_test,3,137,34.56666666666667,0.13026495277881622,-1.1207128099012442
UBFC_PHYS_s01_T3_test,3,138,34.6,0.3471081852912903,-1.1350420805864614
UBFC_PHYS_s01_T3_test,3,139,34.63333333333333,0.4720289409160614,-0.951357410206753
UBFC_PHYS_s01_T3_test,3,140,34.666666666666664,0.5111287236213684,-0.6206155235848154
UBFC_PHYS_s01_T3_test,3,141,34.7,0.5152033567428589,-0.2204510116597418
UBFC_PHYS_s01_T3_test,3,142,34.733333333333334,0.5403268337249756,0.16265419776440623
UBFC_PHYS_s01_T3_test,3,143,34.766666666666666,0.5798066258430481,0.4522581075653228
UBFC_PHYS_s01_T3_test,3,144,34.8,0.5866469740867615,0.598367031128876
UBFC_PHYS_s01_T3_test,3,145,34.833333333333336,0.545647144317627,0.5877486976609666
UBFC_PHYS_s01_T3_test,3,146,34.86666666666667,0.4791226387023926,0.4456068686947798
UBFC_PHYS_s01_T3_test,3,147,34.9,0.426595538854599,0.22749366364160772
UBFC_PHYS_s01_T3_test,3,148,34.93333333333333,0.3981785476207733,0.0034658385135717777
UBFC_PHYS_s01_T3_test,3,149,34.96666666666667,0.34398356080055237,-0.16063276335202215
UBFC_PHYS_s01_T3_test,3,150,35.0,0.23392575979232788,-0.2198657364244263
UBFC_PHYS_s01_T3_test,3,151,35.03333333333333,0.11014504730701447,-0.16065568471759356
UBFC_PHYS_s01_T3_test,3,152,35.06666666666667,0.008806571364402771,-0.0028839518079782547
UBFC_PHYS_s01_T3_test,3,153,35.1,-0.06578277051448822,0.2061743704412822
UBFC_PHYS_s01_T3_test,3,154,35.13333333333333,-0.11461524665355682,0.40425161498341766
UBFC_PHYS_s01_T3_test,3,155,35.166666666666664,-0.1726948618888855,0.5296552982072857
UBFC_PHYS_s01_T3_test,3,156,35.2,-0.2872706651687622,0.5366832254431845
UBFC_PHYS_s01_T3_test,3,157,35.233333333333334,-0.415210485458374,0.4077441450851624
UBFC_PHYS_s01_T3_test,3,158,35.266666666666666,-0.4247320890426636,0.15921275985684116
UBFC_PHYS_s01_T3_test,3,159,35.3,-0.2528155744075775,-0.16139999915153033
UBFC_PHYS_s01_T3_test,3,160,35.333333333333336,0.010242199525237083,-0.4864013936477497
UBFC_PHYS_s01_T3_test,3,161,35.36666666666667,0.2418428361415863,-0.7435087319277903
UBFC_PHYS_s01_T3_test,3,162,35.4,0.3927738070487976,-0.8719873337393113
UBFC_PHYS_s01_T3_test,3,163,35.43333333333333,0.45782044529914856,-0.8352340052407294
UBFC_PHYS_s01_T3_test,3,164,35.46666666666667,0.43930506706237793,-0.6280378166537308
UBFC_PHYS_s01_T3_test,3,165,35.5,0.37453290820121765,-0.2790555470938607
UBFC_PHYS_s01_T3_test,3,166,35.53333333333333,0.32166799902915955,0.15173770060853836
UBFC_PHYS_s01_T3_test,3,167,35.56666666666667,0.2920898199081421,0.5816922440744234
UBFC_PHYS_s01_T3_test,3,168,35.6,0.26578405499458313,0.9210117842994555
UBFC_PHYS_s01_T3_test,3,169,35.63333333333333,0.2289855182170868,1.0950099801257027
UBFC_PHYS_s01_T3_test,3,170,35.666666666666664,0.1863178014755249,1.0667722663528476
UBFC_PHYS_s01_T3_test,3,171,35.7,0.15963199734687805,0.8487307472238957
UBFC_PHYS_s01_T3_test,3,172,35.733333333333334,0.14451567828655243,0.4978697771310316
UBFC_PHYS_s01_T3_test,3,173,35.766666666666666,0.10197462886571884,0.09666627347060756
UBFC_PHYS_s01_T3_test,3,174,35.8,0.03264222294092178,-0.2723831649495616
UBFC_PHYS_s01_T3_test,3,175,35.833333333333336,-0.024592900648713112,-0.5466931401942364
UBFC_PHYS_s01_T3_test,3,176,35.86666666666667,-0.07133527100086212,-0.6926837676092032
UBFC_PHYS_s01_T3_test,3,177,35.9,-0.13342620432376862,-0.7061780438726014
UBFC_PHYS_s01_T3_test,3,178,35.93333333333333,-0.21069678664207458,-0.6082189663984813
UBFC_PHYS_s01_T3_test,3,179,35.96666666666667,-0.2967289090156555,-0.44104176583027255
UBFC_PHYS_s01_T3_test,3,180,36.0,-0.37758857011795044,-0.26300561314311016
UBFC_PHYS_s01_T3_test,3,181,36.03333333333333,-0.3989329934120178,-0.13595671361433834
UBFC_PHYS_s01_T3_test,3,182,36.06666666666667,-0.310494065284729,-0.10555079281409134
UBFC_PHYS_s01_T3_test,3,183,36.1,-0.12265898287296295,-0.18257127789805505
UBFC_PHYS_s01_T3_test,3,184,36.13333333333333,0.108709417283535,-0.33439224136301393
UBFC_PHYS_s01_T3_test,3,185,36.166666666666664,0.3300917446613312,-0.49476143136438505
UBFC_PHYS_s01_T3_test,3,186,36.2,0.49442896246910095,-0.5889616419930034
UBFC_PHYS_s01_T3_test,3,187,36.233333333333334,0.5585677623748779,-0.5607755839598716
UBFC_PHYS_s01_T3_test,3,188,36.266666666666666,0.5293485522270203,-0.39025624616324084
UBFC_PHYS_s01_T3_test,3,189,36.3,0.4844851493835449,-0.09616470464658815
UBFC_PHYS_s01_T3_test,3,190,36.333333333333336,0.47259896993637085,0.274178923334064
UBFC_PHYS_s01_T3_test,3,191,36.36666666666667,0.4679754078388214,0.6570334822517752
UBFC_PHYS_s01_T3_test,3,192,36.4,0.45807379484176636,0.9820036486375875
UBFC_PHYS_s01_T3_test,3,193,36.43333333333333,0.4681020975112915,1.1821611409872528
UBFC_PHYS_s01_T3_test,3,194,36.46666666666667,0.49339449405670166,1.2064767064980617
UBFC_PHYS_s01_T3_test,3,195,36.5,0.4923388659954071,1.0346220680807718
UBFC_PHYS_s01_T3_test,3,196,36.53333333333333,0.42085301876068115,0.6888121521213383
UBFC_PHYS_s01_T3_test,3,197,36.56666666666667,0.26447510719299316,0.23299950300264702
UBFC_PHYS_s01_T3_test,3,198,36.6,0.06526054441928864,-0.24265411817490298
UBFC_PHYS_s01_T3_test,3,199,36.63333333333333,-0.1265225112438202,-0.6457803452435418
UBFC_PHYS_s01_T3_test,3,200,36.666666666666664,-0.3171021640300751,-0.9056176522361024
UBFC_PHYS_s01_T3_test,3,201,36.7,-0.5022348761558533,-0.9872461150552814
UBFC_PHYS_s01_T3_test,3,202,36.733333333333334,-0.6278101801872253,-0.8937136746147054
UBFC_PHYS_s01_T3_test,3,203,36.766666666666666,-0.6832718849182129,-0.6605326360634393
UBFC_PHYS_s01_T3_test,3,204,36.8,-0.737846851348877,-0.3460569755481163
UBFC_PHYS_s01_T3_test,3,205,36.833333333333336,-0.8327672481536865,-0.019409296995474643
UBFC_PHYS_s01_T3_test,3,206,36.86666666666667,-0.9105445146560669,0.2529822618015749
UBFC_PHYS_s01_T3_test,3,207,36.9,-0.8591363430023193,0.4215445273549097
UBFC_PHYS_s01_T3_test,3,208,36.93333333333333,-0.6221309900283813,0.4658584590980674
UBFC_PHYS_s01_T3_test,3,209,36.96666666666667,-0.2861306071281433,0.40082906659758766
UBFC_PHYS_s01_T3_test,3,210,37.0,-0.00010276940884068608,0.2729443291066188
UBFC_PHYS_s01_T3_test,3,211,37.03333333333333,0.17759846150875092,0.14428083743216016
UBFC_PHYS_s01_T3_test,3,212,37.06666666666667,0.2752845287322998,0.069264450298409
UBFC_PHYS_s01_T3_test,3,213,37.1,0.30498936772346497,0.07569868161073884
UBFC_PHYS_s01_T3_test,3,214,37.13333333333333,0.29922574758529663,0.1573526348925169
UBFC_PHYS_s01_T3_test,3,215,37.166666666666664,0.2991624176502228,0.2797210310085193
UBFC_PHYS_s01_T3_test,3,216,37.2,0.29631227254867554,0.39486947303138514
UBFC_PHYS_s01_T3_test,3,217,37.233333333333334,0.27646681666374207,0.4566356365546987
UBFC_PHYS_s01_T3_test,3,218,37.266666666666666,0.25049883127212524,0.43128799599399803
UBFC_PHYS_s01_T3_test,3,219,37.3,0.20175080001354218,0.3034314446605056
UBFC_PHYS_s01_T3_test,3,220,37.333333333333336,0.11221403628587723,0.07863979380175123
UBFC_PHYS_s01_T3_test,3,221,37.36666666666667,-0.002784016542136669,-0.2147964508415244
UBFC_PHYS_s01_T3_test,3,222,37.4,-0.12709254026412964,-0.526549229972289
UBFC_PHYS_s01_T3_test,3,223,37.43333333333333,-0.24194280803203583,-0.7924192799570647
UBFC_PHYS_s01_T3_test,3,224,37.46666666666667,-0.3227391242980957,-0.9500440203048602
UBFC_PHYS_s01_T3_test,3,225,37.5,-0.37378838658332825,-0.9567886299674596
UBFC_PHYS_s01_T3_test,3,226,37.53333333333333,-0.4321213364601135,-0.8032162274121194
UBFC_PHYS_s01_T3_test,3,227,37.56666666666667,-0.5175201296806335,-0.5155882952152324
UBFC_PHYS_s01_T3_test,3,228,37.6,-0.6141505837440491,-0.14719793186366203
UBFC_PHYS_s01_T3_test,3,229,37.63333333333333,-0.7048062682151794,0.23537149752006237
UBFC_PHYS_s01_T3_test,3,230,37.666666666666664,-0.7834702730178833,0.565801429178618
UBFC_PHYS_s01_T3_test,3,231,37.7,-0.8175875544548035,0.7880491944199393
UBFC_PHYS_s01_T3_test,3,232,37.733333333333334,-0.7456161379814148,0.8634895395954116
UBFC_PHYS_s01_T3_test,3,233,37.766666666666666,-0.5456626415252686,0.7791974838691413
UBFC_PHYS_s01_T3_test,3,234,37.8,-0.28746068477630615,0.555382209667814
UBFC_PHYS_s01_T3_test,3,235,37.833333333333336,-0.05963912233710289,0.24423784756546452
UBFC_PHYS_s01_T3_test,3,236,37.86666666666667,0.10596483200788498,-0.08232502857625022
UBFC_PHYS_s01_T3_test,3,237,37.9,0.20922450721263885,-0.3525173696822597
UBFC_PHYS_s01_T3_test,3,238,37.93333333333333,0.2544679045677185,-0.5150616158629764
UBFC_PHYS_s01_T3_test,3,239,37.96666666666667,0.264939546585083,-0.5509929085292119
UBFC_PHYS_s01_T3_test,3,240,38.0,0.2773112952709198,-0.4737049394333718
UBFC_PHYS_s01_T3_test,3,241,38.03333333333333,0.3138987123966217,-0.3205207060149
UBFC_PHYS_s01_T3_test,3,242,38.06666666666667,0.3477626442909241,-0.14067119792533694
UBFC_PHYS_s01_T3_test,3,243,38.1,0.3336174786090851,0.015018038702918929
UBFC_PHYS_s01_T3_test,3,244,38.13333333333333,0.28657954931259155,0.10223604957153436
UBFC_PHYS_s01_T3_test,3,245,38.166666666666664,0.2561991214752197,0.09305445966187043
UBFC_PHYS_s01_T3_test,3,246,38.2,0.23215234279632568,-0.013426684407002822
UBFC_PHYS_s01_T3_test,3,247,38.233333333333334,0.17918187379837036,-0.18574439003968135
UBFC_PHYS_s01_T3_test,3,248,38.266666666666666,0.1085827425122261,-0.3645830099157324
UBFC_PHYS_s01_T3_test,3,249,38.3,0.042332716286182404,-0.4788844535419448
UBFC_PHYS_s01_T3_test,3,250,38.333333333333336,-0.012558956630527973,-0.46911025192513167
UBFC_PHYS_s01_T3_test,3,251,38.36666666666667,-0.04640178382396698,-0.3076771787509065
UBFC_PHYS_s01_T3_test,3,252,38.4,-0.08282029628753662,-0.008980363845064301
UBFC_PHYS_s01_T3_test,3,253,38.43333333333333,-0.16414442658424377,0.3747069704134926
UBFC_PHYS_s01_T3_test,3,254,38.46666666666667,-0.2679530084133148,0.7687717226680965
UBFC_PHYS_s01_T3_test,3,255,38.5,-0.3088684380054474,1.0948469016651083
UBFC_PHYS_s01_T3_test,3,256,38.53333333333333,-0.24578522145748138,1.2870749550423977
UBFC_PHYS_s01_T3_test,3,257,38.56666666666667,-0.11102617532014847,1.3045604909886022
UBFC_PHYS_s01_T3_test,3,258,38.6,0.05702679604291916,1.1389289633301476
UBFC_PHYS_s01_T3_test,3,259,38.63333333333333,0.21990728378295898,0.8160692618899527
UBFC_PHYS_s01_T3_test,3,260,38.666666666666664,0.33452531695365906,0.39105886181721555
UBFC_PHYS_s01_T3_test,3,261,38.7,0.3756096065044403,-0.06455524560058964
UBFC_PHYS_s01_T3_test,3,262,38.733333333333334,0.3420201241970062,-0.4799043421613018
UBFC_PHYS_s01_T3_test,3,263,38.766666666666666,0.2672407925128937,-0.7995573182820198
UBFC_PHYS_s01_T3_test,3,264,38.8,0.2125813513994217,-0.9919780057106423
UBFC_PHYS_s01_T3_test,3,265,38.833333333333336,0.19782394170761108,-1.0512556334499372
UBFC_PHYS_s01_T3_test,3,266,38.86666666666667,0.18171533942222595,-0.9937238287298351
UBFC_PHYS_s01_T3_test,3,267,38.9,0.127773717045784,-0.8525282363444011
UBFC_PHYS_s01_T3_test,3,268,38.93333333333333,0.04336721450090408,-0.6712816319604319
UBFC_PHYS_s01_T3_test,3,269,38.96666666666667,-0.0514264851808548,-0.4959226491365304
UBFC_PHYS_s01_T3_test,3,270,39.0,-0.14197662472724915,-0.3643010921167393
UBFC_PHYS_s01_T3_test,3,271,39.03333333333333,-0.2214006632566452,-0.29397641998034696
UBFC_PHYS_s01_T3_test,3,272,39.06666666666667,-0.2967289090156555,-0.2732696772563902
UBFC_PHYS_s01_T3_test,3,273,39.1,-0.37556180357933044,-0.26410377601221485
UBFC_PHYS_s01_T3_test,3,274,39.13333333333333,-0.457287073135376,-0.21787737033199467
UBFC_PHYS_s01_T3_test,3,275,39.166666666666664,-0.5478582978248596,-0.09776502074648014
UBFC_PHYS_s01_T3_test,3,276,39.2,-0.6462622284889221,0.10279661480690641
UBFC_PHYS_s01_T3_test,3,277,39.233333333333334,-0.7170091271400452,0.3570560867822327
UBFC_PHYS_s01_T3_test,3,278,39.266666666666666,-0.6951580047607422,0.6174110315483498
UBFC_PHYS_s01_T3_test,3,279,39.3,-0.5446070432662964,0.8320690894968592
UBFC_PHYS_s01_T3_test,3,280,39.333333333333336,-0.30665165185928345,0.9576717209210694
UBFC_PHYS_s01_T3_test,3,281,39.36666666666667,-0.05083534121513367,0.9646273008162247
UBFC_PHYS_s01_T3_test,3,282,39.4,0.18046972155570984,0.8378542294721314
UBFC_PHYS_s01_T3_test,3,283,39.43333333333333,0.3595854640007019,0.5804413002828098
UBFC_PHYS_s01_T3_test,3,284,39.46666666666667,0.4531124234199524,0.22036633466792063
UBFC_PHYS_s01_T3_test,3,285,39.5,0.46035391092300415,-0.18718508815557636
UBFC_PHYS_s01_T3_test,3,286,39.53333333333333,0.4339003562927246,-0.566960075778276
UBFC_PHYS_s01_T3_test,3,287,39.56666666666667,0.4162505567073822,-0.8413704886339041
UBFC_PHYS_s01_T3_test,3,288,39.6,0.4041110575199127,-0.9527227197473589
UBFC_PHYS_s01_T3_test,3,289,39.63333333333333,0.3783964216709137,-0.8777846375654336
UBFC_PHYS_s01_T3_test,3,290,39.666666666666664,0.33114737272262573,-0.6298506402481248
UBFC_PHYS_s01_T3_test,3,291,39.7,0.2742711305618286,-0.2516767586626945
UBFC_PHYS_s01_T3_test,3,292,39.733333333333334,0.23185677826404572,0.1953685601828411
UBFC_PHYS_s01_T3_test,3,293,39.766666666666666,0.20559321343898773,0.6400376886669856
UBFC_PHYS_s01_T3_test,3,294,39.8,0.15975867211818695,1.007753134994409
UBFC_PHYS_s01_T3_test,3,295,39.833333333333336,0.08571825176477432,1.2303592050800205
UBFC_PHYS_s01_T3_test,3,296,39.86666666666667,0.022508377209305763,1.2603752270266873
UBFC_PHYS_s01_T3_test,3,297,39.9,-0.023790637031197548,1.0860860289809693
UBFC_PHYS_s01_T3_test,3,298,39.93333333333333,-0.09466423094272614,0.7402119131516192
UBFC_PHYS_s01_T3_test,3,299,39.96666666666667,-0.1967838555574417,0.2929656340937896
UBFC_PHYS_s01_T3_test,4,0,40.0,-0.2882840633392334,0.015532005394306077
UBFC_PHYS_s01_T3_test,4,1,40.03333333333333,-0.3226335644721985,-0.09575056146558698
UBFC_PHYS_s01_T3_test,4,2,40.06666666666667,-0.2656095623970032,-0.19903985006771102
UBFC_PHYS_s01_T3_test,4,3,40.1,-0.12493909895420074,-0.28674573815638305
UBFC_PHYS_s01_T3_test,4,4,40.13333333333333,0.04005260020494461,-0.35595600131724864
UBFC_PHYS_s01_T3_test,4,5,40.166666666666664,0.17713399231433868,-0.40925090445656875
UBFC_PHYS_s01_T3_test,4,6,40.2,0.2662907540798187,-0.45236450407722345
UBFC_PHYS_s01_T3_test,4,7,40.233333333333334,0.30387040972709656,-0.49047658172931274
UBFC_PHYS_s01_T3_test,4,8,40.266666666666666,0.2960800230503082,-0.5245851842576217
UBFC_PHYS_s01_T3_test,4,9,40.3,0.2662273943424225,-0.5487897470989215
UBFC_PHYS_s01_T3_test,4,10,40.333333333333336,0.23952049016952515,-0.5501700636408142
UBFC_PHYS_s01_T3_test,4,11,40.36666666666667,0.22425638139247894,-0.5133878651984954
UBFC_PHYS_s01_T3_test,4,12,40.4,0.2222718447446823,-0.4288953118232002
UBFC_PHYS_s01_T3_test,4,13,40.43333333333333,0.229745551943779,-0.3005239932895103
UBFC_PHYS_s01_T3_test,4,14,40.46666666666667,0.22841548919677734,-0.14800552834900135
UBFC_PHYS_s01_T3_test,4,15,40.5,0.20732441544532776,-0.000832386650925292
UBFC_PHYS_s01_T3_test,4,16,40.53333333333333,0.17918187379837036,0.11375486827549952
UBFC_PHYS_s01_T3_test,4,17,40.56666666666667,0.14498014748096466,0.18010762299742497
UBFC_PHYS_s01_T3_test,4,18,40.6,0.08812503516674042,0.19677398436662816
UBFC_PHYS_s01_T3_test,4,19,40.63333333333333,0.009503273293375969,0.17366499525135182
UBFC_PHYS_s01_T3_test,4,20,40.666666666666664,-0.07536769658327103,0.1266083257392219
UBFC_PHYS_s01_T3_test,4,21,40.7,-0.15135043859481812,0.07285491834780639
UBFC_PHYS_s01_T3_test,4,22,40.733333333333334,-0.19279365241527557,0.028871795317552528
UBFC_PHYS_s01_T3_test,4,23,40.766666666666666,-0.173074871301651,0.009303295652803129
UBFC_PHYS_s01_T3_test,4,24,40.8,-0.10587479919195175,0.025819639963758946
UBFC_PHYS_s01_T3_test,4,25,40.833333333333336,-0.029343141242861748,0.08487074141548773
UBFC_PHYS_s01_T3_test,4,26,40.86666666666667,0.04575289040803909,0.18507692132409304
UBFC_PHYS_s01_T3_test,4,27,40.9,0.11143288761377335,0.3165623911998481
UBFC_PHYS_s01_T3_test,4,28,40.93333333333333,0.128787100315094,0.4626307915439219
UBFC_PHYS_s01_T3_test,4,29,40.96666666666667,0.0803135335445404,0.6021801440259664
UBFC_PHYS_s01_T3_test,4,30,41.0,0.016048049554228783,0.7120820110341481
UBFC_PHYS_s01_T3_test,4,31,41.03333333333333,-0.0006094618001952767,0.7697274446690953
UBFC_PHYS_s01_T3_test,4,32,41.06666666666667,0.009207703173160553,0.7559764165537439
UBFC_PHYS_s01_T3_test,4,33,41.1,-0.01980043575167656,0.6585946460242643
UBFC_PHYS_s01_T3_test,4,34,41.13333333333333,-0.09658543765544891,0.4757921198905584
UBFC_PHYS_s01_T3_test,4,35,41.166666666666664,-0.1687891036272049,0.21897397256784648
UBFC_PHYS_s01_T3_test,4,36,41.2,-0.21551035344600677,-0.08688811340554174
UBFC_PHYS_s01_T3_test,4,37,41.233333333333334,-0.24390624463558197,-0.40717375618901336
UBFC_PHYS_s01_T3_test,4,38,41.266666666666666,-0.24141500890254974,-0.7047464076322189
UBFC_PHYS_s01_T3_test,4,39,41.3,-0.22235070168972015,-0.9464166503489869
UBFC_PHYS_s01_T3_test,4,40,41.333333333333336,-0.21301911771297455,-1.1063819069777012
UBFC_PHYS_s01_T3_test,4,41,41.36666666666667,-0.16606563329696655,-1.166299562937337
UBFC_PHYS_s01_T3_test,4,42,41.4,-0.031201012432575226,-1.1142162820100783
UBFC_PHYS_s01_T3_test,4,43,41.43333333333333,0.13828758895397186,-0.9464299901790958
UBFC_PHYS_s01_T3_test,4,44,41.46666666666667,0.2610127031803131,-0.6722672468760896
UBFC_PHYS_s01_T3_test,4,45,41.5,0.31119635701179504,-0.317583705863001
UBFC_PHYS_s01_T3_test,4,46,41.53333333333333,0.291203111410141,0.07602237746420767
UBFC_PHYS_s01_T3_test,4,47,41.56666666666667,0.23612143099308014,0.4573119063329393
UBFC_PHYS_s01_T3_test,4,48,41.6,0.19459377229213715,0.7754301418752106
UBFC_PHYS_s01_T3_test,4,49,41.63333333333333,0.18536774814128876,0.9902284515308206
UBFC_PHYS_s01_T3_test,4,50,41.666666666666664,0.19909065961837769,1.0797179613299306
UBFC_PHYS_s01_T3_test,4,51,41.7,0.23056893050670624,1.0425070722405019
UBFC_PHYS_s01_T3_test,4,52,41.733333333333334,0.26219499111175537,0.8951882151117517
UBFC_PHYS_s01_T3_test,4,53,41.766666666666666,0.276340126991272,0.6666582687877983
UBFC_PHYS_s01_T3_test,4,54,41.8,0.27015426754951477,0.39157068922982147
UBFC_PHYS_s01_T3_test,4,55,41.833333333333336,0.24384848773479462,0.10488857226700321
UBFC_PHYS_s01_T3_test,4,56,41.86666666666667,0.19955512881278992,-0.16192873258557816
UBFC_PHYS_s01_T3_test,4,57,41.9,0.14816808700561523,-0.383932196540016
UBFC_PHYS_s01_T3_test,4,58,41.93333333333333,0.08869506418704987,-0.5449142653471787
UBFC_PHYS_s01_T3_test,4,59,41.96666666666667,-0.0006516861612908542,-0.6379678431198915
UBFC_PHYS_s01_T3_test,4,60,42.0,-0.11759205907583237,-0.664434646610695
UBFC_PHYS_s01_T3_test,4,61,42.03333333333333,-0.21705155074596405,-0.6322346450750247
UBFC_PHYS_s01_T3_test,4,62,42.06666666666667,-0.2643217146396637,-0.554207692838173
UBFC_PHYS_s01_T3_test,4,63,42.1,-0.2540823221206665,-0.44661607997677594
UBFC_PHYS_s01_T3_test,4,64,42.13333333333333,-0.18800118565559387,-0.3271204850890916
UBFC_PHYS_s01_T3_test,4,65,42.166666666666664,-0.11252513527870178,-0.2110010284688123
UBFC_PHYS_s01_T3_test,4,66,42.2,-0.10011117160320282,-0.10691208951954875
UBFC_PHYS_s01_T3_test,4,67,42.233333333333334,-0.15143488347530365,-0.015730081165327717
UBFC_PHYS_s01_T3_test,4,68,42.266666666666666,-0.2131880223751068,0.06674983096080433
UBFC_PHYS_s01_T3_test,4,69,42.3,-0.27358996868133545,0.14551716403708964
UBFC_PHYS_s01_T3_test,4,70,42.333333333333336,-0.33103621006011963,0.2227616588505868
UBFC_PHYS_s01_T3_test,4,71,42.36666666666667,-0.3505016565322876,0.2968338978930326
UBFC_PHYS_s01_T3_test,4,72,42.4,-0.3174188733100891,0.36390134398465357
UBFC_PHYS_s01_T3_test,4,73,42.43333333333333,-0.25946593284606934,0.4207699878575316
UBFC_PHYS_s01_T3_test,4,74,42.46666666666667,-0.20208300650119781,0.46661209107416785
UBFC_PHYS_s01_T3_test,4,75,42.5,-0.15812745690345764,0.5012144454571321
UBFC_PHYS_s01_T3_test,4,76,42.53333333333333,-0.1434122622013092,0.5207207669714957
UBFC_PHYS_s01_T3_test,4,77,42.56666666666667,-0.148732528090477,0.514974410336756
UBFC_PHYS_s01_T3_test,4,78,42.6,-0.14685355126857758,0.4688991600643756
UBFC_PHYS_s01_T3_test,4,79,42.63333333333333,-0.13942205905914307,0.3680257181429615
UBFC_PHYS_s01_T3_test,4,80,42.666666666666664,-0.1552773118019104,0.20569034188612148
UBFC_PHYS_s01_T3_test,4,81,42.7,-0.21221685409545898,-0.012605375204910712
UBFC_PHYS_s01_T3_test,4,82,42.733333333333334,-0.29634889960289,-0.26940632968167405
UBFC_PHYS_s01_T3_test,4,83,42.766666666666666,-0.3532462418079376,-0.538694419971656
UBFC_PHYS_s01_T3_test,4,84,42.8,-0.323372483253479,-0.7905058989506372
UBFC_PHYS_s01_T3_test,4,85,42.833333333333336,-0.2055242955684662,-0.9947539705552492
UBFC_PHYS_s01_T3_test,4,86,42.86666666666667,-0.04821743071079254,-1.123695707647678
UBFC_PHYS_s01_T3_test,4,87,42.9,0.10889942198991776,-1.153960007026391
UBFC_PHYS_s01_T3_test,4,88,42.93333333333333,0.2519555687904358,-1.0691558301293762
UBFC_PHYS_s01_T3_test,4,89,42.96666666666667,0.3637445569038391,-0.8637683023036081
UBFC_PHYS_s01_T3_test,4,90,43.0,0.4271022379398346,-0.547390173461531
UBFC_PHYS_s01_T3_test,4,91,43.03333333333333,0.4450264573097229,-0.14680212459873046
UBFC_PHYS_s01_T3_test,4,92,43.06666666666667,0.43596935272216797,0.2957358185026003
UBFC_PHYS_s01_T3_test,4,93,43.1,0.41342154145240784,0.7283511095037789
UBFC_PHYS_s01_T3_test,4,94,43.13333333333333,0.39980417490005493,1.0982935279912127
UBFC_PHYS_s01_T3_test,4,95,43.166666666666664,0.40229541063308716,1.3607522512886037
UBFC_PHYS_s01_T3_test,4,96,43.2,0.39271047711372375,1.485659916045423
UBFC_PHYS_s01_T3_test,4,97,43.233333333333334,0.34778377413749695,1.4613621078117205
UBFC_PHYS_s01_T3_test,4,98,43.266666666666666,0.2764034867286682,1.2949491140054707
UBFC_PHYS_s01_T3_test,4,99,43.3,0.19484712183475494,1.0098703860502396
UBFC_PHYS_s01_T3_test,4,100,43.333333333333336,0.11833657324314117,0.641628472926958
UBFC_PHYS_s01_T3_test,4,101,43.36666666666667,0.07404321432113647,0.23238272924466022
UBFC_PHYS_s01_T3_test,4,102,43.4,0.05398663878440857,-0.17447907457915018
UBFC_PHYS_s01_T3_test,4,103,43.43333333333333,-0.005824170541018248,-0.5386187478432582
UBFC_PHYS_s01_T3_test,4,104,43.46666666666667,-0.11938659846782684,-0.8257791170297439
UBFC_PHYS_s01_T3_test,4,105,43.5,-0.16636119782924652,-1.0104147716819556
UBFC_PHYS_s01_T3_test,4,106,43.53333333333333,0.0009528396767564118,-1.0783767194902667
UBFC_PHYS_s01_T3_test,4,107,43.56666666666667,0.34829044342041016,-1.0294629787043632
UBFC_PHYS_s01_T3_test,4,108,43.6,0.6910256147384644,-0.8789982594039691
UBFC_PHYS_s01_T3_test,4,109,43.63333333333333,0.9000362157821655,-0.6571119702387305
UBFC_PHYS_s01_T3_test,4,110,43.666666666666664,1.0416778326034546,-0.4042591266152076
UBFC_PHYS_s01_T3_test,4,111,43.7,1.2205824851989746,-0.16190906344832673
UBFC_PHYS_s01_T3_test,4,112,43.733333333333334,1.378839373588562,0.03849558737859385
UBFC_PHYS_s01_T3_test,4,113,43.766666666666666,1.3892054557800293,0.18160725911629594
UBFC_PHYS_s01_T3_test,4,114,43.8,1.2617511749267578,0.2669270050057738
UBFC_PHYS_s01_T3_test,4,115,43.833333333333336,1.1232764720916748,0.30275338952045694
UBFC_PHYS_s01_T3_test,4,116,43.86666666666667,1.1172171831130981,0.29968661944856495
UBFC_PHYS_s01_T3_test,4,117,43.9,1.3073534965515137,0.2687735328594681
UBFC_PHYS_s01_T3_test,4,118,43.93333333333333,1.6086665391921997,0.22346113018764083
UBFC_PHYS_s01_T3_test,4,119,43.96666666666667,1.899888038635254,0.17897625663923739
UBFC_PHYS_s01_T3_test,4,120,44.0,2.195775270462036,0.14754800621385306
UBFC_PHYS_s01_T3_test,4,121,44.03333333333333,2.5752034187316895,0.1332341381696758
UBFC_PHYS_s01_T3_test,4,122,44.06666666666667,3.0069262981414795,0.12975379041505664
UBFC_PHYS_s01_T3_test,4,123,44.1,3.444011926651001,0.12349843581078052
UBFC_PHYS_s01_T3_test,4,124,44.13333333333333,3.94724178314209,0.10028031181929313
UBFC_PHYS_s01_T3_test,4,125,44.166666666666664,4.537749767303467,0.05108884220558742
UBFC_PHYS_s01_T3_test,4,126,44.2,4.970612525939941,-0.02568840812821704
UBFC_PHYS_s01_T3_test,4,127,44.233333333333334,4.858549118041992,-0.1253859591235294
UBFC_PHYS_s01_T3_test,4,128,44.266666666666666,4.023139953613281,-0.23958827398138857
UBFC_PHYS_s01_T3_test,4,129,44.3,2.6129729747772217,-0.35697597993085706
UBFC_PHYS_s01_T3_test,4,130,44.333333333333336,0.8824920058250427,-0.4624354914201612
UBFC_PHYS_s01_T3_test,4,131,44.36666666666667,-1.0511938333511353,-0.5373937949311717
UBFC_PHYS_s01_T3_test,4,132,44.4,-3.2602248191833496,-0.5628025480764676
UBFC_PHYS_s01_T3_test,4,133,44.43333333333333,-5.661355495452881,-0.524183144332441
UBFC_PHYS_s01_T3_test,4,134,44.46666666666667,-7.649257183074951,-0.41633993546961173
UBFC_PHYS_s01_T3_test,4,135,44.5,-8.419429779052734,-0.24409460170568778
UBFC_PHYS_s01_T3_test,4,136,44.53333333333333,-7.6320085525512695,-0.019300235002059227
UBFC_PHYS_s01_T3_test,4,137,44.56666666666667,-5.7947845458984375,0.24181888479448124
UBFC_PHYS_s01_T3_test,4,138,44.6,-3.797382116317749,0.518866797179216
UBFC_PHYS_s01_T3_test,4,139,44.63333333333333,-2.5159780979156494,0.785375103534461
UBFC_PHYS_s01_T3_test,4,140,44.666666666666664,-2.262906312942505,1.0078949113448272
UBFC_PHYS_s01_T3_test,4,141,44.7,-2.543825149536133,1.151004335597024
UBFC_PHYS_s01_T3_test,4,142,44.733333333333334,-2.668999195098877,1.187121253973442
UBFC_PHYS_s01_T3_test,4,143,44.766666666666666,-2.4924380779266357,1.1041184966047033
UBFC_PHYS_s01_T3_test,4,144,44.8,-2.237592935562134,0.9075080511525173
UBFC_PHYS_s01_T3_test,4,145,44.833333333333336,-1.9442180395126343,0.6184283639987552
UBFC_PHYS_s01_T3_test,4,146,44.86666666666667,-1.5673655271530151,0.26913047851653726
UBFC_PHYS_s01_T3_test,4,147,44.9,-1.1652418375015259,-0.1023435423981082
UBFC_PHYS_s01_T3_test,4,148,44.93333333333333,-0.7877138257026672,-0.4569722916296165
UBFC_PHYS_s01_T3_test,4,149,44.96666666666667,-0.4359215497970581,-0.7583035086861676
UBFC_PHYS_s01_T3_test,4,150,45.0,-0.14419341087341309,-0.9752403903121486
UBFC_PHYS_s01_T3_test,4,151,45.03333333333333,0.00882768351584673,-1.0855095011388352
UBFC_PHYS_s01_T3_test,4,152,45.06666666666667,0.015266899019479752,-1.0795703021423029
UBFC_PHYS_s01_T3_test,4,153,45.1,-0.04203156381845474,-0.9629728200919351
UBFC_PHYS_s01_T3_test,4,154,45.13333333333333,-0.10277131199836731,-0.7558872425907337
UBFC_PHYS_s01_T3_test,4,155,45.166666666666664,-0.18398986756801605,-0.4895552099999416
UBFC_PHYS_s01_T3_test,4,156,45.2,-0.2852438986301422,-0.2003569751158546
UBFC_PHYS_s01_T3_test,4,157,45.233333333333334,-0.36080440878868103,0.07693060880790202
UBFC_PHYS_s01_T3_test,4,158,45.266666666666666,-0.3912903964519501,0.3144151682043155
UBFC_PHYS_s01_T3_test,4,159,45.3,-0.40342989563941956,0.49238104708650904
UBFC_PHYS_s01_T3_test,4,160,45.333333333333336,-0.4268855154514313,0.5972841408459474
UBFC_PHYS_s01_T3_test,4,161,45.36666666666667,-0.4685820937156677,0.6200980914264864
UBFC_PHYS_s01_T3_test,4,162,45.4,-0.48798418045043945,0.5570826116875002
UBFC_PHYS_s01_T3_test,4,163,45.43333333333333,-0.40659672021865845,0.4128847776695783
UBFC_PHYS_s01_T3_test,4,164,45.46666666666667,-0.18639665842056274,0.20376923740794334
UBFC_PHYS_s01_T3_test,4,165,45.5,0.13955430686473846,-0.042771330242397425
UBFC_PHYS_s01_T3_test,4,166,45.53333333333333,0.5047739744186401,-0.2925541844812886
UBFC_PHYS_s01_T3_test,4,167,45.56666666666667,0.842948853969574,-0.5105287823527601
UBFC_PHYS_s01_T3_test,4,168,45.6,1.1060066223144531,-0.6658676991537705
UBFC_PHYS_s01_T3_test,4,169,45.63333333333333,1.2716528177261353,-0.7355609643343192
UBFC_PHYS_s01_T3_test,4,170,45.666666666666664,1.3563549518585205,-0.7068904068494837
UBFC_PHYS_s01_T3_test,4,171,45.7,1.4023584127426147,-0.5800191120555539
UBFC_PHYS_s01_T3_test,4,172,45.733333333333334,1.4218871593475342,-0.370165722100063
UBFC_PHYS_s01_T3_test,4,173,45.766666666666666,1.3900288343429565,-0.10711862717717865
UBFC_PHYS_s01_T3_test,4,174,45.8,1.2971563339233398,0.1689874127234303
UBFC_PHYS_s01_T3_test,4,175,45.833333333333336,1.1329879760742188,0.4151757548851167
UBFC_PHYS_s01_T3_test,4,176,45.86666666666667,0.8822808861732483,0.5945215984511332
UBFC_PHYS_s01_T3_test,4,177,45.9,0.5758797526359558,0.6833796458748483
UBFC_PHYS_s01_T3_test,4,178,45.93333333333333,0.2699642479419708,0.6749786009781825
UBFC_PHYS_s01_T3_test,4,179,45.96666666666667,0.00021391331392806023,0.5788112196528028
UBFC_PHYS_s01_T3_test,4,180,46.0,-0.2075299620628357,0.41686209177298655
UBFC_PHYS_s01_T3_test,4,181,46.03333333333333,-0.35172614455223083,0.21902256302020742
UBFC_PHYS_s01_T3_test,4,182,46.06666666666667,-0.4885542094707489,0.018613003422617975
UBFC_PHYS_s01_T3_test,4,183,46.1,-0.6653264760971069,-0.15258002529874568
UBFC_PHYS_s01_T3_test,4,184,46.13333333333333,-0.866652250289917,-0.26951766267054056
UBFC_PHYS_s01_T3_test,4,185,46.166666666666664,-1.0489559173583984,-0.318161916758036
UBFC_PHYS_s01_T3_test,4,186,46.2,-1.1877896785736084,-0.2975455752710193
UBFC_PHYS_s01_T3_test,4,187,46.233333333333334,-1.2702538967132568,-0.2186348938657022
UBFC_PHYS_s01_T3_test,4,188,46.266666666666666,-1.2789943218231201,-0.10059985062871704
UBFC_PHYS_s01_T3_test,4,189,46.3,-1.1836094856262207,0.033395320709360174
UBFC_PHYS_s01_T3_test,4,190,46.333333333333336,-0.956062376499176,0.15997204671399579
UBFC_PHYS_s01_T3_test,4,191,46.36666666666667,-0.6266489624977112,0.25927859628515615
UBFC_PHYS_s01_T3_test,4,192,46.4,-0.28290045261383057,0.3182479158495721
UBFC_PHYS_s01_T3_test,4,193,46.43333333333333,0.013197905384004116,0.3320658808004087
UBFC_PHYS_s01_T3_test,4,194,46.46666666666667,0.2571069300174713,0.3039333298206769
UBFC_PHYS_s01_T3_test,4,195,46.5,0.4499033987522125,0.24450362776416426
UBFC_PHYS_s01_T3_test,4,196,46.53333333333333,0.5886315107345581,0.17069864905962404
UBFC_PHYS_s01_T3_test,4,197,46.56666666666667,0.7036929130554199,0.10205383835239207
UBFC_PHYS_s01_T3_test,4,198,46.6,0.8255524635314941,0.05503091121240324
UBFC_PHYS_s01_T3_test,4,199,46.63333333333333,0.9502198696136475,0.03805883285601069
UBFC_PHYS_s01_T3_test,4,200,46.666666666666664,1.0625789165496826,0.04925209775448204
UBFC_PHYS_s01_T3_test,4,201,46.7,1.1720033884048462,0.07754450758661763
UBFC_PHYS_s01_T3_test,4,202,46.733333333333334,1.2765508890151978,0.10657676165526282
UBFC_PHYS_s01_T3_test,4,203,46.766666666666666,1.3346515893936157,0.11943820646925207
UBFC_PHYS_s01_T3_test,4,204,46.8,1.325404405593872,0.10245636294215366
UBFC_PHYS_s01_T3_test,4,205,46.833333333333336,1.2731728553771973,0.046686537525286474
UBFC_PHYS_s01_T3_test,4,206,46.86666666666667,1.1585549116134644,-0.05238545096408968
UBFC_PHYS_s01_T3_test,4,207,46.9,0.9336678981781006,-0.19478665014385055
UBFC_PHYS_s01_T3_test,4,208,46.93333333333333,0.6302436590194702,-0.3747730367575958
UBFC_PHYS_s01_T3_test,4,209,46.96666666666667,0.34088006615638733,-0.5789993287295716
UBFC_PHYS_s01_T3_test,4,210,47.0,0.11105287075042725,-0.7856312757003461
UBFC_PHYS_s01_T3_test,4,211,47.03333333333333,-0.03827359527349472,-0.9663071049384445
UBFC_PHYS_s01_T3_test,4,212,47.06666666666667,-0.09191964566707611,-1.090552068447643
UBFC_PHYS_s01_T3_test,4,213,47.1,-0.0889006033539772,-1.1300042307580898
UBFC_PHYS_s01_T3_test,4,214,47.13333333333333,-0.08041350543498993,-1.0618215067375314
UBFC_PHYS_s01_T3_test,4,215,47.166666666666664,-0.0649171695113182,-0.8726734206790456
UBFC_PHYS_s01_T3_test,4,216,47.2,-0.025627397000789642,-0.5635574249961538
UBFC_PHYS_s01_T3_test,4,217,47.233333333333334,0.03642130643129349,-0.15424564874985258
UBFC_PHYS_s01_T3_test,4,218,47.266666666666666,0.09948339313268661,0.3152901311293311
UBFC_PHYS_s01_T3_test,4,219,47.3,0.13125722110271454,0.7899443754235788
UBFC_PHYS_s01_T3_test,4,220,47.333333333333336,0.12583139538764954,1.210245579755219
UBFC_PHYS_s01_T3_test,4,221,47.36666666666667,0.09971562772989273,1.5238151222555263
UBFC_PHYS_s01_T3_test,4,222,47.4,0.05607674643397331,1.6937685044655988
UBFC_PHYS_s01_T3_test,4,223,47.43333333333333,0.004330788739025593,1.7022722703185857
UBFC_PHYS_s01_T3_test,4,224,47.46666666666667,-0.03563456982374191,1.5500704988884404
UBFC_PHYS_s01_T3_test,4,225,47.5,-0.061222534626722336,1.2549750234168071
UBFC_PHYS_s01_T3_test,4,226,47.53333333333333,-0.08381257206201553,0.8499186926340019
UBFC_PHYS_s01_T3_test,4,227,47.56666666666667,-0.1171698197722435,0.378660844414903
UBFC_PHYS_s01_T3_test,4,228,47.6,-0.17681172490119934,-0.1108433214519321
UBFC_PHYS_s01_T3_test,4,229,47.63333333333333,-0.2665596306324005,-0.573283064891379
UBFC_PHYS_s01_T3_test,4,230,47.666666666666664,-0.36270448565483093,-0.9709864460443391
UBFC_PHYS_s01_T3_test,4,231,47.7,-0.43775829672813416,-1.2754589463909223
UBFC_PHYS_s01_T3_test,4,232,47.733333333333334,-0.4837828576564789,-1.4663440843475974
UBFC_PHYS_s01_T3_test,4,233,47.766666666666666,-0.49756911396980286,-1.530844625181699
UBFC_PHYS_s01_T3_test,4,234,47.8,-0.478990375995636,-1.464991721101578
UBFC_PHYS_s01_T3_test,4,235,47.833333333333336,-0.46108725666999817,-1.2760933546497601
UBFC_PHYS_s01_T3_test,4,236,47.86666666666667,-0.4736489951610565,-0.9845630893278439
UBFC_PHYS_s01_T3_test,4,237,47.9,-0.4869074523448944,-0.622670115958599
UBFC_PHYS_s01_T3_test,4,238,47.93333333333333,-0.44911664724349976,-0.22976421681085413
UBFC_PHYS_s01_T3_test,4,239,47.96666666666667,-0.34285902976989746,0.1542690617098346
UBFC_PHYS_s01_T3_test,4,240,48.0,-0.18599553406238556,0.49557987491941613
UBFC_PHYS_s01_T3_test,4,241,48.03333333333333,-0.03360780328512192,0.7714936423907062
UBFC_PHYS_s01_T3_test,4,242,48.06666666666667,0.0319877453148365,0.9725809385231431
UBFC_PHYS_s01_T3_test,4,243,48.1,-0.045198388397693634,1.100147967243412
UBFC_PHYS_s01_T3_test,4,244,48.13333333333333,-0.2469041794538498,1.16061953504079
UBFC_PHYS_s01_T3_test,4,245,48.166666666666664,-0.4859996438026428,1.1609267715464981
UBFC_PHYS_s01_T3_test,4,246,48.2,-0.6680499911308289,1.1069385914012724
UBFC_PHYS_s01_T3_test,4,247,48.233333333333334,-0.7503030300140381,1.0044656422100453
UBFC_PHYS_s01_T3_test,4,248,48.266666666666666,-0.7476640343666077,0.8611403003392673
UBFC_PHYS_s01_T3_test,4,249,48.3,-0.70769864320755,0.6867537747142732
UBFC_PHYS_s01_T3_test,4,250,48.333333333333336,-0.6640808582305908,0.49151358806307627
UBFC_PHYS_s01_T3_test,4,251,48.36666666666667,-0.622447669506073,0.28371655524777567
UBFC_PHYS_s01_T3_test,4,252,48.4,-0.5688015818595886,0.06819281978458215
UBFC_PHYS_s01_T3_test,4,253,48.43333333333333,-0.5026360154151917,-0.1535990614949492
UBFC_PHYS_s01_T3_test,4,254,48.46666666666667,-0.459672749042511,-0.3817678118474463
UBFC_PHYS_s01_T3_test,4,255,48.5,-0.4792437255382538,-0.6152661922701219
UBFC_PHYS_s01_T3_test,4,256,48.53333333333333,-0.5429180860519409,-0.8490733613771109
UBFC_PHYS_s01_T3_test,4,257,48.56666666666667,-0.5818911790847778,-1.0720138798150454
UBFC_PHYS_s01_T3_test,4,258,48.6,-0.5728551745414734,-1.2660802334769108
UBFC_PHYS_s01_T3_test,4,259,48.63333333333333,-0.5646002888679504,-1.4080980690725622
UBFC_PHYS_s01_T3_test,4,260,48.666666666666664,-0.5971552729606628,-1.4734716730881747
UBFC_PHYS_s01_T3_test,4,261,48.7,-0.6133905649185181,-1.440665348169389
UBFC_PHYS_s01_T3_test,4,262,48.733333333333334,-0.4851340353488922,-1.2954608227570097
UBFC_PHYS_s01_T3_test,4,263,48.766666666666666,-0.17651616036891937,-1.0345221724909373
UBFC_PHYS_s01_T3_test,4,264,48.8,0.17001919448375702,-0.6679223890820272
UBFC_PHYS_s01_T3_test,4,265,48.833333333333336,0.4051455557346344,-0.22034633133855408
UBFC_PHYS_s01_T3_test,4,266,48.86666666666667,0.5120365619659424,0.26955709375600667
UBFC_PHYS_s01_T3_test,4,267,48.9,0.5352810621261597,0.7523460344730639
UBFC_PHYS_s01_T3_test,4,268,48.93333333333333,0.5048795342445374,1.1735070548904798
UBFC_PHYS_s01_T3_test,4,269,48.96666666666667,0.46035391092300415,1.4809757686890803
UBFC_PHYS_s01_T3_test,4,270,49.0,0.434702605009079,1.6336573462566641
UBFC_PHYS_s01_T3_test,4,271,49.03333333333333,0.4189951419830322,1.610021388399646
UBFC_PHYS_s01_T3_test,4,272,49.06666666666667,0.4010920226573944,1.4143300980643243
UBFC_PHYS_s01_T3_test,4,273,49.1,0.3884669244289398,1.0769364816447244
UBFC_PHYS_s01_T3_test,4,274,49.13333333333333,0.3710705041885376,0.6480882469104808
UBFC_PHYS_s01_T3_test,4,275,49.166666666666664,0.3277694284915924,0.1878372597268016
UBFC_PHYS_s01_T3_test,4,276,49.2,0.26185718178749084,-0.24483983547313257
UBFC_PHYS_s01_T3_test,4,277,49.233333333333334,0.18327763676643372,-0.6006472919474876
UBFC_PHYS_s01_T3_test,4,278,49.266666666666666,0.09599988162517548,-0.8449784501892649
UBFC_PHYS_s01_T3_test,4,279,49.3,0.014907991513609886,-0.9597880044028176
UBFC_PHYS_s01_T3_test,4,280,49.333333333333336,-0.052566539496183395,-0.9435328209770587
UBFC_PHYS_s01_T3_test,4,281,49.36666666666667,-0.13931649923324585,-0.8106693194233856
UBFC_PHYS_s01_T3_test,4,282,49.4,-0.26370948553085327,-0.5903490967666345
UBFC_PHYS_s01_T3_test,4,283,49.43333333333333,-0.3657868802547455,-0.32225795823558706
UBFC_PHYS_s01_T3_test,4,284,49.46666666666667,-0.36080440878868103,-0.049542422316296075
UBFC_PHYS_s01_T3_test,4,285,49.5,-0.22526419162750244,0.18902517893453083
UBFC_PHYS_s01_T3_test,4,286,49.53333333333333,0.002219570567831397,0.3653496892337423
UBFC_PHYS_s01_T3_test,4,287,49.56666666666667,0.24490410089492798,0.46474376619568625
UBFC_PHYS_s01_T3_test,4,288,49.6,0.4340059161186218,0.4852099318078085
UBFC_PHYS_s01_T3_test,4,289,49.63333333333333,0.5314175486564636,0.4354090016464933
UBFC_PHYS_s01_T3_test,4,290,49.666666666666664,0.5300241112709045,0.3324277162281028
UBFC_PHYS_s01_T3_test,4,291,49.7,0.45832714438438416,0.19917974696685298
UBFC_PHYS_s01_T3_test,4,292,49.733333333333334,0.37415286898612976,0.060995978918844354
UBFC_PHYS_s01_T3_test,4,293,49.766666666666666,0.3155665695667267,-0.059048401204188465
UBFC_PHYS_s01_T3_test,4,294,49.8,0.2775646448135376,-0.14497436436861139
UBFC_PHYS_s01_T3_test,4,295,49.833333333333336,0.24902097880840302,-0.1904068547193078
UBFC_PHYS_s01_T3_test,4,296,49.86666666666667,0.22098399698734283,-0.1978437675994982
UBFC_PHYS_s01_T3_test,4,297,49.9,0.18021637201309204,-0.17556207973641855
UBFC_PHYS_s01_T3_test,4,298,49.93333333333333,0.1251346915960312,-0.1338151268812489
UBFC_PHYS_s01_T3_test,4,299,49.96666666666667,0.054472219198942184,-0.08236866797441678
UBFC_PHYS_s01_T3_test,5,0,50.0,-0.041588205844163895,0.15438908767604195
UBFC_PHYS_s01_T3_test,5,1,50.03333333333333,-0.14983035624027252,0.09581201492767843
UBFC_PHYS_s01_T3_test,5,2,50.06666666666667,-0.23140783607959747,0.03722286514957128
UBFC_PHYS_s01_T3_test,5,3,50.1,-0.2774535119533539,-0.016779114988731914
UBFC_PHYS_s01_T3_test,5,4,50.13333333333333,-0.31359755992889404,-0.06204967028614815
UBFC_PHYS_s01_T3_test,5,5,50.166666666666664,-0.3521484136581421,-0.09589688951138219
UBFC_PHYS_s01_T3_test,5,6,50.2,-0.36796143651008606,-0.11726063166306552
UBFC_PHYS_s01_T3_test,5,7,50.233333333333334,-0.3363564908504486,-0.12771779363246993
UBFC_PHYS_s01_T3_test,5,8,50.266666666666666,-0.2418372482061386,-0.13308888265225002
UBFC_PHYS_s01_T3_test,5,9,50.3,-0.06926627457141876,-0.14357002138919006
UBFC_PHYS_s01_T3_test,5,10,50.333333333333336,0.15169382095336914,-0.17136878567436734
UBFC_PHYS_s01_T3_test,5,11,50.36666666666667,0.3505072295665741,-0.22620187480748027
UBFC_PHYS_s01_T3_test,5,12,50.4,0.49138882756233215,-0.31072808615906294
UBFC_PHYS_s01_T3_test,5,13,50.43333333333333,0.5700950622558594,-0.41924269084871535
UBFC_PHYS_s01_T3_test,5,14,50.46666666666667,0.564014732837677,-0.5399490230931718
UBFC_PHYS_s01_T3_test,5,15,50.5,0.4999392628669739,-0.6580750784464795
UBFC_PHYS_s01_T3_test,5,16,50.53333333333333,0.47097334265708923,-0.7582511396177369
UBFC_PHYS_s01_T3_test,5,17,50.56666666666667,0.4896787405014038,-0.8260856907570651
UBFC_PHYS_s01_T3_test,5,18,50.6,0.48271170258522034,-0.8493298298698619
UBFC_PHYS_s01_T3_test,5,19,50.63333333333333,0.4302479326725006,-0.8192758239614667
UBFC_PHYS_s01_T3_test,5,20,50.666666666666664,0.3683047890663147,-0.732461666594019
UBFC_PHYS_s01_T3_test,5,21,50.7,0.29580557346343994,-0.5920961804257519
UBFC_PHYS_s01_T3_test,5,22,50.733333333333334,0.18944239616394043,-0.4082445557340771
UBFC_PHYS_s01_T3_test,5,23,50.766666666666666,0.05772349610924721,-0.1956895401011849
UBFC_PHYS_s01_T3_test,5,24,50.8,-0.07566326856613159,0.02992925638330193
UBFC_PHYS_s01_T3_test,5,25,50.833333333333336,-0.19507376849651337,0.25550108708040087
UBFC_PHYS_s01_T3_test,5,26,50.86666666666667,-0.29366764426231384,0.4720563299722321
UBFC_PHYS_s01_T3_test,5,27,50.9,-0.38012203574180603,0.6744689820080291
UBFC_PHYS_s01_T3_test,5,28,50.93333333333333,-0.4369560480117798,0.8595972488178889
UBFC_PHYS_s01_T3_test,5,29,50.96666666666667,-0.39939746260643005,1.0236036517895089
UBFC_PHYS_s01_T3_test,5,30,51.0,-0.2404649555683136,1.159661376043881
UBFC_PHYS_s01_T3_test,5,31,51.03333333333333,-0.02102494239807129,1.2574670253203755
UBFC_PHYS_s01_T3_test,5,32,51.06666666666667,0.18718339502811432,1.3051230596239194
UBFC_PHYS_s01_T3_test,5,33,51.1,0.35736867785453796,1.2929419437275456
UBFC_PHYS_s01_T3_test,5,34,51.13333333333333,0.45505475997924805,1.2173253927471814
UBFC_PHYS_s01_T3_test,5,35,51.166666666666664,0.43438592553138733,1.081895276733661
UBFC_PHYS_s01_T3_test,5,36,51.2,0.31822669506073,0.8955391871973672
UBFC_PHYS_s01_T3_test,5,37,51.233333333333334,0.21399585902690887,0.6695756068333878
UBFC_PHYS_s01_T3_test,5,38,51.266666666666666,0.20316532254219055,0.41550932560792847
UBFC_PHYS_s01_T3_test,5,39,51.3,0.2429828941822052,0.14376987283247836
UBFC_PHYS_s01_T3_test,5,40,51.333333333333336,0.2417372763156891,-0.13643870375516182
UBFC_PHYS_s01_T3_test,5,41,51.36666666666667,0.16609232127666473,-0.41629640181753713
UBFC_PHYS_s01_T3_test,5,42,51.4,0.0435994453728199,-0.6861935495672078
UBFC_PHYS_s01_T3_test,5,43,51.43333333333333,-0.0848681777715683,-0.9352584045229168
UBFC_PHYS_s01_T3_test,5,44,51.46666666666667,-0.20717105269432068,-1.1520143363161375
UBFC_PHYS_s01_T3_test,5,45,51.5,-0.33578646183013916,-1.3258810081119132
UBFC_PHYS_s01_T3_test,5,46,51.53333333333333,-0.45656925439834595,-1.4486253304094692
UBFC_PHYS_s01_T3_test,5,47,51.56666666666667,-0.5301452279090881,-1.514487452124102
UBFC_PHYS_s01_T3_test,5,48,51.6,-0.5604411959648132,-1.5187978785013356
UBFC_PHYS_s01_T3_test,5,49,51.63333333333333,-0.5970708131790161,-1.4560579916513183
UBFC_PHYS_s01_T3_test,5,50,51.666666666666664,-0.6564804911613464,-1.3192323738836638
UBFC_PHYS_s01_T3_test,5,51,51.7,-0.6785005331039429,-1.1023060653204184
UBFC_PHYS_s01_T3_test,5,52,51.733333333333334,-0.5779009461402893,-0.8056794197602983
UBFC_PHYS_s01_T3_test,5,53,51.766666666666666,-0.33945998549461365,-0.4415037822009555
UBFC_PHYS_s01_T3_test,5,54,51.8,-0.058309055864810944,-0.03586553915103302
UBFC_PHYS_s01_T3_test,5,55,51.833333333333336,0.15633849799633026,0.3747294025624801
UBFC_PHYS_s01_T3_test,5,56,51.86666666666667,0.2717798948287964,0.7514610578861681
UBFC_PHYS_s01_T3_test,5,57,51.9,0.3120197355747223,1.0613319297856305
UBFC_PHYS_s01_T3_test,5,58,51.93333333333333,0.310478538274765,1.2824757048834416
UBFC_PHYS_s01_T3_test,5,59,51.96666666666667,0.3083673119544983,1.4060315905032108
UBFC_PHYS_s01_T3_test,5,60,52.0,0.3343141973018646,1.4347064929128348
UBFC_PHYS_s01_T3_test,5,61,52.03333333333333,0.3789242208003998,1.3787572754498765
UBFC_PHYS_s01_T3_test,5,62,52.06666666666667,0.40970578789711,1.2511571472834162
UBFC_PHYS_s01_T3_test,5,63,52.1,0.4098113477230072,1.0643714236801292
UBFC_PHYS_s01_T3_test,5,64,52.13333333333333,0.3805076479911804,0.8299954397222552
UBFC_PHYS_s01_T3_test,5,65,52.166666666666664,0.3242858946323395,0.5610756940958519
UBFC_PHYS_s01_T3_test,5,66,52.2,0.254446804523468,0.2752423792546137
UBFC_PHYS_s01_T3_test,5,67,52.233333333333334,0.18994909524917603,-0.004432142756802714
UBFC_PHYS_s01_T3_test,5,68,52.266666666666666,0.12359350174665451,-0.25213834062150847
UBFC_PHYS_s01_T3_test,5,69,52.3,0.04600623622536659,-0.444732160060405
UBFC_PHYS_s01_T3_test,5,70,52.333333333333336,-0.030504310503602028,-0.5675847091444629
UBFC_PHYS_s01_T3_test,5,71,52.36666666666667,-0.10773266851902008,-0.617729920232961
UBFC_PHYS_s01_T3_test,5,72,52.4,-0.19460929930210114,-0.6032615454572445
UBFC_PHYS_s01_T3_test,5,73,52.43333333333333,-0.254821240901947,-0.5402231561573932
UBFC_PHYS_s01_T3_test,5,74,52.46666666666667,-0.24409624934196472,-0.44873138746277896
UBFC_PHYS_s01_T3_test,5,75,52.5,-0.16002754867076874,-0.3501437398915672
UBFC_PHYS_s01_T3_test,5,76,52.53333333333333,-0.024402890354394913,-0.2650226873955047
UBFC_PHYS_s01_T3_test,5,77,52.56666666666667,0.10229131579399109,-0.20979941570490088
UBFC_PHYS_s01_T3_test,5,78,52.6,0.145317941904068,-0.1923586455205421
UBFC_PHYS_s01_T3_test,5,79,52.63333333333333,0.10452920198440552,-0.20916657732630128
UBFC_PHYS_s01_T3_test,5,80,52.666666666666664,0.04307164251804352,-0.2459898711328788
UBFC_PHYS_s01_T3_test,5,81,52.7,0.00705426000058651,-0.28314065627867835
UBFC_PHYS_s01_T3_test,5,82,52.733333333333334,0.022529490292072296,-0.30332469427305714
UBFC_PHYS_s01_T3_test,5,83,52.766666666666666,0.10393806546926498,-0.297682582623615
UBFC_PHYS_s01_T3_test,5,84,52.8,0.20441094040870667,-0.26757716143587623
UBFC_PHYS_s01_T3_test,5,85,52.833333333333336,0.25957706570625305,-0.22215044084680421
UBFC_PHYS_s01_T3_test,5,86,52.86666666666667,0.26439064741134644,-0.17329608156439194
UBFC_PHYS_s01_T3_test,5,87,52.9,0.23113895952701569,-0.13090056021689161
UBFC_PHYS_s01_T3_test,5,88,52.93333333333333,0.1555362343788147,-0.09983352728689843
UBFC_PHYS_s01_T3_test,5,89,52.96666666666667,0.06483830511569977,-0.07855232934064187
UBFC_PHYS_s01_T3_test,5,90,53.0,-0.007386472076177597,-0.05948807902166717
UBFC_PHYS_s01_T3_test,5,91,53.03333333333333,-0.08972398191690445,-0.031700635892174436
UBFC_PHYS_s01_T3_test,5,92,53.06666666666667,-0.21392694115638733,0.015023237644047083
UBFC_PHYS_s01_T3_test,5,93,53.1,-0.3485804498195648,0.08662767087021299
UBFC_PHYS_s01_T3_test,5,94,53.13333333333333,-0.43383142352104187,0.1830852282776522
UBFC_PHYS_s01_T3_test,5,95,53.166666666666664,-0.4083068072795868,0.2988542192429555
UBFC_PHYS_s01_T3_test,5,96,53.2,-0.24540521204471588,0.42461673653989634
UBFC_PHYS_s01_T3_test,5,97,53.233333333333334,-0.005570824723690748,0.5484871513467737
UBFC_PHYS_s01_T3_test,5,98,53.266666666666666,0.20669105648994446,0.6565278175273669
UBFC_PHYS_s01_T3_test,5,99,53.3,0.3498949706554413,0.7340545704213055
UBFC_PHYS_s01_T3_test,5,100,53.333333333333336,0.44240856170654297,0.7683251447794134
UBFC_PHYS_s01_T3_test,5,101,53.36666666666667,0.4814872145652771,0.7520604425133404
UBFC_PHYS_s01_T3_test,5,102,53.4,0.45731377601623535,0.6861108576461861
UBFC_PHYS_s01_T3_test,5,103,53.43333333333333,0.40710899233818054,0.5788297932906339
UBFC_PHYS_s01_T3_test,5,104,53.46666666666667,0.3900081217288971,0.44246846749400054
UBFC_PHYS_s01_T3_test,5,105,53.5,0.41570165753364563,0.28958771426143365
UBFC_PHYS_s01_T3_test,5,106,53.53333333333333,0.4404662549495697,0.13103668791145598
UBFC_PHYS_s01_T3_test,5,107,53.56666666666667,0.43637046217918396,-0.02473177132423744
UBFC_PHYS_s01_T3_test,5,108,53.6,0.4106980562210083,-0.17162282895615968
UBFC_PHYS_s01_T3_test,5,109,53.63333333333333,0.37237945199012756,-0.30590366948400477
UBFC_PHYS_s01_T3_test,5,110,53.666666666666664,0.3168966472148895,-0.42622591443184377
UBFC_PHYS_s01_T3_test,5,111,53.7,0.26160383224487305,-0.5328677087250135
UBFC_PHYS_s01_T3_test,5,112,53.733333333333334,0.23384131491184235,-0.626468253745098
UBFC_PHYS_s01_T3_test,5,113,53.766666666666666,0.23354575037956238,-0.7075485575938474
UBFC_PHYS_s01_T3_test,5,114,53.8,0.2415894865989685,-0.7766580611719462
UBFC_PHYS_s01_T3_test,5,115,53.833333333333336,0.23709259927272797,-0.8336093566910767
UBFC_PHYS_s01_T3_test,5,116,53.86666666666667,0.20544543862342834,-0.875701297556943
UBFC_PHYS_s01_T3_test,5,117,53.9,0.18230648338794708,-0.896343447870448
UBFC_PHYS_s01_T3_test,5,118,53.93333333333333,0.2742922604084015,-0.8849812081989415
UBFC_PHYS_s01_T3_test,5,119,53.96666666666667,0.5558443069458008,-0.8284876676570714
UBFC_PHYS_s01_T3_test,5,120,54.0,0.9417116641998291,-0.71410594369155
UBFC_PHYS_s01_T3_test,5,121,54.03333333333333,1.2432358264923096,-0.5338546893116577
UBFC_PHYS_s01_T3_test,5,122,54.06666666666667,1.3930268287658691,-0.2892974227193537
UBFC_PHYS_s01_T3_test,5,123,54.1,1.4619580507278442,0.0052943766543365675
UBFC_PHYS_s01_T3_test,5,124,54.13333333333333,1.5071170330047607,0.3232613181256236
UBFC_PHYS_s01_T3_test,5,125,54.166666666666664,1.5353862047195435,0.6306900400127811
UBFC_PHYS_s01_T3_test,5,126,54.2,1.5269412994384766,0.8946974722304307
UBFC_PHYS_s01_T3_test,5,127,54.233333333333334,1.4475172758102417,1.0905118516592982
UBFC_PHYS_s01_T3_test,5,128,54.266666666666666,1.336910605430603,1.2047884498487837
UBFC_PHYS_s01_T3_test,5,129,54.3,1.3102036714553833,1.234895898218763
UBFC_PHYS_s01_T3_test,5,130,54.333333333333336,1.3181418180465698,1.1857717152484322
UBFC_PHYS_s01_T3_test,5,131,54.36666666666667,1.1318901777267456,1.0673292606040035
UBFC_PHYS_s01_T3_test,5,132,54.4,0.6681610941886902,0.8934107961768293
UBFC_PHYS_s01_T3_test,5,133,54.43333333333333,0.13045495748519897,0.6810985422073181
UBFC_PHYS_s01_T3_test,5,134,54.46666666666667,-0.28306934237480164,0.4492931828268761
UBFC_PHYS_s01_T3_test,5,135,54.5,-0.5815322399139404,0.21595255902613508
UBFC_PHYS_s01_T3_test,5,136,54.53333333333333,-0.80931156873703,-0.005118806239306273
UBFC_PHYS_s01_T3_test,5,137,54.56666666666667,-0.9633249640464783,-0.20571084774662374
UBFC_PHYS_s01_T3_test,5,138,54.6,-1.12774658203125,-0.38209495556002565
UBFC_PHYS_s01_T3_test,5,139,54.63333333333333,-1.397159218788147,-0.532206268572046
UBFC_PHYS_s01_T3_test,5,140,54.666666666666664,-1.7050169706344604,-0.6526081044124377
UBFC_PHYS_s01_T3_test,5,141,54.7,-1.9216701984405518,-0.7370254568622076
UBFC_PHYS_s01_T3_test,5,142,54.733333333333334,-2.0098347663879395,-0.7773759700571727
UBFC_PHYS_s01_T3_test,5,143,54.766666666666666,-1.9602843523025513,-0.7671414903213013
UBFC_PHYS_s01_T3_test,5,144,54.8,-1.7666857242584229,-0.7054901918265448
UBFC_PHYS_s01_T3_test,5,145,54.833333333333336,-1.4971675872802734,-0.5994787508078341
UBFC_PHYS_s01_T3_test,5,146,54.86666666666667,-1.2399156093597412,-0.4634384998456753
UBFC_PHYS_s01_T3_test,5,147,54.9,-1.0428123474121094,-0.31659890528982476
UBFC_PHYS_s01_T3_test,5,148,54.93333333333333,-0.95148104429245,-0.1797973391411302
UBFC_PHYS_s01_T3_test,5,149,54.96666666666667,-0.9836981892585754,-0.07174619804735845
UBFC_PHYS_s01_T3_test,5,150,55.0,-1.0584564208984375,-0.0055950989247964406
UBFC_PHYS_s01_T3_test,5,151,55.03333333333333,-1.04044771194458,0.013274930180103322
UBFC_PHYS_s01_T3_test,5,152,55.06666666666667,-0.8937603235244751,-0.01209522184149692
UBFC_PHYS_s01_T3_test,5,153,55.1,-0.6981348395347595,-0.07084437393304824
UBFC_PHYS_s01_T3_test,5,154,55.13333333333333,-0.5294696092605591,-0.14588651498269684
UBFC_PHYS_s01_T3_test,5,155,55.166666666666664,-0.39268380403518677,-0.21633582066476825
UBFC_PHYS_s01_T3_test,5,156,55.2,-0.28176039457321167,-0.2608683449885629
UBFC_PHYS_s01_T3_test,5,157,55.233333333333334,-0.2055031806230545,-0.26225338785142
UBFC_PHYS_s01_T3_test,5,158,55.266666666666666,-0.14248332381248474,-0.21188719997020095
UBFC_PHYS_s01_T3_test,5,159,55.3,-0.061095863580703735,-0.11193161351151343
UBFC_PHYS_s01_T3_test,5,160,55.333333333333336,0.023226192221045494,0.026115314734123873
UBFC_PHYS_s01_T3_test,5,161,55.36666666666667,0.08430373668670654,0.18607536219840096
UBFC_PHYS_s01_T3_test,5,162,55.4,0.13423404097557068,0.3526326456832187
UBFC_PHYS_s01_T3_test,5,163,55.43333333333333,0.18526218831539154,0.5139608397035418
UBFC_PHYS_s01_T3_test,5,164,55.46666666666667,0.20911894738674164,0.6606162624268331
UBFC_PHYS_s01_T3_test,5,165,55.5,0.17058922350406647,0.7830089185377112
UBFC_PHYS_s01_T3_test,5,166,55.53333333333333,0.06684395670890808,0.8697951500676919
UBFC_PHYS_s01_T3_test,5,167,55.56666666666667,-0.0650438442826271,0.9089363714409662
UBFC_PHYS_s01_T3_test,5,168,55.6,-0.16515780985355377,0.8910380571530413
UBFC_PHYS_s01_T3_test,5,169,55.63333333333333,-0.1775084286928177,0.8125404165654433
UBFC_PHYS_s01_T3_test,5,170,55.666666666666664,-0.10946387052536011,0.6771899323048143
UBFC_PHYS_s01_T3_test,5,171,55.7,-0.051785390824079514,0.4954406227162352
UBFC_PHYS_s01_T3_test,5,172,55.733333333333334,-0.09479090571403503,0.28219578247232313
UBFC_PHYS_s01_T3_test,5,173,55.766666666666666,-0.2566157877445221,0.053954397193771625
UBFC_PHYS_s01_T3_test,5,174,55.8,-0.4886808693408966,-0.1736923774386162
UBFC_PHYS_s01_T3_test,5,175,55.833333333333336,-0.6827651858329773,-0.3875636242272287
UBFC_PHYS_s01_T3_test,5,176,55.86666666666667,-0.7056719064712524,-0.577043605723948
UBFC_PHYS_s01_T3_test,5,177,55.9,-0.5264294743537903,-0.7328998799042306
UBFC_PHYS_s01_T3_test,5,178,55.93333333333333,-0.2516755163669586,-0.8455757121314104
UBFC_PHYS_s01_T3_test,5,179,55.96666666666667,-0.014332380145788193,-0.9043776123003502
UBFC_PHYS_s01_T3_test,5,180,56.0,0.12245344370603561,-0.8985643190107581
UBFC_PHYS_s01_T3_test,5,181,56.03333333333333,0.17848517000675201,-0.8206502444344881
UBFC_PHYS_s01_T3_test,5,182,56.06666666666667,0.2137214094400406,-0.6708163956391815
UBFC_PHYS_s01_T3_test,5,183,56.1,0.25172334909439087,-0.4601016483633096
UBFC_PHYS_s01_T3_test,5,184,56.13333333333333,0.26624852418899536,-0.21080387575277454
UBFC_PHYS_s01_T3_test,5,185,56.166666666666664,0.2294922024011612,0.04637726630067733
UBFC_PHYS_s01_T3_test,5,186,56.2,0.16153208911418915,0.277650996316245
UBFC_PHYS_s01_T3_test,5,187,56.233333333333334,0.11825212091207504,0.45196444196137775
UBFC_PHYS_s01_T3_test,5,188,56.266666666666666,0.13360068202018738,0.5461452555220098
UBFC_PHYS_s01_T3_test,5,189,56.3,0.19624051451683044,0.5490081158290868
UBFC_PHYS_s01_T3_test,5,190,56.333333333333336,0.26284945011138916,0.4636264587829637
UBFC_PHYS_s01_T3_test,5,191,56.36666666666667,0.3003024756908417,0.3065916421259684
UBFC_PHYS_s01_T3_test,5,192,56.4,0.34767821431159973,0.10442848175420277
UBFC_PHYS_s01_T3_test,5,193,56.43333333333333,0.4535980224609375,-0.11133730913347029
UBFC_PHYS_s01_T3_test,5,194,56.46666666666667,0.5635502338409424,-0.30902013733843076
UBFC_PHYS_s01_T3_test,5,195,56.5,0.5914605855941772,-0.46038667441207404
UBFC_PHYS_s01_T3_test,5,196,56.53333333333333,0.5339509844779968,-0.5433710841585073
UBFC_PHYS_s01_T3_test,5,197,56.56666666666667,0.4335203468799591,-0.5454273669907935
UBFC_PHYS_s01_T3_test,5,198,56.6,0.29833903908729553,-0.4666624307802301
UBFC_PHYS_s01_T3_test,5,199,56.63333333333333,0.13058163225650787,-0.3196361396574965
UBFC_PHYS_s01_T3_test,5,200,56.666666666666664,-0.04454391077160835,-0.1254727289567683
UBFC_PHYS_s01_T3_test,5,201,56.7,-0.16363772749900818,0.09118155405525918
UBFC_PHYS_s01_T3_test,5,202,56.733333333333334,-0.16773349046707153,0.3063206223024525
UBFC_PHYS_s01_T3_test,5,203,56.766666666666666,-0.07978014647960663,0.49875739188984547
UBFC_PHYS_s01_T3_test,5,204,56.8,0.019151540473103523,0.6510106899258135
UBFC_PHYS_s01_T3_test,5,205,56.833333333333336,0.08191805332899094,0.7510652383355712
UBFC_PHYS_s01_T3_test,5,206,56.86666666666667,0.08003906905651093,0.7945786772036009
UBFC_PHYS_s01_T3_test,5,207,56.9,0.010664443485438824,0.7845884286435344
UBFC_PHYS_s01_T3_test,5,208,56.93333333333333,-0.06939294934272766,0.7286163686956122
UBFC_PHYS_s01_T3_test,5,209,56.96666666666667,-0.12077999860048294,0.6359717221549976
UBFC_PHYS_s01_T3_test,5,210,57.0,-0.17776177823543549,0.5162210038178994
UBFC_PHYS_s01_T3_test,5,211,57.03333333333333,-0.24641859531402588,0.3777780314917632
UBFC_PHYS_s01_T3_test,5,212,57.06666666666667,-0.2931820750236511,0.22648908941028167
UBFC_PHYS_s01_T3_test,5,213,57.1,-0.34604698419570923,0.06511979861883757
UBFC_PHYS_s01_T3_test,5,214,57.13333333333333,-0.4495388865470886,-0.10561651745197323
UBFC_PHYS_s01_T3_test,5,215,57.166666666666664,-0.5805822014808655,-0.2843092133116681
UBFC_PHYS_s01_T3_test,5,216,57.2,-0.686987578868866,-0.46593696867193446
UBFC_PHYS_s01_T3_test,5,217,57.233333333333334,-0.7126389145851135,-0.6417151618284385
UBFC_PHYS_s01_T3_test,5,218,57.266666666666666,-0.5897660255432129,-0.8016810269774861
UBFC_PHYS_s01_T3_test,5,219,57.3,-0.32850274443626404,-0.9370661582515307
UBFC_PHYS_s01_T3_test,5,220,57.333333333333336,-0.04496615752577782,-1.040567963100233
UBFC_PHYS_s01_T3_test,5,221,57.36666666666667,0.1598220020532608,-1.1042072733433506
UBFC_PHYS_s01_T3_test,5,222,57.4,0.2707242965698242,-1.1169010511133557
UBFC_PHYS_s01_T3_test,5,223,57.43333333333333,0.3220691382884979,-1.065736294915031
UBFC_PHYS_s01_T3_test,5,224,57.46666666666667,0.35988104343414307,-0.9413319791894051
UBFC_PHYS_s01_T3_test,5,225,57.5,0.4252021312713623,-0.7438911471709942
UBFC_PHYS_s01_T3_test,5,226,57.53333333333333,0.5372655987739563,-0.4863673219999688
UBFC_PHYS_s01_T3_test,5,227,57.56666666666667,0.6631575226783752,-0.19186723392332541
UBFC_PHYS_s01_T3_test,5,228,57.6,0.7441650032997131,0.11329962048859993
UBFC_PHYS_s01_T3_test,5,229,57.63333333333333,0.7578245401382446,0.4055691854459016
UBFC_PHYS_s01_T3_test,5,230,57.666666666666664,0.7254173755645752,0.6667530840138988
UBFC_PHYS_s01_T3_test,5,231,57.7,0.6670843958854675,0.8845510855534366
UBFC_PHYS_s01_T3_test,5,232,57.733333333333334,0.6122560501098633,1.0518880769207548
UBFC_PHYS_s01_T3_test,5,233,57.766666666666666,0.5774632096290588,1.1654367539742896
UBFC_PHYS_s01_T3_test,5,234,57.8,0.4961390495300293,1.2240682528269635
UBFC_PHYS_s01_T3_test,5,235,57.833333333333336,0.31119635701179504,1.2281960565657197
UBFC_PHYS_s01_T3_test,5,236,57.86666666666667,0.07222756743431091,1.1797810571031857
UBFC_PHYS_s01_T3_test,5,237,57.9,-0.16610784828662872,1.081683461691455
UBFC_PHYS_s01_T3_test,5,238,57.93333333333333,-0.4105657935142517,0.9364760931321118
UBFC_PHYS_s01_T3_test,5,239,57.96666666666667,-0.6435387134552002,0.746257723534325
UBFC_PHYS_s01_T3_test,5,240,58.0,-0.8051102757453918,0.514005049330536
UBFC_PHYS_s01_T3_test,5,241,58.03333333333333,-0.831120491027832,0.2458289593109393
UBFC_PHYS_s01_T3_test,5,242,58.06666666666667,-0.676304817199707,-0.046928650974408986
UBFC_PHYS_s01_T3_test,5,243,58.1,-0.3763851821422577,-0.34702222366779134
UBFC_PHYS_s01_T3_test,5,244,58.13333333333333,-0.07950568199157715,-0.6324946284615673
UBFC_PHYS_s01_T3_test,5,245,58.166666666666664,0.10186906903982162,-0.8792541620155203
UBFC_PHYS_s01_T3_test,5,246,58.2,0.18331986665725708,-1.0645718686226573
UBFC_PHYS_s01_T3_test,5,247,58.233333333333334,0.21642376482486725,-1.1710890665562055
UBFC_PHYS_s01_T3_test,5,248,58.266666666666666,0.2187672257423401,-1.1903795390909973
UBFC_PHYS_s01_T3_test,5,249,58.3,0.2128347009420395,-1.1246900550701633
UBFC_PHYS_s01_T3_test,5,250,58.333333333333336,0.23033669590950012,-0.9862007353304441
UBFC_PHYS_s01_T3_test,5,251,58.36666666666667,0.2749256193637848,-0.7939981932849096
UBFC_PHYS_s01_T3_test,5,252,58.4,0.32076016068458557,-0.5698347280673505
UBFC_PHYS_s01_T3_test,5,253,58.43333333333333,0.33741769194602966,-0.33441933505270693
UBFC_PHYS_s01_T3_test,5,254,58.46666666666667,0.2962067127227783,-0.10515565676815182
UBFC_PHYS_s01_T3_test,5,255,58.5,0.19624051451683044,0.1047177320858838
UBFC_PHYS_s01_T3_test,5,256,58.53333333333333,0.08972956240177155,0.2857782379275204
UBFC_PHYS_s01_T3_test,5,257,58.56666666666667,0.005956426728516817,0.43111499457384095
UBFC_PHYS_s01_T3_test,5,258,58.6,-0.09428421407938004,0.5351275580294667
UBFC_PHYS_s01_T3_test,5,259,58.63333333333333,-0.22349075973033905,0.5940203343908244
UBFC_PHYS_s01_T3_test,5,260,58.666666666666664,-0.33103621006011963,0.6075781705839962
UBFC_PHYS_s01_T3_test,5,261,58.7,-0.4028598666191101,0.5799182299131983
UBFC_PHYS_s01_T3_test,5,262,58.733333333333334,-0.49668240547180176,0.5184881926829267
UBFC_PHYS_s01_T3_test,5,263,58.766666666666666,-0.636233925819397,0.43235636330687655
UBFC_PHYS_s01_T3_test,5,264,58.8,-0.7321465611457825,0.33090640334633914
UBFC_PHYS_s01_T3_test,5,265,58.833333333333336,-0.683081865310669,0.22382548919767448
UBFC_PHYS_s01_T3_test,5,266,58.86666666666667,-0.4853029251098633,0.12173176641234702
UBFC_PHYS_s01_T3_test,5,267,58.9,-0.19771279394626617,0.03544968752905541
UBFC_PHYS_s01_T3_test,5,268,58.93333333333333,0.11046172678470612,-0.026190633465335816
UBFC_PHYS_s01_T3_test,5,269,58.96666666666667,0.35802316665649414,-0.05821995311336684
UBFC_PHYS_s01_T3_test,5,270,59.0,0.48568853735923767,-0.060270127417134334
UBFC_PHYS_s01_T3_test,5,271,59.03333333333333,0.4803682565689087,-0.0365870277987514
UBFC_PHYS_s01_T3_test,5,272,59.06666666666667,0.38802358508110046,0.004546382058918146
UBFC_PHYS_s01_T3_test,5,273,59.1,0.3039126396179199,0.05214895297963653
UBFC_PHYS_s01_T3_test,5,274,59.13333333333333,0.3043348789215088,0.09485027153340811
UBFC_PHYS_s01_T3_test,5,275,59.166666666666664,0.3360031545162201,0.12428043866983568
UBFC_PHYS_s01_T3_test,5,276,59.2,0.30023911595344543,0.13795534773399104
UBFC_PHYS_s01_T3_test,5,277,59.233333333333334,0.2014552354812622,0.13873493840833184
UBFC_PHYS_s01_T3_test,5,278,59.266666666666666,0.11926550418138504,0.13095393898421565
UBFC_PHYS_s01_T3_test,5,279,59.3,0.0914185419678688,0.11634946128506585
UBFC_PHYS_s01_T3_test,5,280,59.333333333333336,0.06882850080728531,0.09235132386945931
UBFC_PHYS_s01_T3_test,5,281,59.36666666666667,-0.031982164829969406,0.05410497643005257
UBFC_PHYS_s01_T3_test,5,282,59.4,-0.23368795216083527,-0.0013221562729322134
UBFC_PHYS_s01_T3_test,5,283,59.43333333333333,-0.46944767236709595,-0.07260764379811187
UBFC_PHYS_s01_T3_test,5,284,59.46666666666667,-0.6747636795043945,-0.1549484591807223
UBFC_PHYS_s01_T3_test,5,285,59.5,-0.8431121706962585,-0.24206641389001754
UBFC_PHYS_s01_T3_test,5,286,59.53333333333333,-0.9912774562835693,-0.32767663713725104
UBFC_PHYS_s01_T3_test,5,287,59.56666666666667,-1.1512656211853027,-0.40524741102687445
UBFC_PHYS_s01_T3_test,5,288,59.6,-1.3158562183380127,-0.4666953956752637
UBFC_PHYS_s01_T3_test,5,289,59.63333333333333,-1.3526546955108643,-0.5022818192735886
UBFC_PHYS_s01_T3_test,5,290,59.666666666666664,-1.1250653266906738,-0.502681673490681
UBFC_PHYS_s01_T3_test,5,291,59.7,-0.715995728969574,-0.4625952338363535
UBFC_PHYS_s01_T3_test,5,292,59.733333333333334,-0.33618760108947754,-0.3842446521394889
UBFC_PHYS_s01_T3_test,5,293,59.766666666666666,-0.05678897723555565,-0.27843793973929115
UBFC_PHYS_s01_T3_test,5,294,59.8,0.15697185695171356,-0.16243277819099025
UBFC_PHYS_s01_T3_test,5,295,59.833333333333336,0.285122811794281,-0.05557656532433576
UBFC_PHYS_s01_T3_test,5,296,59.86666666666667,0.3311895728111267,0.025892246800933418
UBFC_PHYS_s01_T3_test,5,297,59.9,0.37035268545150757,0.07333143371579096
UBFC_PHYS_s01_T3_test,5,298,59.93333333333333,0.431366890668869,0.08810935613220164
UBFC_PHYS_s01_T3_test,5,299,59.96666666666667,0.4791226387023926,0.08099907542452943
UBFC_PHYS_s01_T3_test,6,0,60.0,0.5107064843177795,0.1308452210241153
UBFC_PHYS_s01_T3_test,6,1,60.03333333333333,0.5331698060035706,-0.025169220218374314
UBFC_PHYS_s01_T3_test,6,2,60.06666666666667,0.49833473563194275,-0.17175911019148782
UBFC_PHYS_s01_T3_test,6,3,60.1,0.368895947933197,-0.2971742308254463
UBFC_PHYS_s01_T3_test,6,4,60.13333333333333,0.1955438256263733,-0.3920618395342809
UBFC_PHYS_s01_T3_test,6,5,60.166666666666664,0.059116899967193604,-0.4508048740229109
UBFC_PHYS_s01_T3_test,6,6,60.2,-0.038484714925289154,-0.4711866324484683
UBFC_PHYS_s01_T3_test,6,7,60.233333333333334,-0.15143488347530365,-0.45457505936250603
UBFC_PHYS_s01_T3_test,6,8,60.266666666666666,-0.28275266289711,-0.40681777478072567
UBFC_PHYS_s01_T3_test,6,9,60.3,-0.39196598529815674,-0.33796335161756313
UBFC_PHYS_s01_T3_test,6,10,60.333333333333336,-0.5064784288406372,-0.2603159418905987
UBFC_PHYS_s01_T3_test,6,11,60.36666666666667,-0.6956858038902283,-0.1858935333617403
UBFC_PHYS_s01_T3_test,6,12,60.4,-0.9371669292449951,-0.12450734755121655
UBFC_PHYS_s01_T3_test,6,13,60.43333333333333,-1.0931015014648438,-0.0835411711277004
UBFC_PHYS_s01_T3_test,6,14,60.46666666666667,-1.0326151847839355,-0.06893435767291368
UBFC_PHYS_s01_T3_test,6,15,60.5,-0.7544410228729248,-0.08546020225355314
UBFC_PHYS_s01_T3_test,6,16,60.53333333333333,-0.36825698614120483,-0.13568937417826013
UBFC_PHYS_s01_T3_test,6,17,60.56666666666667,0.008342103101313114,-0.21850515907139673
UBFC_PHYS_s01_T3_test,6,18,60.6,0.31296977400779724,-0.3277970241438316
UBFC_PHYS_s01_T3_test,6,19,60.63333333333333,0.49755358695983887,-0.4515882580154802
UBFC_PHYS_s01_T3_test,6,20,60.666666666666664,0.5279129147529602,-0.5720483830540096
UBFC_PHYS_s01_T3_test,6,21,60.7,0.44584983587265015,-0.6669450213141518
UBFC_PHYS_s01_T3_test,6,22,60.733333333333334,0.36420902609825134,-0.7127343720777725
UBFC_PHYS_s01_T3_test,6,23,60.766666666666666,0.3419567942619324,-0.6890139719295977
UBFC_PHYS_s01_T3_test,6,24,60.8,0.3219635784626007,-0.5833692028001808
UBFC_PHYS_s01_T3_test,6,25,60.833333333333336,0.26422175765037537,-0.39506414484619207
UBFC_PHYS_s01_T3_test,6,26,60.86666666666667,0.20595212280750275,-0.1363287659424732
UBFC_PHYS_s01_T3_test,6,27,60.9,0.176099494099617,0.16947197450684282
UBFC_PHYS_s01_T3_test,6,28,60.93333333333333,0.17001919448375702,0.4919204724681575
UBFC_PHYS_s01_T3_test,6,29,60.96666666666667,0.182792067527771,0.7976361709041949
UBFC_PHYS_s01_T3_test,6,30,61.0,0.1914902776479721,1.0537851604641202
UBFC_PHYS_s01_T3_test,6,31,61.03333333333333,0.14723914861679077,1.232088252626878
UBFC_PHYS_s01_T3_test,6,32,61.06666666666667,0.039567019790410995,1.3130845903042934
UBFC_PHYS_s01_T3_test,6,33,61.1,-0.09175074845552444,1.2889890638956087
UBFC_PHYS_s01_T3_test,6,34,61.13333333333333,-0.20581987500190735,1.1644875519403142
UBFC_PHYS_s01_T3_test,6,35,61.166666666666664,-0.30612385272979736,0.9559072421480872
UBFC_PHYS_s01_T3_test,6,36,61.2,-0.42249420285224915,0.6887927868913397
UBFC_PHYS_s01_T3_test,6,37,61.233333333333334,-0.5769509077072144,0.3935422493783012
UBFC_PHYS_s01_T3_test,6,38,61.266666666666666,-0.7381424307823181,0.09995690874411364
UBFC_PHYS_s01_T3_test,6,39,61.3,-0.7942163944244385,-0.16731789271598163
UBFC_PHYS_s01_T3_test,6,40,61.333333333333336,-0.6699922680854797,-0.3912343859084324
UBFC_PHYS_s01_T3_test,6,41,61.36666666666667,-0.42150190472602844,-0.5623880486373513
UBFC_PHYS_s01_T3_test,6,42,61.4,-0.14995703101158142,-0.677195586352164
UBFC_PHYS_s01_T3_test,6,43,61.43333333333333,0.06439494341611862,-0.735384105057232
UBFC_PHYS_s01_T3_test,6,44,61.46666666666667,0.1624610275030136,-0.7381451431714149
UBFC_PHYS_s01_T3_test,6,45,61.5,0.15823858976364136,-0.6881726134215982
UBFC_PHYS_s01_T3_test,6,46,61.53333333333333,0.13769644498825073,-0.5911898171040324
UBFC_PHYS_s01_T3_test,6,47,61.56666666666667,0.15059597790241241,-0.4570831857828401
UBFC_PHYS_s01_T3_test,6,48,61.6,0.20054741203784943,-0.2996036335410741
UBFC_PHYS_s01_T3_test,6,49,61.63333333333333,0.2834760546684265,-0.13471407613851807
UBFC_PHYS_s01_T3_test,6,50,61.666666666666664,0.356059730052948,0.021821449431653563
UBFC_PHYS_s01_T3_test,6,51,61.7,0.3673125207424164,0.15662288150687179
UBFC_PHYS_s01_T3_test,6,52,61.733333333333334,0.3251726031303406,0.2602137158694405
UBFC_PHYS_s01_T3_test,6,53,61.766666666666666,0.2694786787033081,0.32802634062929614
UBFC_PHYS_s01_T3_test,6,54,61.8,0.20593100786209106,0.3606031190003644
UBFC_PHYS_s01_T3_test,6,55,61.833333333333336,0.11305852234363556,0.362315393799541
UBFC_PHYS_s01_T3_test,6,56,61.86666666666667,-0.012706741690635681,0.3390477659976807
UBFC_PHYS_s01_T3_test,6,57,61.9,-0.1431800276041031,0.296340481488504
UBFC_PHYS_s01_T3_test,6,58,61.93333333333333,-0.2380581647157669,0.2384991728652509
UBFC_PHYS_s01_T3_test,6,59,61.96666666666667,-0.2934354245662689,0.16812240504793405
UBFC_PHYS_s01_T3_test,6,60,62.0,-0.37188827991485596,0.0858621585114756
UBFC_PHYS_s01_T3_test,6,61,62.03333333333333,-0.519356906414032,-0.009319652550106527
UBFC_PHYS_s01_T3_test,6,62,62.06666666666667,-0.6126515865325928,-0.11910104560628024
UBFC_PHYS_s01_T3_test,6,63,62.1,-0.4702499508857727,-0.24373869901364392
UBFC_PHYS_s01_T3_test,6,64,62.13333333333333,-0.10338356345891953,-0.37974497154808967
UBFC_PHYS_s01_T3_test,6,65,62.166666666666664,0.29969021677970886,-0.5188801347883114
UBFC_PHYS_s01_T3_test,6,66,62.2,0.5951340794563293,-0.6488262633847235
UBFC_PHYS_s01_T3_test,6,67,62.233333333333334,0.753412127494812,-0.7546366274402204
UBFC_PHYS_s01_T3_test,6,68,62.266666666666666,0.780836820602417,-0.8204854026238844
UBFC_PHYS_s01_T3_test,6,69,62.3,0.7114832997322083,-0.831769464099316
UBFC_PHYS_s01_T3_test,6,70,62.333333333333336,0.6398074626922607,-0.7775692897255573
UBFC_PHYS_s01_T3_test,6,71,62.36666666666667,0.6607507467269897,-0.653334002846959
UBFC_PHYS_s01_T3_test,6,72,62.4,0.7512586712837219,-0.4630631760955199
UBFC_PHYS_s01_T3_test,6,73,62.43333333333333,0.8040391206741333,-0.21977616332387848
UBFC_PHYS_s01_T3_test,6,74,62.46666666666667,0.7809634804725647,0.056040161719191565
UBFC_PHYS_s01_T3_test,6,75,62.5,0.7222505211830139,0.33934060409265876
UBFC_PHYS_s01_T3_test,6,76,62.53333333333333,0.645359992980957,0.604016968001219
UBFC_PHYS_s01_T3_test,6,77,62.56666666666667,0.552614152431488,0.8262251865381776
UBFC_PHYS_s01_T3_test,6,78,62.6,0.3799164891242981,0.9872810252180634
UBFC_PHYS_s01_T3_test,6,79,62.63333333333333,0.04714629426598549,1.076288377047755
UBFC_PHYS_s01_T3_test,6,80,62.666666666666664,-0.22093619406223297,1.091801481749644
UBFC_PHYS_s01_T3_test,6,81,62.7,0.007117596920579672,1.0410715928841108
UBFC_PHYS_s01_T3_test,6,82,62.733333333333334,0.7700273990631104,0.9369610740217185
UBFC_PHYS_s01_T3_test,6,83,62.766666666666666,1.6259363889694214,0.7941563238765147
UBFC_PHYS_s01_T3_test,6,84,62.8,2.1599268913269043,0.6262004875890179
UBFC_PHYS_s01_T3_test,6,85,62.833333333333336,2.2810685634613037,0.4444398215281273
UBFC_PHYS_s01_T3_test,6,86,62.86666666666667,2.1754865646362305,0.2584557791557983
UBFC_PHYS_s01_T3_test,6,87,62.9,2.158026695251465,0.07621745878229311
UBFC_PHYS_s01_T3_test,6,88,62.93333333333333,2.3013994693756104,-0.0965246846974413
UBFC_PHYS_s01_T3_test,6,89,62.96666666666667,2.3455662727355957,-0.25665629254572386
UBFC_PHYS_s01_T3_test,6,90,63.0,2.138139009475708,-0.40328317915583606
UBFC_PHYS_s01_T3_test,6,91,63.03333333333333,1.8644828796386719,-0.536338862575778
UBFC_PHYS_s01_T3_test,6,92,63.06666666666667,1.669364094734192,-0.6547715544108025
UBFC_PHYS_s01_T3_test,6,93,63.1,1.4033716917037964,-0.7554548115065334
UBFC_PHYS_s01_T3_test,6,94,63.13333333333333,0.8566718101501465,-0.8331687277808134
UBFC_PHYS_s01_T3_test,6,95,63.166666666666664,0.018370389938354492,-0.8811447364833674
UBFC_PHYS_s01_T3_test,6,96,63.2,-0.9118956923484802,-0.8919269024868534
UBFC_PHYS_s01_T3_test,6,97,63.233333333333334,-1.737149715423584,-0.8586208047689677
UBFC_PHYS_s01_T3_test,6,98,63.266666666666666,-2.4187355041503906,-0.7763776499955404
UBFC_PHYS_s01_T3_test,6,99,63.3,-2.9382216930389404,-0.6437294561985628
UBFC_PHYS_s01_T3_test,6,100,63.333333333333336,-3.207359790802002,-0.46366389153481674
UBFC_PHYS_s01_T3_test,6,101,63.36666666666667,-3.2126591205596924,-0.24457060850782428
UBFC_PHYS_s01_T3_test,6,102,63.4,-3.058877944946289,-0.0008276859370311262
UBFC_PHYS_s01_T3_test,6,103,63.43333333333333,-2.8443357944488525,0.24754499329744534
UBFC_PHYS_s01_T3_test,6,104,63.46666666666667,-2.6152899265289307,0.47678194940923435
UBFC_PHYS_s01_T3_test,6,105,63.5,-2.404674768447876,0.6632699518796736
UBFC_PHYS_s01_T3_test,6,106,63.53333333333333,-2.2571215629577637,0.7883785664059852
UBFC_PHYS_s01_T3_test,6,107,63.56666666666667,-2.1801254749298096,0.8418054130232193
UBFC_PHYS_s01_T3_test,6,108,63.6,-2.1186468601226807,0.8224944794299539
UBFC_PHYS_s01_T3_test,6,109,63.63333333333333,-1.974218487739563,0.7378152311181367
UBFC_PHYS_s01_T3_test,6,110,63.666666666666664,-1.6429471969604492,0.6016646226597834
UBFC_PHYS_s01_T3_test,6,111,63.7,-1.1021586656570435,0.431952652202149
UBFC_PHYS_s01_T3_test,6,112,63.733333333333334,-0.4852606952190399,0.24797989453251226
UBFC_PHYS_s01_T3_test,6,113,63.766666666666666,0.028377564623951912,0.06821352724307485
UBFC_PHYS_s01_T3_test,6,114,63.8,0.3951806128025055,-0.09129729321241174
UBFC_PHYS_s01_T3_test,6,115,63.833333333333336,0.6599695682525635,-0.2178759560685757
UBFC_PHYS_s01_T3_test,6,116,63.86666666666667,0.823399007320404,-0.3027272649118708
UBFC_PHYS_s01_T3_test,6,117,63.9,0.8756516575813293,-0.3412684210161786
UBFC_PHYS_s01_T3_test,6,118,63.93333333333333,0.8585085272789001,-0.33350250866786807
UBFC_PHYS_s01_T3_test,6,119,63.96666666666667,0.8249824047088623,-0.28452681368768873
UBFC_PHYS_s01_T3_test,6,120,64.0,0.8055380582809448,-0.20470698000537063
UBFC_PHYS_s01_T3_test,6,121,64.03333333333333,0.8038913607597351,-0.10861372249777806
UBFC_PHYS_s01_T3_test,6,122,64.06666666666666,0.7829691767692566,-0.012484717137527029
UBFC_PHYS_s01_T3_test,6,123,64.1,0.7112299799919128,0.06923675454384982
UBFC_PHYS_s01_T3_test,6,124,64.13333333333334,0.6060068607330322,0.12688588528726152
UBFC_PHYS_s01_T3_test,6,125,64.16666666666667,0.4819939136505127,0.15613439794125913
UBFC_PHYS_s01_T3_test,6,126,64.2,0.3331108093261719,0.15635713013621336
UBFC_PHYS_s01_T3_test,6,127,64.23333333333333,0.18359433114528656,0.12912999654781576
UBFC_PHYS_s01_T3_test,6,128,64.26666666666667,0.06547166407108307,0.07804252916678106
UBFC_PHYS_s01_T3_test,6,129,64.3,-0.03367113694548607,0.009556677665402573
UBFC_PHYS_s01_T3_test,6,130,64.33333333333333,-0.1448267698287964,-0.06621673379412416
UBFC_PHYS_s01_T3_test,6,131,64.36666666666666,-0.2993890643119812,-0.13648778126346306
UBFC_PHYS_s01_T3_test,6,132,64.4,-0.4846273362636566,-0.18848288901016716
UBFC_PHYS_s01_T3_test,6,133,64.43333333333334,-0.5822078585624695,-0.21212956409769898
UBFC_PHYS_s01_T3_test,6,134,64.46666666666667,-0.4503411650657654,-0.2019167997661613
UBFC_PHYS_s01_T3_test,6,135,64.5,-0.09764105081558228,-0.15818158037800423
UBFC_PHYS_s01_T3_test,6,136,64.53333333333333,0.32230135798454285,-0.08769381170547902
UBFC_PHYS_s01_T3_test,6,137,64.56666666666666,0.6823062896728516,-0.0030116721728073647
UBFC_PHYS_s01_T3_test,6,138,64.6,0.9278409481048584,0.07958637001974332
UBFC_PHYS_s01_T3_test,6,139,64.63333333333334,1.0186655521392822,0.14336129658019792
UBFC_PHYS_s01_T3_test,6,140,64.66666666666667,0.9620848894119263,0.1747827367191933
UBFC_PHYS_s01_T3_test,6,141,64.7,0.8485435843467712,0.1663781160215929
UBFC_PHYS_s01_T3_test,6,142,64.73333333333333,0.7761077284812927,0.11798713740238842
UBFC_PHYS_s01_T3_test,6,143,64.76666666666667,0.7603580355644226,0.03622208691003814
UBFC_PHYS_s01_T3_test,6,144,64.8,0.7423282265663147,-0.06740791587151657
UBFC_PHYS_s01_T3_test,6,145,64.83333333333333,0.6753814816474915,-0.17871549672990358
UBFC_PHYS_s01_T3_test,6,146,64.86666666666666,0.5635080337524414,-0.2830321101085082
UBFC_PHYS_s01_T3_test,6,147,64.9,0.42931899428367615,-0.36766143139494095
UBFC_PHYS_s01_T3_test,6,148,64.93333333333334,0.2745667099952698,-0.4240926072525603
UBFC_PHYS_s01_T3_test,6,149,64.96666666666667,0.10246021300554276,-0.4487524506334029
UBFC_PHYS_s01_T3_test,6,150,65.0,-0.03272109106183052,-0.44208119962256087
UBFC_PHYS_s01_T3_test,6,151,65.03333333333333,-0.08248250186443329,-0.40676539459072114
UBFC_PHYS_s01_T3_test,6,152,65.06666666666666,-0.09303859621286392,-0.34604334834535966
UBFC_PHYS_s01_T3_test,6,153,65.1,-0.12506577372550964,-0.26287327566685764
UBFC_PHYS_s01_T3_test,6,154,65.13333333333334,-0.18931014835834503,-0.1600901289565764
UBFC_PHYS_s01_T3_test,6,155,65.16666666666667,-0.2971511781215668,-0.04101443438766486
UBFC_PHYS_s01_T3_test,6,156,65.2,-0.45454248785972595,0.08983136764383184
UBFC_PHYS_s01_T3_test,6,157,65.23333333333333,-0.5624046325683594,0.22597331296914297
UBFC_PHYS_s01_T3_test,6,158,65.26666666666667,-0.45984163880348206,0.3586925147488572
UBFC_PHYS_s01_T3_test,6,159,65.3,-0.13640300929546356,0.47797597160397626
UBFC_PHYS_s01_T3_test,6,160,65.33333333333333,0.23677590489387512,0.5744958483071514
UBFC_PHYS_s01_T3_test,6,161,65.36666666666666,0.5189402103424072,0.6414274906681743
UBFC_PHYS_s01_T3_test,6,162,65.4,0.6945091485977173,0.6753146039125439
UBFC_PHYS_s01_T3_test,6,163,65.43333333333334,0.7824835777282715,0.6757637386454396
UBFC_PHYS_s01_T3_test,6,164,65.46666666666667,0.777501106262207,0.6444152805036395
UBFC_PHYS_s01_T3_test,6,165,65.5,0.690582275390625,0.5841743052212112
UBFC_PHYS_s01_T3_test,6,166,65.53333333333333,0.5862880945205688,0.4989528731910538
UBFC_PHYS_s01_T3_test,6,167,65.56666666666666,0.5256960988044739,0.3934003905764518
UBFC_PHYS_s01_T3_test,6,168,65.6,0.48594188690185547,0.27248726923337824
UBFC_PHYS_s01_T3_test,6,169,65.63333333333334,0.41065582633018494,0.1412515769428405
UBFC_PHYS_s01_T3_test,6,170,65.66666666666667,0.28860631585121155,0.00488585211018782
UBFC_PHYS_s01_T3_test,6,171,65.7,0.12745703756809235,-0.13084255357155958
UBFC_PHYS_s01_T3_test,6,172,65.73333333333333,-0.05976579338312149,-0.25933235010690636
UBFC_PHYS_s01_T3_test,6,173,65.76666666666667,-0.21973279118537903,-0.3738960091529238
UBFC_PHYS_s01_T3_test,6,174,65.8,-0.3247658908367157,-0.46924229643579507
UBFC_PHYS_s01_T3_test,6,175,65.83333333333333,-0.4243520498275757,-0.5423602560645125
UBFC_PHYS_s01_T3_test,6,176,65.86666666666666,-0.5446704030036926,-0.5921958315939027
UBFC_PHYS_s01_T3_test,6,177,65.9,-0.6484789848327637,-0.6183973203476775
UBFC_PHYS_s01_T3_test,6,178,65.93333333333334,-0.7272274494171143,-0.6200060675063419
UBFC_PHYS_s01_T3_test,6,179,65.96666666666667,-0.8359129428863525,-0.5953454330903869
UBFC_PHYS_s01_T3_test,6,180,66.0,-1.0024036169052124,-0.5432042020459159
UBFC_PHYS_s01_T3_test,6,181,66.03333333333333,-1.115058183670044,-0.4642286721595619
UBFC_PHYS_s01_T3_test,6,182,66.06666666666666,-0.9961543679237366,-0.36165719848798167
UBFC_PHYS_s01_T3_test,6,183,66.1,-0.6140239238739014,-0.24096527193254827
UBFC_PHYS_s01_T3_test,6,184,66.13333333333334,-0.11484747380018234,-0.10880860000902341
UBFC_PHYS_s01_T3_test,6,185,66.16666666666667,0.33441975712776184,0.027642901081841156
UBFC_PHYS_s01_T3_test,6,186,66.2,0.642066478729248,0.16072393899565834
UBFC_PHYS_s01_T3_test,6,187,66.23333333333333,0.7896828651428223,0.2822824592083759
UBFC_PHYS_s01_T3_test,6,188,66.26666666666667,0.812188446521759,0.3843122647394508
UBFC_PHYS_s01_T3_test,6,189,66.3,0.7704496383666992,0.46063623042158974
UBFC_PHYS_s01_T3_test,6,190,66.33333333333333,0.7162335515022278,0.5088333865079185
UBFC_PHYS_s01_T3_test,6,191,66.36666666666666,0.6792661547660828,0.5305554965572964
UBFC_PHYS_s01_T3_test,6,192,66.4,0.6585972905158997,0.5299673379425492
UBFC_PHYS_s01_T3_test,6,193,66.43333333333334,0.6443676948547363,0.5117066929199646
UBFC_PHYS_s01_T3_test,6,194,66.46666666666667,0.620257556438446,0.4795243553708447
UBFC_PHYS_s01_T3_test,6,195,66.5,0.535724401473999,0.43624636591877053
UBFC_PHYS_s01_T3_test,6,196,66.53333333333333,0.3723161220550537,0.38452923425361385
UBFC_PHYS_s01_T3_test,6,197,66.56666666666666,0.19860509037971497,0.32688177802839236
UBFC_PHYS_s01_T3_test,6,198,66.6,0.05607674643397331,0.26468510256909694
UBFC_PHYS_s01_T3_test,6,199,66.63333333333334,-0.08676827698945999,0.19728600724001502
UBFC_PHYS_s01_T3_test,6,200,66.66666666666667,-0.25313225388526917,0.12188427481198277
UBFC_PHYS_s01_T3_test,6,201,66.7,-0.412106990814209,0.034388635148375535
UBFC_PHYS_s01_T3_test,6,202,66.73333333333333,-0.5177523493766785,-0.06915889249804025
UBFC_PHYS_s01_T3_test,6,203,66.76666666666667,-0.585184633731842,-0.1914714750441269
UBFC_PHYS_s01_T3_test,6,204,66.8,-0.7156157493591309,-0.33336609052141425
UBFC_PHYS_s01_T3_test,6,205,66.83333333333333,-0.929672122001648,-0.4929891874869593
UBFC_PHYS_s01_T3_test,6,206,66.86666666666666,-1.046844720840454,-0.6646713639749297
UBFC_PHYS_s01_T3_test,6,207,66.9,-0.8621131777763367,-0.8376210882776616
UBFC_PHYS_s01_T3_test,6,208,66.93333333333334,-0.40837013721466064,-0.995070676400437
UBFC_PHYS_s01_T3_test,6,209,66.96666666666667,0.08972956240177155,-1.114766161426436
UBFC_PHYS_s01_T3_test,6,210,67.0,0.46542084217071533,-1.1713740588518473
UBFC_PHYS_s01_T3_test,6,211,67.03333333333333,0.6854942440986633,-1.14086532760997
UBFC_PHYS_s01_T3_test,6,212,67.06666666666666,0.7688873410224915,-1.0061943965396583
UBFC_PHYS_s01_T3_test,6,213,67.1,0.7466984391212463,-0.7628697932103369
UBFC_PHYS_s01_T3_test,6,214,67.13333333333334,0.6777037978172302,-0.42284284761912805
UBFC_PHYS_s01_T3_test,6,215,67.16666666666667,0.614156186580658,-0.015211996761801507
UBFC_PHYS_s01_T3_test,6,216,67.2,0.5869636535644531,0.41703899938072403
UBFC_PHYS_s01_T3_test,6,217,67.23333333333333,0.6060068607330322,0.8241221540610457
UBFC_PHYS_s01_T3_test,6,218,67.26666666666667,0.6384984850883484,1.1587337630369055
UBFC_PHYS_s01_T3_test,6,219,67.3,0.6201519966125488,1.3846752326602463
UBFC_PHYS_s01_T3_test,6,220,67.33333333333333,0.5161956548690796,1.4825619397277603
UBFC_PHYS_s01_T3_test,6,221,67.36666666666666,0.3504016697406769,1.4513410021145834
UBFC_PHYS_s01_T3_test,6,222,67.4,0.17894963920116425,1.305746005073753
UBFC_PHYS_s01_T3_test,6,223,67.43333333333334,0.025442970916628838,1.0711228820058076
UBFC_PHYS_s01_T3_test,6,224,67.46666666666667,-0.129161536693573,0.7775688284774793
UBFC_PHYS_s01_T3_test,6,225,67.5,-0.3044348657131195,0.4554520280378136
UBFC_PHYS_s01_T3_test,6,226,67.53333333333333,-0.49604904651641846,0.13284539932578926
UBFC_PHYS_s01_T3_test,6,227,67.56666666666666,-0.6744469404220581,-0.16609716503484834
UBFC_PHYS_s01_T3_test,6,228,67.6,-0.823287844657898,-0.4223110117041618
UBFC_PHYS_s01_T3_test,6,229,67.63333333333334,-0.980151355266571,-0.622328982835916
UBFC_PHYS_s01_T3_test,6,230,67.66666666666667,-1.167923092842102,-0.7581212340442248
UBFC_PHYS_s01_T3_test,6,231,67.7,-1.284567952156067,-0.8264629253640002
UBFC_PHYS_s01_T3_test,6,232,67.73333333333333,-1.1533557176589966,-0.8282065853143378
UBFC_PHYS_s01_T3_test,6,233,67.76666666666667,-0.7104432582855225,-0.7679350870720373
UBFC_PHYS_s01_T3_test,6,234,67.8,-0.11632533371448517,-0.6540874106538126
UBFC_PHYS_s01_T3_test,6,235,67.83333333333333,0.3846667408943176,-0.49924994593873395
UBFC_PHYS_s01_T3_test,6,236,67.86666666666666,0.6739669442176819,-0.3196822420718037
UBFC_PHYS_s01_T3_test,6,237,67.9,0.7803301215171814,-0.1328047358614548
UBFC_PHYS_s01_T3_test,6,238,67.93333333333334,0.767916202545166,0.0465717391625347
UBFC_PHYS_s01_T3_test,6,239,67.96666666666667,0.6852197647094727,0.20858661762265343
UBFC_PHYS_s01_T3_test,6,240,68.0,0.5930439829826355,0.3478710554019684
UBFC_PHYS_s01_T3_test,6,241,68.03333333333333,0.5298129916191101,0.46058912302449123
UBFC_PHYS_s01_T3_test,6,242,68.06666666666666,0.4713744819164276,0.5412733651988324
UBFC_PHYS_s01_T3_test,6,243,68.1,0.39727070927619934,0.583147408517537
UBFC_PHYS_s01_T3_test,6,244,68.13333333333334,0.31459540128707886,0.5818268687865276
UBFC_PHYS_s01_T3_test,6,245,68.16666666666667,0.21999172866344452,0.5385130908220881
UBFC_PHYS_s01_T3_test,6,246,68.2,0.11706984043121338,0.46045043175947814
UBFC_PHYS_s01_T3_test,6,247,68.23333333333333,0.0326211117208004,0.35864785955164974
UBFC_PHYS_s01_T3_test,6,248,68.26666666666667,-0.03185549005866051,0.244266992297015
UBFC_PHYS_s01_T3_test,6,249,68.3,-0.11765539646148682,0.12612590937511103
UBFC_PHYS_s01_T3_test,6,250,68.33333333333333,-0.23772037029266357,0.009969698124756886
UBFC_PHYS_s01_T3_test,6,251,68.36666666666666,-0.355674147605896,-0.10173190035874172
UBFC_PHYS_s01_T3_test,6,252,68.4,-0.46100279688835144,-0.20988212747145701
UBFC_PHYS_s01_T3_test,6,253,68.43333333333334,-0.6025599837303162,-0.3182072143089717
UBFC_PHYS_s01_T3_test,6,254,68.46666666666667,-0.7854759097099304,-0.4314954579934608
UBFC_PHYS_s01_T3_test,6,255,68.5,-0.8852310180664062,-0.5522585385398144
UBFC_PHYS_s01_T3_test,6,256,68.53333333333333,-0.7269740700721741,-0.6769732013398229
UBFC_PHYS_s01_T3_test,6,257,68.56666666666666,-0.3002968728542328,-0.7943769043836757
UBFC_PHYS_s01_T3_test,6,258,68.6,0.23468580842018127,-0.8867963914690286
UBFC_PHYS_s01_T3_test,6,259,68.63333333333334,0.6892099380493164,-0.9337653398943101
UBFC_PHYS_s01_T3_test,6,260,68.66666666666667,0.9766523241996765,-0.9168908254634891
UBFC_PHYS_s01_T3_test,6,261,68.7,1.0963162183761597,-0.8248032599418669
UBFC_PHYS_s01_T3_test,6,262,68.73333333333333,1.0882090330123901,-0.6567706146008924
UBFC_PHYS_s01_T3_test,6,263,68.76666666666667,1.0405166149139404,-0.42352914459296354
UBFC_PHYS_s01_T3_test,6,264,68.8,1.0412766933441162,-0.14538922480627306
UBFC_PHYS_s01_T3_test,6,265,68.83333333333333,1.0842188596725464,0.15088230114246828
UBFC_PHYS_s01_T3_test,6,266,68.86666666666666,1.0995041131973267,0.435629246171565
UBFC_PHYS_s01_T3_test,6,267,68.9,1.064774513244629,0.6803874179344834
UBFC_PHYS_s01_T3_test,6,268,68.93333333333334,1.0251680612564087,0.8621973789971906
UBFC_PHYS_s01_T3_test,6,269,68.96666666666667,0.9858149886131287,0.967423443844726
UBFC_PHYS_s01_T3_test,6,270,69.0,0.850823700428009,0.9940615811521568
UBFC_PHYS_s01_T3_test,6,271,69.03333333333333,0.5650069713592529,0.9513842291979518
UBFC_PHYS_s01_T3_test,6,272,69.06666666666666,0.260168194770813,0.8567372472915143
UBFC_PHYS_s01_T3_test,6,273,69.1,0.051579851657152176,0.7303550123890284
UBFC_PHYS_s01_T3_test,6,274,69.13333333333334,-0.12945710122585297,0.5898880574738122
UBFC_PHYS_s01_T3_test,6,275,69.16666666666667,-0.4089401662349701,0.446863564081744
UBFC_PHYS_s01_T3_test,6,276,69.2,-0.7927596569061279,0.3060325306478533
UBFC_PHYS_s01_T3_test,6,277,69.23333333333333,-1.1338480710983276,0.16714477229987068
UBFC_PHYS_s01_T3_test,6,278,69.26666666666667,-1.213060975074768,0.028110668906704814
UBFC_PHYS_s01_T3_test,6,279,69.3,-0.9577513337135315,-0.11183034798054228
UBFC_PHYS_s01_T3_test,6,280,69.33333333333333,-0.5698149800300598,-0.2499811202800693
UBFC_PHYS_s01_T3_test,6,281,69.36666666666666,-0.28936076164245605,-0.3796338774161938
UBFC_PHYS_s01_T3_test,6,282,69.4,-0.16249766945838928,-0.491023137595252
UBFC_PHYS_s01_T3_test,6,283,69.43333333333334,-0.1275358945131302,-0.5731647836752551
UBFC_PHYS_s01_T3_test,6,284,69.46666666666667,-0.17448939383029938,-0.6159619589657374
UBFC_PHYS_s01_T3_test,6,285,69.5,-0.2946177124977112,-0.6120750144468671
UBFC_PHYS_s01_T3_test,6,286,69.53333333333333,-0.40127643942832947,-0.558433461431539
UBFC_PHYS_s01_T3_test,6,287,69.56666666666666,-0.424225389957428,-0.45759721997740055
UBFC_PHYS_s01_T3_test,6,288,69.6,-0.37315502762794495,-0.31876478253520535
UBFC_PHYS_s01_T3_test,6,289,69.63333333333334,-0.29628556966781616,-0.1578107003366654
UBFC_PHYS_s01_T3_test,6,290,69.66666666666667,-0.23244233429431915,0.004521116142541584
UBFC_PHYS_s01_T3_test,6,291,69.7,-0.20315973460674286,0.14711943712923037
UBFC_PHYS_s01_T3_test,6,292,69.73333333333333,-0.22340631484985352,0.2542544712245865
UBFC_PHYS_s01_T3_test,6,293,69.76666666666667,-0.3134075403213501,0.31908693394775606
UBFC_PHYS_s01_T3_test,6,294,69.8,-0.4568859338760376,0.34357718214438215
UBFC_PHYS_s01_T3_test,6,295,69.83333333333333,-0.5910327434539795,0.33584121716794174
UBFC_PHYS_s01_T3_test,6,296,69.86666666666666,-0.692624568939209,0.30637270958956503
UBFC_PHYS_s01_T3_test,6,297,69.9,-0.8032101392745972,0.26459133638459853
UBFC_PHYS_s01_T3_test,6,298,69.93333333333334,-0.9487997889518738,0.21669163253064433
UBFC_PHYS_s01_T3_test,6,299,69.96666666666667,-1.0606099367141724,0.16513272772570556
UBFC_PHYS_s01_T3_test,7,0,70.0,-1.002086877822876,0.019718817144212863
UBFC_PHYS_s01_T3_test,7,1,70.03333333333333,-0.6790071725845337,-0.2839085742148987
UBFC_PHYS_s01_T3_test,7,2,70.06666666666666,-0.1670156717300415,-0.5755285831518778
UBFC_PHYS_s01_T3_test,7,3,70.1,0.3607255220413208,-0.8426601259825792
UBFC_PHYS_s01_T3_test,7,4,70.13333333333334,0.7404914498329163,-1.0777519834630793
UBFC_PHYS_s01_T3_test,7,5,70.16666666666667,0.9047653675079346,-1.2787154793105697
UBFC_PHYS_s01_T3_test,7,6,70.2,0.9014929533004761,-1.4449280777622124
UBFC_PHYS_s01_T3_test,7,7,70.23333333333333,0.8343561887741089,-1.573909923399439
UBFC_PHYS_s01_T3_test,7,8,70.26666666666667,0.7829058170318604,-1.660461224059803
UBFC_PHYS_s01_T3_test,7,9,70.3,0.7659527659416199,-1.6962179479682313
UBFC_PHYS_s01_T3_test,7,10,70.33333333333333,0.7551855444908142,-1.6692873826987207
UBFC_PHYS_s01_T3_test,7,11,70.36666666666666,0.7174369692802429,-1.5654763394050568
UBFC_PHYS_s01_T3_test,7,12,70.4,0.6465633511543274,-1.3721269907787363
UBFC_PHYS_s01_T3_test,7,13,70.43333333333334,0.5425225496292114,-1.084684700254666
UBFC_PHYS_s01_T3_test,7,14,70.46666666666667,0.38827693462371826,-0.7129336713198094
UBFC_PHYS_s01_T3_test,7,15,70.5,0.1816731095314026,-0.28132881694296297
UBFC_PHYS_s01_T3_test,7,16,70.53333333333333,-0.028477542102336884,0.1768730613153102
UBFC_PHYS_s01_T3_test,7,17,70.56666666666666,-0.18825453519821167,0.6266327081775815
UBFC_PHYS_s01_T3_test,7,18,70.6,-0.3092484474182129,1.0363017727240824
UBFC_PHYS_s01_T3_test,7,19,70.63333333333334,-0.4467521011829376,1.3806594810289543
UBFC_PHYS_s01_T3_test,7,20,70.66666666666667,-0.6339960098266602,1.642002082156548
UBFC_PHYS_s01_T3_test,7,21,70.7,-0.8597697019577026,1.809759181702943
UBFC_PHYS_s01_T3_test,7,22,70.73333333333333,-1.0515105724334717,1.8792794946850782
UBFC_PHYS_s01_T3_test,7,23,70.76666666666667,-1.0636711120605469,1.8504256241787171
UBFC_PHYS_s01_T3_test,7,24,70.8,-0.8099238276481628,1.7265498049582386
UBFC_PHYS_s01_T3_test,7,25,70.83333333333333,-0.3889891505241394,1.514247365043368
UBFC_PHYS_s01_T3_test,7,26,70.86666666666666,0.04353611171245575,1.2235104323559933
UBFC_PHYS_s01_T3_test,7,27,70.9,0.3846034109592438,0.8672668559758284
UBFC_PHYS_s01_T3_test,7,28,70.93333333333334,0.5683427453041077,0.4604906231039409
UBFC_PHYS_s01_T3_test,7,29,70.96666666666667,0.5859502553939819,0.02022304728700783
UBFC_PHYS_s01_T3_test,7,30,71.0,0.5202069282531738,-0.43322480425418053
UBFC_PHYS_s01_T3_test,7,31,71.03333333333333,0.45465362071990967,-0.8747970243644139
UBFC_PHYS_s01_T3_test,7,32,71.06666666666666,0.4133793115615845,-1.2744393184477443
UBFC_PHYS_s01_T3_test,7,33,71.1,0.4020842909812927,-1.5997529741479461
UBFC_PHYS_s01_T3_test,7,34,71.13333333333334,0.40736234188079834,-1.8210212710726843
UBFC_PHYS_s01_T3_test,7,35,71.16666666666667,0.3956450819969177,-1.9159224100325971
UBFC_PHYS_s01_T3_test,7,36,71.2,0.34058451652526855,-1.8724553912775599
UBFC_PHYS_s01_T3_test,7,37,71.23333333333333,0.2384437769651413,-1.6900880465016994
UBFC_PHYS_s01_T3_test,7,38,71.26666666666667,0.11751319468021393,-1.3797448993776464
UBFC_PHYS_s01_T3_test,7,39,71.3,0.019468223676085472,-0.9636053267051289
UBFC_PHYS_s01_T3_test,7,40,71.33333333333333,-0.07399540394544601,-0.4744336003154201
UBFC_PHYS_s01_T3_test,7,41,71.36666666666666,-0.20799441635608673,0.04699604636755019
UBFC_PHYS_s01_T3_test,7,42,71.4,-0.3530139923095703,0.5566566212767646
UBFC_PHYS_s01_T3_test,7,43,71.43333333333334,-0.4582793414592743,1.013132016928747
UBFC_PHYS_s01_T3_test,7,44,71.46666666666667,-0.5503917932510376,1.3828869543049973
UBFC_PHYS_s01_T3_test,7,45,71.5,-0.6695700287818909,1.6429204665043553
UBFC_PHYS_s01_T3_test,7,46,71.53333333333333,-0.8013100624084473,1.7807738178134278
UBFC_PHYS_s01_T3_test,7,47,71.56666666666666,-0.902965247631073,1.7937630314604354
UBFC_PHYS_s01_T3_test,7,48,71.6,-0.8813674449920654,1.6881530152451292
UBFC_PHYS_s01_T3_test,7,49,71.63333333333334,-0.6266701221466064,1.4776555135310365
UBFC_PHYS_s01_T3_test,7,50,71.66666666666667,-0.18916235864162445,1.181123234373979
UBFC_PHYS_s01_T3_test,7,51,71.7,0.22049841284751892,0.8199209960663838
UBFC_PHYS_s01_T3_test,7,52,71.73333333333333,0.46789097785949707,0.41572691600873035
UBFC_PHYS_s01_T3_test,7,53,71.76666666666667,0.5717206597328186,-0.010342376280461746
UBFC_PHYS_s01_T3_test,7,54,71.8,0.5884837508201599,-0.4373342622215637
UBFC_PHYS_s01_T3_test,7,55,71.83333333333333,0.5645425319671631,-0.843750076311233
UBFC_PHYS_s01_T3_test,7,56,71.86666666666666,0.5476527810096741,-1.2071647191519714
UBFC_PHYS_s01_T3_test,7,57,71.9,0.5512418746948242,-1.5043525344226174
UBFC_PHYS_s01_T3_test,7,58,71.93333333333334,0.5529308319091797,-1.7120649885117045
UBFC_PHYS_s01_T3_test,7,59,71.96666666666667,0.5397568345069885,-1.8085493128446324
UBFC_PHYS_s01_T3_test,7,60,72.0,0.5040561556816101,-1.7762270811380125
UBFC_PHYS_s01_T3_test,7,61,72.03333333333333,0.4195651710033417,-1.6060870669394955
UBFC_PHYS_s01_T3_test,7,62,72.06666666666666,0.27737462520599365,-1.3026020300392482
UBFC_PHYS_s01_T3_test,7,63,72.1,0.11561309546232224,-0.8864110919882603
UBFC_PHYS_s01_T3_test,7,64,72.13333333333334,-0.017393646761775017,-0.3933712715428129
UBFC_PHYS_s01_T3_test,7,65,72.16666666666667,-0.11790874600410461,0.12974472577122365
UBFC_PHYS_s01_T3_test,7,66,72.2,-0.2094300538301468,0.6318982240677719
UBFC_PHYS_s01_T3_test,7,67,72.23333333333333,-0.297615647315979,1.06519233564102
UBFC_PHYS_s01_T3_test,7,68,72.26666666666667,-0.38322553038597107,1.391396177218619
UBFC_PHYS_s01_T3_test,7,69,72.3,-0.4763302505016327,1.5860970951570013
UBFC_PHYS_s01_T3_test,7,70,72.33333333333333,-0.5925105810165405,1.6401389991258273
UBFC_PHYS_s01_T3_test,7,71,72.36666666666666,-0.756974458694458,1.5590853579189916
UBFC_PHYS_s01_T3_test,7,72,72.4,-0.9450206756591797,1.3612349902200733
UBFC_PHYS_s01_T3_test,7,73,72.43333333333334,-1.0118407011032104,1.074372727101935
UBFC_PHYS_s01_T3_test,7,74,72.46666666666667,-0.816616415977478,0.7315568106248989
UBFC_PHYS_s01_T3_test,7,75,72.5,-0.401973158121109,0.3664189233604227
UBFC_PHYS_s01_T3_test,7,76,72.53333333333333,0.053965527564287186,0.008778797042598072
UBFC_PHYS_s01_T3_test,7,77,72.56666666666666,0.4139704406261444,-0.3183511107347634
UBFC_PHYS_s01_T3_test,7,78,72.6,0.6280057430267334,-0.5997897707386232
UBFC_PHYS_s01_T3_test,7,79,72.63333333333334,0.6939601898193359,-0.8272223199381933
UBFC_PHYS_s01_T3_test,7,80,72.66666666666667,0.6572250127792358,-0.9966450415242216
UBFC_PHYS_s01_T3_test,7,81,72.7,0.5905104875564575,-1.1049791317624442
UBFC_PHYS_s01_T3_test,7,82,72.73333333333333,0.5450770854949951,-1.1474127900926436
UBFC_PHYS_s01_T3_test,7,83,72.76666666666667,0.528567373752594,-1.1175035139950773
UBFC_PHYS_s01_T3_test,7,84,72.8,0.5235004425048828,-1.0101910902714963
UBFC_PHYS_s01_T3_test,7,85,72.83333333333333,0.5122898817062378,-0.8259389816462146
UBFC_PHYS_s01_T3_test,7,86,72.86666666666666,0.47029775381088257,-0.5739030453006333
UBFC_PHYS_s01_T3_test,7,87,72.9,0.36813589930534363,-0.2721863444811698
UBFC_PHYS_s01_T3_test,7,88,72.93333333333334,0.21538926661014557,0.0546682019675388
UBFC_PHYS_s01_T3_test,7,89,72.96666666666667,0.07621777057647705,0.3787813959943503
UBFC_PHYS_s01_T3_test,7,90,73.0,-0.0013695002999156713,0.6718059208377595
UBFC_PHYS_s01_T3_test,7,91,73.03333333333333,-0.05125758424401283,0.9081998534573678
UBFC_PHYS_s01_T3_test,7,92,73.06666666666666,-0.14983035624027252,1.0685152193830032
UBFC_PHYS_s01_T3_test,7,93,73.1,-0.3088684380054474,1.1412658677006633
UBFC_PHYS_s01_T3_test,7,94,73.13333333333334,-0.4608128070831299,1.1228987490847608
UBFC_PHYS_s01_T3_test,7,95,73.16666666666667,-0.5604200959205627,1.0164352416792661
UBFC_PHYS_s01_T3_test,7,96,73.2,-0.6439187526702881,0.8299092108647875
UBFC_PHYS_s01_T3_test,7,97,73.23333333333333,-0.769282877445221,0.575991850089136
UBFC_PHYS_s01_T3_test,7,98,73.26666666666667,-0.9350346326828003,0.27257039998516686
UBFC_PHYS_s01_T3_test,7,99,73.3,-1.0375553369522095,-0.057486766478423455
UBFC_PHYS_s01_T3_test,7,100,73.33333333333333,-0.9427616596221924,-0.3882328359373113
UBFC_PHYS_s01_T3_test,7,101,73.36666666666666,-0.6239466071128845,-0.6938782736641591
UBFC_PHYS_s01_T3_test,7,102,73.4,-0.19904285669326782,-0.951856963509996
UBFC_PHYS_s01_T3_test,7,103,73.43333333333334,0.1777462512254715,-1.143412148051862
UBFC_PHYS_s01_T3_test,7,104,73.46666666666667,0.4112047553062439,-1.252355409344473
UBFC_PHYS_s01_T3_test,7,105,73.5,0.49392229318618774,-1.2653956269638031
UBFC_PHYS_s01_T3_test,7,106,73.53333333333333,0.48459070920944214,-1.175004948938933
UBFC_PHYS_s01_T3_test,7,107,73.56666666666666,0.46162065863609314,-0.9830385163006049
UBFC_PHYS_s01_T3_test,7,108,73.6,0.46504083275794983,-0.7029578713931297
UBFC_PHYS_s01_T3_test,7,109,73.63333333333334,0.49379560351371765,-0.3586711254193435
UBFC_PHYS_s01_T3_test,7,110,73.66666666666667,0.5170401334762573,0.019560113342312595
UBFC_PHYS_s01_T3_test,7,111,73.7,0.5182434916496277,0.3993649742939634
UBFC_PHYS_s01_T3_test,7,112,73.73333333333333,0.5049006342887878,0.7493279693690885
UBFC_PHYS_s01_T3_test,7,113,73.76666666666667,0.4712477922439575,1.0412449119520393
UBFC_PHYS_s01_T3_test,7,114,73.8,0.38599681854248047,1.2520089542525816
UBFC_PHYS_s01_T3_test,7,115,73.83333333333333,0.2552490830421448,1.3654028785135317
UBFC_PHYS_s01_T3_test,7,116,73.86666666666666,0.1209544837474823,1.3736160859098066
UBFC_PHYS_s01_T3_test,7,117,73.9,-0.006056404672563076,1.2778400376296544
UBFC_PHYS_s01_T3_test,7,118,73.93333333333334,-0.14917588233947754,1.0878383190190235
UBFC_PHYS_s01_T3_test,7,119,73.96666666666667,-0.30753836035728455,0.820941898898474
UBFC_PHYS_s01_T3_test,7,120,74.0,-0.45454248785972595,0.5003904340484023
UBFC_PHYS_s01_T3_test,7,121,74.03333333333333,-0.5912860631942749,0.15248011902096034
UBFC_PHYS_s01_T3_test,7,122,74.06666666666666,-0.7245461940765381,-0.19706007974650405
UBFC_PHYS_s01_T3_test,7,123,74.1,-0.8465323448181152,-0.5260933316798814
UBFC_PHYS_s01_T3_test,7,124,74.13333333333334,-0.9743244051933289,-0.8172761073609434
UBFC_PHYS_s01_T3_test,7,125,74.16666666666667,-1.1062755584716797,-1.0566331432503944
UBFC_PHYS_s01_T3_test,7,126,74.2,-1.127936601638794,-1.2309839950732169
UBFC_PHYS_s01_T3_test,7,127,74.23333333333333,-0.8894956707954407,-1.327586449476
UBFC_PHYS_s01_T3_test,7,128,74.26666666666667,-0.4223041832447052,-1.3365058618067178
UBFC_PHYS_s01_T3_test,7,129,74.3,0.04936307296156883,-1.2532303293978535
UBFC_PHYS_s01_T3_test,7,130,74.33333333333333,0.3639768064022064,-1.0800508812275662
UBFC_PHYS_s01_T3_test,7,131,74.36666666666666,0.5144855380058289,-0.8260894565815033
UBFC_PHYS_s01_T3_test,7,132,74.4,0.5523185729980469,-0.5066317090531955
UBFC_PHYS_s01_T3_test,7,133,74.43333333333334,0.5425436496734619,-0.14296992702632047
UBFC_PHYS_s01_T3_test,7,134,74.46666666666667,0.5548942685127258,0.23757978001996044
UBFC_PHYS_s01_T3_test,7,135,74.5,0.6047612428665161,0.6032622368146171
UBFC_PHYS_s01_T3_test,7,136,74.53333333333333,0.6434387564659119,0.9214537373533761
UBFC_PHYS_s01_T3_test,7,137,74.56666666666666,0.6402719020843506,1.1630294358135915
UBFC_PHYS_s01_T3_test,7,138,74.6,0.6019744277000427,1.3063971279603313
UBFC_PHYS_s01_T3_test,7,139,74.63333333333334,0.5184546113014221,1.3403046819198388
UBFC_PHYS_s01_T3_test,7,140,74.66666666666667,0.37717193365097046,1.2650259366635144
UBFC_PHYS_s01_T3_test,7,141,74.7,0.20308086276054382,1.0920312397059726
UBFC_PHYS_s01_T3_test,7,142,74.73333333333333,0.0326211117208004,0.8421217723939382
UBFC_PHYS_s01_T3_test,7,143,74.76666666666667,-0.12065332382917404,0.541904359807621
UBFC_PHYS_s01_T3_test,7,144,74.8,-0.2556023895740509,0.21926078455636805
UBFC_PHYS_s01_T3_test,7,145,74.83333333333333,-0.38941138982772827,-0.10080723628937927
UBFC_PHYS_s01_T3_test,7,146,74.86666666666666,-0.530757486820221,-0.3986315568910664
UBFC_PHYS_s01_T3_test,7,147,74.9,-0.6532292366027832,-0.659609692669014
UBFC_PHYS_s01_T3_test,7,148,74.93333333333334,-0.7323365807533264,-0.8720646827531928
UBFC_PHYS_s01_T3_test,7,149,74.96666666666667,-0.7934141159057617,-1.025708138146548
UBFC_PHYS_s01_T3_test,7,150,75.0,-0.8969482779502869,-1.1115933056241765
UBFC_PHYS_s01_T3_test,7,151,75.03333333333333,-1.055141806602478,-1.122661335783003
UBFC_PHYS_s01_T3_test,7,152,75.06666666666666,-1.1510545015335083,-1.0545937416703066
UBFC_PHYS_s01_T3_test,7,153,75.1,-1.0386954545974731,-0.9073716297934828
UBFC_PHYS_s01_T3_test,7,154,75.13333333333334,-0.706410825252533,-0.6872183869631234
UBFC_PHYS_s01_T3_test,7,155,75.16666666666667,-0.27561673521995544,-0.4079044070227563
UBFC_PHYS_s01_T3_test,7,156,75.2,0.10243909806013107,-0.09043043867152267
UBFC_PHYS_s01_T3_test,7,157,75.23333333333333,0.3225124776363373,0.23960715027237506
UBFC_PHYS_s01_T3_test,7,158,75.26666666666667,0.3824499547481537,0.5558334491386584
UBFC_PHYS_s01_T3_test,7,159,75.3,0.3559119403362274,0.8333886615055659
UBFC_PHYS_s01_T3_test,7,160,75.33333333333333,0.2939899265766144,1.0494396490313957
UBFC_PHYS_s01_T3_test,7,161,75.36666666666666,0.231772318482399,1.1840925507995257
UBFC_PHYS_s01_T3_test,7,162,75.4,0.21859832108020782,1.2226875830432837
UBFC_PHYS_s01_T3_test,7,163,75.43333333333334,0.25706472992897034,1.158905959329498
UBFC_PHYS_s01_T3_test,7,164,75.46666666666667,0.2905275225639343,0.9972370145220948
UBFC_PHYS_s01_T3_test,7,165,75.5,0.27889472246170044,0.7528057559068114
UBFC_PHYS_s01_T3_test,7,166,75.53333333333333,0.2133202701807022,0.44832532396747604
UBFC_PHYS_s01_T3_test,7,167,75.56666666666666,0.10721044987440109,0.109786217754983
UBFC_PHYS_s01_T3_test,7,168,75.6,-0.005803058389574289,-0.2371914687482197
UBFC_PHYS_s01_T3_test,7,169,75.63333333333334,-0.1020323857665062,-0.5685382794386612
UBFC_PHYS_s01_T3_test,7,170,75.66666666666667,-0.18842342495918274,-0.8612358027886712
UBFC_PHYS_s01_T3_test,7,171,75.7,-0.26237940788269043,-1.0942212053887543
UBFC_PHYS_s01_T3_test,7,172,75.73333333333333,-0.3264126479625702,-1.2509319747651653
UBFC_PHYS_s01_T3_test,7,173,75.76666666666667,-0.43146687746047974,-1.3207813207018542
UBFC_PHYS_s01_T3_test,7,174,75.8,-0.594199538230896,-1.298738407496754
UBFC_PHYS_s01_T3_test,7,175,75.83333333333333,-0.7170724868774414,-1.1842899687534094
UBFC_PHYS_s01_T3_test,7,176,75.86666666666666,-0.6726313233375549,-0.9812159154344532
UBFC_PHYS_s01_T3_test,7,177,75.9,-0.42439427971839905,-0.6993513962398453
UBFC_PHYS_s01_T3_test,7,178,75.93333333333334,-0.05991357937455177,-0.35698818479606903
UBFC_PHYS_s01_T3_test,7,179,75.96666666666667,0.2870228886604309,0.019602477440405587
UBFC_PHYS_s01_T3_test,7,180,76.0,0.5265405774116516,0.40002124526204064
UBFC_PHYS_s01_T3_test,7,181,76.03333333333333,0.6142194867134094,0.7542710037307326
UBFC_PHYS_s01_T3_test,7,182,76.06666666666666,0.5682371854782104,1.0561020580471374
UBFC_PHYS_s01_T3_test,7,183,76.1,0.4745413064956665,1.2845522583335145
UBFC_PHYS_s01_T3_test,7,184,76.13333333333334,0.426595538854599,1.424281581364418
UBFC_PHYS_s01_T3_test,7,185,76.16666666666667,0.4419863224029541,1.4662672239284762
UBFC_PHYS_s01_T3_test,7,186,76.2,0.4680176377296448,1.4089095310335609
UBFC_PHYS_s01_T3_test,7,187,76.23333333333333,0.4503467381000519,1.2580486563572633
UBFC_PHYS_s01_T3_test,7,188,76.26666666666667,0.3974395990371704,1.025602951529126
UBFC_PHYS_s01_T3_test,7,189,76.3,0.35939547419548035,0.7278499452499262
UBFC_PHYS_s01_T3_test,7,190,76.33333333333333,0.33199185132980347,0.3840801261707965
UBFC_PHYS_s01_T3_test,7,191,76.36666666666666,0.2667129933834076,0.015898097196582583
UBFC_PHYS_s01_T3_test,7,192,76.4,0.16818243265151978,-0.3534479335854291
UBFC_PHYS_s01_T3_test,7,193,76.43333333333334,0.09156632423400879,-0.7009986522583269
UBFC_PHYS_s01_T3_test,7,194,76.46666666666667,0.04197381064295769,-1.0067045099989274
UBFC_PHYS_s01_T3_test,7,195,76.5,-0.047605179250240326,-1.2544118931737906
UBFC_PHYS_s01_T3_test,7,196,76.53333333333333,-0.20282194018363953,-1.4308728739395888
UBFC_PHYS_s01_T3_test,7,197,76.56666666666666,-0.2910286486148834,-1.5245042463737446
UBFC_PHYS_s01_T3_test,7,198,76.6,-0.15420058369636536,-1.5252894263501946
UBFC_PHYS_s01_T3_test,7,199,76.63333333333334,0.18963240087032318,-1.4265040463847358
UBFC_PHYS_s01_T3_test,7,200,76.66666666666667,0.5856547355651855,-1.2276959339789273
UBFC_PHYS_s01_T3_test,7,201,76.7,0.9406982660293579,-0.937208381163016
UBFC_PHYS_s01_T3_test,7,202,76.73333333333333,1.2188301086425781,-0.5731324695323479
UBFC_PHYS_s01_T3_test,7,203,76.76666666666667,1.3051156997680664,-0.16240416665681492
UBFC_PHYS_s01_T3_test,7,204,76.8,1.0578075647354126,0.26187543528437773
UBFC_PHYS_s01_T3_test,7,205,76.83333333333333,0.5225293040275574,0.664455600363425
UBFC_PHYS_s01_T3_test,7,206,76.86666666666666,-0.05978690832853317,1.012432982448141
UBFC_PHYS_s01_T3_test,7,207,76.9,-0.4670831263065338,1.279068492423754
UBFC_PHYS_s01_T3_test,7,208,76.93333333333334,-0.6565649509429932,1.4462524367188996
UBFC_PHYS_s01_T3_test,7,209,76.96666666666667,-0.6890354752540588,1.5054918091170824
UBFC_PHYS_s01_T3_test,7,210,77.0,-0.6417019963264465,1.4576957714334298
UBFC_PHYS_s01_T3_test,7,211,77.03333333333333,-0.6084924936294556,1.3123131948026219
UBFC_PHYS_s01_T3_test,7,212,77.06666666666666,-0.6367828249931335,1.0860459514314769
UBFC_PHYS_s01_T3_test,7,213,77.1,-0.6810339689254761,0.8010022597442782
UBFC_PHYS_s01_T3_test,7,214,77.13333333333334,-0.7065374851226807,0.48212079690393267
UBFC_PHYS_s01_T3_test,7,215,77.16666666666667,-0.7561299800872803,0.15379966407241966
UBFC_PHYS_s01_T3_test,7,216,77.2,-0.855399489402771,-0.16323864292315557
UBFC_PHYS_s01_T3_test,7,217,77.23333333333333,-0.922135055065155,-0.45290956765820406
UBFC_PHYS_s01_T3_test,7,218,77.26666666666667,-0.8267713785171509,-0.7026674191809321
UBFC_PHYS_s01_T3_test,7,219,77.3,-0.5406168699264526,-0.9024402727370069
UBFC_PHYS_s01_T3_test,7,220,77.33333333333333,-0.17237816751003265,-1.0444773887356613
UBFC_PHYS_s01_T3_test,7,221,77.36666666666666,0.15418505668640137,-1.1235510354403355
UBFC_PHYS_s01_T3_test,7,222,77.4,0.3794098198413849,-1.1370123391777005
UBFC_PHYS_s01_T3_test,7,223,77.43333333333334,0.4812549650669098,-1.0844244965484622
UBFC_PHYS_s01_T3_test,7,224,77.46666666666667,0.46930548548698425,-0.9671608519270058
UBFC_PHYS_s01_T3_test,7,225,77.5,0.4122181534767151,-0.7889121684279603
UBFC_PHYS_s01_T3_test,7,226,77.53333333333333,0.3914015293121338,-0.5570483677872896
UBFC_PHYS_s01_T3_test,7,227,77.56666666666666,0.4101702570915222,-0.28376858047113396
UBFC_PHYS_s01_T3_test,7,228,77.6,0.4200085401535034,0.013537962369461396
UBFC_PHYS_s01_T3_test,7,229,77.63333333333334,0.3893958628177643,0.3126899645106576
UBFC_PHYS_s01_T3_test,7,230,77.66666666666667,0.3136242628097534,0.5881217768730456
UBFC_PHYS_s01_T3_test,7,231,77.7,0.19902732968330383,0.8137500612763868
UBFC_PHYS_s01_T3_test,7,232,77.73333333333333,0.07283981889486313,0.9669784129954341
UBFC_PHYS_s01_T3_test,7,233,77.76666666666667,-0.048576340079307556,1.0327300217784832
UBFC_PHYS_s01_T3_test,7,234,77.8,-0.19600270688533783,1.0061232637239435
UBFC_PHYS_s01_T3_test,7,235,77.83333333333333,-0.40355655550956726,0.892399572093675
UBFC_PHYS_s01_T3_test,7,236,77.86666666666666,-0.6332781910896301,0.704472019755087
UBFC_PHYS_s01_T3_test,7,237,77.9,-0.760267972946167,0.460109302047211
UBFC_PHYS_s01_T3_test,7,238,77.93333333333334,-0.6637430787086487,0.18018058836669038
UBFC_PHYS_s01_T3_test,7,239,77.96666666666667,-0.35079720616340637,-0.11154195018248997
UBFC_PHYS_s01_T3_test,7,240,78.0,0.03789915889501572,-0.38825857708604034
UBFC_PHYS_s01_T3_test,7,241,78.03333333333333,0.3379032611846924,-0.6222678419783133
UBFC_PHYS_s01_T3_test,7,242,78.06666666666666,0.48619523644447327,-0.7893776299419921
UBFC_PHYS_s01_T3_test,7,243,78.1,0.510959804058075,-0.8730064766648301
UBFC_PHYS_s01_T3_test,7,244,78.13333333333334,0.4534502327442169,-0.8664103464881784
UBFC_PHYS_s01_T3_test,7,245,78.16666666666667,0.36038774251937866,-0.7728299470486235
UBFC_PHYS_s01_T3_test,7,246,78.2,0.32114019989967346,-0.6043173545099357
UBFC_PHYS_s01_T3_test,7,247,78.23333333333333,0.387453556060791,-0.38070933255052347
UBFC_PHYS_s01_T3_test,7,248,78.26666666666667,0.4874408543109894,-0.12831911933725637
UBFC_PHYS_s01_T3_test,7,249,78.3,0.531670868396759,0.12379322151241069
UBFC_PHYS_s01_T3_test,7,250,78.33333333333333,0.5113398432731628,0.3495908361601736
UBFC_PHYS_s01_T3_test,7,251,78.36666666666666,0.44105738401412964,0.5309238564904295
UBFC_PHYS_s01_T3_test,7,252,78.4,0.3340608477592468,0.6593056075221414
UBFC_PHYS_s01_T3_test,7,253,78.43333333333334,0.21678267419338226,0.7336820641736062
UBFC_PHYS_s01_T3_test,7,254,78.46666666666667,0.10034899413585663,0.7560106847950394
UBFC_PHYS_s01_T3_test,7,255,78.5,-0.0232206080108881,0.728727487451066
UBFC_PHYS_s01_T3_test,7,256,78.53333333333333,-0.1461990624666214,0.6548853006242379
UBFC_PHYS_s01_T3_test,7,257,78.56666666666666,-0.26943087577819824,0.5383278835245373
UBFC_PHYS_s01_T3_test,7,258,78.6,-0.4382016658782959,0.38312768758051413
UBFC_PHYS_s01_T3_test,7,259,78.63333333333334,-0.6726735234260559,0.1936242512430642
UBFC_PHYS_s01_T3_test,7,260,78.66666666666667,-0.8824864029884338,-0.02427014400483688
UBFC_PHYS_s01_T3_test,7,261,78.7,-0.9130990505218506,-0.26073364453786235
UBFC_PHYS_s01_T3_test,7,262,78.73333333333333,-0.6971848011016846,-0.5001110837553191
UBFC_PHYS_s01_T3_test,7,263,78.76666666666667,-0.32556816935539246,-0.7217096066802131
UBFC_PHYS_s01_T3_test,7,264,78.8,0.041319333016872406,-0.9032666524567863
UBFC_PHYS_s01_T3_test,7,265,78.83333333333333,0.3019070029258728,-1.0246826797749777
UBFC_PHYS_s01_T3_test,7,266,78.86666666666666,0.41494160890579224,-1.070656547221997
UBFC_PHYS_s01_T3_test,7,267,78.9,0.40734121203422546,-1.0321861740938785
UBFC_PHYS_s01_T3_test,7,268,78.93333333333334,0.36836814880371094,-0.9073650297112875
UBFC_PHYS_s01_T3_test,7,269,78.96666666666667,0.3589310050010681,-0.7021659032088893
UBFC_PHYS_s01_T3_test,7,270,79.0,0.3767496645450592,-0.43090985502955087
UBFC_PHYS_s01_T3_test,7,271,79.03333333333333,0.4196496307849884,-0.11518650633340545
UBFC_PHYS_s01_T3_test,7,272,79.06666666666666,0.47346457839012146,0.21880890157166305
UBFC_PHYS_s01_T3_test,7,273,79.1,0.4807482957839966,0.543303427526156
UBFC_PHYS_s01_T3_test,7,274,79.13333333333334,0.4114581048488617,0.8315328466968025
UBFC_PHYS_s01_T3_test,7,275,79.16666666666667,0.29821234941482544,1.059629010915822
UBFC_PHYS_s01_T3_test,7,276,79.2,0.17350269854068756,1.2082585239606745
UBFC_PHYS_s01_T3_test,7,277,79.23333333333333,0.04961641877889633,1.2649505424158582
UBFC_PHYS_s01_T3_test,7,278,79.26666666666667,-0.05913243070244789,1.2265836225643276
UBFC_PHYS_s01_T3_test,7,279,79.3,-0.15122376382350922,1.1001074321452908
UBFC_PHYS_s01_T3_test,7,280,79.33333333333333,-0.23951491713523865,0.9010642568802587
UBFC_PHYS_s01_T3_test,7,281,79.36666666666666,-0.32191574573516846,0.6510733075445108
UBFC_PHYS_s01_T3_test,7,282,79.4,-0.40444326400756836,0.3748876665028383
UBFC_PHYS_s01_T3_test,7,283,79.43333333333334,-0.5326575636863708,0.09699472006705047
UBFC_PHYS_s01_T3_test,7,284,79.46666666666667,-0.7059463262557983,-0.16175174893740973
UBFC_PHYS_s01_T3_test,7,285,79.5,-0.7930763363838196,-0.38646901353193847
UBFC_PHYS_s01_T3_test,7,286,79.53333333333333,-0.6497668027877808,-0.5687526390655605
UBFC_PHYS_s01_T3_test,7,287,79.56666666666666,-0.3235202729701996,-0.7049186483220865
UBFC_PHYS_s01_T3_test,7,288,79.6,0.0437261201441288,-0.7933022697209255
UBFC_PHYS_s01_T3_test,7,289,79.63333333333334,0.3448280692100525,-0.8333562753011611
UBFC_PHYS_s01_T3_test,7,290,79.66666666666667,0.5209459066390991,-0.8270430977777861
UBFC_PHYS_s01_T3_test,7,291,79.7,0.5730929374694824,-0.7806496261535842
UBFC_PHYS_s01_T3_test,7,292,79.73333333333333,0.5704328417778015,-0.7050385372932003
UBFC_PHYS_s01_T3_test,7,293,79.76666666666667,0.5763231515884399,-0.6127945064537268
UBFC_PHYS_s01_T3_test,7,294,79.8,0.5855702757835388,-0.5136664514373818
UBFC_PHYS_s01_T3_test,7,295,79.83333333333333,0.5813267230987549,-0.4123223336072394
UBFC_PHYS_s01_T3_test,7,296,79.86666666666666,0.5684271454811096,-0.3096023765132634
UBFC_PHYS_s01_T3_test,7,297,79.9,0.5491517782211304,-0.20533982010534893
UBFC_PHYS_s01_T3_test,7,298,79.93333333333334,0.5124165415763855,-0.10069180073737659
UBFC_PHYS_s01_T3_test,7,299,79.96666666666667,0.4422396719455719,0.0016708654761525346
UBFC_PHYS_s01_T3_test,8,0,80.0,0.32861390709877014,-0.0661569144563958
UBFC_PHYS_s01_T3_test,8,1,80.03333333333333,0.1938970685005188,-0.36336885517164524
UBFC_PHYS_s01_T3_test,8,2,80.06666666666666,0.08181249350309372,-0.642460360197961
UBFC_PHYS_s01_T3_test,8,3,80.1,-0.01657027192413807,-0.8866944651980279
UBFC_PHYS_s01_T3_test,8,4,80.13333333333334,-0.14879587292671204,-1.081402088549321
UBFC_PHYS_s01_T3_test,8,5,80.16666666666667,-0.3077072501182556,-1.215556153769523
UBFC_PHYS_s01_T3_test,8,6,80.2,-0.4478287994861603,-1.2815772616015337
UBFC_PHYS_s01_T3_test,8,7,80.23333333333333,-0.5695194005966187,-1.2751993170855624
UBFC_PHYS_s01_T3_test,8,8,80.26666666666667,-0.7025895118713379,-1.1960809062696571
UBFC_PHYS_s01_T3_test,8,9,80.3,-0.8423521518707275,-1.048491654040314
UBFC_PHYS_s01_T3_test,8,10,80.33333333333333,-0.9174270629882812,-0.8413718974593163
UBFC_PHYS_s01_T3_test,8,11,80.36666666666666,-0.8221055865287781,-0.5872313651819736
UBFC_PHYS_s01_T3_test,8,12,80.4,-0.531369686126709,-0.3006659755811385
UBFC_PHYS_s01_T3_test,8,13,80.43333333333334,-0.15536175668239594,0.0016266664948825053
UBFC_PHYS_s01_T3_test,8,14,80.46666666666667,0.17527613043785095,0.2999434529083954
UBFC_PHYS_s01_T3_test,8,15,80.5,0.40018418431282043,0.5726997412391913
UBFC_PHYS_s01_T3_test,8,16,80.53333333333333,0.4852662980556488,0.7997616945458876
UBFC_PHYS_s01_T3_test,8,17,80.56666666666666,0.44684210419654846,0.9653339051123984
UBFC_PHYS_s01_T3_test,8,18,80.6,0.37757304310798645,1.0592275050858149
UBFC_PHYS_s01_T3_test,8,19,80.63333333333334,0.3604933023452759,1.0770711866244465
UBFC_PHYS_s01_T3_test,8,20,80.66666666666667,0.384350061416626,1.0200605062984787
UBFC_PHYS_s01_T3_test,8,21,80.7,0.3958139717578888,0.8946743207989296
UBFC_PHYS_s01_T3_test,8,22,80.73333333333333,0.36370235681533813,0.7122783371705745
UBFC_PHYS_s01_T3_test,8,23,80.76666666666667,0.27171656489372253,0.4880674826008076
UBFC_PHYS_s01_T3_test,8,24,80.8,0.13556410372257233,0.2395564845009371
UBFC_PHYS_s01_T3_test,8,25,80.83333333333333,-0.004853010177612305,-0.014441914923258945
UBFC_PHYS_s01_T3_test,8,26,80.86666666666666,-0.12956266105175018,-0.25438986540861314
UBFC_PHYS_s01_T3_test,8,27,80.9,-0.23964157700538635,-0.46112017892780904
UBFC_PHYS_s01_T3_test,8,28,80.93333333333334,-0.3397766649723053,-0.6176356981074075
UBFC_PHYS_s01_T3_test,8,29,80.96666666666667,-0.42903897166252136,-0.710907347454078
UBFC_PHYS_s01_T3_test,8,30,81.0,-0.4982447028160095,-0.7330107427706707
UBFC_PHYS_s01_T3_test,8,31,81.03333333333333,-0.5703639388084412,-0.6811313482560104
UBFC_PHYS_s01_T3_test,8,32,81.06666666666666,-0.6878743171691895,-0.5573297693576525
UBFC_PHYS_s01_T3_test,8,33,81.1,-0.8281647562980652,-0.3700308939734953
UBFC_PHYS_s01_T3_test,8,34,81.13333333333334,-0.9023529887199402,-0.13672704179067194
UBFC_PHYS_s01_T3_test,8,35,81.16666666666667,-0.8185164928436279,0.11500640321662507
UBFC_PHYS_s01_T3_test,8,36,81.2,-0.5441003441810608,0.3501232975169114
UBFC_PHYS_s01_T3_test,8,37,81.23333333333333,-0.16093537211418152,0.5327589391979447
UBFC_PHYS_s01_T3_test,8,38,81.26666666666667,0.1885979175567627,0.6348321286551675
UBFC_PHYS_s01_T3_test,8,39,81.3,0.4176650941371918,0.6423843035500626
UBFC_PHYS_s01_T3_test,8,40,81.33333333333333,0.49392229318618774,0.5573883090219358
UBFC_PHYS_s01_T3_test,8,41,81.36666666666666,0.42486435174942017,0.3951504164038488
UBFC_PHYS_s01_T3_test,8,42,81.4,0.3017592132091522,0.17936931359439054
UBFC_PHYS_s01_T3_test,8,43,81.43333333333334,0.22769767045974731,-0.06169424332826222
UBFC_PHYS_s01_T3_test,8,44,81.46666666666667,0.2174793779850006,-0.2973604712669254
UBFC_PHYS_s01_T3_test,8,45,81.5,0.2288588434457779,-0.49729939918120586
UBFC_PHYS_s01_T3_test,8,46,81.53333333333333,0.2224196195602417,-0.6358637361004249
UBFC_PHYS_s01_T3_test,8,47,81.56666666666666,0.1891046017408371,-0.6971230509971947
UBFC_PHYS_s01_T3_test,8,48,81.6,0.14512792229652405,-0.6786178397441349
UBFC_PHYS_s01_T3_test,8,49,81.63333333333334,0.08698497712612152,-0.5911536478311233
UBFC_PHYS_s01_T3_test,8,50,81.66666666666667,0.00042503513395786285,-0.4546214334970524
UBFC_PHYS_s01_T3_test,8,51,81.7,-0.09453755617141724,-0.29251605438924383
UBFC_PHYS_s01_T3_test,8,52,81.73333333333333,-0.16931690275669098,-0.12698775408692944
UBFC_PHYS_s01_T3_test,8,53,81.76666666666667,-0.22876881062984467,0.024911568722357995
UBFC_PHYS_s01_T3_test,8,54,81.8,-0.27206990122795105,0.15321379133151108
UBFC_PHYS_s01_T3_test,8,55,81.83333333333333,-0.2940899133682251,0.2547791890622464
UBFC_PHYS_s01_T3_test,8,56,81.86666666666666,-0.3381299078464508,0.3312462682268324
UBFC_PHYS_s01_T3_test,8,57,81.9,-0.4243309497833252,0.386430590997489
UBFC_PHYS_s01_T3_test,8,58,81.93333333333334,-0.4424663186073303,0.4240793086817538
UBFC_PHYS_s01_T3_test,8,59,81.96666666666667,-0.2741599977016449,0.4463902628259614
UBFC_PHYS_s01_T3_test,8,60,82.0,0.04391612857580185,0.45319735510008974
UBFC_PHYS_s01_T3_test,8,61,82.03333333333333,0.39952972531318665,0.4413275836152491
UBFC_PHYS_s01_T3_test,8,62,82.06666666666666,0.7149668335914612,0.40473685930104814
UBFC_PHYS_s01_T3_test,8,63,82.1,0.9311978220939636,0.3369650860585218
UBFC_PHYS_s01_T3_test,8,64,82.13333333333334,1.0389543771743774,0.23531528175859204
UBFC_PHYS_s01_T3_test,8,65,82.16666666666667,1.101425290107727,0.1040953380490968
UBFC_PHYS_s01_T3_test,8,66,82.2,1.1474287509918213,-0.044650254975986625
UBFC_PHYS_s01_T3_test,8,67,82.23333333333333,1.1218197345733643,-0.1930532598200892
UBFC_PHYS_s01_T3_test,8,68,82.26666666666667,0.9909452795982361,-0.3211369746741854
UBFC_PHYS_s01_T3_test,8,69,82.3,0.8097816109657288,-0.4107077330562819
UBFC_PHYS_s01_T3_test,8,70,82.33333333333333,0.6394907832145691,-0.4482852813164734
UBFC_PHYS_s01_T3_test,8,71,82.36666666666666,0.47597694396972656,-0.42661522944950425
UBFC_PHYS_s01_T3_test,8,72,82.4,0.2966289520263672,-0.34556427023230446
UBFC_PHYS_s01_T3_test,8,73,82.43333333333334,0.09777330607175827,-0.21412036077856272
UBFC_PHYS_s01_T3_test,8,74,82.46666666666667,-0.11374964565038681,-0.052202428473857566
UBFC_PHYS_s01_T3_test,8,75,82.5,-0.311401903629303,0.11171190746162765
UBFC_PHYS_s01_T3_test,8,76,82.53333333333333,-0.44685766100883484,0.247483061482137
UBFC_PHYS_s01_T3_test,8,77,82.56666666666666,-0.5475205183029175,0.3312048062917134
UBFC_PHYS_s01_T3_test,8,78,82.6,-0.6859742403030396,0.3510094231769243
UBFC_PHYS_s01_T3_test,8,79,82.63333333333334,-0.8511770367622375,0.3087680281955821
UBFC_PHYS_s01_T3_test,8,80,82.66666666666667,-0.9492009282112122,0.21776759990814817
UBFC_PHYS_s01_T3_test,8,81,82.7,-0.9018884897232056,0.0984359662237997
UBFC_PHYS_s01_T3_test,8,82,82.73333333333333,-0.6818362474441528,-0.026317475825676503
UBFC_PHYS_s01_T3_test,8,83,82.76666666666667,-0.3483693301677704,-0.13538575200679426
UBFC_PHYS_s01_T3_test,8,84,82.8,-0.054825544357299805,-0.21294288383924737
UBFC_PHYS_s01_T3_test,8,85,82.83333333333333,0.12034222483634949,-0.25095241559807013
UBFC_PHYS_s01_T3_test,8,86,82.86666666666666,0.20857003331184387,-0.24999783498759875
UBFC_PHYS_s01_T3_test,8,87,82.9,0.21954837441444397,-0.2173044405960375
UBFC_PHYS_s01_T3_test,8,88,82.93333333333334,0.15631738305091858,-0.16289234112023707
UBFC_PHYS_s01_T3_test,8,89,82.96666666666667,0.10440252721309662,-0.09666652113641969
UBFC_PHYS_s01_T3_test,8,90,83.0,0.11516974121332169,-0.027306744281473356
UBFC_PHYS_s01_T3_test,8,91,83.03333333333333,0.10712600499391556,0.03826315645496207
UBFC_PHYS_s01_T3_test,8,92,83.06666666666666,0.022381704300642014,0.0956966428705789
UBFC_PHYS_s01_T3_test,8,93,83.1,-0.08725385367870331,0.1445455183620659
UBFC_PHYS_s01_T3_test,8,94,83.13333333333334,-0.18956348299980164,0.18902342977948178
UBFC_PHYS_s01_T3_test,8,95,83.16666666666667,-0.3115074634552002,0.236175048370955
UBFC_PHYS_s01_T3_test,8,96,83.2,-0.4528324007987976,0.2915620344159523
UBFC_PHYS_s01_T3_test,8,97,83.23333333333333,-0.5933128595352173,0.35478469119655426
UBFC_PHYS_s01_T3_test,8,98,83.26666666666667,-0.7352922558784485,0.41686546680068903
UBFC_PHYS_s01_T3_test,8,99,83.3,-0.8839009404182434,0.46079276059681035
UBFC_PHYS_s01_T3_test,8,100,83.33333333333333,-1.0363942384719849,0.4652723883769127
UBFC_PHYS_s01_T3_test,8,101,83.36666666666666,-1.178183674812317,0.4104516663413562
UBFC_PHYS_s01_T3_test,8,102,83.4,-1.2373188734054565,0.2840008326470587
UBFC_PHYS_s01_T3_test,8,103,83.43333333333334,-1.0993930101394653,0.08580851346268907
UBFC_PHYS_s01_T3_test,8,104,83.46666666666667,-0.740950345993042,-0.17019847665127605
UBFC_PHYS_s01_T3_test,8,105,83.5,-0.2971511781215668,-0.45809165896254755
UBFC_PHYS_s01_T3_test,8,106,83.53333333333333,0.050608690828084946,-0.7448801803902081
UBFC_PHYS_s01_T3_test,8,107,83.56666666666666,0.24313068389892578,-0.9956892618636513
UBFC_PHYS_s01_T3_test,8,108,83.6,0.2947288453578949,-1.177955146663506
UBFC_PHYS_s01_T3_test,8,109,83.63333333333334,0.2412094622850418,-1.2650213825677001
UBFC_PHYS_s01_T3_test,8,110,83.66666666666667,0.18515662848949432,-1.2396245149319725
UBFC_PHYS_s01_T3_test,8,111,83.7,0.2579936385154724,-1.0975416011520727
UBFC_PHYS_s01_T3_test,8,112,83.73333333333333,0.4645763635635376,-0.8500557792877339
UBFC_PHYS_s01_T3_test,8,113,83.76666666666667,0.6574994921684265,-0.5225530029385982
UBFC_PHYS_s01_T3_test,8,114,83.8,0.7247206568717957,-0.14930099508483588
UBFC_PHYS_s01_T3_test,8,115,83.83333333333333,0.7096887826919556,0.23275286920958096
UBFC_PHYS_s01_T3_test,8,116,83.86666666666666,0.676120400428772,0.589246002172536
UBFC_PHYS_s01_T3_test,8,117,83.9,0.5866469740867615,0.892069292664215
UBFC_PHYS_s01_T3_test,8,118,83.93333333333334,0.38196438550949097,1.121303861701033
UBFC_PHYS_s01_T3_test,8,119,83.96666666666667,0.08799836784601212,1.2656982223694597
UBFC_PHYS_s01_T3_test,8,120,84.0,-0.208163321018219,1.3220382777267587
UBFC_PHYS_s01_T3_test,8,121,84.03333333333333,-0.4395950436592102,1.2937253074953916
UBFC_PHYS_s01_T3_test,8,122,84.06666666666666,-0.6142138838768005,1.1889397184742478
UBFC_PHYS_s01_T3_test,8,123,84.1,-0.7735053300857544,1.0187882064147626
UBFC_PHYS_s01_T3_test,8,124,84.13333333333334,-0.9170681834220886,0.7958939274646765
UBFC_PHYS_s01_T3_test,8,125,84.16666666666667,-0.9919530749320984,0.5338888120614487
UBFC_PHYS_s01_T3_test,8,126,84.2,-0.9424238801002502,0.24759383682945835
UBFC_PHYS_s01_T3_test,8,127,84.23333333333333,-0.7436738014221191,-0.046917716435799575
UBFC_PHYS_s01_T3_test,8,128,84.26666666666667,-0.43902501463890076,-0.33273877622493414
UBFC_PHYS_s01_T3_test,8,129,84.3,-0.14615684747695923,-0.5928544692842037
UBFC_PHYS_s01_T3_test,8,130,84.33333333333333,0.049827542155981064,-0.8109907295725123
UBFC_PHYS_s01_T3_test,8,131,84.36666666666666,0.15722520649433136,-0.9724338802691098
UBFC_PHYS_s01_T3_test,8,132,84.4,0.21137794852256775,-1.0651126075034836
UBFC_PHYS_s01_T3_test,8,133,84.43333333333334,0.23379909992218018,-1.0815534616859515
UBFC_PHYS_s01_T3_test,8,134,84.46666666666667,0.2619205117225647,-1.021084097387449
UBFC_PHYS_s01_T3_test,8,135,84.5,0.32354697585105896,-0.8905368081012311
UBFC_PHYS_s01_T3_test,8,136,84.53333333333333,0.3758629560470581,-0.7030457408927115
UBFC_PHYS_s01_T3_test,8,137,84.56666666666666,0.37026822566986084,-0.47596875169660163
UBFC_PHYS_s01_T3_test,8,138,84.6,0.3191767632961273,-0.22878937010350694
UBFC_PHYS_s01_T3_test,8,139,84.63333333333334,0.24382737278938293,0.018510893920826093
UBFC_PHYS_s01_T3_test,8,140,84.66666666666667,0.15296055376529694,0.24688158221680953
UBFC_PHYS_s01_T3_test,8,141,84.7,0.08375481516122818,0.44031108166759203
UBFC_PHYS_s01_T3_test,8,142,84.73333333333333,0.04959530755877495,0.588212400320907
UBFC_PHYS_s01_T3_test,8,143,84.76666666666667,-0.01357234176248312,0.6864494573215861
UBFC_PHYS_s01_T3_test,8,144,84.8,-0.14641018211841583,0.7365243381959132
UBFC_PHYS_s01_T3_test,8,145,84.83333333333333,-0.2683330476284027,0.7437202064767926
UBFC_PHYS_s01_T3_test,8,146,84.86666666666666,-0.2537234127521515,0.715216159796114
UBFC_PHYS_s01_T3_test,8,147,84.9,-0.0742698609828949,0.6591699246213751
UBFC_PHYS_s01_T3_test,8,148,84.93333333333334,0.17341825366020203,0.5845087143160168
UBFC_PHYS_s01_T3_test,8,149,84.96666666666667,0.3759896457195282,0.5000394691985203
UBFC_PHYS_s01_T3_test,8,150,85.0,0.48347175121307373,0.4128357718965858
UBFC_PHYS_s01_T3_test,8,151,85.03333333333333,0.48330286145210266,0.3272549714010313
UBFC_PHYS_s01_T3_test,8,152,85.06666666666666,0.3974607288837433,0.24487230545156372
UBFC_PHYS_s01_T3_test,8,153,85.1,0.2872551381587982,0.16450143679910498
UBFC_PHYS_s01_T3_test,8,154,85.13333333333334,0.22364413738250732,0.08216093396414167
UBFC_PHYS_s01_T3_test,8,155,85.16666666666667,0.2139747589826584,-0.008416765499656701
UBFC_PHYS_s01_T3_test,8,156,85.2,0.1925036609172821,-0.11437382585444143
UBFC_PHYS_s01_T3_test,8,157,85.23333333333333,0.1094694510102272,-0.2414292372093083
UBFC_PHYS_s01_T3_test,8,158,85.26666666666667,-0.00020833031157962978,-0.39128489427327384
UBFC_PHYS_s01_T3_test,8,159,85.3,-0.06616278737783432,-0.5598160904635212
UBFC_PHYS_s01_T3_test,8,160,85.33333333333333,-0.09595207124948502,-0.7365994473698654
UBFC_PHYS_s01_T3_test,8,161,85.36666666666666,-0.15455949306488037,-0.9057144040433828
UBFC_PHYS_s01_T3_test,8,162,85.4,-0.25275224447250366,-1.0475512589072975
UBFC_PHYS_s01_T3_test,8,163,85.43333333333334,-0.3210712671279907,-1.1412140135740299
UBFC_PHYS_s01_T3_test,8,164,85.46666666666667,-0.30120471119880676,-1.1675979435374526
UBFC_PHYS_s01_T3_test,8,165,85.5,-0.18061192333698273,-1.113579082638052
UBFC_PHYS_s01_T3_test,8,166,85.53333333333333,0.014527972787618637,-0.9760520887506122
UBFC_PHYS_s01_T3_test,8,167,85.56666666666666,0.18705672025680542,-0.7630695123928616
UBFC_PHYS_s01_T3_test,8,168,85.6,0.25102663040161133,-0.49162954608507836
UBFC_PHYS_s01_T3_test,8,169,85.63333333333334,0.22752878069877625,-0.18404857612161687
UBFC_PHYS_s01_T3_test,8,170,85.66666666666667,0.1720670759677887,0.13558320085076558
UBFC_PHYS_s01_T3_test,8,171,85.7,0.09857556968927383,0.4441231424786387
UBFC_PHYS_s01_T3_test,8,172,85.73333333333333,0.046280693262815475,0.7212241190422786
UBFC_PHYS_s01_T3_test,8,173,85.76666666666667,0.058293525129556656,0.9508426864834936
UBFC_PHYS_s01_T3_test,8,174,85.8,0.08356481045484543,1.1223551774184837
UBFC_PHYS_s01_T3_test,8,175,85.83333333333333,0.06302265077829361,1.230602605259674
UBFC_PHYS_s01_T3_test,8,176,85.86666666666666,0.015224674716591835,1.2748218689871802
UBFC_PHYS_s01_T3_test,8,177,85.9,-0.026957465335726738,1.257082334857347
UBFC_PHYS_s01_T3_test,8,178,85.93333333333334,-0.05417106673121452,1.1808716869185623
UBFC_PHYS_s01_T3_test,8,179,85.96666666666667,-0.07777448743581772,1.0503712717461138
UBFC_PHYS_s01_T3_test,8,180,86.0,-0.14609350264072418,0.8704868420697288
UBFC_PHYS_s01_T3_test,8,181,86.03333333333333,-0.2892129719257355,0.6472401815616982
UBFC_PHYS_s01_T3_test,8,182,86.06666666666666,-0.4173850417137146,0.38825622914596325
UBFC_PHYS_s01_T3_test,8,183,86.1,-0.4013397693634033,0.10327116807458298
UBFC_PHYS_s01_T3_test,8,184,86.13333333333334,-0.21538369357585907,-0.19531541975910705
UBFC_PHYS_s01_T3_test,8,185,86.16666666666667,0.053522173315286636,-0.49176859134319945
UBFC_PHYS_s01_T3_test,8,186,86.2,0.31214639544487,-0.7666519674870288
UBFC_PHYS_s01_T3_test,8,187,86.23333333333333,0.5175679326057434,-0.9976049897349971
UBFC_PHYS_s01_T3_test,8,188,86.26666666666667,0.6428898572921753,-1.161752350718972
UBFC_PHYS_s01_T3_test,8,189,86.3,0.6652476191520691,-1.2397034275321512
UBFC_PHYS_s01_T3_test,8,190,86.33333333333333,0.6085614562034607,-1.2200017645031636
UBFC_PHYS_s01_T3_test,8,191,86.36666666666666,0.5353232622146606,-1.1019756527343498
UBFC_PHYS_s01_T3_test,8,192,86.4,0.4751746654510498,-0.8963370855023091
UBFC_PHYS_s01_T3_test,8,193,86.43333333333334,0.4051666855812073,-0.6243460266229753
UBFC_PHYS_s01_T3_test,8,194,86.46666666666667,0.3125264048576355,-0.3155813147655707
UBFC_PHYS_s01_T3_test,8,195,86.5,0.22094176709651947,-0.003601186328436023
UBFC_PHYS_s01_T3_test,8,196,86.53333333333333,0.13615524768829346,0.27982305591339673
UBFC_PHYS_s01_T3_test,8,197,86.56666666666666,0.020397158339619637,0.5098428638999554
UBFC_PHYS_s01_T3_test,8,198,86.6,-0.12531912326812744,0.6716860367335715
UBFC_PHYS_s01_T3_test,8,199,86.63333333333334,-0.23548248410224915,0.7613910490637587
UBFC_PHYS_s01_T3_test,8,200,86.66666666666667,-0.28670063614845276,0.7842742659757465
UBFC_PHYS_s01_T3_test,8,201,86.7,-0.34452691674232483,0.751798421779624
UBFC_PHYS_s01_T3_test,8,202,86.73333333333333,-0.4608128070831299,0.6779065739193548
UBFC_PHYS_s01_T3_test,8,203,86.76666666666667,-0.6057056784629822,0.576091276954697
UBFC_PHYS_s01_T3_test,8,204,86.8,-0.7004149556159973,0.45764014119629437
UBFC_PHYS_s01_T3_test,8,205,86.83333333333333,-0.6564804911613464,0.33066583190357224
UBFC_PHYS_s01_T3_test,8,206,86.86666666666666,-0.4601372182369232,0.20018640613653707
UBFC_PHYS_s01_T3_test,8,207,86.9,-0.21386361122131348,0.07012673362569201
UBFC_PHYS_s01_T3_test,8,208,86.93333333333334,-0.005233029369264841,-0.05388169839283514
UBFC_PHYS_s01_T3_test,8,209,86.96666666666667,0.16843578219413757,-0.16376260098276144
UBFC_PHYS_s01_T3_test,8,210,87.0,0.3127797544002533,-0.25072485281416107
UBFC_PHYS_s01_T3_test,8,211,87.03333333333333,0.41316819190979004,-0.307326419300087
UBFC_PHYS_s01_T3_test,8,212,87.06666666666666,0.49100881814956665,-0.3286021160820988
UBFC_PHYS_s01_T3_test,8,213,87.1,0.5556753873825073,-0.31217174390708424
UBFC_PHYS_s01_T3_test,8,214,87.13333333333334,0.5883570909500122,-0.2581275620234163
UBFC_PHYS_s01_T3_test,8,215,87.16666666666667,0.5904049277305603,-0.17011336318427372
UBFC_PHYS_s01_T3_test,8,216,87.2,0.5797433257102966,-0.05743452197130762
UBFC_PHYS_s01_T3_test,8,217,87.23333333333333,0.5523608326911926,0.06354389732870787
UBFC_PHYS_s01_T3_test,8,218,87.26666666666667,0.48573076725006104,0.17044383711017208
UBFC_PHYS_s01_T3_test,8,219,87.3,0.3758629560470581,0.23960069877980159
UBFC_PHYS_s01_T3_test,8,220,87.33333333333333,0.2546156942844391,0.25283045030374646
UBFC_PHYS_s01_T3_test,8,221,87.36666666666666,0.150089293718338,0.20204302275328828
UBFC_PHYS_s01_T3_test,8,222,87.4,0.04777966067194939,0.09008037491015568
UBFC_PHYS_s01_T3_test,8,223,87.43333333333334,-0.07500878721475601,-0.0709570771777108
UBFC_PHYS_s01_T3_test,8,224,87.46666666666667,-0.1984517127275467,-0.26243348556041257
UBFC_PHYS_s01_T3_test,8,225,87.5,-0.28226709365844727,-0.46168980149876654
UBFC_PHYS_s01_T3_test,8,226,87.53333333333333,-0.3413178622722626,-0.6440995606549332
UBFC_PHYS_s01_T3_test,8,227,87.56666666666666,-0.44128403067588806,-0.7854049268349574
UBFC_PHYS_s01_T3_test,8,228,87.6,-0.5860291719436646,-0.8644912487265805
UBFC_PHYS_s01_T3_test,8,229,87.63333333333334,-0.6820051074028015,-0.8660328183975552
UBFC_PHYS_s01_T3_test,8,230,87.66666666666667,-0.6252344846725464,-0.7828842554943654
UBFC_PHYS_s01_T3_test,8,231,87.7,-0.40203648805618286,-0.618459193859461
UBFC_PHYS_s01_T3_test,8,232,87.73333333333333,-0.10781712085008621,-0.3879055054863181
UBFC_PHYS_s01_T3_test,8,233,87.76666666666667,0.1434178352355957,-0.11573197857213906
UBFC_PHYS_s01_T3_test,8,234,87.8,0.3163266181945801,0.16974514909004498
UBFC_PHYS_s01_T3_test,8,235,87.83333333333333,0.4198185205459595,0.4420636319250817
UBFC_PHYS_s01_T3_test,8,236,87.86666666666666,0.45503365993499756,0.6802517684347217
UBFC_PHYS_s01_T3_test,8,237,87.9,0.45402026176452637,0.8696833833441245
UBFC_PHYS_s01_T3_test,8,238,87.93333333333334,0.4557303488254547,1.0008550179106883
UBFC_PHYS_s01_T3_test,8,239,87.96666666666667,0.4523524045944214,1.0679941249334641
UBFC_PHYS_s01_T3_test,8,240,88.0,0.4356526732444763,1.0683564432069526
UBFC_PHYS_s01_T3_test,8,241,88.03333333333333,0.4278622567653656,1.0018245331704356
UBFC_PHYS_s01_T3_test,8,242,88.06666666666666,0.42830562591552734,0.8706671946824055
UBFC_PHYS_s01_T3_test,8,243,88.1,0.40518778562545776,0.6796418966532501
UBFC_PHYS_s01_T3_test,8,244,88.13333333333334,0.3429490625858307,0.4367431449234315
UBFC_PHYS_s01_T3_test,8,245,88.16666666666667,0.2630605697631836,0.1549095379949495
UBFC_PHYS_s01_T3_test,8,246,88.2,0.18122975528240204,-0.14637025898496916
UBFC_PHYS_s01_T3_test,8,247,88.23333333333333,0.08546490222215652,-0.4417362672781457
UBFC_PHYS_s01_T3_test,8,248,88.26666666666667,-0.03958255052566528,-0.7033767678582864
UBFC_PHYS_s01_T3_test,8,249,88.3,-0.19657273590564728,-0.9057526286609
UBFC_PHYS_s01_T3_test,8,250,88.33333333333333,-0.3612266480922699,-1.0299175331995554
UBFC_PHYS_s01_T3_test,8,251,88.36666666666666,-0.4767947196960449,-1.0657991916145888
UBFC_PHYS_s01_T3_test,8,252,88.4,-0.5237693190574646,-1.01223047277905
UBFC_PHYS_s01_T3_test,8,253,88.43333333333334,-0.5641569495201111,-0.875911850623286
UBFC_PHYS_s01_T3_test,8,254,88.46666666666667,-0.6497035026550293,-0.6702630636278458
UBFC_PHYS_s01_T3_test,8,255,88.5,-0.7424070835113525,-0.4146361642110023
UBFC_PHYS_s01_T3_test,8,256,88.53333333333333,-0.7502819299697876,-0.1333672326048124
UBFC_PHYS_s01_T3_test,8,257,88.56666666666666,-0.619344174861908,0.14665027855311585
UBFC_PHYS_s01_T3_test,8,258,88.6,-0.3620077967643738,0.3997146538158975
UBFC_PHYS_s01_T3_test,8,259,88.63333333333334,-0.05577559396624565,0.6047094624232758
UBFC_PHYS_s01_T3_test,8,260,88.66666666666667,0.1971905678510666,0.7472209900094307
UBFC_PHYS_s01_T3_test,8,261,88.7,0.3317174017429352,0.8203710546601585
UBFC_PHYS_s01_T3_test,8,262,88.73333333333333,0.3646523952484131,0.8245767907534496
UBFC_PHYS_s01_T3_test,8,263,88.76666666666667,0.36114776134490967,0.7665704033839935
UBFC_PHYS_s01_T3_test,8,264,88.8,0.36180225014686584,0.6579357473524787
UBFC_PHYS_s01_T3_test,8,265,88.83333333333333,0.3767496645450592,0.5133094718619104
UBFC_PHYS_s01_T3_test,8,266,88.86666666666666,0.4046177566051483,0.34849662392548625
UBFC_PHYS_s01_T3_test,8,267,88.9,0.4293823540210724,0.17885201994175456
UBFC_PHYS_s01_T3_test,8,268,88.93333333333334,0.4377005398273468,0.018157392733615337
UBFC_PHYS_s01_T3_test,8,269,88.96666666666667,0.4298468232154846,-0.12190721345388822
UBFC_PHYS_s01_T3_test,8,270,89.0,0.4020842909812927,-0.2320731569073931
UBFC_PHYS_s01_T3_test,8,271,89.03333333333333,0.34465914964675903,-0.3062873451834035
UBFC_PHYS_s01_T3_test,8,272,89.06666666666666,0.25742360949516296,-0.3428364406928492
UBFC_PHYS_s01_T3_test,8,273,89.1,0.14981482923030853,-0.3447545589346458
UBFC_PHYS_s01_T3_test,8,274,89.13333333333334,0.05071425065398216,-0.3189409395356225
UBFC_PHYS_s01_T3_test,8,275,89.16666666666667,-0.00041945214616134763,-0.2740478595949893
UBFC_PHYS_s01_T3_test,8,276,89.2,-0.0001661059504840523,-0.2179778795454103
UBFC_PHYS_s01_T3_test,8,277,89.23333333333333,-0.001981753623113036,-0.15643405796040857
UBFC_PHYS_s01_T3_test,8,278,89.26666666666667,-0.039265867322683334,-0.09306056528541576
UBFC_PHYS_s01_T3_test,8,279,89.3,-0.08377034217119217,-0.030693394574931934
UBFC_PHYS_s01_T3_test,8,280,89.33333333333333,-0.12371459603309631,0.027078401423201538
UBFC_PHYS_s01_T3_test,8,281,89.36666666666666,-0.18563662469387054,0.07496843033283354
UBFC_PHYS_s01_T3_test,8,282,89.4,-0.24369512498378754,0.10626595015143275
UBFC_PHYS_s01_T3_test,8,283,89.43333333333334,-0.20168188214302063,0.1144570859969942
UBFC_PHYS_s01_T3_test,8,284,89.46666666666667,-0.0023406606633216143,0.09552266751858281
UBFC_PHYS_s01_T3_test,8,285,89.5,0.29187870025634766,0.04958252565091631
UBFC_PHYS_s01_T3_test,8,286,89.53333333333333,0.563339114189148,-0.018757131313792023
UBFC_PHYS_s01_T3_test,8,287,89.56666666666666,0.7811112999916077,-0.10118103056560919
UBFC_PHYS_s01_T3_test,8,288,89.6,0.9922541975975037,-0.1870970975301781
UBFC_PHYS_s01_T3_test,8,289,89.63333333333334,1.1755291223526,-0.2650776784982352
UBFC_PHYS_s01_T3_test,8,290,89.66666666666667,1.2359099388122559,-0.3241415523234444
UBFC_PHYS_s01_T3_test,8,291,89.7,1.179287075996399,-0.3551773727548772
UBFC_PHYS_s01_T3_test,8,292,89.73333333333333,1.15834379196167,-0.3527302331794314
UBFC_PHYS_s01_T3_test,8,293,89.76666666666667,1.3024133443832397,-0.31715488415183785
UBFC_PHYS_s01_T3_test,8,294,89.8,1.4352933168411255,-0.2559758687109236
UBFC_PHYS_s01_T3_test,8,295,89.83333333333333,1.0520228147506714,-0.18240745801405206
UBFC_PHYS_s01_T3_test,8,296,89.86666666666666,-0.08985065668821335,-0.11103934749438653
UBFC_PHYS_s01_T3_test,8,297,89.9,-1.4635570049285889,-0.05281827653339645
UBFC_PHYS_s01_T3_test,8,298,89.93333333333334,-2.3008873462677,-0.011408515814151365
UBFC_PHYS_s01_T3_test,8,299,89.96666666666667,-2.423168897628784,0.017469733580135316
UBFC_PHYS_s01_T3_test,9,0,90.0,-2.153228521347046,-0.07248710635845765
UBFC_PHYS_s01_T3_test,9,1,90.03333333333333,-1.7854121923446655,-0.1731227451246707
UBFC_PHYS_s01_T3_test,9,2,90.06666666666666,-1.4636836051940918,-0.2578529283460324
UBFC_PHYS_s01_T3_test,9,3,90.1,-1.2430825233459473,-0.3136142930427921
UBFC_PHYS_s01_T3_test,9,4,90.13333333333334,-1.0733405351638794,-0.33151002523430834
UBFC_PHYS_s01_T3_test,9,5,90.16666666666667,-0.8889256119728088,-0.30866999668742745
UBFC_PHYS_s01_T3_test,9,6,90.2,-0.7350600361824036,-0.24823389878155908
UBFC_PHYS_s01_T3_test,9,7,90.23333333333333,-0.696488082408905,-0.1586349859396587
UBFC_PHYS_s01_T3_test,9,8,90.26666666666667,-0.7304153442382812,-0.052635579447484655
UBFC_PHYS_s01_T3_test,9,9,90.3,-0.6921812295913696,0.054277344840126515
UBFC_PHYS_s01_T3_test,9,10,90.33333333333333,-0.5197791457176208,0.14640295335029366
UBFC_PHYS_s01_T3_test,9,11,90.36666666666666,-0.2746455669403076,0.2112232415737735
UBFC_PHYS_s01_T3_test,9,12,90.4,-0.03202438727021217,0.24258965586003903
UBFC_PHYS_s01_T3_test,9,13,90.43333333333334,0.2041153609752655,0.24172771018051503
UBFC_PHYS_s01_T3_test,9,14,90.46666666666667,0.43172580003738403,0.21558239438947147
UBFC_PHYS_s01_T3_test,9,15,90.5,0.5746763944625854,0.17363471038619918
UBFC_PHYS_s01_T3_test,9,16,90.53333333333333,0.5799332857131958,0.12483228608123359
UBFC_PHYS_s01_T3_test,9,17,90.56666666666666,0.5266250371932983,0.0764065089609605
UBFC_PHYS_s01_T3_test,9,18,90.6,0.5072863101959229,0.03436918062145248
UBFC_PHYS_s01_T3_test,9,19,90.63333333333334,0.5150344371795654,0.0036250053827661995
UBFC_PHYS_s01_T3_test,9,20,90.66666666666667,0.5031060576438904,-0.013081307552115774
UBFC_PHYS_s01_T3_test,9,21,90.7,0.47169116139411926,-0.01663488425880032
UBFC_PHYS_s01_T3_test,9,22,90.73333333333333,0.4377216696739197,-0.012117811097374304
UBFC_PHYS_s01_T3_test,9,23,90.76666666666667,0.3883613646030426,-0.006947591722493181
UBFC_PHYS_s01_T3_test,9,24,90.8,0.32380032539367676,-0.00746161138444579
UBFC_PHYS_s01_T3_test,9,25,90.83333333333333,0.26654407382011414,-0.017025602570665335
UBFC_PHYS_s01_T3_test,9,26,90.86666666666666,0.20838002860546112,-0.03657712471459785
UBFC_PHYS_s01_T3_test,9,27,90.9,0.12568360567092896,-0.06613781469968547
UBFC_PHYS_s01_T3_test,9,28,90.93333333333334,0.015625806525349617,-0.10562052954552174
UBFC_PHYS_s01_T3_test,9,29,90.96666666666667,-0.10281353443861008,-0.15352519320707025
UBFC_PHYS_s01_T3_test,9,30,91.0,-0.19042909145355225,-0.20458410772323243
UBFC_PHYS_s01_T3_test,9,31,91.03333333333333,-0.23444798588752747,-0.24960108216960644
UBFC_PHYS_s01_T3_test,9,32,91.06666666666666,-0.28933966159820557,-0.2783207484395739
UBFC_PHYS_s01_T3_test,9,33,91.1,-0.3898758590221405,-0.2834917676650705
UBFC_PHYS_s01_T3_test,9,34,91.13333333333334,-0.49632349610328674,-0.2639297963960608
UBFC_PHYS_s01_T3_test,9,35,91.16666666666667,-0.5449026226997375,-0.22455131621648755
UBFC_PHYS_s01_T3_test,9,36,91.2,-0.4829805791378021,-0.17347086515277313
UBFC_PHYS_s01_T3_test,9,37,91.23333333333333,-0.29189422726631165,-0.11834463459513257
UBFC_PHYS_s01_T3_test,9,38,91.26666666666667,-0.02691524103283882,-0.06376435387722901
UBFC_PHYS_s01_T3_test,9,39,91.3,0.20745109021663666,-0.01071599279068895
UBFC_PHYS_s01_T3_test,9,40,91.33333333333333,0.35067611932754517,0.04184088508279542
UBFC_PHYS_s01_T3_test,9,41,91.36666666666666,0.4008386731147766,0.0941703694752991
UBFC_PHYS_s01_T3_test,9,42,91.4,0.38301998376846313,0.14368627867307326
UBFC_PHYS_s01_T3_test,9,43,91.43333333333334,0.3332374691963196,0.18611419402140902
UBFC_PHYS_s01_T3_test,9,44,91.46666666666667,0.28075259923934937,0.21905480079649112
UBFC_PHYS_s01_T3_test,9,45,91.5,0.24215951561927795,0.24398939918802232
UBFC_PHYS_s01_T3_test,9,46,91.53333333333333,0.22742322087287903,0.26487321959142923
UBFC_PHYS_s01_T3_test,9,47,91.56666666666666,0.22402414679527283,0.28408005671894443
UBFC_PHYS_s01_T3_test,9,48,91.6,0.20004071295261383,0.2985809427366978
UBFC_PHYS_s01_T3_test,9,49,91.63333333333334,0.1455501765012741,0.30061242196714366
UBFC_PHYS_s01_T3_test,9,50,91.66666666666667,0.09046848863363266,0.28254244689177216
UBFC_PHYS_s01_T3_test,9,51,91.7,0.05366995930671692,0.24115948970108925
UBFC_PHYS_s01_T3_test,9,52,91.73333333333333,0.011846725828945637,0.17888541372316713
UBFC_PHYS_s01_T3_test,9,53,91.76666666666667,-0.051025353372097015,0.10229691169517945
UBFC_PHYS_s01_T3_test,9,54,91.8,-0.11930214613676071,0.019403754113968448
UBFC_PHYS_s01_T3_test,9,55,91.83333333333333,-0.18515104055404663,-0.06221129982066284
UBFC_PHYS_s01_T3_test,9,56,91.86666666666666,-0.2548634707927704,-0.13568733073652292
UBFC_PHYS_s01_T3_test,9,57,91.9,-0.32495591044425964,-0.1944546689967489
UBFC_PHYS_s01_T3_test,9,58,91.93333333333334,-0.37416839599609375,-0.23224660389357785
UBFC_PHYS_s01_T3_test,9,59,91.96666666666667,-0.35487186908721924,-0.2446899566828917
UBFC_PHYS_s01_T3_test,9,60,92.0,-0.23064778745174408,-0.23163987970951166
UBFC_PHYS_s01_T3_test,9,61,92.03333333333333,-0.031264349818229675,-0.19765272015947688
UBFC_PHYS_s01_T3_test,9,62,92.06666666666666,0.1691747009754181,-0.15008215005319306
UBFC_PHYS_s01_T3_test,9,63,92.1,0.3111330270767212,-0.09652138198818944
UBFC_PHYS_s01_T3_test,9,64,92.13333333333334,0.3531251549720764,-0.0429505062279028
UBFC_PHYS_s01_T3_test,9,65,92.16666666666667,0.2954677641391754,0.006739305030711397
UBFC_PHYS_s01_T3_test,9,66,92.2,0.1955438256263733,0.05004552943075478
UBFC_PHYS_s01_T3_test,9,67,92.23333333333333,0.11656314879655838,0.08496569261046485
UBFC_PHYS_s01_T3_test,9,68,92.26666666666667,0.08846282958984375,0.10967201612834243
UBFC_PHYS_s01_T3_test,9,69,92.3,0.10383249819278717,0.12306602836464464
UBFC_PHYS_s01_T3_test,9,70,92.33333333333333,0.1294204592704773,0.1256174097748565
UBFC_PHYS_s01_T3_test,9,71,92.36666666666666,0.13467739522457123,0.11915049126804807
UBFC_PHYS_s01_T3_test,9,72,92.4,0.09984230250120163,0.10543830664844278
UBFC_PHYS_s01_T3_test,9,73,92.43333333333334,0.018708184361457825,0.08471921992791379
UBFC_PHYS_s01_T3_test,9,74,92.46666666666667,-0.08256695419549942,0.05528311222276332
UBFC_PHYS_s01_T3_test,9,75,92.5,-0.16066090762615204,0.015001645701925446
UBFC_PHYS_s01_T3_test,9,76,92.53333333333333,-0.21380026638507843,-0.03582483216881852
UBFC_PHYS_s01_T3_test,9,77,92.56666666666666,-0.2745189070701599,-0.09230675898136116
UBFC_PHYS_s01_T3_test,9,78,92.6,-0.35371071100234985,-0.14509079440051248
UBFC_PHYS_s01_T3_test,9,79,92.63333333333334,-0.44079846143722534,-0.18355227021917261
UBFC_PHYS_s01_T3_test,9,80,92.66666666666667,-0.49317777156829834,-0.20041250673204375
UBFC_PHYS_s01_T3_test,9,81,92.7,-0.4302212595939636,-0.19410080484124376
UBFC_PHYS_s01_T3_test,9,82,92.73333333333333,-0.22756542265415192,-0.16803048918799332
UBFC_PHYS_s01_T3_test,9,83,92.76666666666667,0.012564539909362793,-0.12896338716822844
UBFC_PHYS_s01_T3_test,9,84,92.8,0.17400939762592316,-0.08553044861186489
UBFC_PHYS_s01_T3_test,9,85,92.83333333333333,0.2515544295310974,-0.04659740346671164
UBFC_PHYS_s01_T3_test,9,86,92.86666666666666,0.2809637188911438,-0.01920400293316701
UBFC_PHYS_s01_T3_test,9,87,92.9,0.2681275010108948,-0.0060172286951029165
UBFC_PHYS_s01_T3_test,9,88,92.93333333333334,0.21503035724163055,-0.0035023140326447943
UBFC_PHYS_s01_T3_test,9,89,92.96666666666667,0.15205273032188416,-0.003008338592839834
UBFC_PHYS_s01_T3_test,9,90,93.0,0.11928661912679672,0.005335059819871467
UBFC_PHYS_s01_T3_test,9,91,93.03333333333333,0.13503630459308624,0.028334705123003484
UBFC_PHYS_s01_T3_test,9,92,93.06666666666666,0.1752127856016159,0.06707567380472873
UBFC_PHYS_s01_T3_test,9,93,93.1,0.1917436271905899,0.11703605607294368
UBFC_PHYS_s01_T3_test,9,94,93.13333333333334,0.15114490687847137,0.17046714010552697
UBFC_PHYS_s01_T3_test,9,95,93.16666666666667,0.06861738115549088,0.21903765609900044
UBFC_PHYS_s01_T3_test,9,96,93.2,-0.00041945214616134763,0.2554873017967555
UBFC_PHYS_s01_T3_test,9,97,93.23333333333333,-0.04099706560373306,0.2740644490861315
UBFC_PHYS_s01_T3_test,9,98,93.26666666666667,-0.1164097785949707,0.2703885172675726
UBFC_PHYS_s01_T3_test,9,99,93.3,-0.24926874041557312,0.24201359117221585
UBFC_PHYS_s01_T3_test,9,100,93.33333333333333,-0.34539249539375305,0.18959737876993502
UBFC_PHYS_s01_T3_test,9,101,93.36666666666666,-0.3122674822807312,0.11721500072777806
UBFC_PHYS_s01_T3_test,9,102,93.4,-0.15698739886283875,0.03147571235359749
UBFC_PHYS_s01_T3_test,9,103,93.43333333333334,0.04786410927772522,-0.059683577833486524
UBFC_PHYS_s01_T3_test,9,104,93.46666666666667,0.20981565117835999,-0.14809173767703776
UBFC_PHYS_s01_T3_test,9,105,93.5,0.26654407382011414,-0.22641266848349745
UBFC_PHYS_s01_T3_test,9,106,93.53333333333333,0.23751483857631683,-0.2891309372767686
UBFC_PHYS_s01_T3_test,9,107,93.56666666666666,0.17666952311992645,-0.3332164531895529
UBFC_PHYS_s01_T3_test,9,108,93.6,0.09768885374069214,-0.35824860181484897
UBFC_PHYS_s01_T3_test,9,109,93.63333333333334,0.027617525309324265,-0.36584160286801504
UBFC_PHYS_s01_T3_test,9,110,93.66666666666667,0.006019763182848692,-0.3585659850016982
UBFC_PHYS_s01_T3_test,9,111,93.7,0.006167548708617687,-0.3388812722617412
UBFC_PHYS_s01_T3_test,9,112,93.73333333333333,-0.03620459884405136,-0.30849498702402617
UBFC_PHYS_s01_T3_test,9,113,93.76666666666667,-0.12572024762630463,-0.2683797996718322
UBFC_PHYS_s01_T3_test,9,114,93.8,-0.21943722665309906,-0.21919126207199477
UBFC_PHYS_s01_T3_test,9,115,93.83333333333333,-0.29577887058258057,-0.16142265095985714
UBFC_PHYS_s01_T3_test,9,116,93.86666666666666,-0.3613744378089905,-0.09525755294453346
UBFC_PHYS_s01_T3_test,9,117,93.9,-0.4280044734477997,-0.020709429947107248
UBFC_PHYS_s01_T3_test,9,118,93.93333333333334,-0.4933466613292694,0.0617983324920377
UBFC_PHYS_s01_T3_test,9,119,93.96666666666667,-0.5236637592315674,0.15075230496968658
UBFC_PHYS_s01_T3_test,9,120,94.0,-0.4672097861766815,0.2431537058320726
UBFC_PHYS_s01_T3_test,9,121,94.03333333333333,-0.30964958667755127,0.33474472778019376
UBFC_PHYS_s01_T3_test,9,122,94.06666666666666,-0.11626199632883072,0.420592724570532
UBFC_PHYS_s01_T3_test,9,123,94.1,0.041889358311891556,0.49524652337697905
UBFC_PHYS_s01_T3_test,9,124,94.13333333333334,0.14586685597896576,0.552617493649145
UBFC_PHYS_s01_T3_test,9,125,94.16666666666667,0.19898509979248047,0.5866220627009038
UBFC_PHYS_s01_T3_test,9,126,94.2,0.2065010368824005,0.5925601008648319
UBFC_PHYS_s01_T3_test,9,127,94.23333333333333,0.19898509979248047,0.5681218621086117
UBFC_PHYS_s01_T3_test,9,128,94.26666666666667,0.19417153298854828,0.5135377151534068
UBFC_PHYS_s01_T3_test,9,129,94.3,0.16970251500606537,0.4311201912043812
UBFC_PHYS_s01_T3_test,9,130,94.33333333333333,0.12203120440244675,0.3246161295790735
UBFC_PHYS_s01_T3_test,9,131,94.36666666666666,0.08217140287160873,0.19884111252132453
UBFC_PHYS_s01_T3_test,9,132,94.4,0.06804735213518143,0.0596042624242669
UBFC_PHYS_s01_T3_test,9,133,94.43333333333334,0.05768127366900444,-0.08651814507595151
UBFC_PHYS_s01_T3_test,9,134,94.46666666666667,0.010009965859353542,-0.232606294953739
UBFC_PHYS_s01_T3_test,9,135,94.5,-0.08339032530784607,-0.3716462879658899
UBFC_PHYS_s01_T3_test,9,136,94.53333333333333,-0.18793785572052002,-0.49643618313399795
UBFC_PHYS_s01_T3_test,9,137,94.56666666666666,-0.2662429213523865,-0.5992328460897673
UBFC_PHYS_s01_T3_test,9,138,94.6,-0.2764401137828827,-0.671497137556382
UBFC_PHYS_s01_T3_test,9,139,94.63333333333334,-0.1704358458518982,-0.7042777729565782
UBFC_PHYS_s01_T3_test,9,140,94.66666666666667,0.023753996938467026,-0.6894986056313115
UBFC_PHYS_s01_T3_test,9,141,94.7,0.1938970685005188,-0.6220401436021229
UBFC_PHYS_s01_T3_test,9,142,94.73333333333333,0.2707665264606476,-0.5019976475966078
UBFC_PHYS_s01_T3_test,9,143,94.76666666666667,0.2717587947845459,-0.3360916601365661
UBFC_PHYS_s01_T3_test,9,144,94.8,0.22100511193275452,-0.1376768616202535
UBFC_PHYS_s01_T3_test,9,145,94.83333333333333,0.1384987086057663,0.07462806083518397
UBFC_PHYS_s01_T3_test,9,146,94.86666666666666,0.07748449593782425,0.2792459193676913
UBFC_PHYS_s01_T3_test,9,147,94.9,0.07419099658727646,0.4541084542749422
UBFC_PHYS_s01_T3_test,9,148,94.93333333333334,0.08664718270301819,0.5791635545683513
UBFC_PHYS_s01_T3_test,9,149,94.96666666666667,0.060742538422346115,0.6393842029053145
UBFC_PHYS_s01_T3_test,9,150,95.0,0.009081029333174229,0.6278447117957341
UBFC_PHYS_s01_T3_test,9,151,95.03333333333333,-0.036310162395238876,0.54753816377226
UBFC_PHYS_s01_T3_test,9,152,95.06666666666666,-0.0949598029255867,0.410948404348821
UBFC_PHYS_s01_T3_test,9,153,95.1,-0.19549600780010223,0.23696851691770035
UBFC_PHYS_s01_T3_test,9,154,95.13333333333334,-0.32759493589401245,0.046288681728959065
UBFC_PHYS_s01_T3_test,9,155,95.16666666666667,-0.4320580065250397,-0.14231415343984516
UBFC_PHYS_s01_T3_test,9,156,95.2,-0.42186081409454346,-0.31367327719374055
UBFC_PHYS_s01_T3_test,9,157,95.23333333333333,-0.2649551033973694,-0.456319426604557
UBFC_PHYS_s01_T3_test,9,158,95.26666666666667,-0.038168031722307205,-0.5617739334673586
UBFC_PHYS_s01_T3_test,9,159,95.3,0.15019485354423523,-0.6240189775723314
UBFC_PHYS_s01_T3_test,9,160,95.33333333333333,0.2535600960254669,-0.6395815071952505
UBFC_PHYS_s01_T3_test,9,161,95.36666666666666,0.2582681179046631,-0.6080286881570578
UBFC_PHYS_s01_T3_test,9,162,95.4,0.17489610612392426,-0.532404342439274
UBFC_PHYS_s01_T3_test,9,163,95.43333333333334,0.08139025419950485,-0.41900249685350593
UBFC_PHYS_s01_T3_test,9,164,95.46666666666667,0.058546870946884155,-0.27646757710698994
UBFC_PHYS_s01_T3_test,9,165,95.5,0.0765344500541687,-0.11481589352942047
UBFC_PHYS_s01_T3_test,9,166,95.53333333333333,0.05056646838784218,0.05525165370635294
UBFC_PHYS_s01_T3_test,9,167,95.56666666666666,-0.01502908207476139,0.22268174745001607
UBFC_PHYS_s01_T3_test,9,168,95.6,-0.07433319836854935,0.3763012843359278
UBFC_PHYS_s01_T3_test,9,169,95.63333333333334,-0.12800036370754242,0.5054354952986582
UBFC_PHYS_s01_T3_test,9,170,95.66666666666667,-0.19475708901882172,0.6008769115427428
UBFC_PHYS_s01_T3_test,9,171,95.7,-0.2755534052848816,0.6556430583788861
UBFC_PHYS_s01_T3_test,9,172,95.73333333333333,-0.36405566334724426,0.665450746419418
UBFC_PHYS_s01_T3_test,9,173,95.76666666666667,-0.4283422529697418,0.6293187591376384
UBFC_PHYS_s01_T3_test,9,174,95.8,-0.4048866331577301,0.5502787456774377
UBFC_PHYS_s01_T3_test,9,175,95.83333333333333,-0.2554545998573303,0.43572007816373126
UBFC_PHYS_s01_T3_test,9,176,95.86666666666666,-0.019821546971797943,0.29695592715971075
UBFC_PHYS_s01_T3_test,9,177,95.9,0.20168747007846832,0.147773667469948
UBFC_PHYS_s01_T3_test,9,178,95.93333333333334,0.328677237033844,0.00223353621718847
UBFC_PHYS_s01_T3_test,9,179,95.96666666666667,0.35962769389152527,-0.12754285296976842
UBFC_PHYS_s01_T3_test,9,180,96.0,0.3358975946903229,-0.2329773334271048
UBFC_PHYS_s01_T3_test,9,181,96.03333333333333,0.2824626863002777,-0.3096433125439875
UBFC_PHYS_s01_T3_test,9,182,96.06666666666666,0.2289644032716751,-0.3567531071226138
UBFC_PHYS_s01_T3_test,9,183,96.1,0.2076410949230194,-0.3756854039141417
UBFC_PHYS_s01_T3_test,9,184,96.13333333333334,0.21475590765476227,-0.3683059199439167
UBFC_PHYS_s01_T3_test,9,185,96.16666666666667,0.20721885561943054,-0.33625704155006714
UBFC_PHYS_s01_T3_test,9,186,96.2,0.14449456334114075,-0.28162538470075366
UBFC_PHYS_s01_T3_test,9,187,96.23333333333333,0.02643524296581745,-0.2085279200011939
UBFC_PHYS_s01_T3_test,9,188,96.26666666666667,-0.10207460820674896,-0.12443336904530204
UBFC_PHYS_s01_T3_test,9,189,96.3,-0.2058832049369812,-0.03961535734510142
UBFC_PHYS_s01_T3_test,9,190,96.33333333333333,-0.29451215267181396,0.0354005318712743
UBFC_PHYS_s01_T3_test,9,191,96.36666666666666,-0.3856112062931061,0.0930019456108861
UBFC_PHYS_s01_T3_test,9,192,96.4,-0.47436681389808655,0.13054263291473248
UBFC_PHYS_s01_T3_test,9,193,96.43333333333334,-0.5090541243553162,0.14964381953720615
UBFC_PHYS_s01_T3_test,9,194,96.46666666666667,-0.4094679653644562,0.15335829341486348
UBFC_PHYS_s01_T3_test,9,195,96.5,-0.16192764043807983,0.1439013142296729
UBFC_PHYS_s01_T3_test,9,196,96.53333333333333,0.13784421980381012,0.12248244458581398
UBFC_PHYS_s01_T3_test,9,197,96.56666666666666,0.3759685158729553,0.09120941547333092
UBFC_PHYS_s01_T3_test,9,198,96.6,0.5031060576438904,0.0553140981459563
UBFC_PHYS_s01_T3_test,9,199,96.63333333333334,0.5228670835494995,0.022707628071513858
UBFC_PHYS_s01_T3_test,9,200,96.66666666666667,0.481360524892807,0.0007377997909879335
UBFC_PHYS_s01_T3_test,9,201,96.7,0.4525635242462158,-0.007052747509769776
UBFC_PHYS_s01_T3_test,9,202,96.73333333333333,0.47563913464546204,-0.0021322243957500324
UBFC_PHYS_s01_T3_test,9,203,96.76666666666667,0.5115298628807068,0.01061060301191684
UBFC_PHYS_s01_T3_test,9,204,96.8,0.4980391561985016,0.026014715187384733
UBFC_PHYS_s01_T3_test,9,205,96.83333333333333,0.43639159202575684,0.04044622939798608
UBFC_PHYS_s01_T3_test,9,206,96.86666666666666,0.3593321144580841,0.0513734399748921
UBFC_PHYS_s01_T3_test,9,207,96.9,0.2697109282016754,0.05607425458398439
UBFC_PHYS_s01_T3_test,9,208,96.93333333333334,0.17187705636024475,0.05089748692100059
UBFC_PHYS_s01_T3_test,9,209,96.96666666666667,0.09893447905778885,0.03216389268121238
UBFC_PHYS_s01_T3_test,9,210,97.0,0.048349685966968536,-0.0017985525351124992
UBFC_PHYS_s01_T3_test,9,211,97.03333333333333,-0.037914685904979706,-0.04945625199960073
UBFC_PHYS_s01_T3_test,9,212,97.06666666666666,-0.1694013625383377,-0.10629806785388639
UBFC_PHYS_s01_T3_test,9,213,97.1,-0.29012081027030945,-0.16556478752207665
UBFC_PHYS_s01_T3_test,9,214,97.13333333333334,-0.3672858476638794,-0.2190538792904755
UBFC_PHYS_s01_T3_test,9,215,97.16666666666667,-0.4272021949291229,-0.2581814431174912
UBFC_PHYS_s01_T3_test,9,216,97.2,-0.5144588351249695,-0.2753498062974637
UBFC_PHYS_s01_T3_test,9,217,97.23333333333333,-0.6364872455596924,-0.2654715706288267
UBFC_PHYS_s01_T3_test,9,218,97.26666666666667,-0.7220337986946106,-0.2271980229144528
UBFC_PHYS_s01_T3_test,9,219,97.3,-0.6646931171417236,-0.16317462333791766
UBFC_PHYS_s01_T3_test,9,220,97.33333333333333,-0.44810327887535095,-0.07953144837262707
UBFC_PHYS_s01_T3_test,9,221,97.36666666666666,-0.163595512509346,0.014380712369313
UBFC_PHYS_s01_T3_test,9,222,97.4,0.08141136169433594,0.10654108013949838
UBFC_PHYS_s01_T3_test,9,223,97.43333333333334,0.2453896850347519,0.18498637607007812
UBFC_PHYS_s01_T3_test,9,224,97.46666666666667,0.34499695897102356,0.2418619598404551
UBFC_PHYS_s01_T3_test,9,225,97.5,0.3986007869243622,0.2753497831690449
UBFC_PHYS_s01_T3_test,9,226,97.53333333333333,0.4121759235858917,0.2880928808522877
UBFC_PHYS_s01_T3_test,9,227,97.56666666666666,0.4118592441082001,0.2831700927172439
UBFC_PHYS_s01_T3_test,9,228,97.6,0.41918516159057617,0.2602978151331676
UBFC_PHYS_s01_T3_test,9,229,97.63333333333334,0.4252232313156128,0.2158829886456486
UBFC_PHYS_s01_T3_test,9,230,97.66666666666667,0.4246743321418762,0.14703741861542705
UBFC_PHYS_s01_T3_test,9,231,97.7,0.43109244108200073,0.056109741894458436
UBFC_PHYS_s01_T3_test,9,232,97.73333333333333,0.4393472969532013,-0.04738848616001856
UBFC_PHYS_s01_T3_test,9,233,97.76666666666667,0.4140126705169678,-0.1494678135565106
UBFC_PHYS_s01_T3_test,9,234,97.8,0.3363409638404846,-0.23727379007034566
UBFC_PHYS_s01_T3_test,9,235,97.83333333333333,0.23582586646080017,-0.3026842208507025
UBFC_PHYS_s01_T3_test,9,236,97.86666666666666,0.14930814504623413,-0.3423105779784394
UBFC_PHYS_s01_T3_test,9,237,97.9,0.07210089266300201,-0.356032391047671
UBFC_PHYS_s01_T3_test,9,238,97.93333333333334,-0.023115048184990883,-0.34570834477739937
UBFC_PHYS_s01_T3_test,9,239,97.96666666666667,-0.13807088136672974,-0.3147568740965975
UBFC_PHYS_s01_T3_test,9,240,98.0,-0.2515488564968109,-0.2682202370723344
UBFC_PHYS_s01_T3_test,9,241,98.03333333333333,-0.35107168555259705,-0.21199851871458877
UBFC_PHYS_s01_T3_test,9,242,98.06666666666666,-0.4429096579551697,-0.15121073451264902
UBFC_PHYS_s01_T3_test,9,243,98.1,-0.5345365405082703,-0.08896131371340871
UBFC_PHYS_s01_T3_test,9,244,98.13333333333334,-0.5959941148757935,-0.026146293459102028
UBFC_PHYS_s01_T3_test,9,245,98.16666666666667,-0.5449026226997375,0.03786094195249486
UBFC_PHYS_s01_T3_test,9,246,98.2,-0.34503358602523804,0.10394990224277383
UBFC_PHYS_s01_T3_test,9,247,98.23333333333333,-0.08446704596281052,0.17182647762126585
UBFC_PHYS_s01_T3_test,9,248,98.26666666666667,0.12540915608406067,0.23915908831369062
UBFC_PHYS_s01_T3_test,9,249,98.3,0.26059046387672424,0.30230592739163376
UBFC_PHYS_s01_T3_test,9,250,98.33333333333333,0.33135849237442017,0.3580706703815449
UBFC_PHYS_s01_T3_test,9,251,98.36666666666666,0.3397611379623413,0.40453921130090403
UBFC_PHYS_s01_T3_test,9,252,98.4,0.3241170048713684,0.44034298507712827
UBFC_PHYS_s01_T3_test,9,253,98.43333333333334,0.32608044147491455,0.46316386813251614
UBFC_PHYS_s01_T3_test,9,254,98.46666666666667,0.3369743227958679,0.46869104264712846
UBFC_PHYS_s01_T3_test,9,255,98.5,0.3368476629257202,0.4513149637644336
UBFC_PHYS_s01_T3_test,9,256,98.53333333333333,0.3324774205684662,0.40642477736525295
UBFC_PHYS_s01_T3_test,9,257,98.56666666666666,0.3226391673088074,0.33276929647620235
UBFC_PHYS_s01_T3_test,9,258,98.6,0.28155484795570374,0.2337123877371952
UBFC_PHYS_s01_T3_test,9,259,98.63333333333334,0.2071555256843567,0.11685137747959115
UBFC_PHYS_s01_T3_test,9,260,98.66666666666667,0.1306871920824051,-0.007610803932098675
UBFC_PHYS_s01_T3_test,9,261,98.7,0.0748877003788948,-0.1285409009716859
UBFC_PHYS_s01_T3_test,9,262,98.73333333333333,0.03889143094420433,-0.235090545100466
UBFC_PHYS_s01_T3_test,9,263,98.76666666666667,0.006484231445938349,-0.31772497934355004
UBFC_PHYS_s01_T3_test,9,264,98.8,-0.044818371534347534,-0.36933777957834985
UBFC_PHYS_s01_T3_test,9,265,98.83333333333333,-0.11875323206186295,-0.38658779670816684
UBFC_PHYS_s01_T3_test,9,266,98.86666666666666,-0.1939125955104828,-0.3709830441244227
UBFC_PHYS_s01_T3_test,9,267,98.9,-0.27067649364471436,-0.32871837449093805
UBFC_PHYS_s01_T3_test,9,268,98.93333333333334,-0.3883557915687561,-0.26903648388593976
UBFC_PHYS_s01_T3_test,9,269,98.96666666666667,-0.5491039156913757,-0.20172821309629393
UBFC_PHYS_s01_T3_test,9,270,99.0,-0.6540526151657104,-0.1348862427594126
UBFC_PHYS_s01_T3_test,9,271,99.03333333333333,-0.5844457149505615,-0.07427671114468826
UBFC_PHYS_s01_T3_test,9,272,99.06666666666666,-0.3616277575492859,-0.024298755280565038
UBFC_PHYS_s01_T3_test,9,273,99.1,-0.09320749342441559,0.010859915525889385
UBFC_PHYS_s01_T3_test,9,274,99.13333333333334,0.13303065299987793,0.02689205011876384
UBFC_PHYS_s01_T3_test,9,275,99.16666666666667,0.2797392010688782,0.02024352737315184
UBFC_PHYS_s01_T3_test,9,276,99.2,0.3454614281654358,-0.010191525930767439
UBFC_PHYS_s01_T3_test,9,277,99.23333333333333,0.356777548789978,-0.06160927226759329
UBFC_PHYS_s01_T3_test,9,278,99.26666666666667,0.35508859157562256,-0.12689693573640012
UBFC_PHYS_s01_T3_test,9,279,99.3,0.36218225955963135,-0.1957001130736586
UBFC_PHYS_s01_T3_test,9,280,99.33333333333333,0.35384294390678406,-0.2566221604845186
UBFC_PHYS_s01_T3_test,9,281,99.36666666666666,0.31647440791130066,-0.29954582191772827
UBFC_PHYS_s01_T3_test,9,282,99.4,0.27699461579322815,-0.31717147411354374
UBFC_PHYS_s01_T3_test,9,283,99.43333333333334,0.24129392206668854,-0.30516175398675993
UBFC_PHYS_s01_T3_test,9,284,99.46666666666667,0.17628951370716095,-0.2615395547668491
UBFC_PHYS_s01_T3_test,9,285,99.5,0.05404997617006302,-0.18702976217911357
UBFC_PHYS_s01_T3_test,9,286,99.53333333333333,-0.12369348108768463,-0.08621774644148084
UBFC_PHYS_s01_T3_test,9,287,99.56666666666666,-0.2886851727962494,0.032392029772371905
UBFC_PHYS_s01_T3_test,9,288,99.6,-0.3812620937824249,0.15794767436785437
UBFC_PHYS_s01_T3_test,9,289,99.63333333333334,-0.4431630074977875,0.27942624257625803
UBFC_PHYS_s01_T3_test,9,290,99.66666666666667,-0.5350854396820068,0.38740670849030656
UBFC_PHYS_s01_T3_test,9,291,99.7,-0.6365717053413391,0.4746799617398732
UBFC_PHYS_s01_T3_test,9,292,99.73333333333333,-0.7178747057914734,0.5357689012537867
UBFC_PHYS_s01_T3_test,9,293,99.76666666666667,-0.7907962203025818,0.5662186516534453
UBFC_PHYS_s01_T3_test,9,294,99.8,-0.8761738538742065,0.5624728239755806
UBFC_PHYS_s01_T3_test,9,295,99.83333333333333,-0.97939133644104,0.5228813400933453
UBFC_PHYS_s01_T3_test,9,296,99.86666666666666,-1.048892617225647,0.44925946979098347
UBFC_PHYS_s01_T3_test,9,297,99.9,-0.9652884006500244,0.3474352473904126
UBFC_PHYS_s01_T3_test,9,298,99.93333333333334,-0.6629619598388672,0.22637014002057923
UBFC_PHYS_s01_T3_test,9,299,99.96666666666667,-0.23305457830429077,0.09669151414737673
UBFC_PHYS_s01_T3_test,10,0,100.0,0.17882296442985535,0.06400058799592566
UBFC_PHYS_s01_T3_test,10,1,100.03333333333333,0.5202280879020691,0.10538636014471425
UBFC_PHYS_s01_T3_test,10,2,100.06666666666666,0.7904639840126038,0.16493196509082778
UBFC_PHYS_s01_T3_test,10,3,100.1,0.9471585750579834,0.2581742423477032
UBFC_PHYS_s01_T3_test,10,4,100.13333333333334,0.9996646046638489,0.3918767337087933
UBFC_PHYS_s01_T3_test,10,5,100.16666666666667,1.0538173913955688,0.5618996813110932
UBFC_PHYS_s01_T3_test,10,6,100.2,1.166303038597107,0.7535512282818969
UBFC_PHYS_s01_T3_test,10,7,100.23333333333333,1.2587954998016357,0.9437012558833605
UBFC_PHYS_s01_T3_test,10,8,100.26666666666667,1.2457481622695923,1.1041037399304163
UBFC_PHYS_s01_T3_test,10,9,100.3,1.151228904724121,1.2056249392982599
UBFC_PHYS_s01_T3_test,10,10,100.33333333333333,1.0380887985229492,1.222721671528935
UBFC_PHYS_s01_T3_test,10,11,100.36666666666666,0.9231329560279846,1.13718560369938
UBFC_PHYS_s01_T3_test,10,12,100.4,0.7993311285972595,0.9409505915895341
UBFC_PHYS_s01_T3_test,10,13,100.43333333333334,0.6631153225898743,0.638439177535571
UBFC_PHYS_s01_T3_test,10,14,100.46666666666667,0.5060828924179077,0.2478534455100429
UBFC_PHYS_s01_T3_test,10,15,100.5,0.34856492280960083,-0.2001716257112962
UBFC_PHYS_s01_T3_test,10,16,100.53333333333333,0.2689931094646454,-0.6664001091616159
UBFC_PHYS_s01_T3_test,10,17,100.56666666666666,0.26677632331848145,-1.1074242390360063
UBFC_PHYS_s01_T3_test,10,18,100.6,0.20143412053585052,-1.4798010276210325
UBFC_PHYS_s01_T3_test,10,19,100.63333333333334,-0.01908262073993683,-1.7441101070618141
UBFC_PHYS_s01_T3_test,10,20,100.66666666666667,-0.3089739978313446,-1.869160512107863
UBFC_PHYS_s01_T3_test,10,21,100.7,-0.5335231423377991,-1.8363456715126483
UBFC_PHYS_s01_T3_test,10,22,100.73333333333333,-0.6504002213478088,-1.6438017008319934
UBFC_PHYS_s01_T3_test,10,23,100.76666666666667,-0.6865020394325256,-1.309594728614165
UBFC_PHYS_s01_T3_test,10,24,100.8,-0.6850875020027161,-0.8717687720469457
UBFC_PHYS_s01_T3_test,10,25,100.83333333333333,-0.6620752215385437,-0.38224288297883313
UBFC_PHYS_s01_T3_test,10,26,100.86666666666666,-0.6019477248191833,0.10428301790260852
UBFC_PHYS_s01_T3_test,10,27,100.9,-0.5209192037582397,0.5411825680692846
UBFC_PHYS_s01_T3_test,10,28,100.93333333333334,-0.4869285821914673,0.8967438814063954
UBFC_PHYS_s01_T3_test,10,29,100.96666666666667,-0.5363944172859192,1.1554134103048135
UBFC_PHYS_s01_T3_test,10,30,101.0,-0.6166840195655823,1.3143334364955683
UBFC_PHYS_s01_T3_test,10,31,101.03333333333333,-0.6227643489837646,1.3782125153701266
UBFC_PHYS_s01_T3_test,10,32,101.06666666666666,-0.513487696647644,1.355254866267351
UBFC_PHYS_s01_T3_test,10,33,101.1,-0.3580809235572815,1.2559368728788203
UBFC_PHYS_s01_T3_test,10,34,101.13333333333334,-0.24369512498378754,1.093883851394591
UBFC_PHYS_s01_T3_test,10,35,101.16666666666667,-0.17375046014785767,0.8858704353061876
UBFC_PHYS_s01_T3_test,10,36,101.2,-0.13000603020191193,0.6498307593170027
UBFC_PHYS_s01_T3_test,10,37,101.23333333333333,-0.13009047508239746,0.4019794840424328
UBFC_PHYS_s01_T3_test,10,38,101.26666666666667,-0.15871858596801758,0.1545132890197012
UBFC_PHYS_s01_T3_test,10,39,101.3,-0.16864131391048431,-0.08462654546411702
UBFC_PHYS_s01_T3_test,10,40,101.33333333333333,-0.16087202727794647,-0.3099067291938366
UBFC_PHYS_s01_T3_test,10,41,101.36666666666666,-0.15369388461112976,-0.5157126830572678
UBFC_PHYS_s01_T3_test,10,42,101.4,-0.13222280144691467,-0.6943996844697116
UBFC_PHYS_s01_T3_test,10,43,101.43333333333334,-0.0987388864159584,-0.8355547901333474
UBFC_PHYS_s01_T3_test,10,44,101.46666666666667,-0.10437583178281784,-0.926489948671847
UBFC_PHYS_s01_T3_test,10,45,101.5,-0.1856788545846939,-0.953381595183713
UBFC_PHYS_s01_T3_test,10,46,101.53333333333333,-0.3147587180137634,-0.9033600048430609
UBFC_PHYS_s01_T3_test,10,47,101.56666666666666,-0.4297778904438019,-0.7685906267770475
UBFC_PHYS_s01_T3_test,10,48,101.6,-0.4790537357330322,-0.5517979424061159
UBFC_PHYS_s01_T3_test,10,49,101.63333333333334,-0.4173850417137146,-0.27106109938433876
UBFC_PHYS_s01_T3_test,10,50,101.66666666666667,-0.21481366455554962,0.038588602138651666
UBFC_PHYS_s01_T3_test,10,51,101.7,0.08027130365371704,0.32898541269159354
UBFC_PHYS_s01_T3_test,10,52,101.73333333333333,0.32960617542266846,0.5481356766052409
UBFC_PHYS_s01_T3_test,10,53,101.76666666666667,0.4294879138469696,0.6527561884180086
UBFC_PHYS_s01_T3_test,10,54,101.8,0.4367927312850952,0.6204280784605044
UBFC_PHYS_s01_T3_test,10,55,101.83333333333333,0.4740768373012543,0.4569727080483923
UBFC_PHYS_s01_T3_test,10,56,101.86666666666666,0.551854133605957,0.19613966056880228
UBFC_PHYS_s01_T3_test,10,57,101.9,0.5348376631736755,-0.10922674314278709
UBFC_PHYS_s01_T3_test,10,58,101.93333333333334,0.30197033286094666,-0.4011189854996044
UBFC_PHYS_s01_T3_test,10,59,101.96666666666667,-0.07336203753948212,-0.6284182847539764
UBFC_PHYS_s01_T3_test,10,60,102.0,-0.3965895473957062,-0.7540793032472514
UBFC_PHYS_s01_T3_test,10,61,102.03333333333333,-0.5689916014671326,-0.7588605808537408
UBFC_PHYS_s01_T3_test,10,62,102.06666666666666,-0.6367617249488831,-0.6428032588402449
UBFC_PHYS_s01_T3_test,10,63,102.1,-0.641575276851654,-0.42489198257856653
UBFC_PHYS_s01_T3_test,10,64,102.13333333333334,-0.5986331105232239,-0.14012425829036632
UBFC_PHYS_s01_T3_test,10,65,102.16666666666667,-0.527273952960968,0.1677104625391186
UBFC_PHYS_s01_T3_test,10,66,102.2,-0.4450420141220093,0.45610003823311446
UBFC_PHYS_s01_T3_test,10,67,102.23333333333333,-0.35244396328926086,0.6922713490714579
UBFC_PHYS_s01_T3_test,10,68,102.26666666666667,-0.2495643049478531,0.8576515564702608
UBFC_PHYS_s01_T3_test,10,69,102.3,-0.16807128489017487,0.9483871172154644
UBFC_PHYS_s01_T3_test,10,70,102.33333333333333,-0.11336962133646011,0.9725085232335456
UBFC_PHYS_s01_T3_test,10,71,102.36666666666666,0.0034440772142261267,0.9446587293253108
UBFC_PHYS_s01_T3_test,10,72,102.4,0.27104097604751587,0.8799852239920652
UBFC_PHYS_s01_T3_test,10,73,102.43333333333334,0.6400396823883057,0.7892272354323978
UBFC_PHYS_s01_T3_test,10,74,102.46666666666667,0.979924738407135,0.6764005854739227
UBFC_PHYS_s01_T3_test,10,75,102.5,1.219442367553711,0.5396383437848926
UBFC_PHYS_s01_T3_test,10,76,102.53333333333333,1.3680299520492554,0.37444137977866787
UBFC_PHYS_s01_T3_test,10,77,102.56666666666666,1.460986852645874,0.1774870163756858
UBFC_PHYS_s01_T3_test,10,78,102.6,1.5249146223068237,-0.0506191983379787
UBFC_PHYS_s01_T3_test,10,79,102.63333333333334,1.5893489122390747,-0.30468961150981816
UBFC_PHYS_s01_T3_test,10,80,102.66666666666667,1.6670206785202026,-0.5757478007667223
UBFC_PHYS_s01_T3_test,10,81,102.7,1.7427289485931396,-0.8511789265457069
UBFC_PHYS_s01_T3_test,10,82,102.73333333333333,1.8327301740646362,-1.1138149681011216
UBFC_PHYS_s01_T3_test,10,83,102.76666666666667,2.0068001747131348,-1.3413434952341436
UBFC_PHYS_s01_T3_test,10,84,102.8,2.24080753326416,-1.5072361448691545
UBFC_PHYS_s01_T3_test,10,85,102.83333333333333,2.3785011768341064,-1.5838555996279864
UBFC_PHYS_s01_T3_test,10,86,102.86666666666666,2.3402037620544434,-1.5476128993274592
UBFC_PHYS_s01_T3_test,10,87,102.9,2.2625319957733154,-1.3851669705314358
UBFC_PHYS_s01_T3_test,10,88,102.93333333333334,2.376474380493164,-1.098906691382617
UBFC_PHYS_s01_T3_test,10,89,102.96666666666667,2.6421501636505127,-0.7094807296113559
UBFC_PHYS_s01_T3_test,10,90,103.0,2.5396926403045654,-0.25410312062074014
UBFC_PHYS_s01_T3_test,10,91,103.03333333333333,1.4632458686828613,0.21939188480369148
UBFC_PHYS_s01_T3_test,10,92,103.06666666666666,-0.4569914937019348,0.6614092763343273
UBFC_PHYS_s01_T3_test,10,93,103.1,-2.4125285148620605,1.029831859750323
UBFC_PHYS_s01_T3_test,10,94,103.13333333333334,-3.5149221420288086,1.2971987688664768
UBFC_PHYS_s01_T3_test,10,95,103.16666666666667,-3.496913433074951,1.453846410534163
UBFC_PHYS_s01_T3_test,10,96,103.2,-2.930177927017212,1.506260496914354
UBFC_PHYS_s01_T3_test,10,97,103.23333333333333,-2.5326988697052,1.4712260694994928
UBFC_PHYS_s01_T3_test,10,98,103.26666666666667,-2.433535099029541,1.368261934734432
UBFC_PHYS_s01_T3_test,10,99,103.3,-2.4713680744171143,1.2142090300995594
UBFC_PHYS_s01_T3_test,10,100,103.33333333333333,-2.6550652980804443,1.0213667943061204
UBFC_PHYS_s01_T3_test,10,101,103.36666666666666,-2.865427017211914,0.7979039504666147
UBFC_PHYS_s01_T3_test,10,102,103.4,-2.8346664905548096,0.5493309800920324
UBFC_PHYS_s01_T3_test,10,103,103.43333333333334,-2.529680013656616,0.2802490455897375
UBFC_PHYS_s01_T3_test,10,104,103.46666666666667,-2.056154727935791,-0.003953898261334014
UBFC_PHYS_s01_T3_test,10,105,103.5,-1.4172580242156982,-0.29532782819419773
UBFC_PHYS_s01_T3_test,10,106,103.53333333333333,-0.6434120535850525,-0.5820377469937473
UBFC_PHYS_s01_T3_test,10,107,103.56666666666666,0.10902609676122665,-0.8486134507292568
UBFC_PHYS_s01_T3_test,10,108,103.6,0.6630308628082275,-1.077480763092583
UBFC_PHYS_s01_T3_test,10,109,103.63333333333334,0.8816263675689697,-1.2501685602135293
UBFC_PHYS_s01_T3_test,10,110,103.66666666666667,0.8085993528366089,-1.348260991390445
UBFC_PHYS_s01_T3_test,10,111,103.7,0.6547337770462036,-1.355770878871334
UBFC_PHYS_s01_T3_test,10,112,103.73333333333333,0.5525085926055908,-1.2632285233754492
UBFC_PHYS_s01_T3_test,10,113,103.76666666666667,0.5330009460449219,-1.0721901249542594
UBFC_PHYS_s01_T3_test,10,114,103.8,0.6369995474815369,-0.7982208630662476
UBFC_PHYS_s01_T3_test,10,115,103.83333333333333,0.7980432510375977,-0.47017036459389394
UBFC_PHYS_s01_T3_test,10,116,103.86666666666666,0.8610842227935791,-0.1253484624034877
UBFC_PHYS_s01_T3_test,10,117,103.9,0.834799587726593,0.1978504476888989
UBFC_PHYS_s01_T3_test,10,118,103.93333333333334,0.8663833737373352,0.467589326554074
UBFC_PHYS_s01_T3_test,10,119,103.96666666666667,0.9886229038238525,0.663878541175725
UBFC_PHYS_s01_T3_test,10,120,104.0,1.1364715099334717,0.780436837924904
UBFC_PHYS_s01_T3_test,10,121,104.03333333333333,1.2795909643173218,0.8236932302725201
UBFC_PHYS_s01_T3_test,10,122,104.06666666666666,1.3776148557662964,0.8095619314701951
UBFC_PHYS_s01_T3_test,10,123,104.1,1.3267345428466797,0.7585346668573996
UBFC_PHYS_s01_T3_test,10,124,104.13333333333334,1.0330218076705933,0.6902740768193919
UBFC_PHYS_s01_T3_test,10,125,104.16666666666667,0.5178846120834351,0.6193848556002532
UBFC_PHYS_s01_T3_test,10,126,104.2,-0.06958296149969101,0.5529928899236741
UBFC_PHYS_s01_T3_test,10,127,104.23333333333333,-0.5613278746604919,0.4897131012614446
UBFC_PHYS_s01_T3_test,10,128,104.26666666666667,-0.8966948986053467,0.4206778695481222
UBFC_PHYS_s01_T3_test,10,129,104.3,-1.1369937658309937,0.33420992549699446
UBFC_PHYS_s01_T3_test,10,130,104.33333333333333,-1.3456876277923584,0.22270138840156872
UBFC_PHYS_s01_T3_test,10,131,104.36666666666666,-1.4710729122161865,0.08747038378343511
UBFC_PHYS_s01_T3_test,10,132,104.4,-1.4094042778015137,-0.06056435127333074
UBFC_PHYS_s01_T3_test,10,133,104.43333333333334,-1.1757346391677856,-0.20401740721378375
UBFC_PHYS_s01_T3_test,10,134,104.46666666666667,-0.8817685842514038,-0.32402597192084764
UBFC_PHYS_s01_T3_test,10,135,104.5,-0.5631646513938904,-0.40405558125978314
UBFC_PHYS_s01_T3_test,10,136,104.53333333333333,-0.17706507444381714,-0.4321422344978515
UBFC_PHYS_s01_T3_test,10,137,104.56666666666666,0.2378104031085968,-0.4037869340577472
UBFC_PHYS_s01_T3_test,10,138,104.6,0.5849369168281555,-0.32577140072150196
UBFC_PHYS_s01_T3_test,10,139,104.63333333333334,0.8531249165534973,-0.21897543192773242
UBFC_PHYS_s01_T3_test,10,140,104.66666666666667,1.0976251363754272,-0.1171454367716508
UBFC_PHYS_s01_T3_test,10,141,104.7,1.3143205642700195,-0.05828600989633196
UBFC_PHYS_s01_T3_test,10,142,104.73333333333333,1.479080080986023,-0.07114432402743207
UBFC_PHYS_s01_T3_test,10,143,104.76666666666667,1.651249885559082,-0.16465995614484183
UBFC_PHYS_s01_T3_test,10,144,104.8,1.8576847314834595,-0.3249142503160321
UBFC_PHYS_s01_T3_test,10,145,104.83333333333333,1.9857090711593628,-0.519803990579107
UBFC_PHYS_s01_T3_test,10,146,104.86666666666666,1.9484671354293823,-0.7085215544060403
UBFC_PHYS_s01_T3_test,10,147,104.9,1.7448190450668335,-0.850519381107964
UBFC_PHYS_s01_T3_test,10,148,104.93333333333334,1.3528714179992676,-0.9120630083517248
UBFC_PHYS_s01_T3_test,10,149,104.96666666666667,0.8342295289039612,-0.8720940898979908
UBFC_PHYS_s01_T3_test,10,150,105.0,0.43438592553138733,-0.7268587432349486
UBFC_PHYS_s01_T3_test,10,151,105.03333333333333,0.34009891748428345,-0.490394440419509
UBFC_PHYS_s01_T3_test,10,152,105.06666666666666,0.47853150963783264,-0.19049780372317487
UBFC_PHYS_s01_T3_test,10,153,105.1,0.7179436683654785,0.13756576329058892
UBFC_PHYS_s01_T3_test,10,154,105.13333333333334,0.948573112487793,0.4578110923707296
UBFC_PHYS_s01_T3_test,10,155,105.16666666666667,1.0923470258712769,0.7396894367413274
UBFC_PHYS_s01_T3_test,10,156,105.2,1.1718766689300537,0.9624241134904167
UBFC_PHYS_s01_T3_test,10,157,105.23333333333333,1.2681903839111328,1.1162363640900637
UBFC_PHYS_s01_T3_test,10,158,105.26666666666667,1.4287275075912476,1.2006600761391777
UBFC_PHYS_s01_T3_test,10,159,105.3,1.6296098232269287,1.2215248886589578
UBFC_PHYS_s01_T3_test,10,160,105.33333333333333,1.759492039680481,1.1876572216877355
UBFC_PHYS_s01_T3_test,10,161,105.36666666666666,1.715874195098877,1.1076366623997382
UBFC_PHYS_s01_T3_test,10,162,105.4,1.551009178161621,0.9874701309456644
UBFC_PHYS_s01_T3_test,10,163,105.43333333333334,1.4699596166610718,0.8304514374058208
UBFC_PHYS_s01_T3_test,10,164,105.46666666666667,1.6883018016815186,0.6387876483080622
UBFC_PHYS_s01_T3_test,10,165,105.5,2.1713907718658447,0.41502817274209214
UBFC_PHYS_s01_T3_test,10,166,105.53333333333333,2.279991865158081,0.1626361183845897
UBFC_PHYS_s01_T3_test,10,167,105.56666666666666,1.1898008584976196,-0.11351374546222476
UBFC_PHYS_s01_T3_test,10,168,105.6,-0.974662184715271,-0.4062776668584151
UBFC_PHYS_s01_T3_test,10,169,105.63333333333334,-3.027167320251465,-0.7051191251112168
UBFC_PHYS_s01_T3_test,10,170,105.66666666666667,-4.120883941650391,-0.9952256790777727
UBFC_PHYS_s01_T3_test,10,171,105.7,-4.507384777069092,-1.2576860031757406
UBFC_PHYS_s01_T3_test,10,172,105.73333333333333,-4.709322929382324,-1.4705766114328906
UBFC_PHYS_s01_T3_test,10,173,105.76666666666667,-4.880500316619873,-1.6098976918739842
UBFC_PHYS_s01_T3_test,10,174,105.8,-5.053218841552734,-1.6508356068540015
UBFC_PHYS_s01_T3_test,10,175,105.83333333333333,-5.096794605255127,-1.57118687818556
UBFC_PHYS_s01_T3_test,10,176,105.86666666666666,-4.672143936157227,-1.3573278876428814
UBFC_PHYS_s01_T3_test,10,177,105.9,-3.800802230834961,-1.011378304392725
UBFC_PHYS_s01_T3_test,10,178,105.93333333333334,-2.962416410446167,-0.556665138265404
UBFC_PHYS_s01_T3_test,10,179,105.96666666666667,-2.39101505279541,-0.03764169127166077
UBFC_PHYS_s01_T3_test,10,180,106.0,-1.8792980909347534,0.48709643776233835
UBFC_PHYS_s01_T3_test,10,181,106.03333333333333,-1.322780966758728,0.9571389033107041
UBFC_PHYS_s01_T3_test,10,182,106.06666666666666,-0.8623875975608826,1.3236374458100064
UBFC_PHYS_s01_T3_test,10,183,106.1,-0.5615178942680359,1.5575318716313538
UBFC_PHYS_s01_T3_test,10,184,106.13333333333334,-0.37744078040122986,1.6507491807421932
UBFC_PHYS_s01_T3_test,10,185,106.16666666666667,-0.26801636815071106,1.613057455415816
UBFC_PHYS_s01_T3_test,10,186,106.2,-0.19904285669326782,1.466714769824029
UBFC_PHYS_s01_T3_test,10,187,106.23333333333333,-0.1756083369255066,1.2399807528783966
UBFC_PHYS_s01_T3_test,10,188,106.26666666666667,-0.24126721918582916,0.9609167468485074
UBFC_PHYS_s01_T3_test,10,189,106.3,-0.3804387152194977,0.6531140745892842
UBFC_PHYS_s01_T3_test,10,190,106.33333333333333,-0.5137621760368347,0.3340310778240318
UBFC_PHYS_s01_T3_test,10,191,106.36666666666666,-0.59654301404953,0.015632268418700496
UBFC_PHYS_s01_T3_test,10,192,106.4,-0.6591195464134216,-0.29323561128901265
UBFC_PHYS_s01_T3_test,10,193,106.43333333333334,-0.7419214844703674,-0.5834256914622091
UBFC_PHYS_s01_T3_test,10,194,106.46666666666667,-0.8321338295936584,-0.8425952264494293
UBFC_PHYS_s01_T3_test,10,195,106.5,-0.8883978128433228,-1.0549433056682451
UBFC_PHYS_s01_T3_test,10,196,106.53333333333333,-0.9112200736999512,-1.203549710005428
UBFC_PHYS_s01_T3_test,10,197,106.56666666666666,-0.9240562915802002,-1.273179920821952
UBFC_PHYS_s01_T3_test,10,198,106.6,-0.9098055958747864,-1.2526742762706153
UBFC_PHYS_s01_T3_test,10,199,106.63333333333334,-0.8287136554718018,-1.1374522987768698
UBFC_PHYS_s01_T3_test,10,200,106.66666666666667,-0.6770648956298828,-0.9319573312983416
UBFC_PHYS_s01_T3_test,10,201,106.7,-0.503184974193573,-0.6510923457729807
UBFC_PHYS_s01_T3_test,10,202,106.73333333333333,-0.3377709984779358,-0.31999417268553804
UBFC_PHYS_s01_T3_test,10,203,106.76666666666667,-0.15092819929122925,0.02807906383257493
UBFC_PHYS_s01_T3_test,10,204,106.8,0.051643189042806625,0.35558199529391815
UBFC_PHYS_s01_T3_test,10,205,106.83333333333333,0.17175039649009705,0.6256551421060876
UBFC_PHYS_s01_T3_test,10,206,106.86666666666666,0.16269326210021973,0.8075720373066437
UBFC_PHYS_s01_T3_test,10,207,106.9,0.07887790352106094,0.8819095439895315
UBFC_PHYS_s01_T3_test,10,208,106.93333333333334,0.007370942737907171,0.8443142044374761
UBFC_PHYS_s01_T3_test,10,209,106.96666666666667,0.05375440791249275,0.706491432986223
UBFC_PHYS_s01_T3_test,10,210,107.0,0.2849116921424866,0.49409444617831566
UBFC_PHYS_s01_T3_test,10,211,107.03333333333333,0.6160984635353088,0.24229683142420502
UBFC_PHYS_s01_T3_test,10,212,107.06666666666666,0.8813308477401733,-0.009872720242836232
UBFC_PHYS_s01_T3_test,10,213,107.1,0.9810436367988586,-0.22521331199012568
UBFC_PHYS_s01_T3_test,10,214,107.13333333333334,0.8802118897438049,-0.3731420719365306
UBFC_PHYS_s01_T3_test,10,215,107.16666666666667,0.6107782125473022,-0.43303696570990696
UBFC_PHYS_s01_T3_test,10,216,107.2,0.27294108271598816,-0.3962370281116688
UBFC_PHYS_s01_T3_test,10,217,107.23333333333333,-0.009835485368967056,-0.2672879661194883
UBFC_PHYS_s01_T3_test,10,218,107.26666666666667,-0.11545973271131516,-0.06419961143569178
UBFC_PHYS_s01_T3_test,10,219,107.3,0.03264222294092178,0.1833182070613279
UBFC_PHYS_s01_T3_test,10,220,107.33333333333333,0.4064123034477234,0.4380278224058431
UBFC_PHYS_s01_T3_test,10,221,107.36666666666666,0.8785862326622009,0.6612813518162878
UBFC_PHYS_s01_T3_test,10,222,107.4,1.2640947103500366,0.8196339798527498
UBFC_PHYS_s01_T3_test,10,223,107.43333333333334,1.4207470417022705,0.8897148437460901
UBFC_PHYS_s01_T3_test,10,224,107.46666666666667,1.3478678464889526,0.860480347731287
UBFC_PHYS_s01_T3_test,10,225,107.5,1.1519889831542969,0.7334086063906452
UBFC_PHYS_s01_T3_test,10,226,107.53333333333333,0.9173271059989929,0.5209920896115092
UBFC_PHYS_s01_T3_test,10,227,107.56666666666666,0.6773238182067871,0.24357269111725494
UBFC_PHYS_s01_T3_test,10,228,107.6,0.46048060059547424,-0.07450363034352599
UBFC_PHYS_s01_T3_test,10,229,107.63333333333334,0.24946433305740356,-0.40766738827478394
UBFC_PHYS_s01_T3_test,10,230,107.66666666666667,0.023753996938467026,-0.7303508433178645
UBFC_PHYS_s01_T3_test,10,231,107.7,-0.1518571376800537,-1.0174646574060042
UBFC_PHYS_s01_T3_test,10,232,107.73333333333333,-0.25670021772384644,-1.2452024674874234
UBFC_PHYS_s01_T3_test,10,233,107.76666666666667,-0.4228319823741913,-1.3931679624509388
UBFC_PHYS_s01_T3_test,10,234,107.8,-0.7141589522361755,-1.4474045354762186
UBFC_PHYS_s01_T3_test,10,235,107.83333333333333,-1.0561341047286987,-1.4025487908499665
UBFC_PHYS_s01_T3_test,10,236,107.86666666666666,-1.429017424583435,-1.2619603563413635
UBFC_PHYS_s01_T3_test,10,237,107.9,-1.8081077337265015,-1.0355970629769453
UBFC_PHYS_s01_T3_test,10,238,107.93333333333334,-2.058962821960449,-0.7369029674864446
UBFC_PHYS_s01_T3_test,10,239,107.96666666666667,-2.095444679260254,-0.38116631298949477
UBFC_PHYS_s01_T3_test,10,240,108.0,-1.9527684450149536,0.013979887194970283
UBFC_PHYS_s01_T3_test,10,241,108.03333333333333,-1.6459028720855713,0.42717636202117715
UBFC_PHYS_s01_T3_test,10,242,108.06666666666666,-1.190386414527893,0.8323973387726379
UBFC_PHYS_s01_T3_test,10,243,108.1,-0.6734336018562317,1.1994909958400466
UBFC_PHYS_s01_T3_test,10,244,108.13333333333334,-0.20132297277450562,1.4967150158951457
UBFC_PHYS_s01_T3_test,10,245,108.16666666666667,0.1700614094734192,1.6950890687425015
UBFC_PHYS_s01_T3_test,10,246,108.2,0.43736276030540466,1.773268169901284
UBFC_PHYS_s01_T3_test,10,247,108.23333333333333,0.6372528672218323,1.720757297351086
UBFC_PHYS_s01_T3_test,10,248,108.26666666666667,0.8012734055519104,1.5390174395753882
UBFC_PHYS_s01_T3_test,10,249,108.3,0.9239774346351624,1.2417425045878856
UBFC_PHYS_s01_T3_test,10,250,108.33333333333333,0.9982923269271851,0.8541274292768323
UBFC_PHYS_s01_T3_test,10,251,108.36666666666666,1.032346248626709,0.40953233432193686
UBFC_PHYS_s01_T3_test,10,252,108.4,1.0318396091461182,-0.05562328927361217
UBFC_PHYS_s01_T3_test,10,253,108.43333333333334,0.9924231171607971,-0.5055999422507368
UBFC_PHYS_s01_T3_test,10,254,108.46666666666667,0.9117956757545471,-0.9068767492245725
UBFC_PHYS_s01_T3_test,10,255,108.5,0.7843203544616699,-1.2290783468621171
UBFC_PHYS_s01_T3_test,10,256,108.53333333333333,0.5873647928237915,-1.4464810249836386
UBFC_PHYS_s01_T3_test,10,257,108.56666666666666,0.34423691034317017,-1.5404859932553838
UBFC_PHYS_s01_T3_test,10,258,108.6,0.13151057064533234,-1.502817442339366
UBFC_PHYS_s01_T3_test,10,259,108.63333333333334,0.01853928714990616,-1.3385502920434231
UBFC_PHYS_s01_T3_test,10,260,108.66666666666667,0.03642130643129349,-1.0675155080037126
UBFC_PHYS_s01_T3_test,10,261,108.7,0.18211647868156433,-0.7224001652197182
UBFC_PHYS_s01_T3_test,10,262,108.73333333333333,0.3907259404659271,-0.3433389320270839
UBFC_PHYS_s01_T3_test,10,263,108.76666666666667,0.5675615668296814,0.0295813259604557
UBFC_PHYS_s01_T3_test,10,264,108.8,0.6746214628219604,0.36357889127952725
UBFC_PHYS_s01_T3_test,10,265,108.83333333333333,0.7187670469284058,0.6373840491216954
UBFC_PHYS_s01_T3_test,10,266,108.86666666666666,0.7095410227775574,0.8411511861181995
UBFC_PHYS_s01_T3_test,10,267,108.9,0.6834885478019714,0.9726275545620603
UBFC_PHYS_s01_T3_test,10,268,108.93333333333334,0.6762470602989197,1.0317244457413197
UBFC_PHYS_s01_T3_test,10,269,108.96666666666667,0.6718979477882385,1.0167407790099874
UBFC_PHYS_s01_T3_test,10,270,109.0,0.6484634280204773,0.9244243438542143
UBFC_PHYS_s01_T3_test,10,271,109.03333333333333,0.620595395565033,0.7544690642001052
UBFC_PHYS_s01_T3_test,10,272,109.06666666666666,0.5797010660171509,0.5155604477804178
UBFC_PHYS_s01_T3_test,10,273,109.1,0.49392229318618774,0.22731482517900897
UBFC_PHYS_s01_T3_test,10,274,109.13333333333334,0.3882558047771454,-0.08305024141933862
UBFC_PHYS_s01_T3_test,10,275,109.16666666666667,0.3239692151546478,-0.3857180759884298
UBFC_PHYS_s01_T3_test,10,276,109.2,0.31106966733932495,-0.6523784487055602
UBFC_PHYS_s01_T3_test,10,277,109.23333333333333,0.3018858730792999,-0.8585158581630697
UBFC_PHYS_s01_T3_test,10,278,109.26666666666667,0.27650904655456543,-0.9843376515702628
UBFC_PHYS_s01_T3_test,10,279,109.3,0.3028992712497711,-1.0159347025643302
UBFC_PHYS_s01_T3_test,10,280,109.33333333333333,0.458031564950943,-0.9474207616449926
UBFC_PHYS_s01_T3_test,10,281,109.36666666666666,0.7006738781929016,-0.7836623339906803
UBFC_PHYS_s01_T3_test,10,282,109.4,0.9079532623291016,-0.5420484001634374
UBFC_PHYS_s01_T3_test,10,283,109.43333333333334,1.0097562074661255,-0.2509618451284838
UBFC_PHYS_s01_T3_test,10,284,109.46666666666667,0.9917052984237671,0.05510342474189251
UBFC_PHYS_s01_T3_test,10,285,109.5,0.8489236235618591,0.3414747739432839
UBFC_PHYS_s01_T3_test,10,286,109.53333333333333,0.6233610510826111,0.5781263765803085
UBFC_PHYS_s01_T3_test,10,287,109.56666666666666,0.40256986021995544,0.7418322189370354
UBFC_PHYS_s01_T3_test,10,288,109.6,0.23626922070980072,0.8164525717263116
UBFC_PHYS_s01_T3_test,10,289,109.63333333333334,0.11863213777542114,0.7941837591357004
UBFC_PHYS_s01_T3_test,10,290,109.66666666666667,0.021537216380238533,0.6784919837000534
UBFC_PHYS_s01_T3_test,10,291,109.7,-0.07179974019527435,0.48705227238306087
UBFC_PHYS_s01_T3_test,10,292,109.73333333333333,-0.1704358458518982,0.2519554094431199
UBFC_PHYS_s01_T3_test,10,293,109.76666666666667,-0.2872917652130127,0.014134333868583048
UBFC_PHYS_s01_T3_test,10,294,109.8,-0.41869398951530457,-0.18661692505265232
UBFC_PHYS_s01_T3_test,10,295,109.83333333333333,-0.5459582209587097,-0.3204335582593743
UBFC_PHYS_s01_T3_test,10,296,109.86666666666666,-0.6623074412345886,-0.37223553661855996
UBFC_PHYS_s01_T3_test,10,297,109.9,-0.7675516605377197,-0.3432434733320394
UBFC_PHYS_s01_T3_test,10,298,109.93333333333334,-0.8668845295906067,-0.24958858277199691
UBFC_PHYS_s01_T3_test,10,299,109.96666666666667,-0.9683918952941895,-0.11807916596729004
UBFC_PHYS_s01_T3_test,11,0,110.0,-1.0714404582977295,-0.03123623983555457
UBFC_PHYS_s01_T3_test,11,1,110.03333333333333,-1.1510756015777588,-0.18497639661373735
UBFC_PHYS_s01_T3_test,11,2,110.06666666666666,-1.126374363899231,-0.3173792593760173
UBFC_PHYS_s01_T3_test,11,3,110.1,-0.9091721773147583,-0.4122072547954317
UBFC_PHYS_s01_T3_test,11,4,110.13333333333334,-0.519209086894989,-0.4600980863153932
UBFC_PHYS_s01_T3_test,11,5,110.16666666666667,-0.07103969901800156,-0.46063055852552603
UBFC_PHYS_s01_T3_test,11,6,110.2,0.3369743227958679,-0.42082195147012463
UBFC_PHYS_s01_T3_test,11,7,110.23333333333333,0.6499413251876831,-0.3524514154728854
UBFC_PHYS_s01_T3_test,11,8,110.26666666666667,0.8296270966529846,-0.2694395996685658
UBFC_PHYS_s01_T3_test,11,9,110.3,0.8708380460739136,-0.1850769488900926
UBFC_PHYS_s01_T3_test,11,10,110.33333333333333,0.7990988492965698,-0.10928299897687874
UBFC_PHYS_s01_T3_test,11,11,110.36666666666666,0.6626508235931396,-0.04654444851123168
UBFC_PHYS_s01_T3_test,11,12,110.4,0.5202069282531738,0.004573961768162899
UBFC_PHYS_s01_T3_test,11,13,110.43333333333334,0.3921404480934143,0.049404189829054077
UBFC_PHYS_s01_T3_test,11,14,110.46666666666667,0.25767695903778076,0.09346154778445406
UBFC_PHYS_s01_T3_test,11,15,110.5,0.10028565675020218,0.13947179148240982
UBFC_PHYS_s01_T3_test,11,16,110.53333333333333,-0.05968134477734566,0.1863406854101731
UBFC_PHYS_s01_T3_test,11,17,110.56666666666666,-0.18764227628707886,0.22979667661796538
UBFC_PHYS_s01_T3_test,11,18,110.6,-0.27206990122795105,0.2638900016033073
UBFC_PHYS_s01_T3_test,11,19,110.63333333333334,-0.34465357661247253,0.28222340635146737
UBFC_PHYS_s01_T3_test,11,20,110.66666666666667,-0.4417695999145508,0.2786296529657121
UBFC_PHYS_s01_T3_test,11,21,110.7,-0.5402368307113647,0.2478855099600591
UBFC_PHYS_s01_T3_test,11,22,110.73333333333333,-0.5716728568077087,0.18664487433100568
UBFC_PHYS_s01_T3_test,11,23,110.76666666666667,-0.4953945577144623,0.09427499273502589
UBFC_PHYS_s01_T3_test,11,24,110.8,-0.31298530101776123,-0.026583461672351608
UBFC_PHYS_s01_T3_test,11,25,110.83333333333333,-0.053094346076250076,-0.1697550632795456
UBFC_PHYS_s01_T3_test,11,26,110.86666666666666,0.20895005762577057,-0.3255345876684637
UBFC_PHYS_s01_T3_test,11,27,110.9,0.3830833435058594,-0.4808989857952237
UBFC_PHYS_s01_T3_test,11,28,110.93333333333334,0.43839725852012634,-0.6201421400693694
UBFC_PHYS_s01_T3_test,11,29,110.96666666666667,0.4206841289997101,-0.7263524710270353
UBFC_PHYS_s01_T3_test,11,30,111.0,0.4033510386943817,-0.7837514095832563
UBFC_PHYS_s01_T3_test,11,31,111.03333333333333,0.41948074102401733,-0.7804424347266277
UBFC_PHYS_s01_T3_test,11,32,111.06666666666666,0.4146038293838501,-0.710909576447939
UBFC_PHYS_s01_T3_test,11,33,111.1,0.3354542553424835,-0.5774842427991267
UBFC_PHYS_s01_T3_test,11,34,111.13333333333334,0.22575534880161285,-0.3902895526712094
UBFC_PHYS_s01_T3_test,11,35,111.16666666666667,0.1572885513305664,-0.16555322866677755
UBFC_PHYS_s01_T3_test,11,36,111.2,0.11333298683166504,0.0769717312868578
UBFC_PHYS_s01_T3_test,11,37,111.23333333333333,0.04655515402555466,0.3160579512474034
UBFC_PHYS_s01_T3_test,11,38,111.26666666666667,-0.01863926462829113,0.5303773700309244
UBFC_PHYS_s01_T3_test,11,39,111.3,-0.03975144773721695,0.7002828256856628
UBFC_PHYS_s01_T3_test,11,40,111.33333333333333,-0.03979367017745972,0.8102415635152623
UBFC_PHYS_s01_T3_test,11,41,111.36666666666666,-0.0847415030002594,0.851171249584518
UBFC_PHYS_s01_T3_test,11,42,111.4,-0.2080366462469101,0.8220898957323624
UBFC_PHYS_s01_T3_test,11,43,111.43333333333334,-0.3465536832809448,0.7307392348034223
UBFC_PHYS_s01_T3_test,11,44,111.46666666666667,-0.3332318961620331,0.5929608770383301
UBFC_PHYS_s01_T3_test,11,45,111.5,-0.05900575593113899,0.43076234124284274
UBFC_PHYS_s01_T3_test,11,46,111.53333333333333,0.3539274036884308,0.26918252056095926
UBFC_PHYS_s01_T3_test,11,47,111.56666666666666,0.6519680619239807,0.13228554839873524
UBFC_PHYS_s01_T3_test,11,48,111.6,0.7037562727928162,0.038867376560884966
UBFC_PHYS_s01_T3_test,11,49,111.63333333333334,0.5372866988182068,-0.0012931021879344813
UBFC_PHYS_s01_T3_test,11,50,111.66666666666667,0.25366565585136414,0.010543214071867802
UBFC_PHYS_s01_T3_test,11,51,111.7,-0.03601459041237831,0.06309733874787794
UBFC_PHYS_s01_T3_test,11,52,111.73333333333333,-0.2472630888223648,0.13875958753445172
UBFC_PHYS_s01_T3_test,11,53,111.76666666666667,-0.3355120122432709,0.21793911022730786
UBFC_PHYS_s01_T3_test,11,54,111.8,-0.3070949912071228,0.2825434920752008
UBFC_PHYS_s01_T3_test,11,55,111.83333333333333,-0.20383532345294952,0.31782524751206803
UBFC_PHYS_s01_T3_test,11,56,111.86666666666666,-0.07762669771909714,0.31287015289922065
UBFC_PHYS_s01_T3_test,11,57,111.9,0.009397712536156178,0.2608738800749373
UBFC_PHYS_s01_T3_test,11,58,111.93333333333334,0.0206927303224802,0.15967960449398025
UBFC_PHYS_s01_T3_test,11,59,111.96666666666667,-0.014437940903007984,0.012221422297173764
UBFC_PHYS_s01_T3_test,11,60,112.0,-0.03620459884405136,-0.17356213902804635
UBFC_PHYS_s01_T3_test,11,61,112.03333333333333,-0.04131374880671501,-0.38573208467757025
UBFC_PHYS_s01_T3_test,11,62,112.06666666666666,-0.0834747776389122,-0.6096763200138344
UBFC_PHYS_s01_T3_test,11,63,112.1,-0.18422210216522217,-0.8283374148925728
UBFC_PHYS_s01_T3_test,11,64,112.13333333333334,-0.2857716977596283,-1.0215358540778172
UBFC_PHYS_s01_T3_test,11,65,112.16666666666667,-0.29050081968307495,-1.1661451625785864
UBFC_PHYS_s01_T3_test,11,66,112.2,-0.1405198872089386,-1.2381403447122754
UBFC_PHYS_s01_T3_test,11,67,112.23333333333333,0.13070830702781677,-1.2164841841437195
UBFC_PHYS_s01_T3_test,11,68,112.26666666666667,0.4109303057193756,-1.088209556849397
UBFC_PHYS_s01_T3_test,11,69,112.3,0.596210777759552,-0.8534825675645583
UBFC_PHYS_s01_T3_test,11,70,112.33333333333333,0.6657754182815552,-0.5288839579010481
UBFC_PHYS_s01_T3_test,11,71,112.36666666666666,0.6500046253204346,-0.14692488706194917
UBFC_PHYS_s01_T3_test,11,72,112.4,0.580946683883667,0.2487703091523434
UBFC_PHYS_s01_T3_test,11,73,112.43333333333334,0.4905865490436554,0.6115701446109807
UBFC_PHYS_s01_T3_test,11,74,112.46666666666667,0.41253483295440674,0.9008786782499152
UBFC_PHYS_s01_T3_test,11,75,112.5,0.3501483201980591,1.0888494909339987
UBFC_PHYS_s01_T3_test,11,76,112.53333333333333,0.27623456716537476,1.1632188515656414
UBFC_PHYS_s01_T3_test,11,77,112.56666666666666,0.16925914585590363,1.12661954461083
UBFC_PHYS_s01_T3_test,11,78,112.6,0.031122148036956787,0.9934327214343881
UBFC_PHYS_s01_T3_test,11,79,112.63333333333334,-0.1092105284333229,0.7856319565075789
UBFC_PHYS_s01_T3_test,11,80,112.66666666666667,-0.2326534539461136,0.5289397758916008
UBFC_PHYS_s01_T3_test,11,81,112.7,-0.3480737507343292,0.25025245843142113
UBFC_PHYS_s01_T3_test,11,82,112.73333333333333,-0.46511968970298767,-0.0236875241658843
UBFC_PHYS_s01_T3_test,11,83,112.76666666666667,-0.5855857729911804,-0.26725588069901207
UBFC_PHYS_s01_T3_test,11,84,112.8,-0.6955380439758301,-0.45736995840382016
UBFC_PHYS_s01_T3_test,11,85,112.83333333333333,-0.7332232594490051,-0.5758418754984427
UBFC_PHYS_s01_T3_test,11,86,112.86666666666666,-0.6462199687957764,-0.6121483367443398
UBFC_PHYS_s01_T3_test,11,87,112.9,-0.4674631357192993,-0.5651947577780265
UBFC_PHYS_s01_T3_test,11,88,112.93333333333334,-0.26022595167160034,-0.44337592410512144
UBFC_PHYS_s01_T3_test,11,89,112.96666666666667,-0.06105363741517067,-0.26310966655153023
UBFC_PHYS_s01_T3_test,11,90,113.0,0.08033464103937149,-0.04639680098671496
UBFC_PHYS_s01_T3_test,11,91,113.03333333333333,0.11725985258817673,0.18177957364968408
UBFC_PHYS_s01_T3_test,11,92,113.06666666666666,0.0997578501701355,0.3958073462139595
UBFC_PHYS_s01_T3_test,11,93,113.1,0.0935719832777977,0.571572477054401
UBFC_PHYS_s01_T3_test,11,94,113.13333333333334,0.1120029166340828,0.688664631489865
UBFC_PHYS_s01_T3_test,11,95,113.16666666666667,0.1624610275030136,0.7330661108405946
UBFC_PHYS_s01_T3_test,11,96,113.2,0.24532634019851685,0.6997608530783199
UBFC_PHYS_s01_T3_test,11,97,113.23333333333333,0.3084728717803955,0.5938006217840394
UBFC_PHYS_s01_T3_test,11,98,113.26666666666667,0.31482765078544617,0.4291636092323358
UBFC_PHYS_s01_T3_test,11,99,113.3,0.3018225431442261,0.2257099860282534
UBFC_PHYS_s01_T3_test,11,100,113.33333333333333,0.30876845121383667,0.005079975318733623
UBFC_PHYS_s01_T3_test,11,101,113.36666666666666,0.32468703389167786,-0.2132106143676692
UBFC_PHYS_s01_T3_test,11,102,113.4,0.3083462119102478,-0.41432540969651854
UBFC_PHYS_s01_T3_test,11,103,113.43333333333334,0.21796496212482452,-0.5884610463124227
UBFC_PHYS_s01_T3_test,11,104,113.46666666666667,0.047821883112192154,-0.729409508899578
UBFC_PHYS_s01_T3_test,11,105,113.5,-0.13152609765529633,-0.8328645400620085
UBFC_PHYS_s01_T3_test,11,106,113.53333333333333,-0.20229414105415344,-0.8953354437634538
UBFC_PHYS_s01_T3_test,11,107,113.56666666666666,-0.14902809262275696,-0.9136736346221838
UBFC_PHYS_s01_T3_test,11,108,113.6,-0.06020915135741234,-0.8854380934390174
UBFC_PHYS_s01_T3_test,11,109,113.63333333333334,0.01057999487966299,-0.8105012628022424
UBFC_PHYS_s01_T3_test,11,110,113.66666666666667,0.07484547793865204,-0.6929439059824744
UBFC_PHYS_s01_T3_test,11,111,113.7,0.11763986945152283,-0.5411661328124119
UBFC_PHYS_s01_T3_test,11,112,113.73333333333333,0.11744985729455948,-0.3657250944080257
UBFC_PHYS_s01_T3_test,11,113,113.76666666666667,0.09967340528964996,-0.17614698137980608
UBFC_PHYS_s01_T3_test,11,114,113.8,0.09680214524269104,0.02133245904030342
UBFC_PHYS_s01_T3_test,11,115,113.83333333333333,0.10450809448957443,0.22292772529202837
UBFC_PHYS_s01_T3_test,11,116,113.86666666666666,0.10129904001951218,0.4239704256667826
UBFC_PHYS_s01_T3_test,11,117,113.9,0.08255141973495483,0.6163173073170343
UBFC_PHYS_s01_T3_test,11,118,113.93333333333334,0.07134085148572922,0.7882222033244524
UBFC_PHYS_s01_T3_test,11,119,113.96666666666667,0.06344489753246307,0.9264544834015159
UBFC_PHYS_s01_T3_test,11,120,114.0,0.019214875996112823,1.019403965394959
UBFC_PHYS_s01_T3_test,11,121,114.03333333333333,-0.06318596750497818,1.0591882958886785
UBFC_PHYS_s01_T3_test,11,122,114.06666666666666,-0.1483314037322998,1.042048947143318
UBFC_PHYS_s01_T3_test,11,123,114.1,-0.23134449124336243,0.9677282481516762
UBFC_PHYS_s01_T3_test,11,124,114.13333333333334,-0.287165105342865,0.8387280184976732
UBFC_PHYS_s01_T3_test,11,125,114.16666666666667,-0.23824818432331085,0.6602966407023851
UBFC_PHYS_s01_T3_test,11,126,114.2,-0.06660614162683487,0.44111948902740783
UBFC_PHYS_s01_T3_test,11,127,114.23333333333333,0.12608474493026733,0.19382282445332638
UBFC_PHYS_s01_T3_test,11,128,114.26666666666667,0.228732168674469,-0.06533507757924908
UBFC_PHYS_s01_T3_test,11,129,114.3,0.23189899325370789,-0.31777692293584486
UBFC_PHYS_s01_T3_test,11,130,114.33333333333333,0.18483994901180267,-0.5445062114484687
UBFC_PHYS_s01_T3_test,11,131,114.36666666666666,0.12399463355541229,-0.7276562219939793
UBFC_PHYS_s01_T3_test,11,132,114.4,0.08096800744533539,-0.8514397358887226
UBFC_PHYS_s01_T3_test,11,133,114.43333333333334,0.07459212839603424,-0.9029630977143744
UBFC_PHYS_s01_T3_test,11,134,114.46666666666667,0.07395876199007034,-0.8735639104283287
UBFC_PHYS_s01_T3_test,11,135,114.5,0.032198868691921234,-0.761281936404755
UBFC_PHYS_s01_T3_test,11,136,114.53333333333333,-0.029047571122646332,-0.5738121018332366
UBFC_PHYS_s01_T3_test,11,137,114.56666666666666,-0.06058917194604874,-0.3301183284278783
UBFC_PHYS_s01_T3_test,11,138,114.6,-0.09390418976545334,-0.059660484619117056
UBFC_PHYS_s01_T3_test,11,139,114.63333333333334,-0.17765621840953827,0.20079255214913616
UBFC_PHYS_s01_T3_test,11,140,114.66666666666667,-0.2784668803215027,0.41250451098324936
UBFC_PHYS_s01_T3_test,11,141,114.7,-0.3265393376350403,0.5416751700253695
UBFC_PHYS_s01_T3_test,11,142,114.73333333333333,-0.2673407793045044,0.5664009004856297
UBFC_PHYS_s01_T3_test,11,143,114.76666666666667,-0.06907626986503601,0.48144915188682824
UBFC_PHYS_s01_T3_test,11,144,114.8,0.21600152552127838,0.2993679790614719
UBFC_PHYS_s01_T3_test,11,145,114.83333333333333,0.47639918327331543,0.04747605423112011
UBFC_PHYS_s01_T3_test,11,146,114.86666666666666,0.6576472520828247,-0.2379807914309587
UBFC_PHYS_s01_T3_test,11,147,114.9,0.7683595418930054,-0.517760885576046
UBFC_PHYS_s01_T3_test,11,148,114.93333333333334,0.809887170791626,-0.7543747070983856
UBFC_PHYS_s01_T3_test,11,149,114.96666666666667,0.7695418000221252,-0.915999830668569
UBFC_PHYS_s01_T3_test,11,150,115.0,0.6630308628082275,-0.9798254704061058
UBFC_PHYS_s01_T3_test,11,151,115.03333333333333,0.5229937434196472,-0.9347499635793396
UBFC_PHYS_s01_T3_test,11,152,115.06666666666666,0.3521117568016052,-0.7829489417209197
UBFC_PHYS_s01_T3_test,11,153,115.1,0.14664800465106964,-0.539472729397127
UBFC_PHYS_s01_T3_test,11,154,115.13333333333334,-0.06673281639814377,-0.22993185384033657
UBFC_PHYS_s01_T3_test,11,155,115.16666666666667,-0.2832171320915222,0.11276884399357454
UBFC_PHYS_s01_T3_test,11,156,115.2,-0.5242760181427002,0.4521415405242444
UBFC_PHYS_s01_T3_test,11,157,115.23333333333333,-0.7565100193023682,0.7522437471276261
UBFC_PHYS_s01_T3_test,11,158,115.26666666666667,-0.9116212129592896,0.9820373489011968
UBFC_PHYS_s01_T3_test,11,159,115.3,-0.9609181880950928,1.1195170772385739
UBFC_PHYS_s01_T3_test,11,160,115.33333333333333,-0.8653855323791504,1.15467989889435
UBFC_PHYS_s01_T3_test,11,161,115.36666666666666,-0.5684216022491455,1.0900640386606566
UBFC_PHYS_s01_T3_test,11,162,115.4,-0.1229756698012352,0.938945074705044
UBFC_PHYS_s01_T3_test,11,163,115.43333333333334,0.32016903162002563,0.7225895098766613
UBFC_PHYS_s01_T3_test,11,164,115.46666666666667,0.6682666540145874,0.4673768151020547
UBFC_PHYS_s01_T3_test,11,165,115.5,0.9109934568405151,0.20187343498342392
UBFC_PHYS_s01_T3_test,11,166,115.53333333333333,1.0427756309509277,-0.046175170714714525
UBFC_PHYS_s01_T3_test,11,167,115.56666666666666,1.0756473541259766,-0.2529487839430259
UBFC_PHYS_s01_T3_test,11,168,115.6,1.0394399166107178,-0.40123368995459263
UBFC_PHYS_s01_T3_test,11,169,115.63333333333334,0.9455329775810242,-0.4816689588540631
UBFC_PHYS_s01_T3_test,11,170,115.66666666666667,0.8073326349258423,-0.49242852896605704
UBFC_PHYS_s01_T3_test,11,171,115.7,0.6572672128677368,-0.43809118895336785
UBFC_PHYS_s01_T3_test,11,172,115.73333333333333,0.5213892459869385,-0.3287193243617305
UBFC_PHYS_s01_T3_test,11,173,115.76666666666667,0.40622228384017944,-0.18015739595714625
UBFC_PHYS_s01_T3_test,11,174,115.8,0.2868117690086365,-0.01459772777674104
UBFC_PHYS_s01_T3_test,11,175,115.83333333333333,0.1294204592704773,0.14121685136388729
UBFC_PHYS_s01_T3_test,11,176,115.86666666666666,-0.05208096280694008,0.2606534423468264
UBFC_PHYS_s01_T3_test,11,177,115.9,-0.22881104052066803,0.3228479463733573
UBFC_PHYS_s01_T3_test,11,178,115.93333333333334,-0.41806063055992126,0.3173299422554757
UBFC_PHYS_s01_T3_test,11,179,115.96666666666667,-0.6204631328582764,0.24581791135586983
UBFC_PHYS_s01_T3_test,11,180,116.0,-0.7702751755714417,0.12063709596626246
UBFC_PHYS_s01_T3_test,11,181,116.03333333333333,-0.795905351638794,-0.03944042440937854
UBFC_PHYS_s01_T3_test,11,182,116.06666666666666,-0.6867764592170715,-0.21423319101285315
UBFC_PHYS_s01_T3_test,11,183,116.1,-0.4786103665828705,-0.38581750310032525
UBFC_PHYS_s01_T3_test,11,184,116.13333333333334,-0.23197786509990692,-0.5401014425618924
UBFC_PHYS_s01_T3_test,11,185,116.16666666666667,0.012036735191941261,-0.6671723090201918
UBFC_PHYS_s01_T3_test,11,186,116.2,0.23677590489387512,-0.7607902934013235
UBFC_PHYS_s01_T3_test,11,187,116.23333333333333,0.41188034415245056,-0.8167839531993984
UBFC_PHYS_s01_T3_test,11,188,116.26666666666667,0.5007415413856506,-0.831008866624863
UBFC_PHYS_s01_T3_test,11,189,116.3,0.5039927959442139,-0.7983161553578704
UBFC_PHYS_s01_T3_test,11,190,116.33333333333333,0.4499033987522125,-0.7132129944405524
UBFC_PHYS_s01_T3_test,11,191,116.36666666666666,0.3488816022872925,-0.5719694579148265
UBFC_PHYS_s01_T3_test,11,192,116.4,0.1796463429927826,-0.37541262792539426
UBFC_PHYS_s01_T3_test,11,193,116.43333333333334,-0.055543359369039536,-0.1312811610795944
UBFC_PHYS_s01_T3_test,11,194,116.46666666666667,-0.29189422726631165,0.14455181333784745
UBFC_PHYS_s01_T3_test,11,195,116.5,-0.4567592740058899,0.42814593617994107
UBFC_PHYS_s01_T3_test,11,196,116.53333333333333,-0.5376400351524353,0.6897519441941354
UBFC_PHYS_s01_T3_test,11,197,116.56666666666666,-0.5604833960533142,0.8996190163623281
UBFC_PHYS_s01_T3_test,11,198,116.6,-0.49279776215553284,1.0357388076672391
UBFC_PHYS_s01_T3_test,11,199,116.63333333333334,-0.2688819468021393,1.0891977152919288
UBFC_PHYS_s01_T3_test,11,200,116.66666666666667,0.11242515593767166,1.064889898075736
UBFC_PHYS_s01_T3_test,11,201,116.7,0.5766398310661316,0.9779075014410241
UBFC_PHYS_s01_T3_test,11,202,116.73333333333333,1.0270682573318481,0.847539384871487
UBFC_PHYS_s01_T3_test,11,203,116.76666666666667,1.3696767091751099,0.6919710511206172
UBFC_PHYS_s01_T3_test,11,204,116.8,1.5590529441833496,0.5254425805802583
UBFC_PHYS_s01_T3_test,11,205,116.83333333333333,1.576871633529663,0.3579663874620428
UBFC_PHYS_s01_T3_test,11,206,116.86666666666666,1.3522591590881348,0.19652185642211786
UBFC_PHYS_s01_T3_test,11,207,116.9,0.8633643388748169,0.04581882466310798
UBFC_PHYS_s01_T3_test,11,208,116.93333333333334,0.26677632331848145,-0.09167462924517222
UBFC_PHYS_s01_T3_test,11,209,116.96666666666667,-0.22929660975933075,-0.21509129968607202
UBFC_PHYS_s01_T3_test,11,210,117.0,-0.5406801700592041,-0.32371561220770245
UBFC_PHYS_s01_T3_test,11,211,117.03333333333333,-0.6973536610603333,-0.41578742897705234
UBFC_PHYS_s01_T3_test,11,212,117.06666666666666,-0.7964965105056763,-0.48829093058185175
UBFC_PHYS_s01_T3_test,11,213,117.1,-0.9395104050636292,-0.5379500698688472
UBFC_PHYS_s01_T3_test,11,214,117.13333333333334,-1.1382815837860107,-0.5630853997769478
UBFC_PHYS_s01_T3_test,11,215,117.16666666666667,-1.3121193647384644,-0.5654805971644513
UBFC_PHYS_s01_T3_test,11,216,117.2,-1.4038939476013184,-0.5509597460339924
UBFC_PHYS_s01_T3_test,11,217,117.23333333333333,-1.433788776397705,-0.5272600852991378
UBFC_PHYS_s01_T3_test,11,218,117.26666666666667,-1.430833101272583,-0.49997304825368233
UBFC_PHYS_s01_T3_test,11,219,117.3,-1.3548715114593506,-0.46936606911492507
UBFC_PHYS_s01_T3_test,11,220,117.33333333333333,-1.1343547105789185,-0.4301668056029869
UBFC_PHYS_s01_T3_test,11,221,117.36666666666666,-0.7358412146568298,-0.3751323452739609
UBFC_PHYS_s01_T3_test,11,222,117.4,-0.16503113508224487,-0.30078208215480845
UBFC_PHYS_s01_T3_test,11,223,117.43333333333334,0.5076029896736145,-0.21157949167862894
UBFC_PHYS_s01_T3_test,11,224,117.46666666666667,1.1107568740844727,-0.12030240342184557
UBFC_PHYS_s01_T3_test,11,225,117.5,1.4734219312667847,-0.04432361860412087
UBFC_PHYS_s01_T3_test,11,226,117.53333333333333,1.5389330387115479,0.000775420145905082
UBFC_PHYS_s01_T3_test,11,227,117.56666666666666,1.3700989484786987,0.007419696945930098
UBFC_PHYS_s01_T3_test,11,228,117.6,1.0505871772766113,-0.020541419163693904
UBFC_PHYS_s01_T3_test,11,229,117.63333333333334,0.6507224440574646,-0.06907521290079942
UBFC_PHYS_s01_T3_test,11,230,117.66666666666667,0.22146958112716675,-0.1186351042334997
UBFC_PHYS_s01_T3_test,11,231,117.7,-0.19435594975948334,-0.14828814641619315
UBFC_PHYS_s01_T3_test,11,232,117.73333333333333,-0.6097592711448669,-0.13844356510041628
UBFC_PHYS_s01_T3_test,11,233,117.76666666666667,-1.0601242780685425,-0.07452486824971075
UBFC_PHYS_s01_T3_test,11,234,117.8,-1.4349288940429688,0.04838597769930727
UBFC_PHYS_s01_T3_test,11,235,117.83333333333333,-1.5670489072799683,0.22240419950056137
UBFC_PHYS_s01_T3_test,11,236,117.86666666666666,-1.4827479124069214,0.4270918940155802
UBFC_PHYS_s01_T3_test,11,237,117.9,-1.3519580364227295,0.6339490308350977
UBFC_PHYS_s01_T3_test,11,238,117.93333333333334,-1.2608588933944702,0.8134713590541103
UBFC_PHYS_s01_T3_test,11,239,117.96666666666667,-1.1901541948318481,0.9409170843466904
UBFC_PHYS_s01_T3_test,11,240,118.0,-1.105008840560913,0.9992465617304466
UBFC_PHYS_s01_T3_test,11,241,118.03333333333333,-0.9728465676307678,0.9802552287511478
UBFC_PHYS_s01_T3_test,11,242,118.06666666666666,-0.7641103863716125,0.8847619269893192
UBFC_PHYS_s01_T3_test,11,243,118.1,-0.46752646565437317,0.7222287540646831
UBFC_PHYS_s01_T3_test,11,244,118.13333333333334,-0.09631098061800003,0.5098258967850366
UBFC_PHYS_s01_T3_test,11,245,118.16666666666667,0.3168966472148895,0.27060939333410816
UBFC_PHYS_s01_T3_test,11,246,118.2,0.7235805988311768,0.030611298705176537
UBFC_PHYS_s01_T3_test,11,247,118.23333333333333,1.0764707326889038,-0.18508089658308485
UBFC_PHYS_s01_T3_test,11,248,118.26666666666667,1.328930139541626,-0.35638272932888565
UBFC_PHYS_s01_T3_test,11,249,118.3,1.4200925827026367,-0.4708497785854112
UBFC_PHYS_s01_T3_test,11,250,118.33333333333333,1.312863826751709,-0.5245136318280577
UBFC_PHYS_s01_T3_test,11,251,118.36666666666666,1.0449713468551636,-0.5217234256867034
UBFC_PHYS_s01_T3_test,11,252,118.4,0.6873521208763123,-0.47391660751049225
UBFC_PHYS_s01_T3_test,11,253,118.43333333333334,0.29719898104667664,-0.3963985900385271
UBFC_PHYS_s01_T3_test,11,254,118.46666666666667,-0.0388013981282711,-0.30404044043498263
UBFC_PHYS_s01_T3_test,11,255,118.5,-0.23286457359790802,-0.20849138016784335
UBFC_PHYS_s01_T3_test,11,256,118.53333333333333,-0.3059760630130768,-0.11824007832651857
UBFC_PHYS_s01_T3_test,11,257,118.56666666666666,-0.3649846017360687,-0.04127974569851002
UBFC_PHYS_s01_T3_test,11,258,118.6,-0.4570125937461853,0.01178611356245305
UBFC_PHYS_s01_T3_test,11,259,118.63333333333334,-0.5529674887657166,0.027718172354078283
UBFC_PHYS_s01_T3_test,11,260,118.66666666666667,-0.5737207531929016,-0.005672982063912799
UBFC_PHYS_s01_T3_test,11,261,118.7,-0.4427618980407715,-0.09458103187511831
UBFC_PHYS_s01_T3_test,11,262,118.73333333333333,-0.18067525327205658,-0.23535308030801702
UBFC_PHYS_s01_T3_test,11,263,118.76666666666667,0.09479648619890213,-0.4134620110223417
UBFC_PHYS_s01_T3_test,11,264,118.8,0.30023911595344543,-0.6053496973361797
UBFC_PHYS_s01_T3_test,11,265,118.83333333333333,0.44230300188064575,-0.7815574310750376
UBFC_PHYS_s01_T3_test,11,266,118.86666666666666,0.5581244230270386,-0.9103974981733871
UBFC_PHYS_s01_T3_test,11,267,118.9,0.6884921789169312,-0.9623683791595079
UBFC_PHYS_s01_T3_test,11,268,118.93333333333334,0.8436455726623535,-0.9150734086430694
UBFC_PHYS_s01_T3_test,11,269,118.96666666666667,0.9890029430389404,-0.7578409598827623
UBFC_PHYS_s01_T3_test,11,270,119.0,1.1120870113372803,-0.49529802300760845
UBFC_PHYS_s01_T3_test,11,271,119.03333333333333,1.2744396924972534,-0.1492287709775271
UBFC_PHYS_s01_T3_test,11,272,119.06666666666666,1.5001921653747559,0.24252787352498625
UBFC_PHYS_s01_T3_test,11,273,119.1,1.6284065246582031,0.6316564179999465
UBFC_PHYS_s01_T3_test,11,274,119.13333333333334,1.3841596841812134,0.9685028028537549
UBFC_PHYS_s01_T3_test,11,275,119.16666666666667,0.6902655959129333,1.211472372422856
UBFC_PHYS_s01_T3_test,11,276,119.2,-0.15610067546367645,1.3338927495024082
UBFC_PHYS_s01_T3_test,11,277,119.23333333333333,-0.7600568532943726,1.3265323657020978
UBFC_PHYS_s01_T3_test,11,278,119.26666666666667,-1.0062037706375122,1.1962751081008103
UBFC_PHYS_s01_T3_test,11,279,119.3,-1.0549728870391846,0.9634896333814763
UBFC_PHYS_s01_T3_test,11,280,119.33333333333333,-1.0536006689071655,0.6593191751863487
UBFC_PHYS_s01_T3_test,11,281,119.36666666666666,-1.0656557083129883,0.32253083697869006
UBFC_PHYS_s01_T3_test,11,282,119.4,-1.1482676267623901,-0.004880495065564498
UBFC_PHYS_s01_T3_test,11,283,119.43333333333334,-1.3604239225387573,-0.28418015354167503
UBFC_PHYS_s01_T3_test,11,284,119.46666666666667,-1.7152564525604248,-0.48706614511401625
UBFC_PHYS_s01_T3_test,11,285,119.5,-2.1392946243286133,-0.6000336378040528
UBFC_PHYS_s01_T3_test,11,286,119.53333333333333,-2.485661029815674,-0.6245192249846488
UBFC_PHYS_s01_T3_test,11,287,119.56666666666666,-2.585711717605591,-0.5737622625878083
UBFC_PHYS_s01_T3_test,11,288,119.6,-2.2671077251434326,-0.4680434831456271
UBFC_PHYS_s01_T3_test,11,289,119.63333333333334,-1.4455482959747314,-0.33029945345564016
UBFC_PHYS_s01_T3_test,11,290,119.66666666666667,-0.2528155744075775,-0.18288214374131695
UBFC_PHYS_s01_T3_test,11,291,119.7,1.014168620109558,-0.04496116717327203
UBFC_PHYS_s01_T3_test,11,292,119.73333333333333,2.053711414337158,0.06943524650906582
UBFC_PHYS_s01_T3_test,11,293,119.76666666666667,2.6427412033081055,0.15213334622523764
UBFC_PHYS_s01_T3_test,11,294,119.8,2.7494633197784424,0.20030057670221552
UBFC_PHYS_s01_T3_test,11,295,119.83333333333333,2.541276216506958,0.21532815306640266
UBFC_PHYS_s01_T3_test,11,296,119.86666666666666,2.1978020668029785,0.20161942905310468
UBFC_PHYS_s01_T3_test,11,297,119.9,1.817212700843811,0.16557788810622803
UBFC_PHYS_s01_T3_test,11,298,119.93333333333334,1.4225205183029175,0.11475542179537486
UBFC_PHYS_s01_T3_test,11,299,119.96666666666667,0.9797135591506958,0.05685160462037027
UBFC_PHYS_s01_T3_test,12,0,120.0,0.485371857881546,0.002032336767060012
UBFC_PHYS_s01_T3_test,12,1,120.03333333333333,0.03367672115564346,-0.255298851063091
UBFC_PHYS_s01_T3_test,12,2,120.06666666666666,-0.3103462755680084,-0.5014679791560074
UBFC_PHYS_s01_T3_test,12,3,120.1,-0.5515740513801575,-0.7248530406667041
UBFC_PHYS_s01_T3_test,12,4,120.13333333333334,-0.6980503797531128,-0.9172489037069486
UBFC_PHYS_s01_T3_test,12,5,120.16666666666667,-0.8222111463546753,-1.0745341455883028
UBFC_PHYS_s01_T3_test,12,6,120.2,-1.081384301185608,-1.1943907047412559
UBFC_PHYS_s01_T3_test,12,7,120.23333333333333,-1.5093493461608887,-1.2739362730613646
UBFC_PHYS_s01_T3_test,12,8,120.26666666666667,-1.9039993286132812,-1.3087408653837576
UBFC_PHYS_s01_T3_test,12,9,120.3,-2.0425796508789062,-1.2929503760179748
UBFC_PHYS_s01_T3_test,12,10,120.33333333333333,-1.8910152912139893,-1.2202514252526575
UBFC_PHYS_s01_T3_test,12,11,120.36666666666666,-1.5411442518234253,-1.0855123851585369
UBFC_PHYS_s01_T3_test,12,12,120.4,-1.1224263906478882,-0.8869324364134618
UBFC_PHYS_s01_T3_test,12,13,120.43333333333334,-0.7412036657333374,-0.628501447781429
UBFC_PHYS_s01_T3_test,12,14,120.46666666666667,-0.4228319823741913,-0.32189574345883454
UBFC_PHYS_s01_T3_test,12,15,120.5,-0.1229756698012352,0.013582547624195414
UBFC_PHYS_s01_T3_test,12,16,120.53333333333333,0.20369312167167664,0.3534465018502849
UBFC_PHYS_s01_T3_test,12,17,120.56666666666666,0.5847468972206116,0.6721680815229576
UBFC_PHYS_s01_T3_test,12,18,120.6,1.0480537414550781,0.9474163211746884
UBFC_PHYS_s01_T3_test,12,19,120.63333333333334,1.5798907279968262,1.1621892591916902
UBFC_PHYS_s01_T3_test,12,20,120.66666666666667,2.0749080181121826,1.30466187520864
UBFC_PHYS_s01_T3_test,12,21,120.7,2.3911051750183105,1.367563731173343
UBFC_PHYS_s01_T3_test,12,22,120.73333333333333,2.46740460395813,1.3482538616718551
UBFC_PHYS_s01_T3_test,12,23,120.76666666666667,2.3144679069519043,1.2496717821361036
UBFC_PHYS_s01_T3_test,12,24,120.8,1.9423657655715942,1.0812965887537662
UBFC_PHYS_s01_T3_test,12,25,120.83333333333333,1.3716611862182617,0.8584401008853288
UBFC_PHYS_s01_T3_test,12,26,120.86666666666666,0.647745668888092,0.5996688973931257
UBFC_PHYS_s01_T3_test,12,27,120.9,-0.16186431050300598,0.3237141162963721
UBFC_PHYS_s01_T3_test,12,28,120.93333333333334,-0.927962064743042,0.047199789946104576
UBFC_PHYS_s01_T3_test,12,29,120.96666666666667,-1.5064358711242676,-0.21580617578937145
UBFC_PHYS_s01_T3_test,12,30,121.0,-1.8514299392700195,-0.4528317546995058
UBFC_PHYS_s01_T3_test,12,31,121.03333333333333,-1.9814810752868652,-0.6523195899642452
UBFC_PHYS_s01_T3_test,12,32,121.06666666666666,-1.905076026916504,-0.8039593583755241
UBFC_PHYS_s01_T3_test,12,33,121.1,-1.6507164239883423,-0.8996216836744855
UBFC_PHYS_s01_T3_test,12,34,121.13333333333334,-1.3136816024780273,-0.9344813688240643
UBFC_PHYS_s01_T3_test,12,35,121.16666666666667,-0.9816080927848816,-0.9080155928860856
UBFC_PHYS_s01_T3_test,12,36,121.2,-0.6985781788825989,-0.824722550445561
UBFC_PHYS_s01_T3_test,12,37,121.23333333333333,-0.49756911396980286,-0.6945650714730667
UBFC_PHYS_s01_T3_test,12,38,121.26666666666667,-0.3927471339702606,-0.5322713866633185
UBFC_PHYS_s01_T3_test,12,39,121.3,-0.328692764043808,-0.35401203341586296
UBFC_PHYS_s01_T3_test,12,40,121.33333333333333,-0.21766380965709686,-0.172590472255575
UBFC_PHYS_s01_T3_test,12,41,121.36666666666666,-0.024107320234179497,0.005311170024274274
UBFC_PHYS_s01_T3_test,12,42,121.4,0.22182849049568176,0.178191236211173
UBFC_PHYS_s01_T3_test,12,43,121.43333333333334,0.49088212847709656,0.3457666904500969
UBFC_PHYS_s01_T3_test,12,44,121.46666666666667,0.7779656052589417,0.5044098096326657
UBFC_PHYS_s01_T3_test,12,45,121.5,1.037033200263977,0.6455587945301581
UBFC_PHYS_s01_T3_test,12,46,121.53333333333333,1.1702088117599487,0.7575249453698901
UBFC_PHYS_s01_T3_test,12,47,121.56666666666666,1.1156549453735352,0.8279181823785969
UBFC_PHYS_s01_T3_test,12,48,121.6,0.8893323540687561,0.8454144237341467
UBFC_PHYS_s01_T3_test,12,49,121.63333333333334,0.6081180572509766,0.8013982305495986
UBFC_PHYS_s01_T3_test,12,50,121.66666666666667,0.39522284269332886,0.691883831670507
UBFC_PHYS_s01_T3_test,12,51,121.7,0.2569802701473236,0.5197745705181215
UBFC_PHYS_s01_T3_test,12,52,121.73333333333333,0.16224990785121918,0.2961004695271346
UBFC_PHYS_s01_T3_test,12,53,121.76666666666667,0.15367835760116577,0.037791067601379874
UBFC_PHYS_s01_T3_test,12,54,121.8,0.24051277339458466,-0.236964675822811
UBFC_PHYS_s01_T3_test,12,55,121.83333333333333,0.3567986488342285,-0.5114657937259884
UBFC_PHYS_s01_T3_test,12,56,121.86666666666666,0.47739145159721375,-0.7700788099588752
UBFC_PHYS_s01_T3_test,12,57,121.9,0.5950707197189331,-0.9967021717819243
UBFC_PHYS_s01_T3_test,12,58,121.93333333333334,0.6507224440574646,-1.1739369909247925
UBFC_PHYS_s01_T3_test,12,59,121.96666666666667,0.5938884615898132,-1.2840498761659032
UBFC_PHYS_s01_T3_test,12,60,122.0,0.46352073550224304,-1.3114190333712972
UBFC_PHYS_s01_T3_test,12,61,122.03333333333333,0.37858644127845764,-1.2448361542502684
UBFC_PHYS_s01_T3_test,12,62,122.06666666666666,0.43928396701812744,-1.0794077314907222
UBFC_PHYS_s01_T3_test,12,63,122.1,0.6554937958717346,-0.8191500981669133
UBFC_PHYS_s01_T3_test,12,64,122.13333333333334,0.9567646384239197,-0.47958792278093426
UBFC_PHYS_s01_T3_test,12,65,122.16666666666667,1.181968331336975,-0.08797470862395888
UBFC_PHYS_s01_T3_test,12,66,122.2,1.0963795185089111,0.31986875888457206
UBFC_PHYS_s01_T3_test,12,67,122.23333333333333,0.5852746963500977,0.7054198588346661
UBFC_PHYS_s01_T3_test,12,68,122.26666666666667,-0.21335691213607788,1.03416442664531
UBFC_PHYS_s01_T3_test,12,69,122.3,-1.0752406120300293,1.2804550343628471
UBFC_PHYS_s01_T3_test,12,70,122.33333333333333,-1.88246488571167,1.429476717412856
UBFC_PHYS_s01_T3_test,12,71,122.36666666666666,-2.5281598567962646,1.477058659525387
UBFC_PHYS_s01_T3_test,12,72,122.4,-2.852084159851074,1.4282835759180517
UBFC_PHYS_s01_T3_test,12,73,122.43333333333334,-2.765334129333496,1.2957698320635762
UBFC_PHYS_s01_T3_test,12,74,122.46666666666667,-2.316932439804077,1.0977225594846782
UBFC_PHYS_s01_T3_test,12,75,122.5,-1.6186681985855103,0.8551275663656988
UBFC_PHYS_s01_T3_test,12,76,122.53333333333333,-0.7961586713790894,0.5886596721451112
UBFC_PHYS_s01_T3_test,12,77,122.56666666666666,0.018307052552700043,0.31701370816934943
UBFC_PHYS_s01_T3_test,12,78,122.6,0.7618358731269836,0.056495232093751124
UBFC_PHYS_s01_T3_test,12,79,122.63333333333334,1.4157012701034546,-0.18004342299458
UBFC_PHYS_s01_T3_test,12,80,122.66666666666667,1.9552019834518433,-0.3850963063892263
UBFC_PHYS_s01_T3_test,12,81,122.7,2.396552085876465,-0.5575621789603846
UBFC_PHYS_s01_T3_test,12,82,122.73333333333333,2.8104987144470215,-0.7013881685160838
UBFC_PHYS_s01_T3_test,12,83,122.76666666666667,3.215092420578003,-0.8207820840434411
UBFC_PHYS_s01_T3_test,12,84,122.8,3.4719433784484863,-0.9144171379645988
UBFC_PHYS_s01_T3_test,12,85,122.83333333333333,3.256978988647461,-0.9739396054754398
UBFC_PHYS_s01_T3_test,12,86,122.86666666666666,2.2953615188598633,-0.9878661996488416
UBFC_PHYS_s01_T3_test,12,87,122.9,0.7876138687133789,-0.9474518613359307
UBFC_PHYS_s01_T3_test,12,88,122.93333333333334,-0.682216227054596,-0.8512891899014768
UBFC_PHYS_s01_T3_test,12,89,122.96666666666667,-1.7827098369598389,-0.7063532294583483
UBFC_PHYS_s01_T3_test,12,90,123.0,-2.559532642364502,-0.5258913322801984
UBFC_PHYS_s01_T3_test,12,91,123.03333333333333,-3.0160412788391113,-0.32705074902105746
UBFC_PHYS_s01_T3_test,12,92,123.06666666666666,-3.1476123332977295,-0.12925017191461285
UBFC_PHYS_s01_T3_test,12,93,123.1,-3.0792088508605957,0.04780789156520297
UBFC_PHYS_s01_T3_test,12,94,123.13333333333334,-2.8248071670532227,0.1869834793653406
UBFC_PHYS_s01_T3_test,12,95,123.16666666666667,-2.3122034072875977,0.2770464024397167
UBFC_PHYS_s01_T3_test,12,96,123.2,-1.7337507009506226,0.31530863258935843
UBFC_PHYS_s01_T3_test,12,97,123.23333333333333,-1.37152898311615,0.3077113670197344
UBFC_PHYS_s01_T3_test,12,98,123.26666666666667,-1.1815404891967773,0.26656743567803387
UBFC_PHYS_s01_T3_test,12,99,123.3,-0.9678851962089539,0.20811940739064255
UBFC_PHYS_s01_T3_test,12,100,123.33333333333333,-0.7531743049621582,0.1504432786576701
UBFC_PHYS_s01_T3_test,12,101,123.36666666666666,-0.6345449686050415,0.11053580837004866
UBFC_PHYS_s01_T3_test,12,102,123.4,-0.5760219693183899,0.1007657072531237
UBFC_PHYS_s01_T3_test,12,103,123.43333333333334,-0.48684412240982056,0.12628591115710966
UBFC_PHYS_s01_T3_test,12,104,123.46666666666667,-0.35890430212020874,0.18445542821595012
UBFC_PHYS_s01_T3_test,12,105,123.5,-0.2423650622367859,0.26654319755483763
UBFC_PHYS_s01_T3_test,12,106,123.53333333333333,-0.1544117033481598,0.3606724357906406
UBFC_PHYS_s01_T3_test,12,107,123.56666666666666,-0.10408026725053787,0.45390650885948297
UBFC_PHYS_s01_T3_test,12,108,123.6,-0.14070990681648254,0.5333862368853257
UBFC_PHYS_s01_T3_test,12,109,123.63333333333334,-0.2736744284629822,0.588366285058502
UBFC_PHYS_s01_T3_test,12,110,123.66666666666667,-0.4166461229324341,0.6127165368857093
UBFC_PHYS_s01_T3_test,12,111,123.7,-0.4750635325908661,0.6052229005303447
UBFC_PHYS_s01_T3_test,12,112,123.73333333333333,-0.42150190472602844,0.5670618517735624
UBFC_PHYS_s01_T3_test,12,113,123.76666666666667,-0.2602681815624237,0.4980685563521337
UBFC_PHYS_s01_T3_test,12,114,123.8,-0.015366876497864723,0.39447046520048856
UBFC_PHYS_s01_T3_test,12,115,123.83333333333333,0.23360908031463623,0.251123972113874
UBFC_PHYS_s01_T3_test,12,116,123.86666666666666,0.3796631693840027,0.06721860235323206
UBFC_PHYS_s01_T3_test,12,117,123.9,0.37415286898612976,-0.14943032415789675
UBFC_PHYS_s01_T3_test,12,118,123.93333333333334,0.26563626527786255,-0.38217576118821217
UBFC_PHYS_s01_T3_test,12,119,123.96666666666667,0.1577952355146408,-0.6092309303058104
UBFC_PHYS_s01_T3_test,12,120,124.0,0.12087003141641617,-0.8090715682394006
UBFC_PHYS_s01_T3_test,12,121,124.03333333333333,0.1330728679895401,-0.9639113597468834
UBFC_PHYS_s01_T3_test,12,122,124.06666666666666,0.13870982825756073,-1.0605850619388122
UBFC_PHYS_s01_T3_test,12,123,124.1,0.1252402514219284,-1.0912015646094642
UBFC_PHYS_s01_T3_test,12,124,124.13333333333334,0.0945853665471077,-1.0542254962630033
UBFC_PHYS_s01_T3_test,12,125,124.16666666666667,0.03948257118463516,-0.9547021928166975
UBFC_PHYS_s01_T3_test,12,126,124.2,-0.044311679899692535,-0.8029706631494231
UBFC_PHYS_s01_T3_test,12,127,124.23333333333333,-0.16505225002765656,-0.6120500772063051
UBFC_PHYS_s01_T3_test,12,128,124.26666666666667,-0.2975100874900818,-0.3946667098153189
UBFC_PHYS_s01_T3_test,12,129,124.3,-0.3290727734565735,-0.16147894022017778
UBFC_PHYS_s01_T3_test,12,130,124.33333333333333,-0.1747005134820938,0.07893618161744749
UBFC_PHYS_s01_T3_test,12,131,124.36666666666666,0.10803382843732834,0.31887039796925565
UBFC_PHYS_s01_T3_test,12,132,124.4,0.39283716678619385,0.5500517839097897
UBFC_PHYS_s01_T3_test,12,133,124.43333333333334,0.600222110748291,0.7632082605698052
UBFC_PHYS_s01_T3_test,12,134,124.46666666666667,0.6790761351585388,0.9486567133137545
UBFC_PHYS_s01_T3_test,12,135,124.5,0.6123616099357605,1.0967845777113274
UBFC_PHYS_s01_T3_test,12,136,124.53333333333333,0.4845273494720459,1.1981552550949637
UBFC_PHYS_s01_T3_test,12,137,124.56666666666666,0.4012186825275421,1.2439075329843547
UBFC_PHYS_s01_T3_test,12,138,124.6,0.3542652130126953,1.2267241935901454
UBFC_PHYS_s01_T3_test,12,139,124.63333333333334,0.2895563542842865,1.142147079361899
UBFC_PHYS_s01_T3_test,12,140,124.66666666666667,0.20616324245929718,0.9896874547518177
UBFC_PHYS_s01_T3_test,12,141,124.7,0.12093336880207062,0.7729749521962459
UBFC_PHYS_s01_T3_test,12,142,124.73333333333333,0.03306446969509125,0.49926306183333063
UBFC_PHYS_s01_T3_test,12,143,124.76666666666667,-0.045852866023778915,0.17957199004437696
UBFC_PHYS_s01_T3_test,12,144,124.8,-0.11258847266435623,-0.1707833379017748
UBFC_PHYS_s01_T3_test,12,145,124.83333333333333,-0.21111902594566345,-0.5329945738521851
UBFC_PHYS_s01_T3_test,12,146,124.86666666666666,-0.35043832659721375,-0.8865970907932513
UBFC_PHYS_s01_T3_test,12,147,124.9,-0.43953171372413635,-1.2101129937219526
UBFC_PHYS_s01_T3_test,12,148,124.93333333333334,-0.3922615349292755,-1.4802964409316006
UBFC_PHYS_s01_T3_test,12,149,124.96666666666667,-0.22802987694740295,-1.6718640693029838
UBFC_PHYS_s01_T3_test,12,150,125.0,-0.012136712670326233,-1.759438278993002
UBFC_PHYS_s01_T3_test,12,151,125.03333333333333,0.20618435740470886,-1.7227429753003127
UBFC_PHYS_s01_T3_test,12,152,125.06666666666666,0.37668633460998535,-1.5533335213928041
UBFC_PHYS_s01_T3_test,12,153,125.1,0.46852433681488037,-1.2587058966411373
UBFC_PHYS_s01_T3_test,12,154,125.13333333333334,0.5003404021263123,-0.8619575337368098
UBFC_PHYS_s01_T3_test,12,155,125.16666666666667,0.5103898048400879,-0.39789537752187837
UBFC_PHYS_s01_T3_test,12,156,125.2,0.5236271023750305,0.09275480094359966
UBFC_PHYS_s01_T3_test,12,157,125.23333333333333,0.5569210052490234,0.5689925763845842
UBFC_PHYS_s01_T3_test,12,158,125.26666666666667,0.6132060885429382,0.9939960253564969
UBFC_PHYS_s01_T3_test,12,159,125.3,0.6629675030708313,1.3384275819582252
UBFC_PHYS_s01_T3_test,12,160,125.33333333333333,0.680131733417511,1.5825306152182155
UBFC_PHYS_s01_T3_test,12,161,125.36666666666666,0.6733969449996948,1.7167333383243617
UBFC_PHYS_s01_T3_test,12,162,125.4,0.6440299153327942,1.7409863441302176
UBFC_PHYS_s01_T3_test,12,163,125.43333333333334,0.5665059685707092,1.6634853141856931
UBFC_PHYS_s01_T3_test,12,164,125.46666666666667,0.447897732257843,1.4990006493925243
UBFC_PHYS_s01_T3_test,12,165,125.5,0.3368476629257202,1.2666008858381006
UBFC_PHYS_s01_T3_test,12,166,125.53333333333333,0.2641583979129791,0.986865421891078
UBFC_PHYS_s01_T3_test,12,167,125.56666666666666,0.2119479775428772,0.6790646905532874
UBFC_PHYS_s01_T3_test,12,168,125.6,0.1439245343208313,0.3592513513504129
UBFC_PHYS_s01_T3_test,12,169,125.63333333333334,0.0500386618077755,0.040484149663141844
UBFC_PHYS_s01_T3_test,12,170,125.66666666666667,-0.01382568757981062,-0.2655703450285099
UBFC_PHYS_s01_T3_test,12,171,125.7,0.03086880035698414,-0.548168327312162
UBFC_PHYS_s01_T3_test,12,172,125.73333333333333,0.209161177277565,-0.7986776482737541
UBFC_PHYS_s01_T3_test,12,173,125.76666666666667,0.4614306390285492,-1.0118277032052077
UBFC_PHYS_s01_T3_test,12,174,125.8,0.6668310761451721,-1.1857212364003658
UBFC_PHYS_s01_T3_test,12,175,125.83333333333333,0.7431516051292419,-1.3199798359408705
UBFC_PHYS_s01_T3_test,12,176,125.86666666666666,0.6972326040267944,-1.412763099835924
UBFC_PHYS_s01_T3_test,12,177,125.9,0.5863302946090698,-1.4586236296285287
UBFC_PHYS_s01_T3_test,12,178,125.93333333333334,0.4717755913734436,-1.4485744872812139
UBFC_PHYS_s01_T3_test,12,179,125.96666666666667,0.3931538462638855,-1.3728189667335269
UBFC_PHYS_s01_T3_test,12,180,126.0,0.34033116698265076,-1.2250404071917105
UBFC_PHYS_s01_T3_test,12,181,126.03333333333333,0.2912875711917877,-1.005826840298095
UBFC_PHYS_s01_T3_test,12,182,126.06666666666666,0.2629550099372864,-0.7240213961947697
UBFC_PHYS_s01_T3_test,12,183,126.1,0.27889472246170044,-0.39622909305205756
UBFC_PHYS_s01_T3_test,12,184,126.13333333333334,0.3329630196094513,-0.044936451291875235
UBFC_PHYS_s01_T3_test,12,185,126.16666666666667,0.4017676115036011,0.3042090111024811
UBFC_PHYS_s01_T3_test,12,186,126.2,0.46542084217071533,0.6254312356598621
UBFC_PHYS_s01_T3_test,12,187,126.23333333333333,0.5303618907928467,0.8957128936203556
UBFC_PHYS_s01_T3_test,12,188,126.26666666666667,0.6284490823745728,1.0972707974083686
UBFC_PHYS_s01_T3_test,12,189,126.3,0.7667127847671509,1.2195030651460075
UBFC_PHYS_s01_T3_test,12,190,126.33333333333333,0.9150047302246094,1.2602472124203297
UBFC_PHYS_s01_T3_test,12,191,126.36666666666666,1.0412555932998657,1.226109633402163
UBFC_PHYS_s01_T3_test,12,192,126.4,1.1120235919952393,1.1313886407104166
UBFC_PHYS_s01_T3_test,12,193,126.43333333333334,1.0699893236160278,0.995016651003065
UBFC_PHYS_s01_T3_test,12,194,126.46666666666667,0.8318861126899719,0.8359939039566471
UBFC_PHYS_s01_T3_test,12,195,126.5,0.3194301128387451,0.6688246404487448
UBFC_PHYS_s01_T3_test,12,196,126.53333333333333,-0.4583004415035248,0.5011271577565117
UBFC_PHYS_s01_T3_test,12,197,126.56666666666666,-1.267783761024475,0.3357487600679556
UBFC_PHYS_s01_T3_test,12,198,126.6,-1.8140614032745361,0.17598396306413083
UBFC_PHYS_s01_T3_test,12,199,126.63333333333334,-2.024507761001587,0.02910171748542594
UBFC_PHYS_s01_T3_test,12,200,126.66666666666667,-2.0650851726531982,-0.09428902014497928
UBFC_PHYS_s01_T3_test,12,201,126.7,-2.0425796508789062,-0.18455423375500848
UBFC_PHYS_s01_T3_test,12,202,126.73333333333333,-1.9167722463607788,-0.23845269217092877
UBFC_PHYS_s01_T3_test,12,203,126.76666666666667,-1.6781623363494873,-0.2616168607923269
UBFC_PHYS_s01_T3_test,12,204,126.8,-1.3826762437820435,-0.26678238107401453
UBFC_PHYS_s01_T3_test,12,205,126.83333333333333,-1.0608843564987183,-0.2694780493805272
UBFC_PHYS_s01_T3_test,12,206,126.86666666666666,-0.7389658093452454,-0.28316990421665944
UBFC_PHYS_s01_T3_test,12,207,126.9,-0.4570125937461853,-0.31568570241277305
UBFC_PHYS_s01_T3_test,12,208,126.93333333333334,-0.22074617445468903,-0.36779894153552795
UBFC_PHYS_s01_T3_test,12,209,126.96666666666667,-0.01948375254869461,-0.4337892071235581
UBFC_PHYS_s01_T3_test,12,210,127.0,0.12847042083740234,-0.5038077576728179
UBFC_PHYS_s01_T3_test,12,211,127.03333333333333,0.2146081179380417,-0.5679107365822352
UBFC_PHYS_s01_T3_test,12,212,127.06666666666666,0.2919842600822449,-0.6197954519986512
UBFC_PHYS_s01_T3_test,12,213,127.1,0.3940405547618866,-0.6568932523124843
UBFC_PHYS_s01_T3_test,12,214,127.13333333333334,0.4898054003715515,-0.6772409120835696
UBFC_PHYS_s01_T3_test,12,215,127.16666666666667,0.5552531480789185,-0.6771832631991983
UBFC_PHYS_s01_T3_test,12,216,127.2,0.6053312420845032,-0.6516947796179305
UBFC_PHYS_s01_T3_test,12,217,127.23333333333333,0.6493712663650513,-0.5963758835697595
UBFC_PHYS_s01_T3_test,12,218,127.26666666666667,0.683467447757721,-0.5095956877063013
UBFC_PHYS_s01_T3_test,12,219,127.3,0.6820951700210571,-0.39307968822490724
UBFC_PHYS_s01_T3_test,12,220,127.33333333333333,0.608244776725769,-0.2507763316414291
UBFC_PHYS_s01_T3_test,12,221,127.36666666666666,0.4653363823890686,-0.0873992942886774
UBFC_PHYS_s01_T3_test,12,222,127.4,0.28605175018310547,0.09224828416954495
UBFC_PHYS_s01_T3_test,12,223,127.43333333333334,0.07503548264503479,0.2826438828114498
UBFC_PHYS_s01_T3_test,12,224,127.46666666666667,-0.14248332381248474,0.47610962585732924
UBFC_PHYS_s01_T3_test,12,225,127.5,-0.2619993984699249,0.6619644871832204
UBFC_PHYS_s01_T3_test,12,226,127.53333333333333,-0.198430597782135,0.8270960649698094
UBFC_PHYS_s01_T3_test,12,227,127.56666666666666,-0.01967376284301281,0.9579973333733875
UBFC_PHYS_s01_T3_test,12,228,127.6,0.15070153772830963,1.043464786770622
UBFC_PHYS_s01_T3_test,12,229,127.63333333333334,0.2620472013950348,1.0764773832584773
UBFC_PHYS_s01_T3_test,12,230,127.66666666666667,0.3320974111557007,1.054608093577057
UBFC_PHYS_s01_T3_test,12,231,127.7,0.36408236622810364,0.9792791782286139
UBFC_PHYS_s01_T3_test,12,232,127.73333333333333,0.34007781744003296,0.8545504271407369
UBFC_PHYS_s01_T3_test,12,233,127.76666666666667,0.27006980776786804,0.6863221589921683
UBFC_PHYS_s01_T3_test,12,234,127.8,0.19522713124752045,0.48230132993854097
UBFC_PHYS_s01_T3_test,12,235,127.83333333333333,0.15486064553260803,0.25246938142115766
UBFC_PHYS_s01_T3_test,12,236,127.86666666666666,0.16239769756793976,0.009360473601681234
UBFC_PHYS_s01_T3_test,12,237,127.9,0.1951638013124466,-0.23277402177877987
UBFC_PHYS_s01_T3_test,12,238,127.93333333333334,0.21986505389213562,-0.45984949472587305
UBFC_PHYS_s01_T3_test,12,239,127.96666666666667,0.2171204686164856,-0.6598156354894481
UBFC_PHYS_s01_T3_test,12,240,128.0,0.174072727560997,-0.8235385161207797
UBFC_PHYS_s01_T3_test,12,241,128.03333333333333,0.09703437983989716,-0.9440619002860391
UBFC_PHYS_s01_T3_test,12,242,128.06666666666666,0.01752590201795101,-1.0150832044028804
UBFC_PHYS_s01_T3_test,12,243,128.1,-0.05666230618953705,-1.0307220739971232
UBFC_PHYS_s01_T3_test,12,244,128.13333333333333,-0.13627633452415466,-0.9870229425557189
UBFC_PHYS_s01_T3_test,12,245,128.16666666666666,-0.20964117348194122,-0.8838689266402965
UBFC_PHYS_s01_T3_test,12,246,128.2,-0.2595292627811432,-0.7261488109155096
UBFC_PHYS_s01_T3_test,12,247,128.23333333333332,-0.28845295310020447,-0.5234702941105545
UBFC_PHYS_s01_T3_test,12,248,128.26666666666668,-0.3106207251548767,-0.28892176718068974
UBFC_PHYS_s01_T3_test,12,249,128.3,-0.3414234220981598,-0.038434406369977386
UBFC_PHYS_s01_T3_test,12,250,128.33333333333334,-0.40155091881752014,0.2093579565263404
UBFC_PHYS_s01_T3_test,12,251,128.36666666666667,-0.4883219599723816,0.4344651691503215
UBFC_PHYS_s01_T3_test,12,252,128.4,-0.5503706932067871,0.6186329519271109
UBFC_PHYS_s01_T3_test,12,253,128.43333333333334,-0.5200746655464172,0.7493229402537697
UBFC_PHYS_s01_T3_test,12,254,128.46666666666667,-0.364857941865921,0.822402708315169
UBFC_PHYS_s01_T3_test,12,255,128.5,-0.11062504351139069,0.8405802066023536
UBFC_PHYS_s01_T3_test,12,256,128.53333333333333,0.1589564085006714,0.8085024675584312
UBFC_PHYS_s01_T3_test,12,257,128.56666666666666,0.36634138226509094,0.7291083636528187
UBFC_PHYS_s01_T3_test,12,258,128.6,0.4915788173675537,0.603824015606046
UBFC_PHYS_s01_T3_test,12,259,128.63333333333333,0.533380925655365,0.4365161156146693
UBFC_PHYS_s01_T3_test,12,260,128.66666666666666,0.5082785487174988,0.23814485217977416
UBFC_PHYS_s01_T3_test,12,261,128.7,0.4689676761627197,0.0268870285196448
UBFC_PHYS_s01_T3_test,12,262,128.73333333333332,0.4397273063659668,-0.17700312903734133
UBFC_PHYS_s01_T3_test,12,263,128.76666666666668,0.3964473307132721,-0.35760666279624315
UBFC_PHYS_s01_T3_test,12,264,128.8,0.3369743227958679,-0.5073466336403207
UBFC_PHYS_s01_T3_test,12,265,128.83333333333334,0.2876562774181366,-0.6261205511209385
UBFC_PHYS_s01_T3_test,12,266,128.86666666666667,0.25818365812301636,-0.7162705070121096
UBFC_PHYS_s01_T3_test,12,267,128.9,0.23715592920780182,-0.7771022266937132
UBFC_PHYS_s01_T3_test,12,268,128.93333333333334,0.20907673239707947,-0.8022369639971854
UBFC_PHYS_s01_T3_test,12,269,128.96666666666667,0.17240487039089203,-0.7818547665744541
UBFC_PHYS_s01_T3_test,12,270,129.0,0.1249869093298912,-0.7084796297105556
UBFC_PHYS_s01_T3_test,12,271,129.03333333333333,0.05630898103117943,-0.5818846595234325
UBFC_PHYS_s01_T3_test,12,272,129.06666666666666,-0.0234106183052063,-0.41026057907758995
UBFC_PHYS_s01_T3_test,12,273,129.1,-0.09339749813079834,-0.20705058059033293
UBFC_PHYS_s01_T3_test,12,274,129.13333333333333,-0.15789522230625153,0.014215302540644454
UBFC_PHYS_s01_T3_test,12,275,129.16666666666666,-0.22273072600364685,0.24243844973401737
UBFC_PHYS_s01_T3_test,12,276,129.2,-0.27447667717933655,0.4671457374838038
UBFC_PHYS_s01_T3_test,12,277,129.23333333333332,-0.320944607257843,0.6740934974410081
UBFC_PHYS_s01_T3_test,12,278,129.26666666666668,-0.3877013027667999,0.8422930990782495
UBFC_PHYS_s01_T3_test,12,279,129.3,-0.466829776763916,0.9476613678609856
UBFC_PHYS_s01_T3_test,12,280,129.33333333333334,-0.5115453600883484,0.9721667844358217
UBFC_PHYS_s01_T3_test,12,281,129.36666666666667,-0.4666186571121216,0.9112129517642318
UBFC_PHYS_s01_T3_test,12,282,129.4,-0.312161922454834,0.7751860000223786
UBFC_PHYS_s01_T3_test,12,283,129.43333333333334,-0.0998789370059967,0.5852551051408036
UBFC_PHYS_s01_T3_test,12,284,129.46666666666667,0.09156632423400879,0.36622039480893626
UBFC_PHYS_s01_T3_test,12,285,129.5,0.23202566802501678,0.14118939812201678
UBFC_PHYS_s01_T3_test,12,286,129.53333333333333,0.3230191767215729,-0.07018945004234517
UBFC_PHYS_s01_T3_test,12,287,129.56666666666666,0.3611055612564087,-0.2515760919304707
UBFC_PHYS_s01_T3_test,12,288,129.6,0.3498949706554413,-0.3898707542336967
UBFC_PHYS_s01_T3_test,12,289,129.63333333333333,0.3189234137535095,-0.4769522025172084
UBFC_PHYS_s01_T3_test,12,290,129.66666666666666,0.2793169617652893,-0.5123276308948035
UBFC_PHYS_s01_T3_test,12,291,129.7,0.19750724732875824,-0.5034019751614427
UBFC_PHYS_s01_T3_test,12,292,129.73333333333332,0.06205149367451668,-0.4626562603326791
UBFC_PHYS_s01_T3_test,12,293,129.76666666666668,-0.05970245972275734,-0.40382854514972344
UBFC_PHYS_s01_T3_test,12,294,129.8,-0.11144841462373734,-0.33872199478329185
UBFC_PHYS_s01_T3_test,12,295,129.83333333333334,-0.1184365451335907,-0.2754445985598781
UBFC_PHYS_s01_T3_test,12,296,129.86666666666667,-0.10798601806163788,-0.21817850671696012
UBFC_PHYS_s01_T3_test,12,297,129.9,-0.06318596750497818,-0.1679184946609836
UBFC_PHYS_s01_T3_test,12,298,129.93333333333334,0.024218464270234108,-0.12359981086872095
UBFC_PHYS_s01_T3_test,12,299,129.96666666666667,0.11544419825077057,-0.08316261983374695
UBFC_PHYS_s01_T3_test,13,0,130.0,0.1566551774740219,0.10326977297522903
UBFC_PHYS_s01_T3_test,13,1,130.03333333333333,0.12557804584503174,0.08074300986969171
UBFC_PHYS_s01_T3_test,13,2,130.06666666666666,0.038279175758361816,0.07637370531033479
UBFC_PHYS_s01_T3_test,13,3,130.1,-0.08630380779504776,0.1056650099162336
UBFC_PHYS_s01_T3_test,13,4,130.13333333333333,-0.22338519990444183,0.17406847705646605
UBFC_PHYS_s01_T3_test,13,5,130.16666666666666,-0.3373698592185974,0.2748000917697093
UBFC_PHYS_s01_T3_test,13,6,130.2,-0.40216314792633057,0.3905527860397549
UBFC_PHYS_s01_T3_test,13,7,130.23333333333332,-0.4279622435569763,0.4977370370693046
UBFC_PHYS_s01_T3_test,13,8,130.26666666666668,-0.4615728259086609,0.5718554996969534
UBFC_PHYS_s01_T3_test,13,9,130.3,-0.5310530066490173,0.5928461277134331
UBFC_PHYS_s01_T3_test,13,10,130.33333333333334,-0.5759375095367432,0.5491829865338175
UBFC_PHYS_s01_T3_test,13,11,130.36666666666667,-0.5267038941383362,0.4396206598990212
UBFC_PHYS_s01_T3_test,13,12,130.4,-0.4088135063648224,0.2724478212853871
UBFC_PHYS_s01_T3_test,13,13,130.43333333333334,-0.29024747014045715,0.06306159158368282
UBFC_PHYS_s01_T3_test,13,14,130.46666666666667,-0.19520044326782227,-0.16926590034691277
UBFC_PHYS_s01_T3_test,13,15,130.5,-0.13184277713298798,-0.40466199830606214
UBFC_PHYS_s01_T3_test,13,16,130.53333333333333,-0.10726820677518845,-0.6251527462801402
UBFC_PHYS_s01_T3_test,13,17,130.56666666666666,-0.07952679693698883,-0.8156361459679141
UBFC_PHYS_s01_T3_test,13,18,130.6,-0.018027011305093765,-0.9635098329618408
UBFC_PHYS_s01_T3_test,13,19,130.63333333333333,0.05856798216700554,-1.0579748046447321
UBFC_PHYS_s01_T3_test,13,20,130.66666666666666,0.1391320675611496,-1.0899861827047148
UBFC_PHYS_s01_T3_test,13,21,130.7,0.2303789258003235,-1.0535028449179502
UBFC_PHYS_s01_T3_test,13,22,130.73333333333332,0.30361708998680115,-0.9475018714857472
UBFC_PHYS_s01_T3_test,13,23,130.76666666666668,0.3227447271347046,-0.7771604687074523
UBFC_PHYS_s01_T3_test,13,24,130.8,0.29783234000205994,-0.5535064047544481
UBFC_PHYS_s01_T3_test,13,25,130.83333333333334,0.25387677550315857,-0.2919070235535445
UBFC_PHYS_s01_T3_test,13,26,130.86666666666667,0.21473479270935059,-0.010188631836778511
UBFC_PHYS_s01_T3_test,13,27,130.9,0.19598717987537384,0.2725956403186261
UBFC_PHYS_s01_T3_test,13,28,130.93333333333334,0.17362937331199646,0.5369847906471376
UBFC_PHYS_s01_T3_test,13,29,130.96666666666667,0.11316408216953278,0.7648788597214269
UBFC_PHYS_s01_T3_test,13,30,131.0,0.029348723590373993,0.9421285668506275
UBFC_PHYS_s01_T3_test,13,31,131.03333333333333,-0.04918859153985977,1.0602928813223076
UBFC_PHYS_s01_T3_test,13,32,131.06666666666666,-0.1390209197998047,1.1169142693965943
UBFC_PHYS_s01_T3_test,13,33,131.1,-0.2545890212059021,1.114800877645051
UBFC_PHYS_s01_T3_test,13,34,131.13333333333333,-0.3595587909221649,1.0608852354171912
UBFC_PHYS_s01_T3_test,13,35,131.16666666666666,-0.4050344228744507,0.9651589517047037
UBFC_PHYS_s01_T3_test,13,36,131.2,-0.37201496958732605,0.8395187019295317
UBFC_PHYS_s01_T3_test,13,37,131.23333333333332,-0.2620204985141754,0.6957986753632281
UBFC_PHYS_s01_T3_test,13,38,131.26666666666668,-0.09297525882720947,0.5434336132023151
UBFC_PHYS_s01_T3_test,13,39,131.3,0.09711882472038269,0.38830998234654557
UBFC_PHYS_s01_T3_test,13,40,131.33333333333334,0.2713998854160309,0.2333270347768435
UBFC_PHYS_s01_T3_test,13,41,131.36666666666667,0.3931538462638855,0.08003066708866725
UBFC_PHYS_s01_T3_test,13,42,131.4,0.4514234662055969,-0.06984917292027056
UBFC_PHYS_s01_T3_test,13,43,131.43333333333334,0.49658241868019104,-0.21435896200426519
UBFC_PHYS_s01_T3_test,13,44,131.46666666666667,0.5673293471336365,-0.352497578398691
UBFC_PHYS_s01_T3_test,13,45,131.5,0.6247122287750244,-0.48473657816918353
UBFC_PHYS_s01_T3_test,13,46,131.53333333333333,0.6373795866966248,-0.6122606615306644
UBFC_PHYS_s01_T3_test,13,47,131.56666666666666,0.6381818056106567,-0.7357276277433908
UBFC_PHYS_s01_T3_test,13,48,131.6,0.6331360340118408,-0.8541067991350586
UBFC_PHYS_s01_T3_test,13,49,131.63333333333333,0.6010454893112183,-0.9637900937527422
UBFC_PHYS_s01_T3_test,13,50,131.66666666666666,0.5571532845497131,-1.0580666772939096
UBFC_PHYS_s01_T3_test,13,51,131.7,0.5259072184562683,-1.1269677033578231
UBFC_PHYS_s01_T3_test,13,52,131.73333333333332,0.48746195435523987,-1.1578996123009653
UBFC_PHYS_s01_T3_test,13,53,131.76666666666668,0.42275312542915344,-1.1377736489940609
UBFC_PHYS_s01_T3_test,13,54,131.8,0.3616122305393219,-1.056196401333924
UBFC_PHYS_s01_T3_test,13,55,131.83333333333334,0.3256582021713257,-0.9081889542444816
UBFC_PHYS_s01_T3_test,13,56,131.86666666666667,0.2878040671348572,-0.6955297719338812
UBFC_PHYS_s01_T3_test,13,57,131.9,0.2105545848608017,-0.42661299216490445
UBFC_PHYS_s01_T3_test,13,58,131.93333333333334,0.08913842588663101,-0.11550292104422785
UBFC_PHYS_s01_T3_test,13,59,131.96666666666667,-0.04228490963578224,0.21856514542141847
UBFC_PHYS_s01_T3_test,13,60,132.0,-0.14387673139572144,0.5516232096079454
UBFC_PHYS_s01_T3_test,13,61,132.03333333333333,-0.2380581647157669,0.8572274624426544
UBFC_PHYS_s01_T3_test,13,62,132.06666666666666,-0.3863501250743866,1.1105736615538218
UBFC_PHYS_s01_T3_test,13,63,132.1,-0.5818489193916321,1.2925613210905336
UBFC_PHYS_s01_T3_test,13,64,132.13333333333333,-0.7222238183021545,1.392378539773095
UBFC_PHYS_s01_T3_test,13,65,132.16666666666666,-0.7149612307548523,1.4079444281499445
UBFC_PHYS_s01_T3_test,13,66,132.2,-0.5908427238464355,1.3444885195068637
UBFC_PHYS_s01_T3_test,13,67,132.23333333333332,-0.45165011286735535,1.2123835766961872
UBFC_PHYS_s01_T3_test,13,68,132.26666666666668,-0.3450758159160614,1.0250032130280435
UBFC_PHYS_s01_T3_test,13,69,132.3,-0.2651028633117676,0.7968858689556177
UBFC_PHYS_s01_T3_test,13,70,132.33333333333334,-0.22199180722236633,0.5423473399537423
UBFC_PHYS_s01_T3_test,13,71,132.36666666666667,-0.23812150955200195,0.2745821670346459
UBFC_PHYS_s01_T3_test,13,72,132.4,-0.3100084960460663,0.005554132613734424
UBFC_PHYS_s01_T3_test,13,73,132.43333333333334,-0.3962095379829407,-0.25283382726523473
UBFC_PHYS_s01_T3_test,13,74,132.46666666666667,-0.4433530271053314,-0.4873860604889472
UBFC_PHYS_s01_T3_test,13,75,132.5,-0.42857450246810913,-0.6844712392878056
UBFC_PHYS_s01_T3_test,13,76,132.53333333333333,-0.36012881994247437,-0.8328063120702323
UBFC_PHYS_s01_T3_test,13,77,132.56666666666666,-0.2655462324619293,-0.925268527714394
UBFC_PHYS_s01_T3_test,13,78,132.6,-0.18194198608398438,-0.9588617955926899
UBFC_PHYS_s01_T3_test,13,79,132.63333333333333,-0.12365125864744186,-0.9341933304113318
UBFC_PHYS_s01_T3_test,13,80,132.66666666666666,-0.08349588513374329,-0.8555034314484357
UBFC_PHYS_s01_T3_test,13,81,132.7,-0.06413601338863373,-0.7316578406200687
UBFC_PHYS_s01_T3_test,13,82,132.73333333333332,-0.0639248937368393,-0.5769662193602225
UBFC_PHYS_s01_T3_test,13,83,132.76666666666668,-0.08288363367319107,-0.4094624827522388
UBFC_PHYS_s01_T3_test,13,84,132.8,-0.14108991622924805,-0.24657299549963393
UBFC_PHYS_s01_T3_test,13,85,132.83333333333334,-0.22030282020568848,-0.10049030967318195
UBFC_PHYS_s01_T3_test,13,86,132.86666666666667,-0.26360389590263367,0.024512323557712705
UBFC_PHYS_s01_T3_test,13,87,132.9,-0.28442052006721497,0.13118671457400666
UBFC_PHYS_s01_T3_test,13,88,132.93333333333334,-0.35512521862983704,0.22544679020039327
UBFC_PHYS_s01_T3_test,13,89,132.96666666666667,-0.4678431451320648,0.3122467760376482
UBFC_PHYS_s01_T3_test,13,90,133.0,-0.5226292610168457,0.3930206804389093
UBFC_PHYS_s01_T3_test,13,91,133.03333333333333,-0.44749101996421814,0.4652237014735564
UBFC_PHYS_s01_T3_test,13,92,133.06666666666666,-0.2675729990005493,0.5236125737010083
UBFC_PHYS_s01_T3_test,13,93,133.1,-0.038104698061943054,0.5621416281832995
UBFC_PHYS_s01_T3_test,13,94,133.13333333333333,0.19854174554347992,0.5757929491472985
UBFC_PHYS_s01_T3_test,13,95,133.16666666666666,0.4066234230995178,0.5622271669554648
UBFC_PHYS_s01_T3_test,13,96,133.2,0.5554854273796082,0.5224832037780209
UBFC_PHYS_s01_T3_test,13,97,133.23333333333332,0.6399974822998047,0.459469902202236
UBFC_PHYS_s01_T3_test,13,98,133.26666666666668,0.687288761138916,0.3752380013879493
UBFC_PHYS_s01_T3_test,13,99,133.3,0.7198437452316284,0.27001932051595445
UBFC_PHYS_s01_T3_test,13,100,133.33333333333334,0.7314343452453613,0.14387315478913087
UBFC_PHYS_s01_T3_test,13,101,133.36666666666667,0.721828281879425,-0.0005964037742371151
UBFC_PHYS_s01_T3_test,13,102,133.4,0.7156635522842407,-0.15643741696062227
UBFC_PHYS_s01_T3_test,13,103,133.43333333333334,0.7156423926353455,-0.31337910703914057
UBFC_PHYS_s01_T3_test,13,104,133.46666666666667,0.677788257598877,-0.46085873777969527
UBFC_PHYS_s01_T3_test,13,105,133.5,0.5784765481948853,-0.5896908588962614
UBFC_PHYS_s01_T3_test,13,106,133.53333333333333,0.45275354385375977,-0.691494539905782
UBFC_PHYS_s01_T3_test,13,107,133.56666666666666,0.3110907971858978,-0.7576823278373281
UBFC_PHYS_s01_T3_test,13,108,133.6,0.11972997337579727,-0.7797475780932939
UBFC_PHYS_s01_T3_test,13,109,133.63333333333333,-0.13821865618228912,-0.7520034650608928
UBFC_PHYS_s01_T3_test,13,110,133.66666666666666,-0.44145292043685913,-0.6752020159440437
UBFC_PHYS_s01_T3_test,13,111,133.7,-0.7506408095359802,-0.5571225042920094
UBFC_PHYS_s01_T3_test,13,112,133.73333333333332,-1.0398143529891968,-0.4096402936201774
UBFC_PHYS_s01_T3_test,13,113,133.76666666666668,-1.311760425567627,-0.24533938731028132
UBFC_PHYS_s01_T3_test,13,114,133.8,-1.5625519752502441,-0.07549002182313536
UBFC_PHYS_s01_T3_test,13,115,133.83333333333334,-1.7463968992233276,0.09046642252308054
UBFC_PHYS_s01_T3_test,13,116,133.86666666666667,-1.811147928237915,0.2444718049192773
UBFC_PHYS_s01_T3_test,13,117,133.9,-1.7378041744232178,0.37948179853140035
UBFC_PHYS_s01_T3_test,13,118,133.93333333333334,-1.5458101034164429,0.4894052171787695
UBFC_PHYS_s01_T3_test,13,119,133.96666666666667,-1.285940170288086,0.5687338752128064
UBFC_PHYS_s01_T3_test,13,120,134.0,-1.0381886959075928,0.6121533136509217
UBFC_PHYS_s01_T3_test,13,121,134.03333333333333,-0.8799318075180054,0.6152642728767808
UBFC_PHYS_s01_T3_test,13,122,134.06666666666666,-0.8436822295188904,0.5764840910761871
UBFC_PHYS_s01_T3_test,13,123,134.1,-0.9318466782569885,0.49907818970210593
UBFC_PHYS_s01_T3_test,13,124,134.13333333333333,-1.072749376296997,0.3922163325673778
UBFC_PHYS_s01_T3_test,13,125,134.16666666666666,-1.1353048086166382,0.2701501296262363
UBFC_PHYS_s01_T3_test,13,126,134.2,-1.0975351333618164,0.14957291290147867
UBFC_PHYS_s01_T3_test,13,127,134.23333333333332,-1.0213412046432495,0.04619911221626675
UBFC_PHYS_s01_T3_test,13,128,134.26666666666668,-0.8148640990257263,-0.028377143191776043
UBFC_PHYS_s01_T3_test,13,129,134.3,-0.32888278365135193,-0.06864914910403719
UBFC_PHYS_s01_T3_test,13,130,134.33333333333334,0.33821994066238403,-0.0753989123873871
UBFC_PHYS_s01_T3_test,13,131,134.36666666666667,0.9434006214141846,-0.05394910159070157
UBFC_PHYS_s01_T3_test,13,132,134.4,1.3436453342437744,-0.011326042979840825
UBFC_PHYS_s01_T3_test,13,133,134.43333333333334,1.5457944869995117,0.045953240160886435
UBFC_PHYS_s01_T3_test,13,134,134.46666666666667,1.633452296257019,0.11252343373144218
UBFC_PHYS_s01_T3_test,13,135,134.5,1.6618481874465942,0.18326667308760083
UBFC_PHYS_s01_T3_test,13,136,134.53333333333333,1.5397353172302246,0.2516325171185504
UBFC_PHYS_s01_T3_test,13,137,134.56666666666666,1.0848944187164307,0.30850181708812147
UBFC_PHYS_s01_T3_test,13,138,134.6,0.3374810218811035,0.34260263371145444
UBFC_PHYS_s01_T3_test,13,139,134.63333333333333,-0.230478897690773,0.34291195434175514
UBFC_PHYS_s01_T3_test,13,140,134.66666666666666,-0.12762035429477692,0.3019973740734419
UBFC_PHYS_s01_T3_test,13,141,134.7,0.5247671604156494,0.21800758449756902
UBFC_PHYS_s01_T3_test,13,142,134.73333333333332,1.1494977474212646,0.09456500431751486
UBFC_PHYS_s01_T3_test,13,143,134.76666666666668,1.4364756345748901,-0.060490361779596456
UBFC_PHYS_s01_T3_test,13,144,134.8,1.4736119508743286,-0.23648591871666658
UBFC_PHYS_s01_T3_test,13,145,134.83333333333334,1.3338704109191895,-0.4206150149583988
UBFC_PHYS_s01_T3_test,13,146,134.86666666666667,1.0729660987854004,-0.5981290769005925
UBFC_PHYS_s01_T3_test,13,147,134.9,0.8445534110069275,-0.7531127416327421
UBFC_PHYS_s01_T3_test,13,148,134.93333333333334,0.7018561363220215,-0.870206531926936
UBFC_PHYS_s01_T3_test,13,149,134.96666666666667,0.5757953524589539,-0.9367713441219749
UBFC_PHYS_s01_T3_test,13,150,135.0,0.5075396299362183,-0.9450000115536914
UBFC_PHYS_s01_T3_test,13,151,135.03333333333333,0.6043601036071777,-0.893558197776792
UBFC_PHYS_s01_T3_test,13,152,135.06666666666666,0.7866849303245544,-0.7881071146723626
UBFC_PHYS_s01_T3_test,13,153,135.1,0.9106134176254272,-0.6399670522846903
UBFC_PHYS_s01_T3_test,13,154,135.13333333333333,0.9741821885108948,-0.4635030201169095
UBFC_PHYS_s01_T3_test,13,155,135.16666666666666,1.0536062717437744,-0.2740082760500896
UBFC_PHYS_s01_T3_test,13,156,135.2,1.1491388082504272,-0.08654780201312662
UBFC_PHYS_s01_T3_test,13,157,135.23333333333332,1.191869854927063,0.08514578519203223
UBFC_PHYS_s01_T3_test,13,158,135.26666666666668,1.0511361360549927,0.23015243778334016
UBFC_PHYS_s01_T3_test,13,159,135.3,0.5834168195724487,0.3419842420272369
UBFC_PHYS_s01_T3_test,13,160,135.33333333333334,-0.15707184374332428,0.41976102754138617
UBFC_PHYS_s01_T3_test,13,161,135.36666666666667,-0.9414738416671753,0.46812999667910826
UBFC_PHYS_s01_T3_test,13,162,135.4,-1.5939669609069824,0.49557396248121044
UBFC_PHYS_s01_T3_test,13,163,135.43333333333334,-2.0164639949798584,0.5113316342511685
UBFC_PHYS_s01_T3_test,13,164,135.46666666666667,-2.120462417602539,0.5222929122783275
UBFC_PHYS_s01_T3_test,13,165,135.5,-1.9195168018341064,0.532071650931604
UBFC_PHYS_s01_T3_test,13,166,135.53333333333333,-1.5684634447097778,0.5423273196077028
UBFC_PHYS_s01_T3_test,13,167,135.56666666666666,-1.2313441038131714,0.5542908679946272
UBFC_PHYS_s01_T3_test,13,168,135.6,-0.9630715847015381,0.569126812496239
UBFC_PHYS_s01_T3_test,13,169,135.63333333333333,-0.7629492282867432,0.5868093020471694
UBFC_PHYS_s01_T3_test,13,170,135.66666666666666,-0.6400129795074463,0.6044300154117047
UBFC_PHYS_s01_T3_test,13,171,135.7,-0.5767819881439209,0.615848225507603
UBFC_PHYS_s01_T3_test,13,172,135.73333333333332,-0.5037760734558105,0.6131126052423594
UBFC_PHYS_s01_T3_test,13,173,135.76666666666668,-0.39762404561042786,0.5884843952379862
UBFC_PHYS_s01_T3_test,13,174,135.8,-0.312161922454834,0.5360391630310539
UBFC_PHYS_s01_T3_test,13,175,135.83333333333334,-0.2579880654811859,0.4522156854919652
UBFC_PHYS_s01_T3_test,13,176,135.86666666666667,-0.20301194489002228,0.3356260625212214
UBFC_PHYS_s01_T3_test,13,177,135.9,-0.1688946634531021,0.1872618042721118
UBFC_PHYS_s01_T3_test,13,178,135.93333333333334,-0.21149905025959015,0.011131887761672267
UBFC_PHYS_s01_T3_test,13,179,135.96666666666667,-0.3276371657848358,-0.1857474769342719
UBFC_PHYS_s01_T3_test,13,180,136.0,-0.452325701713562,-0.3942055195330962
UBFC_PHYS_s01_T3_test,13,181,136.03333333333333,-0.5484917163848877,-0.6038556661134041
UBFC_PHYS_s01_T3_test,13,182,136.06666666666666,-0.6547492742538452,-0.8035831722162762
UBFC_PHYS_s01_T3_test,13,183,136.1,-0.7897194623947144,-0.9814013464454431
UBFC_PHYS_s01_T3_test,13,184,136.13333333333333,-0.8714025020599365,-1.1242914545715128
UBFC_PHYS_s01_T3_test,13,185,136.16666666666666,-0.7810423970222473,-1.2192518335204463
UBFC_PHYS_s01_T3_test,13,186,136.2,-0.49089765548706055,-1.2554625186213602
UBFC_PHYS_s01_T3_test,13,187,136.23333333333332,-0.10175792127847672,-1.2261426310823489
UBFC_PHYS_s01_T3_test,13,188,136.26666666666668,0.24473519623279572,-1.1292756540809994
UBFC_PHYS_s01_T3_test,13,189,136.3,0.4932255744934082,-0.9671645990123837
UBFC_PHYS_s01_T3_test,13,190,136.33333333333334,0.6876265406608582,-0.7456636735015066
UBFC_PHYS_s01_T3_test,13,191,136.36666666666667,0.8470868468284607,-0.4745627525821964
UBFC_PHYS_s01_T3_test,13,192,136.4,0.92815762758255,-0.16870076351950758
UBFC_PHYS_s01_T3_test,13,193,136.43333333333334,0.9258986115455627,0.15240081354874102
UBFC_PHYS_s01_T3_test,13,194,136.46666666666667,0.9007117748260498,0.466856729265708
UBFC_PHYS_s01_T3_test,13,195,136.5,0.8891423344612122,0.7532635771185024
UBFC_PHYS_s01_T3_test,13,196,136.53333333333333,0.8922458291053772,0.9930260436640513
UBFC_PHYS_s01_T3_test,13,197,136.56666666666666,0.9067076444625854,1.1717163493379041
UBFC_PHYS_s01_T3_test,13,198,136.6,0.8973127603530884,1.2797445606244873
UBFC_PHYS_s01_T3_test,13,199,136.63333333333333,0.8344829082489014,1.3131956429297604
UBFC_PHYS_s01_T3_test,13,200,136.66666666666666,0.7512797713279724,1.2746095703870595
UBFC_PHYS_s01_T3_test,13,201,136.7,0.6739881038665771,1.1724404614828994
UBFC_PHYS_s01_T3_test,13,202,136.73333333333332,0.5330642461776733,1.0191185208174978
UBFC_PHYS_s01_T3_test,13,203,136.76666666666668,0.24471409618854523,0.8288772962433472
UBFC_PHYS_s01_T3_test,13,204,136.8,-0.1574307531118393,0.6160567648906674
UBFC_PHYS_s01_T3_test,13,205,136.83333333333334,-0.5388856530189514,0.3940061489968221
UBFC_PHYS_s01_T3_test,13,206,136.86666666666667,-0.7546943426132202,0.17420916371743822
UBFC_PHYS_s01_T3_test,13,207,136.9,-0.7367067933082581,-0.035076601816359666
UBFC_PHYS_s01_T3_test,13,208,136.93333333333334,-0.5648747682571411,-0.23013642583619962
UBFC_PHYS_s01_T3_test,13,209,136.96666666666667,-0.38031205534935,-0.41141759993893917
UBFC_PHYS_s01_T3_test,13,210,137.0,-0.24553188681602478,-0.5813539929686501
UBFC_PHYS_s01_T3_test,13,211,137.03333333333333,-0.15512952208518982,-0.741910091624587
UBFC_PHYS_s01_T3_test,13,212,137.06666666666666,-0.09489646553993225,-0.8926956036082914
UBFC_PHYS_s01_T3_test,13,213,137.1,-0.054445523768663406,-1.0296826518540978
UBFC_PHYS_s01_T3_test,13,214,137.13333333333333,-0.027253035455942154,-1.1445683537996856
UBFC_PHYS_s01_T3_test,13,215,137.16666666666666,0.0031696187797933817,-1.2248918824131785
UBFC_PHYS_s01_T3_test,13,216,137.2,0.03979925438761711,-1.255340419050387
UBFC_PHYS_s01_T3_test,13,217,137.23333333333332,0.0539444163441658,-1.2208615822818003
UBFC_PHYS_s01_T3_test,13,218,137.26666666666668,0.040137048810720444,-1.1111819225399158
UBFC_PHYS_s01_T3_test,13,219,137.3,0.04062262922525406,-0.9252937788672028
UBFC_PHYS_s01_T3_test,13,220,137.33333333333334,0.07041192054748535,-0.6739547231525415
UBFC_PHYS_s01_T3_test,13,221,137.36666666666667,0.08747056126594543,-0.3781463217715267
UBFC_PHYS_s01_T3_test,13,222,137.4,0.035555705428123474,-0.064094166565197
UBFC_PHYS_s01_T3_test,13,223,137.43333333333334,-0.08159579336643219,0.24202148724859973
UBFC_PHYS_s01_T3_test,13,224,137.46666666666667,-0.19513709843158722,0.5179894252421375
UBFC_PHYS_s01_T3_test,13,225,137.5,-0.28955078125,0.7482026434860581
UBFC_PHYS_s01_T3_test,13,226,137.53333333333333,-0.4211430251598358,0.9248454018176434
UBFC_PHYS_s01_T3_test,13,227,137.56666666666666,-0.5905049443244934,1.0471683711664164
UBFC_PHYS_s01_T3_test,13,228,137.6,-0.7269529700279236,1.1192050080837284
UBFC_PHYS_s01_T3_test,13,229,137.63333333333333,-0.7298664450645447,1.1470295398667762
UBFC_PHYS_s01_T3_test,13,230,137.66666666666666,-0.5194624662399292,1.1365175447567082
UBFC_PHYS_s01_T3_test,13,231,137.7,-0.14653685688972473,1.0922535532499982
UBFC_PHYS_s01_T3_test,13,232,137.73333333333332,0.21226467192173004,1.0175228430902379
UBFC_PHYS_s01_T3_test,13,233,137.76666666666668,0.45275354385375977,0.9146894239175565
UBFC_PHYS_s01_T3_test,13,234,137.8,0.6045078635215759,0.7856293198276061
UBFC_PHYS_s01_T3_test,13,235,137.83333333333334,0.6903711557388306,0.6323397740150867
UBFC_PHYS_s01_T3_test,13,236,137.86666666666667,0.7032495737075806,0.45770268781895074
UBFC_PHYS_s01_T3_test,13,237,137.9,0.6669577360153198,0.2662098118649663
UBFC_PHYS_s01_T3_test,13,238,137.93333333333334,0.6167951822280884,0.06428983617831607
UBFC_PHYS_s01_T3_test,13,239,137.96666666666667,0.5698205828666687,-0.14021037650257595
UBFC_PHYS_s01_T3_test,13,240,138.0,0.5322408676147461,-0.33892610357726605
UBFC_PHYS_s01_T3_test,13,241,138.03333333333333,0.5073496103286743,-0.5230124416360619
UBFC_PHYS_s01_T3_test,13,242,138.06666666666666,0.4851818382740021,-0.6824099747230257
UBFC_PHYS_s01_T3_test,13,243,138.1,0.42919233441352844,-0.8057401694481556
UBFC_PHYS_s01_T3_test,13,244,138.13333333333333,0.31687551736831665,-0.881641412271198
UBFC_PHYS_s01_T3_test,13,245,138.16666666666666,0.18272872269153595,-0.9015108380074618
UBFC_PHYS_s01_T3_test,13,246,138.2,0.061523690819740295,-0.8625656465610662
UBFC_PHYS_s01_T3_test,13,247,138.23333333333332,-0.05955467373132706,-0.7693109453368616
UBFC_PHYS_s01_T3_test,13,248,138.26666666666668,-0.18449656665325165,-0.6331518083220946
UBFC_PHYS_s01_T3_test,13,249,138.3,-0.29202091693878174,-0.47154457704424374
UBFC_PHYS_s01_T3_test,13,250,138.33333333333334,-0.3916281759738922,-0.3067731212548261
UBFC_PHYS_s01_T3_test,13,251,138.36666666666667,-0.512727677822113,-0.16312673387520615
UBFC_PHYS_s01_T3_test,13,252,138.4,-0.6615896224975586,-0.06209706235916555
UBFC_PHYS_s01_T3_test,13,253,138.43333333333334,-0.8179464936256409,-0.016308051884554305
UBFC_PHYS_s01_T3_test,13,254,138.46666666666667,-0.9240984916687012,-0.02473698569475513
UBFC_PHYS_s01_T3_test,13,255,138.5,-0.8731970191001892,-0.0730813930491108
UBFC_PHYS_s01_T3_test,13,256,138.53333333333333,-0.5852057933807373,-0.13938471816834141
UBFC_PHYS_s01_T3_test,13,257,138.56666666666666,-0.16520002484321594,-0.20123595030689517
UBFC_PHYS_s01_T3_test,13,258,138.6,0.19978736340999603,-0.24156294564204012
UBFC_PHYS_s01_T3_test,13,259,138.63333333333333,0.4320213794708252,-0.25137243212070237
UBFC_PHYS_s01_T3_test,13,260,138.66666666666666,0.5508196353912354,-0.22939997261689005
UBFC_PHYS_s01_T3_test,13,261,138.7,0.5649858713150024,-0.18012775923418217
UBFC_PHYS_s01_T3_test,13,262,138.73333333333332,0.5176945924758911,-0.11116058377637031
UBFC_PHYS_s01_T3_test,13,263,138.76666666666668,0.5078352093696594,-0.03026743894414787
UBFC_PHYS_s01_T3_test,13,264,138.8,0.5552954077720642,0.057092305352709254
UBFC_PHYS_s01_T3_test,13,265,138.83333333333334,0.5900882482528687,0.1485437878713193
UBFC_PHYS_s01_T3_test,13,266,138.86666666666667,0.5879981517791748,0.24382257408758504
UBFC_PHYS_s01_T3_test,13,267,138.9,0.5758797526359558,0.3431451233520502
UBFC_PHYS_s01_T3_test,13,268,138.93333333333334,0.5377089381217957,0.4456756625595036
UBFC_PHYS_s01_T3_test,13,269,138.96666666666667,0.4305012822151184,0.5483381388918985
UBFC_PHYS_s01_T3_test,13,270,139.0,0.2836449444293976,0.6451754975637434
UBFC_PHYS_s01_T3_test,13,271,139.03333333333333,0.14675356447696686,0.72741170003812
UBFC_PHYS_s01_T3_test,13,272,139.06666666666666,0.008806571364402771,0.78444097904517
UBFC_PHYS_s01_T3_test,13,273,139.1,-0.13868312537670135,0.8059666318115861
UBFC_PHYS_s01_T3_test,13,274,139.13333333333333,-0.2745611369609833,0.7847802907885072
UBFC_PHYS_s01_T3_test,13,275,139.16666666666666,-0.38033315539360046,0.7190063232954791
UBFC_PHYS_s01_T3_test,13,276,139.2,-0.41730058193206787,0.6129745380764451
UBFC_PHYS_s01_T3_test,13,277,139.23333333333332,-0.3697981834411621,0.4763881071260166
UBFC_PHYS_s01_T3_test,13,278,139.26666666666668,-0.342837929725647,0.3221841336190676
UBFC_PHYS_s01_T3_test,13,279,139.3,-0.46689310669898987,0.16412292794422545
UBFC_PHYS_s01_T3_test,13,280,139.33333333333334,-0.6753758788108826,0.014676385687904584
UBFC_PHYS_s01_T3_test,13,281,139.36666666666667,-0.7587056756019592,-0.11675217585561518
UBFC_PHYS_s01_T3_test,13,282,139.4,-0.5942628979682922,-0.22513598149480576
UBFC_PHYS_s01_T3_test,13,283,139.43333333333334,-0.2287054806947708,-0.3103735799326378
UBFC_PHYS_s01_T3_test,13,284,139.46666666666667,0.21921057999134064,-0.37671857911607337
UBFC_PHYS_s01_T3_test,13,285,139.5,0.61711186170578,-0.43075217115597697
UBFC_PHYS_s01_T3_test,13,286,139.53333333333333,0.8443000316619873,-0.47862364449065026
UBFC_PHYS_s01_T3_test,13,287,139.56666666666666,0.9066231846809387,-0.5242088595262989
UBFC_PHYS_s01_T3_test,13,288,139.6,0.9119434952735901,-0.5686500031842553
UBFC_PHYS_s01_T3_test,13,289,139.63333333333333,0.933161199092865,-0.610489667705794
UBFC_PHYS_s01_T3_test,13,290,139.66666666666666,0.9530066847801208,-0.6458752170441308
UBFC_PHYS_s01_T3_test,13,291,139.7,0.9004795551300049,-0.6687375168106215
UBFC_PHYS_s01_T3_test,13,292,139.73333333333332,0.7260084748268127,-0.6713777351356515
UBFC_PHYS_s01_T3_test,13,293,139.76666666666668,0.478615939617157,-0.6462743696844405
UBFC_PHYS_s01_T3_test,13,294,139.8,0.2587536871433258,-0.5887817845921859
UBFC_PHYS_s01_T3_test,13,295,139.83333333333334,0.06576723605394363,-0.4992705597587586
UBFC_PHYS_s01_T3_test,13,296,139.86666666666667,-0.16239210963249207,-0.3835547504790998
UBFC_PHYS_s01_T3_test,13,297,139.9,-0.4283844828605652,-0.2510217507566175
UBFC_PHYS_s01_T3_test,13,298,139.93333333333334,-0.6993804574012756,-0.11143495311700999
UBFC_PHYS_s01_T3_test,13,299,139.96666666666667,-0.9516710042953491,0.027292644400759274
UBFC_PHYS_s01_T3_test,14,0,140.0,-1.1271766424179077,-0.0031611348489698496
UBFC_PHYS_s01_T3_test,14,1,140.03333333333333,-1.148837685585022,-0.04145532339458297
UBFC_PHYS_s01_T3_test,14,2,140.06666666666666,-1.0403422117233276,-0.06607028843079718
UBFC_PHYS_s01_T3_test,14,3,140.1,-0.9223462343215942,-0.06774579242915055
UBFC_PHYS_s01_T3_test,14,4,140.13333333333333,-0.9107345342636108,-0.04562188180127226
UBFC_PHYS_s01_T3_test,14,5,140.16666666666666,-0.9979700446128845,-0.007743295952623399
UBFC_PHYS_s01_T3_test,14,6,140.2,-1.0561130046844482,0.03240241066184197
UBFC_PHYS_s01_T3_test,14,7,140.23333333333332,-0.9395737648010254,0.061263586784317266
UBFC_PHYS_s01_T3_test,14,8,140.26666666666668,-0.5813000202178955,0.07016671515902353
UBFC_PHYS_s01_T3_test,14,9,140.3,-0.06533940881490707,0.05767106369115417
UBFC_PHYS_s01_T3_test,14,10,140.33333333333334,0.41570165753364563,0.02888045376445281
UBFC_PHYS_s01_T3_test,14,11,140.36666666666667,0.7134467363357544,-0.007015311823012354
UBFC_PHYS_s01_T3_test,14,12,140.4,0.8136451840400696,-0.039739832199796786
UBFC_PHYS_s01_T3_test,14,13,140.43333333333334,0.7772266268730164,-0.06056518893674432
UBFC_PHYS_s01_T3_test,14,14,140.46666666666667,0.6719191074371338,-0.06418029717009681
UBFC_PHYS_s01_T3_test,14,15,140.5,0.5610589981079102,-0.049893420331461685
UBFC_PHYS_s01_T3_test,14,16,140.53333333333333,0.49835583567619324,-0.022023212476087933
UBFC_PHYS_s01_T3_test,14,17,140.56666666666666,0.499918133020401,0.010925299188967405
UBFC_PHYS_s01_T3_test,14,18,140.6,0.5567521452903748,0.03835307744523449
UBFC_PHYS_s01_T3_test,14,19,140.63333333333333,0.6500468850135803,0.0505725019692443
UBFC_PHYS_s01_T3_test,14,20,140.66666666666666,0.7416737079620361,0.04179655839305201
UBFC_PHYS_s01_T3_test,14,21,140.7,0.7826102375984192,0.011766697196577997
UBFC_PHYS_s01_T3_test,14,22,140.73333333333332,0.7544254660606384,-0.034278248255706474
UBFC_PHYS_s01_T3_test,14,23,140.76666666666668,0.6847553253173828,-0.08652598797560875
UBFC_PHYS_s01_T3_test,14,24,140.8,0.5900038480758667,-0.13214143220510535
UBFC_PHYS_s01_T3_test,14,25,140.83333333333334,0.4472643733024597,-0.15772348163725583
UBFC_PHYS_s01_T3_test,14,26,140.86666666666667,0.2577191889286041,-0.1526276519842363
UBFC_PHYS_s01_T3_test,14,27,140.9,0.08571825176477432,-0.11268788554321682
UBFC_PHYS_s01_T3_test,14,28,140.93333333333334,-0.032932210713624954,-0.04279935798010419
UBFC_PHYS_s01_T3_test,14,29,140.96666666666667,-0.15599511563777924,0.04392488390061817
UBFC_PHYS_s01_T3_test,14,30,141.0,-0.34940382838249207,0.13034245549277532
UBFC_PHYS_s01_T3_test,14,31,141.03333333333333,-0.5711028575897217,0.20035244844870892
UBFC_PHYS_s01_T3_test,14,32,141.06666666666666,-0.6713223457336426,0.24281164189764454
UBFC_PHYS_s01_T3_test,14,33,141.1,-0.5240226984024048,0.25310828323408674
UBFC_PHYS_s01_T3_test,14,34,141.13333333333333,-0.15483394265174866,0.23273030309614332
UBFC_PHYS_s01_T3_test,14,35,141.16666666666666,0.27572789788246155,0.18850296303051636
UBFC_PHYS_s01_T3_test,14,36,141.2,0.5995676517486572,0.13179066433009767
UBFC_PHYS_s01_T3_test,14,37,141.23333333333332,0.7160646319389343,0.07651904650061774
UBFC_PHYS_s01_T3_test,14,38,141.26666666666668,0.630138099193573,0.03581552068153464
UBFC_PHYS_s01_T3_test,14,39,141.3,0.44749659299850464,0.018171576293505874
UBFC_PHYS_s01_T3_test,14,40,141.33333333333334,0.26485511660575867,0.02453823954316656
UBFC_PHYS_s01_T3_test,14,41,141.36666666666667,0.11041950434446335,0.04799729438238484
UBFC_PHYS_s01_T3_test,14,42,141.4,-0.020433800294995308,0.07607590757548494
UBFC_PHYS_s01_T3_test,14,43,141.43333333333334,-0.11700092256069183,0.09419269262523584
UBFC_PHYS_s01_T3_test,14,44,141.46666666666667,-0.14172329008579254,0.08918941368926077
UBFC_PHYS_s01_T3_test,14,45,141.5,-0.088140569627285,0.052544805966601466
UBFC_PHYS_s01_T3_test,14,46,141.53333333333333,-0.0398147851228714,-0.01718781078970804
UBFC_PHYS_s01_T3_test,14,47,141.56666666666666,-0.06850624084472656,-0.11323990570547411
UBFC_PHYS_s01_T3_test,14,48,141.6,-0.14989370107650757,-0.2213914755845136
UBFC_PHYS_s01_T3_test,14,49,141.63333333333333,-0.24785421788692474,-0.3231901287359857
UBFC_PHYS_s01_T3_test,14,50,141.66666666666666,-0.3777996897697449,-0.40079503350615187
UBFC_PHYS_s01_T3_test,14,51,141.7,-0.5402368307113647,-0.4413509256648616
UBFC_PHYS_s01_T3_test,14,52,141.73333333333332,-0.6896266341209412,-0.43944817035772404
UBFC_PHYS_s01_T3_test,14,53,141.76666666666668,-0.8079181909561157,-0.39713996455338063
UBFC_PHYS_s01_T3_test,14,54,141.8,-0.941410481929779,-0.3220861828349898
UBFC_PHYS_s01_T3_test,14,55,141.83333333333334,-1.1176761388778687,-0.22530772185584566
UBFC_PHYS_s01_T3_test,14,56,141.86666666666667,-1.275785207748413,-0.1192477178855562
UBFC_PHYS_s01_T3_test,14,57,141.9,-1.2784875631332397,-0.015931031128359856
UBFC_PHYS_s01_T3_test,14,58,141.93333333333334,-1.0067105293273926,0.07477377572138144
UBFC_PHYS_s01_T3_test,14,59,141.96666666666667,-0.49231216311454773,0.14648788280367533
UBFC_PHYS_s01_T3_test,14,60,142.0,0.0784345492720604,0.19712455153055644
UBFC_PHYS_s01_T3_test,14,61,142.03333333333333,0.5365266799926758,0.2291900724281873
UBFC_PHYS_s01_T3_test,14,62,142.06666666666666,0.8368896842002869,0.24932773129670985
UBFC_PHYS_s01_T3_test,14,63,142.1,0.9450051784515381,0.26663404412251496
UBFC_PHYS_s01_T3_test,14,64,142.13333333333333,0.8567562699317932,0.2896649177903319
UBFC_PHYS_s01_T3_test,14,65,142.16666666666666,0.6932212710380554,0.32254991317038123
UBFC_PHYS_s01_T3_test,14,66,142.2,0.5939940214157104,0.36189869662149377
UBFC_PHYS_s01_T3_test,14,67,142.23333333333332,0.5705595016479492,0.3970900799922972
UBFC_PHYS_s01_T3_test,14,68,142.26666666666668,0.5616079568862915,0.41396432431267355
UBFC_PHYS_s01_T3_test,14,69,142.3,0.5273006558418274,0.3993514736297018
UBFC_PHYS_s01_T3_test,14,70,142.33333333333334,0.4502200782299042,0.34467413788509454
UBFC_PHYS_s01_T3_test,14,71,142.36666666666667,0.32293471693992615,0.2480264809616286
UBFC_PHYS_s01_T3_test,14,72,142.4,0.15361502766609192,0.11456888975206597
UBFC_PHYS_s01_T3_test,14,73,142.43333333333334,-0.013867911882698536,-0.04453421683645036
UBFC_PHYS_s01_T3_test,14,74,142.46666666666667,-0.13452403247356415,-0.2140480195355207
UBFC_PHYS_s01_T3_test,14,75,142.5,-0.23413130640983582,-0.3766713848558607
UBFC_PHYS_s01_T3_test,14,76,142.53333333333333,-0.36709582805633545,-0.5149256733757893
UBFC_PHYS_s01_T3_test,14,77,142.56666666666666,-0.5146488547325134,-0.6133280028269931
UBFC_PHYS_s01_T3_test,14,78,142.6,-0.6387885212898254,-0.6607927272423036
UBFC_PHYS_s01_T3_test,14,79,142.63333333333333,-0.7708451747894287,-0.6526699537559079
UBFC_PHYS_s01_T3_test,14,80,142.66666666666666,-0.9775967597961426,-0.5916777543414153
UBFC_PHYS_s01_T3_test,14,81,142.7,-1.2459325790405273,-0.48698349464002444
UBFC_PHYS_s01_T3_test,14,82,142.73333333333332,-1.3995870351791382,-0.3517512492937113
UBFC_PHYS_s01_T3_test,14,83,142.76666666666668,-1.2270582914352417,-0.2004753670552903
UBFC_PHYS_s01_T3_test,14,84,142.8,-0.7539976835250854,-0.046914160671750756
UBFC_PHYS_s01_T3_test,14,85,142.83333333333334,-0.21122458577156067,0.09721016637660704
UBFC_PHYS_s01_T3_test,14,86,142.86666666666667,0.23183566331863403,0.22285841513150073
UBFC_PHYS_s01_T3_test,14,87,142.9,0.5172301530838013,0.323968222838633
UBFC_PHYS_s01_T3_test,14,88,142.93333333333334,0.6280268430709839,0.3975398665271895
UBFC_PHYS_s01_T3_test,14,89,142.96666666666667,0.5890749096870422,0.4434508559702399
UBFC_PHYS_s01_T3_test,14,90,143.0,0.47650474309921265,0.4639137672070414
UBFC_PHYS_s01_T3_test,14,91,143.03333333333333,0.39471614360809326,0.4625115758664376
UBFC_PHYS_s01_T3_test,14,92,143.06666666666666,0.4311135411262512,0.4429530048398954
UBFC_PHYS_s01_T3_test,14,93,143.1,0.5838601589202881,0.4079008001675019
UBFC_PHYS_s01_T3_test,14,94,143.13333333333333,0.7626170516014099,0.35848932520735505
UBFC_PHYS_s01_T3_test,14,95,143.16666666666666,0.8809085488319397,0.29526381604248153
UBFC_PHYS_s01_T3_test,14,96,143.2,0.8925625085830688,0.21993922356197848
UBFC_PHYS_s01_T3_test,14,97,143.23333333333332,0.7774166464805603,0.1361894920721905
UBFC_PHYS_s01_T3_test,14,98,143.26666666666668,0.5688705444335938,0.04905918870317118
UBFC_PHYS_s01_T3_test,14,99,143.3,0.3743428885936737,-0.03593908626824237
UBFC_PHYS_s01_T3_test,14,100,143.33333333333334,0.2612660527229309,-0.1135469465357999
UBFC_PHYS_s01_T3_test,14,101,143.36666666666667,0.1545228511095047,-0.17949785668766371
UBFC_PHYS_s01_T3_test,14,102,143.4,-0.037851352244615555,-0.23124838918189886
UBFC_PHYS_s01_T3_test,14,103,143.43333333333334,-0.214602530002594,-0.26843503213889597
UBFC_PHYS_s01_T3_test,14,104,143.46666666666667,-0.16114649176597595,-0.29277626018729686
UBFC_PHYS_s01_T3_test,14,105,143.5,0.1474713832139969,-0.3071978782487598
UBFC_PHYS_s01_T3_test,14,106,143.53333333333333,0.5298763513565063,-0.3144809352295796
UBFC_PHYS_s01_T3_test,14,107,143.56666666666666,0.8716825246810913,-0.3161978513667057
UBFC_PHYS_s01_T3_test,14,108,143.6,1.1752334833145142,-0.3123856762154654
UBFC_PHYS_s01_T3_test,14,109,143.63333333333333,1.4119222164154053,-0.30199290659146333
UBFC_PHYS_s01_T3_test,14,110,143.66666666666666,1.5443588495254517,-0.28367755773421305
UBFC_PHYS_s01_T3_test,14,111,143.7,1.572290301322937,-0.2561919463382457
UBFC_PHYS_s01_T3_test,14,112,143.73333333333332,1.4864903688430786,-0.2182434977588026
UBFC_PHYS_s01_T3_test,14,113,143.76666666666668,1.277036428451538,-0.1683928328439071
UBFC_PHYS_s01_T3_test,14,114,143.8,0.9844005107879639,-0.1053452990008363
UBFC_PHYS_s01_T3_test,14,115,143.83333333333334,0.6433965563774109,-0.028676388464741624
UBFC_PHYS_s01_T3_test,14,116,143.86666666666667,0.28558728098869324,0.06029696925880993
UBFC_PHYS_s01_T3_test,14,117,143.9,0.011107798665761948,0.1580560478975732
UBFC_PHYS_s01_T3_test,14,118,143.93333333333334,-0.16640342772006989,0.2589125015654363
UBFC_PHYS_s01_T3_test,14,119,143.96666666666667,-0.4657108187675476,0.3551386848360384
UBFC_PHYS_s01_T3_test,14,120,144.0,-0.9650350213050842,0.4373657419261576
UBFC_PHYS_s01_T3_test,14,121,144.03333333333333,-1.2819499969482422,0.49592600405032367
UBFC_PHYS_s01_T3_test,14,122,144.06666666666666,-1.103847622871399,0.5229111891810699
UBFC_PHYS_s01_T3_test,14,123,144.1,-0.6290979981422424,0.5138268373639345
UBFC_PHYS_s01_T3_test,14,124,144.13333333333333,-0.3192345201969147,0.4682591162048264
UBFC_PHYS_s01_T3_test,14,125,144.16666666666666,-0.5383578538894653,0.38962027008507066
UBFC_PHYS_s01_T3_test,14,126,144.2,-1.2475160360336304,0.28440264112826497
UBFC_PHYS_s01_T3_test,14,127,144.23333333333332,-1.925554871559143,0.16160545808661766
UBFC_PHYS_s01_T3_test,14,128,144.26666666666668,-2.0811517238616943,0.03240083465204674
UBFC_PHYS_s01_T3_test,14,129,144.3,-1.7727659940719604,-0.09049160430938144
UBFC_PHYS_s01_T3_test,14,130,144.33333333333334,-1.343576431274414,-0.19419333112059958
UBFC_PHYS_s01_T3_test,14,131,144.36666666666667,-1.006921648979187,-0.2680537964610244
UBFC_PHYS_s01_T3_test,14,132,144.4,-0.819994330406189,-0.30629009249591976
UBFC_PHYS_s01_T3_test,14,133,144.43333333333334,-0.7296131253242493,-0.30928711888938126
UBFC_PHYS_s01_T3_test,14,134,144.46666666666667,-0.6377962231636047,-0.28312607598759953
UBFC_PHYS_s01_T3_test,14,135,144.5,-0.5099619626998901,-0.23814782530750714
UBFC_PHYS_s01_T3_test,14,136,144.53333333333333,-0.36684247851371765,-0.18709428191149594
UBFC_PHYS_s01_T3_test,14,137,144.56666666666666,-0.2197750210762024,-0.1429952446451618
UBFC_PHYS_s01_T3_test,14,138,144.6,-0.08180691301822662,-0.11671586143755154
UBFC_PHYS_s01_T3_test,14,139,144.63333333333333,0.027934208512306213,-0.11395617264826478
UBFC_PHYS_s01_T3_test,14,140,144.66666666666666,0.09606321901082993,-0.1326783100206481
UBFC_PHYS_s01_T3_test,14,141,144.7,0.09965229034423828,-0.16294674694071465
UBFC_PHYS_s01_T3_test,14,142,144.73333333333332,0.03863808512687683,-0.18983031275148968
UBFC_PHYS_s01_T3_test,14,143,144.76666666666668,-0.03776689991354942,-0.19847204052908407
UBFC_PHYS_s01_T3_test,14,144,144.8,-0.11277848482131958,-0.17935716222310127
UBFC_PHYS_s01_T3_test,14,145,144.83333333333334,-0.2378259301185608,-0.13113174992970525
UBFC_PHYS_s01_T3_test,14,146,144.86666666666667,-0.438180536031723,-0.06030731769908655
UBFC_PHYS_s01_T3_test,14,147,144.9,-0.6472122669219971,0.020752238906523602
UBFC_PHYS_s01_T3_test,14,148,144.93333333333334,-0.7260662317276001,0.09665603609372306
UBFC_PHYS_s01_T3_test,14,149,144.96666666666667,-0.5583932995796204,0.15240911917508168
UBFC_PHYS_s01_T3_test,14,150,145.0,-0.1688946634531021,0.17696013606985206
UBFC_PHYS_s01_T3_test,14,151,145.03333333333333,0.2756856679916382,0.16612989287384444
UBFC_PHYS_s01_T3_test,14,152,145.06666666666666,0.6283013224601746,0.12399262917625657
UBFC_PHYS_s01_T3_test,14,153,145.1,0.8595008254051208,0.061759956266693006
UBFC_PHYS_s01_T3_test,14,154,145.13333333333333,0.9760400652885437,-0.005410727715810221
UBFC_PHYS_s01_T3_test,14,155,145.16666666666666,0.974963366985321,-0.06197484029436447
UBFC_PHYS_s01_T3_test,14,156,145.2,0.8870522379875183,-0.09500562477804664
UBFC_PHYS_s01_T3_test,14,157,145.23333333333332,0.7787678241729736,-0.09664398148025583
UBFC_PHYS_s01_T3_test,14,158,145.26666666666668,0.6854519844055176,-0.06572711561272253
UBFC_PHYS_s01_T3_test,14,159,145.3,0.6064079999923706,-0.008035976923198195
UBFC_PHYS_s01_T3_test,14,160,145.33333333333334,0.5300241112709045,0.06490316733305826
UBFC_PHYS_s01_T3_test,14,161,145.36666666666667,0.41922739148139954,0.1380226107528583
UBFC_PHYS_s01_T3_test,14,162,145.4,0.2419695109128952,0.19558157373827148
UBFC_PHYS_s01_T3_test,14,163,145.43333333333334,0.02687859907746315,0.22446487958427622
UBFC_PHYS_s01_T3_test,14,164,145.46666666666667,-0.20567208528518677,0.21740921018717432
UBFC_PHYS_s01_T3_test,14,165,145.5,-0.4801937937736511,0.17539126398044863
UBFC_PHYS_s01_T3_test,14,166,145.53333333333333,-0.7679739594459534,0.10830433178479063
UBFC_PHYS_s01_T3_test,14,167,145.56666666666666,-0.9638949632644653,0.033110840393999794
UBFC_PHYS_s01_T3_test,14,168,145.6,-1.0115240812301636,-0.03038057375225306
UBFC_PHYS_s01_T3_test,14,169,145.63333333333333,-0.9384125471115112,-0.06496425335879638
UBFC_PHYS_s01_T3_test,14,170,145.66666666666666,-0.8092271089553833,-0.060895238325287454
UBFC_PHYS_s01_T3_test,14,171,145.7,-0.6615263223648071,-0.018001838080668714
UBFC_PHYS_s01_T3_test,14,172,145.73333333333332,-0.4489688575267792,0.055097589479997204
UBFC_PHYS_s01_T3_test,14,173,145.76666666666668,-0.0895339697599411,0.14287602789166115
UBFC_PHYS_s01_T3_test,14,174,145.8,0.39093706011772156,0.22520254604731038
UBFC_PHYS_s01_T3_test,14,175,145.83333333333334,0.8479735851287842,0.28065247046587183
UBFC_PHYS_s01_T3_test,14,176,145.86666666666667,1.169364333152771,0.29093096713451116
UBFC_PHYS_s01_T3_test,14,177,145.9,1.3635330200195312,0.24585072258363322
UBFC_PHYS_s01_T3_test,14,178,145.93333333333334,1.470487356185913,0.14707122582024093
UBFC_PHYS_s01_T3_test,14,179,145.96666666666667,1.4712474346160889,0.00792366587780996
UBFC_PHYS_s01_T3_test,14,180,146.0,1.3584661483764648,-0.15076068465802903
UBFC_PHYS_s01_T3_test,14,181,146.03333333333333,1.1985201835632324,-0.30627017031905013
UBFC_PHYS_s01_T3_test,14,182,146.06666666666666,1.0423744916915894,-0.4387916870829044
UBFC_PHYS_s01_T3_test,14,183,146.1,0.8854054808616638,-0.5338012372314452
UBFC_PHYS_s01_T3_test,14,184,146.13333333333333,0.7463395595550537,-0.5824336819303851
UBFC_PHYS_s01_T3_test,14,185,146.16666666666666,0.6402297019958496,-0.5818842185729045
UBFC_PHYS_s01_T3_test,14,186,146.2,0.5226770639419556,-0.5361191279030414
UBFC_PHYS_s01_T3_test,14,187,146.23333333333332,0.3515417277812958,-0.4552956908294414
UBFC_PHYS_s01_T3_test,14,188,146.26666666666668,0.15980090200901031,-0.3533682806956345
UBFC_PHYS_s01_T3_test,14,189,146.3,-0.024107320234179497,-0.24463804356794694
UBFC_PHYS_s01_T3_test,14,190,146.33333333333334,-0.23571471869945526,-0.14038799687299844
UBFC_PHYS_s01_T3_test,14,191,146.36666666666667,-0.48093271255493164,-0.0469206705324755
UBFC_PHYS_s01_T3_test,14,192,146.4,-0.7058618664741516,0.034603541948896185
UBFC_PHYS_s01_T3_test,14,193,146.43333333333334,-0.8734714984893799,0.10708637583706142
UBFC_PHYS_s01_T3_test,14,194,146.46666666666667,-1.0103839635849,0.1756095154742799
UBFC_PHYS_s01_T3_test,14,195,146.5,-1.1702454090118408,0.2449837642412207
UBFC_PHYS_s01_T3_test,14,196,146.53333333333333,-1.3809449672698975,0.3173054263663191
UBFC_PHYS_s01_T3_test,14,197,146.56666666666666,-1.5439099073410034,0.39037424246297664
UBFC_PHYS_s01_T3_test,14,198,146.6,-1.4679272174835205,0.45761803730126205
UBFC_PHYS_s01_T3_test,14,199,146.63333333333333,-1.0933760404586792,0.5098276248618451
UBFC_PHYS_s01_T3_test,14,200,146.66666666666666,-0.5933550596237183,0.5380383859441626
UBFC_PHYS_s01_T3_test,14,201,146.7,-0.168007954955101,0.5360608115118953
UBFC_PHYS_s01_T3_test,14,202,146.73333333333332,0.14187665283679962,0.5018797877663707
UBFC_PHYS_s01_T3_test,14,203,146.76666666666668,0.36636248230934143,0.43799130145076776
UBFC_PHYS_s01_T3_test,14,204,146.8,0.5043094754219055,0.35086056628779977
UBFC_PHYS_s01_T3_test,14,205,146.83333333333334,0.5820656418800354,0.24972294015314958
UBFC_PHYS_s01_T3_test,14,206,146.86666666666667,0.6493079662322998,0.14486365700222348
UBFC_PHYS_s01_T3_test,14,207,146.9,0.7055296897888184,0.04544093600342967
UBFC_PHYS_s01_T3_test,14,208,146.93333333333334,0.7294286489486694,-0.04256202612023047
UBFC_PHYS_s01_T3_test,14,209,146.96666666666667,0.7473317980766296,-0.1172368780930361
UBFC_PHYS_s01_T3_test,14,210,147.0,0.7950875759124756,-0.18011914575909058
UBFC_PHYS_s01_T3_test,14,211,147.03333333333333,0.8805496692657471,-0.23436553004715754
UBFC_PHYS_s01_T3_test,14,212,147.06666666666666,1.001965880393982,-0.2826082707845156
UBFC_PHYS_s01_T3_test,14,213,147.1,1.1137337684631348,-0.32569216211495805
UBFC_PHYS_s01_T3_test,14,214,147.13333333333333,1.0970128774642944,-0.36257858301344537
UBFC_PHYS_s01_T3_test,14,215,147.16666666666666,0.8894590139389038,-0.39075016642422256
UBFC_PHYS_s01_T3_test,14,216,147.2,0.5979208946228027,-0.40672960834066063
UBFC_PHYS_s01_T3_test,14,217,147.23333333333332,0.35485634207725525,-0.4067133584191115
UBFC_PHYS_s01_T3_test,14,218,147.26666666666668,0.14360785484313965,-0.38739538879240076
UBFC_PHYS_s01_T3_test,14,219,147.3,-0.1045447289943695,-0.3470738204267749
UBFC_PHYS_s01_T3_test,14,220,147.33333333333334,-0.36608242988586426,-0.28664147212113933
UBFC_PHYS_s01_T3_test,14,221,147.36666666666667,-0.615860641002655,-0.20964643360472437
UBFC_PHYS_s01_T3_test,14,222,147.4,-0.8996083736419678,-0.1214250122945983
UBFC_PHYS_s01_T3_test,14,223,147.43333333333334,-1.2329275608062744,-0.028121098860124094
UBFC_PHYS_s01_T3_test,14,224,147.46666666666667,-1.4940218925476074,0.06388701431122043
UBFC_PHYS_s01_T3_test,14,225,147.5,-1.495478630065918,0.14805105882769826
UBFC_PHYS_s01_T3_test,14,226,147.53333333333333,-1.1708998680114746,0.21772219036532503
UBFC_PHYS_s01_T3_test,14,227,147.56666666666666,-0.6764315366744995,0.2671859018477183
UBFC_PHYS_s01_T3_test,14,228,147.6,-0.1939125955104828,0.2934059941441621
UBFC_PHYS_s01_T3_test,14,229,147.63333333333333,0.2061421275138855,0.2970404348811062
UBFC_PHYS_s01_T3_test,14,230,147.66666666666666,0.5255905389785767,0.28206555540140077
UBFC_PHYS_s01_T3_test,14,231,147.7,0.7513853311538696,0.25428775177329205
UBFC_PHYS_s01_T3_test,14,232,147.73333333333332,0.8665944933891296,0.21947728767032396
UBFC_PHYS_s01_T3_test,14,233,147.76666666666668,0.9012396335601807,0.182144656433457
UBFC_PHYS_s01_T3_test,14,234,147.8,0.9153636693954468,0.1452501536836415
UBFC_PHYS_s01_T3_test,14,235,147.83333333333334,0.9513177275657654,0.11037024990172747
UBFC_PHYS_s01_T3_test,14,236,147.86666666666667,1.0216635465621948,0.0780005093960462
UBFC_PHYS_s01_T3_test,14,237,147.9,1.0933393239974976,0.047924805830397876
UBFC_PHYS_s01_T3_test,14,238,147.93333333333334,1.1059433221817017,0.019526506333321744
UBFC_PHYS_s01_T3_test,14,239,147.96666666666667,1.0008679628372192,-0.008116131440856475
UBFC_PHYS_s01_T3_test,14,240,148.0,0.7146501541137695,-0.03621794567862736
UBFC_PHYS_s01_T3_test,14,241,148.03333333333333,0.22056175768375397,-0.06598353819607759
UBFC_PHYS_s01_T3_test,14,242,148.06666666666666,-0.3696926236152649,-0.09801647012721701
UBFC_PHYS_s01_T3_test,14,243,148.1,-0.915885865688324,-0.13183617823623214
UBFC_PHYS_s01_T3_test,14,244,148.13333333333333,-1.3654487133026123,-0.16572355735238253
UBFC_PHYS_s01_T3_test,14,245,148.16666666666666,-1.714728593826294,-0.19689302348258492
UBFC_PHYS_s01_T3_test,14,246,148.2,-1.938581109046936,-0.22188112698477325
UBFC_PHYS_s01_T3_test,14,247,148.23333333333332,-2.0256898403167725,-0.23696337641984228
UBFC_PHYS_s01_T3_test,14,248,148.26666666666668,-2.0095813274383545,-0.2384877726294371
UBFC_PHYS_s01_T3_test,14,249,148.3,-1.943774700164795,-0.223109687321546
UBFC_PHYS_s01_T3_test,14,250,148.33333333333334,-1.8460463285446167,-0.18813359802133955
UBFC_PHYS_s01_T3_test,14,251,148.36666666666667,-1.6540733575820923,-0.13231179064486095
UBFC_PHYS_s01_T3_test,14,252,148.4,-1.2589166164398193,-0.0569998031935326
UBFC_PHYS_s01_T3_test,14,253,148.43333333333334,-0.6463466286659241,0.0328888689015475
UBFC_PHYS_s01_T3_test,14,254,148.46666666666667,0.04001037776470184,0.12866555665798526
UBFC_PHYS_s01_T3_test,14,255,148.5,0.6247122287750244,0.218778002281746
UBFC_PHYS_s01_T3_test,14,256,148.53333333333333,1.045562505722046,0.2908825990267575
UBFC_PHYS_s01_T3_test,14,257,148.56666666666666,1.3570516109466553,0.33469978601508354
UBFC_PHYS_s01_T3_test,14,258,148.6,1.5832475423812866,0.34482068472342664
UBFC_PHYS_s01_T3_test,14,259,148.63333333333333,1.6695963144302368,0.3223140539255824
UBFC_PHYS_s01_T3_test,14,260,148.66666666666666,1.580671787261963,0.2743527361812497
UBFC_PHYS_s01_T3_test,14,261,148.7,1.3731602430343628,0.21162806051560124
UBFC_PHYS_s01_T3_test,14,262,148.73333333333332,1.1147682666778564,0.1446040308083737
UBFC_PHYS_s01_T3_test,14,263,148.76666666666668,0.8296481966972351,0.08072881389719853
UBFC_PHYS_s01_T3_test,14,264,148.8,0.5634024739265442,0.02359813695598676
UBFC_PHYS_s01_T3_test,14,265,148.83333333333334,0.3593321144580841,-0.026249373039267804
UBFC_PHYS_s01_T3_test,14,266,148.86666666666667,0.15612737834453583,-0.06998696776740806
UBFC_PHYS_s01_T3_test,14,267,148.9,-0.13101941347122192,-0.11013414297027081
UBFC_PHYS_s01_T3_test,14,268,148.93333333333334,-0.4588071405887604,-0.15089575423116414
UBFC_PHYS_s01_T3_test,14,269,148.96666666666667,-0.7058618664741516,-0.19723692959199135
UBFC_PHYS_s01_T3_test,14,270,149.0,-0.8288614749908447,-0.25233938609157713
UBFC_PHYS_s01_T3_test,14,271,149.03333333333333,-0.8678767681121826,-0.3148635675327237
UBFC_PHYS_s01_T3_test,14,272,149.06666666666666,-0.8871310949325562,-0.3775096014463778
UBFC_PHYS_s01_T3_test,14,273,149.1,-0.9276031255722046,-0.4280860914202209
UBFC_PHYS_s01_T3_test,14,274,149.13333333333333,-0.9766045212745667,-0.4527510956901435
UBFC_PHYS_s01_T3_test,14,275,149.16666666666666,-1.0054649114608765,-0.43960859130183993
UBFC_PHYS_s01_T3_test,14,276,149.2,-1.0484492778778076,-0.38178380723881367
UBFC_PHYS_s01_T3_test,14,277,149.23333333333332,-1.1649041175842285,-0.28015240413250286
UBFC_PHYS_s01_T3_test,14,278,149.26666666666668,-1.3050044775009155,-0.14489504692224833
UBFC_PHYS_s01_T3_test,14,279,149.3,-1.2766507863998413,0.005820258494818917
UBFC_PHYS_s01_T3_test,14,280,149.33333333333334,-0.9331556558609009,0.15004596195841244
UBFC_PHYS_s01_T3_test,14,281,149.36666666666667,-0.35423851013183594,0.2674244547648029
UBFC_PHYS_s01_T3_test,14,282,149.4,0.22752878069877625,0.3440036709673035
UBFC_PHYS_s01_T3_test,14,283,149.43333333333334,0.6583017110824585,0.3751000717899364
UBFC_PHYS_s01_T3_test,14,284,149.46666666666667,0.9302266240119934,0.365460720807832
UBFC_PHYS_s01_T3_test,14,285,149.5,1.071234941482544,0.3267355143044981
UBFC_PHYS_s01_T3_test,14,286,149.53333333333333,1.0844088792800903,0.2733967317699081
UBFC_PHYS_s01_T3_test,14,287,149.56666666666666,0.9902485609054565,0.21912203684398995
UBFC_PHYS_s01_T3_test,14,288,149.6,0.8423365950584412,0.174479040646274
UBFC_PHYS_s01_T3_test,14,289,149.63333333333333,0.733418881893158,0.14547233848311794
UBFC_PHYS_s01_T3_test,14,290,149.66666666666666,0.7143334746360779,0.13288183028234565
UBFC_PHYS_s01_T3_test,14,291,149.7,0.7235805988311768,0.13277874656153846
UBFC_PHYS_s01_T3_test,14,292,149.73333333333332,0.654269278049469,0.13818035064521667
UBFC_PHYS_s01_T3_test,14,293,149.76666666666668,0.473253458738327,0.1413608437004993
UBFC_PHYS_s01_T3_test,14,294,149.8,0.2280988097190857,0.13612501691135243
UBFC_PHYS_s01_T3_test,14,295,149.83333333333334,-0.02026490308344364,0.11925327053902335
UBFC_PHYS_s01_T3_test,14,296,149.86666666666667,-0.2326323390007019,0.09076180330739085
UBFC_PHYS_s01_T3_test,14,297,149.9,-0.39475277066230774,0.05310533914819168
UBFC_PHYS_s01_T3_test,14,298,149.93333333333334,-0.5214470028877258,0.009854862510240483
UBFC_PHYS_s01_T3_test,14,299,149.96666666666667,-0.647254467010498,-0.035344435755810144
UBFC_PHYS_s01_T3_test,15,0,150.0,-0.7667916417121887,-0.09852039192105844
UBFC_PHYS_s01_T3_test,15,1,150.03333333333333,-0.8376441597938538,-0.03149548774926993
UBFC_PHYS_s01_T3_test,15,2,150.06666666666666,-0.8768283128738403,0.04765093635190823
UBFC_PHYS_s01_T3_test,15,3,150.1,-0.9436272978782654,0.14471651938066668
UBFC_PHYS_s01_T3_test,15,4,150.13333333333333,-1.0341352224349976,0.2607089887871348
UBFC_PHYS_s01_T3_test,15,5,150.16666666666666,-1.0843188762664795,0.39031174541459834
UBFC_PHYS_s01_T3_test,15,6,150.2,-1.010447382926941,0.5219092694253914
UBFC_PHYS_s01_T3_test,15,7,150.23333333333332,-0.7498596906661987,0.6398022195550742
UBFC_PHYS_s01_T3_test,15,8,150.26666666666668,-0.34034669399261475,0.7279327624985231
UBFC_PHYS_s01_T3_test,15,9,150.3,0.08926509320735931,0.773249767404796
UBFC_PHYS_s01_T3_test,15,10,150.33333333333334,0.4566592872142792,0.7679304237641563
UBFC_PHYS_s01_T3_test,15,11,150.36666666666667,0.7329543828964233,0.7108573227288184
UBFC_PHYS_s01_T3_test,15,12,150.4,0.8752082586288452,0.60815563155917
UBFC_PHYS_s01_T3_test,15,13,150.43333333333334,0.8725059032440186,0.4719941532206745
UBFC_PHYS_s01_T3_test,15,14,150.46666666666667,0.7942008376121521,0.3178262120374452
UBFC_PHYS_s01_T3_test,15,15,150.5,0.710849940776825,0.16121922861219382
UBFC_PHYS_s01_T3_test,15,16,150.53333333333333,0.6366828680038452,0.015237931224822126
UBFC_PHYS_s01_T3_test,15,17,150.56666666666666,0.5761964321136475,-0.11100436808056233
UBFC_PHYS_s01_T3_test,15,18,150.6,0.5286307334899902,-0.21264095361381186
UBFC_PHYS_s01_T3_test,15,19,150.63333333333333,0.45974165201187134,-0.28876745572152956
UBFC_PHYS_s01_T3_test,15,20,150.66666666666666,0.3483538031578064,-0.3419926420502607
UBFC_PHYS_s01_T3_test,15,21,150.7,0.2227785289287567,-0.37796045104949544
UBFC_PHYS_s01_T3_test,15,22,150.73333333333332,0.1173020750284195,-0.40465574924579134
UBFC_PHYS_s01_T3_test,15,23,150.76666666666668,0.01125558465719223,-0.43106537724833377
UBFC_PHYS_s01_T3_test,15,24,150.8,-0.13462959229946136,-0.46520904759623877
UBFC_PHYS_s01_T3_test,15,25,150.83333333333334,-0.2888118624687195,-0.512053063305733
UBFC_PHYS_s01_T3_test,15,26,150.86666666666667,-0.39673733711242676,-0.5718719828417917
UBFC_PHYS_s01_T3_test,15,27,150.9,-0.5197157859802246,-0.6395890399252487
UBFC_PHYS_s01_T3_test,15,28,150.93333333333334,-0.7640048265457153,-0.7052473280002425
UBFC_PHYS_s01_T3_test,15,29,150.96666666666667,-1.0614120960235596,-0.7553699723746657
UBFC_PHYS_s01_T3_test,15,30,151.0,-1.1772124767303467,-0.7750145506391978
UBFC_PHYS_s01_T3_test,15,31,151.03333333333333,-0.952768862247467,-0.7503781688884185
UBFC_PHYS_s01_T3_test,15,32,151.06666666666666,-0.4918054938316345,-0.671808876573343
UBFC_PHYS_s01_T3_test,15,33,151.1,-0.01150334719568491,-0.5370030281729649
UBFC_PHYS_s01_T3_test,15,34,151.13333333333333,0.3343352973461151,-0.3532131864925543
UBFC_PHYS_s01_T3_test,15,35,151.16666666666666,0.5286518335342407,-0.13656700153750473
UBFC_PHYS_s01_T3_test,15,36,151.2,0.6255356073379517,0.09167143841382483
UBFC_PHYS_s01_T3_test,15,37,151.23333333333332,0.6723413467407227,0.31024738490169435
UBFC_PHYS_s01_T3_test,15,38,151.26666666666668,0.7031017541885376,0.5025231495067929
UBFC_PHYS_s01_T3_test,15,39,151.3,0.7418215274810791,0.6586984713702264
UBFC_PHYS_s01_T3_test,15,40,151.33333333333334,0.7746087312698364,0.775228625614986
UBFC_PHYS_s01_T3_test,15,41,151.36666666666667,0.7729619741439819,0.8524952350878093
UBFC_PHYS_s01_T3_test,15,42,151.4,0.7312443256378174,0.8922528643904006
UBFC_PHYS_s01_T3_test,15,43,151.43333333333334,0.6540793180465698,0.8964654383114555
UBFC_PHYS_s01_T3_test,15,44,151.46666666666667,0.5461960434913635,0.867771770240378
UBFC_PHYS_s01_T3_test,15,45,151.5,0.414118230342865,0.8104254811018952
UBFC_PHYS_s01_T3_test,15,46,151.53333333333333,0.25896480679512024,0.7307584799365586
UBFC_PHYS_s01_T3_test,15,47,151.56666666666666,0.09008847177028656,0.6366815499725949
UBFC_PHYS_s01_T3_test,15,48,151.6,-0.08066685497760773,0.5362557770573758
UBFC_PHYS_s01_T3_test,15,49,151.63333333333333,-0.25769248604774475,0.43589554564254696
UBFC_PHYS_s01_T3_test,15,50,151.66666666666666,-0.431741327047348,0.33908817608748143
UBFC_PHYS_s01_T3_test,15,51,151.7,-0.5824189782142639,0.2466327612648401
UBFC_PHYS_s01_T3_test,15,52,151.73333333333332,-0.7210415601730347,0.1580399409044523
UBFC_PHYS_s01_T3_test,15,53,151.76666666666668,-0.8183898329734802,0.07247769697250223
UBFC_PHYS_s01_T3_test,15,54,151.8,-0.7474106550216675,-0.011196356692574055
UBFC_PHYS_s01_T3_test,15,55,151.83333333333334,-0.45644256472587585,-0.0945154407030091
UBFC_PHYS_s01_T3_test,15,56,151.86666666666667,-0.07268644869327545,-0.17928924128826115
UBFC_PHYS_s01_T3_test,15,57,151.9,0.24253953993320465,-0.26757333318259313
UBFC_PHYS_s01_T3_test,15,58,151.93333333333334,0.4483410716056824,-0.36171560528940516
UBFC_PHYS_s01_T3_test,15,59,151.96666666666667,0.5744019150733948,-0.4641836642137695
UBFC_PHYS_s01_T3_test,15,60,152.0,0.6117282509803772,-0.5768589126841887
UBFC_PHYS_s01_T3_test,15,61,152.03333333333333,0.5487083792686462,-0.6995723396641118
UBFC_PHYS_s01_T3_test,15,62,152.06666666666666,0.4447520077228546,-0.8283108292873017
UBFC_PHYS_s01_T3_test,15,63,152.1,0.3502750098705292,-0.9541094850301711
UBFC_PHYS_s01_T3_test,15,64,152.13333333333333,0.2778390944004059,-1.063254869748418
UBFC_PHYS_s01_T3_test,15,65,152.16666666666666,0.24004830420017242,-1.138890845852861
UBFC_PHYS_s01_T3_test,15,66,152.2,0.2143547683954239,-1.1638294242228646
UBFC_PHYS_s01_T3_test,15,67,152.23333333333332,0.13214394450187683,-1.1240759117059265
UBFC_PHYS_s01_T3_test,15,68,152.26666666666668,-0.0178581140935421,-1.0121507826158143
UBFC_PHYS_s01_T3_test,15,69,152.3,-0.1756083369255066,-0.8289998822645157
UBFC_PHYS_s01_T3_test,15,70,152.33333333333334,-0.3290305733680725,-0.5840822647003991
UBFC_PHYS_s01_T3_test,15,71,152.36666666666667,-0.5091174840927124,-0.29406663563448204
UBFC_PHYS_s01_T3_test,15,72,152.4,-0.7066219449043274,0.019368733699626443
UBFC_PHYS_s01_T3_test,15,73,152.43333333333334,-0.8923880457878113,0.33217674930810526
UBFC_PHYS_s01_T3_test,15,74,152.46666666666667,-1.0694769620895386,0.6208440930758556
UBFC_PHYS_s01_T3_test,15,75,152.5,-1.2652502059936523,0.8655921860507481
UBFC_PHYS_s01_T3_test,15,76,152.53333333333333,-1.476287603378296,1.053240529729773
UBFC_PHYS_s01_T3_test,15,77,152.56666666666666,-1.588942289352417,1.178486983218066
UBFC_PHYS_s01_T3_test,15,78,152.6,-1.4387290477752686,1.243061231573965
UBFC_PHYS_s01_T3_test,15,79,152.63333333333333,-1.0093072652816772,1.2530357875210905
UBFC_PHYS_s01_T3_test,15,80,152.66666666666666,-0.4748101830482483,1.2155217011435941
UBFC_PHYS_s01_T3_test,15,81,152.7,-0.002762904390692711,1.1366533439551527
UBFC_PHYS_s01_T3_test,15,82,152.73333333333332,0.37278059124946594,1.021542365407014
UBFC_PHYS_s01_T3_test,15,83,152.76666666666668,0.6785694360733032,0.8755297112744397
UBFC_PHYS_s01_T3_test,15,84,152.8,0.9204939007759094,0.7056876097147713
UBFC_PHYS_s01_T3_test,15,85,152.83333333333334,1.075562834739685,0.5214195941445646
UBFC_PHYS_s01_T3_test,15,86,152.86666666666667,1.109785795211792,0.3337261182393103
UBFC_PHYS_s01_T3_test,15,87,152.9,1.0199956893920898,0.1535246186984366
UBFC_PHYS_s01_T3_test,15,88,152.93333333333334,0.8724848031997681,-0.01024673770179356
UBFC_PHYS_s01_T3_test,15,89,152.96666666666667,0.7544254660606384,-0.151835386675453
UBFC_PHYS_s01_T3_test,15,90,153.0,0.6785483360290527,-0.2687963545090472
UBFC_PHYS_s01_T3_test,15,91,153.03333333333333,0.6017211079597473,-0.3612208533517851
UBFC_PHYS_s01_T3_test,15,92,153.06666666666666,0.5057240128517151,-0.4307500297834031
UBFC_PHYS_s01_T3_test,15,93,153.1,0.3768763542175293,-0.48035467081287575
UBFC_PHYS_s01_T3_test,15,94,153.13333333333333,0.1903713345527649,-0.5147508335815085
UBFC_PHYS_s01_T3_test,15,95,153.16666666666666,-0.02987094596028328,-0.5402598388037584
UBFC_PHYS_s01_T3_test,15,96,153.2,-0.2234274297952652,-0.5637550014629332
UBFC_PHYS_s01_T3_test,15,97,153.23333333333332,-0.36899593472480774,-0.5912882488365077
UBFC_PHYS_s01_T3_test,15,98,153.26666666666668,-0.4787159264087677,-0.6269144784553656
UBFC_PHYS_s01_T3_test,15,99,153.3,-0.5556909441947937,-0.6720458096163621
UBFC_PHYS_s01_T3_test,15,100,153.33333333333334,-0.6338904500007629,-0.7250778863728348
UBFC_PHYS_s01_T3_test,15,101,153.36666666666667,-0.7380368709564209,-0.7805560993032087
UBFC_PHYS_s01_T3_test,15,102,153.4,-0.7671716809272766,-0.82822916171562
UBFC_PHYS_s01_T3_test,15,103,153.43333333333334,-0.5773731470108032,-0.8533504340246161
UBFC_PHYS_s01_T3_test,15,104,153.46666666666667,-0.1879589557647705,-0.8390406186426133
UBFC_PHYS_s01_T3_test,15,105,153.5,0.2567269206047058,-0.7707049716710633
UBFC_PHYS_s01_T3_test,15,106,153.53333333333333,0.6610463261604309,-0.6411926015371554
UBFC_PHYS_s01_T3_test,15,107,153.56666666666666,0.9751533269882202,-0.4542982898057138
UBFC_PHYS_s01_T3_test,15,108,153.6,1.15452241897583,-0.2250261354332997
UBFC_PHYS_s01_T3_test,15,109,153.63333333333333,1.2026159763336182,0.023800162496015995
UBFC_PHYS_s01_T3_test,15,110,153.66666666666666,1.167928695678711,0.26729803159965354
UBFC_PHYS_s01_T3_test,15,111,153.7,1.1070200204849243,0.4839357534514045
UBFC_PHYS_s01_T3_test,15,112,153.73333333333332,1.05195951461792,0.6589534696012485
UBFC_PHYS_s01_T3_test,15,113,153.76666666666668,0.999432384967804,0.7855192154765824
UBFC_PHYS_s01_T3_test,15,114,153.8,0.9354413151741028,0.8638722480979608
UBFC_PHYS_s01_T3_test,15,115,153.83333333333334,0.8345673084259033,0.8991028995604456
UBFC_PHYS_s01_T3_test,15,116,153.86666666666667,0.6620385646820068,0.8986182627822188
UBFC_PHYS_s01_T3_test,15,117,153.9,0.44179630279541016,0.8705131117499953
UBFC_PHYS_s01_T3_test,15,118,153.93333333333334,0.24864095449447632,0.8229288479453282
UBFC_PHYS_s01_T3_test,15,119,153.96666666666667,0.0976044088602066,0.7633975717541576
UBFC_PHYS_s01_T3_test,15,120,154.0,-0.054255515336990356,0.6978349133921873
UBFC_PHYS_s01_T3_test,15,121,154.03333333333333,-0.21259687840938568,0.6296481477888191
UBFC_PHYS_s01_T3_test,15,122,154.06666666666666,-0.36521685123443604,0.559371760664949
UBFC_PHYS_s01_T3_test,15,123,154.1,-0.5358032584190369,0.4850910932859236
UBFC_PHYS_s01_T3_test,15,124,154.13333333333333,-0.7239550352096558,0.4036533131798846
UBFC_PHYS_s01_T3_test,15,125,154.16666666666666,-0.908454418182373,0.31238048638416327
UBFC_PHYS_s01_T3_test,15,126,154.2,-1.1056421995162964,0.21062347158985914
UBFC_PHYS_s01_T3_test,15,127,154.23333333333332,-1.2612600326538086,0.10025198378247674
UBFC_PHYS_s01_T3_test,15,128,154.26666666666668,-1.1971001625061035,-0.015103833825249512
UBFC_PHYS_s01_T3_test,15,129,154.3,-0.8505858778953552,-0.13148588686657786
UBFC_PHYS_s01_T3_test,15,130,154.33333333333334,-0.3761107325553894,-0.24596411202859994
UBFC_PHYS_s01_T3_test,15,131,154.36666666666667,0.06496497243642807,-0.35716155771747166
UBFC_PHYS_s01_T3_test,15,132,154.4,0.4087979793548584,-0.46493293209405184
UBFC_PHYS_s01_T3_test,15,133,154.43333333333334,0.6288080215454102,-0.5698948788166103
UBFC_PHYS_s01_T3_test,15,134,154.46666666666667,0.7122011184692383,-0.6729876126299162
UBFC_PHYS_s01_T3_test,15,135,154.5,0.6912156343460083,-0.774691160448203
UBFC_PHYS_s01_T3_test,15,136,154.53333333333333,0.6262323260307312,-0.8737746954623663
UBFC_PHYS_s01_T3_test,15,137,154.56666666666666,0.5646269917488098,-0.9657937782214323
UBFC_PHYS_s01_T3_test,15,138,154.6,0.5253372192382812,-1.0419256661099217
UBFC_PHYS_s01_T3_test,15,139,154.63333333333333,0.5086374878883362,-1.0889956916597971
UBFC_PHYS_s01_T3_test,15,140,154.66666666666666,0.4980391561985016,-1.0911725396478873
UBFC_PHYS_s01_T3_test,15,141,154.7,0.487398624420166,-1.0332868845347762
UBFC_PHYS_s01_T3_test,15,142,154.73333333333332,0.4663286507129669,-0.905048903444161
UBFC_PHYS_s01_T3_test,15,143,154.76666666666668,0.4017042815685272,-0.7048423436711378
UBFC_PHYS_s01_T3_test,15,144,154.8,0.2848483622074127,-0.4418212829301861
UBFC_PHYS_s01_T3_test,15,145,154.83333333333334,0.12467022240161896,-0.135315783308648
UBFC_PHYS_s01_T3_test,15,146,154.86666666666667,-0.09728214144706726,0.1883078149966793
UBFC_PHYS_s01_T3_test,15,147,154.9,-0.3671380579471588,0.5000719369151775
UBFC_PHYS_s01_T3_test,15,148,154.93333333333334,-0.615860641002655,0.7729795047303281
UBFC_PHYS_s01_T3_test,15,149,154.96666666666667,-0.8066936731338501,0.9859555541110999
UBFC_PHYS_s01_T3_test,15,150,155.0,-0.9618682265281677,1.1264270286879252
UBFC_PHYS_s01_T3_test,15,151,155.03333333333333,-1.109906792640686,1.190986530064099
UBFC_PHYS_s01_T3_test,15,152,155.06666666666666,-1.2541241645812988,1.1843035421905994
UBFC_PHYS_s01_T3_test,15,153,155.1,-1.3397973775863647,1.117087629493901
UBFC_PHYS_s01_T3_test,15,154,155.13333333333333,-1.2578188180923462,1.0037042683597837
UBFC_PHYS_s01_T3_test,15,155,155.16666666666666,-0.9574346542358398,0.8597444093436678
UBFC_PHYS_s01_T3_test,15,156,155.2,-0.5377033948898315,0.6998496614231003
UBFC_PHYS_s01_T3_test,15,157,155.23333333333332,-0.1425255537033081,0.5361092993379797
UBFC_PHYS_s01_T3_test,15,158,155.26666666666668,0.170314759016037,0.3772764745140773
UBFC_PHYS_s01_T3_test,15,159,155.3,0.39499059319496155,0.22896771424431536
UBFC_PHYS_s01_T3_test,15,160,155.33333333333334,0.5079618692398071,0.09462631789797467
UBFC_PHYS_s01_T3_test,15,161,155.36666666666667,0.5182012915611267,-0.02330275810807623
UBFC_PHYS_s01_T3_test,15,162,155.4,0.48733529448509216,-0.12253365457919632
UBFC_PHYS_s01_T3_test,15,163,155.43333333333334,0.4610083997249603,-0.20086317446318103
UBFC_PHYS_s01_T3_test,15,164,155.46666666666667,0.430649071931839,-0.2568571520533302
UBFC_PHYS_s01_T3_test,15,165,155.5,0.3805498778820038,-0.29087667477620266
UBFC_PHYS_s01_T3_test,15,166,155.53333333333333,0.33203408122062683,-0.3058250590355877
UBFC_PHYS_s01_T3_test,15,167,155.56666666666666,0.2966500520706177,-0.3069487703551117
UBFC_PHYS_s01_T3_test,15,168,155.6,0.24912653863430023,-0.30081446765299186
UBFC_PHYS_s01_T3_test,15,169,155.63333333333333,0.18528330326080322,-0.29433563762401943
UBFC_PHYS_s01_T3_test,15,170,155.66666666666666,0.13279841840267181,-0.2942862660284744
UBFC_PHYS_s01_T3_test,15,171,155.7,0.0764077752828598,-0.3071977900368018
UBFC_PHYS_s01_T3_test,15,172,155.73333333333332,-0.03460007533431053,-0.33903556484500624
UBFC_PHYS_s01_T3_test,15,173,155.76666666666668,-0.1954115629196167,-0.3937472346437748
UBFC_PHYS_s01_T3_test,15,174,155.8,-0.3421834409236908,-0.47101005806296553
UBFC_PHYS_s01_T3_test,15,175,155.83333333333334,-0.4405028820037842,-0.5647005771095207
UBFC_PHYS_s01_T3_test,15,176,155.86666666666667,-0.5102997422218323,-0.6629563601658651
UBFC_PHYS_s01_T3_test,15,177,155.9,-0.5951496362686157,-0.7498402628326751
UBFC_PHYS_s01_T3_test,15,178,155.93333333333334,-0.7048273682594299,-0.808072595875775
UBFC_PHYS_s01_T3_test,15,179,155.96666666666667,-0.7604368925094604,-0.8218559365886918
UBFC_PHYS_s01_T3_test,15,180,156.0,-0.6556360125541687,-0.7794003185820981
UBFC_PHYS_s01_T3_test,15,181,156.03333333333333,-0.38134655356407166,-0.6753387810639337
UBFC_PHYS_s01_T3_test,15,182,156.06666666666666,-0.04296049848198891,-0.5125534081168936
UBFC_PHYS_s01_T3_test,15,183,156.1,0.2612871527671814,-0.30230661625391797
UBFC_PHYS_s01_T3_test,15,184,156.13333333333333,0.4717755913734436,-0.06235831072657037
UBFC_PHYS_s01_T3_test,15,185,156.16666666666666,0.5596867203712463,0.1863656799338124
UBFC_PHYS_s01_T3_test,15,186,156.2,0.5437681674957275,0.42357142926909447
UBFC_PHYS_s01_T3_test,15,187,156.23333333333332,0.49808138608932495,0.6326261527994013
UBFC_PHYS_s01_T3_test,15,188,156.26666666666668,0.4857940971851349,0.8021919235809536
UBFC_PHYS_s01_T3_test,15,189,156.3,0.5042461156845093,0.9265107904389475
UBFC_PHYS_s01_T3_test,15,190,156.33333333333334,0.5328742861747742,1.0046702865253192
UBFC_PHYS_s01_T3_test,15,191,156.36666666666667,0.5610801577568054,1.0393474673472745
UBFC_PHYS_s01_T3_test,15,192,156.4,0.5533319711685181,1.035318691647556
UBFC_PHYS_s01_T3_test,15,193,156.43333333333334,0.48471736907958984,0.9977852524394184
UBFC_PHYS_s01_T3_test,15,194,156.46666666666667,0.39218267798423767,0.93091047636534
UBFC_PHYS_s01_T3_test,15,195,156.5,0.3168966472148895,0.8372627973603962
UBFC_PHYS_s01_T3_test,15,196,156.53333333333333,0.24505189061164856,0.7183302614249313
UBFC_PHYS_s01_T3_test,15,197,156.56666666666666,0.14117994904518127,0.5757123487628549
UBFC_PHYS_s01_T3_test,15,198,156.6,0.010727779939770699,0.41232381799574036
UBFC_PHYS_s01_T3_test,15,199,156.63333333333333,-0.10125122964382172,0.23282973656635345
UBFC_PHYS_s01_T3_test,15,200,156.66666666666666,-0.1700558364391327,0.04331604468779983
UBFC_PHYS_s01_T3_test,15,201,156.7,-0.24413847923278809,-0.14904221878985185
UBFC_PHYS_s01_T3_test,15,202,156.73333333333332,-0.38725796341896057,-0.3359391907231082
UBFC_PHYS_s01_T3_test,15,203,156.76666666666668,-0.5718839764595032,-0.5076465331989871
UBFC_PHYS_s01_T3_test,15,204,156.8,-0.6736236214637756,-0.6530489509868671
UBFC_PHYS_s01_T3_test,15,205,156.83333333333334,-0.6045445203781128,-0.760868763987583
UBFC_PHYS_s01_T3_test,15,206,156.86666666666667,-0.41996073722839355,-0.8220132586904677
UBFC_PHYS_s01_T3_test,15,207,156.9,-0.24895206093788147,-0.8320167527671659
UBFC_PHYS_s01_T3_test,15,208,156.93333333333334,-0.13790197670459747,-0.7926797017727167
UBFC_PHYS_s01_T3_test,15,209,156.96666666666667,-0.03799913451075554,-0.7123118510839349
UBFC_PHYS_s01_T3_test,15,210,157.0,0.06355045735836029,-0.6044994137063394
UBFC_PHYS_s01_T3_test,15,211,157.03333333333333,0.12502913177013397,-0.4858373466588165
UBFC_PHYS_s01_T3_test,15,212,157.06666666666666,0.17451608180999756,-0.37294772441561075
UBFC_PHYS_s01_T3_test,15,213,157.1,0.28231489658355713,-0.27898480690681726
UBFC_PHYS_s01_T3_test,15,214,157.13333333333333,0.4347659647464752,-0.2104481668813361
UBFC_PHYS_s01_T3_test,15,215,157.16666666666666,0.5387856960296631,-0.1656440935702431
UBFC_PHYS_s01_T3_test,15,216,157.2,0.5489617586135864,-0.1355647416155403
UBFC_PHYS_s01_T3_test,15,217,157.23333333333332,0.5065473914146423,-0.10720419798033502
UBFC_PHYS_s01_T3_test,15,218,157.26666666666668,0.45049452781677246,-0.06841921304910083
UBFC_PHYS_s01_T3_test,15,219,157.3,0.3638923466205597,-0.01265803806716665
UBFC_PHYS_s01_T3_test,15,220,157.33333333333334,0.22474196553230286,0.05823831594438986
UBFC_PHYS_s01_T3_test,15,221,157.36666666666667,0.04351499676704407,0.1347215141989483
UBFC_PHYS_s01_T3_test,15,222,157.4,-0.1594575196504593,0.2033779083368717
UBFC_PHYS_s01_T3_test,15,223,157.43333333333334,-0.3449280261993408,0.2517804264608435
UBFC_PHYS_s01_T3_test,15,224,157.46666666666667,-0.4831494987010956,0.27253997323997303
UBFC_PHYS_s01_T3_test,15,225,157.5,-0.6249178051948547,0.2654336068485513
UBFC_PHYS_s01_T3_test,15,226,157.53333333333333,-0.8305082321166992,0.23718891852937893
UBFC_PHYS_s01_T3_test,15,227,157.56666666666666,-0.9980334043502808,0.19923619745975105
UBFC_PHYS_s01_T3_test,15,228,157.6,-0.9716220498085022,0.16443548486044376
UBFC_PHYS_s01_T3_test,15,229,157.63333333333333,-0.724736213684082,0.14425874894389257
UBFC_PHYS_s01_T3_test,15,230,157.66666666666666,-0.3521484136581421,0.1470896458392085
UBFC_PHYS_s01_T3_test,15,231,157.7,0.035112351179122925,0.1774018515728586
UBFC_PHYS_s01_T3_test,15,232,157.73333333333332,0.3637867867946625,0.2354377679555436
UBFC_PHYS_s01_T3_test,15,233,157.76666666666668,0.6004965901374817,0.3170297675529415
UBFC_PHYS_s01_T3_test,15,234,157.8,0.7375146150588989,0.4135210252268101
UBFC_PHYS_s01_T3_test,15,235,157.83333333333334,0.7785145044326782,0.5120811730887237
UBFC_PHYS_s01_T3_test,15,236,157.86666666666667,0.739668071269989,0.5968579160597771
UBFC_PHYS_s01_T3_test,15,237,157.9,0.6499835252761841,0.651398729586317
UBFC_PHYS_s01_T3_test,15,238,157.93333333333334,0.5444648265838623,0.6619547568694883
UBFC_PHYS_s01_T3_test,15,239,157.96666666666667,0.43687716126441956,0.6204751084242172
UBFC_PHYS_s01_T3_test,15,240,158.0,0.3039126396179199,0.5263479946435408
UBFC_PHYS_s01_T3_test,15,241,158.03333333333333,0.1208278089761734,0.3863631776853742
UBFC_PHYS_s01_T3_test,15,242,158.06666666666666,-0.09971003979444504,0.2129255345115579
UBFC_PHYS_s01_T3_test,15,243,158.1,-0.30424484610557556,0.02110026596095131
UBFC_PHYS_s01_T3_test,15,244,158.13333333333333,-0.41392263770103455,-0.17450121412100036
UBFC_PHYS_s01_T3_test,15,245,158.16666666666666,-0.39648398756980896,-0.36174458722248237
UBFC_PHYS_s01_T3_test,15,246,158.2,-0.3116552233695984,-0.5315246995169174
UBFC_PHYS_s01_T3_test,15,247,158.23333333333332,-0.24130944907665253,-0.677367876067818
UBFC_PHYS_s01_T3_test,15,248,158.26666666666668,-0.22085174918174744,-0.7947219377766496
UBFC_PHYS_s01_T3_test,15,249,158.3,-0.2619360387325287,-0.880506511274778
UBFC_PHYS_s01_T3_test,15,250,158.33333333333334,-0.35584303736686707,-0.9329753713502229
UBFC_PHYS_s01_T3_test,15,251,158.36666666666667,-0.4444930851459503,-0.9514344808483075
UBFC_PHYS_s01_T3_test,15,252,158.4,-0.43256470561027527,-0.9357456800622217
UBFC_PHYS_s01_T3_test,15,253,158.43333333333334,-0.24808645248413086,-0.8859728359284026
UBFC_PHYS_s01_T3_test,15,254,158.46666666666667,0.08495821058750153,-0.8023540430990562
UBFC_PHYS_s01_T3_test,15,255,158.5,0.4698543846607208,-0.6855685219770616
UBFC_PHYS_s01_T3_test,15,256,158.53333333333333,0.8329206109046936,-0.5373370106075548
UBFC_PHYS_s01_T3_test,15,257,158.56666666666666,1.1136703491210938,-0.3614372587970574
UBFC_PHYS_s01_T3_test,15,258,158.6,1.2270427942276,-0.16481320549376066
UBFC_PHYS_s01_T3_test,15,259,158.63333333333333,1.1639174222946167,0.041896616182996546
UBFC_PHYS_s01_T3_test,15,260,158.66666666666666,1.0516005754470825,0.24498143953422793
UBFC_PHYS_s01_T3_test,15,261,158.7,1.0108752250671387,0.4297424534807446
UBFC_PHYS_s01_T3_test,15,262,158.73333333333332,1.016089916229248,0.5834606815465503
UBFC_PHYS_s01_T3_test,15,263,158.76666666666668,0.9536400437355042,0.6978742012219714
UBFC_PHYS_s01_T3_test,15,264,158.8,0.8015478849411011,0.7701902384565815
UBFC_PHYS_s01_T3_test,15,265,158.83333333333334,0.6331571340560913,0.8022603935810098
UBFC_PHYS_s01_T3_test,15,266,158.86666666666667,0.4433797299861908,0.7985458389636868
UBFC_PHYS_s01_T3_test,15,267,158.9,0.15076488256454468,0.7643353661171632
UBFC_PHYS_s01_T3_test,15,268,158.93333333333334,-0.2215484380722046,0.7049205615192585
UBFC_PHYS_s01_T3_test,15,269,158.96666666666667,-0.5416724681854248,0.6255296446663009
UBFC_PHYS_s01_T3_test,15,270,159.0,-0.7525409460067749,0.5316024274581842
UBFC_PHYS_s01_T3_test,15,271,159.03333333333333,-0.8936969637870789,0.42890515236458593
UBFC_PHYS_s01_T3_test,15,272,159.06666666666666,-1.011967420578003,0.32331368783345527
UBFC_PHYS_s01_T3_test,15,273,159.1,-1.135727047920227,0.2204660866924679
UBFC_PHYS_s01_T3_test,15,274,159.13333333333333,-1.2528574466705322,0.1253251054679659
UBFC_PHYS_s01_T3_test,15,275,159.16666666666666,-1.3170806169509888,0.041529396483693436
UBFC_PHYS_s01_T3_test,15,276,159.2,-1.3238998651504517,-0.029168340014020813
UBFC_PHYS_s01_T3_test,15,277,159.23333333333332,-1.3055534362792969,-0.0867272676166789
UBFC_PHYS_s01_T3_test,15,278,159.26666666666668,-1.2637934684753418,-0.13190702498729104
UBFC_PHYS_s01_T3_test,15,279,159.3,-1.1867762804031372,-0.16527619954089204
UBFC_PHYS_s01_T3_test,15,280,159.33333333333334,-1.090863585472107,-0.1868675766569834
UBFC_PHYS_s01_T3_test,15,281,159.36666666666667,-1.0096662044525146,-0.19708491596953404
UBFC_PHYS_s01_T3_test,15,282,159.4,-0.9870761632919312,-0.19825239464223468
UBFC_PHYS_s01_T3_test,15,283,159.43333333333334,-1.0823131799697876,-0.1951351305700648
UBFC_PHYS_s01_T3_test,15,284,159.46666666666667,-1.3625352382659912,-0.19394542395353087
UBFC_PHYS_s01_T3_test,15,285,159.5,-1.7899935245513916,-0.20066353717966967
UBFC_PHYS_s01_T3_test,15,286,159.53333333333333,-2.1089353561401367,-0.2194950735564091
UBFC_PHYS_s01_T3_test,15,287,159.56666666666666,-2.0294902324676514,-0.25208767814575417
UBFC_PHYS_s01_T3_test,15,288,159.6,-1.5222699642181396,-0.29745860056107976
UBFC_PHYS_s01_T3_test,15,289,159.63333333333333,-0.8037168383598328,-0.35196694859977656
UBFC_PHYS_s01_T3_test,15,290,159.66666666666666,-0.0738898441195488,-0.40921096265354734
UBFC_PHYS_s01_T3_test,15,291,159.7,0.5948173999786377,-0.46032012287897106
UBFC_PHYS_s01_T3_test,15,292,159.73333333333332,1.1699343919754028,-0.49507858566191854
UBFC_PHYS_s01_T3_test,15,293,159.76666666666668,1.620848298072815,-0.5041293775245408
UBFC_PHYS_s01_T3_test,15,294,159.8,1.907847285270691,-0.4815110435228383
UBFC_PHYS_s01_T3_test,15,295,159.83333333333334,1.9394733905792236,-0.42592366986920077
UBFC_PHYS_s01_T3_test,15,296,159.86666666666667,1.6892095804214478,-0.34041323979453236
UBFC_PHYS_s01_T3_test,15,297,159.9,1.274038553237915,-0.23149826788250472
UBFC_PHYS_s01_T3_test,15,298,159.93333333333334,0.7929974794387817,-0.10812058476479386
UBFC_PHYS_s01_T3_test,15,299,159.96666666666667,0.25451013445854187,0.019921653639880264
UBFC_PHYS_s01_T3_test,16,0,160.0,-0.3076016902923584,-0.11404130022685667
UBFC_PHYS_s01_T3_test,16,1,160.03333333333333,-0.7724286317825317,-0.2564154266698688
UBFC_PHYS_s01_T3_test,16,2,160.06666666666666,-0.9805524945259094,-0.3619776882302408
UBFC_PHYS_s01_T3_test,16,3,160.1,-0.8477357625961304,-0.40406416261312955
UBFC_PHYS_s01_T3_test,16,4,160.13333333333333,-0.4778503179550171,-0.3676147957290269
UBFC_PHYS_s01_T3_test,16,5,160.16666666666666,-0.06080029159784317,-0.25239019145816094
UBFC_PHYS_s01_T3_test,16,6,160.2,0.30891624093055725,-0.07232118105171702
UBFC_PHYS_s01_T3_test,16,7,160.23333333333332,0.6239311099052429,0.14798187467610782
UBFC_PHYS_s01_T3_test,16,8,160.26666666666668,0.8849409818649292,0.37825329373149585
UBFC_PHYS_s01_T3_test,16,9,160.3,1.110060214996338,0.5878042787596367
UBFC_PHYS_s01_T3_test,16,10,160.33333333333334,1.3278534412384033,0.7501755669268956
UBFC_PHYS_s01_T3_test,16,11,160.36666666666667,1.535259485244751,0.8469735583937418
UBFC_PHYS_s01_T3_test,16,12,160.4,1.722144603729248,0.8703865074494733
UBFC_PHYS_s01_T3_test,16,13,160.43333333333334,1.8846662044525146,0.823602428977239
UBFC_PHYS_s01_T3_test,16,14,160.46666666666667,1.9861313104629517,0.7190011584827184
UBFC_PHYS_s01_T3_test,16,15,160.5,1.991198182106018,0.5746752143361922
UBFC_PHYS_s01_T3_test,16,16,160.53333333333333,1.96696138381958,0.41020475703144155
UBFC_PHYS_s01_T3_test,16,17,160.56666666666666,2.0391440391540527,0.24285065698261152
UBFC_PHYS_s01_T3_test,16,18,160.6,2.199702024459839,0.08491978339379241
UBFC_PHYS_s01_T3_test,16,19,160.63333333333333,2.2842564582824707,-0.05741918191264553
UBFC_PHYS_s01_T3_test,16,20,160.66666666666666,2.183319091796875,-0.1838380003573974
UBFC_PHYS_s01_T3_test,16,21,160.7,1.9398956298828125,-0.2982445303638354
UBFC_PHYS_s01_T3_test,16,22,160.73333333333332,1.5593485832214355,-0.4064391629822791
UBFC_PHYS_s01_T3_test,16,23,160.76666666666668,0.9318733811378479,-0.5138888502506376
UBFC_PHYS_s01_T3_test,16,24,160.8,0.07710447907447815,-0.6238463169970526
UBFC_PHYS_s01_T3_test,16,25,160.83333333333334,-0.8016267418861389,-0.7354501913730908
UBFC_PHYS_s01_T3_test,16,26,160.86666666666667,-1.5359928607940674,-0.8421648577778952
UBFC_PHYS_s01_T3_test,16,27,160.9,-2.049990177154541,-0.9316213004405433
UBFC_PHYS_s01_T3_test,16,28,160.93333333333334,-2.3225061893463135,-0.9874743754187759
UBFC_PHYS_s01_T3_test,16,29,160.96666666666667,-2.3859903812408447,-0.9932562294153461
UBFC_PHYS_s01_T3_test,16,30,161.0,-2.259000778198242,-0.9368149122094205
UBFC_PHYS_s01_T3_test,16,31,161.03333333333333,-1.927602767944336,-0.8128179396338238
UBFC_PHYS_s01_T3_test,16,32,161.06666666666666,-1.485745906829834,-0.6232045394560023
UBFC_PHYS_s01_T3_test,16,33,161.1,-1.1400972604751587,-0.37779125907854955
UBFC_PHYS_s01_T3_test,16,34,161.13333333333333,-1.0543395280838013,-0.09506054474079059
UBFC_PHYS_s01_T3_test,16,35,161.16666666666666,-1.1369937658309937,0.19905800744579158
UBFC_PHYS_s01_T3_test,16,36,161.2,-1.1089357137680054,0.4748738379811385
UBFC_PHYS_s01_T3_test,16,37,161.23333333333332,-0.8700724244117737,0.7036201562495724
UBFC_PHYS_s01_T3_test,16,38,161.26666666666668,-0.5908849239349365,0.8621614756664441
UBFC_PHYS_s01_T3_test,16,39,161.3,-0.40368324518203735,0.937345857640594
UBFC_PHYS_s01_T3_test,16,40,161.33333333333334,-0.30074024200439453,0.9290555522501238
UBFC_PHYS_s01_T3_test,16,41,161.36666666666667,-0.2673196494579315,0.8505441586219356
UBFC_PHYS_s01_T3_test,16,42,161.4,-0.26301276683807373,0.7255959339052905
UBFC_PHYS_s01_T3_test,16,43,161.43333333333334,-0.23959936201572418,0.5831246508055957
UBFC_PHYS_s01_T3_test,16,44,161.46666666666667,-0.22549642622470856,0.45067650966699324
UBFC_PHYS_s01_T3_test,16,45,161.5,-0.27815020084381104,0.34892437517591574
UBFC_PHYS_s01_T3_test,16,46,161.53333333333333,-0.4004741907119751,0.28842448341474763
UBFC_PHYS_s01_T3_test,16,47,161.56666666666666,-0.5625312924385071,0.26893269410454146
UBFC_PHYS_s01_T3_test,16,48,161.6,-0.7296764254570007,0.28103417326548
UBFC_PHYS_s01_T3_test,16,49,161.63333333333333,-0.8804174065589905,0.30940256687015477
UBFC_PHYS_s01_T3_test,16,50,161.66666666666666,-1.0369219779968262,0.33653372610070087
UBFC_PHYS_s01_T3_test,16,51,161.7,-1.1900064945220947,0.3455474826469075
UBFC_PHYS_s01_T3_test,16,52,161.73333333333332,-1.2366855144500732,0.32183780838510834
UBFC_PHYS_s01_T3_test,16,53,161.76666666666668,-1.0625522136688232,0.25448378719787285
UBFC_PHYS_s01_T3_test,16,54,161.8,-0.6789438724517822,0.13789675802733795
UBFC_PHYS_s01_T3_test,16,55,161.83333333333334,-0.2243141382932663,-0.026471288979228624
UBFC_PHYS_s01_T3_test,16,56,161.86666666666667,0.14717580378055573,-0.22924950683644124
UBFC_PHYS_s01_T3_test,16,57,161.9,0.35559526085853577,-0.4544918835490716
UBFC_PHYS_s01_T3_test,16,58,161.93333333333334,0.4066867530345917,-0.682667781394391
UBFC_PHYS_s01_T3_test,16,59,161.96666666666667,0.3663835823535919,-0.8928859024813335
UBFC_PHYS_s01_T3_test,16,60,162.0,0.3457147777080536,-1.06396470217783
UBFC_PHYS_s01_T3_test,16,61,162.03333333333333,0.3996775150299072,-1.1760207051662523
UBFC_PHYS_s01_T3_test,16,62,162.06666666666666,0.4630562663078308,-1.2132792374286205
UBFC_PHYS_s01_T3_test,16,63,162.1,0.49417564272880554,-1.1675489980891223
UBFC_PHYS_s01_T3_test,16,64,162.13333333333333,0.5278284549713135,-1.040676044463326
UBFC_PHYS_s01_T3_test,16,65,162.16666666666666,0.5533530712127686,-0.8435614354723098
UBFC_PHYS_s01_T3_test,16,66,162.2,0.49797582626342773,-0.5927073051407264
UBFC_PHYS_s01_T3_test,16,67,162.23333333333332,0.36241450905799866,-0.3083658144331131
UBFC_PHYS_s01_T3_test,16,68,162.26666666666668,0.2193794697523117,-0.014637862751285927
UBFC_PHYS_s01_T3_test,16,69,162.3,0.08768168091773987,0.2618942756369207
UBFC_PHYS_s01_T3_test,16,70,162.33333333333334,-0.056894537061452866,0.4960706275236581
UBFC_PHYS_s01_T3_test,16,71,162.36666666666667,-0.2139691710472107,0.6689141757397127
UBFC_PHYS_s01_T3_test,16,72,162.4,-0.3959561884403229,0.7711953031830928
UBFC_PHYS_s01_T3_test,16,73,162.43333333333334,-0.5963529944419861,0.8038293271938167
UBFC_PHYS_s01_T3_test,16,74,162.46666666666667,-0.7018927931785583,0.7755403143980593
UBFC_PHYS_s01_T3_test,16,75,162.5,-0.5938828587532043,0.7004701894223205
UBFC_PHYS_s01_T3_test,16,76,162.53333333333333,-0.31775665283203125,0.5967014936087093
UBFC_PHYS_s01_T3_test,16,77,162.56666666666666,-0.017245860770344734,0.4847444559389215
UBFC_PHYS_s01_T3_test,16,78,162.6,0.2417161613702774,0.3849960616192349
UBFC_PHYS_s01_T3_test,16,79,162.63333333333333,0.44939669966697693,0.313525866251152
UBFC_PHYS_s01_T3_test,16,80,162.66666666666666,0.5950496196746826,0.27764680049208523
UBFC_PHYS_s01_T3_test,16,81,162.7,0.6652476191520691,0.274548748852104
UBFC_PHYS_s01_T3_test,16,82,162.73333333333332,0.6540159583091736,0.29393464455113133
UBFC_PHYS_s01_T3_test,16,83,162.76666666666668,0.5882092714309692,0.32301026140490796
UBFC_PHYS_s01_T3_test,16,84,162.8,0.5411080121994019,0.35106834815023497
UBFC_PHYS_s01_T3_test,16,85,162.83333333333334,0.5482861399650574,0.3704591298654008
UBFC_PHYS_s01_T3_test,16,86,162.86666666666667,0.5685327053070068,0.3745423050565549
UBFC_PHYS_s01_T3_test,16,87,162.9,0.5615023970603943,0.3567815086502577
UBFC_PHYS_s01_T3_test,16,88,162.93333333333334,0.5307841300964355,0.3122498438041482
UBFC_PHYS_s01_T3_test,16,89,162.96666666666667,0.4856463074684143,0.23956021866143448
UBFC_PHYS_s01_T3_test,16,90,163.0,0.42425209283828735,0.1413802447081631
UBFC_PHYS_s01_T3_test,16,91,163.03333333333333,0.33275189995765686,0.022358774585001594
UBFC_PHYS_s01_T3_test,16,92,163.06666666666666,0.21127238869667053,-0.11404124743067862
UBFC_PHYS_s01_T3_test,16,93,163.1,0.10250243544578552,-0.26602749135717063
UBFC_PHYS_s01_T3_test,16,94,163.13333333333333,0.03500678762793541,-0.4310099767007592
UBFC_PHYS_s01_T3_test,16,95,163.16666666666666,-0.016464710235595703,-0.6034800514890188
UBFC_PHYS_s01_T3_test,16,96,163.2,-0.04652845859527588,-0.7748253200276582
UBFC_PHYS_s01_T3_test,16,97,163.23333333333332,0.04041150584816933,-0.9345438877427648
UBFC_PHYS_s01_T3_test,16,98,163.26666666666668,0.3454825282096863,-1.071465873604098
UBFC_PHYS_s01_T3_test,16,99,163.3,0.8486703038215637,-1.1731461132252536
UBFC_PHYS_s01_T3_test,16,100,163.33333333333334,1.4306697845458984,-1.224270530568198
UBFC_PHYS_s01_T3_test,16,101,163.36666666666667,2.0110859870910645,-1.2073652255648948
UBFC_PHYS_s01_T3_test,16,102,163.4,2.5759212970733643,-1.1069243956459474
UBFC_PHYS_s01_T3_test,16,103,163.43333333333334,3.10858154296875,-0.9155087722193518
UBFC_PHYS_s01_T3_test,16,104,163.46666666666667,3.5708117485046387,-0.6388206326242235
UBFC_PHYS_s01_T3_test,16,105,163.5,3.9907329082489014,-0.295903506090705
UBFC_PHYS_s01_T3_test,16,106,163.53333333333333,4.496433258056641,0.08510786830587469
UBFC_PHYS_s01_T3_test,16,107,163.56666666666666,5.100938320159912,0.4711446756827094
UBFC_PHYS_s01_T3_test,16,108,163.6,5.524807453155518,0.8269241533076711
UBFC_PHYS_s01_T3_test,16,109,163.63333333333333,5.404045581817627,1.1183424740177088
UBFC_PHYS_s01_T3_test,16,110,163.66666666666666,4.633704662322998,1.3168687715423717
UBFC_PHYS_s01_T3_test,16,111,163.7,3.3706047534942627,1.4032346088261551
UBFC_PHYS_s01_T3_test,16,112,163.73333333333332,1.7593653202056885,1.369871910038758
UBFC_PHYS_s01_T3_test,16,113,163.76666666666668,-0.1792607456445694,1.2227270260425174
UBFC_PHYS_s01_T3_test,16,114,163.8,-2.3071365356445312,0.9821797139845927
UBFC_PHYS_s01_T3_test,16,115,163.83333333333334,-4.262124538421631,0.681893624536579
UBFC_PHYS_s01_T3_test,16,116,163.86666666666667,-5.711940288543701,0.36456977001644675
UBFC_PHYS_s01_T3_test,16,117,163.9,-6.561769008636475,0.07409812125941517
UBFC_PHYS_s01_T3_test,16,118,163.93333333333334,-6.906551837921143,-0.1538957940499116
UBFC_PHYS_s01_T3_test,16,119,163.96666666666667,-6.94457483291626,-0.29890181823230266
UBFC_PHYS_s01_T3_test,16,120,164.0,-6.86926794052124,-0.35774525718263533
UBFC_PHYS_s01_T3_test,16,121,164.03333333333333,-6.6713409423828125,-0.3426728343566945
UBFC_PHYS_s01_T3_test,16,122,164.06666666666666,-6.131186008453369,-0.27657635753437476
UBFC_PHYS_s01_T3_test,16,123,164.1,-5.096984386444092,-0.18708412138490907
UBFC_PHYS_s01_T3_test,16,124,164.13333333333333,-3.7151288986206055,-0.10098651856668042
UBFC_PHYS_s01_T3_test,16,125,164.16666666666666,-2.3289875984191895,-0.040003154519213914
UBFC_PHYS_s01_T3_test,16,126,164.2,-1.139400601387024,-0.018249163516909375
UBFC_PHYS_s01_T3_test,16,127,164.23333333333332,-0.09844331443309784,-0.04118415299081649
UBFC_PHYS_s01_T3_test,16,128,164.26666666666668,0.8063403367996216,-0.10584133148810505
UBFC_PHYS_s01_T3_test,16,129,164.3,1.4147089719772339,-0.20225107990375485
UBFC_PHYS_s01_T3_test,16,130,164.33333333333334,1.641897201538086,-0.3156609202245418
UBFC_PHYS_s01_T3_test,16,131,164.36666666666667,1.6083288192749023,-0.42889720844520635
UBFC_PHYS_s01_T3_test,16,132,164.4,1.493562936782837,-0.5244055554362568
UBFC_PHYS_s01_T3_test,16,133,164.43333333333334,1.361274003982544,-0.5857434542540766
UBFC_PHYS_s01_T3_test,16,134,164.46666666666667,1.1691532135009766,-0.5987832045302686
UBFC_PHYS_s01_T3_test,16,135,164.5,0.9208105802536011,-0.5532252997228013
UBFC_PHYS_s01_T3_test,16,136,164.53333333333333,0.6785483360290527,-0.4447212885844249
UBFC_PHYS_s01_T3_test,16,137,164.56666666666666,0.44620874524116516,-0.27744099439526215
UBFC_PHYS_s01_T3_test,16,138,164.6,0.2248053103685379,-0.0660005633367169
UBFC_PHYS_s01_T3_test,16,139,164.63333333333333,0.01180450152605772,0.16502425447022823
UBFC_PHYS_s01_T3_test,16,140,164.66666666666666,-0.2810003459453583,0.38487137294265433
UBFC_PHYS_s01_T3_test,16,141,164.7,-0.67717045545578,0.5633202576425165
UBFC_PHYS_s01_T3_test,16,142,164.73333333333332,-1.0495048761367798,0.678231439925526
UBFC_PHYS_s01_T3_test,16,143,164.76666666666668,-1.3674331903457642,0.7203276174089702
UBFC_PHYS_s01_T3_test,16,144,164.8,-1.701385736465454,0.6933774055861645
UBFC_PHYS_s01_T3_test,16,145,164.83333333333334,-1.9524518251419067,0.6100540607858631
UBFC_PHYS_s01_T3_test,16,146,164.86666666666667,-1.9724661111831665,0.48598423721425843
UBFC_PHYS_s01_T3_test,16,147,164.9,-1.7814431190490723,0.33612778791389825
UBFC_PHYS_s01_T3_test,16,148,164.93333333333334,-1.4430570602416992,0.1743396044798903
UBFC_PHYS_s01_T3_test,16,149,164.96666666666667,-0.969890832901001,0.01357058501741086
UBFC_PHYS_s01_T3_test,16,150,165.0,-0.43649157881736755,-0.13459312247474595
UBFC_PHYS_s01_T3_test,16,151,165.03333333333333,0.005766416899859905,-0.2607060281261064
UBFC_PHYS_s01_T3_test,16,152,165.06666666666666,0.26690298318862915,-0.35796262555707226
UBFC_PHYS_s01_T3_test,16,153,165.1,0.3560386300086975,-0.42175637469612337
UBFC_PHYS_s01_T3_test,16,154,165.13333333333333,0.34991610050201416,-0.44912789733312664
UBFC_PHYS_s01_T3_test,16,155,165.16666666666666,0.32861390709877014,-0.44017945415701526
UBFC_PHYS_s01_T3_test,16,156,165.2,0.3417879045009613,-0.4006990899857381
UBFC_PHYS_s01_T3_test,16,157,165.23333333333332,0.4322535991668701,-0.34258018213134594
UBFC_PHYS_s01_T3_test,16,158,165.26666666666668,0.5919672846794128,-0.28075758087245484
UBFC_PHYS_s01_T3_test,16,159,165.3,0.7264307141304016,-0.22791342430668668
UBFC_PHYS_s01_T3_test,16,160,165.33333333333334,0.7642637491226196,-0.18981574081576033
UBFC_PHYS_s01_T3_test,16,161,165.36666666666667,0.7159379720687866,-0.16507643523579005
UBFC_PHYS_s01_T3_test,16,162,165.4,0.6036211848258972,-0.14915510810916296
UBFC_PHYS_s01_T3_test,16,163,165.43333333333334,0.44090959429740906,-0.13853785547143813
UBFC_PHYS_s01_T3_test,16,164,165.46666666666667,0.2663329541683197,-0.13239387829671795
UBFC_PHYS_s01_T3_test,16,165,165.5,0.1300538331270218,-0.13106371863354913
UBFC_PHYS_s01_T3_test,16,166,165.53333333333333,0.04459172114729881,-0.1329739242102648
UBFC_PHYS_s01_T3_test,16,167,165.56666666666666,-0.054508861154317856,-0.13336522657907424
UBFC_PHYS_s01_T3_test,16,168,165.6,-0.23058445751667023,-0.12543765331389775
UBFC_PHYS_s01_T3_test,16,169,165.63333333333333,-0.4198973774909973,-0.10160708547891578
UBFC_PHYS_s01_T3_test,16,170,165.66666666666666,-0.4451475739479065,-0.05416308421331288
UBFC_PHYS_s01_T3_test,16,171,165.7,-0.21506699919700623,0.023605574761175554
UBFC_PHYS_s01_T3_test,16,172,165.73333333333332,0.1479780673980713,0.13515062612776507
UBFC_PHYS_s01_T3_test,16,173,165.76666666666668,0.434301495552063,0.2772768983422851
UBFC_PHYS_s01_T3_test,16,174,165.8,0.5604256391525269,0.43756467933612647
UBFC_PHYS_s01_T3_test,16,175,165.83333333333334,0.5905104875564575,0.5960015915574308
UBFC_PHYS_s01_T3_test,16,176,165.86666666666667,0.5974986553192139,0.7305313553397101
UBFC_PHYS_s01_T3_test,16,177,165.9,0.6144517064094543,0.8225576598656877
UBFC_PHYS_s01_T3_test,16,178,165.93333333333334,0.6376329064369202,0.8602124673134294
UBFC_PHYS_s01_T3_test,16,179,165.96666666666667,0.6272034645080566,0.8394262947837505
UBFC_PHYS_s01_T3_test,16,180,166.0,0.557575523853302,0.763412542683982
UBFC_PHYS_s01_T3_test,16,181,166.03333333333333,0.47080445289611816,0.641503173047426
UBFC_PHYS_s01_T3_test,16,182,166.06666666666666,0.43183135986328125,0.48766886831875156
UBFC_PHYS_s01_T3_test,16,183,166.1,0.43571600317955017,0.31840284076814107
UBFC_PHYS_s01_T3_test,16,184,166.13333333333333,0.4096635580062866,0.150167645695758
UBFC_PHYS_s01_T3_test,16,185,166.16666666666666,0.3077128529548645,-0.0028424845289551845
UBFC_PHYS_s01_T3_test,16,186,166.2,0.15456508100032806,-0.13026343261626078
UBFC_PHYS_s01_T3_test,16,187,166.23333333333332,-0.011988927610218525,-0.22649675203756728
UBFC_PHYS_s01_T3_test,16,188,166.26666666666668,-0.16131539642810822,-0.2911600506306539
UBFC_PHYS_s01_T3_test,16,189,166.3,-0.2521822154521942,-0.32919712702492016
UBFC_PHYS_s01_T3_test,16,190,166.33333333333334,-0.306440532207489,-0.35043612583853534
UBFC_PHYS_s01_T3_test,16,191,166.36666666666667,-0.41062915325164795,-0.3680890015309845
UBFC_PHYS_s01_T3_test,16,192,166.4,-0.5640513896942139,-0.3961940569737907
UBFC_PHYS_s01_T3_test,16,193,166.43333333333334,-0.6276834607124329,-0.4465769582555862
UBFC_PHYS_s01_T3_test,16,194,166.46666666666667,-0.4768158197402954,-0.526150303607411
UBFC_PHYS_s01_T3_test,16,195,166.5,-0.14197662472724915,-0.6354872557106922
UBFC_PHYS_s01_T3_test,16,196,166.53333333333333,0.22248296439647675,-0.7687462224620323
UBFC_PHYS_s01_T3_test,16,197,166.56666666666666,0.4995381236076355,-0.9142062317658168
UBFC_PHYS_s01_T3_test,16,198,166.6,0.6718979477882385,-1.0550708835618887
UBFC_PHYS_s01_T3_test,16,199,166.63333333333333,0.7433416247367859,-1.1706892215956834
UBFC_PHYS_s01_T3_test,16,200,166.66666666666666,0.7261562943458557,-1.238284829113163
UBFC_PHYS_s01_T3_test,16,201,166.7,0.6838052272796631,-1.2351545305494176
UBFC_PHYS_s01_T3_test,16,202,166.73333333333332,0.6731647253036499,-1.1416513821703858
UBFC_PHYS_s01_T3_test,16,203,166.76666666666668,0.6731647253036499,-0.9454276461086635
UBFC_PHYS_s01_T3_test,16,204,166.8,0.6405463814735413,-0.6461677426729373
UBFC_PHYS_s01_T3_test,16,205,166.83333333333334,0.5785821080207825,-0.25884773502912084
UBFC_PHYS_s01_T3_test,16,206,166.86666666666667,0.4992636740207672,0.18616565212876504
UBFC_PHYS_s01_T3_test,16,207,166.9,0.404744416475296,0.6471992623997922
UBFC_PHYS_s01_T3_test,16,208,166.93333333333334,0.3072061538696289,1.0787186917527356
UBFC_PHYS_s01_T3_test,16,209,166.96666666666667,0.2026163935661316,1.4395525340047315
UBFC_PHYS_s01_T3_test,16,210,167.0,0.06260041147470474,1.6994189577047647
UBFC_PHYS_s01_T3_test,16,211,167.03333333333333,-0.10131456702947617,1.8418135189627005
UBFC_PHYS_s01_T3_test,16,212,167.06666666666666,-0.23674921691417694,1.8634674798788193
UBFC_PHYS_s01_T3_test,16,213,167.1,-0.34706035256385803,1.772544083788345
UBFC_PHYS_s01_T3_test,16,214,167.13333333333333,-0.4683498442173004,1.5864107254073314
UBFC_PHYS_s01_T3_test,16,215,167.16666666666666,-0.5551420450210571,1.3283194989457272
UBFC_PHYS_s01_T3_test,16,216,167.2,-0.4945078492164612,1.0234941151675812
UBFC_PHYS_s01_T3_test,16,217,167.23333333333332,-0.24658748507499695,0.6962810949570164
UBFC_PHYS_s01_T3_test,16,218,167.26666666666668,0.09523984044790268,0.36900018587289984
UBFC_PHYS_s01_T3_test,16,219,167.3,0.39017701148986816,0.062015859153472526
UBFC_PHYS_s01_T3_test,16,220,167.33333333333334,0.5796377658843994,-0.20630201321366906
UBFC_PHYS_s01_T3_test,16,221,167.36666666666667,0.6845653057098389,-0.4215011307555274
UBFC_PHYS_s01_T3_test,16,222,167.4,0.7269374132156372,-0.5762347912982206
UBFC_PHYS_s01_T3_test,16,223,167.43333333333334,0.7173103094100952,-0.6718271417163878
UBFC_PHYS_s01_T3_test,16,224,167.46666666666667,0.6753392815589905,-0.7170859841331928
UBFC_PHYS_s01_T3_test,16,225,167.5,0.6164785027503967,-0.7252881354780949
UBFC_PHYS_s01_T3_test,16,226,167.53333333333333,0.5640780925750732,-0.7108784006413059
UBFC_PHYS_s01_T3_test,16,227,167.56666666666666,0.5516218543052673,-0.6876719788490956
UBFC_PHYS_s01_T3_test,16,228,167.6,0.5515585541725159,-0.6683751555132621
UBFC_PHYS_s01_T3_test,16,229,167.63333333333333,0.4868074655532837,-0.6634015172070822
UBFC_PHYS_s01_T3_test,16,230,167.66666666666666,0.3387477397918701,-0.6785313126238347
UBFC_PHYS_s01_T3_test,16,231,167.7,0.16659902036190033,-0.7127287378022765
UBFC_PHYS_s01_T3_test,16,232,167.73333333333332,0.03055211901664734,-0.7576692121450769
UBFC_PHYS_s01_T3_test,16,233,167.76666666666668,-0.06010359153151512,-0.8003567459507639
UBFC_PHYS_s01_T3_test,16,234,167.8,-0.16256101429462433,-0.827578050247816
UBFC_PHYS_s01_T3_test,16,235,167.83333333333334,-0.34602585434913635,-0.8285928339344117
UBFC_PHYS_s01_T3_test,16,236,167.86666666666667,-0.5831789970397949,-0.7951245773178779
UBFC_PHYS_s01_T3_test,16,237,167.9,-0.7688817381858826,-0.7205655861298216
UBFC_PHYS_s01_T3_test,16,238,167.93333333333334,-0.8407264947891235,-0.5998918703154942
UBFC_PHYS_s01_T3_test,16,239,167.96666666666667,-0.7699795961380005,-0.4309235224996888
UBFC_PHYS_s01_T3_test,16,240,168.0,-0.5204125046730042,-0.21626200034614976
UBFC_PHYS_s01_T3_test,16,241,168.03333333333333,-0.13629744946956635,0.035902109047923764
UBFC_PHYS_s01_T3_test,16,242,168.06666666666666,0.21543149650096893,0.312610891531745
UBFC_PHYS_s01_T3_test,16,243,168.1,0.42070522904396057,0.5976606622279296
UBFC_PHYS_s01_T3_test,16,244,168.13333333333333,0.5118676424026489,0.8730535833185239
UBFC_PHYS_s01_T3_test,16,245,168.16666666666666,0.5723540186882019,1.119957601175241
UBFC_PHYS_s01_T3_test,16,246,168.2,0.6300325393676758,1.3193347420582733
UBFC_PHYS_s01_T3_test,16,247,168.23333333333332,0.6762682199478149,1.452895173974939
UBFC_PHYS_s01_T3_test,16,248,168.26666666666668,0.7201393246650696,1.5048374607989219
UBFC_PHYS_s01_T3_test,16,249,168.3,0.780646800994873,1.4644565334008681
UBFC_PHYS_s01_T3_test,16,250,168.33333333333334,0.8542016744613647,1.3288172529174465
UBFC_PHYS_s01_T3_test,16,251,168.36666666666667,0.9036675095558167,1.1039536345842975
UBFC_PHYS_s01_T3_test,16,252,168.4,0.8971227407455444,0.8043045840703852
UBFC_PHYS_s01_T3_test,16,253,168.43333333333334,0.8478891253471375,0.4513827710452668
UBFC_PHYS_s01_T3_test,16,254,168.46666666666667,0.7642849087715149,0.07218557600145878
UBFC_PHYS_s01_T3_test,16,255,168.5,0.609194815158844,-0.30274593586214427
UBFC_PHYS_s01_T3_test,16,256,168.53333333333333,0.38386449217796326,-0.6418109373907072
UBFC_PHYS_s01_T3_test,16,257,168.56666666666666,0.15551511943340302,-0.9155270503928828
UBFC_PHYS_s01_T3_test,16,258,168.6,-0.06609944999217987,-1.100171003010081
UBFC_PHYS_s01_T3_test,16,259,168.63333333333333,-0.318960040807724,-1.181209185614762
UBFC_PHYS_s01_T3_test,16,260,168.66666666666666,-0.5910327434539795,-1.1557216020903505
UBFC_PHYS_s01_T3_test,16,261,168.7,-0.8263279795646667,-1.0330048621038077
UBFC_PHYS_s01_T3_test,16,262,168.73333333333332,-0.9597147703170776,-0.8332866831153274
UBFC_PHYS_s01_T3_test,16,263,168.76666666666668,-0.9090033173561096,-0.5852208946965882
UBFC_PHYS_s01_T3_test,16,264,168.8,-0.6536725759506226,-0.3226065247866834
UBFC_PHYS_s01_T3_test,16,265,168.83333333333334,-0.3039070665836334,-0.08050838289514337
UBFC_PHYS_s01_T3_test,16,266,168.86666666666667,0.0008050543838180602,0.10920232240975816
UBFC_PHYS_s01_T3_test,16,267,168.9,0.2139747589826584,0.22286673850730762
UBFC_PHYS_s01_T3_test,16,268,168.93333333333334,0.3498738706111908,0.24979299806955255
UBFC_PHYS_s01_T3_test,16,269,168.96666666666667,0.40345659852027893,0.19516050761066484
UBFC_PHYS_s01_T3_test,16,270,169.0,0.37579962611198425,0.07970398270572582
UBFC_PHYS_s01_T3_test,16,271,169.03333333333333,0.3040604293346405,-0.06466607467281377
UBFC_PHYS_s01_T3_test,16,272,169.06666666666666,0.21714158356189728,-0.2020018269359745
UBFC_PHYS_s01_T3_test,16,273,169.1,0.1300538331270218,-0.29898827226144425
UBFC_PHYS_s01_T3_test,16,274,169.13333333333333,0.06988411396741867,-0.32969781807542464
UBFC_PHYS_s01_T3_test,16,275,169.16666666666666,0.04307164251804352,-0.27892883662740414
UBFC_PHYS_s01_T3_test,16,276,169.2,0.01516133826225996,-0.14477702685027846
UBFC_PHYS_s01_T3_test,16,277,169.23333333333332,-0.051722053438425064,0.05912822073542493
UBFC_PHYS_s01_T3_test,16,278,169.26666666666668,-0.15491840243339539,0.3035708919108247
UBFC_PHYS_s01_T3_test,16,279,169.3,-0.26035264134407043,0.5495073955486838
UBFC_PHYS_s01_T3_test,16,280,169.33333333333334,-0.336208701133728,0.7584798593502727
UBFC_PHYS_s01_T3_test,16,281,169.36666666666667,-0.3837955594062805,0.9018448809515393
UBFC_PHYS_s01_T3_test,16,282,169.4,-0.4586593508720398,0.9651557913403098
UBFC_PHYS_s01_T3_test,16,283,169.43333333333334,-0.5914127826690674,0.9469802074098161
UBFC_PHYS_s01_T3_test,16,284,169.46666666666667,-0.6833562850952148,0.8541652111180528
UBFC_PHYS_s01_T3_test,16,285,169.5,-0.594199538230896,0.6977064341630603
UBFC_PHYS_s01_T3_test,16,286,169.53333333333333,-0.32683488726615906,0.49089562172666934
UBFC_PHYS_s01_T3_test,16,287,169.56666666666666,-0.018554816022515297,0.24860332763736245
UBFC_PHYS_s01_T3_test,16,288,169.6,0.23487581312656403,-0.013219588027103286
UBFC_PHYS_s01_T3_test,16,289,169.63333333333333,0.39978307485580444,-0.27817969155864697
UBFC_PHYS_s01_T3_test,16,290,169.66666666666666,0.45855939388275146,-0.5301134234800426
UBFC_PHYS_s01_T3_test,16,291,169.7,0.42387205362319946,-0.7532492286814898
UBFC_PHYS_s01_T3_test,16,292,169.73333333333332,0.35270288586616516,-0.932061121502363
UBFC_PHYS_s01_T3_test,16,293,169.76666666666668,0.30691057443618774,-1.0517081265490076
UBFC_PHYS_s01_T3_test,16,294,169.8,0.3174033463001251,-1.0995412162596991
UBFC_PHYS_s01_T3_test,16,295,169.83333333333334,0.34930384159088135,-1.0675813779805636
UBFC_PHYS_s01_T3_test,16,296,169.86666666666667,0.3337230384349823,-0.9553086646785602
UBFC_PHYS_s01_T3_test,16,297,169.9,0.25577688217163086,-0.771637257892343
UBFC_PHYS_s01_T3_test,16,298,169.93333333333334,0.15954755246639252,-0.5349459907512875
UBFC_PHYS_s01_T3_test,16,299,169.96666666666667,0.05896911397576332,-0.2702966346366381
