recording_id,measurement_id,sample_index,time_seconds,gt_signal,predicted_signal
COHFACE_s32_session0_lamp,0,0,0.0,-8.583259582519531,0.0009607887774483455
COHFACE_s32_session0_lamp,0,1,0.03333333333333333,-6.194030284881592,-0.0750949454972786
COHFACE_s32_session0_lamp,0,2,0.06666666666666667,-0.3880903422832489,-0.15185420041604109
COHFACE_s32_session0_lamp,0,3,0.1,0.28833630681037903,-0.22667113964693775
COHFACE_s32_session0_lamp,0,4,0.13333333333333333,-0.7319790124893188,-0.2937855950288815
COHFACE_s32_session0_lamp,0,5,0.16666666666666666,-0.6572031378746033,-0.34598219306296923
COHFACE_s32_session0_lamp,0,6,0.2,-0.6221317052841187,-0.3776823382659103
COHFACE_s32_session0_lamp,0,7,0.23333333333333334,-0.797674298286438,-0.38795193816051493
COHFACE_s32_session0_lamp,0,8,0.26666666666666666,-0.9093284606933594,-0.3816765470159761
COHFACE_s32_session0_lamp,0,9,0.3,-0.9463921189308167,-0.3678374181570853
COHFACE_s32_session0_lamp,0,10,0.3333333333333333,-0.7496305704116821,-0.3555386077886227
COHFACE_s32_session0_lamp,0,11,0.36666666666666664,-0.16709846258163452,-0.34995733459178613
COHFACE_s32_session0_lamp,0,12,0.4,0.571826696395874,-0.3504333976738459
COHFACE_s32_session0_lamp,0,13,0.43333333333333335,1.1931058168411255,-0.35148929154176134
COHFACE_s32_session0_lamp,0,14,0.4666666666666667,1.6481698751449585,-0.3456907620848015
COHFACE_s32_session0_lamp,0,15,0.5,1.9696813821792603,-0.326263932861217
COHFACE_s32_session0_lamp,0,16,0.5333333333333333,2.160620927810669,-0.2880246899895651
COHFACE_s32_session0_lamp,0,17,0.5666666666666667,2.155261993408203,-0.2268777043165321
COHFACE_s32_session0_lamp,0,18,0.6,2.009617567062378,-0.13955868212561762
COHFACE_s32_session0_lamp,0,19,0.6333333333333333,1.8911066055297852,-0.025134705467689318
COHFACE_s32_session0_lamp,0,20,0.6666666666666666,1.8370245695114136,0.11209722742966595
COHFACE_s32_session0_lamp,0,21,0.7,1.7686113119125366,0.26060597430535304
COHFACE_s32_session0_lamp,0,22,0.7333333333333333,1.6317229270935059,0.40294967464148546
COHFACE_s32_session0_lamp,0,23,0.7666666666666667,1.4593461751937866,0.5208732015722267
COHFACE_s32_session0_lamp,0,24,0.8,1.2663991451263428,0.6017737005448667
COHFACE_s32_session0_lamp,0,25,0.8333333333333334,1.0698846578598022,0.6427389193692689
COHFACE_s32_session0_lamp,0,26,0.8666666666666667,0.8900488615036011,0.6498149842512205
COHFACE_s32_session0_lamp,0,27,0.9,0.7247141599655151,0.633207472054694
COHFACE_s32_session0_lamp,0,28,0.9333333333333333,0.5535728931427002,0.6014415825732411
COHFACE_s32_session0_lamp,0,29,0.9666666666666667,0.3933190405368805,0.55765328996507
COHFACE_s32_session0_lamp,0,30,1.0,0.24575945734977722,0.4992481686235865
COHFACE_s32_session0_lamp,0,31,1.0333333333333334,0.08692637830972672,0.4198825245858947
COHFACE_s32_session0_lamp,0,32,1.0666666666666667,-0.05516630783677101,0.311869141403411
COHFACE_s32_session0_lamp,0,33,1.1,-0.16597111523151398,0.1679282248096043
COHFACE_s32_session0_lamp,0,34,1.1333333333333333,-0.27683767676353455,-0.017321733196759025
COHFACE_s32_session0_lamp,0,35,1.1666666666666667,-0.39335647225379944,-0.2451137449786624
COHFACE_s32_session0_lamp,0,36,1.2,-0.5058445930480957,-0.5094183445473558
COHFACE_s32_session0_lamp,0,37,1.2333333333333334,-0.6200932264328003,-0.7942292961179712
COHFACE_s32_session0_lamp,0,38,1.2666666666666666,-0.699316680431366,-1.0729188159796763
COHFACE_s32_session0_lamp,0,39,1.3,-0.5538419485092163,-1.310611779822568
COHFACE_s32_session0_lamp,0,40,1.3333333333333333,-0.011832749471068382,-1.4693696627137796
COHFACE_s32_session0_lamp,0,41,1.3666666666666667,0.7508131861686707,-1.515195235644683
COHFACE_s32_session0_lamp,0,42,1.4,1.4507442712783813,-1.4257035638371292
COHFACE_s32_session0_lamp,0,43,1.4333333333333333,1.9990853071212769,-1.1969631402979246
COHFACE_s32_session0_lamp,0,44,1.4666666666666666,2.4036037921905518,-0.8471543270066557
COHFACE_s32_session0_lamp,0,45,1.5,2.6680991649627686,-0.41468278351022186
COHFACE_s32_session0_lamp,0,46,1.5333333333333334,2.7070159912109375,0.049670207674217995
COHFACE_s32_session0_lamp,0,47,1.5666666666666667,2.529141426086426,0.4941496396282199
COHFACE_s32_session0_lamp,0,48,1.6,2.3074238300323486,0.8768086331321784
COHFACE_s32_session0_lamp,0,49,1.6333333333333333,2.1343212127685547,1.1719715998676523
COHFACE_s32_session0_lamp,0,50,1.6666666666666667,1.975935935974121,1.3711230124462177
COHFACE_s32_session0_lamp,0,51,1.7,1.7764872312545776,1.4795397763290925
COHFACE_s32_session0_lamp,0,52,1.7333333333333334,1.5404229164123535,1.5109879232546428
COHFACE_s32_session0_lamp,0,53,1.7666666666666666,1.2701672315597534,1.4822875319765678
COHFACE_s32_session0_lamp,0,54,1.8,1.0179800987243652,1.4085985520693618
COHFACE_s32_session0_lamp,0,55,1.8333333333333333,0.7740705609321594,1.2999129582021596
COHFACE_s32_session0_lamp,0,56,1.8666666666666667,0.5256207585334778,1.1596117268565287
COHFACE_s32_session0_lamp,0,57,1.9,0.30672913789749146,0.9859592813099867
COHFACE_s32_session0_lamp,0,58,1.9333333333333333,0.11609853804111481,0.7762138874358367
COHFACE_s32_session0_lamp,0,59,1.9666666666666666,-0.07119632512331009,0.5314451552272801
COHFACE_s32_session0_lamp,0,60,2.0,-0.25969576835632324,0.2595541149823939
COHFACE_s32_session0_lamp,0,61,2.033333333333333,-0.43755483627319336,-0.025016076849535974
COHFACE_s32_session0_lamp,0,62,2.066666666666667,-0.6021945476531982,-0.3043710575415841
COHFACE_s32_session0_lamp,0,63,2.1,-0.7664481997489929,-0.561153455016351
COHFACE_s32_session0_lamp,0,64,2.1333333333333333,-0.9215440154075623,-0.7818249406253079
COHFACE_s32_session0_lamp,0,65,2.1666666666666665,-1.0622776746749878,-0.9587099606637955
COHFACE_s32_session0_lamp,0,66,2.2,-1.1760475635528564,-1.0907751540062862
COHFACE_s32_session0_lamp,0,67,2.2333333333333334,-1.2760422229766846,-1.1830388319025145
COHFACE_s32_session0_lamp,0,68,2.2666666666666666,-1.3659987449645996,-1.244475105148739
COHFACE_s32_session0_lamp,0,69,2.3,-1.4657925367355347,-1.2846429925738607
COHFACE_s32_session0_lamp,0,70,2.3333333333333335,-1.508894443511963,-1.3099157290579866
COHFACE_s32_session0_lamp,0,71,2.3666666666666667,-1.3213988542556763,-1.3205627610173725
COHFACE_s32_session0_lamp,0,72,2.4,-0.7497232556343079,-1.309664310105678
COHFACE_s32_session0_lamp,0,73,2.433333333333333,-0.00636586407199502,-1.264237973056983
COHFACE_s32_session0_lamp,0,74,2.466666666666667,0.6341090798377991,-1.168462083023949
COHFACE_s32_session0_lamp,0,75,2.5,1.1357498168945312,-1.0084230463581048
COHFACE_s32_session0_lamp,0,76,2.533333333333333,1.5034828186035156,-0.7772574084396233
COHFACE_s32_session0_lamp,0,77,2.566666666666667,1.708429217338562,-0.47916536794736947
COHFACE_s32_session0_lamp,0,78,2.6,1.7046301364898682,-0.13088200054725155
COHFACE_s32_session0_lamp,0,79,2.6333333333333333,1.5333962440490723,0.24015647951329264
COHFACE_s32_session0_lamp,0,80,2.6666666666666665,1.3389819860458374,0.6007145243653768
COHFACE_s32_session0_lamp,0,81,2.7,1.2089505195617676,0.9184343386073396
COHFACE_s32_session0_lamp,0,82,2.7333333333333334,1.070224404335022,1.1682699794503792
COHFACE_s32_session0_lamp,0,83,2.7666666666666666,0.8835009336471558,1.3366959447418734
COHFACE_s32_session0_lamp,0,84,2.8,0.6674972176551819,1.4226121210259735
COHFACE_s32_session0_lamp,0,85,2.8333333333333335,0.42435982823371887,1.435139184321412
COHFACE_s32_session0_lamp,0,86,2.8666666666666667,0.18792475759983063,1.3894786594596018
COHFACE_s32_session0_lamp,0,87,2.9,-0.028279734775424004,1.3023706093899037
COHFACE_s32_session0_lamp,0,88,2.933333333333333,-0.2303537130355835,1.1884324480187278
COHFACE_s32_session0_lamp,0,89,2.966666666666667,-0.41710805892944336,1.0580597235862268
COHFACE_s32_session0_lamp,0,90,3.0,-0.5844658017158508,0.9169572487436709
COHFACE_s32_session0_lamp,0,91,3.033333333333333,-0.7346970438957214,0.7670208235414958
COHFACE_s32_session0_lamp,0,92,3.066666666666667,-0.8860710859298706,0.6082060373611075
COHFACE_s32_session0_lamp,0,93,3.1,-1.033398985862732,0.4408413254698509
COHFACE_s32_session0_lamp,0,94,3.1333333333333333,-1.1785494089126587,0.26742891847954553
COHFACE_s32_session0_lamp,0,95,3.1666666666666665,-1.3131521940231323,0.09288438781217107
COHFACE_s32_session0_lamp,0,96,3.2,-1.431045413017273,-0.07711505738997151
COHFACE_s32_session0_lamp,0,97,3.2333333333333334,-1.54668390750885,-0.2388035040635022
COHFACE_s32_session0_lamp,0,98,3.2666666666666666,-1.6425551176071167,-0.3922994164734008
COHFACE_s32_session0_lamp,0,99,3.3,-1.7205122709274292,-0.5414429050420049
COHFACE_s32_session0_lamp,0,100,3.3333333333333335,-1.790578007698059,-0.6914880202061725
COHFACE_s32_session0_lamp,0,101,3.3666666666666667,-1.8638404607772827,-0.8459825645031284
COHFACE_s32_session0_lamp,0,102,3.4,-1.939280390739441,-1.0043008178196777
COHFACE_s32_session0_lamp,0,103,3.433333333333333,-1.9892390966415405,-1.1604880722616553
COHFACE_s32_session0_lamp,0,104,3.466666666666667,-1.897599220275879,-1.3032442188744429
COHFACE_s32_session0_lamp,0,105,3.5,-1.472834587097168,-1.416589946234545
COHFACE_s32_session0_lamp,0,106,3.533333333333333,-0.8596323132514954,-1.4810847692565665
COHFACE_s32_session0_lamp,0,107,3.566666666666667,-0.3329581916332245,-1.4759944489403543
COHFACE_s32_session0_lamp,0,108,3.6,0.0509437695145607,-1.3829355831146875
COHFACE_s32_session0_lamp,0,109,3.6333333333333333,0.348858118057251,-1.1908172631028926
COHFACE_s32_session0_lamp,0,110,3.6666666666666665,0.5481368899345398,-0.900606166167122
COHFACE_s32_session0_lamp,0,111,3.7,0.5915167927742004,-0.5277594568880136
COHFACE_s32_session0_lamp,0,112,3.7333333333333334,0.49345260858535767,-0.1009670967064588
COHFACE_s32_session0_lamp,0,113,3.7666666666666666,0.3880683481693268,0.3425104451913447
COHFACE_s32_session0_lamp,0,114,3.8,0.32243484258651733,0.7633216957948901
COHFACE_s32_session0_lamp,0,115,3.8333333333333335,0.255720317363739,1.126379552028533
COHFACE_s32_session0_lamp,0,116,3.8666666666666667,0.15507711470127106,1.4056638514532114
COHFACE_s32_session0_lamp,0,117,3.9,0.004011951386928558,1.5868137791091363
COHFACE_s32_session0_lamp,0,118,3.933333333333333,-0.16299057006835938,1.667346952444124
COHFACE_s32_session0_lamp,0,119,3.966666666666667,-0.32000136375427246,1.6546221853422443
COHFACE_s32_session0_lamp,0,120,4.0,-0.4864788353443146,1.5620442943037998
COHFACE_s32_session0_lamp,0,121,4.033333333333333,-0.646670937538147,1.4045994684300966
COHFACE_s32_session0_lamp,0,122,4.066666666666666,-0.7832967042922974,1.1953296178098258
COHFACE_s32_session0_lamp,0,123,4.1,-0.9063634276390076,0.944144972510948
COHFACE_s32_session0_lamp,0,124,4.133333333333334,-1.0241022109985352,0.659192039411465
COHFACE_s32_session0_lamp,0,125,4.166666666666667,-1.14134681224823,0.34966731791746447
COHFACE_s32_session0_lamp,0,126,4.2,-1.26008939743042,0.028433076956999044
COHFACE_s32_session0_lamp,0,127,4.233333333333333,-1.3706470727920532,-0.2869092816613672
COHFACE_s32_session0_lamp,0,128,4.266666666666667,-1.4789501428604126,-0.5751363131680316
COHFACE_s32_session0_lamp,0,129,4.3,-1.581477403640747,-0.8145982544948681
COHFACE_s32_session0_lamp,0,130,4.333333333333333,-1.6776883602142334,-0.987721197984884
COHFACE_s32_session0_lamp,0,131,4.366666666666666,-1.7669962644577026,-1.0855060359134119
COHFACE_s32_session0_lamp,0,132,4.4,-1.8569527864456177,-1.1104060139830867
COHFACE_s32_session0_lamp,0,133,4.433333333333334,-1.9385391473770142,-1.0762357603871266
COHFACE_s32_session0_lamp,0,134,4.466666666666667,-2.0104734897613525,-1.0047583509178184
COHFACE_s32_session0_lamp,0,135,4.5,-2.0762767791748047,-0.919839808703218
COHFACE_s32_session0_lamp,0,136,4.533333333333333,-2.150033473968506,-0.8409204031390136
COHFACE_s32_session0_lamp,0,137,4.566666666666666,-2.123872756958008,-0.7777540036788887
COHFACE_s32_session0_lamp,0,138,4.6,-1.8103452920913696,-0.7279435720233667
COHFACE_s32_session0_lamp,0,139,4.633333333333334,-1.315638542175293,-0.6779587769097672
COHFACE_s32_session0_lamp,0,140,4.666666666666667,-0.9215131402015686,-0.6073660672646581
COHFACE_s32_session0_lamp,0,141,4.7,-0.6577128171920776,-0.4952614324959993
COHFACE_s32_session0_lamp,0,142,4.733333333333333,-0.4390219449996948,-0.3274565112053949
COHFACE_s32_session0_lamp,0,143,4.766666666666667,-0.2942730486392975,-0.10250844921076442
COHFACE_s32_session0_lamp,0,144,4.8,-0.25890815258026123,0.16572762569538188
COHFACE_s32_session0_lamp,0,145,4.833333333333333,-0.3086506426334381,0.45066336000056334
COHFACE_s32_session0_lamp,0,146,4.866666666666666,-0.3519224226474762,0.7200659114706581
COHFACE_s32_session0_lamp,0,147,4.9,-0.3655587434768677,0.9447922620303543
COHFACE_s32_session0_lamp,0,148,4.933333333333334,-0.38521790504455566,1.1056842881361897
COHFACE_s32_session0_lamp,0,149,4.966666666666667,-0.44226500391960144,1.1963260193512106
COHFACE_s32_session0_lamp,0,150,5.0,-0.5416109561920166,1.2213973748025944
COHFACE_s32_session0_lamp,0,151,5.033333333333333,-0.653018057346344,1.1921492065956905
COHFACE_s32_session0_lamp,0,152,5.066666666666666,-0.7671740055084229,1.1212996143552951
COHFACE_s32_session0_lamp,0,153,5.1,-0.8780097365379333,1.0192682071346906
COHFACE_s32_session0_lamp,0,154,5.133333333333334,-0.9993313550949097,0.8925555551716803
COHFACE_s32_session0_lamp,0,155,5.166666666666667,-1.1338568925857544,0.7440173861013414
COHFACE_s32_session0_lamp,0,156,5.2,-1.2387315034866333,0.5743319726511841
COHFACE_s32_session0_lamp,0,157,5.233333333333333,-1.3330738544464111,0.3839950196569983
COHFACE_s32_session0_lamp,0,158,5.266666666666667,-1.4362651109695435,0.17530497348772708
COHFACE_s32_session0_lamp,0,159,5.3,-1.5417729616165161,-0.04615337074768741
COHFACE_s32_session0_lamp,0,160,5.333333333333333,-1.6366866827011108,-0.27101165897537327
COHFACE_s32_session0_lamp,0,161,5.366666666666666,-1.733747124671936,-0.48696046291776873
COHFACE_s32_session0_lamp,0,162,5.4,-1.8248463869094849,-0.6809095411420403
COHFACE_s32_session0_lamp,0,163,5.433333333333334,-1.8907270431518555,-0.8418967893701695
COHFACE_s32_session0_lamp,0,164,5.466666666666667,-1.9495655298233032,-0.9636998797757848
COHFACE_s32_session0_lamp,0,165,5.5,-2.0123419761657715,-1.046016280108187
COHFACE_s32_session0_lamp,0,166,5.533333333333333,-2.078392505645752,-1.093557980256264
COHFACE_s32_session0_lamp,0,167,5.566666666666666,-2.143022298812866,-1.113313053572851
COHFACE_s32_session0_lamp,0,168,5.6,-2.20062518119812,-1.1111175231786767
COHFACE_s32_session0_lamp,0,169,5.633333333333334,-2.192749261856079,-1.0889607655718714
COHFACE_s32_session0_lamp,0,170,5.666666666666667,-1.9572099447250366,-1.043890703524012
COHFACE_s32_session0_lamp,0,171,5.7,-1.5625286102294922,-0.9685390347403768
COHFACE_s32_session0_lamp,0,172,5.733333333333333,-1.2785903215408325,-0.8528355784498919
COHFACE_s32_session0_lamp,0,173,5.766666666666667,-1.1304748058319092,-0.6865697092297114
COHFACE_s32_session0_lamp,0,174,5.8,-1.0362714529037476,-0.4627200825677666
COHFACE_s32_session0_lamp,0,175,5.833333333333333,-0.9682287573814392,-0.18127565663064482
COHFACE_s32_session0_lamp,0,176,5.866666666666666,-0.9606615900993347,0.1475329658597179
COHFACE_s32_session0_lamp,0,177,5.9,-1.0146818161010742,0.5021881784619115
COHFACE_s32_session0_lamp,0,178,5.933333333333334,-1.0415066480636597,0.8520338077986919
COHFACE_s32_session0_lamp,0,179,5.966666666666667,-1.015021562576294,1.162308392299785
COHFACE_s32_session0_lamp,0,180,6.0,-0.9861428737640381,1.4006134538405532
COHFACE_s32_session0_lamp,0,181,6.033333333333333,-1.0003042221069336,1.5429717930576987
COHFACE_s32_session0_lamp,0,182,6.066666666666666,-1.057814598083496,1.5780067258467505
COHFACE_s32_session0_lamp,0,183,6.1,-1.1310153007507324,1.5083944706441486
COHFACE_s32_session0_lamp,0,184,6.133333333333334,-1.2045093774795532,1.3492061175165908
COHFACE_s32_session0_lamp,0,185,6.166666666666667,-1.272768259048462,1.1233588824939722
COHFACE_s32_session0_lamp,0,186,6.2,-1.3428339958190918,0.8554053437138088
COHFACE_s32_session0_lamp,0,187,6.233333333333333,-1.4051316976547241,0.5658124383477053
COHFACE_s32_session0_lamp,0,188,6.266666666666667,-1.463491439819336,0.26796530589037565
COHFACE_s32_session0_lamp,0,189,6.3,-1.5125854015350342,-0.03099126715980314
COHFACE_s32_session0_lamp,0,190,6.333333333333333,-1.5703582763671875,-0.32630667387307366
COHFACE_s32_session0_lamp,0,191,6.366666666666666,-1.6251815557479858,-0.6111460552635117
COHFACE_s32_session0_lamp,0,192,6.4,-1.6785377264022827,-0.8739206156831936
COHFACE_s32_session0_lamp,0,193,6.433333333333334,-1.7376388311386108,-1.0985340022959584
COHFACE_s32_session0_lamp,0,194,6.466666666666667,-1.7813584804534912,-1.266874652949716
COHFACE_s32_session0_lamp,0,195,6.5,-1.8223909139633179,-1.3619510267823853
COHFACE_s32_session0_lamp,0,196,6.533333333333333,-1.8637632131576538,-1.3705707293235487
COHFACE_s32_session0_lamp,0,197,6.566666666666666,-1.8939392566680908,-1.2855564870885499
COHFACE_s32_session0_lamp,0,198,6.6,-1.9245012998580933,-1.1079446146952279
COHFACE_s32_session0_lamp,0,199,6.633333333333334,-1.924377679824829,-0.84901836539309
COHFACE_s32_session0_lamp,0,200,6.666666666666667,-1.70965576171875,-0.5309620211088303
COHFACE_s32_session0_lamp,0,201,6.7,-1.298125982284546,-0.1846825488655376
COHFACE_s32_session0_lamp,0,202,6.733333333333333,-0.9975244998931885,0.15537599713124964
COHFACE_s32_session0_lamp,0,203,6.766666666666667,-0.8866424560546875,0.45783152525034965
COHFACE_s32_session0_lamp,0,204,6.8,-0.8305219411849976,0.699969352015254
COHFACE_s32_session0_lamp,0,205,6.833333333333333,-0.7919449210166931,0.8704834865387644
COHFACE_s32_session0_lamp,0,206,6.866666666666666,-0.7984464764595032,0.9688802438457691
COHFACE_s32_session0_lamp,0,207,6.9,-0.8544279932975769,1.002440403645282
COHFACE_s32_session0_lamp,0,208,6.933333333333334,-0.8881713151931763,0.9822672719445166
COHFACE_s32_session0_lamp,0,209,6.966666666666667,-0.8548604249954224,0.9197875120445894
COHFACE_s32_session0_lamp,0,210,7.0,-0.8193565607070923,0.8244817086997827
COHFACE_s32_session0_lamp,0,211,7.033333333333333,-0.8034809231758118,0.7030054976741634
COHFACE_s32_session0_lamp,0,212,7.066666666666666,-0.8287923336029053,0.5594783265841213
COHFACE_s32_session0_lamp,0,213,7.1,-0.8837082386016846,0.3965775949548231
COHFACE_s32_session0_lamp,0,214,7.133333333333334,-0.933836817741394,0.21704079120545294
COHFACE_s32_session0_lamp,0,215,7.166666666666667,-0.9813554883003235,0.02510394616275732
COHFACE_s32_session0_lamp,0,216,7.2,-1.021723985671997,-0.17267690567729807
COHFACE_s32_session0_lamp,0,217,7.233333333333333,-1.0596678256988525,-0.3675688748311351
COHFACE_s32_session0_lamp,0,218,7.266666666666667,-1.0951253175735474,-0.5495277728904584
COHFACE_s32_session0_lamp,0,219,7.3,-1.1194792985916138,-0.7080591706927368
COHFACE_s32_session0_lamp,0,220,7.333333333333333,-1.1505354642868042,-0.8325026423600114
COHFACE_s32_session0_lamp,0,221,7.366666666666666,-1.194610357284546,-0.9119631564618688
COHFACE_s32_session0_lamp,0,222,7.4,-1.2291876077651978,-0.9359488990538648
COHFACE_s32_session0_lamp,0,223,7.433333333333334,-1.2534642219543457,-0.8966201777964801
COHFACE_s32_session0_lamp,0,224,7.466666666666667,-1.2823275327682495,-0.7921287869542025
COHFACE_s32_session0_lamp,0,225,7.5,-1.310912847518921,-0.6291832789219117
COHFACE_s32_session0_lamp,0,226,7.533333333333333,-1.344038486480713,-0.42310369179400675
COHFACE_s32_session0_lamp,0,227,7.566666666666666,-1.36548912525177,-0.19503315445855615
COHFACE_s32_session0_lamp,0,228,7.6,-1.3622922897338867,0.032469589674178664
COHFACE_s32_session0_lamp,0,229,7.633333333333334,-1.2054977416992188,0.23956101087718842
COHFACE_s32_session0_lamp,0,230,7.666666666666667,-0.7983537912368774,0.4116341728106817
COHFACE_s32_session0_lamp,0,231,7.7,-0.4247215688228607,0.540021995227055
COHFACE_s32_session0_lamp,0,232,7.733333333333333,-0.2632322311401367,0.6214532989420778
COHFACE_s32_session0_lamp,0,233,7.766666666666667,-0.19914305210113525,0.6569786778963799
COHFACE_s32_session0_lamp,0,234,7.8,-0.16166245937347412,0.6508000481393851
COHFACE_s32_session0_lamp,0,235,7.833333333333333,-0.15676698088645935,0.6091043057779337
COHFACE_s32_session0_lamp,0,236,7.866666666666666,-0.20755958557128906,0.5389034896809671
COHFACE_s32_session0_lamp,0,237,7.9,-0.2695176303386688,0.44700151824966927
COHFACE_s32_session0_lamp,0,238,7.933333333333334,-0.2673092484474182,0.33934232542659865
COHFACE_s32_session0_lamp,0,239,7.966666666666667,-0.2386930286884308,0.22096780316399994
COHFACE_s32_session0_lamp,1,0,1.0,0.24575945734977722,-0.1049601635342077
COHFACE_s32_session0_lamp,1,1,1.0333333333333334,0.08692637830972672,-0.3305408205823027
COHFACE_s32_session0_lamp,1,2,1.0666666666666667,-0.05516630783677101,-0.553810218528173
COHFACE_s32_session0_lamp,1,3,1.1,-0.16597111523151398,-0.7731836779605267
COHFACE_s32_session0_lamp,1,4,1.1333333333333333,-0.27683767676353455,-0.987980307562645
COHFACE_s32_session0_lamp,1,5,1.1666666666666667,-0.39335647225379944,-1.1980550276691282
COHFACE_s32_session0_lamp,1,6,1.2,-0.5058445930480957,-1.4019149478355708
COHFACE_s32_session0_lamp,1,7,1.2333333333333334,-0.6200932264328003,-1.5938769461900417
COHFACE_s32_session0_lamp,1,8,1.2666666666666666,-0.699316680431366,-1.7615450598846678
COHFACE_s32_session0_lamp,1,9,1.3,-0.5538419485092163,-1.8848674062628212
COHFACE_s32_session0_lamp,1,10,1.3333333333333333,-0.011832749471068382,-1.9377433477829227
COHFACE_s32_session0_lamp,1,11,1.3666666666666667,0.7508131861686707,-1.8926998283875045
COHFACE_s32_session0_lamp,1,12,1.4,1.4507442712783813,-1.7283436565912906
COHFACE_s32_session0_lamp,1,13,1.4333333333333333,1.9990853071212769,-1.4378620984652213
COHFACE_s32_session0_lamp,1,14,1.4666666666666666,2.4036037921905518,-1.035233045461327
COHFACE_s32_session0_lamp,1,15,1.5,2.6680991649627686,-0.5556293319311515
COHFACE_s32_session0_lamp,1,16,1.5333333333333334,2.7070159912109375,-0.04874461723738119
COHFACE_s32_session0_lamp,1,17,1.5666666666666667,2.529141426086426,0.43283394708365147
COHFACE_s32_session0_lamp,1,18,1.6,2.3074238300323486,0.8457083778225546
COHFACE_s32_session0_lamp,1,19,1.6333333333333333,2.1343212127685547,1.1637628518211385
COHFACE_s32_session0_lamp,1,20,1.6666666666666667,1.975935935974121,1.3801942850320255
COHFACE_s32_session0_lamp,1,21,1.7,1.7764872312545776,1.5042861528656628
COHFACE_s32_session0_lamp,1,22,1.7333333333333334,1.5404229164123535,1.5552673446743495
COHFACE_s32_session0_lamp,1,23,1.7666666666666666,1.2701672315597534,1.555535400394772
COHFACE_s32_session0_lamp,1,24,1.8,1.0179800987243652,1.524677209251437
COHFACE_s32_session0_lamp,1,25,1.8333333333333333,0.7740705609321594,1.4750625205811545
COHFACE_s32_session0_lamp,1,26,1.8666666666666667,0.5256207585334778,1.4097217963407924
COHFACE_s32_session0_lamp,1,27,1.9,0.30672913789749146,1.3231528281843103
COHFACE_s32_session0_lamp,1,28,1.9333333333333333,0.11609853804111481,1.204980254992168
COHFACE_s32_session0_lamp,1,29,1.9666666666666666,-0.07119632512331009,1.0452986173252687
COHFACE_s32_session0_lamp,1,30,2.0,-0.25969576835632324,0.8397737215391248
COHFACE_s32_session0_lamp,1,31,2.033333333333333,-0.43755483627319336,0.5926113804271308
COHFACE_s32_session0_lamp,1,32,2.066666666666667,-0.6021945476531982,0.3163666396118406
COHFACE_s32_session0_lamp,1,33,2.1,-0.7664481997489929,0.028860438446690822
COHFACE_s32_session0_lamp,1,34,2.1333333333333333,-0.9215440154075623,-0.25141144118032027
COHFACE_s32_session0_lamp,1,35,2.1666666666666665,-1.0622776746749878,-0.5095685093811546
COHFACE_s32_session0_lamp,1,36,2.2,-1.1760475635528564,-0.7369414361971289
COHFACE_s32_session0_lamp,1,37,2.2333333333333334,-1.2760422229766846,-0.9314404043905509
COHFACE_s32_session0_lamp,1,38,2.2666666666666666,-1.3659987449645996,-1.0959285078255756
COHFACE_s32_session0_lamp,1,39,2.3,-1.4657925367355347,-1.2352386488221814
COHFACE_s32_session0_lamp,1,40,2.3333333333333335,-1.508894443511963,-1.352567476650501
COHFACE_s32_session0_lamp,1,41,2.3666666666666667,-1.3213988542556763,-1.446040507884366
COHFACE_s32_session0_lamp,1,42,2.4,-0.7497232556343079,-1.506448229111379
COHFACE_s32_session0_lamp,1,43,2.433333333333333,-0.00636586407199502,-1.5173212231389712
COHFACE_s32_session0_lamp,1,44,2.466666666666667,0.6341090798377991,-1.458245673936938
COHFACE_s32_session0_lamp,1,45,2.5,1.1357498168945312,-1.311276229606296
COHFACE_s32_session0_lamp,1,46,2.533333333333333,1.5034828186035156,-1.0686708799385687
COHFACE_s32_session0_lamp,1,47,2.566666666666667,1.708429217338562,-0.7389536363323997
COHFACE_s32_session0_lamp,1,48,2.6,1.7046301364898682,-0.34847889992809505
COHFACE_s32_session0_lamp,1,49,2.6333333333333333,1.5333962440490723,0.06270452284925361
COHFACE_s32_session0_lamp,1,50,2.6666666666666665,1.3389819860458374,0.4495552461824891
COHFACE_s32_session0_lamp,1,51,2.7,1.2089505195617676,0.7723201303475216
COHFACE_s32_session0_lamp,1,52,2.7333333333333334,1.070224404335022,1.0049723379590527
COHFACE_s32_session0_lamp,1,53,2.7666666666666666,0.8835009336471558,1.1394040007909498
COHFACE_s32_session0_lamp,1,54,2.8,0.6674972176551819,1.1847635019509954
COHFACE_s32_session0_lamp,1,55,2.8333333333333335,0.42435982823371887,1.1628879601246624
COHFACE_s32_session0_lamp,1,56,2.8666666666666667,0.18792475759983063,1.101477842229364
COHFACE_s32_session0_lamp,1,57,2.9,-0.028279734775424004,1.0267543105905699
COHFACE_s32_session0_lamp,1,58,2.933333333333333,-0.2303537130355835,0.9572963061139688
COHFACE_s32_session0_lamp,1,59,2.966666666666667,-0.41710805892944336,0.9005148584974825
COHFACE_s32_session0_lamp,1,60,3.0,-0.5844658017158508,0.8525693012188033
COHFACE_s32_session0_lamp,1,61,3.033333333333333,-0.7346970438957214,0.8015666015349759
COHFACE_s32_session0_lamp,1,62,3.066666666666667,-0.8860710859298706,0.7329035784648003
COHFACE_s32_session0_lamp,1,63,3.1,-1.033398985862732,0.6349009702413853
COHFACE_s32_session0_lamp,1,64,3.1333333333333333,-1.1785494089126587,0.5027250815974783
COHFACE_s32_session0_lamp,1,65,3.1666666666666665,-1.3131521940231323,0.33925241301992787
COHFACE_s32_session0_lamp,1,66,3.2,-1.431045413017273,0.15290402828992428
COHFACE_s32_session0_lamp,1,67,3.2333333333333334,-1.54668390750885,-0.046127975412574
COHFACE_s32_session0_lamp,1,68,3.2666666666666666,-1.6425551176071167,-0.249225065280441
COHFACE_s32_session0_lamp,1,69,3.3,-1.7205122709274292,-0.45078323424634015
COHFACE_s32_session0_lamp,1,70,3.3333333333333335,-1.790578007698059,-0.6476737559479924
COHFACE_s32_session0_lamp,1,71,3.3666666666666667,-1.8638404607772827,-0.8377382191950546
COHFACE_s32_session0_lamp,1,72,3.4,-1.939280390739441,-1.0182892758475472
COHFACE_s32_session0_lamp,1,73,3.433333333333333,-1.9892390966415405,-1.1848824602233246
COHFACE_s32_session0_lamp,1,74,3.466666666666667,-1.897599220275879,-1.3301710989707078
COHFACE_s32_session0_lamp,1,75,3.5,-1.472834587097168,-1.4427998412816867
COHFACE_s32_session0_lamp,1,76,3.533333333333333,-0.8596323132514954,-1.5068459059669883
COHFACE_s32_session0_lamp,1,77,3.566666666666667,-0.3329581916332245,-1.5028232023933503
COHFACE_s32_session0_lamp,1,78,3.6,0.0509437695145607,-1.4111889149037404
COHFACE_s32_session0_lamp,1,79,3.6333333333333333,0.348858118057251,-1.2182661520481188
COHFACE_s32_session0_lamp,1,80,3.6666666666666665,0.5481368899345398,-0.9228093889118725
COHFACE_s32_session0_lamp,1,81,3.7,0.5915167927742004,-0.5402849176813694
COHFACE_s32_session0_lamp,1,82,3.7333333333333334,0.49345260858535767,-0.10238087653872395
COHFACE_s32_session0_lamp,1,83,3.7666666666666666,0.3880683481693268,0.3487917553716379
COHFACE_s32_session0_lamp,1,84,3.8,0.32243484258651733,0.7699036937757362
COHFACE_s32_session0_lamp,1,85,3.8333333333333335,0.255720317363739,1.1255427989287383
COHFACE_s32_session0_lamp,1,86,3.8666666666666667,0.15507711470127106,1.3940085803346067
COHFACE_s32_session0_lamp,1,87,3.9,0.004011951386928558,1.5682356479973931
COHFACE_s32_session0_lamp,1,88,3.933333333333333,-0.16299057006835938,1.6525529482028694
COHFACE_s32_session0_lamp,1,89,3.966666666666667,-0.32000136375427246,1.6574478269381272
COHFACE_s32_session0_lamp,1,90,4.0,-0.4864788353443146,1.5945464923762802
COHFACE_s32_session0_lamp,1,91,4.033333333333333,-0.646670937538147,1.4732275627653564
COHFACE_s32_session0_lamp,1,92,4.066666666666666,-0.7832967042922974,1.2995022701065084
COHFACE_s32_session0_lamp,1,93,4.1,-0.9063634276390076,1.0771346613935249
COHFACE_s32_session0_lamp,1,94,4.133333333333334,-1.0241022109985352,0.8102986001252239
COHFACE_s32_session0_lamp,1,95,4.166666666666667,-1.14134681224823,0.5065973560129667
COHFACE_s32_session0_lamp,1,96,4.2,-1.26008939743042,0.17925563657323237
COHFACE_s32_session0_lamp,1,97,4.233333333333333,-1.3706470727920532,-0.15236190276201564
COHFACE_s32_session0_lamp,1,98,4.266666666666667,-1.4789501428604126,-0.4642807423991269
COHFACE_s32_session0_lamp,1,99,4.3,-1.581477403640747,-0.7314076951273969
COHFACE_s32_session0_lamp,1,100,4.333333333333333,-1.6776883602142334,-0.9324364148386293
COHFACE_s32_session0_lamp,1,101,4.366666666666666,-1.7669962644577026,-1.0550522641341984
COHFACE_s32_session0_lamp,1,102,4.4,-1.8569527864456177,-1.0997544024556003
COHFACE_s32_session0_lamp,1,103,4.433333333333334,-1.9385391473770142,-1.0805975189712458
COHFACE_s32_session0_lamp,1,104,4.466666666666667,-2.0104734897613525,-1.0220518863696701
COHFACE_s32_session0_lamp,1,105,4.5,-2.0762767791748047,-0.9525616106851443
COHFACE_s32_session0_lamp,1,106,4.533333333333333,-2.150033473968506,-0.8965417174600895
COHFACE_s32_session0_lamp,1,107,4.566666666666666,-2.123872756958008,-0.8671135417940619
COHFACE_s32_session0_lamp,1,108,4.6,-1.8103452920913696,-0.8617549427171811
COHFACE_s32_session0_lamp,1,109,4.633333333333334,-1.315638542175293,-0.8623481476039907
COHFACE_s32_session0_lamp,1,110,4.666666666666667,-0.9215131402015686,-0.8400185354928248
COHFACE_s32_session0_lamp,1,111,4.7,-0.6577128171920776,-0.763820450798202
COHFACE_s32_session0_lamp,1,112,4.733333333333333,-0.4390219449996948,-0.6109745728750215
COHFACE_s32_session0_lamp,1,113,4.766666666666667,-0.2942730486392975,-0.3754081460898488
COHFACE_s32_session0_lamp,1,114,4.8,-0.25890815258026123,-0.0713660617881913
COHFACE_s32_session0_lamp,1,115,4.833333333333333,-0.3086506426334381,0.2695800281116018
COHFACE_s32_session0_lamp,1,116,4.866666666666666,-0.3519224226474762,0.6069880386005945
COHFACE_s32_session0_lamp,1,117,4.9,-0.3655587434768677,0.9020108365370002
COHFACE_s32_session0_lamp,1,118,4.933333333333334,-0.38521790504455566,1.126101801611003
COHFACE_s32_session0_lamp,1,119,4.966666666666667,-0.44226500391960144,1.2655751709287184
COHFACE_s32_session0_lamp,1,120,5.0,-0.5416109561920166,1.3215139499349742
COHFACE_s32_session0_lamp,1,121,5.033333333333333,-0.653018057346344,1.306017441588621
COHFACE_s32_session0_lamp,1,122,5.066666666666666,-0.7671740055084229,1.2365321465473456
COHFACE_s32_session0_lamp,1,123,5.1,-0.8780097365379333,1.1300952163036093
COHFACE_s32_session0_lamp,1,124,5.133333333333334,-0.9993313550949097,0.9990066029958569
COHFACE_s32_session0_lamp,1,125,5.166666666666667,-1.1338568925857544,0.8489032921448569
COHFACE_s32_session0_lamp,1,126,5.2,-1.2387315034866333,0.6795170861381887
COHFACE_s32_session0_lamp,1,127,5.233333333333333,-1.3330738544464111,0.4876378469331272
COHFACE_s32_session0_lamp,1,128,5.266666666666667,-1.4362651109695435,0.27112773293577713
COHFACE_s32_session0_lamp,1,129,5.3,-1.5417729616165161,0.03249938301153853
COHFACE_s32_session0_lamp,1,130,5.333333333333333,-1.6366866827011108,-0.21923166458251214
COHFACE_s32_session0_lamp,1,131,5.366666666666666,-1.733747124671936,-0.4690567847823315
COHFACE_s32_session0_lamp,1,132,5.4,-1.8248463869094849,-0.6986462462448849
COHFACE_s32_session0_lamp,1,133,5.433333333333334,-1.8907270431518555,-0.8903212050058686
COHFACE_s32_session0_lamp,1,134,5.466666666666667,-1.9495655298233032,-1.0311685268804986
COHFACE_s32_session0_lamp,1,135,5.5,-2.0123419761657715,-1.1160592457825727
COHFACE_s32_session0_lamp,1,136,5.533333333333333,-2.078392505645752,-1.1483920845173885
COHFACE_s32_session0_lamp,1,137,5.566666666666666,-2.143022298812866,-1.137958190960135
COHFACE_s32_session0_lamp,1,138,5.6,-2.20062518119812,-1.0965407045835962
COHFACE_s32_session0_lamp,1,139,5.633333333333334,-2.192749261856079,-1.032994132597841
COHFACE_s32_session0_lamp,1,140,5.666666666666667,-1.9572099447250366,-0.9497878340709511
COHFACE_s32_session0_lamp,1,141,5.7,-1.5625286102294922,-0.8422953842963937
COHFACE_s32_session0_lamp,1,142,5.733333333333333,-1.2785903215408325,-0.7009616048085329
COHFACE_s32_session0_lamp,1,143,5.766666666666667,-1.1304748058319092,-0.5155263116721926
COHFACE_s32_session0_lamp,1,144,5.8,-1.0362714529037476,-0.28006510112616334
COHFACE_s32_session0_lamp,1,145,5.833333333333333,-0.9682287573814392,0.0025631874586230265
COHFACE_s32_session0_lamp,1,146,5.866666666666666,-0.9606615900993347,0.31840286261807926
COHFACE_s32_session0_lamp,1,147,5.9,-1.0146818161010742,0.6433533992997554
COHFACE_s32_session0_lamp,1,148,5.933333333333334,-1.0415066480636597,0.9472749421888936
COHFACE_s32_session0_lamp,1,149,5.966666666666667,-1.015021562576294,1.199826219035563
COHFACE_s32_session0_lamp,1,150,6.0,-0.9861428737640381,1.3761436677300618
COHFACE_s32_session0_lamp,1,151,6.033333333333333,-1.0003042221069336,1.4608791800294494
COHFACE_s32_session0_lamp,1,152,6.066666666666666,-1.057814598083496,1.4499175355024814
COHFACE_s32_session0_lamp,1,153,6.1,-1.1310153007507324,1.3498039023333008
COHFACE_s32_session0_lamp,1,154,6.133333333333334,-1.2045093774795532,1.175295289823112
COHFACE_s32_session0_lamp,1,155,6.166666666666667,-1.272768259048462,0.9456668023735896
COHFACE_s32_session0_lamp,1,156,6.2,-1.3428339958190918,0.6806614631400671
COHFACE_s32_session0_lamp,1,157,6.233333333333333,-1.4051316976547241,0.39717791548195774
COHFACE_s32_session0_lamp,1,158,6.266666666666667,-1.463491439819336,0.10768152893108122
COHFACE_s32_session0_lamp,1,159,6.3,-1.5125854015350342,-0.1792974965211165
COHFACE_s32_session0_lamp,1,160,6.333333333333333,-1.5703582763671875,-0.457187446239398
COHFACE_s32_session0_lamp,1,161,6.366666666666666,-1.6251815557479858,-0.7191603750236353
COHFACE_s32_session0_lamp,1,162,6.4,-1.6785377264022827,-0.9567048777964505
COHFACE_s32_session0_lamp,1,163,6.433333333333334,-1.7376388311386108,-1.1592754168950925
COHFACE_s32_session0_lamp,1,164,6.466666666666667,-1.7813584804534912,-1.3147062124998774
COHFACE_s32_session0_lamp,1,165,6.5,-1.8223909139633179,-1.4099810935686037
COHFACE_s32_session0_lamp,1,166,6.533333333333333,-1.8637632131576538,-1.4323057794556249
COHFACE_s32_session0_lamp,1,167,6.566666666666666,-1.8939392566680908,-1.370797557133472
COHFACE_s32_session0_lamp,1,168,6.6,-1.9245012998580933,-1.219051347855743
COHFACE_s32_session0_lamp,1,169,6.633333333333334,-1.924377679824829,-0.9783069379101539
COHFACE_s32_session0_lamp,1,170,6.666666666666667,-1.70965576171875,-0.6602183542560386
COHFACE_s32_session0_lamp,1,171,6.7,-1.298125982284546,-0.2877707116557078
COHFACE_s32_session0_lamp,1,172,6.733333333333333,-0.9975244998931885,0.1068704573724603
COHFACE_s32_session0_lamp,1,173,6.766666666666667,-0.8866424560546875,0.4876767437506748
COHFACE_s32_session0_lamp,1,174,6.8,-0.8305219411849976,0.8217335277824214
COHFACE_s32_session0_lamp,1,175,6.833333333333333,-0.7919449210166931,1.0853334606301503
COHFACE_s32_session0_lamp,1,176,6.866666666666666,-0.7984464764595032,1.266994162525692
COHFACE_s32_session0_lamp,1,177,6.9,-0.8544279932975769,1.3666360551658845
COHFACE_s32_session0_lamp,1,178,6.933333333333334,-0.8881713151931763,1.3917731475167965
COHFACE_s32_session0_lamp,1,179,6.966666666666667,-0.8548604249954224,1.3526197665117954
COHFACE_s32_session0_lamp,1,180,7.0,-0.8193565607070923,1.258128296728682
COHFACE_s32_session0_lamp,1,181,7.033333333333333,-0.8034809231758118,1.1142664382013052
COHFACE_s32_session0_lamp,1,182,7.066666666666666,-0.8287923336029053,0.9247352407290674
COHFACE_s32_session0_lamp,1,183,7.1,-0.8837082386016846,0.693281091601604
COHFACE_s32_session0_lamp,1,184,7.133333333333334,-0.933836817741394,0.4261697583940802
COHFACE_s32_session0_lamp,1,185,7.166666666666667,-0.9813554883003235,0.13354338876751723
COHFACE_s32_session0_lamp,1,186,7.2,-1.021723985671997,-0.17081436560200783
COHFACE_s32_session0_lamp,1,187,7.233333333333333,-1.0596678256988525,-0.47089515393696635
COHFACE_s32_session0_lamp,1,188,7.266666666666667,-1.0951253175735474,-0.7502423697938503
COHFACE_s32_session0_lamp,1,189,7.3,-1.1194792985916138,-0.993377621161396
COHFACE_s32_session0_lamp,1,190,7.333333333333333,-1.1505354642868042,-1.1865860988821046
COHFACE_s32_session0_lamp,1,191,7.366666666666666,-1.194610357284546,-1.3183177739873284
COHFACE_s32_session0_lamp,1,192,7.4,-1.2291876077651978,-1.3798554791424005
COHFACE_s32_session0_lamp,1,193,7.433333333333334,-1.2534642219543457,-1.3666419859426988
COHFACE_s32_session0_lamp,1,194,7.466666666666667,-1.2823275327682495,-1.2797484016951444
COHFACE_s32_session0_lamp,1,195,7.5,-1.310912847518921,-1.1264301623326036
COHFACE_s32_session0_lamp,1,196,7.533333333333333,-1.344038486480713,-0.919286119927535
COHFACE_s32_session0_lamp,1,197,7.566666666666666,-1.36548912525177,-0.6744479870139222
COHFACE_s32_session0_lamp,1,198,7.6,-1.3622922897338867,-0.4095010862628052
COHFACE_s32_session0_lamp,1,199,7.633333333333334,-1.2054977416992188,-0.14162885392808344
COHFACE_s32_session0_lamp,1,200,7.666666666666667,-0.7983537912368774,0.1137079604865747
COHFACE_s32_session0_lamp,1,201,7.7,-0.4247215688228607,0.3434557916234499
COHFACE_s32_session0_lamp,1,202,7.733333333333333,-0.2632322311401367,0.5372750508513312
COHFACE_s32_session0_lamp,1,203,7.766666666666667,-0.19914305210113525,0.6878933719687929
COHFACE_s32_session0_lamp,1,204,7.8,-0.16166245937347412,0.7916429913121134
COHFACE_s32_session0_lamp,1,205,7.833333333333333,-0.15676698088645935,0.8489429212719382
COHFACE_s32_session0_lamp,1,206,7.866666666666666,-0.20755958557128906,0.8644253197990601
COHFACE_s32_session0_lamp,1,207,7.9,-0.2695176303386688,0.8465229801695471
COHFACE_s32_session0_lamp,1,208,7.933333333333334,-0.2673092484474182,0.8063656033937155
COHFACE_s32_session0_lamp,1,209,7.966666666666667,-0.2386930286884308,0.7558455411793265
COHFACE_s32_session0_lamp,1,210,8.0,-0.23212967813014984,0.7049284348538338
COHFACE_s32_session0_lamp,1,211,8.033333333333333,-0.2602362632751465,0.6588079475243822
COHFACE_s32_session0_lamp,1,212,8.066666666666666,-0.3178856670856476,0.6160972110984493
COHFACE_s32_session0_lamp,1,213,8.1,-0.38256168365478516,0.5692449231146626
COHFACE_s32_session0_lamp,1,214,8.133333333333333,-0.4351920485496521,0.50740829833728
COHFACE_s32_session0_lamp,1,215,8.166666666666666,-0.4881003499031067,0.4207139046927431
COHFACE_s32_session0_lamp,1,216,8.2,-0.5243300795555115,0.3040988401774933
COHFACE_s32_session0_lamp,1,217,8.233333333333333,-0.5456725358963013,0.1591792151840657
COHFACE_s32_session0_lamp,1,218,8.266666666666667,-0.5747983455657959,-0.006348499204160703
COHFACE_s32_session0_lamp,1,219,8.3,-0.6130974292755127,-0.181138094784246
COHFACE_s32_session0_lamp,1,220,8.333333333333334,-0.6508714556694031,-0.35326728603719343
COHFACE_s32_session0_lamp,1,221,8.366666666666667,-0.6828851699829102,-0.5127734891347487
COHFACE_s32_session0_lamp,1,222,8.4,-0.7202113270759583,-0.6527589250889082
COHFACE_s32_session0_lamp,1,223,8.433333333333334,-0.7522404789924622,-0.7686629217548424
COHFACE_s32_session0_lamp,1,224,8.466666666666667,-0.7712047100067139,-0.8559988365796645
COHFACE_s32_session0_lamp,1,225,8.5,-0.7982766032218933,-0.9076617878441278
COHFACE_s32_session0_lamp,1,226,8.533333333333333,-0.8364212512969971,-0.9125146483523295
COHFACE_s32_session0_lamp,1,227,8.566666666666666,-0.8576247096061707,-0.8568137057264892
COHFACE_s32_session0_lamp,1,228,8.6,-0.742032527923584,-0.7288676721289927
COHFACE_s32_session0_lamp,1,229,8.633333333333333,-0.371319055557251,-0.5255577222933713
COHFACE_s32_session0_lamp,1,230,8.666666666666666,0.03187144547700882,-0.2578980686974987
COHFACE_s32_session0_lamp,1,231,8.7,0.2637816369533539,0.04730845510522692
COHFACE_s32_session0_lamp,1,232,8.733333333333333,0.36850184202194214,0.3511195871521617
COHFACE_s32_session0_lamp,1,233,8.766666666666667,0.44355568289756775,0.6104489037623724
COHFACE_s32_session0_lamp,1,234,8.8,0.4972825050354004,0.7876040570915197
COHFACE_s32_session0_lamp,1,235,8.833333333333334,0.4603424072265625,0.8581345706100331
COHFACE_s32_session0_lamp,1,236,8.866666666666667,0.36655598878860474,0.8148435777727312
COHFACE_s32_session0_lamp,1,237,8.9,0.3330906331539154,0.667624695661347
COHFACE_s32_session0_lamp,1,238,8.933333333333334,0.35719743371009827,0.44026338743157395
COHFACE_s32_session0_lamp,1,239,8.966666666666667,0.3655830919742584,0.16589625969292532
COHFACE_s32_session0_lamp,2,0,2.0,-0.25969576835632324,-0.007377683931109588
COHFACE_s32_session0_lamp,2,1,2.033333333333333,-0.43755483627319336,-0.2629751510601885
COHFACE_s32_session0_lamp,2,2,2.066666666666667,-0.6021945476531982,-0.5046787711062513
COHFACE_s32_session0_lamp,2,3,2.1,-0.7664481997489929,-0.7192428994072015
COHFACE_s32_session0_lamp,2,4,2.1333333333333333,-0.9215440154075623,-0.8985322028114392
COHFACE_s32_session0_lamp,2,5,2.1666666666666665,-1.0622776746749878,-1.0405423971798504
COHFACE_s32_session0_lamp,2,6,2.2,-1.1760475635528564,-1.148374241924294
COHFACE_s32_session0_lamp,2,7,2.2333333333333334,-1.2760422229766846,-1.2278349749005046
COHFACE_s32_session0_lamp,2,8,2.2666666666666666,-1.3659987449645996,-1.2847552719829585
COHFACE_s32_session0_lamp,2,9,2.3,-1.4657925367355347,-1.3226807592048992
COHFACE_s32_session0_lamp,2,10,2.3333333333333335,-1.508894443511963,-1.3412785347413745
COHFACE_s32_session0_lamp,2,11,2.3666666666666667,-1.3213988542556763,-1.3357857966463098
COHFACE_s32_session0_lamp,2,12,2.4,-0.7497232556343079,-1.297814226327972
COHFACE_s32_session0_lamp,2,13,2.433333333333333,-0.00636586407199502,-1.2174994557984429
COHFACE_s32_session0_lamp,2,14,2.466666666666667,0.6341090798377991,-1.086380389279271
COHFACE_s32_session0_lamp,2,15,2.5,1.1357498168945312,-0.9000798247885877
COHFACE_s32_session0_lamp,2,16,2.533333333333333,1.5034828186035156,-0.660187575317469
COHFACE_s32_session0_lamp,2,17,2.566666666666667,1.708429217338562,-0.3751750805320561
COHFACE_s32_session0_lamp,2,18,2.6,1.7046301364898682,-0.06016036514638436
COHFACE_s32_session0_lamp,2,19,2.6333333333333333,1.5333962440490723,0.2647450530440676
COHFACE_s32_session0_lamp,2,20,2.6666666666666665,1.3389819860458374,0.5774345832641978
COHFACE_s32_session0_lamp,2,21,2.7,1.2089505195617676,0.8574798037620217
COHFACE_s32_session0_lamp,2,22,2.7333333333333334,1.070224404335022,1.0894263626309586
COHFACE_s32_session0_lamp,2,23,2.7666666666666666,0.8835009336471558,1.2647586051060635
COHFACE_s32_session0_lamp,2,24,2.8,0.6674972176551819,1.3821086071897102
COHFACE_s32_session0_lamp,2,25,2.8333333333333335,0.42435982823371887,1.4458928459444003
COHFACE_s32_session0_lamp,2,26,2.8666666666666667,0.18792475759983063,1.4639131238553433
COHFACE_s32_session0_lamp,2,27,2.9,-0.028279734775424004,1.4445513838737536
COHFACE_s32_session0_lamp,2,28,2.933333333333333,-0.2303537130355835,1.3941812742843194
COHFACE_s32_session0_lamp,2,29,2.966666666666667,-0.41710805892944336,1.3154220393631713
COHFACE_s32_session0_lamp,2,30,3.0,-0.5844658017158508,1.206831695242211
COHFACE_s32_session0_lamp,2,31,3.033333333333333,-0.7346970438957214,1.0643687099785735
COHFACE_s32_session0_lamp,2,32,3.066666666666667,-0.8860710859298706,0.8843279926533614
COHFACE_s32_session0_lamp,2,33,3.1,-1.033398985862732,0.6666900947815462
COHFACE_s32_session0_lamp,2,34,3.1333333333333333,-1.1785494089126587,0.41735830586395756
COHFACE_s32_session0_lamp,2,35,3.1666666666666665,-1.3131521940231323,0.14807137833178868
COHFACE_s32_session0_lamp,2,36,3.2,-1.431045413017273,-0.12608213716837094
COHFACE_s32_session0_lamp,2,37,3.2333333333333334,-1.54668390750885,-0.39035357236343426
COHFACE_s32_session0_lamp,2,38,3.2666666666666666,-1.6425551176071167,-0.6334766095359022
COHFACE_s32_session0_lamp,2,39,3.3,-1.7205122709274292,-0.8489939924679903
COHFACE_s32_session0_lamp,2,40,3.3333333333333335,-1.790578007698059,-1.0346824020314689
COHFACE_s32_session0_lamp,2,41,3.3666666666666667,-1.8638404607772827,-1.1909486691609659
COHFACE_s32_session0_lamp,2,42,3.4,-1.939280390739441,-1.3191228880281987
COHFACE_s32_session0_lamp,2,43,3.433333333333333,-1.9892390966415405,-1.4199932912593247
COHFACE_s32_session0_lamp,2,44,3.466666666666667,-1.897599220275879,-1.4924250309635336
COHFACE_s32_session0_lamp,2,45,3.5,-1.472834587097168,-1.5319463573904761
COHFACE_s32_session0_lamp,2,46,3.533333333333333,-0.8596323132514954,-1.529745651179537
COHFACE_s32_session0_lamp,2,47,3.566666666666667,-0.3329581916332245,-1.4730420800311408
COHFACE_s32_session0_lamp,2,48,3.6,0.0509437695145607,-1.3476592906580662
COHFACE_s32_session0_lamp,2,49,3.6333333333333333,0.348858118057251,-1.1426960830253823
COHFACE_s32_session0_lamp,2,50,3.6666666666666665,0.5481368899345398,-0.8558726719990979
COHFACE_s32_session0_lamp,2,51,3.7,0.5915167927742004,-0.4973216819888408
COHFACE_s32_session0_lamp,2,52,3.7333333333333334,0.49345260858535767,-0.08996002560803693
COHFACE_s32_session0_lamp,2,53,3.7666666666666666,0.3880683481693268,0.3340474190583541
COHFACE_s32_session0_lamp,2,54,3.8,0.32243484258651733,0.7395674631722421
COHFACE_s32_session0_lamp,2,55,3.8333333333333335,0.255720317363739,1.095248478114733
COHFACE_s32_session0_lamp,2,56,3.8666666666666667,0.15507711470127106,1.3784367101000814
COHFACE_s32_session0_lamp,2,57,3.9,0.004011951386928558,1.5769449192464615
COHFACE_s32_session0_lamp,2,58,3.933333333333333,-0.16299057006835938,1.6878315578821301
COHFACE_s32_session0_lamp,2,59,3.966666666666667,-0.32000136375427246,1.7145324415303953
COHFACE_s32_session0_lamp,2,60,4.0,-0.4864788353443146,1.664003922457951
COHFACE_s32_session0_lamp,2,61,4.033333333333333,-0.646670937538147,1.5449561960246851
COHFACE_s32_session0_lamp,2,62,4.066666666666666,-0.7832967042922974,1.367243809352171
COHFACE_s32_session0_lamp,2,63,4.1,-0.9063634276390076,1.141787204380637
COHFACE_s32_session0_lamp,2,64,4.133333333333334,-1.0241022109985352,0.8804573120516084
COHFACE_s32_session0_lamp,2,65,4.166666666666667,-1.14134681224823,0.5958175795446369
COHFACE_s32_session0_lamp,2,66,4.2,-1.26008939743042,0.30090485628928576
COHFACE_s32_session0_lamp,2,67,4.233333333333333,-1.3706470727920532,0.009157910762824004
COHFACE_s32_session0_lamp,2,68,4.266666666666667,-1.4789501428604126,-0.26569249844832804
COHFACE_s32_session0_lamp,2,69,4.3,-1.581477403640747,-0.5102215046484165
COHFACE_s32_session0_lamp,2,70,4.333333333333333,-1.6776883602142334,-0.7128113966595105
COHFACE_s32_session0_lamp,2,71,4.366666666666666,-1.7669962644577026,-0.8659756329380796
COHFACE_s32_session0_lamp,2,72,4.4,-1.8569527864456177,-0.968648472201485
COHFACE_s32_session0_lamp,2,73,4.433333333333334,-1.9385391473770142,-1.0271637864476753
COHFACE_s32_session0_lamp,2,74,4.466666666666667,-2.0104734897613525,-1.0540342326935068
COHFACE_s32_session0_lamp,2,75,4.5,-2.0762767791748047,-1.0645129347642885
COHFACE_s32_session0_lamp,2,76,4.533333333333333,-2.150033473968506,-1.0717170660142052
COHFACE_s32_session0_lamp,2,77,4.566666666666666,-2.123872756958008,-1.081635606494356
COHFACE_s32_session0_lamp,2,78,4.6,-1.8103452920913696,-1.089631840802922
COHFACE_s32_session0_lamp,2,79,4.633333333333334,-1.315638542175293,-1.080003897542866
COHFACE_s32_session0_lamp,2,80,4.666666666666667,-0.9215131402015686,-1.029597502222689
COHFACE_s32_session0_lamp,2,81,4.7,-0.6577128171920776,-0.9151562550972824
COHFACE_s32_session0_lamp,2,82,4.733333333333333,-0.4390219449996948,-0.7222758328929324
COHFACE_s32_session0_lamp,2,83,4.766666666666667,-0.2942730486392975,-0.45249892178944945
COHFACE_s32_session0_lamp,2,84,4.8,-0.25890815258026123,-0.1252985302772227
COHFACE_s32_session0_lamp,2,85,4.833333333333333,-0.3086506426334381,0.22625537545832686
COHFACE_s32_session0_lamp,2,86,4.866666666666666,-0.3519224226474762,0.5643188419107282
COHFACE_s32_session0_lamp,2,87,4.9,-0.3655587434768677,0.855730691781746
COHFACE_s32_session0_lamp,2,88,4.933333333333334,-0.38521790504455566,1.0785943706665366
COHFACE_s32_session0_lamp,2,89,4.966666666666667,-0.44226500391960144,1.2244176645685887
COHFACE_s32_session0_lamp,2,90,5.0,-0.5416109561920166,1.296200378352723
COHFACE_s32_session0_lamp,2,91,5.033333333333333,-0.653018057346344,1.3040551905756503
COHFACE_s32_session0_lamp,2,92,5.066666666666666,-0.7671740055084229,1.260279591064592
COHFACE_s32_session0_lamp,2,93,5.1,-0.8780097365379333,1.1754417989416777
COHFACE_s32_session0_lamp,2,94,5.133333333333334,-0.9993313550949097,1.0563340872342357
COHFACE_s32_session0_lamp,2,95,5.166666666666667,-1.1338568925857544,0.905954092571997
COHFACE_s32_session0_lamp,2,96,5.2,-1.2387315034866333,0.7251925260016554
COHFACE_s32_session0_lamp,2,97,5.233333333333333,-1.3330738544464111,0.5155331123729631
COHFACE_s32_session0_lamp,2,98,5.266666666666667,-1.4362651109695435,0.2817339517228903
COHFACE_s32_session0_lamp,2,99,5.3,-1.5417729616165161,0.03340835042091167
COHFACE_s32_session0_lamp,2,100,5.333333333333333,-1.6366866827011108,-0.21515425496219945
COHFACE_s32_session0_lamp,2,101,5.366666666666666,-1.733747124671936,-0.4469496580840149
COHFACE_s32_session0_lamp,2,102,5.4,-1.8248463869094849,-0.6455109100772591
COHFACE_s32_session0_lamp,2,103,5.433333333333334,-1.8907270431518555,-0.7985983512067314
COHFACE_s32_session0_lamp,2,104,5.466666666666667,-1.9495655298233032,-0.9012107171055301
COHFACE_s32_session0_lamp,2,105,5.5,-2.0123419761657715,-0.9567393361654223
COHFACE_s32_session0_lamp,2,106,5.533333333333333,-2.078392505645752,-0.9754405714786648
COHFACE_s32_session0_lamp,2,107,5.566666666666666,-2.143022298812866,-0.9703445299931357
COHFACE_s32_session0_lamp,2,108,5.6,-2.20062518119812,-0.9520066844140479
COHFACE_s32_session0_lamp,2,109,5.633333333333334,-2.192749261856079,-0.9242538292195812
COHFACE_s32_session0_lamp,2,110,5.666666666666667,-1.9572099447250366,-0.8826142241194708
COHFACE_s32_session0_lamp,2,111,5.7,-1.5625286102294922,-0.8158339159434631
COHFACE_s32_session0_lamp,2,112,5.733333333333333,-1.2785903215408325,-0.7096499108913799
COHFACE_s32_session0_lamp,2,113,5.766666666666667,-1.1304748058319092,-0.5514887422072376
COHFACE_s32_session0_lamp,2,114,5.8,-1.0362714529037476,-0.3350300249417644
COHFACE_s32_session0_lamp,2,115,5.833333333333333,-0.9682287573814392,-0.06386975087930871
COHFACE_s32_session0_lamp,2,116,5.866666666666666,-0.9606615900993347,0.2466689925343289
COHFACE_s32_session0_lamp,2,117,5.9,-1.0146818161010742,0.5705643851039225
COHFACE_s32_session0_lamp,2,118,5.933333333333334,-1.0415066480636597,0.8751588209471975
COHFACE_s32_session0_lamp,2,119,5.966666666666667,-1.015021562576294,1.127271003929589
COHFACE_s32_session0_lamp,2,120,6.0,-0.9861428737640381,1.2996156802474172
COHFACE_s32_session0_lamp,2,121,6.033333333333333,-1.0003042221069336,1.3757640615036975
COHFACE_s32_session0_lamp,2,122,6.066666666666666,-1.057814598083496,1.3524511631140046
COHFACE_s32_session0_lamp,2,123,6.1,-1.1310153007507324,1.2388571265099504
COHFACE_s32_session0_lamp,2,124,6.133333333333334,-1.2045093774795532,1.0532496050737559
COHFACE_s32_session0_lamp,2,125,6.166666666666667,-1.272768259048462,0.8180141920987956
COHFACE_s32_session0_lamp,2,126,6.2,-1.3428339958190918,0.5545789226460526
COHFACE_s32_session0_lamp,2,127,6.233333333333333,-1.4051316976547241,0.279808487137199
COHFACE_s32_session0_lamp,2,128,6.266666666666667,-1.463491439819336,0.004895717951484213
COHFACE_s32_session0_lamp,2,129,6.3,-1.5125854015350342,-0.26327901148848537
COHFACE_s32_session0_lamp,2,130,6.333333333333333,-1.5703582763671875,-0.5194531236513955
COHFACE_s32_session0_lamp,2,131,6.366666666666666,-1.6251815557479858,-0.7575111201783857
COHFACE_s32_session0_lamp,2,132,6.4,-1.6785377264022827,-0.9692301199926052
COHFACE_s32_session0_lamp,2,133,6.433333333333334,-1.7376388311386108,-1.1442894649860507
COHFACE_s32_session0_lamp,2,134,6.466666666666667,-1.7813584804534912,-1.2710529454582775
COHFACE_s32_session0_lamp,2,135,6.5,-1.8223909139633179,-1.3376375617639498
COHFACE_s32_session0_lamp,2,136,6.533333333333333,-1.8637632131576538,-1.3330771292347392
COHFACE_s32_session0_lamp,2,137,6.566666666666666,-1.8939392566680908,-1.2487215946652772
COHFACE_s32_session0_lamp,2,138,6.6,-1.9245012998580933,-1.0801577777579556
COHFACE_s32_session0_lamp,2,139,6.633333333333334,-1.924377679824829,-0.8296953447960432
COHFACE_s32_session0_lamp,2,140,6.666666666666667,-1.70965576171875,-0.5088400366483241
COHFACE_s32_session0_lamp,2,141,6.7,-1.298125982284546,-0.13949772301768026
COHFACE_s32_session0_lamp,2,142,6.733333333333333,-0.9975244998931885,0.24752807671965557
COHFACE_s32_session0_lamp,2,143,6.766666666666667,-0.8866424560546875,0.6172859419624677
COHFACE_s32_session0_lamp,2,144,6.8,-0.8305219411849976,0.937402312964014
COHFACE_s32_session0_lamp,2,145,6.833333333333333,-0.7919449210166931,1.1841809377237482
COHFACE_s32_session0_lamp,2,146,6.866666666666666,-0.7984464764595032,1.3457976384482997
COHFACE_s32_session0_lamp,2,147,6.9,-0.8544279932975769,1.4218481697816892
COHFACE_s32_session0_lamp,2,148,6.933333333333334,-0.8881713151931763,1.4200861565310396
COHFACE_s32_session0_lamp,2,149,6.966666666666667,-0.8548604249954224,1.3520545954952707
COHFACE_s32_session0_lamp,2,150,7.0,-0.8193565607070923,1.2292766601982423
COHFACE_s32_session0_lamp,2,151,7.033333333333333,-0.8034809231758118,1.0610311551367444
COHFACE_s32_session0_lamp,2,152,7.066666666666666,-0.8287923336029053,0.8539551477497361
COHFACE_s32_session0_lamp,2,153,7.1,-0.8837082386016846,0.6130615907887853
COHFACE_s32_session0_lamp,2,154,7.133333333333334,-0.933836817741394,0.3433700365362892
COHFACE_s32_session0_lamp,2,155,7.166666666666667,-0.9813554883003235,0.051342550236974295
COHFACE_s32_session0_lamp,2,156,7.2,-1.021723985671997,-0.2543237687343935
COHFACE_s32_session0_lamp,2,157,7.233333333333333,-1.0596678256988525,-0.5625164877872133
COHFACE_s32_session0_lamp,2,158,7.266666666666667,-1.0951253175735474,-0.8598061279583236
COHFACE_s32_session0_lamp,2,159,7.3,-1.1194792985916138,-1.1305281070221476
COHFACE_s32_session0_lamp,2,160,7.333333333333333,-1.1505354642868042,-1.3569141315245525
COHFACE_s32_session0_lamp,2,161,7.366666666666666,-1.194610357284546,-1.5198308620230712
COHFACE_s32_session0_lamp,2,162,7.4,-1.2291876077651978,-1.6009222643551193
COHFACE_s32_session0_lamp,2,163,7.433333333333334,-1.2534642219543457,-1.5864254294218745
COHFACE_s32_session0_lamp,2,164,7.466666666666667,-1.2823275327682495,-1.471659329198412
COHFACE_s32_session0_lamp,2,165,7.5,-1.310912847518921,-1.2641862298069113
COHFACE_s32_session0_lamp,2,166,7.533333333333333,-1.344038486480713,-0.9838829888220398
COHFACE_s32_session0_lamp,2,167,7.566666666666666,-1.36548912525177,-0.6595050399161709
COHFACE_s32_session0_lamp,2,168,7.6,-1.3622922897338867,-0.3229198834504925
COHFACE_s32_session0_lamp,2,169,7.633333333333334,-1.2054977416992188,-0.0030695656585112176
COHFACE_s32_session0_lamp,2,170,7.666666666666667,-0.7983537912368774,0.2785548921967451
COHFACE_s32_session0_lamp,2,171,7.7,-0.4247215688228607,0.5100956693227672
COHFACE_s32_session0_lamp,2,172,7.733333333333333,-0.2632322311401367,0.6892049790884902
COHFACE_s32_session0_lamp,2,173,7.766666666666667,-0.19914305210113525,0.8211372398405911
COHFACE_s32_session0_lamp,2,174,7.8,-0.16166245937347412,0.9157339128271548
COHFACE_s32_session0_lamp,2,175,7.833333333333333,-0.15676698088645935,0.9839946878503104
COHFACE_s32_session0_lamp,2,176,7.866666666666666,-0.20755958557128906,1.0349394196718682
COHFACE_s32_session0_lamp,2,177,7.9,-0.2695176303386688,1.0734230332492152
COHFACE_s32_session0_lamp,2,178,7.933333333333334,-0.2673092484474182,1.099361359624966
COHFACE_s32_session0_lamp,2,179,7.966666666666667,-0.2386930286884308,1.1084508390313264
COHFACE_s32_session0_lamp,2,180,8.0,-0.23212967813014984,1.0940196786998024
COHFACE_s32_session0_lamp,2,181,8.033333333333333,-0.2602362632751465,1.049313142784422
COHFACE_s32_session0_lamp,2,182,8.066666666666666,-0.3178856670856476,0.9694521236399054
COHFACE_s32_session0_lamp,2,183,8.1,-0.38256168365478516,0.8525505331026866
COHFACE_s32_session0_lamp,2,184,8.133333333333333,-0.4351920485496521,0.6999149242659098
COHFACE_s32_session0_lamp,2,185,8.166666666666666,-0.4881003499031067,0.5156165621983059
COHFACE_s32_session0_lamp,2,186,8.2,-0.5243300795555115,0.3058198030259754
COHFACE_s32_session0_lamp,2,187,8.233333333333333,-0.5456725358963013,0.0781085256964611
COHFACE_s32_session0_lamp,2,188,8.266666666666667,-0.5747983455657959,-0.15914948742014018
COHFACE_s32_session0_lamp,2,189,8.3,-0.6130974292755127,-0.39745574507560905
COHFACE_s32_session0_lamp,2,190,8.333333333333334,-0.6508714556694031,-0.6288333173239582
COHFACE_s32_session0_lamp,2,191,8.366666666666667,-0.6828851699829102,-0.8463055959810404
COHFACE_s32_session0_lamp,2,192,8.4,-0.7202113270759583,-1.0439462990750472
COHFACE_s32_session0_lamp,2,193,8.433333333333334,-0.7522404789924622,-1.21633262462336
COHFACE_s32_session0_lamp,2,194,8.466666666666667,-0.7712047100067139,-1.3574921131418152
COHFACE_s32_session0_lamp,2,195,8.5,-0.7982766032218933,-1.4597579391050628
COHFACE_s32_session0_lamp,2,196,8.533333333333333,-0.8364212512969971,-1.5131879875755445
COHFACE_s32_session0_lamp,2,197,8.566666666666666,-0.8576247096061707,-1.5062493216133024
COHFACE_s32_session0_lamp,2,198,8.6,-0.742032527923584,-1.4282099411844438
COHFACE_s32_session0_lamp,2,199,8.633333333333333,-0.371319055557251,-1.2729861983176434
COHFACE_s32_session0_lamp,2,200,8.666666666666666,0.03187144547700882,-1.0432138030953026
COHFACE_s32_session0_lamp,2,201,8.7,0.2637816369533539,-0.7526564305475765
COHFACE_s32_session0_lamp,2,202,8.733333333333333,0.36850184202194214,-0.4253306055766754
COHFACE_s32_session0_lamp,2,203,8.766666666666667,0.44355568289756775,-0.09096329768316593
COHFACE_s32_session0_lamp,2,204,8.8,0.4972825050354004,0.22189599607571842
COHFACE_s32_session0_lamp,2,205,8.833333333333334,0.4603424072265625,0.49251256417620753
COHFACE_s32_session0_lamp,2,206,8.866666666666667,0.36655598878860474,0.7116892366136789
COHFACE_s32_session0_lamp,2,207,8.9,0.3330906331539154,0.8811994619723995
COHFACE_s32_session0_lamp,2,208,8.933333333333334,0.35719743371009827,1.0095984784126661
COHFACE_s32_session0_lamp,2,209,8.966666666666667,0.3655830919742584,1.1066407628387813
COHFACE_s32_session0_lamp,2,210,9.0,0.3307741582393646,1.178707803232831
COHFACE_s32_session0_lamp,2,211,9.033333333333333,0.2750706076622009,1.226717674706312
COHFACE_s32_session0_lamp,2,212,9.066666666666666,0.2212820202112198,1.246745690076589
COHFACE_s32_session0_lamp,2,213,9.1,0.16686026751995087,1.2325481164038772
COHFACE_s32_session0_lamp,2,214,9.133333333333333,0.09824622422456741,1.1786252024577948
COHFACE_s32_session0_lamp,2,215,9.166666666666666,0.037353772670030594,1.0825770441636156
COHFACE_s32_session0_lamp,2,216,9.2,-0.003308114828541875,0.9461849501654312
COHFACE_s32_session0_lamp,2,217,9.233333333333333,-0.048911821097135544,0.7753454030340894
COHFACE_s32_session0_lamp,2,218,9.266666666666667,-0.1007700115442276,0.5792355977311623
COHFACE_s32_session0_lamp,2,219,9.3,-0.15100666880607605,0.3690022680324381
COHFACE_s32_session0_lamp,2,220,9.333333333333334,-0.20301929116249084,0.1561701832533002
COHFACE_s32_session0_lamp,2,221,9.366666666666667,-0.2631087005138397,-0.048995660376624686
COHFACE_s32_session0_lamp,2,222,9.4,-0.3164031207561493,-0.23881894331950412
COHFACE_s32_session0_lamp,2,223,9.433333333333334,-0.3603235185146332,-0.4088239879791637
COHFACE_s32_session0_lamp,2,224,9.466666666666667,-0.405479371547699,-0.5573571545875265
COHFACE_s32_session0_lamp,2,225,9.5,-0.44014930725097656,-0.6842245431635932
COHFACE_s32_session0_lamp,2,226,9.533333333333333,-0.4806567430496216,-0.7886789814262821
COHFACE_s32_session0_lamp,2,227,9.566666666666666,-0.5227239727973938,-0.8674168352699417
COHFACE_s32_session0_lamp,2,228,9.6,-0.46891993284225464,-0.9134925171876397
COHFACE_s32_session0_lamp,2,229,9.633333333333333,-0.1641179323196411,-0.9170340566357867
COHFACE_s32_session0_lamp,2,230,9.666666666666666,0.2888459265232086,-0.8681831572937323
COHFACE_s32_session0_lamp,2,231,9.7,0.6223722696304321,-0.7618075327854614
COHFACE_s32_session0_lamp,2,232,9.733333333333333,0.8190102577209473,-0.6024954343558561
COHFACE_s32_session0_lamp,2,233,9.766666666666667,0.9600682258605957,-0.4076000659970662
COHFACE_s32_session0_lamp,2,234,9.8,1.077976942062378,-0.20617363882683612
COHFACE_s32_session0_lamp,2,235,9.833333333333334,1.1408460140228271,-0.03288272276692032
COHFACE_s32_session0_lamp,2,236,9.866666666666667,1.1116275787353516,0.0817966684290886
COHFACE_s32_session0_lamp,2,237,9.9,1.062456488609314,0.1217152502241259
COHFACE_s32_session0_lamp,2,238,9.933333333333334,1.0720157623291016,0.09136982599045798
COHFACE_s32_session0_lamp,2,239,9.966666666666667,1.106593132019043,0.015392195581908009
COHFACE_s32_session0_lamp,3,0,3.0,-0.5844658017158508,0.14068922658587227
COHFACE_s32_session0_lamp,3,1,3.033333333333333,-0.7346970438957214,0.06846629650600382
COHFACE_s32_session0_lamp,3,2,3.066666666666667,-0.8860710859298706,-0.01663712920709403
COHFACE_s32_session0_lamp,3,3,3.1,-1.033398985862732,-0.11823087235825962
COHFACE_s32_session0_lamp,3,4,3.1333333333333333,-1.1785494089126587,-0.23369576857483537
COHFACE_s32_session0_lamp,3,5,3.1666666666666665,-1.3131521940231323,-0.35548904029497236
COHFACE_s32_session0_lamp,3,6,3.2,-1.431045413017273,-0.4746577621227295
COHFACE_s32_session0_lamp,3,7,3.2333333333333334,-1.54668390750885,-0.584543717581602
COHFACE_s32_session0_lamp,3,8,3.2666666666666666,-1.6425551176071167,-0.6827504672487962
COHFACE_s32_session0_lamp,3,9,3.3,-1.7205122709274292,-0.770532390614339
COHFACE_s32_session0_lamp,3,10,3.3333333333333335,-1.790578007698059,-0.8503830156473604
COHFACE_s32_session0_lamp,3,11,3.3666666666666667,-1.8638404607772827,-0.9235851573940289
COHFACE_s32_session0_lamp,3,12,3.4,-1.939280390739441,-0.9890624954282428
COHFACE_s32_session0_lamp,3,13,3.433333333333333,-1.9892390966415405,-1.0435884891916285
COHFACE_s32_session0_lamp,3,14,3.466666666666667,-1.897599220275879,-1.0823786958523796
COHFACE_s32_session0_lamp,3,15,3.5,-1.472834587097168,-1.0990374853421958
COHFACE_s32_session0_lamp,3,16,3.533333333333333,-0.8596323132514954,-1.0847614085470811
COHFACE_s32_session0_lamp,3,17,3.566666666666667,-0.3329581916332245,-1.0278773512154809
COHFACE_s32_session0_lamp,3,18,3.6,0.0509437695145607,-0.915234153130431
COHFACE_s32_session0_lamp,3,19,3.6333333333333333,0.348858118057251,-0.7360690796371459
COHFACE_s32_session0_lamp,3,20,3.6666666666666665,0.5481368899345398,-0.48710065500856814
COHFACE_s32_session0_lamp,3,21,3.7,0.5915167927742004,-0.17631138672790864
COHFACE_s32_session0_lamp,3,22,3.7333333333333334,0.49345260858535767,0.17662156669814838
COHFACE_s32_session0_lamp,3,23,3.7666666666666666,0.3880683481693268,0.5435878623787714
COHFACE_s32_session0_lamp,3,24,3.8,0.32243484258651733,0.8937255794674354
COHFACE_s32_session0_lamp,3,25,3.8333333333333335,0.255720317363739,1.199445267475164
COHFACE_s32_session0_lamp,3,26,3.8666666666666667,0.15507711470127106,1.4408570484089893
COHFACE_s32_session0_lamp,3,27,3.9,0.004011951386928558,1.6075215449329543
COHFACE_s32_session0_lamp,3,28,3.933333333333333,-0.16299057006835938,1.6975662233558442
COHFACE_s32_session0_lamp,3,29,3.966666666666667,-0.32000136375427246,1.7150532549428843
COHFACE_s32_session0_lamp,3,30,4.0,-0.4864788353443146,1.6667681534641
COHFACE_s32_session0_lamp,3,31,4.033333333333333,-0.646670937538147,1.5595092606436851
COHFACE_s32_session0_lamp,3,32,4.066666666666666,-0.7832967042922974,1.3987304327748584
COHFACE_s32_session0_lamp,3,33,4.1,-0.9063634276390076,1.1888924114238337
COHFACE_s32_session0_lamp,3,34,4.133333333333334,-1.0241022109985352,0.9350853713159033
COHFACE_s32_session0_lamp,3,35,4.166666666666667,-1.14134681224823,0.6449178616797392
COHFACE_s32_session0_lamp,3,36,4.2,-1.26008939743042,0.32975907381852054
COHFACE_s32_session0_lamp,3,37,4.233333333333333,-1.3706470727920532,0.004901329881621088
COHFACE_s32_session0_lamp,3,38,4.266666666666667,-1.4789501428604126,-0.31141041345836845
COHFACE_s32_session0_lamp,3,39,4.3,-1.581477403640747,-0.6000036393439313
COHFACE_s32_session0_lamp,3,40,4.333333333333333,-1.6776883602142334,-0.8437236423965012
COHFACE_s32_session0_lamp,3,41,4.366666666666666,-1.7669962644577026,-1.0308553605733315
COHFACE_s32_session0_lamp,3,42,4.4,-1.8569527864456177,-1.1579798807730035
COHFACE_s32_session0_lamp,3,43,4.433333333333334,-1.9385391473770142,-1.2309178235098288
COHFACE_s32_session0_lamp,3,44,4.466666666666667,-2.0104734897613525,-1.2629163689030478
COHFACE_s32_session0_lamp,3,45,4.5,-2.0762767791748047,-1.2703294081059306
COHFACE_s32_session0_lamp,3,46,4.533333333333333,-2.150033473968506,-1.2671058338103505
COHFACE_s32_session0_lamp,3,47,4.566666666666666,-2.123872756958008,-1.2599231797323867
COHFACE_s32_session0_lamp,3,48,4.6,-1.8103452920913696,-1.2455691785785459
COHFACE_s32_session0_lamp,3,49,4.633333333333334,-1.315638542175293,-1.2113772989686196
COHFACE_s32_session0_lamp,3,50,4.666666666666667,-0.9215131402015686,-1.1385767545407859
COHFACE_s32_session0_lamp,3,51,4.7,-0.6577128171920776,-1.007713313879017
COHFACE_s32_session0_lamp,3,52,4.733333333333333,-0.4390219449996948,-0.8049404202602404
COHFACE_s32_session0_lamp,3,53,4.766666666666667,-0.2942730486392975,-0.5276550127938144
COHFACE_s32_session0_lamp,3,54,4.8,-0.25890815258026123,-0.18760480035353394
COHFACE_s32_session0_lamp,3,55,4.833333333333333,-0.3086506426334381,0.19003472166486543
COHFACE_s32_session0_lamp,3,56,4.866666666666666,-0.3519224226474762,0.5715950864040188
COHFACE_s32_session0_lamp,3,57,4.9,-0.3655587434768677,0.9220834825546975
COHFACE_s32_session0_lamp,3,58,4.933333333333334,-0.38521790504455566,1.212013193123827
COHFACE_s32_session0_lamp,3,59,4.966666666666667,-0.44226500391960144,1.4218213895541782
COHFACE_s32_session0_lamp,3,60,5.0,-0.5416109561920166,1.543131307529759
COHFACE_s32_session0_lamp,3,61,5.033333333333333,-0.653018057346344,1.5774052895993627
COHFACE_s32_session0_lamp,3,62,5.066666666666666,-0.7671740055084229,1.5331186233914091
COHFACE_s32_session0_lamp,3,63,5.1,-0.8780097365379333,1.422527287444394
COHFACE_s32_session0_lamp,3,64,5.133333333333334,-0.9993313550949097,1.258818700260608
COHFACE_s32_session0_lamp,3,65,5.166666666666667,-1.1338568925857544,1.0541880160732093
COHFACE_s32_session0_lamp,3,66,5.2,-1.2387315034866333,0.8191875181549729
COHFACE_s32_session0_lamp,3,67,5.233333333333333,-1.3330738544464111,0.5633476606441017
COHFACE_s32_session0_lamp,3,68,5.266666666666667,-1.4362651109695435,0.29650528656247976
COHFACE_s32_session0_lamp,3,69,5.3,-1.5417729616165161,0.029889115245101065
COHFACE_s32_session0_lamp,3,70,5.333333333333333,-1.6366866827011108,-0.2238342713693119
COHFACE_s32_session0_lamp,3,71,5.366666666666666,-1.733747124671936,-0.45181521479793263
COHFACE_s32_session0_lamp,3,72,5.4,-1.8248463869094849,-0.6432713079195382
COHFACE_s32_session0_lamp,3,73,5.433333333333334,-1.8907270431518555,-0.7919943897394681
COHFACE_s32_session0_lamp,3,74,5.466666666666667,-1.9495655298233032,-0.8981361142548834
COHFACE_s32_session0_lamp,3,75,5.5,-2.0123419761657715,-0.9683326456089002
COHFACE_s32_session0_lamp,3,76,5.533333333333333,-2.078392505645752,-1.0136314831419417
COHFACE_s32_session0_lamp,3,77,5.566666666666666,-2.143022298812866,-1.0454842511200253
COHFACE_s32_session0_lamp,3,78,5.6,-2.20062518119812,-1.0710419904834487
COHFACE_s32_session0_lamp,3,79,5.633333333333334,-2.192749261856079,-1.0895320920421692
COHFACE_s32_session0_lamp,3,80,5.666666666666667,-1.9572099447250366,-1.091176343121239
COHFACE_s32_session0_lamp,3,81,5.7,-1.5625286102294922,-1.0591711921498537
COHFACE_s32_session0_lamp,3,82,5.733333333333333,-1.2785903215408325,-0.9742309432571452
COHFACE_s32_session0_lamp,3,83,5.766666666666667,-1.1304748058319092,-0.8204546812317672
COHFACE_s32_session0_lamp,3,84,5.8,-1.0362714529037476,-0.5909433056340679
COHFACE_s32_session0_lamp,3,85,5.833333333333333,-0.9682287573814392,-0.291582494430839
COHFACE_s32_session0_lamp,3,86,5.866666666666666,-0.9606615900993347,0.0582974117229144
COHFACE_s32_session0_lamp,3,87,5.9,-1.0146818161010742,0.4288326086690406
COHFACE_s32_session0_lamp,3,88,5.933333333333334,-1.0415066480636597,0.7852190801486574
COHFACE_s32_session0_lamp,3,89,5.966666666666667,-1.015021562576294,1.0940627692755585
COHFACE_s32_session0_lamp,3,90,6.0,-0.9861428737640381,1.3285605939804448
COHFACE_s32_session0_lamp,3,91,6.033333333333333,-1.0003042221069336,1.471479743717542
COHFACE_s32_session0_lamp,3,92,6.066666666666666,-1.057814598083496,1.5159975102152152
COHFACE_s32_session0_lamp,3,93,6.1,-1.1310153007507324,1.4650276023026925
COHFACE_s32_session0_lamp,3,94,6.133333333333334,-1.2045093774795532,1.329476222696642
COHFACE_s32_session0_lamp,3,95,6.166666666666667,-1.272768259048462,1.1255802605304785
COHFACE_s32_session0_lamp,3,96,6.2,-1.3428339958190918,0.8717047958209435
COHFACE_s32_session0_lamp,3,97,6.233333333333333,-1.4051316976547241,0.5854806471394919
COHFACE_s32_session0_lamp,3,98,6.266666666666667,-1.463491439819336,0.2823050604009751
COHFACE_s32_session0_lamp,3,99,6.3,-1.5125854015350342,-0.024387385089425555
COHFACE_s32_session0_lamp,3,100,6.333333333333333,-1.5703582763671875,-0.3218167026193918
COHFACE_s32_session0_lamp,3,101,6.366666666666666,-1.6251815557479858,-0.5969062195060325
COHFACE_s32_session0_lamp,3,102,6.4,-1.6785377264022827,-0.8365701429719477
COHFACE_s32_session0_lamp,3,103,6.433333333333334,-1.7376388311386108,-1.0290202206459451
COHFACE_s32_session0_lamp,3,104,6.466666666666667,-1.7813584804534912,-1.165173969493073
COHFACE_s32_session0_lamp,3,105,6.5,-1.8223909139633179,-1.2393392928356892
COHFACE_s32_session0_lamp,3,106,6.533333333333333,-1.8637632131576538,-1.2490214489702984
COHFACE_s32_session0_lamp,3,107,6.566666666666666,-1.8939392566680908,-1.1943810217811217
COHFACE_s32_session0_lamp,3,108,6.6,-1.9245012998580933,-1.0780469103275818
COHFACE_s32_session0_lamp,3,109,6.633333333333334,-1.924377679824829,-0.9055626114012985
COHFACE_s32_session0_lamp,3,110,6.666666666666667,-1.70965576171875,-0.6860448505298915
COHFACE_s32_session0_lamp,3,111,6.7,-1.298125982284546,-0.43224799671148134
COHFACE_s32_session0_lamp,3,112,6.733333333333333,-0.9975244998931885,-0.15952128491903608
COHFACE_s32_session0_lamp,3,113,6.766666666666667,-0.8866424560546875,0.11613487554342594
COHFACE_s32_session0_lamp,3,114,6.8,-0.8305219411849976,0.3801117592880814
COHFACE_s32_session0_lamp,3,115,6.833333333333333,-0.7919449210166931,0.620472146014111
COHFACE_s32_session0_lamp,3,116,6.866666666666666,-0.7984464764595032,0.8281160192776292
COHFACE_s32_session0_lamp,3,117,6.9,-0.8544279932975769,0.9961287657699301
COHFACE_s32_session0_lamp,3,118,6.933333333333334,-0.8881713151931763,1.1189217745144915
COHFACE_s32_session0_lamp,3,119,6.966666666666667,-0.8548604249954224,1.1916858469015779
COHFACE_s32_session0_lamp,3,120,7.0,-0.8193565607070923,1.2103741765090006
COHFACE_s32_session0_lamp,3,121,7.033333333333333,-0.8034809231758118,1.172121663852904
COHFACE_s32_session0_lamp,3,122,7.066666666666666,-0.8287923336029053,1.0758393090385026
COHFACE_s32_session0_lamp,3,123,7.1,-0.8837082386016846,0.9227397023703483
COHFACE_s32_session0_lamp,3,124,7.133333333333334,-0.933836817741394,0.7166968095266227
COHFACE_s32_session0_lamp,3,125,7.166666666666667,-0.9813554883003235,0.46450447217543006
COHFACE_s32_session0_lamp,3,126,7.2,-1.021723985671997,0.17615366133535967
COHFACE_s32_session0_lamp,3,127,7.233333333333333,-1.0596678256988525,-0.1348683157255756
COHFACE_s32_session0_lamp,3,128,7.266666666666667,-1.0951253175735474,-0.45148866453839337
COHFACE_s32_session0_lamp,3,129,7.3,-1.1194792985916138,-0.75355846515137
COHFACE_s32_session0_lamp,3,130,7.333333333333333,-1.1505354642868042,-1.0192759295363196
COHFACE_s32_session0_lamp,3,131,7.366666666666666,-1.194610357284546,-1.2276059299846453
COHFACE_s32_session0_lamp,3,132,7.4,-1.2291876077651978,-1.3614727290777415
COHFACE_s32_session0_lamp,3,133,7.433333333333334,-1.2534642219543457,-1.4110359443562184
COHFACE_s32_session0_lamp,3,134,7.466666666666667,-1.2823275327682495,-1.375846684591351
COHFACE_s32_session0_lamp,3,135,7.5,-1.310912847518921,-1.2647284470632278
COHFACE_s32_session0_lamp,3,136,7.533333333333333,-1.344038486480713,-1.093174230137676
COHFACE_s32_session0_lamp,3,137,7.566666666666666,-1.36548912525177,-0.8792857867840689
COHFACE_s32_session0_lamp,3,138,7.6,-1.3622922897338867,-0.6399336535614268
COHFACE_s32_session0_lamp,3,139,7.633333333333334,-1.2054977416992188,-0.38855888853509507
COHFACE_s32_session0_lamp,3,140,7.666666666666667,-0.7983537912368774,-0.1350809513444717
COHFACE_s32_session0_lamp,3,141,7.7,-0.4247215688228607,0.11271213505967845
COHFACE_s32_session0_lamp,3,142,7.733333333333333,-0.2632322311401367,0.3475413979001778
COHFACE_s32_session0_lamp,3,143,7.766666666666667,-0.19914305210113525,0.5619021696502838
COHFACE_s32_session0_lamp,3,144,7.8,-0.16166245937347412,0.7485776771407632
COHFACE_s32_session0_lamp,3,145,7.833333333333333,-0.15676698088645935,0.9019045313664342
COHFACE_s32_session0_lamp,3,146,7.866666666666666,-0.20755958557128906,1.0188757450940928
COHFACE_s32_session0_lamp,3,147,7.9,-0.2695176303386688,1.0993424021108877
COHFACE_s32_session0_lamp,3,148,7.933333333333334,-0.2673092484474182,1.1451466533561443
COHFACE_s32_session0_lamp,3,149,7.966666666666667,-0.2386930286884308,1.1585898083615587
COHFACE_s32_session0_lamp,3,150,8.0,-0.23212967813014984,1.140906937995753
COHFACE_s32_session0_lamp,3,151,8.033333333333333,-0.2602362632751465,1.0914166613609024
COHFACE_s32_session0_lamp,3,152,8.066666666666666,-0.3178856670856476,1.0078385804354233
COHFACE_s32_session0_lamp,3,153,8.1,-0.38256168365478516,0.8878070122471796
COHFACE_s32_session0_lamp,3,154,8.133333333333333,-0.4351920485496521,0.7309132464647212
COHFACE_s32_session0_lamp,3,155,8.166666666666666,-0.4881003499031067,0.5402260710354722
COHFACE_s32_session0_lamp,3,156,8.2,-0.5243300795555115,0.32257638679216427
COHFACE_s32_session0_lamp,3,157,8.233333333333333,-0.5456725358963013,0.08761528973535576
COHFACE_s32_session0_lamp,3,158,8.266666666666667,-0.5747983455657959,-0.15380797376796643
COHFACE_s32_session0_lamp,3,159,8.3,-0.6130974292755127,-0.3912899532805872
COHFACE_s32_session0_lamp,3,160,8.333333333333334,-0.6508714556694031,-0.6160948996378752
COHFACE_s32_session0_lamp,3,161,8.366666666666667,-0.6828851699829102,-0.8217444892862535
COHFACE_s32_session0_lamp,3,162,8.4,-0.7202113270759583,-1.0038321073899548
COHFACE_s32_session0_lamp,3,163,8.433333333333334,-0.7522404789924622,-1.1590117951624552
COHFACE_s32_session0_lamp,3,164,8.466666666666667,-0.7712047100067139,-1.283432533688299
COHFACE_s32_session0_lamp,3,165,8.5,-0.7982766032218933,-1.3712644938794378
COHFACE_s32_session0_lamp,3,166,8.533333333333333,-0.8364212512969971,-1.4141036901328323
COHFACE_s32_session0_lamp,3,167,8.566666666666666,-0.8576247096061707,-1.4018457703554126
COHFACE_s32_session0_lamp,3,168,8.6,-0.742032527923584,-1.3251265556745138
COHFACE_s32_session0_lamp,3,169,8.633333333333333,-0.371319055557251,-1.1787225272520054
COHFACE_s32_session0_lamp,3,170,8.666666666666666,0.03187144547700882,-0.9646423742727925
COHFACE_s32_session0_lamp,3,171,8.7,0.2637816369533539,-0.6934946743797328
COHFACE_s32_session0_lamp,3,172,8.733333333333333,0.36850184202194214,-0.38334932302516783
COHFACE_s32_session0_lamp,3,173,8.766666666666667,0.44355568289756775,-0.056394146069134315
COHFACE_s32_session0_lamp,3,174,8.8,0.4972825050354004,0.2653698409707558
COHFACE_s32_session0_lamp,3,175,8.833333333333334,0.4603424072265625,0.5637947660835924
COHFACE_s32_session0_lamp,3,176,8.866666666666667,0.36655598878860474,0.826397561738285
COHFACE_s32_session0_lamp,3,177,8.9,0.3330906331539154,1.0460345906837825
COHFACE_s32_session0_lamp,3,178,8.933333333333334,0.35719743371009827,1.2191681489238164
COHFACE_s32_session0_lamp,3,179,8.966666666666667,0.3655830919742584,1.3439330542504824
COHFACE_s32_session0_lamp,3,180,9.0,0.3307741582393646,1.4188983232150223
COHFACE_s32_session0_lamp,3,181,9.033333333333333,0.2750706076622009,1.4427596209890465
COHFACE_s32_session0_lamp,3,182,9.066666666666666,0.2212820202112198,1.414753486214333
COHFACE_s32_session0_lamp,3,183,9.1,0.16686026751995087,1.3354160831239419
COHFACE_s32_session0_lamp,3,184,9.133333333333333,0.09824622422456741,1.207264971022788
COHFACE_s32_session0_lamp,3,185,9.166666666666666,0.037353772670030594,1.03506449330548
COHFACE_s32_session0_lamp,3,186,9.2,-0.003308114828541875,0.8255718072978775
COHFACE_s32_session0_lamp,3,187,9.233333333333333,-0.048911821097135544,0.5869470727403667
COHFACE_s32_session0_lamp,3,188,9.266666666666667,-0.1007700115442276,0.3281693537559886
COHFACE_s32_session0_lamp,3,189,9.3,-0.15100666880607605,0.05866816768614161
COHFACE_s32_session0_lamp,3,190,9.333333333333334,-0.20301929116249084,-0.21196929144624474
COHFACE_s32_session0_lamp,3,191,9.366666666666667,-0.2631087005138397,-0.47449610586530777
COHFACE_s32_session0_lamp,3,192,9.4,-0.3164031207561493,-0.7206728202177577
COHFACE_s32_session0_lamp,3,193,9.433333333333334,-0.3603235185146332,-0.9436854233251867
COHFACE_s32_session0_lamp,3,194,9.466666666666667,-0.405479371547699,-1.1379236821006788
COHFACE_s32_session0_lamp,3,195,9.5,-0.44014930725097656,-1.2981337666821218
COHFACE_s32_session0_lamp,3,196,9.533333333333333,-0.4806567430496216,-1.418405511832571
COHFACE_s32_session0_lamp,3,197,9.566666666666666,-0.5227239727973938,-1.4916371763012606
COHFACE_s32_session0_lamp,3,198,9.6,-0.46891993284225464,-1.5099142383387805
COHFACE_s32_session0_lamp,3,199,9.633333333333333,-0.1641179323196411,-1.46578556024415
COHFACE_s32_session0_lamp,3,200,9.666666666666666,0.2888459265232086,-1.3540115786847837
COHFACE_s32_session0_lamp,3,201,9.7,0.6223722696304321,-1.173266551193559
COHFACE_s32_session0_lamp,3,202,9.733333333333333,0.8190102577209473,-0.9275098024653212
COHFACE_s32_session0_lamp,3,203,9.766666666666667,0.9600682258605957,-0.6269087554754048
COHFACE_s32_session0_lamp,3,204,9.8,1.077976942062378,-0.28803244962815944
COHFACE_s32_session0_lamp,3,205,9.833333333333334,1.1408460140228271,0.06714162930637597
COHFACE_s32_session0_lamp,3,206,9.866666666666667,1.1116275787353516,0.41364564296788825
COHFACE_s32_session0_lamp,3,207,9.9,1.062456488609314,0.7270423305764702
COHFACE_s32_session0_lamp,3,208,9.933333333333334,1.0720157623291016,0.9871570315164317
COHFACE_s32_session0_lamp,3,209,9.966666666666667,1.106593132019043,1.1808674232565965
COHFACE_s32_session0_lamp,3,210,10.0,1.1037824153900146,1.3030375296405765
COHFACE_s32_session0_lamp,3,211,10.033333333333333,1.0502254962921143,1.3554137467653178
COHFACE_s32_session0_lamp,3,212,10.066666666666666,0.974631130695343,1.3442154614116755
COHFACE_s32_session0_lamp,3,213,10.1,0.8958091735839844,1.277655170831943
COHFACE_s32_session0_lamp,3,214,10.133333333333333,0.8074741959571838,1.1643546041730968
COHFACE_s32_session0_lamp,3,215,10.166666666666666,0.716467559337616,1.012909904220821
COHFACE_s32_session0_lamp,3,216,10.2,0.6302019357681274,0.8322471371436372
COHFACE_s32_session0_lamp,3,217,10.233333333333333,0.5498356223106384,0.6321373868588389
COHFACE_s32_session0_lamp,3,218,10.266666666666667,0.4753531813621521,0.42329474726275185
COHFACE_s32_session0_lamp,3,219,10.3,0.39424562454223633,0.2167490855739217
COHFACE_s32_session0_lamp,3,220,10.333333333333334,0.29811182618141174,0.022547664229438047
COHFACE_s32_session0_lamp,3,221,10.366666666666667,0.18994781374931335,-0.15176554563662814
COHFACE_s32_session0_lamp,3,222,10.4,0.10473235696554184,-0.3021511110231136
COHFACE_s32_session0_lamp,3,223,10.433333333333334,0.020412607118487358,-0.42792776848157543
COHFACE_s32_session0_lamp,3,224,10.466666666666667,-0.07680220156908035,-0.5304511872687913
COHFACE_s32_session0_lamp,3,225,10.5,-0.15313783288002014,-0.6112152222793299
COHFACE_s32_session0_lamp,3,226,10.533333333333333,-0.2246551811695099,-0.6701561146592687
COHFACE_s32_session0_lamp,3,227,10.566666666666666,-0.3020254969596863,-0.7047563573485134
COHFACE_s32_session0_lamp,3,228,10.6,-0.38015255331993103,-0.710282750341316
COHFACE_s32_session0_lamp,3,229,10.633333333333333,-0.4060662090778351,-0.6812567316875614
COHFACE_s32_session0_lamp,3,230,10.666666666666666,-0.2100459337234497,-0.6139800319496569
COHFACE_s32_session0_lamp,3,231,10.7,0.22546713054180145,-0.5094959898308358
COHFACE_s32_session0_lamp,3,232,10.733333333333333,0.6385412812232971,-0.37584812422024416
COHFACE_s32_session0_lamp,3,233,10.766666666666667,0.9190511703491211,-0.22839961916772908
COHFACE_s32_session0_lamp,3,234,10.8,1.148768424987793,-0.08761768444794378
COHFACE_s32_session0_lamp,3,235,10.833333333333334,1.3719532489776611,0.0252949662305662
COHFACE_s32_session0_lamp,3,236,10.866666666666667,1.5335506200790405,0.09378211205572151
COHFACE_s32_session0_lamp,3,237,10.9,1.5890380144119263,0.1107660781824891
COHFACE_s32_session0_lamp,3,238,10.933333333333334,1.566166639328003,0.08126630679677646
COHFACE_s32_session0_lamp,3,239,10.966666666666667,1.5628000497817993,0.021583793600593044
COHFACE_s32_session0_lamp,4,0,4.0,-0.4864788353443146,0.18349317870344348
COHFACE_s32_session0_lamp,4,1,4.033333333333333,-0.646670937538147,0.05686562785862296
COHFACE_s32_session0_lamp,4,2,4.066666666666666,-0.7832967042922974,-0.07193153067173295
COHFACE_s32_session0_lamp,4,3,4.1,-0.9063634276390076,-0.2009813200410356
COHFACE_s32_session0_lamp,4,4,4.133333333333334,-1.0241022109985352,-0.32734460001813137
COHFACE_s32_session0_lamp,4,5,4.166666666666667,-1.14134681224823,-0.4472518865115927
COHFACE_s32_session0_lamp,4,6,4.2,-1.26008939743042,-0.5562171241225744
COHFACE_s32_session0_lamp,4,7,4.233333333333333,-1.3706470727920532,-0.6491640004816444
COHFACE_s32_session0_lamp,4,8,4.266666666666667,-1.4789501428604126,-0.7208163394798699
COHFACE_s32_session0_lamp,4,9,4.3,-1.581477403640747,-0.7663545344676421
COHFACE_s32_session0_lamp,4,10,4.333333333333333,-1.6776883602142334,-0.7823072142482357
COHFACE_s32_session0_lamp,4,11,4.366666666666666,-1.7669962644577026,-0.7677351358207741
COHFACE_s32_session0_lamp,4,12,4.4,-1.8569527864456177,-0.7256164747158972
COHFACE_s32_session0_lamp,4,13,4.433333333333334,-1.9385391473770142,-0.6639317045851408
COHFACE_s32_session0_lamp,4,14,4.466666666666667,-2.0104734897613525,-0.5955683775099841
COHFACE_s32_session0_lamp,4,15,4.5,-2.0762767791748047,-0.536291254859253
COHFACE_s32_session0_lamp,4,16,4.533333333333333,-2.150033473968506,-0.5008232825131378
COHFACE_s32_session0_lamp,4,17,4.566666666666666,-2.123872756958008,-0.4980624437329903
COHFACE_s32_session0_lamp,4,18,4.6,-1.8103452920913696,-0.5269974537812248
COHFACE_s32_session0_lamp,4,19,4.633333333333334,-1.315638542175293,-0.5748255412622523
COHFACE_s32_session0_lamp,4,20,4.666666666666667,-0.9215131402015686,-0.6182500877531832
COHFACE_s32_session0_lamp,4,21,4.7,-0.6577128171920776,-0.6281042094518116
COHFACE_s32_session0_lamp,4,22,4.733333333333333,-0.4390219449996948,-0.5764563581722051
COHFACE_s32_session0_lamp,4,23,4.766666666666667,-0.2942730486392975,-0.44434480682281613
COHFACE_s32_session0_lamp,4,24,4.8,-0.25890815258026123,-0.22762861118108071
COHFACE_s32_session0_lamp,4,25,4.833333333333333,-0.3086506426334381,0.0611537289979981
COHFACE_s32_session0_lamp,4,26,4.866666666666666,-0.3519224226474762,0.39539475836752414
COHFACE_s32_session0_lamp,4,27,4.9,-0.3655587434768677,0.740219965570262
COHFACE_s32_session0_lamp,4,28,4.933333333333334,-0.38521790504455566,1.059467913966926
COHFACE_s32_session0_lamp,4,29,4.966666666666667,-0.44226500391960144,1.322058268457512
COHFACE_s32_session0_lamp,4,30,5.0,-0.5416109561920166,1.5065232341619232
COHFACE_s32_session0_lamp,4,31,5.033333333333333,-0.653018057346344,1.6030503806640164
COHFACE_s32_session0_lamp,4,32,5.066666666666666,-0.7671740055084229,1.6129072160583053
COHFACE_s32_session0_lamp,4,33,5.1,-0.8780097365379333,1.5456580256879604
COHFACE_s32_session0_lamp,4,34,5.133333333333334,-0.9993313550949097,1.4151388999024057
COHFACE_s32_session0_lamp,4,35,5.166666666666667,-1.1338568925857544,1.2354939705804064
COHFACE_s32_session0_lamp,4,36,5.2,-1.2387315034866333,1.0184675578009226
COHFACE_s32_session0_lamp,4,37,5.233333333333333,-1.3330738544464111,0.7726338129382481
COHFACE_s32_session0_lamp,4,38,5.266666666666667,-1.4362651109695435,0.50452543903897
COHFACE_s32_session0_lamp,4,39,5.3,-1.5417729616165161,0.2209054351072316
COHFACE_s32_session0_lamp,4,40,5.333333333333333,-1.6366866827011108,-0.06905757408347654
COHFACE_s32_session0_lamp,4,41,5.366666666666666,-1.733747124671936,-0.3529451658755639
COHFACE_s32_session0_lamp,4,42,5.4,-1.8248463869094849,-0.6162299227600802
COHFACE_s32_session0_lamp,4,43,5.433333333333334,-1.8907270431518555,-0.845131033061878
COHFACE_s32_session0_lamp,4,44,5.466666666666667,-1.9495655298233032,-1.030048410395788
COHFACE_s32_session0_lamp,4,45,5.5,-2.0123419761657715,-1.1679953993263377
COHFACE_s32_session0_lamp,4,46,5.533333333333333,-2.078392505645752,-1.2626885337246223
COHFACE_s32_session0_lamp,4,47,5.566666666666666,-2.143022298812866,-1.3219661068101358
COHFACE_s32_session0_lamp,4,48,5.6,-2.20062518119812,-1.3536082925676123
COHFACE_s32_session0_lamp,4,49,5.633333333333334,-2.192749261856079,-1.3614082906057101
COHFACE_s32_session0_lamp,4,50,5.666666666666667,-1.9572099447250366,-1.3428934299016573
COHFACE_s32_session0_lamp,4,51,5.7,-1.5625286102294922,-1.2891098112749924
COHFACE_s32_session0_lamp,4,52,5.733333333333333,-1.2785903215408325,-1.1863254896646014
COHFACE_s32_session0_lamp,4,53,5.766666666666667,-1.1304748058319092,-1.0194990607911658
COHFACE_s32_session0_lamp,4,54,5.8,-1.0362714529037476,-0.7773810654985148
COHFACE_s32_session0_lamp,4,55,5.833333333333333,-0.9682287573814392,-0.4584748159788754
COHFACE_s32_session0_lamp,4,56,5.866666666666666,-0.9606615900993347,-0.07582024480680957
COHFACE_s32_session0_lamp,4,57,5.9,-1.0146818161010742,0.3419750504777593
COHFACE_s32_session0_lamp,4,58,5.933333333333334,-1.0415066480636597,0.7547820791141566
COHFACE_s32_session0_lamp,4,59,5.966666666666667,-1.015021562576294,1.119090172257534
COHFACE_s32_session0_lamp,4,60,6.0,-0.9861428737640381,1.3974090961360333
COHFACE_s32_session0_lamp,4,61,6.033333333333333,-1.0003042221069336,1.5657019393890028
COHFACE_s32_session0_lamp,4,62,6.066666666666666,-1.057814598083496,1.6167356607547794
COHFACE_s32_session0_lamp,4,63,6.1,-1.1310153007507324,1.5589740603561761
COHFACE_s32_session0_lamp,4,64,6.133333333333334,-1.2045093774795532,1.4120032838546195
COHFACE_s32_session0_lamp,4,65,6.166666666666667,-1.272768259048462,1.200242757193066
COHFACE_s32_session0_lamp,4,66,6.2,-1.3428339958190918,0.9469767556385023
COHFACE_s32_session0_lamp,4,67,6.233333333333333,-1.4051316976547241,0.6704877560138636
COHFACE_s32_session0_lamp,4,68,6.266666666666667,-1.463491439819336,0.38323169609252494
COHFACE_s32_session0_lamp,4,69,6.3,-1.5125854015350342,0.09376777417047108
COHFACE_s32_session0_lamp,4,70,6.333333333333333,-1.5703582763671875,-0.19000082619679162
COHFACE_s32_session0_lamp,4,71,6.366666666666666,-1.6251815557479858,-0.45817424787916955
COHFACE_s32_session0_lamp,4,72,6.4,-1.6785377264022827,-0.6981368891190209
COHFACE_s32_session0_lamp,4,73,6.433333333333334,-1.7376388311386108,-0.8959710636500708
COHFACE_s32_session0_lamp,4,74,6.466666666666667,-1.7813584804534912,-1.039154456769883
COHFACE_s32_session0_lamp,4,75,6.5,-1.8223909139633179,-1.1191836938741584
COHFACE_s32_session0_lamp,4,76,6.533333333333333,-1.8637632131576538,-1.1329496204707827
COHFACE_s32_session0_lamp,4,77,6.566666666666666,-1.8939392566680908,-1.082485595314934
COHFACE_s32_session0_lamp,4,78,6.6,-1.9245012998580933,-0.9737028375855661
COHFACE_s32_session0_lamp,4,79,6.633333333333334,-1.924377679824829,-0.8151714271107277
COHFACE_s32_session0_lamp,4,80,6.666666666666667,-1.70965576171875,-0.6175249604153277
COHFACE_s32_session0_lamp,4,81,6.7,-1.298125982284546,-0.3932144044113782
COHFACE_s32_session0_lamp,4,82,6.733333333333333,-0.9975244998931885,-0.15592326244960342
COHFACE_s32_session0_lamp,4,83,6.766666666666667,-0.8866424560546875,0.08071789095404308
COHFACE_s32_session0_lamp,4,84,6.8,-0.8305219411849976,0.3047188801001749
COHFACE_s32_session0_lamp,4,85,6.833333333333333,-0.7919449210166931,0.5067881002138732
COHFACE_s32_session0_lamp,4,86,6.866666666666666,-0.7984464764595032,0.6803868711429493
COHFACE_s32_session0_lamp,4,87,6.9,-0.8544279932975769,0.8209772316817173
COHFACE_s32_session0_lamp,4,88,6.933333333333334,-0.8881713151931763,0.9249813879017827
COHFACE_s32_session0_lamp,4,89,6.966666666666667,-0.8548604249954224,0.9888953630326688
COHFACE_s32_session0_lamp,4,90,7.0,-0.8193565607070923,1.0088115164065723
COHFACE_s32_session0_lamp,4,91,7.033333333333333,-0.8034809231758118,0.9804975398249651
COHFACE_s32_session0_lamp,4,92,7.066666666666666,-0.8287923336029053,0.900154088133633
COHFACE_s32_session0_lamp,4,93,7.1,-0.8837082386016846,0.765831902758415
COHFACE_s32_session0_lamp,4,94,7.133333333333334,-0.933836817741394,0.5791428079692167
COHFACE_s32_session0_lamp,4,95,7.166666666666667,-0.9813554883003235,0.3466274934615922
COHFACE_s32_session0_lamp,4,96,7.2,-1.021723985671997,0.08022774850515818
COHFACE_s32_session0_lamp,4,97,7.233333333333333,-1.0596678256988525,-0.20334474709353606
COHFACE_s32_session0_lamp,4,98,7.266666666666667,-1.0951253175735474,-0.48418720077709615
COHFACE_s32_session0_lamp,4,99,7.3,-1.1194792985916138,-0.7412966378510487
COHFACE_s32_session0_lamp,4,100,7.333333333333333,-1.1505354642868042,-0.9546412860329828
COHFACE_s32_session0_lamp,4,101,7.366666666666666,-1.194610357284546,-1.1069873012191198
COHFACE_s32_session0_lamp,4,102,7.4,-1.2291876077651978,-1.1858214619330505
COHFACE_s32_session0_lamp,4,103,7.433333333333334,-1.2534642219543457,-1.185692498234879
COHFACE_s32_session0_lamp,4,104,7.466666666666667,-1.2823275327682495,-1.1103204179990716
COHFACE_s32_session0_lamp,4,105,7.5,-1.310912847518921,-0.9729756074996051
COHFACE_s32_session0_lamp,4,106,7.533333333333333,-1.344038486480713,-0.7940503430406279
COHFACE_s32_session0_lamp,4,107,7.566666666666666,-1.36548912525177,-0.5961990175012837
COHFACE_s32_session0_lamp,4,108,7.6,-1.3622922897338867,-0.39886142998521235
COHFACE_s32_session0_lamp,4,109,7.633333333333334,-1.2054977416992188,-0.21443020851784877
COHFACE_s32_session0_lamp,4,110,7.666666666666667,-0.7983537912368774,-0.0474401193592469
COHFACE_s32_session0_lamp,4,111,7.7,-0.4247215688228607,0.10342027725439222
COHFACE_s32_session0_lamp,4,112,7.733333333333333,-0.2632322311401367,0.24194405581389433
COHFACE_s32_session0_lamp,4,113,7.766666666666667,-0.19914305210113525,0.37147828880453776
COHFACE_s32_session0_lamp,4,114,7.8,-0.16166245937347412,0.49354280258747424
COHFACE_s32_session0_lamp,4,115,7.833333333333333,-0.15676698088645935,0.6079856777139921
COHFACE_s32_session0_lamp,4,116,7.866666666666666,-0.20755958557128906,0.7138375781596479
COHFACE_s32_session0_lamp,4,117,7.9,-0.2695176303386688,0.80990249550091
COHFACE_s32_session0_lamp,4,118,7.933333333333334,-0.2673092484474182,0.8946411707691353
COHFACE_s32_session0_lamp,4,119,7.966666666666667,-0.2386930286884308,0.9655494524065561
COHFACE_s32_session0_lamp,4,120,8.0,-0.23212967813014984,1.0185242868575632
COHFACE_s32_session0_lamp,4,121,8.033333333333333,-0.2602362632751465,1.0476508756133953
COHFACE_s32_session0_lamp,4,122,8.066666666666666,-0.3178856670856476,1.0456544504024887
COHFACE_s32_session0_lamp,4,123,8.1,-0.38256168365478516,1.0050199368500652
COHFACE_s32_session0_lamp,4,124,8.133333333333333,-0.4351920485496521,0.9195257728650397
COHFACE_s32_session0_lamp,4,125,8.166666666666666,-0.4881003499031067,0.7857716864588632
COHFACE_s32_session0_lamp,4,126,8.2,-0.5243300795555115,0.6042893640488345
COHFACE_s32_session0_lamp,4,127,8.233333333333333,-0.5456725358963013,0.37997698384825457
COHFACE_s32_session0_lamp,4,128,8.266666666666667,-0.5747983455657959,0.12179595280000205
COHFACE_s32_session0_lamp,4,129,8.3,-0.6130974292755127,-0.15818135357193128
COHFACE_s32_session0_lamp,4,130,8.333333333333334,-0.6508714556694031,-0.44619389948493593
COHFACE_s32_session0_lamp,4,131,8.366666666666667,-0.6828851699829102,-0.7283740750642406
COHFACE_s32_session0_lamp,4,132,8.4,-0.7202113270759583,-0.9919905073227491
COHFACE_s32_session0_lamp,4,133,8.433333333333334,-0.7522404789924622,-1.2258334353035487
COHFACE_s32_session0_lamp,4,134,8.466666666666667,-0.7712047100067139,-1.4195723426140117
COHFACE_s32_session0_lamp,4,135,8.5,-0.7982766032218933,-1.5625203881154768
COHFACE_s32_session0_lamp,4,136,8.533333333333333,-0.8364212512969971,-1.6427794542229035
COHFACE_s32_session0_lamp,4,137,8.566666666666666,-0.8576247096061707,-1.6478581148265876
COHFACE_s32_session0_lamp,4,138,8.6,-0.742032527923584,-1.5673272300566303
COHFACE_s32_session0_lamp,4,139,8.633333333333333,-0.371319055557251,-1.3969501267776145
COHFACE_s32_session0_lamp,4,140,8.666666666666666,0.03187144547700882,-1.142494937430962
COHFACE_s32_session0_lamp,4,141,8.7,0.2637816369533539,-0.8210621290252472
COHFACE_s32_session0_lamp,4,142,8.733333333333333,0.36850184202194214,-0.4587772778681101
COHFACE_s32_session0_lamp,4,143,8.766666666666667,0.44355568289756775,-0.08547284031426444
COHFACE_s32_session0_lamp,4,144,8.8,0.4972825050354004,0.2715937486273561
COHFACE_s32_session0_lamp,4,145,8.833333333333334,0.4603424072265625,0.5925766555551161
COHFACE_s32_session0_lamp,4,146,8.866666666666667,0.36655598878860474,0.8668305960343237
COHFACE_s32_session0_lamp,4,147,8.9,0.3330906331539154,1.0915169028701739
COHFACE_s32_session0_lamp,4,148,8.933333333333334,0.35719743371009827,1.2682284278976859
COHFACE_s32_session0_lamp,4,149,8.966666666666667,0.3655830919742584,1.3993743435686599
COHFACE_s32_session0_lamp,4,150,9.0,0.3307741582393646,1.4856497070673973
COHFACE_s32_session0_lamp,4,151,9.033333333333333,0.2750706076622009,1.5250984532810403
COHFACE_s32_session0_lamp,4,152,9.066666666666666,0.2212820202112198,1.5136805301975043
COHFACE_s32_session0_lamp,4,153,9.1,0.16686026751995087,1.4469187221874051
COHFACE_s32_session0_lamp,4,154,9.133333333333333,0.09824622422456741,1.3219684651239345
COHFACE_s32_session0_lamp,4,155,9.166666666666666,0.037353772670030594,1.1394109181039604
COHFACE_s32_session0_lamp,4,156,9.2,-0.003308114828541875,0.9043082542413782
COHFACE_s32_session0_lamp,4,157,9.233333333333333,-0.048911821097135544,0.6264135680821671
COHFACE_s32_session0_lamp,4,158,9.266666666666667,-0.1007700115442276,0.3196571701255186
COHFACE_s32_session0_lamp,4,159,9.3,-0.15100666880607605,0.001037303175902584
COHFACE_s32_session0_lamp,4,160,9.333333333333334,-0.20301929116249084,-0.3110708575029105
COHFACE_s32_session0_lamp,4,161,9.366666666666667,-0.2631087005138397,-0.5991258574415591
COHFACE_s32_session0_lamp,4,162,9.4,-0.3164031207561493,-0.8487535924089007
COHFACE_s32_session0_lamp,4,163,9.433333333333334,-0.3603235185146332,-1.0504920461576293
COHFACE_s32_session0_lamp,4,164,9.466666666666667,-0.405479371547699,-1.2003030774110304
COHFACE_s32_session0_lamp,4,165,9.5,-0.44014930725097656,-1.2986722605488599
COHFACE_s32_session0_lamp,4,166,9.533333333333333,-0.4806567430496216,-1.3487130557638851
COHFACE_s32_session0_lamp,4,167,9.566666666666666,-0.5227239727973938,-1.3540417349433747
COHFACE_s32_session0_lamp,4,168,9.6,-0.46891993284225464,-1.3171021644670688
COHFACE_s32_session0_lamp,4,169,9.633333333333333,-0.1641179323196411,-1.2383069173049872
COHFACE_s32_session0_lamp,4,170,9.666666666666666,0.2888459265232086,-1.1161303599829913
COHFACE_s32_session0_lamp,4,171,9.7,0.6223722696304321,-0.9482091049957055
COHFACE_s32_session0_lamp,4,172,9.733333333333333,0.8190102577209473,-0.7334247357767826
COHFACE_s32_session0_lamp,4,173,9.766666666666667,0.9600682258605957,-0.4746130146859504
COHFACE_s32_session0_lamp,4,174,9.8,1.077976942062378,-0.1809716246687141
COHFACE_s32_session0_lamp,4,175,9.833333333333334,1.1408460140228271,0.13106155302985587
COHFACE_s32_session0_lamp,4,176,9.866666666666667,1.1116275787353516,0.43926906482554906
COHFACE_s32_session0_lamp,4,177,9.9,1.062456488609314,0.7193152539950481
COHFACE_s32_session0_lamp,4,178,9.933333333333334,1.0720157623291016,0.9495120254027738
COHFACE_s32_session0_lamp,4,179,9.966666666666667,1.106593132019043,1.115047817860887
COHFACE_s32_session0_lamp,4,180,10.0,1.1037824153900146,1.2101716136770941
COHFACE_s32_session0_lamp,4,181,10.033333333333333,1.0502254962921143,1.2377111414725603
COHFACE_s32_session0_lamp,4,182,10.066666666666666,0.974631130695343,1.2065736690164388
COHFACE_s32_session0_lamp,4,183,10.1,0.8958091735839844,1.1285996074666784
COHFACE_s32_session0_lamp,4,184,10.133333333333333,0.8074741959571838,1.0157999875232442
COHFACE_s32_session0_lamp,4,185,10.166666666666666,0.716467559337616,0.8783224360428963
COHFACE_s32_session0_lamp,4,186,10.2,0.6302019357681274,0.7232795177114171
COHFACE_s32_session0_lamp,4,187,10.233333333333333,0.5498356223106384,0.5546353815633369
COHFACE_s32_session0_lamp,4,188,10.266666666666667,0.4753531813621521,0.3741560305528392
COHFACE_s32_session0_lamp,4,189,10.3,0.39424562454223633,0.18298423530918473
COHFACE_s32_session0_lamp,4,190,10.333333333333334,0.29811182618141174,-0.016935545203507683
COHFACE_s32_session0_lamp,4,191,10.366666666666667,0.18994781374931335,-0.2221858176025936
COHFACE_s32_session0_lamp,4,192,10.4,0.10473235696554184,-0.4278905121452553
COHFACE_s32_session0_lamp,4,193,10.433333333333334,0.020412607118487358,-0.6278684536283857
COHFACE_s32_session0_lamp,4,194,10.466666666666667,-0.07680220156908035,-0.8146062402859746
COHFACE_s32_session0_lamp,4,195,10.5,-0.15313783288002014,-0.9792095005778889
COHFACE_s32_session0_lamp,4,196,10.533333333333333,-0.2246551811695099,-1.1116054449369759
COHFACE_s32_session0_lamp,4,197,10.566666666666666,-0.3020254969596863,-1.2011075572865224
COHFACE_s32_session0_lamp,4,198,10.6,-0.38015255331993103,-1.237363569540346
COHFACE_s32_session0_lamp,4,199,10.633333333333333,-0.4060662090778351,-1.2117457224438843
COHFACE_s32_session0_lamp,4,200,10.666666666666666,-0.2100459337234497,-1.119231404896747
COHFACE_s32_session0_lamp,4,201,10.7,0.22546713054180145,-0.9605257545493961
COHFACE_s32_session0_lamp,4,202,10.733333333333333,0.6385412812232971,-0.7436442712865902
COHFACE_s32_session0_lamp,4,203,10.766666666666667,0.9190511703491211,-0.48396061407528895
COHFACE_s32_session0_lamp,4,204,10.8,1.148768424987793,-0.20224639661072277
COHFACE_s32_session0_lamp,4,205,10.833333333333334,1.3719532489776611,0.0788575087184937
COHFACE_s32_session0_lamp,4,206,10.866666666666667,1.5335506200790405,0.3388189181227096
COHFACE_s32_session0_lamp,4,207,10.9,1.5890380144119263,0.5623967393197516
COHFACE_s32_session0_lamp,4,208,10.933333333333334,1.566166639328003,0.7411852333519462
COHFACE_s32_session0_lamp,4,209,10.966666666666667,1.5628000497817993,0.8733100392270791
COHFACE_s32_session0_lamp,4,210,11.0,1.596265435218811,0.9616227872310043
COHFACE_s32_session0_lamp,4,211,11.033333333333333,1.59745454788208,1.0111470173082966
COHFACE_s32_session0_lamp,4,212,11.066666666666666,1.5516809225082397,1.026747589691577
COHFACE_s32_session0_lamp,4,213,11.1,1.460195541381836,1.011838933719715
COHFACE_s32_session0_lamp,4,214,11.133333333333333,1.3492517471313477,0.9683669444124305
COHFACE_s32_session0_lamp,4,215,11.166666666666666,1.2409178018569946,0.8976552400553179
COHFACE_s32_session0_lamp,4,216,11.2,1.122128963470459,0.8014167179633376
COHFACE_s32_session0_lamp,4,217,11.233333333333333,1.0118029117584229,0.6823991131532402
COHFACE_s32_session0_lamp,4,218,11.266666666666667,0.8930911421775818,0.5445434496092192
COHFACE_s32_session0_lamp,4,219,11.3,0.7739161252975464,0.3927683338780153
COHFACE_s32_session0_lamp,4,220,11.333333333333334,0.6480542421340942,0.23239156688509505
COHFACE_s32_session0_lamp,4,221,11.366666666666667,0.515381932258606,0.06820598071687733
COHFACE_s32_session0_lamp,4,222,11.4,0.38706454634666443,-0.09635271582243513
COHFACE_s32_session0_lamp,4,223,11.433333333333334,0.25534966588020325,-0.2591731253242073
COHFACE_s32_session0_lamp,4,224,11.466666666666667,0.1322675496339798,-0.41811974904417853
COHFACE_s32_session0_lamp,4,225,11.5,0.005309178493916988,-0.5687534033781662
COHFACE_s32_session0_lamp,4,226,11.533333333333333,-0.11292379349470139,-0.7022928152621959
COHFACE_s32_session0_lamp,4,227,11.566666666666666,-0.2246551811695099,-0.8052223440035723
COHFACE_s32_session0_lamp,4,228,11.6,-0.3301166594028473,-0.8614055246810585
COHFACE_s32_session0_lamp,4,229,11.633333333333333,-0.4256790280342102,-0.8564492418268249
COHFACE_s32_session0_lamp,4,230,11.666666666666666,-0.5243146419525146,-0.7829176699563681
COHFACE_s32_session0_lamp,4,231,11.7,-0.5962334871292114,-0.6444748746711044
COHFACE_s32_session0_lamp,4,232,11.733333333333333,-0.554814875125885,-0.4574338986041129
COHFACE_s32_session0_lamp,4,233,11.766666666666667,-0.2512020170688629,-0.24908017562484253
COHFACE_s32_session0_lamp,4,234,11.8,0.20767658948898315,-0.052951532658026865
COHFACE_s32_session0_lamp,4,235,11.833333333333334,0.5946980714797974,0.09811069397869666
COHFACE_s32_session0_lamp,4,236,11.866666666666667,0.8685982823371887,0.17974749955747066
COHFACE_s32_session0_lamp,4,237,11.9,1.1052650213241577,0.18275939503469013
COHFACE_s32_session0_lamp,4,238,11.933333333333334,1.3161569833755493,0.11644921634994738
COHFACE_s32_session0_lamp,4,239,11.966666666666667,1.4376176595687866,0.006954745826753414
COHFACE_s32_session0_lamp,5,0,5.0,-0.5416109561920166,0.1786819789916037
COHFACE_s32_session0_lamp,5,1,5.033333333333333,-0.653018057346344,0.18019244513136667
COHFACE_s32_session0_lamp,5,2,5.066666666666666,-0.7671740055084229,0.1826325217170236
COHFACE_s32_session0_lamp,5,3,5.1,-0.8780097365379333,0.18814949151234714
COHFACE_s32_session0_lamp,5,4,5.133333333333334,-0.9993313550949097,0.19561413739816333
COHFACE_s32_session0_lamp,5,5,5.166666666666667,-1.1338568925857544,0.20026835701330417
COHFACE_s32_session0_lamp,5,6,5.2,-1.2387315034866333,0.19473593185758972
COHFACE_s32_session0_lamp,5,7,5.233333333333333,-1.3330738544464111,0.17109881819435768
COHFACE_s32_session0_lamp,5,8,5.266666666666667,-1.4362651109695435,0.12335917216982598
COHFACE_s32_session0_lamp,5,9,5.3,-1.5417729616165161,0.04957448014538341
COHFACE_s32_session0_lamp,5,10,5.333333333333333,-1.6366866827011108,-0.04695356519767385
COHFACE_s32_session0_lamp,5,11,5.366666666666666,-1.733747124671936,-0.15792518659280091
COHFACE_s32_session0_lamp,5,12,5.4,-1.8248463869094849,-0.2719628551100823
COHFACE_s32_session0_lamp,5,13,5.433333333333334,-1.8907270431518555,-0.37788608428617293
COHFACE_s32_session0_lamp,5,14,5.466666666666667,-1.9495655298233032,-0.46822054484285
COHFACE_s32_session0_lamp,5,15,5.5,-2.0123419761657715,-0.5413692991904989
COHFACE_s32_session0_lamp,5,16,5.533333333333333,-2.078392505645752,-0.6012869069467192
COHFACE_s32_session0_lamp,5,17,5.566666666666666,-2.143022298812866,-0.6546212463901294
COHFACE_s32_session0_lamp,5,18,5.6,-2.20062518119812,-0.7065023404250471
COHFACE_s32_session0_lamp,5,19,5.633333333333334,-2.192749261856079,-0.7567471071472659
COHFACE_s32_session0_lamp,5,20,5.666666666666667,-1.9572099447250366,-0.7979042631198089
COHFACE_s32_session0_lamp,5,21,5.7,-1.5625286102294922,-0.8157358566901252
COHFACE_s32_session0_lamp,5,22,5.733333333333333,-1.2785903215408325,-0.7920230619678404
COHFACE_s32_session0_lamp,5,23,5.766666666666667,-1.1304748058319092,-0.7091132835523585
COHFACE_s32_session0_lamp,5,24,5.8,-1.0362714529037476,-0.5552378292487062
COHFACE_s32_session0_lamp,5,25,5.833333333333333,-0.9682287573814392,-0.32922222545442764
COHFACE_s32_session0_lamp,5,26,5.866666666666666,-0.9606615900993347,-0.04295988479761946
COHFACE_s32_session0_lamp,5,27,5.9,-1.0146818161010742,0.2795494962135848
COHFACE_s32_session0_lamp,5,28,5.933333333333334,-1.0415066480636597,0.6065110294809428
COHFACE_s32_session0_lamp,5,29,5.966666666666667,-1.015021562576294,0.9045501379339542
COHFACE_s32_session0_lamp,5,30,6.0,-0.9861428737640381,1.144836466982333
COHFACE_s32_session0_lamp,5,31,6.033333333333333,-1.0003042221069336,1.3074709929394162
COHFACE_s32_session0_lamp,5,32,6.066666666666666,-1.057814598083496,1.3833407243204803
COHFACE_s32_session0_lamp,5,33,6.1,-1.1310153007507324,1.3735483575328373
COHFACE_s32_session0_lamp,5,34,6.133333333333334,-1.2045093774795532,1.2871377511384177
COHFACE_s32_session0_lamp,5,35,6.166666666666667,-1.272768259048462,1.1380005133162008
COHFACE_s32_session0_lamp,5,36,6.2,-1.3428339958190918,0.9416808710596003
COHFACE_s32_session0_lamp,5,37,6.233333333333333,-1.4051316976547241,0.712683754092652
COHFACE_s32_session0_lamp,5,38,6.266666666666667,-1.463491439819336,0.4629897011952759
COHFACE_s32_session0_lamp,5,39,6.3,-1.5125854015350342,0.20232776164373606
COHFACE_s32_session0_lamp,5,40,6.333333333333333,-1.5703582763671875,-0.0600124093662574
COHFACE_s32_session0_lamp,5,41,6.366666666666666,-1.6251815557479858,-0.3130147508222711
COHFACE_s32_session0_lamp,5,42,6.4,-1.6785377264022827,-0.5430142211504586
COHFACE_s32_session0_lamp,5,43,6.433333333333334,-1.7376388311386108,-0.7349995856752536
COHFACE_s32_session0_lamp,5,44,6.466666666666667,-1.7813584804534912,-0.8757023252262034
COHFACE_s32_session0_lamp,5,45,6.5,-1.8223909139633179,-0.9568711344376614
COHFACE_s32_session0_lamp,5,46,6.533333333333333,-1.8637632131576538,-0.9771374547704459
COHFACE_s32_session0_lamp,5,47,6.566666666666666,-1.8939392566680908,-0.9418474283805194
COHFACE_s32_session0_lamp,5,48,6.6,-1.9245012998580933,-0.8613459976278198
COHFACE_s32_session0_lamp,5,49,6.633333333333334,-1.924377679824829,-0.7487179667091156
COHFACE_s32_session0_lamp,5,50,6.666666666666667,-1.70965576171875,-0.6176874167040369
COHFACE_s32_session0_lamp,5,51,6.7,-1.298125982284546,-0.48072637791127704
COHFACE_s32_session0_lamp,5,52,6.733333333333333,-0.9975244998931885,-0.34711297690643794
COHFACE_s32_session0_lamp,5,53,6.766666666666667,-0.8866424560546875,-0.22103872718786782
COHFACE_s32_session0_lamp,5,54,6.8,-0.8305219411849976,-0.10062454578404309
COHFACE_s32_session0_lamp,5,55,6.833333333333333,-0.7919449210166931,0.02099925761830447
COHFACE_s32_session0_lamp,5,56,6.866666666666666,-0.7984464764595032,0.15216885954118325
COHFACE_s32_session0_lamp,5,57,6.9,-0.8544279932975769,0.29776438533202476
COHFACE_s32_session0_lamp,5,58,6.933333333333334,-0.8881713151931763,0.4550281788771079
COHFACE_s32_session0_lamp,5,59,6.966666666666667,-0.8548604249954224,0.612171485113033
COHFACE_s32_session0_lamp,5,60,7.0,-0.8193565607070923,0.7504459478468559
COHFACE_s32_session0_lamp,5,61,7.033333333333333,-0.8034809231758118,0.8487277781363476
COHFACE_s32_session0_lamp,5,62,7.066666666666666,-0.8287923336029053,0.8888483173615351
COHFACE_s32_session0_lamp,5,63,7.1,-0.8837082386016846,0.8599625744599746
COHFACE_s32_session0_lamp,5,64,7.133333333333334,-0.933836817741394,0.7607617102340128
COHFACE_s32_session0_lamp,5,65,7.166666666666667,-0.9813554883003235,0.5991112931839632
COHFACE_s32_session0_lamp,5,66,7.2,-1.021723985671997,0.3895933928348787
COHFACE_s32_session0_lamp,5,67,7.233333333333333,-1.0596678256988525,0.15013192221956065
COHFACE_s32_session0_lamp,5,68,7.266666666666667,-1.0951253175735474,-0.10093912936579601
COHFACE_s32_session0_lamp,5,69,7.3,-1.1194792985916138,-0.3464918913884197
COHFACE_s32_session0_lamp,5,70,7.333333333333333,-1.1505354642868042,-0.5709768570138095
COHFACE_s32_session0_lamp,5,71,7.366666666666666,-1.194610357284546,-0.7603962902001606
COHFACE_s32_session0_lamp,5,72,7.4,-1.2291876077651978,-0.9027850609040411
COHFACE_s32_session0_lamp,5,73,7.433333333333334,-1.2534642219543457,-0.9894753910941614
COHFACE_s32_session0_lamp,5,74,7.466666666666667,-1.2823275327682495,-1.0165752979887852
COHFACE_s32_session0_lamp,5,75,7.5,-1.310912847518921,-0.9856780858354549
COHFACE_s32_session0_lamp,5,76,7.533333333333333,-1.344038486480713,-0.903188738239325
COHFACE_s32_session0_lamp,5,77,7.566666666666666,-1.36548912525177,-0.7784768871861343
COHFACE_s32_session0_lamp,5,78,7.6,-1.3622922897338867,-0.621725885227013
COHFACE_s32_session0_lamp,5,79,7.633333333333334,-1.2054977416992188,-0.4424150849958945
COHFACE_s32_session0_lamp,5,80,7.666666666666667,-0.7983537912368774,-0.24883677159555834
COHFACE_s32_session0_lamp,5,81,7.7,-0.4247215688228607,-0.048387056787269345
COHFACE_s32_session0_lamp,5,82,7.733333333333333,-0.2632322311401367,0.151928028803143
COHFACE_s32_session0_lamp,5,83,7.766666666666667,-0.19914305210113525,0.3452257282277531
COHFACE_s32_session0_lamp,5,84,7.8,-0.16166245937347412,0.5248847497406804
COHFACE_s32_session0_lamp,5,85,7.833333333333333,-0.15676698088645935,0.6849668596250876
COHFACE_s32_session0_lamp,5,86,7.866666666666666,-0.20755958557128906,0.8206435194092803
COHFACE_s32_session0_lamp,5,87,7.9,-0.2695176303386688,0.9284010288400909
COHFACE_s32_session0_lamp,5,88,7.933333333333334,-0.2673092484474182,1.005996627648949
COHFACE_s32_session0_lamp,5,89,7.966666666666667,-0.2386930286884308,1.052246185427078
COHFACE_s32_session0_lamp,5,90,8.0,-0.23212967813014984,1.0666315691142165
COHFACE_s32_session0_lamp,5,91,8.033333333333333,-0.2602362632751465,1.048686790053911
COHFACE_s32_session0_lamp,5,92,8.066666666666666,-0.3178856670856476,0.9973618794740147
COHFACE_s32_session0_lamp,5,93,8.1,-0.38256168365478516,0.9108100422130845
COHFACE_s32_session0_lamp,5,94,8.133333333333333,-0.4351920485496521,0.78696337028802
COHFACE_s32_session0_lamp,5,95,8.166666666666666,-0.4881003499031067,0.6248840983191664
COHFACE_s32_session0_lamp,5,96,8.2,-0.5243300795555115,0.42644618758523134
COHFACE_s32_session0_lamp,5,97,8.233333333333333,-0.5456725358963013,0.19764629971002431
COHFACE_s32_session0_lamp,5,98,8.266666666666667,-0.5747983455657959,-0.05110463104996793
COHFACE_s32_session0_lamp,5,99,8.3,-0.6130974292755127,-0.3060187051574295
COHFACE_s32_session0_lamp,5,100,8.333333333333334,-0.6508714556694031,-0.5521093495393079
COHFACE_s32_session0_lamp,5,101,8.366666666666667,-0.6828851699829102,-0.7758362175552782
COHFACE_s32_session0_lamp,5,102,8.4,-0.7202113270759583,-0.9672620166318266
COHFACE_s32_session0_lamp,5,103,8.433333333333334,-0.7522404789924622,-1.120884398623499
COHFACE_s32_session0_lamp,5,104,8.466666666666667,-0.7712047100067139,-1.234848031580906
COHFACE_s32_session0_lamp,5,105,8.5,-0.7982766032218933,-1.3089479792111567
COHFACE_s32_session0_lamp,5,106,8.533333333333333,-0.8364212512969971,-1.3423640056146358
COHFACE_s32_session0_lamp,5,107,8.566666666666666,-0.8576247096061707,-1.3322230348051558
COHFACE_s32_session0_lamp,5,108,8.6,-0.742032527923584,-1.273804976611262
COHFACE_s32_session0_lamp,5,109,8.633333333333333,-0.371319055557251,-1.1624943138003259
COHFACE_s32_session0_lamp,5,110,8.666666666666666,0.03187144547700882,-0.9966619042762468
COHFACE_s32_session0_lamp,5,111,8.7,0.2637816369533539,-0.7800533674785893
COHFACE_s32_session0_lamp,5,112,8.733333333333333,0.36850184202194214,-0.5223984064349501
COHFACE_s32_session0_lamp,5,113,8.766666666666667,0.44355568289756775,-0.23783478238228725
COHFACE_s32_session0_lamp,5,114,8.8,0.4972825050354004,0.058078503480797766
COHFACE_s32_session0_lamp,5,115,8.833333333333334,0.4603424072265625,0.35122309720114814
COHFACE_s32_session0_lamp,5,116,8.866666666666667,0.36655598878860474,0.6302892638012051
COHFACE_s32_session0_lamp,5,117,8.9,0.3330906331539154,0.8862428410885512
COHFACE_s32_session0_lamp,5,118,8.933333333333334,0.35719743371009827,1.1106465374205656
COHFACE_s32_session0_lamp,5,119,8.966666666666667,0.3655830919742584,1.2942332542582493
COHFACE_s32_session0_lamp,5,120,9.0,0.3307741582393646,1.4268573026706515
COHFACE_s32_session0_lamp,5,121,9.033333333333333,0.2750706076622009,1.4990327167919701
COHFACE_s32_session0_lamp,5,122,9.066666666666666,0.2212820202112198,1.504313728183152
COHFACE_s32_session0_lamp,5,123,9.1,0.16686026751995087,1.4412933737916491
COHFACE_s32_session0_lamp,5,124,9.133333333333333,0.09824622422456741,1.3142148684829122
COHFACE_s32_session0_lamp,5,125,9.166666666666666,0.037353772670030594,1.1319458348083533
COHFACE_s32_session0_lamp,5,126,9.2,-0.003308114828541875,0.90592169544594
COHFACE_s32_session0_lamp,5,127,9.233333333333333,-0.048911821097135544,0.6481047160688825
COHFACE_s32_session0_lamp,5,128,9.266666666666667,-0.1007700115442276,0.3697791745052108
COHFACE_s32_session0_lamp,5,129,9.3,-0.15100666880607605,0.08137909204982065
COHFACE_s32_session0_lamp,5,130,9.333333333333334,-0.20301929116249084,-0.20702417401164713
COHFACE_s32_session0_lamp,5,131,9.366666666666667,-0.2631087005138397,-0.485210232278446
COHFACE_s32_session0_lamp,5,132,9.4,-0.3164031207561493,-0.7428086854174407
COHFACE_s32_session0_lamp,5,133,9.433333333333334,-0.3603235185146332,-0.9699362816363302
COHFACE_s32_session0_lamp,5,134,9.466666666666667,-0.405479371547699,-1.1581105913569538
COHFACE_s32_session0_lamp,5,135,9.5,-0.44014930725097656,-1.3008977177568857
COHFACE_s32_session0_lamp,5,136,9.533333333333333,-0.4806567430496216,-1.3940293937667216
COHFACE_s32_session0_lamp,5,137,9.566666666666666,-0.5227239727973938,-1.4350625907727628
COHFACE_s32_session0_lamp,5,138,9.6,-0.46891993284225464,-1.4227087349862517
COHFACE_s32_session0_lamp,5,139,9.633333333333333,-0.1641179323196411,-1.3560091119241389
COHFACE_s32_session0_lamp,5,140,9.666666666666666,0.2888459265232086,-1.2338371750523704
COHFACE_s32_session0_lamp,5,141,9.7,0.6223722696304321,-1.055374761817871
COHFACE_s32_session0_lamp,5,142,9.733333333333333,0.8190102577209473,-0.8218112550757902
COHFACE_s32_session0_lamp,5,143,9.766666666666667,0.9600682258605957,-0.5387442133140785
COHFACE_s32_session0_lamp,5,144,9.8,1.077976942062378,-0.21813582732873338
COHFACE_s32_session0_lamp,5,145,9.833333333333334,1.1408460140228271,0.12137731002020867
COHFACE_s32_session0_lamp,5,146,9.866666666666667,1.1116275787353516,0.45640531733291106
COHFACE_s32_session0_lamp,5,147,9.9,1.062456488609314,0.7625658649538497
COHFACE_s32_session0_lamp,5,148,9.933333333333334,1.0720157623291016,1.0188664236786233
COHFACE_s32_session0_lamp,5,149,9.966666666666667,1.106593132019043,1.2112040181539923
COHFACE_s32_session0_lamp,5,150,10.0,1.1037824153900146,1.333859538850556
COHFACE_s32_session0_lamp,5,151,10.033333333333333,1.0502254962921143,1.3886914400844117
COHFACE_s32_session0_lamp,5,152,10.066666666666666,0.974631130695343,1.3826065938627135
COHFACE_s32_session0_lamp,5,153,10.1,0.8958091735839844,1.3244281127453876
COHFACE_s32_session0_lamp,5,154,10.133333333333333,0.8074741959571838,1.2223041974746018
COHFACE_s32_session0_lamp,5,155,10.166666666666666,0.716467559337616,1.0824107683852968
COHFACE_s32_session0_lamp,5,156,10.2,0.6302019357681274,0.9091306344768006
COHFACE_s32_session0_lamp,5,157,10.233333333333333,0.5498356223106384,0.7063371437452436
COHFACE_s32_session0_lamp,5,158,10.266666666666667,0.4753531813621521,0.47901810299056685
COHFACE_s32_session0_lamp,5,159,10.3,0.39424562454223633,0.23436804075394405
COHFACE_s32_session0_lamp,5,160,10.333333333333334,0.29811182618141174,-0.018273130299423127
COHFACE_s32_session0_lamp,5,161,10.366666666666667,0.18994781374931335,-0.26865441901861364
COHFACE_s32_session0_lamp,5,162,10.4,0.10473235696554184,-0.5073254903810478
COHFACE_s32_session0_lamp,5,163,10.433333333333334,0.020412607118487358,-0.726849804151484
COHFACE_s32_session0_lamp,5,164,10.466666666666667,-0.07680220156908035,-0.9219824603989423
COHFACE_s32_session0_lamp,5,165,10.5,-0.15313783288002014,-1.088982020279499
COHFACE_s32_session0_lamp,5,166,10.533333333333333,-0.2246551811695099,-1.2245868171015728
COHFACE_s32_session0_lamp,5,167,10.566666666666666,-0.3020254969596863,-1.3250676203524605
COHFACE_s32_session0_lamp,5,168,10.6,-0.38015255331993103,-1.3854537906485758
COHFACE_s32_session0_lamp,5,169,10.633333333333333,-0.4060662090778351,-1.3989947550532231
COHFACE_s32_session0_lamp,5,170,10.666666666666666,-0.2100459337234497,-1.3572970648532752
COHFACE_s32_session0_lamp,5,171,10.7,0.22546713054180145,-1.2517824605495809
COHFACE_s32_session0_lamp,5,172,10.733333333333333,0.6385412812232971,-1.0766005911474186
COHFACE_s32_session0_lamp,5,173,10.766666666666667,0.9190511703491211,-0.8321623815347303
COHFACE_s32_session0_lamp,5,174,10.8,1.148768424987793,-0.5277476210198172
COHFACE_s32_session0_lamp,5,175,10.833333333333334,1.3719532489776611,-0.18179806835459605
COHFACE_s32_session0_lamp,5,176,10.866666666666667,1.5335506200790405,0.18042749593871457
COHFACE_s32_session0_lamp,5,177,10.9,1.5890380144119263,0.5310000019285204
COHFACE_s32_session0_lamp,5,178,10.933333333333334,1.566166639328003,0.8439623426178285
COHFACE_s32_session0_lamp,5,179,10.966666666666667,1.5628000497817993,1.0992850053173173
COHFACE_s32_session0_lamp,5,180,11.0,1.596265435218811,1.2852621871963816
COHFACE_s32_session0_lamp,5,181,11.033333333333333,1.59745454788208,1.398912710700599
COHFACE_s32_session0_lamp,5,182,11.066666666666666,1.5516809225082397,1.444540938505181
COHFACE_s32_session0_lamp,5,183,11.1,1.460195541381836,1.4311350901827866
COHFACE_s32_session0_lamp,5,184,11.133333333333333,1.3492517471313477,1.3694840775376786
COHFACE_s32_session0_lamp,5,185,11.166666666666666,1.2409178018569946,1.2697446646255888
COHFACE_s32_session0_lamp,5,186,11.2,1.122128963470459,1.1398435010975818
COHFACE_s32_session0_lamp,5,187,11.233333333333333,1.0118029117584229,0.9848126982352495
COHFACE_s32_session0_lamp,5,188,11.266666666666667,0.8930911421775818,0.807060117388418
COHFACE_s32_session0_lamp,5,189,11.3,0.7739161252975464,0.6074907688228077
COHFACE_s32_session0_lamp,5,190,11.333333333333334,0.6480542421340942,0.38715701730764396
COHFACE_s32_session0_lamp,5,191,11.366666666666667,0.515381932258606,0.1488708857999931
COHFACE_s32_session0_lamp,5,192,11.4,0.38706454634666443,-0.1018086941540404
COHFACE_s32_session0_lamp,5,193,11.433333333333334,0.25534966588020325,-0.35656384798653634
COHFACE_s32_session0_lamp,5,194,11.466666666666667,0.1322675496339798,-0.6052495073930735
COHFACE_s32_session0_lamp,5,195,11.5,0.005309178493916988,-0.8373724582417026
COHFACE_s32_session0_lamp,5,196,11.533333333333333,-0.11292379349470139,-1.0435291552890142
COHFACE_s32_session0_lamp,5,197,11.566666666666666,-0.2246551811695099,-1.2162942593004555
COHFACE_s32_session0_lamp,5,198,11.6,-0.3301166594028473,-1.350371701942874
COHFACE_s32_session0_lamp,5,199,11.633333333333333,-0.4256790280342102,-1.4421771257125033
COHFACE_s32_session0_lamp,5,200,11.666666666666666,-0.5243146419525146,-1.4891960503559434
COHFACE_s32_session0_lamp,5,201,11.7,-0.5962334871292114,-1.4893772033807835
COHFACE_s32_session0_lamp,5,202,11.733333333333333,-0.554814875125885,-1.440602094604406
COHFACE_s32_session0_lamp,5,203,11.766666666666667,-0.2512020170688629,-1.3402382281791367
COHFACE_s32_session0_lamp,5,204,11.8,0.20767658948898315,-1.1850680406311755
COHFACE_s32_session0_lamp,5,205,11.833333333333334,0.5946980714797974,-0.9721414657660493
COHFACE_s32_session0_lamp,5,206,11.866666666666667,0.8685982823371887,-0.7008986816708782
COHFACE_s32_session0_lamp,5,207,11.9,1.1052650213241577,-0.3761888685049543
COHFACE_s32_session0_lamp,5,208,11.933333333333334,1.3161569833755493,-0.01094351907790587
COHFACE_s32_session0_lamp,5,209,11.966666666666667,1.4376176595687866,0.37305015726459523
COHFACE_s32_session0_lamp,5,210,12.0,1.4264676570892334,0.7471836629301032
COHFACE_s32_session0_lamp,5,211,12.033333333333333,1.385512351989746,1.0805916920806198
COHFACE_s32_session0_lamp,5,212,12.066666666666666,1.3869022130966187,1.34595068394428
COHFACE_s32_session0_lamp,5,213,12.1,1.3759684562683105,1.524726118358643
COHFACE_s32_session0_lamp,5,214,12.133333333333333,1.3238013982772827,1.6102219746277362
COHFACE_s32_session0_lamp,5,215,12.166666666666666,1.224470853805542,1.6075506897314922
COHFACE_s32_session0_lamp,5,216,12.2,1.0953505039215088,1.5307845645799398
COHFACE_s32_session0_lamp,5,217,12.233333333333333,0.9659057259559631,1.398487337343117
COHFACE_s32_session0_lamp,5,218,12.266666666666667,0.8439200520515442,1.2291057830249568
COHFACE_s32_session0_lamp,5,219,12.3,0.7180427312850952,1.0374223929197826
COHFACE_s32_session0_lamp,5,220,12.333333333333334,0.5895246267318726,0.8327885126875688
COHFACE_s32_session0_lamp,5,221,12.366666666666667,0.471554160118103,0.6194292075397341
COHFACE_s32_session0_lamp,5,222,12.4,0.3528270125389099,0.39870568970978204
COHFACE_s32_session0_lamp,5,223,12.433333333333334,0.22548256814479828,0.1724844023222498
COHFACE_s32_session0_lamp,5,224,12.466666666666667,0.092671237885952,-0.05417463288765889
COHFACE_s32_session0_lamp,5,225,12.5,-0.02874302864074707,-0.2727316785269496
COHFACE_s32_session0_lamp,5,226,12.533333333333333,-0.1547902524471283,-0.4733303395532985
COHFACE_s32_session0_lamp,5,227,12.566666666666666,-0.2791387140750885,-0.647625833149265
COHFACE_s32_session0_lamp,5,228,12.6,-0.3877042531967163,-0.7902168959287708
COHFACE_s32_session0_lamp,5,229,12.633333333333333,-0.4859074354171753,-0.8979425563724762
COHFACE_s32_session0_lamp,5,230,12.666666666666666,-0.5816860198974609,-0.968093317676918
COHFACE_s32_session0_lamp,5,231,12.7,-0.6663764119148254,-0.9974566105653843
COHFACE_s32_session0_lamp,5,232,12.733333333333333,-0.757321298122406,-0.9833713599707047
COHFACE_s32_session0_lamp,5,233,12.766666666666667,-0.8524821400642395,-0.9262652243681065
COHFACE_s32_session0_lamp,5,234,12.8,-0.9015451073646545,-0.8318025306150001
COHFACE_s32_session0_lamp,5,235,12.833333333333334,-0.7359633445739746,-0.7108002179004864
COHFACE_s32_session0_lamp,5,236,12.866666666666667,-0.33240222930908203,-0.5765327285412444
COHFACE_s32_session0_lamp,5,237,12.9,0.07058749347925186,-0.44073657772830294
COHFACE_s32_session0_lamp,5,238,12.933333333333334,0.3523019552230835,-0.3103018690026566
COHFACE_s32_session0_lamp,5,239,12.966666666666667,0.5689079761505127,-0.186258734902906
COHFACE_s32_session0_lamp,6,0,6.0,-0.9861428737640381,-0.02839929304968938
COHFACE_s32_session0_lamp,6,1,6.033333333333333,-1.0003042221069336,-0.20657151415274538
COHFACE_s32_session0_lamp,6,2,6.066666666666666,-1.057814598083496,-0.3683558201400694
COHFACE_s32_session0_lamp,6,3,6.1,-1.1310153007507324,-0.49861023761111656
COHFACE_s32_session0_lamp,6,4,6.133333333333334,-1.2045093774795532,-0.5874035888817885
COHFACE_s32_session0_lamp,6,5,6.166666666666667,-1.272768259048462,-0.6320373661833903
COHFACE_s32_session0_lamp,6,6,6.2,-1.3428339958190918,-0.6376952567024772
COHFACE_s32_session0_lamp,6,7,6.233333333333333,-1.4051316976547241,-0.6165681464718016
COHFACE_s32_session0_lamp,6,8,6.266666666666667,-1.463491439819336,-0.5854438832626343
COHFACE_s32_session0_lamp,6,9,6.3,-1.5125854015350342,-0.5617302079663444
COHFACE_s32_session0_lamp,6,10,6.333333333333333,-1.5703582763671875,-0.5584151507460744
COHFACE_s32_session0_lamp,6,11,6.366666666666666,-1.6251815557479858,-0.579440299061207
COHFACE_s32_session0_lamp,6,12,6.4,-1.6785377264022827,-0.6175780122635778
COHFACE_s32_session0_lamp,6,13,6.433333333333334,-1.7376388311386108,-0.6561888911587204
COHFACE_s32_session0_lamp,6,14,6.466666666666667,-1.7813584804534912,-0.6741617439056393
COHFACE_s32_session0_lamp,6,15,6.5,-1.8223909139633179,-0.6515983171007059
COHFACE_s32_session0_lamp,6,16,6.533333333333333,-1.8637632131576538,-0.5739610924566162
COHFACE_s32_session0_lamp,6,17,6.566666666666666,-1.8939392566680908,-0.4340629624745447
COHFACE_s32_session0_lamp,6,18,6.6,-1.9245012998580933,-0.23289807342928895
COHFACE_s32_session0_lamp,6,19,6.633333333333334,-1.924377679824829,0.019558698303984053
COHFACE_s32_session0_lamp,6,20,6.666666666666667,-1.70965576171875,0.3039540182150623
COHFACE_s32_session0_lamp,6,21,6.7,-1.298125982284546,0.5931850685547269
COHFACE_s32_session0_lamp,6,22,6.733333333333333,-0.9975244998931885,0.856996484442177
COHFACE_s32_session0_lamp,6,23,6.766666666666667,-0.8866424560546875,1.0684556918232837
COHFACE_s32_session0_lamp,6,24,6.8,-0.8305219411849976,1.2096091009502972
COHFACE_s32_session0_lamp,6,25,6.833333333333333,-0.7919449210166931,1.2737951809658556
COHFACE_s32_session0_lamp,6,26,6.866666666666666,-0.7984464764595032,1.2640980263115156
COHFACE_s32_session0_lamp,6,27,6.9,-0.8544279932975769,1.1896133154358093
COHFACE_s32_session0_lamp,6,28,6.933333333333334,-0.8881713151931763,1.0618701634763341
COHFACE_s32_session0_lamp,6,29,6.966666666666667,-0.8548604249954224,0.8928292126352502
COHFACE_s32_session0_lamp,6,30,7.0,-0.8193565607070923,0.694356241455443
COHFACE_s32_session0_lamp,6,31,7.033333333333333,-0.8034809231758118,0.4780843169350157
COHFACE_s32_session0_lamp,6,32,7.066666666666666,-0.8287923336029053,0.2547239382621716
COHFACE_s32_session0_lamp,6,33,7.1,-0.8837082386016846,0.03278076634489193
COHFACE_s32_session0_lamp,6,34,7.133333333333334,-0.933836817741394,-0.18254283972874447
COHFACE_s32_session0_lamp,6,35,7.166666666666667,-0.9813554883003235,-0.38936849942609075
COHFACE_s32_session0_lamp,6,36,7.2,-1.021723985671997,-0.5878236924388378
COHFACE_s32_session0_lamp,6,37,7.233333333333333,-1.0596678256988525,-0.7778773228841457
COHFACE_s32_session0_lamp,6,38,7.266666666666667,-1.0951253175735474,-0.9570826028296686
COHFACE_s32_session0_lamp,6,39,7.3,-1.1194792985916138,-1.1188311938585194
COHFACE_s32_session0_lamp,6,40,7.333333333333333,-1.1505354642868042,-1.2515554245334557
COHFACE_s32_session0_lamp,6,41,7.366666666666666,-1.194610357284546,-1.3393347811210323
COHFACE_s32_session0_lamp,6,42,7.4,-1.2291876077651978,-1.3644004173554345
COHFACE_s32_session0_lamp,6,43,7.433333333333334,-1.2534642219543457,-1.3115441591495363
COHFACE_s32_session0_lamp,6,44,7.466666666666667,-1.2823275327682495,-1.173291197257521
COHFACE_s32_session0_lamp,6,45,7.5,-1.310912847518921,-0.9537830483382604
COHFACE_s32_session0_lamp,6,46,7.533333333333333,-1.344038486480713,-0.669554476182239
COHFACE_s32_session0_lamp,6,47,7.566666666666666,-1.36548912525177,-0.3466597808739631
COHFACE_s32_session0_lamp,6,48,7.6,-1.3622922897338867,-0.01515018027745009
COHFACE_s32_session0_lamp,6,49,7.633333333333334,-1.2054977416992188,0.297068099868455
COHFACE_s32_session0_lamp,6,50,7.666666666666667,-0.7983537912368774,0.5689326910331184
COHFACE_s32_session0_lamp,6,51,7.7,-0.4247215688228607,0.7883013971082437
COHFACE_s32_session0_lamp,6,52,7.733333333333333,-0.2632322311401367,0.9514892677927295
COHFACE_s32_session0_lamp,6,53,7.766666666666667,-0.19914305210113525,1.0612383575890287
COHFACE_s32_session0_lamp,6,54,7.8,-0.16166245937347412,1.124170208580882
COHFACE_s32_session0_lamp,6,55,7.833333333333333,-0.15676698088645935,1.1483264234300457
COHFACE_s32_session0_lamp,6,56,7.866666666666666,-0.20755958557128906,1.1410060340815658
COHFACE_s32_session0_lamp,6,57,7.9,-0.2695176303386688,1.1070812834626735
COHFACE_s32_session0_lamp,6,58,7.933333333333334,-0.2673092484474182,1.0482164092067372
COHFACE_s32_session0_lamp,6,59,7.966666666666667,-0.2386930286884308,0.9634213600196826
COHFACE_s32_session0_lamp,6,60,8.0,-0.23212967813014984,0.8508391978320563
COHFACE_s32_session0_lamp,6,61,8.033333333333333,-0.2602362632751465,0.7100153600774314
COHFACE_s32_session0_lamp,6,62,8.066666666666666,-0.3178856670856476,0.5436830405529314
COHFACE_s32_session0_lamp,6,63,8.1,-0.38256168365478516,0.35835187761802906
COHFACE_s32_session0_lamp,6,64,8.133333333333333,-0.4351920485496521,0.16346429108797347
COHFACE_s32_session0_lamp,6,65,8.166666666666666,-0.4881003499031067,-0.03058728862052055
COHFACE_s32_session0_lamp,6,66,8.2,-0.5243300795555115,-0.21485423681047294
COHFACE_s32_session0_lamp,6,67,8.233333333333333,-0.5456725358963013,-0.38375112253044846
COHFACE_s32_session0_lamp,6,68,8.266666666666667,-0.5747983455657959,-0.5358311069361211
COHFACE_s32_session0_lamp,6,69,8.3,-0.6130974292755127,-0.6732348241013433
COHFACE_s32_session0_lamp,6,70,8.333333333333334,-0.6508714556694031,-0.8001335811845116
COHFACE_s32_session0_lamp,6,71,8.366666666666667,-0.6828851699829102,-0.9206952749743537
COHFACE_s32_session0_lamp,6,72,8.4,-0.7202113270759583,-1.0369460040703264
COHFACE_s32_session0_lamp,6,73,8.433333333333334,-0.7522404789924622,-1.1467642965818932
COHFACE_s32_session0_lamp,6,74,8.466666666666667,-0.7712047100067139,-1.2424275106457299
COHFACE_s32_session0_lamp,6,75,8.5,-0.7982766032218933,-1.3103593812006282
COHFACE_s32_session0_lamp,6,76,8.533333333333333,-0.8364212512969971,-1.3326294477063159
COHFACE_s32_session0_lamp,6,77,8.566666666666666,-0.8576247096061707,-1.290372782399622
COHFACE_s32_session0_lamp,6,78,8.6,-0.742032527923584,-1.1687772778108043
COHFACE_s32_session0_lamp,6,79,8.633333333333333,-0.371319055557251,-0.9625338184763181
COHFACE_s32_session0_lamp,6,80,8.666666666666666,0.03187144547700882,-0.679817214742621
COHFACE_s32_session0_lamp,6,81,8.7,0.2637816369533539,-0.34273977560436336
COHFACE_s32_session0_lamp,6,82,8.733333333333333,0.36850184202194214,0.016644257825665303
COHFACE_s32_session0_lamp,6,83,8.766666666666667,0.44355568289756775,0.36376675594184493
COHFACE_s32_session0_lamp,6,84,8.8,0.4972825050354004,0.6697111349941295
COHFACE_s32_session0_lamp,6,85,8.833333333333334,0.4603424072265625,0.9170138675041049
COHFACE_s32_session0_lamp,6,86,8.866666666666667,0.36655598878860474,1.1011889834941913
COHFACE_s32_session0_lamp,6,87,8.9,0.3330906331539154,1.2280587777903385
COHFACE_s32_session0_lamp,6,88,8.933333333333334,0.35719743371009827,1.3086133286103963
COHFACE_s32_session0_lamp,6,89,8.966666666666667,0.3655830919742584,1.3536981294720571
COHFACE_s32_session0_lamp,6,90,9.0,0.3307741582393646,1.370295100714321
COHFACE_s32_session0_lamp,6,91,9.033333333333333,0.2750706076622009,1.3600943934082754
COHFACE_s32_session0_lamp,6,92,9.066666666666666,0.2212820202112198,1.3201344969899986
COHFACE_s32_session0_lamp,6,93,9.1,0.16686026751995087,1.2447909976383131
COHFACE_s32_session0_lamp,6,94,9.133333333333333,0.09824622422456741,1.128280038240401
COHFACE_s32_session0_lamp,6,95,9.166666666666666,0.037353772670030594,0.9669717762039544
COHFACE_s32_session0_lamp,6,96,9.2,-0.003308114828541875,0.7610407266726175
COHFACE_s32_session0_lamp,6,97,9.233333333333333,-0.048911821097135544,0.5152403593855763
COHFACE_s32_session0_lamp,6,98,9.266666666666667,-0.1007700115442276,0.2388197652051838
COHFACE_s32_session0_lamp,6,99,9.3,-0.15100666880607605,-0.0553102869547254
COHFACE_s32_session0_lamp,6,100,9.333333333333334,-0.20301929116249084,-0.35209585582852115
COHFACE_s32_session0_lamp,6,101,9.366666666666667,-0.2631087005138397,-0.6363945336757901
COHFACE_s32_session0_lamp,6,102,9.4,-0.3164031207561493,-0.8951004194618118
COHFACE_s32_session0_lamp,6,103,9.433333333333334,-0.3603235185146332,-1.1186751760617857
COHFACE_s32_session0_lamp,6,104,9.466666666666667,-0.405479371547699,-1.3016482271239533
COHFACE_s32_session0_lamp,6,105,9.5,-0.44014930725097656,-1.4420558255562588
COHFACE_s32_session0_lamp,6,106,9.533333333333333,-0.4806567430496216,-1.5400255366017115
COHFACE_s32_session0_lamp,6,107,9.566666666666666,-0.5227239727973938,-1.595810069372654
COHFACE_s32_session0_lamp,6,108,9.6,-0.46891993284225464,-1.6077071046554954
COHFACE_s32_session0_lamp,6,109,9.633333333333333,-0.1641179323196411,-1.5704923755344464
COHFACE_s32_session0_lamp,6,110,9.666666666666666,0.2888459265232086,-1.4751280473598936
COHFACE_s32_session0_lamp,6,111,9.7,0.6223722696304321,-1.310421921290192
COHFACE_s32_session0_lamp,6,112,9.733333333333333,0.8190102577209473,-1.0668445045798682
COHFACE_s32_session0_lamp,6,113,9.766666666666667,0.9600682258605957,-0.7417850273088624
COHFACE_s32_session0_lamp,6,114,9.8,1.077976942062378,-0.34443883614581167
COHFACE_s32_session0_lamp,6,115,9.833333333333334,1.1408460140228271,0.10193137352357816
COHFACE_s32_session0_lamp,6,116,9.866666666666667,1.1116275787353516,0.561864398391095
COHFACE_s32_session0_lamp,6,117,9.9,1.062456488609314,0.9936101550823166
COHFACE_s32_session0_lamp,6,118,9.933333333333334,1.0720157623291016,1.3573843114342161
COHFACE_s32_session0_lamp,6,119,9.966666666666667,1.106593132019043,1.6233223999887403
COHFACE_s32_session0_lamp,6,120,10.0,1.1037824153900146,1.7765703486151383
COHFACE_s32_session0_lamp,6,121,10.033333333333333,1.0502254962921143,1.818085040361859
COHFACE_s32_session0_lamp,6,122,10.066666666666666,0.974631130695343,1.761449739335858
COHFACE_s32_session0_lamp,6,123,10.1,0.8958091735839844,1.6273990149163424
COHFACE_s32_session0_lamp,6,124,10.133333333333333,0.8074741959571838,1.4381164799940298
COHFACE_s32_session0_lamp,6,125,10.166666666666666,0.716467559337616,1.2129256747864006
COHFACE_s32_session0_lamp,6,126,10.2,0.6302019357681274,0.9662532036209576
COHFACE_s32_session0_lamp,6,127,10.233333333333333,0.5498356223106384,0.7078686187690096
COHFACE_s32_session0_lamp,6,128,10.266666666666667,0.4753531813621521,0.44452875185688157
COHFACE_s32_session0_lamp,6,129,10.3,0.39424562454223633,0.18172438792287526
COHFACE_s32_session0_lamp,6,130,10.333333333333334,0.29811182618141174,-0.07544066302715313
COHFACE_s32_session0_lamp,6,131,10.366666666666667,0.18994781374931335,-0.32236359411357024
COHFACE_s32_session0_lamp,6,132,10.4,0.10473235696554184,-0.555396221003601
COHFACE_s32_session0_lamp,6,133,10.433333333333334,0.020412607118487358,-0.7718235993685154
COHFACE_s32_session0_lamp,6,134,10.466666666666667,-0.07680220156908035,-0.9691082847120694
COHFACE_s32_session0_lamp,6,135,10.5,-0.15313783288002014,-1.1438024082767522
COHFACE_s32_session0_lamp,6,136,10.533333333333333,-0.2246551811695099,-1.2906882100062702
COHFACE_s32_session0_lamp,6,137,10.566666666666666,-0.3020254969596863,-1.4024514059430873
COHFACE_s32_session0_lamp,6,138,10.6,-0.38015255331993103,-1.469932919772498
COHFACE_s32_session0_lamp,6,139,10.633333333333333,-0.4060662090778351,-1.4829790068627393
COHFACE_s32_session0_lamp,6,140,10.666666666666666,-0.2100459337234497,-1.432041442418681
COHFACE_s32_session0_lamp,6,141,10.7,0.22546713054180145,-1.3105855658026426
COHFACE_s32_session0_lamp,6,142,10.733333333333333,0.6385412812232971,-1.117841481703216
COHFACE_s32_session0_lamp,6,143,10.766666666666667,0.9190511703491211,-0.8608734222727277
COHFACE_s32_session0_lamp,6,144,10.8,1.148768424987793,-0.5548853043789611
COHFACE_s32_session0_lamp,6,145,10.833333333333334,1.3719532489776611,-0.22129627550418302
COHFACE_s32_session0_lamp,6,146,10.866666666666667,1.5335506200790405,0.11587623247908814
COHFACE_s32_session0_lamp,6,147,10.9,1.5890380144119263,0.43405175830757864
COHFACE_s32_session0_lamp,6,148,10.933333333333334,1.566166639328003,0.7152628111985565
COHFACE_s32_session0_lamp,6,149,10.966666666666667,1.5628000497817993,0.9477120627042874
COHFACE_s32_session0_lamp,6,150,11.0,1.596265435218811,1.1255692374588147
COHFACE_s32_session0_lamp,6,151,11.033333333333333,1.59745454788208,1.2474729443508537
COHFACE_s32_session0_lamp,6,152,11.066666666666666,1.5516809225082397,1.314695666297284
COHFACE_s32_session0_lamp,6,153,11.1,1.460195541381836,1.329910109707259
COHFACE_s32_session0_lamp,6,154,11.133333333333333,1.3492517471313477,1.2968286105735434
COHFACE_s32_session0_lamp,6,155,11.166666666666666,1.2409178018569946,1.2202854163864243
COHFACE_s32_session0_lamp,6,156,11.2,1.122128963470459,1.1062082728462421
COHFACE_s32_session0_lamp,6,157,11.233333333333333,1.0118029117584229,0.9612592968665189
COHFACE_s32_session0_lamp,6,158,11.266666666666667,0.8930911421775818,0.7922737199372987
COHFACE_s32_session0_lamp,6,159,11.3,0.7739161252975464,0.6057621111374074
COHFACE_s32_session0_lamp,6,160,11.333333333333334,0.6480542421340942,0.4076641488591625
COHFACE_s32_session0_lamp,6,161,11.366666666666667,0.515381932258606,0.20338291852650292
COHFACE_s32_session0_lamp,6,162,11.4,0.38706454634666443,-0.001982244223465308
COHFACE_s32_session0_lamp,6,163,11.433333333333334,0.25534966588020325,-0.20335104044672975
COHFACE_s32_session0_lamp,6,164,11.466666666666667,0.1322675496339798,-0.39552015818289066
COHFACE_s32_session0_lamp,6,165,11.5,0.005309178493916988,-0.5733329575363044
COHFACE_s32_session0_lamp,6,166,11.533333333333333,-0.11292379349470139,-0.7321838630945665
COHFACE_s32_session0_lamp,6,167,11.566666666666666,-0.2246551811695099,-0.8686742051376524
COHFACE_s32_session0_lamp,6,168,11.6,-0.3301166594028473,-0.9810904962233394
COHFACE_s32_session0_lamp,6,169,11.633333333333333,-0.4256790280342102,-1.069398248979004
COHFACE_s32_session0_lamp,6,170,11.666666666666666,-0.5243146419525146,-1.1346355756163562
COHFACE_s32_session0_lamp,6,171,11.7,-0.5962334871292114,-1.1777903874559124
COHFACE_s32_session0_lamp,6,172,11.733333333333333,-0.554814875125885,-1.1983434053237723
COHFACE_s32_session0_lamp,6,173,11.766666666666667,-0.2512020170688629,-1.1927821822282132
COHFACE_s32_session0_lamp,6,174,11.8,0.20767658948898315,-1.1536473748900493
COHFACE_s32_session0_lamp,6,175,11.833333333333334,0.5946980714797974,-1.069907694950888
COHFACE_s32_session0_lamp,6,176,11.866666666666667,0.8685982823371887,-0.929347821939183
COHFACE_s32_session0_lamp,6,177,11.9,1.1052650213241577,-0.7228809090969271
COHFACE_s32_session0_lamp,6,178,11.933333333333334,1.3161569833755493,-0.44944422241236737
COHFACE_s32_session0_lamp,6,179,11.966666666666667,1.4376176595687866,-0.1193652220144358
COHFACE_s32_session0_lamp,6,180,12.0,1.4264676570892334,0.24544560688931852
COHFACE_s32_session0_lamp,6,181,12.033333333333333,1.385512351989746,0.6147897932710951
COHFACE_s32_session0_lamp,6,182,12.066666666666666,1.3869022130966187,0.955941730788553
COHFACE_s32_session0_lamp,6,183,12.1,1.3759684562683105,1.2400135766188205
COHFACE_s32_session0_lamp,6,184,12.133333333333333,1.3238013982772827,1.4469234412999803
COHFACE_s32_session0_lamp,6,185,12.166666666666666,1.224470853805542,1.5675807691188923
COHFACE_s32_session0_lamp,6,186,12.2,1.0953505039215088,1.603044742670899
COHFACE_s32_session0_lamp,6,187,12.233333333333333,0.9659057259559631,1.5615067453121618
COHFACE_s32_session0_lamp,6,188,12.266666666666667,0.8439200520515442,1.4544938049129514
COHFACE_s32_session0_lamp,6,189,12.3,0.7180427312850952,1.293639641808663
COHFACE_s32_session0_lamp,6,190,12.333333333333334,0.5895246267318726,1.0889383730575641
COHFACE_s32_session0_lamp,6,191,12.366666666666667,0.471554160118103,0.8487950390324631
COHFACE_s32_session0_lamp,6,192,12.4,0.3528270125389099,0.5815453059430181
COHFACE_s32_session0_lamp,6,193,12.433333333333334,0.22548256814479828,0.29746466956122164
COHFACE_s32_session0_lamp,6,194,12.466666666666667,0.092671237885952,0.00983523584774077
COHFACE_s32_session0_lamp,6,195,12.5,-0.02874302864074707,-0.26604317338360417
COHFACE_s32_session0_lamp,6,196,12.533333333333333,-0.1547902524471283,-0.5157466650453185
COHFACE_s32_session0_lamp,6,197,12.566666666666666,-0.2791387140750885,-0.7290202891564369
COHFACE_s32_session0_lamp,6,198,12.6,-0.3877042531967163,-0.9015720857062838
COHFACE_s32_session0_lamp,6,199,12.633333333333333,-0.4859074354171753,-1.034357654070503
COHFACE_s32_session0_lamp,6,200,12.666666666666666,-0.5816860198974609,-1.1309644368034002
COHFACE_s32_session0_lamp,6,201,12.7,-0.6663764119148254,-1.1948232042246112
COHFACE_s32_session0_lamp,6,202,12.733333333333333,-0.757321298122406,-1.2277194751489713
COHFACE_s32_session0_lamp,6,203,12.766666666666667,-0.8524821400642395,-1.229848638400408
COHFACE_s32_session0_lamp,6,204,12.8,-0.9015451073646545,-1.2005204607146172
COHFACE_s32_session0_lamp,6,205,12.833333333333334,-0.7359633445739746,-1.1384528840022283
COHFACE_s32_session0_lamp,6,206,12.866666666666667,-0.33240222930908203,-1.0414899190712719
COHFACE_s32_session0_lamp,6,207,12.9,0.07058749347925186,-0.9065365788213872
COHFACE_s32_session0_lamp,6,208,12.933333333333334,0.3523019552230835,-0.7305289752048725
COHFACE_s32_session0_lamp,6,209,12.966666666666667,0.5689079761505127,-0.5124341858086813
COHFACE_s32_session0_lamp,6,210,13.0,0.7625654339790344,-0.2553844858321871
COHFACE_s32_session0_lamp,6,211,13.033333333333333,0.8742967844009399,0.03208751980558364
COHFACE_s32_session0_lamp,6,212,13.066666666666666,0.8659266233444214,0.33599976834250134
COHFACE_s32_session0_lamp,6,213,13.1,0.8132035732269287,0.6377068690759367
COHFACE_s32_session0_lamp,6,214,13.133333333333333,0.8040766716003418,0.9153992169513041
COHFACE_s32_session0_lamp,6,215,13.166666666666666,0.8146089315414429,1.146561417790034
COHFACE_s32_session0_lamp,6,216,13.2,0.7748890519142151,1.3112818578048469
COHFACE_s32_session0_lamp,6,217,13.233333333333333,0.6873108148574829,1.3956306073042246
COHFACE_s32_session0_lamp,6,218,13.266666666666667,0.5692477226257324,1.3941044479003115
COHFACE_s32_session0_lamp,6,219,13.3,0.4502580165863037,1.3104664575509162
COHFACE_s32_session0_lamp,6,220,13.333333333333334,0.3294614851474762,1.1568524526186892
COHFACE_s32_session0_lamp,6,221,13.366666666666667,0.19822536408901215,0.951451072505877
COHFACE_s32_session0_lamp,6,222,13.4,0.07244067639112473,0.7152606372927998
COHFACE_s32_session0_lamp,6,223,13.433333333333334,-0.052139442414045334,0.4685549609798306
COHFACE_s32_session0_lamp,6,224,13.466666666666667,-0.16280525922775269,0.22788702361845817
COHFACE_s32_session0_lamp,6,225,13.5,-0.2694249749183655,0.004517124778554727
COHFACE_s32_session0_lamp,6,226,13.533333333333333,-0.3716433644294739,-0.19520749912337973
COHFACE_s32_session0_lamp,6,227,13.566666666666666,-0.48508894443511963,-0.3677948694390941
COHFACE_s32_session0_lamp,6,228,13.6,-0.6024879813194275,-0.5100507711571212
COHFACE_s32_session0_lamp,6,229,13.633333333333333,-0.7037952542304993,-0.6175539355596009
COHFACE_s32_session0_lamp,6,230,13.666666666666666,-0.7936436533927917,-0.6851112132425264
COHFACE_s32_session0_lamp,6,231,13.7,-0.8782413601875305,-0.7090063490910805
COHFACE_s32_session0_lamp,6,232,13.733333333333333,-0.9576656222343445,-0.6898683522002922
COHFACE_s32_session0_lamp,6,233,13.766666666666667,-1.0453366041183472,-0.6345692441998331
COHFACE_s32_session0_lamp,6,234,13.8,-1.1338413953781128,-0.5558712369735539
COHFACE_s32_session0_lamp,6,235,13.833333333333334,-1.1987181901931763,-0.4695431343959361
COHFACE_s32_session0_lamp,6,236,13.866666666666667,-1.1779625415802002,-0.38996093414057986
COHFACE_s32_session0_lamp,6,237,13.9,-0.9295744895935059,-0.3259947757737379
COHFACE_s32_session0_lamp,6,238,13.933333333333334,-0.5215811729431152,-0.2787574379614641
COHFACE_s32_session0_lamp,6,239,13.966666666666667,-0.19227084517478943,-0.24194635623592073
COHFACE_s32_session0_lamp,7,0,7.0,-0.8193565607070923,0.10222938208199868
COHFACE_s32_session0_lamp,7,1,7.033333333333333,-0.8034809231758118,-0.05166735203106955
COHFACE_s32_session0_lamp,7,2,7.066666666666666,-0.8287923336029053,-0.19176709973305356
COHFACE_s32_session0_lamp,7,3,7.1,-0.8837082386016846,-0.3046304380869838
COHFACE_s32_session0_lamp,7,4,7.133333333333334,-0.933836817741394,-0.3840023732770786
COHFACE_s32_session0_lamp,7,5,7.166666666666667,-0.9813554883003235,-0.43250816897532585
COHFACE_s32_session0_lamp,7,6,7.2,-1.021723985671997,-0.4608231266064644
COHFACE_s32_session0_lamp,7,7,7.233333333333333,-1.0596678256988525,-0.4843924299551171
COHFACE_s32_session0_lamp,7,8,7.266666666666667,-1.0951253175735474,-0.5185609372606931
COHFACE_s32_session0_lamp,7,9,7.3,-1.1194792985916138,-0.5733359457421409
COHFACE_s32_session0_lamp,7,10,7.333333333333333,-1.1505354642868042,-0.6492236400001244
COHFACE_s32_session0_lamp,7,11,7.366666666666666,-1.194610357284546,-0.7357255739019457
COHFACE_s32_session0_lamp,7,12,7.4,-1.2291876077651978,-0.8138109015435017
COHFACE_s32_session0_lamp,7,13,7.433333333333334,-1.2534642219543457,-0.8622517659629054
COHFACE_s32_session0_lamp,7,14,7.466666666666667,-1.2823275327682495,-0.8653035001438623
COHFACE_s32_session0_lamp,7,15,7.5,-1.310912847518921,-0.8178854370148754
COHFACE_s32_session0_lamp,7,16,7.533333333333333,-1.344038486480713,-0.7257705939384498
COHFACE_s32_session0_lamp,7,17,7.566666666666666,-1.36548912525177,-0.6012466024078281
COHFACE_s32_session0_lamp,7,18,7.6,-1.3622922897338867,-0.4570778430067913
COHFACE_s32_session0_lamp,7,19,7.633333333333334,-1.2054977416992188,-0.3020561143551688
COHFACE_s32_session0_lamp,7,20,7.666666666666667,-0.7983537912368774,-0.13994449854706756
COHFACE_s32_session0_lamp,7,21,7.7,-0.4247215688228607,0.028586327801157357
COHFACE_s32_session0_lamp,7,22,7.733333333333333,-0.2632322311401367,0.2028940187553428
COHFACE_s32_session0_lamp,7,23,7.766666666666667,-0.19914305210113525,0.3800965943549749
COHFACE_s32_session0_lamp,7,24,7.8,-0.16166245937347412,0.5544574003640164
COHFACE_s32_session0_lamp,7,25,7.833333333333333,-0.15676698088645935,0.7181012529395236
COHFACE_s32_session0_lamp,7,26,7.866666666666666,-0.20755958557128906,0.8623056359477612
COHFACE_s32_session0_lamp,7,27,7.9,-0.2695176303386688,0.9788216008805158
COHFACE_s32_session0_lamp,7,28,7.933333333333334,-0.2673092484474182,1.060998921867909
COHFACE_s32_session0_lamp,7,29,7.966666666666667,-0.2386930286884308,1.1046253705723679
COHFACE_s32_session0_lamp,7,30,8.0,-0.23212967813014984,1.108350728960043
COHFACE_s32_session0_lamp,7,31,8.033333333333333,-0.2602362632751465,1.073584313014777
COHFACE_s32_session0_lamp,7,32,8.066666666666666,-0.3178856670856476,1.0039601156735902
COHFACE_s32_session0_lamp,7,33,8.1,-0.38256168365478516,0.9046071721615971
COHFACE_s32_session0_lamp,7,34,8.133333333333333,-0.4351920485496521,0.7813371198309719
COHFACE_s32_session0_lamp,7,35,8.166666666666666,-0.4881003499031067,0.639705810199022
COHFACE_s32_session0_lamp,7,36,8.2,-0.5243300795555115,0.48400434484277444
COHFACE_s32_session0_lamp,7,37,8.233333333333333,-0.5456725358963013,0.31649089079426046
COHFACE_s32_session0_lamp,7,38,8.266666666666667,-0.5747983455657959,0.13730802666949432
COHFACE_s32_session0_lamp,7,39,8.3,-0.6130974292755127,-0.054645617300603286
COHFACE_s32_session0_lamp,7,40,8.333333333333334,-0.6508714556694031,-0.26006318849181226
COHFACE_s32_session0_lamp,7,41,8.366666666666667,-0.6828851699829102,-0.4773587072098438
COHFACE_s32_session0_lamp,7,42,8.4,-0.7202113270759583,-0.7011978515539686
COHFACE_s32_session0_lamp,7,43,8.433333333333334,-0.7522404789924622,-0.9218578169302507
COHFACE_s32_session0_lamp,7,44,8.466666666666667,-0.7712047100067139,-1.1256013216783582
COHFACE_s32_session0_lamp,7,45,8.5,-0.7982766032218933,-1.2960203392814253
COHFACE_s32_session0_lamp,7,46,8.533333333333333,-0.8364212512969971,-1.4161094504939906
COHFACE_s32_session0_lamp,7,47,8.566666666666666,-0.8576247096061707,-1.4707672618041399
COHFACE_s32_session0_lamp,7,48,8.6,-0.742032527923584,-1.4494737981050705
COHFACE_s32_session0_lamp,7,49,8.633333333333333,-0.371319055557251,-1.3487521089532668
COHFACE_s32_session0_lamp,7,50,8.666666666666666,0.03187144547700882,-1.1736212771063748
COHFACE_s32_session0_lamp,7,51,8.7,0.2637816369533539,-0.9371425084774592
COHFACE_s32_session0_lamp,7,52,8.733333333333333,0.36850184202194214,-0.6578085824905208
COHFACE_s32_session0_lamp,7,53,8.766666666666667,0.44355568289756775,-0.355579974545546
COHFACE_s32_session0_lamp,7,54,8.8,0.4972825050354004,-0.04811617308653997
COHFACE_s32_session0_lamp,7,55,8.833333333333334,0.4603424072265625,0.2512914865283397
COHFACE_s32_session0_lamp,7,56,8.866666666666667,0.36655598878860474,0.5334450469694387
COHFACE_s32_session0_lamp,7,57,8.9,0.3330906331539154,0.7912010175696018
COHFACE_s32_session0_lamp,7,58,8.933333333333334,0.35719743371009827,1.017130197221875
COHFACE_s32_session0_lamp,7,59,8.966666666666667,0.3655830919742584,1.202358760110272
COHFACE_s32_session0_lamp,7,60,9.0,0.3307741582393646,1.3372073356322427
COHFACE_s32_session0_lamp,7,61,9.033333333333333,0.2750706076622009,1.4131688343128461
COHFACE_s32_session0_lamp,7,62,9.066666666666666,0.2212820202112198,1.4251869547236995
COHFACE_s32_session0_lamp,7,63,9.1,0.16686026751995087,1.3731993119577393
COHFACE_s32_session0_lamp,7,64,9.133333333333333,0.09824622422456741,1.2622780200613335
COHFACE_s32_session0_lamp,7,65,9.166666666666666,0.037353772670030594,1.1013439977543567
COHFACE_s32_session0_lamp,7,66,9.2,-0.003308114828541875,0.9011578074164771
COHFACE_s32_session0_lamp,7,67,9.233333333333333,-0.048911821097135544,0.6726093597831668
COHFACE_s32_session0_lamp,7,68,9.266666666666667,-0.1007700115442276,0.425941690297357
COHFACE_s32_session0_lamp,7,69,9.3,-0.15100666880607605,0.17077455021171967
COHFACE_s32_session0_lamp,7,70,9.333333333333334,-0.20301929116249084,-0.08375357483432933
COHFACE_s32_session0_lamp,7,71,9.366666666666667,-0.2631087005138397,-0.3292958610898008
COHFACE_s32_session0_lamp,7,72,9.4,-0.3164031207561493,-0.5589473840615992
COHFACE_s32_session0_lamp,7,73,9.433333333333334,-0.3603235185146332,-0.7676169392159305
COHFACE_s32_session0_lamp,7,74,9.466666666666667,-0.405479371547699,-0.9517323911739161
COHFACE_s32_session0_lamp,7,75,9.5,-0.44014930725097656,-1.10844817387487
COHFACE_s32_session0_lamp,7,76,9.533333333333333,-0.4806567430496216,-1.234758937997062
COHFACE_s32_session0_lamp,7,77,9.566666666666666,-0.5227239727973938,-1.3267715761373136
COHFACE_s32_session0_lamp,7,78,9.6,-0.46891993284225464,-1.3791611739471186
COHFACE_s32_session0_lamp,7,79,9.633333333333333,-0.1641179323196411,-1.3848627740108994
COHFACE_s32_session0_lamp,7,80,9.666666666666666,0.2888459265232086,-1.3353635958085068
COHFACE_s32_session0_lamp,7,81,9.7,0.6223722696304321,-1.2221185037741118
COHFACE_s32_session0_lamp,7,82,9.733333333333333,0.8190102577209473,-1.039223623767989
COHFACE_s32_session0_lamp,7,83,9.766666666666667,0.9600682258605957,-0.7867223395711044
COHFACE_s32_session0_lamp,7,84,9.8,1.077976942062378,-0.4732910529122709
COHFACE_s32_session0_lamp,7,85,9.833333333333334,1.1408460140228271,-0.11702935479177722
COHFACE_s32_session0_lamp,7,86,9.866666666666667,1.1116275787353516,0.25623020688152676
COHFACE_s32_session0_lamp,7,87,9.9,1.062456488609314,0.6167275733220484
COHFACE_s32_session0_lamp,7,88,9.933333333333334,1.0720157623291016,0.9356575146961701
COHFACE_s32_session0_lamp,7,89,9.966666666666667,1.106593132019043,1.1898183252656456
COHFACE_s32_session0_lamp,7,90,10.0,1.1037824153900146,1.3647970615204623
COHFACE_s32_session0_lamp,7,91,10.033333333333333,1.0502254962921143,1.4559598566003111
COHFACE_s32_session0_lamp,7,92,10.066666666666666,0.974631130695343,1.4673450869121811
COHFACE_s32_session0_lamp,7,93,10.1,0.8958091735839844,1.4092457997627348
COHFACE_s32_session0_lamp,7,94,10.133333333333333,0.8074741959571838,1.2954143459490894
COHFACE_s32_session0_lamp,7,95,10.166666666666666,0.716467559337616,1.140527337982892
COHFACE_s32_session0_lamp,7,96,10.2,0.6302019357681274,0.9581677363489731
COHFACE_s32_session0_lamp,7,97,10.233333333333333,0.5498356223106384,0.759389284800707
COHFACE_s32_session0_lamp,7,98,10.266666666666667,0.4753531813621521,0.5519722177669281
COHFACE_s32_session0_lamp,7,99,10.3,0.39424562454223633,0.3405256296379431
COHFACE_s32_session0_lamp,7,100,10.333333333333334,0.29811182618141174,0.12742512584635698
COHFACE_s32_session0_lamp,7,101,10.366666666666667,0.18994781374931335,-0.08571854142856965
COHFACE_s32_session0_lamp,7,102,10.4,0.10473235696554184,-0.29657537605800927
COHFACE_s32_session0_lamp,7,103,10.433333333333334,0.020412607118487358,-0.5011463809134016
COHFACE_s32_session0_lamp,7,104,10.466666666666667,-0.07680220156908035,-0.6937299929414912
COHFACE_s32_session0_lamp,7,105,10.5,-0.15313783288002014,-0.8678022075293738
COHFACE_s32_session0_lamp,7,106,10.533333333333333,-0.2246551811695099,-1.0173199330669869
COHFACE_s32_session0_lamp,7,107,10.566666666666666,-0.3020254969596863,-1.1376782066030524
COHFACE_s32_session0_lamp,7,108,10.6,-0.38015255331993103,-1.2257304226698251
COHFACE_s32_session0_lamp,7,109,10.633333333333333,-0.4060662090778351,-1.278847092199902
COHFACE_s32_session0_lamp,7,110,10.666666666666666,-0.2100459337234497,-1.2936206574484173
COHFACE_s32_session0_lamp,7,111,10.7,0.22546713054180145,-1.2651033957757185
COHFACE_s32_session0_lamp,7,112,10.733333333333333,0.6385412812232971,-1.1871866193795324
COHFACE_s32_session0_lamp,7,113,10.766666666666667,0.9190511703491211,-1.0541334832300866
COHFACE_s32_session0_lamp,7,114,10.8,1.148768424987793,-0.8627747745487738
COHFACE_s32_session0_lamp,7,115,10.833333333333334,1.3719532489776611,-0.6147132998289314
COHFACE_s32_session0_lamp,7,116,10.866666666666667,1.5335506200790405,-0.3180176674099795
COHFACE_s32_session0_lamp,7,117,10.9,1.5890380144119263,0.012014719853582073
COHFACE_s32_session0_lamp,7,118,10.933333333333334,1.566166639328003,0.3535396733288613
COHFACE_s32_session0_lamp,7,119,10.966666666666667,1.5628000497817993,0.6806936061497063
COHFACE_s32_session0_lamp,7,120,11.0,1.596265435218811,0.9677204993729629
COHFACE_s32_session0_lamp,7,121,11.033333333333333,1.59745454788208,1.1936434065351196
COHFACE_s32_session0_lamp,7,122,11.066666666666666,1.5516809225082397,1.346024539422101
COHFACE_s32_session0_lamp,7,123,11.1,1.460195541381836,1.4225550451214553
COHFACE_s32_session0_lamp,7,124,11.133333333333333,1.3492517471313477,1.4299125954129193
COHFACE_s32_session0_lamp,7,125,11.166666666666666,1.2409178018569946,1.3803136033637222
COHFACE_s32_session0_lamp,7,126,11.2,1.122128963470459,1.287104096000283
COHFACE_s32_session0_lamp,7,127,11.233333333333333,1.0118029117584229,1.1610655021840228
COHFACE_s32_session0_lamp,7,128,11.266666666666667,0.8930911421775818,1.0086159218939499
COHFACE_s32_session0_lamp,7,129,11.3,0.7739161252975464,0.8321357939937833
COHFACE_s32_session0_lamp,7,130,11.333333333333334,0.6480542421340942,0.6318251123113866
COHFACE_s32_session0_lamp,7,131,11.366666666666667,0.515381932258606,0.40814573228342643
COHFACE_s32_session0_lamp,7,132,11.4,0.38706454634666443,0.164012125875294
COHFACE_s32_session0_lamp,7,133,11.433333333333334,0.25534966588020325,-0.09384489212147673
COHFACE_s32_session0_lamp,7,134,11.466666666666667,0.1322675496339798,-0.3547465749928777
COHFACE_s32_session0_lamp,7,135,11.5,0.005309178493916988,-0.6053440219394346
COHFACE_s32_session0_lamp,7,136,11.533333333333333,-0.11292379349470139,-0.8320243597565435
COHFACE_s32_session0_lamp,7,137,11.566666666666666,-0.2246551811695099,-1.0236654897136626
COHFACE_s32_session0_lamp,7,138,11.6,-0.3301166594028473,-1.1737371177169456
COHFACE_s32_session0_lamp,7,139,11.633333333333333,-0.4256790280342102,-1.2809446021053534
COHFACE_s32_session0_lamp,7,140,11.666666666666666,-0.5243146419525146,-1.3481510144257238
COHFACE_s32_session0_lamp,7,141,11.7,-0.5962334871292114,-1.379902322748998
COHFACE_s32_session0_lamp,7,142,11.733333333333333,-0.554814875125885,-1.3792758270429293
COHFACE_s32_session0_lamp,7,143,11.766666666666667,-0.2512020170688629,-1.3449950936742876
COHFACE_s32_session0_lamp,7,144,11.8,0.20767658948898315,-1.2698837829990695
COHFACE_s32_session0_lamp,7,145,11.833333333333334,0.5946980714797974,-1.141680542964364
COHFACE_s32_session0_lamp,7,146,11.866666666666667,0.8685982823371887,-0.9467749693275282
COHFACE_s32_session0_lamp,7,147,11.9,1.1052650213241577,-0.6762886524096723
COHFACE_s32_session0_lamp,7,148,11.933333333333334,1.3161569833755493,-0.33240373996971995
COHFACE_s32_session0_lamp,7,149,11.966666666666667,1.4376176595687866,0.06786842876622731
COHFACE_s32_session0_lamp,7,150,12.0,1.4264676570892334,0.49335647984348496
COHFACE_s32_session0_lamp,7,151,12.033333333333333,1.385512351989746,0.9038635137157571
COHFACE_s32_session0_lamp,7,152,12.066666666666666,1.3869022130966187,1.2582118356917544
COHFACE_s32_session0_lamp,7,153,12.1,1.3759684562683105,1.5227634206231955
COHFACE_s32_session0_lamp,7,154,12.133333333333333,1.3238013982772827,1.6778405842592037
COHFACE_s32_session0_lamp,7,155,12.166666666666666,1.224470853805542,1.7201866097123346
COHFACE_s32_session0_lamp,7,156,12.2,1.0953505039215088,1.6610592794842447
COHFACE_s32_session0_lamp,7,157,12.233333333333333,0.9659057259559631,1.521091043518786
COHFACE_s32_session0_lamp,7,158,12.266666666666667,0.8439200520515442,1.3239725219129037
COHFACE_s32_session0_lamp,7,159,12.3,0.7180427312850952,1.0910553281092148
COHFACE_s32_session0_lamp,7,160,12.333333333333334,0.5895246267318726,0.8382743193673178
COHFACE_s32_session0_lamp,7,161,12.366666666666667,0.471554160118103,0.5757773771179638
COHFACE_s32_session0_lamp,7,162,12.4,0.3528270125389099,0.309731370332509
COHFACE_s32_session0_lamp,7,163,12.433333333333334,0.22548256814479828,0.04510903115906153
COHFACE_s32_session0_lamp,7,164,12.466666666666667,0.092671237885952,-0.21202254147008895
COHFACE_s32_session0_lamp,7,165,12.5,-0.02874302864074707,-0.4538098994209724
COHFACE_s32_session0_lamp,7,166,12.533333333333333,-0.1547902524471283,-0.6715871215618976
COHFACE_s32_session0_lamp,7,167,12.566666666666666,-0.2791387140750885,-0.8576069668961982
COHFACE_s32_session0_lamp,7,168,12.6,-0.3877042531967163,-1.0063868459690817
COHFACE_s32_session0_lamp,7,169,12.633333333333333,-0.4859074354171753,-1.115036713882719
COHFACE_s32_session0_lamp,7,170,12.666666666666666,-0.5816860198974609,-1.1827137663687033
COHFACE_s32_session0_lamp,7,171,12.7,-0.6663764119148254,-1.2098340419613418
COHFACE_s32_session0_lamp,7,172,12.733333333333333,-0.757321298122406,-1.1975567230796507
COHFACE_s32_session0_lamp,7,173,12.766666666666667,-0.8524821400642395,-1.1475255477291189
COHFACE_s32_session0_lamp,7,174,12.8,-0.9015451073646545,-1.0614157701654021
COHFACE_s32_session0_lamp,7,175,12.833333333333334,-0.7359633445739746,-0.9400480718532032
COHFACE_s32_session0_lamp,7,176,12.866666666666667,-0.33240222930908203,-0.7826731360811717
COHFACE_s32_session0_lamp,7,177,12.9,0.07058749347925186,-0.5875304200180977
COHFACE_s32_session0_lamp,7,178,12.933333333333334,0.3523019552230835,-0.3541554651312225
COHFACE_s32_session0_lamp,7,179,12.966666666666667,0.5689079761505127,-0.0866279401976454
COHFACE_s32_session0_lamp,7,180,13.0,0.7625654339790344,0.20394806406530308
COHFACE_s32_session0_lamp,7,181,13.033333333333333,0.8742967844009399,0.49929755859464275
COHFACE_s32_session0_lamp,7,182,13.066666666666666,0.8659266233444214,0.7765748759091574
COHFACE_s32_session0_lamp,7,183,13.1,0.8132035732269287,1.0127544848458332
COHFACE_s32_session0_lamp,7,184,13.133333333333333,0.8040766716003418,1.1891344053870125
COHFACE_s32_session0_lamp,7,185,13.166666666666666,0.8146089315414429,1.2944233321127707
COHFACE_s32_session0_lamp,7,186,13.2,0.7748890519142151,1.3256336851831905
COHFACE_s32_session0_lamp,7,187,13.233333333333333,0.6873108148574829,1.2869033641982224
COHFACE_s32_session0_lamp,7,188,13.266666666666667,0.5692477226257324,1.1870220941715366
COHFACE_s32_session0_lamp,7,189,13.3,0.4502580165863037,1.0366929005366077
COHFACE_s32_session0_lamp,7,190,13.333333333333334,0.3294614851474762,0.8464299278969366
COHFACE_s32_session0_lamp,7,191,13.366666666666667,0.19822536408901215,0.6255370280323661
COHFACE_s32_session0_lamp,7,192,13.4,0.07244067639112473,0.38202551152065817
COHFACE_s32_session0_lamp,7,193,13.433333333333334,-0.052139442414045334,0.12301696654875226
COHFACE_s32_session0_lamp,7,194,13.466666666666667,-0.16280525922775269,-0.14465800649658173
COHFACE_s32_session0_lamp,7,195,13.5,-0.2694249749183655,-0.41363338034949704
COHFACE_s32_session0_lamp,7,196,13.533333333333333,-0.3716433644294739,-0.674886761290763
COHFACE_s32_session0_lamp,7,197,13.566666666666666,-0.48508894443511963,-0.9166185235089797
COHFACE_s32_session0_lamp,7,198,13.6,-0.6024879813194275,-1.1239042667211883
COHFACE_s32_session0_lamp,7,199,13.633333333333333,-0.7037952542304993,-1.2799273041494361
COHFACE_s32_session0_lamp,7,200,13.666666666666666,-0.7936436533927917,-1.368906023462692
COHFACE_s32_session0_lamp,7,201,13.7,-0.8782413601875305,-1.3798809872775484
COHFACE_s32_session0_lamp,7,202,13.733333333333333,-0.9576656222343445,-1.3099753099085367
COHFACE_s32_session0_lamp,7,203,13.766666666666667,-1.0453366041183472,-1.1658038890496525
COHFACE_s32_session0_lamp,7,204,13.8,-1.1338413953781128,-0.9623120902974008
COHFACE_s32_session0_lamp,7,205,13.833333333333334,-1.1987181901931763,-0.7193549527512524
COHFACE_s32_session0_lamp,7,206,13.866666666666667,-1.1779625415802002,-0.45738705609320923
COHFACE_s32_session0_lamp,7,207,13.9,-0.9295744895935059,-0.19391338908993327
COHFACE_s32_session0_lamp,7,208,13.933333333333334,-0.5215811729431152,0.05844946246931195
COHFACE_s32_session0_lamp,7,209,13.966666666666667,-0.19227084517478943,0.2923969947868388
COHFACE_s32_session0_lamp,7,210,14.0,0.030095478519797325,0.5051480597459652
COHFACE_s32_session0_lamp,7,211,14.033333333333333,0.20651835203170776,0.6966415423770471
COHFACE_s32_session0_lamp,7,212,14.066666666666666,0.33233392238616943,0.8671635636271345
COHFACE_s32_session0_lamp,7,213,14.1,0.35894250869750977,1.015195961577442
COHFACE_s32_session0_lamp,7,214,14.133333333333333,0.3141418695449829,1.1362278503175387
COHFACE_s32_session0_lamp,7,215,14.166666666666666,0.2960270047187805,1.222895127975291
COHFACE_s32_session0_lamp,7,216,14.2,0.31395652890205383,1.2663930949382294
COHFACE_s32_session0_lamp,7,217,14.233333333333333,0.3134314715862274,1.2587293418149919
COHFACE_s32_session0_lamp,7,218,14.266666666666667,0.27831366658210754,1.19509077907165
COHFACE_s32_session0_lamp,7,219,14.3,0.2027193307876587,1.0755683297167264
COHFACE_s32_session0_lamp,7,220,14.333333333333334,0.10206069052219391,0.9057909858287966
COHFACE_s32_session0_lamp,7,221,14.366666666666667,0.008459586650133133,0.6964263920809011
COHFACE_s32_session0_lamp,7,222,14.4,-0.0708102434873581,0.46174719281304505
COHFACE_s32_session0_lamp,7,223,14.433333333333334,-0.1708357185125351,0.21755628528530635
COHFACE_s32_session0_lamp,7,224,14.466666666666667,-0.26389631628990173,-0.021157913672994393
COHFACE_s32_session0_lamp,7,225,14.5,-0.3405407965183258,-0.24235851022974622
COHFACE_s32_session0_lamp,7,226,14.533333333333333,-0.426960825920105,-0.4383365384191051
COHFACE_s32_session0_lamp,7,227,14.566666666666666,-0.5215039849281311,-0.6058563917952237
COHFACE_s32_session0_lamp,7,228,14.6,-0.6147652864456177,-0.7449265237613546
COHFACE_s32_session0_lamp,7,229,14.633333333333333,-0.7120264172554016,-0.8565629216502015
COHFACE_s32_session0_lamp,7,230,14.666666666666666,-0.8049944043159485,-0.94041879480685
COHFACE_s32_session0_lamp,7,231,14.7,-0.8842642307281494,-0.993397981265812
COHFACE_s32_session0_lamp,7,232,14.733333333333333,-0.9709622263908386,-1.0101194513450857
COHFACE_s32_session0_lamp,7,233,14.766666666666667,-1.0613048076629639,-0.9852569688936612
COHFACE_s32_session0_lamp,7,234,14.8,-1.1370381116867065,-0.9166392246801415
COHFACE_s32_session0_lamp,7,235,14.833333333333334,-1.1869041919708252,-0.8073743840683769
COHFACE_s32_session0_lamp,7,236,14.866666666666667,-1.115124225616455,-0.6657484181176089
COHFACE_s32_session0_lamp,7,237,14.9,-0.7846556901931763,-0.5029263468518513
COHFACE_s32_session0_lamp,7,238,14.933333333333334,-0.36716482043266296,-0.3297642398544666
COHFACE_s32_session0_lamp,7,239,14.966666666666667,-0.06948213279247284,-0.15462646966721175
COHFACE_s32_session0_lamp,8,0,8.0,-0.23212967813014984,0.18599483710804632
COHFACE_s32_session0_lamp,8,1,8.033333333333333,-0.2602362632751465,0.24548666914292375
COHFACE_s32_session0_lamp,8,2,8.066666666666666,-0.3178856670856476,0.3069862510033403
COHFACE_s32_session0_lamp,8,3,8.1,-0.38256168365478516,0.37381983572683364
COHFACE_s32_session0_lamp,8,4,8.133333333333333,-0.4351920485496521,0.44513459798009225
COHFACE_s32_session0_lamp,8,5,8.166666666666666,-0.4881003499031067,0.5146200653813587
COHFACE_s32_session0_lamp,8,6,8.2,-0.5243300795555115,0.5706216768179501
COHFACE_s32_session0_lamp,8,7,8.233333333333333,-0.5456725358963013,0.5981014724266854
COHFACE_s32_session0_lamp,8,8,8.266666666666667,-0.5747983455657959,0.5822285027818435
COHFACE_s32_session0_lamp,8,9,8.3,-0.6130974292755127,0.5126150324916534
COHFACE_s32_session0_lamp,8,10,8.333333333333334,-0.6508714556694031,0.3867344111578639
COHFACE_s32_session0_lamp,8,11,8.366666666666667,-0.6828851699829102,0.21118961926961483
COHFACE_s32_session0_lamp,8,12,8.4,-0.7202113270759583,0.00030751501714532743
COHFACE_s32_session0_lamp,8,13,8.433333333333334,-0.7522404789924622,-0.2273381192770578
COHFACE_s32_session0_lamp,8,14,8.466666666666667,-0.7712047100067139,-0.4529969375034735
COHFACE_s32_session0_lamp,8,15,8.5,-0.7982766032218933,-0.6608376814189337
COHFACE_s32_session0_lamp,8,16,8.533333333333333,-0.8364212512969971,-0.8392697776048845
COHFACE_s32_session0_lamp,8,17,8.566666666666666,-0.8576247096061707,-0.9806799517881862
COHFACE_s32_session0_lamp,8,18,8.6,-0.742032527923584,-1.0802946788875247
COHFACE_s32_session0_lamp,8,19,8.633333333333333,-0.371319055557251,-1.1348664409412483
COHFACE_s32_session0_lamp,8,20,8.666666666666666,0.03187144547700882,-1.141637001785198
COHFACE_s32_session0_lamp,8,21,8.7,0.2637816369533539,-1.0978412419214723
COHFACE_s32_session0_lamp,8,22,8.733333333333333,0.36850184202194214,-1.0009489760552683
COHFACE_s32_session0_lamp,8,23,8.766666666666667,0.44355568289756775,-0.8496589144060929
COHFACE_s32_session0_lamp,8,24,8.8,0.4972825050354004,-0.6452677307864413
COHFACE_s32_session0_lamp,8,25,8.833333333333334,0.4603424072265625,-0.3928896898998816
COHFACE_s32_session0_lamp,8,26,8.866666666666667,0.36655598878860474,-0.10233165432239195
COHFACE_s32_session0_lamp,8,27,8.9,0.3330906331539154,0.21142270450201398
COHFACE_s32_session0_lamp,8,28,8.933333333333334,0.35719743371009827,0.5286079822223699
COHFACE_s32_session0_lamp,8,29,8.966666666666667,0.3655830919742584,0.8266145711350973
COHFACE_s32_session0_lamp,8,30,9.0,0.3307741582393646,1.0833245641711473
COHFACE_s32_session0_lamp,8,31,9.033333333333333,0.2750706076622009,1.2807107673914306
COHFACE_s32_session0_lamp,8,32,9.066666666666666,0.2212820202112198,1.4074230348713788
COHFACE_s32_session0_lamp,8,33,9.1,0.16686026751995087,1.4596841750115295
COHFACE_s32_session0_lamp,8,34,9.133333333333333,0.09824622422456741,1.4405250533678067
COHFACE_s32_session0_lamp,8,35,9.166666666666666,0.037353772670030594,1.3578801585351343
COHFACE_s32_session0_lamp,8,36,9.2,-0.003308114828541875,1.2222703139735707
COHFACE_s32_session0_lamp,8,37,9.233333333333333,-0.048911821097135544,1.0447400468796584
COHFACE_s32_session0_lamp,8,38,9.266666666666667,-0.1007700115442276,0.8354800350071344
COHFACE_s32_session0_lamp,8,39,9.3,-0.15100666880607605,0.6032710277691625
COHFACE_s32_session0_lamp,8,40,9.333333333333334,-0.20301929116249084,0.35563301613291287
COHFACE_s32_session0_lamp,8,41,9.366666666666667,-0.2631087005138397,0.09939124909691638
COHFACE_s32_session0_lamp,8,42,9.4,-0.3164031207561493,-0.1587020715773673
COHFACE_s32_session0_lamp,8,43,9.433333333333334,-0.3603235185146332,-0.4115846810352537
COHFACE_s32_session0_lamp,8,44,9.466666666666667,-0.405479371547699,-0.651838875274535
COHFACE_s32_session0_lamp,8,45,9.5,-0.44014930725097656,-0.8718844907760617
COHFACE_s32_session0_lamp,8,46,9.533333333333333,-0.4806567430496216,-1.0642249041914615
COHFACE_s32_session0_lamp,8,47,9.566666666666666,-0.5227239727973938,-1.2215780099349307
COHFACE_s32_session0_lamp,8,48,9.6,-0.46891993284225464,-1.336811228299222
COHFACE_s32_session0_lamp,8,49,9.633333333333333,-0.1641179323196411,-1.4028015397512557
COHFACE_s32_session0_lamp,8,50,9.666666666666666,0.2888459265232086,-1.4126006729678975
COHFACE_s32_session0_lamp,8,51,9.7,0.6223722696304321,-1.36030258608085
COHFACE_s32_session0_lamp,8,52,9.733333333333333,0.8190102577209473,-1.2426160069064078
COHFACE_s32_session0_lamp,8,53,9.766666666666667,0.9600682258605957,-1.060629063414317
COHFACE_s32_session0_lamp,8,54,9.8,1.077976942062378,-0.8210275221522905
COHFACE_s32_session0_lamp,8,55,9.833333333333334,1.1408460140228271,-0.5362359786874135
COHFACE_s32_session0_lamp,8,56,9.866666666666667,1.1116275787353516,-0.22343614427882036
COHFACE_s32_session0_lamp,8,57,9.9,1.062456488609314,0.09719825456761841
COHFACE_s32_session0_lamp,8,58,9.933333333333334,1.0720157623291016,0.40467059957109064
COHFACE_s32_session0_lamp,8,59,9.966666666666667,1.106593132019043,0.6794853112112765
COHFACE_s32_session0_lamp,8,60,10.0,1.1037824153900146,0.9058963498313679
COHFACE_s32_session0_lamp,8,61,10.033333333333333,1.0502254962921143,1.0737233481756525
COHFACE_s32_session0_lamp,8,62,10.066666666666666,0.974631130695343,1.1792598832968604
COHFACE_s32_session0_lamp,8,63,10.1,0.8958091735839844,1.2248853347724704
COHFACE_s32_session0_lamp,8,64,10.133333333333333,0.8074741959571838,1.217373074383052
COHFACE_s32_session0_lamp,8,65,10.166666666666666,0.716467559337616,1.1654255749817337
COHFACE_s32_session0_lamp,8,66,10.2,0.6302019357681274,1.0773575235112935
COHFACE_s32_session0_lamp,8,67,10.233333333333333,0.5498356223106384,0.959753810608514
COHFACE_s32_session0_lamp,8,68,10.266666666666667,0.4753531813621521,0.8173177057993741
COHFACE_s32_session0_lamp,8,69,10.3,0.39424562454223633,0.653498922568483
COHFACE_s32_session0_lamp,8,70,10.333333333333334,0.29811182618141174,0.47133724202704663
COHFACE_s32_session0_lamp,8,71,10.366666666666667,0.18994781374931335,0.27420135088767117
COHFACE_s32_session0_lamp,8,72,10.4,0.10473235696554184,0.06638369637684079
COHFACE_s32_session0_lamp,8,73,10.433333333333334,0.020412607118487358,-0.14643704490200204
COHFACE_s32_session0_lamp,8,74,10.466666666666667,-0.07680220156908035,-0.3570369519943421
COHFACE_s32_session0_lamp,8,75,10.5,-0.15313783288002014,-0.5570629185917569
COHFACE_s32_session0_lamp,8,76,10.533333333333333,-0.2246551811695099,-0.7380532160083821
COHFACE_s32_session0_lamp,8,77,10.566666666666666,-0.3020254969596863,-0.8926552466844418
COHFACE_s32_session0_lamp,8,78,10.6,-0.38015255331993103,-1.0153640550196947
COHFACE_s32_session0_lamp,8,79,10.633333333333333,-0.4060662090778351,-1.1022917552264577
COHFACE_s32_session0_lamp,8,80,10.666666666666666,-0.2100459337234497,-1.1501034580255678
COHFACE_s32_session0_lamp,8,81,10.7,0.22546713054180145,-1.1548783970631562
COHFACE_s32_session0_lamp,8,82,10.733333333333333,0.6385412812232971,-1.111806103817069
COHFACE_s32_session0_lamp,8,83,10.766666666666667,0.9190511703491211,-1.0162200907059158
COHFACE_s32_session0_lamp,8,84,10.8,1.148768424987793,-0.8657482503379401
COHFACE_s32_session0_lamp,8,85,10.833333333333334,1.3719532489776611,-0.662725113165054
COHFACE_s32_session0_lamp,8,86,10.866666666666667,1.5335506200790405,-0.4157996746667348
COHFACE_s32_session0_lamp,8,87,10.9,1.5890380144119263,-0.1399390515747071
COHFACE_s32_session0_lamp,8,88,10.933333333333334,1.566166639328003,0.14538522823763858
COHFACE_s32_session0_lamp,8,89,10.966666666666667,1.5628000497817993,0.41938273087271266
COHFACE_s32_session0_lamp,8,90,11.0,1.596265435218811,0.6635604754656421
COHFACE_s32_session0_lamp,8,91,11.033333333333333,1.59745454788208,0.8646334495767405
COHFACE_s32_session0_lamp,8,92,11.066666666666666,1.5516809225082397,1.015776607062649
COHFACE_s32_session0_lamp,8,93,11.1,1.460195541381836,1.115890952708613
COHFACE_s32_session0_lamp,8,94,11.133333333333333,1.3492517471313477,1.1674413478155847
COHFACE_s32_session0_lamp,8,95,11.166666666666666,1.2409178018569946,1.1739982279992447
COHFACE_s32_session0_lamp,8,96,11.2,1.122128963470459,1.138484813498508
COHFACE_s32_session0_lamp,8,97,11.233333333333333,1.0118029117584229,1.062582113796323
COHFACE_s32_session0_lamp,8,98,11.266666666666667,0.8930911421775818,0.9472474707755822
COHFACE_s32_session0_lamp,8,99,11.3,0.7739161252975464,0.7939684728281434
COHFACE_s32_session0_lamp,8,100,11.333333333333334,0.6480542421340942,0.6061639318260684
COHFACE_s32_session0_lamp,8,101,11.366666666666667,0.515381932258606,0.39014437613502134
COHFACE_s32_session0_lamp,8,102,11.4,0.38706454634666443,0.15529118144805057
COHFACE_s32_session0_lamp,8,103,11.433333333333334,0.25534966588020325,-0.0865860249041402
COHFACE_s32_session0_lamp,8,104,11.466666666666667,0.1322675496339798,-0.3225771865615383
COHFACE_s32_session0_lamp,8,105,11.5,0.005309178493916988,-0.5404313345128472
COHFACE_s32_session0_lamp,8,106,11.533333333333333,-0.11292379349470139,-0.7303380071792874
COHFACE_s32_session0_lamp,8,107,11.566666666666666,-0.2246551811695099,-0.8862088651332525
COHFACE_s32_session0_lamp,8,108,11.6,-0.3301166594028473,-1.0060118742607944
COHFACE_s32_session0_lamp,8,109,11.633333333333333,-0.4256790280342102,-1.0910082301706008
COHFACE_s32_session0_lamp,8,110,11.666666666666666,-0.5243146419525146,-1.1441463381270938
COHFACE_s32_session0_lamp,8,111,11.7,-0.5962334871292114,-1.168111065318984
COHFACE_s32_session0_lamp,8,112,11.733333333333333,-0.554814875125885,-1.1634809127254508
COHFACE_s32_session0_lamp,8,113,11.766666666666667,-0.2512020170688629,-1.127350479291939
COHFACE_s32_session0_lamp,8,114,11.8,0.20767658948898315,-1.0528646005256725
COHFACE_s32_session0_lamp,8,115,11.833333333333334,0.5946980714797974,-0.9302478967594273
COHFACE_s32_session0_lamp,8,116,11.866666666666667,0.8685982823371887,-0.7497670597715508
COHFACE_s32_session0_lamp,8,117,11.9,1.1052650213241577,-0.50637960289235
COHFACE_s32_session0_lamp,8,118,11.933333333333334,1.3161569833755493,-0.20471940715530004
COHFACE_s32_session0_lamp,8,119,11.966666666666667,1.4376176595687866,0.13781320100298122
COHFACE_s32_session0_lamp,8,120,12.0,1.4264676570892334,0.49197874382490225
COHFACE_s32_session0_lamp,8,121,12.033333333333333,1.385512351989746,0.8222491180106607
COHFACE_s32_session0_lamp,8,122,12.066666666666666,1.3869022130966187,1.0951876883601421
COHFACE_s32_session0_lamp,8,123,12.1,1.3759684562683105,1.2872737290946092
COHFACE_s32_session0_lamp,8,124,12.133333333333333,1.3238013982772827,1.3892469917075636
COHFACE_s32_session0_lamp,8,125,12.166666666666666,1.224470853805542,1.4058878686474998
COHFACE_s32_session0_lamp,8,126,12.2,1.0953505039215088,1.3519785040941812
COHFACE_s32_session0_lamp,8,127,12.233333333333333,0.9659057259559631,1.2463333061877513
COHFACE_s32_session0_lamp,8,128,12.266666666666667,0.8439200520515442,1.1061136646262268
COHFACE_s32_session0_lamp,8,129,12.3,0.7180427312850952,0.9431876649251448
COHFACE_s32_session0_lamp,8,130,12.333333333333334,0.5895246267318726,0.7633050973769344
COHFACE_s32_session0_lamp,8,131,12.366666666666667,0.471554160118103,0.5678048094450575
COHFACE_s32_session0_lamp,8,132,12.4,0.3528270125389099,0.3568355253390468
COHFACE_s32_session0_lamp,8,133,12.433333333333334,0.22548256814479828,0.13267602337816917
COHFACE_s32_session0_lamp,8,134,12.466666666666667,0.092671237885952,-0.09831326014666868
COHFACE_s32_session0_lamp,8,135,12.5,-0.02874302864074707,-0.3260029580825386
COHFACE_s32_session0_lamp,8,136,12.533333333333333,-0.1547902524471283,-0.5387724820565172
COHFACE_s32_session0_lamp,8,137,12.566666666666666,-0.2791387140750885,-0.7264164945463718
COHFACE_s32_session0_lamp,8,138,12.6,-0.3877042531967163,-0.8822171624557308
COHFACE_s32_session0_lamp,8,139,12.633333333333333,-0.4859074354171753,-1.003415752626201
COHFACE_s32_session0_lamp,8,140,12.666666666666666,-0.5816860198974609,-1.0902486563210945
COHFACE_s32_session0_lamp,8,141,12.7,-0.6663764119148254,-1.1443010883962172
COHFACE_s32_session0_lamp,8,142,12.733333333333333,-0.757321298122406,-1.1669167494312394
COHFACE_s32_session0_lamp,8,143,12.766666666666667,-0.8524821400642395,-1.158018331326406
COHFACE_s32_session0_lamp,8,144,12.8,-0.9015451073646545,-1.1153781224160064
COHFACE_s32_session0_lamp,8,145,12.833333333333334,-0.7359633445739746,-1.0344097411712716
COHFACE_s32_session0_lamp,8,146,12.866666666666667,-0.33240222930908203,-0.9088453833154971
COHFACE_s32_session0_lamp,8,147,12.9,0.07058749347925186,-0.7327161484201684
COHFACE_s32_session0_lamp,8,148,12.933333333333334,0.3523019552230835,-0.5035020645895466
COHFACE_s32_session0_lamp,8,149,12.966666666666667,0.5689079761505127,-0.22544412206073167
COHFACE_s32_session0_lamp,8,150,13.0,0.7625654339790344,0.08853327381332324
COHFACE_s32_session0_lamp,8,151,13.033333333333333,0.8742967844009399,0.41746507767922275
COHFACE_s32_session0_lamp,8,152,13.066666666666666,0.8659266233444214,0.7354674764106283
COHFACE_s32_session0_lamp,8,153,13.1,0.8132035732269287,1.0160934020937664
COHFACE_s32_session0_lamp,8,154,13.133333333333333,0.8040766716003418,1.2364910224291967
COHFACE_s32_session0_lamp,8,155,13.166666666666666,0.8146089315414429,1.3804582718350034
COHFACE_s32_session0_lamp,8,156,13.2,0.7748890519142151,1.4400399807578776
COHFACE_s32_session0_lamp,8,157,13.233333333333333,0.6873108148574829,1.4156662420027466
COHFACE_s32_session0_lamp,8,158,13.266666666666667,0.5692477226257324,1.315043143547866
COHFACE_s32_session0_lamp,8,159,13.3,0.4502580165863037,1.151142715586762
COHFACE_s32_session0_lamp,8,160,13.333333333333334,0.3294614851474762,0.9397348897054044
COHFACE_s32_session0_lamp,8,161,13.366666666666667,0.19822536408901215,0.6969671751188777
COHFACE_s32_session0_lamp,8,162,13.4,0.07244067639112473,0.43747679417309776
COHFACE_s32_session0_lamp,8,163,13.433333333333334,-0.052139442414045334,0.17331589952219092
COHFACE_s32_session0_lamp,8,164,13.466666666666667,-0.16280525922775269,-0.0863768997605174
COHFACE_s32_session0_lamp,8,165,13.5,-0.2694249749183655,-0.33520149427453455
COHFACE_s32_session0_lamp,8,166,13.533333333333333,-0.3716433644294739,-0.5689060568275199
COHFACE_s32_session0_lamp,8,167,13.566666666666666,-0.48508894443511963,-0.784346928887146
COHFACE_s32_session0_lamp,8,168,13.6,-0.6024879813194275,-0.9781721476246282
COHFACE_s32_session0_lamp,8,169,13.633333333333333,-0.7037952542304993,-1.1456269813652096
COHFACE_s32_session0_lamp,8,170,13.666666666666666,-0.7936436533927917,-1.2797803585104266
COHFACE_s32_session0_lamp,8,171,13.7,-0.8782413601875305,-1.3712821493809264
COHFACE_s32_session0_lamp,8,172,13.733333333333333,-0.9576656222343445,-1.4087857799544432
COHFACE_s32_session0_lamp,8,173,13.766666666666667,-1.0453366041183472,-1.3802466499494157
COHFACE_s32_session0_lamp,8,174,13.8,-1.1338413953781128,-1.275172938537155
COHFACE_s32_session0_lamp,8,175,13.833333333333334,-1.1987181901931763,-1.0876142665221995
COHFACE_s32_session0_lamp,8,176,13.866666666666667,-1.1779625415802002,-0.8193539680200355
COHFACE_s32_session0_lamp,8,177,13.9,-0.9295744895935059,-0.4823646469148121
COHFACE_s32_session0_lamp,8,178,13.933333333333334,-0.5215811729431152,-0.09924442204884217
COHFACE_s32_session0_lamp,8,179,13.966666666666667,-0.19227084517478943,0.29927929494574157
COHFACE_s32_session0_lamp,8,180,14.0,0.030095478519797325,0.679386358050835
COHFACE_s32_session0_lamp,8,181,14.033333333333333,0.20651835203170776,1.010083360135548
COHFACE_s32_session0_lamp,8,182,14.066666666666666,0.33233392238616943,1.2681299081007555
COHFACE_s32_session0_lamp,8,183,14.1,0.35894250869750977,1.4407687332720152
COHFACE_s32_session0_lamp,8,184,14.133333333333333,0.3141418695449829,1.525940054496439
COHFACE_s32_session0_lamp,8,185,14.166666666666666,0.2960270047187805,1.5303580813146707
COHFACE_s32_session0_lamp,8,186,14.2,0.31395652890205383,1.4662313435515975
COHFACE_s32_session0_lamp,8,187,14.233333333333333,0.3134314715862274,1.3475663327426615
COHFACE_s32_session0_lamp,8,188,14.266666666666667,0.27831366658210754,1.1869887611046985
COHFACE_s32_session0_lamp,8,189,14.3,0.2027193307876587,0.9938572516041174
COHFACE_s32_session0_lamp,8,190,14.333333333333334,0.10206069052219391,0.7740924737635876
COHFACE_s32_session0_lamp,8,191,14.366666666666667,0.008459586650133133,0.5315892841437552
COHFACE_s32_session0_lamp,8,192,14.4,-0.0708102434873581,0.2704524744514901
COHFACE_s32_session0_lamp,8,193,14.433333333333334,-0.1708357185125351,-0.003061809793989248
COHFACE_s32_session0_lamp,8,194,14.466666666666667,-0.26389631628990173,-0.27984404285681747
COHFACE_s32_session0_lamp,8,195,14.5,-0.3405407965183258,-0.5487983075723192
COHFACE_s32_session0_lamp,8,196,14.533333333333333,-0.426960825920105,-0.7988578751170153
COHFACE_s32_session0_lamp,8,197,14.566666666666666,-0.5215039849281311,-1.0211725301541226
COHFACE_s32_session0_lamp,8,198,14.6,-0.6147652864456177,-1.2103702432315622
COHFACE_s32_session0_lamp,8,199,14.633333333333333,-0.7120264172554016,-1.3641849086645472
COHFACE_s32_session0_lamp,8,200,14.666666666666666,-0.8049944043159485,-1.4814998650693025
COHFACE_s32_session0_lamp,8,201,14.7,-0.8842642307281494,-1.5596385780367652
COHFACE_s32_session0_lamp,8,202,14.733333333333333,-0.9709622263908386,-1.5921751617658149
COHFACE_s32_session0_lamp,8,203,14.766666666666667,-1.0613048076629639,-1.5684490758172827
COHFACE_s32_session0_lamp,8,204,14.8,-1.1370381116867065,-1.4753769455983257
COHFACE_s32_session0_lamp,8,205,14.833333333333334,-1.1869041919708252,-1.3012896412796493
COHFACE_s32_session0_lamp,8,206,14.866666666666667,-1.115124225616455,-1.0407107132816977
COHFACE_s32_session0_lamp,8,207,14.9,-0.7846556901931763,-0.6985286999254651
COHFACE_s32_session0_lamp,8,208,14.933333333333334,-0.36716482043266296,-0.29207927056603866
COHFACE_s32_session0_lamp,8,209,14.966666666666667,-0.06948213279247284,0.14976101982088924
COHFACE_s32_session0_lamp,8,210,15.0,0.12900903820991516,0.5904559298460487
COHFACE_s32_session0_lamp,8,211,15.033333333333333,0.30078351497650146,0.9917711694223537
COHFACE_s32_session0_lamp,8,212,15.066666666666666,0.40480875968933105,1.32036582615219
COHFACE_s32_session0_lamp,8,213,15.1,0.4072178900241852,1.55337140130218
COHFACE_s32_session0_lamp,8,214,15.133333333333333,0.3589734137058258,1.6814896634924836
COHFACE_s32_session0_lamp,8,215,15.166666666666666,0.3565642535686493,1.7088305633979077
COHFACE_s32_session0_lamp,8,216,15.2,0.3906782567501068,1.6498409735162654
COHFACE_s32_session0_lamp,8,217,15.233333333333333,0.3927322030067444,1.5246179071158585
COHFACE_s32_session0_lamp,8,218,15.266666666666667,0.34263452887535095,1.3541152728061634
COHFACE_s32_session0_lamp,8,219,15.3,0.2647545635700226,1.1563952010242764
COHFACE_s32_session0_lamp,8,220,15.333333333333334,0.16638152301311493,0.9445492407799118
COHFACE_s32_session0_lamp,8,221,15.366666666666667,0.0727495402097702,0.726368710541895
COHFACE_s32_session0_lamp,8,222,15.4,-0.021700939163565636,0.5053454159431024
COHFACE_s32_session0_lamp,8,223,15.433333333333334,-0.11332531273365021,0.28234983241110834
COHFACE_s32_session0_lamp,8,224,15.466666666666667,-0.18841004371643066,0.05746528010550462
COHFACE_s32_session0_lamp,8,225,15.5,-0.26803508400917053,-0.16828948246632558
COHFACE_s32_session0_lamp,8,226,15.533333333333333,-0.35615384578704834,-0.39151477853422834
COHFACE_s32_session0_lamp,8,227,15.566666666666666,-0.4333234131336212,-0.6054678901586088
COHFACE_s32_session0_lamp,8,228,15.6,-0.5139985680580139,-0.7998363670780818
COHFACE_s32_session0_lamp,8,229,15.633333333333333,-0.5935155153274536,-0.9614933064878645
COHFACE_s32_session0_lamp,8,230,15.666666666666666,-0.671951413154602,-1.076396405223553
COHFACE_s32_session0_lamp,8,231,15.7,-0.7423105239868164,-1.1325684268856056
COHFACE_s32_session0_lamp,8,232,15.733333333333333,-0.808839738368988,-1.1236817760973496
COHFACE_s32_session0_lamp,8,233,15.766666666666667,-0.8924182057380676,-1.0521728956035994
COHFACE_s32_session0_lamp,8,234,15.8,-0.9524149298667908,-0.9303259841176049
COHFACE_s32_session0_lamp,8,235,15.833333333333334,-0.9086953401565552,-0.778056136328304
COHFACE_s32_session0_lamp,8,236,15.866666666666667,-0.6160470843315125,-0.6174879489027849
COHFACE_s32_session0_lamp,8,237,15.9,-0.1606895476579666,-0.46616459228629736
COHFACE_s32_session0_lamp,8,238,15.933333333333334,0.24236196279525757,-0.33176677437949836
COHFACE_s32_session0_lamp,8,239,15.966666666666667,0.5354734659194946,-0.21092993129903342
COHFACE_s32_session0_lamp,9,0,9.0,0.3307741582393646,0.16647269167397225
COHFACE_s32_session0_lamp,9,1,9.033333333333333,0.2750706076622009,0.07702703805498914
COHFACE_s32_session0_lamp,9,2,9.066666666666666,0.2212820202112198,-0.002666467959900076
COHFACE_s32_session0_lamp,9,3,9.1,0.16686026751995087,-0.06252587124157927
COHFACE_s32_session0_lamp,9,4,9.133333333333333,0.09824622422456741,-0.09728840267146331
COHFACE_s32_session0_lamp,9,5,9.166666666666666,0.037353772670030594,-0.10814726785409545
COHFACE_s32_session0_lamp,9,6,9.2,-0.003308114828541875,-0.10271054091748962
COHFACE_s32_session0_lamp,9,7,9.233333333333333,-0.048911821097135544,-0.0930579649534415
COHFACE_s32_session0_lamp,9,8,9.266666666666667,-0.1007700115442276,-0.09244593203236054
COHFACE_s32_session0_lamp,9,9,9.3,-0.15100666880607605,-0.11163281958373242
COHFACE_s32_session0_lamp,9,10,9.333333333333334,-0.20301929116249084,-0.15594925153427444
COHFACE_s32_session0_lamp,9,11,9.366666666666667,-0.2631087005138397,-0.22411596613504606
COHFACE_s32_session0_lamp,9,12,9.4,-0.3164031207561493,-0.30933604274820886
COHFACE_s32_session0_lamp,9,13,9.433333333333334,-0.3603235185146332,-0.40229016344560053
COHFACE_s32_session0_lamp,9,14,9.466666666666667,-0.405479371547699,-0.4946238474320044
COHFACE_s32_session0_lamp,9,15,9.5,-0.44014930725097656,-0.5811615208161508
COHFACE_s32_session0_lamp,9,16,9.533333333333333,-0.4806567430496216,-0.6598787627925299
COHFACE_s32_session0_lamp,9,17,9.566666666666666,-0.5227239727973938,-0.7299192272042644
COHFACE_s32_session0_lamp,9,18,9.6,-0.46891993284225464,-0.7887384407963538
COHFACE_s32_session0_lamp,9,19,9.633333333333333,-0.1641179323196411,-0.8296471738876472
COHFACE_s32_session0_lamp,9,20,9.666666666666666,0.2888459265232086,-0.8408705529520927
COHFACE_s32_session0_lamp,9,21,9.7,0.6223722696304321,-0.8068823818102698
COHFACE_s32_session0_lamp,9,22,9.733333333333333,0.8190102577209473,-0.7121857893763135
COHFACE_s32_session0_lamp,9,23,9.766666666666667,0.9600682258605957,-0.546734795113807
COHFACE_s32_session0_lamp,9,24,9.8,1.077976942062378,-0.3110570094460515
COHFACE_s32_session0_lamp,9,25,9.833333333333334,1.1408460140228271,-0.01880964544125495
COHFACE_s32_session0_lamp,9,26,9.866666666666667,1.1116275787353516,0.30444707826674133
COHFACE_s32_session0_lamp,9,27,9.9,1.062456488609314,0.6258702063461741
COHFACE_s32_session0_lamp,9,28,9.933333333333334,1.0720157623291016,0.9118862400505998
COHFACE_s32_session0_lamp,9,29,9.966666666666667,1.106593132019043,1.1347990435985393
COHFACE_s32_session0_lamp,9,30,10.0,1.1037824153900146,1.2776035775777252
COHFACE_s32_session0_lamp,9,31,10.033333333333333,1.0502254962921143,1.335783031882549
COHFACE_s32_session0_lamp,9,32,10.066666666666666,0.974631130695343,1.3160633662996177
COHFACE_s32_session0_lamp,9,33,10.1,0.8958091735839844,1.2331000198127153
COHFACE_s32_session0_lamp,9,34,10.133333333333333,0.8074741959571838,1.1052681311571868
COHFACE_s32_session0_lamp,9,35,10.166666666666666,0.716467559337616,0.9504930313510965
COHFACE_s32_session0_lamp,9,36,10.2,0.6302019357681274,0.7829417742044119
COHFACE_s32_session0_lamp,9,37,10.233333333333333,0.5498356223106384,0.6112773121494182
COHFACE_s32_session0_lamp,9,38,10.266666666666667,0.4753531813621521,0.4387535756441972
COHFACE_s32_session0_lamp,9,39,10.3,0.39424562454223633,0.2648142181582839
COHFACE_s32_session0_lamp,9,40,10.333333333333334,0.29811182618141174,0.08738396714500571
COHFACE_s32_session0_lamp,9,41,10.366666666666667,0.18994781374931335,-0.09502220761461788
COHFACE_s32_session0_lamp,9,42,10.4,0.10473235696554184,-0.28188634896039766
COHFACE_s32_session0_lamp,9,43,10.433333333333334,0.020412607118487358,-0.4700406964911905
COHFACE_s32_session0_lamp,9,44,10.466666666666667,-0.07680220156908035,-0.6536554573443633
COHFACE_s32_session0_lamp,9,45,10.5,-0.15313783288002014,-0.8247405050739013
COHFACE_s32_session0_lamp,9,46,10.533333333333333,-0.2246551811695099,-0.9740583337445137
COHFACE_s32_session0_lamp,9,47,10.566666666666666,-0.3020254969596863,-1.092252466549881
COHFACE_s32_session0_lamp,9,48,10.6,-0.38015255331993103,-1.170861161079259
COHFACE_s32_session0_lamp,9,49,10.633333333333333,-0.4060662090778351,-1.2029825041005644
COHFACE_s32_session0_lamp,9,50,10.666666666666666,-0.2100459337234497,-1.1837476956359565
COHFACE_s32_session0_lamp,9,51,10.7,0.22546713054180145,-1.1109751416380187
COHFACE_s32_session0_lamp,9,52,10.733333333333333,0.6385412812232971,-0.9860497837763831
COHFACE_s32_session0_lamp,9,53,10.766666666666667,0.9190511703491211,-0.8145296546905494
COHFACE_s32_session0_lamp,9,54,10.8,1.148768424987793,-0.6058176822176073
COHFACE_s32_session0_lamp,9,55,10.833333333333334,1.3719532489776611,-0.37175362223540753
COHFACE_s32_session0_lamp,9,56,10.866666666666667,1.5335506200790405,-0.12487452237678075
COHFACE_s32_session0_lamp,9,57,10.9,1.5890380144119263,0.12261608565424591
COHFACE_s32_session0_lamp,9,58,10.933333333333334,1.566166639328003,0.358946520296207
COHFACE_s32_session0_lamp,9,59,10.966666666666667,1.5628000497817993,0.5727168731862848
COHFACE_s32_session0_lamp,9,60,11.0,1.596265435218811,0.7535434123652814
COHFACE_s32_session0_lamp,9,61,11.033333333333333,1.59745454788208,0.8935330141926431
COHFACE_s32_session0_lamp,9,62,11.066666666666666,1.5516809225082397,0.9888866436068593
COHFACE_s32_session0_lamp,9,63,11.1,1.460195541381836,1.0406292667879256
COHFACE_s32_session0_lamp,9,64,11.133333333333333,1.3492517471313477,1.0538753888696972
COHFACE_s32_session0_lamp,9,65,11.166666666666666,1.2409178018569946,1.0357932363915128
COHFACE_s32_session0_lamp,9,66,11.2,1.122128963470459,0.9930137034712724
COHFACE_s32_session0_lamp,9,67,11.233333333333333,1.0118029117584229,0.9294442374534911
COHFACE_s32_session0_lamp,9,68,11.266666666666667,0.8930911421775818,0.8452987615052346
COHFACE_s32_session0_lamp,9,69,11.3,0.7739161252975464,0.7376759951836844
COHFACE_s32_session0_lamp,9,70,11.333333333333334,0.6480542421340942,0.602385501141993
COHFACE_s32_session0_lamp,9,71,11.366666666666667,0.515381932258606,0.4363277351844422
COHFACE_s32_session0_lamp,9,72,11.4,0.38706454634666443,0.23977996842017466
COHFACE_s32_session0_lamp,9,73,11.433333333333334,0.25534966588020325,0.01809017448169885
COHFACE_s32_session0_lamp,9,74,11.466666666666667,0.1322675496339798,-0.21775964330018754
COHFACE_s32_session0_lamp,9,75,11.5,0.005309178493916988,-0.4522109882831138
COHFACE_s32_session0_lamp,9,76,11.533333333333333,-0.11292379349470139,-0.6678282415007055
COHFACE_s32_session0_lamp,9,77,11.566666666666666,-0.2246551811695099,-0.8489478269538369
COHFACE_s32_session0_lamp,9,78,11.6,-0.3301166594028473,-0.9850644847860689
COHFACE_s32_session0_lamp,9,79,11.633333333333333,-0.4256790280342102,-1.072745035720045
COHFACE_s32_session0_lamp,9,80,11.666666666666666,-0.5243146419525146,-1.115419165580677
COHFACE_s32_session0_lamp,9,81,11.7,-0.5962334871292114,-1.1211495456104574
COHFACE_s32_session0_lamp,9,82,11.733333333333333,-0.554814875125885,-1.0990579085186036
COHFACE_s32_session0_lamp,9,83,11.766666666666667,-0.2512020170688629,-1.0554648151447943
COHFACE_s32_session0_lamp,9,84,11.8,0.20767658948898315,-0.9910422906605584
COHFACE_s32_session0_lamp,9,85,11.833333333333334,0.5946980714797974,-0.9002000107547284
COHFACE_s32_session0_lamp,9,86,11.866666666666667,0.8685982823371887,-0.773307274910267
COHFACE_s32_session0_lamp,9,87,11.9,1.1052650213241577,-0.6011894061871949
COHFACE_s32_session0_lamp,9,88,11.933333333333334,1.3161569833755493,-0.38007974013490914
COHFACE_s32_session0_lamp,9,89,11.966666666666667,1.4376176595687866,-0.11482330272216662
COHFACE_s32_session0_lamp,9,90,12.0,1.4264676570892334,0.1808932940768289
COHFACE_s32_session0_lamp,9,91,12.033333333333333,1.385512351989746,0.48699047488980063
COHFACE_s32_session0_lamp,9,92,12.066666666666666,1.3869022130966187,0.7808577264532788
COHFACE_s32_session0_lamp,9,93,12.1,1.3759684562683105,1.0411876347292004
COHFACE_s32_session0_lamp,9,94,12.133333333333333,1.3238013982772827,1.250695473488254
COHFACE_s32_session0_lamp,9,95,12.166666666666666,1.224470853805542,1.3972821270981624
COHFACE_s32_session0_lamp,9,96,12.2,1.0953505039215088,1.4738924960396933
COHFACE_s32_session0_lamp,9,97,12.233333333333333,0.9659057259559631,1.4777748991543955
COHFACE_s32_session0_lamp,9,98,12.266666666666667,0.8439200520515442,1.4098659380806167
COHFACE_s32_session0_lamp,9,99,12.3,0.7180427312850952,1.2746373587855695
COHFACE_s32_session0_lamp,9,100,12.333333333333334,0.5895246267318726,1.0802104374185308
COHFACE_s32_session0_lamp,9,101,12.366666666666667,0.471554160118103,0.8383044130095082
COHFACE_s32_session0_lamp,9,102,12.4,0.3528270125389099,0.5637983404580961
COHFACE_s32_session0_lamp,9,103,12.433333333333334,0.22548256814479828,0.27390360048120577
COHFACE_s32_session0_lamp,9,104,12.466666666666667,0.092671237885952,-0.013182064653435195
COHFACE_s32_session0_lamp,9,105,12.5,-0.02874302864074707,-0.28033901547838685
COHFACE_s32_session0_lamp,9,106,12.533333333333333,-0.1547902524471283,-0.5141018988182037
COHFACE_s32_session0_lamp,9,107,12.566666666666666,-0.2791387140750885,-0.7069556652947209
COHFACE_s32_session0_lamp,9,108,12.6,-0.3877042531967163,-0.8583448890368652
COHFACE_s32_session0_lamp,9,109,12.633333333333333,-0.4859074354171753,-0.9737561637506218
COHFACE_s32_session0_lamp,9,110,12.666666666666666,-0.5816860198974609,-1.0620157716153937
COHFACE_s32_session0_lamp,9,111,12.7,-0.6663764119148254,-1.131700460474393
COHFACE_s32_session0_lamp,9,112,12.733333333333333,-0.757321298122406,-1.1878517230674683
COHFACE_s32_session0_lamp,9,113,12.766666666666667,-0.8524821400642395,-1.2298687371444084
COHFACE_s32_session0_lamp,9,114,12.8,-0.9015451073646545,-1.2507956516338794
COHFACE_s32_session0_lamp,9,115,12.833333333333334,-0.7359633445739746,-1.237856083911121
COHFACE_s32_session0_lamp,9,116,12.866666666666667,-0.33240222930908203,-1.1743292630505384
COHFACE_s32_session0_lamp,9,117,12.9,0.07058749347925186,-1.0431198107996225
COHFACE_s32_session0_lamp,9,118,12.933333333333334,0.3523019552230835,-0.8319431595222989
COHFACE_s32_session0_lamp,9,119,12.966666666666667,0.5689079761505127,-0.538952844279233
COHFACE_s32_session0_lamp,9,120,13.0,0.7625654339790344,-0.17660533832065128
COHFACE_s32_session0_lamp,9,121,13.033333333333333,0.8742967844009399,0.22829216043505302
COHFACE_s32_session0_lamp,9,122,13.066666666666666,0.8659266233444214,0.6387417707783533
COHFACE_s32_session0_lamp,9,123,13.1,0.8132035732269287,1.014467049309882
COHFACE_s32_session0_lamp,9,124,13.133333333333333,0.8040766716003418,1.3194468781297184
COHFACE_s32_session0_lamp,9,125,13.166666666666666,0.8146089315414429,1.528182429275707
COHFACE_s32_session0_lamp,9,126,13.2,0.7748890519142151,1.629233531898381
COHFACE_s32_session0_lamp,9,127,13.233333333333333,0.6873108148574829,1.6252402648772144
COHFACE_s32_session0_lamp,9,128,13.266666666666667,0.5692477226257324,1.5297573521195615
COHFACE_s32_session0_lamp,9,129,13.3,0.4502580165863037,1.3622694098299202
COHFACE_s32_session0_lamp,9,130,13.333333333333334,0.3294614851474762,1.1431324216247087
COHFACE_s32_session0_lamp,9,131,13.366666666666667,0.19822536408901215,0.8898691925497112
COHFACE_s32_session0_lamp,9,132,13.4,0.07244067639112473,0.6155371066648553
COHFACE_s32_session0_lamp,9,133,13.433333333333334,-0.052139442414045334,0.329100973170864
COHFACE_s32_session0_lamp,9,134,13.466666666666667,-0.16280525922775269,0.0371397837037657
COHFACE_s32_session0_lamp,9,135,13.5,-0.2694249749183655,-0.25403423048385887
COHFACE_s32_session0_lamp,9,136,13.533333333333333,-0.3716433644294739,-0.5366507948921924
COHFACE_s32_session0_lamp,9,137,13.566666666666666,-0.48508894443511963,-0.8006536314510259
COHFACE_s32_session0_lamp,9,138,13.6,-0.6024879813194275,-1.0339625821830336
COHFACE_s32_session0_lamp,9,139,13.633333333333333,-0.7037952542304993,-1.223732812902559
COHFACE_s32_session0_lamp,9,140,13.666666666666666,-0.7936436533927917,-1.3582397328931566
COHFACE_s32_session0_lamp,9,141,13.7,-0.8782413601875305,-1.428822081580061
COHFACE_s32_session0_lamp,9,142,13.733333333333333,-0.9576656222343445,-1.431280907565354
COHFACE_s32_session0_lamp,9,143,13.766666666666667,-1.0453366041183472,-1.366245811669468
COHFACE_s32_session0_lamp,9,144,13.8,-1.1338413953781128,-1.23829313596236
COHFACE_s32_session0_lamp,9,145,13.833333333333334,-1.1987181901931763,-1.054154975673149
COHFACE_s32_session0_lamp,9,146,13.866666666666667,-1.1779625415802002,-0.8210407544662759
COHFACE_s32_session0_lamp,9,147,13.9,-0.9295744895935059,-0.5462105263928123
COHFACE_s32_session0_lamp,9,148,13.933333333333334,-0.5215811729431152,-0.2380983749372048
COHFACE_s32_session0_lamp,9,149,13.966666666666667,-0.19227084517478943,0.09185978077358753
COHFACE_s32_session0_lamp,9,150,14.0,0.030095478519797325,0.4280653275338721
COHFACE_s32_session0_lamp,9,151,14.033333333333333,0.20651835203170776,0.7512431100226983
COHFACE_s32_session0_lamp,9,152,14.066666666666666,0.33233392238616943,1.0405758490220234
COHFACE_s32_session0_lamp,9,153,14.1,0.35894250869750977,1.2766518290237
COHFACE_s32_session0_lamp,9,154,14.133333333333333,0.3141418695449829,1.4442199240076383
COHFACE_s32_session0_lamp,9,155,14.166666666666666,0.2960270047187805,1.5340429265827686
COHFACE_s32_session0_lamp,9,156,14.2,0.31395652890205383,1.5434936380726667
COHFACE_s32_session0_lamp,9,157,14.233333333333333,0.3134314715862274,1.4758898353886063
COHFACE_s32_session0_lamp,9,158,14.266666666666667,0.27831366658210754,1.338960139803823
COHFACE_s32_session0_lamp,9,159,14.3,0.2027193307876587,1.143118046643758
COHFACE_s32_session0_lamp,9,160,14.333333333333334,0.10206069052219391,0.9002065650827686
COHFACE_s32_session0_lamp,9,161,14.366666666666667,0.008459586650133133,0.6230352281716348
COHFACE_s32_session0_lamp,9,162,14.4,-0.0708102434873581,0.3255092008181608
COHFACE_s32_session0_lamp,9,163,14.433333333333334,-0.1708357185125351,0.02271510632908427
COHFACE_s32_session0_lamp,9,164,14.466666666666667,-0.26389631628990173,-0.2697579790749564
COHFACE_s32_session0_lamp,9,165,14.5,-0.3405407965183258,-0.5376015202484473
COHFACE_s32_session0_lamp,9,166,14.533333333333333,-0.426960825920105,-0.7702873626490646
COHFACE_s32_session0_lamp,9,167,14.566666666666666,-0.5215039849281311,-0.9632195436335574
COHFACE_s32_session0_lamp,9,168,14.6,-0.6147652864456177,-1.118273806405188
COHFACE_s32_session0_lamp,9,169,14.633333333333333,-0.7120264172554016,-1.2419491818113568
COHFACE_s32_session0_lamp,9,170,14.666666666666666,-0.8049944043159485,-1.3413869967362098
COHFACE_s32_session0_lamp,9,171,14.7,-0.8842642307281494,-1.4195615830711148
COHFACE_s32_session0_lamp,9,172,14.733333333333333,-0.9709622263908386,-1.4714782593686877
COHFACE_s32_session0_lamp,9,173,14.766666666666667,-1.0613048076629639,-1.483054698557967
COHFACE_s32_session0_lamp,9,174,14.8,-1.1370381116867065,-1.4335955917779986
COHFACE_s32_session0_lamp,9,175,14.833333333333334,-1.1869041919708252,-1.301577268386155
COHFACE_s32_session0_lamp,9,176,14.866666666666667,-1.115124225616455,-1.0721715748342742
COHFACE_s32_session0_lamp,9,177,14.9,-0.7846556901931763,-0.7440672152918238
COHFACE_s32_session0_lamp,9,178,14.933333333333334,-0.36716482043266296,-0.33313992552256144
COHFACE_s32_session0_lamp,9,179,14.966666666666667,-0.06948213279247284,0.12849202397938236
COHFACE_s32_session0_lamp,9,180,15.0,0.12900903820991516,0.5978460735484956
COHFACE_s32_session0_lamp,9,181,15.033333333333333,0.30078351497650146,1.0292060584463687
COHFACE_s32_session0_lamp,9,182,15.066666666666666,0.40480875968933105,1.3826371998926719
COHFACE_s32_session0_lamp,9,183,15.1,0.4072178900241852,1.6306302751133208
COHFACE_s32_session0_lamp,9,184,15.133333333333333,0.3589734137058258,1.7612723565503778
COHFACE_s32_session0_lamp,9,185,15.166666666666666,0.3565642535686493,1.77749936434814
COHFACE_s32_session0_lamp,9,186,15.2,0.3906782567501068,1.6934071106120836
COHFACE_s32_session0_lamp,9,187,15.233333333333333,0.3927322030067444,1.5294486618029324
COHFACE_s32_session0_lamp,9,188,15.266666666666667,0.34263452887535095,1.3080766453041945
COHFACE_s32_session0_lamp,9,189,15.3,0.2647545635700226,1.0505216297247424
COHFACE_s32_session0_lamp,9,190,15.333333333333334,0.16638152301311493,0.7747413252343589
COHFACE_s32_session0_lamp,9,191,15.366666666666667,0.0727495402097702,0.4943592996785058
COHFACE_s32_session0_lamp,9,192,15.4,-0.021700939163565636,0.218457565326698
COHFACE_s32_session0_lamp,9,193,15.433333333333334,-0.11332531273365021,-0.04784717503534818
COHFACE_s32_session0_lamp,9,194,15.466666666666667,-0.18841004371643066,-0.3021723663058615
COHFACE_s32_session0_lamp,9,195,15.5,-0.26803508400917053,-0.5432328944744915
COHFACE_s32_session0_lamp,9,196,15.533333333333333,-0.35615384578704834,-0.7691203046961285
COHFACE_s32_session0_lamp,9,197,15.566666666666666,-0.4333234131336212,-0.9758605811423131
COHFACE_s32_session0_lamp,9,198,15.6,-0.5139985680580139,-1.1566445264946408
COHFACE_s32_session0_lamp,9,199,15.633333333333333,-0.5935155153274536,-1.302049761622258
COHFACE_s32_session0_lamp,9,200,15.666666666666666,-0.671951413154602,-1.4013126311940336
COHFACE_s32_session0_lamp,9,201,15.7,-0.7423105239868164,-1.4443390454973826
COHFACE_s32_session0_lamp,9,202,15.733333333333333,-0.808839738368988,-1.4238279271536123
COHFACE_s32_session0_lamp,9,203,15.766666666666667,-0.8924182057380676,-1.3367621078627145
COHFACE_s32_session0_lamp,9,204,15.8,-0.9524149298667908,-1.1847219816635455
COHFACE_s32_session0_lamp,9,205,15.833333333333334,-0.9086953401565552,-0.9730867795808723
COHFACE_s32_session0_lamp,9,206,15.866666666666667,-0.6160470843315125,-0.7099691449184298
COHFACE_s32_session0_lamp,9,207,15.9,-0.1606895476579666,-0.40594919922083783
COHFACE_s32_session0_lamp,9,208,15.933333333333334,0.24236196279525757,-0.07491040284027921
COHFACE_s32_session0_lamp,9,209,15.966666666666667,0.5354734659194946,0.2648858836377876
COHFACE_s32_session0_lamp,9,210,16.0,0.767198383808136,0.590962238883955
COHFACE_s32_session0_lamp,9,211,16.033333333333335,0.9623538255691528,0.879019661011103
COHFACE_s32_session0_lamp,9,212,16.066666666666666,1.0884164571762085,1.107191967932698
COHFACE_s32_session0_lamp,9,213,16.1,1.0827487707138062,1.260515516797248
COHFACE_s32_session0_lamp,9,214,16.133333333333333,1.0466117858886719,1.333727073398883
COHFACE_s32_session0_lamp,9,215,16.166666666666668,1.0525110960006714,1.331342065045308
COHFACE_s32_session0_lamp,9,216,16.2,1.0560166835784912,1.2652710014950832
COHFACE_s32_session0_lamp,9,217,16.233333333333334,1.0126367807388306,1.1511640561190235
COHFACE_s32_session0_lamp,9,218,16.266666666666666,0.9299694895744324,1.0047511709992187
COHFACE_s32_session0_lamp,9,219,16.3,0.8215892314910889,0.8389756095014552
COHFACE_s32_session0_lamp,9,220,16.333333333333332,0.698399007320404,0.6622840106434315
COHFACE_s32_session0_lamp,9,221,16.366666666666667,0.5777105689048767,0.4782920837509311
COHFACE_s32_session0_lamp,9,222,16.4,0.45572492480278015,0.28704801870809266
COHFACE_s32_session0_lamp,9,223,16.433333333333334,0.33468127250671387,0.08783002685569088
COHFACE_s32_session0_lamp,9,224,16.466666666666665,0.2277527153491974,-0.11733172496521548
COHFACE_s32_session0_lamp,9,225,16.5,0.1171950027346611,-0.3208875323512656
COHFACE_s32_session0_lamp,9,226,16.533333333333335,-0.010257544927299023,-0.5091905091337117
COHFACE_s32_session0_lamp,9,227,16.566666666666666,-0.12330161035060883,-0.6647325263910056
COHFACE_s32_session0_lamp,9,228,16.6,-0.22063995897769928,-0.7706268491660138
COHFACE_s32_session0_lamp,9,229,16.633333333333333,-0.33538275957107544,-0.8157559124105291
COHFACE_s32_session0_lamp,9,230,16.666666666666668,-0.43929991126060486,-0.7986280111900727
COHFACE_s32_session0_lamp,9,231,16.7,-0.5194191336631775,-0.7283980814780642
COHFACE_s32_session0_lamp,9,232,16.733333333333334,-0.5939170122146606,-0.6225588351466481
COHFACE_s32_session0_lamp,9,233,16.766666666666666,-0.6875026822090149,-0.5021505705106569
COHFACE_s32_session0_lamp,9,234,16.8,-0.766355574131012,-0.38641351884908476
COHFACE_s32_session0_lamp,9,235,16.833333333333332,-0.7175859808921814,-0.28892127044529303
COHFACE_s32_session0_lamp,9,236,16.866666666666667,-0.3877505958080292,-0.2161962091846269
COHFACE_s32_session0_lamp,9,237,16.9,0.11413725465536118,-0.16841099710662075
COHFACE_s32_session0_lamp,9,238,16.933333333333334,0.5475963950157166,-0.14102078662847178
COHFACE_s32_session0_lamp,9,239,16.966666666666665,0.894496500492096,-0.12640321994673906
COHFACE_s32_session0_lamp,10,0,10.0,1.1037824153900146,0.14838951463493957
COHFACE_s32_session0_lamp,10,1,10.033333333333333,1.0502254962921143,0.14188829145869086
COHFACE_s32_session0_lamp,10,2,10.066666666666666,0.974631130695343,0.15865450746963342
COHFACE_s32_session0_lamp,10,3,10.1,0.8958091735839844,0.21501868270600297
COHFACE_s32_session0_lamp,10,4,10.133333333333333,0.8074741959571838,0.3109471102103456
COHFACE_s32_session0_lamp,10,5,10.166666666666666,0.716467559337616,0.42953013596749395
COHFACE_s32_session0_lamp,10,6,10.2,0.6302019357681274,0.5427478062112063
COHFACE_s32_session0_lamp,10,7,10.233333333333333,0.5498356223106384,0.6211506197012641
COHFACE_s32_session0_lamp,10,8,10.266666666666667,0.4753531813621521,0.6432837644481254
COHFACE_s32_session0_lamp,10,9,10.3,0.39424562454223633,0.6009979116917177
COHFACE_s32_session0_lamp,10,10,10.333333333333334,0.29811182618141174,0.4992125708955622
COHFACE_s32_session0_lamp,10,11,10.366666666666667,0.18994781374931335,0.35153885280642333
COHFACE_s32_session0_lamp,10,12,10.4,0.10473235696554184,0.1746157129339583
COHFACE_s32_session0_lamp,10,13,10.433333333333334,0.020412607118487358,-0.016298491037457334
COHFACE_s32_session0_lamp,10,14,10.466666666666667,-0.07680220156908035,-0.20931220071391438
COHFACE_s32_session0_lamp,10,15,10.5,-0.15313783288002014,-0.3957280542156947
COHFACE_s32_session0_lamp,10,16,10.533333333333333,-0.2246551811695099,-0.568712075094394
COHFACE_s32_session0_lamp,10,17,10.566666666666666,-0.3020254969596863,-0.7217793472142293
COHFACE_s32_session0_lamp,10,18,10.6,-0.38015255331993103,-0.8476777439429564
COHFACE_s32_session0_lamp,10,19,10.633333333333333,-0.4060662090778351,-0.9379751419106176
COHFACE_s32_session0_lamp,10,20,10.666666666666666,-0.2100459337234497,-0.9836476601143526
COHFACE_s32_session0_lamp,10,21,10.7,0.22546713054180145,-0.9767907943778297
COHFACE_s32_session0_lamp,10,22,10.733333333333333,0.6385412812232971,-0.9129356104981416
COHFACE_s32_session0_lamp,10,23,10.766666666666667,0.9190511703491211,-0.7928635099197505
COHFACE_s32_session0_lamp,10,24,10.8,1.148768424987793,-0.6229341873668834
COHFACE_s32_session0_lamp,10,25,10.833333333333334,1.3719532489776611,-0.4138228579514053
COHFACE_s32_session0_lamp,10,26,10.866666666666667,1.5335506200790405,-0.17861743998232368
COHFACE_s32_session0_lamp,10,27,10.9,1.5890380144119263,0.06854540936754636
COHFACE_s32_session0_lamp,10,28,10.933333333333334,1.566166639328003,0.31306813655374854
COHFACE_s32_session0_lamp,10,29,10.966666666666667,1.5628000497817993,0.5404554163466418
COHFACE_s32_session0_lamp,10,30,11.0,1.596265435218811,0.7375160602437427
COHFACE_s32_session0_lamp,10,31,11.033333333333333,1.59745454788208,0.8940378468792444
COHFACE_s32_session0_lamp,10,32,11.066666666666666,1.5516809225082397,1.0041483882247408
COHFACE_s32_session0_lamp,10,33,11.1,1.460195541381836,1.0666359578385476
COHFACE_s32_session0_lamp,10,34,11.133333333333333,1.3492517471313477,1.0841231894092909
COHFACE_s32_session0_lamp,10,35,11.166666666666666,1.2409178018569946,1.0615645053492078
COHFACE_s32_session0_lamp,10,36,11.2,1.122128963470459,1.0046133651781608
COHFACE_s32_session0_lamp,10,37,11.233333333333333,1.0118029117584229,0.9181976381198503
COHFACE_s32_session0_lamp,10,38,11.266666666666667,0.8930911421775818,0.8055477755427279
COHFACE_s32_session0_lamp,10,39,11.3,0.7739161252975464,0.6679515740243027
COHFACE_s32_session0_lamp,10,40,11.333333333333334,0.6480542421340942,0.5054564493850062
COHFACE_s32_session0_lamp,10,41,11.366666666666667,0.515381932258606,0.31846435818813773
COHFACE_s32_session0_lamp,10,42,11.4,0.38706454634666443,0.1097148484910706
COHFACE_s32_session0_lamp,10,43,11.433333333333334,0.25534966588020325,-0.1141833790258137
COHFACE_s32_session0_lamp,10,44,11.466666666666667,0.1322675496339798,-0.34245552643654154
COHFACE_s32_session0_lamp,10,45,11.5,0.005309178493916988,-0.5614268117422918
COHFACE_s32_session0_lamp,10,46,11.533333333333333,-0.11292379349470139,-0.7570440152561075
COHFACE_s32_session0_lamp,10,47,11.566666666666666,-0.2246551811695099,-0.9178468278171581
COHFACE_s32_session0_lamp,10,48,11.6,-0.3301166594028473,-1.0374335422081653
COHFACE_s32_session0_lamp,10,49,11.633333333333333,-0.4256790280342102,-1.115594911731911
COHFACE_s32_session0_lamp,10,50,11.666666666666666,-0.5243146419525146,-1.157571597895521
COHFACE_s32_session0_lamp,10,51,11.7,-0.5962334871292114,-1.1713586379450942
COHFACE_s32_session0_lamp,10,52,11.733333333333333,-0.554814875125885,-1.1636485479180296
COHFACE_s32_session0_lamp,10,53,11.766666666666667,-0.2512020170688629,-1.135674430912712
COHFACE_s32_session0_lamp,10,54,11.8,0.20767658948898315,-1.080602027777323
COHFACE_s32_session0_lamp,10,55,11.833333333333334,0.5946980714797974,-0.9840315107083653
COHFACE_s32_session0_lamp,10,56,11.866666666666667,0.8685982823371887,-0.8284246385740835
COHFACE_s32_session0_lamp,10,57,11.9,1.1052650213241577,-0.600673800940599
COHFACE_s32_session0_lamp,10,58,11.933333333333334,1.3161569833755493,-0.30001802610655093
COHFACE_s32_session0_lamp,10,59,11.966666666666667,1.4376176595687866,0.05742620958851075
COHFACE_s32_session0_lamp,10,60,12.0,1.4264676570892334,0.4400284963082114
COHFACE_s32_session0_lamp,10,61,12.033333333333333,1.385512351989746,0.8077002288036693
COHFACE_s32_session0_lamp,10,62,12.066666666666666,1.3869022130966187,1.1218395010585807
COHFACE_s32_session0_lamp,10,63,12.1,1.3759684562683105,1.354238308918737
COHFACE_s32_session0_lamp,10,64,12.133333333333333,1.3238013982772827,1.491868192319575
COHFACE_s32_session0_lamp,10,65,12.166666666666666,1.224470853805542,1.5365357955169578
COHFACE_s32_session0_lamp,10,66,12.2,1.0953505039215088,1.5004930774506702
COHFACE_s32_session0_lamp,10,67,12.233333333333333,0.9659057259559631,1.4003595551161792
COHFACE_s32_session0_lamp,10,68,12.266666666666667,0.8439200520515442,1.2518477681895759
COHFACE_s32_session0_lamp,10,69,12.3,0.7180427312850952,1.0669376544634293
COHFACE_s32_session0_lamp,10,70,12.333333333333334,0.5895246267318726,0.8538197857250839
COHFACE_s32_session0_lamp,10,71,12.366666666666667,0.471554160118103,0.6187545807312675
COHFACE_s32_session0_lamp,10,72,12.4,0.3528270125389099,0.3684357606477124
COHFACE_s32_session0_lamp,10,73,12.433333333333334,0.22548256814479828,0.11156199502745288
COHFACE_s32_session0_lamp,10,74,12.466666666666667,0.092671237885952,-0.14109901879152592
COHFACE_s32_session0_lamp,10,75,12.5,-0.02874302864074707,-0.37810741912004225
COHFACE_s32_session0_lamp,10,76,12.533333333333333,-0.1547902524471283,-0.5894964228381422
COHFACE_s32_session0_lamp,10,77,12.566666666666666,-0.2791387140750885,-0.7686059688641244
COHFACE_s32_session0_lamp,10,78,12.6,-0.3877042531967163,-0.9126626619899117
COHFACE_s32_session0_lamp,10,79,12.633333333333333,-0.4859074354171753,-1.0218035524112672
COHFACE_s32_session0_lamp,10,80,12.666666666666666,-0.5816860198974609,-1.0971692266561048
COHFACE_s32_session0_lamp,10,81,12.7,-0.6663764119148254,-1.1392805723611958
COHFACE_s32_session0_lamp,10,82,12.733333333333333,-0.757321298122406,-1.1476531292472727
COHFACE_s32_session0_lamp,10,83,12.766666666666667,-0.8524821400642395,-1.1215867648837077
COHFACE_s32_session0_lamp,10,84,12.8,-0.9015451073646545,-1.0610098205529441
COHFACE_s32_session0_lamp,10,85,12.833333333333334,-0.7359633445739746,-0.9662584972963126
COHFACE_s32_session0_lamp,10,86,12.866666666666667,-0.33240222930908203,-0.837006144610197
COHFACE_s32_session0_lamp,10,87,12.9,0.07058749347925186,-0.6717709680614729
COHFACE_s32_session0_lamp,10,88,12.933333333333334,0.3523019552230835,-0.4691254944289439
COHFACE_s32_session0_lamp,10,89,12.966666666666667,0.5689079761505127,-0.23032392359957488
COHFACE_s32_session0_lamp,10,90,13.0,0.7625654339790344,0.03812594428606036
COHFACE_s32_session0_lamp,10,91,13.033333333333333,0.8742967844009399,0.32344213092411694
COHFACE_s32_session0_lamp,10,92,13.066666666666666,0.8659266233444214,0.6074799115495533
COHFACE_s32_session0_lamp,10,93,13.1,0.8132035732269287,0.8689257689380556
COHFACE_s32_session0_lamp,10,94,13.133333333333333,0.8040766716003418,1.0861277720154503
COHFACE_s32_session0_lamp,10,95,13.166666666666666,0.8146089315414429,1.240297049076829
COHFACE_s32_session0_lamp,10,96,13.2,0.7748890519142151,1.3186585659149739
COHFACE_s32_session0_lamp,10,97,13.233333333333333,0.6873108148574829,1.3167034826393225
COHFACE_s32_session0_lamp,10,98,13.266666666666667,0.5692477226257324,1.2386831910266467
COHFACE_s32_session0_lamp,10,99,13.3,0.4502580165863037,1.096023401631819
COHFACE_s32_session0_lamp,10,100,13.333333333333334,0.3294614851474762,0.9041387378949354
COHFACE_s32_session0_lamp,10,101,13.366666666666667,0.19822536408901215,0.6787709942539232
COHFACE_s32_session0_lamp,10,102,13.4,0.07244067639112473,0.43312527269820394
COHFACE_s32_session0_lamp,10,103,13.433333333333334,-0.052139442414045334,0.17669448364226195
COHFACE_s32_session0_lamp,10,104,13.466666666666667,-0.16280525922775269,-0.08404936684585777
COHFACE_s32_session0_lamp,10,105,13.5,-0.2694249749183655,-0.3436134211432603
COHFACE_s32_session0_lamp,10,106,13.533333333333333,-0.3716433644294739,-0.5950210848963245
COHFACE_s32_session0_lamp,10,107,13.566666666666666,-0.48508894443511963,-0.8279835929293218
COHFACE_s32_session0_lamp,10,108,13.6,-0.6024879813194275,-1.028637590403161
COHFACE_s32_session0_lamp,10,109,13.633333333333333,-0.7037952542304993,-1.1812782145641758
COHFACE_s32_session0_lamp,10,110,13.666666666666666,-0.7936436533927917,-1.271648940182857
COHFACE_s32_session0_lamp,10,111,13.7,-0.8782413601875305,-1.2905399911714466
COHFACE_s32_session0_lamp,10,112,13.733333333333333,-0.9576656222343445,-1.236183660936555
COHFACE_s32_session0_lamp,10,113,13.766666666666667,-1.0453366041183472,-1.1143750229130147
COHFACE_s32_session0_lamp,10,114,13.8,-1.1338413953781128,-0.936243638650445
COHFACE_s32_session0_lamp,10,115,13.833333333333334,-1.1987181901931763,-0.7148120878725946
COHFACE_s32_session0_lamp,10,116,13.866666666666667,-1.1779625415802002,-0.4622814067981859
COHFACE_s32_session0_lamp,10,117,13.9,-0.9295744895935059,-0.18953324003618724
COHFACE_s32_session0_lamp,10,118,13.933333333333334,-0.5215811729431152,0.09240731546165802
COHFACE_s32_session0_lamp,10,119,13.966666666666667,-0.19227084517478943,0.37073170018771295
COHFACE_s32_session0_lamp,10,120,14.0,0.030095478519797325,0.6307320468980407
COHFACE_s32_session0_lamp,10,121,14.033333333333333,0.20651835203170776,0.8575858304885433
COHFACE_s32_session0_lamp,10,122,14.066666666666666,0.33233392238616943,1.0390650695805175
COHFACE_s32_session0_lamp,10,123,14.1,0.35894250869750977,1.167654745192601
COHFACE_s32_session0_lamp,10,124,14.133333333333333,0.3141418695449829,1.241035486361068
COHFACE_s32_session0_lamp,10,125,14.166666666666666,0.2960270047187805,1.2609041066908044
COHFACE_s32_session0_lamp,10,126,14.2,0.31395652890205383,1.2309660540696798
COHFACE_s32_session0_lamp,10,127,14.233333333333333,0.3134314715862274,1.1551677132978062
COHFACE_s32_session0_lamp,10,128,14.266666666666667,0.27831366658210754,1.0368321863618308
COHFACE_s32_session0_lamp,10,129,14.3,0.2027193307876587,0.8788105115451914
COHFACE_s32_session0_lamp,10,130,14.333333333333334,0.10206069052219391,0.6844860823919778
COHFACE_s32_session0_lamp,10,131,14.366666666666667,0.008459586650133133,0.45931695814832435
COHFACE_s32_session0_lamp,10,132,14.4,-0.0708102434873581,0.21231380559184435
COHFACE_s32_session0_lamp,10,133,14.433333333333334,-0.1708357185125351,-0.04340173696728725
COHFACE_s32_session0_lamp,10,134,14.466666666666667,-0.26389631628990173,-0.29170623252826144
COHFACE_s32_session0_lamp,10,135,14.5,-0.3405407965183258,-0.5164019187710458
COHFACE_s32_session0_lamp,10,136,14.533333333333333,-0.426960825920105,-0.7051966959761956
COHFACE_s32_session0_lamp,10,137,14.566666666666666,-0.5215039849281311,-0.8532041424905706
COHFACE_s32_session0_lamp,10,138,14.6,-0.6147652864456177,-0.9642896324278977
COHFACE_s32_session0_lamp,10,139,14.633333333333333,-0.7120264172554016,-1.0492390161775826
COHFACE_s32_session0_lamp,10,140,14.666666666666666,-0.8049944043159485,-1.1209640750902443
COHFACE_s32_session0_lamp,10,141,14.7,-0.8842642307281494,-1.188253820187661
COHFACE_s32_session0_lamp,10,142,14.733333333333333,-0.9709622263908386,-1.2503549007874817
COHFACE_s32_session0_lamp,10,143,14.766666666666667,-1.0613048076629639,-1.2945918260960245
COHFACE_s32_session0_lamp,10,144,14.8,-1.1370381116867065,-1.2983072434872946
COHFACE_s32_session0_lamp,10,145,14.833333333333334,-1.1869041919708252,-1.2349127573069392
COHFACE_s32_session0_lamp,10,146,14.866666666666667,-1.115124225616455,-1.0823084862666401
COHFACE_s32_session0_lamp,10,147,14.9,-0.7846556901931763,-0.8309459015965076
COHFACE_s32_session0_lamp,10,148,14.933333333333334,-0.36716482043266296,-0.4888042775539345
COHFACE_s32_session0_lamp,10,149,14.966666666666667,-0.06948213279247284,-0.08158141911808399
COHFACE_s32_session0_lamp,10,150,15.0,0.12900903820991516,0.35191770099332487
COHFACE_s32_session0_lamp,10,151,15.033333333333333,0.30078351497650146,0.7676439949687816
COHFACE_s32_session0_lamp,10,152,15.066666666666666,0.40480875968933105,1.1250494070480566
COHFACE_s32_session0_lamp,10,153,15.1,0.4072178900241852,1.3943035233982426
COHFACE_s32_session0_lamp,10,154,15.133333333333333,0.3589734137058258,1.5601263966735184
COHFACE_s32_session0_lamp,10,155,15.166666666666666,0.3565642535686493,1.6215487848739318
COHFACE_s32_session0_lamp,10,156,15.2,0.3906782567501068,1.5884564997583603
COHFACE_s32_session0_lamp,10,157,15.233333333333333,0.3927322030067444,1.4768361861575043
COHFACE_s32_session0_lamp,10,158,15.266666666666667,0.34263452887535095,1.3045604323797213
COHFACE_s32_session0_lamp,10,159,15.3,0.2647545635700226,1.0886675104316785
COHFACE_s32_session0_lamp,10,160,15.333333333333334,0.16638152301311493,0.8441527606398327
COHFACE_s32_session0_lamp,10,161,15.366666666666667,0.0727495402097702,0.5837454029890661
COHFACE_s32_session0_lamp,10,162,15.4,-0.021700939163565636,0.31808876735859354
COHFACE_s32_session0_lamp,10,163,15.433333333333334,-0.11332531273365021,0.05599638275351196
COHFACE_s32_session0_lamp,10,164,15.466666666666667,-0.18841004371643066,-0.1952601442370913
COHFACE_s32_session0_lamp,10,165,15.5,-0.26803508400917053,-0.42956148984005443
COHFACE_s32_session0_lamp,10,166,15.533333333333333,-0.35615384578704834,-0.6414599657624337
COHFACE_s32_session0_lamp,10,167,15.566666666666666,-0.4333234131336212,-0.8257302837994889
COHFACE_s32_session0_lamp,10,168,15.6,-0.5139985680580139,-0.9770777332653928
COHFACE_s32_session0_lamp,10,169,15.633333333333333,-0.5935155153274536,-1.0901089160169728
COHFACE_s32_session0_lamp,10,170,15.666666666666666,-0.671951413154602,-1.1596983188765977
COHFACE_s32_session0_lamp,10,171,15.7,-0.7423105239868164,-1.1818001584021154
COHFACE_s32_session0_lamp,10,172,15.733333333333333,-0.808839738368988,-1.1544487738739206
COHFACE_s32_session0_lamp,10,173,15.766666666666667,-0.8924182057380676,-1.0783730822968791
COHFACE_s32_session0_lamp,10,174,15.8,-0.9524149298667908,-0.9566671720734681
COHFACE_s32_session0_lamp,10,175,15.833333333333334,-0.9086953401565552,-0.7935335789046953
COHFACE_s32_session0_lamp,10,176,15.866666666666667,-0.6160470843315125,-0.5930173343429322
COHFACE_s32_session0_lamp,10,177,15.9,-0.1606895476579666,-0.3590409906045945
COHFACE_s32_session0_lamp,10,178,15.933333333333334,0.24236196279525757,-0.09730978147437473
COHFACE_s32_session0_lamp,10,179,15.966666666666667,0.5354734659194946,0.18186683181221866
COHFACE_s32_session0_lamp,10,180,16.0,0.767198383808136,0.4620045958927143
COHFACE_s32_session0_lamp,10,181,16.033333333333335,0.9623538255691528,0.7219099849702716
COHFACE_s32_session0_lamp,10,182,16.066666666666666,1.0884164571762085,0.9398654576775873
COHFACE_s32_session0_lamp,10,183,16.1,1.0827487707138062,1.0983536428209346
COHFACE_s32_session0_lamp,10,184,16.133333333333333,1.0466117858886719,1.1872392583832339
COHFACE_s32_session0_lamp,10,185,16.166666666666668,1.0525110960006714,1.2046758516207183
COHFACE_s32_session0_lamp,10,186,16.2,1.0560166835784912,1.1560745742926157
COHFACE_s32_session0_lamp,10,187,16.233333333333334,1.0126367807388306,1.0518484336098821
COHFACE_s32_session0_lamp,10,188,16.266666666666666,0.9299694895744324,0.9046291284627004
COHFACE_s32_session0_lamp,10,189,16.3,0.8215892314910889,0.7265616891557063
COHFACE_s32_session0_lamp,10,190,16.333333333333332,0.698399007320404,0.5272645465964645
COHFACE_s32_session0_lamp,10,191,16.366666666666667,0.5777105689048767,0.31299921728875957
COHFACE_s32_session0_lamp,10,192,16.4,0.45572492480278015,0.08734729440048056
COHFACE_s32_session0_lamp,10,193,16.433333333333334,0.33468127250671387,-0.14679178109860738
COHFACE_s32_session0_lamp,10,194,16.466666666666665,0.2277527153491974,-0.38464313964554925
COHFACE_s32_session0_lamp,10,195,16.5,0.1171950027346611,-0.6175660027912606
COHFACE_s32_session0_lamp,10,196,16.533333333333335,-0.010257544927299023,-0.832654679302137
COHFACE_s32_session0_lamp,10,197,16.566666666666666,-0.12330161035060883,-1.0143577805837884
COHFACE_s32_session0_lamp,10,198,16.6,-0.22063995897769928,-1.1476741400489405
COHFACE_s32_session0_lamp,10,199,16.633333333333333,-0.33538275957107544,-1.2217610501729401
COHFACE_s32_session0_lamp,10,200,16.666666666666668,-0.43929991126060486,-1.2325637151019255
COHFACE_s32_session0_lamp,10,201,16.7,-0.5194191336631775,-1.1833903777735737
COHFACE_s32_session0_lamp,10,202,16.733333333333334,-0.5939170122146606,-1.0830851175146021
COHFACE_s32_session0_lamp,10,203,16.766666666666666,-0.6875026822090149,-0.9424422799686603
COHFACE_s32_session0_lamp,10,204,16.8,-0.766355574131012,-0.7704467449688482
COHFACE_s32_session0_lamp,10,205,16.833333333333332,-0.7175859808921814,-0.5722371141534547
COHFACE_s32_session0_lamp,10,206,16.866666666666667,-0.3877505958080292,-0.34996932704943023
COHFACE_s32_session0_lamp,10,207,16.9,0.11413725465536118,-0.10618342237267876
COHFACE_s32_session0_lamp,10,208,16.933333333333334,0.5475963950157166,0.1523594513819391
COHFACE_s32_session0_lamp,10,209,16.966666666666665,0.894496500492096,0.41288624726561535
COHFACE_s32_session0_lamp,10,210,17.0,1.20640230178833,0.6581464768038112
COHFACE_s32_session0_lamp,10,211,17.033333333333335,1.4752063751220703,0.8705163349214239
COHFACE_s32_session0_lamp,10,212,17.066666666666666,1.6355218887329102,1.0365070178708502
COHFACE_s32_session0_lamp,10,213,17.1,1.6449577808380127,1.1494754374517273
COHFACE_s32_session0_lamp,10,214,17.133333333333333,1.5880805253982544,1.2095402985583377
COHFACE_s32_session0_lamp,10,215,17.166666666666668,1.5536422729492188,1.2212456960773137
COHFACE_s32_session0_lamp,10,216,17.2,1.5304311513900757,1.1904427694471749
COHFACE_s32_session0_lamp,10,217,17.233333333333334,1.4608286619186401,1.1219104681776948
COHFACE_s32_session0_lamp,10,218,17.266666666666666,1.3393372297286987,1.018632945759013
COHFACE_s32_session0_lamp,10,219,17.3,1.2062634229660034,0.8827578714418234
COHFACE_s32_session0_lamp,10,220,17.333333333333332,1.0651744604110718,0.7174739251661585
COHFACE_s32_session0_lamp,10,221,17.366666666666667,0.9151285886764526,0.5287053306644192
COHFACE_s32_session0_lamp,10,222,17.4,0.7756303548812866,0.32572388208576664
COHFACE_s32_session0_lamp,10,223,17.433333333333334,0.6222178339958191,0.12027690027927317
COHFACE_s32_session0_lamp,10,224,17.466666666666665,0.48083552718162537,-0.07564474027345351
COHFACE_s32_session0_lamp,10,225,17.5,0.3493059575557709,-0.2527074673799363
COHFACE_s32_session0_lamp,10,226,17.533333333333335,0.2137148678302765,-0.40658534508297417
COHFACE_s32_session0_lamp,10,227,17.566666666666666,0.07959086447954178,-0.5385520276046883
COHFACE_s32_session0_lamp,10,228,17.6,-0.04333683103322983,-0.6539102278632912
COHFACE_s32_session0_lamp,10,229,17.633333333333333,-0.1681794822216034,-0.7588537907186823
COHFACE_s32_session0_lamp,10,230,17.666666666666668,-0.2989214360713959,-0.8568710050120354
COHFACE_s32_session0_lamp,10,231,17.7,-0.4093864858150482,-0.945847881115221
COHFACE_s32_session0_lamp,10,232,17.733333333333334,-0.5152803659439087,-1.0168907944204812
COHFACE_s32_session0_lamp,10,233,17.766666666666666,-0.618765115737915,-1.0555533101024426
COHFACE_s32_session0_lamp,10,234,17.8,-0.7149760723114014,-1.0454997969948812
COHFACE_s32_session0_lamp,10,235,17.833333333333332,-0.790941059589386,-0.973679921027906
COHFACE_s32_session0_lamp,10,236,17.866666666666667,-0.7128294706344604,-0.8351763980904855
COHFACE_s32_session0_lamp,10,237,17.9,-0.3358615040779114,-0.6357765941989131
COHFACE_s32_session0_lamp,10,238,17.933333333333334,0.18801741302013397,-0.39139159855820765
COHFACE_s32_session0_lamp,10,239,17.966666666666665,0.6337693333625793,-0.1250562604592962
COHFACE_s32_session0_lamp,11,0,11.0,1.596265435218811,0.17359890733490949
COHFACE_s32_session0_lamp,11,1,11.033333333333333,1.59745454788208,0.26728807276251115
COHFACE_s32_session0_lamp,11,2,11.066666666666666,1.5516809225082397,0.36149960137810994
COHFACE_s32_session0_lamp,11,3,11.1,1.460195541381836,0.45736476521454994
COHFACE_s32_session0_lamp,11,4,11.133333333333333,1.3492517471313477,0.5516943983865068
COHFACE_s32_session0_lamp,11,5,11.166666666666666,1.2409178018569946,0.636118497764616
COHFACE_s32_session0_lamp,11,6,11.2,1.122128963470459,0.6980506691422966
COHFACE_s32_session0_lamp,11,7,11.233333333333333,1.0118029117584229,0.7237028643238825
COHFACE_s32_session0_lamp,11,8,11.266666666666667,0.8930911421775818,0.7022146845328056
COHFACE_s32_session0_lamp,11,9,11.3,0.7739161252975464,0.6291078849389022
COHFACE_s32_session0_lamp,11,10,11.333333333333334,0.6480542421340942,0.5075961412936835
COHFACE_s32_session0_lamp,11,11,11.366666666666667,0.515381932258606,0.34746294811190254
COHFACE_s32_session0_lamp,11,12,11.4,0.38706454634666443,0.1623677495920215
COHFACE_s32_session0_lamp,11,13,11.433333333333334,0.25534966588020325,-0.033133936694134766
COHFACE_s32_session0_lamp,11,14,11.466666666666667,0.1322675496339798,-0.22597615058835338
COHFACE_s32_session0_lamp,11,15,11.5,0.005309178493916988,-0.4061273672264685
COHFACE_s32_session0_lamp,11,16,11.533333333333333,-0.11292379349470139,-0.5673095297126386
COHFACE_s32_session0_lamp,11,17,11.566666666666666,-0.2246551811695099,-0.7068826094772147
COHFACE_s32_session0_lamp,11,18,11.6,-0.3301166594028473,-0.8249208385694587
COHFACE_s32_session0_lamp,11,19,11.633333333333333,-0.4256790280342102,-0.9226602181132559
COHFACE_s32_session0_lamp,11,20,11.666666666666666,-0.5243146419525146,-1.0006554100055782
COHFACE_s32_session0_lamp,11,21,11.7,-0.5962334871292114,-1.0570490196779179
COHFACE_s32_session0_lamp,11,22,11.733333333333333,-0.554814875125885,-1.086313380152964
COHFACE_s32_session0_lamp,11,23,11.766666666666667,-0.2512020170688629,-1.0787808092187186
COHFACE_s32_session0_lamp,11,24,11.8,0.20767658948898315,-1.0213298758853318
COHFACE_s32_session0_lamp,11,25,11.833333333333334,0.5946980714797974,-0.8997066420111092
COHFACE_s32_session0_lamp,11,26,11.866666666666667,0.8685982823371887,-0.7028313642540531
COHFACE_s32_session0_lamp,11,27,11.9,1.1052650213241577,-0.428513070783773
COHFACE_s32_session0_lamp,11,28,11.933333333333334,1.3161569833755493,-0.08840496760218597
COHFACE_s32_session0_lamp,11,29,11.966666666666667,1.4376176595687866,0.29071025759272356
COHFACE_s32_session0_lamp,11,30,12.0,1.4264676570892334,0.6709197325999239
COHFACE_s32_session0_lamp,11,31,12.033333333333333,1.385512351989746,1.0114727270342718
COHFACE_s32_session0_lamp,11,32,12.066666666666666,1.3869022130966187,1.2781687354656426
COHFACE_s32_session0_lamp,11,33,12.1,1.3759684562683105,1.450204707308346
COHFACE_s32_session0_lamp,11,34,12.133333333333333,1.3238013982772827,1.5224062342798617
COHFACE_s32_session0_lamp,11,35,12.166666666666666,1.224470853805542,1.5030469787927252
COHFACE_s32_session0_lamp,11,36,12.2,1.0953505039215088,1.4089647939636258
COHFACE_s32_session0_lamp,11,37,12.233333333333333,0.9659057259559631,1.2600412750278482
COHFACE_s32_session0_lamp,11,38,12.266666666666667,0.8439200520515442,1.0746876018807368
COHFACE_s32_session0_lamp,11,39,12.3,0.7180427312850952,0.8672194222294817
COHFACE_s32_session0_lamp,11,40,12.333333333333334,0.5895246267318726,0.64726152519558
COHFACE_s32_session0_lamp,11,41,12.366666666666667,0.471554160118103,0.42077963218453723
COHFACE_s32_session0_lamp,11,42,12.4,0.3528270125389099,0.1920090500481242
COHFACE_s32_session0_lamp,11,43,12.433333333333334,0.22548256814479828,-0.03462947108587376
COHFACE_s32_session0_lamp,11,44,12.466666666666667,0.092671237885952,-0.253538770128984
COHFACE_s32_session0_lamp,11,45,12.5,-0.02874302864074707,-0.45837953694465605
COHFACE_s32_session0_lamp,11,46,12.533333333333333,-0.1547902524471283,-0.6435862275883224
COHFACE_s32_session0_lamp,11,47,12.566666666666666,-0.2791387140750885,-0.8059046793530283
COHFACE_s32_session0_lamp,11,48,12.6,-0.3877042531967163,-0.9448698816893346
COHFACE_s32_session0_lamp,11,49,12.633333333333333,-0.4859074354171753,-1.0618017298664615
COHFACE_s32_session0_lamp,11,50,12.666666666666666,-0.5816860198974609,-1.157783703487721
COHFACE_s32_session0_lamp,11,51,12.7,-0.6663764119148254,-1.2316114235136466
COHFACE_s32_session0_lamp,11,52,12.733333333333333,-0.757321298122406,-1.2785404068688084
COHFACE_s32_session0_lamp,11,53,12.766666666666667,-0.8524821400642395,-1.2900992660370825
COHFACE_s32_session0_lamp,11,54,12.8,-0.9015451073646545,-1.254807666783899
COHFACE_s32_session0_lamp,11,55,12.833333333333334,-0.7359633445739746,-1.1597391516569666
COHFACE_s32_session0_lamp,11,56,12.866666666666667,-0.33240222930908203,-0.9933193143769814
COHFACE_s32_session0_lamp,11,57,12.9,0.07058749347925186,-0.7496288760132747
COHFACE_s32_session0_lamp,11,58,12.933333333333334,0.3523019552230835,-0.4332909963128685
COHFACE_s32_session0_lamp,11,59,12.966666666666667,0.5689079761505127,-0.06268893679208296
COHFACE_s32_session0_lamp,11,60,13.0,0.7625654339790344,0.3308655100913537
COHFACE_s32_session0_lamp,11,61,13.033333333333333,0.8742967844009399,0.7087511295827676
COHFACE_s32_session0_lamp,11,62,13.066666666666666,0.8659266233444214,1.0335250541881429
COHFACE_s32_session0_lamp,11,63,13.1,0.8132035732269287,1.276766461075673
COHFACE_s32_session0_lamp,11,64,13.133333333333333,0.8040766716003418,1.4235788169814085
COHFACE_s32_session0_lamp,11,65,13.166666666666666,0.8146089315414429,1.473098377785061
COHFACE_s32_session0_lamp,11,66,13.2,0.7748890519142151,1.4358235216005346
COHFACE_s32_session0_lamp,11,67,13.233333333333333,0.6873108148574829,1.3291214647476008
COHFACE_s32_session0_lamp,11,68,13.266666666666667,0.5692477226257324,1.1723344544760743
COHFACE_s32_session0_lamp,11,69,13.3,0.4502580165863037,0.9827511058834917
COHFACE_s32_session0_lamp,11,70,13.333333333333334,0.3294614851474762,0.7733560893110017
COHFACE_s32_session0_lamp,11,71,13.366666666666667,0.19822536408901215,0.5526369533187291
COHFACE_s32_session0_lamp,11,72,13.4,0.07244067639112473,0.32589999811191495
COHFACE_s32_session0_lamp,11,73,13.433333333333334,-0.052139442414045334,0.0970211810824456
COHFACE_s32_session0_lamp,11,74,13.466666666666667,-0.16280525922775269,-0.13027996311062878
COHFACE_s32_session0_lamp,11,75,13.5,-0.2694249749183655,-0.3519116880427382
COHFACE_s32_session0_lamp,11,76,13.533333333333333,-0.3716433644294739,-0.5632921903029598
COHFACE_s32_session0_lamp,11,77,13.566666666666666,-0.48508894443511963,-0.7591945493154827
COHFACE_s32_session0_lamp,11,78,13.6,-0.6024879813194275,-0.9335055569310441
COHFACE_s32_session0_lamp,11,79,13.633333333333333,-0.7037952542304993,-1.0791825960188153
COHFACE_s32_session0_lamp,11,80,13.666666666666666,-0.7936436533927917,-1.188526065949148
COHFACE_s32_session0_lamp,11,81,13.7,-0.8782413601875305,-1.2536068251307397
COHFACE_s32_session0_lamp,11,82,13.733333333333333,-0.9576656222343445,-1.2667681217270175
COHFACE_s32_session0_lamp,11,83,13.766666666666667,-1.0453366041183472,-1.221338104614763
COHFACE_s32_session0_lamp,11,84,13.8,-1.1338413953781128,-1.1126772507341727
COHFACE_s32_session0_lamp,11,85,13.833333333333334,-1.1987181901931763,-0.9395450012153708
COHFACE_s32_session0_lamp,11,86,13.866666666666667,-1.1779625415802002,-0.7056630261762601
COHFACE_s32_session0_lamp,11,87,13.9,-0.9295744895935059,-0.42107879048973373
COHFACE_s32_session0_lamp,11,88,13.933333333333334,-0.5215811729431152,-0.10249627235101359
COHFACE_s32_session0_lamp,11,89,13.966666666666667,-0.19227084517478943,0.22817805331556484
COHFACE_s32_session0_lamp,11,90,14.0,0.030095478519797325,0.5468865310175588
COHFACE_s32_session0_lamp,11,91,14.033333333333333,0.20651835203170776,0.8309801948289465
COHFACE_s32_session0_lamp,11,92,14.066666666666666,0.33233392238616943,1.0622125426483957
COHFACE_s32_session0_lamp,11,93,14.1,0.35894250869750977,1.2286307270090169
COHFACE_s32_session0_lamp,11,94,14.133333333333333,0.3141418695449829,1.3251729774482945
COHFACE_s32_session0_lamp,11,95,14.166666666666666,0.2960270047187805,1.352947177149704
COHFACE_s32_session0_lamp,11,96,14.2,0.31395652890205383,1.3174433895673499
COHFACE_s32_session0_lamp,11,97,14.233333333333333,0.3134314715862274,1.226307786492783
COHFACE_s32_session0_lamp,11,98,14.266666666666667,0.27831366658210754,1.0875378281305932
COHFACE_s32_session0_lamp,11,99,14.3,0.2027193307876587,0.9087774698471364
COHFACE_s32_session0_lamp,11,100,14.333333333333334,0.10206069052219391,0.6977673656143534
COHFACE_s32_session0_lamp,11,101,14.366666666666667,0.008459586650133133,0.463343898849088
COHFACE_s32_session0_lamp,11,102,14.4,-0.0708102434873581,0.21612671551285534
COHFACE_s32_session0_lamp,11,103,14.433333333333334,-0.1708357185125351,-0.031741427561088977
COHFACE_s32_session0_lamp,11,104,14.466666666666667,-0.26389631628990173,-0.2679365619219931
COHFACE_s32_session0_lamp,11,105,14.5,-0.3405407965183258,-0.4820105939592507
COHFACE_s32_session0_lamp,11,106,14.533333333333333,-0.426960825920105,-0.6674918353048106
COHFACE_s32_session0_lamp,11,107,14.566666666666666,-0.5215039849281311,-0.8232367239919226
COHFACE_s32_session0_lamp,11,108,14.6,-0.6147652864456177,-0.9532718162409143
COHFACE_s32_session0_lamp,11,109,14.633333333333333,-0.7120264172554016,-1.064665495578138
COHFACE_s32_session0_lamp,11,110,14.666666666666666,-0.8049944043159485,-1.1636316612386313
COHFACE_s32_session0_lamp,11,111,14.7,-0.8842642307281494,-1.250970388748032
COHFACE_s32_session0_lamp,11,112,14.733333333333333,-0.9709622263908386,-1.3186925730732997
COHFACE_s32_session0_lamp,11,113,14.766666666666667,-1.0613048076629639,-1.3496402915156
COHFACE_s32_session0_lamp,11,114,14.8,-1.1370381116867065,-1.3208565666127998
COHFACE_s32_session0_lamp,11,115,14.833333333333334,-1.1869041919708252,-1.2099822146374963
COHFACE_s32_session0_lamp,11,116,14.866666666666667,-1.115124225616455,-1.002840806086323
COHFACE_s32_session0_lamp,11,117,14.9,-0.7846556901931763,-0.6998418820188969
COHFACE_s32_session0_lamp,11,118,14.933333333333334,-0.36716482043266296,-0.3189160894256427
COHFACE_s32_session0_lamp,11,119,14.966666666666667,-0.06948213279247284,0.10638746263738103
COHFACE_s32_session0_lamp,11,120,15.0,0.12900903820991516,0.5333221302544009
COHFACE_s32_session0_lamp,11,121,15.033333333333333,0.30078351497650146,0.9188600438550164
COHFACE_s32_session0_lamp,11,122,15.066666666666666,0.40480875968933105,1.2282276503760108
COHFACE_s32_session0_lamp,11,123,15.1,0.4072178900241852,1.4405032308463397
COHFACE_s32_session0_lamp,11,124,15.133333333333333,0.3589734137058258,1.5499916171167396
COHFACE_s32_session0_lamp,11,125,15.166666666666666,0.3565642535686493,1.5637113457034009
COHFACE_s32_session0_lamp,11,126,15.2,0.3906782567501068,1.4966007478833436
COHFACE_s32_session0_lamp,11,127,15.233333333333333,0.3927322030067444,1.3664876056629436
COHFACE_s32_session0_lamp,11,128,15.266666666666667,0.34263452887535095,1.1903924099672174
COHFACE_s32_session0_lamp,11,129,15.3,0.2647545635700226,0.9827444708368019
COHFACE_s32_session0_lamp,11,130,15.333333333333334,0.16638152301311493,0.7551595778273668
COHFACE_s32_session0_lamp,11,131,15.366666666666667,0.0727495402097702,0.5169835011867532
COHFACE_s32_session0_lamp,11,132,15.4,-0.021700939163565636,0.27593836867794236
COHFACE_s32_session0_lamp,11,133,15.433333333333334,-0.11332531273365021,0.038617329322873324
COHFACE_s32_session0_lamp,11,134,15.466666666666667,-0.18841004371643066,-0.1891383106615966
COHFACE_s32_session0_lamp,11,135,15.5,-0.26803508400917053,-0.40194759944218045
COHFACE_s32_session0_lamp,11,136,15.533333333333333,-0.35615384578704834,-0.5948273874030936
COHFACE_s32_session0_lamp,11,137,15.566666666666666,-0.4333234131336212,-0.7634996994078115
COHFACE_s32_session0_lamp,11,138,15.6,-0.5139985680580139,-0.9048763163789818
COHFACE_s32_session0_lamp,11,139,15.633333333333333,-0.5935155153274536,-1.0172487415396612
COHFACE_s32_session0_lamp,11,140,15.666666666666666,-0.671951413154602,-1.0998681541217112
COHFACE_s32_session0_lamp,11,141,15.7,-0.7423105239868164,-1.1520191877783856
COHFACE_s32_session0_lamp,11,142,15.733333333333333,-0.808839738368988,-1.1719850938423524
COHFACE_s32_session0_lamp,11,143,15.766666666666667,-0.8924182057380676,-1.1562902467695106
COHFACE_s32_session0_lamp,11,144,15.8,-0.9524149298667908,-1.0994062488389862
COHFACE_s32_session0_lamp,11,145,15.833333333333334,-0.9086953401565552,-0.994098847598605
COHFACE_s32_session0_lamp,11,146,15.866666666666667,-0.6160470843315125,-0.8328765761064415
COHFACE_s32_session0_lamp,11,147,15.9,-0.1606895476579666,-0.6109934711875413
COHFACE_s32_session0_lamp,11,148,15.933333333333334,0.24236196279525757,-0.33065323098039306
COHFACE_s32_session0_lamp,11,149,15.966666666666667,0.5354734659194946,-0.004794110983836126
COHFACE_s32_session0_lamp,11,150,16.0,0.767198383808136,0.34194248460885
COHFACE_s32_session0_lamp,11,151,16.033333333333335,0.9623538255691528,0.6766653728855571
COHFACE_s32_session0_lamp,11,152,16.066666666666666,1.0884164571762085,0.9653263692168571
COHFACE_s32_session0_lamp,11,153,16.1,1.0827487707138062,1.1804883727817983
COHFACE_s32_session0_lamp,11,154,16.133333333333333,1.0466117858886719,1.306591996558823
COHFACE_s32_session0_lamp,11,155,16.166666666666668,1.0525110960006714,1.341143499362881
COHFACE_s32_session0_lamp,11,156,16.2,1.0560166835784912,1.2923472048829812
COHFACE_s32_session0_lamp,11,157,16.233333333333334,1.0126367807388306,1.1750151524849892
COHFACE_s32_session0_lamp,11,158,16.266666666666666,0.9299694895744324,1.0065348243256593
COHFACE_s32_session0_lamp,11,159,16.3,0.8215892314910889,0.8038156485348236
COHFACE_s32_session0_lamp,11,160,16.333333333333332,0.698399007320404,0.5813719756385286
COHFACE_s32_session0_lamp,11,161,16.366666666666667,0.5777105689048767,0.35042539792730026
COHFACE_s32_session0_lamp,11,162,16.4,0.45572492480278015,0.11898592111247777
COHFACE_s32_session0_lamp,11,163,16.433333333333334,0.33468127250671387,-0.10714720072391593
COHFACE_s32_session0_lamp,11,164,16.466666666666665,0.2277527153491974,-0.32288556132084645
COHFACE_s32_session0_lamp,11,165,16.5,0.1171950027346611,-0.5226113079448347
COHFACE_s32_session0_lamp,11,166,16.533333333333335,-0.010257544927299023,-0.6998353849196525
COHFACE_s32_session0_lamp,11,167,16.566666666666666,-0.12330161035060883,-0.8478981364144336
COHFACE_s32_session0_lamp,11,168,16.6,-0.22063995897769928,-0.9613168957936994
COHFACE_s32_session0_lamp,11,169,16.633333333333333,-0.33538275957107544,-1.0370236463573603
COHFACE_s32_session0_lamp,11,170,16.666666666666668,-0.43929991126060486,-1.0746875825602427
COHFACE_s32_session0_lamp,11,171,16.7,-0.5194191336631775,-1.0756811221948341
COHFACE_s32_session0_lamp,11,172,16.733333333333334,-0.5939170122146606,-1.0409620179494206
COHFACE_s32_session0_lamp,11,173,16.766666666666666,-0.6875026822090149,-0.9689024465741531
COHFACE_s32_session0_lamp,11,174,16.8,-0.766355574131012,-0.8544814659480628
COHFACE_s32_session0_lamp,11,175,16.833333333333332,-0.7175859808921814,-0.6909320240442236
COHFACE_s32_session0_lamp,11,176,16.866666666666667,-0.3877505958080292,-0.4738438705108551
COHFACE_s32_session0_lamp,11,177,16.9,0.11413725465536118,-0.20623360577875632
COHFACE_s32_session0_lamp,11,178,16.933333333333334,0.5475963950157166,0.09801691050902504
COHFACE_s32_session0_lamp,11,179,16.966666666666665,0.894496500492096,0.41466809027108864
COHFACE_s32_session0_lamp,11,180,17.0,1.20640230178833,0.7139543392859475
COHFACE_s32_session0_lamp,11,181,17.033333333333335,1.4752063751220703,0.9677765700565213
COHFACE_s32_session0_lamp,11,182,17.066666666666666,1.6355218887329102,1.1561250331915784
COHFACE_s32_session0_lamp,11,183,17.1,1.6449577808380127,1.2702210775284313
COHFACE_s32_session0_lamp,11,184,17.133333333333333,1.5880805253982544,1.3117694422954067
COHFACE_s32_session0_lamp,11,185,17.166666666666668,1.5536422729492188,1.289529660507343
COHFACE_s32_session0_lamp,11,186,17.2,1.5304311513900757,1.215058012708154
COHFACE_s32_session0_lamp,11,187,17.233333333333334,1.4608286619186401,1.0991394835837671
COHFACE_s32_session0_lamp,11,188,17.266666666666666,1.3393372297286987,0.9498215847197509
COHFACE_s32_session0_lamp,11,189,17.3,1.2062634229660034,0.7723345105618801
COHFACE_s32_session0_lamp,11,190,17.333333333333332,1.0651744604110718,0.570549286911029
COHFACE_s32_session0_lamp,11,191,17.366666666666667,0.9151285886764526,0.3490971506120656
COHFACE_s32_session0_lamp,11,192,17.4,0.7756303548812866,0.11502486925570057
COHFACE_s32_session0_lamp,11,193,17.433333333333334,0.6222178339958191,-0.12194322563387505
COHFACE_s32_session0_lamp,11,194,17.466666666666665,0.48083552718162537,-0.35081551491069995
COHFACE_s32_session0_lamp,11,195,17.5,0.3493059575557709,-0.5618489178794526
COHFACE_s32_session0_lamp,11,196,17.533333333333335,0.2137148678302765,-0.7489742272319991
COHFACE_s32_session0_lamp,11,197,17.566666666666666,0.07959086447954178,-0.910913134299265
COHFACE_s32_session0_lamp,11,198,17.6,-0.04333683103322983,-1.050409574161877
COHFACE_s32_session0_lamp,11,199,17.633333333333333,-0.1681794822216034,-1.1718141177127375
COHFACE_s32_session0_lamp,11,200,17.666666666666668,-0.2989214360713959,-1.2777664636480341
COHFACE_s32_session0_lamp,11,201,17.7,-0.4093864858150482,-1.3659546609584061
COHFACE_s32_session0_lamp,11,202,17.733333333333334,-0.5152803659439087,-1.4270665442364951
COHFACE_s32_session0_lamp,11,203,17.766666666666666,-0.618765115737915,-1.4449788565626902
COHFACE_s32_session0_lamp,11,204,17.8,-0.7149760723114014,-1.3997390607748008
COHFACE_s32_session0_lamp,11,205,17.833333333333332,-0.790941059589386,-1.2729310956495388
COHFACE_s32_session0_lamp,11,206,17.866666666666667,-0.7128294706344604,-1.0538768875397437
COHFACE_s32_session0_lamp,11,207,17.9,-0.3358615040779114,-0.7445128783307219
COHFACE_s32_session0_lamp,11,208,17.933333333333334,0.18801741302013397,-0.36118779426839703
COHFACE_s32_session0_lamp,11,209,17.966666666666665,0.6337693333625793,0.06722909099755026
COHFACE_s32_session0_lamp,11,210,18.0,0.9817041158676147,0.5042874651411228
COHFACE_s32_session0_lamp,11,211,18.033333333333335,1.2952314615249634,0.9123791625841817
COHFACE_s32_session0_lamp,11,212,18.066666666666666,1.5377975702285767,1.2587532404827018
COHFACE_s32_session0_lamp,11,213,18.1,1.6252676248550415,1.5196552186190233
COHFACE_s32_session0_lamp,11,214,18.133333333333333,1.5741199254989624,1.6821045086498045
COHFACE_s32_session0_lamp,11,215,18.166666666666668,1.5056911706924438,1.7436734808141376
COHFACE_s32_session0_lamp,11,216,18.2,1.4820168018341064,1.7108668362112371
COHFACE_s32_session0_lamp,11,217,18.233333333333334,1.4420498609542847,1.5966511975059126
COHFACE_s32_session0_lamp,11,218,18.266666666666666,1.3563556671142578,1.4177714017490515
COHFACE_s32_session0_lamp,11,219,18.3,1.2310032844543457,1.1924815892236846
COHFACE_s32_session0_lamp,11,220,18.333333333333332,1.0854822397232056,0.9389398766342009
COHFACE_s32_session0_lamp,11,221,18.366666666666667,0.9315909743309021,0.6740848356526598
COHFACE_s32_session0_lamp,11,222,18.4,0.775120735168457,0.41271963400312506
COHFACE_s32_session0_lamp,11,223,18.433333333333334,0.6270206570625305,0.1666792470833312
COHFACE_s32_session0_lamp,11,224,18.466666666666665,0.49363791942596436,-0.05589567312030411
COHFACE_s32_session0_lamp,11,225,18.5,0.369459331035614,-0.2510069313480682
COHFACE_s32_session0_lamp,11,226,18.533333333333335,0.23303428292274475,-0.41865367422700345
COHFACE_s32_session0_lamp,11,227,18.566666666666666,0.09511125832796097,-0.5618922737559251
COHFACE_s32_session0_lamp,11,228,18.6,-0.02647288143634796,-0.6853236398417304
COHFACE_s32_session0_lamp,11,229,18.633333333333333,-0.1525973230600357,-0.7934461558447087
COHFACE_s32_session0_lamp,11,230,18.666666666666668,-0.27961745858192444,-0.8890130941633987
COHFACE_s32_session0_lamp,11,231,18.7,-0.397989422082901,-0.971319834923196
COHFACE_s32_session0_lamp,11,232,18.733333333333334,-0.4998989403247833,-1.0347685303967442
COHFACE_s32_session0_lamp,11,233,18.766666666666666,-0.5970519781112671,-1.0686760971631237
COHFACE_s32_session0_lamp,11,234,18.8,-0.6969538927078247,-1.05930501581546
COHFACE_s32_session0_lamp,11,235,18.833333333333332,-0.7975044250488281,-0.9941464105855256
COHFACE_s32_session0_lamp,11,236,18.866666666666667,-0.8890824913978577,-0.8669894700962484
COHFACE_s32_session0_lamp,11,237,18.9,-0.9287405610084534,-0.6814926923124949
COHFACE_s32_session0_lamp,11,238,18.933333333333334,-0.7500011920928955,-0.4516882944804948
COHFACE_s32_session0_lamp,11,239,18.966666666666665,-0.30939191579818726,-0.19954175825598036
COHFACE_s32_session0_lamp,12,0,12.0,1.4264676570892334,0.11646831906829411
COHFACE_s32_session0_lamp,12,1,12.033333333333333,1.385512351989746,0.22979704093743536
COHFACE_s32_session0_lamp,12,2,12.066666666666666,1.3869022130966187,0.3306248696680147
COHFACE_s32_session0_lamp,12,3,12.1,1.3759684562683105,0.41052474374250214
COHFACE_s32_session0_lamp,12,4,12.133333333333333,1.3238013982772827,0.46497916515216886
COHFACE_s32_session0_lamp,12,5,12.166666666666666,1.224470853805542,0.49309316792983116
COHFACE_s32_session0_lamp,12,6,12.2,1.0953505039215088,0.49592085775583367
COHFACE_s32_session0_lamp,12,7,12.233333333333333,0.9659057259559631,0.4744398028830959
COHFACE_s32_session0_lamp,12,8,12.266666666666667,0.8439200520515442,0.4284646533301831
COHFACE_s32_session0_lamp,12,9,12.3,0.7180427312850952,0.35728287724359986
COHFACE_s32_session0_lamp,12,10,12.333333333333334,0.5895246267318726,0.2616478989247675
COHFACE_s32_session0_lamp,12,11,12.366666666666667,0.471554160118103,0.1457711183407011
COHFACE_s32_session0_lamp,12,12,12.4,0.3528270125389099,0.017866678825562927
COHFACE_s32_session0_lamp,12,13,12.433333333333334,0.22548256814479828,-0.11136966988047596
COHFACE_s32_session0_lamp,12,14,12.466666666666667,0.092671237885952,-0.23176321179317497
COHFACE_s32_session0_lamp,12,15,12.5,-0.02874302864074707,-0.3366842624601896
COHFACE_s32_session0_lamp,12,16,12.533333333333333,-0.1547902524471283,-0.42458240233710404
COHFACE_s32_session0_lamp,12,17,12.566666666666666,-0.2791387140750885,-0.498289129363754
COHFACE_s32_session0_lamp,12,18,12.6,-0.3877042531967163,-0.5625021789955394
COHFACE_s32_session0_lamp,12,19,12.633333333333333,-0.4859074354171753,-0.6207492928888424
COHFACE_s32_session0_lamp,12,20,12.666666666666666,-0.5816860198974609,-0.6732530920622148
COHFACE_s32_session0_lamp,12,21,12.7,-0.6663764119148254,-0.7164876713180656
COHFACE_s32_session0_lamp,12,22,12.733333333333333,-0.757321298122406,-0.7442328061942342
COHFACE_s32_session0_lamp,12,23,12.766666666666667,-0.8524821400642395,-0.7491645614449954
COHFACE_s32_session0_lamp,12,24,12.8,-0.9015451073646545,-0.7239352209489543
COHFACE_s32_session0_lamp,12,25,12.833333333333334,-0.7359633445739746,-0.6614030047712585
COHFACE_s32_session0_lamp,12,26,12.866666666666667,-0.33240222930908203,-0.5547309886329206
COHFACE_s32_session0_lamp,12,27,12.9,0.07058749347925186,-0.3984932180451494
COHFACE_s32_session0_lamp,12,28,12.933333333333334,0.3523019552230835,-0.1911477451530261
COHFACE_s32_session0_lamp,12,29,12.966666666666667,0.5689079761505127,0.06203688326191844
COHFACE_s32_session0_lamp,12,30,13.0,0.7625654339790344,0.34719142521989177
COHFACE_s32_session0_lamp,12,31,13.033333333333333,0.8742967844009399,0.6424024351491634
COHFACE_s32_session0_lamp,12,32,13.066666666666666,0.8659266233444214,0.9206729403609012
COHFACE_s32_session0_lamp,12,33,13.1,0.8132035732269287,1.1542721471109216
COHFACE_s32_session0_lamp,12,34,13.133333333333333,0.8040766716003418,1.3191646093623814
COHFACE_s32_session0_lamp,12,35,13.166666666666666,0.8146089315414429,1.3985818050692522
COHFACE_s32_session0_lamp,12,36,13.2,0.7748890519142151,1.3853145698669096
COHFACE_s32_session0_lamp,12,37,13.233333333333333,0.6873108148574829,1.2825665560975525
COHFACE_s32_session0_lamp,12,38,13.266666666666667,0.5692477226257324,1.1031822334034362
COHFACE_s32_session0_lamp,12,39,13.3,0.4502580165863037,0.8671418499042635
COHFACE_s32_session0_lamp,12,40,13.333333333333334,0.3294614851474762,0.5976935143767872
COHFACE_s32_session0_lamp,12,41,13.366666666666667,0.19822536408901215,0.31707406768585905
COHFACE_s32_session0_lamp,12,42,13.4,0.07244067639112473,0.042987458857055086
COHFACE_s32_session0_lamp,12,43,13.433333333333334,-0.052139442414045334,-0.213280805867959
COHFACE_s32_session0_lamp,12,44,13.466666666666667,-0.16280525922775269,-0.4468454450463824
COHFACE_s32_session0_lamp,12,45,13.5,-0.2694249749183655,-0.6575599641456323
COHFACE_s32_session0_lamp,12,46,13.533333333333333,-0.3716433644294739,-0.8472002341335548
COHFACE_s32_session0_lamp,12,47,13.566666666666666,-0.48508894443511963,-1.016186745941191
COHFACE_s32_session0_lamp,12,48,13.6,-0.6024879813194275,-1.1609003156830469
COHFACE_s32_session0_lamp,12,49,13.633333333333333,-0.7037952542304993,-1.272701887114102
COHFACE_s32_session0_lamp,12,50,13.666666666666666,-0.7936436533927917,-1.339139057012243
COHFACE_s32_session0_lamp,12,51,13.7,-0.8782413601875305,-1.3469280335032814
COHFACE_s32_session0_lamp,12,52,13.733333333333333,-0.9576656222343445,-1.285716939418936
COHFACE_s32_session0_lamp,12,53,13.766666666666667,-1.0453366041183472,-1.1514085508331098
COHFACE_s32_session0_lamp,12,54,13.8,-1.1338413953781128,-0.9478818096687041
COHFACE_s32_session0_lamp,12,55,13.833333333333334,-1.1987181901931763,-0.6865661213375734
COHFACE_s32_session0_lamp,12,56,13.866666666666667,-1.1779625415802002,-0.3844223591886654
COHFACE_s32_session0_lamp,12,57,13.9,-0.9295744895935059,-0.06151952921887654
COHFACE_s32_session0_lamp,12,58,13.933333333333334,-0.5215811729431152,0.261069503917157
COHFACE_s32_session0_lamp,12,59,13.966666666666667,-0.19227084517478943,0.5631373138155666
COHFACE_s32_session0_lamp,12,60,14.0,0.030095478519797325,0.8272350007392623
COHFACE_s32_session0_lamp,12,61,14.033333333333333,0.20651835203170776,1.0404527785758675
COHFACE_s32_session0_lamp,12,62,14.066666666666666,0.33233392238616943,1.1955687703436615
COHFACE_s32_session0_lamp,12,63,14.1,0.35894250869750977,1.2910414744578207
COHFACE_s32_session0_lamp,12,64,14.133333333333333,0.3141418695449829,1.3297388163289598
COHFACE_s32_session0_lamp,12,65,14.166666666666666,0.2960270047187805,1.3168847815266806
COHFACE_s32_session0_lamp,12,66,14.2,0.31395652890205383,1.2580819072424758
COHFACE_s32_session0_lamp,12,67,14.233333333333333,0.3134314715862274,1.1581417915630166
COHFACE_s32_session0_lamp,12,68,14.266666666666667,0.27831366658210754,1.0208877710213058
COHFACE_s32_session0_lamp,12,69,14.3,0.2027193307876587,0.8496332752052093
COHFACE_s32_session0_lamp,12,70,14.333333333333334,0.10206069052219391,0.648061611596552
COHFACE_s32_session0_lamp,12,71,14.366666666666667,0.008459586650133133,0.4213604402076436
COHFACE_s32_session0_lamp,12,72,14.4,-0.0708102434873581,0.17726632143945514
COHFACE_s32_session0_lamp,12,73,14.433333333333334,-0.1708357185125351,-0.07361601724686997
COHFACE_s32_session0_lamp,12,74,14.466666666666667,-0.26389631628990173,-0.3187851885565076
COHFACE_s32_session0_lamp,12,75,14.5,-0.3405407965183258,-0.5461174725168078
COHFACE_s32_session0_lamp,12,76,14.533333333333333,-0.426960825920105,-0.7466627528215388
COHFACE_s32_session0_lamp,12,77,14.566666666666666,-0.5215039849281311,-0.9166524440298085
COHFACE_s32_session0_lamp,12,78,14.6,-0.6147652864456177,-1.0575611497261457
COHFACE_s32_session0_lamp,12,79,14.633333333333333,-0.7120264172554016,-1.1738859930658738
COHFACE_s32_session0_lamp,12,80,14.666666666666666,-0.8049944043159485,-1.2694072634574793
COHFACE_s32_session0_lamp,12,81,14.7,-0.8842642307281494,-1.343462333896304
COHFACE_s32_session0_lamp,12,82,14.733333333333333,-0.9709622263908386,-1.3887809394263093
COHFACE_s32_session0_lamp,12,83,14.766666666666667,-1.0613048076629639,-1.3918031836894653
COHFACE_s32_session0_lamp,12,84,14.8,-1.1370381116867065,-1.3355220895896556
COHFACE_s32_session0_lamp,12,85,14.833333333333334,-1.1869041919708252,-1.2041063332590216
COHFACE_s32_session0_lamp,12,86,14.866666666666667,-1.115124225616455,-0.9880668619049517
COHFACE_s32_session0_lamp,12,87,14.9,-0.7846556901931763,-0.6885547341565412
COHFACE_s32_session0_lamp,12,88,14.933333333333334,-0.36716482043266296,-0.3195089526254614
COHFACE_s32_session0_lamp,12,89,14.966666666666667,-0.06948213279247284,0.09309790877661853
COHFACE_s32_session0_lamp,12,90,15.0,0.12900903820991516,0.5147986926544666
COHFACE_s32_session0_lamp,12,91,15.033333333333333,0.30078351497650146,0.9080447145397116
COHFACE_s32_session0_lamp,12,92,15.066666666666666,0.40480875968933105,1.2382290034496344
COHFACE_s32_session0_lamp,12,93,15.1,0.4072178900241852,1.4790549575980052
COHFACE_s32_session0_lamp,12,94,15.133333333333333,0.3589734137058258,1.6161430974298254
COHFACE_s32_session0_lamp,12,95,15.166666666666666,0.3565642535686493,1.6481397295553215
COHFACE_s32_session0_lamp,12,96,15.2,0.3906782567501068,1.5852304354643543
COHFACE_s32_session0_lamp,12,97,15.233333333333333,0.3927322030067444,1.445643277579491
COHFACE_s32_session0_lamp,12,98,15.266666666666667,0.34263452887535095,1.2511753570643196
COHFACE_s32_session0_lamp,12,99,15.3,0.2647545635700226,1.0229148504389545
COHFACE_s32_session0_lamp,12,100,15.333333333333334,0.16638152301311493,0.7781793796392329
COHFACE_s32_session0_lamp,12,101,15.366666666666667,0.0727495402097702,0.5292525106399925
COHFACE_s32_session0_lamp,12,102,15.4,-0.021700939163565636,0.2838647427602945
COHFACE_s32_session0_lamp,12,103,15.433333333333334,-0.11332531273365021,0.04681022904574646
COHFACE_s32_session0_lamp,12,104,15.466666666666667,-0.18841004371643066,-0.17815084273715692
COHFACE_s32_session0_lamp,12,105,15.5,-0.26803508400917053,-0.3869049134175306
COHFACE_s32_session0_lamp,12,106,15.533333333333333,-0.35615384578704834,-0.5746605896724462
COHFACE_s32_session0_lamp,12,107,15.566666666666666,-0.4333234131336212,-0.7367369447759025
COHFACE_s32_session0_lamp,12,108,15.6,-0.5139985680580139,-0.8698662231885312
COHFACE_s32_session0_lamp,12,109,15.633333333333333,-0.5935155153274536,-0.9730658634185371
COHFACE_s32_session0_lamp,12,110,15.666666666666666,-0.671951413154602,-1.0474172677230302
COHFACE_s32_session0_lamp,12,111,15.7,-0.7423105239868164,-1.0947551522759393
COHFACE_s32_session0_lamp,12,112,15.733333333333333,-0.808839738368988,-1.1158337741583064
COHFACE_s32_session0_lamp,12,113,15.766666666666667,-0.8924182057380676,-1.1086813714633879
COHFACE_s32_session0_lamp,12,114,15.8,-0.9524149298667908,-1.067640281251637
COHFACE_s32_session0_lamp,12,115,15.833333333333334,-0.9086953401565552,-0.9834941590785332
COHFACE_s32_session0_lamp,12,116,15.866666666666667,-0.6160470843315125,-0.8452916270230425
COHFACE_s32_session0_lamp,12,117,15.9,-0.1606895476579666,-0.6443183396848098
COHFACE_s32_session0_lamp,12,118,15.933333333333334,0.24236196279525757,-0.37959297998042646
COHFACE_s32_session0_lamp,12,119,15.966666666666667,0.5354734659194946,-0.0627777996004866
COHFACE_s32_session0_lamp,12,120,16.0,0.767198383808136,0.28035919142784704
COHFACE_s32_session0_lamp,12,121,16.033333333333335,0.9623538255691528,0.6137771929182002
COHFACE_s32_session0_lamp,12,122,16.066666666666666,1.0884164571762085,0.8994520586625263
COHFACE_s32_session0_lamp,12,123,16.1,1.0827487707138062,1.106796122634628
COHFACE_s32_session0_lamp,12,124,16.133333333333333,1.0466117858886719,1.2194252955817866
COHFACE_s32_session0_lamp,12,125,16.166666666666668,1.0525110960006714,1.2370519527486554
COHFACE_s32_session0_lamp,12,126,16.2,1.0560166835784912,1.1726441972662656
COHFACE_s32_session0_lamp,12,127,16.233333333333334,1.0126367807388306,1.0467805295590773
COHFACE_s32_session0_lamp,12,128,16.266666666666666,0.9299694895744324,0.8815544377193023
COHFACE_s32_session0_lamp,12,129,16.3,0.8215892314910889,0.695731020139827
COHFACE_s32_session0_lamp,12,130,16.333333333333332,0.698399007320404,0.5019173665751321
COHFACE_s32_session0_lamp,12,131,16.366666666666667,0.5777105689048767,0.30586002793305583
COHFACE_s32_session0_lamp,12,132,16.4,0.45572492480278015,0.10775364617303351
COHFACE_s32_session0_lamp,12,133,16.433333333333334,0.33468127250671387,-0.09471939068712766
COHFACE_s32_session0_lamp,12,134,16.466666666666665,0.2277527153491974,-0.302352281442256
COHFACE_s32_session0_lamp,12,135,16.5,0.1171950027346611,-0.5107389457615595
COHFACE_s32_session0_lamp,12,136,16.533333333333335,-0.010257544927299023,-0.7086247184058341
COHFACE_s32_session0_lamp,12,137,16.566666666666666,-0.12330161035060883,-0.8793534520167202
COHFACE_s32_session0_lamp,12,138,16.6,-0.22063995897769928,-1.0049838404961684
COHFACE_s32_session0_lamp,12,139,16.633333333333333,-0.33538275957107544,-1.0712639872588496
COHFACE_s32_session0_lamp,12,140,16.666666666666668,-0.43929991126060486,-1.0713800783938223
COHFACE_s32_session0_lamp,12,141,16.7,-0.5194191336631775,-1.007154580137417
COHFACE_s32_session0_lamp,12,142,16.733333333333334,-0.5939170122146606,-0.8875253055004347
COHFACE_s32_session0_lamp,12,143,16.766666666666666,-0.6875026822090149,-0.7251896313669897
COHFACE_s32_session0_lamp,12,144,16.8,-0.766355574131012,-0.5329302940274643
COHFACE_s32_session0_lamp,12,145,16.833333333333332,-0.7175859808921814,-0.32117210484859293
COHFACE_s32_session0_lamp,12,146,16.866666666666667,-0.3877505958080292,-0.0977062149227394
COHFACE_s32_session0_lamp,12,147,16.9,0.11413725465536118,0.13066254074395298
COHFACE_s32_session0_lamp,12,148,16.933333333333334,0.5475963950157166,0.3560304114383478
COHFACE_s32_session0_lamp,12,149,16.966666666666665,0.894496500492096,0.5685745945314786
COHFACE_s32_session0_lamp,12,150,17.0,1.20640230178833,0.7574824625610932
COHFACE_s32_session0_lamp,12,151,17.033333333333335,1.4752063751220703,0.9127146712319285
COHFACE_s32_session0_lamp,12,152,17.066666666666666,1.6355218887329102,1.0264294772078644
COHFACE_s32_session0_lamp,12,153,17.1,1.6449577808380127,1.0935564572326533
COHFACE_s32_session0_lamp,12,154,17.133333333333333,1.5880805253982544,1.1116936328571096
COHFACE_s32_session0_lamp,12,155,17.166666666666668,1.5536422729492188,1.0807850579013396
COHFACE_s32_session0_lamp,12,156,17.2,1.5304311513900757,1.002922067104227
COHFACE_s32_session0_lamp,12,157,17.233333333333334,1.4608286619186401,0.8823204712337815
COHFACE_s32_session0_lamp,12,158,17.266666666666666,1.3393372297286987,0.7253111748758603
COHFACE_s32_session0_lamp,12,159,17.3,1.2062634229660034,0.5401508462473683
COHFACE_s32_session0_lamp,12,160,17.333333333333332,1.0651744604110718,0.33656659704295977
COHFACE_s32_session0_lamp,12,161,17.366666666666667,0.9151285886764526,0.1250481588762581
COHFACE_s32_session0_lamp,12,162,17.4,0.7756303548812866,-0.08409388148625484
COHFACE_s32_session0_lamp,12,163,17.433333333333334,0.6222178339958191,-0.2818732598250858
COHFACE_s32_session0_lamp,12,164,17.466666666666665,0.48083552718162537,-0.4618156105910812
COHFACE_s32_session0_lamp,12,165,17.5,0.3493059575557709,-0.620839986939749
COHFACE_s32_session0_lamp,12,166,17.533333333333335,0.2137148678302765,-0.7594048526485575
COHFACE_s32_session0_lamp,12,167,17.566666666666666,0.07959086447954178,-0.8806591616482315
COHFACE_s32_session0_lamp,12,168,17.6,-0.04333683103322983,-0.9887300397731822
COHFACE_s32_session0_lamp,12,169,17.633333333333333,-0.1681794822216034,-1.0865936915389092
COHFACE_s32_session0_lamp,12,170,17.666666666666668,-0.2989214360713959,-1.1739944924250076
COHFACE_s32_session0_lamp,12,171,17.7,-0.4093864858150482,-1.2457641006679547
COHFACE_s32_session0_lamp,12,172,17.733333333333334,-0.5152803659439087,-1.2909152179729388
COHFACE_s32_session0_lamp,12,173,17.766666666666666,-0.618765115737915,-1.2930907082465808
COHFACE_s32_session0_lamp,12,174,17.8,-0.7149760723114014,-1.2330611334517636
COHFACE_s32_session0_lamp,12,175,17.833333333333332,-0.790941059589386,-1.0934316588756514
COHFACE_s32_session0_lamp,12,176,17.866666666666667,-0.7128294706344604,-0.8644668091013412
COHFACE_s32_session0_lamp,12,177,17.9,-0.3358615040779114,-0.5489333944741647
COHFACE_s32_session0_lamp,12,178,17.933333333333334,0.18801741302013397,-0.164019500041328
COHFACE_s32_session0_lamp,12,179,17.966666666666665,0.6337693333625793,0.26050322753594907
COHFACE_s32_session0_lamp,12,180,18.0,0.9817041158676147,0.6873855380496151
COHFACE_s32_session0_lamp,12,181,18.033333333333335,1.2952314615249634,1.0787383836663078
COHFACE_s32_session0_lamp,12,182,18.066666666666666,1.5377975702285767,1.4025605459159372
COHFACE_s32_session0_lamp,12,183,18.1,1.6252676248550415,1.637126064294405
COHFACE_s32_session0_lamp,12,184,18.133333333333333,1.5741199254989624,1.7722856937987344
COHFACE_s32_session0_lamp,12,185,18.166666666666668,1.5056911706924438,1.8079324604953526
COHFACE_s32_session0_lamp,12,186,18.2,1.4820168018341064,1.7508855128700505
COHFACE_s32_session0_lamp,12,187,18.233333333333334,1.4420498609542847,1.611823588007785
COHFACE_s32_session0_lamp,12,188,18.266666666666666,1.3563556671142578,1.4034799725114224
COHFACE_s32_session0_lamp,12,189,18.3,1.2310032844543457,1.1403178867663286
COHFACE_s32_session0_lamp,12,190,18.333333333333332,1.0854822397232056,0.8388814859486677
COHFACE_s32_session0_lamp,12,191,18.366666666666667,0.9315909743309021,0.5176481724061758
COHFACE_s32_session0_lamp,12,192,18.4,0.775120735168457,0.19574871318394038
COHFACE_s32_session0_lamp,12,193,18.433333333333334,0.6270206570625305,-0.10921438388270302
COHFACE_s32_session0_lamp,12,194,18.466666666666665,0.49363791942596436,-0.3835296092140801
COHFACE_s32_session0_lamp,12,195,18.5,0.369459331035614,-0.6191340161656598
COHFACE_s32_session0_lamp,12,196,18.533333333333335,0.23303428292274475,-0.8141405167093567
COHFACE_s32_session0_lamp,12,197,18.566666666666666,0.09511125832796097,-0.9719338425312637
COHFACE_s32_session0_lamp,12,198,18.6,-0.02647288143634796,-1.0992261002152284
COHFACE_s32_session0_lamp,12,199,18.633333333333333,-0.1525973230600357,-1.2036719419094755
COHFACE_s32_session0_lamp,12,200,18.666666666666668,-0.27961745858192444,-1.2912515305553585
COHFACE_s32_session0_lamp,12,201,18.7,-0.397989422082901,-1.3634055418521183
COHFACE_s32_session0_lamp,12,202,18.733333333333334,-0.4998989403247833,-1.4144780345017822
COHFACE_s32_session0_lamp,12,203,18.766666666666666,-0.5970519781112671,-1.430807727308398
COHFACE_s32_session0_lamp,12,204,18.8,-0.6969538927078247,-1.392841097721855
COHFACE_s32_session0_lamp,12,205,18.833333333333332,-0.7975044250488281,-1.280585649203454
COHFACE_s32_session0_lamp,12,206,18.866666666666667,-0.8890824913978577,-1.081001275420616
COHFACE_s32_session0_lamp,12,207,18.9,-0.9287405610084534,-0.7945687211689934
COHFACE_s32_session0_lamp,12,208,18.933333333333334,-0.7500011920928955,-0.43820404000813146
COHFACE_s32_session0_lamp,12,209,18.966666666666665,-0.30939191579818726,-0.043038732551824874
COHFACE_s32_session0_lamp,12,210,19.0,0.18576271831989288,0.35227107313175265
COHFACE_s32_session0_lamp,12,211,19.033333333333335,0.5925669074058533,0.710216456801582
COHFACE_s32_session0_lamp,12,212,19.066666666666666,0.9270970225334167,1.0020194995389808
COHFACE_s32_session0_lamp,12,213,19.1,1.2013061046600342,1.2118765423628644
COHFACE_s32_session0_lamp,12,214,19.133333333333333,1.3736828565597534,1.3372475967549287
COHFACE_s32_session0_lamp,12,215,19.166666666666668,1.3898673057556152,1.3860301673637128
COHFACE_s32_session0_lamp,12,216,19.2,1.304898977279663,1.3720427194771776
COHFACE_s32_session0_lamp,12,217,19.233333333333334,1.247280478477478,1.3102308217829965
COHFACE_s32_session0_lamp,12,218,19.266666666666666,1.2313740253448486,1.2128759495552799
COHFACE_s32_session0_lamp,12,219,19.3,1.1751298904418945,1.087750205551493
COHFACE_s32_session0_lamp,12,220,19.333333333333332,1.063552975654602,0.9384455106104813
COHFACE_s32_session0_lamp,12,221,19.366666666666667,0.9289965629577637,0.7662932429445094
COHFACE_s32_session0_lamp,12,222,19.4,0.7823944687843323,0.5728053381309389
COHFACE_s32_session0_lamp,12,223,19.433333333333334,0.6344488263130188,0.3616070009173026
COHFACE_s32_session0_lamp,12,224,19.466666666666665,0.4878312647342682,0.13930893979072745
COHFACE_s32_session0_lamp,12,225,19.5,0.33841854333877563,-0.084646420423022
COHFACE_s32_session0_lamp,12,226,19.533333333333335,0.1974223107099533,-0.2987847802830648
COHFACE_s32_session0_lamp,12,227,19.566666666666666,0.07667210698127747,-0.4907103187987936
COHFACE_s32_session0_lamp,12,228,19.6,-0.044726718217134476,-0.6484819625680398
COHFACE_s32_session0_lamp,12,229,19.633333333333333,-0.1784028708934784,-0.7623345274645442
COHFACE_s32_session0_lamp,12,230,19.666666666666668,-0.30834177136421204,-0.8265404712506093
COHFACE_s32_session0_lamp,12,231,19.7,-0.4290302097797394,-0.8408224730186684
COHFACE_s32_session0_lamp,12,232,19.733333333333334,-0.5553708672523499,-0.8106666975292451
COHFACE_s32_session0_lamp,12,233,19.766666666666666,-0.6761828064918518,-0.7462250117677833
COHFACE_s32_session0_lamp,12,234,19.8,-0.7802080512046814,-0.6600395060753493
COHFACE_s32_session0_lamp,12,235,19.833333333333332,-0.8734848499298096,-0.5643014432424666
COHFACE_s32_session0_lamp,12,236,19.866666666666667,-0.9642753005027771,-0.4685234333142995
COHFACE_s32_session0_lamp,12,237,19.9,-1.059250831604004,-0.3782414980030211
COHFACE_s32_session0_lamp,12,238,19.933333333333334,-1.1568362712860107,-0.29483391629524697
COHFACE_s32_session0_lamp,12,239,19.966666666666665,-1.1947184801101685,-0.2162355627954676
COHFACE_s32_session0_lamp,13,0,13.0,0.7625654339790344,0.19141308559550238
COHFACE_s32_session0_lamp,13,1,13.033333333333333,0.8742967844009399,0.35831202861135286
COHFACE_s32_session0_lamp,13,2,13.066666666666666,0.8659266233444214,0.515790224073373
COHFACE_s32_session0_lamp,13,3,13.1,0.8132035732269287,0.6563537669141573
COHFACE_s32_session0_lamp,13,4,13.133333333333333,0.8040766716003418,0.7704992915068787
COHFACE_s32_session0_lamp,13,5,13.166666666666666,0.8146089315414429,0.8475852114198548
COHFACE_s32_session0_lamp,13,6,13.2,0.7748890519142151,0.8779258916718886
COHFACE_s32_session0_lamp,13,7,13.233333333333333,0.6873108148574829,0.8553985643325995
COHFACE_s32_session0_lamp,13,8,13.266666666666667,0.5692477226257324,0.779455496552436
COHFACE_s32_session0_lamp,13,9,13.3,0.4502580165863037,0.6555938332363456
COHFACE_s32_session0_lamp,13,10,13.333333333333334,0.3294614851474762,0.49414943561332897
COHFACE_s32_session0_lamp,13,11,13.366666666666667,0.19822536408901215,0.3080495233609222
COHFACE_s32_session0_lamp,13,12,13.4,0.07244067639112473,0.11027640907075911
COHFACE_s32_session0_lamp,13,13,13.433333333333334,-0.052139442414045334,-0.08840636338216891
COHFACE_s32_session0_lamp,13,14,13.466666666666667,-0.16280525922775269,-0.2809359904777959
COHFACE_s32_session0_lamp,13,15,13.5,-0.2694249749183655,-0.464115005518953
COHFACE_s32_session0_lamp,13,16,13.533333333333333,-0.3716433644294739,-0.637264129103345
COHFACE_s32_session0_lamp,13,17,13.566666666666666,-0.48508894443511963,-0.7997821563822635
COHFACE_s32_session0_lamp,13,18,13.6,-0.6024879813194275,-0.9486000137801371
COHFACE_s32_session0_lamp,13,19,13.633333333333333,-0.7037952542304993,-1.0766587658174283
COHFACE_s32_session0_lamp,13,20,13.666666666666666,-0.7936436533927917,-1.1730994408144657
COHFACE_s32_session0_lamp,13,21,13.7,-0.8782413601875305,-1.2250962965109586
COHFACE_s32_session0_lamp,13,22,13.733333333333333,-0.9576656222343445,-1.2206191337545558
COHFACE_s32_session0_lamp,13,23,13.766666666666667,-1.0453366041183472,-1.151132568553867
COHFACE_s32_session0_lamp,13,24,13.8,-1.1338413953781128,-1.013401440930129
COHFACE_s32_session0_lamp,13,25,13.833333333333334,-1.1987181901931763,-0.8100919563200393
COHFACE_s32_session0_lamp,13,26,13.866666666666667,-1.1779625415802002,-0.5494576382908312
COHFACE_s32_session0_lamp,13,27,13.9,-0.9295744895935059,-0.24461244232942686
COHFACE_s32_session0_lamp,13,28,13.933333333333334,-0.5215811729431152,0.08742894445525434
COHFACE_s32_session0_lamp,13,29,13.966666666666667,-0.19227084517478943,0.4270806548796017
COHFACE_s32_session0_lamp,13,30,14.0,0.030095478519797325,0.7538650177798455
COHFACE_s32_session0_lamp,13,31,14.033333333333333,0.20651835203170776,1.0481174101588675
COHFACE_s32_session0_lamp,13,32,14.066666666666666,0.33233392238616943,1.2924126860318825
COHFACE_s32_session0_lamp,13,33,14.1,0.35894250869750977,1.4726588142348744
COHFACE_s32_session0_lamp,13,34,14.133333333333333,0.3141418695449829,1.5789608103680544
COHFACE_s32_session0_lamp,13,35,14.166666666666666,0.2960270047187805,1.6063130312379448
COHFACE_s32_session0_lamp,13,36,14.2,0.31395652890205383,1.5550149109796894
COHFACE_s32_session0_lamp,13,37,14.233333333333333,0.3134314715862274,1.4306052858193894
COHFACE_s32_session0_lamp,13,38,14.266666666666667,0.27831366658210754,1.2431962784994266
COHFACE_s32_session0_lamp,13,39,14.3,0.2027193307876587,1.0062925519549897
COHFACE_s32_session0_lamp,13,40,14.333333333333334,0.10206069052219391,0.7353526644855584
COHFACE_s32_session0_lamp,13,41,14.366666666666667,0.008459586650133133,0.4463833841389712
COHFACE_s32_session0_lamp,13,42,14.4,-0.0708102434873581,0.15474872318106947
COHFACE_s32_session0_lamp,13,43,14.433333333333334,-0.1708357185125351,-0.1257759410999547
COHFACE_s32_session0_lamp,13,44,14.466666666666667,-0.26389631628990173,-0.38376925827710234
COHFACE_s32_session0_lamp,13,45,14.5,-0.3405407965183258,-0.6108580976018227
COHFACE_s32_session0_lamp,13,46,14.533333333333333,-0.426960825920105,-0.8024386534906337
COHFACE_s32_session0_lamp,13,47,14.566666666666666,-0.5215039849281311,-0.9583328162829168
COHFACE_s32_session0_lamp,13,48,14.6,-0.6147652864456177,-1.0829180218556478
COHFACE_s32_session0_lamp,13,49,14.633333333333333,-0.7120264172554016,-1.1840299932098524
COHFACE_s32_session0_lamp,13,50,14.666666666666666,-0.8049944043159485,-1.2701767344532608
COHFACE_s32_session0_lamp,13,51,14.7,-0.8842642307281494,-1.3463873583895094
COHFACE_s32_session0_lamp,13,52,14.733333333333333,-0.9709622263908386,-1.4100314647985852
COHFACE_s32_session0_lamp,13,53,14.766666666666667,-1.0613048076629639,-1.4485146069927246
COHFACE_s32_session0_lamp,13,54,14.8,-1.1370381116867065,-1.440387146147119
COHFACE_s32_session0_lamp,13,55,14.833333333333334,-1.1869041919708252,-1.3602589336376782
COHFACE_s32_session0_lamp,13,56,14.866666666666667,-1.115124225616455,-1.1865044782803067
COHFACE_s32_session0_lamp,13,57,14.9,-0.7846556901931763,-0.909533627819418
COHFACE_s32_session0_lamp,13,58,14.933333333333334,-0.36716482043266296,-0.5378067575447258
COHFACE_s32_session0_lamp,13,59,14.966666666666667,-0.06948213279247284,-0.099165676486731
COHFACE_s32_session0_lamp,13,60,15.0,0.12900903820991516,0.363506237654763
COHFACE_s32_session0_lamp,13,61,15.033333333333333,0.30078351497650146,0.8012619503777119
COHFACE_s32_session0_lamp,13,62,15.066666666666666,0.40480875968933105,1.1698748788700737
COHFACE_s32_session0_lamp,13,63,15.1,0.4072178900241852,1.4388201761585528
COHFACE_s32_session0_lamp,13,64,15.133333333333333,0.3589734137058258,1.5955474620063772
COHFACE_s32_session0_lamp,13,65,15.166666666666666,0.3565642535686493,1.6441522456072941
COHFACE_s32_session0_lamp,13,66,15.2,0.3906782567501068,1.5999954925281885
COHFACE_s32_session0_lamp,13,67,15.233333333333333,0.3927322030067444,1.4832481313111603
COHFACE_s32_session0_lamp,13,68,15.266666666666667,0.34263452887535095,1.3139062680148825
COHFACE_s32_session0_lamp,13,69,15.3,0.2647545635700226,1.109247576807309
COHFACE_s32_session0_lamp,13,70,15.333333333333334,0.16638152301311493,0.8832611496778575
COHFACE_s32_session0_lamp,13,71,15.366666666666667,0.0727495402097702,0.646969954709887
COHFACE_s32_session0_lamp,13,72,15.4,-0.021700939163565636,0.40879720137160724
COHFACE_s32_session0_lamp,13,73,15.433333333333334,-0.11332531273365021,0.1747516038677917
COHFACE_s32_session0_lamp,13,74,15.466666666666667,-0.18841004371643066,-0.05132021284106035
COHFACE_s32_session0_lamp,13,75,15.5,-0.26803508400917053,-0.267084460934223
COHFACE_s32_session0_lamp,13,76,15.533333333333333,-0.35615384578704834,-0.4705997235835654
COHFACE_s32_session0_lamp,13,77,15.566666666666666,-0.4333234131336212,-0.6590116271854118
COHFACE_s32_session0_lamp,13,78,15.6,-0.5139985680580139,-0.8275604054646977
COHFACE_s32_session0_lamp,13,79,15.633333333333333,-0.5935155153274536,-0.9693378770639999
COHFACE_s32_session0_lamp,13,80,15.666666666666666,-0.671951413154602,-1.0759446158072623
COHFACE_s32_session0_lamp,13,81,15.7,-0.7423105239868164,-1.138887257507901
COHFACE_s32_session0_lamp,13,82,15.733333333333333,-0.808839738368988,-1.1513646233499446
COHFACE_s32_session0_lamp,13,83,15.766666666666667,-0.8924182057380676,-1.1099358612410262
COHFACE_s32_session0_lamp,13,84,15.8,-0.9524149298667908,-1.0154309852358046
COHFACE_s32_session0_lamp,13,85,15.833333333333334,-0.9086953401565552,-0.8726676619854694
COHFACE_s32_session0_lamp,13,86,15.866666666666667,-0.6160470843315125,-0.6892010965766332
COHFACE_s32_session0_lamp,13,87,15.9,-0.1606895476579666,-0.473935184635232
COHFACE_s32_session0_lamp,13,88,15.933333333333334,0.24236196279525757,-0.23640330098243492
COHFACE_s32_session0_lamp,13,89,15.966666666666667,0.5354734659194946,0.013077637593356015
COHFACE_s32_session0_lamp,13,90,16.0,0.767198383808136,0.2628984907346107
COHFACE_s32_session0_lamp,13,91,16.033333333333335,0.9623538255691528,0.5000835369072206
COHFACE_s32_session0_lamp,13,92,16.066666666666666,1.0884164571762085,0.7110373523115731
COHFACE_s32_session0_lamp,13,93,16.1,1.0827487707138062,0.8828694909303971
COHFACE_s32_session0_lamp,13,94,16.133333333333333,1.0466117858886719,1.0047639441582001
COHFACE_s32_session0_lamp,13,95,16.166666666666668,1.0525110960006714,1.0690252158076496
COHFACE_s32_session0_lamp,13,96,16.2,1.0560166835784912,1.0717953564829612
COHFACE_s32_session0_lamp,13,97,16.233333333333334,1.0126367807388306,1.0136009749500903
COHFACE_s32_session0_lamp,13,98,16.266666666666666,0.9299694895744324,0.8996735295151617
COHFACE_s32_session0_lamp,13,99,16.3,0.8215892314910889,0.7396792814671813
COHFACE_s32_session0_lamp,13,100,16.333333333333332,0.698399007320404,0.5465005032183426
COHFACE_s32_session0_lamp,13,101,16.366666666666667,0.5777105689048767,0.33413532766224546
COHFACE_s32_session0_lamp,13,102,16.4,0.45572492480278015,0.11539079197853809
COHFACE_s32_session0_lamp,13,103,16.433333333333334,0.33468127250671387,-0.09966791423888018
COHFACE_s32_session0_lamp,13,104,16.466666666666665,0.2277527153491974,-0.3039037551871191
COHFACE_s32_session0_lamp,13,105,16.5,0.1171950027346611,-0.49208875176605604
COHFACE_s32_session0_lamp,13,106,16.533333333333335,-0.010257544927299023,-0.6594957261037425
COHFACE_s32_session0_lamp,13,107,16.566666666666666,-0.12330161035060883,-0.8010223083656509
COHFACE_s32_session0_lamp,13,108,16.6,-0.22063995897769928,-0.9112492837179941
COHFACE_s32_session0_lamp,13,109,16.633333333333333,-0.33538275957107544,-0.9851419738767111
COHFACE_s32_session0_lamp,13,110,16.666666666666668,-0.43929991126060486,-1.018768178180031
COHFACE_s32_session0_lamp,13,111,16.7,-0.5194191336631775,-1.0095786248241965
COHFACE_s32_session0_lamp,13,112,16.733333333333334,-0.5939170122146606,-0.9562602087081917
COHFACE_s32_session0_lamp,13,113,16.766666666666666,-0.6875026822090149,-0.8585040447117753
COHFACE_s32_session0_lamp,13,114,16.8,-0.766355574131012,-0.7169947266966313
COHFACE_s32_session0_lamp,13,115,16.833333333333332,-0.7175859808921814,-0.533790512422606
COHFACE_s32_session0_lamp,13,116,16.866666666666667,-0.3877505958080292,-0.3132359671060983
COHFACE_s32_session0_lamp,13,117,16.9,0.11413725465536118,-0.06326535153532883
COHFACE_s32_session0_lamp,13,118,16.933333333333334,0.5475963950157166,0.20370742236271555
COHFACE_s32_session0_lamp,13,119,16.966666666666665,0.894496500492096,0.47133065797714074
COHFACE_s32_session0_lamp,13,120,17.0,1.20640230178833,0.7214872883166565
COHFACE_s32_session0_lamp,13,121,17.033333333333335,1.4752063751220703,0.9372143945529385
COHFACE_s32_session0_lamp,13,122,17.066666666666666,1.6355218887329102,1.105155424238754
COHFACE_s32_session0_lamp,13,123,17.1,1.6449577808380127,1.2167915574633443
COHFACE_s32_session0_lamp,13,124,17.133333333333333,1.5880805253982544,1.2684199078398684
COHFACE_s32_session0_lamp,13,125,17.166666666666668,1.5536422729492188,1.2603412172793051
COHFACE_s32_session0_lamp,13,126,17.2,1.5304311513900757,1.1957895764951747
COHFACE_s32_session0_lamp,13,127,17.233333333333334,1.4608286619186401,1.079983705690014
COHFACE_s32_session0_lamp,13,128,17.266666666666666,1.3393372297286987,0.9195567140076722
COHFACE_s32_session0_lamp,13,129,17.3,1.2062634229660034,0.7224815537632112
COHFACE_s32_session0_lamp,13,130,17.333333333333332,1.0651744604110718,0.4983448415591321
COHFACE_s32_session0_lamp,13,131,17.366666666666667,0.9151285886764526,0.2585397668766262
COHFACE_s32_session0_lamp,13,132,17.4,0.7756303548812866,0.01585371709475476
COHFACE_s32_session0_lamp,13,133,17.433333333333334,0.6222178339958191,-0.2168492150612325
COHFACE_s32_session0_lamp,13,134,17.466666666666665,0.48083552718162537,-0.4286551034028626
COHFACE_s32_session0_lamp,13,135,17.5,0.3493059575557709,-0.6126527563065859
COHFACE_s32_session0_lamp,13,136,17.533333333333335,0.2137148678302765,-0.7671576207945193
COHFACE_s32_session0_lamp,13,137,17.566666666666666,0.07959086447954178,-0.8955223053711441
COHFACE_s32_session0_lamp,13,138,17.6,-0.04333683103322983,-1.0045057828242103
COHFACE_s32_session0_lamp,13,139,17.633333333333333,-0.1681794822216034,-1.101595230139321
COHFACE_s32_session0_lamp,13,140,17.666666666666668,-0.2989214360713959,-1.19174707700652
COHFACE_s32_session0_lamp,13,141,17.7,-0.4093864858150482,-1.2741108792620421
COHFACE_s32_session0_lamp,13,142,17.733333333333334,-0.5152803659439087,-1.3397071004663654
COHFACE_s32_session0_lamp,13,143,17.766666666666666,-0.618765115737915,-1.3713170542195399
COHFACE_s32_session0_lamp,13,144,17.8,-0.7149760723114014,-1.3464381263811078
COHFACE_s32_session0_lamp,13,145,17.833333333333332,-0.790941059589386,-1.2430143009667576
COHFACE_s32_session0_lamp,13,146,17.866666666666667,-0.7128294706344604,-1.0462793369465329
COHFACE_s32_session0_lamp,13,147,17.9,-0.3358615040779114,-0.7543235364378846
COHFACE_s32_session0_lamp,13,148,17.933333333333334,0.18801741302013397,-0.38046922258588134
COHFACE_s32_session0_lamp,13,149,17.966666666666665,0.6337693333625793,0.0481463278196131
COHFACE_s32_session0_lamp,13,150,18.0,0.9817041158676147,0.4950399927447917
COHFACE_s32_session0_lamp,13,151,18.033333333333335,1.2952314615249634,0.9204473128114447
COHFACE_s32_session0_lamp,13,152,18.066666666666666,1.5377975702285767,1.2875760445304687
COHFACE_s32_session0_lamp,13,153,18.1,1.6252676248550415,1.5679355309622676
COHFACE_s32_session0_lamp,13,154,18.133333333333333,1.5741199254989624,1.7447338184284729
COHFACE_s32_session0_lamp,13,155,18.166666666666668,1.5056911706924438,1.813588873169522
COHFACE_s32_session0_lamp,13,156,18.2,1.4820168018341064,1.7805935014361678
COHFACE_s32_session0_lamp,13,157,18.233333333333334,1.4420498609542847,1.658782701182861
COHFACE_s32_session0_lamp,13,158,18.266666666666666,1.3563556671142578,1.4646134998558116
COHFACE_s32_session0_lamp,13,159,18.3,1.2310032844543457,1.2157063024204224
COHFACE_s32_session0_lamp,13,160,18.333333333333332,1.0854822397232056,0.9299519634059887
COHFACE_s32_session0_lamp,13,161,18.366666666666667,0.9315909743309021,0.6251136393660945
COHFACE_s32_session0_lamp,13,162,18.4,0.775120735168457,0.3180452055160732
COHFACE_s32_session0_lamp,13,163,18.433333333333334,0.6270206570625305,0.023347738789388103
COHFACE_s32_session0_lamp,13,164,18.466666666666665,0.49363791942596436,-0.24803623436397218
COHFACE_s32_session0_lamp,13,165,18.5,0.369459331035614,-0.48956719330251774
COHFACE_s32_session0_lamp,13,166,18.533333333333335,0.23303428292274475,-0.698768829903674
COHFACE_s32_session0_lamp,13,167,18.566666666666666,0.09511125832796097,-0.8759890612484611
COHFACE_s32_session0_lamp,13,168,18.6,-0.02647288143634796,-1.0229367802727631
COHFACE_s32_session0_lamp,13,169,18.633333333333333,-0.1525973230600357,-1.1415623811087168
COHFACE_s32_session0_lamp,13,170,18.666666666666668,-0.27961745858192444,-1.2331643591593122
COHFACE_s32_session0_lamp,13,171,18.7,-0.397989422082901,-1.2972055658841546
COHFACE_s32_session0_lamp,13,172,18.733333333333334,-0.4998989403247833,-1.329849418555982
COHFACE_s32_session0_lamp,13,173,18.766666666666666,-0.5970519781112671,-1.3231051354199403
COHFACE_s32_session0_lamp,13,174,18.8,-0.6969538927078247,-1.2657452045276065
COHFACE_s32_session0_lamp,13,175,18.833333333333332,-0.7975044250488281,-1.146483606908715
COHFACE_s32_session0_lamp,13,176,18.866666666666667,-0.8890824913978577,-0.9586062701451108
COHFACE_s32_session0_lamp,13,177,18.9,-0.9287405610084534,-0.7041283704544945
COHFACE_s32_session0_lamp,13,178,18.933333333333334,-0.7500011920928955,-0.395425284209343
COHFACE_s32_session0_lamp,13,179,18.966666666666665,-0.30939191579818726,-0.05346429934003209
COHFACE_s32_session0_lamp,13,180,19.0,0.18576271831989288,0.29631866674268376
COHFACE_s32_session0_lamp,13,181,19.033333333333335,0.5925669074058533,0.6283340815664836
COHFACE_s32_session0_lamp,13,182,19.066666666666666,0.9270970225334167,0.919821380870955
COHFACE_s32_session0_lamp,13,183,19.1,1.2013061046600342,1.1524362819736353
COHFACE_s32_session0_lamp,13,184,19.133333333333333,1.3736828565597534,1.313206048187254
COHFACE_s32_session0_lamp,13,185,19.166666666666668,1.3898673057556152,1.3953860228047585
COHFACE_s32_session0_lamp,13,186,19.2,1.304898977279663,1.3989694959542962
COHFACE_s32_session0_lamp,13,187,19.233333333333334,1.247280478477478,1.3302096601458218
COHFACE_s32_session0_lamp,13,188,19.266666666666666,1.2313740253448486,1.2000056631769485
COHFACE_s32_session0_lamp,13,189,19.3,1.1751298904418945,1.0217593203097217
COHFACE_s32_session0_lamp,13,190,19.333333333333332,1.063552975654602,0.8094993306674758
COHFACE_s32_session0_lamp,13,191,19.366666666666667,0.9289965629577637,0.5766723060488387
COHFACE_s32_session0_lamp,13,192,19.4,0.7823944687843323,0.3354746218636359
COHFACE_s32_session0_lamp,13,193,19.433333333333334,0.6344488263130188,0.09637960923002822
COHFACE_s32_session0_lamp,13,194,19.466666666666665,0.4878312647342682,-0.13226778594792749
COHFACE_s32_session0_lamp,13,195,19.5,0.33841854333877563,-0.3443801457832405
COHFACE_s32_session0_lamp,13,196,19.533333333333335,0.1974223107099533,-0.5357252698000617
COHFACE_s32_session0_lamp,13,197,19.566666666666666,0.07667210698127747,-0.7030867177347268
COHFACE_s32_session0_lamp,13,198,19.6,-0.044726718217134476,-0.843550177844386
COHFACE_s32_session0_lamp,13,199,19.633333333333333,-0.1784028708934784,-0.9544875982300395
COHFACE_s32_session0_lamp,13,200,19.666666666666668,-0.30834177136421204,-1.034139095450581
COHFACE_s32_session0_lamp,13,201,19.7,-0.4290302097797394,-1.0819962146567472
COHFACE_s32_session0_lamp,13,202,19.733333333333334,-0.5553708672523499,-1.098218649444863
COHFACE_s32_session0_lamp,13,203,19.766666666666666,-0.6761828064918518,-1.0820811504197816
COHFACE_s32_session0_lamp,13,204,19.8,-0.7802080512046814,-1.0304031915397367
COHFACE_s32_session0_lamp,13,205,19.833333333333332,-0.8734848499298096,-0.9373581654870378
COHFACE_s32_session0_lamp,13,206,19.866666666666667,-0.9642753005027771,-0.7965397735941666
COHFACE_s32_session0_lamp,13,207,19.9,-1.059250831604004,-0.6048134239239068
COHFACE_s32_session0_lamp,13,208,19.933333333333334,-1.1568362712860107,-0.36606601421217816
COHFACE_s32_session0_lamp,13,209,19.966666666666665,-1.1947184801101685,-0.09269090363253903
COHFACE_s32_session0_lamp,13,210,20.0,-0.9984201788902283,0.1960214477701353
COHFACE_s32_session0_lamp,13,211,20.033333333333335,-0.5582278370857239,0.47763605332950365
COHFACE_s32_session0_lamp,13,212,20.066666666666666,-0.10282395780086517,0.7307043326318857
COHFACE_s32_session0_lamp,13,213,20.1,0.241219162940979,0.9378581553078549
COHFACE_s32_session0_lamp,13,214,20.133333333333333,0.5227946639060974,1.0873582078232216
COHFACE_s32_session0_lamp,13,215,20.166666666666668,0.740404486656189,1.1733535875582692
COHFACE_s32_session0_lamp,13,216,20.2,0.8449393510818481,1.1953528724566038
COHFACE_s32_session0_lamp,13,217,20.233333333333334,0.8128020763397217,1.1573134297117253
COHFACE_s32_session0_lamp,13,218,20.266666666666666,0.7450991868972778,1.0666533851004543
COHFACE_s32_session0_lamp,13,219,20.3,0.7221660614013672,0.9333863104781512
COHFACE_s32_session0_lamp,13,220,20.333333333333332,0.7075104713439941,0.7693816979571673
COHFACE_s32_session0_lamp,13,221,20.366666666666667,0.6415063738822937,0.587553639335692
COHFACE_s32_session0_lamp,13,222,20.4,0.5285086035728455,0.4007284895903936
COHFACE_s32_session0_lamp,13,223,20.433333333333334,0.40201354026794434,0.22010721389583762
COHFACE_s32_session0_lamp,13,224,20.466666666666665,0.2587317228317261,0.05358249279779968
COHFACE_s32_session0_lamp,13,225,20.5,0.11696335673332214,-0.09543426442619012
COHFACE_s32_session0_lamp,13,226,20.533333333333335,-0.014195555821061134,-0.2278663031348081
COHFACE_s32_session0_lamp,13,227,20.566666666666666,-0.14461319148540497,-0.34722362322539674
COHFACE_s32_session0_lamp,13,228,20.6,-0.25853753089904785,-0.45708026636060184
COHFACE_s32_session0_lamp,13,229,20.633333333333333,-0.3730023503303528,-0.5591640378561381
COHFACE_s32_session0_lamp,13,230,20.666666666666668,-0.4949725866317749,-0.6527070211953012
COHFACE_s32_session0_lamp,13,231,20.7,-0.6135607361793518,-0.734551521675273
COHFACE_s32_session0_lamp,13,232,20.733333333333334,-0.732596755027771,-0.7991788012724457
COHFACE_s32_session0_lamp,13,233,20.766666666666666,-0.8498567938804626,-0.8385013514843923
COHFACE_s32_session0_lamp,13,234,20.8,-0.9501448273658752,-0.8422322473136191
COHFACE_s32_session0_lamp,13,235,20.833333333333332,-1.0375686883926392,-0.7998896714228907
COHFACE_s32_session0_lamp,13,236,20.866666666666667,-1.1221508979797363,-0.7045247342508096
COHFACE_s32_session0_lamp,13,237,20.9,-1.214686393737793,-0.5567905649700479
COHFACE_s32_session0_lamp,13,238,20.933333333333334,-1.3090442419052124,-0.3672059364095077
COHFACE_s32_session0_lamp,13,239,20.966666666666665,-1.3793416023254395,-0.15518580679577618
COHFACE_s32_session0_lamp,14,0,14.0,0.030095478519797325,0.1582407994900039
COHFACE_s32_session0_lamp,14,1,14.033333333333333,0.20651835203170776,0.3216500541211989
COHFACE_s32_session0_lamp,14,2,14.066666666666666,0.33233392238616943,0.48332143849843945
COHFACE_s32_session0_lamp,14,3,14.1,0.35894250869750977,0.640135242325086
COHFACE_s32_session0_lamp,14,4,14.133333333333333,0.3141418695449829,0.7837624790795878
COHFACE_s32_session0_lamp,14,5,14.166666666666666,0.2960270047187805,0.9009565952871214
COHFACE_s32_session0_lamp,14,6,14.2,0.31395652890205383,0.9760825930476743
COHFACE_s32_session0_lamp,14,7,14.233333333333333,0.3134314715862274,0.9951106421385756
COHFACE_s32_session0_lamp,14,8,14.266666666666667,0.27831366658210754,0.9497152283171705
COHFACE_s32_session0_lamp,14,9,14.3,0.2027193307876587,0.8400415227607643
COHFACE_s32_session0_lamp,14,10,14.333333333333334,0.10206069052219391,0.6752312502934497
COHFACE_s32_session0_lamp,14,11,14.366666666666667,0.008459586650133133,0.47160835520522104
COHFACE_s32_session0_lamp,14,12,14.4,-0.0708102434873581,0.2491115010098278
COHFACE_s32_session0_lamp,14,13,14.433333333333334,-0.1708357185125351,0.027032613247804035
COHFACE_s32_session0_lamp,14,14,14.466666666666667,-0.26389631628990173,-0.17965835624731455
COHFACE_s32_session0_lamp,14,15,14.5,-0.3405407965183258,-0.36238619953666423
COHFACE_s32_session0_lamp,14,16,14.533333333333333,-0.426960825920105,-0.5191736192428515
COHFACE_s32_session0_lamp,14,17,14.566666666666666,-0.5215039849281311,-0.6533454710188913
COHFACE_s32_session0_lamp,14,18,14.6,-0.6147652864456177,-0.771184867360649
COHFACE_s32_session0_lamp,14,19,14.633333333333333,-0.7120264172554016,-0.8788949229929006
COHFACE_s32_session0_lamp,14,20,14.666666666666666,-0.8049944043159485,-0.9794173492793409
COHFACE_s32_session0_lamp,14,21,14.7,-0.8842642307281494,-1.0699497225016223
COHFACE_s32_session0_lamp,14,22,14.733333333333333,-0.9709622263908386,-1.1409809141716143
COHFACE_s32_session0_lamp,14,23,14.766666666666667,-1.0613048076629639,-1.1772880265243297
COHFACE_s32_session0_lamp,14,24,14.8,-1.1370381116867065,-1.160800689092294
COHFACE_s32_session0_lamp,14,25,14.833333333333334,-1.1869041919708252,-1.0747505014161947
COHFACE_s32_session0_lamp,14,26,14.866666666666667,-1.115124225616455,-0.9082095454502609
COHFACE_s32_session0_lamp,14,27,14.9,-0.7846556901931763,-0.6599565192258638
COHFACE_s32_session0_lamp,14,28,14.933333333333334,-0.36716482043266296,-0.3406046546124576
COHFACE_s32_session0_lamp,14,29,14.966666666666667,-0.06948213279247284,0.027719082559069106
COHFACE_s32_session0_lamp,14,30,15.0,0.12900903820991516,0.41411734239431724
COHFACE_s32_session0_lamp,14,31,15.033333333333333,0.30078351497650146,0.7834118580919018
COHFACE_s32_session0_lamp,14,32,15.066666666666666,0.40480875968933105,1.1014951819005883
COHFACE_s32_session0_lamp,14,33,15.1,0.4072178900241852,1.3405906667109224
COHFACE_s32_session0_lamp,14,34,15.133333333333333,0.3589734137058258,1.483275479361741
COHFACE_s32_session0_lamp,14,35,15.166666666666666,0.3565642535686493,1.5242633342483514
COHFACE_s32_session0_lamp,14,36,15.2,0.3906782567501068,1.4697483562521654
COHFACE_s32_session0_lamp,14,37,15.233333333333333,0.3927322030067444,1.3349726854111081
COHFACE_s32_session0_lamp,14,38,15.266666666666667,0.34263452887535095,1.1409135631862595
COHFACE_s32_session0_lamp,14,39,15.3,0.2647545635700226,0.9107199044842124
COHFACE_s32_session0_lamp,14,40,15.333333333333334,0.16638152301311493,0.6662430889409005
COHFACE_s32_session0_lamp,14,41,15.366666666666667,0.0727495402097702,0.42493801660852243
COHFACE_s32_session0_lamp,14,42,15.4,-0.021700939163565636,0.19755058660288788
COHFACE_s32_session0_lamp,14,43,15.433333333333334,-0.11332531273365021,-0.012786019496463642
COHFACE_s32_session0_lamp,14,44,15.466666666666667,-0.18841004371643066,-0.20941653998934867
COHFACE_s32_session0_lamp,14,45,15.5,-0.26803508400917053,-0.3988661097365979
COHFACE_s32_session0_lamp,14,46,15.533333333333333,-0.35615384578704834,-0.586245008947606
COHFACE_s32_session0_lamp,14,47,15.566666666666666,-0.4333234131336212,-0.771055597774086
COHFACE_s32_session0_lamp,14,48,15.6,-0.5139985680580139,-0.9451300957752992
COHFACE_s32_session0_lamp,14,49,15.633333333333333,-0.5935155153274536,-1.0936075851435036
COHFACE_s32_session0_lamp,14,50,15.666666666666666,-0.671951413154602,-1.1986051895431138
COHFACE_s32_session0_lamp,14,51,15.7,-0.7423105239868164,-1.244128922842709
COHFACE_s32_session0_lamp,14,52,15.733333333333333,-0.808839738368988,-1.2203070451267286
COHFACE_s32_session0_lamp,14,53,15.766666666666667,-0.8924182057380676,-1.125428858780612
COHFACE_s32_session0_lamp,14,54,15.8,-0.9524149298667908,-0.9653629459256509
COHFACE_s32_session0_lamp,14,55,15.833333333333334,-0.9086953401565552,-0.751157792810198
COHFACE_s32_session0_lamp,14,56,15.866666666666667,-0.6160470843315125,-0.4963595698665215
COHFACE_s32_session0_lamp,14,57,15.9,-0.1606895476579666,-0.21542574107846005
COHFACE_s32_session0_lamp,14,58,15.933333333333334,0.24236196279525757,0.07635763031679953
COHFACE_s32_session0_lamp,14,59,15.966666666666667,0.5354734659194946,0.362223111338357
COHFACE_s32_session0_lamp,14,60,16.0,0.767198383808136,0.6239174073351571
COHFACE_s32_session0_lamp,14,61,16.033333333333335,0.9623538255691528,0.8433008539668029
COHFACE_s32_session0_lamp,14,62,16.066666666666666,1.0884164571762085,1.0052455817752346
COHFACE_s32_session0_lamp,14,63,16.1,1.0827487707138062,1.1004933767090306
COHFACE_s32_session0_lamp,14,64,16.133333333333333,1.0466117858886719,1.1271813839828708
COHFACE_s32_session0_lamp,14,65,16.166666666666668,1.0525110960006714,1.0905459427215396
COHFACE_s32_session0_lamp,14,66,16.2,1.0560166835784912,1.0010928662303713
COHFACE_s32_session0_lamp,14,67,16.233333333333334,1.0126367807388306,0.8719261256287406
COHFACE_s32_session0_lamp,14,68,16.266666666666666,0.9299694895744324,0.7159755650200104
COHFACE_s32_session0_lamp,14,69,16.3,0.8215892314910889,0.5437319297375055
COHFACE_s32_session0_lamp,14,70,16.333333333333332,0.698399007320404,0.361948187207676
COHFACE_s32_session0_lamp,14,71,16.366666666666667,0.5777105689048767,0.17361740289965216
COHFACE_s32_session0_lamp,14,72,16.4,0.45572492480278015,-0.020687920041848495
COHFACE_s32_session0_lamp,14,73,16.433333333333334,0.33468127250671387,-0.22039964981170146
COHFACE_s32_session0_lamp,14,74,16.466666666666665,0.2277527153491974,-0.42221536489883144
COHFACE_s32_session0_lamp,14,75,16.5,0.1171950027346611,-0.6181483412608166
COHFACE_s32_session0_lamp,14,76,16.533333333333335,-0.010257544927299023,-0.7954399029291227
COHFACE_s32_session0_lamp,14,77,16.566666666666666,-0.12330161035060883,-0.9387802738254601
COHFACE_s32_session0_lamp,14,78,16.6,-0.22063995897769928,-1.034198207326496
COHFACE_s32_session0_lamp,14,79,16.633333333333333,-0.33538275957107544,-1.0730301918382956
COHFACE_s32_session0_lamp,14,80,16.666666666666668,-0.43929991126060486,-1.0541843509879723
COHFACE_s32_session0_lamp,14,81,16.7,-0.5194191336631775,-0.9836431074744305
COHFACE_s32_session0_lamp,14,82,16.733333333333334,-0.5939170122146606,-0.8714772557180244
COHFACE_s32_session0_lamp,14,83,16.766666666666666,-0.6875026822090149,-0.7278612928130183
COHFACE_s32_session0_lamp,14,84,16.8,-0.766355574131012,-0.5600237879778294
COHFACE_s32_session0_lamp,14,85,16.833333333333332,-0.7175859808921814,-0.37154615403103164
COHFACE_s32_session0_lamp,14,86,16.866666666666667,-0.3877505958080292,-0.16420011180569263
COHFACE_s32_session0_lamp,14,87,16.9,0.11413725465536118,0.05884677490348367
COHFACE_s32_session0_lamp,14,88,16.933333333333334,0.5475963950157166,0.2904302131510369
COHFACE_s32_session0_lamp,14,89,16.966666666666665,0.894496500492096,0.5190064051873623
COHFACE_s32_session0_lamp,14,90,17.0,1.20640230178833,0.7306477291949637
COHFACE_s32_session0_lamp,14,91,17.033333333333335,1.4752063751220703,0.9121171824052083
COHFACE_s32_session0_lamp,14,92,17.066666666666666,1.6355218887329102,1.0533240358985674
COHFACE_s32_session0_lamp,14,93,17.1,1.6449577808380127,1.1481523991511478
COHFACE_s32_session0_lamp,14,94,17.133333333333333,1.5880805253982544,1.1937751684858156
COHFACE_s32_session0_lamp,14,95,17.166666666666668,1.5536422729492188,1.1893865898670684
COHFACE_s32_session0_lamp,14,96,17.2,1.5304311513900757,1.1353705087213422
COHFACE_s32_session0_lamp,14,97,17.233333333333334,1.4608286619186401,1.0333716584425514
COHFACE_s32_session0_lamp,14,98,17.266666666666666,1.3393372297286987,0.8870098965199374
COHFACE_s32_session0_lamp,14,99,17.3,1.2062634229660034,0.7025756405952364
COHFACE_s32_session0_lamp,14,100,17.333333333333332,1.0651744604110718,0.48918036229303713
COHFACE_s32_session0_lamp,14,101,17.366666666666667,0.9151285886764526,0.2582086905644213
COHFACE_s32_session0_lamp,14,102,17.4,0.7756303548812866,0.02214828170340675
COHFACE_s32_session0_lamp,14,103,17.433333333333334,0.6222178339958191,-0.20705267125079013
COHFACE_s32_session0_lamp,14,104,17.466666666666665,0.48083552718162537,-0.41984780077568096
COHFACE_s32_session0_lamp,14,105,17.5,0.3493059575557709,-0.6106662724132349
COHFACE_s32_session0_lamp,14,106,17.533333333333335,0.2137148678302765,-0.7784262688812332
COHFACE_s32_session0_lamp,14,107,17.566666666666666,0.07959086447954178,-0.9254453195726067
COHFACE_s32_session0_lamp,14,108,17.6,-0.04333683103322983,-1.0550666754634492
COHFACE_s32_session0_lamp,14,109,17.633333333333333,-0.1681794822216034,-1.1690273259881114
COHFACE_s32_session0_lamp,14,110,17.666666666666668,-0.2989214360713959,-1.265458600466058
COHFACE_s32_session0_lamp,14,111,17.7,-0.4093864858150482,-1.3378509013533564
COHFACE_s32_session0_lamp,14,112,17.733333333333334,-0.5152803659439087,-1.375033962753399
COHFACE_s32_session0_lamp,14,113,17.766666666666666,-0.618765115737915,-1.3622966440701194
COHFACE_s32_session0_lamp,14,114,17.8,-0.7149760723114014,-1.2838603588124156
COHFACE_s32_session0_lamp,14,115,17.833333333333332,-0.790941059589386,-1.1266861100744683
COHFACE_s32_session0_lamp,14,116,17.866666666666667,-0.7128294706344604,-0.884961306898494
COHFACE_s32_session0_lamp,14,117,17.9,-0.3358615040779114,-0.5639351482012971
COHFACE_s32_session0_lamp,14,118,17.933333333333334,0.18801741302013397,-0.18155456103115358
COHFACE_s32_session0_lamp,14,119,17.966666666666665,0.6337693333625793,0.23311265390047933
COHFACE_s32_session0_lamp,14,120,18.0,0.9817041158676147,0.6445169867863336
COHFACE_s32_session0_lamp,14,121,18.033333333333335,1.2952314615249634,1.0169865722139346
COHFACE_s32_session0_lamp,14,122,18.066666666666666,1.5377975702285767,1.3208722252745222
COHFACE_s32_session0_lamp,14,123,18.1,1.6252676248550415,1.5367380476773835
COHFACE_s32_session0_lamp,14,124,18.133333333333333,1.5741199254989624,1.656668490869181
COHFACE_s32_session0_lamp,14,125,18.166666666666668,1.5056911706924438,1.6828428799177133
COHFACE_s32_session0_lamp,14,126,18.2,1.4820168018341064,1.6244522298718145
COHFACE_s32_session0_lamp,14,127,18.233333333333334,1.4420498609542847,1.494405111842127
COHFACE_s32_session0_lamp,14,128,18.266666666666666,1.3563556671142578,1.306945453564107
COHFACE_s32_session0_lamp,14,129,18.3,1.2310032844543457,1.0765433684971562
COHFACE_s32_session0_lamp,14,130,18.333333333333332,1.0854822397232056,0.8176705037531805
COHFACE_s32_session0_lamp,14,131,18.366666666666667,0.9315909743309021,0.5447156154603856
COHFACE_s32_session0_lamp,14,132,18.4,0.775120735168457,0.2714626447145495
COHFACE_s32_session0_lamp,14,133,18.433333333333334,0.6270206570625305,0.010025810196546508
COHFACE_s32_session0_lamp,14,134,18.466666666666665,0.49363791942596436,-0.23041472737170657
COHFACE_s32_session0_lamp,14,135,18.5,0.369459331035614,-0.44448948939251787
COHFACE_s32_session0_lamp,14,136,18.533333333333335,0.23303428292274475,-0.6305994756450235
COHFACE_s32_session0_lamp,14,137,18.566666666666666,0.09511125832796097,-0.7898828701988312
COHFACE_s32_session0_lamp,14,138,18.6,-0.02647288143634796,-0.9247488483987044
COHFACE_s32_session0_lamp,14,139,18.633333333333333,-0.1525973230600357,-1.0376599027192537
COHFACE_s32_session0_lamp,14,140,18.666666666666668,-0.27961745858192444,-1.1301868377343998
COHFACE_s32_session0_lamp,14,141,18.7,-0.397989422082901,-1.201845335335898
COHFACE_s32_session0_lamp,14,142,18.733333333333334,-0.4998989403247833,-1.2486668634040399
COHFACE_s32_session0_lamp,14,143,18.766666666666666,-0.5970519781112671,-1.2623269777539108
COHFACE_s32_session0_lamp,14,144,18.8,-0.6969538927078247,-1.2309541691523558
COHFACE_s32_session0_lamp,14,145,18.833333333333332,-0.7975044250488281,-1.142099928299831
COHFACE_s32_session0_lamp,14,146,18.866666666666667,-0.8890824913978577,-0.9871022974943738
COHFACE_s32_session0_lamp,14,147,18.9,-0.9287405610084534,-0.7650775269506009
COHFACE_s32_session0_lamp,14,148,18.933333333333334,-0.7500011920928955,-0.4847822977370431
COHFACE_s32_session0_lamp,14,149,18.966666666666665,-0.30939191579818726,-0.16365715915724757
COHFACE_s32_session0_lamp,14,150,19.0,0.18576271831989288,0.17516251684382983
COHFACE_s32_session0_lamp,14,151,19.033333333333335,0.5925669074058533,0.5063097574369624
COHFACE_s32_session0_lamp,14,152,19.066666666666666,0.9270970225334167,0.8050713526480545
COHFACE_s32_session0_lamp,14,153,19.1,1.2013061046600342,1.0496796018671017
COHFACE_s32_session0_lamp,14,154,19.133333333333333,1.3736828565597534,1.2234776785797568
COHFACE_s32_session0_lamp,14,155,19.166666666666668,1.3898673057556152,1.3170426666684591
COHFACE_s32_session0_lamp,14,156,19.2,1.304898977279663,1.3295617648175755
COHFACE_s32_session0_lamp,14,157,19.233333333333334,1.247280478477478,1.2684812897457798
COHFACE_s32_session0_lamp,14,158,19.266666666666666,1.2313740253448486,1.1471811077474192
COHFACE_s32_session0_lamp,14,159,19.3,1.1751298904418945,0.9815312455688103
COHFACE_s32_session0_lamp,14,160,19.333333333333332,1.063552975654602,0.7867179729510074
COHFACE_s32_session0_lamp,14,161,19.366666666666667,0.9289965629577637,0.5753824389465882
COHFACE_s32_session0_lamp,14,162,19.4,0.7823944687843323,0.3572253055395627
COHFACE_s32_session0_lamp,14,163,19.433333333333334,0.6344488263130188,0.1395053423505748
COHFACE_s32_session0_lamp,14,164,19.466666666666665,0.4878312647342682,-0.07220635096398295
COHFACE_s32_session0_lamp,14,165,19.5,0.33841854333877563,-0.2732782023141107
COHFACE_s32_session0_lamp,14,166,19.533333333333335,0.1974223107099533,-0.45924243047123287
COHFACE_s32_session0_lamp,14,167,19.566666666666666,0.07667210698127747,-0.6250577287005419
COHFACE_s32_session0_lamp,14,168,19.6,-0.044726718217134476,-0.7648392672187596
COHFACE_s32_session0_lamp,14,169,19.633333333333333,-0.1784028708934784,-0.8724936451710807
COHFACE_s32_session0_lamp,14,170,19.666666666666668,-0.30834177136421204,-0.9430439317954646
COHFACE_s32_session0_lamp,14,171,19.7,-0.4290302097797394,-0.9737892788572177
COHFACE_s32_session0_lamp,14,172,19.733333333333334,-0.5553708672523499,-0.9645395386557549
COHFACE_s32_session0_lamp,14,173,19.766666666666666,-0.6761828064918518,-0.9168164175389941
COHFACE_s32_session0_lamp,14,174,19.8,-0.7802080512046814,-0.8325542127218802
COHFACE_s32_session0_lamp,14,175,19.833333333333332,-0.8734848499298096,-0.7131826104938465
COHFACE_s32_session0_lamp,14,176,19.866666666666667,-0.9642753005027771,-0.5598878674895512
COHFACE_s32_session0_lamp,14,177,19.9,-1.059250831604004,-0.37513805429267644
COHFACE_s32_session0_lamp,14,178,19.933333333333334,-1.1568362712860107,-0.1644961810045572
COHFACE_s32_session0_lamp,14,179,19.966666666666665,-1.1947184801101685,0.06260220917896651
COHFACE_s32_session0_lamp,14,180,20.0,-0.9984201788902283,0.2935228184116256
COHFACE_s32_session0_lamp,14,181,20.033333333333335,-0.5582278370857239,0.5139144470488216
COHFACE_s32_session0_lamp,14,182,20.066666666666666,-0.10282395780086517,0.7092911975162384
COHFACE_s32_session0_lamp,14,183,20.1,0.241219162940979,0.8665212201282518
COHFACE_s32_session0_lamp,14,184,20.133333333333333,0.5227946639060974,0.9752351310392096
COHFACE_s32_session0_lamp,14,185,20.166666666666668,0.740404486656189,1.028992232243192
COHFACE_s32_session0_lamp,14,186,20.2,0.8449393510818481,1.025871407619313
COHFACE_s32_session0_lamp,14,187,20.233333333333334,0.8128020763397217,0.9682774369266091
COHFACE_s32_session0_lamp,14,188,20.266666666666666,0.7450991868972778,0.8621577107253381
COHFACE_s32_session0_lamp,14,189,20.3,0.7221660614013672,0.7161063171714797
COHFACE_s32_session0_lamp,14,190,20.333333333333332,0.7075104713439941,0.5406690785634091
COHFACE_s32_session0_lamp,14,191,20.366666666666667,0.6415063738822937,0.3477493545280495
COHFACE_s32_session0_lamp,14,192,20.4,0.5285086035728455,0.14975696141200728
COHFACE_s32_session0_lamp,14,193,20.433333333333334,0.40201354026794434,-0.04173153447240102
COHFACE_s32_session0_lamp,14,194,20.466666666666665,0.2587317228317261,-0.21758540151439743
COHFACE_s32_session0_lamp,14,195,20.5,0.11696335673332214,-0.3723679181587011
COHFACE_s32_session0_lamp,14,196,20.533333333333335,-0.014195555821061134,-0.5045550164017063
COHFACE_s32_session0_lamp,14,197,20.566666666666666,-0.14461319148540497,-0.6155328323236426
COHFACE_s32_session0_lamp,14,198,20.6,-0.25853753089904785,-0.7079007568532976
COHFACE_s32_session0_lamp,14,199,20.633333333333333,-0.3730023503303528,-0.783981992078451
COHFACE_s32_session0_lamp,14,200,20.666666666666668,-0.4949725866317749,-0.8451066226243779
COHFACE_s32_session0_lamp,14,201,20.7,-0.6135607361793518,-0.8915015235492971
COHFACE_s32_session0_lamp,14,202,20.733333333333334,-0.732596755027771,-0.922114045776789
COHFACE_s32_session0_lamp,14,203,20.766666666666666,-0.8498567938804626,-0.9338229710296498
COHFACE_s32_session0_lamp,14,204,20.8,-0.9501448273658752,-0.9202379433915163
COHFACE_s32_session0_lamp,14,205,20.833333333333332,-1.0375686883926392,-0.8711607374624546
COHFACE_s32_session0_lamp,14,206,20.866666666666667,-1.1221508979797363,-0.7740675203182598
COHFACE_s32_session0_lamp,14,207,20.9,-1.214686393737793,-0.6181173501341247
COHFACE_s32_session0_lamp,14,208,20.933333333333334,-1.3090442419052124,-0.39944883656837493
COHFACE_s32_session0_lamp,14,209,20.966666666666665,-1.3793416023254395,-0.1252913716857611
COHFACE_s32_session0_lamp,14,210,21.0,-1.3264333009719849,0.18517935313212314
COHFACE_s32_session0_lamp,14,211,21.033333333333335,-1.011114478111267,0.5037356045495555
COHFACE_s32_session0_lamp,14,212,21.066666666666666,-0.5675709843635559,0.7986531137506211
COHFACE_s32_session0_lamp,14,213,21.1,-0.2067410945892334,1.0409804980907953
COHFACE_s32_session0_lamp,14,214,21.133333333333333,0.0656302347779274,1.2096272156713792
COHFACE_s32_session0_lamp,14,215,21.166666666666668,0.2839813232421875,1.2940823606555716
COHFACE_s32_session0_lamp,14,216,21.2,0.4156962037086487,1.2945130766523647
COHFACE_s32_session0_lamp,14,217,21.233333333333334,0.4206380248069763,1.2198415318436286
COHFACE_s32_session0_lamp,14,218,21.266666666666666,0.3497074842453003,1.0849106045098158
COHFACE_s32_session0_lamp,14,219,21.3,0.31307628750801086,0.9077547998511685
COHFACE_s32_session0_lamp,14,220,21.333333333333332,0.30096882581710815,0.7073512719789197
COHFACE_s32_session0_lamp,14,221,21.366666666666667,0.2740050256252289,0.5016478855651376
COHFACE_s32_session0_lamp,14,222,21.4,0.2113829404115677,0.30566022954106375
COHFACE_s32_session0_lamp,14,223,21.433333333333334,0.11231496185064316,0.1297969157958057
COHFACE_s32_session0_lamp,14,224,21.466666666666665,-0.018025463446974754,-0.021165344515283614
COHFACE_s32_session0_lamp,14,225,21.5,-0.14711499214172363,-0.14809237754498505
COHFACE_s32_session0_lamp,14,226,21.533333333333335,-0.27140167355537415,-0.25643134535183915
COHFACE_s32_session0_lamp,14,227,21.566666666666666,-0.38276243209838867,-0.3543203842274154
COHFACE_s32_session0_lamp,14,228,21.6,-0.47837117314338684,-0.45020778243068604
COHFACE_s32_session0_lamp,14,229,21.633333333333333,-0.5803115963935852,-0.5502888939386308
COHFACE_s32_session0_lamp,14,230,21.666666666666668,-0.6852325201034546,-0.65609465316476
COHFACE_s32_session0_lamp,14,231,21.7,-0.7817369699478149,-0.7627245663061643
COHFACE_s32_session0_lamp,14,232,21.733333333333334,-0.8816388845443726,-0.8584077925914457
COHFACE_s32_session0_lamp,14,233,21.766666666666666,-0.9804134368896484,-0.9260280463055406
COHFACE_s32_session0_lamp,14,234,21.8,-1.068424105644226,-0.9467578200797042
COHFACE_s32_session0_lamp,14,235,21.833333333333332,-1.1513848304748535,-0.9051056662689
COHFACE_s32_session0_lamp,14,236,21.866666666666667,-1.2295582294464111,-0.7938633440709931
COHFACE_s32_session0_lamp,14,237,21.9,-1.3120710849761963,-0.6171853356563077
COHFACE_s32_session0_lamp,14,238,21.933333333333334,-1.3962981700897217,-0.3906648203886857
COHFACE_s32_session0_lamp,14,239,21.966666666666665,-1.4017959833145142,-0.13856822245288297
COHFACE_s32_session0_lamp,15,0,15.0,0.12900903820991516,0.09565569161372654
COHFACE_s32_session0_lamp,15,1,15.033333333333333,0.30078351497650146,0.09238772448732745
COHFACE_s32_session0_lamp,15,2,15.066666666666666,0.40480875968933105,0.09807221234544501
COHFACE_s32_session0_lamp,15,3,15.1,0.4072178900241852,0.12003691420556747
COHFACE_s32_session0_lamp,15,4,15.133333333333333,0.3589734137058258,0.16024747814199025
COHFACE_s32_session0_lamp,15,5,15.166666666666666,0.3565642535686493,0.21443888431693547
COHFACE_s32_session0_lamp,15,6,15.2,0.3906782567501068,0.2731469225529454
COHFACE_s32_session0_lamp,15,7,15.233333333333333,0.3927322030067444,0.324232482743813
COHFACE_s32_session0_lamp,15,8,15.266666666666667,0.34263452887535095,0.35601957702205317
COHFACE_s32_session0_lamp,15,9,15.3,0.2647545635700226,0.360151487669183
COHFACE_s32_session0_lamp,15,10,15.333333333333334,0.16638152301311493,0.33344840432674844
COHFACE_s32_session0_lamp,15,11,15.366666666666667,0.0727495402097702,0.2782446897512848
COHFACE_s32_session0_lamp,15,12,15.4,-0.021700939163565636,0.2009550623854498
COHFACE_s32_session0_lamp,15,13,15.433333333333334,-0.11332531273365021,0.10929458412753407
COHFACE_s32_session0_lamp,15,14,15.466666666666667,-0.18841004371643066,0.009548378911355489
COHFACE_s32_session0_lamp,15,15,15.5,-0.26803508400917053,-0.09450845945654296
COHFACE_s32_session0_lamp,15,16,15.533333333333333,-0.35615384578704834,-0.20063080069368416
COHFACE_s32_session0_lamp,15,17,15.566666666666666,-0.4333234131336212,-0.3061917809462848
COHFACE_s32_session0_lamp,15,18,15.6,-0.5139985680580139,-0.40698147837997634
COHFACE_s32_session0_lamp,15,19,15.633333333333333,-0.5935155153274536,-0.49763173675079897
COHFACE_s32_session0_lamp,15,20,15.666666666666666,-0.671951413154602,-0.5732809861167466
COHFACE_s32_session0_lamp,15,21,15.7,-0.7423105239868164,-0.6311475459101048
COHFACE_s32_session0_lamp,15,22,15.733333333333333,-0.808839738368988,-0.6707224729918563
COHFACE_s32_session0_lamp,15,23,15.766666666666667,-0.8924182057380676,-0.6922060014317867
COHFACE_s32_session0_lamp,15,24,15.8,-0.9524149298667908,-0.6939642321740868
COHFACE_s32_session0_lamp,15,25,15.833333333333334,-0.9086953401565552,-0.6704433527506164
COHFACE_s32_session0_lamp,15,26,15.866666666666667,-0.6160470843315125,-0.6118008761002447
COHFACE_s32_session0_lamp,15,27,15.9,-0.1606895476579666,-0.5058721429173199
COHFACE_s32_session0_lamp,15,28,15.933333333333334,0.24236196279525757,-0.34240519794639845
COHFACE_s32_session0_lamp,15,29,15.966666666666667,0.5354734659194946,-0.11858518112901308
COHFACE_s32_session0_lamp,15,30,16.0,0.767198383808136,0.15624727243877212
COHFACE_s32_session0_lamp,15,31,16.033333333333335,0.9623538255691528,0.4591519603051866
COHFACE_s32_session0_lamp,15,32,16.066666666666666,1.0884164571762085,0.7567623148826979
COHFACE_s32_session0_lamp,15,33,16.1,1.0827487707138062,1.0123393107655114
COHFACE_s32_session0_lamp,15,34,16.133333333333333,1.0466117858886719,1.1941568921762544
COHFACE_s32_session0_lamp,15,35,16.166666666666668,1.0525110960006714,1.2821457324946106
COHFACE_s32_session0_lamp,15,36,16.2,1.0560166835784912,1.270752812125642
COHFACE_s32_session0_lamp,15,37,16.233333333333334,1.0126367807388306,1.167768816055123
COHFACE_s32_session0_lamp,15,38,16.266666666666666,0.9299694895744324,0.9903472018914343
COHFACE_s32_session0_lamp,15,39,16.3,0.8215892314910889,0.7600345606200661
COHFACE_s32_session0_lamp,15,40,16.333333333333332,0.698399007320404,0.4983753410935511
COHFACE_s32_session0_lamp,15,41,16.366666666666667,0.5777105689048767,0.22397974959342337
COHFACE_s32_session0_lamp,15,42,16.4,0.45572492480278015,-0.04867237646607226
COHFACE_s32_session0_lamp,15,43,16.433333333333334,0.33468127250671387,-0.3087999761568424
COHFACE_s32_session0_lamp,15,44,16.466666666666665,0.2277527153491974,-0.5476316519956538
COHFACE_s32_session0_lamp,15,45,16.5,0.1171950027346611,-0.7562407992747716
COHFACE_s32_session0_lamp,15,46,16.533333333333335,-0.010257544927299023,-0.924198110862102
COHFACE_s32_session0_lamp,15,47,16.566666666666666,-0.12330161035060883,-1.0402607085430347
COHFACE_s32_session0_lamp,15,48,16.6,-0.22063995897769928,-1.095221112602205
COHFACE_s32_session0_lamp,15,49,16.633333333333333,-0.33538275957107544,-1.0855502740265561
COHFACE_s32_session0_lamp,15,50,16.666666666666668,-0.43929991126060486,-1.0156572537937438
COHFACE_s32_session0_lamp,15,51,16.7,-0.5194191336631775,-0.89714730302774
COHFACE_s32_session0_lamp,15,52,16.733333333333334,-0.5939170122146606,-0.7452259113211219
COHFACE_s32_session0_lamp,15,53,16.766666666666666,-0.6875026822090149,-0.5741697051820039
COHFACE_s32_session0_lamp,15,54,16.8,-0.766355574131012,-0.39430185288014485
COHFACE_s32_session0_lamp,15,55,16.833333333333332,-0.7175859808921814,-0.21184549849772236
COHFACE_s32_session0_lamp,15,56,16.866666666666667,-0.3877505958080292,-0.031071731311909635
COHFACE_s32_session0_lamp,15,57,16.9,0.11413725465536118,0.14328047401552133
COHFACE_s32_session0_lamp,15,58,16.933333333333334,0.5475963950157166,0.30520865541304004
COHFACE_s32_session0_lamp,15,59,16.966666666666665,0.894496500492096,0.4487456620932107
COHFACE_s32_session0_lamp,15,60,17.0,1.20640230178833,0.5702048720698308
COHFACE_s32_session0_lamp,15,61,17.033333333333335,1.4752063751220703,0.6695908247658364
COHFACE_s32_session0_lamp,15,62,17.066666666666666,1.6355218887329102,0.7501563303430724
COHFACE_s32_session0_lamp,15,63,17.1,1.6449577808380127,0.8163520670075082
COHFACE_s32_session0_lamp,15,64,17.133333333333333,1.5880805253982544,0.8711237295867233
COHFACE_s32_session0_lamp,15,65,17.166666666666668,1.5536422729492188,0.913607345976783
COHFACE_s32_session0_lamp,15,66,17.2,1.5304311513900757,0.9381206401633801
COHFACE_s32_session0_lamp,15,67,17.233333333333334,1.4608286619186401,0.9350006858659708
COHFACE_s32_session0_lamp,15,68,17.266666666666666,1.3393372297286987,0.8932519514220526
COHFACE_s32_session0_lamp,15,69,17.3,1.2062634229660034,0.8042941329031945
COHFACE_s32_session0_lamp,15,70,17.333333333333332,1.0651744604110718,0.6655771408492159
COHFACE_s32_session0_lamp,15,71,17.366666666666667,0.9151285886764526,0.4826517456680066
COHFACE_s32_session0_lamp,15,72,17.4,0.7756303548812866,0.2686068923289894
COHFACE_s32_session0_lamp,15,73,17.433333333333334,0.6222178339958191,0.040728542566833066
COHFACE_s32_session0_lamp,15,74,17.466666666666665,0.48083552718162537,-0.18444138997968476
COHFACE_s32_session0_lamp,15,75,17.5,0.3493059575557709,-0.39556754471122124
COHFACE_s32_session0_lamp,15,76,17.533333333333335,0.2137148678302765,-0.5886257903662842
COHFACE_s32_session0_lamp,15,77,17.566666666666666,0.07959086447954178,-0.7659440316208185
COHFACE_s32_session0_lamp,15,78,17.6,-0.04333683103322983,-0.9329041418232893
COHFACE_s32_session0_lamp,15,79,17.633333333333333,-0.1681794822216034,-1.0938247460883108
COHFACE_s32_session0_lamp,15,80,17.666666666666668,-0.2989214360713959,-1.248315754281222
COHFACE_s32_session0_lamp,15,81,17.7,-0.4093864858150482,-1.388747892502166
COHFACE_s32_session0_lamp,15,82,17.733333333333334,-0.5152803659439087,-1.4992018016552726
COHFACE_s32_session0_lamp,15,83,17.766666666666666,-0.618765115737915,-1.5564662035223884
COHFACE_s32_session0_lamp,15,84,17.8,-0.7149760723114014,-1.5338272705304237
COHFACE_s32_session0_lamp,15,85,17.833333333333332,-0.790941059589386,-1.4077143254192217
COHFACE_s32_session0_lamp,15,86,17.866666666666667,-0.7128294706344604,-1.1656112626907753
COHFACE_s32_session0_lamp,15,87,17.9,-0.3358615040779114,-0.8122828377542377
COHFACE_s32_session0_lamp,15,88,17.933333333333334,0.18801741302013397,-0.37160172763415217
COHFACE_s32_session0_lamp,15,89,17.966666666666665,0.6337693333625793,0.1170047145191198
COHFACE_s32_session0_lamp,15,90,18.0,0.9817041158676147,0.606273221591016
COHFACE_s32_session0_lamp,15,91,18.033333333333335,1.2952314615249634,1.0502847691200354
COHFACE_s32_session0_lamp,15,92,18.066666666666666,1.5377975702285767,1.4122848555290117
COHFACE_s32_session0_lamp,15,93,18.1,1.6252676248550415,1.6692879811564443
COHFACE_s32_session0_lamp,15,94,18.133333333333333,1.5741199254989624,1.8129378820122575
COHFACE_s32_session0_lamp,15,95,18.166666666666668,1.5056911706924438,1.8472605571764984
COHFACE_s32_session0_lamp,15,96,18.2,1.4820168018341064,1.7846734873675834
COHFACE_s32_session0_lamp,15,97,18.233333333333334,1.4420498609542847,1.6418043018385946
COHFACE_s32_session0_lamp,15,98,18.266666666666666,1.3563556671142578,1.436356120622825
COHFACE_s32_session0_lamp,15,99,18.3,1.2310032844543457,1.1855351926248525
COHFACE_s32_session0_lamp,15,100,18.333333333333332,1.0854822397232056,0.9056938657463833
COHFACE_s32_session0_lamp,15,101,18.366666666666667,0.9315909743309021,0.6123229230206604
COHFACE_s32_session0_lamp,15,102,18.4,0.775120735168457,0.31966404967743994
COHFACE_s32_session0_lamp,15,103,18.433333333333334,0.6270206570625305,0.03980838126839384
COHFACE_s32_session0_lamp,15,104,18.466666666666665,0.49363791942596436,-0.21825715901718437
COHFACE_s32_session0_lamp,15,105,18.5,0.369459331035614,-0.44897919312618884
COHFACE_s32_session0_lamp,15,106,18.533333333333335,0.23303428292274475,-0.6495941664078617
COHFACE_s32_session0_lamp,15,107,18.566666666666666,0.09511125832796097,-0.8189068183418321
COHFACE_s32_session0_lamp,15,108,18.6,-0.02647288143634796,-0.9565201285394616
COHFACE_s32_session0_lamp,15,109,18.633333333333333,-0.1525973230600357,-1.063200531696909
COHFACE_s32_session0_lamp,15,110,18.666666666666668,-0.27961745858192444,-1.1416708879936541
COHFACE_s32_session0_lamp,15,111,18.7,-0.397989422082901,-1.1962503232834727
COHFACE_s32_session0_lamp,15,112,18.733333333333334,-0.4998989403247833,-1.2306457388910101
COHFACE_s32_session0_lamp,15,113,18.766666666666666,-0.5970519781112671,-1.2449251596635271
COHFACE_s32_session0_lamp,15,114,18.8,-0.6969538927078247,-1.2336194234891875
COHFACE_s32_session0_lamp,15,115,18.833333333333332,-0.7975044250488281,-1.1863565355098502
COHFACE_s32_session0_lamp,15,116,18.866666666666667,-0.8890824913978577,-1.090885611772211
COHFACE_s32_session0_lamp,15,117,18.9,-0.9287405610084534,-0.9370289821905123
COHFACE_s32_session0_lamp,15,118,18.933333333333334,-0.7500011920928955,-0.7199840642914036
COHFACE_s32_session0_lamp,15,119,18.966666666666665,-0.30939191579818726,-0.4422628862018295
COHFACE_s32_session0_lamp,15,120,19.0,0.18576271831989288,-0.11449401412359661
COHFACE_s32_session0_lamp,15,121,19.033333333333335,0.5925669074058533,0.24453296935511293
COHFACE_s32_session0_lamp,15,122,19.066666666666666,0.9270970225334167,0.6088883227700814
COHFACE_s32_session0_lamp,15,123,19.1,1.2013061046600342,0.9483078507955569
COHFACE_s32_session0_lamp,15,124,19.133333333333333,1.3736828565597534,1.232768419997686
COHFACE_s32_session0_lamp,15,125,19.166666666666668,1.3898673057556152,1.4376468444762085
COHFACE_s32_session0_lamp,15,126,19.2,1.304898977279663,1.5478004991002419
COHFACE_s32_session0_lamp,15,127,19.233333333333334,1.247280478477478,1.5593498768569045
COHFACE_s32_session0_lamp,15,128,19.266666666666666,1.2313740253448486,1.4788881820054829
COHFACE_s32_session0_lamp,15,129,19.3,1.1751298904418945,1.3207527760976299
COHFACE_s32_session0_lamp,15,130,19.333333333333332,1.063552975654602,1.103464214970931
COHFACE_s32_session0_lamp,15,131,19.366666666666667,0.9289965629577637,0.8463907603787812
COHFACE_s32_session0_lamp,15,132,19.4,0.7823944687843323,0.567308202435146
COHFACE_s32_session0_lamp,15,133,19.433333333333334,0.6344488263130188,0.2810903812264898
COHFACE_s32_session0_lamp,15,134,19.466666666666665,0.4878312647342682,-0.0005066096641747134
COHFACE_s32_session0_lamp,15,135,19.5,0.33841854333877563,-0.2681375694050223
COHFACE_s32_session0_lamp,15,136,19.533333333333335,0.1974223107099533,-0.5135598499600329
COHFACE_s32_session0_lamp,15,137,19.566666666666666,0.07667210698127747,-0.7283395585358339
COHFACE_s32_session0_lamp,15,138,19.6,-0.044726718217134476,-0.9034683275443307
COHFACE_s32_session0_lamp,15,139,19.633333333333333,-0.1784028708934784,-1.0304808959072371
COHFACE_s32_session0_lamp,15,140,19.666666666666668,-0.30834177136421204,-1.1036051103216233
COHFACE_s32_session0_lamp,15,141,19.7,-0.4290302097797394,-1.1215667575550414
COHFACE_s32_session0_lamp,15,142,19.733333333333334,-0.5553708672523499,-1.0878190852279521
COHFACE_s32_session0_lamp,15,143,19.766666666666666,-0.6761828064918518,-1.0089985011801035
COHFACE_s32_session0_lamp,15,144,19.8,-0.7802080512046814,-0.8925366918179138
COHFACE_s32_session0_lamp,15,145,19.833333333333332,-0.8734848499298096,-0.7448777738130065
COHFACE_s32_session0_lamp,15,146,19.866666666666667,-0.9642753005027771,-0.5713310339132887
COHFACE_s32_session0_lamp,15,147,19.9,-1.059250831604004,-0.3774575531206666
COHFACE_s32_session0_lamp,15,148,19.933333333333334,-1.1568362712860107,-0.1707483219098856
COHFACE_s32_session0_lamp,15,149,19.966666666666665,-1.1947184801101685,0.038851080333519084
COHFACE_s32_session0_lamp,15,150,20.0,-0.9984201788902283,0.24000610074104495
COHFACE_s32_session0_lamp,15,151,20.033333333333335,-0.5582278370857239,0.42192879692921575
COHFACE_s32_session0_lamp,15,152,20.066666666666666,-0.10282395780086517,0.5762151376592003
COHFACE_s32_session0_lamp,15,153,20.1,0.241219162940979,0.6980142243850371
COHFACE_s32_session0_lamp,15,154,20.133333333333333,0.5227946639060974,0.7862930853766669
COHFACE_s32_session0_lamp,15,155,20.166666666666668,0.740404486656189,0.8431085832507292
COHFACE_s32_session0_lamp,15,156,20.2,0.8449393510818481,0.8719696906133269
COHFACE_s32_session0_lamp,15,157,20.233333333333334,0.8128020763397217,0.8756903827832199
COHFACE_s32_session0_lamp,15,158,20.266666666666666,0.7450991868972778,0.8545203635420617
COHFACE_s32_session0_lamp,15,159,20.3,0.7221660614013672,0.8055067900928168
COHFACE_s32_session0_lamp,15,160,20.333333333333332,0.7075104713439941,0.7237069450141879
COHFACE_s32_session0_lamp,15,161,20.366666666666667,0.6415063738822937,0.6050223788631334
COHFACE_s32_session0_lamp,15,162,20.4,0.5285086035728455,0.4494254771559086
COHFACE_s32_session0_lamp,15,163,20.433333333333334,0.40201354026794434,0.26292368951316114
COHFACE_s32_session0_lamp,15,164,20.466666666666665,0.2587317228317261,0.05720075810632148
COHFACE_s32_session0_lamp,15,165,20.5,0.11696335673332214,-0.15289747885734709
COHFACE_s32_session0_lamp,15,166,20.533333333333335,-0.014195555821061134,-0.3528095276346402
COHFACE_s32_session0_lamp,15,167,20.566666666666666,-0.14461319148540497,-0.5311951184208029
COHFACE_s32_session0_lamp,15,168,20.6,-0.25853753089904785,-0.6815939483861542
COHFACE_s32_session0_lamp,15,169,20.633333333333333,-0.3730023503303528,-0.8028121469374254
COHFACE_s32_session0_lamp,15,170,20.666666666666668,-0.4949725866317749,-0.8981831092562365
COHFACE_s32_session0_lamp,15,171,20.7,-0.6135607361793518,-0.9735348777457107
COHFACE_s32_session0_lamp,15,172,20.733333333333334,-0.732596755027771,-1.0336215716098436
COHFACE_s32_session0_lamp,15,173,20.766666666666666,-0.8498567938804626,-1.0775303293701468
COHFACE_s32_session0_lamp,15,174,20.8,-0.9501448273658752,-1.0949726698834858
COHFACE_s32_session0_lamp,15,175,20.833333333333332,-1.0375686883926392,-1.0661075193566507
COHFACE_s32_session0_lamp,15,176,20.866666666666667,-1.1221508979797363,-0.9664930023028094
COHFACE_s32_session0_lamp,15,177,20.9,-1.214686393737793,-0.7762449214365514
COHFACE_s32_session0_lamp,15,178,20.933333333333334,-1.3090442419052124,-0.4898927299834524
COHFACE_s32_session0_lamp,15,179,20.966666666666665,-1.3793416023254395,-0.12246864557912819
COHFACE_s32_session0_lamp,15,180,21.0,-1.3264333009719849,0.29114115758815445
COHFACE_s32_session0_lamp,15,181,21.033333333333335,-1.011114478111267,0.7035789151752114
COHFACE_s32_session0_lamp,15,182,21.066666666666666,-0.5675709843635559,1.0663669458261584
COHFACE_s32_session0_lamp,15,183,21.1,-0.2067410945892334,1.3410766794412643
COHFACE_s32_session0_lamp,15,184,21.133333333333333,0.0656302347779274,1.5065448787011673
COHFACE_s32_session0_lamp,15,185,21.166666666666668,0.2839813232421875,1.5601852988026619
COHFACE_s32_session0_lamp,15,186,21.2,0.4156962037086487,1.5138796831265076
COHFACE_s32_session0_lamp,15,187,21.233333333333334,0.4206380248069763,1.3870136025132571
COHFACE_s32_session0_lamp,15,188,21.266666666666666,0.3497074842453003,1.200078050356236
COHFACE_s32_session0_lamp,15,189,21.3,0.31307628750801086,0.9713501957815224
COHFACE_s32_session0_lamp,15,190,21.333333333333332,0.30096882581710815,0.7168839930096833
COHFACE_s32_session0_lamp,15,191,21.366666666666667,0.2740050256252289,0.45199218045064926
COHFACE_s32_session0_lamp,15,192,21.4,0.2113829404115677,0.19199935770078988
COHFACE_s32_session0_lamp,15,193,21.433333333333334,0.11231496185064316,-0.04882442627922422
COHFACE_s32_session0_lamp,15,194,21.466666666666665,-0.018025463446974754,-0.2596459178108063
COHFACE_s32_session0_lamp,15,195,21.5,-0.14711499214172363,-0.43530739728280265
COHFACE_s32_session0_lamp,15,196,21.533333333333335,-0.27140167355537415,-0.5771558614530784
COHFACE_s32_session0_lamp,15,197,21.566666666666666,-0.38276243209838867,-0.692073867661086
COHFACE_s32_session0_lamp,15,198,21.6,-0.47837117314338684,-0.7901015873556921
COHFACE_s32_session0_lamp,15,199,21.633333333333333,-0.5803115963935852,-0.8813679551397349
COHFACE_s32_session0_lamp,15,200,21.666666666666668,-0.6852325201034546,-0.9730045436634933
COHFACE_s32_session0_lamp,15,201,21.7,-0.7817369699478149,-1.0666228433047924
COHFACE_s32_session0_lamp,15,202,21.733333333333334,-0.8816388845443726,-1.1569816939042648
COHFACE_s32_session0_lamp,15,203,21.766666666666666,-0.9804134368896484,-1.2324066106286093
COHFACE_s32_session0_lamp,15,204,21.8,-1.068424105644226,-1.2770753234554308
COHFACE_s32_session0_lamp,15,205,21.833333333333332,-1.1513848304748535,-1.274604062653683
COHFACE_s32_session0_lamp,15,206,21.866666666666667,-1.2295582294464111,-1.2118281289050812
COHFACE_s32_session0_lamp,15,207,21.9,-1.3120710849761963,-1.0815671840921166
COHFACE_s32_session0_lamp,15,208,21.933333333333334,-1.3962981700897217,-0.8835987036345233
COHFACE_s32_session0_lamp,15,209,21.966666666666665,-1.4017959833145142,-0.6238563320909175
COHFACE_s32_session0_lamp,15,210,22.0,-1.2001852989196777,-0.31265391250975627
COHFACE_s32_session0_lamp,15,211,22.033333333333335,-0.8045310974121094,0.03691100227646977
COHFACE_s32_session0_lamp,15,212,22.066666666666666,-0.4396705627441406,0.4095219874886206
COHFACE_s32_session0_lamp,15,213,22.1,-0.18816295266151428,0.7871138392002118
COHFACE_s32_session0_lamp,15,214,22.133333333333333,-0.001949115190654993,1.1480244155959864
COHFACE_s32_session0_lamp,15,215,22.166666666666668,0.12507101893424988,1.466998322010547
COHFACE_s32_session0_lamp,15,216,22.2,0.1369313895702362,1.7169323352302224
COHFACE_s32_session0_lamp,15,217,22.233333333333334,0.05389341711997986,1.872574246839804
COHFACE_s32_session0_lamp,15,218,22.266666666666666,0.0008152136579155922,1.9156460716470878
COHFACE_s32_session0_lamp,15,219,22.3,-0.006921818479895592,1.8400233052674444
COHFACE_s32_session0_lamp,15,220,22.333333333333332,-0.015461896546185017,1.654824926207877
COHFACE_s32_session0_lamp,15,221,22.366666666666667,-0.05945951119065285,1.3833825092313456
COHFACE_s32_session0_lamp,15,222,22.4,-0.1443815529346466,1.0576067059334338
COHFACE_s32_session0_lamp,15,223,22.433333333333334,-0.2413492649793625,0.709615619695628
COHFACE_s32_session0_lamp,15,224,22.466666666666665,-0.33667999505996704,0.3642511651815297
COHFACE_s32_session0_lamp,15,225,22.5,-0.44200247526168823,0.03591734044396104
COHFACE_s32_session0_lamp,15,226,22.533333333333335,-0.5435876846313477,-0.26922041262069496
COHFACE_s32_session0_lamp,15,227,22.566666666666666,-0.6263167858123779,-0.5476286079227759
COHFACE_s32_session0_lamp,15,228,22.6,-0.708258330821991,-0.7929702508207889
COHFACE_s32_session0_lamp,15,229,22.633333333333333,-0.7936127781867981,-0.9939615181225083
COHFACE_s32_session0_lamp,15,230,22.666666666666668,-0.8848356008529663,-1.1365919285145614
COHFACE_s32_session0_lamp,15,231,22.7,-0.9785448312759399,-1.2093725871311671
COHFACE_s32_session0_lamp,15,232,22.733333333333334,-1.0469425916671753,-1.2087798313355234
COHFACE_s32_session0_lamp,15,233,22.766666666666666,-1.1163597106933594,-1.1420827726812088
COHFACE_s32_session0_lamp,15,234,22.8,-1.1857768297195435,-1.0261301111476522
COHFACE_s32_session0_lamp,15,235,22.833333333333332,-1.2451249361038208,-0.8826401397825315
COHFACE_s32_session0_lamp,15,236,22.866666666666667,-1.320564866065979,-0.7320783464115207
COHFACE_s32_session0_lamp,15,237,22.9,-1.379851222038269,-0.5885430723363094
COHFACE_s32_session0_lamp,15,238,22.933333333333334,-1.3478375673294067,-0.4571941253126062
COHFACE_s32_session0_lamp,15,239,22.966666666666665,-1.0495370626449585,-0.33465161578752933
COHFACE_s32_session0_lamp,16,0,16.0,0.767198383808136,0.15267296736313843
COHFACE_s32_session0_lamp,16,1,16.033333333333335,0.9623538255691528,0.15555419340506293
COHFACE_s32_session0_lamp,16,2,16.066666666666666,1.0884164571762085,0.1626131092261191
COHFACE_s32_session0_lamp,16,3,16.1,1.0827487707138062,0.17885748067440382
COHFACE_s32_session0_lamp,16,4,16.133333333333333,1.0466117858886719,0.20468196255069335
COHFACE_s32_session0_lamp,16,5,16.166666666666668,1.0525110960006714,0.23527233707261094
COHFACE_s32_session0_lamp,16,6,16.2,1.0560166835784912,0.26166443636444814
COHFACE_s32_session0_lamp,16,7,16.233333333333334,1.0126367807388306,0.27310488956480317
COHFACE_s32_session0_lamp,16,8,16.266666666666666,0.9299694895744324,0.2599958188649096
COHFACE_s32_session0_lamp,16,9,16.3,0.8215892314910889,0.21657074108873056
COHFACE_s32_session0_lamp,16,10,16.333333333333332,0.698399007320404,0.14237788893366018
COHFACE_s32_session0_lamp,16,11,16.366666666666667,0.5777105689048767,0.04192749156400821
COHFACE_s32_session0_lamp,16,12,16.4,0.45572492480278015,-0.07731626330949948
COHFACE_s32_session0_lamp,16,13,16.433333333333334,0.33468127250671387,-0.20749181438565603
COHFACE_s32_session0_lamp,16,14,16.466666666666665,0.2277527153491974,-0.3419819651051069
COHFACE_s32_session0_lamp,16,15,16.5,0.1171950027346611,-0.4752738455062827
COHFACE_s32_session0_lamp,16,16,16.533333333333335,-0.010257544927299023,-0.6014704239354055
COHFACE_s32_session0_lamp,16,17,16.566666666666666,-0.12330161035060883,-0.7128939556547628
COHFACE_s32_session0_lamp,16,18,16.6,-0.22063995897769928,-0.800091133135601
COHFACE_s32_session0_lamp,16,19,16.633333333333333,-0.33538275957107544,-0.8534407646019239
COHFACE_s32_session0_lamp,16,20,16.666666666666668,-0.43929991126060486,-0.8653318394773042
COHFACE_s32_session0_lamp,16,21,16.7,-0.5194191336631775,-0.83150131150246
COHFACE_s32_session0_lamp,16,22,16.733333333333334,-0.5939170122146606,-0.7509450385004921
COHFACE_s32_session0_lamp,16,23,16.766666666666666,-0.6875026822090149,-0.6250467466700542
COHFACE_s32_session0_lamp,16,24,16.8,-0.766355574131012,-0.45711941403882733
COHFACE_s32_session0_lamp,16,25,16.833333333333332,-0.7175859808921814,-0.2529985322524421
COHFACE_s32_session0_lamp,16,26,16.866666666666667,-0.3877505958080292,-0.022109442952213353
COHFACE_s32_session0_lamp,16,27,16.9,0.11413725465536118,0.22228313347308568
COHFACE_s32_session0_lamp,16,28,16.933333333333334,0.5475963950157166,0.46439238329443927
COHFACE_s32_session0_lamp,16,29,16.966666666666665,0.894496500492096,0.6883719237881715
COHFACE_s32_session0_lamp,16,30,17.0,1.20640230178833,0.8807842680426334
COHFACE_s32_session0_lamp,16,31,17.033333333333335,1.4752063751220703,1.0320997932903901
COHFACE_s32_session0_lamp,16,32,17.066666666666666,1.6355218887329102,1.1370200940655
COHFACE_s32_session0_lamp,16,33,17.1,1.6449577808380127,1.1940376421124783
COHFACE_s32_session0_lamp,16,34,17.133333333333333,1.5880805253982544,1.2046137834601376
COHFACE_s32_session0_lamp,16,35,17.166666666666668,1.5536422729492188,1.1720598302008494
COHFACE_s32_session0_lamp,16,36,17.2,1.5304311513900757,1.1002114651664014
COHFACE_s32_session0_lamp,16,37,17.233333333333334,1.4608286619186401,0.9922956981712838
COHFACE_s32_session0_lamp,16,38,17.266666666666666,1.3393372297286987,0.8506231165282
COHFACE_s32_session0_lamp,16,39,17.3,1.2062634229660034,0.6774973097478705
COHFACE_s32_session0_lamp,16,40,17.333333333333332,1.0651744604110718,0.4769720045025818
COHFACE_s32_session0_lamp,16,41,17.366666666666667,0.9151285886764526,0.2563486515509469
COHFACE_s32_session0_lamp,16,42,17.4,0.7756303548812866,0.026220478470392782
COHFACE_s32_session0_lamp,16,43,17.433333333333334,0.6222178339958191,-0.20141060557216856
COHFACE_s32_session0_lamp,16,44,17.466666666666665,0.48083552718162537,-0.41624793508725244
COHFACE_s32_session0_lamp,16,45,17.5,0.3493059575557709,-0.6124584797201693
COHFACE_s32_session0_lamp,16,46,17.533333333333335,0.2137148678302765,-0.7895123942621699
COHFACE_s32_session0_lamp,16,47,17.566666666666666,0.07959086447954178,-0.9505642005322509
COHFACE_s32_session0_lamp,16,48,17.6,-0.04333683103322983,-1.0992722892276505
COHFACE_s32_session0_lamp,16,49,17.633333333333333,-0.1681794822216034,-1.236655615508653
COHFACE_s32_session0_lamp,16,50,17.666666666666668,-0.2989214360713959,-1.359001237107877
COHFACE_s32_session0_lamp,16,51,17.7,-0.4093864858150482,-1.4569202979405584
COHFACE_s32_session0_lamp,16,52,17.733333333333334,-0.5152803659439087,-1.5154970019252287
COHFACE_s32_session0_lamp,16,53,17.766666666666666,-0.618765115737915,-1.5159097801403638
COHFACE_s32_session0_lamp,16,54,17.8,-0.7149760723114014,-1.4390615022921072
COHFACE_s32_session0_lamp,16,55,17.833333333333332,-0.790941059589386,-1.2709664890191568
COHFACE_s32_session0_lamp,16,56,17.866666666666667,-0.7128294706344604,-1.0081550267788024
COHFACE_s32_session0_lamp,16,57,17.9,-0.3358615040779114,-0.6606741543824699
COHFACE_s32_session0_lamp,16,58,17.933333333333334,0.18801741302013397,-0.25138953588751556
COHFACE_s32_session0_lamp,16,59,17.966666666666665,0.6337693333625793,0.18785133112896266
COHFACE_s32_session0_lamp,16,60,18.0,0.9817041158676147,0.6216021852670726
COHFACE_s32_session0_lamp,16,61,18.033333333333335,1.2952314615249634,1.0161957073008603
COHFACE_s32_session0_lamp,16,62,18.066666666666666,1.5377975702285767,1.3441101623967473
COHFACE_s32_session0_lamp,16,63,18.1,1.6252676248550415,1.586786202202526
COHFACE_s32_session0_lamp,16,64,18.133333333333333,1.5741199254989624,1.735534994276678
COHFACE_s32_session0_lamp,16,65,18.166666666666668,1.5056911706924438,1.7904357178699137
COHFACE_s32_session0_lamp,16,66,18.2,1.4820168018341064,1.7577553770556824
COHFACE_s32_session0_lamp,16,67,18.233333333333334,1.4420498609542847,1.6470633299566453
COHFACE_s32_session0_lamp,16,68,18.266666666666666,1.3563556671142578,1.4692942579089077
COHFACE_s32_session0_lamp,16,69,18.3,1.2310032844543457,1.2363722485691622
COHFACE_s32_session0_lamp,16,70,18.333333333333332,1.0854822397232056,0.9619473032561932
COHFACE_s32_session0_lamp,16,71,18.366666666666667,0.9315909743309021,0.6619835379868734
COHFACE_s32_session0_lamp,16,72,18.4,0.775120735168457,0.35397127760925395
COHFACE_s32_session0_lamp,16,73,18.433333333333334,0.6270206570625305,0.05450529379899228
COHFACE_s32_session0_lamp,16,74,18.466666666666665,0.49363791942596436,-0.2236645284837821
COHFACE_s32_session0_lamp,16,75,18.5,0.369459331035614,-0.4733209050600681
COHFACE_s32_session0_lamp,16,76,18.533333333333335,0.23303428292274475,-0.6921103601469618
COHFACE_s32_session0_lamp,16,77,18.566666666666666,0.09511125832796097,-0.8800259842571085
COHFACE_s32_session0_lamp,16,78,18.6,-0.02647288143634796,-1.0368595188560954
COHFACE_s32_session0_lamp,16,79,18.633333333333333,-0.1525973230600357,-1.1612433928170662
COHFACE_s32_session0_lamp,16,80,18.666666666666668,-0.27961745858192444,-1.251174998168653
COHFACE_s32_session0_lamp,16,81,18.7,-0.397989422082901,-1.3045553391366318
COHFACE_s32_session0_lamp,16,82,18.733333333333334,-0.4998989403247833,-1.3188283128569727
COHFACE_s32_session0_lamp,16,83,18.766666666666666,-0.5970519781112671,-1.2903403340443997
COHFACE_s32_session0_lamp,16,84,18.8,-0.6969538927078247,-1.2147508607406647
COHFACE_s32_session0_lamp,16,85,18.833333333333332,-0.7975044250488281,-1.0890125045419585
COHFACE_s32_session0_lamp,16,86,18.866666666666667,-0.8890824913978577,-0.9137784095891144
COHFACE_s32_session0_lamp,16,87,18.9,-0.9287405610084534,-0.6943381304021853
COHFACE_s32_session0_lamp,16,88,18.933333333333334,-0.7500011920928955,-0.4393786504076789
COHFACE_s32_session0_lamp,16,89,18.966666666666665,-0.30939191579818726,-0.1588447883751372
COHFACE_s32_session0_lamp,16,90,19.0,0.18576271831989288,0.1369776082843774
COHFACE_s32_session0_lamp,16,91,19.033333333333335,0.5925669074058533,0.4361783972846083
COHFACE_s32_session0_lamp,16,92,19.066666666666666,0.9270970225334167,0.7231362838877863
COHFACE_s32_session0_lamp,16,93,19.1,1.2013061046600342,0.9782850288547903
COHFACE_s32_session0_lamp,16,94,19.133333333333333,1.3736828565597534,1.1810344168097917
COHFACE_s32_session0_lamp,16,95,19.166666666666668,1.3898673057556152,1.314604790228115
COHFACE_s32_session0_lamp,16,96,19.2,1.304898977279663,1.3701297000364812
COHFACE_s32_session0_lamp,16,97,19.233333333333334,1.247280478477478,1.3479631560910939
COHFACE_s32_session0_lamp,16,98,19.266666666666666,1.2313740253448486,1.256045799986366
COHFACE_s32_session0_lamp,16,99,19.3,1.1751298904418945,1.1068479752708458
COHFACE_s32_session0_lamp,16,100,19.333333333333332,1.063552975654602,0.9145987134411901
COHFACE_s32_session0_lamp,16,101,19.366666666666667,0.9289965629577637,0.6935210441852468
COHFACE_s32_session0_lamp,16,102,19.4,0.7823944687843323,0.4567375742085583
COHFACE_s32_session0_lamp,16,103,19.433333333333334,0.6344488263130188,0.21531958278540972
COHFACE_s32_session0_lamp,16,104,19.466666666666665,0.4878312647342682,-0.02231950732328805
COHFACE_s32_session0_lamp,16,105,19.5,0.33841854333877563,-0.24999403162742087
COHFACE_s32_session0_lamp,16,106,19.533333333333335,0.1974223107099533,-0.4622301323627603
COHFACE_s32_session0_lamp,16,107,19.566666666666666,0.07667210698127747,-0.6526809711327654
COHFACE_s32_session0_lamp,16,108,19.6,-0.044726718217134476,-0.8137786962436552
COHFACE_s32_session0_lamp,16,109,19.633333333333333,-0.1784028708934784,-0.9380845642293517
COHFACE_s32_session0_lamp,16,110,19.666666666666668,-0.30834177136421204,-1.0204001093117845
COHFACE_s32_session0_lamp,16,111,19.7,-0.4290302097797394,-1.058976998623424
COHFACE_s32_session0_lamp,16,112,19.733333333333334,-0.5553708672523499,-1.054873532336953
COHFACE_s32_session0_lamp,16,113,19.766666666666666,-0.6761828064918518,-1.0100074714255491
COHFACE_s32_session0_lamp,16,114,19.8,-0.7802080512046814,-0.9255029160624995
COHFACE_s32_session0_lamp,16,115,19.833333333333332,-0.8734848499298096,-0.801715606501337
COHFACE_s32_session0_lamp,16,116,19.866666666666667,-0.9642753005027771,-0.6399607273992123
COHFACE_s32_session0_lamp,16,117,19.9,-1.059250831604004,-0.44462978103673323
COHFACE_s32_session0_lamp,16,118,19.933333333333334,-1.1568362712860107,-0.22418383446486576
COHFACE_s32_session0_lamp,16,119,19.966666666666665,-1.1947184801101685,0.009572383381209545
COHFACE_s32_session0_lamp,16,120,20.0,-0.9984201788902283,0.24331055923536293
COHFACE_s32_session0_lamp,16,121,20.033333333333335,-0.5582278370857239,0.4639051204720889
COHFACE_s32_session0_lamp,16,122,20.066666666666666,-0.10282395780086517,0.6593707506340332
COHFACE_s32_session0_lamp,16,123,20.1,0.241219162940979,0.8192176537392527
COHFACE_s32_session0_lamp,16,124,20.133333333333333,0.5227946639060974,0.9348507333401624
COHFACE_s32_session0_lamp,16,125,20.166666666666668,0.740404486656189,1.0003273633750387
COHFACE_s32_session0_lamp,16,126,20.2,0.8449393510818481,1.0131320755944666
COHFACE_s32_session0_lamp,16,127,20.233333333333334,0.8128020763397217,0.9743815157121727
COHFACE_s32_session0_lamp,16,128,20.266666666666666,0.7450991868972778,0.8883784186812704
COHFACE_s32_session0_lamp,16,129,20.3,0.7221660614013672,0.7620006552424743
COHFACE_s32_session0_lamp,16,130,20.333333333333332,0.7075104713439941,0.6043043148771868
COHFACE_s32_session0_lamp,16,131,20.366666666666667,0.6415063738822937,0.42615240225498635
COHFACE_s32_session0_lamp,16,132,20.4,0.5285086035728455,0.2393221054466747
COHFACE_s32_session0_lamp,16,133,20.433333333333334,0.40201354026794434,0.05483050841800144
COHFACE_s32_session0_lamp,16,134,20.466666666666665,0.2587317228317261,-0.11896862595956548
COHFACE_s32_session0_lamp,16,135,20.5,0.11696335673332214,-0.2773997469666499
COHFACE_s32_session0_lamp,16,136,20.533333333333335,-0.014195555821061134,-0.418838889857237
COHFACE_s32_session0_lamp,16,137,20.566666666666666,-0.14461319148540497,-0.5428457049385399
COHFACE_s32_session0_lamp,16,138,20.6,-0.25853753089904785,-0.6485454967110086
COHFACE_s32_session0_lamp,16,139,20.633333333333333,-0.3730023503303528,-0.734618584031191
COHFACE_s32_session0_lamp,16,140,20.666666666666668,-0.4949725866317749,-0.8006513889240224
COHFACE_s32_session0_lamp,16,141,20.7,-0.6135607361793518,-0.848084373217405
COHFACE_s32_session0_lamp,16,142,20.733333333333334,-0.732596755027771,-0.8791399978132036
COHFACE_s32_session0_lamp,16,143,20.766666666666666,-0.8498567938804626,-0.893753433667564
COHFACE_s32_session0_lamp,16,144,20.8,-0.9501448273658752,-0.8863511411967612
COHFACE_s32_session0_lamp,16,145,20.833333333333332,-1.0375686883926392,-0.8449528489189237
COHFACE_s32_session0_lamp,16,146,20.866666666666667,-1.1221508979797363,-0.7539491847549292
COHFACE_s32_session0_lamp,16,147,20.9,-1.214686393737793,-0.5998610701177179
COHFACE_s32_session0_lamp,16,148,20.933333333333334,-1.3090442419052124,-0.3777679668706556
COHFACE_s32_session0_lamp,16,149,20.966666666666665,-1.3793416023254395,-0.09572144734844086
COHFACE_s32_session0_lamp,16,150,21.0,-1.3264333009719849,0.22462698294789357
COHFACE_s32_session0_lamp,16,151,21.033333333333335,-1.011114478111267,0.5514921766603017
COHFACE_s32_session0_lamp,16,152,21.066666666666666,-0.5675709843635559,0.8495609249919653
COHFACE_s32_session0_lamp,16,153,21.1,-0.2067410945892334,1.0877906604795025
COHFACE_s32_session0_lamp,16,154,21.133333333333333,0.0656302347779274,1.2457886605826065
COHFACE_s32_session0_lamp,16,155,21.166666666666668,0.2839813232421875,1.3164866258707408
COHFACE_s32_session0_lamp,16,156,21.2,0.4156962037086487,1.3044816799470378
COHFACE_s32_session0_lamp,16,157,21.233333333333334,0.4206380248069763,1.221511380695036
COHFACE_s32_session0_lamp,16,158,21.266666666666666,0.3497074842453003,1.0817471570919865
COHFACE_s32_session0_lamp,16,159,21.3,0.31307628750801086,0.899146994970081
COHFACE_s32_session0_lamp,16,160,21.333333333333332,0.30096882581710815,0.6872654523839574
COHFACE_s32_session0_lamp,16,161,21.366666666666667,0.2740050256252289,0.4601140314123202
COHFACE_s32_session0_lamp,16,162,21.4,0.2113829404115677,0.23222767672847758
COHFACE_s32_session0_lamp,16,163,21.433333333333334,0.11231496185064316,0.017020077150942448
COHFACE_s32_session0_lamp,16,164,21.466666666666665,-0.018025463446974754,-0.17605093252904372
COHFACE_s32_session0_lamp,16,165,21.5,-0.14711499214172363,-0.3439507387190335
COHFACE_s32_session0_lamp,16,166,21.533333333333335,-0.27140167355537415,-0.4905677173743988
COHFACE_s32_session0_lamp,16,167,21.566666666666666,-0.38276243209838867,-0.624600547594069
COHFACE_s32_session0_lamp,16,168,21.6,-0.47837117314338684,-0.7555662816482864
COHFACE_s32_session0_lamp,16,169,21.633333333333333,-0.5803115963935852,-0.8895043905595365
COHFACE_s32_session0_lamp,16,170,21.666666666666668,-0.6852325201034546,-1.0257440296588411
COHFACE_s32_session0_lamp,16,171,21.7,-0.7817369699478149,-1.155425177845259
COHFACE_s32_session0_lamp,16,172,21.733333333333334,-0.8816388845443726,-1.2620604797501318
COHFACE_s32_session0_lamp,16,173,21.766666666666666,-0.9804134368896484,-1.3242301646115513
COHFACE_s32_session0_lamp,16,174,21.8,-1.068424105644226,-1.3201353921418966
COHFACE_s32_session0_lamp,16,175,21.833333333333332,-1.1513848304748535,-1.2331303434270853
COHFACE_s32_session0_lamp,16,176,21.866666666666667,-1.2295582294464111,-1.0567518483035812
COHFACE_s32_session0_lamp,16,177,21.9,-1.3120710849761963,-0.7975660272653428
COHFACE_s32_session0_lamp,16,178,21.933333333333334,-1.3962981700897217,-0.4746541734074657
COHFACE_s32_session0_lamp,16,179,21.966666666666665,-1.4017959833145142,-0.11571297487439859
COHFACE_s32_session0_lamp,16,180,22.0,-1.2001852989196777,0.2489024699544761
COHFACE_s32_session0_lamp,16,181,22.033333333333335,-0.8045310974121094,0.592065835722034
COHFACE_s32_session0_lamp,16,182,22.066666666666666,-0.4396705627441406,0.8938095270828004
COHFACE_s32_session0_lamp,16,183,22.1,-0.18816295266151428,1.1424019742550702
COHFACE_s32_session0_lamp,16,184,22.133333333333333,-0.001949115190654993,1.3328031958566244
COHFACE_s32_session0_lamp,16,185,22.166666666666668,0.12507101893424988,1.463565824978931
COHFACE_s32_session0_lamp,16,186,22.2,0.1369313895702362,1.5336217760062145
COHFACE_s32_session0_lamp,16,187,22.233333333333334,0.05389341711997986,1.540337391520143
COHFACE_s32_session0_lamp,16,188,22.266666666666666,0.0008152136579155922,1.479779472465138
COHFACE_s32_session0_lamp,16,189,22.3,-0.006921818479895592,1.3492240425768045
COHFACE_s32_session0_lamp,16,190,22.333333333333332,-0.015461896546185017,1.1507049538147072
COHFACE_s32_session0_lamp,16,191,22.366666666666667,-0.05945951119065285,0.8935160143621464
COHFACE_s32_session0_lamp,16,192,22.4,-0.1443815529346466,0.5937973578662079
COHFACE_s32_session0_lamp,16,193,22.433333333333334,-0.2413492649793625,0.270940363002974
COHFACE_s32_session0_lamp,16,194,22.466666666666665,-0.33667999505996704,-0.05719121529852943
COHFACE_s32_session0_lamp,16,195,22.5,-0.44200247526168823,-0.3772069944791916
COHFACE_s32_session0_lamp,16,196,22.533333333333335,-0.5435876846313477,-0.67966807810954
COHFACE_s32_session0_lamp,16,197,22.566666666666666,-0.6263167858123779,-0.9559930678579839
COHFACE_s32_session0_lamp,16,198,22.6,-0.708258330821991,-1.1953157749024619
COHFACE_s32_session0_lamp,16,199,22.633333333333333,-0.7936127781867981,-1.3836119569395682
COHFACE_s32_session0_lamp,16,200,22.666666666666668,-0.8848356008529663,-1.5057231644261597
COHFACE_s32_session0_lamp,16,201,22.7,-0.9785448312759399,-1.5490583658014587
COHFACE_s32_session0_lamp,16,202,22.733333333333334,-1.0469425916671753,-1.5070054289416617
COHFACE_s32_session0_lamp,16,203,22.766666666666666,-1.1163597106933594,-1.3806387729539673
COHFACE_s32_session0_lamp,16,204,22.8,-1.1857768297195435,-1.178538690861378
COHFACE_s32_session0_lamp,16,205,22.833333333333332,-1.2451249361038208,-0.9155007061661103
COHFACE_s32_session0_lamp,16,206,22.866666666666667,-1.320564866065979,-0.6109816235400829
COHFACE_s32_session0_lamp,16,207,22.9,-1.379851222038269,-0.2874742267812903
COHFACE_s32_session0_lamp,16,208,22.933333333333334,-1.3478375673294067,0.031644234602185094
COHFACE_s32_session0_lamp,16,209,22.966666666666665,-1.0495370626449585,0.3250518491145876
COHFACE_s32_session0_lamp,16,210,23.0,-0.5960481762886047,0.576418148723314
COHFACE_s32_session0_lamp,16,211,23.033333333333335,-0.2244698703289032,0.775986775769492
COHFACE_s32_session0_lamp,16,212,23.066666666666666,0.01726219803094864,0.920336770019433
COHFACE_s32_session0_lamp,16,213,23.1,0.19317543506622314,1.0110752981082667
COHFACE_s32_session0_lamp,16,214,23.133333333333333,0.32484397292137146,1.0533901842241946
COHFACE_s32_session0_lamp,16,215,23.166666666666668,0.3709264099597931,1.054726260156859
COHFACE_s32_session0_lamp,16,216,23.2,0.3234540820121765,1.023314517323948
COHFACE_s32_session0_lamp,16,217,23.233333333333334,0.28330183029174805,0.9664705202515278
COHFACE_s32_session0_lamp,16,218,23.266666666666666,0.2981581687927246,0.8893042557323954
COHFACE_s32_session0_lamp,16,219,23.3,0.30672913789749146,0.794721315574548
COHFACE_s32_session0_lamp,16,220,23.333333333333332,0.27263060212135315,0.6847206411419098
COHFACE_s32_session0_lamp,16,221,23.366666666666667,0.2003874033689499,0.561868789165233
COHFACE_s32_session0_lamp,16,222,23.4,0.09491049498319626,0.42964547405046555
COHFACE_s32_session0_lamp,16,223,23.433333333333334,-0.019307248294353485,0.291323875220624
COHFACE_s32_session0_lamp,16,224,23.466666666666665,-0.1274867057800293,0.14843775455102773
COHFACE_s32_session0_lamp,16,225,23.5,-0.22541190683841705,0.0004202513393577502
COHFACE_s32_session0_lamp,16,226,23.533333333333335,-0.31702083349227905,-0.1539519032549691
COHFACE_s32_session0_lamp,16,227,23.566666666666666,-0.4113014340400696,-0.3141525823167541
COHFACE_s32_session0_lamp,16,228,23.6,-0.5157127380371094,-0.47605448132747263
COHFACE_s32_session0_lamp,16,229,23.633333333333333,-0.6151977181434631,-0.6316587646933749
COHFACE_s32_session0_lamp,16,230,23.666666666666668,-0.7160416841506958,-0.7703075677020008
COHFACE_s32_session0_lamp,16,231,23.7,-0.8193565607070923,-0.8804760475696193
COHFACE_s32_session0_lamp,16,232,23.733333333333334,-0.9100080132484436,-0.951366316984717
COHFACE_s32_session0_lamp,16,233,23.766666666666666,-0.9842124581336975,-0.9742061126434653
COHFACE_s32_session0_lamp,16,234,23.8,-1.0680071115493774,-0.9435969475029026
COHFACE_s32_session0_lamp,16,235,23.833333333333332,-1.1505354642868042,-0.858975451415612
COHFACE_s32_session0_lamp,16,236,23.866666666666667,-1.2287242412567139,-0.7254799752518296
COHFACE_s32_session0_lamp,16,237,23.9,-1.2615718841552734,-0.5533044478449031
COHFACE_s32_session0_lamp,16,238,23.933333333333334,-1.078817367553711,-0.35558978898465876
COHFACE_s32_session0_lamp,16,239,23.966666666666665,-0.6192747354507446,-0.14614576567306667
COHFACE_s32_session0_lamp,17,0,17.0,1.20640230178833,0.17321924841281156
COHFACE_s32_session0_lamp,17,1,17.033333333333335,1.4752063751220703,0.2521516887855445
COHFACE_s32_session0_lamp,17,2,17.066666666666666,1.6355218887329102,0.33064553914896155
COHFACE_s32_session0_lamp,17,3,17.1,1.6449577808380127,0.40951285550698263
COHFACE_s32_session0_lamp,17,4,17.133333333333333,1.5880805253982544,0.4873955884655562
COHFACE_s32_session0_lamp,17,5,17.166666666666668,1.5536422729492188,0.5597413656621436
COHFACE_s32_session0_lamp,17,6,17.2,1.5304311513900757,0.6184801584678017
COHFACE_s32_session0_lamp,17,7,17.233333333333334,1.4608286619186401,0.6529895671960673
COHFACE_s32_session0_lamp,17,8,17.266666666666666,1.3393372297286987,0.6524861236947415
COHFACE_s32_session0_lamp,17,9,17.3,1.2062634229660034,0.6092638252127673
COHFACE_s32_session0_lamp,17,10,17.333333333333332,1.0651744604110718,0.5215980899695679
COHFACE_s32_session0_lamp,17,11,17.366666666666667,0.9151285886764526,0.3950007973377106
COHFACE_s32_session0_lamp,17,12,17.4,0.7756303548812866,0.24103089162223565
COHFACE_s32_session0_lamp,17,13,17.433333333333334,0.6222178339958191,0.07392398710406389
COHFACE_s32_session0_lamp,17,14,17.466666666666665,0.48083552718162537,-0.09356854063630428
COHFACE_s32_session0_lamp,17,15,17.5,0.3493059575557709,-0.25331506865669173
COHFACE_s32_session0_lamp,17,16,17.533333333333335,0.2137148678302765,-0.4027547584741939
COHFACE_s32_session0_lamp,17,17,17.566666666666666,0.07959086447954178,-0.543676077780114
COHFACE_s32_session0_lamp,17,18,17.6,-0.04333683103322983,-0.6796771767364875
COHFACE_s32_session0_lamp,17,19,17.633333333333333,-0.1681794822216034,-0.8133192291957421
COHFACE_s32_session0_lamp,17,20,17.666666666666668,-0.2989214360713959,-0.9436250042408908
COHFACE_s32_session0_lamp,17,21,17.7,-0.4093864858150482,-1.0642339765776676
COHFACE_s32_session0_lamp,17,22,17.733333333333334,-0.5152803659439087,-1.162567469319242
COHFACE_s32_session0_lamp,17,23,17.766666666666666,-0.618765115737915,-1.2205389420830763
COHFACE_s32_session0_lamp,17,24,17.8,-0.7149760723114014,-1.2172256089734856
COHFACE_s32_session0_lamp,17,25,17.833333333333332,-0.790941059589386,-1.133366141397087
COHFACE_s32_session0_lamp,17,26,17.866666666666667,-0.7128294706344604,-0.9567537141900614
COHFACE_s32_session0_lamp,17,27,17.9,-0.3358615040779114,-0.6869513909609688
COHFACE_s32_session0_lamp,17,28,17.933333333333334,0.18801741302013397,-0.33767024705111975
COHFACE_s32_session0_lamp,17,29,17.966666666666665,0.6337693333625793,0.06420032956516863
COHFACE_s32_session0_lamp,17,30,18.0,0.9817041158676147,0.48274705561237724
COHFACE_s32_session0_lamp,17,31,18.033333333333335,1.2952314615249634,0.8791579192785212
COHFACE_s32_session0_lamp,17,32,18.066666666666666,1.5377975702285767,1.2181867596334197
COHFACE_s32_session0_lamp,17,33,18.1,1.6252676248550415,1.4734017397344277
COHFACE_s32_session0_lamp,17,34,18.133333333333333,1.5741199254989624,1.6299817996792467
COHFACE_s32_session0_lamp,17,35,18.166666666666668,1.5056911706924438,1.6845703381385029
COHFACE_s32_session0_lamp,17,36,18.2,1.4820168018341064,1.6428721268010418
COHFACE_s32_session0_lamp,17,37,18.233333333333334,1.4420498609542847,1.5165536021195574
COHFACE_s32_session0_lamp,17,38,18.266666666666666,1.3563556671142578,1.3208815177625202
COHFACE_s32_session0_lamp,17,39,18.3,1.2310032844543457,1.0735430320053647
COHFACE_s32_session0_lamp,17,40,18.333333333333332,1.0854822397232056,0.7939614763744112
COHFACE_s32_session0_lamp,17,41,18.366666666666667,0.9315909743309021,0.5020310207829927
COHFACE_s32_session0_lamp,17,42,18.4,0.775120735168457,0.2158653964755703
COHFACE_s32_session0_lamp,17,43,18.433333333333334,0.6270206570625305,-0.05081492953245874
COHFACE_s32_session0_lamp,17,44,18.466666666666665,0.49363791942596436,-0.2905362148269894
COHFACE_s32_session0_lamp,17,45,18.5,0.369459331035614,-0.5022487059168673
COHFACE_s32_session0_lamp,17,46,18.533333333333335,0.23303428292274475,-0.6895629403649114
COHFACE_s32_session0_lamp,17,47,18.566666666666666,0.09511125832796097,-0.8576540373126628
COHFACE_s32_session0_lamp,17,48,18.6,-0.02647288143634796,-1.0101517817130372
COHFACE_s32_session0_lamp,17,49,18.633333333333333,-0.1525973230600357,-1.1472062166393204
COHFACE_s32_session0_lamp,17,50,18.666666666666668,-0.27961745858192444,-1.2648570053037822
COHFACE_s32_session0_lamp,17,51,18.7,-0.397989422082901,-1.3549682342759446
COHFACE_s32_session0_lamp,17,52,18.733333333333334,-0.4998989403247833,-1.4052998197869566
COHFACE_s32_session0_lamp,17,53,18.766666666666666,-0.5970519781112671,-1.4002938563454772
COHFACE_s32_session0_lamp,17,54,18.8,-0.6969538927078247,-1.3236924319637433
COHFACE_s32_session0_lamp,17,55,18.833333333333332,-0.7975044250488281,-1.1633800911743346
COHFACE_s32_session0_lamp,17,56,18.866666666666667,-0.8890824913978577,-0.917090265915111
COHFACE_s32_session0_lamp,17,57,18.9,-0.9287405610084534,-0.596326204431773
COHFACE_s32_session0_lamp,17,58,18.933333333333334,-0.7500011920928955,-0.22629946683957933
COHFACE_s32_session0_lamp,17,59,18.966666666666665,-0.30939191579818726,0.158482889996461
COHFACE_s32_session0_lamp,17,60,19.0,0.18576271831989288,0.5214021316682727
COHFACE_s32_session0_lamp,17,61,19.033333333333335,0.5925669074058533,0.8311024618306728
COHFACE_s32_session0_lamp,17,62,19.066666666666666,0.9270970225334167,1.0668072707326774
COHFACE_s32_session0_lamp,17,63,19.1,1.2013061046600342,1.220437313864169
COHFACE_s32_session0_lamp,17,64,19.133333333333333,1.3736828565597534,1.2954925537751318
COHFACE_s32_session0_lamp,17,65,19.166666666666668,1.3898673057556152,1.303464966803052
COHFACE_s32_session0_lamp,17,66,19.2,1.304898977279663,1.2590676313445626
COHFACE_s32_session0_lamp,17,67,19.233333333333334,1.247280478477478,1.1757705397642364
COHFACE_s32_session0_lamp,17,68,19.266666666666666,1.2313740253448486,1.0629564950293848
COHFACE_s32_session0_lamp,17,69,19.3,1.1751298904418945,0.925389344213244
COHFACE_s32_session0_lamp,17,70,19.333333333333332,1.063552975654602,0.7647445717042258
COHFACE_s32_session0_lamp,17,71,19.366666666666667,0.9289965629577637,0.5821284343564118
COHFACE_s32_session0_lamp,17,72,19.4,0.7823944687843323,0.38025913095449426
COHFACE_s32_session0_lamp,17,73,19.433333333333334,0.6344488263130188,0.16444473074242394
COHFACE_s32_session0_lamp,17,74,19.466666666666665,0.4878312647342682,-0.05762137148143689
COHFACE_s32_session0_lamp,17,75,19.5,0.33841854333877563,-0.2766094867588174
COHFACE_s32_session0_lamp,17,76,19.533333333333335,0.1974223107099533,-0.4823256318139956
COHFACE_s32_session0_lamp,17,77,19.566666666666666,0.07667210698127747,-0.6645317132994258
COHFACE_s32_session0_lamp,17,78,19.6,-0.044726718217134476,-0.814168462016939
COHFACE_s32_session0_lamp,17,79,19.633333333333333,-0.1784028708934784,-0.9250156877177168
COHFACE_s32_session0_lamp,17,80,19.666666666666668,-0.30834177136421204,-0.9950326663646046
COHFACE_s32_session0_lamp,17,81,19.7,-0.4290302097797394,-1.0262840721600899
COHFACE_s32_session0_lamp,17,82,19.733333333333334,-0.5553708672523499,-1.0231063349955898
COHFACE_s32_session0_lamp,17,83,19.766666666666666,-0.6761828064918518,-0.9894076048604157
COHFACE_s32_session0_lamp,17,84,19.8,-0.7802080512046814,-0.926672446638544
COHFACE_s32_session0_lamp,17,85,19.833333333333332,-0.8734848499298096,-0.8338263499752518
COHFACE_s32_session0_lamp,17,86,19.866666666666667,-0.9642753005027771,-0.7088580687014504
COHFACE_s32_session0_lamp,17,87,19.9,-1.059250831604004,-0.5510132901989377
COHFACE_s32_session0_lamp,17,88,19.933333333333334,-1.1568362712860107,-0.3623139180894367
COHFACE_s32_session0_lamp,17,89,19.966666666666665,-1.1947184801101685,-0.14796080444754922
COHFACE_s32_session0_lamp,17,90,20.0,-0.9984201788902283,0.08392886938328928
COHFACE_s32_session0_lamp,17,91,20.033333333333335,-0.5582278370857239,0.32256492832409545
COHFACE_s32_session0_lamp,17,92,20.066666666666666,-0.10282395780086517,0.5546136019239418
COHFACE_s32_session0_lamp,17,93,20.1,0.241219162940979,0.764786970348949
COHFACE_s32_session0_lamp,17,94,20.133333333333333,0.5227946639060974,0.937431438233028
COHFACE_s32_session0_lamp,17,95,20.166666666666668,0.740404486656189,1.058977783449775
COHFACE_s32_session0_lamp,17,96,20.2,0.8449393510818481,1.1203938372729976
COHFACE_s32_session0_lamp,17,97,20.233333333333334,0.8128020763397217,1.1186194537175906
COHFACE_s32_session0_lamp,17,98,20.266666666666666,0.7450991868972778,1.0565375702677868
COHFACE_s32_session0_lamp,17,99,20.3,0.7221660614013672,0.9418178081799855
COHFACE_s32_session0_lamp,17,100,20.333333333333332,0.7075104713439941,0.7853243275902112
COHFACE_s32_session0_lamp,17,101,20.366666666666667,0.6415063738822937,0.5995903633665545
COHFACE_s32_session0_lamp,17,102,20.4,0.5285086035728455,0.3974353770099944
COHFACE_s32_session0_lamp,17,103,20.433333333333334,0.40201354026794434,0.1906091040480151
COHFACE_s32_session0_lamp,17,104,20.466666666666665,0.2587317228317261,-0.01140379036131282
COHFACE_s32_session0_lamp,17,105,20.5,0.11696335673332214,-0.20196671691486884
COHFACE_s32_session0_lamp,17,106,20.533333333333335,-0.014195555821061134,-0.376906195298057
COHFACE_s32_session0_lamp,17,107,20.566666666666666,-0.14461319148540497,-0.5333854223760043
COHFACE_s32_session0_lamp,17,108,20.6,-0.25853753089904785,-0.6689125435811535
COHFACE_s32_session0_lamp,17,109,20.633333333333333,-0.3730023503303528,-0.7812964746358554
COHFACE_s32_session0_lamp,17,110,20.666666666666668,-0.4949725866317749,-0.8693540517533518
COHFACE_s32_session0_lamp,17,111,20.7,-0.6135607361793518,-0.9332293218958976
COHFACE_s32_session0_lamp,17,112,20.733333333333334,-0.732596755027771,-0.9733593190788511
COHFACE_s32_session0_lamp,17,113,20.766666666666666,-0.8498567938804626,-0.9882657366539993
COHFACE_s32_session0_lamp,17,114,20.8,-0.9501448273658752,-0.9725531899787272
COHFACE_s32_session0_lamp,17,115,20.833333333333332,-1.0375686883926392,-0.9167958797900172
COHFACE_s32_session0_lamp,17,116,20.866666666666667,-1.1221508979797363,-0.8100548211281445
COHFACE_s32_session0_lamp,17,117,20.9,-1.214686393737793,-0.6442920607130671
COHFACE_s32_session0_lamp,17,118,20.933333333333334,-1.3090442419052124,-0.41893331050975824
COHFACE_s32_session0_lamp,17,119,20.966666666666665,-1.3793416023254395,-0.1437154050545559
COHFACE_s32_session0_lamp,17,120,21.0,-1.3264333009719849,0.1613630948826304
COHFACE_s32_session0_lamp,17,121,21.033333333333335,-1.011114478111267,0.4691348172905465
COHFACE_s32_session0_lamp,17,122,21.066666666666666,-0.5675709843635559,0.7505850051705985
COHFACE_s32_session0_lamp,17,123,21.1,-0.2067410945892334,0.9808002286627486
COHFACE_s32_session0_lamp,17,124,21.133333333333333,0.0656302347779274,1.1434896551584925
COHFACE_s32_session0_lamp,17,125,21.166666666666668,0.2839813232421875,1.2324436363311182
COHFACE_s32_session0_lamp,17,126,21.2,0.4156962037086487,1.2497594841148796
COHFACE_s32_session0_lamp,17,127,21.233333333333334,0.4206380248069763,1.202324013888942
COHFACE_s32_session0_lamp,17,128,21.266666666666666,0.3497074842453003,1.098778504935713
COHFACE_s32_session0_lamp,17,129,21.3,0.31307628750801086,0.9484954713880709
COHFACE_s32_session0_lamp,17,130,21.333333333333332,0.30096882581710815,0.7623777630141522
COHFACE_s32_session0_lamp,17,131,21.366666666666667,0.2740050256252289,0.5538568968728562
COHFACE_s32_session0_lamp,17,132,21.4,0.2113829404115677,0.3384102825225877
COHFACE_s32_session0_lamp,17,133,21.433333333333334,0.11231496185064316,0.13108080198716696
COHFACE_s32_session0_lamp,17,134,21.466666666666665,-0.018025463446974754,-0.05705598197494773
COHFACE_s32_session0_lamp,17,135,21.5,-0.14711499214172363,-0.22170963495353735
COHFACE_s32_session0_lamp,17,136,21.533333333333335,-0.27140167355537415,-0.365991490666979
COHFACE_s32_session0_lamp,17,137,21.566666666666666,-0.38276243209838867,-0.49840936987281004
COHFACE_s32_session0_lamp,17,138,21.6,-0.47837117314338684,-0.6289711620491993
COHFACE_s32_session0_lamp,17,139,21.633333333333333,-0.5803115963935852,-0.7648050138957997
COHFACE_s32_session0_lamp,17,140,21.666666666666668,-0.6852325201034546,-0.9066897834018472
COHFACE_s32_session0_lamp,17,141,21.7,-0.7817369699478149,-1.0473890554550753
COHFACE_s32_session0_lamp,17,142,21.733333333333334,-0.8816388845443726,-1.1720832252348141
COHFACE_s32_session0_lamp,17,143,21.766666666666666,-0.9804134368896484,-1.2607899002561624
COHFACE_s32_session0_lamp,17,144,21.8,-1.068424105644226,-1.292450240749138
COHFACE_s32_session0_lamp,17,145,21.833333333333332,-1.1513848304748535,-1.2499765422785727
COHFACE_s32_session0_lamp,17,146,21.866666666666667,-1.2295582294464111,-1.1248980080045212
COHFACE_s32_session0_lamp,17,147,21.9,-1.3120710849761963,-0.9199494674821501
COHFACE_s32_session0_lamp,17,148,21.933333333333334,-1.3962981700897217,-0.6485956527944866
COHFACE_s32_session0_lamp,17,149,21.966666666666665,-1.4017959833145142,-0.3317514986601695
COHFACE_s32_session0_lamp,17,150,22.0,-1.2001852989196777,0.006904470860539413
COHFACE_s32_session0_lamp,17,151,22.033333333333335,-0.8045310974121094,0.34518143726414025
COHFACE_s32_session0_lamp,17,152,22.066666666666666,-0.4396705627441406,0.6647746647753536
COHFACE_s32_session0_lamp,17,153,22.1,-0.18816295266151428,0.9514182131261021
COHFACE_s32_session0_lamp,17,154,22.133333333333333,-0.001949115190654993,1.1934855394916273
COHFACE_s32_session0_lamp,17,155,22.166666666666668,0.12507101893424988,1.3803238151447452
COHFACE_s32_session0_lamp,17,156,22.2,0.1369313895702362,1.5014669964725467
COHFACE_s32_session0_lamp,17,157,22.233333333333334,0.05389341711997986,1.5472951827679389
COHFACE_s32_session0_lamp,17,158,22.266666666666666,0.0008152136579155922,1.5110803032350844
COHFACE_s32_session0_lamp,17,159,22.3,-0.006921818479895592,1.3917149283869619
COHFACE_s32_session0_lamp,17,160,22.333333333333332,-0.015461896546185017,1.1958271761294825
COHFACE_s32_session0_lamp,17,161,22.366666666666667,-0.05945951119065285,0.9379046591551955
COHFACE_s32_session0_lamp,17,162,22.4,-0.1443815529346466,0.6378358372534112
COHFACE_s32_session0_lamp,17,163,22.433333333333334,-0.2413492649793625,0.3166557654300743
COHFACE_s32_session0_lamp,17,164,22.466666666666665,-0.33667999505996704,-0.007520689968950337
COHFACE_s32_session0_lamp,17,165,22.5,-0.44200247526168823,-0.3213371516916457
COHFACE_s32_session0_lamp,17,166,22.533333333333335,-0.5435876846313477,-0.6151346015601834
COHFACE_s32_session0_lamp,17,167,22.566666666666666,-0.6263167858123779,-0.8801227770159459
COHFACE_s32_session0_lamp,17,168,22.6,-0.708258330821991,-1.1058643608215672
COHFACE_s32_session0_lamp,17,169,22.633333333333333,-0.7936127781867981,-1.2797660416174517
COHFACE_s32_session0_lamp,17,170,22.666666666666668,-0.8848356008529663,-1.3889092263546892
COHFACE_s32_session0_lamp,17,171,22.7,-0.9785448312759399,-1.4231491870823427
COHFACE_s32_session0_lamp,17,172,22.733333333333334,-1.0469425916671753,-1.3778337738123019
COHFACE_s32_session0_lamp,17,173,22.766666666666666,-1.1163597106933594,-1.254950276396672
COHFACE_s32_session0_lamp,17,174,22.8,-1.1857768297195435,-1.0625930306366818
COHFACE_s32_session0_lamp,17,175,22.833333333333332,-1.2451249361038208,-0.8135849016905919
COHFACE_s32_session0_lamp,17,176,22.866666666666667,-1.320564866065979,-0.5242470547441869
COHFACE_s32_session0_lamp,17,177,22.9,-1.379851222038269,-0.21363054719693034
COHFACE_s32_session0_lamp,17,178,22.933333333333334,-1.3478375673294067,0.09742120768392029
COHFACE_s32_session0_lamp,17,179,22.966666666666665,-1.0495370626449585,0.388178331228343
COHFACE_s32_session0_lamp,17,180,23.0,-0.5960481762886047,0.6407185018174455
COHFACE_s32_session0_lamp,17,181,23.033333333333335,-0.2244698703289032,0.842256152750644
COHFACE_s32_session0_lamp,17,182,23.066666666666666,0.01726219803094864,0.9861179795249888
COHFACE_s32_session0_lamp,17,183,23.1,0.19317543506622314,1.0712431123802855
COHFACE_s32_session0_lamp,17,184,23.133333333333333,0.32484397292137146,1.100720321991438
COHFACE_s32_session0_lamp,17,185,23.166666666666668,0.3709264099597931,1.080086710117679
COHFACE_s32_session0_lamp,17,186,23.2,0.3234540820121765,1.0160668380243219
COHFACE_s32_session0_lamp,17,187,23.233333333333334,0.28330183029174805,0.9161095774443427
COHFACE_s32_session0_lamp,17,188,23.266666666666666,0.2981581687927246,0.7885261554444156
COHFACE_s32_session0_lamp,17,189,23.3,0.30672913789749146,0.6425977414216734
COHFACE_s32_session0_lamp,17,190,23.333333333333332,0.27263060212135315,0.4880265754454278
COHFACE_s32_session0_lamp,17,191,23.366666666666667,0.2003874033689499,0.3335113408871233
COHFACE_s32_session0_lamp,17,192,23.4,0.09491049498319626,0.18479329892957924
COHFACE_s32_session0_lamp,17,193,23.433333333333334,-0.019307248294353485,0.043023489576191926
COHFACE_s32_session0_lamp,17,194,23.466666666666665,-0.1274867057800293,-0.09551331960711644
COHFACE_s32_session0_lamp,17,195,23.5,-0.22541190683841705,-0.23773601677637257
COHFACE_s32_session0_lamp,17,196,23.533333333333335,-0.31702083349227905,-0.3906085549279355
COHFACE_s32_session0_lamp,17,197,23.566666666666666,-0.4113014340400696,-0.5577486289455876
COHFACE_s32_session0_lamp,17,198,23.6,-0.5157127380371094,-0.7370237058500491
COHFACE_s32_session0_lamp,17,199,23.633333333333333,-0.6151977181434631,-0.9196876452335033
COHFACE_s32_session0_lamp,17,200,23.666666666666668,-0.7160416841506958,-1.0909590111690615
COHFACE_s32_session0_lamp,17,201,23.7,-0.8193565607070923,-1.2316995505320425
COHFACE_s32_session0_lamp,17,202,23.733333333333334,-0.9100080132484436,-1.321003017761325
COHFACE_s32_session0_lamp,17,203,23.766666666666666,-0.9842124581336975,-1.339633984993333
COHFACE_s32_session0_lamp,17,204,23.8,-1.0680071115493774,-1.2739987504003005
COHFACE_s32_session0_lamp,17,205,23.833333333333332,-1.1505354642868042,-1.1197996794533636
COHFACE_s32_session0_lamp,17,206,23.866666666666667,-1.2287242412567139,-0.8841424304632552
COHFACE_s32_session0_lamp,17,207,23.9,-1.2615718841552734,-0.5850552377932798
COHFACE_s32_session0_lamp,17,208,23.933333333333334,-1.078817367553711,-0.24825587097378746
COHFACE_s32_session0_lamp,17,209,23.966666666666665,-0.6192747354507446,0.0978377237482648
COHFACE_s32_session0_lamp,17,210,24.0,-0.1390073150396347,0.4270751980564397
COHFACE_s32_session0_lamp,17,211,24.033333333333335,0.19913651049137115,0.7188947260487956
COHFACE_s32_session0_lamp,17,212,24.066666666666666,0.44925421476364136,0.9594379556550633
COHFACE_s32_session0_lamp,17,213,24.1,0.6542932987213135,1.1410114544642003
COHFACE_s32_session0_lamp,17,214,24.133333333333333,0.8174967765808105,1.2608037186895453
COHFACE_s32_session0_lamp,17,215,24.166666666666668,0.8810145854949951,1.3195063046515592
COHFACE_s32_session0_lamp,17,216,24.2,0.8432251214981079,1.3201480681412192
COHFACE_s32_session0_lamp,17,217,24.233333333333334,0.8068873286247253,1.2672881320221039
COHFACE_s32_session0_lamp,17,218,24.266666666666666,0.8076749444007874,1.1666836792221078
COHFACE_s32_session0_lamp,17,219,24.3,0.791382372379303,1.025439331099788
COHFACE_s32_session0_lamp,17,220,24.333333333333332,0.7322967648506165,0.8523496532300916
COHFACE_s32_session0_lamp,17,221,24.366666666666667,0.6288738250732422,0.657897669156194
COHFACE_s32_session0_lamp,17,222,24.4,0.5125712752342224,0.45346253089003336
COHFACE_s32_session0_lamp,17,223,24.433333333333334,0.3922225534915924,0.24975484724372843
COHFACE_s32_session0_lamp,17,224,24.466666666666665,0.26052314043045044,0.05508750767309471
COHFACE_s32_session0_lamp,17,225,24.5,0.1343369334936142,-0.12565436426698148
COHFACE_s32_session0_lamp,17,226,24.533333333333335,0.018559426069259644,-0.29081831895608823
COHFACE_s32_session0_lamp,17,227,24.566666666666666,-0.0877668559551239,-0.440695012980597
COHFACE_s32_session0_lamp,17,228,24.6,-0.20372967422008514,-0.5757694669529175
COHFACE_s32_session0_lamp,17,229,24.633333333333333,-0.3182099461555481,-0.6952398286066557
COHFACE_s32_session0_lamp,17,230,24.666666666666668,-0.42810362577438354,-0.7962386197228783
COHFACE_s32_session0_lamp,17,231,24.7,-0.5440201163291931,-0.8738110165092099
COHFACE_s32_session0_lamp,17,232,24.733333333333334,-0.6512730121612549,-0.9215195649715245
COHFACE_s32_session0_lamp,17,233,24.766666666666666,-0.7432680130004883,-0.932570885518021
COHFACE_s32_session0_lamp,17,234,24.8,-0.8400658369064331,-0.9014084313685878
COHFACE_s32_session0_lamp,17,235,24.833333333333332,-0.9200460314750671,-0.8255416736836665
COHFACE_s32_session0_lamp,17,236,24.866666666666667,-0.9919186234474182,-0.7070021936339359
COHFACE_s32_session0_lamp,17,237,24.9,-1.0517455339431763,-0.5527080051621809
COHFACE_s32_session0_lamp,17,238,24.933333333333334,-0.9085717797279358,-0.3735244781937
COHFACE_s32_session0_lamp,17,239,24.966666666666665,-0.4540635943412781,-0.18259368538922707
COHFACE_s32_session0_lamp,18,0,18.0,0.9817041158676147,0.11750811087630453
COHFACE_s32_session0_lamp,18,1,18.033333333333335,1.2952314615249634,0.24877896743357836
COHFACE_s32_session0_lamp,18,2,18.066666666666666,1.5377975702285767,0.36265449725687127
COHFACE_s32_session0_lamp,18,3,18.1,1.6252676248550415,0.44898571313567015
COHFACE_s32_session0_lamp,18,4,18.133333333333333,1.5741199254989624,0.5065925955583617
COHFACE_s32_session0_lamp,18,5,18.166666666666668,1.5056911706924438,0.5417385799810343
COHFACE_s32_session0_lamp,18,6,18.2,1.4820168018341064,0.5626702563699738
COHFACE_s32_session0_lamp,18,7,18.233333333333334,1.4420498609542847,0.5730775820754173
COHFACE_s32_session0_lamp,18,8,18.266666666666666,1.3563556671142578,0.5683772823266002
COHFACE_s32_session0_lamp,18,9,18.3,1.2310032844543457,0.5374419639364878
COHFACE_s32_session0_lamp,18,10,18.333333333333332,1.0854822397232056,0.46904470818870597
COHFACE_s32_session0_lamp,18,11,18.366666666666667,0.9315909743309021,0.359158704232995
COHFACE_s32_session0_lamp,18,12,18.4,0.775120735168457,0.21468447691515571
COHFACE_s32_session0_lamp,18,13,18.433333333333334,0.6270206570625305,0.051514241661665953
COHFACE_s32_session0_lamp,18,14,18.466666666666665,0.49363791942596436,-0.1114924526080924
COHFACE_s32_session0_lamp,18,15,18.5,0.369459331035614,-0.2587693590914013
COHFACE_s32_session0_lamp,18,16,18.533333333333335,0.23303428292274475,-0.3814534747971315
COHFACE_s32_session0_lamp,18,17,18.566666666666666,0.09511125832796097,-0.4774829578984176
COHFACE_s32_session0_lamp,18,18,18.6,-0.02647288143634796,-0.5500219832194071
COHFACE_s32_session0_lamp,18,19,18.633333333333333,-0.1525973230600357,-0.6059088358704313
COHFACE_s32_session0_lamp,18,20,18.666666666666668,-0.27961745858192444,-0.6541199078563318
COHFACE_s32_session0_lamp,18,21,18.7,-0.397989422082901,-0.703054433280522
COHFACE_s32_session0_lamp,18,22,18.733333333333334,-0.4998989403247833,-0.7564618713679899
COHFACE_s32_session0_lamp,18,23,18.766666666666666,-0.5970519781112671,-0.8098335326582743
COHFACE_s32_session0_lamp,18,24,18.8,-0.6969538927078247,-0.8498289694666334
COHFACE_s32_session0_lamp,18,25,18.833333333333332,-0.7975044250488281,-0.8578963867058087
COHFACE_s32_session0_lamp,18,26,18.866666666666667,-0.8890824913978577,-0.8165091170214394
COHFACE_s32_session0_lamp,18,27,18.9,-0.9287405610084534,-0.7146848128932903
COHFACE_s32_session0_lamp,18,28,18.933333333333334,-0.7500011920928955,-0.5503129550872169
COHFACE_s32_session0_lamp,18,29,18.966666666666665,-0.30939191579818726,-0.32934716160804706
COHFACE_s32_session0_lamp,18,30,19.0,0.18576271831989288,-0.06393323099250306
COHFACE_s32_session0_lamp,18,31,19.033333333333335,0.5925669074058533,0.22858741122109738
COHFACE_s32_session0_lamp,18,32,19.066666666666666,0.9270970225334167,0.5259878875407491
COHFACE_s32_session0_lamp,18,33,19.1,1.2013061046600342,0.8026628953250426
COHFACE_s32_session0_lamp,18,34,19.133333333333333,1.3736828565597534,1.0334683402721843
COHFACE_s32_session0_lamp,18,35,19.166666666666668,1.3898673057556152,1.1987862112194312
COHFACE_s32_session0_lamp,18,36,19.2,1.304898977279663,1.2882151362164804
COHFACE_s32_session0_lamp,18,37,19.233333333333334,1.247280478477478,1.3009090829013428
COHFACE_s32_session0_lamp,18,38,19.266666666666666,1.2313740253448486,1.2429653142267
COHFACE_s32_session0_lamp,18,39,19.3,1.1751298904418945,1.1241637528913684
COHFACE_s32_session0_lamp,18,40,19.333333333333332,1.063552975654602,0.955996517080205
COHFACE_s32_session0_lamp,18,41,19.366666666666667,0.9289965629577637,0.7510967184225283
COHFACE_s32_session0_lamp,18,42,19.4,0.7823944687843323,0.5228033742383408
COHFACE_s32_session0_lamp,18,43,19.433333333333334,0.6344488263130188,0.28383783831108056
COHFACE_s32_session0_lamp,18,44,19.466666666666665,0.4878312647342682,0.04462627763764587
COHFACE_s32_session0_lamp,18,45,19.5,0.33841854333877563,-0.18713043523909062
COHFACE_s32_session0_lamp,18,46,19.533333333333335,0.1974223107099533,-0.4048567147177502
COHFACE_s32_session0_lamp,18,47,19.566666666666666,0.07667210698127747,-0.6005939486699577
COHFACE_s32_session0_lamp,18,48,19.6,-0.044726718217134476,-0.7638838266775165
COHFACE_s32_session0_lamp,18,49,19.633333333333333,-0.1784028708934784,-0.8835719393587346
COHFACE_s32_session0_lamp,18,50,19.666666666666668,-0.30834177136421204,-0.9516526760661068
COHFACE_s32_session0_lamp,18,51,19.7,-0.4290302097797394,-0.9664259512355904
COHFACE_s32_session0_lamp,18,52,19.733333333333334,-0.5553708672523499,-0.9327605837070734
COHFACE_s32_session0_lamp,18,53,19.766666666666666,-0.6761828064918518,-0.8594819514641311
COHFACE_s32_session0_lamp,18,54,19.8,-0.7802080512046814,-0.7558934374775896
COHFACE_s32_session0_lamp,18,55,19.833333333333332,-0.8734848499298096,-0.6297396902115766
COHFACE_s32_session0_lamp,18,56,19.866666666666667,-0.9642753005027771,-0.4873714416307468
COHFACE_s32_session0_lamp,18,57,19.9,-1.059250831604004,-0.33496412201997766
COHFACE_s32_session0_lamp,18,58,19.933333333333334,-1.1568362712860107,-0.17904914314692139
COHFACE_s32_session0_lamp,18,59,19.966666666666665,-1.1947184801101685,-0.02568371728976971
COHFACE_s32_session0_lamp,18,60,20.0,-0.9984201788902283,0.12070529383525108
COHFACE_s32_session0_lamp,18,61,20.033333333333335,-0.5582278370857239,0.2572899161738685
COHFACE_s32_session0_lamp,18,62,20.066666666666666,-0.10282395780086517,0.38158990054470154
COHFACE_s32_session0_lamp,18,63,20.1,0.241219162940979,0.4904662557811154
COHFACE_s32_session0_lamp,18,64,20.133333333333333,0.5227946639060974,0.5804080185714862
COHFACE_s32_session0_lamp,18,65,20.166666666666668,0.740404486656189,0.648601749475453
COHFACE_s32_session0_lamp,18,66,20.2,0.8449393510818481,0.6934037022511879
COHFACE_s32_session0_lamp,18,67,20.233333333333334,0.8128020763397217,0.7134767328709155
COHFACE_s32_session0_lamp,18,68,20.266666666666666,0.7450991868972778,0.7064639112006144
COHFACE_s32_session0_lamp,18,69,20.3,0.7221660614013672,0.6689453418496879
COHFACE_s32_session0_lamp,18,70,20.333333333333332,0.7075104713439941,0.5984256949481432
COHFACE_s32_session0_lamp,18,71,20.366666666666667,0.6415063738822937,0.4961584522755643
COHFACE_s32_session0_lamp,18,72,20.4,0.5285086035728455,0.3685083980940331
COHFACE_s32_session0_lamp,18,73,20.433333333333334,0.40201354026794434,0.22534414508499118
COHFACE_s32_session0_lamp,18,74,20.466666666666665,0.2587317228317261,0.07625758098890037
COHFACE_s32_session0_lamp,18,75,20.5,0.11696335673332214,-0.07274987185924113
COHFACE_s32_session0_lamp,18,76,20.533333333333335,-0.014195555821061134,-0.21980998871954915
COHFACE_s32_session0_lamp,18,77,20.566666666666666,-0.14461319148540497,-0.3648552451377962
COHFACE_s32_session0_lamp,18,78,20.6,-0.25853753089904785,-0.5066074603483689
COHFACE_s32_session0_lamp,18,79,20.633333333333333,-0.3730023503303528,-0.6414196682069774
COHFACE_s32_session0_lamp,18,80,20.666666666666668,-0.4949725866317749,-0.764362420379548
COHFACE_s32_session0_lamp,18,81,20.7,-0.6135607361793518,-0.8706146564532097
COHFACE_s32_session0_lamp,18,82,20.733333333333334,-0.732596755027771,-0.9551207773893607
COHFACE_s32_session0_lamp,18,83,20.766666666666666,-0.8498567938804626,-1.0104563180766952
COHFACE_s32_session0_lamp,18,84,20.8,-0.9501448273658752,-1.0250313250605305
COHFACE_s32_session0_lamp,18,85,20.833333333333332,-1.0375686883926392,-0.9841045975548777
COHFACE_s32_session0_lamp,18,86,20.866666666666667,-1.1221508979797363,-0.8740284955426999
COHFACE_s32_session0_lamp,18,87,20.9,-1.214686393737793,-0.6877084377859174
COHFACE_s32_session0_lamp,18,88,20.933333333333334,-1.3090442419052124,-0.42865184110379767
COHFACE_s32_session0_lamp,18,89,20.966666666666665,-1.3793416023254395,-0.11216042180355254
COHFACE_s32_session0_lamp,18,90,21.0,-1.3264333009719849,0.23620042870944552
COHFACE_s32_session0_lamp,18,91,21.033333333333335,-1.011114478111267,0.5840645949039994
COHFACE_s32_session0_lamp,18,92,21.066666666666666,-0.5675709843635559,0.8973167330131105
COHFACE_s32_session0_lamp,18,93,21.1,-0.2067410945892334,1.1464091039539444
COHFACE_s32_session0_lamp,18,94,21.133333333333333,0.0656302347779274,1.3122820750376754
COHFACE_s32_session0_lamp,18,95,21.166666666666668,0.2839813232421875,1.3892262684078043
COHFACE_s32_session0_lamp,18,96,21.2,0.4156962037086487,1.3831848527612858
COHFACE_s32_session0_lamp,18,97,21.233333333333334,0.4206380248069763,1.3066497016721919
COHFACE_s32_session0_lamp,18,98,21.266666666666666,0.3497074842453003,1.1734021529705332
COHFACE_s32_session0_lamp,18,99,21.3,0.31307628750801086,0.996124170062581
COHFACE_s32_session0_lamp,18,100,21.333333333333332,0.30096882581710815,0.787271359261028
COHFACE_s32_session0_lamp,18,101,21.366666666666667,0.2740050256252289,0.5608969688025489
COHFACE_s32_session0_lamp,18,102,21.4,0.2113829404115677,0.33270249503162685
COHFACE_s32_session0_lamp,18,103,21.433333333333334,0.11231496185064316,0.11742591213587031
COHFACE_s32_session0_lamp,18,104,21.466666666666665,-0.018025463446974754,-0.07490825074225019
COHFACE_s32_session0_lamp,18,105,21.5,-0.14711499214172363,-0.24127698455381805
COHFACE_s32_session0_lamp,18,106,21.533333333333335,-0.27140167355537415,-0.3849843331890589
COHFACE_s32_session0_lamp,18,107,21.566666666666666,-0.38276243209838867,-0.5126624786428449
COHFACE_s32_session0_lamp,18,108,21.6,-0.47837117314338684,-0.6309619095296098
COHFACE_s32_session0_lamp,18,109,21.633333333333333,-0.5803115963935852,-0.744631983564678
COHFACE_s32_session0_lamp,18,110,21.666666666666668,-0.6852325201034546,-0.8560881988266889
COHFACE_s32_session0_lamp,18,111,21.7,-0.7817369699478149,-0.9653035242237878
COHFACE_s32_session0_lamp,18,112,21.733333333333334,-0.8816388845443726,-1.0691695327315225
COHFACE_s32_session0_lamp,18,113,21.766666666666666,-0.9804134368896484,-1.1606780064109221
COHFACE_s32_session0_lamp,18,114,21.8,-1.068424105644226,-1.2289740122653292
COHFACE_s32_session0_lamp,18,115,21.833333333333332,-1.1513848304748535,-1.2608489968166074
COHFACE_s32_session0_lamp,18,116,21.866666666666667,-1.2295582294464111,-1.2429985378431831
COHFACE_s32_session0_lamp,18,117,21.9,-1.3120710849761963,-1.163805183175078
COHFACE_s32_session0_lamp,18,118,21.933333333333334,-1.3962981700897217,-1.014347883853728
COHFACE_s32_session0_lamp,18,119,21.966666666666665,-1.4017959833145142,-0.7896133081073544
COHFACE_s32_session0_lamp,18,120,22.0,-1.2001852989196777,-0.4909247866715519
COHFACE_s32_session0_lamp,18,121,22.033333333333335,-0.8045310974121094,-0.12922923791918658
COHFACE_s32_session0_lamp,18,122,22.066666666666666,-0.4396705627441406,0.2728151992244034
COHFACE_s32_session0_lamp,18,123,22.1,-0.18816295266151428,0.6822922380047323
COHFACE_s32_session0_lamp,18,124,22.133333333333333,-0.001949115190654993,1.0614811995705737
COHFACE_s32_session0_lamp,18,125,22.166666666666668,0.12507101893424988,1.3752153156757292
COHFACE_s32_session0_lamp,18,126,22.2,0.1369313895702362,1.5969218775962721
COHFACE_s32_session0_lamp,18,127,22.233333333333334,0.05389341711997986,1.7112581205246757
COHFACE_s32_session0_lamp,18,128,22.266666666666666,0.0008152136579155922,1.7137897872816075
COHFACE_s32_session0_lamp,18,129,22.3,-0.006921818479895592,1.6097444854858913
COHFACE_s32_session0_lamp,18,130,22.333333333333332,-0.015461896546185017,1.4130379073759813
COHFACE_s32_session0_lamp,18,131,22.366666666666667,-0.05945951119065285,1.1449059592552828
COHFACE_s32_session0_lamp,18,132,22.4,-0.1443815529346466,0.8308118113764313
COHFACE_s32_session0_lamp,18,133,22.433333333333334,-0.2413492649793625,0.49555795432170857
COHFACE_s32_session0_lamp,18,134,22.466666666666665,-0.33667999505996704,0.15869168642294798
COHFACE_s32_session0_lamp,18,135,22.5,-0.44200247526168823,-0.16695074635544782
COHFACE_s32_session0_lamp,18,136,22.533333333333335,-0.5435876846313477,-0.47264078871905
COHFACE_s32_session0_lamp,18,137,22.566666666666666,-0.6263167858123779,-0.74913714191683
COHFACE_s32_session0_lamp,18,138,22.6,-0.708258330821991,-0.9835512501028377
COHFACE_s32_session0_lamp,18,139,22.633333333333333,-0.7936127781867981,-1.1601146798140456
COHFACE_s32_session0_lamp,18,140,22.666666666666668,-0.8848356008529663,-1.2644106463118596
COHFACE_s32_session0_lamp,18,141,22.7,-0.9785448312759399,-1.2882627919236536
COHFACE_s32_session0_lamp,18,142,22.733333333333334,-1.0469425916671753,-1.2323954935463741
COHFACE_s32_session0_lamp,18,143,22.766666666666666,-1.1163597106933594,-1.1058202634088905
COHFACE_s32_session0_lamp,18,144,22.8,-1.1857768297195435,-0.9230267410608293
COHFACE_s32_session0_lamp,18,145,22.833333333333332,-1.2451249361038208,-0.700936443452586
COHFACE_s32_session0_lamp,18,146,22.866666666666667,-1.320564866065979,-0.45677208440564854
COHFACE_s32_session0_lamp,18,147,22.9,-1.379851222038269,-0.2066876291986818
COHFACE_s32_session0_lamp,18,148,22.933333333333334,-1.3478375673294067,0.03541949132125997
COHFACE_s32_session0_lamp,18,149,22.966666666666665,-1.0495370626449585,0.25891327785973883
COHFACE_s32_session0_lamp,18,150,23.0,-0.5960481762886047,0.4565269986779546
COHFACE_s32_session0_lamp,18,151,23.033333333333335,-0.2244698703289032,0.6231717568044772
COHFACE_s32_session0_lamp,18,152,23.066666666666666,0.01726219803094864,0.75446386782942
COHFACE_s32_session0_lamp,18,153,23.1,0.19317543506622314,0.8466183796885991
COHFACE_s32_session0_lamp,18,154,23.133333333333333,0.32484397292137146,0.8979037169607417
COHFACE_s32_session0_lamp,18,155,23.166666666666668,0.3709264099597931,0.9099911310878196
COHFACE_s32_session0_lamp,18,156,23.2,0.3234540820121765,0.8874473874968825
COHFACE_s32_session0_lamp,18,157,23.233333333333334,0.28330183029174805,0.835327913960218
COHFACE_s32_session0_lamp,18,158,23.266666666666666,0.2981581687927246,0.7567760788752361
COHFACE_s32_session0_lamp,18,159,23.3,0.30672913789749146,0.652831234442224
COHFACE_s32_session0_lamp,18,160,23.333333333333332,0.27263060212135315,0.5247073801139409
COHFACE_s32_session0_lamp,18,161,23.366666666666667,0.2003874033689499,0.3764731346626714
COHFACE_s32_session0_lamp,18,162,23.4,0.09491049498319626,0.21556990619815747
COHFACE_s32_session0_lamp,18,163,23.433333333333334,-0.019307248294353485,0.05034347332052191
COHFACE_s32_session0_lamp,18,164,23.466666666666665,-0.1274867057800293,-0.11361889045126773
COHFACE_s32_session0_lamp,18,165,23.5,-0.22541190683841705,-0.27538988940459563
COHFACE_s32_session0_lamp,18,166,23.533333333333335,-0.31702083349227905,-0.4373798910862039
COHFACE_s32_session0_lamp,18,167,23.566666666666666,-0.4113014340400696,-0.6018892810077676
COHFACE_s32_session0_lamp,18,168,23.6,-0.5157127380371094,-0.7679328318217693
COHFACE_s32_session0_lamp,18,169,23.633333333333333,-0.6151977181434631,-0.9300314606868288
COHFACE_s32_session0_lamp,18,170,23.666666666666668,-0.7160416841506958,-1.0788014596711104
COHFACE_s32_session0_lamp,18,171,23.7,-0.8193565607070923,-1.2019243927330387
COHFACE_s32_session0_lamp,18,172,23.733333333333334,-0.9100080132484436,-1.2846021843986184
COHFACE_s32_session0_lamp,18,173,23.766666666666666,-0.9842124581336975,-1.3101042072372457
COHFACE_s32_session0_lamp,18,174,23.8,-1.0680071115493774,-1.2618686330532443
COHFACE_s32_session0_lamp,18,175,23.833333333333332,-1.1505354642868042,-1.1277975767241648
COHFACE_s32_session0_lamp,18,176,23.866666666666667,-1.2287242412567139,-0.9052810869559537
COHFACE_s32_session0_lamp,18,177,23.9,-1.2615718841552734,-0.6041763793505149
COHFACE_s32_session0_lamp,18,178,23.933333333333334,-1.078817367553711,-0.24599194344039116
COHFACE_s32_session0_lamp,18,179,23.966666666666665,-0.6192747354507446,0.1401491650706495
COHFACE_s32_session0_lamp,18,180,24.0,-0.1390073150396347,0.522600847230969
COHFACE_s32_session0_lamp,18,181,24.033333333333335,0.19913651049137115,0.8714015444713389
COHFACE_s32_session0_lamp,18,182,24.066666666666666,0.44925421476364136,1.1612699759308533
COHFACE_s32_session0_lamp,18,183,24.1,0.6542932987213135,1.374134863260469
COHFACE_s32_session0_lamp,18,184,24.133333333333333,0.8174967765808105,1.5012413112606973
COHFACE_s32_session0_lamp,18,185,24.166666666666668,0.8810145854949951,1.5436955321563972
COHFACE_s32_session0_lamp,18,186,24.2,0.8432251214981079,1.51044523907008
COHFACE_s32_session0_lamp,18,187,24.233333333333334,0.8068873286247253,1.4141774873123782
COHFACE_s32_session0_lamp,18,188,24.266666666666666,0.8076749444007874,1.2671985118487346
COHFACE_s32_session0_lamp,18,189,24.3,0.791382372379303,1.0795240156222343
COHFACE_s32_session0_lamp,18,190,24.333333333333332,0.7322967648506165,0.8596982903776916
COHFACE_s32_session0_lamp,18,191,24.366666666666667,0.6288738250732422,0.6168052266775437
COHFACE_s32_session0_lamp,18,192,24.4,0.5125712752342224,0.3615377193231979
COHFACE_s32_session0_lamp,18,193,24.433333333333334,0.3922225534915924,0.10531755554780806
COHFACE_s32_session0_lamp,18,194,24.466666666666665,0.26052314043045044,-0.14171573901173562
COHFACE_s32_session0_lamp,18,195,24.5,0.1343369334936142,-0.3720572249487163
COHFACE_s32_session0_lamp,18,196,24.533333333333335,0.018559426069259644,-0.5804831604249268
COHFACE_s32_session0_lamp,18,197,24.566666666666666,-0.0877668559551239,-0.7626117939260317
COHFACE_s32_session0_lamp,18,198,24.6,-0.20372967422008514,-0.9140626723378812
COHFACE_s32_session0_lamp,18,199,24.633333333333333,-0.3182099461555481,-1.0313036863062712
COHFACE_s32_session0_lamp,18,200,24.666666666666668,-0.42810362577438354,-1.1133375952066735
COHFACE_s32_session0_lamp,18,201,24.7,-0.5440201163291931,-1.1621470363154383
COHFACE_s32_session0_lamp,18,202,24.733333333333334,-0.6512730121612549,-1.1808149500740965
COHFACE_s32_session0_lamp,18,203,24.766666666666666,-0.7432680130004883,-1.1704195378294182
COHFACE_s32_session0_lamp,18,204,24.8,-0.8400658369064331,-1.1281101162692646
COHFACE_s32_session0_lamp,18,205,24.833333333333332,-0.9200460314750671,-1.048100309418113
COHFACE_s32_session0_lamp,18,206,24.866666666666667,-0.9919186234474182,-0.9250931885725963
COHFACE_s32_session0_lamp,18,207,24.9,-1.0517455339431763,-0.7578074633734683
COHFACE_s32_session0_lamp,18,208,24.933333333333334,-0.9085717797279358,-0.5504352129053819
COHFACE_s32_session0_lamp,18,209,24.966666666666665,-0.4540635943412781,-0.3116788267989352
COHFACE_s32_session0_lamp,18,210,25.0,0.062062859535217285,-0.052872659583688794
COHFACE_s32_session0_lamp,18,211,25.033333333333335,0.46418777108192444,0.21307884420733783
COHFACE_s32_session0_lamp,18,212,25.066666666666666,0.7907028794288635,0.4718608250894313
COHFACE_s32_session0_lamp,18,213,25.1,1.0818685293197632,0.7083428056700382
COHFACE_s32_session0_lamp,18,214,25.133333333333333,1.3013933897018433,0.9083603924641367
COHFACE_s32_session0_lamp,18,215,25.166666666666668,1.4058510065078735,1.0608694160557428
COHFACE_s32_session0_lamp,18,216,25.2,1.3856513500213623,1.1590428737804193
COHFACE_s32_session0_lamp,18,217,25.233333333333334,1.3090994358062744,1.1997678840039343
COHFACE_s32_session0_lamp,18,218,25.266666666666666,1.262105941772461,1.1825537575461178
COHFACE_s32_session0_lamp,18,219,25.3,1.215436577796936,1.1094304580447565
COHFACE_s32_session0_lamp,18,220,25.333333333333332,1.120152235031128,0.9861729623159631
COHFACE_s32_session0_lamp,18,221,25.366666666666667,0.9922055006027222,0.8234438237492304
COHFACE_s32_session0_lamp,18,222,25.4,0.847024142742157,0.6360148542647898
COHFACE_s32_session0_lamp,18,223,25.433333333333334,0.6970245838165283,0.43956802800506317
COHFACE_s32_session0_lamp,18,224,25.466666666666665,0.5428861975669861,0.24669940709888616
COHFACE_s32_session0_lamp,18,225,25.5,0.3828948736190796,0.06471040631959017
COHFACE_s32_session0_lamp,18,226,25.533333333333335,0.21688072383403778,-0.10354260713613035
COHFACE_s32_session0_lamp,18,227,25.566666666666666,0.06816291064023972,-0.2568475781732148
COHFACE_s32_session0_lamp,18,228,25.6,-0.06886440515518188,-0.39336208895696667
COHFACE_s32_session0_lamp,18,229,25.633333333333333,-0.2197442501783371,-0.510564411334405
COHFACE_s32_session0_lamp,18,230,25.666666666666668,-0.3657131791114807,-0.6067607312166082
COHFACE_s32_session0_lamp,18,231,25.7,-0.4939842224121094,-0.6818643908802868
COHFACE_s32_session0_lamp,18,232,25.733333333333334,-0.6254982948303223,-0.7360370732218465
COHFACE_s32_session0_lamp,18,233,25.766666666666666,-0.7543870806694031,-0.7671077362706861
COHFACE_s32_session0_lamp,18,234,25.8,-0.8719868659973145,-0.7692264215327816
COHFACE_s32_session0_lamp,18,235,25.833333333333332,-0.9676110148429871,-0.7345825062775886
COHFACE_s32_session0_lamp,18,236,25.866666666666667,-1.0529500246047974,-0.6575685145320742
COHFACE_s32_session0_lamp,18,237,25.9,-1.1343973875045776,-0.5387778235024324
COHFACE_s32_session0_lamp,18,238,25.933333333333334,-1.1760013103485107,-0.38654434031363083
COHFACE_s32_session0_lamp,18,239,25.966666666666665,-0.9973700642585754,-0.21562559089017763
COHFACE_s32_session0_lamp,19,0,19.0,0.18576271831989288,0.08736308049093316
COHFACE_s32_session0_lamp,19,1,19.033333333333335,0.5925669074058533,0.19105868897186865
COHFACE_s32_session0_lamp,19,2,19.066666666666666,0.9270970225334167,0.2732737550436316
COHFACE_s32_session0_lamp,19,3,19.1,1.2013061046600342,0.32046895791447777
COHFACE_s32_session0_lamp,19,4,19.133333333333333,1.3736828565597534,0.32889730066386275
COHFACE_s32_session0_lamp,19,5,19.166666666666668,1.3898673057556152,0.305252589951719
COHFACE_s32_session0_lamp,19,6,19.2,1.304898977279663,0.26330659878766854
COHFACE_s32_session0_lamp,19,7,19.233333333333334,1.247280478477478,0.21756789858229367
COHFACE_s32_session0_lamp,19,8,19.266666666666666,1.2313740253448486,0.1770102208159987
COHFACE_s32_session0_lamp,19,9,19.3,1.1751298904418945,0.14236963732767474
COHFACE_s32_session0_lamp,19,10,19.333333333333332,1.063552975654602,0.10832930585264249
COHFACE_s32_session0_lamp,19,11,19.366666666666667,0.9289965629577637,0.06860589885985463
COHFACE_s32_session0_lamp,19,12,19.4,0.7823944687843323,0.020061089038005932
COHFACE_s32_session0_lamp,19,13,19.433333333333334,0.6344488263130188,-0.03691751825562538
COHFACE_s32_session0_lamp,19,14,19.466666666666665,0.4878312647342682,-0.10100512971632845
COHFACE_s32_session0_lamp,19,15,19.5,0.33841854333877563,-0.17208402772714895
COHFACE_s32_session0_lamp,19,16,19.533333333333335,0.1974223107099533,-0.25035028216626487
COHFACE_s32_session0_lamp,19,17,19.566666666666666,0.07667210698127747,-0.33301030633772777
COHFACE_s32_session0_lamp,19,18,19.6,-0.044726718217134476,-0.4118226823969171
COHFACE_s32_session0_lamp,19,19,19.633333333333333,-0.1784028708934784,-0.4743945004596258
COHFACE_s32_session0_lamp,19,20,19.666666666666668,-0.30834177136421204,-0.508840969783013
COHFACE_s32_session0_lamp,19,21,19.7,-0.4290302097797394,-0.5084234391367527
COHFACE_s32_session0_lamp,19,22,19.733333333333334,-0.5553708672523499,-0.4730519316083961
COHFACE_s32_session0_lamp,19,23,19.766666666666666,-0.6761828064918518,-0.4073105910537759
COHFACE_s32_session0_lamp,19,24,19.8,-0.7802080512046814,-0.3172714852485141
COHFACE_s32_session0_lamp,19,25,19.833333333333332,-0.8734848499298096,-0.2087885877357383
COHFACE_s32_session0_lamp,19,26,19.866666666666667,-0.9642753005027771,-0.08800267907462196
COHFACE_s32_session0_lamp,19,27,19.9,-1.059250831604004,0.03752528344522416
COHFACE_s32_session0_lamp,19,28,19.933333333333334,-1.1568362712860107,0.15910421707571776
COHFACE_s32_session0_lamp,19,29,19.966666666666665,-1.1947184801101685,0.26907448171814885
COHFACE_s32_session0_lamp,19,30,20.0,-0.9984201788902283,0.36310028915926285
COHFACE_s32_session0_lamp,19,31,20.033333333333335,-0.5582278370857239,0.4403478301088923
COHFACE_s32_session0_lamp,19,32,20.066666666666666,-0.10282395780086517,0.5013130973392006
COHFACE_s32_session0_lamp,19,33,20.1,0.241219162940979,0.5453358841688994
COHFACE_s32_session0_lamp,19,34,20.133333333333333,0.5227946639060974,0.5699093159472035
COHFACE_s32_session0_lamp,19,35,20.166666666666668,0.740404486656189,0.5720427960040985
COHFACE_s32_session0_lamp,19,36,20.2,0.8449393510818481,0.5500571114217033
COHFACE_s32_session0_lamp,19,37,20.233333333333334,0.8128020763397217,0.5040332368160599
COHFACE_s32_session0_lamp,19,38,20.266666666666666,0.7450991868972778,0.4349239998209639
COHFACE_s32_session0_lamp,19,39,20.3,0.7221660614013672,0.3440115051884668
COHFACE_s32_session0_lamp,19,40,20.333333333333332,0.7075104713439941,0.23400198787208873
COHFACE_s32_session0_lamp,19,41,20.366666666666667,0.6415063738822937,0.11109402844941953
COHFACE_s32_session0_lamp,19,42,20.4,0.5285086035728455,-0.014249949734102107
COHFACE_s32_session0_lamp,19,43,20.433333333333334,0.40201354026794434,-0.12964753217242692
COHFACE_s32_session0_lamp,19,44,20.466666666666665,0.2587317228317261,-0.22549143023880402
COHFACE_s32_session0_lamp,19,45,20.5,0.11696335673332214,-0.2988613211901619
COHFACE_s32_session0_lamp,19,46,20.533333333333335,-0.014195555821061134,-0.3537269000489787
COHFACE_s32_session0_lamp,19,47,20.566666666666666,-0.14461319148540497,-0.397264192667426
COHFACE_s32_session0_lamp,19,48,20.6,-0.25853753089904785,-0.4352886324650918
COHFACE_s32_session0_lamp,19,49,20.633333333333333,-0.3730023503303528,-0.4704189555666395
COHFACE_s32_session0_lamp,19,50,20.666666666666668,-0.4949725866317749,-0.5036164535693277
COHFACE_s32_session0_lamp,19,51,20.7,-0.6135607361793518,-0.5362975234801718
COHFACE_s32_session0_lamp,19,52,20.733333333333334,-0.732596755027771,-0.569811371505217
COHFACE_s32_session0_lamp,19,53,20.766666666666666,-0.8498567938804626,-0.6017766290539925
COHFACE_s32_session0_lamp,19,54,20.8,-0.9501448273658752,-0.622162272647611
COHFACE_s32_session0_lamp,19,55,20.833333333333332,-1.0375686883926392,-0.6131235094205386
COHFACE_s32_session0_lamp,19,56,20.866666666666667,-1.1221508979797363,-0.5542364722632779
COHFACE_s32_session0_lamp,19,57,20.9,-1.214686393737793,-0.4310186782647429
COHFACE_s32_session0_lamp,19,58,20.933333333333334,-1.3090442419052124,-0.24247375773434204
COHFACE_s32_session0_lamp,19,59,20.966666666666665,-1.3793416023254395,-0.003997389249881429
COHFACE_s32_session0_lamp,19,60,21.0,-1.3264333009719849,0.2554511028576342
COHFACE_s32_session0_lamp,19,61,21.033333333333335,-1.011114478111267,0.5005079928394203
COHFACE_s32_session0_lamp,19,62,21.066666666666666,-0.5675709843635559,0.6985149752926414
COHFACE_s32_session0_lamp,19,63,21.1,-0.2067410945892334,0.8280787799771167
COHFACE_s32_session0_lamp,19,64,21.133333333333333,0.0656302347779274,0.8843881258253605
COHFACE_s32_session0_lamp,19,65,21.166666666666668,0.2839813232421875,0.8790407398288869
COHFACE_s32_session0_lamp,19,66,21.2,0.4156962037086487,0.834052427396544
COHFACE_s32_session0_lamp,19,67,21.233333333333334,0.4206380248069763,0.7724261612143236
COHFACE_s32_session0_lamp,19,68,21.266666666666666,0.3497074842453003,0.7095575556637241
COHFACE_s32_session0_lamp,19,69,21.3,0.31307628750801086,0.6493585921537652
COHFACE_s32_session0_lamp,19,70,21.333333333333332,0.30096882581710815,0.5861612815854571
COHFACE_s32_session0_lamp,19,71,21.366666666666667,0.2740050256252289,0.5102200668049857
COHFACE_s32_session0_lamp,19,72,21.4,0.2113829404115677,0.41322406148744495
COHFACE_s32_session0_lamp,19,73,21.433333333333334,0.11231496185064316,0.2912037625023287
COHFACE_s32_session0_lamp,19,74,21.466666666666665,-0.018025463446974754,0.14456785590591403
COHFACE_s32_session0_lamp,19,75,21.5,-0.14711499214172363,-0.02309767846174339
COHFACE_s32_session0_lamp,19,76,21.533333333333335,-0.27140167355537415,-0.20571667008761202
COHFACE_s32_session0_lamp,19,77,21.566666666666666,-0.38276243209838867,-0.3945044011450724
COHFACE_s32_session0_lamp,19,78,21.6,-0.47837117314338684,-0.5779466104431527
COHFACE_s32_session0_lamp,19,79,21.633333333333333,-0.5803115963935852,-0.7432866428072227
COHFACE_s32_session0_lamp,19,80,21.666666666666668,-0.6852325201034546,-0.8794192783294991
COHFACE_s32_session0_lamp,19,81,21.7,-0.7817369699478149,-0.9795362793559566
COHFACE_s32_session0_lamp,19,82,21.733333333333334,-0.8816388845443726,-1.0417815229005265
COHFACE_s32_session0_lamp,19,83,21.766666666666666,-0.9804134368896484,-1.067550369385314
COHFACE_s32_session0_lamp,19,84,21.8,-1.068424105644226,-1.058748849636505
COHFACE_s32_session0_lamp,19,85,21.833333333333332,-1.1513848304748535,-1.0159032095840064
COHFACE_s32_session0_lamp,19,86,21.866666666666667,-1.2295582294464111,-0.9379789901205611
COHFACE_s32_session0_lamp,19,87,21.9,-1.3120710849761963,-0.823338314895485
COHFACE_s32_session0_lamp,19,88,21.933333333333334,-1.3962981700897217,-0.6708290905799053
COHFACE_s32_session0_lamp,19,89,21.966666666666665,-1.4017959833145142,-0.4805683761096797
COHFACE_s32_session0_lamp,19,90,22.0,-1.2001852989196777,-0.25471866455881614
COHFACE_s32_session0_lamp,19,91,22.033333333333335,-0.8045310974121094,0.0013365588846367977
COHFACE_s32_session0_lamp,19,92,22.066666666666666,-0.4396705627441406,0.2776912904144429
COHFACE_s32_session0_lamp,19,93,22.1,-0.18816295266151428,0.5594228287403821
COHFACE_s32_session0_lamp,19,94,22.133333333333333,-0.001949115190654993,0.8276535173117823
COHFACE_s32_session0_lamp,19,95,22.166666666666668,0.12507101893424988,1.0620046701736066
COHFACE_s32_session0_lamp,19,96,22.2,0.1369313895702362,1.2434157517389903
COHFACE_s32_session0_lamp,19,97,22.233333333333334,0.05389341711997986,1.3563698280296803
COHFACE_s32_session0_lamp,19,98,22.266666666666666,0.0008152136579155922,1.3905959164730863
COHFACE_s32_session0_lamp,19,99,22.3,-0.006921818479895592,1.3428826046659463
COHFACE_s32_session0_lamp,19,100,22.333333333333332,-0.015461896546185017,1.2187350457720671
COHFACE_s32_session0_lamp,19,101,22.366666666666667,-0.05945951119065285,1.0323729225000624
COHFACE_s32_session0_lamp,19,102,22.4,-0.1443815529346466,0.8036735989890009
COHFACE_s32_session0_lamp,19,103,22.433333333333334,-0.2413492649793625,0.5524778242302132
COHFACE_s32_session0_lamp,19,104,22.466666666666665,-0.33667999505996704,0.29305338346744964
COHFACE_s32_session0_lamp,19,105,22.5,-0.44200247526168823,0.03222451649279012
COHFACE_s32_session0_lamp,19,106,22.533333333333335,-0.5435876846313477,-0.22747655330949387
COHFACE_s32_session0_lamp,19,107,22.566666666666666,-0.6263167858123779,-0.4817023627236747
COHFACE_s32_session0_lamp,19,108,22.6,-0.708258330821991,-0.7193700942995351
COHFACE_s32_session0_lamp,19,109,22.633333333333333,-0.7936127781867981,-0.9223314251041194
COHFACE_s32_session0_lamp,19,110,22.666666666666668,-0.8848356008529663,-1.0699084516965178
COHFACE_s32_session0_lamp,19,111,22.7,-0.9785448312759399,-1.1454432142545143
COHFACE_s32_session0_lamp,19,112,22.733333333333334,-1.0469425916671753,-1.141192668473902
COHFACE_s32_session0_lamp,19,113,22.766666666666666,-1.1163597106933594,-1.059656472087127
COHFACE_s32_session0_lamp,19,114,22.8,-1.1857768297195435,-0.9121736025464595
COHFACE_s32_session0_lamp,19,115,22.833333333333332,-1.2451249361038208,-0.7168627389998927
COHFACE_s32_session0_lamp,19,116,22.866666666666667,-1.320564866065979,-0.4966523613741337
COHFACE_s32_session0_lamp,19,117,22.9,-1.379851222038269,-0.2763987276868816
COHFACE_s32_session0_lamp,19,118,22.933333333333334,-1.3478375673294067,-0.07832129645724922
COHFACE_s32_session0_lamp,19,119,22.966666666666665,-1.0495370626449585,0.08320063820166901
COHFACE_s32_session0_lamp,19,120,23.0,-0.5960481762886047,0.20495274656014337
COHFACE_s32_session0_lamp,19,121,23.033333333333335,-0.2244698703289032,0.2942205778366292
COHFACE_s32_session0_lamp,19,122,23.066666666666666,0.01726219803094864,0.3643375154768176
COHFACE_s32_session0_lamp,19,123,23.1,0.19317543506622314,0.42885828357203415
COHFACE_s32_session0_lamp,19,124,23.133333333333333,0.32484397292137146,0.49697547404176323
COHFACE_s32_session0_lamp,19,125,23.166666666666668,0.3709264099597931,0.5713162392143453
COHFACE_s32_session0_lamp,19,126,23.2,0.3234540820121765,0.6476449275712209
COHFACE_s32_session0_lamp,19,127,23.233333333333334,0.28330183029174805,0.7155915259952105
COHFACE_s32_session0_lamp,19,128,23.266666666666666,0.2981581687927246,0.7604364451977336
COHFACE_s32_session0_lamp,19,129,23.3,0.30672913789749146,0.7666116460615473
COHFACE_s32_session0_lamp,19,130,23.333333333333332,0.27263060212135315,0.7226256896150508
COHFACE_s32_session0_lamp,19,131,23.366666666666667,0.2003874033689499,0.625460026069612
COHFACE_s32_session0_lamp,19,132,23.4,0.09491049498319626,0.48188783433457166
COHFACE_s32_session0_lamp,19,133,23.433333333333334,-0.019307248294353485,0.30562328673283157
COHFACE_s32_session0_lamp,19,134,23.466666666666665,-0.1274867057800293,0.11203894060702123
COHFACE_s32_session0_lamp,19,135,23.5,-0.22541190683841705,-0.08617817357280624
COHFACE_s32_session0_lamp,19,136,23.533333333333335,-0.31702083349227905,-0.28033486671825547
COHFACE_s32_session0_lamp,19,137,23.566666666666666,-0.4113014340400696,-0.46451016557328506
COHFACE_s32_session0_lamp,19,138,23.6,-0.5157127380371094,-0.6337330731634099
COHFACE_s32_session0_lamp,19,139,23.633333333333333,-0.6151977181434631,-0.7829992221803347
COHFACE_s32_session0_lamp,19,140,23.666666666666668,-0.7160416841506958,-0.9070400706661879
COHFACE_s32_session0_lamp,19,141,23.7,-0.8193565607070923,-0.9998757780217734
COHFACE_s32_session0_lamp,19,142,23.733333333333334,-0.9100080132484436,-1.0538970192916788
COHFACE_s32_session0_lamp,19,143,23.766666666666666,-0.9842124581336975,-1.0595492656827368
COHFACE_s32_session0_lamp,19,144,23.8,-1.0680071115493774,-1.0070307919620805
COHFACE_s32_session0_lamp,19,145,23.833333333333332,-1.1505354642868042,-0.8901150274869486
COHFACE_s32_session0_lamp,19,146,23.866666666666667,-1.2287242412567139,-0.7100880595974066
COHFACE_s32_session0_lamp,19,147,23.9,-1.2615718841552734,-0.4770467720065882
COHFACE_s32_session0_lamp,19,148,23.933333333333334,-1.078817367553711,-0.20764579675537817
COHFACE_s32_session0_lamp,19,149,23.966666666666665,-0.6192747354507446,0.07894052228817197
COHFACE_s32_session0_lamp,19,150,24.0,-0.1390073150396347,0.3640599494706152
COHFACE_s32_session0_lamp,19,151,24.033333333333335,0.19913651049137115,0.6302131843565528
COHFACE_s32_session0_lamp,19,152,24.066666666666666,0.44925421476364136,0.8604137940077544
COHFACE_s32_session0_lamp,19,153,24.1,0.6542932987213135,1.0386798034026328
COHFACE_s32_session0_lamp,19,154,24.133333333333333,0.8174967765808105,1.1526431482071062
COHFACE_s32_session0_lamp,19,155,24.166666666666668,0.8810145854949951,1.196815954769728
COHFACE_s32_session0_lamp,19,156,24.2,0.8432251214981079,1.1740419281273693
COHFACE_s32_session0_lamp,19,157,24.233333333333334,0.8068873286247253,1.0938348653686947
COHFACE_s32_session0_lamp,19,158,24.266666666666666,0.8076749444007874,0.9686532929731314
COHFACE_s32_session0_lamp,19,159,24.3,0.791382372379303,0.8105668288595725
COHFACE_s32_session0_lamp,19,160,24.333333333333332,0.7322967648506165,0.6299347914027157
COHFACE_s32_session0_lamp,19,161,24.366666666666667,0.6288738250732422,0.4357378609607396
COHFACE_s32_session0_lamp,19,162,24.4,0.5125712752342224,0.23601730587854325
COHFACE_s32_session0_lamp,19,163,24.433333333333334,0.3922225534915924,0.03738512748839089
COHFACE_s32_session0_lamp,19,164,24.466666666666665,0.26052314043045044,-0.155788991469205
COHFACE_s32_session0_lamp,19,165,24.5,0.1343369334936142,-0.34098886083878477
COHFACE_s32_session0_lamp,19,166,24.533333333333335,0.018559426069259644,-0.5154578783943564
COHFACE_s32_session0_lamp,19,167,24.566666666666666,-0.0877668559551239,-0.6737649369406513
COHFACE_s32_session0_lamp,19,168,24.6,-0.20372967422008514,-0.8072037273784076
COHFACE_s32_session0_lamp,19,169,24.633333333333333,-0.3182099461555481,-0.9060742664765957
COHFACE_s32_session0_lamp,19,170,24.666666666666668,-0.42810362577438354,-0.9635154927310875
COHFACE_s32_session0_lamp,19,171,24.7,-0.5440201163291931,-0.9780600050012096
COHFACE_s32_session0_lamp,19,172,24.733333333333334,-0.6512730121612549,-0.9530207032928308
COHFACE_s32_session0_lamp,19,173,24.766666666666666,-0.7432680130004883,-0.8933349542724482
COHFACE_s32_session0_lamp,19,174,24.8,-0.8400658369064331,-0.8024820796714341
COHFACE_s32_session0_lamp,19,175,24.833333333333332,-0.9200460314750671,-0.6818660240822714
COHFACE_s32_session0_lamp,19,176,24.866666666666667,-0.9919186234474182,-0.5326568755884707
COHFACE_s32_session0_lamp,19,177,24.9,-1.0517455339431763,-0.35791833082085367
COHFACE_s32_session0_lamp,19,178,24.933333333333334,-0.9085717797279358,-0.16308179175317997
COHFACE_s32_session0_lamp,19,179,24.966666666666665,-0.4540635943412781,0.045108457526381915
COHFACE_s32_session0_lamp,19,180,25.0,0.062062859535217285,0.2592908231107998
COHFACE_s32_session0_lamp,19,181,25.033333333333335,0.46418777108192444,0.4703531678620209
COHFACE_s32_session0_lamp,19,182,25.066666666666666,0.7907028794288635,0.665518800855883
COHFACE_s32_session0_lamp,19,183,25.1,1.0818685293197632,0.8283583387217907
COHFACE_s32_session0_lamp,19,184,25.133333333333333,1.3013933897018433,0.9419710774968467
COHFACE_s32_session0_lamp,19,185,25.166666666666668,1.4058510065078735,0.993721887766291
COHFACE_s32_session0_lamp,19,186,25.2,1.3856513500213623,0.9786194897392633
COHFACE_s32_session0_lamp,19,187,25.233333333333334,1.3090994358062744,0.8995912485857184
COHFACE_s32_session0_lamp,19,188,25.266666666666666,1.262105941772461,0.7654205995300954
COHFACE_s32_session0_lamp,19,189,25.3,1.215436577796936,0.5886119312071199
COHFACE_s32_session0_lamp,19,190,25.333333333333332,1.120152235031128,0.3845146995714528
COHFACE_s32_session0_lamp,19,191,25.366666666666667,0.9922055006027222,0.17096127209640685
COHFACE_s32_session0_lamp,19,192,25.4,0.847024142742157,-0.03333878299169526
COHFACE_s32_session0_lamp,19,193,25.433333333333334,0.6970245838165283,-0.2123692752835001
COHFACE_s32_session0_lamp,19,194,25.466666666666665,0.5428861975669861,-0.35676228847706937
COHFACE_s32_session0_lamp,19,195,25.5,0.3828948736190796,-0.46535482905076075
COHFACE_s32_session0_lamp,19,196,25.533333333333335,0.21688072383403778,-0.5430143003195407
COHFACE_s32_session0_lamp,19,197,25.566666666666666,0.06816291064023972,-0.5961516465928568
COHFACE_s32_session0_lamp,19,198,25.6,-0.06886440515518188,-0.6289484576454469
COHFACE_s32_session0_lamp,19,199,25.633333333333333,-0.2197442501783371,-0.6424896790434245
COHFACE_s32_session0_lamp,19,200,25.666666666666668,-0.3657131791114807,-0.6363325416802906
COHFACE_s32_session0_lamp,19,201,25.7,-0.4939842224121094,-0.6101001815919584
COHFACE_s32_session0_lamp,19,202,25.733333333333334,-0.6254982948303223,-0.5633816026222799
COHFACE_s32_session0_lamp,19,203,25.766666666666666,-0.7543870806694031,-0.4945349238476416
COHFACE_s32_session0_lamp,19,204,25.8,-0.8719868659973145,-0.4005771332877175
COHFACE_s32_session0_lamp,19,205,25.833333333333332,-0.9676110148429871,-0.2796380005454117
COHFACE_s32_session0_lamp,19,206,25.866666666666667,-1.0529500246047974,-0.13481125754871465
COHFACE_s32_session0_lamp,19,207,25.9,-1.1343973875045776,0.023721189636282038
COHFACE_s32_session0_lamp,19,208,25.933333333333334,-1.1760013103485107,0.18051219526163892
COHFACE_s32_session0_lamp,19,209,25.966666666666665,-0.9973700642585754,0.3199139868049453
COHFACE_s32_session0_lamp,19,210,26.0,-0.5156664252281189,0.43120639280253437
COHFACE_s32_session0_lamp,19,211,26.033333333333335,-0.007199795916676521,0.5106728916165499
COHFACE_s32_session0_lamp,19,212,26.066666666666666,0.3752813935279846,0.5601981968818154
COHFACE_s32_session0_lamp,19,213,26.1,0.6765778064727783,0.5845628029149345
COHFACE_s32_session0_lamp,19,214,26.133333333333333,0.9254291653633118,0.5896250357394965
COHFACE_s32_session0_lamp,19,215,26.166666666666668,1.1103458404541016,0.5816429560891032
COHFACE_s32_session0_lamp,19,216,26.2,1.1692460775375366,0.5663349069464376
COHFACE_s32_session0_lamp,19,217,26.233333333333334,1.1047554016113281,0.5465845392323913
COHFACE_s32_session0_lamp,19,218,26.266666666666666,1.037793755531311,0.5198357019439691
COHFACE_s32_session0_lamp,19,219,26.3,1.0022281408309937,0.47776906152916176
COHFACE_s32_session0_lamp,19,220,26.333333333333332,0.9511266350746155,0.40976783672492695
COHFACE_s32_session0_lamp,19,221,26.366666666666667,0.8529388904571533,0.30886017247697406
COHFACE_s32_session0_lamp,19,222,26.4,0.7226756811141968,0.17666703780634133
COHFACE_s32_session0_lamp,19,223,26.433333333333334,0.5834863185882568,0.024241887815866964
COHFACE_s32_session0_lamp,19,224,26.466666666666665,0.43339407444000244,-0.1314592145029557
COHFACE_s32_session0_lamp,19,225,26.5,0.28652945160865784,-0.2729023053758458
COHFACE_s32_session0_lamp,19,226,26.533333333333335,0.1371167004108429,-0.38612736090275596
COHFACE_s32_session0_lamp,19,227,26.566666666666666,-0.009732477366924286,-0.46262024194359047
COHFACE_s32_session0_lamp,19,228,26.6,-0.15327681601047516,-0.4999615974083584
COHFACE_s32_session0_lamp,19,229,26.633333333333333,-0.28506889939308167,-0.5026074647172395
COHFACE_s32_session0_lamp,19,230,26.666666666666668,-0.41497692465782166,-0.4821924346523804
COHFACE_s32_session0_lamp,19,231,26.7,-0.5506452322006226,-0.4551467911989959
COHFACE_s32_session0_lamp,19,232,26.733333333333334,-0.6763526797294617,-0.4366334139505648
COHFACE_s32_session0_lamp,19,233,26.766666666666666,-0.8086698651313782,-0.43296590523138606
COHFACE_s32_session0_lamp,19,234,26.8,-0.9329565763473511,-0.43703473664488535
COHFACE_s32_session0_lamp,19,235,26.833333333333332,-1.045212984085083,-0.43049714365658226
COHFACE_s32_session0_lamp,19,236,26.866666666666667,-1.1455936431884766,-0.39245257509445053
COHFACE_s32_session0_lamp,19,237,26.9,-1.2426694631576538,-0.310123333377538
COHFACE_s32_session0_lamp,19,238,26.933333333333334,-1.3342938423156738,-0.18596117783161925
COHFACE_s32_session0_lamp,19,239,26.966666666666665,-1.4065525531768799,-0.03793126083952963
COHFACE_s32_session0_lamp,20,0,20.0,-0.9984201788902283,0.04949582116475644
COHFACE_s32_session0_lamp,20,1,20.033333333333335,-0.5582278370857239,0.06972129953097578
COHFACE_s32_session0_lamp,20,2,20.066666666666666,-0.10282395780086517,0.09382588923551076
COHFACE_s32_session0_lamp,20,3,20.1,0.241219162940979,0.126375397686416
COHFACE_s32_session0_lamp,20,4,20.133333333333333,0.5227946639060974,0.1692669123266713
COHFACE_s32_session0_lamp,20,5,20.166666666666668,0.740404486656189,0.22079404868877586
COHFACE_s32_session0_lamp,20,6,20.2,0.8449393510818481,0.27541114580922404
COHFACE_s32_session0_lamp,20,7,20.233333333333334,0.8128020763397217,0.3244947424851155
COHFACE_s32_session0_lamp,20,8,20.266666666666666,0.7450991868972778,0.3582865941313958
COHFACE_s32_session0_lamp,20,9,20.3,0.7221660614013672,0.3687754670646592
COHFACE_s32_session0_lamp,20,10,20.333333333333332,0.7075104713439941,0.35259187264548736
COHFACE_s32_session0_lamp,20,11,20.366666666666667,0.6415063738822937,0.31250306345525986
COHFACE_s32_session0_lamp,20,12,20.4,0.5285086035728455,0.2563368325093683
COHFACE_s32_session0_lamp,20,13,20.433333333333334,0.40201354026794434,0.1933604514564117
COHFACE_s32_session0_lamp,20,14,20.466666666666665,0.2587317228317261,0.1298270465305244
COHFACE_s32_session0_lamp,20,15,20.5,0.11696335673332214,0.06628239992725556
COHFACE_s32_session0_lamp,20,16,20.533333333333335,-0.014195555821061134,-0.0016533323728863715
COHFACE_s32_session0_lamp,20,17,20.566666666666666,-0.14461319148540497,-0.07949093211370495
COHFACE_s32_session0_lamp,20,18,20.6,-0.25853753089904785,-0.16957030503922607
COHFACE_s32_session0_lamp,20,19,20.633333333333333,-0.3730023503303528,-0.26908707967230244
COHFACE_s32_session0_lamp,20,20,20.666666666666668,-0.4949725866317749,-0.3714209900024171
COHFACE_s32_session0_lamp,20,21,20.7,-0.6135607361793518,-0.4691698880514262
COHFACE_s32_session0_lamp,20,22,20.733333333333334,-0.732596755027771,-0.5560667961756114
COHFACE_s32_session0_lamp,20,23,20.766666666666666,-0.8498567938804626,-0.6260718484125061
COHFACE_s32_session0_lamp,20,24,20.8,-0.9501448273658752,-0.6706754255952173
COHFACE_s32_session0_lamp,20,25,20.833333333333332,-1.0375686883926392,-0.677399747164594
COHFACE_s32_session0_lamp,20,26,20.866666666666667,-1.1221508979797363,-0.6317962904239097
COHFACE_s32_session0_lamp,20,27,20.9,-1.214686393737793,-0.5227040840746208
COHFACE_s32_session0_lamp,20,28,20.933333333333334,-1.3090442419052124,-0.3482277588830353
COHFACE_s32_session0_lamp,20,29,20.966666666666665,-1.3793416023254395,-0.11930366208410406
COHFACE_s32_session0_lamp,20,30,21.0,-1.3264333009719849,0.14093111642662615
COHFACE_s32_session0_lamp,20,31,21.033333333333335,-1.011114478111267,0.40172023630891246
COHFACE_s32_session0_lamp,20,32,21.066666666666666,-0.5675709843635559,0.6316249166037864
COHFACE_s32_session0_lamp,20,33,21.1,-0.2067410945892334,0.8056999856955569
COHFACE_s32_session0_lamp,20,34,21.133333333333333,0.0656302347779274,0.910743753944606
COHFACE_s32_session0_lamp,20,35,21.166666666666668,0.2839813232421875,0.9469162567195005
COHFACE_s32_session0_lamp,20,36,21.2,0.4156962037086487,0.9251525583680577
COHFACE_s32_session0_lamp,20,37,21.233333333333334,0.4206380248069763,0.8614913559875379
COHFACE_s32_session0_lamp,20,38,21.266666666666666,0.3497074842453003,0.7710107867775841
COHFACE_s32_session0_lamp,20,39,21.3,0.31307628750801086,0.6642011304347911
COHFACE_s32_session0_lamp,20,40,21.333333333333332,0.30096882581710815,0.5468036441168226
COHFACE_s32_session0_lamp,20,41,21.366666666666667,0.2740050256252289,0.4218780175908714
COHFACE_s32_session0_lamp,20,42,21.4,0.2113829404115677,0.2919075514900187
COHFACE_s32_session0_lamp,20,43,21.433333333333334,0.11231496185064316,0.15942035565955306
COHFACE_s32_session0_lamp,20,44,21.466666666666665,-0.018025463446974754,0.026112556388793298
COHFACE_s32_session0_lamp,20,45,21.5,-0.14711499214172363,-0.10829161429563587
COHFACE_s32_session0_lamp,20,46,21.533333333333335,-0.27140167355537415,-0.24602496628321177
COHFACE_s32_session0_lamp,20,47,21.566666666666666,-0.38276243209838867,-0.38961343293988465
COHFACE_s32_session0_lamp,20,48,21.6,-0.47837117314338684,-0.5394174991871956
COHFACE_s32_session0_lamp,20,49,21.633333333333333,-0.5803115963935852,-0.6919105402845833
COHFACE_s32_session0_lamp,20,50,21.666666666666668,-0.6852325201034546,-0.8396528418673176
COHFACE_s32_session0_lamp,20,51,21.7,-0.7817369699478149,-0.972769514288116
COHFACE_s32_session0_lamp,20,52,21.733333333333334,-0.8816388845443726,-1.0809962659631538
COHFACE_s32_session0_lamp,20,53,21.766666666666666,-0.9804134368896484,-1.155275130532955
COHFACE_s32_session0_lamp,20,54,21.8,-1.068424105644226,-1.1882847889627208
COHFACE_s32_session0_lamp,20,55,21.833333333333332,-1.1513848304748535,-1.1740165916681489
COHFACE_s32_session0_lamp,20,56,21.866666666666667,-1.2295582294464111,-1.107237025768302
COHFACE_s32_session0_lamp,20,57,21.9,-1.3120710849761963,-0.9838000121042975
COHFACE_s32_session0_lamp,20,58,21.933333333333334,-1.3962981700897217,-0.8020576147153866
COHFACE_s32_session0_lamp,20,59,21.966666666666665,-1.4017959833145142,-0.5647486822241358
COHFACE_s32_session0_lamp,20,60,22.0,-1.2001852989196777,-0.2804637486562759
COHFACE_s32_session0_lamp,20,61,22.033333333333335,-0.8045310974121094,0.03597698035249504
COHFACE_s32_session0_lamp,20,62,22.066666666666666,-0.4396705627441406,0.36453066437234394
COHFACE_s32_session0_lamp,20,63,22.1,-0.18816295266151428,0.6822486605926663
COHFACE_s32_session0_lamp,20,64,22.133333333333333,-0.001949115190654993,0.9664256169286158
COHFACE_s32_session0_lamp,20,65,22.166666666666668,0.12507101893424988,1.1977239596920266
COHFACE_s32_session0_lamp,20,66,22.2,0.1369313895702362,1.3622813848344335
COHFACE_s32_session0_lamp,20,67,22.233333333333334,0.05389341711997986,1.4523085133181608
COHFACE_s32_session0_lamp,20,68,22.266666666666666,0.0008152136579155922,1.4657100508429957
COHFACE_s32_session0_lamp,20,69,22.3,-0.006921818479895592,1.4057315771881373
COHFACE_s32_session0_lamp,20,70,22.333333333333332,-0.015461896546185017,1.2808585135854993
COHFACE_s32_session0_lamp,20,71,22.366666666666667,-0.05945951119065285,1.104105572975142
COHFACE_s32_session0_lamp,20,72,22.4,-0.1443815529346466,0.8907467187190728
COHFACE_s32_session0_lamp,20,73,22.433333333333334,-0.2413492649793625,0.654734542010499
COHFACE_s32_session0_lamp,20,74,22.466666666666665,-0.33667999505996704,0.4056761826083846
COHFACE_s32_session0_lamp,20,75,22.5,-0.44200247526168823,0.1485938848061861
COHFACE_s32_session0_lamp,20,76,22.533333333333335,-0.5435876846313477,-0.11301123688190669
COHFACE_s32_session0_lamp,20,77,22.566666666666666,-0.6263167858123779,-0.3726507871378695
COHFACE_s32_session0_lamp,20,78,22.6,-0.708258330821991,-0.6178340695670886
COHFACE_s32_session0_lamp,20,79,22.633333333333333,-0.7936127781867981,-0.830619275372283
COHFACE_s32_session0_lamp,20,80,22.666666666666668,-0.8848356008529663,-0.9916410478805836
COHFACE_s32_session0_lamp,20,81,22.7,-0.9785448312759399,-1.0855097483181064
COHFACE_s32_session0_lamp,20,82,22.733333333333334,-1.0469425916671753,-1.1048958028531715
COHFACE_s32_session0_lamp,20,83,22.766666666666666,-1.1163597106933594,-1.0516992942257517
COHFACE_s32_session0_lamp,20,84,22.8,-1.1857768297195435,-0.9356337578441991
COHFACE_s32_session0_lamp,20,85,22.833333333333332,-1.2451249361038208,-0.7717999482916871
COHFACE_s32_session0_lamp,20,86,22.866666666666667,-1.320564866065979,-0.5784840484350192
COHFACE_s32_session0_lamp,20,87,22.9,-1.379851222038269,-0.3752562037341009
COHFACE_s32_session0_lamp,20,88,22.933333333333334,-1.3478375673294067,-0.1807820088305782
COHFACE_s32_session0_lamp,20,89,22.966666666666665,-1.0495370626449585,-0.010113874322370679
COHFACE_s32_session0_lamp,20,90,23.0,-0.5960481762886047,0.12780455581014957
COHFACE_s32_session0_lamp,20,91,23.033333333333335,-0.2244698703289032,0.23119528814501972
COHFACE_s32_session0_lamp,20,92,23.066666666666666,0.01726219803094864,0.304482026507382
COHFACE_s32_session0_lamp,20,93,23.1,0.19317543506622314,0.3558095949117549
COHFACE_s32_session0_lamp,20,94,23.133333333333333,0.32484397292137146,0.3940808328708351
COHFACE_s32_session0_lamp,20,95,23.166666666666668,0.3709264099597931,0.42637610597385944
COHFACE_s32_session0_lamp,20,96,23.2,0.3234540820121765,0.45618280815913453
COHFACE_s32_session0_lamp,20,97,23.233333333333334,0.28330183029174805,0.48264720257551674
COHFACE_s32_session0_lamp,20,98,23.266666666666666,0.2981581687927246,0.501153708094734
COHFACE_s32_session0_lamp,20,99,23.3,0.30672913789749146,0.5053429634941577
COHFACE_s32_session0_lamp,20,100,23.333333333333332,0.27263060212135315,0.4898444100601294
COHFACE_s32_session0_lamp,20,101,23.366666666666667,0.2003874033689499,0.4522283735634592
COHFACE_s32_session0_lamp,20,102,23.4,0.09491049498319626,0.39289481758779177
COHFACE_s32_session0_lamp,20,103,23.433333333333334,-0.019307248294353485,0.31296796927239945
COHFACE_s32_session0_lamp,20,104,23.466666666666665,-0.1274867057800293,0.2119451232418489
COHFACE_s32_session0_lamp,20,105,23.5,-0.22541190683841705,0.08725386231584123
COHFACE_s32_session0_lamp,20,106,23.533333333333335,-0.31702083349227905,-0.06369521119441615
COHFACE_s32_session0_lamp,20,107,23.566666666666666,-0.4113014340400696,-0.24036351099154296
COHFACE_s32_session0_lamp,20,108,23.6,-0.5157127380371094,-0.43681129599630686
COHFACE_s32_session0_lamp,20,109,23.633333333333333,-0.6151977181434631,-0.6412970166802014
COHFACE_s32_session0_lamp,20,110,23.666666666666668,-0.7160416841506958,-0.8373340043441727
COHFACE_s32_session0_lamp,20,111,23.7,-0.8193565607070923,-1.005113891676563
COHFACE_s32_session0_lamp,20,112,23.733333333333334,-0.9100080132484436,-1.1227800394121916
COHFACE_s32_session0_lamp,20,113,23.766666666666666,-0.9842124581336975,-1.168161014340514
COHFACE_s32_session0_lamp,20,114,23.8,-1.0680071115493774,-1.1220862561069347
COHFACE_s32_session0_lamp,20,115,23.833333333333332,-1.1505354642868042,-0.973588876756992
COHFACE_s32_session0_lamp,20,116,23.866666666666667,-1.2287242412567139,-0.7254626811631417
COHFACE_s32_session0_lamp,20,117,23.9,-1.2615718841552734,-0.39728262922217805
COHFACE_s32_session0_lamp,20,118,23.933333333333334,-1.078817367553711,-0.023495308356406952
COHFACE_s32_session0_lamp,20,119,23.966666666666665,-0.6192747354507446,0.35352004483561017
COHFACE_s32_session0_lamp,20,120,24.0,-0.1390073150396347,0.6927974447283817
COHFACE_s32_session0_lamp,20,121,24.033333333333335,0.19913651049137115,0.9628206270222596
COHFACE_s32_session0_lamp,20,122,24.066666666666666,0.44925421476364136,1.1459379616033303
COHFACE_s32_session0_lamp,20,123,24.1,0.6542932987213135,1.2390035931912726
COHFACE_s32_session0_lamp,20,124,24.133333333333333,0.8174967765808105,1.251062552775009
COHFACE_s32_session0_lamp,20,125,24.166666666666668,0.8810145854949951,1.1989554274516554
COHFACE_s32_session0_lamp,20,126,24.2,0.8432251214981079,1.1019177566810714
COHFACE_s32_session0_lamp,20,127,24.233333333333334,0.8068873286247253,0.9766587225487071
COHFACE_s32_session0_lamp,20,128,24.266666666666666,0.8076749444007874,0.834481279218788
COHFACE_s32_session0_lamp,20,129,24.3,0.791382372379303,0.6812835243950416
COHFACE_s32_session0_lamp,20,130,24.333333333333332,0.7322967648506165,0.5198559984510724
COHFACE_s32_session0_lamp,20,131,24.366666666666667,0.6288738250732422,0.35270666559595787
COHFACE_s32_session0_lamp,20,132,24.4,0.5125712752342224,0.1836160952244077
COHFACE_s32_session0_lamp,20,133,24.433333333333334,0.3922225534915924,0.01723732953864486
COHFACE_s32_session0_lamp,20,134,24.466666666666665,0.26052314043045044,-0.14246520282969183
COHFACE_s32_session0_lamp,20,135,24.5,0.1343369334936142,-0.2933889374723626
COHFACE_s32_session0_lamp,20,136,24.533333333333335,0.018559426069259644,-0.43507169504981363
COHFACE_s32_session0_lamp,20,137,24.566666666666666,-0.0877668559551239,-0.5673115738775483
COHFACE_s32_session0_lamp,20,138,24.6,-0.20372967422008514,-0.6887493249633362
COHFACE_s32_session0_lamp,20,139,24.633333333333333,-0.3182099461555481,-0.7964099709300313
COHFACE_s32_session0_lamp,20,140,24.666666666666668,-0.42810362577438354,-0.8862124302772516
COHFACE_s32_session0_lamp,20,141,24.7,-0.5440201163291931,-0.9536231130741464
COHFACE_s32_session0_lamp,20,142,24.733333333333334,-0.6512730121612549,-0.9937979932848754
COHFACE_s32_session0_lamp,20,143,24.766666666666666,-0.7432680130004883,-1.00143077194098
COHFACE_s32_session0_lamp,20,144,24.8,-0.8400658369064331,-0.9711837451191211
COHFACE_s32_session0_lamp,20,145,24.833333333333332,-0.9200460314750671,-0.8992573527177795
COHFACE_s32_session0_lamp,20,146,24.866666666666667,-0.9919186234474182,-0.7854335626511931
COHFACE_s32_session0_lamp,20,147,24.9,-1.0517455339431763,-0.6340802367029105
COHFACE_s32_session0_lamp,20,148,24.933333333333334,-0.9085717797279358,-0.4531912118116247
COHFACE_s32_session0_lamp,20,149,24.966666666666665,-0.4540635943412781,-0.2520785604648798
COHFACE_s32_session0_lamp,20,150,25.0,0.062062859535217285,-0.03950307457452642
COHFACE_s32_session0_lamp,20,151,25.033333333333335,0.46418777108192444,0.17630001515229715
COHFACE_s32_session0_lamp,20,152,25.066666666666666,0.7907028794288635,0.38602501250423177
COHFACE_s32_session0_lamp,20,153,25.1,1.0818685293197632,0.5779578704188691
COHFACE_s32_session0_lamp,20,154,25.133333333333333,1.3013933897018433,0.7384405338669098
COHFACE_s32_session0_lamp,20,155,25.166666666666668,1.4058510065078735,0.8541416474392198
COHFACE_s32_session0_lamp,20,156,25.2,1.3856513500213623,0.9148315311838862
COHFACE_s32_session0_lamp,20,157,25.233333333333334,1.3090994358062744,0.9152771297315299
COHFACE_s32_session0_lamp,20,158,25.266666666666666,1.262105941772461,0.8559394990110795
COHFACE_s32_session0_lamp,20,159,25.3,1.215436577796936,0.7430980565883237
COHFACE_s32_session0_lamp,20,160,25.333333333333332,1.120152235031128,0.5888027829867856
COHFACE_s32_session0_lamp,20,161,25.366666666666667,0.9922055006027222,0.4101836783522225
COHFACE_s32_session0_lamp,20,162,25.4,0.847024142742157,0.22726946454184113
COHFACE_s32_session0_lamp,20,163,25.433333333333334,0.6970245838165283,0.05916389478307586
COHFACE_s32_session0_lamp,20,164,25.466666666666665,0.5428861975669861,-0.0801660032546876
COHFACE_s32_session0_lamp,20,165,25.5,0.3828948736190796,-0.18442002594003407
COHFACE_s32_session0_lamp,20,166,25.533333333333335,0.21688072383403778,-0.25448379102907565
COHFACE_s32_session0_lamp,20,167,25.566666666666666,0.06816291064023972,-0.295372517965407
COHFACE_s32_session0_lamp,20,168,25.6,-0.06886440515518188,-0.31252667899330594
COHFACE_s32_session0_lamp,20,169,25.633333333333333,-0.2197442501783371,-0.3095586224024283
COHFACE_s32_session0_lamp,20,170,25.666666666666668,-0.3657131791114807,-0.288276603810125
COHFACE_s32_session0_lamp,20,171,25.7,-0.4939842224121094,-0.2502121963226193
COHFACE_s32_session0_lamp,20,172,25.733333333333334,-0.6254982948303223,-0.19819533476688392
COHFACE_s32_session0_lamp,20,173,25.766666666666666,-0.7543870806694031,-0.13699092057746123
COHFACE_s32_session0_lamp,20,174,25.8,-0.8719868659973145,-0.07301357203267296
COHFACE_s32_session0_lamp,20,175,25.833333333333332,-0.9676110148429871,-0.01369228105196306
COHFACE_s32_session0_lamp,20,176,25.866666666666667,-1.0529500246047974,0.03330465703982868
COHFACE_s32_session0_lamp,20,177,25.9,-1.1343973875045776,0.06136114798950222
COHFACE_s32_session0_lamp,20,178,25.933333333333334,-1.1760013103485107,0.06699724446915033
COHFACE_s32_session0_lamp,20,179,25.966666666666665,-0.9973700642585754,0.05212806596472353
COHFACE_s32_session0_lamp,20,180,26.0,-0.5156664252281189,0.02493423959870715
COHFACE_s32_session0_lamp,20,181,26.033333333333335,-0.007199795916676521,-0.001961267689747328
COHFACE_s32_session0_lamp,20,182,26.066666666666666,0.3752813935279846,-0.015528822817923189
COHFACE_s32_session0_lamp,20,183,26.1,0.6765778064727783,-0.006480924191042106
COHFACE_s32_session0_lamp,20,184,26.133333333333333,0.9254291653633118,0.02838197837171328
COHFACE_s32_session0_lamp,20,185,26.166666666666668,1.1103458404541016,0.08605720675660476
COHFACE_s32_session0_lamp,20,186,26.2,1.1692460775375366,0.15856656576053205
COHFACE_s32_session0_lamp,20,187,26.233333333333334,1.1047554016113281,0.23440192220557965
COHFACE_s32_session0_lamp,20,188,26.266666666666666,1.037793755531311,0.2998819404034461
COHFACE_s32_session0_lamp,20,189,26.3,1.0022281408309937,0.34095670359840546
COHFACE_s32_session0_lamp,20,190,26.333333333333332,0.9511266350746155,0.34590692601462597
COHFACE_s32_session0_lamp,20,191,26.366666666666667,0.8529388904571533,0.30844059999628565
COHFACE_s32_session0_lamp,20,192,26.4,0.7226756811141968,0.22975452314854555
COHFACE_s32_session0_lamp,20,193,26.433333333333334,0.5834863185882568,0.11825657512616898
COHFACE_s32_session0_lamp,20,194,26.466666666666665,0.43339407444000244,-0.012937795998359026
COHFACE_s32_session0_lamp,20,195,26.5,0.28652945160865784,-0.14921910007539163
COHFACE_s32_session0_lamp,20,196,26.533333333333335,0.1371167004108429,-0.27685791977376073
COHFACE_s32_session0_lamp,20,197,26.566666666666666,-0.009732477366924286,-0.38421864772424424
COHFACE_s32_session0_lamp,20,198,26.6,-0.15327681601047516,-0.46279673712025066
COHFACE_s32_session0_lamp,20,199,26.633333333333333,-0.28506889939308167,-0.508995056215096
COHFACE_s32_session0_lamp,20,200,26.666666666666668,-0.41497692465782166,-0.5258755252798765
COHFACE_s32_session0_lamp,20,201,26.7,-0.5506452322006226,-0.5227837519205263
COHFACE_s32_session0_lamp,20,202,26.733333333333334,-0.6763526797294617,-0.5115934260792716
COHFACE_s32_session0_lamp,20,203,26.766666666666666,-0.8086698651313782,-0.5008164562801215
COHFACE_s32_session0_lamp,20,204,26.8,-0.9329565763473511,-0.49094687948783367
COHFACE_s32_session0_lamp,20,205,26.833333333333332,-1.045212984085083,-0.47414266938054794
COHFACE_s32_session0_lamp,20,206,26.866666666666667,-1.1455936431884766,-0.43843293975681885
COHFACE_s32_session0_lamp,20,207,26.9,-1.2426694631576538,-0.3736055759953459
COHFACE_s32_session0_lamp,20,208,26.933333333333334,-1.3342938423156738,-0.275392880030919
COHFACE_s32_session0_lamp,20,209,26.966666666666665,-1.4065525531768799,-0.14645910741913595
COHFACE_s32_session0_lamp,20,210,27.0,-1.3463549613952637,0.004876858508528403
COHFACE_s32_session0_lamp,20,211,27.033333333333335,-0.9748693108558655,0.16640165907917903
COHFACE_s32_session0_lamp,20,212,27.066666666666666,-0.43108415603637695,0.32375104505903435
COHFACE_s32_session0_lamp,20,213,27.1,-0.008358034305274487,0.46288106736418855
COHFACE_s32_session0_lamp,20,214,27.133333333333333,0.2703758776187897,0.5732948270861241
COHFACE_s32_session0_lamp,20,215,27.166666666666668,0.497946560382843,0.65054608312005
COHFACE_s32_session0_lamp,20,216,27.2,0.665505051612854,0.6963052279224987
COHFACE_s32_session0_lamp,20,217,27.233333333333334,0.7172242403030396,0.7156715008523588
COHFACE_s32_session0_lamp,20,218,27.266666666666666,0.6801142692565918,0.7133758410898126
COHFACE_s32_session0_lamp,20,219,27.3,0.6396531462669373,0.6913814714884786
COHFACE_s32_session0_lamp,20,220,27.333333333333332,0.632533848285675,0.6492628655964724
COHFACE_s32_session0_lamp,20,221,27.366666666666667,0.6263257265090942,0.5865755267894609
COHFACE_s32_session0_lamp,20,222,27.4,0.5684446692466736,0.5049599895943789
COHFACE_s32_session0_lamp,20,223,27.433333333333334,0.47408685088157654,0.4081364500939766
COHFACE_s32_session0_lamp,20,224,27.466666666666665,0.3517923355102539,0.3000101724808262
COHFACE_s32_session0_lamp,20,225,27.5,0.22166810929775238,0.18286669782091616
COHFACE_s32_session0_lamp,20,226,27.533333333333335,0.09782925993204117,0.057403328214580274
COHFACE_s32_session0_lamp,20,227,27.566666666666666,-0.03113672137260437,-0.07541501830281042
COHFACE_s32_session0_lamp,20,228,27.6,-0.15424974262714386,-0.21231820069827845
COHFACE_s32_session0_lamp,20,229,27.633333333333333,-0.26040613651275635,-0.3472448161594732
COHFACE_s32_session0_lamp,20,230,27.666666666666668,-0.3716588020324707,-0.4725694685961865
COHFACE_s32_session0_lamp,20,231,27.7,-0.4821701943874359,-0.5806702855139652
COHFACE_s32_session0_lamp,20,232,27.733333333333334,-0.5806204676628113,-0.6645430331956875
COHFACE_s32_session0_lamp,20,233,27.766666666666666,-0.6865297555923462,-0.7174361261176836
COHFACE_s32_session0_lamp,20,234,27.8,-0.7772893309593201,-0.732570189800979
COHFACE_s32_session0_lamp,20,235,27.833333333333332,-0.8673076033592224,-0.7040403361192217
COHFACE_s32_session0_lamp,20,236,27.866666666666667,-0.958406925201416,-0.6289822409086385
COHFACE_s32_session0_lamp,20,237,27.9,-1.0421088933944702,-0.5099329516505645
COHFACE_s32_session0_lamp,20,238,27.933333333333334,-1.125903606414795,-0.35599899129022866
COHFACE_s32_session0_lamp,20,239,27.966666666666665,-1.1993359327316284,-0.1820893919662367
COHFACE_s32_session0_lamp,21,0,21.0,-1.3264333009719849,0.13959681774869517
COHFACE_s32_session0_lamp,21,1,21.033333333333335,-1.011114478111267,0.09782745291225511
COHFACE_s32_session0_lamp,21,2,21.066666666666666,-0.5675709843635559,0.053599201263989434
COHFACE_s32_session0_lamp,21,3,21.1,-0.2067410945892334,0.007843501924257815
COHFACE_s32_session0_lamp,21,4,21.133333333333333,0.0656302347779274,-0.034152289930726755
COHFACE_s32_session0_lamp,21,5,21.166666666666668,0.2839813232421875,-0.06371762826957192
COHFACE_s32_session0_lamp,21,6,21.2,0.4156962037086487,-0.07177441554433205
COHFACE_s32_session0_lamp,21,7,21.233333333333334,0.4206380248069763,-0.05288956567149632
COHFACE_s32_session0_lamp,21,8,21.266666666666666,0.3497074842453003,-0.008587060327538785
COHFACE_s32_session0_lamp,21,9,21.3,0.31307628750801086,0.05208385694038324
COHFACE_s32_session0_lamp,21,10,21.333333333333332,0.30096882581710815,0.11532513701886736
COHFACE_s32_session0_lamp,21,11,21.366666666666667,0.2740050256252289,0.1672253666956692
COHFACE_s32_session0_lamp,21,12,21.4,0.2113829404115677,0.19761784049688516
COHFACE_s32_session0_lamp,21,13,21.433333333333334,0.11231496185064316,0.20126615962697683
COHFACE_s32_session0_lamp,21,14,21.466666666666665,-0.018025463446974754,0.17668597389489465
COHFACE_s32_session0_lamp,21,15,21.5,-0.14711499214172363,0.12456766841511563
COHFACE_s32_session0_lamp,21,16,21.533333333333335,-0.27140167355537415,0.04732858683617097
COHFACE_s32_session0_lamp,21,17,21.566666666666666,-0.38276243209838867,-0.05042848455960868
COHFACE_s32_session0_lamp,21,18,21.6,-0.47837117314338684,-0.1620147360758122
COHFACE_s32_session0_lamp,21,19,21.633333333333333,-0.5803115963935852,-0.28031611738269685
COHFACE_s32_session0_lamp,21,20,21.666666666666668,-0.6852325201034546,-0.4001564844191051
COHFACE_s32_session0_lamp,21,21,21.7,-0.7817369699478149,-0.5192761890354178
COHFACE_s32_session0_lamp,21,22,21.733333333333334,-0.8816388845443726,-0.6367664293752139
COHFACE_s32_session0_lamp,21,23,21.766666666666666,-0.9804134368896484,-0.7498388655168954
COHFACE_s32_session0_lamp,21,24,21.8,-1.068424105644226,-0.8510421917576179
COHFACE_s32_session0_lamp,21,25,21.833333333333332,-1.1513848304748535,-0.9277004930950059
COHFACE_s32_session0_lamp,21,26,21.866666666666667,-1.2295582294464111,-0.963895213714289
COHFACE_s32_session0_lamp,21,27,21.9,-1.3120710849761963,-0.9439966716163877
COHFACE_s32_session0_lamp,21,28,21.933333333333334,-1.3962981700897217,-0.8564879264417394
COHFACE_s32_session0_lamp,21,29,21.966666666666665,-1.4017959833145142,-0.6972197866912243
COHFACE_s32_session0_lamp,21,30,22.0,-1.2001852989196777,-0.4715145403164336
COHFACE_s32_session0_lamp,21,31,22.033333333333335,-0.8045310974121094,-0.19459391135425497
COHFACE_s32_session0_lamp,21,32,22.066666666666666,-0.4396705627441406,0.11006144776034868
COHFACE_s32_session0_lamp,21,33,22.1,-0.18816295266151428,0.414380604936878
COHFACE_s32_session0_lamp,21,34,22.133333333333333,-0.001949115190654993,0.6906357188541447
COHFACE_s32_session0_lamp,21,35,22.166666666666668,0.12507101893424988,0.9161904826574213
COHFACE_s32_session0_lamp,21,36,22.2,0.1369313895702362,1.076466398015725
COHFACE_s32_session0_lamp,21,37,22.233333333333334,0.05389341711997986,1.1653554748839725
COHFACE_s32_session0_lamp,21,38,22.266666666666666,0.0008152136579155922,1.183823718054506
COHFACE_s32_session0_lamp,21,39,22.3,-0.006921818479895592,1.1382745456531513
COHFACE_s32_session0_lamp,21,40,22.333333333333332,-0.015461896546185017,1.0394733264652216
COHFACE_s32_session0_lamp,21,41,22.366666666666667,-0.05945951119065285,0.9014475483032044
COHFACE_s32_session0_lamp,21,42,22.4,-0.1443815529346466,0.7393123832127909
COHFACE_s32_session0_lamp,21,43,22.433333333333334,-0.2413492649793625,0.5659938824761963
COHFACE_s32_session0_lamp,21,44,22.466666666666665,-0.33667999505996704,0.3895416786354715
COHFACE_s32_session0_lamp,21,45,22.5,-0.44200247526168823,0.21317577121820777
COHFACE_s32_session0_lamp,21,46,22.533333333333335,-0.5435876846313477,0.03839095964331531
COHFACE_s32_session0_lamp,21,47,22.566666666666666,-0.6263167858123779,-0.13093907941825028
COHFACE_s32_session0_lamp,21,48,22.6,-0.708258330821991,-0.28623602338186444
COHFACE_s32_session0_lamp,21,49,22.633333333333333,-0.7936127781867981,-0.4151960569570738
COHFACE_s32_session0_lamp,21,50,22.666666666666668,-0.8848356008529663,-0.5054724368235747
COHFACE_s32_session0_lamp,21,51,22.7,-0.9785448312759399,-0.5489168686059095
COHFACE_s32_session0_lamp,21,52,22.733333333333334,-1.0469425916671753,-0.5442317130727263
COHFACE_s32_session0_lamp,21,53,22.766666666666666,-1.1163597106933594,-0.49720012926066304
COHFACE_s32_session0_lamp,21,54,22.8,-1.1857768297195435,-0.4192290502035498
COHFACE_s32_session0_lamp,21,55,22.833333333333332,-1.2451249361038208,-0.3254830924187861
COHFACE_s32_session0_lamp,21,56,22.866666666666667,-1.320564866065979,-0.23302200356517466
COHFACE_s32_session0_lamp,21,57,22.9,-1.379851222038269,-0.1583290513246944
COHFACE_s32_session0_lamp,21,58,22.933333333333334,-1.3478375673294067,-0.11377610502762148
COHFACE_s32_session0_lamp,21,59,22.966666666666665,-1.0495370626449585,-0.10378057429193446
COHFACE_s32_session0_lamp,21,60,23.0,-0.5960481762886047,-0.12253557842280502
COHFACE_s32_session0_lamp,21,61,23.033333333333335,-0.2244698703289032,-0.15499728330633256
COHFACE_s32_session0_lamp,21,62,23.066666666666666,0.01726219803094864,-0.1810895515266815
COHFACE_s32_session0_lamp,21,63,23.1,0.19317543506622314,-0.1814100575770026
COHFACE_s32_session0_lamp,21,64,23.133333333333333,0.32484397292137146,-0.1425407651301369
COHFACE_s32_session0_lamp,21,65,23.166666666666668,0.3709264099597931,-0.060856671734300885
COHFACE_s32_session0_lamp,21,66,23.2,0.3234540820121765,0.05570176015621975
COHFACE_s32_session0_lamp,21,67,23.233333333333334,0.28330183029174805,0.18839106016370347
COHFACE_s32_session0_lamp,21,68,23.266666666666666,0.2981581687927246,0.3114811687468683
COHFACE_s32_session0_lamp,21,69,23.3,0.30672913789749146,0.3988981715751721
COHFACE_s32_session0_lamp,21,70,23.333333333333332,0.27263060212135315,0.43181933884548807
COHFACE_s32_session0_lamp,21,71,23.366666666666667,0.2003874033689499,0.4041098834937447
COHFACE_s32_session0_lamp,21,72,23.4,0.09491049498319626,0.3230279569679324
COHFACE_s32_session0_lamp,21,73,23.433333333333334,-0.019307248294353485,0.20488536393569676
COHFACE_s32_session0_lamp,21,74,23.466666666666665,-0.1274867057800293,0.06806010733957159
COHFACE_s32_session0_lamp,21,75,23.5,-0.22541190683841705,-0.07294200465192682
COHFACE_s32_session0_lamp,21,76,23.533333333333335,-0.31702083349227905,-0.20978295818011647
COHFACE_s32_session0_lamp,21,77,23.566666666666666,-0.4113014340400696,-0.33886051916382
COHFACE_s32_session0_lamp,21,78,23.6,-0.5157127380371094,-0.4581259349522124
COHFACE_s32_session0_lamp,21,79,23.633333333333333,-0.6151977181434631,-0.5644772139723807
COHFACE_s32_session0_lamp,21,80,23.666666666666668,-0.7160416841506958,-0.6527218809006752
COHFACE_s32_session0_lamp,21,81,23.7,-0.8193565607070923,-0.7156344292327851
COHFACE_s32_session0_lamp,21,82,23.733333333333334,-0.9100080132484436,-0.7444196959904887
COHFACE_s32_session0_lamp,21,83,23.766666666666666,-0.9842124581336975,-0.7296095159585063
COHFACE_s32_session0_lamp,21,84,23.8,-1.0680071115493774,-0.6629366483628313
COHFACE_s32_session0_lamp,21,85,23.833333333333332,-1.1505354642868042,-0.5403511519414216
COHFACE_s32_session0_lamp,21,86,23.866666666666667,-1.2287242412567139,-0.36521286524857993
COHFACE_s32_session0_lamp,21,87,23.9,-1.2615718841552734,-0.1498456866440179
COHFACE_s32_session0_lamp,21,88,23.933333333333334,-1.078817367553711,0.08594776513222288
COHFACE_s32_session0_lamp,21,89,23.966666666666665,-0.6192747354507446,0.3191757460682995
COHFACE_s32_session0_lamp,21,90,24.0,-0.1390073150396347,0.5287042935215681
COHFACE_s32_session0_lamp,21,91,24.033333333333335,0.19913651049137115,0.698683101527464
COHFACE_s32_session0_lamp,21,92,24.066666666666666,0.44925421476364136,0.819635815658558
COHFACE_s32_session0_lamp,21,93,24.1,0.6542932987213135,0.8882303146869027
COHFACE_s32_session0_lamp,21,94,24.133333333333333,0.8174967765808105,0.906715578390052
COHFACE_s32_session0_lamp,21,95,24.166666666666668,0.8810145854949951,0.881983380329508
COHFACE_s32_session0_lamp,21,96,24.2,0.8432251214981079,0.8237918914822508
COHFACE_s32_session0_lamp,21,97,24.233333333333334,0.8068873286247253,0.7422477820084643
COHFACE_s32_session0_lamp,21,98,24.266666666666666,0.8076749444007874,0.6455365445062625
COHFACE_s32_session0_lamp,21,99,24.3,0.791382372379303,0.5391009121021446
COHFACE_s32_session0_lamp,21,100,24.333333333333332,0.7322967648506165,0.42653751932988465
COHFACE_s32_session0_lamp,21,101,24.366666666666667,0.6288738250732422,0.31122313014993
COHFACE_s32_session0_lamp,21,102,24.4,0.5125712752342224,0.19722549052737834
COHFACE_s32_session0_lamp,21,103,24.433333333333334,0.3922225534915924,0.0887712757019989
COHFACE_s32_session0_lamp,21,104,24.466666666666665,0.26052314043045044,-0.011103718672901667
COHFACE_s32_session0_lamp,21,105,24.5,0.1343369334936142,-0.10135122544663411
COHFACE_s32_session0_lamp,21,106,24.533333333333335,0.018559426069259644,-0.18240723696563527
COHFACE_s32_session0_lamp,21,107,24.566666666666666,-0.0877668559551239,-0.2549257604207984
COHFACE_s32_session0_lamp,21,108,24.6,-0.20372967422008514,-0.3189973425584221
COHFACE_s32_session0_lamp,21,109,24.633333333333333,-0.3182099461555481,-0.37464032035815426
COHFACE_s32_session0_lamp,21,110,24.666666666666668,-0.42810362577438354,-0.42305315659757287
COHFACE_s32_session0_lamp,21,111,24.7,-0.5440201163291931,-0.4671639243593527
COHFACE_s32_session0_lamp,21,112,24.733333333333334,-0.6512730121612549,-0.510376670774944
COHFACE_s32_session0_lamp,21,113,24.766666666666666,-0.7432680130004883,-0.5538472873827792
COHFACE_s32_session0_lamp,21,114,24.8,-0.8400658369064331,-0.5940267609212735
COHFACE_s32_session0_lamp,21,115,24.833333333333332,-0.9200460314750671,-0.6223412710788624
COHFACE_s32_session0_lamp,21,116,24.866666666666667,-0.9919186234474182,-0.6274262100441728
COHFACE_s32_session0_lamp,21,117,24.9,-1.0517455339431763,-0.5986482014676155
COHFACE_s32_session0_lamp,21,118,24.933333333333334,-0.9085717797279358,-0.5292313432805198
COHFACE_s32_session0_lamp,21,119,24.966666666666665,-0.4540635943412781,-0.4182178525702964
COHFACE_s32_session0_lamp,21,120,25.0,0.062062859535217285,-0.27167495958562904
COHFACE_s32_session0_lamp,21,121,25.033333333333335,0.46418777108192444,-0.10356675045827424
COHFACE_s32_session0_lamp,21,122,25.066666666666666,0.7907028794288635,0.06468036563643556
COHFACE_s32_session0_lamp,21,123,25.1,1.0818685293197632,0.2076041423921844
COHFACE_s32_session0_lamp,21,124,25.133333333333333,1.3013933897018433,0.30221341063167967
COHFACE_s32_session0_lamp,21,125,25.166666666666668,1.4058510065078735,0.33513077917762507
COHFACE_s32_session0_lamp,21,126,25.2,1.3856513500213623,0.306840811038365
COHFACE_s32_session0_lamp,21,127,25.233333333333334,1.3090994358062744,0.2308252793760659
COHFACE_s32_session0_lamp,21,128,25.266666666666666,1.262105941772461,0.12829156385963944
COHFACE_s32_session0_lamp,21,129,25.3,1.215436577796936,0.021571054209806442
COHFACE_s32_session0_lamp,21,130,25.333333333333332,1.120152235031128,-0.07067585024010155
COHFACE_s32_session0_lamp,21,131,25.366666666666667,0.9922055006027222,-0.13527818164477617
COHFACE_s32_session0_lamp,21,132,25.4,0.847024142742157,-0.16453520580489733
COHFACE_s32_session0_lamp,21,133,25.433333333333334,0.6970245838165283,-0.15622695492960015
COHFACE_s32_session0_lamp,21,134,25.466666666666665,0.5428861975669861,-0.1141111049653428
COHFACE_s32_session0_lamp,21,135,25.5,0.3828948736190796,-0.047664474508424544
COHFACE_s32_session0_lamp,21,136,25.533333333333335,0.21688072383403778,0.030159190628725595
COHFACE_s32_session0_lamp,21,137,25.566666666666666,0.06816291064023972,0.10682102600810334
COHFACE_s32_session0_lamp,21,138,25.6,-0.06886440515518188,0.17381612185462594
COHFACE_s32_session0_lamp,21,139,25.633333333333333,-0.2197442501783371,0.22800967398096533
COHFACE_s32_session0_lamp,21,140,25.666666666666668,-0.3657131791114807,0.27037856480384803
COHFACE_s32_session0_lamp,21,141,25.7,-0.4939842224121094,0.30362828642352196
COHFACE_s32_session0_lamp,21,142,25.733333333333334,-0.6254982948303223,0.33033376967714456
COHFACE_s32_session0_lamp,21,143,25.766666666666666,-0.7543870806694031,0.352147208146464
COHFACE_s32_session0_lamp,21,144,25.8,-0.8719868659973145,0.36954232072220533
COHFACE_s32_session0_lamp,21,145,25.833333333333332,-0.9676110148429871,0.3814395343428498
COHFACE_s32_session0_lamp,21,146,25.866666666666667,-1.0529500246047974,0.3848610882693485
COHFACE_s32_session0_lamp,21,147,25.9,-1.1343973875045776,0.37540329429604385
COHFACE_s32_session0_lamp,21,148,25.933333333333334,-1.1760013103485107,0.3488783868159051
COHFACE_s32_session0_lamp,21,149,25.966666666666665,-0.9973700642585754,0.303436138172587
COHFACE_s32_session0_lamp,21,150,26.0,-0.5156664252281189,0.24087883466511548
COHFACE_s32_session0_lamp,21,151,26.033333333333335,-0.007199795916676521,0.16634076518825067
COHFACE_s32_session0_lamp,21,152,26.066666666666666,0.3752813935279846,0.08675594839530436
COHFACE_s32_session0_lamp,21,153,26.1,0.6765778064727783,0.009381065216720592
COHFACE_s32_session0_lamp,21,154,26.133333333333333,0.9254291653633118,-0.05881508237244573
COHFACE_s32_session0_lamp,21,155,26.166666666666668,1.1103458404541016,-0.1112763511431836
COHFACE_s32_session0_lamp,21,156,26.2,1.1692460775375366,-0.14259675970748378
COHFACE_s32_session0_lamp,21,157,26.233333333333334,1.1047554016113281,-0.15042093878480695
COHFACE_s32_session0_lamp,21,158,26.266666666666666,1.037793755531311,-0.13753846000716485
COHFACE_s32_session0_lamp,21,159,26.3,1.0022281408309937,-0.11232049683631545
COHFACE_s32_session0_lamp,21,160,26.333333333333332,0.9511266350746155,-0.08656101362502411
COHFACE_s32_session0_lamp,21,161,26.366666666666667,0.8529388904571533,-0.07161178424516718
COHFACE_s32_session0_lamp,21,162,26.4,0.7226756811141968,-0.07482854065776888
COHFACE_s32_session0_lamp,21,163,26.433333333333334,0.5834863185882568,-0.09803365718193988
COHFACE_s32_session0_lamp,21,164,26.466666666666665,0.43339407444000244,-0.13827303136554386
COHFACE_s32_session0_lamp,21,165,26.5,0.28652945160865784,-0.18977674792662816
COHFACE_s32_session0_lamp,21,166,26.533333333333335,0.1371167004108429,-0.24576424866652566
COHFACE_s32_session0_lamp,21,167,26.566666666666666,-0.009732477366924286,-0.29954871068974853
COHFACE_s32_session0_lamp,21,168,26.6,-0.15327681601047516,-0.3454396995057256
COHFACE_s32_session0_lamp,21,169,26.633333333333333,-0.28506889939308167,-0.3800745595836304
COHFACE_s32_session0_lamp,21,170,26.666666666666668,-0.41497692465782166,-0.40373450822062334
COHFACE_s32_session0_lamp,21,171,26.7,-0.5506452322006226,-0.4202649460515186
COHFACE_s32_session0_lamp,21,172,26.733333333333334,-0.6763526797294617,-0.4347630220661316
COHFACE_s32_session0_lamp,21,173,26.766666666666666,-0.8086698651313782,-0.44990464036856953
COHFACE_s32_session0_lamp,21,174,26.8,-0.9329565763473511,-0.46323704483759925
COHFACE_s32_session0_lamp,21,175,26.833333333333332,-1.045212984085083,-0.4674472820833435
COHFACE_s32_session0_lamp,21,176,26.866666666666667,-1.1455936431884766,-0.45337776541233343
COHFACE_s32_session0_lamp,21,177,26.9,-1.2426694631576538,-0.4135319818746725
COHFACE_s32_session0_lamp,21,178,26.933333333333334,-1.3342938423156738,-0.34397530202813253
COHFACE_s32_session0_lamp,21,179,26.966666666666665,-1.4065525531768799,-0.24432895924755513
COHFACE_s32_session0_lamp,21,180,27.0,-1.3463549613952637,-0.1171552348884617
COHFACE_s32_session0_lamp,21,181,27.033333333333335,-0.9748693108558655,0.03188542430600525
COHFACE_s32_session0_lamp,21,182,27.066666666666666,-0.43108415603637695,0.193167654243971
COHFACE_s32_session0_lamp,21,183,27.1,-0.008358034305274487,0.3529687450178741
COHFACE_s32_session0_lamp,21,184,27.133333333333333,0.2703758776187897,0.49533748601566935
COHFACE_s32_session0_lamp,21,185,27.166666666666668,0.497946560382843,0.6057323470621194
COHFACE_s32_session0_lamp,21,186,27.2,0.665505051612854,0.6747031549320046
COHFACE_s32_session0_lamp,21,187,27.233333333333334,0.7172242403030396,0.6997380316922143
COHFACE_s32_session0_lamp,21,188,27.266666666666666,0.6801142692565918,0.6848308020438082
COHFACE_s32_session0_lamp,21,189,27.3,0.6396531462669373,0.6388259271580098
COHFACE_s32_session0_lamp,21,190,27.333333333333332,0.632533848285675,0.5736913542812969
COHFACE_s32_session0_lamp,21,191,27.366666666666667,0.6263257265090942,0.5028893666629072
COHFACE_s32_session0_lamp,21,192,27.4,0.5684446692466736,0.4392218001373378
COHFACE_s32_session0_lamp,21,193,27.433333333333334,0.47408685088157654,0.39184344601418886
COHFACE_s32_session0_lamp,21,194,27.466666666666665,0.3517923355102539,0.3634324724581104
COHFACE_s32_session0_lamp,21,195,27.5,0.22166810929775238,0.34930929305263086
COHFACE_s32_session0_lamp,21,196,27.533333333333335,0.09782925993204117,0.33944488729773825
COHFACE_s32_session0_lamp,21,197,27.566666666666666,-0.03113672137260437,0.32248243843262947
COHFACE_s32_session0_lamp,21,198,27.6,-0.15424974262714386,0.28962061259719335
COHFACE_s32_session0_lamp,21,199,27.633333333333333,-0.26040613651275635,0.23644641824825147
COHFACE_s32_session0_lamp,21,200,27.666666666666668,-0.3716588020324707,0.16241164669058838
COHFACE_s32_session0_lamp,21,201,27.7,-0.4821701943874359,0.06918956552415514
COHFACE_s32_session0_lamp,21,202,27.733333333333334,-0.5806204676628113,-0.040645843393340694
COHFACE_s32_session0_lamp,21,203,27.766666666666666,-0.6865297555923462,-0.16406555499919948
COHFACE_s32_session0_lamp,21,204,27.8,-0.7772893309593201,-0.2975368374030991
COHFACE_s32_session0_lamp,21,205,27.833333333333332,-0.8673076033592224,-0.4369914319728556
COHFACE_s32_session0_lamp,21,206,27.866666666666667,-0.958406925201416,-0.5776454290301145
COHFACE_s32_session0_lamp,21,207,27.9,-1.0421088933944702,-0.7131362516727654
COHFACE_s32_session0_lamp,21,208,27.933333333333334,-1.125903606414795,-0.8341735061434794
COHFACE_s32_session0_lamp,21,209,27.966666666666665,-1.1993359327316284,-0.9279066635672224
COHFACE_s32_session0_lamp,21,210,28.0,-1.2574023008346558,-0.9792689965052064
COHFACE_s32_session0_lamp,21,211,28.033333333333335,-1.1842942237854004,-0.974445644893576
COHFACE_s32_session0_lamp,21,212,28.066666666666666,-0.8131020665168762,-0.9050771492317474
COHFACE_s32_session0_lamp,21,213,28.1,-0.3098706305027008,-0.7711235687102448
COHFACE_s32_session0_lamp,21,214,28.133333333333333,0.057954974472522736,-0.5811759896017105
COHFACE_s32_session0_lamp,21,215,28.166666666666668,0.27456098794937134,-0.35063342261146574
COHFACE_s32_session0_lamp,21,216,28.2,0.42454513907432556,-0.09922295388005904
COHFACE_s32_session0_lamp,21,217,28.233333333333334,0.5223004817962646,0.15094726059407568
COHFACE_s32_session0_lamp,21,218,28.266666666666666,0.5133125185966492,0.37696159219694675
COHFACE_s32_session0_lamp,21,219,28.3,0.44303062558174133,0.5574329756757934
COHFACE_s32_session0_lamp,21,220,28.333333333333332,0.4032798707485199,0.6761943696759118
COHFACE_s32_session0_lamp,21,221,28.366666666666667,0.3999750316143036,0.7263355564290989
COHFACE_s32_session0_lamp,21,222,28.4,0.39276307821273804,0.7123364147462394
COHFACE_s32_session0_lamp,21,223,28.433333333333334,0.347313791513443,0.6485220661429474
COHFACE_s32_session0_lamp,21,224,28.466666666666665,0.24415336549282074,0.5542921075423504
COHFACE_s32_session0_lamp,21,225,28.5,0.11534181982278824,0.44855915773197386
COHFACE_s32_session0_lamp,21,226,28.533333333333335,-0.008805885910987854,0.3457794628451867
COHFACE_s32_session0_lamp,21,227,28.566666666666666,-0.1178501695394516,0.2544428222592163
COHFACE_s32_session0_lamp,21,228,28.6,-0.22870129346847534,0.1774863479309472
COHFACE_s32_session0_lamp,21,229,28.633333333333333,-0.33513566851615906,0.11365516495046935
COHFACE_s32_session0_lamp,21,230,28.666666666666668,-0.42486053705215454,0.05925659182125975
COHFACE_s32_session0_lamp,21,231,28.7,-0.5090876221656799,0.0101832453184482
COHFACE_s32_session0_lamp,21,232,28.733333333333334,-0.5982410907745361,-0.0361260404872232
COHFACE_s32_session0_lamp,21,233,28.766666666666666,-0.6905604004859924,-0.0795207756659454
COHFACE_s32_session0_lamp,21,234,28.8,-0.7828488349914551,-0.11737710948369319
COHFACE_s32_session0_lamp,21,235,28.833333333333332,-0.8721721768379211,-0.14611951782123148
COHFACE_s32_session0_lamp,21,236,28.866666666666667,-0.9568780064582825,-0.1630746229487651
COHFACE_s32_session0_lamp,21,237,28.9,-1.0302485227584839,-0.16754149836094379
COHFACE_s32_session0_lamp,21,238,28.933333333333334,-1.100932002067566,-0.16072826693684203
COHFACE_s32_session0_lamp,21,239,28.966666666666665,-1.1799392700195312,-0.14507972335998134
COHFACE_s32_session0_lamp,22,0,22.0,-1.2001852989196777,0.0593561214598014
COHFACE_s32_session0_lamp,22,1,22.033333333333335,-0.8045310974121094,0.2030864551894768
COHFACE_s32_session0_lamp,22,2,22.066666666666666,-0.4396705627441406,0.3462083571714844
COHFACE_s32_session0_lamp,22,3,22.1,-0.18816295266151428,0.48759864199808567
COHFACE_s32_session0_lamp,22,4,22.133333333333333,-0.001949115190654993,0.6237906618392814
COHFACE_s32_session0_lamp,22,5,22.166666666666668,0.12507101893424988,0.7497914090687877
COHFACE_s32_session0_lamp,22,6,22.2,0.1369313895702362,0.8601635914269223
COHFACE_s32_session0_lamp,22,7,22.233333333333334,0.05389341711997986,0.9493437673936911
COHFACE_s32_session0_lamp,22,8,22.266666666666666,0.0008152136579155922,1.0114337898809065
COHFACE_s32_session0_lamp,22,9,22.3,-0.006921818479895592,1.040543867033947
COHFACE_s32_session0_lamp,22,10,22.333333333333332,-0.015461896546185017,1.0319887623798503
COHFACE_s32_session0_lamp,22,11,22.366666666666667,-0.05945951119065285,0.9832267516143254
COHFACE_s32_session0_lamp,22,12,22.4,-0.1443815529346466,0.8931258829071415
COHFACE_s32_session0_lamp,22,13,22.433333333333334,-0.2413492649793625,0.7596929172917345
COHFACE_s32_session0_lamp,22,14,22.466666666666665,-0.33667999505996704,0.5787785176916675
COHFACE_s32_session0_lamp,22,15,22.5,-0.44200247526168823,0.34663153776592914
COHFACE_s32_session0_lamp,22,16,22.533333333333335,-0.5435876846313477,0.06611656735024793
COHFACE_s32_session0_lamp,22,17,22.566666666666666,-0.6263167858123779,-0.24730295449146442
COHFACE_s32_session0_lamp,22,18,22.6,-0.708258330821991,-0.5644928102968629
COHFACE_s32_session0_lamp,22,19,22.633333333333333,-0.7936127781867981,-0.8483154688443298
COHFACE_s32_session0_lamp,22,20,22.666666666666668,-0.8848356008529663,-1.0634072070558012
COHFACE_s32_session0_lamp,22,21,22.7,-0.9785448312759399,-1.1848776098647915
COHFACE_s32_session0_lamp,22,22,22.733333333333334,-1.0469425916671753,-1.2022061538213356
COHFACE_s32_session0_lamp,22,23,22.766666666666666,-1.1163597106933594,-1.1184667234247456
COHFACE_s32_session0_lamp,22,24,22.8,-1.1857768297195435,-0.947920120922281
COHFACE_s32_session0_lamp,22,25,22.833333333333332,-1.2451249361038208,-0.7145934373173929
COHFACE_s32_session0_lamp,22,26,22.866666666666667,-1.320564866065979,-0.4511271250387436
COHFACE_s32_session0_lamp,22,27,22.9,-1.379851222038269,-0.19483924327604607
COHFACE_s32_session0_lamp,22,28,22.933333333333334,-1.3478375673294067,0.020286197143159875
COHFACE_s32_session0_lamp,22,29,22.966666666666665,-1.0495370626449585,0.17290424165483861
COHFACE_s32_session0_lamp,22,30,23.0,-0.5960481762886047,0.25968731692503644
COHFACE_s32_session0_lamp,22,31,23.033333333333335,-0.2244698703289032,0.2933165212860229
COHFACE_s32_session0_lamp,22,32,23.066666666666666,0.01726219803094864,0.2947643349196938
COHFACE_s32_session0_lamp,22,33,23.1,0.19317543506622314,0.2852231321971522
COHFACE_s32_session0_lamp,22,34,23.133333333333333,0.32484397292137146,0.28161327154855204
COHFACE_s32_session0_lamp,22,35,23.166666666666668,0.3709264099597931,0.2954121732014761
COHFACE_s32_session0_lamp,22,36,23.2,0.3234540820121765,0.33203885216748785
COHFACE_s32_session0_lamp,22,37,23.233333333333334,0.28330183029174805,0.3891445216913151
COHFACE_s32_session0_lamp,22,38,23.266666666666666,0.2981581687927246,0.45550714232509615
COHFACE_s32_session0_lamp,22,39,23.3,0.30672913789749146,0.5136550468284847
COHFACE_s32_session0_lamp,22,40,23.333333333333332,0.27263060212135315,0.5464469578488254
COHFACE_s32_session0_lamp,22,41,23.366666666666667,0.2003874033689499,0.5437391551717162
COHFACE_s32_session0_lamp,22,42,23.4,0.09491049498319626,0.504420138527741
COHFACE_s32_session0_lamp,22,43,23.433333333333334,-0.019307248294353485,0.4324644419092167
COHFACE_s32_session0_lamp,22,44,23.466666666666665,-0.1274867057800293,0.3306987210375919
COHFACE_s32_session0_lamp,22,45,23.5,-0.22541190683841705,0.19796118586553493
COHFACE_s32_session0_lamp,22,46,23.533333333333335,-0.31702083349227905,0.031912083822315376
COHFACE_s32_session0_lamp,22,47,23.566666666666666,-0.4113014340400696,-0.1654589483063689
COHFACE_s32_session0_lamp,22,48,23.6,-0.5157127380371094,-0.38458143426031244
COHFACE_s32_session0_lamp,22,49,23.633333333333333,-0.6151977181434631,-0.6098039617740008
COHFACE_s32_session0_lamp,22,50,23.666666666666668,-0.7160416841506958,-0.823581443344815
COHFACE_s32_session0_lamp,22,51,23.7,-0.8193565607070923,-1.0089866125041789
COHFACE_s32_session0_lamp,22,52,23.733333333333334,-0.9100080132484436,-1.1485722741490743
COHFACE_s32_session0_lamp,22,53,23.766666666666666,-0.9842124581336975,-1.2220240804898923
COHFACE_s32_session0_lamp,22,54,23.8,-1.0680071115493774,-1.2071202221165278
COHFACE_s32_session0_lamp,22,55,23.833333333333332,-1.1505354642868042,-1.0862783032805783
COHFACE_s32_session0_lamp,22,56,23.866666666666667,-1.2287242412567139,-0.855903372694498
COHFACE_s32_session0_lamp,22,57,23.9,-1.2615718841552734,-0.5325005895840415
COHFACE_s32_session0_lamp,22,58,23.933333333333334,-1.078817367553711,-0.15136487732766915
COHFACE_s32_session0_lamp,22,59,23.966666666666665,-0.6192747354507446,0.24147509547580367
COHFACE_s32_session0_lamp,22,60,24.0,-0.1390073150396347,0.5997401364671644
COHFACE_s32_session0_lamp,22,61,24.033333333333335,0.19913651049137115,0.8854483492404959
COHFACE_s32_session0_lamp,22,62,24.066666666666666,0.44925421476364136,1.0741146413724787
COHFACE_s32_session0_lamp,22,63,24.1,0.6542932987213135,1.1576299630197286
COHFACE_s32_session0_lamp,22,64,24.133333333333333,0.8174967765808105,1.1452456744472377
COHFACE_s32_session0_lamp,22,65,24.166666666666668,0.8810145854949951,1.0612731952032564
COHFACE_s32_session0_lamp,22,66,24.2,0.8432251214981079,0.9381657375317582
COHFACE_s32_session0_lamp,22,67,24.233333333333334,0.8068873286247253,0.8062645133633927
COHFACE_s32_session0_lamp,22,68,24.266666666666666,0.8076749444007874,0.6847821595152458
COHFACE_s32_session0_lamp,22,69,24.3,0.791382372379303,0.5790263396444114
COHFACE_s32_session0_lamp,22,70,24.333333333333332,0.7322967648506165,0.48487172795001116
COHFACE_s32_session0_lamp,22,71,24.366666666666667,0.6288738250732422,0.39636753696977434
COHFACE_s32_session0_lamp,22,72,24.4,0.5125712752342224,0.31056027847442874
COHFACE_s32_session0_lamp,22,73,24.433333333333334,0.3922225534915924,0.22649287731251436
COHFACE_s32_session0_lamp,22,74,24.466666666666665,0.26052314043045044,0.14074221189557323
COHFACE_s32_session0_lamp,22,75,24.5,0.1343369334936142,0.0449525462301477
COHFACE_s32_session0_lamp,22,76,24.533333333333335,0.018559426069259644,-0.07139510597892279
COHFACE_s32_session0_lamp,22,77,24.566666666666666,-0.0877668559551239,-0.21469984661103494
COHFACE_s32_session0_lamp,22,78,24.6,-0.20372967422008514,-0.3822662098837531
COHFACE_s32_session0_lamp,22,79,24.633333333333333,-0.3182099461555481,-0.5623727785590079
COHFACE_s32_session0_lamp,22,80,24.666666666666668,-0.42810362577438354,-0.7388223148798987
COHFACE_s32_session0_lamp,22,81,24.7,-0.5440201163291931,-0.8959117800638525
COHFACE_s32_session0_lamp,22,82,24.733333333333334,-0.6512730121612549,-1.020290222804079
COHFACE_s32_session0_lamp,22,83,24.766666666666666,-0.7432680130004883,-1.099715009042759
COHFACE_s32_session0_lamp,22,84,24.8,-0.8400658369064331,-1.1218784276368299
COHFACE_s32_session0_lamp,22,85,24.833333333333332,-0.9200460314750671,-1.0762916391359694
COHFACE_s32_session0_lamp,22,86,24.866666666666667,-0.9919186234474182,-0.9585887262776436
COHFACE_s32_session0_lamp,22,87,24.9,-1.0517455339431763,-0.7736112796103428
COHFACE_s32_session0_lamp,22,88,24.933333333333334,-0.9085717797279358,-0.5347337456869485
COHFACE_s32_session0_lamp,22,89,24.966666666666665,-0.4540635943412781,-0.26049705010658314
COHFACE_s32_session0_lamp,22,90,25.0,0.062062859535217285,0.028085020937406127
COHFACE_s32_session0_lamp,22,91,25.033333333333335,0.46418777108192444,0.30747637653986043
COHFACE_s32_session0_lamp,22,92,25.066666666666666,0.7907028794288635,0.5507322197585839
COHFACE_s32_session0_lamp,22,93,25.1,1.0818685293197632,0.7298945017186881
COHFACE_s32_session0_lamp,22,94,25.133333333333333,1.3013933897018433,0.8231330813251152
COHFACE_s32_session0_lamp,22,95,25.166666666666668,1.4058510065078735,0.823168804062491
COHFACE_s32_session0_lamp,22,96,25.2,1.3856513500213623,0.7410729501632358
COHFACE_s32_session0_lamp,22,97,25.233333333333334,1.3090994358062744,0.6020608690738761
COHFACE_s32_session0_lamp,22,98,25.266666666666666,1.262105941772461,0.43590565554214716
COHFACE_s32_session0_lamp,22,99,25.3,1.215436577796936,0.2685300669177832
COHFACE_s32_session0_lamp,22,100,25.333333333333332,1.120152235031128,0.11922450317976621
COHFACE_s32_session0_lamp,22,101,25.366666666666667,0.9922055006027222,0.002466840873368072
COHFACE_s32_session0_lamp,22,102,25.4,0.847024142742157,-0.0702636766983431
COHFACE_s32_session0_lamp,22,103,25.433333333333334,0.6970245838165283,-0.09223557036529809
COHFACE_s32_session0_lamp,22,104,25.466666666666665,0.5428861975669861,-0.0657258887336565
COHFACE_s32_session0_lamp,22,105,25.5,0.3828948736190796,-0.00426299074431521
COHFACE_s32_session0_lamp,22,106,25.533333333333335,0.21688072383403778,0.07039576959472843
COHFACE_s32_session0_lamp,22,107,25.566666666666666,0.06816291064023972,0.1354122711992604
COHFACE_s32_session0_lamp,22,108,25.6,-0.06886440515518188,0.1736676373055854
COHFACE_s32_session0_lamp,22,109,25.633333333333333,-0.2197442501783371,0.1763301725738075
COHFACE_s32_session0_lamp,22,110,25.666666666666668,-0.3657131791114807,0.1414257517709875
COHFACE_s32_session0_lamp,22,111,25.7,-0.4939842224121094,0.07194226872873676
COHFACE_s32_session0_lamp,22,112,25.733333333333334,-0.6254982948303223,-0.024011252205732615
COHFACE_s32_session0_lamp,22,113,25.766666666666666,-0.7543870806694031,-0.131971232866268
COHFACE_s32_session0_lamp,22,114,25.8,-0.8719868659973145,-0.23188785333219591
COHFACE_s32_session0_lamp,22,115,25.833333333333332,-0.9676110148429871,-0.30275057523107723
COHFACE_s32_session0_lamp,22,116,25.866666666666667,-1.0529500246047974,-0.3293249551005897
COHFACE_s32_session0_lamp,22,117,25.9,-1.1343973875045776,-0.30676276181072437
COHFACE_s32_session0_lamp,22,118,25.933333333333334,-1.1760013103485107,-0.24014604680809792
COHFACE_s32_session0_lamp,22,119,25.966666666666665,-0.9973700642585754,-0.1399297912264388
COHFACE_s32_session0_lamp,22,120,26.0,-0.5156664252281189,-0.017406079035040527
COHFACE_s32_session0_lamp,22,121,26.033333333333335,-0.007199795916676521,0.11622445850149764
COHFACE_s32_session0_lamp,22,122,26.066666666666666,0.3752813935279846,0.2477903541493749
COHFACE_s32_session0_lamp,22,123,26.1,0.6765778064727783,0.3611699840426383
COHFACE_s32_session0_lamp,22,124,26.133333333333333,0.9254291653633118,0.4403362672793312
COHFACE_s32_session0_lamp,22,125,26.166666666666668,1.1103458404541016,0.4750859626541453
COHFACE_s32_session0_lamp,22,126,26.2,1.1692460775375366,0.46484708038384975
COHFACE_s32_session0_lamp,22,127,26.233333333333334,1.1047554016113281,0.4169106548348717
COHFACE_s32_session0_lamp,22,128,26.266666666666666,1.037793755531311,0.3403395668546102
COHFACE_s32_session0_lamp,22,129,26.3,1.0022281408309937,0.24079590029715767
COHFACE_s32_session0_lamp,22,130,26.333333333333332,0.9511266350746155,0.12042346114891117
COHFACE_s32_session0_lamp,22,131,26.366666666666667,0.8529388904571533,-0.017724859024360978
COHFACE_s32_session0_lamp,22,132,26.4,0.7226756811141968,-0.16505820741232538
COHFACE_s32_session0_lamp,22,133,26.433333333333334,0.5834863185882568,-0.3068453060806159
COHFACE_s32_session0_lamp,22,134,26.466666666666665,0.43339407444000244,-0.42593218132394267
COHFACE_s32_session0_lamp,22,135,26.5,0.28652945160865784,-0.5074533207390699
COHFACE_s32_session0_lamp,22,136,26.533333333333335,0.1371167004108429,-0.5415233908567685
COHFACE_s32_session0_lamp,22,137,26.566666666666666,-0.009732477366924286,-0.5239800457367962
COHFACE_s32_session0_lamp,22,138,26.6,-0.15327681601047516,-0.4575417122675965
COHFACE_s32_session0_lamp,22,139,26.633333333333333,-0.28506889939308167,-0.3546544116665013
COHFACE_s32_session0_lamp,22,140,26.666666666666668,-0.41497692465782166,-0.23942761512167676
COHFACE_s32_session0_lamp,22,141,26.7,-0.5506452322006226,-0.14408400528223456
COHFACE_s32_session0_lamp,22,142,26.733333333333334,-0.6763526797294617,-0.09865404695764605
COHFACE_s32_session0_lamp,22,143,26.766666666666666,-0.8086698651313782,-0.11841217341392107
COHFACE_s32_session0_lamp,22,144,26.8,-0.9329565763473511,-0.1965526992004025
COHFACE_s32_session0_lamp,22,145,26.833333333333332,-1.045212984085083,-0.30702916663924884
COHFACE_s32_session0_lamp,22,146,26.866666666666667,-1.1455936431884766,-0.4156708767515791
COHFACE_s32_session0_lamp,22,147,26.9,-1.2426694631576538,-0.49228312196541063
COHFACE_s32_session0_lamp,22,148,26.933333333333334,-1.3342938423156738,-0.5170798801698576
COHFACE_s32_session0_lamp,22,149,26.966666666666665,-1.4065525531768799,-0.48022742283794473
COHFACE_s32_session0_lamp,22,150,27.0,-1.3463549613952637,-0.37871193240894313
COHFACE_s32_session0_lamp,22,151,27.033333333333335,-0.9748693108558655,-0.21561065677999544
COHFACE_s32_session0_lamp,22,152,27.066666666666666,-0.43108415603637695,-0.0024159804456386144
COHFACE_s32_session0_lamp,22,153,27.1,-0.008358034305274487,0.23946299172748084
COHFACE_s32_session0_lamp,22,154,27.133333333333333,0.2703758776187897,0.48153935284220456
COHFACE_s32_session0_lamp,22,155,27.166666666666668,0.497946560382843,0.6949783338921113
COHFACE_s32_session0_lamp,22,156,27.2,0.665505051612854,0.8574435937250738
COHFACE_s32_session0_lamp,22,157,27.233333333333334,0.7172242403030396,0.9563737113185425
COHFACE_s32_session0_lamp,22,158,27.266666666666666,0.6801142692565918,0.9882993485948249
COHFACE_s32_session0_lamp,22,159,27.3,0.6396531462669373,0.9568457833589642
COHFACE_s32_session0_lamp,22,160,27.333333333333332,0.632533848285675,0.8718034991797857
COHFACE_s32_session0_lamp,22,161,27.366666666666667,0.6263257265090942,0.7489882780294502
COHFACE_s32_session0_lamp,22,162,27.4,0.5684446692466736,0.6085232848793687
COHFACE_s32_session0_lamp,22,163,27.433333333333334,0.47408685088157654,0.47000672429732404
COHFACE_s32_session0_lamp,22,164,27.466666666666665,0.3517923355102539,0.3464980981940641
COHFACE_s32_session0_lamp,22,165,27.5,0.22166810929775238,0.24153019760311847
COHFACE_s32_session0_lamp,22,166,27.533333333333335,0.09782925993204117,0.1514169655958517
COHFACE_s32_session0_lamp,22,167,27.566666666666666,-0.03113672137260437,0.07085067605962193
COHFACE_s32_session0_lamp,22,168,27.6,-0.15424974262714386,-0.002885544059325498
COHFACE_s32_session0_lamp,22,169,27.633333333333333,-0.26040613651275635,-0.07045456806240907
COHFACE_s32_session0_lamp,22,170,27.666666666666668,-0.3716588020324707,-0.13460793137297478
COHFACE_s32_session0_lamp,22,171,27.7,-0.4821701943874359,-0.20333317990473998
COHFACE_s32_session0_lamp,22,172,27.733333333333334,-0.5806204676628113,-0.28840756600730977
COHFACE_s32_session0_lamp,22,173,27.766666666666666,-0.6865297555923462,-0.39981241461402356
COHFACE_s32_session0_lamp,22,174,27.8,-0.7772893309593201,-0.5398384056185918
COHFACE_s32_session0_lamp,22,175,27.833333333333332,-0.8673076033592224,-0.7007702526753928
COHFACE_s32_session0_lamp,22,176,27.866666666666667,-0.958406925201416,-0.8668237277225526
COHFACE_s32_session0_lamp,22,177,27.9,-1.0421088933944702,-1.0177832048596376
COHFACE_s32_session0_lamp,22,178,27.933333333333334,-1.125903606414795,-1.1316210201864032
COHFACE_s32_session0_lamp,22,179,27.966666666666665,-1.1993359327316284,-1.1858317192797014
COHFACE_s32_session0_lamp,22,180,28.0,-1.2574023008346558,-1.159625847291184
COHFACE_s32_session0_lamp,22,181,28.033333333333335,-1.1842942237854004,-1.0388017758080885
COHFACE_s32_session0_lamp,22,182,28.066666666666666,-0.8131020665168762,-0.8218186444032205
COHFACE_s32_session0_lamp,22,183,28.1,-0.3098706305027008,-0.5230513383729465
COHFACE_s32_session0_lamp,22,184,28.133333333333333,0.057954974472522736,-0.1706325278950469
COHFACE_s32_session0_lamp,22,185,28.166666666666668,0.27456098794937134,0.19989824392987912
COHFACE_s32_session0_lamp,22,186,28.2,0.42454513907432556,0.55234335791589
COHFACE_s32_session0_lamp,22,187,28.233333333333334,0.5223004817962646,0.8539852271128585
COHFACE_s32_session0_lamp,22,188,28.266666666666666,0.5133125185966492,1.0775208159362346
COHFACE_s32_session0_lamp,22,189,28.3,0.44303062558174133,1.2034616375897922
COHFACE_s32_session0_lamp,22,190,28.333333333333332,0.4032798707485199,1.2240889678012425
COHFACE_s32_session0_lamp,22,191,28.366666666666667,0.3999750316143036,1.1467253550717618
COHFACE_s32_session0_lamp,22,192,28.4,0.39276307821273804,0.9927499623302581
COHFACE_s32_session0_lamp,22,193,28.433333333333334,0.347313791513443,0.791024661516142
COHFACE_s32_session0_lamp,22,194,28.466666666666665,0.24415336549282074,0.5687643789039748
COHFACE_s32_session0_lamp,22,195,28.5,0.11534181982278824,0.34527134864579273
COHFACE_s32_session0_lamp,22,196,28.533333333333335,-0.008805885910987854,0.13166674895595104
COHFACE_s32_session0_lamp,22,197,28.566666666666666,-0.1178501695394516,-0.06493577116879698
COHFACE_s32_session0_lamp,22,198,28.6,-0.22870129346847534,-0.23732173454801497
COHFACE_s32_session0_lamp,22,199,28.633333333333333,-0.33513566851615906,-0.3776628115474199
COHFACE_s32_session0_lamp,22,200,28.666666666666668,-0.42486053705215454,-0.4801581754051215
COHFACE_s32_session0_lamp,22,201,28.7,-0.5090876221656799,-0.5434275394768031
COHFACE_s32_session0_lamp,22,202,28.733333333333334,-0.5982410907745361,-0.5702460309425491
COHFACE_s32_session0_lamp,22,203,28.766666666666666,-0.6905604004859924,-0.5653727827809228
COHFACE_s32_session0_lamp,22,204,28.8,-0.7828488349914551,-0.5340442075464312
COHFACE_s32_session0_lamp,22,205,28.833333333333332,-0.8721721768379211,-0.4826278845337866
COHFACE_s32_session0_lamp,22,206,28.866666666666667,-0.9568780064582825,-0.4200241751945812
COHFACE_s32_session0_lamp,22,207,28.9,-1.0302485227584839,-0.3569093787377529
COHFACE_s32_session0_lamp,22,208,28.933333333333334,-1.100932002067566,-0.3018713896413359
COHFACE_s32_session0_lamp,22,209,28.966666666666665,-1.1799392700195312,-0.256805620392227
COHFACE_s32_session0_lamp,22,210,29.0,-1.2560124397277832,-0.21525953228416755
COHFACE_s32_session0_lamp,22,211,29.033333333333335,-1.2425613403320312,-0.16550492888644916
COHFACE_s32_session0_lamp,22,212,29.066666666666666,-0.9520134329795837,-0.09635234011298995
COHFACE_s32_session0_lamp,22,213,29.1,-0.46465760469436646,-0.0015357579141717448
COHFACE_s32_session0_lamp,22,214,29.133333333333333,-0.09036131203174591,0.1198436468483794
COHFACE_s32_session0_lamp,22,215,29.166666666666668,0.11287091672420502,0.26549900040614605
COHFACE_s32_session0_lamp,22,216,29.2,0.2350110113620758,0.43096811093315135
COHFACE_s32_session0_lamp,22,217,29.233333333333334,0.3011850416660309,0.6070200956958615
COHFACE_s32_session0_lamp,22,218,29.266666666666666,0.2768002450466156,0.7755817581179656
COHFACE_s32_session0_lamp,22,219,29.3,0.2192126363515854,0.9093795767865345
COHFACE_s32_session0_lamp,22,220,29.333333333333332,0.20228691399097443,0.9783835449900082
COHFACE_s32_session0_lamp,22,221,29.366666666666667,0.22132834792137146,0.9607744159302073
COHFACE_s32_session0_lamp,22,222,29.4,0.2286638617515564,0.8521541855756901
COHFACE_s32_session0_lamp,22,223,29.433333333333334,0.192434161901474,0.6673776798395674
COHFACE_s32_session0_lamp,22,224,29.466666666666665,0.1152491644024849,0.4344829179826049
COHFACE_s32_session0_lamp,22,225,29.5,0.010637074708938599,0.18516676554772765
COHFACE_s32_session0_lamp,22,226,29.533333333333335,-0.09036131203174591,-0.05310209377636586
COHFACE_s32_session0_lamp,22,227,29.566666666666666,-0.17939123511314392,-0.2611862166474415
COHFACE_s32_session0_lamp,22,228,29.6,-0.28202658891677856,-0.4296052245714822
COHFACE_s32_session0_lamp,22,229,29.633333333333333,-0.3693732023239136,-0.5587045040200925
COHFACE_s32_session0_lamp,22,230,29.666666666666668,-0.4474847912788391,-0.6572435247861004
COHFACE_s32_session0_lamp,22,231,29.7,-0.5260442495346069,-0.7376615085344768
COHFACE_s32_session0_lamp,22,232,29.733333333333334,-0.6124488115310669,-0.8083320504450386
COHFACE_s32_session0_lamp,22,233,29.766666666666666,-0.6925680637359619,-0.8665423639659386
COHFACE_s32_session0_lamp,22,234,29.8,-0.7774283289909363,-0.8970517793133859
COHFACE_s32_session0_lamp,22,235,29.833333333333332,-0.8660721182823181,-0.8782764586481746
COHFACE_s32_session0_lamp,22,236,29.866666666666667,-0.9490020275115967,-0.792941571560532
COHFACE_s32_session0_lamp,22,237,29.9,-1.0252913236618042,-0.6369703079321852
COHFACE_s32_session0_lamp,22,238,29.933333333333334,-1.1091786623001099,-0.42237780029328686
COHFACE_s32_session0_lamp,22,239,29.966666666666665,-1.1691136360168457,-0.17436115053249812
COHFACE_s32_session0_lamp,23,0,23.0,-0.5960481762886047,0.20259215050149304
COHFACE_s32_session0_lamp,23,1,23.033333333333335,-0.2244698703289032,0.13941369020385777
COHFACE_s32_session0_lamp,23,2,23.066666666666666,0.01726219803094864,0.10776280397160522
COHFACE_s32_session0_lamp,23,3,23.1,0.19317543506622314,0.1328215360815073
COHFACE_s32_session0_lamp,23,4,23.133333333333333,0.32484397292137146,0.22332863778751777
COHFACE_s32_session0_lamp,23,5,23.166666666666668,0.3709264099597931,0.3687768161802097
COHFACE_s32_session0_lamp,23,6,23.2,0.3234540820121765,0.5419041572613145
COHFACE_s32_session0_lamp,23,7,23.233333333333334,0.28330183029174805,0.7058504025986556
COHFACE_s32_session0_lamp,23,8,23.266666666666666,0.2981581687927246,0.8238665311946701
COHFACE_s32_session0_lamp,23,9,23.3,0.30672913789749146,0.8686827752711065
COHFACE_s32_session0_lamp,23,10,23.333333333333332,0.27263060212135315,0.8287578946749756
COHFACE_s32_session0_lamp,23,11,23.366666666666667,0.2003874033689499,0.7095513159478875
COHFACE_s32_session0_lamp,23,12,23.4,0.09491049498319626,0.5294863257922741
COHFACE_s32_session0_lamp,23,13,23.433333333333334,-0.019307248294353485,0.3122814993255752
COHFACE_s32_session0_lamp,23,14,23.466666666666665,-0.1274867057800293,0.07913949027093309
COHFACE_s32_session0_lamp,23,15,23.5,-0.22541190683841705,-0.1557162649002738
COHFACE_s32_session0_lamp,23,16,23.533333333333335,-0.31702083349227905,-0.38505336667836004
COHFACE_s32_session0_lamp,23,17,23.566666666666666,-0.4113014340400696,-0.6057812218902143
COHFACE_s32_session0_lamp,23,18,23.6,-0.5157127380371094,-0.8155955646270844
COHFACE_s32_session0_lamp,23,19,23.633333333333333,-0.6151977181434631,-1.0104633686186835
COHFACE_s32_session0_lamp,23,20,23.666666666666668,-0.7160416841506958,-1.1829827887054538
COHFACE_s32_session0_lamp,23,21,23.7,-0.8193565607070923,-1.3212330098844205
COHFACE_s32_session0_lamp,23,22,23.733333333333334,-0.9100080132484436,-1.408439208874485
COHFACE_s32_session0_lamp,23,23,23.766666666666666,-0.9842124581336975,-1.4246288743064353
COHFACE_s32_session0_lamp,23,24,23.8,-1.0680071115493774,-1.351223196705162
COHFACE_s32_session0_lamp,23,25,23.833333333333332,-1.1505354642868042,-1.177835786657444
COHFACE_s32_session0_lamp,23,26,23.866666666666667,-1.2287242412567139,-0.9083560275033566
COHFACE_s32_session0_lamp,23,27,23.9,-1.2615718841552734,-0.5627420801287717
COHFACE_s32_session0_lamp,23,28,23.933333333333334,-1.078817367553711,-0.17303081492337882
COHFACE_s32_session0_lamp,23,29,23.966666666666665,-0.6192747354507446,0.22452833135345387
COHFACE_s32_session0_lamp,23,30,24.0,-0.1390073150396347,0.5971325152304884
COHFACE_s32_session0_lamp,23,31,24.033333333333335,0.19913651049137115,0.9195690791319879
COHFACE_s32_session0_lamp,23,32,24.066666666666666,0.44925421476364136,1.174772212391395
COHFACE_s32_session0_lamp,23,33,24.1,0.6542932987213135,1.3531690289406537
COHFACE_s32_session0_lamp,23,34,24.133333333333333,0.8174967765808105,1.4524676581532794
COHFACE_s32_session0_lamp,23,35,24.166666666666668,0.8810145854949951,1.4773862169030358
COHFACE_s32_session0_lamp,23,36,24.2,0.8432251214981079,1.438057859820933
COHFACE_s32_session0_lamp,23,37,24.233333333333334,0.8068873286247253,1.3469096650455004
COHFACE_s32_session0_lamp,23,38,24.266666666666666,0.8076749444007874,1.2154023242233298
COHFACE_s32_session0_lamp,23,39,24.3,0.791382372379303,1.0524728741956981
COHFACE_s32_session0_lamp,23,40,24.333333333333332,0.7322967648506165,0.8651968359711955
COHFACE_s32_session0_lamp,23,41,24.366666666666667,0.6288738250732422,0.6604062248668874
COHFACE_s32_session0_lamp,23,42,24.4,0.5125712752342224,0.4454731486880105
COHFACE_s32_session0_lamp,23,43,24.433333333333334,0.3922225534915924,0.22753632604528187
COHFACE_s32_session0_lamp,23,44,24.466666666666665,0.26052314043045044,0.012152922282733155
COHFACE_s32_session0_lamp,23,45,24.5,0.1343369334936142,-0.19697059177493256
COHFACE_s32_session0_lamp,23,46,24.533333333333335,0.018559426069259644,-0.3966799687533605
COHFACE_s32_session0_lamp,23,47,24.566666666666666,-0.0877668559551239,-0.5827208917165349
COHFACE_s32_session0_lamp,23,48,24.6,-0.20372967422008514,-0.7494169186993584
COHFACE_s32_session0_lamp,23,49,24.633333333333333,-0.3182099461555481,-0.8911837535336631
COHFACE_s32_session0_lamp,23,50,24.666666666666668,-0.42810362577438354,-1.0045363377194818
COHFACE_s32_session0_lamp,23,51,24.7,-0.5440201163291931,-1.0885720945876731
COHFACE_s32_session0_lamp,23,52,24.733333333333334,-0.6512730121612549,-1.1433193978639777
COHFACE_s32_session0_lamp,23,53,24.766666666666666,-0.7432680130004883,-1.1673389259534475
COHFACE_s32_session0_lamp,23,54,24.8,-0.8400658369064331,-1.1565821789643116
COHFACE_s32_session0_lamp,23,55,24.833333333333332,-0.9200460314750671,-1.1053776216305558
COHFACE_s32_session0_lamp,23,56,24.866666666666667,-0.9919186234474182,-1.0085994915770615
COHFACE_s32_session0_lamp,23,57,24.9,-1.0517455339431763,-0.8633417827481411
COHFACE_s32_session0_lamp,23,58,24.933333333333334,-0.9085717797279358,-0.6695514493179013
COHFACE_s32_session0_lamp,23,59,24.966666666666665,-0.4540635943412781,-0.4305945382011975
COHFACE_s32_session0_lamp,23,60,25.0,0.062062859535217285,-0.15483010051655627
COHFACE_s32_session0_lamp,23,61,25.033333333333335,0.46418777108192444,0.1421292557273859
COHFACE_s32_session0_lamp,23,62,25.066666666666666,0.7907028794288635,0.43641732243780573
COHFACE_s32_session0_lamp,23,63,25.1,1.0818685293197632,0.698302188081121
COHFACE_s32_session0_lamp,23,64,25.133333333333333,1.3013933897018433,0.8981892234154749
COHFACE_s32_session0_lamp,23,65,25.166666666666668,1.4058510065078735,1.013946973804428
COHFACE_s32_session0_lamp,23,66,25.2,1.3856513500213623,1.036172120668844
COHFACE_s32_session0_lamp,23,67,25.233333333333334,1.3090994358062744,0.9692201623148219
COHFACE_s32_session0_lamp,23,68,25.266666666666666,1.262105941772461,0.8285372610611325
COHFACE_s32_session0_lamp,23,69,25.3,1.215436577796936,0.6366836758906391
COHFACE_s32_session0_lamp,23,70,25.333333333333332,1.120152235031128,0.4198590997657797
COHFACE_s32_session0_lamp,23,71,25.366666666666667,0.9922055006027222,0.20491514509246253
COHFACE_s32_session0_lamp,23,72,25.4,0.847024142742157,0.015895348841683
COHFACE_s32_session0_lamp,23,73,25.433333333333334,0.6970245838165283,-0.13005623297414184
COHFACE_s32_session0_lamp,23,74,25.466666666666665,0.5428861975669861,-0.22581018779509562
COHFACE_s32_session0_lamp,23,75,25.5,0.3828948736190796,-0.2741713905454441
COHFACE_s32_session0_lamp,23,76,25.533333333333335,0.21688072383403778,-0.28415856779074744
COHFACE_s32_session0_lamp,23,77,25.566666666666666,0.06816291064023972,-0.2658159030580917
COHFACE_s32_session0_lamp,23,78,25.6,-0.06886440515518188,-0.22678893656982105
COHFACE_s32_session0_lamp,23,79,25.633333333333333,-0.2197442501783371,-0.17243352360368244
COHFACE_s32_session0_lamp,23,80,25.666666666666668,-0.3657131791114807,-0.10823019406581515
COHFACE_s32_session0_lamp,23,81,25.7,-0.4939842224121094,-0.0414589744449491
COHFACE_s32_session0_lamp,23,82,25.733333333333334,-0.6254982948303223,0.019755983900537528
COHFACE_s32_session0_lamp,23,83,25.766666666666666,-0.7543870806694031,0.06920398025687352
COHFACE_s32_session0_lamp,23,84,25.8,-0.8719868659973145,0.10462848837556162
COHFACE_s32_session0_lamp,23,85,25.833333333333332,-0.9676110148429871,0.12717167036154428
COHFACE_s32_session0_lamp,23,86,25.866666666666667,-1.0529500246047974,0.1387619805256158
COHFACE_s32_session0_lamp,23,87,25.9,-1.1343973875045776,0.139940479969329
COHFACE_s32_session0_lamp,23,88,25.933333333333334,-1.1760013103485107,0.130232756914763
COHFACE_s32_session0_lamp,23,89,25.966666666666665,-0.9973700642585754,0.11082353833721943
COHFACE_s32_session0_lamp,23,90,26.0,-0.5156664252281189,0.08695376155422034
COHFACE_s32_session0_lamp,23,91,26.033333333333335,-0.007199795916676521,0.0673901228168126
COHFACE_s32_session0_lamp,23,92,26.066666666666666,0.3752813935279846,0.06096888708121237
COHFACE_s32_session0_lamp,23,93,26.1,0.6765778064727783,0.07286887544002786
COHFACE_s32_session0_lamp,23,94,26.133333333333333,0.9254291653633118,0.10319891860198828
COHFACE_s32_session0_lamp,23,95,26.166666666666668,1.1103458404541016,0.14813702250529895
COHFACE_s32_session0_lamp,23,96,26.2,1.1692460775375366,0.20156533227247922
COHFACE_s32_session0_lamp,23,97,26.233333333333334,1.1047554016113281,0.2550948887402507
COHFACE_s32_session0_lamp,23,98,26.266666666666666,1.037793755531311,0.29682330680721664
COHFACE_s32_session0_lamp,23,99,26.3,1.0022281408309937,0.3114381072428381
COHFACE_s32_session0_lamp,23,100,26.333333333333332,0.9511266350746155,0.28375361945132727
COHFACE_s32_session0_lamp,23,101,26.366666666666667,0.8529388904571533,0.20488380971389303
COHFACE_s32_session0_lamp,23,102,26.4,0.7226756811141968,0.07746510816985082
COHFACE_s32_session0_lamp,23,103,26.433333333333334,0.5834863185882568,-0.08371078185290025
COHFACE_s32_session0_lamp,23,104,26.466666666666665,0.43339407444000244,-0.25608991394110586
COHFACE_s32_session0_lamp,23,105,26.5,0.28652945160865784,-0.41580728866228384
COHFACE_s32_session0_lamp,23,106,26.533333333333335,0.1371167004108429,-0.5427819477661211
COHFACE_s32_session0_lamp,23,107,26.566666666666666,-0.009732477366924286,-0.6232905469579682
COHFACE_s32_session0_lamp,23,108,26.6,-0.15327681601047516,-0.6513517453404752
COHFACE_s32_session0_lamp,23,109,26.633333333333333,-0.28506889939308167,-0.6304659903155749
COHFACE_s32_session0_lamp,23,110,26.666666666666668,-0.41497692465782166,-0.5748149959794375
COHFACE_s32_session0_lamp,23,111,26.7,-0.5506452322006226,-0.5070797126535532
COHFACE_s32_session0_lamp,23,112,26.733333333333334,-0.6763526797294617,-0.45146007454523507
COHFACE_s32_session0_lamp,23,113,26.766666666666666,-0.8086698651313782,-0.42418012812038075
COHFACE_s32_session0_lamp,23,114,26.8,-0.9329565763473511,-0.4265303960037619
COHFACE_s32_session0_lamp,23,115,26.833333333333332,-1.045212984085083,-0.44475022951356386
COHFACE_s32_session0_lamp,23,116,26.866666666666667,-1.1455936431884766,-0.45675429112152566
COHFACE_s32_session0_lamp,23,117,26.9,-1.2426694631576538,-0.4413436360952146
COHFACE_s32_session0_lamp,23,118,26.933333333333334,-1.3342938423156738,-0.38470791048997866
COHFACE_s32_session0_lamp,23,119,26.966666666666665,-1.4065525531768799,-0.28196809853298743
COHFACE_s32_session0_lamp,23,120,27.0,-1.3463549613952637,-0.13564672640447903
COHFACE_s32_session0_lamp,23,121,27.033333333333335,-0.9748693108558655,0.045522769847027536
COHFACE_s32_session0_lamp,23,122,27.066666666666666,-0.43108415603637695,0.246576217496091
COHFACE_s32_session0_lamp,23,123,27.1,-0.008358034305274487,0.447312583781575
COHFACE_s32_session0_lamp,23,124,27.133333333333333,0.2703758776187897,0.6263259555510363
COHFACE_s32_session0_lamp,23,125,27.166666666666668,0.497946560382843,0.7671565555964913
COHFACE_s32_session0_lamp,23,126,27.2,0.665505051612854,0.8630097107178661
COHFACE_s32_session0_lamp,23,127,27.233333333333334,0.7172242403030396,0.9167955416599365
COHFACE_s32_session0_lamp,23,128,27.266666666666666,0.6801142692565918,0.9366733411689724
COHFACE_s32_session0_lamp,23,129,27.3,0.6396531462669373,0.9305698645744314
COHFACE_s32_session0_lamp,23,130,27.333333333333332,0.632533848285675,0.9031713889148685
COHFACE_s32_session0_lamp,23,131,27.366666666666667,0.6263257265090942,0.8562790004082126
COHFACE_s32_session0_lamp,23,132,27.4,0.5684446692466736,0.7907613051815605
COHFACE_s32_session0_lamp,23,133,27.433333333333334,0.47408685088157654,0.7077149872243639
COHFACE_s32_session0_lamp,23,134,27.466666666666665,0.3517923355102539,0.6081395729586264
COHFACE_s32_session0_lamp,23,135,27.5,0.22166810929775238,0.4924112248771552
COHFACE_s32_session0_lamp,23,136,27.533333333333335,0.09782925993204117,0.3609990832217386
COHFACE_s32_session0_lamp,23,137,27.566666666666666,-0.03113672137260437,0.21630180451661238
COHFACE_s32_session0_lamp,23,138,27.6,-0.15424974262714386,0.06381151405379423
COHFACE_s32_session0_lamp,23,139,27.633333333333333,-0.26040613651275635,-0.08911473475049195
COHFACE_s32_session0_lamp,23,140,27.666666666666668,-0.3716588020324707,-0.23643926472002819
COHFACE_s32_session0_lamp,23,141,27.7,-0.4821701943874359,-0.3761975517038065
COHFACE_s32_session0_lamp,23,142,27.733333333333334,-0.5806204676628113,-0.5108127259514282
COHFACE_s32_session0_lamp,23,143,27.766666666666666,-0.6865297555923462,-0.6448809808652629
COHFACE_s32_session0_lamp,23,144,27.8,-0.7772893309593201,-0.7818486881013588
COHFACE_s32_session0_lamp,23,145,27.833333333333332,-0.8673076033592224,-0.9211815815931704
COHFACE_s32_session0_lamp,23,146,27.866666666666667,-0.958406925201416,-1.0567414535371646
COHFACE_s32_session0_lamp,23,147,27.9,-1.0421088933944702,-1.1762680570361164
COHFACE_s32_session0_lamp,23,148,27.933333333333334,-1.125903606414795,-1.2619546371848458
COHFACE_s32_session0_lamp,23,149,27.966666666666665,-1.1993359327316284,-1.2926509688842176
COHFACE_s32_session0_lamp,23,150,28.0,-1.2574023008346558,-1.2482378866090094
COHFACE_s32_session0_lamp,23,151,28.033333333333335,-1.1842942237854004,-1.1156616683140805
COHFACE_s32_session0_lamp,23,152,28.066666666666666,-0.8131020665168762,-0.8944706419990386
COHFACE_s32_session0_lamp,23,153,28.1,-0.3098706305027008,-0.5990653464211356
COHFACE_s32_session0_lamp,23,154,28.133333333333333,0.057954974472522736,-0.25630625927147566
COHFACE_s32_session0_lamp,23,155,28.166666666666668,0.27456098794937134,0.10039521122550307
COHFACE_s32_session0_lamp,23,156,28.2,0.42454513907432556,0.437704939870436
COHFACE_s32_session0_lamp,23,157,28.233333333333334,0.5223004817962646,0.7272045650945732
COHFACE_s32_session0_lamp,23,158,28.266666666666666,0.5133125185966492,0.9478761659927247
COHFACE_s32_session0_lamp,23,159,28.3,0.44303062558174133,1.0873205133693045
COHFACE_s32_session0_lamp,23,160,28.333333333333332,0.4032798707485199,1.1426180756716182
COHFACE_s32_session0_lamp,23,161,28.366666666666667,0.3999750316143036,1.1204774912462914
COHFACE_s32_session0_lamp,23,162,28.4,0.39276307821273804,1.0356154077400517
COHFACE_s32_session0_lamp,23,163,28.433333333333334,0.347313791513443,0.9069924962044194
COHFACE_s32_session0_lamp,23,164,28.466666666666665,0.24415336549282074,0.7531387065436405
COHFACE_s32_session0_lamp,23,165,28.5,0.11534181982278824,0.5886967036789345
COHFACE_s32_session0_lamp,23,166,28.533333333333335,-0.008805885910987854,0.42340505365654063
COHFACE_s32_session0_lamp,23,167,28.566666666666666,-0.1178501695394516,0.26301322582162234
COHFACE_s32_session0_lamp,23,168,28.6,-0.22870129346847534,0.11068669866787735
COHFACE_s32_session0_lamp,23,169,28.633333333333333,-0.33513566851615906,-0.03210472487393775
COHFACE_s32_session0_lamp,23,170,28.666666666666668,-0.42486053705215454,-0.1649973824035824
COHFACE_s32_session0_lamp,23,171,28.7,-0.5090876221656799,-0.2875831808729562
COHFACE_s32_session0_lamp,23,172,28.733333333333334,-0.5982410907745361,-0.3975756927549221
COHFACE_s32_session0_lamp,23,173,28.766666666666666,-0.6905604004859924,-0.48938022141949217
COHFACE_s32_session0_lamp,23,174,28.8,-0.7828488349914551,-0.5544856045748062
COHFACE_s32_session0_lamp,23,175,28.833333333333332,-0.8721721768379211,-0.5841976926986777
COHFACE_s32_session0_lamp,23,176,28.866666666666667,-0.9568780064582825,-0.5736682188953223
COHFACE_s32_session0_lamp,23,177,28.9,-1.0302485227584839,-0.5249653035710151
COHFACE_s32_session0_lamp,23,178,28.933333333333334,-1.100932002067566,-0.44703569500725115
COHFACE_s32_session0_lamp,23,179,28.966666666666665,-1.1799392700195312,-0.35215780121414514
COHFACE_s32_session0_lamp,23,180,29.0,-1.2560124397277832,-0.2509903542585427
COHFACE_s32_session0_lamp,23,181,29.033333333333335,-1.2425613403320312,-0.14933913669853258
COHFACE_s32_session0_lamp,23,182,29.066666666666666,-0.9520134329795837,-0.048098055281647824
COHFACE_s32_session0_lamp,23,183,29.1,-0.46465760469436646,0.05466202127490814
COHFACE_s32_session0_lamp,23,184,29.133333333333333,-0.09036131203174591,0.16138760987038556
COHFACE_s32_session0_lamp,23,185,29.166666666666668,0.11287091672420502,0.27357681825599944
COHFACE_s32_session0_lamp,23,186,29.2,0.2350110113620758,0.390825048667876
COHFACE_s32_session0_lamp,23,187,29.233333333333334,0.3011850416660309,0.5095807312877602
COHFACE_s32_session0_lamp,23,188,29.266666666666666,0.2768002450466156,0.6217299726336721
COHFACE_s32_session0_lamp,23,189,29.3,0.2192126363515854,0.7142912433121384
COHFACE_s32_session0_lamp,23,190,29.333333333333332,0.20228691399097443,0.7714871943415733
COHFACE_s32_session0_lamp,23,191,29.366666666666667,0.22132834792137146,0.7790693670216073
COHFACE_s32_session0_lamp,23,192,29.4,0.2286638617515564,0.7289813977747952
COHFACE_s32_session0_lamp,23,193,29.433333333333334,0.192434161901474,0.6218996274757294
COHFACE_s32_session0_lamp,23,194,29.466666666666665,0.1152491644024849,0.4666098960971289
COHFACE_s32_session0_lamp,23,195,29.5,0.010637074708938599,0.27713643163881746
COHFACE_s32_session0_lamp,23,196,29.533333333333335,-0.09036131203174591,0.06929052021258722
COHFACE_s32_session0_lamp,23,197,29.566666666666666,-0.17939123511314392,-0.14225805730792437
COHFACE_s32_session0_lamp,23,198,29.6,-0.28202658891677856,-0.34620103420257164
COHFACE_s32_session0_lamp,23,199,29.633333333333333,-0.3693732023239136,-0.536130777633713
COHFACE_s32_session0_lamp,23,200,29.666666666666668,-0.4474847912788391,-0.7107515980731759
COHFACE_s32_session0_lamp,23,201,29.7,-0.5260442495346069,-0.871814368406614
COHFACE_s32_session0_lamp,23,202,29.733333333333334,-0.6124488115310669,-1.0199253492495384
COHFACE_s32_session0_lamp,23,203,29.766666666666666,-0.6925680637359619,-1.1500839353306669
COHFACE_s32_session0_lamp,23,204,29.8,-0.7774283289909363,-1.2495816834972782
COHFACE_s32_session0_lamp,23,205,29.833333333333332,-0.8660721182823181,-1.2999051868380538
COHFACE_s32_session0_lamp,23,206,29.866666666666667,-0.9490020275115967,-1.2819509975918169
COHFACE_s32_session0_lamp,23,207,29.9,-1.0252913236618042,-1.1819682600280774
COHFACE_s32_session0_lamp,23,208,29.933333333333334,-1.1091786623001099,-0.9956907271032852
COHFACE_s32_session0_lamp,23,209,29.966666666666665,-1.1691136360168457,-0.7297627758024141
COHFACE_s32_session0_lamp,23,210,30.0,-1.0547106266021729,-0.4012772601041299
COHFACE_s32_session0_lamp,23,211,30.033333333333335,-0.6444470882415771,-0.036419533469979525
COHFACE_s32_session0_lamp,23,212,30.066666666666666,-0.15075957775115967,0.3322225644749416
COHFACE_s32_session0_lamp,23,213,30.1,0.18794021010398865,0.6707481236350387
COHFACE_s32_session0_lamp,23,214,30.133333333333333,0.3814123272895813,0.9506848925910762
COHFACE_s32_session0_lamp,23,215,30.166666666666668,0.49933645129203796,1.154501857011333
COHFACE_s32_session0_lamp,23,216,30.2,0.5613099336624146,1.2772413144006316
COHFACE_s32_session0_lamp,23,217,30.233333333333334,0.5291263461112976,1.324023513601495
COHFACE_s32_session0_lamp,23,218,30.266666666666666,0.48671936988830566,1.3057094575278723
COHFACE_s32_session0_lamp,23,219,30.3,0.5112740397453308,1.2355334302906096
COHFACE_s32_session0_lamp,23,220,30.333333333333332,0.5545458197593689,1.1275611186013206
COHFACE_s32_session0_lamp,23,221,30.366666666666667,0.5497121214866638,0.995661609256794
COHFACE_s32_session0_lamp,23,222,30.4,0.49491968750953674,0.8515968099215533
COHFACE_s32_session0_lamp,23,223,30.433333333333334,0.41004398465156555,0.7024431307837598
COHFACE_s32_session0_lamp,23,224,30.466666666666665,0.313663125038147,0.5490419942843989
COHFACE_s32_session0_lamp,23,225,30.5,0.21448703110218048,0.3870889538280804
COHFACE_s32_session0_lamp,23,226,30.533333333333335,0.10868581384420395,0.2107113570330945
COHFACE_s32_session0_lamp,23,227,30.566666666666666,0.012011517770588398,0.016591455902823987
COHFACE_s32_session0_lamp,23,228,30.6,-0.07627712935209274,-0.1934815089218796
COHFACE_s32_session0_lamp,23,229,30.633333333333333,-0.16408704221248627,-0.4123705260160298
COHFACE_s32_session0_lamp,23,230,30.666666666666668,-0.2566843330860138,-0.6287329550127164
COHFACE_s32_session0_lamp,23,231,30.7,-0.3408651053905487,-0.8281050208522522
COHFACE_s32_session0_lamp,23,232,30.733333333333334,-0.4252157509326935,-0.9935749228305706
COHFACE_s32_session0_lamp,23,233,30.766666666666666,-0.5070182681083679,-1.1070253156566296
COHFACE_s32_session0_lamp,23,234,30.8,-0.5890060663223267,-1.1519667448685258
COHFACE_s32_session0_lamp,23,235,30.833333333333332,-0.6630715727806091,-1.1176768008074343
COHFACE_s32_session0_lamp,23,236,30.866666666666667,-0.735453724861145,-1.0028399125562892
COHFACE_s32_session0_lamp,23,237,30.9,-0.8058746457099915,-0.8166868244955654
COHFACE_s32_session0_lamp,23,238,30.933333333333334,-0.7519470453262329,-0.5772425237466211
COHFACE_s32_session0_lamp,23,239,30.966666666666665,-0.3831022083759308,-0.30808934728358683
COHFACE_s32_session0_lamp,24,0,24.0,-0.1390073150396347,0.04664125121416269
COHFACE_s32_session0_lamp,24,1,24.033333333333335,0.19913651049137115,0.060861999559242035
COHFACE_s32_session0_lamp,24,2,24.066666666666666,0.44925421476364136,0.07317676768973706
COHFACE_s32_session0_lamp,24,3,24.1,0.6542932987213135,0.08426931905040204
COHFACE_s32_session0_lamp,24,4,24.133333333333333,0.8174967765808105,0.09987140688677187
COHFACE_s32_session0_lamp,24,5,24.166666666666668,0.8810145854949951,0.12882416699991686
COHFACE_s32_session0_lamp,24,6,24.2,0.8432251214981079,0.17851235746731034
COHFACE_s32_session0_lamp,24,7,24.233333333333334,0.8068873286247253,0.24976428036331502
COHFACE_s32_session0_lamp,24,8,24.266666666666666,0.8076749444007874,0.33407793968495203
COHFACE_s32_session0_lamp,24,9,24.3,0.791382372379303,0.4152664293605182
COHFACE_s32_session0_lamp,24,10,24.333333333333332,0.7322967648506165,0.47515262586595797
COHFACE_s32_session0_lamp,24,11,24.366666666666667,0.6288738250732422,0.5003634224090758
COHFACE_s32_session0_lamp,24,12,24.4,0.5125712752342224,0.48648975398592714
COHFACE_s32_session0_lamp,24,13,24.433333333333334,0.3922225534915924,0.4375661763579604
COHFACE_s32_session0_lamp,24,14,24.466666666666665,0.26052314043045044,0.36198152876637874
COHFACE_s32_session0_lamp,24,15,24.5,0.1343369334936142,0.2680591242782168
COHFACE_s32_session0_lamp,24,16,24.533333333333335,0.018559426069259644,0.16191239566785448
COHFACE_s32_session0_lamp,24,17,24.566666666666666,-0.0877668559551239,0.047807799933108686
COHFACE_s32_session0_lamp,24,18,24.6,-0.20372967422008514,-0.07064287160650656
COHFACE_s32_session0_lamp,24,19,24.633333333333333,-0.3182099461555481,-0.19018602907488283
COHFACE_s32_session0_lamp,24,20,24.666666666666668,-0.42810362577438354,-0.30860898799916203
COHFACE_s32_session0_lamp,24,21,24.7,-0.5440201163291931,-0.42502639025566763
COHFACE_s32_session0_lamp,24,22,24.733333333333334,-0.6512730121612549,-0.5387068118824696
COHFACE_s32_session0_lamp,24,23,24.766666666666666,-0.7432680130004883,-0.646909246556822
COHFACE_s32_session0_lamp,24,24,24.8,-0.8400658369064331,-0.7433607957946133
COHFACE_s32_session0_lamp,24,25,24.833333333333332,-0.9200460314750671,-0.8186768322796575
COHFACE_s32_session0_lamp,24,26,24.866666666666667,-0.9919186234474182,-0.8623741025230405
COHFACE_s32_session0_lamp,24,27,24.9,-1.0517455339431763,-0.8649129650458101
COHFACE_s32_session0_lamp,24,28,24.933333333333334,-0.9085717797279358,-0.8187900223629643
COHFACE_s32_session0_lamp,24,29,24.966666666666665,-0.4540635943412781,-0.7192368256442342
COHFACE_s32_session0_lamp,24,30,25.0,0.062062859535217285,-0.5658293810698518
COHFACE_s32_session0_lamp,24,31,25.033333333333335,0.46418777108192444,-0.36535169755494246
COHFACE_s32_session0_lamp,24,32,25.066666666666666,0.7907028794288635,-0.1341779656119343
COHFACE_s32_session0_lamp,24,33,25.1,1.0818685293197632,0.10256043386521585
COHFACE_s32_session0_lamp,24,34,25.133333333333333,1.3013933897018433,0.3161615888499966
COHFACE_s32_session0_lamp,24,35,25.166666666666668,1.4058510065078735,0.48205814286447873
COHFACE_s32_session0_lamp,24,36,25.2,1.3856513500213623,0.5862621487743537
COHFACE_s32_session0_lamp,24,37,25.233333333333334,1.3090994358062744,0.6274387279123781
COHFACE_s32_session0_lamp,24,38,25.266666666666666,1.262105941772461,0.6144516191874796
COHFACE_s32_session0_lamp,24,39,25.3,1.215436577796936,0.5618791214691583
COHFACE_s32_session0_lamp,24,40,25.333333333333332,1.120152235031128,0.4861367506270902
COHFACE_s32_session0_lamp,24,41,25.366666666666667,0.9922055006027222,0.4030718584625224
COHFACE_s32_session0_lamp,24,42,25.4,0.847024142742157,0.3262272161072925
COHFACE_s32_session0_lamp,24,43,25.433333333333334,0.6970245838165283,0.2648604669365836
COHFACE_s32_session0_lamp,24,44,25.466666666666665,0.5428861975669861,0.22220260209087614
COHFACE_s32_session0_lamp,24,45,25.5,0.3828948736190796,0.19546731315093613
COHFACE_s32_session0_lamp,24,46,25.533333333333335,0.21688072383403778,0.17827926615634865
COHFACE_s32_session0_lamp,24,47,25.566666666666666,0.06816291064023972,0.16437306099239016
COHFACE_s32_session0_lamp,24,48,25.6,-0.06886440515518188,0.1504206359059766
COHFACE_s32_session0_lamp,24,49,25.633333333333333,-0.2197442501783371,0.13648117027347598
COHFACE_s32_session0_lamp,24,50,25.666666666666668,-0.3657131791114807,0.12435019256085421
COHFACE_s32_session0_lamp,24,51,25.7,-0.4939842224121094,0.11543933082340375
COHFACE_s32_session0_lamp,24,52,25.733333333333334,-0.6254982948303223,0.10959525219560921
COHFACE_s32_session0_lamp,24,53,25.766666666666666,-0.7543870806694031,0.10507558800114995
COHFACE_s32_session0_lamp,24,54,25.8,-0.8719868659973145,0.09902459050351994
COHFACE_s32_session0_lamp,24,55,25.833333333333332,-0.9676110148429871,0.08785253475241349
COHFACE_s32_session0_lamp,24,56,25.866666666666667,-1.0529500246047974,0.06766660476606355
COHFACE_s32_session0_lamp,24,57,25.9,-1.1343973875045776,0.03535152051119791
COHFACE_s32_session0_lamp,24,58,25.933333333333334,-1.1760013103485107,-0.009625327852119558
COHFACE_s32_session0_lamp,24,59,25.966666666666665,-0.9973700642585754,-0.06360179441560734
COHFACE_s32_session0_lamp,24,60,26.0,-0.5156664252281189,-0.11865873014946604
COHFACE_s32_session0_lamp,24,61,26.033333333333335,-0.007199795916676521,-0.16470661107418716
COHFACE_s32_session0_lamp,24,62,26.066666666666666,0.3752813935279846,-0.19271511118965173
COHFACE_s32_session0_lamp,24,63,26.1,0.6765778064727783,-0.19718927832630936
COHFACE_s32_session0_lamp,24,64,26.133333333333333,0.9254291653633118,-0.17685689892013456
COHFACE_s32_session0_lamp,24,65,26.166666666666668,1.1103458404541016,-0.13411848012013677
COHFACE_s32_session0_lamp,24,66,26.2,1.1692460775375366,-0.07451720126270761
COHFACE_s32_session0_lamp,24,67,26.233333333333334,1.1047554016113281,-0.006832012474596248
COHFACE_s32_session0_lamp,24,68,26.266666666666666,1.037793755531311,0.056932983628394426
COHFACE_s32_session0_lamp,24,69,26.3,1.0022281408309937,0.10298342023243076
COHFACE_s32_session0_lamp,24,70,26.333333333333332,0.9511266350746155,0.11896665895194863
COHFACE_s32_session0_lamp,24,71,26.366666666666667,0.8529388904571533,0.09777886407515617
COHFACE_s32_session0_lamp,24,72,26.4,0.7226756811141968,0.03994309148059885
COHFACE_s32_session0_lamp,24,73,26.433333333333334,0.5834863185882568,-0.04675505560248359
COHFACE_s32_session0_lamp,24,74,26.466666666666665,0.43339407444000244,-0.14996325504908078
COHFACE_s32_session0_lamp,24,75,26.5,0.28652945160865784,-0.25603580653654023
COHFACE_s32_session0_lamp,24,76,26.533333333333335,0.1371167004108429,-0.3523026804563109
COHFACE_s32_session0_lamp,24,77,26.566666666666666,-0.009732477366924286,-0.4281426632493602
COHFACE_s32_session0_lamp,24,78,26.6,-0.15327681601047516,-0.4759799312892706
COHFACE_s32_session0_lamp,24,79,26.633333333333333,-0.28506889939308167,-0.4930855746003745
COHFACE_s32_session0_lamp,24,80,26.666666666666668,-0.41497692465782166,-0.48319439252402246
COHFACE_s32_session0_lamp,24,81,26.7,-0.5506452322006226,-0.45572987841244333
COHFACE_s32_session0_lamp,24,82,26.733333333333334,-0.6763526797294617,-0.4217446082566692
COHFACE_s32_session0_lamp,24,83,26.766666666666666,-0.8086698651313782,-0.38836172980029354
COHFACE_s32_session0_lamp,24,84,26.8,-0.9329565763473511,-0.3551001623318284
COHFACE_s32_session0_lamp,24,85,26.833333333333332,-1.045212984085083,-0.3145581468505878
COHFACE_s32_session0_lamp,24,86,26.866666666666667,-1.1455936431884766,-0.25696432273072867
COHFACE_s32_session0_lamp,24,87,26.9,-1.2426694631576538,-0.17553108167513104
COHFACE_s32_session0_lamp,24,88,26.933333333333334,-1.3342938423156738,-0.0695046220864489
COHFACE_s32_session0_lamp,24,89,26.966666666666665,-1.4065525531768799,0.05604971423493993
COHFACE_s32_session0_lamp,24,90,27.0,-1.3463549613952637,0.19229155652972166
COHFACE_s32_session0_lamp,24,91,27.033333333333335,-0.9748693108558655,0.3283993237653629
COHFACE_s32_session0_lamp,24,92,27.066666666666666,-0.43108415603637695,0.45258578021298757
COHFACE_s32_session0_lamp,24,93,27.1,-0.008358034305274487,0.5534459660041439
COHFACE_s32_session0_lamp,24,94,27.133333333333333,0.2703758776187897,0.6224404272246534
COHFACE_s32_session0_lamp,24,95,27.166666666666668,0.497946560382843,0.6566834979774675
COHFACE_s32_session0_lamp,24,96,27.2,0.665505051612854,0.6601150038610687
COHFACE_s32_session0_lamp,24,97,27.233333333333334,0.7172242403030396,0.6417690518599307
COHFACE_s32_session0_lamp,24,98,27.266666666666666,0.6801142692565918,0.6119274943198342
COHFACE_s32_session0_lamp,24,99,27.3,0.6396531462669373,0.5785006200714539
COHFACE_s32_session0_lamp,24,100,27.333333333333332,0.632533848285675,0.5454644205610781
COHFACE_s32_session0_lamp,24,101,27.366666666666667,0.6263257265090942,0.5133802189456783
COHFACE_s32_session0_lamp,24,102,27.4,0.5684446692466736,0.4806652015298438
COHFACE_s32_session0_lamp,24,103,27.433333333333334,0.47408685088157654,0.44433222820061463
COHFACE_s32_session0_lamp,24,104,27.466666666666665,0.3517923355102539,0.40014053118877574
COHFACE_s32_session0_lamp,24,105,27.5,0.22166810929775238,0.343131333058047
COHFACE_s32_session0_lamp,24,106,27.533333333333335,0.09782925993204117,0.26922680431228163
COHFACE_s32_session0_lamp,24,107,27.566666666666666,-0.03113672137260437,0.17729336080390812
COHFACE_s32_session0_lamp,24,108,27.6,-0.15424974262714386,0.07005815815467728
COHFACE_s32_session0_lamp,24,109,27.633333333333333,-0.26040613651275635,-0.04728750019663755
COHFACE_s32_session0_lamp,24,110,27.666666666666668,-0.3716588020324707,-0.17005661768728073
COHFACE_s32_session0_lamp,24,111,27.7,-0.4821701943874359,-0.2963354104541351
COHFACE_s32_session0_lamp,24,112,27.733333333333334,-0.5806204676628113,-0.42675525456157065
COHFACE_s32_session0_lamp,24,113,27.766666666666666,-0.6865297555923462,-0.5618742626553626
COHFACE_s32_session0_lamp,24,114,27.8,-0.7772893309593201,-0.6989506335114839
COHFACE_s32_session0_lamp,24,115,27.833333333333332,-0.8673076033592224,-0.830130543513915
COHFACE_s32_session0_lamp,24,116,27.866666666666667,-0.958406925201416,-0.9428261574268377
COHFACE_s32_session0_lamp,24,117,27.9,-1.0421088933944702,-1.0216712108821198
COHFACE_s32_session0_lamp,24,118,27.933333333333334,-1.125903606414795,-1.0511573799270781
COHFACE_s32_session0_lamp,24,119,27.966666666666665,-1.1993359327316284,-1.0185874112558921
COHFACE_s32_session0_lamp,24,120,28.0,-1.2574023008346558,-0.917333314532942
COHFACE_s32_session0_lamp,24,121,28.033333333333335,-1.1842942237854004,-0.7499609912782911
COHFACE_s32_session0_lamp,24,122,28.066666666666666,-0.8131020665168762,-0.5298454387982895
COHFACE_s32_session0_lamp,24,123,28.1,-0.3098706305027008,-0.27967841316221753
COHFACE_s32_session0_lamp,24,124,28.133333333333333,0.057954974472522736,-0.026588379001387316
COHFACE_s32_session0_lamp,24,125,28.166666666666668,0.27456098794937134,0.2043487737647889
COHFACE_s32_session0_lamp,24,126,28.2,0.42454513907432556,0.3952054237758692
COHFACE_s32_session0_lamp,24,127,28.233333333333334,0.5223004817962646,0.5366788101767593
COHFACE_s32_session0_lamp,24,128,28.266666666666666,0.5133125185966492,0.626249109550991
COHFACE_s32_session0_lamp,24,129,28.3,0.44303062558174133,0.6654409481843854
COHFACE_s32_session0_lamp,24,130,28.333333333333332,0.4032798707485199,0.6584550200034492
COHFACE_s32_session0_lamp,24,131,28.366666666666667,0.3999750316143036,0.6124896084983054
COHFACE_s32_session0_lamp,24,132,28.4,0.39276307821273804,0.5381763328324324
COHFACE_s32_session0_lamp,24,133,28.433333333333334,0.347313791513443,0.4483871404284882
COHFACE_s32_session0_lamp,24,134,28.466666666666665,0.24415336549282074,0.35543887166861377
COHFACE_s32_session0_lamp,24,135,28.5,0.11534181982278824,0.26845920122729505
COHFACE_s32_session0_lamp,24,136,28.533333333333335,-0.008805885910987854,0.19252598813448726
COHFACE_s32_session0_lamp,24,137,28.566666666666666,-0.1178501695394516,0.12963756034454785
COHFACE_s32_session0_lamp,24,138,28.6,-0.22870129346847534,0.08023236455817996
COHFACE_s32_session0_lamp,24,139,28.633333333333333,-0.33513566851615906,0.04394249184640678
COHFACE_s32_session0_lamp,24,140,28.666666666666668,-0.42486053705215454,0.019465276271145904
COHFACE_s32_session0_lamp,24,141,28.7,-0.5090876221656799,0.004480105399156121
COHFACE_s32_session0_lamp,24,142,28.733333333333334,-0.5982410907745361,-0.003718218291290957
COHFACE_s32_session0_lamp,24,143,28.766666666666666,-0.6905604004859924,-0.007195515193574536
COHFACE_s32_session0_lamp,24,144,28.8,-0.7828488349914551,-0.00685035841139483
COHFACE_s32_session0_lamp,24,145,28.833333333333332,-0.8721721768379211,-0.0029227008233652513
COHFACE_s32_session0_lamp,24,146,28.866666666666667,-0.9568780064582825,0.003858703024972286
COHFACE_s32_session0_lamp,24,147,28.9,-1.0302485227584839,0.011557575050128272
COHFACE_s32_session0_lamp,24,148,28.933333333333334,-1.100932002067566,0.017541460163665805
COHFACE_s32_session0_lamp,24,149,28.966666666666665,-1.1799392700195312,0.020012164452433246
COHFACE_s32_session0_lamp,24,150,29.0,-1.2560124397277832,0.0193757869728517
COHFACE_s32_session0_lamp,24,151,29.033333333333335,-1.2425613403320312,0.018243808415307972
COHFACE_s32_session0_lamp,24,152,29.066666666666666,-0.9520134329795837,0.019975489637288724
COHFACE_s32_session0_lamp,24,153,29.1,-0.46465760469436646,0.026928724635077443
COHFACE_s32_session0_lamp,24,154,29.133333333333333,-0.09036131203174591,0.039798419342626304
COHFACE_s32_session0_lamp,24,155,29.166666666666668,0.11287091672420502,0.05835410730946081
COHFACE_s32_session0_lamp,24,156,29.2,0.2350110113620758,0.08237647392610908
COHFACE_s32_session0_lamp,24,157,29.233333333333334,0.3011850416660309,0.11123102156369293
COHFACE_s32_session0_lamp,24,158,29.266666666666666,0.2768002450466156,0.142002149320295
COHFACE_s32_session0_lamp,24,159,29.3,0.2192126363515854,0.16793185725840576
COHFACE_s32_session0_lamp,24,160,29.333333333333332,0.20228691399097443,0.17916741530676408
COHFACE_s32_session0_lamp,24,161,29.366666666666667,0.22132834792137146,0.1662290016663536
COHFACE_s32_session0_lamp,24,162,29.4,0.2286638617515564,0.12434221290981154
COHFACE_s32_session0_lamp,24,163,29.433333333333334,0.192434161901474,0.055783594910172735
COHFACE_s32_session0_lamp,24,164,29.466666666666665,0.1152491644024849,-0.0313020305340868
COHFACE_s32_session0_lamp,24,165,29.5,0.010637074708938599,-0.12672748466952666
COHFACE_s32_session0_lamp,24,166,29.533333333333335,-0.09036131203174591,-0.22228163807956866
COHFACE_s32_session0_lamp,24,167,29.566666666666666,-0.17939123511314392,-0.31380480009055
COHFACE_s32_session0_lamp,24,168,29.6,-0.28202658891677856,-0.4009460897666321
COHFACE_s32_session0_lamp,24,169,29.633333333333333,-0.3693732023239136,-0.485607050632145
COHFACE_s32_session0_lamp,24,170,29.666666666666668,-0.4474847912788391,-0.5698655868142616
COHFACE_s32_session0_lamp,24,171,29.7,-0.5260442495346069,-0.6535032463030699
COHFACE_s32_session0_lamp,24,172,29.733333333333334,-0.6124488115310669,-0.7315495806419174
COHFACE_s32_session0_lamp,24,173,29.766666666666666,-0.6925680637359619,-0.7930790576252558
COHFACE_s32_session0_lamp,24,174,29.8,-0.7774283289909363,-0.822626652075652
COHFACE_s32_session0_lamp,24,175,29.833333333333332,-0.8660721182823181,-0.8044431971642377
COHFACE_s32_session0_lamp,24,176,29.866666666666667,-0.9490020275115967,-0.7279050086279787
COHFACE_s32_session0_lamp,24,177,29.9,-1.0252913236618042,-0.5913532951399558
COHFACE_s32_session0_lamp,24,178,29.933333333333334,-1.1091786623001099,-0.4026016886442467
COHFACE_s32_session0_lamp,24,179,29.966666666666665,-1.1691136360168457,-0.17650914456572903
COHFACE_s32_session0_lamp,24,180,30.0,-1.0547106266021729,0.06836603361998213
COHFACE_s32_session0_lamp,24,181,30.033333333333335,-0.6444470882415771,0.31223360963850194
COHFACE_s32_session0_lamp,24,182,30.066666666666666,-0.15075957775115967,0.5356953695290201
COHFACE_s32_session0_lamp,24,183,30.1,0.18794021010398865,0.7217937647022203
COHFACE_s32_session0_lamp,24,184,30.133333333333333,0.3814123272895813,0.8588209243858455
COHFACE_s32_session0_lamp,24,185,30.166666666666668,0.49933645129203796,0.9425639820479021
COHFACE_s32_session0_lamp,24,186,30.2,0.5613099336624146,0.9763905732732585
COHFACE_s32_session0_lamp,24,187,30.233333333333334,0.5291263461112976,0.9688748296563463
COHFACE_s32_session0_lamp,24,188,30.266666666666666,0.48671936988830566,0.9303313154463465
COHFACE_s32_session0_lamp,24,189,30.3,0.5112740397453308,0.8702024672100819
COHFACE_s32_session0_lamp,24,190,30.333333333333332,0.5545458197593689,0.796181180810001
COHFACE_s32_session0_lamp,24,191,30.366666666666667,0.5497121214866638,0.714404288823185
COHFACE_s32_session0_lamp,24,192,30.4,0.49491968750953674,0.6294980687197302
COHFACE_s32_session0_lamp,24,193,30.433333333333334,0.41004398465156555,0.543968517760513
COHFACE_s32_session0_lamp,24,194,30.466666666666665,0.313663125038147,0.4576186979069629
COHFACE_s32_session0_lamp,24,195,30.5,0.21448703110218048,0.3680549628111216
COHFACE_s32_session0_lamp,24,196,30.533333333333335,0.10868581384420395,0.27236417105643307
COHFACE_s32_session0_lamp,24,197,30.566666666666666,0.012011517770588398,0.16882839173297526
COHFACE_s32_session0_lamp,24,198,30.6,-0.07627712935209274,0.05744560993412069
COHFACE_s32_session0_lamp,24,199,30.633333333333333,-0.16408704221248627,-0.06091164420295299
COHFACE_s32_session0_lamp,24,200,30.666666666666668,-0.2566843330860138,-0.18559239525174626
COHFACE_s32_session0_lamp,24,201,30.7,-0.3408651053905487,-0.31614839202299844
COHFACE_s32_session0_lamp,24,202,30.733333333333334,-0.4252157509326935,-0.4509900198652333
COHFACE_s32_session0_lamp,24,203,30.766666666666666,-0.5070182681083679,-0.5859109463864032
COHFACE_s32_session0_lamp,24,204,30.8,-0.5890060663223267,-0.7139382253765679
COHFACE_s32_session0_lamp,24,205,30.833333333333332,-0.6630715727806091,-0.8269496874282882
COHFACE_s32_session0_lamp,24,206,30.866666666666667,-0.735453724861145,-0.9180495284391121
COHFACE_s32_session0_lamp,24,207,30.9,-0.8058746457099915,-0.9829724165576758
COHFACE_s32_session0_lamp,24,208,30.933333333333334,-0.7519470453262329,-1.0194571043765093
COHFACE_s32_session0_lamp,24,209,30.966666666666665,-0.3831022083759308,-1.0251058237912634
COHFACE_s32_session0_lamp,24,210,31.0,0.17858164012432098,-0.9955630086631382
COHFACE_s32_session0_lamp,24,211,31.033333333333335,0.641969621181488,-0.9247992722808642
COHFACE_s32_session0_lamp,24,212,31.066666666666666,0.9623229503631592,-0.8077220238289912
COHFACE_s32_session0_lamp,24,213,31.1,1.2124714851379395,-0.6435970932365503
COHFACE_s32_session0_lamp,24,214,31.133333333333333,1.3829333782196045,-0.4383042251656737
COHFACE_s32_session0_lamp,24,215,31.166666666666668,1.4324904680252075,-0.2043854115788533
COHFACE_s32_session0_lamp,24,216,31.2,1.3907475471496582,0.04073212003101071
COHFACE_s32_session0_lamp,24,217,31.233333333333334,1.3597685098648071,0.27730346285171986
COHFACE_s32_session0_lamp,24,218,31.266666666666666,1.3664863109588623,0.486124656465293
COHFACE_s32_session0_lamp,24,219,31.3,1.3604943752288818,0.6516662036763745
COHFACE_s32_session0_lamp,24,220,31.333333333333332,1.3160489797592163,0.7648760249559422
COHFACE_s32_session0_lamp,24,221,31.366666666666667,1.220733642578125,0.8243483661653903
COHFACE_s32_session0_lamp,24,222,31.4,1.0945628881454468,0.8350337927875049
COHFACE_s32_session0_lamp,24,223,31.433333333333334,0.9607168436050415,0.8051021741546114
COHFACE_s32_session0_lamp,24,224,31.466666666666665,0.8394724726676941,0.7428142250805295
COHFACE_s32_session0_lamp,24,225,31.5,0.716467559337616,0.6551866708748855
COHFACE_s32_session0_lamp,24,226,31.533333333333335,0.5885980129241943,0.5486980453896309
COHFACE_s32_session0_lamp,24,227,31.566666666666666,0.48102083802223206,0.43065929080307086
COHFACE_s32_session0_lamp,24,228,31.6,0.37511152029037476,0.30959992946936477
COHFACE_s32_session0_lamp,24,229,31.633333333333333,0.2639206349849701,0.19408060164674257
COHFACE_s32_session0_lamp,24,230,31.666666666666668,0.15171051025390625,0.09074499786370877
COHFACE_s32_session0_lamp,24,231,31.7,0.03449678421020508,0.0030497388018268963
COHFACE_s32_session0_lamp,24,232,31.733333333333334,-0.0806475505232811,-0.06851408127069457
COHFACE_s32_session0_lamp,24,233,31.766666666666666,-0.18995437026023865,-0.12508277335245932
COHFACE_s32_session0_lamp,24,234,31.8,-0.29981714487075806,-0.1680476658712485
COHFACE_s32_session0_lamp,24,235,31.833333333333332,-0.4038578271865845,-0.19848118785428154
COHFACE_s32_session0_lamp,24,236,31.866666666666667,-0.4866332709789276,-0.21728731794371176
COHFACE_s32_session0_lamp,24,237,31.9,-0.4131855070590973,-0.22540976450160094
COHFACE_s32_session0_lamp,24,238,31.933333333333334,-0.004481796640902758,-0.22375185120154778
COHFACE_s32_session0_lamp,24,239,31.966666666666665,0.5870228409767151,-0.21304217626821587
COHFACE_s32_session0_lamp,25,0,25.0,0.062062859535217285,-0.04710247695703992
COHFACE_s32_session0_lamp,25,1,25.033333333333335,0.46418777108192444,-0.05619367076224763
COHFACE_s32_session0_lamp,25,2,25.066666666666666,0.7907028794288635,-0.06098782656091543
COHFACE_s32_session0_lamp,25,3,25.1,1.0818685293197632,-0.057289521021730516
COHFACE_s32_session0_lamp,25,4,25.133333333333333,1.3013933897018433,-0.04151190387999198
COHFACE_s32_session0_lamp,25,5,25.166666666666668,1.4058510065078735,-0.011646780954768897
COHFACE_s32_session0_lamp,25,6,25.2,1.3856513500213623,0.03154661386428934
COHFACE_s32_session0_lamp,25,7,25.233333333333334,1.3090994358062744,0.08372537364843566
COHFACE_s32_session0_lamp,25,8,25.266666666666666,1.262105941772461,0.1372884025286831
COHFACE_s32_session0_lamp,25,9,25.3,1.215436577796936,0.18324444478125
COHFACE_s32_session0_lamp,25,10,25.333333333333332,1.120152235031128,0.21408356739372028
COHFACE_s32_session0_lamp,25,11,25.366666666666667,0.9922055006027222,0.22624785317226395
COHFACE_s32_session0_lamp,25,12,25.4,0.847024142742157,0.2207665893097389
COHFACE_s32_session0_lamp,25,13,25.433333333333334,0.6970245838165283,0.20167047547321745
COHFACE_s32_session0_lamp,25,14,25.466666666666665,0.5428861975669861,0.17336410154777906
COHFACE_s32_session0_lamp,25,15,25.5,0.3828948736190796,0.13885930660406795
COHFACE_s32_session0_lamp,25,16,25.533333333333335,0.21688072383403778,0.09985854466319402
COHFACE_s32_session0_lamp,25,17,25.566666666666666,0.06816291064023972,0.05804137810270539
COHFACE_s32_session0_lamp,25,18,25.6,-0.06886440515518188,0.016020389172586663
COHFACE_s32_session0_lamp,25,19,25.633333333333333,-0.2197442501783371,-0.023044640929399954
COHFACE_s32_session0_lamp,25,20,25.666666666666668,-0.3657131791114807,-0.05672289620318056
COHFACE_s32_session0_lamp,25,21,25.7,-0.4939842224121094,-0.08409544761488008
COHFACE_s32_session0_lamp,25,22,25.733333333333334,-0.6254982948303223,-0.1052509153069525
COHFACE_s32_session0_lamp,25,23,25.766666666666666,-0.7543870806694031,-0.12004103407128788
COHFACE_s32_session0_lamp,25,24,25.8,-0.8719868659973145,-0.12736470492891702
COHFACE_s32_session0_lamp,25,25,25.833333333333332,-0.9676110148429871,-0.1257762217776428
COHFACE_s32_session0_lamp,25,26,25.866666666666667,-1.0529500246047974,-0.11494500262489792
COHFACE_s32_session0_lamp,25,27,25.9,-1.1343973875045776,-0.09659195231624507
COHFACE_s32_session0_lamp,25,28,25.933333333333334,-1.1760013103485107,-0.07388003441375507
COHFACE_s32_session0_lamp,25,29,25.966666666666665,-0.9973700642585754,-0.04952815461493232
COHFACE_s32_session0_lamp,25,30,26.0,-0.5156664252281189,-0.024085165989327254
COHFACE_s32_session0_lamp,25,31,26.033333333333335,-0.007199795916676521,0.004213894372810686
COHFACE_s32_session0_lamp,25,32,26.066666666666666,0.3752813935279846,0.037930286332713836
COHFACE_s32_session0_lamp,25,33,26.1,0.6765778064727783,0.0785155086398771
COHFACE_s32_session0_lamp,25,34,26.133333333333333,0.9254291653633118,0.12533941785204972
COHFACE_s32_session0_lamp,25,35,26.166666666666668,1.1103458404541016,0.1758905484221255
COHFACE_s32_session0_lamp,25,36,26.2,1.1692460775375366,0.22626942604164163
COHFACE_s32_session0_lamp,25,37,26.233333333333334,1.1047554016113281,0.2710676592513213
COHFACE_s32_session0_lamp,25,38,26.266666666666666,1.037793755531311,0.30293586124199745
COHFACE_s32_session0_lamp,25,39,26.3,1.0022281408309937,0.3131755571832791
COHFACE_s32_session0_lamp,25,40,26.333333333333332,0.9511266350746155,0.2942029249613976
COHFACE_s32_session0_lamp,25,41,26.366666666666667,0.8529388904571533,0.2430798410204578
COHFACE_s32_session0_lamp,25,42,26.4,0.7226756811141968,0.16391390841246542
COHFACE_s32_session0_lamp,25,43,26.433333333333334,0.5834863185882568,0.06721718024803505
COHFACE_s32_session0_lamp,25,44,26.466666666666665,0.43339407444000244,-0.03358099407022516
COHFACE_s32_session0_lamp,25,45,26.5,0.28652945160865784,-0.12628776672968448
COHFACE_s32_session0_lamp,25,46,26.533333333333335,0.1371167004108429,-0.20258891438635757
COHFACE_s32_session0_lamp,25,47,26.566666666666666,-0.009732477366924286,-0.2586474689262663
COHFACE_s32_session0_lamp,25,48,26.6,-0.15327681601047516,-0.2947704361349056
COHFACE_s32_session0_lamp,25,49,26.633333333333333,-0.28506889939308167,-0.31534388575702527
COHFACE_s32_session0_lamp,25,50,26.666666666666668,-0.41497692465782166,-0.3286651604549804
COHFACE_s32_session0_lamp,25,51,26.7,-0.5506452322006226,-0.34515678697751806
COHFACE_s32_session0_lamp,25,52,26.733333333333334,-0.6763526797294617,-0.373455910136825
COHFACE_s32_session0_lamp,25,53,26.766666666666666,-0.8086698651313782,-0.4159915713676274
COHFACE_s32_session0_lamp,25,54,26.8,-0.9329565763473511,-0.46675698192286713
COHFACE_s32_session0_lamp,25,55,26.833333333333332,-1.045212984085083,-0.5129759994004724
COHFACE_s32_session0_lamp,25,56,26.866666666666667,-1.1455936431884766,-0.5398144651574435
COHFACE_s32_session0_lamp,25,57,26.9,-1.2426694631576538,-0.5353479955815394
COHFACE_s32_session0_lamp,25,58,26.933333333333334,-1.3342938423156738,-0.4933383244656171
COHFACE_s32_session0_lamp,25,59,26.966666666666665,-1.4065525531768799,-0.4133001563350659
COHFACE_s32_session0_lamp,25,60,27.0,-1.3463549613952637,-0.29907812194101774
COHFACE_s32_session0_lamp,25,61,27.033333333333335,-0.9748693108558655,-0.157497863786268
COHFACE_s32_session0_lamp,25,62,27.066666666666666,-0.43108415603637695,0.00239158057915917
COHFACE_s32_session0_lamp,25,63,27.1,-0.008358034305274487,0.17006716826230767
COHFACE_s32_session0_lamp,25,64,27.133333333333333,0.2703758776187897,0.3348126814421098
COHFACE_s32_session0_lamp,25,65,27.166666666666668,0.497946560382843,0.4872218230666097
COHFACE_s32_session0_lamp,25,66,27.2,0.665505051612854,0.6200206814182642
COHFACE_s32_session0_lamp,25,67,27.233333333333334,0.7172242403030396,0.7276402832683471
COHFACE_s32_session0_lamp,25,68,27.266666666666666,0.6801142692565918,0.8050798481840881
COHFACE_s32_session0_lamp,25,69,27.3,0.6396531462669373,0.8474147186190836
COHFACE_s32_session0_lamp,25,70,27.333333333333332,0.632533848285675,0.8508919897732518
COHFACE_s32_session0_lamp,25,71,27.366666666666667,0.6263257265090942,0.8151615133347159
COHFACE_s32_session0_lamp,25,72,27.4,0.5684446692466736,0.7449036335223392
COHFACE_s32_session0_lamp,25,73,27.433333333333334,0.47408685088157654,0.6492235776418362
COHFACE_s32_session0_lamp,25,74,27.466666666666665,0.3517923355102539,0.5389117781454068
COHFACE_s32_session0_lamp,25,75,27.5,0.22166810929775238,0.4233434969700184
COHFACE_s32_session0_lamp,25,76,27.533333333333335,0.09782925993204117,0.3087745880584346
COHFACE_s32_session0_lamp,25,77,27.566666666666666,-0.03113672137260437,0.1984158627334672
COHFACE_s32_session0_lamp,25,78,27.6,-0.15424974262714386,0.09332097319491475
COHFACE_s32_session0_lamp,25,79,27.633333333333333,-0.26040613651275635,-0.0070871571803953655
COHFACE_s32_session0_lamp,25,80,27.666666666666668,-0.3716588020324707,-0.10501326064140547
COHFACE_s32_session0_lamp,25,81,27.7,-0.4821701943874359,-0.20400549422080977
COHFACE_s32_session0_lamp,25,82,27.733333333333334,-0.5806204676628113,-0.3077865421649981
COHFACE_s32_session0_lamp,25,83,27.766666666666666,-0.6865297555923462,-0.418508129797557
COHFACE_s32_session0_lamp,25,84,27.8,-0.7772893309593201,-0.5353022767419919
COHFACE_s32_session0_lamp,25,85,27.833333333333332,-0.8673076033592224,-0.6537846060745441
COHFACE_s32_session0_lamp,25,86,27.866666666666667,-0.958406925201416,-0.7664302567213541
COHFACE_s32_session0_lamp,25,87,27.9,-1.0421088933944702,-0.8632569254409306
COHFACE_s32_session0_lamp,25,88,27.933333333333334,-1.125903606414795,-0.9325265508457464
COHFACE_s32_session0_lamp,25,89,27.966666666666665,-1.1993359327316284,-0.9618372878497246
COHFACE_s32_session0_lamp,25,90,28.0,-1.2574023008346558,-0.9402453291227678
COHFACE_s32_session0_lamp,25,91,28.033333333333335,-1.1842942237854004,-0.861428142213118
COHFACE_s32_session0_lamp,25,92,28.066666666666666,-0.8131020665168762,-0.726649512541662
COHFACE_s32_session0_lamp,25,93,28.1,-0.3098706305027008,-0.5456491933717955
COHFACE_s32_session0_lamp,25,94,28.133333333333333,0.057954974472522736,-0.334485007848248
COHFACE_s32_session0_lamp,25,95,28.166666666666668,0.27456098794937134,-0.11124617293489478
COHFACE_s32_session0_lamp,25,96,28.2,0.42454513907432556,0.10797862290389014
COHFACE_s32_session0_lamp,25,97,28.233333333333334,0.5223004817962646,0.3107456659955832
COHFACE_s32_session0_lamp,25,98,28.266666666666666,0.5133125185966492,0.48739441847173026
COHFACE_s32_session0_lamp,25,99,28.3,0.44303062558174133,0.6294946584820476
COHFACE_s32_session0_lamp,25,100,28.333333333333332,0.4032798707485199,0.7295168843931947
COHFACE_s32_session0_lamp,25,101,28.366666666666667,0.3999750316143036,0.7821775122065153
COHFACE_s32_session0_lamp,25,102,28.4,0.39276307821273804,0.7863160346729825
COHFACE_s32_session0_lamp,25,103,28.433333333333334,0.347313791513443,0.7457086665741629
COHFACE_s32_session0_lamp,25,104,28.466666666666665,0.24415336549282074,0.6682030751005323
COHFACE_s32_session0_lamp,25,105,28.5,0.11534181982278824,0.5638529509406677
COHFACE_s32_session0_lamp,25,106,28.533333333333335,-0.008805885910987854,0.4431175614885234
COHFACE_s32_session0_lamp,25,107,28.566666666666666,-0.1178501695394516,0.31567105081114616
COHFACE_s32_session0_lamp,25,108,28.6,-0.22870129346847534,0.18967659535142165
COHFACE_s32_session0_lamp,25,109,28.633333333333333,-0.33513566851615906,0.07121729048077609
COHFACE_s32_session0_lamp,25,110,28.666666666666668,-0.42486053705215454,-0.03596320049513808
COHFACE_s32_session0_lamp,25,111,28.7,-0.5090876221656799,-0.12996501646106146
COHFACE_s32_session0_lamp,25,112,28.733333333333334,-0.5982410907745361,-0.20952348492128278
COHFACE_s32_session0_lamp,25,113,28.766666666666666,-0.6905604004859924,-0.2728281351140582
COHFACE_s32_session0_lamp,25,114,28.8,-0.7828488349914551,-0.31719674927456876
COHFACE_s32_session0_lamp,25,115,28.833333333333332,-0.8721721768379211,-0.33986541751292965
COHFACE_s32_session0_lamp,25,116,28.866666666666667,-0.9568780064582825,-0.33939838750582985
COHFACE_s32_session0_lamp,25,117,28.9,-1.0302485227584839,-0.3167662450440677
COHFACE_s32_session0_lamp,25,118,28.933333333333334,-1.100932002067566,-0.2753051413175324
COHFACE_s32_session0_lamp,25,119,28.966666666666665,-1.1799392700195312,-0.21955001821938896
COHFACE_s32_session0_lamp,25,120,29.0,-1.2560124397277832,-0.15385794279524231
COHFACE_s32_session0_lamp,25,121,29.033333333333335,-1.2425613403320312,-0.08189397482370264
COHFACE_s32_session0_lamp,25,122,29.066666666666666,-0.9520134329795837,-0.0071029408813588065
COHFACE_s32_session0_lamp,25,123,29.1,-0.46465760469436646,0.06674290221232518
COHFACE_s32_session0_lamp,25,124,29.133333333333333,-0.09036131203174591,0.13582140614587454
COHFACE_s32_session0_lamp,25,125,29.166666666666668,0.11287091672420502,0.19728143116117924
COHFACE_s32_session0_lamp,25,126,29.2,0.2350110113620758,0.24990441423911788
COHFACE_s32_session0_lamp,25,127,29.233333333333334,0.3011850416660309,0.29336613749436885
COHFACE_s32_session0_lamp,25,128,29.266666666666666,0.2768002450466156,0.32642651896405017
COHFACE_s32_session0_lamp,25,129,29.3,0.2192126363515854,0.34565117601393325
COHFACE_s32_session0_lamp,25,130,29.333333333333332,0.20228691399097443,0.34604590224744025
COHFACE_s32_session0_lamp,25,131,29.366666666666667,0.22132834792137146,0.3234789608631387
COHFACE_s32_session0_lamp,25,132,29.4,0.2286638617515564,0.2772376973015606
COHFACE_s32_session0_lamp,25,133,29.433333333333334,0.192434161901474,0.2108325466727063
COHFACE_s32_session0_lamp,25,134,29.466666666666665,0.1152491644024849,0.1305502896439728
COHFACE_s32_session0_lamp,25,135,29.5,0.010637074708938599,0.0429449063300167
COHFACE_s32_session0_lamp,25,136,29.533333333333335,-0.09036131203174591,-0.04706922953893793
COHFACE_s32_session0_lamp,25,137,29.566666666666666,-0.17939123511314392,-0.13674926631916712
COHFACE_s32_session0_lamp,25,138,29.6,-0.28202658891677856,-0.22522250088989357
COHFACE_s32_session0_lamp,25,139,29.633333333333333,-0.3693732023239136,-0.3132590448577401
COHFACE_s32_session0_lamp,25,140,29.666666666666668,-0.4474847912788391,-0.403014428360682
COHFACE_s32_session0_lamp,25,141,29.7,-0.5260442495346069,-0.49672858270275605
COHFACE_s32_session0_lamp,25,142,29.733333333333334,-0.6124488115310669,-0.5939896511597388
COHFACE_s32_session0_lamp,25,143,29.766666666666666,-0.6925680637359619,-0.6887624076150202
COHFACE_s32_session0_lamp,25,144,29.8,-0.7774283289909363,-0.7683777555658329
COHFACE_s32_session0_lamp,25,145,29.833333333333332,-0.8660721182823181,-0.8159357481125933
COHFACE_s32_session0_lamp,25,146,29.866666666666667,-0.9490020275115967,-0.8153105240968865
COHFACE_s32_session0_lamp,25,147,29.9,-1.0252913236618042,-0.7561626983319718
COHFACE_s32_session0_lamp,25,148,29.933333333333334,-1.1091786623001099,-0.6367086835218875
COHFACE_s32_session0_lamp,25,149,29.966666666666665,-1.1691136360168457,-0.46375585613078474
COHFACE_s32_session0_lamp,25,150,30.0,-1.0547106266021729,-0.2509737093966361
COHFACE_s32_session0_lamp,25,151,30.033333333333335,-0.6444470882415771,-0.01654725155882294
COHFACE_s32_session0_lamp,25,152,30.066666666666666,-0.15075957775115967,0.21951285428284512
COHFACE_s32_session0_lamp,25,153,30.1,0.18794021010398865,0.43860225681010107
COHFACE_s32_session0_lamp,25,154,30.133333333333333,0.3814123272895813,0.6266977148322896
COHFACE_s32_session0_lamp,25,155,30.166666666666668,0.49933645129203796,0.776023755989334
COHFACE_s32_session0_lamp,25,156,30.2,0.5613099336624146,0.8842904754277167
COHFACE_s32_session0_lamp,25,157,30.233333333333334,0.5291263461112976,0.9521604543452344
COHFACE_s32_session0_lamp,25,158,30.266666666666666,0.48671936988830566,0.9808769362924082
COHFACE_s32_session0_lamp,25,159,30.3,0.5112740397453308,0.9717599160885664
COHFACE_s32_session0_lamp,25,160,30.333333333333332,0.5545458197593689,0.9275028556996111
COHFACE_s32_session0_lamp,25,161,30.366666666666667,0.5497121214866638,0.8535217794571158
COHFACE_s32_session0_lamp,25,162,30.4,0.49491968750953674,0.7576217369355532
COHFACE_s32_session0_lamp,25,163,30.433333333333334,0.41004398465156555,0.6477953028016569
COHFACE_s32_session0_lamp,25,164,30.466666666666665,0.313663125038147,0.5296887494865575
COHFACE_s32_session0_lamp,25,165,30.5,0.21448703110218048,0.4056170408862443
COHFACE_s32_session0_lamp,25,166,30.533333333333335,0.10868581384420395,0.2755643718736311
COHFACE_s32_session0_lamp,25,167,30.566666666666666,0.012011517770588398,0.13895290996596293
COHFACE_s32_session0_lamp,25,168,30.6,-0.07627712935209274,-0.004241373463863166
COHFACE_s32_session0_lamp,25,169,30.633333333333333,-0.16408704221248627,-0.15339442117471835
COHFACE_s32_session0_lamp,25,170,30.666666666666668,-0.2566843330860138,-0.30741654869775065
COHFACE_s32_session0_lamp,25,171,30.7,-0.3408651053905487,-0.4642413775784827
COHFACE_s32_session0_lamp,25,172,30.733333333333334,-0.4252157509326935,-0.6194866284024723
COHFACE_s32_session0_lamp,25,173,30.766666666666666,-0.5070182681083679,-0.7652334171079851
COHFACE_s32_session0_lamp,25,174,30.8,-0.5890060663223267,-0.8901944145896239
COHFACE_s32_session0_lamp,25,175,30.833333333333332,-0.6630715727806091,-0.9817913468702162
COHFACE_s32_session0_lamp,25,176,30.866666666666667,-0.735453724861145,-1.0293343297847144
COHFACE_s32_session0_lamp,25,177,30.9,-0.8058746457099915,-1.0267070320760112
COHFACE_s32_session0_lamp,25,178,30.933333333333334,-0.7519470453262329,-0.973421258382669
COHFACE_s32_session0_lamp,25,179,30.966666666666665,-0.3831022083759308,-0.8740379814598327
COHFACE_s32_session0_lamp,25,180,31.0,0.17858164012432098,-0.7367507492863875
COHFACE_s32_session0_lamp,25,181,31.033333333333335,0.641969621181488,-0.5719531108695272
COHFACE_s32_session0_lamp,25,182,31.066666666666666,0.9623229503631592,-0.39105532831711187
COHFACE_s32_session0_lamp,25,183,31.1,1.2124714851379395,-0.2053073002667792
COHFACE_s32_session0_lamp,25,184,31.133333333333333,1.3829333782196045,-0.024439844751062666
COHFACE_s32_session0_lamp,25,185,31.166666666666668,1.4324904680252075,0.1445401358161834
COHFACE_s32_session0_lamp,25,186,31.2,1.3907475471496582,0.29763152230796663
COHFACE_s32_session0_lamp,25,187,31.233333333333334,1.3597685098648071,0.43276062139690924
COHFACE_s32_session0_lamp,25,188,31.266666666666666,1.3664863109588623,0.548006147338536
COHFACE_s32_session0_lamp,25,189,31.3,1.3604943752288818,0.6404766714090853
COHFACE_s32_session0_lamp,25,190,31.333333333333332,1.3160489797592163,0.7065571718629695
COHFACE_s32_session0_lamp,25,191,31.366666666666667,1.220733642578125,0.7430353673597836
COHFACE_s32_session0_lamp,25,192,31.4,1.0945628881454468,0.7480645985519621
COHFACE_s32_session0_lamp,25,193,31.433333333333334,0.9607168436050415,0.7213654736124016
COHFACE_s32_session0_lamp,25,194,31.466666666666665,0.8394724726676941,0.6640022185096627
COHFACE_s32_session0_lamp,25,195,31.5,0.716467559337616,0.5784892773577295
COHFACE_s32_session0_lamp,25,196,31.533333333333335,0.5885980129241943,0.46938770813759895
COHFACE_s32_session0_lamp,25,197,31.566666666666666,0.48102083802223206,0.3437197535011737
COHFACE_s32_session0_lamp,25,198,31.6,0.37511152029037476,0.2104444334849828
COHFACE_s32_session0_lamp,25,199,31.633333333333333,0.2639206349849701,0.07891537839551827
COHFACE_s32_session0_lamp,25,200,31.666666666666668,0.15171051025390625,-0.04294452444242855
COHFACE_s32_session0_lamp,25,201,31.7,0.03449678421020508,-0.1497684650076754
COHFACE_s32_session0_lamp,25,202,31.733333333333334,-0.0806475505232811,-0.2387450393110976
COHFACE_s32_session0_lamp,25,203,31.766666666666666,-0.18995437026023865,-0.3088632098214002
COHFACE_s32_session0_lamp,25,204,31.8,-0.29981714487075806,-0.3601049026302433
COHFACE_s32_session0_lamp,25,205,31.833333333333332,-0.4038578271865845,-0.3930133326571736
COHFACE_s32_session0_lamp,25,206,31.866666666666667,-0.4866332709789276,-0.40852475224241586
COHFACE_s32_session0_lamp,25,207,31.9,-0.4131855070590973,-0.40767499205849045
COHFACE_s32_session0_lamp,25,208,31.933333333333334,-0.004481796640902758,-0.3910598086519216
COHFACE_s32_session0_lamp,25,209,31.966666666666665,0.5870228409767151,-0.35843082280140665
COHFACE_s32_session0_lamp,25,210,32.0,1.1079521179199219,-0.30900970273494527
COHFACE_s32_session0_lamp,25,211,32.03333333333333,1.500625729560852,-0.24269388744744097
COHFACE_s32_session0_lamp,25,212,32.06666666666667,1.7897838354110718,-0.16150907597430283
COHFACE_s32_session0_lamp,25,213,32.1,1.9970158338546753,-0.07022464313093753
COHFACE_s32_session0_lamp,25,214,32.13333333333333,2.0677146911621094,0.024453372454777828
COHFACE_s32_session0_lamp,25,215,32.166666666666664,2.0137717723846436,0.1156676132836314
COHFACE_s32_session0_lamp,25,216,32.2,1.9433199167251587,0.19801561315690572
COHFACE_s32_session0_lamp,25,217,32.233333333333334,1.9140087366104126,0.26800879115617393
COHFACE_s32_session0_lamp,25,218,32.266666666666666,1.8736402988433838,0.32340940653559436
COHFACE_s32_session0_lamp,25,219,32.3,1.7751437425613403,0.36232319981417793
COHFACE_s32_session0_lamp,25,220,32.333333333333336,1.6353366374969482,0.3828429100132023
COHFACE_s32_session0_lamp,25,221,32.36666666666667,1.472611904144287,0.3833068603789437
COHFACE_s32_session0_lamp,25,222,32.4,1.301424264907837,0.3626561591164065
COHFACE_s32_session0_lamp,25,223,32.43333333333333,1.1285223960876465,0.3204848111222311
COHFACE_s32_session0_lamp,25,224,32.46666666666667,0.9583694934844971,0.2570523199843398
COHFACE_s32_session0_lamp,25,225,32.5,0.7973125576972961,0.17384377901641
COHFACE_s32_session0_lamp,25,226,32.53333333333333,0.6430352330207825,0.07462809241423016
COHFACE_s32_session0_lamp,25,227,32.56666666666667,0.4978075623512268,-0.03388167958213034
COHFACE_s32_session0_lamp,25,228,32.6,0.3440707325935364,-0.1427066837341998
COHFACE_s32_session0_lamp,25,229,32.63333333333333,0.19065819680690765,-0.24268828339929188
COHFACE_s32_session0_lamp,25,230,32.666666666666664,0.052719734609127045,-0.32689962566170333
COHFACE_s32_session0_lamp,25,231,32.7,-0.07252443581819534,-0.3918135920818968
COHFACE_s32_session0_lamp,25,232,32.733333333333334,-0.2039613276720047,-0.43638478069200487
COHFACE_s32_session0_lamp,25,233,32.766666666666666,-0.3244335651397705,-0.45973703572326796
COHFACE_s32_session0_lamp,25,234,32.8,-0.4437166750431061,-0.4593942405002906
COHFACE_s32_session0_lamp,25,235,32.833333333333336,-0.5617642998695374,-0.43171458010529234
COHFACE_s32_session0_lamp,25,236,32.86666666666667,-0.611244261264801,-0.3742903645151681
COHFACE_s32_session0_lamp,25,237,32.9,-0.4127222001552582,-0.2884412671371788
COHFACE_s32_session0_lamp,25,238,32.93333333333333,0.12063883244991302,-0.1801898256368753
COHFACE_s32_session0_lamp,25,239,32.96666666666667,0.7367289662361145,-0.05951375959278126
COHFACE_s32_session0_lamp,26,0,26.0,-0.5156664252281189,0.11668171921580339
COHFACE_s32_session0_lamp,26,1,26.033333333333335,-0.007199795916676521,0.07596232087132077
COHFACE_s32_session0_lamp,26,2,26.066666666666666,0.3752813935279846,0.04204128963874148
COHFACE_s32_session0_lamp,26,3,26.1,0.6765778064727783,0.022905635212285655
COHFACE_s32_session0_lamp,26,4,26.133333333333333,0.9254291653633118,0.024170023577432233
COHFACE_s32_session0_lamp,26,5,26.166666666666668,1.1103458404541016,0.04750558415418034
COHFACE_s32_session0_lamp,26,6,26.2,1.1692460775375366,0.08934093557279496
COHFACE_s32_session0_lamp,26,7,26.233333333333334,1.1047554016113281,0.14036923769238294
COHFACE_s32_session0_lamp,26,8,26.266666666666666,1.037793755531311,0.18652204017715382
COHFACE_s32_session0_lamp,26,9,26.3,1.0022281408309937,0.21187006499883973
COHFACE_s32_session0_lamp,26,10,26.333333333333332,0.9511266350746155,0.2030436759560166
COHFACE_s32_session0_lamp,26,11,26.366666666666667,0.8529388904571533,0.1536642396735173
COHFACE_s32_session0_lamp,26,12,26.4,0.7226756811141968,0.06676931990661567
COHFACE_s32_session0_lamp,26,13,26.433333333333334,0.5834863185882568,-0.04604276331797674
COHFACE_s32_session0_lamp,26,14,26.466666666666665,0.43339407444000244,-0.16822751843976014
COHFACE_s32_session0_lamp,26,15,26.5,0.28652945160865784,-0.2827202413734842
COHFACE_s32_session0_lamp,26,16,26.533333333333335,0.1371167004108429,-0.3753557357303178
COHFACE_s32_session0_lamp,26,17,26.566666666666666,-0.009732477366924286,-0.43672406167555766
COHFACE_s32_session0_lamp,26,18,26.6,-0.15327681601047516,-0.4630526307446372
COHFACE_s32_session0_lamp,26,19,26.633333333333333,-0.28506889939308167,-0.45678999345378746
COHFACE_s32_session0_lamp,26,20,26.666666666666668,-0.41497692465782166,-0.4266016648981344
COHFACE_s32_session0_lamp,26,21,26.7,-0.5506452322006226,-0.3857245874853886
COHFACE_s32_session0_lamp,26,22,26.733333333333334,-0.6763526797294617,-0.3481744250579036
COHFACE_s32_session0_lamp,26,23,26.766666666666666,-0.8086698651313782,-0.32380094747062
COHFACE_s32_session0_lamp,26,24,26.8,-0.9329565763473511,-0.31443005672457036
COHFACE_s32_session0_lamp,26,25,26.833333333333332,-1.045212984085083,-0.3132189962455412
COHFACE_s32_session0_lamp,26,26,26.866666666666667,-1.1455936431884766,-0.30767817295262445
COHFACE_s32_session0_lamp,26,27,26.9,-1.2426694631576538,-0.2847205508325858
COHFACE_s32_session0_lamp,26,28,26.933333333333334,-1.3342938423156738,-0.23507970576564866
COHFACE_s32_session0_lamp,26,29,26.966666666666665,-1.4065525531768799,-0.15519492414254663
COHFACE_s32_session0_lamp,26,30,27.0,-1.3463549613952637,-0.0466600314521345
COHFACE_s32_session0_lamp,26,31,27.033333333333335,-0.9748693108558655,0.08519619146440979
COHFACE_s32_session0_lamp,26,32,27.066666666666666,-0.43108415603637695,0.23232274747538353
COHFACE_s32_session0_lamp,26,33,27.1,-0.008358034305274487,0.38450273370812044
COHFACE_s32_session0_lamp,26,34,27.133333333333333,0.2703758776187897,0.530108463558663
COHFACE_s32_session0_lamp,26,35,27.166666666666668,0.497946560382843,0.6574902248113362
COHFACE_s32_session0_lamp,26,36,27.2,0.665505051612854,0.7567202011583379
COHFACE_s32_session0_lamp,26,37,27.233333333333334,0.7172242403030396,0.8209176350532142
COHFACE_s32_session0_lamp,26,38,27.266666666666666,0.6801142692565918,0.8465759698323504
COHFACE_s32_session0_lamp,26,39,27.3,0.6396531462669373,0.8330166915233502
COHFACE_s32_session0_lamp,26,40,27.333333333333332,0.632533848285675,0.7817127759131989
COHFACE_s32_session0_lamp,26,41,27.366666666666667,0.6263257265090942,0.6961504804780143
COHFACE_s32_session0_lamp,26,42,27.4,0.5684446692466736,0.5820952973518202
COHFACE_s32_session0_lamp,26,43,27.433333333333334,0.47408685088157654,0.4474838687078131
COHFACE_s32_session0_lamp,26,44,27.466666666666665,0.3517923355102539,0.3014345076520829
COHFACE_s32_session0_lamp,26,45,27.5,0.22166810929775238,0.15267607847822995
COHFACE_s32_session0_lamp,26,46,27.533333333333335,0.09782925993204117,0.008206891577301922
COHFACE_s32_session0_lamp,26,47,27.566666666666666,-0.03113672137260437,-0.12720793026153387
COHFACE_s32_session0_lamp,26,48,27.6,-0.15424974262714386,-0.2508207117818339
COHFACE_s32_session0_lamp,26,49,27.633333333333333,-0.26040613651275635,-0.3615892199932203
COHFACE_s32_session0_lamp,26,50,27.666666666666668,-0.3716588020324707,-0.4601324994008384
COHFACE_s32_session0_lamp,26,51,27.7,-0.4821701943874359,-0.5486740601078794
COHFACE_s32_session0_lamp,26,52,27.733333333333334,-0.5806204676628113,-0.6303682077299226
COHFACE_s32_session0_lamp,26,53,27.766666666666666,-0.6865297555923462,-0.7077355467542686
COHFACE_s32_session0_lamp,26,54,27.8,-0.7772893309593201,-0.7807032636481198
COHFACE_s32_session0_lamp,26,55,27.833333333333332,-0.8673076033592224,-0.8452395553609282
COHFACE_s32_session0_lamp,26,56,27.866666666666667,-0.958406925201416,-0.8932931828897245
COHFACE_s32_session0_lamp,26,57,27.9,-1.0421088933944702,-0.9140554528641535
COHFACE_s32_session0_lamp,26,58,27.933333333333334,-1.125903606414795,-0.8960730234519781
COHFACE_s32_session0_lamp,26,59,27.966666666666665,-1.1993359327316284,-0.8296556909373917
COHFACE_s32_session0_lamp,26,60,28.0,-1.2574023008346558,-0.709188182290407
COHFACE_s32_session0_lamp,26,61,28.033333333333335,-1.1842942237854004,-0.5350669125125743
COHFACE_s32_session0_lamp,26,62,28.066666666666666,-0.8131020665168762,-0.31487541796056023
COHFACE_s32_session0_lamp,26,63,28.1,-0.3098706305027008,-0.06326861875155967
COHFACE_s32_session0_lamp,26,64,28.133333333333333,0.057954974472522736,0.19981553462440493
COHFACE_s32_session0_lamp,26,65,28.166666666666668,0.27456098794937134,0.45236374452272043
COHFACE_s32_session0_lamp,26,66,28.2,0.42454513907432556,0.6738059086494631
COHFACE_s32_session0_lamp,26,67,28.233333333333334,0.5223004817962646,0.8475206003802112
COHFACE_s32_session0_lamp,26,68,28.266666666666666,0.5133125185966492,0.9618683113922882
COHFACE_s32_session0_lamp,26,69,28.3,0.44303062558174133,1.0103958269181166
COHFACE_s32_session0_lamp,26,70,28.333333333333332,0.4032798707485199,0.9921302134370211
COHFACE_s32_session0_lamp,26,71,28.366666666666667,0.3999750316143036,0.9121912977438907
COHFACE_s32_session0_lamp,26,72,28.4,0.39276307821273804,0.781968012126178
COHFACE_s32_session0_lamp,26,73,28.433333333333334,0.347313791513443,0.6178602426700247
COHFACE_s32_session0_lamp,26,74,28.466666666666665,0.24415336549282074,0.4384892405074631
COHFACE_s32_session0_lamp,26,75,28.5,0.11534181982278824,0.26136575101004234
COHFACE_s32_session0_lamp,26,76,28.533333333333335,-0.008805885910987854,0.10021339947692993
COHFACE_s32_session0_lamp,26,77,28.566666666666666,-0.1178501695394516,-0.03638966056450888
COHFACE_s32_session0_lamp,26,78,28.6,-0.22870129346847534,-0.14501150952979738
COHFACE_s32_session0_lamp,26,79,28.633333333333333,-0.33513566851615906,-0.2263810302934463
COHFACE_s32_session0_lamp,26,80,28.666666666666668,-0.42486053705215454,-0.28395325433721985
COHFACE_s32_session0_lamp,26,81,28.7,-0.5090876221656799,-0.32251705881490345
COHFACE_s32_session0_lamp,26,82,28.733333333333334,-0.5982410907745361,-0.347143548498412
COHFACE_s32_session0_lamp,26,83,28.766666666666666,-0.6905604004859924,-0.36249597556080243
COHFACE_s32_session0_lamp,26,84,28.8,-0.7828488349914551,-0.37228825899527157
COHFACE_s32_session0_lamp,26,85,28.833333333333332,-0.8721721768379211,-0.3787214814786983
COHFACE_s32_session0_lamp,26,86,28.866666666666667,-0.9568780064582825,-0.38205406874917
COHFACE_s32_session0_lamp,26,87,28.9,-1.0302485227584839,-0.3806161427187278
COHFACE_s32_session0_lamp,26,88,28.933333333333334,-1.100932002067566,-0.37127052356566026
COHFACE_s32_session0_lamp,26,89,28.966666666666665,-1.1799392700195312,-0.3499843593690671
COHFACE_s32_session0_lamp,26,90,29.0,-1.2560124397277832,-0.31229086387587957
COHFACE_s32_session0_lamp,26,91,29.033333333333335,-1.2425613403320312,-0.25383082817490055
COHFACE_s32_session0_lamp,26,92,29.066666666666666,-0.9520134329795837,-0.17138599964079473
COHFACE_s32_session0_lamp,26,93,29.1,-0.46465760469436646,-0.06450589622374887
COHFACE_s32_session0_lamp,26,94,29.133333333333333,-0.09036131203174591,0.06288506461530603
COHFACE_s32_session0_lamp,26,95,29.166666666666668,0.11287091672420502,0.20188751760894905
COHFACE_s32_session0_lamp,26,96,29.2,0.2350110113620758,0.3395422020702343
COHFACE_s32_session0_lamp,26,97,29.233333333333334,0.3011850416660309,0.46091588698041114
COHFACE_s32_session0_lamp,26,98,29.266666666666666,0.2768002450466156,0.5515609117538615
COHFACE_s32_session0_lamp,26,99,29.3,0.2192126363515854,0.5997442020632466
COHFACE_s32_session0_lamp,26,100,29.333333333333332,0.20228691399097443,0.5983618099013515
COHFACE_s32_session0_lamp,26,101,29.366666666666667,0.22132834792137146,0.5466057661836622
COHFACE_s32_session0_lamp,26,102,29.4,0.2286638617515564,0.4509401390472532
COHFACE_s32_session0_lamp,26,103,29.433333333333334,0.192434161901474,0.3244917377377435
COHFACE_s32_session0_lamp,26,104,29.466666666666665,0.1152491644024849,0.18434648420639488
COHFACE_s32_session0_lamp,26,105,29.5,0.010637074708938599,0.047312596116855225
COHFACE_s32_session0_lamp,26,106,29.533333333333335,-0.09036131203174591,-0.0743009755516075
COHFACE_s32_session0_lamp,26,107,29.566666666666666,-0.17939123511314392,-0.17525036829933954
COHFACE_s32_session0_lamp,26,108,29.6,-0.28202658891677856,-0.25758209785506814
COHFACE_s32_session0_lamp,26,109,29.633333333333333,-0.3693732023239136,-0.32887380986125736
COHFACE_s32_session0_lamp,26,110,29.666666666666668,-0.4474847912788391,-0.39912080515139764
COHFACE_s32_session0_lamp,26,111,29.7,-0.5260442495346069,-0.47682103939401843
COHFACE_s32_session0_lamp,26,112,29.733333333333334,-0.6124488115310669,-0.5650648620409023
COHFACE_s32_session0_lamp,26,113,29.766666666666666,-0.6925680637359619,-0.6588717395061701
COHFACE_s32_session0_lamp,26,114,29.8,-0.7774283289909363,-0.7450469110165279
COHFACE_s32_session0_lamp,26,115,29.833333333333332,-0.8660721182823181,-0.8050410587665403
COHFACE_s32_session0_lamp,26,116,29.866666666666667,-0.9490020275115967,-0.819889845440799
COHFACE_s32_session0_lamp,26,117,29.9,-1.0252913236618042,-0.7753206220087088
COHFACE_s32_session0_lamp,26,118,29.933333333333334,-1.1091786623001099,-0.6653422050576353
COHFACE_s32_session0_lamp,26,119,29.966666666666665,-1.1691136360168457,-0.4936649653728406
COHFACE_s32_session0_lamp,26,120,30.0,-1.0547106266021729,-0.2731978462567286
COHFACE_s32_session0_lamp,26,121,30.033333333333335,-0.6444470882415771,-0.02406390085498889
COHFACE_s32_session0_lamp,26,122,30.066666666666666,-0.15075957775115967,0.229763541345408
COHFACE_s32_session0_lamp,26,123,30.1,0.18794021010398865,0.4650038224105018
COHFACE_s32_session0_lamp,26,124,30.133333333333333,0.3814123272895813,0.6636133243718283
COHFACE_s32_session0_lamp,26,125,30.166666666666668,0.49933645129203796,0.815481079537246
COHFACE_s32_session0_lamp,26,126,30.2,0.5613099336624146,0.9182020546315012
COHFACE_s32_session0_lamp,26,127,30.233333333333334,0.5291263461112976,0.9745018369509301
COHFACE_s32_session0_lamp,26,128,30.266666666666666,0.48671936988830566,0.9890835160383794
COHFACE_s32_session0_lamp,26,129,30.3,0.5112740397453308,0.9666294499797905
COHFACE_s32_session0_lamp,26,130,30.333333333333332,0.5545458197593689,0.9115167288866175
COHFACE_s32_session0_lamp,26,131,30.366666666666667,0.5497121214866638,0.8284940700718292
COHFACE_s32_session0_lamp,26,132,30.4,0.49491968750953674,0.7231186318297836
COHFACE_s32_session0_lamp,26,133,30.433333333333334,0.41004398465156555,0.6012814725887284
COHFACE_s32_session0_lamp,26,134,30.466666666666665,0.313663125038147,0.4680953944631564
COHFACE_s32_session0_lamp,26,135,30.5,0.21448703110218048,0.32698638604849073
COHFACE_s32_session0_lamp,26,136,30.533333333333335,0.10868581384420395,0.17959555545393507
COHFACE_s32_session0_lamp,26,137,30.566666666666666,0.012011517770588398,0.02644698297779369
COHFACE_s32_session0_lamp,26,138,30.6,-0.07627712935209274,-0.13208601273734022
COHFACE_s32_session0_lamp,26,139,30.633333333333333,-0.16408704221248627,-0.2949120008958202
COHFACE_s32_session0_lamp,26,140,30.666666666666668,-0.2566843330860138,-0.4594608973536898
COHFACE_s32_session0_lamp,26,141,30.7,-0.3408651053905487,-0.620857766960532
COHFACE_s32_session0_lamp,26,142,30.733333333333334,-0.4252157509326935,-0.7711737959857157
COHFACE_s32_session0_lamp,26,143,30.766666666666666,-0.5070182681083679,-0.8993551864415004
COHFACE_s32_session0_lamp,26,144,30.8,-0.5890060663223267,-0.9924799397792288
COHFACE_s32_session0_lamp,26,145,30.833333333333332,-0.6630715727806091,-1.0384537735356583
COHFACE_s32_session0_lamp,26,146,30.866666666666667,-0.735453724861145,-1.0293799989035708
COHFACE_s32_session0_lamp,26,147,30.9,-0.8058746457099915,-0.9641982806120496
COHFACE_s32_session0_lamp,26,148,30.933333333333334,-0.7519470453262329,-0.849292355837513
COHFACE_s32_session0_lamp,26,149,30.966666666666665,-0.3831022083759308,-0.6966767528562485
COHFACE_s32_session0_lamp,26,150,31.0,0.17858164012432098,-0.5206289642071418
COHFACE_s32_session0_lamp,26,151,31.033333333333335,0.641969621181488,-0.3343761569044304
COHFACE_s32_session0_lamp,26,152,31.066666666666666,0.9623229503631592,-0.14813201817410945
COHFACE_s32_session0_lamp,26,153,31.1,1.2124714851379395,0.031206347229744996
COHFACE_s32_session0_lamp,26,154,31.133333333333333,1.3829333782196045,0.1992644217306737
COHFACE_s32_session0_lamp,26,155,31.166666666666668,1.4324904680252075,0.3530982530204068
COHFACE_s32_session0_lamp,26,156,31.2,1.3907475471496582,0.4902237709356514
COHFACE_s32_session0_lamp,26,157,31.233333333333334,1.3597685098648071,0.6078198497268456
COHFACE_s32_session0_lamp,26,158,31.266666666666666,1.3664863109588623,0.7022554453330648
COHFACE_s32_session0_lamp,26,159,31.3,1.3604943752288818,0.769239751861218
COHFACE_s32_session0_lamp,26,160,31.333333333333332,1.3160489797592163,0.804613087965299
COHFACE_s32_session0_lamp,26,161,31.366666666666667,1.220733642578125,0.8053690284009178
COHFACE_s32_session0_lamp,26,162,31.4,1.0945628881454468,0.7704087881646271
COHFACE_s32_session0_lamp,26,163,31.433333333333334,0.9607168436050415,0.700805043132125
COHFACE_s32_session0_lamp,26,164,31.466666666666665,0.8394724726676941,0.5997129604954717
COHFACE_s32_session0_lamp,26,165,31.5,0.716467559337616,0.47219098310514096
COHFACE_s32_session0_lamp,26,166,31.533333333333335,0.5885980129241943,0.32498389041413456
COHFACE_s32_session0_lamp,26,167,31.566666666666666,0.48102083802223206,0.16606584341504366
COHFACE_s32_session0_lamp,26,168,31.6,0.37511152029037476,0.0037791711387697054
COHFACE_s32_session0_lamp,26,169,31.633333333333333,0.2639206349849701,-0.15424082659046653
COHFACE_s32_session0_lamp,26,170,31.666666666666668,0.15171051025390625,-0.301782914404724
COHFACE_s32_session0_lamp,26,171,31.7,0.03449678421020508,-0.43390534939762215
COHFACE_s32_session0_lamp,26,172,31.733333333333334,-0.0806475505232811,-0.5460333209054533
COHFACE_s32_session0_lamp,26,173,31.766666666666666,-0.18995437026023865,-0.6330730775473951
COHFACE_s32_session0_lamp,26,174,31.8,-0.29981714487075806,-0.6893373607521582
COHFACE_s32_session0_lamp,26,175,31.833333333333332,-0.4038578271865845,-0.7095328709375206
COHFACE_s32_session0_lamp,26,176,31.866666666666667,-0.4866332709789276,-0.6903695594238651
COHFACE_s32_session0_lamp,26,177,31.9,-0.4131855070590973,-0.631923205798126
COHFACE_s32_session0_lamp,26,178,31.933333333333334,-0.004481796640902758,-0.5379646743750147
COHFACE_s32_session0_lamp,26,179,31.966666666666665,0.5870228409767151,-0.4150590190360128
COHFACE_s32_session0_lamp,26,180,32.0,1.1079521179199219,-0.2710128444488975
COHFACE_s32_session0_lamp,26,181,32.03333333333333,1.500625729560852,-0.11361046118326494
COHFACE_s32_session0_lamp,26,182,32.06666666666667,1.7897838354110718,0.049801361766835896
COHFACE_s32_session0_lamp,26,183,32.1,1.9970158338546753,0.21205702271806098
COHFACE_s32_session0_lamp,26,184,32.13333333333333,2.0677146911621094,0.36588190936244436
COHFACE_s32_session0_lamp,26,185,32.166666666666664,2.0137717723846436,0.504076004205863
COHFACE_s32_session0_lamp,26,186,32.2,1.9433199167251587,0.6201147065765208
COHFACE_s32_session0_lamp,26,187,32.233333333333334,1.9140087366104126,0.7087103598762587
COHFACE_s32_session0_lamp,26,188,32.266666666666666,1.8736402988433838,0.7660425861557978
COHFACE_s32_session0_lamp,26,189,32.3,1.7751437425613403,0.7897460975015184
COHFACE_s32_session0_lamp,26,190,32.333333333333336,1.6353366374969482,0.7788468880192054
COHFACE_s32_session0_lamp,26,191,32.36666666666667,1.472611904144287,0.7336785258866088
COHFACE_s32_session0_lamp,26,192,32.4,1.301424264907837,0.6556711713850705
COHFACE_s32_session0_lamp,26,193,32.43333333333333,1.1285223960876465,0.5469739710717452
COHFACE_s32_session0_lamp,26,194,32.46666666666667,0.9583694934844971,0.41010895587986307
COHFACE_s32_session0_lamp,26,195,32.5,0.7973125576972961,0.24796629330442513
COHFACE_s32_session0_lamp,26,196,32.53333333333333,0.6430352330207825,0.06423685326587326
COHFACE_s32_session0_lamp,26,197,32.56666666666667,0.4978075623512268,-0.1359497559899044
COHFACE_s32_session0_lamp,26,198,32.6,0.3440707325935364,-0.34555046082505386
COHFACE_s32_session0_lamp,26,199,32.63333333333333,0.19065819680690765,-0.5555699883442035
COHFACE_s32_session0_lamp,26,200,32.666666666666664,0.052719734609127045,-0.7554985571824042
COHFACE_s32_session0_lamp,26,201,32.7,-0.07252443581819534,-0.9339624542597487
COHFACE_s32_session0_lamp,26,202,32.733333333333334,-0.2039613276720047,-1.0791349536269412
COHFACE_s32_session0_lamp,26,203,32.766666666666666,-0.3244335651397705,-1.1787874015987962
COHFACE_s32_session0_lamp,26,204,32.8,-0.4437166750431061,-1.220660993855415
COHFACE_s32_session0_lamp,26,205,32.833333333333336,-0.5617642998695374,-1.1941048195153872
COHFACE_s32_session0_lamp,26,206,32.86666666666667,-0.611244261264801,-1.0929956698799739
COHFACE_s32_session0_lamp,26,207,32.9,-0.4127222001552582,-0.9186856582263502
COHFACE_s32_session0_lamp,26,208,32.93333333333333,0.12063883244991302,-0.6813443249136928
COHFACE_s32_session0_lamp,26,209,32.96666666666667,0.7367289662361145,-0.3988705741504599
COHFACE_s32_session0_lamp,26,210,33.0,1.2297987937927246,-0.0939336914323513
COHFACE_s32_session0_lamp,26,211,33.03333333333333,1.6016860008239746,0.20948833299744943
COHFACE_s32_session0_lamp,26,212,33.06666666666667,1.8653472661972046,0.4890817960468895
COHFACE_s32_session0_lamp,26,213,33.1,1.9914100170135498,0.7264718228470686
COHFACE_s32_session0_lamp,26,214,33.13333333333333,1.954871416091919,0.9088263767283536
COHFACE_s32_session0_lamp,26,215,33.166666666666664,1.8446688652038574,1.0296613079722718
COHFACE_s32_session0_lamp,26,216,33.2,1.7684259414672852,1.0887041338679015
COHFACE_s32_session0_lamp,26,217,33.233333333333334,1.728103756904602,1.090849009774885
COHFACE_s32_session0_lamp,26,218,33.266666666666666,1.6598912477493286,1.0444262082045626
COHFACE_s32_session0_lamp,26,219,33.3,1.5277440547943115,0.9591922882578107
COHFACE_s32_session0_lamp,26,220,33.333333333333336,1.347630262374878,0.8445948731600907
COHFACE_s32_session0_lamp,26,221,33.36666666666667,1.1617252826690674,0.7088004985519681
COHFACE_s32_session0_lamp,26,222,33.4,0.9795729517936707,0.5586118991982393
COHFACE_s32_session0_lamp,26,223,33.43333333333333,0.8018991947174072,0.39997388268444134
COHFACE_s32_session0_lamp,26,224,33.46666666666667,0.6455678939819336,0.23856267038404452
COHFACE_s32_session0_lamp,26,225,33.5,0.5017301440238953,0.0800361685871441
COHFACE_s32_session0_lamp,26,226,33.53333333333333,0.36118176579475403,-0.07020711279798088
COHFACE_s32_session0_lamp,26,227,33.56666666666667,0.23102666437625885,-0.20760127031977277
COHFACE_s32_session0_lamp,26,228,33.6,0.09004589915275574,-0.3289493188481354
COHFACE_s32_session0_lamp,26,229,33.63333333333333,-0.055058203637599945,-0.43254107486092075
COHFACE_s32_session0_lamp,26,230,33.666666666666664,-0.18495076894760132,-0.5176704819606708
COHFACE_s32_session0_lamp,26,231,33.7,-0.2987978756427765,-0.583702545424078
COHFACE_s32_session0_lamp,26,232,33.733333333333334,-0.41219714283943176,-0.6291461116794863
COHFACE_s32_session0_lamp,26,233,33.766666666666666,-0.5166856646537781,-0.6512709088385006
COHFACE_s32_session0_lamp,26,234,33.8,-0.62171471118927,-0.6465796834446526
COHFACE_s32_session0_lamp,26,235,33.833333333333336,-0.7199024558067322,-0.6120511262879086
COHFACE_s32_session0_lamp,26,236,33.86666666666667,-0.7879450917243958,-0.5467238933306171
COHFACE_s32_session0_lamp,26,237,33.9,-0.6616507768630981,-0.4530146575540349
COHFACE_s32_session0_lamp,26,238,33.93333333333333,-0.18515153229236603,-0.3372094678518839
COHFACE_s32_session0_lamp,26,239,33.96666666666667,0.4559565484523773,-0.20888102249847054
COHFACE_s32_session0_lamp,27,0,27.0,-1.3463549613952637,0.030652913915023904
COHFACE_s32_session0_lamp,27,1,27.033333333333335,-0.9748693108558655,0.08692177308386458
COHFACE_s32_session0_lamp,27,2,27.066666666666666,-0.43108415603637695,0.15558388714534374
COHFACE_s32_session0_lamp,27,3,27.1,-0.008358034305274487,0.24427548120204676
COHFACE_s32_session0_lamp,27,4,27.133333333333333,0.2703758776187897,0.3528975512223711
COHFACE_s32_session0_lamp,27,5,27.166666666666668,0.497946560382843,0.4725625653865833
COHFACE_s32_session0_lamp,27,6,27.2,0.665505051612854,0.5872239567887537
COHFACE_s32_session0_lamp,27,7,27.233333333333334,0.7172242403030396,0.6776321657274288
COHFACE_s32_session0_lamp,27,8,27.266666666666666,0.6801142692565918,0.7264961653614262
COHFACE_s32_session0_lamp,27,9,27.3,0.6396531462669373,0.7232713651813337
COHFACE_s32_session0_lamp,27,10,27.333333333333332,0.632533848285675,0.6670477868794809
COHFACE_s32_session0_lamp,27,11,27.366666666666667,0.6263257265090942,0.5666234483318559
COHFACE_s32_session0_lamp,27,12,27.4,0.5684446692466736,0.4378337367480352
COHFACE_s32_session0_lamp,27,13,27.433333333333334,0.47408685088157654,0.29913854099271153
COHFACE_s32_session0_lamp,27,14,27.466666666666665,0.3517923355102539,0.16695142793850434
COHFACE_s32_session0_lamp,27,15,27.5,0.22166810929775238,0.052140836497923775
COHFACE_s32_session0_lamp,27,16,27.533333333333335,0.09782925993204117,-0.041368708258563994
COHFACE_s32_session0_lamp,27,17,27.566666666666666,-0.03113672137260437,-0.11580939061804062
COHFACE_s32_session0_lamp,27,18,27.6,-0.15424974262714386,-0.17740949096306813
COHFACE_s32_session0_lamp,27,19,27.633333333333333,-0.26040613651275635,-0.2340632409767782
COHFACE_s32_session0_lamp,27,20,27.666666666666668,-0.3716588020324707,-0.29362067487055477
COHFACE_s32_session0_lamp,27,21,27.7,-0.4821701943874359,-0.362794687575718
COHFACE_s32_session0_lamp,27,22,27.733333333333334,-0.5806204676628113,-0.44617352344053635
COHFACE_s32_session0_lamp,27,23,27.766666666666666,-0.6865297555923462,-0.5449228517872621
COHFACE_s32_session0_lamp,27,24,27.8,-0.7772893309593201,-0.6553326687392462
COHFACE_s32_session0_lamp,27,25,27.833333333333332,-0.8673076033592224,-0.7678930927250057
COHFACE_s32_session0_lamp,27,26,27.866666666666667,-0.958406925201416,-0.8676090677432171
COHFACE_s32_session0_lamp,27,27,27.9,-1.0421088933944702,-0.935803128109961
COHFACE_s32_session0_lamp,27,28,27.933333333333334,-1.125903606414795,-0.9530665561861899
COHFACE_s32_session0_lamp,27,29,27.966666666666665,-1.1993359327316284,-0.9027417918019366
COHFACE_s32_session0_lamp,27,30,28.0,-1.2574023008346558,-0.7744646720238065
COHFACE_s32_session0_lamp,27,31,28.033333333333335,-1.1842942237854004,-0.5673796990440124
COHFACE_s32_session0_lamp,27,32,28.066666666666666,-0.8131020665168762,-0.29230484426889525
COHFACE_s32_session0_lamp,27,33,28.1,-0.3098706305027008,0.028214201184335097
COHFACE_s32_session0_lamp,27,34,28.133333333333333,0.057954974472522736,0.3627361031962102
COHFACE_s32_session0_lamp,27,35,28.166666666666668,0.27456098794937134,0.6763844995420346
COHFACE_s32_session0_lamp,27,36,28.2,0.42454513907432556,0.9373741296893762
COHFACE_s32_session0_lamp,27,37,28.233333333333334,0.5223004817962646,1.1224186278563326
COHFACE_s32_session0_lamp,27,38,28.266666666666666,0.5133125185966492,1.2194745547957668
COHFACE_s32_session0_lamp,27,39,28.3,0.44303062558174133,1.2276311171008858
COHFACE_s32_session0_lamp,27,40,28.333333333333332,0.4032798707485199,1.1550602397122358
COHFACE_s32_session0_lamp,27,41,28.366666666666667,0.3999750316143036,1.016244526561505
COHFACE_s32_session0_lamp,27,42,28.4,0.39276307821273804,0.8292586732983201
COHFACE_s32_session0_lamp,27,43,28.433333333333334,0.347313791513443,0.613320459373615
COHFACE_s32_session0_lamp,27,44,28.466666666666665,0.24415336549282074,0.38667666067969403
COHFACE_s32_session0_lamp,27,45,28.5,0.11534181982278824,0.16497064424891228
COHFACE_s32_session0_lamp,27,46,28.533333333333335,-0.008805885910987854,-0.03980612292628467
COHFACE_s32_session0_lamp,27,47,28.566666666666666,-0.1178501695394516,-0.21979232476511867
COHFACE_s32_session0_lamp,27,48,28.6,-0.22870129346847534,-0.3711955638669585
COHFACE_s32_session0_lamp,27,49,28.633333333333333,-0.33513566851615906,-0.4937047087215701
COHFACE_s32_session0_lamp,27,50,28.666666666666668,-0.42486053705215454,-0.5894501520776315
COHFACE_s32_session0_lamp,27,51,28.7,-0.5090876221656799,-0.6616825806309802
COHFACE_s32_session0_lamp,27,52,28.733333333333334,-0.5982410907745361,-0.713379913781054
COHFACE_s32_session0_lamp,27,53,28.766666666666666,-0.6905604004859924,-0.7459655244316511
COHFACE_s32_session0_lamp,27,54,28.8,-0.7828488349914551,-0.7583183378298439
COHFACE_s32_session0_lamp,27,55,28.833333333333332,-0.8721721768379211,-0.7464349518355087
COHFACE_s32_session0_lamp,27,56,28.866666666666667,-0.9568780064582825,-0.704340293024097
COHFACE_s32_session0_lamp,27,57,28.9,-1.0302485227584839,-0.6265088840214595
COHFACE_s32_session0_lamp,27,58,28.933333333333334,-1.100932002067566,-0.5109714152689128
COHFACE_s32_session0_lamp,27,59,28.966666666666665,-1.1799392700195312,-0.36147747595265023
COHFACE_s32_session0_lamp,27,60,29.0,-1.2560124397277832,-0.18751825900278124
COHFACE_s32_session0_lamp,27,61,29.033333333333335,-1.2425613403320312,-0.002261747098909395
COHFACE_s32_session0_lamp,27,62,29.066666666666666,-0.9520134329795837,0.18049694176825506
COHFACE_s32_session0_lamp,27,63,29.1,-0.46465760469436646,0.34901723547404845
COHFACE_s32_session0_lamp,27,64,29.133333333333333,-0.09036131203174591,0.49510439761075553
COHFACE_s32_session0_lamp,27,65,29.166666666666668,0.11287091672420502,0.6142917716931066
COHFACE_s32_session0_lamp,27,66,29.2,0.2350110113620758,0.704940239959233
COHFACE_s32_session0_lamp,27,67,29.233333333333334,0.3011850416660309,0.7666108398932756
COHFACE_s32_session0_lamp,27,68,29.266666666666666,0.2768002450466156,0.7983045821896395
COHFACE_s32_session0_lamp,27,69,29.3,0.2192126363515854,0.7974454778958135
COHFACE_s32_session0_lamp,27,70,29.333333333333332,0.20228691399097443,0.7604559984656691
COHFACE_s32_session0_lamp,27,71,29.366666666666667,0.22132834792137146,0.685049084788816
COHFACE_s32_session0_lamp,27,72,29.4,0.2286638617515564,0.5730901122337255
COHFACE_s32_session0_lamp,27,73,29.433333333333334,0.192434161901474,0.43212849706006806
COHFACE_s32_session0_lamp,27,74,29.466666666666665,0.1152491644024849,0.2743129559748426
COHFACE_s32_session0_lamp,27,75,29.5,0.010637074708938599,0.1129585505933923
COHFACE_s32_session0_lamp,27,76,29.533333333333335,-0.09036131203174591,-0.04156592793896811
COHFACE_s32_session0_lamp,27,77,29.566666666666666,-0.17939123511314392,-0.18460944906134488
COHFACE_s32_session0_lamp,27,78,29.6,-0.28202658891677856,-0.31753173300625476
COHFACE_s32_session0_lamp,27,79,29.633333333333333,-0.3693732023239136,-0.4457306370263721
COHFACE_s32_session0_lamp,27,80,29.666666666666668,-0.4474847912788391,-0.5754738144254868
COHFACE_s32_session0_lamp,27,81,29.7,-0.5260442495346069,-0.710629538798766
COHFACE_s32_session0_lamp,27,82,29.733333333333334,-0.6124488115310669,-0.8499060225960969
COHFACE_s32_session0_lamp,27,83,29.766666666666666,-0.6925680637359619,-0.9849734548596212
COHFACE_s32_session0_lamp,27,84,29.8,-0.7774283289909363,-1.1001742004526913
COHFACE_s32_session0_lamp,27,85,29.833333333333332,-0.8660721182823181,-1.1746236548935942
COHFACE_s32_session0_lamp,27,86,29.866666666666667,-0.9490020275115967,-1.1866523771057311
COHFACE_s32_session0_lamp,27,87,29.9,-1.0252913236618042,-1.1192944883402003
COHFACE_s32_session0_lamp,27,88,29.933333333333334,-1.1091786623001099,-0.9649014820131233
COHFACE_s32_session0_lamp,27,89,29.966666666666665,-1.1691136360168457,-0.7274116217433246
COHFACE_s32_session0_lamp,27,90,30.0,-1.0547106266021729,-0.42200895145976425
COHFACE_s32_session0_lamp,27,91,30.033333333333335,-0.6444470882415771,-0.0728261340193325
COHFACE_s32_session0_lamp,27,92,30.066666666666666,-0.15075957775115967,0.29064685206882696
COHFACE_s32_session0_lamp,27,93,30.1,0.18794021010398865,0.6379803222941602
COHFACE_s32_session0_lamp,27,94,30.133333333333333,0.3814123272895813,0.9422407459121692
COHFACE_s32_session0_lamp,27,95,30.166666666666668,0.49933645129203796,1.1833023121926465
COHFACE_s32_session0_lamp,27,96,30.2,0.5613099336624146,1.3492882174824623
COHFACE_s32_session0_lamp,27,97,30.233333333333334,0.5291263461112976,1.436238843482478
COHFACE_s32_session0_lamp,27,98,30.266666666666666,0.48671936988830566,1.4467131656210432
COHFACE_s32_session0_lamp,27,99,30.3,0.5112740397453308,1.3881014870903814
COHFACE_s32_session0_lamp,27,100,30.333333333333332,0.5545458197593689,1.2710691522951942
COHFACE_s32_session0_lamp,27,101,30.366666666666667,0.5497121214866638,1.1081541409229518
COHFACE_s32_session0_lamp,27,102,30.4,0.49491968750953674,0.9124291751467786
COHFACE_s32_session0_lamp,27,103,30.433333333333334,0.41004398465156555,0.6962539946781241
COHFACE_s32_session0_lamp,27,104,30.466666666666665,0.313663125038147,0.4702561917208905
COHFACE_s32_session0_lamp,27,105,30.5,0.21448703110218048,0.24266330716909287
COHFACE_s32_session0_lamp,27,106,30.533333333333335,0.10868581384420395,0.01899930053248058
COHFACE_s32_session0_lamp,27,107,30.566666666666666,0.012011517770588398,-0.19786332375057325
COHFACE_s32_session0_lamp,27,108,30.6,-0.07627712935209274,-0.4071589717482129
COHFACE_s32_session0_lamp,27,109,30.633333333333333,-0.16408704221248627,-0.6089689078689674
COHFACE_s32_session0_lamp,27,110,30.666666666666668,-0.2566843330860138,-0.8022412162367799
COHFACE_s32_session0_lamp,27,111,30.7,-0.3408651053905487,-0.9825715553373267
COHFACE_s32_session0_lamp,27,112,30.733333333333334,-0.4252157509326935,-1.140690855262265
COHFACE_s32_session0_lamp,27,113,30.766666666666666,-0.5070182681083679,-1.262657223184934
COHFACE_s32_session0_lamp,27,114,30.8,-0.5890060663223267,-1.3321937456377164
COHFACE_s32_session0_lamp,27,115,30.833333333333332,-0.6630715727806091,-1.334711023323341
COHFACE_s32_session0_lamp,27,116,30.866666666666667,-0.735453724861145,-1.2617649903419161
COHFACE_s32_session0_lamp,27,117,30.9,-0.8058746457099915,-1.1143718503448874
COHFACE_s32_session0_lamp,27,118,30.933333333333334,-0.7519470453262329,-0.9038869538318635
COHFACE_s32_session0_lamp,27,119,30.966666666666665,-0.3831022083759308,-0.64998985622966
COHFACE_s32_session0_lamp,27,120,31.0,0.17858164012432098,-0.37641280635093627
COHFACE_s32_session0_lamp,27,121,31.033333333333335,0.641969621181488,-0.10593360781443623
COHFACE_s32_session0_lamp,27,122,31.066666666666666,0.9623229503631592,0.1436087246273491
COHFACE_s32_session0_lamp,27,123,31.1,1.2124714851379395,0.3611026968749223
COHFACE_s32_session0_lamp,27,124,31.133333333333333,1.3829333782196045,0.5417201214566391
COHFACE_s32_session0_lamp,27,125,31.166666666666668,1.4324904680252075,0.6851166539888519
COHFACE_s32_session0_lamp,27,126,31.2,1.3907475471496582,0.7932948480525274
COHFACE_s32_session0_lamp,27,127,31.233333333333334,1.3597685098648071,0.868794412554428
COHFACE_s32_session0_lamp,27,128,31.266666666666666,1.3664863109588623,0.9135480540566547
COHFACE_s32_session0_lamp,27,129,31.3,1.3604943752288818,0.928530874821909
COHFACE_s32_session0_lamp,27,130,31.333333333333332,1.3160489797592163,0.9141156647960563
COHFACE_s32_session0_lamp,27,131,31.366666666666667,1.220733642578125,0.8708162975850972
COHFACE_s32_session0_lamp,27,132,31.4,1.0945628881454468,0.7999612328429164
COHFACE_s32_session0_lamp,27,133,31.433333333333334,0.9607168436050415,0.7039499096980412
COHFACE_s32_session0_lamp,27,134,31.466666666666665,0.8394724726676941,0.586100135605663
COHFACE_s32_session0_lamp,27,135,31.5,0.716467559337616,0.45035723743198147
COHFACE_s32_session0_lamp,27,136,31.533333333333335,0.5885980129241943,0.3010538901078244
COHFACE_s32_session0_lamp,27,137,31.566666666666666,0.48102083802223206,0.1426970114575913
COHFACE_s32_session0_lamp,27,138,31.6,0.37511152029037476,-0.020274313948057537
COHFACE_s32_session0_lamp,27,139,31.633333333333333,0.2639206349849701,-0.18366641962059443
COHFACE_s32_session0_lamp,27,140,31.666666666666668,0.15171051025390625,-0.343422573058159
COHFACE_s32_session0_lamp,27,141,31.7,0.03449678421020508,-0.49511500679748993
COHFACE_s32_session0_lamp,27,142,31.733333333333334,-0.0806475505232811,-0.6332714245535587
COHFACE_s32_session0_lamp,27,143,31.766666666666666,-0.18995437026023865,-0.7510110736688846
COHFACE_s32_session0_lamp,27,144,31.8,-0.29981714487075806,-0.8403266146383658
COHFACE_s32_session0_lamp,27,145,31.833333333333332,-0.4038578271865845,-0.8930212815020309
COHFACE_s32_session0_lamp,27,146,31.866666666666667,-0.4866332709789276,-0.9020795687941056
COHFACE_s32_session0_lamp,27,147,31.9,-0.4131855070590973,-0.8630863602180935
COHFACE_s32_session0_lamp,27,148,31.933333333333334,-0.004481796640902758,-0.7751830435585739
COHFACE_s32_session0_lamp,27,149,31.966666666666665,0.5870228409767151,-0.6412263352054265
COHFACE_s32_session0_lamp,27,150,32.0,1.1079521179199219,-0.4673573149104874
COHFACE_s32_session0_lamp,27,151,32.03333333333333,1.500625729560852,-0.26252197983918385
COHFACE_s32_session0_lamp,27,152,32.06666666666667,1.7897838354110718,-0.038172033299621336
COHFACE_s32_session0_lamp,27,153,32.1,1.9970158338546753,0.19216981486040957
COHFACE_s32_session0_lamp,27,154,32.13333333333333,2.0677146911621094,0.41393288974472037
COHFACE_s32_session0_lamp,27,155,32.166666666666664,2.0137717723846436,0.6131513503038232
COHFACE_s32_session0_lamp,27,156,32.2,1.9433199167251587,0.7781762380797522
COHFACE_s32_session0_lamp,27,157,32.233333333333334,1.9140087366104126,0.9006915729209048
COHFACE_s32_session0_lamp,27,158,32.266666666666666,1.8736402988433838,0.9757866314390584
COHFACE_s32_session0_lamp,27,159,32.3,1.7751437425613403,1.0014407364247377
COHFACE_s32_session0_lamp,27,160,32.333333333333336,1.6353366374969482,0.9778689033740408
COHFACE_s32_session0_lamp,27,161,32.36666666666667,1.472611904144287,0.9069757763433377
COHFACE_s32_session0_lamp,27,162,32.4,1.301424264907837,0.7920699158365487
COHFACE_s32_session0_lamp,27,163,32.43333333333333,1.1285223960876465,0.6378665481418994
COHFACE_s32_session0_lamp,27,164,32.46666666666667,0.9583694934844971,0.45051558533624186
COHFACE_s32_session0_lamp,27,165,32.5,0.7973125576972961,0.23732386553897963
COHFACE_s32_session0_lamp,27,166,32.53333333333333,0.6430352330207825,0.006234374400903178
COHFACE_s32_session0_lamp,27,167,32.56666666666667,0.4978075623512268,-0.23455894074516753
COHFACE_s32_session0_lamp,27,168,32.6,0.3440707325935364,-0.4767001332341796
COHFACE_s32_session0_lamp,27,169,32.63333333333333,0.19065819680690765,-0.7116016784752657
COHFACE_s32_session0_lamp,27,170,32.666666666666664,0.052719734609127045,-0.9302218911319153
COHFACE_s32_session0_lamp,27,171,32.7,-0.07252443581819534,-1.1224377417065323
COHFACE_s32_session0_lamp,27,172,32.733333333333334,-0.2039613276720047,-1.2759360189482183
COHFACE_s32_session0_lamp,27,173,32.766666666666666,-0.3244335651397705,-1.375274643059368
COHFACE_s32_session0_lamp,27,174,32.8,-0.4437166750431061,-1.4025330943755963
COHFACE_s32_session0_lamp,27,175,32.833333333333336,-0.5617642998695374,-1.3406982536780678
COHFACE_s32_session0_lamp,27,176,32.86666666666667,-0.611244261264801,-1.1792463737131411
COHFACE_s32_session0_lamp,27,177,32.9,-0.4127222001552582,-0.9196218672036294
COHFACE_s32_session0_lamp,27,178,32.93333333333333,0.12063883244991302,-0.5780029174362776
COHFACE_s32_session0_lamp,27,179,32.96666666666667,0.7367289662361145,-0.18397164062211904
COHFACE_s32_session0_lamp,27,180,33.0,1.2297987937927246,0.22445131951967773
COHFACE_s32_session0_lamp,27,181,33.03333333333333,1.6016860008239746,0.6076404618668554
COHFACE_s32_session0_lamp,27,182,33.06666666666667,1.8653472661972046,0.9311287115699701
COHFACE_s32_session0_lamp,27,183,33.1,1.9914100170135498,1.1708397817926346
COHFACE_s32_session0_lamp,27,184,33.13333333333333,1.954871416091919,1.3157960230133692
COHFACE_s32_session0_lamp,27,185,33.166666666666664,1.8446688652038574,1.3678583502745627
COHFACE_s32_session0_lamp,27,186,33.2,1.7684259414672852,1.3389016388044657
COHFACE_s32_session0_lamp,27,187,33.233333333333334,1.728103756904602,1.2465912625438216
COHFACE_s32_session0_lamp,27,188,33.266666666666666,1.6598912477493286,1.1101320531343333
COHFACE_s32_session0_lamp,27,189,33.3,1.5277440547943115,0.9470087450908009
COHFACE_s32_session0_lamp,27,190,33.333333333333336,1.347630262374878,0.7711334865616685
COHFACE_s32_session0_lamp,27,191,33.36666666666667,1.1617252826690674,0.5923134083265065
COHFACE_s32_session0_lamp,27,192,33.4,0.9795729517936707,0.41672330941960806
COHFACE_s32_session0_lamp,27,193,33.43333333333333,0.8018991947174072,0.2479736207269074
COHFACE_s32_session0_lamp,27,194,33.46666666666667,0.6455678939819336,0.0882503138519498
COHFACE_s32_session0_lamp,27,195,33.5,0.5017301440238953,-0.0609942250986768
COHFACE_s32_session0_lamp,27,196,33.53333333333333,0.36118176579475403,-0.19906110108672206
COHFACE_s32_session0_lamp,27,197,33.56666666666667,0.23102666437625885,-0.32663078309565263
COHFACE_s32_session0_lamp,27,198,33.6,0.09004589915275574,-0.4466019965737493
COHFACE_s32_session0_lamp,27,199,33.63333333333333,-0.055058203637599945,-0.5645017029997484
COHFACE_s32_session0_lamp,27,200,33.666666666666664,-0.18495076894760132,-0.6876565287493868
COHFACE_s32_session0_lamp,27,201,33.7,-0.2987978756427765,-0.82261084217625
COHFACE_s32_session0_lamp,27,202,33.733333333333334,-0.41219714283943176,-0.9712012763415501
COHFACE_s32_session0_lamp,27,203,33.766666666666666,-0.5166856646537781,-1.1267145370865825
COHFACE_s32_session0_lamp,27,204,33.8,-0.62171471118927,-1.271958319417077
COHFACE_s32_session0_lamp,27,205,33.833333333333336,-0.7199024558067322,-1.380606490011685
COHFACE_s32_session0_lamp,27,206,33.86666666666667,-0.7879450917243958,-1.4220285222956084
COHFACE_s32_session0_lamp,27,207,33.9,-0.6616507768630981,-1.368474729035875
COHFACE_s32_session0_lamp,27,208,33.93333333333333,-0.18515153229236603,-1.2025410848238443
COHFACE_s32_session0_lamp,27,209,33.96666666666667,0.4559565484523773,-0.9226932791276228
COHFACE_s32_session0_lamp,27,210,34.0,1.012513279914856,-0.5453288747603106
COHFACE_s32_session0_lamp,27,211,34.03333333333333,1.4056193828582764,-0.10296165087842103
COHFACE_s32_session0_lamp,27,212,34.06666666666667,1.6770795583724976,0.36090704805803064
COHFACE_s32_session0_lamp,27,213,34.1,1.8131803274154663,0.7990486323230052
COHFACE_s32_session0_lamp,27,214,34.13333333333333,1.7862937450408936,1.1684290344504271
COHFACE_s32_session0_lamp,27,215,34.166666666666664,1.6739445924758911,1.4371676708384842
COHFACE_s32_session0_lamp,27,216,34.2,1.60224187374115,1.5889086715609178
COHFACE_s32_session0_lamp,27,217,34.233333333333334,1.571309208869934,1.6235948895155252
COHFACE_s32_session0_lamp,27,218,34.266666666666666,1.5127023458480835,1.5549545674378824
COHFACE_s32_session0_lamp,27,219,34.3,1.4011716842651367,1.4060537237198665
COHFACE_s32_session0_lamp,27,220,34.333333333333336,1.2413811683654785,1.2042274098644226
COHFACE_s32_session0_lamp,27,221,34.36666666666667,1.065792202949524,0.9761249901431117
COHFACE_s32_session0_lamp,27,222,34.4,0.8904812335968018,0.7433773159062509
COHFACE_s32_session0_lamp,27,223,34.43333333333333,0.7228455543518066,0.5196216884944841
COHFACE_s32_session0_lamp,27,224,34.46666666666667,0.5638271570205688,0.309807263054956
COHFACE_s32_session0_lamp,27,225,34.5,0.41625213623046875,0.11220999813537505
COHFACE_s32_session0_lamp,27,226,34.53333333333333,0.28220537304878235,-0.07765018525653557
COHFACE_s32_session0_lamp,27,227,34.56666666666667,0.14852921664714813,-0.2629744392519634
COHFACE_s32_session0_lamp,27,228,34.6,0.009525165893137455,-0.4431238642141935
COHFACE_s32_session0_lamp,27,229,34.63333333333333,-0.1172633245587349,-0.613081216756444
COHFACE_s32_session0_lamp,27,230,34.666666666666664,-0.237148717045784,-0.7644685615293407
COHFACE_s32_session0_lamp,27,231,34.7,-0.3542543351650238,-0.8872249682062571
COHFACE_s32_session0_lamp,27,232,34.733333333333334,-0.4618932902812958,-0.9712826428563157
COHFACE_s32_session0_lamp,27,233,34.766666666666666,-0.5661965012550354,-1.008097390037299
COHFACE_s32_session0_lamp,27,234,34.8,-0.6719822883605957,-0.9921809166011426
COHFACE_s32_session0_lamp,27,235,34.833333333333336,-0.7643788456916809,-0.9225736074222294
COHFACE_s32_session0_lamp,27,236,34.86666666666667,-0.8502737879753113,-0.8036861790726597
COHFACE_s32_session0_lamp,27,237,34.9,-0.8438185453414917,-0.6448397882793732
COHFACE_s32_session0_lamp,27,238,34.93333333333333,-0.5473403930664062,-0.4585484999688013
COHFACE_s32_session0_lamp,27,239,34.96666666666667,0.054603803902864456,-0.2585011744270626
COHFACE_s32_session0_lamp,28,0,28.0,-1.2574023008346558,0.07931218206803359
COHFACE_s32_session0_lamp,28,1,28.033333333333335,-1.1842942237854004,0.2105940101499558
COHFACE_s32_session0_lamp,28,2,28.066666666666666,-0.8131020665168762,0.34477703360516426
COHFACE_s32_session0_lamp,28,3,28.1,-0.3098706305027008,0.4830395651202444
COHFACE_s32_session0_lamp,28,4,28.133333333333333,0.057954974472522736,0.6219413572818456
COHFACE_s32_session0_lamp,28,5,28.166666666666668,0.27456098794937134,0.7530387153313071
COHFACE_s32_session0_lamp,28,6,28.2,0.42454513907432556,0.8640264558622406
COHFACE_s32_session0_lamp,28,7,28.233333333333334,0.5223004817962646,0.9410886176431001
COHFACE_s32_session0_lamp,28,8,28.266666666666666,0.5133125185966492,0.9717921253940309
COHFACE_s32_session0_lamp,28,9,28.3,0.44303062558174133,0.9477458053658392
COHFACE_s32_session0_lamp,28,10,28.333333333333332,0.4032798707485199,0.8665086164692927
COHFACE_s32_session0_lamp,28,11,28.366666666666667,0.3999750316143036,0.7324997339485457
COHFACE_s32_session0_lamp,28,12,28.4,0.39276307821273804,0.5566560083749721
COHFACE_s32_session0_lamp,28,13,28.433333333333334,0.347313791513443,0.3546373975202106
COHFACE_s32_session0_lamp,28,14,28.466666666666665,0.24415336549282074,0.1438367231039132
COHFACE_s32_session0_lamp,28,15,28.5,0.11534181982278824,-0.05998339156665898
COHFACE_s32_session0_lamp,28,16,28.533333333333335,-0.008805885910987854,-0.24539174597236327
COHFACE_s32_session0_lamp,28,17,28.566666666666666,-0.1178501695394516,-0.4065410271027574
COHFACE_s32_session0_lamp,28,18,28.6,-0.22870129346847534,-0.5427343114908175
COHFACE_s32_session0_lamp,28,19,28.633333333333333,-0.33513566851615906,-0.6566847879793667
COHFACE_s32_session0_lamp,28,20,28.666666666666668,-0.42486053705215454,-0.7522629960064574
COHFACE_s32_session0_lamp,28,21,28.7,-0.5090876221656799,-0.8324933079836108
COHFACE_s32_session0_lamp,28,22,28.733333333333334,-0.5982410907745361,-0.8981140860114389
COHFACE_s32_session0_lamp,28,23,28.766666666666666,-0.6905604004859924,-0.9466259410963175
COHFACE_s32_session0_lamp,28,24,28.8,-0.7828488349914551,-0.9718225177410067
COHFACE_s32_session0_lamp,28,25,28.833333333333332,-0.8721721768379211,-0.964185971398264
COHFACE_s32_session0_lamp,28,26,28.866666666666667,-0.9568780064582825,-0.9127169625966782
COHFACE_s32_session0_lamp,28,27,28.9,-1.0302485227584839,-0.8081991528492569
COHFACE_s32_session0_lamp,28,28,28.933333333333334,-1.100932002067566,-0.6467051200617209
COHFACE_s32_session0_lamp,28,29,28.966666666666665,-1.1799392700195312,-0.43160513699258884
COHFACE_s32_session0_lamp,28,30,29.0,-1.2560124397277832,-0.17330000823553735
COHFACE_s32_session0_lamp,28,31,29.033333333333335,-1.2425613403320312,0.11259490715266343
COHFACE_s32_session0_lamp,28,32,29.066666666666666,-0.9520134329795837,0.40725806923923064
COHFACE_s32_session0_lamp,28,33,29.1,-0.46465760469436646,0.690101535015804
COHFACE_s32_session0_lamp,28,34,29.133333333333333,-0.09036131203174591,0.9400273773941852
COHFACE_s32_session0_lamp,28,35,29.166666666666668,0.11287091672420502,1.1373492814340285
COHFACE_s32_session0_lamp,28,36,29.2,0.2350110113620758,1.266433977713277
COHFACE_s32_session0_lamp,28,37,29.233333333333334,0.3011850416660309,1.3180925280781988
COHFACE_s32_session0_lamp,28,38,29.266666666666666,0.2768002450466156,1.2906926319400074
COHFACE_s32_session0_lamp,28,39,29.3,0.2192126363515854,1.1897393677194774
COHFACE_s32_session0_lamp,28,40,29.333333333333332,0.20228691399097443,1.0264645393363792
COHFACE_s32_session0_lamp,28,41,29.366666666666667,0.22132834792137146,0.8161804300886851
COHFACE_s32_session0_lamp,28,42,29.4,0.2286638617515564,0.5767218112455861
COHFACE_s32_session0_lamp,28,43,29.433333333333334,0.192434161901474,0.3267559642017612
COHFACE_s32_session0_lamp,28,44,29.466666666666665,0.1152491644024849,0.08366007021852362
COHFACE_s32_session0_lamp,28,45,29.5,0.010637074708938599,-0.13890859493524038
COHFACE_s32_session0_lamp,28,46,29.533333333333335,-0.09036131203174591,-0.33307045439198657
COHFACE_s32_session0_lamp,28,47,29.566666666666666,-0.17939123511314392,-0.49756700278564464
COHFACE_s32_session0_lamp,28,48,29.6,-0.28202658891677856,-0.636982520659876
COHFACE_s32_session0_lamp,28,49,29.633333333333333,-0.3693732023239136,-0.7595385883828168
COHFACE_s32_session0_lamp,28,50,29.666666666666668,-0.4474847912788391,-0.8739495277271337
COHFACE_s32_session0_lamp,28,51,29.7,-0.5260442495346069,-0.9858959412986358
COHFACE_s32_session0_lamp,28,52,29.733333333333334,-0.6124488115310669,-1.0947969590321527
COHFACE_s32_session0_lamp,28,53,29.766666666666666,-0.6925680637359619,-1.1917743518965591
COHFACE_s32_session0_lamp,28,54,29.8,-0.7774283289909363,-1.2597924946197365
COHFACE_s32_session0_lamp,28,55,29.833333333333332,-0.8660721182823181,-1.2765945467550508
COHFACE_s32_session0_lamp,28,56,29.866666666666667,-0.9490020275115967,-1.220119438845282
COHFACE_s32_session0_lamp,28,57,29.9,-1.0252913236618042,-1.074947832279597
COHFACE_s32_session0_lamp,28,58,29.933333333333334,-1.1091786623001099,-0.8376361316883791
COHFACE_s32_session0_lamp,28,59,29.966666666666665,-1.1691136360168457,-0.5191391922158963
COHFACE_s32_session0_lamp,28,60,30.0,-1.0547106266021729,-0.14381673019781596
COHFACE_s32_session0_lamp,28,61,30.033333333333335,-0.6444470882415771,0.2543365670679735
COHFACE_s32_session0_lamp,28,62,30.066666666666666,-0.15075957775115967,0.6373717794480971
COHFACE_s32_session0_lamp,28,63,30.1,0.18794021010398865,0.9700511702653406
COHFACE_s32_session0_lamp,28,64,30.133333333333333,0.3814123272895813,1.225956671840902
COHFACE_s32_session0_lamp,28,65,30.166666666666668,0.49933645129203796,1.3911653506476374
COHFACE_s32_session0_lamp,28,66,30.2,0.5613099336624146,1.464477009371326
COHFACE_s32_session0_lamp,28,67,30.233333333333334,0.5291263461112976,1.4546744934192997
COHFACE_s32_session0_lamp,28,68,30.266666666666666,0.48671936988830566,1.3763373102979715
COHFACE_s32_session0_lamp,28,69,30.3,0.5112740397453308,1.2458537370019664
COHFACE_s32_session0_lamp,28,70,30.333333333333332,0.5545458197593689,1.0786446756232202
COHFACE_s32_session0_lamp,28,71,30.366666666666667,0.5497121214866638,0.887765012518115
COHFACE_s32_session0_lamp,28,72,30.4,0.49491968750953674,0.6835073908569649
COHFACE_s32_session0_lamp,28,73,30.433333333333334,0.41004398465156555,0.4735397748851368
COHFACE_s32_session0_lamp,28,74,30.466666666666665,0.313663125038147,0.2632899648879678
COHFACE_s32_session0_lamp,28,75,30.5,0.21448703110218048,0.05645035707928736
COHFACE_s32_session0_lamp,28,76,30.533333333333335,0.10868581384420395,-0.14453426274350806
COHFACE_s32_session0_lamp,28,77,30.566666666666666,0.012011517770588398,-0.33811956573236
COHFACE_s32_session0_lamp,28,78,30.6,-0.07627712935209274,-0.5233661222969173
COHFACE_s32_session0_lamp,28,79,30.633333333333333,-0.16408704221248627,-0.6993950051273966
COHFACE_s32_session0_lamp,28,80,30.666666666666668,-0.2566843330860138,-0.8643640890659359
COHFACE_s32_session0_lamp,28,81,30.7,-0.3408651053905487,-1.0141070392570162
COHFACE_s32_session0_lamp,28,82,30.733333333333334,-0.4252157509326935,-1.1410327746783608
COHFACE_s32_session0_lamp,28,83,30.766666666666666,-0.5070182681083679,-1.23407713483187
COHFACE_s32_session0_lamp,28,84,30.8,-0.5890060663223267,-1.2802084205332753
COHFACE_s32_session0_lamp,28,85,30.833333333333332,-0.6630715727806091,-1.2673290485175919
COHFACE_s32_session0_lamp,28,86,30.866666666666667,-0.735453724861145,-1.1877159040851697
COHFACE_s32_session0_lamp,28,87,30.9,-0.8058746457099915,-1.0407498773666
COHFACE_s32_session0_lamp,28,88,30.933333333333334,-0.7519470453262329,-0.8338395231023948
COHFACE_s32_session0_lamp,28,89,30.966666666666665,-0.3831022083759308,-0.581169068565201
COHFACE_s32_session0_lamp,28,90,31.0,0.17858164012432098,-0.30088963702471305
COHFACE_s32_session0_lamp,28,91,31.033333333333335,0.641969621181488,-0.011979949488616916
COHFACE_s32_session0_lamp,28,92,31.066666666666666,0.9623229503631592,0.2681777871951525
COHFACE_s32_session0_lamp,28,93,31.1,1.2124714851379395,0.5251072948915801
COHFACE_s32_session0_lamp,28,94,31.133333333333333,1.3829333782196045,0.7475938385669201
COHFACE_s32_session0_lamp,28,95,31.166666666666668,1.4324904680252075,0.9275090909888719
COHFACE_s32_session0_lamp,28,96,31.2,1.3907475471496582,1.0595218119211194
COHFACE_s32_session0_lamp,28,97,31.233333333333334,1.3597685098648071,1.1409131790471232
COHFACE_s32_session0_lamp,28,98,31.266666666666666,1.3664863109588623,1.171455577879175
COHFACE_s32_session0_lamp,28,99,31.3,1.3604943752288818,1.1531696113324588
COHFACE_s32_session0_lamp,28,100,31.333333333333332,1.3160489797592163,1.089843154501196
COHFACE_s32_session0_lamp,28,101,31.366666666666667,1.220733642578125,0.9863948563142797
COHFACE_s32_session0_lamp,28,102,31.4,1.0945628881454468,0.8483117205086532
COHFACE_s32_session0_lamp,28,103,31.433333333333334,0.9607168436050415,0.6813295541126287
COHFACE_s32_session0_lamp,28,104,31.466666666666665,0.8394724726676941,0.4912812116267592
COHFACE_s32_session0_lamp,28,105,31.5,0.716467559337616,0.28390152453938866
COHFACE_s32_session0_lamp,28,106,31.533333333333335,0.5885980129241943,0.06455625908515628
COHFACE_s32_session0_lamp,28,107,31.566666666666666,0.48102083802223206,-0.16183875670110884
COHFACE_s32_session0_lamp,28,108,31.6,0.37511152029037476,-0.39034690532383426
COHFACE_s32_session0_lamp,28,109,31.633333333333333,0.2639206349849701,-0.6148615266349631
COHFACE_s32_session0_lamp,28,110,31.666666666666668,0.15171051025390625,-0.8266192778742162
COHFACE_s32_session0_lamp,28,111,31.7,0.03449678421020508,-1.013157709424474
COHFACE_s32_session0_lamp,28,112,31.733333333333334,-0.0806475505232811,-1.158611680634237
COHFACE_s32_session0_lamp,28,113,31.766666666666666,-0.18995437026023865,-1.2458416246935191
COHFACE_s32_session0_lamp,28,114,31.8,-0.29981714487075806,-1.2600630409445266
COHFACE_s32_session0_lamp,28,115,31.833333333333332,-0.4038578271865845,-1.192849157296862
COHFACE_s32_session0_lamp,28,116,31.866666666666667,-0.4866332709789276,-1.045072933900888
COHFACE_s32_session0_lamp,28,117,31.9,-0.4131855070590973,-0.8276709227000405
COHFACE_s32_session0_lamp,28,118,31.933333333333334,-0.004481796640902758,-0.5598888540567774
COHFACE_s32_session0_lamp,28,119,31.966666666666665,0.5870228409767151,-0.26558131090668585
COHFACE_s32_session0_lamp,28,120,32.0,1.1079521179199219,0.03118793820007244
COHFACE_s32_session0_lamp,28,121,32.03333333333333,1.500625729560852,0.3098564864107556
COHFACE_s32_session0_lamp,28,122,32.06666666666667,1.7897838354110718,0.5554433327848239
COHFACE_s32_session0_lamp,28,123,32.1,1.9970158338546753,0.7588190192551678
COHFACE_s32_session0_lamp,28,124,32.13333333333333,2.0677146911621094,0.9156648507484328
COHFACE_s32_session0_lamp,28,125,32.166666666666664,2.0137717723846436,1.0249268194748202
COHFACE_s32_session0_lamp,28,126,32.2,1.9433199167251587,1.0874417448900264
COHFACE_s32_session0_lamp,28,127,32.233333333333334,1.9140087366104126,1.105048204013588
COHFACE_s32_session0_lamp,28,128,32.266666666666666,1.8736402988433838,1.0801632267809416
COHFACE_s32_session0_lamp,28,129,32.3,1.7751437425613403,1.015650552819362
COHFACE_s32_session0_lamp,28,130,32.333333333333336,1.6353366374969482,0.91482773419143
COHFACE_s32_session0_lamp,28,131,32.36666666666667,1.472611904144287,0.7815569642283873
COHFACE_s32_session0_lamp,28,132,32.4,1.301424264907837,0.6204136401874847
COHFACE_s32_session0_lamp,28,133,32.43333333333333,1.1285223960876465,0.43685997147677824
COHFACE_s32_session0_lamp,28,134,32.46666666666667,0.9583694934844971,0.23722333255219202
COHFACE_s32_session0_lamp,28,135,32.5,0.7973125576972961,0.028279929370592476
COHFACE_s32_session0_lamp,28,136,32.53333333333333,0.6430352330207825,-0.1835267400853338
COHFACE_s32_session0_lamp,28,137,32.56666666666667,0.4978075623512268,-0.39292727569281244
COHFACE_s32_session0_lamp,28,138,32.6,0.3440707325935364,-0.5963177006856966
COHFACE_s32_session0_lamp,28,139,32.63333333333333,0.19065819680690765,-0.7915545544131941
COHFACE_s32_session0_lamp,28,140,32.666666666666664,0.052719734609127045,-0.9768516682609435
COHFACE_s32_session0_lamp,28,141,32.7,-0.07252443581819534,-1.1487903457571376
COHFACE_s32_session0_lamp,28,142,32.733333333333334,-0.2039613276720047,-1.2998119914688493
COHFACE_s32_session0_lamp,28,143,32.766666666666666,-0.3244335651397705,-1.4161758186501932
COHFACE_s32_session0_lamp,28,144,32.8,-0.4437166750431061,-1.4779581836359885
COHFACE_s32_session0_lamp,28,145,32.833333333333336,-0.5617642998695374,-1.462333810894577
COHFACE_s32_session0_lamp,28,146,32.86666666666667,-0.611244261264801,-1.3497364608340894
COHFACE_s32_session0_lamp,28,147,32.9,-0.4127222001552582,-1.1306939787081478
COHFACE_s32_session0_lamp,28,148,32.93333333333333,0.12063883244991302,-0.810577777296469
COHFACE_s32_session0_lamp,28,149,32.96666666666667,0.7367289662361145,-0.4104819417812929
COHFACE_s32_session0_lamp,28,150,33.0,1.2297987937927246,0.035768236304805065
COHFACE_s32_session0_lamp,28,151,33.03333333333333,1.6016860008239746,0.4871248428408739
COHFACE_s32_session0_lamp,28,152,33.06666666666667,1.8653472661972046,0.9017926680725362
COHFACE_s32_session0_lamp,28,153,33.1,1.9914100170135498,1.243485782905144
COHFACE_s32_session0_lamp,28,154,33.13333333333333,1.954871416091919,1.4864278600864322
COHFACE_s32_session0_lamp,28,155,33.166666666666664,1.8446688652038574,1.61819559365918
COHFACE_s32_session0_lamp,28,156,33.2,1.7684259414672852,1.6400312189609882
COHFACE_s32_session0_lamp,28,157,33.233333333333334,1.728103756904602,1.5648647337074229
COHFACE_s32_session0_lamp,28,158,33.266666666666666,1.6598912477493286,1.413607308723234
COHFACE_s32_session0_lamp,28,159,33.3,1.5277440547943115,1.2104966742661576
COHFACE_s32_session0_lamp,28,160,33.333333333333336,1.347630262374878,0.9785952788315965
COHFACE_s32_session0_lamp,28,161,33.36666666666667,1.1617252826690674,0.7366195375883916
COHFACE_s32_session0_lamp,28,162,33.4,0.9795729517936707,0.49777065369460927
COHFACE_s32_session0_lamp,28,163,33.43333333333333,0.8018991947174072,0.2703785560278948
COHFACE_s32_session0_lamp,28,164,33.46666666666667,0.6455678939819336,0.059460796269804383
COHFACE_s32_session0_lamp,28,165,33.5,0.5017301440238953,-0.1319076295089181
COHFACE_s32_session0_lamp,28,166,33.53333333333333,0.36118176579475403,-0.3021438758049615
COHFACE_s32_session0_lamp,28,167,33.56666666666667,0.23102666437625885,-0.4516472136024196
COHFACE_s32_session0_lamp,28,168,33.6,0.09004589915275574,-0.5835950285769956
COHFACE_s32_session0_lamp,28,169,33.63333333333333,-0.055058203637599945,-0.7041319252437296
COHFACE_s32_session0_lamp,28,170,33.666666666666664,-0.18495076894760132,-0.8212513538138634
COHFACE_s32_session0_lamp,28,171,33.7,-0.2987978756427765,-0.9422062538115823
COHFACE_s32_session0_lamp,28,172,33.733333333333334,-0.41219714283943176,-1.069901248045062
COHFACE_s32_session0_lamp,28,173,33.766666666666666,-0.5166856646537781,-1.1992956377444024
COHFACE_s32_session0_lamp,28,174,33.8,-0.62171471118927,-1.315248846586259
COHFACE_s32_session0_lamp,28,175,33.833333333333336,-0.7199024558067322,-1.3931878780137943
COHFACE_s32_session0_lamp,28,176,33.86666666666667,-0.7879450917243958,-1.4032749844340233
COHFACE_s32_session0_lamp,28,177,33.9,-0.6616507768630981,-1.3175325503587754
COHFACE_s32_session0_lamp,28,178,33.93333333333333,-0.18515153229236603,-1.1180866817268915
COHFACE_s32_session0_lamp,28,179,33.96666666666667,0.4559565484523773,-0.8039628227146364
COHFACE_s32_session0_lamp,28,180,34.0,1.012513279914856,-0.3941389212585124
COHFACE_s32_session0_lamp,28,181,34.03333333333333,1.4056193828582764,0.07430394503614542
COHFACE_s32_session0_lamp,28,182,34.06666666666667,1.6770795583724976,0.5525803283793054
COHFACE_s32_session0_lamp,28,183,34.1,1.8131803274154663,0.9894231739830981
COHFACE_s32_session0_lamp,28,184,34.13333333333333,1.7862937450408936,1.340608710512225
COHFACE_s32_session0_lamp,28,185,34.166666666666664,1.6739445924758911,1.5762972209566335
COHFACE_s32_session0_lamp,28,186,34.2,1.60224187374115,1.6845524342400429
COHFACE_s32_session0_lamp,28,187,34.233333333333334,1.571309208869934,1.6707206094800005
COHFACE_s32_session0_lamp,28,188,34.266666666666666,1.5127023458480835,1.5536042614218084
COHFACE_s32_session0_lamp,28,189,34.3,1.4011716842651367,1.360009801731216
COHFACE_s32_session0_lamp,28,190,34.333333333333336,1.2413811683654785,1.1191061788388001
COHFACE_s32_session0_lamp,28,191,34.36666666666667,1.065792202949524,0.8575450086512588
COHFACE_s32_session0_lamp,28,192,34.4,0.8904812335968018,0.5959532531709442
COHFACE_s32_session0_lamp,28,193,34.43333333333333,0.7228455543518066,0.3472054740147788
COHFACE_s32_session0_lamp,28,194,34.46666666666667,0.5638271570205688,0.11659877521593555
COHFACE_s32_session0_lamp,28,195,34.5,0.41625213623046875,-0.09633109063732875
COHFACE_s32_session0_lamp,28,196,34.53333333333333,0.28220537304878235,-0.2949927103995536
COHFACE_s32_session0_lamp,28,197,34.56666666666667,0.14852921664714813,-0.4828228706842601
COHFACE_s32_session0_lamp,28,198,34.6,0.009525165893137455,-0.6611739497206396
COHFACE_s32_session0_lamp,28,199,34.63333333333333,-0.1172633245587349,-0.8284769585950966
COHFACE_s32_session0_lamp,28,200,34.666666666666664,-0.237148717045784,-0.9804108296308577
COHFACE_s32_session0_lamp,28,201,34.7,-0.3542543351650238,-1.1103812013447254
COHFACE_s32_session0_lamp,28,202,34.733333333333334,-0.4618932902812958,-1.2099182934838657
COHFACE_s32_session0_lamp,28,203,34.766666666666666,-0.5661965012550354,-1.2692230617015787
COHFACE_s32_session0_lamp,28,204,34.8,-0.6719822883605957,-1.2783513782928968
COHFACE_s32_session0_lamp,28,205,34.833333333333336,-0.7643788456916809,-1.2291910430212811
COHFACE_s32_session0_lamp,28,206,34.86666666666667,-0.8502737879753113,-1.1177047915087621
COHFACE_s32_session0_lamp,28,207,34.9,-0.8438185453414917,-0.9454735942987118
COHFACE_s32_session0_lamp,28,208,34.93333333333333,-0.5473403930664062,-0.7198166274601858
COHFACE_s32_session0_lamp,28,209,34.96666666666667,0.054603803902864456,-0.45253463861462756
COHFACE_s32_session0_lamp,28,210,35.0,0.6807937622070312,-0.15808460574049563
COHFACE_s32_session0_lamp,28,211,35.03333333333333,1.154791235923767,0.14782447872119514
COHFACE_s32_session0_lamp,28,212,35.06666666666667,1.4847811460494995,0.4488014155018828
COHFACE_s32_session0_lamp,28,213,35.1,1.6889244318008423,0.7279387181805624
COHFACE_s32_session0_lamp,28,214,35.13333333333333,1.73270583152771,0.9684292681139878
COHFACE_s32_session0_lamp,28,215,35.166666666666664,1.6161870956420898,1.155158826399464
COHFACE_s32_session0_lamp,28,216,35.2,1.4923481941223145,1.2769301050380697
COHFACE_s32_session0_lamp,28,217,35.233333333333334,1.432984709739685,1.3283113229818362
COHFACE_s32_session0_lamp,28,218,35.266666666666666,1.3793041706085205,1.3102376494688288
COHFACE_s32_session0_lamp,28,219,35.3,1.2864134311676025,1.2292353060242975
COHFACE_s32_session0_lamp,28,220,35.333333333333336,1.1507296562194824,1.0958591557089579
COHFACE_s32_session0_lamp,28,221,35.36666666666667,0.9754804968833923,0.9230887908561355
COHFACE_s32_session0_lamp,28,222,35.4,0.8037986755371094,0.7249483467891433
COHFACE_s32_session0_lamp,28,223,35.43333333333333,0.6323639750480652,0.51512075220829
COHFACE_s32_session0_lamp,28,224,35.46666666666667,0.4538717269897461,0.3053958227887416
COHFACE_s32_session0_lamp,28,225,35.5,0.3015865385532379,0.10425763737028172
COHFACE_s32_session0_lamp,28,226,35.53333333333333,0.1730993092060089,-0.08375819773228878
COHFACE_s32_session0_lamp,28,227,35.56666666666667,0.04229559004306793,-0.25750527961862896
COHFACE_s32_session0_lamp,28,228,35.6,-0.08489442616701126,-0.4176865189533957
COHFACE_s32_session0_lamp,28,229,35.63333333333333,-0.21453990042209625,-0.5650297311821348
COHFACE_s32_session0_lamp,28,230,35.666666666666664,-0.35382193326950073,-0.6987170374299314
COHFACE_s32_session0_lamp,28,231,35.7,-0.4761473536491394,-0.8152119125344776
COHFACE_s32_session0_lamp,28,232,35.733333333333334,-0.5815470218658447,-0.9075725249929891
COHFACE_s32_session0_lamp,28,233,35.766666666666666,-0.6799200773239136,-0.9656428412245548
COHFACE_s32_session0_lamp,28,234,35.8,-0.781412661075592,-0.9777308201309103
COHFACE_s32_session0_lamp,28,235,35.833333333333336,-0.8883875608444214,-0.9339153145142948
COHFACE_s32_session0_lamp,28,236,35.86666666666667,-0.9897874593734741,-0.8299603711101263
COHFACE_s32_session0_lamp,28,237,35.9,-1.056610107421875,-0.6700470773034817
COHFACE_s32_session0_lamp,28,238,35.93333333333333,-0.9441682696342468,-0.46707234797682196
COHFACE_s32_session0_lamp,28,239,35.96666666666667,-0.4885636568069458,-0.2406203019141782
COHFACE_s32_session0_lamp,29,0,29.0,-1.2560124397277832,0.11818332858964971
COHFACE_s32_session0_lamp,29,1,29.033333333333335,-1.2425613403320312,0.16413221027194852
COHFACE_s32_session0_lamp,29,2,29.066666666666666,-0.9520134329795837,0.2155065957306322
COHFACE_s32_session0_lamp,29,3,29.1,-0.46465760469436646,0.27692331279176774
COHFACE_s32_session0_lamp,29,4,29.133333333333333,-0.09036131203174591,0.3490052881713088
COHFACE_s32_session0_lamp,29,5,29.166666666666668,0.11287091672420502,0.4273111103556071
COHFACE_s32_session0_lamp,29,6,29.2,0.2350110113620758,0.5025215128940856
COHFACE_s32_session0_lamp,29,7,29.233333333333334,0.3011850416660309,0.5619992408946463
COHFACE_s32_session0_lamp,29,8,29.266666666666666,0.2768002450466156,0.592446639062956
COHFACE_s32_session0_lamp,29,9,29.3,0.2192126363515854,0.5830987090702228
COHFACE_s32_session0_lamp,29,10,29.333333333333332,0.20228691399097443,0.5287433710342031
COHFACE_s32_session0_lamp,29,11,29.366666666666667,0.22132834792137146,0.4317299126505901
COHFACE_s32_session0_lamp,29,12,29.4,0.2286638617515564,0.30205089781073563
COHFACE_s32_session0_lamp,29,13,29.433333333333334,0.192434161901474,0.1549994727206601
COHFACE_s32_session0_lamp,29,14,29.466666666666665,0.1152491644024849,0.006964324241442687
COHFACE_s32_session0_lamp,29,15,29.5,0.010637074708938599,-0.12909334180794632
COHFACE_s32_session0_lamp,29,16,29.533333333333335,-0.09036131203174591,-0.24680349302027002
COHFACE_s32_session0_lamp,29,17,29.566666666666666,-0.17939123511314392,-0.3471894745061325
COHFACE_s32_session0_lamp,29,18,29.6,-0.28202658891677856,-0.4370714479691951
COHFACE_s32_session0_lamp,29,19,29.633333333333333,-0.3693732023239136,-0.5257890014833847
COHFACE_s32_session0_lamp,29,20,29.666666666666668,-0.4474847912788391,-0.6212503244847831
COHFACE_s32_session0_lamp,29,21,29.7,-0.5260442495346069,-0.7262429697936176
COHFACE_s32_session0_lamp,29,22,29.733333333333334,-0.6124488115310669,-0.8357770519446116
COHFACE_s32_session0_lamp,29,23,29.766666666666666,-0.6925680637359619,-0.9361724575562527
COHFACE_s32_session0_lamp,29,24,29.8,-0.7774283289909363,-1.0065759382140065
COHFACE_s32_session0_lamp,29,25,29.833333333333332,-0.8660721182823181,-1.0232032614567508
COHFACE_s32_session0_lamp,29,26,29.866666666666667,-0.9490020275115967,-0.965615514517809
COHFACE_s32_session0_lamp,29,27,29.9,-1.0252913236618042,-0.8231418686489774
COHFACE_s32_session0_lamp,29,28,29.933333333333334,-1.1091786623001099,-0.5989558482261024
COHFACE_s32_session0_lamp,29,29,29.966666666666665,-1.1691136360168457,-0.3101168031292576
COHFACE_s32_session0_lamp,29,30,30.0,-1.0547106266021729,0.016059692995663493
COHFACE_s32_session0_lamp,29,31,30.033333333333335,-0.6444470882415771,0.34741758914160387
COHFACE_s32_session0_lamp,29,32,30.066666666666666,-0.15075957775115967,0.652539003075639
COHFACE_s32_session0_lamp,29,33,30.1,0.18794021010398865,0.9057140317417138
COHFACE_s32_session0_lamp,29,34,30.133333333333333,0.3814123272895813,1.090548258113214
COHFACE_s32_session0_lamp,29,35,30.166666666666668,0.49933645129203796,1.2012543644477545
COHFACE_s32_session0_lamp,29,36,30.2,0.5613099336624146,1.2412970571640567
COHFACE_s32_session0_lamp,29,37,30.233333333333334,0.5291263461112976,1.2201542353022454
COHFACE_s32_session0_lamp,29,38,30.266666666666666,0.48671936988830566,1.1496304739236884
COHFACE_s32_session0_lamp,29,39,30.3,0.5112740397453308,1.0410696686627652
COHFACE_s32_session0_lamp,29,40,30.333333333333332,0.5545458197593689,0.9041208261254396
COHFACE_s32_session0_lamp,29,41,30.366666666666667,0.5497121214866638,0.7468445261663984
COHFACE_s32_session0_lamp,29,42,30.4,0.49491968750953674,0.5763666220614907
COHFACE_s32_session0_lamp,29,43,30.433333333333334,0.41004398465156555,0.39924239671867606
COHFACE_s32_session0_lamp,29,44,30.466666666666665,0.313663125038147,0.22113508507576113
COHFACE_s32_session0_lamp,29,45,30.5,0.21448703110218048,0.04598305150932324
COHFACE_s32_session0_lamp,29,46,30.533333333333335,0.10868581384420395,-0.12482043669277429
COHFACE_s32_session0_lamp,29,47,30.566666666666666,0.012011517770588398,-0.292640764090063
COHFACE_s32_session0_lamp,29,48,30.6,-0.07627712935209274,-0.46075144035734467
COHFACE_s32_session0_lamp,29,49,30.633333333333333,-0.16408704221248627,-0.6323000795655234
COHFACE_s32_session0_lamp,29,50,30.666666666666668,-0.2566843330860138,-0.8074739432101927
COHFACE_s32_session0_lamp,29,51,30.7,-0.3408651053905487,-0.9807424094545536
COHFACE_s32_session0_lamp,29,52,30.733333333333334,-0.4252157509326935,-1.1393095480540125
COHFACE_s32_session0_lamp,29,53,30.766666666666666,-0.5070182681083679,-1.263751158607669
COHFACE_s32_session0_lamp,29,54,30.8,-0.5890060663223267,-1.3312040405113843
COHFACE_s32_session0_lamp,29,55,30.833333333333332,-0.6630715727806091,-1.3205919466501015
COHFACE_s32_session0_lamp,29,56,30.866666666666667,-0.735453724861145,-1.2185226815525745
COHFACE_s32_session0_lamp,29,57,30.9,-0.8058746457099915,-1.0240139947622195
COHFACE_s32_session0_lamp,29,58,30.933333333333334,-0.7519470453262329,-0.750358912976646
COHFACE_s32_session0_lamp,29,59,30.966666666666665,-0.3831022083759308,-0.4232826539115209
COHFACE_s32_session0_lamp,29,60,31.0,0.17858164012432098,-0.07584154977076411
COHFACE_s32_session0_lamp,29,61,31.033333333333335,0.641969621181488,0.2582705943673456
COHFACE_s32_session0_lamp,29,62,31.066666666666666,0.9623229503631592,0.5508042608675484
COHFACE_s32_session0_lamp,29,63,31.1,1.2124714851379395,0.78270726284057
COHFACE_s32_session0_lamp,29,64,31.133333333333333,1.3829333782196045,0.945118539706177
COHFACE_s32_session0_lamp,29,65,31.166666666666668,1.4324904680252075,1.0383037956070162
COHFACE_s32_session0_lamp,29,66,31.2,1.3907475471496582,1.0694794178738851
COHFACE_s32_session0_lamp,29,67,31.233333333333334,1.3597685098648071,1.0501629036655205
COHFACE_s32_session0_lamp,29,68,31.266666666666666,1.3664863109588623,0.9934616590173544
COHFACE_s32_session0_lamp,29,69,31.3,1.3604943752288818,0.9116446655954725
COHFACE_s32_session0_lamp,29,70,31.333333333333332,1.3160489797592163,0.8142632292768716
COHFACE_s32_session0_lamp,29,71,31.366666666666667,1.220733642578125,0.7070091984751398
COHFACE_s32_session0_lamp,29,72,31.4,1.0945628881454468,0.5914647431029626
COHFACE_s32_session0_lamp,29,73,31.433333333333334,0.9607168436050415,0.4658174250124782
COHFACE_s32_session0_lamp,29,74,31.466666666666665,0.8394724726676941,0.32641285854710217
COHFACE_s32_session0_lamp,29,75,31.5,0.716467559337616,0.1697797485890593
COHFACE_s32_session0_lamp,29,76,31.533333333333335,0.5885980129241943,-0.005374058937621466
COHFACE_s32_session0_lamp,29,77,31.566666666666666,0.48102083802223206,-0.19667320885600328
COHFACE_s32_session0_lamp,29,78,31.6,0.37511152029037476,-0.39741161025777694
COHFACE_s32_session0_lamp,29,79,31.633333333333333,0.2639206349849701,-0.5968057369807016
COHFACE_s32_session0_lamp,29,80,31.666666666666668,0.15171051025390625,-0.7810518769183056
COHFACE_s32_session0_lamp,29,81,31.7,0.03449678421020508,-0.9349544083962613
COHFACE_s32_session0_lamp,29,82,31.733333333333334,-0.0806475505232811,-1.0438623393035933
COHFACE_s32_session0_lamp,29,83,31.766666666666666,-0.18995437026023865,-1.095654919639676
COHFACE_s32_session0_lamp,29,84,31.8,-0.29981714487075806,-1.0825177470892116
COHFACE_s32_session0_lamp,29,85,31.833333333333332,-0.4038578271865845,-1.0023013130239762
COHFACE_s32_session0_lamp,29,86,31.866666666666667,-0.4866332709789276,-0.8593360189264323
COHFACE_s32_session0_lamp,29,87,31.9,-0.4131855070590973,-0.6644720480909488
COHFACE_s32_session0_lamp,29,88,31.933333333333334,-0.004481796640902758,-0.43385905612007897
COHFACE_s32_session0_lamp,29,89,31.966666666666665,0.5870228409767151,-0.18621972867969097
COHFACE_s32_session0_lamp,29,90,32.0,1.1079521179199219,0.060644682799629195
COHFACE_s32_session0_lamp,29,91,32.03333333333333,1.500625729560852,0.2926203749513535
COHFACE_s32_session0_lamp,29,92,32.06666666666667,1.7897838354110718,0.5002130308888504
COHFACE_s32_session0_lamp,29,93,32.1,1.9970158338546753,0.6776847203882521
COHFACE_s32_session0_lamp,29,94,32.13333333333333,2.0677146911621094,0.8213697485203486
COHFACE_s32_session0_lamp,29,95,32.166666666666664,2.0137717723846436,0.9283106521504543
COHFACE_s32_session0_lamp,29,96,32.2,1.9433199167251587,0.9957917884545033
COHFACE_s32_session0_lamp,29,97,32.233333333333334,1.9140087366104126,1.0216469467398663
COHFACE_s32_session0_lamp,29,98,32.266666666666666,1.8736402988433838,1.0049205819159654
COHFACE_s32_session0_lamp,29,99,32.3,1.7751437425613403,0.9464949410129877
COHFACE_s32_session0_lamp,29,100,32.333333333333336,1.6353366374969482,0.849377901416762
COHFACE_s32_session0_lamp,29,101,32.36666666666667,1.472611904144287,0.7184782501114955
COHFACE_s32_session0_lamp,29,102,32.4,1.301424264907837,0.5599313650284689
COHFACE_s32_session0_lamp,29,103,32.43333333333333,1.1285223960876465,0.3802297938360861
COHFACE_s32_session0_lamp,29,104,32.46666666666667,0.9583694934844971,0.18542878090152207
COHFACE_s32_session0_lamp,29,105,32.5,0.7973125576972961,-0.0193598741725764
COHFACE_s32_session0_lamp,29,106,32.53333333333333,0.6430352330207825,-0.22999170124007645
COHFACE_s32_session0_lamp,29,107,32.56666666666667,0.4978075623512268,-0.4427280198376909
COHFACE_s32_session0_lamp,29,108,32.6,0.3440707325935364,-0.653233560642141
COHFACE_s32_session0_lamp,29,109,32.63333333333333,0.19065819680690765,-0.8555085996665389
COHFACE_s32_session0_lamp,29,110,32.666666666666664,0.052719734609127045,-1.041134815615506
COHFACE_s32_session0_lamp,29,111,32.7,-0.07252443581819534,-1.1989906334338063
COHFACE_s32_session0_lamp,29,112,32.733333333333334,-0.2039613276720047,-1.3153679720448472
COHFACE_s32_session0_lamp,29,113,32.766666666666666,-0.3244335651397705,-1.3745749402433316
COHFACE_s32_session0_lamp,29,114,32.8,-0.4437166750431061,-1.3606062556984444
COHFACE_s32_session0_lamp,29,115,32.833333333333336,-0.5617642998695374,-1.2604832340724703
COHFACE_s32_session0_lamp,29,116,32.86666666666667,-0.611244261264801,-1.0688594449753612
COHFACE_s32_session0_lamp,29,117,32.9,-0.4127222001552582,-0.7921504404483436
COHFACE_s32_session0_lamp,29,118,32.93333333333333,0.12063883244991302,-0.44994139920245013
COHFACE_s32_session0_lamp,29,119,32.96666666666667,0.7367289662361145,-0.07240166858100462
COHFACE_s32_session0_lamp,29,120,33.0,1.2297987937927246,0.30551162118053676
COHFACE_s32_session0_lamp,29,121,33.03333333333333,1.6016860008239746,0.6507343375539207
COHFACE_s32_session0_lamp,29,122,33.06666666666667,1.8653472661972046,0.9374656582218664
COHFACE_s32_session0_lamp,29,123,33.1,1.9914100170135498,1.1501492581199324
COHFACE_s32_session0_lamp,29,124,33.13333333333333,1.954871416091919,1.2839041206574697
COHFACE_s32_session0_lamp,29,125,33.166666666666664,1.8446688652038574,1.3428020834451444
COHFACE_s32_session0_lamp,29,126,33.2,1.7684259414672852,1.3368273179709658
COHFACE_s32_session0_lamp,29,127,33.233333333333334,1.728103756904602,1.2785083410198046
COHFACE_s32_session0_lamp,29,128,33.266666666666666,1.6598912477493286,1.1799592499738154
COHFACE_s32_session0_lamp,29,129,33.3,1.5277440547943115,1.0507638946580118
COHFACE_s32_session0_lamp,29,130,33.333333333333336,1.347630262374878,0.8970790511520295
COHFACE_s32_session0_lamp,29,131,33.36666666666667,1.1617252826690674,0.72224023832615
COHFACE_s32_session0_lamp,29,132,33.4,0.9795729517936707,0.5286869332718483
COHFACE_s32_session0_lamp,29,133,33.43333333333333,0.8018991947174072,0.32033581436204345
COHFACE_s32_session0_lamp,29,134,33.46666666666667,0.6455678939819336,0.10409764618193605
COHFACE_s32_session0_lamp,29,135,33.5,0.5017301440238953,-0.11046396488086374
COHFACE_s32_session0_lamp,29,136,33.53333333333333,0.36118176579475403,-0.31327735395370515
COHFACE_s32_session0_lamp,29,137,33.56666666666667,0.23102666437625885,-0.4965939332724226
COHFACE_s32_session0_lamp,29,138,33.6,0.09004589915275574,-0.6570853184610448
COHFACE_s32_session0_lamp,29,139,33.63333333333333,-0.055058203637599945,-0.7962693948887668
COHFACE_s32_session0_lamp,29,140,33.666666666666664,-0.18495076894760132,-0.9191320647765073
COHFACE_s32_session0_lamp,29,141,33.7,-0.2987978756427765,-1.0313959813267917
COHFACE_s32_session0_lamp,29,142,33.733333333333334,-0.41219714283943176,-1.1360576252211094
COHFACE_s32_session0_lamp,29,143,33.766666666666666,-0.5166856646537781,-1.2299764596263971
COHFACE_s32_session0_lamp,29,144,33.8,-0.62171471118927,-1.3017217443996485
COHFACE_s32_session0_lamp,29,145,33.833333333333336,-0.7199024558067322,-1.3320277508837162
COHFACE_s32_session0_lamp,29,146,33.86666666666667,-0.7879450917243958,-1.2975169092046912
COHFACE_s32_session0_lamp,29,147,33.9,-0.6616507768630981,-1.1770661405720846
COHFACE_s32_session0_lamp,29,148,33.93333333333333,-0.18515153229236603,-0.9589792535679659
COHFACE_s32_session0_lamp,29,149,33.96666666666667,0.4559565484523773,-0.6465331178524996
COHFACE_s32_session0_lamp,29,150,34.0,1.012513279914856,-0.25979649634177804
COHFACE_s32_session0_lamp,29,151,34.03333333333333,1.4056193828582764,0.1671136517641168
COHFACE_s32_session0_lamp,29,152,34.06666666666667,1.6770795583724976,0.5924373497675673
COHFACE_s32_session0_lamp,29,153,34.1,1.8131803274154663,0.9746962212485218
COHFACE_s32_session0_lamp,29,154,34.13333333333333,1.7862937450408936,1.2798913382865504
COHFACE_s32_session0_lamp,29,155,34.166666666666664,1.6739445924758911,1.4863694642443517
COHFACE_s32_session0_lamp,29,156,34.2,1.60224187374115,1.5865134026731957
COHFACE_s32_session0_lamp,29,157,34.233333333333334,1.571309208869934,1.5852643003218292
COHFACE_s32_session0_lamp,29,158,34.266666666666666,1.5127023458480835,1.496452620630184
COHFACE_s32_session0_lamp,29,159,34.3,1.4011716842651367,1.3384893892925045
COHFACE_s32_session0_lamp,29,160,34.333333333333336,1.2413811683654785,1.1307367560027388
COHFACE_s32_session0_lamp,29,161,34.36666666666667,1.065792202949524,0.8911471544406704
COHFACE_s32_session0_lamp,29,162,34.4,0.8904812335968018,0.635102166821569
COHFACE_s32_session0_lamp,29,163,34.43333333333333,0.7228455543518066,0.37507874139063174
COHFACE_s32_session0_lamp,29,164,34.46666666666667,0.5638271570205688,0.12079462250365318
COHFACE_s32_session0_lamp,29,165,34.5,0.41625213623046875,-0.1203964505964337
COHFACE_s32_session0_lamp,29,166,34.53333333333333,0.28220537304878235,-0.34306260419616
COHFACE_s32_session0_lamp,29,167,34.56666666666667,0.14852921664714813,-0.5433957418163023
COHFACE_s32_session0_lamp,29,168,34.6,0.009525165893137455,-0.7191051034955251
COHFACE_s32_session0_lamp,29,169,34.63333333333333,-0.1172633245587349,-0.8692905407070359
COHFACE_s32_session0_lamp,29,170,34.666666666666664,-0.237148717045784,-0.9938917985182393
COHFACE_s32_session0_lamp,29,171,34.7,-0.3542543351650238,-1.092468264912552
COHFACE_s32_session0_lamp,29,172,34.733333333333334,-0.4618932902812958,-1.162621347253717
COHFACE_s32_session0_lamp,29,173,34.766666666666666,-0.5661965012550354,-1.1989007549156285
COHFACE_s32_session0_lamp,29,174,34.8,-0.6719822883605957,-1.1930590041757647
COHFACE_s32_session0_lamp,29,175,34.833333333333336,-0.7643788456916809,-1.135967660040745
COHFACE_s32_session0_lamp,29,176,34.86666666666667,-0.8502737879753113,-1.0206694633253652
COHFACE_s32_session0_lamp,29,177,34.9,-0.8438185453414917,-0.8453699942266739
COHFACE_s32_session0_lamp,29,178,34.93333333333333,-0.5473403930664062,-0.6150844001553629
COHFACE_s32_session0_lamp,29,179,34.96666666666667,0.054603803902864456,-0.3413055040090436
COHFACE_s32_session0_lamp,29,180,35.0,0.6807937622070312,-0.04014448824527884
COHFACE_s32_session0_lamp,29,181,35.03333333333333,1.154791235923767,0.26989414673246176
COHFACE_s32_session0_lamp,29,182,35.06666666666667,1.4847811460494995,0.5695750995634871
COHFACE_s32_session0_lamp,29,183,35.1,1.6889244318008423,0.8399557047620043
COHFACE_s32_session0_lamp,29,184,35.13333333333333,1.73270583152771,1.0633979058777054
COHFACE_s32_session0_lamp,29,185,35.166666666666664,1.6161870956420898,1.2251674559660026
COHFACE_s32_session0_lamp,29,186,35.2,1.4923481941223145,1.3154572393062642
COHFACE_s32_session0_lamp,29,187,35.233333333333334,1.432984709739685,1.3309357800959425
COHFACE_s32_session0_lamp,29,188,35.266666666666666,1.3793041706085205,1.2749528301280586
COHFACE_s32_session0_lamp,29,189,35.3,1.2864134311676025,1.1562828132606648
COHFACE_s32_session0_lamp,29,190,35.333333333333336,1.1507296562194824,0.9871386562106588
COHFACE_s32_session0_lamp,29,191,35.36666666666667,0.9754804968833923,0.7814062834571
COHFACE_s32_session0_lamp,29,192,35.4,0.8037986755371094,0.5534240399258881
COHFACE_s32_session0_lamp,29,193,35.43333333333333,0.6323639750480652,0.31691709608278434
COHFACE_s32_session0_lamp,29,194,35.46666666666667,0.4538717269897461,0.08368387455267798
COHFACE_s32_session0_lamp,29,195,35.5,0.3015865385532379,-0.13779541395484235
COHFACE_s32_session0_lamp,29,196,35.53333333333333,0.1730993092060089,-0.343127796246504
COHFACE_s32_session0_lamp,29,197,35.56666666666667,0.04229559004306793,-0.5315075288785643
COHFACE_s32_session0_lamp,29,198,35.6,-0.08489442616701126,-0.7039866986268132
COHFACE_s32_session0_lamp,29,199,35.63333333333333,-0.21453990042209625,-0.8612234310443319
COHFACE_s32_session0_lamp,29,200,35.666666666666664,-0.35382193326950073,-1.0014865178217496
COHFACE_s32_session0_lamp,29,201,35.7,-0.4761473536491394,-1.1194069685336383
COHFACE_s32_session0_lamp,29,202,35.733333333333334,-0.5815470218658447,-1.2057759135392598
COHFACE_s32_session0_lamp,29,203,35.766666666666666,-0.6799200773239136,-1.2486069648897744
COHFACE_s32_session0_lamp,29,204,35.8,-0.781412661075592,-1.2354844964522014
COHFACE_s32_session0_lamp,29,205,35.833333333333336,-0.8883875608444214,-1.1567680805591356
COHFACE_s32_session0_lamp,29,206,35.86666666666667,-0.9897874593734741,-1.008664355091103
COHFACE_s32_session0_lamp,29,207,35.9,-1.056610107421875,-0.795018386370483
COHFACE_s32_session0_lamp,29,208,35.93333333333333,-0.9441682696342468,-0.5272297583426572
COHFACE_s32_session0_lamp,29,209,35.96666666666667,-0.4885636568069458,-0.2225833511628466
COHFACE_s32_session0_lamp,29,210,36.0,0.1359584629535675,0.09813207846547647
COHFACE_s32_session0_lamp,29,211,36.03333333333333,0.6809173226356506,0.4129107488835634
COHFACE_s32_session0_lamp,29,212,36.06666666666667,1.0805250406265259,0.700480864491939
COHFACE_s32_session0_lamp,29,213,36.1,1.340665340423584,0.9420746671264016
COHFACE_s32_session0_lamp,29,214,36.13333333333333,1.4479490518569946,1.1229984363681027
COHFACE_s32_session0_lamp,29,215,36.166666666666664,1.3620696067810059,1.2337657633022627
COHFACE_s32_session0_lamp,29,216,36.2,1.2138614654541016,1.2707815708906767
COHFACE_s32_session0_lamp,29,217,36.233333333333334,1.1444905996322632,1.2367314637884257
COHFACE_s32_session0_lamp,29,218,36.266666666666666,1.121433973312378,1.1404777611605745
COHFACE_s32_session0_lamp,29,219,36.3,1.0622711181640625,0.9959683055458493
COHFACE_s32_session0_lamp,29,220,36.333333333333336,0.9423239827156067,0.820044593180705
COHFACE_s32_session0_lamp,29,221,36.36666666666667,0.7825643420219421,0.6297191475614375
COHFACE_s32_session0_lamp,29,222,36.4,0.6060642600059509,0.43977553651312173
COHFACE_s32_session0_lamp,29,223,36.43333333333333,0.43243658542633057,0.2611994509592709
COHFACE_s32_session0_lamp,29,224,36.46666666666667,0.2591486871242523,0.10031262954481499
COHFACE_s32_session0_lamp,29,225,36.5,0.1083923950791359,-0.04168400597737283
COHFACE_s32_session0_lamp,29,226,36.53333333333333,-0.028557710349559784,-0.1684717097588343
COHFACE_s32_session0_lamp,29,227,36.56666666666667,-0.15508367121219635,-0.28698708324999095
COHFACE_s32_session0_lamp,29,228,36.6,-0.282582551240921,-0.40430774421028204
COHFACE_s32_session0_lamp,29,229,36.63333333333333,-0.4025914967060089,-0.5240221540381609
COHFACE_s32_session0_lamp,29,230,36.666666666666664,-0.5167474746704102,-0.6436090450127284
COHFACE_s32_session0_lamp,29,231,36.7,-0.6358452439308167,-0.7539982464592572
COHFACE_s32_session0_lamp,29,232,36.733333333333334,-0.744796872138977,-0.8414803372513842
COHFACE_s32_session0_lamp,29,233,36.766666666666666,-0.8447296619415283,-0.8911814428205007
COHFACE_s32_session0_lamp,29,234,36.8,-0.9349023699760437,-0.8909567288957628
COHFACE_s32_session0_lamp,29,235,36.833333333333336,-1.034016728401184,-0.8346165722604054
COHFACE_s32_session0_lamp,29,236,36.86666666666667,-1.1272008419036865,-0.7235804858355905
COHFACE_s32_session0_lamp,29,237,36.9,-1.135555624961853,-0.5665019842744027
COHFACE_s32_session0_lamp,29,238,36.93333333333333,-0.8672304153442383,-0.3772311646494126
COHFACE_s32_session0_lamp,29,239,36.96666666666667,-0.2809610068798065,-0.17225239920309846
COHFACE_s32_session0_lamp,30,0,30.0,-1.0547106266021729,0.012787715046948058
COHFACE_s32_session0_lamp,30,1,30.033333333333335,-0.6444470882415771,-0.04004827789263506
COHFACE_s32_session0_lamp,30,2,30.066666666666666,-0.15075957775115967,-0.07188464777693299
COHFACE_s32_session0_lamp,30,3,30.1,0.18794021010398865,-0.0677140150551845
COHFACE_s32_session0_lamp,30,4,30.133333333333333,0.3814123272895813,-0.02111241434173306
COHFACE_s32_session0_lamp,30,5,30.166666666666668,0.49933645129203796,0.06350409345706691
COHFACE_s32_session0_lamp,30,6,30.2,0.5613099336624146,0.17161098691811766
COHFACE_s32_session0_lamp,30,7,30.233333333333334,0.5291263461112976,0.28251645447977336
COHFACE_s32_session0_lamp,30,8,30.266666666666666,0.48671936988830566,0.37525161484010355
COHFACE_s32_session0_lamp,30,9,30.3,0.5112740397453308,0.434206350690213
COHFACE_s32_session0_lamp,30,10,30.333333333333332,0.5545458197593689,0.45253549214959254
COHFACE_s32_session0_lamp,30,11,30.366666666666667,0.5497121214866638,0.43247409947751336
COHFACE_s32_session0_lamp,30,12,30.4,0.49491968750953674,0.3829714614388238
COHFACE_s32_session0_lamp,30,13,30.433333333333334,0.41004398465156555,0.315915801073899
COHFACE_s32_session0_lamp,30,14,30.466666666666665,0.313663125038147,0.2424156732871434
COHFACE_s32_session0_lamp,30,15,30.5,0.21448703110218048,0.17019871114078847
COHFACE_s32_session0_lamp,30,16,30.533333333333335,0.10868581384420395,0.10250371825215053
COHFACE_s32_session0_lamp,30,17,30.566666666666666,0.012011517770588398,0.03830686086985076
COHFACE_s32_session0_lamp,30,18,30.6,-0.07627712935209274,-0.026440956245919398
COHFACE_s32_session0_lamp,30,19,30.633333333333333,-0.16408704221248627,-0.09688385112968467
COHFACE_s32_session0_lamp,30,20,30.666666666666668,-0.2566843330860138,-0.1770549428801622
COHFACE_s32_session0_lamp,30,21,30.7,-0.3408651053905487,-0.2679789112786268
COHFACE_s32_session0_lamp,30,22,30.733333333333334,-0.4252157509326935,-0.36669752115923343
COHFACE_s32_session0_lamp,30,23,30.766666666666666,-0.5070182681083679,-0.4665697815497809
COHFACE_s32_session0_lamp,30,24,30.8,-0.5890060663223267,-0.5586948538385449
COHFACE_s32_session0_lamp,30,25,30.833333333333332,-0.6630715727806091,-0.6339010959891841
COHFACE_s32_session0_lamp,30,26,30.866666666666667,-0.735453724861145,-0.68468049521782
COHFACE_s32_session0_lamp,30,27,30.9,-0.8058746457099915,-0.7065234823773405
COHFACE_s32_session0_lamp,30,28,30.933333333333334,-0.7519470453262329,-0.6981472637957864
COHFACE_s32_session0_lamp,30,29,30.966666666666665,-0.3831022083759308,-0.6603930549037286
COHFACE_s32_session0_lamp,30,30,31.0,0.17858164012432098,-0.5942811608388225
COHFACE_s32_session0_lamp,30,31,31.033333333333335,0.641969621181488,-0.4994191514990953
COHFACE_s32_session0_lamp,30,32,31.066666666666666,0.9623229503631592,-0.3740262603077815
COHFACE_s32_session0_lamp,30,33,31.1,1.2124714851379395,-0.21698105104953916
COHFACE_s32_session0_lamp,30,34,31.133333333333333,1.3829333782196045,-0.03088954545889671
COHFACE_s32_session0_lamp,30,35,31.166666666666668,1.4324904680252075,0.17570334689949807
COHFACE_s32_session0_lamp,30,36,31.2,1.3907475471496582,0.38839312625310485
COHFACE_s32_session0_lamp,30,37,31.233333333333334,1.3597685098648071,0.5894078004611933
COHFACE_s32_session0_lamp,30,38,31.266666666666666,1.3664863109588623,0.7614202975855001
COHFACE_s32_session0_lamp,30,39,31.3,1.3604943752288818,0.8910639609139124
COHFACE_s32_session0_lamp,30,40,31.333333333333332,1.3160489797592163,0.9708334998567657
COHFACE_s32_session0_lamp,30,41,31.366666666666667,1.220733642578125,0.9989366903983815
COHFACE_s32_session0_lamp,30,42,31.4,1.0945628881454468,0.9776448958380127
COHFACE_s32_session0_lamp,30,43,31.433333333333334,0.9607168436050415,0.9112423193871962
COHFACE_s32_session0_lamp,30,44,31.466666666666665,0.8394724726676941,0.8045320155944626
COHFACE_s32_session0_lamp,30,45,31.5,0.716467559337616,0.662246277891719
COHFACE_s32_session0_lamp,30,46,31.533333333333335,0.5885980129241943,0.48911217048211914
COHFACE_s32_session0_lamp,30,47,31.566666666666666,0.48102083802223206,0.2901641341004633
COHFACE_s32_session0_lamp,30,48,31.6,0.37511152029037476,0.07120552235559201
COHFACE_s32_session0_lamp,30,49,31.633333333333333,0.2639206349849701,-0.16043672811239823
COHFACE_s32_session0_lamp,30,50,31.666666666666668,0.15171051025390625,-0.39497079278223696
COHFACE_s32_session0_lamp,30,51,31.7,0.03449678421020508,-0.6195511569006066
COHFACE_s32_session0_lamp,30,52,31.733333333333334,-0.0806475505232811,-0.8186670522852851
COHFACE_s32_session0_lamp,30,53,31.766666666666666,-0.18995437026023865,-0.975740684959727
COHFACE_s32_session0_lamp,30,54,31.8,-0.29981714487075806,-1.0755555559715615
COHFACE_s32_session0_lamp,30,55,31.833333333333332,-0.4038578271865845,-1.1067853125348956
COHFACE_s32_session0_lamp,30,56,31.866666666666667,-0.4866332709789276,-1.0640344906536015
COHFACE_s32_session0_lamp,30,57,31.9,-0.4131855070590973,-0.9490353536612889
COHFACE_s32_session0_lamp,30,58,31.933333333333334,-0.004481796640902758,-0.7706498194966489
COHFACE_s32_session0_lamp,30,59,31.966666666666665,0.5870228409767151,-0.5435127319405367
COHFACE_s32_session0_lamp,30,60,32.0,1.1079521179199219,-0.2857866341784751
COHFACE_s32_session0_lamp,30,61,32.03333333333333,1.500625729560852,-0.016876637198592843
COHFACE_s32_session0_lamp,30,62,32.06666666666667,1.7897838354110718,0.24446714353896687
COHFACE_s32_session0_lamp,30,63,32.1,1.9970158338546753,0.4817696126422174
COHFACE_s32_session0_lamp,30,64,32.13333333333333,2.0677146911621094,0.6821903058441958
COHFACE_s32_session0_lamp,30,65,32.166666666666664,2.0137717723846436,0.8372888391286172
COHFACE_s32_session0_lamp,30,66,32.2,1.9433199167251587,0.9429026972104066
COHFACE_s32_session0_lamp,30,67,32.233333333333334,1.9140087366104126,0.9982378257919872
COHFACE_s32_session0_lamp,30,68,32.266666666666666,1.8736402988433838,1.0046386928282394
COHFACE_s32_session0_lamp,30,69,32.3,1.7751437425613403,0.9646042463692035
COHFACE_s32_session0_lamp,30,70,32.333333333333336,1.6353366374969482,0.8814133368758444
COHFACE_s32_session0_lamp,30,71,32.36666666666667,1.472611904144287,0.7593659783305834
COHFACE_s32_session0_lamp,30,72,32.4,1.301424264907837,0.6043272295242098
COHFACE_s32_session0_lamp,30,73,32.43333333333333,1.1285223960876465,0.42406790195964966
COHFACE_s32_session0_lamp,30,74,32.46666666666667,0.9583694934844971,0.22789587652272142
COHFACE_s32_session0_lamp,30,75,32.5,0.7973125576972961,0.0253811845756875
COHFACE_s32_session0_lamp,30,76,32.53333333333333,0.6430352330207825,-0.1754454861077022
COHFACE_s32_session0_lamp,30,77,32.56666666666667,0.4978075623512268,-0.36956240623417486
COHFACE_s32_session0_lamp,30,78,32.6,0.3440707325935364,-0.5552280011265471
COHFACE_s32_session0_lamp,30,79,32.63333333333333,0.19065819680690765,-0.7327005557104899
COHFACE_s32_session0_lamp,30,80,32.666666666666664,0.052719734609127045,-0.9018028082870797
COHFACE_s32_session0_lamp,30,81,32.7,-0.07252443581819534,-1.0591978111058433
COHFACE_s32_session0_lamp,30,82,32.733333333333334,-0.2039613276720047,-1.1962018986372982
COHFACE_s32_session0_lamp,30,83,32.766666666666666,-0.3244335651397705,-1.2978572763217429
COHFACE_s32_session0_lamp,30,84,32.8,-0.4437166750431061,-1.3441067498947314
COHFACE_s32_session0_lamp,30,85,32.833333333333336,-0.5617642998695374,-1.3136368093008781
COHFACE_s32_session0_lamp,30,86,32.86666666666667,-0.611244261264801,-1.1898056680572577
COHFACE_s32_session0_lamp,30,87,32.9,-0.4127222001552582,-0.9667328126001585
COHFACE_s32_session0_lamp,30,88,32.93333333333333,0.12063883244991302,-0.6531379717135111
COHFACE_s32_session0_lamp,30,89,32.96666666666667,0.7367289662361145,-0.2723057052948703
COHFACE_s32_session0_lamp,30,90,33.0,1.2297987937927246,0.14176893446376398
COHFACE_s32_session0_lamp,30,91,33.03333333333333,1.6016860008239746,0.5505338925770955
COHFACE_s32_session0_lamp,30,92,33.06666666666667,1.8653472661972046,0.9174068683302886
COHFACE_s32_session0_lamp,30,93,33.1,1.9914100170135498,1.2131165394716386
COHFACE_s32_session0_lamp,30,94,33.13333333333333,1.954871416091919,1.4188435618661472
COHFACE_s32_session0_lamp,30,95,33.166666666666664,1.8446688652038574,1.5268530349523897
COHFACE_s32_session0_lamp,30,96,33.2,1.7684259414672852,1.539183997721602
COHFACE_s32_session0_lamp,30,97,33.233333333333334,1.728103756904602,1.465433365965609
COHFACE_s32_session0_lamp,30,98,33.266666666666666,1.6598912477493286,1.320372373941144
COHFACE_s32_session0_lamp,30,99,33.3,1.5277440547943115,1.121606481177901
COHFACE_s32_session0_lamp,30,100,33.333333333333336,1.347630262374878,0.8873782033954077
COHFACE_s32_session0_lamp,30,101,33.36666666666667,1.1617252826690674,0.6348211192579245
COHFACE_s32_session0_lamp,30,102,33.4,0.9795729517936707,0.3790442390545695
COHFACE_s32_session0_lamp,30,103,33.43333333333333,0.8018991947174072,0.13307443920606096
COHFACE_s32_session0_lamp,30,104,33.46666666666667,0.6455678939819336,-0.09194082715665887
COHFACE_s32_session0_lamp,30,105,33.5,0.5017301440238953,-0.2871106658146911
COHFACE_s32_session0_lamp,30,106,33.53333333333333,0.36118176579475403,-0.44704762700446526
COHFACE_s32_session0_lamp,30,107,33.56666666666667,0.23102666437625885,-0.5714367238869007
COHFACE_s32_session0_lamp,30,108,33.6,0.09004589915275574,-0.6659602322359409
COHFACE_s32_session0_lamp,30,109,33.63333333333333,-0.055058203637599945,-0.7417293122037104
COHFACE_s32_session0_lamp,30,110,33.666666666666664,-0.18495076894760132,-0.8128175082257423
COHFACE_s32_session0_lamp,30,111,33.7,-0.2987978756427765,-0.8921012108336269
COHFACE_s32_session0_lamp,30,112,33.733333333333334,-0.41219714283943176,-0.98626578066275
COHFACE_s32_session0_lamp,30,113,33.766666666666666,-0.5166856646537781,-1.0913998566856362
COHFACE_s32_session0_lamp,30,114,33.8,-0.62171471118927,-1.1908722150708986
COHFACE_s32_session0_lamp,30,115,33.833333333333336,-0.7199024558067322,-1.2568872885554174
COHFACE_s32_session0_lamp,30,116,33.86666666666667,-0.7879450917243958,-1.2561229656448984
COHFACE_s32_session0_lamp,30,117,33.9,-0.6616507768630981,-1.1584125811638493
COHFACE_s32_session0_lamp,30,118,33.93333333333333,-0.18515153229236603,-0.946084986168249
COHFACE_s32_session0_lamp,30,119,33.96666666666667,0.4559565484523773,-0.6209810173176231
COHFACE_s32_session0_lamp,30,120,34.0,1.012513279914856,-0.2067154164930057
COHFACE_s32_session0_lamp,30,121,34.03333333333333,1.4056193828582764,0.2547513619624048
COHFACE_s32_session0_lamp,30,122,34.06666666666667,1.6770795583724976,0.711320141101691
COHFACE_s32_session0_lamp,30,123,34.1,1.8131803274154663,1.1113118276377487
COHFACE_s32_session0_lamp,30,124,34.13333333333333,1.7862937450408936,1.413310286237672
COHFACE_s32_session0_lamp,30,125,34.166666666666664,1.6739445924758911,1.5926664983280883
COHFACE_s32_session0_lamp,30,126,34.2,1.60224187374115,1.6433838898675228
COHFACE_s32_session0_lamp,30,127,34.233333333333334,1.571309208869934,1.5757757183913135
COHFACE_s32_session0_lamp,30,128,34.266666666666666,1.5127023458480835,1.4115697589474396
COHFACE_s32_session0_lamp,30,129,34.3,1.4011716842651367,1.178444131779582
COHFACE_s32_session0_lamp,30,130,34.333333333333336,1.2413811683654785,0.905279377194121
COHFACE_s32_session0_lamp,30,131,34.36666666666667,1.065792202949524,0.6184757195969296
COHFACE_s32_session0_lamp,30,132,34.4,0.8904812335968018,0.33927895940613884
COHFACE_s32_session0_lamp,30,133,34.43333333333333,0.7228455543518066,0.08217896302028879
COHFACE_s32_session0_lamp,30,134,34.46666666666667,0.5638271570205688,-0.14536941201768933
COHFACE_s32_session0_lamp,30,135,34.5,0.41625213623046875,-0.34181326764534936
COHFACE_s32_session0_lamp,30,136,34.53333333333333,0.28220537304878235,-0.5093996083542036
COHFACE_s32_session0_lamp,30,137,34.56666666666667,0.14852921664714813,-0.6519258645134727
COHFACE_s32_session0_lamp,30,138,34.6,0.009525165893137455,-0.7729615408853499
COHFACE_s32_session0_lamp,30,139,34.63333333333333,-0.1172633245587349,-0.8746661991387332
COHFACE_s32_session0_lamp,30,140,34.666666666666664,-0.237148717045784,-0.9570477109220907
COHFACE_s32_session0_lamp,30,141,34.7,-0.3542543351650238,-1.0175631896102384
COHFACE_s32_session0_lamp,30,142,34.733333333333334,-0.4618932902812958,-1.0511907655638462
COHFACE_s32_session0_lamp,30,143,34.766666666666666,-0.5661965012550354,-1.0512193603259035
COHFACE_s32_session0_lamp,30,144,34.8,-0.6719822883605957,-1.0108342752458916
COHFACE_s32_session0_lamp,30,145,34.833333333333336,-0.7643788456916809,-0.9251864501785423
COHFACE_s32_session0_lamp,30,146,34.86666666666667,-0.8502737879753113,-0.7932533374111513
COHFACE_s32_session0_lamp,30,147,34.9,-0.8438185453414917,-0.6186732571443451
COHFACE_s32_session0_lamp,30,148,34.93333333333333,-0.5473403930664062,-0.40905231469800346
COHFACE_s32_session0_lamp,30,149,34.96666666666667,0.054603803902864456,-0.17407022908907496
COHFACE_s32_session0_lamp,30,150,35.0,0.6807937622070312,0.07634638520453547
COHFACE_s32_session0_lamp,30,151,35.03333333333333,1.154791235923767,0.33246404390841056
COHFACE_s32_session0_lamp,30,152,35.06666666666667,1.4847811460494995,0.5837203395354121
COHFACE_s32_session0_lamp,30,153,35.1,1.6889244318008423,0.8175101340891696
COHFACE_s32_session0_lamp,30,154,35.13333333333333,1.73270583152771,1.0191950650480839
COHFACE_s32_session0_lamp,30,155,35.166666666666664,1.6161870956420898,1.1738152609046777
COHFACE_s32_session0_lamp,30,156,35.2,1.4923481941223145,1.2688510893798959
COHFACE_s32_session0_lamp,30,157,35.233333333333334,1.432984709739685,1.296763281447872
COHFACE_s32_session0_lamp,30,158,35.266666666666666,1.3793041706085205,1.2562228283890624
COHFACE_s32_session0_lamp,30,159,35.3,1.2864134311676025,1.1517312384593377
COHFACE_s32_session0_lamp,30,160,35.333333333333336,1.1507296562194824,0.9921976520701073
COHFACE_s32_session0_lamp,30,161,35.36666666666667,0.9754804968833923,0.7893826165619633
COHFACE_s32_session0_lamp,30,162,35.4,0.8037986755371094,0.5567149456881507
COHFACE_s32_session0_lamp,30,163,35.43333333333333,0.6323639750480652,0.30829188760889686
COHFACE_s32_session0_lamp,30,164,35.46666666666667,0.4538717269897461,0.05755018360764532
COHFACE_s32_session0_lamp,30,165,35.5,0.3015865385532379,-0.18451982085286803
COHFACE_s32_session0_lamp,30,166,35.53333333333333,0.1730993092060089,-0.41092251737756547
COHFACE_s32_session0_lamp,30,167,35.56666666666667,0.04229559004306793,-0.6189111785802618
COHFACE_s32_session0_lamp,30,168,35.6,-0.08489442616701126,-0.8085438915565663
COHFACE_s32_session0_lamp,30,169,35.63333333333333,-0.21453990042209625,-0.9801753459737352
COHFACE_s32_session0_lamp,30,170,35.666666666666664,-0.35382193326950073,-1.1320144790405813
COHFACE_s32_session0_lamp,30,171,35.7,-0.4761473536491394,-1.2586084241588942
COHFACE_s32_session0_lamp,30,172,35.733333333333334,-0.5815470218658447,-1.3504669287845947
COHFACE_s32_session0_lamp,30,173,35.766666666666666,-0.6799200773239136,-1.3946871205162894
COHFACE_s32_session0_lamp,30,174,35.8,-0.781412661075592,-1.3766410797850948
COHFACE_s32_session0_lamp,30,175,35.833333333333336,-0.8883875608444214,-1.282910655459891
COHFACE_s32_session0_lamp,30,176,35.86666666666667,-0.9897874593734741,-1.1051274645850606
COHFACE_s32_session0_lamp,30,177,35.9,-1.056610107421875,-0.8436460558472767
COHFACE_s32_session0_lamp,30,178,35.93333333333333,-0.9441682696342468,-0.5097556835063137
COHFACE_s32_session0_lamp,30,179,35.96666666666667,-0.4885636568069458,-0.12552844600401286
COHFACE_s32_session0_lamp,30,180,36.0,0.1359584629535675,0.2788600977647517
COHFACE_s32_session0_lamp,30,181,36.03333333333333,0.6809173226356506,0.6697054735061881
COHFACE_s32_session0_lamp,30,182,36.06666666666667,1.0805250406265259,1.0150166393500124
COHFACE_s32_session0_lamp,30,183,36.1,1.340665340423584,1.2890087585989063
COHFACE_s32_session0_lamp,30,184,36.13333333333333,1.4479490518569946,1.4747537206016277
COHFACE_s32_session0_lamp,30,185,36.166666666666664,1.3620696067810059,1.5647138600115607
COHFACE_s32_session0_lamp,30,186,36.2,1.2138614654541016,1.5598486475293423
COHFACE_s32_session0_lamp,30,187,36.233333333333334,1.1444905996322632,1.468342445209102
COHFACE_s32_session0_lamp,30,188,36.266666666666666,1.121433973312378,1.3044158752646395
COHFACE_s32_session0_lamp,30,189,36.3,1.0622711181640625,1.086895049072221
COHFACE_s32_session0_lamp,30,190,36.333333333333336,0.9423239827156067,0.8370878886156886
COHFACE_s32_session0_lamp,30,191,36.36666666666667,0.7825643420219421,0.5760489404454794
COHFACE_s32_session0_lamp,30,192,36.4,0.6060642600059509,0.32191865279723636
COHFACE_s32_session0_lamp,30,193,36.43333333333333,0.43243658542633057,0.08806791699647719
COHFACE_s32_session0_lamp,30,194,36.46666666666667,0.2591486871242523,-0.1178263890725218
COHFACE_s32_session0_lamp,30,195,36.5,0.1083923950791359,-0.294088554464912
COHFACE_s32_session0_lamp,30,196,36.53333333333333,-0.028557710349559784,-0.4447253598896478
COHFACE_s32_session0_lamp,30,197,36.56666666666667,-0.15508367121219635,-0.5780372844197342
COHFACE_s32_session0_lamp,30,198,36.6,-0.282582551240921,-0.7039463564800096
COHFACE_s32_session0_lamp,30,199,36.63333333333333,-0.4025914967060089,-0.8304675752668343
COHFACE_s32_session0_lamp,30,200,36.666666666666664,-0.5167474746704102,-0.9601906272485408
COHFACE_s32_session0_lamp,30,201,36.7,-0.6358452439308167,-1.0877472183153827
COHFACE_s32_session0_lamp,30,202,36.733333333333334,-0.744796872138977,-1.199131846581961
COHFACE_s32_session0_lamp,30,203,36.766666666666666,-0.8447296619415283,-1.273457178966876
COHFACE_s32_session0_lamp,30,204,36.8,-0.9349023699760437,-1.2872074869096632
COHFACE_s32_session0_lamp,30,205,36.833333333333336,-1.034016728401184,-1.2202233949776955
COHFACE_s32_session0_lamp,30,206,36.86666666666667,-1.1272008419036865,-1.061714533943121
COHFACE_s32_session0_lamp,30,207,36.9,-1.135555624961853,-0.8142435018998573
COHFACE_s32_session0_lamp,30,208,36.93333333333333,-0.8672304153442383,-0.494330021197817
COHFACE_s32_session0_lamp,30,209,36.96666666666667,-0.2809610068798065,-0.1296948449023045
COHFACE_s32_session0_lamp,30,210,37.0,0.379651814699173,0.2456139401229227
COHFACE_s32_session0_lamp,30,211,37.03333333333333,0.918433427810669,0.5965298702447303
COHFACE_s32_session0_lamp,30,212,37.06666666666667,1.3149833679199219,0.8914924655493138
COHFACE_s32_session0_lamp,30,213,37.1,1.5660121440887451,1.1057808554925466
COHFACE_s32_session0_lamp,30,214,37.13333333333333,1.640587329864502,1.2237599530750523
COHFACE_s32_session0_lamp,30,215,37.166666666666664,1.5301685333251953,1.240165073109349
COHFACE_s32_session0_lamp,30,216,37.2,1.3861145973205566,1.1603112116263408
COHFACE_s32_session0_lamp,30,217,37.233333333333334,1.3022581338882446,0.9990103248146033
COHFACE_s32_session0_lamp,30,218,37.266666666666666,1.2345707416534424,0.7782517975750823
COHFACE_s32_session0_lamp,30,219,37.3,1.1391319036483765,0.5241591027201005
COHFACE_s32_session0_lamp,30,220,37.333333333333336,0.9972245097160339,0.2639766342334277
COHFACE_s32_session0_lamp,30,221,37.36666666666667,0.8142691850662231,0.023555592366090897
COHFACE_s32_session0_lamp,30,222,37.4,0.6192681789398193,-0.1748577419126693
COHFACE_s32_session0_lamp,30,223,37.43333333333333,0.446706086397171,-0.31499461130353584
COHFACE_s32_session0_lamp,30,224,37.46666666666667,0.28245246410369873,-0.3889601708596607
COHFACE_s32_session0_lamp,30,225,37.5,0.11511017382144928,-0.3987133921639118
COHFACE_s32_session0_lamp,30,226,37.53333333333333,-0.020650804042816162,-0.35559039469339876
COHFACE_s32_session0_lamp,30,227,37.56666666666667,-0.1465744823217392,-0.27758382138199406
COHFACE_s32_session0_lamp,30,228,37.6,-0.2912924885749817,-0.1851848250279436
COHFACE_s32_session0_lamp,30,229,37.63333333333333,-0.43185630440711975,-0.09721179979071559
COHFACE_s32_session0_lamp,30,230,37.666666666666664,-0.5630769729614258,-0.027747290568872388
COHFACE_s32_session0_lamp,30,231,37.7,-0.6853715181350708,0.015453188865593815
COHFACE_s32_session0_lamp,30,232,37.733333333333334,-0.790215253829956,0.031230437016989368
COHFACE_s32_session0_lamp,30,233,37.766666666666666,-0.8820249438285828,0.024202431117562973
COHFACE_s32_session0_lamp,30,234,37.8,-0.9794250726699829,0.002971114511950244
COHFACE_s32_session0_lamp,30,235,37.833333333333336,-1.0739372968673706,-0.02248453570075909
COHFACE_s32_session0_lamp,30,236,37.86666666666667,-1.1440647840499878,-0.043710488062045895
COHFACE_s32_session0_lamp,30,237,37.9,-1.046788215637207,-0.056119155817609574
COHFACE_s32_session0_lamp,30,238,37.93333333333333,-0.5762500166893005,-0.05998741608934801
COHFACE_s32_session0_lamp,30,239,37.96666666666667,0.15824297070503235,-0.05979155489406628
COHFACE_s32_session0_lamp,31,0,31.0,0.17858164012432098,0.05482360822922369
COHFACE_s32_session0_lamp,31,1,31.033333333333335,0.641969621181488,-0.010796286375555016
COHFACE_s32_session0_lamp,31,2,31.066666666666666,0.9623229503631592,-0.050392617528096914
COHFACE_s32_session0_lamp,31,3,31.1,1.2124714851379395,-0.046324739581579864
COHFACE_s32_session0_lamp,31,4,31.133333333333333,1.3829333782196045,0.00453518831214647
COHFACE_s32_session0_lamp,31,5,31.166666666666668,1.4324904680252075,0.09042801657682367
COHFACE_s32_session0_lamp,31,6,31.2,1.3907475471496582,0.18978865489967023
COHFACE_s32_session0_lamp,31,7,31.233333333333334,1.3597685098648071,0.2794222129258516
COHFACE_s32_session0_lamp,31,8,31.266666666666666,1.3664863109588623,0.34207911987041617
COHFACE_s32_session0_lamp,31,9,31.3,1.3604943752288818,0.3703722733836743
COHFACE_s32_session0_lamp,31,10,31.333333333333332,1.3160489797592163,0.36622042836002744
COHFACE_s32_session0_lamp,31,11,31.366666666666667,1.220733642578125,0.3372409995244618
COHFACE_s32_session0_lamp,31,12,31.4,1.0945628881454468,0.2923478580801433
COHFACE_s32_session0_lamp,31,13,31.433333333333334,0.9607168436050415,0.23835163194265904
COHFACE_s32_session0_lamp,31,14,31.466666666666665,0.8394724726676941,0.17842963695287564
COHFACE_s32_session0_lamp,31,15,31.5,0.716467559337616,0.11240276941703585
COHFACE_s32_session0_lamp,31,16,31.533333333333335,0.5885980129241943,0.0380874110768816
COHFACE_s32_session0_lamp,31,17,31.566666666666666,0.48102083802223206,-0.0471218107343408
COHFACE_s32_session0_lamp,31,18,31.6,0.37511152029037476,-0.1448419397202153
COHFACE_s32_session0_lamp,31,19,31.633333333333333,0.2639206349849701,-0.25441781098111055
COHFACE_s32_session0_lamp,31,20,31.666666666666668,0.15171051025390625,-0.37174906927943857
COHFACE_s32_session0_lamp,31,21,31.7,0.03449678421020508,-0.4886016698345294
COHFACE_s32_session0_lamp,31,22,31.733333333333334,-0.0806475505232811,-0.5930471336424409
COHFACE_s32_session0_lamp,31,23,31.766666666666666,-0.18995437026023865,-0.6714042613602179
COHFACE_s32_session0_lamp,31,24,31.8,-0.29981714487075806,-0.7112547579111373
COHFACE_s32_session0_lamp,31,25,31.833333333333332,-0.4038578271865845,-0.704391570745946
COHFACE_s32_session0_lamp,31,26,31.866666666666667,-0.4866332709789276,-0.6485323306514796
COHFACE_s32_session0_lamp,31,27,31.9,-0.4131855070590973,-0.5472087852980118
COHFACE_s32_session0_lamp,31,28,31.933333333333334,-0.004481796640902758,-0.408029066580852
COHFACE_s32_session0_lamp,31,29,31.966666666666665,0.5870228409767151,-0.2402497022025436
COHFACE_s32_session0_lamp,31,30,32.0,1.1079521179199219,-0.05299599203379271
COHFACE_s32_session0_lamp,31,31,32.03333333333333,1.500625729560852,0.14495596998679042
COHFACE_s32_session0_lamp,31,32,32.06666666666667,1.7897838354110718,0.344163267526552
COHFACE_s32_session0_lamp,31,33,32.1,1.9970158338546753,0.5336159416778697
COHFACE_s32_session0_lamp,31,34,32.13333333333333,2.0677146911621094,0.7011587219454815
COHFACE_s32_session0_lamp,31,35,32.166666666666664,2.0137717723846436,0.8353590490694872
COHFACE_s32_session0_lamp,31,36,32.2,1.9433199167251587,0.9278224027236371
COHFACE_s32_session0_lamp,31,37,32.233333333333334,1.9140087366104126,0.9745978974689223
COHFACE_s32_session0_lamp,31,38,32.266666666666666,1.8736402988433838,0.9759560795270009
COHFACE_s32_session0_lamp,31,39,32.3,1.7751437425613403,0.9348495371025605
COHFACE_s32_session0_lamp,31,40,32.333333333333336,1.6353366374969482,0.8550023392081569
COHFACE_s32_session0_lamp,31,41,32.36666666666667,1.472611904144287,0.739570779388185
COHFACE_s32_session0_lamp,31,42,32.4,1.301424264907837,0.5908600845097084
COHFACE_s32_session0_lamp,31,43,32.43333333333333,1.1285223960876465,0.4110197716689486
COHFACE_s32_session0_lamp,31,44,32.46666666666667,0.9583694934844971,0.20326886701459101
COHFACE_s32_session0_lamp,31,45,32.5,0.7973125576972961,-0.02691795862415712
COHFACE_s32_session0_lamp,31,46,32.53333333333333,0.6430352330207825,-0.2711654925249391
COHFACE_s32_session0_lamp,31,47,32.56666666666667,0.4978075623512268,-0.5183851659067039
COHFACE_s32_session0_lamp,31,48,32.6,0.3440707325935364,-0.7557749437832175
COHFACE_s32_session0_lamp,31,49,32.63333333333333,0.19065819680690765,-0.970292897611416
COHFACE_s32_session0_lamp,31,50,32.666666666666664,0.052719734609127045,-1.1500443493551014
COHFACE_s32_session0_lamp,31,51,32.7,-0.07252443581819534,-1.2849921142695162
COHFACE_s32_session0_lamp,31,52,32.733333333333334,-0.2039613276720047,-1.3666556281302351
COHFACE_s32_session0_lamp,31,53,32.766666666666666,-0.3244335651397705,-1.3871024635507636
COHFACE_s32_session0_lamp,31,54,32.8,-0.4437166750431061,-1.338319405764057
COHFACE_s32_session0_lamp,31,55,32.833333333333336,-0.5617642998695374,-1.2132188058776168
COHFACE_s32_session0_lamp,31,56,32.86666666666667,-0.611244261264801,-1.0086150464829615
COHFACE_s32_session0_lamp,31,57,32.9,-0.4127222001552582,-0.7290363552875226
COHFACE_s32_session0_lamp,31,58,32.93333333333333,0.12063883244991302,-0.38926708529120013
COHFACE_s32_session0_lamp,31,59,32.96666666666667,0.7367289662361145,-0.013881575098831611
COHFACE_s32_session0_lamp,31,60,33.0,1.2297987937927246,0.3663367145567676
COHFACE_s32_session0_lamp,31,61,33.03333333333333,1.6016860008239746,0.7196352949996955
COHFACE_s32_session0_lamp,31,62,33.06666666666667,1.8653472661972046,1.0184037465442106
COHFACE_s32_session0_lamp,31,63,33.1,1.9914100170135498,1.2428839868100878
COHFACE_s32_session0_lamp,31,64,33.13333333333333,1.954871416091919,1.3827779429521367
COHFACE_s32_session0_lamp,31,65,33.166666666666664,1.8446688652038574,1.436709965182364
COHFACE_s32_session0_lamp,31,66,33.2,1.7684259414672852,1.41034110571991
COHFACE_s32_session0_lamp,31,67,33.233333333333334,1.728103756904602,1.3142830870364135
COHFACE_s32_session0_lamp,31,68,33.266666666666666,1.6598912477493286,1.162396863762786
COHFACE_s32_session0_lamp,31,69,33.3,1.5277440547943115,0.9703352373200127
COHFACE_s32_session0_lamp,31,70,33.333333333333336,1.347630262374878,0.7541190600834704
COHFACE_s32_session0_lamp,31,71,33.36666666666667,1.1617252826690674,0.5288827491127359
COHFACE_s32_session0_lamp,31,72,33.4,0.9795729517936707,0.30805311145892345
COHFACE_s32_session0_lamp,31,73,33.43333333333333,0.8018991947174072,0.10293621621428943
COHFACE_s32_session0_lamp,31,74,33.46666666666667,0.6455678939819336,-0.0777445274441207
COHFACE_s32_session0_lamp,31,75,33.5,0.5017301440238953,-0.2288061071204359
COHFACE_s32_session0_lamp,31,76,33.53333333333333,0.36118176579475403,-0.34983884846011665
COHFACE_s32_session0_lamp,31,77,33.56666666666667,0.23102666437625885,-0.4458475144613911
COHFACE_s32_session0_lamp,31,78,33.6,0.09004589915275574,-0.5265228539310158
COHFACE_s32_session0_lamp,31,79,33.63333333333333,-0.055058203637599945,-0.6040591012802164
COHFACE_s32_session0_lamp,31,80,33.666666666666664,-0.18495076894760132,-0.6901270162190519
COHFACE_s32_session0_lamp,31,81,33.7,-0.2987978756427765,-0.7927926253034447
COHFACE_s32_session0_lamp,31,82,33.733333333333334,-0.41219714283943176,-0.9138080194528184
COHFACE_s32_session0_lamp,31,83,33.766666666666666,-0.5166856646537781,-1.0464400655226016
COHFACE_s32_session0_lamp,31,84,33.8,-0.62171471118927,-1.1743352565663947
COHFACE_s32_session0_lamp,31,85,33.833333333333336,-0.7199024558067322,-1.2724149074468163
COHFACE_s32_session0_lamp,31,86,33.86666666666667,-0.7879450917243958,-1.3106916581101407
COHFACE_s32_session0_lamp,31,87,33.9,-0.6616507768630981,-1.260847121276692
COHFACE_s32_session0_lamp,31,88,33.93333333333333,-0.18515153229236603,-1.1038315009343418
COHFACE_s32_session0_lamp,31,89,33.96666666666667,0.4559565484523773,-0.8358755798631181
COHFACE_s32_session0_lamp,31,90,34.0,1.012513279914856,-0.47095608921938653
COHFACE_s32_session0_lamp,31,91,34.03333333333333,1.4056193828582764,-0.039217418103032683
COHFACE_s32_session0_lamp,31,92,34.06666666666667,1.6770795583724976,0.4179792294967932
COHFACE_s32_session0_lamp,31,93,34.1,1.8131803274154663,0.8550915745172045
COHFACE_s32_session0_lamp,31,94,34.13333333333333,1.7862937450408936,1.2299498841791907
COHFACE_s32_session0_lamp,31,95,34.166666666666664,1.6739445924758911,1.5101979609946423
COHFACE_s32_session0_lamp,31,96,34.2,1.60224187374115,1.677211464802914
COHFACE_s32_session0_lamp,31,97,34.233333333333334,1.571309208869934,1.7268104867622294
COHFACE_s32_session0_lamp,31,98,34.266666666666666,1.5127023458480835,1.6672231224027652
COHFACE_s32_session0_lamp,31,99,34.3,1.4011716842651367,1.5155366813967774
COHFACE_s32_session0_lamp,31,100,34.333333333333336,1.2413811683654785,1.2937512971996485
COHFACE_s32_session0_lamp,31,101,34.36666666666667,1.065792202949524,1.0250425026139696
COHFACE_s32_session0_lamp,31,102,34.4,0.8904812335968018,0.7306318714275145
COHFACE_s32_session0_lamp,31,103,34.43333333333333,0.7228455543518066,0.42768561393254
COHFACE_s32_session0_lamp,31,104,34.46666666666667,0.5638271570205688,0.12853467943189656
COHFACE_s32_session0_lamp,31,105,34.5,0.41625213623046875,-0.15884512409245335
COHFACE_s32_session0_lamp,31,106,34.53333333333333,0.28220537304878235,-0.4295587104221642
COHFACE_s32_session0_lamp,31,107,34.56666666666667,0.14852921664714813,-0.6803469009433545
COHFACE_s32_session0_lamp,31,108,34.6,0.009525165893137455,-0.9083549175821193
COHFACE_s32_session0_lamp,31,109,34.63333333333333,-0.1172633245587349,-1.1100600341787998
COHFACE_s32_session0_lamp,31,110,34.666666666666664,-0.237148717045784,-1.2800575092888633
COHFACE_s32_session0_lamp,31,111,34.7,-0.3542543351650238,-1.4096829772795276
COHFACE_s32_session0_lamp,31,112,34.733333333333334,-0.4618932902812958,-1.4861798991233777
COHFACE_s32_session0_lamp,31,113,34.766666666666666,-0.5661965012550354,-1.4936258818751875
COHFACE_s32_session0_lamp,31,114,34.8,-0.6719822883605957,-1.4164479242641987
COHFACE_s32_session0_lamp,31,115,34.833333333333336,-0.7643788456916809,-1.2450676857611134
COHFACE_s32_session0_lamp,31,116,34.86666666666667,-0.8502737879753113,-0.9816635618208924
COHFACE_s32_session0_lamp,31,117,34.9,-0.8438185453414917,-0.6432697677746668
COHFACE_s32_session0_lamp,31,118,34.93333333333333,-0.5473403930664062,-0.2601906898573292
COHFACE_s32_session0_lamp,31,119,34.96666666666667,0.054603803902864456,0.13024081260648113
COHFACE_s32_session0_lamp,31,120,35.0,0.6807937622070312,0.49222017106584304
COHFACE_s32_session0_lamp,31,121,35.03333333333333,1.154791235923767,0.7988048701939261
COHFACE_s32_session0_lamp,31,122,35.06666666666667,1.4847811460494995,1.0352310709262351
COHFACE_s32_session0_lamp,31,123,35.1,1.6889244318008423,1.1976462999003528
COHFACE_s32_session0_lamp,31,124,35.13333333333333,1.73270583152771,1.2890564319374325
COHFACE_s32_session0_lamp,31,125,35.166666666666664,1.6161870956420898,1.3152534301523482
COHFACE_s32_session0_lamp,31,126,35.2,1.4923481941223145,1.2825032474204234
COHFACE_s32_session0_lamp,31,127,35.233333333333334,1.432984709739685,1.1970472837738604
COHFACE_s32_session0_lamp,31,128,35.266666666666666,1.3793041706085205,1.065518358668048
COHFACE_s32_session0_lamp,31,129,35.3,1.2864134311676025,0.8954508509085524
COHFACE_s32_session0_lamp,31,130,35.333333333333336,1.1507296562194824,0.6956003230605647
COHFACE_s32_session0_lamp,31,131,35.36666666666667,0.9754804968833923,0.47612908779418384
COHFACE_s32_session0_lamp,31,132,35.4,0.8037986755371094,0.24857690146030717
COHFACE_s32_session0_lamp,31,133,35.43333333333333,0.6323639750480652,0.025273078438025284
COHFACE_s32_session0_lamp,31,134,35.46666666666667,0.4538717269897461,-0.18205577884119034
COHFACE_s32_session0_lamp,31,135,35.5,0.3015865385532379,-0.3642106795959037
COHFACE_s32_session0_lamp,31,136,35.53333333333333,0.1730993092060089,-0.5161352622315436
COHFACE_s32_session0_lamp,31,137,35.56666666666667,0.04229559004306793,-0.6373626798447624
COHFACE_s32_session0_lamp,31,138,35.6,-0.08489442616701126,-0.7311623413942954
COHFACE_s32_session0_lamp,31,139,35.63333333333333,-0.21453990042209625,-0.8029874978116702
COHFACE_s32_session0_lamp,31,140,35.666666666666664,-0.35382193326950073,-0.8588418772531926
COHFACE_s32_session0_lamp,31,141,35.7,-0.4761473536491394,-0.9037019818580654
COHFACE_s32_session0_lamp,31,142,35.733333333333334,-0.5815470218658447,-0.939807993818304
COHFACE_s32_session0_lamp,31,143,35.766666666666666,-0.6799200773239136,-0.9648886967660268
COHFACE_s32_session0_lamp,31,144,35.8,-0.781412661075592,-0.9710735156893747
COHFACE_s32_session0_lamp,31,145,35.833333333333336,-0.8883875608444214,-0.9455839709028727
COHFACE_s32_session0_lamp,31,146,35.86666666666667,-0.9897874593734741,-0.8736906600665347
COHFACE_s32_session0_lamp,31,147,35.9,-1.056610107421875,-0.7432305087475314
COHFACE_s32_session0_lamp,31,148,35.93333333333333,-0.9441682696342468,-0.5490437796051602
COHFACE_s32_session0_lamp,31,149,35.96666666666667,-0.4885636568069458,-0.29566466343220665
COHFACE_s32_session0_lamp,31,150,36.0,0.1359584629535675,0.002488106790249525
COHFACE_s32_session0_lamp,31,151,36.03333333333333,0.6809173226356506,0.3231270579411909
COHFACE_s32_session0_lamp,31,152,36.06666666666667,1.0805250406265259,0.6395572846621528
COHFACE_s32_session0_lamp,31,153,36.1,1.340665340423584,0.9247028858061361
COHFACE_s32_session0_lamp,31,154,36.13333333333333,1.4479490518569946,1.1547016737148177
COHFACE_s32_session0_lamp,31,155,36.166666666666664,1.3620696067810059,1.3113533419278982
COHFACE_s32_session0_lamp,31,156,36.2,1.2138614654541016,1.3835539249118818
COHFACE_s32_session0_lamp,31,157,36.233333333333334,1.1444905996322632,1.3683069751867503
COHFACE_s32_session0_lamp,31,158,36.266666666666666,1.121433973312378,1.2712993395798593
COHFACE_s32_session0_lamp,31,159,36.3,1.0622711181640625,1.1062790144795525
COHFACE_s32_session0_lamp,31,160,36.333333333333336,0.9423239827156067,0.8926769719559174
COHFACE_s32_session0_lamp,31,161,36.36666666666667,0.7825643420219421,0.6518890091318783
COHFACE_s32_session0_lamp,31,162,36.4,0.6060642600059509,0.40347524193650297
COHFACE_s32_session0_lamp,31,163,36.43333333333333,0.43243658542633057,0.1624935978182142
COHFACE_s32_session0_lamp,31,164,36.46666666666667,0.2591486871242523,-0.061729505481120085
COHFACE_s32_session0_lamp,31,165,36.5,0.1083923950791359,-0.26579798464983345
COHFACE_s32_session0_lamp,31,166,36.53333333333333,-0.028557710349559784,-0.45154987474934705
COHFACE_s32_session0_lamp,31,167,36.56666666666667,-0.15508367121219635,-0.6240915439078512
COHFACE_s32_session0_lamp,31,168,36.6,-0.282582551240921,-0.7884327301860802
COHFACE_s32_session0_lamp,31,169,36.63333333333333,-0.4025914967060089,-0.9454606996348821
COHFACE_s32_session0_lamp,31,170,36.666666666666664,-0.5167474746704102,-1.088739495038044
COHFACE_s32_session0_lamp,31,171,36.7,-0.6358452439308167,-1.203667439570949
COHFACE_s32_session0_lamp,31,172,36.733333333333334,-0.744796872138977,-1.2697406637005473
COHFACE_s32_session0_lamp,31,173,36.766666666666666,-0.8447296619415283,-1.2654955676158015
COHFACE_s32_session0_lamp,31,174,36.8,-0.9349023699760437,-1.1747320005890405
COHFACE_s32_session0_lamp,31,175,36.833333333333336,-1.034016728401184,-0.9921334262510151
COHFACE_s32_session0_lamp,31,176,36.86666666666667,-1.1272008419036865,-0.7264749481818025
COHFACE_s32_session0_lamp,31,177,36.9,-1.135555624961853,-0.4002683334105561
COHFACE_s32_session0_lamp,31,178,36.93333333333333,-0.8672304153442383,-0.04582033456270761
COHFACE_s32_session0_lamp,31,179,36.96666666666667,-0.2809610068798065,0.3010597668567851
COHFACE_s32_session0_lamp,31,180,37.0,0.379651814699173,0.6076036238133119
COHFACE_s32_session0_lamp,31,181,37.03333333333333,0.918433427810669,0.848912558269374
COHFACE_s32_session0_lamp,31,182,37.06666666666667,1.3149833679199219,1.010263006061373
COHFACE_s32_session0_lamp,31,183,37.1,1.5660121440887451,1.0872504268939225
COHFACE_s32_session0_lamp,31,184,37.13333333333333,1.640587329864502,1.084442437223043
COHFACE_s32_session0_lamp,31,185,37.166666666666664,1.5301685333251953,1.0130133484264046
COHFACE_s32_session0_lamp,31,186,37.2,1.3861145973205566,0.8878255281361216
COHFACE_s32_session0_lamp,31,187,37.233333333333334,1.3022581338882446,0.7246421404407949
COHFACE_s32_session0_lamp,31,188,37.266666666666666,1.2345707416534424,0.5382528454643845
COHFACE_s32_session0_lamp,31,189,37.3,1.1391319036483765,0.34200378728829656
COHFACE_s32_session0_lamp,31,190,37.333333333333336,0.9972245097160339,0.14853520507612697
COHFACE_s32_session0_lamp,31,191,37.36666666666667,0.8142691850662231,-0.029230552884003398
COHFACE_s32_session0_lamp,31,192,37.4,0.6192681789398193,-0.17814319905064044
COHFACE_s32_session0_lamp,31,193,37.43333333333333,0.446706086397171,-0.28670069383825103
COHFACE_s32_session0_lamp,31,194,37.46666666666667,0.28245246410369873,-0.34825676590758253
COHFACE_s32_session0_lamp,31,195,37.5,0.11511017382144928,-0.3639036341580407
COHFACE_s32_session0_lamp,31,196,37.53333333333333,-0.020650804042816162,-0.34322245769876725
COHFACE_s32_session0_lamp,31,197,37.56666666666667,-0.1465744823217392,-0.3021478382581645
COHFACE_s32_session0_lamp,31,198,37.6,-0.2912924885749817,-0.25881840794961586
COHFACE_s32_session0_lamp,31,199,37.63333333333333,-0.43185630440711975,-0.22922398683251885
COHFACE_s32_session0_lamp,31,200,37.666666666666664,-0.5630769729614258,-0.2240020581722478
COHFACE_s32_session0_lamp,31,201,37.7,-0.6853715181350708,-0.24668349262220546
COHFACE_s32_session0_lamp,31,202,37.733333333333334,-0.790215253829956,-0.2931748221496548
COHFACE_s32_session0_lamp,31,203,37.766666666666666,-0.8820249438285828,-0.3524766349709018
COHFACE_s32_session0_lamp,31,204,37.8,-0.9794250726699829,-0.40900627752130064
COHFACE_s32_session0_lamp,31,205,37.833333333333336,-1.0739372968673706,-0.44661767513632195
COHFACE_s32_session0_lamp,31,206,37.86666666666667,-1.1440647840499878,-0.45327439853727003
COHFACE_s32_session0_lamp,31,207,37.9,-1.046788215637207,-0.42427330237216876
COHFACE_s32_session0_lamp,31,208,37.93333333333333,-0.5762500166893005,-0.36210829142542394
COHFACE_s32_session0_lamp,31,209,37.96666666666667,0.15824297070503235,-0.27285405199626883
COHFACE_s32_session0_lamp,31,210,38.0,0.871903121471405,-0.1614380595586479
COHFACE_s32_session0_lamp,31,211,38.03333333333333,1.4401966333389282,-0.02927548908793959
COHFACE_s32_session0_lamp,31,212,38.06666666666667,1.8614556789398193,0.12385046830065496
COHFACE_s32_session0_lamp,31,213,38.1,2.143695116043091,0.2949305822762213
COHFACE_s32_session0_lamp,31,214,38.13333333333333,2.229574680328369,0.47352537515943555
COHFACE_s32_session0_lamp,31,215,38.166666666666664,2.1016433238983154,0.6415969061432752
COHFACE_s32_session0_lamp,31,216,38.2,1.9244638681411743,0.777888146857333
COHFACE_s32_session0_lamp,31,217,38.233333333333334,1.8114197254180908,0.8643028774460545
COHFACE_s32_session0_lamp,31,218,38.266666666666666,1.703904390335083,0.8909114187118845
COHFACE_s32_session0_lamp,31,219,38.3,1.5507698059082031,0.8575896565957635
COHFACE_s32_session0_lamp,31,220,38.333333333333336,1.3592897653579712,0.772408255192377
COHFACE_s32_session0_lamp,31,221,38.36666666666667,1.1419888734817505,0.6482923384175564
COHFACE_s32_session0_lamp,31,222,38.4,0.9231435656547546,0.49953492068983374
COHFACE_s32_session0_lamp,31,223,38.43333333333333,0.7173478007316589,0.33903392877336963
COHFACE_s32_session0_lamp,31,224,38.46666666666667,0.5180072784423828,0.17652694115367112
COHFACE_s32_session0_lamp,31,225,38.5,0.33726030588150024,0.017888597323404413
COHFACE_s32_session0_lamp,31,226,38.53333333333333,0.17041219770908356,-0.13446387615316358
COHFACE_s32_session0_lamp,31,227,38.56666666666667,0.009417063556611538,-0.2801354291364959
COHFACE_s32_session0_lamp,31,228,38.6,-0.14757828414440155,-0.4187113722650941
COHFACE_s32_session0_lamp,31,229,38.63333333333333,-0.3044964075088501,-0.5478449650137364
COHFACE_s32_session0_lamp,31,230,38.666666666666664,-0.4527354836463928,-0.6621979603886516
COHFACE_s32_session0_lamp,31,231,38.7,-0.5872455835342407,-0.7536414009754107
COHFACE_s32_session0_lamp,31,232,38.733333333333334,-0.7122735381126404,-0.8126932105877109
COHFACE_s32_session0_lamp,31,233,38.766666666666666,-0.8228621482849121,-0.8307799948041903
COHFACE_s32_session0_lamp,31,234,38.8,-0.9249415397644043,-0.802648500687106
COHFACE_s32_session0_lamp,31,235,38.833333333333336,-1.0235925912857056,-0.7281280496642482
COHFACE_s32_session0_lamp,31,236,38.86666666666667,-1.1191704273223877,-0.6125201913185856
COHFACE_s32_session0_lamp,31,237,38.9,-1.1444045305252075,-0.46535869952385484
COHFACE_s32_session0_lamp,31,238,38.93333333333333,-0.892943263053894,-0.29812060911967053
COHFACE_s32_session0_lamp,31,239,38.96666666666667,-0.25472304224967957,-0.12216568171360201
COHFACE_s32_session0_lamp,32,0,32.0,1.1079521179199219,0.15864166140451388
COHFACE_s32_session0_lamp,32,1,32.03333333333333,1.500625729560852,0.2970194207329067
COHFACE_s32_session0_lamp,32,2,32.06666666666667,1.7897838354110718,0.4331411612526238
COHFACE_s32_session0_lamp,32,3,32.1,1.9970158338546753,0.5649238904005036
COHFACE_s32_session0_lamp,32,4,32.13333333333333,2.0677146911621094,0.6867043376004407
COHFACE_s32_session0_lamp,32,5,32.166666666666664,2.0137717723846436,0.7891995627625694
COHFACE_s32_session0_lamp,32,6,32.2,1.9433199167251587,0.8610117676612864
COHFACE_s32_session0_lamp,32,7,32.233333333333334,1.9140087366104126,0.8912879153607177
COHFACE_s32_session0_lamp,32,8,32.266666666666666,1.8736402988433838,0.8725827413665205
COHFACE_s32_session0_lamp,32,9,32.3,1.7751437425613403,0.8028487586954381
COHFACE_s32_session0_lamp,32,10,32.333333333333336,1.6353366374969482,0.6860149008266601
COHFACE_s32_session0_lamp,32,11,32.36666666666667,1.472611904144287,0.5312666941905552
COHFACE_s32_session0_lamp,32,12,32.4,1.301424264907837,0.3513480737047658
COHFACE_s32_session0_lamp,32,13,32.43333333333333,1.1285223960876465,0.16016139640727192
COHFACE_s32_session0_lamp,32,14,32.46666666666667,0.9583694934844971,-0.029947430652255025
COHFACE_s32_session0_lamp,32,15,32.5,0.7973125576972961,-0.21057505428998005
COHFACE_s32_session0_lamp,32,16,32.53333333333333,0.6430352330207825,-0.3785335428965475
COHFACE_s32_session0_lamp,32,17,32.56666666666667,0.4978075623512268,-0.5354379510388891
COHFACE_s32_session0_lamp,32,18,32.6,0.3440707325935364,-0.6856198481576041
COHFACE_s32_session0_lamp,32,19,32.63333333333333,0.19065819680690765,-0.8330120176851087
COHFACE_s32_session0_lamp,32,20,32.666666666666664,0.052719734609127045,-0.9779586552192874
COHFACE_s32_session0_lamp,32,21,32.7,-0.07252443581819534,-1.114766451292059
COHFACE_s32_session0_lamp,32,22,32.733333333333334,-0.2039613276720047,-1.2304512404184484
COHFACE_s32_session0_lamp,32,23,32.766666666666666,-0.3244335651397705,-1.3050915188534553
COHFACE_s32_session0_lamp,32,24,32.8,-0.4437166750431061,-1.3145337008885996
COHFACE_s32_session0_lamp,32,25,32.833333333333336,-0.5617642998695374,-1.235916361905174
COHFACE_s32_session0_lamp,32,26,32.86666666666667,-0.611244261264801,-1.054982377226799
COHFACE_s32_session0_lamp,32,27,32.9,-0.4127222001552582,-0.7724893465001699
COHFACE_s32_session0_lamp,32,28,32.93333333333333,0.12063883244991302,-0.40672642559288497
COHFACE_s32_session0_lamp,32,29,32.96666666666667,0.7367289662361145,0.009273374082348868
COHFACE_s32_session0_lamp,32,30,33.0,1.2297987937927246,0.43458615152643215
COHFACE_s32_session0_lamp,32,31,33.03333333333333,1.6016860008239746,0.8283604179411025
COHFACE_s32_session0_lamp,32,32,33.06666666666667,1.8653472661972046,1.156398175987742
COHFACE_s32_session0_lamp,32,33,33.1,1.9914100170135498,1.395335338603503
COHFACE_s32_session0_lamp,32,34,33.13333333333333,1.954871416091919,1.5342845948051036
COHFACE_s32_session0_lamp,32,35,33.166666666666664,1.8446688652038574,1.5741372897223485
COHFACE_s32_session0_lamp,32,36,33.2,1.7684259414672852,1.5251124140153896
COHFACE_s32_session0_lamp,32,37,33.233333333333334,1.728103756904602,1.4034278087461287
COHFACE_s32_session0_lamp,32,38,33.266666666666666,1.6598912477493286,1.227854189531309
COHFACE_s32_session0_lamp,32,39,33.3,1.5277440547943115,1.016683960468215
COHFACE_s32_session0_lamp,32,40,33.333333333333336,1.347630262374878,0.7856069339319566
COHFACE_s32_session0_lamp,32,41,33.36666666666667,1.1617252826690674,0.5468912228269904
COHFACE_s32_session0_lamp,32,42,33.4,0.9795729517936707,0.3098318119891632
COHFACE_s32_session0_lamp,32,43,33.43333333333333,0.8018991947174072,0.0818518420799256
COHFACE_s32_session0_lamp,32,44,33.46666666666667,0.6455678939819336,-0.1306628352203858
COHFACE_s32_session0_lamp,32,45,33.5,0.5017301440238953,-0.32248981563360196
COHFACE_s32_session0_lamp,32,46,33.53333333333333,0.36118176579475403,-0.49066241358994106
COHFACE_s32_session0_lamp,32,47,33.56666666666667,0.23102666437625885,-0.6358251552508662
COHFACE_s32_session0_lamp,32,48,33.6,0.09004589915275574,-0.7628625986161607
COHFACE_s32_session0_lamp,32,49,33.63333333333333,-0.055058203637599945,-0.8800087888109883
COHFACE_s32_session0_lamp,32,50,33.666666666666664,-0.18495076894760132,-0.9961640074984337
COHFACE_s32_session0_lamp,32,51,33.7,-0.2987978756427765,-1.1168182890292317
COHFACE_s32_session0_lamp,32,52,33.733333333333334,-0.41219714283943176,-1.2396517602556016
COHFACE_s32_session0_lamp,32,53,33.766666666666666,-0.5166856646537781,-1.3514039417270252
COHFACE_s32_session0_lamp,32,54,33.8,-0.62171471118927,-1.4277446937088665
COHFACE_s32_session0_lamp,32,55,33.833333333333336,-0.7199024558067322,-1.4372894466432782
COHFACE_s32_session0_lamp,32,56,33.86666666666667,-0.7879450917243958,-1.349484331745022
COHFACE_s32_session0_lamp,32,57,33.9,-0.6616507768630981,-1.144316887115939
COHFACE_s32_session0_lamp,32,58,33.93333333333333,-0.18515153229236603,-0.8205305395717015
COHFACE_s32_session0_lamp,32,59,33.96666666666667,0.4559565484523773,-0.3990905368076843
COHFACE_s32_session0_lamp,32,60,34.0,1.012513279914856,0.0796852746502374
COHFACE_s32_session0_lamp,32,61,34.03333333333333,1.4056193828582764,0.5644603347112453
COHFACE_s32_session0_lamp,32,62,34.06666666666667,1.6770795583724976,1.0037892721474089
COHFACE_s32_session0_lamp,32,63,34.1,1.8131803274154663,1.3560265855667175
COHFACE_s32_session0_lamp,32,64,34.13333333333333,1.7862937450408936,1.5954988540091313
COHFACE_s32_session0_lamp,32,65,34.166666666666664,1.6739445924758911,1.7139533676634882
COHFACE_s32_session0_lamp,32,66,34.2,1.60224187374115,1.7180160735413463
COHFACE_s32_session0_lamp,32,67,34.233333333333334,1.571309208869934,1.6244115066388352
COHFACE_s32_session0_lamp,32,68,34.266666666666666,1.5127023458480835,1.4547999083565888
COHFACE_s32_session0_lamp,32,69,34.3,1.4011716842651367,1.231536200911097
COHFACE_s32_session0_lamp,32,70,34.333333333333336,1.2413811683654785,0.974904060536093
COHFACE_s32_session0_lamp,32,71,34.36666666666667,1.065792202949524,0.7017495522322911
COHFACE_s32_session0_lamp,32,72,34.4,0.8904812335968018,0.42510189681634586
COHFACE_s32_session0_lamp,32,73,34.43333333333333,0.7228455543518066,0.1543861035214231
COHFACE_s32_session0_lamp,32,74,34.46666666666667,0.5638271570205688,-0.10393123410927574
COHFACE_s32_session0_lamp,32,75,34.5,0.41625213623046875,-0.3453200107259012
COHFACE_s32_session0_lamp,32,76,34.53333333333333,0.28220537304878235,-0.5660545415548043
COHFACE_s32_session0_lamp,32,77,34.56666666666667,0.14852921664714813,-0.7624371634620781
COHFACE_s32_session0_lamp,32,78,34.6,0.009525165893137455,-0.930672566668537
COHFACE_s32_session0_lamp,32,79,34.63333333333333,-0.1172633245587349,-1.0672219119474702
COHFACE_s32_session0_lamp,32,80,34.666666666666664,-0.237148717045784,-1.1690770919071203
COHFACE_s32_session0_lamp,32,81,34.7,-0.3542543351650238,-1.2334890173489303
COHFACE_s32_session0_lamp,32,82,34.733333333333334,-0.4618932902812958,-1.2572927673343537
COHFACE_s32_session0_lamp,32,83,34.766666666666666,-0.5661965012550354,-1.2364994202674084
COHFACE_s32_session0_lamp,32,84,34.8,-0.6719822883605957,-1.1667379533137006
COHFACE_s32_session0_lamp,32,85,34.833333333333336,-0.7643788456916809,-1.0446360609393697
COHFACE_s32_session0_lamp,32,86,34.86666666666667,-0.8502737879753113,-0.86976179737516
COHFACE_s32_session0_lamp,32,87,34.9,-0.8438185453414917,-0.6463907401966622
COHFACE_s32_session0_lamp,32,88,34.93333333333333,-0.5473403930664062,-0.3841841895268625
COHFACE_s32_session0_lamp,32,89,34.96666666666667,0.054603803902864456,-0.09725085232102829
COHFACE_s32_session0_lamp,32,90,35.0,0.6807937622070312,0.19795513413929872
COHFACE_s32_session0_lamp,32,91,35.03333333333333,1.154791235923767,0.48475852954844095
COHFACE_s32_session0_lamp,32,92,35.06666666666667,1.4847811460494995,0.7475906332320637
COHFACE_s32_session0_lamp,32,93,35.1,1.6889244318008423,0.9725630543210457
COHFACE_s32_session0_lamp,32,94,35.13333333333333,1.73270583152771,1.1478686155594289
COHFACE_s32_session0_lamp,32,95,35.166666666666664,1.6161870956420898,1.2644956931371918
COHFACE_s32_session0_lamp,32,96,35.2,1.4923481941223145,1.3172198560276793
COHFACE_s32_session0_lamp,32,97,35.233333333333334,1.432984709739685,1.3053611788360593
COHFACE_s32_session0_lamp,32,98,35.266666666666666,1.3793041706085205,1.2327667768935215
COHFACE_s32_session0_lamp,32,99,35.3,1.2864134311676025,1.1069106582001385
COHFACE_s32_session0_lamp,32,100,35.333333333333336,1.1507296562194824,0.9375629824591829
COHFACE_s32_session0_lamp,32,101,35.36666666666667,0.9754804968833923,0.7356568660831942
COHFACE_s32_session0_lamp,32,102,35.4,0.8037986755371094,0.512568117060888
COHFACE_s32_session0_lamp,32,103,35.43333333333333,0.6323639750480652,0.27948675016431745
COHFACE_s32_session0_lamp,32,104,35.46666666666667,0.4538717269897461,0.046472248171204905
COHFACE_s32_session0_lamp,32,105,35.5,0.3015865385532379,-0.17877571684774574
COHFACE_s32_session0_lamp,32,106,35.53333333333333,0.1730993092060089,-0.3918168692031763
COHFACE_s32_session0_lamp,32,107,35.56666666666667,0.04229559004306793,-0.5913212332784328
COHFACE_s32_session0_lamp,32,108,35.6,-0.08489442616701126,-0.777746691227104
COHFACE_s32_session0_lamp,32,109,35.63333333333333,-0.21453990042209625,-0.9513577002702829
COHFACE_s32_session0_lamp,32,110,35.666666666666664,-0.35382193326950073,-1.110157614287487
COHFACE_s32_session0_lamp,32,111,35.7,-0.4761473536491394,-1.2480697548313968
COHFACE_s32_session0_lamp,32,112,35.733333333333334,-0.5815470218658447,-1.3537189954027455
COHFACE_s32_session0_lamp,32,113,35.766666666666666,-0.6799200773239136,-1.4104935881023375
COHFACE_s32_session0_lamp,32,114,35.8,-0.781412661075592,-1.3987923660563133
COHFACE_s32_session0_lamp,32,115,35.833333333333336,-0.8883875608444214,-1.3008400744618167
COHFACE_s32_session0_lamp,32,116,35.86666666666667,-0.9897874593734741,-1.1070369597639633
COHFACE_s32_session0_lamp,32,117,35.9,-1.056610107421875,-0.8213964758242636
COHFACE_s32_session0_lamp,32,118,35.93333333333333,-0.9441682696342468,-0.4633800724239902
COHFACE_s32_session0_lamp,32,119,35.96666666666667,-0.4885636568069458,-0.06486093023657952
COHFACE_s32_session0_lamp,32,120,36.0,0.1359584629535675,0.3365939391548841
COHFACE_s32_session0_lamp,32,121,36.03333333333333,0.6809173226356506,0.7052629417130516
COHFACE_s32_session0_lamp,32,122,36.06666666666667,1.0805250406265259,1.013104630074813
COHFACE_s32_session0_lamp,32,123,36.1,1.340665340423584,1.242759269106192
COHFACE_s32_session0_lamp,32,124,36.13333333333333,1.4479490518569946,1.3876508196144801
COHFACE_s32_session0_lamp,32,125,36.166666666666664,1.3620696067810059,1.449821863810932
COHFACE_s32_session0_lamp,32,126,36.2,1.2138614654541016,1.436790932819173
COHFACE_s32_session0_lamp,32,127,36.233333333333334,1.1444905996322632,1.3588383315960628
COHFACE_s32_session0_lamp,32,128,36.266666666666666,1.121433973312378,1.2273625566311488
COHFACE_s32_session0_lamp,32,129,36.3,1.0622711181640625,1.0540776554135607
COHFACE_s32_session0_lamp,32,130,36.333333333333336,0.9423239827156067,0.8506414081636954
COHFACE_s32_session0_lamp,32,131,36.36666666666667,0.7825643420219421,0.6285537639677821
COHFACE_s32_session0_lamp,32,132,36.4,0.6060642600059509,0.39922812416181375
COHFACE_s32_session0_lamp,32,133,36.43333333333333,0.43243658542633057,0.17389119446872675
COHFACE_s32_session0_lamp,32,134,36.46666666666667,0.2591486871242523,-0.03726186188968847
COHFACE_s32_session0_lamp,32,135,36.5,0.1083923950791359,-0.22691055895277404
COHFACE_s32_session0_lamp,32,136,36.53333333333333,-0.028557710349559784,-0.39276194668647224
COHFACE_s32_session0_lamp,32,137,36.56666666666667,-0.15508367121219635,-0.5386195545590586
COHFACE_s32_session0_lamp,32,138,36.6,-0.282582551240921,-0.6732791663098918
COHFACE_s32_session0_lamp,32,139,36.63333333333333,-0.4025914967060089,-0.8071593054300454
COHFACE_s32_session0_lamp,32,140,36.666666666666664,-0.5167474746704102,-0.9475324798978303
COHFACE_s32_session0_lamp,32,141,36.7,-0.6358452439308167,-1.0938139574568575
COHFACE_s32_session0_lamp,32,142,36.733333333333334,-0.744796872138977,-1.2345397937142801
COHFACE_s32_session0_lamp,32,143,36.766666666666666,-0.8447296619415283,-1.3474278966010114
COHFACE_s32_session0_lamp,32,144,36.8,-0.9349023699760437,-1.4032373124787074
COHFACE_s32_session0_lamp,32,145,36.833333333333336,-1.034016728401184,-1.37294820434584
COHFACE_s32_session0_lamp,32,146,36.86666666666667,-1.1272008419036865,-1.2363229956717139
COHFACE_s32_session0_lamp,32,147,36.9,-1.135555624961853,-0.9889919136465483
COHFACE_s32_session0_lamp,32,148,36.93333333333333,-0.8672304153442383,-0.6455265954092323
COHFACE_s32_session0_lamp,32,149,36.96666666666667,-0.2809610068798065,-0.23740274958640348
COHFACE_s32_session0_lamp,32,150,37.0,0.379651814699173,0.1933834766358238
COHFACE_s32_session0_lamp,32,151,37.03333333333333,0.918433427810669,0.602832977608656
COHFACE_s32_session0_lamp,32,152,37.06666666666667,1.3149833679199219,0.9529389361755939
COHFACE_s32_session0_lamp,32,153,37.1,1.5660121440887451,1.2170812004786304
COHFACE_s32_session0_lamp,32,154,37.13333333333333,1.640587329864502,1.3819398654884305
COHFACE_s32_session0_lamp,32,155,37.166666666666664,1.5301685333251953,1.4463083553607512
COHFACE_s32_session0_lamp,32,156,37.2,1.3861145973205566,1.4180371104180907
COHFACE_s32_session0_lamp,32,157,37.233333333333334,1.3022581338882446,1.3105881307093146
COHFACE_s32_session0_lamp,32,158,37.266666666666666,1.2345707416534424,1.1403658300707404
COHFACE_s32_session0_lamp,32,159,37.3,1.1391319036483765,0.9252750682081595
COHFACE_s32_session0_lamp,32,160,37.333333333333336,0.9972245097160339,0.6841405559384723
COHFACE_s32_session0_lamp,32,161,37.36666666666667,0.8142691850662231,0.43611763973050344
COHFACE_s32_session0_lamp,32,162,37.4,0.6192681789398193,0.19932061272523235
COHFACE_s32_session0_lamp,32,163,37.43333333333333,0.446706086397171,-0.011457051585433909
COHFACE_s32_session0_lamp,32,164,37.46666666666667,0.28245246410369873,-0.18722281300191704
COHFACE_s32_session0_lamp,32,165,37.5,0.11511017382144928,-0.3262984778235261
COHFACE_s32_session0_lamp,32,166,37.53333333333333,-0.020650804042816162,-0.43397295201175945
COHFACE_s32_session0_lamp,32,167,37.56666666666667,-0.1465744823217392,-0.5202348886884796
COHFACE_s32_session0_lamp,32,168,37.6,-0.2912924885749817,-0.5963880425244557
COHFACE_s32_session0_lamp,32,169,37.63333333333333,-0.43185630440711975,-0.6716428862904309
COHFACE_s32_session0_lamp,32,170,37.666666666666664,-0.5630769729614258,-0.7503630088569602
COHFACE_s32_session0_lamp,32,171,37.7,-0.6853715181350708,-0.8302019908585502
COHFACE_s32_session0_lamp,32,172,37.733333333333334,-0.790215253829956,-0.9014787346157959
COHFACE_s32_session0_lamp,32,173,37.766666666666666,-0.8820249438285828,-0.9484442430454598
COHFACE_s32_session0_lamp,32,174,37.8,-0.9794250726699829,-0.9528885937585054
COHFACE_s32_session0_lamp,32,175,37.833333333333336,-1.0739372968673706,-0.8995494439089933
COHFACE_s32_session0_lamp,32,176,37.86666666666667,-1.1440647840499878,-0.7814367149840042
COHFACE_s32_session0_lamp,32,177,37.9,-1.046788215637207,-0.6025857983611378
COHFACE_s32_session0_lamp,32,178,37.93333333333333,-0.5762500166893005,-0.3767191305073139
COHFACE_s32_session0_lamp,32,179,37.96666666666667,0.15824297070503235,-0.12248386578597435
COHFACE_s32_session0_lamp,32,180,38.0,0.871903121471405,0.1419757979885576
COHFACE_s32_session0_lamp,32,181,38.03333333333333,1.4401966333389282,0.40205774557487267
COHFACE_s32_session0_lamp,32,182,38.06666666666667,1.8614556789398193,0.6463158078799598
COHFACE_s32_session0_lamp,32,183,38.1,2.143695116043091,0.8641431320406459
COHFACE_s32_session0_lamp,32,184,38.13333333333333,2.229574680328369,1.0439780622462846
COHFACE_s32_session0_lamp,32,185,38.166666666666664,2.1016433238983154,1.1736147080700516
COHFACE_s32_session0_lamp,32,186,38.2,1.9244638681411743,1.2424963884436182
COHFACE_s32_session0_lamp,32,187,38.233333333333334,1.8114197254180908,1.2445361836954276
COHFACE_s32_session0_lamp,32,188,38.266666666666666,1.703904390335083,1.1798223219188195
COHFACE_s32_session0_lamp,32,189,38.3,1.5507698059082031,1.0544324293384641
COHFACE_s32_session0_lamp,32,190,38.333333333333336,1.3592897653579712,0.8787825125431171
COHFACE_s32_session0_lamp,32,191,38.36666666666667,1.1419888734817505,0.6655973704253217
COHFACE_s32_session0_lamp,32,192,38.4,0.9231435656547546,0.4283058730949059
COHFACE_s32_session0_lamp,32,193,38.43333333333333,0.7173478007316589,0.17994705722031273
COHFACE_s32_session0_lamp,32,194,38.46666666666667,0.5180072784423828,-0.06773582320030191
COHFACE_s32_session0_lamp,32,195,38.5,0.33726030588150024,-0.3052150351134675
COHFACE_s32_session0_lamp,32,196,38.53333333333333,0.17041219770908356,-0.5259041358748684
COHFACE_s32_session0_lamp,32,197,38.56666666666667,0.009417063556611538,-0.7262398702885805
COHFACE_s32_session0_lamp,32,198,38.6,-0.14757828414440155,-0.9048688748469597
COHFACE_s32_session0_lamp,32,199,38.63333333333333,-0.3044964075088501,-1.0610999070809066
COHFACE_s32_session0_lamp,32,200,38.666666666666664,-0.4527354836463928,-1.1930586276595263
COHFACE_s32_session0_lamp,32,201,38.7,-0.5872455835342407,-1.29607185033653
COHFACE_s32_session0_lamp,32,202,38.733333333333334,-0.7122735381126404,-1.3618110214897445
COHFACE_s32_session0_lamp,32,203,38.766666666666666,-0.8228621482849121,-1.3786835687495942
COHFACE_s32_session0_lamp,32,204,38.8,-0.9249415397644043,-1.3338015831256345
COHFACE_s32_session0_lamp,32,205,38.833333333333336,-1.0235925912857056,-1.2163972486383425
COHFACE_s32_session0_lamp,32,206,38.86666666666667,-1.1191704273223877,-1.0218137224608035
COHFACE_s32_session0_lamp,32,207,38.9,-1.1444045305252075,-0.7546383374780138
COHFACE_s32_session0_lamp,32,208,38.93333333333333,-0.892943263053894,-0.4296472519872122
COHFACE_s32_session0_lamp,32,209,38.96666666666667,-0.25472304224967957,-0.0700574799292501
COHFACE_s32_session0_lamp,32,210,39.0,0.5346240997314453,0.2962724511030126
COHFACE_s32_session0_lamp,32,211,39.03333333333333,1.2112669944763184,0.6413363276042834
COHFACE_s32_session0_lamp,32,212,39.06666666666667,1.7258336544036865,0.9409438878755041
COHFACE_s32_session0_lamp,32,213,39.1,2.0789265632629395,1.1774531709515703
COHFACE_s32_session0_lamp,32,214,39.13333333333333,2.262746572494507,1.34093410327735
COHFACE_s32_session0_lamp,32,215,39.166666666666664,2.2058849334716797,1.4287666572478104
COHFACE_s32_session0_lamp,32,216,39.2,2.000119924545288,1.4441900293637002
COHFACE_s32_session0_lamp,32,217,39.233333333333334,1.8351095914840698,1.3945966200810354
COHFACE_s32_session0_lamp,32,218,39.266666666666666,1.7239186763763428,1.2900722489655987
COHFACE_s32_session0_lamp,32,219,39.3,1.5840344429016113,1.1422267637670227
COHFACE_s32_session0_lamp,32,220,39.333333333333336,1.3849254846572876,0.9632216181210199
COHFACE_s32_session0_lamp,32,221,39.36666666666667,1.1465909481048584,0.7649660284439777
COHFACE_s32_session0_lamp,32,222,39.4,0.8959481716156006,0.5584294439877726
COHFACE_s32_session0_lamp,32,223,39.43333333333333,0.6612735986709595,0.3529382869991655
COHFACE_s32_session0_lamp,32,224,39.46666666666667,0.4338110387325287,0.1553740343145024
COHFACE_s32_session0_lamp,32,225,39.5,0.21448703110218048,-0.0305429592377398
COHFACE_s32_session0_lamp,32,226,39.53333333333333,0.021756162866950035,-0.20437426857045204
COHFACE_s32_session0_lamp,32,227,39.56666666666667,-0.14745473861694336,-0.36805043876197086
COHFACE_s32_session0_lamp,32,228,39.6,-0.30505236983299255,-0.5241013205149321
COHFACE_s32_session0_lamp,32,229,39.63333333333333,-0.46019452810287476,-0.673726507675338
COHFACE_s32_session0_lamp,32,230,39.666666666666664,-0.6177458167076111,-0.81526506629585
COHFACE_s32_session0_lamp,32,231,39.7,-0.7613983154296875,-0.9431810339686357
COHFACE_s32_session0_lamp,32,232,39.733333333333334,-0.8962326645851135,-1.0475621676335718
COHFACE_s32_session0_lamp,32,233,39.766666666666666,-1.0261098146438599,-1.1144899178828616
COHFACE_s32_session0_lamp,32,234,39.8,-1.1375941038131714,-1.1280523212464149
COHFACE_s32_session0_lamp,32,235,39.833333333333336,-1.234160304069519,-1.0743803450993523
COHFACE_s32_session0_lamp,32,236,39.86666666666667,-1.3220937252044678,-0.9466832215413765
COHFACE_s32_session0_lamp,32,237,39.9,-1.4074636697769165,-0.7491022850106696
COHFACE_s32_session0_lamp,32,238,39.93333333333333,-1.4648505449295044,-0.4975494329604787
COHFACE_s32_session0_lamp,32,239,39.96666666666667,-1.3268811702728271,-0.21728266427141796
COHFACE_s32_session0_lamp,33,0,33.0,1.2297987937927246,0.09469432786747531
COHFACE_s32_session0_lamp,33,1,33.03333333333333,1.6016860008239746,0.02753975449705462
COHFACE_s32_session0_lamp,33,2,33.06666666666667,1.8653472661972046,-0.023751282756240652
COHFACE_s32_session0_lamp,33,3,33.1,1.9914100170135498,-0.04662334057805178
COHFACE_s32_session0_lamp,33,4,33.13333333333333,1.954871416091919,-0.036891983427114146
COHFACE_s32_session0_lamp,33,5,33.166666666666664,1.8446688652038574,-0.000318850930401426
COHFACE_s32_session0_lamp,33,6,33.2,1.7684259414672852,0.04905416878054646
COHFACE_s32_session0_lamp,33,7,33.233333333333334,1.728103756904602,0.09344964169466638
COHFACE_s32_session0_lamp,33,8,33.266666666666666,1.6598912477493286,0.11711277338253277
COHFACE_s32_session0_lamp,33,9,33.3,1.5277440547943115,0.11115559985054492
COHFACE_s32_session0_lamp,33,10,33.333333333333336,1.347630262374878,0.07589753147509816
COHFACE_s32_session0_lamp,33,11,33.36666666666667,1.1617252826690674,0.02014501186761791
COHFACE_s32_session0_lamp,33,12,33.4,0.9795729517936707,-0.04220491603630842
COHFACE_s32_session0_lamp,33,13,33.43333333333333,0.8018991947174072,-0.09709778772940476
COHFACE_s32_session0_lamp,33,14,33.46666666666667,0.6455678939819336,-0.13509279797375126
COHFACE_s32_session0_lamp,33,15,33.5,0.5017301440238953,-0.15425135163960624
COHFACE_s32_session0_lamp,33,16,33.53333333333333,0.36118176579475403,-0.16018896149838505
COHFACE_s32_session0_lamp,33,17,33.56666666666667,0.23102666437625885,-0.1636050023290228
COHFACE_s32_session0_lamp,33,18,33.6,0.09004589915275574,-0.17669878818149645
COHFACE_s32_session0_lamp,33,19,33.63333333333333,-0.055058203637599945,-0.21002635413536802
COHFACE_s32_session0_lamp,33,20,33.666666666666664,-0.18495076894760132,-0.2704082948400033
COHFACE_s32_session0_lamp,33,21,33.7,-0.2987978756427765,-0.3594519805078127
COHFACE_s32_session0_lamp,33,22,33.733333333333334,-0.41219714283943176,-0.47212666576762086
COHFACE_s32_session0_lamp,33,23,33.766666666666666,-0.5166856646537781,-0.5955943167676623
COHFACE_s32_session0_lamp,33,24,33.8,-0.62171471118927,-0.7093659195604857
COHFACE_s32_session0_lamp,33,25,33.833333333333336,-0.7199024558067322,-0.7878936840546845
COHFACE_s32_session0_lamp,33,26,33.86666666666667,-0.7879450917243958,-0.805607568723128
COHFACE_s32_session0_lamp,33,27,33.9,-0.6616507768630981,-0.7429763021400662
COHFACE_s32_session0_lamp,33,28,33.93333333333333,-0.18515153229236603,-0.5915083330377437
COHFACE_s32_session0_lamp,33,29,33.96666666666667,0.4559565484523773,-0.356098444853935
COHFACE_s32_session0_lamp,33,30,34.0,1.012513279914856,-0.05439320194262494
COHFACE_s32_session0_lamp,33,31,34.03333333333333,1.4056193828582764,0.2860475227628527
COHFACE_s32_session0_lamp,33,32,34.06666666666667,1.6770795583724976,0.6317674339462123
COHFACE_s32_session0_lamp,33,33,34.1,1.8131803274154663,0.9479418798497086
COHFACE_s32_session0_lamp,33,34,34.13333333333333,1.7862937450408936,1.203060934823256
COHFACE_s32_session0_lamp,33,35,34.166666666666664,1.6739445924758911,1.3733011196494118
COHFACE_s32_session0_lamp,33,36,34.2,1.60224187374115,1.4457241809083443
COHFACE_s32_session0_lamp,33,37,34.233333333333334,1.571309208869934,1.4194084203089516
COHFACE_s32_session0_lamp,33,38,34.266666666666666,1.5127023458480835,1.3043154064462814
COHFACE_s32_session0_lamp,33,39,34.3,1.4011716842651367,1.1185266041817379
COHFACE_s32_session0_lamp,33,40,34.333333333333336,1.2413811683654785,0.8847366870127292
COHFACE_s32_session0_lamp,33,41,34.36666666666667,1.065792202949524,0.6266246883080145
COHFACE_s32_session0_lamp,33,42,34.4,0.8904812335968018,0.3654158205287376
COHFACE_s32_session0_lamp,33,43,34.43333333333333,0.7228455543518066,0.11696119592247307
COHFACE_s32_session0_lamp,33,44,34.46666666666667,0.5638271570205688,-0.11003254809405254
COHFACE_s32_session0_lamp,33,45,34.5,0.41625213623046875,-0.3139346686971839
COHFACE_s32_session0_lamp,33,46,34.53333333333333,0.28220537304878235,-0.4981729581882409
COHFACE_s32_session0_lamp,33,47,34.56666666666667,0.14852921664714813,-0.6680071142000729
COHFACE_s32_session0_lamp,33,48,34.6,0.009525165893137455,-0.8273135519772842
COHFACE_s32_session0_lamp,33,49,34.63333333333333,-0.1172633245587349,-0.9764037085200364
COHFACE_s32_session0_lamp,33,50,34.666666666666664,-0.237148717045784,-1.1111793376087906
COHFACE_s32_session0_lamp,33,51,34.7,-0.3542543351650238,-1.223292951237866
COHFACE_s32_session0_lamp,33,52,34.733333333333334,-0.4618932902812958,-1.3009174421345537
COHFACE_s32_session0_lamp,33,53,34.766666666666666,-0.5661965012550354,-1.3301052682073862
COHFACE_s32_session0_lamp,33,54,34.8,-0.6719822883605957,-1.2970426389824552
COHFACE_s32_session0_lamp,33,55,34.833333333333336,-0.7643788456916809,-1.1913272247169615
COHFACE_s32_session0_lamp,33,56,34.86666666666667,-0.8502737879753113,-1.0096525253560655
COHFACE_s32_session0_lamp,33,57,34.9,-0.8438185453414917,-0.7584779202992787
COHFACE_s32_session0_lamp,33,58,34.93333333333333,-0.5473403930664062,-0.4541306445180618
COHFACE_s32_session0_lamp,33,59,34.96666666666667,0.054603803902864456,-0.11980465553828268
COHFACE_s32_session0_lamp,33,60,35.0,0.6807937622070312,0.21929009093949037
COHFACE_s32_session0_lamp,33,61,35.03333333333333,1.154791235923767,0.540340551542406
COHFACE_s32_session0_lamp,33,62,35.06666666666667,1.4847811460494995,0.8253523953438295
COHFACE_s32_session0_lamp,33,63,35.1,1.6889244318008423,1.0615647924497829
COHFACE_s32_session0_lamp,33,64,35.13333333333333,1.73270583152771,1.2407423073096355
COHFACE_s32_session0_lamp,33,65,35.166666666666664,1.6161870956420898,1.358237839052182
COHFACE_s32_session0_lamp,33,66,35.2,1.4923481941223145,1.4123003930967781
COHFACE_s32_session0_lamp,33,67,35.233333333333334,1.432984709739685,1.4036669024496427
COHFACE_s32_session0_lamp,33,68,35.266666666666666,1.3793041706085205,1.3352731587873417
COHFACE_s32_session0_lamp,33,69,35.3,1.2864134311676025,1.211987199615426
COHFACE_s32_session0_lamp,33,70,35.333333333333336,1.1507296562194824,1.0404498503969704
COHFACE_s32_session0_lamp,33,71,35.36666666666667,0.9754804968833923,0.8291202203946839
COHFACE_s32_session0_lamp,33,72,35.4,0.8037986755371094,0.5883604720291308
COHFACE_s32_session0_lamp,33,73,35.43333333333333,0.6323639750480652,0.3301399607280401
COHFACE_s32_session0_lamp,33,74,35.46666666666667,0.4538717269897461,0.06702588287120795
COHFACE_s32_session0_lamp,33,75,35.5,0.3015865385532379,-0.18943992196832268
COHFACE_s32_session0_lamp,33,76,35.53333333333333,0.1730993092060089,-0.4303825999962689
COHFACE_s32_session0_lamp,33,77,35.56666666666667,0.04229559004306793,-0.6505121345066016
COHFACE_s32_session0_lamp,33,78,35.6,-0.08489442616701126,-0.8479322749766829
COHFACE_s32_session0_lamp,33,79,35.63333333333333,-0.21453990042209625,-1.0229240601121101
COHFACE_s32_session0_lamp,33,80,35.666666666666664,-0.35382193326950073,-1.1759780680578564
COHFACE_s32_session0_lamp,33,81,35.7,-0.4761473536491394,-1.3054102909959961
COHFACE_s32_session0_lamp,33,82,35.733333333333334,-0.5815470218658447,-1.4051164656319528
COHFACE_s32_session0_lamp,33,83,35.766666666666666,-0.6799200773239136,-1.4633720191295019
COHFACE_s32_session0_lamp,33,84,35.8,-0.781412661075592,-1.463731972262528
COHFACE_s32_session0_lamp,33,85,35.833333333333336,-0.8883875608444214,-1.388537964029684
COHFACE_s32_session0_lamp,33,86,35.86666666666667,-0.9897874593734741,-1.2242694317336944
COHFACE_s32_session0_lamp,33,87,35.9,-1.056610107421875,-0.9668591557823502
COHFACE_s32_session0_lamp,33,88,35.93333333333333,-0.9441682696342468,-0.6250050636479645
COHFACE_s32_session0_lamp,33,89,35.96666666666667,-0.4885636568069458,-0.22039902515040227
COHFACE_s32_session0_lamp,33,90,36.0,0.1359584629535675,0.214998778148552
COHFACE_s32_session0_lamp,33,91,36.03333333333333,0.6809173226356506,0.6437184244421551
COHFACE_s32_session0_lamp,33,92,36.06666666666667,1.0805250406265259,1.0285344349319956
COHFACE_s32_session0_lamp,33,93,36.1,1.340665340423584,1.3381889193864664
COHFACE_s32_session0_lamp,33,94,36.13333333333333,1.4479490518569946,1.5517982844628742
COHFACE_s32_session0_lamp,33,95,36.166666666666664,1.3620696067810059,1.6607549945388214
COHFACE_s32_session0_lamp,33,96,36.2,1.2138614654541016,1.6678919597448607
COHFACE_s32_session0_lamp,33,97,36.233333333333334,1.1444905996322632,1.5847525142375543
COHFACE_s32_session0_lamp,33,98,36.266666666666666,1.121433973312378,1.42813415137105
COHFACE_s32_session0_lamp,33,99,36.3,1.0622711181640625,1.21681865155163
COHFACE_s32_session0_lamp,33,100,36.333333333333336,0.9423239827156067,0.9690813421553751
COHFACE_s32_session0_lamp,33,101,36.36666666666667,0.7825643420219421,0.7012407640837409
COHFACE_s32_session0_lamp,33,102,36.4,0.6060642600059509,0.42708965196549475
COHFACE_s32_session0_lamp,33,103,36.43333333333333,0.43243658542633057,0.1577386394924227
COHFACE_s32_session0_lamp,33,104,36.46666666666667,0.2591486871242523,-0.0985635964885291
COHFACE_s32_session0_lamp,33,105,36.5,0.1083923950791359,-0.336707715179923
COHFACE_s32_session0_lamp,33,106,36.53333333333333,-0.028557710349559784,-0.5547315455844395
COHFACE_s32_session0_lamp,33,107,36.56666666666667,-0.15508367121219635,-0.753067905594412
COHFACE_s32_session0_lamp,33,108,36.6,-0.282582551240921,-0.9328986144798365
COHFACE_s32_session0_lamp,33,109,36.63333333333333,-0.4025914967060089,-1.0939571300575035
COHFACE_s32_session0_lamp,33,110,36.666666666666664,-0.5167474746704102,-1.2323441418009342
COHFACE_s32_session0_lamp,33,111,36.7,-0.6358452439308167,-1.3390051667450666
COHFACE_s32_session0_lamp,33,112,36.733333333333334,-0.744796872138977,-1.3996302043383535
COHFACE_s32_session0_lamp,33,113,36.766666666666666,-0.8447296619415283,-1.396630618888432
COHFACE_s32_session0_lamp,33,114,36.8,-0.9349023699760437,-1.3132670825509003
COHFACE_s32_session0_lamp,33,115,36.833333333333336,-1.034016728401184,-1.1390884345107464
COHFACE_s32_session0_lamp,33,116,36.86666666666667,-1.1272008419036865,-0.8750150071769184
COHFACE_s32_session0_lamp,33,117,36.9,-1.135555624961853,-0.5361175294676721
COHFACE_s32_session0_lamp,33,118,36.93333333333333,-0.8672304153442383,-0.15069669771490551
COHFACE_s32_session0_lamp,33,119,36.96666666666667,-0.2809610068798065,0.24438958538532043
COHFACE_s32_session0_lamp,33,120,37.0,0.379651814699173,0.6106118680531759
COHFACE_s32_session0_lamp,33,121,37.03333333333333,0.918433427810669,0.9144881120332548
COHFACE_s32_session0_lamp,33,122,37.06666666666667,1.3149833679199219,1.132250829675018
COHFACE_s32_session0_lamp,33,123,37.1,1.5660121440887451,1.2518198655063417
COHFACE_s32_session0_lamp,33,124,37.13333333333333,1.640587329864502,1.2724770846631464
COHFACE_s32_session0_lamp,33,125,37.166666666666664,1.5301685333251953,1.203066812562843
COHFACE_s32_session0_lamp,33,126,37.2,1.3861145973205566,1.059457739557872
COHFACE_s32_session0_lamp,33,127,37.233333333333334,1.3022581338882446,0.8617521408181329
COHFACE_s32_session0_lamp,33,128,37.266666666666666,1.2345707416534424,0.6316179748429116
COHFACE_s32_session0_lamp,33,129,37.3,1.1391319036483765,0.39013419224693147
COHFACE_s32_session0_lamp,33,130,37.333333333333336,0.9972245097160339,0.1564611740491185
COHFACE_s32_session0_lamp,33,131,37.36666666666667,0.8142691850662231,-0.052735615961955154
COHFACE_s32_session0_lamp,33,132,37.4,0.6192681789398193,-0.2237415511972729
COHFACE_s32_session0_lamp,33,133,37.43333333333333,0.446706086397171,-0.34684217934212674
COHFACE_s32_session0_lamp,33,134,37.46666666666667,0.28245246410369873,-0.41793843592408436
COHFACE_s32_session0_lamp,33,135,37.5,0.11511017382144928,-0.43983566642554955
COHFACE_s32_session0_lamp,33,136,37.53333333333333,-0.020650804042816162,-0.42218433209647077
COHFACE_s32_session0_lamp,33,137,37.56666666666667,-0.1465744823217392,-0.37971525721276284
COHFACE_s32_session0_lamp,33,138,37.6,-0.2912924885749817,-0.32931421184441584
COHFACE_s32_session0_lamp,33,139,37.63333333333333,-0.43185630440711975,-0.2868627414236735
COHFACE_s32_session0_lamp,33,140,37.666666666666664,-0.5630769729614258,-0.26438170655736043
COHFACE_s32_session0_lamp,33,141,37.7,-0.6853715181350708,-0.2675944366843249
COHFACE_s32_session0_lamp,33,142,37.733333333333334,-0.790215253829956,-0.29426652050905755
COHFACE_s32_session0_lamp,33,143,37.766666666666666,-0.8820249438285828,-0.33419760618984706
COHFACE_s32_session0_lamp,33,144,37.8,-0.9794250726699829,-0.37171571709272555
COHFACE_s32_session0_lamp,33,145,37.833333333333336,-1.0739372968673706,-0.3905320300360667
COHFACE_s32_session0_lamp,33,146,37.86666666666667,-1.1440647840499878,-0.3792231622774194
COHFACE_s32_session0_lamp,33,147,37.9,-1.046788215637207,-0.3346612823453938
COHFACE_s32_session0_lamp,33,148,37.93333333333333,-0.5762500166893005,-0.26145748288600595
COHFACE_s32_session0_lamp,33,149,37.96666666666667,0.15824297070503235,-0.16773400473477956
COHFACE_s32_session0_lamp,33,150,38.0,0.871903121471405,-0.059969614881695055
COHFACE_s32_session0_lamp,33,151,38.03333333333333,1.4401966333389282,0.05966169746625771
COHFACE_s32_session0_lamp,33,152,38.06666666666667,1.8614556789398193,0.1919367445486296
COHFACE_s32_session0_lamp,33,153,38.1,2.143695116043091,0.3365555411120332
COHFACE_s32_session0_lamp,33,154,38.13333333333333,2.229574680328369,0.48837495301072364
COHFACE_s32_session0_lamp,33,155,38.166666666666664,2.1016433238983154,0.6363269170148774
COHFACE_s32_session0_lamp,33,156,38.2,1.9244638681411743,0.7654454293389972
COHFACE_s32_session0_lamp,33,157,38.233333333333334,1.8114197254180908,0.8605192420486477
COHFACE_s32_session0_lamp,33,158,38.266666666666666,1.703904390335083,0.9093785638725398
COHFACE_s32_session0_lamp,33,159,38.3,1.5507698059082031,0.9046500975820163
COHFACE_s32_session0_lamp,33,160,38.333333333333336,1.3592897653579712,0.8440561192053078
COHFACE_s32_session0_lamp,33,161,38.36666666666667,1.1419888734817505,0.7300370754302075
COHFACE_s32_session0_lamp,33,162,38.4,0.9231435656547546,0.5692525184630154
COHFACE_s32_session0_lamp,33,163,38.43333333333333,0.7173478007316589,0.3718864113711543
COHFACE_s32_session0_lamp,33,164,38.46666666666667,0.5180072784423828,0.15039942924742108
COHFACE_s32_session0_lamp,33,165,38.5,0.33726030588150024,-0.08235767393677619
COHFACE_s32_session0_lamp,33,166,38.53333333333333,0.17041219770908356,-0.31519702643603736
COHFACE_s32_session0_lamp,33,167,38.56666666666667,0.009417063556611538,-0.5399823946676848
COHFACE_s32_session0_lamp,33,168,38.6,-0.14757828414440155,-0.7516929025032758
COHFACE_s32_session0_lamp,33,169,38.63333333333333,-0.3044964075088501,-0.9470459236011571
COHFACE_s32_session0_lamp,33,170,38.666666666666664,-0.4527354836463928,-1.1221346832585375
COHFACE_s32_session0_lamp,33,171,38.7,-0.5872455835342407,-1.269932994464596
COHFACE_s32_session0_lamp,33,172,38.733333333333334,-0.7122735381126404,-1.3786696939003709
COHFACE_s32_session0_lamp,33,173,38.766666666666666,-0.8228621482849121,-1.4319671779875938
COHFACE_s32_session0_lamp,33,174,38.8,-0.9249415397644043,-1.4112556945038575
COHFACE_s32_session0_lamp,33,175,38.833333333333336,-1.0235925912857056,-1.3002651528715767
COHFACE_s32_session0_lamp,33,176,38.86666666666667,-1.1191704273223877,-1.0904763606016015
COHFACE_s32_session0_lamp,33,177,38.9,-1.1444045305252075,-0.7857223783333113
COHFACE_s32_session0_lamp,33,178,38.93333333333333,-0.892943263053894,-0.4041278084216414
COHFACE_s32_session0_lamp,33,179,38.96666666666667,-0.25472304224967957,0.023601023213616693
COHFACE_s32_session0_lamp,33,180,39.0,0.5346240997314453,0.4591651320088749
COHFACE_s32_session0_lamp,33,181,39.03333333333333,1.2112669944763184,0.8633938888310522
COHFACE_s32_session0_lamp,33,182,39.06666666666667,1.7258336544036865,1.2027430290994237
COHFACE_s32_session0_lamp,33,183,39.1,2.0789265632629395,1.4539538862532126
COHFACE_s32_session0_lamp,33,184,39.13333333333333,2.262746572494507,1.6059976656870363
COHFACE_s32_session0_lamp,33,185,39.166666666666664,2.2058849334716797,1.6592727533775729
COHFACE_s32_session0_lamp,33,186,39.2,2.000119924545288,1.6227600441712127
COHFACE_s32_session0_lamp,33,187,39.233333333333334,1.8351095914840698,1.5103162487514055
COHFACE_s32_session0_lamp,33,188,39.266666666666666,1.7239186763763428,1.3373803061265852
COHFACE_s32_session0_lamp,33,189,39.3,1.5840344429016113,1.118993056305492
COHFACE_s32_session0_lamp,33,190,39.333333333333336,1.3849254846572876,0.8692765347330903
COHFACE_s32_session0_lamp,33,191,39.36666666666667,1.1465909481048584,0.6017723209810546
COHFACE_s32_session0_lamp,33,192,39.4,0.8959481716156006,0.3297108400035472
COHFACE_s32_session0_lamp,33,193,39.43333333333333,0.6612735986709595,0.06553374457800623
COHFACE_s32_session0_lamp,33,194,39.46666666666667,0.4338110387325287,-0.18034620181827637
COHFACE_s32_session0_lamp,33,195,39.5,0.21448703110218048,-0.4009400487509487
COHFACE_s32_session0_lamp,33,196,39.53333333333333,0.021756162866950035,-0.5934589118138729
COHFACE_s32_session0_lamp,33,197,39.56666666666667,-0.14745473861694336,-0.75907070514805
COHFACE_s32_session0_lamp,33,198,39.6,-0.30505236983299255,-0.9018455770181651
COHFACE_s32_session0_lamp,33,199,39.63333333333333,-0.46019452810287476,-1.0273575564377837
COHFACE_s32_session0_lamp,33,200,39.666666666666664,-0.6177458167076111,-1.1410691856020565
COHFACE_s32_session0_lamp,33,201,39.7,-0.7613983154296875,-1.2462503730979837
COHFACE_s32_session0_lamp,33,202,39.733333333333334,-0.8962326645851135,-1.3414140284541975
COHFACE_s32_session0_lamp,33,203,39.766666666666666,-1.0261098146438599,-1.4180326286776788
COHFACE_s32_session0_lamp,33,204,39.8,-1.1375941038131714,-1.4599949120453946
COHFACE_s32_session0_lamp,33,205,39.833333333333336,-1.234160304069519,-1.4460229003335328
COHFACE_s32_session0_lamp,33,206,39.86666666666667,-1.3220937252044678,-1.3548646293024855
COHFACE_s32_session0_lamp,33,207,39.9,-1.4074636697769165,-1.1714941162680197
COHFACE_s32_session0_lamp,33,208,39.93333333333333,-1.4648505449295044,-0.8919955830431685
COHFACE_s32_session0_lamp,33,209,39.96666666666667,-1.3268811702728271,-0.5256159920818968
COHFACE_s32_session0_lamp,33,210,40.0,-0.8137969970703125,-0.09401124244684056
COHFACE_s32_session0_lamp,33,211,40.03333333333333,-0.0706249251961708,0.37132660452926175
COHFACE_s32_session0_lamp,33,212,40.06666666666667,0.6128901243209839,0.8327752400071587
COHFACE_s32_session0_lamp,33,213,40.1,1.1272251605987549,1.25131452214225
COHFACE_s32_session0_lamp,33,214,40.13333333333333,1.4969193935394287,1.591927583088526
COHFACE_s32_session0_lamp,33,215,40.166666666666664,1.7115486860275269,1.8285817755379417
COHFACE_s32_session0_lamp,33,216,40.2,1.7021746635437012,1.9474170061033933
COHFACE_s32_session0_lamp,33,217,40.233333333333334,1.521844744682312,1.9472959957845586
COHFACE_s32_session0_lamp,33,218,40.266666666666666,1.3453600406646729,1.8379390981325536
COHFACE_s32_session0_lamp,33,219,40.3,1.2337831258773804,1.6367492777469015
COHFACE_s32_session0_lamp,33,220,40.333333333333336,1.1162914037704468,1.3655580210765104
COHFACE_s32_session0_lamp,33,221,40.36666666666667,0.954338788986206,1.0480196563622584
COHFACE_s32_session0_lamp,33,222,40.4,0.7506587505340576,0.707739125098602
COHFACE_s32_session0_lamp,33,223,40.43333333333333,0.5137758255004883,0.3668239854917795
COHFACE_s32_session0_lamp,33,224,40.46666666666667,0.29153305292129517,0.04454838284046124
COHFACE_s32_session0_lamp,33,225,40.5,0.08337444067001343,-0.24393330239837482
COHFACE_s32_session0_lamp,33,226,40.53333333333333,-0.10577360540628433,-0.4886275335950686
COHFACE_s32_session0_lamp,33,227,40.56666666666667,-0.27975645661354065,-0.6851837039753672
COHFACE_s32_session0_lamp,33,228,40.6,-0.44102954864501953,-0.8345523504536336
COHFACE_s32_session0_lamp,33,229,40.63333333333333,-0.5842496156692505,-0.9417022995541254
COHFACE_s32_session0_lamp,33,230,40.666666666666664,-0.7233771681785583,-1.0134686516552343
COHFACE_s32_session0_lamp,33,231,40.7,-0.8685121536254883,-1.0558764027386522
COHFACE_s32_session0_lamp,33,232,40.733333333333334,-1.0037789344787598,-1.071658002342565
COHFACE_s32_session0_lamp,33,233,40.766666666666666,-1.1318492889404297,-1.059028877020748
COHFACE_s32_session0_lamp,33,234,40.8,-1.240028738975525,-1.0127410407833533
COHFACE_s32_session0_lamp,33,235,40.833333333333336,-1.3361624479293823,-0.9274481554182749
COHFACE_s32_session0_lamp,33,236,40.86666666666667,-1.4332691431045532,-0.8017178763437599
COHFACE_s32_session0_lamp,33,237,40.9,-1.5400587320327759,-0.6402985225574095
COHFACE_s32_session0_lamp,33,238,40.93333333333333,-1.6443157196044922,-0.45358353138944774
COHFACE_s32_session0_lamp,33,239,40.96666666666667,-1.6409181356430054,-0.2553031231836244
COHFACE_s32_session0_lamp,34,0,34.0,1.012513279914856,0.14121824271675384
COHFACE_s32_session0_lamp,34,1,34.03333333333333,1.4056193828582764,0.23678690540392225
COHFACE_s32_session0_lamp,34,2,34.06666666666667,1.6770795583724976,0.3356780734470802
COHFACE_s32_session0_lamp,34,3,34.1,1.8131803274154663,0.44002452433572903
COHFACE_s32_session0_lamp,34,4,34.13333333333333,1.7862937450408936,0.546704237826544
COHFACE_s32_session0_lamp,34,5,34.166666666666664,1.6739445924758911,0.6464216335496484
COHFACE_s32_session0_lamp,34,6,34.2,1.60224187374115,0.7247472922102974
COHFACE_s32_session0_lamp,34,7,34.233333333333334,1.571309208869934,0.765217678851331
COHFACE_s32_session0_lamp,34,8,34.266666666666666,1.5127023458480835,0.7538270846688162
COHFACE_s32_session0_lamp,34,9,34.3,1.4011716842651367,0.6835560731918567
COHFACE_s32_session0_lamp,34,10,34.333333333333336,1.2413811683654785,0.5573455161016672
COHFACE_s32_session0_lamp,34,11,34.36666666666667,1.065792202949524,0.38825232655747655
COHFACE_s32_session0_lamp,34,12,34.4,0.8904812335968018,0.19635513216374303
COHFACE_s32_session0_lamp,34,13,34.43333333333333,0.7228455543518066,0.003209444038799334
COHFACE_s32_session0_lamp,34,14,34.46666666666667,0.5638271570205688,-0.17411969029766125
COHFACE_s32_session0_lamp,34,15,34.5,0.41625213623046875,-0.3270255025067464
COHFACE_s32_session0_lamp,34,16,34.53333333333333,0.28220537304878235,-0.4558288134594854
COHFACE_s32_session0_lamp,34,17,34.56666666666667,0.14852921664714813,-0.5669348489836342
COHFACE_s32_session0_lamp,34,18,34.6,0.009525165893137455,-0.6682847361830491
COHFACE_s32_session0_lamp,34,19,34.63333333333333,-0.1172633245587349,-0.7651009951940936
COHFACE_s32_session0_lamp,34,20,34.666666666666664,-0.237148717045784,-0.8572236413044783
COHFACE_s32_session0_lamp,34,21,34.7,-0.3542543351650238,-0.9383511561222257
COHFACE_s32_session0_lamp,34,22,34.733333333333334,-0.4618932902812958,-0.997022123923175
COHFACE_s32_session0_lamp,34,23,34.766666666666666,-0.5661965012550354,-1.019090191984475
COHFACE_s32_session0_lamp,34,24,34.8,-0.6719822883605957,-0.9912737796221585
COHFACE_s32_session0_lamp,34,25,34.833333333333336,-0.7643788456916809,-0.9049191781938262
COHFACE_s32_session0_lamp,34,26,34.86666666666667,-0.8502737879753113,-0.7586487099369367
COHFACE_s32_session0_lamp,34,27,34.9,-0.8438185453414917,-0.5586807566874279
COHFACE_s32_session0_lamp,34,28,34.93333333333333,-0.5473403930664062,-0.3166347826497294
COHFACE_s32_session0_lamp,34,29,34.96666666666667,0.054603803902864456,-0.046067875089640144
COHFACE_s32_session0_lamp,34,30,35.0,0.6807937622070312,0.24014115084128287
COHFACE_s32_session0_lamp,34,31,35.03333333333333,1.154791235923767,0.5300055561846683
COHFACE_s32_session0_lamp,34,32,35.06666666666667,1.4847811460494995,0.8105869030131905
COHFACE_s32_session0_lamp,34,33,35.1,1.6889244318008423,1.066115809309142
COHFACE_s32_session0_lamp,34,34,35.13333333333333,1.73270583152771,1.2781057918856504
COHFACE_s32_session0_lamp,34,35,35.166666666666664,1.6161870956420898,1.4280244586496158
COHFACE_s32_session0_lamp,34,36,35.2,1.4923481941223145,1.501349613314733
COHFACE_s32_session0_lamp,34,37,35.233333333333334,1.432984709739685,1.4910041441509387
COHFACE_s32_session0_lamp,34,38,35.266666666666666,1.3793041706085205,1.398701971186828
COHFACE_s32_session0_lamp,34,39,35.3,1.2864134311676025,1.2340027879797677
COHFACE_s32_session0_lamp,34,40,35.333333333333336,1.1507296562194824,1.0118765426984853
COHFACE_s32_session0_lamp,34,41,35.36666666666667,0.9754804968833923,0.7498563415899587
COHFACE_s32_session0_lamp,34,42,35.4,0.8037986755371094,0.4655144406078019
COHFACE_s32_session0_lamp,34,43,35.43333333333333,0.6323639750480652,0.17451964186002944
COHFACE_s32_session0_lamp,34,44,35.46666666666667,0.4538717269897461,-0.11064765534833641
COHFACE_s32_session0_lamp,34,45,35.5,0.3015865385532379,-0.38116817504572614
COHFACE_s32_session0_lamp,34,46,35.53333333333333,0.1730993092060089,-0.6313675534986972
COHFACE_s32_session0_lamp,34,47,35.56666666666667,0.04229559004306793,-0.8573660472420156
COHFACE_s32_session0_lamp,34,48,35.6,-0.08489442616701126,-1.0556236678539241
COHFACE_s32_session0_lamp,34,49,35.63333333333333,-0.21453990042209625,-1.2221992944726878
COHFACE_s32_session0_lamp,34,50,35.666666666666664,-0.35382193326950073,-1.3527715902230637
COHFACE_s32_session0_lamp,34,51,35.7,-0.4761473536491394,-1.4426577765991035
COHFACE_s32_session0_lamp,34,52,35.733333333333334,-0.5815470218658447,-1.4861672698846853
COHFACE_s32_session0_lamp,34,53,35.766666666666666,-0.6799200773239136,-1.4756050595125705
COHFACE_s32_session0_lamp,34,54,35.8,-0.781412661075592,-1.4012570873923447
COHFACE_s32_session0_lamp,34,55,35.833333333333336,-0.8883875608444214,-1.253627469697507
COHFACE_s32_session0_lamp,34,56,35.86666666666667,-0.9897874593734741,-1.0277187730806008
COHFACE_s32_session0_lamp,34,57,35.9,-1.056610107421875,-0.727464892785746
COHFACE_s32_session0_lamp,34,58,35.93333333333333,-0.9441682696342468,-0.36798597606375416
COHFACE_s32_session0_lamp,34,59,35.96666666666667,-0.4885636568069458,0.025609265624178708
COHFACE_s32_session0_lamp,34,60,36.0,0.1359584629535675,0.4223707909741895
COHFACE_s32_session0_lamp,34,61,36.03333333333333,0.6809173226356506,0.7908625550876323
COHFACE_s32_session0_lamp,34,62,36.06666666666667,1.0805250406265259,1.1040136405850571
COHFACE_s32_session0_lamp,34,63,36.1,1.340665340423584,1.342449479133353
COHFACE_s32_session0_lamp,34,64,36.13333333333333,1.4479490518569946,1.4958305353419852
COHFACE_s32_session0_lamp,34,65,36.166666666666664,1.3620696067810059,1.5622209234866118
COHFACE_s32_session0_lamp,34,66,36.2,1.2138614654541016,1.5461925256093112
COHFACE_s32_session0_lamp,34,67,36.233333333333334,1.1444905996322632,1.4567445741490246
COHFACE_s32_session0_lamp,34,68,36.266666666666666,1.121433973312378,1.3057521634535336
COHFACE_s32_session0_lamp,34,69,36.3,1.0622711181640625,1.1069798418441155
COHFACE_s32_session0_lamp,34,70,36.333333333333336,0.9423239827156067,0.8753250514949507
COHFACE_s32_session0_lamp,34,71,36.36666666666667,0.7825643420219421,0.6259551619874546
COHFACE_s32_session0_lamp,34,72,36.4,0.6060642600059509,0.37315816413545605
COHFACE_s32_session0_lamp,34,73,36.43333333333333,0.43243658542633057,0.12893320067617214
COHFACE_s32_session0_lamp,34,74,36.46666666666667,0.2591486871242523,-0.09842731087695708
COHFACE_s32_session0_lamp,34,75,36.5,0.1083923950791359,-0.3052948048940626
COHFACE_s32_session0_lamp,34,76,36.53333333333333,-0.028557710349559784,-0.49262913584668705
COHFACE_s32_session0_lamp,34,77,36.56666666666667,-0.15508367121219635,-0.6645338081090522
COHFACE_s32_session0_lamp,34,78,36.6,-0.282582551240921,-0.825694797494201
COHFACE_s32_session0_lamp,34,79,36.63333333333333,-0.4025914967060089,-0.9784610092121673
COHFACE_s32_session0_lamp,34,80,36.666666666666664,-0.5167474746704102,-1.1203661533746303
COHFACE_s32_session0_lamp,34,81,36.7,-0.6358452439308167,-1.242647066903973
COHFACE_s32_session0_lamp,34,82,36.733333333333334,-0.744796872138977,-1.330153818211715
COHFACE_s32_session0_lamp,34,83,36.766666666666666,-0.8447296619415283,-1.3631080640844908
COHFACE_s32_session0_lamp,34,84,36.8,-0.9349023699760437,-1.3211651770513089
COHFACE_s32_session0_lamp,34,85,36.833333333333336,-1.034016728401184,-1.1894892470413847
COHFACE_s32_session0_lamp,34,86,36.86666666666667,-1.1272008419036865,-0.9650005483409507
COHFACE_s32_session0_lamp,34,87,36.9,-1.135555624961853,-0.6599431106528405
COHFACE_s32_session0_lamp,34,88,36.93333333333333,-0.8672304153442383,-0.3007103062128782
COHFACE_s32_session0_lamp,34,89,36.96666666666667,-0.2809610068798065,0.07785136790550992
COHFACE_s32_session0_lamp,34,90,37.0,0.379651814699173,0.4401052069677321
COHFACE_s32_session0_lamp,34,91,37.03333333333333,0.918433427810669,0.7559987239712503
COHFACE_s32_session0_lamp,34,92,37.06666666666667,1.3149833679199219,1.0043621027487886
COHFACE_s32_session0_lamp,34,93,37.1,1.5660121440887451,1.1733857130763274
COHFACE_s32_session0_lamp,34,94,37.13333333333333,1.640587329864502,1.2594118155602516
COHFACE_s32_session0_lamp,34,95,37.166666666666664,1.5301685333251953,1.2650013590087632
COHFACE_s32_session0_lamp,34,96,37.2,1.3861145973205566,1.1969156400184744
COHFACE_s32_session0_lamp,34,97,37.233333333333334,1.3022581338882446,1.0645344957248823
COHFACE_s32_session0_lamp,34,98,37.266666666666666,1.2345707416534424,0.8791732022145239
COHFACE_s32_session0_lamp,34,99,37.3,1.1391319036483765,0.6544277201089053
COHFACE_s32_session0_lamp,34,100,37.333333333333336,0.9972245097160339,0.4069799681702294
COHFACE_s32_session0_lamp,34,101,37.36666666666667,0.8142691850662231,0.15670844245656626
COHFACE_s32_session0_lamp,34,102,37.4,0.6192681789398193,-0.07495299408363365
COHFACE_s32_session0_lamp,34,103,37.43333333333333,0.446706086397171,-0.26855466949832985
COHFACE_s32_session0_lamp,34,104,37.46666666666667,0.28245246410369873,-0.4109279331710785
COHFACE_s32_session0_lamp,34,105,37.5,0.11511017382144928,-0.49834602270542017
COHFACE_s32_session0_lamp,34,106,37.53333333333333,-0.020650804042816162,-0.5370710294145883
COHFACE_s32_session0_lamp,34,107,37.56666666666667,-0.1465744823217392,-0.5410745615032874
COHFACE_s32_session0_lamp,34,108,37.6,-0.2912924885749817,-0.5279596390301479
COHFACE_s32_session0_lamp,34,109,37.63333333333333,-0.43185630440711975,-0.5144834881064726
COHFACE_s32_session0_lamp,34,110,37.666666666666664,-0.5630769729614258,-0.512500375356144
COHFACE_s32_session0_lamp,34,111,37.7,-0.6853715181350708,-0.5256997560154099
COHFACE_s32_session0_lamp,34,112,37.733333333333334,-0.790215253829956,-0.5479656879449533
COHFACE_s32_session0_lamp,34,113,37.766666666666666,-0.8820249438285828,-0.564615910307992
COHFACE_s32_session0_lamp,34,114,37.8,-0.9794250726699829,-0.557044475523914
COHFACE_s32_session0_lamp,34,115,37.833333333333336,-1.0739372968673706,-0.5095716931675784
COHFACE_s32_session0_lamp,34,116,37.86666666666667,-1.1440647840499878,-0.4156990702503025
COHFACE_s32_session0_lamp,34,117,37.9,-1.046788215637207,-0.28069786921901396
COHFACE_s32_session0_lamp,34,118,37.93333333333333,-0.5762500166893005,-0.11907306633568832
COHFACE_s32_session0_lamp,34,119,37.96666666666667,0.15824297070503235,0.051785774188327846
COHFACE_s32_session0_lamp,34,120,38.0,0.871903121471405,0.21815084445304836
COHFACE_s32_session0_lamp,34,121,38.03333333333333,1.4401966333389282,0.373039555739091
COHFACE_s32_session0_lamp,34,122,38.06666666666667,1.8614556789398193,0.5147492403059682
COHFACE_s32_session0_lamp,34,123,38.1,2.143695116043091,0.6427745359757071
COHFACE_s32_session0_lamp,34,124,38.13333333333333,2.229574680328369,0.7541360575983762
COHFACE_s32_session0_lamp,34,125,38.166666666666664,2.1016433238983154,0.8421691253426548
COHFACE_s32_session0_lamp,34,126,38.2,1.9244638681411743,0.8979770244034526
COHFACE_s32_session0_lamp,34,127,38.233333333333334,1.8114197254180908,0.9132910286007438
COHFACE_s32_session0_lamp,34,128,38.266666666666666,1.703904390335083,0.8831077042948684
COHFACE_s32_session0_lamp,34,129,38.3,1.5507698059082031,0.8070380936194823
COHFACE_s32_session0_lamp,34,130,38.333333333333336,1.3592897653579712,0.6891778752771586
COHFACE_s32_session0_lamp,34,131,38.36666666666667,1.1419888734817505,0.5369345572627
COHFACE_s32_session0_lamp,34,132,38.4,0.9231435656547546,0.3593998422024555
COHFACE_s32_session0_lamp,34,133,38.43333333333333,0.7173478007316589,0.16574826358548134
COHFACE_s32_session0_lamp,34,134,38.46666666666667,0.5180072784423828,-0.035945768585063265
COHFACE_s32_session0_lamp,34,135,38.5,0.33726030588150024,-0.23919728979070565
COHFACE_s32_session0_lamp,34,136,38.53333333333333,0.17041219770908356,-0.4388918075294036
COHFACE_s32_session0_lamp,34,137,38.56666666666667,0.009417063556611538,-0.6306374725025641
COHFACE_s32_session0_lamp,34,138,38.6,-0.14757828414440155,-0.8100891332414054
COHFACE_s32_session0_lamp,34,139,38.63333333333333,-0.3044964075088501,-0.9724678254363203
COHFACE_s32_session0_lamp,34,140,38.666666666666664,-0.4527354836463928,-1.1121457511409982
COHFACE_s32_session0_lamp,34,141,38.7,-0.5872455835342407,-1.222075491369812
COHFACE_s32_session0_lamp,34,142,38.733333333333334,-0.7122735381126404,-1.2932408396684287
COHFACE_s32_session0_lamp,34,143,38.766666666666666,-0.8228621482849121,-1.3147695929913406
COHFACE_s32_session0_lamp,34,144,38.8,-0.9249415397644043,-1.275323306819824
COHFACE_s32_session0_lamp,34,145,38.833333333333336,-1.0235925912857056,-1.1657739247658354
COHFACE_s32_session0_lamp,34,146,38.86666666666667,-1.1191704273223877,-0.9823409964123522
COHFACE_s32_session0_lamp,34,147,38.9,-1.1444045305252075,-0.7288926503853714
COHFACE_s32_session0_lamp,34,148,38.93333333333333,-0.892943263053894,-0.4174124273380422
COHFACE_s32_session0_lamp,34,149,38.96666666666667,-0.25472304224967957,-0.06653268950000475
COHFACE_s32_session0_lamp,34,150,39.0,0.5346240997314453,0.30105336440366526
COHFACE_s32_session0_lamp,34,151,39.03333333333333,1.2112669944763184,0.6612582166617733
COHFACE_s32_session0_lamp,34,152,39.06666666666667,1.7258336544036865,0.9908857860766122
COHFACE_s32_session0_lamp,34,153,39.1,2.0789265632629395,1.2696068558999045
COHFACE_s32_session0_lamp,34,154,39.13333333333333,2.262746572494507,1.4815020472561913
COHFACE_s32_session0_lamp,34,155,39.166666666666664,2.2058849334716797,1.615765567261129
COHFACE_s32_session0_lamp,34,156,39.2,2.000119924545288,1.6665231485620196
COHFACE_s32_session0_lamp,34,157,39.233333333333334,1.8351095914840698,1.63232596713545
COHFACE_s32_session0_lamp,34,158,39.266666666666666,1.7239186763763428,1.516010027279743
COHFACE_s32_session0_lamp,34,159,39.3,1.5840344429016113,1.3251477572105947
COHFACE_s32_session0_lamp,34,160,39.333333333333336,1.3849254846572876,1.0726285674633096
COHFACE_s32_session0_lamp,34,161,39.36666666666667,1.1465909481048584,0.7764910472752241
COHFACE_s32_session0_lamp,34,162,39.4,0.8959481716156006,0.45832443732127065
COHFACE_s32_session0_lamp,34,163,39.43333333333333,0.6612735986709595,0.14027393122437165
COHFACE_s32_session0_lamp,34,164,39.46666666666667,0.4338110387325287,-0.15849602954654643
COHFACE_s32_session0_lamp,34,165,39.5,0.21448703110218048,-0.42464763545729073
COHFACE_s32_session0_lamp,34,166,39.53333333333333,0.021756162866950035,-0.6519261767698462
COHFACE_s32_session0_lamp,34,167,39.56666666666667,-0.14745473861694336,-0.840673880157927
COHFACE_s32_session0_lamp,34,168,39.6,-0.30505236983299255,-0.9960631575893213
COHFACE_s32_session0_lamp,34,169,39.63333333333333,-0.46019452810287476,-1.1256301578944532
COHFACE_s32_session0_lamp,34,170,39.666666666666664,-0.6177458167076111,-1.2363744155685805
COHFACE_s32_session0_lamp,34,171,39.7,-0.7613983154296875,-1.3315126309068255
COHFACE_s32_session0_lamp,34,172,39.733333333333334,-0.8962326645851135,-1.4073833403822182
COHFACE_s32_session0_lamp,34,173,39.766666666666666,-1.0261098146438599,-1.4517431212197074
COHFACE_s32_session0_lamp,34,174,39.8,-1.1375941038131714,-1.4450412421979086
COHFACE_s32_session0_lamp,34,175,39.833333333333336,-1.234160304069519,-1.3654367816921587
COHFACE_s32_session0_lamp,34,176,39.86666666666667,-1.3220937252044678,-1.19634220025555
COHFACE_s32_session0_lamp,34,177,39.9,-1.4074636697769165,-0.9334701899765786
COHFACE_s32_session0_lamp,34,178,39.93333333333333,-1.4648505449295044,-0.5881899232164263
COHFACE_s32_session0_lamp,34,179,39.96666666666667,-1.3268811702728271,-0.18578209113702282
COHFACE_s32_session0_lamp,34,180,40.0,-0.8137969970703125,0.24010949629232994
COHFACE_s32_session0_lamp,34,181,40.03333333333333,-0.0706249251961708,0.6539770013772307
COHFACE_s32_session0_lamp,34,182,40.06666666666667,0.6128901243209839,1.0237673379048793
COHFACE_s32_session0_lamp,34,183,40.1,1.1272251605987549,1.3244330107484605
COHFACE_s32_session0_lamp,34,184,40.13333333333333,1.4969193935394287,1.5397348567174238
COHFACE_s32_session0_lamp,34,185,40.166666666666664,1.7115486860275269,1.6622689927507799
COHFACE_s32_session0_lamp,34,186,40.2,1.7021746635437012,1.691951450469403
COHFACE_s32_session0_lamp,34,187,40.233333333333334,1.521844744682312,1.6337591553358763
COHFACE_s32_session0_lamp,34,188,40.266666666666666,1.3453600406646729,1.49585034607989
COHFACE_s32_session0_lamp,34,189,40.3,1.2337831258773804,1.2888703868279319
COHFACE_s32_session0_lamp,34,190,40.333333333333336,1.1162914037704468,1.0263434769363935
COHFACE_s32_session0_lamp,34,191,40.36666666666667,0.954338788986206,0.7252051783182321
COHFACE_s32_session0_lamp,34,192,40.4,0.7506587505340576,0.40538622484624753
COHFACE_s32_session0_lamp,34,193,40.43333333333333,0.5137758255004883,0.08794484786726321
COHFACE_s32_session0_lamp,34,194,40.46666666666667,0.29153305292129517,-0.20785788053792925
COHFACE_s32_session0_lamp,34,195,40.5,0.08337444067001343,-0.46748937493115233
COHFACE_s32_session0_lamp,34,196,40.53333333333333,-0.10577360540628433,-0.6829917476163124
COHFACE_s32_session0_lamp,34,197,40.56666666666667,-0.27975645661354065,-0.8531751497808382
COHFACE_s32_session0_lamp,34,198,40.6,-0.44102954864501953,-0.9822929324254357
COHFACE_s32_session0_lamp,34,199,40.63333333333333,-0.5842496156692505,-1.0776879679960718
COHFACE_s32_session0_lamp,34,200,40.666666666666664,-0.7233771681785583,-1.1467619109030407
COHFACE_s32_session0_lamp,34,201,40.7,-0.8685121536254883,-1.1935818533150078
COHFACE_s32_session0_lamp,34,202,40.733333333333334,-1.0037789344787598,-1.2159750532700275
COHFACE_s32_session0_lamp,34,203,40.766666666666666,-1.1318492889404297,-1.2046253275943153
COHFACE_s32_session0_lamp,34,204,40.8,-1.240028738975525,-1.1455985889614537
COHFACE_s32_session0_lamp,34,205,40.833333333333336,-1.3361624479293823,-1.0262952319578633
COHFACE_s32_session0_lamp,34,206,40.86666666666667,-1.4332691431045532,-0.8424943712287684
COHFACE_s32_session0_lamp,34,207,40.9,-1.5400587320327759,-0.6027454999902058
COHFACE_s32_session0_lamp,34,208,40.93333333333333,-1.6443157196044922,-0.3273739307646768
COHFACE_s32_session0_lamp,34,209,40.96666666666667,-1.6409181356430054,-0.04231850620395944
COHFACE_s32_session0_lamp,34,210,41.0,-1.3326877355575562,0.22893649868668842
COHFACE_s32_session0_lamp,34,211,41.03333333333333,-0.7261723875999451,0.47104093094924776
COHFACE_s32_session0_lamp,34,212,41.06666666666667,-0.09718719124794006,0.6775888201475406
COHFACE_s32_session0_lamp,34,213,41.1,0.3793275058269501,0.8477342863495128
COHFACE_s32_session0_lamp,34,214,41.13333333333333,0.725517213344574,0.9815099022567435
COHFACE_s32_session0_lamp,34,215,41.166666666666664,0.9503544569015503,1.0768008167962817
COHFACE_s32_session0_lamp,34,216,41.2,0.9981047511100769,1.1291271323509733
COHFACE_s32_session0_lamp,34,217,41.233333333333334,0.860258936882019,1.1334818811885574
COHFACE_s32_session0_lamp,34,218,41.266666666666666,0.710290253162384,1.0869134710600752
COHFACE_s32_session0_lamp,34,219,41.3,0.6298313140869141,0.9909064887334844
COHFACE_s32_session0_lamp,34,220,41.333333333333336,0.5618813037872314,0.8528643222338632
COHFACE_s32_session0_lamp,34,221,41.36666666666667,0.4561882019042969,0.6859602501829202
COHFACE_s32_session0_lamp,34,222,41.4,0.3115937411785126,0.5067592897557818
COHFACE_s32_session0_lamp,34,223,41.43333333333333,0.13121740520000458,0.33086399573778624
COHFACE_s32_session0_lamp,34,224,41.46666666666667,-0.06194586306810379,0.1682769470930125
COHFACE_s32_session0_lamp,34,225,41.5,-0.24348041415214539,0.02093021867344172
COHFACE_s32_session0_lamp,34,226,41.53333333333333,-0.4104057252407074,-0.11611953438368834
COHFACE_s32_session0_lamp,34,227,41.56666666666667,-0.5509541034698486,-0.2504397130825019
COHFACE_s32_session0_lamp,34,228,41.6,-0.6774491667747498,-0.3873235136994818
COHFACE_s32_session0_lamp,34,229,41.63333333333333,-0.8032338619232178,-0.5267967848206684
COHFACE_s32_session0_lamp,34,230,41.666666666666664,-0.9271498918533325,-0.6633862479506067
COHFACE_s32_session0_lamp,34,231,41.7,-1.0497069358825684,-0.7875751669127466
COHFACE_s32_session0_lamp,34,232,41.733333333333334,-1.1716926097869873,-0.887391489403261
COHFACE_s32_session0_lamp,34,233,41.766666666666666,-1.2849375009536743,-0.949585423128145
COHFACE_s32_session0_lamp,34,234,41.8,-1.3796195983886719,-0.9611750466956115
COHFACE_s32_session0_lamp,34,235,41.833333333333336,-1.476463794708252,-0.912261563921972
COHFACE_s32_session0_lamp,34,236,41.86666666666667,-1.5881952047348022,-0.7995577393504487
COHFACE_s32_session0_lamp,34,237,41.9,-1.6975328922271729,-0.6287577716053082
COHFACE_s32_session0_lamp,34,238,41.93333333333333,-1.7207748889923096,-0.4143504238209945
COHFACE_s32_session0_lamp,34,239,41.96666666666667,-1.4514613151550293,-0.1771469412872281
COHFACE_s32_session0_lamp,35,0,35.0,0.6807937622070312,0.13574761963630821
COHFACE_s32_session0_lamp,35,1,35.03333333333333,1.154791235923767,0.30051740345460487
COHFACE_s32_session0_lamp,35,2,35.06666666666667,1.4847811460494995,0.46517282542845373
COHFACE_s32_session0_lamp,35,3,35.1,1.6889244318008423,0.6279592845012809
COHFACE_s32_session0_lamp,35,4,35.13333333333333,1.73270583152771,0.7813367823068907
COHFACE_s32_session0_lamp,35,5,35.166666666666664,1.6161870956420898,0.9122058563925997
COHFACE_s32_session0_lamp,35,6,35.2,1.4923481941223145,1.0045419521170038
COHFACE_s32_session0_lamp,35,7,35.233333333333334,1.432984709739685,1.0435537782036082
COHFACE_s32_session0_lamp,35,8,35.266666666666666,1.3793041706085205,1.019801229834088
COHFACE_s32_session0_lamp,35,9,35.3,1.2864134311676025,0.9317317044203238
COHFACE_s32_session0_lamp,35,10,35.333333333333336,1.1507296562194824,0.78597104279448
COHFACE_s32_session0_lamp,35,11,35.36666666666667,0.9754804968833923,0.5957149725351251
COHFACE_s32_session0_lamp,35,12,35.4,0.8037986755371094,0.3779845908961127
COHFACE_s32_session0_lamp,35,13,35.43333333333333,0.6323639750480652,0.15046332912003874
COHFACE_s32_session0_lamp,35,14,35.46666666666667,0.4538717269897461,-0.0714472526433218
COHFACE_s32_session0_lamp,35,15,35.5,0.3015865385532379,-0.27675763948357773
COHFACE_s32_session0_lamp,35,16,35.53333333333333,0.1730993092060089,-0.45975275812253286
COHFACE_s32_session0_lamp,35,17,35.56666666666667,0.04229559004306793,-0.6194608394150611
COHFACE_s32_session0_lamp,35,18,35.6,-0.08489442616701126,-0.7580372312560202
COHFACE_s32_session0_lamp,35,19,35.63333333333333,-0.21453990042209625,-0.8786138632536554
COHFACE_s32_session0_lamp,35,20,35.666666666666664,-0.35382193326950073,-0.9830582843106705
COHFACE_s32_session0_lamp,35,21,35.7,-0.4761473536491394,-1.0699203893543752
COHFACE_s32_session0_lamp,35,22,35.733333333333334,-0.5815470218658447,-1.1329467276674396
COHFACE_s32_session0_lamp,35,23,35.766666666666666,-0.6799200773239136,-1.160853767151113
COHFACE_s32_session0_lamp,35,24,35.8,-0.781412661075592,-1.1391641023814358
COHFACE_s32_session0_lamp,35,25,35.833333333333336,-0.8883875608444214,-1.054264314532484
COHFACE_s32_session0_lamp,35,26,35.86666666666667,-0.9897874593734741,-0.898460912338977
COHFACE_s32_session0_lamp,35,27,35.9,-1.056610107421875,-0.6737967539558014
COHFACE_s32_session0_lamp,35,28,35.93333333333333,-0.9441682696342468,-0.39277761886256185
COHFACE_s32_session0_lamp,35,29,35.96666666666667,-0.4885636568069458,-0.07574548870895445
COHFACE_s32_session0_lamp,35,30,36.0,0.1359584629535675,0.2536228827532428
COHFACE_s32_session0_lamp,35,31,36.03333333333333,0.6809173226356506,0.5724974813613599
COHFACE_s32_session0_lamp,35,32,36.06666666666667,1.0805250406265259,0.8613258977919981
COHFACE_s32_session0_lamp,35,33,36.1,1.340665340423584,1.1044626980684358
COHFACE_s32_session0_lamp,35,34,36.13333333333333,1.4479490518569946,1.2898183731453094
COHFACE_s32_session0_lamp,35,35,36.166666666666664,1.3620696067810059,1.4084541437276603
COHFACE_s32_session0_lamp,35,36,36.2,1.2138614654541016,1.454681842168718
COHFACE_s32_session0_lamp,35,37,36.233333333333334,1.1444905996322632,1.4267133076974932
COHFACE_s32_session0_lamp,35,38,36.266666666666666,1.121433973312378,1.327494725238236
COHFACE_s32_session0_lamp,35,39,36.3,1.0622711181640625,1.1651946054469493
COHFACE_s32_session0_lamp,35,40,36.333333333333336,0.9423239827156067,0.9528987601591025
COHFACE_s32_session0_lamp,35,41,36.36666666666667,0.7825643420219421,0.7073138850320447
COHFACE_s32_session0_lamp,35,42,36.4,0.6060642600059509,0.4465736397539819
COHFACE_s32_session0_lamp,35,43,36.43333333333333,0.43243658542633057,0.18748940282869303
COHFACE_s32_session0_lamp,35,44,36.46666666666667,0.2591486871242523,-0.05722370913129522
COHFACE_s32_session0_lamp,35,45,36.5,0.1083923950791359,-0.2810223382655345
COHFACE_s32_session0_lamp,35,46,36.53333333333333,-0.028557710349559784,-0.484059598537124
COHFACE_s32_session0_lamp,35,47,36.56666666666667,-0.15508367121219635,-0.6715801320399774
COHFACE_s32_session0_lamp,35,48,36.6,-0.282582551240921,-0.8504110911253455
COHFACE_s32_session0_lamp,35,49,36.63333333333333,-0.4025914967060089,-1.0246126583973876
COHFACE_s32_session0_lamp,35,50,36.666666666666664,-0.5167474746704102,-1.1916715577364863
COHFACE_s32_session0_lamp,35,51,36.7,-0.6358452439308167,-1.3404152141212735
COHFACE_s32_session0_lamp,35,52,36.733333333333334,-0.744796872138977,-1.4513751911267998
COHFACE_s32_session0_lamp,35,53,36.766666666666666,-0.8447296619415283,-1.4998616348219085
COHFACE_s32_session0_lamp,35,54,36.8,-0.9349023699760437,-1.4615208530070607
COHFACE_s32_session0_lamp,35,55,36.833333333333336,-1.034016728401184,-1.3193550441373934
COHFACE_s32_session0_lamp,35,56,36.86666666666667,-1.1272008419036865,-1.0701460178217153
COHFACE_s32_session0_lamp,35,57,36.9,-1.135555624961853,-0.7278083912264396
COHFACE_s32_session0_lamp,35,58,36.93333333333333,-0.8672304153442383,-0.3221065703654471
COHFACE_s32_session0_lamp,35,59,36.96666666666667,-0.2809610068798065,0.10700778966076319
COHFACE_s32_session0_lamp,35,60,37.0,0.379651814699173,0.5174573623718768
COHFACE_s32_session0_lamp,35,61,37.03333333333333,0.918433427810669,0.872774638009629
COHFACE_s32_session0_lamp,35,62,37.06666666666667,1.3149833679199219,1.1473201489549472
COHFACE_s32_session0_lamp,35,63,37.1,1.5660121440887451,1.32807095709907
COHFACE_s32_session0_lamp,35,64,37.13333333333333,1.640587329864502,1.4133239753984954
COHFACE_s32_session0_lamp,35,65,37.166666666666664,1.5301685333251953,1.4095309549023454
COHFACE_s32_session0_lamp,35,66,37.2,1.3861145973205566,1.3278412614720645
COHFACE_s32_session0_lamp,35,67,37.233333333333334,1.3022581338882446,1.1816291022715786
COHFACE_s32_session0_lamp,35,68,37.266666666666666,1.2345707416534424,0.9854262354922834
COHFACE_s32_session0_lamp,35,69,37.3,1.1391319036483765,0.7548298230096957
COHFACE_s32_session0_lamp,35,70,37.333333333333336,0.9972245097160339,0.5066021685176288
COHFACE_s32_session0_lamp,35,71,37.36666666666667,0.8142691850662231,0.2582658185754459
COHFACE_s32_session0_lamp,35,72,37.4,0.6192681789398193,0.026782988523940822
COHFACE_s32_session0_lamp,35,73,37.43333333333333,0.446706086397171,-0.17361119965231347
COHFACE_s32_session0_lamp,35,74,37.46666666666667,0.28245246410369873,-0.33374161369414207
COHFACE_s32_session0_lamp,35,75,37.5,0.11511017382144928,-0.4509851635053469
COHFACE_s32_session0_lamp,35,76,37.53333333333333,-0.020650804042816162,-0.5292092335792269
COHFACE_s32_session0_lamp,35,77,37.56666666666667,-0.1465744823217392,-0.5772030800904561
COHFACE_s32_session0_lamp,35,78,37.6,-0.2912924885749817,-0.6063451292522477
COHFACE_s32_session0_lamp,35,79,37.63333333333333,-0.43185630440711975,-0.6282494895055795
COHFACE_s32_session0_lamp,35,80,37.666666666666664,-0.5630769729614258,-0.6524178232440915
COHFACE_s32_session0_lamp,35,81,37.7,-0.6853715181350708,-0.6835454899826694
COHFACE_s32_session0_lamp,35,82,37.733333333333334,-0.790215253829956,-0.7188772504095818
COHFACE_s32_session0_lamp,35,83,37.766666666666666,-0.8820249438285828,-0.7471458761202175
COHFACE_s32_session0_lamp,35,84,37.8,-0.9794250726699829,-0.7508305201729769
COHFACE_s32_session0_lamp,35,85,37.833333333333336,-1.0739372968673706,-0.7120185185936578
COHFACE_s32_session0_lamp,35,86,37.86666666666667,-1.1440647840499878,-0.6196280108428404
COHFACE_s32_session0_lamp,35,87,37.9,-1.046788215637207,-0.47422645829340865
COHFACE_s32_session0_lamp,35,88,37.93333333333333,-0.5762500166893005,-0.2877644809617272
COHFACE_s32_session0_lamp,35,89,37.96666666666667,0.15824297070503235,-0.07853283871732449
COHFACE_s32_session0_lamp,35,90,38.0,0.871903121471405,0.13552624768763122
COHFACE_s32_session0_lamp,35,91,38.03333333333333,1.4401966333389282,0.34134525188105846
COHFACE_s32_session0_lamp,35,92,38.06666666666667,1.8614556789398193,0.5312601852287526
COHFACE_s32_session0_lamp,35,93,38.1,2.143695116043091,0.7005158574011775
COHFACE_s32_session0_lamp,35,94,38.13333333333333,2.229574680328369,0.8441877211453304
COHFACE_s32_session0_lamp,35,95,38.166666666666664,2.1016433238983154,0.9555999404097222
COHFACE_s32_session0_lamp,35,96,38.2,1.9244638681411743,1.0268936914196942
COHFACE_s32_session0_lamp,35,97,38.233333333333334,1.8114197254180908,1.051010094407189
COHFACE_s32_session0_lamp,35,98,38.266666666666666,1.703904390335083,1.0238042979109827
COHFACE_s32_session0_lamp,35,99,38.3,1.5507698059082031,0.9453325722759208
COHFACE_s32_session0_lamp,35,100,38.333333333333336,1.3592897653579712,0.820060239289406
COHFACE_s32_session0_lamp,35,101,38.36666666666667,1.1419888734817505,0.6562403422443542
COHFACE_s32_session0_lamp,35,102,38.4,0.9231435656547546,0.46473572962840115
COHFACE_s32_session0_lamp,35,103,38.43333333333333,0.7173478007316589,0.25739138665598843
COHFACE_s32_session0_lamp,35,104,38.46666666666667,0.5180072784423828,0.04510704546988348
COHFACE_s32_session0_lamp,35,105,38.5,0.33726030588150024,-0.16397809536683688
COHFACE_s32_session0_lamp,35,106,38.53333333333333,0.17041219770908356,-0.36554954522110794
COHFACE_s32_session0_lamp,35,107,38.56666666666667,0.009417063556611538,-0.5588719780363502
COHFACE_s32_session0_lamp,35,108,38.6,-0.14757828414440155,-0.7451306014597214
COHFACE_s32_session0_lamp,35,109,38.63333333333333,-0.3044964075088501,-0.9247967860379889
COHFACE_s32_session0_lamp,35,110,38.666666666666664,-0.4527354836463928,-1.094769276823862
COHFACE_s32_session0_lamp,35,111,38.7,-0.5872455835342407,-1.2461314305889102
COHFACE_s32_session0_lamp,35,112,38.733333333333334,-0.7122735381126404,-1.3633517763698384
COHFACE_s32_session0_lamp,35,113,38.766666666666666,-0.8228621482849121,-1.4256527785477806
COHFACE_s32_session0_lamp,35,114,38.8,-0.9249415397644043,-1.410929570525723
COHFACE_s32_session0_lamp,35,115,38.833333333333336,-1.0235925912857056,-1.3017462541170628
COHFACE_s32_session0_lamp,35,116,38.86666666666667,-1.1191704273223877,-1.0916855048978233
COHFACE_s32_session0_lamp,35,117,38.9,-1.1444045305252075,-0.7895277818017625
COHFACE_s32_session0_lamp,35,118,38.93333333333333,-0.892943263053894,-0.4192061944711633
COHFACE_s32_session0_lamp,35,119,38.96666666666667,-0.25472304224967957,-0.015197565787658785
COHFACE_s32_session0_lamp,35,120,39.0,0.5346240997314453,0.38488828185686863
COHFACE_s32_session0_lamp,35,121,39.03333333333333,1.2112669944763184,0.7476497406807635
COHFACE_s32_session0_lamp,35,122,39.06666666666667,1.7258336544036865,1.0488931481848116
COHFACE_s32_session0_lamp,35,123,39.1,2.0789265632629395,1.2754362716830157
COHFACE_s32_session0_lamp,35,124,39.13333333333333,2.262746572494507,1.4239401264985836
COHFACE_s32_session0_lamp,35,125,39.166666666666664,2.2058849334716797,1.497700541092277
COHFACE_s32_session0_lamp,35,126,39.2,2.000119924545288,1.5029197419831533
COHFACE_s32_session0_lamp,35,127,39.233333333333334,1.8351095914840698,1.4460461156332804
COHFACE_s32_session0_lamp,35,128,39.266666666666666,1.7239186763763428,1.3329979418960327
COHFACE_s32_session0_lamp,35,129,39.3,1.5840344429016113,1.1699963258582624
COHFACE_s32_session0_lamp,35,130,39.333333333333336,1.3849254846572876,0.9650334097743031
COHFACE_s32_session0_lamp,35,131,39.36666666666667,1.1465909481048584,0.7288752513033162
COHFACE_s32_session0_lamp,35,132,39.4,0.8959481716156006,0.47481410787774353
COHFACE_s32_session0_lamp,35,133,39.43333333333333,0.6612735986709595,0.21701974210780875
COHFACE_s32_session0_lamp,35,134,39.46666666666667,0.4338110387325287,-0.03191969136329752
COHFACE_s32_session0_lamp,35,135,39.5,0.21448703110218048,-0.26322080882878596
COHFACE_s32_session0_lamp,35,136,39.53333333333333,0.021756162866950035,-0.4729575227030753
COHFACE_s32_session0_lamp,35,137,39.56666666666667,-0.14745473861694336,-0.6615996401753513
COHFACE_s32_session0_lamp,35,138,39.6,-0.30505236983299255,-0.8323785945563899
COHFACE_s32_session0_lamp,35,139,39.63333333333333,-0.46019452810287476,-0.9890887463588467
COHFACE_s32_session0_lamp,35,140,39.666666666666664,-0.6177458167076111,-1.1336596242306392
COHFACE_s32_session0_lamp,35,141,39.7,-0.7613983154296875,-1.263633447324828
COHFACE_s32_session0_lamp,35,142,39.733333333333334,-0.8962326645851135,-1.3700710702743437
COHFACE_s32_session0_lamp,35,143,39.766666666666666,-1.0261098146438599,-1.4370254732159282
COHFACE_s32_session0_lamp,35,144,39.8,-1.1375941038131714,-1.4437982452843372
COHFACE_s32_session0_lamp,35,145,39.833333333333336,-1.234160304069519,-1.3702300572235433
COHFACE_s32_session0_lamp,35,146,39.86666666666667,-1.3220937252044678,-1.2035265862402889
COHFACE_s32_session0_lamp,35,147,39.9,-1.4074636697769165,-0.9438015159171169
COHFACE_s32_session0_lamp,35,148,39.93333333333333,-1.4648505449295044,-0.6057710257345689
COHFACE_s32_session0_lamp,35,149,39.96666666666667,-1.3268811702728271,-0.21588573531670538
COHFACE_s32_session0_lamp,35,150,40.0,-0.8137969970703125,0.19343648793286466
COHFACE_s32_session0_lamp,35,151,40.03333333333333,-0.0706249251961708,0.5896586928179842
COHFACE_s32_session0_lamp,35,152,40.06666666666667,0.6128901243209839,0.9441561313379878
COHFACE_s32_session0_lamp,35,153,40.1,1.1272251605987549,1.2342538869941388
COHFACE_s32_session0_lamp,35,154,40.13333333333333,1.4969193935394287,1.4439806395914445
COHFACE_s32_session0_lamp,35,155,40.166666666666664,1.7115486860275269,1.5641692569086236
COHFACE_s32_session0_lamp,35,156,40.2,1.7021746635437012,1.5921693364166882
COHFACE_s32_session0_lamp,35,157,40.233333333333334,1.521844744682312,1.5312528173163518
COHFACE_s32_session0_lamp,35,158,40.266666666666666,1.3453600406646729,1.3898722845782103
COHFACE_s32_session0_lamp,35,159,40.3,1.2337831258773804,1.1809778118903687
COHFACE_s32_session0_lamp,35,160,40.333333333333336,1.1162914037704468,0.9213646068384025
COHFACE_s32_session0_lamp,35,161,40.36666666666667,0.954338788986206,0.6307120749891733
COHFACE_s32_session0_lamp,35,162,40.4,0.7506587505340576,0.32993258834367195
COHFACE_s32_session0_lamp,35,163,40.43333333333333,0.5137758255004883,0.03879577629211596
COHFACE_s32_session0_lamp,35,164,40.46666666666667,0.29153305292129517,-0.22664629518289633
COHFACE_s32_session0_lamp,35,165,40.5,0.08337444067001343,-0.45596699413117664
COHFACE_s32_session0_lamp,35,166,40.53333333333333,-0.10577360540628433,-0.6449294275970279
COHFACE_s32_session0_lamp,35,167,40.56666666666667,-0.27975645661354065,-0.7946071119646932
COHFACE_s32_session0_lamp,35,168,40.6,-0.44102954864501953,-0.9095139479837631
COHFACE_s32_session0_lamp,35,169,40.63333333333333,-0.5842496156692505,-0.9953330752673111
COHFACE_s32_session0_lamp,35,170,40.666666666666664,-0.7233771681785583,-1.0565466695088301
COHFACE_s32_session0_lamp,35,171,40.7,-0.8685121536254883,-1.094142742106358
COHFACE_s32_session0_lamp,35,172,40.733333333333334,-1.0037789344787598,-1.1040035910043182
COHFACE_s32_session0_lamp,35,173,40.766666666666666,-1.1318492889404297,-1.0770656614023821
COHFACE_s32_session0_lamp,35,174,40.8,-1.240028738975525,-1.0021156662127588
COHFACE_s32_session0_lamp,35,175,40.833333333333336,-1.3361624479293823,-0.8708801596503504
COHFACE_s32_session0_lamp,35,176,40.86666666666667,-1.4332691431045532,-0.6833817762111626
COHFACE_s32_session0_lamp,35,177,40.9,-1.5400587320327759,-0.45063779597961623
COHFACE_s32_session0_lamp,35,178,40.93333333333333,-1.6443157196044922,-0.19268774446440126
COHFACE_s32_session0_lamp,35,179,40.96666666666667,-1.6409181356430054,0.06752228582499023
COHFACE_s32_session0_lamp,35,180,41.0,-1.3326877355575562,0.31114017347219247
COHFACE_s32_session0_lamp,35,181,41.03333333333333,-0.7261723875999451,0.5273850578271454
COHFACE_s32_session0_lamp,35,182,41.06666666666667,-0.09718719124794006,0.7129139396924453
COHFACE_s32_session0_lamp,35,183,41.1,0.3793275058269501,0.8680796265530017
COHFACE_s32_session0_lamp,35,184,41.13333333333333,0.725517213344574,0.9928483476936252
COHFACE_s32_session0_lamp,35,185,41.166666666666664,0.9503544569015503,1.0844265430407287
COHFACE_s32_session0_lamp,35,186,41.2,0.9981047511100769,1.1371757250817294
COHFACE_s32_session0_lamp,35,187,41.233333333333334,0.860258936882019,1.144243102406996
COHFACE_s32_session0_lamp,35,188,41.266666666666666,0.710290253162384,1.09998232227476
COHFACE_s32_session0_lamp,35,189,41.3,0.6298313140869141,1.0024226401219316
COHFACE_s32_session0_lamp,35,190,41.333333333333336,0.5618813037872314,0.8552290745407349
COHFACE_s32_session0_lamp,35,191,41.36666666666667,0.4561882019042969,0.6685168497887934
COHFACE_s32_session0_lamp,35,192,41.4,0.3115937411785126,0.4577500749868466
COHFACE_s32_session0_lamp,35,193,41.43333333333333,0.13121740520000458,0.24042336802289063
COHFACE_s32_session0_lamp,35,194,41.46666666666667,-0.06194586306810379,0.03148183799662907
COHFACE_s32_session0_lamp,35,195,41.5,-0.24348041415214539,-0.1605382519987825
COHFACE_s32_session0_lamp,35,196,41.53333333333333,-0.4104057252407074,-0.3348931120374949
COHFACE_s32_session0_lamp,35,197,41.56666666666667,-0.5509541034698486,-0.497067840554946
COHFACE_s32_session0_lamp,35,198,41.6,-0.6774491667747498,-0.6552058682006793
COHFACE_s32_session0_lamp,35,199,41.63333333333333,-0.8032338619232178,-0.8161156986879546
COHFACE_s32_session0_lamp,35,200,41.666666666666664,-0.9271498918533325,-0.9820207704295241
COHFACE_s32_session0_lamp,35,201,41.7,-1.0497069358825684,-1.148377810191869
COHFACE_s32_session0_lamp,35,202,41.733333333333334,-1.1716926097869873,-1.3026896225393783
COHFACE_s32_session0_lamp,35,203,41.766666666666666,-1.2849375009536743,-1.424584439975252
COHFACE_s32_session0_lamp,35,204,41.8,-1.3796195983886719,-1.4880664554970178
COHFACE_s32_session0_lamp,35,205,41.833333333333336,-1.476463794708252,-1.4666607375284137
COHFACE_s32_session0_lamp,35,206,41.86666666666667,-1.5881952047348022,-1.34067398937568
COHFACE_s32_session0_lamp,35,207,41.9,-1.6975328922271729,-1.1040654683910998
COHFACE_s32_session0_lamp,35,208,41.93333333333333,-1.7207748889923096,-0.7679806758719616
COHFACE_s32_session0_lamp,35,209,41.96666666666667,-1.4514613151550293,-0.3593834112518113
COHFACE_s32_session0_lamp,35,210,42.0,-0.8761101961135864,0.08433313977715837
COHFACE_s32_session0_lamp,35,211,42.03333333333333,-0.27205029129981995,0.5222754027565225
COHFACE_s32_session0_lamp,35,212,42.06666666666667,0.19714434444904327,0.9164277003505533
COHFACE_s32_session0_lamp,35,213,42.1,0.5382378101348877,1.2365600071097558
COHFACE_s32_session0_lamp,35,214,42.13333333333333,0.785436749458313,1.4632099656951805
COHFACE_s32_session0_lamp,35,215,42.166666666666664,0.865957498550415,1.5884100396514662
COHFACE_s32_session0_lamp,35,216,42.2,0.7562646269798279,1.6144172072630898
COHFACE_s32_session0_lamp,35,217,42.233333333333334,0.6200557947158813,1.5513584838205916
COHFACE_s32_session0_lamp,35,218,42.266666666666666,0.565881073474884,1.4147521558600105
COHFACE_s32_session0_lamp,35,219,42.3,0.5096988081932068,1.2233840977758779
COHFACE_s32_session0_lamp,35,220,42.333333333333336,0.4204990267753601,0.9974853118392589
COHFACE_s32_session0_lamp,35,221,42.36666666666667,0.2903748154640198,0.756919920652427
COHFACE_s32_session0_lamp,35,222,42.4,0.13632909953594208,0.5192415034679041
COHFACE_s32_session0_lamp,35,223,42.43333333333333,-0.041004911065101624,0.29781285632518845
COHFACE_s32_session0_lamp,35,224,42.46666666666667,-0.21537384390830994,0.10042587200889551
COHFACE_s32_session0_lamp,35,225,42.5,-0.3857120871543884,-0.07114061713461294
COHFACE_s32_session0_lamp,35,226,42.53333333333333,-0.5429390668869019,-0.2204158275717014
COHFACE_s32_session0_lamp,35,227,42.56666666666667,-0.6620368957519531,-0.3545065742199687
COHFACE_s32_session0_lamp,35,228,42.6,-0.7764554023742676,-0.48172107313654683
COHFACE_s32_session0_lamp,35,229,42.63333333333333,-0.890873908996582,-0.6089715544450732
COHFACE_s32_session0_lamp,35,230,42.666666666666664,-1.0059101581573486,-0.7392461915330288
COHFACE_s32_session0_lamp,35,231,42.7,-1.123741626739502,-0.8694074843008663
COHFACE_s32_session0_lamp,35,232,42.733333333333334,-1.2205085754394531,-0.9888311510732958
COHFACE_s32_session0_lamp,35,233,42.766666666666666,-1.3150980472564697,-1.0797504691860509
COHFACE_s32_session0_lamp,35,234,42.8,-1.414644718170166,-1.120170618794991
COHFACE_s32_session0_lamp,35,235,42.833333333333336,-1.518237590789795,-1.0894337312453248
COHFACE_s32_session0_lamp,35,236,42.86666666666667,-1.593553900718689,-0.9750570464842494
COHFACE_s32_session0_lamp,35,237,42.9,-1.4764020442962646,-0.7783093707998676
COHFACE_s32_session0_lamp,35,238,42.93333333333333,-1.0171064138412476,-0.5161289019136059
COHFACE_s32_session0_lamp,35,239,42.96666666666667,-0.39950284361839294,-0.21853450182501905
COHFACE_s32_session0_lamp,36,0,36.0,0.1359584629535675,0.10557468925242601
COHFACE_s32_session0_lamp,36,1,36.03333333333333,0.6809173226356506,0.16105352582105117
COHFACE_s32_session0_lamp,36,2,36.06666666666667,1.0805250406265259,0.2308414141657428
COHFACE_s32_session0_lamp,36,3,36.1,1.340665340423584,0.3242619857352391
COHFACE_s32_session0_lamp,36,4,36.13333333333333,1.4479490518569946,0.4414143140215852
COHFACE_s32_session0_lamp,36,5,36.166666666666664,1.3620696067810059,0.5722730479598835
COHFACE_s32_session0_lamp,36,6,36.2,1.2138614654541016,0.6991581815943118
COHFACE_s32_session0_lamp,36,7,36.233333333333334,1.1444905996322632,0.8016684959009275
COHFACE_s32_session0_lamp,36,8,36.266666666666666,1.121433973312378,0.8621904569315694
COHFACE_s32_session0_lamp,36,9,36.3,1.0622711181640625,0.8700046595448234
COHFACE_s32_session0_lamp,36,10,36.333333333333336,0.9423239827156067,0.8228356000048481
COHFACE_s32_session0_lamp,36,11,36.36666666666667,0.7825643420219421,0.7258794116410044
COHFACE_s32_session0_lamp,36,12,36.4,0.6060642600059509,0.5892305630325407
COHFACE_s32_session0_lamp,36,13,36.43333333333333,0.43243658542633057,0.4248946179199764
COHFACE_s32_session0_lamp,36,14,36.46666666666667,0.2591486871242523,0.24428387050751174
COHFACE_s32_session0_lamp,36,15,36.5,0.1083923950791359,0.05658892644002195
COHFACE_s32_session0_lamp,36,16,36.53333333333333,-0.028557710349559784,-0.1319461684280565
COHFACE_s32_session0_lamp,36,17,36.56666666666667,-0.15508367121219635,-0.3179326916981692
COHFACE_s32_session0_lamp,36,18,36.6,-0.282582551240921,-0.4999826182147311
COHFACE_s32_session0_lamp,36,19,36.63333333333333,-0.4025914967060089,-0.6771579170722131
COHFACE_s32_session0_lamp,36,20,36.666666666666664,-0.5167474746704102,-0.8469726152936756
COHFACE_s32_session0_lamp,36,21,36.7,-0.6358452439308167,-1.003439547271253
COHFACE_s32_session0_lamp,36,22,36.733333333333334,-0.744796872138977,-1.135797797444415
COHFACE_s32_session0_lamp,36,23,36.766666666666666,-0.8447296619415283,-1.2285785483027178
COHFACE_s32_session0_lamp,36,24,36.8,-0.9349023699760437,-1.2635144460790944
COHFACE_s32_session0_lamp,36,25,36.833333333333336,-1.034016728401184,-1.22325552841972
COHFACE_s32_session0_lamp,36,26,36.86666666666667,-1.1272008419036865,-1.095974075765344
COHFACE_s32_session0_lamp,36,27,36.9,-1.135555624961853,-0.8793686525830775
COHFACE_s32_session0_lamp,36,28,36.93333333333333,-0.8672304153442383,-0.5828272304131917
COHFACE_s32_session0_lamp,36,29,36.96666666666667,-0.2809610068798065,-0.2272634744257374
COHFACE_s32_session0_lamp,36,30,37.0,0.379651814699173,0.15718789886544846
COHFACE_s32_session0_lamp,36,31,37.03333333333333,0.918433427810669,0.5350529260976328
COHFACE_s32_session0_lamp,36,32,37.06666666666667,1.3149833679199219,0.8702729700111201
COHFACE_s32_session0_lamp,36,33,37.1,1.5660121440887451,1.1311172841986035
COHFACE_s32_session0_lamp,36,34,37.13333333333333,1.640587329864502,1.294550607625106
COHFACE_s32_session0_lamp,36,35,37.166666666666664,1.5301685333251953,1.349309838758789
COHFACE_s32_session0_lamp,36,36,37.2,1.3861145973205566,1.2969539355179815
COHFACE_s32_session0_lamp,36,37,37.233333333333334,1.3022581338882446,1.1505640073238834
COHFACE_s32_session0_lamp,36,38,37.266666666666666,1.2345707416534424,0.9316423653455383
COHFACE_s32_session0_lamp,36,39,37.3,1.1391319036483765,0.6664276109778097
COHFACE_s32_session0_lamp,36,40,37.333333333333336,0.9972245097160339,0.3826854201237344
COHFACE_s32_session0_lamp,36,41,37.36666666666667,0.8142691850662231,0.10723071138631923
COHFACE_s32_session0_lamp,36,42,37.4,0.6192681789398193,-0.13632103274394344
COHFACE_s32_session0_lamp,36,43,37.43333333333333,0.446706086397171,-0.3300692202939046
COHFACE_s32_session0_lamp,36,44,37.46666666666667,0.28245246410369873,-0.46424488680179815
COHFACE_s32_session0_lamp,36,45,37.5,0.11511017382144928,-0.5383831715453672
COHFACE_s32_session0_lamp,36,46,37.53333333333333,-0.020650804042816162,-0.5603280945211401
COHFACE_s32_session0_lamp,36,47,37.56666666666667,-0.1465744823217392,-0.5432299065576212
COHFACE_s32_session0_lamp,36,48,37.6,-0.2912924885749817,-0.5018009950792828
COHFACE_s32_session0_lamp,36,49,37.63333333333333,-0.43185630440711975,-0.4493252515693005
COHFACE_s32_session0_lamp,36,50,37.666666666666664,-0.5630769729614258,-0.3960525081459891
COHFACE_s32_session0_lamp,36,51,37.7,-0.6853715181350708,-0.34859900423577905
COHFACE_s32_session0_lamp,36,52,37.733333333333334,-0.790215253829956,-0.30978469127340963
COHFACE_s32_session0_lamp,36,53,37.766666666666666,-0.8820249438285828,-0.27882868043109144
COHFACE_s32_session0_lamp,36,54,37.8,-0.9794250726699829,-0.25225212000945546
COHFACE_s32_session0_lamp,36,55,37.833333333333336,-1.0739372968673706,-0.2256087670059967
COHFACE_s32_session0_lamp,36,56,37.86666666666667,-1.1440647840499878,-0.19532870056493165
COHFACE_s32_session0_lamp,36,57,37.9,-1.046788215637207,-0.15944092683957867
COHFACE_s32_session0_lamp,36,58,37.93333333333333,-0.5762500166893005,-0.11653245514284227
COHFACE_s32_session0_lamp,36,59,37.96666666666667,0.15824297070503235,-0.06371252279088858
COHFACE_s32_session0_lamp,36,60,38.0,0.871903121471405,0.0044913237230237175
COHFACE_s32_session0_lamp,36,61,38.03333333333333,1.4401966333389282,0.09469144971700301
COHFACE_s32_session0_lamp,36,62,38.06666666666667,1.8614556789398193,0.21096652598385
COHFACE_s32_session0_lamp,36,63,38.1,2.143695116043091,0.35107256961971334
COHFACE_s32_session0_lamp,36,64,38.13333333333333,2.229574680328369,0.5046996977485004
COHFACE_s32_session0_lamp,36,65,38.166666666666664,2.1016433238983154,0.6546452846331464
COHFACE_s32_session0_lamp,36,66,38.2,1.9244638681411743,0.7804135584146209
COHFACE_s32_session0_lamp,36,67,38.233333333333334,1.8114197254180908,0.8629141530503774
COHFACE_s32_session0_lamp,36,68,38.266666666666666,1.703904390335083,0.8887051987362001
COHFACE_s32_session0_lamp,36,69,38.3,1.5507698059082031,0.8525687759776359
COHFACE_s32_session0_lamp,36,70,38.333333333333336,1.3592897653579712,0.7579101066590428
COHFACE_s32_session0_lamp,36,71,38.36666666666667,1.1419888734817505,0.6151465337563129
COHFACE_s32_session0_lamp,36,72,38.4,0.9231435656547546,0.4386426348230049
COHFACE_s32_session0_lamp,36,73,38.43333333333333,0.7173478007316589,0.24297863218193977
COHFACE_s32_session0_lamp,36,74,38.46666666666667,0.5180072784423828,0.03956892117781436
COHFACE_s32_session0_lamp,36,75,38.5,0.33726030588150024,-0.165277813908596
COHFACE_s32_session0_lamp,36,76,38.53333333333333,0.17041219770908356,-0.3700911834038081
COHFACE_s32_session0_lamp,36,77,38.56666666666667,0.009417063556611538,-0.5757714107053492
COHFACE_s32_session0_lamp,36,78,38.6,-0.14757828414440155,-0.7818851865278447
COHFACE_s32_session0_lamp,36,79,38.63333333333333,-0.3044964075088501,-0.9832606756710369
COHFACE_s32_session0_lamp,36,80,38.666666666666664,-0.4527354836463928,-1.168225473254643
COHFACE_s32_session0_lamp,36,81,38.7,-0.5872455835342407,-1.3191272038383
COHFACE_s32_session0_lamp,36,82,38.733333333333334,-0.7122735381126404,-1.4150367711501128
COHFACE_s32_session0_lamp,36,83,38.766666666666666,-0.8228621482849121,-1.4359961682801852
COHFACE_s32_session0_lamp,36,84,38.8,-0.9249415397644043,-1.3678330486573727
COHFACE_s32_session0_lamp,36,85,38.833333333333336,-1.0235925912857056,-1.2062845475798893
COHFACE_s32_session0_lamp,36,86,38.86666666666667,-1.1191704273223877,-0.9590167624820409
COHFACE_s32_session0_lamp,36,87,38.9,-1.1444045305252075,-0.6445781337338216
COHFACE_s32_session0_lamp,36,88,38.93333333333333,-0.892943263053894,-0.2885724218346699
COHFACE_s32_session0_lamp,36,89,38.96666666666667,-0.25472304224967957,0.08135861903679033
COHFACE_s32_session0_lamp,36,90,39.0,0.5346240997314453,0.43973099061998255
COHFACE_s32_session0_lamp,36,91,39.03333333333333,1.2112669944763184,0.7653545545675885
COHFACE_s32_session0_lamp,36,92,39.06666666666667,1.7258336544036865,1.0416406121171629
COHFACE_s32_session0_lamp,36,93,39.1,2.0789265632629395,1.2562746975846026
COHFACE_s32_session0_lamp,36,94,39.13333333333333,2.262746572494507,1.4011605047803706
COHFACE_s32_session0_lamp,36,95,39.166666666666664,2.2058849334716797,1.4726861621322116
COHFACE_s32_session0_lamp,36,96,39.2,2.000119924545288,1.471929204617942
COHFACE_s32_session0_lamp,36,97,39.233333333333334,1.8351095914840698,1.4044685510243495
COHFACE_s32_session0_lamp,36,98,39.266666666666666,1.7239186763763428,1.2796574666101668
COHFACE_s32_session0_lamp,36,99,39.3,1.5840344429016113,1.109428061217792
COHFACE_s32_session0_lamp,36,100,39.333333333333336,1.3849254846572876,0.906909949359585
COHFACE_s32_session0_lamp,36,101,39.36666666666667,1.1465909481048584,0.6851631050577659
COHFACE_s32_session0_lamp,36,102,39.4,0.8959481716156006,0.45609389254493415
COHFACE_s32_session0_lamp,36,103,39.43333333333333,0.6612735986709595,0.22946701872531575
COHFACE_s32_session0_lamp,36,104,39.46666666666667,0.4338110387325287,0.012094766727404522
COHFACE_s32_session0_lamp,36,105,39.5,0.21448703110218048,-0.1924633190478515
COHFACE_s32_session0_lamp,36,106,39.53333333333333,0.021756162866950035,-0.3833864594374002
COHFACE_s32_session0_lamp,36,107,39.56666666666667,-0.14745473861694336,-0.5613319312130389
COHFACE_s32_session0_lamp,36,108,39.6,-0.30505236983299255,-0.7269570557910208
COHFACE_s32_session0_lamp,36,109,39.63333333333333,-0.46019452810287476,-0.8798616898632112
COHFACE_s32_session0_lamp,36,110,39.666666666666664,-0.6177458167076111,-1.0181466883150279
COHFACE_s32_session0_lamp,36,111,39.7,-0.7613983154296875,-1.1381879817012135
COHFACE_s32_session0_lamp,36,112,39.733333333333334,-0.8962326645851135,-1.234069753059245
COHFACE_s32_session0_lamp,36,113,39.766666666666666,-1.0261098146438599,-1.296707631401211
COHFACE_s32_session0_lamp,36,114,39.8,-1.1375941038131714,-1.3136641511499767
COHFACE_s32_session0_lamp,36,115,39.833333333333336,-1.234160304069519,-1.2708892227263746
COHFACE_s32_session0_lamp,36,116,39.86666666666667,-1.3220937252044678,-1.1564851317233036
COHFACE_s32_session0_lamp,36,117,39.9,-1.4074636697769165,-0.9650591108076315
COHFACE_s32_session0_lamp,36,118,39.93333333333333,-1.4648505449295044,-0.7006536913890246
COHFACE_s32_session0_lamp,36,119,39.96666666666667,-1.3268811702728271,-0.377057991440748
COHFACE_s32_session0_lamp,36,120,40.0,-0.8137969970703125,-0.0158705592943391
COHFACE_s32_session0_lamp,36,121,40.03333333333333,-0.0706249251961708,0.35638115975035617
COHFACE_s32_session0_lamp,36,122,40.06666666666667,0.6128901243209839,0.7112039587251023
COHFACE_s32_session0_lamp,36,123,40.1,1.1272251605987549,1.0211263021435324
COHFACE_s32_session0_lamp,36,124,40.13333333333333,1.4969193935394287,1.262662535693176
COHFACE_s32_session0_lamp,36,125,40.166666666666664,1.7115486860275269,1.4188103769501417
COHFACE_s32_session0_lamp,36,126,40.2,1.7021746635437012,1.4806379837575676
COHFACE_s32_session0_lamp,36,127,40.233333333333334,1.521844744682312,1.4478346600476477
COHFACE_s32_session0_lamp,36,128,40.266666666666666,1.3453600406646729,1.3283149270375443
COHFACE_s32_session0_lamp,36,129,40.3,1.2337831258773804,1.1370008348795548
COHFACE_s32_session0_lamp,36,130,40.333333333333336,1.1162914037704468,0.893894210656271
COHFACE_s32_session0_lamp,36,131,40.36666666666667,0.954338788986206,0.6216078784199263
COHFACE_s32_session0_lamp,36,132,40.4,0.7506587505340576,0.3426663644852078
COHFACE_s32_session0_lamp,36,133,40.43333333333333,0.5137758255004883,0.07697821271165972
COHFACE_s32_session0_lamp,36,134,40.46666666666667,0.29153305292129517,-0.16017993676468742
COHFACE_s32_session0_lamp,36,135,40.5,0.08337444067001343,-0.35944709528165586
COHFACE_s32_session0_lamp,36,136,40.53333333333333,-0.10577360540628433,-0.5177653712374843
COHFACE_s32_session0_lamp,36,137,40.56666666666667,-0.27975645661354065,-0.6377324306593497
COHFACE_s32_session0_lamp,36,138,40.6,-0.44102954864501953,-0.7258837703113822
COHFACE_s32_session0_lamp,36,139,40.63333333333333,-0.5842496156692505,-0.7901203049920438
COHFACE_s32_session0_lamp,36,140,40.666666666666664,-0.7233771681785583,-0.836839057469823
COHFACE_s32_session0_lamp,36,141,40.7,-0.8685121536254883,-0.8685441861191865
COHFACE_s32_session0_lamp,36,142,40.733333333333334,-1.0037789344787598,-0.8826723793147023
COHFACE_s32_session0_lamp,36,143,40.766666666666666,-1.1318492889404297,-0.8722052244369192
COHFACE_s32_session0_lamp,36,144,40.8,-1.240028738975525,-0.8283767183439709
COHFACE_s32_session0_lamp,36,145,40.833333333333336,-1.3361624479293823,-0.7449735335712441
COHFACE_s32_session0_lamp,36,146,40.86666666666667,-1.4332691431045532,-0.6223998645480204
COHFACE_s32_session0_lamp,36,147,40.9,-1.5400587320327759,-0.46908097962267725
COHFACE_s32_session0_lamp,36,148,40.93333333333333,-1.6443157196044922,-0.29893853402809245
COHFACE_s32_session0_lamp,36,149,40.96666666666667,-1.6409181356430054,-0.12600284261472977
COHFACE_s32_session0_lamp,36,150,41.0,-1.3326877355575562,0.040831874238753306
COHFACE_s32_session0_lamp,36,151,41.03333333333333,-0.7261723875999451,0.19987514937002063
COHFACE_s32_session0_lamp,36,152,41.06666666666667,-0.09718719124794006,0.3546311719783814
COHFACE_s32_session0_lamp,36,153,41.1,0.3793275058269501,0.5093233969325702
COHFACE_s32_session0_lamp,36,154,41.13333333333333,0.725517213344574,0.6645281326074715
COHFACE_s32_session0_lamp,36,155,41.166666666666664,0.9503544569015503,0.8147877193425676
COHFACE_s32_session0_lamp,36,156,41.2,0.9981047511100769,0.9486933478970019
COHFACE_s32_session0_lamp,36,157,41.233333333333334,0.860258936882019,1.0508947855739768
COHFACE_s32_session0_lamp,36,158,41.266666666666666,0.710290253162384,1.1052749763640437
COHFACE_s32_session0_lamp,36,159,41.3,0.6298313140869141,1.0987037514915357
COHFACE_s32_session0_lamp,36,160,41.333333333333336,0.5618813037872314,1.0247246036116122
COHFACE_s32_session0_lamp,36,161,41.36666666666667,0.4561882019042969,0.8861237154774174
COHFACE_s32_session0_lamp,36,162,41.4,0.3115937411785126,0.6950404740673275
COHFACE_s32_session0_lamp,36,163,41.43333333333333,0.13121740520000458,0.4699042341556456
COHFACE_s32_session0_lamp,36,164,41.46666666666667,-0.06194586306810379,0.23014757128161506
COHFACE_s32_session0_lamp,36,165,41.5,-0.24348041415214539,-0.008959906519534318
COHFACE_s32_session0_lamp,36,166,41.53333333333333,-0.4104057252407074,-0.2391524065321995
COHFACE_s32_session0_lamp,36,167,41.56666666666667,-0.5509541034698486,-0.45887006991018825
COHFACE_s32_session0_lamp,36,168,41.6,-0.6774491667747498,-0.6705324109951761
COHFACE_s32_session0_lamp,36,169,41.63333333333333,-0.8032338619232178,-0.8767981367265706
COHFACE_s32_session0_lamp,36,170,41.666666666666664,-0.9271498918533325,-1.0769039046827564
COHFACE_s32_session0_lamp,36,171,41.7,-1.0497069358825684,-1.2636231977963934
COHFACE_s32_session0_lamp,36,172,41.733333333333334,-1.1716926097869873,-1.4214130131013263
COHFACE_s32_session0_lamp,36,173,41.766666666666666,-1.2849375009536743,-1.5267607345424967
COHFACE_s32_session0_lamp,36,174,41.8,-1.3796195983886719,-1.551835461431881
COHFACE_s32_session0_lamp,36,175,41.833333333333336,-1.476463794708252,-1.4715443766057974
COHFACE_s32_session0_lamp,36,176,41.86666666666667,-1.5881952047348022,-1.2721032045583758
COHFACE_s32_session0_lamp,36,177,41.9,-1.6975328922271729,-0.9576975440309089
COHFACE_s32_session0_lamp,36,178,41.93333333333333,-1.7207748889923096,-0.5521493018788988
COHFACE_s32_session0_lamp,36,179,41.96666666666667,-1.4514613151550293,-0.09466945614679646
COHFACE_s32_session0_lamp,36,180,42.0,-0.8761101961135864,0.36847564580734377
COHFACE_s32_session0_lamp,36,181,42.03333333333333,-0.27205029129981995,0.7930148120855999
COHFACE_s32_session0_lamp,36,182,42.06666666666667,0.19714434444904327,1.143641905338406
COHFACE_s32_session0_lamp,36,183,42.1,0.5382378101348877,1.397759851851689
COHFACE_s32_session0_lamp,36,184,42.13333333333333,0.785436749458313,1.546124900980887
COHFACE_s32_session0_lamp,36,185,42.166666666666664,0.865957498550415,1.5911408039826294
COHFACE_s32_session0_lamp,36,186,42.2,0.7562646269798279,1.5438421264855833
COHFACE_s32_session0_lamp,36,187,42.233333333333334,0.6200557947158813,1.420601611464873
COHFACE_s32_session0_lamp,36,188,42.266666666666666,0.565881073474884,1.2402739619212604
COHFACE_s32_session0_lamp,36,189,42.3,0.5096988081932068,1.02203691592294
COHFACE_s32_session0_lamp,36,190,42.333333333333336,0.4204990267753601,0.7838452747386574
COHFACE_s32_session0_lamp,36,191,42.36666666666667,0.2903748154640198,0.5412809273367248
COHFACE_s32_session0_lamp,36,192,42.4,0.13632909953594208,0.30665353515478627
COHFACE_s32_session0_lamp,36,193,42.43333333333333,-0.041004911065101624,0.08841314941203263
COHFACE_s32_session0_lamp,36,194,42.46666666666667,-0.21537384390830994,-0.10888074713389878
COHFACE_s32_session0_lamp,36,195,42.5,-0.3857120871543884,-0.28387183210826394
COHFACE_s32_session0_lamp,36,196,42.53333333333333,-0.5429390668869019,-0.43722616203085146
COHFACE_s32_session0_lamp,36,197,42.56666666666667,-0.6620368957519531,-0.5705007622491343
COHFACE_s32_session0_lamp,36,198,42.6,-0.7764554023742676,-0.6854985117789171
COHFACE_s32_session0_lamp,36,199,42.63333333333333,-0.890873908996582,-0.7841111871624578
COHFACE_s32_session0_lamp,36,200,42.666666666666664,-1.0059101581573486,-0.8682327195831729
COHFACE_s32_session0_lamp,36,201,42.7,-1.123741626739502,-0.9392199091195625
COHFACE_s32_session0_lamp,36,202,42.733333333333334,-1.2205085754394531,-0.9967083888730146
COHFACE_s32_session0_lamp,36,203,42.766666666666666,-1.3150980472564697,-1.0372250005245132
COHFACE_s32_session0_lamp,36,204,42.8,-1.414644718170166,-1.0535863774160896
COHFACE_s32_session0_lamp,36,205,42.833333333333336,-1.518237590789795,-1.0359961253385512
COHFACE_s32_session0_lamp,36,206,42.86666666666667,-1.593553900718689,-0.9748449119123889
COHFACE_s32_session0_lamp,36,207,42.9,-1.4764020442962646,-0.8639920512977775
COHFACE_s32_session0_lamp,36,208,42.93333333333333,-1.0171064138412476,-0.7026887921001732
COHFACE_s32_session0_lamp,36,209,42.96666666666667,-0.39950284361839294,-0.495137687251792
COHFACE_s32_session0_lamp,36,210,43.0,0.12854574620723724,-0.24869432349313345
COHFACE_s32_session0_lamp,36,211,43.03333333333333,0.5347476601600647,0.02709253856375433
COHFACE_s32_session0_lamp,36,212,43.06666666666667,0.8453871607780457,0.3194995024519483
COHFACE_s32_session0_lamp,36,213,43.1,1.0338248014450073,0.6108334057239987
COHFACE_s32_session0_lamp,36,214,43.13333333333333,1.0426583290100098,0.8782050338092456
COHFACE_s32_session0_lamp,36,215,43.166666666666664,0.9221706390380859,1.0964820597034668
COHFACE_s32_session0_lamp,36,216,43.2,0.8219598531723022,1.243734294799656
COHFACE_s32_session0_lamp,36,217,43.233333333333334,0.7678778767585754,1.3066038736533376
COHFACE_s32_session0_lamp,36,218,43.266666666666666,0.7014104127883911,1.283144785118856
COHFACE_s32_session0_lamp,36,219,43.3,0.5861425399780273,1.1823297160805764
COHFACE_s32_session0_lamp,36,220,43.333333333333336,0.42914721369743347,1.0211410583242717
COHFACE_s32_session0_lamp,36,221,43.36666666666667,0.259967178106308,0.8208178496449547
COHFACE_s32_session0_lamp,36,222,43.4,0.0847180038690567,0.6032540792882936
COHFACE_s32_session0_lamp,36,223,43.43333333333333,-0.09618338942527771,0.3877494870526599
COHFACE_s32_session0_lamp,36,224,43.46666666666667,-0.26151806116104126,0.18826560008802293
COHFACE_s32_session0_lamp,36,225,43.5,-0.40331730246543884,0.011775682518476507
COHFACE_s32_session0_lamp,36,226,43.53333333333333,-0.5297042727470398,-0.14156474248205947
COHFACE_s32_session0_lamp,36,227,43.56666666666667,-0.6558904647827148,-0.2762304707481258
COHFACE_s32_session0_lamp,36,228,43.6,-0.7826635241508484,-0.397896823262393
COHFACE_s32_session0_lamp,36,229,43.63333333333333,-0.8947501182556152,-0.5101857668982198
COHFACE_s32_session0_lamp,36,230,43.666666666666664,-1.005987286567688,-0.6127605261134068
COHFACE_s32_session0_lamp,36,231,43.7,-1.1084991693496704,-0.7011227931506119
COHFACE_s32_session0_lamp,36,232,43.733333333333334,-1.210871934890747,-0.7677400165085484
COHFACE_s32_session0_lamp,36,233,43.766666666666666,-1.3107584714889526,-0.8038572999736224
COHFACE_s32_session0_lamp,36,234,43.8,-1.394676685333252,-0.8015056326172808
COHFACE_s32_session0_lamp,36,235,43.833333333333336,-1.3805615901947021,-0.7554700591232241
COHFACE_s32_session0_lamp,36,236,43.86666666666667,-1.0691035985946655,-0.6650072196100788
COHFACE_s32_session0_lamp,36,237,43.9,-0.4723946452140808,-0.5349018199596931
COHFACE_s32_session0_lamp,36,238,43.93333333333333,0.14283068478107452,-0.37532985179441014
COHFACE_s32_session0_lamp,36,239,43.96666666666667,0.6532740592956543,-0.20040313322510034
COHFACE_s32_session0_lamp,37,0,37.0,0.379651814699173,0.02981626603898384
COHFACE_s32_session0_lamp,37,1,37.03333333333333,0.918433427810669,-0.12549127934824333
COHFACE_s32_session0_lamp,37,2,37.06666666666667,1.3149833679199219,-0.25798369197561305
COHFACE_s32_session0_lamp,37,3,37.1,1.5660121440887451,-0.34943373740401196
COHFACE_s32_session0_lamp,37,4,37.13333333333333,1.640587329864502,-0.392226196431717
COHFACE_s32_session0_lamp,37,5,37.166666666666664,1.5301685333251953,-0.39183702479656796
COHFACE_s32_session0_lamp,37,6,37.2,1.3861145973205566,-0.3659029788503683
COHFACE_s32_session0_lamp,37,7,37.233333333333334,1.3022581338882446,-0.3397611400411888
COHFACE_s32_session0_lamp,37,8,37.266666666666666,1.2345707416534424,-0.3388773860572586
COHFACE_s32_session0_lamp,37,9,37.3,1.1391319036483765,-0.37946501520345033
COHFACE_s32_session0_lamp,37,10,37.333333333333336,0.9972245097160339,-0.46034161698569054
COHFACE_s32_session0_lamp,37,11,37.36666666666667,0.8142691850662231,-0.5601941782234229
COHFACE_s32_session0_lamp,37,12,37.4,0.6192681789398193,-0.6431437056512098
COHFACE_s32_session0_lamp,37,13,37.43333333333333,0.446706086397171,-0.6717169920343269
COHFACE_s32_session0_lamp,37,14,37.46666666666667,0.28245246410369873,-0.6218765929447003
COHFACE_s32_session0_lamp,37,15,37.5,0.11511017382144928,-0.49290850146288273
COHFACE_s32_session0_lamp,37,16,37.53333333333333,-0.020650804042816162,-0.3076094229323257
COHFACE_s32_session0_lamp,37,17,37.56666666666667,-0.1465744823217392,-0.10345932215633308
COHFACE_s32_session0_lamp,37,18,37.6,-0.2912924885749817,0.08023920245845284
COHFACE_s32_session0_lamp,37,19,37.63333333333333,-0.43185630440711975,0.21341755841439433
COHFACE_s32_session0_lamp,37,20,37.666666666666664,-0.5630769729614258,0.28129651053229326
COHFACE_s32_session0_lamp,37,21,37.7,-0.6853715181350708,0.2855301287425664
COHFACE_s32_session0_lamp,37,22,37.733333333333334,-0.790215253829956,0.2417733464338829
COHFACE_s32_session0_lamp,37,23,37.766666666666666,-0.8820249438285828,0.1745754776460812
COHFACE_s32_session0_lamp,37,24,37.8,-0.9794250726699829,0.11018791456093041
COHFACE_s32_session0_lamp,37,25,37.833333333333336,-1.0739372968673706,0.06870431955027509
COHFACE_s32_session0_lamp,37,26,37.86666666666667,-1.1440647840499878,0.058447979161821706
COHFACE_s32_session0_lamp,37,27,37.9,-1.046788215637207,0.07565165701093648
COHFACE_s32_session0_lamp,37,28,37.93333333333333,-0.5762500166893005,0.10997084008527876
COHFACE_s32_session0_lamp,37,29,37.96666666666667,0.15824297070503235,0.15279216084594785
COHFACE_s32_session0_lamp,37,30,38.0,0.871903121471405,0.20331549121654993
COHFACE_s32_session0_lamp,37,31,38.03333333333333,1.4401966333389282,0.26858661880380547
COHFACE_s32_session0_lamp,37,32,38.06666666666667,1.8614556789398193,0.3575546763627805
COHFACE_s32_session0_lamp,37,33,38.1,2.143695116043091,0.4730347932419014
COHFACE_s32_session0_lamp,37,34,38.13333333333333,2.229574680328369,0.6064620483855463
COHFACE_s32_session0_lamp,37,35,38.166666666666664,2.1016433238983154,0.7382523314547321
COHFACE_s32_session0_lamp,37,36,38.2,1.9244638681411743,0.8431205901210694
COHFACE_s32_session0_lamp,37,37,38.233333333333334,1.8114197254180908,0.8973098630260821
COHFACE_s32_session0_lamp,37,38,38.266666666666666,1.703904390335083,0.8847516383996012
COHFACE_s32_session0_lamp,37,39,38.3,1.5507698059082031,0.800643456128206
COHFACE_s32_session0_lamp,37,40,38.333333333333336,1.3592897653579712,0.6520832969455506
COHFACE_s32_session0_lamp,37,41,38.36666666666667,1.1419888734817505,0.4558892439021452
COHFACE_s32_session0_lamp,37,42,38.4,0.9231435656547546,0.2340539135591728
COHFACE_s32_session0_lamp,37,43,38.43333333333333,0.7173478007316589,0.007891047376584586
COHFACE_s32_session0_lamp,37,44,38.46666666666667,0.5180072784423828,-0.20725052016916376
COHFACE_s32_session0_lamp,37,45,38.5,0.33726030588150024,-0.404646312748706
COHFACE_s32_session0_lamp,37,46,38.53333333333333,0.17041219770908356,-0.5852425334787134
COHFACE_s32_session0_lamp,37,47,38.56666666666667,0.009417063556611538,-0.7538884464561761
COHFACE_s32_session0_lamp,37,48,38.6,-0.14757828414440155,-0.9148939753965349
COHFACE_s32_session0_lamp,37,49,38.63333333333333,-0.3044964075088501,-1.0689704951989354
COHFACE_s32_session0_lamp,37,50,38.666666666666664,-0.4527354836463928,-1.2121409059771542
COHFACE_s32_session0_lamp,37,51,38.7,-0.5872455835342407,-1.3358242973267533
COHFACE_s32_session0_lamp,37,52,38.733333333333334,-0.7122735381126404,-1.427292183026866
COHFACE_s32_session0_lamp,37,53,38.766666666666666,-0.8228621482849121,-1.4705867451190155
COHFACE_s32_session0_lamp,37,54,38.8,-0.9249415397644043,-1.448573620827492
COHFACE_s32_session0_lamp,37,55,38.833333333333336,-1.0235925912857056,-1.3464237813997375
COHFACE_s32_session0_lamp,37,56,38.86666666666667,-1.1191704273223877,-1.1557217549414385
COHFACE_s32_session0_lamp,37,57,38.9,-1.1444045305252075,-0.8776660344046199
COHFACE_s32_session0_lamp,37,58,38.93333333333333,-0.892943263053894,-0.5242390957441088
COHFACE_s32_session0_lamp,37,59,38.96666666666667,-0.25472304224967957,-0.11721660495240298
COHFACE_s32_session0_lamp,37,60,39.0,0.5346240997314453,0.3144720400342173
COHFACE_s32_session0_lamp,37,61,39.03333333333333,1.2112669944763184,0.738423424319893
COHFACE_s32_session0_lamp,37,62,39.06666666666667,1.7258336544036865,1.1229848170368846
COHFACE_s32_session0_lamp,37,63,39.1,2.0789265632629395,1.4414045595511178
COHFACE_s32_session0_lamp,37,64,39.13333333333333,2.262746572494507,1.6748919034982879
COHFACE_s32_session0_lamp,37,65,39.166666666666664,2.2058849334716797,1.8135992108342316
COHFACE_s32_session0_lamp,37,66,39.2,2.000119924545288,1.8554673622328743
COHFACE_s32_session0_lamp,37,67,39.233333333333334,1.8351095914840698,1.8040577033877363
COHFACE_s32_session0_lamp,37,68,39.266666666666666,1.7239186763763428,1.666943023586142
COHFACE_s32_session0_lamp,37,69,39.3,1.5840344429016113,1.455542823429472
COHFACE_s32_session0_lamp,37,70,39.333333333333336,1.3849254846572876,1.1858617919505903
COHFACE_s32_session0_lamp,37,71,39.36666666666667,1.1465909481048584,0.8785382208231711
COHFACE_s32_session0_lamp,37,72,39.4,0.8959481716156006,0.5568429952902149
COHFACE_s32_session0_lamp,37,73,39.43333333333333,0.6612735986709595,0.24264946861918044
COHFACE_s32_session0_lamp,37,74,39.46666666666667,0.4338110387325287,-0.04800499768937441
COHFACE_s32_session0_lamp,37,75,39.5,0.21448703110218048,-0.3074731769473805
COHFACE_s32_session0_lamp,37,76,39.53333333333333,0.021756162866950035,-0.5357469373889071
COHFACE_s32_session0_lamp,37,77,39.56666666666667,-0.14745473861694336,-0.7368969781121236
COHFACE_s32_session0_lamp,37,78,39.6,-0.30505236983299255,-0.9149005319514018
COHFACE_s32_session0_lamp,37,79,39.63333333333333,-0.46019452810287476,-1.0711585091771982
COHFACE_s32_session0_lamp,37,80,39.666666666666664,-0.6177458167076111,-1.2042660959161127
COHFACE_s32_session0_lamp,37,81,39.7,-0.7613983154296875,-1.3107430783658327
COHFACE_s32_session0_lamp,37,82,39.733333333333334,-0.8962326645851135,-1.3852273148169416
COHFACE_s32_session0_lamp,37,83,39.766666666666666,-1.0261098146438599,-1.4199902534634465
COHFACE_s32_session0_lamp,37,84,39.8,-1.1375941038131714,-1.4051260203947649
COHFACE_s32_session0_lamp,37,85,39.833333333333336,-1.234160304069519,-1.330731989688799
COHFACE_s32_session0_lamp,37,86,39.86666666666667,-1.3220937252044678,-1.19051456898524
COHFACE_s32_session0_lamp,37,87,39.9,-1.4074636697769165,-0.9845684894708586
COHFACE_s32_session0_lamp,37,88,39.93333333333333,-1.4648505449295044,-0.7195646306347161
COHFACE_s32_session0_lamp,37,89,39.96666666666667,-1.3268811702728271,-0.40670506713323246
COHFACE_s32_session0_lamp,37,90,40.0,-0.8137969970703125,-0.05962147885697284
COHFACE_s32_session0_lamp,37,91,40.03333333333333,-0.0706249251961708,0.30577659551451003
COHFACE_s32_session0_lamp,37,92,40.06666666666667,0.6128901243209839,0.6697236900843474
COHFACE_s32_session0_lamp,37,93,40.1,1.1272251605987549,1.0075433352752075
COHFACE_s32_session0_lamp,37,94,40.13333333333333,1.4969193935394287,1.2911440531526466
COHFACE_s32_session0_lamp,37,95,40.166666666666664,1.7115486860275269,1.4931641838453564
COHFACE_s32_session0_lamp,37,96,40.2,1.7021746635437012,1.5920802447982212
COHFACE_s32_session0_lamp,37,97,40.233333333333334,1.521844744682312,1.5762913831593433
COHFACE_s32_session0_lamp,37,98,40.266666666666666,1.3453600406646729,1.446379463168862
COHFACE_s32_session0_lamp,37,99,40.3,1.2337831258773804,1.2158384003977154
COHFACE_s32_session0_lamp,37,100,40.333333333333336,1.1162914037704468,0.9103280577876909
COHFACE_s32_session0_lamp,37,101,40.36666666666667,0.954338788986206,0.5647966733225116
COHFACE_s32_session0_lamp,37,102,40.4,0.7506587505340576,0.21801162551607145
COHFACE_s32_session0_lamp,37,103,40.43333333333333,0.5137758255004883,-0.09476250367459489
COHFACE_s32_session0_lamp,37,104,40.46666666666667,0.29153305292129517,-0.34883804555524156
COHFACE_s32_session0_lamp,37,105,40.5,0.08337444067001343,-0.534344480580261
COHFACE_s32_session0_lamp,37,106,40.53333333333333,-0.10577360540628433,-0.65598734327395
COHFACE_s32_session0_lamp,37,107,40.56666666666667,-0.27975645661354065,-0.7285697094802901
COHFACE_s32_session0_lamp,37,108,40.6,-0.44102954864501953,-0.7702769922147692
COHFACE_s32_session0_lamp,37,109,40.63333333333333,-0.5842496156692505,-0.7962686456261862
COHFACE_s32_session0_lamp,37,110,40.666666666666664,-0.7233771681785583,-0.8142276116790815
COHFACE_s32_session0_lamp,37,111,40.7,-0.8685121536254883,-0.8223558802350028
COHFACE_s32_session0_lamp,37,112,40.733333333333334,-1.0037789344787598,-0.8099871198399002
COHFACE_s32_session0_lamp,37,113,40.766666666666666,-1.1318492889404297,-0.7612032809943176
COHFACE_s32_session0_lamp,37,114,40.8,-1.240028738975525,-0.6615251662464454
COHFACE_s32_session0_lamp,37,115,40.833333333333336,-1.3361624479293823,-0.5060946989348274
COHFACE_s32_session0_lamp,37,116,40.86666666666667,-1.4332691431045532,-0.30544021691161344
COHFACE_s32_session0_lamp,37,117,40.9,-1.5400587320327759,-0.08460173047116712
COHFACE_s32_session0_lamp,37,118,40.93333333333333,-1.6443157196044922,0.12528171996008897
COHFACE_s32_session0_lamp,37,119,40.96666666666667,-1.6409181356430054,0.2990348749791019
COHFACE_s32_session0_lamp,37,120,41.0,-1.3326877355575562,0.42661927689465373
COHFACE_s32_session0_lamp,37,121,41.03333333333333,-0.7261723875999451,0.514378174457791
COHFACE_s32_session0_lamp,37,122,41.06666666666667,-0.09718719124794006,0.5782363853710596
COHFACE_s32_session0_lamp,37,123,41.1,0.3793275058269501,0.6334111529493074
COHFACE_s32_session0_lamp,37,124,41.13333333333333,0.725517213344574,0.6863021922933692
COHFACE_s32_session0_lamp,37,125,41.166666666666664,0.9503544569015503,0.7319500357282674
COHFACE_s32_session0_lamp,37,126,41.2,0.9981047511100769,0.7570247417265774
COHFACE_s32_session0_lamp,37,127,41.233333333333334,0.860258936882019,0.745917256504222
COHFACE_s32_session0_lamp,37,128,41.266666666666666,0.710290253162384,0.6871501445620837
COHFACE_s32_session0_lamp,37,129,41.3,0.6298313140869141,0.5782047578563433
COHFACE_s32_session0_lamp,37,130,41.333333333333336,0.5618813037872314,0.4276842086196782
COHFACE_s32_session0_lamp,37,131,41.36666666666667,0.4561882019042969,0.254127902964808
COHFACE_s32_session0_lamp,37,132,41.4,0.3115937411785126,0.08120874959930949
COHFACE_s32_session0_lamp,37,133,41.43333333333333,0.13121740520000458,-0.06976978999370106
COHFACE_s32_session0_lamp,37,134,41.46666666666667,-0.06194586306810379,-0.18728822080083407
COHFACE_s32_session0_lamp,37,135,41.5,-0.24348041415214539,-0.2732945830468749
COHFACE_s32_session0_lamp,37,136,41.53333333333333,-0.4104057252407074,-0.3410732091920225
COHFACE_s32_session0_lamp,37,137,41.56666666666667,-0.5509541034698486,-0.40839282011170674
COHFACE_s32_session0_lamp,37,138,41.6,-0.6774491667747498,-0.48971168538432597
COHFACE_s32_session0_lamp,37,139,41.63333333333333,-0.8032338619232178,-0.5913635708794456
COHFACE_s32_session0_lamp,37,140,41.666666666666664,-0.9271498918533325,-0.7109669210223084
COHFACE_s32_session0_lamp,37,141,41.7,-1.0497069358825684,-0.8392874031488283
COHFACE_s32_session0_lamp,37,142,41.733333333333334,-1.1716926097869873,-0.9620710135979154
COHFACE_s32_session0_lamp,37,143,41.766666666666666,-1.2849375009536743,-1.0610339166632812
COHFACE_s32_session0_lamp,37,144,41.8,-1.3796195983886719,-1.1153832561019588
COHFACE_s32_session0_lamp,37,145,41.833333333333336,-1.476463794708252,-1.1055198575258685
COHFACE_s32_session0_lamp,37,146,41.86666666666667,-1.5881952047348022,-1.0182610754982517
COHFACE_s32_session0_lamp,37,147,41.9,-1.6975328922271729,-0.8506882980980234
COHFACE_s32_session0_lamp,37,148,41.93333333333333,-1.7207748889923096,-0.6102637330623003
COHFACE_s32_session0_lamp,37,149,41.96666666666667,-1.4514613151550293,-0.31155081054572076
COHFACE_s32_session0_lamp,37,150,42.0,-0.8761101961135864,0.027740847174677
COHFACE_s32_session0_lamp,37,151,42.03333333333333,-0.27205029129981995,0.38863531519641564
COHFACE_s32_session0_lamp,37,152,42.06666666666667,0.19714434444904327,0.7503846676188991
COHFACE_s32_session0_lamp,37,153,42.1,0.5382378101348877,1.0895804299978076
COHFACE_s32_session0_lamp,37,154,42.13333333333333,0.785436749458313,1.380791244113308
COHFACE_s32_session0_lamp,37,155,42.166666666666664,0.865957498550415,1.5990415600981174
COHFACE_s32_session0_lamp,37,156,42.2,0.7562646269798279,1.7233212499358304
COHFACE_s32_session0_lamp,37,157,42.233333333333334,0.6200557947158813,1.7401700069255917
COHFACE_s32_session0_lamp,37,158,42.266666666666666,0.565881073474884,1.646689935055025
COHFACE_s32_session0_lamp,37,159,42.3,0.5096988081932068,1.4524182591659622
COHFACE_s32_session0_lamp,37,160,42.333333333333336,0.4204990267753601,1.1791551037471542
COHFACE_s32_session0_lamp,37,161,42.36666666666667,0.2903748154640198,0.8578256196364309
COHFACE_s32_session0_lamp,37,162,42.4,0.13632909953594208,0.522415355980195
COHFACE_s32_session0_lamp,37,163,42.43333333333333,-0.041004911065101624,0.20252642211520847
COHFACE_s32_session0_lamp,37,164,42.46666666666667,-0.21537384390830994,-0.08283477024453093
COHFACE_s32_session0_lamp,37,165,42.5,-0.3857120871543884,-0.3278142486495459
COHFACE_s32_session0_lamp,37,166,42.53333333333333,-0.5429390668869019,-0.5377384190989491
COHFACE_s32_session0_lamp,37,167,42.56666666666667,-0.6620368957519531,-0.723800146371605
COHFACE_s32_session0_lamp,37,168,42.6,-0.7764554023742676,-0.8969501428200721
COHFACE_s32_session0_lamp,37,169,42.63333333333333,-0.890873908996582,-1.0633800995333507
COHFACE_s32_session0_lamp,37,170,42.666666666666664,-1.0059101581573486,-1.2224595914994902
COHFACE_s32_session0_lamp,37,171,42.7,-1.123741626739502,-1.3664762714630232
COHFACE_s32_session0_lamp,37,172,42.733333333333334,-1.2205085754394531,-1.481284551996052
COHFACE_s32_session0_lamp,37,173,42.766666666666666,-1.3150980472564697,-1.5478584127874195
COHFACE_s32_session0_lamp,37,174,42.8,-1.414644718170166,-1.5456262088226946
COHFACE_s32_session0_lamp,37,175,42.833333333333336,-1.518237590789795,-1.4579818337622303
COHFACE_s32_session0_lamp,37,176,42.86666666666667,-1.593553900718689,-1.2783615432483397
COHFACE_s32_session0_lamp,37,177,42.9,-1.4764020442962646,-1.0137185532912347
COHFACE_s32_session0_lamp,37,178,42.93333333333333,-1.0171064138412476,-0.6830603726310118
COHFACE_s32_session0_lamp,37,179,42.96666666666667,-0.39950284361839294,-0.3116591401499501
COHFACE_s32_session0_lamp,37,180,43.0,0.12854574620723724,0.07546673375910898
COHFACE_s32_session0_lamp,37,181,43.03333333333333,0.5347476601600647,0.456883585709913
COHFACE_s32_session0_lamp,37,182,43.06666666666667,0.8453871607780457,0.81404695109361
COHFACE_s32_session0_lamp,37,183,43.1,1.0338248014450073,1.1290776607745883
COHFACE_s32_session0_lamp,37,184,43.13333333333333,1.0426583290100098,1.3839213202077916
COHFACE_s32_session0_lamp,37,185,43.166666666666664,0.9221706390380859,1.5618603405983171
COHFACE_s32_session0_lamp,37,186,43.2,0.8219598531723022,1.6503700772474952
COHFACE_s32_session0_lamp,37,187,43.233333333333334,0.7678778767585754,1.643698947977257
COHFACE_s32_session0_lamp,37,188,43.266666666666666,0.7014104127883911,1.5443238365796659
COHFACE_s32_session0_lamp,37,189,43.3,0.5861425399780273,1.363344140411562
COHFACE_s32_session0_lamp,37,190,43.333333333333336,0.42914721369743347,1.119868726258041
COHFACE_s32_session0_lamp,37,191,43.36666666666667,0.259967178106308,0.8389646356370578
COHFACE_s32_session0_lamp,37,192,43.4,0.0847180038690567,0.5477595267579639
COHFACE_s32_session0_lamp,37,193,43.43333333333333,-0.09618338942527771,0.270143257542935
COHFACE_s32_session0_lamp,37,194,43.46666666666667,-0.26151806116104126,0.02172950237711782
COHFACE_s32_session0_lamp,37,195,43.5,-0.40331730246543884,-0.1927367405188064
COHFACE_s32_session0_lamp,37,196,43.53333333333333,-0.5297042727470398,-0.3782109714698474
COHFACE_s32_session0_lamp,37,197,43.56666666666667,-0.6558904647827148,-0.5449040117815588
COHFACE_s32_session0_lamp,37,198,43.6,-0.7826635241508484,-0.7026291188717316
COHFACE_s32_session0_lamp,37,199,43.63333333333333,-0.8947501182556152,-0.8563286294368578
COHFACE_s32_session0_lamp,37,200,43.666666666666664,-1.005987286567688,-1.004035622646654
COHFACE_s32_session0_lamp,37,201,43.7,-1.1084991693496704,-1.1371009229036473
COHFACE_s32_session0_lamp,37,202,43.733333333333334,-1.210871934890747,-1.241960099339462
COHFACE_s32_session0_lamp,37,203,43.766666666666666,-1.3107584714889526,-1.3029002976696817
COHFACE_s32_session0_lamp,37,204,43.8,-1.394676685333252,-1.305483313455245
COHFACE_s32_session0_lamp,37,205,43.833333333333336,-1.3805615901947021,-1.240089028359738
COHFACE_s32_session0_lamp,37,206,43.86666666666667,-1.0691035985946655,-1.1045769635120328
COHFACE_s32_session0_lamp,37,207,43.9,-0.4723946452140808,-0.9049038651876423
COHFACE_s32_session0_lamp,37,208,43.93333333333333,0.14283068478107452,-0.6531913490791564
COHFACE_s32_session0_lamp,37,209,43.96666666666667,0.6532740592956543,-0.3641117687710066
COHFACE_s32_session0_lamp,37,210,44.0,1.0711201429367065,-0.05174781724393707
COHFACE_s32_session0_lamp,37,211,44.03333333333333,1.4007856845855713,0.27103123128046286
COHFACE_s32_session0_lamp,37,212,44.06666666666667,1.588018774986267,0.5905393738932638
COHFACE_s32_session0_lamp,37,213,44.1,1.5619351863861084,0.8895295821003247
COHFACE_s32_session0_lamp,37,214,44.13333333333333,1.4226840734481812,1.1461497625860138
COHFACE_s32_session0_lamp,37,215,44.166666666666664,1.3036171197891235,1.3358846223281093
COHFACE_s32_session0_lamp,37,216,44.2,1.212100863456726,1.4361013064264851
COHFACE_s32_session0_lamp,37,217,44.233333333333334,1.0946863889694214,1.4316433237745712
COHFACE_s32_session0_lamp,37,218,44.266666666666666,0.9256917238235474,1.319706090877051
COHFACE_s32_session0_lamp,37,219,44.3,0.7340264320373535,1.1125921135302774
COHFACE_s32_session0_lamp,37,220,44.333333333333336,0.536863386631012,0.8373474276513911
COHFACE_s32_session0_lamp,37,221,44.36666666666667,0.33965399861335754,0.5317507509207736
COHFACE_s32_session0_lamp,37,222,44.4,0.13771899044513702,0.23694179605453797
COHFACE_s32_session0_lamp,37,223,44.43333333333333,-0.05078044533729553,-0.011791551463027128
COHFACE_s32_session0_lamp,37,224,44.46666666666667,-0.21149760484695435,-0.19328878461690532
COHFACE_s32_session0_lamp,37,225,44.5,-0.3583776652812958,-0.30470482644412056
COHFACE_s32_session0_lamp,37,226,44.53333333333333,-0.49874070286750793,-0.35968677089307677
COHFACE_s32_session0_lamp,37,227,44.56666666666667,-0.6500529646873474,-0.38123088444814857
COHFACE_s32_session0_lamp,37,228,44.6,-0.7950335144996643,-0.3926251550453623
COHFACE_s32_session0_lamp,37,229,44.63333333333333,-0.9281228184700012,-0.4105828199218506
COHFACE_s32_session0_lamp,37,230,44.666666666666664,-1.0496915578842163,-0.4425376398406464
COHFACE_s32_session0_lamp,37,231,44.7,-1.1609442234039307,-0.4872231419988757
COHFACE_s32_session0_lamp,37,232,44.733333333333334,-1.2613248825073242,-0.5365797354569541
COHFACE_s32_session0_lamp,37,233,44.766666666666666,-1.349582552909851,-0.5778851719431733
COHFACE_s32_session0_lamp,37,234,44.8,-1.4325742721557617,-0.5963782337418613
COHFACE_s32_session0_lamp,37,235,44.833333333333336,-1.4394773244857788,-0.5789503169834529
COHFACE_s32_session0_lamp,37,236,44.86666666666667,-1.161330223083496,-0.5182781865192373
COHFACE_s32_session0_lamp,37,237,44.9,-0.5642661452293396,-0.4156223386964905
COHFACE_s32_session0_lamp,37,238,44.93333333333333,0.09864774346351624,-0.2809546129933037
COHFACE_s32_session0_lamp,37,239,44.96666666666667,0.6549882292747498,-0.13060270645946273
COHFACE_s32_session0_lamp,38,0,38.0,0.871903121471405,0.1560012223326983
COHFACE_s32_session0_lamp,38,1,38.03333333333333,1.4401966333389282,0.14865020837017281
COHFACE_s32_session0_lamp,38,2,38.06666666666667,1.8614556789398193,0.16738658929542072
COHFACE_s32_session0_lamp,38,3,38.1,2.143695116043091,0.230217078731212
COHFACE_s32_session0_lamp,38,4,38.13333333333333,2.229574680328369,0.3384620995781079
COHFACE_s32_session0_lamp,38,5,38.166666666666664,2.1016433238983154,0.4755787900662634
COHFACE_s32_session0_lamp,38,6,38.2,1.9244638681411743,0.6121483575087395
COHFACE_s32_session0_lamp,38,7,38.233333333333334,1.8114197254180908,0.7151265623632584
COHFACE_s32_session0_lamp,38,8,38.266666666666666,1.703904390335083,0.7578191949049529
COHFACE_s32_session0_lamp,38,9,38.3,1.5507698059082031,0.7270520270691674
COHFACE_s32_session0_lamp,38,10,38.333333333333336,1.3592897653579712,0.6255141052485828
COHFACE_s32_session0_lamp,38,11,38.36666666666667,1.1419888734817505,0.4692633176959704
COHFACE_s32_session0_lamp,38,12,38.4,0.9231435656547546,0.28186651604351215
COHFACE_s32_session0_lamp,38,13,38.43333333333333,0.7173478007316589,0.08733318944875423
COHFACE_s32_session0_lamp,38,14,38.46666666666667,0.5180072784423828,-0.09596427387828661
COHFACE_s32_session0_lamp,38,15,38.5,0.33726030588150024,-0.25872584217593825
COHFACE_s32_session0_lamp,38,16,38.53333333333333,0.17041219770908356,-0.4008308525678061
COHFACE_s32_session0_lamp,38,17,38.56666666666667,0.009417063556611538,-0.5285172774229429
COHFACE_s32_session0_lamp,38,18,38.6,-0.14757828414440155,-0.649862896429977
COHFACE_s32_session0_lamp,38,19,38.63333333333333,-0.3044964075088501,-0.7701368810102365
COHFACE_s32_session0_lamp,38,20,38.666666666666664,-0.4527354836463928,-0.8884082357350432
COHFACE_s32_session0_lamp,38,21,38.7,-0.5872455835342407,-0.996290920834198
COHFACE_s32_session0_lamp,38,22,38.733333333333334,-0.7122735381126404,-1.0790996049565915
COHFACE_s32_session0_lamp,38,23,38.766666666666666,-0.8228621482849121,-1.119066256763266
COHFACE_s32_session0_lamp,38,24,38.8,-0.9249415397644043,-1.0996897098998897
COHFACE_s32_session0_lamp,38,25,38.833333333333336,-1.0235925912857056,-1.0099425560496067
COHFACE_s32_session0_lamp,38,26,38.86666666666667,-1.1191704273223877,-0.8471163726290127
COHFACE_s32_session0_lamp,38,27,38.9,-1.1444045305252075,-0.6175565608338153
COHFACE_s32_session0_lamp,38,28,38.93333333333333,-0.892943263053894,-0.3352805141313393
COHFACE_s32_session0_lamp,38,29,38.96666666666667,-0.25472304224967957,-0.019240561379148577
COHFACE_s32_session0_lamp,38,30,39.0,0.5346240997314453,0.30955085209065314
COHFACE_s32_session0_lamp,38,31,39.03333333333333,1.2112669944763184,0.6300389588412667
COHFACE_s32_session0_lamp,38,32,39.06666666666667,1.7258336544036865,0.9221542830782348
COHFACE_s32_session0_lamp,38,33,39.1,2.0789265632629395,1.1674741959365111
COHFACE_s32_session0_lamp,38,34,39.13333333333333,2.262746572494507,1.3501577465834196
COHFACE_s32_session0_lamp,38,35,39.166666666666664,2.2058849334716797,1.4582967864023972
COHFACE_s32_session0_lamp,38,36,39.2,2.000119924545288,1.4853833585168563
COHFACE_s32_session0_lamp,38,37,39.233333333333334,1.8351095914840698,1.431446326893814
COHFACE_s32_session0_lamp,38,38,39.266666666666666,1.7239186763763428,1.303504233943846
COHFACE_s32_session0_lamp,38,39,39.3,1.5840344429016113,1.1151133193897127
COHFACE_s32_session0_lamp,38,40,39.333333333333336,1.3849254846572876,0.884838151223736
COHFACE_s32_session0_lamp,38,41,39.36666666666667,1.1465909481048584,0.633578622923242
COHFACE_s32_session0_lamp,38,42,39.4,0.8959481716156006,0.3810216904854179
COHFACE_s32_session0_lamp,38,43,39.43333333333333,0.6612735986709595,0.1419939273308873
COHFACE_s32_session0_lamp,38,44,39.46666666666667,0.4338110387325287,-0.0761024172926876
COHFACE_s32_session0_lamp,38,45,39.5,0.21448703110218048,-0.2736677168529673
COHFACE_s32_session0_lamp,38,46,39.53333333333333,0.021756162866950035,-0.4567439428727508
COHFACE_s32_session0_lamp,38,47,39.56666666666667,-0.14745473861694336,-0.6330879063121746
COHFACE_s32_session0_lamp,38,48,39.6,-0.30505236983299255,-0.808123360388535
COHFACE_s32_session0_lamp,38,49,39.63333333333333,-0.46019452810287476,-0.9823170033571672
COHFACE_s32_session0_lamp,38,50,39.666666666666664,-0.6177458167076111,-1.1503810098413585
COHFACE_s32_session0_lamp,38,51,39.7,-0.7613983154296875,-1.301578285085501
COHFACE_s32_session0_lamp,38,52,39.733333333333334,-0.8962326645851135,-1.4203338546647972
COHFACE_s32_session0_lamp,38,53,39.766666666666666,-1.0261098146438599,-1.4872131032886151
COHFACE_s32_session0_lamp,38,54,39.8,-1.1375941038131714,-1.4811959006397408
COHFACE_s32_session0_lamp,38,55,39.833333333333336,-1.234160304069519,-1.3840286139021931
COHFACE_s32_session0_lamp,38,56,39.86666666666667,-1.3220937252044678,-1.186027364160482
COHFACE_s32_session0_lamp,38,57,39.9,-1.4074636697769165,-0.8911514637258565
COHFACE_s32_session0_lamp,38,58,39.93333333333333,-1.4648505449295044,-0.5188270902521986
COHFACE_s32_session0_lamp,38,59,39.96666666666667,-1.3268811702728271,-0.10124895866960446
COHFACE_s32_session0_lamp,38,60,40.0,-0.8137969970703125,0.32296599034332996
COHFACE_s32_session0_lamp,38,61,40.03333333333333,-0.0706249251961708,0.7162840844322534
COHFACE_s32_session0_lamp,38,62,40.06666666666667,0.6128901243209839,1.0483682270198356
COHFACE_s32_session0_lamp,38,63,40.1,1.1272251605987549,1.2993551927744902
COHFACE_s32_session0_lamp,38,64,40.13333333333333,1.4969193935394287,1.4601597725141984
COHFACE_s32_session0_lamp,38,65,40.166666666666664,1.7115486860275269,1.5306072811285807
COHFACE_s32_session0_lamp,38,66,40.2,1.7021746635437012,1.5166087430477047
COHFACE_s32_session0_lamp,38,67,40.233333333333334,1.521844744682312,1.4275563143328762
COHFACE_s32_session0_lamp,38,68,40.266666666666666,1.3453600406646729,1.2747590464891232
COHFACE_s32_session0_lamp,38,69,40.3,1.2337831258773804,1.071084619006736
COHFACE_s32_session0_lamp,38,70,40.333333333333336,1.1162914037704468,0.8311909150850902
COHFACE_s32_session0_lamp,38,71,40.36666666666667,0.954338788986206,0.5713467105097876
COHFACE_s32_session0_lamp,38,72,40.4,0.7506587505340576,0.30820474665296405
COHFACE_s32_session0_lamp,38,73,40.43333333333333,0.5137758255004883,0.05670253239773657
COHFACE_s32_session0_lamp,38,74,40.46666666666667,0.29153305292129517,-0.17206275400503432
COHFACE_s32_session0_lamp,38,75,40.5,0.08337444067001343,-0.3720187300478076
COHFACE_s32_session0_lamp,38,76,40.53333333333333,-0.10577360540628433,-0.5418808898391755
COHFACE_s32_session0_lamp,38,77,40.56666666666667,-0.27975645661354065,-0.6837572630615363
COHFACE_s32_session0_lamp,38,78,40.6,-0.44102954864501953,-0.8013535117497446
COHFACE_s32_session0_lamp,38,79,40.63333333333333,-0.5842496156692505,-0.8984220930060585
COHFACE_s32_session0_lamp,38,80,40.666666666666664,-0.7233771681785583,-0.9774880080214703
COHFACE_s32_session0_lamp,38,81,40.7,-0.8685121536254883,-1.0385196783413009
COHFACE_s32_session0_lamp,38,82,40.733333333333334,-1.0037789344787598,-1.0776257026273492
COHFACE_s32_session0_lamp,38,83,40.766666666666666,-1.1318492889404297,-1.0866086969912094
COHFACE_s32_session0_lamp,38,84,40.8,-1.240028738975525,-1.0544400972253576
COHFACE_s32_session0_lamp,38,85,40.833333333333336,-1.3361624479293823,-0.9708970555779745
COHFACE_s32_session0_lamp,38,86,40.86666666666667,-1.4332691431045532,-0.831024357249964
COHFACE_s32_session0_lamp,38,87,40.9,-1.5400587320327759,-0.6380767157096936
COHFACE_s32_session0_lamp,38,88,40.93333333333333,-1.6443157196044922,-0.4032338194530326
COHFACE_s32_session0_lamp,38,89,40.96666666666667,-1.6409181356430054,-0.1422737994899002
COHFACE_s32_session0_lamp,38,90,41.0,-1.3326877355575562,0.12876215449182038
COHFACE_s32_session0_lamp,38,91,41.03333333333333,-0.7261723875999451,0.39640211772770395
COHFACE_s32_session0_lamp,38,92,41.06666666666667,-0.09718719124794006,0.649856117637606
COHFACE_s32_session0_lamp,38,93,41.1,0.3793275058269501,0.8791548189633156
COHFACE_s32_session0_lamp,38,94,41.13333333333333,0.725517213344574,1.0732057589593555
COHFACE_s32_session0_lamp,38,95,41.166666666666664,0.9503544569015503,1.2193928993483587
COHFACE_s32_session0_lamp,38,96,41.2,0.9981047511100769,1.3050731154067519
COHFACE_s32_session0_lamp,38,97,41.233333333333334,0.860258936882019,1.3201870182992737
COHFACE_s32_session0_lamp,38,98,41.266666666666666,0.710290253162384,1.2600071359662464
COHFACE_s32_session0_lamp,38,99,41.3,0.6298313140869141,1.1273558329600233
COHFACE_s32_session0_lamp,38,100,41.333333333333336,0.5618813037872314,0.9337047628407626
COHFACE_s32_session0_lamp,38,101,41.36666666666667,0.4561882019042969,0.6984363538868176
COHFACE_s32_session0_lamp,38,102,41.4,0.3115937411785126,0.4456842353446483
COHFACE_s32_session0_lamp,38,103,41.43333333333333,0.13121740520000458,0.19899294340677143
COHFACE_s32_session0_lamp,38,104,41.46666666666667,-0.06194586306810379,-0.024607169605036734
COHFACE_s32_session0_lamp,38,105,41.5,-0.24348041415214539,-0.21863881449925857
COHFACE_s32_session0_lamp,38,106,41.53333333333333,-0.4104057252407074,-0.3873877399672296
COHFACE_s32_session0_lamp,38,107,41.56666666666667,-0.5509541034698486,-0.5421483113168902
COHFACE_s32_session0_lamp,38,108,41.6,-0.6774491667747498,-0.6953965486611692
COHFACE_s32_session0_lamp,38,109,41.63333333333333,-0.8032338619232178,-0.8555044730837452
COHFACE_s32_session0_lamp,38,110,41.666666666666664,-0.9271498918533325,-1.0234487175143325
COHFACE_s32_session0_lamp,38,111,41.7,-1.0497069358825684,-1.1913488966249322
COHFACE_s32_session0_lamp,38,112,41.733333333333334,-1.1716926097869873,-1.3422399257673394
COHFACE_s32_session0_lamp,38,113,41.766666666666666,-1.2849375009536743,-1.4512490758882743
COHFACE_s32_session0_lamp,38,114,41.8,-1.3796195983886719,-1.489182331148504
COHFACE_s32_session0_lamp,38,115,41.833333333333336,-1.476463794708252,-1.4291209879400975
COHFACE_s32_session0_lamp,38,116,41.86666666666667,-1.5881952047348022,-1.2547178658685256
COHFACE_s32_session0_lamp,38,117,41.9,-1.6975328922271729,-0.9670175033648497
COHFACE_s32_session0_lamp,38,118,41.93333333333333,-1.7207748889923096,-0.5865692197809267
COHFACE_s32_session0_lamp,38,119,41.96666666666667,-1.4514613151550293,-0.14958788536692966
COHFACE_s32_session0_lamp,38,120,42.0,-0.8761101961135864,0.30021909338359115
COHFACE_s32_session0_lamp,38,121,42.03333333333333,-0.27205029129981995,0.7207088741085267
COHFACE_s32_session0_lamp,38,122,42.06666666666667,0.19714434444904327,1.078152812091415
COHFACE_s32_session0_lamp,38,123,42.1,0.5382378101348877,1.3505234678918512
COHFACE_s32_session0_lamp,38,124,42.13333333333333,0.785436749458313,1.52750578692345
COHFACE_s32_session0_lamp,38,125,42.166666666666664,0.865957498550415,1.6084319274731758
COHFACE_s32_session0_lamp,38,126,42.2,0.7562646269798279,1.5995261326877241
COHFACE_s32_session0_lamp,38,127,42.233333333333334,0.6200557947158813,1.511486313107157
COHFACE_s32_session0_lamp,38,128,42.266666666666666,0.565881073474884,1.3578139127745286
COHFACE_s32_session0_lamp,38,129,42.3,0.5096988081932068,1.1537761316717159
COHFACE_s32_session0_lamp,38,130,42.333333333333336,0.4204990267753601,0.9156455859942485
COHFACE_s32_session0_lamp,38,131,42.36666666666667,0.2903748154640198,0.6598458658215176
COHFACE_s32_session0_lamp,38,132,42.4,0.13632909953594208,0.4017185096617555
COHFACE_s32_session0_lamp,38,133,42.43333333333333,-0.041004911065101624,0.15386509926442762
COHFACE_s32_session0_lamp,38,134,42.46666666666667,-0.21537384390830994,-0.07557191426340881
COHFACE_s32_session0_lamp,38,135,42.5,-0.3857120871543884,-0.28394558917394364
COHFACE_s32_session0_lamp,38,136,42.53333333333333,-0.5429390668869019,-0.47366808514177605
COHFACE_s32_session0_lamp,38,137,42.56666666666667,-0.6620368957519531,-0.6500310311399458
COHFACE_s32_session0_lamp,38,138,42.6,-0.7764554023742676,-0.8179355382341144
COHFACE_s32_session0_lamp,38,139,42.63333333333333,-0.890873908996582,-0.9787853109031758
COHFACE_s32_session0_lamp,38,140,42.666666666666664,-1.0059101581573486,-1.1285541715551803
COHFACE_s32_session0_lamp,38,141,42.7,-1.123741626739502,-1.257339542980308
COHFACE_s32_session0_lamp,38,142,42.733333333333334,-1.2205085754394531,-1.3502385661186445
COHFACE_s32_session0_lamp,38,143,42.766666666666666,-1.3150980472564697,-1.3894005688725162
COHFACE_s32_session0_lamp,38,144,42.8,-1.414644718170166,-1.357358217113955
COHFACE_s32_session0_lamp,38,145,42.833333333333336,-1.518237590789795,-1.2415486003881275
COHFACE_s32_session0_lamp,38,146,42.86666666666667,-1.593553900718689,-1.039020965160554
COHFACE_s32_session0_lamp,38,147,42.9,-1.4764020442962646,-0.7594315935168815
COHFACE_s32_session0_lamp,38,148,42.93333333333333,-1.0171064138412476,-0.4245373422152941
COHFACE_s32_session0_lamp,38,149,42.96666666666667,-0.39950284361839294,-0.0638367511596599
COHFACE_s32_session0_lamp,38,150,43.0,0.12854574620723724,0.2919009333828695
COHFACE_s32_session0_lamp,38,151,43.03333333333333,0.5347476601600647,0.6163380178127013
COHFACE_s32_session0_lamp,38,152,43.06666666666667,0.8453871607780457,0.8904479157311846
COHFACE_s32_session0_lamp,38,153,43.1,1.0338248014450073,1.1024238889280693
COHFACE_s32_session0_lamp,38,154,43.13333333333333,1.0426583290100098,1.2459303765743357
COHFACE_s32_session0_lamp,38,155,43.166666666666664,0.9221706390380859,1.3183533286146942
COHFACE_s32_session0_lamp,38,156,43.2,0.8219598531723022,1.3200678828264376
COHFACE_s32_session0_lamp,38,157,43.233333333333334,0.7678778767585754,1.254724049214407
COHFACE_s32_session0_lamp,38,158,43.266666666666666,0.7014104127883911,1.1298287767594224
COHFACE_s32_session0_lamp,38,159,43.3,0.5861425399780273,0.956838458552961
COHFACE_s32_session0_lamp,38,160,43.333333333333336,0.42914721369743347,0.7504501569662658
COHFACE_s32_session0_lamp,38,161,43.36666666666667,0.259967178106308,0.5272062642272987
COHFACE_s32_session0_lamp,38,162,43.4,0.0847180038690567,0.3035356986871616
COHFACE_s32_session0_lamp,38,163,43.43333333333333,-0.09618338942527771,0.09336325252627851
COHFACE_s32_session0_lamp,38,164,43.46666666666667,-0.26151806116104126,-0.09416803180944341
COHFACE_s32_session0_lamp,38,165,43.5,-0.40331730246543884,-0.25590126299968285
COHFACE_s32_session0_lamp,38,166,43.53333333333333,-0.5297042727470398,-0.39402975268677803
COHFACE_s32_session0_lamp,38,167,43.56666666666667,-0.6558904647827148,-0.5137607627809874
COHFACE_s32_session0_lamp,38,168,43.6,-0.7826635241508484,-0.6205021115275026
COHFACE_s32_session0_lamp,38,169,43.63333333333333,-0.8947501182556152,-0.7179968975761992
COHFACE_s32_session0_lamp,38,170,43.666666666666664,-1.005987286567688,-0.807753368918479
COHFACE_s32_session0_lamp,38,171,43.7,-1.1084991693496704,-0.888941280597802
COHFACE_s32_session0_lamp,38,172,43.733333333333334,-1.210871934890747,-0.9579022386375355
COHFACE_s32_session0_lamp,38,173,43.766666666666666,-1.3107584714889526,-1.007326464849863
COHFACE_s32_session0_lamp,38,174,43.8,-1.394676685333252,-1.0260103304542922
COHFACE_s32_session0_lamp,38,175,43.833333333333336,-1.3805615901947021,-1.0002286960971916
COHFACE_s32_session0_lamp,38,176,43.86666666666667,-1.0691035985946655,-0.9169850012829849
COHFACE_s32_session0_lamp,38,177,43.9,-0.4723946452140808,-0.7682088480713098
COHFACE_s32_session0_lamp,38,178,43.93333333333333,0.14283068478107452,-0.5541457118604582
COHFACE_s32_session0_lamp,38,179,43.96666666666667,0.6532740592956543,-0.2844159536479346
COHFACE_s32_session0_lamp,38,180,44.0,1.0711201429367065,0.023492477313771118
COHFACE_s32_session0_lamp,38,181,44.03333333333333,1.4007856845855713,0.34722940446205824
COHFACE_s32_session0_lamp,38,182,44.06666666666667,1.588018774986267,0.6626914173400569
COHFACE_s32_session0_lamp,38,183,44.1,1.5619351863861084,0.9463896685399691
COHFACE_s32_session0_lamp,38,184,44.13333333333333,1.4226840734481812,1.1770052946871932
COHFACE_s32_session0_lamp,38,185,44.166666666666664,1.3036171197891235,1.3365982672640881
COHFACE_s32_session0_lamp,38,186,44.2,1.212100863456726,1.412023382070452
COHFACE_s32_session0_lamp,38,187,44.233333333333334,1.0946863889694214,1.3967306375547563
COHFACE_s32_session0_lamp,38,188,44.266666666666666,0.9256917238235474,1.2925214174955022
COHFACE_s32_session0_lamp,38,189,44.3,0.7340264320373535,1.1104518816790487
COHFACE_s32_session0_lamp,38,190,44.333333333333336,0.536863386631012,0.8701964558422067
COHFACE_s32_session0_lamp,38,191,44.36666666666667,0.33965399861335754,0.5975731995650536
COHFACE_s32_session0_lamp,38,192,44.4,0.13771899044513702,0.3203090986861527
COHFACE_s32_session0_lamp,38,193,44.43333333333333,-0.05078044533729553,0.0626188368390974
COHFACE_s32_session0_lamp,38,194,44.46666666666667,-0.21149760484695435,-0.16010270807183472
COHFACE_s32_session0_lamp,38,195,44.5,-0.3583776652812958,-0.34455631721936036
COHFACE_s32_session0_lamp,38,196,44.53333333333333,-0.49874070286750793,-0.49897297404871827
COHFACE_s32_session0_lamp,38,197,44.56666666666667,-0.6500529646873474,-0.6382849412505317
COHFACE_s32_session0_lamp,38,198,44.6,-0.7950335144996643,-0.776896172657759
COHFACE_s32_session0_lamp,38,199,44.63333333333333,-0.9281228184700012,-0.922264460916167
COHFACE_s32_session0_lamp,38,200,44.666666666666664,-1.0496915578842163,-1.0716382074486666
COHFACE_s32_session0_lamp,38,201,44.7,-1.1609442234039307,-1.2122820750472063
COHFACE_s32_session0_lamp,38,202,44.733333333333334,-1.2613248825073242,-1.324162499749184
COHFACE_s32_session0_lamp,38,203,44.766666666666666,-1.349582552909851,-1.383931340476521
COHFACE_s32_session0_lamp,38,204,44.8,-1.4325742721557617,-1.3696348583935078
COHFACE_s32_session0_lamp,38,205,44.833333333333336,-1.4394773244857788,-1.26583645054621
COHFACE_s32_session0_lamp,38,206,44.86666666666667,-1.161330223083496,-1.068227959221866
COHFACE_s32_session0_lamp,38,207,44.9,-0.5642661452293396,-0.7860774059744898
COHFACE_s32_session0_lamp,38,208,44.93333333333333,0.09864774346351624,-0.44110156139660167
COHFACE_s32_session0_lamp,38,209,44.96666666666667,0.6549882292747498,-0.0628079121673748
COHFACE_s32_session0_lamp,38,210,45.0,1.1033191680908203,0.3177498460944792
COHFACE_s32_session0_lamp,38,211,45.03333333333333,1.4516091346740723,0.6730866879494011
COHFACE_s32_session0_lamp,38,212,45.06666666666667,1.6719987392425537,0.9817209058208047
COHFACE_s32_session0_lamp,38,213,45.1,1.6827162504196167,1.2282476025362883
COHFACE_s32_session0_lamp,38,214,45.13333333333333,1.5346626043319702,1.4023464803048202
COHFACE_s32_session0_lamp,38,215,45.166666666666664,1.3962762355804443,1.4979321262304606
COHFACE_s32_session0_lamp,38,216,45.2,1.2969765663146973,1.51308399016909
COHFACE_s32_session0_lamp,38,217,45.233333333333334,1.179747462272644,1.4507085638123978
COHFACE_s32_session0_lamp,38,218,45.266666666666666,1.0101659297943115,1.3193176478593145
COHFACE_s32_session0_lamp,38,219,45.3,0.8028721213340759,1.1331017180824305
COHFACE_s32_session0_lamp,38,220,45.333333333333336,0.5839650630950928,0.9107299642573721
COHFACE_s32_session0_lamp,38,221,45.36666666666667,0.3774743378162384,0.6728278574232334
COHFACE_s32_session0_lamp,38,222,45.4,0.1708909273147583,0.43860426077965886
COHFACE_s32_session0_lamp,38,223,45.43333333333333,-0.039213504642248154,0.2225042269144343
COHFACE_s32_session0_lamp,38,224,45.46666666666667,-0.22198352217674255,0.03194562329549442
COHFACE_s32_session0_lamp,38,225,45.5,-0.3840905725955963,-0.1330581606132809
COHFACE_s32_session0_lamp,38,226,45.53333333333333,-0.5329010486602783,-0.2782999928515504
COHFACE_s32_session0_lamp,38,227,45.56666666666667,-0.6773410439491272,-0.4124543032661371
COHFACE_s32_session0_lamp,38,228,45.6,-0.820978045463562,-0.5437808374987034
COHFACE_s32_session0_lamp,38,229,45.63333333333333,-0.9505308866500854,-0.6772345764906686
COHFACE_s32_session0_lamp,38,230,45.666666666666664,-1.0737056732177734,-0.8123634442311245
COHFACE_s32_session0_lamp,38,231,45.7,-1.1817461252212524,-0.9421343593110608
COHFACE_s32_session0_lamp,38,232,45.733333333333334,-1.2882885932922363,-1.0529299477353
COHFACE_s32_session0_lamp,38,233,45.766666666666666,-1.3863682746887207,-1.1261939357006712
COHFACE_s32_session0_lamp,38,234,45.8,-1.4710277318954468,-1.1421268867963508
COHFACE_s32_session0_lamp,38,235,45.833333333333336,-1.5520581007003784,-1.0850352335517923
COHFACE_s32_session0_lamp,38,236,45.86666666666667,-1.521712303161621,-0.9486488818039402
COHFACE_s32_session0_lamp,38,237,45.9,-1.1648821830749512,-0.7391654261623547
COHFACE_s32_session0_lamp,38,238,45.93333333333333,-0.5320207476615906,-0.47479942141352477
COHFACE_s32_session0_lamp,38,239,45.96666666666667,0.08701903373003006,-0.18244329962530367
COHFACE_s32_session0_lamp,39,0,39.0,0.5346240997314453,0.12244277522283988
COHFACE_s32_session0_lamp,39,1,39.03333333333333,1.2112669944763184,0.19854383670650952
COHFACE_s32_session0_lamp,39,2,39.06666666666667,1.7258336544036865,0.286936140416733
COHFACE_s32_session0_lamp,39,3,39.1,2.0789265632629395,0.3947472865784225
COHFACE_s32_session0_lamp,39,4,39.13333333333333,2.262746572494507,0.5180008464547164
COHFACE_s32_session0_lamp,39,5,39.166666666666664,2.2058849334716797,0.6412229838868478
COHFACE_s32_session0_lamp,39,6,39.2,2.000119924545288,0.7416153960216338
COHFACE_s32_session0_lamp,39,7,39.233333333333334,1.8351095914840698,0.7965264461590319
COHFACE_s32_session0_lamp,39,8,39.266666666666666,1.7239186763763428,0.7913338033953713
COHFACE_s32_session0_lamp,39,9,39.3,1.5840344429016113,0.7244620467828382
COHFACE_s32_session0_lamp,39,10,39.333333333333336,1.3849254846572876,0.6075794273036939
COHFACE_s32_session0_lamp,39,11,39.36666666666667,1.1465909481048584,0.4611685994405993
COHFACE_s32_session0_lamp,39,12,39.4,0.8959481716156006,0.3074004507177359
COHFACE_s32_session0_lamp,39,13,39.43333333333333,0.6612735986709595,0.16304239124274944
COHFACE_s32_session0_lamp,39,14,39.46666666666667,0.4338110387325287,0.0349720528142506
COHFACE_s32_session0_lamp,39,15,39.5,0.21448703110218048,-0.08019824832023047
COHFACE_s32_session0_lamp,39,16,39.53333333333333,0.021756162866950035,-0.19255877235895993
COHFACE_s32_session0_lamp,39,17,39.56666666666667,-0.14745473861694336,-0.3132069811889164
COHFACE_s32_session0_lamp,39,18,39.6,-0.30505236983299255,-0.449035662885406
COHFACE_s32_session0_lamp,39,19,39.63333333333333,-0.46019452810287476,-0.6000218076956814
COHFACE_s32_session0_lamp,39,20,39.666666666666664,-0.6177458167076111,-0.7592668548840579
COHFACE_s32_session0_lamp,39,21,39.7,-0.7613983154296875,-0.9145301974490035
COHFACE_s32_session0_lamp,39,22,39.733333333333334,-0.8962326645851135,-1.0499358112863006
COHFACE_s32_session0_lamp,39,23,39.766666666666666,-1.0261098146438599,-1.1475485588213161
COHFACE_s32_session0_lamp,39,24,39.8,-1.1375941038131714,-1.1894312458768166
COHFACE_s32_session0_lamp,39,25,39.833333333333336,-1.234160304069519,-1.1606700976379003
COHFACE_s32_session0_lamp,39,26,39.86666666666667,-1.3220937252044678,-1.0527121833766362
COHFACE_s32_session0_lamp,39,27,39.9,-1.4074636697769165,-0.8654754890322596
COHFACE_s32_session0_lamp,39,28,39.93333333333333,-1.4648505449295044,-0.6071841336204549
COHFACE_s32_session0_lamp,39,29,39.96666666666667,-1.3268811702728271,-0.2923174233552607
COHFACE_s32_session0_lamp,39,30,40.0,-0.8137969970703125,0.06078463775513983
COHFACE_s32_session0_lamp,39,31,40.03333333333333,-0.0706249251961708,0.43120151964565345
COHFACE_s32_session0_lamp,39,32,40.06666666666667,0.6128901243209839,0.7954695053528932
COHFACE_s32_session0_lamp,39,33,40.1,1.1272251605987549,1.1275661131192114
COHFACE_s32_session0_lamp,39,34,40.13333333333333,1.4969193935394287,1.4001548599524891
COHFACE_s32_session0_lamp,39,35,40.166666666666664,1.7115486860275269,1.5875140578547866
COHFACE_s32_session0_lamp,39,36,40.2,1.7021746635437012,1.669548454354045
COHFACE_s32_session0_lamp,39,37,40.233333333333334,1.521844744682312,1.6357652679399728
COHFACE_s32_session0_lamp,39,38,40.266666666666666,1.3453600406646729,1.4881991689327232
COHFACE_s32_session0_lamp,39,39,40.3,1.2337831258773804,1.2425058674323997
COHFACE_s32_session0_lamp,39,40,40.333333333333336,1.1162914037704468,0.9264871241276712
COHFACE_s32_session0_lamp,39,41,40.36666666666667,0.954338788986206,0.5756601065910859
COHFACE_s32_session0_lamp,39,42,40.4,0.7506587505340576,0.22654331059180824
COHFACE_s32_session0_lamp,39,43,40.43333333333333,0.5137758255004883,-0.09049784580354131
COHFACE_s32_session0_lamp,39,44,40.46666666666667,0.29153305292129517,-0.35658200929947026
COHFACE_s32_session0_lamp,39,45,40.5,0.08337444067001343,-0.5661429587922808
COHFACE_s32_session0_lamp,39,46,40.53333333333333,-0.10577360540628433,-0.724893913761277
COHFACE_s32_session0_lamp,39,47,40.56666666666667,-0.27975645661354065,-0.8449952887657586
COHFACE_s32_session0_lamp,39,48,40.6,-0.44102954864501953,-0.9393974172535973
COHFACE_s32_session0_lamp,39,49,40.63333333333333,-0.5842496156692505,-1.0172265379633394
COHFACE_s32_session0_lamp,39,50,40.666666666666664,-0.7233771681785583,-1.0811064761166131
COHFACE_s32_session0_lamp,39,51,40.7,-0.8685121536254883,-1.1263938103970152
COHFACE_s32_session0_lamp,39,52,40.733333333333334,-1.0037789344787598,-1.142179006128318
COHFACE_s32_session0_lamp,39,53,40.766666666666666,-1.1318492889404297,-1.114192548120935
COHFACE_s32_session0_lamp,39,54,40.8,-1.240028738975525,-1.0296150727230806
COHFACE_s32_session0_lamp,39,55,40.833333333333336,-1.3361624479293823,-0.882770656781678
COHFACE_s32_session0_lamp,39,56,40.86666666666667,-1.4332691431045532,-0.6792700862942875
COHFACE_s32_session0_lamp,39,57,40.9,-1.5400587320327759,-0.4359406707250849
COHFACE_s32_session0_lamp,39,58,40.93333333333333,-1.6443157196044922,-0.17581015735050112
COHFACE_s32_session0_lamp,39,59,40.96666666666667,-1.6409181356430054,0.07961229520212894
COHFACE_s32_session0_lamp,39,60,41.0,-1.3326877355575562,0.3166114852302443
COHFACE_s32_session0_lamp,39,61,41.03333333333333,-0.7261723875999451,0.5307193733082541
COHFACE_s32_session0_lamp,39,62,41.06666666666667,-0.09718719124794006,0.7231832321734324
COHFACE_s32_session0_lamp,39,63,41.1,0.3793275058269501,0.8952650645664484
COHFACE_s32_session0_lamp,39,64,41.13333333333333,0.725517213344574,1.043615482947231
COHFACE_s32_session0_lamp,39,65,41.166666666666664,0.9503544569015503,1.1585476696250887
COHFACE_s32_session0_lamp,39,66,41.2,0.9981047511100769,1.2255678792502591
COHFACE_s32_session0_lamp,39,67,41.233333333333334,0.860258936882019,1.2295669075999067
COHFACE_s32_session0_lamp,39,68,41.266666666666666,0.710290253162384,1.160427421044397
COHFACE_s32_session0_lamp,39,69,41.3,0.6298313140869141,1.0182615801084205
COHFACE_s32_session0_lamp,39,70,41.333333333333336,0.5618813037872314,0.8161617853930977
COHFACE_s32_session0_lamp,39,71,41.36666666666667,0.4561882019042969,0.5787167806805242
COHFACE_s32_session0_lamp,39,72,41.4,0.3115937411785126,0.3359527809214064
COHFACE_s32_session0_lamp,39,73,41.43333333333333,0.13121740520000458,0.11443919415705389
COHFACE_s32_session0_lamp,39,74,41.46666666666667,-0.06194586306810379,-0.0709278247990945
COHFACE_s32_session0_lamp,39,75,41.5,-0.24348041415214539,-0.2207309515386769
COHFACE_s32_session0_lamp,39,76,41.53333333333333,-0.4104057252407074,-0.34858298870508964
COHFACE_s32_session0_lamp,39,77,41.56666666666667,-0.5509541034698486,-0.4736716752142618
COHFACE_s32_session0_lamp,39,78,41.6,-0.6774491667747498,-0.6120555107028756
COHFACE_s32_session0_lamp,39,79,41.63333333333333,-0.8032338619232178,-0.770657644405944
COHFACE_s32_session0_lamp,39,80,41.666666666666664,-0.9271498918533325,-0.9455380638700176
COHFACE_s32_session0_lamp,39,81,41.7,-1.0497069358825684,-1.123285955713143
COHFACE_s32_session0_lamp,39,82,41.733333333333334,-1.1716926097869873,-1.283525536119192
COHFACE_s32_session0_lamp,39,83,41.766666666666666,-1.2849375009536743,-1.4015693531265259
COHFACE_s32_session0_lamp,39,84,41.8,-1.3796195983886719,-1.4516999808656532
COHFACE_s32_session0_lamp,39,85,41.833333333333336,-1.476463794708252,-1.4118104107248328
COHFACE_s32_session0_lamp,39,86,41.86666666666667,-1.5881952047348022,-1.2687622403090708
COHFACE_s32_session0_lamp,39,87,41.9,-1.6975328922271729,-1.022386731532811
COHFACE_s32_session0_lamp,39,88,41.93333333333333,-1.7207748889923096,-0.686235094799411
COHFACE_s32_session0_lamp,39,89,41.96666666666667,-1.4514613151550293,-0.2848574128790976
COHFACE_s32_session0_lamp,39,90,42.0,-0.8761101961135864,0.15077292750440685
COHFACE_s32_session0_lamp,39,91,42.03333333333333,-0.27205029129981995,0.5875288681786335
COHFACE_s32_session0_lamp,39,92,42.06666666666667,0.19714434444904327,0.9930847743571275
COHFACE_s32_session0_lamp,39,93,42.1,0.5382378101348877,1.3379720351401099
COHFACE_s32_session0_lamp,39,94,42.13333333333333,0.785436749458313,1.5974237926156363
COHFACE_s32_session0_lamp,39,95,42.166666666666664,0.865957498550415,1.753192942332831
COHFACE_s32_session0_lamp,39,96,42.2,0.7562646269798279,1.795210804594862
COHFACE_s32_session0_lamp,39,97,42.233333333333334,0.6200557947158813,1.722951619541346
COHFACE_s32_session0_lamp,39,98,42.266666666666666,0.565881073474884,1.5463416894719255
COHFACE_s32_session0_lamp,39,99,42.3,0.5096988081932068,1.285784182628379
COHFACE_s32_session0_lamp,39,100,42.333333333333336,0.4204990267753601,0.9705089016651786
COHFACE_s32_session0_lamp,39,101,42.36666666666667,0.2903748154640198,0.634587428982166
COHFACE_s32_session0_lamp,39,102,42.4,0.13632909953594208,0.31091192920670324
COHFACE_s32_session0_lamp,39,103,42.43333333333333,-0.041004911065101624,0.024690054238522982
COHFACE_s32_session0_lamp,39,104,42.46666666666667,-0.21537384390830994,-0.21130518403416332
COHFACE_s32_session0_lamp,39,105,42.5,-0.3857120871543884,-0.39789084361422683
COHFACE_s32_session0_lamp,39,106,42.53333333333333,-0.5429390668869019,-0.546600246793207
COHFACE_s32_session0_lamp,39,107,42.56666666666667,-0.6620368957519531,-0.6740222134923861
COHFACE_s32_session0_lamp,39,108,42.6,-0.7764554023742676,-0.7956137295349945
COHFACE_s32_session0_lamp,39,109,42.63333333333333,-0.890873908996582,-0.9210125255191878
COHFACE_s32_session0_lamp,39,110,42.666666666666664,-1.0059101581573486,-1.0515934783027108
COHFACE_s32_session0_lamp,39,111,42.7,-1.123741626739502,-1.1798594090225807
COHFACE_s32_session0_lamp,39,112,42.733333333333334,-1.2205085754394531,-1.290182488778238
COHFACE_s32_session0_lamp,39,113,42.766666666666666,-1.3150980472564697,-1.3610483569760332
COHFACE_s32_session0_lamp,39,114,42.8,-1.414644718170166,-1.369291983438478
COHFACE_s32_session0_lamp,39,115,42.833333333333336,-1.518237590789795,-1.2961450574366302
COHFACE_s32_session0_lamp,39,116,42.86666666666667,-1.593553900718689,-1.133429540602331
COHFACE_s32_session0_lamp,39,117,42.9,-1.4764020442962646,-0.8872434759901385
COHFACE_s32_session0_lamp,39,118,42.93333333333333,-1.0171064138412476,-0.5771580133356744
COHFACE_s32_session0_lamp,39,119,42.96666666666667,-0.39950284361839294,-0.23104441415580707
COHFACE_s32_session0_lamp,39,120,43.0,0.12854574620723724,0.12208084810870723
COHFACE_s32_session0_lamp,39,121,43.03333333333333,0.5347476601600647,0.4578841093030623
COHFACE_s32_session0_lamp,39,122,43.06666666666667,0.8453871607780457,0.759021837868137
COHFACE_s32_session0_lamp,39,123,43.1,1.0338248014450073,1.0139379917842515
COHFACE_s32_session0_lamp,39,124,43.13333333333333,1.0426583290100098,1.213938884964501
COHFACE_s32_session0_lamp,39,125,43.166666666666664,0.9221706390380859,1.3508346118949006
COHFACE_s32_session0_lamp,39,126,43.2,0.8219598531723022,1.4166528469041246
COHFACE_s32_session0_lamp,39,127,43.233333333333334,0.7678778767585754,1.4055533691789361
COHFACE_s32_session0_lamp,39,128,43.266666666666666,0.7014104127883911,1.3169257348602306
COHFACE_s32_session0_lamp,39,129,43.3,0.5861425399780273,1.1581302291517295
COHFACE_s32_session0_lamp,39,130,43.333333333333336,0.42914721369743347,0.9454523969715509
COHFACE_s32_session0_lamp,39,131,43.36666666666667,0.259967178106308,0.7023941551767935
COHFACE_s32_session0_lamp,39,132,43.4,0.0847180038690567,0.45524139408758735
COHFACE_s32_session0_lamp,39,133,43.43333333333333,-0.09618338942527771,0.22691455061405522
COHFACE_s32_session0_lamp,39,134,43.46666666666667,-0.26151806116104126,0.03119409046335799
COHFACE_s32_session0_lamp,39,135,43.5,-0.40331730246543884,-0.1302205841562685
COHFACE_s32_session0_lamp,39,136,43.53333333333333,-0.5297042727470398,-0.266293792316111
COHFACE_s32_session0_lamp,39,137,43.56666666666667,-0.6558904647827148,-0.3913460111458953
COHFACE_s32_session0_lamp,39,138,43.6,-0.7826635241508484,-0.5183482924035151
COHFACE_s32_session0_lamp,39,139,43.63333333333333,-0.8947501182556152,-0.6538828023158514
COHFACE_s32_session0_lamp,39,140,43.666666666666664,-1.005987286567688,-0.7963823237633134
COHFACE_s32_session0_lamp,39,141,43.7,-1.1084991693496704,-0.9371712213666132
COHFACE_s32_session0_lamp,39,142,43.733333333333334,-1.210871934890747,-1.0627980367421126
COHFACE_s32_session0_lamp,39,143,43.766666666666666,-1.3107584714889526,-1.1574511336258066
COHFACE_s32_session0_lamp,39,144,43.8,-1.394676685333252,-1.205154475130735
COHFACE_s32_session0_lamp,39,145,43.833333333333336,-1.3805615901947021,-1.1920222362027006
COHFACE_s32_session0_lamp,39,146,43.86666666666667,-1.0691035985946655,-1.1086327779159901
COHFACE_s32_session0_lamp,39,147,43.9,-0.4723946452140808,-0.9519849795921718
COHFACE_s32_session0_lamp,39,148,43.93333333333333,0.14283068478107452,-0.7262603561512077
COHFACE_s32_session0_lamp,39,149,43.96666666666667,0.6532740592956543,-0.442078188597811
COHFACE_s32_session0_lamp,39,150,44.0,1.0711201429367065,-0.11484258522826143
COHFACE_s32_session0_lamp,39,151,44.03333333333333,1.4007856845855713,0.23668348819974117
COHFACE_s32_session0_lamp,39,152,44.06666666666667,1.588018774986267,0.5908700905633485
COHFACE_s32_session0_lamp,39,153,44.1,1.5619351863861084,0.9230968370033097
COHFACE_s32_session0_lamp,39,154,44.13333333333333,1.4226840734481812,1.206143379638273
COHFACE_s32_session0_lamp,39,155,44.166666666666664,1.3036171197891235,1.412237455615857
COHFACE_s32_session0_lamp,39,156,44.2,1.212100863456726,1.5170669399183845
COHFACE_s32_session0_lamp,39,157,44.233333333333334,1.0946863889694214,1.5049452474810794
COHFACE_s32_session0_lamp,39,158,44.266666666666666,0.9256917238235474,1.373593525585512
COHFACE_s32_session0_lamp,39,159,44.3,0.7340264320373535,1.1368880016495042
COHFACE_s32_session0_lamp,39,160,44.333333333333336,0.536863386631012,0.8243196987023064
COHFACE_s32_session0_lamp,39,161,44.36666666666667,0.33965399861335754,0.4766448766067009
COHFACE_s32_session0_lamp,39,162,44.4,0.13771899044513702,0.13813646959508807
COHFACE_s32_session0_lamp,39,163,44.43333333333333,-0.05078044533729553,-0.15303360405955968
COHFACE_s32_session0_lamp,39,164,44.46666666666667,-0.21149760484695435,-0.3736380064964715
COHFACE_s32_session0_lamp,39,165,44.5,-0.3583776652812958,-0.5203073190884836
COHFACE_s32_session0_lamp,39,166,44.53333333333333,-0.49874070286750793,-0.6081313970603514
COHFACE_s32_session0_lamp,39,167,44.56666666666667,-0.6500529646873474,-0.662974791160423
COHFACE_s32_session0_lamp,39,168,44.6,-0.7950335144996643,-0.7107215157083742
COHFACE_s32_session0_lamp,39,169,44.63333333333333,-0.9281228184700012,-0.7681823588770827
COHFACE_s32_session0_lamp,39,170,44.666666666666664,-1.0496915578842163,-0.8387805873453524
COHFACE_s32_session0_lamp,39,171,44.7,-1.1609442234039307,-0.9131573045496272
COHFACE_s32_session0_lamp,39,172,44.733333333333334,-1.2613248825073242,-0.973028504770918
COHFACE_s32_session0_lamp,39,173,44.766666666666666,-1.349582552909851,-0.9965127304791821
COHFACE_s32_session0_lamp,39,174,44.8,-1.4325742721557617,-0.9638406292183546
COHFACE_s32_session0_lamp,39,175,44.833333333333336,-1.4394773244857788,-0.8626861538785036
COHFACE_s32_session0_lamp,39,176,44.86666666666667,-1.161330223083496,-0.6919010930329692
COHFACE_s32_session0_lamp,39,177,44.9,-0.5642661452293396,-0.4621758559781788
COHFACE_s32_session0_lamp,39,178,44.93333333333333,0.09864774346351624,-0.19308439442018108
COHFACE_s32_session0_lamp,39,179,44.96666666666667,0.6549882292747498,0.09232867278522258
COHFACE_s32_session0_lamp,39,180,45.0,1.1033191680908203,0.372980555700452
COHFACE_s32_session0_lamp,39,181,45.03333333333333,1.4516091346740723,0.6328606623723525
COHFACE_s32_session0_lamp,39,182,45.06666666666667,1.6719987392425537,0.8610087935417304
COHFACE_s32_session0_lamp,39,183,45.1,1.6827162504196167,1.0493327490714934
COHFACE_s32_session0_lamp,39,184,45.13333333333333,1.5346626043319702,1.1900615760709983
COHFACE_s32_session0_lamp,39,185,45.166666666666664,1.3962762355804443,1.274473585757833
COHFACE_s32_session0_lamp,39,186,45.2,1.2969765663146973,1.2938551349839598
COHFACE_s32_session0_lamp,39,187,45.233333333333334,1.179747462272644,1.24252574010319
COHFACE_s32_session0_lamp,39,188,45.266666666666666,1.0101659297943115,1.1214593525253431
COHFACE_s32_session0_lamp,39,189,45.3,0.8028721213340759,0.9404486937753697
COHFACE_s32_session0_lamp,39,190,45.333333333333336,0.5839650630950928,0.7174738091992571
COHFACE_s32_session0_lamp,39,191,45.36666666666667,0.3774743378162384,0.4752938350294084
COHFACE_s32_session0_lamp,39,192,45.4,0.1708909273147583,0.23634064309999578
COHFACE_s32_session0_lamp,39,193,45.43333333333333,-0.039213504642248154,0.017545091152699234
COHFACE_s32_session0_lamp,39,194,45.46666666666667,-0.22198352217674255,-0.17315145471275434
COHFACE_s32_session0_lamp,39,195,45.5,-0.3840905725955963,-0.3373310358616834
COHFACE_s32_session0_lamp,39,196,45.53333333333333,-0.5329010486602783,-0.4835406535701643
COHFACE_s32_session0_lamp,39,197,45.56666666666667,-0.6773410439491272,-0.6228076208834188
COHFACE_s32_session0_lamp,39,198,45.6,-0.820978045463562,-0.7641481583053754
COHFACE_s32_session0_lamp,39,199,45.63333333333333,-0.9505308866500854,-0.911604293007298
COHFACE_s32_session0_lamp,39,200,45.666666666666664,-1.0737056732177734,-1.0630069284474193
COHFACE_s32_session0_lamp,39,201,45.7,-1.1817461252212524,-1.2096828007945242
COHFACE_s32_session0_lamp,39,202,45.733333333333334,-1.2882885932922363,-1.3366637813267694
COHFACE_s32_session0_lamp,39,203,45.766666666666666,-1.3863682746887207,-1.423913930150646
COHFACE_s32_session0_lamp,39,204,45.8,-1.4710277318954468,-1.449392255386597
COHFACE_s32_session0_lamp,39,205,45.833333333333336,-1.5520581007003784,-1.3939182269493415
COHFACE_s32_session0_lamp,39,206,45.86666666666667,-1.521712303161621,-1.2463352408613173
COHFACE_s32_session0_lamp,39,207,45.9,-1.1648821830749512,-1.006773522524188
COHFACE_s32_session0_lamp,39,208,45.93333333333333,-0.5320207476615906,-0.6867688355182098
COHFACE_s32_session0_lamp,39,209,45.96666666666667,0.08701903373003006,-0.30673553785000546
COHFACE_s32_session0_lamp,39,210,46.0,0.5770156383514404,0.10759182855579028
COHFACE_s32_session0_lamp,39,211,46.03333333333333,0.9838352799415588,0.5282268968057737
COHFACE_s32_session0_lamp,39,212,46.06666666666667,1.2868459224700928,0.9269724315326499
COHFACE_s32_session0_lamp,39,213,46.1,1.4132174253463745,1.2768347600383803
COHFACE_s32_session0_lamp,39,214,46.13333333333333,1.348649501800537,1.553403376355219
COHFACE_s32_session0_lamp,39,215,46.166666666666664,1.2041630744934082,1.7364983396040399
COHFACE_s32_session0_lamp,39,216,46.2,1.1004467010498047,1.812154432086544
COHFACE_s32_session0_lamp,39,217,46.233333333333334,1.0282034873962402,1.7748439291009617
COHFACE_s32_session0_lamp,39,218,46.266666666666666,0.9070518016815186,1.6295483327932292
COHFACE_s32_session0_lamp,39,219,46.3,0.7401882410049438,1.3929023612129738
COHFACE_s32_session0_lamp,39,220,46.333333333333336,0.5390254259109497,1.0923925896845708
COHFACE_s32_session0_lamp,39,221,46.36666666666667,0.32614120841026306,0.7628409208351932
COHFACE_s32_session0_lamp,39,222,46.4,0.12423709034919739,0.4402884291246429
COHFACE_s32_session0_lamp,39,223,46.43333333333333,-0.0655132383108139,0.15462710541875813
COHFACE_s32_session0_lamp,39,224,46.46666666666667,-0.23835328221321106,-0.07670207732953765
COHFACE_s32_session0_lamp,39,225,46.5,-0.385943740606308,-0.25158379556202815
COHFACE_s32_session0_lamp,39,226,46.53333333333333,-0.5279128551483154,-0.3814644010232882
COHFACE_s32_session0_lamp,39,227,46.56666666666667,-0.6654343605041504,-0.4855838874691053
COHFACE_s32_session0_lamp,39,228,46.6,-0.8005467653274536,-0.583442749190742
COHFACE_s32_session0_lamp,39,229,46.63333333333333,-0.9327867031097412,-0.6882014502681736
COHFACE_s32_session0_lamp,39,230,46.666666666666664,-1.0586485862731934,-0.8028117672515607
COHFACE_s32_session0_lamp,39,231,46.7,-1.1786420345306396,-0.9193258113813741
COHFACE_s32_session0_lamp,39,232,46.733333333333334,-1.2735095024108887,-1.021001576080136
COHFACE_s32_session0_lamp,39,233,46.766666666666666,-1.3605473041534424,-1.0865639740933202
COHFACE_s32_session0_lamp,39,234,46.8,-1.4467511177062988,-1.0958103510772603
COHFACE_s32_session0_lamp,39,235,46.833333333333336,-1.5441049337387085,-1.0353123705137115
COHFACE_s32_session0_lamp,39,236,46.86666666666667,-1.6270347833633423,-0.9024423978909601
COHFACE_s32_session0_lamp,39,237,46.9,-1.571331262588501,-0.7062153107100563
COHFACE_s32_session0_lamp,39,238,46.93333333333333,-1.203660011291504,-0.4649098460793721
COHFACE_s32_session0_lamp,39,239,46.96666666666667,-0.6293745636940002,-0.2020972537653705
COHFACE_s32_session0_lamp,40,0,40.0,-0.8137969970703125,0.14102562940624008
COHFACE_s32_session0_lamp,40,1,40.03333333333333,-0.0706249251961708,0.28840229965767333
COHFACE_s32_session0_lamp,40,2,40.06666666666667,0.6128901243209839,0.43192341109552485
COHFACE_s32_session0_lamp,40,3,40.1,1.1272251605987549,0.5677231260321389
COHFACE_s32_session0_lamp,40,4,40.13333333333333,1.4969193935394287,0.6880872119748915
COHFACE_s32_session0_lamp,40,5,40.166666666666664,1.7115486860275269,0.781291306062695
COHFACE_s32_session0_lamp,40,6,40.2,1.7021746635437012,0.8331038909080224
COHFACE_s32_session0_lamp,40,7,40.233333333333334,1.521844744682312,0.8298299959080219
COHFACE_s32_session0_lamp,40,8,40.266666666666666,1.3453600406646729,0.7623664657626588
COHFACE_s32_session0_lamp,40,9,40.3,1.2337831258773804,0.6302385692131252
COHFACE_s32_session0_lamp,40,10,40.333333333333336,1.1162914037704468,0.4440808541971058
COHFACE_s32_session0_lamp,40,11,40.36666666666667,0.954338788986206,0.22499904206916635
COHFACE_s32_session0_lamp,40,12,40.4,0.7506587505340576,0.0001347774486204305
COHFACE_s32_session0_lamp,40,13,40.43333333333333,0.5137758255004883,-0.20455434492053412
COHFACE_s32_session0_lamp,40,14,40.46666666666667,0.29153305292129517,-0.37156646954454026
COHFACE_s32_session0_lamp,40,15,40.5,0.08337444067001343,-0.49600541957741506
COHFACE_s32_session0_lamp,40,16,40.53333333333333,-0.10577360540628433,-0.5849201987014935
COHFACE_s32_session0_lamp,40,17,40.56666666666667,-0.27975645661354065,-0.6525431647477596
COHFACE_s32_session0_lamp,40,18,40.6,-0.44102954864501953,-0.7138537500833508
COHFACE_s32_session0_lamp,40,19,40.63333333333333,-0.5842496156692505,-0.7790406340367798
COHFACE_s32_session0_lamp,40,20,40.666666666666664,-0.7233771681785583,-0.850202715670458
COHFACE_s32_session0_lamp,40,21,40.7,-0.8685121536254883,-0.9202780422036088
COHFACE_s32_session0_lamp,40,22,40.733333333333334,-1.0037789344787598,-0.9738195761685535
COHFACE_s32_session0_lamp,40,23,40.766666666666666,-1.1318492889404297,-0.9896637107930152
COHFACE_s32_session0_lamp,40,24,40.8,-1.240028738975525,-0.9458128161754604
COHFACE_s32_session0_lamp,40,25,40.833333333333336,-1.3361624479293823,-0.8261026164455085
COHFACE_s32_session0_lamp,40,26,40.86666666666667,-1.4332691431045532,-0.6265616839106327
COHFACE_s32_session0_lamp,40,27,40.9,-1.5400587320327759,-0.3583890419340235
COHFACE_s32_session0_lamp,40,28,40.93333333333333,-1.6443157196044922,-0.0455832021555919
COHFACE_s32_session0_lamp,40,29,40.96666666666667,-1.6409181356430054,0.2819826465598499
COHFACE_s32_session0_lamp,40,30,41.0,-1.3326877355575562,0.5965790329625996
COHFACE_s32_session0_lamp,40,31,41.03333333333333,-0.7261723875999451,0.8777242401295061
COHFACE_s32_session0_lamp,40,32,41.06666666666667,-0.09718719124794006,1.1125767278542849
COHFACE_s32_session0_lamp,40,33,41.1,0.3793275058269501,1.2928909354757523
COHFACE_s32_session0_lamp,40,34,41.13333333333333,0.725517213344574,1.4114190907295885
COHFACE_s32_session0_lamp,40,35,41.166666666666664,0.9503544569015503,1.4602667701873995
COHFACE_s32_session0_lamp,40,36,41.2,0.9981047511100769,1.43213444832146
COHFACE_s32_session0_lamp,40,37,41.233333333333334,0.860258936882019,1.3237020090845963
COHFACE_s32_session0_lamp,40,38,41.266666666666666,0.710290253162384,1.139448204113647
COHFACE_s32_session0_lamp,40,39,41.3,0.6298313140869141,0.8940201575391756
COHFACE_s32_session0_lamp,40,40,41.333333333333336,0.5618813037872314,0.6116528430382854
COHFACE_s32_session0_lamp,40,41,41.36666666666667,0.4561882019042969,0.32205452158602943
COHFACE_s32_session0_lamp,40,42,41.4,0.3115937411785126,0.05354600829503472
COHFACE_s32_session0_lamp,40,43,41.43333333333333,0.13121740520000458,-0.17432928368297473
COHFACE_s32_session0_lamp,40,44,41.46666666666667,-0.06194586306810379,-0.3557142167855183
COHFACE_s32_session0_lamp,40,45,41.5,-0.24348041415214539,-0.4985014098734264
COHFACE_s32_session0_lamp,40,46,41.53333333333333,-0.4104057252407074,-0.6193705789229302
COHFACE_s32_session0_lamp,40,47,41.56666666666667,-0.5509541034698486,-0.7361278428249205
COHFACE_s32_session0_lamp,40,48,41.6,-0.6774491667747498,-0.8609038861190179
COHFACE_s32_session0_lamp,40,49,41.63333333333333,-0.8032338619232178,-0.9968097530990594
COHFACE_s32_session0_lamp,40,50,41.666666666666664,-0.9271498918533325,-1.138057936021259
COHFACE_s32_session0_lamp,40,51,41.7,-1.0497069358825684,-1.271577389661474
COHFACE_s32_session0_lamp,40,52,41.733333333333334,-1.1716926097869873,-1.3784849796437946
COHFACE_s32_session0_lamp,40,53,41.766666666666666,-1.2849375009536743,-1.4355704211929063
COHFACE_s32_session0_lamp,40,54,41.8,-1.3796195983886719,-1.4182244425364607
COHFACE_s32_session0_lamp,40,55,41.833333333333336,-1.476463794708252,-1.3057420191032179
COHFACE_s32_session0_lamp,40,56,41.86666666666667,-1.5881952047348022,-1.0878968826642532
COHFACE_s32_session0_lamp,40,57,41.9,-1.6975328922271729,-0.7699745269757462
COHFACE_s32_session0_lamp,40,58,41.93333333333333,-1.7207748889923096,-0.37372610875884477
COHFACE_s32_session0_lamp,40,59,41.96666666666667,-1.4514613151550293,0.06635334710919266
COHFACE_s32_session0_lamp,40,60,42.0,-0.8761101961135864,0.5098529544344381
COHFACE_s32_session0_lamp,40,61,42.03333333333333,-0.27205029129981995,0.9177182373742709
COHFACE_s32_session0_lamp,40,62,42.06666666666667,0.19714434444904327,1.2577648777368222
COHFACE_s32_session0_lamp,40,63,42.1,0.5382378101348877,1.507537453145208
COHFACE_s32_session0_lamp,40,64,42.13333333333333,0.785436749458313,1.6547626383411098
COHFACE_s32_session0_lamp,40,65,42.166666666666664,0.865957498550415,1.6962627832969552
COHFACE_s32_session0_lamp,40,66,42.2,0.7562646269798279,1.6363527143637082
COHFACE_s32_session0_lamp,40,67,42.233333333333334,0.6200557947158813,1.4855716621491242
COHFACE_s32_session0_lamp,40,68,42.266666666666666,0.565881073474884,1.2601706585692891
COHFACE_s32_session0_lamp,40,69,42.3,0.5096988081932068,0.9820325847910074
COHFACE_s32_session0_lamp,40,70,42.333333333333336,0.4204990267753601,0.6778741049506762
COHFACE_s32_session0_lamp,40,71,42.36666666666667,0.2903748154640198,0.3764537234573135
COHFACE_s32_session0_lamp,40,72,42.4,0.13632909953594208,0.10356827845236441
COHFACE_s32_session0_lamp,40,73,42.43333333333333,-0.041004911065101624,-0.12374833460315367
COHFACE_s32_session0_lamp,40,74,42.46666666666667,-0.21537384390830994,-0.3013254145696788
COHFACE_s32_session0_lamp,40,75,42.5,-0.3857120871543884,-0.43805630198857864
COHFACE_s32_session0_lamp,40,76,42.53333333333333,-0.5429390668869019,-0.5517089123072803
COHFACE_s32_session0_lamp,40,77,42.56666666666667,-0.6620368957519531,-0.6619160224038793
COHFACE_s32_session0_lamp,40,78,42.6,-0.7764554023742676,-0.7830640834924901
COHFACE_s32_session0_lamp,40,79,42.63333333333333,-0.890873908996582,-0.9194949349628829
COHFACE_s32_session0_lamp,40,80,42.666666666666664,-1.0059101581573486,-1.06402362311665
COHFACE_s32_session0_lamp,40,81,42.7,-1.123741626739502,-1.1993463497894994
COHFACE_s32_session0_lamp,40,82,42.733333333333334,-1.2205085754394531,-1.3013787544533477
COHFACE_s32_session0_lamp,40,83,42.766666666666666,-1.3150980472564697,-1.3438468867925553
COHFACE_s32_session0_lamp,40,84,42.8,-1.414644718170166,-1.3038387369668252
COHFACE_s32_session0_lamp,40,85,42.833333333333336,-1.518237590789795,-1.1677738512330689
COHFACE_s32_session0_lamp,40,86,42.86666666666667,-1.593553900718689,-0.936288079671372
COHFACE_s32_session0_lamp,40,87,42.9,-1.4764020442962646,-0.6258524522783828
COHFACE_s32_session0_lamp,40,88,42.93333333333333,-1.0171064138412476,-0.2656290282881752
COHFACE_s32_session0_lamp,40,89,42.96666666666667,-0.39950284361839294,0.10978460755715296
COHFACE_s32_session0_lamp,40,90,43.0,0.12854574620723724,0.4685810981642757
COHFACE_s32_session0_lamp,40,91,43.03333333333333,0.5347476601600647,0.7870782963751988
COHFACE_s32_session0_lamp,40,92,43.06666666666667,0.8453871607780457,1.0503598212554606
COHFACE_s32_session0_lamp,40,93,43.1,1.0338248014450073,1.249456445865504
COHFACE_s32_session0_lamp,40,94,43.13333333333333,1.0426583290100098,1.377912444401914
COHFACE_s32_session0_lamp,40,95,43.166666666666664,0.9221706390380859,1.4301361396261287
COHFACE_s32_session0_lamp,40,96,43.2,0.8219598531723022,1.4022515949315666
COHFACE_s32_session0_lamp,40,97,43.233333333333334,0.7678778767585754,1.294617752790848
COHFACE_s32_session0_lamp,40,98,43.266666666666666,0.7014104127883911,1.114639305408482
COHFACE_s32_session0_lamp,40,99,43.3,0.5861425399780273,0.8785507462239582
COHFACE_s32_session0_lamp,40,100,43.333333333333336,0.42914721369743347,0.6109161164844447
COHFACE_s32_session0_lamp,40,101,43.36666666666667,0.259967178106308,0.34100196955161566
COHFACE_s32_session0_lamp,40,102,43.4,0.0847180038690567,0.0963852951298844
COHFACE_s32_session0_lamp,40,103,43.43333333333333,-0.09618338942527771,-0.10427490123711261
COHFACE_s32_session0_lamp,40,104,43.46666666666667,-0.26151806116104126,-0.2563668219960073
COHFACE_s32_session0_lamp,40,105,43.5,-0.40331730246543884,-0.3697990010091731
COHFACE_s32_session0_lamp,40,106,43.53333333333333,-0.5297042727470398,-0.4641665410767292
COHFACE_s32_session0_lamp,40,107,43.56666666666667,-0.6558904647827148,-0.5604713213743645
COHFACE_s32_session0_lamp,40,108,43.6,-0.7826635241508484,-0.6729573372237758
COHFACE_s32_session0_lamp,40,109,43.63333333333333,-0.8947501182556152,-0.8043658468429763
COHFACE_s32_session0_lamp,40,110,43.666666666666664,-1.005987286567688,-0.9457345195770487
COHFACE_s32_session0_lamp,40,111,43.7,-1.1084991693496704,-1.0794726161407509
COHFACE_s32_session0_lamp,40,112,43.733333333333334,-1.210871934890747,-1.1835701629279967
COHFACE_s32_session0_lamp,40,113,43.766666666666666,-1.3107584714889526,-1.2355470301366915
COHFACE_s32_session0_lamp,40,114,43.8,-1.394676685333252,-1.2160475742221468
COHFACE_s32_session0_lamp,40,115,43.833333333333336,-1.3805615901947021,-1.1124909751276224
COHFACE_s32_session0_lamp,40,116,43.86666666666667,-1.0691035985946655,-0.9223996449985581
COHFACE_s32_session0_lamp,40,117,43.9,-0.4723946452140808,-0.6550580171533855
COHFACE_s32_session0_lamp,40,118,43.93333333333333,0.14283068478107452,-0.33031045142767373
COHFACE_s32_session0_lamp,40,119,43.96666666666667,0.6532740592956543,0.025399851853562836
COHFACE_s32_session0_lamp,40,120,44.0,1.0711201429367065,0.38415510751748977
COHFACE_s32_session0_lamp,40,121,44.03333333333333,1.4007856845855713,0.7207108639942525
COHFACE_s32_session0_lamp,40,122,44.06666666666667,1.588018774986267,1.0144063326840635
COHFACE_s32_session0_lamp,40,123,44.1,1.5619351863861084,1.2490285260461071
COHFACE_s32_session0_lamp,40,124,44.13333333333333,1.4226840734481812,1.4117357347776935
COHFACE_s32_session0_lamp,40,125,44.166666666666664,1.3036171197891235,1.492271943264496
COHFACE_s32_session0_lamp,40,126,44.2,1.212100863456726,1.4833237339667753
COHFACE_s32_session0_lamp,40,127,44.233333333333334,1.0946863889694214,1.3822703551172304
COHFACE_s32_session0_lamp,40,128,44.266666666666666,0.9256917238235474,1.1939162098749283
COHFACE_s32_session0_lamp,40,129,44.3,0.7340264320373535,0.933072456973508
COHFACE_s32_session0_lamp,40,130,44.333333333333336,0.536863386631012,0.6252600767608427
COHFACE_s32_session0_lamp,40,131,44.36666666666667,0.33965399861335754,0.3039743943100716
COHFACE_s32_session0_lamp,40,132,44.4,0.13771899044513702,0.0042522466593596445
COHFACE_s32_session0_lamp,40,133,44.43333333333333,-0.05078044533729553,-0.2458263611060828
COHFACE_s32_session0_lamp,40,134,44.46666666666667,-0.21149760484695435,-0.4326040385888957
COHFACE_s32_session0_lamp,40,135,44.5,-0.3583776652812958,-0.5599889092472687
COHFACE_s32_session0_lamp,40,136,44.53333333333333,-0.49874070286750793,-0.6464286671773455
COHFACE_s32_session0_lamp,40,137,44.56666666666667,-0.6500529646873474,-0.7166154994706172
COHFACE_s32_session0_lamp,40,138,44.6,-0.7950335144996643,-0.7915887366468844
COHFACE_s32_session0_lamp,40,139,44.63333333333333,-0.9281228184700012,-0.8815780232136204
COHFACE_s32_session0_lamp,40,140,44.666666666666664,-1.0496915578842163,-0.9837110414635577
COHFACE_s32_session0_lamp,40,141,44.7,-1.1609442234039307,-1.0837835620275587
COHFACE_s32_session0_lamp,40,142,44.733333333333334,-1.2613248825073242,-1.1601411874846546
COHFACE_s32_session0_lamp,40,143,44.766666666666666,-1.349582552909851,-1.1883684431263624
COHFACE_s32_session0_lamp,40,144,44.8,-1.4325742721557617,-1.1464859659161322
COHFACE_s32_session0_lamp,40,145,44.833333333333336,-1.4394773244857788,-1.0204242268625927
COHFACE_s32_session0_lamp,40,146,44.86666666666667,-1.161330223083496,-0.8084987247461682
COHFACE_s32_session0_lamp,40,147,44.9,-0.5642661452293396,-0.5228873988047287
COHFACE_s32_session0_lamp,40,148,44.93333333333333,0.09864774346351624,-0.18702533274021516
COHFACE_s32_session0_lamp,40,149,44.96666666666667,0.6549882292747498,0.17010393846311084
COHFACE_s32_session0_lamp,40,150,45.0,1.1033191680908203,0.5201055437285468
COHFACE_s32_session0_lamp,40,151,45.03333333333333,1.4516091346740723,0.8390850151058644
COHFACE_s32_session0_lamp,40,152,45.06666666666667,1.6719987392425537,1.1085369149681426
COHFACE_s32_session0_lamp,40,153,45.1,1.6827162504196167,1.3143939336202832
COHFACE_s32_session0_lamp,40,154,45.13333333333333,1.5346626043319702,1.4459145473320105
COHFACE_s32_session0_lamp,40,155,45.166666666666664,1.3962762355804443,1.4954364486448428
COHFACE_s32_session0_lamp,40,156,45.2,1.2969765663146973,1.4592811402452353
COHFACE_s32_session0_lamp,40,157,45.233333333333334,1.179747462272644,1.3395362156599087
COHFACE_s32_session0_lamp,40,158,45.266666666666666,1.0101659297943115,1.145945013260339
COHFACE_s32_session0_lamp,40,159,45.3,0.8028721213340759,0.8967599655274839
COHFACE_s32_session0_lamp,40,160,45.333333333333336,0.5839650630950928,0.6173923243944833
COHFACE_s32_session0_lamp,40,161,45.36666666666667,0.3774743378162384,0.33628695174960144
COHFACE_s32_session0_lamp,40,162,45.4,0.1708909273147583,0.07867953479801952
COHFACE_s32_session0_lamp,40,163,45.43333333333333,-0.039213504642248154,-0.13972191981340856
COHFACE_s32_session0_lamp,40,164,45.46666666666667,-0.22198352217674255,-0.31636846307995015
COHFACE_s32_session0_lamp,40,165,45.5,-0.3840905725955963,-0.4608389850119533
COHFACE_s32_session0_lamp,40,166,45.53333333333333,-0.5329010486602783,-0.5894371163242117
COHFACE_s32_session0_lamp,40,167,45.56666666666667,-0.6773410439491272,-0.7179427448360604
COHFACE_s32_session0_lamp,40,168,45.6,-0.820978045463562,-0.8556558665778473
COHFACE_s32_session0_lamp,40,169,45.63333333333333,-0.9505308866500854,-1.002622574000173
COHFACE_s32_session0_lamp,40,170,45.666666666666664,-1.0737056732177734,-1.149828125830087
COHFACE_s32_session0_lamp,40,171,45.7,-1.1817461252212524,-1.2808477807786052
COHFACE_s32_session0_lamp,40,172,45.733333333333334,-1.2882885932922363,-1.3739075315042244
COHFACE_s32_session0_lamp,40,173,45.766666666666666,-1.3863682746887207,-1.404658432434389
COHFACE_s32_session0_lamp,40,174,45.8,-1.4710277318954468,-1.3506322317875048
COHFACE_s32_session0_lamp,40,175,45.833333333333336,-1.5520581007003784,-1.1974123774346792
COHFACE_s32_session0_lamp,40,176,45.86666666666667,-1.521712303161621,-0.9445125239645779
COHFACE_s32_session0_lamp,40,177,45.9,-1.1648821830749512,-0.6078510687901307
COHFACE_s32_session0_lamp,40,178,45.93333333333333,-0.5320207476615906,-0.21703415391946546
COHFACE_s32_session0_lamp,40,179,45.96666666666667,0.08701903373003006,0.19158359908785194
COHFACE_s32_session0_lamp,40,180,46.0,0.5770156383514404,0.5829610355817071
COHFACE_s32_session0_lamp,40,181,46.03333333333333,0.9838352799415588,0.9292485604905628
COHFACE_s32_session0_lamp,40,182,46.06666666666667,1.2868459224700928,1.2118657061038314
COHFACE_s32_session0_lamp,40,183,46.1,1.4132174253463745,1.420325849928996
COHFACE_s32_session0_lamp,40,184,46.13333333333333,1.348649501800537,1.5495338598922703
COHFACE_s32_session0_lamp,40,185,46.166666666666664,1.2041630744934082,1.5972954571456552
COHFACE_s32_session0_lamp,40,186,46.2,1.1004467010498047,1.5631711773857484
COHFACE_s32_session0_lamp,40,187,46.233333333333334,1.0282034873962402,1.4490401882870927
COHFACE_s32_session0_lamp,40,188,46.266666666666666,0.9070518016815186,1.2610296526527305
COHFACE_s32_session0_lamp,40,189,46.3,0.7401882410049438,1.0117953063825067
COHFACE_s32_session0_lamp,40,190,46.333333333333336,0.5390254259109497,0.7216006541095608
COHFACE_s32_session0_lamp,40,191,46.36666666666667,0.32614120841026306,0.41672339851969786
COHFACE_s32_session0_lamp,40,192,46.4,0.12423709034919739,0.12475527173834523
COHFACE_s32_session0_lamp,40,193,46.43333333333333,-0.0655132383108139,-0.13199554844063438
COHFACE_s32_session0_lamp,40,194,46.46666666666667,-0.23835328221321106,-0.3423992049528751
COHFACE_s32_session0_lamp,40,195,46.5,-0.385943740606308,-0.5089345521483577
COHFACE_s32_session0_lamp,40,196,46.53333333333333,-0.5279128551483154,-0.645315413363217
COHFACE_s32_session0_lamp,40,197,46.56666666666667,-0.6654343605041504,-0.7701538845782508
COHFACE_s32_session0_lamp,40,198,46.6,-0.8005467653274536,-0.8991763339964776
COHFACE_s32_session0_lamp,40,199,46.63333333333333,-0.9327867031097412,-1.0388541779986546
COHFACE_s32_session0_lamp,40,200,46.666666666666664,-1.0586485862731934,-1.1833196350149544
COHFACE_s32_session0_lamp,40,201,46.7,-1.1786420345306396,-1.3149940147229815
COHFACE_s32_session0_lamp,40,202,46.733333333333334,-1.2735095024108887,-1.40837734593177
COHFACE_s32_session0_lamp,40,203,46.766666666666666,-1.3605473041534424,-1.4360460129406787
COHFACE_s32_session0_lamp,40,204,46.8,-1.4467511177062988,-1.3756907849141342
COHFACE_s32_session0_lamp,40,205,46.833333333333336,-1.5441049337387085,-1.2166152499940135
COHFACE_s32_session0_lamp,40,206,46.86666666666667,-1.6270347833633423,-0.9636200673236915
COHFACE_s32_session0_lamp,40,207,46.9,-1.571331262588501,-0.6364861085147429
COHFACE_s32_session0_lamp,40,208,46.93333333333333,-1.203660011291504,-0.2648925717861299
COHFACE_s32_session0_lamp,40,209,46.96666666666667,-0.6293745636940002,0.11917996106508767
COHFACE_s32_session0_lamp,40,210,47.0,-0.0959208533167839,0.48811705115877435
COHFACE_s32_session0_lamp,40,211,47.03333333333333,0.3041037917137146,0.821541952605583
COHFACE_s32_session0_lamp,40,212,47.06666666666667,0.6117627620697021,1.1050054228690125
COHFACE_s32_session0_lamp,40,213,47.1,0.8352101445198059,1.3266626968027286
COHFACE_s32_session0_lamp,40,214,47.13333333333333,0.8900334239006042,1.4748916767379132
COHFACE_s32_session0_lamp,40,215,47.166666666666664,0.7857301831245422,1.5387066539691725
COHFACE_s32_session0_lamp,40,216,47.2,0.6738907098770142,1.5108740639938483
COHFACE_s32_session0_lamp,40,217,47.233333333333334,0.6211059093475342,1.3920502550562481
COHFACE_s32_session0_lamp,40,218,47.266666666666666,0.5710391402244568,1.193798063688854
COHFACE_s32_session0_lamp,40,219,47.3,0.48361527919769287,0.9388931438371527
COHFACE_s32_session0_lamp,40,220,47.333333333333336,0.35239461064338684,0.658348102055309
COHFACE_s32_session0_lamp,40,221,47.36666666666667,0.18844982981681824,0.3856024965241101
COHFACE_s32_session0_lamp,40,222,47.4,0.01814245991408825,0.1491545102412001
COHFACE_s32_session0_lamp,40,223,47.43333333333333,-0.14447420835494995,-0.03435679157793565
COHFACE_s32_session0_lamp,40,224,47.46666666666667,-0.30298298597335815,-0.16409988576204484
COHFACE_s32_session0_lamp,40,225,47.5,-0.45335322618484497,-0.2539617134055709
COHFACE_s32_session0_lamp,40,226,47.53333333333333,-0.5815778970718384,-0.32620129030870454
COHFACE_s32_session0_lamp,40,227,47.56666666666667,-0.6995329260826111,-0.4021495984190506
COHFACE_s32_session0_lamp,40,228,47.6,-0.8092103600502014,-0.494006539982446
COHFACE_s32_session0_lamp,40,229,47.63333333333333,-0.9237061142921448,-0.6013248374352687
COHFACE_s32_session0_lamp,40,230,47.666666666666664,-1.0276850461959839,-0.7130004929128525
COHFACE_s32_session0_lamp,40,231,47.7,-1.1265677213668823,-0.8125920682037974
COHFACE_s32_session0_lamp,40,232,47.733333333333334,-1.2238596677780151,-0.8837470183834035
COHFACE_s32_session0_lamp,40,233,47.766666666666666,-1.3179395198822021,-0.9135916799204821
COHFACE_s32_session0_lamp,40,234,47.8,-1.4196946620941162,-0.893915227262685
COHFACE_s32_session0_lamp,40,235,47.833333333333336,-1.5139906406402588,-0.8213456145036703
COHFACE_s32_session0_lamp,40,236,47.86666666666667,-1.533788800239563,-0.6976392974475559
COHFACE_s32_session0_lamp,40,237,47.9,-1.298450231552124,-0.5301586887710137
COHFACE_s32_session0_lamp,40,238,47.93333333333333,-0.7901225686073303,-0.33172572640235415
COHFACE_s32_session0_lamp,40,239,47.96666666666667,-0.2690388858318329,-0.11921717190820966
COHFACE_s32_session0_lamp,41,0,41.0,-1.3326877355575562,0.16884081939181797
COHFACE_s32_session0_lamp,41,1,41.03333333333333,-0.7261723875999451,0.09794564385442286
COHFACE_s32_session0_lamp,41,2,41.06666666666667,-0.09718719124794006,0.05938808213659742
COHFACE_s32_session0_lamp,41,3,41.1,0.3793275058269501,0.07696290092684584
COHFACE_s32_session0_lamp,41,4,41.13333333333333,0.725517213344574,0.1555407343086511
COHFACE_s32_session0_lamp,41,5,41.166666666666664,0.9503544569015503,0.27881431771913945
COHFACE_s32_session0_lamp,41,6,41.2,0.9981047511100769,0.4139618872758415
COHFACE_s32_session0_lamp,41,7,41.233333333333334,0.860258936882019,0.521836872636492
COHFACE_s32_session0_lamp,41,8,41.266666666666666,0.710290253162384,0.5693539797714982
COHFACE_s32_session0_lamp,41,9,41.3,0.6298313140869141,0.5399810184629538
COHFACE_s32_session0_lamp,41,10,41.333333333333336,0.5618813037872314,0.4386486033773763
COHFACE_s32_session0_lamp,41,11,41.36666666666667,0.4561882019042969,0.2890685238186724
COHFACE_s32_session0_lamp,41,12,41.4,0.3115937411785126,0.12421159816854187
COHFACE_s32_session0_lamp,41,13,41.43333333333333,0.13121740520000458,-0.02638538602402446
COHFACE_s32_session0_lamp,41,14,41.46666666666667,-0.06194586306810379,-0.14710957235957886
COHFACE_s32_session0_lamp,41,15,41.5,-0.24348041415214539,-0.2400144241812952
COHFACE_s32_session0_lamp,41,16,41.53333333333333,-0.4104057252407074,-0.32068172518358157
COHFACE_s32_session0_lamp,41,17,41.56666666666667,-0.5509541034698486,-0.40900723455399335
COHFACE_s32_session0_lamp,41,18,41.6,-0.6774491667747498,-0.5197364098116911
COHFACE_s32_session0_lamp,41,19,41.63333333333333,-0.8032338619232178,-0.6567243759960876
COHFACE_s32_session0_lamp,41,20,41.666666666666664,-0.9271498918533325,-0.8119954233988012
COHFACE_s32_session0_lamp,41,21,41.7,-1.0497069358825684,-0.9680267362716886
COHFACE_s32_session0_lamp,41,22,41.733333333333334,-1.1716926097869873,-1.1011096513519298
COHFACE_s32_session0_lamp,41,23,41.766666666666666,-1.2849375009536743,-1.1848116383275038
COHFACE_s32_session0_lamp,41,24,41.8,-1.3796195983886719,-1.1939106383524947
COHFACE_s32_session0_lamp,41,25,41.833333333333336,-1.476463794708252,-1.1093170387543076
COHFACE_s32_session0_lamp,41,26,41.86666666666667,-1.5881952047348022,-0.9232098554363977
COHFACE_s32_session0_lamp,41,27,41.9,-1.6975328922271729,-0.6423093618134585
COHFACE_s32_session0_lamp,41,28,41.93333333333333,-1.7207748889923096,-0.28742152437969126
COHFACE_s32_session0_lamp,41,29,41.96666666666667,-1.4514613151550293,0.11082327899979474
COHFACE_s32_session0_lamp,41,30,42.0,-0.8761101961135864,0.5179816037766046
COHFACE_s32_session0_lamp,41,31,42.03333333333333,-0.27205029129981995,0.9008340802243556
COHFACE_s32_session0_lamp,41,32,42.06666666666667,0.19714434444904327,1.2302075302676228
COHFACE_s32_session0_lamp,41,33,42.1,0.5382378101348877,1.4822699312180556
COHFACE_s32_session0_lamp,41,34,42.13333333333333,0.785436749458313,1.639491498949587
COHFACE_s32_session0_lamp,41,35,42.166666666666664,0.865957498550415,1.691782527121685
COHFACE_s32_session0_lamp,41,36,42.2,0.7562646269798279,1.6376074525685016
COHFACE_s32_session0_lamp,41,37,42.233333333333334,0.6200557947158813,1.484675760321322
COHFACE_s32_session0_lamp,41,38,42.266666666666666,0.565881073474884,1.2499863423952484
COHFACE_s32_session0_lamp,41,39,42.3,0.5096988081932068,0.958982730022195
COHFACE_s32_session0_lamp,41,40,42.333333333333336,0.4204990267753601,0.6431563471294098
COHFACE_s32_session0_lamp,41,41,42.36666666666667,0.2903748154640198,0.33539478165059183
COHFACE_s32_session0_lamp,41,42,42.4,0.13632909953594208,0.0633926467432889
COHFACE_s32_session0_lamp,41,43,42.43333333333333,-0.041004911065101624,-0.15697162016222335
COHFACE_s32_session0_lamp,41,44,42.46666666666667,-0.21537384390830994,-0.32540679484899115
COHFACE_s32_session0_lamp,41,45,42.5,-0.3857120871543884,-0.4558974538149741
COHFACE_s32_session0_lamp,41,46,42.53333333333333,-0.5429390668869019,-0.5704075591564728
COHFACE_s32_session0_lamp,41,47,42.56666666666667,-0.6620368957519531,-0.6902041787078669
COHFACE_s32_session0_lamp,41,48,42.6,-0.7764554023742676,-0.8283877885086427
COHFACE_s32_session0_lamp,41,49,42.63333333333333,-0.890873908996582,-0.9861561263406855
COHFACE_s32_session0_lamp,41,50,42.666666666666664,-1.0059101581573486,-1.1530207589192378
COHFACE_s32_session0_lamp,41,51,42.7,-1.123741626739502,-1.3093888813358545
COHFACE_s32_session0_lamp,41,52,42.733333333333334,-1.2205085754394531,-1.4298624663119295
COHFACE_s32_session0_lamp,41,53,42.766666666666666,-1.3150980472564697,-1.486789881308133
COHFACE_s32_session0_lamp,41,54,42.8,-1.414644718170166,-1.4546487780901798
COHFACE_s32_session0_lamp,41,55,42.833333333333336,-1.518237590789795,-1.315679541651564
COHFACE_s32_session0_lamp,41,56,42.86666666666667,-1.593553900718689,-1.0657859112900188
COHFACE_s32_session0_lamp,41,57,42.9,-1.4764020442962646,-0.7183450056396992
COHFACE_s32_session0_lamp,41,58,42.93333333333333,-1.0171064138412476,-0.30361031541152955
COHFACE_s32_session0_lamp,41,59,42.96666666666667,-0.39950284361839294,0.13691416358207273
COHFACE_s32_session0_lamp,41,60,43.0,0.12854574620723724,0.5593127021237709
COHFACE_s32_session0_lamp,41,61,43.03333333333333,0.5347476601600647,0.9259410414061395
COHFACE_s32_session0_lamp,41,62,43.06666666666667,0.8453871607780457,1.2109936131282346
COHFACE_s32_session0_lamp,41,63,43.1,1.0338248014450073,1.4018064430620896
COHFACE_s32_session0_lamp,41,64,43.13333333333333,1.0426583290100098,1.4966777414526555
COHFACE_s32_session0_lamp,41,65,43.166666666666664,0.9221706390380859,1.5011512382165364
COHFACE_s32_session0_lamp,41,66,43.2,0.8219598531723022,1.4247775901858184
COHFACE_s32_session0_lamp,41,67,43.233333333333334,0.7678778767585754,1.279525717405328
COHFACE_s32_session0_lamp,41,68,43.266666666666666,0.7014104127883911,1.0797890519873847
COHFACE_s32_session0_lamp,41,69,43.3,0.5861425399780273,0.8429669061211749
COHFACE_s32_session0_lamp,41,70,43.333333333333336,0.42914721369743347,0.5893313897413236
COHFACE_s32_session0_lamp,41,71,43.36666666666667,0.259967178106308,0.3402941807233285
COHFACE_s32_session0_lamp,41,72,43.4,0.0847180038690567,0.11500419320438711
COHFACE_s32_session0_lamp,41,73,43.43333333333333,-0.09618338942527771,-0.07379609412393662
COHFACE_s32_session0_lamp,41,74,43.46666666666667,-0.26151806116104126,-0.22291640317249198
COHFACE_s32_session0_lamp,41,75,43.5,-0.40331730246543884,-0.33910665021536474
COHFACE_s32_session0_lamp,41,76,43.53333333333333,-0.5297042727470398,-0.43600118302373575
COHFACE_s32_session0_lamp,41,77,43.56666666666667,-0.6558904647827148,-0.5286310941926147
COHFACE_s32_session0_lamp,41,78,43.6,-0.7826635241508484,-0.6278572819174726
COHFACE_s32_session0_lamp,41,79,43.63333333333333,-0.8947501182556152,-0.7370368396760147
COHFACE_s32_session0_lamp,41,80,43.666666666666664,-1.005987286567688,-0.8516846329562324
COHFACE_s32_session0_lamp,41,81,43.7,-1.1084991693496704,-0.9612121760541232
COHFACE_s32_session0_lamp,41,82,43.733333333333334,-1.210871934890747,-1.0513692521755167
COHFACE_s32_session0_lamp,41,83,43.766666666666666,-1.3107584714889526,-1.1065950939512401
COHFACE_s32_session0_lamp,41,84,43.8,-1.394676685333252,-1.1121926974516498
COHFACE_s32_session0_lamp,41,85,43.833333333333336,-1.3805615901947021,-1.0565138021540503
COHFACE_s32_session0_lamp,41,86,43.86666666666667,-1.0691035985946655,-0.9331061728541198
COHFACE_s32_session0_lamp,41,87,43.9,-0.4723946452140808,-0.7423482309474422
COHFACE_s32_session0_lamp,41,88,43.93333333333333,0.14283068478107452,-0.4919205267777488
COHFACE_s32_session0_lamp,41,89,43.96666666666667,0.6532740592956543,-0.19578328846575277
COHFACE_s32_session0_lamp,41,90,44.0,1.0711201429367065,0.12796358981661413
COHFACE_s32_session0_lamp,41,91,44.03333333333333,1.4007856845855713,0.4593498885609681
COHFACE_s32_session0_lamp,41,92,44.06666666666667,1.588018774986267,0.7779258945738249
COHFACE_s32_session0_lamp,41,93,44.1,1.5619351863861084,1.0629713892313548
COHFACE_s32_session0_lamp,41,94,44.13333333333333,1.4226840734481812,1.2932742647069357
COHFACE_s32_session0_lamp,41,95,44.166666666666664,1.3036171197891235,1.447803868844455
COHFACE_s32_session0_lamp,41,96,44.2,1.212100863456726,1.5081552890612557
COHFACE_s32_session0_lamp,41,97,44.233333333333334,1.0946863889694214,1.4625644595661544
COHFACE_s32_session0_lamp,41,98,44.266666666666666,0.9256917238235474,1.3103158640379515
COHFACE_s32_session0_lamp,41,99,44.3,0.7340264320373535,1.0648275544942374
COHFACE_s32_session0_lamp,41,100,44.333333333333336,0.536863386631012,0.7537173365628727
COHFACE_s32_session0_lamp,41,101,44.36666666666667,0.33965399861335754,0.41484096089694494
COHFACE_s32_session0_lamp,41,102,44.4,0.13771899044513702,0.08860512390801444
COHFACE_s32_session0_lamp,41,103,44.43333333333333,-0.05078044533729553,-0.19154802035450044
COHFACE_s32_session0_lamp,41,104,44.46666666666667,-0.21149760484695435,-0.40734383500873594
COHFACE_s32_session0_lamp,41,105,44.5,-0.3583776652812958,-0.559311785861397
COHFACE_s32_session0_lamp,41,106,44.53333333333333,-0.49874070286750793,-0.6640523179473862
COHFACE_s32_session0_lamp,41,107,44.56666666666667,-0.6500529646873474,-0.7459797915448596
COHFACE_s32_session0_lamp,41,108,44.6,-0.7950335144996643,-0.8270149482015017
COHFACE_s32_session0_lamp,41,109,44.63333333333333,-0.9281228184700012,-0.9184949371567076
COHFACE_s32_session0_lamp,41,110,44.666666666666664,-1.0496915578842163,-1.0178195488402175
COHFACE_s32_session0_lamp,41,111,44.7,-1.1609442234039307,-1.1097641051816507
COHFACE_s32_session0_lamp,41,112,44.733333333333334,-1.2613248825073242,-1.1709768620489798
COHFACE_s32_session0_lamp,41,113,44.766666666666666,-1.349582552909851,-1.176094182084984
COHFACE_s32_session0_lamp,41,114,44.8,-1.4325742721557617,-1.1042619621097065
COHFACE_s32_session0_lamp,41,115,44.833333333333336,-1.4394773244857788,-0.9449478543383477
COHFACE_s32_session0_lamp,41,116,44.86666666666667,-1.161330223083496,-0.7016719781726989
COHFACE_s32_session0_lamp,41,117,44.9,-0.5642661452293396,-0.3923008126461571
COHFACE_s32_session0_lamp,41,118,44.93333333333333,0.09864774346351624,-0.04543097976881366
COHFACE_s32_session0_lamp,41,119,44.96666666666667,0.6549882292747498,0.3060805681771391
COHFACE_s32_session0_lamp,41,120,45.0,1.1033191680908203,0.6320354743037834
COHFACE_s32_session0_lamp,41,121,45.03333333333333,1.4516091346740723,0.9096817735210907
COHFACE_s32_session0_lamp,41,122,45.06666666666667,1.6719987392425537,1.1250952731688466
COHFACE_s32_session0_lamp,41,123,45.1,1.6827162504196167,1.2716777797535264
COHFACE_s32_session0_lamp,41,124,45.13333333333333,1.5346626043319702,1.3473872783479866
COHFACE_s32_session0_lamp,41,125,45.166666666666664,1.3962762355804443,1.352424528840915
COHFACE_s32_session0_lamp,41,126,45.2,1.2969765663146973,1.28852562212938
COHFACE_s32_session0_lamp,41,127,45.233333333333334,1.179747462272644,1.1600762361731909
COHFACE_s32_session0_lamp,41,128,45.266666666666666,1.0101659297943115,0.9762772538845516
COHFACE_s32_session0_lamp,41,129,45.3,0.8028721213340759,0.752847091486089
COHFACE_s32_session0_lamp,41,130,45.333333333333336,0.5839650630950928,0.5115683667283577
COHFACE_s32_session0_lamp,41,131,45.36666666666667,0.3774743378162384,0.27672992158216286
COHFACE_s32_session0_lamp,41,132,45.4,0.1708909273147583,0.06912040820788264
COHFACE_s32_session0_lamp,41,133,45.43333333333333,-0.039213504642248154,-0.10010258605088326
COHFACE_s32_session0_lamp,41,134,45.46666666666667,-0.22198352217674255,-0.23268307163185223
COHFACE_s32_session0_lamp,41,135,45.5,-0.3840905725955963,-0.3417675583204013
COHFACE_s32_session0_lamp,41,136,45.53333333333333,-0.5329010486602783,-0.446201080051575
COHFACE_s32_session0_lamp,41,137,45.56666666666667,-0.6773410439491272,-0.5632963148078131
COHFACE_s32_session0_lamp,41,138,45.6,-0.820978045463562,-0.7029883164140983
COHFACE_s32_session0_lamp,41,139,45.63333333333333,-0.9505308866500854,-0.8649421240062528
COHFACE_s32_session0_lamp,41,140,45.666666666666664,-1.0737056732177734,-1.038516443355712
COHFACE_s32_session0_lamp,41,141,45.7,-1.1817461252212524,-1.204539348858215
COHFACE_s32_session0_lamp,41,142,45.733333333333334,-1.2882885932922363,-1.3379908249427745
COHFACE_s32_session0_lamp,41,143,45.766666666666666,-1.3863682746887207,-1.4114537608689481
COHFACE_s32_session0_lamp,41,144,45.8,-1.4710277318954468,-1.3997164843626433
COHFACE_s32_session0_lamp,41,145,45.833333333333336,-1.5520581007003784,-1.2854611682413042
COHFACE_s32_session0_lamp,41,146,45.86666666666667,-1.521712303161621,-1.0646553593451689
COHFACE_s32_session0_lamp,41,147,45.9,-1.1648821830749512,-0.7493476925135303
COHFACE_s32_session0_lamp,41,148,45.93333333333333,-0.5320207476615906,-0.36619041941476727
COHFACE_s32_session0_lamp,41,149,45.96666666666667,0.08701903373003006,0.04910333692755333
COHFACE_s32_session0_lamp,41,150,46.0,0.5770156383514404,0.4592072693699243
COHFACE_s32_session0_lamp,41,151,46.03333333333333,0.9838352799415588,0.8316344884060892
COHFACE_s32_session0_lamp,41,152,46.06666666666667,1.2868459224700928,1.142252966750713
COHFACE_s32_session0_lamp,41,153,46.1,1.4132174253463745,1.375674933689133
COHFACE_s32_session0_lamp,41,154,46.13333333333333,1.348649501800537,1.5236360619744762
COHFACE_s32_session0_lamp,41,155,46.166666666666664,1.2041630744934082,1.5828866099147723
COHFACE_s32_session0_lamp,41,156,46.2,1.1004467010498047,1.5538047457157125
COHFACE_s32_session0_lamp,41,157,46.233333333333334,1.0282034873962402,1.440321516627186
COHFACE_s32_session0_lamp,41,158,46.266666666666666,0.9070518016815186,1.2511062594981268
COHFACE_s32_session0_lamp,41,159,46.3,0.7401882410049438,1.0012203793905499
COHFACE_s32_session0_lamp,41,160,46.333333333333336,0.5390254259109497,0.7127047405749722
COHFACE_s32_session0_lamp,41,161,46.36666666666667,0.32614120841026306,0.41256199503170937
COHFACE_s32_session0_lamp,41,162,46.4,0.12423709034919739,0.12781414609033717
COHFACE_s32_session0_lamp,41,163,46.43333333333333,-0.0655132383108139,-0.12086002526093982
COHFACE_s32_session0_lamp,41,164,46.46666666666667,-0.23835328221321106,-0.3241466925506212
COHFACE_s32_session0_lamp,41,165,46.5,-0.385943740606308,-0.4852800460138289
COHFACE_s32_session0_lamp,41,166,46.53333333333333,-0.5279128551483154,-0.6167336608968434
COHFACE_s32_session0_lamp,41,167,46.56666666666667,-0.6654343605041504,-0.7340004419615437
COHFACE_s32_session0_lamp,41,168,46.6,-0.8005467653274536,-0.8492206461415798
COHFACE_s32_session0_lamp,41,169,46.63333333333333,-0.9327867031097412,-0.9669459592347678
COHFACE_s32_session0_lamp,41,170,46.666666666666664,-1.0586485862731934,-1.0827021839511592
COHFACE_s32_session0_lamp,41,171,46.7,-1.1786420345306396,-1.1836757878334045
COHFACE_s32_session0_lamp,41,172,46.733333333333334,-1.2735095024108887,-1.2508048431362242
COHFACE_s32_session0_lamp,41,173,46.766666666666666,-1.3605473041534424,-1.2621933507540979
COHFACE_s32_session0_lamp,41,174,46.8,-1.4467511177062988,-1.1979427907007383
COHFACE_s32_session0_lamp,41,175,46.833333333333336,-1.5441049337387085,-1.0458096008069417
COHFACE_s32_session0_lamp,41,176,46.86666666666667,-1.6270347833633423,-0.8060014122614616
COHFACE_s32_session0_lamp,41,177,46.9,-1.571331262588501,-0.49294811617376766
COHFACE_s32_session0_lamp,41,178,46.93333333333333,-1.203660011291504,-0.13278559157041075
COHFACE_s32_session0_lamp,41,179,46.96666666666667,-0.6293745636940002,0.2427211553484125
COHFACE_s32_session0_lamp,41,180,47.0,-0.0959208533167839,0.6031461978734297
COHFACE_s32_session0_lamp,41,181,47.03333333333333,0.3041037917137146,0.9241358181082078
COHFACE_s32_session0_lamp,41,182,47.06666666666667,0.6117627620697021,1.1883591461564516
COHFACE_s32_session0_lamp,41,183,47.1,0.8352101445198059,1.3835185755891888
COHFACE_s32_session0_lamp,41,184,47.13333333333333,0.8900334239006042,1.4997599362493934
COHFACE_s32_session0_lamp,41,185,47.166666666666664,0.7857301831245422,1.528709096422847
COHFACE_s32_session0_lamp,41,186,47.2,0.6738907098770142,1.4649703050815217
COHFACE_s32_session0_lamp,41,187,47.233333333333334,0.6211059093475342,1.309323818840081
COHFACE_s32_session0_lamp,41,188,47.266666666666666,0.5710391402244568,1.0720023361949027
COHFACE_s32_session0_lamp,41,189,47.3,0.48361527919769287,0.774355181194966
COHFACE_s32_session0_lamp,41,190,47.333333333333336,0.35239461064338684,0.447597784126555
COHFACE_s32_session0_lamp,41,191,47.36666666666667,0.18844982981681824,0.12812078714664613
COHFACE_s32_session0_lamp,41,192,47.4,0.01814245991408825,-0.15001103531021895
COHFACE_s32_session0_lamp,41,193,47.43333333333333,-0.14447420835494995,-0.36342557773902956
COHFACE_s32_session0_lamp,41,194,47.46666666666667,-0.30298298597335815,-0.5057688598257957
COHFACE_s32_session0_lamp,41,195,47.5,-0.45335322618484497,-0.5892071474835394
COHFACE_s32_session0_lamp,41,196,47.53333333333333,-0.5815778970718384,-0.6398970343120884
COHFACE_s32_session0_lamp,41,197,47.56666666666667,-0.6995329260826111,-0.6886924974896236
COHFACE_s32_session0_lamp,41,198,47.6,-0.8092103600502014,-0.7605467454584598
COHFACE_s32_session0_lamp,41,199,47.63333333333333,-0.9237061142921448,-0.8666242461916199
COHFACE_s32_session0_lamp,41,200,47.666666666666664,-1.0276850461959839,-1.001584744519044
COHFACE_s32_session0_lamp,41,201,47.7,-1.1265677213668823,-1.1459583720170452
COHFACE_s32_session0_lamp,41,202,47.733333333333334,-1.2238596677780151,-1.27163207544421
COHFACE_s32_session0_lamp,41,203,47.766666666666666,-1.3179395198822021,-1.34810917747153
COHFACE_s32_session0_lamp,41,204,47.8,-1.4196946620941162,-1.3481954879695561
COHFACE_s32_session0_lamp,41,205,47.833333333333336,-1.5139906406402588,-1.2528873784002745
COHFACE_s32_session0_lamp,41,206,47.86666666666667,-1.533788800239563,-1.055395263921865
COHFACE_s32_session0_lamp,41,207,47.9,-1.298450231552124,-0.7635280658223819
COHFACE_s32_session0_lamp,41,208,47.93333333333333,-0.7901225686073303,-0.39907213807643366
COHFACE_s32_session0_lamp,41,209,47.96666666666667,-0.2690388858318329,0.0065028006956467784
COHFACE_s32_session0_lamp,41,210,48.0,0.12483938038349152,0.4186356443850719
COHFACE_s32_session0_lamp,41,211,48.03333333333333,0.40209075808525085,0.8057344808644864
COHFACE_s32_session0_lamp,41,212,48.06666666666667,0.5894010663032532,1.1426005640376795
COHFACE_s32_session0_lamp,41,213,48.1,0.6469732522964478,1.4110487246468988
COHFACE_s32_session0_lamp,41,214,48.13333333333333,0.5525999665260315,1.598931318107235
COHFACE_s32_session0_lamp,41,215,48.166666666666664,0.45462843775749207,1.6990256507666062
COHFACE_s32_session0_lamp,41,216,48.2,0.4308459460735321,1.7087045560772829
COHFACE_s32_session0_lamp,41,217,48.233333333333334,0.4129782021045685,1.6305040853612156
COHFACE_s32_session0_lamp,41,218,48.266666666666666,0.34268084168434143,1.4730702382860095
COHFACE_s32_session0_lamp,41,219,48.3,0.21828605234622955,1.2516488574051574
COHFACE_s32_session0_lamp,41,220,48.333333333333336,0.07140598446130753,0.9872775033008435
COHFACE_s32_session0_lamp,41,221,48.36666666666667,-0.07666321098804474,0.704198304783759
COHFACE_s32_session0_lamp,41,222,48.4,-0.2271260917186737,0.42571698019825926
COHFACE_s32_session0_lamp,41,223,48.43333333333333,-0.373264878988266,0.16956385343800512
COHFACE_s32_session0_lamp,41,224,48.46666666666667,-0.5073117017745972,-0.055598414474145735
COHFACE_s32_session0_lamp,41,225,48.5,-0.614579975605011,-0.25091594545870505
COHFACE_s32_session0_lamp,41,226,48.53333333333333,-0.7148371338844299,-0.4246031416123167
COHFACE_s32_session0_lamp,41,227,48.56666666666667,-0.8234489560127258,-0.5865389950494395
COHFACE_s32_session0_lamp,41,228,48.6,-0.9286942481994629,-0.7425427968756776
COHFACE_s32_session0_lamp,41,229,48.63333333333333,-1.02072012424469,-0.8909668092588073
COHFACE_s32_session0_lamp,41,230,48.666666666666664,-1.1183364391326904,-1.0228164410997822
COHFACE_s32_session0_lamp,41,231,48.7,-1.2178832292556763,-1.1246552951719717
COHFACE_s32_session0_lamp,41,232,48.733333333333334,-1.3056467771530151,-1.1825598869901834
COHFACE_s32_session0_lamp,41,233,48.766666666666666,-1.3995721340179443,-1.1856427955451208
COHFACE_s32_session0_lamp,41,234,48.8,-1.4250224828720093,-1.1285222601606555
COHFACE_s32_session0_lamp,41,235,48.833333333333336,-1.1610368490219116,-1.0126411486218136
COHFACE_s32_session0_lamp,41,236,48.86666666666667,-0.6115994453430176,-0.8461713245471509
COHFACE_s32_session0_lamp,41,237,48.9,-0.06761351227760315,-0.642208307569501
COHFACE_s32_session0_lamp,41,238,48.93333333333333,0.3260948657989502,-0.4157794931916424
COHFACE_s32_session0_lamp,41,239,48.96666666666667,0.6073460578918457,-0.1812027835565703
COHFACE_s32_session0_lamp,42,0,42.0,-0.8761101961135864,0.13514354421432323
COHFACE_s32_session0_lamp,42,1,42.03333333333333,-0.27205029129981995,0.28966506805421405
COHFACE_s32_session0_lamp,42,2,42.06666666666667,0.19714434444904327,0.4368072167433952
COHFACE_s32_session0_lamp,42,3,42.1,0.5382378101348877,0.5699149480617235
COHFACE_s32_session0_lamp,42,4,42.13333333333333,0.785436749458313,0.6805600557103474
COHFACE_s32_session0_lamp,42,5,42.166666666666664,0.865957498550415,0.7589627496943878
COHFACE_s32_session0_lamp,42,6,42.2,0.7562646269798279,0.7955883233669393
COHFACE_s32_session0_lamp,42,7,42.233333333333334,0.6200557947158813,0.7835936581334111
COHFACE_s32_session0_lamp,42,8,42.266666666666666,0.565881073474884,0.7212820608000514
COHFACE_s32_session0_lamp,42,9,42.3,0.5096988081932068,0.6135225791776802
COHFACE_s32_session0_lamp,42,10,42.333333333333336,0.4204990267753601,0.4714514338490854
COHFACE_s32_session0_lamp,42,11,42.36666666666667,0.2903748154640198,0.31039535495198617
COHFACE_s32_session0_lamp,42,12,42.4,0.13632909953594208,0.1464662640175094
COHFACE_s32_session0_lamp,42,13,42.43333333333333,-0.041004911065101624,-0.0072789738654294965
COHFACE_s32_session0_lamp,42,14,42.46666666666667,-0.21537384390830994,-0.14382832383572625
COHFACE_s32_session0_lamp,42,15,42.5,-0.3857120871543884,-0.263178186352835
COHFACE_s32_session0_lamp,42,16,42.53333333333333,-0.5429390668869019,-0.37095652873625423
COHFACE_s32_session0_lamp,42,17,42.56666666666667,-0.6620368957519531,-0.47544316018371663
COHFACE_s32_session0_lamp,42,18,42.6,-0.7764554023742676,-0.5842247651864536
COHFACE_s32_session0_lamp,42,19,42.63333333333333,-0.890873908996582,-0.7014517139855821
COHFACE_s32_session0_lamp,42,20,42.666666666666664,-1.0059101581573486,-0.8259483760578991
COHFACE_s32_session0_lamp,42,21,42.7,-1.123741626739502,-0.9499568425595887
COHFACE_s32_session0_lamp,42,22,42.733333333333334,-1.2205085754394531,-1.0585180523208175
COHFACE_s32_session0_lamp,42,23,42.766666666666666,-1.3150980472564697,-1.130134883207554
COHFACE_s32_session0_lamp,42,24,42.8,-1.414644718170166,-1.139719208061292
COHFACE_s32_session0_lamp,42,25,42.833333333333336,-1.518237590789795,-1.064271220745992
COHFACE_s32_session0_lamp,42,26,42.86666666666667,-1.593553900718689,-0.8902360071572086
COHFACE_s32_session0_lamp,42,27,42.9,-1.4764020442962646,-0.6198834148626222
COHFACE_s32_session0_lamp,42,28,42.93333333333333,-1.0171064138412476,-0.2735702271200943
COHFACE_s32_session0_lamp,42,29,42.96666666666667,-0.39950284361839294,0.11379348286106647
COHFACE_s32_session0_lamp,42,30,43.0,0.12854574620723724,0.500796783373907
COHFACE_s32_session0_lamp,42,31,43.03333333333333,0.5347476601600647,0.8485832240206599
COHFACE_s32_session0_lamp,42,32,43.06666666666667,0.8453871607780457,1.1276047979701849
COHFACE_s32_session0_lamp,42,33,43.1,1.0338248014450073,1.3206377771364592
COHFACE_s32_session0_lamp,42,34,43.13333333333333,1.0426583290100098,1.4224086453031821
COHFACE_s32_session0_lamp,42,35,43.166666666666664,0.9221706390380859,1.4370961482384166
COHFACE_s32_session0_lamp,42,36,43.2,0.8219598531723022,1.3750625633767917
COHFACE_s32_session0_lamp,42,37,43.233333333333334,0.7678778767585754,1.249802870491183
COHFACE_s32_session0_lamp,42,38,43.266666666666666,0.7014104127883911,1.075679780590414
COHFACE_s32_session0_lamp,42,39,43.3,0.5861425399780273,0.8666641553227838
COHFACE_s32_session0_lamp,42,40,43.333333333333336,0.42914721369743347,0.6359792758591664
COHFACE_s32_session0_lamp,42,41,43.36666666666667,0.259967178106308,0.3962160563328796
COHFACE_s32_session0_lamp,42,42,43.4,0.0847180038690567,0.15924719675091956
COHFACE_s32_session0_lamp,42,43,43.43333333333333,-0.09618338942527771,-0.0645758696759675
COHFACE_s32_session0_lamp,42,44,43.46666666666667,-0.26151806116104126,-0.267814827679203
COHFACE_s32_session0_lamp,42,45,43.5,-0.40331730246543884,-0.44712028938774107
COHFACE_s32_session0_lamp,42,46,43.53333333333333,-0.5297042727470398,-0.6032482594986819
COHFACE_s32_session0_lamp,42,47,43.56666666666667,-0.6558904647827148,-0.7395614317838046
COHFACE_s32_session0_lamp,42,48,43.6,-0.7826635241508484,-0.8596328977654725
COHFACE_s32_session0_lamp,42,49,43.63333333333333,-0.8947501182556152,-0.9651160533720152
COHFACE_s32_session0_lamp,42,50,43.666666666666664,-1.005987286567688,-1.0546651623290104
COHFACE_s32_session0_lamp,42,51,43.7,-1.1084991693496704,-1.1238708990161919
COHFACE_s32_session0_lamp,42,52,43.733333333333334,-1.210871934890747,-1.1656810285031882
COHFACE_s32_session0_lamp,42,53,43.766666666666666,-1.3107584714889526,-1.1708559956686317
COHFACE_s32_session0_lamp,42,54,43.8,-1.394676685333252,-1.1284891969425852
COHFACE_s32_session0_lamp,42,55,43.833333333333336,-1.3805615901947021,-1.027167240297145
COHFACE_s32_session0_lamp,42,56,43.86666666666667,-1.0691035985946655,-0.8575060533504558
COHFACE_s32_session0_lamp,42,57,43.9,-0.4723946452140808,-0.6161082888516903
COHFACE_s32_session0_lamp,42,58,43.93333333333333,0.14283068478107452,-0.3096157252750171
COHFACE_s32_session0_lamp,42,59,43.96666666666667,0.6532740592956543,0.04331314959888924
COHFACE_s32_session0_lamp,42,60,44.0,1.0711201429367065,0.41360994237044046
COHFACE_s32_session0_lamp,42,61,44.03333333333333,1.4007856845855713,0.7668028277676352
COHFACE_s32_session0_lamp,42,62,44.06666666666667,1.588018774986267,1.0696707618077865
COHFACE_s32_session0_lamp,42,63,44.1,1.5619351863861084,1.2961989176980098
COHFACE_s32_session0_lamp,42,64,44.13333333333333,1.4226840734481812,1.4310742782330577
COHFACE_s32_session0_lamp,42,65,44.166666666666664,1.3036171197891235,1.4702017038092636
COHFACE_s32_session0_lamp,42,66,44.2,1.212100863456726,1.418869738539828
COHFACE_s32_session0_lamp,42,67,44.233333333333334,1.0946863889694214,1.288828590944463
COHFACE_s32_session0_lamp,42,68,44.266666666666666,0.9256917238235474,1.095562993050097
COHFACE_s32_session0_lamp,42,69,44.3,0.7340264320373535,0.8565626695833405
COHFACE_s32_session0_lamp,42,70,44.333333333333336,0.536863386631012,0.5906460121320776
COHFACE_s32_session0_lamp,42,71,44.36666666666667,0.33965399861335754,0.3176361503467616
COHFACE_s32_session0_lamp,42,72,44.4,0.13771899044513702,0.057273615982738675
COHFACE_s32_session0_lamp,42,73,44.43333333333333,-0.05078044533729553,-0.17335960565382882
COHFACE_s32_session0_lamp,42,74,44.46666666666667,-0.21149760484695435,-0.36340982604757294
COHFACE_s32_session0_lamp,42,75,44.5,-0.3583776652812958,-0.5110951409624591
COHFACE_s32_session0_lamp,42,76,44.53333333333333,-0.49874070286750793,-0.6238815604117073
COHFACE_s32_session0_lamp,42,77,44.56666666666667,-0.6500529646873474,-0.7152652856298161
COHFACE_s32_session0_lamp,42,78,44.6,-0.7950335144996643,-0.7994679515428047
COHFACE_s32_session0_lamp,42,79,44.63333333333333,-0.9281228184700012,-0.8864672597669278
COHFACE_s32_session0_lamp,42,80,44.666666666666664,-1.0496915578842163,-0.978951929122446
COHFACE_s32_session0_lamp,42,81,44.7,-1.1609442234039307,-1.0712329745785565
COHFACE_s32_session0_lamp,42,82,44.733333333333334,-1.2613248825073242,-1.1495300156403467
COHFACE_s32_session0_lamp,42,83,44.766666666666666,-1.349582552909851,-1.1935230415085232
COHFACE_s32_session0_lamp,42,84,44.8,-1.4325742721557617,-1.1797098445517895
COHFACE_s32_session0_lamp,42,85,44.833333333333336,-1.4394773244857788,-1.0869007539472455
COHFACE_s32_session0_lamp,42,86,44.86666666666667,-1.161330223083496,-0.902844867034717
COHFACE_s32_session0_lamp,42,87,44.9,-0.5642661452293396,-0.6295905769556396
COHFACE_s32_session0_lamp,42,88,44.93333333333333,0.09864774346351624,-0.28506166118525533
COHFACE_s32_session0_lamp,42,89,44.96666666666667,0.6549882292747498,0.10017747212137403
COHFACE_s32_session0_lamp,42,90,45.0,1.1033191680908203,0.48965938066707154
COHFACE_s32_session0_lamp,42,91,45.03333333333333,1.4516091346740723,0.8483801252795565
COHFACE_s32_session0_lamp,42,92,45.06666666666667,1.6719987392425537,1.1482021259412372
COHFACE_s32_session0_lamp,42,93,45.1,1.6827162504196167,1.3702017673682578
COHFACE_s32_session0_lamp,42,94,45.13333333333333,1.5346626043319702,1.5043533827699833
COHFACE_s32_session0_lamp,42,95,45.166666666666664,1.3962762355804443,1.5478393469194554
COHFACE_s32_session0_lamp,42,96,45.2,1.2969765663146973,1.5034666287169243
COHFACE_s32_session0_lamp,42,97,45.233333333333334,1.179747462272644,1.3790753252806163
COHFACE_s32_session0_lamp,42,98,45.266666666666666,1.0101659297943115,1.1877061509350275
COHFACE_s32_session0_lamp,42,99,45.3,0.8028721213340759,0.9474555027014175
COHFACE_s32_session0_lamp,42,100,45.333333333333336,0.5839650630950928,0.6800220116505804
COHFACE_s32_session0_lamp,42,101,45.36666666666667,0.3774743378162384,0.40774848685481474
COHFACE_s32_session0_lamp,42,102,45.4,0.1708909273147583,0.1498781758749312
COHFACE_s32_session0_lamp,42,103,45.43333333333333,-0.039213504642248154,-0.08070989994694794
COHFACE_s32_session0_lamp,42,104,45.46666666666667,-0.22198352217674255,-0.27909174632332223
COHFACE_s32_session0_lamp,42,105,45.5,-0.3840905725955963,-0.4476870360932012
COHFACE_s32_session0_lamp,42,106,45.53333333333333,-0.5329010486602783,-0.5938576528732029
COHFACE_s32_session0_lamp,42,107,45.56666666666667,-0.6773410439491272,-0.7267723127789915
COHFACE_s32_session0_lamp,42,108,45.6,-0.820978045463562,-0.8545426218974154
COHFACE_s32_session0_lamp,42,109,45.63333333333333,-0.9505308866500854,-0.9820235741159014
COHFACE_s32_session0_lamp,42,110,45.666666666666664,-1.0737056732177734,-1.1090287468149203
COHFACE_s32_session0_lamp,42,111,45.7,-1.1817461252212524,-1.228684283910624
COHFACE_s32_session0_lamp,42,112,45.733333333333334,-1.2882885932922363,-1.326383608859946
COHFACE_s32_session0_lamp,42,113,45.766666666666666,-1.3863682746887207,-1.3805403004165864
COHFACE_s32_session0_lamp,42,114,45.8,-1.4710277318954468,-1.3661853494302025
COHFACE_s32_session0_lamp,42,115,45.833333333333336,-1.5520581007003784,-1.2612757720791994
COHFACE_s32_session0_lamp,42,116,45.86666666666667,-1.521712303161621,-1.053979144343448
COHFACE_s32_session0_lamp,42,117,45.9,-1.1648821830749512,-0.748241497638135
COHFACE_s32_session0_lamp,42,118,45.93333333333333,-0.5320207476615906,-0.36536126101570415
COHFACE_s32_session0_lamp,42,119,45.96666666666667,0.08701903373003006,0.05923447477727448
COHFACE_s32_session0_lamp,42,120,46.0,0.5770156383514404,0.48309010754869797
COHFACE_s32_session0_lamp,42,121,46.03333333333333,0.9838352799415588,0.8654110039565869
COHFACE_s32_session0_lamp,42,122,46.06666666666667,1.2868459224700928,1.1745011203380424
COHFACE_s32_session0_lamp,42,123,46.1,1.4132174253463745,1.3917400164866807
COHFACE_s32_session0_lamp,42,124,46.13333333333333,1.348649501800537,1.511544539472473
COHFACE_s32_session0_lamp,42,125,46.166666666666664,1.2041630744934082,1.5384186777070241
COHFACE_s32_session0_lamp,42,126,46.2,1.1004467010498047,1.482914612413848
COHFACE_s32_session0_lamp,42,127,46.233333333333334,1.0282034873962402,1.358123706307156
COHFACE_s32_session0_lamp,42,128,46.266666666666666,0.9070518016815186,1.1776583929764555
COHFACE_s32_session0_lamp,42,129,46.3,0.7401882410049438,0.9552599993086247
COHFACE_s32_session0_lamp,42,130,46.333333333333336,0.5390254259109497,0.7053785038394568
COHFACE_s32_session0_lamp,42,131,46.36666666666667,0.32614120841026306,0.44361252058683787
COHFACE_s32_session0_lamp,42,132,46.4,0.12423709034919739,0.1860119554825243
COHFACE_s32_session0_lamp,42,133,46.43333333333333,-0.0655132383108139,-0.05303253096546661
COHFACE_s32_session0_lamp,42,134,46.46666666666667,-0.23835328221321106,-0.2635695629665512
COHFACE_s32_session0_lamp,42,135,46.5,-0.385943740606308,-0.44215432011227185
COHFACE_s32_session0_lamp,42,136,46.53333333333333,-0.5279128551483154,-0.5920388929272343
COHFACE_s32_session0_lamp,42,137,46.56666666666667,-0.6654343605041504,-0.7211613914415536
COHFACE_s32_session0_lamp,42,138,46.6,-0.8005467653274536,-0.8385107672746683
COHFACE_s32_session0_lamp,42,139,46.63333333333333,-0.9327867031097412,-0.9500103660894406
COHFACE_s32_session0_lamp,42,140,46.666666666666664,-1.0586485862731934,-1.0551626212403935
COHFACE_s32_session0_lamp,42,141,46.7,-1.1786420345306396,-1.1454628333825212
COHFACE_s32_session0_lamp,42,142,46.733333333333334,-1.2735095024108887,-1.2051947972219965
COHFACE_s32_session0_lamp,42,143,46.766666666666666,-1.3605473041534424,-1.214674146598588
COHFACE_s32_session0_lamp,42,144,46.8,-1.4467511177062988,-1.1553086058225852
COHFACE_s32_session0_lamp,42,145,46.833333333333336,-1.5441049337387085,-1.0151719916038624
COHFACE_s32_session0_lamp,42,146,46.86666666666667,-1.6270347833633423,-0.793409847894027
COHFACE_s32_session0_lamp,42,147,46.9,-1.571331262588501,-0.501939195918817
COHFACE_s32_session0_lamp,42,148,46.93333333333333,-1.203660011291504,-0.1636795916774927
COHFACE_s32_session0_lamp,42,149,46.96666666666667,-0.6293745636940002,0.19214146872414828
COHFACE_s32_session0_lamp,42,150,47.0,-0.0959208533167839,0.5357401720845933
COHFACE_s32_session0_lamp,42,151,47.03333333333333,0.3041037917137146,0.8413417458423831
COHFACE_s32_session0_lamp,42,152,47.06666666666667,0.6117627620697021,1.0893432281544289
COHFACE_s32_session0_lamp,42,153,47.1,0.8352101445198059,1.2664061219731455
COHFACE_s32_session0_lamp,42,154,47.13333333333333,0.8900334239006042,1.364698244044597
COHFACE_s32_session0_lamp,42,155,47.166666666666664,0.7857301831245422,1.3813686430415764
COHFACE_s32_session0_lamp,42,156,47.2,0.6738907098770142,1.3185601535076152
COHFACE_s32_session0_lamp,42,157,47.233333333333334,0.6211059093475342,1.183591848591163
COHFACE_s32_session0_lamp,42,158,47.266666666666666,0.5710391402244568,0.9888614409164075
COHFACE_s32_session0_lamp,42,159,47.3,0.48361527919769287,0.751232748144237
COHFACE_s32_session0_lamp,42,160,47.333333333333336,0.35239461064338684,0.4907454855979375
COHFACE_s32_session0_lamp,42,161,47.36666666666667,0.18844982981681824,0.2285004767365226
COHFACE_s32_session0_lamp,42,162,47.4,0.01814245991408825,-0.01620586677167926
COHFACE_s32_session0_lamp,42,163,47.43333333333333,-0.14447420835494995,-0.22900144949141005
COHFACE_s32_session0_lamp,42,164,47.46666666666667,-0.30298298597335815,-0.4029164301138849
COHFACE_s32_session0_lamp,42,165,47.5,-0.45335322618484497,-0.5392496254080894
COHFACE_s32_session0_lamp,42,166,47.53333333333333,-0.5815778970718384,-0.6462761832358398
COHFACE_s32_session0_lamp,42,167,47.56666666666667,-0.6995329260826111,-0.7360185245522698
COHFACE_s32_session0_lamp,42,168,47.6,-0.8092103600502014,-0.8200562488266293
COHFACE_s32_session0_lamp,42,169,47.63333333333333,-0.9237061142921448,-0.9056920540769847
COHFACE_s32_session0_lamp,42,170,47.666666666666664,-1.0276850461959839,-0.9935182763920358
COHFACE_s32_session0_lamp,42,171,47.7,-1.1265677213668823,-1.0767103623549734
COHFACE_s32_session0_lamp,42,172,47.733333333333334,-1.2238596677780151,-1.14167710331073
COHFACE_s32_session0_lamp,42,173,47.766666666666666,-1.3179395198822021,-1.169613148202363
COHFACE_s32_session0_lamp,42,174,47.8,-1.4196946620941162,-1.1391015936563833
COHFACE_s32_session0_lamp,42,175,47.833333333333336,-1.5139906406402588,-1.0303321765156144
COHFACE_s32_session0_lamp,42,176,47.86666666666667,-1.533788800239563,-0.830890064518983
COHFACE_s32_session0_lamp,42,177,47.9,-1.298450231552124,-0.5415926503709639
COHFACE_s32_session0_lamp,42,178,47.93333333333333,-0.7901225686073303,-0.17959759088473543
COHFACE_s32_session0_lamp,42,179,47.96666666666667,-0.2690388858318329,0.22348612622090774
COHFACE_s32_session0_lamp,42,180,48.0,0.12483938038349152,0.6281659471015623
COHFACE_s32_session0_lamp,42,181,48.03333333333333,0.40209075808525085,0.9954580821985308
COHFACE_s32_session0_lamp,42,182,48.06666666666667,0.5894010663032532,1.2938702108738558
COHFACE_s32_session0_lamp,42,183,48.1,0.6469732522964478,1.5031399344774947
COHFACE_s32_session0_lamp,42,184,48.13333333333333,0.5525999665260315,1.614594440694554
COHFACE_s32_session0_lamp,42,185,48.166666666666664,0.45462843775749207,1.6291815674502141
COHFACE_s32_session0_lamp,42,186,48.2,0.4308459460735321,1.5546689071128055
COHFACE_s32_session0_lamp,42,187,48.233333333333334,0.4129782021045685,1.4032525924821413
COHFACE_s32_session0_lamp,42,188,48.266666666666666,0.34268084168434143,1.1901123901008563
COHFACE_s32_session0_lamp,42,189,48.3,0.21828605234622955,0.9326806869686446
COHFACE_s32_session0_lamp,42,190,48.333333333333336,0.07140598446130753,0.6499237602963516
COHFACE_s32_session0_lamp,42,191,48.36666666666667,-0.07666321098804474,0.36097068851453346
COHFACE_s32_session0_lamp,42,192,48.4,-0.2271260917186737,0.08292451738442538
COHFACE_s32_session0_lamp,42,193,48.43333333333333,-0.373264878988266,-0.17165673818273197
COHFACE_s32_session0_lamp,42,194,48.46666666666667,-0.5073117017745972,-0.3966839141824082
COHFACE_s32_session0_lamp,42,195,48.5,-0.614579975605011,-0.5929261792231325
COHFACE_s32_session0_lamp,42,196,48.53333333333333,-0.7148371338844299,-0.7663777543154664
COHFACE_s32_session0_lamp,42,197,48.56666666666667,-0.8234489560127258,-0.924934127218734
COHFACE_s32_session0_lamp,42,198,48.6,-0.9286942481994629,-1.0745494239604745
COHFACE_s32_session0_lamp,42,199,48.63333333333333,-1.02072012424469,-1.2162714997699013
COHFACE_s32_session0_lamp,42,200,48.666666666666664,-1.1183364391326904,-1.3449052776185735
COHFACE_s32_session0_lamp,42,201,48.7,-1.2178832292556763,-1.4491867639452232
COHFACE_s32_session0_lamp,42,202,48.733333333333334,-1.3056467771530151,-1.5130221593921112
COHFACE_s32_session0_lamp,42,203,48.766666666666666,-1.3995721340179443,-1.51760891374526
COHFACE_s32_session0_lamp,42,204,48.8,-1.4250224828720093,-1.444632792260585
COHFACE_s32_session0_lamp,42,205,48.833333333333336,-1.1610368490219116,-1.2806271392947655
COHFACE_s32_session0_lamp,42,206,48.86666666666667,-0.6115994453430176,-1.0217896017285042
COHFACE_s32_session0_lamp,42,207,48.9,-0.06761351227760315,-0.6776446787904891
COHFACE_s32_session0_lamp,42,208,48.93333333333333,0.3260948657989502,-0.27172827887492434
COHFACE_s32_session0_lamp,42,209,48.96666666666667,0.6073460578918457,0.16163566835716336
COHFACE_s32_session0_lamp,42,210,49.0,0.8105164766311646,0.5837005827259971
COHFACE_s32_session0_lamp,42,211,49.03333333333333,0.8928749561309814,0.9586194969205153
COHFACE_s32_session0_lamp,42,212,49.06666666666667,0.825851559638977,1.2593241001795672
COHFACE_s32_session0_lamp,42,213,49.1,0.722027063369751,1.470446613652654
COHFACE_s32_session0_lamp,42,214,49.13333333333333,0.6719911694526672,1.5880819325632176
COHFACE_s32_session0_lamp,42,215,49.166666666666664,0.644116222858429,1.617310290527139
COHFACE_s32_session0_lamp,42,216,49.2,0.5828995108604431,1.5689235466383202
COHFACE_s32_session0_lamp,42,217,49.233333333333334,0.4610064923763275,1.4565624867925786
COHFACE_s32_session0_lamp,42,218,49.266666666666666,0.312242329120636,1.29472044924256
COHFACE_s32_session0_lamp,42,219,49.3,0.160744771361351,1.0974632839028469
COHFACE_s32_session0_lamp,42,220,49.333333333333336,-0.0007136610220186412,0.8776741649458658
COHFACE_s32_session0_lamp,42,221,49.36666666666667,-0.15273630619049072,0.6467760259386696
COHFACE_s32_session0_lamp,42,222,49.4,-0.2927287220954895,0.41475777429079863
COHFACE_s32_session0_lamp,42,223,49.43333333333333,-0.4241192638874054,0.1901367597818642
COHFACE_s32_session0_lamp,42,224,49.46666666666667,-0.5425530076026917,-0.020394274457703462
COHFACE_s32_session0_lamp,42,225,49.5,-0.6544234156608582,-0.21248586198973438
COHFACE_s32_session0_lamp,42,226,49.53333333333333,-0.7690735459327698,-0.3843032646098831
COHFACE_s32_session0_lamp,42,227,49.56666666666667,-0.8829824328422546,-0.5359113608099672
COHFACE_s32_session0_lamp,42,228,49.6,-0.9797493815422058,-0.6680060779469548
COHFACE_s32_session0_lamp,42,229,49.63333333333333,-1.066354751586914,-0.7806465001042543
COHFACE_s32_session0_lamp,42,230,49.666666666666664,-1.1638938188552856,-0.8725753597423314
COHFACE_s32_session0_lamp,42,231,49.7,-1.2529546022415161,-0.9411659405759649
COHFACE_s32_session0_lamp,42,232,49.733333333333334,-1.2783278226852417,-0.9825374722741733
COHFACE_s32_session0_lamp,42,233,49.766666666666666,-1.007964015007019,-0.9915245357972959
COHFACE_s32_session0_lamp,42,234,49.8,-0.41406577825546265,-0.9619553633744093
COHFACE_s32_session0_lamp,42,235,49.833333333333336,0.20753759145736694,-0.8880786268299224
COHFACE_s32_session0_lamp,42,236,49.86666666666667,0.7070626616477966,-0.767229948565666
COHFACE_s32_session0_lamp,42,237,49.9,1.0901151895523071,-0.6026234407010594
COHFACE_s32_session0_lamp,42,238,49.93333333333333,1.382825255393982,-0.4046617711249644
COHFACE_s32_session0_lamp,42,239,49.96666666666667,1.551016926765442,-0.18990467980837464
COHFACE_s32_session0_lamp,43,0,43.0,0.12854574620723724,0.08915592223673773
COHFACE_s32_session0_lamp,43,1,43.03333333333333,0.5347476601600647,0.1656757838885826
COHFACE_s32_session0_lamp,43,2,43.06666666666667,0.8453871607780457,0.2552291930095701
COHFACE_s32_session0_lamp,43,3,43.1,1.0338248014450073,0.36585280753024824
COHFACE_s32_session0_lamp,43,4,43.13333333333333,1.0426583290100098,0.4950601453943281
COHFACE_s32_session0_lamp,43,5,43.166666666666664,0.9221706390380859,0.6290658028915036
COHFACE_s32_session0_lamp,43,6,43.2,0.8219598531723022,0.7459255582405296
COHFACE_s32_session0_lamp,43,7,43.233333333333334,0.7678778767585754,0.821417941873545
COHFACE_s32_session0_lamp,43,8,43.266666666666666,0.7014104127883911,0.8356561268265092
COHFACE_s32_session0_lamp,43,9,43.3,0.5861425399780273,0.7784821525495959
COHFACE_s32_session0_lamp,43,10,43.333333333333336,0.42914721369743347,0.6522984518657989
COHFACE_s32_session0_lamp,43,11,43.36666666666667,0.259967178106308,0.47171852319768015
COHFACE_s32_session0_lamp,43,12,43.4,0.0847180038690567,0.26008540952249887
COHFACE_s32_session0_lamp,43,13,43.43333333333333,-0.09618338942527771,0.04370617470070937
COHFACE_s32_session0_lamp,43,14,43.46666666666667,-0.26151806116104126,-0.15441893803810383
COHFACE_s32_session0_lamp,43,15,43.5,-0.40331730246543884,-0.31921036064695674
COHFACE_s32_session0_lamp,43,16,43.53333333333333,-0.5297042727470398,-0.4450308305830618
COHFACE_s32_session0_lamp,43,17,43.56666666666667,-0.6558904647827148,-0.5341720184111942
COHFACE_s32_session0_lamp,43,18,43.6,-0.7826635241508484,-0.5937292881656011
COHFACE_s32_session0_lamp,43,19,43.63333333333333,-0.8947501182556152,-0.6326544012346661
COHFACE_s32_session0_lamp,43,20,43.666666666666664,-1.005987286567688,-0.6599168552814398
COHFACE_s32_session0_lamp,43,21,43.7,-1.1084991693496704,-0.6834327805632456
COHFACE_s32_session0_lamp,43,22,43.733333333333334,-1.210871934890747,-0.7087981659642526
COHFACE_s32_session0_lamp,43,23,43.766666666666666,-1.3107584714889526,-0.7373267798181464
COHFACE_s32_session0_lamp,43,24,43.8,-1.394676685333252,-0.7640486750401185
COHFACE_s32_session0_lamp,43,25,43.833333333333336,-1.3805615901947021,-0.7770697438827767
COHFACE_s32_session0_lamp,43,26,43.86666666666667,-1.0691035985946655,-0.7592571986267216
COHFACE_s32_session0_lamp,43,27,43.9,-0.4723946452140808,-0.6920762099333203
COHFACE_s32_session0_lamp,43,28,43.93333333333333,0.14283068478107452,-0.5604765696918417
COHFACE_s32_session0_lamp,43,29,43.96666666666667,0.6532740592956543,-0.35741233456957244
COHFACE_s32_session0_lamp,43,30,44.0,1.0711201429367065,-0.08683346016281389
COHFACE_s32_session0_lamp,43,31,44.03333333333333,1.4007856845855713,0.23541120611753644
COHFACE_s32_session0_lamp,43,32,44.06666666666667,1.588018774986267,0.5827139176832935
COHFACE_s32_session0_lamp,43,33,44.1,1.5619351863861084,0.9205869316349853
COHFACE_s32_session0_lamp,43,34,44.13333333333333,1.4226840734481812,1.211083047078143
COHFACE_s32_session0_lamp,43,35,44.166666666666664,1.3036171197891235,1.418504114875612
COHFACE_s32_session0_lamp,43,36,44.2,1.212100863456726,1.5155745253404478
COHFACE_s32_session0_lamp,43,37,44.233333333333334,1.0946863889694214,1.4886479628721525
COHFACE_s32_session0_lamp,43,38,44.266666666666666,0.9256917238235474,1.3405063810975972
COHFACE_s32_session0_lamp,43,39,44.3,0.7340264320373535,1.0899571477941354
COHFACE_s32_session0_lamp,43,40,44.333333333333336,0.536863386631012,0.7683689665801682
COHFACE_s32_session0_lamp,43,41,44.36666666666667,0.33965399861335754,0.41402169740900696
COHFACE_s32_session0_lamp,43,42,44.4,0.13771899044513702,0.06542823075423598
COHFACE_s32_session0_lamp,43,43,44.43333333333333,-0.05078044533729553,-0.24514510286524874
COHFACE_s32_session0_lamp,43,44,44.46666666666667,-0.21149760484695435,-0.4966302776306241
COHFACE_s32_session0_lamp,43,45,44.5,-0.3583776652812958,-0.6813066645925809
COHFACE_s32_session0_lamp,43,46,44.53333333333333,-0.49874070286750793,-0.8034498307183879
COHFACE_s32_session0_lamp,43,47,44.56666666666667,-0.6500529646873474,-0.8750376302579077
COHFACE_s32_session0_lamp,43,48,44.6,-0.7950335144996643,-0.9105034709064248
COHFACE_s32_session0_lamp,43,49,44.63333333333333,-0.9281228184700012,-0.9228065157824076
COHFACE_s32_session0_lamp,43,50,44.666666666666664,-1.0496915578842163,-0.9216229008200052
COHFACE_s32_session0_lamp,43,51,44.7,-1.1609442234039307,-0.9126968857773968
COHFACE_s32_session0_lamp,43,52,44.733333333333334,-1.2613248825073242,-0.8970286711483245
COHFACE_s32_session0_lamp,43,53,44.766666666666666,-1.349582552909851,-0.8696921526956555
COHFACE_s32_session0_lamp,43,54,44.8,-1.4325742721557617,-0.8195346318137494
COHFACE_s32_session0_lamp,43,55,44.833333333333336,-1.4394773244857788,-0.7313622704599941
COHFACE_s32_session0_lamp,43,56,44.86666666666667,-1.161330223083496,-0.5908663486059532
COHFACE_s32_session0_lamp,43,57,44.9,-0.5642661452293396,-0.3905926178342299
COHFACE_s32_session0_lamp,43,58,44.93333333333333,0.09864774346351624,-0.13428797228870393
COHFACE_s32_session0_lamp,43,59,44.96666666666667,0.6549882292747498,0.16233995316031763
COHFACE_s32_session0_lamp,43,60,45.0,1.1033191680908203,0.474513250817201
COHFACE_s32_session0_lamp,43,61,45.03333333333333,1.4516091346740723,0.7733330027378926
COHFACE_s32_session0_lamp,43,62,45.06666666666667,1.6719987392425537,1.0308985938068338
COHFACE_s32_session0_lamp,43,63,45.1,1.6827162504196167,1.2243786309699023
COHFACE_s32_session0_lamp,43,64,45.13333333333333,1.5346626043319702,1.3385412649802184
COHFACE_s32_session0_lamp,43,65,45.166666666666664,1.3962762355804443,1.366743173196689
COHFACE_s32_session0_lamp,43,66,45.2,1.2969765663146973,1.3106937665897782
COHFACE_s32_session0_lamp,43,67,45.233333333333334,1.179747462272644,1.17943106410755
COHFACE_s32_session0_lamp,43,68,45.266666666666666,1.0101659297943115,0.9878578099186556
COHFACE_s32_session0_lamp,43,69,45.3,0.8028721213340759,0.7550045033550589
COHFACE_s32_session0_lamp,43,70,45.333333333333336,0.5839650630950928,0.5020395929770979
COHFACE_s32_session0_lamp,43,71,45.36666666666667,0.3774743378162384,0.2499762764252354
COHFACE_s32_session0_lamp,43,72,45.4,0.1708909273147583,0.017073330570449685
COHFACE_s32_session0_lamp,43,73,45.43333333333333,-0.039213504642248154,-0.1837756931561827
COHFACE_s32_session0_lamp,43,74,45.46666666666667,-0.22198352217674255,-0.3469175945248382
COHFACE_s32_session0_lamp,43,75,45.5,-0.3840905725955963,-0.4742548929685668
COHFACE_s32_session0_lamp,43,76,45.53333333333333,-0.5329010486602783,-0.5737799880848414
COHFACE_s32_session0_lamp,43,77,45.56666666666667,-0.6773410439491272,-0.6568729027818928
COHFACE_s32_session0_lamp,43,78,45.6,-0.820978045463562,-0.7351992666477588
COHFACE_s32_session0_lamp,43,79,45.63333333333333,-0.9505308866500854,-0.8178462506754874
COHFACE_s32_session0_lamp,43,80,45.666666666666664,-1.0737056732177734,-0.9089883863131871
COHFACE_s32_session0_lamp,43,81,45.7,-1.1817461252212524,-1.0061899256722047
COHFACE_s32_session0_lamp,43,82,45.733333333333334,-1.2882885932922363,-1.0995377269847253
COHFACE_s32_session0_lamp,43,83,45.766666666666666,-1.3863682746887207,-1.1720061514893516
COHFACE_s32_session0_lamp,43,84,45.8,-1.4710277318954468,-1.2015167029027827
COHFACE_s32_session0_lamp,43,85,45.833333333333336,-1.5520581007003784,-1.16488961529218
COHFACE_s32_session0_lamp,43,86,45.86666666666667,-1.521712303161621,-1.043267885389048
COHFACE_s32_session0_lamp,43,87,45.9,-1.1648821830749512,-0.8277807675898583
COHFACE_s32_session0_lamp,43,88,45.93333333333333,-0.5320207476615906,-0.5236099615717944
COHFACE_s32_session0_lamp,43,89,45.96666666666667,0.08701903373003006,-0.15084279888075866
COHFACE_s32_session0_lamp,43,90,46.0,0.5770156383514404,0.25829591048323086
COHFACE_s32_session0_lamp,43,91,46.03333333333333,0.9838352799415588,0.6648568535304661
COHFACE_s32_session0_lamp,43,92,46.06666666666667,1.2868459224700928,1.029583321894827
COHFACE_s32_session0_lamp,43,93,46.1,1.4132174253463745,1.3188279290485425
COHFACE_s32_session0_lamp,43,94,46.13333333333333,1.348649501800537,1.5089798753001473
COHFACE_s32_session0_lamp,43,95,46.166666666666664,1.2041630744934082,1.5888789486787407
COHFACE_s32_session0_lamp,43,96,46.2,1.1004467010498047,1.559973231825275
COHFACE_s32_session0_lamp,43,97,46.233333333333334,1.0282034873962402,1.4343810433217716
COHFACE_s32_session0_lamp,43,98,46.266666666666666,0.9070518016815186,1.2316776698433305
COHFACE_s32_session0_lamp,43,99,46.3,0.7401882410049438,0.9755663741059335
COHFACE_s32_session0_lamp,43,100,46.333333333333336,0.5390254259109497,0.69113901544169
COHFACE_s32_session0_lamp,43,101,46.36666666666667,0.32614120841026306,0.4026158996274705
COHFACE_s32_session0_lamp,43,102,46.4,0.12423709034919739,0.1310317295120399
COHFACE_s32_session0_lamp,43,103,46.43333333333333,-0.0655132383108139,-0.10832789242990401
COHFACE_s32_session0_lamp,43,104,46.46666666666667,-0.23835328221321106,-0.30808977024399753
COHFACE_s32_session0_lamp,43,105,46.5,-0.385943740606308,-0.4694102838463457
COHFACE_s32_session0_lamp,43,106,46.53333333333333,-0.5279128551483154,-0.6003659688958545
COHFACE_s32_session0_lamp,43,107,46.56666666666667,-0.6654343605041504,-0.7124759052738647
COHFACE_s32_session0_lamp,43,108,46.6,-0.8005467653274536,-0.8165167561319082
COHFACE_s32_session0_lamp,43,109,46.63333333333333,-0.9327867031097412,-0.918867693378927
COHFACE_s32_session0_lamp,43,110,46.666666666666664,-1.0586485862731934,-1.0190547154885545
COHFACE_s32_session0_lamp,43,111,46.7,-1.1786420345306396,-1.108634953654909
COHFACE_s32_session0_lamp,43,112,46.733333333333334,-1.2735095024108887,-1.1715851841604819
COHFACE_s32_session0_lamp,43,113,46.766666666666666,-1.3605473041534424,-1.186598888095818
COHFACE_s32_session0_lamp,43,114,46.8,-1.4467511177062988,-1.1315380933441563
COHFACE_s32_session0_lamp,43,115,46.833333333333336,-1.5441049337387085,-0.9895338371896902
COHFACE_s32_session0_lamp,43,116,46.86666666666667,-1.6270347833633423,-0.7551842417968833
COHFACE_s32_session0_lamp,43,117,46.9,-1.571331262588501,-0.43863832305694855
COHFACE_s32_session0_lamp,43,118,46.93333333333333,-1.203660011291504,-0.06568201880906745
COHFACE_s32_session0_lamp,43,119,46.96666666666667,-0.6293745636940002,0.3266613530402307
COHFACE_s32_session0_lamp,43,120,47.0,-0.0959208533167839,0.6976153912857014
COHFACE_s32_session0_lamp,43,121,47.03333333333333,0.3041037917137146,1.0105630413902942
COHFACE_s32_session0_lamp,43,122,47.06666666666667,0.6117627620697021,1.2389032901634671
COHFACE_s32_session0_lamp,43,123,47.1,0.8352101445198059,1.3686568132992094
COHFACE_s32_session0_lamp,43,124,47.13333333333333,0.8900334239006042,1.3981155756258226
COHFACE_s32_session0_lamp,43,125,47.166666666666664,0.7857301831245422,1.3357062868238414
COHFACE_s32_session0_lamp,43,126,47.2,0.6738907098770142,1.197199377360103
COHFACE_s32_session0_lamp,43,127,47.233333333333334,0.6211059093475342,1.0028762870981112
COHFACE_s32_session0_lamp,43,128,47.266666666666666,0.5710391402244568,0.7748646994114122
COHFACE_s32_session0_lamp,43,129,47.3,0.48361527919769287,0.5347255267312968
COHFACE_s32_session0_lamp,43,130,47.333333333333336,0.35239461064338684,0.3013898427275596
COHFACE_s32_session0_lamp,43,131,47.36666666666667,0.18844982981681824,0.08953033957556514
COHFACE_s32_session0_lamp,43,132,47.4,0.01814245991408825,-0.09163691198524064
COHFACE_s32_session0_lamp,43,133,47.43333333333333,-0.14447420835494995,-0.23912234017836903
COHFACE_s32_session0_lamp,43,134,47.46666666666667,-0.30298298597335815,-0.35629935597147533
COHFACE_s32_session0_lamp,43,135,47.5,-0.45335322618484497,-0.45197666602842945
COHFACE_s32_session0_lamp,43,136,47.53333333333333,-0.5815778970718384,-0.5380475402248334
COHFACE_s32_session0_lamp,43,137,47.56666666666667,-0.6995329260826111,-0.6259363532464559
COHFACE_s32_session0_lamp,43,138,47.6,-0.8092103600502014,-0.7229204555380971
COHFACE_s32_session0_lamp,43,139,47.63333333333333,-0.9237061142921448,-0.8297220828654583
COHFACE_s32_session0_lamp,43,140,47.666666666666664,-1.0276850461959839,-0.9400601054003871
COHFACE_s32_session0_lamp,43,141,47.7,-1.1265677213668823,-1.0417954019121207
COHFACE_s32_session0_lamp,43,142,47.733333333333334,-1.2238596677780151,-1.1188145382066423
COHFACE_s32_session0_lamp,43,143,47.766666666666666,-1.3179395198822021,-1.1530451527195866
COHFACE_s32_session0_lamp,43,144,47.8,-1.4196946620941162,-1.126606432702314
COHFACE_s32_session0_lamp,43,145,47.833333333333336,-1.5139906406402588,-1.024555056236475
COHFACE_s32_session0_lamp,43,146,47.86666666666667,-1.533788800239563,-0.8385420198479229
COHFACE_s32_session0_lamp,43,147,47.9,-1.298450231552124,-0.5707484874418789
COHFACE_s32_session0_lamp,43,148,47.93333333333333,-0.7901225686073303,-0.23625355734258185
COHFACE_s32_session0_lamp,43,149,47.96666666666667,-0.2690388858318329,0.13804760689620416
COHFACE_s32_session0_lamp,43,150,48.0,0.12483938038349152,0.5180852705712798
COHFACE_s32_session0_lamp,43,151,48.03333333333333,0.40209075808525085,0.8689788690964093
COHFACE_s32_session0_lamp,43,152,48.06666666666667,0.5894010663032532,1.1608996244645329
COHFACE_s32_session0_lamp,43,153,48.1,0.6469732522964478,1.3730411481819336
COHFACE_s32_session0_lamp,43,154,48.13333333333333,0.5525999665260315,1.49522036727459
COHFACE_s32_session0_lamp,43,155,48.166666666666664,0.45462843775749207,1.5272622593985254
COHFACE_s32_session0_lamp,43,156,48.2,0.4308459460735321,1.4767642473447826
COHFACE_s32_session0_lamp,43,157,48.233333333333334,0.4129782021045685,1.3561042358549003
COHFACE_s32_session0_lamp,43,158,48.266666666666666,0.34268084168434143,1.1795998170594724
COHFACE_s32_session0_lamp,43,159,48.3,0.21828605234622955,0.9614985582532397
COHFACE_s32_session0_lamp,43,160,48.333333333333336,0.07140598446130753,0.715013606390683
COHFACE_s32_session0_lamp,43,161,48.36666666666667,-0.07666321098804474,0.4520940722362521
COHFACE_s32_session0_lamp,43,162,48.4,-0.2271260917186737,0.18331084360040534
COHFACE_s32_session0_lamp,43,163,48.43333333333333,-0.373264878988266,-0.08257617866583926
COHFACE_s32_session0_lamp,43,164,48.46666666666667,-0.5073117017745972,-0.3391684062644308
COHFACE_s32_session0_lamp,43,165,48.5,-0.614579975605011,-0.5823859269303492
COHFACE_s32_session0_lamp,43,166,48.53333333333333,-0.7148371338844299,-0.8092793493140875
COHFACE_s32_session0_lamp,43,167,48.56666666666667,-0.8234489560127258,-1.015917549763646
COHFACE_s32_session0_lamp,43,168,48.6,-0.9286942481994629,-1.1954194476518578
COHFACE_s32_session0_lamp,43,169,48.63333333333333,-1.02072012424469,-1.3373789701397596
COHFACE_s32_session0_lamp,43,170,48.666666666666664,-1.1183364391326904,-1.4291612383567935
COHFACE_s32_session0_lamp,43,171,48.7,-1.2178832292556763,-1.4584713569686607
COHFACE_s32_session0_lamp,43,172,48.733333333333334,-1.3056467771530151,-1.4160622984136264
COHFACE_s32_session0_lamp,43,173,48.766666666666666,-1.3995721340179443,-1.2976979280132697
COHFACE_s32_session0_lamp,43,174,48.8,-1.4250224828720093,-1.1051969868613793
COHFACE_s32_session0_lamp,43,175,48.833333333333336,-1.1610368490219116,-0.8469144627541593
COHFACE_s32_session0_lamp,43,176,48.86666666666667,-0.6115994453430176,-0.5379123784442038
COHFACE_s32_session0_lamp,43,177,48.9,-0.06761351227760315,-0.19947874457272552
COHFACE_s32_session0_lamp,43,178,48.93333333333333,0.3260948657989502,0.1428113974892668
COHFACE_s32_session0_lamp,43,179,48.96666666666667,0.6073460578918457,0.46287600616522306
COHFACE_s32_session0_lamp,43,180,49.0,0.8105164766311646,0.738794529289534
COHFACE_s32_session0_lamp,43,181,49.03333333333333,0.8928749561309814,0.9564541234884617
COHFACE_s32_session0_lamp,43,182,49.06666666666667,0.825851559638977,1.1107561533298114
COHFACE_s32_session0_lamp,43,183,49.1,0.722027063369751,1.2043055149562245
COHFACE_s32_session0_lamp,43,184,49.13333333333333,0.6719911694526672,1.2445223329534811
COHFACE_s32_session0_lamp,43,185,49.166666666666664,0.644116222858429,1.240393508132206
COHFACE_s32_session0_lamp,43,186,49.2,0.5828995108604431,1.1998053604573684
COHFACE_s32_session0_lamp,43,187,49.233333333333334,0.4610064923763275,1.1279633574529058
COHFACE_s32_session0_lamp,43,188,49.266666666666666,0.312242329120636,1.0270949584531408
COHFACE_s32_session0_lamp,43,189,49.3,0.160744771361351,0.8973793922074982
COHFACE_s32_session0_lamp,43,190,49.333333333333336,-0.0007136610220186412,0.7387206323458806
COHFACE_s32_session0_lamp,43,191,49.36666666666667,-0.15273630619049072,0.5526947600461354
COHFACE_s32_session0_lamp,43,192,49.4,-0.2927287220954895,0.34395196882021706
COHFACE_s32_session0_lamp,43,193,49.43333333333333,-0.4241192638874054,0.12057985063583342
COHFACE_s32_session0_lamp,43,194,49.46666666666667,-0.5425530076026917,-0.10665169579403265
COHFACE_s32_session0_lamp,43,195,49.5,-0.6544234156608582,-0.325811972026228
COHFACE_s32_session0_lamp,43,196,49.53333333333333,-0.7690735459327698,-0.5254965961602357
COHFACE_s32_session0_lamp,43,197,49.56666666666667,-0.8829824328422546,-0.6961830052286057
COHFACE_s32_session0_lamp,43,198,49.6,-0.9797493815422058,-0.8311579384793667
COHFACE_s32_session0_lamp,43,199,49.63333333333333,-1.066354751586914,-0.9272246492811821
COHFACE_s32_session0_lamp,43,200,49.666666666666664,-1.1638938188552856,-0.9852684577443462
COHFACE_s32_session0_lamp,43,201,49.7,-1.2529546022415161,-1.0102922860320336
COHFACE_s32_session0_lamp,43,202,49.733333333333334,-1.2783278226852417,-1.0102010919338464
COHFACE_s32_session0_lamp,43,203,49.766666666666666,-1.007964015007019,-0.993044220791871
COHFACE_s32_session0_lamp,43,204,49.8,-0.41406577825546265,-0.9636268483652058
COHFACE_s32_session0_lamp,43,205,49.833333333333336,0.20753759145736694,-0.921236641009351
COHFACE_s32_session0_lamp,43,206,49.86666666666667,0.7070626616477966,-0.8597322918806614
COHFACE_s32_session0_lamp,43,207,49.9,1.0901151895523071,-0.7698832837952588
COHFACE_s32_session0_lamp,43,208,49.93333333333333,1.382825255393982,-0.6427446789630002
COHFACE_s32_session0_lamp,43,209,49.96666666666667,1.551016926765442,-0.47268741710398055
COHFACE_s32_session0_lamp,43,210,50.0,1.5397433042526245,-0.2594114394153772
COHFACE_s32_session0_lamp,43,211,50.03333333333333,1.424614429473877,-0.008969206353544956
COHFACE_s32_session0_lamp,43,212,50.06666666666667,1.3267356157302856,0.26615767687619346
COHFACE_s32_session0_lamp,43,213,50.1,1.257920742034912,0.548141548724783
COHFACE_s32_session0_lamp,43,214,50.13333333333333,1.170790433883667,0.8161114617585278
COHFACE_s32_session0_lamp,43,215,50.166666666666664,1.0342881679534912,1.0491715589490516
COHFACE_s32_session0_lamp,43,216,50.2,0.8556414246559143,1.2291390436345875
COHFACE_s32_session0_lamp,43,217,50.233333333333334,0.6620612144470215,1.3421498343856153
COHFACE_s32_session0_lamp,43,218,50.266666666666666,0.46613362431526184,1.3791400352713783
COHFACE_s32_session0_lamp,43,219,50.3,0.2761516273021698,1.3360044141169882
COHFACE_s32_session0_lamp,43,220,50.333333333333336,0.10746580362319946,1.2141758046842626
COHFACE_s32_session0_lamp,43,221,50.36666666666667,-0.050626013427972794,1.021546748717293
COHFACE_s32_session0_lamp,43,222,50.4,-0.20229347050189972,0.7727943485981105
COHFACE_s32_session0_lamp,43,223,50.43333333333333,-0.3438301980495453,0.48815666885159664
COHFACE_s32_session0_lamp,43,224,50.46666666666667,-0.49054038524627686,0.19076200741987484
COHFACE_s32_session0_lamp,43,225,50.5,-0.6289421319961548,-0.09628185698405241
COHFACE_s32_session0_lamp,43,226,50.53333333333333,-0.7607033252716064,-0.3517941637642994
COHFACE_s32_session0_lamp,43,227,50.56666666666667,-0.8955994844436646,-0.5572654457233324
COHFACE_s32_session0_lamp,43,228,50.6,-1.0081030130386353,-0.6975952031666232
COHFACE_s32_session0_lamp,43,229,50.63333333333333,-1.1093021631240845,-0.7631697423705815
COHFACE_s32_session0_lamp,43,230,50.666666666666664,-1.2084474563598633,-0.753177545342915
COHFACE_s32_session0_lamp,43,231,50.7,-1.276906967163086,-0.6782474875677058
COHFACE_s32_session0_lamp,43,232,50.733333333333334,-1.1321426630020142,-0.5600157703259836
COHFACE_s32_session0_lamp,43,233,50.766666666666666,-0.6027196049690247,-0.4266296649432208
COHFACE_s32_session0_lamp,43,234,50.8,0.08898031711578369,-0.3056561518230241
COHFACE_s32_session0_lamp,43,235,50.833333333333336,0.6885153651237488,-0.21748088141105146
COHFACE_s32_session0_lamp,43,236,50.86666666666667,1.1667442321777344,-0.1717415848010613
COHFACE_s32_session0_lamp,43,237,50.9,1.5519280433654785,-0.16735409041612018
COHFACE_s32_session0_lamp,43,238,50.93333333333333,1.8187706470489502,-0.19489283199093851
COHFACE_s32_session0_lamp,43,239,50.96666666666667,1.8948591947555542,-0.23960001866421624
COHFACE_s32_session0_lamp,44,0,44.0,1.0711201429367065,0.1625514759328112
COHFACE_s32_session0_lamp,44,1,44.03333333333333,1.4007856845855713,0.2666157431426826
COHFACE_s32_session0_lamp,44,2,44.06666666666667,1.588018774986267,0.3673058419497786
COHFACE_s32_session0_lamp,44,3,44.1,1.5619351863861084,0.4623257312143554
COHFACE_s32_session0_lamp,44,4,44.13333333333333,1.4226840734481812,0.5458073433448568
COHFACE_s32_session0_lamp,44,5,44.166666666666664,1.3036171197891235,0.6081118939444348
COHFACE_s32_session0_lamp,44,6,44.2,1.212100863456726,0.6373780776069026
COHFACE_s32_session0_lamp,44,7,44.233333333333334,1.0946863889694214,0.6225580089477187
COHFACE_s32_session0_lamp,44,8,44.266666666666666,0.9256917238235474,0.5568893359694043
COHFACE_s32_session0_lamp,44,9,44.3,0.7340264320373535,0.4404851129740522
COHFACE_s32_session0_lamp,44,10,44.333333333333336,0.536863386631012,0.28124704367634074
COHFACE_s32_session0_lamp,44,11,44.36666666666667,0.33965399861335754,0.0939931816879737
COHFACE_s32_session0_lamp,44,12,44.4,0.13771899044513702,-0.10205553391534622
COHFACE_s32_session0_lamp,44,13,44.43333333333333,-0.05078044533729553,-0.2871314048061814
COHFACE_s32_session0_lamp,44,14,44.46666666666667,-0.21149760484695435,-0.44530636665391204
COHFACE_s32_session0_lamp,44,15,44.5,-0.3583776652812958,-0.5679941263628236
COHFACE_s32_session0_lamp,44,16,44.53333333333333,-0.49874070286750793,-0.655099236721595
COHFACE_s32_session0_lamp,44,17,44.56666666666667,-0.6500529646873474,-0.7132838779312269
COHFACE_s32_session0_lamp,44,18,44.6,-0.7950335144996643,-0.7524066766930056
COHFACE_s32_session0_lamp,44,19,44.63333333333333,-0.9281228184700012,-0.7819762108073367
COHFACE_s32_session0_lamp,44,20,44.666666666666664,-1.0496915578842163,-0.8086130905302091
COHFACE_s32_session0_lamp,44,21,44.7,-1.1609442234039307,-0.8342412478794797
COHFACE_s32_session0_lamp,44,22,44.733333333333334,-1.2613248825073242,-0.8545431452633578
COHFACE_s32_session0_lamp,44,23,44.766666666666666,-1.349582552909851,-0.8580614369774229
COHFACE_s32_session0_lamp,44,24,44.8,-1.4325742721557617,-0.8271678948822303
COHFACE_s32_session0_lamp,44,25,44.833333333333336,-1.4394773244857788,-0.7419086478530161
COHFACE_s32_session0_lamp,44,26,44.86666666666667,-1.161330223083496,-0.5862414109545606
COHFACE_s32_session0_lamp,44,27,44.9,-0.5642661452293396,-0.35447350272230826
COHFACE_s32_session0_lamp,44,28,44.93333333333333,0.09864774346351624,-0.055141750594006604
COHFACE_s32_session0_lamp,44,29,44.96666666666667,0.6549882292747498,0.28936312689709465
COHFACE_s32_session0_lamp,44,30,45.0,1.1033191680908203,0.6470467979405948
COHFACE_s32_session0_lamp,44,31,45.03333333333333,1.4516091346740723,0.9825118176216078
COHFACE_s32_session0_lamp,44,32,45.06666666666667,1.6719987392425537,1.2631780422933094
COHFACE_s32_session0_lamp,44,33,45.1,1.6827162504196167,1.464325387979987
COHFACE_s32_session0_lamp,44,34,45.13333333333333,1.5346626043319702,1.5721546714124517
COHFACE_s32_session0_lamp,44,35,45.166666666666664,1.3962762355804443,1.5843441734164678
COHFACE_s32_session0_lamp,44,36,45.2,1.2969765663146973,1.508272869439979
COHFACE_s32_session0_lamp,44,37,45.233333333333334,1.179747462272644,1.3578425546448074
COHFACE_s32_session0_lamp,44,38,45.266666666666666,1.0101659297943115,1.1500967997159237
COHFACE_s32_session0_lamp,44,39,45.3,0.8028721213340759,0.9025772371034646
COHFACE_s32_session0_lamp,44,40,45.333333333333336,0.5839650630950928,0.631837366450599
COHFACE_s32_session0_lamp,44,41,45.36666666666667,0.3774743378162384,0.3529579967534297
COHFACE_s32_session0_lamp,44,42,45.4,0.1708909273147583,0.0794726503027203
COHFACE_s32_session0_lamp,44,43,45.43333333333333,-0.039213504642248154,-0.17694284146383227
COHFACE_s32_session0_lamp,44,44,45.46666666666667,-0.22198352217674255,-0.4072814673422425
COHFACE_s32_session0_lamp,44,45,45.5,-0.3840905725955963,-0.6062760391160223
COHFACE_s32_session0_lamp,44,46,45.53333333333333,-0.5329010486602783,-0.7732042038696434
COHFACE_s32_session0_lamp,44,47,45.56666666666667,-0.6773410439491272,-0.9118858284719251
COHFACE_s32_session0_lamp,44,48,45.6,-0.820978045463562,-1.02949072597617
COHFACE_s32_session0_lamp,44,49,45.63333333333333,-0.9505308866500854,-1.134073710069108
COHFACE_s32_session0_lamp,44,50,45.666666666666664,-1.0737056732177734,-1.2311667090149871
COHFACE_s32_session0_lamp,44,51,45.7,-1.1817461252212524,-1.320200134489145
COHFACE_s32_session0_lamp,44,52,45.733333333333334,-1.2882885932922363,-1.3918723102337518
COHFACE_s32_session0_lamp,44,53,45.766666666666666,-1.3863682746887207,-1.4277074573062463
COHFACE_s32_session0_lamp,44,54,45.8,-1.4710277318954468,-1.4027681720833691
COHFACE_s32_session0_lamp,44,55,45.833333333333336,-1.5520581007003784,-1.2916162923446397
COHFACE_s32_session0_lamp,44,56,45.86666666666667,-1.521712303161621,-1.0762675741388332
COHFACE_s32_session0_lamp,44,57,45.9,-1.1648821830749512,-0.7537507081604702
COHFACE_s32_session0_lamp,44,58,45.93333333333333,-0.5320207476615906,-0.3406377884769836
COHFACE_s32_session0_lamp,44,59,45.96666666666667,0.08701903373003006,0.127376637055328
COHFACE_s32_session0_lamp,44,60,46.0,0.5770156383514404,0.6013650298870409
COHFACE_s32_session0_lamp,44,61,46.03333333333333,0.9838352799415588,1.0291633383166419
COHFACE_s32_session0_lamp,44,62,46.06666666666667,1.2868459224700928,1.3663326300641243
COHFACE_s32_session0_lamp,44,63,46.1,1.4132174253463745,1.5844300181325282
COHFACE_s32_session0_lamp,44,64,46.13333333333333,1.348649501800537,1.6742854816282455
COHFACE_s32_session0_lamp,44,65,46.166666666666664,1.2041630744934082,1.6442216325777357
COHFACE_s32_session0_lamp,44,66,46.2,1.1004467010498047,1.5148734655889864
COHFACE_s32_session0_lamp,44,67,46.233333333333334,1.0282034873962402,1.3128990703819634
COHFACE_s32_session0_lamp,44,68,46.266666666666666,0.9070518016815186,1.0655399010425406
COHFACE_s32_session0_lamp,44,69,46.3,0.7401882410049438,0.7970936770545864
COHFACE_s32_session0_lamp,44,70,46.333333333333336,0.5390254259109497,0.5273749171231529
COHFACE_s32_session0_lamp,44,71,46.36666666666667,0.32614120841026306,0.27151161618259617
COHFACE_s32_session0_lamp,44,72,46.4,0.12423709034919739,0.040169242907825045
COHFACE_s32_session0_lamp,44,73,46.43333333333333,-0.0655132383108139,-0.16041162096392453
COHFACE_s32_session0_lamp,44,74,46.46666666666667,-0.23835328221321106,-0.32852340533047303
COHFACE_s32_session0_lamp,44,75,46.5,-0.385943740606308,-0.466727427084834
COHFACE_s32_session0_lamp,44,76,46.53333333333333,-0.5279128551483154,-0.5807901737716932
COHFACE_s32_session0_lamp,44,77,46.56666666666667,-0.6654343605041504,-0.6778687748219469
COHFACE_s32_session0_lamp,44,78,46.6,-0.8005467653274536,-0.7644122471770437
COHFACE_s32_session0_lamp,44,79,46.63333333333333,-0.9327867031097412,-0.8443097251445962
COHFACE_s32_session0_lamp,44,80,46.666666666666664,-1.0586485862731934,-0.9175486250778975
COHFACE_s32_session0_lamp,44,81,46.7,-1.1786420345306396,-0.9794184478805694
COHFACE_s32_session0_lamp,44,82,46.733333333333334,-1.2735095024108887,-1.0203924914798843
COHFACE_s32_session0_lamp,44,83,46.766666666666666,-1.3605473041534424,-1.0270330449104277
COHFACE_s32_session0_lamp,44,84,46.8,-1.4467511177062988,-0.9842398847177053
COHFACE_s32_session0_lamp,44,85,46.833333333333336,-1.5441049337387085,-0.8788012982913076
COHFACE_s32_session0_lamp,44,86,46.86666666666667,-1.6270347833633423,-0.7036113217510794
COHFACE_s32_session0_lamp,44,87,46.9,-1.571331262588501,-0.46124938079999706
COHFACE_s32_session0_lamp,44,88,46.93333333333333,-1.203660011291504,-0.16529554812419164
COHFACE_s32_session0_lamp,44,89,46.96666666666667,-0.6293745636940002,0.16149425105009363
COHFACE_s32_session0_lamp,44,90,47.0,-0.0959208533167839,0.49126403703602955
COHFACE_s32_session0_lamp,44,91,47.03333333333333,0.3041037917137146,0.7953707314575602
COHFACE_s32_session0_lamp,44,92,47.06666666666667,0.6117627620697021,1.0476328265809187
COHFACE_s32_session0_lamp,44,93,47.1,0.8352101445198059,1.2266263793503949
COHFACE_s32_session0_lamp,44,94,47.13333333333333,0.8900334239006042,1.3176494931265932
COHFACE_s32_session0_lamp,44,95,47.166666666666664,0.7857301831245422,1.314545766506689
COHFACE_s32_session0_lamp,44,96,47.2,0.6738907098770142,1.220975119207896
COHFACE_s32_session0_lamp,44,97,47.233333333333334,0.6211059093475342,1.0504310222096076
COHFACE_s32_session0_lamp,44,98,47.266666666666666,0.5710391402244568,0.8244839208271226
COHFACE_s32_session0_lamp,44,99,47.3,0.48361527919769287,0.5693090813812581
COHFACE_s32_session0_lamp,44,100,47.333333333333336,0.35239461064338684,0.31124524619508503
COHFACE_s32_session0_lamp,44,101,47.36666666666667,0.18844982981681824,0.07251047755814667
COHFACE_s32_session0_lamp,44,102,47.4,0.01814245991408825,-0.1319513544233616
COHFACE_s32_session0_lamp,44,103,47.43333333333333,-0.14447420835494995,-0.2959806649167175
COHFACE_s32_session0_lamp,44,104,47.46666666666667,-0.30298298597335815,-0.4219763518432761
COHFACE_s32_session0_lamp,44,105,47.5,-0.45335322618484497,-0.519105357424147
COHFACE_s32_session0_lamp,44,106,47.53333333333333,-0.5815778970718384,-0.6002891879510452
COHFACE_s32_session0_lamp,44,107,47.56666666666667,-0.6995329260826111,-0.6784960057761126
COHFACE_s32_session0_lamp,44,108,47.6,-0.8092103600502014,-0.763085637630876
COHFACE_s32_session0_lamp,44,109,47.63333333333333,-0.9237061142921448,-0.857034010295743
COHFACE_s32_session0_lamp,44,110,47.666666666666664,-1.0276850461959839,-0.9556452306654619
COHFACE_s32_session0_lamp,44,111,47.7,-1.1265677213668823,-1.0469106895785782
COHFACE_s32_session0_lamp,44,112,47.733333333333334,-1.2238596677780151,-1.113224537953593
COHFACE_s32_session0_lamp,44,113,47.766666666666666,-1.3179395198822021,-1.1339843177652282
COHFACE_s32_session0_lamp,44,114,47.8,-1.4196946620941162,-1.0887871581921928
COHFACE_s32_session0_lamp,44,115,47.833333333333336,-1.5139906406402588,-0.9612365009785829
COHFACE_s32_session0_lamp,44,116,47.86666666666667,-1.533788800239563,-0.7433598520454833
COHFACE_s32_session0_lamp,44,117,47.9,-1.298450231552124,-0.43988178427035873
COHFACE_s32_session0_lamp,44,118,47.93333333333333,-0.7901225686073303,-0.07043694662973063
COHFACE_s32_session0_lamp,44,119,47.96666666666667,-0.2690388858318329,0.3322411487578293
COHFACE_s32_session0_lamp,44,120,48.0,0.12483938038349152,0.7282615741703934
COHFACE_s32_session0_lamp,44,121,48.03333333333333,0.40209075808525085,1.078544193198327
COHFACE_s32_session0_lamp,44,122,48.06666666666667,0.5894010663032532,1.3520088941917452
COHFACE_s32_session0_lamp,44,123,48.1,0.6469732522964478,1.5299717109326463
COHFACE_s32_session0_lamp,44,124,48.13333333333333,0.5525999665260315,1.6070496872293965
COHFACE_s32_session0_lamp,44,125,48.166666666666664,0.45462843775749207,1.589045784661634
COHFACE_s32_session0_lamp,44,126,48.2,0.4308459460735321,1.489019600963024
COHFACE_s32_session0_lamp,44,127,48.233333333333334,0.4129782021045685,1.3230352518526394
COHFACE_s32_session0_lamp,44,128,48.266666666666666,0.34268084168434143,1.1069660427943877
COHFACE_s32_session0_lamp,44,129,48.3,0.21828605234622955,0.8551515202218913
COHFACE_s32_session0_lamp,44,130,48.333333333333336,0.07140598446130753,0.580732146384409
COHFACE_s32_session0_lamp,44,131,48.36666666666667,-0.07666321098804474,0.29663504396613155
COHFACE_s32_session0_lamp,44,132,48.4,-0.2271260917186737,0.01597548900784435
COHFACE_s32_session0_lamp,44,133,48.43333333333333,-0.373264878988266,-0.24880466330284956
COHFACE_s32_session0_lamp,44,134,48.46666666666667,-0.5073117017745972,-0.48774872384924794
COHFACE_s32_session0_lamp,44,135,48.5,-0.614579975605011,-0.6950839158581079
COHFACE_s32_session0_lamp,44,136,48.53333333333333,-0.7148371338844299,-0.8697481074654078
COHFACE_s32_session0_lamp,44,137,48.56666666666667,-0.8234489560127258,-1.0143434919998822
COHFACE_s32_session0_lamp,44,138,48.6,-0.9286942481994629,-1.1329365533888824
COHFACE_s32_session0_lamp,44,139,48.63333333333333,-1.02072012424469,-1.228582088147559
COHFACE_s32_session0_lamp,44,140,48.666666666666664,-1.1183364391326904,-1.3013214251991785
COHFACE_s32_session0_lamp,44,141,48.7,-1.2178832292556763,-1.3469810044581016
COHFACE_s32_session0_lamp,44,142,48.733333333333334,-1.3056467771530151,-1.35683236649309
COHFACE_s32_session0_lamp,44,143,48.766666666666666,-1.3995721340179443,-1.3182875093536086
COHFACE_s32_session0_lamp,44,144,48.8,-1.4250224828720093,-1.2170922429530058
COHFACE_s32_session0_lamp,44,145,48.833333333333336,-1.1610368490219116,-1.0413205662898293
COHFACE_s32_session0_lamp,44,146,48.86666666666667,-0.6115994453430176,-0.7865371623985922
COHFACE_s32_session0_lamp,44,147,48.9,-0.06761351227760315,-0.46035941251710777
COHFACE_s32_session0_lamp,44,148,48.93333333333333,0.3260948657989502,-0.08421869378049136
COHFACE_s32_session0_lamp,44,149,48.96666666666667,0.6073460578918457,0.3091098996328868
COHFACE_s32_session0_lamp,44,150,49.0,0.8105164766311646,0.6818750289026233
COHFACE_s32_session0_lamp,44,151,49.03333333333333,0.8928749561309814,0.9994827721662324
COHFACE_s32_session0_lamp,44,152,49.06666666666667,0.825851559638977,1.237469919853731
COHFACE_s32_session0_lamp,44,153,49.1,0.722027063369751,1.3849699344455872
COHFACE_s32_session0_lamp,44,154,49.13333333333333,0.6719911694526672,1.4439471435262194
COHFACE_s32_session0_lamp,44,155,49.166666666666664,0.644116222858429,1.425271999678669
COHFACE_s32_session0_lamp,44,156,49.2,0.5828995108604431,1.3437730109011163
COHFACE_s32_session0_lamp,44,157,49.233333333333334,0.4610064923763275,1.2142736389067426
COHFACE_s32_session0_lamp,44,158,49.266666666666666,0.312242329120636,1.04952813055637
COHFACE_s32_session0_lamp,44,159,49.3,0.160744771361351,0.8598083225858422
COHFACE_s32_session0_lamp,44,160,49.333333333333336,-0.0007136610220186412,0.6534224979286963
COHFACE_s32_session0_lamp,44,161,49.36666666666667,-0.15273630619049072,0.43755440064224427
COHFACE_s32_session0_lamp,44,162,49.4,-0.2927287220954895,0.21902821434253783
COHFACE_s32_session0_lamp,44,163,49.43333333333333,-0.4241192638874054,0.004754840337190449
COHFACE_s32_session0_lamp,44,164,49.46666666666667,-0.5425530076026917,-0.19826619082585706
COHFACE_s32_session0_lamp,44,165,49.5,-0.6544234156608582,-0.3833536877714128
COHFACE_s32_session0_lamp,44,166,49.53333333333333,-0.7690735459327698,-0.5447385667929497
COHFACE_s32_session0_lamp,44,167,49.56666666666667,-0.8829824328422546,-0.6780984641064167
COHFACE_s32_session0_lamp,44,168,49.6,-0.9797493815422058,-0.7809869316839831
COHFACE_s32_session0_lamp,44,169,49.63333333333333,-1.066354751586914,-0.8532188083667243
COHFACE_s32_session0_lamp,44,170,49.666666666666664,-1.1638938188552856,-0.8970517407387127
COHFACE_s32_session0_lamp,44,171,49.7,-1.2529546022415161,-0.9167149908993523
COHFACE_s32_session0_lamp,44,172,49.733333333333334,-1.2783278226852417,-0.9168970946041959
COHFACE_s32_session0_lamp,44,173,49.766666666666666,-1.007964015007019,-0.9003632484698867
COHFACE_s32_session0_lamp,44,174,49.8,-0.41406577825546265,-0.8656779941125309
COHFACE_s32_session0_lamp,44,175,49.833333333333336,0.20753759145736694,-0.8064267564621871
COHFACE_s32_session0_lamp,44,176,49.86666666666667,0.7070626616477966,-0.7128707440645099
COHFACE_s32_session0_lamp,44,177,49.9,1.0901151895523071,-0.575774687456632
COHFACE_s32_session0_lamp,44,178,49.93333333333333,1.382825255393982,-0.39088166362759397
COHFACE_s32_session0_lamp,44,179,49.96666666666667,1.551016926765442,-0.1620593379868988
COHFACE_s32_session0_lamp,44,180,50.0,1.5397433042526245,0.09810140535180538
COHFACE_s32_session0_lamp,44,181,50.03333333333333,1.424614429473877,0.3701378453313505
COHFACE_s32_session0_lamp,44,182,50.06666666666667,1.3267356157302856,0.6309995582856868
COHFACE_s32_session0_lamp,44,183,50.1,1.257920742034912,0.8576644262089939
COHFACE_s32_session0_lamp,44,184,50.13333333333333,1.170790433883667,1.0304994239150578
COHFACE_s32_session0_lamp,44,185,50.166666666666664,1.0342881679534912,1.136082432656524
COHFACE_s32_session0_lamp,44,186,50.2,0.8556414246559143,1.1688911980798116
COHFACE_s32_session0_lamp,44,187,50.233333333333334,0.6620612144470215,1.131121341512406
COHFACE_s32_session0_lamp,44,188,50.266666666666666,0.46613362431526184,1.0306307043097742
COHFACE_s32_session0_lamp,44,189,50.3,0.2761516273021698,0.8780363772361159
COHFACE_s32_session0_lamp,44,190,50.333333333333336,0.10746580362319946,0.6843530627031169
COHFACE_s32_session0_lamp,44,191,50.36666666666667,-0.050626013427972794,0.46001500591334654
COHFACE_s32_session0_lamp,44,192,50.4,-0.20229347050189972,0.21510388765695873
COHFACE_s32_session0_lamp,44,193,50.43333333333333,-0.3438301980495453,-0.04007581680657924
COHFACE_s32_session0_lamp,44,194,50.46666666666667,-0.49054038524627686,-0.2947649772477043
COHFACE_s32_session0_lamp,44,195,50.5,-0.6289421319961548,-0.5378846941440695
COHFACE_s32_session0_lamp,44,196,50.53333333333333,-0.7607033252716064,-0.7581150270189351
COHFACE_s32_session0_lamp,44,197,50.56666666666667,-0.8955994844436646,-0.9437376472552943
COHFACE_s32_session0_lamp,44,198,50.6,-1.0081030130386353,-1.0828142236811977
COHFACE_s32_session0_lamp,44,199,50.63333333333333,-1.1093021631240845,-1.164581189869174
COHFACE_s32_session0_lamp,44,200,50.666666666666664,-1.2084474563598633,-1.1821421358514497
COHFACE_s32_session0_lamp,44,201,50.7,-1.276906967163086,-1.1352061257626682
COHFACE_s32_session0_lamp,44,202,50.733333333333334,-1.1321426630020142,-1.0309258190425123
COHFACE_s32_session0_lamp,44,203,50.766666666666666,-0.6027196049690247,-0.8816984030215719
COHFACE_s32_session0_lamp,44,204,50.8,0.08898031711578369,-0.7008552875699287
COHFACE_s32_session0_lamp,44,205,50.833333333333336,0.6885153651237488,-0.4987381739036925
COHFACE_s32_session0_lamp,44,206,50.86666666666667,1.1667442321777344,-0.28128516616919613
COHFACE_s32_session0_lamp,44,207,50.9,1.5519280433654785,-0.05145458031531672
COHFACE_s32_session0_lamp,44,208,50.93333333333333,1.8187706470489502,0.1878922615177233
COHFACE_s32_session0_lamp,44,209,50.96666666666667,1.8948591947555542,0.43150185204959757
COHFACE_s32_session0_lamp,44,210,51.0,1.7908494472503662,0.6706057468665001
COHFACE_s32_session0_lamp,44,211,51.03333333333333,1.6431509256362915,0.8930483547872042
COHFACE_s32_session0_lamp,44,212,51.06666666666667,1.5399441719055176,1.0843002687227046
COHFACE_s32_session0_lamp,44,213,51.1,1.4393936395645142,1.2292497940408846
COHFACE_s32_session0_lamp,44,214,51.13333333333333,1.3024588823318481,1.3146478027567514
COHFACE_s32_session0_lamp,44,215,51.166666666666664,1.107874870300293,1.331673610287369
COHFACE_s32_session0_lamp,44,216,51.2,0.8900179862976074,1.2776995478680917
COHFACE_s32_session0_lamp,44,217,51.233333333333334,0.6736281514167786,1.1565058699375144
COHFACE_s32_session0_lamp,44,218,51.266666666666666,0.45974013209342957,0.9770431200719618
COHFACE_s32_session0_lamp,44,219,51.3,0.2590097188949585,0.7516162556355267
COHFACE_s32_session0_lamp,44,220,51.333333333333336,0.07974530011415482,0.49437245136002717
COHFACE_s32_session0_lamp,44,221,51.36666666666667,-0.1000596284866333,0.22042262487464204
COHFACE_s32_session0_lamp,44,222,51.4,-0.27257537841796875,-0.054596182673611014
COHFACE_s32_session0_lamp,44,223,51.43333333333333,-0.4338330328464508,-0.31490921589007015
COHFACE_s32_session0_lamp,44,224,51.46666666666667,-0.5865506529808044,-0.545217188859823
COHFACE_s32_session0_lamp,44,225,51.5,-0.7285506725311279,-0.7315675914407822
COHFACE_s32_session0_lamp,44,226,51.53333333333333,-0.8605280518531799,-0.8623783974171951
COHFACE_s32_session0_lamp,44,227,51.56666666666667,-0.9891851544380188,-0.9295689250025022
COHFACE_s32_session0_lamp,44,228,51.6,-1.1046538352966309,-0.92988808417802
COHFACE_s32_session0_lamp,44,229,51.63333333333333,-1.211258053779602,-0.8663942538860491
COHFACE_s32_session0_lamp,44,230,51.666666666666664,-1.3092913627624512,-0.7495240988538862
COHFACE_s32_session0_lamp,44,231,51.7,-1.3655353784561157,-0.5967786395608048
COHFACE_s32_session0_lamp,44,232,51.733333333333334,-1.2238596677780151,-0.4303113659163959
COHFACE_s32_session0_lamp,44,233,51.766666666666666,-0.7045519351959229,-0.2726714672187233
COHFACE_s32_session0_lamp,44,234,51.8,-0.015400123782455921,-0.1421219965046025
COHFACE_s32_session0_lamp,44,235,51.833333333333336,0.5795637369155884,-0.049417093226427636
COHFACE_s32_session0_lamp,44,236,51.86666666666667,1.0197252035140991,0.0028289525827342316
COHFACE_s32_session0_lamp,44,237,51.9,1.3498386144638062,0.018491107487785784
COHFACE_s32_session0_lamp,44,238,51.93333333333333,1.5732395648956299,0.00542459612202814
COHFACE_s32_session0_lamp,44,239,51.96666666666667,1.6172527074813843,-0.026491069375568794
COHFACE_s32_session0_lamp,45,0,45.0,1.1033191680908203,0.1686514355472054
COHFACE_s32_session0_lamp,45,1,45.03333333333333,1.4516091346740723,0.16893561879606844
COHFACE_s32_session0_lamp,45,2,45.06666666666667,1.6719987392425537,0.17942710489511302
COHFACE_s32_session0_lamp,45,3,45.1,1.6827162504196167,0.20884315975814283
COHFACE_s32_session0_lamp,45,4,45.13333333333333,1.5346626043319702,0.2587508755146779
COHFACE_s32_session0_lamp,45,5,45.166666666666664,1.3962762355804443,0.32230337044160917
COHFACE_s32_session0_lamp,45,6,45.2,1.2969765663146973,0.385518535549466
COHFACE_s32_session0_lamp,45,7,45.233333333333334,1.179747462272644,0.43074129541325107
COHFACE_s32_session0_lamp,45,8,45.266666666666666,1.0101659297943115,0.44129101428445944
COHFACE_s32_session0_lamp,45,9,45.3,0.8028721213340759,0.40609304265872853
COHFACE_s32_session0_lamp,45,10,45.333333333333336,0.5839650630950928,0.3230250612504931
COHFACE_s32_session0_lamp,45,11,45.36666666666667,0.3774743378162384,0.19978706194267148
COHFACE_s32_session0_lamp,45,12,45.4,0.1708909273147583,0.05158959203809636
COHFACE_s32_session0_lamp,45,13,45.43333333333333,-0.039213504642248154,-0.103861195548377
COHFACE_s32_session0_lamp,45,14,45.46666666666667,-0.22198352217674255,-0.252050384272268
COHFACE_s32_session0_lamp,45,15,45.5,-0.3840905725955963,-0.38540506563734805
COHFACE_s32_session0_lamp,45,16,45.53333333333333,-0.5329010486602783,-0.5037099961065025
COHFACE_s32_session0_lamp,45,17,45.56666666666667,-0.6773410439491272,-0.611679950543388
COHFACE_s32_session0_lamp,45,18,45.6,-0.820978045463562,-0.7152255095679377
COHFACE_s32_session0_lamp,45,19,45.63333333333333,-0.9505308866500854,-0.8178326046085999
COHFACE_s32_session0_lamp,45,20,45.666666666666664,-1.0737056732177734,-0.917772966140912
COHFACE_s32_session0_lamp,45,21,45.7,-1.1817461252212524,-1.0063698035862725
COHFACE_s32_session0_lamp,45,22,45.733333333333334,-1.2882885932922363,-1.06765902752518
COHFACE_s32_session0_lamp,45,23,45.766666666666666,-1.3863682746887207,-1.0800832924463977
COHFACE_s32_session0_lamp,45,24,45.8,-1.4710277318954468,-1.0206723216806461
COHFACE_s32_session0_lamp,45,25,45.833333333333336,-1.5520581007003784,-0.8713020754981471
COHFACE_s32_session0_lamp,45,26,45.86666666666667,-1.521712303161621,-0.6254253813636179
COHFACE_s32_session0_lamp,45,27,45.9,-1.1648821830749512,-0.29285668486618455
COHFACE_s32_session0_lamp,45,28,45.93333333333333,-0.5320207476615906,0.09957697281731547
COHFACE_s32_session0_lamp,45,29,45.96666666666667,0.08701903373003006,0.5123451039493386
COHFACE_s32_session0_lamp,45,30,46.0,0.5770156383514404,0.9013334238609501
COHFACE_s32_session0_lamp,45,31,46.03333333333333,0.9838352799415588,1.2270191586028352
COHFACE_s32_session0_lamp,45,32,46.06666666666667,1.2868459224700928,1.4615894697691996
COHFACE_s32_session0_lamp,45,33,46.1,1.4132174253463745,1.5919857758938492
COHFACE_s32_session0_lamp,45,34,46.13333333333333,1.348649501800537,1.6188176812172825
COHFACE_s32_session0_lamp,45,35,46.166666666666664,1.2041630744934082,1.552669674798187
COHFACE_s32_session0_lamp,45,36,46.2,1.1004467010498047,1.4096589455681123
COHFACE_s32_session0_lamp,45,37,46.233333333333334,1.0282034873962402,1.2075933107616612
COHFACE_s32_session0_lamp,45,38,46.266666666666666,0.9070518016815186,0.9634876263413251
COHFACE_s32_session0_lamp,45,39,46.3,0.7401882410049438,0.6926557840718071
COHFACE_s32_session0_lamp,45,40,46.333333333333336,0.5390254259109497,0.4090056822704542
COHFACE_s32_session0_lamp,45,41,46.36666666666667,0.32614120841026306,0.1257245937753642
COHFACE_s32_session0_lamp,45,42,46.4,0.12423709034919739,-0.1444923586423597
COHFACE_s32_session0_lamp,45,43,46.43333333333333,-0.0655132383108139,-0.3901200520551323
COHFACE_s32_session0_lamp,45,44,46.46666666666667,-0.23835328221321106,-0.6022142479612088
COHFACE_s32_session0_lamp,45,45,46.5,-0.385943740606308,-0.7759075715384545
COHFACE_s32_session0_lamp,45,46,46.53333333333333,-0.5279128551483154,-0.9112653919045443
COHFACE_s32_session0_lamp,45,47,46.56666666666667,-0.6654343605041504,-1.012982750124502
COHFACE_s32_session0_lamp,45,48,46.6,-0.8005467653274536,-1.0886896890908526
COHFACE_s32_session0_lamp,45,49,46.63333333333333,-0.9327867031097412,-1.1459932404975854
COHFACE_s32_session0_lamp,45,50,46.666666666666664,-1.0586485862731934,-1.1888659186924873
COHFACE_s32_session0_lamp,45,51,46.7,-1.1786420345306396,-1.2145072570653401
COHFACE_s32_session0_lamp,45,52,46.733333333333334,-1.2735095024108887,-1.2120905659841472
COHFACE_s32_session0_lamp,45,53,46.766666666666666,-1.3605473041534424,-1.1644616527623337
COHFACE_s32_session0_lamp,45,54,46.8,-1.4467511177062988,-1.0527847633723948
COHFACE_s32_session0_lamp,45,55,46.833333333333336,-1.5441049337387085,-0.8628924865357864
COHFACE_s32_session0_lamp,45,56,46.86666666666667,-1.6270347833633423,-0.5913528640680777
COHFACE_s32_session0_lamp,45,57,46.9,-1.571331262588501,-0.24919455700350904
COHFACE_s32_session0_lamp,45,58,46.93333333333333,-1.203660011291504,0.13820732447180833
COHFACE_s32_session0_lamp,45,59,46.96666666666667,-0.6293745636940002,0.5353296705159087
COHFACE_s32_session0_lamp,45,60,47.0,-0.0959208533167839,0.9033967007631765
COHFACE_s32_session0_lamp,45,61,47.03333333333333,0.3041037917137146,1.2075952467237991
COHFACE_s32_session0_lamp,45,62,47.06666666666667,0.6117627620697021,1.422575867546781
COHFACE_s32_session0_lamp,45,63,47.1,0.8352101445198059,1.5352953889925967
COHFACE_s32_session0_lamp,45,64,47.13333333333333,0.8900334239006042,1.5451772313565093
COHFACE_s32_session0_lamp,45,65,47.166666666666664,0.7857301831245422,1.4621035425870423
COHFACE_s32_session0_lamp,45,66,47.2,0.6738907098770142,1.3030626035358421
COHFACE_s32_session0_lamp,45,67,47.233333333333334,0.6211059093475342,1.088390406952176
COHFACE_s32_session0_lamp,45,68,47.266666666666666,0.5710391402244568,0.8384559393510118
COHFACE_s32_session0_lamp,45,69,47.3,0.48361527919769287,0.5714131839880299
COHFACE_s32_session0_lamp,45,70,47.333333333333336,0.35239461064338684,0.30231646213247093
COHFACE_s32_session0_lamp,45,71,47.36666666666667,0.18844982981681824,0.043402337543240285
COHFACE_s32_session0_lamp,45,72,47.4,0.01814245991408825,-0.19523121932899506
COHFACE_s32_session0_lamp,45,73,47.43333333333333,-0.14447420835494995,-0.40552993460595105
COHFACE_s32_session0_lamp,45,74,47.46666666666667,-0.30298298597335815,-0.5824558745695072
COHFACE_s32_session0_lamp,45,75,47.5,-0.45335322618484497,-0.7254749341255295
COHFACE_s32_session0_lamp,45,76,47.53333333333333,-0.5815778970718384,-0.8391110065371294
COHFACE_s32_session0_lamp,45,77,47.56666666666667,-0.6995329260826111,-0.931319413974129
COHFACE_s32_session0_lamp,45,78,47.6,-0.8092103600502014,-1.0099280018763435
COHFACE_s32_session0_lamp,45,79,47.63333333333333,-0.9237061142921448,-1.0788749169439704
COHFACE_s32_session0_lamp,45,80,47.666666666666664,-1.0276850461959839,-1.1360868270628885
COHFACE_s32_session0_lamp,45,81,47.7,-1.1265677213668823,-1.1736926622409567
COHFACE_s32_session0_lamp,45,82,47.733333333333334,-1.2238596677780151,-1.1798821284579974
COHFACE_s32_session0_lamp,45,83,47.766666666666666,-1.3179395198822021,-1.1411654070225576
COHFACE_s32_session0_lamp,45,84,47.8,-1.4196946620941162,-1.0444246632972702
COHFACE_s32_session0_lamp,45,85,47.833333333333336,-1.5139906406402588,-0.8791380184526388
COHFACE_s32_session0_lamp,45,86,47.86666666666667,-1.533788800239563,-0.6403978908162622
COHFACE_s32_session0_lamp,45,87,47.9,-1.298450231552124,-0.33247689885130444
COHFACE_s32_session0_lamp,45,88,47.93333333333333,-0.7901225686073303,0.028654297038822107
COHFACE_s32_session0_lamp,45,89,47.96666666666667,-0.2690388858318329,0.41582239561537304
COHFACE_s32_session0_lamp,45,90,48.0,0.12483938038349152,0.7947570690310541
COHFACE_s32_session0_lamp,45,91,48.03333333333333,0.40209075808525085,1.130507550449933
COHFACE_s32_session0_lamp,45,92,48.06666666666667,0.5894010663032532,1.3939829677773783
COHFACE_s32_session0_lamp,45,93,48.1,0.6469732522964478,1.5666538905432457
COHFACE_s32_session0_lamp,45,94,48.13333333333333,0.5525999665260315,1.6422305877866352
COHFACE_s32_session0_lamp,45,95,48.166666666666664,0.45462843775749207,1.6252357839439333
COHFACE_s32_session0_lamp,45,96,48.2,0.4308459460735321,1.5275571903568554
COHFACE_s32_session0_lamp,45,97,48.233333333333334,0.4129782021045685,1.3646245476983812
COHFACE_s32_session0_lamp,45,98,48.266666666666666,0.34268084168434143,1.1524369239970422
COHFACE_s32_session0_lamp,45,99,48.3,0.21828605234622955,0.9058249183880314
COHFACE_s32_session0_lamp,45,100,48.333333333333336,0.07140598446130753,0.6377800038190753
COHFACE_s32_session0_lamp,45,101,48.36666666666667,-0.07666321098804474,0.35948022282140224
COHFACE_s32_session0_lamp,45,102,48.4,-0.2271260917186737,0.08057225626081366
COHFACE_s32_session0_lamp,45,103,48.43333333333333,-0.373264878988266,-0.19067308049051115
COHFACE_s32_session0_lamp,45,104,48.46666666666667,-0.5073117017745972,-0.4474775679052435
COHFACE_s32_session0_lamp,45,105,48.5,-0.614579975605011,-0.6847506334635415
COHFACE_s32_session0_lamp,45,106,48.53333333333333,-0.7148371338844299,-0.8989353129585941
COHFACE_s32_session0_lamp,45,107,48.56666666666667,-0.8234489560127258,-1.087229305123979
COHFACE_s32_session0_lamp,45,108,48.6,-0.9286942481994629,-1.2464306611080027
COHFACE_s32_session0_lamp,45,109,48.63333333333333,-1.02072012424469,-1.3720065602725078
COHFACE_s32_session0_lamp,45,110,48.666666666666664,-1.1183364391326904,-1.4577490622627058
COHFACE_s32_session0_lamp,45,111,48.7,-1.2178832292556763,-1.4959256844773996
COHFACE_s32_session0_lamp,45,112,48.733333333333334,-1.3056467771530151,-1.477712145055383
COHFACE_s32_session0_lamp,45,113,48.766666666666666,-1.3995721340179443,-1.394008941543609
COHFACE_s32_session0_lamp,45,114,48.8,-1.4250224828720093,-1.2371428052436602
COHFACE_s32_session0_lamp,45,115,48.833333333333336,-1.1610368490219116,-1.003840312616041
COHFACE_s32_session0_lamp,45,116,48.86666666666667,-0.6115994453430176,-0.6989747644252696
COHFACE_s32_session0_lamp,45,117,48.9,-0.06761351227760315,-0.3384705958488307
COHFACE_s32_session0_lamp,45,118,48.93333333333333,0.3260948657989502,0.05067311926690245
COHFACE_s32_session0_lamp,45,119,48.96666666666667,0.6073460578918457,0.4342993557250473
COHFACE_s32_session0_lamp,45,120,49.0,0.8105164766311646,0.7778936188020948
COHFACE_s32_session0_lamp,45,121,49.03333333333333,0.8928749561309814,1.0535917170121993
COHFACE_s32_session0_lamp,45,122,49.06666666666667,0.825851559638977,1.2449058213578563
COHFACE_s32_session0_lamp,45,123,49.1,0.722027063369751,1.3480929379801752
COHFACE_s32_session0_lamp,45,124,49.13333333333333,0.6719911694526672,1.3704570498338013
COHFACE_s32_session0_lamp,45,125,49.166666666666664,0.644116222858429,1.326667175545621
COHFACE_s32_session0_lamp,45,126,49.2,0.5828995108604431,1.23439656032564
COHFACE_s32_session0_lamp,45,127,49.233333333333334,0.4610064923763275,1.110361084138983
COHFACE_s32_session0_lamp,45,128,49.266666666666666,0.312242329120636,0.9673961954216365
COHFACE_s32_session0_lamp,45,129,49.3,0.160744771361351,0.8129198968306793
COHFACE_s32_session0_lamp,45,130,49.333333333333336,-0.0007136610220186412,0.6490792048254224
COHFACE_s32_session0_lamp,45,131,49.36666666666667,-0.15273630619049072,0.4746442828983845
COHFACE_s32_session0_lamp,45,132,49.4,-0.2927287220954895,0.2880298160293677
COHFACE_s32_session0_lamp,45,133,49.43333333333333,-0.4241192638874054,0.09018911595099754
COHFACE_s32_session0_lamp,45,134,49.46666666666667,-0.5425530076026917,-0.11383596103144965
COHFACE_s32_session0_lamp,45,135,49.5,-0.6544234156608582,-0.31519918462549606
COHFACE_s32_session0_lamp,45,136,49.53333333333333,-0.7690735459327698,-0.5029129329494918
COHFACE_s32_session0_lamp,45,137,49.56666666666667,-0.8829824328422546,-0.6659350721751275
COHFACE_s32_session0_lamp,45,138,49.6,-0.9797493815422058,-0.7949776554322638
COHFACE_s32_session0_lamp,45,139,49.63333333333333,-1.066354751586914,-0.8838829571987161
COHFACE_s32_session0_lamp,45,140,49.666666666666664,-1.1638938188552856,-0.9306282967854532
COHFACE_s32_session0_lamp,45,141,49.7,-1.2529546022415161,-0.9377618397300521
COHFACE_s32_session0_lamp,45,142,49.733333333333334,-1.2783278226852417,-0.91168485171091
COHFACE_s32_session0_lamp,45,143,49.766666666666666,-1.007964015007019,-0.8603177071936461
COHFACE_s32_session0_lamp,45,144,49.8,-0.41406577825546265,-0.7896083677686397
COHFACE_s32_session0_lamp,45,145,49.833333333333336,0.20753759145736694,-0.7005038270554413
COHFACE_s32_session0_lamp,45,146,49.86666666666667,0.7070626616477966,-0.5884362866000852
COHFACE_s32_session0_lamp,45,147,49.9,1.0901151895523071,-0.44632851768259113
COHFACE_s32_session0_lamp,45,148,49.93333333333333,1.382825255393982,-0.26989611046754813
COHFACE_s32_session0_lamp,45,149,49.96666666666667,1.551016926765442,-0.06239535216716266
COHFACE_s32_session0_lamp,45,150,50.0,1.5397433042526245,0.16363625663263473
COHFACE_s32_session0_lamp,45,151,50.03333333333333,1.424614429473877,0.38830179370927836
COHFACE_s32_session0_lamp,45,152,50.06666666666667,1.3267356157302856,0.5888715283718073
COHFACE_s32_session0_lamp,45,153,50.1,1.257920742034912,0.7450753228906786
COHFACE_s32_session0_lamp,45,154,50.13333333333333,1.170790433883667,0.8435069142691174
COHFACE_s32_session0_lamp,45,155,50.166666666666664,1.0342881679534912,0.8800230988816724
COHFACE_s32_session0_lamp,45,156,50.2,0.8556414246559143,0.8594484598347789
COHFACE_s32_session0_lamp,45,157,50.233333333333334,0.6620612144470215,0.7925855475520178
COHFACE_s32_session0_lamp,45,158,50.266666666666666,0.46613362431526184,0.6917253876994639
COHFACE_s32_session0_lamp,45,159,50.3,0.2761516273021698,0.5667486964273755
COHFACE_s32_session0_lamp,45,160,50.333333333333336,0.10746580362319946,0.4236041649734103
COHFACE_s32_session0_lamp,45,161,50.36666666666667,-0.050626013427972794,0.2654927886417909
COHFACE_s32_session0_lamp,45,162,50.4,-0.20229347050189972,0.09537983519313195
COHFACE_s32_session0_lamp,45,163,50.43333333333333,-0.3438301980495453,-0.08215675834256383
COHFACE_s32_session0_lamp,45,164,50.46666666666667,-0.49054038524627686,-0.2606790804590014
COHFACE_s32_session0_lamp,45,165,50.5,-0.6289421319961548,-0.432584138782095
COHFACE_s32_session0_lamp,45,166,50.53333333333333,-0.7607033252716064,-0.5894604234044034
COHFACE_s32_session0_lamp,45,167,50.56666666666667,-0.8955994844436646,-0.7216395653834592
COHFACE_s32_session0_lamp,45,168,50.6,-1.0081030130386353,-0.8179606420184472
COHFACE_s32_session0_lamp,45,169,50.63333333333333,-1.1093021631240845,-0.8672542802611904
COHFACE_s32_session0_lamp,45,170,50.666666666666664,-1.2084474563598633,-0.8616729472004789
COHFACE_s32_session0_lamp,45,171,50.7,-1.276906967163086,-0.8000326060714246
COHFACE_s32_session0_lamp,45,172,50.733333333333334,-1.1321426630020142,-0.6887019438967417
COHFACE_s32_session0_lamp,45,173,50.766666666666666,-0.6027196049690247,-0.5390009803061095
COHFACE_s32_session0_lamp,45,174,50.8,0.08898031711578369,-0.36267124311851023
COHFACE_s32_session0_lamp,45,175,50.833333333333336,0.6885153651237488,-0.16848742285799292
COHFACE_s32_session0_lamp,45,176,50.86666666666667,1.1667442321777344,0.03799310845387274
COHFACE_s32_session0_lamp,45,177,50.9,1.5519280433654785,0.2520377279606925
COHFACE_s32_session0_lamp,45,178,50.93333333333333,1.8187706470489502,0.4669514106595838
COHFACE_s32_session0_lamp,45,179,50.96666666666667,1.8948591947555542,0.6730435721772592
COHFACE_s32_session0_lamp,45,180,51.0,1.7908494472503662,0.8588317060567302
COHFACE_s32_session0_lamp,45,181,51.03333333333333,1.6431509256362915,1.0132456872991118
COHFACE_s32_session0_lamp,45,182,51.06666666666667,1.5399441719055176,1.1271967919586245
COHFACE_s32_session0_lamp,45,183,51.1,1.4393936395645142,1.1937432385331619
COHFACE_s32_session0_lamp,45,184,51.13333333333333,1.3024588823318481,1.2073037968591966
COHFACE_s32_session0_lamp,45,185,51.166666666666664,1.107874870300293,1.1630427879249126
COHFACE_s32_session0_lamp,45,186,51.2,0.8900179862976074,1.0572675460894412
COHFACE_s32_session0_lamp,45,187,51.233333333333334,0.6736281514167786,0.8888057266255416
COHFACE_s32_session0_lamp,45,188,51.266666666666666,0.45974013209342957,0.6605740345615114
COHFACE_s32_session0_lamp,45,189,51.3,0.2590097188949585,0.38042688878000835
COHFACE_s32_session0_lamp,45,190,51.333333333333336,0.07974530011415482,0.06092204503344904
COHFACE_s32_session0_lamp,45,191,51.36666666666667,-0.1000596284866333,-0.2816751719725662
COHFACE_s32_session0_lamp,45,192,51.4,-0.27257537841796875,-0.6285666132086047
COHFACE_s32_session0_lamp,45,193,51.43333333333333,-0.4338330328464508,-0.9593932985966843
COHFACE_s32_session0_lamp,45,194,51.46666666666667,-0.5865506529808044,-1.2530170261751363
COHFACE_s32_session0_lamp,45,195,51.5,-0.7285506725311279,-1.4884663024977185
COHFACE_s32_session0_lamp,45,196,51.53333333333333,-0.8605280518531799,-1.646512040854072
COHFACE_s32_session0_lamp,45,197,51.56666666666667,-0.9891851544380188,-1.7121158865892672
COHFACE_s32_session0_lamp,45,198,51.6,-1.1046538352966309,-1.6774623105985278
COHFACE_s32_session0_lamp,45,199,51.63333333333333,-1.211258053779602,-1.544611766928031
COHFACE_s32_session0_lamp,45,200,51.666666666666664,-1.3092913627624512,-1.3263826497577083
COHFACE_s32_session0_lamp,45,201,51.7,-1.3655353784561157,-1.044463262688621
COHFACE_s32_session0_lamp,45,202,51.733333333333334,-1.2238596677780151,-0.7250674459495505
COHFACE_s32_session0_lamp,45,203,51.766666666666666,-0.7045519351959229,-0.3937814303952378
COHFACE_s32_session0_lamp,45,204,51.8,-0.015400123782455921,-0.07161060155069503
COHFACE_s32_session0_lamp,45,205,51.833333333333336,0.5795637369155884,0.22652038757371373
COHFACE_s32_session0_lamp,45,206,51.86666666666667,1.0197252035140991,0.4909135397714794
COHFACE_s32_session0_lamp,45,207,51.9,1.3498386144638062,0.7151726640751008
COHFACE_s32_session0_lamp,45,208,51.93333333333333,1.5732395648956299,0.8948426061764607
COHFACE_s32_session0_lamp,45,209,51.96666666666667,1.6172527074813843,1.027520907565661
COHFACE_s32_session0_lamp,45,210,52.0,1.4795149564743042,1.113969195864964
COHFACE_s32_session0_lamp,45,211,52.03333333333333,1.3231682777404785,1.1588251802986371
COHFACE_s32_session0_lamp,45,212,52.06666666666667,1.2354201078414917,1.1698298350506717
COHFACE_s32_session0_lamp,45,213,52.1,1.1417263746261597,1.1556136890580575
COHFACE_s32_session0_lamp,45,214,52.13333333333333,1.0070000886917114,1.1230670047500295
COHFACE_s32_session0_lamp,45,215,52.166666666666664,0.8275039792060852,1.0755152954790375
COHFACE_s32_session0_lamp,45,216,52.2,0.6207507252693176,1.0123111261339979
COHFACE_s32_session0_lamp,45,217,52.233333333333334,0.4146769344806671,0.9296706834180667
COHFACE_s32_session0_lamp,45,218,52.266666666666666,0.21206244826316833,0.8222572666429622
COHFACE_s32_session0_lamp,45,219,52.3,0.008274268358945847,0.6851237647499769
COHFACE_s32_session0_lamp,45,220,52.333333333333336,-0.16757720708847046,0.5157900567154403
COHFACE_s32_session0_lamp,45,221,52.36666666666667,-0.32744497060775757,0.3161346484404093
COHFACE_s32_session0_lamp,45,222,52.4,-0.48198485374450684,0.09346370521740388
COHFACE_s32_session0_lamp,45,223,52.43333333333333,-0.6276448965072632,-0.13989421057126875
COHFACE_s32_session0_lamp,45,224,52.46666666666667,-0.7685330510139465,-0.3685071488150636
COHFACE_s32_session0_lamp,45,225,52.5,-0.9036762714385986,-0.5765477589290594
COHFACE_s32_session0_lamp,45,226,52.53333333333333,-1.024349331855774,-0.7502803617156845
COHFACE_s32_session0_lamp,45,227,52.56666666666667,-1.1375632286071777,-0.8795864340105178
COHFACE_s32_session0_lamp,45,228,52.6,-1.2413722276687622,-0.9583504456521149
COHFACE_s32_session0_lamp,45,229,52.63333333333333,-1.3260780572891235,-0.9841225078759984
COHFACE_s32_session0_lamp,45,230,52.666666666666664,-1.4092859029769897,-0.9578184114951234
COHFACE_s32_session0_lamp,45,231,52.7,-1.4783941507339478,-0.8839942950845874
COHFACE_s32_session0_lamp,45,232,52.733333333333334,-1.3597441911697388,-0.771479128090611
COHFACE_s32_session0_lamp,45,233,52.766666666666666,-0.8398032784461975,-0.633516536290548
COHFACE_s32_session0_lamp,45,234,52.8,-0.14771726727485657,-0.48663523143690485
COHFACE_s32_session0_lamp,45,235,52.833333333333336,0.41540277004241943,-0.3480696209568116
COHFACE_s32_session0_lamp,45,236,52.86666666666667,0.8284923434257507,-0.23222019882272898
COHFACE_s32_session0_lamp,45,237,52.9,1.129032015800476,-0.14714493775593848
COHFACE_s32_session0_lamp,45,238,52.93333333333333,1.2905367612838745,-0.092319752175275
COHFACE_s32_session0_lamp,45,239,52.96666666666667,1.2772711515426636,-0.0588044062433646
COHFACE_s32_session0_lamp,46,0,46.0,0.5770156383514404,0.1459858542935607
COHFACE_s32_session0_lamp,46,1,46.03333333333333,0.9838352799415588,0.20913546241306216
COHFACE_s32_session0_lamp,46,2,46.06666666666667,1.2868459224700928,0.27210677693516966
COHFACE_s32_session0_lamp,46,3,46.1,1.4132174253463745,0.33509733151545756
COHFACE_s32_session0_lamp,46,4,46.13333333333333,1.348649501800537,0.39414324491541297
COHFACE_s32_session0_lamp,46,5,46.166666666666664,1.2041630744934082,0.4407097611972032
COHFACE_s32_session0_lamp,46,6,46.2,1.1004467010498047,0.4631482843830774
COHFACE_s32_session0_lamp,46,7,46.233333333333334,1.0282034873962402,0.44970701615875086
COHFACE_s32_session0_lamp,46,8,46.266666666666666,0.9070518016815186,0.39210244459508364
COHFACE_s32_session0_lamp,46,9,46.3,0.7401882410049438,0.28847405333097975
COHFACE_s32_session0_lamp,46,10,46.333333333333336,0.5390254259109497,0.14481901807711212
COHFACE_s32_session0_lamp,46,11,46.36666666666667,0.32614120841026306,-0.02554834375078972
COHFACE_s32_session0_lamp,46,12,46.4,0.12423709034919739,-0.20455454718511454
COHFACE_s32_session0_lamp,46,13,46.43333333333333,-0.0655132383108139,-0.37347404297160264
COHFACE_s32_session0_lamp,46,14,46.46666666666667,-0.23835328221321106,-0.5174497235623382
COHFACE_s32_session0_lamp,46,15,46.5,-0.385943740606308,-0.628865094374943
COHFACE_s32_session0_lamp,46,16,46.53333333333333,-0.5279128551483154,-0.7082543081312425
COHFACE_s32_session0_lamp,46,17,46.56666666666667,-0.6654343605041504,-0.7623521842061228
COHFACE_s32_session0_lamp,46,18,46.6,-0.8005467653274536,-0.8000646891602039
COHFACE_s32_session0_lamp,46,19,46.63333333333333,-0.9327867031097412,-0.8279514842832083
COHFACE_s32_session0_lamp,46,20,46.666666666666664,-1.0586485862731934,-0.8468369351732363
COHFACE_s32_session0_lamp,46,21,46.7,-1.1786420345306396,-0.8505605555850663
COHFACE_s32_session0_lamp,46,22,46.733333333333334,-1.2735095024108887,-0.8270761159489712
COHFACE_s32_session0_lamp,46,23,46.766666666666666,-1.3605473041534424,-0.7614504832855845
COHFACE_s32_session0_lamp,46,24,46.8,-1.4467511177062988,-0.6399523519788229
COHFACE_s32_session0_lamp,46,25,46.833333333333336,-1.5441049337387085,-0.454317698374008
COHFACE_s32_session0_lamp,46,26,46.86666666666667,-1.6270347833633423,-0.20528852438343168
COHFACE_s32_session0_lamp,46,27,46.9,-1.571331262588501,0.09549185754323448
COHFACE_s32_session0_lamp,46,28,46.93333333333333,-1.203660011291504,0.4260783469209862
COHFACE_s32_session0_lamp,46,29,46.96666666666667,-0.6293745636940002,0.7575853340507362
COHFACE_s32_session0_lamp,46,30,47.0,-0.0959208533167839,1.0593936028203101
COHFACE_s32_session0_lamp,46,31,47.03333333333333,0.3041037917137146,1.3043515563159434
COHFACE_s32_session0_lamp,46,32,47.06666666666667,0.6117627620697021,1.4722775651198268
COHFACE_s32_session0_lamp,46,33,47.1,0.8352101445198059,1.5512085283895578
COHFACE_s32_session0_lamp,46,34,47.13333333333333,0.8900334239006042,1.537141000015616
COHFACE_s32_session0_lamp,46,35,47.166666666666664,0.7857301831245422,1.4334719223470773
COHFACE_s32_session0_lamp,46,36,47.2,0.6738907098770142,1.2506309213850113
COHFACE_s32_session0_lamp,46,37,47.233333333333334,0.6211059093475342,1.0054278534391372
COHFACE_s32_session0_lamp,46,38,47.266666666666666,0.5710391402244568,0.7194533230735914
COHFACE_s32_session0_lamp,46,39,47.3,0.48361527919769287,0.41643795779189885
COHFACE_s32_session0_lamp,46,40,47.333333333333336,0.35239461064338684,0.11915597702567524
COHFACE_s32_session0_lamp,46,41,47.36666666666667,0.18844982981681824,-0.153311359056766
COHFACE_s32_session0_lamp,46,42,47.4,0.01814245991408825,-0.38748880994783275
COHFACE_s32_session0_lamp,46,43,47.43333333333333,-0.14447420835494995,-0.576599811271441
COHFACE_s32_session0_lamp,46,44,47.46666666666667,-0.30298298597335815,-0.720924588556792
COHFACE_s32_session0_lamp,46,45,47.5,-0.45335322618484497,-0.8272485615126896
COHFACE_s32_session0_lamp,46,46,47.53333333333333,-0.5815778970718384,-0.9070276938630035
COHFACE_s32_session0_lamp,46,47,47.56666666666667,-0.6995329260826111,-0.9732042452443851
COHFACE_s32_session0_lamp,46,48,47.6,-0.8092103600502014,-1.0363982998659664
COHFACE_s32_session0_lamp,46,49,47.63333333333333,-0.9237061142921448,-1.10168983217097
COHFACE_s32_session0_lamp,46,50,47.666666666666664,-1.0276850461959839,-1.1668108227543057
COHFACE_s32_session0_lamp,46,51,47.7,-1.1265677213668823,-1.2218103269590639
COHFACE_s32_session0_lamp,46,52,47.733333333333334,-1.2238596677780151,-1.2499272326238962
COHFACE_s32_session0_lamp,46,53,47.766666666666666,-1.3179395198822021,-1.229623754645328
COHFACE_s32_session0_lamp,46,54,47.8,-1.4196946620941162,-1.1380981871831406
COHFACE_s32_session0_lamp,46,55,47.833333333333336,-1.5139906406402588,-0.9565625795197135
COHFACE_s32_session0_lamp,46,56,47.86666666666667,-1.533788800239563,-0.6768079685792834
COHFACE_s32_session0_lamp,46,57,47.9,-1.298450231552124,-0.3072563346825738
COHFACE_s32_session0_lamp,46,58,47.93333333333333,-0.7901225686073303,0.12437855235492286
COHFACE_s32_session0_lamp,46,59,47.96666666666667,-0.2690388858318329,0.5742338684768822
COHFACE_s32_session0_lamp,46,60,48.0,0.12483938038349152,0.9912269301038014
COHFACE_s32_session0_lamp,46,61,48.03333333333333,0.40209075808525085,1.328884327272202
COHFACE_s32_session0_lamp,46,62,48.06666666666667,0.5894010663032532,1.5557975899905208
COHFACE_s32_session0_lamp,46,63,48.1,0.6469732522964478,1.6611326537132063
COHFACE_s32_session0_lamp,46,64,48.13333333333333,0.5525999665260315,1.6538296072937477
COHFACE_s32_session0_lamp,46,65,48.166666666666664,0.45462843775749207,1.5566083887711089
COHFACE_s32_session0_lamp,46,66,48.2,0.4308459460735321,1.3974924414201568
COHFACE_s32_session0_lamp,46,67,48.233333333333334,0.4129782021045685,1.201873536042893
COHFACE_s32_session0_lamp,46,68,48.266666666666666,0.34268084168434143,0.9873836941383176
COHFACE_s32_session0_lamp,46,69,48.3,0.21828605234622955,0.7625357938985418
COHFACE_s32_session0_lamp,46,70,48.333333333333336,0.07140598446130753,0.5287850997390334
COHFACE_s32_session0_lamp,46,71,48.36666666666667,-0.07666321098804474,0.2846855267859818
COHFACE_s32_session0_lamp,46,72,48.4,-0.2271260917186737,0.03032747537879425
COHFACE_s32_session0_lamp,46,73,48.43333333333333,-0.373264878988266,-0.22967732052163942
COHFACE_s32_session0_lamp,46,74,48.46666666666667,-0.5073117017745972,-0.4857504094308489
COHFACE_s32_session0_lamp,46,75,48.5,-0.614579975605011,-0.7253893031957102
COHFACE_s32_session0_lamp,46,76,48.53333333333333,-0.7148371338844299,-0.9364146039521424
COHFACE_s32_session0_lamp,46,77,48.56666666666667,-0.8234489560127258,-1.1096433638122214
COHFACE_s32_session0_lamp,46,78,48.6,-0.9286942481994629,-1.2398779707497758
COHFACE_s32_session0_lamp,46,79,48.63333333333333,-1.02072012424469,-1.3252368237443832
COHFACE_s32_session0_lamp,46,80,48.666666666666664,-1.1183364391326904,-1.365545911563699
COHFACE_s32_session0_lamp,46,81,48.7,-1.2178832292556763,-1.3605844046262827
COHFACE_s32_session0_lamp,46,82,48.733333333333334,-1.3056467771530151,-1.308747239329524
COHFACE_s32_session0_lamp,46,83,48.766666666666666,-1.3995721340179443,-1.2065157387697243
COHFACE_s32_session0_lamp,46,84,48.8,-1.4250224828720093,-1.0491391291934802
COHFACE_s32_session0_lamp,46,85,48.833333333333336,-1.1610368490219116,-0.8328519288299016
COHFACE_s32_session0_lamp,46,86,48.86666666666667,-0.6115994453430176,-0.5584462008440164
COHFACE_s32_session0_lamp,46,87,48.9,-0.06761351227760315,-0.2350595612330518
COHFACE_s32_session0_lamp,46,88,48.93333333333333,0.3260948657989502,0.1178447153869624
COHFACE_s32_session0_lamp,46,89,48.96666666666667,0.6073460578918457,0.4720756737796728
COHFACE_s32_session0_lamp,46,90,49.0,0.8105164766311646,0.7959022184986337
COHFACE_s32_session0_lamp,46,91,49.03333333333333,0.8928749561309814,1.0609009005933967
COHFACE_s32_session0_lamp,46,92,49.06666666666667,0.825851559638977,1.2478826425135865
COHFACE_s32_session0_lamp,46,93,49.1,0.722027063369751,1.3499699007321084
COHFACE_s32_session0_lamp,46,94,49.13333333333333,0.6719911694526672,1.3721179764101308
COHFACE_s32_session0_lamp,46,95,49.166666666666664,0.644116222858429,1.3276336557841015
COHFACE_s32_session0_lamp,46,96,49.2,0.5828995108604431,1.2331777271996571
COHFACE_s32_session0_lamp,46,97,49.233333333333334,0.4610064923763275,1.1040189917714407
COHFACE_s32_session0_lamp,46,98,49.266666666666666,0.312242329120636,0.9508887899214595
COHFACE_s32_session0_lamp,46,99,49.3,0.160744771361351,0.7790664376519052
COHFACE_s32_session0_lamp,46,100,49.333333333333336,-0.0007136610220186412,0.5896915171540914
COHFACE_s32_session0_lamp,46,101,49.36666666666667,-0.15273630619049072,0.38270108482778964
COHFACE_s32_session0_lamp,46,102,49.4,-0.2927287220954895,0.1601750123608439
COHFACE_s32_session0_lamp,46,103,49.43333333333333,-0.4241192638874054,-0.07139292245575055
COHFACE_s32_session0_lamp,46,104,49.46666666666667,-0.5425530076026917,-0.30094011509962837
COHFACE_s32_session0_lamp,46,105,49.5,-0.6544234156608582,-0.5148102610836282
COHFACE_s32_session0_lamp,46,106,49.53333333333333,-0.7690735459327698,-0.6997936185424902
COHFACE_s32_session0_lamp,46,107,49.56666666666667,-0.8829824328422546,-0.8457799430696746
COHFACE_s32_session0_lamp,46,108,49.6,-0.9797493815422058,-0.9471675996047213
COHFACE_s32_session0_lamp,46,109,49.63333333333333,-1.066354751586914,-1.0031018130666054
COHFACE_s32_session0_lamp,46,110,49.666666666666664,-1.1638938188552856,-1.0170392859421993
COHFACE_s32_session0_lamp,46,111,49.7,-1.2529546022415161,-0.995843260424152
COHFACE_s32_session0_lamp,46,112,49.733333333333334,-1.2783278226852417,-0.9480582388039523
COHFACE_s32_session0_lamp,46,113,49.766666666666666,-1.007964015007019,-0.8810840795251004
COHFACE_s32_session0_lamp,46,114,49.8,-0.41406577825546265,-0.7979922750443148
COHFACE_s32_session0_lamp,46,115,49.833333333333336,0.20753759145736694,-0.6957101438268823
COHFACE_s32_session0_lamp,46,116,49.86666666666667,0.7070626616477966,-0.5661015329911154
COHFACE_s32_session0_lamp,46,117,49.9,1.0901151895523071,-0.4000671355770964
COHFACE_s32_session0_lamp,46,118,49.93333333333333,1.382825255393982,-0.19303270989667015
COHFACE_s32_session0_lamp,46,119,49.96666666666667,1.551016926765442,0.05072762844853882
COHFACE_s32_session0_lamp,46,120,50.0,1.5397433042526245,0.3168966991970082
COHFACE_s32_session0_lamp,46,121,50.03333333333333,1.424614429473877,0.583398063835008
COHFACE_s32_session0_lamp,46,122,50.06666666666667,1.3267356157302856,0.8249354477523759
COHFACE_s32_session0_lamp,46,123,50.1,1.257920742034912,1.0179032173043592
COHFACE_s32_session0_lamp,46,124,50.13333333333333,1.170790433883667,1.1442321089577663
COHFACE_s32_session0_lamp,46,125,50.166666666666664,1.0342881679534912,1.1936020811452468
COHFACE_s32_session0_lamp,46,126,50.2,0.8556414246559143,1.163994081340758
COHFACE_s32_session0_lamp,46,127,50.233333333333334,0.6620612144470215,1.0607771473649532
COHFACE_s32_session0_lamp,46,128,50.266666666666666,0.46613362431526184,0.8947569229100556
COHFACE_s32_session0_lamp,46,129,50.3,0.2761516273021698,0.6798916976821296
COHFACE_s32_session0_lamp,46,130,50.333333333333336,0.10746580362319946,0.43149347936031723
COHFACE_s32_session0_lamp,46,131,50.36666666666667,-0.050626013427972794,0.16533848163445436
COHFACE_s32_session0_lamp,46,132,50.4,-0.20229347050189972,-0.10270899391944856
COHFACE_s32_session0_lamp,46,133,50.43333333333333,-0.3438301980495453,-0.3573455786503439
COHFACE_s32_session0_lamp,46,134,50.46666666666667,-0.49054038524627686,-0.5849449487484122
COHFACE_s32_session0_lamp,46,135,50.5,-0.6289421319961548,-0.774482818109613
COHFACE_s32_session0_lamp,46,136,50.53333333333333,-0.7607033252716064,-0.9175141871362519
COHFACE_s32_session0_lamp,46,137,50.56666666666667,-0.8955994844436646,-1.0072984823896145
COHFACE_s32_session0_lamp,46,138,50.6,-1.0081030130386353,-1.0382798551212473
COHFACE_s32_session0_lamp,46,139,50.63333333333333,-1.1093021631240845,-1.0072203910591786
COHFACE_s32_session0_lamp,46,140,50.666666666666664,-1.2084474563598633,-0.9158208893925338
COHFACE_s32_session0_lamp,46,141,50.7,-1.276906967163086,-0.7729141183149282
COHFACE_s32_session0_lamp,46,142,50.733333333333334,-1.1321426630020142,-0.593958346475728
COHFACE_s32_session0_lamp,46,143,50.766666666666666,-0.6027196049690247,-0.39710927693591935
COHFACE_s32_session0_lamp,46,144,50.8,0.08898031711578369,-0.1976806621188308
COHFACE_s32_session0_lamp,46,145,50.833333333333336,0.6885153651237488,-0.004232965538541307
COHFACE_s32_session0_lamp,46,146,50.86666666666667,1.1667442321777344,0.18151552941644764
COHFACE_s32_session0_lamp,46,147,50.9,1.5519280433654785,0.36131978265679326
COHFACE_s32_session0_lamp,46,148,50.93333333333333,1.8187706470489502,0.5360046742539277
COHFACE_s32_session0_lamp,46,149,50.96666666666667,1.8948591947555542,0.7026102462304024
COHFACE_s32_session0_lamp,46,150,51.0,1.7908494472503662,0.8539780784675343
COHFACE_s32_session0_lamp,46,151,51.03333333333333,1.6431509256362915,0.9799014120775825
COHFACE_s32_session0_lamp,46,152,51.06666666666667,1.5399441719055176,1.068683130928817
COHFACE_s32_session0_lamp,46,153,51.1,1.4393936395645142,1.1087285511349512
COHFACE_s32_session0_lamp,46,154,51.13333333333333,1.3024588823318481,1.0903946483766063
COHFACE_s32_session0_lamp,46,155,51.166666666666664,1.107874870300293,1.0081565805720354
COHFACE_s32_session0_lamp,46,156,51.2,0.8900179862976074,0.862471940758663
COHFACE_s32_session0_lamp,46,157,51.233333333333334,0.6736281514167786,0.660335570790767
COHFACE_s32_session0_lamp,46,158,51.266666666666666,0.45974013209342957,0.41401336856855664
COHFACE_s32_session0_lamp,46,159,51.3,0.2590097188949585,0.138476210801062
COHFACE_s32_session0_lamp,46,160,51.333333333333336,0.07974530011415482,-0.1511714035496877
COHFACE_s32_session0_lamp,46,161,51.36666666666667,-0.1000596284866333,-0.44103840173443065
COHFACE_s32_session0_lamp,46,162,51.4,-0.27257537841796875,-0.718246137162236
COHFACE_s32_session0_lamp,46,163,51.43333333333333,-0.4338330328464508,-0.9698810726470298
COHFACE_s32_session0_lamp,46,164,51.46666666666667,-0.5865506529808044,-1.1822010495148894
COHFACE_s32_session0_lamp,46,165,51.5,-0.7285506725311279,-1.3408906085412255
COHFACE_s32_session0_lamp,46,166,51.53333333333333,-0.8605280518531799,-1.4325170682546038
COHFACE_s32_session0_lamp,46,167,51.56666666666667,-0.9891851544380188,-1.4467694441020988
COHFACE_s32_session0_lamp,46,168,51.6,-1.1046538352966309,-1.3788030317108015
COHFACE_s32_session0_lamp,46,169,51.63333333333333,-1.211258053779602,-1.2309818513073358
COHFACE_s32_session0_lamp,46,170,51.666666666666664,-1.3092913627624512,-1.0133689781731425
COHFACE_s32_session0_lamp,46,171,51.7,-1.3655353784561157,-0.7425259164397832
COHFACE_s32_session0_lamp,46,172,51.733333333333334,-1.2238596677780151,-0.4386707683982969
COHFACE_s32_session0_lamp,46,173,51.766666666666666,-0.7045519351959229,-0.1219983942154937
COHFACE_s32_session0_lamp,46,174,51.8,-0.015400123782455921,0.1903637727934267
COHFACE_s32_session0_lamp,46,175,51.833333333333336,0.5795637369155884,0.4854335980392337
COHFACE_s32_session0_lamp,46,176,51.86666666666667,1.0197252035140991,0.7533663143115065
COHFACE_s32_session0_lamp,46,177,51.9,1.3498386144638062,0.985602158821399
COHFACE_s32_session0_lamp,46,178,51.93333333333333,1.5732395648956299,1.173800939198625
COHFACE_s32_session0_lamp,46,179,51.96666666666667,1.6172527074813843,1.3103531851111747
COHFACE_s32_session0_lamp,46,180,52.0,1.4795149564743042,1.3898382931741669
COHFACE_s32_session0_lamp,46,181,52.03333333333333,1.3231682777404785,1.41007673900268
COHFACE_s32_session0_lamp,46,182,52.06666666666667,1.2354201078414917,1.3720711769328806
COHFACE_s32_session0_lamp,46,183,52.1,1.1417263746261597,1.2792520127690146
COHFACE_s32_session0_lamp,46,184,52.13333333333333,1.0070000886917114,1.1368427971891373
COHFACE_s32_session0_lamp,46,185,52.166666666666664,0.8275039792060852,0.9517318249044445
COHFACE_s32_session0_lamp,46,186,52.2,0.6207507252693176,0.7325614871097481
COHFACE_s32_session0_lamp,46,187,52.233333333333334,0.4146769344806671,0.4894269538067557
COHFACE_s32_session0_lamp,46,188,52.266666666666666,0.21206244826316833,0.23288281869948813
COHFACE_s32_session0_lamp,46,189,52.3,0.008274268358945847,-0.027376012782701527
COHFACE_s32_session0_lamp,46,190,52.333333333333336,-0.16757720708847046,-0.28332929693224085
COHFACE_s32_session0_lamp,46,191,52.36666666666667,-0.32744497060775757,-0.5283554967792345
COHFACE_s32_session0_lamp,46,192,52.4,-0.48198485374450684,-0.756178680261755
COHFACE_s32_session0_lamp,46,193,52.43333333333333,-0.6276448965072632,-0.9600347861765018
COHFACE_s32_session0_lamp,46,194,52.46666666666667,-0.7685330510139465,-1.1327970090704529
COHFACE_s32_session0_lamp,46,195,52.5,-0.9036762714385986,-1.2679578655522983
COHFACE_s32_session0_lamp,46,196,52.53333333333333,-1.024349331855774,-1.3607176425678897
COHFACE_s32_session0_lamp,46,197,52.56666666666667,-1.1375632286071777,-1.4083688338069922
COHFACE_s32_session0_lamp,46,198,52.6,-1.2413722276687622,-1.4096668638592726
COHFACE_s32_session0_lamp,46,199,52.63333333333333,-1.3260780572891235,-1.363616334099601
COHFACE_s32_session0_lamp,46,200,52.666666666666664,-1.4092859029769897,-1.2686138928649835
COHFACE_s32_session0_lamp,46,201,52.7,-1.4783941507339478,-1.1227681155395581
COHFACE_s32_session0_lamp,46,202,52.733333333333334,-1.3597441911697388,-0.9254637387644407
COHFACE_s32_session0_lamp,46,203,52.766666666666666,-0.8398032784461975,-0.6794585228065979
COHFACE_s32_session0_lamp,46,204,52.8,-0.14771726727485657,-0.3925760906031726
COHFACE_s32_session0_lamp,46,205,52.833333333333336,0.41540277004241943,-0.07832578692524546
COHFACE_s32_session0_lamp,46,206,52.86666666666667,0.8284923434257507,0.24482224088976925
COHFACE_s32_session0_lamp,46,207,52.9,1.129032015800476,0.5554720004416527
COHFACE_s32_session0_lamp,46,208,52.93333333333333,1.2905367612838745,0.8323902810807545
COHFACE_s32_session0_lamp,46,209,52.96666666666667,1.2772711515426636,1.0580532044724855
COHFACE_s32_session0_lamp,46,210,53.0,1.1607677936553955,1.221598757552308
COHFACE_s32_session0_lamp,46,211,53.03333333333333,1.0591052770614624,1.3200678922810412
COHFACE_s32_session0_lamp,46,212,53.06666666666667,0.9885917901992798,1.3574944045532675
COHFACE_s32_session0_lamp,46,213,53.1,0.9119318127632141,1.3423965469341794
COHFACE_s32_session0_lamp,46,214,53.13333333333333,0.7924171090126038,1.2848375413110462
COHFACE_s32_session0_lamp,46,215,53.166666666666664,0.6183261275291443,1.194119393033797
COHFACE_s32_session0_lamp,46,216,53.2,0.4239891767501831,1.0775142330870644
COHFACE_s32_session0_lamp,46,217,53.233333333333334,0.2301618456840515,0.9398356975872328
COHFACE_s32_session0_lamp,46,218,53.266666666666666,0.028026092797517776,0.7835872838287339
COHFACE_s32_session0_lamp,46,219,53.3,-0.15702950954437256,0.6097098280550872
COHFACE_s32_session0_lamp,46,220,53.333333333333336,-0.3038632571697235,0.4190707942355057
COHFACE_s32_session0_lamp,46,221,53.36666666666667,-0.44027283787727356,0.2144193683778633
COHFACE_s32_session0_lamp,46,222,53.4,-0.5817787051200867,0.001787660567687789
COHFACE_s32_session0_lamp,46,223,53.43333333333333,-0.7102504968643188,-0.20975546856925498
COHFACE_s32_session0_lamp,46,224,53.46666666666667,-0.8311396837234497,-0.409969764796032
COHFACE_s32_session0_lamp,46,225,53.5,-0.9553337097167969,-0.589601722181359
COHFACE_s32_session0_lamp,46,226,53.53333333333333,-1.0638837814331055,-0.7413167724297419
COHFACE_s32_session0_lamp,46,227,53.56666666666667,-1.1489293575286865,-0.8589436567313219
COHFACE_s32_session0_lamp,46,228,53.6,-1.233774185180664,-0.936057463244319
COHFACE_s32_session0_lamp,46,229,53.63333333333333,-1.3296608924865723,-0.9656205986091553
COHFACE_s32_session0_lamp,46,230,53.666666666666664,-1.4300570487976074,-0.9416628477584338
COHFACE_s32_session0_lamp,46,231,53.7,-1.4477239847183228,-0.8625426071535435
COHFACE_s32_session0_lamp,46,232,53.733333333333334,-1.1640483140945435,-0.734291620728478
COHFACE_s32_session0_lamp,46,233,53.766666666666666,-0.5506606698036194,-0.5722606647885268
COHFACE_s32_session0_lamp,46,234,53.8,0.06664948165416718,-0.3996925907070375
COHFACE_s32_session0_lamp,46,235,53.833333333333336,0.5055137276649475,-0.24293841674022812
COHFACE_s32_session0_lamp,46,236,53.86666666666667,0.8133271336555481,-0.12453598343483993
COHFACE_s32_session0_lamp,46,237,53.9,1.0103358030319214,-0.05652900785093747
COHFACE_s32_session0_lamp,46,238,53.93333333333333,1.0319716930389404,-0.036558491177463535
COHFACE_s32_session0_lamp,46,239,53.96666666666667,0.9247187972068787,-0.048435039257921315
COHFACE_s32_session0_lamp,47,0,47.0,-0.0959208533167839,0.17867032878728112
COHFACE_s32_session0_lamp,47,1,47.03333333333333,0.3041037917137146,0.2617566255950713
COHFACE_s32_session0_lamp,47,2,47.06666666666667,0.6117627620697021,0.3373582695193535
COHFACE_s32_session0_lamp,47,3,47.1,0.8352101445198059,0.40107327105906027
COHFACE_s32_session0_lamp,47,4,47.13333333333333,0.8900334239006042,0.44777107639241637
COHFACE_s32_session0_lamp,47,5,47.166666666666664,0.7857301831245422,0.4711469278837234
COHFACE_s32_session0_lamp,47,6,47.2,0.6738907098770142,0.46400845283114434
COHFACE_s32_session0_lamp,47,7,47.233333333333334,0.6211059093475342,0.41981589212020864
COHFACE_s32_session0_lamp,47,8,47.266666666666666,0.5710391402244568,0.3352156844924822
COHFACE_s32_session0_lamp,47,9,47.3,0.48361527919769287,0.21249564792381653
COHFACE_s32_session0_lamp,47,10,47.333333333333336,0.35239461064338684,0.06066007264023801
COHFACE_s32_session0_lamp,47,11,47.36666666666667,0.18844982981681824,-0.10568446436056186
COHFACE_s32_session0_lamp,47,12,47.4,0.01814245991408825,-0.2694977166919368
COHFACE_s32_session0_lamp,47,13,47.43333333333333,-0.14447420835494995,-0.4154845205001924
COHFACE_s32_session0_lamp,47,14,47.46666666666667,-0.30298298597335815,-0.5338039407422
COHFACE_s32_session0_lamp,47,15,47.5,-0.45335322618484497,-0.6220186033310864
COHFACE_s32_session0_lamp,47,16,47.53333333333333,-0.5815778970718384,-0.6846737679192981
COHFACE_s32_session0_lamp,47,17,47.56666666666667,-0.6995329260826111,-0.730727691440034
COHFACE_s32_session0_lamp,47,18,47.6,-0.8092103600502014,-0.7697049666633489
COHFACE_s32_session0_lamp,47,19,47.63333333333333,-0.9237061142921448,-0.8077690061897927
COHFACE_s32_session0_lamp,47,20,47.666666666666664,-1.0276850461959839,-0.8448754243038059
COHFACE_s32_session0_lamp,47,21,47.7,-1.1265677213668823,-0.8737516848667509
COHFACE_s32_session0_lamp,47,22,47.733333333333334,-1.2238596677780151,-0.8807888158137313
COHFACE_s32_session0_lamp,47,23,47.766666666666666,-1.3179395198822021,-0.8484401346580956
COHFACE_s32_session0_lamp,47,24,47.8,-1.4196946620941162,-0.7586805401011053
COHFACE_s32_session0_lamp,47,25,47.833333333333336,-1.5139906406402588,-0.5972860573032567
COHFACE_s32_session0_lamp,47,26,47.86666666666667,-1.533788800239563,-0.35865852631146833
COHFACE_s32_session0_lamp,47,27,47.9,-1.298450231552124,-0.0501894861713351
COHFACE_s32_session0_lamp,47,28,47.93333333333333,-0.7901225686073303,0.3059264267587294
COHFACE_s32_session0_lamp,47,29,47.96666666666667,-0.2690388858318329,0.6754025059607422
COHFACE_s32_session0_lamp,47,30,48.0,0.12483938038349152,1.0189544415248049
COHFACE_s32_session0_lamp,47,31,48.03333333333333,0.40209075808525085,1.3011725360710293
COHFACE_s32_session0_lamp,47,32,48.06666666666667,0.5894010663032532,1.497775529247679
COHFACE_s32_session0_lamp,47,33,48.1,0.6469732522964478,1.598893895390595
COHFACE_s32_session0_lamp,47,34,48.13333333333333,0.5525999665260315,1.6079197996673433
COHFACE_s32_session0_lamp,47,35,48.166666666666664,0.45462843775749207,1.5371750119702592
COHFACE_s32_session0_lamp,47,36,48.2,0.4308459460735321,1.4025141886800248
COHFACE_s32_session0_lamp,47,37,48.233333333333334,0.4129782021045685,1.2188837684798233
COHFACE_s32_session0_lamp,47,38,48.266666666666666,0.34268084168434143,0.9980727145301509
COHFACE_s32_session0_lamp,47,39,48.3,0.21828605234622955,0.7488242792407287
COHFACE_s32_session0_lamp,47,40,48.333333333333336,0.07140598446130753,0.4785410247929092
COHFACE_s32_session0_lamp,47,41,48.36666666666667,-0.07666321098804474,0.19534357991486256
COHFACE_s32_session0_lamp,47,42,48.4,-0.2271260917186737,-0.0906498177198601
COHFACE_s32_session0_lamp,47,43,48.43333333333333,-0.373264878988266,-0.367456945262191
COHFACE_s32_session0_lamp,47,44,48.46666666666667,-0.5073117017745972,-0.6227910489737025
COHFACE_s32_session0_lamp,47,45,48.5,-0.614579975605011,-0.8464556095902758
COHFACE_s32_session0_lamp,47,46,48.53333333333333,-0.7148371338844299,-1.0325350594294895
COHFACE_s32_session0_lamp,47,47,48.56666666666667,-0.8234489560127258,-1.1803056217518064
COHFACE_s32_session0_lamp,47,48,48.6,-0.9286942481994629,-1.2932789658104613
COHFACE_s32_session0_lamp,47,49,48.63333333333333,-1.02072012424469,-1.3765347632986709
COHFACE_s32_session0_lamp,47,50,48.666666666666664,-1.1183364391326904,-1.4331358362158833
COHFACE_s32_session0_lamp,47,51,48.7,-1.2178832292556763,-1.4608117394384155
COHFACE_s32_session0_lamp,47,52,48.733333333333334,-1.3056467771530151,-1.4502053432022985
COHFACE_s32_session0_lamp,47,53,48.766666666666666,-1.3995721340179443,-1.3857221607042762
COHFACE_s32_session0_lamp,47,54,48.8,-1.4250224828720093,-1.2493644853176131
COHFACE_s32_session0_lamp,47,55,48.833333333333336,-1.1610368490219116,-1.026978157871975
COHFACE_s32_session0_lamp,47,56,48.86666666666667,-0.6115994453430176,-0.7153088943297857
COHFACE_s32_session0_lamp,47,57,48.9,-0.06761351227760315,-0.3274305091144796
COHFACE_s32_session0_lamp,47,58,48.93333333333333,0.3260948657989502,0.10607673238834364
COHFACE_s32_session0_lamp,47,59,48.96666666666667,0.6073460578918457,0.5417140924527452
COHFACE_s32_session0_lamp,47,60,49.0,0.8105164766311646,0.9325418920789769
COHFACE_s32_session0_lamp,47,61,49.03333333333333,0.8928749561309814,1.239261342632969
COHFACE_s32_session0_lamp,47,62,49.06666666666667,0.825851559638977,1.4387145706923596
COHFACE_s32_session0_lamp,47,63,49.1,0.722027063369751,1.526839321322724
COHFACE_s32_session0_lamp,47,64,49.13333333333333,0.6719911694526672,1.5158350449925897
COHFACE_s32_session0_lamp,47,65,49.166666666666664,0.644116222858429,1.4277315520777107
COHFACE_s32_session0_lamp,47,66,49.2,0.5828995108604431,1.2872623473115041
COHFACE_s32_session0_lamp,47,67,49.233333333333334,0.4610064923763275,1.1161872798741372
COHFACE_s32_session0_lamp,47,68,49.266666666666666,0.312242329120636,0.9300318858936523
COHFACE_s32_session0_lamp,47,69,49.3,0.160744771361351,0.7373008738404352
COHFACE_s32_session0_lamp,47,70,49.333333333333336,-0.0007136610220186412,0.5407584268548888
COHFACE_s32_session0_lamp,47,71,49.36666666666667,-0.15273630619049072,0.3401172414496717
COHFACE_s32_session0_lamp,47,72,49.4,-0.2927287220954895,0.13519863342699526
COHFACE_s32_session0_lamp,47,73,49.43333333333333,-0.4241192638874054,-0.07155675288074191
COHFACE_s32_session0_lamp,47,74,49.46666666666667,-0.5425530076026917,-0.27415619102345234
COHFACE_s32_session0_lamp,47,75,49.5,-0.6544234156608582,-0.4639431954698477
COHFACE_s32_session0_lamp,47,76,49.53333333333333,-0.7690735459327698,-0.6316293972701315
COHFACE_s32_session0_lamp,47,77,49.56666666666667,-0.8829824328422546,-0.7693457378273787
COHFACE_s32_session0_lamp,47,78,49.6,-0.9797493815422058,-0.8719965592871454
COHFACE_s32_session0_lamp,47,79,49.63333333333333,-1.066354751586914,-0.9378576068018064
COHFACE_s32_session0_lamp,47,80,49.666666666666664,-1.1638938188552856,-0.9685436718062038
COHFACE_s32_session0_lamp,47,81,49.7,-1.2529546022415161,-0.9682449892001066
COHFACE_s32_session0_lamp,47,82,49.733333333333334,-1.2783278226852417,-0.9419955396135773
COHFACE_s32_session0_lamp,47,83,49.766666666666666,-1.007964015007019,-0.8930998352989362
COHFACE_s32_session0_lamp,47,84,49.8,-0.41406577825546265,-0.82066007057253
COHFACE_s32_session0_lamp,47,85,49.833333333333336,0.20753759145736694,-0.7187355080349879
COHFACE_s32_session0_lamp,47,86,49.86666666666667,0.7070626616477966,-0.5783291440600895
COHFACE_s32_session0_lamp,47,87,49.9,1.0901151895523071,-0.39205314760669147
COHFACE_s32_session0_lamp,47,88,49.93333333333333,1.382825255393982,-0.1596330010757288
COHFACE_s32_session0_lamp,47,89,49.96666666666667,1.551016926765442,0.10839772597118594
COHFACE_s32_session0_lamp,47,90,50.0,1.5397433042526245,0.39065252074802803
COHFACE_s32_session0_lamp,47,91,50.03333333333333,1.424614429473877,0.6585899023631443
COHFACE_s32_session0_lamp,47,92,50.06666666666667,1.3267356157302856,0.882548147926276
COHFACE_s32_session0_lamp,47,93,50.1,1.257920742034912,1.038101811213774
COHFACE_s32_session0_lamp,47,94,50.13333333333333,1.170790433883667,1.1109968117387594
COHFACE_s32_session0_lamp,47,95,50.166666666666664,1.0342881679534912,1.099555418262658
COHFACE_s32_session0_lamp,47,96,50.2,0.8556414246559143,1.0140069402280518
COHFACE_s32_session0_lamp,47,97,50.233333333333334,0.6620612144470215,0.8728482218639451
COHFACE_s32_session0_lamp,47,98,50.266666666666666,0.46613362431526184,0.6972606703158697
COHFACE_s32_session0_lamp,47,99,50.3,0.2761516273021698,0.5054537506532707
COHFACE_s32_session0_lamp,47,100,50.333333333333336,0.10746580362319946,0.3089941818394882
COHFACE_s32_session0_lamp,47,101,50.36666666666667,-0.050626013427972794,0.11237439025924092
COHFACE_s32_session0_lamp,47,102,50.4,-0.20229347050189972,-0.08447627639667989
COHFACE_s32_session0_lamp,47,103,50.43333333333333,-0.3438301980495453,-0.28232886204672
COHFACE_s32_session0_lamp,47,104,50.46666666666667,-0.49054038524627686,-0.47922394574531024
COHFACE_s32_session0_lamp,47,105,50.5,-0.6289421319961548,-0.6684976603369791
COHFACE_s32_session0_lamp,47,106,50.53333333333333,-0.7607033252716064,-0.8383614362494595
COHFACE_s32_session0_lamp,47,107,50.56666666666667,-0.8955994844436646,-0.9728437215317803
COHFACE_s32_session0_lamp,47,108,50.6,-1.0081030130386353,-1.0543219645064281
COHFACE_s32_session0_lamp,47,109,50.63333333333333,-1.1093021631240845,-1.0678881433557021
COHFACE_s32_session0_lamp,47,110,50.666666666666664,-1.2084474563598633,-1.0066219111185981
COHFACE_s32_session0_lamp,47,111,50.7,-1.276906967163086,-0.8754296757106625
COHFACE_s32_session0_lamp,47,112,50.733333333333334,-1.1321426630020142,-0.6909317686044663
COHFACE_s32_session0_lamp,47,113,50.766666666666666,-0.6027196049690247,-0.47653917291034964
COHFACE_s32_session0_lamp,47,114,50.8,0.08898031711578369,-0.25463904680201366
COHFACE_s32_session0_lamp,47,115,50.833333333333336,0.6885153651237488,-0.03974711742734026
COHFACE_s32_session0_lamp,47,116,50.86666666666667,1.1667442321777344,0.16396391000531618
COHFACE_s32_session0_lamp,47,117,50.9,1.5519280433654785,0.3597998086712843
COHFACE_s32_session0_lamp,47,118,50.93333333333333,1.8187706470489502,0.5522444869283166
COHFACE_s32_session0_lamp,47,119,50.96666666666667,1.8948591947555542,0.7407564283262285
COHFACE_s32_session0_lamp,47,120,51.0,1.7908494472503662,0.9167592920735148
COHFACE_s32_session0_lamp,47,121,51.03333333333333,1.6431509256362915,1.0649447956278049
COHFACE_s32_session0_lamp,47,122,51.06666666666667,1.5399441719055176,1.167763922510691
COHFACE_s32_session0_lamp,47,123,51.1,1.4393936395645142,1.2106836878357123
COHFACE_s32_session0_lamp,47,124,51.13333333333333,1.3024588823318481,1.185970245851137
COHFACE_s32_session0_lamp,47,125,51.166666666666664,1.107874870300293,1.093956588619994
COHFACE_s32_session0_lamp,47,126,51.2,0.8900179862976074,0.9420445827900694
COHFACE_s32_session0_lamp,47,127,51.233333333333334,0.6736281514167786,0.7423856255795286
COHFACE_s32_session0_lamp,47,128,51.266666666666666,0.45974013209342957,0.5091428764897209
COHFACE_s32_session0_lamp,47,129,51.3,0.2590097188949585,0.25596683650017826
COHFACE_s32_session0_lamp,47,130,51.333333333333336,0.07974530011415482,-0.005730295580934632
COHFACE_s32_session0_lamp,47,131,51.36666666666667,-0.1000596284866333,-0.2671752174298332
COHFACE_s32_session0_lamp,47,132,51.4,-0.27257537841796875,-0.5212235035380915
COHFACE_s32_session0_lamp,47,133,51.43333333333333,-0.4338330328464508,-0.7605403219146041
COHFACE_s32_session0_lamp,47,134,51.46666666666667,-0.5865506529808044,-0.9760627299898342
COHFACE_s32_session0_lamp,47,135,51.5,-0.7285506725311279,-1.156707822498556
COHFACE_s32_session0_lamp,47,136,51.53333333333333,-0.8605280518531799,-1.2905307970365185
COHFACE_s32_session0_lamp,47,137,51.56666666666667,-0.9891851544380188,-1.3667585304445573
COHFACE_s32_session0_lamp,47,138,51.6,-1.1046538352966309,-1.377896008141281
COHFACE_s32_session0_lamp,47,139,51.63333333333333,-1.211258053779602,-1.3212943290302126
COHFACE_s32_session0_lamp,47,140,51.666666666666664,-1.3092913627624512,-1.1997955092026478
COHFACE_s32_session0_lamp,47,141,51.7,-1.3655353784561157,-1.02122517380948
COHFACE_s32_session0_lamp,47,142,51.733333333333334,-1.2238596677780151,-0.7967182984040272
COHFACE_s32_session0_lamp,47,143,51.766666666666666,-0.7045519351959229,-0.5383356383091606
COHFACE_s32_session0_lamp,47,144,51.8,-0.015400123782455921,-0.25705688038488556
COHFACE_s32_session0_lamp,47,145,51.833333333333336,0.5795637369155884,0.03762456283681263
COHFACE_s32_session0_lamp,47,146,51.86666666666667,1.0197252035140991,0.33611071696240596
COHFACE_s32_session0_lamp,47,147,51.9,1.3498386144638062,0.6261557829035527
COHFACE_s32_session0_lamp,47,148,51.93333333333333,1.5732395648956299,0.8914820929098748
COHFACE_s32_session0_lamp,47,149,51.96666666666667,1.6172527074813843,1.113260028663042
COHFACE_s32_session0_lamp,47,150,52.0,1.4795149564743042,1.2741753947777517
COHFACE_s32_session0_lamp,47,151,52.03333333333333,1.3231682777404785,1.3629195605008273
COHFACE_s32_session0_lamp,47,152,52.06666666666667,1.2354201078414917,1.3767671005140523
COHFACE_s32_session0_lamp,47,153,52.1,1.1417263746261597,1.3212361157806098
COHFACE_s32_session0_lamp,47,154,52.13333333333333,1.0070000886917114,1.2074518082239132
COHFACE_s32_session0_lamp,47,155,52.166666666666664,0.8275039792060852,1.048769097537386
COHFACE_s32_session0_lamp,47,156,52.2,0.6207507252693176,0.8580810496262109
COHFACE_s32_session0_lamp,47,157,52.233333333333334,0.4146769344806671,0.6464236816251173
COHFACE_s32_session0_lamp,47,158,52.266666666666666,0.21206244826316833,0.42267949697041446
COHFACE_s32_session0_lamp,47,159,52.3,0.008274268358945847,0.19387129465545935
COHFACE_s32_session0_lamp,47,160,52.333333333333336,-0.16757720708847046,-0.03425251422563989
COHFACE_s32_session0_lamp,47,161,52.36666666666667,-0.32744497060775757,-0.25641789660000136
COHFACE_s32_session0_lamp,47,162,52.4,-0.48198485374450684,-0.46704142927520775
COHFACE_s32_session0_lamp,47,163,52.43333333333333,-0.6276448965072632,-0.6599071305260198
COHFACE_s32_session0_lamp,47,164,52.46666666666667,-0.7685330510139465,-0.8285905899337601
COHFACE_s32_session0_lamp,47,165,52.5,-0.9036762714385986,-0.9674910739240792
COHFACE_s32_session0_lamp,47,166,52.53333333333333,-1.024349331855774,-1.0729590761053727
COHFACE_s32_session0_lamp,47,167,52.56666666666667,-1.1375632286071777,-1.1438246241183352
COHFACE_s32_session0_lamp,47,168,52.6,-1.2413722276687622,-1.1807322911104383
COHFACE_s32_session0_lamp,47,169,52.63333333333333,-1.3260780572891235,-1.1842567151614587
COHFACE_s32_session0_lamp,47,170,52.666666666666664,-1.4092859029769897,-1.1526828774752131
COHFACE_s32_session0_lamp,47,171,52.7,-1.4783941507339478,-1.08086616185313
COHFACE_s32_session0_lamp,47,172,52.733333333333334,-1.3597441911697388,-0.9611688043743959
COHFACE_s32_session0_lamp,47,173,52.766666666666666,-0.8398032784461975,-0.7863976688248463
COHFACE_s32_session0_lamp,47,174,52.8,-0.14771726727485657,-0.5536665915879824
COHFACE_s32_session0_lamp,47,175,52.833333333333336,0.41540277004241943,-0.2677323082985184
COHFACE_s32_session0_lamp,47,176,52.86666666666667,0.8284923434257507,0.05731415983079186
COHFACE_s32_session0_lamp,47,177,52.9,1.129032015800476,0.3986058617873174
COHFACE_s32_session0_lamp,47,178,52.93333333333333,1.2905367612838745,0.7275805015335403
COHFACE_s32_session0_lamp,47,179,52.96666666666667,1.2772711515426636,1.015235745529613
COHFACE_s32_session0_lamp,47,180,53.0,1.1607677936553955,1.2380648002392336
COHFACE_s32_session0_lamp,47,181,53.03333333333333,1.0591052770614624,1.3824573170189858
COHFACE_s32_session0_lamp,47,182,53.06666666666667,0.9885917901992798,1.4459532451223043
COHFACE_s32_session0_lamp,47,183,53.1,0.9119318127632141,1.4352311891375704
COHFACE_s32_session0_lamp,47,184,53.13333333333333,0.7924171090126038,1.3620760443012176
COHFACE_s32_session0_lamp,47,185,53.166666666666664,0.6183261275291443,1.239141668137655
COHFACE_s32_session0_lamp,47,186,53.2,0.4239891767501831,1.076980034469015
COHFACE_s32_session0_lamp,47,187,53.233333333333334,0.2301618456840515,0.8829438316540094
COHFACE_s32_session0_lamp,47,188,53.266666666666666,0.028026092797517776,0.6617560769905119
COHFACE_s32_session0_lamp,47,189,53.3,-0.15702950954437256,0.4171508866375992
COHFACE_s32_session0_lamp,47,190,53.333333333333336,-0.3038632571697235,0.1539882322695917
COHFACE_s32_session0_lamp,47,191,53.36666666666667,-0.44027283787727356,-0.11984996183014734
COHFACE_s32_session0_lamp,47,192,53.4,-0.5817787051200867,-0.3928176188138019
COHFACE_s32_session0_lamp,47,193,53.43333333333333,-0.7102504968643188,-0.6511565310544084
COHFACE_s32_session0_lamp,47,194,53.46666666666667,-0.8311396837234497,-0.8820592796640881
COHFACE_s32_session0_lamp,47,195,53.5,-0.9553337097167969,-1.0768451003256032
COHFACE_s32_session0_lamp,47,196,53.53333333333333,-1.0638837814331055,-1.232233499510531
COHFACE_s32_session0_lamp,47,197,53.56666666666667,-1.1489293575286865,-1.3488158905447105
COHFACE_s32_session0_lamp,47,198,53.6,-1.233774185180664,-1.4274214626983945
COHFACE_s32_session0_lamp,47,199,53.63333333333333,-1.3296608924865723,-1.4653573973421992
COHFACE_s32_session0_lamp,47,200,53.666666666666664,-1.4300570487976074,-1.4547606479381774
COHFACE_s32_session0_lamp,47,201,53.7,-1.4477239847183228,-1.384351042270919
COHFACE_s32_session0_lamp,47,202,53.733333333333334,-1.1640483140945435,-1.2441367659627085
COHFACE_s32_session0_lamp,47,203,53.766666666666666,-0.5506606698036194,-1.0309728311633028
COHFACE_s32_session0_lamp,47,204,53.8,0.06664948165416718,-0.7522263953410018
COHFACE_s32_session0_lamp,47,205,53.833333333333336,0.5055137276649475,-0.42565044923494605
COHFACE_s32_session0_lamp,47,206,53.86666666666667,0.8133271336555481,-0.07556850906507737
COHFACE_s32_session0_lamp,47,207,53.9,1.0103358030319214,0.2726778998136064
COHFACE_s32_session0_lamp,47,208,53.93333333333333,1.0319716930389404,0.5975413946639098
COHFACE_s32_session0_lamp,47,209,53.96666666666667,0.9247187972068787,0.8836543088556228
COHFACE_s32_session0_lamp,47,210,54.0,0.8302065134048462,1.1214960164385237
COHFACE_s32_session0_lamp,47,211,54.03333333333333,0.7887570261955261,1.3053238803173133
COHFACE_s32_session0_lamp,47,212,54.06666666666667,0.7561565041542053,1.4309687896418126
COHFACE_s32_session0_lamp,47,213,54.1,0.6842685341835022,1.4948285442501892
COHFACE_s32_session0_lamp,47,214,54.13333333333333,0.5570630431175232,1.4944409928080031
COHFACE_s32_session0_lamp,47,215,54.166666666666664,0.39880135655403137,1.4300244681699918
COHFACE_s32_session0_lamp,47,216,54.2,0.23385277390480042,1.305931466046647
COHFACE_s32_session0_lamp,47,217,54.233333333333334,0.07342904061079025,1.1311712311783182
COHFACE_s32_session0_lamp,47,218,54.266666666666666,-0.08458556234836578,0.9187409230689886
COHFACE_s32_session0_lamp,47,219,54.3,-0.2279600203037262,0.6840596388759235
COHFACE_s32_session0_lamp,47,220,54.333333333333336,-0.34278005361557007,0.4430215807986443
COHFACE_s32_session0_lamp,47,221,54.36666666666667,-0.44791722297668457,0.2100472749094103
COHFACE_s32_session0_lamp,47,222,54.4,-0.5731613636016846,-0.003746622308345054
COHFACE_s32_session0_lamp,47,223,54.43333333333333,-0.7082892060279846,-0.19212618636700304
COHFACE_s32_session0_lamp,47,224,54.46666666666667,-0.8246381282806396,-0.3545455894398549
COHFACE_s32_session0_lamp,47,225,54.5,-0.9217448234558105,-0.4953823868970231
COHFACE_s32_session0_lamp,47,226,54.53333333333333,-1.01943838596344,-0.6211776270944233
COHFACE_s32_session0_lamp,47,227,54.56666666666667,-1.122969388961792,-0.7364475847223796
COHFACE_s32_session0_lamp,47,228,54.6,-1.2368320226669312,-0.8397259908716428
COHFACE_s32_session0_lamp,47,229,54.63333333333333,-1.2961337566375732,-0.9219313049789054
COHFACE_s32_session0_lamp,47,230,54.666666666666664,-1.0994185209274292,-0.9684410076999673
COHFACE_s32_session0_lamp,47,231,54.7,-0.5773773789405823,-0.964603321441556
COHFACE_s32_session0_lamp,47,232,54.733333333333334,0.005772473756223917,-0.9025979631897049
COHFACE_s32_session0_lamp,47,233,54.766666666666666,0.4657784104347229,-0.7865719640629873
COHFACE_s32_session0_lamp,47,234,54.8,0.8011115789413452,-0.6334700396770203
COHFACE_s32_session0_lamp,47,235,54.833333333333336,0.991278886795044,-0.46875123590617995
COHFACE_s32_session0_lamp,47,236,54.86666666666667,1.0181808471679688,-0.3184146446161658
COHFACE_s32_session0_lamp,47,237,54.9,0.9020172953605652,-0.20041824865524654
COHFACE_s32_session0_lamp,47,238,54.93333333333333,0.7771437764167786,-0.11892321902757533
COHFACE_s32_session0_lamp,47,239,54.96666666666667,0.7449601888656616,-0.06378209321509923
COHFACE_s32_session0_lamp,48,0,48.0,0.12483938038349152,0.2160298985185801
COHFACE_s32_session0_lamp,48,1,48.03333333333333,0.40209075808525085,0.23862716649366722
COHFACE_s32_session0_lamp,48,2,48.06666666666667,0.5894010663032532,0.2556509683392817
COHFACE_s32_session0_lamp,48,3,48.1,0.6469732522964478,0.2654604744059481
COHFACE_s32_session0_lamp,48,4,48.13333333333333,0.5525999665260315,0.26650479437630176
COHFACE_s32_session0_lamp,48,5,48.166666666666664,0.45462843775749207,0.25642043692561656
COHFACE_s32_session0_lamp,48,6,48.2,0.4308459460735321,0.23143120680375506
COHFACE_s32_session0_lamp,48,7,48.233333333333334,0.4129782021045685,0.18682805229950172
COHFACE_s32_session0_lamp,48,8,48.266666666666666,0.34268084168434143,0.11865511154457445
COHFACE_s32_session0_lamp,48,9,48.3,0.21828605234622955,0.025984611291153793
COHFACE_s32_session0_lamp,48,10,48.333333333333336,0.07140598446130753,-0.087321797141907
COHFACE_s32_session0_lamp,48,11,48.36666666666667,-0.07666321098804474,-0.2124402331885306
COHFACE_s32_session0_lamp,48,12,48.4,-0.2271260917186737,-0.33748381580625153
COHFACE_s32_session0_lamp,48,13,48.43333333333333,-0.373264878988266,-0.4510091785647511
COHFACE_s32_session0_lamp,48,14,48.46666666666667,-0.5073117017745972,-0.5457758430447637
COHFACE_s32_session0_lamp,48,15,48.5,-0.614579975605011,-0.6210741527546295
COHFACE_s32_session0_lamp,48,16,48.53333333333333,-0.7148371338844299,-0.6824372783260739
COHFACE_s32_session0_lamp,48,17,48.56666666666667,-0.8234489560127258,-0.7386619234179943
COHFACE_s32_session0_lamp,48,18,48.6,-0.9286942481994629,-0.7972428251405633
COHFACE_s32_session0_lamp,48,19,48.63333333333333,-1.02072012424469,-0.8599951842367238
COHFACE_s32_session0_lamp,48,20,48.666666666666664,-1.1183364391326904,-0.9204878912617969
COHFACE_s32_session0_lamp,48,21,48.7,-1.2178832292556763,-0.9641355773130432
COHFACE_s32_session0_lamp,48,22,48.733333333333334,-1.3056467771530151,-0.9708574596285022
COHFACE_s32_session0_lamp,48,23,48.766666666666666,-1.3995721340179443,-0.919515139411737
COHFACE_s32_session0_lamp,48,24,48.8,-1.4250224828720093,-0.7930717237328263
COHFACE_s32_session0_lamp,48,25,48.833333333333336,-1.1610368490219116,-0.5834411301916468
COHFACE_s32_session0_lamp,48,26,48.86666666666667,-0.6115994453430176,-0.29508091645533424
COHFACE_s32_session0_lamp,48,27,48.9,-0.06761351227760315,0.05359816016757687
COHFACE_s32_session0_lamp,48,28,48.93333333333333,0.3260948657989502,0.4318401940745025
COHFACE_s32_session0_lamp,48,29,48.96666666666667,0.6073460578918457,0.8014343567382015
COHFACE_s32_session0_lamp,48,30,49.0,0.8105164766311646,1.12399021783092
COHFACE_s32_session0_lamp,48,31,49.03333333333333,0.8928749561309814,1.3685801305525163
COHFACE_s32_session0_lamp,48,32,49.06666666666667,0.825851559638977,1.5174046247078927
COHFACE_s32_session0_lamp,48,33,49.1,0.722027063369751,1.5677822221308626
COHFACE_s32_session0_lamp,48,34,49.13333333333333,0.6719911694526672,1.5300871730476227
COHFACE_s32_session0_lamp,48,35,49.166666666666664,0.644116222858429,1.422734877515268
COHFACE_s32_session0_lamp,48,36,49.2,0.5828995108604431,1.2663270777046027
COHFACE_s32_session0_lamp,48,37,49.233333333333334,0.4610064923763275,1.0790678551442643
COHFACE_s32_session0_lamp,48,38,49.266666666666666,0.312242329120636,0.8745193853893766
COHFACE_s32_session0_lamp,48,39,49.3,0.160744771361351,0.6614685136298829
COHFACE_s32_session0_lamp,48,40,49.333333333333336,-0.0007136610220186412,0.44498151594314944
COHFACE_s32_session0_lamp,48,41,49.36666666666667,-0.15273630619049072,0.22782418219192327
COHFACE_s32_session0_lamp,48,42,49.4,-0.2927287220954895,0.011934255706707732
COHFACE_s32_session0_lamp,48,43,49.43333333333333,-0.4241192638874054,-0.2000863549548602
COHFACE_s32_session0_lamp,48,44,49.46666666666667,-0.5425530076026917,-0.40374016183695477
COHFACE_s32_session0_lamp,48,45,49.5,-0.6544234156608582,-0.5922399042460851
COHFACE_s32_session0_lamp,48,46,49.53333333333333,-0.7690735459327698,-0.7573280345262713
COHFACE_s32_session0_lamp,48,47,49.56666666666667,-0.8829824328422546,-0.8911299956990439
COHFACE_s32_session0_lamp,48,48,49.6,-0.9797493815422058,-0.9883720366026316
COHFACE_s32_session0_lamp,48,49,49.63333333333333,-1.066354751586914,-1.0480680107055849
COHFACE_s32_session0_lamp,48,50,49.666666666666664,-1.1638938188552856,-1.0738512740384096
COHFACE_s32_session0_lamp,48,51,49.7,-1.2529546022415161,-1.072492437642694
COHFACE_s32_session0_lamp,48,52,49.733333333333334,-1.2783278226852417,-1.050762868393652
COHFACE_s32_session0_lamp,48,53,49.766666666666666,-1.007964015007019,-1.011595770217467
COHFACE_s32_session0_lamp,48,54,49.8,-0.41406577825546265,-0.9512000783082191
COHFACE_s32_session0_lamp,48,55,49.833333333333336,0.20753759145736694,-0.8588983535429959
COHFACE_s32_session0_lamp,48,56,49.86666666666667,0.7070626616477966,-0.720623539771438
COHFACE_s32_session0_lamp,48,57,49.9,1.0901151895523071,-0.5253589112220776
COHFACE_s32_session0_lamp,48,58,49.93333333333333,1.382825255393982,-0.2720574638080051
COHFACE_s32_session0_lamp,48,59,49.96666666666667,1.551016926765442,0.02611671752959993
COHFACE_s32_session0_lamp,48,60,50.0,1.5397433042526245,0.3423648651453664
COHFACE_s32_session0_lamp,48,61,50.03333333333333,1.424614429473877,0.6416844380003046
COHFACE_s32_session0_lamp,48,62,50.06666666666667,1.3267356157302856,0.8891929250654056
COHFACE_s32_session0_lamp,48,63,50.1,1.257920742034912,1.0583466501475953
COHFACE_s32_session0_lamp,48,64,50.13333333333333,1.170790433883667,1.1363078680334544
COHFACE_s32_session0_lamp,48,65,50.166666666666664,1.0342881679534912,1.125019283598777
COHFACE_s32_session0_lamp,48,66,50.2,0.8556414246559143,1.0382614106554469
COHFACE_s32_session0_lamp,48,67,50.233333333333334,0.6620612144470215,0.8962817412756371
COHFACE_s32_session0_lamp,48,68,50.266666666666666,0.46613362431526184,0.7200040363769694
COHFACE_s32_session0_lamp,48,69,50.3,0.2761516273021698,0.5265437327486402
COHFACE_s32_session0_lamp,48,70,50.333333333333336,0.10746580362319946,0.32715051254699223
COHFACE_s32_session0_lamp,48,71,50.36666666666667,-0.050626013427972794,0.12782259882542052
COHFACE_s32_session0_lamp,48,72,50.4,-0.20229347050189972,-0.06820618091478356
COHFACE_s32_session0_lamp,48,73,50.43333333333333,-0.3438301980495453,-0.257571202637587
COHFACE_s32_session0_lamp,48,74,50.46666666666667,-0.49054038524627686,-0.4347902392287745
COHFACE_s32_session0_lamp,48,75,50.5,-0.6289421319961548,-0.5917463613132381
COHFACE_s32_session0_lamp,48,76,50.53333333333333,-0.7607033252716064,-0.7184097935782958
COHFACE_s32_session0_lamp,48,77,50.56666666666667,-0.8955994844436646,-0.8042694242241434
COHFACE_s32_session0_lamp,48,78,50.6,-1.0081030130386353,-0.8402099698596818
COHFACE_s32_session0_lamp,48,79,50.63333333333333,-1.1093021631240845,-0.8207821235005961
COHFACE_s32_session0_lamp,48,80,50.666666666666664,-1.2084474563598633,-0.746447431628061
COHFACE_s32_session0_lamp,48,81,50.7,-1.276906967163086,-0.6247460934311849
COHFACE_s32_session0_lamp,48,82,50.733333333333334,-1.1321426630020142,-0.4691813181645624
COHFACE_s32_session0_lamp,48,83,50.766666666666666,-0.6027196049690247,-0.2955226633951803
COHFACE_s32_session0_lamp,48,84,50.8,0.08898031711578369,-0.11695511016922278
COHFACE_s32_session0_lamp,48,85,50.833333333333336,0.6885153651237488,0.05938276148961503
COHFACE_s32_session0_lamp,48,86,50.86666666666667,1.1667442321777344,0.2325732003384905
COHFACE_s32_session0_lamp,48,87,50.9,1.5519280433654785,0.4048278399296518
COHFACE_s32_session0_lamp,48,88,50.93333333333333,1.8187706470489502,0.5769785622841179
COHFACE_s32_session0_lamp,48,89,50.96666666666667,1.8948591947555542,0.744970134177997
COHFACE_s32_session0_lamp,48,90,51.0,1.7908494472503662,0.8988177817404356
COHFACE_s32_session0_lamp,48,91,51.03333333333333,1.6431509256362915,1.0239771800298891
COHFACE_s32_session0_lamp,48,92,51.06666666666667,1.5399441719055176,1.1041577904554518
COHFACE_s32_session0_lamp,48,93,51.1,1.4393936395645142,1.1245556419154894
COHFACE_s32_session0_lamp,48,94,51.13333333333333,1.3024588823318481,1.0748732673112762
COHFACE_s32_session0_lamp,48,95,51.166666666666664,1.107874870300293,0.9517237188008755
COHFACE_s32_session0_lamp,48,96,51.2,0.8900179862976074,0.7598495875118675
COHFACE_s32_session0_lamp,48,97,51.233333333333334,0.6736281514167786,0.5115535388446154
COHFACE_s32_session0_lamp,48,98,51.266666666666666,0.45974013209342957,0.2243203854853064
COHFACE_s32_session0_lamp,48,99,51.3,0.2590097188949585,-0.08253719462086523
COHFACE_s32_session0_lamp,48,100,51.333333333333336,0.07974530011415482,-0.3909181559125598
COHFACE_s32_session0_lamp,48,101,51.36666666666667,-0.1000596284866333,-0.6856133399302566
COHFACE_s32_session0_lamp,48,102,51.4,-0.27257537841796875,-0.9543747502616917
COHFACE_s32_session0_lamp,48,103,51.43333333333333,-0.4338330328464508,-1.1868769037511506
COHFACE_s32_session0_lamp,48,104,51.46666666666667,-0.5865506529808044,-1.373329534175175
COHFACE_s32_session0_lamp,48,105,51.5,-0.7285506725311279,-1.503405848031403
COHFACE_s32_session0_lamp,48,106,51.53333333333333,-0.8605280518531799,-1.5660341117852505
COHFACE_s32_session0_lamp,48,107,51.56666666666667,-0.9891851544380188,-1.5504926241706003
COHFACE_s32_session0_lamp,48,108,51.6,-1.1046538352966309,-1.4489650184161853
COHFACE_s32_session0_lamp,48,109,51.63333333333333,-1.211258053779602,-1.2600569337914873
COHFACE_s32_session0_lamp,48,110,51.666666666666664,-1.3092913627624512,-0.9918977185182728
COHFACE_s32_session0_lamp,48,111,51.7,-1.3655353784561157,-0.663067979224285
COHFACE_s32_session0_lamp,48,112,51.733333333333334,-1.2238596677780151,-0.3002770099243806
COHFACE_s32_session0_lamp,48,113,51.766666666666666,-0.7045519351959229,0.06679961905185303
COHFACE_s32_session0_lamp,48,114,51.8,-0.015400123782455921,0.4116372714846946
COHFACE_s32_session0_lamp,48,115,51.833333333333336,0.5795637369155884,0.7154639124755661
COHFACE_s32_session0_lamp,48,116,51.86666666666667,1.0197252035140991,0.9686130970204773
COHFACE_s32_session0_lamp,48,117,51.9,1.3498386144638062,1.1685694767547408
COHFACE_s32_session0_lamp,48,118,51.93333333333333,1.5732395648956299,1.3163095135226803
COHFACE_s32_session0_lamp,48,119,51.96666666666667,1.6172527074813843,1.4131221966400123
COHFACE_s32_session0_lamp,48,120,52.0,1.4795149564743042,1.4592311053894482
COHFACE_s32_session0_lamp,48,121,52.03333333333333,1.3231682777404785,1.454128364215405
COHFACE_s32_session0_lamp,48,122,52.06666666666667,1.2354201078414917,1.3977038967639421
COHFACE_s32_session0_lamp,48,123,52.1,1.1417263746261597,1.291281380583211
COHFACE_s32_session0_lamp,48,124,52.13333333333333,1.0070000886917114,1.1381851360720188
COHFACE_s32_session0_lamp,48,125,52.166666666666664,0.8275039792060852,0.9439137755037807
COHFACE_s32_session0_lamp,48,126,52.2,0.6207507252693176,0.7160576085706468
COHFACE_s32_session0_lamp,48,127,52.233333333333334,0.4146769344806671,0.4639375817893739
COHFACE_s32_session0_lamp,48,128,52.266666666666666,0.21206244826316833,0.19789949349062705
COHFACE_s32_session0_lamp,48,129,52.3,0.008274268358945847,-0.07162866807065807
COHFACE_s32_session0_lamp,48,130,52.333333333333336,-0.16757720708847046,-0.3349709413244882
COHFACE_s32_session0_lamp,48,131,52.36666666666667,-0.32744497060775757,-0.5836067158156512
COHFACE_s32_session0_lamp,48,132,52.4,-0.48198485374450684,-0.8101936884913142
COHFACE_s32_session0_lamp,48,133,52.43333333333333,-0.6276448965072632,-1.0085324274040246
COHFACE_s32_session0_lamp,48,134,52.46666666666667,-0.7685330510139465,-1.1736057987794077
COHFACE_s32_session0_lamp,48,135,52.5,-0.9036762714385986,-1.3015075473067261
COHFACE_s32_session0_lamp,48,136,52.53333333333333,-1.024349331855774,-1.389069086779308
COHFACE_s32_session0_lamp,48,137,52.56666666666667,-1.1375632286071777,-1.4332391588517677
COHFACE_s32_session0_lamp,48,138,52.6,-1.2413722276687622,-1.4304960000308624
COHFACE_s32_session0_lamp,48,139,52.63333333333333,-1.3260780572891235,-1.3766783224987802
COHFACE_s32_session0_lamp,48,140,52.666666666666664,-1.4092859029769897,-1.2675820744046604
COHFACE_s32_session0_lamp,48,141,52.7,-1.4783941507339478,-1.100399575221043
COHFACE_s32_session0_lamp,48,142,52.733333333333334,-1.3597441911697388,-0.875620608253384
COHFACE_s32_session0_lamp,48,143,52.766666666666666,-0.8398032784461975,-0.5986885608085897
COHFACE_s32_session0_lamp,48,144,52.8,-0.14771726727485657,-0.2807746223967961
COHFACE_s32_session0_lamp,48,145,52.833333333333336,0.41540277004241943,0.06159843053423008
COHFACE_s32_session0_lamp,48,146,52.86666666666667,0.8284923434257507,0.40795736511593333
COHFACE_s32_session0_lamp,48,147,52.9,1.129032015800476,0.7359607236746663
COHFACE_s32_session0_lamp,48,148,52.93333333333333,1.2905367612838745,1.0238168331808133
COHFACE_s32_session0_lamp,48,149,52.96666666666667,1.2772711515426636,1.2527668699900978
COHFACE_s32_session0_lamp,48,150,53.0,1.1607677936553955,1.409352251045317
COHFACE_s32_session0_lamp,48,151,53.03333333333333,1.0591052770614624,1.4870727321335724
COHFACE_s32_session0_lamp,48,152,53.06666666666667,0.9885917901992798,1.4869562866691852
COHFACE_s32_session0_lamp,48,153,53.1,0.9119318127632141,1.4167194031288828
COHFACE_s32_session0_lamp,48,154,53.13333333333333,0.7924171090126038,1.288662291414005
COHFACE_s32_session0_lamp,48,155,53.166666666666664,0.6183261275291443,1.1169503714743052
COHFACE_s32_session0_lamp,48,156,53.2,0.4239891767501831,0.9151444493373827
COHFACE_s32_session0_lamp,48,157,53.233333333333334,0.2301618456840515,0.6946472507460454
COHFACE_s32_session0_lamp,48,158,53.266666666666666,0.028026092797517776,0.46426995110732583
COHFACE_s32_session0_lamp,48,159,53.3,-0.15702950954437256,0.2307069260162202
COHFACE_s32_session0_lamp,48,160,53.333333333333336,-0.3038632571697235,-0.0004608188107257487
COHFACE_s32_session0_lamp,48,161,53.36666666666667,-0.44027283787727356,-0.22369394993578348
COHFACE_s32_session0_lamp,48,162,53.4,-0.5817787051200867,-0.43293163815211944
COHFACE_s32_session0_lamp,48,163,53.43333333333333,-0.7102504968643188,-0.6219824150238066
COHFACE_s32_session0_lamp,48,164,53.46666666666667,-0.8311396837234497,-0.7857417850324393
COHFACE_s32_session0_lamp,48,165,53.5,-0.9553337097167969,-0.9214665939349026
COHFACE_s32_session0_lamp,48,166,53.53333333333333,-1.0638837814331055,-1.0291342096511638
COHFACE_s32_session0_lamp,48,167,53.56666666666667,-1.1489293575286865,-1.110310342713359
COHFACE_s32_session0_lamp,48,168,53.6,-1.233774185180664,-1.1657572774912466
COHFACE_s32_session0_lamp,48,169,53.63333333333333,-1.3296608924865723,-1.1928335171228266
COHFACE_s32_session0_lamp,48,170,53.666666666666664,-1.4300570487976074,-1.1841254581248548
COHFACE_s32_session0_lamp,48,171,53.7,-1.4477239847183228,-1.1284274576988171
COHFACE_s32_session0_lamp,48,172,53.733333333333334,-1.1640483140945435,-1.0141913153466695
COHFACE_s32_session0_lamp,48,173,53.766666666666666,-0.5506606698036194,-0.8343467016959728
COHFACE_s32_session0_lamp,48,174,53.8,0.06664948165416718,-0.5905740579334589
COHFACE_s32_session0_lamp,48,175,53.833333333333336,0.5055137276649475,-0.29519328787339705
COHFACE_s32_session0_lamp,48,176,53.86666666666667,0.8133271336555481,0.03014663565261018
COHFACE_s32_session0_lamp,48,177,53.9,1.0103358030319214,0.3584552699043047
COHFACE_s32_session0_lamp,48,178,53.93333333333333,1.0319716930389404,0.6626183360541077
COHFACE_s32_session0_lamp,48,179,53.96666666666667,0.9247187972068787,0.9201329726094122
COHFACE_s32_session0_lamp,48,180,54.0,0.8302065134048462,1.115983750927248
COHFACE_s32_session0_lamp,48,181,54.03333333333333,0.7887570261955261,1.2431099194186488
COHFACE_s32_session0_lamp,48,182,54.06666666666667,0.7561565041542053,1.3009338424204542
COHFACE_s32_session0_lamp,48,183,54.1,0.6842685341835022,1.2930445940393496
COHFACE_s32_session0_lamp,48,184,54.13333333333333,0.5570630431175232,1.2250336797920256
COHFACE_s32_session0_lamp,48,185,54.166666666666664,0.39880135655403137,1.1030523396022542
COHFACE_s32_session0_lamp,48,186,54.2,0.23385277390480042,0.933362290711707
COHFACE_s32_session0_lamp,48,187,54.233333333333334,0.07342904061079025,0.7228702479443336
COHFACE_s32_session0_lamp,48,188,54.266666666666666,-0.08458556234836578,0.4801978763998179
COHFACE_s32_session0_lamp,48,189,54.3,-0.2279600203037262,0.2165566670589114
COHFACE_s32_session0_lamp,48,190,54.333333333333336,-0.34278005361557007,-0.054133918876326736
COHFACE_s32_session0_lamp,48,191,54.36666666666667,-0.44791722297668457,-0.31606540432377145
COHFACE_s32_session0_lamp,48,192,54.4,-0.5731613636016846,-0.5532206872993006
COHFACE_s32_session0_lamp,48,193,54.43333333333333,-0.7082892060279846,-0.7516839749480501
COHFACE_s32_session0_lamp,48,194,54.46666666666667,-0.8246381282806396,-0.9021167250880082
COHFACE_s32_session0_lamp,48,195,54.5,-0.9217448234558105,-1.0015859596472274
COHFACE_s32_session0_lamp,48,196,54.53333333333333,-1.01943838596344,-1.0536880038106715
COHFACE_s32_session0_lamp,48,197,54.56666666666667,-1.122969388961792,-1.0662714084710634
COHFACE_s32_session0_lamp,48,198,54.6,-1.2368320226669312,-1.0472179640090447
COHFACE_s32_session0_lamp,48,199,54.63333333333333,-1.2961337566375732,-1.0000907793417615
COHFACE_s32_session0_lamp,48,200,54.666666666666664,-1.0994185209274292,-0.922054492829241
COHFACE_s32_session0_lamp,48,201,54.7,-0.5773773789405823,-0.8056247552592668
COHFACE_s32_session0_lamp,48,202,54.733333333333334,0.005772473756223917,-0.6437011557252281
COHFACE_s32_session0_lamp,48,203,54.766666666666666,0.4657784104347229,-0.43536188342934695
COHFACE_s32_session0_lamp,48,204,54.8,0.8011115789413452,-0.18943372875678866
COHFACE_s32_session0_lamp,48,205,54.833333333333336,0.991278886795044,0.07592450425991236
COHFACE_s32_session0_lamp,48,206,54.86666666666667,1.0181808471679688,0.33730198306728937
COHFACE_s32_session0_lamp,48,207,54.9,0.9020172953605652,0.5718000809679367
COHFACE_s32_session0_lamp,48,208,54.93333333333333,0.7771437764167786,0.7621330324133085
COHFACE_s32_session0_lamp,48,209,54.96666666666667,0.7449601888656616,0.8993523557531532
COHFACE_s32_session0_lamp,48,210,55.0,0.7329145073890686,0.9824911485559205
COHFACE_s32_session0_lamp,48,211,55.03333333333333,0.671296238899231,1.0156933605580094
COHFACE_s32_session0_lamp,48,212,55.06666666666667,0.555009126663208,1.0046568750443519
COHFACE_s32_session0_lamp,48,213,55.1,0.3915584981441498,0.9544410165818162
COHFACE_s32_session0_lamp,48,214,55.13333333333333,0.2226564735174179,0.8693877340096602
COHFACE_s32_session0_lamp,48,215,55.166666666666664,0.05071212351322174,0.7543031932175409
COHFACE_s32_session0_lamp,48,216,55.2,-0.10296294093132019,0.6155391821659646
COHFACE_s32_session0_lamp,48,217,55.233333333333334,-0.24338775873184204,0.46118560660278807
COHFACE_s32_session0_lamp,48,218,55.266666666666666,-0.37408336997032166,0.30042179686764003
COHFACE_s32_session0_lamp,48,219,55.3,-0.4923626780509949,0.14248203081943966
COHFACE_s32_session0_lamp,48,220,55.333333333333336,-0.6009899973869324,-0.0044979554981224145
COHFACE_s32_session0_lamp,48,221,55.36666666666667,-0.7051388025283813,-0.13474316693148863
COHFACE_s32_session0_lamp,48,222,55.4,-0.8054576516151428,-0.24601424923682025
COHFACE_s32_session0_lamp,48,223,55.43333333333333,-0.9120619297027588,-0.34007596913673627
COHFACE_s32_session0_lamp,48,224,55.46666666666667,-1.0269283056259155,-0.4217163199835603
COHFACE_s32_session0_lamp,48,225,55.5,-1.1318492889404297,-0.4960820330335006
COHFACE_s32_session0_lamp,48,226,55.53333333333333,-1.1463967561721802,-0.565113172676534
COHFACE_s32_session0_lamp,48,227,55.56666666666667,-0.8484514951705933,-0.6247225121132707
COHFACE_s32_session0_lamp,48,228,55.6,-0.24060799181461334,-0.6644066107444382
COHFACE_s32_session0_lamp,48,229,55.63333333333333,0.3582630157470703,-0.6700758259697375
COHFACE_s32_session0_lamp,48,230,55.666666666666664,0.803026556968689,-0.6294335963804403
COHFACE_s32_session0_lamp,48,231,55.7,1.129124641418457,-0.537899843129582
COHFACE_s32_session0_lamp,48,232,55.733333333333334,1.3310288190841675,-0.4025442041132407
COHFACE_s32_session0_lamp,48,233,55.766666666666666,1.3405263423919678,-0.2421552107213418
COHFACE_s32_session0_lamp,48,234,55.8,1.211313247680664,-0.08319695157865532
COHFACE_s32_session0_lamp,48,235,55.833333333333336,1.107874870300293,0.046955337379962894
COHFACE_s32_session0_lamp,48,236,55.86666666666667,1.0671820640563965,0.12731775052850688
COHFACE_s32_session0_lamp,48,237,55.9,1.0263657569885254,0.149022000090703
COHFACE_s32_session0_lamp,48,238,55.93333333333333,0.9303246736526489,0.11787422392049726
COHFACE_s32_session0_lamp,48,239,55.96666666666667,0.7785181999206543,0.052912535431582274
COHFACE_s32_session0_lamp,49,0,49.0,0.8105164766311646,0.024628234342251157
COHFACE_s32_session0_lamp,49,1,49.03333333333333,0.8928749561309814,-0.030682709929249593
COHFACE_s32_session0_lamp,49,2,49.06666666666667,0.825851559638977,-0.06734036252516785
COHFACE_s32_session0_lamp,49,3,49.1,0.722027063369751,-0.07147167463791415
COHFACE_s32_session0_lamp,49,4,49.13333333333333,0.6719911694526672,-0.03774467865861422
COHFACE_s32_session0_lamp,49,5,49.166666666666664,0.644116222858429,0.02943664768712671
COHFACE_s32_session0_lamp,49,6,49.2,0.5828995108604431,0.11767045719154992
COHFACE_s32_session0_lamp,49,7,49.233333333333334,0.4610064923763275,0.21025273650054097
COHFACE_s32_session0_lamp,49,8,49.266666666666666,0.312242329120636,0.29021177917547425
COHFACE_s32_session0_lamp,49,9,49.3,0.160744771361351,0.3434660040746691
COHFACE_s32_session0_lamp,49,10,49.333333333333336,-0.0007136610220186412,0.3607748109237263
COHFACE_s32_session0_lamp,49,11,49.36666666666667,-0.15273630619049072,0.3387504169901148
COHFACE_s32_session0_lamp,49,12,49.4,-0.2927287220954895,0.28012080730208944
COHFACE_s32_session0_lamp,49,13,49.43333333333333,-0.4241192638874054,0.19307881855611378
COHFACE_s32_session0_lamp,49,14,49.46666666666667,-0.5425530076026917,0.08951849225222572
COHFACE_s32_session0_lamp,49,15,49.5,-0.6544234156608582,-0.017619694985633524
COHFACE_s32_session0_lamp,49,16,49.53333333333333,-0.7690735459327698,-0.11710786587851399
COHFACE_s32_session0_lamp,49,17,49.56666666666667,-0.8829824328422546,-0.2013395870768135
COHFACE_s32_session0_lamp,49,18,49.6,-0.9797493815422058,-0.2669170729544305
COHFACE_s32_session0_lamp,49,19,49.63333333333333,-1.066354751586914,-0.3141283562491613
COHFACE_s32_session0_lamp,49,20,49.666666666666664,-1.1638938188552856,-0.3458305455525614
COHFACE_s32_session0_lamp,49,21,49.7,-1.2529546022415161,-0.36609468773861653
COHFACE_s32_session0_lamp,49,22,49.733333333333334,-1.2783278226852417,-0.37865825931836716
COHFACE_s32_session0_lamp,49,23,49.766666666666666,-1.007964015007019,-0.38523939793756645
COHFACE_s32_session0_lamp,49,24,49.8,-0.41406577825546265,-0.3842214064038016
COHFACE_s32_session0_lamp,49,25,49.833333333333336,0.20753759145736694,-0.37056675446291915
COHFACE_s32_session0_lamp,49,26,49.86666666666667,0.7070626616477966,-0.3374911670498646
COHFACE_s32_session0_lamp,49,27,49.9,1.0901151895523071,-0.2794993741780574
COHFACE_s32_session0_lamp,49,28,49.93333333333333,1.382825255393982,-0.19542588213823178
COHFACE_s32_session0_lamp,49,29,49.96666666666667,1.551016926765442,-0.089841019774113
COHFACE_s32_session0_lamp,49,30,50.0,1.5397433042526245,0.028074156939704244
COHFACE_s32_session0_lamp,49,31,50.03333333333333,1.424614429473877,0.1476874367354108
COHFACE_s32_session0_lamp,49,32,50.06666666666667,1.3267356157302856,0.2604049611589689
COHFACE_s32_session0_lamp,49,33,50.1,1.257920742034912,0.3616151517101171
COHFACE_s32_session0_lamp,49,34,50.13333333333333,1.170790433883667,0.45026766319481115
COHFACE_s32_session0_lamp,49,35,50.166666666666664,1.0342881679534912,0.5266376526099101
COHFACE_s32_session0_lamp,49,36,50.2,0.8556414246559143,0.5895161094412843
COHFACE_s32_session0_lamp,49,37,50.233333333333334,0.6620612144470215,0.6340365796232701
COHFACE_s32_session0_lamp,49,38,50.266666666666666,0.46613362431526184,0.6510194529089449
COHFACE_s32_session0_lamp,49,39,50.3,0.2761516273021698,0.6283197298978778
COHFACE_s32_session0_lamp,49,40,50.333333333333336,0.10746580362319946,0.5541835408235863
COHFACE_s32_session0_lamp,49,41,50.36666666666667,-0.050626013427972794,0.4218633176043712
COHFACE_s32_session0_lamp,49,42,50.4,-0.20229347050189972,0.23381739418752878
COHFACE_s32_session0_lamp,49,43,50.43333333333333,-0.3438301980495453,0.0034648683712953216
COHFACE_s32_session0_lamp,49,44,50.46666666666667,-0.49054038524627686,-0.24670223402058786
COHFACE_s32_session0_lamp,49,45,50.5,-0.6289421319961548,-0.49008981477039115
COHFACE_s32_session0_lamp,49,46,50.53333333333333,-0.7607033252716064,-0.7018183747421559
COHFACE_s32_session0_lamp,49,47,50.56666666666667,-0.8955994844436646,-0.8628794086946366
COHFACE_s32_session0_lamp,49,48,50.6,-1.0081030130386353,-0.9616353739751794
COHFACE_s32_session0_lamp,49,49,50.63333333333333,-1.1093021631240845,-0.9934395000940027
COHFACE_s32_session0_lamp,49,50,50.666666666666664,-1.2084474563598633,-0.9596015169962653
COHFACE_s32_session0_lamp,49,51,50.7,-1.276906967163086,-0.8662206128053688
COHFACE_s32_session0_lamp,49,52,50.733333333333334,-1.1321426630020142,-0.7226548666614796
COHFACE_s32_session0_lamp,49,53,50.766666666666666,-0.6027196049690247,-0.5394558723849351
COHFACE_s32_session0_lamp,49,54,50.8,0.08898031711578369,-0.32645511718299874
COHFACE_s32_session0_lamp,49,55,50.833333333333336,0.6885153651237488,-0.09221404756243162
COHFACE_s32_session0_lamp,49,56,50.86666666666667,1.1667442321777344,0.15467311754567156
COHFACE_s32_session0_lamp,49,57,50.9,1.5519280433654785,0.4033500379115034
COHFACE_s32_session0_lamp,49,58,50.93333333333333,1.8187706470489502,0.6393682634550009
COHFACE_s32_session0_lamp,49,59,50.96666666666667,1.8948591947555542,0.8456978631005475
COHFACE_s32_session0_lamp,49,60,51.0,1.7908494472503662,1.0059896374711763
COHFACE_s32_session0_lamp,49,61,51.03333333333333,1.6431509256362915,1.1084975714729528
COHFACE_s32_session0_lamp,49,62,51.06666666666667,1.5399441719055176,1.1487042039425202
COHFACE_s32_session0_lamp,49,63,51.1,1.4393936395645142,1.1294358584007986
COHFACE_s32_session0_lamp,49,64,51.13333333333333,1.3024588823318481,1.058470633923245
COHFACE_s32_session0_lamp,49,65,51.166666666666664,1.107874870300293,0.9448017389301483
COHFACE_s32_session0_lamp,49,66,51.2,0.8900179862976074,0.7953750217656327
COHFACE_s32_session0_lamp,49,67,51.233333333333334,0.6736281514167786,0.6138393088330545
COHFACE_s32_session0_lamp,49,68,51.266666666666666,0.45974013209342957,0.4016679439962791
COHFACE_s32_session0_lamp,49,69,51.3,0.2590097188949585,0.1607476300559169
COHFACE_s32_session0_lamp,49,70,51.333333333333336,0.07974530011415482,-0.10398036751101312
COHFACE_s32_session0_lamp,49,71,51.36666666666667,-0.1000596284866333,-0.3829165257817718
COHFACE_s32_session0_lamp,49,72,51.4,-0.27257537841796875,-0.6616104466756437
COHFACE_s32_session0_lamp,49,73,51.43333333333333,-0.4338330328464508,-0.9218131469660314
COHFACE_s32_session0_lamp,49,74,51.46666666666667,-0.5865506529808044,-1.143506219642009
COHFACE_s32_session0_lamp,49,75,51.5,-0.7285506725311279,-1.3076474451450766
COHFACE_s32_session0_lamp,49,76,51.53333333333333,-0.8605280518531799,-1.3991445971831877
COHFACE_s32_session0_lamp,49,77,51.56666666666667,-0.9891851544380188,-1.4093136339964538
COHFACE_s32_session0_lamp,49,78,51.6,-1.1046538352966309,-1.3371441767400556
COHFACE_s32_session0_lamp,49,79,51.63333333333333,-1.211258053779602,-1.1890906014151028
COHFACE_s32_session0_lamp,49,80,51.666666666666664,-1.3092913627624512,-0.9776031661021093
COHFACE_s32_session0_lamp,49,81,51.7,-1.3655353784561157,-0.7189437076131504
COHFACE_s32_session0_lamp,49,82,51.733333333333334,-1.2238596677780151,-0.4308669033249318
COHFACE_s32_session0_lamp,49,83,51.766666666666666,-0.7045519351959229,-0.13062413395729616
COHFACE_s32_session0_lamp,49,84,51.8,-0.015400123782455921,0.1663708065127631
COHFACE_s32_session0_lamp,49,85,51.833333333333336,0.5795637369155884,0.447012216962394
COHFACE_s32_session0_lamp,49,86,51.86666666666667,1.0197252035140991,0.700163002685722
COHFACE_s32_session0_lamp,49,87,51.9,1.3498386144638062,0.9159432638008136
COHFACE_s32_session0_lamp,49,88,51.93333333333333,1.5732395648956299,1.0853900895892385
COHFACE_s32_session0_lamp,49,89,51.96666666666667,1.6172527074813843,1.2010049902365327
COHFACE_s32_session0_lamp,49,90,52.0,1.4795149564743042,1.257891373574043
COHFACE_s32_session0_lamp,49,91,52.03333333333333,1.3231682777404785,1.2546139148338569
COHFACE_s32_session0_lamp,49,92,52.06666666666667,1.2354201078414917,1.1932404939178054
COHFACE_s32_session0_lamp,49,93,52.1,1.1417263746261597,1.0787416728383628
COHFACE_s32_session0_lamp,49,94,52.13333333333333,1.0070000886917114,0.9182412692153264
COHFACE_s32_session0_lamp,49,95,52.166666666666664,0.8275039792060852,0.7204880668880437
COHFACE_s32_session0_lamp,49,96,52.2,0.6207507252693176,0.4956482851421402
COHFACE_s32_session0_lamp,49,97,52.233333333333334,0.4146769344806671,0.25521140036339873
COHFACE_s32_session0_lamp,49,98,52.266666666666666,0.21206244826316833,0.011559951599605461
COHFACE_s32_session0_lamp,49,99,52.3,0.008274268358945847,-0.22314463482964297
COHFACE_s32_session0_lamp,49,100,52.333333333333336,-0.16757720708847046,-0.4385836327738178
COHFACE_s32_session0_lamp,49,101,52.36666666666667,-0.32744497060775757,-0.627711646652721
COHFACE_s32_session0_lamp,49,102,52.4,-0.48198485374450684,-0.7872393428298838
COHFACE_s32_session0_lamp,49,103,52.43333333333333,-0.6276448965072632,-0.9168204256399423
COHFACE_s32_session0_lamp,49,104,52.46666666666667,-0.7685330510139465,-1.0171916514450794
COHFACE_s32_session0_lamp,49,105,52.5,-0.9036762714385986,-1.0880049819320043
COHFACE_s32_session0_lamp,49,106,52.53333333333333,-1.024349331855774,-1.1262591743257648
COHFACE_s32_session0_lamp,49,107,52.56666666666667,-1.1375632286071777,-1.1260094013083133
COHFACE_s32_session0_lamp,49,108,52.6,-1.2413722276687622,-1.079515233484001
COHFACE_s32_session0_lamp,49,109,52.63333333333333,-1.3260780572891235,-0.9794588820751318
COHFACE_s32_session0_lamp,49,110,52.666666666666664,-1.4092859029769897,-0.8215648653317124
COHFACE_s32_session0_lamp,49,111,52.7,-1.4783941507339478,-0.6068857925549174
COHFACE_s32_session0_lamp,49,112,52.733333333333334,-1.3597441911697388,-0.34311072385375313
COHFACE_s32_session0_lamp,49,113,52.766666666666666,-0.8398032784461975,-0.044508813659898804
COHFACE_s32_session0_lamp,49,114,52.8,-0.14771726727485657,0.26947265155261846
COHFACE_s32_session0_lamp,49,115,52.833333333333336,0.41540277004241943,0.5765273936168397
COHFACE_s32_session0_lamp,49,116,52.86666666666667,0.8284923434257507,0.854084069494486
COHFACE_s32_session0_lamp,49,117,52.9,1.129032015800476,1.081654600645002
COHFACE_s32_session0_lamp,49,118,52.93333333333333,1.2905367612838745,1.2427902926922991
COHFACE_s32_session0_lamp,49,119,52.96666666666667,1.2772711515426636,1.326729609138894
COHFACE_s32_session0_lamp,49,120,53.0,1.1607677936553955,1.3296506076480759
COHFACE_s32_session0_lamp,49,121,53.03333333333333,1.0591052770614624,1.255136416336605
COHFACE_s32_session0_lamp,49,122,53.06666666666667,0.9885917901992798,1.1134421269614616
COHFACE_s32_session0_lamp,49,123,53.1,0.9119318127632141,0.9195434784614612
COHFACE_s32_session0_lamp,49,124,53.13333333333333,0.7924171090126038,0.6905337331052106
COHFACE_s32_session0_lamp,49,125,53.166666666666664,0.6183261275291443,0.44323635467897765
COHFACE_s32_session0_lamp,49,126,53.2,0.4239891767501831,0.19261973092717172
COHFACE_s32_session0_lamp,49,127,53.233333333333334,0.2301618456840515,-0.04900202409753872
COHFACE_s32_session0_lamp,49,128,53.266666666666666,0.028026092797517776,-0.2724076185855081
COHFACE_s32_session0_lamp,49,129,53.3,-0.15702950954437256,-0.47182801239684913
COHFACE_s32_session0_lamp,49,130,53.333333333333336,-0.3038632571697235,-0.6449389447509015
COHFACE_s32_session0_lamp,49,131,53.36666666666667,-0.44027283787727356,-0.7919557030081389
COHFACE_s32_session0_lamp,49,132,53.4,-0.5817787051200867,-0.9138427747671839
COHFACE_s32_session0_lamp,49,133,53.43333333333333,-0.7102504968643188,-1.0103546611020395
COHFACE_s32_session0_lamp,49,134,53.46666666666667,-0.8311396837234497,-1.0787213217929081
COHFACE_s32_session0_lamp,49,135,53.5,-0.9553337097167969,-1.11338061651731
COHFACE_s32_session0_lamp,49,136,53.53333333333333,-1.0638837814331055,-1.1067406617503344
COHFACE_s32_session0_lamp,49,137,53.56666666666667,-1.1489293575286865,-1.050809502997565
COHFACE_s32_session0_lamp,49,138,53.6,-1.233774185180664,-0.9395701203828183
COHFACE_s32_session0_lamp,49,139,53.63333333333333,-1.3296608924865723,-0.7717632649292488
COHFACE_s32_session0_lamp,49,140,53.666666666666664,-1.4300570487976074,-0.5531403751731196
COHFACE_s32_session0_lamp,49,141,53.7,-1.4477239847183228,-0.29697619774286904
COHFACE_s32_session0_lamp,49,142,53.733333333333334,-1.1640483140945435,-0.022284129995078845
COHFACE_s32_session0_lamp,49,143,53.766666666666666,-0.5506606698036194,0.2496917858635768
COHFACE_s32_session0_lamp,49,144,53.8,0.06664948165416718,0.4993669630835537
COHFACE_s32_session0_lamp,49,145,53.833333333333336,0.5055137276649475,0.711766421027596
COHFACE_s32_session0_lamp,49,146,53.86666666666667,0.8133271336555481,0.8778929343445554
COHFACE_s32_session0_lamp,49,147,53.9,1.0103358030319214,0.9946101207761112
COHFACE_s32_session0_lamp,49,148,53.93333333333333,1.0319716930389404,1.063438691415015
COHFACE_s32_session0_lamp,49,149,53.96666666666667,0.9247187972068787,1.088651813249779
COHFACE_s32_session0_lamp,49,150,54.0,0.8302065134048462,1.0750769896064492
COHFACE_s32_session0_lamp,49,151,54.03333333333333,0.7887570261955261,1.0261554439258023
COHFACE_s32_session0_lamp,49,152,54.06666666666667,0.7561565041542053,0.9429168830203408
COHFACE_s32_session0_lamp,49,153,54.1,0.6842685341835022,0.8243240568928311
COHFACE_s32_session0_lamp,49,154,54.13333333333333,0.5570630431175232,0.6688596166727376
COHFACE_s32_session0_lamp,49,155,54.166666666666664,0.39880135655403137,0.47665158860466134
COHFACE_s32_session0_lamp,49,156,54.2,0.23385277390480042,0.2512787425188714
COHFACE_s32_session0_lamp,49,157,54.233333333333334,0.07342904061079025,0.0006710720478089079
COHFACE_s32_session0_lamp,49,158,54.266666666666666,-0.08458556234836578,-0.26302567349066014
COHFACE_s32_session0_lamp,49,159,54.3,-0.2279600203037262,-0.5243868123950957
COHFACE_s32_session0_lamp,49,160,54.333333333333336,-0.34278005361557007,-0.7660939878854944
COHFACE_s32_session0_lamp,49,161,54.36666666666667,-0.44791722297668457,-0.9705177109104458
COHFACE_s32_session0_lamp,49,162,54.4,-0.5731613636016846,-1.1214193093799083
COHFACE_s32_session0_lamp,49,163,54.43333333333333,-0.7082892060279846,-1.2057742151398263
COHFACE_s32_session0_lamp,49,164,54.46666666666667,-0.8246381282806396,-1.2156101495769056
COHFACE_s32_session0_lamp,49,165,54.5,-0.9217448234558105,-1.1494908598126696
COHFACE_s32_session0_lamp,49,166,54.53333333333333,-1.01943838596344,-1.0130568274898617
COHFACE_s32_session0_lamp,49,167,54.56666666666667,-1.122969388961792,-0.8181854227117624
COHFACE_s32_session0_lamp,49,168,54.6,-1.2368320226669312,-0.5809354810286929
COHFACE_s32_session0_lamp,49,169,54.63333333333333,-1.2961337566375732,-0.3190461637899189
COHFACE_s32_session0_lamp,49,170,54.666666666666664,-1.0994185209274292,-0.04988211104066351
COHFACE_s32_session0_lamp,49,171,54.7,-0.5773773789405823,0.2106508555686916
COHFACE_s32_session0_lamp,49,172,54.733333333333334,0.005772473756223917,0.4482701315157151
COHFACE_s32_session0_lamp,49,173,54.766666666666666,0.4657784104347229,0.6501076292209874
COHFACE_s32_session0_lamp,49,174,54.8,0.8011115789413452,0.8048579844091602
COHFACE_s32_session0_lamp,49,175,54.833333333333336,0.991278886795044,0.9037368285104024
COHFACE_s32_session0_lamp,49,176,54.86666666666667,1.0181808471679688,0.9420652580942825
COHFACE_s32_session0_lamp,49,177,54.9,0.9020172953605652,0.9207255880390182
COHFACE_s32_session0_lamp,49,178,54.93333333333333,0.7771437764167786,0.8466257968867957
COHFACE_s32_session0_lamp,49,179,54.96666666666667,0.7449601888656616,0.7316866647006165
COHFACE_s32_session0_lamp,49,180,55.0,0.7329145073890686,0.5905031218292935
COHFACE_s32_session0_lamp,49,181,55.03333333333333,0.671296238899231,0.43747006626979645
COHFACE_s32_session0_lamp,49,182,55.06666666666667,0.555009126663208,0.2844970657421389
COHFACE_s32_session0_lamp,49,183,55.1,0.3915584981441498,0.1401296364847892
COHFACE_s32_session0_lamp,49,184,55.13333333333333,0.2226564735174179,0.009998537360823304
COHFACE_s32_session0_lamp,49,185,55.166666666666664,0.05071212351322174,-0.10224397271832557
COHFACE_s32_session0_lamp,49,186,55.2,-0.10296294093132019,-0.1943368076192352
COHFACE_s32_session0_lamp,49,187,55.233333333333334,-0.24338775873184204,-0.26541799164388846
COHFACE_s32_session0_lamp,49,188,55.266666666666666,-0.37408336997032166,-0.31628822395358624
COHFACE_s32_session0_lamp,49,189,55.3,-0.4923626780509949,-0.3494377067725671
COHFACE_s32_session0_lamp,49,190,55.333333333333336,-0.6009899973869324,-0.36865388184980524
COHFACE_s32_session0_lamp,49,191,55.36666666666667,-0.7051388025283813,-0.37835402784634525
COHFACE_s32_session0_lamp,49,192,55.4,-0.8054576516151428,-0.3827668424215867
COHFACE_s32_session0_lamp,49,193,55.43333333333333,-0.9120619297027588,-0.38495582433038555
COHFACE_s32_session0_lamp,49,194,55.46666666666667,-1.0269283056259155,-0.3857743699471994
COHFACE_s32_session0_lamp,49,195,55.5,-1.1318492889404297,-0.38307784012988616
COHFACE_s32_session0_lamp,49,196,55.53333333333333,-1.1463967561721802,-0.37163664595709633
COHFACE_s32_session0_lamp,49,197,55.56666666666667,-0.8484514951705933,-0.3441163236390508
COHFACE_s32_session0_lamp,49,198,55.6,-0.24060799181461334,-0.2932243053370445
COHFACE_s32_session0_lamp,49,199,55.63333333333333,0.3582630157470703,-0.21465589600081741
COHFACE_s32_session0_lamp,49,200,55.666666666666664,0.803026556968689,-0.10991532231341497
COHFACE_s32_session0_lamp,49,201,55.7,1.129124641418457,0.012222123020880517
COHFACE_s32_session0_lamp,49,202,55.733333333333334,1.3310288190841675,0.1365854027754286
COHFACE_s32_session0_lamp,49,203,55.766666666666666,1.3405263423919678,0.24494098944957135
COHFACE_s32_session0_lamp,49,204,55.8,1.211313247680664,0.3207804849716773
COHFACE_s32_session0_lamp,49,205,55.833333333333336,1.107874870300293,0.35384123016344454
COHFACE_s32_session0_lamp,49,206,55.86666666666667,1.0671820640563965,0.34278319390221074
COHFACE_s32_session0_lamp,49,207,55.9,1.0263657569885254,0.29520897130330265
COHFACE_s32_session0_lamp,49,208,55.93333333333333,0.9303246736526489,0.2250952161992476
COHFACE_s32_session0_lamp,49,209,55.96666666666667,0.7785181999206543,0.14845240381472727
COHFACE_s32_session0_lamp,49,210,56.0,0.6031917929649353,0.07855252978796526
COHFACE_s32_session0_lamp,49,211,56.03333333333333,0.4241281747817993,0.022264391104201198
COHFACE_s32_session0_lamp,49,212,56.06666666666667,0.2441379278898239,-0.021189910838530723
COHFACE_s32_session0_lamp,49,213,56.1,0.07596171647310257,-0.058464841299950984
COHFACE_s32_session0_lamp,49,214,56.13333333333333,-0.07431584596633911,-0.09783249864859245
COHFACE_s32_session0_lamp,49,215,56.166666666666664,-0.2108180969953537,-0.14410279947962354
COHFACE_s32_session0_lamp,49,216,56.2,-0.3356298506259918,-0.19502422916338713
COHFACE_s32_session0_lamp,49,217,56.233333333333334,-0.4479789733886719,-0.2410827698111542
COHFACE_s32_session0_lamp,49,218,56.266666666666666,-0.5599574446678162,-0.269111768013804
COHFACE_s32_session0_lamp,49,219,56.3,-0.6776807904243469,-0.26807805929978284
COHFACE_s32_session0_lamp,49,220,56.333333333333336,-0.803527295589447,-0.23394718959282074
COHFACE_s32_session0_lamp,49,221,56.36666666666667,-0.931381344795227,-0.17096348750051746
COHFACE_s32_session0_lamp,49,222,56.4,-1.0289514064788818,-0.08912013716284563
COHFACE_s32_session0_lamp,49,223,56.43333333333333,-0.9253430366516113,4.108747237628607e-06
COHFACE_s32_session0_lamp,49,224,56.46666666666667,-0.40920117497444153,0.08648269035604977
COHFACE_s32_session0_lamp,49,225,56.5,0.3015865385532379,0.16316216056444327
COHFACE_s32_session0_lamp,49,226,56.53333333333333,0.9411966800689697,0.22512582813872536
COHFACE_s32_session0_lamp,49,227,56.56666666666667,1.4331237077713013,0.26872654051976347
COHFACE_s32_session0_lamp,49,228,56.6,1.7841780185699463,0.29102720797208576
COHFACE_s32_session0_lamp,49,229,56.63333333333333,1.9992088079452515,0.2897861264106142
COHFACE_s32_session0_lamp,49,230,56.666666666666664,1.9973247051239014,0.2639377458839458
COHFACE_s32_session0_lamp,49,231,56.7,1.8257355690002441,0.2145836652845702
COHFACE_s32_session0_lamp,49,232,56.733333333333334,1.682978868484497,0.14626544158742302
COHFACE_s32_session0_lamp,49,233,56.766666666666666,1.6085273027420044,0.0678185755527204
COHFACE_s32_session0_lamp,49,234,56.8,1.5202386379241943,-0.008134056272152596
COHFACE_s32_session0_lamp,49,235,56.833333333333336,1.3701000213623047,-0.06759316805055357
COHFACE_s32_session0_lamp,49,236,56.86666666666667,1.1746357679367065,-0.09902701985814476
COHFACE_s32_session0_lamp,49,237,56.9,0.9644231796264648,-0.09721461641170401
COHFACE_s32_session0_lamp,49,238,56.93333333333333,0.7464272975921631,-0.06544157903686064
COHFACE_s32_session0_lamp,49,239,56.96666666666667,0.5327709317207336,-0.01501719480759946
COHFACE_s32_session0_lamp,50,0,50.0,1.5397433042526245,0.11231953809130393
COHFACE_s32_session0_lamp,50,1,50.03333333333333,1.424614429473877,-0.04551838148494087
COHFACE_s32_session0_lamp,50,2,50.06666666666667,1.3267356157302856,-0.17952433878363203
COHFACE_s32_session0_lamp,50,3,50.1,1.257920742034912,-0.26746572943568686
COHFACE_s32_session0_lamp,50,4,50.13333333333333,1.170790433883667,-0.2976300872965501
COHFACE_s32_session0_lamp,50,5,50.166666666666664,1.0342881679534912,-0.270824540275407
COHFACE_s32_session0_lamp,50,6,50.2,0.8556414246559143,-0.1991284062483888
COHFACE_s32_session0_lamp,50,7,50.233333333333334,0.6620612144470215,-0.10217327114327598
COHFACE_s32_session0_lamp,50,8,50.266666666666666,0.46613362431526184,-0.0025157951747860736
COHFACE_s32_session0_lamp,50,9,50.3,0.2761516273021698,0.0785426218705753
COHFACE_s32_session0_lamp,50,10,50.333333333333336,0.10746580362319946,0.12416253616092164
COHFACE_s32_session0_lamp,50,11,50.36666666666667,-0.050626013427972794,0.1242201926829591
COHFACE_s32_session0_lamp,50,12,50.4,-0.20229347050189972,0.07643646188901447
COHFACE_s32_session0_lamp,50,13,50.43333333333333,-0.3438301980495453,-0.01400689453712628
COHFACE_s32_session0_lamp,50,14,50.46666666666667,-0.49054038524627686,-0.1362557575403821
COHFACE_s32_session0_lamp,50,15,50.5,-0.6289421319961548,-0.2760743134304195
COHFACE_s32_session0_lamp,50,16,50.53333333333333,-0.7607033252716064,-0.4175108019332884
COHFACE_s32_session0_lamp,50,17,50.56666666666667,-0.8955994844436646,-0.543580616627719
COHFACE_s32_session0_lamp,50,18,50.6,-1.0081030130386353,-0.6369211418416991
COHFACE_s32_session0_lamp,50,19,50.63333333333333,-1.1093021631240845,-0.6818301692351335
COHFACE_s32_session0_lamp,50,20,50.666666666666664,-1.2084474563598633,-0.6678608590214592
COHFACE_s32_session0_lamp,50,21,50.7,-1.276906967163086,-0.5932244590586647
COHFACE_s32_session0_lamp,50,22,50.733333333333334,-1.1321426630020142,-0.46542378329414563
COHFACE_s32_session0_lamp,50,23,50.766666666666666,-0.6027196049690247,-0.29791889713040565
COHFACE_s32_session0_lamp,50,24,50.8,0.08898031711578369,-0.10460521317349723
COHFACE_s32_session0_lamp,50,25,50.833333333333336,0.6885153651237488,0.10424639896388405
COHFACE_s32_session0_lamp,50,26,50.86666666666667,1.1667442321777344,0.32215979378219595
COHFACE_s32_session0_lamp,50,27,50.9,1.5519280433654785,0.543305890485647
COHFACE_s32_session0_lamp,50,28,50.93333333333333,1.8187706470489502,0.7587847745957402
COHFACE_s32_session0_lamp,50,29,50.96666666666667,1.8948591947555542,0.9550437532063336
COHFACE_s32_session0_lamp,50,30,51.0,1.7908494472503662,1.115201026443575
COHFACE_s32_session0_lamp,50,31,51.03333333333333,1.6431509256362915,1.2220888915681725
COHFACE_s32_session0_lamp,50,32,51.06666666666667,1.5399441719055176,1.2614398738823904
COHFACE_s32_session0_lamp,50,33,51.1,1.4393936395645142,1.2244214220492848
COHFACE_s32_session0_lamp,50,34,51.13333333333333,1.3024588823318481,1.1094451983591196
COHFACE_s32_session0_lamp,50,35,51.166666666666664,1.107874870300293,0.9232115212918983
COHFACE_s32_session0_lamp,50,36,51.2,0.8900179862976074,0.6804796523112789
COHFACE_s32_session0_lamp,50,37,51.233333333333334,0.6736281514167786,0.40190499445732764
COHFACE_s32_session0_lamp,50,38,51.266666666666666,0.45974013209342957,0.11002604098761158
COHFACE_s32_session0_lamp,50,39,51.3,0.2590097188949585,-0.17536284998383925
COHFACE_s32_session0_lamp,50,40,51.333333333333336,0.07974530011415482,-0.4405761035408296
COHFACE_s32_session0_lamp,50,41,51.36666666666667,-0.1000596284866333,-0.6787013378820262
COHFACE_s32_session0_lamp,50,42,51.4,-0.27257537841796875,-0.887503471698422
COHFACE_s32_session0_lamp,50,43,51.43333333333333,-0.4338330328464508,-1.0658783615044956
COHFACE_s32_session0_lamp,50,44,51.46666666666667,-0.5865506529808044,-1.2106341915229237
COHFACE_s32_session0_lamp,50,45,51.5,-0.7285506725311279,-1.3149341862672312
COHFACE_s32_session0_lamp,50,46,51.53333333333333,-0.8605280518531799,-1.3688820208436672
COHFACE_s32_session0_lamp,50,47,51.56666666666667,-0.9891851544380188,-1.3619571653159226
COHFACE_s32_session0_lamp,50,48,51.6,-1.1046538352966309,-1.2865405619957293
COHFACE_s32_session0_lamp,50,49,51.63333333333333,-1.211258053779602,-1.1414781255213748
COHFACE_s32_session0_lamp,50,50,51.666666666666664,-1.3092913627624512,-0.9343830870530415
COHFACE_s32_session0_lamp,50,51,51.7,-1.3655353784561157,-0.6814003206847065
COHFACE_s32_session0_lamp,50,52,51.733333333333334,-1.2238596677780151,-0.4038149000448234
COHFACE_s32_session0_lamp,50,53,51.766666666666666,-0.7045519351959229,-0.12238307422372591
COHFACE_s32_session0_lamp,50,54,51.8,-0.015400123782455921,0.1479849640687809
COHFACE_s32_session0_lamp,50,55,51.833333333333336,0.5795637369155884,0.40020517242416387
COHFACE_s32_session0_lamp,50,56,51.86666666666667,1.0197252035140991,0.63262951206137
COHFACE_s32_session0_lamp,50,57,51.9,1.3498386144638062,0.8441168570030539
COHFACE_s32_session0_lamp,50,58,51.93333333333333,1.5732395648956299,1.0299701626839364
COHFACE_s32_session0_lamp,50,59,51.96666666666667,1.6172527074813843,1.1812504568179047
COHFACE_s32_session0_lamp,50,60,52.0,1.4795149564743042,1.287227957735997
COHFACE_s32_session0_lamp,50,61,52.03333333333333,1.3231682777404785,1.3386155022256079
COHFACE_s32_session0_lamp,50,62,52.06666666666667,1.2354201078414917,1.3295736242624812
COHFACE_s32_session0_lamp,50,63,52.1,1.1417263746261597,1.258180271282755
COHFACE_s32_session0_lamp,50,64,52.13333333333333,1.0070000886917114,1.126153449213718
COHFACE_s32_session0_lamp,50,65,52.166666666666664,0.8275039792060852,0.9386329136702698
COHFACE_s32_session0_lamp,50,66,52.2,0.6207507252693176,0.7042561505581681
COHFACE_s32_session0_lamp,50,67,52.233333333333334,0.4146769344806671,0.4351167107844397
COHFACE_s32_session0_lamp,50,68,52.266666666666666,0.21206244826316833,0.14591941012048976
COHFACE_s32_session0_lamp,50,69,52.3,0.008274268358945847,-0.14790966943587439
COHFACE_s32_session0_lamp,50,70,52.333333333333336,-0.16757720708847046,-0.43242904188714937
COHFACE_s32_session0_lamp,50,71,52.36666666666667,-0.32744497060775757,-0.6964166324324378
COHFACE_s32_session0_lamp,50,72,52.4,-0.48198485374450684,-0.9309061797362929
COHFACE_s32_session0_lamp,50,73,52.43333333333333,-0.6276448965072632,-1.127528223824605
COHFACE_s32_session0_lamp,50,74,52.46666666666667,-0.7685330510139465,-1.2770700928150631
COHFACE_s32_session0_lamp,50,75,52.5,-0.9036762714385986,-1.3695501941277004
COHFACE_s32_session0_lamp,50,76,52.53333333333333,-1.024349331855774,-1.3959766529818458
COHFACE_s32_session0_lamp,50,77,52.56666666666667,-1.1375632286071777,-1.350769346813533
COHFACE_s32_session0_lamp,50,78,52.6,-1.2413722276687622,-1.2335109382084635
COHFACE_s32_session0_lamp,50,79,52.63333333333333,-1.3260780572891235,-1.0492954480661876
COHFACE_s32_session0_lamp,50,80,52.666666666666664,-1.4092859029769897,-0.8078763887298944
COHFACE_s32_session0_lamp,50,81,52.7,-1.4783941507339478,-0.5223801751964149
COHFACE_s32_session0_lamp,50,82,52.733333333333334,-1.3597441911697388,-0.20820900375125648
COHFACE_s32_session0_lamp,50,83,52.766666666666666,-0.8398032784461975,0.11773518108507969
COHFACE_s32_session0_lamp,50,84,52.8,-0.14771726727485657,0.4376962459846189
COHFACE_s32_session0_lamp,50,85,52.833333333333336,0.41540277004241943,0.7338048874370696
COHFACE_s32_session0_lamp,50,86,52.86666666666667,0.8284923434257507,0.9890370357241836
COHFACE_s32_session0_lamp,50,87,52.9,1.129032015800476,1.1884294518737908
COHFACE_s32_session0_lamp,50,88,52.93333333333333,1.2905367612838745,1.320554141532832
COHFACE_s32_session0_lamp,50,89,52.96666666666667,1.2772711515426636,1.3790607249734983
COHFACE_s32_session0_lamp,50,90,53.0,1.1607677936553955,1.3637166025319978
COHFACE_s32_session0_lamp,50,91,53.03333333333333,1.0591052770614624,1.2802554801615371
COHFACE_s32_session0_lamp,50,92,53.06666666666667,0.9885917901992798,1.138840164055331
COHFACE_s32_session0_lamp,50,93,53.1,0.9119318127632141,0.9517655260276205
COHFACE_s32_session0_lamp,50,94,53.13333333333333,0.7924171090126038,0.7315367744740376
COHFACE_s32_session0_lamp,50,95,53.166666666666664,0.6183261275291443,0.4901238590920406
COHFACE_s32_session0_lamp,50,96,53.2,0.4239891767501831,0.2391188461259905
COHFACE_s32_session0_lamp,50,97,53.233333333333334,0.2301618456840515,-0.010261145839781634
COHFACE_s32_session0_lamp,50,98,53.266666666666666,0.028026092797517776,-0.24803359270150038
COHFACE_s32_session0_lamp,50,99,53.3,-0.15702950954437256,-0.4667835606612988
COHFACE_s32_session0_lamp,50,100,53.333333333333336,-0.3038632571697235,-0.6622752408168369
COHFACE_s32_session0_lamp,50,101,53.36666666666667,-0.44027283787727356,-0.8324862275843021
COHFACE_s32_session0_lamp,50,102,53.4,-0.5817787051200867,-0.9755927536085434
COHFACE_s32_session0_lamp,50,103,53.43333333333333,-0.7102504968643188,-1.088427408414337
COHFACE_s32_session0_lamp,50,104,53.46666666666667,-0.8311396837234497,-1.1664147549911066
COHFACE_s32_session0_lamp,50,105,53.5,-0.9553337097167969,-1.2046907734466972
COHFACE_s32_session0_lamp,50,106,53.53333333333333,-1.0638837814331055,-1.19936184914878
COHFACE_s32_session0_lamp,50,107,53.56666666666667,-1.1489293575286865,-1.1481229865173335
COHFACE_s32_session0_lamp,50,108,53.6,-1.233774185180664,-1.0503230550921536
COHFACE_s32_session0_lamp,50,109,53.63333333333333,-1.3296608924865723,-0.9070996903084252
COHFACE_s32_session0_lamp,50,110,53.666666666666664,-1.4300570487976074,-0.7218551170759201
COHFACE_s32_session0_lamp,50,111,53.7,-1.4477239847183228,-0.5006811152505803
COHFACE_s32_session0_lamp,50,112,53.733333333333334,-1.1640483140945435,-0.25218778987360324
COHFACE_s32_session0_lamp,50,113,53.766666666666666,-0.5506606698036194,0.013363573461982576
COHFACE_s32_session0_lamp,50,114,53.8,0.06664948165416718,0.2851301372270642
COHFACE_s32_session0_lamp,50,115,53.833333333333336,0.5055137276649475,0.5523055578306263
COHFACE_s32_session0_lamp,50,116,53.86666666666667,0.8133271336555481,0.8041041364646513
COHFACE_s32_session0_lamp,50,117,53.9,1.0103358030319214,1.0294987468268746
COHFACE_s32_session0_lamp,50,118,53.93333333333333,1.0319716930389404,1.2171930705463159
COHFACE_s32_session0_lamp,50,119,53.96666666666667,0.9247187972068787,1.356011489992527
COHFACE_s32_session0_lamp,50,120,54.0,0.8302065134048462,1.4356000684589836
COHFACE_s32_session0_lamp,50,121,54.03333333333333,0.7887570261955261,1.4472824858965876
COHFACE_s32_session0_lamp,50,122,54.06666666666667,0.7561565041542053,1.385064878822487
COHFACE_s32_session0_lamp,50,123,54.1,0.6842685341835022,1.2468288635295237
COHFACE_s32_session0_lamp,50,124,54.13333333333333,0.5570630431175232,1.0355130794536098
COHFACE_s32_session0_lamp,50,125,54.166666666666664,0.39880135655403137,0.7598384986278723
COHFACE_s32_session0_lamp,50,126,54.2,0.23385277390480042,0.4342087983722643
COHFACE_s32_session0_lamp,50,127,54.233333333333334,0.07342904061079025,0.07775558253259132
COHFACE_s32_session0_lamp,50,128,54.266666666666666,-0.08458556234836578,-0.2871758730929423
COHFACE_s32_session0_lamp,50,129,54.3,-0.2279600203037262,-0.6367272515283602
COHFACE_s32_session0_lamp,50,130,54.333333333333336,-0.34278005361557007,-0.9472506620746043
COHFACE_s32_session0_lamp,50,131,54.36666666666667,-0.44791722297668457,-1.1971483906646734
COHFACE_s32_session0_lamp,50,132,54.4,-0.5731613636016846,-1.3689659136759686
COHFACE_s32_session0_lamp,50,133,54.43333333333333,-0.7082892060279846,-1.4516848279031942
COHFACE_s32_session0_lamp,50,134,54.46666666666667,-0.8246381282806396,-1.442830240598714
COHFACE_s32_session0_lamp,50,135,54.5,-0.9217448234558105,-1.349574223826927
COHFACE_s32_session0_lamp,50,136,54.53333333333333,-1.01943838596344,-1.187743983376836
COHFACE_s32_session0_lamp,50,137,54.56666666666667,-1.122969388961792,-0.9781737092248521
COHFACE_s32_session0_lamp,50,138,54.6,-1.2368320226669312,-0.7413110274287293
COHFACE_s32_session0_lamp,50,139,54.63333333333333,-1.2961337566375732,-0.492328753272214
COHFACE_s32_session0_lamp,50,140,54.666666666666664,-1.0994185209274292,-0.23903804042071009
COHFACE_s32_session0_lamp,50,141,54.7,-0.5773773789405823,0.01641148940080643
COHFACE_s32_session0_lamp,50,142,54.733333333333334,0.005772473756223917,0.2729677140515943
COHFACE_s32_session0_lamp,50,143,54.766666666666666,0.4657784104347229,0.5256659998910208
COHFACE_s32_session0_lamp,50,144,54.8,0.8011115789413452,0.762871327187982
COHFACE_s32_session0_lamp,50,145,54.833333333333336,0.991278886795044,0.967346755645771
COHFACE_s32_session0_lamp,50,146,54.86666666666667,1.0181808471679688,1.1207200133007829
COHFACE_s32_session0_lamp,50,147,54.9,0.9020172953605652,1.2091615023993296
COHFACE_s32_session0_lamp,50,148,54.93333333333333,0.7771437764167786,1.2275522126928686
COHFACE_s32_session0_lamp,50,149,54.96666666666667,0.7449601888656616,1.1802549446314043
COHFACE_s32_session0_lamp,50,150,55.0,0.7329145073890686,1.0783105833876936
COHFACE_s32_session0_lamp,50,151,55.03333333333333,0.671296238899231,0.9347023034348991
COHFACE_s32_session0_lamp,50,152,55.06666666666667,0.555009126663208,0.7603655344737188
COHFACE_s32_session0_lamp,50,153,55.1,0.3915584981441498,0.5630196738593363
COHFACE_s32_session0_lamp,50,154,55.13333333333333,0.2226564735174179,0.3487821019859178
COHFACE_s32_session0_lamp,50,155,55.166666666666664,0.05071212351322174,0.12458337009281861
COHFACE_s32_session0_lamp,50,156,55.2,-0.10296294093132019,-0.10077973061577777
COHFACE_s32_session0_lamp,50,157,55.233333333333334,-0.24338775873184204,-0.31768444826989245
COHFACE_s32_session0_lamp,50,158,55.266666666666666,-0.37408336997032166,-0.5177769250469048
COHFACE_s32_session0_lamp,50,159,55.3,-0.4923626780509949,-0.6953584167613105
COHFACE_s32_session0_lamp,50,160,55.333333333333336,-0.6009899973869324,-0.8471373393092547
COHFACE_s32_session0_lamp,50,161,55.36666666666667,-0.7051388025283813,-0.9708439444008424
COHFACE_s32_session0_lamp,50,162,55.4,-0.8054576516151428,-1.0639059498430212
COHFACE_s32_session0_lamp,50,163,55.43333333333333,-0.9120619297027588,-1.1230060995249593
COHFACE_s32_session0_lamp,50,164,55.46666666666667,-1.0269283056259155,-1.1443797144679995
COHFACE_s32_session0_lamp,50,165,55.5,-1.1318492889404297,-1.1240758794677588
COHFACE_s32_session0_lamp,50,166,55.53333333333333,-1.1463967561721802,-1.0577039355027134
COHFACE_s32_session0_lamp,50,167,55.56666666666667,-0.8484514951705933,-0.9401104498214868
COHFACE_s32_session0_lamp,50,168,55.6,-0.24060799181461334,-0.7661355821207363
COHFACE_s32_session0_lamp,50,169,55.63333333333333,0.3582630157470703,-0.5332895256799056
COHFACE_s32_session0_lamp,50,170,55.666666666666664,0.803026556968689,-0.24579776619940413
COHFACE_s32_session0_lamp,50,171,55.7,1.129124641418457,0.08196836402833259
COHFACE_s32_session0_lamp,50,172,55.733333333333334,1.3310288190841675,0.4249379416279609
COHFACE_s32_session0_lamp,50,173,55.766666666666666,1.3405263423919678,0.7507491074533411
COHFACE_s32_session0_lamp,50,174,55.8,1.211313247680664,1.0262104294942587
COHFACE_s32_session0_lamp,50,175,55.833333333333336,1.107874870300293,1.2243735884257474
COHFACE_s32_session0_lamp,50,176,55.86666666666667,1.0671820640563965,1.329667151553342
COHFACE_s32_session0_lamp,50,177,55.9,1.0263657569885254,1.3396408142412874
COHFACE_s32_session0_lamp,50,178,55.93333333333333,0.9303246736526489,1.2633214225958902
COHFACE_s32_session0_lamp,50,179,55.96666666666667,0.7785181999206543,1.117223326423957
COHFACE_s32_session0_lamp,50,180,56.0,0.6031917929649353,0.9204106897279434
COHFACE_s32_session0_lamp,50,181,56.03333333333333,0.4241281747817993,0.6900681628677683
COHFACE_s32_session0_lamp,50,182,56.06666666666667,0.2441379278898239,0.4390623888521953
COHFACE_s32_session0_lamp,50,183,56.1,0.07596171647310257,0.17642018591482134
COHFACE_s32_session0_lamp,50,184,56.13333333333333,-0.07431584596633911,-0.0898017802947536
COHFACE_s32_session0_lamp,50,185,56.166666666666664,-0.2108180969953537,-0.3492068271180532
COHFACE_s32_session0_lamp,50,186,56.2,-0.3356298506259918,-0.5875312368391242
COHFACE_s32_session0_lamp,50,187,56.233333333333334,-0.4479789733886719,-0.7880454056857125
COHFACE_s32_session0_lamp,50,188,56.266666666666666,-0.5599574446678162,-0.9352314675350424
COHFACE_s32_session0_lamp,50,189,56.3,-0.6776807904243469,-1.0186456373734722
COHFACE_s32_session0_lamp,50,190,56.333333333333336,-0.803527295589447,-1.0347378366513493
COHFACE_s32_session0_lamp,50,191,56.36666666666667,-0.931381344795227,-0.9858495860222241
COHFACE_s32_session0_lamp,50,192,56.4,-1.0289514064788818,-0.8778133533092347
COHFACE_s32_session0_lamp,50,193,56.43333333333333,-0.9253430366516113,-0.7185649328451765
COHFACE_s32_session0_lamp,50,194,56.46666666666667,-0.40920117497444153,-0.5188350708500914
COHFACE_s32_session0_lamp,50,195,56.5,0.3015865385532379,-0.29370203089291375
COHFACE_s32_session0_lamp,50,196,56.53333333333333,0.9411966800689697,-0.06272175674882575
COHFACE_s32_session0_lamp,50,197,56.56666666666667,1.4331237077713013,0.1526244902484893
COHFACE_s32_session0_lamp,50,198,56.6,1.7841780185699463,0.33313168606999394
COHFACE_s32_session0_lamp,50,199,56.63333333333333,1.9992088079452515,0.4653573465921336
COHFACE_s32_session0_lamp,50,200,56.666666666666664,1.9973247051239014,0.5430114786117439
COHFACE_s32_session0_lamp,50,201,56.7,1.8257355690002441,0.5667057890769526
COHFACE_s32_session0_lamp,50,202,56.733333333333334,1.682978868484497,0.543179679844372
COHFACE_s32_session0_lamp,50,203,56.766666666666666,1.6085273027420044,0.4844643829635691
COHFACE_s32_session0_lamp,50,204,56.8,1.5202386379241943,0.4065013033635074
COHFACE_s32_session0_lamp,50,205,56.833333333333336,1.3701000213623047,0.3265041292554762
COHFACE_s32_session0_lamp,50,206,56.86666666666667,1.1746357679367065,0.259175926639439
COHFACE_s32_session0_lamp,50,207,56.9,0.9644231796264648,0.2130396638967008
COHFACE_s32_session0_lamp,50,208,56.93333333333333,0.7464272975921631,0.1885915261692939
COHFACE_s32_session0_lamp,50,209,56.96666666666667,0.5327709317207336,0.17929888670142102
COHFACE_s32_session0_lamp,50,210,57.0,0.3374919295310974,0.17498675705410208
COHFACE_s32_session0_lamp,50,211,57.03333333333333,0.15960197150707245,0.16594272399929708
COHFACE_s32_session0_lamp,50,212,57.06666666666667,-0.008466136641800404,0.1459696058711328
COHFACE_s32_session0_lamp,50,213,57.1,-0.1646275520324707,0.11343705612973087
COHFACE_s32_session0_lamp,50,214,57.13333333333333,-0.3088513910770416,0.07043283869460053
COHFACE_s32_session0_lamp,50,215,57.166666666666664,-0.44254299998283386,0.02088932190956249
COHFACE_s32_session0_lamp,50,216,57.2,-0.5798791646957397,-0.031200451855175965
COHFACE_s32_session0_lamp,50,217,57.233333333333334,-0.7221880555152893,-0.08273206482662215
COHFACE_s32_session0_lamp,50,218,57.266666666666666,-0.8670450448989868,-0.13157799080725588
COHFACE_s32_session0_lamp,50,219,57.3,-0.9342074394226074,-0.17623293534894421
COHFACE_s32_session0_lamp,50,220,57.333333333333336,-0.7002124190330505,-0.21529997295438996
COHFACE_s32_session0_lamp,50,221,57.36666666666667,-0.060525089502334595,-0.24694442010670745
COHFACE_s32_session0_lamp,50,222,57.4,0.7039121985435486,-0.2687077250210916
COHFACE_s32_session0_lamp,50,223,57.43333333333333,1.3525102138519287,-0.2781833071041262
COHFACE_s32_session0_lamp,50,224,57.46666666666667,1.8410706520080566,-0.27443467424368034
COHFACE_s32_session0_lamp,50,225,57.5,2.2052671909332275,-0.2591511508097425
COHFACE_s32_session0_lamp,50,226,57.53333333333333,2.3906161785125732,-0.236298063819463
COHFACE_s32_session0_lamp,50,227,57.56666666666667,2.3329358100891113,-0.20996896622511238
COHFACE_s32_session0_lamp,50,228,57.6,2.1258583068847656,-0.18183514986511815
COHFACE_s32_session0_lamp,50,229,57.63333333333333,1.9452502727508545,-0.1503366584981493
COHFACE_s32_session0_lamp,50,230,57.666666666666664,1.8187243938446045,-0.11249303874004943
COHFACE_s32_session0_lamp,50,231,57.7,1.6649720668792725,-0.06706256818765285
COHFACE_s32_session0_lamp,50,232,57.733333333333334,1.4645968675613403,-0.01664731840997193
COHFACE_s32_session0_lamp,50,233,57.766666666666666,1.2169345617294312,0.03285072939198783
COHFACE_s32_session0_lamp,50,234,57.8,0.9487637877464294,0.07484934510455037
COHFACE_s32_session0_lamp,50,235,57.833333333333336,0.7080510258674622,0.10469484429005867
COHFACE_s32_session0_lamp,50,236,57.86666666666667,0.4741331934928894,0.12071455703098918
COHFACE_s32_session0_lamp,50,237,57.9,0.23936598002910614,0.12375496088051184
COHFACE_s32_session0_lamp,50,238,57.93333333333333,0.029771173372864723,0.116175068725756
COHFACE_s32_session0_lamp,50,239,57.96666666666667,-0.1579715460538864,0.10109429154770316
