recording_id,measurement_id,sample_index,time_seconds,gt_signal,predicted_signal
UBFC_PHYS_s05_T2_ctrl,0,0,0.0,-0.3561774790287018,0.059602535680082336
UBFC_PHYS_s05_T2_ctrl,0,1,0.03333333333333333,-0.06652623414993286,-0.02383785318023118
UBFC_PHYS_s05_T2_ctrl,0,2,0.06666666666666667,0.15745656192302704,-0.11101011933313273
UBFC_PHYS_s05_T2_ctrl,0,3,0.1,0.2867814004421234,-0.2017849510793575
UBFC_PHYS_s05_T2_ctrl,0,4,0.13333333333333333,0.3461444675922394,-0.29415936716542324
UBFC_PHYS_s05_T2_ctrl,0,5,0.16666666666666666,0.34965601563453674,-0.38564390498566004
UBFC_PHYS_s05_T2_ctrl,0,6,0.2,0.32607483863830566,-0.47491493780765315
UBFC_PHYS_s05_T2_ctrl,0,7,0.23333333333333334,0.31210553646087646,-0.5604657230018391
UBFC_PHYS_s05_T2_ctrl,0,8,0.26666666666666666,0.30628713965415955,-0.636724373739537
UBFC_PHYS_s05_T2_ctrl,0,9,0.3,0.2792072296142578,-0.6917619282095399
UBFC_PHYS_s05_T2_ctrl,0,10,0.3333333333333333,0.22982771694660187,-0.7086798759910263
UBFC_PHYS_s05_T2_ctrl,0,11,0.36666666666666664,0.18449802696704865,-0.6701689175885653
UBFC_PHYS_s05_T2_ctrl,0,12,0.4,0.14771650731563568,-0.5648973633212634
UBFC_PHYS_s05_T2_ctrl,0,13,0.43333333333333335,0.08605939894914627,-0.39377274310577504
UBFC_PHYS_s05_T2_ctrl,0,14,0.4666666666666667,-0.017633724957704544,-0.17350769343138056
UBFC_PHYS_s05_T2_ctrl,0,15,0.5,-0.13145138323307037,0.06516606700039991
UBFC_PHYS_s05_T2_ctrl,0,16,0.5333333333333333,-0.2327992022037506,0.2845459451349994
UBFC_PHYS_s05_T2_ctrl,0,17,0.5666666666666667,-0.34274646639823914,0.4493866401242141
UBFC_PHYS_s05_T2_ctrl,0,18,0.6,-0.48117056488990784,0.5354004153629908
UBFC_PHYS_s05_T2_ctrl,0,19,0.6333333333333333,-0.630616307258606,0.5337293778878874
UBFC_PHYS_s05_T2_ctrl,0,20,0.6666666666666666,-0.7089340090751648,0.45081922636625493
UBFC_PHYS_s05_T2_ctrl,0,21,0.7,-0.6071633100509644,0.3056269692991082
UBFC_PHYS_s05_T2_ctrl,0,22,0.7333333333333333,-0.3336600065231323,0.12590077477334294
UBFC_PHYS_s05_T2_ctrl,0,23,0.7666666666666667,-0.036216720938682556,-0.0553618841711359
UBFC_PHYS_s05_T2_ctrl,0,24,0.8,0.17666752636432648,-0.20371738869453057
UBFC_PHYS_s05_T2_ctrl,0,25,0.8333333333333334,0.30230140686035156,-0.2890206678697732
UBFC_PHYS_s05_T2_ctrl,0,26,0.8666666666666667,0.3467724323272705,-0.29213259591192847
UBFC_PHYS_s05_T2_ctrl,0,27,0.9,0.3279203176498413,-0.20901036637625695
UBFC_PHYS_s05_T2_ctrl,0,28,0.9333333333333333,0.29676496982574463,-0.05079918481844475
UBFC_PHYS_s05_T2_ctrl,0,29,0.9666666666666667,0.27913033962249756,0.15899454675152605
UBFC_PHYS_s05_T2_ctrl,0,30,1.0,0.2578303813934326,0.3888074376152017
UBFC_PHYS_s05_T2_ctrl,0,31,1.0333333333333334,0.22311221063137054,0.6033401984307639
UBFC_PHYS_s05_T2_ctrl,0,32,1.0666666666666667,0.1900857388973236,0.7678453774952063
UBFC_PHYS_s05_T2_ctrl,0,33,1.1,0.15898165106773376,0.8535619606342131
UBFC_PHYS_s05_T2_ctrl,0,34,1.1333333333333333,0.09697851538658142,0.8437173037770366
UBFC_PHYS_s05_T2_ctrl,0,35,1.1666666666666667,-0.019376680254936218,0.7376973966808877
UBFC_PHYS_s05_T2_ctrl,0,36,1.2,-0.15498130023479462,0.5515575912147628
UBFC_PHYS_s05_T2_ctrl,0,37,1.2333333333333334,-0.26134011149406433,0.3140221815853851
UBFC_PHYS_s05_T2_ctrl,0,38,1.2666666666666666,-0.35003867745399475,0.059342019621715154
UBFC_PHYS_s05_T2_ctrl,0,39,1.3,-0.48044008016586304,-0.17965685032712658
UBFC_PHYS_s05_T2_ctrl,0,40,1.3333333333333333,-0.6576065421104431,-0.3765703025005304
UBFC_PHYS_s05_T2_ctrl,0,41,1.3666666666666667,-0.7859317064285278,-0.5145148001015983
UBFC_PHYS_s05_T2_ctrl,0,42,1.4,-0.7390769124031067,-0.5873655003119994
UBFC_PHYS_s05_T2_ctrl,0,43,1.4333333333333333,-0.5107752084732056,-0.599004066192741
UBFC_PHYS_s05_T2_ctrl,0,44,1.4666666666666666,-0.23750261962413788,-0.5609117760014658
UBFC_PHYS_s05_T2_ctrl,0,45,1.5,-0.03590914234519005,-0.48884723870053626
UBFC_PHYS_s05_T2_ctrl,0,46,1.5333333333333334,0.07739587873220444,-0.3995265655080828
UBFC_PHYS_s05_T2_ctrl,0,47,1.5666666666666667,0.11658678203821182,-0.3082629197676088
UBFC_PHYS_s05_T2_ctrl,0,48,1.6,0.10338644683361053,-0.22781556983788054
UBFC_PHYS_s05_T2_ctrl,0,49,1.6333333333333333,0.08086897432804108,-0.16801361043196264
UBFC_PHYS_s05_T2_ctrl,0,50,1.6666666666666667,0.055660180747509,-0.13573652146508625
UBFC_PHYS_s05_T2_ctrl,0,51,1.7,-0.0037285159341990948,-0.13499057320482277
UBFC_PHYS_s05_T2_ctrl,0,52,1.7333333333333334,-0.08513485640287399,-0.16674099456760103
UBFC_PHYS_s05_T2_ctrl,0,53,1.7666666666666666,-0.13201527297496796,-0.2281789015987439
UBFC_PHYS_s05_T2_ctrl,0,54,1.8,-0.13883331418037415,-0.31165650290668634
UBFC_PHYS_s05_T2_ctrl,0,55,1.8333333333333333,-0.16522116959095,-0.4040410100024084
UBFC_PHYS_s05_T2_ctrl,0,56,1.8666666666666667,-0.23955315351486206,-0.4871305278435315
UBFC_PHYS_s05_T2_ctrl,0,57,1.9,-0.31473100185394287,-0.5395026447377389
UBFC_PHYS_s05_T2_ctrl,0,58,1.9333333333333333,-0.345630019903183,-0.5396802518699285
UBFC_PHYS_s05_T2_ctrl,0,59,1.9666666666666666,-0.371236115694046,-0.4699783707087167
UBFC_PHYS_s05_T2_ctrl,0,60,2.0,-0.4549877643585205,-0.3205543762282494
UBFC_PHYS_s05_T2_ctrl,0,61,2.033333333333333,-0.5175291895866394,-0.09332082319151803
UBFC_PHYS_s05_T2_ctrl,0,62,2.066666666666667,-0.34557875990867615,0.1953824732744425
UBFC_PHYS_s05_T2_ctrl,0,63,2.1,0.1290309727191925,0.5150568438689072
UBFC_PHYS_s05_T2_ctrl,0,64,2.1333333333333333,0.6932492256164551,0.8251931128375819
UBFC_PHYS_s05_T2_ctrl,0,65,2.1666666666666665,1.061833381652832,1.0831703246764621
UBFC_PHYS_s05_T2_ctrl,0,66,2.2,1.1456619501113892,1.2535572825585946
UBFC_PHYS_s05_T2_ctrl,0,67,2.2333333333333334,1.044942021369934,1.3146526584605531
UBFC_PHYS_s05_T2_ctrl,0,68,2.2666666666666666,0.8371200561523438,1.2607954929904106
UBFC_PHYS_s05_T2_ctrl,0,69,2.3,0.5014342665672302,1.1018493765664479
UBFC_PHYS_s05_T2_ctrl,0,70,2.3333333333333335,0.06187587231397629,0.8609280505984346
UBFC_PHYS_s05_T2_ctrl,0,71,2.3666666666666667,-0.3640592396259308,0.5707728705088276
UBFC_PHYS_s05_T2_ctrl,0,72,2.4,-0.6863653063774109,0.2688738737198143
UBFC_PHYS_s05_T2_ctrl,0,73,2.433333333333333,-0.8715160489082336,-0.00875184927798226
UBFC_PHYS_s05_T2_ctrl,0,74,2.466666666666667,-0.8984549641609192,-0.23397741668353003
UBFC_PHYS_s05_T2_ctrl,0,75,2.5,-0.8256224393844604,-0.390887194014985
UBFC_PHYS_s05_T2_ctrl,0,76,2.533333333333333,-0.7949028015136719,-0.47709490354644113
UBFC_PHYS_s05_T2_ctrl,0,77,2.566666666666667,-0.8692604303359985,-0.502637289668909
UBFC_PHYS_s05_T2_ctrl,0,78,2.6,-1.0256651639938354,-0.48649640114990117
UBFC_PHYS_s05_T2_ctrl,0,79,2.6333333333333333,-1.2243878841400146,-0.4503242993116559
UBFC_PHYS_s05_T2_ctrl,0,80,2.6666666666666665,-1.3521620035171509,-0.411879213764356
UBFC_PHYS_s05_T2_ctrl,0,81,2.7,-1.2596956491470337,-0.38309665754242794
UBFC_PHYS_s05_T2_ctrl,0,82,2.7333333333333334,-0.9730176329612732,-0.3725096231274063
UBFC_PHYS_s05_T2_ctrl,0,83,2.7666666666666666,-0.6923375129699707,-0.3866965856724799
UBFC_PHYS_s05_T2_ctrl,0,84,2.8,-0.522693932056427,-0.42909217000293715
UBFC_PHYS_s05_T2_ctrl,0,85,2.8333333333333335,-0.4039165675640106,-0.49861234357288514
UBFC_PHYS_s05_T2_ctrl,0,86,2.8666666666666667,-0.2911498248577118,-0.589189335030417
UBFC_PHYS_s05_T2_ctrl,0,87,2.9,-0.19719673693180084,-0.6896567735803051
UBFC_PHYS_s05_T2_ctrl,0,88,2.933333333333333,-0.17655038833618164,-0.7838082879272739
UBFC_PHYS_s05_T2_ctrl,0,89,2.966666666666667,-0.36907023191452026,-0.8509128507610585
UBFC_PHYS_s05_T2_ctrl,0,90,3.0,-0.8496521711349487,-0.867628205456434
UBFC_PHYS_s05_T2_ctrl,0,91,3.033333333333333,-1.4833707809448242,-0.8125932329094177
UBFC_PHYS_s05_T2_ctrl,0,92,3.066666666666667,-2.161137580871582,-0.6727575814070553
UBFC_PHYS_s05_T2_ctrl,0,93,3.1,-2.8960630893707275,-0.4483790633841037
UBFC_PHYS_s05_T2_ctrl,0,94,3.1333333333333333,-3.536663770675659,-0.15457667642472167
UBFC_PHYS_s05_T2_ctrl,0,95,3.1666666666666665,-3.8013370037078857,0.18126517804015066
UBFC_PHYS_s05_T2_ctrl,0,96,3.2,-3.507917881011963,0.5251480533126307
UBFC_PHYS_s05_T2_ctrl,0,97,3.2333333333333334,-2.489992618560791,0.8425151487940538
UBFC_PHYS_s05_T2_ctrl,0,98,3.2666666666666666,-0.6520316004753113,1.1030173065948397
UBFC_PHYS_s05_T2_ctrl,0,99,3.3,1.615952730178833,1.283526685818161
UBFC_PHYS_s05_T2_ctrl,0,100,3.3333333333333335,3.667874336242676,1.3698117767275684
UBFC_PHYS_s05_T2_ctrl,0,101,3.3666666666666667,5.16006326675415,1.3578967888320128
UBFC_PHYS_s05_T2_ctrl,0,102,3.4,5.961836338043213,1.2549750170246508
UBFC_PHYS_s05_T2_ctrl,0,103,3.433333333333333,5.930206775665283,1.078579054162285
UBFC_PHYS_s05_T2_ctrl,0,104,3.466666666666667,5.18681001663208,0.8535267314270921
UBFC_PHYS_s05_T2_ctrl,0,105,3.5,4.192363739013672,0.6071749471296558
UBFC_PHYS_s05_T2_ctrl,0,106,3.533333333333333,3.2725179195404053,0.364302664314225
UBFC_PHYS_s05_T2_ctrl,0,107,3.566666666666667,2.455737590789795,0.14352084472005355
UBFC_PHYS_s05_T2_ctrl,0,108,3.6,1.789389729499817,-0.04400430796853618
UBFC_PHYS_s05_T2_ctrl,0,109,3.6333333333333333,1.323674201965332,-0.1939366014361725
UBFC_PHYS_s05_T2_ctrl,0,110,3.6666666666666665,0.952129602432251,-0.3071293956312415
UBFC_PHYS_s05_T2_ctrl,0,111,3.7,0.5652572512626648,-0.3880269039946474
UBFC_PHYS_s05_T2_ctrl,0,112,3.7333333333333334,0.20992468297481537,-0.4433866901217837
UBFC_PHYS_s05_T2_ctrl,0,113,3.7666666666666666,-0.08364821970462799,-0.48080652910529664
UBFC_PHYS_s05_T2_ctrl,0,114,3.8,-0.46425363421440125,-0.507024463273697
UBFC_PHYS_s05_T2_ctrl,0,115,3.8333333333333335,-1.002289056777954,-0.5265261682870599
UBFC_PHYS_s05_T2_ctrl,0,116,3.8666666666666667,-1.5165126323699951,-0.5408492117203105
UBFC_PHYS_s05_T2_ctrl,0,117,3.9,-1.8366785049438477,-0.5487632971717151
UBFC_PHYS_s05_T2_ctrl,0,118,3.933333333333333,-1.981907844543457,-0.5472130393818618
UBFC_PHYS_s05_T2_ctrl,0,119,3.966666666666667,-1.9819974899291992,-0.5326406428084421
UBFC_PHYS_s05_T2_ctrl,0,120,4.0,-1.8304499387741089,-0.5024143240085412
UBFC_PHYS_s05_T2_ctrl,0,121,4.033333333333333,-1.5891658067703247,-0.45621733426283434
UBFC_PHYS_s05_T2_ctrl,0,122,4.066666666666666,-1.236921787261963,-0.3969698207315296
UBFC_PHYS_s05_T2_ctrl,0,123,4.1,-0.6063174605369568,-0.3306419667263197
UBFC_PHYS_s05_T2_ctrl,0,124,4.133333333333334,0.2612265646457672,-0.26502406868729816
UBFC_PHYS_s05_T2_ctrl,0,125,4.166666666666667,1.0217196941375732,-0.20821087254955525
UBFC_PHYS_s05_T2_ctrl,0,126,4.2,1.4217923879623413,-0.1670786947540107
UBFC_PHYS_s05_T2_ctrl,0,127,4.233333333333333,1.4367485046386719,-0.14553660975050198
UBFC_PHYS_s05_T2_ctrl,0,128,4.266666666666667,1.0774815082550049,-0.1427536072059523
UBFC_PHYS_s05_T2_ctrl,0,129,4.3,0.5248488187789917,-0.15200735712813898
UBFC_PHYS_s05_T2_ctrl,0,130,4.333333333333333,0.16536393761634827,-0.16096528433323115
UBFC_PHYS_s05_T2_ctrl,0,131,4.366666666666666,0.15896883606910706,-0.15417016669539094
UBFC_PHYS_s05_T2_ctrl,0,132,4.4,0.3137716054916382,-0.11727623587840164
UBFC_PHYS_s05_T2_ctrl,0,133,4.433333333333334,0.43225422501564026,-0.04138847398151369
UBFC_PHYS_s05_T2_ctrl,0,134,4.466666666666667,0.445505827665329,0.07386458625027902
UBFC_PHYS_s05_T2_ctrl,0,135,4.5,0.2937788665294647,0.21937832112004488
UBFC_PHYS_s05_T2_ctrl,0,136,4.533333333333333,-0.03365354984998703,0.3782520765015687
UBFC_PHYS_s05_T2_ctrl,0,137,4.566666666666666,-0.3541013300418854,0.5301513708873963
UBFC_PHYS_s05_T2_ctrl,0,138,4.6,-0.4484516680240631,0.6570339337183462
UBFC_PHYS_s05_T2_ctrl,0,139,4.633333333333334,-0.30294039845466614,0.7477715940377723
UBFC_PHYS_s05_T2_ctrl,0,140,4.666666666666667,-0.08736482262611389,0.7996468842757284
UBFC_PHYS_s05_T2_ctrl,0,141,4.7,0.07804948836565018,0.8155935974918992
UBFC_PHYS_s05_T2_ctrl,0,142,4.733333333333333,0.18376751244068146,0.7992657648699165
UBFC_PHYS_s05_T2_ctrl,0,143,4.766666666666667,0.21796023845672607,0.752693906312588
UBFC_PHYS_s05_T2_ctrl,0,144,4.8,0.16893957555294037,0.6772955400389032
UBFC_PHYS_s05_T2_ctrl,0,145,4.833333333333333,0.07975399494171143,0.5748857736765927
UBFC_PHYS_s05_T2_ctrl,0,146,4.866666666666666,0.0048837424255907536,0.44773084466349145
UBFC_PHYS_s05_T2_ctrl,0,147,4.9,-0.04171472415328026,0.2993480352759609
UBFC_PHYS_s05_T2_ctrl,0,148,4.933333333333334,-0.0893000140786171,0.13614200962712364
UBFC_PHYS_s05_T2_ctrl,0,149,4.966666666666667,-0.15573742985725403,-0.03172446715610916
UBFC_PHYS_s05_T2_ctrl,0,150,5.0,-0.2068086415529251,-0.19111934945148187
UBFC_PHYS_s05_T2_ctrl,0,151,5.033333333333333,-0.22940300405025482,-0.32833156069740277
UBFC_PHYS_s05_T2_ctrl,0,152,5.066666666666666,-0.2938155233860016,-0.4321391647189511
UBFC_PHYS_s05_T2_ctrl,0,153,5.1,-0.4268825948238373,-0.4959590063668697
UBFC_PHYS_s05_T2_ctrl,0,154,5.133333333333334,-0.5560280084609985,-0.5187694487347453
UBFC_PHYS_s05_T2_ctrl,0,155,5.166666666666667,-0.6049973964691162,-0.5057810409958026
UBFC_PHYS_s05_T2_ctrl,0,156,5.2,-0.534843385219574,-0.46872278848670856
UBFC_PHYS_s05_T2_ctrl,0,157,5.233333333333333,-0.3168584406375885,-0.42450871333970425
UBFC_PHYS_s05_T2_ctrl,0,158,5.266666666666667,0.06720726937055588,-0.392225089934758
UBFC_PHYS_s05_T2_ctrl,0,159,5.3,0.5775989294052124,-0.3896285396930681
UBFC_PHYS_s05_T2_ctrl,0,160,5.333333333333333,1.0436989068984985,-0.42982766183252974
UBFC_PHYS_s05_T2_ctrl,0,161,5.366666666666666,1.23222017288208,-0.5182433333734218
UBFC_PHYS_s05_T2_ctrl,0,162,5.4,1.0902589559555054,-0.650199501499723
UBFC_PHYS_s05_T2_ctrl,0,163,5.433333333333334,0.86211097240448,-0.8097857779541211
UBFC_PHYS_s05_T2_ctrl,0,164,5.466666666666667,0.8613677024841309,-0.9705023983102269
UBFC_PHYS_s05_T2_ctrl,0,165,5.5,1.1305904388427734,-1.0979684221111898
UBFC_PHYS_s05_T2_ctrl,0,166,5.533333333333333,1.3912522792816162,-1.1546686329333087
UBFC_PHYS_s05_T2_ctrl,0,167,5.566666666666666,1.4799251556396484,-1.1063079466100927
UBFC_PHYS_s05_T2_ctrl,0,168,5.6,1.591346263885498,-0.928948457964279
UBFC_PHYS_s05_T2_ctrl,0,169,5.633333333333334,1.8495090007781982,-0.6156894645496873
UBFC_PHYS_s05_T2_ctrl,0,170,5.666666666666667,2.037248373031616,-0.1811448736336981
UBFC_PHYS_s05_T2_ctrl,0,171,5.7,2.001197576522827,0.3382839403376989
UBFC_PHYS_s05_T2_ctrl,0,172,5.733333333333333,1.862978458404541,0.8889000116749253
UBFC_PHYS_s05_T2_ctrl,0,173,5.766666666666667,1.6833769083023071,1.407930305818099
UBFC_PHYS_s05_T2_ctrl,0,174,5.8,1.409566044807434,1.8335522682720091
UBFC_PHYS_s05_T2_ctrl,0,175,5.833333333333333,1.1446878910064697,2.1141808821543213
UBFC_PHYS_s05_T2_ctrl,0,176,5.866666666666666,0.9998815059661865,2.215923732083725
UBFC_PHYS_s05_T2_ctrl,0,177,5.9,0.8554211258888245,2.128496623168902
UBFC_PHYS_s05_T2_ctrl,0,178,5.933333333333334,0.5931189060211182,1.8682055977543466
UBFC_PHYS_s05_T2_ctrl,0,179,5.966666666666667,0.37562093138694763,1.4750975693305588
UBFC_PHYS_s05_T2_ctrl,0,180,6.0,0.3875909447669983,1.0045056993563122
UBFC_PHYS_s05_T2_ctrl,0,181,6.033333333333333,0.48306912183761597,0.5164003882322127
UBFC_PHYS_s05_T2_ctrl,0,182,6.066666666666666,0.41219741106033325,0.06534674046114891
UBFC_PHYS_s05_T2_ctrl,0,183,6.1,0.1838187873363495,-0.30716149211201205
UBFC_PHYS_s05_T2_ctrl,0,184,6.133333333333334,-0.06901250779628754,-0.5772648118425718
UBFC_PHYS_s05_T2_ctrl,0,185,6.166666666666667,-0.3048499524593353,-0.740403171860583
UBFC_PHYS_s05_T2_ctrl,0,186,6.2,-0.5353432297706604,-0.8095846398450989
UBFC_PHYS_s05_T2_ctrl,0,187,6.233333333333333,-0.7319512963294983,-0.8091606734654103
UBFC_PHYS_s05_T2_ctrl,0,188,6.266666666666667,-0.8793337345123291,-0.7662478375109889
UBFC_PHYS_s05_T2_ctrl,0,189,6.3,-1.0241657495498657,-0.7047811224484171
UBFC_PHYS_s05_T2_ctrl,0,190,6.333333333333333,-1.2062535285949707,-0.6438836761830171
UBFC_PHYS_s05_T2_ctrl,0,191,6.366666666666666,-1.4818586111068726,-0.5986597422986971
UBFC_PHYS_s05_T2_ctrl,0,192,6.4,-1.8993096351623535,-0.5812972431114626
UBFC_PHYS_s05_T2_ctrl,0,193,6.433333333333334,-2.203827142715454,-0.6007760058987642
UBFC_PHYS_s05_T2_ctrl,0,194,6.466666666666667,-1.8992711305618286,-0.661036054990702
UBFC_PHYS_s05_T2_ctrl,0,195,6.5,-1.0092096328735352,-0.7590603238540364
UBFC_PHYS_s05_T2_ctrl,0,196,6.533333333333333,-0.24276994168758392,-0.8837075119510258
UBFC_PHYS_s05_T2_ctrl,0,197,6.566666666666666,0.019827034324407578,-1.0153332579999335
UBFC_PHYS_s05_T2_ctrl,0,198,6.6,-0.08531428128480911,-1.1265881017194381
UBFC_PHYS_s05_T2_ctrl,0,199,6.633333333333334,-0.5174779295921326,-1.1850423000962236
UBFC_PHYS_s05_T2_ctrl,0,200,6.666666666666667,-1.1093655824661255,-1.1580127569937437
UBFC_PHYS_s05_T2_ctrl,0,201,6.7,-1.3575447797775269,-1.0194637570806562
UBFC_PHYS_s05_T2_ctrl,0,202,6.733333333333333,-1.1780970096588135,-0.7573813671429339
UBFC_PHYS_s05_T2_ctrl,0,203,6.766666666666667,-1.070764183998108,-0.3787512938866197
UBFC_PHYS_s05_T2_ctrl,0,204,6.8,-1.2008323669433594,0.08941618225617927
UBFC_PHYS_s05_T2_ctrl,0,205,6.833333333333333,-1.2159295082092285,0.6029923367584283
UBFC_PHYS_s05_T2_ctrl,0,206,6.866666666666666,-0.9297000169754028,1.1064849798115888
UBFC_PHYS_s05_T2_ctrl,0,207,6.9,-0.5013170838356018,1.5397366741347895
UBFC_PHYS_s05_T2_ctrl,0,208,6.933333333333334,-0.12468460202217102,1.845824461356881
UBFC_PHYS_s05_T2_ctrl,0,209,6.966666666666667,0.13311924040317535,1.9821964145398911
UBFC_PHYS_s05_T2_ctrl,0,210,7.0,0.2578303813934326,1.93249844210835
UBFC_PHYS_s05_T2_ctrl,0,211,7.033333333333333,0.27583664655685425,1.7122699764610836
UBFC_PHYS_s05_T2_ctrl,0,212,7.066666666666666,0.2824368178844452,1.3653501491133764
UBFC_PHYS_s05_T2_ctrl,0,213,7.1,0.3240755498409271,0.9522613786304778
UBFC_PHYS_s05_T2_ctrl,0,214,7.133333333333334,0.3531931936740875,0.5351422706233206
UBFC_PHYS_s05_T2_ctrl,0,215,7.166666666666667,0.3133871257305145,0.16616028019283652
UBFC_PHYS_s05_T2_ctrl,0,216,7.2,0.22311221063137054,-0.1184494471938645
UBFC_PHYS_s05_T2_ctrl,0,217,7.233333333333333,0.16751700639724731,-0.30151367820857905
UBFC_PHYS_s05_T2_ctrl,0,218,7.266666666666667,0.18020470440387726,-0.3858149809875723
UBFC_PHYS_s05_T2_ctrl,0,219,7.3,0.17082349956035614,-0.3908221308601003
UBFC_PHYS_s05_T2_ctrl,0,220,7.333333333333333,0.08289388567209244,-0.345549679255912
UBFC_PHYS_s05_T2_ctrl,0,221,7.366666666666666,0.0028332045767456293,-0.28014099503502704
UBFC_PHYS_s05_T2_ctrl,0,222,7.4,0.043677352368831635,-0.21919753122774085
UBFC_PHYS_s05_T2_ctrl,0,223,7.433333333333334,0.20875844359397888,-0.17971672440925188
UBFC_PHYS_s05_T2_ctrl,0,224,7.466666666666667,0.4078400135040283,-0.17262321151414062
UBFC_PHYS_s05_T2_ctrl,0,225,7.5,0.5665644407272339,-0.20341585725749278
UBFC_PHYS_s05_T2_ctrl,0,226,7.533333333333333,0.6690657138824463,-0.27095312437839325
UBFC_PHYS_s05_T2_ctrl,0,227,7.566666666666666,0.7118706703186035,-0.36716975478272246
UBFC_PHYS_s05_T2_ctrl,0,228,7.6,0.6953638195991516,-0.47892486610513624
UBFC_PHYS_s05_T2_ctrl,0,229,7.633333333333334,0.6621195077896118,-0.5911993621797873
UBFC_PHYS_s05_T2_ctrl,0,230,7.666666666666667,0.6536481976509094,-0.6903941291198183
UBFC_PHYS_s05_T2_ctrl,0,231,7.7,0.6516489386558533,-0.7662719720019621
UBFC_PHYS_s05_T2_ctrl,0,232,7.733333333333333,0.6143291592597961,-0.8121378977906222
UBFC_PHYS_s05_T2_ctrl,0,233,7.766666666666667,0.5347042083740234,-0.823950990593315
UBFC_PHYS_s05_T2_ctrl,0,234,7.8,0.43503525853157043,-0.7991721169845049
UBFC_PHYS_s05_T2_ctrl,0,235,7.833333333333333,0.3316497206687927,-0.7360542889171545
UBFC_PHYS_s05_T2_ctrl,0,236,7.866666666666666,0.22135643661022186,-0.6338832286198948
UBFC_PHYS_s05_T2_ctrl,0,237,7.9,0.08720001578330994,-0.49435167009851194
UBFC_PHYS_s05_T2_ctrl,0,238,7.933333333333334,-0.048853158950805664,-0.3232367820527908
UBFC_PHYS_s05_T2_ctrl,0,239,7.966666666666667,-0.10424330830574036,-0.13074034712308127
UBFC_PHYS_s05_T2_ctrl,0,240,8.0,-0.04321417957544327,0.06978370087519012
UBFC_PHYS_s05_T2_ctrl,0,241,8.033333333333333,0.04668907821178436,0.26355817059053627
UBFC_PHYS_s05_T2_ctrl,0,242,8.066666666666666,0.06907838582992554,0.4358485446763364
UBFC_PHYS_s05_T2_ctrl,0,243,8.1,0.02053190767765045,0.5730454068793056
UBFC_PHYS_s05_T2_ctrl,0,244,8.133333333333333,-0.06087443605065346,0.6640218029894315
UBFC_PHYS_s05_T2_ctrl,0,245,8.166666666666666,-0.17073199152946472,0.7029389214406926
UBFC_PHYS_s05_T2_ctrl,0,246,8.2,-0.35314011573791504,0.6925668008454832
UBFC_PHYS_s05_T2_ctrl,0,247,8.233333333333333,-0.6374343633651733,0.6452479527330308
UBFC_PHYS_s05_T2_ctrl,0,248,8.266666666666667,-0.9797203540802002,0.5801922233941267
UBFC_PHYS_s05_T2_ctrl,0,249,8.3,-1.2793039083480835,0.5177313104169416
UBFC_PHYS_s05_T2_ctrl,0,250,8.333333333333334,-1.4179714918136597,0.4727942357854209
UBFC_PHYS_s05_T2_ctrl,0,251,8.366666666666667,-1.326927661895752,0.45103255443831414
UBFC_PHYS_s05_T2_ctrl,0,252,8.4,-1.1116724014282227,0.44862808773443735
UBFC_PHYS_s05_T2_ctrl,0,253,8.433333333333334,-0.9892681837081909,0.45427019004505415
UBFC_PHYS_s05_T2_ctrl,0,254,8.466666666666667,-1.0252294540405273,0.45263876306872997
UBFC_PHYS_s05_T2_ctrl,0,255,8.5,-1.050732970237732,0.4296952404105376
UBFC_PHYS_s05_T2_ctrl,0,256,8.533333333333333,-0.8779367804527283,0.3777446953359542
UBFC_PHYS_s05_T2_ctrl,0,257,8.566666666666666,-0.50235515832901,0.2963027025988226
UBFC_PHYS_s05_T2_ctrl,0,258,8.6,-0.029103919863700867,0.18928393955267045
UBFC_PHYS_s05_T2_ctrl,0,259,8.633333333333333,0.38727056980133057,0.06330395976840253
UBFC_PHYS_s05_T2_ctrl,0,260,8.666666666666666,0.5995011925697327,-0.07176145219097019
UBFC_PHYS_s05_T2_ctrl,0,261,8.7,0.610586941242218,-0.20275401487605363
UBFC_PHYS_s05_T2_ctrl,0,262,8.733333333333333,0.5739848017692566,-0.3151034664817112
UBFC_PHYS_s05_T2_ctrl,0,263,8.766666666666667,0.5613740086555481,-0.3960650649216519
UBFC_PHYS_s05_T2_ctrl,0,264,8.8,0.5098927021026611,-0.438178157290644
UBFC_PHYS_s05_T2_ctrl,0,265,8.833333333333334,0.3873346447944641,-0.4414020702199926
UBFC_PHYS_s05_T2_ctrl,0,266,8.866666666666667,0.1759498417377472,-0.41316217027478536
UBFC_PHYS_s05_T2_ctrl,0,267,8.9,-0.15236686170101166,-0.3664613804581927
UBFC_PHYS_s05_T2_ctrl,0,268,8.933333333333334,-0.5262054800987244,-0.3168728693715684
UBFC_PHYS_s05_T2_ctrl,0,269,8.966666666666667,-0.8002727031707764,-0.27970911313677105
UBFC_PHYS_s05_T2_ctrl,0,270,9.0,-0.9269317984580994,-0.2674175924226666
UBFC_PHYS_s05_T2_ctrl,0,271,9.033333333333333,-1.0104527473449707,-0.28612764541276686
UBFC_PHYS_s05_T2_ctrl,0,272,9.066666666666666,-1.2261180877685547,-0.3324719063790265
UBFC_PHYS_s05_T2_ctrl,0,273,9.1,-1.667855143547058,-0.3938033231824692
UBFC_PHYS_s05_T2_ctrl,0,274,9.133333333333333,-2.257974147796631,-0.4522144156304222
UBFC_PHYS_s05_T2_ctrl,0,275,9.166666666666666,-2.8552701473236084,-0.48990679811399784
UBFC_PHYS_s05_T2_ctrl,0,276,9.2,-3.399418830871582,-0.4938084135174802
UBFC_PHYS_s05_T2_ctrl,0,277,9.233333333333333,-3.867018222808838,-0.45811574662068344
UBFC_PHYS_s05_T2_ctrl,0,278,9.266666666666667,-4.204716205596924,-0.3847227519951058
UBFC_PHYS_s05_T2_ctrl,0,279,9.3,-4.343575954437256,-0.2826714674615092
UBFC_PHYS_s05_T2_ctrl,0,280,9.333333333333334,-4.183377742767334,-0.16604836318347457
UBFC_PHYS_s05_T2_ctrl,0,281,9.366666666666667,-3.6912360191345215,-0.04826530203506185
UBFC_PHYS_s05_T2_ctrl,0,282,9.4,-3.031167984008789,0.06444724363899249
UBFC_PHYS_s05_T2_ctrl,0,283,9.433333333333334,-2.3735475540161133,0.17326346972971476
UBFC_PHYS_s05_T2_ctrl,0,284,9.466666666666667,-1.600879430770874,0.2806985290221277
UBFC_PHYS_s05_T2_ctrl,0,285,9.5,-0.38539764285087585,0.3853185079905943
UBFC_PHYS_s05_T2_ctrl,0,286,9.533333333333333,1.3617501258850098,0.48048656759416764
UBFC_PHYS_s05_T2_ctrl,0,287,9.566666666666666,3.1711061000823975,0.5558073590980023
UBFC_PHYS_s05_T2_ctrl,0,288,9.6,4.345269680023193,0.6005405649498852
UBFC_PHYS_s05_T2_ctrl,0,289,9.633333333333333,4.49634313583374,0.6090344557769318
UBFC_PHYS_s05_T2_ctrl,0,290,9.666666666666666,3.958794593811035,0.5852254095901643
UBFC_PHYS_s05_T2_ctrl,0,291,9.7,3.4354844093322754,0.5409432386717522
UBFC_PHYS_s05_T2_ctrl,0,292,9.733333333333333,3.1209447383880615,0.48860488415430026
UBFC_PHYS_s05_T2_ctrl,0,293,9.766666666666667,2.6397862434387207,0.43461599008426754
UBFC_PHYS_s05_T2_ctrl,0,294,9.8,1.9063472747802734,0.3774277915054882
UBFC_PHYS_s05_T2_ctrl,0,295,9.833333333333334,1.2945693731307983,0.31085298392238453
UBFC_PHYS_s05_T2_ctrl,0,296,9.866666666666667,1.0049309730529785,0.23008718741705014
UBFC_PHYS_s05_T2_ctrl,0,297,9.9,0.9178599715232849,0.13540024610511703
UBFC_PHYS_s05_T2_ctrl,0,298,9.933333333333334,0.91350257396698,0.03187622291280201
UBFC_PHYS_s05_T2_ctrl,0,299,9.966666666666667,0.9332262277603149,-0.07266074392739738
UBFC_PHYS_s05_T2_ctrl,1,0,10.0,0.8353130221366882,0.0793168485887949
UBFC_PHYS_s05_T2_ctrl,1,1,10.033333333333333,0.556452751159668,0.06472300682370767
UBFC_PHYS_s05_T2_ctrl,1,2,10.066666666666666,0.31785985827445984,0.049687738614530054
UBFC_PHYS_s05_T2_ctrl,1,3,10.1,0.25775349140167236,0.03615167660083776
UBFC_PHYS_s05_T2_ctrl,1,4,10.133333333333333,0.25789445638656616,0.02723773874353611
UBFC_PHYS_s05_T2_ctrl,1,5,10.166666666666666,0.26141881942749023,0.02609388547405923
UBFC_PHYS_s05_T2_ctrl,1,6,10.2,0.33449485898017883,0.03404203035151282
UBFC_PHYS_s05_T2_ctrl,1,7,10.233333333333333,0.4035082459449768,0.050320076555955
UBFC_PHYS_s05_T2_ctrl,1,8,10.266666666666667,0.31209272146224976,0.07320655114422252
UBFC_PHYS_s05_T2_ctrl,1,9,10.3,0.10215611755847931,0.09990376905082995
UBFC_PHYS_s05_T2_ctrl,1,10,10.333333333333334,-0.03648585453629494,0.12527458444844114
UBFC_PHYS_s05_T2_ctrl,1,11,10.366666666666667,-0.02973189577460289,0.14222474442066435
UBFC_PHYS_s05_T2_ctrl,1,12,10.4,0.008497814647853374,0.1439844024323651
UBFC_PHYS_s05_T2_ctrl,1,13,10.433333333333334,-0.0179413054138422,0.12590529533671815
UBFC_PHYS_s05_T2_ctrl,1,14,10.466666666666667,0.0036406037397682667,0.08572762244009305
UBFC_PHYS_s05_T2_ctrl,1,15,10.5,0.2341851145029068,0.022870351438096084
UBFC_PHYS_s05_T2_ctrl,1,16,10.533333333333333,0.6569547057151794,-0.06254653707525928
UBFC_PHYS_s05_T2_ctrl,1,17,10.566666666666666,1.1473023891448975,-0.17027675415511692
UBFC_PHYS_s05_T2_ctrl,1,18,10.6,1.6174906492233276,-0.29948700763121183
UBFC_PHYS_s05_T2_ctrl,1,19,10.633333333333333,2.0205366611480713,-0.4468449971976311
UBFC_PHYS_s05_T2_ctrl,1,20,10.666666666666666,2.3946828842163086,-0.6035143650955429
UBFC_PHYS_s05_T2_ctrl,1,21,10.7,2.804405927658081,-0.7521785386532129
UBFC_PHYS_s05_T2_ctrl,1,22,10.733333333333333,3.2096946239471436,-0.8661189741078129
UBFC_PHYS_s05_T2_ctrl,1,23,10.766666666666667,3.4850690364837646,-0.9127801550106478
UBFC_PHYS_s05_T2_ctrl,1,24,10.8,3.5007684230804443,-0.8613781602206597
UBFC_PHYS_s05_T2_ctrl,1,25,10.833333333333334,3.121406078338623,-0.691224767920587
UBFC_PHYS_s05_T2_ctrl,1,26,10.866666666666667,2.299832582473755,-0.39868066549453357
UBFC_PHYS_s05_T2_ctrl,1,27,10.9,1.2427804470062256,-0.002170995837386157
UBFC_PHYS_s05_T2_ctrl,1,28,10.933333333333334,0.3301246464252472,0.45690350575913213
UBFC_PHYS_s05_T2_ctrl,1,29,10.966666666666667,-0.10280793160200119,0.9206745341530657
UBFC_PHYS_s05_T2_ctrl,1,30,11.0,0.08116374164819717,1.3264722655257082
UBFC_PHYS_s05_T2_ctrl,1,31,11.033333333333333,0.6040123701095581,1.616265950227902
UBFC_PHYS_s05_T2_ctrl,1,32,11.066666666666666,0.7748862504959106,1.7425902987452326
UBFC_PHYS_s05_T2_ctrl,1,33,11.1,0.1410650759935379,1.6757566119938545
UBFC_PHYS_s05_T2_ctrl,1,34,11.133333333333333,-1.2379214763641357,1.4121631685316167
UBFC_PHYS_s05_T2_ctrl,1,35,11.166666666666666,-3.0364224910736084,0.97826043805535
UBFC_PHYS_s05_T2_ctrl,1,36,11.2,-4.649118900299072,0.42729061025433723
UBFC_PHYS_s05_T2_ctrl,1,37,11.233333333333333,-5.197458267211914,-0.1707629989344579
UBFC_PHYS_s05_T2_ctrl,1,38,11.266666666666667,-4.305730819702148,-0.7426460053303895
UBFC_PHYS_s05_T2_ctrl,1,39,11.3,-2.7380051612854004,-1.223060155214651
UBFC_PHYS_s05_T2_ctrl,1,40,11.333333333333334,-1.4559063911437988,-1.5612420042305357
UBFC_PHYS_s05_T2_ctrl,1,41,11.366666666666667,-0.6425479054450989,-1.7240270440651104
UBFC_PHYS_s05_T2_ctrl,1,42,11.4,-0.060438696295022964,-1.6969951677288646
UBFC_PHYS_s05_T2_ctrl,1,43,11.433333333333334,0.30569761991500854,-1.4851224088712507
UBFC_PHYS_s05_T2_ctrl,1,44,11.466666666666667,0.39303770661354065,-1.1130163601088114
UBFC_PHYS_s05_T2_ctrl,1,45,11.5,0.3426072895526886,-0.6234248300581022
UBFC_PHYS_s05_T2_ctrl,1,46,11.533333333333333,0.23619720339775085,-0.07285933446688574
UBFC_PHYS_s05_T2_ctrl,1,47,11.566666666666666,-0.021734800189733505,0.4762361472380026
UBFC_PHYS_s05_T2_ctrl,1,48,11.6,-0.349718302488327,0.9644124846190808
UBFC_PHYS_s05_T2_ctrl,1,49,11.633333333333333,-0.4964470863342285,1.3403891503917598
UBFC_PHYS_s05_T2_ctrl,1,50,11.666666666666666,-0.4553081691265106,1.5625944877658866
UBFC_PHYS_s05_T2_ctrl,1,51,11.7,-0.47467294335365295,1.6019207011030556
UBFC_PHYS_s05_T2_ctrl,1,52,11.733333333333333,-0.6447009444236755,1.4473440602193506
UBFC_PHYS_s05_T2_ctrl,1,53,11.766666666666667,-0.802041232585907,1.1122143019186912
UBFC_PHYS_s05_T2_ctrl,1,54,11.8,-0.8398095965385437,0.6368770773125638
UBFC_PHYS_s05_T2_ctrl,1,55,11.833333333333334,-0.8286341428756714,0.08227236823304959
UBFC_PHYS_s05_T2_ctrl,1,56,11.866666666666667,-0.8357213139533997,-0.4831960537947109
UBFC_PHYS_s05_T2_ctrl,1,57,11.9,-0.8564189672470093,-0.9940447890062826
UBFC_PHYS_s05_T2_ctrl,1,58,11.933333333333334,-0.8890737891197205,-1.392322499445935
UBFC_PHYS_s05_T2_ctrl,1,59,11.966666666666667,-0.9461684226989746,-1.6304073415215785
UBFC_PHYS_s05_T2_ctrl,1,60,12.0,-1.0117087364196777,-1.6747309377594233
UBFC_PHYS_s05_T2_ctrl,1,61,12.033333333333333,-1.0790303945541382,-1.510961427098067
UBFC_PHYS_s05_T2_ctrl,1,62,12.066666666666666,-1.1983076333999634,-1.1494662514267608
UBFC_PHYS_s05_T2_ctrl,1,63,12.1,-1.4301337003707886,-0.6283186361293595
UBFC_PHYS_s05_T2_ctrl,1,64,12.133333333333333,-1.7233221530914307,-0.011440890586178993
UBFC_PHYS_s05_T2_ctrl,1,65,12.166666666666666,-1.8752413988113403,0.6195714795627689
UBFC_PHYS_s05_T2_ctrl,1,66,12.2,-1.7657042741775513,1.1782304742980807
UBFC_PHYS_s05_T2_ctrl,1,67,12.233333333333333,-1.513424038887024,1.5858695365950353
UBFC_PHYS_s05_T2_ctrl,1,68,12.266666666666667,-1.1963725090026855,1.781958917153537
UBFC_PHYS_s05_T2_ctrl,1,69,12.3,-0.732348620891571,1.7322277561188297
UBFC_PHYS_s05_T2_ctrl,1,70,12.333333333333334,-0.20937180519104004,1.4348213360505035
UBFC_PHYS_s05_T2_ctrl,1,71,12.366666666666667,0.14794719219207764,0.9242996059132202
UBFC_PHYS_s05_T2_ctrl,1,72,12.4,0.2504099905490875,0.27082507522280025
UBFC_PHYS_s05_T2_ctrl,1,73,12.433333333333334,0.06046612933278084,-0.42990199939463236
UBFC_PHYS_s05_T2_ctrl,1,74,12.466666666666667,-0.4499639570713043,-1.0743783106559386
UBFC_PHYS_s05_T2_ctrl,1,75,12.5,-1.0995614528656006,-1.5691645486681154
UBFC_PHYS_s05_T2_ctrl,1,76,12.533333333333333,-1.5700829029083252,-1.8444283837749937
UBFC_PHYS_s05_T2_ctrl,1,77,12.566666666666666,-1.7157864570617676,-1.8624338266868758
UBFC_PHYS_s05_T2_ctrl,1,78,12.6,-1.5820401906967163,-1.6213922441396365
UBFC_PHYS_s05_T2_ctrl,1,79,12.633333333333333,-1.297925353050232,-1.1557211544705388
UBFC_PHYS_s05_T2_ctrl,1,80,12.666666666666666,-0.9852439761161804,-0.5322075161146851
UBFC_PHYS_s05_T2_ctrl,1,81,12.7,-0.6998603940010071,0.15981860692867608
UBFC_PHYS_s05_T2_ctrl,1,82,12.733333333333333,-0.42742085456848145,0.8234515183521379
UBFC_PHYS_s05_T2_ctrl,1,83,12.766666666666667,-0.14467734098434448,1.3705570524589912
UBFC_PHYS_s05_T2_ctrl,1,84,12.8,0.10753878206014633,1.7353524799060516
UBFC_PHYS_s05_T2_ctrl,1,85,12.833333333333334,0.292112797498703,1.8813037632182585
UBFC_PHYS_s05_T2_ctrl,1,86,12.866666666666667,0.4865550398826599,1.8018184215289321
UBFC_PHYS_s05_T2_ctrl,1,87,12.9,0.8429641127586365,1.5191541278641545
UBFC_PHYS_s05_T2_ctrl,1,88,12.933333333333334,1.5055313110351562,1.081665140253748
UBFC_PHYS_s05_T2_ctrl,1,89,12.966666666666667,2.4980170726776123,0.5552424719303878
UBFC_PHYS_s05_T2_ctrl,1,90,13.0,3.4710869789123535,0.009932852033337904
UBFC_PHYS_s05_T2_ctrl,1,91,13.033333333333333,3.7660696506500244,-0.4920679985508149
UBFC_PHYS_s05_T2_ctrl,1,92,13.066666666666666,3.232891321182251,-0.9037971871771834
UBFC_PHYS_s05_T2_ctrl,1,93,13.1,2.402167320251465,-1.1964952392014114
UBFC_PHYS_s05_T2_ctrl,1,94,13.133333333333333,1.760015845298767,-1.3587040612342587
UBFC_PHYS_s05_T2_ctrl,1,95,13.166666666666666,1.3010413646697998,-1.392077885066695
UBFC_PHYS_s05_T2_ctrl,1,96,13.2,0.9092862010002136,-1.3058995502556816
UBFC_PHYS_s05_T2_ctrl,1,97,13.233333333333333,0.6393328905105591,-1.1132873807758872
UBFC_PHYS_s05_T2_ctrl,1,98,13.266666666666667,0.5271044373512268,-0.8305420968769812
UBFC_PHYS_s05_T2_ctrl,1,99,13.3,0.4972050189971924,-0.479259531827655
UBFC_PHYS_s05_T2_ctrl,1,100,13.333333333333334,0.5239517092704773,-0.08951909384153867
UBFC_PHYS_s05_T2_ctrl,1,101,13.366666666666667,0.6222365498542786,0.29843817736603734
UBFC_PHYS_s05_T2_ctrl,1,102,13.4,0.6989009976387024,0.636693258581777
UBFC_PHYS_s05_T2_ctrl,1,103,13.433333333333334,0.6582875847816467,0.8782625645815184
UBFC_PHYS_s05_T2_ctrl,1,104,13.466666666666667,0.6247484683990479,0.9889201593942619
UBFC_PHYS_s05_T2_ctrl,1,105,13.5,0.7557265162467957,0.9549855229214832
UBFC_PHYS_s05_T2_ctrl,1,106,13.533333333333333,0.8863714337348938,0.7846814025751663
UBFC_PHYS_s05_T2_ctrl,1,107,13.566666666666666,0.7495364546775818,0.505927749074963
UBFC_PHYS_s05_T2_ctrl,1,108,13.6,0.4259231984615326,0.1620915399389131
UBFC_PHYS_s05_T2_ctrl,1,109,13.633333333333333,0.18670235574245453,-0.1945349618705556
UBFC_PHYS_s05_T2_ctrl,1,110,13.666666666666666,0.045920126140117645,-0.5107045103999213
UBFC_PHYS_s05_T2_ctrl,1,111,13.7,-0.1960817575454712,-0.7397346767385953
UBFC_PHYS_s05_T2_ctrl,1,112,13.733333333333333,-0.5520679354667664,-0.8476746019650103
UBFC_PHYS_s05_T2_ctrl,1,113,13.766666666666667,-0.8212522268295288,-0.8181730686963846
UBFC_PHYS_s05_T2_ctrl,1,114,13.8,-0.8941744565963745,-0.6553457609140968
UBFC_PHYS_s05_T2_ctrl,1,115,13.833333333333334,-0.8135755658149719,-0.38319636805066115
UBFC_PHYS_s05_T2_ctrl,1,116,13.866666666666667,-0.6498785614967346,-0.041527842301863016
UBFC_PHYS_s05_T2_ctrl,1,117,13.9,-0.47405776381492615,0.3202899127400319
UBFC_PHYS_s05_T2_ctrl,1,118,13.933333333333334,-0.32567572593688965,0.6502924383536915
UBFC_PHYS_s05_T2_ctrl,1,119,13.966666666666667,-0.19763247668743134,0.9003735446873767
UBFC_PHYS_s05_T2_ctrl,1,120,14.0,-0.0878133773803711,1.0325548230179946
UBFC_PHYS_s05_T2_ctrl,1,121,14.033333333333333,-0.017262063920497894,1.0266044936034382
UBFC_PHYS_s05_T2_ctrl,1,122,14.066666666666666,0.0017694882117211819,0.8864465988710913
UBFC_PHYS_s05_T2_ctrl,1,123,14.1,-0.029334604740142822,0.6391972811712687
UBFC_PHYS_s05_T2_ctrl,1,124,14.133333333333333,-0.09204261004924774,0.3266986460120991
UBFC_PHYS_s05_T2_ctrl,1,125,14.166666666666666,-0.15266162157058716,-0.004452538383689362
UBFC_PHYS_s05_T2_ctrl,1,126,14.2,-0.20488625764846802,-0.3105374572841876
UBFC_PHYS_s05_T2_ctrl,1,127,14.233333333333333,-0.2869718372821808,-0.5551105490207187
UBFC_PHYS_s05_T2_ctrl,1,128,14.266666666666667,-0.42106419801712036,-0.7114913991951595
UBFC_PHYS_s05_T2_ctrl,1,129,14.3,-0.5492996573448181,-0.7662872737058725
UBFC_PHYS_s05_T2_ctrl,1,130,14.333333333333334,-0.5848124027252197,-0.7232457891531029
UBFC_PHYS_s05_T2_ctrl,1,131,14.366666666666667,-0.5187082290649414,-0.6031787071599385
UBFC_PHYS_s05_T2_ctrl,1,132,14.4,-0.4098502993583679,-0.43850190475448664
UBFC_PHYS_s05_T2_ctrl,1,133,14.433333333333334,-0.25720059871673584,-0.2642281273680631
UBFC_PHYS_s05_T2_ctrl,1,134,14.466666666666667,0.028247054666280746,-0.108684118036738
UBFC_PHYS_s05_T2_ctrl,1,135,14.5,0.4758281707763672,0.011981132430444167
UBFC_PHYS_s05_T2_ctrl,1,136,14.533333333333333,0.9760568141937256,0.09404427400992023
UBFC_PHYS_s05_T2_ctrl,1,137,14.566666666666666,1.3784235715866089,0.1425935992158064
UBFC_PHYS_s05_T2_ctrl,1,138,14.6,1.5923843383789062,0.1666599211833578
UBFC_PHYS_s05_T2_ctrl,1,139,14.633333333333333,1.6653450727462769,0.17625766634461826
UBFC_PHYS_s05_T2_ctrl,1,140,14.666666666666666,1.746777057647705,0.1812637249023124
UBFC_PHYS_s05_T2_ctrl,1,141,14.7,1.8537894487380981,0.18900261627126339
UBFC_PHYS_s05_T2_ctrl,1,142,14.733333333333333,1.8465100526809692,0.20103043810360108
UBFC_PHYS_s05_T2_ctrl,1,143,14.766666666666667,1.65928316116333,0.2131884021702653
UBFC_PHYS_s05_T2_ctrl,1,144,14.8,1.3254427909851074,0.21920325444339456
UBFC_PHYS_s05_T2_ctrl,1,145,14.833333333333334,0.8879221677780151,0.2142171699398947
UBFC_PHYS_s05_T2_ctrl,1,146,14.866666666666667,0.4438653886318207,0.19609488920906404
UBFC_PHYS_s05_T2_ctrl,1,147,14.9,0.07843396067619324,0.16435431294441738
UBFC_PHYS_s05_T2_ctrl,1,148,14.933333333333334,-0.23818185925483704,0.11837908409954559
UBFC_PHYS_s05_T2_ctrl,1,149,14.966666666666667,-0.5762770771980286,0.05788990699049377
UBFC_PHYS_s05_T2_ctrl,1,150,15.0,-0.9642259478569031,-0.014653975446795633
UBFC_PHYS_s05_T2_ctrl,1,151,15.033333333333333,-1.3673616647720337,-0.09327080664663877
UBFC_PHYS_s05_T2_ctrl,1,152,15.066666666666666,-1.690462350845337,-0.17025470000680964
UBFC_PHYS_s05_T2_ctrl,1,153,15.1,-1.8558638095855713,-0.2386604564425077
UBFC_PHYS_s05_T2_ctrl,1,154,15.133333333333333,-1.8497122526168823,-0.2938042410980359
UBFC_PHYS_s05_T2_ctrl,1,155,15.166666666666666,-1.694345474243164,-0.33276723875045616
UBFC_PHYS_s05_T2_ctrl,1,156,15.2,-1.4165617227554321,-0.35247954823616656
UBFC_PHYS_s05_T2_ctrl,1,157,15.233333333333333,-1.0711358785629272,-0.34839277600256197
UBFC_PHYS_s05_T2_ctrl,1,158,15.266666666666667,-0.7680279612541199,-0.31475187036913804
UBFC_PHYS_s05_T2_ctrl,1,159,15.3,-0.5830181837081909,-0.24622018322657924
UBFC_PHYS_s05_T2_ctrl,1,160,15.333333333333334,-0.44274863600730896,-0.14036370485273836
UBFC_PHYS_s05_T2_ctrl,1,161,15.366666666666667,-0.22672447562217712,-0.00033614439936776415
UBFC_PHYS_s05_T2_ctrl,1,162,15.4,0.08100995421409607,0.16303186114688148
UBFC_PHYS_s05_T2_ctrl,1,163,15.433333333333334,0.4099033772945404,0.3305558250932751
UBFC_PHYS_s05_T2_ctrl,1,164,15.466666666666667,0.6738844513893127,0.47626713444930935
UBFC_PHYS_s05_T2_ctrl,1,165,15.5,0.7985956072807312,0.5718568028130456
UBFC_PHYS_s05_T2_ctrl,1,166,15.533333333333333,0.7637364268302917,0.5931087905912819
UBFC_PHYS_s05_T2_ctrl,1,167,15.566666666666666,0.6376027464866638,0.5260120015533452
UBFC_PHYS_s05_T2_ctrl,1,168,15.6,0.49043822288513184,0.3707476542741677
UBFC_PHYS_s05_T2_ctrl,1,169,15.633333333333333,0.3463238775730133,0.14255337337093932
UBFC_PHYS_s05_T2_ctrl,1,170,15.666666666666666,0.2041960060596466,-0.13039913452802387
UBFC_PHYS_s05_T2_ctrl,1,171,15.7,0.08097150176763535,-0.41093581913866567
UBFC_PHYS_s05_T2_ctrl,1,172,15.733333333333333,-0.004561546724289656,-0.6576546830448331
UBFC_PHYS_s05_T2_ctrl,1,173,15.766666666666667,-0.07383126765489578,-0.8299324153453427
UBFC_PHYS_s05_T2_ctrl,1,174,15.8,-0.1674383133649826,-0.8930119790056709
UBFC_PHYS_s05_T2_ctrl,1,175,15.833333333333334,-0.298698365688324,-0.8233113943220949
UBFC_PHYS_s05_T2_ctrl,1,176,15.866666666666667,-0.44287678599357605,-0.6140281030098221
UBFC_PHYS_s05_T2_ctrl,1,177,15.9,-0.5515296459197998,-0.28077523173805274
UBFC_PHYS_s05_T2_ctrl,1,178,15.933333333333334,-0.5787505507469177,0.135734577433903
UBFC_PHYS_s05_T2_ctrl,1,179,15.966666666666667,-0.49206405878067017,0.5749678664657211
UBFC_PHYS_s05_T2_ctrl,1,180,16.0,-0.2931234538555145,0.9689491782173475
UBFC_PHYS_s05_T2_ctrl,1,181,16.033333333333335,-0.05975945666432381,1.2550586089699354
UBFC_PHYS_s05_T2_ctrl,1,182,16.066666666666666,0.10891007632017136,1.3858161354190526
UBFC_PHYS_s05_T2_ctrl,1,183,16.1,0.1945456564426422,1.3360032093562597
UBFC_PHYS_s05_T2_ctrl,1,184,16.133333333333333,0.23621001839637756,1.1069840678174188
UBFC_PHYS_s05_T2_ctrl,1,185,16.166666666666668,0.2652635872364044,0.7273159382412572
UBFC_PHYS_s05_T2_ctrl,1,186,16.2,0.31004220247268677,0.24863891645739689
UBFC_PHYS_s05_T2_ctrl,1,187,16.233333333333334,0.3859761655330658,-0.26395671468406834
UBFC_PHYS_s05_T2_ctrl,1,188,16.266666666666666,0.4427376091480255,-0.7447101649449356
UBFC_PHYS_s05_T2_ctrl,1,189,16.3,0.39658769965171814,-1.1378929628357213
UBFC_PHYS_s05_T2_ctrl,1,190,16.333333333333332,0.22848205268383026,-1.403908631910772
UBFC_PHYS_s05_T2_ctrl,1,191,16.366666666666667,-0.024528656154870987,-1.521302825555904
UBFC_PHYS_s05_T2_ctrl,1,192,16.4,-0.3080795705318451,-1.4856463483644151
UBFC_PHYS_s05_T2_ctrl,1,193,16.433333333333334,-0.5683953166007996,-1.306326368094869
UBFC_PHYS_s05_T2_ctrl,1,194,16.466666666666665,-0.7688097357749939,-1.002969807999261
UBFC_PHYS_s05_T2_ctrl,1,195,16.5,-0.858302891254425,-0.6035225936805042
UBFC_PHYS_s05_T2_ctrl,1,196,16.533333333333335,-0.7431011199951172,-0.1438876778189903
UBFC_PHYS_s05_T2_ctrl,1,197,16.566666666666666,-0.4248576760292053,0.3329841199392264
UBFC_PHYS_s05_T2_ctrl,1,198,16.6,-0.041368696838617325,0.7795473525858937
UBFC_PHYS_s05_T2_ctrl,1,199,16.633333333333333,0.28524351119995117,1.1472166254122769
UBFC_PHYS_s05_T2_ctrl,1,200,16.666666666666668,0.54887855052948,1.3912117736524403
UBFC_PHYS_s05_T2_ctrl,1,201,16.7,0.7551882863044739,1.4773226092881526
UBFC_PHYS_s05_T2_ctrl,1,202,16.733333333333334,0.8615983724594116,1.389448093232319
UBFC_PHYS_s05_T2_ctrl,1,203,16.766666666666666,0.8526400923728943,1.1350588566521753
UBFC_PHYS_s05_T2_ctrl,1,204,16.8,0.7571491003036499,0.7460834653977642
UBFC_PHYS_s05_T2_ctrl,1,205,16.833333333333332,0.6003342270851135,0.27362470208800993
UBFC_PHYS_s05_T2_ctrl,1,206,16.866666666666667,0.4150553345680237,-0.22164062796535489
UBFC_PHYS_s05_T2_ctrl,1,207,16.9,0.2188829779624939,-0.6784512084125963
UBFC_PHYS_s05_T2_ctrl,1,208,16.933333333333334,-0.022324329242110252,-1.0413019850067453
UBFC_PHYS_s05_T2_ctrl,1,209,16.966666666666665,-0.32881563901901245,-1.265256644035477
UBFC_PHYS_s05_T2_ctrl,1,210,17.0,-0.6547229290008545,-1.3203757129009495
UBFC_PHYS_s05_T2_ctrl,1,211,17.033333333333335,-0.9318146705627441,-1.1963555345801415
UBFC_PHYS_s05_T2_ctrl,1,212,17.066666666666666,-1.120092511177063,-0.906144944499728
UBFC_PHYS_s05_T2_ctrl,1,213,17.1,-1.1957957744598389,-0.48567650579590094
UBFC_PHYS_s05_T2_ctrl,1,214,17.133333333333333,-1.133164644241333,0.010712209500209218
UBFC_PHYS_s05_T2_ctrl,1,215,17.166666666666668,-0.9187937378883362,0.5170163976577604
UBFC_PHYS_s05_T2_ctrl,1,216,17.2,-0.6120845675468445,0.9632462078957371
UBFC_PHYS_s05_T2_ctrl,1,217,17.233333333333334,-0.33922210335731506,1.283887489797049
UBFC_PHYS_s05_T2_ctrl,1,218,17.266666666666666,-0.15997947752475739,1.4274145562361966
UBFC_PHYS_s05_T2_ctrl,1,219,17.3,-0.01314817275851965,1.3671033980409264
UBFC_PHYS_s05_T2_ctrl,1,220,17.333333333333332,0.13101743161678314,1.109503380285637
UBFC_PHYS_s05_T2_ctrl,1,221,17.366666666666667,0.2049136906862259,0.6937264113479341
UBFC_PHYS_s05_T2_ctrl,1,222,17.4,0.17351482808589935,0.18149931930815463
UBFC_PHYS_s05_T2_ctrl,1,223,17.433333333333334,0.09254422783851624,-0.35523913454012906
UBFC_PHYS_s05_T2_ctrl,1,224,17.466666666666665,0.015290220268070698,-0.8450953362584279
UBFC_PHYS_s05_T2_ctrl,1,225,17.5,-0.03321781009435654,-1.2256817302718872
UBFC_PHYS_s05_T2_ctrl,1,226,17.533333333333335,-0.011187346652150154,-1.4499067469935176
UBFC_PHYS_s05_T2_ctrl,1,227,17.566666666666666,0.05331487953662872,-1.4905821389153053
UBFC_PHYS_s05_T2_ctrl,1,228,17.6,0.04829106107354164,-1.343229118934121
UBFC_PHYS_s05_T2_ctrl,1,229,17.633333333333333,-0.05558148771524429,-1.0262110129256998
UBFC_PHYS_s05_T2_ctrl,1,230,17.666666666666668,-0.1700911968946457,-0.5786055367672084
UBFC_PHYS_s05_T2_ctrl,1,231,17.7,-0.2651336193084717,-0.057375232886535746
UBFC_PHYS_s05_T2_ctrl,1,232,17.733333333333334,-0.4069667458534241,0.4674949980334875
UBFC_PHYS_s05_T2_ctrl,1,233,17.766666666666666,-0.592771053314209,0.9235662548297127
UBFC_PHYS_s05_T2_ctrl,1,234,17.8,-0.7032822370529175,1.2502595563304213
UBFC_PHYS_s05_T2_ctrl,1,235,17.833333333333332,-0.6641426086425781,1.4094890484107718
UBFC_PHYS_s05_T2_ctrl,1,236,17.866666666666667,-0.519079864025116,1.3888924062561838
UBFC_PHYS_s05_T2_ctrl,1,237,17.9,-0.3437204658985138,1.1983839405605756
UBFC_PHYS_s05_T2_ctrl,1,238,17.933333333333334,-0.1705397516489029,0.863953443598583
UBFC_PHYS_s05_T2_ctrl,1,239,17.966666666666665,-0.027604462578892708,0.4247259560715884
UBFC_PHYS_s05_T2_ctrl,1,240,18.0,0.05655729025602341,-0.06722603957353003
UBFC_PHYS_s05_T2_ctrl,1,241,18.033333333333335,0.09959294646978378,-0.5510515279615696
UBFC_PHYS_s05_T2_ctrl,1,242,18.066666666666666,0.1037709191441536,-0.9664313860482477
UBFC_PHYS_s05_T2_ctrl,1,243,18.1,0.027067996561527252,-1.2630714292772411
UBFC_PHYS_s05_T2_ctrl,1,244,18.133333333333333,-0.102974534034729,-1.4071297262372824
UBFC_PHYS_s05_T2_ctrl,1,245,18.166666666666668,-0.20392507314682007,-1.3836892176535427
UBFC_PHYS_s05_T2_ctrl,1,246,18.2,-0.27193883061408997,-1.196660351507283
UBFC_PHYS_s05_T2_ctrl,1,247,18.233333333333334,-0.3415161371231079,-0.8692167148267483
UBFC_PHYS_s05_T2_ctrl,1,248,18.266666666666666,-0.3816041648387909,-0.4435136410459971
UBFC_PHYS_s05_T2_ctrl,1,249,18.3,-0.359061062335968,0.025522621948823022
UBFC_PHYS_s05_T2_ctrl,1,250,18.333333333333332,-0.29049620032310486,0.48132659149779283
UBFC_PHYS_s05_T2_ctrl,1,251,18.366666666666667,-0.19769656658172607,0.8745674637874095
UBFC_PHYS_s05_T2_ctrl,1,252,18.4,-0.1335659921169281,1.1666931018446658
UBFC_PHYS_s05_T2_ctrl,1,253,18.433333333333334,-0.17089860141277313,1.3297966535306764
UBFC_PHYS_s05_T2_ctrl,1,254,18.466666666666665,-0.2604301869869232,1.346030268929973
UBFC_PHYS_s05_T2_ctrl,1,255,18.5,-0.22660914063453674,1.2103441712273386
UBFC_PHYS_s05_T2_ctrl,1,256,18.533333333333335,-0.0114052165299654,0.9357957169465805
UBFC_PHYS_s05_T2_ctrl,1,257,18.566666666666666,0.23867066204547882,0.5562648329572302
UBFC_PHYS_s05_T2_ctrl,1,258,18.6,0.435881108045578,0.12322401314420373
UBFC_PHYS_s05_T2_ctrl,1,259,18.633333333333333,0.6108560562133789,-0.30402463395991397
UBFC_PHYS_s05_T2_ctrl,1,260,18.666666666666668,0.7576489448547363,-0.6710182242576102
UBFC_PHYS_s05_T2_ctrl,1,261,18.7,0.8213950395584106,-0.9366123968993005
UBFC_PHYS_s05_T2_ctrl,1,262,18.733333333333334,0.8057212233543396,-1.0753235359143627
UBFC_PHYS_s05_T2_ctrl,1,263,18.766666666666666,0.766722559928894,-1.0769915305895212
UBFC_PHYS_s05_T2_ctrl,1,264,18.8,0.7306587100028992,-0.946033282818037
UBFC_PHYS_s05_T2_ctrl,1,265,18.833333333333332,0.6821634769439697,-0.7006642689433961
UBFC_PHYS_s05_T2_ctrl,1,266,18.866666666666667,0.6097282767295837,-0.3721615315345513
UBFC_PHYS_s05_T2_ctrl,1,267,18.9,0.5315002799034119,-0.003949124643107371
UBFC_PHYS_s05_T2_ctrl,1,268,18.933333333333334,0.463230162858963,0.3518571774947987
UBFC_PHYS_s05_T2_ctrl,1,269,18.966666666666665,0.38395124673843384,0.6441554419466732
UBFC_PHYS_s05_T2_ctrl,1,270,19.0,0.2610984146595001,0.8360566694253787
UBFC_PHYS_s05_T2_ctrl,1,271,19.033333333333335,0.08315020054578781,0.9128105594119695
UBFC_PHYS_s05_T2_ctrl,1,272,19.066666666666666,-0.09012022614479065,0.8807416030173225
UBFC_PHYS_s05_T2_ctrl,1,273,19.1,-0.13260480761528015,0.7593871794576276
UBFC_PHYS_s05_T2_ctrl,1,274,19.133333333333333,0.020570354536175728,0.5719244236654092
UBFC_PHYS_s05_T2_ctrl,1,275,19.166666666666668,0.2757725715637207,0.34059284592901445
UBFC_PHYS_s05_T2_ctrl,1,276,19.2,0.49239906668663025,0.08745926789673707
UBFC_PHYS_s05_T2_ctrl,1,277,19.233333333333334,0.6123939752578735,-0.16537946455235902
UBFC_PHYS_s05_T2_ctrl,1,278,19.266666666666666,0.6418319940567017,-0.39819776086188907
UBFC_PHYS_s05_T2_ctrl,1,279,19.3,0.6064730286598206,-0.596183473332681
UBFC_PHYS_s05_T2_ctrl,1,280,19.333333333333332,0.5526592135429382,-0.7504399304120204
UBFC_PHYS_s05_T2_ctrl,1,281,19.366666666666667,0.5261945128440857,-0.8570002211984991
UBFC_PHYS_s05_T2_ctrl,1,282,19.4,0.5264636278152466,-0.9143794071097899
UBFC_PHYS_s05_T2_ctrl,1,283,19.433333333333334,0.4986788332462311,-0.9210548818117044
UBFC_PHYS_s05_T2_ctrl,1,284,19.466666666666665,0.41340211033821106,-0.8740409022461152
UBFC_PHYS_s05_T2_ctrl,1,285,19.5,0.3224222958087921,-0.7692522242828911
UBFC_PHYS_s05_T2_ctrl,1,286,19.533333333333335,0.26067548990249634,-0.6037140109409453
UBFC_PHYS_s05_T2_ctrl,1,287,19.566666666666666,0.16450528800487518,-0.3790026935574265
UBFC_PHYS_s05_T2_ctrl,1,288,19.6,-0.011148898862302303,-0.10486975734203291
UBFC_PHYS_s05_T2_ctrl,1,289,19.633333333333333,-0.19895251095294952,0.19827053696915606
UBFC_PHYS_s05_T2_ctrl,1,290,19.666666666666668,-0.2769113779067993,0.5000655245909442
UBFC_PHYS_s05_T2_ctrl,1,291,19.7,-0.1848166137933731,0.7664490679411081
UBFC_PHYS_s05_T2_ctrl,1,292,19.733333333333334,0.020224327221512794,0.9689152752142175
UBFC_PHYS_s05_T2_ctrl,1,293,19.766666666666666,0.22316347062587738,1.090163613165014
UBFC_PHYS_s05_T2_ctrl,1,294,19.8,0.3597164750099182,1.1243077126564356
UBFC_PHYS_s05_T2_ctrl,1,295,19.833333333333332,0.4391748011112213,1.0750380240875237
UBFC_PHYS_s05_T2_ctrl,1,296,19.866666666666667,0.4746875464916229,0.9535613932306095
UBFC_PHYS_s05_T2_ctrl,1,297,19.9,0.4611411690711975,0.7760720556931618
UBFC_PHYS_s05_T2_ctrl,1,298,19.933333333333334,0.40584075450897217,0.5609385432360475
UBFC_PHYS_s05_T2_ctrl,1,299,19.966666666666665,0.33899322152137756,0.3262865299295431
UBFC_PHYS_s05_T2_ctrl,2,0,20.0,0.2793610095977783,-0.0751203409911213
UBFC_PHYS_s05_T2_ctrl,2,1,20.033333333333335,0.2135259509086609,-0.26237055107931706
UBFC_PHYS_s05_T2_ctrl,2,2,20.066666666666666,0.13178639113903046,-0.4550111544416953
UBFC_PHYS_s05_T2_ctrl,2,3,20.1,0.053135454654693604,-0.6519739626832423
UBFC_PHYS_s05_T2_ctrl,2,4,20.133333333333333,-0.018184805288910866,-0.8381611761703878
UBFC_PHYS_s05_T2_ctrl,2,5,20.166666666666668,-0.12151908874511719,-0.9846185545843622
UBFC_PHYS_s05_T2_ctrl,2,6,20.2,-0.26997801661491394,-1.0546875592386589
UBFC_PHYS_s05_T2_ctrl,2,7,20.233333333333334,-0.37604206800460815,-1.0133965205208322
UBFC_PHYS_s05_T2_ctrl,2,8,20.266666666666666,-0.32493242621421814,-0.8380996703306798
UBFC_PHYS_s05_T2_ctrl,2,9,20.3,-0.1253766566514969,-0.5293122078298542
UBFC_PHYS_s05_T2_ctrl,2,10,20.333333333333332,0.10833336412906647,-0.11744483506018259
UBFC_PHYS_s05_T2_ctrl,2,11,20.366666666666667,0.2900494337081909,0.34123946290438706
UBFC_PHYS_s05_T2_ctrl,2,12,20.4,0.4103519320487976,0.7786244360492653
UBFC_PHYS_s05_T2_ctrl,2,13,20.433333333333334,0.48911818861961365,1.1304658124720584
UBFC_PHYS_s05_T2_ctrl,2,14,20.466666666666665,0.5264508128166199,1.3482319779760956
UBFC_PHYS_s05_T2_ctrl,2,15,20.5,0.5148524641990662,1.4051652567260746
UBFC_PHYS_s05_T2_ctrl,2,16,20.533333333333335,0.49089962244033813,1.2969330204793086
UBFC_PHYS_s05_T2_ctrl,2,17,20.566666666666666,0.5127890706062317,1.0391073231421228
UBFC_PHYS_s05_T2_ctrl,2,18,20.6,0.5732927918434143,0.6633895535910702
UBFC_PHYS_s05_T2_ctrl,2,19,20.633333333333333,0.5748947262763977,0.21368150153748905
UBFC_PHYS_s05_T2_ctrl,2,20,20.666666666666668,0.3857967257499695,-0.2583989086654443
UBFC_PHYS_s05_T2_ctrl,2,21,20.7,-0.03121853619813919,-0.7001503526473315
UBFC_PHYS_s05_T2_ctrl,2,22,20.733333333333334,-0.5434812903404236,-1.0652043148351855
UBFC_PHYS_s05_T2_ctrl,2,23,20.766666666666666,-0.9576258063316345,-1.3175640375046433
UBFC_PHYS_s05_T2_ctrl,2,24,20.8,-1.1882215738296509,-1.432029757910651
UBFC_PHYS_s05_T2_ctrl,2,25,20.833333333333332,-1.247456431388855,-1.3946208761150172
UBFC_PHYS_s05_T2_ctrl,2,26,20.866666666666667,-1.1479157209396362,-1.2048044687263417
UBFC_PHYS_s05_T2_ctrl,2,27,20.9,-0.9061316847801208,-0.8789438707707409
UBFC_PHYS_s05_T2_ctrl,2,28,20.933333333333334,-0.5700101256370544,-0.4523393213015991
UBFC_PHYS_s05_T2_ctrl,2,29,20.966666666666665,-0.2097562849521637,0.024120035233250875
UBFC_PHYS_s05_T2_ctrl,2,30,21.0,0.09942634403705597,0.49228557658067706
UBFC_PHYS_s05_T2_ctrl,2,31,21.033333333333335,0.2940607964992523,0.8952674530322866
UBFC_PHYS_s05_T2_ctrl,2,32,21.066666666666666,0.3792991042137146,1.183497114311132
UBFC_PHYS_s05_T2_ctrl,2,33,21.1,0.40223950147628784,1.3183351950772246
UBFC_PHYS_s05_T2_ctrl,2,34,21.133333333333333,0.3911281228065491,1.2759634628724639
UBFC_PHYS_s05_T2_ctrl,2,35,21.166666666666668,0.3500404953956604,1.055984731662659
UBFC_PHYS_s05_T2_ctrl,2,36,21.2,0.2729787230491638,0.6902706886767398
UBFC_PHYS_s05_T2_ctrl,2,37,21.233333333333334,0.13938619196414948,0.23976120810076681
UBFC_PHYS_s05_T2_ctrl,2,38,21.266666666666666,-0.03348694369196892,-0.22162537871362947
UBFC_PHYS_s05_T2_ctrl,2,39,21.3,-0.18670055270195007,-0.6249406444273874
UBFC_PHYS_s05_T2_ctrl,2,40,21.333333333333332,-0.34233635663986206,-0.9191393743478969
UBFC_PHYS_s05_T2_ctrl,2,41,21.366666666666667,-0.5420330762863159,-1.0776873676870045
UBFC_PHYS_s05_T2_ctrl,2,42,21.4,-0.7081651091575623,-1.0985209956820958
UBFC_PHYS_s05_T2_ctrl,2,43,21.433333333333334,-0.7600180506706238,-0.9978344232198689
UBFC_PHYS_s05_T2_ctrl,2,44,21.466666666666665,-0.7153676152229309,-0.800206582396492
UBFC_PHYS_s05_T2_ctrl,2,45,21.5,-0.5707150101661682,-0.529131885598644
UBFC_PHYS_s05_T2_ctrl,2,46,21.533333333333335,-0.2885097563266754,-0.20261730407634196
UBFC_PHYS_s05_T2_ctrl,2,47,21.566666666666666,0.05558328330516815,0.16196062684213478
UBFC_PHYS_s05_T2_ctrl,2,48,21.6,0.3422996997833252,0.5380090804322001
UBFC_PHYS_s05_T2_ctrl,2,49,21.633333333333333,0.5352809429168701,0.8864849935837636
UBFC_PHYS_s05_T2_ctrl,2,50,21.666666666666668,0.6746662259101868,1.163002200844292
UBFC_PHYS_s05_T2_ctrl,2,51,21.7,0.7972499132156372,1.3301042399365408
UBFC_PHYS_s05_T2_ctrl,2,52,21.733333333333334,0.9082865715026855,1.3683089471445706
UBFC_PHYS_s05_T2_ctrl,2,53,21.766666666666666,1.0066097974777222,1.279833478050173
UBFC_PHYS_s05_T2_ctrl,2,54,21.8,1.0976024866104126,1.083676472297528
UBFC_PHYS_s05_T2_ctrl,2,55,21.833333333333332,1.177688717842102,0.8057649096054196
UBFC_PHYS_s05_T2_ctrl,2,56,21.866666666666667,1.2063578367233276,0.4698584040950691
UBFC_PHYS_s05_T2_ctrl,2,57,21.9,1.093027114868164,0.09550641408938847
UBFC_PHYS_s05_T2_ctrl,2,58,21.933333333333334,0.7917647361755371,-0.2974507273581302
UBFC_PHYS_s05_T2_ctrl,2,59,21.966666666666665,0.36138251423835754,-0.684896321150675
UBFC_PHYS_s05_T2_ctrl,2,60,22.0,-0.09877093136310577,-1.0385738097344306
UBFC_PHYS_s05_T2_ctrl,2,61,22.033333333333335,-0.45443668961524963,-1.3295399526089478
UBFC_PHYS_s05_T2_ctrl,2,62,22.066666666666666,-0.6369088888168335,-1.5327495657018095
UBFC_PHYS_s05_T2_ctrl,2,63,22.1,-0.7503036260604858,-1.6297880219902994
UBFC_PHYS_s05_T2_ctrl,2,64,22.133333333333333,-0.8790517449378967,-1.6093493997483002
UBFC_PHYS_s05_T2_ctrl,2,65,22.166666666666668,-0.9211646914482117,-1.4676559582247233
UBFC_PHYS_s05_T2_ctrl,2,66,22.2,-0.7869057059288025,-1.2099818480494942
UBFC_PHYS_s05_T2_ctrl,2,67,22.233333333333334,-0.5181571245193481,-0.8530122933192043
UBFC_PHYS_s05_T2_ctrl,2,68,22.266666666666666,-0.18329153954982758,-0.42644942049433165
UBFC_PHYS_s05_T2_ctrl,2,69,22.3,0.13118404150009155,0.028651041119863274
UBFC_PHYS_s05_T2_ctrl,2,70,22.333333333333332,0.3577940762042999,0.4657617052253268
UBFC_PHYS_s05_T2_ctrl,2,71,22.366666666666667,0.5026645660400391,0.8419959439176504
UBFC_PHYS_s05_T2_ctrl,2,72,22.4,0.608241617679596,1.126785586482202
UBFC_PHYS_s05_T2_ctrl,2,73,22.433333333333334,0.7213672399520874,1.3045650741465318
UBFC_PHYS_s05_T2_ctrl,2,74,22.466666666666665,0.8351848721504211,1.37102450885966
UBFC_PHYS_s05_T2_ctrl,2,75,22.5,0.8608806729316711,1.327654800579638
UBFC_PHYS_s05_T2_ctrl,2,76,22.533333333333335,0.7652102708816528,1.1789494800232259
UBFC_PHYS_s05_T2_ctrl,2,77,22.566666666666666,0.6134576797485352,0.9351148194953229
UBFC_PHYS_s05_T2_ctrl,2,78,22.6,0.3753261864185333,0.6180378941393736
UBFC_PHYS_s05_T2_ctrl,2,79,22.633333333333333,-0.01571134477853775,0.2637541114211576
UBFC_PHYS_s05_T2_ctrl,2,80,22.666666666666668,-0.472929984331131,-0.08160614296442148
UBFC_PHYS_s05_T2_ctrl,2,81,22.7,-0.8495368361473083,-0.3708340305010015
UBFC_PHYS_s05_T2_ctrl,2,82,22.733333333333334,-1.1166578531265259,-0.5663206901903656
UBFC_PHYS_s05_T2_ctrl,2,83,22.766666666666666,-1.3165595531463623,-0.648022103489842
UBFC_PHYS_s05_T2_ctrl,2,84,22.8,-1.4623528718948364,-0.6164545215211528
UBFC_PHYS_s05_T2_ctrl,2,85,22.833333333333332,-1.5233819484710693,-0.49094531509688183
UBFC_PHYS_s05_T2_ctrl,2,86,22.866666666666667,-1.440911889076233,-0.3038271072144552
UBFC_PHYS_s05_T2_ctrl,2,87,22.9,-1.183646321296692,-0.09159209028742595
UBFC_PHYS_s05_T2_ctrl,2,88,22.933333333333334,-0.8210471868515015,0.11341376365799825
UBFC_PHYS_s05_T2_ctrl,2,89,22.966666666666665,-0.4835287034511566,0.2853677338292051
UBFC_PHYS_s05_T2_ctrl,2,90,23.0,-0.20527073740959167,0.40251835164004857
UBFC_PHYS_s05_T2_ctrl,2,91,23.033333333333335,0.09096787869930267,0.4470403033602738
UBFC_PHYS_s05_T2_ctrl,2,92,23.066666666666666,0.3821057677268982,0.4095777351537193
UBFC_PHYS_s05_T2_ctrl,2,93,23.1,0.5409583449363708,0.29534422391098464
UBFC_PHYS_s05_T2_ctrl,2,94,23.133333333333333,0.5721008777618408,0.12694268640814643
UBFC_PHYS_s05_T2_ctrl,2,95,23.166666666666668,0.6062936186790466,-0.06134002528730295
UBFC_PHYS_s05_T2_ctrl,2,96,23.2,0.6908270120620728,-0.2355875610341903
UBFC_PHYS_s05_T2_ctrl,2,97,23.233333333333334,0.781319797039032,-0.3715031993550031
UBFC_PHYS_s05_T2_ctrl,2,98,23.266666666666666,0.8401318192481995,-0.4570023116625312
UBFC_PHYS_s05_T2_ctrl,2,99,23.3,0.8223177790641785,-0.4904222078877019
UBFC_PHYS_s05_T2_ctrl,2,100,23.333333333333332,0.7158691883087158,-0.4768339440216404
UBFC_PHYS_s05_T2_ctrl,2,101,23.366666666666667,0.5947849750518799,-0.42443561261634444
UBFC_PHYS_s05_T2_ctrl,2,102,23.4,0.4988197982311249,-0.3421519133898439
UBFC_PHYS_s05_T2_ctrl,2,103,23.433333333333334,0.3348537087440491,-0.23853077532058553
UBFC_PHYS_s05_T2_ctrl,2,104,23.466666666666665,0.02382558397948742,-0.12215513274794926
UBFC_PHYS_s05_T2_ctrl,2,105,23.5,-0.3438742756843567,-0.003889515991469766
UBFC_PHYS_s05_T2_ctrl,2,106,23.533333333333335,-0.5875166058540344,0.10067875420768738
UBFC_PHYS_s05_T2_ctrl,2,107,23.566666666666666,-0.6210684776306152,0.171795790260959
UBFC_PHYS_s05_T2_ctrl,2,108,23.6,-0.4763646125793457,0.19069173300451123
UBFC_PHYS_s05_T2_ctrl,2,109,23.633333333333333,-0.24649935960769653,0.14878184101850775
UBFC_PHYS_s05_T2_ctrl,2,110,23.666666666666668,-0.025079738348722458,0.05541744964012711
UBFC_PHYS_s05_T2_ctrl,2,111,23.7,0.1294538974761963,-0.06491406737090819
UBFC_PHYS_s05_T2_ctrl,2,112,23.733333333333334,0.19325125217437744,-0.18412104496805473
UBFC_PHYS_s05_T2_ctrl,2,113,23.766666666666666,0.2009023278951645,-0.27850094601107744
UBFC_PHYS_s05_T2_ctrl,2,114,23.8,0.2362612783908844,-0.32996813899962135
UBFC_PHYS_s05_T2_ctrl,2,115,23.833333333333332,0.30582576990127563,-0.32700707729034817
UBFC_PHYS_s05_T2_ctrl,2,116,23.866666666666667,0.3115544617176056,-0.2671596028611571
UBFC_PHYS_s05_T2_ctrl,2,117,23.9,0.18774043023586273,-0.15753814128876412
UBFC_PHYS_s05_T2_ctrl,2,118,23.933333333333334,0.014457189477980137,-0.01170574052558029
UBFC_PHYS_s05_T2_ctrl,2,119,23.966666666666665,-0.023875048384070396,0.15634868677624333
UBFC_PHYS_s05_T2_ctrl,2,120,24.0,0.16651737689971924,0.33681011419450063
UBFC_PHYS_s05_T2_ctrl,2,121,24.033333333333335,0.4262436032295227,0.5204162172678002
UBFC_PHYS_s05_T2_ctrl,2,122,24.066666666666666,0.5169157981872559,0.6898847368386243
UBFC_PHYS_s05_T2_ctrl,2,123,24.1,0.39424237608909607,0.8188450365801508
UBFC_PHYS_s05_T2_ctrl,2,124,24.133333333333333,0.13978348672389984,0.8803247677059204
UBFC_PHYS_s05_T2_ctrl,2,125,24.166666666666668,-0.18265074491500854,0.855835808037068
UBFC_PHYS_s05_T2_ctrl,2,126,24.2,-0.49943315982818604,0.740074147050289
UBFC_PHYS_s05_T2_ctrl,2,127,24.233333333333334,-0.6974895000457764,0.5414231299650402
UBFC_PHYS_s05_T2_ctrl,2,128,24.266666666666666,-0.7110999226570129,0.27928210926418917
UBFC_PHYS_s05_T2_ctrl,2,129,24.3,-0.5983588099479675,-0.020288762904622414
UBFC_PHYS_s05_T2_ctrl,2,130,24.333333333333332,-0.4581276476383209,-0.32839289094118296
UBFC_PHYS_s05_T2_ctrl,2,131,24.366666666666667,-0.32508620619773865,-0.6141781092724555
UBFC_PHYS_s05_T2_ctrl,2,132,24.4,-0.195043683052063,-0.8446214789263017
UBFC_PHYS_s05_T2_ctrl,2,133,24.433333333333334,-0.10315395891666412,-0.9886968080061306
UBFC_PHYS_s05_T2_ctrl,2,134,24.466666666666665,-0.09870685636997223,-1.0250395154102832
UBFC_PHYS_s05_T2_ctrl,2,135,24.5,-0.17912638187408447,-0.9459718993556838
UBFC_PHYS_s05_T2_ctrl,2,136,24.533333333333335,-0.3149104118347168,-0.7568854472829043
UBFC_PHYS_s05_T2_ctrl,2,137,24.566666666666666,-0.4574740529060364,-0.4762519081351438
UBFC_PHYS_s05_T2_ctrl,2,138,24.6,-0.5445706248283386,-0.1371514584641046
UBFC_PHYS_s05_T2_ctrl,2,139,24.633333333333333,-0.6077015399932861,0.21348779363938325
UBFC_PHYS_s05_T2_ctrl,2,140,24.666666666666668,-0.7737823128700256,0.5208003401858261
UBFC_PHYS_s05_T2_ctrl,2,141,24.7,-1.0523093938827515,0.7340054649748446
UBFC_PHYS_s05_T2_ctrl,2,142,24.733333333333334,-1.284814715385437,0.820877117234803
UBFC_PHYS_s05_T2_ctrl,2,143,24.766666666666666,-1.3857395648956299,0.7770046095687843
UBFC_PHYS_s05_T2_ctrl,2,144,24.8,-1.4724260568618774,0.6249852256599635
UBFC_PHYS_s05_T2_ctrl,2,145,24.833333333333332,-1.6518609523773193,0.40264656014568007
UBFC_PHYS_s05_T2_ctrl,2,146,24.866666666666667,-1.8122385740280151,0.14717620920900618
UBFC_PHYS_s05_T2_ctrl,2,147,24.9,-1.736138105392456,-0.11186366308289653
UBFC_PHYS_s05_T2_ctrl,2,148,24.933333333333334,-1.3880208730697632,-0.3494705504591684
UBFC_PHYS_s05_T2_ctrl,2,149,24.966666666666665,-0.9226769804954529,-0.54278142990583
UBFC_PHYS_s05_T2_ctrl,2,150,25.0,-0.4103885889053345,-0.672906374081109
UBFC_PHYS_s05_T2_ctrl,2,151,25.033333333333335,0.22472700476646423,-0.7264994956042488
UBFC_PHYS_s05_T2_ctrl,2,152,25.066666666666666,0.9812472462654114,-0.6957218080799085
UBFC_PHYS_s05_T2_ctrl,2,153,25.1,1.7682435512542725,-0.5788180527328726
UBFC_PHYS_s05_T2_ctrl,2,154,25.133333333333333,2.521393299102783,-0.3823523919339787
UBFC_PHYS_s05_T2_ctrl,2,155,25.166666666666668,3.231045961380005,-0.1245966955565948
UBFC_PHYS_s05_T2_ctrl,2,156,25.2,3.8868589401245117,0.16208233009045825
UBFC_PHYS_s05_T2_ctrl,2,157,25.233333333333334,4.323879718780518,0.43311905847065224
UBFC_PHYS_s05_T2_ctrl,2,158,25.266666666666666,4.192312240600586,0.6397228506946382
UBFC_PHYS_s05_T2_ctrl,2,159,25.3,3.347900867462158,0.7425762339842022
UBFC_PHYS_s05_T2_ctrl,2,160,25.333333333333332,2.1527833938598633,0.7258787227705409
UBFC_PHYS_s05_T2_ctrl,2,161,25.366666666666667,1.1034079790115356,0.6024374298801229
UBFC_PHYS_s05_T2_ctrl,2,162,25.4,0.30731239914894104,0.4075099670138098
UBFC_PHYS_s05_T2_ctrl,2,163,25.433333333333334,-0.5322161316871643,0.1866150346633751
UBFC_PHYS_s05_T2_ctrl,2,164,25.466666666666665,-1.594561219215393,-0.01743189649092923
UBFC_PHYS_s05_T2_ctrl,2,165,25.5,-2.6190097332000732,-0.17408847837976568
UBFC_PHYS_s05_T2_ctrl,2,166,25.533333333333335,-3.195774793624878,-0.268886158199523
UBFC_PHYS_s05_T2_ctrl,2,167,25.566666666666666,-3.212371349334717,-0.3012018799664437
UBFC_PHYS_s05_T2_ctrl,2,168,25.6,-2.7735307216644287,-0.27819912652143447
UBFC_PHYS_s05_T2_ctrl,2,169,25.633333333333333,-2.076040267944336,-0.20900684874388947
UBFC_PHYS_s05_T2_ctrl,2,170,25.666666666666668,-1.3569039106369019,-0.1023032079563994
UBFC_PHYS_s05_T2_ctrl,2,171,25.7,-0.7649521827697754,0.03117546784182699
UBFC_PHYS_s05_T2_ctrl,2,172,25.733333333333334,-0.29006046056747437,0.17374254378557247
UBFC_PHYS_s05_T2_ctrl,2,173,25.766666666666666,0.1134340763092041,0.29939349884416705
UBFC_PHYS_s05_T2_ctrl,2,174,25.8,0.41873350739479065,0.3783669796780373
UBFC_PHYS_s05_T2_ctrl,2,175,25.833333333333332,0.5900174975395203,0.3858341023992003
UBFC_PHYS_s05_T2_ctrl,2,176,25.866666666666667,0.6541993021965027,0.3107851097189343
UBFC_PHYS_s05_T2_ctrl,2,177,25.9,0.6839448809623718,0.1599283983023819
UBFC_PHYS_s05_T2_ctrl,2,178,25.933333333333334,0.7341830730438232,-0.04535426312831367
UBFC_PHYS_s05_T2_ctrl,2,179,25.966666666666665,0.8077717423439026,-0.27726815256500675
UBFC_PHYS_s05_T2_ctrl,2,180,26.0,0.8393500447273254,-0.5102588672676156
UBFC_PHYS_s05_T2_ctrl,2,181,26.033333333333335,0.7274675965309143,-0.7233258309511001
UBFC_PHYS_s05_T2_ctrl,2,182,26.066666666666666,0.44799211621284485,-0.8959996871324818
UBFC_PHYS_s05_T2_ctrl,2,183,26.1,0.05055946856737137,-1.0046307873643037
UBFC_PHYS_s05_T2_ctrl,2,184,26.133333333333333,-0.3541654050350189,-1.023321218198492
UBFC_PHYS_s05_T2_ctrl,2,185,26.166666666666668,-0.5965389609336853,-0.9303052462609833
UBFC_PHYS_s05_T2_ctrl,2,186,26.2,-0.6153526306152344,-0.7174764286222919
UBFC_PHYS_s05_T2_ctrl,2,187,26.233333333333334,-0.559885561466217,-0.3981064147120084
UBFC_PHYS_s05_T2_ctrl,2,188,26.266666666666666,-0.5629613995552063,-0.008256381014314775
UBFC_PHYS_s05_T2_ctrl,2,189,26.3,-0.6041259169578552,0.40107336087230344
UBFC_PHYS_s05_T2_ctrl,2,190,26.333333333333332,-0.6849042773246765,0.7775864503377394
UBFC_PHYS_s05_T2_ctrl,2,191,26.366666666666667,-0.8493061661720276,1.0780084979363502
UBFC_PHYS_s05_T2_ctrl,2,192,26.4,-1.062882423400879,1.2715095337418998
UBFC_PHYS_s05_T2_ctrl,2,193,26.433333333333334,-1.2190821170806885,1.338901939938334
UBFC_PHYS_s05_T2_ctrl,2,194,26.466666666666665,-1.2541592121124268,1.271338729808033
UBFC_PHYS_s05_T2_ctrl,2,195,26.5,-1.2245160341262817,1.072129720982475
UBFC_PHYS_s05_T2_ctrl,2,196,26.533333333333335,-1.2202740907669067,0.7611559635577552
UBFC_PHYS_s05_T2_ctrl,2,197,26.566666666666666,-1.2179927825927734,0.37731026923320615
UBFC_PHYS_s05_T2_ctrl,2,198,26.6,-1.178378939628601,-0.024663339887385033
UBFC_PHYS_s05_T2_ctrl,2,199,26.633333333333333,-1.176366925239563,-0.38456346578056116
UBFC_PHYS_s05_T2_ctrl,2,200,26.666666666666668,-1.2833409309387207,-0.6506520836694862
UBFC_PHYS_s05_T2_ctrl,2,201,26.7,-1.4006060361862183,-0.7887998643958168
UBFC_PHYS_s05_T2_ctrl,2,202,26.733333333333334,-1.29445219039917,-0.7852149199990169
UBFC_PHYS_s05_T2_ctrl,2,203,26.766666666666666,-0.7830865979194641,-0.6478854614621982
UBFC_PHYS_s05_T2_ctrl,2,204,26.8,0.0012696696212515235,-0.4071141868962861
UBFC_PHYS_s05_T2_ctrl,2,205,26.833333333333332,0.6090490221977234,-0.110579718059135
UBFC_PHYS_s05_T2_ctrl,2,206,26.866666666666667,0.707141637802124,0.1874551570843408
UBFC_PHYS_s05_T2_ctrl,2,207,26.9,0.4694458544254303,0.43862191333279527
UBFC_PHYS_s05_T2_ctrl,2,208,26.933333333333334,0.38830864429473877,0.6096159010437798
UBFC_PHYS_s05_T2_ctrl,2,209,26.966666666666665,0.7212006449699402,0.6832913298756152
UBFC_PHYS_s05_T2_ctrl,2,210,27.0,1.342628836631775,0.6534989634184477
UBFC_PHYS_s05_T2_ctrl,2,211,27.033333333333335,2.0599069595336914,0.5214479682036229
UBFC_PHYS_s05_T2_ctrl,2,212,27.066666666666666,2.70882511138916,0.29610491678270656
UBFC_PHYS_s05_T2_ctrl,2,213,27.1,3.0663492679595947,-0.004750788758601316
UBFC_PHYS_s05_T2_ctrl,2,214,27.133333333333333,3.0100748538970947,-0.35493478064111955
UBFC_PHYS_s05_T2_ctrl,2,215,27.166666666666668,2.631199598312378,-0.7219450817719535
UBFC_PHYS_s05_T2_ctrl,2,216,27.2,2.0448739528656006,-1.070059718341044
UBFC_PHYS_s05_T2_ctrl,2,217,27.233333333333334,1.3114734888076782,-1.3630373547511216
UBFC_PHYS_s05_T2_ctrl,2,218,27.266666666666666,0.6080365777015686,-1.5660296449113191
UBFC_PHYS_s05_T2_ctrl,2,219,27.3,0.2037346214056015,-1.647364772557392
UBFC_PHYS_s05_T2_ctrl,2,220,27.333333333333332,0.16280077397823334,-1.5812926563702565
UBFC_PHYS_s05_T2_ctrl,2,221,27.366666666666667,0.2849871814250946,-1.3528013921819753
UBFC_PHYS_s05_T2_ctrl,2,222,27.4,0.35667911171913147,-0.9641245602143834
UBFC_PHYS_s05_T2_ctrl,2,223,27.433333333333334,0.34891268610954285,-0.44096461696370615
UBFC_PHYS_s05_T2_ctrl,2,224,27.466666666666665,0.30760717391967773,0.16585962939602233
UBFC_PHYS_s05_T2_ctrl,2,225,27.5,0.20900194346904755,0.7888599184697636
UBFC_PHYS_s05_T2_ctrl,2,226,27.533333333333335,0.03889703378081322,1.3592288525172442
UBFC_PHYS_s05_T2_ctrl,2,227,27.566666666666666,-0.12353117763996124,1.8178618954379926
UBFC_PHYS_s05_T2_ctrl,2,228,27.6,-0.24321849644184113,2.1186866736151315
UBFC_PHYS_s05_T2_ctrl,2,229,27.633333333333333,-0.37556788325309753,2.229412061932824
UBFC_PHYS_s05_T2_ctrl,2,230,27.666666666666668,-0.5364325642585754,2.1337676785526187
UBFC_PHYS_s05_T2_ctrl,2,231,27.7,-0.6913250684738159,1.8369183355112308
UBFC_PHYS_s05_T2_ctrl,2,232,27.733333333333334,-0.8584694862365723,1.3708559019928794
UBFC_PHYS_s05_T2_ctrl,2,233,27.766666666666666,-1.0742886066436768,0.7924824016865583
UBFC_PHYS_s05_T2_ctrl,2,234,27.8,-1.3048715591430664,0.17290068853674642
UBFC_PHYS_s05_T2_ctrl,2,235,27.833333333333332,-1.4578288793563843,-0.41720846551037866
UBFC_PHYS_s05_T2_ctrl,2,236,27.866666666666667,-1.4171769618988037,-0.9206307016401316
UBFC_PHYS_s05_T2_ctrl,2,237,27.9,-1.143084168434143,-1.3001022484427602
UBFC_PHYS_s05_T2_ctrl,2,238,27.933333333333334,-0.7556734681129456,-1.537178770435493
UBFC_PHYS_s05_T2_ctrl,2,239,27.966666666666665,-0.41497665643692017,-1.6264322918679919
UBFC_PHYS_s05_T2_ctrl,2,240,28.0,-0.18027980625629425,-1.5691806889947397
UBFC_PHYS_s05_T2_ctrl,2,241,28.033333333333335,-0.05523545667529106,-1.3711586536695242
UBFC_PHYS_s05_T2_ctrl,2,242,28.066666666666666,-0.031205719336867332,-1.0452377895287281
UBFC_PHYS_s05_T2_ctrl,2,243,28.1,-0.054171741008758545,-0.6167582843243945
UBFC_PHYS_s05_T2_ctrl,2,244,28.133333333333333,-0.050724275410175323,-0.1277611215216244
UBFC_PHYS_s05_T2_ctrl,2,245,28.166666666666668,-0.029949765652418137,0.36394224170839434
UBFC_PHYS_s05_T2_ctrl,2,246,28.2,-0.05793960392475128,0.7929244155420541
UBFC_PHYS_s05_T2_ctrl,2,247,28.233333333333334,-0.12383875995874405,1.1009004050392848
UBFC_PHYS_s05_T2_ctrl,2,248,28.266666666666666,-0.16499048471450806,1.2522176045908273
UBFC_PHYS_s05_T2_ctrl,2,249,28.3,-0.21772775053977966,1.2401897235034502
UBFC_PHYS_s05_T2_ctrl,2,250,28.333333333333332,-0.3632262051105499,1.082287305974675
UBFC_PHYS_s05_T2_ctrl,2,251,28.366666666666667,-0.5654861330986023,0.8104600593742485
UBFC_PHYS_s05_T2_ctrl,2,252,28.4,-0.6814055442810059,0.46188700518399217
UBFC_PHYS_s05_T2_ctrl,2,253,28.433333333333334,-0.5966158509254456,0.07321288060590653
UBFC_PHYS_s05_T2_ctrl,2,254,28.466666666666665,-0.3307764530181885,-0.32138422940686273
UBFC_PHYS_s05_T2_ctrl,2,255,28.5,-0.00880359672009945,-0.6905063028354997
UBFC_PHYS_s05_T2_ctrl,2,256,28.533333333333335,0.2607908248901367,-1.0056957274847254
UBFC_PHYS_s05_T2_ctrl,2,257,28.566666666666666,0.43257462978363037,-1.2417046316178886
UBFC_PHYS_s05_T2_ctrl,2,258,28.6,0.47828879952430725,-1.3771112615265355
UBFC_PHYS_s05_T2_ctrl,2,259,28.633333333333333,0.41444018483161926,-1.3954475007254687
UBFC_PHYS_s05_T2_ctrl,2,260,28.666666666666668,0.3184494078159332,-1.2872309477414254
UBFC_PHYS_s05_T2_ctrl,2,261,28.7,0.25017932057380676,-1.0533606311706474
UBFC_PHYS_s05_T2_ctrl,2,262,28.733333333333334,0.1976470947265625,-0.7087772536385625
UBFC_PHYS_s05_T2_ctrl,2,263,28.766666666666666,0.1152154803276062,-0.2839213869498004
UBFC_PHYS_s05_T2_ctrl,2,264,28.8,-0.008688253350555897,0.1775395334968557
UBFC_PHYS_s05_T2_ctrl,2,265,28.833333333333332,-0.1423448622226715,0.624897933727128
UBFC_PHYS_s05_T2_ctrl,2,266,28.866666666666667,-0.305234432220459,1.0089124043285247
UBFC_PHYS_s05_T2_ctrl,2,267,28.9,-0.5905539393424988,1.2895128618739256
UBFC_PHYS_s05_T2_ctrl,2,268,28.933333333333334,-0.9836291670799255,1.4409666747576761
UBFC_PHYS_s05_T2_ctrl,2,269,28.966666666666665,-1.2547872066497803,1.4543703413126985
UBFC_PHYS_s05_T2_ctrl,2,270,29.0,-1.2166343927383423,1.337526270762156
UBFC_PHYS_s05_T2_ctrl,2,271,29.033333333333335,-0.9709414839744568,1.1123349801316145
UBFC_PHYS_s05_T2_ctrl,2,272,29.066666666666666,-0.7318872213363647,0.8106361356050219
UBFC_PHYS_s05_T2_ctrl,2,273,29.1,-0.5699460506439209,0.47005573492096464
UBFC_PHYS_s05_T2_ctrl,2,274,29.133333333333333,-0.4820420444011688,0.13018172218522484
UBFC_PHYS_s05_T2_ctrl,2,275,29.166666666666668,-0.45992186665534973,-0.1717671771095793
UBFC_PHYS_s05_T2_ctrl,2,276,29.2,-0.4794788658618927,-0.405944921348547
UBFC_PHYS_s05_T2_ctrl,2,277,29.233333333333334,-0.513543426990509,-0.5548080706645169
UBFC_PHYS_s05_T2_ctrl,2,278,29.266666666666666,-0.5127232074737549,-0.616216029801964
UBFC_PHYS_s05_T2_ctrl,2,279,29.3,-0.4276515245437622,-0.6022899680139077
UBFC_PHYS_s05_T2_ctrl,2,280,29.333333333333332,-0.3099763095378876,-0.5342939104025877
UBFC_PHYS_s05_T2_ctrl,2,281,29.366666666666667,-0.26942694187164307,-0.4364532689606798
UBFC_PHYS_s05_T2_ctrl,2,282,29.4,-0.34898778796195984,-0.3308169235251427
UBFC_PHYS_s05_T2_ctrl,2,283,29.433333333333334,-0.5339590907096863,-0.23406695226911026
UBFC_PHYS_s05_T2_ctrl,2,284,29.466666666666665,-0.7696427702903748,-0.15636448733571578
UBFC_PHYS_s05_T2_ctrl,2,285,29.5,-0.8854084610939026,-0.10162003580267902
UBFC_PHYS_s05_T2_ctrl,2,286,29.533333333333335,-0.6721012592315674,-0.06887891317996905
UBFC_PHYS_s05_T2_ctrl,2,287,29.566666666666666,-0.18932780623435974,-0.054885223044912924
UBFC_PHYS_s05_T2_ctrl,2,288,29.6,0.3046210706233978,-0.05668169696818469
UBFC_PHYS_s05_T2_ctrl,2,289,29.633333333333333,0.6499700546264648,-0.07213599318513193
UBFC_PHYS_s05_T2_ctrl,2,290,29.666666666666668,0.8577408194541931,-0.09839006193966046
UBFC_PHYS_s05_T2_ctrl,2,291,29.7,0.963535726070404,-0.13031220915624134
UBFC_PHYS_s05_T2_ctrl,2,292,29.733333333333334,0.973160445690155,-0.1603983183918417
UBFC_PHYS_s05_T2_ctrl,2,293,29.766666666666666,0.9070305824279785,-0.18054269181094051
UBFC_PHYS_s05_T2_ctrl,2,294,29.8,0.8160892724990845,-0.1846205519257781
UBFC_PHYS_s05_T2_ctrl,2,295,29.833333333333332,0.7383610606193542,-0.16961458215030767
UBFC_PHYS_s05_T2_ctrl,2,296,29.866666666666667,0.6555321216583252,-0.13514395704162618
UBFC_PHYS_s05_T2_ctrl,2,297,29.9,0.5260022282600403,-0.08337398045623862
UBFC_PHYS_s05_T2_ctrl,2,298,29.933333333333334,0.35975492000579834,-0.019495006140511265
UBFC_PHYS_s05_T2_ctrl,2,299,29.966666666666665,0.18554891645908356,0.04888722416312377
UBFC_PHYS_s05_T2_ctrl,3,0,30.0,-0.023221438750624657,-0.021190529725074365
UBFC_PHYS_s05_T2_ctrl,3,1,30.033333333333335,-0.2451280653476715,0.09689377509688343
UBFC_PHYS_s05_T2_ctrl,3,2,30.066666666666666,-0.2882149815559387,0.20526746801618478
UBFC_PHYS_s05_T2_ctrl,3,3,30.1,-0.023029200732707977,0.2923191240280299
UBFC_PHYS_s05_T2_ctrl,3,4,30.133333333333333,0.38706550002098083,0.34715660750491917
UBFC_PHYS_s05_T2_ctrl,3,5,30.166666666666668,0.6915831565856934,0.36092795777605235
UBFC_PHYS_s05_T2_ctrl,3,6,30.2,0.8551520109176636,0.32867529010869634
UBFC_PHYS_s05_T2_ctrl,3,7,30.233333333333334,0.9604470729827881,0.25269261757069583
UBFC_PHYS_s05_T2_ctrl,3,8,30.266666666666666,0.9943835139274597,0.14520905247337781
UBFC_PHYS_s05_T2_ctrl,3,9,30.3,0.9188980460166931,0.02561884818153698
UBFC_PHYS_s05_T2_ctrl,3,10,30.333333333333332,0.7961605787277222,-0.08639085271304339
UBFC_PHYS_s05_T2_ctrl,3,11,30.366666666666667,0.6925058960914612,-0.17465137448579449
UBFC_PHYS_s05_T2_ctrl,3,12,30.4,0.5857113599777222,-0.22593311274318956
UBFC_PHYS_s05_T2_ctrl,3,13,30.433333333333334,0.43134430050849915,-0.2297413549530203
UBFC_PHYS_s05_T2_ctrl,3,14,30.466666666666665,0.23964467644691467,-0.18046792625200708
UBFC_PHYS_s05_T2_ctrl,3,15,30.5,0.03810245171189308,-0.08045942829393674
UBFC_PHYS_s05_T2_ctrl,3,16,30.533333333333335,-0.1619531214237213,0.057753092522005826
UBFC_PHYS_s05_T2_ctrl,3,17,30.566666666666666,-0.354011595249176,0.21170918941571454
UBFC_PHYS_s05_T2_ctrl,3,18,30.6,-0.5656399130821228,0.352282279681068
UBFC_PHYS_s05_T2_ctrl,3,19,30.633333333333333,-0.7928266525268555,0.4491826146748414
UBFC_PHYS_s05_T2_ctrl,3,20,30.666666666666668,-0.8866259455680847,0.4775355557857232
UBFC_PHYS_s05_T2_ctrl,3,21,30.7,-0.6837893128395081,0.4240997725573039
UBFC_PHYS_s05_T2_ctrl,3,22,30.733333333333334,-0.2378358393907547,0.29088318007505126
UBFC_PHYS_s05_T2_ctrl,3,23,30.766666666666666,0.22534216940402985,0.0935487581411372
UBFC_PHYS_s05_T2_ctrl,3,24,30.8,0.5399202704429626,-0.14390017294939592
UBFC_PHYS_s05_T2_ctrl,3,25,30.833333333333332,0.6967095136642456,-0.3929806692220152
UBFC_PHYS_s05_T2_ctrl,3,26,30.866666666666667,0.7589561343193054,-0.6220473991308895
UBFC_PHYS_s05_T2_ctrl,3,27,30.9,0.7696830034255981,-0.7982460440226355
UBFC_PHYS_s05_T2_ctrl,3,28,30.933333333333334,0.7254042029380798,-0.8914984646232194
UBFC_PHYS_s05_T2_ctrl,3,29,30.966666666666665,0.6325405240058899,-0.8796003786034675
UBFC_PHYS_s05_T2_ctrl,3,30,31.0,0.5383054614067078,-0.7532693004965579
UBFC_PHYS_s05_T2_ctrl,3,31,31.033333333333335,0.46761319041252136,-0.5198869990865396
UBFC_PHYS_s05_T2_ctrl,3,32,31.066666666666666,0.38106769323349,-0.20448045361538061
UBFC_PHYS_s05_T2_ctrl,3,33,31.1,0.24821847677230835,0.15342286572827266
UBFC_PHYS_s05_T2_ctrl,3,34,31.133333333333333,0.0975424125790596,0.5064903166330375
UBFC_PHYS_s05_T2_ctrl,3,35,31.166666666666668,-0.03719072788953781,0.8073685025833383
UBFC_PHYS_s05_T2_ctrl,3,36,31.2,-0.17289787530899048,1.0157041405423943
UBFC_PHYS_s05_T2_ctrl,3,37,31.233333333333334,-0.3502693772315979,1.1034113188227477
UBFC_PHYS_s05_T2_ctrl,3,38,31.266666666666666,-0.5859915018081665,1.0578201840482935
UBFC_PHYS_s05_T2_ctrl,3,39,31.3,-0.8026307821273804,0.8828532399160345
UBFC_PHYS_s05_T2_ctrl,3,40,31.333333333333332,-0.7952488660812378,0.5982204481826555
UBFC_PHYS_s05_T2_ctrl,3,41,31.366666666666667,-0.4536292850971222,0.2364264881612468
UBFC_PHYS_s05_T2_ctrl,3,42,31.4,0.027221785858273506,-0.161615876465953
UBFC_PHYS_s05_T2_ctrl,3,43,31.433333333333334,0.38901352882385254,-0.5506987348885124
UBFC_PHYS_s05_T2_ctrl,3,44,31.466666666666665,0.6201090812683105,-0.8848499654441889
UBFC_PHYS_s05_T2_ctrl,3,45,31.5,0.8082075119018555,-1.1212673647494698
UBFC_PHYS_s05_T2_ctrl,3,46,31.533333333333335,0.9229991436004639,-1.2251785419664334
UBFC_PHYS_s05_T2_ctrl,3,47,31.566666666666666,0.9397366642951965,-1.1753594892985129
UBFC_PHYS_s05_T2_ctrl,3,48,31.6,0.9158222675323486,-0.9693290716354432
UBFC_PHYS_s05_T2_ctrl,3,49,31.633333333333333,0.8898573517799377,-0.6265921954245369
UBFC_PHYS_s05_T2_ctrl,3,50,31.666666666666668,0.8558183908462524,-0.18844398877321922
UBFC_PHYS_s05_T2_ctrl,3,51,31.7,0.8057084083557129,0.28669396130035046
UBFC_PHYS_s05_T2_ctrl,3,52,31.733333333333334,0.7221361994743347,0.7322964260164945
UBFC_PHYS_s05_T2_ctrl,3,53,31.766666666666666,0.5662184357643127,1.0857050256378926
UBFC_PHYS_s05_T2_ctrl,3,54,31.8,0.35083508491516113,1.2996803949731106
UBFC_PHYS_s05_T2_ctrl,3,55,31.833333333333332,0.15959680080413818,1.3487705320485917
UBFC_PHYS_s05_T2_ctrl,3,56,31.866666666666667,0.027670342475175858,1.2298987231415204
UBFC_PHYS_s05_T2_ctrl,3,57,31.9,-0.12572269141674042,0.9606552769032071
UBFC_PHYS_s05_T2_ctrl,3,58,31.933333333333334,-0.3820911645889282,0.5765023781850528
UBFC_PHYS_s05_T2_ctrl,3,59,31.966666666666665,-0.65164715051651,0.12552263836309438
UBFC_PHYS_s05_T2_ctrl,3,60,32.0,-0.6912481784820557,-0.33862406182132393
UBFC_PHYS_s05_T2_ctrl,3,61,32.03333333333333,-0.36026573181152344,-0.7628159864032431
UBFC_PHYS_s05_T2_ctrl,3,62,32.06666666666667,0.14830602705478668,-1.098818612786655
UBFC_PHYS_s05_T2_ctrl,3,63,32.1,0.5663337707519531,-1.3069287447377598
UBFC_PHYS_s05_T2_ctrl,3,64,32.13333333333333,0.8125264644622803,-1.3597275269787716
UBFC_PHYS_s05_T2_ctrl,3,65,32.166666666666664,0.9395700693130493,-1.246103553572815
UBFC_PHYS_s05_T2_ctrl,3,66,32.2,0.972378671169281,-0.9749372625204322
UBFC_PHYS_s05_T2_ctrl,3,67,32.233333333333334,0.9259211421012878,-0.5770861619468811
UBFC_PHYS_s05_T2_ctrl,3,68,32.266666666666666,0.8562413454055786,-0.10376050006542163
UBFC_PHYS_s05_T2_ctrl,3,69,32.3,0.8082844018936157,0.38065574920593426
UBFC_PHYS_s05_T2_ctrl,3,70,32.333333333333336,0.7749503254890442,0.8102395297217854
UBFC_PHYS_s05_T2_ctrl,3,71,32.36666666666667,0.7187784314155579,1.1295166978835378
UBFC_PHYS_s05_T2_ctrl,3,72,32.4,0.5947465300559998,1.3023279017518685
UBFC_PHYS_s05_T2_ctrl,3,73,32.43333333333333,0.3921918570995331,1.3153131422687916
UBFC_PHYS_s05_T2_ctrl,3,74,32.46666666666667,0.16099373996257782,1.1761955885917181
UBFC_PHYS_s05_T2_ctrl,3,75,32.5,-0.0499425083398819,0.9092820652371203
UBFC_PHYS_s05_T2_ctrl,3,76,32.53333333333333,-0.2678121328353882,0.5502071577783655
UBFC_PHYS_s05_T2_ctrl,3,77,32.56666666666667,-0.5468390583992004,0.14112017637151278
UBFC_PHYS_s05_T2_ctrl,3,78,32.6,-0.8318893909454346,-0.27335666862396607
UBFC_PHYS_s05_T2_ctrl,3,79,32.63333333333333,-0.93587726354599,-0.6498331214518647
UBFC_PHYS_s05_T2_ctrl,3,80,32.666666666666664,-0.7248256802558899,-0.9495862485321623
UBFC_PHYS_s05_T2_ctrl,3,81,32.7,-0.30254310369491577,-1.141264224390967
UBFC_PHYS_s05_T2_ctrl,3,82,32.733333333333334,0.09181372076272964,-1.2030513529042517
UBFC_PHYS_s05_T2_ctrl,3,83,32.766666666666666,0.33482804894447327,-1.1249847357825205
UBFC_PHYS_s05_T2_ctrl,3,84,32.8,0.4537208080291748,-0.9116031373371016
UBFC_PHYS_s05_T2_ctrl,3,85,32.833333333333336,0.4715348482131958,-0.5844392267679694
UBFC_PHYS_s05_T2_ctrl,3,86,32.86666666666667,0.4014449119567871,-0.18287764188540573
UBFC_PHYS_s05_T2_ctrl,3,87,32.9,0.2936250865459442,0.23874133566101363
UBFC_PHYS_s05_T2_ctrl,3,88,32.93333333333333,0.17887185513973236,0.6188573278051523
UBFC_PHYS_s05_T2_ctrl,3,89,32.96666666666667,0.06281142681837082,0.9008462294993388
UBFC_PHYS_s05_T2_ctrl,3,90,33.0,-0.021299060434103012,1.0457266999821084
UBFC_PHYS_s05_T2_ctrl,3,91,33.03333333333333,-0.054825350642204285,1.0388004370510477
UBFC_PHYS_s05_T2_ctrl,3,92,33.06666666666667,-0.11208661645650864,0.8885671258608652
UBFC_PHYS_s05_T2_ctrl,3,93,33.1,-0.2856261730194092,0.6214533094592197
UBFC_PHYS_s05_T2_ctrl,3,94,33.13333333333333,-0.5776739716529846,0.27548112890804344
UBFC_PHYS_s05_T2_ctrl,3,95,33.166666666666664,-0.8616350293159485,-0.10517545808004472
UBFC_PHYS_s05_T2_ctrl,3,96,33.2,-0.946194052696228,-0.47437296690519837
UBFC_PHYS_s05_T2_ctrl,3,97,33.233333333333334,-0.7433574199676514,-0.7879936570036771
UBFC_PHYS_s05_T2_ctrl,3,98,33.266666666666666,-0.3729918897151947,-1.0084918301471109
UBFC_PHYS_s05_T2_ctrl,3,99,33.3,-0.027450673282146454,-1.1099897115052815
UBFC_PHYS_s05_T2_ctrl,3,100,33.333333333333336,0.2122059166431427,-1.082281619082314
UBFC_PHYS_s05_T2_ctrl,3,101,33.36666666666667,0.31536078453063965,-0.9307879360406224
UBFC_PHYS_s05_T2_ctrl,3,102,33.4,0.2647893726825714,-0.6724353645738389
UBFC_PHYS_s05_T2_ctrl,3,103,33.43333333333333,0.136617973446846,-0.33040390548866905
UBFC_PHYS_s05_T2_ctrl,3,104,33.46666666666667,0.04944448918104172,0.06865879620939909
UBFC_PHYS_s05_T2_ctrl,3,105,33.5,0.016956282779574394,0.49163442954676756
UBFC_PHYS_s05_T2_ctrl,3,106,33.53333333333333,-0.03458910807967186,0.8942042683732275
UBFC_PHYS_s05_T2_ctrl,3,107,33.56666666666667,-0.1338479369878769,1.22468251111548
UBFC_PHYS_s05_T2_ctrl,3,108,33.6,-0.2507542073726654,1.4367916479701741
UBFC_PHYS_s05_T2_ctrl,3,109,33.63333333333333,-0.37127456068992615,1.5015703591620717
UBFC_PHYS_s05_T2_ctrl,3,110,33.666666666666664,-0.531049907207489,1.412704111860472
UBFC_PHYS_s05_T2_ctrl,3,111,33.7,-0.757916271686554,1.1849839601469903
UBFC_PHYS_s05_T2_ctrl,3,112,33.733333333333334,-0.9612911343574524,0.8481318699745438
UBFC_PHYS_s05_T2_ctrl,3,113,33.766666666666666,-0.9598429203033447,0.4401071484462108
UBFC_PHYS_s05_T2_ctrl,3,114,33.8,-0.697899580001831,0.0018868120032597725
UBFC_PHYS_s05_T2_ctrl,3,115,33.833333333333336,-0.31452593207359314,-0.42674191899800185
UBFC_PHYS_s05_T2_ctrl,3,116,33.86666666666667,0.03630823269486427,-0.8105881782008217
UBFC_PHYS_s05_T2_ctrl,3,117,33.9,0.28582021594047546,-1.1213738130695432
UBFC_PHYS_s05_T2_ctrl,3,118,33.93333333333333,0.4002273976802826,-1.3390043875710491
UBFC_PHYS_s05_T2_ctrl,3,119,33.96666666666667,0.3820801377296448,-1.4520794478006267
UBFC_PHYS_s05_T2_ctrl,3,120,34.0,0.3118492364883423,-1.4578485805416437
UBFC_PHYS_s05_T2_ctrl,3,121,34.03333333333333,0.26992854475975037,-1.3616719045726107
UBFC_PHYS_s05_T2_ctrl,3,122,34.06666666666667,0.23442861437797546,-1.175888354534124
UBFC_PHYS_s05_T2_ctrl,3,123,34.1,0.16847819089889526,-0.9179058181902441
UBFC_PHYS_s05_T2_ctrl,3,124,34.13333333333333,0.10620593279600143,-0.6081816174463288
UBFC_PHYS_s05_T2_ctrl,3,125,34.166666666666664,0.06379824876785278,-0.2694801204527173
UBFC_PHYS_s05_T2_ctrl,3,126,34.2,-0.04275280982255936,0.07328597697925247
UBFC_PHYS_s05_T2_ctrl,3,127,34.233333333333334,-0.28146103024482727,0.3951587110722023
UBFC_PHYS_s05_T2_ctrl,3,128,34.266666666666666,-0.5434300303459167,0.674809297435801
UBFC_PHYS_s05_T2_ctrl,3,129,34.3,-0.6020113229751587,0.8965513474714742
UBFC_PHYS_s05_T2_ctrl,3,130,34.333333333333336,-0.37187692523002625,1.0497879186393704
UBFC_PHYS_s05_T2_ctrl,3,131,34.36666666666667,0.008100522682070732,1.1275351215630807
UBFC_PHYS_s05_T2_ctrl,3,132,34.4,0.33641722798347473,1.1262323831837615
UBFC_PHYS_s05_T2_ctrl,3,133,34.43333333333333,0.5536717176437378,1.048968333843037
UBFC_PHYS_s05_T2_ctrl,3,134,34.46666666666667,0.7270702719688416,0.910410380153956
UBFC_PHYS_s05_T2_ctrl,3,135,34.5,0.8647254109382629,0.7382779265354957
UBFC_PHYS_s05_T2_ctrl,3,136,34.53333333333333,0.8810272216796875,0.5681700851465152
UBFC_PHYS_s05_T2_ctrl,3,137,34.56666666666667,0.7718873620033264,0.43149477004781056
UBFC_PHYS_s05_T2_ctrl,3,138,34.6,0.6095104217529297,0.34230083997985195
UBFC_PHYS_s05_T2_ctrl,3,139,34.63333333333333,0.42910152673721313,0.2935493015997182
UBFC_PHYS_s05_T2_ctrl,3,140,34.666666666666664,0.25340890884399414,0.26400990043778044
UBFC_PHYS_s05_T2_ctrl,3,141,34.7,0.12287936359643936,0.22741453832413575
UBFC_PHYS_s05_T2_ctrl,3,142,34.733333333333334,0.021723782643675804,0.15898942877811362
UBFC_PHYS_s05_T2_ctrl,3,143,34.766666666666666,-0.12333893775939941,0.03913750686145377
UBFC_PHYS_s05_T2_ctrl,3,144,34.8,-0.34602731466293335,-0.1445057678961161
UBFC_PHYS_s05_T2_ctrl,3,145,34.833333333333336,-0.5909640192985535,-0.3945462265663401
UBFC_PHYS_s05_T2_ctrl,3,146,34.86666666666667,-0.7336429953575134,-0.700908334360399
UBFC_PHYS_s05_T2_ctrl,3,147,34.9,-0.6882492303848267,-1.0398533094904712
UBFC_PHYS_s05_T2_ctrl,3,148,34.93333333333333,-0.5231937766075134,-1.3758594405513793
UBFC_PHYS_s05_T2_ctrl,3,149,34.96666666666667,-0.3597787320613861,-1.665627133143225
UBFC_PHYS_s05_T2_ctrl,3,150,35.0,-0.20008030533790588,-1.8635156570010494
UBFC_PHYS_s05_T2_ctrl,3,151,35.03333333333333,-0.009508469142019749,-1.9278231936314822
UBFC_PHYS_s05_T2_ctrl,3,152,35.06666666666667,0.13208115100860596,-1.827565461359961
UBFC_PHYS_s05_T2_ctrl,3,153,35.1,0.16032731533050537,-1.5494829531368615
UBFC_PHYS_s05_T2_ctrl,3,154,35.13333333333333,0.14296181499958038,-1.103534439267144
UBFC_PHYS_s05_T2_ctrl,3,155,35.166666666666664,0.16299301385879517,-0.5239015728072951
UBFC_PHYS_s05_T2_ctrl,3,156,35.2,0.20573391020298004,0.1355187880816157
UBFC_PHYS_s05_T2_ctrl,3,157,35.233333333333334,0.21974164247512817,0.8099282574054212
UBFC_PHYS_s05_T2_ctrl,3,158,35.266666666666666,0.19886460900306702,1.433501658110144
UBFC_PHYS_s05_T2_ctrl,3,159,35.3,0.15505999326705933,1.945708581871779
UBFC_PHYS_s05_T2_ctrl,3,160,35.333333333333336,0.06642550230026245,2.2945023591540763
UBFC_PHYS_s05_T2_ctrl,3,161,35.36666666666667,-0.08387890458106995,2.441428215081596
UBFC_PHYS_s05_T2_ctrl,3,162,35.4,-0.2769370377063751,2.368920507881357
UBFC_PHYS_s05_T2_ctrl,3,163,35.43333333333333,-0.47136643528938293,2.084973606774221
UBFC_PHYS_s05_T2_ctrl,3,164,35.46666666666667,-0.5659474730491638,1.622981596462848
UBFC_PHYS_s05_T2_ctrl,3,165,35.5,-0.4274977445602417,1.0376547346420455
UBFC_PHYS_s05_T2_ctrl,3,166,35.53333333333333,-0.09027402102947235,0.39755512453290465
UBFC_PHYS_s05_T2_ctrl,3,167,35.56666666666667,0.21052703261375427,-0.22557354937088087
UBFC_PHYS_s05_T2_ctrl,3,168,35.6,0.3486820161342621,-0.7681591518881761
UBFC_PHYS_s05_T2_ctrl,3,169,35.63333333333333,0.394306480884552,-1.1823119276382943
UBFC_PHYS_s05_T2_ctrl,3,170,35.666666666666664,0.43891847133636475,-1.438354318503584
UBFC_PHYS_s05_T2_ctrl,3,171,35.7,0.4805572032928467,-1.5246694692162182
UBFC_PHYS_s05_T2_ctrl,3,172,35.733333333333334,0.48128771781921387,-1.4465611139085353
UBFC_PHYS_s05_T2_ctrl,3,173,35.766666666666666,0.4420070946216583,-1.2246925264538617
UBFC_PHYS_s05_T2_ctrl,3,174,35.8,0.39270448684692383,-0.8934920704440626
UBFC_PHYS_s05_T2_ctrl,3,175,35.833333333333336,0.3307526111602783,-0.49967849698493383
UBFC_PHYS_s05_T2_ctrl,3,176,35.86666666666667,0.22476544976234436,-0.09903490704338759
UBFC_PHYS_s05_T2_ctrl,3,177,35.9,0.06413146108388901,0.25180784602467216
UBFC_PHYS_s05_T2_ctrl,3,178,35.93333333333333,-0.13487321138381958,0.5065815258130565
UBFC_PHYS_s05_T2_ctrl,3,179,35.96666666666667,-0.3372228443622589,0.6366460631454673
UBFC_PHYS_s05_T2_ctrl,3,180,36.0,-0.5149660110473633,0.6322910081322961
UBFC_PHYS_s05_T2_ctrl,3,181,36.03333333333333,-0.7234159708023071,0.5013121590624126
UBFC_PHYS_s05_T2_ctrl,3,182,36.06666666666667,-1.0057878494262695,0.26708541967730653
UBFC_PHYS_s05_T2_ctrl,3,183,36.1,-1.1973720788955688,-0.03331075271167649
UBFC_PHYS_s05_T2_ctrl,3,184,36.13333333333333,-1.0773900747299194,-0.3520880905826229
UBFC_PHYS_s05_T2_ctrl,3,185,36.166666666666664,-0.6930423974990845,-0.637274662943221
UBFC_PHYS_s05_T2_ctrl,3,186,36.2,-0.292969673871994,-0.8417436617639409
UBFC_PHYS_s05_T2_ctrl,3,187,36.233333333333334,-0.03270517662167549,-0.9303187041765243
UBFC_PHYS_s05_T2_ctrl,3,188,36.266666666666666,0.0878792554140091,-0.88351667105549
UBFC_PHYS_s05_T2_ctrl,3,189,36.3,0.13202989101409912,-0.6996330533664182
UBFC_PHYS_s05_T2_ctrl,3,190,36.333333333333336,0.1869586706161499,-0.3953230098622497
UBFC_PHYS_s05_T2_ctrl,3,191,36.36666666666667,0.3050311803817749,-0.003142715207258169
UBFC_PHYS_s05_T2_ctrl,3,192,36.4,0.42630767822265625,0.433262419207966
UBFC_PHYS_s05_T2_ctrl,3,193,36.43333333333333,0.4548870325088501,0.8635291895089812
UBFC_PHYS_s05_T2_ctrl,3,194,36.46666666666667,0.4180926978588104,1.2341036874483855
UBFC_PHYS_s05_T2_ctrl,3,195,36.5,0.41411978006362915,1.4928654555078702
UBFC_PHYS_s05_T2_ctrl,3,196,36.53333333333333,0.42585912346839905,1.5961699216223828
UBFC_PHYS_s05_T2_ctrl,3,197,36.56666666666667,0.3558588922023773,1.5183858825040142
UBFC_PHYS_s05_T2_ctrl,3,198,36.6,0.2053878754377365,1.2603129065753156
UBFC_PHYS_s05_T2_ctrl,3,199,36.63333333333333,0.05269971489906311,0.8499152440321299
UBFC_PHYS_s05_T2_ctrl,3,200,36.666666666666664,-0.07012748718261719,0.3349733093183223
UBFC_PHYS_s05_T2_ctrl,3,201,36.7,-0.19496677815914154,-0.22648832845256991
UBFC_PHYS_s05_T2_ctrl,3,202,36.733333333333334,-0.36398234963417053,-0.7742918082767799
UBFC_PHYS_s05_T2_ctrl,3,203,36.766666666666666,-0.5760335922241211,-1.25193955101877
UBFC_PHYS_s05_T2_ctrl,3,204,36.8,-0.7145858407020569,-1.6107824075476669
UBFC_PHYS_s05_T2_ctrl,3,205,36.833333333333336,-0.6274892687797546,-1.8140421639211606
UBFC_PHYS_s05_T2_ctrl,3,206,36.86666666666667,-0.34333598613739014,-1.8407987960674659
UBFC_PHYS_s05_T2_ctrl,3,207,36.9,-0.0575166791677475,-1.6884529921843257
UBFC_PHYS_s05_T2_ctrl,3,208,36.93333333333333,0.12821076810359955,-1.372872702880259
UBFC_PHYS_s05_T2_ctrl,3,209,36.96666666666667,0.2744653522968292,-0.9262898468673103
UBFC_PHYS_s05_T2_ctrl,3,210,37.0,0.41027504205703735,-0.39358733419649317
UBFC_PHYS_s05_T2_ctrl,3,211,37.03333333333333,0.4786348342895508,0.1719296897701451
UBFC_PHYS_s05_T2_ctrl,3,212,37.06666666666667,0.4840431213378906,0.7132246094132608
UBFC_PHYS_s05_T2_ctrl,3,213,37.1,0.47440558671951294,1.175514358874978
UBFC_PHYS_s05_T2_ctrl,3,214,37.13333333333333,0.42273205518722534,1.5128028950266224
UBFC_PHYS_s05_T2_ctrl,3,215,37.166666666666664,0.2769900858402252,1.692636983549366
UBFC_PHYS_s05_T2_ctrl,3,216,37.2,0.09504331648349762,1.6988223370498015
UBFC_PHYS_s05_T2_ctrl,3,217,37.233333333333334,-0.007073455490171909,1.5337891663203451
UBFC_PHYS_s05_T2_ctrl,3,218,37.266666666666666,-0.03775462508201599,1.2203189707456346
UBFC_PHYS_s05_T2_ctrl,3,219,37.3,-0.1308746635913849,0.8003517439985574
UBFC_PHYS_s05_T2_ctrl,3,220,37.333333333333336,-0.3104889392852783,0.3296735687019613
UBFC_PHYS_s05_T2_ctrl,3,221,37.36666666666667,-0.4781716465950012,-0.13119960447395881
UBFC_PHYS_s05_T2_ctrl,3,222,37.4,-0.6081629395484924,-0.5274899943912742
UBFC_PHYS_s05_T2_ctrl,3,223,37.43333333333333,-0.7543919086456299,-0.8177834182848389
UBFC_PHYS_s05_T2_ctrl,3,224,37.46666666666667,-0.9338395595550537,-0.977397464467073
UBFC_PHYS_s05_T2_ctrl,3,225,37.5,-1.1199387311935425,-0.9989840656591182
UBFC_PHYS_s05_T2_ctrl,3,226,37.53333333333333,-1.2104443311691284,-0.8916603489527759
UBFC_PHYS_s05_T2_ctrl,3,227,37.56666666666667,-1.049630880355835,-0.6793306970459094
UBFC_PHYS_s05_T2_ctrl,3,228,37.6,-0.6374599933624268,-0.3986104139493184
UBFC_PHYS_s05_T2_ctrl,3,229,37.63333333333333,-0.16499048471450806,-0.09644825310172758
UBFC_PHYS_s05_T2_ctrl,3,230,37.666666666666664,0.22636744379997253,0.1744074910661558
UBFC_PHYS_s05_T2_ctrl,3,231,37.7,0.5321922898292542,0.3652078762669445
UBFC_PHYS_s05_T2_ctrl,3,232,37.733333333333334,0.7514076232910156,0.443829115012854
UBFC_PHYS_s05_T2_ctrl,3,233,37.766666666666666,0.8657891750335693,0.40258748265544064
UBFC_PHYS_s05_T2_ctrl,3,234,37.8,0.9245114326477051,0.25785121301544967
UBFC_PHYS_s05_T2_ctrl,3,235,37.833333333333336,0.9698795676231384,0.04305100204630284
UBFC_PHYS_s05_T2_ctrl,3,236,37.86666666666667,0.952911376953125,-0.2009636079232825
UBFC_PHYS_s05_T2_ctrl,3,237,37.9,0.8379659056663513,-0.43288634642883034
UBFC_PHYS_s05_T2_ctrl,3,238,37.93333333333333,0.6898658275604248,-0.6145399774562791
UBFC_PHYS_s05_T2_ctrl,3,239,37.96666666666667,0.5800082683563232,-0.7149334904689952
UBFC_PHYS_s05_T2_ctrl,3,240,38.0,0.4831331968307495,-0.7151436911602134
UBFC_PHYS_s05_T2_ctrl,3,241,38.03333333333333,0.32469072937965393,-0.6105922867051875
UBFC_PHYS_s05_T2_ctrl,3,242,38.06666666666667,0.09364639222621918,-0.410129121197473
UBFC_PHYS_s05_T2_ctrl,3,243,38.1,-0.1558655947446823,-0.13427373270072634
UBFC_PHYS_s05_T2_ctrl,3,244,38.13333333333333,-0.3752474784851074,0.18614118104469898
UBFC_PHYS_s05_T2_ctrl,3,245,38.166666666666664,-0.5587321519851685,0.5111215515383287
UBFC_PHYS_s05_T2_ctrl,3,246,38.2,-0.7342325448989868,0.7945231606334998
UBFC_PHYS_s05_T2_ctrl,3,247,38.233333333333334,-0.9392478466033936,0.9921405293337269
UBFC_PHYS_s05_T2_ctrl,3,248,38.266666666666666,-1.124795913696289,1.0727418662659243
UBFC_PHYS_s05_T2_ctrl,3,249,38.3,-1.1302425861358643,1.0248977248921245
UBFC_PHYS_s05_T2_ctrl,3,250,38.333333333333336,-0.9029661417007446,0.8570543820896466
UBFC_PHYS_s05_T2_ctrl,3,251,38.36666666666667,-0.5714967250823975,0.5934247481646928
UBFC_PHYS_s05_T2_ctrl,3,252,38.4,-0.26078903675079346,0.26792365171391885
UBFC_PHYS_s05_T2_ctrl,3,253,38.43333333333333,-0.0036131730303168297,-0.08249885026447017
UBFC_PHYS_s05_T2_ctrl,3,254,38.46666666666667,0.18658700585365295,-0.4232046381184623
UBFC_PHYS_s05_T2_ctrl,3,255,38.5,0.31031131744384766,-0.7237238890126325
UBFC_PHYS_s05_T2_ctrl,3,256,38.53333333333333,0.39851006865501404,-0.9568042189576411
UBFC_PHYS_s05_T2_ctrl,3,257,38.56666666666667,0.4688947796821594,-1.0979097933903372
UBFC_PHYS_s05_T2_ctrl,3,258,38.6,0.5202351212501526,-1.1267666252595319
UBFC_PHYS_s05_T2_ctrl,3,259,38.63333333333333,0.5475585460662842,-1.0304247635438248
UBFC_PHYS_s05_T2_ctrl,3,260,38.666666666666664,0.5480455160140991,-0.8073837778764203
UBFC_PHYS_s05_T2_ctrl,3,261,38.7,0.5310388803482056,-0.47241375264022467
UBFC_PHYS_s05_T2_ctrl,3,262,38.733333333333334,0.49771764874458313,-0.05961362573460092
UBFC_PHYS_s05_T2_ctrl,3,263,38.766666666666666,0.41386348009109497,0.3802873935100105
UBFC_PHYS_s05_T2_ctrl,3,264,38.8,0.2567153871059418,0.7886684108324169
UBFC_PHYS_s05_T2_ctrl,3,265,38.833333333333336,0.06713037192821503,1.1101712060891213
UBFC_PHYS_s05_T2_ctrl,3,266,38.86666666666667,-0.10715250670909882,1.3024116318765775
UBFC_PHYS_s05_T2_ctrl,3,267,38.9,-0.2829732894897461,1.3409098201563057
UBFC_PHYS_s05_T2_ctrl,3,268,38.93333333333333,-0.5094808340072632,1.21999983375625
UBFC_PHYS_s05_T2_ctrl,3,269,38.96666666666667,-0.7263123393058777,0.9541059513122103
UBFC_PHYS_s05_T2_ctrl,3,270,39.0,-0.7429601550102234,0.5786532566876781
UBFC_PHYS_s05_T2_ctrl,3,271,39.03333333333333,-0.45221954584121704,0.14494400334763685
UBFC_PHYS_s05_T2_ctrl,3,272,39.06666666666667,-0.01879996806383133,-0.29100648969254694
UBFC_PHYS_s05_T2_ctrl,3,273,39.1,0.3338412344455719,-0.6797775057922638
UBFC_PHYS_s05_T2_ctrl,3,274,39.13333333333333,0.5248103737831116,-0.9856626025834149
UBFC_PHYS_s05_T2_ctrl,3,275,39.166666666666664,0.5931573510169983,-1.1877358483963556
UBFC_PHYS_s05_T2_ctrl,3,276,39.2,0.5921705365180969,-1.2763864699243859
UBFC_PHYS_s05_T2_ctrl,3,277,39.233333333333334,0.5726647973060608,-1.2497130352313641
UBFC_PHYS_s05_T2_ctrl,3,278,39.266666666666666,0.5765864253044128,-1.111816375546089
UBFC_PHYS_s05_T2_ctrl,3,279,39.3,0.58002108335495,-0.8722139751704939
UBFC_PHYS_s05_T2_ctrl,3,280,39.333333333333336,0.5329228043556213,-0.5464043106484662
UBFC_PHYS_s05_T2_ctrl,3,281,39.36666666666667,0.4414047598838806,-0.15843270083694355
UBFC_PHYS_s05_T2_ctrl,3,282,39.4,0.32380643486976624,0.2561401623793226
UBFC_PHYS_s05_T2_ctrl,3,283,39.43333333333333,0.15822550654411316,0.6505505412188208
UBFC_PHYS_s05_T2_ctrl,3,284,39.46666666666667,-0.029424315318465233,0.9725682746103073
UBFC_PHYS_s05_T2_ctrl,3,285,39.5,-0.13529613614082336,1.1755767658970686
UBFC_PHYS_s05_T2_ctrl,3,286,39.53333333333333,-0.13560371100902557,1.2309912458788992
UBFC_PHYS_s05_T2_ctrl,3,287,39.56666666666667,-0.1608765870332718,1.1348829153813613
UBFC_PHYS_s05_T2_ctrl,3,288,39.6,-0.32149776816368103,0.9067817946390476
UBFC_PHYS_s05_T2_ctrl,3,289,39.63333333333333,-0.5792631506919861,0.5840836261575337
UBFC_PHYS_s05_T2_ctrl,3,290,39.666666666666664,-0.7555837631225586,0.21451175306714326
UBFC_PHYS_s05_T2_ctrl,3,291,39.7,-0.6984763145446777,-0.15242686861178362
UBFC_PHYS_s05_T2_ctrl,3,292,39.733333333333334,-0.47854331135749817,-0.47342742589087733
UBFC_PHYS_s05_T2_ctrl,3,293,39.766666666666666,-0.2884456515312195,-0.7167386462814319
UBFC_PHYS_s05_T2_ctrl,3,294,39.8,-0.15371252596378326,-0.8642520540220772
UBFC_PHYS_s05_T2_ctrl,3,295,39.833333333333336,-0.003292776644229889,-0.9111234613495783
UBFC_PHYS_s05_T2_ctrl,3,296,39.86666666666667,0.09570974111557007,-0.8639403572393559
UBFC_PHYS_s05_T2_ctrl,3,297,39.9,0.04859863966703415,-0.7383761117420445
UBFC_PHYS_s05_T2_ctrl,3,298,39.93333333333333,-0.07820148020982742,-0.5565734760080168
UBFC_PHYS_s05_T2_ctrl,3,299,39.96666666666667,-0.13314306735992432,-0.34384225903697474
UBFC_PHYS_s05_T2_ctrl,4,0,40.0,-0.050903696566820145,-0.020959644897160127
UBFC_PHYS_s05_T2_ctrl,4,1,40.03333333333333,0.0740637555718422,0.15650620658905867
UBFC_PHYS_s05_T2_ctrl,4,2,40.06666666666667,0.020980462431907654,0.34273305664582737
UBFC_PHYS_s05_T2_ctrl,4,3,40.1,-0.2785133719444275,0.5404786300880656
UBFC_PHYS_s05_T2_ctrl,4,4,40.13333333333333,-0.4842591881752014,0.7424233555989426
UBFC_PHYS_s05_T2_ctrl,4,5,40.166666666666664,-0.18399640917778015,0.9301476366396753
UBFC_PHYS_s05_T2_ctrl,4,6,40.2,0.501972496509552,1.0771299588543406
UBFC_PHYS_s05_T2_ctrl,4,7,40.233333333333334,1.0570787191390991,1.156994954292843
UBFC_PHYS_s05_T2_ctrl,4,8,40.266666666666666,1.234744906425476,1.1530585348405271
UBFC_PHYS_s05_T2_ctrl,4,9,40.3,1.1771888732910156,1.0609352621764165
UBFC_PHYS_s05_T2_ctrl,4,10,40.333333333333336,1.0148632526397705,0.8849274632115006
UBFC_PHYS_s05_T2_ctrl,4,11,40.36666666666667,0.7940203547477722,0.6375037425337453
UBFC_PHYS_s05_T2_ctrl,4,12,40.4,0.5439188480377197,0.34259136613237795
UBFC_PHYS_s05_T2_ctrl,4,13,40.43333333333333,0.23667138814926147,0.03460362562686278
UBFC_PHYS_s05_T2_ctrl,4,14,40.46666666666667,-0.1120353490114212,-0.24893731381348788
UBFC_PHYS_s05_T2_ctrl,4,15,40.5,-0.38482093811035156,-0.4766401330584841
UBFC_PHYS_s05_T2_ctrl,4,16,40.53333333333333,-0.5087118744850159,-0.6300944863920401
UBFC_PHYS_s05_T2_ctrl,4,17,40.56666666666667,-0.5122490525245667,-0.7053307524445167
UBFC_PHYS_s05_T2_ctrl,4,18,40.6,-0.4840925931930542,-0.7093162399147791
UBFC_PHYS_s05_T2_ctrl,4,19,40.63333333333333,-0.5716890096664429,-0.655141041519674
UBFC_PHYS_s05_T2_ctrl,4,20,40.666666666666664,-0.7960819005966187,-0.5581415377162201
UBFC_PHYS_s05_T2_ctrl,4,21,40.7,-0.9958683252334595,-0.4333096874867338
UBFC_PHYS_s05_T2_ctrl,4,22,40.733333333333334,-1.1081864833831787,-0.29405168785129404
UBFC_PHYS_s05_T2_ctrl,4,23,40.766666666666666,-1.247277021408081,-0.1521762288128138
UBFC_PHYS_s05_T2_ctrl,4,24,40.8,-1.4602382183074951,-0.0182683147634892
UBFC_PHYS_s05_T2_ctrl,4,25,40.833333333333336,-1.6460297107696533,0.09885678911649587
UBFC_PHYS_s05_T2_ctrl,4,26,40.86666666666667,-1.6651124954223633,0.19343641304040962
UBFC_PHYS_s05_T2_ctrl,4,27,40.9,-1.4412835836410522,0.26315531676052095
UBFC_PHYS_s05_T2_ctrl,4,28,40.93333333333333,-1.0377506017684937,0.3080976663815535
UBFC_PHYS_s05_T2_ctrl,4,29,40.96666666666667,-0.6016139984130859,0.3289436011641218
UBFC_PHYS_s05_T2_ctrl,4,30,41.0,-0.23179955780506134,0.32523725586366115
UBFC_PHYS_s05_T2_ctrl,4,31,41.03333333333333,0.03992230445146561,0.2945161505666901
UBFC_PHYS_s05_T2_ctrl,4,32,41.06666666666667,0.203580841422081,0.23256818442403784
UBFC_PHYS_s05_T2_ctrl,4,33,41.1,0.2747473120689392,0.13452049308284836
UBFC_PHYS_s05_T2_ctrl,4,34,41.13333333333333,0.3139510154724121,-0.003326576681450805
UBFC_PHYS_s05_T2_ctrl,4,35,41.166666666666664,0.359267920255661,-0.18082282798618574
UBFC_PHYS_s05_T2_ctrl,4,36,41.2,0.3727886378765106,-0.39122950711897114
UBFC_PHYS_s05_T2_ctrl,4,37,41.233333333333334,0.3219994008541107,-0.619959322452055
UBFC_PHYS_s05_T2_ctrl,4,38,41.266666666666666,0.2530244290828705,-0.8450990019735563
UBFC_PHYS_s05_T2_ctrl,4,39,41.3,0.18151192367076874,-1.0387602961361464
UBFC_PHYS_s05_T2_ctrl,4,40,41.333333333333336,0.027721604332327843,-1.169105557564893
UBFC_PHYS_s05_T2_ctrl,4,41,41.36666666666667,-0.2529585361480713,-1.2037044770693959
UBFC_PHYS_s05_T2_ctrl,4,42,41.4,-0.5845561027526855,-1.1147955461536638
UBFC_PHYS_s05_T2_ctrl,4,43,41.43333333333333,-0.8021566271781921,-0.8866102109179914
UBFC_PHYS_s05_T2_ctrl,4,44,41.46666666666667,-0.7533282041549683,-0.5227422677728853
UBFC_PHYS_s05_T2_ctrl,4,45,41.5,-0.4645996689796448,-0.049677782627858484
UBFC_PHYS_s05_T2_ctrl,4,46,41.53333333333333,-0.16488796472549438,0.4858410003628918
UBFC_PHYS_s05_T2_ctrl,4,47,41.56666666666667,-0.03779307380318642,1.0258047109653157
UBFC_PHYS_s05_T2_ctrl,4,48,41.6,-0.056863073259592056,1.512364568489169
UBFC_PHYS_s05_T2_ctrl,4,49,41.63333333333333,-0.06232262775301933,1.8945581716641717
UBFC_PHYS_s05_T2_ctrl,4,50,41.666666666666664,0.15357334911823273,2.1296075063591804
UBFC_PHYS_s05_T2_ctrl,4,51,41.7,0.721431314945221,2.1844277394961455
UBFC_PHYS_s05_T2_ctrl,4,52,41.733333333333334,1.4621367454528809,2.0402487326348098
UBFC_PHYS_s05_T2_ctrl,4,53,41.766666666666666,1.9349266290664673,1.6995178424492807
UBFC_PHYS_s05_T2_ctrl,4,54,41.8,1.9601354598999023,1.1912739451908245
UBFC_PHYS_s05_T2_ctrl,4,55,41.833333333333336,1.8411657810211182,0.5691246789097187
UBFC_PHYS_s05_T2_ctrl,4,56,41.86666666666667,1.895171880722046,-0.09857173681863014
UBFC_PHYS_s05_T2_ctrl,4,57,41.9,2.107235908508301,-0.7410427342027841
UBFC_PHYS_s05_T2_ctrl,4,58,41.93333333333333,2.2328057289123535,-1.2955905881103262
UBFC_PHYS_s05_T2_ctrl,4,59,41.96666666666667,2.0252785682678223,-1.713651476507318
UBFC_PHYS_s05_T2_ctrl,4,60,42.0,1.446629524230957,-1.9623502597887112
UBFC_PHYS_s05_T2_ctrl,4,61,42.03333333333333,0.7693882584571838,-2.0237602108767154
UBFC_PHYS_s05_T2_ctrl,4,62,42.06666666666667,0.3019041121006012,-1.8947952577856129
UBFC_PHYS_s05_T2_ctrl,4,63,42.1,0.07889533787965775,-1.5904856185962537
UBFC_PHYS_s05_T2_ctrl,4,64,42.13333333333333,-0.035012029111385345,-1.1482914146921186
UBFC_PHYS_s05_T2_ctrl,4,65,42.166666666666664,-0.16169680655002594,-0.6266171317975259
UBFC_PHYS_s05_T2_ctrl,4,66,42.2,-0.38343682885169983,-0.09532470267185113
UBFC_PHYS_s05_T2_ctrl,4,67,42.233333333333334,-0.7326946258544922,0.3785559499621413
UBFC_PHYS_s05_T2_ctrl,4,68,42.266666666666666,-1.1302682161331177,0.7442824806655529
UBFC_PHYS_s05_T2_ctrl,4,69,42.3,-1.4051812887191772,0.9731404487593212
UBFC_PHYS_s05_T2_ctrl,4,70,42.333333333333336,-1.4612891674041748,1.0565245182256118
UBFC_PHYS_s05_T2_ctrl,4,71,42.36666666666667,-1.3774605989456177,1.0030842880796123
UBFC_PHYS_s05_T2_ctrl,4,72,42.4,-1.2850710153579712,0.8374686765633929
UBFC_PHYS_s05_T2_ctrl,4,73,42.43333333333333,-1.2289375066757202,0.5983320213084732
UBFC_PHYS_s05_T2_ctrl,4,74,42.46666666666667,-1.2011399269104004,0.33316851707289724
UBFC_PHYS_s05_T2_ctrl,4,75,42.5,-1.1958726644515991,0.08833726754462648
UBFC_PHYS_s05_T2_ctrl,4,76,42.53333333333333,-1.2083553075790405,-0.10228526910790126
UBFC_PHYS_s05_T2_ctrl,4,77,42.56666666666667,-1.250147819519043,-0.22218066951112794
UBFC_PHYS_s05_T2_ctrl,4,78,42.6,-1.327978491783142,-0.26949953142162836
UBFC_PHYS_s05_T2_ctrl,4,79,42.63333333333333,-1.3447800874710083,-0.2526127290171914
UBFC_PHYS_s05_T2_ctrl,4,80,42.666666666666664,-1.1377527713775635,-0.18724408722364258
UBFC_PHYS_s05_T2_ctrl,4,81,42.7,-0.6902100443840027,-0.0951922759198573
UBFC_PHYS_s05_T2_ctrl,4,82,42.733333333333334,-0.18859729170799255,-0.0024671066886528363
UBFC_PHYS_s05_T2_ctrl,4,83,42.766666666666666,0.18112745881080627,0.0667371542187108
UBFC_PHYS_s05_T2_ctrl,4,84,42.8,0.39216622710227966,0.0987769905084351
UBFC_PHYS_s05_T2_ctrl,4,85,42.833333333333336,0.4940907657146454,0.09570497624296118
UBFC_PHYS_s05_T2_ctrl,4,86,42.86666666666667,0.5151856541633606,0.07368859689052033
UBFC_PHYS_s05_T2_ctrl,4,87,42.9,0.4783656895160675,0.055512502623105295
UBFC_PHYS_s05_T2_ctrl,4,88,42.93333333333333,0.42187339067459106,0.060472511243333436
UBFC_PHYS_s05_T2_ctrl,4,89,42.96666666666667,0.3579478859901428,0.0967566958465316
UBFC_PHYS_s05_T2_ctrl,4,90,43.0,0.26398199796676636,0.15918318018504482
UBFC_PHYS_s05_T2_ctrl,4,91,43.03333333333333,0.12758278846740723,0.2323770289831427
UBFC_PHYS_s05_T2_ctrl,4,92,43.06666666666667,-0.06371955573558807,0.2975584645126023
UBFC_PHYS_s05_T2_ctrl,4,93,43.1,-0.32837989926338196,0.3396451224065162
UBFC_PHYS_s05_T2_ctrl,4,94,43.13333333333333,-0.6017293930053711,0.35120476210340684
UBFC_PHYS_s05_T2_ctrl,4,95,43.166666666666664,-0.7614150047302246,0.3304188626391638
UBFC_PHYS_s05_T2_ctrl,4,96,43.2,-0.7808310389518738,0.27545975411591095
UBFC_PHYS_s05_T2_ctrl,4,97,43.233333333333334,-0.7646830081939697,0.18224697277340526
UBFC_PHYS_s05_T2_ctrl,4,98,43.266666666666666,-0.802733302116394,0.047438735353602754
UBFC_PHYS_s05_T2_ctrl,4,99,43.3,-0.8150493502616882,-0.1270862490268074
UBFC_PHYS_s05_T2_ctrl,4,100,43.333333333333336,-0.6127510070800781,-0.3313801721656918
UBFC_PHYS_s05_T2_ctrl,4,101,43.36666666666667,-0.13411708176136017,-0.5479085991328095
UBFC_PHYS_s05_T2_ctrl,4,102,43.4,0.467215895652771,-0.7548731803467547
UBFC_PHYS_s05_T2_ctrl,4,103,43.43333333333333,1.0107622146606445,-0.9298471384075558
UBFC_PHYS_s05_T2_ctrl,4,104,43.46666666666667,1.4538064002990723,-1.0524313047168654
UBFC_PHYS_s05_T2_ctrl,4,105,43.5,1.8178409337997437,-1.1061341911878535
UBFC_PHYS_s05_T2_ctrl,4,106,43.53333333333333,2.0539987087249756,-1.0797653539039498
UBFC_PHYS_s05_T2_ctrl,4,107,43.56666666666667,2.0731329917907715,-0.968544343616027
UBFC_PHYS_s05_T2_ctrl,4,108,43.6,1.8723596334457397,-0.7754367073558466
UBFC_PHYS_s05_T2_ctrl,4,109,43.63333333333333,1.6009324789047241,-0.5133204845610123
UBFC_PHYS_s05_T2_ctrl,4,110,43.666666666666664,1.4279824495315552,-0.20571226586487057
UBFC_PHYS_s05_T2_ctrl,4,111,43.7,1.3441667556762695,0.11845252314581686
UBFC_PHYS_s05_T2_ctrl,4,112,43.733333333333334,1.1986554861068726,0.43383205139786857
UBFC_PHYS_s05_T2_ctrl,4,113,43.766666666666666,0.9386216998100281,0.7231315537560342
UBFC_PHYS_s05_T2_ctrl,4,114,43.8,0.6791774034500122,0.9745077068959372
UBFC_PHYS_s05_T2_ctrl,4,115,43.833333333333336,0.5108795166015625,1.1759165384299672
UBFC_PHYS_s05_T2_ctrl,4,116,43.86666666666667,0.41890010237693787,1.3114735309844117
UBFC_PHYS_s05_T2_ctrl,4,117,43.9,0.333572119474411,1.3646008698896053
UBFC_PHYS_s05_T2_ctrl,4,118,43.93333333333333,0.15358616411685944,1.3262168152368061
UBFC_PHYS_s05_T2_ctrl,4,119,43.96666666666667,-0.17401285469532013,1.2001329537989522
UBFC_PHYS_s05_T2_ctrl,4,120,44.0,-0.5149660110473633,1.0027078270039738
UBFC_PHYS_s05_T2_ctrl,4,121,44.03333333333333,-0.6253489851951599,0.7593856165192847
UBFC_PHYS_s05_T2_ctrl,4,122,44.06666666666667,-0.4820420444011688,0.49974718938926194
UBFC_PHYS_s05_T2_ctrl,4,123,44.1,-0.28274261951446533,0.25132284057697496
UBFC_PHYS_s05_T2_ctrl,4,124,44.13333333333333,-0.1766401082277298,0.033238779486381535
UBFC_PHYS_s05_T2_ctrl,4,125,44.166666666666664,-0.15144412219524384,-0.14845740916565991
UBFC_PHYS_s05_T2_ctrl,4,126,44.2,-0.14567698538303375,-0.30147383214268175
UBFC_PHYS_s05_T2_ctrl,4,127,44.233333333333334,-0.12007089704275131,-0.4417013941077314
UBFC_PHYS_s05_T2_ctrl,4,128,44.266666666666666,-0.056786175817251205,-0.5837591015162222
UBFC_PHYS_s05_T2_ctrl,4,129,44.3,0.02495337836444378,-0.734149623166445
UBFC_PHYS_s05_T2_ctrl,4,130,44.333333333333336,0.092185378074646,-0.8892825230446278
UBFC_PHYS_s05_T2_ctrl,4,131,44.36666666666667,0.15089483559131622,-1.035991132417545
UBFC_PHYS_s05_T2_ctrl,4,132,44.4,0.2203824371099472,-1.1534274319579578
UBFC_PHYS_s05_T2_ctrl,4,133,44.43333333333333,0.2531910240650177,-1.216826657326552
UBFC_PHYS_s05_T2_ctrl,4,134,44.46666666666667,0.16267260909080505,-1.2026820504737061
UBFC_PHYS_s05_T2_ctrl,4,135,44.5,-0.05590188130736351,-1.093890082992552
UBFC_PHYS_s05_T2_ctrl,4,136,44.53333333333333,-0.3020176589488983,-0.8842458409207508
UBFC_PHYS_s05_T2_ctrl,4,137,44.56666666666667,-0.48666858673095703,-0.5824407487089955
UBFC_PHYS_s05_T2_ctrl,4,138,44.6,-0.6163138151168823,-0.21396841484527762
UBFC_PHYS_s05_T2_ctrl,4,139,44.63333333333333,-0.7347067594528198,0.1820806582371907
UBFC_PHYS_s05_T2_ctrl,4,140,44.666666666666664,-0.8342090845108032,0.5609861723424494
UBFC_PHYS_s05_T2_ctrl,4,141,44.7,-0.8582260012626648,0.8813794658841416
UBFC_PHYS_s05_T2_ctrl,4,142,44.733333333333334,-0.780523419380188,1.1116399577605478
UBFC_PHYS_s05_T2_ctrl,4,143,44.766666666666666,-0.6207224726676941,1.2310229435557178
UBFC_PHYS_s05_T2_ctrl,4,144,44.8,-0.42446038126945496,1.2275339345041376
UBFC_PHYS_s05_T2_ctrl,4,145,44.833333333333336,-0.2832552492618561,1.09856838954278
UBFC_PHYS_s05_T2_ctrl,4,146,44.86666666666667,-0.2829476594924927,0.8548534047506294
UBFC_PHYS_s05_T2_ctrl,4,147,44.9,-0.41288766264915466,0.5225467213411084
UBFC_PHYS_s05_T2_ctrl,4,148,44.93333333333333,-0.5893364548683167,0.14096064533614497
UBFC_PHYS_s05_T2_ctrl,4,149,44.96666666666667,-0.7350015044212341,-0.24329318511754416
UBFC_PHYS_s05_T2_ctrl,4,150,45.0,-0.7956333160400391,-0.5841094429098266
UBFC_PHYS_s05_T2_ctrl,4,151,45.03333333333333,-0.7353987693786621,-0.8434597496349738
UBFC_PHYS_s05_T2_ctrl,4,152,45.06666666666667,-0.5611159205436707,-0.9963588195020053
UBFC_PHYS_s05_T2_ctrl,4,153,45.1,-0.30031314492225647,-1.0311105284733981
UBFC_PHYS_s05_T2_ctrl,4,154,45.13333333333333,0.003550892695784569,-0.9460904273745424
UBFC_PHYS_s05_T2_ctrl,4,155,45.166666666666664,0.2736579477787018,-0.7472962635936334
UBFC_PHYS_s05_T2_ctrl,4,156,45.2,0.4079297184944153,-0.449131020431889
UBFC_PHYS_s05_T2_ctrl,4,157,45.233333333333334,0.3209612965583801,-0.07842768891121246
UBFC_PHYS_s05_T2_ctrl,4,158,45.266666666666666,0.007510993629693985,0.32239731901682206
UBFC_PHYS_s05_T2_ctrl,4,159,45.3,-0.3924335539340973,0.7001648979896439
UBFC_PHYS_s05_T2_ctrl,4,160,45.333333333333336,-0.6499810814857483,1.0030856419244085
UBFC_PHYS_s05_T2_ctrl,4,161,45.36666666666667,-0.6281684637069702,1.1918645060190116
UBFC_PHYS_s05_T2_ctrl,4,162,45.4,-0.41154199838638306,1.2450285327185544
UBFC_PHYS_s05_T2_ctrl,4,163,45.43333333333333,-0.21143516898155212,1.1584396096986695
UBFC_PHYS_s05_T2_ctrl,4,164,45.46666666666667,-0.12610717117786407,0.9421390640736678
UBFC_PHYS_s05_T2_ctrl,4,165,45.5,-0.08204624056816101,0.6198561567577069
UBFC_PHYS_s05_T2_ctrl,4,166,45.53333333333333,-0.00662490027025342,0.2305785680954538
UBFC_PHYS_s05_T2_ctrl,4,167,45.56666666666667,0.06837351620197296,-0.1741358901925053
UBFC_PHYS_s05_T2_ctrl,4,168,45.6,0.10899978876113892,-0.5385211111418868
UBFC_PHYS_s05_T2_ctrl,4,169,45.63333333333333,0.12163622677326202,-0.8125787578180805
UBFC_PHYS_s05_T2_ctrl,4,170,45.666666666666664,0.10224582999944687,-0.9608397820472914
UBFC_PHYS_s05_T2_ctrl,4,171,45.7,0.036295413970947266,-0.968784133256047
UBFC_PHYS_s05_T2_ctrl,4,172,45.733333333333334,-0.061938151717185974,-0.8459323951074047
UBFC_PHYS_s05_T2_ctrl,4,173,45.766666666666666,-0.15029069781303406,-0.6247824341930345
UBFC_PHYS_s05_T2_ctrl,4,174,45.8,-0.2143828123807907,-0.3546076281483828
UBFC_PHYS_s05_T2_ctrl,4,175,45.833333333333336,-0.2906884551048279,-0.08935230631963151
UBFC_PHYS_s05_T2_ctrl,4,176,45.86666666666667,-0.4032886028289795,0.1265438278470097
UBFC_PHYS_s05_T2_ctrl,4,177,45.9,-0.49393516778945923,0.26664257805009434
UBFC_PHYS_s05_T2_ctrl,4,178,45.93333333333333,-0.4309324026107788,0.32269133512160114
UBFC_PHYS_s05_T2_ctrl,4,179,45.96666666666667,-0.1525847315788269,0.2994501079088895
UBFC_PHYS_s05_T2_ctrl,4,180,46.0,0.22341978549957275,0.2084610678731354
UBFC_PHYS_s05_T2_ctrl,4,181,46.03333333333333,0.5129813551902771,0.06526555103242389
UBFC_PHYS_s05_T2_ctrl,4,182,46.06666666666667,0.6747815608978271,-0.10979574312406662
UBFC_PHYS_s05_T2_ctrl,4,183,46.1,0.764069676399231,-0.2913375181716842
UBFC_PHYS_s05_T2_ctrl,4,184,46.13333333333333,0.8064773678779602,-0.4514739499874606
UBFC_PHYS_s05_T2_ctrl,4,185,46.166666666666664,0.8039782643318176,-0.564777867145323
UBFC_PHYS_s05_T2_ctrl,4,186,46.2,0.7963271737098694,-0.6137264965427789
UBFC_PHYS_s05_T2_ctrl,4,187,46.233333333333334,0.8467832207679749,-0.591563603339796
UBFC_PHYS_s05_T2_ctrl,4,188,46.266666666666666,0.9724427461624146,-0.5020488765245805
UBFC_PHYS_s05_T2_ctrl,4,189,46.3,1.1118664741516113,-0.3581492381754739
UBFC_PHYS_s05_T2_ctrl,4,190,46.333333333333336,1.1675641536712646,-0.1797265439138444
UBFC_PHYS_s05_T2_ctrl,4,191,46.36666666666667,1.0849403142929077,0.011671795086409347
UBFC_PHYS_s05_T2_ctrl,4,192,46.4,0.896252453327179,0.1995738489810518
UBFC_PHYS_s05_T2_ctrl,4,193,46.43333333333333,0.6365518569946289,0.37649505317985327
UBFC_PHYS_s05_T2_ctrl,4,194,46.46666666666667,0.2937276065349579,0.5426703814646658
UBFC_PHYS_s05_T2_ctrl,4,195,46.5,-0.054171741008758545,0.6999321231313638
UBFC_PHYS_s05_T2_ctrl,4,196,46.53333333333333,-0.20847469568252563,0.8440559005881002
UBFC_PHYS_s05_T2_ctrl,4,197,46.56666666666667,-0.12021186947822571,0.9611239949279194
UBFC_PHYS_s05_T2_ctrl,4,198,46.6,0.06328561902046204,1.030180198908609
UBFC_PHYS_s05_T2_ctrl,4,199,46.63333333333333,0.20927107334136963,1.0306230281295032
UBFC_PHYS_s05_T2_ctrl,4,200,46.666666666666664,0.30345484614372253,0.9509960568168132
UBFC_PHYS_s05_T2_ctrl,4,201,46.7,0.35690978169441223,0.7947803325684885
UBFC_PHYS_s05_T2_ctrl,4,202,46.733333333333334,0.33646848797798157,0.5801352609554137
UBFC_PHYS_s05_T2_ctrl,4,203,46.766666666666666,0.23487716913223267,0.3325920811811827
UBFC_PHYS_s05_T2_ctrl,4,204,46.8,0.14025767147541046,0.07495719564146225
UBFC_PHYS_s05_T2_ctrl,4,205,46.833333333333336,0.12121330201625824,-0.17710652718640496
UBFC_PHYS_s05_T2_ctrl,4,206,46.86666666666667,0.13263224065303802,-0.4122842784483566
UBFC_PHYS_s05_T2_ctrl,4,207,46.9,0.09485108405351639,-0.6192927073804602
UBFC_PHYS_s05_T2_ctrl,4,208,46.93333333333333,-0.01719798520207405,-0.7849578934780809
UBFC_PHYS_s05_T2_ctrl,4,209,46.96666666666667,-0.17616590857505798,-0.8957686498161458
UBFC_PHYS_s05_T2_ctrl,4,210,47.0,-0.34291306138038635,-0.9415380070045724
UBFC_PHYS_s05_T2_ctrl,4,211,47.03333333333333,-0.49501168727874756,-0.9177491642402372
UBFC_PHYS_s05_T2_ctrl,4,212,47.06666666666667,-0.6406254768371582,-0.8256820051835113
UBFC_PHYS_s05_T2_ctrl,4,213,47.1,-0.7739489078521729,-0.672120551247138
UBFC_PHYS_s05_T2_ctrl,4,214,47.13333333333333,-0.8182917833328247,-0.4697260206399172
UBFC_PHYS_s05_T2_ctrl,4,215,47.166666666666664,-0.6853528618812561,-0.23809193942749196
UBFC_PHYS_s05_T2_ctrl,4,216,47.2,-0.41361817717552185,-0.004448681435187505
UBFC_PHYS_s05_T2_ctrl,4,217,47.233333333333334,-0.1539175808429718,0.19779812459780768
UBFC_PHYS_s05_T2_ctrl,4,218,47.266666666666666,-0.0031518021132797003,0.333957649919782
UBFC_PHYS_s05_T2_ctrl,4,219,47.3,0.06128634139895439,0.3766161652575798
UBFC_PHYS_s05_T2_ctrl,4,220,47.333333333333336,0.08359875530004501,0.3147922463717585
UBFC_PHYS_s05_T2_ctrl,4,221,47.36666666666667,0.07974117994308472,0.15788488460122982
UBFC_PHYS_s05_T2_ctrl,4,222,47.4,0.06451594084501266,-0.06704015700217972
UBFC_PHYS_s05_T2_ctrl,4,223,47.43333333333333,0.05468617379665375,-0.32145440328431807
UBFC_PHYS_s05_T2_ctrl,4,224,47.46666666666667,0.048367954790592194,-0.5622727996428205
UBFC_PHYS_s05_T2_ctrl,4,225,47.5,0.03541111946105957,-0.7476860943977925
UBFC_PHYS_s05_T2_ctrl,4,226,47.53333333333333,0.013201235793530941,-0.8419467136017784
UBFC_PHYS_s05_T2_ctrl,4,227,47.56666666666667,-0.031359508633613586,-0.8206658823476052
UBFC_PHYS_s05_T2_ctrl,4,228,47.6,-0.12191637605428696,-0.675481562251535
UBFC_PHYS_s05_T2_ctrl,4,229,47.63333333333333,-0.2503569424152374,-0.4144011045336252
UBFC_PHYS_s05_T2_ctrl,4,230,47.666666666666664,-0.3830907940864563,-0.058234326368506464
UBFC_PHYS_s05_T2_ctrl,4,231,47.7,-0.5180033445358276,0.36249724858212007
UBFC_PHYS_s05_T2_ctrl,4,232,47.733333333333334,-0.6580166220664978,0.8084284858149305
UBFC_PHYS_s05_T2_ctrl,4,233,47.766666666666666,-0.7196096777915955,1.2313317521377505
UBFC_PHYS_s05_T2_ctrl,4,234,47.8,-0.5900156497955322,1.5765217363941055
UBFC_PHYS_s05_T2_ctrl,4,235,47.833333333333336,-0.2978653311729431,1.7919159933766025
UBFC_PHYS_s05_T2_ctrl,4,236,47.86666666666667,0.0040250797756016254,1.8416369096943188
UBFC_PHYS_s05_T2_ctrl,4,237,47.9,0.19085468351840973,1.7159743209311205
UBFC_PHYS_s05_T2_ctrl,4,238,47.93333333333333,0.2450145184993744,1.433589620716616
UBFC_PHYS_s05_T2_ctrl,4,239,47.96666666666667,0.21466656029224396,1.036777655075736
UBFC_PHYS_s05_T2_ctrl,4,240,48.0,0.15882785618305206,0.5813967097143278
UBFC_PHYS_s05_T2_ctrl,4,241,48.03333333333333,0.11539490520954132,0.1235711856413756
UBFC_PHYS_s05_T2_ctrl,4,242,48.06666666666667,0.08193269371986389,-0.29255522144198687
UBFC_PHYS_s05_T2_ctrl,4,243,48.1,0.040601544082164764,-0.6403298029727151
UBFC_PHYS_s05_T2_ctrl,4,244,48.13333333333333,0.0066010672599077225,-0.9088051961184331
UBFC_PHYS_s05_T2_ctrl,4,245,48.166666666666664,0.01689220406115055,-1.0981638480180103
UBFC_PHYS_s05_T2_ctrl,4,246,48.2,0.04529215022921562,-1.2153186669540341
UBFC_PHYS_s05_T2_ctrl,4,247,48.233333333333334,0.005357929039746523,-1.2703909632948607
UBFC_PHYS_s05_T2_ctrl,4,248,48.266666666666666,-0.12090392410755157,-1.2741356742834207
UBFC_PHYS_s05_T2_ctrl,4,249,48.3,-0.25363779067993164,-1.2359150794559421
UBFC_PHYS_s05_T2_ctrl,4,250,48.333333333333336,-0.3556007742881775,-1.1620514656903074
UBFC_PHYS_s05_T2_ctrl,4,251,48.36666666666667,-0.4663938879966736,-1.0547703040345613
UBFC_PHYS_s05_T2_ctrl,4,252,48.4,-0.6170058846473694,-0.912298096908838
UBFC_PHYS_s05_T2_ctrl,4,253,48.43333333333333,-0.7508931756019592,-0.730890818852515
UBFC_PHYS_s05_T2_ctrl,4,254,48.46666666666667,-0.7297854423522949,-0.5086567178779775
UBFC_PHYS_s05_T2_ctrl,4,255,48.5,-0.4980490505695343,-0.250059111394125
UBFC_PHYS_s05_T2_ctrl,4,256,48.53333333333333,-0.20452740788459778,0.03144234635484489
UBFC_PHYS_s05_T2_ctrl,4,257,48.56666666666667,-0.017415855079889297,0.3159741769531503
UBFC_PHYS_s05_T2_ctrl,4,258,48.6,0.056672632694244385,0.5835289006593096
UBFC_PHYS_s05_T2_ctrl,4,259,48.63333333333333,0.0537249855697155,0.8179091514796067
UBFC_PHYS_s05_T2_ctrl,4,260,48.666666666666664,-0.02636132575571537,1.0057345711707137
UBFC_PHYS_s05_T2_ctrl,4,261,48.7,-0.15963345766067505,1.1320207812259928
UBFC_PHYS_s05_T2_ctrl,4,262,48.733333333333334,-0.2955969274044037,1.1772400131983474
UBFC_PHYS_s05_T2_ctrl,4,263,48.766666666666666,-0.405774861574173,1.1227899719816923
UBFC_PHYS_s05_T2_ctrl,4,264,48.8,-0.49604979157447815,0.9623718370264754
UBFC_PHYS_s05_T2_ctrl,4,265,48.833333333333336,-0.6053819060325623,0.7079123442863956
UBFC_PHYS_s05_T2_ctrl,4,266,48.86666666666667,-0.7715395092964172,0.3864110509701157
UBFC_PHYS_s05_T2_ctrl,4,267,48.9,-0.9755679965019226,0.03273143041623782
UBFC_PHYS_s05_T2_ctrl,4,268,48.93333333333333,-1.1794683933258057,-0.3169174649651708
UBFC_PHYS_s05_T2_ctrl,4,269,48.96666666666667,-1.4236360788345337,-0.6275635708778159
UBFC_PHYS_s05_T2_ctrl,4,270,49.0,-1.7804681062698364,-0.8650474346502358
UBFC_PHYS_s05_T2_ctrl,4,271,49.03333333333333,-2.1945741176605225,-0.9972892143312158
UBFC_PHYS_s05_T2_ctrl,4,272,49.06666666666667,-2.51147198677063,-0.9996221942878081
UBFC_PHYS_s05_T2_ctrl,4,273,49.1,-2.6658005714416504,-0.8634252481438316
UBFC_PHYS_s05_T2_ctrl,4,274,49.13333333333333,-2.694943904876709,-0.6037708687117128
UBFC_PHYS_s05_T2_ctrl,4,275,49.166666666666664,-2.631056785583496,-0.2592772650624636
UBFC_PHYS_s05_T2_ctrl,4,276,49.2,-2.3197338581085205,0.11670116258679353
UBFC_PHYS_s05_T2_ctrl,4,277,49.233333333333334,-1.4389766454696655,0.468189740850333
UBFC_PHYS_s05_T2_ctrl,4,278,49.266666666666666,-0.018171990290284157,0.7471557284000387
UBFC_PHYS_s05_T2_ctrl,4,279,49.3,1.2092926502227783,0.9191818921502074
UBFC_PHYS_s05_T2_ctrl,4,280,49.333333333333336,1.5763260126113892,0.9650941491166654
UBFC_PHYS_s05_T2_ctrl,4,281,49.36666666666667,1.166795253753662,0.8830303136224007
UBFC_PHYS_s05_T2_ctrl,4,282,49.4,0.4785194993019104,0.6908131401451242
UBFC_PHYS_s05_T2_ctrl,4,283,49.43333333333333,-0.10585810244083405,0.4238250134811855
UBFC_PHYS_s05_T2_ctrl,4,284,49.46666666666667,-0.33740225434303284,0.127596348997766
UBFC_PHYS_s05_T2_ctrl,4,285,49.5,-0.08646770566701889,-0.1513073622904213
UBFC_PHYS_s05_T2_ctrl,4,286,49.53333333333333,0.5321153998374939,-0.37394569655451254
UBFC_PHYS_s05_T2_ctrl,4,287,49.56666666666667,1.2748713493347168,-0.5167641086473777
UBFC_PHYS_s05_T2_ctrl,4,288,49.6,1.9860491752624512,-0.5759711498186687
UBFC_PHYS_s05_T2_ctrl,4,289,49.63333333333333,2.450073003768921,-0.564464427487125
UBFC_PHYS_s05_T2_ctrl,4,290,49.666666666666664,2.4561989307403564,-0.5029651908498949
UBFC_PHYS_s05_T2_ctrl,4,291,49.7,2.0970089435577393,-0.4123710642393503
UBFC_PHYS_s05_T2_ctrl,4,292,49.733333333333334,1.6875293254852295,-0.31042012775850103
UBFC_PHYS_s05_T2_ctrl,4,293,49.766666666666666,1.3966220617294312,-0.2112039724801437
UBFC_PHYS_s05_T2_ctrl,4,294,49.8,1.1902226209640503,-0.12542010573427795
UBFC_PHYS_s05_T2_ctrl,4,295,49.833333333333336,1.0156962871551514,-0.05931636334606135
UBFC_PHYS_s05_T2_ctrl,4,296,49.86666666666667,0.8322756886482239,-0.01309689476562528
UBFC_PHYS_s05_T2_ctrl,4,297,49.9,0.6316177248954773,0.017841458612197228
UBFC_PHYS_s05_T2_ctrl,4,298,49.93333333333333,0.5037282705307007,0.03907930658027269
UBFC_PHYS_s05_T2_ctrl,4,299,49.96666666666667,0.5425347089767456,0.05458486177352473
UBFC_PHYS_s05_T2_ctrl,5,0,50.0,0.7136264443397522,-0.06809076533435138
UBFC_PHYS_s05_T2_ctrl,5,1,50.03333333333333,0.8925614953041077,-0.1586151171742578
UBFC_PHYS_s05_T2_ctrl,5,2,50.06666666666667,0.9901670813560486,-0.25474699486252267
UBFC_PHYS_s05_T2_ctrl,5,3,50.1,0.9962546229362488,-0.3632382892278909
UBFC_PHYS_s05_T2_ctrl,5,4,50.13333333333333,0.9526550769805908,-0.48595788823462477
UBFC_PHYS_s05_T2_ctrl,5,5,50.166666666666664,0.9053516983985901,-0.6198604364746384
UBFC_PHYS_s05_T2_ctrl,5,6,50.2,0.8345056176185608,-0.7580786047667469
UBFC_PHYS_s05_T2_ctrl,5,7,50.233333333333334,0.6452410221099854,-0.8904615363275801
UBFC_PHYS_s05_T2_ctrl,5,8,50.266666666666666,0.2808220386505127,-1.0029406496259032
UBFC_PHYS_s05_T2_ctrl,5,9,50.3,-0.14817607402801514,-1.0763496325370545
UBFC_PHYS_s05_T2_ctrl,5,10,50.333333333333336,-0.44941288232803345,-1.0867091914243094
UBFC_PHYS_s05_T2_ctrl,5,11,50.36666666666667,-0.5429045557975769,-1.0097843441211816
UBFC_PHYS_s05_T2_ctrl,5,12,50.4,-0.551875650882721,-0.8295308612738199
UBFC_PHYS_s05_T2_ctrl,5,13,50.43333333333333,-0.7366034984588623,-0.5467647041635915
UBFC_PHYS_s05_T2_ctrl,5,14,50.46666666666667,-1.2429965734481812,-0.18309173614422403
UBFC_PHYS_s05_T2_ctrl,5,15,50.5,-1.8715888261795044,0.22495517231313888
UBFC_PHYS_s05_T2_ctrl,5,16,50.53333333333333,-2.2696750164031982,0.6380723275241565
UBFC_PHYS_s05_T2_ctrl,5,17,50.56666666666667,-2.3503637313842773,1.0214562892656849
UBFC_PHYS_s05_T2_ctrl,5,18,50.6,-2.219001293182373,1.343764532420275
UBFC_PHYS_s05_T2_ctrl,5,19,50.63333333333333,-1.9673233032226562,1.572891356535401
UBFC_PHYS_s05_T2_ctrl,5,20,50.666666666666664,-1.653398871421814,1.674616755764858
UBFC_PHYS_s05_T2_ctrl,5,21,50.7,-1.2700380086898804,1.6193667153584026
UBFC_PHYS_s05_T2_ctrl,5,22,50.733333333333334,-0.7941723465919495,1.394731588562283
UBFC_PHYS_s05_T2_ctrl,5,23,50.766666666666666,-0.36563560366630554,1.0142587629917628
UBFC_PHYS_s05_T2_ctrl,5,24,50.8,-0.1848166137933731,0.5175223567890843
UBFC_PHYS_s05_T2_ctrl,5,25,50.833333333333336,-0.22974902391433716,-0.03783920390574956
UBFC_PHYS_s05_T2_ctrl,5,26,50.86666666666667,-0.33103278279304504,-0.5885631535919191
UBFC_PHYS_s05_T2_ctrl,5,27,50.9,-0.4215768277645111,-1.0770639537476085
UBFC_PHYS_s05_T2_ctrl,5,28,50.93333333333333,-0.5864272117614746,-1.4576790957508798
UBFC_PHYS_s05_T2_ctrl,5,29,50.96666666666667,-0.8642366528511047,-1.6964115600894218
UBFC_PHYS_s05_T2_ctrl,5,30,51.0,-1.1174396276474,-1.7680004408261254
UBFC_PHYS_s05_T2_ctrl,5,31,51.03333333333333,-1.1493254899978638,-1.6582251302139617
UBFC_PHYS_s05_T2_ctrl,5,32,51.06666666666667,-0.9159101843833923,-1.371330114548603
UBFC_PHYS_s05_T2_ctrl,5,33,51.1,-0.536496639251709,-0.9343855373588273
UBFC_PHYS_s05_T2_ctrl,5,34,51.13333333333333,-0.17538414895534515,-0.39493711250240443
UBFC_PHYS_s05_T2_ctrl,5,35,51.166666666666664,0.09603013843297958,0.18618974046054307
UBFC_PHYS_s05_T2_ctrl,5,36,51.2,0.29516297578811646,0.7435795217127008
UBFC_PHYS_s05_T2_ctrl,5,37,51.233333333333334,0.4373549520969391,1.2133655921044277
UBFC_PHYS_s05_T2_ctrl,5,38,51.266666666666666,0.5145576596260071,1.537704082033751
UBFC_PHYS_s05_T2_ctrl,5,39,51.3,0.5176591277122498,1.6728513319663865
UBFC_PHYS_s05_T2_ctrl,5,40,51.333333333333336,0.4498119652271271,1.6004869476823687
UBFC_PHYS_s05_T2_ctrl,5,41,51.36666666666667,0.36589372158050537,1.3360453416324303
UBFC_PHYS_s05_T2_ctrl,5,42,51.4,0.33749374747276306,0.9287053314222051
UBFC_PHYS_s05_T2_ctrl,5,43,51.43333333333333,0.34059518575668335,0.44992755113250954
UBFC_PHYS_s05_T2_ctrl,5,44,51.46666666666667,0.27807942032814026,-0.02503177234690359
UBFC_PHYS_s05_T2_ctrl,5,45,51.5,0.1421031504869461,-0.43158025005011036
UBFC_PHYS_s05_T2_ctrl,5,46,51.53333333333333,0.02718333899974823,-0.722542372084272
UBFC_PHYS_s05_T2_ctrl,5,47,51.56666666666667,-0.04564919322729111,-0.8714297481811074
UBFC_PHYS_s05_T2_ctrl,5,48,51.6,-0.16839949786663055,-0.8748863720974506
UBFC_PHYS_s05_T2_ctrl,5,49,51.63333333333333,-0.3929077386856079,-0.7543906243894439
UBFC_PHYS_s05_T2_ctrl,5,50,51.666666666666664,-0.5864784717559814,-0.5543287454801256
UBFC_PHYS_s05_T2_ctrl,5,51,51.7,-0.48566892743110657,-0.33146594745264246
UBFC_PHYS_s05_T2_ctrl,5,52,51.733333333333334,0.030015643686056137,-0.13840355334177226
UBFC_PHYS_s05_T2_ctrl,5,53,51.766666666666666,0.7291592359542847,-0.010828855498884573
UBFC_PHYS_s05_T2_ctrl,5,54,51.8,1.2319767475128174,0.03708640396587041
UBFC_PHYS_s05_T2_ctrl,5,55,51.833333333333336,1.421766757965088,0.01105877874500584
UBFC_PHYS_s05_T2_ctrl,5,56,51.86666666666667,1.425675630569458,-0.06849639134391194
UBFC_PHYS_s05_T2_ctrl,5,57,51.9,1.3546245098114014,-0.17258556137146627
UBFC_PHYS_s05_T2_ctrl,5,58,51.93333333333333,1.2176613807678223,-0.26898638031807653
UBFC_PHYS_s05_T2_ctrl,5,59,51.96666666666667,1.0264872312545776,-0.3263095005368739
UBFC_PHYS_s05_T2_ctrl,5,60,52.0,0.8301225900650024,-0.31786424196445867
UBFC_PHYS_s05_T2_ctrl,5,61,52.03333333333333,0.6558525562286377,-0.2274819046851943
UBFC_PHYS_s05_T2_ctrl,5,62,52.06666666666667,0.4997681975364685,-0.05624447388845777
UBFC_PHYS_s05_T2_ctrl,5,63,52.1,0.35325726866722107,0.17407289176526114
UBFC_PHYS_s05_T2_ctrl,5,64,52.13333333333333,0.1811787188053131,0.4233968121025143
UBFC_PHYS_s05_T2_ctrl,5,65,52.166666666666664,-0.04840460419654846,0.6418367677557753
UBFC_PHYS_s05_T2_ctrl,5,66,52.2,-0.2853955030441284,0.7817317051776754
UBFC_PHYS_s05_T2_ctrl,5,67,52.233333333333334,-0.44499140977859497,0.808400710819499
UBFC_PHYS_s05_T2_ctrl,5,68,52.266666666666666,-0.5404567122459412,0.7069356925429691
UBFC_PHYS_s05_T2_ctrl,5,69,52.3,-0.6817131638526917,0.4849318931447304
UBFC_PHYS_s05_T2_ctrl,5,70,52.333333333333336,-0.8756042718887329,0.17118712275859135
UBFC_PHYS_s05_T2_ctrl,5,71,52.36666666666667,-0.9473218321800232,-0.18960565121760575
UBFC_PHYS_s05_T2_ctrl,5,72,52.4,-0.7376928329467773,-0.5448929130183673
UBFC_PHYS_s05_T2_ctrl,5,73,52.43333333333333,-0.32896941900253296,-0.8426598932350421
UBFC_PHYS_s05_T2_ctrl,5,74,52.46666666666667,0.05485277995467186,-1.0389160176301877
UBFC_PHYS_s05_T2_ctrl,5,75,52.5,0.3199232220649719,-1.1041056800433668
UBFC_PHYS_s05_T2_ctrl,5,76,52.53333333333333,0.5225803852081299,-1.0274953301724044
UBFC_PHYS_s05_T2_ctrl,5,77,52.56666666666667,0.6873410940170288,-0.8178240117155385
UBFC_PHYS_s05_T2_ctrl,5,78,52.6,0.7932129502296448,-0.5001068085724826
UBFC_PHYS_s05_T2_ctrl,5,79,52.63333333333333,0.8623417019844055,-0.11010277655292397
UBFC_PHYS_s05_T2_ctrl,5,80,52.666666666666664,0.9154762625694275,0.31131276223071935
UBFC_PHYS_s05_T2_ctrl,5,81,52.7,0.9263953566551208,0.7213797975935189
UBFC_PHYS_s05_T2_ctrl,5,82,52.733333333333334,0.884884774684906,1.0767216465600795
UBFC_PHYS_s05_T2_ctrl,5,83,52.766666666666666,0.8099632859230042,1.3357402737575461
UBFC_PHYS_s05_T2_ctrl,5,84,52.8,0.6980167031288147,1.4639347126356288
UBFC_PHYS_s05_T2_ctrl,5,85,52.833333333333336,0.5425347089767456,1.4419691678394584
UBFC_PHYS_s05_T2_ctrl,5,86,52.86666666666667,0.378260999917984,1.272549670226611
UBFC_PHYS_s05_T2_ctrl,5,87,52.9,0.23380063474178314,0.9793219283333161
UBFC_PHYS_s05_T2_ctrl,5,88,52.93333333333333,0.06146576628088951,0.5984153745602688
UBFC_PHYS_s05_T2_ctrl,5,89,52.96666666666667,-0.21417775750160217,0.17051937070217893
UBFC_PHYS_s05_T2_ctrl,5,90,53.0,-0.5574505925178528,-0.263510075833889
UBFC_PHYS_s05_T2_ctrl,5,91,53.03333333333333,-0.7672333717346191,-0.6660144743150408
UBFC_PHYS_s05_T2_ctrl,5,92,53.06666666666667,-0.6622714996337891,-1.0057602214348695
UBFC_PHYS_s05_T2_ctrl,5,93,53.1,-0.26121196150779724,-1.2598806159109275
UBFC_PHYS_s05_T2_ctrl,5,94,53.13333333333333,0.26455870270729065,-1.4142084437164877
UBFC_PHYS_s05_T2_ctrl,5,95,53.166666666666664,0.7423339486122131,-1.4625451496544635
UBFC_PHYS_s05_T2_ctrl,5,96,53.2,1.0586166381835938,-1.4054146720039422
UBFC_PHYS_s05_T2_ctrl,5,97,53.233333333333334,1.1750999689102173,-1.2487297773078565
UBFC_PHYS_s05_T2_ctrl,5,98,53.266666666666666,1.1390360593795776,-1.002952391520008
UBFC_PHYS_s05_T2_ctrl,5,99,53.3,1.0392390489578247,-0.6833619418740497
UBFC_PHYS_s05_T2_ctrl,5,100,53.333333333333336,0.9503353834152222,-0.31131725976060093
UBFC_PHYS_s05_T2_ctrl,5,101,53.36666666666667,0.919423520565033,0.08432432662546094
UBFC_PHYS_s05_T2_ctrl,5,102,53.4,0.9480028748512268,0.4675461760504005
UBFC_PHYS_s05_T2_ctrl,5,103,53.43333333333333,0.9869887232780457,0.7997321344116017
UBFC_PHYS_s05_T2_ctrl,5,104,53.46666666666667,0.9907181262969971,1.0483179018759532
UBFC_PHYS_s05_T2_ctrl,5,105,53.5,0.9262415766716003,1.1966475845877274
UBFC_PHYS_s05_T2_ctrl,5,106,53.53333333333333,0.7399758696556091,1.2490443608142987
UBFC_PHYS_s05_T2_ctrl,5,107,53.56666666666667,0.4291784167289734,1.223502262957111
UBFC_PHYS_s05_T2_ctrl,5,108,53.6,0.0906987413764,1.1359558955666067
UBFC_PHYS_s05_T2_ctrl,5,109,53.63333333333333,-0.2047068327665329,0.9907115366094653
UBFC_PHYS_s05_T2_ctrl,5,110,53.666666666666664,-0.4655608534812927,0.7827071764187374
UBFC_PHYS_s05_T2_ctrl,5,111,53.7,-0.6108927130699158,0.5069662272895626
UBFC_PHYS_s05_T2_ctrl,5,112,53.733333333333334,-0.4890138804912567,0.16864868060023447
UBFC_PHYS_s05_T2_ctrl,5,113,53.766666666666666,-0.14006364345550537,-0.2131649366606728
UBFC_PHYS_s05_T2_ctrl,5,114,53.8,0.20281188189983368,-0.6084736068819137
UBFC_PHYS_s05_T2_ctrl,5,115,53.833333333333336,0.4109158217906952,-0.9803582862970264
UBFC_PHYS_s05_T2_ctrl,5,116,53.86666666666667,0.4985634982585907,-1.2876235041624557
UBFC_PHYS_s05_T2_ctrl,5,117,53.9,0.4802496135234833,-1.4877460406089384
UBFC_PHYS_s05_T2_ctrl,5,118,53.93333333333333,0.38543790578842163,-1.5418378234920296
UBFC_PHYS_s05_T2_ctrl,5,119,53.96666666666667,0.3139510154724121,-1.4226891316227515
UBFC_PHYS_s05_T2_ctrl,5,120,54.0,0.30569761991500854,-1.1247628848816642
UBFC_PHYS_s05_T2_ctrl,5,121,54.03333333333333,0.2499101758003235,-0.6727964991111989
UBFC_PHYS_s05_T2_ctrl,5,122,54.06666666666667,0.09246733039617538,-0.12359878779251231
UBFC_PHYS_s05_T2_ctrl,5,123,54.1,-0.07766321301460266,0.44509815703153416
UBFC_PHYS_s05_T2_ctrl,5,124,54.13333333333333,-0.2116786688566208,0.9551312230028348
UBFC_PHYS_s05_T2_ctrl,5,125,54.166666666666664,-0.35540854930877686,1.3450640414144375
UBFC_PHYS_s05_T2_ctrl,5,126,54.2,-0.5444168448448181,1.5778536425390235
UBFC_PHYS_s05_T2_ctrl,5,127,54.233333333333334,-0.7436650395393372,1.6406057830885479
UBFC_PHYS_s05_T2_ctrl,5,128,54.266666666666666,-0.8113840222358704,1.5402587013781337
UBFC_PHYS_s05_T2_ctrl,5,129,54.3,-0.609623908996582,1.3000714291625248
UBFC_PHYS_s05_T2_ctrl,5,130,54.333333333333336,-0.22910822927951813,0.957065822374771
UBFC_PHYS_s05_T2_ctrl,5,131,54.36666666666667,0.1150745078921318,0.5559851644592653
UBFC_PHYS_s05_T2_ctrl,5,132,54.4,0.3282279074192047,0.13984301898996587
UBFC_PHYS_s05_T2_ctrl,5,133,54.43333333333333,0.4145298898220062,-0.2580893893477899
UBFC_PHYS_s05_T2_ctrl,5,134,54.46666666666667,0.36362528800964355,-0.6174187529547195
UBFC_PHYS_s05_T2_ctrl,5,135,54.5,0.2282257378101349,-0.927626206928996
UBFC_PHYS_s05_T2_ctrl,5,136,54.53333333333333,0.1622881442308426,-1.1812778370793993
UBFC_PHYS_s05_T2_ctrl,5,137,54.56666666666667,0.23259595036506653,-1.3688253416454355
UBFC_PHYS_s05_T2_ctrl,5,138,54.6,0.3528343439102173,-1.477466357237581
UBFC_PHYS_s05_T2_ctrl,5,139,54.63333333333333,0.4235907196998596,-1.4931019530085254
UBFC_PHYS_s05_T2_ctrl,5,140,54.666666666666664,0.41796454787254333,-1.4037270761495415
UBFC_PHYS_s05_T2_ctrl,5,141,54.7,0.3216533660888672,-1.2023561196049486
UBFC_PHYS_s05_T2_ctrl,5,142,54.733333333333334,0.11116567254066467,-0.8897769983519699
UBFC_PHYS_s05_T2_ctrl,5,143,54.766666666666666,-0.19018647074699402,-0.47937023161367415
UBFC_PHYS_s05_T2_ctrl,5,144,54.8,-0.4695209562778473,-0.0020357024830380613
UBFC_PHYS_s05_T2_ctrl,5,145,54.833333333333336,-0.5632176995277405,0.494539960074057
UBFC_PHYS_s05_T2_ctrl,5,146,54.86666666666667,-0.4029938280582428,0.9534114042363493
UBFC_PHYS_s05_T2_ctrl,5,147,54.9,-0.10895954072475433,1.318824054919601
UBFC_PHYS_s05_T2_ctrl,5,148,54.93333333333333,0.15106144547462463,1.5460841029171384
UBFC_PHYS_s05_T2_ctrl,5,149,54.96666666666667,0.3248957693576813,1.6083902018153593
UBFC_PHYS_s05_T2_ctrl,5,150,55.0,0.4289221167564392,1.5005448841777251
UBFC_PHYS_s05_T2_ctrl,5,151,55.03333333333333,0.45704010128974915,1.2415437744531856
UBFC_PHYS_s05_T2_ctrl,5,152,55.06666666666667,0.4094420075416565,0.874268442420873
UBFC_PHYS_s05_T2_ctrl,5,153,55.1,0.29977667331695557,0.4571928861670622
UBFC_PHYS_s05_T2_ctrl,5,154,55.13333333333333,0.15676450729370117,0.049663943208282234
UBFC_PHYS_s05_T2_ctrl,5,155,55.166666666666664,0.03239939361810684,-0.30115240735634174
UBFC_PHYS_s05_T2_ctrl,5,156,55.2,-0.04394468665122986,-0.5674143460788623
UBFC_PHYS_s05_T2_ctrl,5,157,55.233333333333334,-0.11212506145238876,-0.7422152349844077
UBFC_PHYS_s05_T2_ctrl,5,158,55.266666666666666,-0.23777174949645996,-0.8358456395363721
UBFC_PHYS_s05_T2_ctrl,5,159,55.3,-0.44614481925964355,-0.8665826975575468
UBFC_PHYS_s05_T2_ctrl,5,160,55.333333333333336,-0.6914404034614563,-0.8498409184404729
UBFC_PHYS_s05_T2_ctrl,5,161,55.36666666666667,-0.834132194519043,-0.7926937147649026
UBFC_PHYS_s05_T2_ctrl,5,162,55.4,-0.7160468697547913,-0.695375186839066
UBFC_PHYS_s05_T2_ctrl,5,163,55.43333333333333,-0.3714027404785156,-0.5557167184047835
UBFC_PHYS_s05_T2_ctrl,5,164,55.46666666666667,-0.04309883713722229,-0.37330284836756705
UBFC_PHYS_s05_T2_ctrl,5,165,55.5,0.1094227135181427,-0.15178941910561275
UBFC_PHYS_s05_T2_ctrl,5,166,55.53333333333333,0.1581229865550995,0.0998321283688868
UBFC_PHYS_s05_T2_ctrl,5,167,55.56666666666667,0.19800594449043274,0.36429677010530115
UBFC_PHYS_s05_T2_ctrl,5,168,55.6,0.21630698442459106,0.61377301898773
UBFC_PHYS_s05_T2_ctrl,5,169,55.63333333333333,0.20900194346904755,0.8149786028282056
UBFC_PHYS_s05_T2_ctrl,5,170,55.666666666666664,0.1899063140153885,0.9402346773340726
UBFC_PHYS_s05_T2_ctrl,5,171,55.7,0.12341763079166412,0.9749988117338745
UBFC_PHYS_s05_T2_ctrl,5,172,55.733333333333334,-0.01563444919884205,0.9178242245164361
UBFC_PHYS_s05_T2_ctrl,5,173,55.766666666666666,-0.16806629300117493,0.7750785828453641
UBFC_PHYS_s05_T2_ctrl,5,174,55.8,-0.2602507770061493,0.5551631602247334
UBFC_PHYS_s05_T2_ctrl,5,175,55.833333333333336,-0.32554757595062256,0.2680884467601827
UBFC_PHYS_s05_T2_ctrl,5,176,55.86666666666667,-0.4665348529815674,-0.07007656070139348
UBFC_PHYS_s05_T2_ctrl,5,177,55.9,-0.6697943806648254,-0.43452606006614136
UBFC_PHYS_s05_T2_ctrl,5,178,55.93333333333333,-0.7525976896286011,-0.7931027900996976
UBFC_PHYS_s05_T2_ctrl,5,179,55.96666666666667,-0.5822364687919617,-1.1090922293266352
UBFC_PHYS_s05_T2_ctrl,5,180,56.0,-0.23045389354228973,-1.3446594365858873
UBFC_PHYS_s05_T2_ctrl,5,181,56.03333333333333,0.15125368535518646,-1.4661995251600037
UBFC_PHYS_s05_T2_ctrl,5,182,56.06666666666667,0.4677926003932953,-1.4509162157540716
UBFC_PHYS_s05_T2_ctrl,5,183,56.1,0.6411142945289612,-1.291969899391949
UBFC_PHYS_s05_T2_ctrl,5,184,56.13333333333333,0.6173921227455139,-1.0006795931070005
UBFC_PHYS_s05_T2_ctrl,5,185,56.166666666666664,0.4612821638584137,-0.6056587121936641
UBFC_PHYS_s05_T2_ctrl,5,186,56.2,0.31046512722969055,-0.14834217918096654
UBFC_PHYS_s05_T2_ctrl,5,187,56.233333333333334,0.2303147166967392,0.32584231190008706
UBFC_PHYS_s05_T2_ctrl,5,188,56.266666666666666,0.18155036866664886,0.777086790463404
UBFC_PHYS_s05_T2_ctrl,5,189,56.3,0.11295989155769348,1.1744679492079477
UBFC_PHYS_s05_T2_ctrl,5,190,56.333333333333336,0.029579903930425644,1.492257511486012
UBFC_PHYS_s05_T2_ctrl,5,191,56.36666666666667,-0.04813547059893608,1.7052738836546337
UBFC_PHYS_s05_T2_ctrl,5,192,56.4,-0.1479838341474533,1.7879222037518592
UBFC_PHYS_s05_T2_ctrl,5,193,56.43333333333333,-0.3109246790409088,1.718960781324561
UBFC_PHYS_s05_T2_ctrl,5,194,56.46666666666667,-0.5023038983345032,1.48991632482764
UBFC_PHYS_s05_T2_ctrl,5,195,56.5,-0.6193511486053467,1.1114229790230792
UBFC_PHYS_s05_T2_ctrl,5,196,56.53333333333333,-0.5699332356452942,0.6147536712395765
UBFC_PHYS_s05_T2_ctrl,5,197,56.56666666666667,-0.35120493173599243,0.049376532025196845
UBFC_PHYS_s05_T2_ctrl,5,198,56.6,-0.04736651852726936,-0.5227921318016425
UBFC_PHYS_s05_T2_ctrl,5,199,56.63333333333333,0.22286871075630188,-1.036062889886319
UBFC_PHYS_s05_T2_ctrl,5,200,56.666666666666664,0.4084167182445526,-1.4310121634429886
UBFC_PHYS_s05_T2_ctrl,5,201,56.7,0.5338455438613892,-1.663258097944037
UBFC_PHYS_s05_T2_ctrl,5,202,56.733333333333334,0.6041148900985718,-1.7094853454812693
UBFC_PHYS_s05_T2_ctrl,5,203,56.766666666666666,0.5755867958068848,-1.5704605110055931
UBFC_PHYS_s05_T2_ctrl,5,204,56.8,0.4494146704673767,-1.2711263610670274
UBFC_PHYS_s05_T2_ctrl,5,205,56.833333333333336,0.2940351665019989,-0.8580408531067483
UBFC_PHYS_s05_T2_ctrl,5,206,56.86666666666667,0.16628669202327728,-0.3930562844764533
UBFC_PHYS_s05_T2_ctrl,5,207,56.9,0.10373247414827347,0.058758557203034384
UBFC_PHYS_s05_T2_ctrl,5,208,56.93333333333333,0.13563114404678345,0.4438542943858252
UBFC_PHYS_s05_T2_ctrl,5,209,56.96666666666667,0.20058192312717438,0.7298503094900365
UBFC_PHYS_s05_T2_ctrl,5,210,57.0,0.17305345833301544,0.9063082163374566
UBFC_PHYS_s05_T2_ctrl,5,211,57.03333333333333,0.052558742463588715,0.9776047944383436
UBFC_PHYS_s05_T2_ctrl,5,212,57.06666666666667,-0.03283333405852318,0.9535629394414948
UBFC_PHYS_s05_T2_ctrl,5,213,57.1,-0.06189970672130585,0.8466975199435065
UBFC_PHYS_s05_T2_ctrl,5,214,57.13333333333333,-0.14609991014003754,0.6761361712460501
UBFC_PHYS_s05_T2_ctrl,5,215,57.166666666666664,-0.35284537076950073,0.46959695125008166
UBFC_PHYS_s05_T2_ctrl,5,216,57.2,-0.5980896353721619,0.2593129379397517
UBFC_PHYS_s05_T2_ctrl,5,217,57.233333333333334,-0.7035897970199585,0.07354094883469887
UBFC_PHYS_s05_T2_ctrl,5,218,57.266666666666666,-0.560757040977478,-0.07230860095946992
UBFC_PHYS_s05_T2_ctrl,5,219,57.3,-0.2571749687194824,-0.1794099282405211
UBFC_PHYS_s05_T2_ctrl,5,220,57.333333333333336,0.031053729355335236,-0.2616418824067509
UBFC_PHYS_s05_T2_ctrl,5,221,57.36666666666667,0.22236889600753784,-0.3352746016440057
UBFC_PHYS_s05_T2_ctrl,5,222,57.4,0.3517962694168091,-0.40802304926050176
UBFC_PHYS_s05_T2_ctrl,5,223,57.43333333333333,0.46252530813217163,-0.47649397247875885
UBFC_PHYS_s05_T2_ctrl,5,224,57.46666666666667,0.5366265773773193,-0.5316671034361063
UBFC_PHYS_s05_T2_ctrl,5,225,57.5,0.5556069016456604,-0.5629193896789737
UBFC_PHYS_s05_T2_ctrl,5,226,57.53333333333333,0.5602334141731262,-0.5581056639828184
UBFC_PHYS_s05_T2_ctrl,5,227,57.56666666666667,0.5788035988807678,-0.504834595157776
UBFC_PHYS_s05_T2_ctrl,5,228,57.6,0.5787907838821411,-0.39497303967741626
UBFC_PHYS_s05_T2_ctrl,5,229,57.63333333333333,0.5129813551902771,-0.2305656462972801
UBFC_PHYS_s05_T2_ctrl,5,230,57.666666666666664,0.3626641035079956,-0.028047057537822058
UBFC_PHYS_s05_T2_ctrl,5,231,57.7,0.16547928750514984,0.1829583095949432
UBFC_PHYS_s05_T2_ctrl,5,232,57.733333333333334,0.005088795907795429,0.3676077725101256
UBFC_PHYS_s05_T2_ctrl,5,233,57.766666666666666,-0.08075183629989624,0.49909224325040497
UBFC_PHYS_s05_T2_ctrl,5,234,57.8,-0.15117499232292175,0.570028161753134
UBFC_PHYS_s05_T2_ctrl,5,235,57.833333333333336,-0.2615964412689209,0.5909006566713841
UBFC_PHYS_s05_T2_ctrl,5,236,57.86666666666667,-0.3990080952644348,0.5772044164550533
UBFC_PHYS_s05_T2_ctrl,5,237,57.9,-0.5292685031890869,0.5392086782223181
UBFC_PHYS_s05_T2_ctrl,5,238,57.93333333333333,-0.651339590549469,0.48003466882097995
UBFC_PHYS_s05_T2_ctrl,5,239,57.96666666666667,-0.7973890900611877,0.398140411947924
UBFC_PHYS_s05_T2_ctrl,5,240,58.0,-0.9703775644302368,0.2908634966525664
UBFC_PHYS_s05_T2_ctrl,5,241,58.03333333333333,-1.069008469581604,0.1572113952570918
UBFC_PHYS_s05_T2_ctrl,5,242,58.06666666666667,-0.9590355753898621,-0.0005675664425186851
UBFC_PHYS_s05_T2_ctrl,5,243,58.1,-0.6474179029464722,-0.17575439729340278
UBFC_PHYS_s05_T2_ctrl,5,244,58.13333333333333,-0.2930721938610077,-0.3565017127680804
UBFC_PHYS_s05_T2_ctrl,5,245,58.166666666666664,-0.03206438198685646,-0.5270820717032738
UBFC_PHYS_s05_T2_ctrl,5,246,58.2,0.1236867681145668,-0.6705852361356245
UBFC_PHYS_s05_T2_ctrl,5,247,58.233333333333334,0.2242400050163269,-0.7709152212251097
UBFC_PHYS_s05_T2_ctrl,5,248,58.266666666666666,0.29527831077575684,-0.8139740196768063
UBFC_PHYS_s05_T2_ctrl,5,249,58.3,0.33107301592826843,-0.7899041220239809
UBFC_PHYS_s05_T2_ctrl,5,250,58.333333333333336,0.333572119474411,-0.6956408881721858
UBFC_PHYS_s05_T2_ctrl,5,251,58.36666666666667,0.3204486668109894,-0.5345520956228222
UBFC_PHYS_s05_T2_ctrl,5,252,58.4,0.30631276965141296,-0.3137646595930082
UBFC_PHYS_s05_T2_ctrl,5,253,58.43333333333333,0.2907543182373047,-0.04342706533860577
UBFC_PHYS_s05_T2_ctrl,5,254,58.46666666666667,0.2546520531177521,0.2605737768382776
UBFC_PHYS_s05_T2_ctrl,5,255,58.5,0.1838187873363495,0.5721324301346045
UBFC_PHYS_s05_T2_ctrl,5,256,58.53333333333333,0.10256622731685638,0.8531340972069749
UBFC_PHYS_s05_T2_ctrl,5,257,58.56666666666667,0.03837158530950546,1.0603462858911163
UBFC_PHYS_s05_T2_ctrl,5,258,58.6,-0.0229907538741827,1.1589523854115997
UBFC_PHYS_s05_T2_ctrl,5,259,58.63333333333333,-0.09813014417886734,1.1330050231723272
UBFC_PHYS_s05_T2_ctrl,5,260,58.666666666666664,-0.18386824429035187,0.9879382566390501
UBFC_PHYS_s05_T2_ctrl,5,261,58.7,-0.2785133719444275,0.746233168447906
UBFC_PHYS_s05_T2_ctrl,5,262,58.733333333333334,-0.3875635266304016,0.43954848457739826
UBFC_PHYS_s05_T2_ctrl,5,263,58.766666666666666,-0.5262695550918579,0.10196863115007036
UBFC_PHYS_s05_T2_ctrl,5,264,58.8,-0.6936318874359131,-0.234041989717583
UBFC_PHYS_s05_T2_ctrl,5,265,58.833333333333336,-0.8022975921630859,-0.540649317681279
UBFC_PHYS_s05_T2_ctrl,5,266,58.86666666666667,-0.7220959067344666,-0.79694052517718
UBFC_PHYS_s05_T2_ctrl,5,267,58.9,-0.4563334286212921,-0.9892268962741348
UBFC_PHYS_s05_T2_ctrl,5,268,58.93333333333333,-0.16839949786663055,-1.1090151395204988
UBFC_PHYS_s05_T2_ctrl,5,269,58.96666666666667,0.013521632179617882,-1.1493599849238914
UBFC_PHYS_s05_T2_ctrl,5,270,59.0,0.10538572072982788,-1.1021072574609974
UBFC_PHYS_s05_T2_ctrl,5,271,59.03333333333333,0.18178105354309082,-0.959709279834832
UBFC_PHYS_s05_T2_ctrl,5,272,59.06666666666667,0.27169713377952576,-0.7208696265740167
UBFC_PHYS_s05_T2_ctrl,5,273,59.1,0.34814372658729553,-0.3950096563976915
UBFC_PHYS_s05_T2_ctrl,5,274,59.13333333333333,0.3795682191848755,-0.004369155690539677
UBFC_PHYS_s05_T2_ctrl,5,275,59.166666666666664,0.3802218437194824,0.41348083490570325
UBFC_PHYS_s05_T2_ctrl,5,276,59.2,0.390320748090744,0.805060162443366
UBFC_PHYS_s05_T2_ctrl,5,277,59.233333333333334,0.4310110807418823,1.1091973271259392
UBFC_PHYS_s05_T2_ctrl,5,278,59.266666666666666,0.4899768531322479,1.273224400127408
UBFC_PHYS_s05_T2_ctrl,5,279,59.3,0.5198890566825867,1.2685393161199576
UBFC_PHYS_s05_T2_ctrl,5,280,59.333333333333336,0.4951801002025604,1.0986786378873241
UBFC_PHYS_s05_T2_ctrl,5,281,59.36666666666667,0.45528432726860046,0.7962990944135718
UBFC_PHYS_s05_T2_ctrl,5,282,59.4,0.4228089451789856,0.41196605665871305
UBFC_PHYS_s05_T2_ctrl,5,283,59.43333333333333,0.3553847074508667,0.0033357319224985513
UBFC_PHYS_s05_T2_ctrl,5,284,59.46666666666667,0.23737625777721405,-0.37216457329179775
UBFC_PHYS_s05_T2_ctrl,5,285,59.5,0.11249852180480957,-0.6640434715392413
UBFC_PHYS_s05_T2_ctrl,5,286,59.53333333333333,-0.024426130577921867,-0.836100659390241
UBFC_PHYS_s05_T2_ctrl,5,287,59.56666666666667,-0.23343999683856964,-0.8733481325126938
UBFC_PHYS_s05_T2_ctrl,5,288,59.6,-0.47701823711395264,-0.7856125485098562
UBFC_PHYS_s05_T2_ctrl,5,289,59.63333333333333,-0.5949241518974304,-0.6037647749758327
UBFC_PHYS_s05_T2_ctrl,5,290,59.666666666666664,-0.4926663935184479,-0.3692972039957369
UBFC_PHYS_s05_T2_ctrl,5,291,59.7,-0.2592127025127411,-0.1227007742003326
UBFC_PHYS_s05_T2_ctrl,5,292,59.733333333333334,-0.05467155948281288,0.10462447070033609
UBFC_PHYS_s05_T2_ctrl,5,293,59.766666666666666,0.04543312266469002,0.2919070711115817
UBFC_PHYS_s05_T2_ctrl,5,294,59.8,0.08077926933765411,0.4255753829725097
UBFC_PHYS_s05_T2_ctrl,5,295,59.833333333333336,0.107051782310009,0.4964803501913424
UBFC_PHYS_s05_T2_ctrl,5,296,59.86666666666667,0.11038390547037125,0.5003994637662174
UBFC_PHYS_s05_T2_ctrl,5,297,59.9,0.0474836602807045,0.4407583003111926
UBFC_PHYS_s05_T2_ctrl,5,298,59.93333333333333,-0.0899023562669754,0.3309388139381173
UBFC_PHYS_s05_T2_ctrl,5,299,59.96666666666667,-0.27700111269950867,0.1927130343433301
UBFC_PHYS_s05_T2_ctrl,6,0,60.0,-0.4588325321674347,0.037873553115434264
UBFC_PHYS_s05_T2_ctrl,6,1,60.03333333333333,-0.5601291060447693,0.16199150694719297
UBFC_PHYS_s05_T2_ctrl,6,2,60.06666666666667,-0.5862862467765808,0.2778321820370707
UBFC_PHYS_s05_T2_ctrl,6,3,60.1,-0.628386378288269,0.3738400522062507
UBFC_PHYS_s05_T2_ctrl,6,4,60.13333333333333,-0.7454720735549927,0.4379700662417421
UBFC_PHYS_s05_T2_ctrl,6,5,60.166666666666664,-0.8927134871482849,0.4595507444637303
UBFC_PHYS_s05_T2_ctrl,6,6,60.2,-0.9702237844467163,0.4322869073060216
UBFC_PHYS_s05_T2_ctrl,6,7,60.233333333333334,-0.9199215173721313,0.3576329669320449
UBFC_PHYS_s05_T2_ctrl,6,8,60.266666666666666,-0.7785113453865051,0.2462999687401521
UBFC_PHYS_s05_T2_ctrl,6,9,60.3,-0.6306931972503662,0.11476278088259513
UBFC_PHYS_s05_T2_ctrl,6,10,60.333333333333336,-0.4879886209964752,-0.021094271711501605
UBFC_PHYS_s05_T2_ctrl,6,11,60.36666666666667,-0.28616443276405334,-0.14832098056842782
UBFC_PHYS_s05_T2_ctrl,6,12,60.4,-0.0024981931783258915,-0.25448944059293094
UBFC_PHYS_s05_T2_ctrl,6,13,60.43333333333333,0.28921642899513245,-0.32605240404642993
UBFC_PHYS_s05_T2_ctrl,6,14,60.46666666666667,0.4905407726764679,-0.3499167465028442
UBFC_PHYS_s05_T2_ctrl,6,15,60.5,0.5509932041168213,-0.3168865438750581
UBFC_PHYS_s05_T2_ctrl,6,16,60.53333333333333,0.46730560064315796,-0.22605577142775332
UBFC_PHYS_s05_T2_ctrl,6,17,60.56666666666667,0.30626150965690613,-0.08978888454968048
UBFC_PHYS_s05_T2_ctrl,6,18,60.6,0.1692855954170227,0.06350235266110328
UBFC_PHYS_s05_T2_ctrl,6,19,60.63333333333333,0.08825091272592545,0.19335365538122748
UBFC_PHYS_s05_T2_ctrl,6,20,60.666666666666664,0.002153964014723897,0.2581905589534563
UBFC_PHYS_s05_T2_ctrl,6,21,60.7,-0.11564942449331284,0.22876153982155997
UBFC_PHYS_s05_T2_ctrl,6,22,60.733333333333334,-0.21052522957324982,0.09832439980154978
UBFC_PHYS_s05_T2_ctrl,6,23,60.766666666666666,-0.2477809339761734,-0.11619967662159035
UBFC_PHYS_s05_T2_ctrl,6,24,60.8,-0.24483329057693481,-0.3806959740453021
UBFC_PHYS_s05_T2_ctrl,6,25,60.833333333333336,-0.21263985335826874,-0.6498781161488122
UBFC_PHYS_s05_T2_ctrl,6,26,60.86666666666667,-0.1733848750591278,-0.8714227913355977
UBFC_PHYS_s05_T2_ctrl,6,27,60.9,-0.14037121832370758,-0.993606487522838
UBFC_PHYS_s05_T2_ctrl,6,28,60.93333333333333,-0.06646215170621872,-0.977013050144378
UBFC_PHYS_s05_T2_ctrl,6,29,60.96666666666667,0.06564373522996902,-0.8055164322417045
UBFC_PHYS_s05_T2_ctrl,6,30,61.0,0.16401827335357666,-0.49205346883918377
UBFC_PHYS_s05_T2_ctrl,6,31,61.03333333333333,0.14284648001194,-0.07596141270276936
UBFC_PHYS_s05_T2_ctrl,6,32,61.06666666666667,0.04859863966703415,0.38679399691292954
UBFC_PHYS_s05_T2_ctrl,6,33,61.1,0.0010005366057157516,0.8349352635347168
UBFC_PHYS_s05_T2_ctrl,6,34,61.13333333333333,0.11775302141904831,1.211419963406729
UBFC_PHYS_s05_T2_ctrl,6,35,61.166666666666664,0.3984203636646271,1.4707086883706877
UBFC_PHYS_s05_T2_ctrl,6,36,61.2,0.6752557754516602,1.5842292247679801
UBFC_PHYS_s05_T2_ctrl,6,37,61.233333333333334,0.7878687381744385,1.545008244576397
UBFC_PHYS_s05_T2_ctrl,6,38,61.266666666666666,0.7586357593536377,1.3693359686385662
UBFC_PHYS_s05_T2_ctrl,6,39,61.3,0.7153950333595276,1.0907236044065627
UBFC_PHYS_s05_T2_ctrl,6,40,61.333333333333336,0.7275316715240479,0.7481341929293204
UBFC_PHYS_s05_T2_ctrl,6,41,61.36666666666667,0.7906497716903687,0.37684215524457915
UBFC_PHYS_s05_T2_ctrl,6,42,61.4,0.839503824710846,0.0049712526979308145
UBFC_PHYS_s05_T2_ctrl,6,43,61.43333333333333,0.8014150857925415,-0.34710882422030365
UBFC_PHYS_s05_T2_ctrl,6,44,61.46666666666667,0.6892891526222229,-0.6661544593591565
UBFC_PHYS_s05_T2_ctrl,6,45,61.5,0.5719470977783203,-0.9440809719488124
UBFC_PHYS_s05_T2_ctrl,6,46,61.53333333333333,0.4580012857913971,-1.1752043417196345
UBFC_PHYS_s05_T2_ctrl,6,47,61.56666666666667,0.3038265109062195,-1.3538405081725335
UBFC_PHYS_s05_T2_ctrl,6,48,61.6,0.09146769344806671,-1.4728935377304515
UBFC_PHYS_s05_T2_ctrl,6,49,61.63333333333333,-0.1509443074464798,-1.523475553951689
UBFC_PHYS_s05_T2_ctrl,6,50,61.666666666666664,-0.35630565881729126,-1.495046106728466
UBFC_PHYS_s05_T2_ctrl,6,51,61.7,-0.4799787104129791,-1.3752077451871765
UBFC_PHYS_s05_T2_ctrl,6,52,61.733333333333334,-0.584184467792511,-1.1507330765870438
UBFC_PHYS_s05_T2_ctrl,6,53,61.766666666666666,-0.7481634020805359,-0.8133359388353355
UBFC_PHYS_s05_T2_ctrl,6,54,61.8,-0.8853699564933777,-0.36892107421326953
UBFC_PHYS_s05_T2_ctrl,6,55,61.833333333333336,-0.8463200330734253,0.15561138941585892
UBFC_PHYS_s05_T2_ctrl,6,56,61.86666666666667,-0.6423171758651733,0.7120119698965902
UBFC_PHYS_s05_T2_ctrl,6,57,61.9,-0.40439075231552124,1.2379098059046774
UBFC_PHYS_s05_T2_ctrl,6,58,61.93333333333333,-0.21133263409137726,1.669306885251133
UBFC_PHYS_s05_T2_ctrl,6,59,61.96666666666667,-0.05833689495921135,1.9530142100736523
UBFC_PHYS_s05_T2_ctrl,6,60,62.0,0.0650157555937767,2.0553305505509134
UBFC_PHYS_s05_T2_ctrl,6,61,62.03333333333333,0.12846708297729492,1.9655218175111504
UBFC_PHYS_s05_T2_ctrl,6,62,62.06666666666667,0.11563840508460999,1.6949451899363575
UBFC_PHYS_s05_T2_ctrl,6,63,62.1,0.08289388567209244,1.2745164719277624
UBFC_PHYS_s05_T2_ctrl,6,64,62.13333333333333,0.1077950969338417,0.750712055289423
UBFC_PHYS_s05_T2_ctrl,6,65,62.166666666666664,0.1887528896331787,0.17785473314278388
UBFC_PHYS_s05_T2_ctrl,6,66,62.2,0.2551006078720093,-0.3917161313581025
UBFC_PHYS_s05_T2_ctrl,6,67,62.233333333333334,0.2645971477031708,-0.9143058186810308
UBFC_PHYS_s05_T2_ctrl,6,68,62.266666666666666,0.23245497047901154,-1.35654322626962
UBFC_PHYS_s05_T2_ctrl,6,69,62.3,0.16313397884368896,-1.69404350447389
UBFC_PHYS_s05_T2_ctrl,6,70,62.333333333333336,0.04028114676475525,-1.9089064851346054
UBFC_PHYS_s05_T2_ctrl,6,71,62.36666666666667,-0.12729904055595398,-1.987291270023283
UBFC_PHYS_s05_T2_ctrl,6,72,62.4,-0.2975064814090729,-1.918381849752018
UBFC_PHYS_s05_T2_ctrl,6,73,62.43333333333333,-0.3863588273525238,-1.695856305658894
UBFC_PHYS_s05_T2_ctrl,6,74,62.46666666666667,-0.2892530560493469,-1.3219821415871522
UBFC_PHYS_s05_T2_ctrl,6,75,62.5,-0.00438212463632226,-0.813361607636783
UBFC_PHYS_s05_T2_ctrl,6,76,62.53333333333333,0.3249470293521881,-0.20624123867168784
UBFC_PHYS_s05_T2_ctrl,6,77,62.56666666666667,0.5894279479980469,0.44143980041480835
UBFC_PHYS_s05_T2_ctrl,6,78,62.6,0.7960965037345886,1.0546896189688664
UBFC_PHYS_s05_T2_ctrl,6,79,62.63333333333333,0.9296249747276306,1.5558374249106295
UBFC_PHYS_s05_T2_ctrl,6,80,62.666666666666664,0.9148354530334473,1.8840602328002416
UBFC_PHYS_s05_T2_ctrl,6,81,62.7,0.7375408411026001,2.0086897502890486
UBFC_PHYS_s05_T2_ctrl,6,82,62.733333333333334,0.4819541275501251,1.931715626481068
UBFC_PHYS_s05_T2_ctrl,6,83,62.766666666666666,0.22843079268932343,1.6825647738606446
UBFC_PHYS_s05_T2_ctrl,6,84,62.8,-0.007534826174378395,1.3085949030195019
UBFC_PHYS_s05_T2_ctrl,6,85,62.833333333333336,-0.24461542069911957,0.864233343625818
UBFC_PHYS_s05_T2_ctrl,6,86,62.86666666666667,-0.5064562559127808,0.4013220946195673
UBFC_PHYS_s05_T2_ctrl,6,87,62.9,-0.8060910701751709,-0.037455536084241035
UBFC_PHYS_s05_T2_ctrl,6,88,62.93333333333333,-1.1544389724731445,-0.42161051803440297
UBFC_PHYS_s05_T2_ctrl,6,89,62.96666666666667,-1.5413882732391357,-0.733167072154197
UBFC_PHYS_s05_T2_ctrl,6,90,63.0,-1.8646682500839233,-0.9652643048368569
UBFC_PHYS_s05_T2_ctrl,6,91,63.03333333333333,-1.9407432079315186,-1.1199078558872373
UBFC_PHYS_s05_T2_ctrl,6,92,63.06666666666667,-1.6617292165756226,-1.2046762018776491
UBFC_PHYS_s05_T2_ctrl,6,93,63.1,-1.0844515562057495,-1.2273251765525013
UBFC_PHYS_s05_T2_ctrl,6,94,63.13333333333333,-0.4673422574996948,-1.190277614995801
UBFC_PHYS_s05_T2_ctrl,6,95,63.166666666666664,-0.07576646655797958,-1.0896520047838325
UBFC_PHYS_s05_T2_ctrl,6,96,63.2,0.09746551513671875,-0.9192614628940705
UBFC_PHYS_s05_T2_ctrl,6,97,63.233333333333334,0.2332880049943924,-0.6756969013326326
UBFC_PHYS_s05_T2_ctrl,6,98,63.266666666666666,0.3948831856250763,-0.3628633254016854
UBFC_PHYS_s05_T2_ctrl,6,99,63.3,0.5208503007888794,0.003138130789730063
UBFC_PHYS_s05_T2_ctrl,6,100,63.333333333333336,0.5541971325874329,0.3906843306600241
UBFC_PHYS_s05_T2_ctrl,6,101,63.36666666666667,0.47503358125686646,0.7552003639194088
UBFC_PHYS_s05_T2_ctrl,6,102,63.4,0.3313421607017517,1.0480773492347204
UBFC_PHYS_s05_T2_ctrl,6,103,63.43333333333333,0.19337941706180573,1.228248165171276
UBFC_PHYS_s05_T2_ctrl,6,104,63.46666666666667,0.06254229694604874,1.2720197920574212
UBFC_PHYS_s05_T2_ctrl,6,105,63.5,-0.09550289064645767,1.1769442508738657
UBFC_PHYS_s05_T2_ctrl,6,106,63.53333333333333,-0.26913216710090637,0.9592525135731966
UBFC_PHYS_s05_T2_ctrl,6,107,63.56666666666667,-0.42179468274116516,0.6480932882097838
UBFC_PHYS_s05_T2_ctrl,6,108,63.6,-0.5415717363357544,0.2792780475248792
UBFC_PHYS_s05_T2_ctrl,6,109,63.63333333333333,-0.6457518339157104,-0.10991179686136338
UBFC_PHYS_s05_T2_ctrl,6,110,63.666666666666664,-0.7334123253822327,-0.4840875401511878
UBFC_PHYS_s05_T2_ctrl,6,111,63.7,-0.7173925042152405,-0.811322103117474
UBFC_PHYS_s05_T2_ctrl,6,112,63.733333333333334,-0.4683418869972229,-1.063692736204635
UBFC_PHYS_s05_T2_ctrl,6,113,63.766666666666666,0.043856773525476456,-1.2180033797149183
UBFC_PHYS_s05_T2_ctrl,6,114,63.8,0.6892122030258179,-1.257141811955596
UBFC_PHYS_s05_T2_ctrl,6,115,63.833333333333336,1.2786777019500732,-1.171625976599281
UBFC_PHYS_s05_T2_ctrl,6,116,63.86666666666667,1.6710480451583862,-0.961577441525893
UBFC_PHYS_s05_T2_ctrl,6,117,63.9,1.8098053932189941,-0.6399016864828
UBFC_PHYS_s05_T2_ctrl,6,118,63.93333333333333,1.696359395980835,-0.23568019022350117
UBFC_PHYS_s05_T2_ctrl,6,119,63.96666666666667,1.4121676683425903,0.20484398205299367
UBFC_PHYS_s05_T2_ctrl,6,120,64.0,1.1398178339004517,0.6223060057536364
UBFC_PHYS_s05_T2_ctrl,6,121,64.03333333333333,1.0079939365386963,0.9551244344488955
UBFC_PHYS_s05_T2_ctrl,6,122,64.06666666666666,0.9409157037734985,1.154070632321917
UBFC_PHYS_s05_T2_ctrl,6,123,64.1,0.8341211676597595,1.1928088340822314
UBFC_PHYS_s05_T2_ctrl,6,124,64.13333333333334,0.7040657997131348,1.0716463410741555
UBFC_PHYS_s05_T2_ctrl,6,125,64.16666666666667,0.6046275496482849,0.8170692439784059
UBFC_PHYS_s05_T2_ctrl,6,126,64.2,0.5064708590507507,0.47802309527317893
UBFC_PHYS_s05_T2_ctrl,6,127,64.23333333333333,0.338736891746521,0.11798153161558943
UBFC_PHYS_s05_T2_ctrl,6,128,64.26666666666667,0.09231354296207428,-0.19690068654796666
UBFC_PHYS_s05_T2_ctrl,6,129,64.3,-0.17266719043254852,-0.4117253881619305
UBFC_PHYS_s05_T2_ctrl,6,130,64.33333333333333,-0.3779003620147705,-0.4956921726546276
UBFC_PHYS_s05_T2_ctrl,6,131,64.36666666666666,-0.4414670467376709,-0.4496747422809134
UBFC_PHYS_s05_T2_ctrl,6,132,64.4,-0.3145771920681,-0.3053516559493742
UBFC_PHYS_s05_T2_ctrl,6,133,64.43333333333334,-0.043893422931432724,-0.11438480944316279
UBFC_PHYS_s05_T2_ctrl,6,134,64.46666666666667,0.24644988775253296,0.06858690952687489
UBFC_PHYS_s05_T2_ctrl,6,135,64.5,0.4594879448413849,0.2007987391308519
UBFC_PHYS_s05_T2_ctrl,6,136,64.53333333333333,0.5729339122772217,0.2592407792919125
UBFC_PHYS_s05_T2_ctrl,6,137,64.56666666666666,0.5864289999008179,0.24113948582854688
UBFC_PHYS_s05_T2_ctrl,6,138,64.6,0.4932449162006378,0.1597024385756262
UBFC_PHYS_s05_T2_ctrl,6,139,64.63333333333334,0.3326878249645233,0.039993310291582596
UBFC_PHYS_s05_T2_ctrl,6,140,64.66666666666667,0.1637619584798813,-0.08448769449643066
UBFC_PHYS_s05_T2_ctrl,6,141,64.7,0.01791747286915779,-0.17821202506236689
UBFC_PHYS_s05_T2_ctrl,6,142,64.73333333333333,-0.0696917474269867,-0.21336023210601032
UBFC_PHYS_s05_T2_ctrl,6,143,64.76666666666667,-0.08063649386167526,-0.179447182207938
UBFC_PHYS_s05_T2_ctrl,6,144,64.8,-0.07247278839349747,-0.08936651141386298
UBFC_PHYS_s05_T2_ctrl,6,145,64.83333333333333,-0.09909132868051529,0.020980605823837248
UBFC_PHYS_s05_T2_ctrl,6,146,64.86666666666666,-0.14877842366695404,0.10150216631204276
UBFC_PHYS_s05_T2_ctrl,6,147,64.9,-0.20742379128932953,0.1057183978221164
UBFC_PHYS_s05_T2_ctrl,6,148,64.93333333333334,-0.27712926268577576,0.01008453770484465
UBFC_PHYS_s05_T2_ctrl,6,149,64.96666666666667,-0.3505513370037079,-0.17906216928892169
UBFC_PHYS_s05_T2_ctrl,6,150,65.0,-0.4463370740413666,-0.4318308430529916
UBFC_PHYS_s05_T2_ctrl,6,151,65.03333333333333,-0.5843895077705383,-0.7023412810786306
UBFC_PHYS_s05_T2_ctrl,6,152,65.06666666666666,-0.6737929582595825,-0.9339203519751974
UBFC_PHYS_s05_T2_ctrl,6,153,65.1,-0.5956290364265442,-1.0675921339532548
UBFC_PHYS_s05_T2_ctrl,6,154,65.13333333333334,-0.3706209659576416,-1.0548388478897603
UBFC_PHYS_s05_T2_ctrl,6,155,65.16666666666667,-0.1316436231136322,-0.8702010666276595
UBFC_PHYS_s05_T2_ctrl,6,156,65.2,0.03602628409862518,-0.5199801697671633
UBFC_PHYS_s05_T2_ctrl,6,157,65.23333333333333,0.14132139086723328,-0.04461927919483343
UBFC_PHYS_s05_T2_ctrl,6,158,65.26666666666667,0.21388478577136993,0.48686237198879206
UBFC_PHYS_s05_T2_ctrl,6,159,65.3,0.2414517104625702,0.9908041747582983
UBFC_PHYS_s05_T2_ctrl,6,160,65.33333333333333,0.2151535600423813,1.3873208294259873
UBFC_PHYS_s05_T2_ctrl,6,161,65.36666666666666,0.18484404683113098,1.6156244148252255
UBFC_PHYS_s05_T2_ctrl,6,162,65.4,0.19077779352664948,1.642995445579135
UBFC_PHYS_s05_T2_ctrl,6,163,65.43333333333334,0.18319080770015717,1.4688130867364984
UBFC_PHYS_s05_T2_ctrl,6,164,65.46666666666667,0.11508732289075851,1.1240925568933724
UBFC_PHYS_s05_T2_ctrl,6,165,65.5,0.040024831891059875,0.6656857654049302
UBFC_PHYS_s05_T2_ctrl,6,166,65.53333333333333,0.010138245299458504,0.16559495480427872
UBFC_PHYS_s05_T2_ctrl,6,167,65.56666666666666,-0.028745075687766075,-0.3027250558223722
UBFC_PHYS_s05_T2_ctrl,6,168,65.6,-0.12214706093072891,-0.6782454276147409
UBFC_PHYS_s05_T2_ctrl,6,169,65.63333333333334,-0.2245970517396927,-0.9229203262068938
UBFC_PHYS_s05_T2_ctrl,6,170,65.66666666666667,-0.2936360836029053,-1.026164410154092
UBFC_PHYS_s05_T2_ctrl,6,171,65.7,-0.36967259645462036,-1.0016582323769527
UBFC_PHYS_s05_T2_ctrl,6,172,65.73333333333333,-0.5039699673652649,-0.8781608937594185
UBFC_PHYS_s05_T2_ctrl,6,173,65.76666666666667,-0.6948750615119934,-0.6889144323146295
UBFC_PHYS_s05_T2_ctrl,6,174,65.8,-0.8770268559455872,-0.4636371484154626
UBFC_PHYS_s05_T2_ctrl,6,175,65.83333333333333,-0.9059138298034668,-0.2257283237107424
UBFC_PHYS_s05_T2_ctrl,6,176,65.86666666666666,-0.6748951077461243,0.006109719446276936
UBFC_PHYS_s05_T2_ctrl,6,177,65.9,-0.29343104362487793,0.21566431821745188
UBFC_PHYS_s05_T2_ctrl,6,178,65.93333333333334,0.025363486260175705,0.38812075292396314
UBFC_PHYS_s05_T2_ctrl,6,179,65.96666666666667,0.22143332660198212,0.509241222928047
UBFC_PHYS_s05_T2_ctrl,6,180,66.0,0.34625980257987976,0.5654076520450844
UBFC_PHYS_s05_T2_ctrl,6,181,66.03333333333333,0.38706550002098083,0.5464308126792226
UBFC_PHYS_s05_T2_ctrl,6,182,66.06666666666666,0.3322520852088928,0.4503126319447366
UBFC_PHYS_s05_T2_ctrl,6,183,66.1,0.263020783662796,0.28656613918949136
UBFC_PHYS_s05_T2_ctrl,6,184,66.13333333333334,0.2496154010295868,0.07639311254542436
UBFC_PHYS_s05_T2_ctrl,6,185,66.16666666666667,0.2505253255367279,-0.149900825553155
UBFC_PHYS_s05_T2_ctrl,6,186,66.2,0.1995822936296463,-0.3575844528123385
UBFC_PHYS_s05_T2_ctrl,6,187,66.23333333333333,0.10562922060489655,-0.5134267186278625
UBFC_PHYS_s05_T2_ctrl,6,188,66.26666666666667,-0.0022418759763240814,-0.5921323090985009
UBFC_PHYS_s05_T2_ctrl,6,189,66.3,-0.14906036853790283,-0.5826214016160685
UBFC_PHYS_s05_T2_ctrl,6,190,66.33333333333333,-0.3551522195339203,-0.49214542444303083
UBFC_PHYS_s05_T2_ctrl,6,191,66.36666666666666,-0.5770588517189026,-0.3452442701251277
UBFC_PHYS_s05_T2_ctrl,6,192,66.4,-0.7678357362747192,-0.17678644180092998
UBFC_PHYS_s05_T2_ctrl,6,193,66.43333333333334,-0.9441050887107849,-0.020873565587136725
UBFC_PHYS_s05_T2_ctrl,6,194,66.46666666666667,-1.1532983779907227,0.10040631803386259
UBFC_PHYS_s05_T2_ctrl,6,195,66.5,-1.40445077419281,0.18295060692985737
UBFC_PHYS_s05_T2_ctrl,6,196,66.53333333333333,-1.6373149156570435,0.23863107068954048
UBFC_PHYS_s05_T2_ctrl,6,197,66.56666666666666,-1.7538111209869385,0.28591479488969934
UBFC_PHYS_s05_T2_ctrl,6,198,66.6,-1.7026118040084839,0.3383745388740725
UBFC_PHYS_s05_T2_ctrl,6,199,66.63333333333334,-1.5432208776474,0.39973347065447484
UBFC_PHYS_s05_T2_ctrl,6,200,66.66666666666667,-1.391698956489563,0.4661677733122399
UBFC_PHYS_s05_T2_ctrl,6,201,66.7,-1.252505898475647,0.5286868696591934
UBFC_PHYS_s05_T2_ctrl,6,202,66.73333333333333,-0.95455002784729,0.5733445294792829
UBFC_PHYS_s05_T2_ctrl,6,203,66.76666666666667,-0.38284727931022644,0.5825938894351625
UBFC_PHYS_s05_T2_ctrl,6,204,66.8,0.29235631227493286,0.539010938120845
UBFC_PHYS_s05_T2_ctrl,6,205,66.83333333333333,0.8546009063720703,0.43005436495289273
UBFC_PHYS_s05_T2_ctrl,6,206,66.86666666666666,1.2258763313293457,0.25219531613792423
UBFC_PHYS_s05_T2_ctrl,6,207,66.9,1.2853034734725952,0.012736362471149393
UBFC_PHYS_s05_T2_ctrl,6,208,66.93333333333334,0.9290354251861572,-0.2704515530638337
UBFC_PHYS_s05_T2_ctrl,6,209,66.96666666666667,0.3343923091888428,-0.5693092952150508
UBFC_PHYS_s05_T2_ctrl,6,210,67.0,-0.20988444983959198,-0.8467833401426206
UBFC_PHYS_s05_T2_ctrl,6,211,67.03333333333333,-0.6108542680740356,-1.0619610374279895
UBFC_PHYS_s05_T2_ctrl,6,212,67.06666666666666,-0.8901631236076355,-1.1786265091832018
UBFC_PHYS_s05_T2_ctrl,6,213,67.1,-1.0211668014526367,-1.173007214953203
UBFC_PHYS_s05_T2_ctrl,6,214,67.13333333333334,-0.9938049912452698,-1.0376159326558705
UBFC_PHYS_s05_T2_ctrl,6,215,67.16666666666667,-0.8483706116676331,-0.7798870655450718
UBFC_PHYS_s05_T2_ctrl,6,216,67.2,-0.5915151238441467,-0.4185347945605994
UBFC_PHYS_s05_T2_ctrl,6,217,67.23333333333333,-0.14477987587451935,0.01610601474815914
UBFC_PHYS_s05_T2_ctrl,6,218,67.26666666666667,0.5161468386650085,0.47837703104885965
UBFC_PHYS_s05_T2_ctrl,6,219,67.3,1.2316691875457764,0.9075742294503257
UBFC_PHYS_s05_T2_ctrl,6,220,67.33333333333333,1.8334763050079346,1.2362149453557247
UBFC_PHYS_s05_T2_ctrl,6,221,67.36666666666666,2.2552847862243652,1.4056743812469064
UBFC_PHYS_s05_T2_ctrl,6,222,67.4,2.4413068294525146,1.3836795336554621
UBFC_PHYS_s05_T2_ctrl,6,223,67.43333333333334,2.3530311584472656,1.1743251931273486
UBFC_PHYS_s05_T2_ctrl,6,224,67.46666666666667,2.0533323287963867,0.8162134172473494
UBFC_PHYS_s05_T2_ctrl,6,225,67.5,1.6540542840957642,0.3702141577180993
UBFC_PHYS_s05_T2_ctrl,6,226,67.53333333333333,1.2281063795089722,-0.09727465331932629
UBFC_PHYS_s05_T2_ctrl,6,227,67.56666666666666,0.8097069263458252,-0.5266500329945559
UBFC_PHYS_s05_T2_ctrl,6,228,67.6,0.3938963711261749,-0.8703582147047737
UBFC_PHYS_s05_T2_ctrl,6,229,67.63333333333334,-0.061925336718559265,-1.0949870566536757
UBFC_PHYS_s05_T2_ctrl,6,230,67.66666666666667,-0.5582195520401001,-1.1823916142034956
UBFC_PHYS_s05_T2_ctrl,6,231,67.7,-1.018706202507019,-1.1295530549436794
UBFC_PHYS_s05_T2_ctrl,6,232,67.73333333333333,-1.407949447631836,-0.9477399799075301
UBFC_PHYS_s05_T2_ctrl,6,233,67.76666666666667,-1.7970902919769287,-0.6622557646242858
UBFC_PHYS_s05_T2_ctrl,6,234,67.8,-2.263869524002075,-0.311258265547149
UBFC_PHYS_s05_T2_ctrl,6,235,67.83333333333333,-2.770557403564453,0.06015300161775853
UBFC_PHYS_s05_T2_ctrl,6,236,67.86666666666666,-3.133835792541504,0.40933329708889943
UBFC_PHYS_s05_T2_ctrl,6,237,67.9,-3.1319775581359863,0.7028133077400263
UBFC_PHYS_s05_T2_ctrl,6,238,67.93333333333334,-2.692291021347046,0.9179402956364354
UBFC_PHYS_s05_T2_ctrl,6,239,67.96666666666667,-1.9556480646133423,1.0412849007144438
UBFC_PHYS_s05_T2_ctrl,6,240,68.0,-1.168190360069275,1.0665865712683027
UBFC_PHYS_s05_T2_ctrl,6,241,68.03333333333333,-0.5320239067077637,0.9951296184399687
UBFC_PHYS_s05_T2_ctrl,6,242,68.06666666666666,-0.08273829519748688,0.8379075697631457
UBFC_PHYS_s05_T2_ctrl,6,243,68.1,0.23483872413635254,0.6156031242330783
UBFC_PHYS_s05_T2_ctrl,6,244,68.13333333333334,0.44929933547973633,0.35527855885113135
UBFC_PHYS_s05_T2_ctrl,6,245,68.16666666666667,0.5808541178703308,0.08589391995219389
UBFC_PHYS_s05_T2_ctrl,6,246,68.2,0.6847138404846191,-0.1665194331323307
UBFC_PHYS_s05_T2_ctrl,6,247,68.23333333333333,0.7778979539871216,-0.3845558742661972
UBFC_PHYS_s05_T2_ctrl,6,248,68.26666666666667,0.8209848999977112,-0.5637006146475969
UBFC_PHYS_s05_T2_ctrl,6,249,68.3,0.8421182632446289,-0.7105191941038419
UBFC_PHYS_s05_T2_ctrl,6,250,68.33333333333333,0.8965728282928467,-0.8348170523485358
UBFC_PHYS_s05_T2_ctrl,6,251,68.36666666666666,0.9003151059150696,-0.9405969391967632
UBFC_PHYS_s05_T2_ctrl,6,252,68.4,0.7327733635902405,-1.0199959895612816
UBFC_PHYS_s05_T2_ctrl,6,253,68.43333333333334,0.46346086263656616,-1.052830139622512
UBFC_PHYS_s05_T2_ctrl,6,254,68.46666666666667,0.24038799107074738,-1.0117733947191938
UBFC_PHYS_s05_T2_ctrl,6,255,68.5,0.05963309854269028,-0.8706299677684483
UBFC_PHYS_s05_T2_ctrl,6,256,68.53333333333333,-0.08772366493940353,-0.6136351022844297
UBFC_PHYS_s05_T2_ctrl,6,257,68.56666666666666,-0.06784626096487045,-0.24446465494485806
UBFC_PHYS_s05_T2_ctrl,6,258,68.6,0.14444845914840698,0.2074740655183182
UBFC_PHYS_s05_T2_ctrl,6,259,68.63333333333334,0.3828490972518921,0.6866774939548671
UBFC_PHYS_s05_T2_ctrl,6,260,68.66666666666667,0.5359986424446106,1.1194531371278211
UBFC_PHYS_s05_T2_ctrl,6,261,68.7,0.6297722458839417,1.4308583508931827
UBFC_PHYS_s05_T2_ctrl,6,262,68.73333333333333,0.6843165755271912,1.5650029792186604
UBFC_PHYS_s05_T2_ctrl,6,263,68.76666666666667,0.6833297610282898,1.4976769050899403
UBFC_PHYS_s05_T2_ctrl,6,264,68.8,0.6410374045372009,1.2377895913169743
UBFC_PHYS_s05_T2_ctrl,6,265,68.83333333333333,0.5905941724777222,0.8221841192417477
UBFC_PHYS_s05_T2_ctrl,6,266,68.86666666666666,0.5493015050888062,0.3075996033819067
UBFC_PHYS_s05_T2_ctrl,6,267,68.9,0.4963207244873047,-0.23822097119801577
UBFC_PHYS_s05_T2_ctrl,6,268,68.93333333333334,0.3871808648109436,-0.7454081832580385
UBFC_PHYS_s05_T2_ctrl,6,269,68.96666666666667,0.21840879321098328,-1.150959540075286
UBFC_PHYS_s05_T2_ctrl,6,270,69.0,0.03521888330578804,-1.4074909102414386
UBFC_PHYS_s05_T2_ctrl,6,271,69.03333333333333,-0.13493728637695312,-1.4906157099186061
UBFC_PHYS_s05_T2_ctrl,6,272,69.06666666666666,-0.27502745389938354,-1.4024183039052718
UBFC_PHYS_s05_T2_ctrl,6,273,69.1,-0.38151443004608154,-1.1675918601293773
UBFC_PHYS_s05_T2_ctrl,6,274,69.13333333333334,-0.5219634771347046,-0.8239669617129591
UBFC_PHYS_s05_T2_ctrl,6,275,69.16666666666667,-0.7415503859519958,-0.413949523788941
UBFC_PHYS_s05_T2_ctrl,6,276,69.2,-0.9198574423789978,0.02032755923940132
UBFC_PHYS_s05_T2_ctrl,6,277,69.23333333333333,-0.8682736158370972,0.4395634323867428
UBFC_PHYS_s05_T2_ctrl,6,278,69.26666666666667,-0.5722400546073914,0.8089023149156553
UBFC_PHYS_s05_T2_ctrl,6,279,69.3,-0.2392968386411667,1.0993297272413272
UBFC_PHYS_s05_T2_ctrl,6,280,69.33333333333333,-0.0293730515986681,1.2889492045455346
UBFC_PHYS_s05_T2_ctrl,6,281,69.36666666666666,0.10453987121582031,1.3635474562460954
UBFC_PHYS_s05_T2_ctrl,6,282,69.4,0.25225546956062317,1.3173971015210548
UBFC_PHYS_s05_T2_ctrl,6,283,69.43333333333334,0.3868604600429535,1.1564671100879043
UBFC_PHYS_s05_T2_ctrl,6,284,69.46666666666667,0.447159081697464,0.9020218534563971
UBFC_PHYS_s05_T2_ctrl,6,285,69.5,0.4316134452819824,0.5889034784046565
UBFC_PHYS_s05_T2_ctrl,6,286,69.53333333333333,0.36290761828422546,0.25733990519005745
UBFC_PHYS_s05_T2_ctrl,6,287,69.56666666666666,0.27882274985313416,-0.057876413819293336
UBFC_PHYS_s05_T2_ctrl,6,288,69.6,0.23349305987358093,-0.33521156943074226
UBFC_PHYS_s05_T2_ctrl,6,289,69.63333333333334,0.23555640876293182,-0.5651452349027571
UBFC_PHYS_s05_T2_ctrl,6,290,69.66666666666667,0.21380789577960968,-0.742455478632485
UBFC_PHYS_s05_T2_ctrl,6,291,69.7,0.11034545302391052,-0.8625251686957486
UBFC_PHYS_s05_T2_ctrl,6,292,69.73333333333333,-0.04689233377575874,-0.9237984313982068
UBFC_PHYS_s05_T2_ctrl,6,293,69.76666666666667,-0.2274549901485443,-0.9296514784850869
UBFC_PHYS_s05_T2_ctrl,6,294,69.8,-0.43830153346061707,-0.8869023115409577
UBFC_PHYS_s05_T2_ctrl,6,295,69.83333333333333,-0.5942320823669434,-0.8029723558944649
UBFC_PHYS_s05_T2_ctrl,6,296,69.86666666666666,-0.5509529113769531,-0.6839684687561048
UBFC_PHYS_s05_T2_ctrl,6,297,69.9,-0.3205750286579132,-0.5355930465014863
UBFC_PHYS_s05_T2_ctrl,6,298,69.93333333333334,-0.0541076622903347,-0.3658478295587154
UBFC_PHYS_s05_T2_ctrl,6,299,69.96666666666667,0.15089483559131622,-0.18584180042422307
UBFC_PHYS_s05_T2_ctrl,7,0,70.0,0.27705416083335876,-0.051767845374236586
UBFC_PHYS_s05_T2_ctrl,7,1,70.03333333333333,0.31800082325935364,0.06767761684937057
UBFC_PHYS_s05_T2_ctrl,7,2,70.06666666666666,0.29889237880706787,0.18005172555436122
UBFC_PHYS_s05_T2_ctrl,7,3,70.1,0.2689801752567291,0.2764730490359985
UBFC_PHYS_s05_T2_ctrl,7,4,70.13333333333334,0.269723504781723,0.3479270759075516
UBFC_PHYS_s05_T2_ctrl,7,5,70.16666666666667,0.3130667209625244,0.38658702538477313
UBFC_PHYS_s05_T2_ctrl,7,6,70.2,0.36759820580482483,0.3879898632180746
UBFC_PHYS_s05_T2_ctrl,7,7,70.23333333333333,0.3764411509037018,0.3541141444104312
UBFC_PHYS_s05_T2_ctrl,7,8,70.26666666666667,0.3173600435256958,0.2952300594640061
UBFC_PHYS_s05_T2_ctrl,7,9,70.3,0.22657249867916107,0.22676311660119688
UBFC_PHYS_s05_T2_ctrl,7,10,70.33333333333333,0.1373612880706787,0.1625636929753539
UBFC_PHYS_s05_T2_ctrl,7,11,70.36666666666666,0.04735550284385681,0.1108187089186967
UBFC_PHYS_s05_T2_ctrl,7,12,70.4,-0.08439154177904129,0.07430544599249542
UBFC_PHYS_s05_T2_ctrl,7,13,70.43333333333334,-0.28126877546310425,0.05179046184704171
UBFC_PHYS_s05_T2_ctrl,7,14,70.46666666666667,-0.40157127380371094,0.039163580501465
UBFC_PHYS_s05_T2_ctrl,7,15,70.5,-0.22776256501674652,0.031075194554125416
UBFC_PHYS_s05_T2_ctrl,7,16,70.53333333333333,0.21232125163078308,0.022861591560204324
UBFC_PHYS_s05_T2_ctrl,7,17,70.56666666666666,0.6636830568313599,0.01154504574174263
UBFC_PHYS_s05_T2_ctrl,7,18,70.6,1.000214695930481,-0.004243343963139183
UBFC_PHYS_s05_T2_ctrl,7,19,70.63333333333334,1.2058067321777344,-0.02450612140496899
UBFC_PHYS_s05_T2_ctrl,7,20,70.66666666666667,1.2465099096298218,-0.04784473183950351
UBFC_PHYS_s05_T2_ctrl,7,21,70.7,1.143508791923523,-0.07130661703344625
UBFC_PHYS_s05_T2_ctrl,7,22,70.73333333333333,1.0122743844985962,-0.09049551445774942
UBFC_PHYS_s05_T2_ctrl,7,23,70.76666666666667,0.945119321346283,-0.10043052827259785
UBFC_PHYS_s05_T2_ctrl,7,24,70.8,0.9272796511650085,-0.09711043846064268
UBFC_PHYS_s05_T2_ctrl,7,25,70.83333333333333,0.9030448794364929,-0.07918286849905556
UBFC_PHYS_s05_T2_ctrl,7,26,70.86666666666666,0.8578945994377136,-0.0489999983588451
UBFC_PHYS_s05_T2_ctrl,7,27,70.9,0.8177424669265747,-0.012377237091213656
UBFC_PHYS_s05_T2_ctrl,7,28,70.93333333333334,0.7905344367027283,0.02276502565109907
UBFC_PHYS_s05_T2_ctrl,7,29,70.96666666666667,0.690288782119751,0.04788395507289078
UBFC_PHYS_s05_T2_ctrl,7,30,71.0,0.3848996162414551,0.05496679762487816
UBFC_PHYS_s05_T2_ctrl,7,31,71.03333333333333,-0.1023721918463707,0.03751921133508068
UBFC_PHYS_s05_T2_ctrl,7,32,71.06666666666666,-0.5497738718986511,-0.008424871039530622
UBFC_PHYS_s05_T2_ctrl,7,33,71.1,-0.7849833369255066,-0.08317143109789489
UBFC_PHYS_s05_T2_ctrl,7,34,71.13333333333334,-0.7868800759315491,-0.18255269291371196
UBFC_PHYS_s05_T2_ctrl,7,35,71.16666666666667,-0.6410099864006042,-0.2983206652530972
UBFC_PHYS_s05_T2_ctrl,7,36,71.2,-0.4852460026741028,-0.41942835692664365
UBFC_PHYS_s05_T2_ctrl,7,37,71.23333333333333,-0.40155845880508423,-0.5327613801371698
UBFC_PHYS_s05_T2_ctrl,7,38,71.26666666666667,-0.3468475341796875,-0.6231115267161569
UBFC_PHYS_s05_T2_ctrl,7,39,71.3,-0.24221885204315186,-0.6734593046460747
UBFC_PHYS_s05_T2_ctrl,7,40,71.33333333333333,-0.08287926763296127,-0.6660801144650024
UBFC_PHYS_s05_T2_ctrl,7,41,71.36666666666666,0.06424680352210999,-0.5842738140997912
UBFC_PHYS_s05_T2_ctrl,7,42,71.4,0.1560596227645874,-0.4156979709789346
UBFC_PHYS_s05_T2_ctrl,7,43,71.43333333333334,0.25654879212379456,-0.15906708906587044
UBFC_PHYS_s05_T2_ctrl,7,44,71.46666666666667,0.4395849108695984,0.16861976445516066
UBFC_PHYS_s05_T2_ctrl,7,45,71.5,0.6599920392036438,0.5311657816483909
UBFC_PHYS_s05_T2_ctrl,7,46,71.53333333333333,0.7966988682746887,0.8798094072345626
UBFC_PHYS_s05_T2_ctrl,7,47,71.56666666666666,0.7445383071899414,1.1626868714708471
UBFC_PHYS_s05_T2_ctrl,7,48,71.6,0.4694842994213104,1.3336943758336122
UBFC_PHYS_s05_T2_ctrl,7,49,71.63333333333334,0.11163985729217529,1.359298694522252
UBFC_PHYS_s05_T2_ctrl,7,50,71.66666666666667,-0.12965716421604156,1.2234758970461403
UBFC_PHYS_s05_T2_ctrl,7,51,71.7,-0.2733229398727417,0.9322115481931498
UBFC_PHYS_s05_T2_ctrl,7,52,71.73333333333333,-0.48548951745033264,0.5162874754653629
UBFC_PHYS_s05_T2_ctrl,7,53,71.76666666666667,-0.7446262240409851,0.028570723704287263
UBFC_PHYS_s05_T2_ctrl,7,54,71.8,-0.8234309554100037,-0.46454756917322826
UBFC_PHYS_s05_T2_ctrl,7,55,71.83333333333333,-0.6267843842506409,-0.894257724529342
UBFC_PHYS_s05_T2_ctrl,7,56,71.86666666666666,-0.28007692098617554,-1.2003947166835258
UBFC_PHYS_s05_T2_ctrl,7,57,71.9,0.060209810733795166,-1.3409324817392985
UBFC_PHYS_s05_T2_ctrl,7,58,71.93333333333334,0.323447585105896,-1.298748669094377
UBFC_PHYS_s05_T2_ctrl,7,59,71.96666666666667,0.4809929430484772,-1.0848072317928725
UBFC_PHYS_s05_T2_ctrl,7,60,72.0,0.5192739367485046,-0.73643393541382
UBFC_PHYS_s05_T2_ctrl,7,61,72.03333333333333,0.4691895544528961,-0.30917918410941087
UBFC_PHYS_s05_T2_ctrl,7,62,72.06666666666666,0.37717166543006897,0.1351818032132834
UBFC_PHYS_s05_T2_ctrl,7,63,72.1,0.25890690088272095,0.5383593637553611
UBFC_PHYS_s05_T2_ctrl,7,64,72.13333333333334,0.13390100002288818,0.8513713446394737
UBFC_PHYS_s05_T2_ctrl,7,65,72.16666666666667,0.023492371663451195,1.039512650471585
UBFC_PHYS_s05_T2_ctrl,7,66,72.2,-0.09892472624778748,1.0868689476847384
UBFC_PHYS_s05_T2_ctrl,7,67,72.23333333333333,-0.2786415219306946,0.9977916311067235
UBFC_PHYS_s05_T2_ctrl,7,68,72.26666666666667,-0.4946144223213196,0.7947830623995694
UBFC_PHYS_s05_T2_ctrl,7,69,72.3,-0.6840199828147888,0.5143990006091326
UBFC_PHYS_s05_T2_ctrl,7,70,72.33333333333333,-0.8244690299034119,0.20206135345419685
UBFC_PHYS_s05_T2_ctrl,7,71,72.36666666666666,-0.9143338203430176,-0.09414430132150267
UBFC_PHYS_s05_T2_ctrl,7,72,72.4,-0.9534990787506104,-0.3309198512572109
UBFC_PHYS_s05_T2_ctrl,7,73,72.43333333333334,-0.9537554383277893,-0.4786351341248864
UBFC_PHYS_s05_T2_ctrl,7,74,72.46666666666667,-0.9141031503677368,-0.5289390118546101
UBFC_PHYS_s05_T2_ctrl,7,75,72.5,-0.8179329037666321,-0.4959920822220597
UBFC_PHYS_s05_T2_ctrl,7,76,72.53333333333333,-0.6422146558761597,-0.40989084283179933
UBFC_PHYS_s05_T2_ctrl,7,77,72.56666666666666,-0.34874427318573,-0.3049556841180789
UBFC_PHYS_s05_T2_ctrl,7,78,72.6,0.03506509214639664,-0.20828772777409352
UBFC_PHYS_s05_T2_ctrl,7,79,72.63333333333334,0.3647274672985077,-0.13553087289300736
UBFC_PHYS_s05_T2_ctrl,7,80,72.66666666666667,0.549263060092926,-0.09389551256277467
UBFC_PHYS_s05_T2_ctrl,7,81,72.7,0.6498034596443176,-0.08579839561503831
UBFC_PHYS_s05_T2_ctrl,7,82,72.73333333333333,0.7200728058815002,-0.11008498875077166
UBFC_PHYS_s05_T2_ctrl,7,83,72.76666666666667,0.7315558195114136,-0.16221207763599696
UBFC_PHYS_s05_T2_ctrl,7,84,72.8,0.684367835521698,-0.23404918333159191
UBFC_PHYS_s05_T2_ctrl,7,85,72.83333333333333,0.6209036707878113,-0.3130067006120922
UBFC_PHYS_s05_T2_ctrl,7,86,72.86666666666666,0.5693326592445374,-0.3815656125143357
UBFC_PHYS_s05_T2_ctrl,7,87,72.9,0.5286166667938232,-0.4193536788733437
UBFC_PHYS_s05_T2_ctrl,7,88,72.93333333333334,0.46150001883506775,-0.4077521181208927
UBFC_PHYS_s05_T2_ctrl,7,89,72.96666666666667,0.36286917328834534,-0.3347730717282347
UBFC_PHYS_s05_T2_ctrl,7,90,73.0,0.29339438676834106,-0.19871328764417348
UBFC_PHYS_s05_T2_ctrl,7,91,73.03333333333333,0.26308488845825195,-0.010110704174075644
UBFC_PHYS_s05_T2_ctrl,7,92,73.06666666666666,0.2304685115814209,0.20897610253245286
UBFC_PHYS_s05_T2_ctrl,7,93,73.1,0.24825692176818848,0.4296293452326925
UBFC_PHYS_s05_T2_ctrl,7,94,73.13333333333334,0.3840153217315674,0.6234265255748266
UBFC_PHYS_s05_T2_ctrl,7,95,73.16666666666667,0.5619507431983948,0.7689146363501553
UBFC_PHYS_s05_T2_ctrl,7,96,73.2,0.6400377750396729,0.8546194878118358
UBFC_PHYS_s05_T2_ctrl,7,97,73.23333333333333,0.5718317627906799,0.8775386702098901
UBFC_PHYS_s05_T2_ctrl,7,98,73.26666666666667,0.4440320134162903,0.8393185673644132
UBFC_PHYS_s05_T2_ctrl,7,99,73.3,0.423116534948349,0.744929873144771
UBFC_PHYS_s05_T2_ctrl,7,100,73.33333333333333,0.6044993996620178,0.6039336096322429
UBFC_PHYS_s05_T2_ctrl,7,101,73.36666666666666,0.9174755215644836,0.42975033160115295
UBFC_PHYS_s05_T2_ctrl,7,102,73.4,1.1697300672531128,0.23610208112902067
UBFC_PHYS_s05_T2_ctrl,7,103,73.43333333333334,1.1860190629959106,0.03386197600359363
UBFC_PHYS_s05_T2_ctrl,7,104,73.46666666666667,0.9101192355155945,-0.16997398039592937
UBFC_PHYS_s05_T2_ctrl,7,105,73.5,0.4020088016986847,-0.37141519443950133
UBFC_PHYS_s05_T2_ctrl,7,106,73.53333333333333,-0.2148185521364212,-0.5674242792001656
UBFC_PHYS_s05_T2_ctrl,7,107,73.56666666666666,-0.7568781971931458,-0.7537150378446913
UBFC_PHYS_s05_T2_ctrl,7,108,73.6,-1.0670732259750366,-0.9231447083123819
UBFC_PHYS_s05_T2_ctrl,7,109,73.63333333333334,-1.1700102090835571,-1.0650343892235359
UBFC_PHYS_s05_T2_ctrl,7,110,73.66666666666667,-1.20759916305542,-1.1654361364253094
UBFC_PHYS_s05_T2_ctrl,7,111,73.7,-1.2156732082366943,-1.2080915431199357
UBFC_PHYS_s05_T2_ctrl,7,112,73.73333333333333,-1.1906437873840332,-1.1762938774200353
UBFC_PHYS_s05_T2_ctrl,7,113,73.76666666666667,-1.2294245958328247,-1.056228652987887
UBFC_PHYS_s05_T2_ctrl,7,114,73.8,-1.3279401063919067,-0.8414296402253398
UBFC_PHYS_s05_T2_ctrl,7,115,73.83333333333333,-1.3381928205490112,-0.5370087146789173
UBFC_PHYS_s05_T2_ctrl,7,116,73.86666666666666,-1.238165020942688,-0.16158670362367689
UBFC_PHYS_s05_T2_ctrl,7,117,73.9,-1.1258596181869507,0.2554077639572466
UBFC_PHYS_s05_T2_ctrl,7,118,73.93333333333334,-1.032252550125122,0.6795592730931472
UBFC_PHYS_s05_T2_ctrl,7,119,73.96666666666667,-0.8979679942131042,1.07542895760291
UBFC_PHYS_s05_T2_ctrl,7,120,74.0,-0.6403051018714905,1.407444629414647
UBFC_PHYS_s05_T2_ctrl,7,121,74.03333333333333,-0.26703035831451416,1.640498134910798
UBFC_PHYS_s05_T2_ctrl,7,122,74.06666666666666,0.0555063895881176,1.7429298003120692
UBFC_PHYS_s05_T2_ctrl,7,123,74.1,0.2282257378101349,1.6935955117342851
UBFC_PHYS_s05_T2_ctrl,7,124,74.13333333333334,0.3255750238895416,1.4904190303361617
UBFC_PHYS_s05_T2_ctrl,7,125,74.16666666666667,0.4064943492412567,1.1540591348650504
UBFC_PHYS_s05_T2_ctrl,7,126,74.2,0.42646145820617676,0.7243115798893996
UBFC_PHYS_s05_T2_ctrl,7,127,74.23333333333333,0.37062275409698486,0.25145205925739145
UBFC_PHYS_s05_T2_ctrl,7,128,74.26666666666667,0.29040828347206116,-0.21386614441539187
UBFC_PHYS_s05_T2_ctrl,7,129,74.3,0.2140001356601715,-0.6279221076974537
UBFC_PHYS_s05_T2_ctrl,7,130,74.33333333333333,0.13383692502975464,-0.9572102142048333
UBFC_PHYS_s05_T2_ctrl,7,131,74.36666666666666,0.056749530136585236,-1.1795390307749423
UBFC_PHYS_s05_T2_ctrl,7,132,74.4,0.0026537824887782335,-1.2841006982324294
UBFC_PHYS_s05_T2_ctrl,7,133,74.43333333333334,-0.042855337262153625,-1.2705756658341971
UBFC_PHYS_s05_T2_ctrl,7,134,74.46666666666667,-0.11877649277448654,-1.1477261929884603
UBFC_PHYS_s05_T2_ctrl,7,135,74.5,-0.208731010556221,-0.9322342067326154
UBFC_PHYS_s05_T2_ctrl,7,136,74.53333333333333,-0.2711314260959625,-0.6479876863432403
UBFC_PHYS_s05_T2_ctrl,7,137,74.56666666666666,-0.35094860196113586,-0.32544935462527813
UBFC_PHYS_s05_T2_ctrl,7,138,74.6,-0.5085837244987488,-0.00029002330730791125
UBFC_PHYS_s05_T2_ctrl,7,139,74.63333333333334,-0.7120226621627808,0.28971097286665093
UBFC_PHYS_s05_T2_ctrl,7,140,74.66666666666667,-0.8618272542953491,0.5097045404330097
UBFC_PHYS_s05_T2_ctrl,7,141,74.7,-0.8548041582107544,0.6339748938519264
UBFC_PHYS_s05_T2_ctrl,7,142,74.73333333333333,-0.6620280146598816,0.6513651371077039
UBFC_PHYS_s05_T2_ctrl,7,143,74.76666666666667,-0.4002127945423126,0.5671702159439027
UBFC_PHYS_s05_T2_ctrl,7,144,74.8,-0.22007304430007935,0.401045816335847
UBFC_PHYS_s05_T2_ctrl,7,145,74.83333333333333,-0.1251075267791748,0.18284498899175014
UBFC_PHYS_s05_T2_ctrl,7,146,74.86666666666666,-0.06288652867078781,-0.05218128136368082
UBFC_PHYS_s05_T2_ctrl,7,147,74.9,-0.037177909165620804,-0.26813804293701105
UBFC_PHYS_s05_T2_ctrl,7,148,74.93333333333334,-0.040061481297016144,-0.43289161348100225
UBFC_PHYS_s05_T2_ctrl,7,149,74.96666666666667,-0.030923770740628242,-0.5220891991710034
UBFC_PHYS_s05_T2_ctrl,7,150,75.0,-0.022836962714791298,-0.5219803558794989
UBFC_PHYS_s05_T2_ctrl,7,151,75.03333333333333,-0.04143277555704117,-0.4295500794775808
UBFC_PHYS_s05_T2_ctrl,7,152,75.06666666666666,-0.04916074126958847,-0.25109074189457403
UBFC_PHYS_s05_T2_ctrl,7,153,75.1,-0.04832771047949791,-0.002593722072098289
UBFC_PHYS_s05_T2_ctrl,7,154,75.13333333333334,-0.10507633537054062,0.2883394072786571
UBFC_PHYS_s05_T2_ctrl,7,155,75.16666666666667,-0.22840335965156555,0.5829786487481967
UBFC_PHYS_s05_T2_ctrl,7,156,75.2,-0.37586265802383423,0.8362541937577601
UBFC_PHYS_s05_T2_ctrl,7,157,75.23333333333333,-0.5519269108772278,1.005139242026079
UBFC_PHYS_s05_T2_ctrl,7,158,75.26666666666667,-0.7438957095146179,1.0578949146733545
UBFC_PHYS_s05_T2_ctrl,7,159,75.3,-0.8174331188201904,0.9799400618862595
UBFC_PHYS_s05_T2_ctrl,7,160,75.33333333333333,-0.6613231301307678,0.7747774889960942
UBFC_PHYS_s05_T2_ctrl,7,161,75.36666666666666,-0.3315325975418091,0.4613221932194553
UBFC_PHYS_s05_T2_ctrl,7,162,75.4,0.04521525278687477,0.06968253638077389
UBFC_PHYS_s05_T2_ctrl,7,163,75.43333333333334,0.40640464425086975,-0.36239024646057383
UBFC_PHYS_s05_T2_ctrl,7,164,75.46666666666667,0.7026176452636719,-0.7922823316582257
UBFC_PHYS_s05_T2_ctrl,7,165,75.5,0.8501153588294983,-1.176414700059112
UBFC_PHYS_s05_T2_ctrl,7,166,75.53333333333333,0.8403753042221069,-1.4749955028485826
UBFC_PHYS_s05_T2_ctrl,7,167,75.56666666666666,0.7872791886329651,-1.6551477975381543
UBFC_PHYS_s05_T2_ctrl,7,168,75.6,0.7771418690681458,-1.6924394429931344
UBFC_PHYS_s05_T2_ctrl,7,169,75.63333333333334,0.8076564073562622,-1.5732240988362844
UBFC_PHYS_s05_T2_ctrl,7,170,75.66666666666667,0.8069899678230286,-1.2983404562279799
UBFC_PHYS_s05_T2_ctrl,7,171,75.7,0.708320677280426,-0.886576033556438
UBFC_PHYS_s05_T2_ctrl,7,172,75.73333333333333,0.5462128520011902,-0.3750222479559281
UBFC_PHYS_s05_T2_ctrl,7,173,75.76666666666667,0.3929480016231537,0.18706004992504416
UBFC_PHYS_s05_T2_ctrl,7,174,75.8,0.2219972312450409,0.7480629181288792
UBFC_PHYS_s05_T2_ctrl,7,175,75.83333333333333,-0.00559963146224618,1.2592063398322817
UBFC_PHYS_s05_T2_ctrl,7,176,75.86666666666666,-0.23556742072105408,1.6744061706036353
UBFC_PHYS_s05_T2_ctrl,7,177,75.9,-0.3878198564052582,1.951855561670117
UBFC_PHYS_s05_T2_ctrl,7,178,75.93333333333334,-0.415027916431427,2.059833136628202
UBFC_PHYS_s05_T2_ctrl,7,179,75.96666666666667,-0.3119114935398102,1.9838762490043935
UBFC_PHYS_s05_T2_ctrl,7,180,76.0,-0.14029432833194733,1.7319257978346196
UBFC_PHYS_s05_T2_ctrl,7,181,76.03333333333333,0.01340628881007433,1.3342991620656264
UBFC_PHYS_s05_T2_ctrl,7,182,76.06666666666666,0.1247120350599289,0.83778356210997
UBFC_PHYS_s05_T2_ctrl,7,183,76.1,0.19223880767822266,0.29580541587307185
UBFC_PHYS_s05_T2_ctrl,7,184,76.13333333333334,0.19887742400169373,-0.24164948767429734
UBFC_PHYS_s05_T2_ctrl,7,185,76.16666666666667,0.14485856890678406,-0.7337178988207216
UBFC_PHYS_s05_T2_ctrl,7,186,76.2,0.06878361850976944,-1.148933860471804
UBFC_PHYS_s05_T2_ctrl,7,187,76.23333333333333,0.0011030634632334113,-1.4628153897235983
UBFC_PHYS_s05_T2_ctrl,7,188,76.26666666666667,-0.06897406280040741,-1.655594570518927
UBFC_PHYS_s05_T2_ctrl,7,189,76.3,-0.14806073904037476,-1.7122659002577665
UBFC_PHYS_s05_T2_ctrl,7,190,76.33333333333333,-0.2041173130273819,-1.6254462465053194
UBFC_PHYS_s05_T2_ctrl,7,191,76.36666666666666,-0.2317226678133011,-1.3997178341975962
UBFC_PHYS_s05_T2_ctrl,7,192,76.4,-0.29062435030937195,-1.0550000345277228
UBFC_PHYS_s05_T2_ctrl,7,193,76.43333333333334,-0.4235248267650604,-0.6259577146654376
UBFC_PHYS_s05_T2_ctrl,7,194,76.46666666666667,-0.5815956592559814,-0.15707809812797524
UBFC_PHYS_s05_T2_ctrl,7,195,76.5,-0.6601055860519409,0.30420179000322944
UBFC_PHYS_s05_T2_ctrl,7,196,76.53333333333333,-0.5800705552101135,0.7136862651640838
UBFC_PHYS_s05_T2_ctrl,7,197,76.56666666666666,-0.37901535630226135,1.0336138163726143
UBFC_PHYS_s05_T2_ctrl,7,198,76.6,-0.16543903946876526,1.2337814329512704
UBFC_PHYS_s05_T2_ctrl,7,199,76.63333333333334,0.0056398781016469,1.2943485772363243
UBFC_PHYS_s05_T2_ctrl,7,200,76.66666666666667,0.15658508241176605,1.2105118823441974
UBFC_PHYS_s05_T2_ctrl,7,201,76.7,0.2824368178844452,0.9955053078354456
UBFC_PHYS_s05_T2_ctrl,7,202,76.73333333333333,0.33436667919158936,0.6798822827759554
UBFC_PHYS_s05_T2_ctrl,7,203,76.76666666666667,0.315847784280777,0.3070606050565887
UBFC_PHYS_s05_T2_ctrl,7,204,76.8,0.30269870162010193,-0.07348724620692329
UBFC_PHYS_s05_T2_ctrl,7,205,76.83333333333333,0.33197012543678284,-0.41287582488920405
UBFC_PHYS_s05_T2_ctrl,7,206,76.86666666666666,0.3555128574371338,-0.6686864168746877
UBFC_PHYS_s05_T2_ctrl,7,207,76.9,0.3249213993549347,-0.8113180763588655
UBFC_PHYS_s05_T2_ctrl,7,208,76.93333333333334,0.2577663064002991,-0.8292672708858908
UBFC_PHYS_s05_T2_ctrl,7,209,76.96666666666667,0.18998320400714874,-0.7292412980926529
UBFC_PHYS_s05_T2_ctrl,7,210,77.0,0.1290309727191925,-0.5316533199016397
UBFC_PHYS_s05_T2_ctrl,7,211,77.03333333333333,0.06459283828735352,-0.2665160586538164
UBFC_PHYS_s05_T2_ctrl,7,212,77.06666666666666,-0.02505410648882389,0.028620598060524673
UBFC_PHYS_s05_T2_ctrl,7,213,77.1,-0.14283186197280884,0.31076911440626676
UBFC_PHYS_s05_T2_ctrl,7,214,77.13333333333334,-0.2318764626979828,0.5359314596605879
UBFC_PHYS_s05_T2_ctrl,7,215,77.16666666666667,-0.2136010378599167,0.6675230997587499
UBFC_PHYS_s05_T2_ctrl,7,216,77.2,-0.0838148295879364,0.6859115908475537
UBFC_PHYS_s05_T2_ctrl,7,217,77.23333333333333,0.06223471835255623,0.592197158363957
UBFC_PHYS_s05_T2_ctrl,7,218,77.26666666666667,0.13461869955062866,0.4045648644886942
UBFC_PHYS_s05_T2_ctrl,7,219,77.3,0.1553291231393814,0.15111944073350742
UBFC_PHYS_s05_T2_ctrl,7,220,77.33333333333333,0.183242067694664,-0.13653869545125963
UBFC_PHYS_s05_T2_ctrl,7,221,77.36666666666666,0.20347830653190613,-0.42544440256412425
UBFC_PHYS_s05_T2_ctrl,7,222,77.4,0.19385360181331635,-0.6809945176576457
UBFC_PHYS_s05_T2_ctrl,7,223,77.43333333333334,0.1940842866897583,-0.8708905158897544
UBFC_PHYS_s05_T2_ctrl,7,224,77.46666666666667,0.22567537426948547,-0.9730171562170777
UBFC_PHYS_s05_T2_ctrl,7,225,77.5,0.25475457310676575,-0.9800009055459841
UBFC_PHYS_s05_T2_ctrl,7,226,77.53333333333333,0.27256861329078674,-0.8976060631907732
UBFC_PHYS_s05_T2_ctrl,7,227,77.56666666666666,0.3072739541530609,-0.7392740530889402
UBFC_PHYS_s05_T2_ctrl,7,228,77.6,0.3565253019332886,-0.5199845909678967
UBFC_PHYS_s05_T2_ctrl,7,229,77.63333333333334,0.39364004135131836,-0.25272456561824425
UBFC_PHYS_s05_T2_ctrl,7,230,77.66666666666667,0.40162432193756104,0.051135165035665425
UBFC_PHYS_s05_T2_ctrl,7,231,77.7,0.36790579557418823,0.378497264082346
UBFC_PHYS_s05_T2_ctrl,7,232,77.73333333333333,0.26159822940826416,0.7104771562838273
UBFC_PHYS_s05_T2_ctrl,7,233,77.76666666666667,0.10747469961643219,1.0206266910705426
UBFC_PHYS_s05_T2_ctrl,7,234,77.8,0.07605021446943283,1.2768574883983692
UBFC_PHYS_s05_T2_ctrl,7,235,77.83333333333333,0.27404242753982544,1.4465448179779181
UBFC_PHYS_s05_T2_ctrl,7,236,77.86666666666666,0.5615662336349487,1.5033325967391578
UBFC_PHYS_s05_T2_ctrl,7,237,77.9,0.7852542996406555,1.433454919110658
UBFC_PHYS_s05_T2_ctrl,7,238,77.93333333333334,0.9619849920272827,1.2394704333949225
UBFC_PHYS_s05_T2_ctrl,7,239,77.96666666666667,1.0850940942764282,0.9397746603145569
UBFC_PHYS_s05_T2_ctrl,7,240,78.0,1.068113088607788,0.5639070420303101
UBFC_PHYS_s05_T2_ctrl,7,241,78.03333333333333,0.9244601726531982,0.1453421319535936
UBFC_PHYS_s05_T2_ctrl,7,242,78.06666666666666,0.7350161075592041,-0.28501207364652176
UBFC_PHYS_s05_T2_ctrl,7,243,78.1,0.5163518786430359,-0.7005680417966428
UBFC_PHYS_s05_T2_ctrl,7,244,78.13333333333334,0.304762065410614,-1.0766850443681915
UBFC_PHYS_s05_T2_ctrl,7,245,78.16666666666667,0.13633601367473602,-1.389183747464878
UBFC_PHYS_s05_T2_ctrl,7,246,78.2,-0.057247549295425415,-1.6154759158763519
UBFC_PHYS_s05_T2_ctrl,7,247,78.23333333333333,-0.3561646640300751,-1.7362858499142269
UBFC_PHYS_s05_T2_ctrl,7,248,78.26666666666667,-0.7284526228904724,-1.7369024363299683
UBFC_PHYS_s05_T2_ctrl,7,249,78.3,-1.1162861585617065,-1.6081566634370226
UBFC_PHYS_s05_T2_ctrl,7,250,78.33333333333333,-1.5199857950210571,-1.3482579578387808
UBFC_PHYS_s05_T2_ctrl,7,251,78.36666666666666,-1.895862102508545,-0.9671455593755142
UBFC_PHYS_s05_T2_ctrl,7,252,78.4,-2.12430477142334,-0.49093819899301233
UBFC_PHYS_s05_T2_ctrl,7,253,78.43333333333334,-2.1391584873199463,0.039437171503554455
UBFC_PHYS_s05_T2_ctrl,7,254,78.46666666666667,-1.998901605606079,0.5750996446327041
UBFC_PHYS_s05_T2_ctrl,7,255,78.5,-1.8096882104873657,1.0650303488558914
UBFC_PHYS_s05_T2_ctrl,7,256,78.53333333333333,-1.6475036144256592,1.4593280204264036
UBFC_PHYS_s05_T2_ctrl,7,257,78.56666666666666,-1.5269191265106201,1.7136357598600656
UBFC_PHYS_s05_T2_ctrl,7,258,78.6,-1.40602707862854,1.7965444417404601
UBFC_PHYS_s05_T2_ctrl,7,259,78.63333333333334,-1.218428611755371,1.6990642755559078
UBFC_PHYS_s05_T2_ctrl,7,260,78.66666666666667,-0.9221258759498596,1.441037856628064
UBFC_PHYS_s05_T2_ctrl,7,261,78.7,-0.5088528394699097,1.0663832235978103
UBFC_PHYS_s05_T2_ctrl,7,262,78.73333333333333,-0.01187940314412117,0.6292544335487247
UBFC_PHYS_s05_T2_ctrl,7,263,78.76666666666667,0.4713682234287262,0.18294158709791286
UBFC_PHYS_s05_T2_ctrl,7,264,78.8,0.8393500447273254,-0.22459838492073775
UBFC_PHYS_s05_T2_ctrl,7,265,78.83333333333333,1.0761229991912842,-0.5533817682847879
UBFC_PHYS_s05_T2_ctrl,7,266,78.86666666666666,1.2044610977172852,-0.7749705532576815
UBFC_PHYS_s05_T2_ctrl,7,267,78.9,1.2408580780029297,-0.8766909736942355
UBFC_PHYS_s05_T2_ctrl,7,268,78.93333333333334,1.2494447231292725,-0.8649918851524502
UBFC_PHYS_s05_T2_ctrl,7,269,78.96666666666667,1.3473963737487793,-0.765524954786314
UBFC_PHYS_s05_T2_ctrl,7,270,79.0,1.5721609592437744,-0.6181023222859854
UBFC_PHYS_s05_T2_ctrl,7,271,79.03333333333333,1.8117021322250366,-0.46586314476559093
UBFC_PHYS_s05_T2_ctrl,7,272,79.06666666666666,1.9395660161972046,-0.3423631143822503
UBFC_PHYS_s05_T2_ctrl,7,273,79.1,1.9289544820785522,-0.2639851675952793
UBFC_PHYS_s05_T2_ctrl,7,274,79.13333333333334,1.7932729721069336,-0.23008709109538922
UBFC_PHYS_s05_T2_ctrl,7,275,79.16666666666667,1.5476826429367065,-0.22788413507529556
UBFC_PHYS_s05_T2_ctrl,7,276,79.2,1.2463945150375366,-0.23862247647066243
UBFC_PHYS_s05_T2_ctrl,7,277,79.23333333333333,0.9590629935264587,-0.24203965787365986
UBFC_PHYS_s05_T2_ctrl,7,278,79.26666666666667,0.7224437594413757,-0.21924946745293833
UBFC_PHYS_s05_T2_ctrl,7,279,79.3,0.5391897559165955,-0.1570592062880227
UBFC_PHYS_s05_T2_ctrl,7,280,79.33333333333333,0.38573265075683594,-0.05300217354125782
UBFC_PHYS_s05_T2_ctrl,7,281,79.36666666666666,0.22805912792682648,0.08332905139989619
UBFC_PHYS_s05_T2_ctrl,7,282,79.4,0.046945396810770035,0.23357166150364667
UBFC_PHYS_s05_T2_ctrl,7,283,79.43333333333334,-0.16852766275405884,0.3756936893668974
UBFC_PHYS_s05_T2_ctrl,7,284,79.46666666666667,-0.41956472396850586,0.4885322194319489
UBFC_PHYS_s05_T2_ctrl,7,285,79.5,-0.6610668301582336,0.5543657477695914
UBFC_PHYS_s05_T2_ctrl,7,286,79.53333333333333,-0.8012723326683044,0.5604930142693816
UBFC_PHYS_s05_T2_ctrl,7,287,79.56666666666666,-0.7918782830238342,0.5027232135221554
UBFC_PHYS_s05_T2_ctrl,7,288,79.6,-0.6640272736549377,0.3893964807184348
UBFC_PHYS_s05_T2_ctrl,7,289,79.63333333333334,-0.4896034002304077,0.24055338238097423
UBFC_PHYS_s05_T2_ctrl,7,290,79.66666666666667,-0.32183098793029785,0.08173857854752106
UBFC_PHYS_s05_T2_ctrl,7,291,79.7,-0.18008756637573242,-0.0630014353021528
UBFC_PHYS_s05_T2_ctrl,7,292,79.73333333333333,-0.06428345292806625,-0.1761659643659564
UBFC_PHYS_s05_T2_ctrl,7,293,79.76666666666667,0.029182612895965576,-0.249501290513972
UBFC_PHYS_s05_T2_ctrl,7,294,79.8,0.09642743319272995,-0.2840894136880408
UBFC_PHYS_s05_T2_ctrl,7,295,79.83333333333333,0.12070067226886749,-0.28764581655795624
UBFC_PHYS_s05_T2_ctrl,7,296,79.86666666666666,0.1110503301024437,-0.27021369922637806
UBFC_PHYS_s05_T2_ctrl,7,297,79.9,0.11265230923891068,-0.24056063048969223
UBFC_PHYS_s05_T2_ctrl,7,298,79.93333333333334,0.13401634991168976,-0.20441489254641135
UBFC_PHYS_s05_T2_ctrl,7,299,79.96666666666667,0.12885156273841858,-0.1643165769911803
UBFC_PHYS_s05_T2_ctrl,8,0,80.0,0.08539297431707382,-0.030443839586603738
UBFC_PHYS_s05_T2_ctrl,8,1,80.03333333333333,0.047047920525074005,-0.09483930525046501
UBFC_PHYS_s05_T2_ctrl,8,2,80.06666666666666,0.006524172145873308,-0.15337788711357442
UBFC_PHYS_s05_T2_ctrl,8,3,80.1,-0.10730629414319992,-0.19969697757733654
UBFC_PHYS_s05_T2_ctrl,8,4,80.13333333333334,-0.29936477541923523,-0.22792346391813795
UBFC_PHYS_s05_T2_ctrl,8,5,80.16666666666667,-0.4604344964027405,-0.23429481480736644
UBFC_PHYS_s05_T2_ctrl,8,6,80.2,-0.49051332473754883,-0.2182115335494777
UBFC_PHYS_s05_T2_ctrl,8,7,80.23333333333333,-0.39013952016830444,-0.18129430837983318
UBFC_PHYS_s05_T2_ctrl,8,8,80.26666666666667,-0.20178481936454773,-0.12569440493756676
UBFC_PHYS_s05_T2_ctrl,8,9,80.3,0.03333495184779167,-0.0552145994483504
UBFC_PHYS_s05_T2_ctrl,8,10,80.33333333333333,0.2566128671169281,0.0217195447924712
UBFC_PHYS_s05_T2_ctrl,8,11,80.36666666666666,0.41267159581184387,0.09245989358610858
UBFC_PHYS_s05_T2_ctrl,8,12,80.4,0.48021116852760315,0.1445103393461791
UBFC_PHYS_s05_T2_ctrl,8,13,80.43333333333334,0.47652021050453186,0.16964683709055722
UBFC_PHYS_s05_T2_ctrl,8,14,80.46666666666667,0.467805415391922,0.16549013229598758
UBFC_PHYS_s05_T2_ctrl,8,15,80.5,0.5206195712089539,0.1347316321445857
UBFC_PHYS_s05_T2_ctrl,8,16,80.53333333333333,0.5954129695892334,0.0831072400457133
UBFC_PHYS_s05_T2_ctrl,8,17,80.56666666666666,0.5846219658851624,0.017787120743006757
UBFC_PHYS_s05_T2_ctrl,8,18,80.6,0.4942445456981659,-0.05317202493707716
UBFC_PHYS_s05_T2_ctrl,8,19,80.63333333333334,0.4313827455043793,-0.1208217537883935
UBFC_PHYS_s05_T2_ctrl,8,20,80.66666666666667,0.42212969064712524,-0.1754485908772238
UBFC_PHYS_s05_T2_ctrl,8,21,80.7,0.3699435293674469,-0.20747570343715907
UBFC_PHYS_s05_T2_ctrl,8,22,80.73333333333333,0.20079979300498962,-0.20909814776813423
UBFC_PHYS_s05_T2_ctrl,8,23,80.76666666666667,-0.033422864973545074,-0.17590476537665597
UBFC_PHYS_s05_T2_ctrl,8,24,80.8,-0.21219129860401154,-0.10787533753328642
UBFC_PHYS_s05_T2_ctrl,8,25,80.83333333333333,-0.3051062822341919,-0.009403868064304542
UBFC_PHYS_s05_T2_ctrl,8,26,80.86666666666666,-0.3983801007270813,0.11125340200921839
UBFC_PHYS_s05_T2_ctrl,8,27,80.9,-0.542071521282196,0.242094030055145
UBFC_PHYS_s05_T2_ctrl,8,28,80.93333333333334,-0.662925124168396,0.36737648525244565
UBFC_PHYS_s05_T2_ctrl,8,29,80.96666666666667,-0.6878904104232788,0.4690796757762749
UBFC_PHYS_s05_T2_ctrl,8,30,81.0,-0.6443421244621277,0.5303787808718377
UBFC_PHYS_s05_T2_ctrl,8,31,81.03333333333333,-0.5836846232414246,0.5404545597726321
UBFC_PHYS_s05_T2_ctrl,8,32,81.06666666666666,-0.5035983324050903,0.4978839755786295
UBFC_PHYS_s05_T2_ctrl,8,33,81.1,-0.3872431218624115,0.4084707242928677
UBFC_PHYS_s05_T2_ctrl,8,34,81.13333333333334,-0.25085675716400146,0.2791784206598311
UBFC_PHYS_s05_T2_ctrl,8,35,81.16666666666667,-0.13894864916801453,0.11520125781039856
UBFC_PHYS_s05_T2_ctrl,8,36,81.2,-0.09734837710857391,-0.07837633564388076
UBFC_PHYS_s05_T2_ctrl,8,37,81.23333333333333,-0.14256273210048676,-0.2947920550534937
UBFC_PHYS_s05_T2_ctrl,8,38,81.26666666666667,-0.22546853125095367,-0.5250469766847501
UBFC_PHYS_s05_T2_ctrl,8,39,81.3,-0.23906615376472473,-0.7564784722612056
UBFC_PHYS_s05_T2_ctrl,8,40,81.33333333333333,-0.1320921778678894,-0.9703165610573405
UBFC_PHYS_s05_T2_ctrl,8,41,81.36666666666666,0.02504309080541134,-1.1401702953351018
UBFC_PHYS_s05_T2_ctrl,8,42,81.4,0.11511295288801193,-1.2333048810553904
UBFC_PHYS_s05_T2_ctrl,8,43,81.43333333333334,0.09808067977428436,-1.2159746301780743
UBFC_PHYS_s05_T2_ctrl,8,44,81.46666666666667,0.04935477674007416,-1.0622065452370215
UBFC_PHYS_s05_T2_ctrl,8,45,81.5,0.06232442706823349,-0.7635116519868266
UBFC_PHYS_s05_T2_ctrl,8,46,81.53333333333333,0.12454542517662048,-0.3366137474399918
UBFC_PHYS_s05_T2_ctrl,8,47,81.56666666666666,0.14455097913742065,0.17363521630560466
UBFC_PHYS_s05_T2_ctrl,8,48,81.6,0.10034908354282379,0.6989026563842441
UBFC_PHYS_s05_T2_ctrl,8,49,81.63333333333334,0.04394648224115372,1.1615186699059776
UBFC_PHYS_s05_T2_ctrl,8,50,81.66666666666667,-0.015916399657726288,1.493703569620105
UBFC_PHYS_s05_T2_ctrl,8,51,81.7,-0.13495010137557983,1.6519063158046579
UBFC_PHYS_s05_T2_ctrl,8,52,81.73333333333333,-0.2950073778629303,1.6222793246495646
UBFC_PHYS_s05_T2_ctrl,8,53,81.76666666666667,-0.363046795129776,1.4199375590327787
UBFC_PHYS_s05_T2_ctrl,8,54,81.8,-0.26778650283813477,1.0838850265778022
UBFC_PHYS_s05_T2_ctrl,8,55,81.83333333333333,-0.09076102077960968,0.6681558507748155
UBFC_PHYS_s05_T2_ctrl,8,56,81.86666666666666,0.05457083135843277,0.23091948527469852
UBFC_PHYS_s05_T2_ctrl,8,57,81.9,0.11142198741436005,-0.17564096873741855
UBFC_PHYS_s05_T2_ctrl,8,58,81.93333333333334,0.11256259679794312,-0.5126381938397487
UBFC_PHYS_s05_T2_ctrl,8,59,81.96666666666667,0.13269631564617157,-0.7579076058529424
UBFC_PHYS_s05_T2_ctrl,8,60,82.0,0.17170779407024384,-0.9058748511706125
UBFC_PHYS_s05_T2_ctrl,8,61,82.03333333333333,0.169413760304451,-0.9653343786230189
UBFC_PHYS_s05_T2_ctrl,8,62,82.06666666666666,0.13033819198608398,-0.9544861610346046
UBFC_PHYS_s05_T2_ctrl,8,63,82.1,0.0923519879579544,-0.8908097336610551
UBFC_PHYS_s05_T2_ctrl,8,64,82.13333333333334,0.05921017378568649,-0.7808006673111475
UBFC_PHYS_s05_T2_ctrl,8,65,82.16666666666667,0.028362398967146873,-0.6208959410309733
UBFC_PHYS_s05_T2_ctrl,8,66,82.2,0.011804306879639626,-0.40932284456712076
UBFC_PHYS_s05_T2_ctrl,8,67,82.23333333333333,0.014623795635998249,-0.15703732911938814
UBFC_PHYS_s05_T2_ctrl,8,68,82.26666666666667,0.020570354536175728,0.10961967075567586
UBFC_PHYS_s05_T2_ctrl,8,69,82.3,0.0160719882696867,0.3555965451330273
UBFC_PHYS_s05_T2_ctrl,8,70,82.33333333333333,0.004012263845652342,0.548955093514154
UBFC_PHYS_s05_T2_ctrl,8,71,82.36666666666666,-0.026066560298204422,0.6695021623037768
UBFC_PHYS_s05_T2_ctrl,8,72,82.4,-0.08393017202615738,0.7101063844694837
UBFC_PHYS_s05_T2_ctrl,8,73,82.43333333333334,-0.15082895755767822,0.6717415407504618
UBFC_PHYS_s05_T2_ctrl,8,74,82.46666666666667,-0.22353333234786987,0.5572282128147549
UBFC_PHYS_s05_T2_ctrl,8,75,82.5,-0.3333011865615845,0.3711944101282328
UBFC_PHYS_s05_T2_ctrl,8,76,82.53333333333333,-0.4604601263999939,0.126401395591601
UBFC_PHYS_s05_T2_ctrl,8,77,82.56666666666666,-0.509929358959198,-0.1508453778410575
UBFC_PHYS_s05_T2_ctrl,8,78,82.6,-0.431380957365036,-0.42098068830218177
UBFC_PHYS_s05_T2_ctrl,8,79,82.63333333333334,-0.2707726061344147,-0.6381607243402075
UBFC_PHYS_s05_T2_ctrl,8,80,82.66666666666667,-0.10376912355422974,-0.7617636984272806
UBFC_PHYS_s05_T2_ctrl,8,81,82.7,0.024684246629476547,-0.7674520599805232
UBFC_PHYS_s05_T2_ctrl,8,82,82.73333333333333,0.10684672743082047,-0.6533054074645143
UBFC_PHYS_s05_T2_ctrl,8,83,82.76666666666667,0.16042983531951904,-0.43794506926070553
UBFC_PHYS_s05_T2_ctrl,8,84,82.8,0.20219673216342926,-0.15240909348455983
UBFC_PHYS_s05_T2_ctrl,8,85,82.83333333333333,0.23110930621623993,0.16810677166346025
UBFC_PHYS_s05_T2_ctrl,8,86,82.86666666666666,0.25266557931900024,0.4882619797639518
UBFC_PHYS_s05_T2_ctrl,8,87,82.9,0.2781691551208496,0.7707466322816972
UBFC_PHYS_s05_T2_ctrl,8,88,82.93333333333334,0.3032241463661194,0.973609611153678
UBFC_PHYS_s05_T2_ctrl,8,89,82.96666666666667,0.3117082417011261,1.0567906871590713
UBFC_PHYS_s05_T2_ctrl,8,90,83.0,0.28282129764556885,0.9968935858380578
UBFC_PHYS_s05_T2_ctrl,8,91,83.03333333333333,0.20218390226364136,0.7982406316385092
UBFC_PHYS_s05_T2_ctrl,8,92,83.06666666666666,0.10113085061311722,0.4933024849815294
UBFC_PHYS_s05_T2_ctrl,8,93,83.1,0.028336767107248306,0.13238224555848493
UBFC_PHYS_s05_T2_ctrl,8,94,83.13333333333334,-0.010738790966570377,-0.2316856769784686
UBFC_PHYS_s05_T2_ctrl,8,95,83.16666666666667,-0.04526471719145775,-0.553583400174462
UBFC_PHYS_s05_T2_ctrl,8,96,83.2,-0.09081228822469711,-0.7981966224752235
UBFC_PHYS_s05_T2_ctrl,8,97,83.23333333333333,-0.1493038684129715,-0.9421816883627085
UBFC_PHYS_s05_T2_ctrl,8,98,83.26666666666667,-0.2165871411561966,-0.97626605430496
UBFC_PHYS_s05_T2_ctrl,8,99,83.3,-0.2812047004699707,-0.9050894284334148
UBFC_PHYS_s05_T2_ctrl,8,100,83.33333333333333,-0.3338138163089752,-0.7441761513225306
UBFC_PHYS_s05_T2_ctrl,8,101,83.36666666666666,-0.34398961067199707,-0.516575354245844
UBFC_PHYS_s05_T2_ctrl,8,102,83.4,-0.253253310918808,-0.25012563248778846
UBFC_PHYS_s05_T2_ctrl,8,103,83.43333333333334,-0.06184844300150871,0.02543450774659355
UBFC_PHYS_s05_T2_ctrl,8,104,83.46666666666667,0.1291847676038742,0.2815723716849102
UBFC_PHYS_s05_T2_ctrl,8,105,83.5,0.24514266848564148,0.49348653334293474
UBFC_PHYS_s05_T2_ctrl,8,106,83.53333333333333,0.32424217462539673,0.6417477922464255
UBFC_PHYS_s05_T2_ctrl,8,107,83.56666666666666,0.39197397232055664,0.7132474132937157
UBFC_PHYS_s05_T2_ctrl,8,108,83.6,0.3981640338897705,0.7017144488680737
UBFC_PHYS_s05_T2_ctrl,8,109,83.63333333333334,0.35244986414909363,0.6080223243766782
UBFC_PHYS_s05_T2_ctrl,8,110,83.66666666666667,0.3297273516654968,0.44089726695507836
UBFC_PHYS_s05_T2_ctrl,8,111,83.7,0.343222439289093,0.21881807582210835
UBFC_PHYS_s05_T2_ctrl,8,112,83.73333333333333,0.34700313210487366,-0.029061976344658944
UBFC_PHYS_s05_T2_ctrl,8,113,83.76666666666667,0.31759074330329895,-0.2674914461674975
UBFC_PHYS_s05_T2_ctrl,8,114,83.8,0.2615213394165039,-0.4641582026446976
UBFC_PHYS_s05_T2_ctrl,8,115,83.83333333333333,0.19560937583446503,-0.5967276316195717
UBFC_PHYS_s05_T2_ctrl,8,116,83.86666666666666,0.13033819198608398,-0.6546658080925101
UBFC_PHYS_s05_T2_ctrl,8,117,83.9,0.06720726937055588,-0.6366093889280923
UBFC_PHYS_s05_T2_ctrl,8,118,83.93333333333334,0.022249232977628708,-0.5462922295800718
UBFC_PHYS_s05_T2_ctrl,8,119,83.96666666666667,0.014085529372096062,-0.3914398676052749
UBFC_PHYS_s05_T2_ctrl,8,120,84.0,0.014072714373469353,-0.1856753598963999
UBFC_PHYS_s05_T2_ctrl,8,121,84.03333333333333,-0.040907327085733414,0.05084396776703719
UBFC_PHYS_s05_T2_ctrl,8,122,84.06666666666666,-0.16112010180950165,0.2932621591998766
UBFC_PHYS_s05_T2_ctrl,8,123,84.1,-0.284588098526001,0.5141118481772057
UBFC_PHYS_s05_T2_ctrl,8,124,84.13333333333334,-0.3317376375198364,0.6853920133305184
UBFC_PHYS_s05_T2_ctrl,8,125,84.16666666666667,-0.2589051127433777,0.7823438598861426
UBFC_PHYS_s05_T2_ctrl,8,126,84.2,-0.0845453292131424,0.7889413719815913
UBFC_PHYS_s05_T2_ctrl,8,127,84.23333333333333,0.09660685062408447,0.703243581175223
UBFC_PHYS_s05_T2_ctrl,8,128,84.26666666666667,0.18643321096897125,0.539485271194749
UBFC_PHYS_s05_T2_ctrl,8,129,84.3,0.19385360181331635,0.3232845633463114
UBFC_PHYS_s05_T2_ctrl,8,130,84.33333333333333,0.18093521893024445,0.08228737301671281
UBFC_PHYS_s05_T2_ctrl,8,131,84.36666666666666,0.16241629421710968,-0.16001901900879714
UBFC_PHYS_s05_T2_ctrl,8,132,84.4,0.12376365810632706,-0.38478705634182037
UBFC_PHYS_s05_T2_ctrl,8,133,84.43333333333334,0.05712118744850159,-0.5757879898087604
UBFC_PHYS_s05_T2_ctrl,8,134,84.46666666666667,-0.03273080661892891,-0.7178609523137431
UBFC_PHYS_s05_T2_ctrl,8,135,84.5,-0.1204938143491745,-0.7977157002808788
UBFC_PHYS_s05_T2_ctrl,8,136,84.53333333333333,-0.19360829889774323,-0.8063467690578527
UBFC_PHYS_s05_T2_ctrl,8,137,84.56666666666666,-0.2663511335849762,-0.7399201375502524
UBFC_PHYS_s05_T2_ctrl,8,138,84.6,-0.33641543984413147,-0.5991522414063801
UBFC_PHYS_s05_T2_ctrl,8,139,84.63333333333334,-0.40264779329299927,-0.3903167693387028
UBFC_PHYS_s05_T2_ctrl,8,140,84.66666666666667,-0.4848487377166748,-0.12873122042906948
UBFC_PHYS_s05_T2_ctrl,8,141,84.7,-0.5807498097419739,0.15705617093960947
UBFC_PHYS_s05_T2_ctrl,8,142,84.73333333333333,-0.6702942252159119,0.4247104786352483
UBFC_PHYS_s05_T2_ctrl,8,143,84.76666666666667,-0.7447287440299988,0.626872953421856
UBFC_PHYS_s05_T2_ctrl,8,144,84.8,-0.7741795778274536,0.726479616583778
UBFC_PHYS_s05_T2_ctrl,8,145,84.83333333333333,-0.7215576767921448,0.7079179700910522
UBFC_PHYS_s05_T2_ctrl,8,146,84.86666666666666,-0.5957443714141846,0.5794192871851523
UBFC_PHYS_s05_T2_ctrl,8,147,84.9,-0.43680205941200256,0.36916889172759
UBFC_PHYS_s05_T2_ctrl,8,148,84.93333333333334,-0.2727718651294708,0.11815682029104599
UBFC_PHYS_s05_T2_ctrl,8,149,84.96666666666667,-0.1090492531657219,-0.1274800394332913
UBFC_PHYS_s05_T2_ctrl,8,150,85.0,0.05617281422019005,-0.32327918002260236
UBFC_PHYS_s05_T2_ctrl,8,151,85.03333333333333,0.19950538873672485,-0.432579460552575
UBFC_PHYS_s05_T2_ctrl,8,152,85.06666666666666,0.28521788120269775,-0.43218918145041435
UBFC_PHYS_s05_T2_ctrl,8,153,85.1,0.3021988868713379,-0.31756623977880594
UBFC_PHYS_s05_T2_ctrl,8,154,85.13333333333334,0.28012996912002563,-0.10625219907798605
UBFC_PHYS_s05_T2_ctrl,8,155,85.16666666666667,0.2702617645263672,0.16276231785737727
UBFC_PHYS_s05_T2_ctrl,8,156,85.2,0.28443610668182373,0.43510126886776856
UBFC_PHYS_s05_T2_ctrl,8,157,85.23333333333333,0.27259424328804016,0.6524284289928722
UBFC_PHYS_s05_T2_ctrl,8,158,85.26666666666667,0.19581443071365356,0.7665143586075054
UBFC_PHYS_s05_T2_ctrl,8,159,85.3,0.08650795370340347,0.7509233906247406
UBFC_PHYS_s05_T2_ctrl,8,160,85.33333333333333,-0.02040194906294346,0.6060622225095055
UBFC_PHYS_s05_T2_ctrl,8,161,85.36666666666666,-0.14726614952087402,0.3549408036866294
UBFC_PHYS_s05_T2_ctrl,8,162,85.4,-0.28631824254989624,0.032743881003114844
UBFC_PHYS_s05_T2_ctrl,8,163,85.43333333333334,-0.33801740407943726,-0.32173947481613524
UBFC_PHYS_s05_T2_ctrl,8,164,85.46666666666667,-0.24944700300693512,-0.6697723255638682
UBFC_PHYS_s05_T2_ctrl,8,165,85.5,-0.11491891741752625,-0.9739404537667766
UBFC_PHYS_s05_T2_ctrl,8,166,85.53333333333333,-0.009277783334255219,-1.1993715235814106
UBFC_PHYS_s05_T2_ctrl,8,167,85.56666666666666,0.10618030279874802,-1.316245888917478
UBFC_PHYS_s05_T2_ctrl,8,168,85.6,0.21446150541305542,-1.3038261696835525
UBFC_PHYS_s05_T2_ctrl,8,169,85.63333333333334,0.23157067596912384,-1.1549540234989786
UBFC_PHYS_s05_T2_ctrl,8,170,85.66666666666667,0.16401827335357666,-0.8794052357637216
UBFC_PHYS_s05_T2_ctrl,8,171,85.7,0.10603932291269302,-0.5042556932486687
UBFC_PHYS_s05_T2_ctrl,8,172,85.73333333333333,0.10150251537561417,-0.07025068435192716
UBFC_PHYS_s05_T2_ctrl,8,173,85.76666666666667,0.09386426210403442,0.37568507054149214
UBFC_PHYS_s05_T2_ctrl,8,174,85.8,0.013688238337635994,0.7888042295797788
UBFC_PHYS_s05_T2_ctrl,8,175,85.83333333333333,-0.11562379449605942,1.1305556523836944
UBFC_PHYS_s05_T2_ctrl,8,176,85.86666666666666,-0.21486981213092804,1.368718397617646
UBFC_PHYS_s05_T2_ctrl,8,177,85.9,-0.27013179659843445,1.4794481074195371
UBFC_PHYS_s05_T2_ctrl,8,178,85.93333333333334,-0.3470269739627838,1.4521793557933016
UBFC_PHYS_s05_T2_ctrl,8,179,85.96666666666667,-0.48506659269332886,1.2930879722303716
UBFC_PHYS_s05_T2_ctrl,8,180,86.0,-0.6366525888442993,1.0249311307887845
UBFC_PHYS_s05_T2_ctrl,8,181,86.03333333333333,-0.6998603940010071,0.6837493436921744
UBFC_PHYS_s05_T2_ctrl,8,182,86.06666666666666,-0.6009476184844971,0.3129551238829006
UBFC_PHYS_s05_T2_ctrl,8,183,86.1,-0.3728252947330475,-0.04465122449771212
UBFC_PHYS_s05_T2_ctrl,8,184,86.13333333333334,-0.15312299132347107,-0.3545139298828196
UBFC_PHYS_s05_T2_ctrl,8,185,86.16666666666667,-0.03065463714301586,-0.5937211021866264
UBFC_PHYS_s05_T2_ctrl,8,186,86.2,0.033680979162454605,-0.7503158405275905
UBFC_PHYS_s05_T2_ctrl,8,187,86.23333333333333,0.08602095395326614,-0.8224985910815436
UBFC_PHYS_s05_T2_ctrl,8,188,86.26666666666667,0.1071927547454834,-0.8182904432724579
UBFC_PHYS_s05_T2_ctrl,8,189,86.3,0.10100269317626953,-0.752687319742733
UBFC_PHYS_s05_T2_ctrl,8,190,86.33333333333333,0.09936226159334183,-0.6426645018350233
UBFC_PHYS_s05_T2_ctrl,8,191,86.36666666666666,0.09959294646978378,-0.5037470235915966
UBFC_PHYS_s05_T2_ctrl,8,192,86.4,0.09327472746372223,-0.3501083603551527
UBFC_PHYS_s05_T2_ctrl,8,193,86.43333333333334,0.09295433014631271,-0.19791028146367326
UBFC_PHYS_s05_T2_ctrl,8,194,86.46666666666667,0.09928537160158157,-0.06827252747954816
UBFC_PHYS_s05_T2_ctrl,8,195,86.5,0.09385144710540771,0.01606229704352077
UBFC_PHYS_s05_T2_ctrl,8,196,86.53333333333333,0.06028670445084572,0.03992780432188729
UBFC_PHYS_s05_T2_ctrl,8,197,86.56666666666666,-0.0020240063313394785,0.003971492599053685
UBFC_PHYS_s05_T2_ctrl,8,198,86.6,-0.07589462399482727,-0.07343784587208205
UBFC_PHYS_s05_T2_ctrl,8,199,86.63333333333334,-0.140396848320961,-0.16318468514890816
UBFC_PHYS_s05_T2_ctrl,8,200,86.66666666666667,-0.17758847773075104,-0.23688084878341054
UBFC_PHYS_s05_T2_ctrl,8,201,86.7,-0.1466381698846817,-0.27263320249912093
UBFC_PHYS_s05_T2_ctrl,8,202,86.73333333333333,-0.027040565386414528,-0.2540397156108391
UBFC_PHYS_s05_T2_ctrl,8,203,86.76666666666667,0.10726965218782425,-0.17056606644303873
UBFC_PHYS_s05_T2_ctrl,8,204,86.8,0.1795126497745514,-0.02121456837259163
UBFC_PHYS_s05_T2_ctrl,8,205,86.83333333333333,0.22963547706604004,0.18347943809695824
UBFC_PHYS_s05_T2_ctrl,8,206,86.86666666666666,0.3106957972049713,0.4228108572370955
UBFC_PHYS_s05_T2_ctrl,8,207,86.9,0.3908590078353882,0.6685775981430169
UBFC_PHYS_s05_T2_ctrl,8,208,86.93333333333334,0.4312545955181122,0.887780764861133
UBFC_PHYS_s05_T2_ctrl,8,209,86.96666666666667,0.4654216766357422,1.0451509713687868
UBFC_PHYS_s05_T2_ctrl,8,210,87.0,0.5381132364273071,1.1069530097122433
UBFC_PHYS_s05_T2_ctrl,8,211,87.03333333333333,0.6247612833976746,1.048593564477756
UBFC_PHYS_s05_T2_ctrl,8,212,87.06666666666666,0.6749609708786011,0.8632132947480445
UBFC_PHYS_s05_T2_ctrl,8,213,87.1,0.678139328956604,0.563672179325773
UBFC_PHYS_s05_T2_ctrl,8,214,87.13333333333334,0.6339502334594727,0.17748264170839514
UBFC_PHYS_s05_T2_ctrl,8,215,87.16666666666667,0.5467639565467834,-0.25855864582001
UBFC_PHYS_s05_T2_ctrl,8,216,87.2,0.42469286918640137,-0.701347516301069
UBFC_PHYS_s05_T2_ctrl,8,217,87.23333333333333,0.24747516214847565,-1.1040643888231043
UBFC_PHYS_s05_T2_ctrl,8,218,87.26666666666667,0.03989667072892189,-1.4199551179709953
UBFC_PHYS_s05_T2_ctrl,8,219,87.3,-0.05605567246675491,-1.6078284897277286
UBFC_PHYS_s05_T2_ctrl,8,220,87.33333333333333,0.021634072065353394,-1.6384011135177632
UBFC_PHYS_s05_T2_ctrl,8,221,87.36666666666666,0.13934774696826935,-1.4992764953908408
UBFC_PHYS_s05_T2_ctrl,8,222,87.4,0.15552136301994324,-1.1974795779457317
UBFC_PHYS_s05_T2_ctrl,8,223,87.43333333333334,0.0944153442978859,-0.7597284266883584
UBFC_PHYS_s05_T2_ctrl,8,224,87.46666666666667,0.06698939949274063,-0.23011709613385145
UBFC_PHYS_s05_T2_ctrl,8,225,87.5,0.11345970630645752,0.33553886436461494
UBFC_PHYS_s05_T2_ctrl,8,226,87.53333333333333,0.18497221171855927,0.8772270712455796
UBFC_PHYS_s05_T2_ctrl,8,227,87.56666666666666,0.23337770998477936,1.3366893563499016
UBFC_PHYS_s05_T2_ctrl,8,228,87.6,0.22345823049545288,1.6616230570049637
UBFC_PHYS_s05_T2_ctrl,8,229,87.63333333333334,0.13774576783180237,1.811037077489184
UBFC_PHYS_s05_T2_ctrl,8,230,87.66666666666667,0.030028460547327995,1.7625980329977153
UBFC_PHYS_s05_T2_ctrl,8,231,87.7,-0.03944631665945053,1.5202253761233249
UBFC_PHYS_s05_T2_ctrl,8,232,87.73333333333333,-0.09874530136585236,1.1177633698802067
UBFC_PHYS_s05_T2_ctrl,8,233,87.76666666666667,-0.2302744835615158,0.6131325938828267
UBFC_PHYS_s05_T2_ctrl,8,234,87.8,-0.5135049819946289,0.07495518293045891
UBFC_PHYS_s05_T2_ctrl,8,235,87.83333333333333,-0.9544858932495117,-0.4291529572499745
UBFC_PHYS_s05_T2_ctrl,8,236,87.86666666666666,-1.3890973329544067,-0.8395980507664391
UBFC_PHYS_s05_T2_ctrl,8,237,87.9,-1.5636621713638306,-1.1107342818290178
UBFC_PHYS_s05_T2_ctrl,8,238,87.93333333333334,-1.352149248123169,-1.2167207518270828
UBFC_PHYS_s05_T2_ctrl,8,239,87.96666666666667,-0.8215469717979431,-1.1551601478678546
UBFC_PHYS_s05_T2_ctrl,8,240,88.0,-0.13279704749584198,-0.9478750411429204
UBFC_PHYS_s05_T2_ctrl,8,241,88.03333333333333,0.5367932319641113,-0.6397298810877626
UBFC_PHYS_s05_T2_ctrl,8,242,88.06666666666666,1.0157090425491333,-0.2936002848546516
UBFC_PHYS_s05_T2_ctrl,8,243,88.1,1.2211729288101196,0.022546673841827614
UBFC_PHYS_s05_T2_ctrl,8,244,88.13333333333334,1.254340410232544,0.25343185271725827
UBFC_PHYS_s05_T2_ctrl,8,245,88.16666666666667,1.2832914590835571,0.3693918200966397
UBFC_PHYS_s05_T2_ctrl,8,246,88.2,1.3137162923812866,0.3693584042671025
UBFC_PHYS_s05_T2_ctrl,8,247,88.23333333333333,1.195361852645874,0.27447555521440975
UBFC_PHYS_s05_T2_ctrl,8,248,88.26666666666667,0.8168966174125671,0.11687493994728987
UBFC_PHYS_s05_T2_ctrl,8,249,88.3,0.3118492364883423,-0.06908891986443008
UBFC_PHYS_s05_T2_ctrl,8,250,88.33333333333333,0.03964035585522652,-0.25101263316849665
UBFC_PHYS_s05_T2_ctrl,8,251,88.36666666666666,0.15571360290050507,-0.4013329432164942
UBFC_PHYS_s05_T2_ctrl,8,252,88.4,0.3354560434818268,-0.4999662350895268
UBFC_PHYS_s05_T2_ctrl,8,253,88.43333333333334,0.1648256778717041,-0.5350037974703666
UBFC_PHYS_s05_T2_ctrl,8,254,88.46666666666667,-0.37382492423057556,-0.5014168025370935
UBFC_PHYS_s05_T2_ctrl,8,255,88.5,-0.9965219497680664,-0.39938600793529544
UBFC_PHYS_s05_T2_ctrl,8,256,88.53333333333333,-1.4411554336547852,-0.23327963763859022
UBFC_PHYS_s05_T2_ctrl,8,257,88.56666666666666,-1.6010973453521729,-0.011473415133837116
UBFC_PHYS_s05_T2_ctrl,8,258,88.6,-1.5036839246749878,0.25318191963336123
UBFC_PHYS_s05_T2_ctrl,8,259,88.63333333333334,-1.2935807704925537,0.5427571728581463
UBFC_PHYS_s05_T2_ctrl,8,260,88.66666666666667,-1.1108393669128418,0.8333698043721421
UBFC_PHYS_s05_T2_ctrl,8,261,88.7,-0.9286234974861145,1.0933556445739485
UBFC_PHYS_s05_T2_ctrl,8,262,88.73333333333333,-0.5959494113922119,1.282734599142671
UBFC_PHYS_s05_T2_ctrl,8,263,88.76666666666667,-0.12622250616550446,1.3585336671681323
UBFC_PHYS_s05_T2_ctrl,8,264,88.8,0.19423808157444,1.28584069251343
UBFC_PHYS_s05_T2_ctrl,8,265,88.83333333333333,0.19093158841133118,1.04957521192448
UBFC_PHYS_s05_T2_ctrl,8,266,88.86666666666666,0.04998275265097618,0.6619001368187738
UBFC_PHYS_s05_T2_ctrl,8,267,88.9,0.023876847699284554,0.16123040520715348
UBFC_PHYS_s05_T2_ctrl,8,268,88.93333333333334,0.1119474396109581,-0.3963725441889896
UBFC_PHYS_s05_T2_ctrl,8,269,88.96666666666667,0.17911535501480103,-0.9480238740254808
UBFC_PHYS_s05_T2_ctrl,8,270,89.0,0.16075024008750916,-1.4331556226333397
UBFC_PHYS_s05_T2_ctrl,8,271,89.03333333333333,0.06320872157812119,-1.799350295742009
UBFC_PHYS_s05_T2_ctrl,8,272,89.06666666666666,-0.0714731514453888,-2.005213048570811
UBFC_PHYS_s05_T2_ctrl,8,273,89.1,-0.20296387374401093,-2.0222418190151488
UBFC_PHYS_s05_T2_ctrl,8,274,89.13333333333334,-0.34956449270248413,-1.837788691887235
UBFC_PHYS_s05_T2_ctrl,8,275,89.16666666666667,-0.5230399966239929,-1.4605935202491878
UBFC_PHYS_s05_T2_ctrl,8,276,89.2,-0.6083167195320129,-0.9257093559718395
UBFC_PHYS_s05_T2_ctrl,8,277,89.23333333333333,-0.4907824695110321,-0.2917544972009424
UBFC_PHYS_s05_T2_ctrl,8,278,89.26666666666667,-0.24566632509231567,0.3701867612960724
UBFC_PHYS_s05_T2_ctrl,8,279,89.3,-0.03540932387113571,0.9899723749121125
UBFC_PHYS_s05_T2_ctrl,8,280,89.33333333333333,0.04547157138586044,1.5086349759776134
UBFC_PHYS_s05_T2_ctrl,8,281,89.36666666666666,-0.020325055345892906,1.881702534901174
UBFC_PHYS_s05_T2_ctrl,8,282,89.4,-0.10007815062999725,2.077919893407358
UBFC_PHYS_s05_T2_ctrl,8,283,89.43333333333334,-0.025848690420389175,2.0808528573243144
UBFC_PHYS_s05_T2_ctrl,8,284,89.46666666666667,0.1695675402879715,1.894146640020249
UBFC_PHYS_s05_T2_ctrl,8,285,89.5,0.35087352991104126,1.5441957356267533
UBFC_PHYS_s05_T2_ctrl,8,286,89.53333333333333,0.4575655460357666,1.0771141845569647
UBFC_PHYS_s05_T2_ctrl,8,287,89.56666666666666,0.46670326590538025,0.5509153247525064
UBFC_PHYS_s05_T2_ctrl,8,288,89.6,0.4251926839351654,0.025130818672622793
UBFC_PHYS_s05_T2_ctrl,8,289,89.63333333333334,0.4510294795036316,-0.4489578119021352
UBFC_PHYS_s05_T2_ctrl,8,290,89.66666666666667,0.5311285853385925,-0.8349805299533161
UBFC_PHYS_s05_T2_ctrl,8,291,89.7,0.5271172523498535,-1.1135897750167667
UBFC_PHYS_s05_T2_ctrl,8,292,89.73333333333333,0.4054434597492218,-1.2804919016413219
UBFC_PHYS_s05_T2_ctrl,8,293,89.76666666666667,0.2487311065196991,-1.3425577902440538
UBFC_PHYS_s05_T2_ctrl,8,294,89.8,0.10031063854694366,-1.3136514203620675
UBFC_PHYS_s05_T2_ctrl,8,295,89.83333333333333,-0.05109593644738197,-1.2109680476720441
UBFC_PHYS_s05_T2_ctrl,8,296,89.86666666666666,-0.21399833261966705,-1.052341102135171
UBFC_PHYS_s05_T2_ctrl,8,297,89.9,-0.4000077247619629,-0.8546732390091976
UBFC_PHYS_s05_T2_ctrl,8,298,89.93333333333334,-0.5658577680587769,-0.6332277695269911
UBFC_PHYS_s05_T2_ctrl,8,299,89.96666666666667,-0.5722400546073914,-0.40124540043711726
UBFC_PHYS_s05_T2_ctrl,9,0,90.0,-0.38020721077919006,0.02219476770788939
UBFC_PHYS_s05_T2_ctrl,9,1,90.03333333333333,-0.18397077918052673,0.0025751406316790633
UBFC_PHYS_s05_T2_ctrl,9,2,90.06666666666666,-0.10640918463468552,-0.02405957657390278
UBFC_PHYS_s05_T2_ctrl,9,3,90.1,-0.005650894716382027,-0.06301478510561502
UBFC_PHYS_s05_T2_ctrl,9,4,90.13333333333334,0.2344670593738556,-0.11760469307898667
UBFC_PHYS_s05_T2_ctrl,9,5,90.16666666666667,0.4945393204689026,-0.1885581853766423
UBFC_PHYS_s05_T2_ctrl,9,6,90.2,0.6009365916252136,-0.2730911901509098
UBFC_PHYS_s05_T2_ctrl,9,7,90.23333333333333,0.5572217106819153,-0.3642639930612257
UBFC_PHYS_s05_T2_ctrl,9,8,90.26666666666667,0.4915660321712494,-0.451563656871723
UBFC_PHYS_s05_T2_ctrl,9,9,90.3,0.43015241622924805,-0.5236956204080124
UBFC_PHYS_s05_T2_ctrl,9,10,90.33333333333333,0.2803862988948822,-0.5723193470307002
UBFC_PHYS_s05_T2_ctrl,9,11,90.36666666666666,0.0291441660374403,-0.5934957997900187
UBFC_PHYS_s05_T2_ctrl,9,12,90.4,-0.20488625764846802,-0.5861359279646227
UBFC_PHYS_s05_T2_ctrl,9,13,90.43333333333334,-0.3233816921710968,-0.549431000907215
UBFC_PHYS_s05_T2_ctrl,9,14,90.46666666666667,-0.34707823395729065,-0.4810979659938431
UBFC_PHYS_s05_T2_ctrl,9,15,90.5,-0.3386838436126709,-0.37765804158549976
UBFC_PHYS_s05_T2_ctrl,9,16,90.53333333333333,-0.31619200110435486,-0.23668989937001278
UBFC_PHYS_s05_T2_ctrl,9,17,90.56666666666666,-0.2692987620830536,-0.05973204527430875
UBFC_PHYS_s05_T2_ctrl,9,18,90.6,-0.18531644344329834,0.14545146646563106
UBFC_PHYS_s05_T2_ctrl,9,19,90.63333333333334,-0.05330026149749756,0.3642149684109168
UBFC_PHYS_s05_T2_ctrl,9,20,90.66666666666667,0.07219263911247253,0.5763960217943118
UBFC_PHYS_s05_T2_ctrl,9,21,90.7,0.07070600241422653,0.7594595440087373
UBFC_PHYS_s05_T2_ctrl,9,22,90.73333333333333,-0.1126248762011528,0.892400943006928
UBFC_PHYS_s05_T2_ctrl,9,23,90.76666666666667,-0.38717904686927795,0.958803045095991
UBFC_PHYS_s05_T2_ctrl,9,24,90.8,-0.5760207772254944,0.9486269122903861
UBFC_PHYS_s05_T2_ctrl,9,25,90.83333333333333,-0.5460444688796997,0.8595006309489192
UBFC_PHYS_s05_T2_ctrl,9,26,90.86666666666666,-0.3159228563308716,0.697390974684094
UBFC_PHYS_s05_T2_ctrl,9,27,90.9,-0.048942871391773224,0.4756452496410596
UBFC_PHYS_s05_T2_ctrl,9,28,90.93333333333334,0.1342214047908783,0.21263617354668432
UBFC_PHYS_s05_T2_ctrl,9,29,90.96666666666667,0.25848397612571716,-0.07054290374895525
UBFC_PHYS_s05_T2_ctrl,9,30,91.0,0.35414156317710876,-0.3516576537812851
UBFC_PHYS_s05_T2_ctrl,9,31,91.03333333333333,0.3721478581428528,-0.6084074560197832
UBFC_PHYS_s05_T2_ctrl,9,32,91.06666666666666,0.3193208575248718,-0.8194359835714812
UBFC_PHYS_s05_T2_ctrl,9,33,91.1,0.2806682288646698,-0.9657622857179098
UBFC_PHYS_s05_T2_ctrl,9,34,91.13333333333334,0.29053646326065063,-1.032585030801591
UBFC_PHYS_s05_T2_ctrl,9,35,91.16666666666667,0.2917923927307129,-1.0108473533285085
UBFC_PHYS_s05_T2_ctrl,9,36,91.2,0.2383374571800232,-0.898319126447013
UBFC_PHYS_s05_T2_ctrl,9,37,91.23333333333333,0.17215634882450104,-0.7003384362372475
UBFC_PHYS_s05_T2_ctrl,9,38,91.26666666666667,0.15721306204795837,-0.4303370521655948
UBFC_PHYS_s05_T2_ctrl,9,39,91.3,0.16940094530582428,-0.11017706803213823
UBFC_PHYS_s05_T2_ctrl,9,40,91.33333333333333,0.13825839757919312,0.23048000991396905
UBFC_PHYS_s05_T2_ctrl,9,41,91.36666666666666,0.06196558475494385,0.5571331482663527
UBFC_PHYS_s05_T2_ctrl,9,42,91.4,-0.005612447392195463,0.8354747167585318
UBFC_PHYS_s05_T2_ctrl,9,43,91.43333333333334,-0.02934741973876953,1.036585116046657
UBFC_PHYS_s05_T2_ctrl,9,44,91.46666666666667,0.003102337708696723,1.140868471567085
UBFC_PHYS_s05_T2_ctrl,9,45,91.5,0.08174045383930206,1.140033425876812
UBFC_PHYS_s05_T2_ctrl,9,46,91.53333333333333,0.12897971272468567,1.0370789374142722
UBFC_PHYS_s05_T2_ctrl,9,47,91.56666666666666,0.05746721476316452,0.8448308991195269
UBFC_PHYS_s05_T2_ctrl,9,48,91.6,-0.11799472570419312,0.5836438683713593
UBFC_PHYS_s05_T2_ctrl,9,49,91.63333333333334,-0.2982498109340668,0.2788228672525232
UBFC_PHYS_s05_T2_ctrl,9,50,91.66666666666667,-0.3834111988544464,-0.04206320279578647
UBFC_PHYS_s05_T2_ctrl,9,51,91.7,-0.3243044316768646,-0.3521294808342035
UBFC_PHYS_s05_T2_ctrl,9,52,91.73333333333333,-0.15708309412002563,-0.6281346638321854
UBFC_PHYS_s05_T2_ctrl,9,53,91.76666666666667,0.03259163349866867,-0.8527562419042506
UBFC_PHYS_s05_T2_ctrl,9,54,91.8,0.1975061148405075,-1.015640412837851
UBFC_PHYS_s05_T2_ctrl,9,55,91.83333333333333,0.3298555016517639,-1.112926117706916
UBFC_PHYS_s05_T2_ctrl,9,56,91.86666666666666,0.4125818908214569,-1.1452921110885523
UBFC_PHYS_s05_T2_ctrl,9,57,91.9,0.42673060297966003,-1.114950159543886
UBFC_PHYS_s05_T2_ctrl,9,58,91.93333333333334,0.3816315829753876,-1.0227349641737036
UBFC_PHYS_s05_T2_ctrl,9,59,91.96666666666667,0.3093629479408264,-0.8669519197945508
UBFC_PHYS_s05_T2_ctrl,9,60,92.0,0.2270723134279251,-0.6449319189842785
UBFC_PHYS_s05_T2_ctrl,9,61,92.03333333333333,0.1524839997291565,-0.3572766520803396
UBFC_PHYS_s05_T2_ctrl,9,62,92.06666666666666,0.13417014479637146,-0.013452139779803845
UBFC_PHYS_s05_T2_ctrl,9,63,92.1,0.1695547252893448,0.3637222295905925
UBFC_PHYS_s05_T2_ctrl,9,64,92.13333333333334,0.1939176768064499,0.7379093110832046
UBFC_PHYS_s05_T2_ctrl,9,65,92.16666666666667,0.19387923181056976,1.0665850486437143
UBFC_PHYS_s05_T2_ctrl,9,66,92.2,0.20119708776474,1.3129263523957506
UBFC_PHYS_s05_T2_ctrl,9,67,92.23333333333333,0.20414473116397858,1.4538327188014464
UBFC_PHYS_s05_T2_ctrl,9,68,92.26666666666667,0.16776050627231598,1.4810037779405427
UBFC_PHYS_s05_T2_ctrl,9,69,92.3,0.06778398156166077,1.3979735969126579
UBFC_PHYS_s05_T2_ctrl,9,70,92.33333333333333,-0.10825467109680176,1.2162626578693325
UBFC_PHYS_s05_T2_ctrl,9,71,92.36666666666666,-0.32982808351516724,0.9531848088172092
UBFC_PHYS_s05_T2_ctrl,9,72,92.4,-0.5258466601371765,0.6312344152248669
UBFC_PHYS_s05_T2_ctrl,9,73,92.43333333333334,-0.6370498538017273,0.27650121416240775
UBFC_PHYS_s05_T2_ctrl,9,74,92.46666666666667,-0.6780222058296204,-0.08455581725598756
UBFC_PHYS_s05_T2_ctrl,9,75,92.5,-0.7439213395118713,-0.4284771588044301
UBFC_PHYS_s05_T2_ctrl,9,76,92.53333333333333,-0.8059757351875305,-0.7371870873882385
UBFC_PHYS_s05_T2_ctrl,9,77,92.56666666666666,-0.6413688063621521,-0.998862600886918
UBFC_PHYS_s05_T2_ctrl,9,78,92.6,-0.23179955780506134,-1.2071555903615119
UBFC_PHYS_s05_T2_ctrl,9,79,92.63333333333334,0.1443202942609787,-1.3590540279919012
UBFC_PHYS_s05_T2_ctrl,9,80,92.66666666666667,0.3345973789691925,-1.4521251349803388
UBFC_PHYS_s05_T2_ctrl,9,81,92.7,0.44014880061149597,-1.4822184009346506
UBFC_PHYS_s05_T2_ctrl,9,82,92.73333333333333,0.5383951663970947,-1.442440522085469
UBFC_PHYS_s05_T2_ctrl,9,83,92.76666666666667,0.6211856603622437,-1.3238085119460945
UBFC_PHYS_s05_T2_ctrl,9,84,92.8,0.7088205218315125,-1.1178200658198454
UBFC_PHYS_s05_T2_ctrl,9,85,92.83333333333333,0.8137823939323425,-0.8209070248130304
UBFC_PHYS_s05_T2_ctrl,9,86,92.86666666666666,0.8830264806747437,-0.43958120324652084
UBFC_PHYS_s05_T2_ctrl,9,87,92.9,0.8425796031951904,0.00591195734259301
UBFC_PHYS_s05_T2_ctrl,9,88,92.93333333333334,0.6972606182098389,0.4815450061114207
UBFC_PHYS_s05_T2_ctrl,9,89,92.96666666666667,0.5388053059577942,0.9446088602275431
UBFC_PHYS_s05_T2_ctrl,9,90,93.0,0.42200154066085815,1.3518421229021231
UBFC_PHYS_s05_T2_ctrl,9,91,93.03333333333333,0.31388694047927856,1.6652769975669093
UBFC_PHYS_s05_T2_ctrl,9,92,93.06666666666666,0.16756826639175415,1.8546866599607639
UBFC_PHYS_s05_T2_ctrl,9,93,93.1,-0.0131866205483675,1.8998212992915608
UBFC_PHYS_s05_T2_ctrl,9,94,93.13333333333334,-0.1861622929573059,1.7937027934553529
UBFC_PHYS_s05_T2_ctrl,9,95,93.16666666666667,-0.30991223454475403,1.545819496960217
UBFC_PHYS_s05_T2_ctrl,9,96,93.2,-0.3589072525501251,1.1830723242773893
UBFC_PHYS_s05_T2_ctrl,9,97,93.23333333333333,-0.3229075074195862,0.7458852072047473
UBFC_PHYS_s05_T2_ctrl,9,98,93.26666666666667,-0.22841617465019226,0.2801369671398147
UBFC_PHYS_s05_T2_ctrl,9,99,93.3,-0.134027361869812,-0.17122408598950228
UBFC_PHYS_s05_T2_ctrl,9,100,93.33333333333333,-0.07166539132595062,-0.5741881544828461
UBFC_PHYS_s05_T2_ctrl,9,101,93.36666666666666,-0.04391905292868614,-0.9062832320167313
UBFC_PHYS_s05_T2_ctrl,9,102,93.4,-0.05497914180159569,-1.1560076792563518
UBFC_PHYS_s05_T2_ctrl,9,103,93.43333333333334,-0.10598626732826233,-1.320429579633574
UBFC_PHYS_s05_T2_ctrl,9,104,93.46666666666667,-0.19185252487659454,-1.4019385650931282
UBFC_PHYS_s05_T2_ctrl,9,105,93.5,-0.2823581397533417,-1.4046072957170916
UBFC_PHYS_s05_T2_ctrl,9,106,93.53333333333333,-0.3117833435535431,-1.3312931570380577
UBFC_PHYS_s05_T2_ctrl,9,107,93.56666666666666,-0.2527150511741638,-1.183104705815464
UBFC_PHYS_s05_T2_ctrl,9,108,93.6,-0.17182134091854095,-0.9615483631915202
UBFC_PHYS_s05_T2_ctrl,9,109,93.63333333333334,-0.1646060049533844,-0.67228003944166
UBFC_PHYS_s05_T2_ctrl,9,110,93.66666666666667,-0.23756669461727142,-0.32873190003347463
UBFC_PHYS_s05_T2_ctrl,9,111,93.7,-0.29700666666030884,0.04640344290513212
UBFC_PHYS_s05_T2_ctrl,9,112,93.73333333333333,-0.28888139128685,0.4225594352986322
UBFC_PHYS_s05_T2_ctrl,9,113,93.76666666666667,-0.2802819609642029,0.764849613967349
UBFC_PHYS_s05_T2_ctrl,9,114,93.8,-0.33622318506240845,1.038590934558354
UBFC_PHYS_s05_T2_ctrl,9,115,93.83333333333333,-0.3979571759700775,1.2133488973080795
UBFC_PHYS_s05_T2_ctrl,9,116,93.86666666666666,-0.36225220561027527,1.2664281062017249
UBFC_PHYS_s05_T2_ctrl,9,117,93.9,-0.20104150474071503,1.1869494335038333
UBFC_PHYS_s05_T2_ctrl,9,118,93.93333333333334,0.01726386323571205,0.9798502196823126
UBFC_PHYS_s05_T2_ctrl,9,119,93.96666666666667,0.1995694786310196,0.6673638223926406
UBFC_PHYS_s05_T2_ctrl,9,120,94.0,0.29454782605171204,0.2869640415667082
UBFC_PHYS_s05_T2_ctrl,9,121,94.03333333333333,0.3189876675605774,-0.11356228089883054
UBFC_PHYS_s05_T2_ctrl,9,122,94.06666666666666,0.3371477425098419,-0.48326707860189483
UBFC_PHYS_s05_T2_ctrl,9,123,94.1,0.35890907049179077,-0.7767809902096466
UBFC_PHYS_s05_T2_ctrl,9,124,94.13333333333334,0.3424535095691681,-0.9624051531513268
UBFC_PHYS_s05_T2_ctrl,9,125,94.16666666666667,0.29115161299705505,-1.0260516969206077
UBFC_PHYS_s05_T2_ctrl,9,126,94.2,0.2463729977607727,-0.9704137660691392
UBFC_PHYS_s05_T2_ctrl,9,127,94.23333333333333,0.21639670431613922,-0.811662372327759
UBFC_PHYS_s05_T2_ctrl,9,128,94.26666666666667,0.1881505399942398,-0.5754898760700846
UBFC_PHYS_s05_T2_ctrl,9,129,94.3,0.1333371102809906,-0.2934129672932875
UBFC_PHYS_s05_T2_ctrl,9,130,94.33333333333333,0.009843479841947556,0.0006911179074084225
UBFC_PHYS_s05_T2_ctrl,9,131,94.36666666666666,-0.17230834066867828,0.27460119532109095
UBFC_PHYS_s05_T2_ctrl,9,132,94.4,-0.3394528031349182,0.5020186642481709
UBFC_PHYS_s05_T2_ctrl,9,133,94.43333333333334,-0.44036486744880676,0.6656181531805333
UBFC_PHYS_s05_T2_ctrl,9,134,94.46666666666667,-0.5022141933441162,0.7581894052002159
UBFC_PHYS_s05_T2_ctrl,9,135,94.5,-0.5697538256645203,0.7820498915265797
UBFC_PHYS_s05_T2_ctrl,9,136,94.53333333333333,-0.604343831539154,0.7471037861965422
UBFC_PHYS_s05_T2_ctrl,9,137,94.56666666666666,-0.5233603715896606,0.6680352893541196
UBFC_PHYS_s05_T2_ctrl,9,138,94.6,-0.32818764448165894,0.560794276265398
UBFC_PHYS_s05_T2_ctrl,9,139,94.63333333333334,-0.10738319158554077,0.4382929048895745
UBFC_PHYS_s05_T2_ctrl,9,140,94.66666666666667,0.06674589961767197,0.3072056300410223
UBFC_PHYS_s05_T2_ctrl,9,141,94.7,0.1862025260925293,0.16932134339420124
UBFC_PHYS_s05_T2_ctrl,9,142,94.73333333333333,0.27229946851730347,0.02631138037815368
UBFC_PHYS_s05_T2_ctrl,9,143,94.76666666666667,0.3310217559337616,-0.11751223923203154
UBFC_PHYS_s05_T2_ctrl,9,144,94.8,0.35737115144729614,-0.2562851008064031
UBFC_PHYS_s05_T2_ctrl,9,145,94.83333333333333,0.36541950702667236,-0.3853117352132284
UBFC_PHYS_s05_T2_ctrl,9,146,94.86666666666666,0.353910893201828,-0.5028440515005059
UBFC_PHYS_s05_T2_ctrl,9,147,94.9,0.2872427701950073,-0.6086968133774943
UBFC_PHYS_s05_T2_ctrl,9,148,94.93333333333334,0.18065325915813446,-0.7006696616447936
UBFC_PHYS_s05_T2_ctrl,9,149,94.96666666666667,0.10668011754751205,-0.7726862773276227
UBFC_PHYS_s05_T2_ctrl,9,150,95.0,0.07751122117042542,-0.8157328339544291
UBFC_PHYS_s05_T2_ctrl,9,151,95.03333333333333,0.06331124901771545,-0.8195933009432009
UBFC_PHYS_s05_T2_ctrl,9,152,95.06666666666666,0.07087260484695435,-0.7746212020586831
UBFC_PHYS_s05_T2_ctrl,9,153,95.1,0.05252029374241829,-0.6742008728168623
UBFC_PHYS_s05_T2_ctrl,9,154,95.13333333333334,-0.09249116480350494,-0.5172571208013589
UBFC_PHYS_s05_T2_ctrl,9,155,95.16666666666667,-0.3238174319267273,-0.30897016667099486
UBFC_PHYS_s05_T2_ctrl,9,156,95.2,-0.48578429222106934,-0.05958006966272504
UBFC_PHYS_s05_T2_ctrl,9,157,95.23333333333333,-0.5561689734458923,0.21710415063583044
UBFC_PHYS_s05_T2_ctrl,9,158,95.26666666666667,-0.6446112394332886,0.5040639203679045
UBFC_PHYS_s05_T2_ctrl,9,159,95.3,-0.7406917214393616,0.7794693544064313
UBFC_PHYS_s05_T2_ctrl,9,160,95.33333333333333,-0.7200197577476501,1.0152385410911906
UBFC_PHYS_s05_T2_ctrl,9,161,95.36666666666666,-0.5683568716049194,1.1802326996334973
UBFC_PHYS_s05_T2_ctrl,9,162,95.4,-0.38305234909057617,1.2482208755923594
UBFC_PHYS_s05_T2_ctrl,9,163,95.43333333333334,-0.2286340445280075,1.2062208101644798
UBFC_PHYS_s05_T2_ctrl,9,164,95.46666666666667,-0.1320921778678894,1.058913881656216
UBFC_PHYS_s05_T2_ctrl,9,165,95.5,-0.12030158191919327,0.8259367513603155
UBFC_PHYS_s05_T2_ctrl,9,166,95.53333333333333,-0.19231389462947845,0.5339246053180873
UBFC_PHYS_s05_T2_ctrl,9,167,95.56666666666666,-0.30755412578582764,0.2097699034800073
UBFC_PHYS_s05_T2_ctrl,9,168,95.6,-0.3866279721260071,-0.12221246154241582
UBFC_PHYS_s05_T2_ctrl,9,169,95.63333333333334,-0.3556135892868042,-0.4408555390194073
UBFC_PHYS_s05_T2_ctrl,9,170,95.66666666666667,-0.33285263180732727,-0.7278088441614736
UBFC_PHYS_s05_T2_ctrl,9,171,95.7,-0.5711763501167297,-0.9669313458266534
UBFC_PHYS_s05_T2_ctrl,9,172,95.73333333333333,-1.0566154718399048,-1.143635291256237
UBFC_PHYS_s05_T2_ctrl,9,173,95.76666666666667,-1.3863035440444946,-1.243993233831238
UBFC_PHYS_s05_T2_ctrl,9,174,95.8,-1.2084065675735474,-1.2542961400339312
UBFC_PHYS_s05_T2_ctrl,9,175,95.83333333333333,-0.7641704082489014,-1.1624675361111456
UBFC_PHYS_s05_T2_ctrl,9,176,95.86666666666666,-0.8231361508369446,-0.9616439694249324
UBFC_PHYS_s05_T2_ctrl,9,177,95.9,-1.7597448825836182,-0.6549737488327221
UBFC_PHYS_s05_T2_ctrl,9,178,95.93333333333334,-2.813349485397339,-0.2601792334749735
UBFC_PHYS_s05_T2_ctrl,9,179,95.96666666666667,-2.930358409881592,0.1878519241431173
UBFC_PHYS_s05_T2_ctrl,9,180,96.0,-2.0173051357269287,0.6387336261933068
UBFC_PHYS_s05_T2_ctrl,9,181,96.03333333333333,-0.7040511965751648,1.0347498532719444
UBFC_PHYS_s05_T2_ctrl,9,182,96.06666666666666,0.5602846741676331,1.3235121780240064
UBFC_PHYS_s05_T2_ctrl,9,183,96.1,1.632331371307373,1.469125113052391
UBFC_PHYS_s05_T2_ctrl,9,184,96.13333333333334,2.441178798675537,1.4578855323586408
UBFC_PHYS_s05_T2_ctrl,9,185,96.16666666666667,3.001577854156494,1.2973311992063128
UBFC_PHYS_s05_T2_ctrl,9,186,96.2,3.3695085048675537,1.0106508499052256
UBFC_PHYS_s05_T2_ctrl,9,187,96.23333333333333,3.541996955871582,0.6310634610100955
UBFC_PHYS_s05_T2_ctrl,9,188,96.26666666666667,3.488682985305786,0.19780935014283166
UBFC_PHYS_s05_T2_ctrl,9,189,96.3,3.2845776081085205,-0.24783575535952676
UBFC_PHYS_s05_T2_ctrl,9,190,96.33333333333333,3.0901355743408203,-0.6669378564833991
UBFC_PHYS_s05_T2_ctrl,9,191,96.36666666666666,2.990299940109253,-1.0266044531205392
UBFC_PHYS_s05_T2_ctrl,9,192,96.4,2.9576964378356934,-1.302060566282129
UBFC_PHYS_s05_T2_ctrl,9,193,96.43333333333334,2.960618495941162,-1.4764439846958388
UBFC_PHYS_s05_T2_ctrl,9,194,96.46666666666667,2.9780735969543457,-1.5392231067875575
UBFC_PHYS_s05_T2_ctrl,9,195,96.5,2.90071702003479,-1.4854457788175013
UBFC_PHYS_s05_T2_ctrl,9,196,96.53333333333333,2.5459485054016113,-1.316458194935606
UBFC_PHYS_s05_T2_ctrl,9,197,96.56666666666666,1.9139471054077148,-1.0410071356427992
UBFC_PHYS_s05_T2_ctrl,9,198,96.6,1.2037562131881714,-0.6758054966594352
UBFC_PHYS_s05_T2_ctrl,9,199,96.63333333333334,0.508764922618866,-0.24505367797558938
UBFC_PHYS_s05_T2_ctrl,9,200,96.66666666666667,-0.23051798343658447,0.22102895996223645
UBFC_PHYS_s05_T2_ctrl,9,201,96.7,-0.919972836971283,0.6880613622242943
UBFC_PHYS_s05_T2_ctrl,9,202,96.73333333333333,-1.3961716890335083,1.1193817266289146
UBFC_PHYS_s05_T2_ctrl,9,203,96.76666666666667,-1.7253726720809937,1.4778842320275205
UBFC_PHYS_s05_T2_ctrl,9,204,96.8,-2.0306081771850586,1.7287614000027196
UBFC_PHYS_s05_T2_ctrl,9,205,96.83333333333333,-2.300663948059082,1.844748336798235
UBFC_PHYS_s05_T2_ctrl,9,206,96.86666666666666,-2.5218913555145264,1.8126026253639034
UBFC_PHYS_s05_T2_ctrl,9,207,96.9,-2.627429962158203,1.6368693716442568
UBFC_PHYS_s05_T2_ctrl,9,208,96.93333333333334,-2.483430862426758,1.3389312347581632
UBFC_PHYS_s05_T2_ctrl,9,209,96.96666666666667,-2.1056320667266846,0.9517720632120411
UBFC_PHYS_s05_T2_ctrl,9,210,97.0,-1.6633951663970947,0.5124895678553192
UBFC_PHYS_s05_T2_ctrl,9,211,97.03333333333333,-1.270319938659668,0.05578119708944253
UBFC_PHYS_s05_T2_ctrl,9,212,97.06666666666666,-0.9300717115402222,-0.3897657591939119
UBFC_PHYS_s05_T2_ctrl,9,213,97.1,-0.6481099724769592,-0.8024398406166069
UBFC_PHYS_s05_T2_ctrl,9,214,97.13333333333334,-0.47139206528663635,-1.16601799709904
UBFC_PHYS_s05_T2_ctrl,9,215,97.16666666666667,-0.4121828079223633,-1.4676761633724817
UBFC_PHYS_s05_T2_ctrl,9,216,97.2,-0.3881274163722992,-1.6961017907021827
UBFC_PHYS_s05_T2_ctrl,9,217,97.23333333333333,-0.3199598789215088,-1.8400005004408968
UBFC_PHYS_s05_T2_ctrl,9,218,97.26666666666667,-0.2369643598794937,-1.8874305302915608
UBFC_PHYS_s05_T2_ctrl,9,219,97.3,-0.20703932642936707,-1.8265936115834553
UBFC_PHYS_s05_T2_ctrl,9,220,97.33333333333333,-0.21430590748786926,-1.6484560583486307
UBFC_PHYS_s05_T2_ctrl,9,221,97.36666666666666,-0.19901658594608307,-1.3511650451143633
UBFC_PHYS_s05_T2_ctrl,9,222,97.4,-0.15009845793247223,-0.9445040391526651
UBFC_PHYS_s05_T2_ctrl,9,223,97.43333333333334,-0.08176428824663162,-0.45126576052334433
UBFC_PHYS_s05_T2_ctrl,9,224,97.46666666666667,0.04913690686225891,0.0948882573642871
UBFC_PHYS_s05_T2_ctrl,9,225,97.5,0.28878068923950195,0.6527656924018594
UBFC_PHYS_s05_T2_ctrl,9,226,97.53333333333333,0.5675768852233887,1.1769793437324745
UBFC_PHYS_s05_T2_ctrl,9,227,97.56666666666666,0.683022141456604,1.6214580251285866
UBFC_PHYS_s05_T2_ctrl,9,228,97.6,0.4439166784286499,1.9439195611836073
UBFC_PHYS_s05_T2_ctrl,9,229,97.63333333333334,-0.012084457091987133,2.1123023001183383
UBFC_PHYS_s05_T2_ctrl,9,230,97.66666666666667,-0.18886643648147583,2.111628098437734
UBFC_PHYS_s05_T2_ctrl,9,231,97.7,0.1734379380941391,1.947454917280761
UBFC_PHYS_s05_T2_ctrl,9,232,97.73333333333333,0.7898551821708679,1.6443704627952296
UBFC_PHYS_s05_T2_ctrl,9,233,97.76666666666667,1.2920702695846558,1.2406168952091279
UBFC_PHYS_s05_T2_ctrl,9,234,97.8,1.4962269067764282,0.7808611323853202
UBFC_PHYS_s05_T2_ctrl,9,235,97.83333333333333,1.2356164455413818,0.30963934261225784
UBFC_PHYS_s05_T2_ctrl,9,236,97.86666666666666,0.5101875066757202,-0.13352926532814705
UBFC_PHYS_s05_T2_ctrl,9,237,97.9,-0.3649435341358185,-0.5179256514681071
UBFC_PHYS_s05_T2_ctrl,9,238,97.93333333333334,-1.092358946800232,-0.8244077402297535
UBFC_PHYS_s05_T2_ctrl,9,239,97.96666666666667,-1.6644333600997925,-1.0466159158635733
UBFC_PHYS_s05_T2_ctrl,9,240,98.0,-2.2476062774658203,-1.189957276193575
UBFC_PHYS_s05_T2_ctrl,9,241,98.03333333333333,-2.9617059230804443,-1.2678074894571876
UBFC_PHYS_s05_T2_ctrl,9,242,98.06666666666666,-3.7174699306488037,-1.2959059363009033
UBFC_PHYS_s05_T2_ctrl,9,243,98.1,-4.242689609527588,-1.2873298761933907
UBFC_PHYS_s05_T2_ctrl,9,244,98.13333333333334,-4.28440523147583,-1.2494156014303532
UBFC_PHYS_s05_T2_ctrl,9,245,98.16666666666667,-3.7993505001068115,-1.1827736181893307
UBFC_PHYS_s05_T2_ctrl,9,246,98.2,-2.875455141067505,-1.0822441556379943
UBFC_PHYS_s05_T2_ctrl,9,247,98.23333333333333,-1.6092097759246826,-0.9394334662515803
UBFC_PHYS_s05_T2_ctrl,9,248,98.26666666666667,-0.1556861698627472,-0.7462179026047826
UBFC_PHYS_s05_T2_ctrl,9,249,98.3,1.2154442071914673,-0.4984205482041989
UBFC_PHYS_s05_T2_ctrl,9,250,98.33333333333333,2.2557590007781982,-0.19903423709040982
UBFC_PHYS_s05_T2_ctrl,9,251,98.36666666666666,2.7818243503570557,0.13944833327867553
UBFC_PHYS_s05_T2_ctrl,9,252,98.4,2.6308534145355225,0.49462213196595145
UBFC_PHYS_s05_T2_ctrl,9,253,98.43333333333334,1.846868872642517,0.837071718001497
UBFC_PHYS_s05_T2_ctrl,9,254,98.46666666666667,0.9747111201286316,1.1356441804666053
UBFC_PHYS_s05_T2_ctrl,9,255,98.5,0.71785569190979,1.3619911620784912
UBFC_PHYS_s05_T2_ctrl,9,256,98.53333333333333,1.1397665739059448,1.4931531279643515
UBFC_PHYS_s05_T2_ctrl,9,257,98.56666666666666,1.6238216161727905,1.5130334511554249
UBFC_PHYS_s05_T2_ctrl,9,258,98.6,1.7692047357559204,1.4141110693115997
UBFC_PHYS_s05_T2_ctrl,9,259,98.63333333333334,1.5710716247558594,1.2007368758233365
UBFC_PHYS_s05_T2_ctrl,9,260,98.66666666666667,1.1396896839141846,0.8925461196621081
UBFC_PHYS_s05_T2_ctrl,9,261,98.7,0.6711803078651428,0.5240235009293978
UBFC_PHYS_s05_T2_ctrl,9,262,98.73333333333333,0.4235522747039795,0.1385359513319658
UBFC_PHYS_s05_T2_ctrl,9,263,98.76666666666667,0.41454270482063293,-0.2220098949638031
UBFC_PHYS_s05_T2_ctrl,9,264,98.8,0.40370050072669983,-0.5275596169184928
UBFC_PHYS_s05_T2_ctrl,9,265,98.83333333333333,0.3169114887714386,-0.7637885452948331
UBFC_PHYS_s05_T2_ctrl,9,266,98.86666666666666,0.2644818127155304,-0.9286310809967502
UBFC_PHYS_s05_T2_ctrl,9,267,98.9,0.24010604619979858,-1.0264601613668465
UBFC_PHYS_s05_T2_ctrl,9,268,98.93333333333334,0.1389888972043991,-1.0632355536043958
UBFC_PHYS_s05_T2_ctrl,9,269,98.96666666666667,-0.08595507591962814,-1.0434748136084002
UBFC_PHYS_s05_T2_ctrl,9,270,99.0,-0.4086584448814392,-0.9693402234844994
UBFC_PHYS_s05_T2_ctrl,9,271,99.03333333333333,-0.7331688404083252,-0.8416379491512385
UBFC_PHYS_s05_T2_ctrl,9,272,99.06666666666666,-0.968493640422821,-0.6620334334328755
UBFC_PHYS_s05_T2_ctrl,9,273,99.1,-1.1596165895462036,-0.4354674303583892
UBFC_PHYS_s05_T2_ctrl,9,274,99.13333333333334,-1.3622353076934814,-0.17211006137998297
UBFC_PHYS_s05_T2_ctrl,9,275,99.16666666666667,-1.4326456785202026,0.11137398709271484
UBFC_PHYS_s05_T2_ctrl,9,276,99.2,-1.192566156387329,0.3921010064975703
UBFC_PHYS_s05_T2_ctrl,9,277,99.23333333333333,-0.7533025741577148,0.6440602058381135
UBFC_PHYS_s05_T2_ctrl,9,278,99.26666666666667,-0.3790666162967682,0.8430074729381298
UBFC_PHYS_s05_T2_ctrl,9,279,99.3,-0.13049018383026123,0.9700541737323564
UBFC_PHYS_s05_T2_ctrl,9,280,99.33333333333333,0.045087095350027084,1.0131106982145006
UBFC_PHYS_s05_T2_ctrl,9,281,99.36666666666666,0.1554829180240631,0.9677246523118754
UBFC_PHYS_s05_T2_ctrl,9,282,99.4,0.26040637493133545,0.8381139780123169
UBFC_PHYS_s05_T2_ctrl,9,283,99.43333333333334,0.40404653549194336,0.6381552217847359
UBFC_PHYS_s05_T2_ctrl,9,284,99.46666666666667,0.5304365158081055,0.39108911675010494
UBFC_PHYS_s05_T2_ctrl,9,285,99.5,0.5904019474983215,0.12606136544345095
UBFC_PHYS_s05_T2_ctrl,9,286,99.53333333333333,0.5822126269340515,-0.1276225995222288
UBFC_PHYS_s05_T2_ctrl,9,287,99.56666666666666,0.5202863812446594,-0.34502387500179266
UBFC_PHYS_s05_T2_ctrl,9,288,99.6,0.44576215744018555,-0.5079693190787584
UBFC_PHYS_s05_T2_ctrl,9,289,99.63333333333334,0.4040849804878235,-0.6071041353292022
UBFC_PHYS_s05_T2_ctrl,9,290,99.66666666666667,0.39419111609458923,-0.6433768896670061
UBFC_PHYS_s05_T2_ctrl,9,291,99.7,0.37255796790122986,-0.62671790463673
UBFC_PHYS_s05_T2_ctrl,9,292,99.73333333333333,0.2904339134693146,-0.5719954641011336
UBFC_PHYS_s05_T2_ctrl,9,293,99.76666666666667,0.09791406989097595,-0.49470131115175675
UBFC_PHYS_s05_T2_ctrl,9,294,99.8,-0.23691308498382568,-0.4079246652822094
UBFC_PHYS_s05_T2_ctrl,9,295,99.83333333333333,-0.6141607761383057,-0.3209775030779226
UBFC_PHYS_s05_T2_ctrl,9,296,99.86666666666666,-0.7902634739875793,-0.23940946359648801
UBFC_PHYS_s05_T2_ctrl,9,297,99.9,-0.6239264607429504,-0.16567143787046495
UBFC_PHYS_s05_T2_ctrl,9,298,99.93333333333334,-0.25024157762527466,-0.0998669536070669
UBFC_PHYS_s05_T2_ctrl,9,299,99.96666666666667,0.08890452235937119,-0.04035281962766313
UBFC_PHYS_s05_T2_ctrl,10,0,100.0,0.2791687846183777,-0.09619297715740124
UBFC_PHYS_s05_T2_ctrl,10,1,100.03333333333333,0.37936317920684814,-0.28525311315779567
UBFC_PHYS_s05_T2_ctrl,10,2,100.06666666666666,0.5122636556625366,-0.45237560949276606
UBFC_PHYS_s05_T2_ctrl,10,3,100.1,0.7121654152870178,-0.5795529574503758
UBFC_PHYS_s05_T2_ctrl,10,4,100.13333333333334,0.9193081855773926,-0.6513267299560948
UBFC_PHYS_s05_T2_ctrl,10,5,100.16666666666667,1.0887466669082642,-0.6577025801144367
UBFC_PHYS_s05_T2_ctrl,10,6,100.2,1.257006049156189,-0.5966016234941195
UBFC_PHYS_s05_T2_ctrl,10,7,100.23333333333333,1.4963037967681885,-0.47442784708244534
UBFC_PHYS_s05_T2_ctrl,10,8,100.26666666666667,1.8032052516937256,-0.30434202253772263
UBFC_PHYS_s05_T2_ctrl,10,9,100.3,2.024381399154663,-0.1029529407217404
UBFC_PHYS_s05_T2_ctrl,10,10,100.33333333333333,1.9302361011505127,0.11286569166951001
UBFC_PHYS_s05_T2_ctrl,10,11,100.36666666666666,1.4476292133331299,0.32673301907792995
UBFC_PHYS_s05_T2_ctrl,10,12,100.4,0.8464628458023071,0.5214774072670669
UBFC_PHYS_s05_T2_ctrl,10,13,100.43333333333334,0.3730577826499939,0.6787319881253974
UBFC_PHYS_s05_T2_ctrl,10,14,100.46666666666667,-0.20341242849826813,0.7808882573514373
UBFC_PHYS_s05_T2_ctrl,10,15,100.5,-1.0907185077667236,0.8149957583206707
UBFC_PHYS_s05_T2_ctrl,10,16,100.53333333333333,-1.763102650642395,0.7770139502294728
UBFC_PHYS_s05_T2_ctrl,10,17,100.56666666666666,-1.6210644245147705,0.6739808396971484
UBFC_PHYS_s05_T2_ctrl,10,18,100.6,-0.8931748270988464,0.5225195516575013
UBFC_PHYS_s05_T2_ctrl,10,19,100.63333333333334,-0.288009911775589,0.3433745175011241
UBFC_PHYS_s05_T2_ctrl,10,20,100.66666666666667,-0.21975265443325043,0.15448245208370603
UBFC_PHYS_s05_T2_ctrl,10,21,100.7,-0.5787121057510376,-0.03265982655982674
UBFC_PHYS_s05_T2_ctrl,10,22,100.73333333333333,-0.951551079750061,-0.21251734309872597
UBFC_PHYS_s05_T2_ctrl,10,23,100.76666666666667,-1.0039807558059692,-0.3841551015203004
UBFC_PHYS_s05_T2_ctrl,10,24,100.8,-0.7884436249732971,-0.549839270422815
UBFC_PHYS_s05_T2_ctrl,10,25,100.83333333333333,-0.5800705552101135,-0.7118663570321861
UBFC_PHYS_s05_T2_ctrl,10,26,100.86666666666666,-0.5625128149986267,-0.8680465626123374
UBFC_PHYS_s05_T2_ctrl,10,27,100.9,-0.7732952833175659,-1.0084604664522108
UBFC_PHYS_s05_T2_ctrl,10,28,100.93333333333334,-1.0665606260299683,-1.1149361122055623
UBFC_PHYS_s05_T2_ctrl,10,29,100.96666666666667,-1.159027099609375,-1.1632214458489036
UBFC_PHYS_s05_T2_ctrl,10,30,101.0,-0.9642259478569031,-1.1276097157411438
UBFC_PHYS_s05_T2_ctrl,10,31,101.03333333333333,-0.7482274770736694,-0.9875449766919214
UBFC_PHYS_s05_T2_ctrl,10,32,101.06666666666666,-0.7693608403205872,-0.7345227996190764
UBFC_PHYS_s05_T2_ctrl,10,33,101.1,-0.9858335256576538,-0.3766221778404379
UBFC_PHYS_s05_T2_ctrl,10,34,101.13333333333334,-1.1490178108215332,0.060603821737423666
UBFC_PHYS_s05_T2_ctrl,10,35,101.16666666666667,-1.0547699928283691,0.5365727207545116
UBFC_PHYS_s05_T2_ctrl,10,36,101.2,-0.7071269750595093,1.0006198806264839
UBFC_PHYS_s05_T2_ctrl,10,37,101.23333333333333,-0.25911015272140503,1.398266354410958
UBFC_PHYS_s05_T2_ctrl,10,38,101.26666666666667,0.1160997748374939,1.6784050498028935
UBFC_PHYS_s05_T2_ctrl,10,39,101.3,0.3503352403640747,1.8016366198340104
UBFC_PHYS_s05_T2_ctrl,10,40,101.33333333333333,0.5608614087104797,1.7480100540409582
UBFC_PHYS_s05_T2_ctrl,10,41,101.36666666666666,0.8661223649978638,1.5206374017270128
UBFC_PHYS_s05_T2_ctrl,10,42,101.4,1.1668081283569336,1.144173988030619
UBFC_PHYS_s05_T2_ctrl,10,43,101.43333333333334,1.2801002264022827,0.6598430310470785
UBFC_PHYS_s05_T2_ctrl,10,44,101.46666666666667,1.1822127103805542,0.11904186099067196
UBFC_PHYS_s05_T2_ctrl,10,45,101.5,0.9518092274665833,-0.42251400388485905
UBFC_PHYS_s05_T2_ctrl,10,46,101.53333333333333,0.6259403228759766,-0.9096742484223935
UBFC_PHYS_s05_T2_ctrl,10,47,101.56666666666666,0.22063875198364258,-1.2927423991392208
UBFC_PHYS_s05_T2_ctrl,10,48,101.6,-0.2363363802433014,-1.5326482633839047
UBFC_PHYS_s05_T2_ctrl,10,49,101.63333333333334,-0.7276836633682251,-1.6056958380163162
UBFC_PHYS_s05_T2_ctrl,10,50,101.66666666666667,-1.2792397737503052,-1.5069027387520986
UBFC_PHYS_s05_T2_ctrl,10,51,101.7,-1.958749532699585,-1.2507920832148498
UBFC_PHYS_s05_T2_ctrl,10,52,101.73333333333333,-2.8100173473358154,-0.8692338506662095
UBFC_PHYS_s05_T2_ctrl,10,53,101.76666666666667,-3.719930648803711,-0.4067661388341967
UBFC_PHYS_s05_T2_ctrl,10,54,101.8,-4.312010765075684,0.08538186805795583
UBFC_PHYS_s05_T2_ctrl,10,55,101.83333333333333,-4.187863349914551,0.5547470833843912
UBFC_PHYS_s05_T2_ctrl,10,56,101.86666666666666,-3.387564182281494,0.9519512086130849
UBFC_PHYS_s05_T2_ctrl,10,57,101.9,-2.4405362606048584,1.2344395726125212
UBFC_PHYS_s05_T2_ctrl,10,58,101.93333333333334,-1.8637455701828003,1.3706094036129082
UBFC_PHYS_s05_T2_ctrl,10,59,101.96666666666667,-1.7205923795700073,1.3452443771190918
UBFC_PHYS_s05_T2_ctrl,10,60,102.0,-1.6239864826202393,1.164283718315068
UBFC_PHYS_s05_T2_ctrl,10,61,102.03333333333333,-1.0026991367340088,0.8544682297966043
UBFC_PHYS_s05_T2_ctrl,10,62,102.06666666666666,0.4429682791233063,0.4570280276441811
UBFC_PHYS_s05_T2_ctrl,10,63,102.1,2.422006130218506,0.018491674369736318
UBFC_PHYS_s05_T2_ctrl,10,64,102.13333333333334,4.140100479125977,-0.41744502362247504
UBFC_PHYS_s05_T2_ctrl,10,65,102.16666666666667,4.993034362792969,-0.8130599197585735
UBFC_PHYS_s05_T2_ctrl,10,66,102.2,5.083924293518066,-1.1355365115377336
UBFC_PHYS_s05_T2_ctrl,10,67,102.23333333333333,4.832618236541748,-1.356805470762869
UBFC_PHYS_s05_T2_ctrl,10,68,102.26666666666667,4.4088616371154785,-1.4562696391269048
UBFC_PHYS_s05_T2_ctrl,10,69,102.3,3.863905906677246,-1.4246367393814356
UBFC_PHYS_s05_T2_ctrl,10,70,102.33333333333333,3.36151123046875,-1.2668202096271957
UBFC_PHYS_s05_T2_ctrl,10,71,102.36666666666666,3.0499064922332764,-1.0021042006137526
UBFC_PHYS_s05_T2_ctrl,10,72,102.4,3.0342838764190674,-0.6606912165645871
UBFC_PHYS_s05_T2_ctrl,10,73,102.43333333333334,3.3943583965301514,-0.2769531235620024
UBFC_PHYS_s05_T2_ctrl,10,74,102.46666666666667,4.030934810638428,0.11745010004727913
UBFC_PHYS_s05_T2_ctrl,10,75,102.5,4.650466442108154,0.4953025124130616
UBFC_PHYS_s05_T2_ctrl,10,76,102.53333333333333,5.090319633483887,0.8310399091444653
UBFC_PHYS_s05_T2_ctrl,10,77,102.56666666666666,5.479447364807129,1.099701639539737
UBFC_PHYS_s05_T2_ctrl,10,78,102.6,5.78232479095459,1.2798599749392248
UBFC_PHYS_s05_T2_ctrl,10,79,102.63333333333334,5.598250389099121,1.3580697722860582
UBFC_PHYS_s05_T2_ctrl,10,80,102.66666666666667,4.688849925994873,1.3326926245021369
UBFC_PHYS_s05_T2_ctrl,10,81,102.7,3.37788987159729,1.2157594708766277
UBFC_PHYS_s05_T2_ctrl,10,82,102.73333333333333,2.1522579193115234,1.031720703598636
UBFC_PHYS_s05_T2_ctrl,10,83,102.76666666666667,1.2011417150497437,0.8123973493875376
UBFC_PHYS_s05_T2_ctrl,10,84,102.8,0.39508822560310364,0.5888656934601518
UBFC_PHYS_s05_T2_ctrl,10,85,102.83333333333333,-0.5096474289894104,0.3824299392639836
UBFC_PHYS_s05_T2_ctrl,10,86,102.86666666666666,-1.5187169313430786,0.1985880245953651
UBFC_PHYS_s05_T2_ctrl,10,87,102.9,-2.3238861560821533,0.028800171688591315
UBFC_PHYS_s05_T2_ctrl,10,88,102.93333333333334,-2.7929723262786865,-0.14091448180260321
UBFC_PHYS_s05_T2_ctrl,10,89,102.96666666666667,-3.1748976707458496,-0.32108964094545006
UBFC_PHYS_s05_T2_ctrl,10,90,103.0,-3.6069204807281494,-0.5138866105395478
UBFC_PHYS_s05_T2_ctrl,10,91,103.03333333333333,-3.855112314224243,-0.7131521791622589
UBFC_PHYS_s05_T2_ctrl,10,92,103.06666666666666,-3.7316060066223145,-0.9073400589440075
UBFC_PHYS_s05_T2_ctrl,10,93,103.1,-3.3195247650146484,-1.0807394533086432
UBFC_PHYS_s05_T2_ctrl,10,94,103.13333333333334,-2.8054678440093994,-1.212715214850099
UBFC_PHYS_s05_T2_ctrl,10,95,103.16666666666667,-2.349492311477661,-1.278968598449305
UBFC_PHYS_s05_T2_ctrl,10,96,103.2,-2.04083514213562,-1.2559435540097144
UBFC_PHYS_s05_T2_ctrl,10,97,103.23333333333333,-1.84225332736969,-1.1262006224359353
UBFC_PHYS_s05_T2_ctrl,10,98,103.26666666666667,-1.6628185510635376,-0.8834753707849942
UBFC_PHYS_s05_T2_ctrl,10,99,103.3,-1.495302438735962,-0.5371976052438036
UBFC_PHYS_s05_T2_ctrl,10,100,103.33333333333333,-1.3790112733840942,-0.11503042150393528
UBFC_PHYS_s05_T2_ctrl,10,101,103.36666666666666,-1.30610191822052,0.3389897592390821
UBFC_PHYS_s05_T2_ctrl,10,102,103.4,-1.225361943244934,0.7709006953342596
UBFC_PHYS_s05_T2_ctrl,10,103,103.43333333333334,-1.1022655963897705,1.1256786288630964
UBFC_PHYS_s05_T2_ctrl,10,104,103.46666666666667,-0.9765804409980774,1.3561487576971774
UBFC_PHYS_s05_T2_ctrl,10,105,103.5,-0.9194345474243164,1.4297468703137999
UBFC_PHYS_s05_T2_ctrl,10,106,103.53333333333333,-0.9363386631011963,1.3327893381152094
UBFC_PHYS_s05_T2_ctrl,10,107,103.56666666666666,-0.9809890985488892,1.0735629440648067
UBFC_PHYS_s05_T2_ctrl,10,108,103.6,-1.0490797758102417,0.683236063137709
UBFC_PHYS_s05_T2_ctrl,10,109,103.63333333333334,-1.173060417175293,0.2114644753209422
UBFC_PHYS_s05_T2_ctrl,10,110,103.66666666666667,-1.3473560810089111,-0.2825290967121656
UBFC_PHYS_s05_T2_ctrl,10,111,103.7,-1.46342933177948,-0.7387768762707493
UBFC_PHYS_s05_T2_ctrl,10,112,103.73333333333333,-1.3834199905395508,-1.103289298275131
UBFC_PHYS_s05_T2_ctrl,10,113,103.76666666666667,-1.1272821426391602,-1.3335676701269548
UBFC_PHYS_s05_T2_ctrl,10,114,103.8,-0.9139365553855896,-1.4032501987012915
UBFC_PHYS_s05_T2_ctrl,10,115,103.83333333333333,-0.9026457667350769,-1.305345507119341
UBFC_PHYS_s05_T2_ctrl,10,116,103.86666666666666,-0.9803739786148071,-1.0529822442578838
UBFC_PHYS_s05_T2_ctrl,10,117,103.9,-0.8873308300971985,-0.6762970319806729
UBFC_PHYS_s05_T2_ctrl,10,118,103.93333333333334,-0.5879010558128357,-0.21649418888649224
UBFC_PHYS_s05_T2_ctrl,10,119,103.96666666666667,-0.3967909514904022,0.2796680228965999
UBFC_PHYS_s05_T2_ctrl,10,120,104.0,-0.6258872747421265,0.7633870371110418
UBFC_PHYS_s05_T2_ctrl,10,121,104.03333333333333,-1.1337541341781616,1.1857024434986316
UBFC_PHYS_s05_T2_ctrl,10,122,104.06666666666666,-1.2716784477233887,1.500065530915272
UBFC_PHYS_s05_T2_ctrl,10,123,104.1,-0.4915129840373993,1.6690146908758963
UBFC_PHYS_s05_T2_ctrl,10,124,104.13333333333334,0.9981001019477844,1.673570094929335
UBFC_PHYS_s05_T2_ctrl,10,125,104.16666666666667,2.3511087894439697,1.5193087228780815
UBFC_PHYS_s05_T2_ctrl,10,126,104.2,3.0141375064849854,1.2352709069185268
UBFC_PHYS_s05_T2_ctrl,10,127,104.23333333333333,3.1434621810913086,0.8650181211450714
UBFC_PHYS_s05_T2_ctrl,10,128,104.26666666666667,3.043229341506958,0.45387677547965
UBFC_PHYS_s05_T2_ctrl,10,129,104.3,2.7674193382263184,0.040224195143738824
UBFC_PHYS_s05_T2_ctrl,10,130,104.33333333333333,2.3320133686065674,-0.34681580715062016
UBFC_PHYS_s05_T2_ctrl,10,131,104.36666666666666,1.7680641412734985,-0.6867569795686886
UBFC_PHYS_s05_T2_ctrl,10,132,104.4,1.054925560951233,-0.9665940762891609
UBFC_PHYS_s05_T2_ctrl,10,133,104.43333333333334,0.3266002833843231,-1.1796513158588045
UBFC_PHYS_s05_T2_ctrl,10,134,104.46666666666667,-0.09774566441774368,-1.3243156875471283
UBFC_PHYS_s05_T2_ctrl,10,135,104.5,-0.12107053399085999,-1.4019922431858127
UBFC_PHYS_s05_T2_ctrl,10,136,104.53333333333333,-0.03411491960287094,-1.4145654395113416
UBFC_PHYS_s05_T2_ctrl,10,137,104.56666666666666,-0.09104297310113907,-1.36261699394637
UBFC_PHYS_s05_T2_ctrl,10,138,104.6,-0.23345281183719635,-1.2453966357599677
UBFC_PHYS_s05_T2_ctrl,10,139,104.63333333333334,-0.34780871868133545,-1.0630484370628401
UBFC_PHYS_s05_T2_ctrl,10,140,104.66666666666667,-0.4557567238807678,-0.8198931864526523
UBFC_PHYS_s05_T2_ctrl,10,141,104.7,-0.5973976254463196,-0.5261433359811368
UBFC_PHYS_s05_T2_ctrl,10,142,104.73333333333333,-0.7367316484451294,-0.19737137420322526
UBFC_PHYS_s05_T2_ctrl,10,143,104.76666666666667,-0.8601483702659607,0.1468763703481296
UBFC_PHYS_s05_T2_ctrl,10,144,104.8,-1.0149767398834229,0.4844546383639138
UBFC_PHYS_s05_T2_ctrl,10,145,104.83333333333333,-1.2202228307724,0.7918756711909978
UBFC_PHYS_s05_T2_ctrl,10,146,104.86666666666666,-1.465479850769043,1.0462181657113492
UBFC_PHYS_s05_T2_ctrl,10,147,104.9,-1.7453269958496094,1.2290349941509497
UBFC_PHYS_s05_T2_ctrl,10,148,104.93333333333334,-2.0242257118225098,1.3304509192541956
UBFC_PHYS_s05_T2_ctrl,10,149,104.96666666666667,-2.2437357902526855,1.3489043846896696
UBFC_PHYS_s05_T2_ctrl,10,150,105.0,-2.365832567214966,1.286903853590263
UBFC_PHYS_s05_T2_ctrl,10,151,105.03333333333333,-2.3516454696655273,1.1479889614077394
UBFC_PHYS_s05_T2_ctrl,10,152,105.06666666666666,-2.160048246383667,0.9373404371564006
UBFC_PHYS_s05_T2_ctrl,10,153,105.1,-1.7631282806396484,0.6650818414815801
UBFC_PHYS_s05_T2_ctrl,10,154,105.13333333333334,-1.1569124460220337,0.3493760839532472
UBFC_PHYS_s05_T2_ctrl,10,155,105.16666666666667,-0.37008270621299744,0.015260577362876173
UBFC_PHYS_s05_T2_ctrl,10,156,105.2,0.5102003216743469,-0.3104156931430344
UBFC_PHYS_s05_T2_ctrl,10,157,105.23333333333333,1.3426417112350464,-0.6032524531713325
UBFC_PHYS_s05_T2_ctrl,10,158,105.26666666666667,1.9965324401855469,-0.8426024901347611
UBFC_PHYS_s05_T2_ctrl,10,159,105.3,2.467374324798584,-1.0108355902077955
UBFC_PHYS_s05_T2_ctrl,10,160,105.33333333333333,2.8517603874206543,-1.0922140527354927
UBFC_PHYS_s05_T2_ctrl,10,161,105.36666666666666,3.194700002670288,-1.0732842972940138
UBFC_PHYS_s05_T2_ctrl,10,162,105.4,3.481313943862915,-0.945680701908563
UBFC_PHYS_s05_T2_ctrl,10,163,105.43333333333334,3.7087442874908447,-0.7109294346623871
UBFC_PHYS_s05_T2_ctrl,10,164,105.46666666666667,3.8511669635772705,-0.3854397753813465
UBFC_PHYS_s05_T2_ctrl,10,165,105.5,3.869403839111328,-0.002818134736003319
UBFC_PHYS_s05_T2_ctrl,10,166,105.53333333333333,3.8108224868774414,0.38858575397632067
UBFC_PHYS_s05_T2_ctrl,10,167,105.56666666666666,3.7388486862182617,0.7336713521083463
UBFC_PHYS_s05_T2_ctrl,10,168,105.6,3.624069929122925,0.9820881639671936
UBFC_PHYS_s05_T2_ctrl,10,169,105.63333333333334,3.4478261470794678,1.0987160584799212
UBFC_PHYS_s05_T2_ctrl,10,170,105.66666666666667,3.185741901397705,1.0699012141722122
UBFC_PHYS_s05_T2_ctrl,10,171,105.7,2.6867563724517822,0.9040943773785944
UBFC_PHYS_s05_T2_ctrl,10,172,105.73333333333333,1.8749483823776245,0.6273624898874693
UBFC_PHYS_s05_T2_ctrl,10,173,105.76666666666667,1.0281660556793213,0.27589638380188464
UBFC_PHYS_s05_T2_ctrl,10,174,105.8,0.5446493029594421,-0.11159785126166011
UBFC_PHYS_s05_T2_ctrl,10,175,105.83333333333333,0.4257822334766388,-0.49855489367836175
UBFC_PHYS_s05_T2_ctrl,10,176,105.86666666666666,0.29826441407203674,-0.8519649439854374
UBFC_PHYS_s05_T2_ctrl,10,177,105.9,-0.1665540188550949,-1.142929419695536
UBFC_PHYS_s05_T2_ctrl,10,178,105.93333333333334,-0.9510512948036194,-1.3477689913378967
UBFC_PHYS_s05_T2_ctrl,10,179,105.96666666666667,-1.7588093280792236,-1.4496685524678612
UBFC_PHYS_s05_T2_ctrl,10,180,106.0,-2.289898633956909,-1.440202201619949
UBFC_PHYS_s05_T2_ctrl,10,181,106.03333333333333,-2.4296555519104004,-1.3196043156587018
UBFC_PHYS_s05_T2_ctrl,10,182,106.06666666666666,-2.2865278720855713,-1.0959831493833165
UBFC_PHYS_s05_T2_ctrl,10,183,106.1,-2.028839588165283,-0.7849351063189106
UBFC_PHYS_s05_T2_ctrl,10,184,106.13333333333334,-1.802178144454956,-0.4093645805269231
UBFC_PHYS_s05_T2_ctrl,10,185,106.16666666666667,-1.6900522708892822,0.00226234701025924
UBFC_PHYS_s05_T2_ctrl,10,186,106.2,-1.6936534643173218,0.4192537950608917
UBFC_PHYS_s05_T2_ctrl,10,187,106.23333333333333,-1.7680623531341553,0.8118175236745733
UBFC_PHYS_s05_T2_ctrl,10,188,106.26666666666667,-1.8731908798217773,1.153049658974211
UBFC_PHYS_s05_T2_ctrl,10,189,106.3,-1.957442283630371,1.419911857054102
UBFC_PHYS_s05_T2_ctrl,10,190,106.33333333333333,-1.9682204723358154,1.5939397831424773
UBFC_PHYS_s05_T2_ctrl,10,191,106.36666666666666,-1.91889226436615,1.6627752575561412
UBFC_PHYS_s05_T2_ctrl,10,192,106.4,-1.887313961982727,1.6221595678121337
UBFC_PHYS_s05_T2_ctrl,10,193,106.43333333333334,-1.9203275442123413,1.476631276981247
UBFC_PHYS_s05_T2_ctrl,10,194,106.46666666666667,-1.9605822563171387,1.238709254345345
UBFC_PHYS_s05_T2_ctrl,10,195,106.5,-1.8944652080535889,0.9279181818595295
UBFC_PHYS_s05_T2_ctrl,10,196,106.53333333333333,-1.6889115571975708,0.5698269308401135
UBFC_PHYS_s05_T2_ctrl,10,197,106.56666666666666,-1.4548426866531372,0.19406230213405656
UBFC_PHYS_s05_T2_ctrl,10,198,106.6,-1.30767822265625,-0.16897022333642553
UBFC_PHYS_s05_T2_ctrl,10,199,106.63333333333334,-1.2689359188079834,-0.49199126703217205
UBFC_PHYS_s05_T2_ctrl,10,200,106.66666666666667,-1.281162142753601,-0.7543122455510726
UBFC_PHYS_s05_T2_ctrl,10,201,106.7,-1.2681156396865845,-0.9435756158577872
UBFC_PHYS_s05_T2_ctrl,10,202,106.73333333333333,-1.1935145854949951,-1.055455456257824
UBFC_PHYS_s05_T2_ctrl,10,203,106.76666666666667,-1.120579481124878,-1.0920069008836069
UBFC_PHYS_s05_T2_ctrl,10,204,106.8,-1.1524653434753418,-1.0595798840622914
UBFC_PHYS_s05_T2_ctrl,10,205,106.83333333333333,-1.2042030096054077,-0.9672283806249596
UBFC_PHYS_s05_T2_ctrl,10,206,106.86666666666666,-0.9502567052841187,-0.8258818887348199
UBFC_PHYS_s05_T2_ctrl,10,207,106.9,-0.06101541221141815,-0.6478699609236471
UBFC_PHYS_s05_T2_ctrl,10,208,106.93333333333334,1.466647982597351,-0.4466437553562222
UBFC_PHYS_s05_T2_ctrl,10,209,106.96666666666667,3.1478710174560547,-0.23685280415227475
UBFC_PHYS_s05_T2_ctrl,10,210,107.0,4.289059162139893,-0.03439344342111856
UBFC_PHYS_s05_T2_ctrl,10,211,107.03333333333333,4.512119293212891,0.14439279738060198
UBFC_PHYS_s05_T2_ctrl,10,212,107.06666666666666,4.016055583953857,0.28451327589273734
UBFC_PHYS_s05_T2_ctrl,10,213,107.1,3.1584696769714355,0.37450373657552444
UBFC_PHYS_s05_T2_ctrl,10,214,107.13333333333334,2.190526247024536,0.408577780151023
UBFC_PHYS_s05_T2_ctrl,10,215,107.16666666666667,1.1766635179519653,0.3885587066236989
UBFC_PHYS_s05_T2_ctrl,10,216,107.2,0.1181887611746788,0.32426848317299956
UBFC_PHYS_s05_T2_ctrl,10,217,107.23333333333333,-0.8553680777549744,0.2302542396438926
UBFC_PHYS_s05_T2_ctrl,10,218,107.26666666666667,-1.447166085243225,0.11999424485896369
UBFC_PHYS_s05_T2_ctrl,10,219,107.3,-1.492264986038208,0.0017736155059804373
UBFC_PHYS_s05_T2_ctrl,10,220,107.33333333333333,-1.2328463792800903,-0.121455559975079
UBFC_PHYS_s05_T2_ctrl,10,221,107.36666666666666,-1.01195228099823,-0.24835589336593591
UBFC_PHYS_s05_T2_ctrl,10,222,107.4,-0.8969427347183228,-0.37367781200711964
UBFC_PHYS_s05_T2_ctrl,10,223,107.43333333333334,-0.8111533522605896,-0.48442472834334305
UBFC_PHYS_s05_T2_ctrl,10,224,107.46666666666667,-0.7526105046272278,-0.5598932567829092
UBFC_PHYS_s05_T2_ctrl,10,225,107.5,-0.7127788066864014,-0.575947844592256
UBFC_PHYS_s05_T2_ctrl,10,226,107.53333333333333,-0.6705377101898193,-0.5119790790291507
UBFC_PHYS_s05_T2_ctrl,10,227,107.56666666666666,-0.6644886136054993,-0.35739732060677937
UBFC_PHYS_s05_T2_ctrl,10,228,107.6,-0.6992837190628052,-0.11603777179290034
UBFC_PHYS_s05_T2_ctrl,10,229,107.63333333333334,-0.7252998948097229,0.19141352833971653
UBFC_PHYS_s05_T2_ctrl,10,230,107.66666666666667,-0.7116253972053528,0.5280180081782379
UBFC_PHYS_s05_T2_ctrl,10,231,107.7,-0.6662956476211548,0.8461986877481346
UBFC_PHYS_s05_T2_ctrl,10,232,107.73333333333333,-0.5960903763771057,1.0977083543213442
UBFC_PHYS_s05_T2_ctrl,10,233,107.76666666666667,-0.48803988099098206,1.2445948118907237
UBFC_PHYS_s05_T2_ctrl,10,234,107.8,-0.3578307330608368,1.267770343018908
UBFC_PHYS_s05_T2_ctrl,10,235,107.83333333333333,-0.23698998987674713,1.1703470829494274
UBFC_PHYS_s05_T2_ctrl,10,236,107.86666666666666,-0.12104489654302597,0.9745724095019942
UBFC_PHYS_s05_T2_ctrl,10,237,107.9,-0.025682084262371063,0.7131035077503676
UBFC_PHYS_s05_T2_ctrl,10,238,107.93333333333334,-0.03311528265476227,0.41860146110012747
UBFC_PHYS_s05_T2_ctrl,10,239,107.96666666666667,-0.19081443548202515,0.11799097869842619
UBFC_PHYS_s05_T2_ctrl,10,240,108.0,-0.3863588273525238,-0.16751286449835118
UBFC_PHYS_s05_T2_ctrl,10,241,108.03333333333333,-0.3951120674610138,-0.42084651763524294
UBFC_PHYS_s05_T2_ctrl,10,242,108.06666666666666,-0.14224232733249664,-0.6288529035417871
UBFC_PHYS_s05_T2_ctrl,10,243,108.1,0.2245347648859024,-0.7839639255111203
UBFC_PHYS_s05_T2_ctrl,10,244,108.13333333333334,0.5309619903564453,-0.8860017321373195
UBFC_PHYS_s05_T2_ctrl,10,245,108.16666666666667,0.7459864616394043,-0.9403980065855123
UBFC_PHYS_s05_T2_ctrl,10,246,108.2,0.8999049663543701,-0.9533723689102449
UBFC_PHYS_s05_T2_ctrl,10,247,108.23333333333333,0.9761080741882324,-0.928768706044906
UBFC_PHYS_s05_T2_ctrl,10,248,108.26666666666667,0.9706100821495056,-0.8681727189162886
UBFC_PHYS_s05_T2_ctrl,10,249,108.3,0.9507326483726501,-0.7724798842237474
UBFC_PHYS_s05_T2_ctrl,10,250,108.33333333333333,0.946298360824585,-0.6435959839100003
UBFC_PHYS_s05_T2_ctrl,10,251,108.36666666666666,0.9143868684768677,-0.4858165716820315
UBFC_PHYS_s05_T2_ctrl,10,252,108.4,0.8316989541053772,-0.3063231060420324
UBFC_PHYS_s05_T2_ctrl,10,253,108.43333333333334,0.7184964418411255,-0.11423344696894987
UBFC_PHYS_s05_T2_ctrl,10,254,108.46666666666667,0.5989885926246643,0.08125912376973321
UBFC_PHYS_s05_T2_ctrl,10,255,108.5,0.48351767659187317,0.2721611703181624
UBFC_PHYS_s05_T2_ctrl,10,256,108.53333333333333,0.36749568581581116,0.45132471788457007
UBFC_PHYS_s05_T2_ctrl,10,257,108.56666666666666,0.2503587305545807,0.6101624864089001
UBFC_PHYS_s05_T2_ctrl,10,258,108.6,0.1404499113559723,0.7360336374771587
UBFC_PHYS_s05_T2_ctrl,10,259,108.63333333333334,0.03242502734065056,0.8124028287370235
UBFC_PHYS_s05_T2_ctrl,10,260,108.66666666666667,-0.08095689117908478,0.8225192746007921
UBFC_PHYS_s05_T2_ctrl,10,261,108.7,-0.19785034656524658,0.7547645066622147
UBFC_PHYS_s05_T2_ctrl,10,262,108.73333333333333,-0.3310840427875519,0.6075524565975771
UBFC_PHYS_s05_T2_ctrl,10,263,108.76666666666667,-0.441877156496048,0.3918334998993819
UBFC_PHYS_s05_T2_ctrl,10,264,108.8,-0.40396782755851746,0.13024348939250438
UBFC_PHYS_s05_T2_ctrl,10,265,108.83333333333333,-0.1975812166929245,-0.1468891567582319
UBFC_PHYS_s05_T2_ctrl,10,266,108.86666666666666,0.019455375149846077,-0.40678712677485757
UBFC_PHYS_s05_T2_ctrl,10,267,108.9,0.12583982944488525,-0.6175937111442706
UBFC_PHYS_s05_T2_ctrl,10,268,108.93333333333334,0.16205744445323944,-0.7499938718075925
UBFC_PHYS_s05_T2_ctrl,10,269,108.96666666666667,0.204311341047287,-0.7802802197857973
UBFC_PHYS_s05_T2_ctrl,10,270,109.0,0.2657121419906616,-0.6955203784980282
UBFC_PHYS_s05_T2_ctrl,10,271,109.03333333333333,0.3283432424068451,-0.4985955057330923
UBFC_PHYS_s05_T2_ctrl,10,272,109.06666666666666,0.36661139130592346,-0.21064204175506296
UBFC_PHYS_s05_T2_ctrl,10,273,109.1,0.34875890612602234,0.13124450059193177
UBFC_PHYS_s05_T2_ctrl,10,274,109.13333333333334,0.2661350667476654,0.4806324098697691
UBFC_PHYS_s05_T2_ctrl,10,275,109.16666666666667,0.14280803501605988,0.7897804043976351
UBFC_PHYS_s05_T2_ctrl,10,276,109.2,0.006767673883587122,1.0166204863261195
UBFC_PHYS_s05_T2_ctrl,10,277,109.23333333333333,-0.13606508076190948,1.1291648045923584
UBFC_PHYS_s05_T2_ctrl,10,278,109.26666666666667,-0.31071963906288147,1.1082661077446476
UBFC_PHYS_s05_T2_ctrl,10,279,109.3,-0.5351894497871399,0.9516246308803794
UBFC_PHYS_s05_T2_ctrl,10,280,109.33333333333333,-0.7571216821670532,0.6775748399165368
UBFC_PHYS_s05_T2_ctrl,10,281,109.36666666666666,-0.9014795422554016,0.32312236713885734
UBFC_PHYS_s05_T2_ctrl,10,282,109.4,-0.9751835465431213,-0.06427829763354422
UBFC_PHYS_s05_T2_ctrl,10,283,109.43333333333334,-1.0446326732635498,-0.43643832873466476
UBFC_PHYS_s05_T2_ctrl,10,284,109.46666666666667,-1.136817216873169,-0.7521171163237231
UBFC_PHYS_s05_T2_ctrl,10,285,109.5,-1.204907774925232,-0.9810978051104826
UBFC_PHYS_s05_T2_ctrl,10,286,109.53333333333333,-1.1406490802764893,-1.1050008963611189
UBFC_PHYS_s05_T2_ctrl,10,287,109.56666666666666,-0.8988394737243652,-1.1168160051258007
UBFC_PHYS_s05_T2_ctrl,10,288,109.6,-0.620812177658081,-1.0203707112621152
UBFC_PHYS_s05_T2_ctrl,10,289,109.63333333333334,-0.5013555288314819,-0.82983921111697
UBFC_PHYS_s05_T2_ctrl,10,290,109.66666666666667,-0.5399569272994995,-0.5690828910623865
UBFC_PHYS_s05_T2_ctrl,10,291,109.7,-0.6124306321144104,-0.2703951189002439
UBFC_PHYS_s05_T2_ctrl,10,292,109.73333333333333,-0.6679617166519165,0.028329089200323353
UBFC_PHYS_s05_T2_ctrl,10,293,109.76666666666667,-0.7048201560974121,0.28916691701697905
UBFC_PHYS_s05_T2_ctrl,10,294,109.8,-0.7266583442687988,0.48141636835075713
UBFC_PHYS_s05_T2_ctrl,10,295,109.83333333333333,-0.7543022036552429,0.5873149906664102
UBFC_PHYS_s05_T2_ctrl,10,296,109.86666666666666,-0.7119585871696472,0.6042472079486988
UBFC_PHYS_s05_T2_ctrl,10,297,109.9,-0.4329572916030884,0.5430699141915795
UBFC_PHYS_s05_T2_ctrl,10,298,109.93333333333334,0.07041123509407043,0.4237955274277005
UBFC_PHYS_s05_T2_ctrl,10,299,109.96666666666667,0.5076755881309509,0.2711615896133099
UBFC_PHYS_s05_T2_ctrl,11,0,110.0,0.6501879096031189,-0.03198734176775978
UBFC_PHYS_s05_T2_ctrl,11,1,110.03333333333333,0.574881911277771,-0.07733018178715267
UBFC_PHYS_s05_T2_ctrl,11,2,110.06666666666666,0.42974233627319336,-0.12195296125962747
UBFC_PHYS_s05_T2_ctrl,11,3,110.1,0.22841797769069672,-0.16383341035221555
UBFC_PHYS_s05_T2_ctrl,11,4,110.13333333333334,0.0012184062507003546,-0.1986320041454542
UBFC_PHYS_s05_T2_ctrl,11,5,110.16666666666667,-0.20565520226955414,-0.2197336018290722
UBFC_PHYS_s05_T2_ctrl,11,6,110.2,-0.39789310097694397,-0.21925392111675027
UBFC_PHYS_s05_T2_ctrl,11,7,110.23333333333333,-0.522296667098999,-0.19015163855219114
UBFC_PHYS_s05_T2_ctrl,11,8,110.26666666666667,-0.486758291721344,-0.12919014232846018
UBFC_PHYS_s05_T2_ctrl,11,9,110.3,-0.3406062126159668,-0.04007366543235775
UBFC_PHYS_s05_T2_ctrl,11,10,110.33333333333333,-0.21994489431381226,0.06503609314392228
UBFC_PHYS_s05_T2_ctrl,11,11,110.36666666666666,-0.17729370296001434,0.16810513863047521
UBFC_PHYS_s05_T2_ctrl,11,12,110.4,-0.17570453882217407,0.2511659321283952
UBFC_PHYS_s05_T2_ctrl,11,13,110.43333333333334,-0.1760633885860443,0.30175379579272593
UBFC_PHYS_s05_T2_ctrl,11,14,110.46666666666667,-0.17597368359565735,0.31530622460702373
UBFC_PHYS_s05_T2_ctrl,11,15,110.5,-0.1752816140651703,0.2938828546072154
UBFC_PHYS_s05_T2_ctrl,11,16,110.53333333333333,-0.1521489918231964,0.24295732402729425
UBFC_PHYS_s05_T2_ctrl,11,17,110.56666666666666,-0.10813932865858078,0.16991565353128468
UBFC_PHYS_s05_T2_ctrl,11,18,110.6,-0.07308795303106308,0.08462736800393447
UBFC_PHYS_s05_T2_ctrl,11,19,110.63333333333334,-0.0591571107506752,-0.000858748717068771
UBFC_PHYS_s05_T2_ctrl,11,20,110.66666666666667,-0.05558148771524429,-0.07439222831715833
UBFC_PHYS_s05_T2_ctrl,11,21,110.7,-0.07035817205905914,-0.126115449612126
UBFC_PHYS_s05_T2_ctrl,11,22,110.73333333333333,-0.13811562955379486,-0.15024614467667216
UBFC_PHYS_s05_T2_ctrl,11,23,110.76666666666667,-0.2626345157623291,-0.14604196191903207
UBFC_PHYS_s05_T2_ctrl,11,24,110.8,-0.3976624310016632,-0.11792717325796172
UBFC_PHYS_s05_T2_ctrl,11,25,110.83333333333333,-0.5296401381492615,-0.07490735735267376
UBFC_PHYS_s05_T2_ctrl,11,26,110.86666666666666,-0.6849042773246765,-0.029256436760023142
UBFC_PHYS_s05_T2_ctrl,11,27,110.9,-0.8308128714561462,0.005650497617258948
UBFC_PHYS_s05_T2_ctrl,11,28,110.93333333333334,-0.8618272542953491,0.0182585501892207
UBFC_PHYS_s05_T2_ctrl,11,29,110.96666666666667,-0.7004114985466003,0.00211205704168204
UBFC_PHYS_s05_T2_ctrl,11,30,111.0,-0.3648281991481781,-0.04175153075039351
UBFC_PHYS_s05_T2_ctrl,11,31,111.03333333333333,0.03756418451666832,-0.10513167666245746
UBFC_PHYS_s05_T2_ctrl,11,32,111.06666666666666,0.37031519412994385,-0.17572838109690989
UBFC_PHYS_s05_T2_ctrl,11,33,111.1,0.5760610103607178,-0.24109857519247532
UBFC_PHYS_s05_T2_ctrl,11,34,111.13333333333334,0.6849061250686646,-0.29140848293801985
UBFC_PHYS_s05_T2_ctrl,11,35,111.16666666666667,0.7296462655067444,-0.319129328967873
UBFC_PHYS_s05_T2_ctrl,11,36,111.2,0.7296975255012512,-0.31682887846241525
UBFC_PHYS_s05_T2_ctrl,11,37,111.23333333333333,0.7504079341888428,-0.27686245083309297
UBFC_PHYS_s05_T2_ctrl,11,38,111.26666666666667,0.8478084802627563,-0.1938163585930029
UBFC_PHYS_s05_T2_ctrl,11,39,111.3,0.9710714221000671,-0.06735038741636566
UBFC_PHYS_s05_T2_ctrl,11,40,111.33333333333333,1.050683617591858,0.09582624415423897
UBFC_PHYS_s05_T2_ctrl,11,41,111.36666666666666,1.066241979598999,0.28074935273852636
UBFC_PHYS_s05_T2_ctrl,11,42,111.4,0.9703794121742249,0.46423897011713944
UBFC_PHYS_s05_T2_ctrl,11,43,111.43333333333334,0.7075901627540588,0.6171481525336217
UBFC_PHYS_s05_T2_ctrl,11,44,111.46666666666667,0.32740768790245056,0.7091480370965851
UBFC_PHYS_s05_T2_ctrl,11,45,111.5,-0.02533605694770813,0.7155358133336858
UBFC_PHYS_s05_T2_ctrl,11,46,111.53333333333333,-0.19850395619869232,0.6238779373216372
UBFC_PHYS_s05_T2_ctrl,11,47,111.56666666666666,-0.12544074654579163,0.437023632066776
UBFC_PHYS_s05_T2_ctrl,11,48,111.6,0.11622793227434158,0.17175818205298787
UBFC_PHYS_s05_T2_ctrl,11,49,111.63333333333334,0.35189878940582275,-0.14480438349931588
UBFC_PHYS_s05_T2_ctrl,11,50,111.66666666666667,0.48037779331207275,-0.4790634904214968
UBFC_PHYS_s05_T2_ctrl,11,51,111.7,0.5169286131858826,-0.7935584924487994
UBFC_PHYS_s05_T2_ctrl,11,52,111.73333333333333,0.48737525939941406,-1.0486512320877128
UBFC_PHYS_s05_T2_ctrl,11,53,111.76666666666667,0.3908974528312683,-1.205070664061551
UBFC_PHYS_s05_T2_ctrl,11,54,111.8,0.2364150732755661,-1.2290869731714034
UBFC_PHYS_s05_T2_ctrl,11,55,111.83333333333333,0.04906001314520836,-1.1013666650417169
UBFC_PHYS_s05_T2_ctrl,11,56,111.86666666666666,-0.16083814203739166,-0.8260135504247706
UBFC_PHYS_s05_T2_ctrl,11,57,111.9,-0.3842826783657074,-0.43248005133509637
UBFC_PHYS_s05_T2_ctrl,11,58,111.93333333333334,-0.5472363233566284,0.03101947055839843
UBFC_PHYS_s05_T2_ctrl,11,59,111.96666666666667,-0.5682543516159058,0.5076673939687271
UBFC_PHYS_s05_T2_ctrl,11,60,112.0,-0.4945887625217438,0.9415045577079365
UBFC_PHYS_s05_T2_ctrl,11,61,112.03333333333333,-0.43575116991996765,1.2835155355348993
UBFC_PHYS_s05_T2_ctrl,11,62,112.06666666666666,-0.4264340400695801,1.495255323941592
UBFC_PHYS_s05_T2_ctrl,11,63,112.1,-0.49974074959754944,1.5539612907994669
UBFC_PHYS_s05_T2_ctrl,11,64,112.13333333333334,-0.6855450868606567,1.4586220489975186
UBFC_PHYS_s05_T2_ctrl,11,65,112.16666666666667,-0.8949562311172485,1.2319473120842839
UBFC_PHYS_s05_T2_ctrl,11,66,112.2,-0.9769136905670166,0.9157187667551335
UBFC_PHYS_s05_T2_ctrl,11,67,112.23333333333333,-0.8621732592582703,0.5602752893776909
UBFC_PHYS_s05_T2_ctrl,11,68,112.26666666666667,-0.6044463515281677,0.21191641658767277
UBFC_PHYS_s05_T2_ctrl,11,69,112.3,-0.3169609606266022,-0.09570124698204958
UBFC_PHYS_s05_T2_ctrl,11,70,112.33333333333333,-0.058272816240787506,-0.3441165400763267
UBFC_PHYS_s05_T2_ctrl,11,71,112.36666666666666,0.1671966165304184,-0.5287959081725163
UBFC_PHYS_s05_T2_ctrl,11,72,112.4,0.330265611410141,-0.6558882403926313
UBFC_PHYS_s05_T2_ctrl,11,73,112.43333333333334,0.4028033912181854,-0.7379350544137023
UBFC_PHYS_s05_T2_ctrl,11,74,112.46666666666667,0.4162984788417816,-0.7896356318859217
UBFC_PHYS_s05_T2_ctrl,11,75,112.5,0.39854851365089417,-0.8247942414290211
UBFC_PHYS_s05_T2_ctrl,11,76,112.53333333333333,0.3389035165309906,-0.8541668177981714
UBFC_PHYS_s05_T2_ctrl,11,77,112.56666666666666,0.2689673602581024,-0.8827561396242892
UBFC_PHYS_s05_T2_ctrl,11,78,112.6,0.21396169066429138,-0.9070827081521444
UBFC_PHYS_s05_T2_ctrl,11,79,112.63333333333334,0.11093498766422272,-0.9148934805482545
UBFC_PHYS_s05_T2_ctrl,11,80,112.66666666666667,-0.11216350644826889,-0.8882219438482756
UBFC_PHYS_s05_T2_ctrl,11,81,112.7,-0.4229224920272827,-0.8088781502612351
UBFC_PHYS_s05_T2_ctrl,11,82,112.73333333333333,-0.7222625613212585,-0.6647215173925285
UBFC_PHYS_s05_T2_ctrl,11,83,112.76666666666667,-0.9348520040512085,-0.45461461448782664
UBFC_PHYS_s05_T2_ctrl,11,84,112.8,-1.0570000410079956,-0.19009297159115598
UBFC_PHYS_s05_T2_ctrl,11,85,112.83333333333333,-1.1540288925170898,0.1076751499860595
UBFC_PHYS_s05_T2_ctrl,11,86,112.86666666666666,-1.269999623298645,0.41394272043388863
UBFC_PHYS_s05_T2_ctrl,11,87,112.9,-1.3508163690567017,0.7050433648410737
UBFC_PHYS_s05_T2_ctrl,11,88,112.93333333333334,-1.316341757774353,0.9593295618771933
UBFC_PHYS_s05_T2_ctrl,11,89,112.96666666666667,-1.1238218545913696,1.1546978449671392
UBFC_PHYS_s05_T2_ctrl,11,90,113.0,-0.6764458417892456,1.2666617214623246
UBFC_PHYS_s05_T2_ctrl,11,91,113.03333333333333,0.22518837451934814,1.2734240316120164
UBFC_PHYS_s05_T2_ctrl,11,92,113.06666666666666,1.653028964996338,1.1665014936885931
UBFC_PHYS_s05_T2_ctrl,11,93,113.1,3.3418262004852295,0.9577894836779665
UBFC_PHYS_s05_T2_ctrl,11,94,113.13333333333334,4.743625164031982,0.6781118580318183
UBFC_PHYS_s05_T2_ctrl,11,95,113.16666666666667,5.468118190765381,0.367736208951853
UBFC_PHYS_s05_T2_ctrl,11,96,113.2,5.486701488494873,0.06392075373994689
UBFC_PHYS_s05_T2_ctrl,11,97,113.23333333333333,4.927762985229492,-0.2060679544375867
UBFC_PHYS_s05_T2_ctrl,11,98,113.26666666666667,3.992602825164795,-0.4247257387647227
UBFC_PHYS_s05_T2_ctrl,11,99,113.3,2.879955291748047,-0.5820708140388218
UBFC_PHYS_s05_T2_ctrl,11,100,113.33333333333333,1.6408538818359375,-0.6740070886749248
UBFC_PHYS_s05_T2_ctrl,11,101,113.36666666666666,0.4373421370983124,-0.7005911650210834
UBFC_PHYS_s05_T2_ctrl,11,102,113.4,-0.39374077320098877,-0.6642507552491247
UBFC_PHYS_s05_T2_ctrl,11,103,113.43333333333334,-0.7432933449745178,-0.5688387996820582
UBFC_PHYS_s05_T2_ctrl,11,104,113.46666666666667,-0.8091284036636353,-0.42029686199268923
UBFC_PHYS_s05_T2_ctrl,11,105,113.5,-0.7992858290672302,-0.2293778672300319
UBFC_PHYS_s05_T2_ctrl,11,106,113.53333333333333,-0.798427164554596,-0.014760334103075829
UBFC_PHYS_s05_T2_ctrl,11,107,113.56666666666666,-0.7705270648002625,0.1968371038482584
UBFC_PHYS_s05_T2_ctrl,11,108,113.6,-0.6379982233047485,0.3745740552900677
UBFC_PHYS_s05_T2_ctrl,11,109,113.63333333333334,-0.4132208824157715,0.48980402972742476
UBFC_PHYS_s05_T2_ctrl,11,110,113.66666666666667,-0.21840699017047882,0.5224183161803394
UBFC_PHYS_s05_T2_ctrl,11,111,113.7,-0.13602663576602936,0.4646019774613254
UBFC_PHYS_s05_T2_ctrl,11,112,113.73333333333333,-0.08303305506706238,0.32087655733864573
UBFC_PHYS_s05_T2_ctrl,11,113,113.76666666666667,0.0549168586730957,0.10499234256074401
UBFC_PHYS_s05_T2_ctrl,11,114,113.8,0.22745679318904877,-0.1640420284267865
UBFC_PHYS_s05_T2_ctrl,11,115,113.83333333333333,0.3292787969112396,-0.4633783177675113
UBFC_PHYS_s05_T2_ctrl,11,116,113.86666666666666,0.34192803502082825,-0.7651517216012809
UBFC_PHYS_s05_T2_ctrl,11,117,113.9,0.2897418737411499,-1.0359972759172673
UBFC_PHYS_s05_T2_ctrl,11,118,113.93333333333334,0.18133249878883362,-1.2392013631237606
UBFC_PHYS_s05_T2_ctrl,11,119,113.96666666666667,0.02026277408003807,-1.3395012431223083
UBFC_PHYS_s05_T2_ctrl,11,120,114.0,-0.16182497143745422,-1.3096300659296742
UBFC_PHYS_s05_T2_ctrl,11,121,114.03333333333333,-0.2791413366794586,-1.1368790478740063
UBFC_PHYS_s05_T2_ctrl,11,122,114.06666666666666,-0.2491009682416916,-0.827563058591714
UBFC_PHYS_s05_T2_ctrl,11,123,114.1,-0.09904006868600845,-0.40727263184185214
UBFC_PHYS_s05_T2_ctrl,11,124,114.13333333333334,0.025824857875704765,0.08314129010631034
UBFC_PHYS_s05_T2_ctrl,11,125,114.16666666666667,0.03207899630069733,0.59384329195397
UBFC_PHYS_s05_T2_ctrl,11,126,114.2,-0.019799605011940002,1.072469812368225
UBFC_PHYS_s05_T2_ctrl,11,127,114.23333333333333,-0.045482587069272995,1.4690155285485047
UBFC_PHYS_s05_T2_ctrl,11,128,114.26666666666667,-0.04804576188325882,1.7398156344410134
UBFC_PHYS_s05_T2_ctrl,11,129,114.3,-0.04505966603755951,1.8532821800852843
UBFC_PHYS_s05_T2_ctrl,11,130,114.33333333333333,-0.017069825902581215,1.7967453287079902
UBFC_PHYS_s05_T2_ctrl,11,131,114.36666666666666,0.04702229052782059,1.5804005752127177
UBFC_PHYS_s05_T2_ctrl,11,132,114.4,0.13964250683784485,1.2361145108119074
UBFC_PHYS_s05_T2_ctrl,11,133,114.43333333333334,0.23651759326457977,0.8111436030148471
UBFC_PHYS_s05_T2_ctrl,11,134,114.46666666666667,0.293176531791687,0.35861751849220436
UBFC_PHYS_s05_T2_ctrl,11,135,114.5,0.31627070903778076,-0.07187935680459688
UBFC_PHYS_s05_T2_ctrl,11,136,114.53333333333333,0.4173109531402588,-0.4408214376531757
UBFC_PHYS_s05_T2_ctrl,11,137,114.56666666666666,0.660235583782196,-0.7205605630804804
UBFC_PHYS_s05_T2_ctrl,11,138,114.6,0.9407747387886047,-0.8943908358717634
UBFC_PHYS_s05_T2_ctrl,11,139,114.63333333333334,1.1093930006027222,-0.9578332006879332
UBFC_PHYS_s05_T2_ctrl,11,140,114.66666666666667,1.1175823211669922,-0.9214571950691798
UBFC_PHYS_s05_T2_ctrl,11,141,114.7,0.994370698928833,-0.8090807915446813
UBFC_PHYS_s05_T2_ctrl,11,142,114.73333333333333,0.7791283130645752,-0.650453864718435
UBFC_PHYS_s05_T2_ctrl,11,143,114.76666666666667,0.5081369280815125,-0.47317989708245706
UBFC_PHYS_s05_T2_ctrl,11,144,114.8,0.2328394502401352,-0.29776924913909
UBFC_PHYS_s05_T2_ctrl,11,145,114.83333333333333,0.0026025190018117428,-0.13795526714905257
UBFC_PHYS_s05_T2_ctrl,11,146,114.86666666666666,-0.168335422873497,-0.00415724248185463
UBFC_PHYS_s05_T2_ctrl,11,147,114.9,-0.2838960289955139,0.09561152902009055
UBFC_PHYS_s05_T2_ctrl,11,148,114.93333333333334,-0.3325706720352173,0.1581251800478121
UBFC_PHYS_s05_T2_ctrl,11,149,114.96666666666667,-0.32393279671669006,0.18620454701936498
UBFC_PHYS_s05_T2_ctrl,11,150,115.0,-0.3184988498687744,0.1872146352431591
UBFC_PHYS_s05_T2_ctrl,11,151,115.03333333333333,-0.36358505487442017,0.17041662478684053
UBFC_PHYS_s05_T2_ctrl,11,152,115.06666666666666,-0.44750329852104187,0.14444513083492752
UBFC_PHYS_s05_T2_ctrl,11,153,115.1,-0.5403798222541809,0.11554475077197192
UBFC_PHYS_s05_T2_ctrl,11,154,115.13333333333334,-0.6243365406990051,0.08664004079983724
UBFC_PHYS_s05_T2_ctrl,11,155,115.16666666666667,-0.7037436366081238,0.0568147141690613
UBFC_PHYS_s05_T2_ctrl,11,156,115.2,-0.7950950860977173,0.021328889200392095
UBFC_PHYS_s05_T2_ctrl,11,157,115.23333333333333,-0.9268420934677124,-0.02716160533874107
UBFC_PHYS_s05_T2_ctrl,11,158,115.26666666666667,-1.123411774635315,-0.09629754542134206
UBFC_PHYS_s05_T2_ctrl,11,159,115.3,-1.302756905555725,-0.19153381616632664
UBFC_PHYS_s05_T2_ctrl,11,160,115.33333333333333,-1.3090367317199707,-0.31402779227521405
UBFC_PHYS_s05_T2_ctrl,11,161,115.36666666666666,-1.1401236057281494,-0.4590200267389061
UBFC_PHYS_s05_T2_ctrl,11,162,115.4,-0.9819887280464172,-0.6148919622039918
UBFC_PHYS_s05_T2_ctrl,11,163,115.43333333333334,-0.9673914909362793,-0.7631756803959754
UBFC_PHYS_s05_T2_ctrl,11,164,115.46666666666667,-1.0531808137893677,-0.8798535053941245
UBFC_PHYS_s05_T2_ctrl,11,165,115.5,-1.1353176832199097,-0.9382522377969591
UBFC_PHYS_s05_T2_ctrl,11,166,115.53333333333333,-1.186119794845581,-0.9133427919156217
UBFC_PHYS_s05_T2_ctrl,11,167,115.56666666666666,-1.2551716566085815,-0.7867004957361273
UBFC_PHYS_s05_T2_ctrl,11,168,115.6,-1.346010446548462,-0.5510864857643711
UBFC_PHYS_s05_T2_ctrl,11,169,115.63333333333334,-1.3790881633758545,-0.21342596754563456
UBFC_PHYS_s05_T2_ctrl,11,170,115.66666666666667,-1.2850710153579712,0.20455980313258068
UBFC_PHYS_s05_T2_ctrl,11,171,115.7,-1.1050209999084473,0.6682333678306374
UBFC_PHYS_s05_T2_ctrl,11,172,115.73333333333333,-0.9649820923805237,1.1335847750167878
UBFC_PHYS_s05_T2_ctrl,11,173,115.76666666666667,-0.9031071066856384,1.550786422727724
UBFC_PHYS_s05_T2_ctrl,11,174,115.8,-0.7822920083999634,1.8684030314426976
UBFC_PHYS_s05_T2_ctrl,11,175,115.83333333333333,-0.5384190082550049,2.040843984364198
UBFC_PHYS_s05_T2_ctrl,11,176,115.86666666666666,-0.30205610394477844,2.03812350105544
UBFC_PHYS_s05_T2_ctrl,11,177,115.9,-0.13379667699337006,1.853440722354553
UBFC_PHYS_s05_T2_ctrl,11,178,115.93333333333334,0.07462765276432037,1.5056471617079632
UBFC_PHYS_s05_T2_ctrl,11,179,115.96666666666667,0.3534751534461975,1.0358264618358193
UBFC_PHYS_s05_T2_ctrl,11,180,116.0,0.6077033281326294,0.49901514210832115
UBFC_PHYS_s05_T2_ctrl,11,181,116.03333333333333,0.7821656465530396,-0.04628194133938805
UBFC_PHYS_s05_T2_ctrl,11,182,116.06666666666666,0.8709795475006104,-0.5482968215392025
UBFC_PHYS_s05_T2_ctrl,11,183,116.1,0.8931766152381897,-0.969927925005258
UBFC_PHYS_s05_T2_ctrl,11,184,116.13333333333334,0.9303169846534729,-1.2924400818112463
UBFC_PHYS_s05_T2_ctrl,11,185,116.16666666666667,0.9937811493873596,-1.51330457530521
UBFC_PHYS_s05_T2_ctrl,11,186,116.2,0.960536777973175,-1.6396117383560993
UBFC_PHYS_s05_T2_ctrl,11,187,116.23333333333333,0.7996593117713928,-1.6812169237945793
UBFC_PHYS_s05_T2_ctrl,11,188,116.26666666666667,0.6604790687561035,-1.646024092574796
UBFC_PHYS_s05_T2_ctrl,11,189,116.3,0.6151237487792969,-1.5376218084943907
UBFC_PHYS_s05_T2_ctrl,11,190,116.33333333333333,0.5707296133041382,-1.3558292910551315
UBFC_PHYS_s05_T2_ctrl,11,191,116.36666666666666,0.4804674983024597,-1.1009852533065168
UBFC_PHYS_s05_T2_ctrl,11,192,116.4,0.38786008954048157,-0.7799593042345406
UBFC_PHYS_s05_T2_ctrl,11,193,116.43333333333334,0.29994329810142517,-0.40944774007823187
UBFC_PHYS_s05_T2_ctrl,11,194,116.46666666666667,0.18994475901126862,-0.015061598802536973
UBFC_PHYS_s05_T2_ctrl,11,195,116.5,0.09039115905761719,0.3720331117459387
UBFC_PHYS_s05_T2_ctrl,11,196,116.53333333333333,0.04516398906707764,0.7191457318245816
UBFC_PHYS_s05_T2_ctrl,11,197,116.56666666666666,0.012855207547545433,0.9954102010085121
UBFC_PHYS_s05_T2_ctrl,11,198,116.6,-0.051557306200265884,1.1749992979143606
UBFC_PHYS_s05_T2_ctrl,11,199,116.63333333333334,-0.11431657522916794,1.242317707067667
UBFC_PHYS_s05_T2_ctrl,11,200,116.66666666666667,-0.1228647530078888,1.1975615652471625
UBFC_PHYS_s05_T2_ctrl,11,201,116.7,-0.11315032839775085,1.0575883206989105
UBFC_PHYS_s05_T2_ctrl,11,202,116.73333333333333,-0.1928137242794037,0.8512676076599062
UBFC_PHYS_s05_T2_ctrl,11,203,116.76666666666667,-0.39681658148765564,0.6129366852065383
UBFC_PHYS_s05_T2_ctrl,11,204,116.8,-0.5983972549438477,0.37586301287425056
UBFC_PHYS_s05_T2_ctrl,11,205,116.83333333333333,-0.6469693779945374,0.16558223257036148
UBFC_PHYS_s05_T2_ctrl,11,206,116.86666666666666,-0.5318444967269897,-0.005057960130838434
UBFC_PHYS_s05_T2_ctrl,11,207,116.9,-0.3810146152973175,-0.1356425237519405
UBFC_PHYS_s05_T2_ctrl,11,208,116.93333333333334,-0.32818764448165894,-0.23280987407866727
UBFC_PHYS_s05_T2_ctrl,11,209,116.96666666666667,-0.4129132926464081,-0.30343404853024847
UBFC_PHYS_s05_T2_ctrl,11,210,117.0,-0.6156986355781555,-0.3502797597186869
UBFC_PHYS_s05_T2_ctrl,11,211,117.03333333333333,-0.8909705281257629,-0.3733266200904652
UBFC_PHYS_s05_T2_ctrl,11,212,117.06666666666666,-1.1216431856155396,-0.37464142606791023
UBFC_PHYS_s05_T2_ctrl,11,213,117.1,-1.2097138166427612,-0.35999142870568157
UBFC_PHYS_s05_T2_ctrl,11,214,117.13333333333334,-1.1780586242675781,-0.3356190907929537
UBFC_PHYS_s05_T2_ctrl,11,215,117.16666666666667,-1.1146200895309448,-0.3042604823180781
UBFC_PHYS_s05_T2_ctrl,11,216,117.2,-1.1073663234710693,-0.2635175519259187
UBFC_PHYS_s05_T2_ctrl,11,217,117.23333333333333,-1.2071890830993652,-0.20789127875822017
UBFC_PHYS_s05_T2_ctrl,11,218,117.26666666666667,-1.3391027450561523,-0.13309698890685875
UBFC_PHYS_s05_T2_ctrl,11,219,117.3,-1.3565834760665894,-0.038950814738357355
UBFC_PHYS_s05_T2_ctrl,11,220,117.33333333333333,-1.1924763917922974,0.07056541174500242
UBFC_PHYS_s05_T2_ctrl,11,221,117.36666666666666,-0.823635995388031,0.1888226743514093
UBFC_PHYS_s05_T2_ctrl,11,222,117.4,-0.3171531856060028,0.30766497834231227
UBFC_PHYS_s05_T2_ctrl,11,223,117.43333333333334,0.10755159705877304,0.41599256906184007
UBFC_PHYS_s05_T2_ctrl,11,224,117.46666666666667,0.3431839942932129,0.4976065436528878
UBFC_PHYS_s05_T2_ctrl,11,225,117.5,0.5650265216827393,0.5335373097558228
UBFC_PHYS_s05_T2_ctrl,11,226,117.53333333333333,0.932482898235321,0.5091712087746736
UBFC_PHYS_s05_T2_ctrl,11,227,117.56666666666666,1.3657102584838867,0.42136708979259285
UBFC_PHYS_s05_T2_ctrl,11,228,117.6,1.7134941816329956,0.2809510380963605
UBFC_PHYS_s05_T2_ctrl,11,229,117.63333333333334,1.8342324495315552,0.10734548153726295
UBFC_PHYS_s05_T2_ctrl,11,230,117.66666666666667,1.669561505317688,-0.08111751870028598
UBFC_PHYS_s05_T2_ctrl,11,231,117.7,1.310563564300537,-0.2717598502726591
UBFC_PHYS_s05_T2_ctrl,11,232,117.73333333333333,0.8721330165863037,-0.4551766487266155
UBFC_PHYS_s05_T2_ctrl,11,233,117.76666666666667,0.41130030155181885,-0.6220867059743771
UBFC_PHYS_s05_T2_ctrl,11,234,117.8,-0.007534826174378395,-0.7622263218908255
UBFC_PHYS_s05_T2_ctrl,11,235,117.83333333333333,-0.3620086908340454,-0.8639816643668199
UBFC_PHYS_s05_T2_ctrl,11,236,117.86666666666666,-0.7088314890861511,-0.9143033182134158
UBFC_PHYS_s05_T2_ctrl,11,237,117.9,-1.0921026468276978,-0.8994875518847324
UBFC_PHYS_s05_T2_ctrl,11,238,117.93333333333334,-1.47004234790802,-0.8073767265667533
UBFC_PHYS_s05_T2_ctrl,11,239,117.96666666666667,-1.6470293998718262,-0.6312896050762743
UBFC_PHYS_s05_T2_ctrl,11,240,118.0,-1.3604283332824707,-0.3748707573816989
UBFC_PHYS_s05_T2_ctrl,11,241,118.03333333333333,-0.6267971992492676,-0.05599516585537024
UBFC_PHYS_s05_T2_ctrl,11,242,118.06666666666666,0.18730469048023224,0.29260381194659096
UBFC_PHYS_s05_T2_ctrl,11,243,118.1,0.8306993246078491,0.6282246368260981
UBFC_PHYS_s05_T2_ctrl,11,244,118.13333333333334,1.2599153518676758,0.9072452181639977
UBFC_PHYS_s05_T2_ctrl,11,245,118.16666666666667,1.5055184364318848,1.0935936440664595
UBFC_PHYS_s05_T2_ctrl,11,246,118.2,1.6844278573989868,1.1640265338748066
UBFC_PHYS_s05_T2_ctrl,11,247,118.23333333333333,1.9021052122116089,1.110182766158941
UBFC_PHYS_s05_T2_ctrl,11,248,118.26666666666667,2.042156934738159,0.9385678473551393
UBFC_PHYS_s05_T2_ctrl,11,249,118.3,1.9385663270950317,0.6703404727861715
UBFC_PHYS_s05_T2_ctrl,11,250,118.33333333333333,1.6651400327682495,0.3404702641950181
UBFC_PHYS_s05_T2_ctrl,11,251,118.36666666666666,1.3856900930404663,-0.006319972773610273
UBFC_PHYS_s05_T2_ctrl,11,252,118.4,1.157080888748169,-0.3229341417815272
UBFC_PHYS_s05_T2_ctrl,11,253,118.43333333333334,0.9521680474281311,-0.5680191881274277
UBFC_PHYS_s05_T2_ctrl,11,254,118.46666666666667,0.7245455384254456,-0.7125220109498737
UBFC_PHYS_s05_T2_ctrl,11,255,118.5,0.4616025388240814,-0.7430652984622722
UBFC_PHYS_s05_T2_ctrl,11,256,118.53333333333333,0.23100678622722626,-0.6622788105940282
UBFC_PHYS_s05_T2_ctrl,11,257,118.56666666666666,0.06543868035078049,-0.48778678140087467
UBFC_PHYS_s05_T2_ctrl,11,258,118.6,-0.10592218488454819,-0.2500793182771861
UBFC_PHYS_s05_T2_ctrl,11,259,118.63333333333334,-0.3036709129810333,0.012001315812693054
UBFC_PHYS_s05_T2_ctrl,11,260,118.66666666666667,-0.4603063464164734,0.25805715593635054
UBFC_PHYS_s05_T2_ctrl,11,261,118.7,-0.6082398295402527,0.45356544475670313
UBFC_PHYS_s05_T2_ctrl,11,262,118.73333333333333,-0.8889071345329285,0.5759081552158238
UBFC_PHYS_s05_T2_ctrl,11,263,118.76666666666667,-1.3101516962051392,0.61690261166322
UBFC_PHYS_s05_T2_ctrl,11,264,118.8,-1.6913466453552246,0.5816180805910008
UBFC_PHYS_s05_T2_ctrl,11,265,118.83333333333333,-1.9339380264282227,0.4851092518297235
UBFC_PHYS_s05_T2_ctrl,11,266,118.86666666666666,-2.14046573638916,0.3480089816425549
UBFC_PHYS_s05_T2_ctrl,11,267,118.9,-2.408778429031372,0.1910960711186983
UBFC_PHYS_s05_T2_ctrl,11,268,118.93333333333334,-2.609987497329712,0.030162611275905797
UBFC_PHYS_s05_T2_ctrl,11,269,118.96666666666667,-2.4839305877685547,-0.12645284650806504
UBFC_PHYS_s05_T2_ctrl,11,270,119.0,-1.931182622909546,-0.2767686677756996
UBFC_PHYS_s05_T2_ctrl,11,271,119.03333333333333,-1.2294886112213135,-0.42125665524713674
UBFC_PHYS_s05_T2_ctrl,11,272,119.06666666666666,-0.8331069350242615,-0.5583395586172997
UBFC_PHYS_s05_T2_ctrl,11,273,119.1,-0.7215448617935181,-0.6824295849983658
UBFC_PHYS_s05_T2_ctrl,11,274,119.13333333333334,-0.479658305644989,-0.7849276204851078
UBFC_PHYS_s05_T2_ctrl,11,275,119.16666666666667,-0.1415759027004242,-0.8558541305874583
UBFC_PHYS_s05_T2_ctrl,11,276,119.2,-0.15721125900745392,-0.8849885033187694
UBFC_PHYS_s05_T2_ctrl,11,277,119.23333333333333,-0.4523220658302307,-0.8628968517526059
UBFC_PHYS_s05_T2_ctrl,11,278,119.26666666666667,-0.4941530227661133,-0.7824431728654151
UBFC_PHYS_s05_T2_ctrl,11,279,119.3,-0.21757395565509796,-0.6413499889254736
UBFC_PHYS_s05_T2_ctrl,11,280,119.33333333333333,0.03534704074263573,-0.44479999064662346
UBFC_PHYS_s05_T2_ctrl,11,281,119.36666666666666,0.1471526026725769,-0.20570204155608493
UBFC_PHYS_s05_T2_ctrl,11,282,119.4,0.21096277236938477,0.057791218491285545
UBFC_PHYS_s05_T2_ctrl,11,283,119.43333333333334,0.24118256568908691,0.3258439352934083
UBFC_PHYS_s05_T2_ctrl,11,284,119.46666666666667,0.19063681364059448,0.5796863051481395
UBFC_PHYS_s05_T2_ctrl,11,285,119.5,0.06924499571323395,0.8019022886464058
UBFC_PHYS_s05_T2_ctrl,11,286,119.53333333333333,-0.2001315802335739,0.9750658186528681
UBFC_PHYS_s05_T2_ctrl,11,287,119.56666666666666,-0.7965304255485535,1.0817334685427797
UBFC_PHYS_s05_T2_ctrl,11,288,119.6,-1.665817379951477,1.106683888451211
UBFC_PHYS_s05_T2_ctrl,11,289,119.63333333333334,-2.436306953430176,1.0399037693245223
UBFC_PHYS_s05_T2_ctrl,11,290,119.66666666666667,-2.7672252655029297,0.8798899108007585
UBFC_PHYS_s05_T2_ctrl,11,291,119.7,-2.5534567832946777,0.6379038004470501
UBFC_PHYS_s05_T2_ctrl,11,292,119.73333333333333,-1.8320903778076172,0.3413517192539159
UBFC_PHYS_s05_T2_ctrl,11,293,119.76666666666667,-0.7314386963844299,0.03237247787692564
UBFC_PHYS_s05_T2_ctrl,11,294,119.8,0.41965624690055847,-0.2399031230029502
UBFC_PHYS_s05_T2_ctrl,11,295,119.83333333333333,1.153594970703125,-0.43201969985368827
UBFC_PHYS_s05_T2_ctrl,11,296,119.86666666666666,1.2098181247711182,-0.518951990344675
UBFC_PHYS_s05_T2_ctrl,11,297,119.9,0.7982110977172852,-0.49965139999617875
UBFC_PHYS_s05_T2_ctrl,11,298,119.93333333333334,0.44490349292755127,-0.3940265986079316
UBFC_PHYS_s05_T2_ctrl,11,299,119.96666666666667,0.6164693832397461,-0.23611497196274484
UBFC_PHYS_s05_T2_ctrl,12,0,120.0,1.3710800409317017,0.06327171173682794
UBFC_PHYS_s05_T2_ctrl,12,1,120.03333333333333,2.2549643516540527,0.02217090344436174
UBFC_PHYS_s05_T2_ctrl,12,2,120.06666666666666,2.6800920963287354,-0.019917358161647927
UBFC_PHYS_s05_T2_ctrl,12,3,120.1,2.3477253913879395,-0.06046763551305976
UBFC_PHYS_s05_T2_ctrl,12,4,120.13333333333334,1.3781672716140747,-0.0959212488952309
UBFC_PHYS_s05_T2_ctrl,12,5,120.16666666666667,0.31415608525276184,-0.12263846921715424
UBFC_PHYS_s05_T2_ctrl,12,6,120.2,-0.3228049874305725,-0.13835418126340748
UBFC_PHYS_s05_T2_ctrl,12,7,120.23333333333333,-0.5157349705696106,-0.14359513021083614
UBFC_PHYS_s05_T2_ctrl,12,8,120.26666666666667,-0.5273589491844177,-0.14243658225745792
UBFC_PHYS_s05_T2_ctrl,12,9,120.3,-0.49428120255470276,-0.14202633296300823
UBFC_PHYS_s05_T2_ctrl,12,10,120.33333333333333,-0.48401570320129395,-0.1507479384196473
UBFC_PHYS_s05_T2_ctrl,12,11,120.36666666666666,-0.580224335193634,-0.17540150181944633
UBFC_PHYS_s05_T2_ctrl,12,12,120.4,-0.8015927076339722,-0.21847464045874296
UBFC_PHYS_s05_T2_ctrl,12,13,120.43333333333334,-1.0646253824234009,-0.2770560155842002
UBFC_PHYS_s05_T2_ctrl,12,14,120.46666666666667,-1.199704647064209,-0.34349992608860824
UBFC_PHYS_s05_T2_ctrl,12,15,120.5,-1.0686111450195312,-0.40652792435329066
UBFC_PHYS_s05_T2_ctrl,12,16,120.53333333333333,-0.7190457582473755,-0.45237239283373665
UBFC_PHYS_s05_T2_ctrl,12,17,120.56666666666666,-0.3400166928768158,-0.46656878420874603
UBFC_PHYS_s05_T2_ctrl,12,18,120.6,-0.028258072212338448,-0.4364482631346428
UBFC_PHYS_s05_T2_ctrl,12,19,120.63333333333334,0.23532572388648987,-0.3537309410917036
UBFC_PHYS_s05_T2_ctrl,12,20,120.66666666666667,0.48037779331207275,-0.2168988035799418
UBFC_PHYS_s05_T2_ctrl,12,21,120.7,0.7173174023628235,-0.033288191031859087
UBFC_PHYS_s05_T2_ctrl,12,22,120.73333333333333,0.9490666389465332,0.1801316835477468
UBFC_PHYS_s05_T2_ctrl,12,23,120.76666666666667,1.1639500856399536,0.3990679876909034
UBFC_PHYS_s05_T2_ctrl,12,24,120.8,1.3300180435180664,0.5970349030859394
UBFC_PHYS_s05_T2_ctrl,12,25,120.83333333333333,1.4049780368804932,0.7509811757603521
UBFC_PHYS_s05_T2_ctrl,12,26,120.86666666666666,1.3896374702453613,0.8453367654710734
UBFC_PHYS_s05_T2_ctrl,12,27,120.9,1.341667652130127,0.8730659958746271
UBFC_PHYS_s05_T2_ctrl,12,28,120.93333333333334,1.281112790107727,0.8344153621233809
UBFC_PHYS_s05_T2_ctrl,12,29,120.96666666666667,1.1613997220993042,0.7358762697732224
UBFC_PHYS_s05_T2_ctrl,12,30,121.0,0.9589220285415649,0.5898144672188351
UBFC_PHYS_s05_T2_ctrl,12,31,121.03333333333333,0.6981064081192017,0.41305619502258695
UBFC_PHYS_s05_T2_ctrl,12,32,121.06666666666666,0.41231274604797363,0.2242369697593692
UBFC_PHYS_s05_T2_ctrl,12,33,121.1,0.132721945643425,0.041361917692548815
UBFC_PHYS_s05_T2_ctrl,12,34,121.13333333333334,-0.13020823895931244,-0.12021743933795957
UBFC_PHYS_s05_T2_ctrl,12,35,121.16666666666667,-0.3944969177246094,-0.25040658555123246
UBFC_PHYS_s05_T2_ctrl,12,36,121.2,-0.6654497981071472,-0.3466977693990844
UBFC_PHYS_s05_T2_ctrl,12,37,121.23333333333333,-0.8856519460678101,-0.4136821783092626
UBFC_PHYS_s05_T2_ctrl,12,38,121.26666666666667,-0.9641362428665161,-0.45976713755215276
UBFC_PHYS_s05_T2_ctrl,12,39,121.3,-0.8854469060897827,-0.4937085560857892
UBFC_PHYS_s05_T2_ctrl,12,40,121.33333333333333,-0.7323870658874512,-0.5224854646621999
UBFC_PHYS_s05_T2_ctrl,12,41,121.36666666666666,-0.5583220720291138,-0.5506269335531127
UBFC_PHYS_s05_T2_ctrl,12,42,121.4,-0.33472374081611633,-0.5801810218198438
UBFC_PHYS_s05_T2_ctrl,12,43,121.43333333333334,-0.045956775546073914,-0.6098927931558554
UBFC_PHYS_s05_T2_ctrl,12,44,121.46666666666667,0.2738630175590515,-0.633671772743758
UBFC_PHYS_s05_T2_ctrl,12,45,121.5,0.6048197746276855,-0.6399584693925405
UBFC_PHYS_s05_T2_ctrl,12,46,121.53333333333333,0.9123747944831848,-0.6131140852629087
UBFC_PHYS_s05_T2_ctrl,12,47,121.56666666666666,1.125553846359253,-0.5371406067300155
UBFC_PHYS_s05_T2_ctrl,12,48,121.6,1.2580057382583618,-0.4007394859853061
UBFC_PHYS_s05_T2_ctrl,12,49,121.63333333333334,1.3964298963546753,-0.20156746849078383
UBFC_PHYS_s05_T2_ctrl,12,50,121.66666666666667,1.5365328788757324,0.05126558933308516
UBFC_PHYS_s05_T2_ctrl,12,51,121.7,1.606802225112915,0.33612684849602525
UBFC_PHYS_s05_T2_ctrl,12,52,121.73333333333333,1.5993049144744873,0.6202880174807707
UBFC_PHYS_s05_T2_ctrl,12,53,121.76666666666667,1.534764289855957,0.866031385086246
UBFC_PHYS_s05_T2_ctrl,12,54,121.8,1.39683997631073,1.0397549755991102
UBFC_PHYS_s05_T2_ctrl,12,55,121.83333333333333,1.214149832725525,1.1188026772686523
UBFC_PHYS_s05_T2_ctrl,12,56,121.86666666666666,1.073470115661621,1.0941541079880508
UBFC_PHYS_s05_T2_ctrl,12,57,121.9,0.9841436147689819,0.970807221189498
UBFC_PHYS_s05_T2_ctrl,12,58,121.93333333333334,0.8678781390190125,0.7665295846074472
UBFC_PHYS_s05_T2_ctrl,12,59,121.96666666666667,0.7184067368507385,0.5082615064727672
UBFC_PHYS_s05_T2_ctrl,12,60,122.0,0.6130860447883606,0.22691676199841154
UBFC_PHYS_s05_T2_ctrl,12,61,122.03333333333333,0.560553789138794,-0.04728326574652904
UBFC_PHYS_s05_T2_ctrl,12,62,122.06666666666666,0.48972055315971375,-0.28815074060780194
UBFC_PHYS_s05_T2_ctrl,12,63,122.1,0.3804396986961365,-0.4761484905916974
UBFC_PHYS_s05_T2_ctrl,12,64,122.13333333333334,0.2643023729324341,-0.6004347396366431
UBFC_PHYS_s05_T2_ctrl,12,65,122.16666666666667,0.17202818393707275,-0.6598764518492992
UBFC_PHYS_s05_T2_ctrl,12,66,122.2,0.10430918633937836,-0.66240506551128
UBFC_PHYS_s05_T2_ctrl,12,67,122.23333333333333,0.02072414569556713,-0.6220888854181246
UBFC_PHYS_s05_T2_ctrl,12,68,122.26666666666667,-0.1074216440320015,-0.5547725434356655
UBFC_PHYS_s05_T2_ctrl,12,69,122.3,-0.24264177680015564,-0.474475692218969
UBFC_PHYS_s05_T2_ctrl,12,70,122.33333333333333,-0.35124337673187256,-0.3915843894427574
UBFC_PHYS_s05_T2_ctrl,12,71,122.36666666666666,-0.4505406618118286,-0.31254046908388566
UBFC_PHYS_s05_T2_ctrl,12,72,122.4,-0.5445321798324585,-0.2402184390764066
UBFC_PHYS_s05_T2_ctrl,12,73,122.43333333333334,-0.6197612881660461,-0.17393772572357644
UBFC_PHYS_s05_T2_ctrl,12,74,122.46666666666667,-0.7161365747451782,-0.10941474848488825
UBFC_PHYS_s05_T2_ctrl,12,75,122.5,-0.9090536832809448,-0.04020907669941085
UBFC_PHYS_s05_T2_ctrl,12,76,122.53333333333333,-1.1833900213241577,0.039348899613979416
UBFC_PHYS_s05_T2_ctrl,12,77,122.56666666666666,-1.3842657804489136,0.1313975897837395
UBFC_PHYS_s05_T2_ctrl,12,78,122.6,-1.3593517541885376,0.2332282712041322
UBFC_PHYS_s05_T2_ctrl,12,79,122.63333333333334,-1.1022015810012817,0.3380345066262436
UBFC_PHYS_s05_T2_ctrl,12,80,122.66666666666667,-0.7509700655937195,0.4367314864613298
UBFC_PHYS_s05_T2_ctrl,12,81,122.7,-0.45175817608833313,0.5185285126342283
UBFC_PHYS_s05_T2_ctrl,12,82,122.73333333333333,-0.2508952021598816,0.5707214656820202
UBFC_PHYS_s05_T2_ctrl,12,83,122.76666666666667,-0.10102652758359909,0.5807786169804775
UBFC_PHYS_s05_T2_ctrl,12,84,122.8,0.06482352316379547,0.5409471138559571
UBFC_PHYS_s05_T2_ctrl,12,85,122.83333333333333,0.24629610776901245,0.45258442921681885
UBFC_PHYS_s05_T2_ctrl,12,86,122.86666666666666,0.37490326166152954,0.3274953214767141
UBFC_PHYS_s05_T2_ctrl,12,87,122.9,0.4094291925430298,0.1843124711070967
UBFC_PHYS_s05_T2_ctrl,12,88,122.93333333333334,0.3843100965023041,0.041808189475536134
UBFC_PHYS_s05_T2_ctrl,12,89,122.96666666666667,0.35602548718452454,-0.08557310948402941
UBFC_PHYS_s05_T2_ctrl,12,90,123.0,0.3624078035354614,-0.18857844844125934
UBFC_PHYS_s05_T2_ctrl,12,91,123.03333333333333,0.39868950843811035,-0.2631673149191254
UBFC_PHYS_s05_T2_ctrl,12,92,123.06666666666666,0.3998301029205322,-0.3107741963154627
UBFC_PHYS_s05_T2_ctrl,12,93,123.1,0.32649776339530945,-0.337864836278608
UBFC_PHYS_s05_T2_ctrl,12,94,123.13333333333334,0.20027434825897217,-0.35426644884879827
UBFC_PHYS_s05_T2_ctrl,12,95,123.16666666666667,0.026952654123306274,-0.37037641312655095
UBFC_PHYS_s05_T2_ctrl,12,96,123.2,-0.17804984748363495,-0.39424296584935886
UBFC_PHYS_s05_T2_ctrl,12,97,123.23333333333333,-0.29790377616882324,-0.4302065255504039
UBFC_PHYS_s05_T2_ctrl,12,98,123.26666666666667,-0.22851870954036713,-0.4787412865029615
UBFC_PHYS_s05_T2_ctrl,12,99,123.3,-0.05517137795686722,-0.5352723716797381
UBFC_PHYS_s05_T2_ctrl,12,100,123.33333333333333,0.09532526880502701,-0.5880768057999239
UBFC_PHYS_s05_T2_ctrl,12,101,123.36666666666666,0.22291997075080872,-0.6177407295082459
UBFC_PHYS_s05_T2_ctrl,12,102,123.4,0.35041216015815735,-0.5998810231227177
UBFC_PHYS_s05_T2_ctrl,12,103,123.43333333333334,0.43980276584625244,-0.511551576959961
UBFC_PHYS_s05_T2_ctrl,12,104,123.46666666666667,0.47103503346443176,-0.3396346831883009
UBFC_PHYS_s05_T2_ctrl,12,105,123.5,0.46909981966018677,-0.08764594751057085
UBFC_PHYS_s05_T2_ctrl,12,106,123.53333333333333,0.44590312242507935,0.22222329903305632
UBFC_PHYS_s05_T2_ctrl,12,107,123.56666666666666,0.40117576718330383,0.5539013070287753
UBFC_PHYS_s05_T2_ctrl,12,108,123.6,0.3529881238937378,0.8668486318627091
UBFC_PHYS_s05_T2_ctrl,12,109,123.63333333333334,0.3114391267299652,1.1240779128810965
UBFC_PHYS_s05_T2_ctrl,12,110,123.66666666666667,0.250845730304718,1.296358796015181
UBFC_PHYS_s05_T2_ctrl,12,111,123.7,0.16797837615013123,1.3641933819537593
UBFC_PHYS_s05_T2_ctrl,12,112,123.73333333333333,0.11954724043607712,1.3193749821448304
UBFC_PHYS_s05_T2_ctrl,12,113,123.76666666666667,0.11745826154947281,1.1674907914713142
UBFC_PHYS_s05_T2_ctrl,12,114,123.8,0.08335525542497635,0.9292109892276098
UBFC_PHYS_s05_T2_ctrl,12,115,123.83333333333333,-0.010405578650534153,0.6352868872195431
UBFC_PHYS_s05_T2_ctrl,12,116,123.86666666666666,-0.12494092434644699,0.3167581159624503
UBFC_PHYS_s05_T2_ctrl,12,117,123.9,-0.23637482523918152,-0.001803608720735591
UBFC_PHYS_s05_T2_ctrl,12,118,123.93333333333334,-0.31543585658073425,-0.3035739043093494
UBFC_PHYS_s05_T2_ctrl,12,119,123.96666666666667,-0.31038641929626465,-0.5787063282518933
UBFC_PHYS_s05_T2_ctrl,12,120,124.0,-0.2191118597984314,-0.8231944293450573
UBFC_PHYS_s05_T2_ctrl,12,121,124.03333333333333,-0.10171858221292496,-1.0367963933148845
UBFC_PHYS_s05_T2_ctrl,12,122,124.06666666666666,-0.003638804890215397,-1.2198652281641038
UBFC_PHYS_s05_T2_ctrl,12,123,124.1,0.07070600241422653,-1.3695127870921662
UBFC_PHYS_s05_T2_ctrl,12,124,124.13333333333334,0.11460032314062119,-1.4764884725812104
UBFC_PHYS_s05_T2_ctrl,12,125,124.16666666666667,0.11659959703683853,-1.5248557318641571
UBFC_PHYS_s05_T2_ctrl,12,126,124.2,0.09881117939949036,-1.4947388939796546
UBFC_PHYS_s05_T2_ctrl,12,127,124.23333333333333,0.09988771378993988,-1.3665430193695864
UBFC_PHYS_s05_T2_ctrl,12,128,124.26666666666667,0.11469003558158875,-1.1258381326693374
UBFC_PHYS_s05_T2_ctrl,12,129,124.3,0.10757722705602646,-0.7689527813921219
UBFC_PHYS_s05_T2_ctrl,12,130,124.33333333333333,0.08270164579153061,-0.3082443839186994
UBFC_PHYS_s05_T2_ctrl,12,131,124.36666666666666,0.07135961204767227,0.2250089040056824
UBFC_PHYS_s05_T2_ctrl,12,132,124.4,0.07266682386398315,0.782310955298774
UBFC_PHYS_s05_T2_ctrl,12,133,124.43333333333334,0.0627857968211174,1.306053800351008
UBFC_PHYS_s05_T2_ctrl,12,134,124.46666666666667,0.05167444795370102,1.741223103669971
UBFC_PHYS_s05_T2_ctrl,12,135,124.5,0.07116737216711044,2.0438381761120734
UBFC_PHYS_s05_T2_ctrl,12,136,124.53333333333333,0.11110159009695053,2.184551628977218
UBFC_PHYS_s05_T2_ctrl,12,137,124.56666666666666,0.13004343211650848,2.151253553697851
UBFC_PHYS_s05_T2_ctrl,12,138,124.6,0.12610895931720734,1.951453971865092
UBFC_PHYS_s05_T2_ctrl,12,139,124.63333333333334,0.1254425346851349,1.6117799020631431
UBFC_PHYS_s05_T2_ctrl,12,140,124.66666666666667,0.12749308347702026,1.1730524991911835
UBFC_PHYS_s05_T2_ctrl,12,141,124.7,0.120264932513237,0.6810744641213996
UBFC_PHYS_s05_T2_ctrl,12,142,124.73333333333333,0.11107596009969711,0.17654088024734105
UBFC_PHYS_s05_T2_ctrl,12,143,124.76666666666667,0.07794696092605591,-0.30991474750746384
UBFC_PHYS_s05_T2_ctrl,12,144,124.8,-0.006958112586289644,-0.7566609899207136
UBFC_PHYS_s05_T2_ctrl,12,145,124.83333333333333,-0.08467348664999008,-1.1483216817300965
UBFC_PHYS_s05_T2_ctrl,12,146,124.86666666666666,-0.0857500210404396,-1.4737604078943558
UBFC_PHYS_s05_T2_ctrl,12,147,124.9,-0.056978415697813034,-1.7246765100567811
UBFC_PHYS_s05_T2_ctrl,12,148,124.93333333333334,-0.09586173295974731,-1.894239236414059
UBFC_PHYS_s05_T2_ctrl,12,149,124.96666666666667,-0.20821838080883026,-1.9750184698175153
UBFC_PHYS_s05_T2_ctrl,12,150,125.0,-0.3117705285549164,-1.9570926222554663
UBFC_PHYS_s05_T2_ctrl,12,151,125.03333333333333,-0.3381071090698242,-1.828664859279724
UBFC_PHYS_s05_T2_ctrl,12,152,125.06666666666666,-0.29566100239753723,-1.5799216769207116
UBFC_PHYS_s05_T2_ctrl,12,153,125.1,-0.2158438116312027,-1.2090032938913817
UBFC_PHYS_s05_T2_ctrl,12,154,125.13333333333334,-0.12105771899223328,-0.7277479757465297
UBFC_PHYS_s05_T2_ctrl,12,155,125.16666666666667,-0.04206075519323349,-0.16413004005594137
UBFC_PHYS_s05_T2_ctrl,12,156,125.2,0.007305939681828022,0.43955779533510164
UBFC_PHYS_s05_T2_ctrl,12,157,125.23333333333333,0.047419581562280655,1.0314289593620418
UBFC_PHYS_s05_T2_ctrl,12,158,125.26666666666667,0.08086897432804108,1.5562859687872779
UBFC_PHYS_s05_T2_ctrl,12,159,125.3,0.08643106371164322,1.9623580356685744
UBFC_PHYS_s05_T2_ctrl,12,160,125.33333333333333,0.07091105729341507,2.2077153911223153
UBFC_PHYS_s05_T2_ctrl,12,161,125.36666666666666,0.046009838581085205,2.2658664368030452
UBFC_PHYS_s05_T2_ctrl,12,162,125.4,0.0044223712757229805,2.1298769281731333
UBFC_PHYS_s05_T2_ctrl,12,163,125.43333333333334,-0.037805888801813126,1.8141489060638036
UBFC_PHYS_s05_T2_ctrl,12,164,125.46666666666667,-0.04975026845932007,1.353315164923624
UBFC_PHYS_s05_T2_ctrl,12,165,125.5,-0.03840823471546173,0.798114479628925
UBFC_PHYS_s05_T2_ctrl,12,166,125.53333333333333,-0.023529019206762314,0.2082100850994154
UBFC_PHYS_s05_T2_ctrl,12,167,125.56666666666666,0.0002187691134167835,-0.3577929347035344
UBFC_PHYS_s05_T2_ctrl,12,168,125.6,0.02503027394413948,-0.8524571470112342
UBFC_PHYS_s05_T2_ctrl,12,169,125.63333333333334,0.023402661085128784,-1.245076294239943
UBFC_PHYS_s05_T2_ctrl,12,170,125.66666666666667,-0.0008577631670050323,-1.520940347868728
UBFC_PHYS_s05_T2_ctrl,12,171,125.7,-0.013647991232573986,-1.6758129742913896
UBFC_PHYS_s05_T2_ctrl,12,172,125.73333333333333,-0.005522736348211765,-1.7093984758615974
UBFC_PHYS_s05_T2_ctrl,12,173,125.76666666666667,-0.0019471112173050642,-1.6229040860735366
UBFC_PHYS_s05_T2_ctrl,12,174,125.8,-0.040445953607559204,-1.4214521238783564
UBFC_PHYS_s05_T2_ctrl,12,175,125.83333333333333,-0.1280551701784134,-1.1176281269593729
UBFC_PHYS_s05_T2_ctrl,12,176,125.86666666666666,-0.20328427851200104,-0.7333405566925872
UBFC_PHYS_s05_T2_ctrl,12,177,125.9,-0.20134907960891724,-0.2987964349130139
UBFC_PHYS_s05_T2_ctrl,12,178,125.93333333333334,-0.14552319049835205,0.15101325263583393
UBFC_PHYS_s05_T2_ctrl,12,179,125.96666666666667,-0.10280793160200119,0.5804427777659782
UBFC_PHYS_s05_T2_ctrl,12,180,126.0,-0.09127365797758102,0.9560151002740604
UBFC_PHYS_s05_T2_ctrl,12,181,126.03333333333333,-0.09243989735841751,1.2464380824543444
UBFC_PHYS_s05_T2_ctrl,12,182,126.06666666666666,-0.10939528048038483,1.421978422407505
UBFC_PHYS_s05_T2_ctrl,12,183,126.1,-0.1436777114868164,1.458344108045843
UBFC_PHYS_s05_T2_ctrl,12,184,126.13333333333334,-0.15545548498630524,1.3445907086299032
UBFC_PHYS_s05_T2_ctrl,12,185,126.16666666666667,-0.11696945875883102,1.0889173395427598
UBFC_PHYS_s05_T2_ctrl,12,186,126.2,-0.07181917876005173,0.7190095371765358
UBFC_PHYS_s05_T2_ctrl,12,187,126.23333333333333,-0.06186125800013542,0.27718910123702795
UBFC_PHYS_s05_T2_ctrl,12,188,126.26666666666667,-0.059451874345541,-0.18744666162510493
UBFC_PHYS_s05_T2_ctrl,12,189,126.3,-0.027835149317979813,-0.6262930166704453
UBFC_PHYS_s05_T2_ctrl,12,190,126.33333333333333,0.025350671261548996,-0.9960089558882304
UBFC_PHYS_s05_T2_ctrl,12,191,126.36666666666666,0.077485591173172,-1.260888392160444
UBFC_PHYS_s05_T2_ctrl,12,192,126.4,0.1097302958369255,-1.394033094402777
UBFC_PHYS_s05_T2_ctrl,12,193,126.43333333333334,0.10906387120485306,-1.379161365957941
UBFC_PHYS_s05_T2_ctrl,12,194,126.46666666666667,0.07398685812950134,-1.2136755088691449
UBFC_PHYS_s05_T2_ctrl,12,195,126.5,0.017725234851241112,-0.9121288324813835
UBFC_PHYS_s05_T2_ctrl,12,196,126.53333333333333,-0.03802375867962837,-0.5073663990469413
UBFC_PHYS_s05_T2_ctrl,12,197,126.56666666666666,-0.08498106896877289,-0.045471859613811644
UBFC_PHYS_s05_T2_ctrl,12,198,126.6,-0.12437702715396881,0.42383114773361424
UBFC_PHYS_s05_T2_ctrl,12,199,126.63333333333334,-0.14444665610790253,0.8544760682380433
UBFC_PHYS_s05_T2_ctrl,12,200,126.66666666666667,-0.14580513536930084,1.2066907840237835
UBFC_PHYS_s05_T2_ctrl,12,201,126.7,-0.16347821056842804,1.4475608768979467
UBFC_PHYS_s05_T2_ctrl,12,202,126.73333333333333,-0.21666403114795685,1.5524791627983696
UBFC_PHYS_s05_T2_ctrl,12,203,126.76666666666667,-0.253445565700531,1.509847506111271
UBFC_PHYS_s05_T2_ctrl,12,204,126.8,-0.21488262712955475,1.3267866387548783
UBFC_PHYS_s05_T2_ctrl,12,205,126.83333333333333,-0.13709035515785217,1.0295245729833984
UBFC_PHYS_s05_T2_ctrl,12,206,126.86666666666666,-0.09001769870519638,0.6572487641978295
UBFC_PHYS_s05_T2_ctrl,12,207,126.9,-0.07081954181194305,0.25369689668418843
UBFC_PHYS_s05_T2_ctrl,12,208,126.93333333333334,-0.033704813569784164,-0.14054540421729342
UBFC_PHYS_s05_T2_ctrl,12,209,126.96666666666667,0.026299044489860535,-0.49395781981875864
UBFC_PHYS_s05_T2_ctrl,12,210,127.0,0.08231716603040695,-0.787327716797144
UBFC_PHYS_s05_T2_ctrl,12,211,127.03333333333333,0.1178939938545227,-1.0136587700238038
UBFC_PHYS_s05_T2_ctrl,12,212,127.06666666666666,0.11968822032213211,-1.1750309459956882
UBFC_PHYS_s05_T2_ctrl,12,213,127.1,0.09419747442007065,-1.2775804704844083
UBFC_PHYS_s05_T2_ctrl,12,214,127.13333333333334,0.09053213894367218,-1.3263667160193382
UBFC_PHYS_s05_T2_ctrl,12,215,127.16666666666667,0.12896689772605896,-1.322176179093761
UBFC_PHYS_s05_T2_ctrl,12,216,127.2,0.15267623960971832,-1.2611281206916456
UBFC_PHYS_s05_T2_ctrl,12,217,127.23333333333333,0.12141835689544678,-1.1366421559490734
UBFC_PHYS_s05_T2_ctrl,12,218,127.26666666666667,0.07575544714927673,-0.9426993270434093
UBFC_PHYS_s05_T2_ctrl,12,219,127.3,0.06120944768190384,-0.676953525858593
UBFC_PHYS_s05_T2_ctrl,12,220,127.33333333333333,0.06866827607154846,-0.34379906228787127
UBFC_PHYS_s05_T2_ctrl,12,221,127.36666666666666,0.0675276666879654,0.04115338875340929
UBFC_PHYS_s05_T2_ctrl,12,222,127.4,0.04371579736471176,0.447703323392068
UBFC_PHYS_s05_T2_ctrl,12,223,127.43333333333334,0.011048170737922192,0.8346759961840103
UBFC_PHYS_s05_T2_ctrl,12,224,127.46666666666667,-0.013673623092472553,1.1599235865627093
UBFC_PHYS_s05_T2_ctrl,12,225,127.5,-0.027642911300063133,1.3896573637564047
UBFC_PHYS_s05_T2_ctrl,12,226,127.53333333333333,-0.03343567997217178,1.5031397557095494
UBFC_PHYS_s05_T2_ctrl,12,227,127.56666666666666,-0.03209001570940018,1.49271610468345
UBFC_PHYS_s05_T2_ctrl,12,228,127.6,-0.035101741552352905,1.36165669156826
UBFC_PHYS_s05_T2_ctrl,12,229,127.63333333333334,-0.07037098705768585,1.1239658230749967
UBFC_PHYS_s05_T2_ctrl,12,230,127.66666666666667,-0.14907318353652954,0.8058735647444846
UBFC_PHYS_s05_T2_ctrl,12,231,127.7,-0.22361022233963013,0.44438557225154107
UBFC_PHYS_s05_T2_ctrl,12,232,127.73333333333333,-0.22184163331985474,0.08144189875097901
UBFC_PHYS_s05_T2_ctrl,12,233,127.76666666666667,-0.14199882745742798,-0.24405833961472523
UBFC_PHYS_s05_T2_ctrl,12,234,127.8,-0.06009266898036003,-0.5034835698722743
UBFC_PHYS_s05_T2_ctrl,12,235,127.83333333333333,-0.022772883996367455,-0.6820185383423151
UBFC_PHYS_s05_T2_ctrl,12,236,127.86666666666666,-0.014980841428041458,-0.7778178709568875
UBFC_PHYS_s05_T2_ctrl,12,237,127.9,-0.017262063920497894,-0.7983395754765588
UBFC_PHYS_s05_T2_ctrl,12,238,127.93333333333334,-0.026976486667990685,-0.7556827865153686
UBFC_PHYS_s05_T2_ctrl,12,239,127.96666666666667,-0.03084687516093254,-0.6625988291548811
UBFC_PHYS_s05_T2_ctrl,12,240,128.0,-0.014186257496476173,-0.5303570848067719
UBFC_PHYS_s05_T2_ctrl,12,241,128.03333333333333,0.0010646159062162042,-0.36896861509430157
UBFC_PHYS_s05_T2_ctrl,12,242,128.06666666666666,-0.00864980649203062,-0.18924709660738326
UBFC_PHYS_s05_T2_ctrl,12,243,128.1,-0.018646176904439926,-0.00530548174193203
UBFC_PHYS_s05_T2_ctrl,12,244,128.13333333333333,-0.0067786904983222485,0.16434248847831842
UBFC_PHYS_s05_T2_ctrl,12,245,128.16666666666666,0.009587163105607033,0.2988805769850636
UBFC_PHYS_s05_T2_ctrl,12,246,128.2,0.022761866450309753,0.38008858530806194
UBFC_PHYS_s05_T2_ctrl,12,247,128.23333333333332,0.039473749697208405,0.39748074933809663
UBFC_PHYS_s05_T2_ctrl,12,248,128.26666666666668,0.05232805758714676,0.35109022225960795
UBFC_PHYS_s05_T2_ctrl,12,249,128.3,0.05409664660692215,0.2498807449316205
UBFC_PHYS_s05_T2_ctrl,12,250,128.33333333333334,0.031886760145425797,0.10705770202126821
UBFC_PHYS_s05_T2_ctrl,12,251,128.36666666666667,-0.027322513982653618,-0.063495997600442
UBFC_PHYS_s05_T2_ctrl,12,252,128.4,-0.10553771257400513,-0.2478075028321737
UBFC_PHYS_s05_T2_ctrl,12,253,128.43333333333334,-0.16991177201271057,-0.43038775577878585
UBFC_PHYS_s05_T2_ctrl,12,254,128.46666666666667,-0.19970865547657013,-0.592725743289112
UBFC_PHYS_s05_T2_ctrl,12,255,128.5,-0.18297113478183746,-0.7140613878598082
UBFC_PHYS_s05_T2_ctrl,12,256,128.53333333333333,-0.143652081489563,-0.7746537518551111
UBFC_PHYS_s05_T2_ctrl,12,257,128.56666666666666,-0.1337326020002365,-0.7595332399677833
UBFC_PHYS_s05_T2_ctrl,12,258,128.6,-0.17639659345149994,-0.6615573793753551
UBFC_PHYS_s05_T2_ctrl,12,259,128.63333333333333,-0.2617630362510681,-0.48363598615782644
UBFC_PHYS_s05_T2_ctrl,12,260,128.66666666666666,-0.3522045612335205,-0.23957881296601655
UBFC_PHYS_s05_T2_ctrl,12,261,128.7,-0.4019685685634613,0.04732445222226823
UBFC_PHYS_s05_T2_ctrl,12,262,128.73333333333332,-0.41033729910850525,0.34799524863272013
UBFC_PHYS_s05_T2_ctrl,12,263,128.76666666666668,-0.41862916946411133,0.6325817785121035
UBFC_PHYS_s05_T2_ctrl,12,264,128.8,-0.44941288232803345,0.8750847440994647
UBFC_PHYS_s05_T2_ctrl,12,265,128.83333333333334,-0.4965752363204956,1.0554451969696794
UBFC_PHYS_s05_T2_ctrl,12,266,128.86666666666667,-0.5563740134239197,1.1592781986143188
UBFC_PHYS_s05_T2_ctrl,12,267,128.9,-0.6366910338401794,1.1776258790292813
UBFC_PHYS_s05_T2_ctrl,12,268,128.93333333333334,-0.7318872213363647,1.1079946865079429
UBFC_PHYS_s05_T2_ctrl,12,269,128.96666666666667,-0.8063345551490784,0.9564422235570819
UBFC_PHYS_s05_T2_ctrl,12,270,129.0,-0.8179329037666321,0.7392206370737706
UBFC_PHYS_s05_T2_ctrl,12,271,129.03333333333333,-0.7454720735549927,0.4816120212734193
UBFC_PHYS_s05_T2_ctrl,12,272,129.06666666666666,-0.6459312438964844,0.21326018146169082
UBFC_PHYS_s05_T2_ctrl,12,273,129.1,-0.6215042471885681,-0.038751809508241156
UBFC_PHYS_s05_T2_ctrl,12,274,129.13333333333333,-0.6625662446022034,-0.2564734173104331
UBFC_PHYS_s05_T2_ctrl,12,275,129.16666666666666,-0.5987817049026489,-0.4338729816298984
UBFC_PHYS_s05_T2_ctrl,12,276,129.2,-0.2963530421257019,-0.5750954934569371
UBFC_PHYS_s05_T2_ctrl,12,277,129.23333333333332,0.20561856031417847,-0.6902549453569796
UBFC_PHYS_s05_T2_ctrl,12,278,129.26666666666668,0.777129054069519,-0.7904912912553115
UBFC_PHYS_s05_T2_ctrl,12,279,129.3,1.2526230812072754,-0.8833354870011836
UBFC_PHYS_s05_T2_ctrl,12,280,129.33333333333334,1.5025707483291626,-0.9692828007488898
UBFC_PHYS_s05_T2_ctrl,12,281,129.36666666666667,1.5679060220718384,-1.0402722195449057
UBFC_PHYS_s05_T2_ctrl,12,282,129.4,1.551975965499878,-1.080552802146043
UBFC_PHYS_s05_T2_ctrl,12,283,129.43333333333334,1.4555622339248657,-1.0701230422254766
UBFC_PHYS_s05_T2_ctrl,12,284,129.46666666666667,1.354560375213623,-0.9901264344988951
UBFC_PHYS_s05_T2_ctrl,12,285,129.5,1.4370176792144775,-0.8288196128097061
UBFC_PHYS_s05_T2_ctrl,12,286,129.53333333333333,1.5877065658569336,-0.5864576227992225
UBFC_PHYS_s05_T2_ctrl,12,287,129.56666666666666,1.3787055015563965,-0.2774174015806558
UBFC_PHYS_s05_T2_ctrl,12,288,129.6,0.6689119338989258,0.07158857346667317
UBFC_PHYS_s05_T2_ctrl,12,289,129.63333333333333,-0.2668381333351135,0.427555839758252
UBFC_PHYS_s05_T2_ctrl,12,290,129.66666666666666,-1.148582100868225,0.7589546389111713
UBFC_PHYS_s05_T2_ctrl,12,291,129.7,-1.9269534349441528,1.0403491496850372
UBFC_PHYS_s05_T2_ctrl,12,292,129.73333333333332,-2.5274534225463867,1.2526176682166852
UBFC_PHYS_s05_T2_ctrl,12,293,129.76666666666668,-2.7268424034118652,1.3813444600280353
UBFC_PHYS_s05_T2_ctrl,12,294,129.8,-2.501014232635498,1.4160684480616839
UBFC_PHYS_s05_T2_ctrl,12,295,129.83333333333334,-2.0422961711883545,1.3524028577225342
UBFC_PHYS_s05_T2_ctrl,12,296,129.86666666666667,-1.427198886871338,1.195706545104097
UBFC_PHYS_s05_T2_ctrl,12,297,129.9,-0.7312336564064026,0.9619931205935103
UBFC_PHYS_s05_T2_ctrl,12,298,129.93333333333334,-0.1517004370689392,0.6749663636314546
UBFC_PHYS_s05_T2_ctrl,12,299,129.96666666666667,0.2609446346759796,0.36158670722971503
UBFC_PHYS_s05_T2_ctrl,13,0,130.0,0.6336554884910583,-0.04934853009850393
UBFC_PHYS_s05_T2_ctrl,13,1,130.03333333333333,0.991282045841217,-0.10124155343440862
UBFC_PHYS_s05_T2_ctrl,13,2,130.06666666666666,1.269450306892395,-0.1497200634675842
UBFC_PHYS_s05_T2_ctrl,13,3,130.1,1.4461297988891602,-0.192816497000476
UBFC_PHYS_s05_T2_ctrl,13,4,130.13333333333333,1.5226404666900635,-0.2266451769965222
UBFC_PHYS_s05_T2_ctrl,13,5,130.16666666666666,1.4998794794082642,-0.2448989199029887
UBFC_PHYS_s05_T2_ctrl,13,6,130.2,1.3347086906433105,-0.2394753785471189
UBFC_PHYS_s05_T2_ctrl,13,7,130.23333333333332,0.9597806930541992,-0.20233067706472446
UBFC_PHYS_s05_T2_ctrl,13,8,130.26666666666668,0.46017998456954956,-0.12800238765384725
UBFC_PHYS_s05_T2_ctrl,13,9,130.3,0.05486559867858887,-0.01568444089820102
UBFC_PHYS_s05_T2_ctrl,13,10,130.33333333333334,-0.20373283326625824,0.1293731995585368
UBFC_PHYS_s05_T2_ctrl,13,11,130.36666666666667,-0.42913818359375,0.2945098645647887
UBFC_PHYS_s05_T2_ctrl,13,12,130.4,-0.6775223612785339,0.45941264516818425
UBFC_PHYS_s05_T2_ctrl,13,13,130.43333333333334,-0.9025432467460632,0.5994794406743432
UBFC_PHYS_s05_T2_ctrl,13,14,130.46666666666667,-1.0386989116668701,0.6920500721909887
UBFC_PHYS_s05_T2_ctrl,13,15,130.5,-1.0597681999206543,0.72162812690944
UBFC_PHYS_s05_T2_ctrl,13,16,130.53333333333333,-1.017745018005371,0.6820363678669994
UBFC_PHYS_s05_T2_ctrl,13,17,130.56666666666666,-0.9684039354324341,0.575699569882828
UBFC_PHYS_s05_T2_ctrl,13,18,130.6,-0.7930573225021362,0.41134810787052906
UBFC_PHYS_s05_T2_ctrl,13,19,130.63333333333333,-0.2916111946105957,0.2021514235061112
UBFC_PHYS_s05_T2_ctrl,13,20,130.66666666666666,0.4812108278274536,-0.035187922366310936
UBFC_PHYS_s05_T2_ctrl,13,21,130.7,1.1234776973724365,-0.2814106694134928
UBFC_PHYS_s05_T2_ctrl,13,22,130.73333333333332,1.2658233642578125,-0.5162600862296705
UBFC_PHYS_s05_T2_ctrl,13,23,130.76666666666668,0.9332518577575684,-0.7204132382902745
UBFC_PHYS_s05_T2_ctrl,13,24,130.8,0.41546544432640076,-0.8774205536854317
UBFC_PHYS_s05_T2_ctrl,13,25,130.83333333333334,-0.0896075963973999,-0.9751792241326462
UBFC_PHYS_s05_T2_ctrl,13,26,130.86666666666667,-0.548389732837677,-1.0065662727516143
UBFC_PHYS_s05_T2_ctrl,13,27,130.9,-1.0138617753982544,-0.9690239473160448
UBFC_PHYS_s05_T2_ctrl,13,28,130.93333333333334,-1.464377760887146,-0.8634570289222758
UBFC_PHYS_s05_T2_ctrl,13,29,130.96666666666667,-1.6755831241607666,-0.6932827751245711
UBFC_PHYS_s05_T2_ctrl,13,30,131.0,-1.4461663961410522,-0.4642828436359302
UBFC_PHYS_s05_T2_ctrl,13,31,131.03333333333333,-0.8819225430488586,-0.18555120948496345
UBFC_PHYS_s05_T2_ctrl,13,32,131.06666666666666,-0.31501293182373047,0.12863886454442927
UBFC_PHYS_s05_T2_ctrl,13,33,131.1,0.008459366858005524,0.45669837958893705
UBFC_PHYS_s05_T2_ctrl,13,34,131.13333333333333,0.05176416039466858,0.7692641577902588
UBFC_PHYS_s05_T2_ctrl,13,35,131.16666666666666,0.007472545839846134,1.0331495126633832
UBFC_PHYS_s05_T2_ctrl,13,36,131.2,0.08404731005430222,1.2183287807037824
UBFC_PHYS_s05_T2_ctrl,13,37,131.23333333333332,0.2864225506782532,1.3027557755145278
UBFC_PHYS_s05_T2_ctrl,13,38,131.26666666666668,0.5019084215164185,1.2738818576629483
UBFC_PHYS_s05_T2_ctrl,13,39,131.3,0.6657592058181763,1.1299574452337642
UBFC_PHYS_s05_T2_ctrl,13,40,131.33333333333334,0.7702725529670715,0.8817661015106582
UBFC_PHYS_s05_T2_ctrl,13,41,131.36666666666667,0.8246117830276489,0.5527318439820648
UBFC_PHYS_s05_T2_ctrl,13,42,131.4,0.8400036096572876,0.17637049528667378
UBFC_PHYS_s05_T2_ctrl,13,43,131.43333333333334,0.8261112570762634,-0.20858854760998588
UBFC_PHYS_s05_T2_ctrl,13,44,131.46666666666667,0.8052470088005066,-0.5641263403757512
UBFC_PHYS_s05_T2_ctrl,13,45,131.5,0.8045549988746643,-0.8578675229927398
UBFC_PHYS_s05_T2_ctrl,13,46,131.53333333333333,0.8131287693977356,-1.0660265245069223
UBFC_PHYS_s05_T2_ctrl,13,47,131.56666666666666,0.7715925574302673,-1.174522546629641
UBFC_PHYS_s05_T2_ctrl,13,48,131.6,0.637769341468811,-1.1786626924486836
UBFC_PHYS_s05_T2_ctrl,13,49,131.63333333333333,0.46074387431144714,-1.0818739745184835
UBFC_PHYS_s05_T2_ctrl,13,50,131.66666666666666,0.3338284194469452,-0.8944688166727456
UBFC_PHYS_s05_T2_ctrl,13,51,131.7,0.26590436697006226,-0.6336795801825272
UBFC_PHYS_s05_T2_ctrl,13,52,131.73333333333332,0.2077588140964508,-0.32420716088970497
UBFC_PHYS_s05_T2_ctrl,13,53,131.76666666666668,0.16119879484176636,0.003226277243031204
UBFC_PHYS_s05_T2_ctrl,13,54,131.8,0.11945753544569016,0.31574607075128475
UBFC_PHYS_s05_T2_ctrl,13,55,131.83333333333334,0.028170160949230194,0.5827691975114029
UBFC_PHYS_s05_T2_ctrl,13,56,131.86666666666667,-0.10234656184911728,0.7795818325366292
UBFC_PHYS_s05_T2_ctrl,13,57,131.9,-0.2112685590982437,0.8892953033211088
UBFC_PHYS_s05_T2_ctrl,13,58,131.93333333333334,-0.2893940508365631,0.9034346412134717
UBFC_PHYS_s05_T2_ctrl,13,59,131.96666666666667,-0.36070147156715393,0.8222632079269463
UBFC_PHYS_s05_T2_ctrl,13,60,132.0,-0.4430690109729767,0.6552144435131971
UBFC_PHYS_s05_T2_ctrl,13,61,132.03333333333333,-0.565588653087616,0.42093797390812354
UBFC_PHYS_s05_T2_ctrl,13,62,132.06666666666666,-0.6979123950004578,0.14645171539108898
UBFC_PHYS_s05_T2_ctrl,13,63,132.1,-0.7065887451171875,-0.13497163590805525
UBFC_PHYS_s05_T2_ctrl,13,64,132.13333333333333,-0.5125309824943542,-0.3879889661433576
UBFC_PHYS_s05_T2_ctrl,13,65,132.16666666666666,-0.23096653819084167,-0.5823311211025607
UBFC_PHYS_s05_T2_ctrl,13,66,132.2,-0.04002303257584572,-0.7004427249747317
UBFC_PHYS_s05_T2_ctrl,13,67,132.23333333333332,0.016405200585722923,-0.7402754024340039
UBFC_PHYS_s05_T2_ctrl,13,68,132.26666666666668,0.015110798180103302,-0.7120277946258674
UBFC_PHYS_s05_T2_ctrl,13,69,132.3,0.028644347563385963,-0.6320343989343351
UBFC_PHYS_s05_T2_ctrl,13,70,132.33333333333334,0.09064748138189316,-0.5169748585660926
UBFC_PHYS_s05_T2_ctrl,13,71,132.36666666666667,0.20469582080841064,-0.38080857233679766
UBFC_PHYS_s05_T2_ctrl,13,72,132.4,0.3143867552280426,-0.2342726441803451
UBFC_PHYS_s05_T2_ctrl,13,73,132.43333333333334,0.34633669257164,-0.08441865569811113
UBFC_PHYS_s05_T2_ctrl,13,74,132.46666666666667,0.32560065388679504,0.06607834515340687
UBFC_PHYS_s05_T2_ctrl,13,75,132.5,0.35414156317710876,0.21774699854613924
UBFC_PHYS_s05_T2_ctrl,13,76,132.53333333333333,0.4403153955936432,0.37124191086281927
UBFC_PHYS_s05_T2_ctrl,13,77,132.56666666666666,0.44560834765434265,0.5244537215897577
UBFC_PHYS_s05_T2_ctrl,13,78,132.6,0.29147201776504517,0.670820701305115
UBFC_PHYS_s05_T2_ctrl,13,79,132.63333333333333,0.0947229191660881,0.7985967147756953
UBFC_PHYS_s05_T2_ctrl,13,80,132.66666666666666,0.0040763430297374725,0.8916576665335713
UBFC_PHYS_s05_T2_ctrl,13,81,132.7,-0.01953047141432762,0.9331096084611091
UBFC_PHYS_s05_T2_ctrl,13,82,132.73333333333332,-0.11481638997793198,0.9108932963461394
UBFC_PHYS_s05_T2_ctrl,13,83,132.76666666666668,-0.33223745226860046,0.8225997132947191
UBFC_PHYS_s05_T2_ctrl,13,84,132.8,-0.6150450706481934,0.6768240622648739
UBFC_PHYS_s05_T2_ctrl,13,85,132.83333333333334,-0.8093463182449341,0.4891434532953643
UBFC_PHYS_s05_T2_ctrl,13,86,132.86666666666667,-0.73204106092453,0.2752497845242936
UBFC_PHYS_s05_T2_ctrl,13,87,132.9,-0.3866279721260071,0.04758129960094563
UBFC_PHYS_s05_T2_ctrl,13,88,132.93333333333334,0.012406651861965656,-0.1836121877842124
UBFC_PHYS_s05_T2_ctrl,13,89,132.96666666666667,0.28270596265792847,-0.40938664495540344
UBFC_PHYS_s05_T2_ctrl,13,90,133.0,0.40643027424812317,-0.6226496045655185
UBFC_PHYS_s05_T2_ctrl,13,91,133.03333333333333,0.45260581374168396,-0.8176521506516772
UBFC_PHYS_s05_T2_ctrl,13,92,133.06666666666666,0.4924375116825104,-0.9880791309375946
UBFC_PHYS_s05_T2_ctrl,13,93,133.1,0.5537998676300049,-1.1256778357289303
UBFC_PHYS_s05_T2_ctrl,13,94,133.13333333333333,0.6237103939056396,-1.2202109695680337
UBFC_PHYS_s05_T2_ctrl,13,95,133.16666666666666,0.6677456498146057,-1.2601856527538149
UBFC_PHYS_s05_T2_ctrl,13,96,133.2,0.658454179763794,-1.233980586359209
UBFC_PHYS_s05_T2_ctrl,13,97,133.23333333333332,0.6162130832672119,-1.1312652848232743
UBFC_PHYS_s05_T2_ctrl,13,98,133.26666666666668,0.5805850028991699,-0.9448767702260676
UBFC_PHYS_s05_T2_ctrl,13,99,133.3,0.5298085808753967,-0.6734739739290728
UBFC_PHYS_s05_T2_ctrl,13,100,133.33333333333334,0.4185412526130676,-0.3246343930307528
UBFC_PHYS_s05_T2_ctrl,13,101,133.36666666666667,0.2641614079475403,0.08262197277602362
UBFC_PHYS_s05_T2_ctrl,13,102,133.4,0.11169111728668213,0.5173939489109146
UBFC_PHYS_s05_T2_ctrl,13,103,133.43333333333334,-0.04084324836730957,0.9401976769786788
UBFC_PHYS_s05_T2_ctrl,13,104,133.46666666666667,-0.2385791540145874,1.3090002581896083
UBFC_PHYS_s05_T2_ctrl,13,105,133.5,-0.4955499768257141,1.5845263451958271
UBFC_PHYS_s05_T2_ctrl,13,106,133.53333333333333,-0.717149019241333,1.7338388362384423
UBFC_PHYS_s05_T2_ctrl,13,107,133.56666666666666,-0.7705526947975159,1.7337551807777465
UBFC_PHYS_s05_T2_ctrl,13,108,133.6,-0.648033082485199,1.5747819791447262
UBFC_PHYS_s05_T2_ctrl,13,109,133.63333333333333,-0.45444950461387634,1.2649972032678134
UBFC_PHYS_s05_T2_ctrl,13,110,133.66666666666666,-0.2850494682788849,0.8319461933221544
UBFC_PHYS_s05_T2_ctrl,13,111,133.7,-0.17808829247951508,0.3197003170843324
UBFC_PHYS_s05_T2_ctrl,13,112,133.73333333333332,-0.11919941753149033,-0.21853076398177063
UBFC_PHYS_s05_T2_ctrl,13,113,133.76666666666668,-0.06484735012054443,-0.7286048098618427
UBFC_PHYS_s05_T2_ctrl,13,114,133.8,-0.013878677040338516,-1.162088987398756
UBFC_PHYS_s05_T2_ctrl,13,115,133.83333333333334,-0.006496741436421871,-1.4806173436025512
UBFC_PHYS_s05_T2_ctrl,13,116,133.86666666666667,-0.039497580379247665,-1.658467620039846
UBFC_PHYS_s05_T2_ctrl,13,117,133.9,-0.07739408314228058,-1.6847398292561946
UBFC_PHYS_s05_T2_ctrl,13,118,133.93333333333334,-0.11027957499027252,-1.5644266731159329
UBFC_PHYS_s05_T2_ctrl,13,119,133.96666666666667,-0.15353310108184814,-1.315727483286703
UBFC_PHYS_s05_T2_ctrl,13,120,134.0,-0.22141872346401215,-0.9644370117531919
UBFC_PHYS_s05_T2_ctrl,13,121,134.03333333333333,-0.31676870584487915,-0.5395858669920303
UBFC_PHYS_s05_T2_ctrl,13,122,134.06666666666666,-0.42010298371315,-0.0721697646348588
UBFC_PHYS_s05_T2_ctrl,13,123,134.1,-0.5255006551742554,0.4039445704682889
UBFC_PHYS_s05_T2_ctrl,13,124,134.13333333333333,-0.703999936580658,0.8512924596010247
UBFC_PHYS_s05_T2_ctrl,13,125,134.16666666666666,-1.0499000549316406,1.2313668406332876
UBFC_PHYS_s05_T2_ctrl,13,126,134.2,-1.5036070346832275,1.5103264524116737
UBFC_PHYS_s05_T2_ctrl,13,127,134.23333333333332,-1.853428840637207,1.6644469005519136
UBFC_PHYS_s05_T2_ctrl,13,128,134.26666666666668,-1.9762943983078003,1.6832192665360712
UBFC_PHYS_s05_T2_ctrl,13,129,134.3,-1.9271456003189087,1.5697594543068336
UBFC_PHYS_s05_T2_ctrl,13,130,134.33333333333334,-1.7508634328842163,1.3390969020811396
UBFC_PHYS_s05_T2_ctrl,13,131,134.36666666666667,-1.4719263315200806,1.0156157234018623
UBFC_PHYS_s05_T2_ctrl,13,132,134.4,-1.2241315841674805,0.6299049187442113
UBFC_PHYS_s05_T2_ctrl,13,133,134.43333333333334,-1.0893728733062744,0.21429508306097603
UBFC_PHYS_s05_T2_ctrl,13,134,134.46666666666667,-0.8866515755653381,-0.20192317635396995
UBFC_PHYS_s05_T2_ctrl,13,135,134.5,-0.3085024952888489,-0.5950111085322304
UBFC_PHYS_s05_T2_ctrl,13,136,134.53333333333333,0.8724149465560913,-0.946477586708918
UBFC_PHYS_s05_T2_ctrl,13,137,134.56666666666666,2.474602460861206,-1.2415360345872133
UBFC_PHYS_s05_T2_ctrl,13,138,134.6,3.7644803524017334,-1.467588690827778
UBFC_PHYS_s05_T2_ctrl,13,139,134.63333333333333,4.00277853012085,-1.6133790410018103
UBFC_PHYS_s05_T2_ctrl,13,140,134.66666666666666,3.2733380794525146,-1.6688521112294978
UBFC_PHYS_s05_T2_ctrl,13,141,134.7,2.2654476165771484,-1.6252130039875738
UBFC_PHYS_s05_T2_ctrl,13,142,134.73333333333332,1.4496413469314575,-1.475684763341155
UBFC_PHYS_s05_T2_ctrl,13,143,134.76666666666668,0.8932791948318481,-1.2183196229094027
UBFC_PHYS_s05_T2_ctrl,13,144,134.8,0.4935140311717987,-0.8602072810945726
UBFC_PHYS_s05_T2_ctrl,13,145,134.83333333333334,0.13165822625160217,-0.4204855657047946
UBFC_PHYS_s05_T2_ctrl,13,146,134.86666666666667,-0.19280089437961578,0.06947616448807906
UBFC_PHYS_s05_T2_ctrl,13,147,134.9,-0.33418548107147217,0.5690162149029958
UBFC_PHYS_s05_T2_ctrl,13,148,134.93333333333334,-0.20727001130580902,1.0334499021950962
UBFC_PHYS_s05_T2_ctrl,13,149,134.96666666666667,-0.003331224201247096,1.4199324175579193
UBFC_PHYS_s05_T2_ctrl,13,150,135.0,-0.030526479706168175,1.6926583185070667
UBFC_PHYS_s05_T2_ctrl,13,151,135.03333333333333,-0.29596856236457825,1.8267742696074905
UBFC_PHYS_s05_T2_ctrl,13,152,135.06666666666666,-0.4869248867034912,1.8107783143367642
UBFC_PHYS_s05_T2_ctrl,13,153,135.1,-0.4668680727481842,1.6474814506095676
UBFC_PHYS_s05_T2_ctrl,13,154,135.13333333333333,-0.36873704195022583,1.353665817254333
UBFC_PHYS_s05_T2_ctrl,13,155,135.16666666666666,-0.2999158501625061,0.958548947830735
UBFC_PHYS_s05_T2_ctrl,13,156,135.2,-0.23583656549453735,0.5006979943135281
UBFC_PHYS_s05_T2_ctrl,13,157,135.23333333333332,-0.16911719739437103,0.022754722373983603
UBFC_PHYS_s05_T2_ctrl,13,158,135.26666666666668,-0.14096075296401978,-0.4348773085746447
UBFC_PHYS_s05_T2_ctrl,13,159,135.3,-0.14994466304779053,-0.8385855159861104
UBFC_PHYS_s05_T2_ctrl,13,160,135.33333333333334,-0.16855329275131226,-1.163532229653496
UBFC_PHYS_s05_T2_ctrl,13,161,135.36666666666667,-0.20815430581569672,-1.3943213709004534
UBFC_PHYS_s05_T2_ctrl,13,162,135.4,-0.2957378923892975,-1.5246129528003858
UBFC_PHYS_s05_T2_ctrl,13,163,135.43333333333334,-0.42119234800338745,-1.5548713160560084
UBFC_PHYS_s05_T2_ctrl,13,164,135.46666666666667,-0.5221172571182251,-1.488938712457771
UBFC_PHYS_s05_T2_ctrl,13,165,135.5,-0.5101600289344788,-1.331534856586557
UBFC_PHYS_s05_T2_ctrl,13,166,135.53333333333333,-0.3578435480594635,-1.0881035280916727
UBFC_PHYS_s05_T2_ctrl,13,167,135.56666666666666,-0.16009482741355896,-0.7674046935367677
UBFC_PHYS_s05_T2_ctrl,13,168,135.6,-0.007342588622123003,-0.3848907005276133
UBFC_PHYS_s05_T2_ctrl,13,169,135.63333333333333,0.09067311137914658,0.03694878091947992
UBFC_PHYS_s05_T2_ctrl,13,170,135.66666666666666,0.15568797290325165,0.47128740872478636
UBFC_PHYS_s05_T2_ctrl,13,171,135.7,0.1952761560678482,0.888957394820864
UBFC_PHYS_s05_T2_ctrl,13,172,135.73333333333332,0.2203824371099472,1.2585694538252754
UBFC_PHYS_s05_T2_ctrl,13,173,135.76666666666668,0.2369917929172516,1.5464875005810477
UBFC_PHYS_s05_T2_ctrl,13,174,135.8,0.2306094914674759,1.7190856311658727
UBFC_PHYS_s05_T2_ctrl,13,175,135.83333333333334,0.19375106692314148,1.7496411159754441
UBFC_PHYS_s05_T2_ctrl,13,176,135.86666666666667,0.15109989047050476,1.6276477658807365
UBFC_PHYS_s05_T2_ctrl,13,177,135.9,0.12030337750911713,1.3641672812117496
UBFC_PHYS_s05_T2_ctrl,13,178,135.93333333333334,0.056095920503139496,0.9903860552658065
UBFC_PHYS_s05_T2_ctrl,13,179,135.96666666666667,-0.0977841168642044,0.5507588222904172
UBFC_PHYS_s05_T2_ctrl,13,180,136.0,-0.3123472332954407,0.09364051973827543
UBFC_PHYS_s05_T2_ctrl,13,181,136.03333333333333,-0.5259491801261902,-0.3368055251149068
UBFC_PHYS_s05_T2_ctrl,13,182,136.06666666666666,-0.7153035402297974,-0.7060513468009343
UBFC_PHYS_s05_T2_ctrl,13,183,136.1,-0.8048992156982422,-0.9931152783008144
UBFC_PHYS_s05_T2_ctrl,13,184,136.13333333333333,-0.7019366025924683,-1.1922590010298146
UBFC_PHYS_s05_T2_ctrl,13,185,136.16666666666666,-0.4622928202152252,-1.310048575885704
UBFC_PHYS_s05_T2_ctrl,13,186,136.2,-0.2427186816930771,-1.3586942975194072
UBFC_PHYS_s05_T2_ctrl,13,187,136.23333333333332,-0.13115660846233368,-1.349785809011719
UBFC_PHYS_s05_T2_ctrl,13,188,136.26666666666668,-0.09921949356794357,-1.2906836091640348
UBFC_PHYS_s05_T2_ctrl,13,189,136.3,-0.017223617061972618,-1.1835465504442386
UBFC_PHYS_s05_T2_ctrl,13,190,136.33333333333334,0.2764774560928345,-1.026541922751228
UBFC_PHYS_s05_T2_ctrl,13,191,136.36666666666667,0.8504485487937927,-0.8165475848801081
UBFC_PHYS_s05_T2_ctrl,13,192,136.4,1.5981899499893188,-0.5523851380478523
UBFC_PHYS_s05_T2_ctrl,13,193,136.43333333333334,2.3114821910858154,-0.2375265548740115
UBFC_PHYS_s05_T2_ctrl,13,194,136.46666666666667,2.832242012023926,0.11796183363363566
UBFC_PHYS_s05_T2_ctrl,13,195,136.5,3.100452184677124,0.49572176425656717
UBFC_PHYS_s05_T2_ctrl,13,196,136.53333333333333,3.079139471054077,0.8684741401108815
UBFC_PHYS_s05_T2_ctrl,13,197,136.56666666666666,2.786771297454834,1.202449874769505
UBFC_PHYS_s05_T2_ctrl,13,198,136.6,2.2869014739990234,1.4625734758875386
UBFC_PHYS_s05_T2_ctrl,13,199,136.63333333333333,1.6404823064804077,1.6177971201726864
UBFC_PHYS_s05_T2_ctrl,13,200,136.66666666666666,0.913105309009552,1.6453719596029523
UBFC_PHYS_s05_T2_ctrl,13,201,136.7,0.23741470277309418,1.5343889923867915
UBFC_PHYS_s05_T2_ctrl,13,202,136.73333333333332,-0.2450896054506302,1.2885539294959758
UBFC_PHYS_s05_T2_ctrl,13,203,136.76666666666668,-0.5324596166610718,0.9276370925812867
UBFC_PHYS_s05_T2_ctrl,13,204,136.8,-0.7646830081939697,0.48637942854528476
UBFC_PHYS_s05_T2_ctrl,13,205,136.83333333333334,-1.0281771421432495,0.00929974888579675
UBFC_PHYS_s05_T2_ctrl,13,206,136.86666666666667,-1.279893398284912,-0.45719399284942114
UBFC_PHYS_s05_T2_ctrl,13,207,136.9,-1.463736891746521,-0.871256259465111
UBFC_PHYS_s05_T2_ctrl,13,208,136.93333333333334,-1.588729977607727,-1.1990749526154039
UBFC_PHYS_s05_T2_ctrl,13,209,136.96666666666667,-1.6706618070602417,-1.4166290463465845
UBFC_PHYS_s05_T2_ctrl,13,210,137.0,-1.6947300434112549,-1.510480502952946
UBFC_PHYS_s05_T2_ctrl,13,211,137.03333333333333,-1.660639762878418,-1.477526716703772
UBFC_PHYS_s05_T2_ctrl,13,212,137.06666666666666,-1.577528953552246,-1.3241958905512832
UBFC_PHYS_s05_T2_ctrl,13,213,137.1,-1.4508570432662964,-1.0659950844027835
UBFC_PHYS_s05_T2_ctrl,13,214,137.13333333333333,-1.3408457040786743,-0.7270086415035595
UBFC_PHYS_s05_T2_ctrl,13,215,137.16666666666666,-1.294746994972229,-0.3377832984766353
UBFC_PHYS_s05_T2_ctrl,13,216,137.2,-1.2628098726272583,0.06832430769601512
UBFC_PHYS_s05_T2_ctrl,13,217,137.23333333333332,-1.2032930850982666,0.4585641784645939
UBFC_PHYS_s05_T2_ctrl,13,218,137.26666666666668,-1.1385858058929443,0.8031600086734284
UBFC_PHYS_s05_T2_ctrl,13,219,137.3,-1.0470036268234253,1.0769023025505924
UBFC_PHYS_s05_T2_ctrl,13,220,137.33333333333334,-0.8693245053291321,1.2603732967502599
UBFC_PHYS_s05_T2_ctrl,13,221,137.36666666666667,-0.4778256416320801,1.3411556130211832
UBFC_PHYS_s05_T2_ctrl,13,222,137.4,0.4247313141822815,1.3149418164051438
UBFC_PHYS_s05_T2_ctrl,13,223,137.43333333333334,1.918176293373108,1.1860142045383646
UBFC_PHYS_s05_T2_ctrl,13,224,137.46666666666667,3.4793148040771484,0.966864816130681
UBFC_PHYS_s05_T2_ctrl,13,225,137.5,4.484565258026123,0.6770816678238417
UBFC_PHYS_s05_T2_ctrl,13,226,137.53333333333333,4.774101257324219,0.341444966589741
UBFC_PHYS_s05_T2_ctrl,13,227,137.56666666666666,4.553898811340332,-0.012941706825787345
UBFC_PHYS_s05_T2_ctrl,13,228,137.6,4.0816731452941895,-0.35992666914283566
UBFC_PHYS_s05_T2_ctrl,13,229,137.63333333333333,3.574241876602173,-0.6767602396503432
UBFC_PHYS_s05_T2_ctrl,13,230,137.66666666666666,3.0444469451904297,-0.9451985029409309
UBFC_PHYS_s05_T2_ctrl,13,231,137.7,2.453725576400757,-1.15152293818412
UBFC_PHYS_s05_T2_ctrl,13,232,137.73333333333332,1.8785240650177002,-1.2858256872243574
UBFC_PHYS_s05_T2_ctrl,13,233,137.76666666666668,1.3566237688064575,-1.3409042379759022
UBFC_PHYS_s05_T2_ctrl,13,234,137.8,0.8671476244926453,-1.31152013435233
UBFC_PHYS_s05_T2_ctrl,13,235,137.83333333333334,0.4103391170501709,-1.1950097510450637
UBFC_PHYS_s05_T2_ctrl,13,236,137.86666666666667,-0.04288096725940704,-0.9930486066975477
UBFC_PHYS_s05_T2_ctrl,13,237,137.9,-0.4970109760761261,-0.7132242598320094
UBFC_PHYS_s05_T2_ctrl,13,238,137.93333333333334,-0.978118360042572,-0.36972027938994423
UBFC_PHYS_s05_T2_ctrl,13,239,137.96666666666667,-1.6572308540344238,0.01679432417757792
UBFC_PHYS_s05_T2_ctrl,13,240,138.0,-2.5728726387023926,0.41985617998341335
UBFC_PHYS_s05_T2_ctrl,13,241,138.03333333333333,-3.344425916671753,0.8082304625008313
UBFC_PHYS_s05_T2_ctrl,13,242,138.06666666666666,-3.651211977005005,1.1476245523388107
UBFC_PHYS_s05_T2_ctrl,13,243,138.1,-3.592233419418335,1.4039176527158195
UBFC_PHYS_s05_T2_ctrl,13,244,138.13333333333333,-3.3174614906311035,1.5477994543056495
UBFC_PHYS_s05_T2_ctrl,13,245,138.16666666666666,-2.825409173965454,1.5596813133771599
UBFC_PHYS_s05_T2_ctrl,13,246,138.2,-2.2116193771362305,1.4338821453029715
UBFC_PHYS_s05_T2_ctrl,13,247,138.23333333333332,-1.654449701309204,1.1813293316397777
UBFC_PHYS_s05_T2_ctrl,13,248,138.26666666666668,-1.1634869575500488,0.8294971727509379
UBFC_PHYS_s05_T2_ctrl,13,249,138.3,-0.6863268613815308,0.4180721755913045
UBFC_PHYS_s05_T2_ctrl,13,250,138.33333333333334,-0.32881563901901245,-0.008431309731773088
UBFC_PHYS_s05_T2_ctrl,13,251,138.36666666666667,-0.17534570395946503,-0.40735383742576536
UBFC_PHYS_s05_T2_ctrl,13,252,138.4,-0.11768714338541031,-0.7423653553139201
UBFC_PHYS_s05_T2_ctrl,13,253,138.43333333333334,-0.03562719002366066,-0.9866626884131486
UBFC_PHYS_s05_T2_ctrl,13,254,138.46666666666667,0.02745247259736061,-1.1253779654550937
UBFC_PHYS_s05_T2_ctrl,13,255,138.5,0.0006160607445053756,-1.1569491905698943
UBFC_PHYS_s05_T2_ctrl,13,256,138.53333333333333,-0.06455259025096893,-1.0929366838131256
UBFC_PHYS_s05_T2_ctrl,13,257,138.56666666666666,-0.06902532279491425,-0.9556171261853558
UBFC_PHYS_s05_T2_ctrl,13,258,138.6,0.05202047526836395,-0.7730853351288876
UBFC_PHYS_s05_T2_ctrl,13,259,138.63333333333333,0.33704519271850586,-0.572200165336767
UBFC_PHYS_s05_T2_ctrl,13,260,138.66666666666666,0.7069621682167053,-0.37170334537573224
UBFC_PHYS_s05_T2_ctrl,13,261,138.7,0.9425048828125,-0.17940652022322062
UBFC_PHYS_s05_T2_ctrl,13,262,138.73333333333332,0.8974955677986145,0.005425940815355678
UBFC_PHYS_s05_T2_ctrl,13,263,138.76666666666668,0.6465610265731812,0.18638608521861122
UBFC_PHYS_s05_T2_ctrl,13,264,138.8,0.41219741106033325,0.36383755482396857
UBFC_PHYS_s05_T2_ctrl,13,265,138.83333333333334,0.39303770661354065,0.5317174446058578
UBFC_PHYS_s05_T2_ctrl,13,266,138.86666666666667,0.5972328186035156,0.677992707875857
UBFC_PHYS_s05_T2_ctrl,13,267,138.9,0.8746833801269531,0.7869473884452561
UBFC_PHYS_s05_T2_ctrl,13,268,138.93333333333334,1.1474432945251465,0.8423135653665654
UBFC_PHYS_s05_T2_ctrl,13,269,138.96666666666667,1.4083229303359985,0.8313132255227526
UBFC_PHYS_s05_T2_ctrl,13,270,139.0,1.566009283065796,0.7485758446124574
UBFC_PHYS_s05_T2_ctrl,13,271,139.03333333333333,1.5315217971801758,0.5979355080079263
UBFC_PHYS_s05_T2_ctrl,13,272,139.06666666666666,1.3508950471878052,0.39181745939541407
UBFC_PHYS_s05_T2_ctrl,13,273,139.1,1.0810699462890625,0.14963372922920407
UBFC_PHYS_s05_T2_ctrl,13,274,139.13333333333333,0.743166983127594,-0.10435258212249197
UBFC_PHYS_s05_T2_ctrl,13,275,139.16666666666666,0.3504890501499176,-0.34427599444316087
UBFC_PHYS_s05_T2_ctrl,13,276,139.2,-0.07204986363649368,-0.5467050648208774
UBFC_PHYS_s05_T2_ctrl,13,277,139.23333333333332,-0.47021299600601196,-0.6941940837489035
UBFC_PHYS_s05_T2_ctrl,13,278,139.26666666666668,-0.7852396965026855,-0.7774197382118612
UBFC_PHYS_s05_T2_ctrl,13,279,139.3,-1.0040961503982544,-0.7954597711940634
UBFC_PHYS_s05_T2_ctrl,13,280,139.33333333333334,-1.150184154510498,-0.7542939153335038
UBFC_PHYS_s05_T2_ctrl,13,281,139.36666666666667,-1.230244755744934,-0.6641008616906775
UBFC_PHYS_s05_T2_ctrl,13,282,139.4,-1.2248237133026123,-0.5363519349112602
UBFC_PHYS_s05_T2_ctrl,13,283,139.43333333333334,-1.1616030931472778,-0.38193656171271106
UBFC_PHYS_s05_T2_ctrl,13,284,139.46666666666667,-1.1240012645721436,-0.21078262228209335
UBFC_PHYS_s05_T2_ctrl,13,285,139.5,-1.115517258644104,-0.032595938299206435
UBFC_PHYS_s05_T2_ctrl,13,286,139.53333333333333,-1.0509508848190308,0.14201314924392308
UBFC_PHYS_s05_T2_ctrl,13,287,139.56666666666666,-0.93918377161026,0.30091531180984865
UBFC_PHYS_s05_T2_ctrl,13,288,139.6,-0.8676841259002686,0.4311926926512169
UBFC_PHYS_s05_T2_ctrl,13,289,139.63333333333333,-0.8487935066223145,0.5217503333165971
UBFC_PHYS_s05_T2_ctrl,13,290,139.66666666666666,-0.813319206237793,0.5667990037724788
UBFC_PHYS_s05_T2_ctrl,13,291,139.7,-0.6949006915092468,0.5678626532387948
UBFC_PHYS_s05_T2_ctrl,13,292,139.73333333333332,-0.4680599570274353,0.533122258431499
UBFC_PHYS_s05_T2_ctrl,13,293,139.76666666666668,-0.17210328578948975,0.47435865417119916
UBFC_PHYS_s05_T2_ctrl,13,294,139.8,0.10046442598104477,0.4029626615667438
UBFC_PHYS_s05_T2_ctrl,13,295,139.83333333333334,0.29531675577163696,0.3273523022454789
UBFC_PHYS_s05_T2_ctrl,13,296,139.86666666666667,0.43239521980285645,0.2525589668497113
UBFC_PHYS_s05_T2_ctrl,13,297,139.9,0.5507240295410156,0.18103925932283982
UBFC_PHYS_s05_T2_ctrl,13,298,139.93333333333334,0.6597229242324829,0.11370378144609365
UBFC_PHYS_s05_T2_ctrl,13,299,139.96666666666667,0.7331706285476685,0.05037478259370838
UBFC_PHYS_s05_T2_ctrl,14,0,140.0,0.7293899655342102,0.06052208054829431
UBFC_PHYS_s05_T2_ctrl,14,1,140.03333333333333,0.6454204320907593,0.24354349074809695
UBFC_PHYS_s05_T2_ctrl,14,2,140.06666666666666,0.5387540459632874,0.4242056187257517
UBFC_PHYS_s05_T2_ctrl,14,3,140.1,0.436073362827301,0.5984642691244207
UBFC_PHYS_s05_T2_ctrl,14,4,140.13333333333333,0.3292531669139862,0.755973483812848
UBFC_PHYS_s05_T2_ctrl,14,5,140.16666666666666,0.24796216189861298,0.8801273325186378
UBFC_PHYS_s05_T2_ctrl,14,6,140.2,0.22103604674339294,0.951002889655225
UBFC_PHYS_s05_T2_ctrl,14,7,140.23333333333332,0.2032732516527176,0.9520435113101856
UBFC_PHYS_s05_T2_ctrl,14,8,140.26666666666668,0.15508562326431274,0.8771479937099962
UBFC_PHYS_s05_T2_ctrl,14,9,140.3,0.12414813786745071,0.7314293660905545
UBFC_PHYS_s05_T2_ctrl,14,10,140.33333333333334,0.13774576783180237,0.5262776235526238
UBFC_PHYS_s05_T2_ctrl,14,11,140.36666666666667,0.12571166455745697,0.27648427624566757
UBFC_PHYS_s05_T2_ctrl,14,12,140.4,0.009766585193574429,0.0011212221814508603
UBFC_PHYS_s05_T2_ctrl,14,13,140.43333333333334,-0.18490633368492126,-0.276620542408471
UBFC_PHYS_s05_T2_ctrl,14,14,140.46666666666667,-0.3222410976886749,-0.5322400890376575
UBFC_PHYS_s05_T2_ctrl,14,15,140.5,-0.25871285796165466,-0.7432804546215119
UBFC_PHYS_s05_T2_ctrl,14,16,140.53333333333333,0.008279944770038128,-0.891943401546644
UBFC_PHYS_s05_T2_ctrl,14,17,140.56666666666666,0.2794891893863678,-0.9667781462101832
UBFC_PHYS_s05_T2_ctrl,14,18,140.6,0.38620683550834656,-0.963253328095533
UBFC_PHYS_s05_T2_ctrl,14,19,140.63333333333333,0.3702126443386078,-0.883011766724574
UBFC_PHYS_s05_T2_ctrl,14,20,140.66666666666666,0.3652913570404053,-0.7324197669895579
UBFC_PHYS_s05_T2_ctrl,14,21,140.7,0.38885971903800964,-0.5216785239463813
UBFC_PHYS_s05_T2_ctrl,14,22,140.73333333333332,0.3892441987991333,-0.26487229770729404
UBFC_PHYS_s05_T2_ctrl,14,23,140.76666666666668,0.37160956859588623,0.019649552879031
UBFC_PHYS_s05_T2_ctrl,14,24,140.8,0.34699031710624695,0.3092199190664352
UBFC_PHYS_s05_T2_ctrl,14,25,140.83333333333334,0.2990974485874176,0.5776738368158926
UBFC_PHYS_s05_T2_ctrl,14,26,140.86666666666667,0.2460654079914093,0.7977296711183527
UBFC_PHYS_s05_T2_ctrl,14,27,140.9,0.19708319008350372,0.9455209271902457
UBFC_PHYS_s05_T2_ctrl,14,28,140.93333333333334,0.11160141229629517,1.005918476178901
UBFC_PHYS_s05_T2_ctrl,14,29,140.96666666666667,-0.006253240164369345,0.9755733589656423
UBFC_PHYS_s05_T2_ctrl,14,30,141.0,-0.09684855490922928,0.8620958272636745
UBFC_PHYS_s05_T2_ctrl,14,31,141.03333333333333,-0.16838668286800385,0.6796550062311371
UBFC_PHYS_s05_T2_ctrl,14,32,141.06666666666666,-0.27862870693206787,0.44366829148592046
UBFC_PHYS_s05_T2_ctrl,14,33,141.1,-0.42165371775627136,0.16897542688611084
UBFC_PHYS_s05_T2_ctrl,14,34,141.13333333333333,-0.5492355823516846,-0.12798482211930004
UBFC_PHYS_s05_T2_ctrl,14,35,141.16666666666666,-0.6340894103050232,-0.4264474685712232
UBFC_PHYS_s05_T2_ctrl,14,36,141.2,-0.7026286125183105,-0.7006131595776749
UBFC_PHYS_s05_T2_ctrl,14,37,141.23333333333332,-0.8076802492141724,-0.9219610754263463
UBFC_PHYS_s05_T2_ctrl,14,38,141.26666666666668,-0.9067212343215942,-1.0637088096556118
UBFC_PHYS_s05_T2_ctrl,14,39,141.3,-0.856957197189331,-1.1048718618856748
UBFC_PHYS_s05_T2_ctrl,14,40,141.33333333333334,-0.6440216898918152,-1.0332770124526176
UBFC_PHYS_s05_T2_ctrl,14,41,141.36666666666667,-0.41213151812553406,-0.8488121490835642
UBFC_PHYS_s05_T2_ctrl,14,42,141.4,-0.24560225009918213,-0.5665572241271462
UBFC_PHYS_s05_T2_ctrl,14,43,141.43333333333334,-0.09748934954404831,-0.21775506288162405
UBFC_PHYS_s05_T2_ctrl,14,44,141.46666666666667,0.07133397459983826,0.15326970506223328
UBFC_PHYS_s05_T2_ctrl,14,45,141.5,0.2205362170934677,0.4974269613399554
UBFC_PHYS_s05_T2_ctrl,14,46,141.53333333333333,0.3035445511341095,0.771787774091108
UBFC_PHYS_s05_T2_ctrl,14,47,141.56666666666666,0.3594345152378082,0.9471660511120009
UBFC_PHYS_s05_T2_ctrl,14,48,141.6,0.4588727653026581,1.009946625164784
UBFC_PHYS_s05_T2_ctrl,14,49,141.63333333333333,0.6032049655914307,0.959743353069814
UBFC_PHYS_s05_T2_ctrl,14,50,141.66666666666666,0.7313764095306396,0.8058218465208108
UBFC_PHYS_s05_T2_ctrl,14,51,141.7,0.7897911071777344,0.5657386957954258
UBFC_PHYS_s05_T2_ctrl,14,52,141.73333333333332,0.7586870193481445,0.2659872507200513
UBFC_PHYS_s05_T2_ctrl,14,53,141.76666666666668,0.6608507037162781,-0.059087725453305935
UBFC_PHYS_s05_T2_ctrl,14,54,141.8,0.5483403205871582,-0.3712148230570849
UBFC_PHYS_s05_T2_ctrl,14,55,141.83333333333334,0.44039231538772583,-0.633046484290559
UBFC_PHYS_s05_T2_ctrl,14,56,141.86666666666667,0.3249213993549347,-0.8126930264027846
UBFC_PHYS_s05_T2_ctrl,14,57,141.9,0.191123828291893,-0.887572407784744
UBFC_PHYS_s05_T2_ctrl,14,58,141.93333333333334,0.02568388357758522,-0.8476890432931993
UBFC_PHYS_s05_T2_ctrl,14,59,141.96666666666667,-0.18208684027194977,-0.6987272024391704
UBFC_PHYS_s05_T2_ctrl,14,60,142.0,-0.3930871784687042,-0.4636730160164327
UBFC_PHYS_s05_T2_ctrl,14,61,142.03333333333333,-0.49160268902778625,-0.18027835433625217
UBFC_PHYS_s05_T2_ctrl,14,62,142.06666666666666,-0.4046470820903778,0.10588960392324363
UBFC_PHYS_s05_T2_ctrl,14,63,142.1,-0.19938825070858002,0.3504450668113915
UBFC_PHYS_s05_T2_ctrl,14,64,142.13333333333333,0.002192411571741104,0.5184909671517907
UBFC_PHYS_s05_T2_ctrl,14,65,142.16666666666666,0.13915550708770752,0.589614286056529
UBFC_PHYS_s05_T2_ctrl,14,66,142.2,0.1952761560678482,0.5597116767272257
UBFC_PHYS_s05_T2_ctrl,14,67,142.23333333333332,0.1651332527399063,0.44227309105253043
UBFC_PHYS_s05_T2_ctrl,14,68,142.26666666666668,0.08534171432256699,0.26843139058205573
UBFC_PHYS_s05_T2_ctrl,14,69,142.3,0.006229407619684935,0.08193035891852256
UBFC_PHYS_s05_T2_ctrl,14,70,142.33333333333334,-0.08813377469778061,-0.07068610459268476
UBFC_PHYS_s05_T2_ctrl,14,71,142.36666666666667,-0.24041181802749634,-0.1500772269648774
UBFC_PHYS_s05_T2_ctrl,14,72,142.4,-0.4155021011829376,-0.13213701913881035
UBFC_PHYS_s05_T2_ctrl,14,73,142.43333333333334,-0.5124797224998474,-0.014545744086610836
UBFC_PHYS_s05_T2_ctrl,14,74,142.46666666666667,-0.49396079778671265,0.17973878175707983
UBFC_PHYS_s05_T2_ctrl,14,75,142.5,-0.44345349073410034,0.40550591566485844
UBFC_PHYS_s05_T2_ctrl,14,76,142.53333333333333,-0.4573843479156494,0.6055755490718143
UBFC_PHYS_s05_T2_ctrl,14,77,142.56666666666666,-0.5281663537025452,0.7259828458619447
UBFC_PHYS_s05_T2_ctrl,14,78,142.6,-0.61719810962677,0.7309896513708896
UBFC_PHYS_s05_T2_ctrl,14,79,142.63333333333333,-0.7348477244377136,0.6110640929549185
UBFC_PHYS_s05_T2_ctrl,14,80,142.66666666666666,-0.885921061038971,0.3819060431773025
UBFC_PHYS_s05_T2_ctrl,14,81,142.7,-0.9931385517120361,0.07778292958687007
UBFC_PHYS_s05_T2_ctrl,14,82,142.73333333333332,-0.9483984112739563,-0.2580427763760997
UBFC_PHYS_s05_T2_ctrl,14,83,142.76666666666668,-0.7289652228355408,-0.5840719781655848
UBFC_PHYS_s05_T2_ctrl,14,84,142.8,-0.4303428828716278,-0.86917865986944
UBFC_PHYS_s05_T2_ctrl,14,85,142.83333333333334,-0.1681688129901886,-1.0946965098652857
UBFC_PHYS_s05_T2_ctrl,14,86,142.86666666666667,0.0077544949017465115,-1.2504174840806128
UBFC_PHYS_s05_T2_ctrl,14,87,142.9,0.11899615824222565,-1.3295292954272566
UBFC_PHYS_s05_T2_ctrl,14,88,142.93333333333334,0.21037323772907257,-1.325788076695842
UBFC_PHYS_s05_T2_ctrl,14,89,142.96666666666667,0.28294944763183594,-1.233687730719106
UBFC_PHYS_s05_T2_ctrl,14,90,143.0,0.3026218116283417,-1.0507217609882307
UBFC_PHYS_s05_T2_ctrl,14,91,143.03333333333333,0.28547418117523193,-0.7794748791852342
UBFC_PHYS_s05_T2_ctrl,14,92,143.06666666666666,0.2867685854434967,-0.4288136755853607
UBFC_PHYS_s05_T2_ctrl,14,93,143.1,0.3099652826786041,-0.015110635330431048
UBFC_PHYS_s05_T2_ctrl,14,94,143.13333333333333,0.32799720764160156,0.436410886573513
UBFC_PHYS_s05_T2_ctrl,14,95,143.16666666666666,0.3381217420101166,0.8910800266520911
UBFC_PHYS_s05_T2_ctrl,14,96,143.2,0.34668272733688354,1.3063008361321442
UBFC_PHYS_s05_T2_ctrl,14,97,143.23333333333332,0.35410311818122864,1.6366738092669797
UBFC_PHYS_s05_T2_ctrl,14,98,143.26666666666668,0.37105849385261536,1.8416799148788565
UBFC_PHYS_s05_T2_ctrl,14,99,143.3,0.4279993772506714,1.8924945431140148
UBFC_PHYS_s05_T2_ctrl,14,100,143.33333333333334,0.5974506735801697,1.7760050888541354
UBFC_PHYS_s05_T2_ctrl,14,101,143.36666666666667,0.9566023349761963,1.4959348617381323
UBFC_PHYS_s05_T2_ctrl,14,102,143.4,1.447936773300171,1.0724269806538778
UBFC_PHYS_s05_T2_ctrl,14,103,143.43333333333334,1.8489066362380981,0.5423933505084212
UBFC_PHYS_s05_T2_ctrl,14,104,143.46666666666667,1.9174970388412476,-0.04100270980374634
UBFC_PHYS_s05_T2_ctrl,14,105,143.5,1.562164545059204,-0.614797506042304
UBFC_PHYS_s05_T2_ctrl,14,106,143.53333333333333,0.951565682888031,-1.1176531523268358
UBFC_PHYS_s05_T2_ctrl,14,107,143.56666666666666,0.42647427320480347,-1.4993095422900975
UBFC_PHYS_s05_T2_ctrl,14,108,143.6,0.1236867681145668,-1.7249937608500618
UBFC_PHYS_s05_T2_ctrl,14,109,143.63333333333333,-0.09449043869972229,-1.7761879013430282
UBFC_PHYS_s05_T2_ctrl,14,110,143.66666666666666,-0.3468859791755676,-1.6500586995012227
UBFC_PHYS_s05_T2_ctrl,14,111,143.7,-0.5854403972625732,-1.3599875688192804
UBFC_PHYS_s05_T2_ctrl,14,112,143.73333333333332,-0.7548404335975647,-0.9372219966716715
UBFC_PHYS_s05_T2_ctrl,14,113,143.76666666666668,-0.8777317404747009,-0.43121684779148756
UBFC_PHYS_s05_T2_ctrl,14,114,143.8,-0.975375771522522,0.09437915265125432
UBFC_PHYS_s05_T2_ctrl,14,115,143.83333333333334,-1.0532962083816528,0.5727934186835574
UBFC_PHYS_s05_T2_ctrl,14,116,143.86666666666667,-1.1412770748138428,0.9490933334785795
UBFC_PHYS_s05_T2_ctrl,14,117,143.9,-1.257542610168457,1.1905489304504226
UBFC_PHYS_s05_T2_ctrl,14,118,143.93333333333334,-1.348317265510559,1.288560507309322
UBFC_PHYS_s05_T2_ctrl,14,119,143.96666666666667,-1.2910560369491577,1.2537621022863354
UBFC_PHYS_s05_T2_ctrl,14,120,144.0,-1.006133794784546,1.1081799601611468
UBFC_PHYS_s05_T2_ctrl,14,121,144.03333333333333,-0.5784941911697388,0.8795771612455849
UBFC_PHYS_s05_T2_ctrl,14,122,144.06666666666666,-0.19910630583763123,0.5989258642098076
UBFC_PHYS_s05_T2_ctrl,14,123,144.1,0.044523198157548904,0.29772923390381645
UBFC_PHYS_s05_T2_ctrl,14,124,144.13333333333333,0.20709238946437836,0.00433347888927213
UBFC_PHYS_s05_T2_ctrl,14,125,144.16666666666666,0.38099080324172974,-0.2588185131086026
UBFC_PHYS_s05_T2_ctrl,14,126,144.2,0.5850192904472351,-0.4765944292814228
UBFC_PHYS_s05_T2_ctrl,14,127,144.23333333333332,0.746563196182251,-0.6424178118488797
UBFC_PHYS_s05_T2_ctrl,14,128,144.26666666666668,0.7936486601829529,-0.7585842022995568
UBFC_PHYS_s05_T2_ctrl,14,129,144.3,0.7300435304641724,-0.8331445559404168
UBFC_PHYS_s05_T2_ctrl,14,130,144.33333333333334,0.5916194319725037,-0.8737179469908081
UBFC_PHYS_s05_T2_ctrl,14,131,144.36666666666667,0.4168623983860016,-0.8815116487847212
UBFC_PHYS_s05_T2_ctrl,14,132,144.4,0.25759968161582947,-0.8488229519320035
UBFC_PHYS_s05_T2_ctrl,14,133,144.43333333333334,0.1263781040906906,-0.762518485154456
UBFC_PHYS_s05_T2_ctrl,14,134,144.46666666666667,-0.019786788150668144,-0.6120879108083036
UBFC_PHYS_s05_T2_ctrl,14,135,144.5,-0.21507486701011658,-0.39725538650141434
UBFC_PHYS_s05_T2_ctrl,14,136,144.53333333333333,-0.4646509289741516,-0.13185201739284805
UBFC_PHYS_s05_T2_ctrl,14,137,144.56666666666666,-0.7084214091300964,0.15693559297012738
UBFC_PHYS_s05_T2_ctrl,14,138,144.6,-0.8045915961265564,0.4338842126369072
UBFC_PHYS_s05_T2_ctrl,14,139,144.63333333333333,-0.6845710873603821,0.6646178492278314
UBFC_PHYS_s05_T2_ctrl,14,140,144.66666666666666,-0.47542905807495117,0.8245818579565986
UBFC_PHYS_s05_T2_ctrl,14,141,144.7,-0.33564648032188416,0.9028748500302648
UBFC_PHYS_s05_T2_ctrl,14,142,144.73333333333332,-0.2748224139213562,0.9008253591029897
UBFC_PHYS_s05_T2_ctrl,14,143,144.76666666666668,-0.22191853821277618,0.8301735927538884
UBFC_PHYS_s05_T2_ctrl,14,144,144.8,-0.15874916315078735,0.7118127079228532
UBFC_PHYS_s05_T2_ctrl,14,145,144.83333333333334,-0.11434220522642136,0.5719161644357316
UBFC_PHYS_s05_T2_ctrl,14,146,144.86666666666667,-0.09484928101301193,0.43512787803695774
UBFC_PHYS_s05_T2_ctrl,14,147,144.9,-0.07731718569993973,0.31763944659078125
UBFC_PHYS_s05_T2_ctrl,14,148,144.93333333333334,-0.046802621334791183,0.22287117874409262
UBFC_PHYS_s05_T2_ctrl,14,149,144.96666666666667,-0.017069825902581215,0.14180850867003275
UBFC_PHYS_s05_T2_ctrl,14,150,145.0,-0.017262063920497894,0.05777591138674329
UBFC_PHYS_s05_T2_ctrl,14,151,145.03333333333333,-0.06270710378885269,-0.04678740951454749
UBFC_PHYS_s05_T2_ctrl,14,152,145.06666666666666,-0.1377311497926712,-0.18405360166096943
UBFC_PHYS_s05_T2_ctrl,14,153,145.1,-0.22584019601345062,-0.3571190153751041
UBFC_PHYS_s05_T2_ctrl,14,154,145.13333333333333,-0.331430047750473,-0.559242371433724
UBFC_PHYS_s05_T2_ctrl,14,155,145.16666666666666,-0.4665861129760742,-0.7746734476843484
UBFC_PHYS_s05_T2_ctrl,14,156,145.2,-0.5917073488235474,-0.9800834948583842
UBFC_PHYS_s05_T2_ctrl,14,157,145.23333333333332,-0.6003324389457703,-1.1462478886140548
UBFC_PHYS_s05_T2_ctrl,14,158,145.26666666666668,-0.4477211833000183,-1.240641438796755
UBFC_PHYS_s05_T2_ctrl,14,159,145.3,-0.25021594762802124,-1.2323344681912811
UBFC_PHYS_s05_T2_ctrl,14,160,145.33333333333334,-0.1228647530078888,-1.0990986723377245
UBFC_PHYS_s05_T2_ctrl,14,161,145.36666666666667,-0.05073709040880203,-0.8349565229553277
UBFC_PHYS_s05_T2_ctrl,14,162,145.4,0.007036806549876928,-0.45523861725893916
UBFC_PHYS_s05_T2_ctrl,14,163,145.43333333333334,0.02287721075117588,0.0043600734888905885
UBFC_PHYS_s05_T2_ctrl,14,164,145.46666666666667,-0.043970316648483276,0.4946723076742687
UBFC_PHYS_s05_T2_ctrl,14,165,145.5,-0.17201358079910278,0.9622682417725964
UBFC_PHYS_s05_T2_ctrl,14,166,145.53333333333333,-0.3191012144088745,1.357505282122324
UBFC_PHYS_s05_T2_ctrl,14,167,145.56666666666666,-0.5086349844932556,1.6388136822145725
UBFC_PHYS_s05_T2_ctrl,14,168,145.6,-0.7716420292854309,1.774211294629345
UBFC_PHYS_s05_T2_ctrl,14,169,145.63333333333333,-1.0637410879135132,1.7441354674825302
UBFC_PHYS_s05_T2_ctrl,14,170,145.66666666666666,-1.3371033668518066,1.546133345794309
UBFC_PHYS_s05_T2_ctrl,14,171,145.7,-1.6267162561416626,1.1981110915496946
UBFC_PHYS_s05_T2_ctrl,14,172,145.73333333333332,-2.0046045780181885,0.7371643633853139
UBFC_PHYS_s05_T2_ctrl,14,173,145.76666666666668,-2.481598138809204,0.21215784400781496
UBFC_PHYS_s05_T2_ctrl,14,174,145.8,-2.978379487991333,-0.3268693057550049
UBFC_PHYS_s05_T2_ctrl,14,175,145.83333333333334,-3.4259605407714844,-0.8351545859964505
UBFC_PHYS_s05_T2_ctrl,14,176,145.86666666666667,-3.843808889389038,-1.2739573784329412
UBFC_PHYS_s05_T2_ctrl,14,177,145.9,-4.263797283172607,-1.6100239427222012
UBFC_PHYS_s05_T2_ctrl,14,178,145.93333333333334,-4.561343193054199,-1.815968985651118
UBFC_PHYS_s05_T2_ctrl,14,179,145.96666666666667,-4.392032623291016,-1.8708915205015193
UBFC_PHYS_s05_T2_ctrl,14,180,146.0,-3.4981138706207275,-1.7618864954780826
UBFC_PHYS_s05_T2_ctrl,14,181,146.03333333333333,-2.1157054901123047,-1.4882421218580606
UBFC_PHYS_s05_T2_ctrl,14,182,146.06666666666666,-0.7739617228507996,-1.0667833781203393
UBFC_PHYS_s05_T2_ctrl,14,183,146.1,0.32276833057403564,-0.533791048207085
UBFC_PHYS_s05_T2_ctrl,14,184,146.13333333333333,1.193144679069519,0.058420916395764626
UBFC_PHYS_s05_T2_ctrl,14,185,146.16666666666666,1.8215575218200684,0.6490224760126978
UBFC_PHYS_s05_T2_ctrl,14,186,146.2,2.3223116397857666,1.1777043581258195
UBFC_PHYS_s05_T2_ctrl,14,187,146.23333333333332,3.03190016746521,1.5918504913742284
UBFC_PHYS_s05_T2_ctrl,14,188,146.26666666666668,4.252264976501465,1.8510385706349672
UBFC_PHYS_s05_T2_ctrl,14,189,146.3,5.83784294128418,1.930591942926087
UBFC_PHYS_s05_T2_ctrl,14,190,146.33333333333334,7.007174968719482,1.82521745605299
UBFC_PHYS_s05_T2_ctrl,14,191,146.36666666666667,6.9771728515625,1.552583661952891
UBFC_PHYS_s05_T2_ctrl,14,192,146.4,5.854029655456543,1.1539723815742493
UBFC_PHYS_s05_T2_ctrl,14,193,146.43333333333334,4.369119644165039,0.6871829434201668
UBFC_PHYS_s05_T2_ctrl,14,194,146.46666666666667,2.9077401161193848,0.21309958151373345
UBFC_PHYS_s05_T2_ctrl,14,195,146.5,1.506415605545044,-0.2165714697583514
UBFC_PHYS_s05_T2_ctrl,14,196,146.53333333333333,0.37906840443611145,-0.5665199496345383
UBFC_PHYS_s05_T2_ctrl,14,197,146.56666666666666,-0.3370818495750427,-0.8204588925165442
UBFC_PHYS_s05_T2_ctrl,14,198,146.6,-0.8299285769462585,-0.9798434955107953
UBFC_PHYS_s05_T2_ctrl,14,199,146.63333333333333,-1.288736343383789,-1.059262606591355
UBFC_PHYS_s05_T2_ctrl,14,200,146.66666666666666,-1.699087381362915,-1.0796534358367715
UBFC_PHYS_s05_T2_ctrl,14,201,146.7,-2.0094618797302246,-1.0609293072667076
UBFC_PHYS_s05_T2_ctrl,14,202,146.73333333333332,-2.195560932159424,-1.0160149223927415
UBFC_PHYS_s05_T2_ctrl,14,203,146.76666666666668,-2.185744047164917,-0.9484008563311443
UBFC_PHYS_s05_T2_ctrl,14,204,146.8,-1.9277608394622803,-0.8537520414729173
UBFC_PHYS_s05_T2_ctrl,14,205,146.83333333333334,-1.4469352960586548,-0.7244643809044571
UBFC_PHYS_s05_T2_ctrl,14,206,146.86666666666667,-0.7898021340370178,-0.5556848623603539
UBFC_PHYS_s05_T2_ctrl,14,207,146.9,-0.0630146861076355,-0.3511764005513946
UBFC_PHYS_s05_T2_ctrl,14,208,146.93333333333334,0.551800549030304,-0.12665584521935958
UBFC_PHYS_s05_T2_ctrl,14,209,146.96666666666667,0.9138358235359192,0.09204761214315235
UBFC_PHYS_s05_T2_ctrl,14,210,147.0,1.0152477025985718,0.2762392090159264
UBFC_PHYS_s05_T2_ctrl,14,211,147.03333333333333,0.9754544496536255,0.40464820886164926
UBFC_PHYS_s05_T2_ctrl,14,212,147.06666666666666,0.9550644159317017,0.4725425769446997
UBFC_PHYS_s05_T2_ctrl,14,213,147.1,0.9883728623390198,0.4944670297498927
UBFC_PHYS_s05_T2_ctrl,14,214,147.13333333333333,0.9725580811500549,0.4984284506630977
UBFC_PHYS_s05_T2_ctrl,14,215,147.16666666666666,0.7875098586082458,0.5129581444618619
UBFC_PHYS_s05_T2_ctrl,14,216,147.2,0.42138639092445374,0.5528500467047983
UBFC_PHYS_s05_T2_ctrl,14,217,147.23333333333332,0.05895385518670082,0.6124839637560935
UBFC_PHYS_s05_T2_ctrl,14,218,147.26666666666668,-0.06582135707139969,0.669667152850127
UBFC_PHYS_s05_T2_ctrl,14,219,147.3,0.005960274487733841,0.6963209613531471
UBFC_PHYS_s05_T2_ctrl,14,220,147.33333333333334,0.07655002921819687,0.6702555375985753
UBFC_PHYS_s05_T2_ctrl,14,221,147.36666666666667,0.13306798040866852,0.5815549271941522
UBFC_PHYS_s05_T2_ctrl,14,222,147.4,0.2427973747253418,0.43252666142372026
UBFC_PHYS_s05_T2_ctrl,14,223,147.43333333333334,0.377953439950943,0.23562399295641556
UBFC_PHYS_s05_T2_ctrl,14,224,147.46666666666667,0.4965001344680786,0.011033044592062228
UBFC_PHYS_s05_T2_ctrl,14,225,147.5,0.5740617513656616,-0.21755015610191347
UBFC_PHYS_s05_T2_ctrl,14,226,147.53333333333333,0.6211856603622437,-0.42786154953650846
UBFC_PHYS_s05_T2_ctrl,14,227,147.56666666666666,0.733144998550415,-0.6012267887803926
UBFC_PHYS_s05_T2_ctrl,14,228,147.6,0.8463475108146667,-0.721641552013547
UBFC_PHYS_s05_T2_ctrl,14,229,147.63333333333333,0.6871744990348816,-0.7747009982279847
UBFC_PHYS_s05_T2_ctrl,14,230,147.66666666666666,0.1893296092748642,-0.7484105382117505
UBFC_PHYS_s05_T2_ctrl,14,231,147.7,-0.34648868441581726,-0.6364177628784414
UBFC_PHYS_s05_T2_ctrl,14,232,147.73333333333332,-0.6109824180603027,-0.4426053867764535
UBFC_PHYS_s05_T2_ctrl,14,233,147.76666666666668,-0.5580657124519348,-0.18457640023121089
UBFC_PHYS_s05_T2_ctrl,14,234,147.8,-0.3519098162651062,0.10670355988476554
UBFC_PHYS_s05_T2_ctrl,14,235,147.83333333333334,-0.157339408993721,0.39339111337067495
UBFC_PHYS_s05_T2_ctrl,14,236,147.86666666666667,-0.0244004987180233,0.6404473289207933
UBFC_PHYS_s05_T2_ctrl,14,237,147.9,0.06943722814321518,0.821037649058763
UBFC_PHYS_s05_T2_ctrl,14,238,147.93333333333334,0.16203181445598602,0.9161794586254003
UBFC_PHYS_s05_T2_ctrl,14,239,147.96666666666667,0.2780153453350067,0.9134186510915991
UBFC_PHYS_s05_T2_ctrl,14,240,148.0,0.39508822560310364,0.8075119552736253
UBFC_PHYS_s05_T2_ctrl,14,241,148.03333333333333,0.47619980573654175,0.6033900812560462
UBFC_PHYS_s05_T2_ctrl,14,242,148.06666666666666,0.5313336253166199,0.31885664595695923
UBFC_PHYS_s05_T2_ctrl,14,243,148.1,0.5923627614974976,-0.017643396105243757
UBFC_PHYS_s05_T2_ctrl,14,244,148.13333333333333,0.6558012962341309,-0.37372086479270666
UBFC_PHYS_s05_T2_ctrl,14,245,148.16666666666666,0.6758196353912354,-0.7186639295621682
UBFC_PHYS_s05_T2_ctrl,14,246,148.2,0.6330403089523315,-1.0255747637925263
UBFC_PHYS_s05_T2_ctrl,14,247,148.23333333333332,0.5579265356063843,-1.2712829070370577
UBFC_PHYS_s05_T2_ctrl,14,248,148.26666666666668,0.462640643119812,-1.43554129700239
UBFC_PHYS_s05_T2_ctrl,14,249,148.3,0.3422996997833252,-1.500793738597812
UBFC_PHYS_s05_T2_ctrl,14,250,148.33333333333334,0.21540987491607666,-1.4531868473692044
UBFC_PHYS_s05_T2_ctrl,14,251,148.36666666666667,0.0996313989162445,-1.2847033619785948
UBFC_PHYS_s05_T2_ctrl,14,252,148.4,0.012957734055817127,-0.9961306695040015
UBFC_PHYS_s05_T2_ctrl,14,253,148.43333333333334,-0.03437123820185661,-0.6004131716810923
UBFC_PHYS_s05_T2_ctrl,14,254,148.46666666666667,-0.07616375386714935,-0.12475544028431584
UBFC_PHYS_s05_T2_ctrl,14,255,148.5,-0.13106690347194672,0.39097844040931823
UBFC_PHYS_s05_T2_ctrl,14,256,148.53333333333333,-0.16628488898277283,0.899499558810677
UBFC_PHYS_s05_T2_ctrl,14,257,148.56666666666666,-0.19173718988895416,1.3523396268188765
UBFC_PHYS_s05_T2_ctrl,14,258,148.6,-0.21230663359165192,1.7049770137292275
UBFC_PHYS_s05_T2_ctrl,14,259,148.63333333333333,-0.11168932169675827,1.9196387372942434
UBFC_PHYS_s05_T2_ctrl,14,260,148.66666666666666,0.2160506695508957,1.9673830295335943
UBFC_PHYS_s05_T2_ctrl,14,261,148.7,0.6709880828857422,1.8332433848577179
UBFC_PHYS_s05_T2_ctrl,14,262,148.73333333333332,1.0477486848831177,1.5236743283598475
UBFC_PHYS_s05_T2_ctrl,14,263,148.76666666666668,1.2162132263183594,1.0710042143228082
UBFC_PHYS_s05_T2_ctrl,14,264,148.8,1.1394718885421753,0.5314535358556953
UBFC_PHYS_s05_T2_ctrl,14,265,148.83333333333334,0.8787587881088257,-0.023975654155065546
UBFC_PHYS_s05_T2_ctrl,14,266,148.86666666666667,0.5872748494148254,-0.5237383155707646
UBFC_PHYS_s05_T2_ctrl,14,267,148.9,0.4055459797382355,-0.9106572274409839
UBFC_PHYS_s05_T2_ctrl,14,268,148.93333333333334,0.44931215047836304,-1.1528359500057042
UBFC_PHYS_s05_T2_ctrl,14,269,148.96666666666667,0.8418107032775879,-1.2465192509404257
UBFC_PHYS_s05_T2_ctrl,14,270,149.0,1.5110292434692383,-1.2110224178264526
UBFC_PHYS_s05_T2_ctrl,14,271,149.03333333333333,2.0560877323150635,-1.0798686909136408
UBFC_PHYS_s05_T2_ctrl,14,272,149.06666666666666,2.158076524734497,-0.891017335464187
UBFC_PHYS_s05_T2_ctrl,14,273,149.1,1.9166512489318848,-0.6773113244384649
UBFC_PHYS_s05_T2_ctrl,14,274,149.13333333333333,1.628243088722229,-0.46002778016924223
UBFC_PHYS_s05_T2_ctrl,14,275,149.16666666666666,1.3997235298156738,-0.2496811355446018
UBFC_PHYS_s05_T2_ctrl,14,276,149.2,1.0674595832824707,-0.05239314294458796
UBFC_PHYS_s05_T2_ctrl,14,277,149.23333333333332,0.4837099015712738,0.12520563082142744
UBFC_PHYS_s05_T2_ctrl,14,278,149.26666666666668,-0.21726638078689575,0.27521606773142165
UBFC_PHYS_s05_T2_ctrl,14,279,149.3,-0.757262647151947,0.3895530293561478
UBFC_PHYS_s05_T2_ctrl,14,280,149.33333333333334,-1.056243896484375,0.46160408045757956
UBFC_PHYS_s05_T2_ctrl,14,281,149.36666666666667,-1.22788667678833,0.48860639642699105
UBFC_PHYS_s05_T2_ctrl,14,282,149.4,-1.3947620391845703,0.47364629541128656
UBFC_PHYS_s05_T2_ctrl,14,283,149.43333333333334,-1.604544758796692,0.4251877478188554
UBFC_PHYS_s05_T2_ctrl,14,284,149.46666666666667,-1.8146607875823975,0.3539971137795085
UBFC_PHYS_s05_T2_ctrl,14,285,149.5,-1.8992711305618286,0.2693572891381193
UBFC_PHYS_s05_T2_ctrl,14,286,149.53333333333333,-1.7688825130462646,0.17679936678700112
UBFC_PHYS_s05_T2_ctrl,14,287,149.56666666666666,-1.5394530296325684,0.07936267878124262
UBFC_PHYS_s05_T2_ctrl,14,288,149.6,-1.3864573240280151,-0.018990728263353976
UBFC_PHYS_s05_T2_ctrl,14,289,149.63333333333333,-1.328196406364441,-0.11218333309842356
UBFC_PHYS_s05_T2_ctrl,14,290,149.66666666666666,-1.2468798160552979,-0.19377068452739313
UBFC_PHYS_s05_T2_ctrl,14,291,149.7,-1.0723021030426025,-0.258525660649878
UBFC_PHYS_s05_T2_ctrl,14,292,149.73333333333332,-0.8751813769340515,-0.3026676023160519
UBFC_PHYS_s05_T2_ctrl,14,293,149.76666666666668,-0.7566090226173401,-0.3237800086644398
UBFC_PHYS_s05_T2_ctrl,14,294,149.8,-0.6800214648246765,-0.3211416194895961
UBFC_PHYS_s05_T2_ctrl,14,295,149.83333333333334,-0.5885931253433228,-0.2966412042418945
UBFC_PHYS_s05_T2_ctrl,14,296,149.86666666666667,-0.5430967807769775,-0.2553492778568086
UBFC_PHYS_s05_T2_ctrl,14,297,149.9,-0.5113903880119324,-0.20398346574686757
UBFC_PHYS_s05_T2_ctrl,14,298,149.93333333333334,-0.33240407705307007,-0.14792021280208845
UBFC_PHYS_s05_T2_ctrl,14,299,149.96666666666667,-0.04150967299938202,-0.0896813487826377
UBFC_PHYS_s05_T2_ctrl,15,0,150.0,0.1394118219614029,0.07913771499088984
UBFC_PHYS_s05_T2_ctrl,15,1,150.03333333333333,0.11971385031938553,0.28323519385890916
UBFC_PHYS_s05_T2_ctrl,15,2,150.06666666666666,-0.009457205422222614,0.468849892613739
UBFC_PHYS_s05_T2_ctrl,15,3,150.1,-0.14952173829078674,0.6192648553344231
UBFC_PHYS_s05_T2_ctrl,15,4,150.13333333333333,-0.22349488735198975,0.7187217293112109
UBFC_PHYS_s05_T2_ctrl,15,5,150.16666666666666,-0.2119990587234497,0.7552798275994177
UBFC_PHYS_s05_T2_ctrl,15,6,150.2,-0.1657850742340088,0.7238928028959678
UBFC_PHYS_s05_T2_ctrl,15,7,150.23333333333332,-0.15551955997943878,0.6269703011424634
UBFC_PHYS_s05_T2_ctrl,15,8,150.26666666666668,-0.2342858463525772,0.4721227651187438
UBFC_PHYS_s05_T2_ctrl,15,9,150.3,-0.3855898976325989,0.2692969291837842
UBFC_PHYS_s05_T2_ctrl,15,10,150.33333333333334,-0.5020219683647156,0.02922108772495688
UBFC_PHYS_s05_T2_ctrl,15,11,150.36666666666667,-0.4782998263835907,-0.23570219161121195
UBFC_PHYS_s05_T2_ctrl,15,12,150.4,-0.3094636797904968,-0.5089096611309065
UBFC_PHYS_s05_T2_ctrl,15,13,150.43333333333334,-0.07235744595527649,-0.7682207090575303
UBFC_PHYS_s05_T2_ctrl,15,14,150.46666666666667,0.13655388355255127,-0.9865396683370509
UBFC_PHYS_s05_T2_ctrl,15,15,150.5,0.25552353262901306,-1.1340809062997639
UBFC_PHYS_s05_T2_ctrl,15,16,150.53333333333333,0.3007635176181793,-1.182012106137859
UBFC_PHYS_s05_T2_ctrl,15,17,150.56666666666666,0.3282022774219513,-1.1078942866339714
UBFC_PHYS_s05_T2_ctrl,15,18,150.6,0.35410311818122864,-0.9021031239195345
UBFC_PHYS_s05_T2_ctrl,15,19,150.63333333333333,0.38844960927963257,-0.5732319883629022
UBFC_PHYS_s05_T2_ctrl,15,20,150.66666666666666,0.42764052748680115,-0.15052034564544245
UBFC_PHYS_s05_T2_ctrl,15,21,150.7,0.4085448980331421,0.3182391868474224
UBFC_PHYS_s05_T2_ctrl,15,22,150.73333333333332,0.2947784960269928,0.7739343379112199
UBFC_PHYS_s05_T2_ctrl,15,23,150.76666666666668,0.16373632848262787,1.1579142319504658
UBFC_PHYS_s05_T2_ctrl,15,24,150.8,0.10919202864170074,1.424419554539373
UBFC_PHYS_s05_T2_ctrl,15,25,150.83333333333334,0.11884237080812454,1.5471887628631453
UBFC_PHYS_s05_T2_ctrl,15,26,150.86666666666667,0.12486582249403,1.5188382588023748
UBFC_PHYS_s05_T2_ctrl,15,27,150.9,0.10830773413181305,1.3468518594649415
UBFC_PHYS_s05_T2_ctrl,15,28,150.93333333333334,0.11782991886138916,1.0497534083205982
UBFC_PHYS_s05_T2_ctrl,15,29,150.96666666666667,0.17514245212078094,0.6558122022920277
UBFC_PHYS_s05_T2_ctrl,15,30,151.0,0.24668057262897491,0.20291779703076462
UBFC_PHYS_s05_T2_ctrl,15,31,151.03333333333333,0.33796796202659607,-0.26494586610687093
UBFC_PHYS_s05_T2_ctrl,15,32,151.06666666666666,0.47726354002952576,-0.7046047920590109
UBFC_PHYS_s05_T2_ctrl,15,33,151.1,0.6551092267036438,-1.0792270982040484
UBFC_PHYS_s05_T2_ctrl,15,34,151.13333333333333,0.8587660789489746,-1.360253182507265
UBFC_PHYS_s05_T2_ctrl,15,35,151.16666666666666,1.0436348915100098,-1.5265167412519836
UBFC_PHYS_s05_T2_ctrl,15,36,151.2,1.1260151863098145,-1.5626972354127018
UBFC_PHYS_s05_T2_ctrl,15,37,151.23333333333332,1.1014856100082397,-1.4599648916003085
UBFC_PHYS_s05_T2_ctrl,15,38,151.26666666666668,1.0274099111557007,-1.2196260277417057
UBFC_PHYS_s05_T2_ctrl,15,39,151.3,0.8767210841178894,-0.8582372011027725
UBFC_PHYS_s05_T2_ctrl,15,40,151.33333333333334,0.5993730425834656,-0.4105962280473384
UBFC_PHYS_s05_T2_ctrl,15,41,151.36666666666667,0.2584327161312103,0.07412669082138575
UBFC_PHYS_s05_T2_ctrl,15,42,151.4,-0.04048440232872963,0.5424245284898622
UBFC_PHYS_s05_T2_ctrl,15,43,151.43333333333334,-0.26745328307151794,0.9465981954255417
UBFC_PHYS_s05_T2_ctrl,15,44,151.46666666666667,-0.44760581851005554,1.250796066730954
UBFC_PHYS_s05_T2_ctrl,15,45,151.5,-0.5851328372955322,1.4314993479293092
UBFC_PHYS_s05_T2_ctrl,15,46,151.53333333333333,-0.6824052333831787,1.4751672012534147
UBFC_PHYS_s05_T2_ctrl,15,47,151.56666666666666,-0.783137857913971,1.3790300274449243
UBFC_PHYS_s05_T2_ctrl,15,48,151.6,-0.9016333222389221,1.1547368281558492
UBFC_PHYS_s05_T2_ctrl,15,49,151.63333333333333,-0.9870894551277161,0.8283546272488482
UBFC_PHYS_s05_T2_ctrl,15,50,151.66666666666666,-1.0148485898971558,0.4355217248572431
UBFC_PHYS_s05_T2_ctrl,15,51,151.7,-1.0335854291915894,0.01624539541765268
UBFC_PHYS_s05_T2_ctrl,15,52,151.73333333333332,-1.069969654083252,-0.38873684501352945
UBFC_PHYS_s05_T2_ctrl,15,53,151.76666666666668,-1.0581406354904175,-0.7410904902699046
UBFC_PHYS_s05_T2_ctrl,15,54,151.8,-0.9184349179267883,-1.0081108137991697
UBFC_PHYS_s05_T2_ctrl,15,55,151.83333333333334,-0.6590162515640259,-1.165864743960195
UBFC_PHYS_s05_T2_ctrl,15,56,151.86666666666667,-0.3618677258491516,-1.2019845086905878
UBFC_PHYS_s05_T2_ctrl,15,57,151.9,-0.11145863682031631,-1.1177237165400755
UBFC_PHYS_s05_T2_ctrl,15,58,151.93333333333334,0.06191432103514671,-0.928647567645029
UBFC_PHYS_s05_T2_ctrl,15,59,151.96666666666667,0.1732841432094574,-0.6632008688832871
UBFC_PHYS_s05_T2_ctrl,15,60,152.0,0.23918329179286957,-0.35828662854509874
UBFC_PHYS_s05_T2_ctrl,15,61,152.03333333333333,0.2502177655696869,-0.05122594146549153
UBFC_PHYS_s05_T2_ctrl,15,62,152.06666666666666,0.19120071828365326,0.22934639834319961
UBFC_PHYS_s05_T2_ctrl,15,63,152.1,0.0963505357503891,0.4683699057382386
UBFC_PHYS_s05_T2_ctrl,15,64,152.13333333333333,0.05391722172498703,0.6624122977835969
UBFC_PHYS_s05_T2_ctrl,15,65,152.16666666666666,0.093082495033741,0.811581249679288
UBFC_PHYS_s05_T2_ctrl,15,66,152.2,0.14079594612121582,0.910538529906273
UBFC_PHYS_s05_T2_ctrl,15,67,152.23333333333332,0.1276724934577942,0.9471130925472628
UBFC_PHYS_s05_T2_ctrl,15,68,152.26666666666668,0.044151537120342255,0.9089901161653381
UBFC_PHYS_s05_T2_ctrl,15,69,152.3,-0.08139263093471527,0.7908594220271333
UBFC_PHYS_s05_T2_ctrl,15,70,152.33333333333334,-0.19501803815364838,0.5978935237660796
UBFC_PHYS_s05_T2_ctrl,15,71,152.36666666666667,-0.28201210498809814,0.3459132249691513
UBFC_PHYS_s05_T2_ctrl,15,72,152.4,-0.3950095474720001,0.05876317165979123
UBFC_PHYS_s05_T2_ctrl,15,73,152.43333333333334,-0.5237705111503601,-0.23660914021935056
UBFC_PHYS_s05_T2_ctrl,15,74,152.46666666666667,-0.5318957567214966,-0.5153781404593126
UBFC_PHYS_s05_T2_ctrl,15,75,152.5,-0.3438742756843567,-0.7573011520166268
UBFC_PHYS_s05_T2_ctrl,15,76,152.53333333333333,-0.08790308237075806,-0.9460219738111675
UBFC_PHYS_s05_T2_ctrl,15,77,152.56666666666666,0.0751146525144577,-1.0675262496149152
UBFC_PHYS_s05_T2_ctrl,15,78,152.6,0.13891200721263885,-1.1099353993369958
UBFC_PHYS_s05_T2_ctrl,15,79,152.63333333333333,0.15350927412509918,-1.06607901573388
UBFC_PHYS_s05_T2_ctrl,15,80,152.66666666666666,0.14280803501605988,-0.9369932510797958
UBFC_PHYS_s05_T2_ctrl,15,81,152.7,0.14218005537986755,-0.7316966061740003
UBFC_PHYS_s05_T2_ctrl,15,82,152.73333333333332,0.1688370406627655,-0.4633258897664021
UBFC_PHYS_s05_T2_ctrl,15,83,152.76666666666668,0.17643684148788452,-0.14643147821122637
UBFC_PHYS_s05_T2_ctrl,15,84,152.8,0.14025767147541046,0.2022696351232338
UBFC_PHYS_s05_T2_ctrl,15,85,152.83333333333334,0.09814475476741791,0.5605238584358861
UBFC_PHYS_s05_T2_ctrl,15,86,152.86666666666667,0.06042768061161041,0.8977723712287714
UBFC_PHYS_s05_T2_ctrl,15,87,152.9,8.994834956865816e-07,1.177711299102989
UBFC_PHYS_s05_T2_ctrl,15,88,152.93333333333334,-0.08211031556129456,1.3660635543984678
UBFC_PHYS_s05_T2_ctrl,15,89,152.96666666666667,-0.15558364987373352,1.4385395580355538
UBFC_PHYS_s05_T2_ctrl,15,90,153.0,-0.20853877067565918,1.3856425974459778
UBFC_PHYS_s05_T2_ctrl,15,91,153.03333333333333,-0.25798237323760986,1.2133769054954886
UBFC_PHYS_s05_T2_ctrl,15,92,153.06666666666666,-0.3280210494995117,0.9404188516414156
UBFC_PHYS_s05_T2_ctrl,15,93,153.1,-0.44156956672668457,0.593599408931646
UBFC_PHYS_s05_T2_ctrl,15,94,153.13333333333333,-0.5883239507675171,0.20314349896724868
UBFC_PHYS_s05_T2_ctrl,15,95,153.16666666666666,-0.6782400608062744,-0.20154560316749048
UBFC_PHYS_s05_T2_ctrl,15,96,153.2,-0.6079322695732117,-0.5947900870730309
UBFC_PHYS_s05_T2_ctrl,15,97,153.23333333333332,-0.39921313524246216,-0.955544721984275
UBFC_PHYS_s05_T2_ctrl,15,98,153.26666666666668,-0.1797799915075302,-1.266106967448259
UBFC_PHYS_s05_T2_ctrl,15,99,153.3,-0.03587069362401962,-1.5089672086758878
UBFC_PHYS_s05_T2_ctrl,15,100,153.33333333333334,0.040601544082164764,-1.6636496474181504
UBFC_PHYS_s05_T2_ctrl,15,101,153.36666666666667,0.08866102248430252,-1.7064908710066742
UBFC_PHYS_s05_T2_ctrl,15,102,153.4,0.12599362432956696,-1.6145788750853534
UBFC_PHYS_s05_T2_ctrl,15,103,153.43333333333334,0.13590027391910553,-1.3729840152573531
UBFC_PHYS_s05_T2_ctrl,15,104,153.46666666666667,0.10851278901100159,-0.9827566079663049
UBFC_PHYS_s05_T2_ctrl,15,105,153.5,0.0702061802148819,-0.4659839525991944
UBFC_PHYS_s05_T2_ctrl,15,106,153.53333333333333,0.04721452668309212,0.13400051801558033
UBFC_PHYS_s05_T2_ctrl,15,107,153.56666666666666,0.010022901929914951,0.7570091411924638
UBFC_PHYS_s05_T2_ctrl,15,108,153.6,-0.08673684298992157,1.3337114061651274
UBFC_PHYS_s05_T2_ctrl,15,109,153.63333333333333,-0.22687827050685883,1.7945946740027592
UBFC_PHYS_s05_T2_ctrl,15,110,153.66666666666666,-0.3389401435852051,2.0793303737851834
UBFC_PHYS_s05_T2_ctrl,15,111,153.7,-0.3868201971054077,2.1468062929330536
UBFC_PHYS_s05_T2_ctrl,15,112,153.73333333333332,-0.4150535464286804,1.9841375040933835
UBFC_PHYS_s05_T2_ctrl,15,113,153.76666666666668,-0.5033676624298096,1.61110821417292
UBFC_PHYS_s05_T2_ctrl,15,114,153.8,-0.6712169647216797,1.0774937169483119
UBFC_PHYS_s05_T2_ctrl,15,115,153.83333333333334,-0.8156260848045349,0.4523349361353542
UBFC_PHYS_s05_T2_ctrl,15,116,153.86666666666667,-0.7913015484809875,-0.19084222962482605
UBFC_PHYS_s05_T2_ctrl,15,117,153.9,-0.586709201335907,-0.7847599556273133
UBFC_PHYS_s05_T2_ctrl,15,118,153.93333333333334,-0.3557929992675781,-1.2730409472549462
UBFC_PHYS_s05_T2_ctrl,15,119,153.96666666666667,-0.2169075310230255,-1.613002463187393
UBFC_PHYS_s05_T2_ctrl,15,120,154.0,-0.1395253688097,-1.7783327558869686
UBFC_PHYS_s05_T2_ctrl,15,121,154.03333333333333,-0.08045706897974014,-1.7602508855580132
UBFC_PHYS_s05_T2_ctrl,15,122,154.06666666666666,-0.05579935759305954,-1.5670540383305243
UBFC_PHYS_s05_T2_ctrl,15,123,154.1,-0.04382934048771858,-1.223266344968236
UBFC_PHYS_s05_T2_ctrl,15,124,154.13333333333333,-0.008278146386146545,-0.7687170293482958
UBFC_PHYS_s05_T2_ctrl,15,125,154.16666666666666,0.005357929039746523,-0.2569112727257554
UBFC_PHYS_s05_T2_ctrl,15,126,154.2,-0.045751720666885376,0.2493543309692548
UBFC_PHYS_s05_T2_ctrl,15,127,154.23333333333332,-0.1173667460680008,0.6878724372644961
UBFC_PHYS_s05_T2_ctrl,15,128,154.26666666666668,-0.19405685365200043,1.0102093883489849
UBFC_PHYS_s05_T2_ctrl,15,129,154.3,-0.32007521390914917,1.1913394997918518
UBFC_PHYS_s05_T2_ctrl,15,130,154.33333333333334,-0.4619724154472351,1.2318915194303242
UBFC_PHYS_s05_T2_ctrl,15,131,154.36666666666667,-0.5349330902099609,1.1530016349697834
UBFC_PHYS_s05_T2_ctrl,15,132,154.4,-0.5336130857467651,0.9867306488636213
UBFC_PHYS_s05_T2_ctrl,15,133,154.43333333333334,-0.516157865524292,0.7672598486031118
UBFC_PHYS_s05_T2_ctrl,15,134,154.46666666666667,-0.5218096375465393,0.525200070508743
UBFC_PHYS_s05_T2_ctrl,15,135,154.5,-0.5140048265457153,0.2841334610416141
UBFC_PHYS_s05_T2_ctrl,15,136,154.53333333333333,-0.3608552813529968,0.0590626975065457
UBFC_PHYS_s05_T2_ctrl,15,137,154.56666666666666,0.02626059763133526,-0.14274399054246878
UBFC_PHYS_s05_T2_ctrl,15,138,154.6,0.562027633190155,-0.3189231360484127
UBFC_PHYS_s05_T2_ctrl,15,139,154.63333333333333,1.0635250806808472,-0.46844580069401043
UBFC_PHYS_s05_T2_ctrl,15,140,154.66666666666666,1.4076693058013916,-0.58899425998293
UBFC_PHYS_s05_T2_ctrl,15,141,154.7,1.540441632270813,-0.6770528424897575
UBFC_PHYS_s05_T2_ctrl,15,142,154.73333333333332,1.4366716146469116,-0.7299894113701336
UBFC_PHYS_s05_T2_ctrl,15,143,154.76666666666668,1.173895239830017,-0.7471516834208333
UBFC_PHYS_s05_T2_ctrl,15,144,154.8,0.9551541209220886,-0.7293510310032636
UBFC_PHYS_s05_T2_ctrl,15,145,154.83333333333334,0.9231016635894775,-0.6786041576190711
UBFC_PHYS_s05_T2_ctrl,15,146,154.86666666666667,1.0606927871704102,-0.5987297363683725
UBFC_PHYS_s05_T2_ctrl,15,147,154.9,1.2499316930770874,-0.49593390968738915
UBFC_PHYS_s05_T2_ctrl,15,148,154.93333333333334,1.3301078081130981,-0.37822058308839257
UBFC_PHYS_s05_T2_ctrl,15,149,154.96666666666667,1.208139181137085,-0.2525184297619482
UBFC_PHYS_s05_T2_ctrl,15,150,155.0,0.9785302877426147,-0.12062707635317935
UBFC_PHYS_s05_T2_ctrl,15,151,155.03333333333333,0.7828320860862732,0.022920341623058005
UBFC_PHYS_s05_T2_ctrl,15,152,155.06666666666666,0.563296377658844,0.188499527941801
UBFC_PHYS_s05_T2_ctrl,15,153,155.1,0.16324932873249054,0.38322791974775594
UBFC_PHYS_s05_T2_ctrl,15,154,155.13333333333333,-0.47152021527290344,0.6008751536119463
UBFC_PHYS_s05_T2_ctrl,15,155,155.16666666666666,-1.2781504392623901,0.8180779283467828
UBFC_PHYS_s05_T2_ctrl,15,156,155.2,-2.106119155883789,0.9995989510636778
UBFC_PHYS_s05_T2_ctrl,15,157,155.23333333333332,-2.7798361778259277,1.1091836043820658
UBFC_PHYS_s05_T2_ctrl,15,158,155.26666666666668,-3.1944546699523926,1.1209646788923548
UBFC_PHYS_s05_T2_ctrl,15,159,155.3,-3.2675821781158447,1.0258969965219704
UBFC_PHYS_s05_T2_ctrl,15,160,155.33333333333334,-2.931011915206909,0.8314465917650116
UBFC_PHYS_s05_T2_ctrl,15,161,155.36666666666667,-2.307494640350342,0.5567733105091597
UBFC_PHYS_s05_T2_ctrl,15,162,155.4,-1.7002664804458618,0.2266224368467365
UBFC_PHYS_s05_T2_ctrl,15,163,155.43333333333334,-1.2811237573623657,-0.13269845363602045
UBFC_PHYS_s05_T2_ctrl,15,164,155.46666666666667,-0.9608810544013977,-0.49429153302945056
UBFC_PHYS_s05_T2_ctrl,15,165,155.5,-0.5805191397666931,-0.8301645403659512
UBFC_PHYS_s05_T2_ctrl,15,166,155.53333333333333,-0.039971768856048584,-1.111045393744319
UBFC_PHYS_s05_T2_ctrl,15,167,155.56666666666666,0.7035403847694397,-1.3079953604796257
UBFC_PHYS_s05_T2_ctrl,15,168,155.6,1.5256009101867676,-1.3957060577004672
UBFC_PHYS_s05_T2_ctrl,15,169,155.63333333333333,2.0204854011535645,-1.3557639236513859
UBFC_PHYS_s05_T2_ctrl,15,170,155.66666666666666,1.8205323219299316,-1.1793666996421124
UBFC_PHYS_s05_T2_ctrl,15,171,155.7,1.0606542825698853,-0.8702051236305424
UBFC_PHYS_s05_T2_ctrl,15,172,155.73333333333332,0.3286508321762085,-0.4476190495958534
UBFC_PHYS_s05_T2_ctrl,15,173,155.76666666666668,0.07120581716299057,0.05065436861304011
UBFC_PHYS_s05_T2_ctrl,15,174,155.8,0.09438970685005188,0.5686903754940112
UBFC_PHYS_s05_T2_ctrl,15,175,155.83333333333334,-0.1288241297006607,1.0392894696497232
UBFC_PHYS_s05_T2_ctrl,15,176,155.86666666666667,-0.6658599376678467,1.3970578747189333
UBFC_PHYS_s05_T2_ctrl,15,177,155.9,-0.9139750003814697,1.5927107769164333
UBFC_PHYS_s05_T2_ctrl,15,178,155.93333333333334,-0.46467655897140503,1.6036159683316962
UBFC_PHYS_s05_T2_ctrl,15,179,155.96666666666667,0.09817038476467133,1.436520138768563
UBFC_PHYS_s05_T2_ctrl,15,180,156.0,-0.08685218542814255,1.122183796607231
UBFC_PHYS_s05_T2_ctrl,15,181,156.03333333333333,-0.9841033816337585,0.7054065257281338
UBFC_PHYS_s05_T2_ctrl,15,182,156.06666666666666,-1.863361120223999,0.23471617218495405
UBFC_PHYS_s05_T2_ctrl,15,183,156.1,-2.2968192100524902,-0.24412882413573375
UBFC_PHYS_s05_T2_ctrl,15,184,156.13333333333333,-2.251925230026245,-0.6902404018852027
UBFC_PHYS_s05_T2_ctrl,15,185,156.16666666666666,-1.926248550415039,-1.06818701739612
UBFC_PHYS_s05_T2_ctrl,15,186,156.2,-1.6202186346054077,-1.3486122633593527
UBFC_PHYS_s05_T2_ctrl,15,187,156.23333333333332,-1.4730027914047241,-1.508608245372547
UBFC_PHYS_s05_T2_ctrl,15,188,156.26666666666668,-1.4430265426635742,-1.531990237232365
UBFC_PHYS_s05_T2_ctrl,15,189,156.3,-1.5500901937484741,-1.4100198676335556
UBFC_PHYS_s05_T2_ctrl,15,190,156.33333333333334,-1.8117388486862183,-1.1434975112786718
UBFC_PHYS_s05_T2_ctrl,15,191,156.36666666666667,-2.0224316120147705,-0.7471912255575588
UBFC_PHYS_s05_T2_ctrl,15,192,156.4,-1.8313342332839966,-0.254718104670755
UBFC_PHYS_s05_T2_ctrl,15,193,156.43333333333334,-1.0216795206069946,0.2804787051716107
UBFC_PHYS_s05_T2_ctrl,15,194,156.46666666666667,0.2998535931110382,0.7908238409473297
UBFC_PHYS_s05_T2_ctrl,15,195,156.5,1.61329984664917,1.2073271666985153
UBFC_PHYS_s05_T2_ctrl,15,196,156.53333333333333,2.1818883419036865,1.4749478478656992
UBFC_PHYS_s05_T2_ctrl,15,197,156.56666666666666,1.8276194334030151,1.5623516109030844
UBFC_PHYS_s05_T2_ctrl,15,198,156.6,1.0650757551193237,1.4637154725053538
UBFC_PHYS_s05_T2_ctrl,15,199,156.63333333333333,0.44057172536849976,1.1964598251234457
UBFC_PHYS_s05_T2_ctrl,15,200,156.66666666666666,0.0682838037610054,0.7971390446567834
UBFC_PHYS_s05_T2_ctrl,15,201,156.7,-0.10161605477333069,0.31546020012638276
UBFC_PHYS_s05_T2_ctrl,15,202,156.73333333333332,-0.0977841168642044,-0.19272210635947418
UBFC_PHYS_s05_T2_ctrl,15,203,156.76666666666668,-0.07968811690807343,-0.6717086693572475
UBFC_PHYS_s05_T2_ctrl,15,204,156.8,-0.20819275081157684,-1.0709197426804575
UBFC_PHYS_s05_T2_ctrl,15,205,156.83333333333334,-0.35002586245536804,-1.3489159526079353
UBFC_PHYS_s05_T2_ctrl,15,206,156.86666666666667,-0.25304827094078064,-1.4766720882896411
UBFC_PHYS_s05_T2_ctrl,15,207,156.9,0.0822402760386467,-1.4398849310273776
UBFC_PHYS_s05_T2_ctrl,15,208,156.93333333333334,0.4260897934436798,-1.2406290150754005
UBFC_PHYS_s05_T2_ctrl,15,209,156.96666666666667,0.6550964117050171,-0.8990149228523244
UBFC_PHYS_s05_T2_ctrl,15,210,157.0,0.8303148746490479,-0.45361261699551536
UBFC_PHYS_s05_T2_ctrl,15,211,157.03333333333333,0.993806779384613,0.042171737139803746
UBFC_PHYS_s05_T2_ctrl,15,212,157.06666666666666,1.1023058891296387,0.528129127138453
UBFC_PHYS_s05_T2_ctrl,15,213,157.1,1.1484686136245728,0.9473380395681125
UBFC_PHYS_s05_T2_ctrl,15,214,157.13333333333333,1.1762020587921143,1.2552402688032376
UBFC_PHYS_s05_T2_ctrl,15,215,157.16666666666666,1.1951824426651,1.4244646415877382
UBFC_PHYS_s05_T2_ctrl,15,216,157.2,1.1768813133239746,1.4455819049807332
UBFC_PHYS_s05_T2_ctrl,15,217,157.23333333333332,1.1332818269729614,1.3271252298552616
UBFC_PHYS_s05_T2_ctrl,15,218,157.26666666666668,1.1214014291763306,1.0944784029743728
UBFC_PHYS_s05_T2_ctrl,15,219,157.3,1.1530438661575317,0.783648631045256
UBFC_PHYS_s05_T2_ctrl,15,220,157.33333333333334,1.1473792791366577,0.431691434697105
UBFC_PHYS_s05_T2_ctrl,15,221,157.36666666666667,1.006827712059021,0.07102608670669479
UBFC_PHYS_s05_T2_ctrl,15,222,157.4,0.7540348768234253,-0.27086621208734174
UBFC_PHYS_s05_T2_ctrl,15,223,157.43333333333334,0.5165185332298279,-0.5708513774023737
UBFC_PHYS_s05_T2_ctrl,15,224,157.46666666666667,0.3533085286617279,-0.8108908083177037
UBFC_PHYS_s05_T2_ctrl,15,225,157.5,0.21534579992294312,-0.9794260025418549
UBFC_PHYS_s05_T2_ctrl,15,226,157.53333333333333,0.05724934861063957,-1.071843897856364
UBFC_PHYS_s05_T2_ctrl,15,227,157.56666666666666,-0.1481119990348816,-1.0880869744383488
UBFC_PHYS_s05_T2_ctrl,15,228,157.6,-0.3764009177684784,-1.029013413308505
UBFC_PHYS_s05_T2_ctrl,15,229,157.63333333333333,-0.45978090167045593,-0.8962542616310514
UBFC_PHYS_s05_T2_ctrl,15,230,157.66666666666666,-0.2543554902076721,-0.6962402128867821
UBFC_PHYS_s05_T2_ctrl,15,231,157.7,0.11953442543745041,-0.44477377704465365
UBFC_PHYS_s05_T2_ctrl,15,232,157.73333333333332,0.4220656156539917,-0.16891476918663115
UBFC_PHYS_s05_T2_ctrl,15,233,157.76666666666668,0.5909786820411682,0.09584510006987167
UBFC_PHYS_s05_T2_ctrl,15,234,157.8,0.7057831287384033,0.3135147956571404
UBFC_PHYS_s05_T2_ctrl,15,235,157.83333333333334,0.7775775790214539,0.45915789568325205
UBFC_PHYS_s05_T2_ctrl,15,236,157.86666666666667,0.7816402316093445,0.5284356801764543
UBFC_PHYS_s05_T2_ctrl,15,237,157.9,0.761762797832489,0.5366510973007643
UBFC_PHYS_s05_T2_ctrl,15,238,157.93333333333334,0.7742967009544373,0.5082365908989518
UBFC_PHYS_s05_T2_ctrl,15,239,157.96666666666667,0.814500093460083,0.4668000326619881
UBFC_PHYS_s05_T2_ctrl,15,240,158.0,0.8564592003822327,0.429829982774912
UBFC_PHYS_s05_T2_ctrl,15,241,158.03333333333333,0.8842311501502991,0.4052955972237823
UBFC_PHYS_s05_T2_ctrl,15,242,158.06666666666666,0.8846412897109985,0.39006190929875756
UBFC_PHYS_s05_T2_ctrl,15,243,158.1,0.8659557700157166,0.37291924385275105
UBFC_PHYS_s05_T2_ctrl,15,244,158.13333333333333,0.8548443913459778,0.34129747514988107
UBFC_PHYS_s05_T2_ctrl,15,245,158.16666666666666,0.8385810852050781,0.2871504446326485
UBFC_PHYS_s05_T2_ctrl,15,246,158.2,0.7398861646652222,0.2091496989968387
UBFC_PHYS_s05_T2_ctrl,15,247,158.23333333333332,0.5020237565040588,0.11062923432210445
UBFC_PHYS_s05_T2_ctrl,15,248,158.26666666666668,0.19280269742012024,-0.004346216462616906
UBFC_PHYS_s05_T2_ctrl,15,249,158.3,-0.05140351504087448,-0.13216306837123773
UBFC_PHYS_s05_T2_ctrl,15,250,158.33333333333334,-0.18636733293533325,-0.2676956793373137
UBFC_PHYS_s05_T2_ctrl,15,251,158.36666666666667,-0.23363223671913147,-0.4031019474664969
UBFC_PHYS_s05_T2_ctrl,15,252,158.4,-0.16524679958820343,-0.5286039512104658
UBFC_PHYS_s05_T2_ctrl,15,253,158.43333333333334,0.060299523174762726,-0.6334635067951595
UBFC_PHYS_s05_T2_ctrl,15,254,158.46666666666667,0.37746644020080566,-0.7063563875076458
UBFC_PHYS_s05_T2_ctrl,15,255,158.5,0.6375002264976501,-0.735570562439181
UBFC_PHYS_s05_T2_ctrl,15,256,158.53333333333333,0.7492288947105408,-0.709714549963524
UBFC_PHYS_s05_T2_ctrl,15,257,158.56666666666666,0.7530480027198792,-0.6196585866096527
UBFC_PHYS_s05_T2_ctrl,15,258,158.6,0.718816876411438,-0.4616171940693851
UBFC_PHYS_s05_T2_ctrl,15,259,158.63333333333333,0.6926981210708618,-0.2404069473105242
UBFC_PHYS_s05_T2_ctrl,15,260,158.66666666666666,0.7152284383773804,0.028265281727057515
UBFC_PHYS_s05_T2_ctrl,15,261,158.7,0.8114755153656006,0.3176002016165522
UBFC_PHYS_s05_T2_ctrl,15,262,158.73333333333332,0.9193594455718994,0.5925340265036858
UBFC_PHYS_s05_T2_ctrl,15,263,158.76666666666668,0.9036471843719482,0.8160844269331291
UBFC_PHYS_s05_T2_ctrl,15,264,158.8,0.7132419943809509,0.9576348023799649
UBFC_PHYS_s05_T2_ctrl,15,265,158.83333333333334,0.4400719106197357,0.9997320800926963
UBFC_PHYS_s05_T2_ctrl,15,266,158.86666666666667,0.20204293727874756,0.9412426775025432
UBFC_PHYS_s05_T2_ctrl,15,267,158.9,0.05182823911309242,0.796364756335974
UBFC_PHYS_s05_T2_ctrl,15,268,158.93333333333334,-0.03597322106361389,0.5902394290136549
UBFC_PHYS_s05_T2_ctrl,15,269,158.96666666666667,-0.12973405420780182,0.3529556104186224
UBFC_PHYS_s05_T2_ctrl,15,270,159.0,-0.26390329003334045,0.11368751531321498
UBFC_PHYS_s05_T2_ctrl,15,271,159.03333333333333,-0.3708003759384155,-0.10363389215261086
UBFC_PHYS_s05_T2_ctrl,15,272,159.06666666666666,-0.3409138023853302,-0.28262737044339986
UBFC_PHYS_s05_T2_ctrl,15,273,159.1,-0.15840312838554382,-0.4151325765637397
UBFC_PHYS_s05_T2_ctrl,15,274,159.13333333333333,0.07297440618276596,-0.5005554030578453
UBFC_PHYS_s05_T2_ctrl,15,275,159.16666666666666,0.2347618192434311,-0.544001235060273
UBFC_PHYS_s05_T2_ctrl,15,276,159.2,0.2913950979709625,-0.5538125276023979
UBFC_PHYS_s05_T2_ctrl,15,277,159.23333333333332,0.2901647984981537,-0.5395272116730992
UBFC_PHYS_s05_T2_ctrl,15,278,159.26666666666668,0.2967393398284912,-0.5103455258677971
UBFC_PHYS_s05_T2_ctrl,15,279,159.3,0.3270360231399536,-0.4733354062184888
UBFC_PHYS_s05_T2_ctrl,15,280,159.33333333333334,0.3439529538154602,-0.43165717202079923
UBFC_PHYS_s05_T2_ctrl,15,281,159.36666666666667,0.3243062496185303,-0.3841307254982782
UBFC_PHYS_s05_T2_ctrl,15,282,159.4,0.2872043251991272,-0.3265788051165959
UBFC_PHYS_s05_T2_ctrl,15,283,159.43333333333334,0.24452751874923706,-0.254363441853395
UBFC_PHYS_s05_T2_ctrl,15,284,159.46666666666667,0.15980185568332672,-0.16513625610276514
UBFC_PHYS_s05_T2_ctrl,15,285,159.5,0.006959911435842514,-0.060619247475302306
UBFC_PHYS_s05_T2_ctrl,15,286,159.53333333333333,-0.15337932109832764,0.053133671563188566
UBFC_PHYS_s05_T2_ctrl,15,287,159.56666666666666,-0.2632625102996826,0.1668216830644452
UBFC_PHYS_s05_T2_ctrl,15,288,159.6,-0.35909950733184814,0.2699222092450841
UBFC_PHYS_s05_T2_ctrl,15,289,159.63333333333333,-0.46439459919929504,0.35309801040701294
UBFC_PHYS_s05_T2_ctrl,15,290,159.66666666666666,-0.4961266815662384,0.4101671523237235
UBFC_PHYS_s05_T2_ctrl,15,291,159.7,-0.3753628432750702,0.43870850080927776
UBFC_PHYS_s05_T2_ctrl,15,292,159.73333333333332,-0.13887175917625427,0.4394018329724572
UBFC_PHYS_s05_T2_ctrl,15,293,159.76666666666668,0.10084890574216843,0.41516832104003437
UBFC_PHYS_s05_T2_ctrl,15,294,159.8,0.24356631934642792,0.37066740807605875
UBFC_PHYS_s05_T2_ctrl,15,295,159.83333333333334,0.2710307240486145,0.31205610307063397
UBFC_PHYS_s05_T2_ctrl,15,296,159.86666666666667,0.24483509361743927,0.24648077330648457
UBFC_PHYS_s05_T2_ctrl,15,297,159.9,0.2216896414756775,0.18052047588659123
UBFC_PHYS_s05_T2_ctrl,15,298,159.93333333333334,0.20087669789791107,0.11815515836968127
UBFC_PHYS_s05_T2_ctrl,15,299,159.96666666666667,0.1727074384689331,0.060071362037098036
UBFC_PHYS_s05_T2_ctrl,16,0,160.0,0.15594428777694702,0.13700085216430424
UBFC_PHYS_s05_T2_ctrl,16,1,160.03333333333333,0.15599554777145386,0.2800630978831227
UBFC_PHYS_s05_T2_ctrl,16,2,160.06666666666666,0.14070622622966766,0.4092451166674537
UBFC_PHYS_s05_T2_ctrl,16,3,160.1,0.08666174858808517,0.5143368427541201
UBFC_PHYS_s05_T2_ctrl,16,4,160.13333333333333,-0.0033953033853322268,0.5848414662743268
UBFC_PHYS_s05_T2_ctrl,16,5,160.16666666666666,-0.11152271926403046,0.6114860642897936
UBFC_PHYS_s05_T2_ctrl,16,6,160.2,-0.2250712364912033,0.588934110236575
UBFC_PHYS_s05_T2_ctrl,16,7,160.23333333333332,-0.3385044038295746,0.5184997935501798
UBFC_PHYS_s05_T2_ctrl,16,8,160.26666666666668,-0.4108499586582184,0.40880794209010524
UBFC_PHYS_s05_T2_ctrl,16,9,160.3,-0.3745938837528229,0.2720338266200324
UBFC_PHYS_s05_T2_ctrl,16,10,160.33333333333334,-0.2391686886548996,0.1177013643762198
UBFC_PHYS_s05_T2_ctrl,16,11,160.36666666666667,-0.08560904860496521,-0.050100647741086815
UBFC_PHYS_s05_T2_ctrl,16,12,160.4,0.04717608168721199,-0.23062531909659695
UBFC_PHYS_s05_T2_ctrl,16,13,160.43333333333334,0.18076860904693604,-0.4227832267242052
UBFC_PHYS_s05_T2_ctrl,16,14,160.46666666666667,0.31245157122612,-0.6218504693976064
UBFC_PHYS_s05_T2_ctrl,16,15,160.5,0.3877831995487213,-0.8167915025734837
UBFC_PHYS_s05_T2_ctrl,16,16,160.53333333333333,0.37043052911758423,-0.9890850496309839
UBFC_PHYS_s05_T2_ctrl,16,17,160.56666666666666,0.30405718088150024,-1.1144675104480997
UBFC_PHYS_s05_T2_ctrl,16,18,160.6,0.25979119539260864,-1.1676859811947313
UBFC_PHYS_s05_T2_ctrl,16,19,160.63333333333333,0.2555747926235199,-1.1289278923298316
UBFC_PHYS_s05_T2_ctrl,16,20,160.66666666666666,0.23988817632198334,-0.9898241627645362
UBFC_PHYS_s05_T2_ctrl,16,21,160.7,0.16090402007102966,-0.7565334608627887
UBFC_PHYS_s05_T2_ctrl,16,22,160.73333333333332,0.02978495880961418,-0.4486607928466654
UBFC_PHYS_s05_T2_ctrl,16,23,160.76666666666668,-0.10819058865308762,-0.09426887744429857
UBFC_PHYS_s05_T2_ctrl,16,24,160.8,-0.22057287395000458,0.27675533732930735
UBFC_PHYS_s05_T2_ctrl,16,25,160.83333333333334,-0.30119743943214417,0.6372159948356456
UBFC_PHYS_s05_T2_ctrl,16,26,160.86666666666667,-0.38849908113479614,0.9635708839964245
UBFC_PHYS_s05_T2_ctrl,16,27,160.9,-0.5116210579872131,1.2345030754391253
UBFC_PHYS_s05_T2_ctrl,16,28,160.93333333333334,-0.587016761302948,1.4294688031921496
UBFC_PHYS_s05_T2_ctrl,16,29,160.96666666666667,-0.4938839077949524,1.5301120781018325
UBFC_PHYS_s05_T2_ctrl,16,30,161.0,-0.26332658529281616,1.5244784323391436
UBFC_PHYS_s05_T2_ctrl,16,31,161.03333333333333,-0.04750749468803406,1.4109741954997124
UBFC_PHYS_s05_T2_ctrl,16,32,161.06666666666666,0.0915958508849144,1.2000187893021363
UBFC_PHYS_s05_T2_ctrl,16,33,161.1,0.18558737635612488,0.9128210570983379
UBFC_PHYS_s05_T2_ctrl,16,34,161.13333333333333,0.25938108563423157,0.5776769315525975
UBFC_PHYS_s05_T2_ctrl,16,35,161.16666666666666,0.3301118314266205,0.22507208674166335
UBFC_PHYS_s05_T2_ctrl,16,36,161.2,0.40950608253479004,-0.11726601830286015
UBFC_PHYS_s05_T2_ctrl,16,37,161.23333333333332,0.466434121131897,-0.4285077706216175
UBFC_PHYS_s05_T2_ctrl,16,38,161.26666666666668,0.46580615639686584,-0.6969573977339545
UBFC_PHYS_s05_T2_ctrl,16,39,161.3,0.4318441152572632,-0.919224158487502
UBFC_PHYS_s05_T2_ctrl,16,40,161.33333333333334,0.40329039096832275,-1.0967710436398208
UBFC_PHYS_s05_T2_ctrl,16,41,161.36666666666667,0.37163519859313965,-1.2317980145485534
UBFC_PHYS_s05_T2_ctrl,16,42,161.4,0.31369471549987793,-1.3238682805742983
UBFC_PHYS_s05_T2_ctrl,16,43,161.43333333333334,0.23591525852680206,-1.3678917950598504
UBFC_PHYS_s05_T2_ctrl,16,44,161.46666666666667,0.1651332527399063,-1.3539430698698303
UBFC_PHYS_s05_T2_ctrl,16,45,161.5,0.11653551459312439,-1.269206562655007
UBFC_PHYS_s05_T2_ctrl,16,46,161.53333333333333,0.08317583054304123,-1.1019438221786144
UBFC_PHYS_s05_T2_ctrl,16,47,161.56666666666666,0.04840640351176262,-0.8469174909934725
UBFC_PHYS_s05_T2_ctrl,16,48,161.6,0.004345476161688566,-0.5103844490730312
UBFC_PHYS_s05_T2_ctrl,16,49,161.63333333333333,-0.0459311418235302,-0.1117946754168924
UBFC_PHYS_s05_T2_ctrl,16,50,161.66666666666666,-0.09492617845535278,0.3185072313556021
UBFC_PHYS_s05_T2_ctrl,16,51,161.7,-0.14302410185337067,0.7439856402138796
UBFC_PHYS_s05_T2_ctrl,16,52,161.73333333333332,-0.20889762043952942,1.1271649189601547
UBFC_PHYS_s05_T2_ctrl,16,53,161.76666666666668,-0.2991469204425812,1.433704196144041
UBFC_PHYS_s05_T2_ctrl,16,54,161.8,-0.3928949236869812,1.635101963779992
UBFC_PHYS_s05_T2_ctrl,16,55,161.83333333333334,-0.5009967088699341,1.711253404969744
UBFC_PHYS_s05_T2_ctrl,16,56,161.86666666666667,-0.6426376104354858,1.653324753317899
UBFC_PHYS_s05_T2_ctrl,16,57,161.9,-0.7497268915176392,1.4663899142527161
UBFC_PHYS_s05_T2_ctrl,16,58,161.93333333333334,-0.7223650813102722,1.1704102214613856
UBFC_PHYS_s05_T2_ctrl,16,59,161.96666666666667,-0.5662935376167297,0.7976144117753782
UBFC_PHYS_s05_T2_ctrl,16,60,162.0,-0.37424784898757935,0.38649747349227315
UBFC_PHYS_s05_T2_ctrl,16,61,162.03333333333333,-0.21343444287776947,-0.025135338608188992
UBFC_PHYS_s05_T2_ctrl,16,62,162.06666666666666,-0.08049552142620087,-0.4060055996211936
UBFC_PHYS_s05_T2_ctrl,16,63,162.1,0.05809519439935684,-0.7347164647635626
UBFC_PHYS_s05_T2_ctrl,16,64,162.13333333333333,0.21079616248607635,-1.0003168279038348
UBFC_PHYS_s05_T2_ctrl,16,65,162.16666666666666,0.34267136454582214,-1.200777336619263
UBFC_PHYS_s05_T2_ctrl,16,66,162.2,0.41577303409576416,-1.3398501091951298
UBFC_PHYS_s05_T2_ctrl,16,67,162.23333333333332,0.425666868686676,-1.4224936561012642
UBFC_PHYS_s05_T2_ctrl,16,68,162.26666666666668,0.3988945484161377,-1.4502724077435591
UBFC_PHYS_s05_T2_ctrl,16,69,162.3,0.36940523982048035,-1.4191452959376982
UBFC_PHYS_s05_T2_ctrl,16,70,162.33333333333334,0.3463238775730133,-1.3204571708852588
UBFC_PHYS_s05_T2_ctrl,16,71,162.36666666666667,0.3161937892436981,-1.144194683597313
UBFC_PHYS_s05_T2_ctrl,16,72,162.4,0.2710179090499878,-0.8835304595051154
UBFC_PHYS_s05_T2_ctrl,16,73,162.43333333333334,0.22101040184497833,-0.5397993622476925
UBFC_PHYS_s05_T2_ctrl,16,74,162.46666666666667,0.18379315733909607,-0.12660803225973313
UBFC_PHYS_s05_T2_ctrl,16,75,162.5,0.1674785614013672,0.32849658973346235
UBFC_PHYS_s05_T2_ctrl,16,76,162.53333333333333,0.15939174592494965,0.7861713735732507
UBFC_PHYS_s05_T2_ctrl,16,77,162.56666666666666,0.13574649393558502,1.2020514181101118
UBFC_PHYS_s05_T2_ctrl,16,78,162.6,0.09016047418117523,1.5357303996374796
UBFC_PHYS_s05_T2_ctrl,16,79,162.63333333333333,0.03867916390299797,1.7567660866189763
UBFC_PHYS_s05_T2_ctrl,16,80,162.66666666666666,-0.009188071824610233,1.8462779843522945
UBFC_PHYS_s05_T2_ctrl,16,81,162.7,-0.0655522271990776,1.7966510906629078
UBFC_PHYS_s05_T2_ctrl,16,82,162.73333333333332,-0.13939721882343292,1.6115767202475828
UBFC_PHYS_s05_T2_ctrl,16,83,162.76666666666668,-0.2149723321199417,1.3076709137257405
UBFC_PHYS_s05_T2_ctrl,16,84,162.8,-0.2728615701198578,0.9156868514633777
UBFC_PHYS_s05_T2_ctrl,16,85,162.83333333333334,-0.31811437010765076,0.4766842667334114
UBFC_PHYS_s05_T2_ctrl,16,86,162.86666666666667,-0.3792332112789154,0.03345964100170528
UBFC_PHYS_s05_T2_ctrl,16,87,162.9,-0.48374655842781067,-0.3774476089178841
UBFC_PHYS_s05_T2_ctrl,16,88,162.93333333333334,-0.6098290085792542,-0.7302243343277188
UBFC_PHYS_s05_T2_ctrl,16,89,162.96666666666667,-0.664104163646698,-1.010745518888043
UBFC_PHYS_s05_T2_ctrl,16,90,163.0,-0.5651400685310364,-1.21493395905728
UBFC_PHYS_s05_T2_ctrl,16,91,163.03333333333333,-0.3558827340602875,-1.3459850701245915
UBFC_PHYS_s05_T2_ctrl,16,92,163.06666666666666,-0.16955293715000153,-1.4111789312709073
UBFC_PHYS_s05_T2_ctrl,16,93,163.1,-0.060169562697410583,-1.4181733115970474
UBFC_PHYS_s05_T2_ctrl,16,94,163.13333333333333,0.020224327221512794,-1.3714961767894873
UBFC_PHYS_s05_T2_ctrl,16,95,163.16666666666666,0.11525393277406693,-1.2707360358176316
UBFC_PHYS_s05_T2_ctrl,16,96,163.2,0.1988517791032791,-1.1113242460116155
UBFC_PHYS_s05_T2_ctrl,16,97,163.23333333333332,0.23524883389472961,-0.8879932312911628
UBFC_PHYS_s05_T2_ctrl,16,98,163.26666666666668,0.2381964772939682,-0.5996042491729848
UBFC_PHYS_s05_T2_ctrl,16,99,163.3,0.24125947058200836,-0.25289983735475624
UBFC_PHYS_s05_T2_ctrl,16,100,163.33333333333334,0.2584070861339569,0.1359233056303829
UBFC_PHYS_s05_T2_ctrl,16,101,163.36666666666667,0.28471803665161133,0.5414210339919989
UBFC_PHYS_s05_T2_ctrl,16,102,163.4,0.3033522963523865,0.9308843698862285
UBFC_PHYS_s05_T2_ctrl,16,103,163.43333333333334,0.29576531052589417,1.2684998616670153
UBFC_PHYS_s05_T2_ctrl,16,104,163.46666666666667,0.2594195306301117,1.520865608116547
UBFC_PHYS_s05_T2_ctrl,16,105,163.5,0.21226999163627625,1.661902238512525
UBFC_PHYS_s05_T2_ctrl,16,106,163.53333333333333,0.17125923931598663,1.6760569267712697
UBFC_PHYS_s05_T2_ctrl,16,107,163.56666666666666,0.12448135018348694,1.559697458023035
UBFC_PHYS_s05_T2_ctrl,16,108,163.6,0.0574415847659111,1.321349950579306
UBFC_PHYS_s05_T2_ctrl,16,109,163.63333333333333,-0.01117453072220087,0.9819137034280663
UBFC_PHYS_s05_T2_ctrl,16,110,163.66666666666666,-0.05635043606162071,0.5738226807084975
UBFC_PHYS_s05_T2_ctrl,16,111,163.7,-0.08254605531692505,0.1362823860393015
UBFC_PHYS_s05_T2_ctrl,16,112,163.73333333333332,-0.10992073267698288,-0.2924896232139971
UBFC_PHYS_s05_T2_ctrl,16,113,163.76666666666668,-0.1518414169549942,-0.6813795983822182
UBFC_PHYS_s05_T2_ctrl,16,114,163.8,-0.2144981473684311,-1.0086833510745865
UBFC_PHYS_s05_T2_ctrl,16,115,163.83333333333334,-0.2954943776130676,-1.2613446525386012
UBFC_PHYS_s05_T2_ctrl,16,116,163.86666666666667,-0.3843980133533478,-1.432376091096767
UBFC_PHYS_s05_T2_ctrl,16,117,163.9,-0.4668680727481842,-1.5178712706002881
UBFC_PHYS_s05_T2_ctrl,16,118,163.93333333333334,-0.5190926790237427,-1.5148835513277883
UBFC_PHYS_s05_T2_ctrl,16,119,163.96666666666667,-0.5011248588562012,-1.4210624710036197
UBFC_PHYS_s05_T2_ctrl,16,120,164.0,-0.38597434759140015,-1.2360517113495688
UBFC_PHYS_s05_T2_ctrl,16,121,164.03333333333333,-0.19869619607925415,-0.963788276913843
UBFC_PHYS_s05_T2_ctrl,16,122,164.06666666666666,-0.02094021625816822,-0.6147360858129002
UBFC_PHYS_s05_T2_ctrl,16,123,164.1,0.0847778171300888,-0.20717669241517236
UBFC_PHYS_s05_T2_ctrl,16,124,164.13333333333333,0.13238874077796936,0.23276922373284678
UBFC_PHYS_s05_T2_ctrl,16,125,164.16666666666666,0.17369425296783447,0.6721422913005161
UBFC_PHYS_s05_T2_ctrl,16,126,164.2,0.22165119647979736,1.0734385736265306
UBFC_PHYS_s05_T2_ctrl,16,127,164.23333333333332,0.26041918992996216,1.3988760748073341
UBFC_PHYS_s05_T2_ctrl,16,128,164.26666666666668,0.28045037388801575,1.6158672033013486
UBFC_PHYS_s05_T2_ctrl,16,129,164.3,0.27582383155822754,1.7015549354229984
UBFC_PHYS_s05_T2_ctrl,16,130,164.33333333333334,0.24712912738323212,1.6458401060216186
UBFC_PHYS_s05_T2_ctrl,16,131,164.36666666666667,0.20752812922000885,1.4538785167170523
UBFC_PHYS_s05_T2_ctrl,16,132,164.4,0.17024677991867065,1.1472184331255015
UBFC_PHYS_s05_T2_ctrl,16,133,164.43333333333334,0.14319249987602234,0.7610920432838338
UBFC_PHYS_s05_T2_ctrl,16,134,164.46666666666667,0.12267431616783142,0.33775746729908124
UBFC_PHYS_s05_T2_ctrl,16,135,164.5,0.09154459089040756,-0.0816717240406422
UBFC_PHYS_s05_T2_ctrl,16,136,164.53333333333333,0.04335695505142212,-0.464219483083189
UBFC_PHYS_s05_T2_ctrl,16,137,164.56666666666666,-0.0045999945141375065,-0.7884219018123267
UBFC_PHYS_s05_T2_ctrl,16,138,164.6,-0.03775462508201599,-1.0437242748425586
UBFC_PHYS_s05_T2_ctrl,16,139,164.63333333333333,-0.05569683015346527,-1.227598118896572
UBFC_PHYS_s05_T2_ctrl,16,140,164.66666666666666,-0.06250204890966415,-1.3418900869017518
UBFC_PHYS_s05_T2_ctrl,16,141,164.7,-0.06928163766860962,-1.3893968368760667
UBFC_PHYS_s05_T2_ctrl,16,142,164.73333333333332,-0.1001550480723381,-1.371393800575465
UBFC_PHYS_s05_T2_ctrl,16,143,164.76666666666668,-0.16142767667770386,-1.2865245166327117
UBFC_PHYS_s05_T2_ctrl,16,144,164.8,-0.22518658638000488,-1.1312658099953077
UBFC_PHYS_s05_T2_ctrl,16,145,164.83333333333334,-0.28408828377723694,-0.901980918462032
UBFC_PHYS_s05_T2_ctrl,16,146,164.86666666666667,-0.3639695346355438,-0.5984274148489959
UBFC_PHYS_s05_T2_ctrl,16,147,164.9,-0.44091594219207764,-0.22837592129152862
UBFC_PHYS_s05_T2_ctrl,16,148,164.93333333333334,-0.43173980712890625,0.188284192514985
UBFC_PHYS_s05_T2_ctrl,16,149,164.96666666666667,-0.3196522891521454,0.6185692716979422
UBFC_PHYS_s05_T2_ctrl,16,150,165.0,-0.18739260733127594,1.0199150429523625
UBFC_PHYS_s05_T2_ctrl,16,151,165.03333333333333,-0.09076102077960968,1.3479049395230702
UBFC_PHYS_s05_T2_ctrl,16,152,165.06666666666666,-0.011007924564182758,1.5655561018969524
UBFC_PHYS_s05_T2_ctrl,16,153,165.1,0.054980941116809845,1.6496396734041228
UBFC_PHYS_s05_T2_ctrl,16,154,165.13333333333333,0.09497924149036407,1.592754714592462
UBFC_PHYS_s05_T2_ctrl,16,155,165.16666666666666,0.1229434460401535,1.4032428993491977
UBFC_PHYS_s05_T2_ctrl,16,156,165.2,0.15655945241451263,1.1037570651442221
UBFC_PHYS_s05_T2_ctrl,16,157,165.23333333333332,0.19309747219085693,0.7277644335445169
UBFC_PHYS_s05_T2_ctrl,16,158,165.26666666666668,0.21746040880680084,0.3141185858155833
UBFC_PHYS_s05_T2_ctrl,16,159,165.3,0.21430771052837372,-0.09919122804850505
UBFC_PHYS_s05_T2_ctrl,16,160,165.33333333333334,0.18535669147968292,-0.4805411918094785
UBFC_PHYS_s05_T2_ctrl,16,161,165.36666666666667,0.14442282915115356,-0.8076187646848162
UBFC_PHYS_s05_T2_ctrl,16,162,165.4,0.09661967307329178,-1.0673096227094487
UBFC_PHYS_s05_T2_ctrl,16,163,165.43333333333334,0.039396852254867554,-1.2533710416852792
UBFC_PHYS_s05_T2_ctrl,16,164,165.46666666666667,-0.022144906222820282,-1.3631930277123427
UBFC_PHYS_s05_T2_ctrl,16,165,165.5,-0.07012748718261719,-1.3951160503877438
UBFC_PHYS_s05_T2_ctrl,16,166,165.53333333333333,-0.09137618541717529,-1.3471171384542153
UBFC_PHYS_s05_T2_ctrl,16,167,165.56666666666666,-0.0995527058839798,-1.2169009301338911
UBFC_PHYS_s05_T2_ctrl,16,168,165.6,-0.12487684190273285,-1.0035214844171931
UBFC_PHYS_s05_T2_ctrl,16,169,165.63333333333333,-0.17848558723926544,-0.7107047957488374
UBFC_PHYS_s05_T2_ctrl,16,170,165.66666666666666,-0.2437823861837387,-0.3507493126324987
UBFC_PHYS_s05_T2_ctrl,16,171,165.7,-0.30634942650794983,0.05322009798598926
UBFC_PHYS_s05_T2_ctrl,16,172,165.73333333333332,-0.3808736503124237,0.4682360366788852
UBFC_PHYS_s05_T2_ctrl,16,173,165.76666666666668,-0.48787325620651245,0.8562768958705091
UBFC_PHYS_s05_T2_ctrl,16,174,165.8,-0.5791734457015991,1.1809583061886249
UBFC_PHYS_s05_T2_ctrl,16,175,165.83333333333334,-0.5584117770195007,1.4121732780894793
UBFC_PHYS_s05_T2_ctrl,16,176,165.86666666666667,-0.41273388266563416,1.5279605728273
UBFC_PHYS_s05_T2_ctrl,16,177,165.9,-0.24225731194019318,1.516146009019829
UBFC_PHYS_s05_T2_ctrl,16,178,165.93333333333334,-0.12090392410755157,1.3767618743151386
UBFC_PHYS_s05_T2_ctrl,16,179,165.96666666666667,-0.03162864223122597,1.1243094733103163
UBFC_PHYS_s05_T2_ctrl,16,180,166.0,0.047137632966041565,0.787650928067878
UBFC_PHYS_s05_T2_ctrl,16,181,166.03333333333333,0.10598806291818619,0.4046542785552434
UBFC_PHYS_s05_T2_ctrl,16,182,166.06666666666666,0.14273113012313843,0.013139900521109355
UBFC_PHYS_s05_T2_ctrl,16,183,166.1,0.15832804143428802,-0.35615857321692995
UBFC_PHYS_s05_T2_ctrl,16,184,166.13333333333333,0.15268905460834503,-0.6820249318546454
UBFC_PHYS_s05_T2_ctrl,16,185,166.16666666666666,0.14517895877361298,-0.9516353819921529
UBFC_PHYS_s05_T2_ctrl,16,186,166.2,0.1569439172744751,-1.1575975405064376
UBFC_PHYS_s05_T2_ctrl,16,187,166.23333333333332,0.18060199916362762,-1.295054108279503
UBFC_PHYS_s05_T2_ctrl,16,188,166.26666666666668,0.18625380098819733,-1.3597338904629548
UBFC_PHYS_s05_T2_ctrl,16,189,166.3,0.1529453694820404,-1.3466923445172385
UBFC_PHYS_s05_T2_ctrl,16,190,166.33333333333334,0.08263756334781647,-1.2501540845387715
UBFC_PHYS_s05_T2_ctrl,16,191,166.36666666666667,-0.00412580743432045,-1.0654784920025147
UBFC_PHYS_s05_T2_ctrl,16,192,166.4,-0.07343398034572601,-0.7930504279703494
UBFC_PHYS_s05_T2_ctrl,16,193,166.43333333333334,-0.11090755462646484,-0.44264226459520695
UBFC_PHYS_s05_T2_ctrl,16,194,166.46666666666667,-0.13997392356395721,-0.036176823520792295
UBFC_PHYS_s05_T2_ctrl,16,195,166.5,-0.18681588768959045,0.3933458898963142
UBFC_PHYS_s05_T2_ctrl,16,196,166.53333333333333,-0.24487173557281494,0.8065682749109934
UBFC_PHYS_s05_T2_ctrl,16,197,166.56666666666666,-0.2984292209148407,1.1635575783132672
UBFC_PHYS_s05_T2_ctrl,16,198,166.6,-0.352640300989151,1.42880741920272
UBFC_PHYS_s05_T2_ctrl,16,199,166.63333333333333,-0.41702720522880554,1.5747033778184418
UBFC_PHYS_s05_T2_ctrl,16,200,166.66666666666666,-0.4731222093105316,1.584206713736928
UBFC_PHYS_s05_T2_ctrl,16,201,166.7,-0.46336933970451355,1.4546196526313018
UBFC_PHYS_s05_T2_ctrl,16,202,166.73333333333332,-0.349718302488327,1.2008784592788426
UBFC_PHYS_s05_T2_ctrl,16,203,166.76666666666668,-0.17657601833343506,0.8537373655028726
UBFC_PHYS_s05_T2_ctrl,16,204,166.8,-0.03571690246462822,0.4526621061825667
UBFC_PHYS_s05_T2_ctrl,16,205,166.83333333333334,0.03483440726995468,0.03784993631364513
UBFC_PHYS_s05_T2_ctrl,16,206,166.86666666666667,0.07189787179231644,-0.35567892050050304
UBFC_PHYS_s05_T2_ctrl,16,207,166.9,0.12537845969200134,-0.7010410122849876
UBFC_PHYS_s05_T2_ctrl,16,208,166.93333333333334,0.18762509524822235,-0.9798759155017468
UBFC_PHYS_s05_T2_ctrl,16,209,166.96666666666667,0.20682324469089508,-1.1815423508147795
UBFC_PHYS_s05_T2_ctrl,16,210,167.0,0.17420688271522522,-1.301853262722015
UBFC_PHYS_s05_T2_ctrl,16,211,167.03333333333333,0.137348473072052,-1.3412505403509793
UBFC_PHYS_s05_T2_ctrl,16,212,167.06666666666666,0.11612541228532791,-1.3027540459758076
UBFC_PHYS_s05_T2_ctrl,16,213,167.1,0.08620037138462067,-1.1904491148671517
UBFC_PHYS_s05_T2_ctrl,16,214,167.13333333333333,0.04037085920572281,-1.009099172309054
UBFC_PHYS_s05_T2_ctrl,16,215,167.16666666666666,0.009459004737436771,-0.7651751870057196
UBFC_PHYS_s05_T2_ctrl,16,216,167.2,0.0106893265619874,-0.4687653989474037
UBFC_PHYS_s05_T2_ctrl,16,217,167.23333333333332,0.005755220539867878,-0.13511561005210865
UBFC_PHYS_s05_T2_ctrl,16,218,167.26666666666668,-0.05392824113368988,0.21513017738564774
UBFC_PHYS_s05_T2_ctrl,16,219,167.3,-0.14448510110378265,0.5573871204234294
UBFC_PHYS_s05_T2_ctrl,16,220,167.33333333333334,-0.20834654569625854,0.8658144046931798
UBFC_PHYS_s05_T2_ctrl,16,221,167.36666666666667,-0.23668240010738373,1.1159919139699137
UBFC_PHYS_s05_T2_ctrl,16,222,167.4,-0.2624807357788086,1.2870177005231798
UBFC_PHYS_s05_T2_ctrl,16,223,167.43333333333334,-0.3166661858558655,1.3631961464059072
UBFC_PHYS_s05_T2_ctrl,16,224,167.46666666666667,-0.39415088295936584,1.3357525679500486
UBFC_PHYS_s05_T2_ctrl,16,225,167.5,-0.43960872292518616,1.205062513952748
UBFC_PHYS_s05_T2_ctrl,16,226,167.53333333333333,-0.3862434923648834,0.9825394021824385
UBFC_PHYS_s05_T2_ctrl,16,227,167.56666666666666,-0.2416805922985077,0.690153255990287
UBFC_PHYS_s05_T2_ctrl,16,228,167.6,-0.06758994609117508,0.3570456889691948
UBFC_PHYS_s05_T2_ctrl,16,229,167.63333333333333,0.07150058448314667,0.014389373021188277
UBFC_PHYS_s05_T2_ctrl,16,230,167.66666666666666,0.14171868562698364,-0.3098051484810321
UBFC_PHYS_s05_T2_ctrl,16,231,167.7,0.1590200960636139,-0.5940007641422633
UBFC_PHYS_s05_T2_ctrl,16,232,167.73333333333332,0.16018633544445038,-0.8239208575661885
UBFC_PHYS_s05_T2_ctrl,16,233,167.76666666666668,0.15507280826568604,-0.9915293044129205
UBFC_PHYS_s05_T2_ctrl,16,234,167.8,0.14737047255039215,-1.0929615834929312
UBFC_PHYS_s05_T2_ctrl,16,235,167.83333333333334,0.1551753282546997,-1.1260286880970698
UBFC_PHYS_s05_T2_ctrl,16,236,167.86666666666667,0.16774769127368927,-1.0884624707337778
UBFC_PHYS_s05_T2_ctrl,16,237,167.9,0.14844700694084167,-0.9783713368457794
UBFC_PHYS_s05_T2_ctrl,16,238,167.93333333333334,0.09467165917158127,-0.7968338485095183
UBFC_PHYS_s05_T2_ctrl,16,239,167.96666666666667,0.03316834568977356,-0.551017376508953
UBFC_PHYS_s05_T2_ctrl,16,240,168.0,-0.01899220608174801,-0.2563111118994714
UBFC_PHYS_s05_T2_ctrl,16,241,168.03333333333333,-0.060515593737363815,0.06360589559662953
UBFC_PHYS_s05_T2_ctrl,16,242,168.06666666666666,-0.09724584966897964,0.3791402688309855
UBFC_PHYS_s05_T2_ctrl,16,243,168.1,-0.14052501320838928,0.6591800321469024
UBFC_PHYS_s05_T2_ctrl,16,244,168.13333333333333,-0.19781190156936646,0.8761081956283507
UBFC_PHYS_s05_T2_ctrl,16,245,168.16666666666666,-0.2671072483062744,1.0093180543889464
UBFC_PHYS_s05_T2_ctrl,16,246,168.2,-0.33829936385154724,1.046994893059786
UBFC_PHYS_s05_T2_ctrl,16,247,168.23333333333332,-0.3812965750694275,0.9877286185466272
UBFC_PHYS_s05_T2_ctrl,16,248,168.26666666666668,-0.34766775369644165,0.8415826441938696
UBFC_PHYS_s05_T2_ctrl,16,249,168.3,-0.22426383197307587,0.6283563950522549
UBFC_PHYS_s05_T2_ctrl,16,250,168.33333333333334,-0.05506885051727295,0.37327350715602375
UBFC_PHYS_s05_T2_ctrl,16,251,168.36666666666667,0.10007995367050171,0.10282762771371404
UBFC_PHYS_s05_T2_ctrl,16,252,168.4,0.19339223206043243,-0.15797098943129115
UBFC_PHYS_s05_T2_ctrl,16,253,168.43333333333334,0.20932234823703766,-0.3874143094632838
UBFC_PHYS_s05_T2_ctrl,16,254,168.46666666666667,0.18424171209335327,-0.5683484205495515
UBFC_PHYS_s05_T2_ctrl,16,255,168.5,0.1674785614013672,-0.6889378698831815
UBFC_PHYS_s05_T2_ctrl,16,256,168.53333333333333,0.16835004091262817,-0.7431362327369447
UBFC_PHYS_s05_T2_ctrl,16,257,168.56666666666666,0.17976896464824677,-0.731087662268357
UBFC_PHYS_s05_T2_ctrl,16,258,168.6,0.1936229169368744,-0.6592003350407468
UBFC_PHYS_s05_T2_ctrl,16,259,168.63333333333333,0.17733395099639893,-0.5392208432179783
UBFC_PHYS_s05_T2_ctrl,16,260,168.66666666666666,0.12211041897535324,-0.3863543036686651
UBFC_PHYS_s05_T2_ctrl,16,261,168.7,0.07078289240598679,-0.21721691166793733
UBFC_PHYS_s05_T2_ctrl,16,262,168.73333333333332,0.04344666376709938,-0.048138276613025686
UBFC_PHYS_s05_T2_ctrl,16,263,168.76666666666668,0.00918987113982439,0.10602045949864466
UBFC_PHYS_s05_T2_ctrl,16,264,168.8,-0.04625153914093971,0.23247803175517387
UBFC_PHYS_s05_T2_ctrl,16,265,168.83333333333334,-0.10011660307645798,0.32060746779061655
UBFC_PHYS_s05_T2_ctrl,16,266,168.86666666666667,-0.13953818380832672,0.36216764655113987
UBFC_PHYS_s05_T2_ctrl,16,267,168.9,-0.18366318941116333,0.3528283230062786
UBFC_PHYS_s05_T2_ctrl,16,268,168.93333333333334,-0.24978022277355194,0.29463254892287555
UBFC_PHYS_s05_T2_ctrl,16,269,168.96666666666667,-0.3126932680606842,0.197592240001885
UBFC_PHYS_s05_T2_ctrl,16,270,169.0,-0.32714956998825073,0.07937723594645063
UBFC_PHYS_s05_T2_ctrl,16,271,169.03333333333333,-0.27446356415748596,-0.03692377370164575
UBFC_PHYS_s05_T2_ctrl,16,272,169.06666666666666,-0.17119336128234863,-0.12677392913273391
UBFC_PHYS_s05_T2_ctrl,16,273,169.1,-0.0457901693880558,-0.1694440066682308
UBFC_PHYS_s05_T2_ctrl,16,274,169.13333333333333,0.05969717726111412,-0.1532160949877767
UBFC_PHYS_s05_T2_ctrl,16,275,169.16666666666666,0.11993172019720078,-0.07849687115349083
UBFC_PHYS_s05_T2_ctrl,16,276,169.2,0.1512921303510666,0.042212139018267994
UBFC_PHYS_s05_T2_ctrl,16,277,169.23333333333332,0.17561663687229156,0.18735856219964475
UBFC_PHYS_s05_T2_ctrl,16,278,169.26666666666668,0.18645885586738586,0.33126203660325554
UBFC_PHYS_s05_T2_ctrl,16,279,169.3,0.18416480720043182,0.44900210885185265
UBFC_PHYS_s05_T2_ctrl,16,280,169.33333333333334,0.19298212230205536,0.5203243394266251
UBFC_PHYS_s05_T2_ctrl,16,281,169.36666666666667,0.2113088071346283,0.5326652197158663
UBFC_PHYS_s05_T2_ctrl,16,282,169.4,0.20846368372440338,0.4832061580235834
UBFC_PHYS_s05_T2_ctrl,16,283,169.43333333333334,0.18098647892475128,0.379566300975525
UBFC_PHYS_s05_T2_ctrl,16,284,169.46666666666667,0.15466269850730896,0.23834086062334886
UBFC_PHYS_s05_T2_ctrl,16,285,169.5,0.1342214047908783,0.08052221542244058
UBFC_PHYS_s05_T2_ctrl,16,286,169.53333333333333,0.10679545998573303,-0.07464987292764044
UBFC_PHYS_s05_T2_ctrl,16,287,169.56666666666666,0.07107765972614288,-0.21363740650918664
UBFC_PHYS_s05_T2_ctrl,16,288,169.6,0.02007053606212139,-0.3291136679065426
UBFC_PHYS_s05_T2_ctrl,16,289,169.63333333333333,-0.05382571369409561,-0.4185472631960527
UBFC_PHYS_s05_T2_ctrl,16,290,169.66666666666666,-0.13926905393600464,-0.48220446417191776
UBFC_PHYS_s05_T2_ctrl,16,291,169.7,-0.23326057195663452,-0.5213817040799406
UBFC_PHYS_s05_T2_ctrl,16,292,169.73333333333332,-0.3349928557872772,-0.5372283739737389
UBFC_PHYS_s05_T2_ctrl,16,293,169.76666666666668,-0.39374077320098877,-0.5300469550622874
UBFC_PHYS_s05_T2_ctrl,16,294,169.8,-0.3503718972206116,-0.49924883390179264
UBFC_PHYS_s05_T2_ctrl,16,295,169.83333333333334,-0.22391781210899353,-0.44441232321227897
UBFC_PHYS_s05_T2_ctrl,16,296,169.86666666666667,-0.06964048743247986,-0.36692544402513727
UBFC_PHYS_s05_T2_ctrl,16,297,169.9,0.06874517351388931,-0.27084615694742886
UBFC_PHYS_s05_T2_ctrl,16,298,169.93333333333334,0.15736684203147888,-0.16251236437355232
UBFC_PHYS_s05_T2_ctrl,16,299,169.96666666666667,0.19400739669799805,-0.049440427719460556
