recording_id,measurement_id,sample_index,time_seconds,gt_signal,predicted_signal
COHFACE_s26_session2_natural,0,0,0.0,-5.497590065002441,-0.07310544924539832
COHFACE_s26_session2_natural,0,1,0.03333333333333333,-3.7829294204711914,-1.7189137294811299
COHFACE_s26_session2_natural,0,2,0.06666666666666667,0.2006712555885315,-3.1436997664701396
COHFACE_s26_session2_natural,0,3,0.1,0.38854414224624634,-4.167204450886956
COHFACE_s26_session2_natural,0,4,0.13333333333333333,-0.34069275856018066,-4.692668232402709
COHFACE_s26_session2_natural,0,5,0.16666666666666666,-0.05300184711813927,-4.724938820617037
COHFACE_s26_session2_natural,0,6,0.2,0.12864172458648682,-4.348805808669436
COHFACE_s26_session2_natural,0,7,0.23333333333333334,-0.005412681959569454,-3.690993051884992
COHFACE_s26_session2_natural,0,8,0.26666666666666666,-0.20152176916599274,-2.8842179502807257
COHFACE_s26_session2_natural,0,9,0.3,-0.4299398362636566,-2.0425342493735337
COHFACE_s26_session2_natural,0,10,0.3333333333333333,-0.6602852940559387,-1.2504022309176526
COHFACE_s26_session2_natural,0,11,0.36666666666666664,-0.8388887643814087,-0.5615328462682281
COHFACE_s26_session2_natural,0,12,0.4,-0.966256856918335,-0.002940896246902386
COHFACE_s26_session2_natural,0,13,0.43333333333333335,-1.072930097579956,0.4195014144304133
COHFACE_s26_session2_natural,0,14,0.4666666666666667,-1.1313484907150269,0.7157685812534557
COHFACE_s26_session2_natural,0,15,0.5,-0.6873087882995605,0.9062147992120939
COHFACE_s26_session2_natural,0,16,0.5333333333333333,0.6694990396499634,1.0157414544517576
COHFACE_s26_session2_natural,0,17,0.5666666666666667,1.9112186431884766,1.0679896271881222
COHFACE_s26_session2_natural,0,18,0.6,2.0503995418548584,1.0806782226697587
COHFACE_s26_session2_natural,0,19,0.6333333333333333,1.4959708452224731,1.0638401006337515
COHFACE_s26_session2_natural,0,20,0.6666666666666666,0.8954532146453857,1.0212951550634999
COHFACE_s26_session2_natural,0,21,0.7,0.41265666484832764,0.9542338703287028
COHFACE_s26_session2_natural,0,22,0.7333333333333333,0.03169494494795799,0.8648144035534457
COHFACE_s26_session2_natural,0,23,0.7666666666666667,-0.1257665753364563,0.7571956810008463
COHFACE_s26_session2_natural,0,24,0.8,-0.05883375555276871,0.636187371266748
COHFACE_s26_session2_natural,0,25,0.8333333333333334,0.03030403144657612,0.5063310991523546
COHFACE_s26_session2_natural,0,26,0.8666666666666667,-0.012009593658149242,0.3722728748930063
COHFACE_s26_session2_natural,0,27,0.9,-0.19736890494823456,0.23908945564174927
COHFACE_s26_session2_natural,0,28,0.9333333333333333,-0.44170302152633667,0.11186849693128502
COHFACE_s26_session2_natural,0,29,0.9666666666666667,-0.677602231502533,-0.005306749206911911
COHFACE_s26_session2_natural,0,30,1.0,-0.8643524050712585,-0.11019013455417595
COHFACE_s26_session2_natural,0,31,1.0333333333333334,-0.9959329962730408,-0.20182608836545074
COHFACE_s26_session2_natural,0,32,1.0666666666666667,-1.1052589416503906,-0.27877210151653964
COHFACE_s26_session2_natural,0,33,1.1,-1.1540005207061768,-0.3375652634319042
COHFACE_s26_session2_natural,0,34,1.1333333333333333,-0.62691330909729,-0.37273395323489156
COHFACE_s26_session2_natural,0,35,1.1666666666666667,0.8657472729682922,-0.379130767409042
COHFACE_s26_session2_natural,0,36,1.2,2.129503011703491,-0.35532159866748847
COHFACE_s26_session2_natural,0,37,1.2333333333333334,2.2335433959960938,-0.30502426810126654
COHFACE_s26_session2_natural,0,38,1.2666666666666666,1.6875693798065186,-0.23554198706699386
COHFACE_s26_session2_natural,0,39,1.3,1.1263153553009033,-0.15436382337103902
COHFACE_s26_session2_natural,0,40,1.3333333333333333,0.6826432347297668,-0.06668962746019766
COHFACE_s26_session2_natural,0,41,1.3666666666666667,0.298591673374176,0.022524914087982014
COHFACE_s26_session2_natural,0,42,1.4,0.07451526075601578,0.10455396562270776
COHFACE_s26_session2_natural,0,43,1.4333333333333333,0.0809432789683342,0.168879544275823
COHFACE_s26_session2_natural,0,44,1.4666666666666666,0.14693225920200348,0.21062967096171448
COHFACE_s26_session2_natural,0,45,1.5,0.09239845722913742,0.23452873203787927
COHFACE_s26_session2_natural,0,46,1.5333333333333334,-0.10174348950386047,0.25133408541965296
COHFACE_s26_session2_natural,0,47,1.5666666666666667,-0.35336995124816895,0.2687935766673434
COHFACE_s26_session2_natural,0,48,1.6,-0.589249312877655,0.28340086217358995
COHFACE_s26_session2_natural,0,49,1.6333333333333333,-0.7830733060836792,0.281851785276623
COHFACE_s26_session2_natural,0,50,1.6666666666666667,-0.931762158870697,0.2516057748422852
COHFACE_s26_session2_natural,0,51,1.7,-1.0457178354263306,0.19057935890799554
COHFACE_s26_session2_natural,0,52,1.7333333333333334,-1.0865808725357056,0.1092551963654403
COHFACE_s26_session2_natural,0,53,1.7666666666666666,-0.5402095913887024,0.023475566401814144
COHFACE_s26_session2_natural,0,54,1.8,0.9665886163711548,-0.05656824334850632
COHFACE_s26_session2_natural,0,55,1.8333333333333333,2.2043042182922363,-0.12985787401133836
COHFACE_s26_session2_natural,0,56,1.8666666666666667,2.2742176055908203,-0.19883904922535667
COHFACE_s26_session2_natural,0,57,1.9,1.7264753580093384,-0.2626904239464752
COHFACE_s26_session2_natural,0,58,1.9333333333333333,1.1988813877105713,-0.3150562419413262
COHFACE_s26_session2_natural,0,59,1.9666666666666666,0.7964995503425598,-0.3475374316419551
COHFACE_s26_session2_natural,0,60,2.0,0.41369983553886414,-0.3556233422342175
COHFACE_s26_session2_natural,0,61,2.033333333333333,0.16703099012374878,-0.34006295259942365
COHFACE_s26_session2_natural,0,62,2.066666666666667,0.15245617926120758,-0.3026774049151835
COHFACE_s26_session2_natural,0,63,2.1,0.1965680569410324,-0.2418842965924209
COHFACE_s26_session2_natural,0,64,2.1333333333333333,0.13035055994987488,-0.15219001243935293
COHFACE_s26_session2_natural,0,65,2.1666666666666665,-0.07376622408628464,-0.02971137582222741
COHFACE_s26_session2_natural,0,66,2.2,-0.3404642641544342,0.11985312210981537
COHFACE_s26_session2_natural,0,67,2.2333333333333334,-0.5835366249084473,0.2791227734590467
COHFACE_s26_session2_natural,0,68,2.2666666666666666,-0.7717075347900391,0.4246195761030089
COHFACE_s26_session2_natural,0,69,2.3,-0.9101036190986633,0.5348645242680466
COHFACE_s26_session2_natural,0,70,2.3333333333333335,-1.0188930034637451,0.5965931072479208
COHFACE_s26_session2_natural,0,71,2.3666666666666667,-1.0880016088485718,0.6065325245105309
COHFACE_s26_session2_natural,0,72,2.4,-0.7405411005020142,0.5690541783846862
COHFACE_s26_session2_natural,0,73,2.433333333333333,0.6097592711448669,0.4926981612302077
COHFACE_s26_session2_natural,0,74,2.466666666666667,2.013460874557495,0.38746177520852126
COHFACE_s26_session2_natural,0,75,2.5,2.2735519409179688,0.2631945078370729
COHFACE_s26_session2_natural,0,76,2.533333333333333,1.764735460281372,0.12878109753835107
COHFACE_s26_session2_natural,0,77,2.566666666666667,1.2293423414230347,-0.008681443957805223
COHFACE_s26_session2_natural,0,78,2.6,0.8407207131385803,-0.1444302742216592
COHFACE_s26_session2_natural,0,79,2.6333333333333333,0.4571262001991272,-0.275008321871885
COHFACE_s26_session2_natural,0,80,2.6666666666666665,0.15702633559703827,-0.3962437467606883
COHFACE_s26_session2_natural,0,81,2.7,0.09862776845693588,-0.5025689343092649
COHFACE_s26_session2_natural,0,82,2.7333333333333334,0.14716076850891113,-0.5884074220010251
COHFACE_s26_session2_natural,0,83,2.7666666666666666,0.09732627123594284,-0.6505506182896389
COHFACE_s26_session2_natural,0,84,2.8,-0.0895630419254303,-0.6894826734703982
COHFACE_s26_session2_natural,0,85,2.8333333333333335,-0.35026028752326965,-0.7072070493162024
COHFACE_s26_session2_natural,0,86,2.8666666666666667,-0.6039631962776184,-0.702785903966643
COHFACE_s26_session2_natural,0,87,2.9,-0.7996450662612915,-0.670175721880048
COHFACE_s26_session2_natural,0,88,2.933333333333333,-0.9374847412109375,-0.6004667266210615
COHFACE_s26_session2_natural,0,89,2.966666666666667,-1.0374220609664917,-0.4875728768061774
COHFACE_s26_session2_natural,0,90,3.0,-1.1144191026687622,-0.33397859128174395
COHFACE_s26_session2_natural,0,91,3.033333333333333,-1.0810073614120483,-0.15154141687330538
COHFACE_s26_session2_natural,0,92,3.066666666666667,-0.3038732707500458,0.04312155799860131
COHFACE_s26_session2_natural,0,93,3.1,1.2725402116775513,0.23449515752500388
COHFACE_s26_session2_natural,0,94,3.1333333333333333,2.2127790451049805,0.411297404476293
COHFACE_s26_session2_natural,0,95,3.1666666666666665,2.01623272895813,0.5641221025079491
COHFACE_s26_session2_natural,0,96,3.2,1.4409104585647583,0.6808066073387153
COHFACE_s26_session2_natural,0,97,3.2333333333333334,0.9857534170150757,0.7477774339910851
COHFACE_s26_session2_natural,0,98,3.2666666666666666,0.6036888957023621,0.7574813966644919
COHFACE_s26_session2_natural,0,99,3.3,0.2363879680633545,0.7137683451689376
COHFACE_s26_session2_natural,0,100,3.3333333333333335,0.057526227086782455,0.6307121164619541
COHFACE_s26_session2_natural,0,101,3.3666666666666667,0.09192156791687012,0.5252013253618655
COHFACE_s26_session2_natural,0,102,3.4,0.1106393113732338,0.40870477431798946
COHFACE_s26_session2_natural,0,103,3.433333333333333,-0.020255733281373978,0.287267679102751
COHFACE_s26_session2_natural,0,104,3.466666666666667,-0.25982099771499634,0.16844433065427056
COHFACE_s26_session2_natural,0,105,3.5,-0.5305328369140625,0.06394095353642733
COHFACE_s26_session2_natural,0,106,3.533333333333333,-0.7663425803184509,-0.015292033034801727
COHFACE_s26_session2_natural,0,107,3.566666666666667,-0.9266455769538879,-0.06587601842461158
COHFACE_s26_session2_natural,0,108,3.6,-1.0125445127487183,-0.09517343408700997
COHFACE_s26_session2_natural,0,109,3.6333333333333333,-1.0686678886413574,-0.11684081383570344
COHFACE_s26_session2_natural,0,110,3.6666666666666665,-1.132997751235962,-0.14114076456522298
COHFACE_s26_session2_natural,0,111,3.7,-1.1688138246536255,-0.16817291834032727
COHFACE_s26_session2_natural,0,112,3.7333333333333334,-0.7061259150505066,-0.18857315338251468
COHFACE_s26_session2_natural,0,113,3.7666666666666666,0.7280168533325195,-0.19145556150167095
COHFACE_s26_session2_natural,0,114,3.8,1.9823838472366333,-0.17433299180125858
COHFACE_s26_session2_natural,0,115,3.8333333333333335,2.0592517852783203,-0.14604568996290399
COHFACE_s26_session2_natural,0,116,3.8666666666666667,1.490446925163269,-0.12093175487738954
COHFACE_s26_session2_natural,0,117,3.9,0.9566038250923157,-0.1101074182056885
COHFACE_s26_session2_natural,0,118,3.933333333333333,0.5597360134124756,-0.11565022913903424
COHFACE_s26_session2_natural,0,119,3.966666666666667,0.19193829596042633,-0.13192674113781921
COHFACE_s26_session2_natural,0,120,4.0,-0.009237698279321194,-0.15219723985115727
COHFACE_s26_session2_natural,0,121,4.033333333333333,0.020428534597158432,-0.1730714463437754
COHFACE_s26_session2_natural,0,122,4.066666666666666,0.06630886346101761,-0.19404422504185637
COHFACE_s26_session2_natural,0,123,4.1,-0.02601809613406658,-0.21468428012755408
COHFACE_s26_session2_natural,0,124,4.133333333333334,-0.24672651290893555,-0.23224186748944536
COHFACE_s26_session2_natural,0,125,4.166666666666667,-0.5163753032684326,-0.24186374020775772
COHFACE_s26_session2_natural,0,126,4.2,-0.7586925625801086,-0.23907199992219713
COHFACE_s26_session2_natural,0,127,4.233333333333333,-0.9298943281173706,-0.22174092282194868
COHFACE_s26_session2_natural,0,128,4.266666666666667,-1.0242083072662354,-0.19020217827974195
COHFACE_s26_session2_natural,0,129,4.3,-1.08974027633667,-0.14586166500755307
COHFACE_s26_session2_natural,0,130,4.333333333333333,-1.160021185874939,-0.08971868405351331
COHFACE_s26_session2_natural,0,131,4.366666666666666,-1.2214301824569702,-0.02279625219656846
COHFACE_s26_session2_natural,0,132,4.4,-1.0088486671447754,0.05180098719286708
COHFACE_s26_session2_natural,0,133,4.433333333333334,0.12447892129421234,0.12770678996650006
COHFACE_s26_session2_natural,0,134,4.466666666666667,1.5914572477340698,0.19634971432425902
COHFACE_s26_session2_natural,0,135,4.5,2.049267053604126,0.2500704751317289
COHFACE_s26_session2_natural,0,136,4.533333333333333,1.5767731666564941,0.28552649260489377
COHFACE_s26_session2_natural,0,137,4.566666666666666,0.9603990316390991,0.30444319869278474
COHFACE_s26_session2_natural,0,138,4.6,0.5007612109184265,0.31104416016366243
COHFACE_s26_session2_natural,0,139,4.633333333333334,0.10891060531139374,0.3079514606945453
COHFACE_s26_session2_natural,0,140,4.666666666666667,-0.11544400453567505,0.293252321803864
COHFACE_s26_session2_natural,0,141,4.7,-0.07844565808773041,0.2616518310436381
COHFACE_s26_session2_natural,0,142,4.733333333333333,0.020875614136457443,0.20909126769314884
COHFACE_s26_session2_natural,0,143,4.766666666666667,-0.019152935594320297,0.1368173588908535
COHFACE_s26_session2_natural,0,144,4.8,-0.2193354219198227,0.05245849730626015
COHFACE_s26_session2_natural,0,145,4.833333333333333,-0.48463261127471924,-0.03216822101214821
COHFACE_s26_session2_natural,0,146,4.866666666666666,-0.7263835668563843,-0.10526446768192807
COHFACE_s26_session2_natural,0,147,4.9,-0.9107295274734497,-0.1587958927463318
COHFACE_s26_session2_natural,0,148,4.933333333333334,-1.0305171012878418,-0.19017941964983906
COHFACE_s26_session2_natural,0,149,4.966666666666667,-1.1135845184326172,-0.20153861641638385
COHFACE_s26_session2_natural,0,150,5.0,-1.1901246309280396,-0.19723531778621334
COHFACE_s26_session2_natural,0,151,5.033333333333333,-1.2371375560760498,-0.18127526851466433
COHFACE_s26_session2_natural,0,152,5.066666666666666,-0.9298347234725952,-0.1557385636409952
COHFACE_s26_session2_natural,0,153,5.1,0.2973100543022156,-0.12069267609438455
COHFACE_s26_session2_natural,0,154,5.133333333333334,1.6324197053909302,-0.07560593738425904
COHFACE_s26_session2_natural,0,155,5.166666666666667,1.8878711462020874,-0.02183460171837782
COHFACE_s26_session2_natural,0,156,5.2,1.344043254852295,0.035451669833091184
COHFACE_s26_session2_natural,0,157,5.233333333333333,0.7297157645225525,0.08834004537498147
COHFACE_s26_session2_natural,0,158,5.266666666666667,0.26483219861984253,0.12965233066059909
COHFACE_s26_session2_natural,0,159,5.3,-0.09331851452589035,0.1553647688524627
COHFACE_s26_session2_natural,0,160,5.333333333333333,-0.22006069123744965,0.16429065538164558
COHFACE_s26_session2_natural,0,161,5.366666666666666,-0.11190710216760635,0.15557215459731097
COHFACE_s26_session2_natural,0,162,5.4,-0.02703147567808628,0.1265553638946061
COHFACE_s26_session2_natural,0,163,5.433333333333334,-0.10187264531850815,0.07492784830674425
COHFACE_s26_session2_natural,0,164,5.466666666666667,-0.302839994430542,0.0036124891649283704
COHFACE_s26_session2_natural,0,165,5.5,-0.5560163855552673,-0.07808392559005464
COHFACE_s26_session2_natural,0,166,5.533333333333333,-0.7748371362686157,-0.15832697888662653
COHFACE_s26_session2_natural,0,167,5.566666666666666,-0.9268641471862793,-0.22727862091515333
COHFACE_s26_session2_natural,0,168,5.6,-1.0387433767318726,-0.2790947482193003
COHFACE_s26_session2_natural,0,169,5.633333333333334,-1.1420884132385254,-0.3101821083851284
COHFACE_s26_session2_natural,0,170,5.666666666666667,-1.2327959537506104,-0.31561749142574275
COHFACE_s26_session2_natural,0,171,5.7,-1.102020025253296,-0.28821748583289186
COHFACE_s26_session2_natural,0,172,5.733333333333333,-0.1533762365579605,-0.2218321341577716
COHFACE_s26_session2_natural,0,173,5.766666666666667,1.230465054512024,-0.11705199477737158
COHFACE_s26_session2_natural,0,174,5.8,1.7513031959533691,0.014328554091890208
COHFACE_s26_session2_natural,0,175,5.833333333333333,1.3405957221984863,0.15067997114412476
COHFACE_s26_session2_natural,0,176,5.866666666666666,0.7195620536804199,0.2677884733128251
COHFACE_s26_session2_natural,0,177,5.9,0.21161974966526031,0.34742445606770783
COHFACE_s26_session2_natural,0,178,5.933333333333334,-0.18498975038528442,0.3827339248791735
COHFACE_s26_session2_natural,0,179,5.966666666666667,-0.3396396338939667,0.37709070176933157
COHFACE_s26_session2_natural,0,180,6.0,-0.2308402806520462,0.33808394337919073
COHFACE_s26_session2_natural,0,181,6.033333333333333,-0.09922990202903748,0.2728641288308968
COHFACE_s26_session2_natural,0,182,6.066666666666666,-0.13048575818538666,0.1876364136856189
COHFACE_s26_session2_natural,0,183,6.1,-0.3098541796207428,0.0899704819815884
COHFACE_s26_session2_natural,0,184,6.133333333333334,-0.548644483089447,-0.009127685705090078
COHFACE_s26_session2_natural,0,185,6.166666666666667,-0.7577983736991882,-0.09727242466647235
COHFACE_s26_session2_natural,0,186,6.2,-0.9120111465454102,-0.16555651299352192
COHFACE_s26_session2_natural,0,187,6.233333333333333,-1.0408297777175903,-0.21001458162779868
COHFACE_s26_session2_natural,0,188,6.266666666666667,-1.1473242044448853,-0.22910410823109606
COHFACE_s26_session2_natural,0,189,6.3,-1.2214499711990356,-0.22235285529911863
COHFACE_s26_session2_natural,0,190,6.333333333333333,-0.969018816947937,-0.19183558630113923
COHFACE_s26_session2_natural,0,191,6.366666666666666,0.12051481008529663,-0.14417459794956397
COHFACE_s26_session2_natural,0,192,6.4,1.3321807384490967,-0.09071120085991782
COHFACE_s26_session2_natural,0,193,6.433333333333334,1.5763161182403564,-0.04412272391715249
COHFACE_s26_session2_natural,0,194,6.466666666666667,1.0657211542129517,-0.012826569478353835
COHFACE_s26_session2_natural,0,195,6.5,0.4581097662448883,0.0026967985480079847
COHFACE_s26_session2_natural,0,196,6.533333333333333,-0.04293758422136307,0.009232336467978683
COHFACE_s26_session2_natural,0,197,6.566666666666666,-0.3827977478504181,0.01570492949021979
COHFACE_s26_session2_natural,0,198,6.6,-0.4149477481842041,0.026566768122741957
COHFACE_s26_session2_natural,0,199,6.633333333333334,-0.24537533521652222,0.03901980612513477
COHFACE_s26_session2_natural,0,200,6.666666666666667,-0.1473356932401657,0.04574469057780187
COHFACE_s26_session2_natural,0,201,6.7,-0.22443214058876038,0.040744972281487137
COHFACE_s26_session2_natural,0,202,6.733333333333333,-0.42365092039108276,0.02446943309905717
COHFACE_s26_session2_natural,0,203,6.766666666666667,-0.6431770324707031,0.0038987176250477166
COHFACE_s26_session2_natural,0,204,6.8,-0.8181541562080383,-0.01184480569439091
COHFACE_s26_session2_natural,0,205,6.833333333333333,-0.9566992521286011,-0.01512798985019663
COHFACE_s26_session2_natural,0,206,6.866666666666666,-1.0787619352340698,-0.0009316899012216164
COHFACE_s26_session2_natural,0,207,6.9,-1.1916446685791016,0.032392916292728405
COHFACE_s26_session2_natural,0,208,6.933333333333334,-1.1410154104232788,0.0819001449390146
COHFACE_s26_session2_natural,0,209,6.966666666666667,-0.3712432086467743,0.1391407772489168
COHFACE_s26_session2_natural,0,210,7.0,0.9191981554031372,0.19109863312956069
COHFACE_s26_session2_natural,0,211,7.033333333333333,1.5444343090057373,0.2247904764422591
COHFACE_s26_session2_natural,0,212,7.066666666666666,1.257826328277588,0.23322953093559212
COHFACE_s26_session2_natural,0,213,7.1,0.6822755932807922,0.21686793034340762
COHFACE_s26_session2_natural,0,214,7.133333333333334,0.17211775481700897,0.17999933070192517
COHFACE_s26_session2_natural,0,215,7.166666666666667,-0.24062636494636536,0.12707290557104395
COHFACE_s26_session2_natural,0,216,7.2,-0.4027871787548065,0.0613844472786084
COHFACE_s26_session2_natural,0,217,7.233333333333333,-0.2902323603630066,-0.014500914185673624
COHFACE_s26_session2_natural,0,218,7.266666666666667,-0.145438089966774,-0.09727488519273539
COHFACE_s26_session2_natural,0,219,7.3,-0.14866700768470764,-0.18087580987041726
COHFACE_s26_session2_natural,0,220,7.333333333333333,-0.3007834255695343,-0.25587241684542594
COHFACE_s26_session2_natural,0,221,7.366666666666666,-0.5100764036178589,-0.3130561510419469
COHFACE_s26_session2_natural,0,222,7.4,-0.7045661211013794,-0.3489916476289316
COHFACE_s26_session2_natural,0,223,7.433333333333334,-0.8609943389892578,-0.3667764949168133
COHFACE_s26_session2_natural,0,224,7.466666666666667,-0.9904984831809998,-0.37117555952395426
COHFACE_s26_session2_natural,0,225,7.5,-1.094747543334961,-0.3634523242036008
COHFACE_s26_session2_natural,0,226,7.533333333333333,-1.0501786470413208,-0.339672927469282
COHFACE_s26_session2_natural,0,227,7.566666666666666,-0.2971372604370117,-0.29372735922700394
COHFACE_s26_session2_natural,0,228,7.6,1.0283154249191284,-0.22302058603594999
COHFACE_s26_session2_natural,0,229,7.633333333333334,1.7200969457626343,-0.132018377775931
COHFACE_s26_session2_natural,0,230,7.666666666666667,1.478097677230835,-0.031249690325154875
COHFACE_s26_session2_natural,0,231,7.7,0.9320442080497742,0.06760523684317658
COHFACE_s26_session2_natural,0,232,7.733333333333333,0.47306209802627563,0.15695421837692483
COHFACE_s26_session2_natural,0,233,7.766666666666667,0.09513060748577118,0.23325898734232337
COHFACE_s26_session2_natural,0,234,7.8,-0.14407698810100555,0.2930289743098784
COHFACE_s26_session2_natural,0,235,7.833333333333333,-0.1328304409980774,0.33261943348429535
COHFACE_s26_session2_natural,0,236,7.866666666666666,-0.011830761097371578,0.35229588070213974
COHFACE_s26_session2_natural,0,237,7.9,0.003906449303030968,0.35757188873375784
COHFACE_s26_session2_natural,0,238,7.933333333333334,-0.14194093644618988,0.3559386547541409
COHFACE_s26_session2_natural,0,239,7.966666666666667,-0.3677063286304474,0.352772503911991
COHFACE_s26_session2_natural,0,240,8.0,-0.5832882523536682,0.3492957261367623
COHFACE_s26_session2_natural,0,241,8.033333333333333,-0.7531686425209045,0.343806667976126
COHFACE_s26_session2_natural,0,242,8.066666666666666,-0.8903724551200867,0.3345754502896798
COHFACE_s26_session2_natural,0,243,8.1,-1.00673246383667,0.3204504206629598
COHFACE_s26_session2_natural,0,244,8.133333333333333,-0.9898229241371155,0.2987540489609345
COHFACE_s26_session2_natural,0,245,8.166666666666666,-0.29144445061683655,0.26369150682047754
COHFACE_s26_session2_natural,0,246,8.2,1.0258713960647583,0.20716496528415324
COHFACE_s26_session2_natural,0,247,8.233333333333333,1.779707670211792,0.12201557556635285
COHFACE_s26_session2_natural,0,248,8.266666666666667,1.5994549989700317,0.0063484517898078335
COHFACE_s26_session2_natural,0,249,8.3,1.0941256284713745,-0.13348803510012142
COHFACE_s26_session2_natural,0,250,8.333333333333334,0.6734532117843628,-0.28317991111504104
COHFACE_s26_session2_natural,0,251,8.366666666666667,0.30943089723587036,-0.4248969941581892
COHFACE_s26_session2_natural,0,252,8.4,0.02325010485947132,-0.5437020316454154
COHFACE_s26_session2_natural,0,253,8.433333333333334,-0.025054389610886574,-0.6310915793042482
COHFACE_s26_session2_natural,0,254,8.466666666666667,0.0809234082698822,-0.6839666140823386
COHFACE_s26_session2_natural,0,255,8.5,0.10417155921459198,-0.7008501309193862
COHFACE_s26_session2_natural,0,256,8.533333333333333,-0.036122098565101624,-0.6788157482401654
COHFACE_s26_session2_natural,0,257,8.566666666666666,-0.2746839225292206,-0.6152910904261807
COHFACE_s26_session2_natural,0,258,8.6,-0.5124111771583557,-0.5133611833147198
COHFACE_s26_session2_natural,0,259,8.633333333333333,-0.6941044330596924,-0.38402331506114706
COHFACE_s26_session2_natural,0,260,8.666666666666666,-0.8263009786605835,-0.2429930793053693
COHFACE_s26_session2_natural,0,261,8.7,-0.9360044002532959,-0.10448569555671698
COHFACE_s26_session2_natural,0,262,8.733333333333333,-1.0108455419540405,0.023892686999632755
COHFACE_s26_session2_natural,0,263,8.766666666666667,-0.771866500377655,0.1403598148631076
COHFACE_s26_session2_natural,0,264,8.8,0.2675345242023468,0.24392499950522697
COHFACE_s26_session2_natural,0,265,8.833333333333334,1.4628969430923462,0.3326855288638354
COHFACE_s26_session2_natural,0,266,8.866666666666667,1.7823305130004883,0.40657933847758204
COHFACE_s26_session2_natural,0,267,8.9,1.3827006816864014,0.4689889219388982
COHFACE_s26_session2_natural,0,268,8.933333333333334,0.9043252468109131,0.5246882654947742
COHFACE_s26_session2_natural,0,269,8.966666666666667,0.5257678627967834,0.5754730533023887
COHFACE_s26_session2_natural,0,270,9.0,0.18330469727516174,0.6164025579941584
COHFACE_s26_session2_natural,0,271,9.033333333333333,-0.0029289047233760357,0.6364231250610867
COHFACE_s26_session2_natural,0,272,9.066666666666666,0.03963309898972511,0.623442732243347
COHFACE_s26_session2_natural,0,273,9.1,0.13090693950653076,0.5701735998804254
COHFACE_s26_session2_natural,0,274,9.133333333333333,0.08222490549087524,0.4775122653835475
COHFACE_s26_session2_natural,0,275,9.166666666666666,-0.10769461840391159,0.3534528677571952
COHFACE_s26_session2_natural,0,276,9.2,-0.34275928139686584,0.20888374972448018
COHFACE_s26_session2_natural,0,277,9.233333333333333,-0.5585994720458984,0.05457890833947881
COHFACE_s26_session2_natural,0,278,9.266666666666667,-0.7435017824172974,-0.09895201020993977
COHFACE_s26_session2_natural,0,279,9.3,-0.8677502274513245,-0.24014307872391685
COHFACE_s26_session2_natural,0,280,9.333333333333334,-0.9293280243873596,-0.35584363628291665
COHFACE_s26_session2_natural,0,281,9.366666666666667,-0.963316023349762,-0.4340469689996374
COHFACE_s26_session2_natural,0,282,9.4,-0.993707537651062,-0.4687283065293611
COHFACE_s26_session2_natural,0,283,9.433333333333334,-0.9970159530639648,-0.4622812046037799
COHFACE_s26_session2_natural,0,284,9.466666666666667,-0.623724102973938,-0.4239694442502479
COHFACE_s26_session2_natural,0,285,9.5,0.5047550797462463,-0.3661413359531184
COHFACE_s26_session2_natural,0,286,9.533333333333333,1.5449410676956177,-0.3004305106370407
COHFACE_s26_session2_natural,0,287,9.566666666666666,1.644182801246643,-0.23609509245661836
COHFACE_s26_session2_natural,0,288,9.6,1.1527824401855469,-0.1803310057547887
COHFACE_s26_session2_natural,0,289,9.633333333333333,0.6589778065681458,-0.13821051451696326
COHFACE_s26_session2_natural,0,290,9.666666666666666,0.2705846130847931,-0.11154823386784254
COHFACE_s26_session2_natural,0,291,9.7,-0.02762758359313011,-0.09787532705974052
COHFACE_s26_session2_natural,0,292,9.733333333333333,-0.09632885456085205,-0.09075516902402994
COHFACE_s26_session2_natural,0,293,9.766666666666667,0.01565968245267868,-0.08236682074327406
COHFACE_s26_session2_natural,0,294,9.8,0.07666124403476715,-0.06722853330354099
COHFACE_s26_session2_natural,0,295,9.833333333333334,-0.02662413753569126,-0.04412299110416268
COHFACE_s26_session2_natural,0,296,9.866666666666667,-0.2540288269519806,-0.015341161129024948
COHFACE_s26_session2_natural,0,297,9.9,-0.4995054602622986,0.015385728099266811
COHFACE_s26_session2_natural,0,298,9.933333333333334,-0.7104278206825256,0.04491941549766409
COHFACE_s26_session2_natural,0,299,9.966666666666667,-0.8707605600357056,0.07172691751022335
COHFACE_s26_session2_natural,1,0,10.0,-0.9791029095649719,0.11041406063663109
COHFACE_s26_session2_natural,1,1,10.033333333333333,-1.0469597578048706,-1.5516909929370488
COHFACE_s26_session2_natural,1,2,10.066666666666666,-1.0864914655685425,-2.984654286223523
COHFACE_s26_session2_natural,1,3,10.1,-1.1126009225845337,-3.999834656956888
COHFACE_s26_session2_natural,1,4,10.133333333333333,-1.1330474615097046,-4.499630156520213
COHFACE_s26_session2_natural,1,5,10.166666666666666,-1.1522718667984009,-4.497098563734469
COHFACE_s26_session2_natural,1,6,10.2,-1.1739999055862427,-4.092673672184524
COHFACE_s26_session2_natural,1,7,10.233333333333333,-1.1984502077102661,-3.432150612595344
COHFACE_s26_session2_natural,1,8,10.266666666666667,-1.239372968673706,-2.66525482062582
COHFACE_s26_session2_natural,1,9,10.3,-1.2641907930374146,-1.9149781979545544
COHFACE_s26_session2_natural,1,10,10.333333333333334,-0.8100073933601379,-1.2622211865000235
COHFACE_s26_session2_natural,1,11,10.366666666666667,0.5281622409820557,-0.7446196596499364
COHFACE_s26_session2_natural,1,12,10.4,1.6872515678405762,-0.36523935269073426
COHFACE_s26_session2_natural,1,13,10.433333333333334,1.7762601375579834,-0.1050127810199119
COHFACE_s26_session2_natural,1,14,10.466666666666667,1.240926742553711,0.06547188137099469
COHFACE_s26_session2_natural,1,15,10.5,0.6847792863845825,0.1767214733574101
COHFACE_s26_session2_natural,1,16,10.533333333333333,0.25527462363243103,0.2546294634716003
COHFACE_s26_session2_natural,1,17,10.566666666666666,-0.010390170849859715,0.31855418448494377
COHFACE_s26_session2_natural,1,18,10.6,-0.02008683606982231,0.3815959882269102
COHFACE_s26_session2_natural,1,19,10.633333333333333,0.1156068667769432,0.4502425822934316
COHFACE_s26_session2_natural,1,20,10.666666666666666,0.18767614662647247,0.5233509786982221
COHFACE_s26_session2_natural,1,21,10.7,0.0915042981505394,0.5932330822988711
COHFACE_s26_session2_natural,1,22,10.733333333333333,-0.12704820930957794,0.6490028091462948
COHFACE_s26_session2_natural,1,23,10.766666666666667,-0.3776613175868988,0.6796143980324632
COHFACE_s26_session2_natural,1,24,10.8,-0.6002772450447083,0.6763407917468879
COHFACE_s26_session2_natural,1,25,10.833333333333334,-0.7663922905921936,0.6366851425090503
COHFACE_s26_session2_natural,1,26,10.866666666666667,-0.8866269588470459,0.5681060987545602
COHFACE_s26_session2_natural,1,27,10.9,-0.9679557085037231,0.48665936622283396
COHFACE_s26_session2_natural,1,28,10.933333333333334,-1.0143029689788818,0.41021213807003093
COHFACE_s26_session2_natural,1,29,10.966666666666667,-1.042786955833435,0.35062388855393944
COHFACE_s26_session2_natural,1,30,11.0,-1.064346194267273,0.30960551053450264
COHFACE_s26_session2_natural,1,31,11.033333333333333,-1.0831235647201538,0.28211842598836173
COHFACE_s26_session2_natural,1,32,11.066666666666666,-1.1016027927398682,0.2645674025289298
COHFACE_s26_session2_natural,1,33,11.1,-1.1263710260391235,0.2591610174200955
COHFACE_s26_session2_natural,1,34,11.133333333333333,-1.1768711805343628,0.27147219096758646
COHFACE_s26_session2_natural,1,35,11.166666666666666,-1.2090510129928589,0.30464593905695514
COHFACE_s26_session2_natural,1,36,11.2,-0.7492740750312805,0.3547832826280629
COHFACE_s26_session2_natural,1,37,11.233333333333333,0.5752248167991638,0.411908374972046
COHFACE_s26_session2_natural,1,38,11.266666666666667,1.7528033256530762,0.4652768719693492
COHFACE_s26_session2_natural,1,39,11.3,1.907900333404541,0.5065056076582587
COHFACE_s26_session2_natural,1,40,11.333333333333334,1.4109362363815308,0.5285744906231282
COHFACE_s26_session2_natural,1,41,11.366666666666667,0.8429561257362366,0.5238185924933515
COHFACE_s26_session2_natural,1,42,11.4,0.3865472078323364,0.4835363298290443
COHFACE_s26_session2_natural,1,43,11.433333333333334,0.07531006634235382,0.40059000845661197
COHFACE_s26_session2_natural,1,44,11.466666666666667,0.002694366266950965,0.2736027130563354
COHFACE_s26_session2_natural,1,45,11.5,0.12756873667240143,0.1089215820527708
COHFACE_s26_session2_natural,1,46,11.533333333333333,0.2278239130973816,-0.08076816020152419
COHFACE_s26_session2_natural,1,47,11.566666666666666,0.17631037533283234,-0.27931133351473536
COHFACE_s26_session2_natural,1,48,11.6,-0.0025016951840370893,-0.46984483265111293
COHFACE_s26_session2_natural,1,49,11.633333333333333,-0.2434181272983551,-0.636532823915176
COHFACE_s26_session2_natural,1,50,11.666666666666666,-0.4859738349914551,-0.7654616699736335
COHFACE_s26_session2_natural,1,51,11.7,-0.6828380227088928,-0.8458501678866337
COHFACE_s26_session2_natural,1,52,11.733333333333333,-0.8270361423492432,-0.8717337716543561
COHFACE_s26_session2_natural,1,53,11.766666666666667,-0.9339280128479004,-0.8431819581272852
COHFACE_s26_session2_natural,1,54,11.8,-0.9963303804397583,-0.7662391585053944
COHFACE_s26_session2_natural,1,55,11.833333333333334,-1.0157138109207153,-0.6511227270659921
COHFACE_s26_session2_natural,1,56,11.866666666666667,-1.0128028392791748,-0.5093540918708747
COHFACE_s26_session2_natural,1,57,11.9,-1.022201418876648,-0.3515077627682302
COHFACE_s26_session2_natural,1,58,11.933333333333334,-1.0623095035552979,-0.18656104927567838
COHFACE_s26_session2_natural,1,59,11.966666666666667,-1.0212178230285645,-0.02290577279410128
COHFACE_s26_session2_natural,1,60,12.0,-0.323981910943985,0.12995148777410365
COHFACE_s26_session2_natural,1,61,12.033333333333333,1.0417178869247437,0.2607516863385687
COHFACE_s26_session2_natural,1,62,12.066666666666666,1.9159278869628906,0.3579152833552415
COHFACE_s26_session2_natural,1,63,12.1,1.8194977045059204,0.4130171289618056
COHFACE_s26_session2_natural,1,64,12.133333333333333,1.2830615043640137,0.42419835111844073
COHFACE_s26_session2_natural,1,65,12.166666666666666,0.7446879744529724,0.39585747978946173
COHFACE_s26_session2_natural,1,66,12.2,0.31665369868278503,0.33519813954452715
COHFACE_s26_session2_natural,1,67,12.233333333333333,0.04105381667613983,0.25026983241771705
COHFACE_s26_session2_natural,1,68,12.266666666666667,0.011516742408275604,0.15055866842902776
COHFACE_s26_session2_natural,1,69,12.3,0.1488199383020401,0.047348621896501394
COHFACE_s26_session2_natural,1,70,12.333333333333334,0.23238413035869598,-0.04761890848648197
COHFACE_s26_session2_natural,1,71,12.366666666666667,0.16458694636821747,-0.12489147147401607
COHFACE_s26_session2_natural,1,72,12.4,-0.036420151591300964,-0.18007589780284056
COHFACE_s26_session2_natural,1,73,12.433333333333334,-0.292159765958786,-0.21449110845699454
COHFACE_s26_session2_natural,1,74,12.466666666666667,-0.5319932699203491,-0.23311407240739626
COHFACE_s26_session2_natural,1,75,12.5,-0.7227771282196045,-0.24094910971226774
COHFACE_s26_session2_natural,1,76,12.533333333333333,-0.8527482151985168,-0.2397463237674989
COHFACE_s26_session2_natural,1,77,12.566666666666666,-0.9300532937049866,-0.22734091282814972
COHFACE_s26_session2_natural,1,78,12.6,-0.9718006253242493,-0.1991775436385468
COHFACE_s26_session2_natural,1,79,12.633333333333333,-0.9987446069717407,-0.14905952714223333
COHFACE_s26_session2_natural,1,80,12.666666666666666,-1.0282816886901855,-0.06929240313967899
COHFACE_s26_session2_natural,1,81,12.7,-0.8631899952888489,0.0465701002231458
COHFACE_s26_session2_natural,1,82,12.733333333333333,0.08503653854131699,0.1981018554954582
COHFACE_s26_session2_natural,1,83,12.766666666666667,1.4695136547088623,0.3723961642672515
COHFACE_s26_session2_natural,1,84,12.8,2.1222004890441895,0.5428622401063279
COHFACE_s26_session2_natural,1,85,12.833333333333334,1.8742103576660156,0.677150129204078
COHFACE_s26_session2_natural,1,86,12.866666666666667,1.3134033679962158,0.7506310208781916
COHFACE_s26_session2_natural,1,87,12.9,0.8169360756874084,0.7543542744568189
COHFACE_s26_session2_natural,1,88,12.933333333333334,0.43364953994750977,0.6934286276797352
COHFACE_s26_session2_natural,1,89,12.966666666666667,0.18310599029064178,0.5797506951352002
COHFACE_s26_session2_natural,1,90,13.0,0.16199389100074768,0.4246498683340316
COHFACE_s26_session2_natural,1,91,13.033333333333333,0.28333136439323425,0.23719696366796253
COHFACE_s26_session2_natural,1,92,13.066666666666666,0.3469259738922119,0.027836533724988913
COHFACE_s26_session2_natural,1,93,13.1,0.252512663602829,-0.18888838437410355
COHFACE_s26_session2_natural,1,94,13.133333333333333,0.033989954739809036,-0.39515505683152513
COHFACE_s26_session2_natural,1,95,13.166666666666666,-0.22492888569831848,-0.5725468620686117
COHFACE_s26_session2_natural,1,96,13.2,-0.45944711565971375,-0.7050406267550667
COHFACE_s26_session2_natural,1,97,13.233333333333333,-0.6504495739936829,-0.7812420404404748
COHFACE_s26_session2_natural,1,98,13.266666666666667,-0.7704060673713684,-0.7954390429553284
COHFACE_s26_session2_natural,1,99,13.3,-0.840537965297699,-0.7477066942436228
COHFACE_s26_session2_natural,1,100,13.333333333333334,-0.8981814980506897,-0.6435190526597463
COHFACE_s26_session2_natural,1,101,13.366666666666667,-0.9012414813041687,-0.4933940169197648
COHFACE_s26_session2_natural,1,102,13.4,-0.41774946451187134,-0.31246701464791343
COHFACE_s26_session2_natural,1,103,13.433333333333334,0.9119951725006104,-0.11930580705557477
COHFACE_s26_session2_natural,1,104,13.466666666666667,2.118107318878174,0.06601550265207565
COHFACE_s26_session2_natural,1,105,13.5,2.311553716659546,0.22382177764841124
COHFACE_s26_session2_natural,1,106,13.533333333333333,1.8431830406188965,0.3376475937939775
COHFACE_s26_session2_natural,1,107,13.566666666666666,1.3148638010025024,0.40017512341233086
COHFACE_s26_session2_natural,1,108,13.6,0.9093325734138489,0.4186649550817224
COHFACE_s26_session2_natural,1,109,13.633333333333333,0.5774502754211426,0.4112984096090315
COHFACE_s26_session2_natural,1,110,13.666666666666666,0.3882659673690796,0.39533494939036656
COHFACE_s26_session2_natural,1,111,13.7,0.40454959869384766,0.37736586667492694
COHFACE_s26_session2_natural,1,112,13.733333333333333,0.4741748571395874,0.3515392067784143
COHFACE_s26_session2_natural,1,113,13.766666666666667,0.4329043924808502,0.30577408731451594
COHFACE_s26_session2_natural,1,114,13.8,0.247892826795578,0.23174315977098203
COHFACE_s26_session2_natural,1,115,13.833333333333334,-0.006257166154682636,0.1312382522038992
COHFACE_s26_session2_natural,1,116,13.866666666666667,-0.25775447487831116,0.015904270938458597
COHFACE_s26_session2_natural,1,117,13.9,-0.4586423635482788,-0.09763951339598205
COHFACE_s26_session2_natural,1,118,13.933333333333334,-0.6027511358261108,-0.19424714028583565
COHFACE_s26_session2_natural,1,119,13.966666666666667,-0.7067716717720032,-0.26495769220873056
COHFACE_s26_session2_natural,1,120,14.0,-0.7884978652000427,-0.30804812954514477
COHFACE_s26_session2_natural,1,121,14.033333333333333,-0.7884978652000427,-0.3262863025986444
COHFACE_s26_session2_natural,1,122,14.066666666666666,-0.22475005686283112,-0.3225542774491033
COHFACE_s26_session2_natural,1,123,14.1,1.1493250131607056,-0.2977511959232944
COHFACE_s26_session2_natural,1,124,14.133333333333333,2.216574192047119,-0.2524371467048483
COHFACE_s26_session2_natural,1,125,14.166666666666666,2.235103130340576,-0.19085361517000635
COHFACE_s26_session2_natural,1,126,14.2,1.7125860452651978,-0.12368934242695583
COHFACE_s26_session2_natural,1,127,14.233333333333333,1.2165459394454956,-0.064686043591046
COHFACE_s26_session2_natural,1,128,14.266666666666667,0.8466917276382446,-0.022867743823221754
COHFACE_s26_session2_natural,1,129,14.3,0.5244266390800476,0.0015571344232841984
COHFACE_s26_session2_natural,1,130,14.333333333333334,0.35284730792045593,0.014931645843734397
COHFACE_s26_session2_natural,1,131,14.366666666666667,0.3754993677139282,0.024880384383574608
COHFACE_s26_session2_natural,1,132,14.4,0.4198993444442749,0.03557599606125621
COHFACE_s26_session2_natural,1,133,14.433333333333334,0.339007705450058,0.046367400566273996
COHFACE_s26_session2_natural,1,134,14.466666666666667,0.11735544353723526,0.05419571821615584
COHFACE_s26_session2_natural,1,135,14.5,-0.1509620100259781,0.0577521301590722
COHFACE_s26_session2_natural,1,136,14.533333333333333,-0.3863445818424225,0.06035850287272772
COHFACE_s26_session2_natural,1,137,14.566666666666666,-0.5621960163116455,0.068361090665263
COHFACE_s26_session2_natural,1,138,14.6,-0.6841196417808533,0.08629314348104641
COHFACE_s26_session2_natural,1,139,14.633333333333333,-0.7756518125534058,0.11418977046458492
COHFACE_s26_session2_natural,1,140,14.666666666666666,-0.8457737565040588,0.14880187218126179
COHFACE_s26_session2_natural,1,141,14.7,-0.679797887802124,0.18637627792935646
COHFACE_s26_session2_natural,1,142,14.733333333333333,0.31195440888404846,0.22433918727456548
COHFACE_s26_session2_natural,1,143,14.766666666666667,1.6953089237213135,0.2596338705970945
COHFACE_s26_session2_natural,1,144,14.8,2.2293806076049805,0.2856751757130529
COHFACE_s26_session2_natural,1,145,14.833333333333334,1.8665603399276733,0.2935321158915342
COHFACE_s26_session2_natural,1,146,14.866666666666667,1.3130953311920166,0.2769138759163079
COHFACE_s26_session2_natural,1,147,14.9,0.9098094701766968,0.2345853232783659
COHFACE_s26_session2_natural,1,148,14.933333333333334,0.5882596969604492,0.16878477676405293
COHFACE_s26_session2_natural,1,149,14.966666666666667,0.34069666266441345,0.08351743550052934
COHFACE_s26_session2_natural,1,150,15.0,0.2865801453590393,-0.015411880788778063
COHFACE_s26_session2_natural,1,151,15.033333333333333,0.3448694050312042,-0.11930654908298066
COHFACE_s26_session2_natural,1,152,15.066666666666666,0.32409510016441345,-0.2158721503454806
COHFACE_s26_session2_natural,1,153,15.1,0.16422928869724274,-0.29069167230119863
COHFACE_s26_session2_natural,1,154,15.133333333333333,-0.08343308418989182,-0.3308817070830366
COHFACE_s26_session2_natural,1,155,15.166666666666666,-0.3440508246421814,-0.32906901276399914
COHFACE_s26_session2_natural,1,156,15.2,-0.5530358552932739,-0.2858029922445316
COHFACE_s26_session2_natural,1,157,15.233333333333333,-0.6862755417823792,-0.2089234756990101
COHFACE_s26_session2_natural,1,158,15.266666666666667,-0.7862625122070312,-0.11047085946995268
COHFACE_s26_session2_natural,1,159,15.3,-0.8719229698181152,-0.0036306537497523125
COHFACE_s26_session2_natural,1,160,15.333333333333334,-0.8966415524482727,0.09866406861056638
COHFACE_s26_session2_natural,1,161,15.366666666666667,-0.44083866477012634,0.18310949614818087
COHFACE_s26_session2_natural,1,162,15.4,0.8612267971038818,0.23540461538238752
COHFACE_s26_session2_natural,1,163,15.433333333333334,1.9789959192276,0.24339568433033495
COHFACE_s26_session2_natural,1,164,15.466666666666667,2.032198429107666,0.20281840250643668
COHFACE_s26_session2_natural,1,165,15.5,1.4998058080673218,0.1197557474804264
COHFACE_s26_session2_natural,1,166,15.533333333333333,1.006130337715149,0.008038356137661674
COHFACE_s26_session2_natural,1,167,15.566666666666666,0.6377663016319275,-0.11561246024312556
COHFACE_s26_session2_natural,1,168,15.6,0.3146269619464874,-0.23591774678918084
COHFACE_s26_session2_natural,1,169,15.633333333333333,0.1704585999250412,-0.3407686889091797
COHFACE_s26_session2_natural,1,170,15.666666666666666,0.22259804606437683,-0.4206683743678482
COHFACE_s26_session2_natural,1,171,15.7,0.26619330048561096,-0.46842432411251284
COHFACE_s26_session2_natural,1,172,15.733333333333333,0.1709156185388565,-0.4798199871048707
COHFACE_s26_session2_natural,1,173,15.766666666666667,-0.04161621630191803,-0.45397247808001717
COHFACE_s26_session2_natural,1,174,15.8,-0.30141928791999817,-0.3929039505711297
COHFACE_s26_session2_natural,1,175,15.833333333333334,-0.5361958146095276,-0.30082045077174807
COHFACE_s26_session2_natural,1,176,15.866666666666667,-0.7111232876777649,-0.18341217850757685
COHFACE_s26_session2_natural,1,177,15.9,-0.8218798637390137,-0.04724233078046065
COHFACE_s26_session2_natural,1,178,15.933333333333334,-0.8899750709533691,0.1001241904218171
COHFACE_s26_session2_natural,1,179,15.966666666666667,-0.9468436241149902,0.2482099282274794
COHFACE_s26_session2_natural,1,180,16.0,-0.9835737347602844,0.3820767288609614
COHFACE_s26_session2_natural,1,181,16.033333333333335,-0.7217041254043579,0.485869040916451
COHFACE_s26_session2_natural,1,182,16.066666666666666,0.4012511670589447,0.550220151083462
COHFACE_s26_session2_natural,1,183,16.1,1.7423615455627441,0.5765676923490755
COHFACE_s26_session2_natural,1,184,16.133333333333333,2.095097541809082,0.5747463387388417
COHFACE_s26_session2_natural,1,185,16.166666666666668,1.6320421695709229,0.5545385923593006
COHFACE_s26_session2_natural,1,186,16.2,1.092605471611023,0.5170759906879503
COHFACE_s26_session2_natural,1,187,16.233333333333334,0.7152800559997559,0.4556756679322976
COHFACE_s26_session2_natural,1,188,16.266666666666666,0.3867260217666626,0.36521699753003306
COHFACE_s26_session2_natural,1,189,16.3,0.1658685803413391,0.24893516530664375
COHFACE_s26_session2_natural,1,190,16.333333333333332,0.1704884022474289,0.11777508968781193
COHFACE_s26_session2_natural,1,191,16.366666666666667,0.23958708345890045,-0.015027179465602437
COHFACE_s26_session2_natural,1,192,16.4,0.1875668466091156,-0.13967487494330819
COHFACE_s26_session2_natural,1,193,16.433333333333334,-0.006207490339875221,-0.25080822596355645
COHFACE_s26_session2_natural,1,194,16.466666666666665,-0.2580128014087677,-0.34425795236557916
COHFACE_s26_session2_natural,1,195,16.5,-0.501919686794281,-0.4153664543895413
COHFACE_s26_session2_natural,1,196,16.533333333333335,-0.7036321759223938,-0.4602898787267422
COHFACE_s26_session2_natural,1,197,16.566666666666666,-0.8411440253257751,-0.47692030022726684
COHFACE_s26_session2_natural,1,198,16.6,-0.9171972870826721,-0.46462601185794217
COHFACE_s26_session2_natural,1,199,16.633333333333333,-0.9568780660629272,-0.4247891786477011
COHFACE_s26_session2_natural,1,200,16.666666666666668,-1.0010595321655273,-0.3620436005036539
COHFACE_s26_session2_natural,1,201,16.7,-1.0423498153686523,-0.28404035554294066
COHFACE_s26_session2_natural,1,202,16.733333333333334,-0.8335436582565308,-0.19951797052098355
COHFACE_s26_session2_natural,1,203,16.766666666666666,0.22467447817325592,-0.1164838838223765
COHFACE_s26_session2_natural,1,204,16.8,1.6148841381072998,-0.041159529774887356
COHFACE_s26_session2_natural,1,205,16.833333333333332,2.051701068878174,0.022941902683253294
COHFACE_s26_session2_natural,1,206,16.866666666666667,1.602912425994873,0.075787348433613
COHFACE_s26_session2_natural,1,207,16.9,1.0369887351989746,0.12074010421737229
COHFACE_s26_session2_natural,1,208,16.933333333333334,0.6501454710960388,0.16284939217669075
COHFACE_s26_session2_natural,1,209,16.966666666666665,0.3303641676902771,0.2049403064415535
COHFACE_s26_session2_natural,1,210,17.0,0.11505050212144852,0.24358617301585983
COHFACE_s26_session2_natural,1,211,17.033333333333335,0.11954116821289062,0.26921370200595285
COHFACE_s26_session2_natural,1,212,17.066666666666666,0.1981477439403534,0.27085597507968734
COHFACE_s26_session2_natural,1,213,17.1,0.15647989511489868,0.24215760515653664
COHFACE_s26_session2_natural,1,214,17.133333333333333,-0.03216792643070221,0.18518082304936187
COHFACE_s26_session2_natural,1,215,17.166666666666668,-0.29998862743377686,0.10934195987662976
COHFACE_s26_session2_natural,1,216,17.2,-0.557566225528717,0.02660701969885112
COHFACE_s26_session2_natural,1,217,17.233333333333334,-0.7610372304916382,-0.052448665385337614
COHFACE_s26_session2_natural,1,218,17.266666666666666,-0.9004367589950562,-0.11961878128176724
COHFACE_s26_session2_natural,1,219,17.3,-0.975883960723877,-0.1679917058365763
COHFACE_s26_session2_natural,1,220,17.333333333333332,-1.0071696043014526,-0.19072368468934553
COHFACE_s26_session2_natural,1,221,17.366666666666667,-1.0377299785614014,-0.1819844631886853
COHFACE_s26_session2_natural,1,222,17.4,-1.077460527420044,-0.13990238498165403
COHFACE_s26_session2_natural,1,223,17.433333333333334,-1.035315752029419,-0.0688534087936031
COHFACE_s26_session2_natural,1,224,17.466666666666665,-0.35687705874443054,0.0205047740664783
COHFACE_s26_session2_natural,1,225,17.5,1.0838725566864014,0.11358500087659301
COHFACE_s26_session2_natural,1,226,17.533333333333335,1.9911565780639648,0.1953618941716781
COHFACE_s26_session2_natural,1,227,17.566666666666666,1.801247000694275,0.252679469383842
COHFACE_s26_session2_natural,1,228,17.6,1.1943310499191284,0.2753109773233301
COHFACE_s26_session2_natural,1,229,17.633333333333333,0.7094183564186096,0.25787878112293694
COHFACE_s26_session2_natural,1,230,17.666666666666668,0.35677167773246765,0.20261275492330572
COHFACE_s26_session2_natural,1,231,17.7,0.08607972413301468,0.12070932774419409
COHFACE_s26_session2_natural,1,232,17.733333333333334,0.021461784839630127,0.03035784654908491
COHFACE_s26_session2_natural,1,233,17.766666666666666,0.10668513923883438,-0.04962361400227171
COHFACE_s26_session2_natural,1,234,17.8,0.12849269807338715,-0.10758448372899408
COHFACE_s26_session2_natural,1,235,17.833333333333332,-0.0075487298890948296,-0.14195629498007095
COHFACE_s26_session2_natural,1,236,17.866666666666667,-0.25168412923812866,-0.15810226605446034
COHFACE_s26_session2_natural,1,237,17.9,-0.5161368250846863,-0.1632988767843046
COHFACE_s26_session2_natural,1,238,17.933333333333334,-0.7399847507476807,-0.16335365384116238
COHFACE_s26_session2_natural,1,239,17.966666666666665,-0.9105308055877686,-0.16276718264721085
COHFACE_s26_session2_natural,1,240,18.0,-1.0105475187301636,-0.16680364387367438
COHFACE_s26_session2_natural,1,241,18.033333333333335,-1.0466914176940918,-0.1808227374631054
COHFACE_s26_session2_natural,1,242,18.066666666666666,-1.0681413412094116,-0.20634307460531587
COHFACE_s26_session2_natural,1,243,18.1,-1.1041362285614014,-0.2376323239073299
COHFACE_s26_session2_natural,1,244,18.133333333333333,-1.1163464784622192,-0.26179968500220263
COHFACE_s26_session2_natural,1,245,18.166666666666668,-0.6782678365707397,-0.26373608791187386
COHFACE_s26_session2_natural,1,246,18.2,0.6478504538536072,-0.23346655398516183
COHFACE_s26_session2_natural,1,247,18.233333333333334,1.8300985097885132,-0.1702573922226018
COHFACE_s26_session2_natural,1,248,18.266666666666666,1.8919942378997803,-0.08127522949475849
COHFACE_s26_session2_natural,1,249,18.3,1.3056539297103882,0.023425977667565427
COHFACE_s26_session2_natural,1,250,18.333333333333332,0.7534308433532715,0.1356212252843904
COHFACE_s26_session2_natural,1,251,18.366666666666667,0.37245920300483704,0.24823368665024698
COHFACE_s26_session2_natural,1,252,18.4,0.0663486048579216,0.35079435865195513
COHFACE_s26_session2_natural,1,253,18.433333333333334,-0.05228652060031891,0.4287498320549722
COHFACE_s26_session2_natural,1,254,18.466666666666665,0.033294498920440674,0.468455757244857
COHFACE_s26_session2_natural,1,255,18.5,0.10521474480628967,0.46325933432633126
COHFACE_s26_session2_natural,1,256,18.533333333333335,0.013940908014774323,0.4165624427369931
COHFACE_s26_session2_natural,1,257,18.566666666666666,-0.204204261302948,0.3393036692823883
COHFACE_s26_session2_natural,1,258,18.6,-0.46686863899230957,0.24379910323701723
COHFACE_s26_session2_natural,1,259,18.633333333333333,-0.7113815546035767,0.13986787278766646
COHFACE_s26_session2_natural,1,260,18.666666666666668,-0.894257128238678,0.035271912043313945
COHFACE_s26_session2_natural,1,261,18.7,-1.00029456615448,-0.061878634157778334
COHFACE_s26_session2_natural,1,262,18.733333333333334,-1.0555039644241333,-0.14171749994714228
COHFACE_s26_session2_natural,1,263,18.766666666666666,-1.0986322164535522,-0.1949400157258648
COHFACE_s26_session2_natural,1,264,18.8,-1.1403497457504272,-0.21785030233450822
COHFACE_s26_session2_natural,1,265,18.833333333333332,-1.1294211149215698,-0.21563488782136503
COHFACE_s26_session2_natural,1,266,18.866666666666667,-0.6215682029724121,-0.20107021145955908
COHFACE_s26_session2_natural,1,267,18.9,0.7567889094352722,-0.18834023993977292
COHFACE_s26_session2_natural,1,268,18.933333333333334,1.8787208795547485,-0.1853400010326762
COHFACE_s26_session2_natural,1,269,18.966666666666665,1.857072353363037,-0.19073515958747383
COHFACE_s26_session2_natural,1,270,19.0,1.2351346015930176,-0.19692910810037978
COHFACE_s26_session2_natural,1,271,19.033333333333335,0.6694891452789307,-0.1947380057768743
COHFACE_s26_session2_natural,1,272,19.066666666666666,0.27523425221443176,-0.1770495367760424
COHFACE_s26_session2_natural,1,273,19.1,-0.02285873144865036,-0.14087881614497047
COHFACE_s26_session2_natural,1,274,19.133333333333333,-0.11052612215280533,-0.08831475355799154
COHFACE_s26_session2_natural,1,275,19.166666666666668,-0.0027798782102763653,-0.02765586794832577
COHFACE_s26_session2_natural,1,276,19.2,0.066855289041996,0.02691591158553812
COHFACE_s26_session2_natural,1,277,19.233333333333334,-0.025342507287859917,0.06123563585170001
COHFACE_s26_session2_natural,1,278,19.266666666666666,-0.2503528296947479,0.07018473734716825
COHFACE_s26_session2_natural,1,279,19.3,-0.5182828307151794,0.061353537848112705
COHFACE_s26_session2_natural,1,280,19.333333333333332,-0.7671374082565308,0.05053783639254819
COHFACE_s26_session2_natural,1,281,19.366666666666667,-0.9476682543754578,0.05270872276883882
COHFACE_s26_session2_natural,1,282,19.4,-1.0482512712478638,0.07364258539852249
COHFACE_s26_session2_natural,1,283,19.433333333333334,-1.1097893714904785,0.10768967094329758
COHFACE_s26_session2_natural,1,284,19.466666666666665,-1.17437744140625,0.14220072525629116
COHFACE_s26_session2_natural,1,285,19.5,-1.2252949476242065,0.16411627683464597
COHFACE_s26_session2_natural,1,286,19.533333333333335,-1.1015232801437378,0.16517320877633526
COHFACE_s26_session2_natural,1,287,19.566666666666666,-0.18798021972179413,0.14397008752180587
COHFACE_s26_session2_natural,1,288,19.6,1.3068759441375732,0.1050161294740622
COHFACE_s26_session2_natural,1,289,19.633333333333333,2.005830764770508,0.05662388256599586
COHFACE_s26_session2_natural,1,290,19.666666666666668,1.640586256980896,0.0085130270889742
COHFACE_s26_session2_natural,1,291,19.7,0.9552029371261597,-0.031177685270466805
COHFACE_s26_session2_natural,1,292,19.733333333333334,0.4203861653804779,-0.05855360307771781
COHFACE_s26_session2_natural,1,293,19.766666666666666,0.030989553779363632,-0.07431828119226846
COHFACE_s26_session2_natural,1,294,19.8,-0.19590844213962555,-0.08172713146047844
COHFACE_s26_session2_natural,1,295,19.833333333333332,-0.15771788358688354,-0.08395880607272604
COHFACE_s26_session2_natural,1,296,19.866666666666667,-0.004051572177559137,-0.08247446188497813
COHFACE_s26_session2_natural,1,297,19.9,0.025247061625123024,-0.07730298920152658
COHFACE_s26_session2_natural,1,298,19.933333333333334,-0.12117655575275421,-0.06859208080913638
COHFACE_s26_session2_natural,1,299,19.966666666666665,-0.37489935755729675,-0.057370469192150636
COHFACE_s26_session2_natural,2,0,20.0,-0.6467735767364502,0.14886591481371647
COHFACE_s26_session2_natural,2,1,20.033333333333335,-0.8672336339950562,-1.2648031548682839
COHFACE_s26_session2_natural,2,2,20.066666666666666,-1.0145514011383057,-2.494827799275123
COHFACE_s26_session2_natural,2,3,20.1,-1.10672926902771,-3.3872356657548006
COHFACE_s26_session2_natural,2,4,20.133333333333333,-1.172539472579956,-3.8599743989318656
COHFACE_s26_session2_natural,2,5,20.166666666666668,-1.2196816205978394,-3.918334023162907
COHFACE_s26_session2_natural,2,6,20.2,-1.1626739501953125,-3.635971751241502
COHFACE_s26_session2_natural,2,7,20.233333333333334,-0.45733094215393066,-3.122450730276016
COHFACE_s26_session2_natural,2,8,20.266666666666666,1.0438836812973022,-2.4931177815340377
COHFACE_s26_session2_natural,2,9,20.3,1.9932329654693604,-1.8484575680972388
COHFACE_s26_session2_natural,2,10,20.333333333333332,1.7678053379058838,-1.263989276740859
COHFACE_s26_session2_natural,2,11,20.366666666666667,1.0592533349990845,-0.7863364193930172
COHFACE_s26_session2_natural,2,12,20.4,0.44469738006591797,-0.4332120838235458
COHFACE_s26_session2_natural,2,13,20.433333333333334,0.0015021533472463489,-0.19803485963038162
COHFACE_s26_session2_natural,2,14,20.466666666666665,-0.2610926926136017,-0.058024042502898596
COHFACE_s26_session2_natural,2,15,20.5,-0.21698080003261566,0.017146532044010968
COHFACE_s26_session2_natural,2,16,20.533333333333335,-0.01960001513361931,0.0579136304399072
COHFACE_s26_session2_natural,2,17,20.566666666666666,0.056930121034383774,0.08909470117106658
COHFACE_s26_session2_natural,2,18,20.6,-0.06574859470129013,0.12658511410005296
COHFACE_s26_session2_natural,2,19,20.633333333333333,-0.3109271824359894,0.17746619975264832
COHFACE_s26_session2_natural,2,20,20.666666666666668,-0.5773768424987793,0.24302332425828602
COHFACE_s26_session2_natural,2,21,20.7,-0.7902563810348511,0.3228151205169821
COHFACE_s26_session2_natural,2,22,20.733333333333334,-0.934414803981781,0.4173002731234307
COHFACE_s26_session2_natural,2,23,20.766666666666666,-1.039299726486206,0.5264916380153356
COHFACE_s26_session2_natural,2,24,20.8,-1.1224665641784668,0.6462444894443177
COHFACE_s26_session2_natural,2,25,20.833333333333332,-1.180239200592041,0.7674529038508107
COHFACE_s26_session2_natural,2,26,20.866666666666667,-0.9946712255477905,0.8788619435363475
COHFACE_s26_session2_natural,2,27,20.9,0.07415759563446045,0.9694489958863587
COHFACE_s26_session2_natural,2,28,20.933333333333334,1.5958683490753174,1.0292307816915731
COHFACE_s26_session2_natural,2,29,20.966666666666665,2.1658356189727783,1.0505213086607712
COHFACE_s26_session2_natural,2,30,21.0,1.7030781507492065,1.0298071891109046
COHFACE_s26_session2_natural,2,31,21.033333333333335,0.9815707206726074,0.9684344907566765
COHFACE_s26_session2_natural,2,32,21.066666666666666,0.4108782708644867,0.8717536622359141
COHFACE_s26_session2_natural,2,33,21.1,0.007274450734257698,0.7479073197658359
COHFACE_s26_session2_natural,2,34,21.133333333333333,-0.16116537153720856,0.606592473115616
COHFACE_s26_session2_natural,2,35,21.166666666666668,-0.04758721590042114,0.4572262367222787
COHFACE_s26_session2_natural,2,36,21.2,0.12509489059448242,0.30717797389836776
COHFACE_s26_session2_natural,2,37,21.233333333333334,0.14203424751758575,0.16183319507041774
COHFACE_s26_session2_natural,2,38,21.266666666666666,-0.02627640776336193,0.026103256826521953
COHFACE_s26_session2_natural,2,39,21.3,-0.28705310821533203,-0.09503881121865476
COHFACE_s26_session2_natural,2,40,21.333333333333332,-0.5387789607048035,-0.197734808359953
COHFACE_s26_session2_natural,2,41,21.366666666666667,-0.725956380367279,-0.28097306259286403
COHFACE_s26_session2_natural,2,42,21.4,-0.8581529259681702,-0.34728596570622106
COHFACE_s26_session2_natural,2,43,21.433333333333334,-0.9541260600090027,-0.40083088225282965
COHFACE_s26_session2_natural,2,44,21.466666666666665,-1.0236718654632568,-0.4441625031995558
COHFACE_s26_session2_natural,2,45,21.5,-0.8834278583526611,-0.47755628393856137
COHFACE_s26_session2_natural,2,46,21.533333333333335,0.13200972974300385,-0.5010565797186171
COHFACE_s26_session2_natural,2,47,21.566666666666666,1.7005048990249634,-0.5157103100895443
COHFACE_s26_session2_natural,2,48,21.6,2.3767380714416504,-0.522807695362295
COHFACE_s26_session2_natural,2,49,21.633333333333333,1.9901232719421387,-0.5226370101921322
COHFACE_s26_session2_natural,2,50,21.666666666666668,1.3146153688430786,-0.5140469505823138
COHFACE_s26_session2_natural,2,51,21.7,0.7957444787025452,-0.49552853463924096
COHFACE_s26_session2_natural,2,52,21.733333333333334,0.3978533446788788,-0.46702236224878296
COHFACE_s26_session2_natural,2,53,21.766666666666666,0.14908817410469055,-0.43035852156561144
COHFACE_s26_session2_natural,2,54,21.8,0.17478036880493164,-0.3878799163691158
COHFACE_s26_session2_natural,2,55,21.833333333333332,0.3046123683452606,-0.3405704860009249
COHFACE_s26_session2_natural,2,56,21.866666666666667,0.31005680561065674,-0.2871171823493703
COHFACE_s26_session2_natural,2,57,21.9,0.13826884329319,-0.22506516808040897
COHFACE_s26_session2_natural,2,58,21.933333333333334,-0.12941277027130127,-0.15347257700766997
COHFACE_s26_session2_natural,2,59,21.966666666666665,-0.38955363631248474,-0.07485571824257198
COHFACE_s26_session2_natural,2,60,22.0,-0.5747936964035034,0.004994060113892536
COHFACE_s26_session2_natural,2,61,22.033333333333335,-0.7046952247619629,0.07957987801083516
COHFACE_s26_session2_natural,2,62,22.066666666666666,-0.8176077604293823,0.14517141206663534
COHFACE_s26_session2_natural,2,63,22.1,-0.8852459788322449,0.20231351875648526
COHFACE_s26_session2_natural,2,64,22.133333333333333,-0.5594837069511414,0.2541270699977307
COHFACE_s26_session2_natural,2,65,22.166666666666668,0.7370379567146301,0.30211661005687124
COHFACE_s26_session2_natural,2,66,22.2,2.1339735984802246,0.34251281674435685
COHFACE_s26_session2_natural,2,67,22.233333333333334,2.4101099967956543,0.3677040130104385
COHFACE_s26_session2_natural,2,68,22.266666666666666,1.876962423324585,0.3719627614581964
COHFACE_s26_session2_natural,2,69,22.3,1.3035377264022827,0.35551561355906824
COHFACE_s26_session2_natural,2,70,22.333333333333332,0.9054876565933228,0.3242970211692997
COHFACE_s26_session2_natural,2,71,22.366666666666667,0.5389418005943298,0.2866925665804749
COHFACE_s26_session2_natural,2,72,22.4,0.3053276836872101,0.24970435842906913
COHFACE_s26_session2_natural,2,73,22.433333333333334,0.3234493136405945,0.21745523771418387
COHFACE_s26_session2_natural,2,74,22.466666666666665,0.3968499004840851,0.19196643208467382
COHFACE_s26_session2_natural,2,75,22.5,0.33069202303886414,0.17325883902929592
COHFACE_s26_session2_natural,2,76,22.533333333333335,0.10398279130458832,0.15904422473030216
COHFACE_s26_session2_natural,2,77,22.566666666666666,-0.18248610198497772,0.14738922781671754
COHFACE_s26_session2_natural,2,78,22.6,-0.4305359423160553,0.14071433209609138
COHFACE_s26_session2_natural,2,79,22.633333333333333,-0.6026318669319153,0.14487209468955461
COHFACE_s26_session2_natural,2,80,22.666666666666668,-0.7251615524291992,0.16317475818881752
COHFACE_s26_session2_natural,2,81,22.7,-0.8242344856262207,0.19146147751087103
COHFACE_s26_session2_natural,2,82,22.733333333333334,-0.886875331401825,0.21748507517188329
COHFACE_s26_session2_natural,2,83,22.766666666666666,-0.5514859557151794,0.22426156391420943
COHFACE_s26_session2_natural,2,84,22.8,0.7543746829032898,0.19598499102716155
COHFACE_s26_session2_natural,2,85,22.833333333333332,2.1155340671539307,0.12436999605415794
COHFACE_s26_session2_natural,2,86,22.866666666666667,2.3460187911987305,0.012620579624793134
COHFACE_s26_session2_natural,2,87,22.9,1.8150566816329956,-0.12583297595933104
COHFACE_s26_session2_natural,2,88,22.933333333333334,1.302117109298706,-0.27308002953060356
COHFACE_s26_session2_natural,2,89,22.966666666666665,0.9489140510559082,-0.4127849595387903
COHFACE_s26_session2_natural,2,90,23.0,0.5566163659095764,-0.533198135753462
COHFACE_s26_session2_natural,2,91,23.033333333333335,0.2685678005218506,-0.6253987747072992
COHFACE_s26_session2_natural,2,92,23.066666666666666,0.2518469989299774,-0.6793308728345591
COHFACE_s26_session2_natural,2,93,23.1,0.3118550479412079,-0.6837338065704538
COHFACE_s26_session2_natural,2,94,23.133333333333333,0.22440622746944427,-0.6310098040963891
COHFACE_s26_session2_natural,2,95,23.166666666666668,-0.013162066228687763,-0.5226798098005854
COHFACE_s26_session2_natural,2,96,23.2,-0.29992902278900146,-0.371621354425643
COHFACE_s26_session2_natural,2,97,23.233333333333334,-0.568504810333252,-0.19880721759216438
COHFACE_s26_session2_natural,2,98,23.266666666666666,-0.7689753770828247,-0.025940422116105255
COHFACE_s26_session2_natural,2,99,23.3,-0.8869448900222778,0.13124498845476848
COHFACE_s26_session2_natural,2,100,23.333333333333332,-0.9388160705566406,0.2649259537136192
COHFACE_s26_session2_natural,2,101,23.366666666666667,-0.9534901976585388,0.3699912515305235
COHFACE_s26_session2_natural,2,102,23.4,-0.9873887896537781,0.436584253212563
COHFACE_s26_session2_natural,2,103,23.433333333333334,-0.9983969330787659,0.4512008966376446
COHFACE_s26_session2_natural,2,104,23.466666666666665,-0.47596919536590576,0.40625621383535376
COHFACE_s26_session2_natural,2,105,23.5,0.9984803199768066,0.3071138923681169
COHFACE_s26_session2_natural,2,106,23.533333333333335,2.18391752243042,0.17154136417718646
COHFACE_s26_session2_natural,2,107,23.566666666666666,2.1628947257995605,0.023827410717715717
COHFACE_s26_session2_natural,2,108,23.6,1.5853768587112427,-0.11263448994209557
COHFACE_s26_session2_natural,2,109,23.633333333333333,1.132147192955017,-0.21990263178448907
COHFACE_s26_session2_natural,2,110,23.666666666666668,0.8097132444381714,-0.286340400459747
COHFACE_s26_session2_natural,2,111,23.7,0.42076370120048523,-0.3065346723667885
COHFACE_s26_session2_natural,2,112,23.733333333333334,0.16367292404174805,-0.2815785179910945
COHFACE_s26_session2_natural,2,113,23.766666666666666,0.17062748968601227,-0.21913346678942283
COHFACE_s26_session2_natural,2,114,23.8,0.2057182937860489,-0.13247913298831646
COHFACE_s26_session2_natural,2,115,23.833333333333332,0.08206593990325928,-0.03781235766602017
COHFACE_s26_session2_natural,2,116,23.866666666666667,-0.17429958283901215,0.04966337450442076
COHFACE_s26_session2_natural,2,117,23.9,-0.46594467759132385,0.11908807423465231
COHFACE_s26_session2_natural,2,118,23.933333333333334,-0.7155444025993347,0.16569809405335187
COHFACE_s26_session2_natural,2,119,23.966666666666665,-0.8992345929145813,0.1908597958417852
COHFACE_s26_session2_natural,2,120,24.0,-1.0166575908660889,0.20065644195865243
COHFACE_s26_session2_natural,2,121,24.033333333333335,-1.0843455791473389,0.20360801454072164
COHFACE_s26_session2_natural,2,122,24.066666666666666,-1.112591028213501,0.20812750920148973
COHFACE_s26_session2_natural,2,123,24.1,-1.1281296014785767,0.22025758010724555
COHFACE_s26_session2_natural,2,124,24.133333333333333,-1.153901219367981,0.24211205742581204
COHFACE_s26_session2_natural,2,125,24.166666666666668,-1.1783515214920044,0.27129954692968317
COHFACE_s26_session2_natural,2,126,24.2,-1.2047291994094849,0.30144817372660254
COHFACE_s26_session2_natural,2,127,24.233333333333334,-1.2516030073165894,0.32378108275894674
COHFACE_s26_session2_natural,2,128,24.266666666666666,-1.3169065713882446,0.329601820053827
COHFACE_s26_session2_natural,2,129,24.3,-1.3263647556304932,0.3134249041452753
COHFACE_s26_session2_natural,2,130,24.333333333333332,-0.6124974489212036,0.27528612422088383
COHFACE_s26_session2_natural,2,131,24.366666666666667,1.1377208232879639,0.2198953040797536
COHFACE_s26_session2_natural,2,132,24.4,2.347200870513916,0.1533424903621036
COHFACE_s26_session2_natural,2,133,24.433333333333334,2.2310495376586914,0.0809266858241375
COHFACE_s26_session2_natural,2,134,24.466666666666665,1.5857146978378296,0.007183916696987482
COHFACE_s26_session2_natural,2,135,24.5,1.1126346588134766,-0.06354785211981367
COHFACE_s26_session2_natural,2,136,24.533333333333335,0.7927341461181641,-0.12730271792616624
COHFACE_s26_session2_natural,2,137,24.566666666666666,0.4597093164920807,-0.18189630788624594
COHFACE_s26_session2_natural,2,138,24.6,0.2741811275482178,-0.22825736675339414
COHFACE_s26_session2_natural,2,139,24.633333333333333,0.2982042133808136,-0.2689254941301464
COHFACE_s26_session2_natural,2,140,24.666666666666668,0.309132844209671,-0.304435863169376
COHFACE_s26_session2_natural,2,141,24.7,0.1604440063238144,-0.33162898418780196
COHFACE_s26_session2_natural,2,142,24.733333333333334,-0.10114738345146179,-0.34540282313382464
COHFACE_s26_session2_natural,2,143,24.766666666666666,-0.38908666372299194,-0.34248663905528787
COHFACE_s26_session2_natural,2,144,24.8,-0.640186607837677,-0.3245307161120731
COHFACE_s26_session2_natural,2,145,24.833333333333332,-0.8269467353820801,-0.297224268989419
COHFACE_s26_session2_natural,2,146,24.866666666666667,-0.9458898901939392,-0.2662483010773024
COHFACE_s26_session2_natural,2,147,24.9,-1.014630913734436,-0.2347399385942303
COHFACE_s26_session2_natural,2,148,24.933333333333334,-1.0459959506988525,-0.20379915543497146
COHFACE_s26_session2_natural,2,149,24.966666666666665,-1.064415693283081,-0.17404347484947846
COHFACE_s26_session2_natural,2,150,25.0,-1.085955023765564,-0.14665442515813776
COHFACE_s26_session2_natural,2,151,25.033333333333335,-1.1138825416564941,-0.12323211001885596
COHFACE_s26_session2_natural,2,152,25.066666666666666,-1.1600509881973267,-0.10451253586913245
COHFACE_s26_session2_natural,2,153,25.1,-1.2303916215896606,-0.08872948432302143
COHFACE_s26_session2_natural,2,154,25.133333333333333,-1.311193823814392,-0.07132042422856491
COHFACE_s26_session2_natural,2,155,25.166666666666668,-1.201550006866455,-0.04811403993668581
COHFACE_s26_session2_natural,2,156,25.2,-0.15367428958415985,-0.019732544603795907
COHFACE_s26_session2_natural,2,157,25.233333333333334,1.542646050453186,0.008872378599535926
COHFACE_s26_session2_natural,2,158,25.266666666666666,2.3210418224334717,0.03418503335803078
COHFACE_s26_session2_natural,2,159,25.3,1.9941569566726685,0.05980636941321823
COHFACE_s26_session2_natural,2,160,25.333333333333332,1.412078857421875,0.09709798413546995
COHFACE_s26_session2_natural,2,161,25.366666666666667,1.0281763076782227,0.1576201358507712
COHFACE_s26_session2_natural,2,162,25.4,0.7102628350257874,0.24231241575797696
COHFACE_s26_session2_natural,2,163,25.433333333333334,0.368564635515213,0.33922882488328904
COHFACE_s26_session2_natural,2,164,25.466666666666665,0.2233133763074875,0.4306957379752291
COHFACE_s26_session2_natural,2,165,25.5,0.26169270277023315,0.4996535495788385
COHFACE_s26_session2_natural,2,166,25.533333333333335,0.25025737285614014,0.5319031484358935
COHFACE_s26_session2_natural,2,167,25.566666666666666,0.08683479577302933,0.5187081734006215
COHFACE_s26_session2_natural,2,168,25.6,-0.18219798803329468,0.4602014604654688
COHFACE_s26_session2_natural,2,169,25.633333333333333,-0.4712997078895569,0.36576259635091485
COHFACE_s26_session2_natural,2,170,25.666666666666668,-0.7185547351837158,0.2502613063908817
COHFACE_s26_session2_natural,2,171,25.7,-0.8998505473136902,0.12814218793165336
COHFACE_s26_session2_natural,2,172,25.733333333333334,-1.0088684558868408,0.008394807132569085
COHFACE_s26_session2_natural,2,173,25.766666666666666,-1.0591500997543335,-0.10618732858605955
COHFACE_s26_session2_natural,2,174,25.8,-1.0795767307281494,-0.21538866410208288
COHFACE_s26_session2_natural,2,175,25.833333333333332,-1.0838189125061035,-0.3168514900056942
COHFACE_s26_session2_natural,2,176,25.866666666666667,-1.0800634622573853,-0.40330236718678897
COHFACE_s26_session2_natural,2,177,25.9,-1.108994483947754,-0.4638073045186794
COHFACE_s26_session2_natural,2,178,25.933333333333334,-1.1846603155136108,-0.4883052760285331
COHFACE_s26_session2_natural,2,179,25.966666666666665,-1.2650253772735596,-0.4720284377868435
COHFACE_s26_session2_natural,2,180,26.0,-1.0211284160614014,-0.4173853615684093
COHFACE_s26_session2_natural,2,181,26.033333333333335,0.26617342233657837,-0.3324300651336697
COHFACE_s26_session2_natural,2,182,26.066666666666666,1.8279227018356323,-0.22715739915787925
COHFACE_s26_session2_natural,2,183,26.1,2.264878749847412,-0.1106488019703069
COHFACE_s26_session2_natural,2,184,26.133333333333333,1.7942923307418823,0.009090086064409256
COHFACE_s26_session2_natural,2,185,26.166666666666668,1.242536187171936,0.12241412888856329
COHFACE_s26_session2_natural,2,186,26.2,0.8986324667930603,0.2159066154708582
COHFACE_s26_session2_natural,2,187,26.233333333333334,0.5773112177848816,0.2769379646365806
COHFACE_s26_session2_natural,2,188,26.266666666666666,0.2666701674461365,0.30211600880691175
COHFACE_s26_session2_natural,2,189,26.3,0.16867028176784515,0.298624690604298
COHFACE_s26_session2_natural,2,190,26.333333333333332,0.21748146414756775,0.27687029143682373
COHFACE_s26_session2_natural,2,191,26.366666666666667,0.18968303501605988,0.2427380803450232
COHFACE_s26_session2_natural,2,192,26.4,0.001253775553777814,0.19506154087652391
COHFACE_s26_session2_natural,2,193,26.433333333333334,-0.2815689444541931,0.12974321524988192
COHFACE_s26_session2_natural,2,194,26.466666666666665,-0.5672628879547119,0.0471892321807494
COHFACE_s26_session2_natural,2,195,26.5,-0.8062320351600647,-0.04416625522819651
COHFACE_s26_session2_natural,2,196,26.533333333333335,-0.9772748947143555,-0.13063340214179178
COHFACE_s26_session2_natural,2,197,26.566666666666666,-1.0924227237701416,-0.19928361396982056
COHFACE_s26_session2_natural,2,198,26.6,-1.1482182741165161,-0.2432603589519389
COHFACE_s26_session2_natural,2,199,26.633333333333333,-1.1483871936798096,-0.2625427709664389
COHFACE_s26_session2_natural,2,200,26.666666666666668,-1.1445224285125732,-0.2603254019004859
COHFACE_s26_session2_natural,2,201,26.7,-1.1685456037521362,-0.2390930862712725
COHFACE_s26_session2_natural,2,202,26.733333333333334,-1.2345246076583862,-0.19934684921552498
COHFACE_s26_session2_natural,2,203,26.766666666666666,-1.25699782371521,-0.14203673471216116
COHFACE_s26_session2_natural,2,204,26.8,-0.6525260210037231,-0.07220394128617065
COHFACE_s26_session2_natural,2,205,26.833333333333332,0.8944100141525269,0.0015164639976125362
COHFACE_s26_session2_natural,2,206,26.866666666666667,2.041606903076172,0.07114286306602237
COHFACE_s26_session2_natural,2,207,26.9,1.9938589334487915,0.1313280897382627
COHFACE_s26_session2_natural,2,208,26.933333333333334,1.406028389930725,0.1779464687987041
COHFACE_s26_session2_natural,2,209,26.966666666666665,0.9102764129638672,0.20732692580006645
COHFACE_s26_session2_natural,2,210,27.0,0.5779271721839905,0.21735760280203925
COHFACE_s26_session2_natural,2,211,27.033333333333335,0.24923406541347504,0.20850912443712577
COHFACE_s26_session2_natural,2,212,27.066666666666666,0.04417344182729721,0.18382831405802952
COHFACE_s26_session2_natural,2,213,27.1,0.06354690343141556,0.14822295411683456
COHFACE_s26_session2_natural,2,214,27.133333333333333,0.12163747847080231,0.10727397320079317
COHFACE_s26_session2_natural,2,215,27.166666666666668,0.03482450544834137,0.06568327178910767
COHFACE_s26_session2_natural,2,216,27.2,-0.1901858150959015,0.026028729941273903
COHFACE_s26_session2_natural,2,217,27.233333333333334,-0.47307807207107544,-0.011084867354787952
COHFACE_s26_session2_natural,2,218,27.266666666666666,-0.7449423670768738,-0.04534418337408384
COHFACE_s26_session2_natural,2,219,27.3,-0.9589545130729675,-0.07439274301705956
COHFACE_s26_session2_natural,2,220,27.333333333333332,-1.101851224899292,-0.09285993333251844
COHFACE_s26_session2_natural,2,221,27.366666666666667,-1.1827726364135742,-0.09536277723185492
COHFACE_s26_session2_natural,2,222,27.4,-1.2072030305862427,-0.08140019257956213
COHFACE_s26_session2_natural,2,223,27.433333333333334,-1.2076799869537354,-0.055907563600966964
COHFACE_s26_session2_natural,2,224,27.466666666666665,-1.2318918704986572,-0.025130415704986062
COHFACE_s26_session2_natural,2,225,27.5,-1.2755168676376343,0.0065493439937081045
COHFACE_s26_session2_natural,2,226,27.533333333333335,-0.9761819839477539,0.03622908434268881
COHFACE_s26_session2_natural,2,227,27.566666666666666,0.31043434143066406,0.059673154798352564
COHFACE_s26_session2_natural,2,228,27.6,1.7493956089019775,0.06928203887232377
COHFACE_s26_session2_natural,2,229,27.633333333333333,2.0727038383483887,0.05721519876787241
COHFACE_s26_session2_natural,2,230,27.666666666666668,1.5477427244186401,0.02199091334021439
COHFACE_s26_session2_natural,2,231,27.7,0.9394657611846924,-0.02876390426753976
COHFACE_s26_session2_natural,2,232,27.733333333333334,0.5125541687011719,-0.08170948276877335
COHFACE_s26_session2_natural,2,233,27.766666666666666,0.16169583797454834,-0.12397981323838388
COHFACE_s26_session2_natural,2,234,27.8,-0.07269322872161865,-0.14833540420076724
COHFACE_s26_session2_natural,2,235,27.833333333333332,-0.060304153710603714,-0.15394391365448404
COHFACE_s26_session2_natural,2,236,27.866666666666667,0.049329761415719986,-0.14312448090315483
COHFACE_s26_session2_natural,2,237,27.9,0.034039631485939026,-0.11791934947425747
COHFACE_s26_session2_natural,2,238,27.933333333333334,-0.14877629280090332,-0.0792044230024513
COHFACE_s26_session2_natural,2,239,27.966666666666665,-0.4230150580406189,-0.029177278947924774
COHFACE_s26_session2_natural,2,240,28.0,-0.6968464851379395,0.02543819759273461
COHFACE_s26_session2_natural,2,241,28.033333333333335,-0.9234563708305359,0.07487693279931616
COHFACE_s26_session2_natural,2,242,28.066666666666666,-1.0771127939224243,0.11188438262575034
COHFACE_s26_session2_natural,2,243,28.1,-1.1542688608169556,0.13481779343142705
COHFACE_s26_session2_natural,2,244,28.133333333333333,-1.1919625997543335,0.14592955339447528
COHFACE_s26_session2_natural,2,245,28.166666666666668,-1.2246490716934204,0.14724721424084486
COHFACE_s26_session2_natural,2,246,28.2,-1.2537888288497925,0.13732090644107642
COHFACE_s26_session2_natural,2,247,28.233333333333334,-1.0541924238204956,0.11209472169322868
COHFACE_s26_session2_natural,2,248,28.266666666666666,0.038878027349710464,0.06927526768989058
COHFACE_s26_session2_natural,2,249,28.3,1.5625460147857666,0.01185115005501831
COHFACE_s26_session2_natural,2,250,28.333333333333332,2.1082816123962402,-0.05156329448495383
COHFACE_s26_session2_natural,2,251,28.366666666666667,1.649825930595398,-0.10928123040792177
COHFACE_s26_session2_natural,2,252,28.4,0.9794346690177917,-0.15055438646845148
COHFACE_s26_session2_natural,2,253,28.433333333333334,0.4868520498275757,-0.16879518257452086
COHFACE_s26_session2_natural,2,254,28.466666666666665,0.11122548580169678,-0.16312960874477728
COHFACE_s26_session2_natural,2,255,28.5,-0.13292978703975677,-0.13889483248513693
COHFACE_s26_session2_natural,2,256,28.533333333333335,-0.11884180456399918,-0.10622298378875175
COHFACE_s26_session2_natural,2,257,28.566666666666666,0.013156034983694553,-0.0746428857344418
COHFACE_s26_session2_natural,2,258,28.6,0.03913634270429611,-0.04662762660892735
COHFACE_s26_session2_natural,2,259,28.633333333333333,-0.11104274541139603,-0.01731891801043095
COHFACE_s26_session2_natural,2,260,28.666666666666668,-0.39198774099349976,0.019414757108522036
COHFACE_s26_session2_natural,2,261,28.7,-0.6990818977355957,0.06554407291464615
COHFACE_s26_session2_natural,2,262,28.733333333333334,-0.9197406768798828,0.11739395032316266
COHFACE_s26_session2_natural,2,263,28.766666666666666,-1.0628161430358887,0.16698085334828044
COHFACE_s26_session2_natural,2,264,28.8,-1.1575473546981812,0.20479223198205018
COHFACE_s26_session2_natural,2,265,28.833333333333332,-1.2301133871078491,0.2227696692346209
COHFACE_s26_session2_natural,2,266,28.866666666666667,-1.286028265953064,0.21674374016056006
COHFACE_s26_session2_natural,2,267,28.9,-1.1325109004974365,0.18815118707200815
COHFACE_s26_session2_natural,2,268,28.933333333333334,-0.0996173769235611,0.14389364545642244
COHFACE_s26_session2_natural,2,269,28.966666666666665,1.4565483331680298,0.09251899651485616
COHFACE_s26_session2_natural,2,270,29.0,2.0845863819122314,0.03895985295048944
COHFACE_s26_session2_natural,2,271,29.033333333333335,1.6579031944274902,-0.016427484427998722
COHFACE_s26_session2_natural,2,272,29.066666666666666,0.974129319190979,-0.07402178620904214
COHFACE_s26_session2_natural,2,273,29.1,0.4414485991001129,-0.13115472956643226
COHFACE_s26_session2_natural,2,274,29.133333333333333,0.04191817343235016,-0.18136355199070137
COHFACE_s26_session2_natural,2,275,29.166666666666668,-0.20048852264881134,-0.21698102083088794
COHFACE_s26_session2_natural,2,276,29.2,-0.16488109529018402,-0.23287596438512165
COHFACE_s26_session2_natural,2,277,29.233333333333334,-0.006773791741579771,-0.2272678516497428
COHFACE_s26_session2_natural,2,278,29.266666666666666,0.0351722352206707,-0.19956570202930868
COHFACE_s26_session2_natural,2,279,29.3,-0.10345232486724854,-0.14918650404490222
COHFACE_s26_session2_natural,2,280,29.333333333333332,-0.35776129364967346,-0.07726810332795753
COHFACE_s26_session2_natural,2,281,29.366666666666667,-0.6222437620162964,0.009426590742002462
COHFACE_s26_session2_natural,2,282,29.4,-0.8328779935836792,0.09590360732424504
COHFACE_s26_session2_natural,2,283,29.433333333333334,-0.9884915947914124,0.16295492315687585
COHFACE_s26_session2_natural,2,284,29.466666666666665,-1.0992282629013062,0.196545992939625
COHFACE_s26_session2_natural,2,285,29.5,-1.1799907684326172,0.19495892720538807
COHFACE_s26_session2_natural,2,286,29.533333333333335,-1.1429427862167358,0.16875374716210542
COHFACE_s26_session2_natural,2,287,29.566666666666666,-0.3846655488014221,0.13256530273394526
COHFACE_s26_session2_natural,2,288,29.6,1.1836905479431152,0.09432411982621947
COHFACE_s26_session2_natural,2,289,29.633333333333333,2.12069034576416,0.05262948718260129
COHFACE_s26_session2_natural,2,290,29.666666666666668,1.8644243478775024,0.0034218094257637615
COHFACE_s26_session2_natural,2,291,29.7,1.1646151542663574,-0.052728630084981055
COHFACE_s26_session2_natural,2,292,29.733333333333334,0.5712010860443115,-0.10823999117646832
COHFACE_s26_session2_natural,2,293,29.766666666666666,0.1387059986591339,-0.15195776220792037
COHFACE_s26_session2_natural,2,294,29.8,-0.12559768557548523,-0.1754362927869803
COHFACE_s26_session2_natural,2,295,29.833333333333332,-0.10794299840927124,-0.17601357832970946
COHFACE_s26_session2_natural,2,296,29.866666666666667,0.061659231781959534,-0.15543525053115673
COHFACE_s26_session2_natural,2,297,29.9,0.12357482314109802,-0.11784465993234991
COHFACE_s26_session2_natural,2,298,29.933333333333334,-0.002799748443067074,-0.0688604369847663
COHFACE_s26_session2_natural,2,299,29.966666666666665,-0.23982161283493042,-0.01489918733669146
COHFACE_s26_session2_natural,3,0,30.0,-0.48910340666770935,-0.05260565191835937
COHFACE_s26_session2_natural,3,1,30.033333333333335,-0.6945713758468628,-1.6602482828887288
COHFACE_s26_session2_natural,3,2,30.066666666666666,-0.8538013696670532,-3.0644938562790296
COHFACE_s26_session2_natural,3,3,30.1,-0.9777020812034607,-4.095264869716167
COHFACE_s26_session2_natural,3,4,30.133333333333333,-1.055603265762329,-4.653844792458862
COHFACE_s26_session2_natural,3,5,30.166666666666668,-0.7726017236709595,-4.732470930735985
COHFACE_s26_session2_natural,3,6,30.2,0.4697934687137604,-4.400525855814644
COHFACE_s26_session2_natural,3,7,30.233333333333334,1.8420504331588745,-3.7744683392224254
COHFACE_s26_session2_natural,3,8,30.266666666666666,2.096468687057495,-2.985220374191775
COHFACE_s26_session2_natural,3,9,30.3,1.5313994884490967,-2.1502828526763507
COHFACE_s26_session2_natural,3,10,30.333333333333332,0.8955525755882263,-1.3565504696938446
COHFACE_s26_session2_natural,3,11,30.366666666666667,0.4198496639728546,-0.6578680150744712
COHFACE_s26_session2_natural,3,12,30.4,0.06572268903255463,-0.08340650292338007
COHFACE_s26_session2_natural,3,13,30.433333333333334,-0.05022995173931122,0.3537056922387536
COHFACE_s26_session2_natural,3,14,30.466666666666665,0.0729157105088234,0.6528329817340448
COHFACE_s26_session2_natural,3,15,30.5,0.17734362185001373,0.8262091382321995
COHFACE_s26_session2_natural,3,16,30.533333333333335,0.10520480573177338,0.8992452607486106
COHFACE_s26_session2_natural,3,17,30.566666666666666,-0.10266745090484619,0.9052487332532614
COHFACE_s26_session2_natural,3,18,30.6,-0.35289308428764343,0.8754826847347248
COHFACE_s26_session2_natural,3,19,30.633333333333333,-0.5658620595932007,0.8318800830300249
COHFACE_s26_session2_natural,3,20,30.666666666666668,-0.7341031432151794,0.7860168131855477
COHFACE_s26_session2_natural,3,21,30.7,-0.8846498727798462,0.7433793817527322
COHFACE_s26_session2_natural,3,22,30.733333333333334,-0.990061342716217,0.7085191808775478
COHFACE_s26_session2_natural,3,23,30.766666666666666,-0.8055266737937927,0.6844589233794913
COHFACE_s26_session2_natural,3,24,30.8,0.27990373969078064,0.6677195126945765
COHFACE_s26_session2_natural,3,25,30.833333333333332,1.6949809789657593,0.6479009669736766
COHFACE_s26_session2_natural,3,26,30.866666666666667,2.107725143432617,0.6137572725414113
COHFACE_s26_session2_natural,3,27,30.9,1.6116056442260742,0.5600867472538564
COHFACE_s26_session2_natural,3,28,30.933333333333334,0.9843724370002747,0.49037100412593215
COHFACE_s26_session2_natural,3,29,30.966666666666665,0.5090867877006531,0.41204174399234866
COHFACE_s26_session2_natural,3,30,31.0,0.13502006232738495,0.32837500797706737
COHFACE_s26_session2_natural,3,31,31.033333333333335,-0.020961126312613487,0.23705261880518233
COHFACE_s26_session2_natural,3,32,31.066666666666666,0.07220038026571274,0.1364733827847933
COHFACE_s26_session2_natural,3,33,31.1,0.1734689325094223,0.03165418241565125
COHFACE_s26_session2_natural,3,34,31.133333333333333,0.11268594861030579,-0.06536240613960351
COHFACE_s26_session2_natural,3,35,31.166666666666668,-0.09219584614038467,-0.1412199006666129
COHFACE_s26_session2_natural,3,36,31.2,-0.3415670692920685,-0.1891817362688141
COHFACE_s26_session2_natural,3,37,31.233333333333334,-0.5557878613471985,-0.21187047191519193
COHFACE_s26_session2_natural,3,38,31.266666666666666,-0.7346495985984802,-0.217093119896705
COHFACE_s26_session2_natural,3,39,31.3,-0.8877794146537781,-0.2111623463661916
COHFACE_s26_session2_natural,3,40,31.333333333333332,-0.9935585260391235,-0.19452152570532247
COHFACE_s26_session2_natural,3,41,31.366666666666667,-0.80547696352005,-0.1636281083256929
COHFACE_s26_session2_natural,3,42,31.4,0.27829426527023315,-0.11762699312728117
COHFACE_s26_session2_natural,3,43,31.433333333333334,1.6466765403747559,-0.06330802415085579
COHFACE_s26_session2_natural,3,44,31.466666666666665,1.993690013885498,-0.015088596325466976
COHFACE_s26_session2_natural,3,45,31.5,1.4694044589996338,0.009177284420671825
COHFACE_s26_session2_natural,3,46,31.533333333333335,0.8450325727462769,-0.004902666837853807
COHFACE_s26_session2_natural,3,47,31.566666666666666,0.37797319889068604,-0.060507006858693
COHFACE_s26_session2_natural,3,48,31.6,0.016931375488638878,-0.14505032097174184
COHFACE_s26_session2_natural,3,49,31.633333333333333,-0.09886230528354645,-0.23414710204247982
COHFACE_s26_session2_natural,3,50,31.666666666666668,0.028366684913635254,-0.30262596477184395
COHFACE_s26_session2_natural,3,51,31.7,0.11680901795625687,-0.33464008661187494
COHFACE_s26_session2_natural,3,52,31.733333333333334,0.026439273729920387,-0.32801657260176587
COHFACE_s26_session2_natural,3,53,31.766666666666666,-0.18578456342220306,-0.2921816005729411
COHFACE_s26_session2_natural,3,54,31.8,-0.4210280478000641,-0.24164380149841147
COHFACE_s26_session2_natural,3,55,31.833333333333332,-0.6638122797012329,-0.1891183139057024
COHFACE_s26_session2_natural,3,56,31.866666666666667,-0.9121105074882507,-0.141135478848377
COHFACE_s26_session2_natural,3,57,31.9,-1.0390115976333618,-0.09715406361771775
COHFACE_s26_session2_natural,3,58,31.933333333333334,-1.117002248764038,-0.05200396295056427
COHFACE_s26_session2_natural,3,59,31.966666666666665,-0.9242412447929382,-0.00038853751497095607
COHFACE_s26_session2_natural,3,60,32.0,0.18896770477294922,0.05894713561942566
COHFACE_s26_session2_natural,3,61,32.03333333333333,1.6137813329696655,0.12234243802262981
COHFACE_s26_session2_natural,3,62,32.06666666666667,2.013888120651245,0.18382718657227268
COHFACE_s26_session2_natural,3,63,32.1,1.512115478515625,0.2386018832358929
COHFACE_s26_session2_natural,3,64,32.13333333333333,0.8993775844573975,0.28492510023307704
COHFACE_s26_session2_natural,3,65,32.166666666666664,0.4494662284851074,0.3227193310857919
COHFACE_s26_session2_natural,3,66,32.2,0.07344227284193039,0.3504582993340386
COHFACE_s26_session2_natural,3,67,32.233333333333334,-0.08738725632429123,0.36470445642640115
COHFACE_s26_session2_natural,3,68,32.266666666666666,0.019117100164294243,0.36279978814455965
COHFACE_s26_session2_natural,3,69,32.3,0.12172689288854599,0.34520595468844534
COHFACE_s26_session2_natural,3,70,32.333333333333336,0.045157019048929214,0.3153257153685524
COHFACE_s26_session2_natural,3,71,32.36666666666667,-0.1690140962600708,0.2765750113588232
COHFACE_s26_session2_natural,3,72,32.4,-0.41312962770462036,0.2290794679190838
COHFACE_s26_session2_natural,3,73,32.43333333333333,-0.624717652797699,0.17033573475890368
COHFACE_s26_session2_natural,3,74,32.46666666666667,-0.7932766675949097,0.09958003413133347
COHFACE_s26_session2_natural,3,75,32.5,-0.925602376461029,0.021057698389350184
COHFACE_s26_session2_natural,3,76,32.53333333333333,-1.0228471755981445,-0.056391694330991
COHFACE_s26_session2_natural,3,77,32.56666666666667,-0.8706115484237671,-0.12311138263770664
COHFACE_s26_session2_natural,3,78,32.6,0.2066720724105835,-0.17329899619077496
COHFACE_s26_session2_natural,3,79,32.63333333333333,1.7233060598373413,-0.20658775952290792
COHFACE_s26_session2_natural,3,80,32.666666666666664,2.2466278076171875,-0.2259242171617999
COHFACE_s26_session2_natural,3,81,32.7,1.8117185831069946,-0.2346247637551645
COHFACE_s26_session2_natural,3,82,32.733333333333334,1.2461228370666504,-0.23494772284490537
COHFACE_s26_session2_natural,3,83,32.766666666666666,0.8601736426353455,-0.2293466039484316
COHFACE_s26_session2_natural,3,84,32.8,0.48716995120048523,-0.22246366755870808
COHFACE_s26_session2_natural,3,85,32.833333333333336,0.18573878705501556,-0.21939493333965907
COHFACE_s26_session2_natural,3,86,32.86666666666667,0.16716013848781586,-0.22117251716964234
COHFACE_s26_session2_natural,3,87,32.9,0.26270607113838196,-0.22359730362381888
COHFACE_s26_session2_natural,3,88,32.93333333333333,0.21906115114688873,-0.22064901399272557
COHFACE_s26_session2_natural,3,89,32.96666666666667,0.003220926970243454,-0.20844579366449942
COHFACE_s26_session2_natural,3,90,33.0,-0.28091323375701904,-0.18732875771963037
COHFACE_s26_session2_natural,3,91,33.03333333333333,-0.5253069400787354,-0.1618501782006781
COHFACE_s26_session2_natural,3,92,33.06666666666667,-0.6930810809135437,-0.13796304970743217
COHFACE_s26_session2_natural,3,93,33.1,-0.8031620979309082,-0.11646773252465734
COHFACE_s26_session2_natural,3,94,33.13333333333333,-0.8919521570205688,-0.08769908638034431
COHFACE_s26_session2_natural,3,95,33.166666666666664,-0.9639022350311279,-0.03705282985284482
COHFACE_s26_session2_natural,3,96,33.2,-0.7058775424957275,0.041667687158754727
COHFACE_s26_session2_natural,3,97,33.233333333333334,0.5844445824623108,0.1400032929715136
COHFACE_s26_session2_natural,3,98,33.266666666666666,2.001081705093384,0.24014508524537126
COHFACE_s26_session2_natural,3,99,33.3,2.2681870460510254,0.3246316384943927
COHFACE_s26_session2_natural,3,100,33.333333333333336,1.78419828414917,0.38329208742179677
COHFACE_s26_session2_natural,3,101,33.36666666666667,1.329567790031433,0.41218951159321493
COHFACE_s26_session2_natural,3,102,33.4,1.026735782623291,0.40752105576372144
COHFACE_s26_session2_natural,3,103,33.43333333333333,0.635670006275177,0.364711696927575
COHFACE_s26_session2_natural,3,104,33.46666666666667,0.29504483938217163,0.28368497161391537
COHFACE_s26_session2_natural,3,105,33.5,0.24097798764705658,0.17176793816077784
COHFACE_s26_session2_natural,3,106,33.53333333333333,0.28730541467666626,0.04123366877984826
COHFACE_s26_session2_natural,3,107,33.56666666666667,0.18818283081054688,-0.09512351690044439
COHFACE_s26_session2_natural,3,108,33.6,-0.05546575412154198,-0.22684040453091933
COHFACE_s26_session2_natural,3,109,33.63333333333333,-0.3449151813983917,-0.3443403717965841
COHFACE_s26_session2_natural,3,110,33.666666666666664,-0.6033074855804443,-0.43502353467687505
COHFACE_s26_session2_natural,3,111,33.7,-0.7971712350845337,-0.4827608325677876
COHFACE_s26_session2_natural,3,112,33.733333333333334,-0.9221349954605103,-0.472633445817606
COHFACE_s26_session2_natural,3,113,33.766666666666666,-0.9884518384933472,-0.39815908314638654
COHFACE_s26_session2_natural,3,114,33.8,-1.0045864582061768,-0.2667646218922298
COHFACE_s26_session2_natural,3,115,33.833333333333336,-1.0005627870559692,-0.0988216713579629
COHFACE_s26_session2_natural,3,116,33.86666666666667,-1.0292354822158813,0.07983057461741658
COHFACE_s26_session2_natural,3,117,33.9,-1.0895614624023438,0.24727299133354855
COHFACE_s26_session2_natural,3,118,33.93333333333333,-0.8135641813278198,0.39072092678531756
COHFACE_s26_session2_natural,3,119,33.96666666666667,0.5179787278175354,0.5015547830653625
COHFACE_s26_session2_natural,3,120,34.0,2.003068685531616,0.5660818185144925
COHFACE_s26_session2_natural,3,121,34.03333333333333,2.3015592098236084,0.568179748687346
COHFACE_s26_session2_natural,3,122,34.06666666666667,1.8368643522262573,0.503176806883872
COHFACE_s26_session2_natural,3,123,34.1,1.41411554813385,0.3856138035318476
COHFACE_s26_session2_natural,3,124,34.13333333333333,1.1336673498153687,0.24375049430955043
COHFACE_s26_session2_natural,3,125,34.166666666666664,0.7321697473526001,0.10586503795903135
COHFACE_s26_session2_natural,3,126,34.2,0.3493501543998718,-0.012755924300803122
COHFACE_s26_session2_natural,3,127,34.233333333333334,0.23970629274845123,-0.11165031767992009
COHFACE_s26_session2_natural,3,128,34.266666666666666,0.2569536566734314,-0.1962126435560639
COHFACE_s26_session2_natural,3,129,34.3,0.15159182250499725,-0.2689537605841012
COHFACE_s26_session2_natural,3,130,34.333333333333336,-0.09353708475828171,-0.3270716065815548
COHFACE_s26_session2_natural,3,131,34.36666666666667,-0.37990662455558777,-0.3659108019212616
COHFACE_s26_session2_natural,3,132,34.4,-0.6390838027000427,-0.38443059350898723
COHFACE_s26_session2_natural,3,133,34.43333333333333,-0.8372395038604736,-0.3864556790029053
COHFACE_s26_session2_natural,3,134,34.46666666666667,-0.9794705510139465,-0.3771228179864537
COHFACE_s26_session2_natural,3,135,34.5,-1.0652402639389038,-0.35969960398968037
COHFACE_s26_session2_natural,3,136,34.53333333333333,-1.1066498756408691,-0.3348491117864008
COHFACE_s26_session2_natural,3,137,34.56666666666667,-1.134438395500183,-0.30078592248263814
COHFACE_s26_session2_natural,3,138,34.6,-1.1623460054397583,-0.2537523025651712
COHFACE_s26_session2_natural,3,139,34.63333333333333,-1.201331377029419,-0.18941049925093909
COHFACE_s26_session2_natural,3,140,34.666666666666664,-1.2603658437728882,-0.10520998665638132
COHFACE_s26_session2_natural,3,141,34.7,-1.3179298639297485,-0.003158247593244852
COHFACE_s26_session2_natural,3,142,34.733333333333334,-1.374321460723877,0.1084978180371793
COHFACE_s26_session2_natural,3,143,34.766666666666666,-1.4220497608184814,0.21674428031922663
COHFACE_s26_session2_natural,3,144,34.8,-1.451934576034546,0.3078697843810829
COHFACE_s26_session2_natural,3,145,34.833333333333336,-1.4601608514785767,0.37106958812790947
COHFACE_s26_session2_natural,3,146,34.86666666666667,-1.4487354755401611,0.400433714823659
COHFACE_s26_session2_natural,3,147,34.9,-1.4415324926376343,0.3962823669258083
COHFACE_s26_session2_natural,3,148,34.93333333333333,-1.4306436777114868,0.36547142768132057
COHFACE_s26_session2_natural,3,149,34.96666666666667,-1.008699655532837,0.31900917331575884
COHFACE_s26_session2_natural,3,150,35.0,0.590892493724823,0.2678457089844244
COHFACE_s26_session2_natural,3,151,35.03333333333333,2.2876698970794678,0.2200517311095958
COHFACE_s26_session2_natural,3,152,35.06666666666667,2.623943328857422,0.18057469976260024
COHFACE_s26_session2_natural,3,153,35.1,2.0782675743103027,0.15247473709691878
COHFACE_s26_session2_natural,3,154,35.13333333333333,1.5619101524353027,0.1375095608332528
COHFACE_s26_session2_natural,3,155,35.166666666666664,1.2715964317321777,0.13354530899172065
COHFACE_s26_session2_natural,3,156,35.2,0.9565442204475403,0.13153083804360377
COHFACE_s26_session2_natural,3,157,35.233333333333334,0.6306329369544983,0.11925651451971131
COHFACE_s26_session2_natural,3,158,35.266666666666666,0.5211281776428223,0.09007348314329251
COHFACE_s26_session2_natural,3,159,35.3,0.5195981860160828,0.04611953721790048
COHFACE_s26_session2_natural,3,160,35.333333333333336,0.42423105239868164,-0.006153038290946646
COHFACE_s26_session2_natural,3,161,35.36666666666667,0.18692107498645782,-0.06153182534815576
COHFACE_s26_session2_natural,3,162,35.4,-0.1217229887843132,-0.11836562508156152
COHFACE_s26_session2_natural,3,163,35.43333333333333,-0.4110134541988373,-0.1767837239295232
COHFACE_s26_session2_natural,3,164,35.46666666666667,-0.6417662501335144,-0.23525007494352318
COHFACE_s26_session2_natural,3,165,35.5,-0.8039966225624084,-0.2904757156741932
COHFACE_s26_session2_natural,3,166,35.53333333333333,-0.9089312553405762,-0.3410845333739735
COHFACE_s26_session2_natural,3,167,35.56666666666667,-0.9730722904205322,-0.39067112130731435
COHFACE_s26_session2_natural,3,168,35.6,-1.012276291847229,-0.4475144796633599
COHFACE_s26_session2_natural,3,169,35.63333333333333,-1.0449726581573486,-0.5205830313213006
COHFACE_s26_session2_natural,3,170,35.666666666666664,-1.09012770652771,-0.6129252698689459
COHFACE_s26_session2_natural,3,171,35.7,-1.1509008407592773,-0.7148454737054157
COHFACE_s26_session2_natural,3,172,35.733333333333334,-1.2073818445205688,-0.8012968153488504
COHFACE_s26_session2_natural,3,173,35.766666666666666,-1.2592233419418335,-0.8388499276281814
COHFACE_s26_session2_natural,3,174,35.8,-1.3148300647735596,-0.7988700816201488
COHFACE_s26_session2_natural,3,175,35.833333333333336,-1.3733776807785034,-0.6655894645785883
COHFACE_s26_session2_natural,3,176,35.86666666666667,-1.3433339595794678,-0.4369980358636473
COHFACE_s26_session2_natural,3,177,35.9,-0.5751811861991882,-0.12599875315564346
COHFACE_s26_session2_natural,3,178,35.93333333333333,1.156875729560852,0.23770352721367827
COHFACE_s26_session2_natural,3,179,35.96666666666667,2.3394217491149902,0.6117042832683728
COHFACE_s26_session2_natural,3,180,36.0,2.2735519409179688,0.9510742201953731
COHFACE_s26_session2_natural,3,181,36.03333333333333,1.7074793577194214,1.2178247014361263
COHFACE_s26_session2_natural,3,182,36.06666666666667,1.2746365070343018,1.386535902637672
COHFACE_s26_session2_natural,3,183,36.1,0.9975861310958862,1.4472541990910208
COHFACE_s26_session2_natural,3,184,36.13333333333333,0.6539506316184998,1.405336762017681
COHFACE_s26_session2_natural,3,185,36.166666666666664,0.3696873188018799,1.276473837064317
COHFACE_s26_session2_natural,3,186,36.2,0.31713059544563293,1.0792869316265508
COHFACE_s26_session2_natural,3,187,36.233333333333334,0.3408159017562866,0.831537296729949
COHFACE_s26_session2_natural,3,188,36.266666666666666,0.24506132304668427,0.551001287844991
COHFACE_s26_session2_natural,3,189,36.3,0.010225177742540836,0.25692331384453426
COHFACE_s26_session2_natural,3,190,36.333333333333336,-0.2820557653903961,-0.030470689282690294
COHFACE_s26_session2_natural,3,191,36.36666666666667,-0.554506242275238,-0.29260494054533526
COHFACE_s26_session2_natural,3,192,36.4,-0.7671274542808533,-0.5159359967088982
COHFACE_s26_session2_natural,3,193,36.43333333333333,-0.9143657684326172,-0.6934385216719116
COHFACE_s26_session2_natural,3,194,36.46666666666667,-1.013071060180664,-0.8235352760608092
COHFACE_s26_session2_natural,3,195,36.5,-1.0695620775222778,-0.9079528783708785
COHFACE_s26_session2_natural,3,196,36.53333333333333,-1.1004403829574585,-0.9496990565720829
COHFACE_s26_session2_natural,3,197,36.56666666666667,-1.1226155757904053,-0.951788779944682
COHFACE_s26_session2_natural,3,198,36.6,-1.1422572135925293,-0.9169139256236666
COHFACE_s26_session2_natural,3,199,36.63333333333333,-1.1790966987609863,-0.8478177368248832
COHFACE_s26_session2_natural,3,200,36.666666666666664,-1.2510764598846436,-0.7479257498961589
COHFACE_s26_session2_natural,3,201,36.7,-1.31816828250885,-0.6216989476559763
COHFACE_s26_session2_natural,3,202,36.733333333333334,-0.9831464886665344,-0.47496888496186346
COHFACE_s26_session2_natural,3,203,36.766666666666666,0.434345006942749,-0.3161947381012585
COHFACE_s26_session2_natural,3,204,36.8,1.9771082401275635,-0.157223181801215
COHFACE_s26_session2_natural,3,205,36.833333333333336,2.3262081146240234,-0.010172325373756265
COHFACE_s26_session2_natural,3,206,36.86666666666667,1.8328008651733398,0.11834441042527138
COHFACE_s26_session2_natural,3,207,36.9,1.299633264541626,0.2300898071343685
COHFACE_s26_session2_natural,3,208,36.93333333333333,0.9647903442382812,0.3323856897269614
COHFACE_s26_session2_natural,3,209,36.96666666666667,0.6557190418243408,0.4303852373442273
COHFACE_s26_session2_natural,3,210,37.0,0.339335560798645,0.519710460900064
COHFACE_s26_session2_natural,3,211,37.03333333333333,0.22113758325576782,0.5878771896515284
COHFACE_s26_session2_natural,3,212,37.06666666666667,0.2583445608615875,0.6237480076817478
COHFACE_s26_session2_natural,3,213,37.1,0.22851936519145966,0.6252496865059457
COHFACE_s26_session2_natural,3,214,37.13333333333333,0.05211159214377403,0.5999000459550599
COHFACE_s26_session2_natural,3,215,37.166666666666664,-0.21837171912193298,0.5584102023972755
COHFACE_s26_session2_natural,3,216,37.2,-0.5056453347206116,0.5064166043874097
COHFACE_s26_session2_natural,3,217,37.233333333333334,-0.748449444770813,0.4428351282904424
COHFACE_s26_session2_natural,3,218,37.266666666666666,-0.9262680411338806,0.36511142777687405
COHFACE_s26_session2_natural,3,219,37.3,-1.0445852279663086,0.2734181554088165
COHFACE_s26_session2_natural,3,220,37.333333333333336,-1.100907325744629,0.17063542408059879
COHFACE_s26_session2_natural,3,221,37.36666666666667,-1.1162968873977661,0.060568518672505046
COHFACE_s26_session2_natural,3,222,37.4,-1.1231520175933838,-0.05344199984842597
COHFACE_s26_session2_natural,3,223,37.43333333333333,-1.1572493314743042,-0.16828887112703486
COHFACE_s26_session2_natural,3,224,37.46666666666667,-1.2092795372009277,-0.2795815075838808
COHFACE_s26_session2_natural,3,225,37.5,-0.8966912031173706,-0.380647447059569
COHFACE_s26_session2_natural,3,226,37.53333333333333,0.4259498417377472,-0.46309994235587476
COHFACE_s26_session2_natural,3,227,37.56666666666667,1.8565655946731567,-0.5189729372556229
COHFACE_s26_session2_natural,3,228,37.6,2.161543607711792,-0.5433724259069798
COHFACE_s26_session2_natural,3,229,37.63333333333333,1.6528860330581665,-0.5357843464869354
COHFACE_s26_session2_natural,3,230,37.666666666666664,1.0703110694885254,-0.49918739343760793
COHFACE_s26_session2_natural,3,231,37.7,0.6780134439468384,-0.4373467425948122
COHFACE_s26_session2_natural,3,232,37.733333333333334,0.3554205000400543,-0.35274408267808544
COHFACE_s26_session2_natural,3,233,37.766666666666666,0.09581613540649414,-0.2490005480137183
COHFACE_s26_session2_natural,3,234,37.8,0.05016431212425232,-0.13562666405789833
COHFACE_s26_session2_natural,3,235,37.833333333333336,0.1222037822008133,-0.027498712543926364
COHFACE_s26_session2_natural,3,236,37.86666666666667,0.10349597036838531,0.06162093427851087
COHFACE_s26_session2_natural,3,237,37.9,-0.0684012621641159,0.1250374457239643
COHFACE_s26_session2_natural,3,238,37.93333333333333,-0.3370863199234009,0.16412976266551793
COHFACE_s26_session2_natural,3,239,37.96666666666667,-0.6203163862228394,0.18321992452612493
COHFACE_s26_session2_natural,3,240,38.0,-0.8595835566520691,0.18286588273641396
COHFACE_s26_session2_natural,3,241,38.03333333333333,-1.028877854347229,0.16064045074662334
COHFACE_s26_session2_natural,3,242,38.06666666666667,-1.12620210647583,0.11885037604995488
COHFACE_s26_session2_natural,3,243,38.1,-1.1645218133926392,0.06917752458924871
COHFACE_s26_session2_natural,3,244,38.13333333333333,-1.1862002611160278,0.02965090587552601
COHFACE_s26_session2_natural,3,245,38.166666666666664,-1.2201286554336548,0.016062150561038435
COHFACE_s26_session2_natural,3,246,38.2,-1.1521228551864624,0.03348198546080788
COHFACE_s26_session2_natural,3,247,38.233333333333334,-0.3350098729133606,0.07563423678330813
COHFACE_s26_session2_natural,3,248,38.266666666666666,1.2250206470489502,0.13184442654431933
COHFACE_s26_session2_natural,3,249,38.3,2.1210978031158447,0.19336322954357132
COHFACE_s26_session2_natural,3,250,38.333333333333336,1.8836983442306519,0.25493743973510513
COHFACE_s26_session2_natural,3,251,38.36666666666667,1.234061598777771,0.3126188494765905
COHFACE_s26_session2_natural,3,252,38.4,0.707282304763794,0.3606432777842104
COHFACE_s26_session2_natural,3,253,38.43333333333333,0.33117884397506714,0.39123223181702355
COHFACE_s26_session2_natural,3,254,38.46666666666667,0.030224550515413284,0.39677423184403027
COHFACE_s26_session2_natural,3,255,38.5,-0.06184409558773041,0.369653855091117
COHFACE_s26_session2_natural,3,256,38.53333333333333,0.03390054032206535,0.300562907430008
COHFACE_s26_session2_natural,3,257,38.56666666666667,0.09278592467308044,0.18143715735350216
COHFACE_s26_session2_natural,3,258,38.6,-0.00855217594653368,0.012687140895008187
COHFACE_s26_session2_natural,3,259,38.63333333333333,-0.23860953748226166,-0.19212410353654646
COHFACE_s26_session2_natural,3,260,38.666666666666664,-0.5136927962303162,-0.40747701209443754
COHFACE_s26_session2_natural,3,261,38.7,-0.7599741816520691,-0.6019069396110652
COHFACE_s26_session2_natural,3,262,38.733333333333334,-0.9411905407905579,-0.7459886720472826
COHFACE_s26_session2_natural,3,263,38.766666666666666,-1.053864598274231,-0.8183211273080484
COHFACE_s26_session2_natural,3,264,38.8,-1.1311100721359253,-0.8077518334839953
COHFACE_s26_session2_natural,3,265,38.833333333333336,-1.1951417922973633,-0.7125904809171255
COHFACE_s26_session2_natural,3,266,38.86666666666667,-1.1819082498550415,-0.5391825283297278
COHFACE_s26_session2_natural,3,267,38.9,-0.55115807056427,-0.3030993772107362
COHFACE_s26_session2_natural,3,268,38.93333333333333,0.9761759638786316,-0.031511051680332886
COHFACE_s26_session2_natural,3,269,38.96666666666667,2.074213981628418,0.2389774060335813
COHFACE_s26_session2_natural,3,270,39.0,1.9749027490615845,0.47009491081044363
COHFACE_s26_session2_natural,3,271,39.03333333333333,1.3252956867218018,0.6312560589290588
COHFACE_s26_session2_natural,3,272,39.06666666666667,0.7460490465164185,0.7067759515419662
COHFACE_s26_session2_natural,3,273,39.1,0.32911232113838196,0.6983089876681918
COHFACE_s26_session2_natural,3,274,39.13333333333333,0.013513698242604733,0.6216479269908424
COHFACE_s26_session2_natural,3,275,39.166666666666664,-0.08385036140680313,0.49897026192777905
COHFACE_s26_session2_natural,3,276,39.2,0.024352900683879852,0.3504675574675076
COHFACE_s26_session2_natural,3,277,39.233333333333334,0.1000286191701889,0.19123410396041637
COHFACE_s26_session2_natural,3,278,39.266666666666666,0.013344801962375641,0.034025380088451795
COHFACE_s26_session2_natural,3,279,39.3,-0.20383664965629578,-0.10683012910043649
COHFACE_s26_session2_natural,3,280,39.333333333333336,-0.4789199233055115,-0.21465487329739294
COHFACE_s26_session2_natural,3,281,39.36666666666667,-0.7217736840248108,-0.2754427192135191
COHFACE_s26_session2_natural,3,282,39.4,-0.8920415639877319,-0.28550828200910155
COHFACE_s26_session2_natural,3,283,39.43333333333333,-1.0192010402679443,-0.25357531798354377
COHFACE_s26_session2_natural,3,284,39.46666666666667,-1.1169922351837158,-0.1956728589052343
COHFACE_s26_session2_natural,3,285,39.5,-1.1801397800445557,-0.1282007168875059
COHFACE_s26_session2_natural,3,286,39.53333333333333,-0.9323383569717407,-0.06370955980193915
COHFACE_s26_session2_natural,3,287,39.56666666666667,0.27940699458122253,-0.011961080741095451
COHFACE_s26_session2_natural,3,288,39.6,1.745669960975647,0.01706721788008937
COHFACE_s26_session2_natural,3,289,39.63333333333333,2.1218130588531494,0.016425261907401244
COHFACE_s26_session2_natural,3,290,39.666666666666664,1.587532877922058,-0.010242703328116337
COHFACE_s26_session2_natural,3,291,39.7,0.9178270697593689,-0.04836939167875683
COHFACE_s26_session2_natural,3,292,39.733333333333334,0.42629754543304443,-0.08102543262937593
COHFACE_s26_session2_natural,3,293,39.766666666666666,0.04594188928604126,-0.09757836574235061
COHFACE_s26_session2_natural,3,294,39.8,-0.15802587568759918,-0.09697279264127787
COHFACE_s26_session2_natural,3,295,39.833333333333336,-0.09035785496234894,-0.08484779109712301
COHFACE_s26_session2_natural,3,296,39.86666666666667,0.043954867869615555,-0.06746043733300956
COHFACE_s26_session2_natural,3,297,39.9,0.030641824007034302,-0.048303018718226565
COHFACE_s26_session2_natural,3,298,39.93333333333333,-0.14973005652427673,-0.028785001576032105
COHFACE_s26_session2_natural,3,299,39.96666666666667,-0.4078839123249054,-0.009557463348436337
COHFACE_s26_session2_natural,4,0,40.0,-0.6607820987701416,-0.054962723898898835
COHFACE_s26_session2_natural,4,1,40.03333333333333,-0.8699955940246582,-1.7833264607235069
COHFACE_s26_session2_natural,4,2,40.06666666666667,-1.0341434478759766,-3.290815673663659
COHFACE_s26_session2_natural,4,3,40.1,-1.157457947731018,-4.3940731759780425
COHFACE_s26_session2_natural,4,4,40.13333333333333,-1.2337298393249512,-4.993072838437245
COHFACE_s26_session2_natural,4,5,40.166666666666664,-0.9432371854782104,-5.0888962727258855
COHFACE_s26_session2_natural,4,6,40.2,0.34616097807884216,-4.762407118054415
COHFACE_s26_session2_natural,4,7,40.233333333333334,1.7718489170074463,-4.137404962537392
COHFACE_s26_session2_natural,4,8,40.266666666666666,2.0595498085021973,-3.345678489485983
COHFACE_s26_session2_natural,4,9,40.3,1.4994481801986694,-2.5013165595500992
COHFACE_s26_session2_natural,4,10,40.333333333333336,0.8347994089126587,-1.6875513114220488
COHFACE_s26_session2_natural,4,11,40.36666666666667,0.32297244668006897,-0.9554785360771516
COHFACE_s26_session2_natural,4,12,40.4,-0.05850589647889137,-0.32999187138425823
COHFACE_s26_session2_natural,4,13,40.43333333333333,-0.20648932456970215,0.1842299269444584
COHFACE_s26_session2_natural,4,14,40.46666666666667,-0.09186799079179764,0.5979461988837125
COHFACE_s26_session2_natural,4,15,40.5,0.037407632917165756,0.929105290910782
COHFACE_s26_session2_natural,4,16,40.53333333333333,-0.0016174705233424902,1.1925478575775876
COHFACE_s26_session2_natural,4,17,40.56666666666667,-0.19686220586299896,1.395155846726524
COHFACE_s26_session2_natural,4,18,40.6,-0.4541715681552887,1.5378408412787936
COHFACE_s26_session2_natural,4,19,40.63333333333333,-0.6865239143371582,1.6194337294831016
COHFACE_s26_session2_natural,4,20,40.666666666666664,-0.8777648210525513,1.6396372372961843
COHFACE_s26_session2_natural,4,21,40.7,-1.0283114910125732,1.6010221127360225
COHFACE_s26_session2_natural,4,22,40.733333333333334,-1.155033826828003,1.5097330013934949
COHFACE_s26_session2_natural,4,23,40.766666666666666,-1.1535037755966187,1.3742462656264105
COHFACE_s26_session2_natural,4,24,40.8,-0.4180475175380707,1.2032201503024809
COHFACE_s26_session2_natural,4,25,40.833333333333336,1.1276863813400269,1.0048848357804192
COHFACE_s26_session2_natural,4,26,40.86666666666667,2.052992582321167,0.7885190377259138
COHFACE_s26_session2_natural,4,27,40.9,1.7982763051986694,0.5664966007429791
COHFACE_s26_session2_natural,4,28,40.93333333333333,1.090747594833374,0.35469212541442485
COHFACE_s26_session2_natural,4,29,40.96666666666667,0.47405561804771423,0.16895686861816173
COHFACE_s26_session2_natural,4,30,41.0,0.01237116102129221,0.019076095233385625
COHFACE_s26_session2_natural,4,31,41.03333333333333,-0.23362210392951965,-0.09497491254846074
COHFACE_s26_session2_natural,4,32,41.06666666666667,-0.16022153198719025,-0.18218960579552237
COHFACE_s26_session2_natural,4,33,41.1,0.019345607608556747,-0.25591364526959115
COHFACE_s26_session2_natural,4,34,41.13333333333333,0.04869391396641731,-0.32819482103048353
COHFACE_s26_session2_natural,4,35,41.166666666666664,-0.10168387740850449,-0.4070924266797532
COHFACE_s26_session2_natural,4,36,41.2,-0.3406132757663727,-0.4972614660825341
COHFACE_s26_session2_natural,4,37,41.233333333333334,-0.5771682262420654,-0.6004725859547643
COHFACE_s26_session2_natural,4,38,41.266666666666666,-0.7642264366149902,-0.7145362663752868
COHFACE_s26_session2_natural,4,39,41.3,-0.9155281782150269,-0.831382118261783
COHFACE_s26_session2_natural,4,40,41.333333333333336,-1.0499402284622192,-0.9358068841946781
COHFACE_s26_session2_natural,4,41,41.36666666666667,-1.0710523128509521,-1.006768554101652
COHFACE_s26_session2_natural,4,42,41.4,-0.40120750665664673,-1.021727788891596
COHFACE_s26_session2_natural,4,43,41.43333333333333,1.1056404113769531,-0.9629429598828424
COHFACE_s26_session2_natural,4,44,41.46666666666667,2.067537546157837,-0.8235526022074249
COHFACE_s26_session2_natural,4,45,41.5,1.8680505752563477,-0.610613256023097
COHFACE_s26_session2_natural,4,46,41.53333333333333,1.1835415363311768,-0.3442130995081412
COHFACE_s26_session2_natural,4,47,41.56666666666667,0.5726615786552429,-0.05386947448444801
COHFACE_s26_session2_natural,4,48,41.6,0.10524454712867737,0.2269595530119242
COHFACE_s26_session2_natural,4,49,41.63333333333333,-0.1674443483352661,0.46789930363236387
COHFACE_s26_session2_natural,4,50,41.666666666666664,-0.10799267143011093,0.6479983264098907
COHFACE_s26_session2_natural,4,51,41.7,0.08184736967086792,0.7576901342757414
COHFACE_s26_session2_natural,4,52,41.733333333333334,0.11422588676214218,0.7970794895771921
COHFACE_s26_session2_natural,4,53,41.766666666666666,-0.04548097029328346,0.7753326102263277
COHFACE_s26_session2_natural,4,54,41.8,-0.2928353548049927,0.7112399251055411
COHFACE_s26_session2_natural,4,55,41.833333333333336,-0.5303837656974792,0.6303170672380746
COHFACE_s26_session2_natural,4,56,41.86666666666667,-0.7279136180877686,0.5574612863808978
COHFACE_s26_session2_natural,4,57,41.9,-0.8839643597602844,0.5082975221078192
COHFACE_s26_session2_natural,4,58,41.93333333333333,-1.0064642429351807,0.4833341624981151
COHFACE_s26_session2_natural,4,59,41.96666666666667,-0.9643492698669434,0.4691004377790237
COHFACE_s26_session2_natural,4,60,42.0,-0.09194747358560562,0.44579213260582545
COHFACE_s26_session2_natural,4,61,42.03333333333333,1.4866119623184204,0.39640089267361994
COHFACE_s26_session2_natural,4,62,42.06666666666667,2.2849576473236084,0.31317232571911985
COHFACE_s26_session2_natural,4,63,42.1,1.971862554550171,0.19901823483286132
COHFACE_s26_session2_natural,4,64,42.13333333333333,1.3255937099456787,0.0642145686728974
COHFACE_s26_session2_natural,4,65,42.166666666666664,0.8248642683029175,-0.07875427140877396
COHFACE_s26_session2_natural,4,66,42.2,0.427529513835907,-0.21931673942329796
COHFACE_s26_session2_natural,4,67,42.233333333333334,0.1287907510995865,-0.3496758335700735
COHFACE_s26_session2_natural,4,68,42.266666666666666,0.09285546839237213,-0.46289483343491633
COHFACE_s26_session2_natural,4,69,42.3,0.1895936131477356,-0.5512011300726567
COHFACE_s26_session2_natural,4,70,42.333333333333336,0.1820131242275238,-0.6065277232519988
COHFACE_s26_session2_natural,4,71,42.36666666666667,0.008854133076965809,-0.6237628011941942
COHFACE_s26_session2_natural,4,72,42.4,-0.253522127866745,-0.6047171247116045
COHFACE_s26_session2_natural,4,73,42.43333333333333,-0.5091723203659058,-0.5588537854093032
COHFACE_s26_session2_natural,4,74,42.46666666666667,-0.7081228494644165,-0.49967367697456
COHFACE_s26_session2_natural,4,75,42.5,-0.8507910370826721,-0.4388259895029104
COHFACE_s26_session2_natural,4,76,42.53333333333333,-0.9657998085021973,-0.3814218193718312
COHFACE_s26_session2_natural,4,77,42.56666666666667,-0.9840704798698425,-0.32658068207610724
COHFACE_s26_session2_natural,4,78,42.6,-0.2831188142299652,-0.27193987582840295
COHFACE_s26_session2_natural,4,79,42.63333333333333,1.2914766073226929,-0.21594662213857477
COHFACE_s26_session2_natural,4,80,42.666666666666664,2.284430980682373,-0.15625021238507428
COHFACE_s26_session2_natural,4,81,42.7,2.1125435829162598,-0.08745086369735959
COHFACE_s26_session2_natural,4,82,42.733333333333334,1.519795298576355,-0.0015239966850961843
COHFACE_s26_session2_natural,4,83,42.766666666666666,1.0732320547103882,0.10668356111212918
COHFACE_s26_session2_natural,4,84,42.8,0.7180122137069702,0.23236056656300935
COHFACE_s26_session2_natural,4,85,42.833333333333336,0.3274134397506714,0.36051571230847557
COHFACE_s26_session2_natural,4,86,42.86666666666667,0.10310850292444229,0.4734192589619763
COHFACE_s26_session2_natural,4,87,42.9,0.11758395284414291,0.5585415467342338
COHFACE_s26_session2_natural,4,88,42.93333333333333,0.13906365633010864,0.6117355900788743
COHFACE_s26_session2_natural,4,89,42.96666666666667,0.0077314660884439945,0.6336613852831962
COHFACE_s26_session2_natural,4,90,43.0,-0.2424643486738205,0.6234105963478572
COHFACE_s26_session2_natural,4,91,43.03333333333333,-0.5277509689331055,0.5781264816157118
COHFACE_s26_session2_natural,4,92,43.06666666666667,-0.7748768329620361,0.498867813973021
COHFACE_s26_session2_natural,4,93,43.1,-0.9405944347381592,0.3943587287461472
COHFACE_s26_session2_natural,4,94,43.13333333333333,-1.0403727293014526,0.27877760533073326
COHFACE_s26_session2_natural,4,95,43.166666666666664,-1.1037389039993286,0.16533085068253575
COHFACE_s26_session2_natural,4,96,43.2,-1.153106451034546,0.05986370122976988
COHFACE_s26_session2_natural,4,97,43.233333333333334,-0.9967774748802185,-0.039820171393092116
COHFACE_s26_session2_natural,4,98,43.266666666666666,0.10452922433614731,-0.13865304929845562
COHFACE_s26_session2_natural,4,99,43.3,1.6921098232269287,-0.23819026995825496
COHFACE_s26_session2_natural,4,100,43.333333333333336,2.2604377269744873,-0.3335343842078395
COHFACE_s26_session2_natural,4,101,43.36666666666667,1.8442858457565308,-0.4148507960374202
COHFACE_s26_session2_natural,4,102,43.4,1.2959076166152954,-0.47207553542559894
COHFACE_s26_session2_natural,4,103,43.43333333333333,0.9364355206489563,-0.49885292483599264
COHFACE_s26_session2_natural,4,104,43.46666666666667,0.5771422982215881,-0.49430142076073635
COHFACE_s26_session2_natural,4,105,43.5,0.1900108903646469,-0.4640258758389401
COHFACE_s26_session2_natural,4,106,43.53333333333333,0.027154602110385895,-0.4193133603280801
COHFACE_s26_session2_natural,4,107,43.56666666666667,0.055410049855709076,-0.37126964652369193
COHFACE_s26_session2_natural,4,108,43.6,0.03222150728106499,-0.32301946554809163
COHFACE_s26_session2_natural,4,109,43.63333333333333,-0.14462341368198395,-0.2687257819303983
COHFACE_s26_session2_natural,4,110,43.666666666666664,-0.41424235701560974,-0.20026997659312568
COHFACE_s26_session2_natural,4,111,43.7,-0.6941342353820801,-0.11428946971466308
COHFACE_s26_session2_natural,4,112,43.733333333333334,-0.9282153248786926,-0.015113818374073756
COHFACE_s26_session2_natural,4,113,43.766666666666666,-1.1000429391860962,0.08690116898176092
COHFACE_s26_session2_natural,4,114,43.8,-1.209438443183899,0.17998428988924128
COHFACE_s26_session2_natural,4,115,43.833333333333336,-1.2687113285064697,0.25515902459208306
COHFACE_s26_session2_natural,4,116,43.86666666666667,-1.2892571687698364,0.30831971972620237
COHFACE_s26_session2_natural,4,117,43.9,-1.2869919538497925,0.34041195596604384
COHFACE_s26_session2_natural,4,118,43.93333333333333,-1.2867833375930786,0.35574062986492067
COHFACE_s26_session2_natural,4,119,43.96666666666667,-1.316876769065857,0.35820171800658507
COHFACE_s26_session2_natural,4,120,44.0,-1.3732783794403076,0.3478456792279709
COHFACE_s26_session2_natural,4,121,44.03333333333333,-0.9733803272247314,0.32218896969766764
COHFACE_s26_session2_natural,4,122,44.06666666666667,0.5688862204551697,0.2812022172352325
COHFACE_s26_session2_natural,4,123,44.1,2.0649147033691406,0.22970081125364078
COHFACE_s26_session2_natural,4,124,44.13333333333333,2.253493070602417,0.17524606303269413
COHFACE_s26_session2_natural,4,125,44.166666666666664,1.6829595565795898,0.12454814123201984
COHFACE_s26_session2_natural,4,126,44.2,1.1294448375701904,0.08095067714215437
COHFACE_s26_session2_natural,4,127,44.233333333333334,0.7623724341392517,0.044490110825179494
COHFACE_s26_session2_natural,4,128,44.266666666666666,0.4059603810310364,0.013847546753027998
COHFACE_s26_session2_natural,4,129,44.3,0.12896957993507385,-0.01244153040772979
COHFACE_s26_session2_natural,4,130,44.333333333333336,0.087977334856987,-0.036517931149480584
COHFACE_s26_session2_natural,4,131,44.36666666666667,0.12501540780067444,-0.0625604151656605
COHFACE_s26_session2_natural,4,132,44.4,0.040835246443748474,-0.09706238990979195
COHFACE_s26_session2_natural,4,133,44.43333333333333,-0.1831616908311844,-0.14566420734084445
COHFACE_s26_session2_natural,4,134,44.46666666666667,-0.4665904641151428,-0.20806405073282913
COHFACE_s26_session2_natural,4,135,44.5,-0.7385739684104919,-0.2760692671698205
COHFACE_s26_session2_natural,4,136,44.53333333333333,-0.953370988368988,-0.33636874420388874
COHFACE_s26_session2_natural,4,137,44.56666666666667,-1.103391170501709,-0.3757039534337404
COHFACE_s26_session2_natural,4,138,44.6,-1.1981422901153564,-0.38547509807382024
COHFACE_s26_session2_natural,4,139,44.63333333333333,-1.2502717971801758,-0.36290150579394775
COHFACE_s26_session2_natural,4,140,44.666666666666664,-1.275765299797058,-0.30902286015228314
COHFACE_s26_session2_natural,4,141,44.7,-1.290330171585083,-0.22684622402859095
COHFACE_s26_session2_natural,4,142,44.733333333333334,-1.2996691465377808,-0.12136428094519143
COHFACE_s26_session2_natural,4,143,44.766666666666666,-1.3223012685775757,-0.0011143793703781006
COHFACE_s26_session2_natural,4,144,44.8,-1.3683902025222778,0.1207297646947668
COHFACE_s26_session2_natural,4,145,44.833333333333336,-1.4307032823562622,0.22883844130816194
COHFACE_s26_session2_natural,4,146,44.86666666666667,-1.0819114446640015,0.31079671269413406
COHFACE_s26_session2_natural,4,147,44.9,0.4042217433452606,0.3599065946874651
COHFACE_s26_session2_natural,4,148,44.93333333333333,1.959542989730835,0.37433501630493754
COHFACE_s26_session2_natural,4,149,44.96666666666667,2.2667863368988037,0.35502114476420943
COHFACE_s26_session2_natural,4,150,45.0,1.7495744228363037,0.30427858382296147
COHFACE_s26_session2_natural,4,151,45.03333333333333,1.1967055797576904,0.22601970137100524
COHFACE_s26_session2_natural,4,152,45.06666666666667,0.8196682333946228,0.12751395077163702
COHFACE_s26_session2_natural,4,153,45.1,0.4666936993598938,0.0215888616746969
COHFACE_s26_session2_natural,4,154,45.13333333333333,0.1860169768333435,-0.07345790720334103
COHFACE_s26_session2_natural,4,155,45.166666666666664,0.13482137024402618,-0.13982427339137
COHFACE_s26_session2_natural,4,156,45.2,0.18631502985954285,-0.16911489194248466
COHFACE_s26_session2_natural,4,157,45.233333333333334,0.1341954469680786,-0.16541960826426577
COHFACE_s26_session2_natural,4,158,45.266666666666666,-0.07204744964838028,-0.14055460568667602
COHFACE_s26_session2_natural,4,159,45.3,-0.3584368824958801,-0.10674760659496037
COHFACE_s26_session2_natural,4,160,45.333333333333336,-0.6416072845458984,-0.07166547846155971
COHFACE_s26_session2_natural,4,161,45.36666666666667,-0.869280219078064,-0.03904735408798305
COHFACE_s26_session2_natural,4,162,45.4,-1.032126545906067,-0.012950810189696953
COHFACE_s26_session2_natural,4,163,45.43333333333333,-1.136594295501709,0.0010140471145355652
COHFACE_s26_session2_natural,4,164,45.46666666666667,-1.187919020652771,-0.0013330510400230517
COHFACE_s26_session2_natural,4,165,45.5,-1.2084548473358154,-0.020087640866008376
COHFACE_s26_session2_natural,4,166,45.53333333333333,-1.2198902368545532,-0.05110150673571386
COHFACE_s26_session2_natural,4,167,45.56666666666667,-1.2285138368606567,-0.08752617371629783
COHFACE_s26_session2_natural,4,168,45.6,-1.250927448272705,-0.12168931384587411
COHFACE_s26_session2_natural,4,169,45.63333333333333,-1.3130815029144287,-0.14573942431207823
COHFACE_s26_session2_natural,4,170,45.666666666666664,-1.3810774087905884,-0.15164908665469795
COHFACE_s26_session2_natural,4,171,45.7,-0.9503706097602844,-0.1330987328959373
COHFACE_s26_session2_natural,4,172,45.733333333333334,0.6076232194900513,-0.0888932642058468
COHFACE_s26_session2_natural,4,173,45.766666666666666,2.083592653274536,-0.024716705960899244
COHFACE_s26_session2_natural,4,174,45.8,2.2727174758911133,0.04860765116758148
COHFACE_s26_session2_natural,4,175,45.833333333333336,1.6914043426513672,0.1203010905066052
COHFACE_s26_session2_natural,4,176,45.86666666666667,1.1045972108840942,0.18511678005210344
COHFACE_s26_session2_natural,4,177,45.9,0.7136307954788208,0.24367783948182084
COHFACE_s26_session2_natural,4,178,45.93333333333333,0.36938926577568054,0.29758091835425016
COHFACE_s26_session2_natural,4,179,45.96666666666667,0.11754421144723892,0.3445647308521341
COHFACE_s26_session2_natural,4,180,46.0,0.0874805748462677,0.3771748283066736
COHFACE_s26_session2_natural,4,181,46.03333333333333,0.15002207458019257,0.385605262370531
COHFACE_s26_session2_natural,4,182,46.06666666666667,0.0945345014333725,0.36279726044390287
COHFACE_s26_session2_natural,4,183,46.1,-0.110695019364357,0.30777106338284516
COHFACE_s26_session2_natural,4,184,46.13333333333333,-0.3951868414878845,0.2253450236868581
COHFACE_s26_session2_natural,4,185,46.166666666666664,-0.6770259737968445,0.12301706825109378
COHFACE_s26_session2_natural,4,186,46.2,-0.9010725617408752,0.0072499412116751195
COHFACE_s26_session2_natural,4,187,46.233333333333334,-1.055424451828003,-0.11771490472564014
COHFACE_s26_session2_natural,4,188,46.266666666666666,-1.1545072793960571,-0.24793128213002902
COHFACE_s26_session2_natural,4,189,46.3,-1.2090212106704712,-0.3768050055107156
COHFACE_s26_session2_natural,4,190,46.333333333333336,-1.2217183113098145,-0.4933808689680375
COHFACE_s26_session2_natural,4,191,46.36666666666667,-1.220376968383789,-0.5836759017453389
COHFACE_s26_session2_natural,4,192,46.4,-1.230749249458313,-0.6345001926886918
COHFACE_s26_session2_natural,4,193,46.43333333333333,-1.2744239568710327,-0.6369605104386884
COHFACE_s26_session2_natural,4,194,46.46666666666667,-1.3291962146759033,-0.5884017632556633
COHFACE_s26_session2_natural,4,195,46.5,-0.9030993580818176,-0.49333994503602363
COHFACE_s26_session2_natural,4,196,46.53333333333333,0.6240757703781128,-0.3628609788004736
COHFACE_s26_session2_natural,4,197,46.56666666666667,2.0541253089904785,-0.21100917763242016
COHFACE_s26_session2_natural,4,198,46.6,2.2087552547454834,-0.05014074362864319
COHFACE_s26_session2_natural,4,199,46.63333333333333,1.5936627388000488,0.10980592789575143
COHFACE_s26_session2_natural,4,200,46.666666666666664,0.961173951625824,0.2584897129515672
COHFACE_s26_session2_natural,4,201,46.7,0.5042782425880432,0.38433362707766705
COHFACE_s26_session2_natural,4,202,46.733333333333334,0.14745882153511047,0.47673269578403416
COHFACE_s26_session2_natural,4,203,46.766666666666666,-0.03608236089348793,0.5275803504287195
COHFACE_s26_session2_natural,4,204,46.8,0.0104040103033185,0.5315774234135117
COHFACE_s26_session2_natural,4,205,46.833333333333336,0.10337674617767334,0.48808312555629574
COHFACE_s26_session2_natural,4,206,46.86666666666667,0.058837659657001495,0.40413010232360447
COHFACE_s26_session2_natural,4,207,46.9,-0.13853318989276886,0.295115634465716
COHFACE_s26_session2_natural,4,208,46.93333333333333,-0.418991357088089,0.18142277519892264
COHFACE_s26_session2_natural,4,209,46.96666666666667,-0.698664665222168,0.08150462462752929
COHFACE_s26_session2_natural,4,210,47.0,-0.9315634369850159,0.005265736934027001
COHFACE_s26_session2_natural,4,211,47.03333333333333,-1.1004204750061035,-0.04605370033804155
COHFACE_s26_session2_natural,4,212,47.06666666666667,-1.2052955627441406,-0.07415333517257032
COHFACE_s26_session2_natural,4,213,47.1,-1.2503612041473389,-0.07942410998387434
COHFACE_s26_session2_natural,4,214,47.13333333333333,-1.2508877515792847,-0.06175861408949028
COHFACE_s26_session2_natural,4,215,47.166666666666664,-1.258925199508667,-0.025301130028404548
COHFACE_s26_session2_natural,4,216,47.2,-1.2922078371047974,0.017372825539221932
COHFACE_s26_session2_natural,4,217,47.233333333333334,-1.2071832418441772,0.04830138861881217
COHFACE_s26_session2_natural,4,218,47.266666666666666,-0.3098243772983551,0.053510854334785266
COHFACE_s26_session2_natural,4,219,47.3,1.3079191446304321,0.030424714540672436
COHFACE_s26_session2_natural,4,220,47.333333333333336,2.1478233337402344,-0.011751703527370715
COHFACE_s26_session2_natural,4,221,47.36666666666667,1.8463324308395386,-0.059189059995052945
COHFACE_s26_session2_natural,4,222,47.4,1.1468511819839478,-0.10298892849867848
COHFACE_s26_session2_natural,4,223,47.43333333333333,0.5353651642799377,-0.14166573302067864
COHFACE_s26_session2_natural,4,224,47.46666666666667,0.06357670575380325,-0.17570481161025112
COHFACE_s26_session2_natural,4,225,47.5,-0.22473019361495972,-0.20212331678030357
COHFACE_s26_session2_natural,4,226,47.53333333333333,-0.20858563482761383,-0.21413544509254537
COHFACE_s26_session2_natural,4,227,47.56666666666667,-0.02888934127986431,-0.2067885416805085
COHFACE_s26_session2_natural,4,228,47.6,0.04965762048959732,-0.18405098083722657
COHFACE_s26_session2_natural,4,229,47.63333333333333,-0.06545054167509079,-0.15865848885197714
COHFACE_s26_session2_natural,4,230,47.666666666666664,-0.31315264105796814,-0.14407091922112694
COHFACE_s26_session2_natural,4,231,47.7,-0.5972371101379395,-0.14615740011010556
COHFACE_s26_session2_natural,4,232,47.733333333333334,-0.8463301658630371,-0.15985693300780582
COHFACE_s26_session2_natural,4,233,47.766666666666666,-1.039279818534851,-0.172377125885409
COHFACE_s26_session2_natural,4,234,47.8,-1.1602299213409424,-0.17010009699225787
COHFACE_s26_session2_natural,4,235,47.833333333333336,-1.2191351652145386,-0.14275215356540147
COHFACE_s26_session2_natural,4,236,47.86666666666667,-1.2520898580551147,-0.0841820135846338
COHFACE_s26_session2_natural,4,237,47.9,-1.2846075296401978,0.005116130020128373
COHFACE_s26_session2_natural,4,238,47.93333333333333,-1.1984999179840088,0.11417027338428122
COHFACE_s26_session2_natural,4,239,47.96666666666667,-0.3268531560897827,0.22238420682887386
COHFACE_s26_session2_natural,4,240,48.0,1.296980619430542,0.3064061781991329
COHFACE_s26_session2_natural,4,241,48.03333333333333,2.183073043823242,0.3491939793991979
COHFACE_s26_session2_natural,4,242,48.06666666666667,1.9000715017318726,0.3467164751791536
COHFACE_s26_session2_natural,4,243,48.1,1.1795774698257446,0.3080441435284965
COHFACE_s26_session2_natural,4,244,48.13333333333333,0.5237013697624207,0.249172433970562
COHFACE_s26_session2_natural,4,245,48.166666666666664,0.01887865737080574,0.1853979508246656
COHFACE_s26_session2_natural,4,246,48.2,-0.2776346504688263,0.12611909494128729
COHFACE_s26_session2_natural,4,247,48.233333333333334,-0.23402944207191467,0.07409141833440669
COHFACE_s26_session2_natural,4,248,48.266666666666666,-0.009515881538391113,0.028520101131906547
COHFACE_s26_session2_natural,4,249,48.3,0.0980614647269249,-0.011039931040148797
COHFACE_s26_session2_natural,4,250,48.333333333333336,-0.002283122856169939,-0.0428803285878659
COHFACE_s26_session2_natural,4,251,48.36666666666667,-0.24332870543003082,-0.06545372212957704
COHFACE_s26_session2_natural,4,252,48.4,-0.5323807597160339,-0.0811109650701575
COHFACE_s26_session2_natural,4,253,48.43333333333333,-0.784841775894165,-0.09462777235537778
COHFACE_s26_session2_natural,4,254,48.46666666666667,-0.9563117623329163,-0.10700880133375448
COHFACE_s26_session2_natural,4,255,48.5,-1.063601016998291,-0.1120947233628807
COHFACE_s26_session2_natural,4,256,48.53333333333333,-1.143826961517334,-0.09937223446397747
COHFACE_s26_session2_natural,4,257,48.56666666666667,-1.202295184135437,-0.061306993954896916
COHFACE_s26_session2_natural,4,258,48.6,-1.0943005084991455,-0.00034500752596443654
COHFACE_s26_session2_natural,4,259,48.63333333333333,-0.14958103001117706,0.07121324220318781
COHFACE_s26_session2_natural,4,260,48.666666666666664,1.465281367301941,0.13812402761806172
COHFACE_s26_session2_natural,4,261,48.7,2.266339063644409,0.18852977554848027
COHFACE_s26_session2_natural,4,262,48.733333333333334,1.9272936582565308,0.21601698682370868
COHFACE_s26_session2_natural,4,263,48.766666666666666,1.199835181236267,0.2182959266381128
COHFACE_s26_session2_natural,4,264,48.8,0.5561692714691162,0.19484220199140534
COHFACE_s26_session2_natural,4,265,48.833333333333336,0.06403372436761856,0.1465837828737207
COHFACE_s26_session2_natural,4,266,48.86666666666667,-0.1861521601676941,0.07787572899198822
COHFACE_s26_session2_natural,4,267,48.9,-0.10228991508483887,-0.0018988766637818661
COHFACE_s26_session2_natural,4,268,48.93333333333333,0.11907421797513962,-0.07940199783627164
COHFACE_s26_session2_natural,4,269,48.96666666666667,0.19669722020626068,-0.14234899505484336
COHFACE_s26_session2_natural,4,270,49.0,0.0688522458076477,-0.18585821276507977
COHFACE_s26_session2_natural,4,271,49.03333333333333,-0.18769210577011108,-0.21430012150624927
COHFACE_s26_session2_natural,4,272,49.06666666666667,-0.46488162875175476,-0.23741139467934003
COHFACE_s26_session2_natural,4,273,49.1,-0.6898124814033508,-0.2643630605504777
COHFACE_s26_session2_natural,4,274,49.13333333333333,-0.8460916876792908,-0.29976374217843305
COHFACE_s26_session2_natural,4,275,49.166666666666664,-0.9611700773239136,-0.3448506033758452
COHFACE_s26_session2_natural,4,276,49.2,-1.0562987327575684,-0.40111756735744
COHFACE_s26_session2_natural,4,277,49.233333333333334,-1.0753344297409058,-0.46847823975818476
COHFACE_s26_session2_natural,4,278,49.266666666666666,-0.5084072947502136,-0.5383802594718156
COHFACE_s26_session2_natural,4,279,49.3,1.0197911262512207,-0.5905699365182173
COHFACE_s26_session2_natural,4,280,49.333333333333336,2.2145872116088867,-0.5975170536199675
COHFACE_s26_session2_natural,4,281,49.36666666666667,2.1779961585998535,-0.5346689144872733
COHFACE_s26_session2_natural,4,282,49.4,1.4917285442352295,-0.3916844880827847
COHFACE_s26_session2_natural,4,283,49.43333333333333,0.8024506568908691,-0.1778742986832463
COHFACE_s26_session2_natural,4,284,49.46666666666667,0.25913935899734497,0.08027441156834239
COHFACE_s26_session2_natural,4,285,49.5,-0.09433189779520035,0.3465328338293427
COHFACE_s26_session2_natural,4,286,49.53333333333333,-0.10732702165842056,0.584096802720495
COHFACE_s26_session2_natural,4,287,49.56666666666667,0.09436560422182083,0.7636816593740722
COHFACE_s26_session2_natural,4,288,49.6,0.21230527758598328,0.8686051553085097
COHFACE_s26_session2_natural,4,289,49.63333333333333,0.12845295667648315,0.8960251774125209
COHFACE_s26_session2_natural,4,290,49.666666666666664,-0.10605532675981522,0.8547322253299855
COHFACE_s26_session2_natural,4,291,49.7,-0.3783170282840729,0.7609492155069701
COHFACE_s26_session2_natural,4,292,49.733333333333334,-0.6118019819259644,0.6335690506905669
COHFACE_s26_session2_natural,4,293,49.766666666666666,-0.7803908586502075,0.489982562650648
COHFACE_s26_session2_natural,4,294,49.8,-0.9104612469673157,0.3438269273702381
COHFACE_s26_session2_natural,4,295,49.833333333333336,-1.0238605737686157,0.20592171301985202
COHFACE_s26_session2_natural,4,296,49.86666666666667,-1.0552853345870972,0.08637476626306204
COHFACE_s26_session2_natural,4,297,49.9,-0.5126495957374573,-0.006839783253544028
COHFACE_s26_session2_natural,4,298,49.93333333333333,1.0000301599502563,-0.07223643234836136
COHFACE_s26_session2_natural,4,299,49.96666666666667,2.204542875289917,-0.1163518312394716
