recording_id,measurement_id,sample_index,time_seconds,gt_signal,predicted_signal
TOKYOTECH_s01,0,0,0.0,-19.634737014770508,-0.1419076827170208
TOKYOTECH_s01,0,1,0.03333333333333333,-14.864473342895508,-0.24651829768863956
TOKYOTECH_s01,0,2,0.06666666666666667,-1.4191126823425293,-0.34948779170044336
TOKYOTECH_s01,0,3,0.1,1.0132126808166504,-0.4471923184372205
TOKYOTECH_s01,0,4,0.13333333333333333,-0.882244884967804,-0.5301414611122518
TOKYOTECH_s01,0,5,0.16666666666666666,0.23850701749324799,-0.5871799168184533
TOKYOTECH_s01,0,6,0.2,1.5398423671722412,-0.6130188453803238
TOKYOTECH_s01,0,7,0.23333333333333334,1.4765633344650269,-0.6145534526248531
TOKYOTECH_s01,0,8,0.26666666666666666,1.2168318033218384,-0.6113121110761339
TOKYOTECH_s01,0,9,0.3,1.0647180080413818,-0.628434578446448
TOKYOTECH_s01,0,10,0.3333333333333333,0.8191227912902832,-0.6853917865704215
TOKYOTECH_s01,0,11,0.36666666666666664,0.4791800379753113,-0.7862411219852748
TOKYOTECH_s01,0,12,0.4,0.33844617009162903,-0.915250206089733
TOKYOTECH_s01,0,13,0.43333333333333335,0.40861621499061584,-1.0382312236922469
TOKYOTECH_s01,0,14,0.4666666666666667,0.30190420150756836,-1.1085991511433115
TOKYOTECH_s01,0,15,0.5,0.1333700716495514,-1.0775474090895294
TOKYOTECH_s01,0,16,0.5333333333333333,-0.08777189254760742,-0.9075293404292699
TOKYOTECH_s01,0,17,0.5666666666666667,-0.4663042426109314,-0.5864080225132517
TOKYOTECH_s01,0,18,0.6,-0.738557755947113,-0.1370858131136456
TOKYOTECH_s01,0,19,0.6333333333333333,-0.8702742457389832,0.3832153764181338
TOKYOTECH_s01,0,20,0.6666666666666666,-0.8695654273033142,0.8965303591718511
TOKYOTECH_s01,0,21,0.7,-0.7783679962158203,1.3265774042779397
TOKYOTECH_s01,0,22,0.7333333333333333,-0.604596734046936,1.6200106165840866
TOKYOTECH_s01,0,23,0.7666666666666667,-0.645942747592926,1.756438654303591
TOKYOTECH_s01,0,24,0.8,-0.9136284589767456,1.7446800283252717
TOKYOTECH_s01,0,25,0.8333333333333334,-1.2003333568572998,1.6111836720198136
TOKYOTECH_s01,0,26,0.8666666666666667,-1.0100237131118774,1.3887675418007028
TOKYOTECH_s01,0,27,0.9,-0.25185638666152954,1.1099837814085163
TOKYOTECH_s01,0,28,0.9333333333333333,1.1740288734436035,0.8041201100456568
TOKYOTECH_s01,0,29,0.9666666666666667,1.9838589429855347,0.4945776627598347
TOKYOTECH_s01,0,30,1.0,1.6478145122528076,0.19552214383658104
TOKYOTECH_s01,0,31,1.0333333333333334,1.2632180452346802,-0.09003859919359078
TOKYOTECH_s01,0,32,1.0666666666666667,0.936466634273529,-0.36810821525739595
TOKYOTECH_s01,0,33,1.1,0.4510253965854645,-0.6471764150565047
TOKYOTECH_s01,0,34,1.1333333333333333,-0.08678746223449707,-0.9298454112356122
TOKYOTECH_s01,0,35,1.1666666666666667,-0.271820604801178,-1.2062086805792362
TOKYOTECH_s01,0,36,1.2,-0.0070881531573832035,-1.451270984821685
TOKYOTECH_s01,0,37,1.2333333333333334,0.23531746864318848,-1.6270178161799906
TOKYOTECH_s01,0,38,1.2666666666666666,0.25362783670425415,-1.6893805381231917
TOKYOTECH_s01,0,39,1.3,0.04016440361738205,-1.599941193286424
TOKYOTECH_s01,0,40,1.3333333333333333,-0.27890849113464355,-1.3401203741678651
TOKYOTECH_s01,0,41,1.3666666666666667,-0.6177093386650085,-0.922747568900091
TOKYOTECH_s01,0,42,1.4,-0.74092036485672,-0.39479112130618255
TOKYOTECH_s01,0,43,1.4333333333333333,-0.6905964016914368,0.17223936914678367
TOKYOTECH_s01,0,44,1.4666666666666666,-0.7292647361755371,0.701450732916301
TOKYOTECH_s01,0,45,1.5,-0.9014609456062317,1.130818108485825
TOKYOTECH_s01,0,46,1.5333333333333334,-1.133037805557251,1.4252593218404739
TOKYOTECH_s01,0,47,1.5666666666666667,-1.0602295398712158,1.576259534114517
TOKYOTECH_s01,0,48,1.6,-0.7387939691543579,1.592599992313762
TOKYOTECH_s01,0,49,1.6333333333333333,-0.6630324125289917,1.4904798197586362
TOKYOTECH_s01,0,50,1.6666666666666667,-0.8063651323318481,1.2892122320523711
TOKYOTECH_s01,0,51,1.7,-0.020791394636034966,1.0124301829709688
TOKYOTECH_s01,0,52,1.7333333333333334,1.4571897983551025,0.6898523056767413
TOKYOTECH_s01,0,53,1.7666666666666666,1.9329442977905273,0.35475014799874205
TOKYOTECH_s01,0,54,1.8,1.5637049674987793,0.03695053021674395
TOKYOTECH_s01,0,55,1.8333333333333333,1.1693823337554932,-0.2443688094744056
TOKYOTECH_s01,0,56,1.8666666666666667,0.8488919138908386,-0.48384767453819116
TOKYOTECH_s01,0,57,1.9,0.5202503800392151,-0.6879036325218225
TOKYOTECH_s01,0,58,1.9333333333333333,0.15360991656780243,-0.868927090056729
TOKYOTECH_s01,0,59,1.9666666666666666,-0.1300235539674759,-1.037904858906753
TOKYOTECH_s01,0,60,2.0,-0.1466013342142105,-1.1971367179490482
TOKYOTECH_s01,0,61,2.033333333333333,0.14790023863315582,-1.3345185010829088
TOKYOTECH_s01,0,62,2.066666666666667,0.2565023601055145,-1.4217497083375048
TOKYOTECH_s01,0,63,2.1,0.07595821470022202,-1.4191680465466383
TOKYOTECH_s01,0,64,2.1333333333333333,-0.37869012355804443,-1.2879524041787855
TOKYOTECH_s01,0,65,2.1666666666666665,-0.8894509077072144,-1.0066034867715574
TOKYOTECH_s01,0,66,2.2,-1.0682624578475952,-0.5850255450022251
TOKYOTECH_s01,0,67,2.2333333333333334,-0.9160304665565491,-0.0687817261836096
TOKYOTECH_s01,0,68,2.2666666666666666,-0.7500952482223511,0.47036538421229684
TOKYOTECH_s01,0,69,2.3,-0.8008129596710205,0.9546933922307885
TOKYOTECH_s01,0,70,2.3333333333333335,-1.0507001876831055,1.3221299965364293
TOKYOTECH_s01,0,71,2.3666666666666667,-1.2139184474945068,1.5390823098082287
TOKYOTECH_s01,0,72,2.4,-1.0702706575393677,1.6009772963011193
TOKYOTECH_s01,0,73,2.433333333333333,-0.8014429807662964,1.5247961895322102
TOKYOTECH_s01,0,74,2.466666666666667,-0.808530867099762,1.3401346554999245
TOKYOTECH_s01,0,75,2.5,-1.0585756301879883,1.0824131816814753
TOKYOTECH_s01,0,76,2.533333333333333,-0.6455883383750916,0.7880163829952721
TOKYOTECH_s01,0,77,2.566666666666667,0.8499944806098938,0.4896886893887831
TOKYOTECH_s01,0,78,2.6,1.8670663833618164,0.21203593758288894
TOKYOTECH_s01,0,79,2.6333333333333333,1.708140254020691,-0.03135320875348058
TOKYOTECH_s01,0,80,2.6666666666666665,1.1599318981170654,-0.23826777643164454
TOKYOTECH_s01,0,81,2.7,0.7517879009246826,-0.4161402796143464
TOKYOTECH_s01,0,82,2.7333333333333334,0.6862249970436096,-0.5785357832589788
TOKYOTECH_s01,0,83,2.7666666666666666,0.5960513353347778,-0.739614978094489
TOKYOTECH_s01,0,84,2.8,0.3724679946899414,-0.9069851447633291
TOKYOTECH_s01,0,85,2.8333333333333335,0.29245367646217346,-1.0749594840987213
TOKYOTECH_s01,0,86,2.8666666666666667,0.24457108974456787,-1.2213741832002676
TOKYOTECH_s01,0,87,2.9,0.017955701798200607,-1.3105609244907142
TOKYOTECH_s01,0,88,2.933333333333333,-0.20913220942020416,-1.3026907928366087
TOKYOTECH_s01,0,89,2.966666666666667,-0.36569568514823914,-1.1668620628148292
TOKYOTECH_s01,0,90,3.0,-0.5228497982025146,-0.893583442184878
TOKYOTECH_s01,0,91,3.033333333333333,-0.6990624666213989,-0.5021371458811352
TOKYOTECH_s01,0,92,3.066666666666667,-0.8856313228607178,-0.03956645322894396
TOKYOTECH_s01,0,93,3.1,-1.1101990938186646,0.42925416374786884
TOKYOTECH_s01,0,94,3.1333333333333333,-1.1819835901260376,0.8374680523965303
TOKYOTECH_s01,0,95,3.1666666666666665,-1.083186388015747,1.1325412357856517
TOKYOTECH_s01,0,96,3.2,-0.9006339907646179,1.2876647463215416
TOKYOTECH_s01,0,97,3.2333333333333334,-0.7375733256340027,1.3050653480997108
TOKYOTECH_s01,0,98,3.2666666666666666,-0.7653341889381409,1.210910287969466
TOKYOTECH_s01,0,99,3.3,-0.9446970224380493,1.0442193299042697
TOKYOTECH_s01,0,100,3.3333333333333335,-0.9589515328407288,0.8441338196447916
TOKYOTECH_s01,0,101,3.3666666666666667,-0.5382856726646423,0.640206702049913
TOKYOTECH_s01,0,102,3.4,0.6729942560195923,0.4486483478666452
TOKYOTECH_s01,0,103,3.433333333333333,1.9374727010726929,0.2742484080969526
TOKYOTECH_s01,0,104,3.466666666666667,2.123805284500122,0.11467230958302473
TOKYOTECH_s01,0,105,3.5,1.7015643119812012,-0.036481511256030344
TOKYOTECH_s01,0,106,3.533333333333333,1.1646571159362793,-0.188510507085511
TOKYOTECH_s01,0,107,3.566666666666667,0.6281437277793884,-0.35214311173260304
TOKYOTECH_s01,0,108,3.6,0.29095736145973206,-0.5360015490597917
TOKYOTECH_s01,0,109,3.6333333333333333,0.194168359041214,-0.7414430345008665
TOKYOTECH_s01,0,110,3.6666666666666665,0.16408424079418182,-0.9576077673206338
TOKYOTECH_s01,0,111,3.7,0.1338426023721695,-1.1587638342238513
TOKYOTECH_s01,0,112,3.7333333333333334,0.10281341522932053,-1.3058787373883372
TOKYOTECH_s01,0,113,3.7666666666666666,-0.1349063217639923,-1.3535771399122325
TOKYOTECH_s01,0,114,3.8,-0.6366103291511536,-1.2619697448667122
TOKYOTECH_s01,0,115,3.8333333333333335,-1.011913776397705,-1.0107589522977565
TOKYOTECH_s01,0,116,3.8666666666666667,-0.8817330002784729,-0.6113043020905261
TOKYOTECH_s01,0,117,3.9,-0.6307037472724915,-0.11135225759593691
TOKYOTECH_s01,0,118,3.933333333333333,-0.7211924195289612,0.41222736346371797
TOKYOTECH_s01,0,119,3.966666666666667,-1.0668842792510986,0.8732426068637237
TOKYOTECH_s01,0,120,4.0,-1.4117885828018188,1.2019368269341715
TOKYOTECH_s01,0,121,4.033333333333333,-1.3696550130844116,1.3652265134281603
TOKYOTECH_s01,0,122,4.066666666666666,-1.128430724143982,1.3719916649066584
TOKYOTECH_s01,0,123,4.1,-0.920834481716156,1.2618665279580914
TOKYOTECH_s01,0,124,4.133333333333334,-0.883150577545166,1.0846705506232857
TOKYOTECH_s01,0,125,4.166666666666667,-0.7313517332077026,0.8815693961271412
TOKYOTECH_s01,0,126,4.2,0.24181468784809113,0.6758431413540384
TOKYOTECH_s01,0,127,4.233333333333333,1.6864434480667114,0.47402318779304126
TOKYOTECH_s01,0,128,4.266666666666667,2.0689923763275146,0.2725353461927632
TOKYOTECH_s01,0,129,4.3,1.5285018682479858,0.06414567386156154
TOKYOTECH_s01,0,130,4.333333333333333,1.0335313081741333,-0.15799783420593944
TOKYOTECH_s01,0,131,4.366666666666666,0.5833719372749329,-0.3974504922957512
TOKYOTECH_s01,0,132,4.4,0.010159029625356197,-0.6514093699855592
TOKYOTECH_s01,0,133,4.433333333333334,-0.2986758053302765,-0.9080170757312517
TOKYOTECH_s01,0,134,4.466666666666667,-0.13325248658657074,-1.1451123675804638
TOKYOTECH_s01,0,135,4.5,0.23850701749324799,-1.3309537186470612
TOKYOTECH_s01,0,136,4.533333333333333,0.3291531503200531,-1.4271873611155308
TOKYOTECH_s01,0,137,4.566666666666666,0.07532817870378494,-1.3947939295491785
TOKYOTECH_s01,0,138,4.6,-0.21547192335128784,-1.2040561438679676
TOKYOTECH_s01,0,139,4.633333333333334,-0.41846102476119995,-0.8479148629915447
TOKYOTECH_s01,0,140,4.666666666666667,-0.6104639172554016,-0.3541373304870498
TOKYOTECH_s01,0,141,4.7,-0.9137465953826904,0.21134135291104894
TOKYOTECH_s01,0,142,4.733333333333333,-1.1604442596435547,0.7560153740721443
TOKYOTECH_s01,0,143,4.766666666666667,-1.2617616653442383,1.186353700613228
TOKYOTECH_s01,0,144,4.8,-1.1268556118011475,1.4369840218882446
TOKYOTECH_s01,0,145,4.833333333333333,-0.8420014381408691,1.4892850379880713
TOKYOTECH_s01,0,146,4.866666666666666,-0.694770336151123,1.3710834150766111
TOKYOTECH_s01,0,147,4.9,-0.7476538419723511,1.1398465652621976
TOKYOTECH_s01,0,148,4.933333333333334,-0.7840383052825928,0.8591905736030219
TOKYOTECH_s01,0,149,4.966666666666667,-0.08576366305351257,0.5792967814010617
TOKYOTECH_s01,0,150,5.0,1.3755216598510742,0.32718583617219554
TOKYOTECH_s01,0,151,5.033333333333333,2.2132701873779297,0.10684737131279858
TOKYOTECH_s01,0,152,5.066666666666666,1.962989091873169,-0.09419018426745034
TOKYOTECH_s01,0,153,5.1,1.5719741582870483,-0.29540895341579015
TOKYOTECH_s01,0,154,5.133333333333334,1.145795464515686,-0.5130672490178494
TOKYOTECH_s01,0,155,5.166666666666667,0.5866008400917053,-0.7506385737389231
TOKYOTECH_s01,0,156,5.2,0.19385334849357605,-0.9924415364528674
TOKYOTECH_s01,0,157,5.233333333333333,0.09261474013328552,-1.2035021305977833
TOKYOTECH_s01,0,158,5.266666666666667,0.12147817760705948,-1.336673770863866
TOKYOTECH_s01,0,159,5.3,0.08292796462774277,-1.3450087636246086
TOKYOTECH_s01,0,160,5.333333333333333,0.09084276854991913,-1.195724331110894
TOKYOTECH_s01,0,161,5.366666666666666,0.02307472936809063,-0.8820976267448042
TOKYOTECH_s01,0,162,5.4,-0.2509113550186157,-0.43029575763343114
TOKYOTECH_s01,0,163,5.433333333333334,-0.5932955145835876,0.10131149145199635
TOKYOTECH_s01,0,164,5.466666666666667,-0.8367642760276794,0.6321272034486883
TOKYOTECH_s01,0,165,5.5,-0.9581639766693115,1.0778383018211926
TOKYOTECH_s01,0,166,5.533333333333333,-1.169973611831665,1.3721326073739772
TOKYOTECH_s01,0,167,5.566666666666666,-1.3111011981964111,1.4832772818965134
TOKYOTECH_s01,0,168,5.6,-1.251366138458252,1.4190282430543253
TOKYOTECH_s01,0,169,5.633333333333334,-1.071963906288147,1.2187324581908987
TOKYOTECH_s01,0,170,5.666666666666667,-0.8018367886543274,0.936935148400332
TOKYOTECH_s01,0,171,5.7,-0.3558120131492615,0.6255762617954098
TOKYOTECH_s01,0,172,5.733333333333333,0.6825235486030579,0.32106220468489033
TOKYOTECH_s01,0,173,5.766666666666667,1.7684659957885742,0.039456599781415046
TOKYOTECH_s01,0,174,5.8,1.885612964630127,-0.2202448729811273
TOKYOTECH_s01,0,175,5.833333333333333,1.5127509832382202,-0.46725553661300434
TOKYOTECH_s01,0,176,5.866666666666666,1.1249256134033203,-0.7083651533623808
TOKYOTECH_s01,0,177,5.9,0.6182994246482849,-0.9393271645596437
TOKYOTECH_s01,0,178,5.933333333333334,0.0249648317694664,-1.1409222769164493
TOKYOTECH_s01,0,179,5.966666666666667,-0.2907216250896454,-1.2808522187269755
TOKYOTECH_s01,0,180,6.0,-0.07572249323129654,-1.3213003523806397
TOKYOTECH_s01,0,181,6.033333333333333,0.3175762891769409,-1.230622309609232
TOKYOTECH_s01,0,182,6.066666666666666,0.4142077565193176,-0.9959537863179448
TOKYOTECH_s01,0,183,6.1,0.26567724347114563,-0.6320899161375202
TOKYOTECH_s01,0,184,6.133333333333334,0.029138807207345963,-0.1820303444600257
TOKYOTECH_s01,0,185,6.166666666666667,-0.2084234207868576,0.29250372029313676
TOKYOTECH_s01,0,186,6.2,-0.3852267265319824,0.7270356257960251
TOKYOTECH_s01,0,187,6.233333333333333,-0.5748670101165771,1.069567831838041
TOKYOTECH_s01,0,188,6.266666666666667,-0.8131774067878723,1.2890265646199914
TOKYOTECH_s01,0,189,6.3,-0.9111477136611938,1.3756331288812085
TOKYOTECH_s01,0,190,6.333333333333333,-0.9636768102645874,1.3365269384308096
TOKYOTECH_s01,0,191,6.366666666666666,-1.013134479522705,1.1908972234197397
TOKYOTECH_s01,0,192,6.4,-0.8745269775390625,0.9657799272700569
TOKYOTECH_s01,0,193,6.433333333333334,-0.1870022565126419,0.6909421779702369
TOKYOTECH_s01,0,194,6.466666666666667,1.1742258071899414,0.39252131188601735
TOKYOTECH_s01,0,195,6.5,2.0252442359924316,0.08797923055651209
TOKYOTECH_s01,0,196,6.533333333333333,1.7931160926818848,-0.21448946172470632
TOKYOTECH_s01,0,197,6.566666666666666,1.1741076707839966,-0.5112934076218297
TOKYOTECH_s01,0,198,6.6,0.7333593964576721,-0.7960273655306844
TOKYOTECH_s01,0,199,6.633333333333334,0.4899693727493286,-1.0534473973334129
TOKYOTECH_s01,0,200,6.666666666666667,0.3180488049983978,-1.257778256737681
TOKYOTECH_s01,0,201,6.7,0.2668585479259491,-1.3760464701087527
TOKYOTECH_s01,0,202,6.733333333333333,0.2728438675403595,-1.3758637609489601
TOKYOTECH_s01,0,203,6.766666666666667,0.21590453386306763,-1.2362508959091159
TOKYOTECH_s01,0,204,6.8,0.14541947841644287,-0.9585472601182244
TOKYOTECH_s01,0,205,6.833333333333333,-0.12533767521381378,-0.572681845446124
TOKYOTECH_s01,0,206,6.866666666666666,-0.4846539795398712,-0.13388750411452624
TOKYOTECH_s01,0,207,6.9,-0.7666730284690857,0.29156530670515957
TOKYOTECH_s01,0,208,6.933333333333334,-0.8084915280342102,0.6464035819363562
TOKYOTECH_s01,0,209,6.966666666666667,-0.6869342923164368,0.8983374815526367
TOKYOTECH_s01,0,210,7.0,-0.6935496926307678,1.0440937394354528
TOKYOTECH_s01,0,211,7.033333333333333,-0.8032937049865723,1.1006695055192592
TOKYOTECH_s01,0,212,7.066666666666666,-0.8642495274543762,1.090297820138999
TOKYOTECH_s01,0,213,7.1,-0.7827388644218445,1.028315917805692
TOKYOTECH_s01,0,214,7.133333333333334,-0.3028891682624817,0.9195764436043401
TOKYOTECH_s01,0,215,7.166666666666667,0.9567458629608154,0.7628009544216714
TOKYOTECH_s01,0,216,7.2,2.0603294372558594,0.5581570521493477
TOKYOTECH_s01,0,217,7.233333333333333,2.057257890701294,0.3131055247130087
TOKYOTECH_s01,0,218,7.266666666666667,1.6293072700500488,0.04415167760346813
TOKYOTECH_s01,0,219,7.3,1.2016322612762451,-0.22502962092213294
TOKYOTECH_s01,0,220,7.333333333333333,0.7529692053794861,-0.4675285886084548
TOKYOTECH_s01,0,221,7.366666666666666,0.36222994327545166,-0.6579102962859903
TOKYOTECH_s01,0,222,7.4,0.1405760794878006,-0.7767819460042316
TOKYOTECH_s01,0,223,7.433333333333334,0.03240710869431496,-0.8142791743827565
TOKYOTECH_s01,0,224,7.466666666666667,0.1271091103553772,-0.7714615769675355
TOKYOTECH_s01,0,225,7.5,0.32238030433654785,-0.6592278247482828
TOKYOTECH_s01,0,226,7.533333333333333,0.1756611168384552,-0.4957167316785943
TOKYOTECH_s01,0,227,7.566666666666666,-0.1511690765619278,-0.30379027218671645
TOKYOTECH_s01,0,228,7.6,-0.32238084077835083,-0.10910662332531207
TOKYOTECH_s01,0,229,7.633333333333334,-0.4652017056941986,0.062227535996932454
TOKYOTECH_s01,0,230,7.666666666666667,-0.8150281310081482,0.18761452967508227
TOKYOTECH_s01,0,231,7.7,-0.9472959041595459,0.2533060189646613
TOKYOTECH_s01,0,232,7.733333333333333,-0.6763024926185608,0.2589758999775855
TOKYOTECH_s01,0,233,7.766666666666667,-0.6502348184585571,0.21865351727269625
TOKYOTECH_s01,0,234,7.8,-0.8231397867202759,0.1565755918188972
TOKYOTECH_s01,0,235,7.833333333333333,-0.6905964016914368,0.09918094197654609
TOKYOTECH_s01,0,236,7.866666666666666,0.024256043136119843,0.06656904917201455
TOKYOTECH_s01,0,237,7.9,1.214626669883728,0.06690102122352193
TOKYOTECH_s01,0,238,7.933333333333334,1.6224555969238281,0.0953599644630872
TOKYOTECH_s01,0,239,7.966666666666667,1.4594342708587646,0.13700875332561666
TOKYOTECH_s01,1,0,1.0,1.6478145122528076,-0.10419674411918324
TOKYOTECH_s01,1,1,1.0333333333333334,1.2632180452346802,-0.17843168168581913
TOKYOTECH_s01,1,2,1.0666666666666667,0.936466634273529,-0.26674976773147113
TOKYOTECH_s01,1,3,1.1,0.4510253965854645,-0.3805603906927252
TOKYOTECH_s01,1,4,1.1333333333333333,-0.08678746223449707,-0.5217816423046931
TOKYOTECH_s01,1,5,1.1666666666666667,-0.271820604801178,-0.6809172735666785
TOKYOTECH_s01,1,6,1.2,-0.0070881531573832035,-0.8372673604624049
TOKYOTECH_s01,1,7,1.2333333333333334,0.23531746864318848,-0.9613201333787407
TOKYOTECH_s01,1,8,1.2666666666666666,0.25362783670425415,-1.0199309809960726
TOKYOTECH_s01,1,9,1.3,0.04016440361738205,-0.984621282808906
TOKYOTECH_s01,1,10,1.3333333333333333,-0.27890849113464355,-0.8414277594221635
TOKYOTECH_s01,1,11,1.3666666666666667,-0.6177093386650085,-0.5984834615432435
TOKYOTECH_s01,1,12,1.4,-0.74092036485672,-0.28697323360559235
TOKYOTECH_s01,1,13,1.4333333333333333,-0.6905964016914368,0.04656902566176617
TOKYOTECH_s01,1,14,1.4666666666666666,-0.7292647361755371,0.3541870761967062
TOKYOTECH_s01,1,15,1.5,-0.9014609456062317,0.6004891507248318
TOKYOTECH_s01,1,16,1.5333333333333334,-1.133037805557251,0.7702896972004516
TOKYOTECH_s01,1,17,1.5666666666666667,-1.0602295398712158,0.8670623880163371
TOKYOTECH_s01,1,18,1.6,-0.7387939691543579,0.9046187628459244
TOKYOTECH_s01,1,19,1.6333333333333333,-0.6630324125289917,0.8977308561614341
TOKYOTECH_s01,1,20,1.6666666666666667,-0.8063651323318481,0.8565147996558771
TOKYOTECH_s01,1,21,1.7,-0.020791394636034966,0.7858470000584262
TOKYOTECH_s01,1,22,1.7333333333333334,1.4571897983551025,0.6879283809345857
TOKYOTECH_s01,1,23,1.7666666666666666,1.9329442977905273,0.5650246902393359
TOKYOTECH_s01,1,24,1.8,1.5637049674987793,0.4204260474002065
TOKYOTECH_s01,1,25,1.8333333333333333,1.1693823337554932,0.2575356472259397
TOKYOTECH_s01,1,26,1.8666666666666667,0.8488919138908386,0.07829975819612751
TOKYOTECH_s01,1,27,1.9,0.5202503800392151,-0.1175409328844698
TOKYOTECH_s01,1,28,1.9333333333333333,0.15360991656780243,-0.3314040189498078
TOKYOTECH_s01,1,29,1.9666666666666666,-0.1300235539674759,-0.5628257712709428
TOKYOTECH_s01,1,30,2.0,-0.1466013342142105,-0.8049854864879211
TOKYOTECH_s01,1,31,2.033333333333333,0.14790023863315582,-1.0402831401870625
TOKYOTECH_s01,1,32,2.066666666666667,0.2565023601055145,-1.238481652377223
TOKYOTECH_s01,1,33,2.1,0.07595821470022202,-1.359986264909161
TOKYOTECH_s01,1,34,2.1333333333333333,-0.37869012355804443,-1.365102797576715
TOKYOTECH_s01,1,35,2.1666666666666665,-0.8894509077072144,-1.2271518202272431
TOKYOTECH_s01,1,36,2.2,-1.0682624578475952,-0.9445698747517858
TOKYOTECH_s01,1,37,2.2333333333333334,-0.9160304665565491,-0.546110418445719
TOKYOTECH_s01,1,38,2.2666666666666666,-0.7500952482223511,-0.08512345909186736
TOKYOTECH_s01,1,39,2.3,-0.8008129596710205,0.37597288944277146
TOKYOTECH_s01,1,40,2.3333333333333335,-1.0507001876831055,0.7836479032929999
TOKYOTECH_s01,1,41,2.3666666666666667,-1.2139184474945068,1.1042743858420843
TOKYOTECH_s01,1,42,2.4,-1.0702706575393677,1.3240192222406038
TOKYOTECH_s01,1,43,2.433333333333333,-0.8014429807662964,1.4411700766572184
TOKYOTECH_s01,1,44,2.466666666666667,-0.808530867099762,1.4583213355534566
TOKYOTECH_s01,1,45,2.5,-1.0585756301879883,1.3798294725474025
TOKYOTECH_s01,1,46,2.533333333333333,-0.6455883383750916,1.2143957628853823
TOKYOTECH_s01,1,47,2.566666666666667,0.8499944806098938,0.9784029406030977
TOKYOTECH_s01,1,48,2.6,1.8670663833618164,0.6959742857635386
TOKYOTECH_s01,1,49,2.6333333333333333,1.708140254020691,0.3948663138433905
TOKYOTECH_s01,1,50,2.6666666666666665,1.1599318981170654,0.09990625366544781
TOKYOTECH_s01,1,51,2.7,0.7517879009246826,-0.17319098481277256
TOKYOTECH_s01,1,52,2.7333333333333334,0.6862249970436096,-0.4207837279011196
TOKYOTECH_s01,1,53,2.7666666666666666,0.5960513353347778,-0.6492921149883267
TOKYOTECH_s01,1,54,2.8,0.3724679946899414,-0.8684945841344361
TOKYOTECH_s01,1,55,2.8333333333333335,0.29245367646217346,-1.0825304664901176
TOKYOTECH_s01,1,56,2.8666666666666667,0.24457108974456787,-1.2822351566632482
TOKYOTECH_s01,1,57,2.9,0.017955701798200607,-1.4422911686866944
TOKYOTECH_s01,1,58,2.933333333333333,-0.20913220942020416,-1.5251806242263937
TOKYOTECH_s01,1,59,2.966666666666667,-0.36569568514823914,-1.4914852599843271
TOKYOTECH_s01,1,60,3.0,-0.5228497982025146,-1.313496531437818
TOKYOTECH_s01,1,61,3.033333333333333,-0.6990624666213989,-0.9874435751353383
TOKYOTECH_s01,1,62,3.066666666666667,-0.8856313228607178,-0.5396933491342922
TOKYOTECH_s01,1,63,3.1,-1.1101990938186646,-0.023970448129801786
TOKYOTECH_s01,1,64,3.1333333333333333,-1.1819835901260376,0.49047921113282755
TOKYOTECH_s01,1,65,3.1666666666666665,-1.083186388015747,0.9362246181013826
TOKYOTECH_s01,1,66,3.2,-0.9006339907646179,1.263856960687323
TOKYOTECH_s01,1,67,3.2333333333333334,-0.7375733256340027,1.4506558310032083
TOKYOTECH_s01,1,68,3.2666666666666666,-0.7653341889381409,1.4996955016347615
TOKYOTECH_s01,1,69,3.3,-0.9446970224380493,1.4323343149509462
TOKYOTECH_s01,1,70,3.3333333333333335,-0.9589515328407288,1.2787476943677698
TOKYOTECH_s01,1,71,3.3666666666666667,-0.5382856726646423,1.069949622886968
TOKYOTECH_s01,1,72,3.4,0.6729942560195923,0.8327561209472639
TOKYOTECH_s01,1,73,3.433333333333333,1.9374727010726929,0.5874477400866481
TOKYOTECH_s01,1,74,3.466666666666667,2.123805284500122,0.3468977738780246
TOKYOTECH_s01,1,75,3.5,1.7015643119812012,0.1161565981670411
TOKYOTECH_s01,1,76,3.533333333333333,1.1646571159362793,-0.10726271941007608
TOKYOTECH_s01,1,77,3.566666666666667,0.6281437277793884,-0.3312906725923669
TOKYOTECH_s01,1,78,3.6,0.29095736145973206,-0.5648722110889007
TOKYOTECH_s01,1,79,3.6333333333333333,0.194168359041214,-0.8119095460011814
TOKYOTECH_s01,1,80,3.6666666666666665,0.16408424079418182,-1.0650637309881383
TOKYOTECH_s01,1,81,3.7,0.1338426023721695,-1.3014080345108003
TOKYOTECH_s01,1,82,3.7333333333333334,0.10281341522932053,-1.4824097489109052
TOKYOTECH_s01,1,83,3.7666666666666666,-0.1349063217639923,-1.5602762758829298
TOKYOTECH_s01,1,84,3.8,-0.6366103291511536,-1.4906079742095981
TOKYOTECH_s01,1,85,3.8333333333333335,-1.011913776397705,-1.248340821608635
TOKYOTECH_s01,1,86,3.8666666666666667,-0.8817330002784729,-0.8415657162773069
TOKYOTECH_s01,1,87,3.9,-0.6307037472724915,-0.3169247138206472
TOKYOTECH_s01,1,88,3.933333333333333,-0.7211924195289612,0.24816300490120416
TOKYOTECH_s01,1,89,3.966666666666667,-1.0668842792510986,0.7659966401093099
TOKYOTECH_s01,1,90,4.0,-1.4117885828018188,1.163940418524879
TOKYOTECH_s01,1,91,4.033333333333333,-1.3696550130844116,1.4030482914642117
TOKYOTECH_s01,1,92,4.066666666666666,-1.128430724143982,1.4824590836688833
TOKYOTECH_s01,1,93,4.1,-0.920834481716156,1.4302041750663472
TOKYOTECH_s01,1,94,4.133333333333334,-0.883150577545166,1.2871010549687862
TOKYOTECH_s01,1,95,4.166666666666667,-0.7313517332077026,1.091690169549668
TOKYOTECH_s01,1,96,4.2,0.24181468784809113,0.8713871441233132
TOKYOTECH_s01,1,97,4.233333333333333,1.6864434480667114,0.6406510369915961
TOKYOTECH_s01,1,98,4.266666666666667,2.0689923763275146,0.4037274745878843
TOKYOTECH_s01,1,99,4.3,1.5285018682479858,0.15885411396214924
TOKYOTECH_s01,1,100,4.333333333333333,1.0335313081741333,-0.09768426033699192
TOKYOTECH_s01,1,101,4.366666666666666,0.5833719372749329,-0.36769551181180365
TOKYOTECH_s01,1,102,4.4,0.010159029625356197,-0.6474173518981443
TOKYOTECH_s01,1,103,4.433333333333334,-0.2986758053302765,-0.9246968226139044
TOKYOTECH_s01,1,104,4.466666666666667,-0.13325248658657074,-1.1776636908085514
TOKYOTECH_s01,1,105,4.5,0.23850701749324799,-1.3752657922218123
TOKYOTECH_s01,1,106,4.533333333333333,0.3291531503200531,-1.4802244736279324
TOKYOTECH_s01,1,107,4.566666666666666,0.07532817870378494,-1.4553804127341046
TOKYOTECH_s01,1,108,4.6,-0.21547192335128784,-1.274041192424403
TOKYOTECH_s01,1,109,4.633333333333334,-0.41846102476119995,-0.932723827114592
TOKYOTECH_s01,1,110,4.666666666666667,-0.6104639172554016,-0.4611486106947377
TOKYOTECH_s01,1,111,4.7,-0.9137465953826904,0.0772926458891516
TOKYOTECH_s01,1,112,4.733333333333333,-1.1604442596435547,0.5983551379500287
TOKYOTECH_s01,1,113,4.766666666666667,-1.2617616653442383,1.020000147268653
TOKYOTECH_s01,1,114,4.8,-1.1268556118011475,1.2860107564264824
TOKYOTECH_s01,1,115,4.833333333333333,-0.8420014381408691,1.3793385885986869
TOKYOTECH_s01,1,116,4.866666666666666,-0.694770336151123,1.320494218512315
TOKYOTECH_s01,1,117,4.9,-0.7476538419723511,1.1543104230666819
TOKYOTECH_s01,1,118,4.933333333333334,-0.7840383052825928,0.9322097237728714
TOKYOTECH_s01,1,119,4.966666666666667,-0.08576366305351257,0.6965564247567815
TOKYOTECH_s01,1,120,5.0,1.3755216598510742,0.4713857472601464
TOKYOTECH_s01,1,121,5.033333333333333,2.2132701873779297,0.26097632416812155
TOKYOTECH_s01,1,122,5.066666666666666,1.962989091873169,0.054959259680066486
TOKYOTECH_s01,1,123,5.1,1.5719741582870483,-0.162863798332227
TOKYOTECH_s01,1,124,5.133333333333334,1.145795464515686,-0.4046179251926313
TOKYOTECH_s01,1,125,5.166666666666667,0.5866008400917053,-0.6694032203387181
TOKYOTECH_s01,1,126,5.2,0.19385334849357605,-0.9375337092341612
TOKYOTECH_s01,1,127,5.233333333333333,0.09261474013328552,-1.170387453867734
TOKYOTECH_s01,1,128,5.266666666666667,0.12147817760705948,-1.3172142347383662
TOKYOTECH_s01,1,129,5.3,0.08292796462774277,-1.3280793998264013
TOKYOTECH_s01,1,130,5.333333333333333,0.09084276854991913,-1.1698030814412614
TOKYOTECH_s01,1,131,5.366666666666666,0.02307472936809063,-0.8400953968698917
TOKYOTECH_s01,1,132,5.4,-0.2509113550186157,-0.37470546951851896
TOKYOTECH_s01,1,133,5.433333333333334,-0.5932955145835876,0.15633541907131826
TOKYOTECH_s01,1,134,5.466666666666667,-0.8367642760276794,0.6642332214921076
TOKYOTECH_s01,1,135,5.5,-0.9581639766693115,1.064815062268107
TOKYOTECH_s01,1,136,5.533333333333333,-1.169973611831665,1.3011597373562127
TOKYOTECH_s01,1,137,5.566666666666666,-1.3111011981964111,1.3561877722586415
TOKYOTECH_s01,1,138,5.6,-1.251366138458252,1.25113204992918
TOKYOTECH_s01,1,139,5.633333333333334,-1.071963906288147,1.032751808188408
TOKYOTECH_s01,1,140,5.666666666666667,-0.8018367886543274,0.7557949477377407
TOKYOTECH_s01,1,141,5.7,-0.3558120131492615,0.466984226878152
TOKYOTECH_s01,1,142,5.733333333333333,0.6825235486030579,0.19469078917287902
TOKYOTECH_s01,1,143,5.766666666666667,1.7684659957885742,-0.05381613749123989
TOKYOTECH_s01,1,144,5.8,1.885612964630127,-0.28744321878501095
TOKYOTECH_s01,1,145,5.833333333333333,1.5127509832382202,-0.5204935664250107
TOKYOTECH_s01,1,146,5.866666666666666,1.1249256134033203,-0.7601205749611292
TOKYOTECH_s01,1,147,5.9,0.6182994246482849,-0.9970204619667934
TOKYOTECH_s01,1,148,5.933333333333334,0.0249648317694664,-1.2027201157556973
TOKYOTECH_s01,1,149,5.966666666666667,-0.2907216250896454,-1.3341096836396826
TOKYOTECH_s01,1,150,6.0,-0.07572249323129654,-1.3440334069210362
TOKYOTECH_s01,1,151,6.033333333333333,0.3175762891769409,-1.1957286725968281
TOKYOTECH_s01,1,152,6.066666666666666,0.4142077565193176,-0.8777629823032952
TOKYOTECH_s01,1,153,6.1,0.26567724347114563,-0.41455166976045493
TOKYOTECH_s01,1,154,6.133333333333334,0.029138807207345963,0.13326586598784929
TOKYOTECH_s01,1,155,6.166666666666667,-0.2084234207868576,0.6815592975503371
TOKYOTECH_s01,1,156,6.2,-0.3852267265319824,1.1448002232911654
TOKYOTECH_s01,1,157,6.233333333333333,-0.5748670101165771,1.4582017991923697
TOKYOTECH_s01,1,158,6.266666666666667,-0.8131774067878723,1.5910800176549305
TOKYOTECH_s01,1,159,6.3,-0.9111477136611938,1.5480634533979407
TOKYOTECH_s01,1,160,6.333333333333333,-0.9636768102645874,1.3608075155004336
TOKYOTECH_s01,1,161,6.366666666666666,-1.013134479522705,1.0756674198019938
TOKYOTECH_s01,1,162,6.4,-0.8745269775390625,0.7414286886172495
TOKYOTECH_s01,1,163,6.433333333333334,-0.1870022565126419,0.3987691524805547
TOKYOTECH_s01,1,164,6.466666666666667,1.1742258071899414,0.07271331900762201
TOKYOTECH_s01,1,165,6.5,2.0252442359924316,-0.22986086457448224
TOKYOTECH_s01,1,166,6.533333333333333,1.7931160926818848,-0.5159330371799787
TOKYOTECH_s01,1,167,6.566666666666666,1.1741076707839966,-0.7958437227825859
TOKYOTECH_s01,1,168,6.6,0.7333593964576721,-1.0704522399430452
TOKYOTECH_s01,1,169,6.633333333333334,0.4899693727493286,-1.3216800679782186
TOKYOTECH_s01,1,170,6.666666666666667,0.3180488049983978,-1.5109907298218035
TOKYOTECH_s01,1,171,6.7,0.2668585479259491,-1.5872149551473698
TOKYOTECH_s01,1,172,6.733333333333333,0.2728438675403595,-1.5019476548352264
TOKYOTECH_s01,1,173,6.766666666666667,0.21590453386306763,-1.2281821793688485
TOKYOTECH_s01,1,174,6.8,0.14541947841644287,-0.7760277655093201
TOKYOTECH_s01,1,175,6.833333333333333,-0.12533767521381378,-0.19879120360505825
TOKYOTECH_s01,1,176,6.866666666666666,-0.4846539795398712,0.41552989046160393
TOKYOTECH_s01,1,177,6.9,-0.7666730284690857,0.9668453179594825
TOKYOTECH_s01,1,178,6.933333333333334,-0.8084915280342102,1.3713722411809506
TOKYOTECH_s01,1,179,6.966666666666667,-0.6869342923164368,1.5833837007813238
TOKYOTECH_s01,1,180,7.0,-0.6935496926307678,1.6016163564273753
TOKYOTECH_s01,1,181,7.033333333333333,-0.8032937049865723,1.460125246865453
TOKYOTECH_s01,1,182,7.066666666666666,-0.8642495274543762,1.2103878222007696
TOKYOTECH_s01,1,183,7.1,-0.7827388644218445,0.9034639774579152
TOKYOTECH_s01,1,184,7.133333333333334,-0.3028891682624817,0.5781158191155897
TOKYOTECH_s01,1,185,7.166666666666667,0.9567458629608154,0.25636576005170963
TOKYOTECH_s01,1,186,7.2,2.0603294372558594,-0.05467509423664756
TOKYOTECH_s01,1,187,7.233333333333333,2.057257890701294,-0.3566649236769034
TOKYOTECH_s01,1,188,7.266666666666667,1.6293072700500488,-0.6518236242016531
TOKYOTECH_s01,1,189,7.3,1.2016322612762451,-0.9351537576189364
TOKYOTECH_s01,1,190,7.333333333333333,0.7529692053794861,-1.1895551070669848
TOKYOTECH_s01,1,191,7.366666666666666,0.36222994327545166,-1.385687345662563
TOKYOTECH_s01,1,192,7.4,0.1405760794878006,-1.4871089956239627
TOKYOTECH_s01,1,193,7.433333333333334,0.03240710869431496,-1.4594473648804744
TOKYOTECH_s01,1,194,7.466666666666667,0.1271091103553772,-1.280824825804254
TOKYOTECH_s01,1,195,7.5,0.32238030433654785,-0.9504398399215732
TOKYOTECH_s01,1,196,7.533333333333333,0.1756611168384552,-0.49320432965323424
TOKYOTECH_s01,1,197,7.566666666666666,-0.1511690765619278,0.040825336191822305
TOKYOTECH_s01,1,198,7.6,-0.32238084077835083,0.5834987757765042
TOKYOTECH_s01,1,199,7.633333333333334,-0.4652017056941986,1.062086218356204
TOKYOTECH_s01,1,200,7.666666666666667,-0.8150281310081482,1.4155851228876382
TOKYOTECH_s01,1,201,7.7,-0.9472959041595459,1.6076516894690809
TOKYOTECH_s01,1,202,7.733333333333333,-0.6763024926185608,1.6317925720232873
TOKYOTECH_s01,1,203,7.766666666666667,-0.6502348184585571,1.5084025978953894
TOKYOTECH_s01,1,204,7.8,-0.8231397867202759,1.2758671284419711
TOKYOTECH_s01,1,205,7.833333333333333,-0.6905964016914368,0.9789050189028091
TOKYOTECH_s01,1,206,7.866666666666666,0.024256043136119843,0.6575794694003222
TOKYOTECH_s01,1,207,7.9,1.214626669883728,0.33994459994197834
TOKYOTECH_s01,1,208,7.933333333333334,1.6224555969238281,0.03988317301238441
TOKYOTECH_s01,1,209,7.966666666666667,1.4594342708587646,-0.24020029333362497
TOKYOTECH_s01,1,210,8.0,1.3483514785766602,-0.5036950909654723
TOKYOTECH_s01,1,211,8.033333333333333,1.1318166255950928,-0.7534145736177992
TOKYOTECH_s01,1,212,8.066666666666666,0.8889778256416321,-0.9861755069690085
TOKYOTECH_s01,1,213,8.1,0.5486019253730774,-1.189174287519343
TOKYOTECH_s01,1,214,8.133333333333333,0.1064361110329628,-1.3389910913761842
TOKYOTECH_s01,1,215,8.166666666666666,-0.03614847734570503,-1.4045189404307574
TOKYOTECH_s01,1,216,8.2,0.25539979338645935,-1.3549621309760207
TOKYOTECH_s01,1,217,8.233333333333333,0.31198474764823914,-1.1721068603621587
TOKYOTECH_s01,1,218,8.266666666666667,0.17026644945144653,-0.8626113078401306
TOKYOTECH_s01,1,219,8.3,-0.005316182505339384,-0.46375084784570125
TOKYOTECH_s01,1,220,8.333333333333334,-0.44645819067955017,-0.0375568866064058
TOKYOTECH_s01,1,221,8.366666666666667,-0.9194562435150146,0.3462279765677076
TOKYOTECH_s01,1,222,8.4,-0.9429250359535217,0.6312859041193698
TOKYOTECH_s01,1,223,8.433333333333334,-0.7084342241287231,0.7900828636557823
TOKYOTECH_s01,1,224,8.466666666666667,-0.4905605614185333,0.8273656263166245
TOKYOTECH_s01,1,225,8.5,-0.4454737603664398,0.7724454826711952
TOKYOTECH_s01,1,226,8.533333333333333,-0.7621840238571167,0.6654392086134752
TOKYOTECH_s01,1,227,8.566666666666666,-1.0271921157836914,0.5434351238272284
TOKYOTECH_s01,1,228,8.6,-0.276309609413147,0.4308215577526846
TOKYOTECH_s01,1,229,8.633333333333333,1.1948987245559692,0.3356916649208507
TOKYOTECH_s01,1,230,8.666666666666666,2.000633716583252,0.2525323650736634
TOKYOTECH_s01,1,231,8.7,1.8406049013137817,0.1698046990129593
TOKYOTECH_s01,1,232,8.733333333333333,1.2244709730148315,0.07907790159088406
TOKYOTECH_s01,1,233,8.766666666666667,0.6518487334251404,-0.01855720164564806
TOKYOTECH_s01,1,234,8.8,0.362544983625412,-0.11169192028435442
TOKYOTECH_s01,1,235,8.833333333333334,0.24165718257427216,-0.18330861629783113
TOKYOTECH_s01,1,236,8.866666666666667,0.5264325737953186,-0.21808619847555927
TOKYOTECH_s01,1,237,8.9,0.4901268780231476,-0.2085438430373316
TOKYOTECH_s01,1,238,8.933333333333334,0.055836502462625504,-0.15775642116820054
TOKYOTECH_s01,1,239,8.966666666666667,-0.032604534178972244,-0.07852565542984542
TOKYOTECH_s01,2,0,2.0,-0.1466013342142105,-0.07958946091691933
TOKYOTECH_s01,2,1,2.033333333333333,0.14790023863315582,-0.5144787167828757
TOKYOTECH_s01,2,2,2.066666666666667,0.2565023601055145,-0.900754456893306
TOKYOTECH_s01,2,3,2.1,0.07595821470022202,-1.1976687487950473
TOKYOTECH_s01,2,4,2.1333333333333333,-0.37869012355804443,-1.3755505453809442
TOKYOTECH_s01,2,5,2.1666666666666665,-0.8894509077072144,-1.4208542496600778
TOKYOTECH_s01,2,6,2.2,-1.0682624578475952,-1.338796336062783
TOKYOTECH_s01,2,7,2.2333333333333334,-0.9160304665565491,-1.1526040659369865
TOKYOTECH_s01,2,8,2.2666666666666666,-0.7500952482223511,-0.8988601335689842
TOKYOTECH_s01,2,9,2.3,-0.8008129596710205,-0.6191311082587286
TOKYOTECH_s01,2,10,2.3333333333333335,-1.0507001876831055,-0.3497634155786845
TOKYOTECH_s01,2,11,2.3666666666666667,-1.2139184474945068,-0.11339752470297618
TOKYOTECH_s01,2,12,2.4,-1.0702706575393677,0.08420488081988921
TOKYOTECH_s01,2,13,2.433333333333333,-0.8014429807662964,0.2506589066189157
TOKYOTECH_s01,2,14,2.466666666666667,-0.808530867099762,0.39893659691909983
TOKYOTECH_s01,2,15,2.5,-1.0585756301879883,0.5390686746672659
TOKYOTECH_s01,2,16,2.533333333333333,-0.6455883383750916,0.6727916573316461
TOKYOTECH_s01,2,17,2.566666666666667,0.8499944806098938,0.7920361727476167
TOKYOTECH_s01,2,18,2.6,1.8670663833618164,0.880846646722915
TOKYOTECH_s01,2,19,2.6333333333333333,1.708140254020691,0.9198838014739065
TOKYOTECH_s01,2,20,2.6666666666666665,1.1599318981170654,0.8921039521528861
TOKYOTECH_s01,2,21,2.7,0.7517879009246826,0.7877264426381676
TOKYOTECH_s01,2,22,2.7333333333333334,0.6862249970436096,0.6068590154001444
TOKYOTECH_s01,2,23,2.7666666666666666,0.5960513353347778,0.35931780708082095
TOKYOTECH_s01,2,24,2.8,0.3724679946899414,0.06270106441640613
TOKYOTECH_s01,2,25,2.8333333333333335,0.29245367646217346,-0.25956111402053805
TOKYOTECH_s01,2,26,2.8666666666666667,0.24457108974456787,-0.5793258898037777
TOKYOTECH_s01,2,27,2.9,0.017955701798200607,-0.864686030582039
TOKYOTECH_s01,2,28,2.933333333333333,-0.20913220942020416,-1.082212286667701
TOKYOTECH_s01,2,29,2.966666666666667,-0.36569568514823914,-1.2014692202870965
TOKYOTECH_s01,2,30,3.0,-0.5228497982025146,-1.2013123920052986
TOKYOTECH_s01,2,31,3.033333333333333,-0.6990624666213989,-1.075975383870251
TOKYOTECH_s01,2,32,3.066666666666667,-0.8856313228607178,-0.8383686319584711
TOKYOTECH_s01,2,33,3.1,-1.1101990938186646,-0.5185983677993724
TOKYOTECH_s01,2,34,3.1333333333333333,-1.1819835901260376,-0.15732024330970454
TOKYOTECH_s01,2,35,3.1666666666666665,-1.083186388015747,0.2040437207741319
TOKYOTECH_s01,2,36,3.2,-0.9006339907646179,0.5320060927899881
TOKYOTECH_s01,2,37,3.2333333333333334,-0.7375733256340027,0.804709393837227
TOKYOTECH_s01,2,38,3.2666666666666666,-0.7653341889381409,1.0101611087805669
TOKYOTECH_s01,2,39,3.3,-0.9446970224380493,1.1420648053926872
TOKYOTECH_s01,2,40,3.3333333333333335,-0.9589515328407288,1.1967450412250276
TOKYOTECH_s01,2,41,3.3666666666666667,-0.5382856726646423,1.172761092495785
TOKYOTECH_s01,2,42,3.4,0.6729942560195923,1.0727601937329532
TOKYOTECH_s01,2,43,3.433333333333333,1.9374727010726929,0.9057250844629722
TOKYOTECH_s01,2,44,3.466666666666667,2.123805284500122,0.6872234461481845
TOKYOTECH_s01,2,45,3.5,1.7015643119812012,0.436244939408409
TOKYOTECH_s01,2,46,3.533333333333333,1.1646571159362793,0.16965002372817686
TOKYOTECH_s01,2,47,3.566666666666667,0.6281437277793884,-0.10264549596491558
TOKYOTECH_s01,2,48,3.6,0.29095736145973206,-0.3785937827837194
TOKYOTECH_s01,2,49,3.6333333333333333,0.194168359041214,-0.6597754535817317
TOKYOTECH_s01,2,50,3.6666666666666665,0.16408424079418182,-0.9433223629967059
TOKYOTECH_s01,2,51,3.7,0.1338426023721695,-1.2135349363488728
TOKYOTECH_s01,2,52,3.7333333333333334,0.10281341522932053,-1.4376482036574594
TOKYOTECH_s01,2,53,3.7666666666666666,-0.1349063217639923,-1.5691755446810467
TOKYOTECH_s01,2,54,3.8,-0.6366103291511536,-1.5594041979082565
TOKYOTECH_s01,2,55,3.8333333333333335,-1.011913776397705,-1.3741802344580136
TOKYOTECH_s01,2,56,3.8666666666666667,-0.8817330002784729,-1.010475537536413
TOKYOTECH_s01,2,57,3.9,-0.6307037472724915,-0.5058601762789966
TOKYOTECH_s01,2,58,3.933333333333333,-0.7211924195289612,0.06530671812158809
TOKYOTECH_s01,2,59,3.966666666666667,-1.0668842792510986,0.6104560178632454
TOKYOTECH_s01,2,60,4.0,-1.4117885828018188,1.0455917235438987
TOKYOTECH_s01,2,61,4.033333333333333,-1.3696550130844116,1.3183887149774134
TOKYOTECH_s01,2,62,4.066666666666666,-1.128430724143982,1.4180606668918367
TOKYOTECH_s01,2,63,4.1,-0.920834481716156,1.369968260079108
TOKYOTECH_s01,2,64,4.133333333333334,-0.883150577545166,1.2199641924757905
TOKYOTECH_s01,2,65,4.166666666666667,-0.7313517332077026,1.0165661490031168
TOKYOTECH_s01,2,66,4.2,0.24181468784809113,0.7976576249556637
TOKYOTECH_s01,2,67,4.233333333333333,1.6864434480667114,0.5844450142710591
TOKYOTECH_s01,2,68,4.266666666666667,2.0689923763275146,0.38166619098775245
TOKYOTECH_s01,2,69,4.3,1.5285018682479858,0.18154995712972907
TOKYOTECH_s01,2,70,4.333333333333333,1.0335313081741333,-0.030138822012242814
TOKYOTECH_s01,2,71,4.366666666666666,0.5833719372749329,-0.26658647525271584
TOKYOTECH_s01,2,72,4.4,0.010159029625356197,-0.5320561410533204
TOKYOTECH_s01,2,73,4.433333333333334,-0.2986758053302765,-0.8157947890529449
TOKYOTECH_s01,2,74,4.466666666666667,-0.13325248658657074,-1.0898141654940565
TOKYOTECH_s01,2,75,4.5,0.23850701749324799,-1.3115888993936569
TOKYOTECH_s01,2,76,4.533333333333333,0.3291531503200531,-1.4315561395100114
TOKYOTECH_s01,2,77,4.566666666666666,0.07532817870378494,-1.4044858392879025
TOKYOTECH_s01,2,78,4.6,-0.21547192335128784,-1.2031108839321647
TOKYOTECH_s01,2,79,4.633333333333334,-0.41846102476119995,-0.8310799256892193
TOKYOTECH_s01,2,80,4.666666666666667,-0.6104639172554016,-0.3303893729076667
TOKYOTECH_s01,2,81,4.7,-0.9137465953826904,0.2220926677685946
TOKYOTECH_s01,2,82,4.733333333333333,-1.1604442596435547,0.7315553966272074
TOKYOTECH_s01,2,83,4.766666666666667,-1.2617616653442383,1.1118432165365417
TOKYOTECH_s01,2,84,4.8,-1.1268556118011475,1.3111278114611078
TOKYOTECH_s01,2,85,4.833333333333333,-0.8420014381408691,1.324783445755027
TOKYOTECH_s01,2,86,4.866666666666666,-0.694770336151123,1.190529123786085
TOKYOTECH_s01,2,87,4.9,-0.7476538419723511,0.9701811533920145
TOKYOTECH_s01,2,88,4.933333333333334,-0.7840383052825928,0.7269369453430702
TOKYOTECH_s01,2,89,4.966666666666667,-0.08576366305351257,0.5064757807947604
TOKYOTECH_s01,2,90,5.0,1.3755216598510742,0.3270955729977093
TOKYOTECH_s01,2,91,5.033333333333333,2.2132701873779297,0.18026506044127238
TOKYOTECH_s01,2,92,5.066666666666666,1.962989091873169,0.039429447359427126
TOKYOTECH_s01,2,93,5.1,1.5719741582870483,-0.12689988432470617
TOKYOTECH_s01,2,94,5.133333333333334,1.145795464515686,-0.34140941125460383
TOKYOTECH_s01,2,95,5.166666666666667,0.5866008400917053,-0.6064316220064006
TOKYOTECH_s01,2,96,5.2,0.19385334849357605,-0.8974892031131455
TOKYOTECH_s01,2,97,5.233333333333333,0.09261474013328552,-1.1647438834821726
TOKYOTECH_s01,2,98,5.266666666666667,0.12147817760705948,-1.3434107722202095
TOKYOTECH_s01,2,99,5.3,0.08292796462774277,-1.3712528723018311
TOKYOTECH_s01,2,100,5.333333333333333,0.09084276854991913,-1.2085288100645852
TOKYOTECH_s01,2,101,5.366666666666666,0.02307472936809063,-0.8542602736709802
TOKYOTECH_s01,2,102,5.4,-0.2509113550186157,-0.3529546876814639
TOKYOTECH_s01,2,103,5.433333333333334,-0.5932955145835876,0.2119957887920769
TOKYOTECH_s01,2,104,5.466666666666667,-0.8367642760276794,0.7382746948186714
TOKYOTECH_s01,2,105,5.5,-0.9581639766693115,1.132765314202107
TOKYOTECH_s01,2,106,5.533333333333333,-1.169973611831665,1.3376761656783862
TOKYOTECH_s01,2,107,5.566666666666666,-1.3111011981964111,1.3440284295187763
TOKYOTECH_s01,2,108,5.6,-1.251366138458252,1.1878582382716356
TOKYOTECH_s01,2,109,5.633333333333334,-1.071963906288147,0.9326496368498505
TOKYOTECH_s01,2,110,5.666666666666667,-0.8018367886543274,0.6463126492748972
TOKYOTECH_s01,2,111,5.7,-0.3558120131492615,0.38113788627129425
TOKYOTECH_s01,2,112,5.733333333333333,0.6825235486030579,0.16224038080762074
TOKYOTECH_s01,2,113,5.766666666666667,1.7684659957885742,-0.01364319508769076
TOKYOTECH_s01,2,114,5.8,1.885612964630127,-0.1699946430973807
TOKYOTECH_s01,2,115,5.833333333333333,1.5127509832382202,-0.3362266706975137
TOKYOTECH_s01,2,116,5.866666666666666,1.1249256134033203,-0.532367991397413
TOKYOTECH_s01,2,117,5.9,0.6182994246482849,-0.7579709058509082
TOKYOTECH_s01,2,118,5.933333333333334,0.0249648317694664,-0.9882342886701155
TOKYOTECH_s01,2,119,5.966666666666667,-0.2907216250896454,-1.1777017564361791
TOKYOTECH_s01,2,120,6.0,-0.07572249323129654,-1.2707477846374455
TOKYOTECH_s01,2,121,6.033333333333333,0.3175762891769409,-1.2173530589142576
TOKYOTECH_s01,2,122,6.066666666666666,0.4142077565193176,-0.9908466607744262
TOKYOTECH_s01,2,123,6.1,0.26567724347114563,-0.6019421484921941
TOKYOTECH_s01,2,124,6.133333333333334,0.029138807207345963,-0.10252424961266865
TOKYOTECH_s01,2,125,6.166666666666667,-0.2084234207868576,0.4247473014407045
TOKYOTECH_s01,2,126,6.2,-0.3852267265319824,0.8888546236014229
TOKYOTECH_s01,2,127,6.233333333333333,-0.5748670101165771,1.2164240421504606
TOKYOTECH_s01,2,128,6.266666666666667,-0.8131774067878723,1.3705452475674689
TOKYOTECH_s01,2,129,6.3,-0.9111477136611938,1.3552424955482252
TOKYOTECH_s01,2,130,6.333333333333333,-0.9636768102645874,1.206212633329736
TOKYOTECH_s01,2,131,6.366666666666666,-1.013134479522705,0.9745669788777472
TOKYOTECH_s01,2,132,6.4,-0.8745269775390625,0.7105839071805934
TOKYOTECH_s01,2,133,6.433333333333334,-0.1870022565126419,0.4513518373019227
TOKYOTECH_s01,2,134,6.466666666666667,1.1742258071899414,0.21393799292099847
TOKYOTECH_s01,2,135,6.5,2.0252442359924316,-0.0049487154854495514
TOKYOTECH_s01,2,136,6.533333333333333,1.7931160926818848,-0.2224062848457251
TOKYOTECH_s01,2,137,6.566666666666666,1.1741076707839966,-0.457239837086466
TOKYOTECH_s01,2,138,6.6,0.7333593964576721,-0.7163476766573561
TOKYOTECH_s01,2,139,6.633333333333334,0.4899693727493286,-0.9850505495707791
TOKYOTECH_s01,2,140,6.666666666666667,0.3180488049983978,-1.2253261278362342
TOKYOTECH_s01,2,141,6.7,0.2668585479259491,-1.3828861835560624
TOKYOTECH_s01,2,142,6.733333333333333,0.2728438675403595,-1.4015352102256635
TOKYOTECH_s01,2,143,6.766666666666667,0.21590453386306763,-1.2414496568088547
TOKYOTECH_s01,2,144,6.8,0.14541947841644287,-0.896364576774156
TOKYOTECH_s01,2,145,6.833333333333333,-0.12533767521381378,-0.40333274024641674
TOKYOTECH_s01,2,146,6.866666666666666,-0.4846539795398712,0.1609241609564013
TOKYOTECH_s01,2,147,6.9,-0.7666730284690857,0.6987624984987973
TOKYOTECH_s01,2,148,6.933333333333334,-0.8084915280342102,1.1193544926385968
TOKYOTECH_s01,2,149,6.966666666666667,-0.6869342923164368,1.3637281401510357
TOKYOTECH_s01,2,150,7.0,-0.6935496926307678,1.4170084113706145
TOKYOTECH_s01,2,151,7.033333333333333,-0.8032937049865723,1.3047792790915278
TOKYOTECH_s01,2,152,7.066666666666666,-0.8642495274543762,1.0778263501691214
TOKYOTECH_s01,2,153,7.1,-0.7827388644218445,0.7931839164291884
TOKYOTECH_s01,2,154,7.133333333333334,-0.3028891682624817,0.49832634751541444
TOKYOTECH_s01,2,155,7.166666666666667,0.9567458629608154,0.22201864171156926
TOKYOTECH_s01,2,156,7.2,2.0603294372558594,-0.027300885234883755
TOKYOTECH_s01,2,157,7.233333333333333,2.057257890701294,-0.25646680907837693
TOKYOTECH_s01,2,158,7.266666666666667,1.6293072700500488,-0.4782870898433038
TOKYOTECH_s01,2,159,7.3,1.2016322612762451,-0.7013584765763456
TOKYOTECH_s01,2,160,7.333333333333333,0.7529692053794861,-0.9220841180507728
TOKYOTECH_s01,2,161,7.366666666666666,0.36222994327545166,-1.1210162840261682
TOKYOTECH_s01,2,162,7.4,0.1405760794878006,-1.2646494651724494
TOKYOTECH_s01,2,163,7.433333333333334,0.03240710869431496,-1.3126118667688582
TOKYOTECH_s01,2,164,7.466666666666667,0.1271091103553772,-1.2286869456036926
TOKYOTECH_s01,2,165,7.5,0.32238030433654785,-0.9928906426794364
TOKYOTECH_s01,2,166,7.533333333333333,0.1756611168384552,-0.6114548311903294
TOKYOTECH_s01,2,167,7.566666666666666,-0.1511690765619278,-0.12150456321712261
TOKYOTECH_s01,2,168,7.6,-0.32238084077835083,0.41258769530411077
TOKYOTECH_s01,2,169,7.633333333333334,-0.4652017056941986,0.9121130892211513
TOKYOTECH_s01,2,170,7.666666666666667,-0.8150281310081482,1.3027898665923563
TOKYOTECH_s01,2,171,7.7,-0.9472959041595459,1.5326025037198985
TOKYOTECH_s01,2,172,7.733333333333333,-0.6763024926185608,1.5825736753222517
TOKYOTECH_s01,2,173,7.766666666666667,-0.6502348184585571,1.4677836843875252
TOKYOTECH_s01,2,174,7.8,-0.8231397867202759,1.2294735432130481
TOKYOTECH_s01,2,175,7.833333333333333,-0.6905964016914368,0.9214256434700963
TOKYOTECH_s01,2,176,7.866666666666666,0.024256043136119843,0.5949106920143811
TOKYOTECH_s01,2,177,7.9,1.214626669883728,0.2864732200414053
TOKYOTECH_s01,2,178,7.933333333333334,1.6224555969238281,0.011832005604067707
TOKYOTECH_s01,2,179,7.966666666666667,1.4594342708587646,-0.23281713910938673
TOKYOTECH_s01,2,180,8.0,1.3483514785766602,-0.4633476323558216
TOKYOTECH_s01,2,181,8.033333333333333,1.1318166255950928,-0.6970598466609124
TOKYOTECH_s01,2,182,8.066666666666666,0.8889778256416321,-0.9418596628859921
TOKYOTECH_s01,2,183,8.1,0.5486019253730774,-1.1876360312311705
TOKYOTECH_s01,2,184,8.133333333333333,0.1064361110329628,-1.4021349836345234
TOKYOTECH_s01,2,185,8.166666666666666,-0.03614847734570503,-1.533945843978738
TOKYOTECH_s01,2,186,8.2,0.25539979338645935,-1.5246375133242243
TOKYOTECH_s01,2,187,8.233333333333333,0.31198474764823914,-1.3289826091787016
TOKYOTECH_s01,2,188,8.266666666666667,0.17026644945144653,-0.9368969025088477
TOKYOTECH_s01,2,189,8.3,-0.005316182505339384,-0.38695985361847235
TOKYOTECH_s01,2,190,8.333333333333334,-0.44645819067955017,0.23698173439368078
TOKYOTECH_s01,2,191,8.366666666666667,-0.9194562435150146,0.827247553068422
TOKYOTECH_s01,2,192,8.4,-0.9429250359535217,1.2834274990107282
TOKYOTECH_s01,2,193,8.433333333333334,-0.7084342241287231,1.5397841840701312
TOKYOTECH_s01,2,194,8.466666666666667,-0.4905605614185333,1.5788609479723634
TOKYOTECH_s01,2,195,8.5,-0.4454737603664398,1.4289745131891345
TOKYOTECH_s01,2,196,8.533333333333333,-0.7621840238571167,1.1495482169911788
TOKYOTECH_s01,2,197,8.566666666666666,-1.0271921157836914,0.8108634479212031
TOKYOTECH_s01,2,198,8.6,-0.276309609413147,0.47453325115538686
TOKYOTECH_s01,2,199,8.633333333333333,1.1948987245559692,0.17944657033544265
TOKYOTECH_s01,2,200,8.666666666666666,2.000633716583252,-0.06378201334964412
TOKYOTECH_s01,2,201,8.7,1.8406049013137817,-0.26898008957871733
TOKYOTECH_s01,2,202,8.733333333333333,1.2244709730148315,-0.4631696155721853
TOKYOTECH_s01,2,203,8.766666666666667,0.6518487334251404,-0.6721037017044705
TOKYOTECH_s01,2,204,8.8,0.362544983625412,-0.9071400177192755
TOKYOTECH_s01,2,205,8.833333333333334,0.24165718257427216,-1.156848879500296
TOKYOTECH_s01,2,206,8.866666666666667,0.5264325737953186,-1.385218002466293
TOKYOTECH_s01,2,207,8.9,0.4901268780231476,-1.5371520982208842
TOKYOTECH_s01,2,208,8.933333333333334,0.055836502462625504,-1.55112064394347
TOKYOTECH_s01,2,209,8.966666666666667,-0.032604534178972244,-1.3773815880889344
TOKYOTECH_s01,2,210,9.0,-0.026107307523489,-0.9976603150301262
TOKYOTECH_s01,2,211,9.033333333333333,-0.1795993596315384,-0.4393791121572845
TOKYOTECH_s01,2,212,9.066666666666666,-0.6027854084968567,0.22326781715135915
TOKYOTECH_s01,2,213,9.1,-0.7477719783782959,0.8851645525113815
TOKYOTECH_s01,2,214,9.133333333333333,-0.5558478236198425,1.4384824974523471
TOKYOTECH_s01,2,215,9.166666666666666,-0.6208988428115845,1.8018582481737668
TOKYOTECH_s01,2,216,9.2,-0.9009883999824524,1.93924715810954
TOKYOTECH_s01,2,217,9.233333333333333,-0.8153431415557861,1.8630705567091117
TOKYOTECH_s01,2,218,9.266666666666667,-0.6318457126617432,1.623419237979326
TOKYOTECH_s01,2,219,9.3,-1.0051802396774292,1.289625250219403
TOKYOTECH_s01,2,220,9.333333333333334,-0.7799824476242065,0.931000401238486
TOKYOTECH_s01,2,221,9.366666666666667,0.6508249640464783,0.6014877097651321
TOKYOTECH_s01,2,222,9.4,1.9025057554244995,0.33071591191791777
TOKYOTECH_s01,2,223,9.433333333333334,1.5964667797088623,0.12231528641609303
TOKYOTECH_s01,2,224,9.466666666666667,1.0787756443023682,-0.04092293766110134
TOKYOTECH_s01,2,225,9.5,0.9709216356277466,-0.18680483107117687
TOKYOTECH_s01,2,226,9.533333333333333,0.9639518857002258,-0.34154772656755433
TOKYOTECH_s01,2,227,9.566666666666666,0.5565561056137085,-0.5193301142889046
TOKYOTECH_s01,2,228,9.6,0.04394460842013359,-0.7163426892987756
TOKYOTECH_s01,2,229,9.633333333333333,0.22941088676452637,-0.9104073924918509
TOKYOTECH_s01,2,230,9.666666666666666,0.4602002501487732,-1.0658753665869811
TOKYOTECH_s01,2,231,9.7,0.3333665132522583,-1.1430904443729897
TOKYOTECH_s01,2,232,9.733333333333333,-0.18471838533878326,-1.111610925808728
TOKYOTECH_s01,2,233,9.766666666666667,-0.32230207324028015,-0.9647076592588052
TOKYOTECH_s01,2,234,9.8,-0.21830707788467407,-0.7291729136927398
TOKYOTECH_s01,2,235,9.833333333333334,-0.3866049349308014,-0.46289628023841123
TOKYOTECH_s01,2,236,9.866666666666667,-0.8608237504959106,-0.23662263177632037
TOKYOTECH_s01,2,237,9.9,-0.9661968946456909,-0.10514709038738854
TOKYOTECH_s01,2,238,9.933333333333334,-0.7174909710884094,-0.08190827945181288
TOKYOTECH_s01,2,239,9.966666666666667,-0.8168001174926758,-0.13186241386169312
TOKYOTECH_s01,3,0,3.0,-0.5228497982025146,0.0748506821639236
TOKYOTECH_s01,3,1,3.033333333333333,-0.6990624666213989,0.0015883029803718512
TOKYOTECH_s01,3,2,3.066666666666667,-0.8856313228607178,-0.03549288206279436
TOKYOTECH_s01,3,3,3.1,-1.1101990938186646,-0.011168320665428126
TOKYOTECH_s01,3,4,3.1333333333333333,-1.1819835901260376,0.08153936802694604
TOKYOTECH_s01,3,5,3.1666666666666665,-1.083186388015747,0.23026391371323163
TOKYOTECH_s01,3,6,3.2,-0.9006339907646179,0.4086573739073067
TOKYOTECH_s01,3,7,3.2333333333333334,-0.7375733256340027,0.5856829017334125
TOKYOTECH_s01,3,8,3.2666666666666666,-0.7653341889381409,0.7346479881260988
TOKYOTECH_s01,3,9,3.3,-0.9446970224380493,0.8382695025043657
TOKYOTECH_s01,3,10,3.3333333333333335,-0.9589515328407288,0.8885890360335023
TOKYOTECH_s01,3,11,3.3666666666666667,-0.5382856726646423,0.8836056497694168
TOKYOTECH_s01,3,12,3.4,0.6729942560195923,0.824096171729442
TOKYOTECH_s01,3,13,3.433333333333333,1.9374727010726929,0.7129978321834818
TOKYOTECH_s01,3,14,3.466666666666667,2.123805284500122,0.5566071616851583
TOKYOTECH_s01,3,15,3.5,1.7015643119812012,0.3647852576728686
TOKYOTECH_s01,3,16,3.533333333333333,1.1646571159362793,0.14856477328638723
TOKYOTECH_s01,3,17,3.566666666666667,0.6281437277793884,-0.08356093588273317
TOKYOTECH_s01,3,18,3.6,0.29095736145973206,-0.32768818486062823
TOKYOTECH_s01,3,19,3.6333333333333333,0.194168359041214,-0.5825277937145907
TOKYOTECH_s01,3,20,3.6666666666666665,0.16408424079418182,-0.8434373009712574
TOKYOTECH_s01,3,21,3.7,0.1338426023721695,-1.0952154561635137
TOKYOTECH_s01,3,22,3.7333333333333334,0.10281341522932053,-1.307886996746275
TOKYOTECH_s01,3,23,3.7666666666666666,-0.1349063217639923,-1.4390936399660454
TOKYOTECH_s01,3,24,3.8,-0.6366103291511536,-1.4441516675134392
TOKYOTECH_s01,3,25,3.8333333333333335,-1.011913776397705,-1.2914139965609777
TOKYOTECH_s01,3,26,3.8666666666666667,-0.8817330002784729,-0.9776457985650767
TOKYOTECH_s01,3,27,3.9,-0.6307037472724915,-0.5366234308648367
TOKYOTECH_s01,3,28,3.933333333333333,-0.7211924195289612,-0.0351312435666331
TOKYOTECH_s01,3,29,3.966666666666667,-1.0668842792510986,0.44460944343543596
TOKYOTECH_s01,3,30,4.0,-1.4117885828018188,0.8294483786916954
TOKYOTECH_s01,3,31,4.033333333333333,-1.3696550130844116,1.0755749198806777
TOKYOTECH_s01,3,32,4.066666666666666,-1.128430724143982,1.1761619277994304
TOKYOTECH_s01,3,33,4.1,-0.920834481716156,1.1552312040185573
TOKYOTECH_s01,3,34,4.133333333333334,-0.883150577545166,1.0527478649213378
TOKYOTECH_s01,3,35,4.166666666666667,-0.7313517332077026,0.9083762802153985
TOKYOTECH_s01,3,36,4.2,0.24181468784809113,0.7500284016890669
TOKYOTECH_s01,3,37,4.233333333333333,1.6864434480667114,0.5898100393508952
TOKYOTECH_s01,3,38,4.266666666666667,2.0689923763275146,0.4263385029168507
TOKYOTECH_s01,3,39,4.3,1.5285018682479858,0.25044809868052026
TOKYOTECH_s01,3,40,4.333333333333333,1.0335313081741333,0.05154900495631755
TOKYOTECH_s01,3,41,4.366666666666666,0.5833719372749329,-0.17678962715338914
TOKYOTECH_s01,3,42,4.4,0.010159029625356197,-0.4325376475537879
TOKYOTECH_s01,3,43,4.433333333333334,-0.2986758053302765,-0.7024481645319771
TOKYOTECH_s01,3,44,4.466666666666667,-0.13325248658657074,-0.9611927198565962
TOKYOTECH_s01,3,45,4.5,0.23850701749324799,-1.172855797983201
TOKYOTECH_s01,3,46,4.533333333333333,0.3291531503200531,-1.2952893960853231
TOKYOTECH_s01,3,47,4.566666666666666,0.07532817870378494,-1.2877468173089992
TOKYOTECH_s01,3,48,4.6,-0.21547192335128784,-1.121727742998689
TOKYOTECH_s01,3,49,4.633333333333334,-0.41846102476119995,-0.7932860245219303
TOKYOTECH_s01,3,50,4.666666666666667,-0.6104639172554016,-0.3323647908004271
TOKYOTECH_s01,3,51,4.7,-0.9137465953826904,0.19673227677351515
TOKYOTECH_s01,3,52,4.733333333333333,-1.1604442596435547,0.7075334989070079
TOKYOTECH_s01,3,53,4.766666666666667,-1.2617616653442383,1.1141850881326454
TOKYOTECH_s01,3,54,4.8,-1.1268556118011475,1.355945979021712
TOKYOTECH_s01,3,55,4.833333333333333,-0.8420014381408691,1.4124176402335284
TOKYOTECH_s01,3,56,4.866666666666666,-0.694770336151123,1.3039055473311487
TOKYOTECH_s01,3,57,4.9,-0.7476538419723511,1.0792038630605618
TOKYOTECH_s01,3,58,4.933333333333334,-0.7840383052825928,0.7973714656633691
TOKYOTECH_s01,3,59,4.966666666666667,-0.08576366305351257,0.5101938112585966
TOKYOTECH_s01,3,60,5.0,1.3755216598510742,0.2502249313435592
TOKYOTECH_s01,3,61,5.033333333333333,2.2132701873779297,0.026699346828565715
TOKYOTECH_s01,3,62,5.066666666666666,1.962989091873169,-0.17112607705927885
TOKYOTECH_s01,3,63,5.1,1.5719741582870483,-0.36525793386444255
TOKYOTECH_s01,3,64,5.133333333333334,1.145795464515686,-0.5770765824378887
TOKYOTECH_s01,3,65,5.166666666666667,0.5866008400917053,-0.8147164412887843
TOKYOTECH_s01,3,66,5.2,0.19385334849357605,-1.0635072655424596
TOKYOTECH_s01,3,67,5.233333333333333,0.09261474013328552,-1.2838608501363682
TOKYOTECH_s01,3,68,5.266666666666667,0.12147817760705948,-1.418928168357943
TOKYOTECH_s01,3,69,5.3,0.08292796462774277,-1.410595482190862
TOKYOTECH_s01,3,70,5.333333333333333,0.09084276854991913,-1.2190899920190792
TOKYOTECH_s01,3,71,5.366666666666666,0.02307472936809063,-0.8398732322861002
TOKYOTECH_s01,3,72,5.4,-0.2509113550186157,-0.3119066049235081
TOKYOTECH_s01,3,73,5.433333333333334,-0.5932955145835876,0.28662286555860367
TOKYOTECH_s01,3,74,5.466666666666667,-0.8367642760276794,0.8557416127652332
TOKYOTECH_s01,3,75,5.5,-0.9581639766693115,1.3000351793189187
TOKYOTECH_s01,3,76,5.533333333333333,-1.169973611831665,1.5544845322038905
TOKYOTECH_s01,3,77,5.566666666666666,-1.3111011981964111,1.5994644936913858
TOKYOTECH_s01,3,78,5.6,-1.251366138458252,1.4601766676449721
TOKYOTECH_s01,3,79,5.633333333333334,-1.071963906288147,1.1931826860103993
TOKYOTECH_s01,3,80,5.666666666666667,-0.8018367886543274,0.8664105890524645
TOKYOTECH_s01,3,81,5.7,-0.3558120131492615,0.5392155260633912
TOKYOTECH_s01,3,82,5.733333333333333,0.6825235486030579,0.2481238360505464
TOKYOTECH_s01,3,83,5.766666666666667,1.7684659957885742,0.0019994645282376427
TOKYOTECH_s01,3,84,5.8,1.885612964630127,-0.21281662937668044
TOKYOTECH_s01,3,85,5.833333333333333,1.5127509832382202,-0.4203054519111168
TOKYOTECH_s01,3,86,5.866666666666666,1.1249256134033203,-0.6405762519869157
TOKYOTECH_s01,3,87,5.9,0.6182994246482849,-0.8785624957809203
TOKYOTECH_s01,3,88,5.933333333333334,0.0249648317694664,-1.1183141141108737
TOKYOTECH_s01,3,89,5.966666666666667,-0.2907216250896454,-1.323558626106558
TOKYOTECH_s01,3,90,6.0,-0.07572249323129654,-1.4446928007268423
TOKYOTECH_s01,3,91,6.033333333333333,0.3175762891769409,-1.4318805243182489
TOKYOTECH_s01,3,92,6.066666666666666,0.4142077565193176,-1.2517845868921393
TOKYOTECH_s01,3,93,6.1,0.26567724347114563,-0.9025628794072855
TOKYOTECH_s01,3,94,6.133333333333334,0.029138807207345963,-0.4204809507097016
TOKYOTECH_s01,3,95,6.166666666666667,-0.2084234207868576,0.12619620480646002
TOKYOTECH_s01,3,96,6.2,-0.3852267265319824,0.6546704712157781
TOKYOTECH_s01,3,97,6.233333333333333,-0.5748670101165771,1.08938069068321
TOKYOTECH_s01,3,98,6.266666666666667,-0.8131774067878723,1.379166268743063
TOKYOTECH_s01,3,99,6.3,-0.9111477136611938,1.5041503432609744
TOKYOTECH_s01,3,100,6.333333333333333,-0.9636768102645874,1.4728780276798077
TOKYOTECH_s01,3,101,6.366666666666666,-1.013134479522705,1.3143509836675549
TOKYOTECH_s01,3,102,6.4,-0.8745269775390625,1.068654924485091
TOKYOTECH_s01,3,103,6.433333333333334,-0.1870022565126419,0.7772410190034911
TOKYOTECH_s01,3,104,6.466666666666667,1.1742258071899414,0.47374548306587105
TOKYOTECH_s01,3,105,6.5,2.0252442359924316,0.17771127653201926
TOKYOTECH_s01,3,106,6.533333333333333,1.7931160926818848,-0.10610583133611613
TOKYOTECH_s01,3,107,6.566666666666666,1.1741076707839966,-0.3819987465559005
TOKYOTECH_s01,3,108,6.6,0.7333593964576721,-0.6533656947411797
TOKYOTECH_s01,3,109,6.633333333333334,0.4899693727493286,-0.9129911089510161
TOKYOTECH_s01,3,110,6.666666666666667,0.3180488049983978,-1.137807113792687
TOKYOTECH_s01,3,111,6.7,0.2668585479259491,-1.290555300081916
TOKYOTECH_s01,3,112,6.733333333333333,0.2728438675403595,-1.3286246185568602
TOKYOTECH_s01,3,113,6.766666666666667,0.21590453386306763,-1.2181782036638387
TOKYOTECH_s01,3,114,6.8,0.14541947841644287,-0.949430972881593
TOKYOTECH_s01,3,115,6.833333333333333,-0.12533767521381378,-0.5470787385076421
TOKYOTECH_s01,3,116,6.866666666666666,-0.4846539795398712,-0.06977416007354653
TOKYOTECH_s01,3,117,6.9,-0.7666730284690857,0.4037413217669264
TOKYOTECH_s01,3,118,6.933333333333334,-0.8084915280342102,0.797143562650418
TOKYOTECH_s01,3,119,6.966666666666667,-0.6869342923164368,1.0577135340198445
TOKYOTECH_s01,3,120,7.0,-0.6935496926307678,1.1673505606874957
TOKYOTECH_s01,3,121,7.033333333333333,-0.8032937049865723,1.1404338905952802
TOKYOTECH_s01,3,122,7.066666666666666,-0.8642495274543762,1.0117667661138856
TOKYOTECH_s01,3,123,7.1,-0.7827388644218445,0.8212443870625014
TOKYOTECH_s01,3,124,7.133333333333334,-0.3028891682624817,0.6015233708066963
TOKYOTECH_s01,3,125,7.166666666666667,0.9567458629608154,0.37204840603762596
TOKYOTECH_s01,3,126,7.2,2.0603294372558594,0.13946023186090084
TOKYOTECH_s01,3,127,7.233333333333333,2.057257890701294,-0.09769455861865649
TOKYOTECH_s01,3,128,7.266666666666667,1.6293072700500488,-0.3424125317600939
TOKYOTECH_s01,3,129,7.3,1.2016322612762451,-0.5927600172458611
TOKYOTECH_s01,3,130,7.333333333333333,0.7529692053794861,-0.8369660031756425
TOKYOTECH_s01,3,131,7.366666666666666,0.36222994327545166,-1.0514446466950707
TOKYOTECH_s01,3,132,7.4,0.1405760794878006,-1.2028678757605944
TOKYOTECH_s01,3,133,7.433333333333334,0.03240710869431496,-1.2545401724249359
TOKYOTECH_s01,3,134,7.466666666666667,0.1271091103553772,-1.1758437838494724
TOKYOTECH_s01,3,135,7.5,0.32238030433654785,-0.9523503263434979
TOKYOTECH_s01,3,136,7.533333333333333,0.1756611168384552,-0.5939555330776888
TOKYOTECH_s01,3,137,7.566666666666666,-0.1511690765619278,-0.13830413197195254
TOKYOTECH_s01,3,138,7.6,-0.32238084077835083,0.35336079657916314
TOKYOTECH_s01,3,139,7.633333333333334,-0.4652017056941986,0.8089123943843648
TOKYOTECH_s01,3,140,7.666666666666667,-0.8150281310081482,1.1630466426490027
TOKYOTECH_s01,3,141,7.7,-0.9472959041595459,1.3729852098728885
TOKYOTECH_s01,3,142,7.733333333333333,-0.6763024926185608,1.4263766935273823
TOKYOTECH_s01,3,143,7.766666666666667,-0.6502348184585571,1.3397845198568668
TOKYOTECH_s01,3,144,7.8,-0.8231397867202759,1.149831403711776
TOKYOTECH_s01,3,145,7.833333333333333,-0.6905964016914368,0.90080525773596
TOKYOTECH_s01,3,146,7.866666666666666,0.024256043136119843,0.6325518387271892
TOKYOTECH_s01,3,147,7.9,1.214626669883728,0.37163736967400446
TOKYOTECH_s01,3,148,7.933333333333334,1.6224555969238281,0.12770765251225205
TOKYOTECH_s01,3,149,7.966666666666667,1.4594342708587646,-0.10446555177019298
TOKYOTECH_s01,3,150,8.0,1.3483514785766602,-0.33854836736206534
TOKYOTECH_s01,3,151,8.033333333333333,1.1318166255950928,-0.5880885000711492
TOKYOTECH_s01,3,152,8.066666666666666,0.8889778256416321,-0.8576539892585789
TOKYOTECH_s01,3,153,8.1,0.5486019253730774,-1.1350436304382883
TOKYOTECH_s01,3,154,8.133333333333333,0.1064361110329628,-1.3867915069952088
TOKYOTECH_s01,3,155,8.166666666666666,-0.03614847734570503,-1.5602867413799324
TOKYOTECH_s01,3,156,8.2,0.25539979338645935,-1.5951722294521937
TOKYOTECH_s01,3,157,8.233333333333333,0.31198474764823914,-1.4431123869232623
TOKYOTECH_s01,3,158,8.266666666666667,0.17026644945144653,-1.0895640377156564
TOKYOTECH_s01,3,159,8.3,-0.005316182505339384,-0.5675687824301082
TOKYOTECH_s01,3,160,8.333333333333334,-0.44645819067955017,0.04474926284024543
TOKYOTECH_s01,3,161,8.366666666666667,-0.9194562435150146,0.6442310000136482
TOKYOTECH_s01,3,162,8.4,-0.9429250359535217,1.1325068834231582
TOKYOTECH_s01,3,163,8.433333333333334,-0.7084342241287231,1.4428165160563087
TOKYOTECH_s01,3,164,8.466666666666667,-0.4905605614185333,1.5536419614074113
TOKYOTECH_s01,3,165,8.5,-0.4454737603664398,1.4863803540351592
TOKYOTECH_s01,3,166,8.533333333333333,-0.7621840238571167,1.2911381246054383
TOKYOTECH_s01,3,167,8.566666666666666,-1.0271921157836914,1.0278046642696466
TOKYOTECH_s01,3,168,8.6,-0.276309609413147,0.748653213088198
TOKYOTECH_s01,3,169,8.633333333333333,1.1948987245559692,0.4863473492657667
TOKYOTECH_s01,3,170,8.666666666666666,2.000633716583252,0.24962687493258642
TOKYOTECH_s01,3,171,8.7,1.8406049013137817,0.027338362538669628
TOKYOTECH_s01,3,172,8.733333333333333,1.2244709730148315,-0.20117934190982753
TOKYOTECH_s01,3,173,8.766666666666667,0.6518487334251404,-0.45348430408437734
TOKYOTECH_s01,3,174,8.8,0.362544983625412,-0.7332567042786126
TOKYOTECH_s01,3,175,8.833333333333334,0.24165718257427216,-1.023923958637287
TOKYOTECH_s01,3,176,8.866666666666667,0.5264325737953186,-1.2879143731234093
TOKYOTECH_s01,3,177,8.9,0.4901268780231476,-1.4720749012954235
TOKYOTECH_s01,3,178,8.933333333333334,0.055836502462625504,-1.519239909038725
TOKYOTECH_s01,3,179,8.966666666666667,-0.032604534178972244,-1.3846497838728995
TOKYOTECH_s01,3,180,9.0,-0.026107307523489,-1.0535296837936436
TOKYOTECH_s01,3,181,9.033333333333333,-0.1795993596315384,-0.553517247440334
TOKYOTECH_s01,3,182,9.066666666666666,-0.6027854084968567,0.04513804022000025
TOKYOTECH_s01,3,183,9.1,-0.7477719783782959,0.6449338134734732
TOKYOTECH_s01,3,184,9.133333333333333,-0.5558478236198425,1.1474208462666335
TOKYOTECH_s01,3,185,9.166666666666666,-0.6208988428115845,1.4794736687936476
TOKYOTECH_s01,3,186,9.2,-0.9009883999824524,1.6090269427117496
TOKYOTECH_s01,3,187,9.233333333333333,-0.8153431415557861,1.5460672657805805
TOKYOTECH_s01,3,188,9.266666666666667,-0.6318457126617432,1.3319826111106883
TOKYOTECH_s01,3,189,9.3,-1.0051802396774292,1.0241282560291876
TOKYOTECH_s01,3,190,9.333333333333334,-0.7799824476242065,0.6811567877799607
TOKYOTECH_s01,3,191,9.366666666666667,0.6508249640464783,0.35145584087081394
TOKYOTECH_s01,3,192,9.4,1.9025057554244995,0.06553987158044264
TOKYOTECH_s01,3,193,9.433333333333334,1.5964667797088623,-0.16679087344485155
TOKYOTECH_s01,3,194,9.466666666666667,1.0787756443023682,-0.3540888773154439
TOKYOTECH_s01,3,195,9.5,0.9709216356277466,-0.5163962179118083
TOKYOTECH_s01,3,196,9.533333333333333,0.9639518857002258,-0.6758385875097546
TOKYOTECH_s01,3,197,9.566666666666666,0.5565561056137085,-0.8471488046424624
TOKYOTECH_s01,3,198,9.6,0.04394460842013359,-1.0300689469702569
TOKYOTECH_s01,3,199,9.633333333333333,0.22941088676452637,-1.2048881421535216
TOKYOTECH_s01,3,200,9.666666666666666,0.4602002501487732,-1.33241071021852
TOKYOTECH_s01,3,201,9.7,0.3333665132522583,-1.3602287922632836
TOKYOTECH_s01,3,202,9.733333333333333,-0.18471838533878326,-1.2369273190483634
TOKYOTECH_s01,3,203,9.766666666666667,-0.32230207324028015,-0.9327127826355984
TOKYOTECH_s01,3,204,9.8,-0.21830707788467407,-0.4592125927627114
TOKYOTECH_s01,3,205,9.833333333333334,-0.3866049349308014,0.12243111660103326
TOKYOTECH_s01,3,206,9.866666666666667,-0.8608237504959106,0.7129525868756676
TOKYOTECH_s01,3,207,9.9,-0.9661968946456909,1.204100225963222
TOKYOTECH_s01,3,208,9.933333333333334,-0.7174909710884094,1.5130440883468124
TOKYOTECH_s01,3,209,9.966666666666667,-0.8168001174926758,1.6058182776772976
TOKYOTECH_s01,3,210,10.0,-1.0585756301879883,1.500606031453709
TOKYOTECH_s01,3,211,10.033333333333333,-0.9015002846717834,1.253112552578418
TOKYOTECH_s01,3,212,10.066666666666666,-0.6575589776039124,0.9334322043760233
TOKYOTECH_s01,3,213,10.1,-0.688942551612854,0.6044295707257809
TOKYOTECH_s01,3,214,10.133333333333333,0.16955766081809998,0.3079986120588797
TOKYOTECH_s01,3,215,10.166666666666666,1.4601824283599854,0.06093449736955277
TOKYOTECH_s01,3,216,10.2,1.8712009191513062,-0.14106660478018448
TOKYOTECH_s01,3,217,10.233333333333333,1.4951887130737305,-0.31440533350173405
TOKYOTECH_s01,3,218,10.266666666666667,1.1203972101211548,-0.47739708913585355
TOKYOTECH_s01,3,219,10.3,0.6421619653701782,-0.6422509355982935
TOKYOTECH_s01,3,220,10.333333333333334,0.25858935713768005,-0.8107956630264591
TOKYOTECH_s01,3,221,10.366666666666667,0.2786716818809509,-0.9736333626949689
TOKYOTECH_s01,3,222,10.4,0.18133141100406647,-1.1115361648293387
TOKYOTECH_s01,3,223,10.433333333333334,0.03158018738031387,-1.198183810223994
TOKYOTECH_s01,3,224,10.466666666666667,-0.011813408695161343,-1.2041581259643757
TOKYOTECH_s01,3,225,10.5,0.15463371574878693,-1.1027669796736284
TOKYOTECH_s01,3,226,10.533333333333333,-0.004922410938888788,-0.8780932396179097
TOKYOTECH_s01,3,227,10.566666666666666,-0.3582927882671356,-0.5341243894987111
TOKYOTECH_s01,3,228,10.6,-0.8822054862976074,-0.10138494152537267
TOKYOTECH_s01,3,229,10.633333333333333,-1.1424095630645752,0.3638985277037193
TOKYOTECH_s01,3,230,10.666666666666666,-1.036327600479126,0.7913572846701066
TOKYOTECH_s01,3,231,10.7,-0.805656373500824,1.1165424034057287
TOKYOTECH_s01,3,232,10.733333333333333,-0.6160160899162292,1.300607995206495
TOKYOTECH_s01,3,233,10.766666666666667,-0.9826565384864807,1.3392725456550132
TOKYOTECH_s01,3,234,10.8,-1.1970256567001343,1.2574707020434792
TOKYOTECH_s01,3,235,10.833333333333334,-1.1609562635421753,1.094817694172803
TOKYOTECH_s01,3,236,10.866666666666667,-0.994981586933136,0.8902169252483492
TOKYOTECH_s01,3,237,10.9,-0.820777177810669,0.6715066979619995
TOKYOTECH_s01,3,238,10.933333333333334,0.04733104258775711,0.45184858428261426
TOKYOTECH_s01,3,239,10.966666666666667,1.415292501449585,0.23171431035025808
TOKYOTECH_s01,4,0,4.0,-1.4117885828018188,0.0779184544183307
TOKYOTECH_s01,4,1,4.033333333333333,-1.3696550130844116,-0.04397823667960263
TOKYOTECH_s01,4,2,4.066666666666666,-1.128430724143982,-0.11975511008953595
TOKYOTECH_s01,4,3,4.1,-0.920834481716156,-0.11127773975508873
TOKYOTECH_s01,4,4,4.133333333333334,-0.883150577545166,-0.0036299001157502854
TOKYOTECH_s01,4,5,4.166666666666667,-0.7313517332077026,0.1900177136474374
TOKYOTECH_s01,4,6,4.2,0.24181468784809113,0.43096108730475613
TOKYOTECH_s01,4,7,4.233333333333333,1.6864434480667114,0.6646927807476515
TOKYOTECH_s01,4,8,4.266666666666667,2.0689923763275146,0.8348267458766918
TOKYOTECH_s01,4,9,4.3,1.5285018682479858,0.8966781218449726
TOKYOTECH_s01,4,10,4.333333333333333,1.0335313081741333,0.8267219798855414
TOKYOTECH_s01,4,11,4.366666666666666,0.5833719372749329,0.6262966107645428
TOKYOTECH_s01,4,12,4.4,0.010159029625356197,0.31986809223974977
TOKYOTECH_s01,4,13,4.433333333333334,-0.2986758053302765,-0.0506225478540499
TOKYOTECH_s01,4,14,4.466666666666667,-0.13325248658657074,-0.4333085424697467
TOKYOTECH_s01,4,15,4.5,0.23850701749324799,-0.7740422109618633
TOKYOTECH_s01,4,16,4.533333333333333,0.3291531503200531,-1.0231841455423767
TOKYOTECH_s01,4,17,4.566666666666666,0.07532817870378494,-1.141676769832589
TOKYOTECH_s01,4,18,4.6,-0.21547192335128784,-1.1071765747994735
TOKYOTECH_s01,4,19,4.633333333333334,-0.41846102476119995,-0.9203052348414407
TOKYOTECH_s01,4,20,4.666666666666667,-0.6104639172554016,-0.6090082833530519
TOKYOTECH_s01,4,21,4.7,-0.9137465953826904,-0.2272015867524572
TOKYOTECH_s01,4,22,4.733333333333333,-1.1604442596435547,0.15554714748010193
TOKYOTECH_s01,4,23,4.766666666666667,-1.2617616653442383,0.4724435577896072
TOKYOTECH_s01,4,24,4.8,-1.1268556118011475,0.6791639307094579
TOKYOTECH_s01,4,25,4.833333333333333,-0.8420014381408691,0.7654466881828298
TOKYOTECH_s01,4,26,4.866666666666666,-0.694770336151123,0.7533533542687383
TOKYOTECH_s01,4,27,4.9,-0.7476538419723511,0.6840898932600425
TOKYOTECH_s01,4,28,4.933333333333334,-0.7840383052825928,0.5998838205254656
TOKYOTECH_s01,4,29,4.966666666666667,-0.08576366305351257,0.5281433993811616
TOKYOTECH_s01,4,30,5.0,1.3755216598510742,0.47317418409113293
TOKYOTECH_s01,4,31,5.033333333333333,2.2132701873779297,0.41736000837254217
TOKYOTECH_s01,4,32,5.066666666666666,1.962989091873169,0.330221135490766
TOKYOTECH_s01,4,33,5.1,1.5719741582870483,0.18156983320558653
TOKYOTECH_s01,4,34,5.133333333333334,1.145795464515686,-0.04531209098561454
TOKYOTECH_s01,4,35,5.166666666666667,0.5866008400917053,-0.3438569214519443
TOKYOTECH_s01,4,36,5.2,0.19385334849357605,-0.680443103060178
TOKYOTECH_s01,4,37,5.233333333333333,0.09261474013328552,-0.9983785169152719
TOKYOTECH_s01,4,38,5.266666666666667,0.12147817760705948,-1.2295236124456599
TOKYOTECH_s01,4,39,5.3,0.08292796462774277,-1.311195306173384
TOKYOTECH_s01,4,40,5.333333333333333,0.09084276854991913,-1.2041401941872467
TOKYOTECH_s01,4,41,5.366666666666666,0.02307472936809063,-0.9064798264097969
TOKYOTECH_s01,4,42,5.4,-0.2509113550186157,-0.4589156421519253
TOKYOTECH_s01,4,43,5.433333333333334,-0.5932955145835876,0.06181602023788767
TOKYOTECH_s01,4,44,5.466666666666667,-0.8367642760276794,0.5611957446408065
TOKYOTECH_s01,4,45,5.5,-0.9581639766693115,0.9523272825927829
TOKYOTECH_s01,4,46,5.533333333333333,-1.169973611831665,1.1794559472084156
TOKYOTECH_s01,4,47,5.566666666666666,-1.3111011981964111,1.2301118677847431
TOKYOTECH_s01,4,48,5.6,-1.251366138458252,1.1319137598954085
TOKYOTECH_s01,4,49,5.633333333333334,-1.071963906288147,0.937381564664312
TOKYOTECH_s01,4,50,5.666666666666667,-0.8018367886543274,0.7040342961617841
TOKYOTECH_s01,4,51,5.7,-0.3558120131492615,0.4768505617041029
TOKYOTECH_s01,4,52,5.733333333333333,0.6825235486030579,0.27776290130214737
TOKYOTECH_s01,4,53,5.766666666666667,1.7684659957885742,0.10410210679787892
TOKYOTECH_s01,4,54,5.8,1.885612964630127,-0.0643446609248505
TOKYOTECH_s01,4,55,5.833333333333333,1.5127509832382202,-0.2522565200992784
TOKYOTECH_s01,4,56,5.866666666666666,1.1249256134033203,-0.4746076483179373
TOKYOTECH_s01,4,57,5.9,0.6182994246482849,-0.7267871758477044
TOKYOTECH_s01,4,58,5.933333333333334,0.0249648317694664,-0.9818860737901196
TOKYOTECH_s01,4,59,5.966666666666667,-0.2907216250896454,-1.1949218195086113
TOKYOTECH_s01,4,60,6.0,-0.07572249323129654,-1.3125488522368551
TOKYOTECH_s01,4,61,6.033333333333333,0.3175762891769409,-1.286701597362828
TOKYOTECH_s01,4,62,6.066666666666666,0.4142077565193176,-1.0898204061967758
TOKYOTECH_s01,4,63,6.1,0.26567724347114563,-0.7275664774985174
TOKYOTECH_s01,4,64,6.133333333333334,0.029138807207345963,-0.24359694912169286
TOKYOTECH_s01,4,65,6.166666666666667,-0.2084234207868576,0.28771041158601723
TOKYOTECH_s01,4,66,6.2,-0.3852267265319824,0.7799032775276008
TOKYOTECH_s01,4,67,6.233333333333333,-0.5748670101165771,1.1579912429594998
TOKYOTECH_s01,4,68,6.266666666666667,-0.8131774067878723,1.3773399129273831
TOKYOTECH_s01,4,69,6.3,-0.9111477136611938,1.4305700622798918
TOKYOTECH_s01,4,70,6.333333333333333,-0.9636768102645874,1.3416758238599147
TOKYOTECH_s01,4,71,6.366666666666666,-1.013134479522705,1.1524745896713708
TOKYOTECH_s01,4,72,6.4,-0.8745269775390625,0.907627887410552
TOKYOTECH_s01,4,73,6.433333333333334,-0.1870022565126419,0.6423893610066105
TOKYOTECH_s01,4,74,6.466666666666667,1.1742258071899414,0.37534344709577216
TOKYOTECH_s01,4,75,6.5,2.0252442359924316,0.10749157876779201
TOKYOTECH_s01,4,76,6.533333333333333,1.7931160926818848,-0.17182989008697994
TOKYOTECH_s01,4,77,6.566666666666666,1.1741076707839966,-0.4735575302245579
TOKYOTECH_s01,4,78,6.6,0.7333593964576721,-0.7960577212258191
TOKYOTECH_s01,4,79,6.633333333333334,0.4899693727493286,-1.1163593166165264
TOKYOTECH_s01,4,80,6.666666666666667,0.3180488049983978,-1.3896979255678201
TOKYOTECH_s01,4,81,6.7,0.2668585479259491,-1.5583916612268616
TOKYOTECH_s01,4,82,6.733333333333333,0.2728438675403595,-1.5677806007849293
TOKYOTECH_s01,4,83,6.766666666666667,0.21590453386306763,-1.3846195641269965
TOKYOTECH_s01,4,84,6.8,0.14541947841644287,-1.0121692032374348
TOKYOTECH_s01,4,85,6.833333333333333,-0.12533767521381378,-0.4961420649663057
TOKYOTECH_s01,4,86,6.866666666666666,-0.4846539795398712,0.08288586834686092
TOKYOTECH_s01,4,87,6.9,-0.7666730284690857,0.630326083209707
TOKYOTECH_s01,4,88,6.933333333333334,-0.8084915280342102,1.0642178217959928
TOKYOTECH_s01,4,89,6.966666666666667,-0.6869342923164368,1.3360731092429095
TOKYOTECH_s01,4,90,7.0,-0.6935496926307678,1.437649837641757
TOKYOTECH_s01,4,91,7.033333333333333,-0.8032937049865723,1.3932090959875683
TOKYOTECH_s01,4,92,7.066666666666666,-0.8642495274543762,1.2433965801855815
TOKYOTECH_s01,4,93,7.1,-0.7827388644218445,1.0289336068970303
TOKYOTECH_s01,4,94,7.133333333333334,-0.3028891682624817,0.7798404768568843
TOKYOTECH_s01,4,95,7.166666666666667,0.9567458629608154,0.5118600732158467
TOKYOTECH_s01,4,96,7.2,2.0603294372558594,0.22902584853797694
TOKYOTECH_s01,4,97,7.233333333333333,2.057257890701294,-0.0698357459735211
TOKYOTECH_s01,4,98,7.266666666666667,1.6293072700500488,-0.38337924058881606
TOKYOTECH_s01,4,99,7.3,1.2016322612762451,-0.7014434594268557
TOKYOTECH_s01,4,100,7.333333333333333,0.7529692053794861,-1.0020792379220054
TOKYOTECH_s01,4,101,7.366666666666666,0.36222994327545166,-1.2527438253894734
TOKYOTECH_s01,4,102,7.4,0.1405760794878006,-1.4155442407618675
TOKYOTECH_s01,4,103,7.433333333333334,0.03240710869431496,-1.4554006697651556
TOKYOTECH_s01,4,104,7.466666666666667,0.1271091103553772,-1.3489656470943934
TOKYOTECH_s01,4,105,7.5,0.32238030433654785,-1.0918895747881616
TOKYOTECH_s01,4,106,7.533333333333333,0.1756611168384552,-0.7028797010923644
TOKYOTECH_s01,4,107,7.566666666666666,-0.1511690765619278,-0.22365060245929894
TOKYOTECH_s01,4,108,7.6,-0.32238084077835083,0.2863648391807598
TOKYOTECH_s01,4,109,7.633333333333334,-0.4652017056941986,0.7608959954862067
TOKYOTECH_s01,4,110,7.666666666666667,-0.8150281310081482,1.1407545899474973
TOKYOTECH_s01,4,111,7.7,-0.9472959041595459,1.385900171226261
TOKYOTECH_s01,4,112,7.733333333333333,-0.6763024926185608,1.4816407564252339
TOKYOTECH_s01,4,113,7.766666666666667,-0.6502348184585571,1.4378236797478867
TOKYOTECH_s01,4,114,7.8,-0.8231397867202759,1.2822489065596154
TOKYOTECH_s01,4,115,7.833333333333333,-0.6905964016914368,1.050841768332488
TOKYOTECH_s01,4,116,7.866666666666666,0.024256043136119843,0.7776890829894028
TOKYOTECH_s01,4,117,7.9,1.214626669883728,0.48778907762195167
TOKYOTECH_s01,4,118,7.933333333333334,1.6224555969238281,0.19421583640948656
TOKYOTECH_s01,4,119,7.966666666666667,1.4594342708587646,-0.10019370453515992
TOKYOTECH_s01,4,120,8.0,1.3483514785766602,-0.3978693925232823
TOKYOTECH_s01,4,121,8.033333333333333,1.1318166255950928,-0.7000344402065688
TOKYOTECH_s01,4,122,8.066666666666666,0.8889778256416321,-1.000245311055061
TOKYOTECH_s01,4,123,8.1,0.5486019253730774,-1.2791792959920352
TOKYOTECH_s01,4,124,8.133333333333333,0.1064361110329628,-1.5022826490750536
TOKYOTECH_s01,4,125,8.166666666666666,-0.03614847734570503,-1.622673464604887
TOKYOTECH_s01,4,126,8.2,0.25539979338645935,-1.591591628050013
TOKYOTECH_s01,4,127,8.233333333333333,0.31198474764823914,-1.3758077184060231
TOKYOTECH_s01,4,128,8.266666666666667,0.17026644945144653,-0.9759917438508701
TOKYOTECH_s01,4,129,8.3,-0.005316182505339384,-0.43640417223512973
TOKYOTECH_s01,4,130,8.333333333333334,-0.44645819067955017,0.16146479753274007
TOKYOTECH_s01,4,131,8.366666666666667,-0.9194562435150146,0.7209098452236019
TOKYOTECH_s01,4,132,8.4,-0.9429250359535217,1.158391268521646
TOKYOTECH_s01,4,133,8.433333333333334,-0.7084342241287231,1.4253300018592365
TOKYOTECH_s01,4,134,8.466666666666667,-0.4905605614185333,1.514987834310513
TOKYOTECH_s01,4,135,8.5,-0.4454737603664398,1.4547126196327425
TOKYOTECH_s01,4,136,8.533333333333333,-0.7621840238571167,1.290015845597013
TOKYOTECH_s01,4,137,8.566666666666666,-1.0271921157836914,1.0681224765867836
TOKYOTECH_s01,4,138,8.6,-0.276309609413147,0.8258872745854404
TOKYOTECH_s01,4,139,8.633333333333333,1.1948987245559692,0.5835612811602923
TOKYOTECH_s01,4,140,8.666666666666666,2.000633716583252,0.34430003612732124
TOKYOTECH_s01,4,141,8.7,1.8406049013137817,0.09881911492961662
TOKYOTECH_s01,4,142,8.733333333333333,1.2244709730148315,-0.16631841638656386
TOKYOTECH_s01,4,143,8.766666666666667,0.6518487334251404,-0.4593303693941776
TOKYOTECH_s01,4,144,8.8,0.362544983625412,-0.7754743865828907
TOKYOTECH_s01,4,145,8.833333333333334,0.24165718257427216,-1.092877920126697
TOKYOTECH_s01,4,146,8.866666666666667,0.5264325737953186,-1.3727764152053306
TOKYOTECH_s01,4,147,8.9,0.4901268780231476,-1.5643992329561864
TOKYOTECH_s01,4,148,8.933333333333334,0.055836502462625504,-1.6147493057050908
TOKYOTECH_s01,4,149,8.966666666666667,-0.032604534178972244,-1.4828797465185688
TOKYOTECH_s01,4,150,9.0,-0.026107307523489,-1.1559871735499414
TOKYOTECH_s01,4,151,9.033333333333333,-0.1795993596315384,-0.6615288483373863
TOKYOTECH_s01,4,152,9.066666666666666,-0.6027854084968567,-0.06807013680655094
TOKYOTECH_s01,4,153,9.1,-0.7477719783782959,0.5292154729983188
TOKYOTECH_s01,4,154,9.133333333333333,-0.5558478236198425,1.0345127981022009
TOKYOTECH_s01,4,155,9.166666666666666,-0.6208988428115845,1.3778944931142494
TOKYOTECH_s01,4,156,9.2,-0.9009883999824524,1.5311117079831063
TOKYOTECH_s01,4,157,9.233333333333333,-0.8153431415557861,1.5074445609367162
TOKYOTECH_s01,4,158,9.266666666666667,-0.6318457126617432,1.348700782333818
TOKYOTECH_s01,4,159,9.3,-1.0051802396774292,1.1075535059628412
TOKYOTECH_s01,4,160,9.333333333333334,-0.7799824476242065,0.8326018506267062
TOKYOTECH_s01,4,161,9.366666666666667,0.6508249640464783,0.5594043200103188
TOKYOTECH_s01,4,162,9.4,1.9025057554244995,0.30733084901992164
TOKYOTECH_s01,4,163,9.433333333333334,1.5964667797088623,0.08069575422112928
TOKYOTECH_s01,4,164,9.466666666666667,1.0787756443023682,-0.12736972844643754
TOKYOTECH_s01,4,165,9.5,0.9709216356277466,-0.32939204946940215
TOKYOTECH_s01,4,166,9.533333333333333,0.9639518857002258,-0.5372380863234448
TOKYOTECH_s01,4,167,9.566666666666666,0.5565561056137085,-0.7559841596544996
TOKYOTECH_s01,4,168,9.6,0.04394460842013359,-0.979114222796308
TOKYOTECH_s01,4,169,9.633333333333333,0.22941088676452637,-1.1860483918024576
TOKYOTECH_s01,4,170,9.666666666666666,0.4602002501487732,-1.3426443852515884
TOKYOTECH_s01,4,171,9.7,0.3333665132522583,-1.4055779580752128
TOKYOTECH_s01,4,172,9.733333333333333,-0.18471838533878326,-1.3321729013876853
TOKYOTECH_s01,4,173,9.766666666666667,-0.32230207324028015,-1.0957268013228916
TOKYOTECH_s01,4,174,9.8,-0.21830707788467407,-0.7016551133327257
TOKYOTECH_s01,4,175,9.833333333333334,-0.3866049349308014,-0.19576377770140552
TOKYOTECH_s01,4,176,9.866666666666667,-0.8608237504959106,0.34270641755104886
TOKYOTECH_s01,4,177,9.9,-0.9661968946456909,0.8232627668684621
TOKYOTECH_s01,4,178,9.933333333333334,-0.7174909710884094,1.1721344698352054
TOKYOTECH_s01,4,179,9.966666666666667,-0.8168001174926758,1.3525344440188956
TOKYOTECH_s01,4,180,10.0,-1.0585756301879883,1.3689955230473556
TOKYOTECH_s01,4,181,10.033333333333333,-0.9015002846717834,1.25701548750959
TOKYOTECH_s01,4,182,10.066666666666666,-0.6575589776039124,1.0653966303949236
TOKYOTECH_s01,4,183,10.1,-0.688942551612854,0.8394600049896532
TOKYOTECH_s01,4,184,10.133333333333333,0.16955766081809998,0.6104936691966746
TOKYOTECH_s01,4,185,10.166666666666666,1.4601824283599854,0.39287738266560607
TOKYOTECH_s01,4,186,10.2,1.8712009191513062,0.1873278351218239
TOKYOTECH_s01,4,187,10.233333333333333,1.4951887130737305,-0.012736729082765687
TOKYOTECH_s01,4,188,10.266666666666667,1.1203972101211548,-0.21479844506093276
TOKYOTECH_s01,4,189,10.3,0.6421619653701782,-0.4228133090907705
TOKYOTECH_s01,4,190,10.333333333333334,0.25858935713768005,-0.635041124702343
TOKYOTECH_s01,4,191,10.366666666666667,0.2786716818809509,-0.8432048353347695
TOKYOTECH_s01,4,192,10.4,0.18133141100406647,-1.0321050776392093
TOKYOTECH_s01,4,193,10.433333333333334,0.03158018738031387,-1.179646477223385
TOKYOTECH_s01,4,194,10.466666666666667,-0.011813408695161343,-1.257985796816575
TOKYOTECH_s01,4,195,10.5,0.15463371574878693,-1.2369538820332224
TOKYOTECH_s01,4,196,10.533333333333333,-0.004922410938888788,-1.0908196805472745
TOKYOTECH_s01,4,197,10.566666666666666,-0.3582927882671356,-0.8080869550206797
TOKYOTECH_s01,4,198,10.6,-0.8822054862976074,-0.40132114913598016
TOKYOTECH_s01,4,199,10.633333333333333,-1.1424095630645752,0.08823714613342598
TOKYOTECH_s01,4,200,10.666666666666666,-1.036327600479126,0.5960085043102545
TOKYOTECH_s01,4,201,10.7,-0.805656373500824,1.0496201798808371
TOKYOTECH_s01,4,202,10.733333333333333,-0.6160160899162292,1.3883176981248753
TOKYOTECH_s01,4,203,10.766666666666667,-0.9826565384864807,1.5768772025529072
TOKYOTECH_s01,4,204,10.8,-1.1970256567001343,1.6086980752127857
TOKYOTECH_s01,4,205,10.833333333333334,-1.1609562635421753,1.4998297609247138
TOKYOTECH_s01,4,206,10.866666666666667,-0.994981586933136,1.2797214753580548
TOKYOTECH_s01,4,207,10.9,-0.820777177810669,0.9836082579316863
TOKYOTECH_s01,4,208,10.933333333333334,0.04733104258775711,0.6476283051063115
TOKYOTECH_s01,4,209,10.966666666666667,1.415292501449585,0.30494388699377967
TOKYOTECH_s01,4,210,11.0,1.8220583200454712,-0.01827862266711756
TOKYOTECH_s01,4,211,11.033333333333333,1.5951672792434692,-0.30609120286973496
TOKYOTECH_s01,4,212,11.066666666666666,1.2664076089859009,-0.5535747678546253
TOKYOTECH_s01,4,213,11.1,0.9778913855552673,-0.7645730657327344
TOKYOTECH_s01,4,214,11.133333333333333,0.39794501662254333,-0.946999486511157
TOKYOTECH_s01,4,215,11.166666666666666,0.07922651618719101,-1.107123088068731
TOKYOTECH_s01,4,216,11.2,0.33017697930336,-1.2442532299058566
TOKYOTECH_s01,4,217,11.233333333333333,0.3295075595378876,-1.3471313076745415
TOKYOTECH_s01,4,218,11.266666666666667,-0.057215239852666855,-1.3935418845382832
TOKYOTECH_s01,4,219,11.3,-0.05280500277876854,-1.35456151651674
TOKYOTECH_s01,4,220,11.333333333333334,-0.0020872578024864197,-1.2036984004975808
TOKYOTECH_s01,4,221,11.366666666666667,-0.3823128342628479,-0.9290185852583903
TOKYOTECH_s01,4,222,11.4,-0.7677361965179443,-0.5440619144881388
TOKYOTECH_s01,4,223,11.433333333333334,-0.7408416271209717,-0.09217351312962771
TOKYOTECH_s01,4,224,11.466666666666667,-0.7338324785232544,0.3599014999020225
TOKYOTECH_s01,4,225,11.5,-0.9369003176689148,0.7388868233484508
TOKYOTECH_s01,4,226,11.533333333333333,-1.1677290201187134,0.9859414203322574
TOKYOTECH_s01,4,227,11.566666666666666,-1.1598536968231201,1.0724445590408043
TOKYOTECH_s01,4,228,11.6,-1.1821410655975342,1.0046463270823707
TOKYOTECH_s01,4,229,11.633333333333333,-1.0057709217071533,0.817559306110368
TOKYOTECH_s01,4,230,11.666666666666666,-0.8823630213737488,0.5627539490853317
TOKYOTECH_s01,4,231,11.7,-0.9022878408432007,0.29521874130586256
TOKYOTECH_s01,4,232,11.733333333333333,-0.6044391989707947,0.062366139844846326
TOKYOTECH_s01,4,233,11.766666666666667,0.4561837911605835,-0.1037257017198589
TOKYOTECH_s01,4,234,11.8,1.705698847770691,-0.19001566309173828
TOKYOTECH_s01,4,235,11.833333333333334,1.7854375839233398,-0.20121853996916114
TOKYOTECH_s01,4,236,11.866666666666667,1.2607766389846802,-0.15387689212678052
TOKYOTECH_s01,4,237,11.9,0.9339464902877808,-0.06817670109865324
TOKYOTECH_s01,4,238,11.933333333333334,0.6771682500839233,0.03893583539878124
TOKYOTECH_s01,4,239,11.966666666666667,0.5245818495750427,0.1565243448264532
TOKYOTECH_s01,5,0,5.0,1.3755216598510742,-0.006878254156567978
TOKYOTECH_s01,5,1,5.033333333333333,2.2132701873779297,-0.04402362202630097
TOKYOTECH_s01,5,2,5.066666666666666,1.962989091873169,-0.10339205570733584
TOKYOTECH_s01,5,3,5.1,1.5719741582870483,-0.20285902346627424
TOKYOTECH_s01,5,4,5.133333333333334,1.145795464515686,-0.3496710293978204
TOKYOTECH_s01,5,5,5.166666666666667,0.5866008400917053,-0.535269652351238
TOKYOTECH_s01,5,6,5.2,0.19385334849357605,-0.732615116471335
TOKYOTECH_s01,5,7,5.233333333333333,0.09261474013328552,-0.8988625203761014
TOKYOTECH_s01,5,8,5.266666666666667,0.12147817760705948,-0.9844325749176253
TOKYOTECH_s01,5,9,5.3,0.08292796462774277,-0.946633393329555
TOKYOTECH_s01,5,10,5.333333333333333,0.09084276854991913,-0.764088671575151
TOKYOTECH_s01,5,11,5.366666666666666,0.02307472936809063,-0.44745377380930457
TOKYOTECH_s01,5,12,5.4,-0.2509113550186157,-0.04195856508675307
TOKYOTECH_s01,5,13,5.433333333333334,-0.5932955145835876,0.3809589355027343
TOKYOTECH_s01,5,14,5.466666666666667,-0.8367642760276794,0.7418222408913345
TOKYOTECH_s01,5,15,5.5,-0.9581639766693115,0.9754733893117893
TOKYOTECH_s01,5,16,5.533333333333333,-1.169973611831665,1.0493030668071155
TOKYOTECH_s01,5,17,5.566666666666666,-1.3111011981964111,0.9703163376685789
TOKYOTECH_s01,5,18,5.6,-1.251366138458252,0.7791517361253469
TOKYOTECH_s01,5,19,5.633333333333334,-1.071963906288147,0.5346559300051638
TOKYOTECH_s01,5,20,5.666666666666667,-0.8018367886543274,0.29505282773656777
TOKYOTECH_s01,5,21,5.7,-0.3558120131492615,0.10142087083983524
TOKYOTECH_s01,5,22,5.733333333333333,0.6825235486030579,-0.03215620648146513
TOKYOTECH_s01,5,23,5.766666666666667,1.7684659957885742,-0.11924728825003582
TOKYOTECH_s01,5,24,5.8,1.885612964630127,-0.19248507833380082
TOKYOTECH_s01,5,25,5.833333333333333,1.5127509832382202,-0.28852207041008554
TOKYOTECH_s01,5,26,5.866666666666666,1.1249256134033203,-0.4317116150942469
TOKYOTECH_s01,5,27,5.9,0.6182994246482849,-0.6221904617892347
TOKYOTECH_s01,5,28,5.933333333333334,0.0249648317694664,-0.8320810473358498
TOKYOTECH_s01,5,29,5.966666666666667,-0.2907216250896454,-1.010655075893552
TOKYOTECH_s01,5,30,6.0,-0.07572249323129654,-1.0971784528051054
TOKYOTECH_s01,5,31,6.033333333333333,0.3175762891769409,-1.038684915999697
TOKYOTECH_s01,5,32,6.066666666666666,0.4142077565193176,-0.808391973538504
TOKYOTECH_s01,5,33,6.1,0.26567724347114563,-0.41898803212442526
TOKYOTECH_s01,5,34,6.133333333333334,0.029138807207345963,0.07520782578558975
TOKYOTECH_s01,5,35,6.166666666666667,-0.2084234207868576,0.590207087042393
TOKYOTECH_s01,5,36,6.2,-0.3852267265319824,1.0351667025559461
TOKYOTECH_s01,5,37,6.233333333333333,-0.5748670101165771,1.3372455533999303
TOKYOTECH_s01,5,38,6.266666666666667,-0.8131774067878723,1.4589499082570423
TOKYOTECH_s01,5,39,6.3,-0.9111477136611938,1.4026491717403684
TOKYOTECH_s01,5,40,6.333333333333333,-0.9636768102645874,1.2032285515362915
TOKYOTECH_s01,5,41,6.366666666666666,-1.013134479522705,0.9140707295813709
TOKYOTECH_s01,5,42,6.4,-0.8745269775390625,0.59160050441037
TOKYOTECH_s01,5,43,6.433333333333334,-0.1870022565126419,0.28168574796370965
TOKYOTECH_s01,5,44,6.466666666666667,1.1742258071899414,0.01019857785295792
TOKYOTECH_s01,5,45,6.5,2.0252442359924316,-0.22008203817884925
TOKYOTECH_s01,5,46,6.533333333333333,1.7931160926818848,-0.42483089327765455
TOKYOTECH_s01,5,47,6.566666666666666,1.1741076707839966,-0.6265666641630359
TOKYOTECH_s01,5,48,6.6,0.7333593964576721,-0.8398027251840756
TOKYOTECH_s01,5,49,6.633333333333334,0.4899693727493286,-1.0586650034442273
TOKYOTECH_s01,5,50,6.666666666666667,0.3180488049983978,-1.2521886235152753
TOKYOTECH_s01,5,51,6.7,0.2668585479259491,-1.369861292524737
TOKYOTECH_s01,5,52,6.733333333333333,0.2728438675403595,-1.356468812679079
TOKYOTECH_s01,5,53,6.766666666666667,0.21590453386306763,-1.1720536016992154
TOKYOTECH_s01,5,54,6.8,0.14541947841644287,-0.8105785181189996
TOKYOTECH_s01,5,55,6.833333333333333,-0.12533767521381378,-0.31000690296992456
TOKYOTECH_s01,5,56,6.866666666666666,-0.4846539795398712,0.25224602381711086
TOKYOTECH_s01,5,57,6.9,-0.7666730284690857,0.779398802754597
TOKYOTECH_s01,5,58,6.933333333333334,-0.8084915280342102,1.1836569017389316
TOKYOTECH_s01,5,59,6.966666666666667,-0.6869342923164368,1.4104497685181383
TOKYOTECH_s01,5,60,7.0,-0.6935496926307678,1.4488871615687748
TOKYOTECH_s01,5,61,7.033333333333333,-0.8032937049865723,1.3265223127486345
TOKYOTECH_s01,5,62,7.066666666666666,-0.8642495274543762,1.0934748697888945
TOKYOTECH_s01,5,63,7.1,-0.7827388644218445,0.8038901566747597
TOKYOTECH_s01,5,64,7.133333333333334,-0.3028891682624817,0.5013907961327103
TOKYOTECH_s01,5,65,7.166666666666667,0.9567458629608154,0.21177088952507067
TOKYOTECH_s01,5,66,7.2,2.0603294372558594,-0.05686831866316915
TOKYOTECH_s01,5,67,7.233333333333333,2.057257890701294,-0.3082992756332024
TOKYOTECH_s01,5,68,7.266666666666667,1.6293072700500488,-0.5495034571474726
TOKYOTECH_s01,5,69,7.3,1.2016322612762451,-0.7822364459463991
TOKYOTECH_s01,5,70,7.333333333333333,0.7529692053794861,-0.9973369952902005
TOKYOTECH_s01,5,71,7.366666666666666,0.36222994327545166,-1.1732780192096486
TOKYOTECH_s01,5,72,7.4,0.1405760794878006,-1.2793249899922197
TOKYOTECH_s01,5,73,7.433333333333334,0.03240710869431496,-1.2825132859068078
TOKYOTECH_s01,5,74,7.466666666666667,0.1271091103553772,-1.1566468009265172
TOKYOTECH_s01,5,75,7.5,0.32238030433654785,-0.8911754012872539
TOKYOTECH_s01,5,76,7.533333333333333,0.1756611168384552,-0.49815989865728655
TOKYOTECH_s01,5,77,7.566666666666666,-0.1511690765619278,-0.01546181759355762
TOKYOTECH_s01,5,78,7.6,-0.32238084077835083,0.49639237468820946
TOKYOTECH_s01,5,79,7.633333333333334,-0.4652017056941986,0.9651782729845525
TOKYOTECH_s01,5,80,7.666666666666667,-0.8150281310081482,1.3233401817432213
TOKYOTECH_s01,5,81,7.7,-0.9472959041595459,1.5238137769928055
TOKYOTECH_s01,5,82,7.733333333333333,-0.6763024926185608,1.5496832411467485
TOKYOTECH_s01,5,83,7.766666666666667,-0.6502348184585571,1.415214463112648
TOKYOTECH_s01,5,84,7.8,-0.8231397867202759,1.1590409200413814
TOKYOTECH_s01,5,85,7.833333333333333,-0.6905964016914368,0.832287105326693
TOKYOTECH_s01,5,86,7.866666666666666,0.024256043136119843,0.48516850034017495
TOKYOTECH_s01,5,87,7.9,1.214626669883728,0.1556072418952408
TOKYOTECH_s01,5,88,7.933333333333334,1.6224555969238281,-0.13707811295990596
TOKYOTECH_s01,5,89,7.966666666666667,1.4594342708587646,-0.3918042711571291
TOKYOTECH_s01,5,90,8.0,1.3483514785766602,-0.6195151441181769
TOKYOTECH_s01,5,91,8.033333333333333,1.1318166255950928,-0.833839979307777
TOKYOTECH_s01,5,92,8.066666666666666,0.8889778256416321,-1.0414329467027195
TOKYOTECH_s01,5,93,8.1,0.5486019253730774,-1.2341878777787465
TOKYOTECH_s01,5,94,8.133333333333333,0.1064361110329628,-1.3855082969006793
TOKYOTECH_s01,5,95,8.166666666666666,-0.03614847734570503,-1.4530856645228687
TOKYOTECH_s01,5,96,8.2,0.25539979338645935,-1.3898514562380966
TOKYOTECH_s01,5,97,8.233333333333333,0.31198474764823914,-1.1617105452739482
TOKYOTECH_s01,5,98,8.266666666666667,0.17026644945144653,-0.7659678147886867
TOKYOTECH_s01,5,99,8.3,-0.005316182505339384,-0.24147581650163832
TOKYOTECH_s01,5,100,8.333333333333334,-0.44645819067955017,0.3363289097780546
TOKYOTECH_s01,5,101,8.366666666666667,-0.9194562435150146,0.8753365277091175
TOKYOTECH_s01,5,102,8.4,-0.9429250359535217,1.2932518160179804
TOKYOTECH_s01,5,103,8.433333333333334,-0.7084342241287231,1.5387925081248373
TOKYOTECH_s01,5,104,8.466666666666667,-0.4905605614185333,1.5998954335099538
TOKYOTECH_s01,5,105,8.5,-0.4454737603664398,1.4988535427390348
TOKYOTECH_s01,5,106,8.533333333333333,-0.7621840238571167,1.2794588303361174
TOKYOTECH_s01,5,107,8.566666666666666,-1.0271921157836914,0.9921752367061429
TOKYOTECH_s01,5,108,8.6,-0.276309609413147,0.6815628654013531
TOKYOTECH_s01,5,109,8.633333333333333,1.1948987245559692,0.3779949665245399
TOKYOTECH_s01,5,110,8.666666666666666,2.000633716583252,0.094620815643557
TOKYOTECH_s01,5,111,8.7,1.8406049013137817,-0.17019532558775344
TOKYOTECH_s01,5,112,8.733333333333333,1.2244709730148315,-0.42609828060112626
TOKYOTECH_s01,5,113,8.766666666666667,0.6518487334251404,-0.6820516156847249
TOKYOTECH_s01,5,114,8.8,0.362544983625412,-0.9383336816783818
TOKYOTECH_s01,5,115,8.833333333333334,0.24165718257427216,-1.181210342284153
TOKYOTECH_s01,5,116,8.866666666666667,0.5264325737953186,-1.3816464500159555
TOKYOTECH_s01,5,117,8.9,0.4901268780231476,-1.4989698643533789
TOKYOTECH_s01,5,118,8.933333333333334,0.055836502462625504,-1.489794978006328
TOKYOTECH_s01,5,119,8.966666666666667,-0.032604534178972244,-1.3211822234060382
TOKYOTECH_s01,5,120,9.0,-0.026107307523489,-0.984843734680177
TOKYOTECH_s01,5,121,9.033333333333333,-0.1795993596315384,-0.5070581241872325
TOKYOTECH_s01,5,122,9.066666666666666,-0.6027854084968567,0.051476478028702095
TOKYOTECH_s01,5,123,9.1,-0.7477719783782959,0.6084000487981995
TOKYOTECH_s01,5,124,9.133333333333333,-0.5558478236198425,1.0811642435630493
TOKYOTECH_s01,5,125,9.166666666666666,-0.6208988428115845,1.4082402393650735
TOKYOTECH_s01,5,126,9.2,-0.9009883999824524,1.5615167468393256
TOKYOTECH_s01,5,127,9.233333333333333,-0.8153431415557861,1.54656636183298
TOKYOTECH_s01,5,128,9.266666666666667,-0.6318457126617432,1.3936559378901547
TOKYOTECH_s01,5,129,9.3,-1.0051802396774292,1.1456007056898319
TOKYOTECH_s01,5,130,9.333333333333334,-0.7799824476242065,0.8472737300979003
TOKYOTECH_s01,5,131,9.366666666666667,0.6508249640464783,0.5382429735357933
TOKYOTECH_s01,5,132,9.4,1.9025057554244995,0.24792753264631845
TOKYOTECH_s01,5,133,9.433333333333334,1.5964667797088623,-0.007364892622824467
TOKYOTECH_s01,5,134,9.466666666666667,1.0787756443023682,-0.2251900363852731
TOKYOTECH_s01,5,135,9.5,0.9709216356277466,-0.41467915145421297
TOKYOTECH_s01,5,136,9.533333333333333,0.9639518857002258,-0.591109616660832
TOKYOTECH_s01,5,137,9.566666666666666,0.5565561056137085,-0.7684570171596782
TOKYOTECH_s01,5,138,9.6,0.04394460842013359,-0.951738634626787
TOKYOTECH_s01,5,139,9.633333333333333,0.22941088676452637,-1.131071124218438
TOKYOTECH_s01,5,140,9.666666666666666,0.4602002501487732,-1.2793354057023563
TOKYOTECH_s01,5,141,9.7,0.3333665132522583,-1.3553609081123765
TOKYOTECH_s01,5,142,9.733333333333333,-0.18471838533878326,-1.3140515862235422
TOKYOTECH_s01,5,143,9.766666666666667,-0.32230207324028015,-1.1224630447052402
TOKYOTECH_s01,5,144,9.8,-0.21830707788467407,-0.7765464644956277
TOKYOTECH_s01,5,145,9.833333333333334,-0.3866049349308014,-0.3103456159340749
TOKYOTECH_s01,5,146,9.866666666666667,-0.8608237504959106,0.2087995602384691
TOKYOTECH_s01,5,147,9.9,-0.9661968946456909,0.6989333821659165
TOKYOTECH_s01,5,148,9.933333333333334,-0.7174909710884094,1.0880179710487372
TOKYOTECH_s01,5,149,9.966666666666667,-0.8168001174926758,1.332874933977828
TOKYOTECH_s01,5,150,10.0,-1.0585756301879883,1.4252470126435637
TOKYOTECH_s01,5,151,10.033333333333333,-0.9015002846717834,1.3854002122353755
TOKYOTECH_s01,5,152,10.066666666666666,-0.6575589776039124,1.2490163250666655
TOKYOTECH_s01,5,153,10.1,-0.688942551612854,1.0540146851777201
TOKYOTECH_s01,5,154,10.133333333333333,0.16955766081809998,0.8315296525406753
TOKYOTECH_s01,5,155,10.166666666666666,1.4601824283599854,0.6020132679459055
TOKYOTECH_s01,5,156,10.2,1.8712009191513062,0.3753708915316684
TOKYOTECH_s01,5,157,10.233333333333333,1.4951887130737305,0.1533904480579123
TOKYOTECH_s01,5,158,10.266666666666667,1.1203972101211548,-0.06713852878407164
TOKYOTECH_s01,5,159,10.3,0.6421619653701782,-0.2915113668985123
TOKYOTECH_s01,5,160,10.333333333333334,0.25858935713768005,-0.5242902898551078
TOKYOTECH_s01,5,161,10.366666666666667,0.2786716818809509,-0.7660314445118531
TOKYOTECH_s01,5,162,10.4,0.18133141100406647,-1.009617920442223
TOKYOTECH_s01,5,163,10.433333333333334,0.03158018738031387,-1.2372186832568683
TOKYOTECH_s01,5,164,10.466666666666667,-0.011813408695161343,-1.4193506166994048
TOKYOTECH_s01,5,165,10.5,0.15463371574878693,-1.517573685461739
TOKYOTECH_s01,5,166,10.533333333333333,-0.004922410938888788,-1.492049131407289
TOKYOTECH_s01,5,167,10.566666666666666,-0.3582927882671356,-1.3136242235461726
TOKYOTECH_s01,5,168,10.6,-0.8822054862976074,-0.9770557166652628
TOKYOTECH_s01,5,169,10.633333333333333,-1.1424095630645752,-0.5093497179951442
TOKYOTECH_s01,5,170,10.666666666666666,-1.036327600479126,0.03247083872286673
TOKYOTECH_s01,5,171,10.7,-0.805656373500824,0.5752344068425249
TOKYOTECH_s01,5,172,10.733333333333333,-0.6160160899162292,1.0491580846325677
TOKYOTECH_s01,5,173,10.766666666666667,-0.9826565384864807,1.4035025247631143
TOKYOTECH_s01,5,174,10.8,-1.1970256567001343,1.6123840853165643
TOKYOTECH_s01,5,175,10.833333333333334,-1.1609562635421753,1.6718201833679076
TOKYOTECH_s01,5,176,10.866666666666667,-0.994981586933136,1.5934885624710289
TOKYOTECH_s01,5,177,10.9,-0.820777177810669,1.4000041768984886
TOKYOTECH_s01,5,178,10.933333333333334,0.04733104258775711,1.122332799641424
TOKYOTECH_s01,5,179,10.966666666666667,1.415292501449585,0.7966778688576324
TOKYOTECH_s01,5,180,11.0,1.8220583200454712,0.4588904067521317
TOKYOTECH_s01,5,181,11.033333333333333,1.5951672792434692,0.13739663009968675
TOKYOTECH_s01,5,182,11.066666666666666,1.2664076089859009,-0.15249758980570968
TOKYOTECH_s01,5,183,11.1,0.9778913855552673,-0.4102464690220645
TOKYOTECH_s01,5,184,11.133333333333333,0.39794501662254333,-0.6465176120560204
TOKYOTECH_s01,5,185,11.166666666666666,0.07922651618719101,-0.8752779249400842
TOKYOTECH_s01,5,186,11.2,0.33017697930336,-1.103880826170006
TOKYOTECH_s01,5,187,11.233333333333333,0.3295075595378876,-1.3243582713269777
TOKYOTECH_s01,5,188,11.266666666666667,-0.057215239852666855,-1.5091977794152946
TOKYOTECH_s01,5,189,11.3,-0.05280500277876854,-1.6141579713053351
TOKYOTECH_s01,5,190,11.333333333333334,-0.0020872578024864197,-1.5890175028924922
TOKYOTECH_s01,5,191,11.366666666666667,-0.3823128342628479,-1.3944107222120574
TOKYOTECH_s01,5,192,11.4,-0.7677361965179443,-1.0196070370419597
TOKYOTECH_s01,5,193,11.433333333333334,-0.7408416271209717,-0.4939027887081799
TOKYOTECH_s01,5,194,11.466666666666667,-0.7338324785232544,0.11484943279821522
TOKYOTECH_s01,5,195,11.5,-0.9369003176689148,0.716085876893535
TOKYOTECH_s01,5,196,11.533333333333333,-1.1677290201187134,1.220871140122252
TOKYOTECH_s01,5,197,11.566666666666666,-1.1598536968231201,1.564319210031004
TOKYOTECH_s01,5,198,11.6,-1.1821410655975342,1.717773498609587
TOKYOTECH_s01,5,199,11.633333333333333,-1.0057709217071533,1.6887293627823592
TOKYOTECH_s01,5,200,11.666666666666666,-0.8823630213737488,1.5120441319129767
TOKYOTECH_s01,5,201,11.7,-0.9022878408432007,1.2377804806330726
TOKYOTECH_s01,5,202,11.733333333333333,-0.6044391989707947,0.9191945373512316
TOKYOTECH_s01,5,203,11.766666666666667,0.4561837911605835,0.6021117121165638
TOKYOTECH_s01,5,204,11.8,1.705698847770691,0.31682404985209844
TOKYOTECH_s01,5,205,11.833333333333334,1.7854375839233398,0.07437909507770053
TOKYOTECH_s01,5,206,11.866666666666667,1.2607766389846802,-0.13155863333245585
TOKYOTECH_s01,5,207,11.9,0.9339464902877808,-0.3180548715983824
TOKYOTECH_s01,5,208,11.933333333333334,0.6771682500839233,-0.5039772759545473
TOKYOTECH_s01,5,209,11.966666666666667,0.5245818495750427,-0.7016121346022057
TOKYOTECH_s01,5,210,12.0,0.2780810296535492,-0.9104967913143404
TOKYOTECH_s01,5,211,12.033333333333333,0.15624818205833435,-1.1140970919455222
TOKYOTECH_s01,5,212,12.066666666666666,0.038746826350688934,-1.2801940876950166
TOKYOTECH_s01,5,213,12.1,-0.20743899047374725,-1.3663510499605434
TOKYOTECH_s01,5,214,12.133333333333333,-0.31324535608291626,-1.3310056885702088
TOKYOTECH_s01,5,215,12.166666666666666,-0.3192700445652008,-1.1482341176639088
TOKYOTECH_s01,5,216,12.2,-0.26260635256767273,-0.8212133835008573
TOKYOTECH_s01,5,217,12.233333333333333,-0.5969969630241394,-0.3881163855156188
TOKYOTECH_s01,5,218,12.266666666666667,-1.042234182357788,0.08375404524830125
TOKYOTECH_s01,5,219,12.3,-1.3046433925628662,0.5149022855265181
TOKYOTECH_s01,5,220,12.333333333333334,-1.0554255247116089,0.8356528094367972
TOKYOTECH_s01,5,221,12.366666666666667,-0.813019871711731,1.0047061074003456
TOKYOTECH_s01,5,222,12.4,-0.8787797093391418,1.017646460931188
TOKYOTECH_s01,5,223,12.433333333333334,-1.1973012685775757,0.903643619780136
TOKYOTECH_s01,5,224,12.466666666666667,-1.102796196937561,0.7132693888634533
TOKYOTECH_s01,5,225,12.5,-0.9882875084877014,0.5026512435748391
TOKYOTECH_s01,5,226,12.533333333333333,-1.0975984334945679,0.3187127572425444
TOKYOTECH_s01,5,227,12.566666666666666,0.12006060034036636,0.18873189049037806
TOKYOTECH_s01,5,228,12.6,1.8136709928512573,0.11643795715203234
TOKYOTECH_s01,5,229,12.633333333333333,2.08253812789917,0.08567748736078065
TOKYOTECH_s01,5,230,12.666666666666666,1.3010988235473633,0.07032005618576082
TOKYOTECH_s01,5,231,12.7,0.8377875685691833,0.04639407715282425
TOKYOTECH_s01,5,232,12.733333333333333,0.7709251642227173,0.0012459825563402183
TOKYOTECH_s01,5,233,12.766666666666667,0.3596704304218292,-0.06378643712717307
TOKYOTECH_s01,5,234,12.8,-0.16845563054084778,-0.1366958753306575
TOKYOTECH_s01,5,235,12.833333333333334,-0.21137671172618866,-0.2007879709589969
TOKYOTECH_s01,5,236,12.866666666666667,0.21098239719867706,-0.24062207305961522
TOKYOTECH_s01,5,237,12.9,0.3043062090873718,-0.2469760504994456
TOKYOTECH_s01,5,238,12.933333333333334,0.040282536298036575,-0.22001479853119574
TOKYOTECH_s01,5,239,12.966666666666667,-0.40908926725387573,-0.16938189102693088
TOKYOTECH_s01,6,0,6.0,-0.07572249323129654,0.07608863577570246
TOKYOTECH_s01,6,1,6.033333333333333,0.3175762891769409,0.09487891176179328
TOKYOTECH_s01,6,2,6.066666666666666,0.4142077565193176,0.14239977330839523
TOKYOTECH_s01,6,3,6.1,0.26567724347114563,0.23258872179003165
TOKYOTECH_s01,6,4,6.133333333333334,0.029138807207345963,0.35447509473485045
TOKYOTECH_s01,6,5,6.166666666666667,-0.2084234207868576,0.4755241776136421
TOKYOTECH_s01,6,6,6.2,-0.3852267265319824,0.5551457466479095
TOKYOTECH_s01,6,7,6.233333333333333,-0.5748670101165771,0.5612912079425985
TOKYOTECH_s01,6,8,6.266666666666667,-0.8131774067878723,0.48224716067559936
TOKYOTECH_s01,6,9,6.3,-0.9111477136611938,0.3292869001437652
TOKYOTECH_s01,6,10,6.333333333333333,-0.9636768102645874,0.13084365364766495
TOKYOTECH_s01,6,11,6.366666666666666,-1.013134479522705,-0.07782007350970375
TOKYOTECH_s01,6,12,6.4,-0.8745269775390625,-0.265260090810964
TOKYOTECH_s01,6,13,6.433333333333334,-0.1870022565126419,-0.4119758087181694
TOKYOTECH_s01,6,14,6.466666666666667,1.1742258071899414,-0.5141190415126234
TOKYOTECH_s01,6,15,6.5,2.0252442359924316,-0.5816100159762972
TOKYOTECH_s01,6,16,6.533333333333333,1.7931160926818848,-0.6309348686711437
TOKYOTECH_s01,6,17,6.566666666666666,1.1741076707839966,-0.6750705321391341
TOKYOTECH_s01,6,18,6.6,0.7333593964576721,-0.714827197017961
TOKYOTECH_s01,6,19,6.633333333333334,0.4899693727493286,-0.7357421753555627
TOKYOTECH_s01,6,20,6.666666666666667,0.3180488049983978,-0.7119786421311206
TOKYOTECH_s01,6,21,6.7,0.2668585479259491,-0.6154967519020081
TOKYOTECH_s01,6,22,6.733333333333333,0.2728438675403595,-0.42722115613000033
TOKYOTECH_s01,6,23,6.766666666666667,0.21590453386306763,-0.1468838961436442
TOKYOTECH_s01,6,24,6.8,0.14541947841644287,0.20141904229663524
TOKYOTECH_s01,6,25,6.833333333333333,-0.12533767521381378,0.5705242224197692
TOKYOTECH_s01,6,26,6.866666666666666,-0.4846539795398712,0.8998722362429916
TOKYOTECH_s01,6,27,6.9,-0.7666730284690857,1.1320667757692546
TOKYOTECH_s01,6,28,6.933333333333334,-0.8084915280342102,1.2303326924102649
TOKYOTECH_s01,6,29,6.966666666666667,-0.6869342923164368,1.188900437311482
TOKYOTECH_s01,6,30,7.0,-0.6935496926307678,1.0317447020751143
TOKYOTECH_s01,6,31,7.033333333333333,-0.8032937049865723,0.8012534691686465
TOKYOTECH_s01,6,32,7.066666666666666,-0.8642495274543762,0.5427909949339615
TOKYOTECH_s01,6,33,7.1,-0.7827388644218445,0.2916815103900801
TOKYOTECH_s01,6,34,7.133333333333334,-0.3028891682624817,0.06647129401348569
TOKYOTECH_s01,6,35,7.166666666666667,0.9567458629608154,-0.13110521945577194
TOKYOTECH_s01,6,36,7.2,2.0603294372558594,-0.31103746485859635
TOKYOTECH_s01,6,37,7.233333333333333,2.057257890701294,-0.4870026732071485
TOKYOTECH_s01,6,38,7.266666666666667,1.6293072700500488,-0.6677011176795382
TOKYOTECH_s01,6,39,7.3,1.2016322612762451,-0.8499242258938917
TOKYOTECH_s01,6,40,7.333333333333333,0.7529692053794861,-1.015486649767545
TOKYOTECH_s01,6,41,7.366666666666666,0.36222994327545166,-1.13337959814504
TOKYOTECH_s01,6,42,7.4,0.1405760794878006,-1.1670917774620169
TOKYOTECH_s01,6,43,7.433333333333334,0.03240710869431496,-1.085330648040624
TOKYOTECH_s01,6,44,7.466666666666667,0.1271091103553772,-0.873007337806751
TOKYOTECH_s01,6,45,7.5,0.32238030433654785,-0.5390315936490523
TOKYOTECH_s01,6,46,7.533333333333333,0.1756611168384552,-0.11839304430425661
TOKYOTECH_s01,6,47,7.566666666666666,-0.1511690765619278,0.3325645238628948
TOKYOTECH_s01,6,48,7.6,-0.32238084077835083,0.7473858248671743
TOKYOTECH_s01,6,49,7.633333333333334,-0.4652017056941986,1.0650162338773939
TOKYOTECH_s01,6,50,7.666666666666667,-0.8150281310081482,1.2448284997970416
TOKYOTECH_s01,6,51,7.7,-0.9472959041595459,1.2755484835721036
TOKYOTECH_s01,6,52,7.733333333333333,-0.6763024926185608,1.1748847958251853
TOKYOTECH_s01,6,53,7.766666666666667,-0.6502348184585571,0.9808077194674593
TOKYOTECH_s01,6,54,7.8,-0.8231397867202759,0.7385708607646922
TOKYOTECH_s01,6,55,7.833333333333333,-0.6905964016914368,0.488320813480476
TOKYOTECH_s01,6,56,7.866666666666666,0.024256043136119843,0.25668831928575647
TOKYOTECH_s01,6,57,7.9,1.214626669883728,0.05359553551891697
TOKYOTECH_s01,6,58,7.933333333333334,1.6224555969238281,-0.12598213647031617
TOKYOTECH_s01,6,59,7.966666666666667,1.4594342708587646,-0.2964245818586688
TOKYOTECH_s01,6,60,8.0,1.3483514785766602,-0.4738286776598525
TOKYOTECH_s01,6,61,8.033333333333333,1.1318166255950928,-0.6682354043172125
TOKYOTECH_s01,6,62,8.066666666666666,0.8889778256416321,-0.877074322865569
TOKYOTECH_s01,6,63,8.1,0.5486019253730774,-1.0808178944148248
TOKYOTECH_s01,6,64,8.133333333333333,0.1064361110329628,-1.242347962975135
TOKYOTECH_s01,6,65,8.166666666666666,-0.03614847734570503,-1.312193573925759
TOKYOTECH_s01,6,66,8.2,0.25539979338645935,-1.241151969590329
TOKYOTECH_s01,6,67,8.233333333333333,0.31198474764823914,-0.9987132779373603
TOKYOTECH_s01,6,68,8.266666666666667,0.17026644945144653,-0.5909520710749937
TOKYOTECH_s01,6,69,8.3,-0.005316182505339384,-0.06866764010943482
TOKYOTECH_s01,6,70,8.333333333333334,-0.44645819067955017,0.4811102837419965
TOKYOTECH_s01,6,71,8.366666666666667,-0.9194562435150146,0.9595276863837312
TOKYOTECH_s01,6,72,8.4,-0.9429250359535217,1.286386110405004
TOKYOTECH_s01,6,73,8.433333333333334,-0.7084342241287231,1.4228924359804485
TOKYOTECH_s01,6,74,8.466666666666667,-0.4905605614185333,1.377671766941147
TOKYOTECH_s01,6,75,8.5,-0.4454737603664398,1.1962528107332135
TOKYOTECH_s01,6,76,8.533333333333333,-0.7621840238571167,0.9411250726330637
TOKYOTECH_s01,6,77,8.566666666666666,-1.0271921157836914,0.6712101135060117
TOKYOTECH_s01,6,78,8.6,-0.276309609413147,0.4270714553446084
TOKYOTECH_s01,6,79,8.633333333333333,1.1948987245559692,0.22438277731017287
TOKYOTECH_s01,6,80,8.666666666666666,2.000633716583252,0.05556881343127236
TOKYOTECH_s01,6,81,8.7,1.8406049013137817,-0.10202234856883516
TOKYOTECH_s01,6,82,8.733333333333333,1.2244709730148315,-0.27445196431985874
TOKYOTECH_s01,6,83,8.766666666666667,0.6518487334251404,-0.4797432485886692
TOKYOTECH_s01,6,84,8.8,0.362544983625412,-0.7196230169225503
TOKYOTECH_s01,6,85,8.833333333333334,0.24165718257427216,-0.975853691287345
TOKYOTECH_s01,6,86,8.866666666666667,0.5264325737953186,-1.2112844630975528
TOKYOTECH_s01,6,87,8.9,0.4901268780231476,-1.3754371240315753
TOKYOTECH_s01,6,88,8.933333333333334,0.055836502462625504,-1.4147551465817243
TOKYOTECH_s01,6,89,8.966666666666667,-0.032604534178972244,-1.2871414629999363
TOKYOTECH_s01,6,90,9.0,-0.026107307523489,-0.9781268903883497
TOKYOTECH_s01,6,91,9.033333333333333,-0.1795993596315384,-0.5128788057785113
TOKYOTECH_s01,6,92,9.066666666666666,-0.6027854084968567,0.04316675106458784
TOKYOTECH_s01,6,93,9.1,-0.7477719783782959,0.5988695431621561
TOKYOTECH_s01,6,94,9.133333333333333,-0.5558478236198425,1.062887304502116
TOKYOTECH_s01,6,95,9.166666666666666,-0.6208988428115845,1.3691197465870342
TOKYOTECH_s01,6,96,9.2,-0.9009883999824524,1.4913819784023565
TOKYOTECH_s01,6,97,9.233333333333333,-0.8153431415557861,1.4430267672840686
TOKYOTECH_s01,6,98,9.266666666666667,-0.6318457126617432,1.2649486392697014
TOKYOTECH_s01,6,99,9.3,-1.0051802396774292,1.0095246407309062
TOKYOTECH_s01,6,100,9.333333333333334,-0.7799824476242065,0.7267221560833995
TOKYOTECH_s01,6,101,9.366666666666667,0.6508249640464783,0.4548075827205074
TOKYOTECH_s01,6,102,9.4,1.9025057554244995,0.21564981476471998
TOKYOTECH_s01,6,103,9.433333333333334,1.5964667797088623,0.014071361214285948
TOKYOTECH_s01,6,104,9.466666666666667,1.0787756443023682,-0.1592298620088101
TOKYOTECH_s01,6,105,9.5,0.9709216356277466,-0.32186566193370303
TOKYOTECH_s01,6,106,9.533333333333333,0.9639518857002258,-0.4923221134266784
TOKYOTECH_s01,6,107,9.566666666666666,0.5565561056137085,-0.6825518566927574
TOKYOTECH_s01,6,108,9.6,0.04394460842013359,-0.8919293618362399
TOKYOTECH_s01,6,109,9.633333333333333,0.22941088676452637,-1.1034095551451273
TOKYOTECH_s01,6,110,9.666666666666666,0.4602002501487732,-1.2827847938282209
TOKYOTECH_s01,6,111,9.7,0.3333665132522583,-1.3826488042949463
TOKYOTECH_s01,6,112,9.733333333333333,-0.18471838533878326,-1.3530078091667497
TOKYOTECH_s01,6,113,9.766666666666667,-0.32230207324028015,-1.1582542835736833
TOKYOTECH_s01,6,114,9.8,-0.21830707788467407,-0.7951930816844371
TOKYOTECH_s01,6,115,9.833333333333334,-0.3866049349308014,-0.30297867847055704
TOKYOTECH_s01,6,116,9.866666666666667,-0.8608237504959106,0.24254113448230893
TOKYOTECH_s01,6,117,9.9,-0.9661968946456909,0.7501852092632298
TOKYOTECH_s01,6,118,9.933333333333334,-0.7174909710884094,1.1414310888161996
TOKYOTECH_s01,6,119,9.966666666666667,-0.8168001174926758,1.3718778048677693
TOKYOTECH_s01,6,120,10.0,-1.0585756301879883,1.4376786701105588
TOKYOTECH_s01,6,121,10.033333333333333,-0.9015002846717834,1.367301946653073
TOKYOTECH_s01,6,122,10.066666666666666,-0.6575589776039124,1.205244840230928
TOKYOTECH_s01,6,123,10.1,-0.688942551612854,0.9956622465878275
TOKYOTECH_s01,6,124,10.133333333333333,0.16955766081809998,0.7714326665238415
TOKYOTECH_s01,6,125,10.166666666666666,1.4601824283599854,0.5503558905771974
TOKYOTECH_s01,6,126,10.2,1.8712009191513062,0.33713767527414606
TOKYOTECH_s01,6,127,10.233333333333333,1.4951887130737305,0.12837678122166588
TOKYOTECH_s01,6,128,10.266666666666667,1.1203972101211548,-0.08221807886452791
TOKYOTECH_s01,6,129,10.3,0.6421619653701782,-0.30004897582555023
TOKYOTECH_s01,6,130,10.333333333333334,0.25858935713768005,-0.5273971466465721
TOKYOTECH_s01,6,131,10.366666666666667,0.2786716818809509,-0.7618040140272945
TOKYOTECH_s01,6,132,10.4,0.18133141100406647,-0.994214106839362
TOKYOTECH_s01,6,133,10.433333333333334,0.03158018738031387,-1.2069699290601927
TOKYOTECH_s01,6,134,10.466666666666667,-0.011813408695161343,-1.3728466088510247
TOKYOTECH_s01,6,135,10.5,0.15463371574878693,-1.4570405380560474
TOKYOTECH_s01,6,136,10.533333333333333,-0.004922410938888788,-1.4238196230741444
TOKYOTECH_s01,6,137,10.566666666666666,-0.3582927882671356,-1.2476653829443642
TOKYOTECH_s01,6,138,10.6,-0.8822054862976074,-0.925469931438674
TOKYOTECH_s01,6,139,10.633333333333333,-1.1424095630645752,-0.4838270664799217
TOKYOTECH_s01,6,140,10.666666666666666,-1.036327600479126,0.02388234334523449
TOKYOTECH_s01,6,141,10.7,-0.805656373500824,0.5311167834397995
TOKYOTECH_s01,6,142,10.733333333333333,-0.6160160899162292,0.9762702061261472
TOKYOTECH_s01,6,143,10.766666666666667,-0.9826565384864807,1.3160228468759303
TOKYOTECH_s01,6,144,10.8,-1.1970256567001343,1.5288652163565108
TOKYOTECH_s01,6,145,10.833333333333334,-1.1609562635421753,1.6107875100490512
TOKYOTECH_s01,6,146,10.866666666666667,-0.994981586933136,1.5689920541828506
TOKYOTECH_s01,6,147,10.9,-0.820777177810669,1.4182490231910987
TOKYOTECH_s01,6,148,10.933333333333334,0.04733104258775711,1.180206044807477
TOKYOTECH_s01,6,149,10.966666666666667,1.415292501449585,0.882676898040739
TOKYOTECH_s01,6,150,11.0,1.8220583200454712,0.5563805386033889
TOKYOTECH_s01,6,151,11.033333333333333,1.5951672792434692,0.22927525308451366
TOKYOTECH_s01,6,152,11.066666666666666,1.2664076089859009,-0.07933136091873824
TOKYOTECH_s01,6,153,11.1,0.9778913855552673,-0.3622122352348801
TOKYOTECH_s01,6,154,11.133333333333333,0.39794501662254333,-0.6232168311018476
TOKYOTECH_s01,6,155,11.166666666666666,0.07922651618719101,-0.8714863378836802
TOKYOTECH_s01,6,156,11.2,0.33017697930336,-1.1125931107046156
TOKYOTECH_s01,6,157,11.233333333333333,0.3295075595378876,-1.3398903738773278
TOKYOTECH_s01,6,158,11.266666666666667,-0.057215239852666855,-1.5297171386964474
TOKYOTECH_s01,6,159,11.3,-0.05280500277876854,-1.6431657045185217
TOKYOTECH_s01,6,160,11.333333333333334,-0.0020872578024864197,-1.635187522466539
TOKYOTECH_s01,6,161,11.366666666666667,-0.3823128342628479,-1.4692182731527412
TOKYOTECH_s01,6,162,11.4,-0.7677361965179443,-1.1328365151644555
TOKYOTECH_s01,6,163,11.433333333333334,-0.7408416271209717,-0.6482503670955216
TOKYOTECH_s01,6,164,11.466666666666667,-0.7338324785232544,-0.0719644937554573
TOKYOTECH_s01,6,165,11.5,-0.9369003176689148,0.5179404427166759
TOKYOTECH_s01,6,166,11.533333333333333,-1.1677290201187134,1.0419978696339327
TOKYOTECH_s01,6,167,11.566666666666666,-1.1598536968231201,1.438093544771071
TOKYOTECH_s01,6,168,11.6,-1.1821410655975342,1.6718663452312064
TOKYOTECH_s01,6,169,11.633333333333333,-1.0057709217071533,1.7375079122761052
TOKYOTECH_s01,6,170,11.666666666666666,-0.8823630213737488,1.652212343295559
TOKYOTECH_s01,6,171,11.7,-0.9022878408432007,1.4485550096674324
TOKYOTECH_s01,6,172,11.733333333333333,-0.6044391989707947,1.1671036066206468
TOKYOTECH_s01,6,173,11.766666666666667,0.4561837911605835,0.849335402309274
TOKYOTECH_s01,6,174,11.8,1.705698847770691,0.530717438044553
TOKYOTECH_s01,6,175,11.833333333333334,1.7854375839233398,0.23492266372436832
TOKYOTECH_s01,6,176,11.866666666666667,1.2607766389846802,-0.029195989764279416
TOKYOTECH_s01,6,177,11.9,0.9339464902877808,-0.2667120246778763
TOKYOTECH_s01,6,178,11.933333333333334,0.6771682500839233,-0.49183733160510623
TOKYOTECH_s01,6,179,11.966666666666667,0.5245818495750427,-0.7203223386255445
TOKYOTECH_s01,6,180,12.0,0.2780810296535492,-0.9605790786794642
TOKYOTECH_s01,6,181,12.033333333333333,0.15624818205833435,-1.2054745351017697
TOKYOTECH_s01,6,182,12.066666666666666,0.038746826350688934,-1.4275368513076578
TOKYOTECH_s01,6,183,12.1,-0.20743899047374725,-1.5806753546663184
TOKYOTECH_s01,6,184,12.133333333333333,-0.31324535608291626,-1.6103013460728282
TOKYOTECH_s01,6,185,12.166666666666666,-0.3192700445652008,-1.4706500343138889
TOKYOTECH_s01,6,186,12.2,-0.26260635256767273,-1.144104151771485
TOKYOTECH_s01,6,187,12.233333333333333,-0.5969969630241394,-0.6545820031621128
TOKYOTECH_s01,6,188,12.266666666666667,-1.042234182357788,-0.06775449488333991
TOKYOTECH_s01,6,189,12.3,-1.3046433925628662,0.5241947057053377
TOKYOTECH_s01,6,190,12.333333333333334,-1.0554255247116089,1.0281093889073853
TOKYOTECH_s01,6,191,12.366666666666667,-0.813019871711731,1.3752347455441545
TOKYOTECH_s01,6,192,12.4,-0.8787797093391418,1.5364776882528501
TOKYOTECH_s01,6,193,12.433333333333334,-1.1973012685775757,1.5231732181502506
TOKYOTECH_s01,6,194,12.466666666666667,-1.102796196937561,1.375889178887956
TOKYOTECH_s01,6,195,12.5,-0.9882875084877014,1.1479757614878123
TOKYOTECH_s01,6,196,12.533333333333333,-1.0975984334945679,0.8901596906783945
TOKYOTECH_s01,6,197,12.566666666666666,0.12006060034036636,0.6396251986717679
TOKYOTECH_s01,6,198,12.6,1.8136709928512573,0.4147000288756577
TOKYOTECH_s01,6,199,12.633333333333333,2.08253812789917,0.21503129173711963
TOKYOTECH_s01,6,200,12.666666666666666,1.3010988235473633,0.026294443658548564
TOKYOTECH_s01,6,201,12.7,0.8377875685691833,-0.17218989127547277
TOKYOTECH_s01,6,202,12.733333333333333,0.7709251642227173,-0.3988712849532443
TOKYOTECH_s01,6,203,12.766666666666667,0.3596704304218292,-0.6620509750027366
TOKYOTECH_s01,6,204,12.8,-0.16845563054084778,-0.9535717274403855
TOKYOTECH_s01,6,205,12.833333333333334,-0.21137671172618866,-1.2451155512252492
TOKYOTECH_s01,6,206,12.866666666666667,0.21098239719867706,-1.4892109949262202
TOKYOTECH_s01,6,207,12.9,0.3043062090873718,-1.6272937985487328
TOKYOTECH_s01,6,208,12.933333333333334,0.040282536298036575,-1.6049041366828907
TOKYOTECH_s01,6,209,12.966666666666667,-0.40908926725387573,-1.3903844676678498
TOKYOTECH_s01,6,210,13.0,-0.4507896602153778,-0.9905215996953157
TOKYOTECH_s01,6,211,13.033333333333333,-0.46783995628356934,-0.4559582474684824
TOKYOTECH_s01,6,212,13.066666666666666,-0.9135497212409973,0.12828467775177158
TOKYOTECH_s01,6,213,13.1,-1.2591627836227417,0.6658530558856307
TOKYOTECH_s01,6,214,13.133333333333333,-1.026207685470581,1.0769894258503896
TOKYOTECH_s01,6,215,13.166666666666666,-0.8876789212226868,1.3194369717673358
TOKYOTECH_s01,6,216,13.2,-1.1159875392913818,1.3946185183445203
TOKYOTECH_s01,6,217,13.233333333333333,-0.8856313228607178,1.3392165862559346
TOKYOTECH_s01,6,218,13.266666666666667,-0.8203440308570862,1.2079125006371667
TOKYOTECH_s01,6,219,13.3,-0.8036481142044067,1.0544879815726633
TOKYOTECH_s01,6,220,13.333333333333334,0.4550812244415283,0.9168184734400823
TOKYOTECH_s01,6,221,13.366666666666667,1.8261535167694092,0.8087028790658032
TOKYOTECH_s01,6,222,13.4,1.7837837934494019,0.7195773371172367
TOKYOTECH_s01,6,223,13.433333333333334,1.1716662645339966,0.6216305309964287
TOKYOTECH_s01,6,224,13.466666666666667,1.039595365524292,0.4819968144033622
TOKYOTECH_s01,6,225,13.5,0.7441093921661377,0.2762357916478647
TOKYOTECH_s01,6,226,13.533333333333333,-0.00763943325728178,-0.000845739877171155
TOKYOTECH_s01,6,227,13.566666666666666,-0.1645572930574417,-0.32990504502039164
TOKYOTECH_s01,6,228,13.6,0.04772481322288513,-0.6685953814622296
TOKYOTECH_s01,6,229,13.633333333333333,-0.0340614877641201,-0.9598049114593016
TOKYOTECH_s01,6,230,13.666666666666666,-0.157430037856102,-1.1454491539501357
TOKYOTECH_s01,6,231,13.7,-0.00838759820908308,-1.1833604707459964
TOKYOTECH_s01,6,232,13.733333333333333,-0.3387223482131958,-1.062937085747077
TOKYOTECH_s01,6,233,13.766666666666667,-0.5888459086418152,-0.8137155654600742
TOKYOTECH_s01,6,234,13.8,-0.516470730304718,-0.5015462454080769
TOKYOTECH_s01,6,235,13.833333333333334,-0.8908290863037109,-0.2108623490386087
TOKYOTECH_s01,6,236,13.866666666666667,-1.0109686851501465,-0.017886331498281324
TOKYOTECH_s01,6,237,13.9,-0.8497193455696106,0.03524886983687953
TOKYOTECH_s01,6,238,13.933333333333334,-1.1010242700576782,-0.04487909750079907
TOKYOTECH_s01,6,239,13.966666666666667,-0.9927765130996704,-0.20547215941573346
TOKYOTECH_s01,7,0,7.0,-0.6935496926307678,-0.13439873317995432
TOKYOTECH_s01,7,1,7.033333333333333,-0.8032937049865723,-0.22326895355099374
TOKYOTECH_s01,7,2,7.066666666666666,-0.8642495274543762,-0.30751358714318205
TOKYOTECH_s01,7,3,7.1,-0.7827388644218445,-0.3895294426988023
TOKYOTECH_s01,7,4,7.133333333333334,-0.3028891682624817,-0.47613071883813357
TOKYOTECH_s01,7,5,7.166666666666667,0.9567458629608154,-0.5761066637711335
TOKYOTECH_s01,7,6,7.2,2.0603294372558594,-0.6948697770717734
TOKYOTECH_s01,7,7,7.233333333333333,2.057257890701294,-0.8286674281036999
TOKYOTECH_s01,7,8,7.266666666666667,1.6293072700500488,-0.9609710527939145
TOKYOTECH_s01,7,9,7.3,1.2016322612762451,-1.0627383968532642
TOKYOTECH_s01,7,10,7.333333333333333,0.7529692053794861,-1.0973682931481434
TOKYOTECH_s01,7,11,7.366666666666666,0.36222994327545166,-1.0300359161215158
TOKYOTECH_s01,7,12,7.4,0.1405760794878006,-0.839272706090063
TOKYOTECH_s01,7,13,7.433333333333334,0.03240710869431496,-0.526929278541944
TOKYOTECH_s01,7,14,7.466666666666667,0.1271091103553772,-0.12229580095013254
TOKYOTECH_s01,7,15,7.5,0.32238030433654785,0.3221349765264634
TOKYOTECH_s01,7,16,7.533333333333333,0.1756611168384552,0.742425711798915
TOKYOTECH_s01,7,17,7.566666666666666,-0.1511690765619278,1.0784474242558246
TOKYOTECH_s01,7,18,7.6,-0.32238084077835083,1.2874087212190406
TOKYOTECH_s01,7,19,7.633333333333334,-0.4652017056941986,1.3517432127600668
TOKYOTECH_s01,7,20,7.666666666666667,-0.8150281310081482,1.2802477597957966
TOKYOTECH_s01,7,21,7.7,-0.9472959041595459,1.103583959474513
TOKYOTECH_s01,7,22,7.733333333333333,-0.6763024926185608,0.8656976829406751
TOKYOTECH_s01,7,23,7.766666666666667,-0.6502348184585571,0.6127065916278486
TOKYOTECH_s01,7,24,7.8,-0.8231397867202759,0.381710700833606
TOKYOTECH_s01,7,25,7.833333333333333,-0.6905964016914368,0.19273107462316066
TOKYOTECH_s01,7,26,7.866666666666666,0.024256043136119843,0.04614049845588562
TOKYOTECH_s01,7,27,7.9,1.214626669883728,-0.07401190743416906
TOKYOTECH_s01,7,28,7.933333333333334,1.6224555969238281,-0.19222462106073146
TOKYOTECH_s01,7,29,7.966666666666667,1.4594342708587646,-0.3318983473890399
TOKYOTECH_s01,7,30,8.0,1.3483514785766602,-0.5066683845350713
TOKYOTECH_s01,7,31,8.033333333333333,1.1318166255950928,-0.7148242390053918
TOKYOTECH_s01,7,32,8.066666666666666,0.8889778256416321,-0.9374962883603936
TOKYOTECH_s01,7,33,8.1,0.5486019253730774,-1.1401972835219052
TOKYOTECH_s01,7,34,8.133333333333333,0.1064361110329628,-1.2773324545530182
TOKYOTECH_s01,7,35,8.166666666666666,-0.03614847734570503,-1.3000993005883152
TOKYOTECH_s01,7,36,8.2,0.25539979338645935,-1.1685000110789654
TOKYOTECH_s01,7,37,8.233333333333333,0.31198474764823914,-0.8663362925036224
TOKYOTECH_s01,7,38,8.266666666666667,0.17026644945144653,-0.4142038822556859
TOKYOTECH_s01,7,39,8.3,-0.005316182505339384,0.12695315918943212
TOKYOTECH_s01,7,40,8.333333333333334,-0.44645819067955017,0.6669154226495223
TOKYOTECH_s01,7,41,8.366666666666667,-0.9194562435150146,1.1103227348987486
TOKYOTECH_s01,7,42,8.4,-0.9429250359535217,1.3846837628950919
TOKYOTECH_s01,7,43,8.433333333333334,-0.7084342241287231,1.4602065084994114
TOKYOTECH_s01,7,44,8.466666666666667,-0.4905605614185333,1.3539898228680978
TOKYOTECH_s01,7,45,8.5,-0.4454737603664398,1.119073226776948
TOKYOTECH_s01,7,46,8.533333333333333,-0.7621840238571167,0.824442750510608
TOKYOTECH_s01,7,47,8.566666666666666,-1.0271921157836914,0.5336563542231485
TOKYOTECH_s01,7,48,8.6,-0.276309609413147,0.288422643127458
TOKYOTECH_s01,7,49,8.633333333333333,1.1948987245559692,0.10092262218288836
TOKYOTECH_s01,7,50,8.666666666666666,2.000633716583252,-0.043934328144084184
TOKYOTECH_s01,7,51,8.7,1.8406049013137817,-0.17777533064870213
TOKYOTECH_s01,7,52,8.733333333333333,1.2244709730148315,-0.33362929472230485
TOKYOTECH_s01,7,53,8.766666666666667,0.6518487334251404,-0.531748542096006
TOKYOTECH_s01,7,54,8.8,0.362544983625412,-0.7706700159680294
TOKYOTECH_s01,7,55,8.833333333333334,0.24165718257427216,-1.025270141093475
TOKYOTECH_s01,7,56,8.866666666666667,0.5264325737953186,-1.2512320234436207
TOKYOTECH_s01,7,57,8.9,0.4901268780231476,-1.3942444100757416
TOKYOTECH_s01,7,58,8.933333333333334,0.055836502462625504,-1.4023329789176875
TOKYOTECH_s01,7,59,8.966666666666667,-0.032604534178972244,-1.2397951079671794
TOKYOTECH_s01,7,60,9.0,-0.026107307523489,-0.9002518287308449
TOKYOTECH_s01,7,61,9.033333333333333,-0.1795993596315384,-0.4147097505113366
TOKYOTECH_s01,7,62,9.066666666666666,-0.6027854084968567,0.1501327627758247
TOKYOTECH_s01,7,63,9.1,-0.7477719783782959,0.7056450716042975
TOKYOTECH_s01,7,64,9.133333333333333,-0.5558478236198425,1.163739140312822
TOKYOTECH_s01,7,65,9.166666666666666,-0.6208988428115845,1.4596547862052824
TOKYOTECH_s01,7,66,9.2,-0.9009883999824524,1.5661955161732266
TOKYOTECH_s01,7,67,9.233333333333333,-0.8153431415557861,1.4949865758062781
TOKYOTECH_s01,7,68,9.266666666666667,-0.6318457126617432,1.2867546144899071
TOKYOTECH_s01,7,69,9.3,-1.0051802396774292,0.9966557773329083
TOKYOTECH_s01,7,70,9.333333333333334,-0.7799824476242065,0.6800248655215453
TOKYOTECH_s01,7,71,9.366666666666667,0.6508249640464783,0.38117288537707883
TOKYOTECH_s01,7,72,9.4,1.9025057554244995,0.1263828498286372
TOKYOTECH_s01,7,73,9.433333333333334,1.5964667797088623,-0.07809674655481229
TOKYOTECH_s01,7,74,9.466666666666667,1.0787756443023682,-0.2429958680937304
TOKYOTECH_s01,7,75,9.5,0.9709216356277466,-0.38909107709799184
TOKYOTECH_s01,7,76,9.533333333333333,0.9639518857002258,-0.5385923115383245
TOKYOTECH_s01,7,77,9.566666666666666,0.5565561056137085,-0.7070539724950381
TOKYOTECH_s01,7,78,9.6,0.04394460842013359,-0.8970233559922534
TOKYOTECH_s01,7,79,9.633333333333333,0.22941088676452637,-1.0938356304200962
TOKYOTECH_s01,7,80,9.666666666666666,0.4602002501487732,-1.2643666447950275
TOKYOTECH_s01,7,81,9.7,0.3333665132522583,-1.360709989591274
TOKYOTECH_s01,7,82,9.733333333333333,-0.18471838533878326,-1.3310093076264915
TOKYOTECH_s01,7,83,9.766666666666667,-0.32230207324028015,-1.137053641643375
TOKYOTECH_s01,7,84,9.8,-0.21830707788467407,-0.7729863263390998
TOKYOTECH_s01,7,85,9.833333333333334,-0.3866049349308014,-0.27580814394425934
TOKYOTECH_s01,7,86,9.866666666666667,-0.8608237504959106,0.27964207341276426
TOKYOTECH_s01,7,87,9.9,-0.9661968946456909,0.8011477253514474
TOKYOTECH_s01,7,88,9.933333333333334,-0.7174909710884094,1.20633469692106
TOKYOTECH_s01,7,89,9.966666666666667,-0.8168001174926758,1.4443548414850358
TOKYOTECH_s01,7,90,10.0,-1.0585756301879883,1.5040774687075944
TOKYOTECH_s01,7,91,10.033333333333333,-0.9015002846717834,1.4088431777917638
TOKYOTECH_s01,7,92,10.066666666666666,-0.6575589776039124,1.2033307707251033
TOKYOTECH_s01,7,93,10.1,-0.688942551612854,0.9389549228965037
TOKYOTECH_s01,7,94,10.133333333333333,0.16955766081809998,0.6618349990674828
TOKYOTECH_s01,7,95,10.166666666666666,1.4601824283599854,0.40472240298736906
TOKYOTECH_s01,7,96,10.2,1.8712009191513062,0.18331742056534459
TOKYOTECH_s01,7,97,10.233333333333333,1.4951887130737305,-0.0028794621940378103
TOKYOTECH_s01,7,98,10.266666666666667,1.1203972101211548,-0.16609657284210277
TOKYOTECH_s01,7,99,10.3,0.6421619653701782,-0.32407389269473086
TOKYOTECH_s01,7,100,10.333333333333334,0.25858935713768005,-0.49365501919475174
TOKYOTECH_s01,7,101,10.366666666666667,0.2786716818809509,-0.6848635309893284
TOKYOTECH_s01,7,102,10.4,0.18133141100406647,-0.8958727833012932
TOKYOTECH_s01,7,103,10.433333333333334,0.03158018738031387,-1.1096536833952189
TOKYOTECH_s01,7,104,10.466666666666667,-0.011813408695161343,-1.293544280269668
TOKYOTECH_s01,7,105,10.5,0.15463371574878693,-1.403193895059852
TOKYOTECH_s01,7,106,10.533333333333333,-0.004922410938888788,-1.3918896093519508
TOKYOTECH_s01,7,107,10.566666666666666,-0.3582927882671356,-1.2244768538060768
TOKYOTECH_s01,7,108,10.6,-0.8822054862976074,-0.8920832778618095
TOKYOTECH_s01,7,109,10.633333333333333,-1.1424095630645752,-0.42146434614642364
TOKYOTECH_s01,7,110,10.666666666666666,-1.036327600479126,0.12674064921438818
TOKYOTECH_s01,7,111,10.7,-0.805656373500824,0.6720964471021499
TOKYOTECH_s01,7,112,10.733333333333333,-0.6160160899162292,1.135346223644157
TOKYOTECH_s01,7,113,10.766666666666667,-0.9826565384864807,1.4570960052932729
TOKYOTECH_s01,7,114,10.8,-1.1970256567001343,1.6077039045845118
TOKYOTECH_s01,7,115,10.833333333333334,-1.1609562635421753,1.587761399031195
TOKYOTECH_s01,7,116,10.866666666666667,-0.994981586933136,1.4225432048909292
TOKYOTECH_s01,7,117,10.9,-0.820777177810669,1.1540944399694635
TOKYOTECH_s01,7,118,10.933333333333334,0.04733104258775711,0.8325214674970894
TOKYOTECH_s01,7,119,10.966666666666667,1.415292501449585,0.5064755303802339
TOKYOTECH_s01,7,120,11.0,1.8220583200454712,0.21357409313312803
TOKYOTECH_s01,7,121,11.033333333333333,1.5951672792434692,-0.026893836609573115
TOKYOTECH_s01,7,122,11.066666666666666,1.2664076089859009,-0.21644250438593235
TOKYOTECH_s01,7,123,11.1,0.9778913855552673,-0.3739045557386335
TOKYOTECH_s01,7,124,11.133333333333333,0.39794501662254333,-0.5267840098094302
TOKYOTECH_s01,7,125,11.166666666666666,0.07922651618719101,-0.699793735040923
TOKYOTECH_s01,7,126,11.2,0.33017697930336,-0.903624647324227
TOKYOTECH_s01,7,127,11.233333333333333,0.3295075595378876,-1.1270028853823388
TOKYOTECH_s01,7,128,11.266666666666667,-0.057215239852666855,-1.3346809683788974
TOKYOTECH_s01,7,129,11.3,-0.05280500277876854,-1.4730904831956038
TOKYOTECH_s01,7,130,11.333333333333334,-0.0020872578024864197,-1.4836907141422053
TOKYOTECH_s01,7,131,11.366666666666667,-0.3823128342628479,-1.3214788045334187
TOKYOTECH_s01,7,132,11.4,-0.7677361965179443,-0.9732467649560232
TOKYOTECH_s01,7,133,11.433333333333334,-0.7408416271209717,-0.4684440630516007
TOKYOTECH_s01,7,134,11.466666666666667,-0.7338324785232544,0.12335706340169884
TOKYOTECH_s01,7,135,11.5,-0.9369003176689148,0.7093675433630596
TOKYOTECH_s01,7,136,11.533333333333333,-1.1677290201187134,1.1985668870506643
TOKYOTECH_s01,7,137,11.566666666666666,-1.1598536968231201,1.52430840348741
TOKYOTECH_s01,7,138,11.6,-1.1821410655975342,1.6566366532200034
TOKYOTECH_s01,7,139,11.633333333333333,-1.0057709217071533,1.6027550737899867
TOKYOTECH_s01,7,140,11.666666666666666,-0.8823630213737488,1.3990575657280373
TOKYOTECH_s01,7,141,11.7,-0.9022878408432007,1.0994118938299482
TOKYOTECH_s01,7,142,11.733333333333333,-0.6044391989707947,0.7627140965386318
TOKYOTECH_s01,7,143,11.766666666666667,0.4561837911605835,0.4409887867314526
TOKYOTECH_s01,7,144,11.8,1.705698847770691,0.16950539367574885
TOKYOTECH_s01,7,145,11.833333333333334,1.7854375839233398,-0.038806472413921114
TOKYOTECH_s01,7,146,11.866666666666667,1.2607766389846802,-0.19297565953275403
TOKYOTECH_s01,7,147,11.9,0.9339464902877808,-0.31785250857306974
TOKYOTECH_s01,7,148,11.933333333333334,0.6771682500839233,-0.4442283752455369
TOKYOTECH_s01,7,149,11.966666666666667,0.5245818495750427,-0.5979733855429219
TOKYOTECH_s01,7,150,12.0,0.2780810296535492,-0.7905216651281544
TOKYOTECH_s01,7,151,12.033333333333333,0.15624818205833435,-1.0122913099262867
TOKYOTECH_s01,7,152,12.066666666666666,0.038746826350688934,-1.230451129211217
TOKYOTECH_s01,7,153,12.1,-0.20743899047374725,-1.3927612989731364
TOKYOTECH_s01,7,154,12.133333333333333,-0.31324535608291626,-1.438985056015821
TOKYOTECH_s01,7,155,12.166666666666666,-0.3192700445652008,-1.3190578592020121
TOKYOTECH_s01,7,156,12.2,-0.26260635256767273,-1.0128882926039702
TOKYOTECH_s01,7,157,12.233333333333333,-0.5969969630241394,-0.5435236060185873
TOKYOTECH_s01,7,158,12.266666666666667,-1.042234182357788,0.023374475414495926
TOKYOTECH_s01,7,159,12.3,-1.3046433925628662,0.5952716623381082
TOKYOTECH_s01,7,160,12.333333333333334,-1.0554255247116089,1.0781973572643102
TOKYOTECH_s01,7,161,12.366666666666667,-0.813019871711731,1.4018574018681147
TOKYOTECH_s01,7,162,12.4,-0.8787797093391418,1.5351766814958958
TOKYOTECH_s01,7,163,12.433333333333334,-1.1973012685775757,1.4881680547512226
TOKYOTECH_s01,7,164,12.466666666666667,-1.102796196937561,1.3022696780802359
TOKYOTECH_s01,7,165,12.5,-0.9882875084877014,1.034985989150774
TOKYOTECH_s01,7,166,12.533333333333333,-1.0975984334945679,0.7442641283801206
TOKYOTECH_s01,7,167,12.566666666666666,0.12006060034036636,0.47575228889166005
TOKYOTECH_s01,7,168,12.6,1.8136709928512573,0.25466116310564657
TOKYOTECH_s01,7,169,12.633333333333333,2.08253812789917,0.08336216327154133
TOKYOTECH_s01,7,170,12.666666666666666,1.3010988235473633,-0.05506576870768666
TOKYOTECH_s01,7,171,12.7,0.8377875685691833,-0.18855917913912748
TOKYOTECH_s01,7,172,12.733333333333333,0.7709251642227173,-0.3455505754440311
TOKYOTECH_s01,7,173,12.766666666666667,0.3596704304218292,-0.5448369881547588
TOKYOTECH_s01,7,174,12.8,-0.16845563054084778,-0.7874330616802553
TOKYOTECH_s01,7,175,12.833333333333334,-0.21137671172618866,-1.0515111398810868
TOKYOTECH_s01,7,176,12.866666666666667,0.21098239719867706,-1.2924978077770843
TOKYOTECH_s01,7,177,12.9,0.3043062090873718,-1.450759736681887
TOKYOTECH_s01,7,178,12.933333333333334,0.040282536298036575,-1.467021632548088
TOKYOTECH_s01,7,179,12.966666666666667,-0.40908926725387573,-1.3017448233468463
TOKYOTECH_s01,7,180,13.0,-0.4507896602153778,-0.9516729968962843
TOKYOTECH_s01,7,181,13.033333333333333,-0.46783995628356934,-0.45641086833631034
TOKYOTECH_s01,7,182,13.066666666666666,-0.9135497212409973,0.1090871031319444
TOKYOTECH_s01,7,183,13.1,-1.2591627836227417,0.6544331303069132
TOKYOTECH_s01,7,184,13.133333333333333,-1.026207685470581,1.098286684933099
TOKYOTECH_s01,7,185,13.166666666666666,-0.8876789212226868,1.3873636416130986
TOKYOTECH_s01,7,186,13.2,-1.1159875392913818,1.503821666851034
TOKYOTECH_s01,7,187,13.233333333333333,-0.8856313228607178,1.4614143555261814
TOKYOTECH_s01,7,188,13.266666666666667,-0.8203440308570862,1.2951614995666478
TOKYOTECH_s01,7,189,13.3,-0.8036481142044067,1.049714452074077
TOKYOTECH_s01,7,190,13.333333333333334,0.4550812244415283,0.7692918057477787
TOKYOTECH_s01,7,191,13.366666666666667,1.8261535167694092,0.48981029306514484
TOKYOTECH_s01,7,192,13.4,1.7837837934494019,0.2335259782772281
TOKYOTECH_s01,7,193,13.433333333333334,1.1716662645339966,0.0071019674826979405
TOKYOTECH_s01,7,194,13.466666666666667,1.039595365524292,-0.1962259658899779
TOKYOTECH_s01,7,195,13.5,0.7441093921661377,-0.3908050487924441
TOKYOTECH_s01,7,196,13.533333333333333,-0.00763943325728178,-0.5905275685190929
TOKYOTECH_s01,7,197,13.566666666666666,-0.1645572930574417,-0.8006422235070904
TOKYOTECH_s01,7,198,13.6,0.04772481322288513,-1.0115185263314717
TOKYOTECH_s01,7,199,13.633333333333333,-0.0340614877641201,-1.1964431181791415
TOKYOTECH_s01,7,200,13.666666666666666,-0.157430037856102,-1.3153826371285335
TOKYOTECH_s01,7,201,13.7,-0.00838759820908308,-1.3253169218656902
TOKYOTECH_s01,7,202,13.733333333333333,-0.3387223482131958,-1.194772855258149
TOKYOTECH_s01,7,203,13.766666666666667,-0.5888459086418152,-0.9171803452454242
TOKYOTECH_s01,7,204,13.8,-0.516470730304718,-0.5169227835607362
TOKYOTECH_s01,7,205,13.833333333333334,-0.8908290863037109,-0.04469821131763631
TOKYOTECH_s01,7,206,13.866666666666667,-1.0109686851501465,0.43589109102044404
TOKYOTECH_s01,7,207,13.9,-0.8497193455696106,0.8641949638546842
TOKYOTECH_s01,7,208,13.933333333333334,-1.1010242700576782,1.1940805514081765
TOKYOTECH_s01,7,209,13.966666666666667,-0.9927765130996704,1.3980278171030451
TOKYOTECH_s01,7,210,14.0,-0.9546200633049011,1.4654864565860872
TOKYOTECH_s01,7,211,14.033333333333333,-0.8453091382980347,1.3997423937651814
TOKYOTECH_s01,7,212,14.066666666666666,0.5656915903091431,1.2159269949254632
TOKYOTECH_s01,7,213,14.1,1.7254267930984497,0.9396365554249317
TOKYOTECH_s01,7,214,14.133333333333333,1.9051834344863892,0.6043067688540197
TOKYOTECH_s01,7,215,14.166666666666666,1.478295922279358,0.24644292924395014
TOKYOTECH_s01,7,216,14.2,1.0132126808166504,-0.10038053534065959
TOKYOTECH_s01,7,217,14.233333333333333,0.8647215366363525,-0.41060642254262536
TOKYOTECH_s01,7,218,14.266666666666667,0.258746862411499,-0.6688889983749862
TOKYOTECH_s01,7,219,14.3,0.10490040481090546,-0.8688025478830333
TOKYOTECH_s01,7,220,14.333333333333334,0.16014651954174042,-1.009202784854864
TOKYOTECH_s01,7,221,14.366666666666667,0.17806310951709747,-1.090436664213868
TOKYOTECH_s01,7,222,14.4,0.2200785130262375,-1.1123543435803855
TOKYOTECH_s01,7,223,14.433333333333334,-0.018704406917095184,-1.07472698368857
TOKYOTECH_s01,7,224,14.466666666666667,-0.1227387860417366,-0.9790480326632082
TOKYOTECH_s01,7,225,14.5,-0.5523826479911804,-0.8298785129218756
TOKYOTECH_s01,7,226,14.533333333333333,-0.684847354888916,-0.6344955473493407
TOKYOTECH_s01,7,227,14.566666666666666,-0.9226064682006836,-0.4011820597330258
TOKYOTECH_s01,7,228,14.6,-0.97812819480896,-0.13789096799004721
TOKYOTECH_s01,7,229,14.633333333333333,-1.031011700630188,0.1470669408433962
TOKYOTECH_s01,7,230,14.666666666666666,-0.9900594353675842,0.4424159682774399
TOKYOTECH_s01,7,231,14.7,-0.9758837223052979,0.7311883241211425
TOKYOTECH_s01,7,232,14.733333333333333,-0.9106751680374146,0.989744674110333
TOKYOTECH_s01,7,233,14.766666666666667,-0.14943647384643555,1.1894511319150285
TOKYOTECH_s01,7,234,14.8,1.1613494157791138,1.301089290587759
TOKYOTECH_s01,7,235,14.833333333333334,2.078994035720825,1.3012951213147974
TOKYOTECH_s01,7,236,14.866666666666667,1.7692536115646362,1.179299843590669
TOKYOTECH_s01,7,237,14.9,1.521059513092041,0.9415928856170459
TOKYOTECH_s01,7,238,14.933333333333334,1.042036771774292,0.6125996461214862
TOKYOTECH_s01,7,239,14.966666666666667,0.7550956010818481,0.23108024338768685
TOKYOTECH_s01,8,0,8.0,1.3483514785766602,0.018729759894824605
TOKYOTECH_s01,8,1,8.033333333333333,1.1318166255950928,-0.23989098095078565
TOKYOTECH_s01,8,2,8.066666666666666,0.8889778256416321,-0.4910932829351436
TOKYOTECH_s01,8,3,8.1,0.5486019253730774,-0.720449526952128
TOKYOTECH_s01,8,4,8.133333333333333,0.1064361110329628,-0.9021362112588212
TOKYOTECH_s01,8,5,8.166666666666666,-0.03614847734570503,-1.000240305509341
TOKYOTECH_s01,8,6,8.2,0.25539979338645935,-0.9768306931047012
TOKYOTECH_s01,8,7,8.233333333333333,0.31198474764823914,-0.8062043767836945
TOKYOTECH_s01,8,8,8.266666666666667,0.17026644945144653,-0.4905610551352571
TOKYOTECH_s01,8,9,8.3,-0.005316182505339384,-0.06905858121762434
TOKYOTECH_s01,8,10,8.333333333333334,-0.44645819067955017,0.3865791453518764
TOKYOTECH_s01,8,11,8.366666666666667,-0.9194562435150146,0.7906224859132648
TOKYOTECH_s01,8,12,8.4,-0.9429250359535217,1.0689141502072232
TOKYOTECH_s01,8,13,8.433333333333334,-0.7084342241287231,1.1801795526144643
TOKYOTECH_s01,8,14,8.466666666666667,-0.4905605614185333,1.1246210214840255
TOKYOTECH_s01,8,15,8.5,-0.4454737603664398,0.9382727807406607
TOKYOTECH_s01,8,16,8.533333333333333,-0.7621840238571167,0.6775566441507442
TOKYOTECH_s01,8,17,8.566666666666666,-1.0271921157836914,0.40090159565834127
TOKYOTECH_s01,8,18,8.6,-0.276309609413147,0.1532840235599464
TOKYOTECH_s01,8,19,8.633333333333333,1.1948987245559692,-0.04291823280588561
TOKYOTECH_s01,8,20,8.666666666666666,2.000633716583252,-0.18945274177766638
TOKYOTECH_s01,8,21,8.7,1.8406049013137817,-0.306561861524617
TOKYOTECH_s01,8,22,8.733333333333333,1.2244709730148315,-0.4225394639190314
TOKYOTECH_s01,8,23,8.766666666666667,0.6518487334251404,-0.561956136294481
TOKYOTECH_s01,8,24,8.8,0.362544983625412,-0.7356476256583441
TOKYOTECH_s01,8,25,8.833333333333334,0.24165718257427216,-0.9343934258867613
TOKYOTECH_s01,8,26,8.866666666666667,0.5264325737953186,-1.1273751083197154
TOKYOTECH_s01,8,27,8.9,0.4901268780231476,-1.2662341994877888
TOKYOTECH_s01,8,28,8.933333333333334,0.055836502462625504,-1.2952802455804109
TOKYOTECH_s01,8,29,8.966666666666667,-0.032604534178972244,-1.1672055458220085
TOKYOTECH_s01,8,30,9.0,-0.026107307523489,-0.8611173000557044
TOKYOTECH_s01,8,31,9.033333333333333,-0.1795993596315384,-0.3965625496841102
TOKYOTECH_s01,8,32,9.066666666666666,-0.6027854084968567,0.16424038781153882
TOKYOTECH_s01,8,33,9.1,-0.7477719783782959,0.730213632626599
TOKYOTECH_s01,8,34,9.133333333333333,-0.5558478236198425,1.2069975577647583
TOKYOTECH_s01,8,35,9.166666666666666,-0.6208988428115845,1.5230210507160873
TOKYOTECH_s01,8,36,9.2,-0.9009883999824524,1.645326009158657
TOKYOTECH_s01,8,37,9.233333333333333,-0.8153431415557861,1.5810243061639577
TOKYOTECH_s01,8,38,9.266666666666667,-0.6318457126617432,1.367561272435039
TOKYOTECH_s01,8,39,9.3,-1.0051802396774292,1.0585003396525843
TOKYOTECH_s01,8,40,9.333333333333334,-0.7799824476242065,0.7101500903140393
TOKYOTECH_s01,8,41,9.366666666666667,0.6508249640464783,0.37106686648521525
TOKYOTECH_s01,8,42,9.4,1.9025057554244995,0.07476292435712405
TOKYOTECH_s01,8,43,9.433333333333334,1.5964667797088623,-0.16403800395774815
TOKYOTECH_s01,8,44,9.466666666666667,1.0787756443023682,-0.3490630482545969
TOKYOTECH_s01,8,45,9.5,0.9709216356277466,-0.4979648030842309
TOKYOTECH_s01,8,46,9.533333333333333,0.9639518857002258,-0.6344941632201653
TOKYOTECH_s01,8,47,9.566666666666666,0.5565561056137085,-0.7791481803448506
TOKYOTECH_s01,8,48,9.6,0.04394460842013359,-0.9403217261847562
TOKYOTECH_s01,8,49,9.633333333333333,0.22941088676452637,-1.1078704927559813
TOKYOTECH_s01,8,50,9.666666666666666,0.4602002501487732,-1.2509783696734018
TOKYOTECH_s01,8,51,9.7,0.3333665132522583,-1.3223559319495208
TOKYOTECH_s01,8,52,9.733333333333333,-0.18471838533878326,-1.270285800940864
TOKYOTECH_s01,8,53,9.766666666666667,-0.32230207324028015,-1.0572885667697705
TOKYOTECH_s01,8,54,9.8,-0.21830707788467407,-0.6793288951871029
TOKYOTECH_s01,8,55,9.833333333333334,-0.3866049349308014,-0.17616992537355566
TOKYOTECH_s01,8,56,9.866666666666667,-0.8608237504959106,0.37450962228506224
TOKYOTECH_s01,8,57,9.9,-0.9661968946456909,0.8790691599502419
TOKYOTECH_s01,8,58,9.933333333333334,-0.7174909710884094,1.25654155531408
TOKYOTECH_s01,8,59,9.966666666666667,-0.8168001174926758,1.4606309544302092
TOKYOTECH_s01,8,60,10.0,-1.0585756301879883,1.486738977265772
TOKYOTECH_s01,8,61,10.033333333333333,-0.9015002846717834,1.364616119708689
TOKYOTECH_s01,8,62,10.066666666666666,-0.6575589776039124,1.1430739776122507
TOKYOTECH_s01,8,63,10.1,-0.688942551612854,0.8740040307700901
TOKYOTECH_s01,8,64,10.133333333333333,0.16955766081809998,0.6004586188119354
TOKYOTECH_s01,8,65,10.166666666666666,1.4601824283599854,0.35031998790250746
TOKYOTECH_s01,8,66,10.2,1.8712009191513062,0.13499502409258593
TOKYOTECH_s01,8,67,10.233333333333333,1.4951887130737305,-0.04822277355257665
TOKYOTECH_s01,8,68,10.266666666666667,1.1203972101211548,-0.21163099653055154
TOKYOTECH_s01,8,69,10.3,0.6421619653701782,-0.37166004221092513
TOKYOTECH_s01,8,70,10.333333333333334,0.25858935713768005,-0.5431526393023303
TOKYOTECH_s01,8,71,10.366666666666667,0.2786716818809509,-0.7337999108952917
TOKYOTECH_s01,8,72,10.4,0.18133141100406647,-0.9394818804470478
TOKYOTECH_s01,8,73,10.433333333333334,0.03158018738031387,-1.1416327301517089
TOKYOTECH_s01,8,74,10.466666666666667,-0.011813408695161343,-1.307663988693799
TOKYOTECH_s01,8,75,10.5,0.15463371574878693,-1.3953161140613024
TOKYOTECH_s01,8,76,10.533333333333333,-0.004922410938888788,-1.3616728832512248
TOKYOTECH_s01,8,77,10.566666666666666,-0.3582927882671356,-1.1762776188536233
TOKYOTECH_s01,8,78,10.6,-0.8822054862976074,-0.8348378939159764
TOKYOTECH_s01,8,79,10.633333333333333,-1.1424095630645752,-0.36731924721721965
TOKYOTECH_s01,8,80,10.666666666666666,-1.036327600479126,0.16540391879616373
TOKYOTECH_s01,8,81,10.7,-0.805656373500824,0.6871598990805324
TOKYOTECH_s01,8,82,10.733333333333333,-0.6160160899162292,1.1275374424466802
TOKYOTECH_s01,8,83,10.766666666666667,-0.9826565384864807,1.4379518744455746
TOKYOTECH_s01,8,84,10.8,-1.1970256567001343,1.5967572759697186
TOKYOTECH_s01,8,85,10.833333333333334,-1.1609562635421753,1.6052777884984708
TOKYOTECH_s01,8,86,10.866666666666667,-0.994981586933136,1.480821887421468
TOKYOTECH_s01,8,87,10.9,-0.820777177810669,1.251396486202223
TOKYOTECH_s01,8,88,10.933333333333334,0.04733104258775711,0.9524453401490772
TOKYOTECH_s01,8,89,10.966666666666667,1.415292501449585,0.6229222699594935
TOKYOTECH_s01,8,90,11.0,1.8220583200454712,0.29902649993252434
TOKYOTECH_s01,8,91,11.033333333333333,1.5951672792434692,0.0069524652619695785
TOKYOTECH_s01,8,92,11.066666666666666,1.2664076089859009,-0.2423139389811243
TOKYOTECH_s01,8,93,11.1,0.9778913855552673,-0.4536347725721349
TOKYOTECH_s01,8,94,11.133333333333333,0.39794501662254333,-0.6430959652830947
TOKYOTECH_s01,8,95,11.166666666666666,0.07922651618719101,-0.8293656227242054
TOKYOTECH_s01,8,96,11.2,0.33017697930336,-1.0235166974756125
TOKYOTECH_s01,8,97,11.233333333333333,0.3295075595378876,-1.2202655789999268
TOKYOTECH_s01,8,98,11.266666666666667,-0.057215239852666855,-1.393554179200821
TOKYOTECH_s01,8,99,11.3,-0.05280500277876854,-1.4989585622960895
TOKYOTECH_s01,8,100,11.333333333333334,-0.0020872578024864197,-1.484201141104466
TOKYOTECH_s01,8,101,11.366666666666667,-0.3823128342628479,-1.3063840098658155
TOKYOTECH_s01,8,102,11.4,-0.7677361965179443,-0.9507480116399637
TOKYOTECH_s01,8,103,11.433333333333334,-0.7408416271209717,-0.4430585264849593
TOKYOTECH_s01,8,104,11.466666666666667,-0.7338324785232544,0.15132153016193509
TOKYOTECH_s01,8,105,11.5,-0.9369003176689148,0.7431108534805224
TOKYOTECH_s01,8,106,11.533333333333333,-1.1677290201187134,1.2432139474216624
TOKYOTECH_s01,8,107,11.566666666666666,-1.1598536968231201,1.58462181438103
TOKYOTECH_s01,8,108,11.6,-1.1821410655975342,1.7342952638387135
TOKYOTECH_s01,8,109,11.633333333333333,-1.0057709217071533,1.6938964783751478
TOKYOTECH_s01,8,110,11.666666666666666,-0.8823630213737488,1.4931983687995423
TOKYOTECH_s01,8,111,11.7,-0.9022878408432007,1.1807107834346806
TOKYOTECH_s01,8,112,11.733333333333333,-0.6044391989707947,0.8135581210032595
TOKYOTECH_s01,8,113,11.766666666666667,0.4561837911605835,0.4466376285986382
TOKYOTECH_s01,8,114,11.8,1.705698847770691,0.12204711100605654
TOKYOTECH_s01,8,115,11.833333333333334,1.7854375839233398,-0.13838712160872416
TOKYOTECH_s01,8,116,11.866666666666667,1.2607766389846802,-0.33490184592941163
TOKYOTECH_s01,8,117,11.9,0.9339464902877808,-0.4854953819862929
TOKYOTECH_s01,8,118,11.933333333333334,0.6771682500839233,-0.6173368583877897
TOKYOTECH_s01,8,119,11.966666666666667,0.5245818495750427,-0.7565410949969154
TOKYOTECH_s01,8,120,12.0,0.2780810296535492,-0.9183367278030861
TOKYOTECH_s01,8,121,12.033333333333333,0.15624818205833435,-1.099048930303383
TOKYOTECH_s01,8,122,12.066666666666666,0.038746826350688934,-1.2718890876383027
TOKYOTECH_s01,8,123,12.1,-0.20743899047374725,-1.3893430927655601
TOKYOTECH_s01,8,124,12.133333333333333,-0.31324535608291626,-1.3942030685311864
TOKYOTECH_s01,8,125,12.166666666666666,-0.3192700445652008,-1.238098447960247
TOKYOTECH_s01,8,126,12.2,-0.26260635256767273,-0.9017687525898911
TOKYOTECH_s01,8,127,12.233333333333333,-0.5969969630241394,-0.4084919658251756
TOKYOTECH_s01,8,128,12.266666666666667,-1.042234182357788,0.17625545536064433
TOKYOTECH_s01,8,129,12.3,-1.3046433925628662,0.7601199664793601
TOKYOTECH_s01,8,130,12.333333333333334,-1.0554255247116089,1.2485679155273712
TOKYOTECH_s01,8,131,12.366666666666667,-0.813019871711731,1.5693421853291536
TOKYOTECH_s01,8,132,12.4,-0.8787797093391418,1.6881623929060374
TOKYOTECH_s01,8,133,12.433333333333334,-1.1973012685775757,1.6119959561378545
TOKYOTECH_s01,8,134,12.466666666666667,-1.102796196937561,1.381528579418374
TOKYOTECH_s01,8,135,12.5,-0.9882875084877014,1.0573539925008626
TOKYOTECH_s01,8,136,12.533333333333333,-1.0975984334945679,0.7041462781336086
TOKYOTECH_s01,8,137,12.566666666666666,0.12006060034036636,0.3759028550502302
TOKYOTECH_s01,8,138,12.6,1.8136709928512573,0.10522720752675774
TOKYOTECH_s01,8,139,12.633333333333333,2.08253812789917,-0.10069102296047645
TOKYOTECH_s01,8,140,12.666666666666666,1.3010988235473633,-0.25679343686128764
TOKYOTECH_s01,8,141,12.7,0.8377875685691833,-0.3914845243785239
TOKYOTECH_s01,8,142,12.733333333333333,0.7709251642227173,-0.5355599368125036
TOKYOTECH_s01,8,143,12.766666666666667,0.3596704304218292,-0.7112034935051235
TOKYOTECH_s01,8,144,12.8,-0.16845563054084778,-0.9225976671905943
TOKYOTECH_s01,8,145,12.833333333333334,-0.21137671172618866,-1.149756889979991
TOKYOTECH_s01,8,146,12.866666666666667,0.21098239719867706,-1.3483216510351015
TOKYOTECH_s01,8,147,12.9,0.3043062090873718,-1.4580080357756
TOKYOTECH_s01,8,148,12.933333333333334,0.040282536298036575,-1.41949606846404
TOKYOTECH_s01,8,149,12.966666666666667,-0.40908926725387573,-1.1953002779190467
TOKYOTECH_s01,8,150,13.0,-0.4507896602153778,-0.7872933429102019
TOKYOTECH_s01,8,151,13.033333333333333,-0.46783995628356934,-0.243342922670517
TOKYOTECH_s01,8,152,13.066666666666666,-0.9135497212409973,0.3516118825001469
TOKYOTECH_s01,8,153,13.1,-1.2591627836227417,0.8985606384913474
TOKYOTECH_s01,8,154,13.133333333333333,-1.026207685470581,1.3126155961066805
TOKYOTECH_s01,8,155,13.166666666666666,-0.8876789212226868,1.5444121788877203
TOKYOTECH_s01,8,156,13.2,-1.1159875392913818,1.5871762170608341
TOKYOTECH_s01,8,157,13.233333333333333,-0.8856313228607178,1.469857575443093
TOKYOTECH_s01,8,158,13.266666666666667,-0.8203440308570862,1.2421483838586123
TOKYOTECH_s01,8,159,13.3,-0.8036481142044067,0.9581426235568101
TOKYOTECH_s01,8,160,13.333333333333334,0.4550812244415283,0.6632045461153326
TOKYOTECH_s01,8,161,13.366666666666667,1.8261535167694092,0.38595010233418703
TOKYOTECH_s01,8,162,13.4,1.7837837934494019,0.13590783981520743
TOKYOTECH_s01,8,163,13.433333333333334,1.1716662645339966,-0.09327166619856109
TOKYOTECH_s01,8,164,13.466666666666667,1.039595365524292,-0.31638673689358904
TOKYOTECH_s01,8,165,13.5,0.7441093921661377,-0.5474501489418063
TOKYOTECH_s01,8,166,13.533333333333333,-0.00763943325728178,-0.7911183072630857
TOKYOTECH_s01,8,167,13.566666666666666,-0.1645572930574417,-1.0366822022583808
TOKYOTECH_s01,8,168,13.6,0.04772481322288513,-1.2560995516009728
TOKYOTECH_s01,8,169,13.633333333333333,-0.0340614877641201,-1.4073595790222437
TOKYOTECH_s01,8,170,13.666666666666666,-0.157430037856102,-1.4439224190948268
TOKYOTECH_s01,8,171,13.7,-0.00838759820908308,-1.3291680340863314
TOKYOTECH_s01,8,172,13.733333333333333,-0.3387223482131958,-1.0517424348910487
TOKYOTECH_s01,8,173,13.766666666666667,-0.5888459086418152,-0.635198242658539
TOKYOTECH_s01,8,174,13.8,-0.516470730304718,-0.1358202185007676
TOKYOTECH_s01,8,175,13.833333333333334,-0.8908290863037109,0.37249629377972215
TOKYOTECH_s01,8,176,13.866666666666667,-1.0109686851501465,0.8197870639385464
TOKYOTECH_s01,8,177,13.9,-0.8497193455696106,1.1573295940012072
TOKYOTECH_s01,8,178,13.933333333333334,-1.1010242700576782,1.3636483696514394
TOKYOTECH_s01,8,179,13.966666666666667,-0.9927765130996704,1.4397617764031196
TOKYOTECH_s01,8,180,14.0,-0.9546200633049011,1.399598578866912
TOKYOTECH_s01,8,181,14.033333333333333,-0.8453091382980347,1.2618764114583263
TOKYOTECH_s01,8,182,14.066666666666666,0.5656915903091431,1.0461275869416917
TOKYOTECH_s01,8,183,14.1,1.7254267930984497,0.7716725607119118
TOKYOTECH_s01,8,184,14.133333333333333,1.9051834344863892,0.4572688006986449
TOKYOTECH_s01,8,185,14.166666666666666,1.478295922279358,0.12049801796326778
TOKYOTECH_s01,8,186,14.2,1.0132126808166504,-0.2224596409283834
TOKYOTECH_s01,8,187,14.233333333333333,0.8647215366363525,-0.5556759357194679
TOKYOTECH_s01,8,188,14.266666666666667,0.258746862411499,-0.8610896058482324
TOKYOTECH_s01,8,189,14.3,0.10490040481090546,-1.1165042912636338
TOKYOTECH_s01,8,190,14.333333333333334,0.16014651954174042,-1.2960567947175392
TOKYOTECH_s01,8,191,14.366666666666667,0.17806310951709747,-1.3743026630231014
TOKYOTECH_s01,8,192,14.4,0.2200785130262375,-1.3332027215782098
TOKYOTECH_s01,8,193,14.433333333333334,-0.018704406917095184,-1.1694989545029995
TOKYOTECH_s01,8,194,14.466666666666667,-0.1227387860417366,-0.8991750034541569
TOKYOTECH_s01,8,195,14.5,-0.5523826479911804,-0.5562410159769827
TOKYOTECH_s01,8,196,14.533333333333333,-0.684847354888916,-0.18495367703571278
TOKYOTECH_s01,8,197,14.566666666666666,-0.9226064682006836,0.17229498329768875
TOKYOTECH_s01,8,198,14.6,-0.97812819480896,0.4860180740233492
TOKYOTECH_s01,8,199,14.633333333333333,-1.031011700630188,0.7439246555276073
TOKYOTECH_s01,8,200,14.666666666666666,-0.9900594353675842,0.94671811466598
TOKYOTECH_s01,8,201,14.7,-0.9758837223052979,1.098702353760096
TOKYOTECH_s01,8,202,14.733333333333333,-0.9106751680374146,1.1988142302362015
TOKYOTECH_s01,8,203,14.766666666666667,-0.14943647384643555,1.2367020706664633
TOKYOTECH_s01,8,204,14.8,1.1613494157791138,1.1955657654373943
TOKYOTECH_s01,8,205,14.833333333333334,2.078994035720825,1.0601470256561785
TOKYOTECH_s01,8,206,14.866666666666667,1.7692536115646362,0.8258691582440353
TOKYOTECH_s01,8,207,14.9,1.521059513092041,0.504833504764696
TOKYOTECH_s01,8,208,14.933333333333334,1.042036771774292,0.12631640917039025
TOKYOTECH_s01,8,209,14.966666666666667,0.7550956010818481,-0.26783597616379434
TOKYOTECH_s01,8,210,15.0,0.41097885370254517,-0.6306833393561762
TOKYOTECH_s01,8,211,15.033333333333333,0.19097881019115448,-0.9181527801415138
TOKYOTECH_s01,8,212,15.066666666666666,0.34218698740005493,-1.0961948855498838
TOKYOTECH_s01,8,213,15.1,0.3258061110973358,-1.1467742005491657
TOKYOTECH_s01,8,214,15.133333333333333,0.27016621828079224,-1.0720898541692316
TOKYOTECH_s01,8,215,15.166666666666666,0.011300967074930668,-0.8955491917970755
TOKYOTECH_s01,8,216,15.2,-0.18936489522457123,-0.6577860346591746
TOKYOTECH_s01,8,217,15.233333333333333,-0.5508075952529907,-0.40726031886740716
TOKYOTECH_s01,8,218,15.266666666666667,-0.6229071021080017,-0.1874851517718402
TOKYOTECH_s01,8,219,15.3,-0.860587477684021,-0.02522612630274249
TOKYOTECH_s01,8,220,15.333333333333334,-0.8983107209205627,0.07556583023071409
TOKYOTECH_s01,8,221,15.366666666666667,-0.8599967956542969,0.13145904497018446
TOKYOTECH_s01,8,222,15.4,-0.8728731274604797,0.17006371765723394
TOKYOTECH_s01,8,223,15.433333333333334,-0.9002008438110352,0.21762835510975365
TOKYOTECH_s01,8,224,15.466666666666667,-0.7560018301010132,0.28845675871695986
TOKYOTECH_s01,8,225,15.5,0.09674934297800064,0.37939693808220126
TOKYOTECH_s01,8,226,15.533333333333333,1.4405332803726196,0.47067759657337543
TOKYOTECH_s01,8,227,15.566666666666666,2.095729351043701,0.5325324783741585
TOKYOTECH_s01,8,228,15.6,1.4774690866470337,0.5354525470855653
TOKYOTECH_s01,8,229,15.633333333333333,1.1794629096984863,0.46073968025576223
TOKYOTECH_s01,8,230,15.666666666666666,1.0299873352050781,0.3077352069028416
TOKYOTECH_s01,8,231,15.7,0.5012312531471252,0.09527658172452094
TOKYOTECH_s01,8,232,15.733333333333333,0.3323427140712738,-0.14256931701108147
TOKYOTECH_s01,8,233,15.766666666666667,0.24157842993736267,-0.3643013198896599
TOKYOTECH_s01,8,234,15.8,0.27607280015945435,-0.5297087896906852
TOKYOTECH_s01,8,235,15.833333333333334,0.4605940282344818,-0.6077287639062946
TOKYOTECH_s01,8,236,15.866666666666667,0.09710373729467392,-0.5824042451229907
TOKYOTECH_s01,8,237,15.9,0.00389806623570621,-0.456164225645155
TOKYOTECH_s01,8,238,15.933333333333334,-0.32529473304748535,-0.24967019855750772
TOKYOTECH_s01,8,239,15.966666666666667,-0.6084950566291809,0.0020314596382859477
TOKYOTECH_s01,9,0,9.0,-0.026107307523489,0.08287738801428313
TOKYOTECH_s01,9,1,9.033333333333333,-0.1795993596315384,0.3155491897163627
TOKYOTECH_s01,9,2,9.066666666666666,-0.6027854084968567,0.5254729190649322
TOKYOTECH_s01,9,3,9.1,-0.7477719783782959,0.6926309797363928
TOKYOTECH_s01,9,4,9.133333333333333,-0.5558478236198425,0.8018161142731152
TOKYOTECH_s01,9,5,9.166666666666666,-0.6208988428115845,0.8445392418101092
TOKYOTECH_s01,9,6,9.2,-0.9009883999824524,0.8197172013485511
TOKYOTECH_s01,9,7,9.233333333333333,-0.8153431415557861,0.7332725945757851
TOKYOTECH_s01,9,8,9.266666666666667,-0.6318457126617432,0.5971037353832873
TOKYOTECH_s01,9,9,9.3,-1.0051802396774292,0.4276280640183049
TOKYOTECH_s01,9,10,9.333333333333334,-0.7799824476242065,0.2436180255949467
TOKYOTECH_s01,9,11,9.366666666666667,0.6508249640464783,0.06301979946400628
TOKYOTECH_s01,9,12,9.4,1.9025057554244995,-0.10081278184379312
TOKYOTECH_s01,9,13,9.433333333333334,1.5964667797088623,-0.24213641233305438
TOKYOTECH_s01,9,14,9.466666666666667,1.0787756443023682,-0.3635586252719881
TOKYOTECH_s01,9,15,9.5,0.9709216356277466,-0.4737907914213078
TOKYOTECH_s01,9,16,9.533333333333333,0.9639518857002258,-0.5831081280034004
TOKYOTECH_s01,9,17,9.566666666666666,0.5565561056137085,-0.6980972808812631
TOKYOTECH_s01,9,18,9.6,0.04394460842013359,-0.817032912565326
TOKYOTECH_s01,9,19,9.633333333333333,0.22941088676452637,-0.9267004899066572
TOKYOTECH_s01,9,20,9.666666666666666,0.4602002501487732,-1.001639599639365
TOKYOTECH_s01,9,21,9.7,0.3333665132522583,-1.0073609754868675
TOKYOTECH_s01,9,22,9.733333333333333,-0.18471838533878326,-0.9089418723396346
TOKYOTECH_s01,9,23,9.766666666666667,-0.32230207324028015,-0.6842590473567343
TOKYOTECH_s01,9,24,9.8,-0.21830707788467407,-0.3373042792269302
TOKYOTECH_s01,9,25,9.833333333333334,-0.3866049349308014,0.09544939525404664
TOKYOTECH_s01,9,26,9.866666666666667,-0.8608237504959106,0.5508970573232111
TOKYOTECH_s01,9,27,9.9,-0.9661968946456909,0.9567096250278342
TOKYOTECH_s01,9,28,9.933333333333334,-0.7174909710884094,1.25277813931428
TOKYOTECH_s01,9,29,9.966666666666667,-0.8168001174926758,1.4066531485372482
TOKYOTECH_s01,9,30,10.0,-1.0585756301879883,1.4172499723036402
TOKYOTECH_s01,9,31,10.033333333333333,-0.9015002846717834,1.3080557618989492
TOKYOTECH_s01,9,32,10.066666666666666,-0.6575589776039124,1.11517013394799
TOKYOTECH_s01,9,33,10.1,-0.688942551612854,0.8756058407197987
TOKYOTECH_s01,9,34,10.133333333333333,0.16955766081809998,0.619119063815472
TOKYOTECH_s01,9,35,10.166666666666666,1.4601824283599854,0.3644615281239703
TOKYOTECH_s01,9,36,10.2,1.8712009191513062,0.11954904784633624
TOKYOTECH_s01,9,37,10.233333333333333,1.4951887130737305,-0.11563931064328417
TOKYOTECH_s01,9,38,10.266666666666667,1.1203972101211548,-0.34509347528954115
TOKYOTECH_s01,9,39,10.3,0.6421619653701782,-0.573162615149265
TOKYOTECH_s01,9,40,10.333333333333334,0.25858935713768005,-0.8015571018309458
TOKYOTECH_s01,9,41,10.366666666666667,0.2786716818809509,-1.0263948704331227
TOKYOTECH_s01,9,42,10.4,0.18133141100406647,-1.235301271734007
TOKYOTECH_s01,9,43,10.433333333333334,0.03158018738031387,-1.405683732672882
TOKYOTECH_s01,9,44,10.466666666666667,-0.011813408695161343,-1.5056853777068815
TOKYOTECH_s01,9,45,10.5,0.15463371574878693,-1.4989698389444048
TOKYOTECH_s01,9,46,10.533333333333333,-0.004922410938888788,-1.3537005591824656
TOKYOTECH_s01,9,47,10.566666666666666,-0.3582927882671356,-1.0544175294240066
TOKYOTECH_s01,9,48,10.6,-0.8822054862976074,-0.6130270030472583
TOKYOTECH_s01,9,49,10.633333333333333,-1.1424095630645752,-0.07337542142308316
TOKYOTECH_s01,9,50,10.666666666666666,-1.036327600479126,0.4951045832334687
TOKYOTECH_s01,9,51,10.7,-0.805656373500824,1.0143562057098472
TOKYOTECH_s01,9,52,10.733333333333333,-0.6160160899162292,1.4182511448782102
TOKYOTECH_s01,9,53,10.766666666666667,-0.9826565384864807,1.66696861773826
TOKYOTECH_s01,9,54,10.8,-1.1970256567001343,1.7500257593958075
TOKYOTECH_s01,9,55,10.833333333333334,-1.1609562635421753,1.680216699135039
TOKYOTECH_s01,9,56,10.866666666666667,-0.994981586933136,1.4846142303085794
TOKYOTECH_s01,9,57,10.9,-0.820777177810669,1.197560096039737
TOKYOTECH_s01,9,58,10.933333333333334,0.04733104258775711,0.8565241343231452
TOKYOTECH_s01,9,59,10.966666666666667,1.415292501449585,0.49864713255894205
TOKYOTECH_s01,9,60,11.0,1.8220583200454712,0.15608509191569758
TOKYOTECH_s01,9,61,11.033333333333333,1.5951672792434692,-0.14932846164902297
TOKYOTECH_s01,9,62,11.066666666666666,1.2664076089859009,-0.4097539001873901
TOKYOTECH_s01,9,63,11.1,0.9778913855552673,-0.6310090758424882
TOKYOTECH_s01,9,64,11.133333333333333,0.39794501662254333,-0.8275151304553164
TOKYOTECH_s01,9,65,11.166666666666666,0.07922651618719101,-1.0138680568910603
TOKYOTECH_s01,9,66,11.2,0.33017697930336,-1.1956812471469793
TOKYOTECH_s01,9,67,11.233333333333333,0.3295075595378876,-1.3627081651064958
TOKYOTECH_s01,9,68,11.266666666666667,-0.057215239852666855,-1.4869251032241588
TOKYOTECH_s01,9,69,11.3,-0.05280500277876854,-1.5272324497856675
TOKYOTECH_s01,9,70,11.333333333333334,-0.0020872578024864197,-1.4406634514358463
TOKYOTECH_s01,9,71,11.366666666666667,-0.3823128342628479,-1.197661852464792
TOKYOTECH_s01,9,72,11.4,-0.7677361965179443,-0.7966954036195101
TOKYOTECH_s01,9,73,11.433333333333334,-0.7408416271209717,-0.27220296742066086
TOKYOTECH_s01,9,74,11.466666666666667,-0.7338324785232544,0.30910520214816456
TOKYOTECH_s01,9,75,11.5,-0.9369003176689148,0.8641227121956095
TOKYOTECH_s01,9,76,11.533333333333333,-1.1677290201187134,1.3153446073917352
TOKYOTECH_s01,9,77,11.566666666666666,-1.1598536968231201,1.6093548830676774
TOKYOTECH_s01,9,78,11.6,-1.1821410655975342,1.7251107976507654
TOKYOTECH_s01,9,79,11.633333333333333,-1.0057709217071533,1.671754456589139
TOKYOTECH_s01,9,80,11.666666666666666,-0.8823630213737488,1.4803367309574955
TOKYOTECH_s01,9,81,11.7,-0.9022878408432007,1.1943659522530485
TOKYOTECH_s01,9,82,11.733333333333333,-0.6044391989707947,0.8614289824550745
TOKYOTECH_s01,9,83,11.766666666666667,0.4561837911605835,0.525599534179162
TOKYOTECH_s01,9,84,11.8,1.705698847770691,0.2204158820632484
TOKYOTECH_s01,9,85,11.833333333333334,1.7854375839233398,-0.03630456370375399
TOKYOTECH_s01,9,86,11.866666666666667,1.2607766389846802,-0.24400640871565318
TOKYOTECH_s01,9,87,11.9,0.9339464902877808,-0.4164859567221687
TOKYOTECH_s01,9,88,11.933333333333334,0.6771682500839233,-0.5754009651153282
TOKYOTECH_s01,9,89,11.966666666666667,0.5245818495750427,-0.7420273906464026
TOKYOTECH_s01,9,90,12.0,0.2780810296535492,-0.928759334428097
TOKYOTECH_s01,9,91,12.033333333333333,0.15624818205833435,-1.1315219115467787
TOKYOTECH_s01,9,92,12.066666666666666,0.038746826350688934,-1.3250823954772009
TOKYOTECH_s01,9,93,12.1,-0.20743899047374725,-1.4642720532084783
TOKYOTECH_s01,9,94,12.133333333333333,-0.31324535608291626,-1.4935925682921787
TOKYOTECH_s01,9,95,12.166666666666666,-0.3192700445652008,-1.3646126502776934
TOKYOTECH_s01,9,96,12.2,-0.26260635256767273,-1.0558659929754897
TOKYOTECH_s01,9,97,12.233333333333333,-0.5969969630241394,-0.586747791003448
TOKYOTECH_s01,9,98,12.266666666666667,-1.042234182357788,-0.018032163533839303
TOKYOTECH_s01,9,99,12.3,-1.3046433925628662,0.5627913704572812
TOKYOTECH_s01,9,100,12.333333333333334,-1.0554255247116089,1.0658213602102025
TOKYOTECH_s01,9,101,12.366666666666667,-0.813019871711731,1.4225751838536862
TOKYOTECH_s01,9,102,12.4,-0.8787797093391418,1.60040993413983
TOKYOTECH_s01,9,103,12.433333333333334,-1.1973012685775757,1.6040306456144786
TOKYOTECH_s01,9,104,12.466666666666667,-1.102796196937561,1.4664935186171917
TOKYOTECH_s01,9,105,12.5,-0.9882875084877014,1.2353237912739148
TOKYOTECH_s01,9,106,12.533333333333333,-1.0975984334945679,0.9589052502119785
TOKYOTECH_s01,9,107,12.566666666666666,0.12006060034036636,0.6760951316400566
TOKYOTECH_s01,9,108,12.6,1.8136709928512573,0.41037242860180384
TOKYOTECH_s01,9,109,12.633333333333333,2.08253812789917,0.1688667557913454
TOKYOTECH_s01,9,110,12.666666666666666,1.3010988235473633,-0.05438073086220674
TOKYOTECH_s01,9,111,12.7,0.8377875685691833,-0.2724592229982185
TOKYOTECH_s01,9,112,12.733333333333333,0.7709251642227173,-0.49873376052218893
TOKYOTECH_s01,9,113,12.766666666666667,0.3596704304218292,-0.7403670620568586
TOKYOTECH_s01,9,114,12.8,-0.16845563054084778,-0.9926822805453425
TOKYOTECH_s01,9,115,12.833333333333334,-0.21137671172618866,-1.2350213229732006
TOKYOTECH_s01,9,116,12.866666666666667,0.21098239719867706,-1.4301960186826554
TOKYOTECH_s01,9,117,12.9,0.3043062090873718,-1.5302111542992947
TOKYOTECH_s01,9,118,12.933333333333334,0.040282536298036575,-1.488837266036018
TOKYOTECH_s01,9,119,12.966666666666667,-0.40908926725387573,-1.2779000390825876
TOKYOTECH_s01,9,120,13.0,-0.4507896602153778,-0.9012479560557309
TOKYOTECH_s01,9,121,13.033333333333333,-0.46783995628356934,-0.39992158653028564
TOKYOTECH_s01,9,122,13.066666666666666,-0.9135497212409973,0.15528279174462534
TOKYOTECH_s01,9,123,13.1,-1.2591627836227417,0.6822745330980416
TOKYOTECH_s01,9,124,13.133333333333333,-1.026207685470581,1.109730559587176
TOKYOTECH_s01,9,125,13.166666666666666,-0.8876789212226868,1.3933202187800975
TOKYOTECH_s01,9,126,13.2,-1.1159875392913818,1.5206088906583504
TOKYOTECH_s01,9,127,13.233333333333333,-0.8856313228607178,1.505599435248725
TOKYOTECH_s01,9,128,13.266666666666667,-0.8203440308570862,1.3779576334821684
TOKYOTECH_s01,9,129,13.3,-0.8036481142044067,1.1721698338704256
TOKYOTECH_s01,9,130,13.333333333333334,0.4550812244415283,0.9194962054187763
TOKYOTECH_s01,9,131,13.366666666666667,1.8261535167694092,0.6431701067868771
TOKYOTECH_s01,9,132,13.4,1.7837837934494019,0.3565797360166423
TOKYOTECH_s01,9,133,13.433333333333334,1.1716662645339966,0.06441287273104784
TOKYOTECH_s01,9,134,13.466666666666667,1.039595365524292,-0.2334778416995401
TOKYOTECH_s01,9,135,13.5,0.7441093921661377,-0.536492725479578
TOKYOTECH_s01,9,136,13.533333333333333,-0.00763943325728178,-0.8376312734226666
TOKYOTECH_s01,9,137,13.566666666666666,-0.1645572930574417,-1.1195116580042852
TOKYOTECH_s01,9,138,13.6,0.04772481322288513,-1.3533931782368427
TOKYOTECH_s01,9,139,13.633333333333333,-0.0340614877641201,-1.5021194042501111
TOKYOTECH_s01,9,140,13.666666666666666,-0.157430037856102,-1.5275909899113624
TOKYOTECH_s01,9,141,13.7,-0.00838759820908308,-1.402171674403193
TOKYOTECH_s01,9,142,13.733333333333333,-0.3387223482131958,-1.1208762940584573
TOKYOTECH_s01,9,143,13.766666666666667,-0.5888459086418152,-0.7088311915396761
TOKYOTECH_s01,9,144,13.8,-0.516470730304718,-0.21870795621499092
TOKYOTECH_s01,9,145,13.833333333333334,-0.8908290863037109,0.28283499835180953
TOKYOTECH_s01,9,146,13.866666666666667,-1.0109686851501465,0.7337847644322911
TOKYOTECH_s01,9,147,13.9,-0.8497193455696106,1.0909274459681406
TOKYOTECH_s01,9,148,13.933333333333334,-1.1010242700576782,1.3335081337772072
TOKYOTECH_s01,9,149,13.966666666666667,-0.9927765130996704,1.4576686434686452
TOKYOTECH_s01,9,150,14.0,-0.9546200633049011,1.4679337281768001
TOKYOTECH_s01,9,151,14.033333333333333,-0.8453091382980347,1.3717905601488636
TOKYOTECH_s01,9,152,14.066666666666666,0.5656915903091431,1.1790121545228716
TOKYOTECH_s01,9,153,14.1,1.7254267930984497,0.9032136575586718
TOKYOTECH_s01,9,154,14.133333333333333,1.9051834344863892,0.5627073605548337
TOKYOTECH_s01,9,155,14.166666666666666,1.478295922279358,0.17987045629460688
TOKYOTECH_s01,9,156,14.2,1.0132126808166504,-0.2200020629047716
TOKYOTECH_s01,9,157,14.233333333333333,0.8647215366363525,-0.609219455973355
TOKYOTECH_s01,9,158,14.266666666666667,0.258746862411499,-0.9575248008327384
TOKYOTECH_s01,9,159,14.3,0.10490040481090546,-1.2324362246995917
TOKYOTECH_s01,9,160,14.333333333333334,0.16014651954174042,-1.401731511894977
TOKYOTECH_s01,9,161,14.366666666666667,0.17806310951709747,-1.4389135640813164
TOKYOTECH_s01,9,162,14.4,0.2200785130262375,-1.3307874850105963
TOKYOTECH_s01,9,163,14.433333333333334,-0.018704406917095184,-1.0844472860560725
TOKYOTECH_s01,9,164,14.466666666666667,-0.1227387860417366,-0.7300441256669179
TOKYOTECH_s01,9,165,14.5,-0.5523826479911804,-0.31661426603578463
TOKYOTECH_s01,9,166,14.533333333333333,-0.684847354888916,0.09891795264657575
TOKYOTECH_s01,9,167,14.566666666666666,-0.9226064682006836,0.4658947902851388
TOKYOTECH_s01,9,168,14.6,-0.97812819480896,0.751326937224534
TOKYOTECH_s01,9,169,14.633333333333333,-1.031011700630188,0.9436662461423969
TOKYOTECH_s01,9,170,14.666666666666666,-0.9900594353675842,1.0483507261002059
TOKYOTECH_s01,9,171,14.7,-0.9758837223052979,1.0787552579185709
TOKYOTECH_s01,9,172,14.733333333333333,-0.9106751680374146,1.0473181138005017
TOKYOTECH_s01,9,173,14.766666666666667,-0.14943647384643555,0.9602115047594879
TOKYOTECH_s01,9,174,14.8,1.1613494157791138,0.8169195262647145
TOKYOTECH_s01,9,175,14.833333333333334,2.078994035720825,0.6141175260873406
TOKYOTECH_s01,9,176,14.866666666666667,1.7692536115646362,0.35154696675794894
TOKYOTECH_s01,9,177,14.9,1.521059513092041,0.03708879661515367
TOKYOTECH_s01,9,178,14.933333333333334,1.042036771774292,-0.3106315238509583
TOKYOTECH_s01,9,179,14.966666666666667,0.7550956010818481,-0.6622263044219515
TOKYOTECH_s01,9,180,15.0,0.41097885370254517,-0.9796341974507471
TOKYOTECH_s01,9,181,15.033333333333333,0.19097881019115448,-1.2202214685067465
TOKYOTECH_s01,9,182,15.066666666666666,0.34218698740005493,-1.3433023491531124
TOKYOTECH_s01,9,183,15.1,0.3258061110973358,-1.3191005221159717
TOKYOTECH_s01,9,184,15.133333333333333,0.27016621828079224,-1.1385381069312146
TOKYOTECH_s01,9,185,15.166666666666666,0.011300967074930668,-0.8201236425195692
TOKYOTECH_s01,9,186,15.2,-0.18936489522457123,-0.40935042761676904
TOKYOTECH_s01,9,187,15.233333333333333,-0.5508075952529907,0.031540282722523814
TOKYOTECH_s01,9,188,15.266666666666667,-0.6229071021080017,0.4400984932555509
TOKYOTECH_s01,9,189,15.3,-0.860587477684021,0.7690105704565323
TOKYOTECH_s01,9,190,15.333333333333334,-0.8983107209205627,0.9937466345742955
TOKYOTECH_s01,9,191,15.366666666666667,-0.8599967956542969,1.1110192069011455
TOKYOTECH_s01,9,192,15.4,-0.8728731274604797,1.1316534183575224
TOKYOTECH_s01,9,193,15.433333333333334,-0.9002008438110352,1.0731106341285503
TOKYOTECH_s01,9,194,15.466666666666667,-0.7560018301010132,0.9544027523269473
TOKYOTECH_s01,9,195,15.5,0.09674934297800064,0.7929087825858617
TOKYOTECH_s01,9,196,15.533333333333333,1.4405332803726196,0.6019983477604611
TOKYOTECH_s01,9,197,15.566666666666666,2.095729351043701,0.38955904263211405
TOKYOTECH_s01,9,198,15.6,1.4774690866470337,0.15822266635162457
TOKYOTECH_s01,9,199,15.633333333333333,1.1794629096984863,-0.09220073376164789
TOKYOTECH_s01,9,200,15.666666666666666,1.0299873352050781,-0.3603107981173861
TOKYOTECH_s01,9,201,15.7,0.5012312531471252,-0.6378131876287865
TOKYOTECH_s01,9,202,15.733333333333333,0.3323427140712738,-0.9051738685603142
TOKYOTECH_s01,9,203,15.766666666666667,0.24157842993736267,-1.1305131545033598
TOKYOTECH_s01,9,204,15.8,0.27607280015945435,-1.2737395023266234
TOKYOTECH_s01,9,205,15.833333333333334,0.4605940282344818,-1.2963988319143527
TOKYOTECH_s01,9,206,15.866666666666667,0.09710373729467392,-1.1750143872952854
TOKYOTECH_s01,9,207,15.9,0.00389806623570621,-0.9130357142243083
TOKYOTECH_s01,9,208,15.933333333333334,-0.32529473304748535,-0.5455839770054342
TOKYOTECH_s01,9,209,15.966666666666667,-0.6084950566291809,-0.13315996884196354
TOKYOTECH_s01,9,210,16.0,-0.6179455518722534,0.2548360807693954
TOKYOTECH_s01,9,211,16.033333333333335,-0.9808452129364014,0.5606226173945464
TOKYOTECH_s01,9,212,16.066666666666666,-1.0909830331802368,0.7535807917857852
TOKYOTECH_s01,9,213,16.1,-0.8181782960891724,0.8340577736651671
TOKYOTECH_s01,9,214,16.133333333333333,-0.9685989022254944,0.825496498201587
TOKYOTECH_s01,9,215,16.166666666666668,-1.0760984420776367,0.7609997077525888
TOKYOTECH_s01,9,216,16.2,-0.7575768828392029,0.6710956654044068
TOKYOTECH_s01,9,217,16.233333333333334,-0.20830528438091278,0.5762728863888631
TOKYOTECH_s01,9,218,16.266666666666666,1.2904276847839355,0.4846435615712758
TOKYOTECH_s01,9,219,16.3,1.9853159189224243,0.3934768466879887
TOKYOTECH_s01,9,220,16.333333333333332,1.5686664581298828,0.2931197405848864
TOKYOTECH_s01,9,221,16.366666666666667,1.4288777112960815,0.1722631652758354
TOKYOTECH_s01,9,222,16.4,0.987105667591095,0.023813872120389473
TOKYOTECH_s01,9,223,16.433333333333334,0.48225143551826477,-0.14963914376535087
TOKYOTECH_s01,9,224,16.466666666666665,0.29292619228363037,-0.3324303574513009
TOKYOTECH_s01,9,225,16.5,0.07784831523895264,-0.49639096246986675
TOKYOTECH_s01,9,226,16.533333333333335,0.35774096846580505,-0.6064147502097786
TOKYOTECH_s01,9,227,16.566666666666666,0.2654803395271301,-0.6302724312354862
TOKYOTECH_s01,9,228,16.6,0.004843117203563452,-0.5499866359758214
TOKYOTECH_s01,9,229,16.633333333333333,0.013899857178330421,-0.37068176632210126
TOKYOTECH_s01,9,230,16.666666666666668,-0.4277540445327759,-0.12273459295352444
TOKYOTECH_s01,9,231,16.7,-0.7731702327728271,0.14496251740966062
TOKYOTECH_s01,9,232,16.733333333333334,-0.6366103291511536,0.37897970236339473
TOKYOTECH_s01,9,233,16.766666666666666,-1.0054559707641602,0.5371565251590039
TOKYOTECH_s01,9,234,16.8,-0.9405624270439148,0.5994722625008057
TOKYOTECH_s01,9,235,16.833333333333332,-0.8134530186653137,0.5695470030248434
TOKYOTECH_s01,9,236,16.866666666666667,-0.9865549206733704,0.46742306647876203
TOKYOTECH_s01,9,237,16.9,-0.8055382370948792,0.3185848342587522
TOKYOTECH_s01,9,238,16.933333333333334,-0.8309758305549622,0.14484211252827628
TOKYOTECH_s01,9,239,16.966666666666665,0.1626666635274887,-0.03951070790436654
TOKYOTECH_s01,10,0,10.0,-1.0585756301879883,0.016901188655338264
TOKYOTECH_s01,10,1,10.033333333333333,-0.9015002846717834,0.15576948225177933
TOKYOTECH_s01,10,2,10.066666666666666,-0.6575589776039124,0.30347535119749536
TOKYOTECH_s01,10,3,10.1,-0.688942551612854,0.4608763286590079
TOKYOTECH_s01,10,4,10.133333333333333,0.16955766081809998,0.6150014517423974
TOKYOTECH_s01,10,5,10.166666666666666,1.4601824283599854,0.7412489898427804
TOKYOTECH_s01,10,6,10.2,1.8712009191513062,0.8112464489161955
TOKYOTECH_s01,10,7,10.233333333333333,1.4951887130737305,0.8025830458704092
TOKYOTECH_s01,10,8,10.266666666666667,1.1203972101211548,0.706101752614575
TOKYOTECH_s01,10,9,10.3,0.6421619653701782,0.5281093422658386
TOKYOTECH_s01,10,10,10.333333333333334,0.25858935713768005,0.2875805429191606
TOKYOTECH_s01,10,11,10.366666666666667,0.2786716818809509,0.010576852639452404
TOKYOTECH_s01,10,12,10.4,0.18133141100406647,-0.27538010762471254
TOKYOTECH_s01,10,13,10.433333333333334,0.03158018738031387,-0.5450340122458548
TOKYOTECH_s01,10,14,10.466666666666667,-0.011813408695161343,-0.7765404656447867
TOKYOTECH_s01,10,15,10.5,0.15463371574878693,-0.9507122284882035
TOKYOTECH_s01,10,16,10.533333333333333,-0.004922410938888788,-1.0501352235882124
TOKYOTECH_s01,10,17,10.566666666666666,-0.3582927882671356,-1.0600220897538914
TOKYOTECH_s01,10,18,10.6,-0.8822054862976074,-0.9713952674563487
TOKYOTECH_s01,10,19,10.633333333333333,-1.1424095630645752,-0.7852280709030427
TOKYOTECH_s01,10,20,10.666666666666666,-1.036327600479126,-0.5148816436945197
TOKYOTECH_s01,10,21,10.7,-0.805656373500824,-0.1849440123218404
TOKYOTECH_s01,10,22,10.733333333333333,-0.6160160899162292,0.17277511107439875
TOKYOTECH_s01,10,23,10.766666666666667,-0.9826565384864807,0.5235433235138165
TOKYOTECH_s01,10,24,10.8,-1.1970256567001343,0.8328069614719923
TOKYOTECH_s01,10,25,10.833333333333334,-1.1609562635421753,1.0688175063902874
TOKYOTECH_s01,10,26,10.866666666666667,-0.994981586933136,1.2062196478848188
TOKYOTECH_s01,10,27,10.9,-0.820777177810669,1.230775500633992
TOKYOTECH_s01,10,28,10.933333333333334,0.04733104258775711,1.143430311752589
TOKYOTECH_s01,10,29,10.966666666666667,1.415292501449585,0.9611151704027742
TOKYOTECH_s01,10,30,11.0,1.8220583200454712,0.7129840715901158
TOKYOTECH_s01,10,31,11.033333333333333,1.5951672792434692,0.4330798244632592
TOKYOTECH_s01,10,32,11.066666666666666,1.2664076089859009,0.15200900273371903
TOKYOTECH_s01,10,33,11.1,0.9778913855552673,-0.10953345479081728
TOKYOTECH_s01,10,34,11.133333333333333,0.39794501662254333,-0.34336867344009986
TOKYOTECH_s01,10,35,11.166666666666666,0.07922651618719101,-0.5518793735094741
TOKYOTECH_s01,10,36,11.2,0.33017697930336,-0.7421528004522788
TOKYOTECH_s01,10,37,11.233333333333333,0.3295075595378876,-0.918077639896287
TOKYOTECH_s01,10,38,11.266666666666667,-0.057215239852666855,-1.0731921497731423
TOKYOTECH_s01,10,39,11.3,-0.05280500277876854,-1.1873731005146362
TOKYOTECH_s01,10,40,11.333333333333334,-0.0020872578024864197,-1.2296505223012648
TOKYOTECH_s01,10,41,11.366666666666667,-0.3823128342628479,-1.1673480919860755
TOKYOTECH_s01,10,42,11.4,-0.7677361965179443,-0.9788831835277335
TOKYOTECH_s01,10,43,11.433333333333334,-0.7408416271209717,-0.6652959200909346
TOKYOTECH_s01,10,44,11.466666666666667,-0.7338324785232544,-0.25534295430143217
TOKYOTECH_s01,10,45,11.5,-0.9369003176689148,0.19866746043122113
TOKYOTECH_s01,10,46,11.533333333333333,-1.1677290201187134,0.6330469731708994
TOKYOTECH_s01,10,47,11.566666666666666,-1.1598536968231201,0.9881187723710978
TOKYOTECH_s01,10,48,11.6,-1.1821410655975342,1.221122176738404
TOKYOTECH_s01,10,49,11.633333333333333,-1.0057709217071533,1.3128900634879375
TOKYOTECH_s01,10,50,11.666666666666666,-0.8823630213737488,1.2679773020975986
TOKYOTECH_s01,10,51,11.7,-0.9022878408432007,1.1103087758749985
TOKYOTECH_s01,10,52,11.733333333333333,-0.6044391989707947,0.8764136848853479
TOKYOTECH_s01,10,53,11.766666666666667,0.4561837911605835,0.6073376581899662
TOKYOTECH_s01,10,54,11.8,1.705698847770691,0.34023806814302704
TOKYOTECH_s01,10,55,11.833333333333334,1.7854375839233398,0.10131127771948216
TOKYOTECH_s01,10,56,11.866666666666667,1.2607766389846802,-0.09806822916688433
TOKYOTECH_s01,10,57,11.9,0.9339464902877808,-0.2609294806596272
TOKYOTECH_s01,10,58,11.933333333333334,0.6771682500839233,-0.40049879518280734
TOKYOTECH_s01,10,59,11.966666666666667,0.5245818495750427,-0.5337304094875781
TOKYOTECH_s01,10,60,12.0,0.2780810296535492,-0.6739103997136682
TOKYOTECH_s01,10,61,12.033333333333333,0.15624818205833435,-0.8234402564266325
TOKYOTECH_s01,10,62,12.066666666666666,0.038746826350688934,-0.9686742794832863
TOKYOTECH_s01,10,63,12.1,-0.20743899047374725,-1.079420467924847
TOKYOTECH_s01,10,64,12.133333333333333,-0.31324535608291626,-1.114962995760361
TOKYOTECH_s01,10,65,12.166666666666666,-0.3192700445652008,-1.0362296221654235
TOKYOTECH_s01,10,66,12.2,-0.26260635256767273,-0.8209554194190166
TOKYOTECH_s01,10,67,12.233333333333333,-0.5969969630241394,-0.4764172797514467
TOKYOTECH_s01,10,68,12.266666666666667,-1.042234182357788,-0.04373894889598824
TOKYOTECH_s01,10,69,12.3,-1.3046433925628662,0.4097957526769287
TOKYOTECH_s01,10,70,12.333333333333334,-1.0554255247116089,0.8087402921664077
TOKYOTECH_s01,10,71,12.366666666666667,-0.813019871711731,1.0909423883283687
TOKYOTECH_s01,10,72,12.4,-0.8787797093391418,1.2238007561795068
TOKYOTECH_s01,10,73,12.433333333333334,-1.1973012685775757,1.2094106926028008
TOKYOTECH_s01,10,74,12.466666666666667,-1.102796196937561,1.0784268355462425
TOKYOTECH_s01,10,75,12.5,-0.9882875084877014,0.8771493019572468
TOKYOTECH_s01,10,76,12.533333333333333,-1.0975984334945679,0.6531305776430164
TOKYOTECH_s01,10,77,12.566666666666666,0.12006060034036636,0.443074078454166
TOKYOTECH_s01,10,78,12.6,1.8136709928512573,0.26552161022957677
TOKYOTECH_s01,10,79,12.633333333333333,2.08253812789917,0.11971822166712223
TOKYOTECH_s01,10,80,12.666666666666666,1.3010988235473633,-0.009756446257208916
TOKYOTECH_s01,10,81,12.7,0.8377875685691833,-0.14482035471555996
TOKYOTECH_s01,10,82,12.733333333333333,0.7709251642227173,-0.30509357006667437
TOKYOTECH_s01,10,83,12.766666666666667,0.3596704304218292,-0.5005684794017042
TOKYOTECH_s01,10,84,12.8,-0.16845563054084778,-0.7263145836483488
TOKYOTECH_s01,10,85,12.833333333333334,-0.21137671172618866,-0.9593733983231175
TOKYOTECH_s01,10,86,12.866666666666667,0.21098239719867706,-1.1593323287770954
TOKYOTECH_s01,10,87,12.9,0.3043062090873718,-1.2748947732646507
TOKYOTECH_s01,10,88,12.933333333333334,0.040282536298036575,-1.2569634868113488
TOKYOTECH_s01,10,89,12.966666666666667,-0.40908926725387573,-1.075335718409294
TOKYOTECH_s01,10,90,13.0,-0.4507896602153778,-0.7333472263667039
TOKYOTECH_s01,10,91,13.033333333333333,-0.46783995628356934,-0.27386588560337294
TOKYOTECH_s01,10,92,13.066666666666666,-0.9135497212409973,0.22829004556205576
TOKYOTECH_s01,10,93,13.1,-1.2591627836227417,0.6870336679229835
TOKYOTECH_s01,10,94,13.133333333333333,-1.026207685470581,1.0307138374849403
TOKYOTECH_s01,10,95,13.166666666666666,-0.8876789212226868,1.221100198727605
TOKYOTECH_s01,10,96,13.2,-1.1159875392913818,1.2582267014943433
TOKYOTECH_s01,10,97,13.233333333333333,-0.8856313228607178,1.1718877084577923
TOKYOTECH_s01,10,98,13.266666666666667,-0.8203440308570862,1.0062050727826417
TOKYOTECH_s01,10,99,13.3,-0.8036481142044067,0.8043977894639253
TOKYOTECH_s01,10,100,13.333333333333334,0.4550812244415283,0.598059188813325
TOKYOTECH_s01,10,101,13.366666666666667,1.8261535167694092,0.4020412170791881
TOKYOTECH_s01,10,102,13.4,1.7837837934494019,0.2147029466789427
TOKYOTECH_s01,10,103,13.433333333333334,1.1716662645339966,0.02296285934575503
TOKYOTECH_s01,10,104,13.466666666666667,1.039595365524292,-0.18925440253325343
TOKYOTECH_s01,10,105,13.5,0.7441093921661377,-0.4316024916051808
TOKYOTECH_s01,10,106,13.533333333333333,-0.00763943325728178,-0.6995678959817775
TOKYOTECH_s01,10,107,13.566666666666666,-0.1645572930574417,-0.9704901286955584
TOKYOTECH_s01,10,108,13.6,0.04772481322288513,-1.2046625863964375
TOKYOTECH_s01,10,109,13.633333333333333,-0.0340614877641201,-1.35209941922266
TOKYOTECH_s01,10,110,13.666666666666666,-0.157430037856102,-1.3646620074597877
TOKYOTECH_s01,10,111,13.7,-0.00838759820908308,-1.2114677361246051
TOKYOTECH_s01,10,112,13.733333333333333,-0.3387223482131958,-0.8928869026894207
TOKYOTECH_s01,10,113,13.766666666666667,-0.5888459086418152,-0.44669837575548854
TOKYOTECH_s01,10,114,13.8,-0.516470730304718,0.058673326922800556
TOKYOTECH_s01,10,115,13.833333333333334,-0.8908290863037109,0.5433782709680509
TOKYOTECH_s01,10,116,13.866666666666667,-1.0109686851501465,0.9397654935355154
TOKYOTECH_s01,10,117,13.9,-0.8497193455696106,1.2089459911686518
TOKYOTECH_s01,10,118,13.933333333333334,-1.1010242700576782,1.343490373448196
TOKYOTECH_s01,10,119,13.966666666666667,-0.9927765130996704,1.358081378516642
TOKYOTECH_s01,10,120,14.0,-0.9546200633049011,1.2757962847366475
TOKYOTECH_s01,10,121,14.033333333333333,-0.8453091382980347,1.117760952434924
TOKYOTECH_s01,10,122,14.066666666666666,0.5656915903091431,0.8993812576526202
TOKYOTECH_s01,10,123,14.1,1.7254267930984497,0.6315020339521566
TOKYOTECH_s01,10,124,14.133333333333333,1.9051834344863892,0.32327207084046555
TOKYOTECH_s01,10,125,14.166666666666666,1.478295922279358,-0.01523709660887643
TOKYOTECH_s01,10,126,14.2,1.0132126808166504,-0.3708803712323782
TOKYOTECH_s01,10,127,14.233333333333333,0.8647215366363525,-0.7252708773013491
TOKYOTECH_s01,10,128,14.266666666666667,0.258746862411499,-1.052701360751398
TOKYOTECH_s01,10,129,14.3,0.10490040481090546,-1.3194444031697679
TOKYOTECH_s01,10,130,14.333333333333334,0.16014651954174042,-1.4863774005425292
TOKYOTECH_s01,10,131,14.366666666666667,0.17806310951709747,-1.5162240826878794
TOKYOTECH_s01,10,132,14.4,0.2200785130262375,-1.3846543907399047
TOKYOTECH_s01,10,133,14.433333333333334,-0.018704406917095184,-1.091797185658757
TOKYOTECH_s01,10,134,14.466666666666667,-0.1227387860417366,-0.6688446562142991
TOKYOTECH_s01,10,135,14.5,-0.5523826479911804,-0.17504506369928932
TOKYOTECH_s01,10,136,14.533333333333333,-0.684847354888916,0.31589937596100254
TOKYOTECH_s01,10,137,14.566666666666666,-0.9226064682006836,0.7356723380246114
TOKYOTECH_s01,10,138,14.6,-0.97812819480896,1.0390664145956188
TOKYOTECH_s01,10,139,14.633333333333333,-1.031011700630188,1.2117988086407898
TOKYOTECH_s01,10,140,14.666666666666666,-0.9900594353675842,1.2662181785525328
TOKYOTECH_s01,10,141,14.7,-0.9758837223052979,1.228963100377974
TOKYOTECH_s01,10,142,14.733333333333333,-0.9106751680374146,1.1271158581994374
TOKYOTECH_s01,10,143,14.766666666666667,-0.14943647384643555,0.9782360152250027
TOKYOTECH_s01,10,144,14.8,1.1613494157791138,0.7870957092629087
TOKYOTECH_s01,10,145,14.833333333333334,2.078994035720825,0.5491210621037684
TOKYOTECH_s01,10,146,14.866666666666667,1.7692536115646362,0.25809882030263626
TOKYOTECH_s01,10,147,14.9,1.521059513092041,-0.08537235265525575
TOKYOTECH_s01,10,148,14.933333333333334,1.042036771774292,-0.46752861190274414
TOKYOTECH_s01,10,149,14.966666666666667,0.7550956010818481,-0.8586024114524565
TOKYOTECH_s01,10,150,15.0,0.41097885370254517,-1.2139691834933606
TOKYOTECH_s01,10,151,15.033333333333333,0.19097881019115448,-1.479520938920889
TOKYOTECH_s01,10,152,15.066666666666666,0.34218698740005493,-1.60139248312543
TOKYOTECH_s01,10,153,15.1,0.3258061110973358,-1.5392374214761668
TOKYOTECH_s01,10,154,15.133333333333333,0.27016621828079224,-1.2801865959436034
TOKYOTECH_s01,10,155,15.166666666666666,0.011300967074930668,-0.8483847529004216
TOKYOTECH_s01,10,156,15.2,-0.18936489522457123,-0.304480798763523
TOKYOTECH_s01,10,157,15.233333333333333,-0.5508075952529907,0.2673938246629307
TOKYOTECH_s01,10,158,15.266666666666667,-0.6229071021080017,0.7812669537957515
TOKYOTECH_s01,10,159,15.3,-0.860587477684021,1.170695874848653
TOKYOTECH_s01,10,160,15.333333333333334,-0.8983107209205627,1.4014371609023075
TOKYOTECH_s01,10,161,15.366666666666667,-0.8599967956542969,1.4721272068825342
TOKYOTECH_s01,10,162,15.4,-0.8728731274604797,1.4057078236826999
TOKYOTECH_s01,10,163,15.433333333333334,-0.9002008438110352,1.2373959092303517
TOKYOTECH_s01,10,164,15.466666666666667,-0.7560018301010132,1.0037732603319314
TOKYOTECH_s01,10,165,15.5,0.09674934297800064,0.7347924929636814
TOKYOTECH_s01,10,166,15.533333333333333,1.4405332803726196,0.4492372884056275
TOKYOTECH_s01,10,167,15.566666666666666,2.095729351043701,0.15415557013678347
TOKYOTECH_s01,10,168,15.6,1.4774690866470337,-0.15159316394901695
TOKYOTECH_s01,10,169,15.633333333333333,1.1794629096984863,-0.4705536423739186
TOKYOTECH_s01,10,170,15.666666666666666,1.0299873352050781,-0.7986323016803237
TOKYOTECH_s01,10,171,15.7,0.5012312531471252,-1.1184088070822205
TOKYOTECH_s01,10,172,15.733333333333333,0.3323427140712738,-1.396300189995978
TOKYOTECH_s01,10,173,15.766666666666667,0.24157842993736267,-1.5853814650743054
TOKYOTECH_s01,10,174,15.8,0.27607280015945435,-1.634555750911836
TOKYOTECH_s01,10,175,15.833333333333334,0.4605940282344818,-1.5030269765117845
TOKYOTECH_s01,10,176,15.866666666666667,0.09710373729467392,-1.1766365055912023
TOKYOTECH_s01,10,177,15.9,0.00389806623570621,-0.6802827215127439
TOKYOTECH_s01,10,178,15.933333333333334,-0.32529473304748535,-0.07986306138404266
TOKYOTECH_s01,10,179,15.966666666666667,-0.6084950566291809,0.5300793109786918
TOKYOTECH_s01,10,180,16.0,-0.6179455518722534,1.0504835823899266
TOKYOTECH_s01,10,181,16.033333333333335,-0.9808452129364014,1.4047578563498284
TOKYOTECH_s01,10,182,16.066666666666666,-1.0909830331802368,1.5575630193312966
TOKYOTECH_s01,10,183,16.1,-0.8181782960891724,1.518257156553904
TOKYOTECH_s01,10,184,16.133333333333333,-0.9685989022254944,1.3298777212412103
TOKYOTECH_s01,10,185,16.166666666666668,-1.0760984420776367,1.0508889815222013
TOKYOTECH_s01,10,186,16.2,-0.7575768828392029,0.7374384879570691
TOKYOTECH_s01,10,187,16.233333333333334,-0.20830528438091278,0.43065159339993786
TOKYOTECH_s01,10,188,16.266666666666666,1.2904276847839355,0.15060131590252523
TOKYOTECH_s01,10,189,16.3,1.9853159189224243,-0.10290866507994895
TOKYOTECH_s01,10,190,16.333333333333332,1.5686664581298828,-0.3435095791318043
TOKYOTECH_s01,10,191,16.366666666666667,1.4288777112960815,-0.587119859344716
TOKYOTECH_s01,10,192,16.4,0.987105667591095,-0.8394658255123845
TOKYOTECH_s01,10,193,16.433333333333334,0.48225143551826477,-1.0863477760933393
TOKYOTECH_s01,10,194,16.466666666666665,0.29292619228363037,-1.290846736985049
TOKYOTECH_s01,10,195,16.5,0.07784831523895264,-1.4000065911822546
TOKYOTECH_s01,10,196,16.533333333333335,0.35774096846580505,-1.3601453759249689
TOKYOTECH_s01,10,197,16.566666666666666,0.2654803395271301,-1.1363463114341463
TOKYOTECH_s01,10,198,16.6,0.004843117203563452,-0.7295356222513664
TOKYOTECH_s01,10,199,16.633333333333333,0.013899857178330421,-0.18440034585367332
TOKYOTECH_s01,10,200,16.666666666666668,-0.4277540445327759,0.4165859520197814
TOKYOTECH_s01,10,201,16.7,-0.7731702327728271,0.9730008116453631
TOKYOTECH_s01,10,202,16.733333333333334,-0.6366103291511536,1.3936742235723243
TOKYOTECH_s01,10,203,16.766666666666666,-1.0054559707641602,1.6206839587018713
TOKYOTECH_s01,10,204,16.8,-0.9405624270439148,1.6411830854720186
TOKYOTECH_s01,10,205,16.833333333333332,-0.8134530186653137,1.4840805278275082
TOKYOTECH_s01,10,206,16.866666666666667,-0.9865549206733704,1.2051277470983668
TOKYOTECH_s01,10,207,16.9,-0.8055382370948792,0.8675999577552953
TOKYOTECH_s01,10,208,16.933333333333334,-0.8309758305549622,0.5252601270335615
TOKYOTECH_s01,10,209,16.966666666666665,0.1626666635274887,0.21160045656520737
TOKYOTECH_s01,10,210,17.0,1.5013315677642822,-0.06309747358605565
TOKYOTECH_s01,10,211,17.033333333333335,1.9019545316696167,-0.3073220776282012
TOKYOTECH_s01,10,212,17.066666666666666,1.7793735265731812,-0.5388433727642253
TOKYOTECH_s01,10,213,17.1,1.1491819620132446,-0.7734650515128151
TOKYOTECH_s01,10,214,17.133333333333333,0.7096543908119202,-1.0148204304476247
TOKYOTECH_s01,10,215,17.166666666666668,0.37514564394950867,-1.2474588897952648
TOKYOTECH_s01,10,216,17.2,-0.015002956613898277,-1.4357699545160456
TOKYOTECH_s01,10,217,17.233333333333334,0.1146659329533577,-1.530886294430263
TOKYOTECH_s01,10,218,17.266666666666666,0.17952007055282593,-1.4851085394877621
TOKYOTECH_s01,10,219,17.3,0.2367350459098816,-1.2698101119468894
TOKYOTECH_s01,10,220,17.333333333333332,0.0065757110714912415,-0.8904270504332531
TOKYOTECH_s01,10,221,17.366666666666667,-0.1170291006565094,-0.39212624212203273
TOKYOTECH_s01,10,222,17.4,-0.3168286681175232,0.1476673685875001
TOKYOTECH_s01,10,223,17.433333333333334,-0.5645108222961426,0.6386803416553097
TOKYOTECH_s01,10,224,17.466666666666665,-0.5839237570762634,1.002176371648295
TOKYOTECH_s01,10,225,17.5,-0.8559803366661072,1.1906869879652902
TOKYOTECH_s01,10,226,17.533333333333335,-0.6895332336425781,1.1962152831770363
TOKYOTECH_s01,10,227,17.566666666666666,-0.777462363243103,1.0459348484755497
TOKYOTECH_s01,10,228,17.6,-0.7201292514801025,0.7894360226601917
TOKYOTECH_s01,10,229,17.633333333333333,-0.9322932362556458,0.48351026232431416
TOKYOTECH_s01,10,230,17.666666666666668,-0.6679545640945435,0.17932419757603346
TOKYOTECH_s01,10,231,17.7,0.1266365796327591,-0.08551251791563542
TOKYOTECH_s01,10,232,17.733333333333334,1.4021012783050537,-0.28929815903574496
TOKYOTECH_s01,10,233,17.766666666666666,1.8769500255584717,-0.42376807425491436
TOKYOTECH_s01,10,234,17.8,1.3626453876495361,-0.48909950459991836
TOKYOTECH_s01,10,235,17.833333333333332,1.130989670753479,-0.48935433393396477
TOKYOTECH_s01,10,236,17.866666666666667,0.7369821071624756,-0.43027288501037547
TOKYOTECH_s01,10,237,17.9,0.38073721528053284,-0.3194356867078149
TOKYOTECH_s01,10,238,17.933333333333334,0.30655068159103394,-0.16747358024902995
TOKYOTECH_s01,10,239,17.966666666666665,0.10206525027751923,0.01118149612508186
TOKYOTECH_s01,11,0,11.0,1.8220583200454712,-0.13802433808783146
TOKYOTECH_s01,11,1,11.033333333333333,1.5951672792434692,-0.3739978173298896
TOKYOTECH_s01,11,2,11.066666666666666,1.2664076089859009,-0.5849502635772926
TOKYOTECH_s01,11,3,11.1,0.9778913855552673,-0.7558491977802441
TOKYOTECH_s01,11,4,11.133333333333333,0.39794501662254333,-0.8833520820674305
TOKYOTECH_s01,11,5,11.166666666666666,0.07922651618719101,-0.9764741668471668
TOKYOTECH_s01,11,6,11.2,0.33017697930336,-1.0522033651225895
TOKYOTECH_s01,11,7,11.233333333333333,0.3295075595378876,-1.1275588569112045
TOKYOTECH_s01,11,8,11.266666666666667,-0.057215239852666855,-1.210792756981837
TOKYOTECH_s01,11,9,11.3,-0.05280500277876854,-1.294646041960245
TOKYOTECH_s01,11,10,11.333333333333334,-0.0020872578024864197,-1.3545100575008526
TOKYOTECH_s01,11,11,11.366666666666667,-0.3823128342628479,-1.3534038514455604
TOKYOTECH_s01,11,12,11.4,-0.7677361965179443,-1.253260714752143
TOKYOTECH_s01,11,13,11.433333333333334,-0.7408416271209717,-1.0289846864673398
TOKYOTECH_s01,11,14,11.466666666666667,-0.7338324785232544,-0.6797858045965538
TOKYOTECH_s01,11,15,11.5,-0.9369003176689148,-0.2329624532796522
TOKYOTECH_s01,11,16,11.533333333333333,-1.1677290201187134,0.2613114334878895
TOKYOTECH_s01,11,17,11.566666666666666,-1.1598536968231201,0.7416058495155313
TOKYOTECH_s01,11,18,11.6,-1.1821410655975342,1.1485140917911028
TOKYOTECH_s01,11,19,11.633333333333333,-1.0057709217071533,1.4355640615533902
TOKYOTECH_s01,11,20,11.666666666666666,-0.8823630213737488,1.5763325642088626
TOKYOTECH_s01,11,21,11.7,-0.9022878408432007,1.5680630117094942
TOKYOTECH_s01,11,22,11.733333333333333,-0.6044391989707947,1.4314346343674784
TOKYOTECH_s01,11,23,11.766666666666667,0.4561837911605835,1.2052387005305012
TOKYOTECH_s01,11,24,11.8,1.705698847770691,0.9359999579632816
TOKYOTECH_s01,11,25,11.833333333333334,1.7854375839233398,0.6652273265536834
TOKYOTECH_s01,11,26,11.866666666666667,1.2607766389846802,0.41871710094994957
TOKYOTECH_s01,11,27,11.9,0.9339464902877808,0.2018416444127336
TOKYOTECH_s01,11,28,11.933333333333334,0.6771682500839233,0.002236447520522683
TOKYOTECH_s01,11,29,11.966666666666667,0.5245818495750427,-0.2015086955985285
TOKYOTECH_s01,11,30,12.0,0.2780810296535492,-0.4280698437466826
TOKYOTECH_s01,11,31,12.033333333333333,0.15624818205833435,-0.6818543346561982
TOKYOTECH_s01,11,32,12.066666666666666,0.038746826350688934,-0.945131603723548
TOKYOTECH_s01,11,33,12.1,-0.20743899047374725,-1.1770090862590374
TOKYOTECH_s01,11,34,12.133333333333333,-0.31324535608291626,-1.3212960601251433
TOKYOTECH_s01,11,35,12.166666666666666,-0.3192700445652008,-1.3226648507214542
TOKYOTECH_s01,11,36,12.2,-0.26260635256767273,-1.1467265947500171
TOKYOTECH_s01,11,37,12.233333333333333,-0.5969969630241394,-0.7965974085833334
TOKYOTECH_s01,11,38,12.266666666666667,-1.042234182357788,-0.31842226037453547
TOKYOTECH_s01,11,39,12.3,-1.3046433925628662,0.2079416728941462
TOKYOTECH_s01,11,40,12.333333333333334,-1.0554255247116089,0.6904842198640246
TOKYOTECH_s01,11,41,12.366666666666667,-0.813019871711731,1.0506040627355508
TOKYOTECH_s01,11,42,12.4,-0.8787797093391418,1.2428395121780653
TOKYOTECH_s01,11,43,12.433333333333334,-1.1973012685775757,1.262178167941967
TOKYOTECH_s01,11,44,12.466666666666667,-1.102796196937561,1.1384921353882194
TOKYOTECH_s01,11,45,12.5,-0.9882875084877014,0.9226708956791331
TOKYOTECH_s01,11,46,12.533333333333333,-1.0975984334945679,0.6702066895081727
TOKYOTECH_s01,11,47,12.566666666666666,0.12006060034036636,0.4266374612447065
TOKYOTECH_s01,11,48,12.6,1.8136709928512573,0.2178178108928606
TOKYOTECH_s01,11,49,12.633333333333333,2.08253812789917,0.046836253656717536
TOKYOTECH_s01,11,50,12.666666666666666,1.3010988235473633,-0.10209364958377896
TOKYOTECH_s01,11,51,12.7,0.8377875685691833,-0.2542757833334673
TOKYOTECH_s01,11,52,12.733333333333333,0.7709251642227173,-0.4327843210397812
TOKYOTECH_s01,11,53,12.766666666666667,0.3596704304218292,-0.6477690409542542
TOKYOTECH_s01,11,54,12.8,-0.16845563054084778,-0.8892379706943937
TOKYOTECH_s01,11,55,12.833333333333334,-0.21137671172618866,-1.1247467751341877
TOKYOTECH_s01,11,56,12.866666666666667,0.21098239719867706,-1.3033762387351564
TOKYOTECH_s01,11,57,12.9,0.3043062090873718,-1.3669276420724676
TOKYOTECH_s01,11,58,12.933333333333334,0.040282536298036575,-1.2670127534332016
TOKYOTECH_s01,11,59,12.966666666666667,-0.40908926725387573,-0.9835172069096259
TOKYOTECH_s01,11,60,13.0,-0.4507896602153778,-0.5377244736582554
TOKYOTECH_s01,11,61,13.033333333333333,-0.46783995628356934,0.0064034206811864
TOKYOTECH_s01,11,62,13.066666666666666,-0.9135497212409973,0.5560091739990616
TOKYOTECH_s01,11,63,13.1,-1.2591627836227417,1.0151595275422896
TOKYOTECH_s01,11,64,13.133333333333333,-1.026207685470581,1.3128362255700137
TOKYOTECH_s01,11,65,13.166666666666666,-0.8876789212226868,1.4210604242012685
TOKYOTECH_s01,11,66,13.2,-1.1159875392913818,1.3564269633986865
TOKYOTECH_s01,11,67,13.233333333333333,-0.8856313228607178,1.166988094036756
TOKYOTECH_s01,11,68,13.266666666666667,-0.8203440308570862,0.912308933316352
TOKYOTECH_s01,11,69,13.3,-0.8036481142044067,0.645153328437114
TOKYOTECH_s01,11,70,13.333333333333334,0.4550812244415283,0.3998273707380284
TOKYOTECH_s01,11,71,13.366666666666667,1.8261535167694092,0.18815687389545938
TOKYOTECH_s01,11,72,13.4,1.7837837934494019,0.002107323472101065
TOKYOTECH_s01,11,73,13.433333333333334,1.1716662645339966,-0.17840355705102512
TOKYOTECH_s01,11,74,13.466666666666667,1.039595365524292,-0.3745434885188821
TOKYOTECH_s01,11,75,13.5,0.7441093921661377,-0.5973236409637644
TOKYOTECH_s01,11,76,13.533333333333333,-0.00763943325728178,-0.8392798712172203
TOKYOTECH_s01,11,77,13.566666666666666,-0.1645572930574417,-1.0717034900399764
TOKYOTECH_s01,11,78,13.6,0.04772481322288513,-1.2486537156064015
TOKYOTECH_s01,11,79,13.633333333333333,-0.0340614877641201,-1.3174059785775085
TOKYOTECH_s01,11,80,13.666666666666666,-0.157430037856102,-1.2336235221631193
TOKYOTECH_s01,11,81,13.7,-0.00838759820908308,-0.9779116211990586
TOKYOTECH_s01,11,82,13.733333333333333,-0.3387223482131958,-0.5684383152888587
TOKYOTECH_s01,11,83,13.766666666666667,-0.5888459086418152,-0.06335009362866294
TOKYOTECH_s01,11,84,13.8,-0.516470730304718,0.45129989526847253
TOKYOTECH_s01,11,85,13.833333333333334,-0.8908290863037109,0.8863007842699714
TOKYOTECH_s01,11,86,13.866666666666667,-1.0109686851501465,1.1768588862326914
TOKYOTECH_s01,11,87,13.9,-0.8497193455696106,1.299861586388289
TOKYOTECH_s01,11,88,13.933333333333334,-1.1010242700576782,1.2733642857109133
TOKYOTECH_s01,11,89,13.966666666666667,-0.9927765130996704,1.1409013787630653
TOKYOTECH_s01,11,90,14.0,-0.9546200633049011,0.950238103940068
TOKYOTECH_s01,11,91,14.033333333333333,-0.8453091382980347,0.7367291768111303
TOKYOTECH_s01,11,92,14.066666666666666,0.5656915903091431,0.516585087993204
TOKYOTECH_s01,11,93,14.1,1.7254267930984497,0.28936772283125434
TOKYOTECH_s01,11,94,14.133333333333333,1.9051834344863892,0.045875652724158104
TOKYOTECH_s01,11,95,14.166666666666666,1.478295922279358,-0.2224784236885544
TOKYOTECH_s01,11,96,14.2,1.0132126808166504,-0.5154145089601364
TOKYOTECH_s01,11,97,14.233333333333333,0.8647215366363525,-0.8181202870571914
TOKYOTECH_s01,11,98,14.266666666666667,0.258746862411499,-1.0992458223346038
TOKYOTECH_s01,11,99,14.3,0.10490040481090546,-1.3136970591049797
TOKYOTECH_s01,11,100,14.333333333333334,0.16014651954174042,-1.411064771937669
TOKYOTECH_s01,11,101,14.366666666666667,0.17806310951709747,-1.349135524701653
TOKYOTECH_s01,11,102,14.4,0.2200785130262375,-1.1094564140120051
TOKYOTECH_s01,11,103,14.433333333333334,-0.018704406917095184,-0.7094307856701302
TOKYOTECH_s01,11,104,14.466666666666667,-0.1227387860417366,-0.20467954594803703
TOKYOTECH_s01,11,105,14.5,-0.5523826479911804,0.32185306778642775
TOKYOTECH_s01,11,106,14.533333333333333,-0.684847354888916,0.7816071939863767
TOKYOTECH_s01,11,107,14.566666666666666,-0.9226064682006836,1.1048673153499593
TOKYOTECH_s01,11,108,14.6,-0.97812819480896,1.2583889329922384
TOKYOTECH_s01,11,109,14.633333333333333,-1.031011700630188,1.2498595593870285
TOKYOTECH_s01,11,110,14.666666666666666,-0.9900594353675842,1.1188715890473986
TOKYOTECH_s01,11,111,14.7,-0.9758837223052979,0.9193857976627001
TOKYOTECH_s01,11,112,14.733333333333333,-0.9106751680374146,0.7007233780707786
TOKYOTECH_s01,11,113,14.766666666666667,-0.14943647384643555,0.4932937051674279
TOKYOTECH_s01,11,114,14.8,1.1613494157791138,0.30303313129413334
TOKYOTECH_s01,11,115,14.833333333333334,2.078994035720825,0.11550265587008068
TOKYOTECH_s01,11,116,14.866666666666667,1.7692536115646362,-0.09272366209802245
TOKYOTECH_s01,11,117,14.9,1.521059513092041,-0.3400045193692294
TOKYOTECH_s01,11,118,14.933333333333334,1.042036771774292,-0.6277326066508202
TOKYOTECH_s01,11,119,14.966666666666667,0.7550956010818481,-0.9340159893139185
TOKYOTECH_s01,11,120,15.0,0.41097885370254517,-1.2144911696579166
TOKYOTECH_s01,11,121,15.033333333333333,0.19097881019115448,-1.4102564397451947
TOKYOTECH_s01,11,122,15.066666666666666,0.34218698740005493,-1.461766760823298
TOKYOTECH_s01,11,123,15.1,0.3258061110973358,-1.326207825806285
TOKYOTECH_s01,11,124,15.133333333333333,0.27016621828079224,-0.9940328636094965
TOKYOTECH_s01,11,125,15.166666666666666,0.011300967074930668,-0.4987532526764824
TOKYOTECH_s01,11,126,15.2,-0.18936489522457123,0.0856659179618437
TOKYOTECH_s01,11,127,15.233333333333333,-0.5508075952529907,0.6616022885743961
TOKYOTECH_s01,11,128,15.266666666666667,-0.6229071021080017,1.1337486917057378
TOKYOTECH_s01,11,129,15.3,-0.860587477684021,1.4341109254155555
TOKYOTECH_s01,11,130,15.333333333333334,-0.8983107209205627,1.5365360577174727
TOKYOTECH_s01,11,131,15.366666666666667,-0.8599967956542969,1.4568541591278514
TOKYOTECH_s01,11,132,15.4,-0.8728731274604797,1.241318442492885
TOKYOTECH_s01,11,133,15.433333333333334,-0.9002008438110352,0.94973391926149
TOKYOTECH_s01,11,134,15.466666666666667,-0.7560018301010132,0.6390206374729887
TOKYOTECH_s01,11,135,15.5,0.09674934297800064,0.3504749781812107
TOKYOTECH_s01,11,136,15.533333333333333,1.4405332803726196,0.10259566043480049
TOKYOTECH_s01,11,137,15.566666666666666,2.095729351043701,-0.10918242777464658
TOKYOTECH_s01,11,138,15.6,1.4774690866470337,-0.3056287051321216
TOKYOTECH_s01,11,139,15.633333333333333,1.1794629096984863,-0.5115133639538902
TOKYOTECH_s01,11,140,15.666666666666666,1.0299873352050781,-0.7418879042060448
TOKYOTECH_s01,11,141,15.7,0.5012312531471252,-0.9914377053702931
TOKYOTECH_s01,11,142,15.733333333333333,0.3323427140712738,-1.2303540752010045
TOKYOTECH_s01,11,143,15.766666666666667,0.24157842993736267,-1.4082333710195285
TOKYOTECH_s01,11,144,15.8,0.27607280015945435,-1.4658887962256926
TOKYOTECH_s01,11,145,15.833333333333334,0.4605940282344818,-1.3531814590493298
TOKYOTECH_s01,11,146,15.866666666666667,0.09710373729467392,-1.048469965778871
TOKYOTECH_s01,11,147,15.9,0.00389806623570621,-0.5729355952159637
TOKYOTECH_s01,11,148,15.933333333333334,-0.32529473304748535,0.007291532933930474
TOKYOTECH_s01,11,149,15.966666666666667,-0.6084950566291809,0.5948607335198464
TOKYOTECH_s01,11,150,16.0,-0.6179455518722534,1.0875910089120595
TOKYOTECH_s01,11,151,16.033333333333335,-0.9808452129364014,1.407721819465958
TOKYOTECH_s01,11,152,16.066666666666666,-1.0909830331802368,1.5221217616393283
TOKYOTECH_s01,11,153,16.1,-0.8181782960891724,1.4457244378766734
TOKYOTECH_s01,11,154,16.133333333333333,-0.9685989022254944,1.2289164944622586
TOKYOTECH_s01,11,155,16.166666666666668,-1.0760984420776367,0.9366338514173134
TOKYOTECH_s01,11,156,16.2,-0.7575768828392029,0.6281412218818652
TOKYOTECH_s01,11,157,16.233333333333334,-0.20830528438091278,0.3432995443436361
TOKYOTECH_s01,11,158,16.266666666666666,1.2904276847839355,0.09731139512129842
TOKYOTECH_s01,11,159,16.3,1.9853159189224243,-0.11667852429016926
TOKYOTECH_s01,11,160,16.333333333333332,1.5686664581298828,-0.31902640523079545
TOKYOTECH_s01,11,161,16.366666666666667,1.4288777112960815,-0.5315024960950135
TOKYOTECH_s01,11,162,16.4,0.987105667591095,-0.7645723873980389
TOKYOTECH_s01,11,163,16.433333333333334,0.48225143551826477,-1.007558594319007
TOKYOTECH_s01,11,164,16.466666666666665,0.29292619228363037,-1.2254432282264052
TOKYOTECH_s01,11,165,16.5,0.07784831523895264,-1.364897905949826
TOKYOTECH_s01,11,166,16.533333333333335,0.35774096846580505,-1.3691172063958503
TOKYOTECH_s01,11,167,16.566666666666666,0.2654803395271301,-1.1974381542841555
TOKYOTECH_s01,11,168,16.6,0.004843117203563452,-0.8432769571722368
TOKYOTECH_s01,11,169,16.633333333333333,0.013899857178330421,-0.3434243807926738
TOKYOTECH_s01,11,170,16.666666666666668,-0.4277540445327759,0.226377829454643
TOKYOTECH_s01,11,171,16.7,-0.7731702327728271,0.7699240918413222
TOKYOTECH_s01,11,172,16.733333333333334,-0.6366103291511536,1.1970173751834237
TOKYOTECH_s01,11,173,16.766666666666666,-1.0054559707641602,1.447701830889894
TOKYOTECH_s01,11,174,16.8,-0.9405624270439148,1.5052766328628073
TOKYOTECH_s01,11,175,16.833333333333332,-0.8134530186653137,1.3945484500857552
TOKYOTECH_s01,11,176,16.866666666666667,-0.9865549206733704,1.167946421507157
TOKYOTECH_s01,11,177,16.9,-0.8055382370948792,0.8860823014016913
TOKYOTECH_s01,11,178,16.933333333333334,-0.8309758305549622,0.5998294678494698
TOKYOTECH_s01,11,179,16.966666666666665,0.1626666635274887,0.33893912252225383
TOKYOTECH_s01,11,180,17.0,1.5013315677642822,0.10930702353219715
TOKYOTECH_s01,11,181,17.033333333333335,1.9019545316696167,-0.10179841248808197
TOKYOTECH_s01,11,182,17.066666666666666,1.7793735265731812,-0.31538087550900656
TOKYOTECH_s01,11,183,17.1,1.1491819620132446,-0.5488383626145301
TOKYOTECH_s01,11,184,17.133333333333333,0.7096543908119202,-0.8055263329252705
TOKYOTECH_s01,11,185,17.166666666666668,0.37514564394950867,-1.0679537612580083
TOKYOTECH_s01,11,186,17.2,-0.015002956613898277,-1.296777301680602
TOKYOTECH_s01,11,187,17.233333333333334,0.1146659329533577,-1.4374675134721044
TOKYOTECH_s01,11,188,17.266666666666666,0.17952007055282593,-1.43468287521877
TOKYOTECH_s01,11,189,17.3,0.2367350459098816,-1.2512408658202512
TOKYOTECH_s01,11,190,17.333333333333332,0.0065757110714912415,-0.885523208452339
TOKYOTECH_s01,11,191,17.366666666666667,-0.1170291006565094,-0.3799193235091112
TOKYOTECH_s01,11,192,17.4,-0.3168286681175232,0.18511659956037407
TOKYOTECH_s01,11,193,17.433333333333334,-0.5645108222961426,0.7112982567455507
TOKYOTECH_s01,11,194,17.466666666666665,-0.5839237570762634,1.1098604484109686
TOKYOTECH_s01,11,195,17.5,-0.8559803366661072,1.3250348104369951
TOKYOTECH_s01,11,196,17.533333333333335,-0.6895332336425781,1.3451831751604437
TOKYOTECH_s01,11,197,17.566666666666666,-0.777462363243103,1.1995069108585166
TOKYOTECH_s01,11,198,17.6,-0.7201292514801025,0.9439380444815789
TOKYOTECH_s01,11,199,17.633333333333333,-0.9322932362556458,0.6424660543165776
TOKYOTECH_s01,11,200,17.666666666666668,-0.6679545640945435,0.349773379917057
TOKYOTECH_s01,11,201,17.7,0.1266365796327591,0.09924030881840724
TOKYOTECH_s01,11,202,17.733333333333334,1.4021012783050537,-0.10138126583235452
TOKYOTECH_s01,11,203,17.766666666666666,1.8769500255584717,-0.2661311828353546
TOKYOTECH_s01,11,204,17.8,1.3626453876495361,-0.42056711981085504
TOKYOTECH_s01,11,205,17.833333333333332,1.130989670753479,-0.5885905257150108
TOKYOTECH_s01,11,206,17.866666666666667,0.7369821071624756,-0.7803819303500832
TOKYOTECH_s01,11,207,17.9,0.38073721528053284,-0.9847420469015189
TOKYOTECH_s01,11,208,17.933333333333334,0.30655068159103394,-1.1678875021179813
TOKYOTECH_s01,11,209,17.966666666666665,0.10206525027751923,-1.2794097033362928
TOKYOTECH_s01,11,210,18.0,0.36549824476242065,-1.264748543372893
TOKYOTECH_s01,11,211,18.033333333333335,0.32096272706985474,-1.081927970871697
TOKYOTECH_s01,11,212,18.066666666666666,-0.07406865060329437,-0.7184102268754403
TOKYOTECH_s01,11,213,18.1,-0.10194765776395798,-0.20232539946196315
TOKYOTECH_s01,11,214,18.133333333333333,-0.5174157619476318,0.39771785428855677
TOKYOTECH_s01,11,215,18.166666666666668,-0.6842960715293884,0.9869369074041018
TOKYOTECH_s01,11,216,18.2,-0.7956151962280273,1.4693845987469316
TOKYOTECH_s01,11,217,18.233333333333334,-0.9742692112922668,1.7745223445507685
TOKYOTECH_s01,11,218,18.266666666666666,-0.8774014711380005,1.8747456279287051
TOKYOTECH_s01,11,219,18.3,-0.9788369536399841,1.787354538159862
TOKYOTECH_s01,11,220,18.333333333333332,-0.8839380741119385,1.562103350199052
TOKYOTECH_s01,11,221,18.366666666666667,-0.9834047555923462,1.2616248701748316
TOKYOTECH_s01,11,222,18.4,-0.8951999545097351,0.9429544764146474
TOKYOTECH_s01,11,223,18.433333333333334,-0.4331093430519104,0.6453170116241455
TOKYOTECH_s01,11,224,18.466666666666665,0.6822872757911682,0.38562324464306297
TOKYOTECH_s01,11,225,18.5,2.070134162902832,0.16062330233270206
TOKYOTECH_s01,11,226,18.533333333333335,1.8788795471191406,-0.04633780245560775
TOKYOTECH_s01,11,227,18.566666666666666,1.412929892539978,-0.25623375514669655
TOKYOTECH_s01,11,228,18.6,1.075940489768982,-0.4853550741065031
TOKYOTECH_s01,11,229,18.633333333333333,0.6038480401039124,-0.738695753012391
TOKYOTECH_s01,11,230,18.666666666666668,0.3964093029499054,-1.0072295718117
TOKYOTECH_s01,11,231,18.7,0.04973304644227028,-1.2692133617964083
TOKYOTECH_s01,11,232,18.733333333333334,0.1215963065624237,-1.4943440255995264
TOKYOTECH_s01,11,233,18.766666666666666,0.22637885808944702,-1.6491658443977242
TOKYOTECH_s01,11,234,18.8,0.07524942606687546,-1.702792486165481
TOKYOTECH_s01,11,235,18.833333333333332,-0.07473806291818619,-1.6327890503754656
TOKYOTECH_s01,11,236,18.866666666666667,-0.41042810678482056,-1.4309079942838834
TOKYOTECH_s01,11,237,18.9,-0.44511935114860535,-1.1073405351508565
TOKYOTECH_s01,11,238,18.933333333333334,-0.7488745450973511,-0.691331785218545
TOKYOTECH_s01,11,239,18.966666666666665,-0.836094856262207,-0.2270437700844615
TOKYOTECH_s01,12,0,12.0,0.2780810296535492,0.005365130125958389
TOKYOTECH_s01,12,1,12.033333333333333,0.15624818205833435,-0.31314552350724745
TOKYOTECH_s01,12,2,12.066666666666666,0.038746826350688934,-0.619992877250417
TOKYOTECH_s01,12,3,12.1,-0.20743899047374725,-0.895530779951603
TOKYOTECH_s01,12,4,12.133333333333333,-0.31324535608291626,-1.1081828610122106
TOKYOTECH_s01,12,5,12.166666666666666,-0.3192700445652008,-1.2185264515581506
TOKYOTECH_s01,12,6,12.2,-0.26260635256767273,-1.1902315422139096
TOKYOTECH_s01,12,7,12.233333333333333,-0.5969969630241394,-1.004253236093994
TOKYOTECH_s01,12,8,12.266666666666667,-1.042234182357788,-0.6705024968215203
TOKYOTECH_s01,12,9,12.3,-1.3046433925628662,-0.23121403763132992
TOKYOTECH_s01,12,10,12.333333333333334,-1.0554255247116089,0.24675678258518657
TOKYOTECH_s01,12,11,12.366666666666667,-0.813019871711731,0.6884875057437192
TOKYOTECH_s01,12,12,12.4,-0.8787797093391418,1.0297589896145425
TOKYOTECH_s01,12,13,12.433333333333334,-1.1973012685775757,1.2306606741759432
TOKYOTECH_s01,12,14,12.466666666666667,-1.102796196937561,1.2803703088622072
TOKYOTECH_s01,12,15,12.5,-0.9882875084877014,1.1941408043384418
TOKYOTECH_s01,12,16,12.533333333333333,-1.0975984334945679,1.00553161234501
TOKYOTECH_s01,12,17,12.566666666666666,0.12006060034036636,0.7565267511266333
TOKYOTECH_s01,12,18,12.6,1.8136709928512573,0.4874262917567522
TOKYOTECH_s01,12,19,12.633333333333333,2.08253812789917,0.22821032458535973
TOKYOTECH_s01,12,20,12.666666666666666,1.3010988235473633,-0.006756715760989498
TOKYOTECH_s01,12,21,12.7,0.8377875685691833,-0.21910746007338272
TOKYOTECH_s01,12,22,12.733333333333333,0.7709251642227173,-0.4216211911206269
TOKYOTECH_s01,12,23,12.766666666666667,0.3596704304218292,-0.6294054183637237
TOKYOTECH_s01,12,24,12.8,-0.16845563054084778,-0.8494859917769871
TOKYOTECH_s01,12,25,12.833333333333334,-0.21137671172618866,-1.0719049052316145
TOKYOTECH_s01,12,26,12.866666666666667,0.21098239719867706,-1.2658348470476217
TOKYOTECH_s01,12,27,12.9,0.3043062090873718,-1.383573007028415
TOKYOTECH_s01,12,28,12.933333333333334,0.040282536298036575,-1.372980047258643
TOKYOTECH_s01,12,29,12.966666666666667,-0.40908926725387573,-1.1955573487202888
TOKYOTECH_s01,12,30,13.0,-0.4507896602153778,-0.8442238679567472
TOKYOTECH_s01,12,31,13.033333333333333,-0.46783995628356934,-0.35331752417414275
TOKYOTECH_s01,12,32,13.066666666666666,-0.9135497212409973,0.20525523033365234
TOKYOTECH_s01,12,33,13.1,-1.2591627836227417,0.7403769275052865
TOKYOTECH_s01,12,34,13.133333333333333,-1.026207685470581,1.1674697278745605
TOKYOTECH_s01,12,35,13.166666666666666,-0.8876789212226868,1.4303307507179623
TOKYOTECH_s01,12,36,13.2,-1.1159875392913818,1.5110492063079326
TOKYOTECH_s01,12,37,13.233333333333333,-0.8856313228607178,1.4271449986729368
TOKYOTECH_s01,12,38,13.266666666666667,-0.8203440308570862,1.2202073782260268
TOKYOTECH_s01,12,39,13.3,-0.8036481142044067,0.9415593975393401
TOKYOTECH_s01,12,40,13.333333333333334,0.4550812244415283,0.6390464506760394
TOKYOTECH_s01,12,41,13.366666666666667,1.8261535167694092,0.3471933176985626
TOKYOTECH_s01,12,42,13.4,1.7837837934494019,0.08215179731617801
TOKYOTECH_s01,12,43,13.433333333333334,1.1716662645339966,-0.1575999460815926
TOKYOTECH_s01,12,44,13.466666666666667,1.039595365524292,-0.3850465417168981
TOKYOTECH_s01,12,45,13.5,0.7441093921661377,-0.6147317304586347
TOKYOTECH_s01,12,46,13.533333333333333,-0.00763943325728178,-0.8520562304202847
TOKYOTECH_s01,12,47,13.566666666666666,-0.1645572930574417,-1.08503274671006
TOKYOTECH_s01,12,48,13.6,0.04772481322288513,-1.2814880234235997
TOKYOTECH_s01,12,49,13.633333333333333,-0.0340614877641201,-1.3937572779944398
TOKYOTECH_s01,12,50,13.666666666666666,-0.157430037856102,-1.3711380696847413
TOKYOTECH_s01,12,51,13.7,-0.00838759820908308,-1.1776763718863281
TOKYOTECH_s01,12,52,13.733333333333333,-0.3387223482131958,-0.8097743090887334
TOKYOTECH_s01,12,53,13.766666666666667,-0.5888459086418152,-0.30608063242526695
TOKYOTECH_s01,12,54,13.8,-0.516470730304718,0.2569130761540505
TOKYOTECH_s01,12,55,13.833333333333334,-0.8908290863037109,0.7845909060020834
TOKYOTECH_s01,12,56,13.866666666666667,-1.0109686851501465,1.1917518565265142
TOKYOTECH_s01,12,57,13.9,-0.8497193455696106,1.4255769877806495
TOKYOTECH_s01,12,58,13.933333333333334,-1.1010242700576782,1.4749837034755517
TOKYOTECH_s01,12,59,13.966666666666667,-0.9927765130996704,1.3653699984514576
TOKYOTECH_s01,12,60,14.0,-0.9546200633049011,1.1441036484250138
TOKYOTECH_s01,12,61,14.033333333333333,-0.8453091382980347,0.8639055041717452
TOKYOTECH_s01,12,62,14.066666666666666,0.5656915903091431,0.5692365665992094
TOKYOTECH_s01,12,63,14.1,1.7254267930984497,0.2879044066886498
TOKYOTECH_s01,12,64,14.133333333333333,1.9051834344863892,0.02869767817634003
TOKYOTECH_s01,12,65,14.166666666666666,1.478295922279358,-0.21479762492636226
TOKYOTECH_s01,12,66,14.2,1.0132126808166504,-0.45541505308241736
TOKYOTECH_s01,12,67,14.233333333333333,0.8647215366363525,-0.7014864251532156
TOKYOTECH_s01,12,68,14.266666666666667,0.258746862411499,-0.9473558139344006
TOKYOTECH_s01,12,69,14.3,0.10490040481090546,-1.1686273985058113
TOKYOTECH_s01,12,70,14.333333333333334,0.16014651954174042,-1.3244109079915136
TOKYOTECH_s01,12,71,14.366666666666667,0.17806310951709747,-1.3670541186664191
TOKYOTECH_s01,12,72,14.4,0.2200785130262375,-1.2574142341804373
TOKYOTECH_s01,12,73,14.433333333333334,-0.018704406917095184,-0.9811018222913378
TOKYOTECH_s01,12,74,14.466666666666667,-0.1227387860417366,-0.5594062386519543
TOKYOTECH_s01,12,75,14.5,-0.5523826479911804,-0.049323928018053693
TOKYOTECH_s01,12,76,14.533333333333333,-0.684847354888916,0.4690475237426255
TOKYOTECH_s01,12,77,14.566666666666666,-0.9226064682006836,0.9138282092845683
TOKYOTECH_s01,12,78,14.6,-0.97812819480896,1.2228870904410765
TOKYOTECH_s01,12,79,14.633333333333333,-1.031011700630188,1.3670010765209708
TOKYOTECH_s01,12,80,14.666666666666666,-0.9900594353675842,1.351150571785863
TOKYOTECH_s01,12,81,14.7,-0.9758837223052979,1.2063695863392814
TOKYOTECH_s01,12,82,14.733333333333333,-0.9106751680374146,0.9769405924019054
TOKYOTECH_s01,12,83,14.766666666666667,-0.14943647384643555,0.7071549826723001
TOKYOTECH_s01,12,84,14.8,1.1613494157791138,0.43081246559069886
TOKYOTECH_s01,12,85,14.833333333333334,2.078994035720825,0.16569001565162295
TOKYOTECH_s01,12,86,14.866666666666667,1.7692536115646362,-0.0860380533792057
TOKYOTECH_s01,12,87,14.9,1.521059513092041,-0.3319889564231394
TOKYOTECH_s01,12,88,14.933333333333334,1.042036771774292,-0.580416585347806
TOKYOTECH_s01,12,89,14.966666666666667,0.7550956010818481,-0.8307454831784793
TOKYOTECH_s01,12,90,15.0,0.41097885370254517,-1.0669814460364424
TOKYOTECH_s01,12,91,15.033333333333333,0.19097881019115448,-1.2565223875370004
TOKYOTECH_s01,12,92,15.066666666666666,0.34218698740005493,-1.355596538430538
TOKYOTECH_s01,12,93,15.1,0.3258061110973358,-1.3208341049089882
TOKYOTECH_s01,12,94,15.133333333333333,0.27016621828079224,-1.1244649156470712
TOKYOTECH_s01,12,95,15.166666666666666,0.011300967074930668,-0.7683759390905072
TOKYOTECH_s01,12,96,15.2,-0.18936489522457123,-0.2907281709286542
TOKYOTECH_s01,12,97,15.233333333333333,-0.5508075952529907,0.2395577477008596
TOKYOTECH_s01,12,98,15.266666666666667,-0.6229071021080017,0.7396520788004417
TOKYOTECH_s01,12,99,15.3,-0.860587477684021,1.134400641152872
TOKYOTECH_s01,12,100,15.333333333333334,-0.8983107209205627,1.374090085683731
TOKYOTECH_s01,12,101,15.366666666666667,-0.8599967956542969,1.4425772707145632
TOKYOTECH_s01,12,102,15.4,-0.8728731274604797,1.35521820623466
TOKYOTECH_s01,12,103,15.433333333333334,-0.9002008438110352,1.1500258118301272
TOKYOTECH_s01,12,104,15.466666666666667,-0.7560018301010132,0.8759599200807832
TOKYOTECH_s01,12,105,15.5,0.09674934297800064,0.5808932226122759
TOKYOTECH_s01,12,106,15.533333333333333,1.4405332803726196,0.3011508514725243
TOKYOTECH_s01,12,107,15.566666666666666,2.095729351043701,0.05466432303281667
TOKYOTECH_s01,12,108,15.6,1.4774690866470337,-0.16041261001693202
TOKYOTECH_s01,12,109,15.633333333333333,1.1794629096984863,-0.36079568904491477
TOKYOTECH_s01,12,110,15.666666666666666,1.0299873352050781,-0.5677529875637034
TOKYOTECH_s01,12,111,15.7,0.5012312531471252,-0.7941863197011817
TOKYOTECH_s01,12,112,15.733333333333333,0.3323427140712738,-1.0333521561591699
TOKYOTECH_s01,12,113,15.766666666666667,0.24157842993736267,-1.2537356809898512
TOKYOTECH_s01,12,114,15.8,0.27607280015945435,-1.4032695066787062
TOKYOTECH_s01,12,115,15.833333333333334,0.4605940282344818,-1.423195497106828
TOKYOTECH_s01,12,116,15.866666666666667,0.09710373729467392,-1.2681095664949564
TOKYOTECH_s01,12,117,15.9,0.00389806623570621,-0.9255307850057626
TOKYOTECH_s01,12,118,15.933333333333334,-0.32529473304748535,-0.4272521525113064
TOKYOTECH_s01,12,119,15.966666666666667,-0.6084950566291809,0.15329102150457688
TOKYOTECH_s01,12,120,16.0,-0.6179455518722534,0.7184992209959372
TOKYOTECH_s01,12,121,16.033333333333335,-0.9808452129364014,1.1734645613154644
TOKYOTECH_s01,12,122,16.066666666666666,-1.0909830331802368,1.4518290011827082
TOKYOTECH_s01,12,123,16.1,-0.8181782960891724,1.5304657148383325
TOKYOTECH_s01,12,124,16.133333333333333,-0.9685989022254944,1.4289257665273674
TOKYOTECH_s01,12,125,16.166666666666668,-1.0760984420776367,1.196871927001418
TOKYOTECH_s01,12,126,16.2,-0.7575768828392029,0.8961015250379478
TOKYOTECH_s01,12,127,16.233333333333334,-0.20830528438091278,0.5832035485154171
TOKYOTECH_s01,12,128,16.266666666666666,1.2904276847839355,0.29687375121464044
TOKYOTECH_s01,12,129,16.3,1.9853159189224243,0.052000797851846234
TOKYOTECH_s01,12,130,16.333333333333332,1.5686664581298828,-0.15877122149448167
TOKYOTECH_s01,12,131,16.366666666666667,1.4288777112960815,-0.3566436638897898
TOKYOTECH_s01,12,132,16.4,0.987105667591095,-0.5637649128892016
TOKYOTECH_s01,12,133,16.433333333333334,0.48225143551826477,-0.7897668682002771
TOKYOTECH_s01,12,134,16.466666666666665,0.29292619228363037,-1.022321654390214
TOKYOTECH_s01,12,135,16.5,0.07784831523895264,-1.2254782401015165
TOKYOTECH_s01,12,136,16.533333333333335,0.35774096846580505,-1.3472533390911279
TOKYOTECH_s01,12,137,16.566666666666666,0.2654803395271301,-1.3348889920058864
TOKYOTECH_s01,12,138,16.6,0.004843117203563452,-1.153354324031001
TOKYOTECH_s01,12,139,16.633333333333333,0.013899857178330421,-0.8009566354127818
TOKYOTECH_s01,12,140,16.666666666666668,-0.4277540445327759,-0.3160611536633132
TOKYOTECH_s01,12,141,16.7,-0.7731702327728271,0.22865880027612834
TOKYOTECH_s01,12,142,16.733333333333334,-0.6366103291511536,0.743663063122341
TOKYOTECH_s01,12,143,16.766666666666666,-1.0054559707641602,1.1461157454378068
TOKYOTECH_s01,12,144,16.8,-0.9405624270439148,1.3810287595881168
TOKYOTECH_s01,12,145,16.833333333333332,-0.8134530186653137,1.4323523827596887
TOKYOTECH_s01,12,146,16.866666666666667,-0.9865549206733704,1.3212960443592021
TOKYOTECH_s01,12,147,16.9,-0.8055382370948792,1.0946479482378657
TOKYOTECH_s01,12,148,16.933333333333334,-0.8309758305549622,0.8085332692095352
TOKYOTECH_s01,12,149,16.966666666666665,0.1626666635274887,0.5129029082100043
TOKYOTECH_s01,12,150,17.0,1.5013315677642822,0.24064426657984228
TOKYOTECH_s01,12,151,17.033333333333335,1.9019545316696167,0.003356746091260464
TOKYOTECH_s01,12,152,17.066666666666666,1.7793735265731812,-0.20610482970101573
TOKYOTECH_s01,12,153,17.1,1.1491819620132446,-0.4057173306392286
TOKYOTECH_s01,12,154,17.133333333333333,0.7096543908119202,-0.6132328354657497
TOKYOTECH_s01,12,155,17.166666666666668,0.37514564394950867,-0.8347652160664023
TOKYOTECH_s01,12,156,17.2,-0.015002956613898277,-1.0563856307472084
TOKYOTECH_s01,12,157,17.233333333333334,0.1146659329533577,-1.242189531061225
TOKYOTECH_s01,12,158,17.266666666666666,0.17952007055282593,-1.341120163170477
TOKYOTECH_s01,12,159,17.3,0.2367350459098816,-1.3020138563898713
TOKYOTECH_s01,12,160,17.333333333333332,0.0065757110714912415,-1.0925567546810817
TOKYOTECH_s01,12,161,17.366666666666667,-0.1170291006565094,-0.7151008957386175
TOKYOTECH_s01,12,162,17.4,-0.3168286681175232,-0.21248357458769215
TOKYOTECH_s01,12,163,17.433333333333334,-0.5645108222961426,0.33952702154082004
TOKYOTECH_s01,12,164,17.466666666666665,-0.5839237570762634,0.8511062530996718
TOKYOTECH_s01,12,165,17.5,-0.8559803366661072,1.2417399170391148
TOKYOTECH_s01,12,166,17.533333333333335,-0.6895332336425781,1.4595890249613699
TOKYOTECH_s01,12,167,17.566666666666666,-0.777462363243103,1.4906606667953513
TOKYOTECH_s01,12,168,17.6,-0.7201292514801025,1.3565705479570271
TOKYOTECH_s01,12,169,17.633333333333333,-0.9322932362556458,1.104004695968753
TOKYOTECH_s01,12,170,17.666666666666668,-0.6679545640945435,0.790268150248696
TOKYOTECH_s01,12,171,17.7,0.1266365796327591,0.46864348274838924
TOKYOTECH_s01,12,172,17.733333333333334,1.4021012783050537,0.17666356274318526
TOKYOTECH_s01,12,173,17.766666666666666,1.8769500255584717,-0.07012169068923446
TOKYOTECH_s01,12,174,17.8,1.3626453876495361,-0.2774691810871164
TOKYOTECH_s01,12,175,17.833333333333332,1.130989670753479,-0.4651747775425913
TOKYOTECH_s01,12,176,17.866666666666667,0.7369821071624756,-0.6553117332131184
TOKYOTECH_s01,12,177,17.9,0.38073721528053284,-0.8594557800100787
TOKYOTECH_s01,12,178,17.933333333333334,0.30655068159103394,-1.0689793286831237
TOKYOTECH_s01,12,179,17.966666666666665,0.10206525027751923,-1.2520044208163637
TOKYOTECH_s01,12,180,18.0,0.36549824476242065,-1.3589536472214414
TOKYOTECH_s01,12,181,18.033333333333335,0.32096272706985474,-1.3362023393786764
TOKYOTECH_s01,12,182,18.066666666666666,-0.07406865060329437,-1.1446530606884047
TOKYOTECH_s01,12,183,18.1,-0.10194765776395798,-0.7775637680804036
TOKYOTECH_s01,12,184,18.133333333333333,-0.5174157619476318,-0.27056818047582515
TOKYOTECH_s01,12,185,18.166666666666668,-0.6842960715293884,0.3018178323147694
TOKYOTECH_s01,12,186,18.2,-0.7956151962280273,0.8440783674546521
TOKYOTECH_s01,12,187,18.233333333333334,-0.9742692112922668,1.266227506572879
TOKYOTECH_s01,12,188,18.266666666666666,-0.8774014711380005,1.5083417582978027
TOKYOTECH_s01,12,189,18.3,-0.9788369536399841,1.5531606830097053
TOKYOTECH_s01,12,190,18.333333333333332,-0.8839380741119385,1.4236537528089632
TOKYOTECH_s01,12,191,18.366666666666667,-0.9834047555923462,1.1698681983626225
TOKYOTECH_s01,12,192,18.4,-0.8951999545097351,0.8519514329166689
TOKYOTECH_s01,12,193,18.433333333333334,-0.4331093430519104,0.5246932765793244
TOKYOTECH_s01,12,194,18.466666666666665,0.6822872757911682,0.2265757060759889
TOKYOTECH_s01,12,195,18.5,2.070134162902832,-0.025373473262074165
TOKYOTECH_s01,12,196,18.533333333333335,1.8788795471191406,-0.23467593359415898
TOKYOTECH_s01,12,197,18.566666666666666,1.412929892539978,-0.41904450114927694
TOKYOTECH_s01,12,198,18.6,1.075940489768982,-0.6001842577310165
TOKYOTECH_s01,12,199,18.633333333333333,0.6038480401039124,-0.7924441402430302
TOKYOTECH_s01,12,200,18.666666666666668,0.3964093029499054,-0.9936698181887759
TOKYOTECH_s01,12,201,18.7,0.04973304644227028,-1.1813093346235377
TOKYOTECH_s01,12,202,18.733333333333334,0.1215963065624237,-1.3154080168918947
TOKYOTECH_s01,12,203,18.766666666666666,0.22637885808944702,-1.3481822576782856
TOKYOTECH_s01,12,204,18.8,0.07524942606687546,-1.2381072327358542
TOKYOTECH_s01,12,205,18.833333333333332,-0.07473806291818619,-0.9651443624057314
TOKYOTECH_s01,12,206,18.866666666666667,-0.41042810678482056,-0.5428244564564554
TOKYOTECH_s01,12,207,18.9,-0.44511935114860535,-0.022321108164051376
TOKYOTECH_s01,12,208,18.933333333333334,-0.7488745450973511,0.5157098582560319
TOKYOTECH_s01,12,209,18.966666666666665,-0.836094856262207,0.9816034300285631
TOKYOTECH_s01,12,210,19.0,-0.847120463848114,1.3023144413133092
TOKYOTECH_s01,12,211,19.033333333333335,-1.0455418825149536,1.4408681035683897
TOKYOTECH_s01,12,212,19.066666666666666,-0.8565710186958313,1.4018738686154255
TOKYOTECH_s01,12,213,19.1,-0.9237877726554871,1.2231602761276255
TOKYOTECH_s01,12,214,19.133333333333333,-0.9145341515541077,0.959429345792152
TOKYOTECH_s01,12,215,19.166666666666668,-1.0032508373260498,0.6652500307640634
TOKYOTECH_s01,12,216,19.2,-0.8240848779678345,0.38257731824032537
TOKYOTECH_s01,12,217,19.233333333333334,0.26886677742004395,0.13474258338773354
TOKYOTECH_s01,12,218,19.266666666666666,1.6491533517837524,-0.07338652044689821
TOKYOTECH_s01,12,219,19.3,1.859033465385437,-0.2504753850787374
TOKYOTECH_s01,12,220,19.333333333333332,1.6606121063232422,-0.41104258557556506
TOKYOTECH_s01,12,221,19.366666666666667,1.2458921670913696,-0.5672740462603776
TOKYOTECH_s01,12,222,19.4,0.926149845123291,-0.7223018701066112
TOKYOTECH_s01,12,223,19.433333333333334,0.5682117342948914,-0.8664687408599069
TOKYOTECH_s01,12,224,19.466666666666665,0.2651653289794922,-0.9776621842827767
TOKYOTECH_s01,12,225,19.5,0.25091081857681274,-1.0260020816174853
TOKYOTECH_s01,12,226,19.533333333333335,0.26886677742004395,-0.9818402216917997
TOKYOTECH_s01,12,227,19.566666666666666,0.1425449401140213,-0.8249541071227375
TOKYOTECH_s01,12,228,19.6,0.10135646164417267,-0.5526580322292031
TOKYOTECH_s01,12,229,19.633333333333333,-0.11797415465116501,-0.18486887003305588
TOKYOTECH_s01,12,230,19.666666666666668,-0.4805193841457367,0.23564444147397723
TOKYOTECH_s01,12,231,19.7,-0.5267481207847595,0.6492987784984809
TOKYOTECH_s01,12,232,19.733333333333334,-0.8416076898574829,0.9922728337237156
TOKYOTECH_s01,12,233,19.766666666666666,-0.8542477488517761,1.212913396219405
TOKYOTECH_s01,12,234,19.8,-0.859878659248352,1.2855874130218934
TOKYOTECH_s01,12,235,19.833333333333332,-1.0904711484909058,1.2151072126306441
TOKYOTECH_s01,12,236,19.866666666666667,-0.8701167106628418,1.0296993730386126
TOKYOTECH_s01,12,237,19.9,-1.072987675666809,0.7669658440176506
TOKYOTECH_s01,12,238,19.933333333333334,-0.9670632481575012,0.4604464380476199
TOKYOTECH_s01,12,239,19.966666666666665,-1.1128767728805542,0.13309540373363468
TOKYOTECH_s01,13,0,13.0,-0.4507896602153778,0.13174848887557758
TOKYOTECH_s01,13,1,13.033333333333333,-0.46783995628356934,0.3908252755754112
TOKYOTECH_s01,13,2,13.066666666666666,-0.9135497212409973,0.6438215203726493
TOKYOTECH_s01,13,3,13.1,-1.2591627836227417,0.8830399737076164
TOKYOTECH_s01,13,4,13.133333333333333,-1.026207685470581,1.0940593541156354
TOKYOTECH_s01,13,5,13.166666666666666,-0.8876789212226868,1.2580776363173454
TOKYOTECH_s01,13,6,13.2,-1.1159875392913818,1.3566424265138342
TOKYOTECH_s01,13,7,13.233333333333333,-0.8856313228607178,1.3762542555820303
TOKYOTECH_s01,13,8,13.266666666666667,-0.8203440308570862,1.3111477415435548
TOKYOTECH_s01,13,9,13.3,-0.8036481142044067,1.1639322140979491
TOKYOTECH_s01,13,10,13.333333333333334,0.4550812244415283,0.9444930413307691
TOKYOTECH_s01,13,11,13.366666666666667,1.8261535167694092,0.6677088183104939
TOKYOTECH_s01,13,12,13.4,1.7837837934494019,0.35070603804111633
TOKYOTECH_s01,13,13,13.433333333333334,1.1716662645339966,0.01059994962592825
TOKYOTECH_s01,13,14,13.466666666666667,1.039595365524292,-0.33634438813181555
TOKYOTECH_s01,13,15,13.5,0.7441093921661377,-0.6737436128444502
TOKYOTECH_s01,13,16,13.533333333333333,-0.00763943325728178,-0.9829391280473068
TOKYOTECH_s01,13,17,13.566666666666666,-0.1645572930574417,-1.2410834891008262
TOKYOTECH_s01,13,18,13.6,0.04772481322288513,-1.4209932102608216
TOKYOTECH_s01,13,19,13.633333333333333,-0.0340614877641201,-1.493919910782615
TOKYOTECH_s01,13,20,13.666666666666666,-0.157430037856102,-1.435785862521243
TOKYOTECH_s01,13,21,13.7,-0.00838759820908308,-1.2360389923821111
TOKYOTECH_s01,13,22,13.733333333333333,-0.3387223482131958,-0.9060405368570749
TOKYOTECH_s01,13,23,13.766666666666667,-0.5888459086418152,-0.4823133220269231
TOKYOTECH_s01,13,24,13.8,-0.516470730304718,-0.020910816568171963
TOKYOTECH_s01,13,25,13.833333333333334,-0.8908290863037109,0.41665927675812536
TOKYOTECH_s01,13,26,13.866666666666667,-1.0109686851501465,0.779930551850816
TOKYOTECH_s01,13,27,13.9,-0.8497193455696106,1.040133925995098
TOKYOTECH_s01,13,28,13.933333333333334,-1.1010242700576782,1.190647295169664
TOKYOTECH_s01,13,29,13.966666666666667,-0.9927765130996704,1.2393568126184864
TOKYOTECH_s01,13,30,14.0,-0.9546200633049011,1.1988942084783256
TOKYOTECH_s01,13,31,14.033333333333333,-0.8453091382980347,1.0801974173718492
TOKYOTECH_s01,13,32,14.066666666666666,0.5656915903091431,0.891341606317481
TOKYOTECH_s01,13,33,14.1,1.7254267930984497,0.6400199953237988
TOKYOTECH_s01,13,34,14.133333333333333,1.9051834344863892,0.3367534313909556
TOKYOTECH_s01,13,35,14.166666666666666,1.478295922279358,-0.003162561331498857
TOKYOTECH_s01,13,36,14.2,1.0132126808166504,-0.35925587002531756
TOKYOTECH_s01,13,37,14.233333333333333,0.8647215366363525,-0.7062168904248454
TOKYOTECH_s01,13,38,14.266666666666667,0.258746862411499,-1.0143650693502784
TOKYOTECH_s01,13,39,14.3,0.10490040481090546,-1.25064465646166
TOKYOTECH_s01,13,40,14.333333333333334,0.16014651954174042,-1.381392449738077
TOKYOTECH_s01,13,41,14.366666666666667,0.17806310951709747,-1.3780045448342495
TOKYOTECH_s01,13,42,14.4,0.2200785130262375,-1.225283540150979
TOKYOTECH_s01,13,43,14.433333333333334,-0.018704406917095184,-0.9300348016593424
TOKYOTECH_s01,13,44,14.466666666666667,-0.1227387860417366,-0.5255838606233966
TOKYOTECH_s01,13,45,14.5,-0.5523826479911804,-0.06814869872575886
TOKYOTECH_s01,13,46,14.533333333333333,-0.684847354888916,0.3757204684662025
TOKYOTECH_s01,13,47,14.566666666666666,-0.9226064682006836,0.7466120304245158
TOKYOTECH_s01,13,48,14.6,-0.97812819480896,1.0071871519686726
TOKYOTECH_s01,13,49,14.633333333333333,-1.031011700630188,1.1479149477462935
TOKYOTECH_s01,13,50,14.666666666666666,-0.9900594353675842,1.1821414617331865
TOKYOTECH_s01,13,51,14.7,-0.9758837223052979,1.1345871738797835
TOKYOTECH_s01,13,52,14.733333333333333,-0.9106751680374146,1.029297184289908
TOKYOTECH_s01,13,53,14.766666666666667,-0.14943647384643555,0.8816281629410954
TOKYOTECH_s01,13,54,14.8,1.1613494157791138,0.6962599573779436
TOKYOTECH_s01,13,55,14.833333333333334,2.078994035720825,0.47066060526264236
TOKYOTECH_s01,13,56,14.866666666666667,1.7692536115646362,0.20151970107268177
TOKYOTECH_s01,13,57,14.9,1.521059513092041,-0.10882807919183293
TOKYOTECH_s01,13,58,14.933333333333334,1.042036771774292,-0.447930339949511
TOKYOTECH_s01,13,59,14.966666666666667,0.7550956010818481,-0.7912622500248644
TOKYOTECH_s01,13,60,15.0,0.41097885370254517,-1.102841063206988
TOKYOTECH_s01,13,61,15.033333333333333,0.19097881019115448,-1.3387426110640028
TOKYOTECH_s01,13,62,15.066666666666666,0.34218698740005493,-1.4540717713073696
TOKYOTECH_s01,13,63,15.1,0.3258061110973358,-1.4132381152897115
TOKYOTECH_s01,13,64,15.133333333333333,0.27016621828079224,-1.2015810806713363
TOKYOTECH_s01,13,65,15.166666666666666,0.011300967074930668,-0.8343722051109894
TOKYOTECH_s01,13,66,15.2,-0.18936489522457123,-0.35851034659498554
TOKYOTECH_s01,13,67,15.233333333333333,-0.5508075952529907,0.15582705735987512
TOKYOTECH_s01,13,68,15.266666666666667,-0.6229071021080017,0.6318859915436359
TOKYOTECH_s01,13,69,15.3,-0.860587477684021,1.0053562815301145
TOKYOTECH_s01,13,70,15.333333333333334,-0.8983107209205627,1.2383219108653083
TOKYOTECH_s01,13,71,15.366666666666667,-0.8599967956542969,1.3233964750268283
TOKYOTECH_s01,13,72,15.4,-0.8728731274604797,1.2784441870121197
TOKYOTECH_s01,13,73,15.433333333333334,-0.9002008438110352,1.1362100318823796
TOKYOTECH_s01,13,74,15.466666666666667,-0.7560018301010132,0.9333686204175261
TOKYOTECH_s01,13,75,15.5,0.09674934297800064,0.7015642987586228
TOKYOTECH_s01,13,76,15.533333333333333,1.4405332803726196,0.4616232767508699
TOKYOTECH_s01,13,77,15.566666666666666,2.095729351043701,0.2215999790439444
TOKYOTECH_s01,13,78,15.6,1.4774690866470337,-0.021161812585378612
TOKYOTECH_s01,13,79,15.633333333333333,1.1794629096984863,-0.274507345398653
TOKYOTECH_s01,13,80,15.666666666666666,1.0299873352050781,-0.5438723235081142
TOKYOTECH_s01,13,81,15.7,0.5012312531471252,-0.8246138877525095
TOKYOTECH_s01,13,82,15.733333333333333,0.3323427140712738,-1.0965050391691171
TOKYOTECH_s01,13,83,15.766666666666667,0.24157842993736267,-1.3226019932054656
TOKYOTECH_s01,13,84,15.8,0.27607280015945435,-1.4543339609155537
TOKYOTECH_s01,13,85,15.833333333333334,0.4605940282344818,-1.443254778418763
TOKYOTECH_s01,13,86,15.866666666666667,0.09710373729467392,-1.2571667253535321
TOKYOTECH_s01,13,87,15.9,0.00389806623570621,-0.8954112953084139
TOKYOTECH_s01,13,88,15.933333333333334,-0.32529473304748535,-0.39677703095844413
TOKYOTECH_s01,13,89,15.966666666666667,-0.6084950566291809,0.1650182507310426
TOKYOTECH_s01,13,90,16.0,-0.6179455518722534,0.6988232648590529
TOKYOTECH_s01,13,91,16.033333333333335,-0.9808452129364014,1.1210137959562245
TOKYOTECH_s01,13,92,16.066666666666666,-1.0909830331802368,1.377777640290094
TOKYOTECH_s01,13,93,16.1,-0.8181782960891724,1.4553953489473015
TOKYOTECH_s01,13,94,16.133333333333333,-0.9685989022254944,1.376124726339946
TOKYOTECH_s01,13,95,16.166666666666668,-1.0760984420776367,1.1845776378941677
TOKYOTECH_s01,13,96,16.2,-0.7575768828392029,0.9315405625371135
TOKYOTECH_s01,13,97,16.233333333333334,-0.20830528438091278,0.6602141334099157
TOKYOTECH_s01,13,98,16.266666666666666,1.2904276847839355,0.397522608846451
TOKYOTECH_s01,13,99,16.3,1.9853159189224243,0.15156398472656274
TOKYOTECH_s01,13,100,16.333333333333332,1.5686664581298828,-0.08499208672717148
TOKYOTECH_s01,13,101,16.366666666666667,1.4288777112960815,-0.32682235348596433
TOKYOTECH_s01,13,102,16.4,0.987105667591095,-0.5853193422190796
TOKYOTECH_s01,13,103,16.433333333333334,0.48225143551826477,-0.8583435106363473
TOKYOTECH_s01,13,104,16.466666666666665,0.29292619228363037,-1.12382757035685
TOKYOTECH_s01,13,105,16.5,0.07784831523895264,-1.3402365883453358
TOKYOTECH_s01,13,106,16.533333333333335,0.35774096846580505,-1.4549686230972863
TOKYOTECH_s01,13,107,16.566666666666666,0.2654803395271301,-1.419078187910073
TOKYOTECH_s01,13,108,16.6,0.004843117203563452,-1.2042820295153367
TOKYOTECH_s01,13,109,16.633333333333333,0.013899857178330421,-0.8166718177899476
TOKYOTECH_s01,13,110,16.666666666666668,-0.4277540445327759,-0.301494117759871
TOKYOTECH_s01,13,111,16.7,-0.7731702327728271,0.2643476372679076
TOKYOTECH_s01,13,112,16.733333333333334,-0.6366103291511536,0.7908055172342849
TOKYOTECH_s01,13,113,16.766666666666666,-1.0054559707641602,1.1980157319106801
TOKYOTECH_s01,13,114,16.8,-0.9405624270439148,1.4357177827383636
TOKYOTECH_s01,13,115,16.833333333333332,-0.8134530186653137,1.491822900976915
TOKYOTECH_s01,13,116,16.866666666666667,-0.9865549206733704,1.3886931425726239
TOKYOTECH_s01,13,117,16.9,-0.8055382370948792,1.1709844087428218
TOKYOTECH_s01,13,118,16.933333333333334,-0.8309758305549622,0.89061560048183
TOKYOTECH_s01,13,119,16.966666666666665,0.1626666635274887,0.593345581472333
TOKYOTECH_s01,13,120,17.0,1.5013315677642822,0.30983166696290665
TOKYOTECH_s01,13,121,17.033333333333335,1.9019545316696167,0.05247677269939561
TOKYOTECH_s01,13,122,17.066666666666666,1.7793735265731812,-0.1822501358479971
TOKYOTECH_s01,13,123,17.1,1.1491819620132446,-0.4073856520644966
TOKYOTECH_s01,13,124,17.133333333333333,0.7096543908119202,-0.6364744600806606
TOKYOTECH_s01,13,125,17.166666666666668,0.37514564394950867,-0.8737964064525378
TOKYOTECH_s01,13,126,17.2,-0.015002956613898277,-1.1065839933195813
TOKYOTECH_s01,13,127,17.233333333333334,0.1146659329533577,-1.3025875520454493
TOKYOTECH_s01,13,128,17.266666666666666,0.17952007055282593,-1.4152509088375715
TOKYOTECH_s01,13,129,17.3,0.2367350459098816,-1.3961595647596874
TOKYOTECH_s01,13,130,17.333333333333332,0.0065757110714912415,-1.2114464873776971
TOKYOTECH_s01,13,131,17.366666666666667,-0.1170291006565094,-0.8566958799579154
TOKYOTECH_s01,13,132,17.4,-0.3168286681175232,-0.364560733755153
TOKYOTECH_s01,13,133,17.433333333333334,-0.5645108222961426,0.1987115566659275
TOKYOTECH_s01,13,134,17.466666666666665,-0.5839237570762634,0.7477500900950064
TOKYOTECH_s01,13,135,17.5,-0.8559803366661072,1.1990182118440726
TOKYOTECH_s01,13,136,17.533333333333335,-0.6895332336425781,1.4908459695825849
TOKYOTECH_s01,13,137,17.566666666666666,-0.777462363243103,1.5956854996153353
TOKYOTECH_s01,13,138,17.6,-0.7201292514801025,1.5217901236455396
TOKYOTECH_s01,13,139,17.633333333333333,-0.9322932362556458,1.3059468974084842
TOKYOTECH_s01,13,140,17.666666666666668,-0.6679545640945435,1.000842225121242
TOKYOTECH_s01,13,141,17.7,0.1266365796327591,0.6607289412669829
TOKYOTECH_s01,13,142,17.733333333333334,1.4021012783050537,0.3289240324981086
TOKYOTECH_s01,13,143,17.766666666666666,1.8769500255584717,0.030159086578877274
TOKYOTECH_s01,13,144,17.8,1.3626453876495361,-0.23066738322102953
TOKYOTECH_s01,13,145,17.833333333333332,1.130989670753479,-0.463667238998426
TOKYOTECH_s01,13,146,17.866666666666667,0.7369821071624756,-0.6848414947147669
TOKYOTECH_s01,13,147,17.9,0.38073721528053284,-0.9052637214204685
TOKYOTECH_s01,13,148,17.933333333333334,0.30655068159103394,-1.1215704035975016
TOKYOTECH_s01,13,149,17.966666666666665,0.10206525027751923,-1.3108046059328435
TOKYOTECH_s01,13,150,18.0,0.36549824476242065,-1.4321483799446082
TOKYOTECH_s01,13,151,18.033333333333335,0.32096272706985474,-1.436558498501974
TOKYOTECH_s01,13,152,18.066666666666666,-0.07406865060329437,-1.2826705611260933
TOKYOTECH_s01,13,153,18.1,-0.10194765776395798,-0.9543044289108713
TOKYOTECH_s01,13,154,18.133333333333333,-0.5174157619476318,-0.47289605091042286
TOKYOTECH_s01,13,155,18.166666666666668,-0.6842960715293884,0.10126032860117001
TOKYOTECH_s01,13,156,18.2,-0.7956151962280273,0.6813074202210175
TOKYOTECH_s01,13,157,18.233333333333334,-0.9742692112922668,1.1761417755445365
TOKYOTECH_s01,13,158,18.266666666666666,-0.8774014711380005,1.514092777510568
TOKYOTECH_s01,13,159,18.3,-0.9788369536399841,1.658666797774996
TOKYOTECH_s01,13,160,18.333333333333332,-0.8839380741119385,1.6120187633841165
TOKYOTECH_s01,13,161,18.366666666666667,-0.9834047555923462,1.4080186418615264
TOKYOTECH_s01,13,162,18.4,-0.8951999545097351,1.0995717493217547
TOKYOTECH_s01,13,163,18.433333333333334,-0.4331093430519104,0.7444041760550723
TOKYOTECH_s01,13,164,18.466666666666665,0.6822872757911682,0.3922716426601965
TOKYOTECH_s01,13,165,18.5,2.070134162902832,0.07576563476384204
TOKYOTECH_s01,13,166,18.533333333333335,1.8788795471191406,-0.19348375126711256
TOKYOTECH_s01,13,167,18.566666666666666,1.412929892539978,-0.4222622727543588
TOKYOTECH_s01,13,168,18.6,1.075940489768982,-0.6277653738951082
TOKYOTECH_s01,13,169,18.633333333333333,0.6038480401039124,-0.8268428072517842
TOKYOTECH_s01,13,170,18.666666666666668,0.3964093029499054,-1.025867689665257
TOKYOTECH_s01,13,171,18.7,0.04973304644227028,-1.2141161378904195
TOKYOTECH_s01,13,172,18.733333333333334,0.1215963065624237,-1.3625391360292545
TOKYOTECH_s01,13,173,18.766666666666666,0.22637885808944702,-1.4287736528611117
TOKYOTECH_s01,13,174,18.8,0.07524942606687546,-1.3681796068131076
TOKYOTECH_s01,13,175,18.833333333333332,-0.07473806291818619,-1.1490566494338967
TOKYOTECH_s01,13,176,18.866666666666667,-0.41042810678482056,-0.7678741915130181
TOKYOTECH_s01,13,177,18.9,-0.44511935114860535,-0.25846433030960947
TOKYOTECH_s01,13,178,18.933333333333334,-0.7488745450973511,0.31049544206094626
TOKYOTECH_s01,13,179,18.966666666666665,-0.836094856262207,0.8511991855093158
TOKYOTECH_s01,13,180,19.0,-0.847120463848114,1.2802209539500677
TOKYOTECH_s01,13,181,19.033333333333335,-1.0455418825149536,1.5399047865570783
TOKYOTECH_s01,13,182,19.066666666666666,-0.8565710186958313,1.609535461787846
TOKYOTECH_s01,13,183,19.1,-0.9237877726554871,1.5041773474263993
TOKYOTECH_s01,13,184,19.133333333333333,-0.9145341515541077,1.2645693014996249
TOKYOTECH_s01,13,185,19.166666666666668,-1.0032508373260498,0.9436613288502926
TOKYOTECH_s01,13,186,19.2,-0.8240848779678345,0.5941342201943417
TOKYOTECH_s01,13,187,19.233333333333334,0.26886677742004395,0.2588542659900712
TOKYOTECH_s01,13,188,19.266666666666666,1.6491533517837524,-0.03504650148820598
TOKYOTECH_s01,13,189,19.3,1.859033465385437,-0.27797059060709
TOKYOTECH_s01,13,190,19.333333333333332,1.6606121063232422,-0.4753061211613971
TOKYOTECH_s01,13,191,19.366666666666667,1.2458921670913696,-0.6411066018371869
TOKYOTECH_s01,13,192,19.4,0.926149845123291,-0.7896941445275156
TOKYOTECH_s01,13,193,19.433333333333334,0.5682117342948914,-0.9276280683772973
TOKYOTECH_s01,13,194,19.466666666666665,0.2651653289794922,-1.0483550646011088
TOKYOTECH_s01,13,195,19.5,0.25091081857681274,-1.1311039564116714
TOKYOTECH_s01,13,196,19.533333333333335,0.26886677742004395,-1.1446649887325155
TOKYOTECH_s01,13,197,19.566666666666666,0.1425449401140213,-1.0556967441532807
TOKYOTECH_s01,13,198,19.6,0.10135646164417267,-0.840066968990017
TOKYOTECH_s01,13,199,19.633333333333333,-0.11797415465116501,-0.49452324419119453
TOKYOTECH_s01,13,200,19.666666666666668,-0.4805193841457367,-0.044976362121273344
TOKYOTECH_s01,13,201,19.7,-0.5267481207847595,0.45269902059994627
TOKYOTECH_s01,13,202,19.733333333333334,-0.8416076898574829,0.9223127047860038
TOKYOTECH_s01,13,203,19.766666666666666,-0.8542477488517761,1.2865241355933112
TOKYOTECH_s01,13,204,19.8,-0.859878659248352,1.4888177635942184
TOKYOTECH_s01,13,205,19.833333333333332,-1.0904711484909058,1.5086779139437252
TOKYOTECH_s01,13,206,19.866666666666667,-0.8701167106628418,1.3637087351026524
TOKYOTECH_s01,13,207,19.9,-1.072987675666809,1.0992727692976616
TOKYOTECH_s01,13,208,19.933333333333334,-0.9670632481575012,0.7715405535568013
TOKYOTECH_s01,13,209,19.966666666666665,-1.1128767728805542,0.4312399718290825
TOKYOTECH_s01,13,210,20.0,-0.7833295464515686,0.11320898506275764
TOKYOTECH_s01,13,211,20.033333333333335,0.2120455801486969,-0.1666569342782511
TOKYOTECH_s01,13,212,20.066666666666666,1.4404939413070679,-0.4080929096507454
TOKYOTECH_s01,13,213,20.1,2.056903600692749,-0.6191352845852077
TOKYOTECH_s01,13,214,20.133333333333333,1.4078896045684814,-0.8076349903541933
TOKYOTECH_s01,13,215,20.166666666666668,1.0414067506790161,-0.9743644967461531
TOKYOTECH_s01,13,216,20.2,0.7296973466873169,-1.1097356063952664
TOKYOTECH_s01,13,217,20.233333333333334,0.24539801478385925,-1.1949160930508025
TOKYOTECH_s01,13,218,20.266666666666666,0.05721469968557358,-1.2067524058560262
TOKYOTECH_s01,13,219,20.3,-0.08281037211418152,-1.1249656615329775
TOKYOTECH_s01,13,220,20.333333333333332,0.17786623537540436,-0.9398442029653863
TOKYOTECH_s01,13,221,20.366666666666667,0.09092152118682861,-0.6585717664194514
TOKYOTECH_s01,13,222,20.4,-0.060601674020290375,-0.3080659831862953
TOKYOTECH_s01,13,223,20.433333333333334,-0.21389684081077576,0.0675274422503194
TOKYOTECH_s01,13,224,20.466666666666665,-0.45512115955352783,0.41503071819269605
TOKYOTECH_s01,13,225,20.5,-0.740211546421051,0.6841533682627492
TOKYOTECH_s01,13,226,20.533333333333335,-0.7863221764564514,0.8392747096903097
TOKYOTECH_s01,13,227,20.566666666666666,-0.9841922521591187,0.8670816810259994
TOKYOTECH_s01,13,228,20.6,-1.000691294670105,0.7779846221428756
TOKYOTECH_s01,13,229,20.633333333333333,-1.0614895820617676,0.6018055209925272
TOKYOTECH_s01,13,230,20.666666666666668,-0.962692379951477,0.3798018670246178
TOKYOTECH_s01,13,231,20.7,-1.0673173666000366,0.1553934523484363
TOKYOTECH_s01,13,232,20.733333333333334,-1.0237269401550293,-0.03440826729218819
TOKYOTECH_s01,13,233,20.766666666666666,-1.1095690727233887,-0.1653046855389882
TOKYOTECH_s01,13,234,20.8,-0.17648856341838837,-0.22849613453353754
TOKYOTECH_s01,13,235,20.833333333333332,1.120357871055603,-0.22928705668220462
TOKYOTECH_s01,13,236,20.866666666666667,1.7857131958007812,-0.18205526300113334
TOKYOTECH_s01,13,237,20.9,1.6374189853668213,-0.10356785049247819
TOKYOTECH_s01,13,238,20.933333333333334,1.2020260095596313,-0.007462532408188472
TOKYOTECH_s01,13,239,20.966666666666665,0.7969534993171692,0.09783061887596017
TOKYOTECH_s01,14,0,14.0,-0.9546200633049011,-0.040175064410128566
TOKYOTECH_s01,14,1,14.033333333333333,-0.8453091382980347,0.02685802972504829
TOKYOTECH_s01,14,2,14.066666666666666,0.5656915903091431,0.05221809218683282
TOKYOTECH_s01,14,3,14.1,1.7254267930984497,0.0033989994910813273
TOKYOTECH_s01,14,4,14.133333333333333,1.9051834344863892,-0.1339803125564048
TOKYOTECH_s01,14,5,14.166666666666666,1.478295922279358,-0.3524322172594214
TOKYOTECH_s01,14,6,14.2,1.0132126808166504,-0.6234186014069198
TOKYOTECH_s01,14,7,14.233333333333333,0.8647215366363525,-0.9019533621326318
TOKYOTECH_s01,14,8,14.266666666666667,0.258746862411499,-1.1339828269887815
TOKYOTECH_s01,14,9,14.3,0.10490040481090546,-1.265925614851684
TOKYOTECH_s01,14,10,14.333333333333334,0.16014651954174042,-1.2558779769027526
TOKYOTECH_s01,14,11,14.366666666666667,0.17806310951709747,-1.0851628785503826
TOKYOTECH_s01,14,12,14.4,0.2200785130262375,-0.7672339041171197
TOKYOTECH_s01,14,13,14.433333333333334,-0.018704406917095184,-0.3496316387588326
TOKYOTECH_s01,14,14,14.466666666666667,-0.1227387860417366,0.09463762423481503
TOKYOTECH_s01,14,15,14.5,-0.5523826479911804,0.48612891771121813
TOKYOTECH_s01,14,16,14.533333333333333,-0.684847354888916,0.7623793704666838
TOKYOTECH_s01,14,17,14.566666666666666,-0.9226064682006836,0.8960618184824232
TOKYOTECH_s01,14,18,14.6,-0.97812819480896,0.9001093353420705
TOKYOTECH_s01,14,19,14.633333333333333,-1.031011700630188,0.8181761190456786
TOKYOTECH_s01,14,20,14.666666666666666,-0.9900594353675842,0.7052900867536452
TOKYOTECH_s01,14,21,14.7,-0.9758837223052979,0.6069992811049536
TOKYOTECH_s01,14,22,14.733333333333333,-0.9106751680374146,0.5444694260131377
TOKYOTECH_s01,14,23,14.766666666666667,-0.14943647384643555,0.5096526615523688
TOKYOTECH_s01,14,24,14.8,1.1613494157791138,0.4711763850984821
TOKYOTECH_s01,14,25,14.833333333333334,2.078994035720825,0.3884240129327408
TOKYOTECH_s01,14,26,14.866666666666667,1.7692536115646362,0.22852326129531192
TOKYOTECH_s01,14,27,14.9,1.521059513092041,-0.01978849218854741
TOKYOTECH_s01,14,28,14.933333333333334,1.042036771774292,-0.3393498230264597
TOKYOTECH_s01,14,29,14.966666666666667,0.7550956010818481,-0.6857500891473118
TOKYOTECH_s01,14,30,15.0,0.41097885370254517,-0.9956799366489419
TOKYOTECH_s01,14,31,15.033333333333333,0.19097881019115448,-1.2008097579780124
TOKYOTECH_s01,14,32,15.066666666666666,0.34218698740005493,-1.2445379919696362
TOKYOTECH_s01,14,33,15.1,0.3258061110973358,-1.09788148789724
TOKYOTECH_s01,14,34,15.133333333333333,0.27016621828079224,-0.7702903620718458
TOKYOTECH_s01,14,35,15.166666666666666,0.011300967074930668,-0.3114468889963449
TOKYOTECH_s01,14,36,15.2,-0.18936489522457123,0.19845523100112183
TOKYOTECH_s01,14,37,15.233333333333333,-0.5508075952529907,0.6688122092866198
TOKYOTECH_s01,14,38,15.266666666666667,-0.6229071021080017,1.022719062225432
TOKYOTECH_s01,14,39,15.3,-0.860587477684021,1.2158348761501343
TOKYOTECH_s01,14,40,15.333333333333334,-0.8983107209205627,1.2432542832647764
TOKYOTECH_s01,14,41,15.366666666666667,-0.8599967956542969,1.1335723064352747
TOKYOTECH_s01,14,42,15.4,-0.8728731274604797,0.9346173942029967
TOKYOTECH_s01,14,43,15.433333333333334,-0.9002008438110352,0.6973076880179596
TOKYOTECH_s01,14,44,15.466666666666667,-0.7560018301010132,0.4625384938134839
TOKYOTECH_s01,14,45,15.5,0.09674934297800064,0.2532309539668323
TOKYOTECH_s01,14,46,15.533333333333333,1.4405332803726196,0.07199294924164154
TOKYOTECH_s01,14,47,15.566666666666666,2.095729351043701,-0.09572190746741424
TOKYOTECH_s01,14,48,15.6,1.4774690866470337,-0.2735952819799834
TOKYOTECH_s01,14,49,15.633333333333333,1.1794629096984863,-0.4831523194394408
TOKYOTECH_s01,14,50,15.666666666666666,1.0299873352050781,-0.7319634878722882
TOKYOTECH_s01,14,51,15.7,0.5012312531471252,-1.004914819028188
TOKYOTECH_s01,14,52,15.733333333333333,0.3323427140712738,-1.2619360526835248
TOKYOTECH_s01,14,53,15.766666666666667,0.24157842993736267,-1.4442023401470454
TOKYOTECH_s01,14,54,15.8,0.27607280015945435,-1.4884808144184836
TOKYOTECH_s01,14,55,15.833333333333334,0.4605940282344818,-1.3465151013335335
TOKYOTECH_s01,14,56,15.866666666666667,0.09710373729467392,-1.0039016193586354
TOKYOTECH_s01,14,57,15.9,0.00389806623570621,-0.49165421755285094
TOKYOTECH_s01,14,58,15.933333333333334,-0.32529473304748535,0.11543058836896172
TOKYOTECH_s01,14,59,15.966666666666667,-0.6084950566291809,0.715418271996488
TOKYOTECH_s01,14,60,16.0,-0.6179455518722534,1.2062289292734365
TOKYOTECH_s01,14,61,16.033333333333335,-0.9808452129364014,1.5131450497869259
TOKYOTECH_s01,14,62,16.066666666666666,-1.0909830331802368,1.6066203555411014
TOKYOTECH_s01,14,63,16.1,-0.8181782960891724,1.5046772372131099
TOKYOTECH_s01,14,64,16.133333333333333,-0.9685989022254944,1.260938548606842
TOKYOTECH_s01,14,65,16.166666666666668,-1.0760984420776367,0.9445725193934927
TOKYOTECH_s01,14,66,16.2,-0.7575768828392029,0.6196903820035595
TOKYOTECH_s01,14,67,16.233333333333334,-0.20830528438091278,0.32985661600644595
TOKYOTECH_s01,14,68,16.266666666666666,1.2904276847839355,0.09060757749758651
TOKYOTECH_s01,14,69,16.3,1.9853159189224243,-0.10934249169382115
TOKYOTECH_s01,14,70,16.333333333333332,1.5686664581298828,-0.2989642621654645
TOKYOTECH_s01,14,71,16.366666666666667,1.4288777112960815,-0.5099965577185164
TOKYOTECH_s01,14,72,16.4,0.987105667591095,-0.760250478808005
TOKYOTECH_s01,14,73,16.433333333333334,0.48225143551826477,-1.040595679080411
TOKYOTECH_s01,14,74,16.466666666666665,0.29292619228363037,-1.3108668396937277
TOKYOTECH_s01,14,75,16.5,0.07784831523895264,-1.5074514672903532
TOKYOTECH_s01,14,76,16.533333333333335,0.35774096846580505,-1.5611774526020035
TOKYOTECH_s01,14,77,16.566666666666666,0.2654803395271301,-1.420130709553517
TOKYOTECH_s01,14,78,16.6,0.004843117203563452,-1.069936528943625
TOKYOTECH_s01,14,79,16.633333333333333,0.013899857178330421,-0.5441908882688904
TOKYOTECH_s01,14,80,16.666666666666668,-0.4277540445327759,0.07991513489345303
TOKYOTECH_s01,14,81,16.7,-0.7731702327728271,0.7007008083134899
TOKYOTECH_s01,14,82,16.733333333333334,-0.6366103291511536,1.2191692297079537
TOKYOTECH_s01,14,83,16.766666666666666,-1.0054559707641602,1.5637444468664428
TOKYOTECH_s01,14,84,16.8,-0.9405624270439148,1.704093314709944
TOKYOTECH_s01,14,85,16.833333333333332,-0.8134530186653137,1.6513742331715247
TOKYOTECH_s01,14,86,16.866666666666667,-0.9865549206733704,1.447721569985326
TOKYOTECH_s01,14,87,16.9,-0.8055382370948792,1.1504482957735616
TOKYOTECH_s01,14,88,16.933333333333334,-0.8309758305549622,0.8161195857739232
TOKYOTECH_s01,14,89,16.966666666666665,0.1626666635274887,0.487968923097512
TOKYOTECH_s01,14,90,17.0,1.5013315677642822,0.18875164422490884
TOKYOTECH_s01,14,91,17.033333333333335,1.9019545316696167,-0.07997670026208709
TOKYOTECH_s01,14,92,17.066666666666666,1.7793735265731812,-0.33252992128492054
TOKYOTECH_s01,14,93,17.1,1.1491819620132446,-0.5892537527066838
TOKYOTECH_s01,14,94,17.133333333333333,0.7096543908119202,-0.8643382343235338
TOKYOTECH_s01,14,95,17.166666666666668,0.37514564394950867,-1.1541972347000602
TOKYOTECH_s01,14,96,17.2,-0.015002956613898277,-1.4304719846913194
TOKYOTECH_s01,14,97,17.233333333333334,0.1146659329533577,-1.6416749960006056
TOKYOTECH_s01,14,98,17.266666666666666,0.17952007055282593,-1.7249540463018278
TOKYOTECH_s01,14,99,17.3,0.2367350459098816,-1.6253950030035211
TOKYOTECH_s01,14,100,17.333333333333332,0.0065757110714912415,-1.3167295006843045
TOKYOTECH_s01,14,101,17.366666666666667,-0.1170291006565094,-0.8157343112243157
TOKYOTECH_s01,14,102,17.4,-0.3168286681175232,-0.1838870877099873
TOKYOTECH_s01,14,103,17.433333333333334,-0.5645108222961426,0.4856614015595203
TOKYOTECH_s01,14,104,17.466666666666665,-0.5839237570762634,1.0913901312330552
TOKYOTECH_s01,14,105,17.5,-0.8559803366661072,1.5481163423775295
TOKYOTECH_s01,14,106,17.533333333333335,-0.6895332336425781,1.8045769612075593
TOKYOTECH_s01,14,107,17.566666666666666,-0.777462363243103,1.8495829589387658
TOKYOTECH_s01,14,108,17.6,-0.7201292514801025,1.7075355359171422
TOKYOTECH_s01,14,109,17.633333333333333,-0.9322932362556458,1.4272218148826945
TOKYOTECH_s01,14,110,17.666666666666668,-0.6679545640945435,1.0679677730382349
TOKYOTECH_s01,14,111,17.7,0.1266365796327591,0.6860444021897962
TOKYOTECH_s01,14,112,17.733333333333334,1.4021012783050537,0.32360896956621193
TOKYOTECH_s01,14,113,17.766666666666666,1.8769500255584717,0.0022638876746352214
TOKYOTECH_s01,14,114,17.8,1.3626453876495361,-0.2773982942596945
TOKYOTECH_s01,14,115,17.833333333333332,1.130989670753479,-0.5301616074979196
TOKYOTECH_s01,14,116,17.866666666666667,0.7369821071624756,-0.775795894414093
TOKYOTECH_s01,14,117,17.9,0.38073721528053284,-1.0266577352822832
TOKYOTECH_s01,14,118,17.933333333333334,0.30655068159103394,-1.277122631713229
TOKYOTECH_s01,14,119,17.966666666666665,0.10206525027751923,-1.4987467388955749
TOKYOTECH_s01,14,120,18.0,0.36549824476242065,-1.643652037164376
TOKYOTECH_s01,14,121,18.033333333333335,0.32096272706985474,-1.6562457823233496
TOKYOTECH_s01,14,122,18.066666666666666,-0.07406865060329437,-1.4907853074476503
TOKYOTECH_s01,14,123,18.1,-0.10194765776395798,-1.1298487975931601
TOKYOTECH_s01,14,124,18.133333333333333,-0.5174157619476318,-0.5971049255333823
TOKYOTECH_s01,14,125,18.166666666666668,-0.6842960715293884,0.04171755577584062
TOKYOTECH_s01,14,126,18.2,-0.7956151962280273,0.6921225474773331
TOKYOTECH_s01,14,127,18.233333333333334,-0.9742692112922668,1.2548109316143907
TOKYOTECH_s01,14,128,18.266666666666666,-0.8774014711380005,1.651056063027583
TOKYOTECH_s01,14,129,18.3,-0.9788369536399841,1.8394068762760845
TOKYOTECH_s01,14,130,18.333333333333332,-0.8839380741119385,1.8191881969381765
TOKYOTECH_s01,14,131,18.366666666666667,-0.9834047555923462,1.6232064288494112
TOKYOTECH_s01,14,132,18.4,-0.8951999545097351,1.3049535760961104
TOKYOTECH_s01,14,133,18.433333333333334,-0.4331093430519104,0.9246890493221012
TOKYOTECH_s01,14,134,18.466666666666665,0.6822872757911682,0.5369938432585588
TOKYOTECH_s01,14,135,18.5,2.070134162902832,0.18130968190684735
TOKYOTECH_s01,14,136,18.533333333333335,1.8788795471191406,-0.12329118524767531
TOKYOTECH_s01,14,137,18.566666666666666,1.412929892539978,-0.3780533734948592
TOKYOTECH_s01,14,138,18.6,1.075940489768982,-0.5990137028354131
TOKYOTECH_s01,14,139,18.633333333333333,0.6038480401039124,-0.8072374603942355
TOKYOTECH_s01,14,140,18.666666666666668,0.3964093029499054,-1.0174053362128033
TOKYOTECH_s01,14,141,18.7,0.04973304644227028,-1.2280452655190746
TOKYOTECH_s01,14,142,18.733333333333334,0.1215963065624237,-1.416483208269379
TOKYOTECH_s01,14,143,18.766666666666666,0.22637885808944702,-1.5406748920701188
TOKYOTECH_s01,14,144,18.8,0.07524942606687546,-1.548716700758032
TOKYOTECH_s01,14,145,18.833333333333332,-0.07473806291818619,-1.394849925706304
TOKYOTECH_s01,14,146,18.866666666666667,-0.41042810678482056,-1.058105114935306
TOKYOTECH_s01,14,147,18.9,-0.44511935114860535,-0.5569477868668051
TOKYOTECH_s01,14,148,18.933333333333334,-0.7488745450973511,0.04779252299851615
TOKYOTECH_s01,14,149,18.966666666666665,-0.836094856262207,0.6657641258926245
TOKYOTECH_s01,14,150,19.0,-0.847120463848114,1.2014431474807636
TOKYOTECH_s01,14,151,19.033333333333335,-1.0455418825149536,1.5791819258340896
TOKYOTECH_s01,14,152,19.066666666666666,-0.8565710186958313,1.7590314037796226
TOKYOTECH_s01,14,153,19.1,-0.9237877726554871,1.7397353838782437
TOKYOTECH_s01,14,154,19.133333333333333,-0.9145341515541077,1.5515838941918698
TOKYOTECH_s01,14,155,19.166666666666668,-1.0032508373260498,1.2445396073709014
TOKYOTECH_s01,14,156,19.2,-0.8240848779678345,0.8758431230261458
TOKYOTECH_s01,14,157,19.233333333333334,0.26886677742004395,0.4988661335038197
TOKYOTECH_s01,14,158,19.266666666666666,1.6491533517837524,0.15403698616537467
TOKYOTECH_s01,14,159,19.3,1.859033465385437,-0.13697732083202746
TOKYOTECH_s01,14,160,19.333333333333332,1.6606121063232422,-0.3724891494419418
TOKYOTECH_s01,14,161,19.366666666666667,1.2458921670913696,-0.5667616126425432
TOKYOTECH_s01,14,162,19.4,0.926149845123291,-0.741473522663811
TOKYOTECH_s01,14,163,19.433333333333334,0.5682117342948914,-0.9148700125658715
TOKYOTECH_s01,14,164,19.466666666666665,0.2651653289794922,-1.0916551236197174
TOKYOTECH_s01,14,165,19.5,0.25091081857681274,-1.2567204511900558
TOKYOTECH_s01,14,166,19.533333333333335,0.26886677742004395,-1.3750839171313256
TOKYOTECH_s01,14,167,19.566666666666666,0.1425449401140213,-1.3991417290408321
TOKYOTECH_s01,14,168,19.6,0.10135646164417267,-1.2826070990472629
TOKYOTECH_s01,14,169,19.633333333333333,-0.11797415465116501,-0.9981755349374144
TOKYOTECH_s01,14,170,19.666666666666668,-0.4805193841457367,-0.5533823294794455
TOKYOTECH_s01,14,171,19.7,-0.5267481207847595,0.0022880397740734425
TOKYOTECH_s01,14,172,19.733333333333334,-0.8416076898574829,0.5844850065272511
TOKYOTECH_s01,14,173,19.766666666666666,-0.8542477488517761,1.095296303731483
TOKYOTECH_s01,14,174,19.8,-0.859878659248352,1.4512080730312824
TOKYOTECH_s01,14,175,19.833333333333332,-1.0904711484909058,1.6058910059468838
TOKYOTECH_s01,14,176,19.866666666666667,-0.8701167106628418,1.558942980783573
TOKYOTECH_s01,14,177,19.9,-1.072987675666809,1.3492743675855114
TOKYOTECH_s01,14,178,19.933333333333334,-0.9670632481575012,1.0385574672054967
TOKYOTECH_s01,14,179,19.966666666666665,-1.1128767728805542,0.6925692034780855
TOKYOTECH_s01,14,180,20.0,-0.7833295464515686,0.36610798793534655
TOKYOTECH_s01,14,181,20.033333333333335,0.2120455801486969,0.09361472316988408
TOKYOTECH_s01,14,182,20.066666666666666,1.4404939413070679,-0.1142353864660139
TOKYOTECH_s01,14,183,20.1,2.056903600692749,-0.26808879092627
TOKYOTECH_s01,14,184,20.133333333333333,1.4078896045684814,-0.39224798543354633
TOKYOTECH_s01,14,185,20.166666666666668,1.0414067506790161,-0.5135580877385347
TOKYOTECH_s01,14,186,20.2,0.7296973466873169,-0.6498933755002335
TOKYOTECH_s01,14,187,20.233333333333334,0.24539801478385925,-0.8017590630709684
TOKYOTECH_s01,14,188,20.266666666666666,0.05721469968557358,-0.949624246558553
TOKYOTECH_s01,14,189,20.3,-0.08281037211418152,-1.0578660215945992
TOKYOTECH_s01,14,190,20.333333333333332,0.17786623537540436,-1.0844573616749793
TOKYOTECH_s01,14,191,20.366666666666667,0.09092152118682861,-0.9940398256251797
TOKYOTECH_s01,14,192,20.4,-0.060601674020290375,-0.7708840845852165
TOKYOTECH_s01,14,193,20.433333333333334,-0.21389684081077576,-0.4278309762646149
TOKYOTECH_s01,14,194,20.466666666666665,-0.45512115955352783,-0.007989542470273068
TOKYOTECH_s01,14,195,20.5,-0.740211546421051,0.4222695353669109
TOKYOTECH_s01,14,196,20.533333333333335,-0.7863221764564514,0.7879947692656284
TOKYOTECH_s01,14,197,20.566666666666666,-0.9841922521591187,1.024338438099252
TOKYOTECH_s01,14,198,20.6,-1.000691294670105,1.0936793938301599
TOKYOTECH_s01,14,199,20.633333333333333,-1.0614895820617676,0.995595919448364
TOKYOTECH_s01,14,200,20.666666666666668,-0.962692379951477,0.766381215545931
TOKYOTECH_s01,14,201,20.7,-1.0673173666000366,0.4683312345652482
TOKYOTECH_s01,14,202,20.733333333333334,-1.0237269401550293,0.17223544380257352
TOKYOTECH_s01,14,203,20.766666666666666,-1.1095690727233887,-0.06169679808853021
TOKYOTECH_s01,14,204,20.8,-0.17648856341838837,-0.19915575036031355
TOKYOTECH_s01,14,205,20.833333333333332,1.120357871055603,-0.2391997655977021
TOKYOTECH_s01,14,206,20.866666666666667,1.7857131958007812,-0.21177980670226265
TOKYOTECH_s01,14,207,20.9,1.6374189853668213,-0.16588191437414496
TOKYOTECH_s01,14,208,20.933333333333334,1.2020260095596313,-0.15180196943990898
TOKYOTECH_s01,14,209,20.966666666666665,0.7969534993171692,-0.20316673541836172
TOKYOTECH_s01,14,210,21.0,0.33773738145828247,-0.32447721722670286
TOKYOTECH_s01,14,211,21.033333333333335,0.03197396174073219,-0.4880894822813164
TOKYOTECH_s01,14,212,21.066666666666666,-0.13352811336517334,-0.6414597600176614
TOKYOTECH_s01,14,213,21.1,0.14400190114974976,-0.7224931906820112
TOKYOTECH_s01,14,214,21.133333333333333,0.22484314441680908,-0.6789081949632296
TOKYOTECH_s01,14,215,21.166666666666668,-0.049536701291799545,-0.4865384843534985
TOKYOTECH_s01,14,216,21.2,-0.2783178389072418,-0.16113844320542925
TOKYOTECH_s01,14,217,21.233333333333334,-0.3986149728298187,0.24107127966900305
TOKYOTECH_s01,14,218,21.266666666666666,-0.7108362317085266,0.6363694027699487
TOKYOTECH_s01,14,219,21.3,-0.8265656232833862,0.9373111815650014
TOKYOTECH_s01,14,220,21.333333333333332,-0.8268412351608276,1.0787788533805154
TOKYOTECH_s01,14,221,21.366666666666667,-0.9850585460662842,1.0358006377124196
TOKYOTECH_s01,14,222,21.4,-1.082083821296692,0.8272421890348676
TOKYOTECH_s01,14,223,21.433333333333334,-0.9821840524673462,0.5066889073750311
TOKYOTECH_s01,14,224,21.466666666666665,-0.8116810917854309,0.14620189921275745
TOKYOTECH_s01,14,225,21.5,-0.9876968264579773,-0.18112310775685617
TOKYOTECH_s01,14,226,21.533333333333335,-0.39188146591186523,-0.4160106551121863
TOKYOTECH_s01,14,227,21.566666666666666,0.8897653818130493,-0.523642632513194
TOKYOTECH_s01,14,228,21.6,1.7964237928390503,-0.49917272298710325
TOKYOTECH_s01,14,229,21.633333333333333,1.609067440032959,-0.36713126346847974
TOKYOTECH_s01,14,230,21.666666666666668,1.3902881145477295,-0.17419499218995546
TOKYOTECH_s01,14,231,21.7,0.8992158770561218,0.02373384492632596
TOKYOTECH_s01,14,232,21.733333333333334,0.39132964611053467,0.1771127338398473
TOKYOTECH_s01,14,233,21.766666666666666,-0.08076276630163193,0.2561710044162405
TOKYOTECH_s01,14,234,21.8,0.027524344623088837,0.25702414583223715
TOKYOTECH_s01,14,235,21.833333333333332,0.04280267283320427,0.1978710098058973
TOKYOTECH_s01,14,236,21.866666666666667,0.12218696624040604,0.10748039642013868
TOKYOTECH_s01,14,237,21.9,-0.021145788952708244,0.011960529529903289
TOKYOTECH_s01,14,238,21.933333333333334,-0.12167560309171677,-0.07426947122697322
TOKYOTECH_s01,14,239,21.966666666666665,-0.4967821538448334,-0.15035273172652752
TOKYOTECH_s01,15,0,15.0,0.41097885370254517,0.06553494986944165
TOKYOTECH_s01,15,1,15.033333333333333,0.19097881019115448,-0.18444163551843676
TOKYOTECH_s01,15,2,15.066666666666666,0.34218698740005493,-0.3619030240456428
TOKYOTECH_s01,15,3,15.1,0.3258061110973358,-0.41305677929508994
TOKYOTECH_s01,15,4,15.133333333333333,0.27016621828079224,-0.3183156792712253
TOKYOTECH_s01,15,5,15.166666666666666,0.011300967074930668,-0.0981243709707997
TOKYOTECH_s01,15,6,15.2,-0.18936489522457123,0.19300492921930504
TOKYOTECH_s01,15,7,15.233333333333333,-0.5508075952529907,0.48318417281296683
TOKYOTECH_s01,15,8,15.266666666666667,-0.6229071021080017,0.7051379644499681
TOKYOTECH_s01,15,9,15.3,-0.860587477684021,0.815588371655377
TOKYOTECH_s01,15,10,15.333333333333334,-0.8983107209205627,0.8052362292522631
TOKYOTECH_s01,15,11,15.366666666666667,-0.8599967956542969,0.6966149063512027
TOKYOTECH_s01,15,12,15.4,-0.8728731274604797,0.5320218768590189
TOKYOTECH_s01,15,13,15.433333333333334,-0.9002008438110352,0.35707840126015333
TOKYOTECH_s01,15,14,15.466666666666667,-0.7560018301010132,0.20588841991303639
TOKYOTECH_s01,15,15,15.5,0.09674934297800064,0.0920279261295022
TOKYOTECH_s01,15,16,15.533333333333333,1.4405332803726196,0.007215150798415446
TOKYOTECH_s01,15,17,15.566666666666666,2.095729351043701,-0.07273093584181325
TOKYOTECH_s01,15,18,15.6,1.4774690866470337,-0.17688991580717628
TOKYOTECH_s01,15,19,15.633333333333333,1.1794629096984863,-0.32669640955229684
TOKYOTECH_s01,15,20,15.666666666666666,1.0299873352050781,-0.5257254323407957
TOKYOTECH_s01,15,21,15.7,0.5012312531471252,-0.7548193620419981
TOKYOTECH_s01,15,22,15.733333333333333,0.3323427140712738,-0.9737036281938533
TOKYOTECH_s01,15,23,15.766666666666667,0.24157842993736267,-1.1286509959805573
TOKYOTECH_s01,15,24,15.8,0.27607280015945435,-1.165160009753797
TOKYOTECH_s01,15,25,15.833333333333334,0.4605940282344818,-1.0438042238346845
TOKYOTECH_s01,15,26,15.866666666666667,0.09710373729467392,-0.7554281319626414
TOKYOTECH_s01,15,27,15.9,0.00389806623570621,-0.33006161076978335
TOKYOTECH_s01,15,28,15.933333333333334,-0.32529473304748535,0.16559185977550556
TOKYOTECH_s01,15,29,15.966666666666667,-0.6084950566291809,0.643579265788003
TOKYOTECH_s01,15,30,16.0,-0.6179455518722534,1.0187879164159026
TOKYOTECH_s01,15,31,16.033333333333335,-0.9808452129364014,1.2328007908804572
TOKYOTECH_s01,15,32,16.066666666666666,-1.0909830331802368,1.2681129308303762
TOKYOTECH_s01,15,33,16.1,-0.8181782960891724,1.1477158383832253
TOKYOTECH_s01,15,34,16.133333333333333,-0.9685989022254944,0.9221705157510673
TOKYOTECH_s01,15,35,16.166666666666668,-1.0760984420776367,0.6512657470833862
TOKYOTECH_s01,15,36,16.2,-0.7575768828392029,0.38712064872390883
TOKYOTECH_s01,15,37,16.233333333333334,-0.20830528438091278,0.16251249275339874
TOKYOTECH_s01,15,38,16.266666666666666,1.2904276847839355,-0.014079223582595102
TOKYOTECH_s01,15,39,16.3,1.9853159189224243,-0.15637246811917158
TOKYOTECH_s01,15,40,16.333333333333332,1.5686664581298828,-0.2919286836166084
TOKYOTECH_s01,15,41,16.366666666666667,1.4288777112960815,-0.44962089517235726
TOKYOTECH_s01,15,42,16.4,0.987105667591095,-0.6460388457962422
TOKYOTECH_s01,15,43,16.433333333333334,0.48225143551826477,-0.8746277645597703
TOKYOTECH_s01,15,44,16.466666666666665,0.29292619228363037,-1.1014302273614969
TOKYOTECH_s01,15,45,16.5,0.07784831523895264,-1.2701370254016748
TOKYOTECH_s01,15,46,16.533333333333335,0.35774096846580505,-1.3164945664092749
TOKYOTECH_s01,15,47,16.566666666666666,0.2654803395271301,-1.1887697641605308
TOKYOTECH_s01,15,48,16.6,0.004843117203563452,-0.8681777422212147
TOKYOTECH_s01,15,49,16.633333333333333,0.013899857178330421,-0.3818121181068409
TOKYOTECH_s01,15,50,16.666666666666668,-0.4277540445327759,0.19839002704808947
TOKYOTECH_s01,15,51,16.7,-0.7731702327728271,0.7725851384941181
TOKYOTECH_s01,15,52,16.733333333333334,-0.6366103291511536,1.240577512573966
TOKYOTECH_s01,15,53,16.766666666666666,-1.0054559707641602,1.529275878837347
TOKYOTECH_s01,15,54,16.8,-0.9405624270439148,1.6096605008384843
TOKYOTECH_s01,15,55,16.833333333333332,-0.8134530186653137,1.4983045292529047
TOKYOTECH_s01,15,56,16.866666666666667,-0.9865549206733704,1.2454565508044353
TOKYOTECH_s01,15,57,16.9,-0.8055382370948792,0.9162990291730907
TOKYOTECH_s01,15,58,16.933333333333334,-0.8309758305549622,0.572362026598001
TOKYOTECH_s01,15,59,16.966666666666665,0.1626666635274887,0.2577881063054735
TOKYOTECH_s01,15,60,17.0,1.5013315677642822,-0.007296973158900197
TOKYOTECH_s01,15,61,17.033333333333335,1.9019545316696167,-0.2260209646048248
TOKYOTECH_s01,15,62,17.066666666666666,1.7793735265731812,-0.4179873652446092
TOKYOTECH_s01,15,63,17.1,1.1491819620132446,-0.608749031110562
TOKYOTECH_s01,15,64,17.133333333333333,0.7096543908119202,-0.8177699191193398
TOKYOTECH_s01,15,65,17.166666666666668,0.37514564394950867,-1.0472487727017297
TOKYOTECH_s01,15,66,17.2,-0.015002956613898277,-1.2750660633860773
TOKYOTECH_s01,15,67,17.233333333333334,0.1146659329533577,-1.4553768693252405
TOKYOTECH_s01,15,68,17.266666666666666,0.17952007055282593,-1.5285754860058778
TOKYOTECH_s01,15,69,17.3,0.2367350459098816,-1.4390304875516091
TOKYOTECH_s01,15,70,17.333333333333332,0.0065757110714912415,-1.1556390348624366
TOKYOTECH_s01,15,71,17.366666666666667,-0.1170291006565094,-0.6880275358027305
TOKYOTECH_s01,15,72,17.4,-0.3168286681175232,-0.09123591644266225
TOKYOTECH_s01,15,73,17.433333333333334,-0.5645108222961426,0.5447869828174094
TOKYOTECH_s01,15,74,17.466666666666665,-0.5839237570762634,1.1180943009477653
TOKYOTECH_s01,15,75,17.5,-0.8559803366661072,1.5415008700528123
TOKYOTECH_s01,15,76,17.533333333333335,-0.6895332336425781,1.7632221566842485
TOKYOTECH_s01,15,77,17.566666666666666,-0.777462363243103,1.774896686600953
TOKYOTECH_s01,15,78,17.6,-0.7201292514801025,1.6065680247868437
TOKYOTECH_s01,15,79,17.633333333333333,-0.9322932362556458,1.3130586266335973
TOKYOTECH_s01,15,80,17.666666666666668,-0.6679545640945435,0.9573531631413388
TOKYOTECH_s01,15,81,17.7,0.1266365796327591,0.5953107404973516
TOKYOTECH_s01,15,82,17.733333333333334,1.4021012783050537,0.2645516905701337
TOKYOTECH_s01,15,83,17.766666666666666,1.8769500255584717,-0.02068976800828554
TOKYOTECH_s01,15,84,17.8,1.3626453876495361,-0.268007058890259
TOKYOTECH_s01,15,85,17.833333333333332,1.130989670753479,-0.4990821804487694
TOKYOTECH_s01,15,86,17.866666666666667,0.7369821071624756,-0.7376963073868112
TOKYOTECH_s01,15,87,17.9,0.38073721528053284,-0.9966368057148604
TOKYOTECH_s01,15,88,17.933333333333334,0.30655068159103394,-1.2672746011258489
TOKYOTECH_s01,15,89,17.966666666666665,0.10206525027751923,-1.51540097368526
TOKYOTECH_s01,15,90,18.0,0.36549824476242065,-1.6857759906356966
TOKYOTECH_s01,15,91,18.033333333333335,0.32096272706985474,-1.7156588084607327
TOKYOTECH_s01,15,92,18.066666666666666,-0.07406865060329437,-1.5545817497152623
TOKYOTECH_s01,15,93,18.1,-0.10194765776395798,-1.1845445683193045
TOKYOTECH_s01,15,94,18.133333333333333,-0.5174157619476318,-0.6329954036055321
TOKYOTECH_s01,15,95,18.166666666666668,-0.6842960715293884,0.027867209171628507
TOKYOTECH_s01,15,96,18.2,-0.7956151962280273,0.69716584139182
TOKYOTECH_s01,15,97,18.233333333333334,-0.9742692112922668,1.2717605190383772
TOKYOTECH_s01,15,98,18.266666666666666,-0.8774014711380005,1.6727040533474595
TOKYOTECH_s01,15,99,18.3,-0.9788369536399841,1.861497161401113
TOKYOTECH_s01,15,100,18.333333333333332,-0.8839380741119385,1.8420384833190764
TOKYOTECH_s01,15,101,18.366666666666667,-0.9834047555923462,1.651323911195372
TOKYOTECH_s01,15,102,18.4,-0.8951999545097351,1.3449180099821014
TOKYOTECH_s01,15,103,18.433333333333334,-0.4331093430519104,0.9821657793317776
TOKYOTECH_s01,15,104,18.466666666666665,0.6822872757911682,0.6139004676419528
TOKYOTECH_s01,15,105,18.5,2.070134162902832,0.2739195602855461
TOKYOTECH_s01,15,106,18.533333333333335,1.8788795471191406,-0.02485685430993171
TOKYOTECH_s01,15,107,18.566666666666666,1.412929892539978,-0.2887386256959642
TOKYOTECH_s01,15,108,18.6,1.075940489768982,-0.5361778310723314
TOKYOTECH_s01,15,109,18.633333333333333,0.6038480401039124,-0.7868202273291034
TOKYOTECH_s01,15,110,18.666666666666668,0.3964093029499054,-1.049720024583603
TOKYOTECH_s01,15,111,18.7,0.04973304644227028,-1.3143316660094013
TOKYOTECH_s01,15,112,18.733333333333334,0.1215963065624237,-1.5473134365961785
TOKYOTECH_s01,15,113,18.766666666666666,0.22637885808944702,-1.6969003490910466
TOKYOTECH_s01,15,114,18.8,0.07524942606687546,-1.7050603245143863
TOKYOTECH_s01,15,115,18.833333333333332,-0.07473806291818619,-1.5255194867818815
TOKYOTECH_s01,15,116,18.866666666666667,-0.41042810678482056,-1.1429286771180787
TOKYOTECH_s01,15,117,18.9,-0.44511935114860535,-0.585974539107131
TOKYOTECH_s01,15,118,18.933333333333334,-0.7488745450973511,0.07285091482288289
TOKYOTECH_s01,15,119,18.966666666666665,-0.836094856262207,0.733500044781743
TOKYOTECH_s01,15,120,19.0,-0.847120463848114,1.2949268912802265
TOKYOTECH_s01,15,121,19.033333333333335,-1.0455418825149536,1.6805430711317388
TOKYOTECH_s01,15,122,19.066666666666666,-0.8565710186958313,1.8531796462058339
TOKYOTECH_s01,15,123,19.1,-0.9237877726554871,1.8169159504592993
TOKYOTECH_s01,15,124,19.133333333333333,-0.9145341515541077,1.6088074911353103
TOKYOTECH_s01,15,125,19.166666666666668,-1.0032508373260498,1.2855974971700785
TOKYOTECH_s01,15,126,19.2,-0.8240848779678345,0.9095074608014174
TOKYOTECH_s01,15,127,19.233333333333334,0.26886677742004395,0.535425375202946
TOKYOTECH_s01,15,128,19.266666666666666,1.6491533517837524,0.2010996214597482
TOKYOTECH_s01,15,129,19.3,1.859033465385437,-0.07800982470538478
TOKYOTECH_s01,15,130,19.333333333333332,1.6606121063232422,-0.30796951469595196
TOKYOTECH_s01,15,131,19.366666666666667,1.2458921670913696,-0.5096868672835195
TOKYOTECH_s01,15,132,19.4,0.926149845123291,-0.7080019227138673
TOKYOTECH_s01,15,133,19.433333333333334,0.5682117342948914,-0.9196524251504626
TOKYOTECH_s01,15,134,19.466666666666665,0.2651653289794922,-1.1436036250116568
TOKYOTECH_s01,15,135,19.5,0.25091081857681274,-1.3565860931785994
TOKYOTECH_s01,15,136,19.533333333333335,0.26886677742004395,-1.5153884405793543
TOKYOTECH_s01,15,137,19.566666666666666,0.1425449401140213,-1.5660389184909758
TOKYOTECH_s01,15,138,19.6,0.10135646164417267,-1.458664721612819
TOKYOTECH_s01,15,139,19.633333333333333,-0.11797415465116501,-1.1650967937354273
TOKYOTECH_s01,15,140,19.666666666666668,-0.4805193841457367,-0.6941479883680877
TOKYOTECH_s01,15,141,19.7,-0.5267481207847595,-0.09813811901132184
TOKYOTECH_s01,15,142,19.733333333333334,-0.8416076898574829,0.5345413102440044
TOKYOTECH_s01,15,143,19.766666666666666,-0.8542477488517761,1.100946137563479
TOKYOTECH_s01,15,144,19.8,-0.859878659248352,1.5118496897114906
TOKYOTECH_s01,15,145,19.833333333333332,-1.0904711484909058,1.7151105480223212
TOKYOTECH_s01,15,146,19.866666666666667,-0.8701167106628418,1.7052923182067308
TOKYOTECH_s01,15,147,19.9,-1.072987675666809,1.5180189702028097
TOKYOTECH_s01,15,148,19.933333333333334,-0.9670632481575012,1.2140504588809262
TOKYOTECH_s01,15,149,19.966666666666665,-1.1128767728805542,0.8604481545046483
TOKYOTECH_s01,15,150,20.0,-0.7833295464515686,0.5143990340175743
TOKYOTECH_s01,15,151,20.033333333333335,0.2120455801486969,0.21232974626423973
TOKYOTECH_s01,15,152,20.066666666666666,1.4404939413070679,-0.03443253740266691
TOKYOTECH_s01,15,153,20.1,2.056903600692749,-0.2367872198387593
TOKYOTECH_s01,15,154,20.133333333333333,1.4078896045684814,-0.4186089692464337
TOKYOTECH_s01,15,155,20.166666666666668,1.0414067506790161,-0.6039735783525647
TOKYOTECH_s01,15,156,20.2,0.7296973466873169,-0.8049500878716659
TOKYOTECH_s01,15,157,20.233333333333334,0.24539801478385925,-1.0138431864255646
TOKYOTECH_s01,15,158,20.266666666666666,0.05721469968557358,-1.202251232291045
TOKYOTECH_s01,15,159,20.3,-0.08281037211418152,-1.3272450309941872
TOKYOTECH_s01,15,160,20.333333333333332,0.17786623537540436,-1.3431187863044323
TOKYOTECH_s01,15,161,20.366666666666667,0.09092152118682861,-1.215651095558656
TOKYOTECH_s01,15,162,20.4,-0.060601674020290375,-0.9347567318042724
TOKYOTECH_s01,15,163,20.433333333333334,-0.21389684081077576,-0.5214709076830872
TOKYOTECH_s01,15,164,20.466666666666665,-0.45512115955352783,-0.026782592828480677
TOKYOTECH_s01,15,165,20.5,-0.740211546421051,0.4777544582347783
TOKYOTECH_s01,15,166,20.533333333333335,-0.7863221764564514,0.9154210818174271
TOKYOTECH_s01,15,167,20.566666666666666,-0.9841922521591187,1.2217935123598989
TOKYOTECH_s01,15,168,20.6,-1.000691294670105,1.359424415091796
TOKYOTECH_s01,15,169,20.633333333333333,-1.0614895820617676,1.3254603659717665
TOKYOTECH_s01,15,170,20.666666666666668,-0.962692379951477,1.1500922119205055
TOKYOTECH_s01,15,171,20.7,-1.0673173666000366,0.8865955031205015
TOKYOTECH_s01,15,172,20.733333333333334,-1.0237269401550293,0.5960501057904065
TOKYOTECH_s01,15,173,20.766666666666666,-1.1095690727233887,0.3310633601159278
TOKYOTECH_s01,15,174,20.8,-0.17648856341838837,0.12289304417238157
TOKYOTECH_s01,15,175,20.833333333333332,1.120357871055603,-0.024567982087388283
TOKYOTECH_s01,15,176,20.866666666666667,1.7857131958007812,-0.13222006819581097
TOKYOTECH_s01,15,177,20.9,1.6374189853668213,-0.23523485385853768
TOKYOTECH_s01,15,178,20.933333333333334,1.2020260095596313,-0.367754561108617
TOKYOTECH_s01,15,179,20.966666666666665,0.7969534993171692,-0.5477288933492406
TOKYOTECH_s01,15,180,21.0,0.33773738145828247,-0.7668969680961537
TOKYOTECH_s01,15,181,21.033333333333335,0.03197396174073219,-0.9892439526735186
TOKYOTECH_s01,15,182,21.066666666666666,-0.13352811336517334,-1.1585144723573015
TOKYOTECH_s01,15,183,21.1,0.14400190114974976,-1.2129002923826406
TOKYOTECH_s01,15,184,21.133333333333333,0.22484314441680908,-1.1036212529112994
TOKYOTECH_s01,15,185,21.166666666666668,-0.049536701291799545,-0.8130507141392584
TOKYOTECH_s01,15,186,21.2,-0.2783178389072418,-0.366776164921141
TOKYOTECH_s01,15,187,21.233333333333334,-0.3986149728298187,0.16621418515752973
TOKYOTECH_s01,15,188,21.266666666666666,-0.7108362317085266,0.688398955919734
TOKYOTECH_s01,15,189,21.3,-0.8265656232833862,1.100758037213267
TOKYOTECH_s01,15,190,21.333333333333332,-0.8268412351608276,1.3319239881270946
TOKYOTECH_s01,15,191,21.366666666666667,-0.9850585460662842,1.3570340182525646
TOKYOTECH_s01,15,192,21.4,-1.082083821296692,1.1995159060401712
TOKYOTECH_s01,15,193,21.433333333333334,-0.9821840524673462,0.9179077160706147
TOKYOTECH_s01,15,194,21.466666666666665,-0.8116810917854309,0.5852499856152474
TOKYOTECH_s01,15,195,21.5,-0.9876968264579773,0.26889782920760724
TOKYOTECH_s01,15,196,21.533333333333335,-0.39188146591186523,0.015709306465593553
TOKYOTECH_s01,15,197,21.566666666666666,0.8897653818130493,-0.1556335599756444
TOKYOTECH_s01,15,198,21.6,1.7964237928390503,-0.2550213721307602
TOKYOTECH_s01,15,199,21.633333333333333,1.609067440032959,-0.3143491540856712
TOKYOTECH_s01,15,200,21.666666666666668,1.3902881145477295,-0.375027469920003
TOKYOTECH_s01,15,201,21.7,0.8992158770561218,-0.47214756254457274
TOKYOTECH_s01,15,202,21.733333333333334,0.39132964611053467,-0.6196864887074814
TOKYOTECH_s01,15,203,21.766666666666666,-0.08076276630163193,-0.8019130256443532
TOKYOTECH_s01,15,204,21.8,0.027524344623088837,-0.9748156732170252
TOKYOTECH_s01,15,205,21.833333333333332,0.04280267283320427,-1.078117710407499
TOKYOTECH_s01,15,206,21.866666666666667,0.12218696624040604,-1.054543490177366
TOKYOTECH_s01,15,207,21.9,-0.021145788952708244,-0.8702484714472447
TOKYOTECH_s01,15,208,21.933333333333334,-0.12167560309171677,-0.5298230277574518
TOKYOTECH_s01,15,209,21.966666666666665,-0.4967821538448334,-0.08045113612751914
TOKYOTECH_s01,15,210,22.0,-0.6155829429626465,0.3978516756189681
TOKYOTECH_s01,15,211,22.033333333333335,-0.776556670665741,0.814402859497578
TOKYOTECH_s01,15,212,22.066666666666666,-0.8099878430366516,1.094620367046864
TOKYOTECH_s01,15,213,22.1,-1.0505427122116089,1.20042694867035
TOKYOTECH_s01,15,214,22.133333333333333,-0.9556832313537598,1.1367908916532443
TOKYOTECH_s01,15,215,22.166666666666668,-0.915439784526825,0.9440341826575722
TOKYOTECH_s01,15,216,22.2,-0.9191806316375732,0.6811814802700658
TOKYOTECH_s01,15,217,22.233333333333334,-1.0443605184555054,0.4074777669603245
TOKYOTECH_s01,15,218,22.266666666666666,-0.15175972878932953,0.16773974297741065
TOKYOTECH_s01,15,219,22.3,1.0239626169204712,-0.01547373071235592
TOKYOTECH_s01,15,220,22.333333333333332,1.8697046041488647,-0.1420375597096113
TOKYOTECH_s01,15,221,22.366666666666667,1.7851225137710571,-0.22782034629773387
TOKYOTECH_s01,15,222,22.4,1.5302737951278687,-0.29467468347484727
TOKYOTECH_s01,15,223,22.433333333333334,0.9546588659286499,-0.36073250624941383
TOKYOTECH_s01,15,224,22.466666666666665,0.5126899480819702,-0.43361652417735447
TOKYOTECH_s01,15,225,22.5,0.00992276705801487,-0.5073748037023047
TOKYOTECH_s01,15,226,22.533333333333335,0.02854814939200878,-0.5633036114956955
TOKYOTECH_s01,15,227,22.566666666666666,-0.07308422774076462,-0.5748730455892983
TOKYOTECH_s01,15,228,22.6,0.09840317815542221,-0.5164263143959569
TOKYOTECH_s01,15,229,22.633333333333333,0.09237848222255707,-0.3738093733599191
TOKYOTECH_s01,15,230,22.666666666666668,-0.07513183355331421,-0.15328177561716008
TOKYOTECH_s01,15,231,22.7,-0.4142870604991913,0.11561629506529882
TOKYOTECH_s01,15,232,22.733333333333334,-0.6440132260322571,0.38592321088681303
TOKYOTECH_s01,15,233,22.766666666666666,-0.7276896238327026,0.6065940447567459
TOKYOTECH_s01,15,234,22.8,-0.86885666847229,0.7376768437001069
TOKYOTECH_s01,15,235,22.833333333333332,-1.0040383338928223,0.7603130783211253
TOKYOTECH_s01,15,236,22.866666666666667,-1.003132700920105,0.6779131420845032
TOKYOTECH_s01,15,237,22.9,-1.0070704221725464,0.5100812548824701
TOKYOTECH_s01,15,238,22.933333333333334,-0.9005946516990662,0.2839982529821642
TOKYOTECH_s01,15,239,22.966666666666665,-0.7434405088424683,0.027883526251533907
TOKYOTECH_s01,16,0,16.0,-0.6179455518722534,-0.007644594370171684
TOKYOTECH_s01,16,1,16.033333333333335,-0.9808452129364014,0.12801225173732464
TOKYOTECH_s01,16,2,16.066666666666666,-1.0909830331802368,0.24914833533051783
TOKYOTECH_s01,16,3,16.1,-0.8181782960891724,0.34838591461637985
TOKYOTECH_s01,16,4,16.133333333333333,-0.9685989022254944,0.42468037225129673
TOKYOTECH_s01,16,5,16.166666666666668,-1.0760984420776367,0.48141656117823894
TOKYOTECH_s01,16,6,16.2,-0.7575768828392029,0.5212338716735618
TOKYOTECH_s01,16,7,16.233333333333334,-0.20830528438091278,0.5402560992562425
TOKYOTECH_s01,16,8,16.266666666666666,1.2904276847839355,0.5251512867723385
TOKYOTECH_s01,16,9,16.3,1.9853159189224243,0.45528983551579416
TOKYOTECH_s01,16,10,16.333333333333332,1.5686664581298828,0.3098708728958565
TOKYOTECH_s01,16,11,16.366666666666667,1.4288777112960815,0.07762765924079479
TOKYOTECH_s01,16,12,16.4,0.987105667591095,-0.23428238846462895
TOKYOTECH_s01,16,13,16.433333333333334,0.48225143551826477,-0.5953562369308298
TOKYOTECH_s01,16,14,16.466666666666665,0.29292619228363037,-0.9529674662667417
TOKYOTECH_s01,16,15,16.5,0.07784831523895264,-1.2404629161328746
TOKYOTECH_s01,16,16,16.533333333333335,0.35774096846580505,-1.3911049916352098
TOKYOTECH_s01,16,17,16.566666666666666,0.2654803395271301,-1.3550292900293395
TOKYOTECH_s01,16,18,16.6,0.004843117203563452,-1.1149124979473295
TOKYOTECH_s01,16,19,16.633333333333333,0.013899857178330421,-0.6952831228169818
TOKYOTECH_s01,16,20,16.666666666666668,-0.4277540445327759,-0.16099802738757266
TOKYOTECH_s01,16,21,16.7,-0.7731702327728271,0.39674642261963305
TOKYOTECH_s01,16,22,16.733333333333334,-0.6366103291511536,0.8836226883540271
TOKYOTECH_s01,16,23,16.766666666666666,-1.0054559707641602,1.2268417301188808
TOKYOTECH_s01,16,24,16.8,-0.9405624270439148,1.3922040361139332
TOKYOTECH_s01,16,25,16.833333333333332,-0.8134530186653137,1.3875498822221881
TOKYOTECH_s01,16,26,16.866666666666667,-0.9865549206733704,1.2528468832654462
TOKYOTECH_s01,16,27,16.9,-0.8055382370948792,1.0425797283624916
TOKYOTECH_s01,16,28,16.933333333333334,-0.8309758305549622,0.8076003049864796
TOKYOTECH_s01,16,29,16.966666666666665,0.1626666635274887,0.5818557477472542
TOKYOTECH_s01,16,30,17.0,1.5013315677642822,0.3767050427143631
TOKYOTECH_s01,16,31,17.033333333333335,1.9019545316696167,0.18296269740412704
TOKYOTECH_s01,16,32,17.066666666666666,1.7793735265731812,-0.02120267757396152
TOKYOTECH_s01,16,33,17.1,1.1491819620132446,-0.25923291719590547
TOKYOTECH_s01,16,34,17.133333333333333,0.7096543908119202,-0.5444355286100979
TOKYOTECH_s01,16,35,17.166666666666668,0.37514564394950867,-0.8697921209619542
TOKYOTECH_s01,16,36,17.2,-0.015002956613898277,-1.2022725021245406
TOKYOTECH_s01,16,37,17.233333333333334,0.1146659329533577,-1.4848654132864822
TOKYOTECH_s01,16,38,17.266666666666666,0.17952007055282593,-1.6478882558904782
TOKYOTECH_s01,16,39,17.3,0.2367350459098816,-1.6279036971126146
TOKYOTECH_s01,16,40,17.333333333333332,0.0065757110714912415,-1.389160610728119
TOKYOTECH_s01,16,41,17.366666666666667,-0.1170291006565094,-0.9402724677615277
TOKYOTECH_s01,16,42,17.4,-0.3168286681175232,-0.3390358367635109
TOKYOTECH_s01,16,43,17.433333333333334,-0.5645108222961426,0.31834561034133185
TOKYOTECH_s01,16,44,17.466666666666665,-0.5839237570762634,0.9214255107980432
TOKYOTECH_s01,16,45,17.5,-0.8559803366661072,1.37491119818148
TOKYOTECH_s01,16,46,17.533333333333335,-0.6895332336425781,1.6223544274606188
TOKYOTECH_s01,16,47,17.566666666666666,-0.777462363243103,1.6556786668079801
TOKYOTECH_s01,16,48,17.6,-0.7201292514801025,1.5089932577723693
TOKYOTECH_s01,16,49,17.633333333333333,-0.9322932362556458,1.241839932499364
TOKYOTECH_s01,16,50,17.666666666666668,-0.6679545640945435,0.9193995816305843
TOKYOTECH_s01,16,51,17.7,0.1266365796327591,0.5957731317236293
TOKYOTECH_s01,16,52,17.733333333333334,1.4021012783050537,0.30381110693388425
TOKYOTECH_s01,16,53,17.766666666666666,1.8769500255584717,0.052504322766055024
TOKYOTECH_s01,16,54,17.8,1.3626453876495361,-0.168907357397794
TOKYOTECH_s01,16,55,17.833333333333332,1.130989670753479,-0.38203104664921284
TOKYOTECH_s01,16,56,17.866666666666667,0.7369821071624756,-0.6079790704389197
TOKYOTECH_s01,16,57,17.9,0.38073721528053284,-0.8561293539351658
TOKYOTECH_s01,16,58,17.933333333333334,0.30655068159103394,-1.1157002883427123
TOKYOTECH_s01,16,59,17.966666666666665,0.10206525027751923,-1.3528099659864565
TOKYOTECH_s01,16,60,18.0,0.36549824476242065,-1.5150016809911864
TOKYOTECH_s01,16,61,18.033333333333335,0.32096272706985474,-1.5436042519919966
TOKYOTECH_s01,16,62,18.066666666666666,-0.07406865060329437,-1.3918207088678354
TOKYOTECH_s01,16,63,18.1,-0.10194765776395798,-1.0436239298484693
TOKYOTECH_s01,16,64,18.133333333333333,-0.5174157619476318,-0.5265240346090786
TOKYOTECH_s01,16,65,18.166666666666668,-0.6842960715293884,0.08832405312346941
TOKYOTECH_s01,16,66,18.2,-0.7956151962280273,0.7013728389083147
TOKYOTECH_s01,16,67,18.233333333333334,-0.9742692112922668,1.2113723995880195
TOKYOTECH_s01,16,68,18.266666666666666,-0.8774014711380005,1.543151171543855
TOKYOTECH_s01,16,69,18.3,-0.9788369536399841,1.6650007446291433
TOKYOTECH_s01,16,70,18.333333333333332,-0.8839380741119385,1.5903058833198112
TOKYOTECH_s01,16,71,18.366666666666667,-0.9834047555923462,1.3661701908783501
TOKYOTECH_s01,16,72,18.4,-0.8951999545097351,1.0557616296033863
TOKYOTECH_s01,16,73,18.433333333333334,-0.4331093430519104,0.7206381459131632
TOKYOTECH_s01,16,74,18.466666666666665,0.6822872757911682,0.40714252280046503
TOKYOTECH_s01,16,75,18.5,2.070134162902832,0.13893994485567185
TOKYOTECH_s01,16,76,18.533333333333335,1.8788795471191406,-0.083564494575427
TOKYOTECH_s01,16,77,18.566666666666666,1.412929892539978,-0.2774179460594681
TOKYOTECH_s01,16,78,18.6,1.075940489768982,-0.46696908172477913
TOKYOTECH_s01,16,79,18.633333333333333,0.6038480401039124,-0.6724728886514425
TOKYOTECH_s01,16,80,18.666666666666668,0.3964093029499054,-0.9003195555641679
TOKYOTECH_s01,16,81,18.7,0.04973304644227028,-1.136906548161543
TOKYOTECH_s01,16,82,18.733333333333334,0.1215963065624237,-1.3476087722697254
TOKYOTECH_s01,16,83,18.766666666666666,0.22637885808944702,-1.481930519482312
TOKYOTECH_s01,16,84,18.8,0.07524942606687546,-1.485108878212385
TOKYOTECH_s01,16,85,18.833333333333332,-0.07473806291818619,-1.3147317290942866
TOKYOTECH_s01,16,86,18.866666666666667,-0.41042810678482056,-0.9584059788205662
TOKYOTECH_s01,16,87,18.9,-0.44511935114860535,-0.44590677164126613
TOKYOTECH_s01,16,88,18.933333333333334,-0.7488745450973511,0.15149367767806607
TOKYOTECH_s01,16,89,18.966666666666665,-0.836094856262207,0.7376390922066773
TOKYOTECH_s01,16,90,19.0,-0.847120463848114,1.2184244456119089
TOKYOTECH_s01,16,91,19.033333333333335,-1.0455418825149536,1.5270946000048766
TOKYOTECH_s01,16,92,19.066666666666666,-0.8565710186958313,1.6378310163130552
TOKYOTECH_s01,16,93,19.1,-0.9237877726554871,1.5649150055936576
TOKYOTECH_s01,16,94,19.133333333333333,-0.9145341515541077,1.3513928687056171
TOKYOTECH_s01,16,95,19.166666666666668,-1.0032508373260498,1.0537310258597166
TOKYOTECH_s01,16,96,19.2,-0.8240848779678345,0.7275299781502151
TOKYOTECH_s01,16,97,19.233333333333334,0.26886677742004395,0.4166888996367125
TOKYOTECH_s01,16,98,19.266666666666666,1.6491533517837524,0.14698563258710917
TOKYOTECH_s01,16,99,19.3,1.859033465385437,-0.07542758385154337
TOKYOTECH_s01,16,100,19.333333333333332,1.6606121063232422,-0.2608378428116463
TOKYOTECH_s01,16,101,19.366666666666667,1.2458921670913696,-0.4292029710951824
TOKYOTECH_s01,16,102,19.4,0.926149845123291,-0.6013956248997888
TOKYOTECH_s01,16,103,19.433333333333334,0.5682117342948914,-0.790241358451184
TOKYOTECH_s01,16,104,19.466666666666665,0.2651653289794922,-0.9932715567968765
TOKYOTECH_s01,16,105,19.5,0.25091081857681274,-1.1890818584375664
TOKYOTECH_s01,16,106,19.533333333333335,0.26886677742004395,-1.3387668026539232
TOKYOTECH_s01,16,107,19.566666666666666,0.1425449401140213,-1.3931357879569146
TOKYOTECH_s01,16,108,19.6,0.10135646164417267,-1.3053169003012262
TOKYOTECH_s01,16,109,19.633333333333333,-0.11797415465116501,-1.0466699099311843
TOKYOTECH_s01,16,110,19.666666666666668,-0.4805193841457367,-0.6217350993880943
TOKYOTECH_s01,16,111,19.7,-0.5267481207847595,-0.07612796095650083
TOKYOTECH_s01,16,112,19.733333333333334,-0.8416076898574829,0.508458545870387
TOKYOTECH_s01,16,113,19.766666666666666,-0.8542477488517761,1.0336633348188076
TOKYOTECH_s01,16,114,19.8,-0.859878659248352,1.4121557765456982
TOKYOTECH_s01,16,115,19.833333333333332,-1.0904711484909058,1.5920707189071948
TOKYOTECH_s01,16,116,19.866666666666667,-0.8701167106628418,1.568150826032528
TOKYOTECH_s01,16,117,19.9,-1.072987675666809,1.3765789932650037
TOKYOTECH_s01,16,118,19.933333333333334,-0.9670632481575012,1.0780831037835394
TOKYOTECH_s01,16,119,19.966666666666665,-1.1128767728805542,0.7377282049104912
TOKYOTECH_s01,16,120,20.0,-0.7833295464515686,0.4084612676940862
TOKYOTECH_s01,16,121,20.033333333333335,0.2120455801486969,0.12170628335422451
TOKYOTECH_s01,16,122,20.066666666666666,1.4404939413070679,-0.11449720583641022
TOKYOTECH_s01,16,123,20.1,2.056903600692749,-0.31077381599097204
TOKYOTECH_s01,16,124,20.133333333333333,1.4078896045684814,-0.4871402843818945
TOKYOTECH_s01,16,125,20.166666666666668,1.0414067506790161,-0.6619833864089769
TOKYOTECH_s01,16,126,20.2,0.7296973466873169,-0.8422807227132724
TOKYOTECH_s01,16,127,20.233333333333334,0.24539801478385925,-1.0177485782898577
TOKYOTECH_s01,16,128,20.266666666666666,0.05721469968557358,-1.1608540609308617
TOKYOTECH_s01,16,129,20.3,-0.08281037211418152,-1.2331798311814093
TOKYOTECH_s01,16,130,20.333333333333332,0.17786623537540436,-1.1965549954111574
TOKYOTECH_s01,16,131,20.366666666666667,0.09092152118682861,-1.0256478946948342
TOKYOTECH_s01,16,132,20.4,-0.060601674020290375,-0.7182724308858796
TOKYOTECH_s01,16,133,20.433333333333334,-0.21389684081077576,-0.30035728406426915
TOKYOTECH_s01,16,134,20.466666666666665,-0.45512115955352783,0.17616031949994004
TOKYOTECH_s01,16,135,20.5,-0.740211546421051,0.6425240302067553
TOKYOTECH_s01,16,136,20.533333333333335,-0.7863221764564514,1.0274871254625098
TOKYOTECH_s01,16,137,20.566666666666666,-0.9841922521591187,1.2732453491772582
TOKYOTECH_s01,16,138,20.6,-1.000691294670105,1.3487964055381914
TOKYOTECH_s01,16,139,20.633333333333333,-1.0614895820617676,1.2570238455489684
TOKYOTECH_s01,16,140,20.666666666666668,-0.962692379951477,1.0332768455483494
TOKYOTECH_s01,16,141,20.7,-1.0673173666000366,0.7354326424524669
TOKYOTECH_s01,16,142,20.733333333333334,-1.0237269401550293,0.4279112602685945
TOKYOTECH_s01,16,143,20.766666666666666,-1.1095690727233887,0.1641206911894029
TOKYOTECH_s01,16,144,20.8,-0.17648856341838837,-0.02740670816129829
TOKYOTECH_s01,16,145,20.833333333333332,1.120357871055603,-0.14880476048897573
TOKYOTECH_s01,16,146,20.866666666666667,1.7857131958007812,-0.22865133886040126
TOKYOTECH_s01,16,147,20.9,1.6374189853668213,-0.30903455371944344
TOKYOTECH_s01,16,148,20.933333333333334,1.2020260095596313,-0.4281126046246254
TOKYOTECH_s01,16,149,20.966666666666665,0.7969534993171692,-0.6038376192180889
TOKYOTECH_s01,16,150,21.0,0.33773738145828247,-0.82400265247731
TOKYOTECH_s01,16,151,21.033333333333335,0.03197396174073219,-1.0457176805728934
TOKYOTECH_s01,16,152,21.066666666666666,-0.13352811336517334,-1.2047372864210733
TOKYOTECH_s01,16,153,21.1,0.14400190114974976,-1.2325795944368174
TOKYOTECH_s01,16,154,21.133333333333333,0.22484314441680908,-1.07752612270102
TOKYOTECH_s01,16,155,21.166666666666668,-0.049536701291799545,-0.724289331082831
TOKYOTECH_s01,16,156,21.2,-0.2783178389072418,-0.20635189446676547
TOKYOTECH_s01,16,157,21.233333333333334,-0.3986149728298187,0.3947784552099845
TOKYOTECH_s01,16,158,21.266666666666666,-0.7108362317085266,0.9667194619093866
TOKYOTECH_s01,16,159,21.3,-0.8265656232833862,1.3969672307868712
TOKYOTECH_s01,16,160,21.333333333333332,-0.8268412351608276,1.6062772341557159
TOKYOTECH_s01,16,161,21.366666666666667,-0.9850585460662842,1.570444163502617
TOKYOTECH_s01,16,162,21.4,-1.082083821296692,1.3223226915569697
TOKYOTECH_s01,16,163,21.433333333333334,-0.9821840524673462,0.936103139555488
TOKYOTECH_s01,16,164,21.466666666666665,-0.8116810917854309,0.5024250429839928
TOKYOTECH_s01,16,165,21.5,-0.9876968264579773,0.10370531525410281
TOKYOTECH_s01,16,166,21.533333333333335,-0.39188146591186523,-0.20398102206365487
TOKYOTECH_s01,16,167,21.566666666666666,0.8897653818130493,-0.3999048920052956
TOKYOTECH_s01,16,168,21.6,1.7964237928390503,-0.49833517015756246
TOKYOTECH_s01,16,169,21.633333333333333,1.609067440032959,-0.5396729599262537
TOKYOTECH_s01,16,170,21.666666666666668,1.3902881145477295,-0.5749432914803627
TOKYOTECH_s01,16,171,21.7,0.8992158770561218,-0.647012413018756
TOKYOTECH_s01,16,172,21.733333333333334,0.39132964611053467,-0.7734623618992535
TOKYOTECH_s01,16,173,21.766666666666666,-0.08076276630163193,-0.9367419852699355
TOKYOTECH_s01,16,174,21.8,0.027524344623088837,-1.08602947422989
TOKYOTECH_s01,16,175,21.833333333333332,0.04280267283320427,-1.1517990937644804
TOKYOTECH_s01,16,176,21.866666666666667,0.12218696624040604,-1.0692623082815944
TOKYOTECH_s01,16,177,21.9,-0.021145788952708244,-0.8030332587347251
TOKYOTECH_s01,16,178,21.933333333333334,-0.12167560309171677,-0.3645154466350402
TOKYOTECH_s01,16,179,21.966666666666665,-0.4967821538448334,0.18465560452095325
TOKYOTECH_s01,16,180,22.0,-0.6155829429626465,0.7460691591967356
TOKYOTECH_s01,16,181,22.033333333333335,-0.776556670665741,1.211965082731281
TOKYOTECH_s01,16,182,22.066666666666666,-0.8099878430366516,1.4968862336109858
TOKYOTECH_s01,16,183,22.1,-1.0505427122116089,1.560972664858555
TOKYOTECH_s01,16,184,22.133333333333333,-0.9556832313537598,1.4166253038937913
TOKYOTECH_s01,16,185,22.166666666666668,-0.915439784526825,1.1183021309240098
TOKYOTECH_s01,16,186,22.2,-0.9191806316375732,0.7415245244045845
TOKYOTECH_s01,16,187,22.233333333333334,-1.0443605184555054,0.3595570836717367
TOKYOTECH_s01,16,188,22.266666666666666,-0.15175972878932953,0.02515004281694391
TOKYOTECH_s01,16,189,22.3,1.0239626169204712,-0.2381986003186451
TOKYOTECH_s01,16,190,22.333333333333332,1.8697046041488647,-0.43432422642366936
TOKYOTECH_s01,16,191,22.366666666666667,1.7851225137710571,-0.5840203778483976
TOKYOTECH_s01,16,192,22.4,1.5302737951278687,-0.7112270532842411
TOKYOTECH_s01,16,193,22.433333333333334,0.9546588659286499,-0.8312192584307954
TOKYOTECH_s01,16,194,22.466666666666665,0.5126899480819702,-0.943646337735626
TOKYOTECH_s01,16,195,22.5,0.00992276705801487,-1.0305910087041936
TOKYOTECH_s01,16,196,22.533333333333335,0.02854814939200878,-1.059560033954463
TOKYOTECH_s01,16,197,22.566666666666666,-0.07308422774076462,-0.9919527212759781
TOKYOTECH_s01,16,198,22.6,0.09840317815542221,-0.7965201746719782
TOKYOTECH_s01,16,199,22.633333333333333,0.09237848222255707,-0.46452313759288183
TOKYOTECH_s01,16,200,22.666666666666668,-0.07513183355331421,-0.02060369576354063
TOKYOTECH_s01,16,201,22.7,-0.4142870604991913,0.4766627088266443
TOKYOTECH_s01,16,202,22.733333333333334,-0.6440132260322571,0.94680066916088
TOKYOTECH_s01,16,203,22.766666666666666,-0.7276896238327026,1.3085069219742693
TOKYOTECH_s01,16,204,22.8,-0.86885666847229,1.5016962051706306
TOKYOTECH_s01,16,205,22.833333333333332,-1.0040383338928223,1.5021482974922749
TOKYOTECH_s01,16,206,22.866666666666667,-1.003132700920105,1.3246004099799527
TOKYOTECH_s01,16,207,22.9,-1.0070704221725464,1.0153063531022153
TOKYOTECH_s01,16,208,22.933333333333334,-0.9005946516990662,0.6377482368489855
TOKYOTECH_s01,16,209,22.966666666666665,-0.7434405088424683,0.25575428369409
TOKYOTECH_s01,16,210,23.0,0.15108978748321533,-0.0815605057241749
TOKYOTECH_s01,16,211,23.033333333333335,1.4447466135025024,-0.3489454766287747
TOKYOTECH_s01,16,212,23.066666666666666,1.8743118047714233,-0.5457759584951569
TOKYOTECH_s01,16,213,23.1,1.7008554935455322,-0.688754998102052
TOKYOTECH_s01,16,214,23.133333333333333,1.280662178993225,-0.799928493663261
TOKYOTECH_s01,16,215,23.166666666666668,0.8584999442100525,-0.8950615615235814
TOKYOTECH_s01,16,216,23.2,0.4505528509616852,-0.9766699757280971
TOKYOTECH_s01,16,217,23.233333333333334,0.06178244948387146,-1.0333414291312355
TOKYOTECH_s01,16,218,23.266666666666666,-0.04205504432320595,-1.044063774539517
TOKYOTECH_s01,16,219,23.3,0.06969725340604782,-0.9850335270491024
TOKYOTECH_s01,16,220,23.333333333333332,0.044180870056152344,-0.8373380802699639
TOKYOTECH_s01,16,221,23.366666666666667,0.004803739953786135,-0.5948970176699117
TOKYOTECH_s01,16,222,23.4,-0.17731548845767975,-0.27124526275921496
TOKYOTECH_s01,16,223,23.433333333333334,-0.4448043406009674,0.09782377936180463
TOKYOTECH_s01,16,224,23.466666666666665,-0.5474604964256287,0.45880391929255104
TOKYOTECH_s01,16,225,23.5,-0.7083160877227783,0.7525943027002607
TOKYOTECH_s01,16,226,23.533333333333335,-0.8378275036811829,0.9301980232605731
TOKYOTECH_s01,16,227,23.566666666666666,-0.8758264183998108,0.9655323719248801
TOKYOTECH_s01,16,228,23.6,-0.9516667723655701,0.8607271726423835
TOKYOTECH_s01,16,229,23.633333333333333,-0.9515880346298218,0.6433340122178698
TOKYOTECH_s01,16,230,23.666666666666668,-0.9483197331428528,0.3578103003947101
TOKYOTECH_s01,16,231,23.7,-0.44878143072128296,0.054724611915225596
TOKYOTECH_s01,16,232,23.733333333333334,0.7538354992866516,-0.21904260122333014
TOKYOTECH_s01,16,233,23.766666666666666,1.701682448387146,-0.4270083891596961
TOKYOTECH_s01,16,234,23.8,1.6989654302597046,-0.5463666497124561
TOKYOTECH_s01,16,235,23.833333333333332,1.273534893989563,-0.5686462370421392
TOKYOTECH_s01,16,236,23.866666666666667,0.8655878305435181,-0.4984673253932186
TOKYOTECH_s01,16,237,23.9,0.5256844162940979,-0.35076682086042066
TOKYOTECH_s01,16,238,23.933333333333334,0.22988341748714447,-0.14722541494634592
TOKYOTECH_s01,16,239,23.966666666666665,-0.006930644623935223,0.08692478605048437
TOKYOTECH_s01,17,0,17.0,1.5013315677642822,-0.1028394101099366
TOKYOTECH_s01,17,1,17.033333333333335,1.9019545316696167,-0.38944752986652204
TOKYOTECH_s01,17,2,17.066666666666666,1.7793735265731812,-0.6643894382869723
TOKYOTECH_s01,17,3,17.1,1.1491819620132446,-0.9210691754340351
TOKYOTECH_s01,17,4,17.133333333333333,0.7096543908119202,-1.154792889232372
TOKYOTECH_s01,17,5,17.166666666666668,0.37514564394950867,-1.359998610273797
TOKYOTECH_s01,17,6,17.2,-0.015002956613898277,-1.5254618291395652
TOKYOTECH_s01,17,7,17.233333333333334,0.1146659329533577,-1.630918722883762
TOKYOTECH_s01,17,8,17.266666666666666,0.17952007055282593,-1.6484828412278933
TOKYOTECH_s01,17,9,17.3,0.2367350459098816,-1.5497751486902864
TOKYOTECH_s01,17,10,17.333333333333332,0.0065757110714912415,-1.3167512654689573
TOKYOTECH_s01,17,11,17.366666666666667,-0.1170291006565094,-0.9520739082652322
TOKYOTECH_s01,17,12,17.4,-0.3168286681175232,-0.48432776706294595
TOKYOTECH_s01,17,13,17.433333333333334,-0.5645108222961426,0.03499873503404532
TOKYOTECH_s01,17,14,17.466666666666665,-0.5839237570762634,0.5423710604465732
TOKYOTECH_s01,17,15,17.5,-0.8559803366661072,0.9769564585818665
TOKYOTECH_s01,17,16,17.533333333333335,-0.6895332336425781,1.2936779710108528
TOKYOTECH_s01,17,17,17.566666666666666,-0.777462363243103,1.4702358142835503
TOKYOTECH_s01,17,18,17.6,-0.7201292514801025,1.507139468336813
TOKYOTECH_s01,17,19,17.633333333333333,-0.9322932362556458,1.4227852051901246
TOKYOTECH_s01,17,20,17.666666666666668,-0.6679545640945435,1.246288952549565
TOKYOTECH_s01,17,21,17.7,0.1266365796327591,1.009919529701884
TOKYOTECH_s01,17,22,17.733333333333334,1.4021012783050537,0.742255663854162
TOKYOTECH_s01,17,23,17.766666666666666,1.8769500255584717,0.4630976808785166
TOKYOTECH_s01,17,24,17.8,1.3626453876495361,0.18129596223541428
TOKYOTECH_s01,17,25,17.833333333333332,1.130989670753479,-0.10356302888904008
TOKYOTECH_s01,17,26,17.866666666666667,0.7369821071624756,-0.3955914173844279
TOKYOTECH_s01,17,27,17.9,0.38073721528053284,-0.6945428667674098
TOKYOTECH_s01,17,28,17.933333333333334,0.30655068159103394,-0.9879741328300884
TOKYOTECH_s01,17,29,17.966666666666665,0.10206525027751923,-1.2469546337412678
TOKYOTECH_s01,17,30,18.0,0.36549824476242065,-1.4281048872701576
TOKYOTECH_s01,17,31,18.033333333333335,0.32096272706985474,-1.4829154438934877
TOKYOTECH_s01,17,32,18.066666666666666,-0.07406865060329437,-1.3725410033529386
TOKYOTECH_s01,17,33,18.1,-0.10194765776395798,-1.0834109111926045
TOKYOTECH_s01,17,34,18.133333333333333,-0.5174157619476318,-0.637352551384479
TOKYOTECH_s01,17,35,18.166666666666668,-0.6842960715293884,-0.09101212512637841
TOKYOTECH_s01,17,36,18.2,-0.7956151962280273,0.4764659948915038
TOKYOTECH_s01,17,37,18.233333333333334,-0.9742692112922668,0.9831657650085112
TOKYOTECH_s01,17,38,18.266666666666666,-0.8774014711380005,1.3636380341043979
TOKYOTECH_s01,17,39,18.3,-0.9788369536399841,1.580559791166421
TOKYOTECH_s01,17,40,18.333333333333332,-0.8839380741119385,1.626686350321513
TOKYOTECH_s01,17,41,18.366666666666667,-0.9834047555923462,1.5198422754437868
TOKYOTECH_s01,17,42,18.4,-0.8951999545097351,1.2947780412095027
TOKYOTECH_s01,17,43,18.433333333333334,-0.4331093430519104,0.9941617592430747
TOKYOTECH_s01,17,44,18.466666666666665,0.6822872757911682,0.6597006794126915
TOKYOTECH_s01,17,45,18.5,2.070134162902832,0.3243502047781585
TOKYOTECH_s01,17,46,18.533333333333335,1.8788795471191406,0.007151028784404977
TOKYOTECH_s01,17,47,18.566666666666666,1.412929892539978,-0.28764486118597954
TOKYOTECH_s01,17,48,18.6,1.075940489768982,-0.5665175562043505
TOKYOTECH_s01,17,49,18.633333333333333,0.6038480401039124,-0.8387663158947355
TOKYOTECH_s01,17,50,18.666666666666668,0.3964093029499054,-1.1072788066639794
TOKYOTECH_s01,17,51,18.7,0.04973304644227028,-1.3610819333811333
TOKYOTECH_s01,17,52,18.733333333333334,0.1215963065624237,-1.5722933886124202
TOKYOTECH_s01,17,53,18.766666666666666,0.22637885808944702,-1.6989947400390257
TOKYOTECH_s01,17,54,18.8,0.07524942606687546,-1.6942706322277556
TOKYOTECH_s01,17,55,18.833333333333332,-0.07473806291818619,-1.520183751188149
TOKYOTECH_s01,17,56,18.866666666666667,-0.41042810678482056,-1.1635421175680596
TOKYOTECH_s01,17,57,18.9,-0.44511935114860535,-0.6478843112809289
TOKYOTECH_s01,17,58,18.933333333333334,-0.7488745450973511,-0.034670150567200096
TOKYOTECH_s01,17,59,18.966666666666665,-0.836094856262207,0.5900555746464338
TOKYOTECH_s01,17,60,19.0,-0.847120463848114,1.1388570330089298
TOKYOTECH_s01,17,61,19.033333333333335,-1.0455418825149536,1.5449787841420706
TOKYOTECH_s01,17,62,19.066666666666666,-0.8565710186958313,1.7742885928371979
TOKYOTECH_s01,17,63,19.1,-0.9237877726554871,1.825187168000823
TOKYOTECH_s01,17,64,19.133333333333333,-0.9145341515541077,1.7203202258184773
TOKYOTECH_s01,17,65,19.166666666666668,-1.0032508373260498,1.4956980550736343
TOKYOTECH_s01,17,66,19.2,-0.8240848779678345,1.1913134569811485
TOKYOTECH_s01,17,67,19.233333333333334,0.26886677742004395,0.844622327966739
TOKYOTECH_s01,17,68,19.266666666666666,1.6491533517837524,0.48636700079054945
TOKYOTECH_s01,17,69,19.3,1.859033465385437,0.13796956783313993
TOKYOTECH_s01,17,70,19.333333333333332,1.6606121063232422,-0.18941124298797332
TOKYOTECH_s01,17,71,19.366666666666667,1.2458921670913696,-0.49340687719495663
TOKYOTECH_s01,17,72,19.4,0.926149845123291,-0.7762926188770742
TOKYOTECH_s01,17,73,19.433333333333334,0.5682117342948914,-1.0391166989214486
TOKYOTECH_s01,17,74,19.466666666666665,0.2651653289794922,-1.2759590945869774
TOKYOTECH_s01,17,75,19.5,0.25091081857681274,-1.4702623788128437
TOKYOTECH_s01,17,76,19.533333333333335,0.26886677742004395,-1.5945675419750347
TOKYOTECH_s01,17,77,19.566666666666666,0.1425449401140213,-1.6143405931286194
TOKYOTECH_s01,17,78,19.6,0.10135646164417267,-1.4961574330004113
TOKYOTECH_s01,17,79,19.633333333333333,-0.11797415465116501,-1.2194835017734893
TOKYOTECH_s01,17,80,19.666666666666668,-0.4805193841457367,-0.7890916804045628
TOKYOTECH_s01,17,81,19.7,-0.5267481207847595,-0.24285772561601351
TOKYOTECH_s01,17,82,19.733333333333334,-0.8416076898574829,0.3506681879712243
TOKYOTECH_s01,17,83,19.766666666666666,-0.8542477488517761,0.9069171834887835
TOKYOTECH_s01,17,84,19.8,-0.859878659248352,1.3474201642056995
TOKYOTECH_s01,17,85,19.833333333333332,-1.0904711484909058,1.6198214059894787
TOKYOTECH_s01,17,86,19.866666666666667,-0.8701167106628418,1.7076316817862256
TOKYOTECH_s01,17,87,19.9,-1.072987675666809,1.627551762665393
TOKYOTECH_s01,17,88,19.933333333333334,-0.9670632481575012,1.4181921516256593
TOKYOTECH_s01,17,89,19.966666666666665,-1.1128767728805542,1.1265338060384065
TOKYOTECH_s01,17,90,20.0,-0.7833295464515686,0.7968191916882724
TOKYOTECH_s01,17,91,20.033333333333335,0.2120455801486969,0.46342459371324
TOKYOTECH_s01,17,92,20.066666666666666,1.4404939413070679,0.14757361259945823
TOKYOTECH_s01,17,93,20.1,2.056903600692749,-0.14242332331544838
TOKYOTECH_s01,17,94,20.133333333333333,1.4078896045684814,-0.40771269762266826
TOKYOTECH_s01,17,95,20.166666666666668,1.0414067506790161,-0.6530376405146527
TOKYOTECH_s01,17,96,20.2,0.7296973466873169,-0.880158789064668
TOKYOTECH_s01,17,97,20.233333333333334,0.24539801478385925,-1.082713978504424
TOKYOTECH_s01,17,98,20.266666666666666,0.05721469968557358,-1.2441969561556103
TOKYOTECH_s01,17,99,20.3,-0.08281037211418152,-1.3397565055048262
TOKYOTECH_s01,17,100,20.333333333333332,0.17786623537540436,-1.3416319961389236
TOKYOTECH_s01,17,101,20.366666666666667,0.09092152118682861,-1.2271197875352722
TOKYOTECH_s01,17,102,20.4,-0.060601674020290375,-0.9869333991816377
TOKYOTECH_s01,17,103,20.433333333333334,-0.21389684081077576,-0.6314141097189732
TOKYOTECH_s01,17,104,20.466666666666665,-0.45512115955352783,-0.19273730438435954
TOKYOTECH_s01,17,105,20.5,-0.740211546421051,0.27776185416178883
TOKYOTECH_s01,17,106,20.533333333333335,-0.7863221764564514,0.7174211420884795
TOKYOTECH_s01,17,107,20.566666666666666,-0.9841922521591187,1.0645340971379766
TOKYOTECH_s01,17,108,20.6,-1.000691294670105,1.272433043989474
TOKYOTECH_s01,17,109,20.633333333333333,-1.0614895820617676,1.3210244465882763
TOKYOTECH_s01,17,110,20.666666666666668,-0.962692379951477,1.2215227968909101
TOKYOTECH_s01,17,111,20.7,-1.0673173666000366,1.0122694683715183
TOKYOTECH_s01,17,112,20.733333333333334,-1.0237269401550293,0.7467868095724992
TOKYOTECH_s01,17,113,20.766666666666666,-1.1095690727233887,0.47801583425332067
TOKYOTECH_s01,17,114,20.8,-0.17648856341838837,0.2437806123927485
TOKYOTECH_s01,17,115,20.833333333333332,1.120357871055603,0.05791443597897996
TOKYOTECH_s01,17,116,20.866666666666667,1.7857131958007812,-0.09026339444967581
TOKYOTECH_s01,17,117,20.9,1.6374189853668213,-0.22795929107323237
TOKYOTECH_s01,17,118,20.933333333333334,1.2020260095596313,-0.38505278107186075
TOKYOTECH_s01,17,119,20.966666666666665,0.7969534993171692,-0.5790974490603404
TOKYOTECH_s01,17,120,21.0,0.33773738145828247,-0.8043136280028154
TOKYOTECH_s01,17,121,21.033333333333335,0.03197396174073219,-1.0283266479986406
TOKYOTECH_s01,17,122,21.066666666666666,-0.13352811336517334,-1.197854794526516
TOKYOTECH_s01,17,123,21.1,0.14400190114974976,-1.2520953714709864
TOKYOTECH_s01,17,124,21.133333333333333,0.22484314441680908,-1.1409515713424105
TOKYOTECH_s01,17,125,21.166666666666668,-0.049536701291799545,-0.8438800987119432
TOKYOTECH_s01,17,126,21.2,-0.2783178389072418,-0.3835888324131588
TOKYOTECH_s01,17,127,21.233333333333334,-0.3986149728298187,0.17177390843287613
TOKYOTECH_s01,17,128,21.266666666666666,-0.7108362317085266,0.7220952521643376
TOKYOTECH_s01,17,129,21.3,-0.8265656232833862,1.1624948970157325
TOKYOTECH_s01,17,130,21.333333333333332,-0.8268412351608276,1.4143569691632336
TOKYOTECH_s01,17,131,21.366666666666667,-0.9850585460662842,1.4469399863421817
TOKYOTECH_s01,17,132,21.4,-1.082083821296692,1.281464490845783
TOKYOTECH_s01,17,133,21.433333333333334,-0.9821840524673462,0.9787202312869443
TOKYOTECH_s01,17,134,21.466666666666665,-0.8116810917854309,0.6174894654645066
TOKYOTECH_s01,17,135,21.5,-0.9876968264579773,0.2721896284643002
TOKYOTECH_s01,17,136,21.533333333333335,-0.39188146591186523,-0.004418830848127877
TOKYOTECH_s01,17,137,21.566666666666666,0.8897653818130493,-0.19089654484283072
TOKYOTECH_s01,17,138,21.6,1.7964237928390503,-0.2984357928030014
TOKYOTECH_s01,17,139,21.633333333333333,1.609067440032959,-0.36379094361707554
TOKYOTECH_s01,17,140,21.666666666666668,1.3902881145477295,-0.43479174517106683
TOKYOTECH_s01,17,141,21.7,0.8992158770561218,-0.5513954810446597
TOKYOTECH_s01,17,142,21.733333333333334,0.39132964611053467,-0.7277016182442553
TOKYOTECH_s01,17,143,21.766666666666666,-0.08076276630163193,-0.9415593722014451
TOKYOTECH_s01,17,144,21.8,0.027524344623088837,-1.136807675512472
TOKYOTECH_s01,17,145,21.833333333333332,0.04280267283320427,-1.2389171391383416
TOKYOTECH_s01,17,146,21.866666666666667,0.12218696624040604,-1.1795401089807078
TOKYOTECH_s01,17,147,21.9,-0.021145788952708244,-0.9218498630391984
TOKYOTECH_s01,17,148,21.933333333333334,-0.12167560309171677,-0.4781960026437368
TOKYOTECH_s01,17,149,21.966666666666665,-0.4967821538448334,0.08645475912567889
TOKYOTECH_s01,17,150,22.0,-0.6155829429626465,0.6685955569753832
TOKYOTECH_s01,17,151,22.033333333333335,-0.776556670665741,1.1552983497719396
TOKYOTECH_s01,17,152,22.066666666666666,-0.8099878430366516,1.4581667559022096
TOKYOTECH_s01,17,153,22.1,-1.0505427122116089,1.5381190675978962
TOKYOTECH_s01,17,154,22.133333333333333,-0.9556832313537598,1.411531265932921
TOKYOTECH_s01,17,155,22.166666666666668,-0.915439784526825,1.1375730287190415
TOKYOTECH_s01,17,156,22.2,-0.9191806316375732,0.7942001326925909
TOKYOTECH_s01,17,157,22.233333333333334,-1.0443605184555054,0.4529576085412307
TOKYOTECH_s01,17,158,22.266666666666666,-0.15175972878932953,0.16070276254795898
TOKYOTECH_s01,17,159,22.3,1.0239626169204712,-0.06775315061400682
TOKYOTECH_s01,17,160,22.333333333333332,1.8697046041488647,-0.24570793893255394
TOKYOTECH_s01,17,161,22.366666666666667,1.7851225137710571,-0.4019277567558226
TOKYOTECH_s01,17,162,22.4,1.5302737951278687,-0.5644660704702025
TOKYOTECH_s01,17,163,22.433333333333334,0.9546588659286499,-0.7468363248394813
TOKYOTECH_s01,17,164,22.466666666666665,0.5126899480819702,-0.9404443996535538
TOKYOTECH_s01,17,165,22.5,0.00992276705801487,-1.1143536523811592
TOKYOTECH_s01,17,166,22.533333333333335,0.02854814939200878,-1.2218689456022425
TOKYOTECH_s01,17,167,22.566666666666666,-0.07308422774076462,-1.2128572353799985
TOKYOTECH_s01,17,168,22.6,0.09840317815542221,-1.0498692223172315
TOKYOTECH_s01,17,169,22.633333333333333,0.09237848222255707,-0.7243255053055245
TOKYOTECH_s01,17,170,22.666666666666668,-0.07513183355331421,-0.2669733615534564
TOKYOTECH_s01,17,171,22.7,-0.4142870604991913,0.2533608646539722
TOKYOTECH_s01,17,172,22.733333333333334,-0.6440132260322571,0.7452882799476725
TOKYOTECH_s01,17,173,22.766666666666666,-0.7276896238327026,1.1207650820295245
TOKYOTECH_s01,17,174,22.8,-0.86885666847229,1.3212075730550676
TOKYOTECH_s01,17,175,22.833333333333332,-1.0040383338928223,1.3325105046993988
TOKYOTECH_s01,17,176,22.866666666666667,-1.003132700920105,1.1837265057232749
TOKYOTECH_s01,17,177,22.9,-1.0070704221725464,0.9324518249257525
TOKYOTECH_s01,17,178,22.933333333333334,-0.9005946516990662,0.6444529172738521
TOKYOTECH_s01,17,179,22.966666666666665,-0.7434405088424683,0.3748639218093765
TOKYOTECH_s01,17,180,23.0,0.15108978748321533,0.15565151210772044
TOKYOTECH_s01,17,181,23.033333333333335,1.4447466135025024,-0.008718368439335388
TOKYOTECH_s01,17,182,23.066666666666666,1.8743118047714233,-0.13725863959000234
TOKYOTECH_s01,17,183,23.1,1.7008554935455322,-0.2613718774071829
TOKYOTECH_s01,17,184,23.133333333333333,1.280662178993225,-0.4098773210926049
TOKYOTECH_s01,17,185,23.166666666666668,0.8584999442100525,-0.5949935834398155
TOKYOTECH_s01,17,186,23.2,0.4505528509616852,-0.8042465937272283
TOKYOTECH_s01,17,187,23.233333333333334,0.06178244948387146,-1.001251111618464
TOKYOTECH_s01,17,188,23.266666666666666,-0.04205504432320595,-1.134842479456437
TOKYOTECH_s01,17,189,23.3,0.06969725340604782,-1.1533484774472158
TOKYOTECH_s01,17,190,23.333333333333332,0.044180870056152344,-1.0203238158638095
TOKYOTECH_s01,17,191,23.366666666666667,0.004803739953786135,-0.7284614346187351
TOKYOTECH_s01,17,192,23.4,-0.17731548845767975,-0.3079937065661032
TOKYOTECH_s01,17,193,23.433333333333334,-0.4448043406009674,0.17468942581060432
TOKYOTECH_s01,17,194,23.466666666666665,-0.5474604964256287,0.6312038599222811
TOKYOTECH_s01,17,195,23.5,-0.7083160877227783,0.9760800514166561
TOKYOTECH_s01,17,196,23.533333333333335,-0.8378275036811829,1.153059795678889
TOKYOTECH_s01,17,197,23.566666666666666,-0.8758264183998108,1.1505028927466285
TOKYOTECH_s01,17,198,23.6,-0.9516667723655701,0.9993939154838648
TOKYOTECH_s01,17,199,23.633333333333333,-0.9515880346298218,0.7569510020935589
TOKYOTECH_s01,17,200,23.666666666666668,-0.9483197331428528,0.4847408377166693
TOKYOTECH_s01,17,201,23.7,-0.44878143072128296,0.23042428196686982
TOKYOTECH_s01,17,202,23.733333333333334,0.7538354992866516,0.018576712921280773
TOKYOTECH_s01,17,203,23.766666666666666,1.701682448387146,-0.1487613604715221
TOKYOTECH_s01,17,204,23.8,1.6989654302597046,-0.2846366230220065
TOKYOTECH_s01,17,205,23.833333333333332,1.273534893989563,-0.40688727903605226
TOKYOTECH_s01,17,206,23.866666666666667,0.8655878305435181,-0.5284126993240463
TOKYOTECH_s01,17,207,23.9,0.5256844162940979,-0.6502164601251076
TOKYOTECH_s01,17,208,23.933333333333334,0.22988341748714447,-0.7586582680155306
TOKYOTECH_s01,17,209,23.966666666666665,-0.006930644623935223,-0.8278154386196241
TOKYOTECH_s01,17,210,24.0,0.12687285244464874,-0.8268820787616545
TOKYOTECH_s01,17,211,24.033333333333335,0.19818483293056488,-0.7309225178641761
TOKYOTECH_s01,17,212,24.066666666666666,-0.0025597834028303623,-0.5315390384497887
TOKYOTECH_s01,17,213,24.1,-0.09167023003101349,-0.24322032937371002
TOKYOTECH_s01,17,214,24.133333333333333,-0.29434433579444885,0.09775693553140188
TOKYOTECH_s01,17,215,24.166666666666668,-0.3885737955570221,0.44203998980079423
TOKYOTECH_s01,17,216,24.2,-0.5962094068527222,0.740157349302984
TOKYOTECH_s01,17,217,24.233333333333334,-0.6949278712272644,0.9545695914619307
TOKYOTECH_s01,17,218,24.266666666666666,-0.7543085813522339,1.0668769275849717
TOKYOTECH_s01,17,219,24.3,-0.8746451139450073,1.0788914220551828
TOKYOTECH_s01,17,220,24.333333333333332,-0.9473353028297424,1.008267142099599
TOKYOTECH_s01,17,221,24.366666666666667,-0.9871849417686462,0.8805118635216648
TOKYOTECH_s01,17,222,24.4,-0.7256814241409302,0.720026410509861
TOKYOTECH_s01,17,223,24.433333333333334,0.2818218469619751,0.5431705119157705
TOKYOTECH_s01,17,224,24.466666666666665,1.4838480949401855,0.35577790755607397
TOKYOTECH_s01,17,225,24.5,1.9927581548690796,0.15591198238914838
TOKYOTECH_s01,17,226,24.533333333333335,1.5750062465667725,-0.0595658674780136
TOKYOTECH_s01,17,227,24.566666666666666,1.0625522136688232,-0.28772100584223026
TOKYOTECH_s01,17,228,24.6,0.5598244071006775,-0.5148684308792623
TOKYOTECH_s01,17,229,24.633333333333333,0.12998363375663757,-0.7165841650994228
TOKYOTECH_s01,17,230,24.666666666666668,-0.09895499795675278,-0.8626247676681396
TOKYOTECH_s01,17,231,24.7,-0.015948006883263588,-0.9253798553846649
TOKYOTECH_s01,17,232,24.733333333333334,0.17617301642894745,-0.8896258029110772
TOKYOTECH_s01,17,233,24.766666666666666,0.22263802587985992,-0.7607976821119097
TOKYOTECH_s01,17,234,24.8,0.02362600900232792,-0.5684206653030904
TOKYOTECH_s01,17,235,24.833333333333332,-0.2310652732849121,-0.36141285007085694
TOKYOTECH_s01,17,236,24.866666666666667,-0.40873488783836365,-0.19390100304892788
TOKYOTECH_s01,17,237,24.9,-0.6077862977981567,-0.1049024998443382
TOKYOTECH_s01,17,238,24.933333333333334,-0.7230431437492371,-0.10097663303348282
TOKYOTECH_s01,17,239,24.966666666666665,-0.792189359664917,-0.152069129798909
TOKYOTECH_s01,18,0,18.0,0.36549824476242065,0.07861775313392937
TOKYOTECH_s01,18,1,18.033333333333335,0.32096272706985474,-0.24446601378253663
TOKYOTECH_s01,18,2,18.066666666666666,-0.07406865060329437,-0.4906945538439298
TOKYOTECH_s01,18,3,18.1,-0.10194765776395798,-0.5979962782539175
TOKYOTECH_s01,18,4,18.133333333333333,-0.5174157619476318,-0.5335750573692469
TOKYOTECH_s01,18,5,18.166666666666668,-0.6842960715293884,-0.30161937815065687
TOKYOTECH_s01,18,6,18.2,-0.7956151962280273,0.05754018260028472
TOKYOTECH_s01,18,7,18.233333333333334,-0.9742692112922668,0.4772492008713781
TOKYOTECH_s01,18,8,18.266666666666666,-0.8774014711380005,0.8805001983770284
TOKYOTECH_s01,18,9,18.3,-0.9788369536399841,1.1971295466596115
TOKYOTECH_s01,18,10,18.333333333333332,-0.8839380741119385,1.37765392753828
TOKYOTECH_s01,18,11,18.366666666666667,-0.9834047555923462,1.4010342744292765
TOKYOTECH_s01,18,12,18.4,-0.8951999545097351,1.275531610663562
TOKYOTECH_s01,18,13,18.433333333333334,-0.4331093430519104,1.0332728954164891
TOKYOTECH_s01,18,14,18.466666666666665,0.6822872757911682,0.7203183665614552
TOKYOTECH_s01,18,15,18.5,2.070134162902832,0.38482085704817187
TOKYOTECH_s01,18,16,18.533333333333335,1.8788795471191406,0.06611286476063255
TOKYOTECH_s01,18,17,18.566666666666666,1.412929892539978,-0.21277177829243688
TOKYOTECH_s01,18,18,18.6,1.075940489768982,-0.4474493479023732
TOKYOTECH_s01,18,19,18.633333333333333,0.6038480401039124,-0.6488538350736729
TOKYOTECH_s01,18,20,18.666666666666668,0.3964093029499054,-0.8349718486151148
TOKYOTECH_s01,18,21,18.7,0.04973304644227028,-1.0197871613674565
TOKYOTECH_s01,18,22,18.733333333333334,0.1215963065624237,-1.202807489491852
TOKYOTECH_s01,18,23,18.766666666666666,0.22637885808944702,-1.3630810159574442
TOKYOTECH_s01,18,24,18.8,0.07524942606687546,-1.4609030811028292
TOKYOTECH_s01,18,25,18.833333333333332,-0.07473806291818619,-1.4482782134462828
TOKYOTECH_s01,18,26,18.866666666666667,-0.41042810678482056,-1.2859376918194627
TOKYOTECH_s01,18,27,18.9,-0.44511935114860535,-0.9611302181598725
TOKYOTECH_s01,18,28,18.933333333333334,-0.7488745450973511,-0.49827100079592723
TOKYOTECH_s01,18,29,18.966666666666665,-0.836094856262207,0.0434674575919602
TOKYOTECH_s01,18,30,19.0,-0.847120463848114,0.585099654075704
TOKYOTECH_s01,18,31,19.033333333333335,-1.0455418825149536,1.0484463229613559
TOKYOTECH_s01,18,32,19.066666666666666,-0.8565710186958313,1.374001642654001
TOKYOTECH_s01,18,33,19.1,-0.9237877726554871,1.5308011496129885
TOKYOTECH_s01,18,34,19.133333333333333,-0.9145341515541077,1.517871785946429
TOKYOTECH_s01,18,35,19.166666666666668,-1.0032508373260498,1.3598675593957135
TOKYOTECH_s01,18,36,19.2,-0.8240848779678345,1.0992965787023843
TOKYOTECH_s01,18,37,19.233333333333334,0.26886677742004395,0.7864563070564623
TOKYOTECH_s01,18,38,19.266666666666666,1.6491533517837524,0.46829341167826727
TOKYOTECH_s01,18,39,19.3,1.859033465385437,0.1784701762702503
TOKYOTECH_s01,18,40,19.333333333333332,1.6606121063232422,-0.06865494525806976
TOKYOTECH_s01,18,41,19.366666666666667,1.2458921670913696,-0.27817478721051564
TOKYOTECH_s01,18,42,19.4,0.926149845123291,-0.4685780376489595
TOKYOTECH_s01,18,43,19.433333333333334,0.5682117342948914,-0.6610760764654423
TOKYOTECH_s01,18,44,19.466666666666665,0.2651653289794922,-0.8674552196291647
TOKYOTECH_s01,18,45,19.5,0.25091081857681274,-1.0803219005990705
TOKYOTECH_s01,18,46,19.533333333333335,0.26886677742004395,-1.2692789189017268
TOKYOTECH_s01,18,47,19.566666666666666,0.1425449401140213,-1.3852728998535044
TOKYOTECH_s01,18,48,19.6,0.10135646164417267,-1.3732732434206278
TOKYOTECH_s01,18,49,19.633333333333333,-0.11797415465116501,-1.190728385652472
TOKYOTECH_s01,18,50,19.666666666666668,-0.4805193841457367,-0.826382924961575
TOKYOTECH_s01,18,51,19.7,-0.5267481207847595,-0.3121188695303295
TOKYOTECH_s01,18,52,19.733333333333334,-0.8416076898574829,0.2788851529431454
TOKYOTECH_s01,18,53,19.766666666666666,-0.8542477488517761,0.8495571451546943
TOKYOTECH_s01,18,54,19.8,-0.859878659248352,1.3058697637519996
TOKYOTECH_s01,18,55,19.833333333333332,-1.0904711484909058,1.5819589824857299
TOKYOTECH_s01,18,56,19.866666666666667,-0.8701167106628418,1.653800778343751
TOKYOTECH_s01,18,57,19.9,-1.072987675666809,1.5384957020372723
TOKYOTECH_s01,18,58,19.933333333333334,-0.9670632481575012,1.28271249087755
TOKYOTECH_s01,18,59,19.966666666666665,-1.1128767728805542,0.9466941849577928
TOKYOTECH_s01,18,60,20.0,-0.7833295464515686,0.5889950005776932
TOKYOTECH_s01,18,61,20.033333333333335,0.2120455801486969,0.25457886857918705
TOKYOTECH_s01,18,62,20.066666666666666,1.4404939413070679,-0.03223786080492604
TOKYOTECH_s01,18,63,20.1,2.056903600692749,-0.2687878530306403
TOKYOTECH_s01,18,64,20.133333333333333,1.4078896045684814,-0.46877041097497013
TOKYOTECH_s01,18,65,20.166666666666668,1.0414067506790161,-0.652209170253994
TOKYOTECH_s01,18,66,20.2,0.7296973466873169,-0.8338135671855245
TOKYOTECH_s01,18,67,20.233333333333334,0.24539801478385925,-1.0136351375786699
TOKYOTECH_s01,18,68,20.266666666666666,0.05721469968557358,-1.1732953229695162
TOKYOTECH_s01,18,69,20.3,-0.08281037211418152,-1.279251666918912
TOKYOTECH_s01,18,70,20.333333333333332,0.17786623537540436,-1.2921957872884664
TOKYOTECH_s01,18,71,20.366666666666667,0.09092152118682861,-1.179648371030833
TOKYOTECH_s01,18,72,20.4,-0.060601674020290375,-0.9278691666623663
TOKYOTECH_s01,18,73,20.433333333333334,-0.21389684081077576,-0.5494962648335184
TOKYOTECH_s01,18,74,20.466666666666665,-0.45512115955352783,-0.08459515225588557
TOKYOTECH_s01,18,75,20.5,-0.740211546421051,0.40545619392098037
TOKYOTECH_s01,18,76,20.533333333333335,-0.7863221764564514,0.8500405538407461
TOKYOTECH_s01,18,77,20.566666666666666,-0.9841922521591187,1.184539975234604
TOKYOTECH_s01,18,78,20.6,-1.000691294670105,1.3648237019334806
TOKYOTECH_s01,18,79,20.633333333333333,-1.0614895820617676,1.3769478159041977
TOKYOTECH_s01,18,80,20.666666666666668,-0.962692379951477,1.2392274580223201
TOKYOTECH_s01,18,81,20.7,-1.0673173666000366,0.9959751711564007
TOKYOTECH_s01,18,82,20.733333333333334,-1.0237269401550293,0.7045480416221032
TOKYOTECH_s01,18,83,20.766666666666666,-1.1095690727233887,0.4193022211506708
TOKYOTECH_s01,18,84,20.8,-0.17648856341838837,0.17711834052066003
TOKYOTECH_s01,18,85,20.833333333333332,1.120357871055603,-0.011056720526917679
TOKYOTECH_s01,18,86,20.866666666666667,1.7857131958007812,-0.1598385173519244
TOKYOTECH_s01,18,87,20.9,1.6374189853668213,-0.30013504298669685
TOKYOTECH_s01,18,88,20.933333333333334,1.2020260095596313,-0.4639701293311544
TOKYOTECH_s01,18,89,20.966666666666665,0.7969534993171692,-0.6685577390691316
TOKYOTECH_s01,18,90,21.0,0.33773738145828247,-0.9051018298065363
TOKYOTECH_s01,18,91,21.033333333333335,0.03197396174073219,-1.1362217392345744
TOKYOTECH_s01,18,92,21.066666666666666,-0.13352811336517334,-1.3031475110016737
TOKYOTECH_s01,18,93,21.1,0.14400190114974976,-1.3410271565415806
TOKYOTECH_s01,18,94,21.133333333333333,0.22484314441680908,-1.1986733445427176
TOKYOTECH_s01,18,95,21.166666666666668,-0.049536701291799545,-0.8578325967921673
TOKYOTECH_s01,18,96,21.2,-0.2783178389072418,-0.3463330943506933
TOKYOTECH_s01,18,97,21.233333333333334,-0.3986149728298187,0.26058652416564126
TOKYOTECH_s01,18,98,21.266666666666666,-0.7108362317085266,0.854731276085121
TOKYOTECH_s01,18,99,21.3,-0.8265656232833862,1.323613166056205
TOKYOTECH_s01,18,100,21.333333333333332,-0.8268412351608276,1.5834661627078452
TOKYOTECH_s01,18,101,21.366666666666667,-0.9850585460662842,1.6026120046634702
TOKYOTECH_s01,18,102,21.4,-1.082083821296692,1.4060782025829945
TOKYOTECH_s01,18,103,21.433333333333334,-0.9821840524673462,1.062003183566974
TOKYOTECH_s01,18,104,21.466666666666665,-0.8116810917854309,0.6575046028065582
TOKYOTECH_s01,18,105,21.5,-0.9876968264579773,0.2735210207044174
TOKYOTECH_s01,18,106,21.533333333333335,-0.39188146591186523,-0.03428067384274828
TOKYOTECH_s01,18,107,21.566666666666666,0.8897653818130493,-0.24519403453450167
TOKYOTECH_s01,18,108,21.6,1.7964237928390503,-0.373090230475856
TOKYOTECH_s01,18,109,21.633333333333333,1.609067440032959,-0.45687518353915
TOKYOTECH_s01,18,110,21.666666666666668,1.3902881145477295,-0.5441898402161313
TOKYOTECH_s01,18,111,21.7,0.8992158770561218,-0.6723415452756126
TOKYOTECH_s01,18,112,21.733333333333334,0.39132964611053467,-0.8516777478125032
TOKYOTECH_s01,18,113,21.766666666666666,-0.08076276630163193,-1.0569108576125656
TOKYOTECH_s01,18,114,21.8,0.027524344623088837,-1.230587247127076
TOKYOTECH_s01,18,115,21.833333333333332,0.04280267283320427,-1.2993264314737216
TOKYOTECH_s01,18,116,21.866666666666667,0.12218696624040604,-1.1983559927880107
TOKYOTECH_s01,18,117,21.9,-0.021145788952708244,-0.896145352684712
TOKYOTECH_s01,18,118,21.933333333333334,-0.12167560309171677,-0.4108160010195316
TOKYOTECH_s01,18,119,21.966666666666665,-0.4967821538448334,0.1876807758813412
TOKYOTECH_s01,18,120,22.0,-0.6155829429626465,0.7923483316660167
TOKYOTECH_s01,18,121,22.033333333333335,-0.776556670665741,1.2882275291821859
TOKYOTECH_s01,18,122,22.066666666666666,-0.8099878430366516,1.5859637194213152
TOKYOTECH_s01,18,123,22.1,-1.0505427122116089,1.6465559440680244
TOKYOTECH_s01,18,124,22.133333333333333,-0.9556832313537598,1.4882051232108533
TOKYOTECH_s01,18,125,22.166666666666668,-0.915439784526825,1.174632119626814
TOKYOTECH_s01,18,126,22.2,-0.9191806316375732,0.7910882631080413
TOKYOTECH_s01,18,127,22.233333333333334,-1.0443605184555054,0.4172454478054352
TOKYOTECH_s01,18,128,22.266666666666666,-0.15175972878932953,0.1056353488718549
TOKYOTECH_s01,18,129,22.3,1.0239626169204712,-0.12845740537366948
TOKYOTECH_s01,18,130,22.333333333333332,1.8697046041488647,-0.3035590134711526
TOKYOTECH_s01,18,131,22.366666666666667,1.7851225137710571,-0.4572207518662144
TOKYOTECH_s01,18,132,22.4,1.5302737951278687,-0.6259421558501499
TOKYOTECH_s01,18,133,22.433333333333334,0.9546588659286499,-0.8273111074091913
TOKYOTECH_s01,18,134,22.466666666666665,0.5126899480819702,-1.0499319306838608
TOKYOTECH_s01,18,135,22.5,0.00992276705801487,-1.2533185528630577
TOKYOTECH_s01,18,136,22.533333333333335,0.02854814939200878,-1.377368562813944
TOKYOTECH_s01,18,137,22.566666666666666,-0.07308422774076462,-1.3594035321939277
TOKYOTECH_s01,18,138,22.6,0.09840317815542221,-1.1551413304445761
TOKYOTECH_s01,18,139,22.633333333333333,0.09237848222255707,-0.7580356303739861
TOKYOTECH_s01,18,140,22.666666666666668,-0.07513183355331421,-0.2099747786647015
TOKYOTECH_s01,18,141,22.7,-0.4142870604991913,0.40276418260513014
TOKYOTECH_s01,18,142,22.733333333333334,-0.6440132260322571,0.9699029001912174
TOKYOTECH_s01,18,143,22.766666666666666,-0.7276896238327026,1.3883391704745662
TOKYOTECH_s01,18,144,22.8,-0.86885666847229,1.592186915752216
TOKYOTECH_s01,18,145,22.833333333333332,-1.0040383338928223,1.569213008488227
TOKYOTECH_s01,18,146,22.866666666666667,-1.003132700920105,1.3582422563386554
TOKYOTECH_s01,18,147,22.9,-1.0070704221725464,1.0312421876252635
TOKYOTECH_s01,18,148,22.933333333333334,-0.9005946516990662,0.6686825671430943
TOKYOTECH_s01,18,149,22.966666666666665,-0.7434405088424683,0.33668889770572774
TOKYOTECH_s01,18,150,23.0,0.15108978748321533,0.07193219060172866
TOKYOTECH_s01,18,151,23.033333333333335,1.4447466135025024,-0.12288588424794916
TOKYOTECH_s01,18,152,23.066666666666666,1.8743118047714233,-0.2727955368589835
TOKYOTECH_s01,18,153,23.1,1.7008554935455322,-0.4159288821141956
TOKYOTECH_s01,18,154,23.133333333333333,1.280662178993225,-0.5852984572262939
TOKYOTECH_s01,18,155,23.166666666666668,0.8584999442100525,-0.7930692141764606
TOKYOTECH_s01,18,156,23.2,0.4505528509616852,-1.022484409488232
TOKYOTECH_s01,18,157,23.233333333333334,0.06178244948387146,-1.229800675993131
TOKYOTECH_s01,18,158,23.266666666666666,-0.04205504432320595,-1.3552258982234506
TOKYOTECH_s01,18,159,23.3,0.06969725340604782,-1.3395637696684632
TOKYOTECH_s01,18,160,23.333333333333332,0.044180870056152344,-1.1426747275613791
TOKYOTECH_s01,18,161,23.366666666666667,0.004803739953786135,-0.7596912277285759
TOKYOTECH_s01,18,162,23.4,-0.17731548845767975,-0.230160192336086
TOKYOTECH_s01,18,163,23.433333333333334,-0.4448043406009674,0.36487830220373413
TOKYOTECH_s01,18,164,23.466666666666665,-0.5474604964256287,0.9204253134331025
TOKYOTECH_s01,18,165,23.5,-0.7083160877227783,1.3362755079213702
TOKYOTECH_s01,18,166,23.533333333333335,-0.8378275036811829,1.5464154094564715
TOKYOTECH_s01,18,167,23.566666666666666,-0.8758264183998108,1.5362685685065125
TOKYOTECH_s01,18,168,23.6,-0.9516667723655701,1.3411620232600774
TOKYOTECH_s01,18,169,23.633333333333333,-0.9515880346298218,1.0289091546264666
TOKYOTECH_s01,18,170,23.666666666666668,-0.9483197331428528,0.6753041142768199
TOKYOTECH_s01,18,171,23.7,-0.44878143072128296,0.34194095827071613
TOKYOTECH_s01,18,172,23.733333333333334,0.7538354992866516,0.06288950964587527
TOKYOTECH_s01,18,173,23.766666666666666,1.701682448387146,-0.15749516381595435
TOKYOTECH_s01,18,174,23.8,1.6989654302597046,-0.33718307369543904
TOKYOTECH_s01,18,175,23.833333333333332,1.273534893989563,-0.5033059777934596
TOKYOTECH_s01,18,176,23.866666666666667,0.8655878305435181,-0.6775664371482185
TOKYOTECH_s01,18,177,23.9,0.5256844162940979,-0.8642696361878546
TOKYOTECH_s01,18,178,23.933333333333334,0.22988341748714447,-1.0445613040455992
TOKYOTECH_s01,18,179,23.966666666666665,-0.006930644623935223,-1.1792573394796615
TOKYOTECH_s01,18,180,24.0,0.12687285244464874,-1.220155435384564
TOKYOTECH_s01,18,181,24.033333333333335,0.19818483293056488,-1.126664601082942
TOKYOTECH_s01,18,182,24.066666666666666,-0.0025597834028303623,-0.8822890878008212
TOKYOTECH_s01,18,183,24.1,-0.09167023003101349,-0.5048702135543404
TOKYOTECH_s01,18,184,24.133333333333333,-0.29434433579444885,-0.04601917027290211
TOKYOTECH_s01,18,185,24.166666666666668,-0.3885737955570221,0.42104407167455954
TOKYOTECH_s01,18,186,24.2,-0.5962094068527222,0.8211256403774695
TOKYOTECH_s01,18,187,24.233333333333334,-0.6949278712272644,1.0967875502239741
TOKYOTECH_s01,18,188,24.266666666666666,-0.7543085813522339,1.2212480711828204
TOKYOTECH_s01,18,189,24.3,-0.8746451139450073,1.200901094373725
TOKYOTECH_s01,18,190,24.333333333333332,-0.9473353028297424,1.0680035830761128
TOKYOTECH_s01,18,191,24.366666666666667,-0.9871849417686462,0.8671948195739507
TOKYOTECH_s01,18,192,24.4,-0.7256814241409302,0.6408106472151478
TOKYOTECH_s01,18,193,24.433333333333334,0.2818218469619751,0.4175386099969312
TOKYOTECH_s01,18,194,24.466666666666665,1.4838480949401855,0.20741825796514354
TOKYOTECH_s01,18,195,24.5,1.9927581548690796,0.004117250961671547
TOKYOTECH_s01,18,196,24.533333333333335,1.5750062465667725,-0.20669315353905082
TOKYOTECH_s01,18,197,24.566666666666666,1.0625522136688232,-0.4357488681172901
TOKYOTECH_s01,18,198,24.6,0.5598244071006775,-0.6792598639741971
TOKYOTECH_s01,18,199,24.633333333333333,0.12998363375663757,-0.9125669980575013
TOKYOTECH_s01,18,200,24.666666666666668,-0.09895499795675278,-1.0913645515561454
TOKYOTECH_s01,18,201,24.7,-0.015948006883263588,-1.161501720033331
TOKYOTECH_s01,18,202,24.733333333333334,0.17617301642894745,-1.0756634120705442
TOKYOTECH_s01,18,203,24.766666666666666,0.22263802587985992,-0.8123672268408724
TOKYOTECH_s01,18,204,24.8,0.02362600900232792,-0.3906094188258701
TOKYOTECH_s01,18,205,24.833333333333332,-0.2310652732849121,0.12682575976807786
TOKYOTECH_s01,18,206,24.866666666666667,-0.40873488783836365,0.6458059596279356
TOKYOTECH_s01,18,207,24.9,-0.6077862977981567,1.06709827117148
TOKYOTECH_s01,18,208,24.933333333333334,-0.7230431437492371,1.316375481979201
TOKYOTECH_s01,18,209,24.966666666666665,-0.792189359664917,1.3645817234621027
TOKYOTECH_s01,18,210,25.0,-0.8565710186958313,1.23065188426311
TOKYOTECH_s01,18,211,25.033333333333335,-0.8903959393501282,0.967974853624727
TOKYOTECH_s01,18,212,25.066666666666666,-0.8414501547813416,0.6423892260779108
TOKYOTECH_s01,18,213,25.1,-0.41688594222068787,0.3108628896015174
TOKYOTECH_s01,18,214,25.133333333333333,0.8002611398696899,0.0077284252799255555
TOKYOTECH_s01,18,215,25.166666666666668,1.846472144126892,-0.25854279234175276
TOKYOTECH_s01,18,216,25.2,1.9002612829208374,-0.4988074278068577
TOKYOTECH_s01,18,217,25.233333333333334,1.4602612257003784,-0.7305127376517279
TOKYOTECH_s01,18,218,25.266666666666666,1.030538558959961,-0.9637848667074653
TOKYOTECH_s01,18,219,25.3,0.7456450462341309,-1.1912703432561484
TOKYOTECH_s01,18,220,25.333333333333332,0.3135204315185547,-1.3850972390603
TOKYOTECH_s01,18,221,25.366666666666667,0.15053850412368774,-1.5021579260968088
TOKYOTECH_s01,18,222,25.4,0.257526159286499,-1.496776543837117
TOKYOTECH_s01,18,223,25.433333333333334,0.28335756063461304,-1.3373518842083256
TOKYOTECH_s01,18,224,25.466666666666665,0.20105935633182526,-1.0210092097548373
TOKYOTECH_s01,18,225,25.5,-0.06627198308706284,-0.5798129290982617
TOKYOTECH_s01,18,226,25.533333333333335,-0.41731908917427063,-0.07523155165836483
TOKYOTECH_s01,18,227,25.566666666666666,-0.6298768520355225,0.417206105008948
TOKYOTECH_s01,18,228,25.6,-0.7877004146575928,0.826848171866821
TOKYOTECH_s01,18,229,25.633333333333333,-0.8748025894165039,1.1034856296675017
TOKYOTECH_s01,18,230,25.666666666666668,-0.7797855734825134,1.225613909568991
TOKYOTECH_s01,18,231,25.7,-0.8384968638420105,1.2012730636144304
TOKYOTECH_s01,18,232,25.733333333333334,-0.8452697396278381,1.0630771321702015
TOKYOTECH_s01,18,233,25.766666666666666,-0.7605695724487305,0.8591457457375674
TOKYOTECH_s01,18,234,25.8,-0.5060751438140869,0.6417865534137309
TOKYOTECH_s01,18,235,25.833333333333332,0.676183819770813,0.45620095329684296
TOKYOTECH_s01,18,236,25.866666666666667,1.8295793533325195,0.3316182895314529
TOKYOTECH_s01,18,237,25.9,2.0782852172851562,0.2766826970368327
TOKYOTECH_s01,18,238,25.933333333333334,1.6993591785430908,0.2796929399245323
TOKYOTECH_s01,18,239,25.966666666666665,1.2984212636947632,0.31315504405163685
TOKYOTECH_s01,19,0,19.0,-0.847120463848114,0.10316581515918812
TOKYOTECH_s01,19,1,19.033333333333335,-1.0455418825149536,0.5539520042791459
TOKYOTECH_s01,19,2,19.066666666666666,-0.8565710186958313,0.9451489041826533
TOKYOTECH_s01,19,3,19.1,-0.9237877726554871,1.2310166219997252
TOKYOTECH_s01,19,4,19.133333333333333,-0.9145341515541077,1.3827933730192885
TOKYOTECH_s01,19,5,19.166666666666668,-1.0032508373260498,1.3931658807403804
TOKYOTECH_s01,19,6,19.2,-0.8240848779678345,1.2757247875807909
TOKYOTECH_s01,19,7,19.233333333333334,0.26886677742004395,1.059862445419129
TOKYOTECH_s01,19,8,19.266666666666666,1.6491533517837524,0.7829964193286687
TOKYOTECH_s01,19,9,19.3,1.859033465385437,0.4822811917275902
TOKYOTECH_s01,19,10,19.333333333333332,1.6606121063232422,0.18758546418668487
TOKYOTECH_s01,19,11,19.366666666666667,1.2458921670913696,-0.08298800538119756
TOKYOTECH_s01,19,12,19.4,0.926149845123291,-0.3241327746317695
TOKYOTECH_s01,19,13,19.433333333333334,0.5682117342948914,-0.5404941926288813
TOKYOTECH_s01,19,14,19.466666666666665,0.2651653289794922,-0.7404032824321609
TOKYOTECH_s01,19,15,19.5,0.25091081857681274,-0.9277543882578337
TOKYOTECH_s01,19,16,19.533333333333335,0.26886677742004395,-1.0945579628230184
TOKYOTECH_s01,19,17,19.566666666666666,0.1425449401140213,-1.2172460596339127
TOKYOTECH_s01,19,18,19.6,0.10135646164417267,-1.259509793033388
TOKYOTECH_s01,19,19,19.633333333333333,-0.11797415465116501,-1.1826086706585306
TOKYOTECH_s01,19,20,19.666666666666668,-0.4805193841457367,-0.9607384449620578
TOKYOTECH_s01,19,21,19.7,-0.5267481207847595,-0.5957109164305191
TOKYOTECH_s01,19,22,19.733333333333334,-0.8416076898574829,-0.12400740990865602
TOKYOTECH_s01,19,23,19.766666666666666,-0.8542477488517761,0.38831927919773374
TOKYOTECH_s01,19,24,19.8,-0.859878659248352,0.8619157339335021
TOKYOTECH_s01,19,25,19.833333333333332,-1.0904711484909058,1.2251642901960145
TOKYOTECH_s01,19,26,19.866666666666667,-0.8701167106628418,1.4315914232653049
TOKYOTECH_s01,19,27,19.9,-1.072987675666809,1.4677065867539227
TOKYOTECH_s01,19,28,19.933333333333334,-0.9670632481575012,1.3505446020370115
TOKYOTECH_s01,19,29,19.966666666666665,-1.1128767728805542,1.1184325246156321
TOKYOTECH_s01,19,30,20.0,-0.7833295464515686,0.8192581785944146
TOKYOTECH_s01,19,31,20.033333333333335,0.2120455801486969,0.49917673987621897
TOKYOTECH_s01,19,32,20.066666666666666,1.4404939413070679,0.19368230265880154
TOKYOTECH_s01,19,33,20.1,2.056903600692749,-0.0774413597835736
TOKYOTECH_s01,19,34,20.133333333333333,1.4078896045684814,-0.31038954592902396
TOKYOTECH_s01,19,35,20.166666666666668,1.0414067506790161,-0.5129822170778947
TOKYOTECH_s01,19,36,20.2,0.7296973466873169,-0.6970906662532435
TOKYOTECH_s01,19,37,20.233333333333334,0.24539801478385925,-0.8701880133767126
TOKYOTECH_s01,19,38,20.266666666666666,0.05721469968557358,-1.028600854128958
TOKYOTECH_s01,19,39,20.3,-0.08281037211418152,-1.1546010671945113
TOKYOTECH_s01,19,40,20.333333333333332,0.17786623537540436,-1.218579351557247
TOKYOTECH_s01,19,41,20.366666666666667,0.09092152118682861,-1.1863237862899647
TOKYOTECH_s01,19,42,20.4,-0.060601674020290375,-1.0300128481000357
TOKYOTECH_s01,19,43,20.433333333333334,-0.21389684081077576,-0.7401433865024539
TOKYOTECH_s01,19,44,20.466666666666665,-0.45512115955352783,-0.3346131167114953
TOKYOTECH_s01,19,45,20.5,-0.740211546421051,0.13896884594289832
TOKYOTECH_s01,19,46,20.533333333333335,-0.7863221764564514,0.6104009398491578
TOKYOTECH_s01,19,47,20.566666666666666,-0.9841922521591187,1.0029249714750894
TOKYOTECH_s01,19,48,20.6,-1.000691294670105,1.2533928265069338
TOKYOTECH_s01,19,49,20.633333333333333,-1.0614895820617676,1.3292207580738347
TOKYOTECH_s01,19,50,20.666666666666668,-0.962692379951477,1.2360420132535266
TOKYOTECH_s01,19,51,20.7,-1.0673173666000366,1.0138431783897017
TOKYOTECH_s01,19,52,20.733333333333334,-1.0237269401550293,0.7234015666166128
TOKYOTECH_s01,19,53,20.766666666666666,-1.1095690727233887,0.4276831080599551
TOKYOTECH_s01,19,54,20.8,-0.17648856341838837,0.17407363664615963
TOKYOTECH_s01,19,55,20.833333333333332,1.120357871055603,-0.017187451446426298
TOKYOTECH_s01,19,56,20.866666666666667,1.7857131958007812,-0.15500260094657908
TOKYOTECH_s01,19,57,20.9,1.6374189853668213,-0.26943676679519285
TOKYOTECH_s01,19,58,20.933333333333334,1.2020260095596313,-0.3965133402356849
TOKYOTECH_s01,19,59,20.966666666666665,0.7969534993171692,-0.5609399657157613
TOKYOTECH_s01,19,60,21.0,0.33773738145828247,-0.7627185373551408
TOKYOTECH_s01,19,61,21.033333333333335,0.03197396174073219,-0.9723070576432021
TOKYOTECH_s01,19,62,21.066666666666666,-0.13352811336517334,-1.136027806686002
TOKYOTECH_s01,19,63,21.1,0.14400190114974976,-1.1903205829001482
TOKYOTECH_s01,19,64,21.133333333333333,0.22484314441680908,-1.081419435869201
TOKYOTECH_s01,19,65,21.166666666666668,-0.049536701291799545,-0.785601600201076
TOKYOTECH_s01,19,66,21.2,-0.2783178389072418,-0.3237980965343998
TOKYOTECH_s01,19,67,21.233333333333334,-0.3986149728298187,0.2359021336561231
TOKYOTECH_s01,19,68,21.266666666666666,-0.7108362317085266,0.7918225024249569
TOKYOTECH_s01,19,69,21.3,-0.8265656232833862,1.2361747265301044
TOKYOTECH_s01,19,70,21.333333333333332,-0.8268412351608276,1.4865815959411348
TOKYOTECH_s01,19,71,21.366666666666667,-0.9850585460662842,1.5085947841026934
TOKYOTECH_s01,19,72,21.4,-1.082083821296692,1.321100284031676
TOKYOTECH_s01,19,73,21.433333333333334,-0.9821840524673462,0.9852024253227218
TOKYOTECH_s01,19,74,21.466666666666665,-0.8116810917854309,0.583168963416465
TOKYOTECH_s01,19,75,21.5,-0.9876968264579773,0.19538603057752615
TOKYOTECH_s01,19,76,21.533333333333335,-0.39188146591186523,-0.11856159289296378
TOKYOTECH_s01,19,77,21.566666666666666,0.8897653818130493,-0.33129675603318665
TOKYOTECH_s01,19,78,21.6,1.7964237928390503,-0.4501133702148738
TOKYOTECH_s01,19,79,21.633333333333333,1.609067440032959,-0.5102963125524432
TOKYOTECH_s01,19,80,21.666666666666668,1.3902881145477295,-0.5604890691321334
TOKYOTECH_s01,19,81,21.7,0.8992158770561218,-0.643370064410035
TOKYOTECH_s01,19,82,21.733333333333334,0.39132964611053467,-0.7772203006623587
TOKYOTECH_s01,19,83,21.766666666666666,-0.08076276630163193,-0.9450463468924666
TOKYOTECH_s01,19,84,21.8,0.027524344623088837,-1.0963448678127943
TOKYOTECH_s01,19,85,21.833333333333332,0.04280267283320427,-1.1622692984226421
TOKYOTECH_s01,19,86,21.866666666666667,0.12218696624040604,-1.0794589893094504
TOKYOTECH_s01,19,87,21.9,-0.021145788952708244,-0.8141081332015784
TOKYOTECH_s01,19,88,21.933333333333334,-0.12167560309171677,-0.3779649978175945
TOKYOTECH_s01,19,89,21.966666666666665,-0.4967821538448334,0.16927873171202712
TOKYOTECH_s01,19,90,22.0,-0.6155829429626465,0.7330363550455062
TOKYOTECH_s01,19,91,22.033333333333335,-0.776556670665741,1.2092354667561585
TOKYOTECH_s01,19,92,22.066666666666666,-0.8099878430366516,1.5134793382964806
TOKYOTECH_s01,19,93,22.1,-1.0505427122116089,1.6030475047400348
TOKYOTECH_s01,19,94,22.133333333333333,-0.9556832313537598,1.4843922128122642
TOKYOTECH_s01,19,95,22.166666666666668,-0.915439784526825,1.2054320968756878
TOKYOTECH_s01,19,96,22.2,-0.9191806316375732,0.8372716526843642
TOKYOTECH_s01,19,97,22.233333333333334,-1.0443605184555054,0.4523388185676368
TOKYOTECH_s01,19,98,22.266666666666666,-0.15175972878932953,0.10571122693562639
TOKYOTECH_s01,19,99,22.3,1.0239626169204712,-0.17547294495165544
TOKYOTECH_s01,19,100,22.333333333333332,1.8697046041488647,-0.3923337709872418
TOKYOTECH_s01,19,101,22.366666666666667,1.7851225137710571,-0.5653601420313364
TOKYOTECH_s01,19,102,22.4,1.5302737951278687,-0.7204928324859635
TOKYOTECH_s01,19,103,22.433333333333334,0.9546588659286499,-0.8755533816239658
TOKYOTECH_s01,19,104,22.466666666666665,0.5126899480819702,-1.030862957764083
TOKYOTECH_s01,19,105,22.5,0.00992276705801487,-1.1656679421140461
TOKYOTECH_s01,19,106,22.533333333333335,0.02854814939200878,-1.2410834337604097
TOKYOTECH_s01,19,107,22.566666666666666,-0.07308422774076462,-1.2099698548393922
TOKYOTECH_s01,19,108,22.6,0.09840317815542221,-1.0327861537322354
TOKYOTECH_s01,19,109,22.633333333333333,0.09237848222255707,-0.6955742114502682
TOKYOTECH_s01,19,110,22.666666666666668,-0.07513183355331421,-0.22316412100098726
TOKYOTECH_s01,19,111,22.7,-0.4142870604991913,0.3196832199265837
TOKYOTECH_s01,19,112,22.733333333333334,-0.6440132260322571,0.8423266650699707
TOKYOTECH_s01,19,113,22.766666666666666,-0.7276896238327026,1.2534610072610777
TOKYOTECH_s01,19,114,22.8,-0.86885666847229,1.4872823293246888
TOKYOTECH_s01,19,115,22.833333333333332,-1.0040383338928223,1.5197116269389137
TOKYOTECH_s01,19,116,22.866666666666667,-1.003132700920105,1.369742143304999
TOKYOTECH_s01,19,117,22.9,-1.0070704221725464,1.0884488915064805
TOKYOTECH_s01,19,118,22.933333333333334,-0.9005946516990662,0.7417133763147553
TOKYOTECH_s01,19,119,22.966666666666665,-0.7434405088424683,0.39231535377736876
TOKYOTECH_s01,19,120,23.0,0.15108978748321533,0.08543986622395952
TOKYOTECH_s01,19,121,23.033333333333335,1.4447466135025024,-0.1596059338517643
TOKYOTECH_s01,19,122,23.066666666666666,1.8743118047714233,-0.3495526270458228
TOKYOTECH_s01,19,123,23.1,1.7008554935455322,-0.5088782646165912
TOKYOTECH_s01,19,124,23.133333333333333,1.280662178993225,-0.6655636287577482
TOKYOTECH_s01,19,125,23.166666666666668,0.8584999442100525,-0.8359852974791452
TOKYOTECH_s01,19,126,23.2,0.4505528509616852,-1.014557957901911
TOKYOTECH_s01,19,127,23.233333333333334,0.06178244948387146,-1.1717803729581182
TOKYOTECH_s01,19,128,23.266666666666666,-0.04205504432320595,-1.2609964580144024
TOKYOTECH_s01,19,129,23.3,0.06969725340604782,-1.2315625132816022
TOKYOTECH_s01,19,130,23.333333333333332,0.044180870056152344,-1.0453066273313054
TOKYOTECH_s01,19,131,23.366666666666667,0.004803739953786135,-0.6926855665844073
TOKYOTECH_s01,19,132,23.4,-0.17731548845767975,-0.20364144534118145
TOKYOTECH_s01,19,133,23.433333333333334,-0.4448043406009674,0.35251835878731946
TOKYOTECH_s01,19,134,23.466666666666665,-0.5474604964256287,0.8814614743283812
TOKYOTECH_s01,19,135,23.5,-0.7083160877227783,1.289604900363948
TOKYOTECH_s01,19,136,23.533333333333335,-0.8378275036811829,1.5115533237922516
TOKYOTECH_s01,19,137,23.566666666666666,-0.8758264183998108,1.5272105913117768
TOKYOTECH_s01,19,138,23.6,-0.9516667723655701,1.362121730742056
TOKYOTECH_s01,19,139,23.633333333333333,-0.9515880346298218,1.0733234897558193
TOKYOTECH_s01,19,140,23.666666666666668,-0.9483197331428528,0.7284752311846892
TOKYOTECH_s01,19,141,23.7,-0.44878143072128296,0.3865036976175863
TOKYOTECH_s01,19,142,23.733333333333334,0.7538354992866516,0.08507120997725667
TOKYOTECH_s01,19,143,23.766666666666666,1.701682448387146,-0.16345084274796096
TOKYOTECH_s01,19,144,23.8,1.6989654302597046,-0.3681990772104754
TOKYOTECH_s01,19,145,23.833333333333332,1.273534893989563,-0.5501011878759233
TOKYOTECH_s01,19,146,23.866666666666667,0.8655878305435181,-0.7290008370576726
TOKYOTECH_s01,19,147,23.9,0.5256844162940979,-0.9113342371946342
TOKYOTECH_s01,19,148,23.933333333333334,0.22988341748714447,-1.0825895442320987
TOKYOTECH_s01,19,149,23.966666666666665,-0.006930644623935223,-1.2079422434977338
TOKYOTECH_s01,19,150,24.0,0.12687285244464874,-1.2418166371431747
TOKYOTECH_s01,19,151,24.033333333333335,0.19818483293056488,-1.14362563842933
TOKYOTECH_s01,19,152,24.066666666666666,-0.0025597834028303623,-0.8941939680463902
TOKYOTECH_s01,19,153,24.1,-0.09167023003101349,-0.5066372612049906
TOKYOTECH_s01,19,154,24.133333333333333,-0.29434433579444885,-0.027253783156198357
TOKYOTECH_s01,19,155,24.166666666666668,-0.3885737955570221,0.4742234749739826
TOKYOTECH_s01,19,156,24.2,-0.5962094068527222,0.9214243173565737
TOKYOTECH_s01,19,157,24.233333333333334,-0.6949278712272644,1.2492141286240692
TOKYOTECH_s01,19,158,24.266666666666666,-0.7543085813522339,1.4173390898055143
TOKYOTECH_s01,19,159,24.3,-0.8746451139450073,1.4168706875820425
TOKYOTECH_s01,19,160,24.333333333333332,-0.9473353028297424,1.2685976591514723
TOKYOTECH_s01,19,161,24.366666666666667,-0.9871849417686462,1.0142682060011172
TOKYOTECH_s01,19,162,24.4,-0.7256814241409302,0.7033817120199307
TOKYOTECH_s01,19,163,24.433333333333334,0.2818218469619751,0.3796320514251952
TOKYOTECH_s01,19,164,24.466666666666665,1.4838480949401855,0.07132489288889274
TOKYOTECH_s01,19,165,24.5,1.9927581548690796,-0.21128216755526044
TOKYOTECH_s01,19,166,24.533333333333335,1.5750062465667725,-0.4714064339916453
TOKYOTECH_s01,19,167,24.566666666666666,1.0625522136688232,-0.716302117072379
TOKYOTECH_s01,19,168,24.6,0.5598244071006775,-0.9468272100456134
TOKYOTECH_s01,19,169,24.633333333333333,0.12998363375663757,-1.1498951466429694
TOKYOTECH_s01,19,170,24.666666666666668,-0.09895499795675278,-1.296592111133381
TOKYOTECH_s01,19,171,24.7,-0.015948006883263588,-1.3472074554036164
TOKYOTECH_s01,19,172,24.733333333333334,0.17617301642894745,-1.2627836326832347
TOKYOTECH_s01,19,173,24.766666666666666,0.22263802587985992,-1.0206233376281573
TOKYOTECH_s01,19,174,24.8,0.02362600900232792,-0.6285586159356852
TOKYOTECH_s01,19,175,24.833333333333332,-0.2310652732849121,-0.13126190386842504
TOKYOTECH_s01,19,176,24.866666666666667,-0.40873488783836365,0.3965640685685571
TOKYOTECH_s01,19,177,24.9,-0.6077862977981567,0.8697269055042698
TOKYOTECH_s01,19,178,24.933333333333334,-0.7230431437492371,1.2169817855482987
TOKYOTECH_s01,19,179,24.966666666666665,-0.792189359664917,1.3991236144819055
TOKYOTECH_s01,19,180,25.0,-0.8565710186958313,1.4137319358757274
TOKYOTECH_s01,19,181,25.033333333333335,-0.8903959393501282,1.2873925726314652
TOKYOTECH_s01,19,182,25.066666666666666,-0.8414501547813416,1.0614682307777028
TOKYOTECH_s01,19,183,25.1,-0.41688594222068787,0.7781726156054795
TOKYOTECH_s01,19,184,25.133333333333333,0.8002611398696899,0.4711781639537025
TOKYOTECH_s01,19,185,25.166666666666668,1.846472144126892,0.16185682247543595
TOKYOTECH_s01,19,186,25.2,1.9002612829208374,-0.13954555720471112
TOKYOTECH_s01,19,187,25.233333333333334,1.4602612257003784,-0.4291610795985929
TOKYOTECH_s01,19,188,25.266666666666666,1.030538558959961,-0.7030077121316947
TOKYOTECH_s01,19,189,25.3,0.7456450462341309,-0.9509069473458117
TOKYOTECH_s01,19,190,25.333333333333332,0.3135204315185547,-1.1528719639228866
TOKYOTECH_s01,19,191,25.366666666666667,0.15053850412368774,-1.279709280276531
TOKYOTECH_s01,19,192,25.4,0.257526159286499,-1.298948623688356
TOKYOTECH_s01,19,193,25.433333333333334,0.28335756063461304,-1.1853528080504776
TOKYOTECH_s01,19,194,25.466666666666665,0.20105935633182526,-0.9322505956010827
TOKYOTECH_s01,19,195,25.5,-0.06627198308706284,-0.5583285538758819
TOKYOTECH_s01,19,196,25.533333333333335,-0.41731908917427063,-0.10636259094271366
TOKYOTECH_s01,19,197,25.566666666666666,-0.6298768520355225,0.36563792653175936
TOKYOTECH_s01,19,198,25.6,-0.7877004146575928,0.797061910800055
TOKYOTECH_s01,19,199,25.633333333333333,-0.8748025894165039,1.1364928721997538
TOKYOTECH_s01,19,200,25.666666666666668,-0.7797855734825134,1.3498132265175566
TOKYOTECH_s01,19,201,25.7,-0.8384968638420105,1.4239714598998614
TOKYOTECH_s01,19,202,25.733333333333334,-0.8452697396278381,1.366596974791759
TOKYOTECH_s01,19,203,25.766666666666666,-0.7605695724487305,1.201689354772901
TOKYOTECH_s01,19,204,25.8,-0.5060751438140869,0.9621580711688816
TOKYOTECH_s01,19,205,25.833333333333332,0.676183819770813,0.6810215191500526
TOKYOTECH_s01,19,206,25.866666666666667,1.8295793533325195,0.3838177895055109
TOKYOTECH_s01,19,207,25.9,2.0782852172851562,0.0846333553305667
TOKYOTECH_s01,19,208,25.933333333333334,1.6993591785430908,-0.21301553071682122
TOKYOTECH_s01,19,209,25.966666666666665,1.2984212636947632,-0.5109301212845136
TOKYOTECH_s01,19,210,26.0,0.8894109725952148,-0.8086079449005038
TOKYOTECH_s01,19,211,26.033333333333335,0.518517792224884,-1.096015160005216
TOKYOTECH_s01,19,212,26.066666666666666,0.26177889108657837,-1.3493615465923137
TOKYOTECH_s01,19,213,26.1,0.19397146999835968,-1.5318006748293824
TOKYOTECH_s01,19,214,26.133333333333333,0.29103609919548035,-1.600039157533296
TOKYOTECH_s01,19,215,26.166666666666668,0.20936793088912964,-1.516324452690188
TOKYOTECH_s01,19,216,26.2,0.022562826052308083,-1.2629874384165867
TOKYOTECH_s01,19,217,26.233333333333334,-0.14908207952976227,-0.8542863241498927
TOKYOTECH_s01,19,218,26.266666666666666,-0.361167311668396,-0.3393443301573259
TOKYOTECH_s01,19,219,26.3,-0.5034762620925903,0.2073143126458103
TOKYOTECH_s01,19,220,26.333333333333332,-0.600816547870636,0.704853983122386
TOKYOTECH_s01,19,221,26.366666666666667,-0.6446039080619812,1.0867055901245504
TOKYOTECH_s01,19,222,26.4,-0.7145770788192749,1.3143118472515667
TOKYOTECH_s01,19,223,26.433333333333334,-0.8437734246253967,1.3802120809583707
TOKYOTECH_s01,19,224,26.466666666666665,-0.957691490650177,1.3023041002311848
TOKYOTECH_s01,19,225,26.5,-1.0709794759750366,1.1142843183295135
TOKYOTECH_s01,19,226,26.533333333333335,-0.8438915610313416,0.8564557367069412
TOKYOTECH_s01,19,227,26.566666666666666,0.1921994984149933,0.5685009138576985
TOKYOTECH_s01,19,228,26.6,1.4850294589996338,0.28428713262003763
TOKYOTECH_s01,19,229,26.633333333333333,1.9855127334594727,0.028636869904920273
TOKYOTECH_s01,19,230,26.666666666666668,1.7202684879302979,-0.1837807442905918
TOKYOTECH_s01,19,231,26.7,1.2520743608474731,-0.3473898359447045
TOKYOTECH_s01,19,232,26.733333333333334,0.9680864810943604,-0.4629813965717932
TOKYOTECH_s01,19,233,26.766666666666666,0.6320026516914368,-0.5343949390062136
TOKYOTECH_s01,19,234,26.8,0.33313024044036865,-0.5657929683132755
TOKYOTECH_s01,19,235,26.833333333333332,0.26784297823905945,-0.5603154388839412
TOKYOTECH_s01,19,236,26.866666666666667,0.2727257311344147,-0.5202411661286195
TOKYOTECH_s01,19,237,26.9,0.31422922015190125,-0.44815590385782517
TOKYOTECH_s01,19,238,26.933333333333334,0.010631555691361427,-0.34828669520999794
TOKYOTECH_s01,19,239,26.966666666666665,-0.23232534527778625,-0.22725025281450706
TOKYOTECH_s01,20,0,20.0,-0.7833295464515686,-0.0874332384959762
TOKYOTECH_s01,20,1,20.033333333333335,0.2120455801486969,-0.32157146729678887
TOKYOTECH_s01,20,2,20.066666666666666,1.4404939413070679,-0.5297894617846064
TOKYOTECH_s01,20,3,20.1,2.056903600692749,-0.6986517254377185
TOKYOTECH_s01,20,4,20.133333333333333,1.4078896045684814,-0.8292720250102984
TOKYOTECH_s01,20,5,20.166666666666668,1.0414067506790161,-0.9357669272521079
TOKYOTECH_s01,20,6,20.2,0.7296973466873169,-1.0370734431386484
TOKYOTECH_s01,20,7,20.233333333333334,0.24539801478385925,-1.145850423611639
TOKYOTECH_s01,20,8,20.266666666666666,0.05721469968557358,-1.2591165507742148
TOKYOTECH_s01,20,9,20.3,-0.08281037211418152,-1.354180081425439
TOKYOTECH_s01,20,10,20.333333333333332,0.17786623537540436,-1.3919617123558223
TOKYOTECH_s01,20,11,20.366666666666667,0.09092152118682861,-1.3278030424298968
TOKYOTECH_s01,20,12,20.4,-0.060601674020290375,-1.1269692698940161
TOKYOTECH_s01,20,13,20.433333333333334,-0.21389684081077576,-0.779738787198015
TOKYOTECH_s01,20,14,20.466666666666665,-0.45512115955352783,-0.3107115330821762
TOKYOTECH_s01,20,15,20.5,-0.740211546421051,0.221520956787936
TOKYOTECH_s01,20,16,20.533333333333335,-0.7863221764564514,0.7356955296218555
TOKYOTECH_s01,20,17,20.566666666666666,-0.9841922521591187,1.1479820519789705
TOKYOTECH_s01,20,18,20.6,-1.000691294670105,1.3946819094712837
TOKYOTECH_s01,20,19,20.633333333333333,-1.0614895820617676,1.4494889200444827
TOKYOTECH_s01,20,20,20.666666666666668,-0.962692379951477,1.3293765106004605
TOKYOTECH_s01,20,21,20.7,-1.0673173666000366,1.087645910771778
TOKYOTECH_s01,20,22,20.733333333333334,-1.0237269401550293,0.7968545897261342
TOKYOTECH_s01,20,23,20.766666666666666,-1.1095690727233887,0.5270381169553644
TOKYOTECH_s01,20,24,20.8,-0.17648856341838837,0.32567067338766853
TOKYOTECH_s01,20,25,20.833333333333332,1.120357871055603,0.2052351508493046
TOKYOTECH_s01,20,26,20.866666666666667,1.7857131958007812,0.14223463576314127
TOKYOTECH_s01,20,27,20.9,1.6374189853668213,0.0882122776596849
TOKYOTECH_s01,20,28,20.933333333333334,1.2020260095596313,-0.010478059318860637
TOKYOTECH_s01,20,29,20.966666666666665,0.7969534993171692,-0.19045156048263404
TOKYOTECH_s01,20,30,21.0,0.33773738145828247,-0.4539378068250295
TOKYOTECH_s01,20,31,21.033333333333335,0.03197396174073219,-0.762250201009264
TOKYOTECH_s01,20,32,21.066666666666666,-0.13352811336517334,-1.0428102727891795
TOKYOTECH_s01,20,33,21.1,0.14400190114974976,-1.208467224103295
TOKYOTECH_s01,20,34,21.133333333333333,0.22484314441680908,-1.184233242161115
TOKYOTECH_s01,20,35,21.166666666666668,-0.049536701291799545,-0.9339586401163357
TOKYOTECH_s01,20,36,21.2,-0.2783178389072418,-0.4783799267420402
TOKYOTECH_s01,20,37,21.233333333333334,-0.3986149728298187,0.10303078868428946
TOKYOTECH_s01,20,38,21.266666666666666,-0.7108362317085266,0.6901444557590124
TOKYOTECH_s01,20,39,21.3,-0.8265656232833862,1.156553509825255
TOKYOTECH_s01,20,40,21.333333333333332,-0.8268412351608276,1.4079252781030505
TOKYOTECH_s01,20,41,21.366666666666667,-0.9850585460662842,1.4086153615543657
TOKYOTECH_s01,20,42,21.4,-1.082083821296692,1.1868144947060923
TOKYOTECH_s01,20,43,21.433333333333334,-0.9821840524673462,0.819084332526761
TOKYOTECH_s01,20,44,21.466666666666665,-0.8116810917854309,0.4029131664547127
TOKYOTECH_s01,20,45,21.5,-0.9876968264579773,0.027985067836851923
TOKYOTECH_s01,20,46,21.533333333333335,-0.39188146591186523,-0.24572151698651745
TOKYOTECH_s01,20,47,21.566666666666666,0.8897653818130493,-0.39904857588950826
TOKYOTECH_s01,20,48,21.6,1.7964237928390503,-0.45314512495869225
TOKYOTECH_s01,20,49,21.633333333333333,1.609067440032959,-0.45834972329335427
TOKYOTECH_s01,20,50,21.666666666666668,1.3902881145477295,-0.4751280617147643
TOKYOTECH_s01,20,51,21.7,0.8992158770561218,-0.5516530378692247
TOKYOTECH_s01,20,52,21.733333333333334,0.39132964611053467,-0.7043970423897633
TOKYOTECH_s01,20,53,21.766666666666666,-0.08076276630163193,-0.9083662231631218
TOKYOTECH_s01,20,54,21.8,0.027524344623088837,-1.101277180437946
TOKYOTECH_s01,20,55,21.833333333333332,0.04280267283320427,-1.2015719506851152
TOKYOTECH_s01,20,56,21.866666666666667,0.12218696624040604,-1.1352992275927973
TOKYOTECH_s01,20,57,21.9,-0.021145788952708244,-0.8634374523173308
TOKYOTECH_s01,20,58,21.933333333333334,-0.12167560309171677,-0.40048319769998764
TOKYOTECH_s01,20,59,21.966666666666665,-0.4967821538448334,0.18295149564004257
TOKYOTECH_s01,20,60,22.0,-0.6155829429626465,0.7765468929064728
TOKYOTECH_s01,20,61,22.033333333333335,-0.776556670665741,1.2619717405056587
TOKYOTECH_s01,20,62,22.066666666666666,-0.8099878430366516,1.5486453306578911
TOKYOTECH_s01,20,63,22.1,-1.0505427122116089,1.5993251985506782
TOKYOTECH_s01,20,64,22.133333333333333,-0.9556832313537598,1.4361066874272035
TOKYOTECH_s01,20,65,22.166666666666668,-0.915439784526825,1.1265769306129076
TOKYOTECH_s01,20,66,22.2,-0.9191806316375732,0.7574948485242483
TOKYOTECH_s01,20,67,22.233333333333334,-1.0443605184555054,0.4065480100654554
TOKYOTECH_s01,20,68,22.266666666666666,-0.15175972878932953,0.12146962183658709
TOKYOTECH_s01,20,69,22.3,1.0239626169204712,-0.08805429985208771
TOKYOTECH_s01,20,70,22.333333333333332,1.8697046041488647,-0.24466895918766107
TOKYOTECH_s01,20,71,22.366666666666667,1.7851225137710571,-0.387050973196163
TOKYOTECH_s01,20,72,22.4,1.5302737951278687,-0.5496963421520269
TOKYOTECH_s01,20,73,22.433333333333334,0.9546588659286499,-0.7463404369523763
TOKYOTECH_s01,20,74,22.466666666666665,0.5126899480819702,-0.9620657497132948
TOKYOTECH_s01,20,75,22.5,0.00992276705801487,-1.1554166977243676
TOKYOTECH_s01,20,76,22.533333333333335,0.02854814939200878,-1.269245171474679
TOKYOTECH_s01,20,77,22.566666666666666,-0.07308422774076462,-1.2476033999961023
TOKYOTECH_s01,20,78,22.6,0.09840317815542221,-1.0547956115475674
TOKYOTECH_s01,20,79,22.633333333333333,0.09237848222255707,-0.6914032053408545
TOKYOTECH_s01,20,80,22.666666666666668,-0.07513183355331421,-0.20140325667792874
TOKYOTECH_s01,20,81,22.7,-0.4142870604991913,0.33415210703837345
TOKYOTECH_s01,20,82,22.733333333333334,-0.6440132260322571,0.8172050483704182
TOKYOTECH_s01,20,83,22.766666666666666,-0.7276896238327026,1.1607694197726628
TOKYOTECH_s01,20,84,22.8,-0.86885666847229,1.3143378418990495
TOKYOTECH_s01,20,85,22.833333333333332,-1.0040383338928223,1.276143422063327
TOKYOTECH_s01,20,86,22.866666666666667,-1.003132700920105,1.0882801457235822
TOKYOTECH_s01,20,87,22.9,-1.0070704221725464,0.818651029819461
TOKYOTECH_s01,20,88,22.933333333333334,-0.9005946516990662,0.5377936478043621
TOKYOTECH_s01,20,89,22.966666666666665,-0.7434405088424683,0.29835562333063076
TOKYOTECH_s01,20,90,23.0,0.15108978748321533,0.12255916298174911
TOKYOTECH_s01,20,91,23.033333333333335,1.4447466135025024,0.000125136280760778
TOKYOTECH_s01,20,92,23.066666666666666,1.8743118047714233,-0.10343648454082499
TOKYOTECH_s01,20,93,23.1,1.7008554935455322,-0.2306725960268894
TOKYOTECH_s01,20,94,23.133333333333333,1.280662178993225,-0.4130200414093979
TOKYOTECH_s01,20,95,23.166666666666668,0.8584999442100525,-0.6548944524863364
TOKYOTECH_s01,20,96,23.2,0.4505528509616852,-0.9267329522923708
TOKYOTECH_s01,20,97,23.233333333333334,0.06178244948387146,-1.1698724689121394
TOKYOTECH_s01,20,98,23.266666666666666,-0.04205504432320595,-1.3119956561481456
TOKYOTECH_s01,20,99,23.3,0.06969725340604782,-1.288482862477664
TOKYOTECH_s01,20,100,23.333333333333332,0.044180870056152344,-1.06378096181056
TOKYOTECH_s01,20,101,23.366666666666667,0.004803739953786135,-0.6469864465723255
TOKYOTECH_s01,20,102,23.4,-0.17731548845767975,-0.09628521445429783
TOKYOTECH_s01,20,103,23.433333333333334,-0.4448043406009674,0.4913181393139376
TOKYOTECH_s01,20,104,23.466666666666665,-0.5474604964256287,1.0042711925538066
TOKYOTECH_s01,20,105,23.5,-0.7083160877227783,1.3480079869553527
TOKYOTECH_s01,20,106,23.533333333333335,-0.8378275036811829,1.472109157285635
TOKYOTECH_s01,20,107,23.566666666666666,-0.8758264183998108,1.381983680692156
TOKYOTECH_s01,20,108,23.6,-0.9516667723655701,1.1312359382407113
TOKYOTECH_s01,20,109,23.633333333333333,-0.9515880346298218,0.79971122861375
TOKYOTECH_s01,20,110,23.666666666666668,-0.9483197331428528,0.46674588015738516
TOKYOTECH_s01,20,111,23.7,-0.44878143072128296,0.18881284053605502
TOKYOTECH_s01,20,112,23.733333333333334,0.7538354992866516,-0.012256186051263166
TOKYOTECH_s01,20,113,23.766666666666666,1.701682448387146,-0.14845538862895208
TOKYOTECH_s01,20,114,23.8,1.6989654302597046,-0.2543385027205277
TOKYOTECH_s01,20,115,23.833333333333332,1.273534893989563,-0.37014109694454433
TOKYOTECH_s01,20,116,23.866666666666667,0.8655878305435181,-0.5246558646116155
TOKYOTECH_s01,20,117,23.9,0.5256844162940979,-0.7224161431733478
TOKYOTECH_s01,20,118,23.933333333333334,0.22988341748714447,-0.9386064833835277
TOKYOTECH_s01,20,119,23.966666666666665,-0.006930644623935223,-1.1235228723888593
TOKYOTECH_s01,20,120,24.0,0.12687285244464874,-1.215989314384376
TOKYOTECH_s01,20,121,24.033333333333335,0.19818483293056488,-1.1624121404572794
TOKYOTECH_s01,20,122,24.066666666666666,-0.0025597834028303623,-0.9360289237073687
TOKYOTECH_s01,20,123,24.1,-0.09167023003101349,-0.5500415481162005
TOKYOTECH_s01,20,124,24.133333333333333,-0.29434433579444885,-0.05927265574392076
TOKYOTECH_s01,20,125,24.166666666666668,-0.3885737955570221,0.4517340559082644
TOKYOTECH_s01,20,126,24.2,-0.5962094068527222,0.8911766346525909
TOKYOTECH_s01,20,127,24.233333333333334,-0.6949278712272644,1.1854753465161574
TOKYOTECH_s01,20,128,24.266666666666666,-0.7543085813522339,1.298675110000751
TOKYOTECH_s01,20,129,24.3,-0.8746451139450073,1.2390175003415562
TOKYOTECH_s01,20,130,24.333333333333332,-0.9473353028297424,1.0511550357944568
TOKYOTECH_s01,20,131,24.366666666666667,-0.9871849417686462,0.7979219863392113
TOKYOTECH_s01,20,132,24.4,-0.7256814241409302,0.5387429800554258
TOKYOTECH_s01,20,133,24.433333333333334,0.2818218469619751,0.31204160146041765
TOKYOTECH_s01,20,134,24.466666666666665,1.4838480949401855,0.12700879245295948
TOKYOTECH_s01,20,135,24.5,1.9927581548690796,-0.03335453601778195
TOKYOTECH_s01,20,136,24.533333333333335,1.5750062465667725,-0.19983997363265965
TOKYOTECH_s01,20,137,24.566666666666666,1.0625522136688232,-0.4001122563497512
TOKYOTECH_s01,20,138,24.6,0.5598244071006775,-0.6431496420704178
TOKYOTECH_s01,20,139,24.633333333333333,0.12998363375663757,-0.91005340336624
TOKYOTECH_s01,20,140,24.666666666666668,-0.09895499795675278,-1.1540951080565007
TOKYOTECH_s01,20,141,24.7,-0.015948006883263588,-1.310489366655571
TOKYOTECH_s01,20,142,24.733333333333334,0.17617301642894745,-1.3142960272643889
TOKYOTECH_s01,20,143,24.766666666666666,0.22263802587985992,-1.1225481530133659
TOKYOTECH_s01,20,144,24.8,0.02362600900232792,-0.7340262503540086
TOKYOTECH_s01,20,145,24.833333333333332,-0.2310652732849121,-0.19853742488565534
TOKYOTECH_s01,20,146,24.866666666666667,-0.40873488783836365,0.39074286649027906
TOKYOTECH_s01,20,147,24.9,-0.6077862977981567,0.9220003250556513
TOKYOTECH_s01,20,148,24.933333333333334,-0.7230431437492371,1.2977596026563984
TOKYOTECH_s01,20,149,24.966666666666665,-0.792189359664917,1.462214523770808
TOKYOTECH_s01,20,150,25.0,-0.8565710186958313,1.4124135272454914
TOKYOTECH_s01,20,151,25.033333333333335,-0.8903959393501282,1.1913870013578856
TOKYOTECH_s01,20,152,25.066666666666666,-0.8414501547813416,0.8688127882193557
TOKYOTECH_s01,20,153,25.1,-0.41688594222068787,0.5179096207517978
TOKYOTECH_s01,20,154,25.133333333333333,0.8002611398696899,0.19596478534587117
TOKYOTECH_s01,20,155,25.166666666666668,1.846472144126892,-0.06718693132228956
TOKYOTECH_s01,20,156,25.2,1.9002612829208374,-0.2709287654318
TOKYOTECH_s01,20,157,25.233333333333334,1.4602612257003784,-0.4362086547940645
TOKYOTECH_s01,20,158,25.266666666666666,1.030538558959961,-0.5913569446177406
TOKYOTECH_s01,20,159,25.3,0.7456450462341309,-0.7563072930009501
TOKYOTECH_s01,20,160,25.333333333333332,0.3135204315185547,-0.9305014437539394
TOKYOTECH_s01,20,161,25.366666666666667,0.15053850412368774,-1.088621840144467
TOKYOTECH_s01,20,162,25.4,0.257526159286499,-1.1862187301768121
TOKYOTECH_s01,20,163,25.433333333333334,0.28335756063461304,-1.1741062693323867
TOKYOTECH_s01,20,164,25.466666666666665,0.20105935633182526,-1.0165950428348502
TOKYOTECH_s01,20,165,25.5,-0.06627198308706284,-0.7065405694144637
TOKYOTECH_s01,20,166,25.533333333333335,-0.41731908917427063,-0.2715956659350192
TOKYOTECH_s01,20,167,25.566666666666666,-0.6298768520355225,0.2301189251278227
TOKYOTECH_s01,20,168,25.6,-0.7877004146575928,0.7228482539291387
TOKYOTECH_s01,20,169,25.633333333333333,-0.8748025894165039,1.1302841381571793
TOKYOTECH_s01,20,170,25.666666666666668,-0.7797855734825134,1.3924782816768997
TOKYOTECH_s01,20,171,25.7,-0.8384968638420105,1.4788224777762717
TOKYOTECH_s01,20,172,25.733333333333334,-0.8452697396278381,1.3938295547884385
TOKYOTECH_s01,20,173,25.766666666666666,-0.7605695724487305,1.1736557216076655
TOKYOTECH_s01,20,174,25.8,-0.5060751438140869,0.8740409723631012
TOKYOTECH_s01,20,175,25.833333333333332,0.676183819770813,0.553463386873408
TOKYOTECH_s01,20,176,25.866666666666667,1.8295793533325195,0.2570374513178622
TOKYOTECH_s01,20,177,25.9,2.0782852172851562,0.006283948449701014
TOKYOTECH_s01,20,178,25.933333333333334,1.6993591785430908,-0.20233903110421336
TOKYOTECH_s01,20,179,25.966666666666665,1.2984212636947632,-0.390246158958309
TOKYOTECH_s01,20,180,26.0,0.8894109725952148,-0.583564999584304
TOKYOTECH_s01,20,181,26.033333333333335,0.518517792224884,-0.7982925894556908
TOKYOTECH_s01,20,182,26.066666666666666,0.26177889108657837,-1.0285163718353716
TOKYOTECH_s01,20,183,26.1,0.19397146999835968,-1.2418108342522791
TOKYOTECH_s01,20,184,26.133333333333333,0.29103609919548035,-1.384273407402017
TOKYOTECH_s01,20,185,26.166666666666668,0.20936793088912964,-1.395115356309902
TOKYOTECH_s01,20,186,26.2,0.022562826052308083,-1.2275409273047913
TOKYOTECH_s01,20,187,26.233333333333334,-0.14908207952976227,-0.8694025226902662
TOKYOTECH_s01,20,188,26.266666666666666,-0.361167311668396,-0.35522354610024903
TOKYOTECH_s01,20,189,26.3,-0.5034762620925903,0.2370353006491889
TOKYOTECH_s01,20,190,26.333333333333332,-0.600816547870636,0.8049781771340507
TOKYOTECH_s01,20,191,26.366666666666667,-0.6446039080619812,1.249780345869874
TOKYOTECH_s01,20,192,26.4,-0.7145770788192749,1.502351829158197
TOKYOTECH_s01,20,193,26.433333333333334,-0.8437734246253967,1.5383449073312014
TOKYOTECH_s01,20,194,26.466666666666665,-0.957691490650177,1.3788405180201018
TOKYOTECH_s01,20,195,26.5,-1.0709794759750366,1.0795887858770317
TOKYOTECH_s01,20,196,26.533333333333335,-0.8438915610313416,0.7138033710301598
TOKYOTECH_s01,20,197,26.566666666666666,0.1921994984149933,0.352976203551016
TOKYOTECH_s01,20,198,26.6,1.4850294589996338,0.04974788478900566
TOKYOTECH_s01,20,199,26.633333333333333,1.9855127334594727,-0.1732620015242692
TOKYOTECH_s01,20,200,26.666666666666668,1.7202684879302979,-0.325686237647455
TOKYOTECH_s01,20,201,26.7,1.2520743608474731,-0.4418890544955964
TOKYOTECH_s01,20,202,26.733333333333334,0.9680864810943604,-0.5658195618463278
TOKYOTECH_s01,20,203,26.766666666666666,0.6320026516914368,-0.7327952048067167
TOKYOTECH_s01,20,204,26.8,0.33313024044036865,-0.9535879707706626
TOKYOTECH_s01,20,205,26.833333333333332,0.26784297823905945,-1.2054538517687932
TOKYOTECH_s01,20,206,26.866666666666667,0.2727257311344147,-1.433093491346238
TOKYOTECH_s01,20,207,26.9,0.31422922015190125,-1.56044395468534
TOKYOTECH_s01,20,208,26.933333333333334,0.010631555691361427,-1.5117842405573476
TOKYOTECH_s01,20,209,26.966666666666665,-0.23232534527778625,-1.237642997696632
TOKYOTECH_s01,20,210,27.0,-0.44606441259384155,-0.7377881801721317
TOKYOTECH_s01,20,211,27.033333333333335,-0.6707109212875366,-0.07181683984813529
TOKYOTECH_s01,20,212,27.066666666666666,-0.7558836936950684,0.6501798900850994
TOKYOTECH_s01,20,213,27.1,-0.8413320183753967,1.297047109510316
TOKYOTECH_s01,20,214,27.133333333333333,-0.8513731956481934,1.7556670113635338
TOKYOTECH_s01,20,215,27.166666666666668,-0.8154218792915344,1.9632630748773063
TOKYOTECH_s01,20,216,27.2,-0.8151068687438965,1.9204688908851155
TOKYOTECH_s01,20,217,27.233333333333334,-0.7987653613090515,1.6828382945105251
TOKYOTECH_s01,20,218,27.266666666666666,-0.912250280380249,1.337240391322235
TOKYOTECH_s01,20,219,27.3,-0.8944911956787109,0.9733073885182537
TOKYOTECH_s01,20,220,27.333333333333332,-0.2834368646144867,0.6589489589144905
TOKYOTECH_s01,20,221,27.366666666666667,1.0310899019241333,0.42555682181968385
TOKYOTECH_s01,20,222,27.4,1.9393627643585205,0.26539965964964185
TOKYOTECH_s01,20,223,27.433333333333334,1.6519097089767456,0.14094466882362164
TOKYOTECH_s01,20,224,27.466666666666665,1.2229353189468384,0.002840480785077268
TOKYOTECH_s01,20,225,27.5,0.8427490592002869,-0.18916927435077707
TOKYOTECH_s01,20,226,27.533333333333335,0.5319454073905945,-0.44889319733964494
TOKYOTECH_s01,20,227,27.566666666666666,0.14006417989730835,-0.7551408158513853
TOKYOTECH_s01,20,228,27.6,0.09367792308330536,-1.054484773925274
TOKYOTECH_s01,20,229,27.633333333333333,0.27945923805236816,-1.2747886693263881
TOKYOTECH_s01,20,230,27.666666666666668,0.27886855602264404,-1.3464425411422574
TOKYOTECH_s01,20,231,27.7,0.1603040248155594,-1.2262116077563348
TOKYOTECH_s01,20,232,27.733333333333334,-0.03473090007901192,-0.916913461448081
TOKYOTECH_s01,20,233,27.766666666666666,-0.22637939453125,-0.4754822168896216
TOKYOTECH_s01,20,234,27.8,-0.4665011465549469,-0.0036826376307655963
TOKYOTECH_s01,20,235,27.833333333333332,-0.6287742853164673,0.3788852957199372
TOKYOTECH_s01,20,236,27.866666666666667,-0.7093399167060852,0.5718159375225045
TOKYOTECH_s01,20,237,27.9,-0.7012282013893127,0.5274177437706664
TOKYOTECH_s01,20,238,27.933333333333334,-0.7452518343925476,0.2677832248012352
TOKYOTECH_s01,20,239,27.966666666666665,-0.7525759935379028,-0.1209823220480155
TOKYOTECH_s01,21,0,21.0,0.33773738145828247,0.05916280000333471
TOKYOTECH_s01,21,1,21.033333333333335,0.03197396174073219,-0.35376865545528957
TOKYOTECH_s01,21,2,21.066666666666666,-0.13352811336517334,-0.6947774783429345
TOKYOTECH_s01,21,3,21.1,0.14400190114974976,-0.8976816579957738
TOKYOTECH_s01,21,4,21.133333333333333,0.22484314441680908,-0.9129172480805596
TOKYOTECH_s01,21,5,21.166666666666668,-0.049536701291799545,-0.7198593360341982
TOKYOTECH_s01,21,6,21.2,-0.2783178389072418,-0.3378140872511941
TOKYOTECH_s01,21,7,21.233333333333334,-0.3986149728298187,0.17032303671953566
TOKYOTECH_s01,21,8,21.266666666666666,-0.7108362317085266,0.7072377997796366
TOKYOTECH_s01,21,9,21.3,-0.8265656232833862,1.1639779061585014
TOKYOTECH_s01,21,10,21.333333333333332,-0.8268412351608276,1.449447013669127
TOKYOTECH_s01,21,11,21.366666666666667,-0.9850585460662842,1.5149131777212028
TOKYOTECH_s01,21,12,21.4,-1.082083821296692,1.3642969776524985
TOKYOTECH_s01,21,13,21.433333333333334,-0.9821840524673462,1.048055693949273
TOKYOTECH_s01,21,14,21.466666666666665,-0.8116810917854309,0.6448199044278239
TOKYOTECH_s01,21,15,21.5,-0.9876968264579773,0.237970430206207
TOKYOTECH_s01,21,16,21.533333333333335,-0.39188146591186523,-0.10589743024632052
TOKYOTECH_s01,21,17,21.566666666666666,0.8897653818130493,-0.3516233459782226
TOKYOTECH_s01,21,18,21.6,1.7964237928390503,-0.5003595808481984
TOKYOTECH_s01,21,19,21.633333333333333,1.609067440032959,-0.5838832321448812
TOKYOTECH_s01,21,20,21.666666666666668,1.3902881145477295,-0.6499432921513101
TOKYOTECH_s01,21,21,21.7,0.8992158770561218,-0.7426445435217989
TOKYOTECH_s01,21,22,21.733333333333334,0.39132964611053467,-0.8835979113696839
TOKYOTECH_s01,21,23,21.766666666666666,-0.08076276630163193,-1.0599917112980615
TOKYOTECH_s01,21,24,21.8,0.027524344623088837,-1.2243600612746175
TOKYOTECH_s01,21,25,21.833333333333332,0.04280267283320427,-1.3074418900242852
TOKYOTECH_s01,21,26,21.866666666666667,0.12218696624040604,-1.2408872368206616
TOKYOTECH_s01,21,27,21.9,-0.021145788952708244,-0.9827585920691857
TOKYOTECH_s01,21,28,21.933333333333334,-0.12167560309171677,-0.5374770526763695
TOKYOTECH_s01,21,29,21.966666666666665,-0.4967821538448334,0.03725984238207357
TOKYOTECH_s01,21,30,22.0,-0.6155829429626465,0.6413473011760209
TOKYOTECH_s01,21,31,22.033333333333335,-0.776556670665741,1.159723485522758
TOKYOTECH_s01,21,32,22.066666666666666,-0.8099878430366516,1.4968179688279826
TOKYOTECH_s01,21,33,22.1,-1.0505427122116089,1.6038811941024704
TOKYOTECH_s01,21,34,22.133333333333333,-0.9556832313537598,1.4889845643848298
TOKYOTECH_s01,21,35,22.166666666666668,-0.915439784526825,1.2081355422295919
TOKYOTECH_s01,21,36,22.2,-0.9191806316375732,0.8430769089973126
TOKYOTECH_s01,21,37,22.233333333333334,-1.0443605184555054,0.4746108392906605
TOKYOTECH_s01,21,38,22.266666666666666,-0.15175972878932953,0.1601755478982638
TOKYOTECH_s01,21,39,22.3,1.0239626169204712,-0.0780541060714581
TOKYOTECH_s01,21,40,22.333333333333332,1.8697046041488647,-0.25201702161751527
TOKYOTECH_s01,21,41,22.366666666666667,1.7851225137710571,-0.3952935784548262
TOKYOTECH_s01,21,42,22.4,1.5302737951278687,-0.5447425219618036
TOKYOTECH_s01,21,43,22.433333333333334,0.9546588659286499,-0.7230624847069707
TOKYOTECH_s01,21,44,22.466666666666665,0.5126899480819702,-0.9274517608484989
TOKYOTECH_s01,21,45,22.5,0.00992276705801487,-1.126735562490788
TOKYOTECH_s01,21,46,22.533333333333335,0.02854814939200878,-1.2673898748775023
TOKYOTECH_s01,21,47,22.566666666666666,-0.07308422774076462,-1.287662050869333
TOKYOTECH_s01,21,48,22.6,0.09840317815542221,-1.137355567939744
TOKYOTECH_s01,21,49,22.633333333333333,0.09237848222255707,-0.7983903932768517
TOKYOTECH_s01,21,50,22.666666666666668,-0.07513183355331421,-0.2988909340460121
TOKYOTECH_s01,21,51,22.7,-0.4142870604991913,0.28644543218865576
TOKYOTECH_s01,21,52,22.733333333333334,-0.6440132260322571,0.852901504542542
TOKYOTECH_s01,21,53,22.766666666666666,-0.7276896238327026,1.2951222993315104
TOKYOTECH_s01,21,54,22.8,-0.86885666847229,1.5381485679009443
TOKYOTECH_s01,21,55,22.833333333333332,-1.0040383338928223,1.5573029401974674
TOKYOTECH_s01,21,56,22.866666666666667,-1.003132700920105,1.3800894132376553
TOKYOTECH_s01,21,57,22.9,-1.0070704221725464,1.0719073166728676
TOKYOTECH_s01,21,58,22.933333333333334,-0.9005946516990662,0.7127109268021391
TOKYOTECH_s01,21,59,22.966666666666665,-0.7434405088424683,0.37287826319120043
TOKYOTECH_s01,21,60,23.0,0.15108978748321533,0.09529505766435209
TOKYOTECH_s01,21,61,23.033333333333335,1.4447466135025024,-0.11185618779977553
TOKYOTECH_s01,21,62,23.066666666666666,1.8743118047714233,-0.2703698020984303
TOKYOTECH_s01,21,63,23.1,1.7008554935455322,-0.41766460173539016
TOKYOTECH_s01,21,64,23.133333333333333,1.280662178993225,-0.5881558093206408
TOKYOTECH_s01,21,65,23.166666666666668,0.8584999442100525,-0.7968537462111258
TOKYOTECH_s01,21,66,23.2,0.4505528509616852,-1.030269840846708
TOKYOTECH_s01,21,67,23.233333333333334,0.06178244948387146,-1.2468575202856047
TOKYOTECH_s01,21,68,23.266666666666666,-0.04205504432320595,-1.3865450855850125
TOKYOTECH_s01,21,69,23.3,0.06969725340604782,-1.3870762951150863
TOKYOTECH_s01,21,70,23.333333333333332,0.044180870056152344,-1.2036391920039247
TOKYOTECH_s01,21,71,23.366666666666667,0.004803739953786135,-0.8270130347869618
TOKYOTECH_s01,21,72,23.4,-0.17731548845767975,-0.2942599927425265
TOKYOTECH_s01,21,73,23.433333333333334,-0.4448043406009674,0.31371685630683344
TOKYOTECH_s01,21,74,23.466666666666665,-0.5474604964256287,0.8901057207166819
TOKYOTECH_s01,21,75,23.5,-0.7083160877227783,1.3315433343120744
TOKYOTECH_s01,21,76,23.533333333333335,-0.8378275036811829,1.5679964573572351
TOKYOTECH_s01,21,77,23.566666666666666,-0.8758264183998108,1.5806291948173083
TOKYOTECH_s01,21,78,23.6,-0.9516667723655701,1.4013667011643107
TOKYOTECH_s01,21,79,23.633333333333333,-0.9515880346298218,1.096877689342214
TOKYOTECH_s01,21,80,23.666666666666668,-0.9483197331428528,0.7449803129508177
TOKYOTECH_s01,21,81,23.7,-0.44878143072128296,0.4120205517874537
TOKYOTECH_s01,21,82,23.733333333333334,0.7538354992866516,0.13761031529806986
TOKYOTECH_s01,21,83,23.766666666666666,1.701682448387146,-0.07021658410350566
TOKYOTECH_s01,21,84,23.8,1.6989654302597046,-0.22979848923531057
TOKYOTECH_s01,21,85,23.833333333333332,1.273534893989563,-0.37345549187775734
TOKYOTECH_s01,21,86,23.866666666666667,0.8655878305435181,-0.531921788767761
TOKYOTECH_s01,21,87,23.9,0.5256844162940979,-0.7198963665477438
TOKYOTECH_s01,21,88,23.933333333333334,0.22988341748714447,-0.9268993978688911
TOKYOTECH_s01,21,89,23.966666666666665,-0.006930644623935223,-1.1166844344416311
TOKYOTECH_s01,21,90,24.0,0.12687285244464874,-1.2362099148482162
TOKYOTECH_s01,21,91,24.033333333333335,0.19818483293056488,-1.2320637234620107
TOKYOTECH_s01,21,92,24.066666666666666,-0.0025597834028303623,-1.0693524682964959
TOKYOTECH_s01,21,93,24.1,-0.09167023003101349,-0.7466187115195102
TOKYOTECH_s01,21,94,24.133333333333333,-0.29434433579444885,-0.3011575677977246
TOKYOTECH_s01,21,95,24.166666666666668,-0.3885737955570221,0.19785894557555903
TOKYOTECH_s01,21,96,24.2,-0.5962094068527222,0.6667065674609298
TOKYOTECH_s01,21,97,24.233333333333334,-0.6949278712272644,1.0291711505480028
TOKYOTECH_s01,21,98,24.266666666666666,-0.7543085813522339,1.2357539703277283
TOKYOTECH_s01,21,99,24.3,-0.8746451139450073,1.2736416390130638
TOKYOTECH_s01,21,100,24.333333333333332,-0.9473353028297424,1.164976110293601
TOKYOTECH_s01,21,101,24.366666666666667,-0.9871849417686462,0.9554307557301382
TOKYOTECH_s01,21,102,24.4,-0.7256814241409302,0.6979527170776031
TOKYOTECH_s01,21,103,24.433333333333334,0.2818218469619751,0.43721722996425116
TOKYOTECH_s01,21,104,24.466666666666665,1.4838480949401855,0.1993247966678848
TOKYOTECH_s01,21,105,24.5,1.9927581548690796,-0.010847868193663304
TOKYOTECH_s01,21,106,24.533333333333335,1.5750062465667725,-0.20476172554136537
TOKYOTECH_s01,21,107,24.566666666666666,1.0625522136688232,-0.39999853716031786
TOKYOTECH_s01,21,108,24.6,0.5598244071006775,-0.6080606802588473
TOKYOTECH_s01,21,109,24.633333333333333,0.12998363375663757,-0.8239602241292502
TOKYOTECH_s01,21,110,24.666666666666668,-0.09895499795675278,-1.0212916016674807
TOKYOTECH_s01,21,111,24.7,-0.015948006883263588,-1.1554665611564243
TOKYOTECH_s01,21,112,24.733333333333334,0.17617301642894745,-1.1754846135338763
TOKYOTECH_s01,21,113,24.766666666666666,0.22263802587985992,-1.041547401334779
TOKYOTECH_s01,21,114,24.8,0.02362600900232792,-0.7430112495752991
TOKYOTECH_s01,21,115,24.833333333333332,-0.2310652732849121,-0.3095191863139217
TOKYOTECH_s01,21,116,24.866666666666667,-0.40873488783836365,0.19111394310653562
TOKYOTECH_s01,21,117,24.9,-0.6077862977981567,0.6699348375776887
TOKYOTECH_s01,21,118,24.933333333333334,-0.7230431437492371,1.0427026830294703
TOKYOTECH_s01,21,119,24.966666666666665,-0.792189359664917,1.2534119981736165
TOKYOTECH_s01,21,120,25.0,-0.8565710186958313,1.2863977456228033
TOKYOTECH_s01,21,121,25.033333333333335,-0.8903959393501282,1.16439423196791
TOKYOTECH_s01,21,122,25.066666666666666,-0.8414501547813416,0.9356666845383743
TOKYOTECH_s01,21,123,25.1,-0.41688594222068787,0.6562576363152848
TOKYOTECH_s01,21,124,25.133333333333333,0.8002611398696899,0.37363863019673393
TOKYOTECH_s01,21,125,25.166666666666668,1.846472144126892,0.116397579713859
TOKYOTECH_s01,21,126,25.2,1.9002612829208374,-0.10800839441618469
TOKYOTECH_s01,21,127,25.233333333333334,1.4602612257003784,-0.30807021183698174
TOKYOTECH_s01,21,128,25.266666666666666,1.030538558959961,-0.4983090989041731
TOKYOTECH_s01,21,129,25.3,0.7456450462341309,-0.6882913385504956
TOKYOTECH_s01,21,130,25.333333333333332,0.3135204315185547,-0.874073344470179
TOKYOTECH_s01,21,131,25.366666666666667,0.15053850412368774,-1.034767377222156
TOKYOTECH_s01,21,132,25.4,0.257526159286499,-1.1357960519802126
TOKYOTECH_s01,21,133,25.433333333333334,0.28335756063461304,-1.1385475484992542
TOKYOTECH_s01,21,134,25.466666666666665,0.20105935633182526,-1.0135615198019425
TOKYOTECH_s01,21,135,25.5,-0.06627198308706284,-0.7525310857957231
TOKYOTECH_s01,21,136,25.533333333333335,-0.41731908917427063,-0.3747007348975169
TOKYOTECH_s01,21,137,25.566666666666666,-0.6298768520355225,0.07455998586088508
TOKYOTECH_s01,21,138,25.6,-0.7877004146575928,0.5323948271786096
TOKYOTECH_s01,21,139,25.633333333333333,-0.8748025894165039,0.9316194138807367
TOKYOTECH_s01,21,140,25.666666666666668,-0.7797855734825134,1.2150269216228076
TOKYOTECH_s01,21,141,25.7,-0.8384968638420105,1.3475519859061473
TOKYOTECH_s01,21,142,25.733333333333334,-0.8452697396278381,1.3232095870845488
TOKYOTECH_s01,21,143,25.766666666666666,-0.7605695724487305,1.1645734995852601
TOKYOTECH_s01,21,144,25.8,-0.5060751438140869,0.9146130832818035
TOKYOTECH_s01,21,145,25.833333333333332,0.676183819770813,0.6233477860359588
TOKYOTECH_s01,21,146,25.866666666666667,1.8295793533325195,0.33375457643166634
TOKYOTECH_s01,21,147,25.9,2.0782852172851562,0.07161861881637628
TOKYOTECH_s01,21,148,25.933333333333334,1.6993591785430908,-0.15767096906886596
TOKYOTECH_s01,21,149,25.966666666666665,1.2984212636947632,-0.3650041707110225
TOKYOTECH_s01,21,150,26.0,0.8894109725952148,-0.5680118599425812
TOKYOTECH_s01,21,151,26.033333333333335,0.518517792224884,-0.7793502010145543
TOKYOTECH_s01,21,152,26.066666666666666,0.26177889108657837,-0.9964641753947532
TOKYOTECH_s01,21,153,26.1,0.19397146999835968,-1.1962263661290597
TOKYOTECH_s01,21,154,26.133333333333333,0.29103609919548035,-1.3369871919502618
TOKYOTECH_s01,21,155,26.166666666666668,0.20936793088912964,-1.3687450538070869
TOKYOTECH_s01,21,156,26.2,0.022562826052308083,-1.249282410939244
TOKYOTECH_s01,21,157,26.233333333333334,-0.14908207952976227,-0.96114577810714
TOKYOTECH_s01,21,158,26.266666666666666,-0.361167311668396,-0.5228257607970931
TOKYOTECH_s01,21,159,26.3,-0.5034762620925903,0.011112609295245105
TOKYOTECH_s01,21,160,26.333333333333332,-0.600816547870636,0.5618167907903854
TOKYOTECH_s01,21,161,26.366666666666667,-0.6446039080619812,1.0455818483059076
TOKYOTECH_s01,21,162,26.4,-0.7145770788192749,1.3936601461195888
TOKYOTECH_s01,21,163,26.433333333333334,-0.8437734246253967,1.5659210625946451
TOKYOTECH_s01,21,164,26.466666666666665,-0.957691490650177,1.5556810448732936
TOKYOTECH_s01,21,165,26.5,-1.0709794759750366,1.3867987387350202
TOKYOTECH_s01,21,166,26.533333333333335,-0.8438915610313416,1.1053400682129584
TOKYOTECH_s01,21,167,26.566666666666666,0.1921994984149933,0.7677591189187685
TOKYOTECH_s01,21,168,26.6,1.4850294589996338,0.4276243649916904
TOKYOTECH_s01,21,169,26.633333333333333,1.9855127334594727,0.1236356286498332
TOKYOTECH_s01,21,170,26.666666666666668,1.7202684879302979,-0.1279017015167421
TOKYOTECH_s01,21,171,26.7,1.2520743608474731,-0.33365088636547174
TOKYOTECH_s01,21,172,26.733333333333334,0.9680864810943604,-0.5163129019581795
TOKYOTECH_s01,21,173,26.766666666666666,0.6320026516914368,-0.7021035001213578
TOKYOTECH_s01,21,174,26.8,0.33313024044036865,-0.9065080818655594
TOKYOTECH_s01,21,175,26.833333333333332,0.26784297823905945,-1.1230241452766105
TOKYOTECH_s01,21,176,26.866666666666667,0.2727257311344147,-1.3190979635608808
TOKYOTECH_s01,21,177,26.9,0.31422922015190125,-1.4416540091149253
TOKYOTECH_s01,21,178,26.933333333333334,0.010631555691361427,-1.4318109435489628
TOKYOTECH_s01,21,179,26.966666666666665,-0.23232534527778625,-1.2451731644752995
TOKYOTECH_s01,21,180,27.0,-0.44606441259384155,-0.8713595238162838
TOKYOTECH_s01,21,181,27.033333333333335,-0.6707109212875366,-0.345221617538547
TOKYOTECH_s01,21,182,27.066666666666666,-0.7558836936950684,0.2563403309064272
TOKYOTECH_s01,21,183,27.1,-0.8413320183753967,0.8329845230540188
TOKYOTECH_s01,21,184,27.133333333333333,-0.8513731956481934,1.2886174350016584
TOKYOTECH_s01,21,185,27.166666666666668,-0.8154218792915344,1.557056037700352
TOKYOTECH_s01,21,186,27.2,-0.8151068687438965,1.6161452569984018
TOKYOTECH_s01,21,187,27.233333333333334,-0.7987653613090515,1.4870655854451498
TOKYOTECH_s01,21,188,27.266666666666666,-0.912250280380249,1.2220438958182815
TOKYOTECH_s01,21,189,27.3,-0.8944911956787109,0.8868934767579958
TOKYOTECH_s01,21,190,27.333333333333332,-0.2834368646144867,0.543956984851317
TOKYOTECH_s01,21,191,27.366666666666667,1.0310899019241333,0.23867239636138918
TOKYOTECH_s01,21,192,27.4,1.9393627643585205,-0.008234867047870135
TOKYOTECH_s01,21,193,27.433333333333334,1.6519097089767456,-0.20144535145593787
TOKYOTECH_s01,21,194,27.466666666666665,1.2229353189468384,-0.3643990625746869
TOKYOTECH_s01,21,195,27.5,0.8427490592002869,-0.5270240966786433
TOKYOTECH_s01,21,196,27.533333333333335,0.5319454073905945,-0.7112885620413126
TOKYOTECH_s01,21,197,27.566666666666666,0.14006417989730835,-0.918915649269082
TOKYOTECH_s01,21,198,27.6,0.09367792308330536,-1.1253289277797454
TOKYOTECH_s01,21,199,27.633333333333333,0.27945923805236816,-1.282444697805098
TOKYOTECH_s01,21,200,27.666666666666668,0.27886855602264404,-1.3305735812853405
TOKYOTECH_s01,21,201,27.7,0.1603040248155594,-1.2169594048579355
TOKYOTECH_s01,21,202,27.733333333333334,-0.03473090007901192,-0.9159838600987139
TOKYOTECH_s01,21,203,27.766666666666666,-0.22637939453125,-0.4443327665851721
TOKYOTECH_s01,21,204,27.8,-0.4665011465549469,0.13562656224420735
TOKYOTECH_s01,21,205,27.833333333333332,-0.6287742853164673,0.727902071350836
TOKYOTECH_s01,21,206,27.866666666666667,-0.7093399167060852,1.2277895026473582
TOKYOTECH_s01,21,207,27.9,-0.7012282013893127,1.5508593962788813
TOKYOTECH_s01,21,208,27.933333333333334,-0.7452518343925476,1.654895942031763
TOKYOTECH_s01,21,209,27.966666666666665,-0.7525759935379028,1.5469369483936288
TOKYOTECH_s01,21,210,28.0,-0.8766533136367798,1.2748628103283242
TOKYOTECH_s01,21,211,28.033333333333335,-0.9066587090492249,0.9092715741361803
TOKYOTECH_s01,21,212,28.066666666666666,-0.9229214787483215,0.5228626865152673
TOKYOTECH_s01,21,213,28.1,-0.4740615487098694,0.1728140100510849
TOKYOTECH_s01,21,214,28.133333333333333,0.8465686440467834,-0.11022773848288908
TOKYOTECH_s01,21,215,28.166666666666668,1.7537389993667603,-0.3245944765441746
TOKYOTECH_s01,21,216,28.2,1.6667155027389526,-0.4917165915311605
TOKYOTECH_s01,21,217,28.233333333333334,1.2868443727493286,-0.6442755682596589
TOKYOTECH_s01,21,218,28.266666666666666,0.7778949737548828,-0.811939842335159
TOKYOTECH_s01,21,219,28.3,0.5085553526878357,-1.008432017923211
TOKYOTECH_s01,21,220,28.333333333333332,0.041227586567401886,-1.2232276476079027
TOKYOTECH_s01,21,221,28.366666666666667,-0.0048436569049954414,-1.4203284840272707
TOKYOTECH_s01,21,222,28.4,0.07146922498941422,-1.5452695099549405
TOKYOTECH_s01,21,223,28.433333333333334,0.173613503575325,-1.5395898198061986
TOKYOTECH_s01,21,224,28.466666666666665,0.02854814939200878,-1.359555209968118
TOKYOTECH_s01,21,225,28.5,-0.20035110414028168,-0.993888893072244
TOKYOTECH_s01,21,226,28.533333333333335,-0.3914876878261566,-0.4746004241209995
TOKYOTECH_s01,21,227,28.566666666666666,-0.5807735919952393,0.12414988281027911
TOKYOTECH_s01,21,228,28.6,-0.6975661516189575,0.70162634821623
TOKYOTECH_s01,21,229,28.633333333333333,-0.7296978831291199,1.1577183503940438
TOKYOTECH_s01,21,230,28.666666666666668,-0.814240574836731,1.4222104034844107
TOKYOTECH_s01,21,231,28.7,-0.8793703317642212,1.4739066739642734
TOKYOTECH_s01,21,232,28.733333333333334,-0.8635801076889038,1.3423856904465439
TOKYOTECH_s01,21,233,28.766666666666666,-0.9281192421913147,1.09374284114093
TOKYOTECH_s01,21,234,28.8,-0.994666576385498,0.8076911121123336
TOKYOTECH_s01,21,235,28.833333333333332,-1.0111262798309326,0.5548122715827202
TOKYOTECH_s01,21,236,28.866666666666667,-0.718042254447937,0.38059298135558595
TOKYOTECH_s01,21,237,28.9,0.5621870160102844,0.2989840728514214
TOKYOTECH_s01,21,238,28.933333333333334,1.7679541110992432,0.2945548053491466
TOKYOTECH_s01,21,239,28.966666666666665,1.8386754989624023,0.33041706438654334
TOKYOTECH_s01,22,0,22.0,-0.6155829429626465,0.06460773164310896
TOKYOTECH_s01,22,1,22.033333333333335,-0.776556670665741,0.4205678607498762
TOKYOTECH_s01,22,2,22.066666666666666,-0.8099878430366516,0.7243238534205118
TOKYOTECH_s01,22,3,22.1,-1.0505427122116089,0.9388374314089103
TOKYOTECH_s01,22,4,22.133333333333333,-0.9556832313537598,1.0454693189386646
TOKYOTECH_s01,22,5,22.166666666666668,-0.915439784526825,1.0462891997794062
TOKYOTECH_s01,22,6,22.2,-0.9191806316375732,0.9599315913549774
TOKYOTECH_s01,22,7,22.233333333333334,-1.0443605184555054,0.812843713938633
TOKYOTECH_s01,22,8,22.266666666666666,-0.15175972878932953,0.6296802182870588
TOKYOTECH_s01,22,9,22.3,1.0239626169204712,0.42662655289017715
TOKYOTECH_s01,22,10,22.333333333333332,1.8697046041488647,0.20985633758419048
TOKYOTECH_s01,22,11,22.366666666666667,1.7851225137710571,-0.021038956066469126
TOKYOTECH_s01,22,12,22.4,1.5302737951278687,-0.2668616994591626
TOKYOTECH_s01,22,13,22.433333333333334,0.9546588659286499,-0.522716912381473
TOKYOTECH_s01,22,14,22.466666666666665,0.5126899480819702,-0.7739391493976345
TOKYOTECH_s01,22,15,22.5,0.00992276705801487,-0.9947884743280557
TOKYOTECH_s01,22,16,22.533333333333335,0.02854814939200878,-1.1504381067043385
TOKYOTECH_s01,22,17,22.566666666666666,-0.07308422774076462,-1.2029488233156427
TOKYOTECH_s01,22,18,22.6,0.09840317815542221,-1.1212891164370768
TOKYOTECH_s01,22,19,22.633333333333333,0.09237848222255707,-0.8935008374034674
TOKYOTECH_s01,22,20,22.666666666666668,-0.07513183355331421,-0.5365738107038436
TOKYOTECH_s01,22,21,22.7,-0.4142870604991913,-0.09851919522317022
TOKYOTECH_s01,22,22,22.733333333333334,-0.6440132260322571,0.35074285626333424
TOKYOTECH_s01,22,23,22.766666666666666,-0.7276896238327026,0.7379138596495106
TOKYOTECH_s01,22,24,22.8,-0.86885666847229,1.0068681343801642
TOKYOTECH_s01,22,25,22.833333333333332,-1.0040383338928223,1.1321702350247271
TOKYOTECH_s01,22,26,22.866666666666667,-1.003132700920105,1.12083511012914
TOKYOTECH_s01,22,27,22.9,-1.0070704221725464,1.0040001135437313
TOKYOTECH_s01,22,28,22.933333333333334,-0.9005946516990662,0.8236921110560603
TOKYOTECH_s01,22,29,22.966666666666665,-0.7434405088424683,0.6197762580939108
TOKYOTECH_s01,22,30,23.0,0.15108978748321533,0.42031138399022094
TOKYOTECH_s01,22,31,23.033333333333335,1.4447466135025024,0.23673298377355415
TOKYOTECH_s01,22,32,23.066666666666666,1.8743118047714233,0.06436313040059048
TOKYOTECH_s01,22,33,23.1,1.7008554935455322,-0.11190130474832767
TOKYOTECH_s01,22,34,23.133333333333333,1.280662178993225,-0.3080771062876344
TOKYOTECH_s01,22,35,23.166666666666668,0.8584999442100525,-0.5306324034701728
TOKYOTECH_s01,22,36,23.2,0.4505528509616852,-0.7688184916614053
TOKYOTECH_s01,22,37,23.233333333333334,0.06178244948387146,-0.992823291293854
TOKYOTECH_s01,22,38,23.266666666666666,-0.04205504432320595,-1.1585192895682483
TOKYOTECH_s01,22,39,23.3,0.06969725340604782,-1.217474995666211
TOKYOTECH_s01,22,40,23.333333333333332,0.044180870056152344,-1.130186027900201
TOKYOTECH_s01,22,41,23.366666666666667,0.004803739953786135,-0.8800935529460281
TOKYOTECH_s01,22,42,23.4,-0.17731548845767975,-0.484661576395795
TOKYOTECH_s01,22,43,23.433333333333334,-0.4448043406009674,0.001634100869110893
TOKYOTECH_s01,22,44,23.466666666666665,-0.5474604964256287,0.49692149695115395
TOKYOTECH_s01,22,45,23.5,-0.7083160877227783,0.9138021502044835
TOKYOTECH_s01,22,46,23.533333333333335,-0.8378275036811829,1.1853080694632656
TOKYOTECH_s01,22,47,23.566666666666666,-0.8758264183998108,1.2828730660063332
TOKYOTECH_s01,22,48,23.6,-0.9516667723655701,1.2189379555162845
TOKYOTECH_s01,22,49,23.633333333333333,-0.9515880346298218,1.0355784553810228
TOKYOTECH_s01,22,50,23.666666666666668,-0.9483197331428528,0.786327615902444
TOKYOTECH_s01,22,51,23.7,-0.44878143072128296,0.5191150566258321
TOKYOTECH_s01,22,52,23.733333333333334,0.7538354992866516,0.26554596390696045
TOKYOTECH_s01,22,53,23.766666666666666,1.701682448387146,0.03804527460640582
TOKYOTECH_s01,22,54,23.8,1.6989654302597046,-0.16635528609475536
TOKYOTECH_s01,22,55,23.833333333333332,1.273534893989563,-0.3581392293000331
TOKYOTECH_s01,22,56,23.866666666666667,0.8655878305435181,-0.5462366021250447
TOKYOTECH_s01,22,57,23.9,0.5256844162940979,-0.7304699629594482
TOKYOTECH_s01,22,58,23.933333333333334,0.22988341748714447,-0.8976891943686952
TOKYOTECH_s01,22,59,23.966666666666665,-0.006930644623935223,-1.022836406096199
TOKYOTECH_s01,22,60,24.0,0.12687285244464874,-1.074814952830862
TOKYOTECH_s01,22,61,24.033333333333335,0.19818483293056488,-1.0255745835966157
TOKYOTECH_s01,22,62,24.066666666666666,-0.0025597834028303623,-0.859764799335186
TOKYOTECH_s01,22,63,24.1,-0.09167023003101349,-0.5820155173251447
TOKYOTECH_s01,22,64,24.133333333333333,-0.29434433579444885,-0.21947127366687744
TOKYOTECH_s01,22,65,24.166666666666668,-0.3885737955570221,0.18163440014688945
TOKYOTECH_s01,22,66,24.2,-0.5962094068527222,0.5650920321895543
TOKYOTECH_s01,22,67,24.233333333333334,-0.6949278712272644,0.8774156696062656
TOKYOTECH_s01,22,68,24.266666666666666,-0.7543085813522339,1.0802371298568245
TOKYOTECH_s01,22,69,24.3,-0.8746451139450073,1.1580360879072527
TOKYOTECH_s01,22,70,24.333333333333332,-0.9473353028297424,1.1185522486863997
TOKYOTECH_s01,22,71,24.366666666666667,-0.9871849417686462,0.9862517415340728
TOKYOTECH_s01,22,72,24.4,-0.7256814241409302,0.7919294445933226
TOKYOTECH_s01,22,73,24.433333333333334,0.2818218469619751,0.5626828520429752
TOKYOTECH_s01,22,74,24.466666666666665,1.4838480949401855,0.3157484277133548
TOKYOTECH_s01,22,75,24.5,1.9927581548690796,0.05779995373301525
TOKYOTECH_s01,22,76,24.533333333333335,1.5750062465667725,-0.21069448763236961
TOKYOTECH_s01,22,77,24.566666666666666,1.0625522136688232,-0.48808189112249706
TOKYOTECH_s01,22,78,24.6,0.5598244071006775,-0.7641265682710969
TOKYOTECH_s01,22,79,24.633333333333333,0.12998363375663757,-1.0156453755097108
TOKYOTECH_s01,22,80,24.666666666666668,-0.09895499795675278,-1.2071714023383933
TOKYOTECH_s01,22,81,24.7,-0.015948006883263588,-1.297150263650662
TOKYOTECH_s01,22,82,24.733333333333334,0.17617301642894745,-1.2487740192206165
TOKYOTECH_s01,22,83,24.766666666666666,0.22263802587985992,-1.043055738411874
TOKYOTECH_s01,22,84,24.8,0.02362600900232792,-0.690055594749964
TOKYOTECH_s01,22,85,24.833333333333332,-0.2310652732849121,-0.23309745324455036
TOKYOTECH_s01,22,86,24.866666666666667,-0.40873488783836365,0.2581928485738019
TOKYOTECH_s01,22,87,24.9,-0.6077862977981567,0.705746555401799
TOKYOTECH_s01,22,88,24.933333333333334,-0.7230431437492371,1.0449161380232155
TOKYOTECH_s01,22,89,24.966666666666665,-0.792189359664917,1.2402526773937241
TOKYOTECH_s01,22,90,25.0,-0.8565710186958313,1.2890028714969284
TOKYOTECH_s01,22,91,25.033333333333335,-0.8903959393501282,1.2133780297429342
TOKYOTECH_s01,22,92,25.066666666666666,-0.8414501547813416,1.0474028072531767
TOKYOTECH_s01,22,93,25.1,-0.41688594222068787,0.8245692606020741
TOKYOTECH_s01,22,94,25.133333333333333,0.8002611398696899,0.5699888807094983
TOKYOTECH_s01,22,95,25.166666666666668,1.846472144126892,0.2978732594587419
TOKYOTECH_s01,22,96,25.2,1.9002612829208374,0.013752048637838646
TOKYOTECH_s01,22,97,25.233333333333334,1.4602612257003784,-0.27981170475117123
TOKYOTECH_s01,22,98,25.266666666666666,1.030538558959961,-0.5762149188024892
TOKYOTECH_s01,22,99,25.3,0.7456450462341309,-0.8593669242966725
TOKYOTECH_s01,22,100,25.333333333333332,0.3135204315185547,-1.1020813655641972
TOKYOTECH_s01,22,101,25.366666666666667,0.15053850412368774,-1.2693127228240595
TOKYOTECH_s01,22,102,25.4,0.257526159286499,-1.3259709916059166
TOKYOTECH_s01,22,103,25.433333333333334,0.28335756063461304,-1.2474636438434172
TOKYOTECH_s01,22,104,25.466666666666665,0.20105935633182526,-1.0292536461928343
TOKYOTECH_s01,22,105,25.5,-0.06627198308706284,-0.6911973195422894
TOKYOTECH_s01,22,106,25.533333333333335,-0.41731908917427063,-0.27445039414869826
TOKYOTECH_s01,22,107,25.566666666666666,-0.6298768520355225,0.16779515582975155
TOKYOTECH_s01,22,108,25.6,-0.7877004146575928,0.5817820637667979
TOKYOTECH_s01,22,109,25.633333333333333,-0.8748025894165039,0.9227060477192509
TOKYOTECH_s01,22,110,25.666666666666668,-0.7797855734825134,1.1603731184834636
TOKYOTECH_s01,22,111,25.7,-0.8384968638420105,1.2813598764841194
TOKYOTECH_s01,22,112,25.733333333333334,-0.8452697396278381,1.2883631464556846
TOKYOTECH_s01,22,113,25.766666666666666,-0.7605695724487305,1.196875284501109
TOKYOTECH_s01,22,114,25.8,-0.5060751438140869,1.0296277540544985
TOKYOTECH_s01,22,115,25.833333333333332,0.676183819770813,0.8101385712113487
TOKYOTECH_s01,22,116,25.866666666666667,1.8295793533325195,0.5571629713544954
TOKYOTECH_s01,22,117,25.9,2.0782852172851562,0.28170832791011063
TOKYOTECH_s01,22,118,25.933333333333334,1.6993591785430908,-0.012290708802417305
TOKYOTECH_s01,22,119,25.966666666666665,1.2984212636947632,-0.3236174459342277
TOKYOTECH_s01,22,120,26.0,0.8894109725952148,-0.6471855536434736
TOKYOTECH_s01,22,121,26.033333333333335,0.518517792224884,-0.9677774970329762
TOKYOTECH_s01,22,122,26.066666666666666,0.26177889108657837,-1.25676914409157
TOKYOTECH_s01,22,123,26.1,0.19397146999835968,-1.4737283450220953
TOKYOTECH_s01,22,124,26.133333333333333,0.29103609919548035,-1.5735353810774266
TOKYOTECH_s01,22,125,26.166666666666668,0.20936793088912964,-1.5180758883407803
TOKYOTECH_s01,22,126,26.2,0.022562826052308083,-1.2896649931248274
TOKYOTECH_s01,22,127,26.233333333333334,-0.14908207952976227,-0.9015029083880193
TOKYOTECH_s01,22,128,26.266666666666666,-0.361167311668396,-0.3997707802108817
TOKYOTECH_s01,22,129,26.3,-0.5034762620925903,0.14551463221396846
TOKYOTECH_s01,22,130,26.333333333333332,-0.600816547870636,0.6580549665031086
TOKYOTECH_s01,22,131,26.366666666666667,-0.6446039080619812,1.0737212662753437
TOKYOTECH_s01,22,132,26.4,-0.7145770788192749,1.3526673036174268
TOKYOTECH_s01,22,133,26.433333333333334,-0.8437734246253967,1.482196167079337
TOKYOTECH_s01,22,134,26.466666666666665,-0.957691490650177,1.4723005887735958
TOKYOTECH_s01,22,135,26.5,-1.0709794759750366,1.3480861123248746
TOKYOTECH_s01,22,136,26.533333333333335,-0.8438915610313416,1.1422092234192114
TOKYOTECH_s01,22,137,26.566666666666666,0.1921994984149933,0.888227254353776
TOKYOTECH_s01,22,138,26.6,1.4850294589996338,0.6148455290221134
TOKYOTECH_s01,22,139,26.633333333333333,1.9855127334594727,0.34144886016795534
TOKYOTECH_s01,22,140,26.666666666666668,1.7202684879302979,0.07583161510495116
TOKYOTECH_s01,22,141,26.7,1.2520743608474731,-0.18486386457479026
TOKYOTECH_s01,22,142,26.733333333333334,0.9680864810943604,-0.44946656465425566
TOKYOTECH_s01,22,143,26.766666666666666,0.6320026516914368,-0.7249747412801888
TOKYOTECH_s01,22,144,26.8,0.33313024044036865,-1.0078067622507783
TOKYOTECH_s01,22,145,26.833333333333332,0.26784297823905945,-1.2773405623468284
TOKYOTECH_s01,22,146,26.866666666666667,0.2727257311344147,-1.4947933566286942
TOKYOTECH_s01,22,147,26.9,0.31422922015190125,-1.609182840741815
TOKYOTECH_s01,22,148,26.933333333333334,0.010631555691361427,-1.5701328745192904
TOKYOTECH_s01,22,149,26.966666666666665,-0.23232534527778625,-1.3448551366690322
TOKYOTECH_s01,22,150,27.0,-0.44606441259384155,-0.9341547623061088
TOKYOTECH_s01,22,151,27.033333333333335,-0.6707109212875366,-0.3807361080253464
TOKYOTECH_s01,22,152,27.066666666666666,-0.7558836936950684,0.23602475294337774
TOKYOTECH_s01,22,153,27.1,-0.8413320183753967,0.8195900000240371
TOKYOTECH_s01,22,154,27.133333333333333,-0.8513731956481934,1.2828202402138
TOKYOTECH_s01,22,155,27.166666666666668,-0.8154218792915344,1.5698603436323766
TOKYOTECH_s01,22,156,27.2,-0.8151068687438965,1.6651177708471696
TOKYOTECH_s01,22,157,27.233333333333334,-0.7987653613090515,1.5888035407784857
TOKYOTECH_s01,22,158,27.266666666666666,-0.912250280380249,1.3841078591847757
TOKYOTECH_s01,22,159,27.3,-0.8944911956787109,1.1023250262082074
TOKYOTECH_s01,22,160,27.333333333333332,-0.2834368646144867,0.7902763631225274
TOKYOTECH_s01,22,161,27.366666666666667,1.0310899019241333,0.4817824251940592
TOKYOTECH_s01,22,162,27.4,1.9393627643585205,0.19365650780499877
TOKYOTECH_s01,22,163,27.433333333333334,1.6519097089767456,-0.07358030964526305
TOKYOTECH_s01,22,164,27.466666666666665,1.2229353189468384,-0.3305072337326683
TOKYOTECH_s01,22,165,27.5,0.8427490592002869,-0.5902957061613762
TOKYOTECH_s01,22,166,27.533333333333335,0.5319454073905945,-0.8590725136670926
TOKYOTECH_s01,22,167,27.566666666666666,0.14006417989730835,-1.1279837809708155
TOKYOTECH_s01,22,168,27.6,0.09367792308330536,-1.3696666811985094
TOKYOTECH_s01,22,169,27.633333333333333,0.27945923805236816,-1.5409173486826422
TOKYOTECH_s01,22,170,27.666666666666668,0.27886855602264404,-1.5918265328924457
TOKYOTECH_s01,22,171,27.7,0.1603040248155594,-1.4798137321063056
TOKYOTECH_s01,22,172,27.733333333333334,-0.03473090007901192,-1.1851466705111204
TOKYOTECH_s01,22,173,27.766666666666666,-0.22637939453125,-0.7230300328485563
TOKYOTECH_s01,22,174,27.8,-0.4665011465549469,-0.14695014497206008
TOKYOTECH_s01,22,175,27.833333333333332,-0.6287742853164673,0.4600224202926376
TOKYOTECH_s01,22,176,27.866666666666667,-0.7093399167060852,1.0046275599891568
TOKYOTECH_s01,22,177,27.9,-0.7012282013893127,1.4070985070459234
TOKYOTECH_s01,22,178,27.933333333333334,-0.7452518343925476,1.6202719884470977
TOKYOTECH_s01,22,179,27.966666666666665,-0.7525759935379028,1.6372924764341936
TOKYOTECH_s01,22,180,28.0,-0.8766533136367798,1.4867895030501166
TOKYOTECH_s01,22,181,28.033333333333335,-0.9066587090492249,1.219759220757053
TOKYOTECH_s01,22,182,28.066666666666666,-0.9229214787483215,0.8939599854532067
TOKYOTECH_s01,22,183,28.1,-0.4740615487098694,0.5602299301613014
TOKYOTECH_s01,22,184,28.133333333333333,0.8465686440467834,0.2532019082685474
TOKYOTECH_s01,22,185,28.166666666666668,1.7537389993667603,-0.01255977237603147
TOKYOTECH_s01,22,186,28.2,1.6667155027389526,-0.24099068755748967
TOKYOTECH_s01,22,187,28.233333333333334,1.2868443727493286,-0.44829045969732323
TOKYOTECH_s01,22,188,28.266666666666666,0.7778949737548828,-0.653505970783446
TOKYOTECH_s01,22,189,28.3,0.5085553526878357,-0.868128205027259
TOKYOTECH_s01,22,190,28.333333333333332,0.041227586567401886,-1.0874431991130944
TOKYOTECH_s01,22,191,28.366666666666667,-0.0048436569049954414,-1.2864877501249434
TOKYOTECH_s01,22,192,28.4,0.07146922498941422,-1.4227831699561424
TOKYOTECH_s01,22,193,28.433333333333334,0.173613503575325,-1.4462714438682576
TOKYOTECH_s01,22,194,28.466666666666665,0.02854814939200878,-1.3143478352110936
TOKYOTECH_s01,22,195,28.5,-0.20035110414028168,-1.0077590707672688
TOKYOTECH_s01,22,196,28.533333333333335,-0.3914876878261566,-0.5423932785697057
TOKYOTECH_s01,22,197,28.566666666666666,-0.5807735919952393,0.027655771068277338
TOKYOTECH_s01,22,198,28.6,-0.6975661516189575,0.6189603562683638
TOKYOTECH_s01,22,199,28.633333333333333,-0.7296978831291199,1.1389022170677654
TOKYOTECH_s01,22,200,28.666666666666668,-0.814240574836731,1.510425470645128
TOKYOTECH_s01,22,201,28.7,-0.8793703317642212,1.6912791689875843
TOKYOTECH_s01,22,202,28.733333333333334,-0.8635801076889038,1.6804130831491295
TOKYOTECH_s01,22,203,28.766666666666666,-0.9281192421913147,1.5108840481535424
TOKYOTECH_s01,22,204,28.8,-0.994666576385498,1.2344291640584812
TOKYOTECH_s01,22,205,28.833333333333332,-1.0111262798309326,0.9049165948713156
TOKYOTECH_s01,22,206,28.866666666666667,-0.718042254447937,0.5660712230803356
TOKYOTECH_s01,22,207,28.9,0.5621870160102844,0.24552859527609316
TOKYOTECH_s01,22,208,28.933333333333334,1.7679541110992432,-0.04517648641386421
TOKYOTECH_s01,22,209,28.966666666666665,1.8386754989624023,-0.3063482743667476
TOKYOTECH_s01,22,210,29.0,1.5107821226119995,-0.543912946446282
TOKYOTECH_s01,22,211,29.033333333333335,1.0165990591049194,-0.7634010495552924
TOKYOTECH_s01,22,212,29.066666666666666,0.6670876741409302,-0.9652575073887312
TOKYOTECH_s01,22,213,29.1,0.2811524569988251,-1.141776445868776
TOKYOTECH_s01,22,214,29.133333333333333,0.06642895191907883,-1.276097816210253
TOKYOTECH_s01,22,215,29.166666666666668,0.005591282621026039,-1.344045958871701
TOKYOTECH_s01,22,216,29.2,-0.012167803011834621,-1.3191453697502413
TOKYOTECH_s01,22,217,29.233333333333334,-0.04197629168629646,-1.180117690390631
TOKYOTECH_s01,22,218,29.266666666666666,-0.011419638060033321,-0.9192300769391403
TOKYOTECH_s01,22,219,29.3,-0.17554351687431335,-0.5492888102337627
TOKYOTECH_s01,22,220,29.333333333333332,-0.4541367292404175,-0.1068468594133816
TOKYOTECH_s01,22,221,29.366666666666667,-0.7310367226600647,0.35070053869451123
TOKYOTECH_s01,22,222,29.4,-0.9328838586807251,0.7555464827789901
TOKYOTECH_s01,22,223,29.433333333333334,-1.0054165124893188,1.045951307086991
TOKYOTECH_s01,22,224,29.466666666666665,-0.9556438326835632,1.1829892007784075
TOKYOTECH_s01,22,225,29.5,-0.9416255950927734,1.1601083497498457
TOKYOTECH_s01,22,226,29.533333333333335,-0.9739935994148254,1.0016798804593778
TOKYOTECH_s01,22,227,29.566666666666666,-1.0737358331680298,0.7525403073246923
TOKYOTECH_s01,22,228,29.6,-1.2003333568572998,0.4639991531084998
TOKYOTECH_s01,22,229,29.633333333333333,-0.9645824432373047,0.18171226046621294
TOKYOTECH_s01,22,230,29.666666666666668,0.131598100066185,-0.06152112520392434
TOKYOTECH_s01,22,231,29.7,1.6012707948684692,-0.24773258643239654
TOKYOTECH_s01,22,232,29.733333333333334,2.0690317153930664,-0.37195120860785785
TOKYOTECH_s01,22,233,29.766666666666666,1.6589581966400146,-0.4384012923261696
TOKYOTECH_s01,22,234,29.8,1.2205332517623901,-0.4561984930257528
TOKYOTECH_s01,22,235,29.833333333333332,0.8145944476127625,-0.4355331324064729
TOKYOTECH_s01,22,236,29.866666666666667,0.42078375816345215,-0.38508659002938594
TOKYOTECH_s01,22,237,29.9,0.12179319560527802,-0.31112260975107986
TOKYOTECH_s01,22,238,29.933333333333334,0.12423457950353622,-0.2180593602641277
TOKYOTECH_s01,22,239,29.966666666666665,0.07221738994121552,-0.10977912577228148
TOKYOTECH_s01,23,0,23.0,0.15108978748321533,-0.053727727330781606
TOKYOTECH_s01,23,1,23.033333333333335,1.4447466135025024,-0.21800374356703434
TOKYOTECH_s01,23,2,23.066666666666666,1.8743118047714233,-0.3872415987702223
TOKYOTECH_s01,23,3,23.1,1.7008554935455322,-0.5634690741604691
TOKYOTECH_s01,23,4,23.133333333333333,1.280662178993225,-0.7424373855185574
TOKYOTECH_s01,23,5,23.166666666666668,0.8584999442100525,-0.9129142133027294
TOKYOTECH_s01,23,6,23.2,0.4505528509616852,-1.0576471321670105
TOKYOTECH_s01,23,7,23.233333333333334,0.06178244948387146,-1.1559457167053921
TOKYOTECH_s01,23,8,23.266666666666666,-0.04205504432320595,-1.1874224210043725
TOKYOTECH_s01,23,9,23.3,0.06969725340604782,-1.13613098872637
TOKYOTECH_s01,23,10,23.333333333333332,0.044180870056152344,-0.994690700903133
TOKYOTECH_s01,23,11,23.366666666666667,0.004803739953786135,-0.7681278438965974
TOKYOTECH_s01,23,12,23.4,-0.17731548845767975,-0.4763388527906967
TOKYOTECH_s01,23,13,23.433333333333334,-0.4448043406009674,-0.1530768335693275
TOKYOTECH_s01,23,14,23.466666666666665,-0.5474604964256287,0.1603375314300975
TOKYOTECH_s01,23,15,23.5,-0.7083160877227783,0.4258406724062244
TOKYOTECH_s01,23,16,23.533333333333335,-0.8378275036811829,0.61950063232178
TOKYOTECH_s01,23,17,23.566666666666666,-0.8758264183998108,0.7366304032910567
TOKYOTECH_s01,23,18,23.6,-0.9516667723655701,0.7885869031251602
TOKYOTECH_s01,23,19,23.633333333333333,-0.9515880346298218,0.7936867991932015
TOKYOTECH_s01,23,20,23.666666666666668,-0.9483197331428528,0.7673469249019454
TOKYOTECH_s01,23,21,23.7,-0.44878143072128296,0.7159881279084181
TOKYOTECH_s01,23,22,23.733333333333334,0.7538354992866516,0.6366548858659873
TOKYOTECH_s01,23,23,23.766666666666666,1.701682448387146,0.5213709091065079
TOKYOTECH_s01,23,24,23.8,1.6989654302597046,0.36343663216043937
TOKYOTECH_s01,23,25,23.833333333333332,1.273534893989563,0.16293592369533988
TOKYOTECH_s01,23,26,23.866666666666667,0.8655878305435181,-0.06980390139608596
TOKYOTECH_s01,23,27,23.9,0.5256844162940979,-0.3129146100257876
TOKYOTECH_s01,23,28,23.933333333333334,0.22988341748714447,-0.5342587582121329
TOKYOTECH_s01,23,29,23.966666666666665,-0.006930644623935223,-0.6962062994534978
TOKYOTECH_s01,23,30,24.0,0.12687285244464874,-0.764068623140616
TOKYOTECH_s01,23,31,24.033333333333335,0.19818483293056488,-0.7164342783485307
TOKYOTECH_s01,23,32,24.066666666666666,-0.0025597834028303623,-0.5538644249288417
TOKYOTECH_s01,23,33,24.1,-0.09167023003101349,-0.30192447243277504
TOKYOTECH_s01,23,34,24.133333333333333,-0.29434433579444885,-0.006055558934710602
TOKYOTECH_s01,23,35,24.166666666666668,-0.3885737955570221,0.2807610977638486
TOKYOTECH_s01,23,36,24.2,-0.5962094068527222,0.5126996499589984
TOKYOTECH_s01,23,37,24.233333333333334,-0.6949278712272644,0.6618983192883182
TOKYOTECH_s01,23,38,24.266666666666666,-0.7543085813522339,0.7217169880973792
TOKYOTECH_s01,23,39,24.3,-0.8746451139450073,0.7029490224848678
TOKYOTECH_s01,23,40,24.333333333333332,-0.9473353028297424,0.6260604434343594
TOKYOTECH_s01,23,41,24.366666666666667,-0.9871849417686462,0.5128349743911109
TOKYOTECH_s01,23,42,24.4,-0.7256814241409302,0.3798274060390224
TOKYOTECH_s01,23,43,24.433333333333334,0.2818218469619751,0.23488135747643843
TOKYOTECH_s01,23,44,24.466666666666665,1.4838480949401855,0.07722475527799985
TOKYOTECH_s01,23,45,24.5,1.9927581548690796,-0.09899943628305188
TOKYOTECH_s01,23,46,24.533333333333335,1.5750062465667725,-0.29883855980645857
TOKYOTECH_s01,23,47,24.566666666666666,1.0625522136688232,-0.5200842269447924
TOKYOTECH_s01,23,48,24.6,0.5598244071006775,-0.7481668080561577
TOKYOTECH_s01,23,49,24.633333333333333,0.12998363375663757,-0.9540512692641949
TOKYOTECH_s01,23,50,24.666666666666668,-0.09895499795675278,-1.096618914202322
TOKYOTECH_s01,23,51,24.7,-0.015948006883263588,-1.1304995828281537
TOKYOTECH_s01,23,52,24.733333333333334,0.17617301642894745,-1.018886931414064
TOKYOTECH_s01,23,53,24.766666666666666,0.22263802587985992,-0.748513497440806
TOKYOTECH_s01,23,54,24.8,0.02362600900232792,-0.3414702783745416
TOKYOTECH_s01,23,55,24.833333333333332,-0.2310652732849121,0.1425737468630858
TOKYOTECH_s01,23,56,24.866666666666667,-0.40873488783836365,0.6182537747249804
TOKYOTECH_s01,23,57,24.9,-0.6077862977981567,0.9988371531041296
TOKYOTECH_s01,23,58,24.933333333333334,-0.7230431437492371,1.2231787078370158
TOKYOTECH_s01,23,59,24.966666666666665,-0.792189359664917,1.272339294196811
TOKYOTECH_s01,23,60,25.0,-0.8565710186958313,1.1689287302312552
TOKYOTECH_s01,23,61,25.033333333333335,-0.8903959393501282,0.961991256304225
TOKYOTECH_s01,23,62,25.066666666666666,-0.8414501547813416,0.7060926598796364
TOKYOTECH_s01,23,63,25.1,-0.41688594222068787,0.44347436021543524
TOKYOTECH_s01,23,64,25.133333333333333,0.8002611398696899,0.19485149651847433
TOKYOTECH_s01,23,65,25.166666666666668,1.846472144126892,-0.03984569222725392
TOKYOTECH_s01,23,66,25.2,1.9002612829208374,-0.2729129434651079
TOKYOTECH_s01,23,67,25.233333333333334,1.4602612257003784,-0.5165600165808257
TOKYOTECH_s01,23,68,25.266666666666666,1.030538558959961,-0.7714468058198835
TOKYOTECH_s01,23,69,25.3,0.7456450462341309,-1.019895402385214
TOKYOTECH_s01,23,70,25.333333333333332,0.3135204315185547,-1.2258808272102562
TOKYOTECH_s01,23,71,25.366666666666667,0.15053850412368774,-1.3421225860214674
TOKYOTECH_s01,23,72,25.4,0.257526159286499,-1.3231492009870969
TOKYOTECH_s01,23,73,25.433333333333334,0.28335756063461304,-1.1412012274340306
TOKYOTECH_s01,23,74,25.466666666666665,0.20105935633182526,-0.7992832632151794
TOKYOTECH_s01,23,75,25.5,-0.06627198308706284,-0.33522070904604084
TOKYOTECH_s01,23,76,25.533333333333335,-0.41731908917427063,0.18587342010388708
TOKYOTECH_s01,23,77,25.566666666666666,-0.6298768520355225,0.6878376288630705
TOKYOTECH_s01,23,78,25.6,-0.7877004146575928,1.1017456182110055
TOKYOTECH_s01,23,79,25.633333333333333,-0.8748025894165039,1.3796451114591852
TOKYOTECH_s01,23,80,25.666666666666668,-0.7797855734825134,1.5006665347215744
TOKYOTECH_s01,23,81,25.7,-0.8384968638420105,1.4702174904303404
TOKYOTECH_s01,23,82,25.733333333333334,-0.8452697396278381,1.3143993589325176
TOKYOTECH_s01,23,83,25.766666666666666,-0.7605695724487305,1.0714857166734677
TOKYOTECH_s01,23,84,25.8,-0.5060751438140869,0.7821217897785759
TOKYOTECH_s01,23,85,25.833333333333332,0.676183819770813,0.48023606837169397
TOKYOTECH_s01,23,86,25.866666666666667,1.8295793533325195,0.18690052888262212
TOKYOTECH_s01,23,87,25.9,2.0782852172851562,-0.09113366325345547
TOKYOTECH_s01,23,88,25.933333333333334,1.6993591785430908,-0.3579408505569164
TOKYOTECH_s01,23,89,25.966666666666665,1.2984212636947632,-0.621356549371272
TOKYOTECH_s01,23,90,26.0,0.8894109725952148,-0.8847630699559313
TOKYOTECH_s01,23,91,26.033333333333335,0.518517792224884,-1.1402417153629647
TOKYOTECH_s01,23,92,26.066666666666666,0.26177889108657837,-1.3650351532858291
TOKYOTECH_s01,23,93,26.1,0.19397146999835968,-1.5225947565500864
TOKYOTECH_s01,23,94,26.133333333333333,0.29103609919548035,-1.568962384720614
TOKYOTECH_s01,23,95,26.166666666666668,0.20936793088912964,-1.4643048761844335
TOKYOTECH_s01,23,96,26.2,0.022562826052308083,-1.1875118342577493
TOKYOTECH_s01,23,97,26.233333333333334,-0.14908207952976227,-0.7491142641578445
TOKYOTECH_s01,23,98,26.266666666666666,-0.361167311668396,-0.19602189907292136
TOKYOTECH_s01,23,99,26.3,-0.5034762620925903,0.3963187438759466
TOKYOTECH_s01,23,100,26.333333333333332,-0.600816547870636,0.942304437638918
TOKYOTECH_s01,23,101,26.366666666666667,-0.6446039080619812,1.3672422619651021
TOKYOTECH_s01,23,102,26.4,-0.7145770788192749,1.6228999710992997
TOKYOTECH_s01,23,103,26.433333333333334,-0.8437734246253967,1.6935602518179487
TOKYOTECH_s01,23,104,26.466666666666665,-0.957691490650177,1.5935261902284625
TOKYOTECH_s01,23,105,26.5,-1.0709794759750366,1.3595793939483047
TOKYOTECH_s01,23,106,26.533333333333335,-0.8438915610313416,1.0413211252060248
TOKYOTECH_s01,23,107,26.566666666666666,0.1921994984149933,0.6907399734041634
TOKYOTECH_s01,23,108,26.6,1.4850294589996338,0.35202404218336864
TOKYOTECH_s01,23,109,26.633333333333333,1.9855127334594727,0.053351560400756344
TOKYOTECH_s01,23,110,26.666666666666668,1.7202684879302979,-0.1972120135789781
TOKYOTECH_s01,23,111,26.7,1.2520743608474731,-0.4101571187249249
TOKYOTECH_s01,23,112,26.733333333333334,0.9680864810943604,-0.6072260918433074
TOKYOTECH_s01,23,113,26.766666666666666,0.6320026516914368,-0.8100929614677181
TOKYOTECH_s01,23,114,26.8,0.33313024044036865,-1.0282388354395235
TOKYOTECH_s01,23,115,26.833333333333332,0.26784297823905945,-1.249891244948853
TOKYOTECH_s01,23,116,26.866666666666667,0.2727257311344147,-1.4394901723032378
TOKYOTECH_s01,23,117,26.9,0.31422922015190125,-1.5437026225475126
TOKYOTECH_s01,23,118,26.933333333333334,0.010631555691361427,-1.5057158652294826
TOKYOTECH_s01,23,119,26.966666666666665,-0.23232534527778625,-1.2846709775481506
TOKYOTECH_s01,23,120,27.0,-0.44606441259384155,-0.8743137158399864
TOKYOTECH_s01,23,121,27.033333333333335,-0.6707109212875366,-0.31343448398057105
TOKYOTECH_s01,23,122,27.066666666666666,-0.7558836936950684,0.3180784518076319
TOKYOTECH_s01,23,123,27.1,-0.8413320183753967,0.9185409359550492
TOKYOTECH_s01,23,124,27.133333333333333,-0.8513731956481934,1.392379525301449
TOKYOTECH_s01,23,125,27.166666666666668,-0.8154218792915344,1.6751418852918623
TOKYOTECH_s01,23,126,27.2,-0.8151068687438965,1.7463631573624008
TOKYOTECH_s01,23,127,27.233333333333334,-0.7987653613090515,1.627829761600112
TOKYOTECH_s01,23,128,27.266666666666666,-0.912250280380249,1.3709941262584124
TOKYOTECH_s01,23,129,27.3,-0.8944911956787109,1.0399133601375912
TOKYOTECH_s01,23,130,27.333333333333332,-0.2834368646144867,0.6949947214614113
TOKYOTECH_s01,23,131,27.366666666666667,1.0310899019241333,0.3804613794500762
TOKYOTECH_s01,23,132,27.4,1.9393627643585205,0.11712250918579796
TOKYOTECH_s01,23,133,27.433333333333334,1.6519097089767456,-0.09849150889317539
TOKYOTECH_s01,23,134,27.466666666666665,1.2229353189468384,-0.28848192097515163
TOKYOTECH_s01,23,135,27.5,0.8427490592002869,-0.4827125690401243
TOKYOTECH_s01,23,136,27.533333333333335,0.5319454073905945,-0.7054215267835211
TOKYOTECH_s01,23,137,27.566666666666666,0.14006417989730835,-0.9628660164735577
TOKYOTECH_s01,23,138,27.6,0.09367792308330536,-1.2355472641290126
TOKYOTECH_s01,23,139,27.633333333333333,0.27945923805236816,-1.4778275537996608
TOKYOTECH_s01,23,140,27.666666666666668,0.27886855602264404,-1.6264124313662025
TOKYOTECH_s01,23,141,27.7,0.1603040248155594,-1.617016250678078
TOKYOTECH_s01,23,142,27.733333333333334,-0.03473090007901192,-1.405596632738249
TOKYOTECH_s01,23,143,27.766666666666666,-0.22637939453125,-0.9876591428074357
TOKYOTECH_s01,23,144,27.8,-0.4665011465549469,-0.4078275216656808
TOKYOTECH_s01,23,145,27.833333333333332,-0.6287742853164673,0.24610194914224318
TOKYOTECH_s01,23,146,27.866666666666667,-0.7093399167060852,0.8646925168550007
TOKYOTECH_s01,23,147,27.9,-0.7012282013893127,1.3469478352740203
TOKYOTECH_s01,23,148,27.933333333333334,-0.7452518343925476,1.6272186028793643
TOKYOTECH_s01,23,149,27.966666666666665,-0.7525759935379028,1.688511837624841
TOKYOTECH_s01,23,150,28.0,-0.8766533136367798,1.5591127283296426
TOKYOTECH_s01,23,151,28.033333333333335,-0.9066587090492249,1.2972599256889814
TOKYOTECH_s01,23,152,28.066666666666666,-0.9229214787483215,0.9715861440417237
TOKYOTECH_s01,23,153,28.1,-0.4740615487098694,0.6435650675651392
TOKYOTECH_s01,23,154,28.133333333333333,0.8465686440467834,0.35540730189648917
TOKYOTECH_s01,23,155,28.166666666666668,1.7537389993667603,0.12451872914174394
TOKYOTECH_s01,23,156,28.2,1.6667155027389526,-0.05574966600976698
TOKYOTECH_s01,23,157,28.233333333333334,1.2868443727493286,-0.209945293060979
TOKYOTECH_s01,23,158,28.266666666666666,0.7778949737548828,-0.37020865127961033
TOKYOTECH_s01,23,159,28.3,0.5085553526878357,-0.5636885273130889
TOKYOTECH_s01,23,160,28.333333333333332,0.041227586567401886,-0.800450133053322
TOKYOTECH_s01,23,161,28.366666666666667,-0.0048436569049954414,-1.0653037747637217
TOKYOTECH_s01,23,162,28.4,0.07146922498941422,-1.3166898979945258
TOKYOTECH_s01,23,163,28.433333333333334,0.173613503575325,-1.494218695748867
TOKYOTECH_s01,23,164,28.466666666666665,0.02854814939200878,-1.5339547388636816
TOKYOTECH_s01,23,165,28.5,-0.20035110414028168,-1.3879237911183269
TOKYOTECH_s01,23,166,28.533333333333335,-0.3914876878261566,-1.0424292345200736
TOKYOTECH_s01,23,167,28.566666666666666,-0.5807735919952393,-0.5287925273006989
TOKYOTECH_s01,23,168,28.6,-0.6975661516189575,0.0792396736870038
TOKYOTECH_s01,23,169,28.633333333333333,-0.7296978831291199,0.6830296492583269
TOKYOTECH_s01,23,170,28.666666666666668,-0.814240574836731,1.1858106701199442
TOKYOTECH_s01,23,171,28.7,-0.8793703317642212,1.5177811012001692
TOKYOTECH_s01,23,172,28.733333333333334,-0.8635801076889038,1.6501254777697454
TOKYOTECH_s01,23,173,28.766666666666666,-0.9281192421913147,1.594905014571002
TOKYOTECH_s01,23,174,28.8,-0.994666576385498,1.3941471896861195
TOKYOTECH_s01,23,175,28.833333333333332,-1.0111262798309326,1.1044673253687687
TOKYOTECH_s01,23,176,28.866666666666667,-0.718042254447937,0.7825238429876114
TOKYOTECH_s01,23,177,28.9,0.5621870160102844,0.4739369921506799
TOKYOTECH_s01,23,178,28.933333333333334,1.7679541110992432,0.20658638375696836
TOKYOTECH_s01,23,179,28.966666666666665,1.8386754989624023,-0.011505333098662196
TOKYOTECH_s01,23,180,29.0,1.5107821226119995,-0.1900907085217975
TOKYOTECH_s01,23,181,29.033333333333335,1.0165990591049194,-0.3511159099054512
TOKYOTECH_s01,23,182,29.066666666666666,0.6670876741409302,-0.5202039499490297
TOKYOTECH_s01,23,183,29.1,0.2811524569988251,-0.7161481776282361
TOKYOTECH_s01,23,184,29.133333333333333,0.06642895191907883,-0.940768618968014
TOKYOTECH_s01,23,185,29.166666666666668,0.005591282621026039,-1.172606935672435
TOKYOTECH_s01,23,186,29.2,-0.012167803011834621,-1.3674174786186273
TOKYOTECH_s01,23,187,29.233333333333334,-0.04197629168629646,-1.4666895593221148
TOKYOTECH_s01,23,188,29.266666666666666,-0.011419638060033321,-1.4134127334346889
TOKYOTECH_s01,23,189,29.3,-0.17554351687431335,-1.1719029596312527
TOKYOTECH_s01,23,190,29.333333333333332,-0.4541367292404175,-0.7458028943614501
TOKYOTECH_s01,23,191,29.366666666666667,-0.7310367226600647,-0.18660957964412647
TOKYOTECH_s01,23,192,29.4,-0.9328838586807251,0.4137320294542061
TOKYOTECH_s01,23,193,29.433333333333334,-1.0054165124893188,0.9467273848350592
TOKYOTECH_s01,23,194,29.466666666666665,-0.9556438326835632,1.3192660234605318
TOKYOTECH_s01,23,195,29.5,-0.9416255950927734,1.4798770332273095
TOKYOTECH_s01,23,196,29.533333333333335,-0.9739935994148254,1.4290608258219364
TOKYOTECH_s01,23,197,29.566666666666666,-1.0737358331680298,1.2121328944654497
TOKYOTECH_s01,23,198,29.6,-1.2003333568572998,0.9003095199031976
TOKYOTECH_s01,23,199,29.633333333333333,-0.9645824432373047,0.5684268982299788
TOKYOTECH_s01,23,200,29.666666666666668,0.131598100066185,0.2760382141955426
TOKYOTECH_s01,23,201,29.7,1.6012707948684692,0.05539908577471368
TOKYOTECH_s01,23,202,29.733333333333334,2.0690317153930664,-0.0924127205619809
TOKYOTECH_s01,23,203,29.766666666666666,1.6589581966400146,-0.19317667521170825
TOKYOTECH_s01,23,204,29.8,1.2205332517623901,-0.2880794555597515
TOKYOTECH_s01,23,205,29.833333333333332,0.8145944476127625,-0.4177149217284718
TOKYOTECH_s01,23,206,29.866666666666667,0.42078375816345215,-0.6056554176750726
TOKYOTECH_s01,23,207,29.9,0.12179319560527802,-0.8464583556446386
TOKYOTECH_s01,23,208,29.933333333333334,0.12423457950353622,-1.1021978989639156
TOKYOTECH_s01,23,209,29.966666666666665,0.07221738994121552,-1.3093746073151982
TOKYOTECH_s01,23,210,30.0,0.20779284834861755,-1.3950426622744034
TOKYOTECH_s01,23,211,30.033333333333335,0.13466951251029968,-1.2982206024345362
TOKYOTECH_s01,23,212,30.066666666666666,-0.15683938562870026,-0.9908940337881519
TOKYOTECH_s01,23,213,30.1,-0.38900694251060486,-0.4922414958785025
TOKYOTECH_s01,23,214,30.133333333333333,-0.6667338609695435,0.1296805873698123
TOKYOTECH_s01,23,215,30.166666666666668,-0.937687873840332,0.771694905917978
TOKYOTECH_s01,23,216,30.2,-1.1748169660568237,1.3222384225814776
TOKYOTECH_s01,23,217,30.233333333333334,-1.2756223678588867,1.6926137980011462
TOKYOTECH_s01,23,218,30.266666666666666,-1.2314019203186035,1.8408864434251826
TOKYOTECH_s01,23,219,30.3,-1.1770614385604858,1.7788892931219173
TOKYOTECH_s01,23,220,30.333333333333332,-1.0465656518936157,1.5608177855253451
TOKYOTECH_s01,23,221,30.366666666666667,-1.0521571636199951,1.2602600003199813
TOKYOTECH_s01,23,222,30.4,-0.9663150310516357,0.9458290053737071
TOKYOTECH_s01,23,223,30.433333333333334,-0.686501145362854,0.6636576501700375
TOKYOTECH_s01,23,224,30.466666666666665,0.2997778356075287,0.43062481409045444
TOKYOTECH_s01,23,225,30.5,1.6466331481933594,0.23775586045438798
TOKYOTECH_s01,23,226,30.533333333333335,1.9318417310714722,0.06031354905395121
TOKYOTECH_s01,23,227,30.566666666666666,1.5507498979568481,-0.1298206483412544
TOKYOTECH_s01,23,228,30.6,1.0073060989379883,-0.3531695286850978
TOKYOTECH_s01,23,229,30.633333333333333,0.626253604888916,-0.6153626647789826
TOKYOTECH_s01,23,230,30.666666666666668,0.1544368416070938,-0.9044661307003944
TOKYOTECH_s01,23,231,30.7,-0.0517418198287487,-1.1928814679409867
TOKYOTECH_s01,23,232,30.733333333333334,-0.04666217043995857,-1.4429735966782968
TOKYOTECH_s01,23,233,30.766666666666666,0.18018947541713715,-1.6149964551532157
TOKYOTECH_s01,23,234,30.8,0.20566648244857788,-1.6755357533962303
TOKYOTECH_s01,23,235,30.833333333333332,0.04398398473858833,-1.6046612453534996
TOKYOTECH_s01,23,236,30.866666666666667,-0.12813344597816467,-1.40030947159517
TOKYOTECH_s01,23,237,30.9,-0.45764127373695374,-1.0789911874779128
TOKYOTECH_s01,23,238,30.933333333333334,-0.6173155307769775,-0.6727251448891138
TOKYOTECH_s01,23,239,30.966666666666665,-0.8891358971595764,-0.22338834164249785
TOKYOTECH_s01,24,0,24.0,0.12687285244464874,0.03100804815180592
TOKYOTECH_s01,24,1,24.033333333333335,0.19818483293056488,-0.144333480136321
TOKYOTECH_s01,24,2,24.066666666666666,-0.0025597834028303623,-0.3024834319131402
TOKYOTECH_s01,24,3,24.1,-0.09167023003101349,-0.4278337998606221
TOKYOTECH_s01,24,4,24.133333333333333,-0.29434433579444885,-0.508521146035576
TOKYOTECH_s01,24,5,24.166666666666668,-0.3885737955570221,-0.5373967628822969
TOKYOTECH_s01,24,6,24.2,-0.5962094068527222,-0.5124747946508966
TOKYOTECH_s01,24,7,24.233333333333334,-0.6949278712272644,-0.43740251336125324
TOKYOTECH_s01,24,8,24.266666666666666,-0.7543085813522339,-0.32178407243607365
TOKYOTECH_s01,24,9,24.3,-0.8746451139450073,-0.18051224697472223
TOKYOTECH_s01,24,10,24.333333333333332,-0.9473353028297424,-0.031895727975948696
TOKYOTECH_s01,24,11,24.366666666666667,-0.9871849417686462,0.10466129695280393
TOKYOTECH_s01,24,12,24.4,-0.7256814241409302,0.21071908374072523
TOKYOTECH_s01,24,13,24.433333333333334,0.2818218469619751,0.27065981359267505
TOKYOTECH_s01,24,14,24.466666666666665,1.4838480949401855,0.27386211328668864
TOKYOTECH_s01,24,15,24.5,1.9927581548690796,0.21736057143080406
TOKYOTECH_s01,24,16,24.533333333333335,1.5750062465667725,0.10823778035866996
TOKYOTECH_s01,24,17,24.566666666666666,1.0625522136688232,-0.03557187295142455
TOKYOTECH_s01,24,18,24.6,0.5598244071006775,-0.1869673049466853
TOKYOTECH_s01,24,19,24.633333333333333,0.12998363375663757,-0.31384601095685727
TOKYOTECH_s01,24,20,24.666666666666668,-0.09895499795675278,-0.38509209732850924
TOKYOTECH_s01,24,21,24.7,-0.015948006883263588,-0.37737833041975827
TOKYOTECH_s01,24,22,24.733333333333334,0.17617301642894745,-0.2814613510754077
TOKYOTECH_s01,24,23,24.766666666666666,0.22263802587985992,-0.10636261314769242
TOKYOTECH_s01,24,24,24.8,0.02362600900232792,0.12023551610104578
TOKYOTECH_s01,24,25,24.833333333333332,-0.2310652732849121,0.3566343739998572
TOKYOTECH_s01,24,26,24.866666666666667,-0.40873488783836365,0.5568582980558371
TOKYOTECH_s01,24,27,24.9,-0.6077862977981567,0.6832765522387185
TOKYOTECH_s01,24,28,24.933333333333334,-0.7230431437492371,0.7173906330110739
TOKYOTECH_s01,24,29,24.966666666666665,-0.792189359664917,0.6638453927332878
TOKYOTECH_s01,24,30,25.0,-0.8565710186958313,0.5460151500489872
TOKYOTECH_s01,24,31,25.033333333333335,-0.8903959393501282,0.39572110710503133
TOKYOTECH_s01,24,32,25.066666666666666,-0.8414501547813416,0.2416183652978695
TOKYOTECH_s01,24,33,25.1,-0.41688594222068787,0.10037226483154016
TOKYOTECH_s01,24,34,25.133333333333333,0.8002611398696899,-0.026776042554519368
TOKYOTECH_s01,24,35,25.166666666666668,1.846472144126892,-0.1512954141796543
TOKYOTECH_s01,24,36,25.2,1.9002612829208374,-0.2895901095448052
TOKYOTECH_s01,24,37,25.233333333333334,1.4602612257003784,-0.4529150327043426
TOKYOTECH_s01,24,38,25.266666666666666,1.030538558959961,-0.6387752079221308
TOKYOTECH_s01,24,39,25.3,0.7456450462341309,-0.8271477798546241
TOKYOTECH_s01,24,40,25.333333333333332,0.3135204315185547,-0.9827964483230399
TOKYOTECH_s01,24,41,25.366666666666667,0.15053850412368774,-1.0629100029985725
TOKYOTECH_s01,24,42,25.4,0.257526159286499,-1.0284917911448672
TOKYOTECH_s01,24,43,25.433333333333334,0.28335756063461304,-0.8571617029568012
TOKYOTECH_s01,24,44,25.466666666666665,0.20105935633182526,-0.5533955547439237
TOKYOTECH_s01,24,45,25.5,-0.06627198308706284,-0.151607457102689
TOKYOTECH_s01,24,46,25.533333333333335,-0.41731908917427063,0.290240241352622
TOKYOTECH_s01,24,47,25.566666666666666,-0.6298768520355225,0.7046932557208436
TOKYOTECH_s01,24,48,25.6,-0.7877004146575928,1.0313178129482783
TOKYOTECH_s01,24,49,25.633333333333333,-0.8748025894165039,1.2298083207703203
TOKYOTECH_s01,24,50,25.666666666666668,-0.7797855734825134,1.2861923320711295
TOKYOTECH_s01,24,51,25.7,-0.8384968638420105,1.2118791609654784
TOKYOTECH_s01,24,52,25.733333333333334,-0.8452697396278381,1.0372256090454897
TOKYOTECH_s01,24,53,25.766666666666666,-0.7605695724487305,0.8018907993416233
TOKYOTECH_s01,24,54,25.8,-0.5060751438140869,0.5444321090634437
TOKYOTECH_s01,24,55,25.833333333333332,0.676183819770813,0.2935769326588263
TOKYOTECH_s01,24,56,25.866666666666667,1.8295793533325195,0.0631984546610105
TOKYOTECH_s01,24,57,25.9,2.0782852172851562,-0.14784988535136084
TOKYOTECH_s01,24,58,25.933333333333334,1.6993591785430908,-0.3511260877313105
TOKYOTECH_s01,24,59,25.966666666666665,1.2984212636947632,-0.5605997314271963
TOKYOTECH_s01,24,60,26.0,0.8894109725952148,-0.7836042199584877
TOKYOTECH_s01,24,61,26.033333333333335,0.518517792224884,-1.013391539653016
TOKYOTECH_s01,24,62,26.066666666666666,0.26177889108657837,-1.2255467209488626
TOKYOTECH_s01,24,63,26.1,0.19397146999835968,-1.3797865200721582
TOKYOTECH_s01,24,64,26.133333333333333,0.29103609919548035,-1.4278037238101886
TOKYOTECH_s01,24,65,26.166666666666668,0.20936793088912964,-1.326451650954591
TOKYOTECH_s01,24,66,26.2,0.022562826052308083,-1.0534263219944615
TOKYOTECH_s01,24,67,26.233333333333334,-0.14908207952976227,-0.6202228378810543
TOKYOTECH_s01,24,68,26.266666666666666,-0.361167311668396,-0.07606483725519413
TOKYOTECH_s01,24,69,26.3,-0.5034762620925903,0.501004663866096
TOKYOTECH_s01,24,70,26.333333333333332,-0.600816547870636,1.0235534029589837
TOKYOTECH_s01,24,71,26.366666666666667,-0.6446039080619812,1.416885982540563
TOKYOTECH_s01,24,72,26.4,-0.7145770788192749,1.635368009643322
TOKYOTECH_s01,24,73,26.433333333333334,-0.8437734246253967,1.668340082257572
TOKYOTECH_s01,24,74,26.466666666666665,-0.957691490650177,1.5363074342423078
TOKYOTECH_s01,24,75,26.5,-1.0709794759750366,1.2813592922222075
TOKYOTECH_s01,24,76,26.533333333333335,-0.8438915610313416,0.9555839034132914
TOKYOTECH_s01,24,77,26.566666666666666,0.1921994984149933,0.6095902088923824
TOKYOTECH_s01,24,78,26.6,1.4850294589996338,0.2825939045245901
TOKYOTECH_s01,24,79,26.633333333333333,1.9855127334594727,-0.004203378439338616
TOKYOTECH_s01,24,80,26.666666666666668,1.7202684879302979,-0.24927905476945522
TOKYOTECH_s01,24,81,26.7,1.2520743608474731,-0.4667797402826942
TOKYOTECH_s01,24,82,26.733333333333334,0.9680864810943604,-0.6777155074926968
TOKYOTECH_s01,24,83,26.766666666666666,0.6320026516914368,-0.8987633639336252
TOKYOTECH_s01,24,84,26.8,0.33313024044036865,-1.1318629060168406
TOKYOTECH_s01,24,85,26.833333333333332,0.26784297823905945,-1.357726931699113
TOKYOTECH_s01,24,86,26.866666666666667,0.2727257311344147,-1.5356952428587831
TOKYOTECH_s01,24,87,26.9,0.31422922015190125,-1.6111814361369332
TOKYOTECH_s01,24,88,26.933333333333334,0.010631555691361427,-1.5302568297410342
TOKYOTECH_s01,24,89,26.966666666666665,-0.23232534527778625,-1.2584690182975369
TOKYOTECH_s01,24,90,27.0,-0.44606441259384155,-0.7981898385130057
TOKYOTECH_s01,24,91,27.033333333333335,-0.6707109212875366,-0.1971363648362271
TOKYOTECH_s01,24,92,27.066666666666666,-0.7558836936950684,0.4578946710889848
TOKYOTECH_s01,24,93,27.1,-0.8413320183753967,1.0623963039887
TOKYOTECH_s01,24,94,27.133333333333333,-0.8513731956481934,1.5228868536908848
TOKYOTECH_s01,24,95,27.166666666666668,-0.8154218792915344,1.7808592281323474
TOKYOTECH_s01,24,96,27.2,-0.8151068687438965,1.8231182595088016
TOKYOTECH_s01,24,97,27.233333333333334,-0.7987653613090515,1.677344927545858
TOKYOTECH_s01,24,98,27.266666666666666,-0.912250280380249,1.3978113743030922
TOKYOTECH_s01,24,99,27.3,-0.8944911956787109,1.0480754248255117
TOKYOTECH_s01,24,100,27.333333333333332,-0.2834368646144867,0.685812164865783
TOKYOTECH_s01,24,101,27.366666666666667,1.0310899019241333,0.35214361289415236
TOKYOTECH_s01,24,102,27.4,1.9393627643585205,0.06613952656259435
TOKYOTECH_s01,24,103,27.433333333333334,1.6519097089767456,-0.1752058971536469
TOKYOTECH_s01,24,104,27.466666666666665,1.2229353189468384,-0.39134271705725404
TOKYOTECH_s01,24,105,27.5,0.8427490592002869,-0.607663417404656
TOKYOTECH_s01,24,106,27.533333333333335,0.5319454073905945,-0.8427943711277434
TOKYOTECH_s01,24,107,27.566666666666666,0.14006417989730835,-1.0976644261363844
TOKYOTECH_s01,24,108,27.6,0.09367792308330536,-1.349838529572288
TOKYOTECH_s01,24,109,27.633333333333333,0.27945923805236816,-1.5549890448088075
TOKYOTECH_s01,24,110,27.666666666666668,0.27886855602264404,-1.6557987305766475
TOKYOTECH_s01,24,111,27.7,0.1603040248155594,-1.597058494022101
TOKYOTECH_s01,24,112,27.733333333333334,-0.03473090007901192,-1.3438559213421355
TOKYOTECH_s01,24,113,27.766666666666666,-0.22637939453125,-0.8977222423815702
TOKYOTECH_s01,24,114,27.8,-0.4665011465549469,-0.3044196384562715
TOKYOTECH_s01,24,115,27.833333333333332,-0.6287742853164673,0.3516299578731964
TOKYOTECH_s01,24,116,27.866666666666667,-0.7093399167060852,0.9667066779385461
TOKYOTECH_s01,24,117,27.9,-0.7012282013893127,1.4451199708356128
TOKYOTECH_s01,24,118,27.933333333333334,-0.7452518343925476,1.7240408129730422
TOKYOTECH_s01,24,119,27.966666666666665,-0.7525759935379028,1.7861327508261997
TOKYOTECH_s01,24,120,28.0,-0.8766533136367798,1.6569345489276148
TOKYOTECH_s01,24,121,28.033333333333335,-0.9066587090492249,1.3911821302606957
TOKYOTECH_s01,24,122,28.066666666666666,-0.9229214787483215,1.0548481352933987
TOKYOTECH_s01,24,123,28.1,-0.4740615487098694,0.7083300978447704
TOKYOTECH_s01,24,124,28.133333333333333,0.8465686440467834,0.3940931242952083
TOKYOTECH_s01,24,125,28.166666666666668,1.7537389993667603,0.13044835752891226
TOKYOTECH_s01,24,126,28.2,1.6667155027389526,-0.08805422781672236
TOKYOTECH_s01,24,127,28.233333333333334,1.2868443727493286,-0.2841452240489245
TOKYOTECH_s01,24,128,28.266666666666666,0.7778949737548828,-0.48680411175422705
TOKYOTECH_s01,24,129,28.3,0.5085553526878357,-0.7182706283712336
TOKYOTECH_s01,24,130,28.333333333333332,0.041227586567401886,-0.9825293503809276
TOKYOTECH_s01,24,131,28.366666666666667,-0.0048436569049954414,-1.2587511769012703
TOKYOTECH_s01,24,132,28.4,0.07146922498941422,-1.5021038523237311
TOKYOTECH_s01,24,133,28.433333333333334,0.173613503575325,-1.6525172071957979
TOKYOTECH_s01,24,134,28.466666666666665,0.02854814939200878,-1.6499820308305064
TOKYOTECH_s01,24,135,28.5,-0.20035110414028168,-1.4530262971348125
TOKYOTECH_s01,24,136,28.533333333333335,-0.3914876878261566,-1.0553620706117073
TOKYOTECH_s01,24,137,28.566666666666666,-0.5807735919952393,-0.4947939224775458
TOKYOTECH_s01,24,138,28.6,-0.6975661516189575,0.15068055175972275
TOKYOTECH_s01,24,139,28.633333333333333,-0.7296978831291199,0.7806432709526956
TOKYOTECH_s01,24,140,28.666666666666668,-0.814240574836731,1.298423168462777
TOKYOTECH_s01,24,141,28.7,-0.8793703317642212,1.6355112071630433
TOKYOTECH_s01,24,142,28.733333333333334,-0.8635801076889038,1.7651254512759713
TOKYOTECH_s01,24,143,28.766666666666666,-0.9281192421913147,1.7016008431211118
TOKYOTECH_s01,24,144,28.8,-0.994666576385498,1.4888465361821157
TOKYOTECH_s01,24,145,28.833333333333332,-1.0111262798309326,1.1845578502873493
TOKYOTECH_s01,24,146,28.866666666666667,-0.718042254447937,0.845748894656958
TOKYOTECH_s01,24,147,28.9,0.5621870160102844,0.5180173779038573
TOKYOTECH_s01,24,148,28.933333333333334,1.7679541110992432,0.2289744369717292
TOKYOTECH_s01,24,149,28.966666666666665,1.8386754989624023,-0.014060940931683887
TOKYOTECH_s01,24,150,29.0,1.5107821226119995,-0.22184159387255867
TOKYOTECH_s01,24,151,29.033333333333335,1.0165990591049194,-0.416484242210836
TOKYOTECH_s01,24,152,29.066666666666666,0.6670876741409302,-0.6213751129666586
TOKYOTECH_s01,24,153,29.1,0.2811524569988251,-0.8501011345110038
TOKYOTECH_s01,24,154,29.133333333333333,0.06642895191907883,-1.0975665055569122
TOKYOTECH_s01,24,155,29.166666666666668,0.005591282621026039,-1.3361923124535888
TOKYOTECH_s01,24,156,29.2,-0.012167803011834621,-1.5188915860741452
TOKYOTECH_s01,24,157,29.233333333333334,-0.04197629168629646,-1.5889421700149804
TOKYOTECH_s01,24,158,29.266666666666666,-0.011419638060033321,-1.4953559381866275
TOKYOTECH_s01,24,159,29.3,-0.17554351687431335,-1.2105636744169121
TOKYOTECH_s01,24,160,29.333333333333332,-0.4541367292404175,-0.7451947343714264
TOKYOTECH_s01,24,161,29.366666666666667,-0.7310367226600647,-0.15358889777653278
TOKYOTECH_s01,24,162,29.4,-0.9328838586807251,0.4748484847987026
TOKYOTECH_s01,24,163,29.433333333333334,-1.0054165124893188,1.037995743745862
TOKYOTECH_s01,24,164,29.466666666666665,-0.9556438326835632,1.4490762106220523
TOKYOTECH_s01,24,165,29.5,-0.9416255950927734,1.65861774595231
TOKYOTECH_s01,24,166,29.533333333333335,-0.9739935994148254,1.662316967882157
TOKYOTECH_s01,24,167,29.566666666666666,-1.0737358331680298,1.494597799109908
TOKYOTECH_s01,24,168,29.6,-1.2003333568572998,1.2133578901235793
TOKYOTECH_s01,24,169,29.633333333333333,-0.9645824432373047,0.8826605912873746
TOKYOTECH_s01,24,170,29.666666666666668,0.131598100066185,0.5579855765373671
TOKYOTECH_s01,24,171,29.7,1.6012707948684692,0.2759154283668394
TOKYOTECH_s01,24,172,29.733333333333334,2.0690317153930664,0.04899515277660283
TOKYOTECH_s01,24,173,29.766666666666666,1.6589581966400146,-0.1334850629851546
TOKYOTECH_s01,24,174,29.8,1.2205332517623901,-0.2984234657509333
TOKYOTECH_s01,24,175,29.833333333333332,0.8145944476127625,-0.47666996283534
TOKYOTECH_s01,24,176,29.866666666666667,0.42078375816345215,-0.6888357278610954
TOKYOTECH_s01,24,177,29.9,0.12179319560527802,-0.9337417417178904
TOKYOTECH_s01,24,178,29.933333333333334,0.12423457950353622,-1.183636428073695
TOKYOTECH_s01,24,179,29.966666666666665,0.07221738994121552,-1.388260651038272
TOKYOTECH_s01,24,180,30.0,0.20779284834861755,-1.4871647060883812
TOKYOTECH_s01,24,181,30.033333333333335,0.13466951251029968,-1.427236340539925
TOKYOTECH_s01,24,182,30.066666666666666,-0.15683938562870026,-1.1807120385490422
TOKYOTECH_s01,24,183,30.1,-0.38900694251060486,-0.7581681844974983
TOKYOTECH_s01,24,184,30.133333333333333,-0.6667338609695435,-0.2114292282022346
TOKYOTECH_s01,24,185,30.166666666666668,-0.937687873840332,0.3762243449929059
TOKYOTECH_s01,24,186,30.2,-1.1748169660568237,0.9106541608074342
TOKYOTECH_s01,24,187,30.233333333333334,-1.2756223678588867,1.311523207698067
TOKYOTECH_s01,24,188,30.266666666666666,-1.2314019203186035,1.5317592210484052
TOKYOTECH_s01,24,189,30.3,-1.1770614385604858,1.564709119855753
TOKYOTECH_s01,24,190,30.333333333333332,-1.0465656518936157,1.4382196549909967
TOKYOTECH_s01,24,191,30.366666666666667,-1.0521571636199951,1.20074754961513
TOKYOTECH_s01,24,192,30.4,-0.9663150310516357,0.9059306476120935
TOKYOTECH_s01,24,193,30.433333333333334,-0.686501145362854,0.5999752788873387
TOKYOTECH_s01,24,194,30.466666666666665,0.2997778356075287,0.3138147362308184
TOKYOTECH_s01,24,195,30.5,1.6466331481933594,0.06039543617988939
TOKYOTECH_s01,24,196,30.533333333333335,1.9318417310714722,-0.1634752800528326
TOKYOTECH_s01,24,197,30.566666666666666,1.5507498979568481,-0.37161594272760234
TOKYOTECH_s01,24,198,30.6,1.0073060989379883,-0.5802356923720743
TOKYOTECH_s01,24,199,30.633333333333333,0.626253604888916,-0.7984312623086961
TOKYOTECH_s01,24,200,30.666666666666668,0.1544368416070938,-1.0200205147037325
TOKYOTECH_s01,24,201,30.7,-0.0517418198287487,-1.2199605983186383
TOKYOTECH_s01,24,202,30.733333333333334,-0.04666217043995857,-1.357632876250773
TOKYOTECH_s01,24,203,30.766666666666666,0.18018947541713715,-1.387045469759363
TOKYOTECH_s01,24,204,30.8,0.20566648244857788,-1.2715294214780302
TOKYOTECH_s01,24,205,30.833333333333332,0.04398398473858833,-0.9984968521807887
TOKYOTECH_s01,24,206,30.866666666666667,-0.12813344597816467,-0.5889039847501469
TOKYOTECH_s01,24,207,30.9,-0.45764127373695374,-0.09694252509678966
TOKYOTECH_s01,24,208,30.933333333333334,-0.6173155307769775,0.4015077227216987
TOKYOTECH_s01,24,209,30.966666666666665,-0.8891358971595764,0.8285827459244218
TOKYOTECH_s01,24,210,31.0,-0.9876968264579773,1.1250193846900518
TOKYOTECH_s01,24,211,31.033333333333335,-1.076570987701416,1.2635808135777082
TOKYOTECH_s01,24,212,31.066666666666666,-0.9756080508232117,1.2511683228102803
TOKYOTECH_s01,24,213,31.1,-1.0517240762710571,1.120949379238233
TOKYOTECH_s01,24,214,31.133333333333333,-0.9292611479759216,0.9191305961492836
TOKYOTECH_s01,24,215,31.166666666666668,-0.9904532432556152,0.6913570853962603
TOKYOTECH_s01,24,216,31.2,-0.5139899849891663,0.47230208268255375
TOKYOTECH_s01,24,217,31.233333333333334,0.6473597288131714,0.2801457258093505
TOKYOTECH_s01,24,218,31.266666666666666,1.8130409717559814,0.11618242229424249
TOKYOTECH_s01,24,219,31.3,1.8592697381973267,-0.031178285349097598
TOKYOTECH_s01,24,220,31.333333333333332,1.4780991077423096,-0.1794240292940964
TOKYOTECH_s01,24,221,31.366666666666667,0.9883263111114502,-0.343580093960878
TOKYOTECH_s01,24,222,31.4,0.5486019253730774,-0.5279380398827401
TOKYOTECH_s01,24,223,31.433333333333334,0.10600296407938004,-0.7196933602020005
TOKYOTECH_s01,24,224,31.466666666666665,-0.09324531257152557,-0.8873149389013043
TOKYOTECH_s01,24,225,31.5,-0.04323635995388031,-0.9863042197273597
TOKYOTECH_s01,24,226,31.533333333333335,0.046819139271974564,-0.9723336552460446
TOKYOTECH_s01,24,227,31.566666666666666,0.04154260456562042,-0.8180040284388354
TOKYOTECH_s01,24,228,31.6,-0.1177772656083107,-0.5269772841745521
TOKYOTECH_s01,24,229,31.633333333333333,-0.3013928234577179,-0.13908775601181694
TOKYOTECH_s01,24,230,31.666666666666668,-0.5072958469390869,0.27750422370324
TOKYOTECH_s01,24,231,31.7,-0.7139863967895508,0.6458161711781604
TOKYOTECH_s01,24,232,31.733333333333334,-0.9767500162124634,0.9035885268033443
TOKYOTECH_s01,24,233,31.766666666666666,-1.0529053211212158,1.0204593647142801
TOKYOTECH_s01,24,234,31.8,-1.0635372400283813,1.0019494629831347
TOKYOTECH_s01,24,235,31.833333333333332,-0.9906501173973083,0.8804318529977095
TOKYOTECH_s01,24,236,31.866666666666667,-1.0020301342010498,0.6987659529878414
TOKYOTECH_s01,24,237,31.9,-0.866730272769928,0.4940809033286502
TOKYOTECH_s01,24,238,31.933333333333334,-0.2724112570285797,0.28759542515777714
TOKYOTECH_s01,24,239,31.966666666666665,1.023056983947754,0.08308973183344776
TOKYOTECH_s01,25,0,25.0,-0.8565710186958313,-0.08890049362767842
TOKYOTECH_s01,25,1,25.033333333333335,-0.8903959393501282,-0.2062968470163443
TOKYOTECH_s01,25,2,25.066666666666666,-0.8414501547813416,-0.2894005155048465
TOKYOTECH_s01,25,3,25.1,-0.41688594222068787,-0.3185570544800339
TOKYOTECH_s01,25,4,25.133333333333333,0.8002611398696899,-0.29479329087126477
TOKYOTECH_s01,25,5,25.166666666666668,1.846472144126892,-0.24069206218654576
TOKYOTECH_s01,25,6,25.2,1.9002612829208374,-0.1926459585662537
TOKYOTECH_s01,25,7,25.233333333333334,1.4602612257003784,-0.1867290414540742
TOKYOTECH_s01,25,8,25.266666666666666,1.030538558959961,-0.2434897545399639
TOKYOTECH_s01,25,9,25.3,0.7456450462341309,-0.3577304710757055
TOKYOTECH_s01,25,10,25.333333333333332,0.3135204315185547,-0.4971494893667002
TOKYOTECH_s01,25,11,25.366666666666667,0.15053850412368774,-0.6104672875837317
TOKYOTECH_s01,25,12,25.4,0.257526159286499,-0.643172324788913
TOKYOTECH_s01,25,13,25.433333333333334,0.28335756063461304,-0.556643593938761
TOKYOTECH_s01,25,14,25.466666666666665,0.20105935633182526,-0.3438040091694922
TOKYOTECH_s01,25,15,25.5,-0.06627198308706284,-0.03424519129605612
TOKYOTECH_s01,25,16,25.533333333333335,-0.41731908917427063,0.314085619847066
TOKYOTECH_s01,25,17,25.566666666666666,-0.6298768520355225,0.6332275276203129
TOKYOTECH_s01,25,18,25.6,-0.7877004146575928,0.8656376229701395
TOKYOTECH_s01,25,19,25.633333333333333,-0.8748025894165039,0.9786423366175734
TOKYOTECH_s01,25,20,25.666666666666668,-0.7797855734825134,0.9689496238372524
TOKYOTECH_s01,25,21,25.7,-0.8384968638420105,0.8582419932884634
TOKYOTECH_s01,25,22,25.733333333333334,-0.8452697396278381,0.6834177789015624
TOKYOTECH_s01,25,23,25.766666666666666,-0.7605695724487305,0.4850811179119463
TOKYOTECH_s01,25,24,25.8,-0.5060751438140869,0.2969787945096561
TOKYOTECH_s01,25,25,25.833333333333332,0.676183819770813,0.13832454855684012
TOKYOTECH_s01,25,26,25.866666666666667,1.8295793533325195,0.010538475858404735
TOKYOTECH_s01,25,27,25.9,2.0782852172851562,-0.10073504236721782
TOKYOTECH_s01,25,28,25.933333333333334,1.6993591785430908,-0.21881071763760662
TOKYOTECH_s01,25,29,25.966666666666665,1.2984212636947632,-0.3662001329663935
TOKYOTECH_s01,25,30,26.0,0.8894109725952148,-0.5544137448390651
TOKYOTECH_s01,25,31,26.033333333333335,0.518517792224884,-0.7759638404871994
TOKYOTECH_s01,25,32,26.066666666666666,0.26177889108657837,-1.0011230192535194
TOKYOTECH_s01,25,33,26.1,0.19397146999835968,-1.1813539892479117
TOKYOTECH_s01,25,34,26.133333333333333,0.29103609919548035,-1.259777755830661
TOKYOTECH_s01,25,35,26.166666666666668,0.20936793088912964,-1.1869650524355404
TOKYOTECH_s01,25,36,26.2,0.022562826052308083,-0.9382833142867202
TOKYOTECH_s01,25,37,26.233333333333334,-0.14908207952976227,-0.5271717545830793
TOKYOTECH_s01,25,38,26.266666666666666,-0.361167311668396,-0.00797072811901397
TOKYOTECH_s01,25,39,26.3,-0.5034762620925903,0.5353075735308039
TOKYOTECH_s01,25,40,26.333333333333332,-0.600816547870636,1.0112728029771616
TOKYOTECH_s01,25,41,26.366666666666667,-0.6446039080619812,1.345612533812911
TOKYOTECH_s01,25,42,26.4,-0.7145770788192749,1.4982254868260962
TOKYOTECH_s01,25,43,26.433333333333334,-0.8437734246253967,1.4680555779669062
TOKYOTECH_s01,25,44,26.466666666666665,-0.957691490650177,1.2867826649290202
TOKYOTECH_s01,25,45,26.5,-1.0709794759750366,1.0063406052509682
TOKYOTECH_s01,25,46,26.533333333333335,-0.8438915610313416,0.6849894067896114
TOKYOTECH_s01,25,47,26.566666666666666,0.1921994984149933,0.3745718727151985
TOKYOTECH_s01,25,48,26.6,1.4850294589996338,0.11048719822478172
TOKYOTECH_s01,25,49,26.633333333333333,1.9855127334594727,-0.09411954090147426
TOKYOTECH_s01,25,50,26.666666666666668,1.7202684879302979,-0.24866456650564317
TOKYOTECH_s01,25,51,26.7,1.2520743608474731,-0.37951139121970595
TOKYOTECH_s01,25,52,26.733333333333334,0.9680864810943604,-0.5193780900817796
TOKYOTECH_s01,25,53,26.766666666666666,0.6320026516914368,-0.6941274963879032
TOKYOTECH_s01,25,54,26.8,0.33313024044036865,-0.9103219723497252
TOKYOTECH_s01,25,55,26.833333333333332,0.26784297823905945,-1.1473127686935245
TOKYOTECH_s01,25,56,26.866666666666667,0.2727257311344147,-1.3571883676874905
TOKYOTECH_s01,25,57,26.9,0.31422922015190125,-1.4743260070910467
TOKYOTECH_s01,25,58,26.933333333333334,0.010631555691361427,-1.4335374549149038
TOKYOTECH_s01,25,59,26.966666666666665,-0.23232534527778625,-1.1924519581370265
TOKYOTECH_s01,25,60,27.0,-0.44606441259384155,-0.7509770705409192
TOKYOTECH_s01,25,61,27.033333333333335,-0.6707109212875366,-0.15982817970375524
TOKYOTECH_s01,25,62,27.066666666666666,-0.7558836936950684,0.4875076145528637
TOKYOTECH_s01,25,63,27.1,-0.8413320183753967,1.0788353295324105
TOKYOTECH_s01,25,64,27.133333333333333,-0.8513731956481934,1.514837954334971
TOKYOTECH_s01,25,65,27.166666666666668,-0.8154218792915344,1.735419344817849
TOKYOTECH_s01,25,66,27.2,-0.8151068687438965,1.7312100376464437
TOKYOTECH_s01,25,67,27.233333333333334,-0.7987653613090515,1.5384185626390419
TOKYOTECH_s01,25,68,27.266666666666666,-0.912250280380249,1.222115842699313
TOKYOTECH_s01,25,69,27.3,-0.8944911956787109,0.8557200371821223
TOKYOTECH_s01,25,70,27.333333333333332,-0.2834368646144867,0.5027914720019321
TOKYOTECH_s01,25,71,27.366666666666667,1.0310899019241333,0.20423811340005413
TOKYOTECH_s01,25,72,27.4,1.9393627643585205,-0.0275694196351786
TOKYOTECH_s01,25,73,27.433333333333334,1.6519097089767456,-0.20697001412265084
TOKYOTECH_s01,25,74,27.466666666666665,1.2229353189468384,-0.3659871827375878
TOKYOTECH_s01,25,75,27.5,0.8427490592002869,-0.5404264337001177
TOKYOTECH_s01,25,76,27.533333333333335,0.5319454073905945,-0.754769426993687
TOKYOTECH_s01,25,77,27.566666666666666,0.14006417989730835,-1.0099676377382005
TOKYOTECH_s01,25,78,27.6,0.09367792308330536,-1.277687445694788
TOKYOTECH_s01,25,79,27.633333333333333,0.27945923805236816,-1.5032652674817406
TOKYOTECH_s01,25,80,27.666666666666668,0.27886855602264404,-1.617810130661791
TOKYOTECH_s01,25,81,27.7,0.1603040248155594,-1.5575306140062055
TOKYOTECH_s01,25,82,27.733333333333334,-0.03473090007901192,-1.2856518073316947
TOKYOTECH_s01,25,83,27.766666666666666,-0.22637939453125,-0.809990172675009
TOKYOTECH_s01,25,84,27.8,-0.4665011465549469,-0.18874928072678085
TOKYOTECH_s01,25,85,27.833333333333332,-0.6287742853164673,0.4799724191667775
TOKYOTECH_s01,25,86,27.866666666666667,-0.7093399167060852,1.0831056878467884
TOKYOTECH_s01,25,87,27.9,-0.7012282013893127,1.523360930712028
TOKYOTECH_s01,25,88,27.933333333333334,-0.7452518343925476,1.7440606431282906
TOKYOTECH_s01,25,89,27.966666666666665,-0.7525759935379028,1.7391347688935133
TOKYOTECH_s01,25,90,28.0,-0.8766533136367798,1.5469480449430624
TOKYOTECH_s01,25,91,28.033333333333335,-0.9066587090492249,1.2335226851962506
TOKYOTECH_s01,25,92,28.066666666666666,-0.9229214787483215,0.872493880034483
TOKYOTECH_s01,25,93,28.1,-0.4740615487098694,0.527196694157109
TOKYOTECH_s01,25,94,28.133333333333333,0.8465686440467834,0.2380633916085652
TOKYOTECH_s01,25,95,28.166666666666668,1.7537389993667603,0.017003626335340055
TOKYOTECH_s01,25,96,28.2,1.6667155027389526,-0.15080447260325255
TOKYOTECH_s01,25,97,28.233333333333334,1.2868443727493286,-0.29845666333924253
TOKYOTECH_s01,25,98,28.266666666666666,0.7778949737548828,-0.4640591599644207
TOKYOTECH_s01,25,99,28.3,0.5085553526878357,-0.6756052270112065
TOKYOTECH_s01,25,100,28.333333333333332,0.041227586567401886,-0.937808601060001
TOKYOTECH_s01,25,101,28.366666666666667,-0.0048436569049954414,-1.2248847830506397
TOKYOTECH_s01,25,102,28.4,0.07146922498941422,-1.4822944145223886
TOKYOTECH_s01,25,103,28.433333333333334,0.173613503575325,-1.6383144668554892
TOKYOTECH_s01,25,104,28.466666666666665,0.02854814939200878,-1.6234344365786688
TOKYOTECH_s01,25,105,28.5,-0.20035110414028168,-1.392833074368054
TOKYOTECH_s01,25,106,28.533333333333335,-0.3914876878261566,-0.9453814963132623
TOKYOTECH_s01,25,107,28.566666666666666,-0.5807735919952393,-0.33206425014271423
TOKYOTECH_s01,25,108,28.6,-0.6975661516189575,0.35177645248690137
TOKYOTECH_s01,25,109,28.633333333333333,-0.7296978831291199,0.9905364284028656
TOKYOTECH_s01,25,110,28.666666666666668,-0.814240574836731,1.480503494714805
TOKYOTECH_s01,25,111,28.7,-0.8793703317642212,1.7567520433739443
TOKYOTECH_s01,25,112,28.733333333333334,-0.8635801076889038,1.804762821211043
TOKYOTECH_s01,25,113,28.766666666666666,-0.9281192421913147,1.6552199596172608
TOKYOTECH_s01,25,114,28.8,-0.994666576385498,1.367687533996051
TOKYOTECH_s01,25,115,28.833333333333332,-1.0111262798309326,1.0113222731551956
TOKYOTECH_s01,25,116,28.866666666666667,-0.718042254447937,0.6485564768165205
TOKYOTECH_s01,25,117,28.9,0.5621870160102844,0.3240552899490121
TOKYOTECH_s01,25,118,28.933333333333334,1.7679541110992432,0.05928885044760412
TOKYOTECH_s01,25,119,28.966666666666665,1.8386754989624023,-0.14742722874325376
TOKYOTECH_s01,25,120,29.0,1.5107821226119995,-0.31600929293447877
TOKYOTECH_s01,25,121,29.033333333333335,1.0165990591049194,-0.4759146864630985
TOKYOTECH_s01,25,122,29.066666666666666,0.6670876741409302,-0.6551178496337504
TOKYOTECH_s01,25,123,29.1,0.2811524569988251,-0.8686688574022119
TOKYOTECH_s01,25,124,29.133333333333333,0.06642895191907883,-1.1095658153005175
TOKYOTECH_s01,25,125,29.166666666666668,0.005591282621026039,-1.3450643220786918
TOKYOTECH_s01,25,126,29.2,-0.012167803011834621,-1.5207309875689519
TOKYOTECH_s01,25,127,29.233333333333334,-0.04197629168629646,-1.572702331946467
TOKYOTECH_s01,25,128,29.266666666666666,-0.011419638060033321,-1.446277876686663
TOKYOTECH_s01,25,129,29.3,-0.17554351687431335,-1.1163884365776042
TOKYOTECH_s01,25,130,29.333333333333332,-0.4541367292404175,-0.6031960901547784
TOKYOTECH_s01,25,131,29.366666666666667,-0.7310367226600647,0.024533916643563896
TOKYOTECH_s01,25,132,29.4,-0.9328838586807251,0.6629985979723805
TOKYOTECH_s01,25,133,29.433333333333334,-1.0054165124893188,1.2017227852959689
TOKYOTECH_s01,25,134,29.466666666666665,-0.9556438326835632,1.5559341446334582
TOKYOTECH_s01,25,135,29.5,-0.9416255950927734,1.6887465475262087
TOKYOTECH_s01,25,136,29.533333333333335,-0.9739935994148254,1.6149347879813205
TOKYOTECH_s01,25,137,29.566666666666666,-1.0737358331680298,1.3880988123359566
TOKYOTECH_s01,25,138,29.6,-1.2003333568572998,1.0793571787652132
TOKYOTECH_s01,25,139,29.633333333333333,-0.9645824432373047,0.7562902521738601
TOKYOTECH_s01,25,140,29.666666666666668,0.131598100066185,0.46770171380632775
TOKYOTECH_s01,25,141,29.7,1.6012707948684692,0.23597267711482836
TOKYOTECH_s01,25,142,29.733333333333334,2.0690317153930664,0.05659395393517312
TOKYOTECH_s01,25,143,29.766666666666666,1.6589581966400146,-0.09607858182718519
TOKYOTECH_s01,25,144,29.8,1.2205332517623901,-0.2579220076301253
TOKYOTECH_s01,25,145,29.833333333333332,0.8145944476127625,-0.460838450439624
TOKYOTECH_s01,25,146,29.866666666666667,0.42078375816345215,-0.7185755640769701
TOKYOTECH_s01,25,147,29.9,0.12179319560527802,-1.016891973438954
TOKYOTECH_s01,25,148,29.933333333333334,0.12423457950353622,-1.311698800625185
TOKYOTECH_s01,25,149,29.966666666666665,0.07221738994121552,-1.536820253360503
TOKYOTECH_s01,25,150,30.0,0.20779284834861755,-1.6205603292207253
TOKYOTECH_s01,25,151,30.033333333333335,0.13466951251029968,-1.5074947732117787
TOKYOTECH_s01,25,152,30.066666666666666,-0.15683938562870026,-1.1791866323232987
TOKYOTECH_s01,25,153,30.1,-0.38900694251060486,-0.6662133942889821
TOKYOTECH_s01,25,154,30.133333333333333,-0.6667338609695435,-0.04547208573511985
TOKYOTECH_s01,25,155,30.166666666666668,-0.937687873840332,0.5783387424342578
TOKYOTECH_s01,25,156,30.2,-1.1748169660568237,1.1013517059643436
TOKYOTECH_s01,25,157,30.233333333333334,-1.2756223678588867,1.4485768489868192
TOKYOTECH_s01,25,158,30.266666666666666,-1.2314019203186035,1.5907403071779755
TOKYOTECH_s01,25,159,30.3,-1.1770614385604858,1.5446257630477402
TOKYOTECH_s01,25,160,30.333333333333332,-1.0465656518936157,1.359375086379324
TOKYOTECH_s01,25,161,30.366666666666667,-1.0521571636199951,1.096577584938021
TOKYOTECH_s01,25,162,30.4,-0.9663150310516357,0.8120292527325496
TOKYOTECH_s01,25,163,30.433333333333334,-0.686501145362854,0.5437343062753732
TOKYOTECH_s01,25,164,30.466666666666665,0.2997778356075287,0.30747102852970926
TOKYOTECH_s01,25,165,30.5,1.6466331481933594,0.0990947155782336
TOKYOTECH_s01,25,166,30.533333333333335,1.9318417310714722,-0.09854278898629516
TOKYOTECH_s01,25,167,30.566666666666666,1.5507498979568481,-0.3064789604537978
TOKYOTECH_s01,25,168,30.6,1.0073060989379883,-0.5401892001664796
TOKYOTECH_s01,25,169,30.633333333333333,0.626253604888916,-0.8012273648382592
TOKYOTECH_s01,25,170,30.666666666666668,0.1544368416070938,-1.0717362226008822
TOKYOTECH_s01,25,171,30.7,-0.0517418198287487,-1.3139591193558908
TOKYOTECH_s01,25,172,30.733333333333334,-0.04666217043995857,-1.476209455593055
TOKYOTECH_s01,25,173,30.766666666666666,0.18018947541713715,-1.5050599146084687
TOKYOTECH_s01,25,174,30.8,0.20566648244857788,-1.361395939866218
TOKYOTECH_s01,25,175,30.833333333333332,0.04398398473858833,-1.0359716121516156
TOKYOTECH_s01,25,176,30.866666666666667,-0.12813344597816467,-0.5589000393338456
TOKYOTECH_s01,25,177,30.9,-0.45764127373695374,0.0019393279199188395
TOKYOTECH_s01,25,178,30.933333333333334,-0.6173155307769775,0.5555577989827492
TOKYOTECH_s01,25,179,30.966666666666665,-0.8891358971595764,1.0121166176117498
TOKYOTECH_s01,25,180,31.0,-0.9876968264579773,1.3076503854207624
TOKYOTECH_s01,25,181,31.033333333333335,-1.076570987701416,1.4189154717132568
TOKYOTECH_s01,25,182,31.066666666666666,-0.9756080508232117,1.3634715801081723
TOKYOTECH_s01,25,183,31.1,-1.0517240762710571,1.1876192730966186
TOKYOTECH_s01,25,184,31.133333333333333,-0.9292611479759216,0.9487828803705157
TOKYOTECH_s01,25,185,31.166666666666668,-0.9904532432556152,0.6987312410814268
TOKYOTECH_s01,25,186,31.2,-0.5139899849891663,0.4718464500976333
TOKYOTECH_s01,25,187,31.233333333333334,0.6473597288131714,0.28022830794214953
TOKYOTECH_s01,25,188,31.266666666666666,1.8130409717559814,0.11557314465195909
TOKYOTECH_s01,25,189,31.3,1.8592697381973267,-0.043585185728984926
TOKYOTECH_s01,25,190,31.333333333333332,1.4780991077423096,-0.2217125928993077
TOKYOTECH_s01,25,191,31.366666666666667,0.9883263111114502,-0.43582041219282125
TOKYOTECH_s01,25,192,31.4,0.5486019253730774,-0.6866192457286134
TOKYOTECH_s01,25,193,31.433333333333334,0.10600296407938004,-0.9528781209985991
TOKYOTECH_s01,25,194,31.466666666666665,-0.09324531257152557,-1.1913459902386476
TOKYOTECH_s01,25,195,31.5,-0.04323635995388031,-1.3445404235250276
TOKYOTECH_s01,25,196,31.533333333333335,0.046819139271974564,-1.3561872354681785
TOKYOTECH_s01,25,197,31.566666666666666,0.04154260456562042,-1.1903722360189068
TOKYOTECH_s01,25,198,31.6,-0.1177772656083107,-0.8478629561115616
TOKYOTECH_s01,25,199,31.633333333333333,-0.3013928234577179,-0.3726389110366627
TOKYOTECH_s01,25,200,31.666666666666668,-0.5072958469390869,0.15608724630429358
TOKYOTECH_s01,25,201,31.7,-0.7139863967895508,0.6455522822018566
TOKYOTECH_s01,25,202,31.733333333333334,-0.9767500162124634,1.0167904545586466
TOKYOTECH_s01,25,203,31.766666666666666,-1.0529053211212158,1.2259450337872868
TOKYOTECH_s01,25,204,31.8,-1.0635372400283813,1.2713308759805022
TOKYOTECH_s01,25,205,31.833333333333332,-0.9906501173973083,1.1856568390299296
TOKYOTECH_s01,25,206,31.866666666666667,-1.0020301342010498,1.01912534607086
TOKYOTECH_s01,25,207,31.9,-0.866730272769928,0.8212583953424508
TOKYOTECH_s01,25,208,31.933333333333334,-0.2724112570285797,0.6274172968846339
TOKYOTECH_s01,25,209,31.966666666666665,1.023056983947754,0.45257402646024514
TOKYOTECH_s01,25,210,32.0,1.911838173866272,0.29236148981844406
TOKYOTECH_s01,25,211,32.03333333333333,1.8033148050308228,0.12992905505436322
TOKYOTECH_s01,25,212,32.06666666666667,1.2781814336776733,-0.05403100894688038
TOKYOTECH_s01,25,213,32.1,0.8214854001998901,-0.2713144508710887
TOKYOTECH_s01,25,214,32.13333333333333,0.3722711205482483,-0.519108171840537
TOKYOTECH_s01,25,215,32.166666666666664,0.02587050572037697,-0.7773918072786438
TOKYOTECH_s01,25,216,32.2,0.0103952931240201,-1.0111326054485132
TOKYOTECH_s01,25,217,32.233333333333334,0.05465518683195114,-1.1767370507401158
TOKYOTECH_s01,25,218,32.266666666666666,0.20676904916763306,-1.231960051862314
TOKYOTECH_s01,25,219,32.3,0.08871640264987946,-1.1479439260211683
TOKYOTECH_s01,25,220,32.333333333333336,-0.0861574336886406,-0.920680445744578
TOKYOTECH_s01,25,221,32.36666666666667,-0.41511398553848267,-0.5776690861643446
TOKYOTECH_s01,25,222,32.4,-0.6115664839744568,-0.17544851543553006
TOKYOTECH_s01,25,223,32.43333333333333,-0.786873459815979,0.2134639909229531
TOKYOTECH_s01,25,224,32.46666666666667,-0.845899760723114,0.5203820116505192
TOKYOTECH_s01,25,225,32.5,-0.8642495274543762,0.6991848016766412
TOKYOTECH_s01,25,226,32.53333333333333,-0.917881190776825,0.7367716952167175
TOKYOTECH_s01,25,227,32.56666666666667,-0.9259928464889526,0.6523344325665794
TOKYOTECH_s01,25,228,32.6,-1.033177375793457,0.4874344763847369
TOKYOTECH_s01,25,229,32.63333333333333,-0.7307610511779785,0.29179085839470703
TOKYOTECH_s01,25,230,32.666666666666664,0.33360278606414795,0.1097533798174207
TOKYOTECH_s01,25,231,32.7,1.563941240310669,-0.029095121333976032
TOKYOTECH_s01,25,232,32.733333333333334,1.99252188205719,-0.11337786253867502
TOKYOTECH_s01,25,233,32.766666666666666,1.6641954183578491,-0.14729825702167632
TOKYOTECH_s01,25,234,32.8,1.1477643251419067,-0.1439136932716566
TOKYOTECH_s01,25,235,32.833333333333336,0.8311328291893005,-0.11767758095317166
TOKYOTECH_s01,25,236,32.86666666666667,0.568448007106781,-0.0793148063304972
TOKYOTECH_s01,25,237,32.9,0.24004271626472473,-0.03433570067954465
TOKYOTECH_s01,25,238,32.93333333333333,0.19542843103408813,0.015594700930825859
TOKYOTECH_s01,25,239,32.96666666666667,0.1343938708305359,0.07034101981590288
TOKYOTECH_s01,26,0,26.0,0.8894109725952148,0.044434025813719816
TOKYOTECH_s01,26,1,26.033333333333335,0.518517792224884,-0.3279631907786539
TOKYOTECH_s01,26,2,26.066666666666666,0.26177889108657837,-0.6664229308863768
TOKYOTECH_s01,26,3,26.1,0.19397146999835968,-0.9343515417506786
TOKYOTECH_s01,26,4,26.133333333333333,0.29103609919548035,-1.094769548383747
TOKYOTECH_s01,26,5,26.166666666666668,0.20936793088912964,-1.1157692707096825
TOKYOTECH_s01,26,6,26.2,0.022562826052308083,-0.9792712919917823
TOKYOTECH_s01,26,7,26.233333333333334,-0.14908207952976227,-0.6906661751411488
TOKYOTECH_s01,26,8,26.266666666666666,-0.361167311668396,-0.2849601725171724
TOKYOTECH_s01,26,9,26.3,-0.5034762620925903,0.17529337032894157
TOKYOTECH_s01,26,10,26.333333333333332,-0.600816547870636,0.6119903757759741
TOKYOTECH_s01,26,11,26.366666666666667,-0.6446039080619812,0.9502194551771223
TOKYOTECH_s01,26,12,26.4,-0.7145770788192749,1.1368723368903455
TOKYOTECH_s01,26,13,26.433333333333334,-0.8437734246253967,1.1522556560102886
TOKYOTECH_s01,26,14,26.466666666666665,-0.957691490650177,1.0116765919893194
TOKYOTECH_s01,26,15,26.5,-1.0709794759750366,0.7583538746292526
TOKYOTECH_s01,26,16,26.533333333333335,-0.8438915610313416,0.45088651354954234
TOKYOTECH_s01,26,17,26.566666666666666,0.1921994984149933,0.14853545840457952
TOKYOTECH_s01,26,18,26.6,1.4850294589996338,-0.10247360460610357
TOKYOTECH_s01,26,19,26.633333333333333,1.9855127334594727,-0.2785317388243673
TOKYOTECH_s01,26,20,26.666666666666668,1.7202684879302979,-0.38188911770783035
TOKYOTECH_s01,26,21,26.7,1.2520743608474731,-0.4368653057687542
TOKYOTECH_s01,26,22,26.733333333333334,0.9680864810943604,-0.4800245562096023
TOKYOTECH_s01,26,23,26.766666666666666,0.6320026516914368,-0.5467822479676909
TOKYOTECH_s01,26,24,26.8,0.33313024044036865,-0.6578766388283654
TOKYOTECH_s01,26,25,26.833333333333332,0.26784297823905945,-0.8093842206010023
TOKYOTECH_s01,26,26,26.866666666666667,0.2727257311344147,-0.9694033481998674
TOKYOTECH_s01,26,27,26.9,0.31422922015190125,-1.0833608442075258
TOKYOTECH_s01,26,28,26.933333333333334,0.010631555691361427,-1.0881493625090204
TOKYOTECH_s01,26,29,26.966666666666665,-0.23232534527778625,-0.9326340421642009
TOKYOTECH_s01,26,30,27.0,-0.44606441259384155,-0.598737690213136
TOKYOTECH_s01,26,31,27.033333333333335,-0.6707109212875366,-0.11495888021666231
TOKYOTECH_s01,26,32,27.066666666666666,-0.7558836936950684,0.4450382185815163
TOKYOTECH_s01,26,33,27.1,-0.8413320183753967,0.9807577910463461
TOKYOTECH_s01,26,34,27.133333333333333,-0.8513731956481934,1.3937621764264012
TOKYOTECH_s01,26,35,27.166666666666668,-0.8154218792915344,1.6152024290223002
TOKYOTECH_s01,26,36,27.2,-0.8151068687438965,1.6217271883569333
TOKYOTECH_s01,26,37,27.233333333333334,-0.7987653613090515,1.436088019499596
TOKYOTECH_s01,26,38,27.266666666666666,-0.912250280380249,1.1152186662451071
TOKYOTECH_s01,26,39,27.3,-0.8944911956787109,0.731868615500319
TOKYOTECH_s01,26,40,27.333333333333332,-0.2834368646144867,0.35566963906194027
TOKYOTECH_s01,26,41,27.366666666666667,1.0310899019241333,0.03773043904804304
TOKYOTECH_s01,26,42,27.4,1.9393627643585205,-0.19855020270345053
TOKYOTECH_s01,26,43,27.433333333333334,1.6519097089767456,-0.3588498335287332
TOKYOTECH_s01,26,44,27.466666666666665,1.2229353189468384,-0.4714349061932467
TOKYOTECH_s01,26,45,27.5,0.8427490592002869,-0.5747033945351326
TOKYOTECH_s01,26,46,27.533333333333335,0.5319454073905945,-0.702214828570873
TOKYOTECH_s01,26,47,27.566666666666666,0.14006417989730835,-0.869268589084535
TOKYOTECH_s01,26,48,27.6,0.09367792308330536,-1.0645466366081633
TOKYOTECH_s01,26,49,27.633333333333333,0.27945923805236816,-1.2491765650757949
TOKYOTECH_s01,26,50,27.666666666666668,0.27886855602264404,-1.3642806012309614
TOKYOTECH_s01,26,51,27.7,0.1603040248155594,-1.346443943216617
TOKYOTECH_s01,26,52,27.733333333333334,-0.03473090007901192,-1.1482307382373154
TOKYOTECH_s01,26,53,27.766666666666666,-0.22637939453125,-0.7581295339383495
TOKYOTECH_s01,26,54,27.8,-0.4665011465549469,-0.21236299716277243
TOKYOTECH_s01,26,55,27.833333333333332,-0.6287742853164673,0.4079598925267641
TOKYOTECH_s01,26,56,27.866666666666667,-0.7093399167060852,0.9957967365930529
TOKYOTECH_s01,26,57,27.9,-0.7012282013893127,1.447518586009486
TOKYOTECH_s01,26,58,27.933333333333334,-0.7452518343925476,1.691523108773534
TOKYOTECH_s01,26,59,27.966666666666665,-0.7525759935379028,1.7051351792383451
TOKYOTECH_s01,26,60,28.0,-0.8766533136367798,1.51508253191692
TOKYOTECH_s01,26,61,28.033333333333335,-0.9066587090492249,1.1843378513604121
TOKYOTECH_s01,26,62,28.066666666666666,-0.9229214787483215,0.7918389809184297
TOKYOTECH_s01,26,63,28.1,-0.4740615487098694,0.4115900434704895
TOKYOTECH_s01,26,64,28.133333333333333,0.8465686440467834,0.096208096806184
TOKYOTECH_s01,26,65,28.166666666666668,1.7537389993667603,-0.1319464582298449
TOKYOTECH_s01,26,66,28.2,1.6667155027389526,-0.28111728650553097
TOKYOTECH_s01,26,67,28.233333333333334,1.2868443727493286,-0.38292834695397443
TOKYOTECH_s01,26,68,28.266666666666666,0.7778949737548828,-0.47972616464995593
TOKYOTECH_s01,26,69,28.3,0.5085553526878357,-0.609390208902955
TOKYOTECH_s01,26,70,28.333333333333332,0.041227586567401886,-0.7911414182849744
TOKYOTECH_s01,26,71,28.366666666666667,-0.0048436569049954414,-1.0160380491142593
TOKYOTECH_s01,26,72,28.4,0.07146922498941422,-1.2450984569702601
TOKYOTECH_s01,26,73,28.433333333333334,0.173613503575325,-1.4164178005933314
TOKYOTECH_s01,26,74,28.466666666666665,0.02854814939200878,-1.4605780390092828
TOKYOTECH_s01,26,75,28.5,-0.20035110414028168,-1.321346455531897
TOKYOTECH_s01,26,76,28.533333333333335,-0.3914876878261566,-0.976431871987214
TOKYOTECH_s01,26,77,28.566666666666666,-0.5807735919952393,-0.45140549852829875
TOKYOTECH_s01,26,78,28.6,-0.6975661516189575,0.1800048181486576
TOKYOTECH_s01,26,79,28.633333333333333,-0.7296978831291199,0.812179070484206
TOKYOTECH_s01,26,80,28.666666666666668,-0.814240574836731,1.3359641458763445
TOKYOTECH_s01,26,81,28.7,-0.8793703317642212,1.6684158563288178
TOKYOTECH_s01,26,82,28.733333333333334,-0.8635801076889038,1.772711227805027
TOKYOTECH_s01,26,83,28.766666666666666,-0.9281192421913147,1.6621236095818588
TOKYOTECH_s01,26,84,28.8,-0.994666576385498,1.3892121394191188
TOKYOTECH_s01,26,85,28.833333333333332,-1.0111262798309326,1.0265722636774888
TOKYOTECH_s01,26,86,28.866666666666667,-0.718042254447937,0.6463519022425326
TOKYOTECH_s01,26,87,28.9,0.5621870160102844,0.303823408473731
TOKYOTECH_s01,26,88,28.933333333333334,1.7679541110992432,0.0281150969410699
TOKYOTECH_s01,26,89,28.966666666666665,1.8386754989624023,-0.17889416039697956
TOKYOTECH_s01,26,90,29.0,1.5107821226119995,-0.33677749043526345
TOKYOTECH_s01,26,91,29.033333333333335,1.0165990591049194,-0.4765384582435791
TOKYOTECH_s01,26,92,29.066666666666666,0.6670876741409302,-0.6289157069615048
TOKYOTECH_s01,26,93,29.1,0.2811524569988251,-0.8129880419467292
TOKYOTECH_s01,26,94,29.133333333333333,0.06642895191907883,-1.0271778304804193
TOKYOTECH_s01,26,95,29.166666666666668,0.005591282621026039,-1.2450506375790238
TOKYOTECH_s01,26,96,29.2,-0.012167803011834621,-1.417829867414049
TOKYOTECH_s01,26,97,29.233333333333334,-0.04197629168629646,-1.4843603828233036
TOKYOTECH_s01,26,98,29.266666666666666,-0.011419638060033321,-1.3876735447032746
TOKYOTECH_s01,26,99,29.3,-0.17554351687431335,-1.0950350786728298
TOKYOTECH_s01,26,100,29.333333333333332,-0.4541367292404175,-0.6155587297810845
TOKYOTECH_s01,26,101,29.366666666666667,-0.7310367226600647,-0.007639647519293597
TOKYOTECH_s01,26,102,29.4,-0.9328838586807251,0.6301905340487067
TOKYOTECH_s01,26,103,29.433333333333334,-1.0054165124893188,1.1850723895157689
TOKYOTECH_s01,26,104,29.466666666666665,-0.9556438326835632,1.5629829360318128
TOKYOTECH_s01,26,105,29.5,-0.9416255950927734,1.7148714834722294
TOKYOTECH_s01,26,106,29.533333333333335,-0.9739935994148254,1.6456905305736607
TOKYOTECH_s01,26,107,29.566666666666666,-1.0737358331680298,1.4055627452965167
TOKYOTECH_s01,26,108,29.6,-1.2003333568572998,1.0694079561077603
TOKYOTECH_s01,26,109,29.633333333333333,-0.9645824432373047,0.7136075729133211
TOKYOTECH_s01,26,110,29.666666666666668,0.131598100066185,0.39673697072377634
TOKYOTECH_s01,26,111,29.7,1.6012707948684692,0.14828063377304615
TOKYOTECH_s01,26,112,29.733333333333334,2.0690317153930664,-0.033502922189317136
TOKYOTECH_s01,26,113,29.766666666666666,1.6589581966400146,-0.1752806943083073
TOKYOTECH_s01,26,114,29.8,1.2205332517623901,-0.3160101792296147
TOKYOTECH_s01,26,115,29.833333333333332,0.8145944476127625,-0.49125740945823265
TOKYOTECH_s01,26,116,29.866666666666667,0.42078375816345215,-0.7186219077975509
TOKYOTECH_s01,26,117,29.9,0.12179319560527802,-0.9883468218665579
TOKYOTECH_s01,26,118,29.933333333333334,0.12423457950353622,-1.2618139261792973
TOKYOTECH_s01,26,119,29.966666666666665,0.07221738994121552,-1.4785833628866574
TOKYOTECH_s01,26,120,30.0,0.20779284834861755,-1.570745393531754
TOKYOTECH_s01,26,121,30.033333333333335,0.13466951251029968,-1.4817387860084894
TOKYOTECH_s01,26,122,30.066666666666666,-0.15683938562870026,-1.1853307461103277
TOKYOTECH_s01,26,123,30.1,-0.38900694251060486,-0.6992771348978093
TOKYOTECH_s01,26,124,30.133333333333333,-0.6667338609695435,-0.08801833231902047
TOKYOTECH_s01,26,125,30.166666666666668,-0.937687873840332,0.5490854500592405
TOKYOTECH_s01,26,126,30.2,-1.1748169660568237,1.102548376513765
TOKYOTECH_s01,26,127,30.233333333333334,-1.2756223678588867,1.483036986906703
TOKYOTECH_s01,26,128,30.266666666666666,-1.2314019203186035,1.6455317046430205
TOKYOTECH_s01,26,129,30.3,-1.1770614385604858,1.597513960720765
TOKYOTECH_s01,26,130,30.333333333333332,-1.0465656518936157,1.3892255389591168
TOKYOTECH_s01,26,131,30.366666666666667,-1.0521571636199951,1.0923789813936686
TOKYOTECH_s01,26,132,30.4,-0.9663150310516357,0.7767448239533377
TOKYOTECH_s01,26,133,30.433333333333334,-0.686501145362854,0.49216613320171193
TOKYOTECH_s01,26,134,30.466666666666665,0.2997778356075287,0.2599337022820381
TOKYOTECH_s01,26,135,30.5,1.6466331481933594,0.07389416623965994
TOKYOTECH_s01,26,136,30.533333333333335,1.9318417310714722,-0.09106028621271127
TOKYOTECH_s01,26,137,30.566666666666666,1.5507498979568481,-0.26667200387381723
TOKYOTECH_s01,26,138,30.6,1.0073060989379883,-0.4784001625161946
TOKYOTECH_s01,26,139,30.633333333333333,0.626253604888916,-0.7343901227541499
TOKYOTECH_s01,26,140,30.666666666666668,0.1544368416070938,-1.0185627545383058
TOKYOTECH_s01,26,141,30.7,-0.0517418198287487,-1.289954322401922
TOKYOTECH_s01,26,142,30.733333333333334,-0.04666217043995857,-1.4896470952559477
TOKYOTECH_s01,26,143,30.766666666666666,0.18018947541713715,-1.5548584519957949
TOKYOTECH_s01,26,144,30.8,0.20566648244857788,-1.4373545451513623
TOKYOTECH_s01,26,145,30.833333333333332,0.04398398473858833,-1.1211892371116632
TOKYOTECH_s01,26,146,30.866666666666667,-0.12813344597816467,-0.6337894757501739
TOKYOTECH_s01,26,147,30.9,-0.45764127373695374,-0.045133834466056705
TOKYOTECH_s01,26,148,30.933333333333334,-0.6173155307769775,0.54735769713961
TOKYOTECH_s01,26,149,30.966666666666665,-0.8891358971595764,1.045037689106918
TOKYOTECH_s01,26,150,31.0,-0.9876968264579773,1.3756408465173218
TOKYOTECH_s01,26,151,31.033333333333335,-1.076570987701416,1.5106016685658892
TOKYOTECH_s01,26,152,31.066666666666666,-0.9756080508232117,1.4660432132372914
TOKYOTECH_s01,26,153,31.1,-1.0517240762710571,1.2899409456115145
TOKYOTECH_s01,26,154,31.133333333333333,-0.9292611479759216,1.042945082168465
TOKYOTECH_s01,26,155,31.166666666666668,-0.9904532432556152,0.7802911460250751
TOKYOTECH_s01,26,156,31.2,-0.5139899849891663,0.5392343831640337
TOKYOTECH_s01,26,157,31.233333333333334,0.6473597288131714,0.3334141287997406
TOKYOTECH_s01,26,158,31.266666666666666,1.8130409717559814,0.15412992494915895
TOKYOTECH_s01,26,159,31.3,1.8592697381973267,-0.022309978340116617
TOKYOTECH_s01,26,160,31.333333333333332,1.4780991077423096,-0.22341544847157924
TOKYOTECH_s01,26,161,31.366666666666667,0.9883263111114502,-0.4686442536139971
TOKYOTECH_s01,26,162,31.4,0.5486019253730774,-0.7593094343510132
TOKYOTECH_s01,26,163,31.433333333333334,0.10600296407938004,-1.0720833660110136
TOKYOTECH_s01,26,164,31.466666666666665,-0.09324531257152557,-1.3584943248454286
TOKYOTECH_s01,26,165,31.5,-0.04323635995388031,-1.5528995652187965
TOKYOTECH_s01,26,166,31.533333333333335,0.046819139271974564,-1.589109542988247
TOKYOTECH_s01,26,167,31.566666666666666,0.04154260456562042,-1.421962520199166
TOKYOTECH_s01,26,168,31.6,-0.1177772656083107,-1.046858143234761
TOKYOTECH_s01,26,169,31.633333333333333,-0.3013928234577179,-0.5090616726558246
TOKYOTECH_s01,26,170,31.666666666666668,-0.5072958469390869,0.10338666949244742
TOKYOTECH_s01,26,171,31.7,-0.7139863967895508,0.6831262895906483
TOKYOTECH_s01,26,172,31.733333333333334,-0.9767500162124634,1.1347169621504565
TOKYOTECH_s01,26,173,31.766666666666666,-1.0529053211212158,1.4003826459120106
TOKYOTECH_s01,26,174,31.8,-1.0635372400283813,1.4704325609448043
TOKYOTECH_s01,26,175,31.833333333333332,-0.9906501173973083,1.376917478545529
TOKYOTECH_s01,26,176,31.866666666666667,-1.0020301342010498,1.1762553006420373
TOKYOTECH_s01,26,177,31.9,-0.866730272769928,0.929135509136031
TOKYOTECH_s01,26,178,31.933333333333334,-0.2724112570285797,0.6840785562543513
TOKYOTECH_s01,26,179,31.966666666666665,1.023056983947754,0.46755564773230635
TOKYOTECH_s01,26,180,32.0,1.911838173866272,0.2814009574734653
TOKYOTECH_s01,26,181,32.03333333333333,1.8033148050308228,0.10731427833784499
TOKYOTECH_s01,26,182,32.06666666666667,1.2781814336776733,-0.08274523686593499
TOKYOTECH_s01,26,183,32.1,0.8214854001998901,-0.3128964406931926
TOKYOTECH_s01,26,184,32.13333333333333,0.3722711205482483,-0.5903350675693726
TOKYOTECH_s01,26,185,32.166666666666664,0.02587050572037697,-0.8971542085565594
TOKYOTECH_s01,26,186,32.2,0.0103952931240201,-1.1898148610334573
TOKYOTECH_s01,26,187,32.233333333333334,0.05465518683195114,-1.4069814874303554
TOKYOTECH_s01,26,188,32.266666666666666,0.20676904916763306,-1.4844858214270586
TOKYOTECH_s01,26,189,32.3,0.08871640264987946,-1.3744100286528962
TOKYOTECH_s01,26,190,32.333333333333336,-0.0861574336886406,-1.0634503581675283
TOKYOTECH_s01,26,191,32.36666666666667,-0.41511398553848267,-0.5841222111709495
TOKYOTECH_s01,26,192,32.4,-0.6115664839744568,-0.012400864484288916
TOKYOTECH_s01,26,193,32.43333333333333,-0.786873459815979,0.5504708056801599
TOKYOTECH_s01,26,194,32.46666666666667,-0.845899760723114,1.0063137506264752
TOKYOTECH_s01,26,195,32.5,-0.8642495274543762,1.2868392717816621
TOKYOTECH_s01,26,196,32.53333333333333,-0.917881190776825,1.3685275771039451
TOKYOTECH_s01,26,197,32.56666666666667,-0.9259928464889526,1.2717835905067498
TOKYOTECH_s01,26,198,32.6,-1.033177375793457,1.0476910988043018
TOKYOTECH_s01,26,199,32.63333333333333,-0.7307610511779785,0.7594455822332017
TOKYOTECH_s01,26,200,32.666666666666664,0.33360278606414795,0.4649884647305699
TOKYOTECH_s01,26,201,32.7,1.563941240310669,0.20468492068247512
TOKYOTECH_s01,26,202,32.733333333333334,1.99252188205719,-0.004309264025716705
TOKYOTECH_s01,26,203,32.766666666666666,1.6641954183578491,-0.16676795737733602
TOKYOTECH_s01,26,204,32.8,1.1477643251419067,-0.3023160741104909
TOKYOTECH_s01,26,205,32.833333333333336,0.8311328291893005,-0.4348081840002926
TOKYOTECH_s01,26,206,32.86666666666667,0.568448007106781,-0.5810031024392093
TOKYOTECH_s01,26,207,32.9,0.24004271626472473,-0.7414903967304508
TOKYOTECH_s01,26,208,32.93333333333333,0.19542843103408813,-0.8965973728573172
TOKYOTECH_s01,26,209,32.96666666666667,0.1343938708305359,-1.0091989240225285
TOKYOTECH_s01,26,210,33.0,0.14518320560455322,-1.034693505815702
TOKYOTECH_s01,26,211,33.03333333333333,0.05197754129767418,-0.9359925235210904
TOKYOTECH_s01,26,212,33.06666666666667,-0.18215887248516083,-0.6988792406503956
TOKYOTECH_s01,26,213,33.1,-0.3118671476840973,-0.3417775253285335
TOKYOTECH_s01,26,214,33.13333333333333,-0.6843748092651367,0.08494380498877903
TOKYOTECH_s01,26,215,33.166666666666664,-0.8731094002723694,0.5110425937856198
TOKYOTECH_s01,26,216,33.2,-0.8533814549446106,0.8653258521592866
TOKYOTECH_s01,26,217,33.233333333333334,-0.8757476806640625,1.0937228751882744
TOKYOTECH_s01,26,218,33.266666666666666,-0.9784038066864014,1.1703471537048553
TOKYOTECH_s01,26,219,33.3,-1.1423308849334717,1.0996164974050309
TOKYOTECH_s01,26,220,33.333333333333336,-1.0753109455108643,0.9110284576457084
TOKYOTECH_s01,26,221,33.36666666666667,-0.8229823112487793,0.6497590526190128
TOKYOTECH_s01,26,222,33.4,0.2376800924539566,0.36619979923894536
TOKYOTECH_s01,26,223,33.43333333333333,1.5078681707382202,0.10659958123438432
TOKYOTECH_s01,26,224,33.46666666666667,2.1413280963897705,-0.09411492767093627
TOKYOTECH_s01,26,225,33.5,1.7121961116790771,-0.21700685199269554
TOKYOTECH_s01,26,226,33.53333333333333,1.3451619148254395,-0.2611839675947798
TOKYOTECH_s01,26,227,33.56666666666667,0.8694074153900146,-0.24298692363963106
TOKYOTECH_s01,26,228,33.6,0.49485212564468384,-0.19189394359440198
TOKYOTECH_s01,26,229,33.63333333333333,0.24252347648143768,-0.14306263104428274
TOKYOTECH_s01,26,230,33.666666666666664,0.17963820695877075,-0.12750898545695308
TOKYOTECH_s01,26,231,33.7,0.26118823885917664,-0.16240397808881285
TOKYOTECH_s01,26,232,33.733333333333334,0.20948606729507446,-0.24497944340600392
TOKYOTECH_s01,26,233,33.766666666666666,0.12175381928682327,-0.3529792635721211
TOKYOTECH_s01,26,234,33.8,-0.10147513449192047,-0.45213541291929205
TOKYOTECH_s01,26,235,33.833333333333336,-0.5372224450111389,-0.5079900153471936
TOKYOTECH_s01,26,236,33.86666666666667,-0.6698446273803711,-0.49735084155566167
TOKYOTECH_s01,26,237,33.9,-0.7442280650138855,-0.4150506621739679
TOKYOTECH_s01,26,238,33.93333333333333,-0.9781675934791565,-0.27434789232252405
TOKYOTECH_s01,26,239,33.96666666666667,-0.9775375127792358,-0.10229265236012093
TOKYOTECH_s01,27,0,27.0,-0.44606441259384155,0.09223206120483324
TOKYOTECH_s01,27,1,27.033333333333335,-0.6707109212875366,0.276387423953767
TOKYOTECH_s01,27,2,27.066666666666666,-0.7558836936950684,0.4474858168332181
TOKYOTECH_s01,27,3,27.1,-0.8413320183753967,0.5934802938665632
TOKYOTECH_s01,27,4,27.133333333333333,-0.8513731956481934,0.7037225203948254
TOKYOTECH_s01,27,5,27.166666666666668,-0.8154218792915344,0.7710431679795546
TOKYOTECH_s01,27,6,27.2,-0.8151068687438965,0.7935458261812689
TOKYOTECH_s01,27,7,27.233333333333334,-0.7987653613090515,0.7750390940070033
TOKYOTECH_s01,27,8,27.266666666666666,-0.912250280380249,0.723527283201886
TOKYOTECH_s01,27,9,27.3,-0.8944911956787109,0.648080139596827
TOKYOTECH_s01,27,10,27.333333333333332,-0.2834368646144867,0.5553744212591134
TOKYOTECH_s01,27,11,27.366666666666667,1.0310899019241333,0.447575332469698
TOKYOTECH_s01,27,12,27.4,1.9393627643585205,0.3225855368332476
TOKYOTECH_s01,27,13,27.433333333333334,1.6519097089767456,0.1763912578222424
TOKYOTECH_s01,27,14,27.466666666666665,1.2229353189468384,0.006123037208095701
TOKYOTECH_s01,27,15,27.5,0.8427490592002869,-0.18762034356009544
TOKYOTECH_s01,27,16,27.533333333333335,0.5319454073905945,-0.3995674917192131
TOKYOTECH_s01,27,17,27.566666666666666,0.14006417989730835,-0.6190166561953252
TOKYOTECH_s01,27,18,27.6,0.09367792308330536,-0.8289245720251576
TOKYOTECH_s01,27,19,27.633333333333333,0.27945923805236816,-1.005261473620653
TOKYOTECH_s01,27,20,27.666666666666668,0.27886855602264404,-1.1180775846871036
TOKYOTECH_s01,27,21,27.7,0.1603040248155594,-1.1358995067670699
TOKYOTECH_s01,27,22,27.733333333333334,-0.03473090007901192,-1.0339404512174992
TOKYOTECH_s01,27,23,27.766666666666666,-0.22637939453125,-0.8043164321330722
TOKYOTECH_s01,27,24,27.8,-0.4665011465549469,-0.4640702446087979
TOKYOTECH_s01,27,25,27.833333333333332,-0.6287742853164673,-0.05622534073883194
TOKYOTECH_s01,27,26,27.866666666666667,-0.7093399167060852,0.3584898295314415
TOKYOTECH_s01,27,27,27.9,-0.7012282013893127,0.7171197592144053
TOKYOTECH_s01,27,28,27.933333333333334,-0.7452518343925476,0.9709966594399585
TOKYOTECH_s01,27,29,27.966666666666665,-0.7525759935379028,1.0964914692195329
TOKYOTECH_s01,27,30,28.0,-0.8766533136367798,1.09677339884109
TOKYOTECH_s01,27,31,28.033333333333335,-0.9066587090492249,0.9959579089455688
TOKYOTECH_s01,27,32,28.066666666666666,-0.9229214787483215,0.8292350298727841
TOKYOTECH_s01,27,33,28.1,-0.4740615487098694,0.6324334755880159
TOKYOTECH_s01,27,34,28.133333333333333,0.8465686440467834,0.4335799805810325
TOKYOTECH_s01,27,35,28.166666666666668,1.7537389993667603,0.24799385013083752
TOKYOTECH_s01,27,36,28.2,1.6667155027389526,0.07739910459277809
TOKYOTECH_s01,27,37,28.233333333333334,1.2868443727493286,-0.08730468475192528
TOKYOTECH_s01,27,38,28.266666666666666,0.7778949737548828,-0.2604486466118117
TOKYOTECH_s01,27,39,28.3,0.5085553526878357,-0.4543225833963371
TOKYOTECH_s01,27,40,28.333333333333332,0.041227586567401886,-0.6717337147891228
TOKYOTECH_s01,27,41,28.366666666666667,-0.0048436569049954414,-0.9002658017314332
TOKYOTECH_s01,27,42,28.4,0.07146922498941422,-1.1102193753480074
TOKYOTECH_s01,27,43,28.433333333333334,0.173613503575325,-1.2578479712670139
TOKYOTECH_s01,27,44,28.466666666666665,0.02854814939200878,-1.2944823088098072
TOKYOTECH_s01,27,45,28.5,-0.20035110414028168,-1.1803841825219892
TOKYOTECH_s01,27,46,28.533333333333335,-0.3914876878261566,-0.8999404583177032
TOKYOTECH_s01,27,47,28.566666666666666,-0.5807735919952393,-0.4727716345351271
TOKYOTECH_s01,27,48,28.6,-0.6975661516189575,0.045144072502972574
TOKYOTECH_s01,27,49,28.633333333333333,-0.7296978831291199,0.5732283526082463
TOKYOTECH_s01,27,50,28.666666666666668,-0.814240574836731,1.0275799074719079
TOKYOTECH_s01,27,51,28.7,-0.8793703317642212,1.3431725309943152
TOKYOTECH_s01,27,52,28.733333333333334,-0.8635801076889038,1.4882325091859971
TOKYOTECH_s01,27,53,28.766666666666666,-0.9281192421913147,1.4665774656309178
TOKYOTECH_s01,27,54,28.8,-0.994666576385498,1.3095836450336158
TOKYOTECH_s01,27,55,28.833333333333332,-1.0111262798309326,1.0631283232527373
TOKYOTECH_s01,27,56,28.866666666666667,-0.718042254447937,0.7746977642200784
TOKYOTECH_s01,27,57,28.9,0.5621870160102844,0.4835667090876797
TOKYOTECH_s01,27,58,28.933333333333334,1.7679541110992432,0.21503222306016762
TOKYOTECH_s01,27,59,28.966666666666665,1.8386754989624023,-0.021332819566570422
TOKYOTECH_s01,27,60,29.0,1.5107821226119995,-0.2299901146436708
TOKYOTECH_s01,27,61,29.033333333333335,1.0165990591049194,-0.42499393536872887
TOKYOTECH_s01,27,62,29.066666666666666,0.6670876741409302,-0.623259052369564
TOKYOTECH_s01,27,63,29.1,0.2811524569988251,-0.8362054824337634
TOKYOTECH_s01,27,64,29.133333333333333,0.06642895191907883,-1.0614571425137227
TOKYOTECH_s01,27,65,29.166666666666668,0.005591282621026039,-1.2772633838929184
TOKYOTECH_s01,27,66,29.2,-0.012167803011834621,-1.4423249482768246
TOKYOTECH_s01,27,67,29.233333333333334,-0.04197629168629646,-1.502790835413516
TOKYOTECH_s01,27,68,29.266666666666666,-0.011419638060033321,-1.4065807042161274
TOKYOTECH_s01,27,69,29.3,-0.17554351687431335,-1.1224678304623
TOKYOTECH_s01,27,70,29.333333333333332,-0.4541367292404175,-0.6578320844969694
TOKYOTECH_s01,27,71,29.366666666666667,-0.7310367226600647,-0.06676447310685506
TOKYOTECH_s01,27,72,29.4,-0.9328838586807251,0.5581653250705978
TOKYOTECH_s01,27,73,29.433333333333334,-1.0054165124893188,1.1104141807660994
TOKYOTECH_s01,27,74,29.466666666666665,-0.9556438326835632,1.5008193952233844
TOKYOTECH_s01,27,75,29.5,-0.9416255950927734,1.6817465550402613
TOKYOTECH_s01,27,76,29.533333333333335,-0.9739935994148254,1.6547141993028
TOKYOTECH_s01,27,77,29.566666666666666,-1.0737358331680298,1.4616036312807705
TOKYOTECH_s01,27,78,29.6,-1.2003333568572998,1.166271548846363
TOKYOTECH_s01,27,79,29.633333333333333,-0.9645824432373047,0.8347584863168892
TOKYOTECH_s01,27,80,29.666666666666668,0.131598100066185,0.5197103849642399
TOKYOTECH_s01,27,81,29.7,1.6012707948684692,0.251162024706253
TOKYOTECH_s01,27,82,29.733333333333334,2.0690317153930664,0.03388146176213514
TOKYOTECH_s01,27,83,29.766666666666666,1.6589581966400146,-0.1490480002307245
TOKYOTECH_s01,27,84,29.8,1.2205332517623901,-0.32713839557577845
TOKYOTECH_s01,27,85,29.833333333333332,0.8145944476127625,-0.5296631456372614
TOKYOTECH_s01,27,86,29.866666666666667,0.42078375816345215,-0.7722936147826652
TOKYOTECH_s01,27,87,29.9,0.12179319560527802,-1.0471987276759234
TOKYOTECH_s01,27,88,29.933333333333334,0.12423457950353622,-1.319859222218928
TOKYOTECH_s01,27,89,29.966666666666665,0.07221738994121552,-1.534086030370367
TOKYOTECH_s01,27,90,30.0,0.20779284834861755,-1.6248041820468269
TOKYOTECH_s01,27,91,30.033333333333335,0.13466951251029968,-1.5362306074153027
TOKYOTECH_s01,27,92,30.066666666666666,-0.15683938562870026,-1.2411018178438538
TOKYOTECH_s01,27,93,30.1,-0.38900694251060486,-0.7549647120285995
TOKYOTECH_s01,27,94,30.133333333333333,-0.6667338609695435,-0.13927262101825835
TOKYOTECH_s01,27,95,30.166666666666668,-0.937687873840332,0.5103005047573901
TOKYOTECH_s01,27,96,30.2,-1.1748169660568237,1.0881258042825608
TOKYOTECH_s01,27,97,30.233333333333334,-1.2756223678588867,1.5070899699441922
TOKYOTECH_s01,27,98,30.266666666666666,-1.2314019203186035,1.7201220020628138
TOKYOTECH_s01,27,99,30.3,-1.1770614385604858,1.7266978901189598
TOKYOTECH_s01,27,100,30.333333333333332,-1.0465656518936157,1.5640490050273574
TOKYOTECH_s01,27,101,30.366666666666667,-1.0521571636199951,1.2896899343857904
TOKYOTECH_s01,27,102,30.4,-0.9663150310516357,0.9632024995662081
TOKYOTECH_s01,27,103,30.433333333333334,-0.686501145362854,0.6324001424944417
TOKYOTECH_s01,27,104,30.466666666666665,0.2997778356075287,0.32580673595660065
TOKYOTECH_s01,27,105,30.5,1.6466331481933594,0.05135677152340531
TOKYOTECH_s01,27,106,30.533333333333335,1.9318417310714722,-0.19973833621900794
TOKYOTECH_s01,27,107,30.566666666666666,1.5507498979568481,-0.4453097978277253
TOKYOTECH_s01,27,108,30.6,1.0073060989379883,-0.7022344002076977
TOKYOTECH_s01,27,109,30.633333333333333,0.626253604888916,-0.9760673626384416
TOKYOTECH_s01,27,110,30.666666666666668,0.1544368416070938,-1.252983015375339
TOKYOTECH_s01,27,111,30.7,-0.0517418198287487,-1.4970322564459546
TOKYOTECH_s01,27,112,30.733333333333334,-0.04666217043995857,-1.6549279279414186
TOKYOTECH_s01,27,113,30.766666666666666,0.18018947541713715,-1.6685642983425568
TOKYOTECH_s01,27,114,30.8,0.20566648244857788,-1.492790856502925
TOKYOTECH_s01,27,115,30.833333333333332,0.04398398473858833,-1.113491942819649
TOKYOTECH_s01,27,116,30.866666666666667,-0.12813344597816467,-0.5597224530004195
TOKYOTECH_s01,27,117,30.9,-0.45764127373695374,0.0958664795863605
TOKYOTECH_s01,27,118,30.933333333333334,-0.6173155307769775,0.7512624462700529
TOKYOTECH_s01,27,119,30.966666666666665,-0.8891358971595764,1.3012302215936384
TOKYOTECH_s01,27,120,31.0,-0.9876968264579773,1.665803574914736
TOKYOTECH_s01,27,121,31.033333333333335,-1.076570987701416,1.8093130263999007
TOKYOTECH_s01,27,122,31.066666666666666,-0.9756080508232117,1.7435201397738818
TOKYOTECH_s01,27,123,31.1,-1.0517240762710571,1.516636755326853
TOKYOTECH_s01,27,124,31.133333333333333,-0.9292611479759216,1.194714267772072
TOKYOTECH_s01,27,125,31.166666666666668,-0.9904532432556152,0.8422313889037026
TOKYOTECH_s01,27,126,31.2,-0.5139899849891663,0.5069065890438595
TOKYOTECH_s01,27,127,31.233333333333334,0.6473597288131714,0.21157955665059647
TOKYOTECH_s01,27,128,31.266666666666666,1.8130409717559814,-0.04581814044322482
TOKYOTECH_s01,27,129,31.3,1.8592697381973267,-0.2849068614920515
TOKYOTECH_s01,27,130,31.333333333333332,1.4780991077423096,-0.5306612831400168
TOKYOTECH_s01,27,131,31.366666666666667,0.9883263111114502,-0.8000388553640824
TOKYOTECH_s01,27,132,31.4,0.5486019253730774,-1.0909076863401463
TOKYOTECH_s01,27,133,31.433333333333334,0.10600296407938004,-1.3761149107831834
TOKYOTECH_s01,27,134,31.466666666666665,-0.09324531257152557,-1.605154644042541
TOKYOTECH_s01,27,135,31.5,-0.04323635995388031,-1.7147547271794674
TOKYOTECH_s01,27,136,31.533333333333335,0.046819139271974564,-1.6469231801606972
TOKYOTECH_s01,27,137,31.566666666666666,0.04154260456562042,-1.3696726219140978
TOKYOTECH_s01,27,138,31.6,-0.1177772656083107,-0.8935191681239407
TOKYOTECH_s01,27,139,31.633333333333333,-0.3013928234577179,-0.27670658036498597
TOKYOTECH_s01,27,140,31.666666666666668,-0.5072958469390869,0.3854670830238177
TOKYOTECH_s01,27,141,31.7,-0.7139863967895508,0.9857789767459126
TOKYOTECH_s01,27,142,31.733333333333334,-0.9767500162124634,1.4351648492692433
TOKYOTECH_s01,27,143,31.766666666666666,-1.0529053211212158,1.6846793017307908
TOKYOTECH_s01,27,144,31.8,-1.0635372400283813,1.7313183247087525
TOKYOTECH_s01,27,145,31.833333333333332,-0.9906501173973083,1.6087602169221635
TOKYOTECH_s01,27,146,31.866666666666667,-1.0020301342010498,1.3701074603971897
TOKYOTECH_s01,27,147,31.9,-0.866730272769928,1.070405990371661
TOKYOTECH_s01,27,148,31.933333333333334,-0.2724112570285797,0.7537345359665293
TOKYOTECH_s01,27,149,31.966666666666665,1.023056983947754,0.44626369074914934
TOKYOTECH_s01,27,150,32.0,1.911838173866272,0.15517762172840718
TOKYOTECH_s01,27,151,32.03333333333333,1.8033148050308228,-0.126950145337292
TOKYOTECH_s01,27,152,32.06666666666667,1.2781814336776733,-0.41343967476492616
TOKYOTECH_s01,27,153,32.1,0.8214854001998901,-0.7127829047389193
TOKYOTECH_s01,27,154,32.13333333333333,0.3722711205482483,-1.0191920509248695
TOKYOTECH_s01,27,155,32.166666666666664,0.02587050572037697,-1.307628402343498
TOKYOTECH_s01,27,156,32.2,0.0103952931240201,-1.5352828301018744
TOKYOTECH_s01,27,157,32.233333333333334,0.05465518683195114,-1.6497275246591545
TOKYOTECH_s01,27,158,32.266666666666666,0.20676904916763306,-1.6023862840137748
TOKYOTECH_s01,27,159,32.3,0.08871640264987946,-1.3645447747346187
TOKYOTECH_s01,27,160,32.333333333333336,-0.0861574336886406,-0.9416333331726817
TOKYOTECH_s01,27,161,32.36666666666667,-0.41511398553848267,-0.3801978838229686
TOKYOTECH_s01,27,162,32.4,-0.6115664839744568,0.23781896999073704
TOKYOTECH_s01,27,163,32.43333333333333,-0.786873459815979,0.8146254163221142
TOKYOTECH_s01,27,164,32.46666666666667,-0.845899760723114,1.263271972906774
TOKYOTECH_s01,27,165,32.5,-0.8642495274543762,1.5297893748453684
TOKYOTECH_s01,27,166,32.53333333333333,-0.917881190776825,1.601991396133312
TOKYOTECH_s01,27,167,32.56666666666667,-0.9259928464889526,1.5039847898200758
TOKYOTECH_s01,27,168,32.6,-1.033177375793457,1.281927921471902
TOKYOTECH_s01,27,169,32.63333333333333,-0.7307610511779785,0.9883990752667305
TOKYOTECH_s01,27,170,32.666666666666664,0.33360278606414795,0.67019034387705
TOKYOTECH_s01,27,171,32.7,1.563941240310669,0.3607762631847201
TOKYOTECH_s01,27,172,32.733333333333334,1.99252188205719,0.07714648911919013
TOKYOTECH_s01,27,173,32.766666666666666,1.6641954183578491,-0.1791920709012399
TOKYOTECH_s01,27,174,32.8,1.1477643251419067,-0.4171978469490131
TOKYOTECH_s01,27,175,32.833333333333336,0.8311328291893005,-0.6481037021650998
TOKYOTECH_s01,27,176,32.86666666666667,0.568448007106781,-0.8760340419476407
TOKYOTECH_s01,27,177,32.9,0.24004271626472473,-1.090387811175967
TOKYOTECH_s01,27,178,32.93333333333333,0.19542843103408813,-1.2631089676876373
TOKYOTECH_s01,27,179,32.96666666666667,0.1343938708305359,-1.3529847228698144
TOKYOTECH_s01,27,180,33.0,0.14518320560455322,-1.317038301689695
TOKYOTECH_s01,27,181,33.03333333333333,0.05197754129767418,-1.1263520028744627
TOKYOTECH_s01,27,182,33.06666666666667,-0.18215887248516083,-0.781099488302401
TOKYOTECH_s01,27,183,33.1,-0.3118671476840973,-0.3182829684328193
TOKYOTECH_s01,27,184,33.13333333333333,-0.6843748092651367,0.19306134278369097
TOKYOTECH_s01,27,185,33.166666666666664,-0.8731094002723694,0.6694937061234847
TOKYOTECH_s01,27,186,33.2,-0.8533814549446106,1.0368311435251638
TOKYOTECH_s01,27,187,33.233333333333334,-0.8757476806640625,1.2492902913942852
TOKYOTECH_s01,27,188,33.266666666666666,-0.9784038066864014,1.296903968086796
TOKYOTECH_s01,27,189,33.3,-1.1423308849334717,1.2009899193374785
TOKYOTECH_s01,27,190,33.333333333333336,-1.0753109455108643,1.0024700254690193
TOKYOTECH_s01,27,191,33.36666666666667,-0.8229823112487793,0.7487905112909632
TOKYOTECH_s01,27,192,33.4,0.2376800924539566,0.4831267423867177
TOKYOTECH_s01,27,193,33.43333333333333,1.5078681707382202,0.23707002805677543
TOKYOTECH_s01,27,194,33.46666666666667,2.1413280963897705,0.02700848239589227
TOKYOTECH_s01,27,195,33.5,1.7121961116790771,-0.14563959790767197
TOKYOTECH_s01,27,196,33.53333333333333,1.3451619148254395,-0.2905890503527572
TOKYOTECH_s01,27,197,33.56666666666667,0.8694074153900146,-0.42220218248451435
TOKYOTECH_s01,27,198,33.6,0.49485212564468384,-0.5517847653848591
TOKYOTECH_s01,27,199,33.63333333333333,0.24252347648143768,-0.6804379144083404
TOKYOTECH_s01,27,200,33.666666666666664,0.17963820695877075,-0.7946133260700049
TOKYOTECH_s01,27,201,33.7,0.26118823885917664,-0.8665810874047133
TOKYOTECH_s01,27,202,33.733333333333334,0.20948606729507446,-0.8611994231011589
TOKYOTECH_s01,27,203,33.766666666666666,0.12175381928682327,-0.748314036611736
TOKYOTECH_s01,27,204,33.8,-0.10147513449192047,-0.5171792064458398
TOKYOTECH_s01,27,205,33.833333333333336,-0.5372224450111389,-0.18684587752612683
TOKYOTECH_s01,27,206,33.86666666666667,-0.6698446273803711,0.1935994593449891
TOKYOTECH_s01,27,207,33.9,-0.7442280650138855,0.5571176611644902
TOKYOTECH_s01,27,208,33.93333333333333,-0.9781675934791565,0.8384617945173458
TOKYOTECH_s01,27,209,33.96666666666667,-0.9775375127792358,0.9925046637731698
TOKYOTECH_s01,27,210,34.0,-0.841804563999176,1.0039413660210992
TOKYOTECH_s01,27,211,34.03333333333333,-0.8926010727882385,0.8866514668022918
TOKYOTECH_s01,27,212,34.06666666666667,-0.8937429785728455,0.6753879577919749
TOKYOTECH_s01,27,213,34.1,-0.5640776753425598,0.41411590305460644
TOKYOTECH_s01,27,214,34.13333333333333,0.383887380361557,0.14488213818185322
TOKYOTECH_s01,27,215,34.166666666666664,1.5414962768554688,-0.10033046132683368
TOKYOTECH_s01,27,216,34.2,2.05619478225708,-0.30373552719206304
TOKYOTECH_s01,27,217,34.233333333333334,1.6306066513061523,-0.46180606719186973
TOKYOTECH_s01,27,218,34.266666666666666,1.1288633346557617,-0.581795454268022
TOKYOTECH_s01,27,219,34.3,0.8474743366241455,-0.6757629828486313
TOKYOTECH_s01,27,220,34.333333333333336,0.4826452136039734,-0.7537465237260249
TOKYOTECH_s01,27,221,34.36666666666667,0.21039174497127533,-0.8180294901090199
TOKYOTECH_s01,27,222,34.4,0.08363675326108932,-0.8601448933719691
TOKYOTECH_s01,27,223,34.43333333333333,0.3167099952697754,-0.8616534666255753
TOKYOTECH_s01,27,224,34.46666666666667,0.30525124073028564,-0.7991185927432045
TOKYOTECH_s01,27,225,34.5,0.16113094985485077,-0.6527631372677177
TOKYOTECH_s01,27,226,34.53333333333333,-0.19125498831272125,-0.41671821758541044
TOKYOTECH_s01,27,227,34.56666666666667,-0.49910539388656616,-0.10689155161346646
TOKYOTECH_s01,27,228,34.6,-0.685162365436554,0.23836361329064745
TOKYOTECH_s01,27,229,34.63333333333333,-0.7910868525505066,0.5672003289266989
TOKYOTECH_s01,27,230,34.666666666666664,-0.8494831323623657,0.8296846742855989
TOKYOTECH_s01,27,231,34.7,-1.0252625942230225,0.9923183218998137
TOKYOTECH_s01,27,232,34.733333333333334,-0.9163848757743835,1.0454667389900827
TOKYOTECH_s01,27,233,34.766666666666666,-0.7972690463066101,1.0020399605722472
TOKYOTECH_s01,27,234,34.8,-0.9435157179832458,0.8897570127496213
TOKYOTECH_s01,27,235,34.833333333333336,-0.7165852785110474,0.7409863664133831
TOKYOTECH_s01,27,236,34.86666666666667,0.5040270090103149,0.5836973845684903
TOKYOTECH_s01,27,237,34.9,1.7573223114013672,0.4355557858281291
TOKYOTECH_s01,27,238,34.93333333333333,1.8278074264526367,0.30180474424662374
TOKYOTECH_s01,27,239,34.96666666666667,1.3625272512435913,0.17682131681758015
TOKYOTECH_s01,28,0,28.0,-0.8766533136367798,-0.023234139926121715
TOKYOTECH_s01,28,1,28.033333333333335,-0.9066587090492249,0.17531351330360148
TOKYOTECH_s01,28,2,28.066666666666666,-0.9229214787483215,0.35125062359538717
TOKYOTECH_s01,28,3,28.1,-0.4740615487098694,0.4852083395944134
TOKYOTECH_s01,28,4,28.133333333333333,0.8465686440467834,0.5627636672822088
TOKYOTECH_s01,28,5,28.166666666666668,1.7537389993667603,0.5760322547864474
TOKYOTECH_s01,28,6,28.2,1.6667155027389526,0.5238572001585093
TOKYOTECH_s01,28,7,28.233333333333334,1.2868443727493286,0.4106490939692779
TOKYOTECH_s01,28,8,28.266666666666666,0.7778949737548828,0.24458868170289064
TOKYOTECH_s01,28,9,28.3,0.5085553526878357,0.03614687052774728
TOKYOTECH_s01,28,10,28.333333333333332,0.041227586567401886,-0.202404756373757
TOKYOTECH_s01,28,11,28.366666666666667,-0.0048436569049954414,-0.456356018209594
TOKYOTECH_s01,28,12,28.4,0.07146922498941422,-0.7071589205140095
TOKYOTECH_s01,28,13,28.433333333333334,0.173613503575325,-0.931141864939915
TOKYOTECH_s01,28,14,28.466666666666665,0.02854814939200878,-1.0997011609946505
TOKYOTECH_s01,28,15,28.5,-0.20035110414028168,-1.1823585278031212
TOKYOTECH_s01,28,16,28.533333333333335,-0.3914876878261566,-1.1531570136744573
TOKYOTECH_s01,28,17,28.566666666666666,-0.5807735919952393,-0.9989601796901117
TOKYOTECH_s01,28,18,28.6,-0.6975661516189575,-0.7261858047881297
TOKYOTECH_s01,28,19,28.633333333333333,-0.7296978831291199,-0.3622333678608248
TOKYOTECH_s01,28,20,28.666666666666668,-0.814240574836731,0.0497073012331007
TOKYOTECH_s01,28,21,28.7,-0.8793703317642212,0.46032760367401376
TOKYOTECH_s01,28,22,28.733333333333334,-0.8635801076889038,0.8242182659072024
TOKYOTECH_s01,28,23,28.766666666666666,-0.9281192421913147,1.106714844170855
TOKYOTECH_s01,28,24,28.8,-0.994666576385498,1.2866208061335564
TOKYOTECH_s01,28,25,28.833333333333332,-1.0111262798309326,1.3561048948712722
TOKYOTECH_s01,28,26,28.866666666666667,-0.718042254447937,1.3192982558707773
TOKYOTECH_s01,28,27,28.9,0.5621870160102844,1.190138127201749
TOKYOTECH_s01,28,28,28.933333333333334,1.7679541110992432,0.9893844592407613
TOKYOTECH_s01,28,29,28.966666666666665,1.8386754989624023,0.740774981598576
TOKYOTECH_s01,28,30,29.0,1.5107821226119995,0.4666399708465578
TOKYOTECH_s01,28,31,29.033333333333335,1.0165990591049194,0.18387688718472278
TOKYOTECH_s01,28,32,29.066666666666666,0.6670876741409302,-0.09822620321185566
TOKYOTECH_s01,28,33,29.1,0.2811524569988251,-0.3768906058463144
TOKYOTECH_s01,28,34,29.133333333333333,0.06642895191907883,-0.6511595629854097
TOKYOTECH_s01,28,35,29.166666666666668,0.005591282621026039,-0.9149981230758804
TOKYOTECH_s01,28,36,29.2,-0.012167803011834621,-1.1509636066073532
TOKYOTECH_s01,28,37,29.233333333333334,-0.04197629168629646,-1.3278235861157286
TOKYOTECH_s01,28,38,29.266666666666666,-0.011419638060033321,-1.404875284674066
TOKYOTECH_s01,28,39,29.3,-0.17554351687431335,-1.3434688562626413
TOKYOTECH_s01,28,40,29.333333333333332,-0.4541367292404175,-1.1226772937514913
TOKYOTECH_s01,28,41,29.366666666666667,-0.7310367226600647,-0.7527733668559082
TOKYOTECH_s01,28,42,29.4,-0.9328838586807251,-0.2793443211177887
TOKYOTECH_s01,28,43,29.433333333333334,-1.0054165124893188,0.22576991675442548
TOKYOTECH_s01,28,44,29.466666666666665,-0.9556438326835632,0.6838151574347585
TOKYOTECH_s01,28,45,29.5,-0.9416255950927734,1.0303710861208868
TOKYOTECH_s01,28,46,29.533333333333335,-0.9739935994148254,1.2299432282802216
TOKYOTECH_s01,28,47,29.566666666666666,-1.0737358331680298,1.279638634737369
TOKYOTECH_s01,28,48,29.6,-1.2003333568572998,1.203033858450272
TOKYOTECH_s01,28,49,29.633333333333333,-0.9645824432373047,1.0386746093143482
TOKYOTECH_s01,28,50,29.666666666666668,0.131598100066185,0.8277483137342984
TOKYOTECH_s01,28,51,29.7,1.6012707948684692,0.6038319753998275
TOKYOTECH_s01,28,52,29.733333333333334,2.0690317153930664,0.38629483614331794
TOKYOTECH_s01,28,53,29.766666666666666,1.6589581966400146,0.17834225536200166
TOKYOTECH_s01,28,54,29.8,1.2205332517623901,-0.02982307810691692
TOKYOTECH_s01,28,55,29.833333333333332,0.8145944476127625,-0.25330358881154025
TOKYOTECH_s01,28,56,29.866666666666667,0.42078375816345215,-0.5024511912996338
TOKYOTECH_s01,28,57,29.9,0.12179319560527802,-0.7737860302058018
TOKYOTECH_s01,28,58,29.933333333333334,0.12423457950353622,-1.04503723321218
TOKYOTECH_s01,28,59,29.966666666666665,0.07221738994121552,-1.2761959998721415
TOKYOTECH_s01,28,60,30.0,0.20779284834861755,-1.4168759935159674
TOKYOTECH_s01,28,61,30.033333333333335,0.13466951251029968,-1.4187290767496101
TOKYOTECH_s01,28,62,30.066666666666666,-0.15683938562870026,-1.2502505266019819
TOKYOTECH_s01,28,63,30.1,-0.38900694251060486,-0.9100114878578168
TOKYOTECH_s01,28,64,30.133333333333333,-0.6667338609695435,-0.43353651404557547
TOKYOTECH_s01,28,65,30.166666666666668,-0.937687873840332,0.11031670989518672
TOKYOTECH_s01,28,66,30.2,-1.1748169660568237,0.6346732717679806
TOKYOTECH_s01,28,67,30.233333333333334,-1.2756223678588867,1.0577501627083556
TOKYOTECH_s01,28,68,30.266666666666666,-1.2314019203186035,1.3248231898916512
TOKYOTECH_s01,28,69,30.3,-1.1770614385604858,1.4196459779506343
TOKYOTECH_s01,28,70,30.333333333333332,-1.0465656518936157,1.3618085894195606
TOKYOTECH_s01,28,71,30.366666666666667,-1.0521571636199951,1.1938319802000854
TOKYOTECH_s01,28,72,30.4,-0.9663150310516357,0.9648883913050897
TOKYOTECH_s01,28,73,30.433333333333334,-0.686501145362854,0.7168685567819462
TOKYOTECH_s01,28,74,30.466666666666665,0.2997778356075287,0.47586090205620785
TOKYOTECH_s01,28,75,30.5,1.6466331481933594,0.24978415215045216
TOKYOTECH_s01,28,76,30.533333333333335,1.9318417310714722,0.03151920942209373
TOKYOTECH_s01,28,77,30.566666666666666,1.5507498979568481,-0.19384081330619507
TOKYOTECH_s01,28,78,30.6,1.0073060989379883,-0.43955803105531754
TOKYOTECH_s01,28,79,30.633333333333333,0.626253604888916,-0.7080111061062326
TOKYOTECH_s01,28,80,30.666666666666668,0.1544368416070938,-0.9841524947406939
TOKYOTECH_s01,28,81,30.7,-0.0517418198287487,-1.2338493105967208
TOKYOTECH_s01,28,82,30.733333333333334,-0.04666217043995857,-1.4084629164030151
TOKYOTECH_s01,28,83,30.766666666666666,0.18018947541713715,-1.4556435034807365
TOKYOTECH_s01,28,84,30.8,0.20566648244857788,-1.3344854444013157
TOKYOTECH_s01,28,85,30.833333333333332,0.04398398473858833,-1.0311940161200552
TOKYOTECH_s01,28,86,30.866666666666667,-0.12813344597816467,-0.5699122198357588
TOKYOTECH_s01,28,87,30.9,-0.45764127373695374,-0.01336526954234188
TOKYOTECH_s01,28,88,30.933333333333334,-0.6173155307769775,0.5495386193121742
TOKYOTECH_s01,28,89,30.966666666666665,-0.8891358971595764,1.0267215006032873
TOKYOTECH_s01,28,90,31.0,-0.9876968264579773,1.3479968761472225
TOKYOTECH_s01,28,91,31.033333333333335,-1.076570987701416,1.4816566630601273
TOKYOTECH_s01,28,92,31.066666666666666,-0.9756080508232117,1.4369563008146469
TOKYOTECH_s01,28,93,31.1,-1.0517240762710571,1.2542871011195773
TOKYOTECH_s01,28,94,31.133333333333333,-0.9292611479759216,0.9890706887855925
TOKYOTECH_s01,28,95,31.166666666666668,-0.9904532432556152,0.6954950930458286
TOKYOTECH_s01,28,96,31.2,-0.5139899849891663,0.4141182717419789
TOKYOTECH_s01,28,97,31.233333333333334,0.6473597288131714,0.16519771886861132
TOKYOTECH_s01,28,98,31.266666666666666,1.8130409717559814,-0.051625358880568704
TOKYOTECH_s01,28,99,31.3,1.8592697381973267,-0.25164462297415274
TOKYOTECH_s01,28,100,31.333333333333332,1.4780991077423096,-0.4552440643606637
TOKYOTECH_s01,28,101,31.366666666666667,0.9883263111114502,-0.676808007818044
TOKYOTECH_s01,28,102,31.4,0.5486019253730774,-0.9151626289999368
TOKYOTECH_s01,28,103,31.433333333333334,0.10600296407938004,-1.147877435088067
TOKYOTECH_s01,28,104,31.466666666666665,-0.09324531257152557,-1.331793993853173
TOKYOTECH_s01,28,105,31.5,-0.04323635995388031,-1.411591206950403
TOKYOTECH_s01,28,106,31.533333333333335,0.046819139271974564,-1.3358684409605317
TOKYOTECH_s01,28,107,31.566666666666666,0.04154260456562042,-1.0767777942069374
TOKYOTECH_s01,28,108,31.6,-0.1177772656083107,-0.6463503702842375
TOKYOTECH_s01,28,109,31.633333333333333,-0.3013928234577179,-0.10183960486909051
TOKYOTECH_s01,28,110,31.666666666666668,-0.5072958469390869,0.46510363969267854
TOKYOTECH_s01,28,111,31.7,-0.7139863967895508,0.9539876960787289
TOKYOTECH_s01,28,112,31.733333333333334,-0.9767500162124634,1.2858086318058213
TOKYOTECH_s01,28,113,31.766666666666666,-1.0529053211212158,1.4244872530419916
TOKYOTECH_s01,28,114,31.8,-1.0635372400283813,1.3810155963901658
TOKYOTECH_s01,28,115,31.833333333333332,-0.9906501173973083,1.2014757610276998
TOKYOTECH_s01,28,116,31.866666666666667,-1.0020301342010498,0.9467372872493536
TOKYOTECH_s01,28,117,31.9,-0.866730272769928,0.6727428205148949
TOKYOTECH_s01,28,118,31.933333333333334,-0.2724112570285797,0.41720792821980546
TOKYOTECH_s01,28,119,31.966666666666665,1.023056983947754,0.1944950863790762
TOKYOTECH_s01,28,120,32.0,1.911838173866272,-0.00205580547978112
TOKYOTECH_s01,28,121,32.03333333333333,1.8033148050308228,-0.19203332226900746
TOKYOTECH_s01,28,122,32.06666666666667,1.2781814336776733,-0.39646840950035367
TOKYOTECH_s01,28,123,32.1,0.8214854001998901,-0.6260618813757179
TOKYOTECH_s01,28,124,32.13333333333333,0.3722711205482483,-0.8726094110319319
TOKYOTECH_s01,28,125,32.166666666666664,0.02587050572037697,-1.1064573107087423
TOKYOTECH_s01,28,126,32.2,0.0103952931240201,-1.2810009749011428
TOKYOTECH_s01,28,127,32.233333333333334,0.05465518683195114,-1.3432701443004897
TOKYOTECH_s01,28,128,32.266666666666666,0.20676904916763306,-1.2484562213735808
TOKYOTECH_s01,28,129,32.3,0.08871640264987946,-0.9754588371048676
TOKYOTECH_s01,28,130,32.333333333333336,-0.0861574336886406,-0.539484472576983
TOKYOTECH_s01,28,131,32.36666666666667,-0.41511398553848267,0.0034741621724797157
TOKYOTECH_s01,28,132,32.4,-0.6115664839744568,0.5652778332601179
TOKYOTECH_s01,28,133,32.43333333333333,-0.786873459815979,1.0480053939888752
TOKYOTECH_s01,28,134,32.46666666666667,-0.845899760723114,1.372425698367061
TOKYOTECH_s01,28,135,32.5,-0.8642495274543762,1.4998309573155666
TOKYOTECH_s01,28,136,32.53333333333333,-0.917881190776825,1.4380166053860712
TOKYOTECH_s01,28,137,32.56666666666667,-0.9259928464889526,1.2310584668280016
TOKYOTECH_s01,28,138,32.6,-1.033177375793457,0.9398852699028155
TOKYOTECH_s01,28,139,32.63333333333333,-0.7307610511779785,0.6227270481811885
TOKYOTECH_s01,28,140,32.666666666666664,0.33360278606414795,0.3215805312594719
TOKYOTECH_s01,28,141,32.7,1.563941240310669,0.05644510111721639
TOKYOTECH_s01,28,142,32.733333333333334,1.99252188205719,-0.17341101071802575
TOKYOTECH_s01,28,143,32.766666666666666,1.6641954183578491,-0.38264516811744415
TOKYOTECH_s01,28,144,32.8,1.1477643251419067,-0.5895451244146139
TOKYOTECH_s01,28,145,32.833333333333336,0.8311328291893005,-0.8049613896903324
TOKYOTECH_s01,28,146,32.86666666666667,0.568448007106781,-1.0235122360924558
TOKYOTECH_s01,28,147,32.9,0.24004271626472473,-1.219795560801402
TOKYOTECH_s01,28,148,32.93333333333333,0.19542843103408813,-1.351324358386848
TOKYOTECH_s01,28,149,32.96666666666667,0.1343938708305359,-1.3683821132406706
TOKYOTECH_s01,28,150,33.0,0.14518320560455322,-1.229189946739306
TOKYOTECH_s01,28,151,33.03333333333333,0.05197754129767418,-0.9167184489407023
TOKYOTECH_s01,28,152,33.06666666666667,-0.18215887248516083,-0.4515577505379652
TOKYOTECH_s01,28,153,33.1,-0.3118671476840973,0.10538480223461946
TOKYOTECH_s01,28,154,33.13333333333333,-0.6843748092651367,0.6644891425428536
TOKYOTECH_s01,28,155,33.166666666666664,-0.8731094002723694,1.1315527050464742
TOKYOTECH_s01,28,156,33.2,-0.8533814549446106,1.4349842280668965
TOKYOTECH_s01,28,157,33.233333333333334,-0.8757476806640625,1.5436962818071351
TOKYOTECH_s01,28,158,33.266666666666666,-0.9784038066864014,1.4690441833917718
TOKYOTECH_s01,28,159,33.3,-1.1423308849334717,1.253229922396309
TOKYOTECH_s01,28,160,33.333333333333336,-1.0753109455108643,0.9517599686482707
TOKYOTECH_s01,28,161,33.36666666666667,-0.8229823112487793,0.6173229063622699
TOKYOTECH_s01,28,162,33.4,0.2376800924539566,0.28922720595920237
TOKYOTECH_s01,28,163,33.43333333333333,1.5078681707382202,-0.010767324577353313
TOKYOTECH_s01,28,164,33.46666666666667,2.1413280963897705,-0.27705105942857233
TOKYOTECH_s01,28,165,33.5,1.7121961116790771,-0.5145674977664844
TOKYOTECH_s01,28,166,33.53333333333333,1.3451619148254395,-0.730938305976611
TOKYOTECH_s01,28,167,33.56666666666667,0.8694074153900146,-0.9286668194676566
TOKYOTECH_s01,28,168,33.6,0.49485212564468384,-1.0995771881585195
TOKYOTECH_s01,28,169,33.63333333333333,0.24252347648143768,-1.2229955805468224
TOKYOTECH_s01,28,170,33.666666666666664,0.17963820695877075,-1.2684722642649384
TOKYOTECH_s01,28,171,33.7,0.26118823885917664,-1.2031404646293584
TOKYOTECH_s01,28,172,33.733333333333334,0.20948606729507446,-1.0028394216070524
TOKYOTECH_s01,28,173,33.766666666666666,0.12175381928682327,-0.664473573226268
TOKYOTECH_s01,28,174,33.8,-0.10147513449192047,-0.21507171635130973
TOKYOTECH_s01,28,175,33.833333333333336,-0.5372224450111389,0.2876887931122231
TOKYOTECH_s01,28,176,33.86666666666667,-0.6698446273803711,0.7665080793729991
TOKYOTECH_s01,28,177,33.9,-0.7442280650138855,1.1448699457908713
TOKYOTECH_s01,28,178,33.93333333333333,-0.9781675934791565,1.3688711741573192
TOKYOTECH_s01,28,179,33.96666666666667,-0.9775375127792358,1.4207928723310148
TOKYOTECH_s01,28,180,34.0,-0.841804563999176,1.3193467937806473
TOKYOTECH_s01,28,181,34.03333333333333,-0.8926010727882385,1.1084858283332
TOKYOTECH_s01,28,182,34.06666666666667,-0.8937429785728455,0.8407823725754388
TOKYOTECH_s01,28,183,34.1,-0.5640776753425598,0.5617244892795016
TOKYOTECH_s01,28,184,34.13333333333333,0.383887380361557,0.2994427651987592
TOKYOTECH_s01,28,185,34.166666666666664,1.5414962768554688,0.061796353915683624
TOKYOTECH_s01,28,186,34.2,2.05619478225708,-0.1596216245097623
TOKYOTECH_s01,28,187,34.233333333333334,1.6306066513061523,-0.38063258598997435
TOKYOTECH_s01,28,188,34.266666666666666,1.1288633346557617,-0.613677630689083
TOKYOTECH_s01,28,189,34.3,0.8474743366241455,-0.8582315060390344
TOKYOTECH_s01,28,190,34.333333333333336,0.4826452136039734,-1.0953633276598147
TOKYOTECH_s01,28,191,34.36666666666667,0.21039174497127533,-1.288443622774065
TOKYOTECH_s01,28,192,34.4,0.08363675326108932,-1.3902864457498239
TOKYOTECH_s01,28,193,34.43333333333333,0.3167099952697754,-1.3552619006954938
TOKYOTECH_s01,28,194,34.46666666666667,0.30525124073028564,-1.1537379831988113
TOKYOTECH_s01,28,195,34.5,0.16113094985485077,-0.7852957155741295
TOKYOTECH_s01,28,196,34.53333333333333,-0.19125498831272125,-0.2863097010826606
TOKYOTECH_s01,28,197,34.56666666666667,-0.49910539388656616,0.27243501507009443
TOKYOTECH_s01,28,198,34.6,-0.685162365436554,0.800195124550489
TOKYOTECH_s01,28,199,34.63333333333333,-0.7910868525505066,1.2099862192818072
TOKYOTECH_s01,28,200,34.666666666666664,-0.8494831323623657,1.4429609528803988
TOKYOTECH_s01,28,201,34.7,-1.0252625942230225,1.4829929748518915
TOKYOTECH_s01,28,202,34.733333333333334,-0.9163848757743835,1.3558643790508103
TOKYOTECH_s01,28,203,34.766666666666666,-0.7972690463066101,1.1152106245584716
TOKYOTECH_s01,28,204,34.8,-0.9435157179832458,0.8224946033513704
TOKYOTECH_s01,28,205,34.833333333333336,-0.7165852785110474,0.5288899654040927
TOKYOTECH_s01,28,206,34.86666666666667,0.5040270090103149,0.26421228825370696
TOKYOTECH_s01,28,207,34.9,1.7573223114013672,0.03438621815583967
TOKYOTECH_s01,28,208,34.93333333333333,1.8278074264526367,-0.17359734237072713
TOKYOTECH_s01,28,209,34.96666666666667,1.3625272512435913,-0.38144491598856134
TOKYOTECH_s01,28,210,35.0,1.0388472080230713,-0.606838356993008
TOKYOTECH_s01,28,211,35.03333333333333,0.6973293423652649,-0.8517060862457139
TOKYOTECH_s01,28,212,35.06666666666667,0.2557148039340973,-1.0955594596700784
TOKYOTECH_s01,28,213,35.1,-0.005670576822012663,-1.297076701441867
TOKYOTECH_s01,28,214,35.13333333333333,0.2552422881126404,-1.404122964215583
TOKYOTECH_s01,28,215,35.166666666666664,0.27178069949150085,-1.369166458066713
TOKYOTECH_s01,28,216,35.2,0.17873252928256989,-1.1655312454446594
TOKYOTECH_s01,28,217,35.233333333333334,-0.09127645939588547,-0.7997027224644566
TOKYOTECH_s01,28,218,35.266666666666666,-0.32352277636528015,-0.3151896422645234
TOKYOTECH_s01,28,219,35.3,-0.4445286989212036,0.21487432639185827
TOKYOTECH_s01,28,220,35.333333333333336,-0.707725465297699,0.7054042492178881
TOKYOTECH_s01,28,221,35.36666666666667,-0.7956939339637756,1.0817131478234627
TOKYOTECH_s01,28,222,35.4,-0.8214859962463379,1.29808272008598
TOKYOTECH_s01,28,223,35.43333333333333,-0.8241636157035828,1.34546726116306
TOKYOTECH_s01,28,224,35.46666666666667,-0.7774229645729065,1.2468173609451179
TOKYOTECH_s01,28,225,35.5,-0.8612962365150452,1.0442854859011925
TOKYOTECH_s01,28,226,35.53333333333333,-0.9387904405593872,0.7846484559792782
TOKYOTECH_s01,28,227,35.56666666666667,-0.655747652053833,0.507871196452671
TOKYOTECH_s01,28,228,35.6,0.3934954106807709,0.2411277733429143
TOKYOTECH_s01,28,229,35.63333333333333,1.6475389003753662,-0.0016205974809846402
TOKYOTECH_s01,28,230,35.666666666666664,1.8872274160385132,-0.21573116712333223
TOKYOTECH_s01,28,231,35.7,1.399856686592102,-0.39984664094482725
TOKYOTECH_s01,28,232,35.733333333333334,1.0887774229049683,-0.5506731583754413
TOKYOTECH_s01,28,233,35.766666666666666,0.8054195642471313,-0.6611070191662389
TOKYOTECH_s01,28,234,35.8,0.3979843854904175,-0.7221233595277897
TOKYOTECH_s01,28,235,35.833333333333336,0.2217717319726944,-0.726585119140315
TOKYOTECH_s01,28,236,35.86666666666667,0.1923176348209381,-0.6725211949659493
TOKYOTECH_s01,28,237,35.9,0.30666881799697876,-0.5644230370280238
TOKYOTECH_s01,28,238,35.93333333333333,0.3065113127231598,-0.41261369912963997
TOKYOTECH_s01,28,239,35.96666666666667,-0.012010294944047928,-0.2317091092271196
TOKYOTECH_s01,29,0,29.0,1.5107821226119995,-0.1062535790052746
TOKYOTECH_s01,29,1,29.033333333333335,1.0165990591049194,-0.3599172190101004
TOKYOTECH_s01,29,2,29.066666666666666,0.6670876741409302,-0.5935164722337694
TOKYOTECH_s01,29,3,29.1,0.2811524569988251,-0.7969700461063572
TOKYOTECH_s01,29,4,29.133333333333333,0.06642895191907883,-0.9699103742648989
TOKYOTECH_s01,29,5,29.166666666666668,0.005591282621026039,-1.1192138660898663
TOKYOTECH_s01,29,6,29.2,-0.012167803011834621,-1.251001694070848
TOKYOTECH_s01,29,7,29.233333333333334,-0.04197629168629646,-1.360993967000957
TOKYOTECH_s01,29,8,29.266666666666666,-0.011419638060033321,-1.4288090523902413
TOKYOTECH_s01,29,9,29.3,-0.17554351687431335,-1.420499709102963
TOKYOTECH_s01,29,10,29.333333333333332,-0.4541367292404175,-1.2999780333923983
TOKYOTECH_s01,29,11,29.366666666666667,-0.7310367226600647,-1.0453638984084999
TOKYOTECH_s01,29,12,29.4,-0.9328838586807251,-0.6628001278894665
TOKYOTECH_s01,29,13,29.433333333333334,-1.0054165124893188,-0.1905158398066154
TOKYOTECH_s01,29,14,29.466666666666665,-0.9556438326835632,0.3093782442011438
TOKYOTECH_s01,29,15,29.5,-0.9416255950927734,0.7676452832930316
TOKYOTECH_s01,29,16,29.533333333333335,-0.9739935994148254,1.1257247319557082
TOKYOTECH_s01,29,17,29.566666666666666,-1.0737358331680298,1.3477531484181573
TOKYOTECH_s01,29,18,29.6,-1.2003333568572998,1.4242402399068486
TOKYOTECH_s01,29,19,29.633333333333333,-0.9645824432373047,1.3690437852727952
TOKYOTECH_s01,29,20,29.666666666666668,0.131598100066185,1.2125009880108668
TOKYOTECH_s01,29,21,29.7,1.6012707948684692,0.992679225130454
TOKYOTECH_s01,29,22,29.733333333333334,2.0690317153930664,0.7460110049125155
TOKYOTECH_s01,29,23,29.766666666666666,1.6589581966400146,0.4988804403717648
TOKYOTECH_s01,29,24,29.8,1.2205332517623901,0.26244239380474726
TOKYOTECH_s01,29,25,29.833333333333332,0.8145944476127625,0.03284822541694426
TOKYOTECH_s01,29,26,29.866666666666667,0.42078375816345215,-0.20258031715539207
TOKYOTECH_s01,29,27,29.9,0.12179319560527802,-0.45503303507183607
TOKYOTECH_s01,29,28,29.933333333333334,0.12423457950353622,-0.7233132939931831
TOKYOTECH_s01,29,29,29.966666666666665,0.07221738994121552,-0.986526745377973
TOKYOTECH_s01,29,30,30.0,0.20779284834861755,-1.2038503633947346
TOKYOTECH_s01,29,31,30.033333333333335,0.13466951251029968,-1.3228898359804098
TOKYOTECH_s01,29,32,30.066666666666666,-0.15683938562870026,-1.2951424832449354
TOKYOTECH_s01,29,33,30.1,-0.38900694251060486,-1.0939713297222047
TOKYOTECH_s01,29,34,30.133333333333333,-0.6667338609695435,-0.7284970225046663
TOKYOTECH_s01,29,35,30.166666666666668,-0.937687873840332,-0.24710026648410646
TOKYOTECH_s01,29,36,30.2,-1.1748169660568237,0.2725864660734785
TOKYOTECH_s01,29,37,30.233333333333334,-1.2756223678588867,0.7446434383507793
TOKYOTECH_s01,29,38,30.266666666666666,-1.2314019203186035,1.0984195191643873
TOKYOTECH_s01,29,39,30.3,-1.1770614385604858,1.294827891717266
TOKYOTECH_s01,29,40,30.333333333333332,-1.0465656518936157,1.330307725495123
TOKYOTECH_s01,29,41,30.366666666666667,-1.0521571636199951,1.2300706203272997
TOKYOTECH_s01,29,42,30.4,-0.9663150310516357,1.0356775688762372
TOKYOTECH_s01,29,43,30.433333333333334,-0.686501145362854,0.7918172110987991
TOKYOTECH_s01,29,44,30.466666666666665,0.2997778356075287,0.5355491987339109
TOKYOTECH_s01,29,45,30.5,1.6466331481933594,0.2896403957874543
TOKYOTECH_s01,29,46,30.533333333333335,1.9318417310714722,0.06049930611192438
TOKYOTECH_s01,29,47,30.566666666666666,1.5507498979568481,-0.15932832447519024
TOKYOTECH_s01,29,48,30.6,1.0073060989379883,-0.38448554854226363
TOKYOTECH_s01,29,49,30.633333333333333,0.626253604888916,-0.62710644523493
TOKYOTECH_s01,29,50,30.666666666666668,0.1544368416070938,-0.8865950734563885
TOKYOTECH_s01,29,51,30.7,-0.0517418198287487,-1.142471740958207
TOKYOTECH_s01,29,52,30.733333333333334,-0.04666217043995857,-1.3537123344517072
TOKYOTECH_s01,29,53,30.766666666666666,0.18018947541713715,-1.4663575182597548
TOKYOTECH_s01,29,54,30.8,0.20566648244857788,-1.4284543148800546
TOKYOTECH_s01,29,55,30.833333333333332,0.04398398473858833,-1.208383095836717
TOKYOTECH_s01,29,56,30.866666666666667,-0.12813344597816467,-0.8103727233993616
TOKYOTECH_s01,29,57,30.9,-0.45764127373695374,-0.28066040429085354
TOKYOTECH_s01,29,58,30.933333333333334,-0.6173155307769775,0.299875213353004
TOKYOTECH_s01,29,59,30.966666666666665,-0.8891358971595764,0.8356788892434369
TOKYOTECH_s01,29,60,31.0,-0.9876968264579773,1.2421399705982359
TOKYOTECH_s01,29,61,31.033333333333335,-1.076570987701416,1.466998697805832
TOKYOTECH_s01,29,62,31.066666666666666,-0.9756080508232117,1.5002379913323376
TOKYOTECH_s01,29,63,31.1,-1.0517240762710571,1.3708000899887491
TOKYOTECH_s01,29,64,31.133333333333333,-0.9292611479759216,1.1332457654806167
TOKYOTECH_s01,29,65,31.166666666666668,-0.9904532432556152,0.849765801061795
TOKYOTECH_s01,29,66,31.2,-0.5139899849891663,0.5730011823644303
TOKYOTECH_s01,29,67,31.233333333333334,0.6473597288131714,0.33388298821480566
TOKYOTECH_s01,29,68,31.266666666666666,1.8130409717559814,0.13703037524539097
TOKYOTECH_s01,29,69,31.3,1.8592697381973267,-0.035669681660138605
TOKYOTECH_s01,29,70,31.333333333333332,1.4780991077423096,-0.2147384430029278
TOKYOTECH_s01,29,71,31.366666666666667,0.9883263111114502,-0.42899911696882925
TOKYOTECH_s01,29,72,31.4,0.5486019253730774,-0.6912226314626044
TOKYOTECH_s01,29,73,31.433333333333334,0.10600296407938004,-0.9873103137971186
TOKYOTECH_s01,29,74,31.466666666666665,-0.09324531257152557,-1.273029186377659
TOKYOTECH_s01,29,75,31.5,-0.04323635995388031,-1.4813555407363064
TOKYOTECH_s01,29,76,31.533333333333335,0.046819139271974564,-1.5403695254069665
TOKYOTECH_s01,29,77,31.566666666666666,0.04154260456562042,-1.3973392684159978
TOKYOTECH_s01,29,78,31.6,-0.1177772656083107,-1.041075015867524
TOKYOTECH_s01,29,79,31.633333333333333,-0.3013928234577179,-0.5133905442804393
TOKYOTECH_s01,29,80,31.666666666666668,-0.5072958469390869,0.09717410314512007
TOKYOTECH_s01,29,81,31.7,-0.7139863967895508,0.6794771516837281
TOKYOTECH_s01,29,82,31.733333333333334,-0.9767500162124634,1.1327505957531874
TOKYOTECH_s01,29,83,31.766666666666666,-1.0529053211212158,1.3943959364908156
TOKYOTECH_s01,29,84,31.8,-1.0635372400283813,1.4520504514949186
TOKYOTECH_s01,29,85,31.833333333333332,-0.9906501173973083,1.3380373288388752
TOKYOTECH_s01,29,86,31.866666666666667,-1.0020301342010498,1.1118333205342306
TOKYOTECH_s01,29,87,31.9,-0.866730272769928,0.8390361732260474
TOKYOTECH_s01,29,88,31.933333333333334,-0.2724112570285797,0.5735302669056072
TOKYOTECH_s01,29,89,31.966666666666665,1.023056983947754,0.34612740156238364
TOKYOTECH_s01,29,90,32.0,1.911838173866272,0.16078965023291703
TOKYOTECH_s01,29,91,32.03333333333333,1.8033148050308228,-0.0013966664622965365
TOKYOTECH_s01,29,92,32.06666666666667,1.2781814336776733,-0.1713967751448524
TOKYOTECH_s01,29,93,32.1,0.8214854001998901,-0.37720774588469086
TOKYOTECH_s01,29,94,32.13333333333333,0.3722711205482483,-0.6291637394800178
TOKYOTECH_s01,29,95,32.166666666666664,0.02587050572037697,-0.9105867740482317
TOKYOTECH_s01,29,96,32.2,0.0103952931240201,-1.1771199208716494
TOKYOTECH_s01,29,97,32.233333333333334,0.05465518683195114,-1.3654323013969878
TOKYOTECH_s01,29,98,32.266666666666666,0.20676904916763306,-1.4097814207085897
TOKYOTECH_s01,29,99,32.3,0.08871640264987946,-1.2629191559325441
TOKYOTECH_s01,29,100,32.333333333333336,-0.0861574336886406,-0.9155883843338485
TOKYOTECH_s01,29,101,32.36666666666667,-0.41511398553848267,-0.40724744204676033
TOKYOTECH_s01,29,102,32.4,-0.6115664839744568,0.17848761586571485
TOKYOTECH_s01,29,103,32.43333333333333,-0.786873459815979,0.7350374343381862
TOKYOTECH_s01,29,104,32.46666666666667,-0.845899760723114,1.1636740476542466
TOKYOTECH_s01,29,105,32.5,-0.8642495274543762,1.4012243695043392
TOKYOTECH_s01,29,106,32.53333333333333,-0.917881190776825,1.4337097042602205
TOKYOTECH_s01,29,107,32.56666666666667,-0.9259928464889526,1.2924674124005207
TOKYOTECH_s01,29,108,32.6,-1.033177375793457,1.0372696881628065
TOKYOTECH_s01,29,109,32.63333333333333,-0.7307610511779785,0.7350008183001934
TOKYOTECH_s01,29,110,32.666666666666664,0.33360278606414795,0.4412881719907766
TOKYOTECH_s01,29,111,32.7,1.563941240310669,0.18893917698576213
TOKYOTECH_s01,29,112,32.733333333333334,1.99252188205719,-0.01555484437472036
TOKYOTECH_s01,29,113,32.766666666666666,1.6641954183578491,-0.18761824111300646
TOKYOTECH_s01,29,114,32.8,1.1477643251419067,-0.3538706405930994
TOKYOTECH_s01,29,115,32.833333333333336,0.8311328291893005,-0.5381472296243855
TOKYOTECH_s01,29,116,32.86666666666667,0.568448007106781,-0.7483471221194727
TOKYOTECH_s01,29,117,32.9,0.24004271626472473,-0.9683277940619539
TOKYOTECH_s01,29,118,32.93333333333333,0.19542843103408813,-1.1580259612167687
TOKYOTECH_s01,29,119,32.96666666666667,0.1343938708305359,-1.2627701221521113
TOKYOTECH_s01,29,120,33.0,0.14518320560455322,-1.229799390288733
TOKYOTECH_s01,29,121,33.03333333333333,0.05197754129767418,-1.0272969561176752
TOKYOTECH_s01,29,122,33.06666666666667,-0.18215887248516083,-0.6597437942202264
TOKYOTECH_s01,29,123,33.1,-0.3118671476840973,-0.17345448614002776
TOKYOTECH_s01,29,124,33.13333333333333,-0.6843748092651367,0.3517749550921208
TOKYOTECH_s01,29,125,33.166666666666664,-0.8731094002723694,0.8238894943121857
TOKYOTECH_s01,29,126,33.2,-0.8533814549446106,1.164781626709284
TOKYOTECH_s01,29,127,33.233333333333334,-0.8757476806640625,1.33037509710591
TOKYOTECH_s01,29,128,33.266666666666666,-0.9784038066864014,1.3174489186639298
TOKYOTECH_s01,29,129,33.3,-1.1423308849334717,1.1573964830538042
TOKYOTECH_s01,29,130,33.333333333333336,-1.0753109455108643,0.9020453192310619
TOKYOTECH_s01,29,131,33.36666666666667,-0.8229823112487793,0.6075802851974249
TOKYOTECH_s01,29,132,33.4,0.2376800924539566,0.3209394598434987
TOKYOTECH_s01,29,133,33.43333333333333,1.5078681707382202,0.07095892219142412
TOKYOTECH_s01,29,134,33.46666666666667,2.1413280963897705,-0.13462015299967794
TOKYOTECH_s01,29,135,33.5,1.7121961116790771,-0.3059409788613839
TOKYOTECH_s01,29,136,33.53333333333333,1.3451619148254395,-0.4625899703438326
TOKYOTECH_s01,29,137,33.56666666666667,0.8694074153900146,-0.6224045129313619
TOKYOTECH_s01,29,138,33.6,0.49485212564468384,-0.7908782599669517
TOKYOTECH_s01,29,139,33.63333333333333,0.24252347648143768,-0.9544686833996441
TOKYOTECH_s01,29,140,33.666666666666664,0.17963820695877075,-1.0802641522451875
TOKYOTECH_s01,29,141,33.7,0.26118823885917664,-1.1230453333000003
TOKYOTECH_s01,29,142,33.733333333333334,0.20948606729507446,-1.0389182267364223
TOKYOTECH_s01,29,143,33.766666666666666,0.12175381928682327,-0.802365216762629
TOKYOTECH_s01,29,144,33.8,-0.10147513449192047,-0.42117367297953556
TOKYOTECH_s01,29,145,33.833333333333336,-0.5372224450111389,0.05743148655549398
TOKYOTECH_s01,29,146,33.86666666666667,-0.6698446273803711,0.554442943196138
TOKYOTECH_s01,29,147,33.9,-0.7442280650138855,0.9801260943898391
TOKYOTECH_s01,29,148,33.93333333333333,-0.9781675934791565,1.2607816101226375
TOKYOTECH_s01,29,149,33.96666666666667,-0.9775375127792358,1.359691189821966
TOKYOTECH_s01,29,150,34.0,-0.841804563999176,1.283987859561299
TOKYOTECH_s01,29,151,34.03333333333333,-0.8926010727882385,1.0765490868127514
TOKYOTECH_s01,29,152,34.06666666666667,-0.8937429785728455,0.7981491561729392
TOKYOTECH_s01,29,153,34.1,-0.5640776753425598,0.5074978980640803
TOKYOTECH_s01,29,154,34.13333333333333,0.383887380361557,0.24562816630051681
TOKYOTECH_s01,29,155,34.166666666666664,1.5414962768554688,0.028194807326538344
TOKYOTECH_s01,29,156,34.2,2.05619478225708,-0.15349298646242596
TOKYOTECH_s01,29,157,34.233333333333334,1.6306066513061523,-0.32388165731536994
TOKYOTECH_s01,29,158,34.266666666666666,1.1288633346557617,-0.5097053475686671
TOKYOTECH_s01,29,159,34.3,0.8474743366241455,-0.7255676792573327
TOKYOTECH_s01,29,160,34.333333333333336,0.4826452136039734,-0.9632442692214622
TOKYOTECH_s01,29,161,34.36666666666667,0.21039174497127533,-1.1887054214526203
TOKYOTECH_s01,29,162,34.4,0.08363675326108932,-1.3483998631094756
TOKYOTECH_s01,29,163,34.43333333333333,0.3167099952697754,-1.3833453656885821
TOKYOTECH_s01,29,164,34.46666666666667,0.30525124073028564,-1.2474376220489318
TOKYOTECH_s01,29,165,34.5,0.16113094985485077,-0.9251667077301559
TOKYOTECH_s01,29,166,34.53333333333333,-0.19125498831272125,-0.44327136116408705
TOKYOTECH_s01,29,167,34.56666666666667,-0.49910539388656616,0.1289419837995431
TOKYOTECH_s01,29,168,34.6,-0.685162365436554,0.6937866998298895
TOKYOTECH_s01,29,169,34.63333333333333,-0.7910868525505066,1.1516512160855168
TOKYOTECH_s01,29,170,34.666666666666664,-0.8494831323623657,1.4301555724210107
TOKYOTECH_s01,29,171,34.7,-1.0252625942230225,1.5034029374205293
TOKYOTECH_s01,29,172,34.733333333333334,-0.9163848757743835,1.3939581267873116
TOKYOTECH_s01,29,173,34.766666666666666,-0.7972690463066101,1.1591329505044725
TOKYOTECH_s01,29,174,34.8,-0.9435157179832458,0.8690587059553392
TOKYOTECH_s01,29,175,34.833333333333336,-0.7165852785110474,0.5850476474849249
TOKYOTECH_s01,29,176,34.86666666666667,0.5040270090103149,0.34445866243184725
TOKYOTECH_s01,29,177,34.9,1.7573223114013672,0.15487247861717013
TOKYOTECH_s01,29,178,34.93333333333333,1.8278074264526367,-0.0024485773399596537
TOKYOTECH_s01,29,179,34.96666666666667,1.3625272512435913,-0.16156380347720833
TOKYOTECH_s01,29,180,35.0,1.0388472080230713,-0.3561214353304373
TOKYOTECH_s01,29,181,35.03333333333333,0.6973293423652649,-0.6028736750339961
TOKYOTECH_s01,29,182,35.06666666666667,0.2557148039340973,-0.8896838337635985
TOKYOTECH_s01,29,183,35.1,-0.005670576822012663,-1.1729528998837229
TOKYOTECH_s01,29,184,35.13333333333333,0.2552422881126404,-1.3864365385897355
TOKYOTECH_s01,29,185,35.166666666666664,0.27178069949150085,-1.4594349581777026
TOKYOTECH_s01,29,186,35.2,0.17873252928256989,-1.3393949068750872
TOKYOTECH_s01,29,187,35.233333333333334,-0.09127645939588547,-1.012281537161322
TOKYOTECH_s01,29,188,35.266666666666666,-0.32352277636528015,-0.5135325259682801
TOKYOTECH_s01,29,189,35.3,-0.4445286989212036,0.07592435315471138
TOKYOTECH_s01,29,190,35.333333333333336,-0.707725465297699,0.6494327493878264
TOKYOTECH_s01,29,191,35.36666666666667,-0.7956939339637756,1.1043993737517934
TOKYOTECH_s01,29,192,35.4,-0.8214859962463379,1.3709027361199952
TOKYOTECH_s01,29,193,35.43333333333333,-0.8241636157035828,1.4277932236768498
TOKYOTECH_s01,29,194,35.46666666666667,-0.7774229645729065,1.3014570057930346
TOKYOTECH_s01,29,195,35.5,-0.8612962365150452,1.0506403863320264
TOKYOTECH_s01,29,196,35.53333333333333,-0.9387904405593872,0.7450854735530464
TOKYOTECH_s01,29,197,35.56666666666667,-0.655747652053833,0.4455140283614638
TOKYOTECH_s01,29,198,35.6,0.3934954106807709,0.18992490603267365
TOKYOTECH_s01,29,199,35.63333333333333,1.6475389003753662,-0.011661749460724841
TOKYOTECH_s01,29,200,35.666666666666664,1.8872274160385132,-0.17394984419016418
TOKYOTECH_s01,29,201,35.7,1.399856686592102,-0.3262313178870501
TOKYOTECH_s01,29,202,35.733333333333334,1.0887774229049683,-0.4987138831700682
TOKYOTECH_s01,29,203,35.766666666666666,0.8054195642471313,-0.7094435488884693
TOKYOTECH_s01,29,204,35.8,0.3979843854904175,-0.9550758352286411
TOKYOTECH_s01,29,205,35.833333333333336,0.2217717319726944,-1.2072657233733526
TOKYOTECH_s01,29,206,35.86666666666667,0.1923176348209381,-1.4155784498585404
TOKYOTECH_s01,29,207,35.9,0.30666881799697876,-1.517329019548987
TOKYOTECH_s01,29,208,35.93333333333333,0.3065113127231598,-1.453693979982576
TOKYOTECH_s01,29,209,35.96666666666667,-0.012010294944047928,-1.189260469337236
TOKYOTECH_s01,29,210,36.0,-0.2139362245798111,-0.729354502911057
TOKYOTECH_s01,29,211,36.03333333333333,-0.3882193863391876,-0.12769217312726275
TOKYOTECH_s01,29,212,36.06666666666667,-0.6818546652793884,0.5217632762974237
TOKYOTECH_s01,29,213,36.1,-0.9366641044616699,1.1089480307676138
TOKYOTECH_s01,29,214,36.13333333333333,-1.0674749612808228,1.5394116072215398
TOKYOTECH_s01,29,215,36.166666666666664,-1.0420372486114502,1.7602159961242803
TOKYOTECH_s01,29,216,36.2,-1.0968502759933472,1.7699661159087239
TOKYOTECH_s01,29,217,36.233333333333334,-0.9665907025337219,1.6113206278456151
TOKYOTECH_s01,29,218,36.266666666666666,-0.9093757271766663,1.3516615546249082
TOKYOTECH_s01,29,219,36.3,-1.0117956399917603,1.0605740246885538
TOKYOTECH_s01,29,220,36.333333333333336,-0.731942355632782,0.7913932255421483
TOKYOTECH_s01,29,221,36.36666666666667,0.2707175016403198,0.570722699966286
TOKYOTECH_s01,29,222,36.4,1.6280865669250488,0.39698916548383395
TOKYOTECH_s01,29,223,36.43333333333333,2.165308713912964,0.24716055711700047
TOKYOTECH_s01,29,224,36.46666666666667,1.6733309030532837,0.08913742967163912
TOKYOTECH_s01,29,225,36.5,1.2479397058486938,-0.10396281285522138
TOKYOTECH_s01,29,226,36.53333333333333,0.9433576464653015,-0.34191942198924385
TOKYOTECH_s01,29,227,36.56666666666667,0.4450400471687317,-0.6114500304675305
TOKYOTECH_s01,29,228,36.6,0.17306222021579742,-0.8777203373754016
TOKYOTECH_s01,29,229,36.63333333333333,0.07958091050386429,-1.0926442417217561
TOKYOTECH_s01,29,230,36.666666666666664,0.08139225840568542,-1.2078129164550762
TOKYOTECH_s01,29,231,36.7,0.09828504920005798,-1.1891017177655014
TOKYOTECH_s01,29,232,36.733333333333334,-0.10958682745695114,-1.0294854967357243
TOKYOTECH_s01,29,233,36.766666666666666,-0.28394874930381775,-0.7562734226336991
TOKYOTECH_s01,29,234,36.8,-0.5704567432403564,-0.4292332270810884
TOKYOTECH_s01,29,235,36.833333333333336,-0.797899067401886,-0.1275658629317762
TOKYOTECH_s01,29,236,36.86666666666667,-0.8836624622344971,0.07302550479083687
TOKYOTECH_s01,29,237,36.9,-0.9285129904747009,0.12685068536086166
TOKYOTECH_s01,29,238,36.93333333333333,-0.9394992589950562,0.03730762436792419
TOKYOTECH_s01,29,239,36.96666666666667,-0.9723397493362427,-0.14185265093604277
TOKYOTECH_s01,30,0,30.0,0.20779284834861755,0.08299395104838428
TOKYOTECH_s01,30,1,30.033333333333335,0.13466951251029968,-0.10652600100160269
TOKYOTECH_s01,30,2,30.066666666666666,-0.15683938562870026,-0.23241353773577514
TOKYOTECH_s01,30,3,30.1,-0.38900694251060486,-0.2469522600329459
TOKYOTECH_s01,30,4,30.133333333333333,-0.6667338609695435,-0.1312519188186229
TOKYOTECH_s01,30,5,30.166666666666668,-0.937687873840332,0.09955558838121674
TOKYOTECH_s01,30,6,30.2,-1.1748169660568237,0.4009939001511605
TOKYOTECH_s01,30,7,30.233333333333334,-1.2756223678588867,0.7129826112961429
TOKYOTECH_s01,30,8,30.266666666666666,-1.2314019203186035,0.9773274394691837
TOKYOTECH_s01,30,9,30.3,-1.1770614385604858,1.1517307276706035
TOKYOTECH_s01,30,10,30.333333333333332,-1.0465656518936157,1.2160156619800815
TOKYOTECH_s01,30,11,30.366666666666667,-1.0521571636199951,1.1709924115931272
TOKYOTECH_s01,30,12,30.4,-0.9663150310516357,1.0329309381330214
TOKYOTECH_s01,30,13,30.433333333333334,-0.686501145362854,0.8265597606413062
TOKYOTECH_s01,30,14,30.466666666666665,0.2997778356075287,0.5784490632439668
TOKYOTECH_s01,30,15,30.5,1.6466331481933594,0.3116451077813743
TOKYOTECH_s01,30,16,30.533333333333335,1.9318417310714722,0.041970166696738746
TOKYOTECH_s01,30,17,30.566666666666666,1.5507498979568481,-0.22346375260778034
TOKYOTECH_s01,30,18,30.6,1.0073060989379883,-0.4847111969340826
TOKYOTECH_s01,30,19,30.633333333333333,0.626253604888916,-0.7440272315912723
TOKYOTECH_s01,30,20,30.666666666666668,0.1544368416070938,-0.9985524497081346
TOKYOTECH_s01,30,21,30.7,-0.0517418198287487,-1.2334329868643275
TOKYOTECH_s01,30,22,30.733333333333334,-0.04666217043995857,-1.41891765976227
TOKYOTECH_s01,30,23,30.766666666666666,0.18018947541713715,-1.5141216921162932
TOKYOTECH_s01,30,24,30.8,0.20566648244857788,-1.4777588506389823
TOKYOTECH_s01,30,25,30.833333333333332,0.04398398473858833,-1.283019494715312
TOKYOTECH_s01,30,26,30.866666666666667,-0.12813344597816467,-0.9311897194320425
TOKYOTECH_s01,30,27,30.9,-0.45764127373695374,-0.4579046328018584
TOKYOTECH_s01,30,28,30.933333333333334,-0.6173155307769775,0.07200892702733487
TOKYOTECH_s01,30,29,30.966666666666665,-0.8891358971595764,0.5803811826700433
TOKYOTECH_s01,30,30,31.0,-0.9876968264579773,0.996004610024565
TOKYOTECH_s01,30,31,31.033333333333335,-1.076570987701416,1.2709633751368805
TOKYOTECH_s01,30,32,31.066666666666666,-0.9756080508232117,1.3877671358057553
TOKYOTECH_s01,30,33,31.1,-1.0517240762710571,1.357374618801195
TOKYOTECH_s01,30,34,31.133333333333333,-0.9292611479759216,1.2112717757852156
TOKYOTECH_s01,30,35,31.166666666666668,-0.9904532432556152,0.9909947011694493
TOKYOTECH_s01,30,36,31.2,-0.5139899849891663,0.7374834160249369
TOKYOTECH_s01,30,37,31.233333333333334,0.6473597288131714,0.48197168968159787
TOKYOTECH_s01,30,38,31.266666666666666,1.8130409717559814,0.24022527570938698
TOKYOTECH_s01,30,39,31.3,1.8592697381973267,0.011754105694061576
TOKYOTECH_s01,30,40,31.333333333333332,1.4780991077423096,-0.21573229292815366
TOKYOTECH_s01,30,41,31.366666666666667,0.9883263111114502,-0.45786649738665225
TOKYOTECH_s01,30,42,31.4,0.5486019253730774,-0.7230569834891022
TOKYOTECH_s01,30,43,31.433333333333334,0.10600296407938004,-1.00238609943628
TOKYOTECH_s01,30,44,31.466666666666665,-0.09324531257152557,-1.263833260847429
TOKYOTECH_s01,30,45,31.5,-0.04323635995388031,-1.4548731891923232
TOKYOTECH_s01,30,46,31.533333333333335,0.046819139271974564,-1.514973909588349
TOKYOTECH_s01,30,47,31.566666666666666,0.04154260456562042,-1.3952442324637662
TOKYOTECH_s01,30,48,31.6,-0.1177772656083107,-1.0786619261321508
TOKYOTECH_s01,30,49,31.633333333333333,-0.3013928234577179,-0.5925921943937255
TOKYOTECH_s01,30,50,31.666666666666668,-0.5072958469390869,-0.006846232580188041
TOKYOTECH_s01,30,51,31.7,-0.7139863967895508,0.5838856609010779
TOKYOTECH_s01,30,52,31.733333333333334,-0.9767500162124634,1.0865060555274981
TOKYOTECH_s01,30,53,31.766666666666666,-1.0529053211212158,1.433502744340662
TOKYOTECH_s01,30,54,31.8,-1.0635372400283813,1.5955195331118177
TOKYOTECH_s01,30,55,31.833333333333332,-0.9906501173973083,1.5804479101530384
TOKYOTECH_s01,30,56,31.866666666666667,-1.0020301342010498,1.4230218835710566
TOKYOTECH_s01,30,57,31.9,-0.866730272769928,1.1710042249404842
TOKYOTECH_s01,30,58,31.933333333333334,-0.2724112570285797,0.8723286781535575
TOKYOTECH_s01,30,59,31.966666666666665,1.023056983947754,0.565032886564274
TOKYOTECH_s01,30,60,32.0,1.911838173866272,0.2710675266960495
TOKYOTECH_s01,30,61,32.03333333333333,1.8033148050308228,-0.0047714058524973
TOKYOTECH_s01,30,62,32.06666666666667,1.2781814336776733,-0.2703333908653356
TOKYOTECH_s01,30,63,32.1,0.8214854001998901,-0.5372799400241609
TOKYOTECH_s01,30,64,32.13333333333333,0.3722711205482483,-0.8107342700066285
TOKYOTECH_s01,30,65,32.166666666666664,0.02587050572037697,-1.0808646366696315
TOKYOTECH_s01,30,66,32.2,0.0103952931240201,-1.3193599826074904
TOKYOTECH_s01,30,67,32.233333333333334,0.05465518683195114,-1.482496521349548
TOKYOTECH_s01,30,68,32.266666666666666,0.20676904916763306,-1.5209256673361002
TOKYOTECH_s01,30,69,32.3,0.08871640264987946,-1.394536952429964
TOKYOTECH_s01,30,70,32.333333333333336,-0.0861574336886406,-1.0887418543224632
TOKYOTECH_s01,30,71,32.36666666666667,-0.41511398553848267,-0.626465327299362
TOKYOTECH_s01,30,72,32.4,-0.6115664839744568,-0.06931365727735662
TOKYOTECH_s01,30,73,32.43333333333333,-0.786873459815979,0.49547764015353934
TOKYOTECH_s01,30,74,32.46666666666667,-0.845899760723114,0.9784441589415699
TOKYOTECH_s01,30,75,32.5,-0.8642495274543762,1.3117692553575422
TOKYOTECH_s01,30,76,32.53333333333333,-0.917881190776825,1.4640920851901045
TOKYOTECH_s01,30,77,32.56666666666667,-0.9259928464889526,1.4421830496329295
TOKYOTECH_s01,30,78,32.6,-1.033177375793457,1.281657605690491
TOKYOTECH_s01,30,79,32.63333333333333,-0.7307610511779785,1.0324002977212248
TOKYOTECH_s01,30,80,32.666666666666664,0.33360278606414795,0.7440917679443737
TOKYOTECH_s01,30,81,32.7,1.563941240310669,0.4550940987556809
TOKYOTECH_s01,30,82,32.733333333333334,1.99252188205719,0.1863179629109586
TOKYOTECH_s01,30,83,32.766666666666666,1.6641954183578491,-0.059167358513386746
TOKYOTECH_s01,30,84,32.8,1.1477643251419067,-0.2909181720947185
TOKYOTECH_s01,30,85,32.833333333333336,0.8311328291893005,-0.521711952698856
TOKYOTECH_s01,30,86,32.86666666666667,0.568448007106781,-0.7567930181399134
TOKYOTECH_s01,30,87,32.9,0.24004271626472473,-0.9854867812987889
TOKYOTECH_s01,30,88,32.93333333333333,0.19542843103408813,-1.1785961664743503
TOKYOTECH_s01,30,89,32.96666666666667,0.1343938708305359,-1.2934331249085307
TOKYOTECH_s01,30,90,33.0,0.14518320560455322,-1.2858955373004277
TOKYOTECH_s01,30,91,33.03333333333333,0.05197754129767418,-1.1262766384852236
TOKYOTECH_s01,30,92,33.06666666666667,-0.18215887248516083,-0.8133564169504379
TOKYOTECH_s01,30,93,33.1,-0.3118671476840973,-0.38082430409782275
TOKYOTECH_s01,30,94,33.13333333333333,-0.6843748092651367,0.10792600238753441
TOKYOTECH_s01,30,95,33.166666666666664,-0.8731094002723694,0.5759241707490955
TOKYOTECH_s01,30,96,33.2,-0.8533814549446106,0.9533608006898372
TOKYOTECH_s01,30,97,33.233333333333334,-0.8757476806640625,1.1942342586274062
TOKYOTECH_s01,30,98,33.266666666666666,-0.9784038066864014,1.283353774896374
TOKYOTECH_s01,30,99,33.3,-1.1423308849334717,1.2336409406562368
TOKYOTECH_s01,30,100,33.333333333333336,-1.0753109455108643,1.0771568718562088
TOKYOTECH_s01,30,101,33.36666666666667,-0.8229823112487793,0.8539166114046906
TOKYOTECH_s01,30,102,33.4,0.2376800924539566,0.6016374463417768
TOKYOTECH_s01,30,103,33.43333333333333,1.5078681707382202,0.3483463520490986
TOKYOTECH_s01,30,104,33.46666666666667,2.1413280963897705,0.10888144986357422
TOKYOTECH_s01,30,105,33.5,1.7121961116790771,-0.1143815743985086
TOKYOTECH_s01,30,106,33.53333333333333,1.3451619148254395,-0.3270945031890945
TOKYOTECH_s01,30,107,33.56666666666667,0.8694074153900146,-0.5361323314234406
TOKYOTECH_s01,30,108,33.6,0.49485212564468384,-0.7422695202114472
TOKYOTECH_s01,30,109,33.63333333333333,0.24252347648143768,-0.9344231295711604
TOKYOTECH_s01,30,110,33.666666666666664,0.17963820695877075,-1.0875642187352104
TOKYOTECH_s01,30,111,33.7,0.26118823885917664,-1.1659769584289603
TOKYOTECH_s01,30,112,33.733333333333334,0.20948606729507446,-1.13236730711635
TOKYOTECH_s01,30,113,33.766666666666666,0.12175381928682327,-0.9612422462935979
TOKYOTECH_s01,30,114,33.8,-0.10147513449192047,-0.6524230887532013
TOKYOTECH_s01,30,115,33.833333333333336,-0.5372224450111389,-0.23871612796885583
TOKYOTECH_s01,30,116,33.86666666666667,-0.6698446273803711,0.2176902631262877
TOKYOTECH_s01,30,117,33.9,-0.7442280650138855,0.6410959060079813
TOKYOTECH_s01,30,118,33.93333333333333,-0.9781675934791565,0.9643666835045703
TOKYOTECH_s01,30,119,33.96666666666667,-0.9775375127792358,1.1471126394944395
TOKYOTECH_s01,30,120,34.0,-0.841804563999176,1.1827493578552626
TOKYOTECH_s01,30,121,34.03333333333333,-0.8926010727882385,1.0938136354542132
TOKYOTECH_s01,30,122,34.06666666666667,-0.8937429785728455,0.9197994463600202
TOKYOTECH_s01,30,123,34.1,-0.5640776753425598,0.7031873661208743
TOKYOTECH_s01,30,124,34.13333333333333,0.383887380361557,0.47814484667592155
TOKYOTECH_s01,30,125,34.166666666666664,1.5414962768554688,0.2641823425565408
TOKYOTECH_s01,30,126,34.2,2.05619478225708,0.0652057041651707
TOKYOTECH_s01,30,127,34.233333333333334,1.6306066513061523,-0.1267284743345662
TOKYOTECH_s01,30,128,34.266666666666666,1.1288633346557617,-0.32432815662927866
TOKYOTECH_s01,30,129,34.3,0.8474743366241455,-0.5365100076857198
TOKYOTECH_s01,30,130,34.333333333333336,0.4826452136039734,-0.760596583010111
TOKYOTECH_s01,30,131,34.36666666666667,0.21039174497127533,-0.9775762325243729
TOKYOTECH_s01,30,132,34.4,0.08363675326108932,-1.1523182590169054
TOKYOTECH_s01,30,133,34.43333333333333,0.3167099952697754,-1.2396852783238834
TOKYOTECH_s01,30,134,34.46666666666667,0.30525124073028564,-1.196074518237907
TOKYOTECH_s01,30,135,34.5,0.16113094985485077,-0.9941503677880921
TOKYOTECH_s01,30,136,34.53333333333333,-0.19125498831272125,-0.6366568982356013
TOKYOTECH_s01,30,137,34.56666666666667,-0.49910539388656616,-0.16371033582795053
TOKYOTECH_s01,30,138,34.6,-0.685162365436554,0.35182723789732323
TOKYOTECH_s01,30,139,34.63333333333333,-0.7910868525505066,0.8221902064541917
TOKYOTECH_s01,30,140,34.666666666666664,-0.8494831323623657,1.169636971978445
TOKYOTECH_s01,30,141,34.7,-1.0252625942230225,1.347573911094072
TOKYOTECH_s01,30,142,34.733333333333334,-0.9163848757743835,1.3495655845984411
TOKYOTECH_s01,30,143,34.766666666666666,-0.7972690463066101,1.2048196936915019
TOKYOTECH_s01,30,144,34.8,-0.9435157179832458,0.9643276871238776
TOKYOTECH_s01,30,145,34.833333333333336,-0.7165852785110474,0.6838640722017949
TOKYOTECH_s01,30,146,34.86666666666667,0.5040270090103149,0.4090911911051597
TOKYOTECH_s01,30,147,34.9,1.7573223114013672,0.16589546558888055
TOKYOTECH_s01,30,148,34.93333333333333,1.8278074264526367,-0.0426125447663594
TOKYOTECH_s01,30,149,34.96666666666667,1.3625272512435913,-0.23207952815813848
TOKYOTECH_s01,30,150,35.0,1.0388472080230713,-0.42665156973752766
TOKYOTECH_s01,30,151,35.03333333333333,0.6973293423652649,-0.6450379609298871
TOKYOTECH_s01,30,152,35.06666666666667,0.2557148039340973,-0.8875138081410991
TOKYOTECH_s01,30,153,35.1,-0.005670576822012663,-1.129038640163424
TOKYOTECH_s01,30,154,35.13333333333333,0.2552422881126404,-1.3216167001520338
TOKYOTECH_s01,30,155,35.166666666666664,0.27178069949150085,-1.4057845258407131
TOKYOTECH_s01,30,156,35.2,0.17873252928256989,-1.328481956324938
TOKYOTECH_s01,30,157,35.233333333333334,-0.09127645939588547,-1.0624946551212986
TOKYOTECH_s01,30,158,35.266666666666666,-0.32352277636528015,-0.6209716005151219
TOKYOTECH_s01,30,159,35.3,-0.4445286989212036,-0.06062826074467112
TOKYOTECH_s01,30,160,35.333333333333336,-0.707725465297699,0.5295071739066253
TOKYOTECH_s01,30,161,35.36666666666667,-0.7956939339637756,1.0511067708698558
TOKYOTECH_s01,30,162,35.4,-0.8214859962463379,1.4228159748364648
TOKYOTECH_s01,30,163,35.43333333333333,-0.8241636157035828,1.5996137521850828
TOKYOTECH_s01,30,164,35.46666666666667,-0.7774229645729065,1.579263378058945
TOKYOTECH_s01,30,165,35.5,-0.8612962365150452,1.3962096035233904
TOKYOTECH_s01,30,166,35.53333333333333,-0.9387904405593872,1.1072631339088006
TOKYOTECH_s01,30,167,35.56666666666667,-0.655747652053833,0.774359107597737
TOKYOTECH_s01,30,168,35.6,0.3934954106807709,0.4490246191940983
TOKYOTECH_s01,30,169,35.63333333333333,1.6475389003753662,0.16195444438737927
TOKYOTECH_s01,30,170,35.666666666666664,1.8872274160385132,-0.08035140164196945
TOKYOTECH_s01,30,171,35.7,1.399856686592102,-0.29164061180721057
TOKYOTECH_s01,30,172,35.733333333333334,1.0887774229049683,-0.49628919292788
TOKYOTECH_s01,30,173,35.766666666666666,0.8054195642471313,-0.7169707944898385
TOKYOTECH_s01,30,174,35.8,0.3979843854904175,-0.9628150390778518
TOKYOTECH_s01,30,175,35.833333333333336,0.2217717319726944,-1.2209269313082471
TOKYOTECH_s01,30,176,35.86666666666667,0.1923176348209381,-1.4538283323125576
TOKYOTECH_s01,30,177,35.9,0.30666881799697876,-1.6048060172524194
TOKYOTECH_s01,30,178,35.93333333333333,0.3065113127231598,-1.6116417717526832
TOKYOTECH_s01,30,179,35.96666666666667,-0.012010294944047928,-1.426432714293563
TOKYOTECH_s01,30,180,36.0,-0.2139362245798111,-1.035801764386628
TOKYOTECH_s01,30,181,36.03333333333333,-0.3882193863391876,-0.4735402555733616
TOKYOTECH_s01,30,182,36.06666666666667,-0.6818546652793884,0.18134189909924023
TOKYOTECH_s01,30,183,36.1,-0.9366641044616699,0.8229723200791798
TOKYOTECH_s01,30,184,36.13333333333333,-1.0674749612808228,1.3473234127382365
TOKYOTECH_s01,30,185,36.166666666666664,-1.0420372486114502,1.6798022967893067
TOKYOTECH_s01,30,186,36.2,-1.0968502759933472,1.791336008330109
TOKYOTECH_s01,30,187,36.233333333333334,-0.9665907025337219,1.6988199838415845
TOKYOTECH_s01,30,188,36.266666666666666,-0.9093757271766663,1.4528878844385291
TOKYOTECH_s01,30,189,36.3,-1.0117956399917603,1.1198814182189814
TOKYOTECH_s01,30,190,36.333333333333336,-0.731942355632782,0.7642723007080947
TOKYOTECH_s01,30,191,36.36666666666667,0.2707175016403198,0.4351006448007261
TOKYOTECH_s01,30,192,36.4,1.6280865669250488,0.1581974422526934
TOKYOTECH_s01,30,193,36.43333333333333,2.165308713912964,-0.06492799085994452
TOKYOTECH_s01,30,194,36.46666666666667,1.6733309030532837,-0.2517880490603957
TOKYOTECH_s01,30,195,36.5,1.2479397058486938,-0.4288684929200778
TOKYOTECH_s01,30,196,36.53333333333333,0.9433576464653015,-0.619601778850211
TOKYOTECH_s01,30,197,36.56666666666667,0.4450400471687317,-0.8335387304497521
TOKYOTECH_s01,30,198,36.6,0.17306222021579742,-1.0595073203086207
TOKYOTECH_s01,30,199,36.63333333333333,0.07958091050386429,-1.2646039726262222
TOKYOTECH_s01,30,200,36.666666666666664,0.08139225840568542,-1.3997019355265388
TOKYOTECH_s01,30,201,36.7,0.09828504920005798,-1.4110040188725816
TOKYOTECH_s01,30,202,36.733333333333334,-0.10958682745695114,-1.255927062374486
TOKYOTECH_s01,30,203,36.766666666666666,-0.28394874930381775,-0.9198640431228045
TOKYOTECH_s01,30,204,36.8,-0.5704567432403564,-0.42835890877631105
TOKYOTECH_s01,30,205,36.833333333333336,-0.797899067401886,0.15148815590146347
TOKYOTECH_s01,30,206,36.86666666666667,-0.8836624622344971,0.7242012199593233
TOKYOTECH_s01,30,207,36.9,-0.9285129904747009,1.191428717352502
TOKYOTECH_s01,30,208,36.93333333333333,-0.9394992589950562,1.4800820595452957
TOKYOTECH_s01,30,209,36.96666666666667,-0.9723397493362427,1.5607430101310769
TOKYOTECH_s01,30,210,37.0,-1.0054165124893188,1.4494512775326522
TOKYOTECH_s01,30,211,37.03333333333333,-1.1491036415100098,1.195023490185895
TOKYOTECH_s01,30,212,37.06666666666667,-1.158121109008789,0.8598674232396175
TOKYOTECH_s01,30,213,37.1,-1.1581604480743408,0.502513614414221
TOKYOTECH_s01,30,214,37.13333333333333,-0.5914053916931152,0.166410041892455
TOKYOTECH_s01,30,215,37.166666666666664,0.7468657493591309,-0.12451334797507355
TOKYOTECH_s01,30,216,37.2,1.9043959379196167,-0.3647828355064929
TOKYOTECH_s01,30,217,37.233333333333334,1.8147342205047607,-0.5622806302823947
TOKYOTECH_s01,30,218,37.266666666666666,1.3468945026397705,-0.7308101213281256
TOKYOTECH_s01,30,219,37.3,1.0577481985092163,-0.8823157321801253
TOKYOTECH_s01,30,220,37.333333333333336,0.5688811540603638,-1.0204936054156466
TOKYOTECH_s01,30,221,37.36666666666667,0.07816333323717117,-1.1370157731792894
TOKYOTECH_s01,30,222,37.4,0.013939234428107738,-1.2112548354430475
TOKYOTECH_s01,30,223,37.43333333333333,0.1332913190126419,-1.2140961924737992
TOKYOTECH_s01,30,224,37.46666666666667,0.19188448786735535,-1.1157854177808453
TOKYOTECH_s01,30,225,37.5,-0.06627198308706284,-0.8966440287114712
TOKYOTECH_s01,30,226,37.53333333333333,-0.2572510540485382,-0.5580254712100374
TOKYOTECH_s01,30,227,37.56666666666667,-0.5362774133682251,-0.1293969323284173
TOKYOTECH_s01,30,228,37.6,-0.697211742401123,0.3330455786455455
TOKYOTECH_s01,30,229,37.63333333333333,-0.8176664113998413,0.7584203572417221
TOKYOTECH_s01,30,230,37.666666666666664,-0.9207557439804077,1.0806779241809854
TOKYOTECH_s01,30,231,37.7,-1.0114412307739258,1.257734599620205
TOKYOTECH_s01,30,232,37.733333333333334,-1.1111441850662231,1.2821486054130535
TOKYOTECH_s01,30,233,37.766666666666666,-1.0674355030059814,1.1795511690021596
TOKYOTECH_s01,30,234,37.8,-1.0719245672225952,0.9969891782678556
TOKYOTECH_s01,30,235,37.833333333333336,-0.9719460010528564,0.7870876854013928
TOKYOTECH_s01,30,236,37.86666666666667,-0.915124773979187,0.5935609683128222
TOKYOTECH_s01,30,237,37.9,-0.4592951238155365,0.44120613307459416
TOKYOTECH_s01,30,238,37.93333333333333,0.7567494511604309,0.33190320492238296
TOKYOTECH_s01,30,239,37.96666666666667,1.6762053966522217,0.2473048766551762
TOKYOTECH_s01,31,0,31.0,-0.9876968264579773,-0.026812417301813937
TOKYOTECH_s01,31,1,31.033333333333335,-1.076570987701416,0.20303310069453526
TOKYOTECH_s01,31,2,31.066666666666666,-0.9756080508232117,0.4057880343100199
TOKYOTECH_s01,31,3,31.1,-1.0517240762710571,0.5614165047157971
TOKYOTECH_s01,31,4,31.133333333333333,-0.9292611479759216,0.6597936160830747
TOKYOTECH_s01,31,5,31.166666666666668,-0.9904532432556152,0.7000312747309602
TOKYOTECH_s01,31,6,31.2,-0.5139899849891663,0.6861685408735655
TOKYOTECH_s01,31,7,31.233333333333334,0.6473597288131714,0.6222333833871423
TOKYOTECH_s01,31,8,31.266666666666666,1.8130409717559814,0.5096153074654334
TOKYOTECH_s01,31,9,31.3,1.8592697381973267,0.34773340660554725
TOKYOTECH_s01,31,10,31.333333333333332,1.4780991077423096,0.13705306707950318
TOKYOTECH_s01,31,11,31.366666666666667,0.9883263111114502,-0.11714401266734914
TOKYOTECH_s01,31,12,31.4,0.5486019253730774,-0.4012429279891677
TOKYOTECH_s01,31,13,31.433333333333334,0.10600296407938004,-0.6906591830407554
TOKYOTECH_s01,31,14,31.466666666666665,-0.09324531257152557,-0.9494446975771321
TOKYOTECH_s01,31,15,31.5,-0.04323635995388031,-1.1340322662701747
TOKYOTECH_s01,31,16,31.533333333333335,0.046819139271974564,-1.2018640217861563
TOKYOTECH_s01,31,17,31.566666666666666,0.04154260456562042,-1.1233232693176365
TOKYOTECH_s01,31,18,31.6,-0.1177772656083107,-0.893272882774148
TOKYOTECH_s01,31,19,31.633333333333333,-0.3013928234577179,-0.5374010662536477
TOKYOTECH_s01,31,20,31.666666666666668,-0.5072958469390869,-0.10920380992839675
TOKYOTECH_s01,31,21,31.7,-0.7139863967895508,0.32315872118536315
TOKYOTECH_s01,31,22,31.733333333333334,-0.9767500162124634,0.6954741267912662
TOKYOTECH_s01,31,23,31.766666666666666,-1.0529053211212158,0.9635389860077083
TOKYOTECH_s01,31,24,31.8,-1.0635372400283813,1.1104428388691066
TOKYOTECH_s01,31,25,31.833333333333332,-0.9906501173973083,1.143912805463066
TOKYOTECH_s01,31,26,31.866666666666667,-1.0020301342010498,1.087023086436919
TOKYOTECH_s01,31,27,31.9,-0.866730272769928,0.9672592061491502
TOKYOTECH_s01,31,28,31.933333333333334,-0.2724112570285797,0.8078005270399858
TOKYOTECH_s01,31,29,31.966666666666665,1.023056983947754,0.6226913627184375
TOKYOTECH_s01,31,30,32.0,1.911838173866272,0.4160864744634332
TOKYOTECH_s01,31,31,32.03333333333333,1.8033148050308228,0.1851536893150764
TOKYOTECH_s01,31,32,32.06666666666667,1.2781814336776733,-0.07420911696127687
TOKYOTECH_s01,31,33,32.1,0.8214854001998901,-0.36041213705866565
TOKYOTECH_s01,31,34,32.13333333333333,0.3722711205482483,-0.6603752804721033
TOKYOTECH_s01,31,35,32.166666666666664,0.02587050572037697,-0.9472807901466606
TOKYOTECH_s01,31,36,32.2,0.0103952931240201,-1.182907042304171
TOKYOTECH_s01,31,37,32.233333333333334,0.05465518683195114,-1.3240166548434014
TOKYOTECH_s01,31,38,32.266666666666666,0.20676904916763306,-1.331632907989087
TOKYOTECH_s01,31,39,32.3,0.08871640264987946,-1.1818204545782205
TOKYOTECH_s01,31,40,32.333333333333336,-0.0861574336886406,-0.8758149983945991
TOKYOTECH_s01,31,41,32.36666666666667,-0.41511398553848267,-0.44591026407753354
TOKYOTECH_s01,31,42,32.4,-0.6115664839744568,0.04727563477033492
TOKYOTECH_s01,31,43,32.43333333333333,-0.786873459815979,0.528061718586381
TOKYOTECH_s01,31,44,32.46666666666667,-0.845899760723114,0.9254522792299309
TOKYOTECH_s01,31,45,32.5,-0.8642495274543762,1.1908359828382555
TOKYOTECH_s01,31,46,32.53333333333333,-0.917881190776825,1.3064543354838505
TOKYOTECH_s01,31,47,32.56666666666667,-0.9259928464889526,1.2829399983509633
TOKYOTECH_s01,31,48,32.6,-1.033177375793457,1.1493914396520575
TOKYOTECH_s01,31,49,32.63333333333333,-0.7307610511779785,0.9415066447526803
TOKYOTECH_s01,31,50,32.666666666666664,0.33360278606414795,0.6919752295850353
TOKYOTECH_s01,31,51,32.7,1.563941240310669,0.4247501034292802
TOKYOTECH_s01,31,52,32.733333333333334,1.99252188205719,0.15321930362265657
TOKYOTECH_s01,31,53,32.766666666666666,1.6641954183578491,-0.11817804140068916
TOKYOTECH_s01,31,54,32.8,1.1477643251419067,-0.3895816607386463
TOKYOTECH_s01,31,55,32.833333333333336,0.8311328291893005,-0.6596864617854561
TOKYOTECH_s01,31,56,32.86666666666667,0.568448007106781,-0.9197066003933966
TOKYOTECH_s01,31,57,32.9,0.24004271626472473,-1.1493575590626712
TOKYOTECH_s01,31,58,32.93333333333333,0.19542843103408813,-1.3167837811342296
TOKYOTECH_s01,31,59,32.96666666666667,0.1343938708305359,-1.383602193897991
TOKYOTECH_s01,31,60,33.0,0.14518320560455322,-1.3148159356704192
TOKYOTECH_s01,31,61,33.03333333333333,0.05197754129767418,-1.091406256656217
TOKYOTECH_s01,31,62,33.06666666666667,-0.18215887248516083,-0.7214687322681571
TOKYOTECH_s01,31,63,33.1,-0.3118671476840973,-0.24487409131052884
TOKYOTECH_s01,31,64,33.13333333333333,-0.6843748092651367,0.2722782074444513
TOKYOTECH_s01,31,65,33.166666666666664,-0.8731094002723694,0.7531151308996106
TOKYOTECH_s01,31,66,33.2,-0.8533814549446106,1.1297000198801534
TOKYOTECH_s01,31,67,33.233333333333334,-0.8757476806640625,1.3587507077203067
TOKYOTECH_s01,31,68,33.266666666666666,-0.9784038066864014,1.4278450979703905
TOKYOTECH_s01,31,69,33.3,-1.1423308849334717,1.3519590485971125
TOKYOTECH_s01,31,70,33.333333333333336,-1.0753109455108643,1.1640110141472402
TOKYOTECH_s01,31,71,33.36666666666667,-0.8229823112487793,0.9039411826951097
TOKYOTECH_s01,31,72,33.4,0.2376800924539566,0.6095196410571253
TOKYOTECH_s01,31,73,33.43333333333333,1.5078681707382202,0.3102138977737815
TOKYOTECH_s01,31,74,33.46666666666667,2.1413280963897705,0.024346125302493894
TOKYOTECH_s01,31,75,33.5,1.7121961116790771,-0.24059415686552305
TOKYOTECH_s01,31,76,33.53333333333333,1.3451619148254395,-0.4848553780910171
TOKYOTECH_s01,31,77,33.56666666666667,0.8694074153900146,-0.711246763384003
TOKYOTECH_s01,31,78,33.6,0.49485212564468384,-0.9189759759632697
TOKYOTECH_s01,31,79,33.63333333333333,0.24252347648143768,-1.0981070960886015
TOKYOTECH_s01,31,80,33.666666666666664,0.17963820695877075,-1.2267314859654501
TOKYOTECH_s01,31,81,33.7,0.26118823885917664,-1.2729663703122702
TOKYOTECH_s01,31,82,33.733333333333334,0.20948606729507446,-1.2029244939536903
TOKYOTECH_s01,31,83,33.766666666666666,0.12175381928682327,-0.99354755737744
TOKYOTECH_s01,31,84,33.8,-0.10147513449192047,-0.6461796963575143
TOKYOTECH_s01,31,85,33.833333333333336,-0.5372224450111389,-0.19455509708506594
TOKYOTECH_s01,31,86,33.86666666666667,-0.6698446273803711,0.2985419337417837
TOKYOTECH_s01,31,87,33.9,-0.7442280650138855,0.7569381050975053
TOKYOTECH_s01,31,88,33.93333333333333,-0.9781675934791565,1.112766413835366
TOKYOTECH_s01,31,89,33.96666666666667,-0.9775375127792358,1.3240084456354535
TOKYOTECH_s01,31,90,34.0,-0.841804563999176,1.3810523552734535
TOKYOTECH_s01,31,91,34.03333333333333,-0.8926010727882385,1.3022643120929203
TOKYOTECH_s01,31,92,34.06666666666667,-0.8937429785728455,1.1230687308681129
TOKYOTECH_s01,31,93,34.1,-0.5640776753425598,0.8836867909369616
TOKYOTECH_s01,31,94,34.13333333333333,0.383887380361557,0.6190062485721544
TOKYOTECH_s01,31,95,34.166666666666664,1.5414962768554688,0.35212926470087136
TOKYOTECH_s01,31,96,34.2,2.05619478225708,0.09222471749604153
TOKYOTECH_s01,31,97,34.233333333333334,1.6306066513061523,-0.16308448098709385
TOKYOTECH_s01,31,98,34.266666666666666,1.1288633346557617,-0.4213939627885755
TOKYOTECH_s01,31,99,34.3,0.8474743366241455,-0.6870598651681555
TOKYOTECH_s01,31,100,34.333333333333336,0.4826452136039734,-0.9533611019519307
TOKYOTECH_s01,31,101,34.36666666666667,0.21039174497127533,-1.1980813607968712
TOKYOTECH_s01,31,102,34.4,0.08363675326108932,-1.3843331867952455
TOKYOTECH_s01,31,103,34.43333333333333,0.3167099952697754,-1.4670905425570864
TOKYOTECH_s01,31,104,34.46666666666667,0.30525124073028564,-1.4046961162183547
TOKYOTECH_s01,31,105,34.5,0.16113094985485077,-1.1732039589753092
TOKYOTECH_s01,31,106,34.53333333333333,-0.19125498831272125,-0.7795272573913641
TOKYOTECH_s01,31,107,34.56666666666667,-0.49910539388656616,-0.26773842449554736
TOKYOTECH_s01,31,108,34.6,-0.685162365436554,0.2867519893183285
TOKYOTECH_s01,31,109,34.63333333333333,-0.7910868525505066,0.7959357316117581
TOKYOTECH_s01,31,110,34.666666666666664,-0.8494831323623657,1.184063061293266
TOKYOTECH_s01,31,111,34.7,-1.0252625942230225,1.4073618064197482
TOKYOTECH_s01,31,112,34.733333333333334,-0.9163848757743835,1.4606956920334946
TOKYOTECH_s01,31,113,34.766666666666666,-0.7972690463066101,1.3708761924353656
TOKYOTECH_s01,31,114,34.8,-0.9435157179832458,1.1821199766534445
TOKYOTECH_s01,31,115,34.833333333333336,-0.7165852785110474,0.9405412033909237
TOKYOTECH_s01,31,116,34.86666666666667,0.5040270090103149,0.6824317880916281
TOKYOTECH_s01,31,117,34.9,1.7573223114013672,0.42803921363942254
TOKYOTECH_s01,31,118,34.93333333333333,1.8278074264526367,0.1808207199525421
TOKYOTECH_s01,31,119,34.96666666666667,1.3625272512435913,-0.06830240962453006
TOKYOTECH_s01,31,120,35.0,1.0388472080230713,-0.33254488370983015
TOKYOTECH_s01,31,121,35.03333333333333,0.6973293423652649,-0.6186455407274416
TOKYOTECH_s01,31,122,35.06666666666667,0.2557148039340973,-0.9174821043061377
TOKYOTECH_s01,31,123,35.1,-0.005670576822012663,-1.1998085366521003
TOKYOTECH_s01,31,124,35.13333333333333,0.2552422881126404,-1.4194241545238193
TOKYOTECH_s01,31,125,35.166666666666664,0.27178069949150085,-1.523476370080074
TOKYOTECH_s01,31,126,35.2,0.17873252928256989,-1.4674126466720745
TOKYOTECH_s01,31,127,35.233333333333334,-0.09127645939588547,-1.2304824615298924
TOKYOTECH_s01,31,128,35.266666666666666,-0.32352277636528015,-0.8266207703894528
TOKYOTECH_s01,31,129,35.3,-0.4445286989212036,-0.30595426744448817
TOKYOTECH_s01,31,130,35.333333333333336,-0.707725465297699,0.2551080903443014
TOKYOTECH_s01,31,131,35.36666666666667,-0.7956939339637756,0.7726651723977976
TOKYOTECH_s01,31,132,35.4,-0.8214859962463379,1.1760625835918384
TOKYOTECH_s01,31,133,35.43333333333333,-0.8241636157035828,1.4226838891742586
TOKYOTECH_s01,31,134,35.46666666666667,-0.7774229645729065,1.5026220090518023
TOKYOTECH_s01,31,135,35.5,-0.8612962365150452,1.434180026706059
TOKYOTECH_s01,31,136,35.53333333333333,-0.9387904405593872,1.2538651028713161
TOKYOTECH_s01,31,137,35.56666666666667,-0.655747652053833,1.0046735501119828
TOKYOTECH_s01,31,138,35.6,0.3934954106807709,0.7256146780003627
TOKYOTECH_s01,31,139,35.63333333333333,1.6475389003753662,0.4444316544039728
TOKYOTECH_s01,31,140,35.666666666666664,1.8872274160385132,0.17453827770071742
TOKYOTECH_s01,31,141,35.7,1.399856686592102,-0.08369626552836157
TOKYOTECH_s01,31,142,35.733333333333334,1.0887774229049683,-0.3380283994973602
TOKYOTECH_s01,31,143,35.766666666666666,0.8054195642471313,-0.5971501116590029
TOKYOTECH_s01,31,144,35.8,0.3979843854904175,-0.8629330807473079
TOKYOTECH_s01,31,145,35.833333333333336,0.2217717319726944,-1.123991090127106
TOKYOTECH_s01,31,146,35.86666666666667,0.1923176348209381,-1.3525687863475413
TOKYOTECH_s01,31,147,35.9,0.30666881799697876,-1.506659571643115
TOKYOTECH_s01,31,148,35.93333333333333,0.3065113127231598,-1.5384933945525046
TOKYOTECH_s01,31,149,35.96666666666667,-0.012010294944047928,-1.4086326305126213
TOKYOTECH_s01,31,150,36.0,-0.2139362245798111,-1.1020297822765481
TOKYOTECH_s01,31,151,36.03333333333333,-0.3882193863391876,-0.6398150852083119
TOKYOTECH_s01,31,152,36.06666666666667,-0.6818546652793884,-0.08026929351893844
TOKYOTECH_s01,31,153,36.1,-0.9366641044616699,0.49378190369773534
TOKYOTECH_s01,31,154,36.13333333333333,-1.0674749612808228,0.9968982278814268
TOKYOTECH_s01,31,155,36.166666666666664,-1.0420372486114502,1.3628686169076827
TOKYOTECH_s01,31,156,36.2,-1.0968502759933472,1.5579660700895626
TOKYOTECH_s01,31,157,36.233333333333334,-0.9665907025337219,1.5825373235879354
TOKYOTECH_s01,31,158,36.266666666666666,-0.9093757271766663,1.4634556577665938
TOKYOTECH_s01,31,159,36.3,-1.0117956399917603,1.242557280123247
TOKYOTECH_s01,31,160,36.333333333333336,-0.731942355632782,0.9651633001485689
TOKYOTECH_s01,31,161,36.36666666666667,0.2707175016403198,0.6705446631295755
TOKYOTECH_s01,31,162,36.4,1.6280865669250488,0.385204607010048
TOKYOTECH_s01,31,163,36.43333333333333,2.165308713912964,0.11993680538476792
TOKYOTECH_s01,31,164,36.46666666666667,1.6733309030532837,-0.12859585562611242
TOKYOTECH_s01,31,165,36.5,1.2479397058486938,-0.3720265586618418
TOKYOTECH_s01,31,166,36.53333333333333,0.9433576464653015,-0.6218691573980241
TOKYOTECH_s01,31,167,36.56666666666667,0.4450400471687317,-0.8810749399903601
TOKYOTECH_s01,31,168,36.6,0.17306222021579742,-1.1378999077676366
TOKYOTECH_s01,31,169,36.63333333333333,0.07958091050386429,-1.3637082858976044
TOKYOTECH_s01,31,170,36.666666666666664,0.08139225840568542,-1.5158216271398697
TOKYOTECH_s01,31,171,36.7,0.09828504920005798,-1.5459554796937933
TOKYOTECH_s01,31,172,36.733333333333334,-0.10958682745695114,-1.4135586276450518
TOKYOTECH_s01,31,173,36.766666666666666,-0.28394874930381775,-1.1012956923666442
TOKYOTECH_s01,31,174,36.8,-0.5704567432403564,-0.627607100619436
TOKYOTECH_s01,31,175,36.833333333333336,-0.797899067401886,-0.05019625461099378
TOKYOTECH_s01,31,176,36.86666666666667,-0.8836624622344971,0.5439308079832493
TOKYOTECH_s01,31,177,36.9,-0.9285129904747009,1.0607003795881316
TOKYOTECH_s01,31,178,36.93333333333333,-0.9394992589950562,1.4249939317997675
TOKYOTECH_s01,31,179,36.96666666666667,-0.9723397493362427,1.5988708346565879
TOKYOTECH_s01,31,180,37.0,-1.0054165124893188,1.5851563632791623
TOKYOTECH_s01,31,181,37.03333333333333,-1.1491036415100098,1.41792700621882
TOKYOTECH_s01,31,182,37.06666666666667,-1.158121109008789,1.1468975245557684
TOKYOTECH_s01,31,183,37.1,-1.1581604480743408,0.8229321448516536
TOKYOTECH_s01,31,184,37.13333333333333,-0.5914053916931152,0.4883732603353327
TOKYOTECH_s01,31,185,37.166666666666664,0.7468657493591309,0.17222405584683068
TOKYOTECH_s01,31,186,37.2,1.9043959379196167,-0.1109322848152703
TOKYOTECH_s01,31,187,37.233333333333334,1.8147342205047607,-0.35894432684869415
TOKYOTECH_s01,31,188,37.266666666666666,1.3468945026397705,-0.5776074074988924
TOKYOTECH_s01,31,189,37.3,1.0577481985092163,-0.7746650532046054
TOKYOTECH_s01,31,190,37.333333333333336,0.5688811540603638,-0.9535625403811674
TOKYOTECH_s01,31,191,37.36666666666667,0.07816333323717117,-1.1083409374377302
TOKYOTECH_s01,31,192,37.4,0.013939234428107738,-1.221159850754917
TOKYOTECH_s01,31,193,37.43333333333333,0.1332913190126419,-1.263821511654334
TOKYOTECH_s01,31,194,37.46666666666667,0.19188448786735535,-1.204022072827951
TOKYOTECH_s01,31,195,37.5,-0.06627198308706284,-1.0157415289639964
TOKYOTECH_s01,31,196,37.53333333333333,-0.2572510540485382,-0.691365997689914
TOKYOTECH_s01,31,197,37.56666666666667,-0.5362774133682251,-0.251313986895756
TOKYOTECH_s01,31,198,37.6,-0.697211742401123,0.25382324537259787
TOKYOTECH_s01,31,199,37.63333333333333,-0.8176664113998413,0.7517675046858674
TOKYOTECH_s01,31,200,37.666666666666664,-0.9207557439804077,1.1661532834510067
TOKYOTECH_s01,31,201,37.7,-1.0114412307739258,1.4368563624768533
TOKYOTECH_s01,31,202,37.733333333333334,-1.1111441850662231,1.534823912701797
TOKYOTECH_s01,31,203,37.766666666666666,-1.0674355030059814,1.465833810370453
TOKYOTECH_s01,31,204,37.8,-1.0719245672225952,1.2634069760502065
TOKYOTECH_s01,31,205,37.833333333333336,-0.9719460010528564,0.9758022709356604
TOKYOTECH_s01,31,206,37.86666666666667,-0.915124773979187,0.6525503356546449
TOKYOTECH_s01,31,207,37.9,-0.4592951238155365,0.3339084555106617
TOKYOTECH_s01,31,208,37.93333333333333,0.7567494511604309,0.04482135958328012
TOKYOTECH_s01,31,209,37.96666666666667,1.6762053966522217,-0.20612907854350565
TOKYOTECH_s01,31,210,38.0,1.7074708938598633,-0.42334987627500403
TOKYOTECH_s01,31,211,38.03333333333333,1.2634937763214111,-0.617796001973929
TOKYOTECH_s01,31,212,38.06666666666667,0.8901197910308838,-0.7991001202903402
TOKYOTECH_s01,31,213,38.1,0.5176514983177185,-0.9682076410941042
TOKYOTECH_s01,31,214,38.13333333333333,0.17979571223258972,-1.112974157971163
TOKYOTECH_s01,31,215,38.166666666666664,-0.006024970673024654,-1.208889458870504
TOKYOTECH_s01,31,216,38.2,0.017128782346844673,-1.2252657838836551
TOKYOTECH_s01,31,217,38.233333333333334,0.02138151228427887,-1.134970052347307
TOKYOTECH_s01,31,218,38.266666666666666,-0.11663533002138138,-0.9245712092724225
TOKYOTECH_s01,31,219,38.3,-0.2691035866737366,-0.6018772241247047
TOKYOTECH_s01,31,220,38.333333333333336,-0.5151712894439697,-0.1986819192095324
TOKYOTECH_s01,31,221,38.36666666666667,-0.6550388336181641,0.2325959914928003
TOKYOTECH_s01,31,222,38.4,-0.7945520281791687,0.6288320041499444
TOKYOTECH_s01,31,223,38.43333333333333,-1.0460931062698364,0.9310695289192146
TOKYOTECH_s01,31,224,38.46666666666667,-1.1551283597946167,1.099497166337807
TOKYOTECH_s01,31,225,38.5,-1.1938360929489136,1.1222731062016733
TOKYOTECH_s01,31,226,38.53333333333333,-1.1743444204330444,1.0147099870872518
TOKYOTECH_s01,31,227,38.56666666666667,-1.0977952480316162,0.8103220438306935
TOKYOTECH_s01,31,228,38.6,-1.0265620946884155,0.5488534111829844
TOKYOTECH_s01,31,229,38.63333333333333,-0.8759051561355591,0.2667043157257371
TOKYOTECH_s01,31,230,38.666666666666664,-0.30863821506500244,-0.007531047630523088
TOKYOTECH_s01,31,231,38.7,1.0666080713272095,-0.2530324219690634
TOKYOTECH_s01,31,232,38.733333333333334,1.8683264255523682,-0.45453405571150657
TOKYOTECH_s01,31,233,38.766666666666666,1.7977232933044434,-0.6001277545461086
TOKYOTECH_s01,31,234,38.8,1.4139143228530884,-0.6803893688569044
TOKYOTECH_s01,31,235,38.833333333333336,0.9549738764762878,-0.6890964155194756
TOKYOTECH_s01,31,236,38.86666666666667,0.4008983075618744,-0.6249906846512926
TOKYOTECH_s01,31,237,38.9,0.03685672581195831,-0.4935893564392638
TOKYOTECH_s01,31,238,38.93333333333333,-0.1182497963309288,-0.30801063771848614
TOKYOTECH_s01,31,239,38.96666666666667,0.043826475739479065,-0.08822474263351436
TOKYOTECH_s01,32,0,32.0,1.911838173866272,0.0005381220637329992
TOKYOTECH_s01,32,1,32.03333333333333,1.8033148050308228,-0.20126871644105532
TOKYOTECH_s01,32,2,32.06666666666667,1.2781814336776733,-0.4055993023118201
TOKYOTECH_s01,32,3,32.1,0.8214854001998901,-0.6099243421197532
TOKYOTECH_s01,32,4,32.13333333333333,0.3722711205482483,-0.8034577510306739
TOKYOTECH_s01,32,5,32.166666666666664,0.02587050572037697,-0.9667467319469114
TOKYOTECH_s01,32,6,32.2,0.0103952931240201,-1.0738034100617422
TOKYOTECH_s01,32,7,32.233333333333334,0.05465518683195114,-1.0966439495908429
TOKYOTECH_s01,32,8,32.266666666666666,0.20676904916763306,-1.0122528571406464
TOKYOTECH_s01,32,9,32.3,0.08871640264987946,-0.8114073788378933
TOKYOTECH_s01,32,10,32.333333333333336,-0.0861574336886406,-0.5072053989186133
TOKYOTECH_s01,32,11,32.36666666666667,-0.41511398553848267,-0.13914734222560732
TOKYOTECH_s01,32,12,32.4,-0.6115664839744568,0.23200258699001386
TOKYOTECH_s01,32,13,32.43333333333333,-0.786873459815979,0.5399822216572822
TOKYOTECH_s01,32,14,32.46666666666667,-0.845899760723114,0.7338504945803342
TOKYOTECH_s01,32,15,32.5,-0.8642495274543762,0.7937844521925916
TOKYOTECH_s01,32,16,32.53333333333333,-0.917881190776825,0.7345749234315155
TOKYOTECH_s01,32,17,32.56666666666667,-0.9259928464889526,0.596591992204175
TOKYOTECH_s01,32,18,32.6,-1.033177375793457,0.4295375890310386
TOKYOTECH_s01,32,19,32.63333333333333,-0.7307610511779785,0.2759826358757974
TOKYOTECH_s01,32,20,32.666666666666664,0.33360278606414795,0.16007269920337788
TOKYOTECH_s01,32,21,32.7,1.563941240310669,0.08379058119558921
TOKYOTECH_s01,32,22,32.733333333333334,1.99252188205719,0.03056414465806892
TOKYOTECH_s01,32,23,32.766666666666666,1.6641954183578491,-0.025786475478268397
TOKYOTECH_s01,32,24,32.8,1.1477643251419067,-0.10990044169152376
TOKYOTECH_s01,32,25,32.833333333333336,0.8311328291893005,-0.23481098540156076
TOKYOTECH_s01,32,26,32.86666666666667,0.568448007106781,-0.3953354671750572
TOKYOTECH_s01,32,27,32.9,0.24004271626472473,-0.5662048123939453
TOKYOTECH_s01,32,28,32.93333333333333,0.19542843103408813,-0.7056677712092531
TOKYOTECH_s01,32,29,32.96666666666667,0.1343938708305359,-0.7648395773193332
TOKYOTECH_s01,32,30,33.0,0.14518320560455322,-0.701853209779113
TOKYOTECH_s01,32,31,33.03333333333333,0.05197754129767418,-0.4977064329021244
TOKYOTECH_s01,32,32,33.06666666666667,-0.18215887248516083,-0.16836810716770023
TOKYOTECH_s01,32,33,33.1,-0.3118671476840973,0.23306070439554638
TOKYOTECH_s01,32,34,33.13333333333333,-0.6843748092651367,0.6279163510764859
TOKYOTECH_s01,32,35,33.166666666666664,-0.8731094002723694,0.9351012290991928
TOKYOTECH_s01,32,36,33.2,-0.8533814549446106,1.0965690324621247
TOKYOTECH_s01,32,37,33.233333333333334,-0.8757476806640625,1.0935711295572137
TOKYOTECH_s01,32,38,33.266666666666666,-0.9784038066864014,0.9473846338507458
TOKYOTECH_s01,32,39,33.3,-1.1423308849334717,0.70669046848916
TOKYOTECH_s01,32,40,33.333333333333336,-1.0753109455108643,0.4289866519718766
TOKYOTECH_s01,32,41,33.36666666666667,-0.8229823112487793,0.16371737606319986
TOKYOTECH_s01,32,42,33.4,0.2376800924539566,-0.058146199875023896
TOKYOTECH_s01,32,43,33.43333333333333,1.5078681707382202,-0.22701395590323661
TOKYOTECH_s01,32,44,33.46666666666667,2.1413280963897705,-0.35147081359176097
TOKYOTECH_s01,32,45,33.5,1.7121961116790771,-0.4511842610934162
TOKYOTECH_s01,32,46,33.53333333333333,1.3451619148254395,-0.5480037631304007
TOKYOTECH_s01,32,47,33.56666666666667,0.8694074153900146,-0.6570244314464279
TOKYOTECH_s01,32,48,33.6,0.49485212564468384,-0.7793703418430904
TOKYOTECH_s01,32,49,33.63333333333333,0.24252347648143768,-0.8984674667318586
TOKYOTECH_s01,32,50,33.666666666666664,0.17963820695877075,-0.9812135843109674
TOKYOTECH_s01,32,51,33.7,0.26118823885917664,-0.9847912659136632
TOKYOTECH_s01,32,52,33.733333333333334,0.20948606729507446,-0.868902587195846
TOKYOTECH_s01,32,53,33.766666666666666,0.12175381928682327,-0.6113466136079873
TOKYOTECH_s01,32,54,33.8,-0.10147513449192047,-0.22216628808685063
TOKYOTECH_s01,32,55,33.833333333333336,-0.5372224450111389,0.2502847073600522
TOKYOTECH_s01,32,56,33.86666666666667,-0.6698446273803711,0.7268685820560037
TOKYOTECH_s01,32,57,33.9,-0.7442280650138855,1.1188741918302827
TOKYOTECH_s01,32,58,33.93333333333333,-0.9781675934791565,1.3551509015874181
TOKYOTECH_s01,32,59,33.96666666666667,-0.9775375127792358,1.4031344778029327
TOKYOTECH_s01,32,60,34.0,-0.841804563999176,1.27515471651355
TOKYOTECH_s01,32,61,34.03333333333333,-0.8926010727882385,1.0192810847265596
TOKYOTECH_s01,32,62,34.06666666666667,-0.8937429785728455,0.7004635574172394
TOKYOTECH_s01,32,63,34.1,-0.5640776753425598,0.38013166853649394
TOKYOTECH_s01,32,64,34.13333333333333,0.383887380361557,0.10093664376515832
TOKYOTECH_s01,32,65,34.166666666666664,1.5414962768554688,-0.12014097467263454
TOKYOTECH_s01,32,66,34.2,2.05619478225708,-0.29035696958945995
TOKYOTECH_s01,32,67,34.233333333333334,1.6306066513061523,-0.43338581341715415
TOKYOTECH_s01,32,68,34.266666666666666,1.1288633346557617,-0.5776570089240187
TOKYOTECH_s01,32,69,34.3,0.8474743366241455,-0.7435836740198535
TOKYOTECH_s01,32,70,34.333333333333336,0.4826452136039734,-0.932863280513574
TOKYOTECH_s01,32,71,34.36666666666667,0.21039174497127533,-1.1231080615211042
TOKYOTECH_s01,32,72,34.4,0.08363675326108932,-1.2700130979042146
TOKYOTECH_s01,32,73,34.43333333333333,0.3167099952697754,-1.3173898121915075
TOKYOTECH_s01,32,74,34.46666666666667,0.30525124073028564,-1.2133445448052
TOKYOTECH_s01,32,75,34.5,0.16113094985485077,-0.9289046330273667
TOKYOTECH_s01,32,76,34.53333333333333,-0.19125498831272125,-0.47367904739905226
TOKYOTECH_s01,32,77,34.56666666666667,-0.49910539388656616,0.09778449930339293
TOKYOTECH_s01,32,78,34.6,-0.685162365436554,0.6941711982956994
TOKYOTECH_s01,32,79,34.63333333333333,-0.7910868525505066,1.2103149676945322
TOKYOTECH_s01,32,80,34.666666666666664,-0.8494831323623657,1.55713233445255
TOKYOTECH_s01,32,81,34.7,-1.0252625942230225,1.6861274090057
TOKYOTECH_s01,32,82,34.733333333333334,-0.9163848757743835,1.5991318165400823
TOKYOTECH_s01,32,83,34.766666666666666,-0.7972690463066101,1.3416732974442145
TOKYOTECH_s01,32,84,34.8,-0.9435157179832458,0.984832136853546
TOKYOTECH_s01,32,85,34.833333333333336,-0.7165852785110474,0.6031382862286768
TOKYOTECH_s01,32,86,34.86666666666667,0.5040270090103149,0.2553635355494433
TOKYOTECH_s01,32,87,34.9,1.7573223114013672,-0.027370102110394222
TOKYOTECH_s01,32,88,34.93333333333333,1.8278074264526367,-0.2442723120280813
TOKYOTECH_s01,32,89,34.96666666666667,1.3625272512435913,-0.4185352028285586
TOKYOTECH_s01,32,90,35.0,1.0388472080230713,-0.5839580775147953
TOKYOTECH_s01,32,91,35.03333333333333,0.6973293423652649,-0.7684071618288023
TOKYOTECH_s01,32,92,35.06666666666667,0.2557148039340973,-0.9794699216125672
TOKYOTECH_s01,32,93,35.1,-0.005670576822012663,-1.197392396556699
TOKYOTECH_s01,32,94,35.13333333333333,0.2552422881126404,-1.3777147922600688
TOKYOTECH_s01,32,95,35.166666666666664,0.27178069949150085,-1.4626974193994824
TOKYOTECH_s01,32,96,35.2,0.17873252928256989,-1.3984790556499025
TOKYOTECH_s01,32,97,35.233333333333334,-0.09127645939588547,-1.15355538770189
TOKYOTECH_s01,32,98,35.266666666666666,-0.32352277636528015,-0.7329751087204399
TOKYOTECH_s01,32,99,35.3,-0.4445286989212036,-0.1827240776108226
TOKYOTECH_s01,32,100,35.333333333333336,-0.707725465297699,0.418607194933355
TOKYOTECH_s01,32,101,35.36666666666667,-0.7956939339637756,0.9789198780955632
TOKYOTECH_s01,32,102,35.4,-0.8214859962463379,1.4155677999310803
TOKYOTECH_s01,32,103,35.43333333333333,-0.8241636157035828,1.673709929044953
TOKYOTECH_s01,32,104,35.46666666666667,-0.7774229645729065,1.7348560903762098
TOKYOTECH_s01,32,105,35.5,-0.8612962365150452,1.6153919890964625
TOKYOTECH_s01,32,106,35.53333333333333,-0.9387904405593872,1.3578052469825386
TOKYOTECH_s01,32,107,35.56666666666667,-0.655747652053833,1.0179659150168936
TOKYOTECH_s01,32,108,35.6,0.3934954106807709,0.6515986603007827
TOKYOTECH_s01,32,109,35.63333333333333,1.6475389003753662,0.302736218503399
TOKYOTECH_s01,32,110,35.666666666666664,1.8872274160385132,-0.0035462038151804444
TOKYOTECH_s01,32,111,35.7,1.399856686592102,-0.26275921486392967
TOKYOTECH_s01,32,112,35.733333333333334,1.0887774229049683,-0.4870801960035109
TOKYOTECH_s01,32,113,35.766666666666666,0.8054195642471313,-0.6972314841138452
TOKYOTECH_s01,32,114,35.8,0.3979843854904175,-0.9120278441208938
TOKYOTECH_s01,32,115,35.833333333333336,0.2217717319726944,-1.1377288968132142
TOKYOTECH_s01,32,116,35.86666666666667,0.1923176348209381,-1.3598783715618743
TOKYOTECH_s01,32,117,35.9,0.30666881799697876,-1.540848926098454
TOKYOTECH_s01,32,118,35.93333333333333,0.3065113127231598,-1.6259124945727361
TOKYOTECH_s01,32,119,35.96666666666667,-0.012010294944047928,-1.5583163202874413
TOKYOTECH_s01,32,120,36.0,-0.2139362245798111,-1.2997359585173303
TOKYOTECH_s01,32,121,36.03333333333333,-0.3882193863391876,-0.8487922410311435
TOKYOTECH_s01,32,122,36.06666666666667,-0.6818546652793884,-0.24959465012681673
TOKYOTECH_s01,32,123,36.1,-0.9366641044616699,0.41453892516305213
TOKYOTECH_s01,32,124,36.13333333333333,-1.0674749612808228,1.0410098136938917
TOKYOTECH_s01,32,125,36.166666666666664,-1.0420372486114502,1.5343819635876599
TOKYOTECH_s01,32,126,36.2,-1.0968502759933472,1.829476477774959
TOKYOTECH_s01,32,127,36.233333333333334,-0.9665907025337219,1.903398190538525
TOKYOTECH_s01,32,128,36.266666666666666,-0.9093757271766663,1.7746476445630994
TOKYOTECH_s01,32,129,36.3,-1.0117956399917603,1.49273577875113
TOKYOTECH_s01,32,130,36.333333333333336,-0.731942355632782,1.123084112951015
TOKYOTECH_s01,32,131,36.36666666666667,0.2707175016403198,0.7309420499208351
TOKYOTECH_s01,32,132,36.4,1.6280865669250488,0.36734305341505424
TOKYOTECH_s01,32,133,36.43333333333333,2.165308713912964,0.05988653483853463
TOKYOTECH_s01,32,134,36.46666666666667,1.6733309030532837,-0.18967012633432928
TOKYOTECH_s01,32,135,36.5,1.2479397058486938,-0.40057330114630063
TOKYOTECH_s01,32,136,36.53333333333333,0.9433576464653015,-0.6023834031612147
TOKYOTECH_s01,32,137,36.56666666666667,0.4450400471687317,-0.8213118065741933
TOKYOTECH_s01,32,138,36.6,0.17306222021579742,-1.0671729815375046
TOKYOTECH_s01,32,139,36.63333333333333,0.07958091050386429,-1.3245654915668983
TOKYOTECH_s01,32,140,36.666666666666664,0.08139225840568542,-1.551370810312649
TOKYOTECH_s01,32,141,36.7,0.09828504920005798,-1.6863689889340214
TOKYOTECH_s01,32,142,36.733333333333334,-0.10958682745695114,-1.6654976369778056
TOKYOTECH_s01,32,143,36.766666666666666,-0.28394874930381775,-1.4432503627521591
TOKYOTECH_s01,32,144,36.8,-0.5704567432403564,-1.0127507426020992
TOKYOTECH_s01,32,145,36.833333333333336,-0.797899067401886,-0.41649400997560104
TOKYOTECH_s01,32,146,36.86666666666667,-0.8836624622344971,0.25875396624453584
TOKYOTECH_s01,32,147,36.9,-0.9285129904747009,0.9035336860896551
TOKYOTECH_s01,32,148,36.93333333333333,-0.9394992589950562,1.415830430526041
TOKYOTECH_s01,32,149,36.96666666666667,-0.9723397493362427,1.7270245126448653
TOKYOTECH_s01,32,150,37.0,-1.0054165124893188,1.814225656787098
TOKYOTECH_s01,32,151,37.03333333333333,-1.1491036415100098,1.6975392703819805
TOKYOTECH_s01,32,152,37.06666666666667,-1.158121109008789,1.427189275239122
TOKYOTECH_s01,32,153,37.1,-1.1581604480743408,1.0673284020331075
TOKYOTECH_s01,32,154,37.13333333333333,-0.5914053916931152,0.681414169500691
TOKYOTECH_s01,32,155,37.166666666666664,0.7468657493591309,0.3210512924471892
TOKYOTECH_s01,32,156,37.2,1.9043959379196167,0.018700782865046468
TOKYOTECH_s01,32,157,37.233333333333334,1.8147342205047607,-0.21544601820670978
TOKYOTECH_s01,32,158,37.266666666666666,1.3468945026397705,-0.39207161565938237
TOKYOTECH_s01,32,159,37.3,1.0577481985092163,-0.5367388887968054
TOKYOTECH_s01,32,160,37.333333333333336,0.5688811540603638,-0.6798743607590888
TOKYOTECH_s01,32,161,37.36666666666667,0.07816333323717117,-0.8443595476871288
TOKYOTECH_s01,32,162,37.4,0.013939234428107738,-1.033654452465936
TOKYOTECH_s01,32,163,37.43333333333333,0.1332913190126419,-1.2243830170229901
TOKYOTECH_s01,32,164,37.46666666666667,0.19188448786735535,-1.3672918461490617
TOKYOTECH_s01,32,165,37.5,-0.06627198308706284,-1.3987953137168287
TOKYOTECH_s01,32,166,37.53333333333333,-0.2572510540485382,-1.2617977891084624
TOKYOTECH_s01,32,167,37.56666666666667,-0.5362774133682251,-0.9298529952119217
TOKYOTECH_s01,32,168,37.6,-0.697211742401123,-0.4249707312266701
TOKYOTECH_s01,32,169,37.63333333333333,-0.8176664113998413,0.1803813033429102
TOKYOTECH_s01,32,170,37.666666666666664,-0.9207557439804077,0.7807037111637226
TOKYOTECH_s01,32,171,37.7,-1.0114412307739258,1.2687002202650206
TOKYOTECH_s01,32,172,37.733333333333334,-1.1111441850662231,1.5670428262800633
TOKYOTECH_s01,32,173,37.766666666666666,-1.0674355030059814,1.6470386106742592
TOKYOTECH_s01,32,174,37.8,-1.0719245672225952,1.5287568010576085
TOKYOTECH_s01,32,175,37.833333333333336,-0.9719460010528564,1.266974672602516
TOKYOTECH_s01,32,176,37.86666666666667,-0.915124773979187,0.931403573712638
TOKYOTECH_s01,32,177,37.9,-0.4592951238155365,0.5881444505335331
TOKYOTECH_s01,32,178,37.93333333333333,0.7567494511604309,0.28602004387735375
TOKYOTECH_s01,32,179,37.96666666666667,1.6762053966522217,0.048887094615884336
TOKYOTECH_s01,32,180,38.0,1.7074708938598633,-0.12597122622818577
TOKYOTECH_s01,32,181,38.03333333333333,1.2634937763214111,-0.2633308811864574
TOKYOTECH_s01,32,182,38.06666666666667,0.8901197910308838,-0.39965647360348694
TOKYOTECH_s01,32,183,38.1,0.5176514983177185,-0.5684867050835299
TOKYOTECH_s01,32,184,38.13333333333333,0.17979571223258972,-0.7852973584548097
TOKYOTECH_s01,32,185,38.166666666666664,-0.006024970673024654,-1.0368980119058806
TOKYOTECH_s01,32,186,38.2,0.017128782346844673,-1.2796507713974137
TOKYOTECH_s01,32,187,38.233333333333334,0.02138151228427887,-1.4482743515603242
TOKYOTECH_s01,32,188,38.266666666666666,-0.11663533002138138,-1.473822278594469
TOKYOTECH_s01,32,189,38.3,-0.2691035866737366,-1.3063557573663738
TOKYOTECH_s01,32,190,38.333333333333336,-0.5151712894439697,-0.935491378334275
TOKYOTECH_s01,32,191,38.36666666666667,-0.6550388336181641,-0.401147303674592
TOKYOTECH_s01,32,192,38.4,-0.7945520281791687,0.21151455032986058
TOKYOTECH_s01,32,193,38.43333333333333,-1.0460931062698364,0.7935967812040566
TOKYOTECH_s01,32,194,38.46666666666667,-1.1551283597946167,1.2432490423535791
TOKYOTECH_s01,32,195,38.5,-1.1938360929489136,1.4934671570941336
TOKYOTECH_s01,32,196,38.53333333333333,-1.1743444204330444,1.5264601044649286
TOKYOTECH_s01,32,197,38.56666666666667,-1.0977952480316162,1.3711189821804726
TOKYOTECH_s01,32,198,38.6,-1.0265620946884155,1.087541671135794
TOKYOTECH_s01,32,199,38.63333333333333,-0.8759051561355591,0.7465283655282119
TOKYOTECH_s01,32,200,38.666666666666664,-0.30863821506500244,0.4112299899858819
TOKYOTECH_s01,32,201,38.7,1.0666080713272095,0.124906430092486
TOKYOTECH_s01,32,202,38.733333333333334,1.8683264255523682,-0.09409263196107678
TOKYOTECH_s01,32,203,38.766666666666666,1.7977232933044434,-0.2507631096113663
TOKYOTECH_s01,32,204,38.8,1.4139143228530884,-0.36698995107580545
TOKYOTECH_s01,32,205,38.833333333333336,0.9549738764762878,-0.4722062944486136
TOKYOTECH_s01,32,206,38.86666666666667,0.4008983075618744,-0.5928366791825395
TOKYOTECH_s01,32,207,38.9,0.03685672581195831,-0.7419725980756812
TOKYOTECH_s01,32,208,38.93333333333333,-0.1182497963309288,-0.9112405407280126
TOKYOTECH_s01,32,209,38.96666666666667,0.043826475739479065,-1.0677461189250674
TOKYOTECH_s01,32,210,39.0,0.22314992547035217,-1.1591827524643952
TOKYOTECH_s01,32,211,39.03333333333333,0.07910838723182678,-1.1282610345849668
TOKYOTECH_s01,32,212,39.06666666666667,-0.0938359722495079,-0.93341594759039
TOKYOTECH_s01,32,213,39.1,-0.4299985468387604,-0.5685716692215202
TOKYOTECH_s01,32,214,39.13333333333333,-0.7427710890769958,-0.07338312026276685
TOKYOTECH_s01,32,215,39.166666666666664,-0.9435944557189941,0.4720658482765353
TOKYOTECH_s01,32,216,39.2,-0.9813177585601807,0.968291655572045
TOKYOTECH_s01,32,217,39.233333333333334,-1.036130666732788,1.3262135871469654
TOKYOTECH_s01,32,218,39.266666666666666,-1.0136070251464844,1.4936366783378792
TOKYOTECH_s01,32,219,39.3,-0.9885237812995911,1.4672395210438092
TOKYOTECH_s01,32,220,39.333333333333336,-1.0442030429840088,1.286593134062763
TOKYOTECH_s01,32,221,39.36666666666667,-1.109962821006775,1.0156128448810942
TOKYOTECH_s01,32,222,39.4,-1.0514878034591675,0.7208188721605056
TOKYOTECH_s01,32,223,39.43333333333333,-0.3849117159843445,0.45428765374944774
TOKYOTECH_s01,32,224,39.46666666666667,1.021836280822754,0.24498800439709137
TOKYOTECH_s01,32,225,39.5,1.9691319465637207,0.09809047091712855
TOKYOTECH_s01,32,226,39.53333333333333,1.9485377073287964,-0.00043034665085920666
TOKYOTECH_s01,32,227,39.56666666666667,1.5232646465301514,-0.07675067177831953
TOKYOTECH_s01,32,228,39.6,1.0599926710128784,-0.16145707256490832
TOKYOTECH_s01,32,229,39.63333333333333,0.5226917862892151,-0.2816407542133782
TOKYOTECH_s01,32,230,39.666666666666664,0.0733199492096901,-0.45299444776983894
TOKYOTECH_s01,32,231,39.7,-0.030714431777596474,-0.6729539233913323
TOKYOTECH_s01,32,232,39.733333333333334,0.05213505029678345,-0.9173549453122947
TOKYOTECH_s01,32,233,39.766666666666666,0.17251093685626984,-1.1432789450627794
TOKYOTECH_s01,32,234,39.8,0.1271091103553772,-1.2986983156220626
TOKYOTECH_s01,32,235,39.833333333333336,-0.12494390457868576,-1.3364956961751728
TOKYOTECH_s01,32,236,39.86666666666667,-0.4374801814556122,-1.2284202797649182
TOKYOTECH_s01,32,237,39.9,-0.6895332336425781,-0.9743718215634918
TOKYOTECH_s01,32,238,39.93333333333333,-0.8358586430549622,-0.6039844964885829
TOKYOTECH_s01,32,239,39.96666666666667,-0.872951865196228,-0.17038463076816945
TOKYOTECH_s01,33,0,33.0,0.14518320560455322,0.06006161801447894
TOKYOTECH_s01,33,1,33.03333333333333,0.05197754129767418,0.10520674571158932
TOKYOTECH_s01,33,2,33.06666666666667,-0.18215887248516083,0.16309397571262868
TOKYOTECH_s01,33,3,33.1,-0.3118671476840973,0.23825278633634078
TOKYOTECH_s01,33,4,33.13333333333333,-0.6843748092651367,0.3216489030347114
TOKYOTECH_s01,33,5,33.166666666666664,-0.8731094002723694,0.39329064847150486
TOKYOTECH_s01,33,6,33.2,-0.8533814549446106,0.43048540549395714
TOKYOTECH_s01,33,7,33.233333333333334,-0.8757476806640625,0.41736558541141006
TOKYOTECH_s01,33,8,33.266666666666666,-0.9784038066864014,0.35112336779418396
TOKYOTECH_s01,33,9,33.3,-1.1423308849334717,0.24259299451072436
TOKYOTECH_s01,33,10,33.333333333333336,-1.0753109455108643,0.11155902833290646
TOKYOTECH_s01,33,11,33.36666666666667,-0.8229823112487793,-0.020740261068035566
TOKYOTECH_s01,33,12,33.4,0.2376800924539566,-0.13858352624065037
TOKYOTECH_s01,33,13,33.43333333333333,1.5078681707382202,-0.23551500455406923
TOKYOTECH_s01,33,14,33.46666666666667,2.1413280963897705,-0.3139619093770333
TOKYOTECH_s01,33,15,33.5,1.7121961116790771,-0.3816476454177734
TOKYOTECH_s01,33,16,33.53333333333333,1.3451619148254395,-0.44661719414251017
TOKYOTECH_s01,33,17,33.56666666666667,0.8694074153900146,-0.5125384807449437
TOKYOTECH_s01,33,18,33.6,0.49485212564468384,-0.5753146899935385
TOKYOTECH_s01,33,19,33.63333333333333,0.24252347648143768,-0.6216867520528595
TOKYOTECH_s01,33,20,33.666666666666664,0.17963820695877075,-0.630642318006295
TOKYOTECH_s01,33,21,33.7,0.26118823885917664,-0.5783119777341017
TOKYOTECH_s01,33,22,33.733333333333334,0.20948606729507446,-0.44592342586678535
TOKYOTECH_s01,33,23,33.766666666666666,0.12175381928682327,-0.22870839516252423
TOKYOTECH_s01,33,24,33.8,-0.10147513449192047,0.057602377807528304
TOKYOTECH_s01,33,25,33.833333333333336,-0.5372224450111389,0.37613423857935463
TOKYOTECH_s01,33,26,33.86666666666667,-0.6698446273803711,0.6759591583672908
TOKYOTECH_s01,33,27,33.9,-0.7442280650138855,0.9056000300223901
TOKYOTECH_s01,33,28,33.93333333333333,-0.9781675934791565,1.0279647050774074
TOKYOTECH_s01,33,29,33.96666666666667,-0.9775375127792358,1.0303789102871528
TOKYOTECH_s01,33,30,34.0,-0.841804563999176,0.9259063795868093
TOKYOTECH_s01,33,31,34.03333333333333,-0.8926010727882385,0.7464523801581144
TOKYOTECH_s01,33,32,34.06666666666667,-0.8937429785728455,0.5312280154445168
TOKYOTECH_s01,33,33,34.1,-0.5640776753425598,0.3150383777505526
TOKYOTECH_s01,33,34,34.13333333333333,0.383887380361557,0.12001663952309011
TOKYOTECH_s01,33,35,34.166666666666664,1.5414962768554688,-0.047362735273930576
TOKYOTECH_s01,33,36,34.2,2.05619478225708,-0.19407361427114958
TOKYOTECH_s01,33,37,34.233333333333334,1.6306066513061523,-0.3345630712044221
TOKYOTECH_s01,33,38,34.266666666666666,1.1288633346557617,-0.4829749204485689
TOKYOTECH_s01,33,39,34.3,0.8474743366241455,-0.6455599695177863
TOKYOTECH_s01,33,40,34.333333333333336,0.4826452136039734,-0.8151555078487297
TOKYOTECH_s01,33,41,34.36666666666667,0.21039174497127533,-0.9693436304626571
TOKYOTECH_s01,33,42,34.4,0.08363675326108932,-1.0732745587046406
TOKYOTECH_s01,33,43,34.43333333333333,0.3167099952697754,-1.0872099586521309
TOKYOTECH_s01,33,44,34.46666666666667,0.30525124073028564,-0.9777057698029635
TOKYOTECH_s01,33,45,34.5,0.16113094985485077,-0.7300168209915757
TOKYOTECH_s01,33,46,34.53333333333333,-0.19125498831272125,-0.3579880223460277
TOKYOTECH_s01,33,47,34.56666666666667,-0.49910539388656616,0.09294269914069549
TOKYOTECH_s01,33,48,34.6,-0.685162365436554,0.5529685633576329
TOKYOTECH_s01,33,49,34.63333333333333,-0.7910868525505066,0.9450208931419013
TOKYOTECH_s01,33,50,34.666666666666664,-0.8494831323623657,1.2060427156497993
TOKYOTECH_s01,33,51,34.7,-1.0252625942230225,1.3037088153564091
TOKYOTECH_s01,33,52,34.733333333333334,-0.9163848757743835,1.2421882700857438
TOKYOTECH_s01,33,53,34.766666666666666,-0.7972690463066101,1.056140869556284
TOKYOTECH_s01,33,54,34.8,-0.9435157179832458,0.7969884867140575
TOKYOTECH_s01,33,55,34.833333333333336,-0.7165852785110474,0.5172900104508107
TOKYOTECH_s01,33,56,34.86666666666667,0.5040270090103149,0.25778784810100686
TOKYOTECH_s01,33,57,34.9,1.7573223114013672,0.03945036719809054
TOKYOTECH_s01,33,58,34.93333333333333,1.8278074264526367,-0.13848725172549012
TOKYOTECH_s01,33,59,34.96666666666667,1.3625272512435913,-0.2941387636011964
TOKYOTECH_s01,33,60,35.0,1.0388472080230713,-0.4529967546426714
TOKYOTECH_s01,33,61,35.03333333333333,0.6973293423652649,-0.634943752173645
TOKYOTECH_s01,33,62,35.06666666666667,0.2557148039340973,-0.8425490344027652
TOKYOTECH_s01,33,63,35.1,-0.005670576822012663,-1.0550905620060862
TOKYOTECH_s01,33,64,35.13333333333333,0.2552422881126404,-1.2306298069718302
TOKYOTECH_s01,33,65,35.166666666666664,0.27178069949150085,-1.315705481788681
TOKYOTECH_s01,33,66,35.2,0.17873252928256989,-1.2604214291530746
TOKYOTECH_s01,33,67,35.233333333333334,-0.09127645939588547,-1.035379245353071
TOKYOTECH_s01,33,68,35.266666666666666,-0.32352277636528015,-0.6453822619825691
TOKYOTECH_s01,33,69,35.3,-0.4445286989212036,-0.13427932184088034
TOKYOTECH_s01,33,70,35.333333333333336,-0.707725465297699,0.4226681790532794
TOKYOTECH_s01,33,71,35.36666666666667,-0.7956939339637756,0.9376221464328879
TOKYOTECH_s01,33,72,35.4,-0.8214859962463379,1.3331693840447496
TOKYOTECH_s01,33,73,35.43333333333333,-0.8241636157035828,1.5602124581004788
TOKYOTECH_s01,33,74,35.46666666666667,-0.7774229645729065,1.6050871028273992
TOKYOTECH_s01,33,75,35.5,-0.8612962365150452,1.4862072498038625
TOKYOTECH_s01,33,76,35.53333333333333,-0.9387904405593872,1.2441444992789636
TOKYOTECH_s01,33,77,35.56666666666667,-0.655747652053833,0.9293779371859023
TOKYOTECH_s01,33,78,35.6,0.3934954106807709,0.5905937522755695
TOKYOTECH_s01,33,79,35.63333333333333,1.6475389003753662,0.2652172480632855
TOKYOTECH_s01,33,80,35.666666666666664,1.8872274160385132,-0.02635855932728049
TOKYOTECH_s01,33,81,35.7,1.399856686592102,-0.2815681456091077
TOKYOTECH_s01,33,82,35.733333333333334,1.0887774229049683,-0.5113692346745414
TOKYOTECH_s01,33,83,35.766666666666666,0.8054195642471313,-0.7321702219723536
TOKYOTECH_s01,33,84,35.8,0.3979843854904175,-0.9560821374603831
TOKYOTECH_s01,33,85,35.833333333333336,0.2217717319726944,-1.1818485678222077
TOKYOTECH_s01,33,86,35.86666666666667,0.1923176348209381,-1.3890469857533845
TOKYOTECH_s01,33,87,35.9,0.30666881799697876,-1.5381610200577671
TOKYOTECH_s01,33,88,35.93333333333333,0.3065113127231598,-1.57826387500276
TOKYOTECH_s01,33,89,35.96666666666667,-0.012010294944047928,-1.461813797948164
TOKYOTECH_s01,33,90,36.0,-0.2139362245798111,-1.1627568585983274
TOKYOTECH_s01,33,91,36.03333333333333,-0.3882193863391876,-0.6913236415426125
TOKYOTECH_s01,33,92,36.06666666666667,-0.6818546652793884,-0.09856960316310258
TOKYOTECH_s01,33,93,36.1,-0.9366641044616699,0.5328973279864196
TOKYOTECH_s01,33,94,36.13333333333333,-1.0674749612808228,1.109331704845305
TOKYOTECH_s01,33,95,36.166666666666664,-1.0420372486114502,1.5494479753139634
TOKYOTECH_s01,33,96,36.2,-1.0968502759933472,1.8023626480266772
TOKYOTECH_s01,33,97,36.233333333333334,-0.9665907025337219,1.8546394497062406
TOKYOTECH_s01,33,98,36.266666666666666,-0.9093757271766663,1.7266796374253368
TOKYOTECH_s01,33,99,36.3,-1.0117956399917603,1.4625048965751781
TOKYOTECH_s01,33,100,36.333333333333336,-0.731942355632782,1.1172036522688744
TOKYOTECH_s01,33,101,36.36666666666667,0.2707175016403198,0.7446477962945106
TOKYOTECH_s01,33,102,36.4,1.6280865669250488,0.3870656716212776
TOKYOTECH_s01,33,103,36.43333333333333,2.165308713912964,0.06805343254668192
TOKYOTECH_s01,33,104,36.46666666666667,1.6733309030532837,-0.20934548098613384
TOKYOTECH_s01,33,105,36.5,1.2479397058486938,-0.4586405279168685
TOKYOTECH_s01,33,106,36.53333333333333,0.9433576464653015,-0.7008441999218081
TOKYOTECH_s01,33,107,36.56666666666667,0.4450400471687317,-0.9529131905994376
TOKYOTECH_s01,33,108,36.6,0.17306222021579742,-1.216885225830124
TOKYOTECH_s01,33,109,36.63333333333333,0.07958091050386429,-1.472804184409076
TOKYOTECH_s01,33,110,36.666666666666664,0.08139225840568542,-1.6781040112961298
TOKYOTECH_s01,33,111,36.7,0.09828504920005798,-1.775107927778834
TOKYOTECH_s01,33,112,36.733333333333334,-0.10958682745695114,-1.7062660838047592
TOKYOTECH_s01,33,113,36.766666666666666,-0.28394874930381775,-1.4338811932988398
TOKYOTECH_s01,33,114,36.8,-0.5704567432403564,-0.9582421419188232
TOKYOTECH_s01,33,115,36.833333333333336,-0.797899067401886,-0.3266969246407547
TOKYOTECH_s01,33,116,36.86666666666667,-0.8836624622344971,0.3722214219858793
TOKYOTECH_s01,33,117,36.9,-0.9285129904747009,1.0299150905464505
TOKYOTECH_s01,33,118,36.93333333333333,-0.9394992589950562,1.5465432589617834
TOKYOTECH_s01,33,119,36.96666666666667,-0.9723397493362427,1.8556805391927669
TOKYOTECH_s01,33,120,37.0,-1.0054165124893188,1.9360709588193028
TOKYOTECH_s01,33,121,37.03333333333333,-1.1491036415100098,1.809055073414754
TOKYOTECH_s01,33,122,37.06666666666667,-1.158121109008789,1.5260836679473764
TOKYOTECH_s01,33,123,37.1,-1.1581604480743408,1.15252794522847
TOKYOTECH_s01,33,124,37.13333333333333,-0.5914053916931152,0.752395211250976
TOKYOTECH_s01,33,125,37.166666666666664,0.7468657493591309,0.3762181418733168
TOKYOTECH_s01,33,126,37.2,1.9043959379196167,0.05341494009350046
TOKYOTECH_s01,33,127,37.233333333333334,1.8147342205047607,-0.209792077610865
TOKYOTECH_s01,33,128,37.266666666666666,1.3468945026397705,-0.4266394408907279
TOKYOTECH_s01,33,129,37.3,1.0577481985092163,-0.6213121266433388
TOKYOTECH_s01,33,130,37.333333333333336,0.5688811540603638,-0.8177280467838529
TOKYOTECH_s01,33,131,37.36666666666667,0.07816333323717117,-1.0282243533704136
TOKYOTECH_s01,33,132,37.4,0.013939234428107738,-1.2449242789872712
TOKYOTECH_s01,33,133,37.43333333333333,0.1332913190126419,-1.436460125707544
TOKYOTECH_s01,33,134,37.46666666666667,0.19188448786735535,-1.552191347479859
TOKYOTECH_s01,33,135,37.5,-0.06627198308706284,-1.534627991316227
TOKYOTECH_s01,33,136,37.53333333333333,-0.2572510540485382,-1.3381739454957013
TOKYOTECH_s01,33,137,37.56666666666667,-0.5362774133682251,-0.9489370012497831
TOKYOTECH_s01,33,138,37.6,-0.697211742401123,-0.3977362193338737
TOKYOTECH_s01,33,139,37.63333333333333,-0.8176664113998413,0.24085189557081818
TOKYOTECH_s01,33,140,37.666666666666664,-0.9207557439804077,0.8653488376897202
TOKYOTECH_s01,33,141,37.7,-1.0114412307739258,1.374655629882048
TOKYOTECH_s01,33,142,37.733333333333334,-1.1111441850662231,1.694902231430837
TOKYOTECH_s01,33,143,37.766666666666666,-1.0674355030059814,1.7954588018446356
TOKYOTECH_s01,33,144,37.8,-1.0719245672225952,1.690175090583312
TOKYOTECH_s01,33,145,37.833333333333336,-0.9719460010528564,1.4270513668946416
TOKYOTECH_s01,33,146,37.86666666666667,-0.915124773979187,1.072224448143656
TOKYOTECH_s01,33,147,37.9,-0.4592951238155365,0.693047671856448
TOKYOTECH_s01,33,148,37.93333333333333,0.7567494511604309,0.34333631413475446
TOKYOTECH_s01,33,149,37.96666666666667,1.6762053966522217,0.05303511167193004
TOKYOTECH_s01,33,150,38.0,1.7074708938598633,-0.17558930829358552
TOKYOTECH_s01,33,151,38.03333333333333,1.2634937763214111,-0.36377790190674214
TOKYOTECH_s01,33,152,38.06666666666667,0.8901197910308838,-0.5446567032171934
TOKYOTECH_s01,33,153,38.1,0.5176514983177185,-0.7473685938760226
TOKYOTECH_s01,33,154,38.13333333333333,0.17979571223258972,-0.9821314260939482
TOKYOTECH_s01,33,155,38.166666666666664,-0.006024970673024654,-1.2314688755545762
TOKYOTECH_s01,33,156,38.2,0.017128782346844673,-1.4508189137489074
TOKYOTECH_s01,33,157,38.233333333333334,0.02138151228427887,-1.5787269877449845
TOKYOTECH_s01,33,158,38.266666666666666,-0.11663533002138138,-1.554198116854103
TOKYOTECH_s01,33,159,38.3,-0.2691035866737366,-1.3368035573577042
TOKYOTECH_s01,33,160,38.333333333333336,-0.5151712894439697,-0.9237585055275443
TOKYOTECH_s01,33,161,38.36666666666667,-0.6550388336181641,-0.3577977225845202
TOKYOTECH_s01,33,162,38.4,-0.7945520281791687,0.2787900379290217
TOKYOTECH_s01,33,163,38.43333333333333,-1.0460931062698364,0.883993849690947
TOKYOTECH_s01,33,164,38.46666666666667,-1.1551283597946167,1.3631142391167264
TOKYOTECH_s01,33,165,38.5,-1.1938360929489136,1.6523119091748013
TOKYOTECH_s01,33,166,38.53333333333333,-1.1743444204330444,1.7302582479886457
TOKYOTECH_s01,33,167,38.56666666666667,-1.0977952480316162,1.6159876729050762
TOKYOTECH_s01,33,168,38.6,-1.0265620946884155,1.3570994856200616
TOKYOTECH_s01,33,169,38.63333333333333,-0.8759051561355591,1.0146430676342648
TOKYOTECH_s01,33,170,38.666666666666664,-0.30863821506500244,0.6490399484057571
TOKYOTECH_s01,33,171,38.7,1.0666080713272095,0.30859312812340467
TOKYOTECH_s01,33,172,38.733333333333334,1.8683264255523682,0.02152683250734525
TOKYOTECH_s01,33,173,38.766666666666666,1.7977232933044434,-0.2069113788815222
TOKYOTECH_s01,33,174,38.8,1.4139143228530884,-0.39120514469595047
TOKYOTECH_s01,33,175,38.833333333333336,0.9549738764762878,-0.5567388140566638
TOKYOTECH_s01,33,176,38.86666666666667,0.4008983075618744,-0.7277214983236534
TOKYOTECH_s01,33,177,38.9,0.03685672581195831,-0.9152834699852587
TOKYOTECH_s01,33,178,38.93333333333333,-0.1182497963309288,-1.1092202319522595
TOKYOTECH_s01,33,179,38.96666666666667,0.043826475739479065,-1.2762363033167696
TOKYOTECH_s01,33,180,39.0,0.22314992547035217,-1.3664412386503955
TOKYOTECH_s01,33,181,39.03333333333333,0.07910838723182678,-1.3277104168118772
TOKYOTECH_s01,33,182,39.06666666666667,-0.0938359722495079,-1.1242799910284542
TOKYOTECH_s01,33,183,39.1,-0.4299985468387604,-0.7531570315287331
TOKYOTECH_s01,33,184,39.13333333333333,-0.7427710890769958,-0.2515252127704762
TOKYOTECH_s01,33,185,39.166666666666664,-0.9435944557189941,0.3088892485283534
TOKYOTECH_s01,33,186,39.2,-0.9813177585601807,0.8393635839872958
TOKYOTECH_s01,33,187,39.233333333333334,-1.036130666732788,1.2573557119175165
TOKYOTECH_s01,33,188,39.266666666666666,-1.0136070251464844,1.506606940736088
TOKYOTECH_s01,33,189,39.3,-0.9885237812995911,1.5673771189874595
TOKYOTECH_s01,33,190,39.333333333333336,-1.0442030429840088,1.4553587959272842
TOKYOTECH_s01,33,191,39.36666666666667,-1.109962821006775,1.2125838773115425
TOKYOTECH_s01,33,192,39.4,-1.0514878034591675,0.8947239209703574
TOKYOTECH_s01,33,193,39.43333333333333,-0.3849117159843445,0.5579377084065467
TOKYOTECH_s01,33,194,39.46666666666667,1.021836280822754,0.2474593957388223
TOKYOTECH_s01,33,195,39.5,1.9691319465637207,-0.010240657585460684
TOKYOTECH_s01,33,196,39.53333333333333,1.9485377073287964,-0.2104142910614779
TOKYOTECH_s01,33,197,39.56666666666667,1.5232646465301514,-0.3675706240728319
TOKYOTECH_s01,33,198,39.6,1.0599926710128784,-0.5078937933819853
TOKYOTECH_s01,33,199,39.63333333333333,0.5226917862892151,-0.6579238987532701
TOKYOTECH_s01,33,200,39.666666666666664,0.0733199492096901,-0.8322157487911088
TOKYOTECH_s01,33,201,39.7,-0.030714431777596474,-1.023832744993409
TOKYOTECH_s01,33,202,39.733333333333334,0.05213505029678345,-1.2016824394358452
TOKYOTECH_s01,33,203,39.766666666666666,0.17251093685626984,-1.3170554963022219
TOKYOTECH_s01,33,204,39.8,0.1271091103553772,-1.318354247234312
TOKYOTECH_s01,33,205,39.833333333333336,-0.12494390457868576,-1.1694258688209251
TOKYOTECH_s01,33,206,39.86666666666667,-0.4374801814556122,-0.8649630915751773
TOKYOTECH_s01,33,207,39.9,-0.6895332336425781,-0.43687005630770426
TOKYOTECH_s01,33,208,39.93333333333333,-0.8358586430549622,0.05170566568847788
TOKYOTECH_s01,33,209,39.96666666666667,-0.872951865196228,0.5232065014824692
TOKYOTECH_s01,33,210,40.0,-0.9841529130935669,0.906843095877225
TOKYOTECH_s01,33,211,40.03333333333333,-1.0631433725357056,1.1556429807038846
TOKYOTECH_s01,33,212,40.06666666666667,-1.0293972492218018,1.2538469670768448
TOKYOTECH_s01,33,213,40.1,-1.0585756301879883,1.2144207631842245
TOKYOTECH_s01,33,214,40.13333333333333,-1.0201829671859741,1.0702709895918074
TOKYOTECH_s01,33,215,40.166666666666664,-0.9628892540931702,0.8635816946840477
TOKYOTECH_s01,33,216,40.2,-0.6636624336242676,0.636198055261314
TOKYOTECH_s01,33,217,40.233333333333334,0.4153103232383728,0.4221399628667077
TOKYOTECH_s01,33,218,40.266666666666666,1.7226310968399048,0.24263448231766382
TOKYOTECH_s01,33,219,40.3,2.0728511810302734,0.1041142204732298
TOKYOTECH_s01,33,220,40.333333333333336,1.7090460062026978,-0.0005609556295372532
TOKYOTECH_s01,33,221,40.36666666666667,1.219430685043335,-0.08789137519557691
TOKYOTECH_s01,33,222,40.4,0.7487164735794067,-0.1772403134896444
TOKYOTECH_s01,33,223,40.43333333333333,0.28241249918937683,-0.28326934296302436
TOKYOTECH_s01,33,224,40.46666666666667,0.05233193561434746,-0.4091098259322218
TOKYOTECH_s01,33,225,40.5,0.08907079696655273,-0.542378236184839
TOKYOTECH_s01,33,226,40.53333333333333,0.17562173306941986,-0.6558140855800672
TOKYOTECH_s01,33,227,40.56666666666667,0.15518499910831451,-0.713448730539643
TOKYOTECH_s01,33,228,40.6,-0.031305089592933655,-0.6818449910787543
TOKYOTECH_s01,33,229,40.63333333333333,-0.3181281089782715,-0.5436766568509325
TOKYOTECH_s01,33,230,40.666666666666664,-0.5714805722236633,-0.3082920738184588
TOKYOTECH_s01,33,231,40.7,-0.7851014733314514,-0.013414435210884887
TOKYOTECH_s01,33,232,40.733333333333334,-0.8818904757499695,0.2844541764101489
TOKYOTECH_s01,33,233,40.766666666666666,-0.8849225044250488,0.5275000702167539
TOKYOTECH_s01,33,234,40.8,-0.9184718132019043,0.6738031390578935
TOKYOTECH_s01,33,235,40.833333333333336,-0.9455633163452148,0.7063388192914427
TOKYOTECH_s01,33,236,40.86666666666667,-1.0041958093643188,0.6314671462552439
TOKYOTECH_s01,33,237,40.9,-1.0366032123565674,0.47078338002143044
TOKYOTECH_s01,33,238,40.93333333333333,-0.9903745055198669,0.2520967921677587
TOKYOTECH_s01,33,239,40.96666666666667,-0.7543873190879822,0.00347650786453344
TOKYOTECH_s01,34,0,34.0,-0.841804563999176,-0.09316786886441379
TOKYOTECH_s01,34,1,34.03333333333333,-0.8926010727882385,-0.21676738754824904
TOKYOTECH_s01,34,2,34.06666666666667,-0.8937429785728455,-0.3168990995709543
TOKYOTECH_s01,34,3,34.1,-0.5640776753425598,-0.3783316408228006
TOKYOTECH_s01,34,4,34.13333333333333,0.383887380361557,-0.3969747766769776
TOKYOTECH_s01,34,5,34.166666666666664,1.5414962768554688,-0.3819747096726552
TOKYOTECH_s01,34,6,34.2,2.05619478225708,-0.35376090028275314
TOKYOTECH_s01,34,7,34.233333333333334,1.6306066513061523,-0.3380590896834903
TOKYOTECH_s01,34,8,34.266666666666666,1.1288633346557617,-0.35720825946800755
TOKYOTECH_s01,34,9,34.3,0.8474743366241455,-0.42126995997785166
TOKYOTECH_s01,34,10,34.333333333333336,0.4826452136039734,-0.5220769180552579
TOKYOTECH_s01,34,11,34.36666666666667,0.21039174497127533,-0.6328385084665615
TOKYOTECH_s01,34,12,34.4,0.08363675326108932,-0.7140050487149207
TOKYOTECH_s01,34,13,34.43333333333333,0.3167099952697754,-0.7238367885689638
TOKYOTECH_s01,34,14,34.46666666666667,0.30525124073028564,-0.6307197493638564
TOKYOTECH_s01,34,15,34.5,0.16113094985485077,-0.42392153970868124
TOKYOTECH_s01,34,16,34.53333333333333,-0.19125498831272125,-0.1198006695976566
TOKYOTECH_s01,34,17,34.56666666666667,-0.49910539388656616,0.2389098501240589
TOKYOTECH_s01,34,18,34.6,-0.685162365436554,0.5920149728864063
TOKYOTECH_s01,34,19,34.63333333333333,-0.7910868525505066,0.877581048621142
TOKYOTECH_s01,34,20,34.666666666666664,-0.8494831323623657,1.0492245182607627
TOKYOTECH_s01,34,21,34.7,-1.0252625942230225,1.0880282491502933
TOKYOTECH_s01,34,22,34.733333333333334,-0.9163848757743835,1.0049251645287192
TOKYOTECH_s01,34,23,34.766666666666666,-0.7972690463066101,0.8340757872412572
TOKYOTECH_s01,34,24,34.8,-0.9435157179832458,0.6207258735948157
TOKYOTECH_s01,34,25,34.833333333333336,-0.7165852785110474,0.4076838456751658
TOKYOTECH_s01,34,26,34.86666666666667,0.5040270090103149,0.22400818474092601
TOKYOTECH_s01,34,27,34.9,1.7573223114013672,0.07851245294916454
TOKYOTECH_s01,34,28,34.93333333333333,1.8278074264526367,-0.04041558384635782
TOKYOTECH_s01,34,29,34.96666666666667,1.3625272512435913,-0.15840862514532567
TOKYOTECH_s01,34,30,35.0,1.0388472080230713,-0.3033613764919959
TOKYOTECH_s01,34,31,35.03333333333333,0.6973293423652649,-0.49146663575200344
TOKYOTECH_s01,34,32,35.06666666666667,0.2557148039340973,-0.7159404012328734
TOKYOTECH_s01,34,33,35.1,-0.005670576822012663,-0.9432985793217378
TOKYOTECH_s01,34,34,35.13333333333333,0.2552422881126404,-1.1194299334042772
TOKYOTECH_s01,34,35,35.166666666666664,0.27178069949150085,-1.1841207706832135
TOKYOTECH_s01,34,36,35.2,0.17873252928256989,-1.0900547490182468
TOKYOTECH_s01,34,37,35.233333333333334,-0.09127645939588547,-0.8207129533452938
TOKYOTECH_s01,34,38,35.266666666666666,-0.32352277636528015,-0.40085088979824685
TOKYOTECH_s01,34,39,35.3,-0.4445286989212036,0.10551332935395986
TOKYOTECH_s01,34,40,35.333333333333336,-0.707725465297699,0.6105619163260628
TOKYOTECH_s01,34,41,35.36666666666667,-0.7956939339637756,1.0268089236994566
TOKYOTECH_s01,34,42,35.4,-0.8214859962463379,1.29060767749256
TOKYOTECH_s01,34,43,35.43333333333333,-0.8241636157035828,1.3759277825215366
TOKYOTECH_s01,34,44,35.46666666666667,-0.7774229645729065,1.294870803653525
TOKYOTECH_s01,34,45,35.5,-0.8612962365150452,1.0878654706947721
TOKYOTECH_s01,34,46,35.53333333333333,-0.9387904405593872,0.8091865232013906
TOKYOTECH_s01,34,47,35.56666666666667,-0.655747652053833,0.51253290584017
TOKYOTECH_s01,34,48,35.6,0.3934954106807709,0.23944571271037035
TOKYOTECH_s01,34,49,35.63333333333333,1.6475389003753662,0.012024935101763359
TOKYOTECH_s01,34,50,35.666666666666664,1.8872274160385132,-0.16902972486065743
TOKYOTECH_s01,34,51,35.7,1.399856686592102,-0.3205850379133988
TOKYOTECH_s01,34,52,35.733333333333334,1.0887774229049683,-0.46841821896899827
TOKYOTECH_s01,34,53,35.766666666666666,0.8054195642471313,-0.636144252238488
TOKYOTECH_s01,34,54,35.8,0.3979843854904175,-0.8345222832716783
TOKYOTECH_s01,34,55,35.833333333333336,0.2217717319726944,-1.0536749359936566
TOKYOTECH_s01,34,56,35.86666666666667,0.1923176348209381,-1.2605247589554107
TOKYOTECH_s01,34,57,35.9,0.30666881799697876,-1.4033171224447976
TOKYOTECH_s01,34,58,35.93333333333333,0.3065113127231598,-1.423789514898943
TOKYOTECH_s01,34,59,35.96666666666667,-0.012010294944047928,-1.275013700171181
TOKYOTECH_s01,34,60,36.0,-0.2139362245798111,-0.9397916574277401
TOKYOTECH_s01,34,61,36.03333333333333,-0.3882193863391876,-0.4425615054975425
TOKYOTECH_s01,34,62,36.06666666666667,-0.6818546652793884,0.15114638056123378
TOKYOTECH_s01,34,63,36.1,-0.9366641044616699,0.7492213073886597
TOKYOTECH_s01,34,64,36.13333333333333,-1.0674749612808228,1.2568188664978288
TOKYOTECH_s01,34,65,36.166666666666664,-1.0420372486114502,1.600563794207756
TOKYOTECH_s01,34,66,36.2,-1.0968502759933472,1.7443784567675589
TOKYOTECH_s01,34,67,36.233333333333334,-0.9665907025337219,1.6926802082041095
TOKYOTECH_s01,34,68,36.266666666666666,-0.9093757271766663,1.482583032763126
TOKYOTECH_s01,34,69,36.3,-1.0117956399917603,1.1703272440888528
TOKYOTECH_s01,34,70,36.333333333333336,-0.731942355632782,0.816695970149999
TOKYOTECH_s01,34,71,36.36666666666667,0.2707175016403198,0.47396582814251853
TOKYOTECH_s01,34,72,36.4,1.6280865669250488,0.17591742482373815
TOKYOTECH_s01,34,73,36.43333333333333,2.165308713912964,-0.06739407452818703
TOKYOTECH_s01,34,74,36.46666666666667,1.6733309030532837,-0.26851687959879406
TOKYOTECH_s01,34,75,36.5,1.2479397058486938,-0.4547787792131701
TOKYOTECH_s01,34,76,36.53333333333333,0.9433576464653015,-0.6555887359582596
TOKYOTECH_s01,34,77,36.56666666666667,0.4450400471687317,-0.8885777455155898
TOKYOTECH_s01,34,78,36.6,0.17306222021579742,-1.1487754878353045
TOKYOTECH_s01,34,79,36.63333333333333,0.07958091050386429,-1.404221172035694
TOKYOTECH_s01,34,80,36.666666666666664,0.08139225840568542,-1.5999461200092986
TOKYOTECH_s01,34,81,36.7,0.09828504920005798,-1.6704038926237232
TOKYOTECH_s01,34,82,36.733333333333334,-0.10958682745695114,-1.5582160381434915
TOKYOTECH_s01,34,83,36.766666666666666,-0.28394874930381775,-1.2347049077572556
TOKYOTECH_s01,34,84,36.8,-0.5704567432403564,-0.7156997505928069
TOKYOTECH_s01,34,85,36.833333333333336,-0.797899067401886,-0.06568501875244022
TOKYOTECH_s01,34,86,36.86666666666667,-0.8836624622344971,0.6141471605851361
TOKYOTECH_s01,34,87,36.9,-0.9285129904747009,1.2121101930076155
TOKYOTECH_s01,34,88,36.93333333333333,-0.9394992589950562,1.6367302331364328
TOKYOTECH_s01,34,89,36.96666666666667,-0.9723397493362427,1.8389544894183374
TOKYOTECH_s01,34,90,37.0,-1.0054165124893188,1.818165441704467
TOKYOTECH_s01,34,91,37.03333333333333,-1.1491036415100098,1.6132805855636299
TOKYOTECH_s01,34,92,37.06666666666667,-1.158121109008789,1.2858639387624973
TOKYOTECH_s01,34,93,37.1,-1.1581604480743408,0.9025321400640685
TOKYOTECH_s01,34,94,37.13333333333333,-0.5914053916931152,0.5209577560445877
TOKYOTECH_s01,34,95,37.166666666666664,0.7468657493591309,0.18069616968468183
TOKYOTECH_s01,34,96,37.2,1.9043959379196167,-0.10101525895588087
TOKYOTECH_s01,34,97,37.233333333333334,1.8147342205047607,-0.3282610978216921
TOKYOTECH_s01,34,98,37.266666666666666,1.3468945026397705,-0.5204781182153815
TOKYOTECH_s01,34,99,37.3,1.0577481985092163,-0.7027844686485376
TOKYOTECH_s01,34,100,37.333333333333336,0.5688811540603638,-0.8948155628179416
TOKYOTECH_s01,34,101,37.36666666666667,0.07816333323717117,-1.100754891052713
TOKYOTECH_s01,34,102,37.4,0.013939234428107738,-1.3032208214688645
TOKYOTECH_s01,34,103,37.43333333333333,0.1332913190126419,-1.4631917099459415
TOKYOTECH_s01,34,104,37.46666666666667,0.19188448786735535,-1.5272239414698643
TOKYOTECH_s01,34,105,37.5,-0.06627198308706284,-1.4417170721721444
TOKYOTECH_s01,34,106,37.53333333333333,-0.2572510540485382,-1.1717319122920808
TOKYOTECH_s01,34,107,37.56666666666667,-0.5362774133682251,-0.7188110449687493
TOKYOTECH_s01,34,108,37.6,-0.697211742401123,-0.12977883129043516
TOKYOTECH_s01,34,109,37.63333333333333,-0.8176664113998413,0.5099104967877945
TOKYOTECH_s01,34,110,37.666666666666664,-0.9207557439804077,1.0977503753939315
TOKYOTECH_s01,34,111,37.7,-1.0114412307739258,1.542279504989567
TOKYOTECH_s01,34,112,37.733333333333334,-1.1111441850662231,1.7861454242550765
TOKYOTECH_s01,34,113,37.766666666666666,-1.0674355030059814,1.815934153465656
TOKYOTECH_s01,34,114,37.8,-1.0719245672225952,1.6579800559498297
TOKYOTECH_s01,34,115,37.833333333333336,-0.9719460010528564,1.3653602547917711
TOKYOTECH_s01,34,116,37.86666666666667,-0.915124773979187,1.0021073050755989
TOKYOTECH_s01,34,117,37.9,-0.4592951238155365,0.6283544490160531
TOKYOTECH_s01,34,118,37.93333333333333,0.7567494511604309,0.2883732313419607
TOKYOTECH_s01,34,119,37.96666666666667,1.6762053966522217,0.0030922223981977017
TOKYOTECH_s01,34,120,38.0,1.7074708938598633,-0.2313302819851762
TOKYOTECH_s01,34,121,38.03333333333333,1.2634937763214111,-0.4379460966851953
TOKYOTECH_s01,34,122,38.06666666666667,0.8901197910308838,-0.6472094145045754
TOKYOTECH_s01,34,123,38.1,0.5176514983177185,-0.8819206848159878
TOKYOTECH_s01,34,124,38.13333333333333,0.17979571223258972,-1.1437156625387497
TOKYOTECH_s01,34,125,38.166666666666664,-0.006024970673024654,-1.4060886645408306
TOKYOTECH_s01,34,126,38.2,0.017128782346844673,-1.6170848640089697
TOKYOTECH_s01,34,127,38.233333333333334,0.02138151228427887,-1.7117182023939381
TOKYOTECH_s01,34,128,38.266666666666666,-0.11663533002138138,-1.6311184988901242
TOKYOTECH_s01,34,129,38.3,-0.2691035866737366,-1.3431199961628784
TOKYOTECH_s01,34,130,38.333333333333336,-0.5151712894439697,-0.8578642596004725
TOKYOTECH_s01,34,131,38.36666666666667,-0.6550388336181641,-0.23230305296894055
TOKYOTECH_s01,34,132,38.4,-0.7945520281791687,0.44015633884756306
TOKYOTECH_s01,34,133,38.43333333333333,-1.0460931062698364,1.0532901215880561
TOKYOTECH_s01,34,134,38.46666666666667,-1.1551283597946167,1.5164733925564353
TOKYOTECH_s01,34,135,38.5,-1.1938360929489136,1.7762363740259846
TOKYOTECH_s01,34,136,38.53333333333333,-1.1743444204330444,1.8235323034934758
TOKYOTECH_s01,34,137,38.56666666666667,-1.0977952480316162,1.6871097175086864
TOKYOTECH_s01,34,138,38.6,-1.0265620946884155,1.418896899890087
TOKYOTECH_s01,34,139,38.63333333333333,-0.8759051561355591,1.0781878659070658
TOKYOTECH_s01,34,140,38.666666666666664,-0.30863821506500244,0.7187904860526424
TOKYOTECH_s01,34,141,38.7,1.0666080713272095,0.38025957498162244
TOKYOTECH_s01,34,142,38.733333333333334,1.8683264255523682,0.08325180441774027
TOKYOTECH_s01,34,143,38.766666666666666,1.7977232933044434,-0.1707368572471469
TOKYOTECH_s01,34,144,38.8,1.4139143228530884,-0.3951267567696039
TOKYOTECH_s01,34,145,38.833333333333336,0.9549738764762878,-0.6101852278187928
TOKYOTECH_s01,34,146,38.86666666666667,0.4008983075618744,-0.832793941230718
TOKYOTECH_s01,34,147,38.9,0.03685672581195831,-1.0664741127261976
TOKYOTECH_s01,34,148,38.93333333333333,-0.1182497963309288,-1.294444789221265
TOKYOTECH_s01,34,149,38.96666666666667,0.043826475739479065,-1.4784861003504495
TOKYOTECH_s01,34,150,39.0,0.22314992547035217,-1.5657664121982557
TOKYOTECH_s01,34,151,39.03333333333333,0.07910838723182678,-1.5036935383377272
TOKYOTECH_s01,34,152,39.06666666666667,-0.0938359722495079,-1.2591843843311619
TOKYOTECH_s01,34,153,39.1,-0.4299985468387604,-0.8353882041879584
TOKYOTECH_s01,34,154,39.13333333333333,-0.7427710890769958,-0.27825114575981785
TOKYOTECH_s01,34,155,39.166666666666664,-0.9435944557189941,0.33144517198130613
TOKYOTECH_s01,34,156,39.2,-0.9813177585601807,0.8987131485163604
TOKYOTECH_s01,34,157,39.233333333333334,-1.036130666732788,1.339796245266396
TOKYOTECH_s01,34,158,39.266666666666666,-1.0136070251464844,1.6022790300038434
TOKYOTECH_s01,34,159,39.3,-0.9885237812995911,1.6728189312092965
TOKYOTECH_s01,34,160,39.333333333333336,-1.0442030429840088,1.5722961501285158
TOKYOTECH_s01,34,161,39.36666666666667,-1.109962821006775,1.3437378857985194
TOKYOTECH_s01,34,162,39.4,-1.0514878034591675,1.038929202631227
TOKYOTECH_s01,34,163,39.43333333333333,-0.3849117159843445,0.7070143568910485
TOKYOTECH_s01,34,164,39.46666666666667,1.021836280822754,0.3862074430852997
TOKYOTECH_s01,34,165,39.5,1.9691319465637207,0.09892910021874195
TOKYOTECH_s01,34,166,39.53333333333333,1.9485377073287964,-0.149417885872987
TOKYOTECH_s01,34,167,39.56666666666667,1.5232646465301514,-0.36783336552775175
TOKYOTECH_s01,34,168,39.6,1.0599926710128784,-0.5733799845971554
TOKYOTECH_s01,34,169,39.63333333333333,0.5226917862892151,-0.7820231894569016
TOKYOTECH_s01,34,170,39.666666666666664,0.0733199492096901,-0.9986898616761675
TOKYOTECH_s01,34,171,39.7,-0.030714431777596474,-1.2096723927146842
TOKYOTECH_s01,34,172,39.733333333333334,0.05213505029678345,-1.3808735198508997
TOKYOTECH_s01,34,173,39.766666666666666,0.17251093685626984,-1.4642264655433337
TOKYOTECH_s01,34,174,39.8,0.1271091103553772,-1.4117761134529574
TOKYOTECH_s01,34,175,39.833333333333336,-0.12494390457868576,-1.193478890766989
TOKYOTECH_s01,34,176,39.86666666666667,-0.4374801814556122,-0.8123725930919496
TOKYOTECH_s01,34,177,39.9,-0.6895332336425781,-0.3104949468976362
TOKYOTECH_s01,34,178,39.93333333333333,-0.8358586430549622,0.23857529680224132
TOKYOTECH_s01,34,179,39.96666666666667,-0.872951865196228,0.7492517096858182
TOKYOTECH_s01,34,180,40.0,-0.9841529130935669,1.1478103173259515
TOKYOTECH_s01,34,181,40.03333333333333,-1.0631433725357056,1.3902824542830314
TOKYOTECH_s01,34,182,40.06666666666667,-1.0293972492218018,1.468094452928583
TOKYOTECH_s01,34,183,40.1,-1.0585756301879883,1.4021197517919668
TOKYOTECH_s01,34,184,40.13333333333333,-1.0201829671859741,1.2303420388003605
TOKYOTECH_s01,34,185,40.166666666666664,-0.9628892540931702,0.9949254378139134
TOKYOTECH_s01,34,186,40.2,-0.6636624336242676,0.7324529977658812
TOKYOTECH_s01,34,187,40.233333333333334,0.4153103232383728,0.4685361228871113
TOKYOTECH_s01,34,188,40.266666666666666,1.7226310968399048,0.21646431144420913
TOKYOTECH_s01,34,189,40.3,2.0728511810302734,-0.0209474821547721
TOKYOTECH_s01,34,190,40.333333333333336,1.7090460062026978,-0.24733464507589997
TOKYOTECH_s01,34,191,40.36666666666667,1.219430685043335,-0.46768963483147913
TOKYOTECH_s01,34,192,40.4,0.7487164735794067,-0.6832804247888222
TOKYOTECH_s01,34,193,40.43333333333333,0.28241249918937683,-0.8875652298650065
TOKYOTECH_s01,34,194,40.46666666666667,0.05233193561434746,-1.063987822008697
TOKYOTECH_s01,34,195,40.5,0.08907079696655273,-1.1864742735948561
TOKYOTECH_s01,34,196,40.53333333333333,0.17562173306941986,-1.22334056424486
TOKYOTECH_s01,34,197,40.56666666666667,0.15518499910831451,-1.1449173330487261
TOKYOTECH_s01,34,198,40.6,-0.031305089592933655,-0.9341468031854383
TOKYOTECH_s01,34,199,40.63333333333333,-0.3181281089782715,-0.5973774944779132
TOKYOTECH_s01,34,200,40.666666666666664,-0.5714805722236633,-0.17035358876954249
TOKYOTECH_s01,34,201,40.7,-0.7851014733314514,0.2855542617732496
TOKYOTECH_s01,34,202,40.733333333333334,-0.8818904757499695,0.6979476396559718
TOKYOTECH_s01,34,203,40.766666666666666,-0.8849225044250488,1.0039477225166464
TOKYOTECH_s01,34,204,40.8,-0.9184718132019043,1.1675920946176894
TOKYOTECH_s01,34,205,40.833333333333336,-0.9455633163452148,1.1861989318448771
TOKYOTECH_s01,34,206,40.86666666666667,-1.0041958093643188,1.0845509725466775
TOKYOTECH_s01,34,207,40.9,-1.0366032123565674,0.9022613562069104
TOKYOTECH_s01,34,208,40.93333333333333,-0.9903745055198669,0.6808064487353366
TOKYOTECH_s01,34,209,40.96666666666667,-0.7543873190879822,0.4539789863262703
TOKYOTECH_s01,34,210,41.0,0.29402875900268555,0.24286809924348424
TOKYOTECH_s01,34,211,41.03333333333333,1.5693359375,0.05512446545166361
TOKYOTECH_s01,34,212,41.06666666666667,1.9427886009216309,-0.11230718218888337
TOKYOTECH_s01,34,213,41.1,1.6632897853851318,-0.2680930139330339
TOKYOTECH_s01,34,214,41.13333333333333,1.1943475008010864,-0.42039818301765663
TOKYOTECH_s01,34,215,41.166666666666664,0.6531481742858887,-0.571263126943472
TOKYOTECH_s01,34,216,41.2,0.1675100475549698,-0.7129096880941168
TOKYOTECH_s01,34,217,41.233333333333334,-0.017011189833283424,-0.8271274135399147
TOKYOTECH_s01,34,218,41.266666666666666,0.013781726360321045,-0.8884019119139532
TOKYOTECH_s01,34,219,41.3,0.20814724266529083,-0.8707380024978968
TOKYOTECH_s01,34,220,41.333333333333336,0.13100744783878326,-0.7570992033135688
TOKYOTECH_s01,34,221,41.36666666666667,-0.039534907788038254,-0.548895333583639
TOKYOTECH_s01,34,222,41.4,-0.2952106297016144,-0.27150763468239164
TOKYOTECH_s01,34,223,41.43333333333333,-0.5924685597419739,0.028027633332718516
TOKYOTECH_s01,34,224,41.46666666666667,-0.7357619404792786,0.29233169464894665
TOKYOTECH_s01,34,225,41.5,-0.7939613461494446,0.47075789680941404
TOKYOTECH_s01,34,226,41.53333333333333,-0.8310152292251587,0.5353522411222102
TOKYOTECH_s01,34,227,41.56666666666667,-0.8657852411270142,0.4887430381792741
TOKYOTECH_s01,34,228,41.6,-0.9609991312026978,0.36116957052876014
TOKYOTECH_s01,34,229,41.63333333333333,-0.930324375629425,0.1990222209475831
TOKYOTECH_s01,34,230,41.666666666666664,-0.8295976519584656,0.0499003431212406
TOKYOTECH_s01,34,231,41.7,-0.2197246551513672,-0.05080716617251145
TOKYOTECH_s01,34,232,41.733333333333334,1.0530229806900024,-0.088036554163835
TOKYOTECH_s01,34,233,41.766666666666666,1.811387062072754,-0.06799673496443233
TOKYOTECH_s01,34,234,41.8,1.7280256748199463,-0.012483490839616296
TOKYOTECH_s01,34,235,41.833333333333336,1.2857418060302734,0.05078477275817631
TOKYOTECH_s01,34,236,41.86666666666667,0.8625951409339905,0.09812657640896363
TOKYOTECH_s01,34,237,41.9,0.42385515570640564,0.11688570086661598
TOKYOTECH_s01,34,238,41.93333333333333,0.0770607739686966,0.10776891664840806
TOKYOTECH_s01,34,239,41.96666666666667,0.01669563353061676,0.082714829627706
TOKYOTECH_s01,35,0,35.0,1.0388472080230713,0.02400362969612322
TOKYOTECH_s01,35,1,35.03333333333333,0.6973293423652649,-0.3518694178571504
TOKYOTECH_s01,35,2,35.06666666666667,0.2557148039340973,-0.6944158704497357
TOKYOTECH_s01,35,3,35.1,-0.005670576822012663,-0.967749561543242
TOKYOTECH_s01,35,4,35.13333333333333,0.2552422881126404,-1.1345772598740391
TOKYOTECH_s01,35,5,35.166666666666664,0.27178069949150085,-1.1621662141212639
TOKYOTECH_s01,35,6,35.2,0.17873252928256989,-1.0319379040766845
TOKYOTECH_s01,35,7,35.233333333333334,-0.09127645939588547,-0.7495199360986059
TOKYOTECH_s01,35,8,35.266666666666666,-0.32352277636528015,-0.35054318575189936
TOKYOTECH_s01,35,9,35.3,-0.4445286989212036,0.10226515257949485
TOKYOTECH_s01,35,10,35.333333333333336,-0.707725465297699,0.5319834142635554
TOKYOTECH_s01,35,11,35.36666666666667,-0.7956939339637756,0.8668224569930147
TOKYOTECH_s01,35,12,35.4,-0.8214859962463379,1.0584849854426575
TOKYOTECH_s01,35,13,35.43333333333333,-0.8241636157035828,1.0922913099009277
TOKYOTECH_s01,35,14,35.46666666666667,-0.7774229645729065,0.9863456708878559
TOKYOTECH_s01,35,15,35.5,-0.8612962365150452,0.7822167593704678
TOKYOTECH_s01,35,16,35.53333333333333,-0.9387904405593872,0.5317030052835795
TOKYOTECH_s01,35,17,35.56666666666667,-0.655747652053833,0.2836078216352706
TOKYOTECH_s01,35,18,35.6,0.3934954106807709,0.07318856441053508
TOKYOTECH_s01,35,19,35.63333333333333,1.6475389003753662,-0.0840301998966555
TOKYOTECH_s01,35,20,35.666666666666664,1.8872274160385132,-0.19316647793699174
TOKYOTECH_s01,35,21,35.7,1.399856686592102,-0.27563544906442905
TOKYOTECH_s01,35,22,35.733333333333334,1.0887774229049683,-0.36075096818144703
TOKYOTECH_s01,35,23,35.766666666666666,0.8054195642471313,-0.4753258143458617
TOKYOTECH_s01,35,24,35.8,0.3979843854904175,-0.6334337538650759
TOKYOTECH_s01,35,25,35.833333333333336,0.2217717319726944,-0.8284152416949745
TOKYOTECH_s01,35,26,35.86666666666667,0.1923176348209381,-1.029430480231662
TOKYOTECH_s01,35,27,35.9,0.30666881799697876,-1.184888044928766
TOKYOTECH_s01,35,28,35.93333333333333,0.3065113127231598,-1.233996241395951
TOKYOTECH_s01,35,29,35.96666666666667,-0.012010294944047928,-1.1250186502485595
TOKYOTECH_s01,35,30,36.0,-0.2139362245798111,-0.8351768821823836
TOKYOTECH_s01,35,31,36.03333333333333,-0.3882193863391876,-0.38448627067941366
TOKYOTECH_s01,35,32,36.06666666666667,-0.6818546652793884,0.16366296732379937
TOKYOTECH_s01,35,33,36.1,-0.9366641044616699,0.7175558654369505
TOKYOTECH_s01,35,34,36.13333333333333,-1.0674749612808228,1.1827003802844172
TOKYOTECH_s01,35,35,36.166666666666664,-1.0420372486114502,1.487429660245734
TOKYOTECH_s01,35,36,36.2,-1.0968502759933472,1.5988836898612608
TOKYOTECH_s01,35,37,36.233333333333334,-0.9665907025337219,1.5253380432283397
TOKYOTECH_s01,35,38,36.266666666666666,-0.9093757271766663,1.3072676340609395
TOKYOTECH_s01,35,39,36.3,-1.0117956399917603,1.0029024690551842
TOKYOTECH_s01,35,40,36.333333333333336,-0.731942355632782,0.6731678172348909
TOKYOTECH_s01,35,41,36.36666666666667,0.2707175016403198,0.3685625717778561
TOKYOTECH_s01,35,42,36.4,1.6280865669250488,0.11964576697268671
TOKYOTECH_s01,35,43,36.43333333333333,2.165308713912964,-0.0672162435415981
TOKYOTECH_s01,35,44,36.46666666666667,1.6733309030532837,-0.207999142732987
TOKYOTECH_s01,35,45,36.5,1.2479397058486938,-0.33361826764515173
TOKYOTECH_s01,35,46,36.53333333333333,0.9433576464653015,-0.47862122245931715
TOKYOTECH_s01,35,47,36.56666666666667,0.4450400471687317,-0.6683390414510791
TOKYOTECH_s01,35,48,36.6,0.17306222021579742,-0.9074042184311905
TOKYOTECH_s01,35,49,36.63333333333333,0.07958091050386429,-1.172783815254058
TOKYOTECH_s01,35,50,36.666666666666664,0.08139225840568542,-1.414103276976068
TOKYOTECH_s01,35,51,36.7,0.09828504920005798,-1.5628733133333765
TOKYOTECH_s01,35,52,36.733333333333334,-0.10958682745695114,-1.550161373098379
TOKYOTECH_s01,35,53,36.766666666666666,-0.28394874930381775,-1.3292092161099796
TOKYOTECH_s01,35,54,36.8,-0.5704567432403564,-0.8961627057007816
TOKYOTECH_s01,35,55,36.833333333333336,-0.797899067401886,-0.3002438318858162
TOKYOTECH_s01,35,56,36.86666666666667,-0.8836624622344971,0.3635246882915202
TOKYOTECH_s01,35,57,36.9,-0.9285129904747009,0.9792539203738576
TOKYOTECH_s01,35,58,36.93333333333333,-0.9394992589950562,1.4436138822688966
TOKYOTECH_s01,35,59,36.96666666666667,-0.9723397493362427,1.693504398262931
TOKYOTECH_s01,35,60,37.0,-1.0054165124893188,1.7176654132366527
TOKYOTECH_s01,35,61,37.03333333333333,-1.1491036415100098,1.5509149114790612
TOKYOTECH_s01,35,62,37.06666666666667,-1.158121109008789,1.256879312151653
TOKYOTECH_s01,35,63,37.1,-1.1581604480743408,0.9073837770958425
TOKYOTECH_s01,35,64,37.13333333333333,-0.5914053916931152,0.5647645931980098
TOKYOTECH_s01,35,65,37.166666666666664,0.7468657493591309,0.2701024954743808
TOKYOTECH_s01,35,66,37.2,1.9043959379196167,0.03825098988712592
TOKYOTECH_s01,35,67,37.233333333333334,1.8147342205047607,-0.1404870592930144
TOKYOTECH_s01,35,68,37.266666666666666,1.3468945026397705,-0.2930915383660103
TOKYOTECH_s01,35,69,37.3,1.0577481985092163,-0.4528010264011455
TOKYOTECH_s01,35,70,37.333333333333336,0.5688811540603638,-0.6465201047554611
TOKYOTECH_s01,35,71,37.36666666666667,0.07816333323717117,-0.8831113070914524
TOKYOTECH_s01,35,72,37.4,0.013939234428107738,-1.1454439604335642
TOKYOTECH_s01,35,73,37.43333333333333,0.1332913190126419,-1.3891269343600043
TOKYOTECH_s01,35,74,37.46666666666667,0.19188448786735535,-1.5498818522661217
TOKYOTECH_s01,35,75,37.5,-0.06627198308706284,-1.5594557900196544
TOKYOTECH_s01,35,76,37.53333333333333,-0.2572510540485382,-1.3671570632955339
TOKYOTECH_s01,35,77,37.56666666666667,-0.5362774133682251,-0.9609492083775713
TOKYOTECH_s01,35,78,37.6,-0.697211742401123,-0.3798249114362986
TOKYOTECH_s01,35,79,37.63333333333333,-0.8176664113998413,0.2896667657527723
TOKYOTECH_s01,35,80,37.666666666666664,-0.9207557439804077,0.934170403591023
TOKYOTECH_s01,35,81,37.7,-1.0114412307739258,1.4449481642256419
TOKYOTECH_s01,35,82,37.733333333333334,-1.1111441850662231,1.74744394470569
TOKYOTECH_s01,35,83,37.766666666666666,-1.0674355030059814,1.8172120117519053
TOKYOTECH_s01,35,84,37.8,-1.0719245672225952,1.6783373827238126
TOKYOTECH_s01,35,85,37.833333333333336,-0.9719460010528564,1.3890176761154318
TOKYOTECH_s01,35,86,37.86666666666667,-0.915124773979187,1.02192930023503
TOKYOTECH_s01,35,87,37.9,-0.4592951238155365,0.6454181714969351
TOKYOTECH_s01,35,88,37.93333333333333,0.7567494511604309,0.30928221769857395
TOKYOTECH_s01,35,89,37.96666666666667,1.6762053966522217,0.03712013986051515
TOKYOTECH_s01,35,90,38.0,1.7074708938598633,-0.17434570131863394
TOKYOTECH_s01,35,91,38.03333333333333,1.2634937763214111,-0.3496057532411565
TOKYOTECH_s01,35,92,38.06666666666667,0.8901197910308838,-0.5234536528703297
TOKYOTECH_s01,35,93,38.1,0.5176514983177185,-0.7267126634356732
TOKYOTECH_s01,35,94,38.13333333333333,0.17979571223258972,-0.9720250302841967
TOKYOTECH_s01,35,95,38.166666666666664,-0.006024970673024654,-1.2441743185884186
TOKYOTECH_s01,35,96,38.2,0.017128782346844673,-1.4986396423131783
TOKYOTECH_s01,35,97,38.233333333333334,0.02138151228427887,-1.6698622344153928
TOKYOTECH_s01,35,98,38.266666666666666,-0.11663533002138138,-1.6880697543661896
TOKYOTECH_s01,35,99,38.3,-0.2691035866737366,-1.5009454729955902
TOKYOTECH_s01,35,100,38.333333333333336,-0.5151712894439697,-1.0942224451182851
TOKYOTECH_s01,35,101,38.36666666666667,-0.6550388336181641,-0.5039015518564377
TOKYOTECH_s01,35,102,38.4,-0.7945520281791687,0.18653387753532855
TOKYOTECH_s01,35,103,38.43333333333333,-1.0460931062698364,0.8657827350710526
TOKYOTECH_s01,35,104,38.46666666666667,-1.1551283597946167,1.4249428661100785
TOKYOTECH_s01,35,105,38.5,-1.1938360929489136,1.7860610717600554
TOKYOTECH_s01,35,106,38.53333333333333,-1.1743444204330444,1.9181658592095372
TOKYOTECH_s01,35,107,38.56666666666667,-1.0977952480316162,1.8369034295175013
TOKYOTECH_s01,35,108,38.6,-1.0265620946884155,1.5914011078264294
TOKYOTECH_s01,35,109,38.63333333333333,-0.8759051561355591,1.2459066523890303
TOKYOTECH_s01,35,110,38.666666666666664,-0.30863821506500244,0.862871104196901
TOKYOTECH_s01,35,111,38.7,1.0666080713272095,0.4909004110993223
TOKYOTECH_s01,35,112,38.733333333333334,1.8683264255523682,0.15847803187618847
TOKYOTECH_s01,35,113,38.766666666666666,1.7977232933044434,-0.12681717340733914
TOKYOTECH_s01,35,114,38.8,1.4139143228530884,-0.374424660148345
TOKYOTECH_s01,35,115,38.833333333333336,0.9549738764762878,-0.6033689374529442
TOKYOTECH_s01,35,116,38.86666666666667,0.4008983075618744,-0.8326072261665547
TOKYOTECH_s01,35,117,38.9,0.03685672581195831,-1.070854657719555
TOKYOTECH_s01,35,118,38.93333333333333,-0.1182497963309288,-1.3082039142652448
TOKYOTECH_s01,35,119,38.96666666666667,0.043826475739479065,-1.5124900071401108
TOKYOTECH_s01,35,120,39.0,0.22314992547035217,-1.6332932427522588
TOKYOTECH_s01,35,121,39.03333333333333,0.07910838723182678,-1.6146715750025173
TOKYOTECH_s01,35,122,39.06666666666667,-0.0938359722495079,-1.4140683301276957
TOKYOTECH_s01,35,123,39.1,-0.4299985468387604,-1.021195523925372
TOKYOTECH_s01,35,124,39.13333333333333,-0.7427710890769958,-0.4692906314635924
TOKYOTECH_s01,35,125,39.166666666666664,-0.9435944557189941,0.16713685631328118
TOKYOTECH_s01,35,126,39.2,-0.9813177585601807,0.7893927650918116
TOKYOTECH_s01,35,127,39.233333333333334,-1.036130666732788,1.3014131337207195
TOKYOTECH_s01,35,128,39.266666666666666,-1.0136070251464844,1.6355848729903362
TOKYOTECH_s01,35,129,39.3,-0.9885237812995911,1.766757151292746
TOKYOTECH_s01,35,130,39.333333333333336,-1.0442030429840088,1.710590219647754
TOKYOTECH_s01,35,131,39.36666666666667,-1.109962821006775,1.510626384005231
TOKYOTECH_s01,35,132,39.4,-1.0514878034591675,1.2216902171961859
TOKYOTECH_s01,35,133,39.43333333333333,-0.3849117159843445,0.895545501501517
TOKYOTECH_s01,35,134,39.46666666666667,1.021836280822754,0.5715051844556684
TOKYOTECH_s01,35,135,39.5,1.9691319465637207,0.272150587368908
TOKYOTECH_s01,35,136,39.53333333333333,1.9485377073287964,0.0032393091692899598
TOKYOTECH_s01,35,137,39.56666666666667,1.5232646465301514,-0.24307019222260784
TOKYOTECH_s01,35,138,39.6,1.0599926710128784,-0.4822276324350511
TOKYOTECH_s01,35,139,39.63333333333333,0.5226917862892151,-0.72910522376073
TOKYOTECH_s01,35,140,39.666666666666664,0.0733199492096901,-0.9888159574425952
TOKYOTECH_s01,35,141,39.7,-0.030714431777596474,-1.248912993069754
TOKYOTECH_s01,35,142,39.733333333333334,0.05213505029678345,-1.4763821596822246
TOKYOTECH_s01,35,143,39.766666666666666,0.17251093685626984,-1.6223606944170854
TOKYOTECH_s01,35,144,39.8,0.1271091103553772,-1.6348639957889348
TOKYOTECH_s01,35,145,39.833333333333336,-0.12494390457868576,-1.4762125107190491
TOKYOTECH_s01,35,146,39.86666666666667,-0.4374801814556122,-1.139199645032984
TOKYOTECH_s01,35,147,39.9,-0.6895332336425781,-0.6553535562980515
TOKYOTECH_s01,35,148,39.93333333333333,-0.8358586430549622,-0.09049237916486164
TOKYOTECH_s01,35,149,39.96666666666667,-0.872951865196228,0.47232085283788205
TOKYOTECH_s01,35,150,40.0,-0.9841529130935669,0.9558106097727785
TOKYOTECH_s01,35,151,40.03333333333333,-1.0631433725357056,1.3074585020850786
TOKYOTECH_s01,35,152,40.06666666666667,-1.0293972492218018,1.5071917101737244
TOKYOTECH_s01,35,153,40.1,-1.0585756301879883,1.563151662343593
TOKYOTECH_s01,35,154,40.13333333333333,-1.0201829671859741,1.500433186809192
TOKYOTECH_s01,35,155,40.166666666666664,-0.9628892540931702,1.3493107988428685
TOKYOTECH_s01,35,156,40.2,-0.6636624336242676,1.137201508063015
TOKYOTECH_s01,35,157,40.233333333333334,0.4153103232383728,0.8851398796162473
TOKYOTECH_s01,35,158,40.266666666666666,1.7226310968399048,0.6075611010051699
TOKYOTECH_s01,35,159,40.3,2.0728511810302734,0.31388659404486174
TOKYOTECH_s01,35,160,40.333333333333336,1.7090460062026978,0.010755006498395711
TOKYOTECH_s01,35,161,40.36666666666667,1.219430685043335,-0.29573684775109466
TOKYOTECH_s01,35,162,40.4,0.7487164735794067,-0.5978874681975374
TOKYOTECH_s01,35,163,40.43333333333333,0.28241249918937683,-0.8841840250140063
TOKYOTECH_s01,35,164,40.46666666666667,0.05233193561434746,-1.137120972255335
TOKYOTECH_s01,35,165,40.5,0.08907079696655273,-1.3318698259005266
TOKYOTECH_s01,35,166,40.53333333333333,0.17562173306941986,-1.4374603290525405
TOKYOTECH_s01,35,167,40.56666666666667,0.15518499910831451,-1.4222281123715173
TOKYOTECH_s01,35,168,40.6,-0.031305089592933655,-1.2639022263943929
TOKYOTECH_s01,35,169,40.63333333333333,-0.3181281089782715,-0.9617610117046186
TOKYOTECH_s01,35,170,40.666666666666664,-0.5714805722236633,-0.545099839815898
TOKYOTECH_s01,35,171,40.7,-0.7851014733314514,-0.07173508420871383
TOKYOTECH_s01,35,172,40.733333333333334,-0.8818904757499695,0.38574657003103374
TOKYOTECH_s01,35,173,40.766666666666666,-0.8849225044250488,0.7614113227384488
TOKYOTECH_s01,35,174,40.8,-0.9184718132019043,1.0149342735585885
TOKYOTECH_s01,35,175,40.833333333333336,-0.9455633163452148,1.1385675260854236
TOKYOTECH_s01,35,176,40.86666666666667,-1.0041958093643188,1.150243130373221
TOKYOTECH_s01,35,177,40.9,-1.0366032123565674,1.0792090584248175
TOKYOTECH_s01,35,178,40.93333333333333,-0.9903745055198669,0.9528855606659205
TOKYOTECH_s01,35,179,40.96666666666667,-0.7543873190879822,0.7901476151718225
TOKYOTECH_s01,35,180,41.0,0.29402875900268555,0.6011024407472024
TOKYOTECH_s01,35,181,41.03333333333333,1.5693359375,0.3902885944955836
TOKYOTECH_s01,35,182,41.06666666666667,1.9427886009216309,0.16042167673258223
TOKYOTECH_s01,35,183,41.1,1.6632897853851318,-0.08442411210186007
TOKYOTECH_s01,35,184,41.13333333333333,1.1943475008010864,-0.33631821436506804
TOKYOTECH_s01,35,185,41.166666666666664,0.6531481742858887,-0.581780746989699
TOKYOTECH_s01,35,186,41.2,0.1675100475549698,-0.8012088075520281
TOKYOTECH_s01,35,187,41.233333333333334,-0.017011189833283424,-0.9698414828250147
TOKYOTECH_s01,35,188,41.266666666666666,0.013781726360321045,-1.0607213351491391
TOKYOTECH_s01,35,189,41.3,0.20814724266529083,-1.0500399386574037
TOKYOTECH_s01,35,190,41.333333333333336,0.13100744783878326,-0.9247530785436066
TOKYOTECH_s01,35,191,41.36666666666667,-0.039534907788038254,-0.6907574693610163
TOKYOTECH_s01,35,192,41.4,-0.2952106297016144,-0.3776647532884263
TOKYOTECH_s01,35,193,41.43333333333333,-0.5924685597419739,-0.035768400503512106
TOKYOTECH_s01,35,194,41.46666666666667,-0.7357619404792786,0.27608459570569865
TOKYOTECH_s01,35,195,41.5,-0.7939613461494446,0.5079312117307765
TOKYOTECH_s01,35,196,41.53333333333333,-0.8310152292251587,0.6339628168658773
TOKYOTECH_s01,35,197,41.56666666666667,-0.8657852411270142,0.6586169262911894
TOKYOTECH_s01,35,198,41.6,-0.9609991312026978,0.6112553010783296
TOKYOTECH_s01,35,199,41.63333333333333,-0.930324375629425,0.5327034261551163
TOKYOTECH_s01,35,200,41.666666666666664,-0.8295976519584656,0.4595469224765797
TOKYOTECH_s01,35,201,41.7,-0.2197246551513672,0.41177258031648184
TOKYOTECH_s01,35,202,41.733333333333334,1.0530229806900024,0.38760519749599914
TOKYOTECH_s01,35,203,41.766666666666666,1.811387062072754,0.3667337685666506
TOKYOTECH_s01,35,204,41.8,1.7280256748199463,0.3200146417895845
TOKYOTECH_s01,35,205,41.833333333333336,1.2857418060302734,0.22171340692227234
TOKYOTECH_s01,35,206,41.86666666666667,0.8625951409339905,0.06038363646320677
TOKYOTECH_s01,35,207,41.9,0.42385515570640564,-0.15441726706126796
TOKYOTECH_s01,35,208,41.93333333333333,0.0770607739686966,-0.3914356112404542
TOKYOTECH_s01,35,209,41.96666666666667,0.01669563353061676,-0.6038570413879678
TOKYOTECH_s01,35,210,42.0,0.11919430643320084,-0.7412958711497329
TOKYOTECH_s01,35,211,42.03333333333333,0.11061009019613266,-0.7646029174786481
TOKYOTECH_s01,35,212,42.06666666666667,-0.04981233924627304,-0.659043559719525
TOKYOTECH_s01,35,213,42.1,-0.20921096205711365,-0.4412538797582167
TOKYOTECH_s01,35,214,42.13333333333333,-0.4060572385787964,-0.1568154158092425
TOKYOTECH_s01,35,215,42.166666666666664,-0.5555328130722046,0.13170158541036572
TOKYOTECH_s01,35,216,42.2,-0.7667911052703857,0.36262102670073776
TOKYOTECH_s01,35,217,42.233333333333334,-0.9385148286819458,0.4927846510893956
TOKYOTECH_s01,35,218,42.266666666666666,-1.0179778337478638,0.5088681902858901
TOKYOTECH_s01,35,219,42.3,-0.9601722359657288,0.4289461030638356
TOKYOTECH_s01,35,220,42.333333333333336,-0.8731094002723694,0.29451328803706367
TOKYOTECH_s01,35,221,42.36666666666667,-0.7935675978660583,0.15623743088073372
TOKYOTECH_s01,35,222,42.4,-0.2440597265958786,0.05815130687388197
TOKYOTECH_s01,35,223,42.43333333333333,0.9915946125984192,0.02490379951693943
TOKYOTECH_s01,35,224,42.46666666666667,1.8293430805206299,0.05559020939066624
TOKYOTECH_s01,35,225,42.5,1.7978414297103882,0.12574031680098172
TOKYOTECH_s01,35,226,42.53333333333333,1.4957793951034546,0.1965137091834947
TOKYOTECH_s01,35,227,42.56666666666667,1.050148367881775,0.22789060914413814
TOKYOTECH_s01,35,228,42.6,0.6518487334251404,0.19155384065303063
TOKYOTECH_s01,35,229,42.63333333333333,0.3628993630409241,0.07957363213344479
TOKYOTECH_s01,35,230,42.666666666666664,0.20779284834861755,-0.09334979016197362
TOKYOTECH_s01,35,231,42.7,0.22752079367637634,-0.29427133291132784
TOKYOTECH_s01,35,232,42.733333333333334,0.17066021263599396,-0.4814604469971393
TOKYOTECH_s01,35,233,42.766666666666666,0.047409795224666595,-0.6161163661285505
TOKYOTECH_s01,35,234,42.8,-0.061901118606328964,-0.6727587637261226
TOKYOTECH_s01,35,235,42.833333333333336,-0.2761520743370056,-0.6448282299173996
TOKYOTECH_s01,35,236,42.86666666666667,-0.5120998620986938,-0.543463690749214
TOKYOTECH_s01,35,237,42.9,-0.6006984114646912,-0.3902616690112232
TOKYOTECH_s01,35,238,42.93333333333333,-0.7398571968078613,-0.2080390229636973
TOKYOTECH_s01,35,239,42.96666666666667,-0.821997880935669,-0.01475272172724281
TOKYOTECH_s01,36,0,36.0,-0.2139362245798111,0.09312310050046912
TOKYOTECH_s01,36,1,36.03333333333333,-0.3882193863391876,0.17361025426300014
TOKYOTECH_s01,36,2,36.06666666666667,-0.6818546652793884,0.2621861419381664
TOKYOTECH_s01,36,3,36.1,-0.9366641044616699,0.3634121152047087
TOKYOTECH_s01,36,4,36.13333333333333,-1.0674749612808228,0.47518334858931177
TOKYOTECH_s01,36,5,36.166666666666664,-1.0420372486114502,0.588770027778963
TOKYOTECH_s01,36,6,36.2,-1.0968502759933472,0.6909513212656692
TOKYOTECH_s01,36,7,36.233333333333334,-0.9665907025337219,0.767204752648234
TOKYOTECH_s01,36,8,36.266666666666666,-0.9093757271766663,0.8048258947630184
TOKYOTECH_s01,36,9,36.3,-1.0117956399917603,0.7952279351913922
TOKYOTECH_s01,36,10,36.333333333333336,-0.731942355632782,0.7351433771293865
TOKYOTECH_s01,36,11,36.36666666666667,0.2707175016403198,0.6267739197951002
TOKYOTECH_s01,36,12,36.4,1.6280865669250488,0.4770402792639857
TOKYOTECH_s01,36,13,36.43333333333333,2.165308713912964,0.29606001130926834
TOKYOTECH_s01,36,14,36.46666666666667,1.6733309030532837,0.09502021303261744
TOKYOTECH_s01,36,15,36.5,1.2479397058486938,-0.11608689789315932
TOKYOTECH_s01,36,16,36.53333333333333,0.9433576464653015,-0.32991810635859736
TOKYOTECH_s01,36,17,36.56666666666667,0.4450400471687317,-0.5413530177867542
TOKYOTECH_s01,36,18,36.6,0.17306222021579742,-0.7447899373665879
TOKYOTECH_s01,36,19,36.63333333333333,0.07958091050386429,-0.9300367865325366
TOKYOTECH_s01,36,20,36.666666666666664,0.08139225840568542,-1.0788943181226571
TOKYOTECH_s01,36,21,36.7,0.09828504920005798,-1.1649756211707736
TOKYOTECH_s01,36,22,36.733333333333334,-0.10958682745695114,-1.158482805798582
TOKYOTECH_s01,36,23,36.766666666666666,-0.28394874930381775,-1.0356039963089307
TOKYOTECH_s01,36,24,36.8,-0.5704567432403564,-0.789584341281887
TOKYOTECH_s01,36,25,36.833333333333336,-0.797899067401886,-0.43860558908624503
TOKYOTECH_s01,36,26,36.86666666666667,-0.8836624622344971,-0.02575729058635375
TOKYOTECH_s01,36,27,36.9,-0.9285129904747009,0.39046947325441395
TOKYOTECH_s01,36,28,36.93333333333333,-0.9394992589950562,0.7516016570964407
TOKYOTECH_s01,36,29,36.96666666666667,-0.9723397493362427,1.0135927491057326
TOKYOTECH_s01,36,30,37.0,-1.0054165124893188,1.154540273178666
TOKYOTECH_s01,36,31,37.03333333333333,-1.1491036415100098,1.1744051269435387
TOKYOTECH_s01,36,32,37.06666666666667,-1.158121109008789,1.0894576549973032
TOKYOTECH_s01,36,33,37.1,-1.1581604480743408,0.9254261580516183
TOKYOTECH_s01,36,34,37.13333333333333,-0.5914053916931152,0.7116193164758442
TOKYOTECH_s01,36,35,37.166666666666664,0.7468657493591309,0.47606240280970435
TOKYOTECH_s01,36,36,37.2,1.9043959379196167,0.24120995677129672
TOKYOTECH_s01,36,37,37.233333333333334,1.8147342205047607,0.02060652601866239
TOKYOTECH_s01,36,38,37.266666666666666,1.3468945026397705,-0.1825385432838848
TOKYOTECH_s01,36,39,37.3,1.0577481985092163,-0.3739174343725812
TOKYOTECH_s01,36,40,37.333333333333336,0.5688811540603638,-0.5633822997983844
TOKYOTECH_s01,36,41,37.36666666666667,0.07816333323717117,-0.7575111790650497
TOKYOTECH_s01,36,42,37.4,0.013939234428107738,-0.9515809530508836
TOKYOTECH_s01,36,43,37.43333333333333,0.1332913190126419,-1.1241509648869126
TOKYOTECH_s01,36,44,37.46666666666667,0.19188448786735535,-1.2373828710908323
TOKYOTECH_s01,36,45,37.5,-0.06627198308706284,-1.2448581379079415
TOKYOTECH_s01,36,46,37.53333333333333,-0.2572510540485382,-1.1062333644249005
TOKYOTECH_s01,36,47,37.56666666666667,-0.5362774133682251,-0.8047621499045606
TOKYOTECH_s01,36,48,37.6,-0.697211742401123,-0.36061394255915363
TOKYOTECH_s01,36,49,37.63333333333333,-0.8176664113998413,0.16733593603856245
TOKYOTECH_s01,36,50,37.666666666666664,-0.9207557439804077,0.6943415148004638
TOKYOTECH_s01,36,51,37.7,-1.0114412307739258,1.1332851666920594
TOKYOTECH_s01,36,52,37.733333333333334,-1.1111441850662231,1.4189761763749527
TOKYOTECH_s01,36,53,37.766666666666666,-1.0674355030059814,1.5230445494665148
TOKYOTECH_s01,36,54,37.8,-1.0719245672225952,1.4552990788028102
TOKYOTECH_s01,36,55,37.833333333333336,-0.9719460010528564,1.2544840230677647
TOKYOTECH_s01,36,56,37.86666666666667,-0.915124773979187,0.9740178684730694
TOKYOTECH_s01,36,57,37.9,-0.4592951238155365,0.6672905174406057
TOKYOTECH_s01,36,58,37.93333333333333,0.7567494511604309,0.37559240920007586
TOKYOTECH_s01,36,59,37.96666666666667,1.6762053966522217,0.12067394799507943
TOKYOTECH_s01,36,60,38.0,1.7074708938598633,-0.09704445947967202
TOKYOTECH_s01,36,61,38.03333333333333,1.2634937763214111,-0.2944365836019255
TOKYOTECH_s01,36,62,38.06666666666667,0.8901197910308838,-0.4964100944107004
TOKYOTECH_s01,36,63,38.1,0.5176514983177185,-0.7233164129537365
TOKYOTECH_s01,36,64,38.13333333333333,0.17979571223258972,-0.9787006082196336
TOKYOTECH_s01,36,65,38.166666666666664,-0.006024970673024654,-1.241801705748213
TOKYOTECH_s01,36,66,38.2,0.017128782346844673,-1.467826530805812
TOKYOTECH_s01,36,67,38.233333333333334,0.02138151228427887,-1.5966436241023738
TOKYOTECH_s01,36,68,38.266666666666666,-0.11663533002138138,-1.5685585825089723
TOKYOTECH_s01,36,69,38.3,-0.2691035866737366,-1.3438605318363235
TOKYOTECH_s01,36,70,38.333333333333336,-0.5151712894439697,-0.9204717882329969
TOKYOTECH_s01,36,71,38.36666666666667,-0.6550388336181641,-0.34260665200953017
TOKYOTECH_s01,36,72,38.4,-0.7945520281791687,0.30519117111974386
TOKYOTECH_s01,36,73,38.43333333333333,-1.0460931062698364,0.9188522093176515
TOKYOTECH_s01,36,74,38.46666666666667,-1.1551283597946167,1.403062951633707
TOKYOTECH_s01,36,75,38.5,-1.1938360929489136,1.6953797748373909
TOKYOTECH_s01,36,76,38.53333333333333,-1.1743444204330444,1.777348615062616
TOKYOTECH_s01,36,77,38.56666666666667,-1.0977952480316162,1.67100218119349
TOKYOTECH_s01,36,78,38.6,-1.0265620946884155,1.4253752632891357
TOKYOTECH_s01,36,79,38.63333333333333,-0.8759051561355591,1.0999413487624214
TOKYOTECH_s01,36,80,38.666666666666664,-0.30863821506500244,0.7501360027744282
TOKYOTECH_s01,36,81,38.7,1.0666080713272095,0.4171317289844039
TOKYOTECH_s01,36,82,38.733333333333334,1.8683264255523682,0.12240733670410153
TOKYOTECH_s01,36,83,38.766666666666666,1.7977232933044434,-0.1326614548931376
TOKYOTECH_s01,36,84,38.8,1.4139143228530884,-0.36226391621365267
TOKYOTECH_s01,36,85,38.833333333333336,0.9549738764762878,-0.587517335187151
TOKYOTECH_s01,36,86,38.86666666666667,0.4008983075618744,-0.8256131692912108
TOKYOTECH_s01,36,87,38.9,0.03685672581195831,-1.0794165953887913
TOKYOTECH_s01,36,88,38.93333333333333,-0.1182497963309288,-1.3303859881521043
TOKYOTECH_s01,36,89,38.96666666666667,0.043826475739479065,-1.5374896388139956
TOKYOTECH_s01,36,90,39.0,0.22314992547035217,-1.6441809901300317
TOKYOTECH_s01,36,91,39.03333333333333,0.07910838723182678,-1.593546155773755
TOKYOTECH_s01,36,92,39.06666666666667,-0.0938359722495079,-1.3482082517739375
TOKYOTECH_s01,36,93,39.1,-0.4299985468387604,-0.9081827723261822
TOKYOTECH_s01,36,94,39.13333333333333,-0.7427710890769958,-0.3189579805289984
TOKYOTECH_s01,36,95,39.166666666666664,-0.9435944557189941,0.33515143140538123
TOKYOTECH_s01,36,96,39.2,-0.9813177585601807,0.9514822327211883
TOKYOTECH_s01,36,97,39.233333333333334,-1.036130666732788,1.4361644802721665
TOKYOTECH_s01,36,98,39.266666666666666,-1.0136070251464844,1.7274241244932746
TOKYOTECH_s01,36,99,39.3,-0.9885237812995911,1.8065711729780367
TOKYOTECH_s01,36,100,39.333333333333336,-1.0442030429840088,1.6948829990047987
TOKYOTECH_s01,36,101,39.36666666666667,-1.109962821006775,1.4409535415013806
TOKYOTECH_s01,36,102,39.4,-1.0514878034591675,1.104835505556339
TOKYOTECH_s01,36,103,39.43333333333333,-0.3849117159843445,0.743497581511928
TOKYOTECH_s01,36,104,39.46666666666667,1.021836280822754,0.39991241847531384
TOKYOTECH_s01,36,105,39.5,1.9691319465637207,0.09682777348927687
TOKYOTECH_s01,36,106,39.53333333333333,1.9485377073287964,-0.16421690039748812
TOKYOTECH_s01,36,107,39.56666666666667,1.5232646465301514,-0.39844554443943475
TOKYOTECH_s01,36,108,39.6,1.0599926710128784,-0.6286330205143525
TOKYOTECH_s01,36,109,39.63333333333333,0.5226917862892151,-0.8730548414905526
TOKYOTECH_s01,36,110,39.666666666666664,0.0733199492096901,-1.133758691295082
TOKYOTECH_s01,36,111,39.7,-0.030714431777596474,-1.3889916421638966
TOKYOTECH_s01,36,112,39.733333333333334,0.05213505029678345,-1.593237788150128
TOKYOTECH_s01,36,113,39.766666666666666,0.17251093685626984,-1.6865427303331129
TOKYOTECH_s01,36,114,39.8,0.1271091103553772,-1.6117941138506546
TOKYOTECH_s01,36,115,39.833333333333336,-0.12494390457868576,-1.3353273566645578
TOKYOTECH_s01,36,116,39.86666666666667,-0.4374801814556122,-0.863916215128297
TOKYOTECH_s01,36,117,39.9,-0.6895332336425781,-0.25093860885141345
TOKYOTECH_s01,36,118,39.93333333333333,-0.8358586430549622,0.41289028408625955
TOKYOTECH_s01,36,119,39.96666666666667,-0.872951865196228,1.0228559912382338
TOKYOTECH_s01,36,120,40.0,-0.9841529130935669,1.4888939360151134
TOKYOTECH_s01,36,121,40.03333333333333,-1.0631433725357056,1.7575193397835762
TOKYOTECH_s01,36,122,40.06666666666667,-1.0293972492218018,1.8192738076918804
TOKYOTECH_s01,36,123,40.1,-1.0585756301879883,1.7018981503339747
TOKYOTECH_s01,36,124,40.13333333333333,-1.0201829671859741,1.455156628007442
TOKYOTECH_s01,36,125,40.166666666666664,-0.9628892540931702,1.1344113029753728
TOKYOTECH_s01,36,126,40.2,-0.6636624336242676,0.7877215753460054
TOKYOTECH_s01,36,127,40.233333333333334,0.4153103232383728,0.4481753026549473
TOKYOTECH_s01,36,128,40.266666666666666,1.7226310968399048,0.1315028355123001
TOKYOTECH_s01,36,129,40.3,2.0728511810302734,-0.16153551659389048
TOKYOTECH_s01,36,130,40.333333333333336,1.7090460062026978,-0.43910914892166664
TOKYOTECH_s01,36,131,40.36666666666667,1.219430685043335,-0.7103952711687175
TOKYOTECH_s01,36,132,40.4,0.7487164735794067,-0.9777858201002944
TOKYOTECH_s01,36,133,40.43333333333333,0.28241249918937683,-1.2311173294534767
TOKYOTECH_s01,36,134,40.46666666666667,0.05233193561434746,-1.4455171961556545
TOKYOTECH_s01,36,135,40.5,0.08907079696655273,-1.5838525909201449
TOKYOTECH_s01,36,136,40.53333333333333,0.17562173306941986,-1.6038223679381642
TOKYOTECH_s01,36,137,40.56666666666667,0.15518499910831451,-1.4688798739317985
TOKYOTECH_s01,36,138,40.6,-0.031305089592933655,-1.1614290030213654
TOKYOTECH_s01,36,139,40.63333333333333,-0.3181281089782715,-0.6950204204878626
TOKYOTECH_s01,36,140,40.666666666666664,-0.5714805722236633,-0.11984981608168459
TOKYOTECH_s01,36,141,40.7,-0.7851014733314514,0.48386854787884115
TOKYOTECH_s01,36,142,40.733333333333334,-0.8818904757499695,1.0249145776751885
TOKYOTECH_s01,36,143,40.766666666666666,-0.8849225044250488,1.4256943689426018
TOKYOTECH_s01,36,144,40.8,-0.9184718132019043,1.6419074384637276
TOKYOTECH_s01,36,145,40.833333333333336,-0.9455633163452148,1.6691034356280838
TOKYOTECH_s01,36,146,40.86666666666667,-1.0041958093643188,1.5355433429270815
TOKYOTECH_s01,36,147,40.9,-1.0366032123565674,1.2875261163448415
TOKYOTECH_s01,36,148,40.93333333333333,-0.9903745055198669,0.9744137613292776
TOKYOTECH_s01,36,149,40.96666666666667,-0.7543873190879822,0.637595251224584
TOKYOTECH_s01,36,150,41.0,0.29402875900268555,0.3045995058998045
TOKYOTECH_s01,36,151,41.03333333333333,1.5693359375,-0.011934684246154815
TOKYOTECH_s01,36,152,41.06666666666667,1.9427886009216309,-0.31109063949617927
TOKYOTECH_s01,36,153,41.1,1.6632897853851318,-0.5971553482117238
TOKYOTECH_s01,36,154,41.13333333333333,1.1943475008010864,-0.8713041307757731
TOKYOTECH_s01,36,155,41.166666666666664,0.6531481742858887,-1.1240286618618052
TOKYOTECH_s01,36,156,41.2,0.1675100475549698,-1.3313205774055776
TOKYOTECH_s01,36,157,41.233333333333334,-0.017011189833283424,-1.4568722374735417
TOKYOTECH_s01,36,158,41.266666666666666,0.013781726360321045,-1.460562099840913
TOKYOTECH_s01,36,159,41.3,0.20814724266529083,-1.3112962278921294
TOKYOTECH_s01,36,160,41.333333333333336,0.13100744783878326,-1.0007506604093348
TOKYOTECH_s01,36,161,41.36666666666667,-0.039534907788038254,-0.5532804771671674
TOKYOTECH_s01,36,162,41.4,-0.2952106297016144,-0.026526327726347724
TOKYOTECH_s01,36,163,41.43333333333333,-0.5924685597419739,0.5003431341832554
TOKYOTECH_s01,36,164,41.46666666666667,-0.7357619404792786,0.9475289886889805
TOKYOTECH_s01,36,165,41.5,-0.7939613461494446,1.2559094563155022
TOKYOTECH_s01,36,166,41.53333333333333,-0.8310152292251587,1.400017739608431
TOKYOTECH_s01,36,167,41.56666666666667,-0.8657852411270142,1.3887617201812126
TOKYOTECH_s01,36,168,41.6,-0.9609991312026978,1.2558513258758817
TOKYOTECH_s01,36,169,41.63333333333333,-0.930324375629425,1.0455065233357843
TOKYOTECH_s01,36,170,41.666666666666664,-0.8295976519584656,0.7989891732475547
TOKYOTECH_s01,36,171,41.7,-0.2197246551513672,0.5453358950337036
TOKYOTECH_s01,36,172,41.733333333333334,1.0530229806900024,0.2975770587841082
TOKYOTECH_s01,36,173,41.766666666666666,1.811387062072754,0.05436004160230869
TOKYOTECH_s01,36,174,41.8,1.7280256748199463,-0.19403245196511243
TOKYOTECH_s01,36,175,41.833333333333336,1.2857418060302734,-0.456935121822282
TOKYOTECH_s01,36,176,41.86666666666667,0.8625951409339905,-0.7340048925822782
TOKYOTECH_s01,36,177,41.9,0.42385515570640564,-1.0081486764148484
TOKYOTECH_s01,36,178,41.93333333333333,0.0770607739686966,-1.2438268471756848
TOKYOTECH_s01,36,179,41.96666666666667,0.01669563353061676,-1.392956868473035
TOKYOTECH_s01,36,180,42.0,0.11919430643320084,-1.4079022033145097
TOKYOTECH_s01,36,181,42.03333333333333,0.11061009019613266,-1.257834156996402
TOKYOTECH_s01,36,182,42.06666666666667,-0.04981233924627304,-0.9428388910910855
TOKYOTECH_s01,36,183,42.1,-0.20921096205711365,-0.5000079302944807
TOKYOTECH_s01,36,184,42.13333333333333,-0.4060572385787964,0.002455871759742538
TOKYOTECH_s01,36,185,42.166666666666664,-0.5555328130722046,0.4827077108468367
TOKYOTECH_s01,36,186,42.2,-0.7667911052703857,0.86796743016615
TOKYOTECH_s01,36,187,42.233333333333334,-0.9385148286819458,1.1129517712230883
TOKYOTECH_s01,36,188,42.266666666666666,-1.0179778337478638,1.2071607347303537
TOKYOTECH_s01,36,189,42.3,-0.9601722359657288,1.1702311308197102
TOKYOTECH_s01,36,190,42.333333333333336,-0.8731094002723694,1.0396740659651724
TOKYOTECH_s01,36,191,42.36666666666667,-0.7935675978660583,0.8570251598396639
TOKYOTECH_s01,36,192,42.4,-0.2440597265958786,0.6568716206802356
TOKYOTECH_s01,36,193,42.43333333333333,0.9915946125984192,0.4605598052329626
TOKYOTECH_s01,36,194,42.46666666666667,1.8293430805206299,0.27471542836929025
TOKYOTECH_s01,36,195,42.5,1.7978414297103882,0.09403925544395582
TOKYOTECH_s01,36,196,42.53333333333333,1.4957793951034546,-0.09267447122468275
TOKYOTECH_s01,36,197,42.56666666666667,1.050148367881775,-0.29485514689974146
TOKYOTECH_s01,36,198,42.6,0.6518487334251404,-0.5126696075103228
TOKYOTECH_s01,36,199,42.63333333333333,0.3628993630409241,-0.7317176801258096
TOKYOTECH_s01,36,200,42.666666666666664,0.20779284834861755,-0.9218430387257206
TOKYOTECH_s01,36,201,42.7,0.22752079367637634,-1.0415517925286455
TOKYOTECH_s01,36,202,42.733333333333334,0.17066021263599396,-1.0483772208259319
TOKYOTECH_s01,36,203,42.766666666666666,0.047409795224666595,-0.9134457790195486
TOKYOTECH_s01,36,204,42.8,-0.061901118606328964,-0.6358674189527952
TOKYOTECH_s01,36,205,42.833333333333336,-0.2761520743370056,-0.2506391932767687
TOKYOTECH_s01,36,206,42.86666666666667,-0.5120998620986938,0.1756902354831269
TOKYOTECH_s01,36,207,42.9,-0.6006984114646912,0.5626564342592675
TOKYOTECH_s01,36,208,42.93333333333333,-0.7398571968078613,0.840322509301245
TOKYOTECH_s01,36,209,42.96666666666667,-0.821997880935669,0.9694623755517024
TOKYOTECH_s01,36,210,43.0,-0.8790159821510315,0.9491417151957103
TOKYOTECH_s01,36,211,43.03333333333333,-0.9581639766693115,0.8105503121971309
TOKYOTECH_s01,36,212,43.06666666666667,-0.8547202944755554,0.6020719730312395
TOKYOTECH_s01,36,213,43.1,-0.5183607935905457,0.3727855004160311
TOKYOTECH_s01,36,214,43.13333333333333,0.6255448460578918,0.15996951957289177
TOKYOTECH_s01,36,215,43.166666666666664,1.8663575649261475,-0.017063109056496488
TOKYOTECH_s01,36,216,43.2,2.154834508895874,-0.15700912516444707
TOKYOTECH_s01,36,217,43.233333333333334,1.77153742313385,-0.2718904542117273
TOKYOTECH_s01,36,218,43.266666666666666,1.2701090574264526,-0.37939586779010764
TOKYOTECH_s01,36,219,43.3,0.8914192318916321,-0.4941958388979029
TOKYOTECH_s01,36,220,43.333333333333336,0.591326117515564,-0.6204584298728423
TOKYOTECH_s01,36,221,43.36666666666667,0.3621118366718292,-0.7477211778210426
TOKYOTECH_s01,36,222,43.4,0.3647894561290741,-0.8514461687687684
TOKYOTECH_s01,36,223,43.43333333333333,0.4750848114490509,-0.8984060491255916
TOKYOTECH_s01,36,224,43.46666666666667,0.39581865072250366,-0.8560113677790548
TOKYOTECH_s01,36,225,43.5,0.18121328949928284,-0.7036594979996749
TOKYOTECH_s01,36,226,43.53333333333333,-0.13679641485214233,-0.442989807106664
TOKYOTECH_s01,36,227,43.56666666666667,-0.47130513191223145,-0.10296326535018425
TOKYOTECH_s01,36,228,43.6,-0.644643247127533,0.2639723004449522
TOKYOTECH_s01,36,229,43.63333333333333,-0.8496800065040588,0.5952359502664951
TOKYOTECH_s01,36,230,43.666666666666664,-0.8701561093330383,0.8362710391699413
TOKYOTECH_s01,36,231,43.7,-0.7874641418457031,0.9556637704332719
TOKYOTECH_s01,36,232,43.733333333333334,-0.7261933088302612,0.9515905361338686
TOKYOTECH_s01,36,233,43.766666666666666,-0.7427316904067993,0.8488171032442267
TOKYOTECH_s01,36,234,43.8,-0.7541510462760925,0.6888383225201287
TOKYOTECH_s01,36,235,43.833333333333336,-0.7703350782394409,0.5169031614640451
TOKYOTECH_s01,36,236,43.86666666666667,-0.13707205653190613,0.36966684996764815
TOKYOTECH_s01,36,237,43.9,1.0896437168121338,0.2665258830243329
TOKYOTECH_s01,36,238,43.93333333333333,1.9441274404525757,0.20647401205875243
TOKYOTECH_s01,36,239,43.96666666666667,1.9209343194961548,0.17090631935727893
TOKYOTECH_s01,37,0,37.0,-1.0054165124893188,-0.02966499466535852
TOKYOTECH_s01,37,1,37.03333333333333,-1.1491036415100098,0.22269601245128556
TOKYOTECH_s01,37,2,37.06666666666667,-1.158121109008789,0.4339146742381247
TOKYOTECH_s01,37,3,37.1,-1.1581604480743408,0.5724790679694952
TOKYOTECH_s01,37,4,37.13333333333333,-0.5914053916931152,0.622743444826864
TOKYOTECH_s01,37,5,37.166666666666664,0.7468657493591309,0.5875063826477058
TOKYOTECH_s01,37,6,37.2,1.9043959379196167,0.4850233420844324
TOKYOTECH_s01,37,7,37.233333333333334,1.8147342205047607,0.3413433798125872
TOKYOTECH_s01,37,8,37.266666666666666,1.3468945026397705,0.1809255012439882
TOKYOTECH_s01,37,9,37.3,1.0577481985092163,0.01924075504481203
TOKYOTECH_s01,37,10,37.333333333333336,0.5688811540603638,-0.139936074676348
TOKYOTECH_s01,37,11,37.36666666666667,0.07816333323717117,-0.3017425403557014
TOKYOTECH_s01,37,12,37.4,0.013939234428107738,-0.4729314863686879
TOKYOTECH_s01,37,13,37.43333333333333,0.1332913190126419,-0.6526278893332941
TOKYOTECH_s01,37,14,37.46666666666667,0.19188448786735535,-0.8250558958811254
TOKYOTECH_s01,37,15,37.5,-0.06627198308706284,-0.9583426506330405
TOKYOTECH_s01,37,16,37.53333333333333,-0.2572510540485382,-1.0116382360582659
TOKYOTECH_s01,37,17,37.56666666666667,-0.5362774133682251,-0.9490134799003657
TOKYOTECH_s01,37,18,37.6,-0.697211742401123,-0.7545112398790089
TOKYOTECH_s01,37,19,37.63333333333333,-0.8176664113998413,-0.44123212037702947
TOKYOTECH_s01,37,20,37.666666666666664,-0.9207557439804077,-0.050073418960917236
TOKYOTECH_s01,37,21,37.7,-1.0114412307739258,0.36109184151536294
TOKYOTECH_s01,37,22,37.733333333333334,-1.1111441850662231,0.7327116582298443
TOKYOTECH_s01,37,23,37.766666666666666,-1.0674355030059814,1.0171485748189748
TOKYOTECH_s01,37,24,37.8,-1.0719245672225952,1.1866852321747747
TOKYOTECH_s01,37,25,37.833333333333336,-0.9719460010528564,1.235389323350737
TOKYOTECH_s01,37,26,37.86666666666667,-0.915124773979187,1.1762017567199627
TOKYOTECH_s01,37,27,37.9,-0.4592951238155365,1.0349192577893063
TOKYOTECH_s01,37,28,37.93333333333333,0.7567494511604309,0.8424768681647253
TOKYOTECH_s01,37,29,37.96666666666667,1.6762053966522217,0.6268497898554292
TOKYOTECH_s01,37,30,38.0,1.7074708938598633,0.4062001855931086
TOKYOTECH_s01,37,31,38.03333333333333,1.2634937763214111,0.1852824059229116
TOKYOTECH_s01,37,32,38.06666666666667,0.8901197910308838,-0.04307703426779381
TOKYOTECH_s01,37,33,38.1,0.5176514983177185,-0.2910574273777113
TOKYOTECH_s01,37,34,38.13333333333333,0.17979571223258972,-0.5655995674234614
TOKYOTECH_s01,37,35,38.166666666666664,-0.006024970673024654,-0.8588380042460946
TOKYOTECH_s01,37,36,38.2,0.017128782346844673,-1.1431052582935883
TOKYOTECH_s01,37,37,38.233333333333334,0.02138151228427887,-1.3728477853896044
TOKYOTECH_s01,37,38,38.266666666666666,-0.11663533002138138,-1.4938800806045363
TOKYOTECH_s01,37,39,38.3,-0.2691035866737366,-1.4583189295831391
TOKYOTECH_s01,37,40,38.333333333333336,-0.5151712894439697,-1.241270420585185
TOKYOTECH_s01,37,41,38.36666666666667,-0.6550388336181641,-0.8535047348668339
TOKYOTECH_s01,37,42,38.4,-0.7945520281791687,-0.3441931810127043
TOKYOTECH_s01,37,43,38.43333333333333,-1.0460931062698364,0.20922846358195418
TOKYOTECH_s01,37,44,38.46666666666667,-1.1551283597946167,0.7211981669105143
TOKYOTECH_s01,37,45,38.5,-1.1938360929489136,1.120233768536387
TOKYOTECH_s01,37,46,38.53333333333333,-1.1743444204330444,1.3645312795283429
TOKYOTECH_s01,37,47,38.56666666666667,-1.0977952480316162,1.4461160112845828
TOKYOTECH_s01,37,48,38.6,-1.0265620946884155,1.384593534034071
TOKYOTECH_s01,37,49,38.63333333333333,-0.8759051561355591,1.2156571083510124
TOKYOTECH_s01,37,50,38.666666666666664,-0.30863821506500244,0.9795780813134176
TOKYOTECH_s01,37,51,38.7,1.0666080713272095,0.7124550350117689
TOKYOTECH_s01,37,52,38.733333333333334,1.8683264255523682,0.4407784177394202
TOKYOTECH_s01,37,53,38.766666666666666,1.7977232933044434,0.17894672752852167
TOKYOTECH_s01,37,54,38.8,1.4139143228530884,-0.07053683245178911
TOKYOTECH_s01,37,55,38.833333333333336,0.9549738764762878,-0.3140670328323488
TOKYOTECH_s01,37,56,38.86666666666667,0.4008983075618744,-0.5610502104378192
TOKYOTECH_s01,37,57,38.9,0.03685672581195831,-0.8158267731457028
TOKYOTECH_s01,37,58,38.93333333333333,-0.1182497963309288,-1.0694458938046099
TOKYOTECH_s01,37,59,38.96666666666667,0.043826475739479065,-1.294581304200202
TOKYOTECH_s01,37,60,39.0,0.22314992547035217,-1.447076515798651
TOKYOTECH_s01,37,61,39.03333333333333,0.07910838723182678,-1.475874621227802
TOKYOTECH_s01,37,62,39.06666666666667,-0.0938359722495079,-1.3395385828871393
TOKYOTECH_s01,37,63,39.1,-0.4299985468387604,-1.0239476976665902
TOKYOTECH_s01,37,64,39.13333333333333,-0.7427710890769958,-0.5540905487390287
TOKYOTECH_s01,37,65,39.166666666666664,-0.9435944557189941,0.006028980954921459
TOKYOTECH_s01,37,66,39.2,-0.9813177585601807,0.5675594788079472
TOKYOTECH_s01,37,67,39.233333333333334,-1.036130666732788,1.041170693012027
TOKYOTECH_s01,37,68,39.266666666666666,-1.0136070251464844,1.361774937831705
TOKYOTECH_s01,37,69,39.3,-0.9885237812995911,1.502883638327959
TOKYOTECH_s01,37,70,39.333333333333336,-1.0442030429840088,1.476204710427031
TOKYOTECH_s01,37,71,39.36666666666667,-1.109962821006775,1.3201267315583123
TOKYOTECH_s01,37,72,39.4,-1.0514878034591675,1.0841765049994112
TOKYOTECH_s01,37,73,39.43333333333333,-0.3849117159843445,0.8151878691264743
TOKYOTECH_s01,37,74,39.46666666666667,1.021836280822754,0.5478968796870678
TOKYOTECH_s01,37,75,39.5,1.9691319465637207,0.30035480442439366
TOKYOTECH_s01,37,76,39.53333333333333,1.9485377073287964,0.07376140549076796
TOKYOTECH_s01,37,77,39.56666666666667,1.5232646465301514,-0.14367163302471067
TOKYOTECH_s01,37,78,39.6,1.0599926710128784,-0.36948287640800154
TOKYOTECH_s01,37,79,39.63333333333333,0.5226917862892151,-0.6176072204978021
TOKYOTECH_s01,37,80,39.666666666666664,0.0733199492096901,-0.8887931550256876
TOKYOTECH_s01,37,81,39.7,-0.030714431777596474,-1.1634469555996456
TOKYOTECH_s01,37,82,39.733333333333334,0.05213505029678345,-1.4002074463609568
TOKYOTECH_s01,37,83,39.766666666666666,0.17251093685626984,-1.5428460346647288
TOKYOTECH_s01,37,84,39.8,0.1271091103553772,-1.5353034082063992
TOKYOTECH_s01,37,85,39.833333333333336,-0.12494390457868576,-1.3409929631982505
TOKYOTECH_s01,37,86,39.86666666666667,-0.4374801814556122,-0.9597908142372035
TOKYOTECH_s01,37,87,39.9,-0.6895332336425781,-0.4354762460536468
TOKYOTECH_s01,37,88,39.93333333333333,-0.8358586430549622,0.1514786748831121
TOKYOTECH_s01,37,89,39.96666666666667,-0.872951865196228,0.7051770174646029
TOKYOTECH_s01,37,90,40.0,-0.9841529130935669,1.1414747416375965
TOKYOTECH_s01,37,91,40.03333333333333,-1.0631433725357056,1.4092575664115299
TOKYOTECH_s01,37,92,40.06666666666667,-1.0293972492218018,1.4979630254131857
TOKYOTECH_s01,37,93,40.1,-1.0585756301879883,1.4313336485225068
TOKYOTECH_s01,37,94,40.13333333333333,-1.0201829671859741,1.2530901549902966
TOKYOTECH_s01,37,95,40.166666666666664,-0.9628892540931702,1.0114298243625488
TOKYOTECH_s01,37,96,40.2,-0.6636624336242676,0.7470014553471231
TOKYOTECH_s01,37,97,40.233333333333334,0.4153103232383728,0.48606655250283504
TOKYOTECH_s01,37,98,40.266666666666666,1.7226310968399048,0.23901669065855424
TOKYOTECH_s01,37,99,40.3,2.0728511810302734,0.0036815020244319588
TOKYOTECH_s01,37,100,40.333333333333336,1.7090460062026978,-0.22821615950820748
TOKYOTECH_s01,37,101,40.36666666666667,1.219430685043335,-0.4638666417808836
TOKYOTECH_s01,37,102,40.4,0.7487164735794067,-0.7034109888948816
TOKYOTECH_s01,37,103,40.43333333333333,0.28241249918937683,-0.9361356732472564
TOKYOTECH_s01,37,104,40.46666666666667,0.05233193561434746,-1.1391404619142778
TOKYOTECH_s01,37,105,40.5,0.08907079696655273,-1.2788767106834156
TOKYOTECH_s01,37,106,40.53333333333333,0.17562173306941986,-1.3162962843846098
TOKYOTECH_s01,37,107,40.56666666666667,0.15518499910831451,-1.2162226084398273
TOKYOTECH_s01,37,108,40.6,-0.031305089592933655,-0.9602460556697294
TOKYOTECH_s01,37,109,40.63333333333333,-0.3181281089782715,-0.5596362251316691
TOKYOTECH_s01,37,110,40.666666666666664,-0.5714805722236633,-0.06177493667966517
TOKYOTECH_s01,37,111,40.7,-0.7851014733314514,0.4560608419694292
TOKYOTECH_s01,37,112,40.733333333333334,-0.8818904757499695,0.9062215630442517
TOKYOTECH_s01,37,113,40.766666666666666,-0.8849225044250488,1.2165087122378637
TOKYOTECH_s01,37,114,40.8,-0.9184718132019043,1.3507217990742184
TOKYOTECH_s01,37,115,40.833333333333336,-0.9455633163452148,1.3146089201677524
TOKYOTECH_s01,37,116,40.86666666666667,-1.0041958093643188,1.1462851300592136
TOKYOTECH_s01,37,117,40.9,-1.0366032123565674,0.8981753591997567
TOKYOTECH_s01,37,118,40.93333333333333,-0.9903745055198669,0.6193694772871979
TOKYOTECH_s01,37,119,40.96666666666667,-0.7543873190879822,0.3441225054967614
TOKYOTECH_s01,37,120,41.0,0.29402875900268555,0.08820532456925727
TOKYOTECH_s01,37,121,41.03333333333333,1.5693359375,-0.14805190521007358
TOKYOTECH_s01,37,122,41.06666666666667,1.9427886009216309,-0.37257175731808473
TOKYOTECH_s01,37,123,41.1,1.6632897853851318,-0.5929314016506112
TOKYOTECH_s01,37,124,41.13333333333333,1.1943475008010864,-0.8086532666674213
TOKYOTECH_s01,37,125,41.166666666666664,0.6531481742858887,-1.0062279555498188
TOKYOTECH_s01,37,126,41.2,0.1675100475549698,-1.158393521687954
TOKYOTECH_s01,37,127,41.233333333333334,-0.017011189833283424,-1.2285075345617245
TOKYOTECH_s01,37,128,41.266666666666666,0.013781726360321045,-1.1795140617624242
TOKYOTECH_s01,37,129,41.3,0.20814724266529083,-0.9857868967808455
TOKYOTECH_s01,37,130,41.333333333333336,0.13100744783878326,-0.6454377602933612
TOKYOTECH_s01,37,131,41.36666666666667,-0.039534907788038254,-0.18936715183835062
TOKYOTECH_s01,37,132,41.4,-0.2952106297016144,0.31843032494422135
TOKYOTECH_s01,37,133,41.43333333333333,-0.5924685597419739,0.793313463817185
TOKYOTECH_s01,37,134,41.46666666666667,-0.7357619404792786,1.152704944519642
TOKYOTECH_s01,37,135,41.5,-0.7939613461494446,1.340029314119069
TOKYOTECH_s01,37,136,41.53333333333333,-0.8310152292251587,1.3398944367035899
TOKYOTECH_s01,37,137,41.56666666666667,-0.8657852411270142,1.179076602499187
TOKYOTECH_s01,37,138,41.6,-0.9609991312026978,0.91431032984357
TOKYOTECH_s01,37,139,41.63333333333333,-0.930324375629425,0.6126285107234695
TOKYOTECH_s01,37,140,41.666666666666664,-0.8295976519584656,0.3312501429923358
TOKYOTECH_s01,37,141,41.7,-0.2197246551513672,0.10279012455632111
TOKYOTECH_s01,37,142,41.733333333333334,1.0530229806900024,-0.07041118818894612
TOKYOTECH_s01,37,143,41.766666666666666,1.811387062072754,-0.21154587616959272
TOKYOTECH_s01,37,144,41.8,1.7280256748199463,-0.3560061901541661
TOKYOTECH_s01,37,145,41.833333333333336,1.2857418060302734,-0.5339760045591716
TOKYOTECH_s01,37,146,41.86666666666667,0.8625951409339905,-0.754601672137176
TOKYOTECH_s01,37,147,41.9,0.42385515570640564,-0.996896987744615
TOKYOTECH_s01,37,148,41.93333333333333,0.0770607739686966,-1.210797217845711
TOKYOTECH_s01,37,149,41.96666666666667,0.01669563353061676,-1.3290974881680973
TOKYOTECH_s01,37,150,42.0,0.11919430643320084,-1.2877790287097792
TOKYOTECH_s01,37,151,42.03333333333333,0.11061009019613266,-1.049179577774776
TOKYOTECH_s01,37,152,42.06666666666667,-0.04981233924627304,-0.6205007482705465
TOKYOTECH_s01,37,153,42.1,-0.20921096205711365,-0.060021452112787185
TOKYOTECH_s01,37,154,42.13333333333333,-0.4060572385787964,0.5339997235725829
TOKYOTECH_s01,37,155,42.166666666666664,-0.5555328130722046,1.0503770672673913
TOKYOTECH_s01,37,156,42.2,-0.7667911052703857,1.3982280610085853
TOKYOTECH_s01,37,157,42.233333333333334,-0.9385148286819458,1.5323990818424045
TOKYOTECH_s01,37,158,42.266666666666666,-1.0179778337478638,1.461368510230452
TOKYOTECH_s01,37,159,42.3,-0.9601722359657288,1.2369081637712958
TOKYOTECH_s01,37,160,42.333333333333336,-0.8731094002723694,0.9320869260469226
TOKYOTECH_s01,37,161,42.36666666666667,-0.7935675978660583,0.6168687283245275
TOKYOTECH_s01,37,162,42.4,-0.2440597265958786,0.3390223308803063
TOKYOTECH_s01,37,163,42.43333333333333,0.9915946125984192,0.1147243237081528
TOKYOTECH_s01,37,164,42.46666666666667,1.8293430805206299,-0.06976882033333336
TOKYOTECH_s01,37,165,42.5,1.7978414297103882,-0.2466896616442562
TOKYOTECH_s01,37,166,42.53333333333333,1.4957793951034546,-0.4496539522451354
TOKYOTECH_s01,37,167,42.56666666666667,1.050148367881775,-0.6967013412479286
TOKYOTECH_s01,37,168,42.6,0.6518487334251404,-0.9788667944260674
TOKYOTECH_s01,37,169,42.63333333333333,0.3628993630409241,-1.2575623868557795
TOKYOTECH_s01,37,170,42.666666666666664,0.20779284834861755,-1.4715025632181653
TOKYOTECH_s01,37,171,42.7,0.22752079367637634,-1.551753656002837
TOKYOTECH_s01,37,172,42.733333333333334,0.17066021263599396,-1.441876249239488
TOKYOTECH_s01,37,173,42.766666666666666,0.047409795224666595,-1.1185395767019053
TOKYOTECH_s01,37,174,42.8,-0.061901118606328964,-0.6063238027060533
TOKYOTECH_s01,37,175,42.833333333333336,-0.2761520743370056,0.02014583266527653
TOKYOTECH_s01,37,176,42.86666666666667,-0.5120998620986938,0.6512430200750702
TOKYOTECH_s01,37,177,42.9,-0.6006984114646912,1.1724170001061172
TOKYOTECH_s01,37,178,42.93333333333333,-0.7398571968078613,1.4982795988570778
TOKYOTECH_s01,37,179,42.96666666666667,-0.821997880935669,1.5958151510448457
TOKYOTECH_s01,37,180,43.0,-0.8790159821510315,1.4875932267621652
TOKYOTECH_s01,37,181,43.03333333333333,-0.9581639766693115,1.2363331055927225
TOKYOTECH_s01,37,182,43.06666666666667,-0.8547202944755554,0.9196270253690182
TOKYOTECH_s01,37,183,43.1,-0.5183607935905457,0.605299108521949
TOKYOTECH_s01,37,184,43.13333333333333,0.6255448460578918,0.33497724682477387
TOKYOTECH_s01,37,185,43.166666666666664,1.8663575649261475,0.11878042528976641
TOKYOTECH_s01,37,186,43.2,2.154834508895874,-0.05983450962348596
TOKYOTECH_s01,37,187,43.233333333333334,1.77153742313385,-0.23212577354575809
TOKYOTECH_s01,37,188,43.266666666666666,1.2701090574264526,-0.4287985017451593
TOKYOTECH_s01,37,189,43.3,0.8914192318916321,-0.6653623585993456
TOKYOTECH_s01,37,190,43.333333333333336,0.591326117515564,-0.932079201760831
TOKYOTECH_s01,37,191,43.36666666666667,0.3621118366718292,-1.1917230700061519
TOKYOTECH_s01,37,192,43.4,0.3647894561290741,-1.386379541459844
TOKYOTECH_s01,37,193,43.43333333333333,0.4750848114490509,-1.4520500799860683
TOKYOTECH_s01,37,194,43.46666666666667,0.39581865072250366,-1.3378369970180668
TOKYOTECH_s01,37,195,43.5,0.18121328949928284,-1.024898130798064
TOKYOTECH_s01,37,196,43.53333333333333,-0.13679641485214233,-0.5391318845502421
TOKYOTECH_s01,37,197,43.56666666666667,-0.47130513191223145,0.048382763793297985
TOKYOTECH_s01,37,198,43.6,-0.644643247127533,0.6364750510804212
TOKYOTECH_s01,37,199,43.63333333333333,-0.8496800065040588,1.1216833191417066
TOKYOTECH_s01,37,200,43.666666666666664,-0.8701561093330383,1.4285034070649854
TOKYOTECH_s01,37,201,43.7,-0.7874641418457031,1.529075278108647
TOKYOTECH_s01,37,202,43.733333333333334,-0.7261933088302612,1.4448338390804216
TOKYOTECH_s01,37,203,43.766666666666666,-0.7427316904067993,1.2318807066165747
TOKYOTECH_s01,37,204,43.8,-0.7541510462760925,0.9580813409972441
TOKYOTECH_s01,37,205,43.833333333333336,-0.7703350782394409,0.6811426614006931
TOKYOTECH_s01,37,206,43.86666666666667,-0.13707205653190613,0.4344967051464698
TOKYOTECH_s01,37,207,43.9,1.0896437168121338,0.2238055814624727
TOKYOTECH_s01,37,208,43.93333333333333,1.9441274404525757,0.033141231243538655
TOKYOTECH_s01,37,209,43.96666666666667,1.9209343194961548,-0.16277280833033048
TOKYOTECH_s01,37,210,44.0,1.5025129318237305,-0.38510876670584476
TOKYOTECH_s01,37,211,44.03333333333333,1.064009189605713,-0.6404891664472723
TOKYOTECH_s01,37,212,44.06666666666667,0.7138283252716064,-0.9156083335892994
TOKYOTECH_s01,37,213,44.1,0.41003379225730896,-1.1771314694048367
TOKYOTECH_s01,37,214,44.13333333333333,0.27918359637260437,-1.3767825648255851
TOKYOTECH_s01,37,215,44.166666666666664,0.30328238010406494,-1.4616439729752888
TOKYOTECH_s01,37,216,44.2,0.40235525369644165,-1.3886348515183826
TOKYOTECH_s01,37,217,44.233333333333334,0.31974202394485474,-1.1400271720618549
TOKYOTECH_s01,37,218,44.266666666666666,0.07595821470022202,-0.7349274445526619
TOKYOTECH_s01,37,219,44.3,-0.24075204133987427,-0.23118104667726697
TOKYOTECH_s01,37,220,44.333333333333336,-0.4509865343570709,0.2857898203651404
TOKYOTECH_s01,37,221,44.36666666666667,-0.7423379421234131,0.725600430415959
TOKYOTECH_s01,37,222,44.4,-0.8095546960830688,1.0189447256530795
TOKYOTECH_s01,37,223,44.43333333333333,-0.8686597943305969,1.1361744496371868
TOKYOTECH_s01,37,224,44.46666666666667,-0.8031362295150757,1.0912660504905158
TOKYOTECH_s01,37,225,44.5,-0.7963239550590515,0.9312532838138563
TOKYOTECH_s01,37,226,44.53333333333333,-0.8115235567092896,0.7168932270883287
TOKYOTECH_s01,37,227,44.56666666666667,-0.8562953472137451,0.5024162158247579
TOKYOTECH_s01,37,228,44.6,-0.8212497234344482,0.321073140008552
TOKYOTECH_s01,37,229,44.63333333333333,-0.2288995236158371,0.18027282886561258
TOKYOTECH_s01,37,230,44.666666666666664,1.0510541200637817,0.0667775982011517
TOKYOTECH_s01,37,231,44.7,1.9238876104354858,-0.040838888702295156
TOKYOTECH_s01,37,232,44.733333333333334,1.8901020288467407,-0.15797785523395277
TOKYOTECH_s01,37,233,44.766666666666666,1.4704205989837646,-0.2842631661363871
TOKYOTECH_s01,37,234,44.8,1.0896437168121338,-0.40226466592880944
TOKYOTECH_s01,37,235,44.833333333333336,0.6222371459007263,-0.4846448015572477
TOKYOTECH_s01,37,236,44.86666666666667,0.3084014058113098,-0.5058704231131539
TOKYOTECH_s01,37,237,44.9,0.23212791979312897,-0.453030886170406
TOKYOTECH_s01,37,238,44.93333333333333,0.32797184586524963,-0.33155626839878627
TOKYOTECH_s01,37,239,44.96666666666667,0.31281164288520813,-0.16441318479719408
TOKYOTECH_s01,38,0,38.0,1.7074708938598633,-0.10944549397895299
TOKYOTECH_s01,38,1,38.03333333333333,1.2634937763214111,-0.40218640899507857
TOKYOTECH_s01,38,2,38.06666666666667,0.8901197910308838,-0.6773466637182066
TOKYOTECH_s01,38,3,38.1,0.5176514983177185,-0.9238641534164467
TOKYOTECH_s01,38,4,38.13333333333333,0.17979571223258972,-1.135893406093697
TOKYOTECH_s01,38,5,38.166666666666664,-0.006024970673024654,-1.3115406354754442
TOKYOTECH_s01,38,6,38.2,0.017128782346844673,-1.4482782693992238
TOKYOTECH_s01,38,7,38.233333333333334,0.02138151228427887,-1.5375026965201726
TOKYOTECH_s01,38,8,38.266666666666666,-0.11663533002138138,-1.561914104800245
TOKYOTECH_s01,38,9,38.3,-0.2691035866737366,-1.4984149914504896
TOKYOTECH_s01,38,10,38.333333333333336,-0.5151712894439697,-1.3266424286522558
TOKYOTECH_s01,38,11,38.36666666666667,-0.6550388336181641,-1.04003968360262
TOKYOTECH_s01,38,12,38.4,-0.7945520281791687,-0.6540380564263695
TOKYOTECH_s01,38,13,38.43333333333333,-1.0460931062698364,-0.2064351382676914
TOKYOTECH_s01,38,14,38.46666666666667,-1.1551283597946167,0.2510611813242101
TOKYOTECH_s01,38,15,38.5,-1.1938360929489136,0.6663194577077693
TOKYOTECH_s01,38,16,38.53333333333333,-1.1743444204330444,0.9989588672871987
TOKYOTECH_s01,38,17,38.56666666666667,-1.0977952480316162,1.2262532360818819
TOKYOTECH_s01,38,18,38.6,-1.0265620946884155,1.3421781234508807
TOKYOTECH_s01,38,19,38.63333333333333,-0.8759051561355591,1.3528286975355273
TOKYOTECH_s01,38,20,38.666666666666664,-0.30863821506500244,1.2718584936727328
TOKYOTECH_s01,38,21,38.7,1.0666080713272095,1.1174740437692077
TOKYOTECH_s01,38,22,38.733333333333334,1.8683264255523682,0.9103470194324792
TOKYOTECH_s01,38,23,38.766666666666666,1.7977232933044434,0.6710282204055765
TOKYOTECH_s01,38,24,38.8,1.4139143228530884,0.4162935137427584
TOKYOTECH_s01,38,25,38.833333333333336,0.9549738764762878,0.1556231130969184
TOKYOTECH_s01,38,26,38.86666666666667,0.4008983075618744,-0.10960727899120615
TOKYOTECH_s01,38,27,38.9,0.03685672581195831,-0.38206843113892325
TOKYOTECH_s01,38,28,38.93333333333333,-0.1182497963309288,-0.6599866406421897
TOKYOTECH_s01,38,29,38.96666666666667,0.043826475739479065,-0.9279583483790365
TOKYOTECH_s01,38,30,39.0,0.22314992547035217,-1.1526099195557573
TOKYOTECH_s01,38,31,39.03333333333333,0.07910838723182678,-1.2873355544273073
TOKYOTECH_s01,38,32,39.06666666666667,-0.0938359722495079,-1.2860436016238725
TOKYOTECH_s01,38,33,39.1,-0.4299985468387604,-1.1209083723185254
TOKYOTECH_s01,38,34,39.13333333333333,-0.7427710890769958,-0.7964356952380016
TOKYOTECH_s01,38,35,39.166666666666664,-0.9435944557189941,-0.3531385430292669
TOKYOTECH_s01,38,36,39.2,-0.9813177585601807,0.14152705675191607
TOKYOTECH_s01,38,37,39.233333333333334,-1.036130666732788,0.6114439415434096
TOKYOTECH_s01,38,38,39.266666666666666,-1.0136070251464844,0.9913518248512039
TOKYOTECH_s01,38,39,39.3,-0.9885237812995911,1.2397211757937945
TOKYOTECH_s01,38,40,39.333333333333336,-1.0442030429840088,1.3420996217492926
TOKYOTECH_s01,38,41,39.36666666666667,-1.109962821006775,1.307406629846657
TOKYOTECH_s01,38,42,39.4,-1.0514878034591675,1.161110029221088
TOKYOTECH_s01,38,43,39.43333333333333,-0.3849117159843445,0.9377211984127546
TOKYOTECH_s01,38,44,39.46666666666667,1.021836280822754,0.6735354746896999
TOKYOTECH_s01,38,45,39.5,1.9691319465637207,0.40000428044393405
TOKYOTECH_s01,38,46,39.53333333333333,1.9485377073287964,0.138266267160443
TOKYOTECH_s01,38,47,39.56666666666667,1.5232646465301514,-0.10411088536756816
TOKYOTECH_s01,38,48,39.6,1.0599926710128784,-0.3326808568831815
TOKYOTECH_s01,38,49,39.63333333333333,0.5226917862892151,-0.5608295960615827
TOKYOTECH_s01,38,50,39.666666666666664,0.0733199492096901,-0.800101155682094
TOKYOTECH_s01,38,51,39.7,-0.030714431777596474,-1.0489741674893127
TOKYOTECH_s01,38,52,39.733333333333334,0.05213505029678345,-1.284902676370955
TOKYOTECH_s01,38,53,39.766666666666666,0.17251093685626984,-1.464431002589811
TOKYOTECH_s01,38,54,39.8,0.1271091103553772,-1.5334389166481406
TOKYOTECH_s01,38,55,39.833333333333336,-0.12494390457868576,-1.4451034861912202
TOKYOTECH_s01,38,56,39.86666666666667,-0.4374801814556122,-1.1790749084393486
TOKYOTECH_s01,38,57,39.9,-0.6895332336425781,-0.7537028985910783
TOKYOTECH_s01,38,58,39.93333333333333,-0.8358586430549622,-0.22516251600178336
TOKYOTECH_s01,38,59,39.96666666666667,-0.872951865196228,0.32715367825501446
TOKYOTECH_s01,38,60,40.0,-0.9841529130935669,0.8228793295513739
TOKYOTECH_s01,38,61,40.03333333333333,-1.0631433725357056,1.200907261893599
TOKYOTECH_s01,38,62,40.06666666666667,-1.0293972492218018,1.4302340757328609
TOKYOTECH_s01,38,63,40.1,-1.0585756301879883,1.509715386514824
TOKYOTECH_s01,38,64,40.13333333333333,-1.0201829671859741,1.4599168339055129
TOKYOTECH_s01,38,65,40.166666666666664,-0.9628892540931702,1.3121730027445206
TOKYOTECH_s01,38,66,40.2,-0.6636624336242676,1.0989903163497134
TOKYOTECH_s01,38,67,40.233333333333334,0.4153103232383728,0.847664932581588
TOKYOTECH_s01,38,68,40.266666666666666,1.7226310968399048,0.5772086534940339
TOKYOTECH_s01,38,69,40.3,2.0728511810302734,0.2979933570463344
TOKYOTECH_s01,38,70,40.333333333333336,1.7090460062026978,0.01359168762899272
TOKYOTECH_s01,38,71,40.36666666666667,1.219430685043335,-0.27558291760826376
TOKYOTECH_s01,38,72,40.4,0.7487164735794067,-0.567497399981847
TOKYOTECH_s01,38,73,40.43333333333333,0.28241249918937683,-0.8536440147441086
TOKYOTECH_s01,38,74,40.46666666666667,0.05233193561434746,-1.115352825364673
TOKYOTECH_s01,38,75,40.5,0.08907079696655273,-1.3226440101285992
TOKYOTECH_s01,38,76,40.53333333333333,0.17562173306941986,-1.4371443203624903
TOKYOTECH_s01,38,77,40.56666666666667,0.15518499910831451,-1.4201939462003415
TOKYOTECH_s01,38,78,40.6,-0.031305089592933655,-1.2456416216418686
TOKYOTECH_s01,38,79,40.63333333333333,-0.3181281089782715,-0.9138436499623134
TOKYOTECH_s01,38,80,40.666666666666664,-0.5714805722236633,-0.4603578924845068
TOKYOTECH_s01,38,81,40.7,-0.7851014733314514,0.04724494884917869
TOKYOTECH_s01,38,82,40.733333333333334,-0.8818904757499695,0.5263078119531968
TOKYOTECH_s01,38,83,40.766666666666666,-0.8849225044250488,0.903989283949143
TOKYOTECH_s01,38,84,40.8,-0.9184718132019043,1.1385037148189594
TOKYOTECH_s01,38,85,40.833333333333336,-0.9455633163452148,1.226166338242648
TOKYOTECH_s01,38,86,40.86666666666667,-1.0041958093643188,1.1925245442694155
TOKYOTECH_s01,38,87,40.9,-1.0366032123565674,1.075110792901168
TOKYOTECH_s01,38,88,40.93333333333333,-0.9903745055198669,0.9077196231866301
TOKYOTECH_s01,38,89,40.96666666666667,-0.7543873190879822,0.7121241014787368
TOKYOTECH_s01,38,90,41.0,0.29402875900268555,0.4975518198938776
TOKYOTECH_s01,38,91,41.03333333333333,1.5693359375,0.26481505499164126
TOKYOTECH_s01,38,92,41.06666666666667,1.9427886009216309,0.011958383877530124
TOKYOTECH_s01,38,93,41.1,1.6632897853851318,-0.2601308406424445
TOKYOTECH_s01,38,94,41.13333333333333,1.1943475008010864,-0.5428471074382785
TOKYOTECH_s01,38,95,41.166666666666664,0.6531481742858887,-0.8166274413075126
TOKYOTECH_s01,38,96,41.2,0.1675100475549698,-1.0506299744484433
TOKYOTECH_s01,38,97,41.233333333333334,-0.017011189833283424,-1.2064007779125452
TOKYOTECH_s01,38,98,41.266666666666666,0.013781726360321045,-1.245582139201363
TOKYOTECH_s01,38,99,41.3,0.20814724266529083,-1.1404519889453586
TOKYOTECH_s01,38,100,41.333333333333336,0.13100744783878326,-0.8850343885984044
TOKYOTECH_s01,38,101,41.36666666666667,-0.039534907788038254,-0.5032499715414435
TOKYOTECH_s01,38,102,41.4,-0.2952106297016144,-0.04945092846443957
TOKYOTECH_s01,38,103,41.43333333333333,-0.5924685597419739,0.4018389943322079
TOKYOTECH_s01,38,104,41.46666666666667,-0.7357619404792786,0.7750705877772702
TOKYOTECH_s01,38,105,41.5,-0.7939613461494446,1.0145721514399122
TOKYOTECH_s01,38,106,41.53333333333333,-0.8310152292251587,1.098813986262547
TOKYOTECH_s01,38,107,41.56666666666667,-0.8657852411270142,1.042812433756016
TOKYOTECH_s01,38,108,41.6,-0.9609991312026978,0.8888278849544274
TOKYOTECH_s01,38,109,41.63333333333333,-0.930324375629425,0.6899556169678956
TOKYOTECH_s01,38,110,41.666666666666664,-0.8295976519584656,0.4927093411778499
TOKYOTECH_s01,38,111,41.7,-0.2197246551513672,0.3238894632338625
TOKYOTECH_s01,38,112,41.733333333333334,1.0530229806900024,0.18533069990233025
TOKYOTECH_s01,38,113,41.766666666666666,1.811387062072754,0.057731997735417824
TOKYOTECH_s01,38,114,41.8,1.7280256748199463,-0.08819451818949053
TOKYOTECH_s01,38,115,41.833333333333336,1.2857418060302734,-0.2772361245233632
TOKYOTECH_s01,38,116,41.86666666666667,0.8625951409339905,-0.5162912105537729
TOKYOTECH_s01,38,117,41.9,0.42385515570640564,-0.7859511282310572
TOKYOTECH_s01,38,118,41.93333333333333,0.0770607739686966,-1.040178141148269
TOKYOTECH_s01,38,119,41.96666666666667,0.01669563353061676,-1.2156664018993855
TOKYOTECH_s01,38,120,42.0,0.11919430643320084,-1.2495355653337121
TOKYOTECH_s01,38,121,42.03333333333333,0.11061009019613266,-1.100640616356303
TOKYOTECH_s01,38,122,42.06666666666667,-0.04981233924627304,-0.7675193863975434
TOKYOTECH_s01,38,123,42.1,-0.20921096205711365,-0.2956632897847065
TOKYOTECH_s01,38,124,42.13333333333333,-0.4060572385787964,0.23093008999166348
TOKYOTECH_s01,38,125,42.166666666666664,-0.5555328130722046,0.7131266118701581
TOKYOTECH_s01,38,126,42.2,-0.7667911052703857,1.0662948211066456
TOKYOTECH_s01,38,127,42.233333333333334,-0.9385148286819458,1.2435686221628903
TOKYOTECH_s01,38,128,42.266666666666666,-1.0179778337478638,1.2439609390801005
TOKYOTECH_s01,38,129,42.3,-0.9601722359657288,1.1047631844816332
TOKYOTECH_s01,38,130,42.333333333333336,-0.8731094002723694,0.8841027851488015
TOKYOTECH_s01,38,131,42.36666666666667,-0.7935675978660583,0.6413671572761349
TOKYOTECH_s01,38,132,42.4,-0.2440597265958786,0.4211353780409122
TOKYOTECH_s01,38,133,42.43333333333333,0.9915946125984192,0.24340287530358717
TOKYOTECH_s01,38,134,42.46666666666667,1.8293430805206299,0.10157153563762487
TOKYOTECH_s01,38,135,42.5,1.7978414297103882,-0.031217503655623834
TOKYOTECH_s01,38,136,42.53333333333333,1.4957793951034546,-0.1889880476856022
TOKYOTECH_s01,38,137,42.56666666666667,1.050148367881775,-0.39714005527135765
TOKYOTECH_s01,38,138,42.6,0.6518487334251404,-0.659080242191083
TOKYOTECH_s01,38,139,42.63333333333333,0.3628993630409241,-0.9495250793105994
TOKYOTECH_s01,38,140,42.666666666666664,0.20779284834861755,-1.2166113097354072
TOKYOTECH_s01,38,141,42.7,0.22752079367637634,-1.3927219510846138
TOKYOTECH_s01,38,142,42.733333333333334,0.17066021263599396,-1.4122234057146839
TOKYOTECH_s01,38,143,42.766666666666666,0.047409795224666595,-1.2324796241544504
TOKYOTECH_s01,38,144,42.8,-0.061901118606328964,-0.8522026081211167
TOKYOTECH_s01,38,145,42.833333333333336,-0.2761520743370056,-0.3197134289172173
TOKYOTECH_s01,38,146,42.86666666666667,-0.5120998620986938,0.2748689533311564
TOKYOTECH_s01,38,147,42.9,-0.6006984114646912,0.8236011885086127
TOKYOTECH_s01,38,148,42.93333333333333,-0.7398571968078613,1.2323247042904601
TOKYOTECH_s01,38,149,42.96666666666667,-0.821997880935669,1.446440578041394
TOKYOTECH_s01,38,150,43.0,-0.8790159821510315,1.4607502468481153
TOKYOTECH_s01,38,151,43.03333333333333,-0.9581639766693115,1.311908898158747
TOKYOTECH_s01,38,152,43.06666666666667,-0.8547202944755554,1.0597165161101905
TOKYOTECH_s01,38,153,43.1,-0.5183607935905457,0.7663034940012288
TOKYOTECH_s01,38,154,43.13333333333333,0.6255448460578918,0.48000292263475797
TOKYOTECH_s01,38,155,43.166666666666664,1.8663575649261475,0.22658060778814226
TOKYOTECH_s01,38,156,43.2,2.154834508895874,0.007875173078227313
TOKYOTECH_s01,38,157,43.233333333333334,1.77153742313385,-0.1929493085103581
TOKYOTECH_s01,38,158,43.266666666666666,1.2701090574264526,-0.4008171226062825
TOKYOTECH_s01,38,159,43.3,0.8914192318916321,-0.6351505649812907
TOKYOTECH_s01,38,160,43.333333333333336,0.591326117515564,-0.8971049117992412
TOKYOTECH_s01,38,161,43.36666666666667,0.3621118366718292,-1.1621454757163054
TOKYOTECH_s01,38,162,43.4,0.3647894561290741,-1.3813095970887894
TOKYOTECH_s01,38,163,43.43333333333333,0.4750848114490509,-1.4919735695350902
TOKYOTECH_s01,38,164,43.46666666666667,0.39581865072250366,-1.4361073462519447
TOKYOTECH_s01,38,165,43.5,0.18121328949928284,-1.1812448198766197
TOKYOTECH_s01,38,166,43.53333333333333,-0.13679641485214233,-0.7372205892481319
TOKYOTECH_s01,38,167,43.56666666666667,-0.47130513191223145,-0.1613863049206095
TOKYOTECH_s01,38,168,43.6,-0.644643247127533,0.45219596111164545
TOKYOTECH_s01,38,169,43.63333333333333,-0.8496800065040588,0.9978524415453717
TOKYOTECH_s01,38,170,43.666666666666664,-0.8701561093330383,1.3885009690815866
TOKYOTECH_s01,38,171,43.7,-0.7874641418457031,1.578488768280207
TOKYOTECH_s01,38,172,43.733333333333334,-0.7261933088302612,1.5707282239305391
TOKYOTECH_s01,38,173,43.766666666666666,-0.7427316904067993,1.4077707279427423
TOKYOTECH_s01,38,174,43.8,-0.7541510462760925,1.1526651010565858
TOKYOTECH_s01,38,175,43.833333333333336,-0.7703350782394409,0.8676487703972439
TOKYOTECH_s01,38,176,43.86666666666667,-0.13707205653190613,0.597481586936898
TOKYOTECH_s01,38,177,43.9,1.0896437168121338,0.3612935639603773
TOKYOTECH_s01,38,178,43.93333333333333,1.9441274404525757,0.15378954173342352
TOKYOTECH_s01,38,179,43.96666666666667,1.9209343194961548,-0.046008734640107636
TOKYOTECH_s01,38,180,44.0,1.5025129318237305,-0.26236124216400686
TOKYOTECH_s01,38,181,44.03333333333333,1.064009189605713,-0.5110395345257942
TOKYOTECH_s01,38,182,44.06666666666667,0.7138283252716064,-0.7909361147026415
TOKYOTECH_s01,38,183,44.1,0.41003379225730896,-1.080066993677804
TOKYOTECH_s01,38,184,44.13333333333333,0.27918359637260437,-1.3365962127938544
TOKYOTECH_s01,38,185,44.166666666666664,0.30328238010406494,-1.505658333927374
TOKYOTECH_s01,38,186,44.2,0.40235525369644165,-1.5319573839725755
TOKYOTECH_s01,38,187,44.233333333333334,0.31974202394485474,-1.3762410503291114
TOKYOTECH_s01,38,188,44.266666666666666,0.07595821470022202,-1.031516976442776
TOKYOTECH_s01,38,189,44.3,-0.24075204133987427,-0.5330684686585763
TOKYOTECH_s01,38,190,44.333333333333336,-0.4509865343570709,0.04374770003170799
TOKYOTECH_s01,38,191,44.36666666666667,-0.7423379421234131,0.600285446688514
TOKYOTECH_s01,38,192,44.4,-0.8095546960830688,1.0412781940562665
TOKYOTECH_s01,38,193,44.43333333333333,-0.8686597943305969,1.3010371250940775
TOKYOTECH_s01,38,194,44.46666666666667,-0.8031362295150757,1.359034447527945
TOKYOTECH_s01,38,195,44.5,-0.7963239550590515,1.2401020415770934
TOKYOTECH_s01,38,196,44.53333333333333,-0.8115235567092896,1.001242680259628
TOKYOTECH_s01,38,197,44.56666666666667,-0.8562953472137451,0.7115173397976671
TOKYOTECH_s01,38,198,44.6,-0.8212497234344482,0.43201461423232335
TOKYOTECH_s01,38,199,44.63333333333333,-0.2288995236158371,0.2011107069471478
TOKYOTECH_s01,38,200,44.666666666666664,1.0510541200637817,0.028220706582648008
TOKYOTECH_s01,38,201,44.7,1.9238876104354858,-0.10297497253065957
TOKYOTECH_s01,38,202,44.733333333333334,1.8901020288467407,-0.2236910244617186
TOKYOTECH_s01,38,203,44.766666666666666,1.4704205989837646,-0.3657929078554126
TOKYOTECH_s01,38,204,44.8,1.0896437168121338,-0.5488670945643473
TOKYOTECH_s01,38,205,44.833333333333336,0.6222371459007263,-0.7719696609511916
TOKYOTECH_s01,38,206,44.86666666666667,0.3084014058113098,-1.01120891796907
TOKYOTECH_s01,38,207,44.9,0.23212791979312897,-1.2227201124101479
TOKYOTECH_s01,38,208,44.93333333333333,0.32797184586524963,-1.3503518676058865
TOKYOTECH_s01,38,209,44.96666666666667,0.31281164288520813,-1.337700226537763
TOKYOTECH_s01,38,210,45.0,0.09261474013328552,-1.1436410389677694
TOKYOTECH_s01,38,211,45.03333333333333,-0.2311440259218216,-0.7585514693465131
TOKYOTECH_s01,38,212,45.06666666666667,-0.44204792380332947,-0.21571565360197983
TOKYOTECH_s01,38,213,45.1,-0.7222555875778198,0.408744038269782
TOKYOTECH_s01,38,214,45.13333333333333,-0.8306214809417725,1.0114529063600393
TOKYOTECH_s01,38,215,45.166666666666664,-0.8166031837463379,1.4901173409555104
TOKYOTECH_s01,38,216,45.2,-0.7960877418518066,1.7737886755622314
TOKYOTECH_s01,38,217,45.233333333333334,-0.8321965336799622,1.8415501472445979
TOKYOTECH_s01,38,218,45.266666666666666,-0.8193596005439758,1.7223202043885104
TOKYOTECH_s01,38,219,45.3,-0.8720462322235107,1.4783587848730886
TOKYOTECH_s01,38,220,45.333333333333336,-0.9609203934669495,1.1813668029084625
TOKYOTECH_s01,38,221,45.36666666666667,-0.9936821460723877,0.8907514502865048
TOKYOTECH_s01,38,222,45.4,-0.5146987438201904,0.6404319601211285
TOKYOTECH_s01,38,223,45.43333333333333,0.8056951761245728,0.4361377482335526
TOKYOTECH_s01,38,224,45.46666666666667,1.8530875444412231,0.26163806904553716
TOKYOTECH_s01,38,225,45.5,1.8137891292572021,0.09035289587996993
TOKYOTECH_s01,38,226,45.53333333333333,1.3552030324935913,-0.10194691541286424
TOKYOTECH_s01,38,227,45.56666666666667,1.0844459533691406,-0.3273591332752335
TOKYOTECH_s01,38,228,45.6,0.6793733835220337,-0.5817427659755171
TOKYOTECH_s01,38,229,45.63333333333333,0.27776601910591125,-0.8467884170377535
TOKYOTECH_s01,38,230,45.666666666666664,0.19460150599479675,-1.0961396124914982
TOKYOTECH_s01,38,231,45.7,0.33667418360710144,-1.3021528765330364
TOKYOTECH_s01,38,232,45.733333333333334,0.39148715138435364,-1.4409365668263523
TOKYOTECH_s01,38,233,45.766666666666666,0.2670554220676422,-1.4953417763985941
TOKYOTECH_s01,38,234,45.8,0.01594746857881546,-1.4566985231880722
TOKYOTECH_s01,38,235,45.833333333333336,-0.3021409809589386,-1.325847775097235
TOKYOTECH_s01,38,236,45.86666666666667,-0.6017615795135498,-1.113139745265597
TOKYOTECH_s01,38,237,45.9,-0.838851273059845,-0.8367000445146278
TOKYOTECH_s01,38,238,45.93333333333333,-0.9537143707275391,-0.5190560278416829
TOKYOTECH_s01,38,239,45.96666666666667,-1.045108675956726,-0.18360040879812453
TOKYOTECH_s01,39,0,39.0,0.22314992547035217,0.08165743938701472
TOKYOTECH_s01,39,1,39.03333333333333,0.07910838723182678,-0.128691168778394
TOKYOTECH_s01,39,2,39.06666666666667,-0.0938359722495079,-0.26078460643483264
TOKYOTECH_s01,39,3,39.1,-0.4299985468387604,-0.2606224158172971
TOKYOTECH_s01,39,4,39.13333333333333,-0.7427710890769958,-0.11546734903926059
TOKYOTECH_s01,39,5,39.166666666666664,-0.9435944557189941,0.1430663480179833
TOKYOTECH_s01,39,6,39.2,-0.9813177585601807,0.4510037381816568
TOKYOTECH_s01,39,7,39.233333333333334,-1.036130666732788,0.7342284173257192
TOKYOTECH_s01,39,8,39.266666666666666,-1.0136070251464844,0.931663254722494
TOKYOTECH_s01,39,9,39.3,-0.9885237812995911,1.0104987298829782
TOKYOTECH_s01,39,10,39.333333333333336,-1.0442030429840088,0.9697250589481209
TOKYOTECH_s01,39,11,39.36666666666667,-1.109962821006775,0.8339453339669928
TOKYOTECH_s01,39,12,39.4,-1.0514878034591675,0.6417827713876135
TOKYOTECH_s01,39,13,39.43333333333333,-0.3849117159843445,0.432932261552267
TOKYOTECH_s01,39,14,39.46666666666667,1.021836280822754,0.23732271319528206
TOKYOTECH_s01,39,15,39.5,1.9691319465637207,0.06898722636035835
TOKYOTECH_s01,39,16,39.53333333333333,1.9485377073287964,-0.07449862018661732
TOKYOTECH_s01,39,17,39.56666666666667,1.5232646465301514,-0.20795164767343016
TOKYOTECH_s01,39,18,39.6,1.0599926710128784,-0.3516579602472823
TOKYOTECH_s01,39,19,39.63333333333333,0.5226917862892151,-0.5231998490331223
TOKYOTECH_s01,39,20,39.666666666666664,0.0733199492096901,-0.7292358685030528
TOKYOTECH_s01,39,21,39.7,-0.030714431777596474,-0.9587335968754775
TOKYOTECH_s01,39,22,39.733333333333334,0.05213505029678345,-1.1801843502826825
TOKYOTECH_s01,39,23,39.766666666666666,0.17251093685626984,-1.3455164083218567
TOKYOTECH_s01,39,24,39.8,0.1271091103553772,-1.4014746391370438
TOKYOTECH_s01,39,25,39.833333333333336,-0.12494390457868576,-1.305978398728799
TOKYOTECH_s01,39,26,39.86666666666667,-0.4374801814556122,-1.044180449514874
TOKYOTECH_s01,39,27,39.9,-0.6895332336425781,-0.6378061391062312
TOKYOTECH_s01,39,28,39.93333333333333,-0.8358586430549622,-0.14268953879156854
TOKYOTECH_s01,39,29,39.96666666666667,-0.872951865196228,0.36602847751832024
TOKYOTECH_s01,39,30,40.0,-0.9841529130935669,0.8151717889024551
TOKYOTECH_s01,39,31,40.03333333333333,-1.0631433725357056,1.151813561489847
TOKYOTECH_s01,39,32,40.06666666666667,-1.0293972492218018,1.3516187807431783
TOKYOTECH_s01,39,33,40.1,-1.0585756301879883,1.4164710742629103
TOKYOTECH_s01,39,34,40.13333333333333,-1.0201829671859741,1.3657478888651513
TOKYOTECH_s01,39,35,40.166666666666664,-0.9628892540931702,1.2268512379124255
TOKYOTECH_s01,39,36,40.2,-0.6636624336242676,1.0281219026922082
TOKYOTECH_s01,39,37,40.233333333333334,0.4153103232383728,0.7942269426849201
TOKYOTECH_s01,39,38,40.266666666666666,1.7226310968399048,0.5432893721093247
TOKYOTECH_s01,39,39,40.3,2.0728511810302734,0.2857116268551074
TOKYOTECH_s01,39,40,40.333333333333336,1.7090460062026978,0.024955485046991112
TOKYOTECH_s01,39,41,40.36666666666667,1.219430685043335,-0.23977093697867388
TOKYOTECH_s01,39,42,40.4,0.7487164735794067,-0.5093554842781064
TOKYOTECH_s01,39,43,40.43333333333333,0.28241249918937683,-0.7798867841518288
TOKYOTECH_s01,39,44,40.46666666666667,0.05233193561434746,-1.0380660253585638
TOKYOTECH_s01,39,45,40.5,0.08907079696655273,-1.2584253583953817
TOKYOTECH_s01,39,46,40.53333333333333,0.17562173306941986,-1.4042865044151915
TOKYOTECH_s01,39,47,40.56666666666667,0.15518499910831451,-1.43417256425714
TOKYOTECH_s01,39,48,40.6,-0.031305089592933655,-1.3138502585146699
TOKYOTECH_s01,39,49,40.63333333333333,-0.3181281089782715,-1.0311716617479338
TOKYOTECH_s01,39,50,40.666666666666664,-0.5714805722236633,-0.6075740384748006
TOKYOTECH_s01,39,51,40.7,-0.7851014733314514,-0.09925204902571429
TOKYOTECH_s01,39,52,40.733333333333334,-0.8818904757499695,0.41535722605638653
TOKYOTECH_s01,39,53,40.766666666666666,-0.8849225044250488,0.8580399020842521
TOKYOTECH_s01,39,54,40.8,-0.9184718132019043,1.1728953038976844
TOKYOTECH_s01,39,55,40.833333333333336,-0.9455633163452148,1.337357801734581
TOKYOTECH_s01,39,56,40.86666666666667,-1.0041958093643188,1.358984267784856
TOKYOTECH_s01,39,57,40.9,-1.0366032123565674,1.2635483129909857
TOKYOTECH_s01,39,58,40.93333333333333,-0.9903745055198669,1.0826213175235015
TOKYOTECH_s01,39,59,40.96666666666667,-0.7543873190879822,0.8455935087547013
TOKYOTECH_s01,39,60,41.0,0.29402875900268555,0.5763730001516907
TOKYOTECH_s01,39,61,41.03333333333333,1.5693359375,0.29249851803525606
TOKYOTECH_s01,39,62,41.06666666666667,1.9427886009216309,0.0052219960535315225
TOKYOTECH_s01,39,63,41.1,1.6632897853851318,-0.2789902372294251
TOKYOTECH_s01,39,64,41.13333333333333,1.1943475008010864,-0.5548025247580676
TOKYOTECH_s01,39,65,41.166666666666664,0.6531481742858887,-0.8128485731495187
TOKYOTECH_s01,39,66,41.2,0.1675100475549698,-1.03529244994464
TOKYOTECH_s01,39,67,41.233333333333334,-0.017011189833283424,-1.1948373856996146
TOKYOTECH_s01,39,68,41.266666666666666,0.013781726360321045,-1.2588506531581982
TOKYOTECH_s01,39,69,41.3,0.20814724266529083,-1.198323257060602
TOKYOTECH_s01,39,70,41.333333333333336,0.13100744783878326,-0.9994197592593306
TOKYOTECH_s01,39,71,41.36666666666667,-0.039534907788038254,-0.6735609630089338
TOKYOTECH_s01,39,72,41.4,-0.2952106297016144,-0.2609033740603613
TOKYOTECH_s01,39,73,41.43333333333333,-0.5924685597419739,0.1763813479020414
TOKYOTECH_s01,39,74,41.46666666666667,-0.7357619404792786,0.5699043177439709
TOKYOTECH_s01,39,75,41.5,-0.7939613461494446,0.8638891280498874
TOKYOTECH_s01,39,76,41.53333333333333,-0.8310152292251587,1.0293512918645673
TOKYOTECH_s01,39,77,41.56666666666667,-0.8657852411270142,1.0683160675753287
TOKYOTECH_s01,39,78,41.6,-0.9609991312026978,1.007491822322397
TOKYOTECH_s01,39,79,41.63333333333333,-0.930324375629425,0.8850891922095503
TOKYOTECH_s01,39,80,41.666666666666664,-0.8295976519584656,0.7362316620304479
TOKYOTECH_s01,39,81,41.7,-0.2197246551513672,0.5818895351443808
TOKYOTECH_s01,39,82,41.733333333333334,1.0530229806900024,0.424618874334966
TOKYOTECH_s01,39,83,41.766666666666666,1.811387062072754,0.25197982780589284
TOKYOTECH_s01,39,84,41.8,1.7280256748199463,0.04576321401738806
TOKYOTECH_s01,39,85,41.833333333333336,1.2857418060302734,-0.2066079769717076
TOKYOTECH_s01,39,86,41.86666666666667,0.8625951409339905,-0.5021050872942088
TOKYOTECH_s01,39,87,41.9,0.42385515570640564,-0.816285326084427
TOKYOTECH_s01,39,88,41.93333333333333,0.0770607739686966,-1.10373906373232
TOKYOTECH_s01,39,89,41.96666666666667,0.01669563353061676,-1.3059933121033627
TOKYOTECH_s01,39,90,42.0,0.11919430643320084,-1.366153143058295
TOKYOTECH_s01,39,91,42.03333333333333,0.11061009019613266,-1.2469135218435206
TOKYOTECH_s01,39,92,42.06666666666667,-0.04981233924627304,-0.9462355429950751
TOKYOTECH_s01,39,93,42.1,-0.20921096205711365,-0.5040756353236344
TOKYOTECH_s01,39,94,42.13333333333333,-0.4060572385787964,0.004736530514426825
TOKYOTECH_s01,39,95,42.166666666666664,-0.5555328130722046,0.49104945827160695
TOKYOTECH_s01,39,96,42.2,-0.7667911052703857,0.87759019066779
TOKYOTECH_s01,39,97,42.233333333333334,-0.9385148286819458,1.119263708020805
TOKYOTECH_s01,39,98,42.266666666666666,-1.0179778337478638,1.2096481674947062
TOKYOTECH_s01,39,99,42.3,-0.9601722359657288,1.1735945229237514
TOKYOTECH_s01,39,100,42.333333333333336,-0.8731094002723694,1.051980990096423
TOKYOTECH_s01,39,101,42.36666666666667,-0.7935675978660583,0.8861232652160315
TOKYOTECH_s01,39,102,42.4,-0.2440597265958786,0.7065989707649106
TOKYOTECH_s01,39,103,42.43333333333333,0.9915946125984192,0.5276798337921036
TOKYOTECH_s01,39,104,42.46666666666667,1.8293430805206299,0.3470538972115275
TOKYOTECH_s01,39,105,42.5,1.7978414297103882,0.15044971405508228
TOKYOTECH_s01,39,106,42.53333333333333,1.4957793951034546,-0.07970108880063642
TOKYOTECH_s01,39,107,42.56666666666667,1.050148367881775,-0.35362496198447335
TOKYOTECH_s01,39,108,42.6,0.6518487334251404,-0.6647884473458507
TOKYOTECH_s01,39,109,42.63333333333333,0.3628993630409241,-0.9850192743173227
TOKYOTECH_s01,39,110,42.666666666666664,0.20779284834861755,-1.2662461263049511
TOKYOTECH_s01,39,111,42.7,0.22752079367637634,-1.4491665362475021
TOKYOTECH_s01,39,112,42.733333333333334,0.17066021263599396,-1.4776502012406514
TOKYOTECH_s01,39,113,42.766666666666666,0.047409795224666595,-1.316098464673186
TOKYOTECH_s01,39,114,42.8,-0.061901118606328964,-0.9649903625776975
TOKYOTECH_s01,39,115,42.833333333333336,-0.2761520743370056,-0.4683332162281658
TOKYOTECH_s01,39,116,42.86666666666667,-0.5120998620986938,0.09253588601021329
TOKYOTECH_s01,39,117,42.9,-0.6006984114646912,0.61959929376879
TOKYOTECH_s01,39,118,42.93333333333333,-0.7398571968078613,1.0263473991255274
TOKYOTECH_s01,39,119,42.96666666666667,-0.821997880935669,1.2616274633178108
TOKYOTECH_s01,39,120,43.0,-0.8790159821510315,1.319553968086104
TOKYOTECH_s01,39,121,43.03333333333333,-0.9581639766693115,1.2331863228176434
TOKYOTECH_s01,39,122,43.06666666666667,-0.8547202944755554,1.056812630235241
TOKYOTECH_s01,39,123,43.1,-0.5183607935905457,0.8452393041616769
TOKYOTECH_s01,39,124,43.13333333333333,0.6255448460578918,0.6376670667021632
TOKYOTECH_s01,39,125,43.166666666666664,1.8663575649261475,0.45012914626438355
TOKYOTECH_s01,39,126,43.2,2.154834508895874,0.2765888031117213
TOKYOTECH_s01,39,127,43.233333333333334,1.77153742313385,0.09642000264106804
TOKYOTECH_s01,39,128,43.266666666666666,1.2701090574264526,-0.114520743692233
TOKYOTECH_s01,39,129,43.3,0.8914192318916321,-0.37184796729131936
TOKYOTECH_s01,39,130,43.333333333333336,0.591326117515564,-0.672469326685735
TOKYOTECH_s01,39,131,43.36666666666667,0.3621118366718292,-0.9892990641126088
TOKYOTECH_s01,39,132,43.4,0.3647894561290741,-1.2731272814441348
TOKYOTECH_s01,39,133,43.43333333333333,0.4750848114490509,-1.462231261063805
TOKYOTECH_s01,39,134,43.46666666666667,0.39581865072250366,-1.498183412993877
TOKYOTECH_s01,39,135,43.5,0.18121328949928284,-1.3440455714661341
TOKYOTECH_s01,39,136,43.53333333333333,-0.13679641485214233,-0.9993108716419435
TOKYOTECH_s01,39,137,43.56666666666667,-0.47130513191223145,-0.5056490816802759
TOKYOTECH_s01,39,138,43.6,-0.644643247127533,0.06030066958202222
TOKYOTECH_s01,39,139,43.63333333333333,-0.8496800065040588,0.6060680350637447
TOKYOTECH_s01,39,140,43.666666666666664,-0.8701561093330383,1.047758252873651
TOKYOTECH_s01,39,141,43.7,-0.7874641418457031,1.3303794331839298
TOKYOTECH_s01,39,142,43.733333333333334,-0.7261933088302612,1.4373078462298372
TOKYOTECH_s01,39,143,43.766666666666666,-0.7427316904067993,1.3875610718913511
TOKYOTECH_s01,39,144,43.8,-0.7541510462760925,1.2240661357458147
TOKYOTECH_s01,39,145,43.833333333333336,-0.7703350782394409,0.9980595521547355
TOKYOTECH_s01,39,146,43.86666666666667,-0.13707205653190613,0.7544369864331916
TOKYOTECH_s01,39,147,43.9,1.0896437168121338,0.5215076353932414
TOKYOTECH_s01,39,148,43.93333333333333,1.9441274404525757,0.3071782200908349
TOKYOTECH_s01,39,149,43.96666666666667,1.9209343194961548,0.10190709391049983
TOKYOTECH_s01,39,150,44.0,1.5025129318237305,-0.11327668586208395
TOKYOTECH_s01,39,151,44.03333333333333,1.064009189605713,-0.3565915450030413
TOKYOTECH_s01,39,152,44.06666666666667,0.7138283252716064,-0.6356554776974399
TOKYOTECH_s01,39,153,44.1,0.41003379225730896,-0.939788394059078
TOKYOTECH_s01,39,154,44.13333333333333,0.27918359637260437,-1.236529049482407
TOKYOTECH_s01,39,155,44.166666666666664,0.30328238010406494,-1.4745857244422325
TOKYOTECH_s01,39,156,44.2,0.40235525369644165,-1.5941230069370893
TOKYOTECH_s01,39,157,44.233333333333334,0.31974202394485474,-1.5428393291743077
TOKYOTECH_s01,39,158,44.266666666666666,0.07595821470022202,-1.2938204841034453
TOKYOTECH_s01,39,159,44.3,-0.24075204133987427,-0.8593015866505157
TOKYOTECH_s01,39,160,44.333333333333336,-0.4509865343570709,-0.29410179525224484
TOKYOTECH_s01,39,161,44.36666666666667,-0.7423379421234131,0.3147961220979424
TOKYOTECH_s01,39,162,44.4,-0.8095546960830688,0.870209311141085
TOKYOTECH_s01,39,163,44.43333333333333,-0.8686597943305969,1.290247259929283
TOKYOTECH_s01,39,164,44.46666666666667,-0.8031362295150757,1.5275411695510315
TOKYOTECH_s01,39,165,44.5,-0.7963239550590515,1.575756970993273
TOKYOTECH_s01,39,166,44.53333333333333,-0.8115235567092896,1.4634304671179468
TOKYOTECH_s01,39,167,44.56666666666667,-0.8562953472137451,1.2402254199199412
TOKYOTECH_s01,39,168,44.6,-0.8212497234344482,0.9613096761456396
TOKYOTECH_s01,39,169,44.63333333333333,-0.2288995236158371,0.6736659175875523
TOKYOTECH_s01,39,170,44.666666666666664,1.0510541200637817,0.40684628207857076
TOKYOTECH_s01,39,171,44.7,1.9238876104354858,0.16977763596262005
TOKYOTECH_s01,39,172,44.733333333333334,1.8901020288467407,-0.04637097639909634
TOKYOTECH_s01,39,173,44.766666666666666,1.4704205989837646,-0.26081893674263973
TOKYOTECH_s01,39,174,44.8,1.0896437168121338,-0.49341964726497545
TOKYOTECH_s01,39,175,44.833333333333336,0.6222371459007263,-0.7545986630619596
TOKYOTECH_s01,39,176,44.86666666666667,0.3084014058113098,-1.037155731701814
TOKYOTECH_s01,39,177,44.9,0.23212791979312897,-1.31217642429578
TOKYOTECH_s01,39,178,44.93333333333333,0.32797184586524963,-1.530901234058244
TOKYOTECH_s01,39,179,44.96666666666667,0.31281164288520813,-1.6335326413515054
TOKYOTECH_s01,39,180,45.0,0.09261474013328552,-1.564578351167195
TOKYOTECH_s01,39,181,45.03333333333333,-0.2311440259218216,-1.2919175774923157
TOKYOTECH_s01,39,182,45.06666666666667,-0.44204792380332947,-0.8236321812608074
TOKYOTECH_s01,39,183,45.1,-0.7222555875778198,-0.21482118922984308
TOKYOTECH_s01,39,184,45.13333333333333,-0.8306214809417725,0.44148318901055333
TOKYOTECH_s01,39,185,45.166666666666664,-0.8166031837463379,1.038575023851258
TOKYOTECH_s01,39,186,45.2,-0.7960877418518066,1.4860665963956554
TOKYOTECH_s01,39,187,45.233333333333334,-0.8321965336799622,1.7322688602839194
TOKYOTECH_s01,39,188,45.266666666666666,-0.8193596005439758,1.770709399424536
TOKYOTECH_s01,39,189,45.3,-0.8720462322235107,1.6318553989183364
TOKYOTECH_s01,39,190,45.333333333333336,-0.9609203934669495,1.367309319886121
TOKYOTECH_s01,39,191,45.36666666666667,-0.9936821460723877,1.034162996994585
TOKYOTECH_s01,39,192,45.4,-0.5146987438201904,0.6834952947269818
TOKYOTECH_s01,39,193,45.43333333333333,0.8056951761245728,0.35315133793114184
TOKYOTECH_s01,39,194,45.46666666666667,1.8530875444412231,0.06388504111969778
TOKYOTECH_s01,39,195,45.5,1.8137891292572021,-0.1811747516892125
TOKYOTECH_s01,39,196,45.53333333333333,1.3552030324935913,-0.3932621610279139
TOKYOTECH_s01,39,197,45.56666666666667,1.0844459533691406,-0.5911318348398343
TOKYOTECH_s01,39,198,45.6,0.6793733835220337,-0.7922111016281472
TOKYOTECH_s01,39,199,45.63333333333333,0.27776601910591125,-1.0041628110384504
TOKYOTECH_s01,39,200,45.666666666666664,0.19460150599479675,-1.2189261843106545
TOKYOTECH_s01,39,201,45.7,0.33667418360710144,-1.4105759954519534
TOKYOTECH_s01,39,202,45.733333333333334,0.39148715138435364,-1.53807958734403
TOKYOTECH_s01,39,203,45.766666666666666,0.2670554220676422,-1.5536957395909867
TOKYOTECH_s01,39,204,45.8,0.01594746857881546,-1.4164489416075117
TOKYOTECH_s01,39,205,45.833333333333336,-0.3021409809589386,-1.1077962241117758
TOKYOTECH_s01,39,206,45.86666666666667,-0.6017615795135498,-0.6442001036041124
TOKYOTECH_s01,39,207,45.9,-0.838851273059845,-0.08037451901255784
TOKYOTECH_s01,39,208,45.93333333333333,-0.9537143707275391,0.5009601955671996
TOKYOTECH_s01,39,209,45.96666666666667,-1.045108675956726,1.0111134973568345
TOKYOTECH_s01,39,210,46.0,-1.1093721389770508,1.3801792687409806
TOKYOTECH_s01,39,211,46.03333333333333,-0.9997856020927429,1.5729726838957532
TOKYOTECH_s01,39,212,46.06666666666667,-0.934813380241394,1.590557369078605
TOKYOTECH_s01,39,213,46.1,-0.9224883317947388,1.4606457449580534
TOKYOTECH_s01,39,214,46.13333333333333,-0.9765530824661255,1.2245834300967202
TOKYOTECH_s01,39,215,46.166666666666664,-0.9254809617996216,0.9270847600379253
TOKYOTECH_s01,39,216,46.2,-0.30489739775657654,0.6102730925762583
TOKYOTECH_s01,39,217,46.233333333333334,0.9393805861473083,0.31010386990703637
TOKYOTECH_s01,39,218,46.266666666666666,1.944088101387024,0.05329820204326095
TOKYOTECH_s01,39,219,46.3,1.943379282951355,-0.14520925896326253
TOKYOTECH_s01,39,220,46.333333333333336,1.5101914405822754,-0.28333465913347944
TOKYOTECH_s01,39,221,46.36666666666667,1.1277607679367065,-0.3707429628138642
TOKYOTECH_s01,39,222,46.4,0.7533236145973206,-0.42553850172545976
TOKYOTECH_s01,39,223,46.43333333333333,0.3122209906578064,-0.469120366927267
TOKYOTECH_s01,39,224,46.46666666666667,0.13766217231750488,-0.5197290148627577
TOKYOTECH_s01,39,225,46.5,0.18711985647678375,-0.5855176236872923
TOKYOTECH_s01,39,226,46.53333333333333,0.23452992737293243,-0.6588027377735359
TOKYOTECH_s01,39,227,46.56666666666667,0.17963820695877075,-0.7143085319848694
TOKYOTECH_s01,39,228,46.6,-0.016066139563918114,-0.7146188753954658
TOKYOTECH_s01,39,229,46.63333333333333,-0.24437473714351654,-0.6237442683681576
TOKYOTECH_s01,39,230,46.666666666666664,-0.5447041392326355,-0.42459649675763605
TOKYOTECH_s01,39,231,46.7,-0.7333599328994751,-0.13199781531362997
TOKYOTECH_s01,39,232,46.733333333333334,-0.8541296124458313,0.20644476371358256
TOKYOTECH_s01,39,233,46.766666666666666,-0.9472565054893494,0.5235044187858935
TOKYOTECH_s01,39,234,46.8,-1.072987675666809,0.753823614535122
TOKYOTECH_s01,39,235,46.833333333333336,-1.0853520631790161,0.8535678540678354
TOKYOTECH_s01,39,236,46.86666666666667,-1.1570972204208374,0.8099609651666269
TOKYOTECH_s01,39,237,46.9,-1.1458747386932373,0.6388157192542916
TOKYOTECH_s01,39,238,46.93333333333333,-1.1654452085494995,0.3746187352791031
TOKYOTECH_s01,39,239,46.96666666666667,-1.1567822694778442,0.060261706909277554
TOKYOTECH_s01,40,0,40.0,-0.9841529130935669,0.04228385679847986
TOKYOTECH_s01,40,1,40.03333333333333,-1.0631433725357056,0.20646956600941732
TOKYOTECH_s01,40,2,40.06666666666667,-1.0293972492218018,0.3583395224996965
TOKYOTECH_s01,40,3,40.1,-1.0585756301879883,0.4908057992218194
TOKYOTECH_s01,40,4,40.13333333333333,-1.0201829671859741,0.5989101915940178
TOKYOTECH_s01,40,5,40.166666666666664,-0.9628892540931702,0.6794765240302958
TOKYOTECH_s01,40,6,40.2,-0.6636624336242676,0.7295438844577835
TOKYOTECH_s01,40,7,40.233333333333334,0.4153103232383728,0.7443244852634089
TOKYOTECH_s01,40,8,40.266666666666666,1.7226310968399048,0.7160802932206914
TOKYOTECH_s01,40,9,40.3,2.0728511810302734,0.6351529886439571
TOKYOTECH_s01,40,10,40.333333333333336,1.7090460062026978,0.49344464108705943
TOKYOTECH_s01,40,11,40.36666666666667,1.219430685043335,0.2893418096613236
TOKYOTECH_s01,40,12,40.4,0.7487164735794067,0.03207386728429924
TOKYOTECH_s01,40,13,40.43333333333333,0.28241249918937683,-0.2564891378219082
TOKYOTECH_s01,40,14,40.46666666666667,0.05233193561434746,-0.5434393339876866
TOKYOTECH_s01,40,15,40.5,0.08907079696655273,-0.789282448227066
TOKYOTECH_s01,40,16,40.53333333333333,0.17562173306941986,-0.9540913073147578
TOKYOTECH_s01,40,17,40.56666666666667,0.15518499910831451,-1.0046543022271794
TOKYOTECH_s01,40,18,40.6,-0.031305089592933655,-0.9225496488975469
TOKYOTECH_s01,40,19,40.63333333333333,-0.3181281089782715,-0.7121908592767855
TOKYOTECH_s01,40,20,40.666666666666664,-0.5714805722236633,-0.4052794475854851
TOKYOTECH_s01,40,21,40.7,-0.7851014733314514,-0.056844621489698266
TOKYOTECH_s01,40,22,40.733333333333334,-0.8818904757499695,0.2690148636726927
TOKYOTECH_s01,40,23,40.766666666666666,-0.8849225044250488,0.5193903787685966
TOKYOTECH_s01,40,24,40.8,-0.9184718132019043,0.6691416470782873
TOKYOTECH_s01,40,25,40.833333333333336,-0.9455633163452148,0.7246631564944743
TOKYOTECH_s01,40,26,40.86666666666667,-1.0041958093643188,0.7134246055038549
TOKYOTECH_s01,40,27,40.9,-1.0366032123565674,0.6664499642407253
TOKYOTECH_s01,40,28,40.93333333333333,-0.9903745055198669,0.6034994698175066
TOKYOTECH_s01,40,29,40.96666666666667,-0.7543873190879822,0.5271331332701717
TOKYOTECH_s01,40,30,41.0,0.29402875900268555,0.4259755221687449
TOKYOTECH_s01,40,31,41.03333333333333,1.5693359375,0.2833840490095918
TOKYOTECH_s01,40,32,41.06666666666667,1.9427886009216309,0.087203549532065
TOKYOTECH_s01,40,33,41.1,1.6632897853851318,-0.16222462621987516
TOKYOTECH_s01,40,34,41.13333333333333,1.1943475008010864,-0.447487610397374
TOKYOTECH_s01,40,35,41.166666666666664,0.6531481742858887,-0.7340800049841959
TOKYOTECH_s01,40,36,41.2,0.1675100475549698,-0.9753059236681674
TOKYOTECH_s01,40,37,41.233333333333334,-0.017011189833283424,-1.1213945747515668
TOKYOTECH_s01,40,38,41.266666666666666,0.013781726360321045,-1.1310418312266328
TOKYOTECH_s01,40,39,41.3,0.20814724266529083,-0.9829614153400457
TOKYOTECH_s01,40,40,41.333333333333336,0.13100744783878326,-0.68490696927427
TOKYOTECH_s01,40,41,41.36666666666667,-0.039534907788038254,-0.2773153497538802
TOKYOTECH_s01,40,42,41.4,-0.2952106297016144,0.17162082708825338
TOKYOTECH_s01,40,43,41.43333333333333,-0.5924685597419739,0.5808491970569857
TOKYOTECH_s01,40,44,41.46666666666667,-0.7357619404792786,0.8779558051078313
TOKYOTECH_s01,40,45,41.5,-0.7939613461494446,1.019537165083435
TOKYOTECH_s01,40,46,41.53333333333333,-0.8310152292251587,1.0024697528888098
TOKYOTECH_s01,40,47,41.56666666666667,-0.8657852411270142,0.8619090561434847
TOKYOTECH_s01,40,48,41.6,-0.9609991312026978,0.6572419301709632
TOKYOTECH_s01,40,49,41.63333333333333,-0.930324375629425,0.4514752077401914
TOKYOTECH_s01,40,50,41.666666666666664,-0.8295976519584656,0.2910738798062735
TOKYOTECH_s01,40,51,41.7,-0.2197246551513672,0.19247629114975023
TOKYOTECH_s01,40,52,41.733333333333334,1.0530229806900024,0.13939873852482357
TOKYOTECH_s01,40,53,41.766666666666666,1.811387062072754,0.09169376089337941
TOKYOTECH_s01,40,54,41.8,1.7280256748199463,0.0024179537801464843
TOKYOTECH_s01,40,55,41.833333333333336,1.2857418060302734,-0.1630388010175689
TOKYOTECH_s01,40,56,41.86666666666667,0.8625951409339905,-0.4118600873866299
TOKYOTECH_s01,40,57,41.9,0.42385515570640564,-0.7168872132564106
TOKYOTECH_s01,40,58,41.93333333333333,0.0770607739686966,-1.0197994793072012
TOKYOTECH_s01,40,59,41.96666666666667,0.01669563353061676,-1.2441960542766457
TOKYOTECH_s01,40,60,42.0,0.11919430643320084,-1.3161050957222957
TOKYOTECH_s01,40,61,42.03333333333333,0.11061009019613266,-1.1870186027198708
TOKYOTECH_s01,40,62,42.06666666666667,-0.04981233924627304,-0.852576426002444
TOKYOTECH_s01,40,63,42.1,-0.20921096205711365,-0.3596549640620223
TOKYOTECH_s01,40,64,42.13333333333333,-0.4060572385787964,0.2029004361118256
TOKYOTECH_s01,40,65,42.166666666666664,-0.5555328130722046,0.7287065983044844
TOKYOTECH_s01,40,66,42.2,-0.7667911052703857,1.1247179549249813
TOKYOTECH_s01,40,67,42.233333333333334,-0.9385148286819458,1.336078585551122
TOKYOTECH_s01,40,68,42.266666666666666,-1.0179778337478638,1.3560234652087453
TOKYOTECH_s01,40,69,42.3,-0.9601722359657288,1.2196519788325029
TOKYOTECH_s01,40,70,42.333333333333336,-0.8731094002723694,0.9868666325813038
TOKYOTECH_s01,40,71,42.36666666666667,-0.7935675978660583,0.7220346645273654
TOKYOTECH_s01,40,72,42.4,-0.2440597265958786,0.47628944677646634
TOKYOTECH_s01,40,73,42.43333333333333,0.9915946125984192,0.2757713859897402
TOKYOTECH_s01,40,74,42.46666666666667,1.8293430805206299,0.11784321436005948
TOKYOTECH_s01,40,75,42.5,1.7978414297103882,-0.023650681994373757
TOKYOTECH_s01,40,76,42.53333333333333,1.4957793951034546,-0.1853168229539484
TOKYOTECH_s01,40,77,42.56666666666667,1.050148367881775,-0.3973592734223609
TOKYOTECH_s01,40,78,42.6,0.6518487334251404,-0.6684347533850492
TOKYOTECH_s01,40,79,42.63333333333333,0.3628993630409241,-0.9771558034381156
TOKYOTECH_s01,40,80,42.666666666666664,0.20779284834861755,-1.2729922099476287
TOKYOTECH_s01,40,81,42.7,0.22752079367637634,-1.4866686681709944
TOKYOTECH_s01,40,82,42.733333333333334,0.17066021263599396,-1.5479762735156901
TOKYOTECH_s01,40,83,42.766666666666666,0.047409795224666595,-1.4070750738447793
TOKYOTECH_s01,40,84,42.8,-0.061901118606328964,-1.0535885897834891
TOKYOTECH_s01,40,85,42.833333333333336,-0.2761520743370056,-0.526610659442529
TOKYOTECH_s01,40,86,42.86666666666667,-0.5120998620986938,0.09036292881473607
TOKYOTECH_s01,40,87,42.9,-0.6006984114646912,0.690633379769013
TOKYOTECH_s01,40,88,42.93333333333333,-0.7398571968078613,1.1745472148658924
TOKYOTECH_s01,40,89,42.96666666666667,-0.821997880935669,1.476262247918861
TOKYOTECH_s01,40,90,43.0,-0.8790159821510315,1.5765880093370754
TOKYOTECH_s01,40,91,43.03333333333333,-0.9581639766693115,1.4990461389493972
TOKYOTECH_s01,40,92,43.06666666666667,-0.8547202944755554,1.2939605743211018
TOKYOTECH_s01,40,93,43.1,-0.5183607935905457,1.0189997912840145
TOKYOTECH_s01,40,94,43.13333333333333,0.6255448460578918,0.723140673253037
TOKYOTECH_s01,40,95,43.166666666666664,1.8663575649261475,0.4372112902857158
TOKYOTECH_s01,40,96,43.2,2.154834508895874,0.1713146083073405
TOKYOTECH_s01,40,97,43.233333333333334,1.77153742313385,-0.08168945572532048
TOKYOTECH_s01,40,98,43.266666666666666,1.2701090574264526,-0.3378027163850654
TOKYOTECH_s01,40,99,43.3,0.8914192318916321,-0.6104121352895606
TOKYOTECH_s01,40,100,43.333333333333336,0.591326117515564,-0.8988082012408172
TOKYOTECH_s01,40,101,43.36666666666667,0.3621118366718292,-1.180746157787354
TOKYOTECH_s01,40,102,43.4,0.3647894561290741,-1.4125631028018826
TOKYOTECH_s01,40,103,43.43333333333333,0.4750848114490509,-1.5382398218052815
TOKYOTECH_s01,40,104,43.46666666666667,0.39581865072250366,-1.505750704570063
TOKYOTECH_s01,40,105,43.5,0.18121328949928284,-1.2859833644976157
TOKYOTECH_s01,40,106,43.53333333333333,-0.13679641485214233,-0.8875102292949012
TOKYOTECH_s01,40,107,43.56666666666667,-0.47130513191223145,-0.36064608670299114
TOKYOTECH_s01,40,108,43.6,-0.644643247127533,0.21274347208478323
TOKYOTECH_s01,40,109,43.63333333333333,-0.8496800065040588,0.7413741291144765
TOKYOTECH_s01,40,110,43.666666666666664,-0.8701561093330383,1.149885267065939
TOKYOTECH_s01,40,111,43.7,-0.7874641418457031,1.3965955409537258
TOKYOTECH_s01,40,112,43.733333333333334,-0.7261933088302612,1.477666445965046
TOKYOTECH_s01,40,113,43.766666666666666,-0.7427316904067993,1.4190665110317822
TOKYOTECH_s01,40,114,43.8,-0.7541510462760925,1.2621496088506667
TOKYOTECH_s01,40,115,43.833333333333336,-0.7703350782394409,1.0490275693839661
TOKYOTECH_s01,40,116,43.86666666666667,-0.13707205653190613,0.8119639327915983
TOKYOTECH_s01,40,117,43.9,1.0896437168121338,0.5685472743281343
TOKYOTECH_s01,40,118,43.93333333333333,1.9441274404525757,0.32249470806064257
TOKYOTECH_s01,40,119,43.96666666666667,1.9209343194961548,0.06859627165492639
TOKYOTECH_s01,40,120,44.0,1.5025129318237305,-0.20060717478164133
TOKYOTECH_s01,40,121,44.03333333333333,1.064009189605713,-0.4886769974815431
TOKYOTECH_s01,40,122,44.06666666666667,0.7138283252716064,-0.7905782439273581
TOKYOTECH_s01,40,123,44.1,0.41003379225730896,-1.0892875157681177
TOKYOTECH_s01,40,124,44.13333333333333,0.27918359637260437,-1.3540540937925272
TOKYOTECH_s01,40,125,44.166666666666664,0.30328238010406494,-1.5419606759531215
TOKYOTECH_s01,40,126,44.2,0.40235525369644165,-1.6048642692653432
TOKYOTECH_s01,40,127,44.233333333333334,0.31974202394485474,-1.5022280118020035
TOKYOTECH_s01,40,128,44.266666666666666,0.07595821470022202,-1.2169860268232666
TOKYOTECH_s01,40,129,44.3,-0.24075204133987427,-0.7682727605271124
TOKYOTECH_s01,40,130,44.333333333333336,-0.4509865343570709,-0.21402074296313373
TOKYOTECH_s01,40,131,44.36666666666667,-0.7423379421234131,0.3603267824082544
TOKYOTECH_s01,40,132,44.4,-0.8095546960830688,0.8642142180809108
TOKYOTECH_s01,40,133,44.43333333333333,-0.8686597943305969,1.226780567719345
TOKYOTECH_s01,40,134,44.46666666666667,-0.8031362295150757,1.4139929257611215
TOKYOTECH_s01,40,135,44.5,-0.7963239550590515,1.432060641085521
TOKYOTECH_s01,40,136,44.53333333333333,-0.8115235567092896,1.3180938037704684
TOKYOTECH_s01,40,137,44.56666666666667,-0.8562953472137451,1.1241194944385005
TOKYOTECH_s01,40,138,44.6,-0.8212497234344482,0.9008324802225707
TOKYOTECH_s01,40,139,44.63333333333333,-0.2288995236158371,0.6850468799190478
TOKYOTECH_s01,40,140,44.666666666666664,1.0510541200637817,0.4930222450765013
TOKYOTECH_s01,40,141,44.7,1.9238876104354858,0.3206020673776932
TOKYOTECH_s01,40,142,44.733333333333334,1.8901020288467407,0.1493079669797305
TOKYOTECH_s01,40,143,44.766666666666666,1.4704205989837646,-0.04418741702799449
TOKYOTECH_s01,40,144,44.8,1.0896437168121338,-0.27829459111681254
TOKYOTECH_s01,40,145,44.833333333333336,0.6222371459007263,-0.5587168657353923
TOKYOTECH_s01,40,146,44.86666666666667,0.3084014058113098,-0.8735315453246975
TOKYOTECH_s01,40,147,44.9,0.23212791979312897,-1.1913140162403555
TOKYOTECH_s01,40,148,44.93333333333333,0.32797184586524963,-1.4629503422279986
TOKYOTECH_s01,40,149,44.96666666666667,0.31281164288520813,-1.6285581306584052
TOKYOTECH_s01,40,150,45.0,0.09261474013328552,-1.6305366087545294
TOKYOTECH_s01,40,151,45.03333333333333,-0.2311440259218216,-1.4313007425090924
TOKYOTECH_s01,40,152,45.06666666666667,-0.44204792380332947,-1.0303959206862279
TOKYOTECH_s01,40,153,45.1,-0.7222555875778198,-0.47305752469267826
TOKYOTECH_s01,40,154,45.13333333333333,-0.8306214809417725,0.15633569530066277
TOKYOTECH_s01,40,155,45.166666666666664,-0.8166031837463379,0.7561167920231501
TOKYOTECH_s01,40,156,45.2,-0.7960877418518066,1.2360386510749506
TOKYOTECH_s01,40,157,45.233333333333334,-0.8321965336799622,1.540059119975318
TOKYOTECH_s01,40,158,45.266666666666666,-0.8193596005439758,1.654578606570982
TOKYOTECH_s01,40,159,45.3,-0.8720462322235107,1.602084510765376
TOKYOTECH_s01,40,160,45.333333333333336,-0.9609203934669495,1.4264774792173904
TOKYOTECH_s01,40,161,45.36666666666667,-0.9936821460723877,1.1775233909906908
TOKYOTECH_s01,40,162,45.4,-0.5146987438201904,0.8989254220287861
TOKYOTECH_s01,40,163,45.43333333333333,0.8056951761245728,0.6210129576198996
TOKYOTECH_s01,40,164,45.46666666666667,1.8530875444412231,0.3577891717743012
TOKYOTECH_s01,40,165,45.5,1.8137891292572021,0.1082533964608364
TOKYOTECH_s01,40,166,45.53333333333333,1.3552030324935913,-0.13843225576884022
TOKYOTECH_s01,40,167,45.56666666666667,1.0844459533691406,-0.39539335515570284
TOKYOTECH_s01,40,168,45.6,0.6793733835220337,-0.6703748721998206
TOKYOTECH_s01,40,169,45.63333333333333,0.27776601910591125,-0.9600186937207502
TOKYOTECH_s01,40,170,45.666666666666664,0.19460150599479675,-1.2469731792173535
TOKYOTECH_s01,40,171,45.7,0.33667418360710144,-1.4997385736511764
TOKYOTECH_s01,40,172,45.733333333333334,0.39148715138435364,-1.675317617457758
TOKYOTECH_s01,40,173,45.766666666666666,0.2670554220676422,-1.7255138425330565
TOKYOTECH_s01,40,174,45.8,0.01594746857881546,-1.6077631246167101
TOKYOTECH_s01,40,175,45.833333333333336,-0.3021409809589386,-1.2996170179509878
TOKYOTECH_s01,40,176,45.86666666666667,-0.6017615795135498,-0.812690359294882
TOKYOTECH_s01,40,177,45.9,-0.838851273059845,-0.19922829690412325
TOKYOTECH_s01,40,178,45.93333333333333,-0.9537143707275391,0.45480103469995115
TOKYOTECH_s01,40,179,45.96666666666667,-1.045108675956726,1.0504270858349367
TOKYOTECH_s01,40,180,46.0,-1.1093721389770508,1.5020543288339467
TOKYOTECH_s01,40,181,46.03333333333333,-0.9997856020927429,1.7574184550857015
TOKYOTECH_s01,40,182,46.06666666666667,-0.934813380241394,1.804084709571985
TOKYOTECH_s01,40,183,46.1,-0.9224883317947388,1.6639857136136196
TOKYOTECH_s01,40,184,46.13333333333333,-0.9765530824661255,1.3819857597425993
TOKYOTECH_s01,40,185,46.166666666666664,-0.9254809617996216,1.0137952010401536
TOKYOTECH_s01,40,186,46.2,-0.30489739775657654,0.615661517310578
TOKYOTECH_s01,40,187,46.233333333333334,0.9393805861473083,0.23610192467441496
TOKYOTECH_s01,40,188,46.266666666666666,1.944088101387024,-0.09018384747225541
TOKYOTECH_s01,40,189,46.3,1.943379282951355,-0.34543747585434287
TOKYOTECH_s01,40,190,46.333333333333336,1.5101914405822754,-0.5284880527166232
TOKYOTECH_s01,40,191,46.36666666666667,1.1277607679367065,-0.6513979524180324
TOKYOTECH_s01,40,192,46.4,0.7533236145973206,-0.7342580720074411
TOKYOTECH_s01,40,193,46.43333333333333,0.3122209906578064,-0.7991261605075941
TOKYOTECH_s01,40,194,46.46666666666667,0.13766217231750488,-0.8634318240704842
TOKYOTECH_s01,40,195,46.5,0.18711985647678375,-0.9330599469035646
TOKYOTECH_s01,40,196,46.53333333333333,0.23452992737293243,-0.9964753394824837
TOKYOTECH_s01,40,197,46.56666666666667,0.17963820695877075,-1.0230158367523006
TOKYOTECH_s01,40,198,46.6,-0.016066139563918114,-0.9690940761988875
TOKYOTECH_s01,40,199,46.63333333333333,-0.24437473714351654,-0.7934043483495372
TOKYOTECH_s01,40,200,46.666666666666664,-0.5447041392326355,-0.4765382401214282
TOKYOTECH_s01,40,201,46.7,-0.7333599328994751,-0.035971815727696456
TOKYOTECH_s01,40,202,46.733333333333334,-0.8541296124458313,0.47171591767533394
TOKYOTECH_s01,40,203,46.766666666666666,-0.9472565054893494,0.9637721262460153
TOKYOTECH_s01,40,204,46.8,-1.072987675666809,1.3545669280838093
TOKYOTECH_s01,40,205,46.833333333333336,-1.0853520631790161,1.5797679881727575
TOKYOTECH_s01,40,206,46.86666666666667,-1.1570972204208374,1.6120433947203618
TOKYOTECH_s01,40,207,46.9,-1.1458747386932373,1.4635559955141826
TOKYOTECH_s01,40,208,46.93333333333333,-1.1654452085494995,1.1768591905939658
TOKYOTECH_s01,40,209,46.96666666666667,-1.1567822694778442,0.8099496887129516
TOKYOTECH_s01,40,210,47.0,-0.9876968264579773,0.4211357700852354
TOKYOTECH_s01,40,211,47.03333333333333,0.07658825069665909,0.057213078066246176
TOKYOTECH_s01,40,212,47.06666666666667,1.5201932191848755,-0.2530630319897442
TOKYOTECH_s01,40,213,47.1,2.1279006004333496,-0.4994758464176317
TOKYOTECH_s01,40,214,47.13333333333333,1.8286737203598022,-0.6860960252287177
TOKYOTECH_s01,40,215,47.166666666666664,1.3625272512435913,-0.8250567490702749
TOKYOTECH_s01,40,216,47.2,0.8383781909942627,-0.9307309390093516
TOKYOTECH_s01,40,217,47.233333333333334,0.351519376039505,-1.0151816952100334
TOKYOTECH_s01,40,218,47.266666666666666,0.07450126111507416,-1.0846840016942023
TOKYOTECH_s01,40,219,47.3,-0.026107307523489,-1.1370536791321733
TOKYOTECH_s01,40,220,47.333333333333336,0.07548569142818451,-1.160208827574019
TOKYOTECH_s01,40,221,47.36666666666667,0.11628039926290512,-1.1331887342800704
TOKYOTECH_s01,40,222,47.4,0.0763126090168953,-1.0310027489008338
TOKYOTECH_s01,40,223,47.43333333333333,-0.1432148963212967,-0.8336074609582511
TOKYOTECH_s01,40,224,47.46666666666667,-0.3559301495552063,-0.5370629672235895
TOKYOTECH_s01,40,225,47.5,-0.6226708292961121,-0.1623924714321696
TOKYOTECH_s01,40,226,47.53333333333333,-0.8129017353057861,0.24341776374567456
TOKYOTECH_s01,40,227,47.56666666666667,-0.9228033423423767,0.617387526513661
TOKYOTECH_s01,40,228,47.6,-1.0171115398406982,0.8987270072832713
TOKYOTECH_s01,40,229,47.63333333333333,-1.0385327339172363,1.0473959112467188
TOKYOTECH_s01,40,230,47.666666666666664,-1.0674355030059814,1.054954481277675
TOKYOTECH_s01,40,231,47.7,-1.0011638402938843,0.9439693415449599
TOKYOTECH_s01,40,232,47.733333333333334,-0.9841529130935669,0.7579985891948493
TOKYOTECH_s01,40,233,47.766666666666666,-0.9619048237800598,0.5477110568620345
TOKYOTECH_s01,40,234,47.8,-0.34399887919425964,0.35830691137504855
TOKYOTECH_s01,40,235,47.833333333333336,0.9939572811126709,0.22100666046453654
TOKYOTECH_s01,40,236,47.86666666666667,1.9019938707351685,0.14949685786287828
TOKYOTECH_s01,40,237,47.9,1.8585609197616577,0.14095939250547918
TOKYOTECH_s01,40,238,47.93333333333333,1.3199604749679565,0.18006401889494997
TOKYOTECH_s01,40,239,47.96666666666667,0.8759046196937561,0.2438201027611597
TOKYOTECH_s01,41,0,41.0,0.29402875900268555,0.05965044239327027
TOKYOTECH_s01,41,1,41.03333333333333,1.5693359375,-0.10132998895711844
TOKYOTECH_s01,41,2,41.06666666666667,1.9427886009216309,-0.2616960387502274
TOKYOTECH_s01,41,3,41.1,1.6632897853851318,-0.4140997197117301
TOKYOTECH_s01,41,4,41.13333333333333,1.1943475008010864,-0.5426042557143284
TOKYOTECH_s01,41,5,41.166666666666664,0.6531481742858887,-0.623389747978302
TOKYOTECH_s01,41,6,41.2,0.1675100475549698,-0.6296578480060987
TOKYOTECH_s01,41,7,41.233333333333334,-0.017011189833283424,-0.5398722011851398
TOKYOTECH_s01,41,8,41.266666666666666,0.013781726360321045,-0.34688180211406444
TOKYOTECH_s01,41,9,41.3,0.20814724266529083,-0.06456263801204891
TOKYOTECH_s01,41,10,41.333333333333336,0.13100744783878326,0.2707326697082655
TOKYOTECH_s01,41,11,41.36666666666667,-0.039534907788038254,0.6050278682779017
TOKYOTECH_s01,41,12,41.4,-0.2952106297016144,0.8773660768202411
TOKYOTECH_s01,41,13,41.43333333333333,-0.5924685597419739,1.034048297233866
TOKYOTECH_s01,41,14,41.46666666666667,-0.7357619404792786,1.0425813926520708
TOKYOTECH_s01,41,15,41.5,-0.7939613461494446,0.9008789103360273
TOKYOTECH_s01,41,16,41.53333333333333,-0.8310152292251587,0.6386282548569174
TOKYOTECH_s01,41,17,41.56666666666667,-0.8657852411270142,0.31019356512277074
TOKYOTECH_s01,41,18,41.6,-0.9609991312026978,-0.019279866267665896
TOKYOTECH_s01,41,19,41.63333333333333,-0.930324375629425,-0.29102755833117977
TOKYOTECH_s01,41,20,41.666666666666664,-0.8295976519584656,-0.46822513714872005
TOKYOTECH_s01,41,21,41.7,-0.2197246551513672,-0.5450351814790827
TOKYOTECH_s01,41,22,41.733333333333334,1.0530229806900024,-0.5460595421745795
TOKYOTECH_s01,41,23,41.766666666666666,1.811387062072754,-0.5162701194202717
TOKYOTECH_s01,41,24,41.8,1.7280256748199463,-0.5046982063148253
TOKYOTECH_s01,41,25,41.833333333333336,1.2857418060302734,-0.5470283738004768
TOKYOTECH_s01,41,26,41.86666666666667,0.8625951409339905,-0.6521356152910562
TOKYOTECH_s01,41,27,41.9,0.42385515570640564,-0.796284399752798
TOKYOTECH_s01,41,28,41.93333333333333,0.0770607739686966,-0.9270852793043863
TOKYOTECH_s01,41,29,41.96666666666667,0.01669563353061676,-0.9772670870975617
TOKYOTECH_s01,41,30,42.0,0.11919430643320084,-0.8855895242248676
TOKYOTECH_s01,41,31,42.03333333333333,0.11061009019613266,-0.6193363525102854
TOKYOTECH_s01,41,32,42.06666666666667,-0.04981233924627304,-0.19092465913694995
TOKYOTECH_s01,41,33,42.1,-0.20921096205711365,0.3385901656370797
TOKYOTECH_s01,41,34,42.13333333333333,-0.4060572385787964,0.8730074737410771
TOKYOTECH_s01,41,35,42.166666666666664,-0.5555328130722046,1.3086664389967884
TOKYOTECH_s01,41,36,42.2,-0.7667911052703857,1.5658027187374162
TOKYOTECH_s01,41,37,42.233333333333334,-0.9385148286819458,1.6103009960181636
TOKYOTECH_s01,41,38,42.266666666666666,-1.0179778337478638,1.458090421389163
TOKYOTECH_s01,41,39,42.3,-0.9601722359657288,1.1634682841213517
TOKYOTECH_s01,41,40,42.333333333333336,-0.8731094002723694,0.798526500348048
TOKYOTECH_s01,41,41,42.36666666666667,-0.7935675978660583,0.4318152876392819
TOKYOTECH_s01,41,42,42.4,-0.2440597265958786,0.11211407654956565
TOKYOTECH_s01,41,43,42.43333333333333,0.9915946125984192,-0.13982296760519197
TOKYOTECH_s01,41,44,42.46666666666667,1.8293430805206299,-0.33080480894259934
TOKYOTECH_s01,41,45,42.5,1.7978414297103882,-0.4868681004496221
TOKYOTECH_s01,41,46,42.53333333333333,1.4957793951034546,-0.6397135953386597
TOKYOTECH_s01,41,47,42.56666666666667,1.050148367881775,-0.8120480679803025
TOKYOTECH_s01,41,48,42.6,0.6518487334251404,-1.0062302027746062
TOKYOTECH_s01,41,49,42.63333333333333,0.3628993630409241,-1.1995221341094058
TOKYOTECH_s01,41,50,42.666666666666664,0.20779284834861755,-1.3473063965940493
TOKYOTECH_s01,41,51,42.7,0.22752079367637634,-1.3937092875082686
TOKYOTECH_s01,41,52,42.733333333333334,0.17066021263599396,-1.287655787571992
TOKYOTECH_s01,41,53,42.766666666666666,0.047409795224666595,-1.0010292657046849
TOKYOTECH_s01,41,54,42.8,-0.061901118606328964,-0.5439687730422795
TOKYOTECH_s01,41,55,42.833333333333336,-0.2761520743370056,0.028916587690745673
TOKYOTECH_s01,41,56,42.86666666666667,-0.5120998620986938,0.6268090431605252
TOKYOTECH_s01,41,57,42.9,-0.6006984114646912,1.1458062003709166
TOKYOTECH_s01,41,58,42.93333333333333,-0.7398571968078613,1.4990835128147884
TOKYOTECH_s01,41,59,42.96666666666667,-0.821997880935669,1.6411980806311406
TOKYOTECH_s01,41,60,43.0,-0.8790159821510315,1.57666794893253
TOKYOTECH_s01,41,61,43.03333333333333,-0.9581639766693115,1.3513035035440015
TOKYOTECH_s01,41,62,43.06666666666667,-0.8547202944755554,1.0323528328867873
TOKYOTECH_s01,41,63,43.1,-0.5183607935905457,0.6866313154449132
TOKYOTECH_s01,41,64,43.13333333333333,0.6255448460578918,0.3639996869311085
TOKYOTECH_s01,41,65,43.166666666666664,1.8663575649261475,0.08936158628825878
TOKYOTECH_s01,41,66,43.2,2.154834508895874,-0.1371433791441371
TOKYOTECH_s01,41,67,43.233333333333334,1.77153742313385,-0.3336472985121269
TOKYOTECH_s01,41,68,43.266666666666666,1.2701090574264526,-0.5258162765081367
TOKYOTECH_s01,41,69,43.3,0.8914192318916321,-0.7340549002505182
TOKYOTECH_s01,41,70,43.333333333333336,0.591326117515564,-0.9617502603378264
TOKYOTECH_s01,41,71,43.36666666666667,0.3621118366718292,-1.1884023161021025
TOKYOTECH_s01,41,72,43.4,0.3647894561290741,-1.3707825080327043
TOKYOTECH_s01,41,73,43.43333333333333,0.4750848114490509,-1.4530551280211579
TOKYOTECH_s01,41,74,43.46666666666667,0.39581865072250366,-1.383837192007636
TOKYOTECH_s01,41,75,43.5,0.18121328949928284,-1.135312715185211
TOKYOTECH_s01,41,76,43.53333333333333,-0.13679641485214233,-0.7177432165982228
TOKYOTECH_s01,41,77,43.56666666666667,-0.47130513191223145,-0.18309495978912604
TOKYOTECH_s01,41,78,43.6,-0.644643247127533,0.3853498115660551
TOKYOTECH_s01,41,79,43.63333333333333,-0.8496800065040588,0.8949990472277083
TOKYOTECH_s01,41,80,43.666666666666664,-0.8701561093330383,1.269412750005237
TOKYOTECH_s01,41,81,43.7,-0.7874641418457031,1.467078171492232
TOKYOTECH_s01,41,82,43.733333333333334,-0.7261933088302612,1.487190635661233
TOKYOTECH_s01,41,83,43.766666666666666,-0.7427316904067993,1.3626108239327437
TOKYOTECH_s01,41,84,43.8,-0.7541510462760925,1.144822540148973
TOKYOTECH_s01,41,85,43.833333333333336,-0.7703350782394409,0.8870658081402815
TOKYOTECH_s01,41,86,43.86666666666667,-0.13707205653190613,0.6306722395690372
TOKYOTECH_s01,41,87,43.9,1.0896437168121338,0.39750857507818715
TOKYOTECH_s01,41,88,43.93333333333333,1.9441274404525757,0.1894559510541584
TOKYOTECH_s01,41,89,43.96666666666667,1.9209343194961548,-0.006065922762472091
TOKYOTECH_s01,41,90,44.0,1.5025129318237305,-0.20735998493343052
TOKYOTECH_s01,41,91,44.03333333333333,1.064009189605713,-0.4297225967247295
TOKYOTECH_s01,41,92,44.06666666666667,0.7138283252716064,-0.6783500783080187
TOKYOTECH_s01,41,93,44.1,0.41003379225730896,-0.9430875455597127
TOKYOTECH_s01,41,94,44.13333333333333,0.27918359637260437,-1.1958096223598966
TOKYOTECH_s01,41,95,44.166666666666664,0.30328238010406494,-1.3923994977864353
TOKYOTECH_s01,41,96,44.2,0.40235525369644165,-1.4808928120512077
TOKYOTECH_s01,41,97,44.233333333333334,0.31974202394485474,-1.4152621312068248
TOKYOTECH_s01,41,98,44.266666666666666,0.07595821470022202,-1.1716370685712563
TOKYOTECH_s01,41,99,44.3,-0.24075204133987427,-0.7614935318533633
TOKYOTECH_s01,41,100,44.333333333333336,-0.4509865343570709,-0.23567221989707665
TOKYOTECH_s01,41,101,44.36666666666667,-0.7423379421234131,0.32456319748492785
TOKYOTECH_s01,41,102,44.4,-0.8095546960830688,0.8278678990028748
TOKYOTECH_s01,41,103,44.43333333333333,-0.8686597943305969,1.197424472863719
TOKYOTECH_s01,41,104,44.46666666666667,-0.8031362295150757,1.3903220782359225
TOKYOTECH_s01,41,105,44.5,-0.7963239550590515,1.4047166834797251
TOKYOTECH_s01,41,106,44.53333333333333,-0.8115235567092896,1.273900905025934
TOKYOTECH_s01,41,107,44.56666666666667,-0.8562953472137451,1.051820195553086
TOKYOTECH_s01,41,108,44.6,-0.8212497234344482,0.7959741461119472
TOKYOTECH_s01,41,109,44.63333333333333,-0.2288995236158371,0.5523780719615206
TOKYOTECH_s01,41,110,44.666666666666664,1.0510541200637817,0.3459077966172663
TOKYOTECH_s01,41,111,44.7,1.9238876104354858,0.1779702940150806
TOKYOTECH_s01,41,112,44.733333333333334,1.8901020288467407,0.03132217509539397
TOKYOTECH_s01,41,113,44.766666666666666,1.4704205989837646,-0.12031443576031964
TOKYOTECH_s01,41,114,44.8,1.0896437168121338,-0.30126100633255587
TOKYOTECH_s01,41,115,44.833333333333336,0.6222371459007263,-0.5244721792865107
TOKYOTECH_s01,41,116,44.86666666666667,0.3084014058113098,-0.7851920732908987
TOKYOTECH_s01,41,117,44.9,0.23212791979312897,-1.0581225411011008
TOKYOTECH_s01,41,118,44.93333333333333,0.32797184586524963,-1.29878274524448
TOKYOTECH_s01,41,119,44.96666666666667,0.31281164288520813,-1.4503082027631597
TOKYOTECH_s01,41,120,45.0,0.09261474013328552,-1.4563408868238998
TOKYOTECH_s01,41,121,45.03333333333333,-0.2311440259218216,-1.2783337247150666
TOKYOTECH_s01,41,122,45.06666666666667,-0.44204792380332947,-0.9123104555848058
TOKYOTECH_s01,41,123,45.1,-0.7222555875778198,-0.39788349540170154
TOKYOTECH_s01,41,124,45.13333333333333,-0.8306214809417725,0.18666273442745626
TOKYOTECH_s01,41,125,45.166666666666664,-0.8166031837463379,0.7440271054965345
TOKYOTECH_s01,41,126,45.2,-0.7960877418518066,1.1852114354549872
TOKYOTECH_s01,41,127,45.233333333333334,-0.8321965336799622,1.452837101390615
TOKYOTECH_s01,41,128,45.266666666666666,-0.8193596005439758,1.5315466953624834
TOKYOTECH_s01,41,129,45.3,-0.8720462322235107,1.4439748273624158
TOKYOTECH_s01,41,130,45.333333333333336,-0.9609203934669495,1.2372625005882456
TOKYOTECH_s01,41,131,45.36666666666667,-0.9936821460723877,0.9672052610689734
TOKYOTECH_s01,41,132,45.4,-0.5146987438201904,0.6848325139318615
TOKYOTECH_s01,41,133,45.43333333333333,0.8056951761245728,0.4269237321294656
TOKYOTECH_s01,41,134,45.46666666666667,1.8530875444412231,0.21077268944642083
TOKYOTECH_s01,41,135,45.5,1.8137891292572021,0.03373158670766369
TOKYOTECH_s01,41,136,45.53333333333333,1.3552030324935913,-0.12229526691116863
TOKYOTECH_s01,41,137,45.56666666666667,1.0844459533691406,-0.28248098128460636
TOKYOTECH_s01,41,138,45.6,0.6793733835220337,-0.4691593178908443
TOKYOTECH_s01,41,139,45.63333333333333,0.27776601910591125,-0.6930010044399855
TOKYOTECH_s01,41,140,45.666666666666664,0.19460150599479675,-0.9470571591423939
TOKYOTECH_s01,41,141,45.7,0.33667418360710144,-1.20447416576637
TOKYOTECH_s01,41,142,45.733333333333334,0.39148715138435364,-1.4205583114485465
TOKYOTECH_s01,41,143,45.766666666666666,0.2670554220676422,-1.5400806679301338
TOKYOTECH_s01,41,144,45.8,0.01594746857881546,-1.5101126415725534
TOKYOTECH_s01,41,145,45.833333333333336,-0.3021409809589386,-1.2965936336114179
TOKYOTECH_s01,41,146,45.86666666666667,-0.6017615795135498,-0.8997811912912557
TOKYOTECH_s01,41,147,45.9,-0.838851273059845,-0.36169539888780733
TOKYOTECH_s01,41,148,45.93333333333333,-0.9537143707275391,0.2400821483130538
TOKYOTECH_s01,41,149,45.96666666666667,-1.045108675956726,0.8122194280417311
TOKYOTECH_s01,41,150,46.0,-1.1093721389770508,1.2711413047798006
TOKYOTECH_s01,41,151,46.03333333333333,-0.9997856020927429,1.562748383360958
TOKYOTECH_s01,41,152,46.06666666666667,-0.934813380241394,1.6694724862748964
TOKYOTECH_s01,41,153,46.1,-0.9224883317947388,1.6058088077868384
TOKYOTECH_s01,41,154,46.13333333333333,-0.9765530824661255,1.4080492706494723
TOKYOTECH_s01,41,155,46.166666666666664,-0.9254809617996216,1.1234945166614936
TOKYOTECH_s01,41,156,46.2,-0.30489739775657654,0.8012774078267767
TOKYOTECH_s01,41,157,46.233333333333334,0.9393805861473083,0.48451593071879595
TOKYOTECH_s01,41,158,46.266666666666666,1.944088101387024,0.20370591245565328
TOKYOTECH_s01,41,159,46.3,1.943379282951355,-0.027491186940658774
TOKYOTECH_s01,41,160,46.333333333333336,1.5101914405822754,-0.21281777386284523
TOKYOTECH_s01,41,161,46.36666666666667,1.1277607679367065,-0.36999217619488967
TOKYOTECH_s01,41,162,46.4,0.7533236145973206,-0.5237605787341393
TOKYOTECH_s01,41,163,46.43333333333333,0.3122209906578064,-0.6966030956987111
TOKYOTECH_s01,41,164,46.46666666666667,0.13766217231750488,-0.8990373306314118
TOKYOTECH_s01,41,165,46.5,0.18711985647678375,-1.1219707001623969
TOKYOTECH_s01,41,166,46.53333333333333,0.23452992737293243,-1.3334989191127518
TOKYOTECH_s01,41,167,46.56666666666667,0.17963820695877075,-1.482258438625983
TOKYOTECH_s01,41,168,46.6,-0.016066139563918114,-1.5087944218429394
TOKYOTECH_s01,41,169,46.63333333333333,-0.24437473714351654,-1.3640345389339872
TOKYOTECH_s01,41,170,46.666666666666664,-0.5447041392326355,-1.029635716665302
TOKYOTECH_s01,41,171,46.7,-0.7333599328994751,-0.5315776337100991
TOKYOTECH_s01,41,172,46.733333333333334,-0.8541296124458313,0.06075137839677122
TOKYOTECH_s01,41,173,46.766666666666666,-0.9472565054893494,0.6518221350394123
TOKYOTECH_s01,41,174,46.8,-1.072987675666809,1.1471081456274075
TOKYOTECH_s01,41,175,46.833333333333336,-1.0853520631790161,1.478483734144896
TOKYOTECH_s01,41,176,46.86666666666667,-1.1570972204208374,1.6181213831404482
TOKYOTECH_s01,41,177,46.9,-1.1458747386932373,1.5779006589936033
TOKYOTECH_s01,41,178,46.93333333333333,-1.1654452085494995,1.3980794491859232
TOKYOTECH_s01,41,179,46.96666666666667,-1.1567822694778442,1.1319872429173894
TOKYOTECH_s01,41,180,47.0,-0.9876968264579773,0.8320755862848376
TOKYOTECH_s01,41,181,47.03333333333333,0.07658825069665909,0.5396705346225968
TOKYOTECH_s01,41,182,47.06666666666667,1.5201932191848755,0.27917122926842364
TOKYOTECH_s01,41,183,47.1,2.1279006004333496,0.05692709478700618
TOKYOTECH_s01,41,184,47.13333333333333,1.8286737203598022,-0.13573089450319722
TOKYOTECH_s01,41,185,47.166666666666664,1.3625272512435913,-0.316536196128193
TOKYOTECH_s01,41,186,47.2,0.8383781909942627,-0.5046685345284635
TOKYOTECH_s01,41,187,47.233333333333334,0.351519376039505,-0.7125953358421744
TOKYOTECH_s01,41,188,47.266666666666666,0.07450126111507416,-0.9388366055458028
TOKYOTECH_s01,41,189,47.3,-0.026107307523489,-1.163622489185575
TOKYOTECH_s01,41,190,47.333333333333336,0.07548569142818451,-1.3494206875161336
TOKYOTECH_s01,41,191,47.36666666666667,0.11628039926290512,-1.447577974465333
TOKYOTECH_s01,41,192,47.4,0.0763126090168953,-1.4108353265355926
TOKYOTECH_s01,41,193,47.43333333333333,-0.1432148963212967,-1.2092364541359444
TOKYOTECH_s01,41,194,47.46666666666667,-0.3559301495552063,-0.8444636679355131
TOKYOTECH_s01,41,195,47.5,-0.6226708292961121,-0.356231412473118
TOKYOTECH_s01,41,196,47.53333333333333,-0.8129017353057861,0.18429850875699977
TOKYOTECH_s01,41,197,47.56666666666667,-0.9228033423423767,0.6938660459802555
TOKYOTECH_s01,41,198,47.6,-1.0171115398406982,1.101567149083699
TOKYOTECH_s01,41,199,47.63333333333333,-1.0385327339172363,1.3670471812356817
TOKYOTECH_s01,41,200,47.666666666666664,-1.0674355030059814,1.4850544859206318
TOKYOTECH_s01,41,201,47.7,-1.0011638402938843,1.4770673812816315
TOKYOTECH_s01,41,202,47.733333333333334,-0.9841529130935669,1.3766916918195125
TOKYOTECH_s01,41,203,47.766666666666666,-0.9619048237800598,1.2164130278457586
TOKYOTECH_s01,41,204,47.8,-0.34399887919425964,1.0198526533170769
TOKYOTECH_s01,41,205,47.833333333333336,0.9939572811126709,0.7995523540308802
TOKYOTECH_s01,41,206,47.86666666666667,1.9019938707351685,0.5585947556385323
TOKYOTECH_s01,41,207,47.9,1.8585609197616577,0.29457859989452095
TOKYOTECH_s01,41,208,47.93333333333333,1.3199604749679565,0.0047951639921753894
TOKYOTECH_s01,41,209,47.96666666666667,0.8759046196937561,-0.3085449337937449
TOKYOTECH_s01,41,210,48.0,0.4659099280834198,-0.6341870779970696
TOKYOTECH_s01,41,211,48.03333333333333,0.09639494866132736,-0.9498925789228716
TOKYOTECH_s01,41,212,48.06666666666667,0.03921935334801674,-1.2236037263023456
TOKYOTECH_s01,41,213,48.1,0.22161422669887543,-1.418215994738465
TOKYOTECH_s01,41,214,48.13333333333333,0.2650865614414215,-1.4996349960316835
TOKYOTECH_s01,41,215,48.166666666666664,0.14360812306404114,-1.44661490955072
TOKYOTECH_s01,41,216,48.2,-0.11246135830879211,-1.259606947252404
TOKYOTECH_s01,41,217,48.233333333333334,-0.401292622089386,-0.9649182219072372
TOKYOTECH_s01,41,218,48.266666666666666,-0.6425563097000122,-0.6107460695280965
TOKYOTECH_s01,41,219,48.3,-0.7802581191062927,-0.2543815771102905
TOKYOTECH_s01,41,220,48.333333333333336,-0.9128803014755249,0.05524796517209047
TOKYOTECH_s01,41,221,48.36666666666667,-0.922882080078125,0.29184310250516127
TOKYOTECH_s01,41,222,48.4,-0.8180601596832275,0.45573626126227534
TOKYOTECH_s01,41,223,48.43333333333333,-0.9072887301445007,0.5658639792347999
TOKYOTECH_s01,41,224,48.46666666666667,-1.035815715789795,0.6447414164097585
TOKYOTECH_s01,41,225,48.5,-1.0101418495178223,0.7050933746019581
TOKYOTECH_s01,41,226,48.53333333333333,-0.5286776423454285,0.7445966511343117
TOKYOTECH_s01,41,227,48.56666666666667,0.7252870798110962,0.7496216167181655
TOKYOTECH_s01,41,228,48.6,1.8797063827514648,0.704209950043346
TOKYOTECH_s01,41,229,48.63333333333333,2.052729606628418,0.5990577103693818
TOKYOTECH_s01,41,230,48.666666666666664,1.6992017030715942,0.4368748650775186
TOKYOTECH_s01,41,231,48.7,1.2619973421096802,0.23322263638161142
TOKYOTECH_s01,41,232,48.733333333333334,0.8189653158187866,0.013770503748236771
TOKYOTECH_s01,41,233,48.766666666666666,0.34632158279418945,-0.19057110664320434
TOKYOTECH_s01,41,234,48.8,0.11482344567775726,-0.3494090202806228
TOKYOTECH_s01,41,235,48.833333333333336,0.13691401481628418,-0.43858582477385366
TOKYOTECH_s01,41,236,48.86666666666667,0.1404973268508911,-0.44496556384141683
TOKYOTECH_s01,41,237,48.9,0.08824387937784195,-0.3693292715778951
TOKYOTECH_s01,41,238,48.93333333333333,-0.09245777130126953,-0.2266094264727926
TOKYOTECH_s01,41,239,48.96666666666667,-0.30265289545059204,-0.04325457030997558
TOKYOTECH_s01,42,0,42.0,0.11919430643320084,0.06995603035030395
TOKYOTECH_s01,42,1,42.03333333333333,0.11061009019613266,0.26275849742707297
TOKYOTECH_s01,42,2,42.06666666666667,-0.04981233924627304,0.4441754090571639
TOKYOTECH_s01,42,3,42.1,-0.20921096205711365,0.5968681673685419
TOKYOTECH_s01,42,4,42.13333333333333,-0.4060572385787964,0.6962550209205685
TOKYOTECH_s01,42,5,42.166666666666664,-0.5555328130722046,0.7181025240328196
TOKYOTECH_s01,42,6,42.2,-0.7667911052703857,0.6501891127323817
TOKYOTECH_s01,42,7,42.233333333333334,-0.9385148286819458,0.5005563599334726
TOKYOTECH_s01,42,8,42.266666666666666,-1.0179778337478638,0.2971434189248386
TOKYOTECH_s01,42,9,42.3,-0.9601722359657288,0.0791648408490205
TOKYOTECH_s01,42,10,42.333333333333336,-0.8731094002723694,-0.11520847438741559
TOKYOTECH_s01,42,11,42.36666666666667,-0.7935675978660583,-0.2595371850754394
TOKYOTECH_s01,42,12,42.4,-0.2440597265958786,-0.34492244558863755
TOKYOTECH_s01,42,13,42.43333333333333,0.9915946125984192,-0.3803480945176677
TOKYOTECH_s01,42,14,42.46666666666667,1.8293430805206299,-0.3883416150028091
TOKYOTECH_s01,42,15,42.5,1.7978414297103882,-0.3971596688225248
TOKYOTECH_s01,42,16,42.53333333333333,1.4957793951034546,-0.4312174099291302
TOKYOTECH_s01,42,17,42.56666666666667,1.050148367881775,-0.5020820295787349
TOKYOTECH_s01,42,18,42.6,0.6518487334251404,-0.6025136743894947
TOKYOTECH_s01,42,19,42.63333333333333,0.3628993630409241,-0.705520472348439
TOKYOTECH_s01,42,20,42.666666666666664,0.20779284834861755,-0.7692846285934888
TOKYOTECH_s01,42,21,42.7,0.22752079367637634,-0.7474756089394848
TOKYOTECH_s01,42,22,42.733333333333334,0.17066021263599396,-0.6031713776591304
TOKYOTECH_s01,42,23,42.766666666666666,0.047409795224666595,-0.3232621892575848
TOKYOTECH_s01,42,24,42.8,-0.061901118606328964,0.07109506285887976
TOKYOTECH_s01,42,25,42.833333333333336,-0.2761520743370056,0.5229325837208456
TOKYOTECH_s01,42,26,42.86666666666667,-0.5120998620986938,0.9503435036122019
TOKYOTECH_s01,42,27,42.9,-0.6006984114646912,1.2686941262076878
TOKYOTECH_s01,42,28,42.93333333333333,-0.7398571968078613,1.4166016658994562
TOKYOTECH_s01,42,29,42.96666666666667,-0.821997880935669,1.3746293396480311
TOKYOTECH_s01,42,30,43.0,-0.8790159821510315,1.1688297353601789
TOKYOTECH_s01,42,31,43.03333333333333,-0.9581639766693115,0.8587044222213284
TOKYOTECH_s01,42,32,43.06666666666667,-0.8547202944755554,0.5158499396522107
TOKYOTECH_s01,42,33,43.1,-0.5183607935905457,0.202258741635052
TOKYOTECH_s01,42,34,43.13333333333333,0.6255448460578918,-0.04459720953658027
TOKYOTECH_s01,42,35,43.166666666666664,1.8663575649261475,-0.21695265646378947
TOKYOTECH_s01,42,36,43.2,2.154834508895874,-0.3329465424873455
TOKYOTECH_s01,42,37,43.233333333333334,1.77153742313385,-0.4264720697667108
TOKYOTECH_s01,42,38,43.266666666666666,1.2701090574264526,-0.5336817788060855
TOKYOTECH_s01,42,39,43.3,0.8914192318916321,-0.6791532705646183
TOKYOTECH_s01,42,40,43.333333333333336,0.591326117515564,-0.865091310745856
TOKYOTECH_s01,42,41,43.36666666666667,0.3621118366718292,-1.0668564177974338
TOKYOTECH_s01,42,42,43.4,0.3647894561290741,-1.2366614597394137
TOKYOTECH_s01,42,43,43.43333333333333,0.4750848114490509,-1.3150474664278557
TOKYOTECH_s01,42,44,43.46666666666667,0.39581865072250366,-1.2477274412266142
TOKYOTECH_s01,42,45,43.5,0.18121328949928284,-1.0037633926300922
TOKYOTECH_s01,42,46,43.53333333333333,-0.13679641485214233,-0.5898391438485346
TOKYOTECH_s01,42,47,43.56666666666667,-0.47130513191223145,-0.05512764978501935
TOKYOTECH_s01,42,48,43.6,-0.644643247127533,0.517100917841955
TOKYOTECH_s01,42,49,43.63333333333333,-0.8496800065040588,1.0304040155025704
TOKYOTECH_s01,42,50,43.666666666666664,-0.8701561093330383,1.401544301202257
TOKYOTECH_s01,42,51,43.7,-0.7874641418457031,1.5818427961090502
TOKYOTECH_s01,42,52,43.733333333333334,-0.7261933088302612,1.5659078835983937
TOKYOTECH_s01,42,53,43.766666666666666,-0.7427316904067993,1.3866194291734915
TOKYOTECH_s01,42,54,43.8,-0.7541510462760925,1.1005955389523454
TOKYOTECH_s01,42,55,43.833333333333336,-0.7703350782394409,0.7704078629758702
TOKYOTECH_s01,42,56,43.86666666666667,-0.13707205653190613,0.44888404564924983
TOKYOTECH_s01,42,57,43.9,1.0896437168121338,0.16880230724473239
TOKYOTECH_s01,42,58,43.93333333333333,1.9441274404525757,-0.06037086066389463
TOKYOTECH_s01,42,59,43.96666666666667,1.9209343194961548,-0.24876023648890902
TOKYOTECH_s01,42,60,44.0,1.5025129318237305,-0.4176164937622893
TOKYOTECH_s01,42,61,44.03333333333333,1.064009189605713,-0.5894160682170935
TOKYOTECH_s01,42,62,44.06666666666667,0.7138283252716064,-0.7787725388670682
TOKYOTECH_s01,42,63,44.1,0.41003379225730896,-0.985073072936789
TOKYOTECH_s01,42,64,44.13333333333333,0.27918359637260437,-1.1880283370684783
TOKYOTECH_s01,42,65,44.166666666666664,0.30328238010406494,-1.3482379738324837
TOKYOTECH_s01,42,66,44.2,0.40235525369644165,-1.4145536836536956
TOKYOTECH_s01,42,67,44.233333333333334,0.31974202394485474,-1.3380532564179195
TOKYOTECH_s01,42,68,44.266666666666666,0.07595821470022202,-1.089529071727673
TOKYOTECH_s01,42,69,44.3,-0.24075204133987427,-0.6746201186475507
TOKYOTECH_s01,42,70,44.333333333333336,-0.4509865343570709,-0.1396456725570039
TOKYOTECH_s01,42,71,44.36666666666667,-0.7423379421234131,0.43627746725310357
TOKYOTECH_s01,42,72,44.4,-0.8095546960830688,0.9611914320353205
TOKYOTECH_s01,42,73,44.43333333333333,-0.8686597943305969,1.35473525212891
TOKYOTECH_s01,42,74,44.46666666666667,-0.8031362295150757,1.5676168225559841
TOKYOTECH_s01,42,75,44.5,-0.7963239550590515,1.5897722788292232
TOKYOTECH_s01,42,76,44.53333333333333,-0.8115235567092896,1.446725838647786
TOKYOTECH_s01,42,77,44.56666666666667,-0.8562953472137451,1.188149816757857
TOKYOTECH_s01,42,78,44.6,-0.8212497234344482,0.873236716381844
TOKYOTECH_s01,42,79,44.63333333333333,-0.2288995236158371,0.5561989624461847
TOKYOTECH_s01,42,80,44.666666666666664,1.0510541200637817,0.27470499105299273
TOKYOTECH_s01,42,81,44.7,1.9238876104354858,0.043868781286672036
TOKYOTECH_s01,42,82,44.733333333333334,1.8901020288467407,-0.14290467784850908
TOKYOTECH_s01,42,83,44.766666666666666,1.4704205989837646,-0.3070523276994423
TOKYOTECH_s01,42,84,44.8,1.0896437168121338,-0.4745518585499952
TOKYOTECH_s01,42,85,44.833333333333336,0.6222371459007263,-0.6652534699234386
TOKYOTECH_s01,42,86,44.86666666666667,0.3084014058113098,-0.8841227206671695
TOKYOTECH_s01,42,87,44.9,0.23212791979312897,-1.115763404653957
TOKYOTECH_s01,42,88,44.93333333333333,0.32797184586524963,-1.3235082640065154
TOKYOTECH_s01,42,89,44.96666666666667,0.31281164288520813,-1.4546488852789143
TOKYOTECH_s01,42,90,45.0,0.09261474013328552,-1.4527949059576837
TOKYOTECH_s01,42,91,45.03333333333333,-0.2311440259218216,-1.2759322378194435
TOKYOTECH_s01,42,92,45.06666666666667,-0.44204792380332947,-0.9149312620151722
TOKYOTECH_s01,42,93,45.1,-0.7222555875778198,-0.40449712266026355
TOKYOTECH_s01,42,94,45.13333333333333,-0.8306214809417725,0.18039818869321497
TOKYOTECH_s01,42,95,45.166666666666664,-0.8166031837463379,0.7436917245466961
TOKYOTECH_s01,42,96,45.2,-0.7960877418518066,1.195750417962212
TOKYOTECH_s01,42,97,45.233333333333334,-0.8321965336799622,1.4772134349457917
TOKYOTECH_s01,42,98,45.266666666666666,-0.8193596005439758,1.570028796193172
TOKYOTECH_s01,42,99,45.3,-0.8720462322235107,1.4940788140303185
TOKYOTECH_s01,42,100,45.333333333333336,-0.9609203934669495,1.2941952181263139
TOKYOTECH_s01,42,101,45.36666666666667,-0.9936821460723877,1.0245046195166798
TOKYOTECH_s01,42,102,45.4,-0.5146987438201904,0.7350906636323653
TOKYOTECH_s01,42,103,45.43333333333333,0.8056951761245728,0.46283896073438785
TOKYOTECH_s01,42,104,45.46666666666667,1.8530875444412231,0.22675394171666224
TOKYOTECH_s01,42,105,45.5,1.8137891292572021,0.02778040157668856
TOKYOTECH_s01,42,106,45.53333333333333,1.3552030324935913,-0.14718611040093246
TOKYOTECH_s01,42,107,45.56666666666667,1.0844459533691406,-0.31821854375480574
TOKYOTECH_s01,42,108,45.6,0.6793733835220337,-0.5041068420297734
TOKYOTECH_s01,42,109,45.63333333333333,0.27776601910591125,-0.7148932935639155
TOKYOTECH_s01,42,110,45.666666666666664,0.19460150599479675,-0.9463654280500161
TOKYOTECH_s01,42,111,45.7,0.33667418360710144,-1.1770861558075927
TOKYOTECH_s01,42,112,45.733333333333334,0.39148715138435364,-1.3689163857210696
TOKYOTECH_s01,42,113,45.766666666666666,0.2670554220676422,-1.4725252149875354
TOKYOTECH_s01,42,114,45.8,0.01594746857881546,-1.4387628627594198
TOKYOTECH_s01,42,115,45.833333333333336,-0.3021409809589386,-1.2344610132509637
TOKYOTECH_s01,42,116,45.86666666666667,-0.6017615795135498,-0.8579600316794229
TOKYOTECH_s01,42,117,45.9,-0.838851273059845,-0.3474231211328374
TOKYOTECH_s01,42,118,45.93333333333333,-0.9537143707275391,0.2240143763187217
TOKYOTECH_s01,42,119,45.96666666666667,-1.045108675956726,0.766844177782341
TOKYOTECH_s01,42,120,46.0,-1.1093721389770508,1.2003528217868795
TOKYOTECH_s01,42,121,46.03333333333333,-0.9997856020927429,1.473043977759352
TOKYOTECH_s01,42,122,46.06666666666667,-0.934813380241394,1.570478057211055
TOKYOTECH_s01,42,123,46.1,-0.9224883317947388,1.510307330662655
TOKYOTECH_s01,42,124,46.13333333333333,-0.9765530824661255,1.330031945529477
TOKYOTECH_s01,42,125,46.166666666666664,-0.9254809617996216,1.0741367630384466
TOKYOTECH_s01,42,126,46.2,-0.30489739775657654,0.7845444031583739
TOKYOTECH_s01,42,127,46.233333333333334,0.9393805861473083,0.4948685160831134
TOKYOTECH_s01,42,128,46.266666666666666,1.944088101387024,0.2274683002054979
TOKYOTECH_s01,42,129,46.3,1.943379282951355,-0.0074401692612180445
TOKYOTECH_s01,42,130,46.333333333333336,1.5101914405822754,-0.21085539552236107
TOKYOTECH_s01,42,131,46.36666666666667,1.1277607679367065,-0.39231827553773635
TOKYOTECH_s01,42,132,46.4,0.7533236145973206,-0.5656687193100183
TOKYOTECH_s01,42,133,46.43333333333333,0.3122209906578064,-0.7435821377720871
TOKYOTECH_s01,42,134,46.46666666666667,0.13766217231750488,-0.9314230109618777
TOKYOTECH_s01,42,135,46.5,0.18711985647678375,-1.1213449533780586
TOKYOTECH_s01,42,136,46.53333333333333,0.23452992737293243,-1.2883453175817734
TOKYOTECH_s01,42,137,46.56666666666667,0.17963820695877075,-1.3910132524459007
TOKYOTECH_s01,42,138,46.6,-0.016066139563918114,-1.3799552188057744
TOKYOTECH_s01,42,139,46.63333333333333,-0.24437473714351654,-1.2142715898625753
TOKYOTECH_s01,42,140,46.666666666666664,-0.5447041392326355,-0.8809191014726049
TOKYOTECH_s01,42,141,46.7,-0.7333599328994751,-0.4075261397318441
TOKYOTECH_s01,42,142,46.733333333333334,-0.8541296124458313,0.13946648295802502
TOKYOTECH_s01,42,143,46.766666666666666,-0.9472565054893494,0.6725637478814397
TOKYOTECH_s01,42,144,46.8,-1.072987675666809,1.1094318592584613
TOKYOTECH_s01,42,145,46.833333333333336,-1.0853520631790161,1.3955388734259169
TOKYOTECH_s01,42,146,46.86666666666667,-1.1570972204208374,1.5140538196237308
TOKYOTECH_s01,42,147,46.9,-1.1458747386932373,1.4814601968407113
TOKYOTECH_s01,42,148,46.93333333333333,-1.1654452085494995,1.3342937405926623
TOKYOTECH_s01,42,149,46.96666666666667,-1.1567822694778442,1.114807339534188
TOKYOTECH_s01,42,150,47.0,-0.9876968264579773,0.8607038249881198
TOKYOTECH_s01,42,151,47.03333333333333,0.07658825069665909,0.5998211802524099
TOKYOTECH_s01,42,152,47.06666666666667,1.5201932191848755,0.3484529547086339
TOKYOTECH_s01,42,153,47.1,2.1279006004333496,0.11199734553980682
TOKYOTECH_s01,42,154,47.13333333333333,1.8286737203598022,-0.11273197688320341
TOKYOTECH_s01,42,155,47.166666666666664,1.3625272512435913,-0.33381630980331256
TOKYOTECH_s01,42,156,47.2,0.8383781909942627,-0.5594877615638894
TOKYOTECH_s01,42,157,47.233333333333334,0.351519376039505,-0.7929137610077093
TOKYOTECH_s01,42,158,47.266666666666666,0.07450126111507416,-1.027339710218805
TOKYOTECH_s01,42,159,47.3,-0.026107307523489,-1.2427430348472988
TOKYOTECH_s01,42,160,47.333333333333336,0.07548569142818451,-1.405584900129817
TOKYOTECH_s01,42,161,47.36666666666667,0.11628039926290512,-1.4734091580015345
TOKYOTECH_s01,42,162,47.4,0.0763126090168953,-1.405247777605778
TOKYOTECH_s01,42,163,47.43333333333333,-0.1432148963212967,-1.1763615660412827
TOKYOTECH_s01,42,164,47.46666666666667,-0.3559301495552063,-0.7923105681651054
TOKYOTECH_s01,42,165,47.5,-0.6226708292961121,-0.295217610865437
TOKYOTECH_s01,42,166,47.53333333333333,-0.8129017353057861,0.24313983871339973
TOKYOTECH_s01,42,167,47.56666666666667,-0.9228033423423767,0.7407539646611093
TOKYOTECH_s01,42,168,47.6,-1.0171115398406982,1.1292236294606484
TOKYOTECH_s01,42,169,47.63333333333333,-1.0385327339172363,1.370810598546465
TOKYOTECH_s01,42,170,47.666666666666664,-1.0674355030059814,1.4620087706157083
TOKYOTECH_s01,42,171,47.7,-1.0011638402938843,1.4249811794329983
TOKYOTECH_s01,42,172,47.733333333333334,-0.9841529130935669,1.2936654300754928
TOKYOTECH_s01,42,173,47.766666666666666,-0.9619048237800598,1.1016014161899437
TOKYOTECH_s01,42,174,47.8,-0.34399887919425964,0.8748294167511186
TOKYOTECH_s01,42,175,47.833333333333336,0.9939572811126709,0.6293327412308001
TOKYOTECH_s01,42,176,47.86666666666667,1.9019938707351685,0.3714018620283455
TOKYOTECH_s01,42,177,47.9,1.8585609197616577,0.10015553026862861
TOKYOTECH_s01,42,178,47.93333333333333,1.3199604749679565,-0.18794545266073964
TOKYOTECH_s01,42,179,47.96666666666667,0.8759046196937561,-0.4931181389919347
TOKYOTECH_s01,42,180,48.0,0.4659099280834198,-0.806219879073259
TOKYOTECH_s01,42,181,48.03333333333333,0.09639494866132736,-1.1047521975160768
TOKYOTECH_s01,42,182,48.06666666666667,0.03921935334801674,-1.3529334116025096
TOKYOTECH_s01,42,183,48.1,0.22161422669887543,-1.5069752413482436
TOKYOTECH_s01,42,184,48.13333333333333,0.2650865614414215,-1.5252338457447783
TOKYOTECH_s01,42,185,48.166666666666664,0.14360812306404114,-1.3811501947446867
TOKYOTECH_s01,42,186,48.2,-0.11246135830879211,-1.075203689627723
TOKYOTECH_s01,42,187,48.233333333333334,-0.401292622089386,-0.6409319326791285
TOKYOTECH_s01,42,188,48.266666666666666,-0.6425563097000122,-0.1404700923457307
TOKYOTECH_s01,42,189,48.3,-0.7802581191062927,0.35120980954105374
TOKYOTECH_s01,42,190,48.333333333333336,-0.9128803014755249,0.7676898763165675
TOKYOTECH_s01,42,191,48.36666666666667,-0.922882080078125,1.0682438823798808
TOKYOTECH_s01,42,192,48.4,-0.8180601596832275,1.2430889165920047
TOKYOTECH_s01,42,193,48.43333333333333,-0.9072887301445007,1.3060400302335053
TOKYOTECH_s01,42,194,48.46666666666667,-1.035815715789795,1.2805265611991996
TOKYOTECH_s01,42,195,48.5,-1.0101418495178223,1.1872955679003192
TOKYOTECH_s01,42,196,48.53333333333333,-0.5286776423454285,1.0391369011232956
TOKYOTECH_s01,42,197,48.56666666666667,0.7252870798110962,0.8425656021112496
TOKYOTECH_s01,42,198,48.6,1.8797063827514648,0.6025932881043978
TOKYOTECH_s01,42,199,48.63333333333333,2.052729606628418,0.32633081340712544
TOKYOTECH_s01,42,200,48.666666666666664,1.6992017030715942,0.023609708785679535
TOKYOTECH_s01,42,201,48.7,1.2619973421096802,-0.2942033174614985
TOKYOTECH_s01,42,202,48.733333333333334,0.8189653158187866,-0.6147487448747303
TOKYOTECH_s01,42,203,48.766666666666666,0.34632158279418945,-0.9231027654492028
TOKYOTECH_s01,42,204,48.8,0.11482344567775726,-1.1988679980897343
TOKYOTECH_s01,42,205,48.833333333333336,0.13691401481628418,-1.414442479746006
TOKYOTECH_s01,42,206,48.86666666666667,0.1404973268508911,-1.5369305853001043
TOKYOTECH_s01,42,207,48.9,0.08824387937784195,-1.5345886531297661
TOKYOTECH_s01,42,208,48.93333333333333,-0.09245777130126953,-1.3866183578222107
TOKYOTECH_s01,42,209,48.96666666666667,-0.30265289545059204,-1.093229928351542
TOKYOTECH_s01,42,210,49.0,-0.4561055600643158,-0.6817636992116819
TOKYOTECH_s01,42,211,49.03333333333333,-0.6805946230888367,-0.20494652130176008
TOKYOTECH_s01,42,212,49.06666666666667,-0.8149887323379517,0.27037276209036964
TOKYOTECH_s01,42,213,49.1,-0.9656062722206116,0.6812779438420821
TOKYOTECH_s01,42,214,49.13333333333333,-0.934419572353363,0.9861421139103709
TOKYOTECH_s01,42,215,49.166666666666664,-0.962298572063446,1.17299917566257
TOKYOTECH_s01,42,216,49.2,-0.9637161493301392,1.2558266300152376
TOKYOTECH_s01,42,217,49.233333333333334,-0.8909078240394592,1.2624153804528888
TOKYOTECH_s01,42,218,49.266666666666666,-0.7719101905822754,1.2205696583260375
TOKYOTECH_s01,42,219,49.3,0.14163926243782043,1.1483059669453666
TOKYOTECH_s01,42,220,49.333333333333336,1.5641380548477173,1.0507192476762561
TOKYOTECH_s01,42,221,49.36666666666667,2.2188615798950195,0.9229394927078226
TOKYOTECH_s01,42,222,49.4,1.9644066095352173,0.756290506361643
TOKYOTECH_s01,42,223,49.43333333333333,1.4965670108795166,0.5443924948306967
TOKYOTECH_s01,42,224,49.46666666666667,1.0712546110153198,0.2874790813338122
TOKYOTECH_s01,42,225,49.5,0.7606477737426758,-0.00500276988658775
TOKYOTECH_s01,42,226,49.53333333333333,0.4534667730331421,-0.31297067882179286
TOKYOTECH_s01,42,227,49.56666666666667,0.42751723527908325,-0.6057750430938585
TOKYOTECH_s01,42,228,49.6,0.4646104872226715,-0.8451036234759911
TOKYOTECH_s01,42,229,49.63333333333333,0.4527186155319214,-0.9919376189938279
TOKYOTECH_s01,42,230,49.666666666666664,0.1729440838098526,-1.0169874937758308
TOKYOTECH_s01,42,231,49.7,-0.1384502649307251,-0.9116926026481654
TOKYOTECH_s01,42,232,49.733333333333334,-0.401292622089386,-0.695518833232046
TOKYOTECH_s01,42,233,49.766666666666666,-0.6034941673278809,-0.4156145810039626
TOKYOTECH_s01,42,234,49.8,-0.7111512422561646,-0.1369820675517655
TOKYOTECH_s01,42,235,49.833333333333336,-0.7289890646934509,0.07490289197987718
TOKYOTECH_s01,42,236,49.86666666666667,-0.733163058757782,0.1729778103656472
TOKYOTECH_s01,42,237,49.9,-0.7214286923408508,0.14167400007162106
TOKYOTECH_s01,42,238,49.93333333333333,-0.8116022944450378,3.171150534586088e-05
TOKYOTECH_s01,42,239,49.96666666666667,-0.8853556513786316,-0.20466395900581724
TOKYOTECH_s01,43,0,43.0,-0.8790159821510315,-0.08570729940048646
TOKYOTECH_s01,43,1,43.03333333333333,-0.9581639766693115,-0.10073314514960136
TOKYOTECH_s01,43,2,43.06666666666667,-0.8547202944755554,-0.09673624113311524
TOKYOTECH_s01,43,3,43.1,-0.5183607935905457,-0.06703005507598708
TOKYOTECH_s01,43,4,43.13333333333333,0.6255448460578918,-0.02064808735120208
TOKYOTECH_s01,43,5,43.166666666666664,1.8663575649261475,0.019628065521191722
TOKYOTECH_s01,43,6,43.2,2.154834508895874,0.025436053245539304
TOKYOTECH_s01,43,7,43.233333333333334,1.77153742313385,-0.02696620476069352
TOKYOTECH_s01,43,8,43.266666666666666,1.2701090574264526,-0.14823434589573864
TOKYOTECH_s01,43,9,43.3,0.8914192318916321,-0.33089025956033885
TOKYOTECH_s01,43,10,43.333333333333336,0.591326117515564,-0.5481957616482039
TOKYOTECH_s01,43,11,43.36666666666667,0.3621118366718292,-0.7573218708147483
TOKYOTECH_s01,43,12,43.4,0.3647894561290741,-0.9070223170327367
TOKYOTECH_s01,43,13,43.43333333333333,0.4750848114490509,-0.9492294750995331
TOKYOTECH_s01,43,14,43.46666666666667,0.39581865072250366,-0.8525781869549572
TOKYOTECH_s01,43,15,43.5,0.18121328949928284,-0.6142513658746237
TOKYOTECH_s01,43,16,43.53333333333333,-0.13679641485214233,-0.2655756662700369
TOKYOTECH_s01,43,17,43.56666666666667,-0.47130513191223145,0.13247242888558894
TOKYOTECH_s01,43,18,43.6,-0.644643247127533,0.5046620113339718
TOKYOTECH_s01,43,19,43.63333333333333,-0.8496800065040588,0.7837661574948539
TOKYOTECH_s01,43,20,43.666666666666664,-0.8701561093330383,0.9311382850294553
TOKYOTECH_s01,43,21,43.7,-0.7874641418457031,0.9466729759642314
TOKYOTECH_s01,43,22,43.733333333333334,-0.7261933088302612,0.8644270744650742
TOKYOTECH_s01,43,23,43.766666666666666,-0.7427316904067993,0.7370162170874206
TOKYOTECH_s01,43,24,43.8,-0.7541510462760925,0.6156724857203726
TOKYOTECH_s01,43,25,43.833333333333336,-0.7703350782394409,0.5330378064881193
TOKYOTECH_s01,43,26,43.86666666666667,-0.13707205653190613,0.4939609804053498
TOKYOTECH_s01,43,27,43.9,1.0896437168121338,0.4766504796614863
TOKYOTECH_s01,43,28,43.93333333333333,1.9441274404525757,0.4430458590341622
TOKYOTECH_s01,43,29,43.96666666666667,1.9209343194961548,0.35406741257647684
TOKYOTECH_s01,43,30,44.0,1.5025129318237305,0.18371797506136936
TOKYOTECH_s01,43,31,44.03333333333333,1.064009189605713,-0.07273803301397479
TOKYOTECH_s01,43,32,44.06666666666667,0.7138283252716064,-0.39739088627633073
TOKYOTECH_s01,43,33,44.1,0.41003379225730896,-0.7527286152177534
TOKYOTECH_s01,43,34,44.13333333333333,0.27918359637260437,-1.0868163455604445
TOKYOTECH_s01,43,35,44.166666666666664,0.30328238010406494,-1.3403262318354425
TOKYOTECH_s01,43,36,44.2,0.40235525369644165,-1.4562756789884468
TOKYOTECH_s01,43,37,44.233333333333334,0.31974202394485474,-1.392614818988106
TOKYOTECH_s01,43,38,44.266666666666666,0.07595821470022202,-1.13569893939316
TOKYOTECH_s01,43,39,44.3,-0.24075204133987427,-0.710223518086331
TOKYOTECH_s01,43,40,44.333333333333336,-0.4509865343570709,-0.18000426060267613
TOKYOTECH_s01,43,41,44.36666666666667,-0.7423379421234131,0.36402005554279615
TOKYOTECH_s01,43,42,44.4,-0.8095546960830688,0.8267595734096015
TOKYOTECH_s01,43,43,44.43333333333333,-0.8686597943305969,1.1351760713901011
TOKYOTECH_s01,43,44,44.46666666666667,-0.8031362295150757,1.2573773047942745
TOKYOTECH_s01,43,45,44.5,-0.7963239550590515,1.2071705236377954
TOKYOTECH_s01,43,46,44.53333333333333,-0.8115235567092896,1.0338012729704562
TOKYOTECH_s01,43,47,44.56666666666667,-0.8562953472137451,0.802851526394674
TOKYOTECH_s01,43,48,44.6,-0.8212497234344482,0.5756371673638712
TOKYOTECH_s01,43,49,44.63333333333333,-0.2288995236158371,0.392712463234412
TOKYOTECH_s01,43,50,44.666666666666664,1.0510541200637817,0.26538953883351046
TOKYOTECH_s01,43,51,44.7,1.9238876104354858,0.17722573718837092
TOKYOTECH_s01,43,52,44.733333333333334,1.8901020288467407,0.09420957762172813
TOKYOTECH_s01,43,53,44.766666666666666,1.4704205989837646,-0.020721339132227564
TOKYOTECH_s01,43,54,44.8,1.0896437168121338,-0.19417484053516448
TOKYOTECH_s01,43,55,44.833333333333336,0.6222371459007263,-0.43355413508875756
TOKYOTECH_s01,43,56,44.86666666666667,0.3084014058113098,-0.7238143854485454
TOKYOTECH_s01,43,57,44.9,0.23212791979312897,-1.0284622493011049
TOKYOTECH_s01,43,58,44.93333333333333,0.32797184586524963,-1.2938994593950846
TOKYOTECH_s01,43,59,44.96666666666667,0.31281164288520813,-1.4576661096162769
TOKYOTECH_s01,43,60,45.0,0.09261474013328552,-1.4614544999919703
TOKYOTECH_s01,43,61,45.03333333333333,-0.2311440259218216,-1.2679053755764456
TOKYOTECH_s01,43,62,45.06666666666667,-0.44204792380332947,-0.8768362290503192
TOKYOTECH_s01,43,63,45.1,-0.7222555875778198,-0.33389491828696
TOKYOTECH_s01,43,64,45.13333333333333,-0.8306214809417725,0.274806036218201
TOKYOTECH_s01,43,65,45.166666666666664,-0.8166031837463379,0.8434125501598534
TOKYOTECH_s01,43,66,45.2,-0.7960877418518066,1.275809333554402
TOKYOTECH_s01,43,67,45.233333333333334,-0.8321965336799622,1.5119773427094394
TOKYOTECH_s01,43,68,45.266666666666666,-0.8193596005439758,1.5409703668069146
TOKYOTECH_s01,43,69,45.3,-0.8720462322235107,1.3971054078554357
TOKYOTECH_s01,43,70,45.333333333333336,-0.9609203934669495,1.1433211457456458
TOKYOTECH_s01,43,71,45.36666666666667,-0.9936821460723877,0.8496430698147437
TOKYOTECH_s01,43,72,45.4,-0.5146987438201904,0.5740849892930556
TOKYOTECH_s01,43,73,45.43333333333333,0.8056951761245728,0.3503375462441095
TOKYOTECH_s01,43,74,45.46666666666667,1.8530875444412231,0.18395162607639193
TOKYOTECH_s01,43,75,45.5,1.8137891292572021,0.0566757511317396
TOKYOTECH_s01,43,76,45.53333333333333,1.3552030324935913,-0.06339717066552887
TOKYOTECH_s01,43,77,45.56666666666667,1.0844459533691406,-0.20951234873325358
TOKYOTECH_s01,43,78,45.6,0.6793733835220337,-0.4051932604984861
TOKYOTECH_s01,43,79,45.63333333333333,0.27776601910591125,-0.656465375126684
TOKYOTECH_s01,43,80,45.666666666666664,0.19460150599479675,-0.9478387910904532
TOKYOTECH_s01,43,81,45.7,0.33667418360710144,-1.241981342930168
TOKYOTECH_s01,43,82,45.733333333333334,0.39148715138435364,-1.4837029345331463
TOKYOTECH_s01,43,83,45.766666666666666,0.2670554220676422,-1.6094451579878544
TOKYOTECH_s01,43,84,45.8,0.01594746857881546,-1.5624407034729133
TOKYOTECH_s01,43,85,45.833333333333336,-0.3021409809589386,-1.3109741141690283
TOKYOTECH_s01,43,86,45.86666666666667,-0.6017615795135498,-0.8639983162695104
TOKYOTECH_s01,43,87,45.9,-0.838851273059845,-0.2767847325542295
TOKYOTECH_s01,43,88,45.93333333333333,-0.9537143707275391,0.35874827048672003
TOKYOTECH_s01,43,89,45.96666666666667,-1.045108675956726,0.9380592662865008
TOKYOTECH_s01,43,90,46.0,-1.1093721389770508,1.3731535497507625
TOKYOTECH_s01,43,91,46.03333333333333,-0.9997856020927429,1.614122437743535
TOKYOTECH_s01,43,92,46.06666666666667,-0.934813380241394,1.6552845510623406
TOKYOTECH_s01,43,93,46.1,-0.9224883317947388,1.5270781546522354
TOKYOTECH_s01,43,94,46.13333333333333,-0.9765530824661255,1.2806580899591065
TOKYOTECH_s01,43,95,46.166666666666664,-0.9254809617996216,0.9725116970696589
TOKYOTECH_s01,43,96,46.2,-0.30489739775657654,0.6530363232600778
TOKYOTECH_s01,43,97,46.233333333333334,0.9393805861473083,0.3594726694502362
TOKYOTECH_s01,43,98,46.266666666666666,1.944088101387024,0.1124037660587668
TOKYOTECH_s01,43,99,46.3,1.943379282951355,-0.08454989007760667
TOKYOTECH_s01,43,100,46.333333333333336,1.5101914405822754,-0.24203246352581928
TOKYOTECH_s01,43,101,46.36666666666667,1.1277607679367065,-0.37983508464998006
TOKYOTECH_s01,43,102,46.4,0.7533236145973206,-0.5203371689994017
TOKYOTECH_s01,43,103,46.43333333333333,0.3122209906578064,-0.6815064094286419
TOKYOTECH_s01,43,104,46.46666666666667,0.13766217231750488,-0.8701681033121332
TOKYOTECH_s01,43,105,46.5,0.18711985647678375,-1.0762448919458585
TOKYOTECH_s01,43,106,46.53333333333333,0.23452992737293243,-1.2694002009438554
TOKYOTECH_s01,43,107,46.56666666666667,0.17963820695877075,-1.4007213891517225
TOKYOTECH_s01,43,108,46.6,-0.016066139563918114,-1.4124464534199765
TOKYOTECH_s01,43,109,46.63333333333333,-0.24437473714351654,-1.2561381314845286
TOKYOTECH_s01,43,110,46.666666666666664,-0.5447041392326355,-0.9140620652042618
TOKYOTECH_s01,43,111,46.7,-0.7333599328994751,-0.4139156060263913
TOKYOTECH_s01,43,112,46.733333333333334,-0.8541296124458313,0.1721029680865489
TOKYOTECH_s01,43,113,46.766666666666666,-0.9472565054893494,0.7459920581533558
TOKYOTECH_s01,43,114,46.8,-1.072987675666809,1.2130546628121763
TOKYOTECH_s01,43,115,46.833333333333336,-1.0853520631790161,1.5084257958434732
TOKYOTECH_s01,43,116,46.86666666666667,-1.1570972204208374,1.6103671690021815
TOKYOTECH_s01,43,117,46.9,-1.1458747386932373,1.5375075281213588
TOKYOTECH_s01,43,118,46.93333333333333,-1.1654452085494995,1.3349018465386033
TOKYOTECH_s01,43,119,46.96666666666667,-1.1567822694778442,1.0570942974788067
TOKYOTECH_s01,43,120,47.0,-0.9876968264579773,0.7544074291777608
TOKYOTECH_s01,43,121,47.03333333333333,0.07658825069665909,0.4645772599948103
TOKYOTECH_s01,43,122,47.06666666666667,1.5201932191848755,0.2092123456182041
TOKYOTECH_s01,43,123,47.1,2.1279006004333496,-0.006111754410757676
TOKYOTECH_s01,43,124,47.13333333333333,1.8286737203598022,-0.18913538000842192
TOKYOTECH_s01,43,125,47.166666666666664,1.3625272512435913,-0.3562382493400481
TOKYOTECH_s01,43,126,47.2,0.8383781909942627,-0.5262459844593809
TOKYOTECH_s01,43,127,47.233333333333334,0.351519376039505,-0.7133202589883213
TOKYOTECH_s01,43,128,47.266666666666666,0.07450126111507416,-0.9200605898445438
TOKYOTECH_s01,43,129,47.3,-0.026107307523489,-1.132468529057679
TOKYOTECH_s01,43,130,47.333333333333336,0.07548569142818451,-1.318582655358315
TOKYOTECH_s01,43,131,47.36666666666667,0.11628039926290512,-1.43241725730534
TOKYOTECH_s01,43,132,47.4,0.0763126090168953,-1.4241604872742932
TOKYOTECH_s01,43,133,47.43333333333333,-0.1432148963212967,-1.255596791304721
TOKYOTECH_s01,43,134,47.46666666666667,-0.3559301495552063,-0.9164225457564527
TOKYOTECH_s01,43,135,47.5,-0.6226708292961121,-0.4345208522324321
TOKYOTECH_s01,43,136,47.53333333333333,-0.8129017353057861,0.1261474467407832
TOKYOTECH_s01,43,137,47.56666666666667,-0.9228033423423767,0.681435814663417
TOKYOTECH_s01,43,138,47.6,-1.0171115398406982,1.1506341540135836
TOKYOTECH_s01,43,139,47.63333333333333,-1.0385327339172363,1.4771993717728111
TOKYOTECH_s01,43,140,47.666666666666664,-1.0674355030059814,1.6382022574978539
TOKYOTECH_s01,43,141,47.7,-1.0011638402938843,1.640993888240436
TOKYOTECH_s01,43,142,47.733333333333334,-0.9841529130935669,1.5120710638324186
TOKYOTECH_s01,43,143,47.766666666666666,-0.9619048237800598,1.28527810956943
TOKYOTECH_s01,43,144,47.8,-0.34399887919425964,0.9937215045985486
TOKYOTECH_s01,43,145,47.833333333333336,0.9939572811126709,0.665624223641144
TOKYOTECH_s01,43,146,47.86666666666667,1.9019938707351685,0.3225333695772478
TOKYOTECH_s01,43,147,47.9,1.8585609197616577,-0.021136760899753453
TOKYOTECH_s01,43,148,47.93333333333333,1.3199604749679565,-0.3571534887258211
TOKYOTECH_s01,43,149,47.96666666666667,0.8759046196937561,-0.6806534146281888
TOKYOTECH_s01,43,150,48.0,0.4659099280834198,-0.9856291195864242
TOKYOTECH_s01,43,151,48.03333333333333,0.09639494866132736,-1.2599241906732201
TOKYOTECH_s01,43,152,48.06666666666667,0.03921935334801674,-1.4816762366984721
TOKYOTECH_s01,43,153,48.1,0.22161422669887543,-1.6193124885403003
TOKYOTECH_s01,43,154,48.13333333333333,0.2650865614414215,-1.6366889861770937
TOKYOTECH_s01,43,155,48.166666666666664,0.14360812306404114,-1.5034152686542726
TOKYOTECH_s01,43,156,48.2,-0.11246135830879211,-1.207858048115019
TOKYOTECH_s01,43,157,48.233333333333334,-0.401292622089386,-0.7677405211180931
TOKYOTECH_s01,43,158,48.266666666666666,-0.6425563097000122,-0.23235916178971655
TOKYOTECH_s01,43,159,48.3,-0.7802581191062927,0.3269207289726491
TOKYOTECH_s01,43,160,48.333333333333336,-0.9128803014755249,0.8352794955785928
TOKYOTECH_s01,43,161,48.36666666666667,-0.922882080078125,1.2341047777077847
TOKYOTECH_s01,43,162,48.4,-0.8180601596832275,1.4927785607937
TOKYOTECH_s01,43,163,48.43333333333333,-0.9072887301445007,1.6082655251324987
TOKYOTECH_s01,43,164,48.46666666666667,-1.035815715789795,1.595486037371181
TOKYOTECH_s01,43,165,48.5,-1.0101418495178223,1.4760453341713915
TOKYOTECH_s01,43,166,48.53333333333333,-0.5286776423454285,1.2713709290148911
TOKYOTECH_s01,43,167,48.56666666666667,0.7252870798110962,1.001268493145277
TOKYOTECH_s01,43,168,48.6,1.8797063827514648,0.6850250391891365
TOKYOTECH_s01,43,169,48.63333333333333,2.052729606628418,0.3416495986063558
TOKYOTECH_s01,43,170,48.666666666666664,1.6992017030715942,-0.011869371495494767
TOKYOTECH_s01,43,171,48.7,1.2619973421096802,-0.36262978824339076
TOKYOTECH_s01,43,172,48.733333333333334,0.8189653158187866,-0.7015869173724695
TOKYOTECH_s01,43,173,48.766666666666666,0.34632158279418945,-1.0197941373609247
TOKYOTECH_s01,43,174,48.8,0.11482344567775726,-1.3025252471644364
TOKYOTECH_s01,43,175,48.833333333333336,0.13691401481628418,-1.5247268881408027
TOKYOTECH_s01,43,176,48.86666666666667,0.1404973268508911,-1.6512743745968974
TOKYOTECH_s01,43,177,48.9,0.08824387937784195,-1.6436788648731042
TOKYOTECH_s01,43,178,48.93333333333333,-0.09245777130126953,-1.4722334637976275
TOKYOTECH_s01,43,179,48.96666666666667,-0.30265289545059204,-1.1300016436645905
TOKYOTECH_s01,43,180,49.0,-0.4561055600643158,-0.6433126442395648
TOKYOTECH_s01,43,181,49.03333333333333,-0.6805946230888367,-0.07318605498164817
TOKYOTECH_s01,43,182,49.06666666666667,-0.8149887323379517,0.49585079190071873
TOKYOTECH_s01,43,183,49.1,-0.9656062722206116,0.9778363722808514
TOKYOTECH_s01,43,184,49.13333333333333,-0.934419572353363,1.309746417701477
TOKYOTECH_s01,43,185,49.166666666666664,-0.962298572063446,1.4668373595063244
TOKYOTECH_s01,43,186,49.2,-0.9637161493301392,1.4626806333019533
TOKYOTECH_s01,43,187,49.233333333333334,-0.8909078240394592,1.3362750507639534
TOKYOTECH_s01,43,188,49.266666666666666,-0.7719101905822754,1.1343634993392058
TOKYOTECH_s01,43,189,49.3,0.14163926243782043,0.8971947928890517
TOKYOTECH_s01,43,190,49.333333333333336,1.5641380548477173,0.6516890160663447
TOKYOTECH_s01,43,191,49.36666666666667,2.2188615798950195,0.4110377242820819
TOKYOTECH_s01,43,192,49.4,1.9644066095352173,0.17754297677174957
TOKYOTECH_s01,43,193,49.43333333333333,1.4965670108795166,-0.053723024124666875
TOKYOTECH_s01,43,194,49.46666666666667,1.0712546110153198,-0.2908344004240175
TOKYOTECH_s01,43,195,49.5,0.7606477737426758,-0.5397196193032978
TOKYOTECH_s01,43,196,49.53333333333333,0.4534667730331421,-0.7976328051727527
TOKYOTECH_s01,43,197,49.56666666666667,0.42751723527908325,-1.0472942937439484
TOKYOTECH_s01,43,198,49.6,0.4646104872226715,-1.2550125664601026
TOKYOTECH_s01,43,199,49.63333333333333,0.4527186155319214,-1.375617852512975
TOKYOTECH_s01,43,200,49.666666666666664,0.1729440838098526,-1.3644268368737342
TOKYOTECH_s01,43,201,49.7,-0.1384502649307251,-1.1929859217076038
TOKYOTECH_s01,43,202,49.733333333333334,-0.401292622089386,-0.8628316745362937
TOKYOTECH_s01,43,203,49.766666666666666,-0.6034941673278809,-0.4111829804539947
TOKYOTECH_s01,43,204,49.8,-0.7111512422561646,0.0951689909770958
TOKYOTECH_s01,43,205,49.833333333333336,-0.7289890646934509,0.5767131006786442
TOKYOTECH_s01,43,206,49.86666666666667,-0.733163058757782,0.9623666206850006
TOKYOTECH_s01,43,207,49.9,-0.7214286923408508,1.2062639985955217
TOKYOTECH_s01,43,208,49.93333333333333,-0.8116022944450378,1.2945427883600122
TOKYOTECH_s01,43,209,49.96666666666667,-0.8853556513786316,1.241949680257016
TOKYOTECH_s01,43,210,50.0,-0.9516667723655701,1.0820046000130659
TOKYOTECH_s01,43,211,50.03333333333333,-0.9109901785850525,0.8555343717207204
TOKYOTECH_s01,43,212,50.06666666666667,-0.17672483623027802,0.601282426961415
TOKYOTECH_s01,43,213,50.1,1.3203543424606323,0.3501463398315463
TOKYOTECH_s01,43,214,50.13333333333333,2.224571466445923,0.12261260929027569
TOKYOTECH_s01,43,215,50.166666666666664,2.0819473266601562,-0.07183193236927046
TOKYOTECH_s01,43,216,50.2,1.6291497945785522,-0.23398152295642738
TOKYOTECH_s01,43,217,50.233333333333334,1.241560697555542,-0.3727146910887965
TOKYOTECH_s01,43,218,50.266666666666666,0.8692105412483215,-0.5010514662939215
TOKYOTECH_s01,43,219,50.3,0.4856378734111786,-0.6306793973091186
TOKYOTECH_s01,43,220,50.333333333333336,0.3282868564128876,-0.7657314538201756
TOKYOTECH_s01,43,221,50.36666666666667,0.347187876701355,-0.8974111251052979
TOKYOTECH_s01,43,222,50.4,0.36018234491348267,-1.0020303596551128
TOKYOTECH_s01,43,223,50.43333333333333,0.18904933333396912,-1.0450370523637105
TOKYOTECH_s01,43,224,50.46666666666667,-0.06253115087747574,-0.9916800322106001
TOKYOTECH_s01,43,225,50.5,-0.26945796608924866,-0.8214538333754141
TOKYOTECH_s01,43,226,50.53333333333333,-0.4412210285663605,-0.5401650132916325
TOKYOTECH_s01,43,227,50.56666666666667,-0.5849869251251221,-0.18305504223590283
TOKYOTECH_s01,43,228,50.6,-0.7877004146575928,0.19378732897394693
TOKYOTECH_s01,43,229,50.63333333333333,-0.8105391263961792,0.5304375613529151
TOKYOTECH_s01,43,230,50.666666666666664,-0.9057924151420593,0.7806893909732132
TOKYOTECH_s01,43,231,50.7,-0.8941367864608765,0.9224310277694258
TOKYOTECH_s01,43,232,50.733333333333334,-0.8005373477935791,0.958199823453089
TOKYOTECH_s01,43,233,50.766666666666666,-0.8401113748550415,0.9087063621264859
TOKYOTECH_s01,43,234,50.8,-0.9164636135101318,0.8036964543125741
TOKYOTECH_s01,43,235,50.833333333333336,-0.5825061798095703,0.673196982646583
TOKYOTECH_s01,43,236,50.86666666666667,0.7130801677703857,0.5407832021903973
TOKYOTECH_s01,43,237,50.9,1.8671845197677612,0.4197018156361253
TOKYOTECH_s01,43,238,50.93333333333333,2.0298120975494385,0.3120594443408093
TOKYOTECH_s01,43,239,50.96666666666667,1.5267298221588135,0.21084132531739164
TOKYOTECH_s01,44,0,44.0,1.5025129318237305,-0.006116625797888386
TOKYOTECH_s01,44,1,44.03333333333333,1.064009189605713,-0.20133095019395303
TOKYOTECH_s01,44,2,44.06666666666667,0.7138283252716064,-0.39709674730595385
TOKYOTECH_s01,44,3,44.1,0.41003379225730896,-0.5861581406095026
TOKYOTECH_s01,44,4,44.13333333333333,0.27918359637260437,-0.7478527710447499
TOKYOTECH_s01,44,5,44.166666666666664,0.30328238010406494,-0.8494683022801061
TOKYOTECH_s01,44,6,44.2,0.40235525369644165,-0.8542647774321179
TOKYOTECH_s01,44,7,44.233333333333334,0.31974202394485474,-0.7344878989152155
TOKYOTECH_s01,44,8,44.266666666666666,0.07595821470022202,-0.48525093316939305
TOKYOTECH_s01,44,9,44.3,-0.24075204133987427,-0.13339910703315758
TOKYOTECH_s01,44,10,44.333333333333336,-0.4509865343570709,0.2640954667372713
TOKYOTECH_s01,44,11,44.36666666666667,-0.7423379421234131,0.6338083498312423
TOKYOTECH_s01,44,12,44.4,-0.8095546960830688,0.9069620827979264
TOKYOTECH_s01,44,13,44.43333333333333,-0.8686597943305969,1.039074585766486
TOKYOTECH_s01,44,14,44.46666666666667,-0.8031362295150757,1.0204894854774145
TOKYOTECH_s01,44,15,44.5,-0.7963239550590515,0.8751398148872884
TOKYOTECH_s01,44,16,44.53333333333333,-0.8115235567092896,0.64991160802798
TOKYOTECH_s01,44,17,44.56666666666667,-0.8562953472137451,0.3995855950002557
TOKYOTECH_s01,44,18,44.6,-0.8212497234344482,0.17219116455725397
TOKYOTECH_s01,44,19,44.63333333333333,-0.2288995236158371,-0.0017916763180477482
TOKYOTECH_s01,44,20,44.666666666666664,1.0510541200637817,-0.11418562145699765
TOKYOTECH_s01,44,21,44.7,1.9238876104354858,-0.17712225652320818
TOKYOTECH_s01,44,22,44.733333333333334,1.8901020288467407,-0.2158226992968805
TOKYOTECH_s01,44,23,44.766666666666666,1.4704205989837646,-0.2593225226578003
TOKYOTECH_s01,44,24,44.8,1.0896437168121338,-0.3320808372295549
TOKYOTECH_s01,44,25,44.833333333333336,0.6222371459007263,-0.44785268125666505
TOKYOTECH_s01,44,26,44.86666666666667,0.3084014058113098,-0.6057400567785285
TOKYOTECH_s01,44,27,44.9,0.23212791979312897,-0.787994001121856
TOKYOTECH_s01,44,28,44.93333333333333,0.32797184586524963,-0.9600409030002027
TOKYOTECH_s01,44,29,44.96666666666667,0.31281164288520813,-1.0744394003530255
TOKYOTECH_s01,44,30,45.0,0.09261474013328552,-1.0806167217332598
TOKYOTECH_s01,44,31,45.03333333333333,-0.2311440259218216,-0.9401130378567568
TOKYOTECH_s01,44,32,45.06666666666667,-0.44204792380332947,-0.6430669267280279
TOKYOTECH_s01,44,33,45.1,-0.7222555875778198,-0.21847362600571318
TOKYOTECH_s01,44,34,45.13333333333333,-0.8306214809417725,0.2686396613302205
TOKYOTECH_s01,44,35,45.166666666666664,-0.8166031837463379,0.7344005600517767
TOKYOTECH_s01,44,36,45.2,-0.7960877418518066,1.1007812477403849
TOKYOTECH_s01,44,37,45.233333333333334,-0.8321965336799622,1.316528371621334
TOKYOTECH_s01,44,38,45.266666666666666,-0.8193596005439758,1.3663907938108182
TOKYOTECH_s01,44,39,45.3,-0.8720462322235107,1.268032102132032
TOKYOTECH_s01,44,40,45.333333333333336,-0.9609203934669495,1.0613000115163147
TOKYOTECH_s01,44,41,45.36666666666667,-0.9936821460723877,0.7955280693920682
TOKYOTECH_s01,44,42,45.4,-0.5146987438201904,0.5184036123799536
TOKYOTECH_s01,44,43,45.43333333333333,0.8056951761245728,0.267393767584415
TOKYOTECH_s01,44,44,45.46666666666667,1.8530875444412231,0.06387482663890413
TOKYOTECH_s01,44,45,45.5,1.8137891292572021,-0.08944343190514714
TOKYOTECH_s01,44,46,45.53333333333333,1.3552030324935913,-0.206950337480975
TOKYOTECH_s01,44,47,45.56666666666667,1.0844459533691406,-0.3142083823647567
TOKYOTECH_s01,44,48,45.6,0.6793733835220337,-0.4387667775353258
TOKYOTECH_s01,44,49,45.63333333333333,0.27776601910591125,-0.5999504617199958
TOKYOTECH_s01,44,50,45.666666666666664,0.19460150599479675,-0.8001475347035027
TOKYOTECH_s01,44,51,45.7,0.33667418360710144,-1.0198177492666107
TOKYOTECH_s01,44,52,45.733333333333334,0.39148715138435364,-1.218021134176995
TOKYOTECH_s01,44,53,45.766666666666666,0.2670554220676422,-1.3396134016070016
TOKYOTECH_s01,44,54,45.8,0.01594746857881546,-1.3289293729779699
TOKYOTECH_s01,44,55,45.833333333333336,-0.3021409809589386,-1.1474374389731854
TOKYOTECH_s01,44,56,45.86666666666667,-0.6017615795135498,-0.7900222575270711
TOKYOTECH_s01,44,57,45.9,-0.838851273059845,-0.29303309101360414
TOKYOTECH_s01,44,58,45.93333333333333,-0.9537143707275391,0.2710971854640125
TOKYOTECH_s01,44,59,45.96666666666667,-1.045108675956726,0.8124221126184005
TOKYOTECH_s01,44,60,46.0,-1.1093721389770508,1.2479893210195752
TOKYOTECH_s01,44,61,46.03333333333333,-0.9997856020927429,1.5218246999446137
TOKYOTECH_s01,44,62,46.06666666666667,-0.934813380241394,1.6136312326657936
TOKYOTECH_s01,44,63,46.1,-0.9224883317947388,1.5362082326557474
TOKYOTECH_s01,44,64,46.13333333333333,-0.9765530824661255,1.3259223534915587
TOKYOTECH_s01,44,65,46.166666666666664,-0.9254809617996216,1.0310798149020595
TOKYOTECH_s01,44,66,46.2,-0.30489739775657654,0.7013013259564751
TOKYOTECH_s01,44,67,46.233333333333334,0.9393805861473083,0.3790682133817373
TOKYOTECH_s01,44,68,46.266666666666666,1.944088101387024,0.09380356332713816
TOKYOTECH_s01,44,69,46.3,1.943379282951355,-0.14114365137088075
TOKYOTECH_s01,44,70,46.333333333333336,1.5101914405822754,-0.32832259255284757
TOKYOTECH_s01,44,71,46.36666666666667,1.1277607679367065,-0.4828664659067081
TOKYOTECH_s01,44,72,46.4,0.7533236145973206,-0.6264995420942936
TOKYOTECH_s01,44,73,46.43333333333333,0.3122209906578064,-0.7797146454452997
TOKYOTECH_s01,44,74,46.46666666666667,0.13766217231750488,-0.9533593301602192
TOKYOTECH_s01,44,75,46.5,0.18711985647678375,-1.1412887639976954
TOKYOTECH_s01,44,76,46.53333333333333,0.23452992737293243,-1.3162121042609265
TOKYOTECH_s01,44,77,46.56666666666667,0.17963820695877075,-1.4313605317092248
TOKYOTECH_s01,44,78,46.6,-0.016066139563918114,-1.4304057630159677
TOKYOTECH_s01,44,79,46.63333333333333,-0.24437473714351654,-1.2654121972287649
TOKYOTECH_s01,44,80,46.666666666666664,-0.5447041392326355,-0.9174710086132555
TOKYOTECH_s01,44,81,46.7,-0.7333599328994751,-0.41077406128296234
TOKYOTECH_s01,44,82,46.733333333333334,-0.8541296124458313,0.1878909558723454
TOKYOTECH_s01,44,83,46.766666666666666,-0.9472565054893494,0.7857679790452637
TOKYOTECH_s01,44,84,46.8,-1.072987675666809,1.2901279621316954
TOKYOTECH_s01,44,85,46.833333333333336,-1.0853520631790161,1.6322693242313446
TOKYOTECH_s01,44,86,46.86666666666667,-1.1570972204208374,1.780521020154592
TOKYOTECH_s01,44,87,46.9,-1.1458747386932373,1.7400682163527934
TOKYOTECH_s01,44,88,46.93333333333333,-1.1654452085494995,1.5436530438548433
TOKYOTECH_s01,44,89,46.96666666666667,-1.1567822694778442,1.23933342063514
TOKYOTECH_s01,44,90,47.0,-0.9876968264579773,0.8792788243374431
TOKYOTECH_s01,44,91,47.03333333333333,0.07658825069665909,0.5105302777380485
TOKYOTECH_s01,44,92,47.06666666666667,1.5201932191848755,0.16792434009560062
TOKYOTECH_s01,44,93,47.1,2.1279006004333496,-0.12992706949272254
TOKYOTECH_s01,44,94,47.13333333333333,1.8286737203598022,-0.38075549172903256
TOKYOTECH_s01,44,95,47.166666666666664,1.3625272512435913,-0.5948585965952982
TOKYOTECH_s01,44,96,47.2,0.8383781909942627,-0.7882557948866408
TOKYOTECH_s01,44,97,47.233333333333334,0.351519376039505,-0.9742562690343209
TOKYOTECH_s01,44,98,47.266666666666666,0.07450126111507416,-1.155476632479063
TOKYOTECH_s01,44,99,47.3,-0.026107307523489,-1.318563590253858
TOKYOTECH_s01,44,100,47.333333333333336,0.07548569142818451,-1.4335353732581537
TOKYOTECH_s01,44,101,47.36666666666667,0.11628039926290512,-1.4589472857338923
TOKYOTECH_s01,44,102,47.4,0.0763126090168953,-1.3530313274845074
TOKYOTECH_s01,44,103,47.43333333333333,-0.1432148963212967,-1.088956902534915
TOKYOTECH_s01,44,104,47.46666666666667,-0.3559301495552063,-0.6695015088821168
TOKYOTECH_s01,44,105,47.5,-0.6226708292961121,-0.13453527049262967
TOKYOTECH_s01,44,106,47.53333333333333,-0.8129017353057861,0.44402702335064076
TOKYOTECH_s01,44,107,47.56666666666667,-0.9228033423423767,0.9799760720389319
TOKYOTECH_s01,44,108,47.6,-1.0171115398406982,1.3963969778199519
TOKYOTECH_s01,44,109,47.63333333333333,-1.0385327339172363,1.6446806253240345
TOKYOTECH_s01,44,110,47.666666666666664,-1.0674355030059814,1.7118332223923267
TOKYOTECH_s01,44,111,47.7,-1.0011638402938843,1.6159034023137435
TOKYOTECH_s01,44,112,47.733333333333334,-0.9841529130935669,1.3945341010859142
TOKYOTECH_s01,44,113,47.766666666666666,-0.9619048237800598,1.0925619385390402
TOKYOTECH_s01,44,114,47.8,-0.34399887919425964,0.7520435857310181
TOKYOTECH_s01,44,115,47.833333333333336,0.9939572811126709,0.40536572910448704
TOKYOTECH_s01,44,116,47.86666666666667,1.9019938707351685,0.07161834057306699
TOKYOTECH_s01,44,117,47.9,1.8585609197616577,-0.243078657981671
TOKYOTECH_s01,44,118,47.93333333333333,1.3199604749679565,-0.5411898774481488
TOKYOTECH_s01,44,119,47.96666666666667,0.8759046196937561,-0.8266018080801102
TOKYOTECH_s01,44,120,48.0,0.4659099280834198,-1.0969278086224896
TOKYOTECH_s01,44,121,48.03333333333333,0.09639494866132736,-1.3377559979284306
TOKYOTECH_s01,44,122,48.06666666666667,0.03921935334801674,-1.5209878114387851
TOKYOTECH_s01,44,123,48.1,0.22161422669887543,-1.6085826530574021
TOKYOTECH_s01,44,124,48.13333333333333,0.2650865614414215,-1.5616943135489507
TOKYOTECH_s01,44,125,48.166666666666664,0.14360812306404114,-1.3534816024637373
TOKYOTECH_s01,44,126,48.2,-0.11246135830879211,-0.9820793109724701
TOKYOTECH_s01,44,127,48.233333333333334,-0.401292622089386,-0.4787570762101435
TOKYOTECH_s01,44,128,48.266666666666666,-0.6425563097000122,0.09375824668413747
TOKYOTECH_s01,44,129,48.3,-0.7802581191062927,0.6546634317839644
TOKYOTECH_s01,44,130,48.333333333333336,-0.9128803014755249,1.1259424191330702
TOKYOTECH_s01,44,131,48.36666666666667,-0.922882080078125,1.4519051564024679
TOKYOTECH_s01,44,132,48.4,-0.8180601596832275,1.6094912717719059
TOKYOTECH_s01,44,133,48.43333333333333,-0.9072887301445007,1.60680957121243
TOKYOTECH_s01,44,134,48.46666666666667,-1.035815715789795,1.473324570558652
TOKYOTECH_s01,44,135,48.5,-1.0101418495178223,1.247854450758347
TOKYOTECH_s01,44,136,48.53333333333333,-0.5286776423454285,0.9688955390588375
TOKYOTECH_s01,44,137,48.56666666666667,0.7252870798110962,0.668403400198575
TOKYOTECH_s01,44,138,48.6,1.8797063827514648,0.36830218660014397
TOKYOTECH_s01,44,139,48.63333333333333,2.052729606628418,0.07911866700961613
TOKYOTECH_s01,44,140,48.666666666666664,1.6992017030715942,-0.1990227774659819
TOKYOTECH_s01,44,141,48.7,1.2619973421096802,-0.4724560059298952
TOKYOTECH_s01,44,142,48.733333333333334,0.8189653158187866,-0.7472074269924589
TOKYOTECH_s01,44,143,48.766666666666666,0.34632158279418945,-1.0209964191282337
TOKYOTECH_s01,44,144,48.8,0.11482344567775726,-1.276884817931999
TOKYOTECH_s01,44,145,48.833333333333336,0.13691401481628418,-1.4816473530104788
TOKYOTECH_s01,44,146,48.86666666666667,0.1404973268508911,-1.5906411820329613
TOKYOTECH_s01,44,147,48.9,0.08824387937784195,-1.5587918199727748
TOKYOTECH_s01,44,148,48.93333333333333,-0.09245777130126953,-1.355185800200091
TOKYOTECH_s01,44,149,48.96666666666667,-0.30265289545059204,-0.9770928382635602
TOKYOTECH_s01,44,150,49.0,-0.4561055600643158,-0.4583600191345762
TOKYOTECH_s01,44,151,49.03333333333333,-0.6805946230888367,0.13237342093283302
TOKYOTECH_s01,44,152,49.06666666666667,-0.8149887323379517,0.7056146872511138
TOKYOTECH_s01,44,153,49.1,-0.9656062722206116,1.174061474213293
TOKYOTECH_s01,44,154,49.13333333333333,-0.934419572353363,1.4760339659942674
TOKYOTECH_s01,44,155,49.166666666666664,-0.962298572063446,1.589193302726762
TOKYOTECH_s01,44,156,49.2,-0.9637161493301392,1.5298831287677241
TOKYOTECH_s01,44,157,49.233333333333334,-0.8909078240394592,1.3410833675540101
TOKYOTECH_s01,44,158,49.266666666666666,-0.7719101905822754,1.0759331843181046
TOKYOTECH_s01,44,159,49.3,0.14163926243782043,0.7831582341170822
TOKYOTECH_s01,44,160,49.333333333333336,1.5641380548477173,0.4977611259091479
TOKYOTECH_s01,44,161,49.36666666666667,2.2188615798950195,0.23736593147837717
TOKYOTECH_s01,44,162,49.4,1.9644066095352173,0.003100312979384414
TOKYOTECH_s01,44,163,49.43333333333333,1.4965670108795166,-0.21614141421477118
TOKYOTECH_s01,44,164,49.46666666666667,1.0712546110153198,-0.43673434722570326
TOKYOTECH_s01,44,165,49.5,0.7606477737426758,-0.6714084540495154
TOKYOTECH_s01,44,166,49.53333333333333,0.4534667730331421,-0.9201499269703552
TOKYOTECH_s01,44,167,49.56666666666667,0.42751723527908325,-1.1639035856593891
TOKYOTECH_s01,44,168,49.6,0.4646104872226715,-1.3642932997462993
TOKYOTECH_s01,44,169,49.63333333333333,0.4527186155319214,-1.4711099556873646
TOKYOTECH_s01,44,170,49.666666666666664,0.1729440838098526,-1.436410947015821
TOKYOTECH_s01,44,171,49.7,-0.1384502649307251,-1.2311370093319665
TOKYOTECH_s01,44,172,49.733333333333334,-0.401292622089386,-0.8586280144976768
TOKYOTECH_s01,44,173,49.766666666666666,-0.6034941673278809,-0.35966798621339546
TOKYOTECH_s01,44,174,49.8,-0.7111512422561646,0.19424844966059684
TOKYOTECH_s01,44,175,49.833333333333336,-0.7289890646934509,0.7184114729025366
TOKYOTECH_s01,44,176,49.86666666666667,-0.733163058757782,1.136708145378639
TOKYOTECH_s01,44,177,49.9,-0.7214286923408508,1.3989523217815654
TOKYOTECH_s01,44,178,49.93333333333333,-0.8116022944450378,1.488198096644019
TOKYOTECH_s01,44,179,49.96666666666667,-0.8853556513786316,1.4181554678368515
TOKYOTECH_s01,44,180,50.0,-0.9516667723655701,1.224339346603009
TOKYOTECH_s01,44,181,50.03333333333333,-0.9109901785850525,0.9530150126546533
TOKYOTECH_s01,44,182,50.06666666666667,-0.17672483623027802,0.6507489195780715
TOKYOTECH_s01,44,183,50.1,1.3203543424606323,0.3560028033271909
TOKYOTECH_s01,44,184,50.13333333333333,2.224571466445923,0.09358424886372435
TOKYOTECH_s01,44,185,50.166666666666664,2.0819473266601562,-0.12743550983207888
TOKYOTECH_s01,44,186,50.2,1.6291497945785522,-0.312150308048754
TOKYOTECH_s01,44,187,50.233333333333334,1.241560697555542,-0.4750215909389652
TOKYOTECH_s01,44,188,50.266666666666666,0.8692105412483215,-0.6327981555022986
TOKYOTECH_s01,44,189,50.3,0.4856378734111786,-0.7965126299296023
TOKYOTECH_s01,44,190,50.333333333333336,0.3282868564128876,-0.9643355792443531
TOKYOTECH_s01,44,191,50.36666666666667,0.347187876701355,-1.1174895477020328
TOKYOTECH_s01,44,192,50.4,0.36018234491348267,-1.2215026401524358
TOKYOTECH_s01,44,193,50.43333333333333,0.18904933333396912,-1.2340918043465983
TOKYOTECH_s01,44,194,50.46666666666667,-0.06253115087747574,-1.1185900125078108
TOKYOTECH_s01,44,195,50.5,-0.26945796608924866,-0.8588401451821899
TOKYOTECH_s01,44,196,50.53333333333333,-0.4412210285663605,-0.4694800212208314
TOKYOTECH_s01,44,197,50.56666666666667,-0.5849869251251221,0.003657253083209031
TOKYOTECH_s01,44,198,50.6,-0.7877004146575928,0.4942303975437154
TOKYOTECH_s01,44,199,50.63333333333333,-0.8105391263961792,0.9330148853670702
TOKYOTECH_s01,44,200,50.666666666666664,-0.9057924151420593,1.2648564898949959
TOKYOTECH_s01,44,201,50.7,-0.8941367864608765,1.4583496519907646
TOKYOTECH_s01,44,202,50.733333333333334,-0.8005373477935791,1.506762227715137
TOKYOTECH_s01,44,203,50.766666666666666,-0.8401113748550415,1.4234440999627518
TOKYOTECH_s01,44,204,50.8,-0.9164636135101318,1.2354988457220641
TOKYOTECH_s01,44,205,50.833333333333336,-0.5825061798095703,0.9774416785728696
TOKYOTECH_s01,44,206,50.86666666666667,0.7130801677703857,0.6851633488054296
TOKYOTECH_s01,44,207,50.9,1.8671845197677612,0.39042178793298565
TOKYOTECH_s01,44,208,50.93333333333333,2.0298120975494385,0.11644078689176068
TOKYOTECH_s01,44,209,50.96666666666667,1.5267298221588135,-0.12458670025281146
TOKYOTECH_s01,44,210,51.0,1.133352279663086,-0.3314541816992047
TOKYOTECH_s01,44,211,51.03333333333333,0.8831106424331665,-0.5112166160077829
TOKYOTECH_s01,44,212,51.06666666666667,0.4385822117328644,-0.674287106839241
TOKYOTECH_s01,44,213,51.1,0.26343274116516113,-0.8284835321811634
TOKYOTECH_s01,44,214,51.13333333333333,0.26634663343429565,-0.9736366909266521
TOKYOTECH_s01,44,215,51.166666666666664,0.4060567021369934,-1.098611673597761
TOKYOTECH_s01,44,216,51.2,0.2901304364204407,-1.18237166605238
TOKYOTECH_s01,44,217,51.233333333333334,0.008032664656639099,-1.1996421356698466
TOKYOTECH_s01,44,218,51.266666666666666,-0.31202465295791626,-1.129809804949895
TOKYOTECH_s01,44,219,51.3,-0.5734100341796875,-0.9657357238997284
TOKYOTECH_s01,44,220,51.333333333333336,-0.7370613813400269,-0.7184264956126066
TOKYOTECH_s01,44,221,51.36666666666667,-0.8122323155403137,-0.41504845228010473
TOKYOTECH_s01,44,222,51.4,-0.8276287913322449,-0.09127938443022005
TOKYOTECH_s01,44,223,51.43333333333333,-0.7806912660598755,0.21789804665858573
TOKYOTECH_s01,44,224,51.46666666666667,-0.7924650311470032,0.48448871416418
TOKYOTECH_s01,44,225,51.5,-0.8341260552406311,0.6889543535101906
TOKYOTECH_s01,44,226,51.53333333333333,-0.8521607518196106,0.8185918356767125
TOKYOTECH_s01,44,227,51.56666666666667,-1.0406590700149536,0.8662360126103045
TOKYOTECH_s01,44,228,51.6,-1.105237603187561,0.8310030207082044
TOKYOTECH_s01,44,229,51.63333333333333,-0.5004835724830627,0.7200334179118453
TOKYOTECH_s01,44,230,51.666666666666664,0.9703309535980225,0.5492610013906022
TOKYOTECH_s01,44,231,51.7,2.0329227447509766,0.34217886056310454
TOKYOTECH_s01,44,232,51.733333333333334,1.8898264169692993,0.12691588703980128
TOKYOTECH_s01,44,233,51.766666666666666,1.3279147148132324,-0.06745056455196254
TOKYOTECH_s01,44,234,51.8,0.9749380946159363,-0.21474390778871227
TOKYOTECH_s01,44,235,51.833333333333336,0.56671541929245,-0.29549581494762345
TOKYOTECH_s01,44,236,51.86666666666667,0.1991298794746399,-0.3002480959496044
TOKYOTECH_s01,44,237,51.9,0.13821345567703247,-0.23147890619170772
TOKYOTECH_s01,44,238,51.93333333333333,0.2664647698402405,-0.1034709378393326
TOKYOTECH_s01,44,239,51.96666666666667,0.3388005495071411,0.0599392003993773
TOKYOTECH_s01,45,0,45.0,0.09261474013328552,0.12154498570053293
TOKYOTECH_s01,45,1,45.03333333333333,-0.2311440259218216,0.14532211846772028
TOKYOTECH_s01,45,2,45.06666666666667,-0.44204792380332947,0.21166533358854303
TOKYOTECH_s01,45,3,45.1,-0.7222555875778198,0.34585440093704317
TOKYOTECH_s01,45,4,45.13333333333333,-0.8306214809417725,0.5425685233486849
TOKYOTECH_s01,45,5,45.166666666666664,-0.8166031837463379,0.7680897263558955
TOKYOTECH_s01,45,6,45.2,-0.7960877418518066,0.973739907831204
TOKYOTECH_s01,45,7,45.233333333333334,-0.8321965336799622,1.1129665905869783
TOKYOTECH_s01,45,8,45.266666666666666,-0.8193596005439758,1.1544821960674483
TOKYOTECH_s01,45,9,45.3,-0.8720462322235107,1.0879600770382556
TOKYOTECH_s01,45,10,45.333333333333336,-0.9609203934669495,0.923037386154516
TOKYOTECH_s01,45,11,45.36666666666667,-0.9936821460723877,0.6842915688175207
TOKYOTECH_s01,45,12,45.4,-0.5146987438201904,0.4043047628589845
TOKYOTECH_s01,45,13,45.43333333333333,0.8056951761245728,0.11596818378586866
TOKYOTECH_s01,45,14,45.46666666666667,1.8530875444412231,-0.15450414152328504
TOKYOTECH_s01,45,15,45.5,1.8137891292572021,-0.3917878976535401
TOKYOTECH_s01,45,16,45.53333333333333,1.3552030324935913,-0.5915569066429482
TOKYOTECH_s01,45,17,45.56666666666667,1.0844459533691406,-0.7570459696526269
TOKYOTECH_s01,45,18,45.6,0.6793733835220337,-0.8942928125123459
TOKYOTECH_s01,45,19,45.63333333333333,0.27776601910591125,-1.0082361902480959
TOKYOTECH_s01,45,20,45.666666666666664,0.19460150599479675,-1.1000128528328093
TOKYOTECH_s01,45,21,45.7,0.33667418360710144,-1.16448709116229
TOKYOTECH_s01,45,22,45.733333333333334,0.39148715138435364,-1.188054244032396
TOKYOTECH_s01,45,23,45.766666666666666,0.2670554220676422,-1.1486730512009793
TOKYOTECH_s01,45,24,45.8,0.01594746857881546,-1.0204794611250276
TOKYOTECH_s01,45,25,45.833333333333336,-0.3021409809589386,-0.7834183689208424
TOKYOTECH_s01,45,26,45.86666666666667,-0.6017615795135498,-0.43501641273765196
TOKYOTECH_s01,45,27,45.9,-0.838851273059845,0.0012299985321826403
TOKYOTECH_s01,45,28,45.93333333333333,-0.9537143707275391,0.4762516954672362
TOKYOTECH_s01,45,29,45.96666666666667,-1.045108675956726,0.9261357195468906
TOKYOTECH_s01,45,30,46.0,-1.1093721389770508,1.2887848646644549
TOKYOTECH_s01,45,31,46.03333333333333,-0.9997856020927429,1.5187492927554131
TOKYOTECH_s01,45,32,46.06666666666667,-0.934813380241394,1.594739169801123
TOKYOTECH_s01,45,33,46.1,-0.9224883317947388,1.5194810559676848
TOKYOTECH_s01,45,34,46.13333333333333,-0.9765530824661255,1.3150750824127033
TOKYOTECH_s01,45,35,46.166666666666664,-0.9254809617996216,1.017088712338965
TOKYOTECH_s01,45,36,46.2,-0.30489739775657654,0.6684075777228643
TOKYOTECH_s01,45,37,46.233333333333334,0.9393805861473083,0.3122807902442384
TOKYOTECH_s01,45,38,46.266666666666666,1.944088101387024,-0.015130570825925112
TOKYOTECH_s01,45,39,46.3,1.943379282951355,-0.29073214821243204
TOKYOTECH_s01,45,40,46.333333333333336,1.5101914405822754,-0.50694613770966
TOKYOTECH_s01,45,41,46.36666666666667,1.1277607679367065,-0.6700474734346838
TOKYOTECH_s01,45,42,46.4,0.7533236145973206,-0.7954240284464247
TOKYOTECH_s01,45,43,46.43333333333333,0.3122209906578064,-0.901333204187416
TOKYOTECH_s01,45,44,46.46666666666667,0.13766217231750488,-1.0020415426542815
TOKYOTECH_s01,45,45,46.5,0.18711985647678375,-1.1007707847353658
TOKYOTECH_s01,45,46,46.53333333333333,0.23452992737293243,-1.1838606653722406
TOKYOTECH_s01,45,47,46.56666666666667,0.17963820695877075,-1.219313660456452
TOKYOTECH_s01,45,48,46.6,-0.016066139563918114,-1.1634094591986106
TOKYOTECH_s01,45,49,46.63333333333333,-0.24437473714351654,-0.9762667477721945
TOKYOTECH_s01,45,50,46.666666666666664,-0.5447041392326355,-0.6414116776817509
TOKYOTECH_s01,45,51,46.7,-0.7333599328994751,-0.17993442869190193
TOKYOTECH_s01,45,52,46.733333333333334,-0.8541296124458313,0.34907758073939527
TOKYOTECH_s01,45,53,46.766666666666666,-0.9472565054893494,0.8635427576329866
TOKYOTECH_s01,45,54,46.8,-1.072987675666809,1.2822756454811495
TOKYOTECH_s01,45,55,46.833333333333336,-1.0853520631790161,1.5468726952676586
TOKYOTECH_s01,45,56,46.86666666666667,-1.1570972204208374,1.633286988862812
TOKYOTECH_s01,45,57,46.9,-1.1458747386932373,1.5513341974437118
TOKYOTECH_s01,45,58,46.93333333333333,-1.1654452085494995,1.3358038665247023
TOKYOTECH_s01,45,59,46.96666666666667,-1.1567822694778442,1.034498293208016
TOKYOTECH_s01,45,60,47.0,-0.9876968264579773,0.6967985001761219
TOKYOTECH_s01,45,61,47.03333333333333,0.07658825069665909,0.3641934401186775
TOKYOTECH_s01,45,62,47.06666666666667,1.5201932191848755,0.06383871076792284
TOKYOTECH_s01,45,63,47.1,2.1279006004333496,-0.19360851860797365
TOKYOTECH_s01,45,64,47.13333333333333,1.8286737203598022,-0.41169422134015565
TOKYOTECH_s01,45,65,47.166666666666664,1.3625272512435913,-0.6027069239867343
TOKYOTECH_s01,45,66,47.2,0.8383781909942627,-0.7807987775328096
TOKYOTECH_s01,45,67,47.233333333333334,0.351519376039505,-0.9550828971460537
TOKYOTECH_s01,45,68,47.266666666666666,0.07450126111507416,-1.123827206607018
TOKYOTECH_s01,45,69,47.3,-0.026107307523489,-1.2709446659317405
TOKYOTECH_s01,45,70,47.333333333333336,0.07548569142818451,-1.3661754382626048
TOKYOTECH_s01,45,71,47.36666666666667,0.11628039926290512,-1.3702512999740817
TOKYOTECH_s01,45,72,47.4,0.0763126090168953,-1.2454338931386115
TOKYOTECH_s01,45,73,47.43333333333333,-0.1432148963212967,-0.9697391597420799
TOKYOTECH_s01,45,74,47.46666666666667,-0.3559301495552063,-0.5503624392687199
TOKYOTECH_s01,45,75,47.5,-0.6226708292961121,-0.030028476673179243
TOKYOTECH_s01,45,76,47.53333333333333,-0.8129017353057861,0.518843839534451
TOKYOTECH_s01,45,77,47.56666666666667,-0.9228033423423767,1.0122670772906226
TOKYOTECH_s01,45,78,47.6,-1.0171115398406982,1.3782436379215388
TOKYOTECH_s01,45,79,47.63333333333333,-1.0385327339172363,1.5752806945423226
TOKYOTECH_s01,45,80,47.666666666666664,-1.0674355030059814,1.598602337152528
TOKYOTECH_s01,45,81,47.7,-1.0011638402938843,1.4738851524942442
TOKYOTECH_s01,45,82,47.733333333333334,-0.9841529130935669,1.2439274909190265
TOKYOTECH_s01,45,83,47.766666666666666,-0.9619048237800598,0.9548660927492797
TOKYOTECH_s01,45,84,47.8,-0.34399887919425964,0.6458694525143134
TOKYOTECH_s01,45,85,47.833333333333336,0.9939572811126709,0.34309881982657064
TOKYOTECH_s01,45,86,47.86666666666667,1.9019938707351685,0.05786015948934906
TOKYOTECH_s01,45,87,47.9,1.8585609197616577,-0.21091624673849713
TOKYOTECH_s01,45,88,47.93333333333333,1.3199604749679565,-0.4705137244185294
TOKYOTECH_s01,45,89,47.96666666666667,0.8759046196937561,-0.7265804141138027
TOKYOTECH_s01,45,90,48.0,0.4659099280834198,-0.9761550318346586
TOKYOTECH_s01,45,91,48.03333333333333,0.09639494866132736,-1.2036390230565688
TOKYOTECH_s01,45,92,48.06666666666667,0.03921935334801674,-1.3807686361591267
TOKYOTECH_s01,45,93,48.1,0.22161422669887543,-1.4708267112525668
TOKYOTECH_s01,45,94,48.13333333333333,0.2650865614414215,-1.436929815066823
TOKYOTECH_s01,45,95,48.166666666666664,0.14360812306404114,-1.253436775469547
TOKYOTECH_s01,45,96,48.2,-0.11246135830879211,-0.9177906070841944
TOKYOTECH_s01,45,97,48.233333333333334,-0.401292622089386,-0.4582525819333619
TOKYOTECH_s01,45,98,48.266666666666666,-0.6425563097000122,0.06729821728570909
TOKYOTECH_s01,45,99,48.3,-0.7802581191062927,0.5834769206477214
TOKYOTECH_s01,45,100,48.333333333333336,-0.9128803014755249,1.0168850409476369
TOKYOTECH_s01,45,101,48.36666666666667,-0.922882080078125,1.3149890070859356
TOKYOTECH_s01,45,102,48.4,-0.8180601596832275,1.4565146575529133
TOKYOTECH_s01,45,103,48.43333333333333,-0.9072887301445007,1.450137897585421
TOKYOTECH_s01,45,104,48.46666666666667,-1.035815715789795,1.324442575698015
TOKYOTECH_s01,45,105,48.5,-1.0101418495178223,1.1156494519744924
TOKYOTECH_s01,45,106,48.53333333333333,-0.5286776423454285,0.8583357828676332
TOKYOTECH_s01,45,107,48.56666666666667,0.7252870798110962,0.5805994236859311
TOKYOTECH_s01,45,108,48.6,1.8797063827514648,0.30242710669775497
TOKYOTECH_s01,45,109,48.63333333333333,2.052729606628418,0.03553068960286305
TOKYOTECH_s01,45,110,48.666666666666664,1.6992017030715942,-0.2160980938565634
TOKYOTECH_s01,45,111,48.7,1.2619973421096802,-0.4544234598802775
TOKYOTECH_s01,45,112,48.733333333333334,0.8189653158187866,-0.6835216093925227
TOKYOTECH_s01,45,113,48.766666666666666,0.34632158279418945,-0.9037303594306711
TOKYOTECH_s01,45,114,48.8,0.11482344567775726,-1.105618821409912
TOKYOTECH_s01,45,115,48.833333333333336,0.13691401481628418,-1.26673006145931
TOKYOTECH_s01,45,116,48.86666666666667,0.1404973268508911,-1.3534772446311052
TOKYOTECH_s01,45,117,48.9,0.08824387937784195,-1.328760301216292
TOKYOTECH_s01,45,118,48.93333333333333,-0.09245777130126953,-1.1638306788401769
TOKYOTECH_s01,45,119,48.96666666666667,-0.30265289545059204,-0.8511083076321808
TOKYOTECH_s01,45,120,49.0,-0.4561055600643158,-0.41336552327730053
TOKYOTECH_s01,45,121,49.03333333333333,-0.6805946230888367,0.09538464802637188
TOKYOTECH_s01,45,122,49.06666666666667,-0.8149887323379517,0.5999983081714046
TOKYOTECH_s01,45,123,49.1,-0.9656062722206116,1.023478689980775
TOKYOTECH_s01,45,124,49.13333333333333,-0.934419572353363,1.308047528292658
TOKYOTECH_s01,45,125,49.166666666666664,-0.962298572063446,1.428701710416807
TOKYOTECH_s01,45,126,49.2,-0.9637161493301392,1.3942872096312906
TOKYOTECH_s01,45,127,49.233333333333334,-0.8909078240394592,1.2380401477318277
TOKYOTECH_s01,45,128,49.266666666666666,-0.7719101905822754,1.0037331037029593
TOKYOTECH_s01,45,129,49.3,0.14163926243782043,0.7334141806291797
TOKYOTECH_s01,45,130,49.333333333333336,1.5641380548477173,0.45969934298881976
TOKYOTECH_s01,45,131,49.36666666666667,2.2188615798950195,0.20243001338551472
TOKYOTECH_s01,45,132,49.4,1.9644066095352173,-0.031679123693568824
TOKYOTECH_s01,45,133,49.43333333333333,1.4965670108795166,-0.24717131003360346
TOKYOTECH_s01,45,134,49.46666666666667,1.0712546110153198,-0.45557143082782675
TOKYOTECH_s01,45,135,49.5,0.7606477737426758,-0.668464600070949
TOKYOTECH_s01,45,136,49.53333333333333,0.4534667730331421,-0.8889390935906296
TOKYOTECH_s01,45,137,49.56666666666667,0.42751723527908325,-1.104172947246305
TOKYOTECH_s01,45,138,49.6,0.4646104872226715,-1.2828764921365539
TOKYOTECH_s01,45,139,49.63333333333333,0.4527186155319214,-1.3803030405946195
TOKYOTECH_s01,45,140,49.666666666666664,0.1729440838098526,-1.3506002125606924
TOKYOTECH_s01,45,141,49.7,-0.1384502649307251,-1.1629428171921357
TOKYOTECH_s01,45,142,49.733333333333334,-0.401292622089386,-0.8158822147329532
TOKYOTECH_s01,45,143,49.766666666666666,-0.6034941673278809,-0.34411681908096453
TOKYOTECH_s01,45,144,49.8,-0.7111512422561646,0.18642208428983123
TOKYOTECH_s01,45,145,49.833333333333336,-0.7289890646934509,0.694914976671449
TOKYOTECH_s01,45,146,49.86666666666667,-0.733163058757782,1.107213503746014
TOKYOTECH_s01,45,147,49.9,-0.7214286923408508,1.3734809283167537
TOKYOTECH_s01,45,148,49.93333333333333,-0.8116022944450378,1.4759122392290251
TOKYOTECH_s01,45,149,49.96666666666667,-0.8853556513786316,1.4263942389702722
TOKYOTECH_s01,45,150,50.0,-0.9516667723655701,1.2577168074634713
TOKYOTECH_s01,45,151,50.03333333333333,-0.9109901785850525,1.012529344616019
TOKYOTECH_s01,45,152,50.06666666666667,-0.17672483623027802,0.7330530562501281
TOKYOTECH_s01,45,153,50.1,1.3203543424606323,0.45318569570590106
TOKYOTECH_s01,45,154,50.13333333333333,2.224571466445923,0.19389554808053458
TOKYOTECH_s01,45,155,50.166666666666664,2.0819473266601562,-0.03772054937367388
TOKYOTECH_s01,45,156,50.2,1.6291497945785522,-0.24615829156729396
TOKYOTECH_s01,45,157,50.233333333333334,1.241560697555542,-0.44299485447856746
TOKYOTECH_s01,45,158,50.266666666666666,0.8692105412483215,-0.6409150106234175
TOKYOTECH_s01,45,159,50.3,0.4856378734111786,-0.8467887753609609
TOKYOTECH_s01,45,160,50.333333333333336,0.3282868564128876,-1.0548619093785845
TOKYOTECH_s01,45,161,50.36666666666667,0.347187876701355,-1.2422512300554969
TOKYOTECH_s01,45,162,50.4,0.36018234491348267,-1.369675653305587
TOKYOTECH_s01,45,163,50.43333333333333,0.18904933333396912,-1.3896148488783462
TOKYOTECH_s01,45,164,50.46666666666667,-0.06253115087747574,-1.2613958997655046
TOKYOTECH_s01,45,165,50.5,-0.26945796608924866,-0.9687658583966833
TOKYOTECH_s01,45,166,50.53333333333333,-0.4412210285663605,-0.5323266000912704
TOKYOTECH_s01,45,167,50.56666666666667,-0.5849869251251221,-0.00967485242325985
TOKYOTECH_s01,45,168,50.6,-0.7877004146575928,0.5186720884778272
TOKYOTECH_s01,45,169,50.63333333333333,-0.8105391263961792,0.9722325187691068
TOKYOTECH_s01,45,170,50.666666666666664,-0.9057924151420593,1.2922925449852762
TOKYOTECH_s01,45,171,50.7,-0.8941367864608765,1.4533936133893817
TOKYOTECH_s01,45,172,50.733333333333334,-0.8005373477935791,1.4621339241619156
TOKYOTECH_s01,45,173,50.766666666666666,-0.8401113748550415,1.3475087304855327
TOKYOTECH_s01,45,174,50.8,-0.9164636135101318,1.1488753169320665
TOKYOTECH_s01,45,175,50.833333333333336,-0.5825061798095703,0.905567344877294
TOKYOTECH_s01,45,176,50.86666666666667,0.7130801677703857,0.649588926115235
TOKYOTECH_s01,45,177,50.9,1.8671845197677612,0.40141742027217
TOKYOTECH_s01,45,178,50.93333333333333,2.0298120975494385,0.16876945558185572
TOKYOTECH_s01,45,179,50.96666666666667,1.5267298221588135,-0.05166804131041702
TOKYOTECH_s01,45,180,51.0,1.133352279663086,-0.2698758917232281
TOKYOTECH_s01,45,181,51.03333333333333,0.8831106424331665,-0.49641386133103316
TOKYOTECH_s01,45,182,51.06666666666667,0.4385822117328644,-0.7357958139368372
TOKYOTECH_s01,45,183,51.1,0.26343274116516113,-0.9806428729241243
TOKYOTECH_s01,45,184,51.13333333333333,0.26634663343429565,-1.2081857354437218
TOKYOTECH_s01,45,185,51.166666666666664,0.4060567021369934,-1.3810231665521149
TOKYOTECH_s01,45,186,51.2,0.2901304364204407,-1.4538802591945446
TOKYOTECH_s01,45,187,51.233333333333334,0.008032664656639099,-1.3864526508949329
TOKYOTECH_s01,45,188,51.266666666666666,-0.31202465295791626,-1.1591462058209705
TOKYOTECH_s01,45,189,51.3,-0.5734100341796875,-0.7853554187905929
TOKYOTECH_s01,45,190,51.333333333333336,-0.7370613813400269,-0.3133830939004732
TOKYOTECH_s01,45,191,51.36666666666667,-0.8122323155403137,0.18502503316433436
TOKYOTECH_s01,45,192,51.4,-0.8276287913322449,0.6353871205800343
TOKYOTECH_s01,45,193,51.43333333333333,-0.7806912660598755,0.9809536108747446
TOKYOTECH_s01,45,194,51.46666666666667,-0.7924650311470032,1.1942331994308457
TOKYOTECH_s01,45,195,51.5,-0.8341260552406311,1.2765546980258191
TOKYOTECH_s01,45,196,51.53333333333333,-0.8521607518196106,1.248942743045726
TOKYOTECH_s01,45,197,51.56666666666667,-1.0406590700149536,1.140617569149396
TOKYOTECH_s01,45,198,51.6,-1.105237603187561,0.9799527162550766
TOKYOTECH_s01,45,199,51.63333333333333,-0.5004835724830627,0.7893296590692152
TOKYOTECH_s01,45,200,51.666666666666664,0.9703309535980225,0.5832264732468624
TOKYOTECH_s01,45,201,51.7,2.0329227447509766,0.3685831856851567
TOKYOTECH_s01,45,202,51.733333333333334,1.8898264169692993,0.1468882180932055
TOKYOTECH_s01,45,203,51.766666666666666,1.3279147148132324,-0.08246260870603696
TOKYOTECH_s01,45,204,51.8,0.9749380946159363,-0.3184394231402977
TOKYOTECH_s01,45,205,51.833333333333336,0.56671541929245,-0.5555077159061644
TOKYOTECH_s01,45,206,51.86666666666667,0.1991298794746399,-0.7823629778871897
TOKYOTECH_s01,45,207,51.9,0.13821345567703247,-0.9821511303154734
TOKYOTECH_s01,45,208,51.93333333333333,0.2664647698402405,-1.133605739826307
TOKYOTECH_s01,45,209,51.96666666666667,0.3388005495071411,-1.2129134254056364
TOKYOTECH_s01,45,210,52.0,0.12746350467205048,-1.197012695459054
TOKYOTECH_s01,45,211,52.03333333333333,-0.16054083406925201,-1.069366632080904
TOKYOTECH_s01,45,212,52.06666666666667,-0.43614137172698975,-0.8280160696099481
TOKYOTECH_s01,45,213,52.1,-0.648305356502533,-0.4928130123940009
TOKYOTECH_s01,45,214,52.13333333333333,-0.753284752368927,-0.10609327533478742
TOKYOTECH_s01,45,215,52.166666666666664,-0.8735031485557556,0.27712041299488016
TOKYOTECH_s01,45,216,52.2,-0.869683563709259,0.6060823246905042
TOKYOTECH_s01,45,217,52.233333333333334,-0.7273746132850647,0.8492621252336245
TOKYOTECH_s01,45,218,52.266666666666666,-0.7586794495582581,0.9996590829004313
TOKYOTECH_s01,45,219,52.3,-0.856098473072052,1.0695845128648571
TOKYOTECH_s01,45,220,52.333333333333336,-0.9536356329917908,1.07979610361399
TOKYOTECH_s01,45,221,52.36666666666667,-1.010181188583374,1.0494434011020444
TOKYOTECH_s01,45,222,52.4,-0.5409238934516907,0.9907216923705318
TOKYOTECH_s01,45,223,52.43333333333333,0.8677141666412354,0.9082729395389784
TOKYOTECH_s01,45,224,52.46666666666667,1.9201467037200928,0.8011899028703837
TOKYOTECH_s01,45,225,52.5,1.8143798112869263,0.6655286136908972
TOKYOTECH_s01,45,226,52.53333333333333,1.2389618158340454,0.4964278502590107
TOKYOTECH_s01,45,227,52.56666666666667,0.9321351647377014,0.2899494344185989
TOKYOTECH_s01,45,228,52.6,0.6579915881156921,0.0448812837190394
TOKYOTECH_s01,45,229,52.63333333333333,0.2872558832168579,-0.2355698770943248
TOKYOTECH_s01,45,230,52.666666666666664,0.16113094985485077,-0.5423078933278616
TOKYOTECH_s01,45,231,52.7,0.21996037662029266,-0.8589547624246323
TOKYOTECH_s01,45,232,52.733333333333334,0.2697330713272095,-1.1603888697116462
TOKYOTECH_s01,45,233,52.766666666666666,0.14041857421398163,-1.4120202544722629
TOKYOTECH_s01,45,234,52.8,-0.2650871276855469,-1.5721508337596075
TOKYOTECH_s01,45,235,52.833333333333336,-0.47441592812538147,-1.5996872176135262
TOKYOTECH_s01,45,236,52.86666666666667,-0.6661038398742676,-1.466479841225829
TOKYOTECH_s01,45,237,52.9,-0.8680297136306763,-1.1697277749703316
TOKYOTECH_s01,45,238,52.93333333333333,-0.9159123301506042,-0.7383897503899264
TOKYOTECH_s01,45,239,52.96666666666667,-0.9503279328346252,-0.22989168425468448
TOKYOTECH_s01,46,0,46.0,-1.1093721389770508,0.046337432842771656
TOKYOTECH_s01,46,1,46.03333333333333,-0.9997856020927429,0.13452524380114214
TOKYOTECH_s01,46,2,46.06666666666667,-0.934813380241394,0.19202855058137758
TOKYOTECH_s01,46,3,46.1,-0.9224883317947388,0.1992482963995363
TOKYOTECH_s01,46,4,46.13333333333333,-0.9765530824661255,0.14880546859502128
TOKYOTECH_s01,46,5,46.166666666666664,-0.9254809617996216,0.04675195952704691
TOKYOTECH_s01,46,6,46.2,-0.30489739775657654,-0.09010642714061931
TOKYOTECH_s01,46,7,46.233333333333334,0.9393805861473083,-0.23954511446613028
TOKYOTECH_s01,46,8,46.266666666666666,1.944088101387024,-0.3799759816955124
TOKYOTECH_s01,46,9,46.3,1.943379282951355,-0.49539375535158375
TOKYOTECH_s01,46,10,46.333333333333336,1.5101914405822754,-0.5780730316950079
TOKYOTECH_s01,46,11,46.36666666666667,1.1277607679367065,-0.6287601967441059
TOKYOTECH_s01,46,12,46.4,0.7533236145973206,-0.6547919379269769
TOKYOTECH_s01,46,13,46.43333333333333,0.3122209906578064,-0.6667706090040743
TOKYOTECH_s01,46,14,46.46666666666667,0.13766217231750488,-0.6742185715332388
TOKYOTECH_s01,46,15,46.5,0.18711985647678375,-0.680600139706169
TOKYOTECH_s01,46,16,46.53333333333333,0.23452992737293243,-0.6787544753473361
TOKYOTECH_s01,46,17,46.56666666666667,0.17963820695877075,-0.6490250964464059
TOKYOTECH_s01,46,18,46.6,-0.016066139563918114,-0.5630841493627554
TOKYOTECH_s01,46,19,46.63333333333333,-0.24437473714351654,-0.3945793033163715
TOKYOTECH_s01,46,20,46.666666666666664,-0.5447041392326355,-0.1330872218016393
TOKYOTECH_s01,46,21,46.7,-0.7333599328994751,0.20579916127460762
TOKYOTECH_s01,46,22,46.733333333333334,-0.8541296124458313,0.5804081581488649
TOKYOTECH_s01,46,23,46.766666666666666,-0.9472565054893494,0.9339256113708592
TOKYOTECH_s01,46,24,46.8,-1.072987675666809,1.211331374951147
TOKYOTECH_s01,46,25,46.833333333333336,-1.0853520631790161,1.3744697231352074
TOKYOTECH_s01,46,26,46.86666666666667,-1.1570972204208374,1.4094226706449555
TOKYOTECH_s01,46,27,46.9,-1.1458747386932373,1.3251583673449838
TOKYOTECH_s01,46,28,46.93333333333333,-1.1654452085494995,1.146455446138133
TOKYOTECH_s01,46,29,46.96666666666667,-1.1567822694778442,0.9053666713207332
TOKYOTECH_s01,46,30,47.0,-0.9876968264579773,0.6340822159941127
TOKYOTECH_s01,46,31,47.03333333333333,0.07658825069665909,0.3599081866740841
TOKYOTECH_s01,46,32,47.06666666666667,1.5201932191848755,0.10205752709189404
TOKYOTECH_s01,46,33,47.1,2.1279006004333496,-0.1298884660050964
TOKYOTECH_s01,46,34,47.13333333333333,1.8286737203598022,-0.335580897092653
TOKYOTECH_s01,46,35,47.166666666666664,1.3625272512435913,-0.521329062897166
TOKYOTECH_s01,46,36,47.2,0.8383781909942627,-0.6957015518214713
TOKYOTECH_s01,46,37,47.233333333333334,0.351519376039505,-0.8642806637482818
TOKYOTECH_s01,46,38,47.266666666666666,0.07450126111507416,-1.0247470103741088
TOKYOTECH_s01,46,39,47.3,-0.026107307523489,-1.163477354451738
TOKYOTECH_s01,46,40,47.333333333333336,0.07548569142818451,-1.2549836735639122
TOKYOTECH_s01,46,41,47.36666666666667,0.11628039926290512,-1.2655972967267395
TOKYOTECH_s01,46,42,47.4,0.0763126090168953,-1.1621909140755178
TOKYOTECH_s01,46,43,47.43333333333333,-0.1432148963212967,-0.9247651431053653
TOKYOTECH_s01,46,44,47.46666666666667,-0.3559301495552063,-0.5587657213766231
TOKYOTECH_s01,46,45,47.5,-0.6226708292961121,-0.10110695749381647
TOKYOTECH_s01,46,46,47.53333333333333,-0.8129017353057861,0.3848298306197646
TOKYOTECH_s01,46,47,47.56666666666667,-0.9228033423423767,0.8251276570556625
TOKYOTECH_s01,46,48,47.6,-1.0171115398406982,1.155946653153401
TOKYOTECH_s01,46,49,47.63333333333333,-1.0385327339172363,1.3396769470703003
TOKYOTECH_s01,46,50,47.666666666666664,-1.0674355030059814,1.3705302507572303
TOKYOTECH_s01,46,51,47.7,-1.0011638402938843,1.269555016869184
TOKYOTECH_s01,46,52,47.733333333333334,-0.9841529130935669,1.073552628022123
TOKYOTECH_s01,46,53,47.766666666666666,-0.9619048237800598,0.8232695897348279
TOKYOTECH_s01,46,54,47.8,-0.34399887919425964,0.5542388847598351
TOKYOTECH_s01,46,55,47.833333333333336,0.9939572811126709,0.29115476933352596
TOKYOTECH_s01,46,56,47.86666666666667,1.9019938707351685,0.0456462780409886
TOKYOTECH_s01,46,57,47.9,1.8585609197616577,-0.18259582359221133
TOKYOTECH_s01,46,58,47.93333333333333,1.3199604749679565,-0.4014672300424795
TOKYOTECH_s01,46,59,47.96666666666667,0.8759046196937561,-0.6196863941812643
TOKYOTECH_s01,46,60,48.0,0.4659099280834198,-0.8393814818238963
TOKYOTECH_s01,46,61,48.03333333333333,0.09639494866132736,-1.0503381328413062
TOKYOTECH_s01,46,62,48.06666666666667,0.03921935334801674,-1.2279350075025885
TOKYOTECH_s01,46,63,48.1,0.22161422669887543,-1.3359837744218948
TOKYOTECH_s01,46,64,48.13333333333333,0.2650865614414215,-1.3347127037963236
TOKYOTECH_s01,46,65,48.166666666666664,0.14360812306404114,-1.1927629743645376
TOKYOTECH_s01,46,66,48.2,-0.11246135830879211,-0.9001763984840719
TOKYOTECH_s01,46,67,48.233333333333334,-0.401292622089386,-0.47758402559060487
TOKYOTECH_s01,46,68,48.266666666666666,-0.6425563097000122,0.023488248009493715
TOKYOTECH_s01,46,69,48.3,-0.7802581191062927,0.5314928826634646
TOKYOTECH_s01,46,70,48.333333333333336,-0.9128803014755249,0.9736480561876227
TOKYOTECH_s01,46,71,48.36666666666667,-0.922882080078125,1.294756524280624
TOKYOTECH_s01,46,72,48.4,-0.8180601596832275,1.4681455323202441
TOKYOTECH_s01,46,73,48.43333333333333,-0.9072887301445007,1.4954089606941574
TOKYOTECH_s01,46,74,48.46666666666667,-1.035815715789795,1.397831912251478
TOKYOTECH_s01,46,75,48.5,-1.0101418495178223,1.2058060906726806
TOKYOTECH_s01,46,76,48.53333333333333,-0.5286776423454285,0.9509908834981532
TOKYOTECH_s01,46,77,48.56666666666667,0.7252870798110962,0.6620790460039072
TOKYOTECH_s01,46,78,48.6,1.8797063827514648,0.36260750267977276
TOKYOTECH_s01,46,79,48.63333333333333,2.052729606628418,0.0692839579066063
TOKYOTECH_s01,46,80,48.666666666666664,1.6992017030715942,-0.20927920275042977
TOKYOTECH_s01,46,81,48.7,1.2619973421096802,-0.472169127712354
TOKYOTECH_s01,46,82,48.733333333333334,0.8189653158187866,-0.7227189511398586
TOKYOTECH_s01,46,83,48.766666666666666,0.34632158279418945,-0.9620310315228037
TOKYOTECH_s01,46,84,48.8,0.11482344567775726,-1.181762288495843
TOKYOTECH_s01,46,85,48.833333333333336,0.13691401481628418,-1.3598044571499983
TOKYOTECH_s01,46,86,48.86666666666667,0.1404973268508911,-1.461726719474358
TOKYOTECH_s01,46,87,48.9,0.08824387937784195,-1.4485924422522092
TOKYOTECH_s01,46,88,48.93333333333333,-0.09245777130126953,-1.2893527454399154
TOKYOTECH_s01,46,89,48.96666666666667,-0.30265289545059204,-0.9741790170358294
TOKYOTECH_s01,46,90,49.0,-0.4561055600643158,-0.5241122220983829
TOKYOTECH_s01,46,91,49.03333333333333,-0.6805946230888367,0.0075236356656720104
TOKYOTECH_s01,46,92,49.06666666666667,-0.8149887323379517,0.5448069447322024
TOKYOTECH_s01,46,93,49.1,-0.9656062722206116,1.0084885496943865
TOKYOTECH_s01,46,94,49.13333333333333,-0.934419572353363,1.3374136609641234
TOKYOTECH_s01,46,95,49.166666666666664,-0.962298572063446,1.5023944212542448
TOKYOTECH_s01,46,96,49.2,-0.9637161493301392,1.5074425409336074
TOKYOTECH_s01,46,97,49.233333333333334,-0.8909078240394592,1.3806477457097746
TOKYOTECH_s01,46,98,49.266666666666666,-0.7719101905822754,1.1611802456416014
TOKYOTECH_s01,46,99,49.3,0.14163926243782043,0.8882870750267898
TOKYOTECH_s01,46,100,49.333333333333336,1.5641380548477173,0.5946332111158099
TOKYOTECH_s01,46,101,49.36666666666667,2.2188615798950195,0.30314574444539993
TOKYOTECH_s01,46,102,49.4,1.9644066095352173,0.0258614422121994
TOKYOTECH_s01,46,103,49.43333333333333,1.4965670108795166,-0.23551590029817251
TOKYOTECH_s01,46,104,49.46666666666667,1.0712546110153198,-0.48655130031338667
TOKYOTECH_s01,46,105,49.5,0.7606477737426758,-0.7339566361518237
TOKYOTECH_s01,46,106,49.53333333333333,0.4534667730331421,-0.977482883925111
TOKYOTECH_s01,46,107,49.56666666666667,0.42751723527908325,-1.2028198228909661
TOKYOTECH_s01,46,108,49.6,0.4646104872226715,-1.3792770438537423
TOKYOTECH_s01,46,109,49.63333333333333,0.4527186155319214,-1.464785166183797
TOKYOTECH_s01,46,110,49.666666666666664,0.1729440838098526,-1.4177491938225208
TOKYOTECH_s01,46,111,49.7,-0.1384502649307251,-1.2120548124541204
TOKYOTECH_s01,46,112,49.733333333333334,-0.401292622089386,-0.8497494382114142
TOKYOTECH_s01,46,113,49.766666666666666,-0.6034941673278809,-0.3661731035461865
TOKYOTECH_s01,46,114,49.8,-0.7111512422561646,0.1754540556057318
TOKYOTECH_s01,46,115,49.833333333333336,-0.7289890646934509,0.698896916574635
TOKYOTECH_s01,46,116,49.86666666666667,-0.733163058757782,1.1335608693960437
TOKYOTECH_s01,46,117,49.9,-0.7214286923408508,1.4295351084440895
TOKYOTECH_s01,46,118,49.93333333333333,-0.8116022944450378,1.5644813207844892
TOKYOTECH_s01,46,119,49.96666666666667,-0.8853556513786316,1.5425056730512068
TOKYOTECH_s01,46,120,50.0,-0.9516667723655701,1.3879558142697828
TOKYOTECH_s01,46,121,50.03333333333333,-0.9109901785850525,1.1373077448500695
TOKYOTECH_s01,46,122,50.06666666666667,-0.17672483623027802,0.8311652197522197
TOKYOTECH_s01,46,123,50.1,1.3203543424606323,0.5072096045681763
TOKYOTECH_s01,46,124,50.13333333333333,2.224571466445923,0.194501395104378
TOKYOTECH_s01,46,125,50.166666666666664,2.0819473266601562,-0.09023789934381231
TOKYOTECH_s01,46,126,50.2,1.6291497945785522,-0.3434499571355937
TOKYOTECH_s01,46,127,50.233333333333334,1.241560697555542,-0.5719797490942502
TOKYOTECH_s01,46,128,50.266666666666666,0.8692105412483215,-0.7869427733817185
TOKYOTECH_s01,46,129,50.3,0.4856378734111786,-0.9955819549820765
TOKYOTECH_s01,46,130,50.333333333333336,0.3282868564128876,-1.1933603834553739
TOKYOTECH_s01,46,131,50.36666666666667,0.347187876701355,-1.3590769935813198
TOKYOTECH_s01,46,132,50.4,0.36018234491348267,-1.4558180047121467
TOKYOTECH_s01,46,133,50.43333333333333,0.18904933333396912,-1.4393559952272401
TOKYOTECH_s01,46,134,50.46666666666667,-0.06253115087747574,-1.2728411602193521
TOKYOTECH_s01,46,135,50.5,-0.26945796608924866,-0.9431802633307012
TOKYOTECH_s01,46,136,50.53333333333333,-0.4412210285663605,-0.4721978847603471
TOKYOTECH_s01,46,137,50.56666666666667,-0.5849869251251221,0.08342053058693749
TOKYOTECH_s01,46,138,50.6,-0.7877004146575928,0.6447703465830059
TOKYOTECH_s01,46,139,50.63333333333333,-0.8105391263961792,1.131281236573812
TOKYOTECH_s01,46,140,50.666666666666664,-0.9057924151420593,1.4806150984226938
TOKYOTECH_s01,46,141,50.7,-0.8941367864608765,1.6602482708808697
TOKYOTECH_s01,46,142,50.733333333333334,-0.8005373477935791,1.6684472381753321
TOKYOTECH_s01,46,143,50.766666666666666,-0.8401113748550415,1.5277905353833627
TOKYOTECH_s01,46,144,50.8,-0.9164636135101318,1.2759340202408522
TOKYOTECH_s01,46,145,50.833333333333336,-0.5825061798095703,0.956625237467723
TOKYOTECH_s01,46,146,50.86666666666667,0.7130801677703857,0.6118567566479094
TOKYOTECH_s01,46,147,50.9,1.8671845197677612,0.2751955419491801
TOKYOTECH_s01,46,148,50.93333333333333,2.0298120975494385,-0.033122316126618936
TOKYOTECH_s01,46,149,50.96666666666667,1.5267298221588135,-0.30791404164352176
TOKYOTECH_s01,46,150,51.0,1.133352279663086,-0.5563352213960789
TOKYOTECH_s01,46,151,51.03333333333333,0.8831106424331665,-0.7908485423101836
TOKYOTECH_s01,46,152,51.06666666666667,0.4385822117328644,-1.0198738981060584
TOKYOTECH_s01,46,153,51.1,0.26343274116516113,-1.2393254773532787
TOKYOTECH_s01,46,154,51.13333333333333,0.26634663343429565,-1.428077252007454
TOKYOTECH_s01,46,155,51.166666666666664,0.4060567021369934,-1.5493808240185574
TOKYOTECH_s01,46,156,51.2,0.2901304364204407,-1.5589959569164356
TOKYOTECH_s01,46,157,51.233333333333334,0.008032664656639099,-1.418901581514021
TOKYOTECH_s01,46,158,51.266666666666666,-0.31202465295791626,-1.1127823385079973
TOKYOTECH_s01,46,159,51.3,-0.5734100341796875,-0.6572789618616164
TOKYOTECH_s01,46,160,51.333333333333336,-0.7370613813400269,-0.10313134572899521
TOKYOTECH_s01,46,161,51.36666666666667,-0.8122323155403137,0.47581922281685246
TOKYOTECH_s01,46,162,51.4,-0.8276287913322449,1.0014412263077364
TOKYOTECH_s01,46,163,51.43333333333333,-0.7806912660598755,1.4094859829724686
TOKYOTECH_s01,46,164,51.46666666666667,-0.7924650311470032,1.660329314096928
TOKYOTECH_s01,46,165,51.5,-0.8341260552406311,1.740850321497429
TOKYOTECH_s01,46,166,51.53333333333333,-0.8521607518196106,1.6605948154017762
TOKYOTECH_s01,46,167,51.56666666666667,-1.0406590700149536,1.4463501682943258
TOKYOTECH_s01,46,168,51.6,-1.105237603187561,1.136818286135649
TOKYOTECH_s01,46,169,51.63333333333333,-0.5004835724830627,0.7765142338395998
TOKYOTECH_s01,46,170,51.666666666666664,0.9703309535980225,0.4081817255356969
TOKYOTECH_s01,46,171,51.7,2.0329227447509766,0.06497232295655468
TOKYOTECH_s01,46,172,51.733333333333334,1.8898264169692993,-0.23502674515011063
TOKYOTECH_s01,46,173,51.766666666666666,1.3279147148132324,-0.48960657421438075
TOKYOTECH_s01,46,174,51.8,0.9749380946159363,-0.707927446704711
TOKYOTECH_s01,46,175,51.833333333333336,0.56671541929245,-0.9022027599479902
TOKYOTECH_s01,46,176,51.86666666666667,0.1991298794746399,-1.0787290911523155
TOKYOTECH_s01,46,177,51.9,0.13821345567703247,-1.231593179713998
TOKYOTECH_s01,46,178,51.93333333333333,0.2664647698402405,-1.341046378102359
TOKYOTECH_s01,46,179,51.96666666666667,0.3388005495071411,-1.3768788078002874
TOKYOTECH_s01,46,180,52.0,0.12746350467205048,-1.3061997373819312
TOKYOTECH_s01,46,181,52.03333333333333,-0.16054083406925201,-1.1044529145024005
TOKYOTECH_s01,46,182,52.06666666666667,-0.43614137172698975,-0.7673734742177096
TOKYOTECH_s01,46,183,52.1,-0.648305356502533,-0.31968421995838964
TOKYOTECH_s01,46,184,52.13333333333333,-0.753284752368927,0.18495394997071476
TOKYOTECH_s01,46,185,52.166666666666664,-0.8735031485557556,0.6756161747618111
TOKYOTECH_s01,46,186,52.2,-0.869683563709259,1.0833777549931563
TOKYOTECH_s01,46,187,52.233333333333334,-0.7273746132850647,1.358957802583986
TOKYOTECH_s01,46,188,52.266666666666666,-0.7586794495582581,1.48136042858192
TOKYOTECH_s01,46,189,52.3,-0.856098473072052,1.4564284620597758
TOKYOTECH_s01,46,190,52.333333333333336,-0.9536356329917908,1.3093334136218109
TOKYOTECH_s01,46,191,52.36666666666667,-1.010181188583374,1.0760081782325177
TOKYOTECH_s01,46,192,52.4,-0.5409238934516907,0.7959278214729242
TOKYOTECH_s01,46,193,52.43333333333333,0.8677141666412354,0.5058385440476876
TOKYOTECH_s01,46,194,52.46666666666667,1.9201467037200928,0.23382104795579678
TOKYOTECH_s01,46,195,52.5,1.8143798112869263,-0.00541571746102497
TOKYOTECH_s01,46,196,52.53333333333333,1.2389618158340454,-0.21216227754079206
TOKYOTECH_s01,46,197,52.56666666666667,0.9321351647377014,-0.39888887701239056
TOKYOTECH_s01,46,198,52.6,0.6579915881156921,-0.5831808427930226
TOKYOTECH_s01,46,199,52.63333333333333,0.2872558832168579,-0.778424315531007
TOKYOTECH_s01,46,200,52.666666666666664,0.16113094985485077,-0.9853115512331767
TOKYOTECH_s01,46,201,52.7,0.21996037662029266,-1.1870607971936777
TOKYOTECH_s01,46,202,52.733333333333334,0.2697330713272095,-1.3500161303038192
TOKYOTECH_s01,46,203,52.766666666666666,0.14041857421398163,-1.4299956583035165
TOKYOTECH_s01,46,204,52.8,-0.2650871276855469,-1.383895286672725
TOKYOTECH_s01,46,205,52.833333333333336,-0.47441592812538147,-1.1846397782018276
TOKYOTECH_s01,46,206,52.86666666666667,-0.6661038398742676,-0.8350609393180426
TOKYOTECH_s01,46,207,52.9,-0.8680297136306763,-0.37433710395243136
TOKYOTECH_s01,46,208,52.93333333333333,-0.9159123301506042,0.1283118719204573
TOKYOTECH_s01,46,209,52.96666666666667,-0.9503279328346252,0.5926184093811209
TOKYOTECH_s01,46,210,53.0,-0.954029381275177,0.9512765019258641
TOKYOTECH_s01,46,211,53.03333333333333,-0.9299699664115906,1.1676990745032143
TOKYOTECH_s01,46,212,53.06666666666667,-1.0243569612503052,1.2405828387117608
TOKYOTECH_s01,46,213,53.1,-1.0967321395874023,1.1962978663142696
TOKYOTECH_s01,46,214,53.13333333333333,-1.2004121541976929,1.0752355705786336
TOKYOTECH_s01,46,215,53.166666666666664,-0.9144553542137146,0.918623479928068
TOKYOTECH_s01,46,216,53.2,0.45539623498916626,0.7595323968385375
TOKYOTECH_s01,46,217,53.233333333333334,1.8835259675979614,0.6185120520246546
TOKYOTECH_s01,46,218,53.266666666666666,2.100809097290039,0.5025740299735476
TOKYOTECH_s01,46,219,53.3,1.6043422222137451,0.40633863458712255
TOKYOTECH_s01,46,220,53.333333333333336,1.1524502038955688,0.31506213041795933
TOKYOTECH_s01,46,221,53.36666666666667,0.7699013948440552,0.2097471535944322
TOKYOTECH_s01,46,222,53.4,0.3721136152744293,0.07396993535584363
TOKYOTECH_s01,46,223,53.43333333333333,0.09860006719827652,-0.09912284172186993
TOKYOTECH_s01,46,224,53.46666666666667,0.043432705104351044,-0.3019876073586336
TOKYOTECH_s01,46,225,53.5,0.12332890182733536,-0.5119823802239027
TOKYOTECH_s01,46,226,53.53333333333333,0.14368687570095062,-0.695242862999495
TOKYOTECH_s01,46,227,53.56666666666667,-0.012049672193825245,-0.8142106574084492
TOKYOTECH_s01,46,228,53.6,-0.25410088896751404,-0.8374680658815176
TOKYOTECH_s01,46,229,53.63333333333333,-0.46756431460380554,-0.7501225309710967
TOKYOTECH_s01,46,230,53.666666666666664,-0.682720959186554,-0.56172716728841
TOKYOTECH_s01,46,231,53.7,-0.814752459526062,-0.30768444838679004
TOKYOTECH_s01,46,232,53.733333333333334,-0.903587281703949,-0.04114265814532748
TOKYOTECH_s01,46,233,53.766666666666666,-1.0285309553146362,0.18330131489944973
TOKYOTECH_s01,46,234,53.8,-1.0340043306350708,0.32694978675708747
TOKYOTECH_s01,46,235,53.833333333333336,-1.0890929698944092,0.3764193632746621
TOKYOTECH_s01,46,236,53.86666666666667,-1.094605803489685,0.34135379159550366
TOKYOTECH_s01,46,237,53.9,-1.1309902667999268,0.24415268938560408
TOKYOTECH_s01,46,238,53.93333333333333,-1.2165566682815552,0.10888664365020012
TOKYOTECH_s01,46,239,53.96666666666667,-1.0701919794082642,-0.04497773298702291
TOKYOTECH_s01,47,0,47.0,-0.9876968264579773,-0.07444166770376816
TOKYOTECH_s01,47,1,47.03333333333333,0.07658825069665909,-0.2078712525765673
TOKYOTECH_s01,47,2,47.06666666666667,1.5201932191848755,-0.34232285246045135
TOKYOTECH_s01,47,3,47.1,2.1279006004333496,-0.47887578806016834
TOKYOTECH_s01,47,4,47.13333333333333,1.8286737203598022,-0.6155476923030387
TOKYOTECH_s01,47,5,47.166666666666664,1.3625272512435913,-0.7468406677526569
TOKYOTECH_s01,47,6,47.2,0.8383781909942627,-0.8639136954716364
TOKYOTECH_s01,47,7,47.233333333333334,0.351519376039505,-0.9553106424542719
TOKYOTECH_s01,47,8,47.266666666666666,0.07450126111507416,-1.0080061424408076
TOKYOTECH_s01,47,9,47.3,-0.026107307523489,-1.008461336702988
TOKYOTECH_s01,47,10,47.333333333333336,0.07548569142818451,-0.9438059416756556
TOKYOTECH_s01,47,11,47.36666666666667,0.11628039926290512,-0.803822194574496
TOKYOTECH_s01,47,12,47.4,0.0763126090168953,-0.5844218749490818
TOKYOTECH_s01,47,13,47.43333333333333,-0.1432148963212967,-0.29237855267535395
TOKYOTECH_s01,47,14,47.46666666666667,-0.3559301495552063,0.05052969640996449
TOKYOTECH_s01,47,15,47.5,-0.6226708292961121,0.40702508418142175
TOKYOTECH_s01,47,16,47.53333333333333,-0.8129017353057861,0.7300777574930322
TOKYOTECH_s01,47,17,47.56666666666667,-0.9228033423423767,0.9746155191978245
TOKYOTECH_s01,47,18,47.6,-1.0171115398406982,1.110733032497178
TOKYOTECH_s01,47,19,47.63333333333333,-1.0385327339172363,1.131985678054981
TOKYOTECH_s01,47,20,47.666666666666664,-1.0674355030059814,1.0549142103924682
TOKYOTECH_s01,47,21,47.7,-1.0011638402938843,0.9107852555984615
TOKYOTECH_s01,47,22,47.733333333333334,-0.9841529130935669,0.7339508043739148
TOKYOTECH_s01,47,23,47.766666666666666,-0.9619048237800598,0.5516433527967385
TOKYOTECH_s01,47,24,47.8,-0.34399887919425964,0.37804121615096004
TOKYOTECH_s01,47,25,47.833333333333336,0.9939572811126709,0.21310845585604488
TOKYOTECH_s01,47,26,47.86666666666667,1.9019938707351685,0.04563890064448501
TOKYOTECH_s01,47,27,47.9,1.8585609197616577,-0.14032474131456923
TOKYOTECH_s01,47,28,47.93333333333333,1.3199604749679565,-0.35704256103127396
TOKYOTECH_s01,47,29,47.96666666666667,0.8759046196937561,-0.6047756968430265
TOKYOTECH_s01,47,30,48.0,0.4659099280834198,-0.8663337773863156
TOKYOTECH_s01,47,31,48.03333333333333,0.09639494866132736,-1.1067914171592816
TOKYOTECH_s01,47,32,48.06666666666667,0.03921935334801674,-1.2792459684589976
TOKYOTECH_s01,47,33,48.1,0.22161422669887543,-1.3355819615977047
TOKYOTECH_s01,47,34,48.13333333333333,0.2650865614414215,-1.239654626994372
TOKYOTECH_s01,47,35,48.166666666666664,0.14360812306404114,-0.9795124574931794
TOKYOTECH_s01,47,36,48.2,-0.11246135830879211,-0.5752151869676217
TOKYOTECH_s01,47,37,48.233333333333334,-0.401292622089386,-0.07910595911476546
TOKYOTECH_s01,47,38,48.266666666666666,-0.6425563097000122,0.4336483936858003
TOKYOTECH_s01,47,39,48.3,-0.7802581191062927,0.8833097681884632
TOKYOTECH_s01,47,40,48.333333333333336,-0.9128803014755249,1.2066056864325636
TOKYOTECH_s01,47,41,48.36666666666667,-0.922882080078125,1.371782461426779
TOKYOTECH_s01,47,42,48.4,-0.8180601596832275,1.3818137638300985
TOKYOTECH_s01,47,43,48.43333333333333,-0.9072887301445007,1.266227162550578
TOKYOTECH_s01,47,44,48.46666666666667,-1.035815715789795,1.0671414959691015
TOKYOTECH_s01,47,45,48.5,-1.0101418495178223,0.8261983104497865
TOKYOTECH_s01,47,46,48.53333333333333,-0.5286776423454285,0.5761980087576944
TOKYOTECH_s01,47,47,48.56666666666667,0.7252870798110962,0.33746939545665905
TOKYOTECH_s01,47,48,48.6,1.8797063827514648,0.11732842426004254
TOKYOTECH_s01,47,49,48.63333333333333,2.052729606628418,-0.0884784150746451
TOKYOTECH_s01,47,50,48.666666666666664,1.6992017030715942,-0.2922862365069316
TOKYOTECH_s01,47,51,48.7,1.2619973421096802,-0.5085226488371563
TOKYOTECH_s01,47,52,48.733333333333334,0.8189653158187866,-0.7456642107961466
TOKYOTECH_s01,47,53,48.766666666666666,0.34632158279418945,-0.9981760771500727
TOKYOTECH_s01,47,54,48.8,0.11482344567775726,-1.2415858470458498
TOKYOTECH_s01,47,55,48.833333333333336,0.13691401481628418,-1.433582767930956
TOKYOTECH_s01,47,56,48.86666666666667,0.1404973268508911,-1.5222340336051958
TOKYOTECH_s01,47,57,48.9,0.08824387937784195,-1.4598649407777629
TOKYOTECH_s01,47,58,48.93333333333333,-0.09245777130126953,-1.2189311544403727
TOKYOTECH_s01,47,59,48.96666666666667,-0.30265289545059204,-0.8049202495583431
TOKYOTECH_s01,47,60,49.0,-0.4561055600643158,-0.26134741173335474
TOKYOTECH_s01,47,61,49.03333333333333,-0.6805946230888367,0.3363039561344049
TOKYOTECH_s01,47,62,49.06666666666667,-0.8149887323379517,0.8973044516279455
TOKYOTECH_s01,47,63,49.1,-0.9656062722206116,1.3382794032291134
TOKYOTECH_s01,47,64,49.13333333333333,-0.934419572353363,1.6036117702919914
TOKYOTECH_s01,47,65,49.166666666666664,-0.962298572063446,1.6760473930217619
TOKYOTECH_s01,47,66,49.2,-0.9637161493301392,1.5747878152473516
TOKYOTECH_s01,47,67,49.233333333333334,-0.8909078240394592,1.3441609957805665
TOKYOTECH_s01,47,68,49.266666666666666,-0.7719101905822754,1.038742235408077
TOKYOTECH_s01,47,69,49.3,0.14163926243782043,0.7099642009348847
TOKYOTECH_s01,47,70,49.333333333333336,1.5641380548477173,0.396604514961085
TOKYOTECH_s01,47,71,49.36666666666667,2.2188615798950195,0.11943418168909853
TOKYOTECH_s01,47,72,49.4,1.9644066095352173,-0.12000498343417093
TOKYOTECH_s01,47,73,49.43333333333333,1.4965670108795166,-0.33605416297932417
TOKYOTECH_s01,47,74,49.46666666666667,1.0712546110153198,-0.5509110746065181
TOKYOTECH_s01,47,75,49.5,0.7606477737426758,-0.7832146637223286
TOKYOTECH_s01,47,76,49.53333333333333,0.4534667730331421,-1.036289645970639
TOKYOTECH_s01,47,77,49.56666666666667,0.42751723527908325,-1.2902292652704377
TOKYOTECH_s01,47,78,49.6,0.4646104872226715,-1.5016456094757136
TOKYOTECH_s01,47,79,49.63333333333333,0.4527186155319214,-1.6127724483575048
TOKYOTECH_s01,47,80,49.666666666666664,0.1729440838098526,-1.5681859988407065
TOKYOTECH_s01,47,81,49.7,-0.1384502649307251,-1.3341330023901026
TOKYOTECH_s01,47,82,49.733333333333334,-0.401292622089386,-0.9137943292821462
TOKYOTECH_s01,47,83,49.766666666666666,-0.6034941673278809,-0.35239131100604165
TOKYOTECH_s01,47,84,49.8,-0.7111512422561646,0.27105194663081844
TOKYOTECH_s01,47,85,49.833333333333336,-0.7289890646934509,0.8633664526657601
TOKYOTECH_s01,47,86,49.86666666666667,-0.733163058757782,1.3408248896057549
TOKYOTECH_s01,47,87,49.9,-0.7214286923408508,1.6473084263791256
TOKYOTECH_s01,47,88,49.93333333333333,-0.8116022944450378,1.7616888503662331
TOKYOTECH_s01,47,89,49.96666666666667,-0.8853556513786316,1.695178180212207
TOKYOTECH_s01,47,90,50.0,-0.9516667723655701,1.4828222200116692
TOKYOTECH_s01,47,91,50.03333333333333,-0.9109901785850525,1.1731623837636986
TOKYOTECH_s01,47,92,50.06666666666667,-0.17672483623027802,0.818159256427706
TOKYOTECH_s01,47,93,50.1,1.3203543424606323,0.4639442899801224
TOKYOTECH_s01,47,94,50.13333333333333,2.224571466445923,0.1430121570295033
TOKYOTECH_s01,47,95,50.166666666666664,2.0819473266601562,-0.1306489278672248
TOKYOTECH_s01,47,96,50.2,1.6291497945785522,-0.3617090034578754
TOKYOTECH_s01,47,97,50.233333333333334,1.241560697555542,-0.5681259081481492
TOKYOTECH_s01,47,98,50.266666666666666,0.8692105412483215,-0.7713487172245901
TOKYOTECH_s01,47,99,50.3,0.4856378734111786,-0.9848756469575726
TOKYOTECH_s01,47,100,50.333333333333336,0.3282868564128876,-1.2045341575015005
TOKYOTECH_s01,47,101,50.36666666666667,0.347187876701355,-1.403677901365485
TOKYOTECH_s01,47,102,50.4,0.36018234491348267,-1.5359431297272323
TOKYOTECH_s01,47,103,50.43333333333333,0.18904933333396912,-1.546599845015851
TOKYOTECH_s01,47,104,50.46666666666667,-0.06253115087747574,-1.3904341160070526
TOKYOTECH_s01,47,105,50.5,-0.26945796608924866,-1.0506025515112647
TOKYOTECH_s01,47,106,50.53333333333333,-0.4412210285663605,-0.5509448676071163
TOKYOTECH_s01,47,107,50.56666666666667,-0.5849869251251221,0.04450204385678682
TOKYOTECH_s01,47,108,50.6,-0.7877004146575928,0.6462652040036075
TOKYOTECH_s01,47,109,50.63333333333333,-0.8105391263961792,1.1634413013703848
TOKYOTECH_s01,47,110,50.666666666666664,-0.9057924151420593,1.5270608313498177
TOKYOTECH_s01,47,111,50.7,-0.8941367864608765,1.7035045168038514
TOKYOTECH_s01,47,112,50.733333333333334,-0.8005373477935791,1.6951043592611823
TOKYOTECH_s01,47,113,50.766666666666666,-0.8401113748550415,1.531824169773377
TOKYOTECH_s01,47,114,50.8,-0.9164636135101318,1.259733944942319
TOKYOTECH_s01,47,115,50.833333333333336,-0.5825061798095703,0.9299018281074399
TOKYOTECH_s01,47,116,50.86666666666667,0.7130801677703857,0.5889802186369979
TOKYOTECH_s01,47,117,50.9,1.8671845197677612,0.2717936392830699
TOKYOTECH_s01,47,118,50.93333333333333,2.0298120975494385,-0.003520605676749094
TOKYOTECH_s01,47,119,50.96666666666667,1.5267298221588135,-0.23673934057003268
TOKYOTECH_s01,47,120,51.0,1.133352279663086,-0.4422087462525186
TOKYOTECH_s01,47,121,51.03333333333333,0.8831106424331665,-0.6410551473304056
TOKYOTECH_s01,47,122,51.06666666666667,0.4385822117328644,-0.8506529357911964
TOKYOTECH_s01,47,123,51.1,0.26343274116516113,-1.074319635630699
TOKYOTECH_s01,47,124,51.13333333333333,0.26634663343429565,-1.2945460303919856
TOKYOTECH_s01,47,125,51.166666666666664,0.4060567021369934,-1.4725666673896347
TOKYOTECH_s01,47,126,51.2,0.2901304364204407,-1.555890902218876
TOKYOTECH_s01,47,127,51.233333333333334,0.008032664656639099,-1.4931934909107771
TOKYOTECH_s01,47,128,51.266666666666666,-0.31202465295791626,-1.2527848383807971
TOKYOTECH_s01,47,129,51.3,-0.5734100341796875,-0.8380820138735817
TOKYOTECH_s01,47,130,51.333333333333336,-0.7370613813400269,-0.2930158888980985
TOKYOTECH_s01,47,131,51.36666666666667,-0.8122323155403137,0.3063723294919207
TOKYOTECH_s01,47,132,51.4,-0.8276287913322449,0.8715058592343461
TOKYOTECH_s01,47,133,51.43333333333333,-0.7806912660598755,1.323915230095087
TOKYOTECH_s01,47,134,51.46666666666667,-0.7924650311470032,1.6120759893025505
TOKYOTECH_s01,47,135,51.5,-0.8341260552406311,1.7175782127139059
TOKYOTECH_s01,47,136,51.53333333333333,-0.8521607518196106,1.6516626535739682
TOKYOTECH_s01,47,137,51.56666666666667,-1.0406590700149536,1.446819780765943
TOKYOTECH_s01,47,138,51.6,-1.105237603187561,1.1474891586993354
TOKYOTECH_s01,47,139,51.63333333333333,-0.5004835724830627,0.8012963964042358
TOKYOTECH_s01,47,140,51.666666666666664,0.9703309535980225,0.4510040600384878
TOKYOTECH_s01,47,141,51.7,2.0329227447509766,0.12779462171551287
TOKYOTECH_s01,47,142,51.733333333333334,1.8898264169692993,-0.15271868681341016
TOKYOTECH_s01,47,143,51.766666666666666,1.3279147148132324,-0.3904062293174569
TOKYOTECH_s01,47,144,51.8,0.9749380946159363,-0.5962877619112015
TOKYOTECH_s01,47,145,51.833333333333336,0.56671541929245,-0.7852083499907663
TOKYOTECH_s01,47,146,51.86666666666667,0.1991298794746399,-0.9675241568713863
TOKYOTECH_s01,47,147,51.9,0.13821345567703247,-1.1419052483805843
TOKYOTECH_s01,47,148,51.93333333333333,0.2664647698402405,-1.2912653676158428
TOKYOTECH_s01,47,149,51.96666666666667,0.3388005495071411,-1.3835694522508672
TOKYOTECH_s01,47,150,52.0,0.12746350467205048,-1.3785671648129931
TOKYOTECH_s01,47,151,52.03333333333333,-0.16054083406925201,-1.2400108439926374
TOKYOTECH_s01,47,152,52.06666666666667,-0.43614137172698975,-0.9505966017155362
TOKYOTECH_s01,47,153,52.1,-0.648305356502533,-0.5242664054647661
TOKYOTECH_s01,47,154,52.13333333333333,-0.753284752368927,-0.009286650067083468
TOKYOTECH_s01,47,155,52.166666666666664,-0.8735031485557556,0.5216090834539937
TOKYOTECH_s01,47,156,52.2,-0.869683563709259,0.9907407355032913
TOKYOTECH_s01,47,157,52.233333333333334,-0.7273746132850647,1.3357533738245055
TOKYOTECH_s01,47,158,52.266666666666666,-0.7586794495582581,1.5223369867517038
TOKYOTECH_s01,47,159,52.3,-0.856098473072052,1.5464171922948795
TOKYOTECH_s01,47,160,52.333333333333336,-0.9536356329917908,1.4282812109986789
TOKYOTECH_s01,47,161,52.36666666666667,-1.010181188583374,1.2034704606584083
TOKYOTECH_s01,47,162,52.4,-0.5409238934516907,0.9140294122908742
TOKYOTECH_s01,47,163,52.43333333333333,0.8677141666412354,0.6011383990286974
TOKYOTECH_s01,47,164,52.46666666666667,1.9201467037200928,0.29887616676961803
TOKYOTECH_s01,47,165,52.5,1.8143798112869263,0.029245531349870117
TOKYOTECH_s01,47,166,52.53333333333333,1.2389618158340454,-0.20045419476112622
TOKYOTECH_s01,47,167,52.56666666666667,0.9321351647377014,-0.39657725481999273
TOKYOTECH_s01,47,168,52.6,0.6579915881156921,-0.5740765678294637
TOKYOTECH_s01,47,169,52.63333333333333,0.2872558832168579,-0.7486230915858767
TOKYOTECH_s01,47,170,52.666666666666664,0.16113094985485077,-0.9280523251191444
TOKYOTECH_s01,47,171,52.7,0.21996037662029266,-1.1055124773761347
TOKYOTECH_s01,47,172,52.733333333333334,0.2697330713272095,-1.256463356135329
TOKYOTECH_s01,47,173,52.766666666666666,0.14041857421398163,-1.3413499791825856
TOKYOTECH_s01,47,174,52.8,-0.2650871276855469,-1.3151153521307088
TOKYOTECH_s01,47,175,52.833333333333336,-0.47441592812538147,-1.1426100109142323
TOKYOTECH_s01,47,176,52.86666666666667,-0.6661038398742676,-0.8152824427384111
TOKYOTECH_s01,47,177,52.9,-0.8680297136306763,-0.36166615736705715
TOKYOTECH_s01,47,178,52.93333333333333,-0.9159123301506042,0.15501210420195013
TOKYOTECH_s01,47,179,52.96666666666667,-0.9503279328346252,0.6532832486987146
TOKYOTECH_s01,47,180,53.0,-0.954029381275177,1.057272101237856
TOKYOTECH_s01,47,181,53.03333333333333,-0.9299699664115906,1.316917611086125
TOKYOTECH_s01,47,182,53.06666666666667,-1.0243569612503052,1.4165846689638515
TOKYOTECH_s01,47,183,53.1,-1.0967321395874023,1.3712306135868972
TOKYOTECH_s01,47,184,53.13333333333333,-1.2004121541976929,1.2149773340208418
TOKYOTECH_s01,47,185,53.166666666666664,-0.9144553542137146,0.988519350839924
TOKYOTECH_s01,47,186,53.2,0.45539623498916626,0.7297139702266155
TOKYOTECH_s01,47,187,53.233333333333334,1.8835259675979614,0.4684025767897035
TOKYOTECH_s01,47,188,53.266666666666666,2.100809097290039,0.22442798446639
TOKYOTECH_s01,47,189,53.3,1.6043422222137451,0.007469853715713262
TOKYOTECH_s01,47,190,53.333333333333336,1.1524502038955688,-0.1820198835462768
TOKYOTECH_s01,47,191,53.36666666666667,0.7699013948440552,-0.3507219151730957
TOKYOTECH_s01,47,192,53.4,0.3721136152744293,-0.5088808642463558
TOKYOTECH_s01,47,193,53.43333333333333,0.09860006719827652,-0.6653694319688885
TOKYOTECH_s01,47,194,53.46666666666667,0.043432705104351044,-0.8222930288708843
TOKYOTECH_s01,47,195,53.5,0.12332890182733536,-0.9706980439941374
TOKYOTECH_s01,47,196,53.53333333333333,0.14368687570095062,-1.0890786070095948
TOKYOTECH_s01,47,197,53.56666666666667,-0.012049672193825245,-1.1460788990824318
TOKYOTECH_s01,47,198,53.6,-0.25410088896751404,-1.1080758654650695
TOKYOTECH_s01,47,199,53.63333333333333,-0.46756431460380554,-0.9506793435575671
TOKYOTECH_s01,47,200,53.666666666666664,-0.682720959186554,-0.6706501161930244
TOKYOTECH_s01,47,201,53.7,-0.814752459526062,-0.2928280643960001
TOKYOTECH_s01,47,202,53.733333333333334,-0.903587281703949,0.1326803067243089
TOKYOTECH_s01,47,203,53.766666666666666,-1.0285309553146362,0.5435803247538861
TOKYOTECH_s01,47,204,53.8,-1.0340043306350708,0.8831307254198644
TOKYOTECH_s01,47,205,53.833333333333336,-1.0890929698944092,1.1139568502636121
TOKYOTECH_s01,47,206,53.86666666666667,-1.094605803489685,1.2226175754409825
TOKYOTECH_s01,47,207,53.9,-1.1309902667999268,1.2157170714383296
TOKYOTECH_s01,47,208,53.93333333333333,-1.2165566682815552,1.1121461641594281
TOKYOTECH_s01,47,209,53.96666666666667,-1.0701919794082642,0.9360628585780728
TOKYOTECH_s01,47,210,54.0,-0.12061242014169693,0.712811892430393
TOKYOTECH_s01,47,211,54.03333333333333,1.5979630947113037,0.4672824656021543
TOKYOTECH_s01,47,212,54.06666666666667,2.2735958099365234,0.22290429672411535
TOKYOTECH_s01,47,213,54.1,1.8497010469436646,-0.00015282035019356438
TOKYOTECH_s01,47,214,54.13333333333333,1.3202362060546875,-0.18774190493924411
TOKYOTECH_s01,47,215,54.166666666666664,0.9476891160011292,-0.33446793238256195
TOKYOTECH_s01,47,216,54.2,0.5672667026519775,-0.44499516653396876
TOKYOTECH_s01,47,217,54.233333333333334,0.23256106674671173,-0.5328144655896587
TOKYOTECH_s01,47,218,54.266666666666666,0.09860006719827652,-0.6159352064080545
TOKYOTECH_s01,47,219,54.3,0.21771588921546936,-0.7098581471838392
TOKYOTECH_s01,47,220,54.333333333333336,0.18711985647678375,-0.8194461884219262
TOKYOTECH_s01,47,221,54.36666666666667,-0.01878316141664982,-0.9327166315209293
TOKYOTECH_s01,47,222,54.4,-0.3366747498512268,-1.0203051001252808
TOKYOTECH_s01,47,223,54.43333333333333,-0.576205849647522,-1.0429619668760435
TOKYOTECH_s01,47,224,54.46666666666667,-0.8077827095985413,-0.9656208607839171
TOKYOTECH_s01,47,225,54.5,-0.954029381275177,-0.7725003272574924
TOKYOTECH_s01,47,226,54.53333333333333,-0.9469414949417114,-0.4761796729001424
TOKYOTECH_s01,47,227,54.56666666666667,-0.9735210537910461,-0.11591384694872565
TOKYOTECH_s01,47,228,54.6,-1.0370757579803467,0.2542993526650484
TOKYOTECH_s01,47,229,54.63333333333333,-1.0579062700271606,0.5822726225103614
TOKYOTECH_s01,47,230,54.666666666666664,-1.068813681602478,0.8312930836052502
TOKYOTECH_s01,47,231,54.7,-1.1138612031936646,0.9857296348097782
TOKYOTECH_s01,47,232,54.733333333333334,-1.183046817779541,1.0484308982154198
TOKYOTECH_s01,47,233,54.766666666666666,-1.1753681898117065,1.033776741759796
TOKYOTECH_s01,47,234,54.8,-0.9879330992698669,0.9606428410639605
TOKYOTECH_s01,47,235,54.833333333333336,-0.12888161838054657,0.8474527761510777
TOKYOTECH_s01,47,236,54.86666666666667,1.4527008533477783,0.7094613424854778
TOKYOTECH_s01,47,237,54.9,2.1535348892211914,0.5575425115722246
TOKYOTECH_s01,47,238,54.93333333333333,1.8285555839538574,0.39792470114826933
TOKYOTECH_s01,47,239,54.96666666666667,1.2077751159667969,0.23291071736618787
TOKYOTECH_s01,48,0,48.0,0.4659099280834198,0.09002957541679686
TOKYOTECH_s01,48,1,48.03333333333333,0.09639494866132736,-0.12232271291214328
TOKYOTECH_s01,48,2,48.06666666666667,0.03921935334801674,-0.2730283487362427
TOKYOTECH_s01,48,3,48.1,0.22161422669887543,-0.31084995303234747
TOKYOTECH_s01,48,4,48.13333333333333,0.2650865614414215,-0.20733749425961606
TOKYOTECH_s01,48,5,48.166666666666664,0.14360812306404114,0.035487951863316165
TOKYOTECH_s01,48,6,48.2,-0.11246135830879211,0.38313624384153144
TOKYOTECH_s01,48,7,48.233333333333334,-0.401292622089386,0.7742805816404635
TOKYOTECH_s01,48,8,48.266666666666666,-0.6425563097000122,1.1341887792608245
TOKYOTECH_s01,48,9,48.3,-0.7802581191062927,1.3931761401586602
TOKYOTECH_s01,48,10,48.333333333333336,-0.9128803014755249,1.5042861196914783
TOKYOTECH_s01,48,11,48.36666666666667,-0.922882080078125,1.4537359936795518
TOKYOTECH_s01,48,12,48.4,-0.8180601596832275,1.2606470715162983
TOKYOTECH_s01,48,13,48.43333333333333,-0.9072887301445007,0.9672865835020138
TOKYOTECH_s01,48,14,48.46666666666667,-1.035815715789795,0.6245433292695632
TOKYOTECH_s01,48,15,48.5,-1.0101418495178223,0.27825025794349845
TOKYOTECH_s01,48,16,48.53333333333333,-0.5286776423454285,-0.039584772518049774
TOKYOTECH_s01,48,17,48.56666666666667,0.7252870798110962,-0.3133875414438044
TOKYOTECH_s01,48,18,48.6,1.8797063827514648,-0.5417483334592479
TOKYOTECH_s01,48,19,48.63333333333333,2.052729606628418,-0.7326599379344386
TOKYOTECH_s01,48,20,48.666666666666664,1.6992017030715942,-0.8981158073983447
TOKYOTECH_s01,48,21,48.7,1.2619973421096802,-1.0487508781077028
TOKYOTECH_s01,48,22,48.733333333333334,0.8189653158187866,-1.1886332529590828
TOKYOTECH_s01,48,23,48.766666666666666,0.34632158279418945,-1.3108048343558096
TOKYOTECH_s01,48,24,48.8,0.11482344567775726,-1.3952209547477024
TOKYOTECH_s01,48,25,48.833333333333336,0.13691401481628418,-1.4110844645001044
TOKYOTECH_s01,48,26,48.86666666666667,0.1404973268508911,-1.3243499895978585
TOKYOTECH_s01,48,27,48.9,0.08824387937784195,-1.1089806562311857
TOKYOTECH_s01,48,28,48.93333333333333,-0.09245777130126953,-0.7586216466948464
TOKYOTECH_s01,48,29,48.96666666666667,-0.30265289545059204,-0.2945808257927262
TOKYOTECH_s01,48,30,49.0,-0.4561055600643158,0.23330496214163207
TOKYOTECH_s01,48,31,49.03333333333333,-0.6805946230888367,0.7544319524512603
TOKYOTECH_s01,48,32,49.06666666666667,-0.8149887323379517,1.1926913131005386
TOKYOTECH_s01,48,33,49.1,-0.9656062722206116,1.4851412118451768
TOKYOTECH_s01,48,34,49.13333333333333,-0.934419572353363,1.5977454362106183
TOKYOTECH_s01,48,35,49.166666666666664,-0.962298572063446,1.5323002579896898
TOKYOTECH_s01,48,36,49.2,-0.9637161493301392,1.322510207094239
TOKYOTECH_s01,48,37,49.233333333333334,-0.8909078240394592,1.0217444192213727
TOKYOTECH_s01,48,38,49.266666666666666,-0.7719101905822754,0.6873847080325747
TOKYOTECH_s01,48,39,49.3,0.14163926243782043,0.3667362837443112
TOKYOTECH_s01,48,40,49.333333333333336,1.5641380548477173,0.08827854064201718
TOKYOTECH_s01,48,41,49.36666666666667,2.2188615798950195,-0.14012337893178436
TOKYOTECH_s01,48,42,49.4,1.9644066095352173,-0.32710330079193617
TOKYOTECH_s01,48,43,49.43333333333333,1.4965670108795166,-0.49046955802600256
TOKYOTECH_s01,48,44,49.46666666666667,1.0712546110153198,-0.649011805890136
TOKYOTECH_s01,48,45,49.5,0.7606477737426758,-0.814609363097004
TOKYOTECH_s01,48,46,49.53333333333333,0.4534667730331421,-0.9854523357510032
TOKYOTECH_s01,48,47,49.56666666666667,0.42751723527908325,-1.1418996210556427
TOKYOTECH_s01,48,48,49.6,0.4646104872226715,-1.2473388819050422
TOKYOTECH_s01,48,49,49.63333333333333,0.4527186155319214,-1.2559307261496522
TOKYOTECH_s01,48,50,49.666666666666664,0.1729440838098526,-1.1266466979522387
TOKYOTECH_s01,48,51,49.7,-0.1384502649307251,-0.8396933787079937
TOKYOTECH_s01,48,52,49.733333333333334,-0.401292622089386,-0.40918006914243227
TOKYOTECH_s01,48,53,49.766666666666666,-0.6034941673278809,0.11391679248706897
TOKYOTECH_s01,48,54,49.8,-0.7111512422561646,0.651385897425473
TOKYOTECH_s01,48,55,49.833333333333336,-0.7289890646934509,1.117620053450097
TOKYOTECH_s01,48,56,49.86666666666667,-0.733163058757782,1.4420415257053145
TOKYOTECH_s01,48,57,49.9,-0.7214286923408508,1.5852192734527422
TOKYOTECH_s01,48,58,49.93333333333333,-0.8116022944450378,1.5440221723080483
TOKYOTECH_s01,48,59,49.96666666666667,-0.8853556513786316,1.3469443242529198
TOKYOTECH_s01,48,60,50.0,-0.9516667723655701,1.0435367311076398
TOKYOTECH_s01,48,61,50.03333333333333,-0.9109901785850525,0.6916034400435631
TOKYOTECH_s01,48,62,50.06666666666667,-0.17672483623027802,0.3446769993181866
TOKYOTECH_s01,48,63,50.1,1.3203543424606323,0.041715181580358335
TOKYOTECH_s01,48,64,50.13333333333333,2.224571466445923,-0.1989577632491964
TOKYOTECH_s01,48,65,50.166666666666664,2.0819473266601562,-0.3798874092957503
TOKYOTECH_s01,48,66,50.2,1.6291497945785522,-0.5190845041120039
TOKYOTECH_s01,48,67,50.233333333333334,1.241560697555542,-0.6411128017753248
TOKYOTECH_s01,48,68,50.266666666666666,0.8692105412483215,-0.7674917477268421
TOKYOTECH_s01,48,69,50.3,0.4856378734111786,-0.9086053347991451
TOKYOTECH_s01,48,70,50.333333333333336,0.3282868564128876,-1.0582772693974798
TOKYOTECH_s01,48,71,50.36666666666667,0.347187876701355,-1.1918489336639522
TOKYOTECH_s01,48,72,50.4,0.36018234491348267,-1.2691438241390827
TOKYOTECH_s01,48,73,50.43333333333333,0.18904933333396912,-1.243641933375541
TOKYOTECH_s01,48,74,50.46666666666667,-0.06253115087747574,-1.0771854504895846
TOKYOTECH_s01,48,75,50.5,-0.26945796608924866,-0.7561803084125703
TOKYOTECH_s01,48,76,50.53333333333333,-0.4412210285663605,-0.30261990251084414
TOKYOTECH_s01,48,77,50.56666666666667,-0.5849869251251221,0.22619167978179888
TOKYOTECH_s01,48,78,50.6,-0.7877004146575928,0.7507626163325513
TOKYOTECH_s01,48,79,50.63333333333333,-0.8105391263961792,1.1906483719709293
TOKYOTECH_s01,48,80,50.666666666666664,-0.9057924151420593,1.4849045095521807
TOKYOTECH_s01,48,81,50.7,-0.8941367864608765,1.6038709515416518
TOKYOTECH_s01,48,82,50.733333333333334,-0.8005373477935791,1.55022995336457
TOKYOTECH_s01,48,83,50.766666666666666,-0.8401113748550415,1.3527885838572498
TOKYOTECH_s01,48,84,50.8,-0.9164636135101318,1.0572792872662653
TOKYOTECH_s01,48,85,50.833333333333336,-0.5825061798095703,0.7162862122043399
TOKYOTECH_s01,48,86,50.86666666666667,0.7130801677703857,0.37892289628758175
TOKYOTECH_s01,48,87,50.9,1.8671845197677612,0.08126984980935252
TOKYOTECH_s01,48,88,50.93333333333333,2.0298120975494385,-0.16018208669035025
TOKYOTECH_s01,48,89,50.96666666666667,1.5267298221588135,-0.3495636317236083
TOKYOTECH_s01,48,90,51.0,1.133352279663086,-0.5063053012713052
TOKYOTECH_s01,48,91,51.03333333333333,0.8831106424331665,-0.6551608274790686
TOKYOTECH_s01,48,92,51.06666666666667,0.4385822117328644,-0.8148957342682291
TOKYOTECH_s01,48,93,51.1,0.26343274116516113,-0.989056250135899
TOKYOTECH_s01,48,94,51.13333333333333,0.26634663343429565,-1.161231403078445
TOKYOTECH_s01,48,95,51.166666666666664,0.4060567021369934,-1.2961389898879312
TOKYOTECH_s01,48,96,51.2,0.2901304364204407,-1.3471711502337713
TOKYOTECH_s01,48,97,51.233333333333334,0.008032664656639099,-1.269816466622445
TOKYOTECH_s01,48,98,51.266666666666666,-0.31202465295791626,-1.0379250299448435
TOKYOTECH_s01,48,99,51.3,-0.5734100341796875,-0.6571258351554381
TOKYOTECH_s01,48,100,51.333333333333336,-0.7370613813400269,-0.16892858091798216
TOKYOTECH_s01,48,101,51.36666666666667,-0.8122323155403137,0.3579371775734999
TOKYOTECH_s01,48,102,51.4,-0.8276287913322449,0.846077050736075
TOKYOTECH_s01,48,103,51.43333333333333,-0.7806912660598755,1.2297199858580923
TOKYOTECH_s01,48,104,51.46666666666667,-0.7924650311470032,1.468362489104495
TOKYOTECH_s01,48,105,51.5,-0.8341260552406311,1.5499836050419873
TOKYOTECH_s01,48,106,51.53333333333333,-0.8521607518196106,1.4860332920614299
TOKYOTECH_s01,48,107,51.56666666666667,-1.0406590700149536,1.3035348585064366
TOKYOTECH_s01,48,108,51.6,-1.105237603187561,1.0380911131331834
TOKYOTECH_s01,48,109,51.63333333333333,-0.5004835724830627,0.7281784553648677
TOKYOTECH_s01,48,110,51.666666666666664,0.9703309535980225,0.40958344741860525
TOKYOTECH_s01,48,111,51.7,2.0329227447509766,0.10976413068498163
TOKYOTECH_s01,48,112,51.733333333333334,1.8898264169692993,-0.15632795835527272
TOKYOTECH_s01,48,113,51.766666666666666,1.3279147148132324,-0.38684157907283534
TOKYOTECH_s01,48,114,51.8,0.9749380946159363,-0.5893311910766719
TOKYOTECH_s01,48,115,51.833333333333336,0.56671541929245,-0.7741547727430896
TOKYOTECH_s01,48,116,51.86666666666667,0.1991298794746399,-0.9473585711872374
TOKYOTECH_s01,48,117,51.9,0.13821345567703247,-1.1051769979746304
TOKYOTECH_s01,48,118,51.93333333333333,0.2664647698402405,-1.2314810352857402
TOKYOTECH_s01,48,119,51.96666666666667,0.3388005495071411,-1.2989637621447012
TOKYOTECH_s01,48,120,52.0,0.12746350467205048,-1.2746935970179685
TOKYOTECH_s01,48,121,52.03333333333333,-0.16054083406925201,-1.1300415104334827
TOKYOTECH_s01,48,122,52.06666666666667,-0.43614137172698975,-0.8531309452241209
TOKYOTECH_s01,48,123,52.1,-0.648305356502533,-0.4592682859170714
TOKYOTECH_s01,48,124,52.13333333333333,-0.753284752368927,0.006794244291398965
TOKYOTECH_s01,48,125,52.166666666666664,-0.8735031485557556,0.4803732106737011
TOKYOTECH_s01,48,126,52.2,-0.869683563709259,0.8948979199822663
TOKYOTECH_s01,48,127,52.233333333333334,-0.7273746132850647,1.1997161471564834
TOKYOTECH_s01,48,128,52.266666666666666,-0.7586794495582581,1.3698255119131844
TOKYOTECH_s01,48,129,52.3,-0.856098473072052,1.405395987479366
TOKYOTECH_s01,48,130,52.333333333333336,-0.9536356329917908,1.3245154889917368
TOKYOTECH_s01,48,131,52.36666666666667,-1.010181188583374,1.1546396814431132
TOKYOTECH_s01,48,132,52.4,-0.5409238934516907,0.9262603138516365
TOKYOTECH_s01,48,133,52.43333333333333,0.8677141666412354,0.6689165035853261
TOKYOTECH_s01,48,134,52.46666666666667,1.9201467037200928,0.4079096629676482
TOKYOTECH_s01,48,135,52.5,1.8143798112869263,0.16073691862770031
TOKYOTECH_s01,48,136,52.53333333333333,1.2389618158340454,-0.06582104210770193
TOKYOTECH_s01,48,137,52.56666666666667,0.9321351647377014,-0.2758375042453871
TOKYOTECH_s01,48,138,52.6,0.6579915881156921,-0.48030334022181964
TOKYOTECH_s01,48,139,52.63333333333333,0.2872558832168579,-0.689896857295297
TOKYOTECH_s01,48,140,52.666666666666664,0.16113094985485077,-0.906964437106757
TOKYOTECH_s01,48,141,52.7,0.21996037662029266,-1.119577922398459
TOKYOTECH_s01,48,142,52.733333333333334,0.2697330713272095,-1.29963674816506
TOKYOTECH_s01,48,143,52.766666666666666,0.14041857421398163,-1.406110661279828
TOKYOTECH_s01,48,144,52.8,-0.2650871276855469,-1.3942355883489637
TOKYOTECH_s01,48,145,52.833333333333336,-0.47441592812538147,-1.2301077533368971
TOKYOTECH_s01,48,146,52.86666666666667,-0.6661038398742676,-0.9066535692706051
TOKYOTECH_s01,48,147,52.9,-0.8680297136306763,-0.4536851006060648
TOKYOTECH_s01,48,148,52.93333333333333,-0.9159123301506042,0.06492462180101255
TOKYOTECH_s01,48,149,52.96666666666667,-0.9503279328346252,0.5683546160753655
TOKYOTECH_s01,48,150,53.0,-0.954029381275177,0.9831108279574908
TOKYOTECH_s01,48,151,53.03333333333333,-0.9299699664115906,1.2626278489676444
TOKYOTECH_s01,48,152,53.06666666666667,-1.0243569612503052,1.3940139981351263
TOKYOTECH_s01,48,153,53.1,-1.0967321395874023,1.3919904051146108
TOKYOTECH_s01,48,154,53.13333333333333,-1.2004121541976929,1.2862598306915605
TOKYOTECH_s01,48,155,53.166666666666664,-0.9144553542137146,1.109649819414428
TOKYOTECH_s01,48,156,53.2,0.45539623498916626,0.8911465063381434
TOKYOTECH_s01,48,157,53.233333333333334,1.8835259675979614,0.6535913144851376
TOKYOTECH_s01,48,158,53.266666666666666,2.100809097290039,0.41350144795026583
TOKYOTECH_s01,48,159,53.3,1.6043422222137451,0.18089128644015595
TOKYOTECH_s01,48,160,53.333333333333336,1.1524502038955688,-0.041113177967351575
TOKYOTECH_s01,48,161,53.36666666666667,0.7699013948440552,-0.25555376223516046
TOKYOTECH_s01,48,162,53.4,0.3721136152744293,-0.46863586882969344
TOKYOTECH_s01,48,163,53.43333333333333,0.09860006719827652,-0.6846865667083512
TOKYOTECH_s01,48,164,53.46666666666667,0.043432705104351044,-0.9007633918931909
TOKYOTECH_s01,48,165,53.5,0.12332890182733536,-1.1029657847916412
TOKYOTECH_s01,48,166,53.53333333333333,0.14368687570095062,-1.265689565182969
TOKYOTECH_s01,48,167,53.56666666666667,-0.012049672193825245,-1.354404073133266
TOKYOTECH_s01,48,168,53.6,-0.25410088896751404,-1.3327017679023374
TOKYOTECH_s01,48,169,53.63333333333333,-0.46756431460380554,-1.1736709786132613
TOKYOTECH_s01,48,170,53.666666666666664,-0.682720959186554,-0.8728089279411364
TOKYOTECH_s01,48,171,53.7,-0.814752459526062,-0.45657031178516794
TOKYOTECH_s01,48,172,53.733333333333334,-0.903587281703949,0.019630487615307148
TOKYOTECH_s01,48,173,53.766666666666666,-1.0285309553146362,0.4856503146741684
TOKYOTECH_s01,48,174,53.8,-1.0340043306350708,0.8771757904471972
TOKYOTECH_s01,48,175,53.833333333333336,-1.0890929698944092,1.1523007003296029
TOKYOTECH_s01,48,176,53.86666666666667,-1.094605803489685,1.2969956470220336
TOKYOTECH_s01,48,177,53.9,-1.1309902667999268,1.3197624866202515
TOKYOTECH_s01,48,178,53.93333333333333,-1.2165566682815552,1.2412938025453537
TOKYOTECH_s01,48,179,53.96666666666667,-1.0701919794082642,1.0856542594609968
TOKYOTECH_s01,48,180,54.0,-0.12061242014169693,0.876065974984245
TOKYOTECH_s01,48,181,54.03333333333333,1.5979630947113037,0.6341986505652996
TOKYOTECH_s01,48,182,54.06666666666667,2.2735958099365234,0.3801144454564225
TOKYOTECH_s01,48,183,54.1,1.8497010469436646,0.13097756745747952
TOKYOTECH_s01,48,184,54.13333333333333,1.3202362060546875,-0.10128824973608706
TOKYOTECH_s01,48,185,54.166666666666664,0.9476891160011292,-0.31177572853394636
TOKYOTECH_s01,48,186,54.2,0.5672667026519775,-0.5022984570686113
TOKYOTECH_s01,48,187,54.233333333333334,0.23256106674671173,-0.6786380530849476
TOKYOTECH_s01,48,188,54.266666666666666,0.09860006719827652,-0.8459892349145811
TOKYOTECH_s01,48,189,54.3,0.21771588921546936,-1.003685534172731
TOKYOTECH_s01,48,190,54.333333333333336,0.18711985647678375,-1.1403663614149502
TOKYOTECH_s01,48,191,54.36666666666667,-0.01878316141664982,-1.2314291908756152
TOKYOTECH_s01,48,192,54.4,-0.3366747498512268,-1.2417492060209883
TOKYOTECH_s01,48,193,54.43333333333333,-0.576205849647522,-1.1357228370237473
TOKYOTECH_s01,48,194,54.46666666666667,-0.8077827095985413,-0.8924001174022625
TOKYOTECH_s01,48,195,54.5,-0.954029381275177,-0.5189001915905077
TOKYOTECH_s01,48,196,54.53333333333333,-0.9469414949417114,-0.05452450853271098
TOKYOTECH_s01,48,197,54.56666666666667,-0.9735210537910461,0.43786236908225956
TOKYOTECH_s01,48,198,54.6,-1.0370757579803467,0.8896921276872105
TOKYOTECH_s01,48,199,54.63333333333333,-1.0579062700271606,1.2452668064573236
TOKYOTECH_s01,48,200,54.666666666666664,-1.068813681602478,1.4729183497386074
TOKYOTECH_s01,48,201,54.7,-1.1138612031936646,1.5656508919048318
TOKYOTECH_s01,48,202,54.733333333333334,-1.183046817779541,1.53418934798493
TOKYOTECH_s01,48,203,54.766666666666666,-1.1753681898117065,1.398413512809214
TOKYOTECH_s01,48,204,54.8,-0.9879330992698669,1.1815871818488974
TOKYOTECH_s01,48,205,54.833333333333336,-0.12888161838054657,0.9080034578454441
TOKYOTECH_s01,48,206,54.86666666666667,1.4527008533477783,0.6021264219044636
TOKYOTECH_s01,48,207,54.9,2.1535348892211914,0.28722668809527796
TOKYOTECH_s01,48,208,54.93333333333333,1.8285555839538574,-0.01692592629560071
TOKYOTECH_s01,48,209,54.96666666666667,1.2077751159667969,-0.2963211515743461
TOKYOTECH_s01,48,210,55.0,0.7216644287109375,-0.5438503245977597
TOKYOTECH_s01,48,211,55.03333333333333,0.3058812916278839,-0.7589229959852556
TOKYOTECH_s01,48,212,55.06666666666667,0.004252460319548845,-0.9454829814542998
TOKYOTECH_s01,48,213,55.1,0.016538124531507492,-1.1083879097772777
TOKYOTECH_s01,48,214,55.13333333333333,0.16542305052280426,-1.2484541762309356
TOKYOTECH_s01,48,215,55.166666666666664,0.16408424079418182,-1.357462745975767
TOKYOTECH_s01,48,216,55.2,0.018900752067565918,-1.4156945164661412
TOKYOTECH_s01,48,217,55.233333333333334,-0.19964231550693512,-1.394834609873207
TOKYOTECH_s01,48,218,55.266666666666666,-0.5014680027961731,-1.2672878959395997
TOKYOTECH_s01,48,219,55.3,-0.6688601970672607,-1.0193588238272044
TOKYOTECH_s01,48,220,55.333333333333336,-0.8136498928070068,-0.662243754355041
TOKYOTECH_s01,48,221,55.36666666666667,-0.8677541017532349,-0.2344404473813442
TOKYOTECH_s01,48,222,55.4,-0.9470596313476562,0.20665612915656628
TOKYOTECH_s01,48,223,55.43333333333333,-0.9850192070007324,0.6002817878284611
TOKYOTECH_s01,48,224,55.46666666666667,-1.0436517000198364,0.8977123202325376
TOKYOTECH_s01,48,225,55.5,-1.0325868129730225,1.0713602722809337
TOKYOTECH_s01,48,226,55.53333333333333,-0.9944697022438049,1.1160877196423258
TOKYOTECH_s01,48,227,55.56666666666667,-0.938081681728363,1.045463611012746
TOKYOTECH_s01,48,228,55.6,-0.9678507447242737,0.8861465772338734
TOKYOTECH_s01,48,229,55.63333333333333,-0.3273029923439026,0.6717885924991173
TOKYOTECH_s01,48,230,55.666666666666664,1.115041971206665,0.4368216480995504
TOKYOTECH_s01,48,231,55.7,1.999137282371521,0.210883196245457
TOKYOTECH_s01,48,232,55.733333333333334,1.8067011833190918,0.015378912257501574
TOKYOTECH_s01,48,233,55.766666666666666,1.2275817394256592,-0.136708139454343
TOKYOTECH_s01,48,234,55.8,0.894608736038208,-0.23852946484033297
TOKYOTECH_s01,48,235,55.833333333333336,0.5704562067985535,-0.28690575553476466
TOKYOTECH_s01,48,236,55.86666666666667,0.15727199614048004,-0.2815008667497257
TOKYOTECH_s01,48,237,55.9,0.08032907545566559,-0.22572019303736468
TOKYOTECH_s01,48,238,55.93333333333333,0.13419699668884277,-0.12810201610057978
TOKYOTECH_s01,48,239,55.96666666666667,0.16955766081809998,-0.0027279501152357288
TOKYOTECH_s01,49,0,49.0,-0.4561055600643158,0.10267005760547844
TOKYOTECH_s01,49,1,49.03333333333333,-0.6805946230888367,0.40088707792547157
TOKYOTECH_s01,49,2,49.06666666666667,-0.8149887323379517,0.6447501534735595
TOKYOTECH_s01,49,3,49.1,-0.9656062722206116,0.7943912340984719
TOKYOTECH_s01,49,4,49.13333333333333,-0.934419572353363,0.8284535308527587
TOKYOTECH_s01,49,5,49.166666666666664,-0.962298572063446,0.7486383118188635
TOKYOTECH_s01,49,6,49.2,-0.9637161493301392,0.5783008496707985
TOKYOTECH_s01,49,7,49.233333333333334,-0.8909078240394592,0.3548816877386423
TOKYOTECH_s01,49,8,49.266666666666666,-0.7719101905822754,0.11862098669190693
TOKYOTECH_s01,49,9,49.3,0.14163926243782043,-0.09828774938609193
TOKYOTECH_s01,49,10,49.333333333333336,1.5641380548477173,-0.2784940871092441
TOKYOTECH_s01,49,11,49.36666666666667,2.2188615798950195,-0.42071940473659486
TOKYOTECH_s01,49,12,49.4,1.9644066095352173,-0.536012446781168
TOKYOTECH_s01,49,13,49.43333333333333,1.4965670108795166,-0.6408571636955576
TOKYOTECH_s01,49,14,49.46666666666667,1.0712546110153198,-0.7491883351659878
TOKYOTECH_s01,49,15,49.5,0.7606477737426758,-0.8650950331513758
TOKYOTECH_s01,49,16,49.53333333333333,0.4534667730331421,-0.977812201071697
TOKYOTECH_s01,49,17,49.56666666666667,0.42751723527908325,-1.060720356788425
TOKYOTECH_s01,49,18,49.6,0.4646104872226715,-1.076018000196428
TOKYOTECH_s01,49,19,49.63333333333333,0.4527186155319214,-0.985403612132626
TOKYOTECH_s01,49,20,49.666666666666664,0.1729440838098526,-0.7642391883242171
TOKYOTECH_s01,49,21,49.7,-0.1384502649307251,-0.41398379195494267
TOKYOTECH_s01,49,22,49.733333333333334,-0.401292622089386,0.03271835109689268
TOKYOTECH_s01,49,23,49.766666666666666,-0.6034941673278809,0.5173955591219018
TOKYOTECH_s01,49,24,49.8,-0.7111512422561646,0.9701905024374852
TOKYOTECH_s01,49,25,49.833333333333336,-0.7289890646934509,1.3278260081092483
TOKYOTECH_s01,49,26,49.86666666666667,-0.733163058757782,1.5479353309540258
TOKYOTECH_s01,49,27,49.9,-0.7214286923408508,1.614842838203496
TOKYOTECH_s01,49,28,49.93333333333333,-0.8116022944450378,1.5368960071876745
TOKYOTECH_s01,49,29,49.96666666666667,-0.8853556513786316,1.339404550256295
TOKYOTECH_s01,49,30,50.0,-0.9516667723655701,1.0572720905603412
TOKYOTECH_s01,49,31,50.03333333333333,-0.9109901785850525,0.7289239671836908
TOKYOTECH_s01,49,32,50.06666666666667,-0.17672483623027802,0.3911251719874354
TOKYOTECH_s01,49,33,50.1,1.3203543424606323,0.07403487768393174
TOKYOTECH_s01,49,34,50.13333333333333,2.224571466445923,-0.20306014814242135
TOKYOTECH_s01,49,35,50.166666666666664,2.0819473266601562,-0.43386894590577624
TOKYOTECH_s01,49,36,50.2,1.6291497945785522,-0.6238236445031287
TOKYOTECH_s01,49,37,50.233333333333334,1.241560697555542,-0.7853733035633597
TOKYOTECH_s01,49,38,50.266666666666666,0.8692105412483215,-0.9310898195208847
TOKYOTECH_s01,49,39,50.3,0.4856378734111786,-1.066482954367593
TOKYOTECH_s01,49,40,50.333333333333336,0.3282868564128876,-1.1843814461272826
TOKYOTECH_s01,49,41,50.36666666666667,0.347187876701355,-1.2627161244210998
TOKYOTECH_s01,49,42,50.4,0.36018234491348267,-1.2677341759905374
TOKYOTECH_s01,49,43,50.43333333333333,0.18904933333396912,-1.1637551464781195
TOKYOTECH_s01,49,44,50.46666666666667,-0.06253115087747574,-0.9276496128302464
TOKYOTECH_s01,49,45,50.5,-0.26945796608924866,-0.5626532293447405
TOKYOTECH_s01,49,46,50.53333333333333,-0.4412210285663605,-0.10450547839104021
TOKYOTECH_s01,49,47,50.56666666666667,-0.5849869251251221,0.3846290036970672
TOKYOTECH_s01,49,48,50.6,-0.7877004146575928,0.8328176514040433
TOKYOTECH_s01,49,49,50.63333333333333,-0.8105391263961792,1.1781747932767999
TOKYOTECH_s01,49,50,50.666666666666664,-0.9057924151420593,1.38319548840177
TOKYOTECH_s01,49,51,50.7,-0.8941367864608765,1.4387800165564095
TOKYOTECH_s01,49,52,50.733333333333334,-0.8005373477935791,1.3591998461412755
TOKYOTECH_s01,49,53,50.766666666666666,-0.8401113748550415,1.1732509406016511
TOKYOTECH_s01,49,54,50.8,-0.9164636135101318,0.9162329198486567
TOKYOTECH_s01,49,55,50.833333333333336,-0.5825061798095703,0.6241745158954028
TOKYOTECH_s01,49,56,50.86666666666667,0.7130801677703857,0.32936344889283276
TOKYOTECH_s01,49,57,50.9,1.8671845197677612,0.056147486195097705
TOKYOTECH_s01,49,58,50.93333333333333,2.0298120975494385,-0.18251201475484996
TOKYOTECH_s01,49,59,50.96666666666667,1.5267298221588135,-0.38603992393575576
TOKYOTECH_s01,49,60,51.0,1.133352279663086,-0.5635971611798707
TOKYOTECH_s01,49,61,51.03333333333333,0.8831106424331665,-0.7281531783345901
TOKYOTECH_s01,49,62,51.06666666666667,0.4385822117328644,-0.888962623586956
TOKYOTECH_s01,49,63,51.1,0.26343274116516113,-1.044641623038269
TOKYOTECH_s01,49,64,51.13333333333333,0.26634663343429565,-1.1789408641017238
TOKYOTECH_s01,49,65,51.166666666666664,0.4060567021369934,-1.2610958522519555
TOKYOTECH_s01,49,66,51.2,0.2901304364204407,-1.2522677538978961
TOKYOTECH_s01,49,67,51.233333333333334,0.008032664656639099,-1.1179794571962915
TOKYOTECH_s01,49,68,51.266666666666666,-0.31202465295791626,-0.8432093981802363
TOKYOTECH_s01,49,69,51.3,-0.5734100341796875,-0.4437620934434382
TOKYOTECH_s01,49,70,51.333333333333336,-0.7370613813400269,0.032659758417641856
TOKYOTECH_s01,49,71,51.36666666666667,-0.8122323155403137,0.5180070848692796
TOKYOTECH_s01,49,72,51.4,-0.8276287913322449,0.9432221765823487
TOKYOTECH_s01,49,73,51.43333333333333,-0.7806912660598755,1.2560008303008663
TOKYOTECH_s01,49,74,51.46666666666667,-0.7924650311470032,1.4297394077073253
TOKYOTECH_s01,49,75,51.5,-0.8341260552406311,1.4626058313290542
TOKYOTECH_s01,49,76,51.53333333333333,-0.8521607518196106,1.3707352744485053
TOKYOTECH_s01,49,77,51.56666666666667,-1.0406590700149536,1.1806659745014259
TOKYOTECH_s01,49,78,51.6,-1.105237603187561,0.923640832752533
TOKYOTECH_s01,49,79,51.63333333333333,-0.5004835724830627,0.6313931160611835
TOKYOTECH_s01,49,80,51.666666666666664,0.9703309535980225,0.3322782716476422
TOKYOTECH_s01,49,81,51.7,2.0329227447509766,0.04773143279020478
TOKYOTECH_s01,49,82,51.733333333333334,1.8898264169692993,-0.20985338133392523
TOKYOTECH_s01,49,83,51.766666666666666,1.3279147148132324,-0.43673840268928743
TOKYOTECH_s01,49,84,51.8,0.9749380946159363,-0.6349931575263105
TOKYOTECH_s01,49,85,51.833333333333336,0.56671541929245,-0.8083933595676024
TOKYOTECH_s01,49,86,51.86666666666667,0.1991298794746399,-0.9584887462725445
TOKYOTECH_s01,49,87,51.9,0.13821345567703247,-1.0816441971313466
TOKYOTECH_s01,49,88,51.93333333333333,0.2664647698402405,-1.1672284360280818
TOKYOTECH_s01,49,89,51.96666666666667,0.3388005495071411,-1.1972406037065646
TOKYOTECH_s01,49,90,52.0,0.12746350467205048,-1.1484903115752265
TOKYOTECH_s01,49,91,52.03333333333333,-0.16054083406925201,-0.9987525625652365
TOKYOTECH_s01,49,92,52.06666666666667,-0.43614137172698975,-0.7368287605379783
TOKYOTECH_s01,49,93,52.1,-0.648305356502533,-0.37306306683065454
TOKYOTECH_s01,49,94,52.13333333333333,-0.753284752368927,0.056264513414636966
TOKYOTECH_s01,49,95,52.166666666666664,-0.8735031485557556,0.4956673180672596
TOKYOTECH_s01,49,96,52.2,-0.869683563709259,0.8859766771578715
TOKYOTECH_s01,49,97,52.233333333333334,-0.7273746132850647,1.180066682894174
TOKYOTECH_s01,49,98,52.266666666666666,-0.7586794495582581,1.3513003932120522
TOKYOTECH_s01,49,99,52.3,-0.856098473072052,1.3933865873664166
TOKYOTECH_s01,49,100,52.333333333333336,-0.9536356329917908,1.3155340892509277
TOKYOTECH_s01,49,101,52.36666666666667,-1.010181188583374,1.1376836506452865
TOKYOTECH_s01,49,102,52.4,-0.5409238934516907,0.8875561659165099
TOKYOTECH_s01,49,103,52.43333333333333,0.8677141666412354,0.5978719339125871
TOKYOTECH_s01,49,104,52.46666666666667,1.9201467037200928,0.30165254674442504
TOKYOTECH_s01,49,105,52.5,1.8143798112869263,0.025669690540315065
TOKYOTECH_s01,49,106,52.53333333333333,1.2389618158340454,-0.21549288368515795
TOKYOTECH_s01,49,107,52.56666666666667,0.9321351647377014,-0.4215817089060872
TOKYOTECH_s01,49,108,52.6,0.6579915881156921,-0.6033861968202544
TOKYOTECH_s01,49,109,52.63333333333333,0.2872558832168579,-0.7750117409378912
TOKYOTECH_s01,49,110,52.666666666666664,0.16113094985485077,-0.9446571414077172
TOKYOTECH_s01,49,111,52.7,0.21996037662029266,-1.1072058601329815
TOKYOTECH_s01,49,112,52.733333333333334,0.2697330713272095,-1.2409697756636457
TOKYOTECH_s01,49,113,52.766666666666666,0.14041857421398163,-1.3099340531916825
TOKYOTECH_s01,49,114,52.8,-0.2650871276855469,-1.27240715211553
TOKYOTECH_s01,49,115,52.833333333333336,-0.47441592812538147,-1.0954865739593995
TOKYOTECH_s01,49,116,52.86666666666667,-0.6661038398742676,-0.7712439899060968
TOKYOTECH_s01,49,117,52.9,-0.8680297136306763,-0.3272435788034609
TOKYOTECH_s01,49,118,52.93333333333333,-0.9159123301506042,0.1757170777768362
TOKYOTECH_s01,49,119,52.96666666666667,-0.9503279328346252,0.6601613434417459
TOKYOTECH_s01,49,120,53.0,-0.954029381275177,1.0556129562852703
TOKYOTECH_s01,49,121,53.03333333333333,-0.9299699664115906,1.3174955001811282
TOKYOTECH_s01,49,122,53.06666666666667,-1.0243569612503052,1.4332478488810656
TOKYOTECH_s01,49,123,53.1,-1.0967321395874023,1.4161263424377297
TOKYOTECH_s01,49,124,53.13333333333333,-1.2004121541976929,1.29324250135376
TOKYOTECH_s01,49,125,53.166666666666664,-0.9144553542137146,1.0950548590253546
TOKYOTECH_s01,49,126,53.2,0.45539623498916626,0.8498273200206723
TOKYOTECH_s01,49,127,53.233333333333334,1.8835259675979614,0.5820874815843868
TOKYOTECH_s01,49,128,53.266666666666666,2.100809097290039,0.3121706988462275
TOKYOTECH_s01,49,129,53.3,1.6043422222137451,0.05491017475534283
TOKYOTECH_s01,49,130,53.333333333333336,1.1524502038955688,-0.18220204049550057
TOKYOTECH_s01,49,131,53.36666666666667,0.7699013948440552,-0.3995083064532503
TOKYOTECH_s01,49,132,53.4,0.3721136152744293,-0.6027828453703397
TOKYOTECH_s01,49,133,53.43333333333333,0.09860006719827652,-0.7980527381014161
TOKYOTECH_s01,49,134,53.46666666666667,0.043432705104351044,-0.9854149944202799
TOKYOTECH_s01,49,135,53.5,0.12332890182733536,-1.1542224147678024
TOKYOTECH_s01,49,136,53.53333333333333,0.14368687570095062,-1.2814415750735548
TOKYOTECH_s01,49,137,53.56666666666667,-0.012049672193825245,-1.334276885394147
TOKYOTECH_s01,49,138,53.6,-0.25410088896751404,-1.2778301294163437
TOKYOTECH_s01,49,139,53.63333333333333,-0.46756431460380554,-1.0872848827204193
TOKYOTECH_s01,49,140,53.666666666666664,-0.682720959186554,-0.7610770949615409
TOKYOTECH_s01,49,141,53.7,-0.814752459526062,-0.3287151459020405
TOKYOTECH_s01,49,142,53.733333333333334,-0.903587281703949,0.15269222755594503
TOKYOTECH_s01,49,143,53.766666666666666,-1.0285309553146362,0.6139559650299004
TOKYOTECH_s01,49,144,53.8,-1.0340043306350708,0.9942995509758457
TOKYOTECH_s01,49,145,53.833333333333336,-1.0890929698944092,1.2560761953071888
TOKYOTECH_s01,49,146,53.86666666666667,-1.094605803489685,1.3876373129690986
TOKYOTECH_s01,49,147,53.9,-1.1309902667999268,1.3965370081151192
TOKYOTECH_s01,49,148,53.93333333333333,-1.2165566682815552,1.2999638213642506
TOKYOTECH_s01,49,149,53.96666666666667,-1.0701919794082642,1.118393387678505
TOKYOTECH_s01,49,150,54.0,-0.12061242014169693,0.8740611417384343
TOKYOTECH_s01,49,151,54.03333333333333,1.5979630947113037,0.5917125695644343
TOKYOTECH_s01,49,152,54.06666666666667,2.2735958099365234,0.29804621255902486
TOKYOTECH_s01,49,153,54.1,1.8497010469436646,0.01818026132893314
TOKYOTECH_s01,49,154,54.13333333333333,1.3202362060546875,-0.22965842274158396
TOKYOTECH_s01,49,155,54.166666666666664,0.9476891160011292,-0.438280907844869
TOKYOTECH_s01,49,156,54.2,0.5672667026519775,-0.6119827598917373
TOKYOTECH_s01,49,157,54.233333333333334,0.23256106674671173,-0.7625936227886024
TOKYOTECH_s01,49,158,54.266666666666666,0.09860006719827652,-0.9022952563293725
TOKYOTECH_s01,49,159,54.3,0.21771588921546936,-1.0354167316704599
TOKYOTECH_s01,49,160,54.333333333333336,0.18711985647678375,-1.1516818196664205
TOKYOTECH_s01,49,161,54.36666666666667,-0.01878316141664982,-1.2237410703863805
TOKYOTECH_s01,49,162,54.4,-0.3366747498512268,-1.2121643333520173
TOKYOTECH_s01,49,163,54.43333333333333,-0.576205849647522,-1.0790393946920123
TOKYOTECH_s01,49,164,54.46666666666667,-0.8077827095985413,-0.8060581441139588
TOKYOTECH_s01,49,165,54.5,-0.954029381275177,-0.40832659498290397
TOKYOTECH_s01,49,166,54.53333333333333,-0.9469414949417114,0.06440745576772627
TOKYOTECH_s01,49,167,54.56666666666667,-0.9735210537910461,0.5412447544082254
TOKYOTECH_s01,49,168,54.6,-1.0370757579803467,0.9520140525777756
TOKYOTECH_s01,49,169,54.63333333333333,-1.0579062700271606,1.2465503567050307
TOKYOTECH_s01,49,170,54.666666666666664,-1.068813681602478,1.4031954684216066
TOKYOTECH_s01,49,171,54.7,-1.1138612031936646,1.4256424461369037
TOKYOTECH_s01,49,172,54.733333333333334,-1.183046817779541,1.3333583987108029
TOKYOTECH_s01,49,173,54.766666666666666,-1.1753681898117065,1.1523023826017853
TOKYOTECH_s01,49,174,54.8,-0.9879330992698669,0.909559487135618
TOKYOTECH_s01,49,175,54.833333333333336,-0.12888161838054657,0.6313066980643843
TOKYOTECH_s01,49,176,54.86666666666667,1.4527008533477783,0.34171454454796113
TOKYOTECH_s01,49,177,54.9,2.1535348892211914,0.061242636969364814
TOKYOTECH_s01,49,178,54.93333333333333,1.8285555839538574,-0.19542230646245418
TOKYOTECH_s01,49,179,54.96666666666667,1.2077751159667969,-0.4205330151537912
TOKYOTECH_s01,49,180,55.0,0.7216644287109375,-0.6127560651549014
TOKYOTECH_s01,49,181,55.03333333333333,0.3058812916278839,-0.7751313272218442
TOKYOTECH_s01,49,182,55.06666666666667,0.004252460319548845,-0.9120340042709542
TOKYOTECH_s01,49,183,55.1,0.016538124531507492,-1.025465724855014
TOKYOTECH_s01,49,184,55.13333333333333,0.16542305052280426,-1.1110338504101878
TOKYOTECH_s01,49,185,55.166666666666664,0.16408424079418182,-1.1547539888987262
TOKYOTECH_s01,49,186,55.2,0.018900752067565918,-1.1329899442051328
TOKYOTECH_s01,49,187,55.233333333333334,-0.19964231550693512,-1.0179869950214453
TOKYOTECH_s01,49,188,55.266666666666666,-0.5014680027961731,-0.7893313917644139
TOKYOTECH_s01,49,189,55.3,-0.6688601970672607,-0.44758689057675116
TOKYOTECH_s01,49,190,55.333333333333336,-0.8136498928070068,-0.02270260822178127
TOKYOTECH_s01,49,191,55.36666666666667,-0.8677541017532349,0.42933504423602614
TOKYOTECH_s01,49,192,55.4,-0.9470596313476562,0.841483458817848
TOKYOTECH_s01,49,193,55.43333333333333,-0.9850192070007324,1.1549261341318966
TOKYOTECH_s01,49,194,55.46666666666667,-1.0436517000198364,1.333469056187411
TOKYOTECH_s01,49,195,55.5,-1.0325868129730225,1.36790951915723
TOKYOTECH_s01,49,196,55.53333333333333,-0.9944697022438049,1.2716330366121327
TOKYOTECH_s01,49,197,55.56666666666667,-0.938081681728363,1.072586509912801
TOKYOTECH_s01,49,198,55.6,-0.9678507447242737,0.8057487127091408
TOKYOTECH_s01,49,199,55.63333333333333,-0.3273029923439026,0.5070161794730722
TOKYOTECH_s01,49,200,55.666666666666664,1.115041971206665,0.20786745407107488
TOKYOTECH_s01,49,201,55.7,1.999137282371521,-0.06924259884890979
TOKYOTECH_s01,49,202,55.733333333333334,1.8067011833190918,-0.31363797202415616
TOKYOTECH_s01,49,203,55.766666666666666,1.2275817394256592,-0.5259428663703828
TOKYOTECH_s01,49,204,55.8,0.894608736038208,-0.714108723237554
TOKYOTECH_s01,49,205,55.833333333333336,0.5704562067985535,-0.8871743619537227
TOKYOTECH_s01,49,206,55.86666666666667,0.15727199614048004,-1.048655505762263
TOKYOTECH_s01,49,207,55.9,0.08032907545566559,-1.1913470752250728
TOKYOTECH_s01,49,208,55.93333333333333,0.13419699668884277,-1.2950297162646134
TOKYOTECH_s01,49,209,55.96666666666667,0.16955766081809998,-1.3284039862187471
TOKYOTECH_s01,49,210,56.0,0.01878262124955654,-1.2562183950497827
TOKYOTECH_s01,49,211,56.03333333333333,-0.20397379994392395,-1.0510872281236758
TOKYOTECH_s01,49,212,56.06666666666667,-0.521786630153656,-0.7067069562947097
TOKYOTECH_s01,49,213,56.1,-0.6466515064239502,-0.24665952983962983
TOKYOTECH_s01,49,214,56.13333333333333,-0.8006554841995239,0.2769146785535762
TOKYOTECH_s01,49,215,56.166666666666664,-0.940050482749939,0.7961411248483236
TOKYOTECH_s01,49,216,56.2,-0.9817902445793152,1.2460554700367528
TOKYOTECH_s01,49,217,56.233333333333334,-1.0555436611175537,1.5796819859215983
TOKYOTECH_s01,49,218,56.266666666666666,-1.0400290489196777,1.7737147160016822
TOKYOTECH_s01,49,219,56.3,-0.9677326083183289,1.8257947831727293
TOKYOTECH_s01,49,220,56.333333333333336,-0.9311906695365906,1.7483425595673672
TOKYOTECH_s01,49,221,56.36666666666667,-0.869171679019928,1.563298920357056
TOKYOTECH_s01,49,222,56.4,-0.14636506140232086,1.298848892619424
TOKYOTECH_s01,49,223,56.43333333333333,1.3411848545074463,0.9865076939490527
TOKYOTECH_s01,49,224,56.46666666666667,2.1253409385681152,0.6569892248478101
TOKYOTECH_s01,49,225,56.5,1.8285555839538574,0.3351274095856462
TOKYOTECH_s01,49,226,56.53333333333333,1.3311042785644531,0.035660788515478235
TOKYOTECH_s01,49,227,56.56666666666667,0.8889384269714355,-0.2380833650264659
TOKYOTECH_s01,49,228,56.6,0.5095004439353943,-0.49161300362786897
TOKYOTECH_s01,49,229,56.63333333333333,0.18038636445999146,-0.7335113083331839
TOKYOTECH_s01,49,230,56.666666666666664,-0.0018903720192611217,-0.9686462623867149
TOKYOTECH_s01,49,231,56.7,0.11435091495513916,-1.1928414611284928
TOKYOTECH_s01,49,232,56.733333333333334,0.13892224431037903,-1.390623986772451
TOKYOTECH_s01,49,233,56.766666666666666,-0.028863705694675446,-1.5366317070710982
TOKYOTECH_s01,49,234,56.8,-0.19030994176864624,-1.6008027570956247
TOKYOTECH_s01,49,235,56.833333333333336,-0.4655560851097107,-1.5566997950778085
TOKYOTECH_s01,49,236,56.86666666666667,-0.6267660856246948,-1.3906256770909682
TOKYOTECH_s01,49,237,56.9,-0.7408022284507751,-1.1079939459941064
TOKYOTECH_s01,49,238,56.93333333333333,-0.9164636135101318,-0.7342977139830201
TOKYOTECH_s01,49,239,56.96666666666667,-0.9773406386375427,-0.31064615231882037
TOKYOTECH_s01,50,0,50.0,-0.9516667723655701,-0.13300679364649812
TOKYOTECH_s01,50,1,50.03333333333333,-0.9109901785850525,-0.40680862479083413
TOKYOTECH_s01,50,2,50.06666666666667,-0.17672483623027802,-0.6469452724211063
TOKYOTECH_s01,50,3,50.1,1.3203543424606323,-0.8314663737030971
TOKYOTECH_s01,50,4,50.13333333333333,2.224571466445923,-0.9542557662350792
TOKYOTECH_s01,50,5,50.166666666666664,2.0819473266601562,-1.026051994598092
TOKYOTECH_s01,50,6,50.2,1.6291497945785522,-1.0691836755578226
TOKYOTECH_s01,50,7,50.233333333333334,1.241560697555542,-1.1082566848530824
TOKYOTECH_s01,50,8,50.266666666666666,0.8692105412483215,-1.1603095303692161
TOKYOTECH_s01,50,9,50.3,0.4856378734111786,-1.227315591464192
TOKYOTECH_s01,50,10,50.333333333333336,0.3282868564128876,-1.292624261520443
TOKYOTECH_s01,50,11,50.36666666666667,0.347187876701355,-1.3222128894671845
TOKYOTECH_s01,50,12,50.4,0.36018234491348267,-1.271611653299873
TOKYOTECH_s01,50,13,50.43333333333333,0.18904933333396912,-1.0986355575571785
TOKYOTECH_s01,50,14,50.46666666666667,-0.06253115087747574,-0.7795563483528419
TOKYOTECH_s01,50,15,50.5,-0.26945796608924866,-0.3232149274539412
TOKYOTECH_s01,50,16,50.53333333333333,-0.4412210285663605,0.2237972802109285
TOKYOTECH_s01,50,17,50.56666666666667,-0.5849869251251221,0.7852922509925214
TOKYOTECH_s01,50,18,50.6,-0.7877004146575928,1.2752869636344442
TOKYOTECH_s01,50,19,50.63333333333333,-0.8105391263961792,1.6217522945712204
TOKYOTECH_s01,50,20,50.666666666666664,-0.9057924151420593,1.7847218435180752
TOKYOTECH_s01,50,21,50.7,-0.8941367864608765,1.7624565872321973
TOKYOTECH_s01,50,22,50.733333333333334,-0.8005373477935791,1.5856795533807602
TOKYOTECH_s01,50,23,50.766666666666666,-0.8401113748550415,1.304861641464711
TOKYOTECH_s01,50,24,50.8,-0.9164636135101318,0.9761743015436322
TOKYOTECH_s01,50,25,50.833333333333336,-0.5825061798095703,0.6495003843522669
TOKYOTECH_s01,50,26,50.86666666666667,0.7130801677703857,0.3598164041707309
TOKYOTECH_s01,50,27,50.9,1.8671845197677612,0.12245196835319898
TOKYOTECH_s01,50,28,50.93333333333333,2.0298120975494385,-0.06724353500284766
TOKYOTECH_s01,50,29,50.96666666666667,1.5267298221588135,-0.22941781714274984
TOKYOTECH_s01,50,30,51.0,1.133352279663086,-0.3909548581002329
TOKYOTECH_s01,50,31,51.03333333333333,0.8831106424331665,-0.5744403522138632
TOKYOTECH_s01,50,32,51.06666666666667,0.4385822117328644,-0.7879601878322282
TOKYOTECH_s01,50,33,51.1,0.26343274116516113,-1.0188024896501775
TOKYOTECH_s01,50,34,51.13333333333333,0.26634663343429565,-1.2329112715688388
TOKYOTECH_s01,50,35,51.166666666666664,0.4060567021369934,-1.3805860630424245
TOKYOTECH_s01,50,36,51.2,0.2901304364204407,-1.408113555794954
TOKYOTECH_s01,50,37,51.233333333333334,0.008032664656639099,-1.2737951309209599
TOKYOTECH_s01,50,38,51.266666666666666,-0.31202465295791626,-0.9644383534709907
TOKYOTECH_s01,50,39,51.3,-0.5734100341796875,-0.5060200284144555
TOKYOTECH_s01,50,40,51.333333333333336,-0.7370613813400269,0.037760337050314126
TOKYOTECH_s01,50,41,51.36666666666667,-0.8122323155403137,0.580934097310572
TOKYOTECH_s01,50,42,51.4,-0.8276287913322449,1.0390263395525035
TOKYOTECH_s01,50,43,51.43333333333333,-0.7806912660598755,1.35057624944806
TOKYOTECH_s01,50,44,51.46666666666667,-0.7924650311470032,1.4882180538944547
TOKYOTECH_s01,50,45,51.5,-0.8341260552406311,1.4578731575546626
TOKYOTECH_s01,50,46,51.53333333333333,-0.8521607518196106,1.290136682714889
TOKYOTECH_s01,50,47,51.56666666666667,-1.0406590700149536,1.0293399924864812
TOKYOTECH_s01,50,48,51.6,-1.105237603187561,0.7235091666222536
TOKYOTECH_s01,50,49,51.63333333333333,-0.5004835724830627,0.41573481250936
TOKYOTECH_s01,50,50,51.666666666666664,0.9703309535980225,0.13702377766064888
TOKYOTECH_s01,50,51,51.7,2.0329227447509766,-0.0982155668422781
TOKYOTECH_s01,50,52,51.733333333333334,1.8898264169692993,-0.29241097864944027
TOKYOTECH_s01,50,53,51.766666666666666,1.3279147148132324,-0.460104166292314
TOKYOTECH_s01,50,54,51.8,0.9749380946159363,-0.6195404990528179
TOKYOTECH_s01,50,55,51.833333333333336,0.56671541929245,-0.7834820798193991
TOKYOTECH_s01,50,56,51.86666666666667,0.1991298794746399,-0.9523499142341256
TOKYOTECH_s01,50,57,51.9,0.13821345567703247,-1.1115688990345782
TOKYOTECH_s01,50,58,51.93333333333333,0.2664647698402405,-1.233252129639031
TOKYOTECH_s01,50,59,51.96666666666667,0.3388005495071411,-1.2813780547359193
TOKYOTECH_s01,50,60,52.0,0.12746350467205048,-1.219827461604175
TOKYOTECH_s01,50,61,52.03333333333333,-0.16054083406925201,-1.022882978517862
TOKYOTECH_s01,50,62,52.06666666666667,-0.43614137172698975,-0.686704401206484
TOKYOTECH_s01,50,63,52.1,-0.648305356502533,-0.23788661624078433
TOKYOTECH_s01,50,64,52.13333333333333,-0.753284752368927,0.2665935714638713
TOKYOTECH_s01,50,65,52.166666666666664,-0.8735031485557556,0.7514199746483242
TOKYOTECH_s01,50,66,52.2,-0.869683563709259,1.1433921331513826
TOKYOTECH_s01,50,67,52.233333333333334,-0.7273746132850647,1.3910237577291502
TOKYOTECH_s01,50,68,52.266666666666666,-0.7586794495582581,1.4750327525314832
TOKYOTECH_s01,50,69,52.3,-0.856098473072052,1.4074025139144433
TOKYOTECH_s01,50,70,52.333333333333336,-0.9536356329917908,1.2224019828439987
TOKYOTECH_s01,50,71,52.36666666666667,-1.010181188583374,0.9650832231241528
TOKYOTECH_s01,50,72,52.4,-0.5409238934516907,0.6810326515387962
TOKYOTECH_s01,50,73,52.43333333333333,0.8677141666412354,0.408326997268123
TOKYOTECH_s01,50,74,52.46666666666667,1.9201467037200928,0.171565303639585
TOKYOTECH_s01,50,75,52.5,1.8143798112869263,-0.021563743275135827
TOKYOTECH_s01,50,76,52.53333333333333,1.2389618158340454,-0.18004187618872247
TOKYOTECH_s01,50,77,52.56666666666667,0.9321351647377014,-0.32475084629530904
TOKYOTECH_s01,50,78,52.6,0.6579915881156921,-0.4797083603106379
TOKYOTECH_s01,50,79,52.63333333333333,0.2872558832168579,-0.6616326714022117
TOKYOTECH_s01,50,80,52.666666666666664,0.16113094985485077,-0.871216807856291
TOKYOTECH_s01,50,81,52.7,0.21996037662029266,-1.0889750167743315
TOKYOTECH_s01,50,82,52.733333333333334,0.2697330713272095,-1.2766866334651448
TOKYOTECH_s01,50,83,52.766666666666666,0.14041857421398163,-1.3841058324810434
TOKYOTECH_s01,50,84,52.8,-0.2650871276855469,-1.3606277645177203
TOKYOTECH_s01,50,85,52.833333333333336,-0.47441592812538147,-1.170989760366669
TOKYOTECH_s01,50,86,52.86666666666667,-0.6661038398742676,-0.8112346494136332
TOKYOTECH_s01,50,87,52.9,-0.8680297136306763,-0.3180364504370945
TOKYOTECH_s01,50,88,52.93333333333333,-0.9159123301506042,0.23544147310236108
TOKYOTECH_s01,50,89,52.96666666666667,-0.9503279328346252,0.7585944943050948
TOKYOTECH_s01,50,90,53.0,-0.954029381275177,1.169982589923563
TOKYOTECH_s01,50,91,53.03333333333333,-0.9299699664115906,1.419073495089507
TOKYOTECH_s01,50,92,53.06666666666667,-1.0243569612503052,1.4943157537790546
TOKYOTECH_s01,50,93,53.1,-1.0967321395874023,1.4172509828343423
TOKYOTECH_s01,50,94,53.13333333333333,-1.2004121541976929,1.228903086217931
TOKYOTECH_s01,50,95,53.166666666666664,-0.9144553542137146,0.9759616780638691
TOKYOTECH_s01,50,96,53.2,0.45539623498916626,0.7010403687587399
TOKYOTECH_s01,50,97,53.233333333333334,1.8835259675979614,0.43707743962004225
TOKYOTECH_s01,50,98,53.266666666666666,2.100809097290039,0.20408915923523788
TOKYOTECH_s01,50,99,53.3,1.6043422222137451,0.007327906884923342
TOKYOTECH_s01,50,100,53.333333333333336,1.1524502038955688,-0.16229427881900577
TOKYOTECH_s01,50,101,53.36666666666667,0.7699013948440552,-0.3239598756046876
TOKYOTECH_s01,50,102,53.4,0.3721136152744293,-0.4987143031477358
TOKYOTECH_s01,50,103,53.43333333333333,0.09860006719827652,-0.6994613160814288
TOKYOTECH_s01,50,104,53.46666666666667,0.043432705104351044,-0.9228451192159105
TOKYOTECH_s01,50,105,53.5,0.12332890182733536,-1.1460850356221282
TOKYOTECH_s01,50,106,53.53333333333333,0.14368687570095062,-1.3296175122817604
TOKYOTECH_s01,50,107,53.56666666666667,-0.012049672193825245,-1.4246816999331593
TOKYOTECH_s01,50,108,53.6,-0.25410088896751404,-1.3849326483385602
TOKYOTECH_s01,50,109,53.63333333333333,-0.46756431460380554,-1.1808462735619005
TOKYOTECH_s01,50,110,53.666666666666664,-0.682720959186554,-0.8133934117847377
TOKYOTECH_s01,50,111,53.7,-0.814752459526062,-0.32098155359605596
TOKYOTECH_s01,50,112,53.733333333333334,-0.903587281703949,0.22587525674679212
TOKYOTECH_s01,50,113,53.766666666666666,-1.0285309553146362,0.7426409527953514
TOKYOTECH_s01,50,114,53.8,-1.0340043306350708,1.1544273874030742
TOKYOTECH_s01,50,115,53.833333333333336,-1.0890929698944092,1.41422720372919
TOKYOTECH_s01,50,116,53.86666666666667,-1.094605803489685,1.5087445229424175
TOKYOTECH_s01,50,117,53.9,-1.1309902667999268,1.4527685510914936
TOKYOTECH_s01,50,118,53.93333333333333,-1.2165566682815552,1.2782511453556693
TOKYOTECH_s01,50,119,53.96666666666667,-1.0701919794082642,1.024304180957883
TOKYOTECH_s01,50,120,54.0,-0.12061242014169693,0.7306713838552438
TOKYOTECH_s01,50,121,54.03333333333333,1.5979630947113037,0.4335260378661809
TOKYOTECH_s01,50,122,54.06666666666667,2.2735958099365234,0.16160333723109993
TOKYOTECH_s01,50,123,54.1,1.8497010469436646,-0.06774761749763063
TOKYOTECH_s01,50,124,54.13333333333333,1.3202362060546875,-0.2511673574824809
TOKYOTECH_s01,50,125,54.166666666666664,0.9476891160011292,-0.3986022478687876
TOKYOTECH_s01,50,126,54.2,0.5672667026519775,-0.5285630709693473
TOKYOTECH_s01,50,127,54.233333333333334,0.23256106674671173,-0.6604257256548782
TOKYOTECH_s01,50,128,54.266666666666666,0.09860006719827652,-0.806089444161211
TOKYOTECH_s01,50,129,54.3,0.21771588921546936,-0.9632779051299688
TOKYOTECH_s01,50,130,54.333333333333336,0.18711985647678375,-1.1119529620194541
TOKYOTECH_s01,50,131,54.36666666666667,-0.01878316141664982,-1.2150950724367124
TOKYOTECH_s01,50,132,54.4,-0.3366747498512268,-1.225722124006585
TOKYOTECH_s01,50,133,54.43333333333333,-0.576205849647522,-1.1010287008624462
TOKYOTECH_s01,50,134,54.46666666666667,-0.8077827095985413,-0.8204455737947167
TOKYOTECH_s01,50,135,54.5,-0.954029381275177,-0.4000095040438522
TOKYOTECH_s01,50,136,54.53333333333333,-0.9469414949417114,0.10524056898543359
TOKYOTECH_s01,50,137,54.56666666666667,-0.9735210537910461,0.6143263735054041
TOKYOTECH_s01,50,138,54.6,-1.0370757579803467,1.044066882682671
TOKYOTECH_s01,50,139,54.63333333333333,-1.0579062700271606,1.3327300735044176
TOKYOTECH_s01,50,140,54.666666666666664,-1.068813681602478,1.4536723557527647
TOKYOTECH_s01,50,141,54.7,-1.1138612031936646,1.415294226493102
TOKYOTECH_s01,50,142,54.733333333333334,-1.183046817779541,1.2506671937631708
TOKYOTECH_s01,50,143,54.766666666666666,-1.1753681898117065,1.0037937322127195
TOKYOTECH_s01,50,144,54.8,-0.9879330992698669,0.7181881658527302
TOKYOTECH_s01,50,145,54.833333333333336,-0.12888161838054657,0.4297647063917053
TOKYOTECH_s01,50,146,54.86666666666667,1.4527008533477783,0.16330580039009068
TOKYOTECH_s01,50,147,54.9,2.1535348892211914,-0.06874383093572571
TOKYOTECH_s01,50,148,54.93333333333333,1.8285555839538574,-0.2655267104381344
TOKYOTECH_s01,50,149,54.96666666666667,1.2077751159667969,-0.43480893085809985
TOKYOTECH_s01,50,150,55.0,0.7216644287109375,-0.5881737455035166
TOKYOTECH_s01,50,151,55.03333333333333,0.3058812916278839,-0.7356931444093735
TOKYOTECH_s01,50,152,55.06666666666667,0.004252460319548845,-0.881414883423988
TOKYOTECH_s01,50,153,55.1,0.016538124531507492,-1.0202424275073088
TOKYOTECH_s01,50,154,55.13333333333333,0.16542305052280426,-1.1361984747946894
TOKYOTECH_s01,50,155,55.166666666666664,0.16408424079418182,-1.2024393410528507
TOKYOTECH_s01,50,156,55.2,0.018900752067565918,-1.1845248160668969
TOKYOTECH_s01,50,157,55.233333333333334,-0.19964231550693512,-1.048745236986431
TOKYOTECH_s01,50,158,55.266666666666666,-0.5014680027961731,-0.7753367548277273
TOKYOTECH_s01,50,159,55.3,-0.6688601970672607,-0.3724945955165398
TOKYOTECH_s01,50,160,55.333333333333336,-0.8136498928070068,0.11636075736972969
TOKYOTECH_s01,50,161,55.36666666666667,-0.8677541017532349,0.6186431080070598
TOKYOTECH_s01,50,162,55.4,-0.9470596313476562,1.0518657724113771
TOKYOTECH_s01,50,163,55.43333333333333,-0.9850192070007324,1.3481659523145886
TOKYOTECH_s01,50,164,55.46666666666667,-1.0436517000198364,1.4730392570160538
TOKYOTECH_s01,50,165,55.5,-1.0325868129730225,1.4307403247101576
TOKYOTECH_s01,50,166,55.53333333333333,-0.9944697022438049,1.2564404106479123
TOKYOTECH_s01,50,167,55.56666666666667,-0.938081681728363,1.0013446035502036
TOKYOTECH_s01,50,168,55.6,-0.9678507447242737,0.7175971721524348
TOKYOTECH_s01,50,169,55.63333333333333,-0.3273029923439026,0.4467964944142865
TOKYOTECH_s01,50,170,55.666666666666664,1.115041971206665,0.21318446559303886
TOKYOTECH_s01,50,171,55.7,1.999137282371521,0.02152800015733047
TOKYOTECH_s01,50,172,55.733333333333334,1.8067011833190918,-0.14026045594040257
TOKYOTECH_s01,50,173,55.766666666666666,1.2275817394256592,-0.29406134460285915
TOKYOTECH_s01,50,174,55.8,0.894608736038208,-0.46176523725850077
TOKYOTECH_s01,50,175,55.833333333333336,0.5704562067985535,-0.6557338479870911
TOKYOTECH_s01,50,176,55.86666666666667,0.15727199614048004,-0.8721975174462253
TOKYOTECH_s01,50,177,55.9,0.08032907545566559,-1.089009087482985
TOKYOTECH_s01,50,178,55.93333333333333,0.13419699668884277,-1.268078277826851
TOKYOTECH_s01,50,179,55.96666666666667,0.16955766081809998,-1.3623006087748455
TOKYOTECH_s01,50,180,56.0,0.01878262124955654,-1.3264995994999313
TOKYOTECH_s01,50,181,56.03333333333333,-0.20397379994392395,-1.1310134107631533
TOKYOTECH_s01,50,182,56.06666666666667,-0.521786630153656,-0.7747418644566284
TOKYOTECH_s01,50,183,56.1,-0.6466515064239502,-0.29257739377135616
TOKYOTECH_s01,50,184,56.13333333333333,-0.8006554841995239,0.24799615157404634
TOKYOTECH_s01,50,185,56.166666666666664,-0.940050482749939,0.7626655114099212
TOKYOTECH_s01,50,186,56.2,-0.9817902445793152,1.1731115766744638
TOKYOTECH_s01,50,187,56.233333333333334,-1.0555436611175537,1.4270339574013675
TOKYOTECH_s01,50,188,56.266666666666666,-1.0400290489196777,1.5075409017562804
TOKYOTECH_s01,50,189,56.3,-0.9677326083183289,1.4304199781789633
TOKYOTECH_s01,50,190,56.333333333333336,-0.9311906695365906,1.233424006080805
TOKYOTECH_s01,50,191,56.36666666666667,-0.869171679019928,0.9635178431825835
TOKYOTECH_s01,50,192,56.4,-0.14636506140232086,0.6660281525285566
TOKYOTECH_s01,50,193,56.43333333333333,1.3411848545074463,0.3767530122527513
TOKYOTECH_s01,50,194,56.46666666666667,2.1253409385681152,0.11703749037311903
TOKYOTECH_s01,50,195,56.5,1.8285555839538574,-0.10782549228537232
TOKYOTECH_s01,50,196,56.53333333333333,1.3311042785644531,-0.30639751607071886
TOKYOTECH_s01,50,197,56.56666666666667,0.8889384269714355,-0.4951829278192464
TOKYOTECH_s01,50,198,56.6,0.5095004439353943,-0.6900285070843948
TOKYOTECH_s01,50,199,56.63333333333333,0.18038636445999146,-0.8970283990218445
TOKYOTECH_s01,50,200,56.666666666666664,-0.0018903720192611217,-1.1060591581103416
TOKYOTECH_s01,50,201,56.7,0.11435091495513916,-1.2897274503587675
TOKYOTECH_s01,50,202,56.733333333333334,0.13892224431037903,-1.408546428768307
TOKYOTECH_s01,50,203,56.766666666666666,-0.028863705694675446,-1.420941630575421
TOKYOTECH_s01,50,204,56.8,-0.19030994176864624,-1.2955332638715344
TOKYOTECH_s01,50,205,56.833333333333336,-0.4655560851097107,-1.0225646706823486
TOKYOTECH_s01,50,206,56.86666666666667,-0.6267660856246948,-0.6207657438094938
TOKYOTECH_s01,50,207,56.9,-0.7408022284507751,-0.13635351948394664
TOKYOTECH_s01,50,208,56.93333333333333,-0.9164636135101318,0.366698479200379
TOKYOTECH_s01,50,209,56.96666666666667,-0.9773406386375427,0.8221903799317838
TOKYOTECH_s01,50,210,57.0,-1.0325868129730225,1.1769781947463709
TOKYOTECH_s01,50,211,57.03333333333333,-1.0231362581253052,1.4001362614325763
TOKYOTECH_s01,50,212,57.06666666666667,-0.9522180557250977,1.4841205454870336
TOKYOTECH_s01,50,213,57.1,-0.8760626912117004,1.44041068417825
TOKYOTECH_s01,50,214,57.13333333333333,-0.7503708600997925,1.2933486019644642
TOKYOTECH_s01,50,215,57.166666666666664,0.3097796142101288,1.0744185703679976
TOKYOTECH_s01,50,216,57.2,1.806228756904602,0.817296906623754
TOKYOTECH_s01,50,217,57.233333333333334,2.2200429439544678,0.5530590602787391
TOKYOTECH_s01,50,218,57.266666666666666,1.7950456142425537,0.30531141292758657
TOKYOTECH_s01,50,219,57.3,1.3212993144989014,0.08622839234444124
TOKYOTECH_s01,50,220,57.333333333333336,0.9138247966766357,-0.1045391882604479
TOKYOTECH_s01,50,221,57.36666666666667,0.5087522864341736,-0.2765237772908526
TOKYOTECH_s01,50,222,57.4,0.24228721857070923,-0.4411600563821076
TOKYOTECH_s01,50,223,57.43333333333333,0.18771050870418549,-0.6034250654338815
TOKYOTECH_s01,50,224,57.46666666666667,0.20291008055210114,-0.7562380460293385
TOKYOTECH_s01,50,225,57.5,0.2201966494321823,-0.8803212117939989
TOKYOTECH_s01,50,226,57.53333333333333,0.0418969988822937,-0.949541118504572
TOKYOTECH_s01,50,227,57.56666666666667,-0.22082722187042236,-0.9392355338257808
TOKYOTECH_s01,50,228,57.6,-0.38132840394973755,-0.8341806950072383
TOKYOTECH_s01,50,229,57.63333333333333,-0.6371616125106812,-0.6336954536222045
TOKYOTECH_s01,50,230,57.666666666666664,-0.9485166072845459,-0.3530256777568942
TOKYOTECH_s01,50,231,57.7,-0.9940759539604187,-0.021656047781733804
TOKYOTECH_s01,50,232,57.733333333333334,-0.967102587223053,0.32016774281616406
TOKYOTECH_s01,50,233,57.766666666666666,-0.9568251371383667,0.6259798992838239
TOKYOTECH_s01,50,234,57.8,-0.853145182132721,0.8491326562751459
TOKYOTECH_s01,50,235,57.833333333333336,-0.8644464015960693,0.9508716965128601
TOKYOTECH_s01,50,236,57.86666666666667,-0.9971473217010498,0.9092713722520294
TOKYOTECH_s01,50,237,57.9,-0.6660250425338745,0.7260293147018874
TOKYOTECH_s01,50,238,57.93333333333333,0.7677749991416931,0.4281927735917846
TOKYOTECH_s01,50,239,57.96666666666667,2.0926973819732666,0.06379048570247983
TOKYOTECH_s01,51,0,51.0,1.133352279663086,-0.00983842036375157
TOKYOTECH_s01,51,1,51.03333333333333,0.8831106424331665,-0.22952473346373167
TOKYOTECH_s01,51,2,51.06666666666667,0.4385822117328644,-0.45693077596589804
TOKYOTECH_s01,51,3,51.1,0.26343274116516113,-0.6894713819495766
TOKYOTECH_s01,51,4,51.13333333333333,0.26634663343429565,-0.9061560240927815
TOKYOTECH_s01,51,5,51.166666666666664,0.4060567021369934,-1.0683515547885931
TOKYOTECH_s01,51,6,51.2,0.2901304364204407,-1.1288321106716448
TOKYOTECH_s01,51,7,51.233333333333334,0.008032664656639099,-1.0470831045867353
TOKYOTECH_s01,51,8,51.266666666666666,-0.31202465295791626,-0.8060872952133472
TOKYOTECH_s01,51,9,51.3,-0.5734100341796875,-0.4239226490718802
TOKYOTECH_s01,51,10,51.333333333333336,-0.7370613813400269,0.046049440648547914
TOKYOTECH_s01,51,11,51.36666666666667,-0.8122323155403137,0.5282829924099758
TOKYOTECH_s01,51,12,51.4,-0.8276287913322449,0.9461738260143444
TOKYOTECH_s01,51,13,51.43333333333333,-0.7806912660598755,1.2414940292155325
TOKYOTECH_s01,51,14,51.46666666666667,-0.7924650311470032,1.384674801176059
TOKYOTECH_s01,51,15,51.5,-0.8341260552406311,1.3747335145198014
TOKYOTECH_s01,51,16,51.53333333333333,-0.8521607518196106,1.2326427521858239
TOKYOTECH_s01,51,17,51.56666666666667,-1.0406590700149536,0.9930441097896512
TOKYOTECH_s01,51,18,51.6,-1.105237603187561,0.6969236088036443
TOKYOTECH_s01,51,19,51.63333333333333,-0.5004835724830627,0.38513440252324316
TOKYOTECH_s01,51,20,51.666666666666664,0.9703309535980225,0.0920577761964532
TOKYOTECH_s01,51,21,51.7,2.0329227447509766,-0.16009898946861206
TOKYOTECH_s01,51,22,51.733333333333334,1.8898264169692993,-0.36464874015094534
TOKYOTECH_s01,51,23,51.766666666666666,1.3279147148132324,-0.5296603245070991
TOKYOTECH_s01,51,24,51.8,0.9749380946159363,-0.6726482597520751
TOKYOTECH_s01,51,25,51.833333333333336,0.56671541929245,-0.8120640288760355
TOKYOTECH_s01,51,26,51.86666666666667,0.1991298794746399,-0.9581187966394581
TOKYOTECH_s01,51,27,51.9,0.13821345567703247,-1.1057221924461458
TOKYOTECH_s01,51,28,51.93333333333333,0.2664647698402405,-1.2318366284955324
TOKYOTECH_s01,51,29,51.96666666666667,0.3388005495071411,-1.298627991787191
TOKYOTECH_s01,51,30,52.0,0.12746350467205048,-1.2626257817213107
TOKYOTECH_s01,51,31,52.03333333333333,-0.16054083406925201,-1.088629767418729
TOKYOTECH_s01,51,32,52.06666666666667,-0.43614137172698975,-0.7651643914208079
TOKYOTECH_s01,51,33,52.1,-0.648305356502533,-0.3158737793333905
TOKYOTECH_s01,51,34,52.13333333333333,-0.753284752368927,0.20010078363069148
TOKYOTECH_s01,51,35,52.166666666666664,-0.8735031485557556,0.7023227818807637
TOKYOTECH_s01,51,36,52.2,-0.869683563709259,1.1128738600018526
TOKYOTECH_s01,51,37,52.233333333333334,-0.7273746132850647,1.3782983046963673
TOKYOTECH_s01,51,38,52.266666666666666,-0.7586794495582581,1.480060442270189
TOKYOTECH_s01,51,39,52.3,-0.856098473072052,1.4315542436600095
TOKYOTECH_s01,51,40,52.333333333333336,-0.9536356329917908,1.2666514625717031
TOKYOTECH_s01,51,41,52.36666666666667,-1.010181188583374,1.0270271404648272
TOKYOTECH_s01,51,42,52.4,-0.5409238934516907,0.7528718528191947
TOKYOTECH_s01,51,43,52.43333333333333,0.8677141666412354,0.47746534669797164
TOKYOTECH_s01,51,44,52.46666666666667,1.9201467037200928,0.22401627947761568
TOKYOTECH_s01,51,45,52.5,1.8143798112869263,0.0036355883994648704
TOKYOTECH_s01,51,46,52.53333333333333,1.2389618158340454,-0.18522208776742657
TOKYOTECH_s01,51,47,52.56666666666667,0.9321351647377014,-0.35467087685744886
TOKYOTECH_s01,51,48,52.6,0.6579915881156921,-0.5220504789944387
TOKYOTECH_s01,51,49,52.63333333333333,0.2872558832168579,-0.7020896605909348
TOKYOTECH_s01,51,50,52.666666666666664,0.16113094985485077,-0.8984880736117433
TOKYOTECH_s01,51,51,52.7,0.21996037662029266,-1.0974285025824706
TOKYOTECH_s01,51,52,52.733333333333334,0.2697330713272095,-1.2656181183038455
TOKYOTECH_s01,51,53,52.766666666666666,0.14041857421398163,-1.3549625351830938
TOKYOTECH_s01,51,54,52.8,-0.2650871276855469,-1.314627429405111
TOKYOTECH_s01,51,55,52.833333333333336,-0.47441592812538147,-1.1086379483871438
TOKYOTECH_s01,51,56,52.86666666666667,-0.6661038398742676,-0.7336794531841301
TOKYOTECH_s01,51,57,52.9,-0.8680297136306763,-0.22916524687404724
TOKYOTECH_s01,51,58,52.93333333333333,-0.9159123301506042,0.327616832556997
TOKYOTECH_s01,51,59,52.96666666666667,-0.9503279328346252,0.8424317596401827
TOKYOTECH_s01,51,60,53.0,-0.954029381275177,1.2328075560461205
TOKYOTECH_s01,51,61,53.03333333333333,-0.9299699664115906,1.4509558670772342
TOKYOTECH_s01,51,62,53.06666666666667,-1.0243569612503052,1.491468744407125
TOKYOTECH_s01,51,63,53.1,-1.0967321395874023,1.3836131578256023
TOKYOTECH_s01,51,64,53.13333333333333,-1.2004121541976929,1.1749990629762335
TOKYOTECH_s01,51,65,53.166666666666664,-0.9144553542137146,0.915038026101869
TOKYOTECH_s01,51,66,53.2,0.45539623498916626,0.6438207771320537
TOKYOTECH_s01,51,67,53.233333333333334,1.8835259675979614,0.387603113475394
TOKYOTECH_s01,51,68,53.266666666666666,2.100809097290039,0.15888140640882106
TOKYOTECH_s01,51,69,53.3,1.6043422222137451,-0.04160602384578682
TOKYOTECH_s01,51,70,53.333333333333336,1.1524502038955688,-0.22219348279602016
TOKYOTECH_s01,51,71,53.36666666666667,0.7699013948440552,-0.3965778955832716
TOKYOTECH_s01,51,72,53.4,0.3721136152744293,-0.5785829682813781
TOKYOTECH_s01,51,73,53.43333333333333,0.09860006719827652,-0.7758739677345496
TOKYOTECH_s01,51,74,53.46666666666667,0.043432705104351044,-0.984099383895811
TOKYOTECH_s01,51,75,53.5,0.12332890182733536,-1.1833639543132868
TOKYOTECH_s01,51,76,53.53333333333333,0.14368687570095062,-1.338726470625545
TOKYOTECH_s01,51,77,53.56666666666667,-0.012049672193825245,-1.4058155773106806
TOKYOTECH_s01,51,78,53.6,-0.25410088896751404,-1.3417205127829033
TOKYOTECH_s01,51,79,53.63333333333333,-0.46756431460380554,-1.1195349138012174
TOKYOTECH_s01,51,80,53.666666666666664,-0.682720959186554,-0.7423040774987467
TOKYOTECH_s01,51,81,53.7,-0.814752459526062,-0.25002355102337187
TOKYOTECH_s01,51,82,53.733333333333334,-0.903587281703949,0.2860676735803639
TOKYOTECH_s01,51,83,53.766666666666666,-1.0285309553146362,0.7824724173620096
TOKYOTECH_s01,51,84,53.8,-1.0340043306350708,1.1680784513981926
TOKYOTECH_s01,51,85,53.833333333333336,-1.0890929698944092,1.4025283631718448
TOKYOTECH_s01,51,86,53.86666666666667,-1.094605803489685,1.4806859574107336
TOKYOTECH_s01,51,87,53.9,-1.1309902667999268,1.4242762417900434
TOKYOTECH_s01,51,88,53.93333333333333,-1.2165566682815552,1.267820361270971
TOKYOTECH_s01,51,89,53.96666666666667,-1.0701919794082642,1.0465316665281172
TOKYOTECH_s01,51,90,54.0,-0.12061242014169693,0.7900739174283317
TOKYOTECH_s01,51,91,54.03333333333333,1.5979630947113037,0.5214804410039526
TOKYOTECH_s01,51,92,54.06666666666667,2.2735958099365234,0.25822327047039517
TOKYOTECH_s01,51,93,54.1,1.8497010469436646,0.012850536240990099
TOKYOTECH_s01,51,94,54.13333333333333,1.3202362060546875,-0.20756252183790816
TOKYOTECH_s01,51,95,54.166666666666664,0.9476891160011292,-0.4022589446423327
TOKYOTECH_s01,51,96,54.2,0.5672667026519775,-0.5765405129912353
TOKYOTECH_s01,51,97,54.233333333333334,0.23256106674671173,-0.7393939432187926
TOKYOTECH_s01,51,98,54.266666666666666,0.09860006719827652,-0.8986921680459823
TOKYOTECH_s01,51,99,54.3,0.21771588921546936,-1.0546115012258401
TOKYOTECH_s01,51,100,54.333333333333336,0.18711985647678375,-1.1932168935226217
TOKYOTECH_s01,51,101,54.36666666666667,-0.01878316141664982,-1.2836139382674447
TOKYOTECH_s01,51,102,54.4,-0.3366747498512268,-1.282594242818189
TOKYOTECH_s01,51,103,54.43333333333333,-0.576205849647522,-1.1483665582711093
TOKYOTECH_s01,51,104,54.46666666666667,-0.8077827095985413,-0.8595683861178353
TOKYOTECH_s01,51,105,54.5,-0.954029381275177,-0.43085331306668684
TOKYOTECH_s01,51,106,54.53333333333333,-0.9469414949417114,0.08393433804847722
TOKYOTECH_s01,51,107,54.56666666666667,-0.9735210537910461,0.6045529837949918
TOKYOTECH_s01,51,108,54.6,-1.0370757579803467,1.0481365994289416
TOKYOTECH_s01,51,109,54.63333333333333,-1.0579062700271606,1.3529696302510232
TOKYOTECH_s01,51,110,54.666666666666664,-1.068813681602478,1.4920873981393392
TOKYOTECH_s01,51,111,54.7,-1.1138612031936646,1.4728917321287547
TOKYOTECH_s01,51,112,54.733333333333334,-1.183046817779541,1.3263646409909107
TOKYOTECH_s01,51,113,54.766666666666666,-1.1753681898117065,1.0933045181026129
TOKYOTECH_s01,51,114,54.8,-0.9879330992698669,0.8135207451048511
TOKYOTECH_s01,51,115,54.833333333333336,-0.12888161838054657,0.5198594341321091
TOKYOTECH_s01,51,116,54.86666666666667,1.4527008533477783,0.23605170739082573
TOKYOTECH_s01,51,117,54.9,2.1535348892211914,-0.02333777214479439
TOKYOTECH_s01,51,118,54.93333333333333,1.8285555839538574,-0.25201043435953663
TOKYOTECH_s01,51,119,54.96666666666667,1.2077751159667969,-0.45044663874435265
TOKYOTECH_s01,51,120,55.0,0.7216644287109375,-0.6238488453758739
TOKYOTECH_s01,51,121,55.03333333333333,0.3058812916278839,-0.7794559703212934
TOKYOTECH_s01,51,122,55.06666666666667,0.004252460319548845,-0.9230684922592144
TOKYOTECH_s01,51,123,55.1,0.016538124531507492,-1.0547871146032775
TOKYOTECH_s01,51,124,55.13333333333333,0.16542305052280426,-1.1647145772123637
TOKYOTECH_s01,51,125,55.166666666666664,0.16408424079418182,-1.230450219089552
TOKYOTECH_s01,51,126,55.2,0.018900752067565918,-1.2188936632652259
TOKYOTECH_s01,51,127,55.233333333333334,-0.19964231550693512,-1.0942804784785476
TOKYOTECH_s01,51,128,55.266666666666666,-0.5014680027961731,-0.8319895653424239
TOKYOTECH_s01,51,129,55.3,-0.6688601970672607,-0.43383844504570646
TOKYOTECH_s01,51,130,55.333333333333336,-0.8136498928070068,0.06273541601318747
TOKYOTECH_s01,51,131,55.36666666666667,-0.8677541017532349,0.5884427404261873
TOKYOTECH_s01,51,132,55.4,-0.9470596313476562,1.0595028863176283
TOKYOTECH_s01,51,133,55.43333333333333,-0.9850192070007324,1.401656438768225
TOKYOTECH_s01,51,134,55.46666666666667,-1.0436517000198364,1.570311902029957
TOKYOTECH_s01,51,135,55.5,-1.0325868129730225,1.5588965684753229
TOKYOTECH_s01,51,136,55.53333333333333,-0.9944697022438049,1.3943627081515326
TOKYOTECH_s01,51,137,55.56666666666667,-0.938081681728363,1.1247203535017765
TOKYOTECH_s01,51,138,55.6,-0.9678507447242737,0.8045548236445675
TOKYOTECH_s01,51,139,55.63333333333333,-0.3273029923439026,0.48237223449607336
TOKYOTECH_s01,51,140,55.666666666666664,1.115041971206665,0.19168971346682595
TOKYOTECH_s01,51,141,55.7,1.999137282371521,-0.05312159009149854
TOKYOTECH_s01,51,142,55.733333333333334,1.8067011833190918,-0.25585836275870183
TOKYOTECH_s01,51,143,55.766666666666666,1.2275817394256592,-0.43289981266116495
TOKYOTECH_s01,51,144,55.8,0.894608736038208,-0.6047091969950708
TOKYOTECH_s01,51,145,55.833333333333336,0.5704562067985535,-0.7867681187402323
TOKYOTECH_s01,51,146,55.86666666666667,0.15727199614048004,-0.9819492957764118
TOKYOTECH_s01,51,147,55.9,0.08032907545566559,-1.1757548748293645
TOKYOTECH_s01,51,148,55.93333333333333,0.13419699668884277,-1.3357696788598141
TOKYOTECH_s01,51,149,55.96666666666667,0.16955766081809998,-1.4166242364133605
TOKYOTECH_s01,51,150,56.0,0.01878262124955654,-1.3708646849508095
TOKYOTECH_s01,51,151,56.03333333333333,-0.20397379994392395,-1.1641696690185772
TOKYOTECH_s01,51,152,56.06666666666667,-0.521786630153656,-0.7908339102803632
TOKYOTECH_s01,51,153,56.1,-0.6466515064239502,-0.28335495379373254
TOKYOTECH_s01,51,154,56.13333333333333,-0.8006554841995239,0.28998692090414674
TOKYOTECH_s01,51,155,56.166666666666664,-0.940050482749939,0.8413205735505166
TOKYOTECH_s01,51,156,56.2,-0.9817902445793152,1.2871856039302563
TOKYOTECH_s01,51,157,56.233333333333334,-1.0555436611175537,1.5696126718099028
TOKYOTECH_s01,51,158,56.266666666666666,-1.0400290489196777,1.6664018124270341
TOKYOTECH_s01,51,159,56.3,-0.9677326083183289,1.5896162021761475
TOKYOTECH_s01,51,160,56.333333333333336,-0.9311906695365906,1.3762162783546377
TOKYOTECH_s01,51,161,56.36666666666667,-0.869171679019928,1.075786956615118
TOKYOTECH_s01,51,162,56.4,-0.14636506140232086,0.7387750429292046
TOKYOTECH_s01,51,163,56.43333333333333,1.3411848545074463,0.40684849764789577
TOKYOTECH_s01,51,164,56.46666666666667,2.1253409385681152,0.10641108599979841
TOKYOTECH_s01,51,165,56.5,1.8285555839538574,-0.15365077313483766
TOKYOTECH_s01,51,166,56.53333333333333,1.3311042785644531,-0.3794565771473545
TOKYOTECH_s01,51,167,56.56666666666667,0.8889384269714355,-0.5855049895388043
TOKYOTECH_s01,51,168,56.6,0.5095004439353943,-0.7857848626642582
TOKYOTECH_s01,51,169,56.63333333333333,0.18038636445999146,-0.9852019798033944
TOKYOTECH_s01,51,170,56.666666666666664,-0.0018903720192611217,-1.1738920571964406
TOKYOTECH_s01,51,171,56.7,0.11435091495513916,-1.3263070294962283
TOKYOTECH_s01,51,172,56.733333333333334,0.13892224431037903,-1.4058218327164373
TOKYOTECH_s01,51,173,56.766666666666666,-0.028863705694675446,-1.3742466059093463
TOKYOTECH_s01,51,174,56.8,-0.19030994176864624,-1.2041873468865494
TOKYOTECH_s01,51,175,56.833333333333336,-0.4655560851097107,-0.890698034617534
TOKYOTECH_s01,51,176,56.86666666666667,-0.6267660856246948,-0.45768941663674445
TOKYOTECH_s01,51,177,56.9,-0.7408022284507751,0.04437797591327998
TOKYOTECH_s01,51,178,56.93333333333333,-0.9164636135101318,0.5493840571366321
TOKYOTECH_s01,51,179,56.96666666666667,-0.9773406386375427,0.9909029651601229
TOKYOTECH_s01,51,180,57.0,-1.0325868129730225,1.3162299015486252
TOKYOTECH_s01,51,181,57.03333333333333,-1.0231362581253052,1.4948010011087298
TOKYOTECH_s01,51,182,57.06666666666667,-0.9522180557250977,1.5201900428380528
TOKYOTECH_s01,51,183,57.1,-0.8760626912117004,1.40745624137533
TOKYOTECH_s01,51,184,57.13333333333333,-0.7503708600997925,1.1876344634157439
TOKYOTECH_s01,51,185,57.166666666666664,0.3097796142101288,0.9002423107312917
TOKYOTECH_s01,51,186,57.2,1.806228756904602,0.584886965436867
TOKYOTECH_s01,51,187,57.233333333333334,2.2200429439544678,0.273830341682522
TOKYOTECH_s01,51,188,57.266666666666666,1.7950456142425537,-0.012655616382657903
TOKYOTECH_s01,51,189,57.3,1.3212993144989014,-0.26713712773770165
TOKYOTECH_s01,51,190,57.333333333333336,0.9138247966766357,-0.49206963057472436
TOKYOTECH_s01,51,191,57.36666666666667,0.5087522864341736,-0.6939954548076286
TOKYOTECH_s01,51,192,57.4,0.24228721857070923,-0.876654344666447
TOKYOTECH_s01,51,193,57.43333333333333,0.18771050870418549,-1.0353081580840886
TOKYOTECH_s01,51,194,57.46666666666667,0.20291008055210114,-1.154548743492438
TOKYOTECH_s01,51,195,57.5,0.2201966494321823,-1.2109533043341234
TOKYOTECH_s01,51,196,57.53333333333333,0.0418969988822937,-1.1801789084220429
TOKYOTECH_s01,51,197,57.56666666666667,-0.22082722187042236,-1.0460321347321
TOKYOTECH_s01,51,198,57.6,-0.38132840394973755,-0.8077211429317795
TOKYOTECH_s01,51,199,57.63333333333333,-0.6371616125106812,-0.4819767217377486
TOKYOTECH_s01,51,200,57.666666666666664,-0.9485166072845459,-0.09923202715335046
TOKYOTECH_s01,51,201,57.7,-0.9940759539604187,0.3037537286727838
TOKYOTECH_s01,51,202,57.733333333333334,-0.967102587223053,0.6906159551719883
TOKYOTECH_s01,51,203,57.766666666666666,-0.9568251371383667,1.028443449771506
TOKYOTECH_s01,51,204,57.8,-0.853145182132721,1.287919285471493
TOKYOTECH_s01,51,205,57.833333333333336,-0.8644464015960693,1.444003172510241
TOKYOTECH_s01,51,206,57.86666666666667,-0.9971473217010498,1.4794811538739685
TOKYOTECH_s01,51,207,57.9,-0.6660250425338745,1.3902399716936473
TOKYOTECH_s01,51,208,57.93333333333333,0.7677749991416931,1.1886627157500282
TOKYOTECH_s01,51,209,57.96666666666667,2.0926973819732666,0.9020429143803748
TOKYOTECH_s01,51,210,58.0,2.227839708328247,0.566010235587433
TOKYOTECH_s01,51,211,58.03333333333333,1.806149959564209,0.2159451484944872
TOKYOTECH_s01,51,212,58.06666666666667,1.3129119873046875,-0.12010676986913192
TOKYOTECH_s01,51,213,58.1,0.8243205547332764,-0.42487181956460673
TOKYOTECH_s01,51,214,58.13333333333333,0.5098941922187805,-0.691111505429296
TOKYOTECH_s01,51,215,58.166666666666664,0.18298526108264923,-0.9175413688449907
TOKYOTECH_s01,51,216,58.2,0.07040604203939438,-1.103329178998728
TOKYOTECH_s01,51,217,58.233333333333334,0.3368317186832428,-1.2436650928153519
TOKYOTECH_s01,51,218,58.266666666666666,0.2516196072101593,-1.3285587811378372
TOKYOTECH_s01,51,219,58.3,0.04110945388674736,-1.3455669570701094
TOKYOTECH_s01,51,220,58.333333333333336,-0.12435324490070343,-1.2850407677829137
TOKYOTECH_s01,51,221,58.36666666666667,-0.46047642827033997,-1.1450785390700804
TOKYOTECH_s01,51,222,58.4,-0.7579312920570374,-0.9337197029711046
TOKYOTECH_s01,51,223,58.43333333333333,-0.8931523561477661,-0.6675819466420173
TOKYOTECH_s01,51,224,58.46666666666667,-0.9674569964408875,-0.3679876217506546
TOKYOTECH_s01,51,225,58.5,-0.9451695084571838,-0.05681636995288765
TOKYOTECH_s01,51,226,58.53333333333333,-0.8957118391990662,0.24567376252205664
TOKYOTECH_s01,51,227,58.56666666666667,-0.9035085439682007,0.5203239471136879
TOKYOTECH_s01,51,228,58.6,-0.8501918911933899,0.7475143704445667
TOKYOTECH_s01,51,229,58.63333333333333,-0.6369253396987915,0.9075139170236168
TOKYOTECH_s01,51,230,58.666666666666664,0.41806674003601074,0.984420283565243
TOKYOTECH_s01,51,231,58.7,1.8039841651916504,0.9724267969579284
TOKYOTECH_s01,51,232,58.733333333333334,2.1368391513824463,0.8807376910881405
TOKYOTECH_s01,51,233,58.766666666666666,1.6591157913208008,0.7335999992051013
TOKYOTECH_s01,51,234,58.8,1.1659566164016724,0.564813883194473
TOKYOTECH_s01,51,235,58.833333333333336,0.7510003447532654,0.40909367080144127
TOKYOTECH_s01,51,236,58.86666666666667,0.4030640423297882,0.29337332343319356
TOKYOTECH_s01,51,237,58.9,0.1554606407880783,0.23030955252606353
TOKYOTECH_s01,51,238,58.93333333333333,0.19385334849357605,0.2154881679225737
TOKYOTECH_s01,51,239,58.96666666666667,0.3630962371826172,0.22924674838246029
TOKYOTECH_s01,52,0,52.0,0.12746350467205048,0.1066635879157315
TOKYOTECH_s01,52,1,52.03333333333333,-0.16054083406925201,0.13347553562039724
TOKYOTECH_s01,52,2,52.06666666666667,-0.43614137172698975,0.20786463255611784
TOKYOTECH_s01,52,3,52.1,-0.648305356502533,0.3567778898090948
TOKYOTECH_s01,52,4,52.13333333333333,-0.753284752368927,0.5724719084592064
TOKYOTECH_s01,52,5,52.166666666666664,-0.8735031485557556,0.8147937183748156
TOKYOTECH_s01,52,6,52.2,-0.869683563709259,1.0266577757420765
TOKYOTECH_s01,52,7,52.233333333333334,-0.7273746132850647,1.1546762907124328
TOKYOTECH_s01,52,8,52.266666666666666,-0.7586794495582581,1.1658838479221831
TOKYOTECH_s01,52,9,52.3,-0.856098473072052,1.0551669477336305
TOKYOTECH_s01,52,10,52.333333333333336,-0.9536356329917908,0.8430272937834477
TOKYOTECH_s01,52,11,52.36666666666667,-1.010181188583374,0.5668703640999465
TOKYOTECH_s01,52,12,52.4,-0.5409238934516907,0.26992089964371047
TOKYOTECH_s01,52,13,52.43333333333333,0.8677141666412354,-0.009097720902595965
TOKYOTECH_s01,52,14,52.46666666666667,1.9201467037200928,-0.2437015154644758
TOKYOTECH_s01,52,15,52.5,1.8143798112869263,-0.42380330727383825
TOKYOTECH_s01,52,16,52.53333333333333,1.2389618158340454,-0.5556321110375373
TOKYOTECH_s01,52,17,52.56666666666667,0.9321351647377014,-0.6572832275150754
TOKYOTECH_s01,52,18,52.6,0.6579915881156921,-0.7508919895833595
TOKYOTECH_s01,52,19,52.63333333333333,0.2872558832168579,-0.8535160727256601
TOKYOTECH_s01,52,20,52.666666666666664,0.16113094985485077,-0.9691425288638604
TOKYOTECH_s01,52,21,52.7,0.21996037662029266,-1.0839850969634843
TOKYOTECH_s01,52,22,52.733333333333334,0.2697330713272095,-1.1668059582197956
TOKYOTECH_s01,52,23,52.766666666666666,0.14041857421398163,-1.1752768702879706
TOKYOTECH_s01,52,24,52.8,-0.2650871276855469,-1.0680517642320875
TOKYOTECH_s01,52,25,52.833333333333336,-0.47441592812538147,-0.8201304727958006
TOKYOTECH_s01,52,26,52.86666666666667,-0.6661038398742676,-0.43672714654082884
TOKYOTECH_s01,52,27,52.9,-0.8680297136306763,0.04055830517322856
TOKYOTECH_s01,52,28,52.93333333333333,-0.9159123301506042,0.5403118990489395
TOKYOTECH_s01,52,29,52.96666666666667,-0.9503279328346252,0.9806102918468882
TOKYOTECH_s01,52,30,53.0,-0.954029381275177,1.293644472707414
TOKYOTECH_s01,52,31,53.03333333333333,-0.9299699664115906,1.4444222091579666
TOKYOTECH_s01,52,32,53.06666666666667,-1.0243569612503052,1.436043235572674
TOKYOTECH_s01,52,33,53.1,-1.0967321395874023,1.301685070064879
TOKYOTECH_s01,52,34,53.13333333333333,-1.2004121541976929,1.0890398468119307
TOKYOTECH_s01,52,35,53.166666666666664,-0.9144553542137146,0.8443650729143936
TOKYOTECH_s01,52,36,53.2,0.45539623498916626,0.601414988761929
TOKYOTECH_s01,52,37,53.233333333333334,1.8835259675979614,0.3772189919200985
TOKYOTECH_s01,52,38,53.266666666666666,2.100809097290039,0.17381162322165214
TOKYOTECH_s01,52,39,53.3,1.6043422222137451,-0.016551922421130398
TOKYOTECH_s01,52,40,53.333333333333336,1.1524502038955688,-0.20536690881464448
TOKYOTECH_s01,52,41,53.36666666666667,0.7699013948440552,-0.40277064343566676
TOKYOTECH_s01,52,42,53.4,0.3721136152744293,-0.6136719891747883
TOKYOTECH_s01,52,43,53.43333333333333,0.09860006719827652,-0.8347012001132538
TOKYOTECH_s01,52,44,53.46666666666667,0.043432705104351044,-1.0520412342932546
TOKYOTECH_s01,52,45,53.5,0.12332890182733536,-1.2409448996477095
TOKYOTECH_s01,52,46,53.53333333333333,0.14368687570095062,-1.3677724460525424
TOKYOTECH_s01,52,47,53.56666666666667,-0.012049672193825245,-1.3951389466417994
TOKYOTECH_s01,52,48,53.6,-0.25410088896751404,-1.2906128174559923
TOKYOTECH_s01,52,49,53.63333333333333,-0.46756431460380554,-1.0382507716140772
TOKYOTECH_s01,52,50,53.666666666666664,-0.682720959186554,-0.6495498869651476
TOKYOTECH_s01,52,51,53.7,-0.814752459526062,-0.16801614723686453
TOKYOTECH_s01,52,52,53.733333333333334,-0.903587281703949,0.33779204346144653
TOKYOTECH_s01,52,53,53.766666666666666,-1.0285309553146362,0.7926907901365787
TOKYOTECH_s01,52,54,53.8,-1.0340043306350708,1.137075155742334
TOKYOTECH_s01,52,55,53.833333333333336,-1.0890929698944092,1.341770319126146
TOKYOTECH_s01,52,56,53.86666666666667,-1.094605803489685,1.4092588969239974
TOKYOTECH_s01,52,57,53.9,-1.1309902667999268,1.363510886619887
TOKYOTECH_s01,52,58,53.93333333333333,-1.2165566682815552,1.2358035267760576
TOKYOTECH_s01,52,59,53.96666666666667,-1.0701919794082642,1.0537262941768701
TOKYOTECH_s01,52,60,54.0,-0.12061242014169693,0.8367983371410038
TOKYOTECH_s01,52,61,54.03333333333333,1.5979630947113037,0.5977642177583564
TOKYOTECH_s01,52,62,54.06666666666667,2.2735958099365234,0.34619053178856485
TOKYOTECH_s01,52,63,54.1,1.8497010469436646,0.09115374036790895
TOKYOTECH_s01,52,64,54.13333333333333,1.3202362060546875,-0.15829723506087798
TOKYOTECH_s01,52,65,54.166666666666664,0.9476891160011292,-0.3942717456458134
TOKYOTECH_s01,52,66,54.2,0.5672667026519775,-0.6113663599869043
TOKYOTECH_s01,52,67,54.233333333333334,0.23256106674671173,-0.807053680749131
TOKYOTECH_s01,52,68,54.266666666666666,0.09860006719827652,-0.9804896113716266
TOKYOTECH_s01,52,69,54.3,0.21771588921546936,-1.1294459842384759
TOKYOTECH_s01,52,70,54.333333333333336,0.18711985647678375,-1.2455979719780683
TOKYOTECH_s01,52,71,54.36666666666667,-0.01878316141664982,-1.3100828875275412
TOKYOTECH_s01,52,72,54.4,-0.3366747498512268,-1.2935675108104696
TOKYOTECH_s01,52,73,54.43333333333333,-0.576205849647522,-1.1644605399549308
TOKYOTECH_s01,52,74,54.46666666666667,-0.8077827095985413,-0.9036347296362829
TOKYOTECH_s01,52,75,54.5,-0.954029381275177,-0.518323529434788
TOKYOTECH_s01,52,76,54.53333333333333,-0.9469414949417114,-0.046948126077533826
TOKYOTECH_s01,52,77,54.56666666666667,-0.9735210537910461,0.4487952077658232
TOKYOTECH_s01,52,78,54.6,-1.0370757579803467,0.9012074011981327
TOKYOTECH_s01,52,79,54.63333333333333,-1.0579062700271606,1.254832408012709
TOKYOTECH_s01,52,80,54.666666666666664,-1.068813681602478,1.477515504553323
TOKYOTECH_s01,52,81,54.7,-1.1138612031936646,1.5610557409076387
TOKYOTECH_s01,52,82,54.733333333333334,-1.183046817779541,1.5145095552669285
TOKYOTECH_s01,52,83,54.766666666666666,-1.1753681898117065,1.356379125701856
TOKYOTECH_s01,52,84,54.8,-0.9879330992698669,1.1099529746537384
TOKYOTECH_s01,52,85,54.833333333333336,-0.12888161838054657,0.8018010348550432
TOKYOTECH_s01,52,86,54.86666666666667,1.4527008533477783,0.4608998791654918
TOKYOTECH_s01,52,87,54.9,2.1535348892211914,0.11623959395350392
TOKYOTECH_s01,52,88,54.93333333333333,1.8285555839538574,-0.20713365790176572
TOKYOTECH_s01,52,89,54.96666666666667,1.2077751159667969,-0.4919038946630531
TOKYOTECH_s01,52,90,55.0,0.7216644287109375,-0.7302755961113008
TOKYOTECH_s01,52,91,55.03333333333333,0.3058812916278839,-0.9230155072966368
TOKYOTECH_s01,52,92,55.06666666666667,0.004252460319548845,-1.0760041170248824
TOKYOTECH_s01,52,93,55.1,0.016538124531507492,-1.1950356160189894
TOKYOTECH_s01,52,94,55.13333333333333,0.16542305052280426,-1.279839621425613
TOKYOTECH_s01,52,95,55.166666666666664,0.16408424079418182,-1.3189772201973644
TOKYOTECH_s01,52,96,55.2,0.018900752067565918,-1.288403568811063
TOKYOTECH_s01,52,97,55.233333333333334,-0.19964231550693512,-1.1566647444370073
TOKYOTECH_s01,52,98,55.266666666666666,-0.5014680027961731,-0.8974994003291543
TOKYOTECH_s01,52,99,55.3,-0.6688601970672607,-0.5062137582258237
TOKYOTECH_s01,52,100,55.333333333333336,-0.8136498928070068,-0.011869570796340613
TOKYOTECH_s01,52,101,55.36666666666667,-0.8677541017532349,0.5228983482796012
TOKYOTECH_s01,52,102,55.4,-0.9470596313476562,1.0168469210662814
TOKYOTECH_s01,52,103,55.43333333333333,-0.9850192070007324,1.3939959403790039
TOKYOTECH_s01,52,104,55.46666666666667,-1.0436517000198364,1.6053352699917283
TOKYOTECH_s01,52,105,55.5,-1.0325868129730225,1.6388428211494919
TOKYOTECH_s01,52,106,55.53333333333333,-0.9944697022438049,1.5157565232723305
TOKYOTECH_s01,52,107,55.56666666666667,-0.938081681728363,1.2782789076105188
TOKYOTECH_s01,52,108,55.6,-0.9678507447242737,0.9755665053258259
TOKYOTECH_s01,52,109,55.63333333333333,-0.3273029923439026,0.6522097927073134
TOKYOTECH_s01,52,110,55.666666666666664,1.115041971206665,0.34047489323670477
TOKYOTECH_s01,52,111,55.7,1.999137282371521,0.05639557397630584
TOKYOTECH_s01,52,112,55.733333333333334,1.8067011833190918,-0.19989205502763543
TOKYOTECH_s01,52,113,55.766666666666666,1.2275817394256592,-0.43922299604062903
TOKYOTECH_s01,52,114,55.8,0.894608736038208,-0.6750837213903679
TOKYOTECH_s01,52,115,55.833333333333336,0.5704562067985535,-0.9147071245469949
TOKYOTECH_s01,52,116,55.86666666666667,0.15727199614048004,-1.1523599066682761
TOKYOTECH_s01,52,117,55.9,0.08032907545566559,-1.3664560222667732
TOKYOTECH_s01,52,118,55.93333333333333,0.13419699668884277,-1.5211563224007771
TOKYOTECH_s01,52,119,55.96666666666667,0.16955766081809998,-1.5726197581708408
TOKYOTECH_s01,52,120,56.0,0.01878262124955654,-1.4795995642905297
TOKYOTECH_s01,52,121,56.03333333333333,-0.20397379994392395,-1.2169811413673586
TOKYOTECH_s01,52,122,56.06666666666667,-0.521786630153656,-0.7889473203178552
TOKYOTECH_s01,52,123,56.1,-0.6466515064239502,-0.2364677885195354
TOKYOTECH_s01,52,124,56.13333333333333,-0.8006554841995239,0.3664697356580573
TOKYOTECH_s01,52,125,56.166666666666664,-0.940050482749939,0.9296414334464899
TOKYOTECH_s01,52,126,56.2,-0.9817902445793152,1.370767775897582
TOKYOTECH_s01,52,127,56.233333333333334,-1.0555436611175537,1.6365425339584838
TOKYOTECH_s01,52,128,56.266666666666666,-1.0400290489196777,1.712224206657994
TOKYOTECH_s01,52,129,56.3,-0.9677326083183289,1.618258938707169
TOKYOTECH_s01,52,130,56.333333333333336,-0.9311906695365906,1.3981260302027074
TOKYOTECH_s01,52,131,56.36666666666667,-0.869171679019928,1.1035875757239715
TOKYOTECH_s01,52,132,56.4,-0.14636506140232086,0.7820659898817081
TOKYOTECH_s01,52,133,56.43333333333333,1.3411848545074463,0.468209626344974
TOKYOTECH_s01,52,134,56.46666666666667,2.1253409385681152,0.17999148449412603
TOKYOTECH_s01,52,135,56.5,1.8285555839538574,-0.08086759616555855
TOKYOTECH_s01,52,136,56.53333333333333,1.3311042785644531,-0.3245617194970075
TOKYOTECH_s01,52,137,56.56666666666667,0.8889384269714355,-0.5656980678020309
TOKYOTECH_s01,52,138,56.6,0.5095004439353943,-0.8140278962071867
TOKYOTECH_s01,52,139,56.63333333333333,0.18038636445999146,-1.0657805827420854
TOKYOTECH_s01,52,140,56.666666666666664,-0.0018903720192611217,-1.298774754821054
TOKYOTECH_s01,52,141,56.7,0.11435091495513916,-1.4740055589939758
TOKYOTECH_s01,52,142,56.733333333333334,0.13892224431037903,-1.5442244786169106
TOKYOTECH_s01,52,143,56.766666666666666,-0.028863705694675446,-1.4674736122391714
TOKYOTECH_s01,52,144,56.8,-0.19030994176864624,-1.2219701652660941
TOKYOTECH_s01,52,145,56.833333333333336,-0.4655560851097107,-0.8178299169437685
TOKYOTECH_s01,52,146,56.86666666666667,-0.6267660856246948,-0.30067717218053286
TOKYOTECH_s01,52,147,56.9,-0.7408022284507751,0.25617812053006606
TOKYOTECH_s01,52,148,56.93333333333333,-0.9164636135101318,0.7697620175465589
TOKYOTECH_s01,52,149,56.96666666666667,-0.9773406386375427,1.169264589404395
TOKYOTECH_s01,52,150,57.0,-1.0325868129730225,1.412937011943786
TOKYOTECH_s01,52,151,57.03333333333333,-1.0231362581253052,1.4937227878522077
TOKYOTECH_s01,52,152,57.06666666666667,-0.9522180557250977,1.4333647712904634
TOKYOTECH_s01,52,153,57.1,-0.8760626912117004,1.269941123451083
TOKYOTECH_s01,52,154,57.13333333333333,-0.7503708600997925,1.0445980065883358
TOKYOTECH_s01,52,155,57.166666666666664,0.3097796142101288,0.7911673572911239
TOKYOTECH_s01,52,156,57.2,1.806228756904602,0.5304135896232224
TOKYOTECH_s01,52,157,57.233333333333334,2.2200429439544678,0.26940775864699046
TOKYOTECH_s01,52,158,57.266666666666666,1.7950456142425537,0.005370393544292703
TOKYOTECH_s01,52,159,57.3,1.3212993144989014,-0.2676808736568501
TOKYOTECH_s01,52,160,57.333333333333336,0.9138247966766357,-0.5516293703636368
TOKYOTECH_s01,52,161,57.36666666666667,0.5087522864341736,-0.8383050513364299
TOKYOTECH_s01,52,162,57.4,0.24228721857070923,-1.1063254421237387
TOKYOTECH_s01,52,163,57.43333333333333,0.18771050870418549,-1.3217844871153581
TOKYOTECH_s01,52,164,57.46666666666667,0.20291008055210114,-1.4436873636684462
TOKYOTECH_s01,52,165,57.5,0.2201966494321823,-1.4341414051972479
TOKYOTECH_s01,52,166,57.53333333333333,0.0418969988822937,-1.2711254280368374
TOKYOTECH_s01,52,167,57.56666666666667,-0.22082722187042236,-0.95933807497316
TOKYOTECH_s01,52,168,57.6,-0.38132840394973755,-0.5339787759290429
TOKYOTECH_s01,52,169,57.63333333333333,-0.6371616125106812,-0.054364660698367234
TOKYOTECH_s01,52,170,57.666666666666664,-0.9485166072845459,0.4113673610205945
TOKYOTECH_s01,52,171,57.7,-0.9940759539604187,0.8045898052805414
TOKYOTECH_s01,52,172,57.733333333333334,-0.967102587223053,1.0894788343448671
TOKYOTECH_s01,52,173,57.766666666666666,-0.9568251371383667,1.2557083231897352
TOKYOTECH_s01,52,174,57.8,-0.853145182132721,1.311441627339096
TOKYOTECH_s01,52,175,57.833333333333336,-0.8644464015960693,1.272865992364734
TOKYOTECH_s01,52,176,57.86666666666667,-0.9971473217010498,1.156494947578944
TOKYOTECH_s01,52,177,57.9,-0.6660250425338745,0.9765163899110367
TOKYOTECH_s01,52,178,57.93333333333333,0.7677749991416931,0.7455855150778693
TOKYOTECH_s01,52,179,57.96666666666667,2.0926973819732666,0.4761540446274631
TOKYOTECH_s01,52,180,58.0,2.227839708328247,0.18083413999142178
TOKYOTECH_s01,52,181,58.03333333333333,1.806149959564209,-0.12768057972218919
TOKYOTECH_s01,52,182,58.06666666666667,1.3129119873046875,-0.4360605437632195
TOKYOTECH_s01,52,183,58.1,0.8243205547332764,-0.7288923773747416
TOKYOTECH_s01,52,184,58.13333333333333,0.5098941922187805,-0.9870715309512663
TOKYOTECH_s01,52,185,58.166666666666664,0.18298526108264923,-1.1871803684274498
TOKYOTECH_s01,52,186,58.2,0.07040604203939438,-1.3027571598226952
TOKYOTECH_s01,52,187,58.233333333333334,0.3368317186832428,-1.3080499118789077
TOKYOTECH_s01,52,188,58.266666666666666,0.2516196072101593,-1.18464374706437
TOKYOTECH_s01,52,189,58.3,0.04110945388674736,-0.9302054785247359
TOKYOTECH_s01,52,190,58.333333333333336,-0.12435324490070343,-0.5661284475932845
TOKYOTECH_s01,52,191,58.36666666666667,-0.46047642827033997,-0.13901611457586538
TOKYOTECH_s01,52,192,58.4,-0.7579312920570374,0.2878619515825134
TOKYOTECH_s01,52,193,58.43333333333333,-0.8931523561477661,0.6520121837258271
TOKYOTECH_s01,52,194,58.46666666666667,-0.9674569964408875,0.9104876816182055
TOKYOTECH_s01,52,195,58.5,-0.9451695084571838,1.0502177015666585
TOKYOTECH_s01,52,196,58.53333333333333,-0.8957118391990662,1.0852309521165122
TOKYOTECH_s01,52,197,58.56666666666667,-0.9035085439682007,1.043931818215157
TOKYOTECH_s01,52,198,58.6,-0.8501918911933899,0.9539079221692954
TOKYOTECH_s01,52,199,58.63333333333333,-0.6369253396987915,0.8312765447535385
TOKYOTECH_s01,52,200,58.666666666666664,0.41806674003601074,0.6781679050755759
TOKYOTECH_s01,52,201,58.7,1.8039841651916504,0.4876466442009023
TOKYOTECH_s01,52,202,58.733333333333334,2.1368391513824463,0.2521375587275778
TOKYOTECH_s01,52,203,58.766666666666666,1.6591157913208008,-0.029046116174073877
TOKYOTECH_s01,52,204,58.8,1.1659566164016724,-0.34521854171123034
TOKYOTECH_s01,52,205,58.833333333333336,0.7510003447532654,-0.6727292367223553
TOKYOTECH_s01,52,206,58.86666666666667,0.4030640423297882,-0.9759893834802278
TOKYOTECH_s01,52,207,58.9,0.1554606407880783,-1.2118247544044403
TOKYOTECH_s01,52,208,58.93333333333333,0.19385334849357605,-1.3377915400220046
TOKYOTECH_s01,52,209,58.96666666666667,0.3630962371826172,-1.3233914891184388
TOKYOTECH_s01,52,210,59.0,0.3814460039138794,-1.1607696817945417
TOKYOTECH_s01,52,211,59.03333333333333,0.13699276745319366,-0.8703077058034656
TOKYOTECH_s01,52,212,59.06666666666667,-0.11864356696605682,-0.49781555989159193
TOKYOTECH_s01,52,213,59.1,-0.4102706015110016,-0.1032366062814733
TOKYOTECH_s01,52,214,59.13333333333333,-0.7474963665008545,0.2556664892121108
TOKYOTECH_s01,52,215,59.166666666666664,-0.8299914002418518,0.5387768817674162
TOKYOTECH_s01,52,216,59.2,-0.8190051913261414,0.7322636436776161
TOKYOTECH_s01,52,217,59.233333333333334,-0.7775804400444031,0.8471615468383323
TOKYOTECH_s01,52,218,59.266666666666666,-0.6982749104499817,0.9093044097078996
TOKYOTECH_s01,52,219,59.3,-0.7267445921897888,0.9456997305627977
TOKYOTECH_s01,52,220,59.333333333333336,-0.8295976519584656,0.9728973728231952
TOKYOTECH_s01,52,221,59.36666666666667,-0.38262784481048584,0.9909333351606715
TOKYOTECH_s01,52,222,59.4,0.9319382905960083,0.9839751684482233
TOKYOTECH_s01,52,223,59.43333333333333,1.9284553527832031,0.9268221538845758
TOKYOTECH_s01,52,224,59.46666666666667,1.8886057138442993,0.7950510257104494
TOKYOTECH_s01,52,225,59.5,1.4257274866104126,0.5756985111247995
TOKYOTECH_s01,52,226,59.53333333333333,1.0867691040039062,0.2750170138130334
TOKYOTECH_s01,52,227,59.56666666666667,0.7208768725395203,-0.07933097846055491
TOKYOTECH_s01,52,228,59.6,0.3608911335468292,-0.4421853073464318
TOKYOTECH_s01,52,229,59.63333333333333,0.22846584022045135,-0.7595554938091754
TOKYOTECH_s01,52,230,59.666666666666664,0.30131351947784424,-0.980153438326572
TOKYOTECH_s01,52,231,59.7,0.31375670433044434,-1.0679329118228513
TOKYOTECH_s01,52,232,59.733333333333334,0.21732211112976074,-1.0131899685606638
TOKYOTECH_s01,52,233,59.766666666666666,0.04303893446922302,-0.8386936527951028
TOKYOTECH_s01,52,234,59.8,-0.29591941833496094,-0.5969807797236506
TOKYOTECH_s01,52,235,59.833333333333336,-0.48760727047920227,-0.3569932111237385
TOKYOTECH_s01,52,236,59.86666666666667,-0.6514555215835571,-0.18285227498352014
TOKYOTECH_s01,52,237,59.9,-0.7670273780822754,-0.11218077071820524
TOKYOTECH_s01,52,238,59.93333333333333,-0.7606089115142822,-0.14284582721268557
TOKYOTECH_s01,52,239,59.96666666666667,-0.6320031881332397,-0.23407890989244448
TOKYOTECH_s01,53,0,53.0,-0.954029381275177,0.09718129429408066
TOKYOTECH_s01,53,1,53.03333333333333,-0.9299699664115906,-0.06909470839726582
TOKYOTECH_s01,53,2,53.06666666666667,-1.0243569612503052,-0.1833033331923688
TOKYOTECH_s01,53,3,53.1,-1.0967321395874023,-0.20353614911469184
TOKYOTECH_s01,53,4,53.13333333333333,-1.2004121541976929,-0.11235764178271979
TOKYOTECH_s01,53,5,53.166666666666664,-0.9144553542137146,0.07834197751519444
TOKYOTECH_s01,53,6,53.2,0.45539623498916626,0.3302062732761386
TOKYOTECH_s01,53,7,53.233333333333334,1.8835259675979614,0.5884286846323028
TOKYOTECH_s01,53,8,53.266666666666666,2.100809097290039,0.7958091668857858
TOKYOTECH_s01,53,9,53.3,1.6043422222137451,0.9063829590125768
TOKYOTECH_s01,53,10,53.333333333333336,1.1524502038955688,0.894815082661449
TOKYOTECH_s01,53,11,53.36666666666667,0.7699013948440552,0.75977739456743
TOKYOTECH_s01,53,12,53.4,0.3721136152744293,0.5216486758365412
TOKYOTECH_s01,53,13,53.43333333333333,0.09860006719827652,0.2162476698575311
TOKYOTECH_s01,53,14,53.46666666666667,0.043432705104351044,-0.1132900433093095
TOKYOTECH_s01,53,15,53.5,0.12332890182733536,-0.42454915960061257
TOKYOTECH_s01,53,16,53.53333333333333,0.14368687570095062,-0.6821888819126856
TOKYOTECH_s01,53,17,53.56666666666667,-0.012049672193825245,-0.8616984165605841
TOKYOTECH_s01,53,18,53.6,-0.25410088896751404,-0.9506983148828756
TOKYOTECH_s01,53,19,53.63333333333333,-0.46756431460380554,-0.9486500323695426
TOKYOTECH_s01,53,20,53.666666666666664,-0.682720959186554,-0.8655870034145897
TOKYOTECH_s01,53,21,53.7,-0.814752459526062,-0.7195843197034578
TOKYOTECH_s01,53,22,53.733333333333334,-0.903587281703949,-0.5321911116610467
TOKYOTECH_s01,53,23,53.766666666666666,-1.0285309553146362,-0.32220939231526396
TOKYOTECH_s01,53,24,53.8,-1.0340043306350708,-0.10070141033213084
TOKYOTECH_s01,53,25,53.833333333333336,-1.0890929698944092,0.12903963048536515
TOKYOTECH_s01,53,26,53.86666666666667,-1.094605803489685,0.3656381348531174
TOKYOTECH_s01,53,27,53.9,-1.1309902667999268,0.6012358090977183
TOKYOTECH_s01,53,28,53.93333333333333,-1.2165566682815552,0.8159975620239744
TOKYOTECH_s01,53,29,53.96666666666667,-1.0701919794082642,0.9795912488521374
TOKYOTECH_s01,53,30,54.0,-0.12061242014169693,1.0597367578856518
TOKYOTECH_s01,53,31,54.03333333333333,1.5979630947113037,1.0338990646569457
TOKYOTECH_s01,53,32,54.06666666666667,2.2735958099365234,0.8985375770015483
TOKYOTECH_s01,53,33,54.1,1.8497010469436646,0.6716335158129603
TOKYOTECH_s01,53,34,54.13333333333333,1.3202362060546875,0.38751168295645944
TOKYOTECH_s01,53,35,54.166666666666664,0.9476891160011292,0.0863764681378909
TOKYOTECH_s01,53,36,54.2,0.5672667026519775,-0.19713926696085946
TOKYOTECH_s01,53,37,54.233333333333334,0.23256106674671173,-0.4421626078011128
TOKYOTECH_s01,53,38,54.266666666666666,0.09860006719827652,-0.643749867512543
TOKYOTECH_s01,53,39,54.3,0.21771588921546936,-0.8084444770047428
TOKYOTECH_s01,53,40,54.333333333333336,0.18711985647678375,-0.9448833459542639
TOKYOTECH_s01,53,41,54.36666666666667,-0.01878316141664982,-1.0533572564874538
TOKYOTECH_s01,53,42,54.4,-0.3366747498512268,-1.1197666974232778
TOKYOTECH_s01,53,43,54.43333333333333,-0.576205849647522,-1.1181616534201992
TOKYOTECH_s01,53,44,54.46666666666667,-0.8077827095985413,-1.0213846351135698
TOKYOTECH_s01,53,45,54.5,-0.954029381275177,-0.8144442488164021
TOKYOTECH_s01,53,46,54.53333333333333,-0.9469414949417114,-0.5037971994760978
TOKYOTECH_s01,53,47,54.56666666666667,-0.9735210537910461,-0.11826764900568047
TOKYOTECH_s01,53,48,54.6,-1.0370757579803467,0.298019033263574
TOKYOTECH_s01,53,49,54.63333333333333,-1.0579062700271606,0.6964236896661604
TOKYOTECH_s01,53,50,54.666666666666664,-1.068813681602478,1.0331271805702769
TOKYOTECH_s01,53,51,54.7,-1.1138612031936646,1.2741417278486977
TOKYOTECH_s01,53,52,54.733333333333334,-1.183046817779541,1.3968576087337505
TOKYOTECH_s01,53,53,54.766666666666666,-1.1753681898117065,1.3909649448402535
TOKYOTECH_s01,53,54,54.8,-0.9879330992698669,1.2601700711624555
TOKYOTECH_s01,53,55,54.833333333333336,-0.12888161838054657,1.0234142876145267
TOKYOTECH_s01,53,56,54.86666666666667,1.4527008533477783,0.7132530491089365
TOKYOTECH_s01,53,57,54.9,2.1535348892211914,0.37022792221143636
TOKYOTECH_s01,53,58,54.93333333333333,1.8285555839538574,0.034296701728616756
TOKYOTECH_s01,53,59,54.96666666666667,1.2077751159667969,-0.2638731459839737
TOKYOTECH_s01,53,60,55.0,0.7216644287109375,-0.5087105962259262
TOKYOTECH_s01,53,61,55.03333333333333,0.3058812916278839,-0.7006657860227646
TOKYOTECH_s01,53,62,55.06666666666667,0.004252460319548845,-0.8518501163925019
TOKYOTECH_s01,53,63,55.1,0.016538124531507492,-0.9776037410468096
TOKYOTECH_s01,53,64,55.13333333333333,0.16542305052280426,-1.086566031726283
TOKYOTECH_s01,53,65,55.166666666666664,0.16408424079418182,-1.1726458542000424
TOKYOTECH_s01,53,66,55.2,0.018900752067565918,-1.212287675915488
TOKYOTECH_s01,53,67,55.233333333333334,-0.19964231550693512,-1.1694133965468878
TOKYOTECH_s01,53,68,55.266666666666666,-0.5014680027961731,-1.008192175339095
TOKYOTECH_s01,53,69,55.3,-0.6688601970672607,-0.7101850837598302
TOKYOTECH_s01,53,70,55.333333333333336,-0.8136498928070068,-0.2886245641263422
TOKYOTECH_s01,53,71,55.36666666666667,-0.8677541017532349,0.2080685971585775
TOKYOTECH_s01,53,72,55.4,-0.9470596313476562,0.7069115700530252
TOKYOTECH_s01,53,73,55.43333333333333,-0.9850192070007324,1.131109187218415
TOKYOTECH_s01,53,74,55.46666666666667,-1.0436517000198364,1.4213098609280708
TOKYOTECH_s01,53,75,55.5,-1.0325868129730225,1.5481468049358815
TOKYOTECH_s01,53,76,55.53333333333333,-0.9944697022438049,1.5133239610720408
TOKYOTECH_s01,53,77,55.56666666666667,-0.938081681728363,1.3429679433381614
TOKYOTECH_s01,53,78,55.6,-0.9678507447242737,1.0780492031955682
TOKYOTECH_s01,53,79,55.63333333333333,-0.3273029923439026,0.7642844411729819
TOKYOTECH_s01,53,80,55.666666666666664,1.115041971206665,0.4424116975602231
TOKYOTECH_s01,53,81,55.7,1.999137282371521,0.14011594210759185
TOKYOTECH_s01,53,82,55.733333333333334,1.8067011833190918,-0.13218842072717302
TOKYOTECH_s01,53,83,55.766666666666666,1.2275817394256592,-0.3798179134945214
TOKYOTECH_s01,53,84,55.8,0.894608736038208,-0.6167555407647585
TOKYOTECH_s01,53,85,55.833333333333336,0.5704562067985535,-0.8555507865540781
TOKYOTECH_s01,53,86,55.86666666666667,0.15727199614048004,-1.0973551048624821
TOKYOTECH_s01,53,87,55.9,0.08032907545566559,-1.324956708697773
TOKYOTECH_s01,53,88,55.93333333333333,0.13419699668884277,-1.5014109138534018
TOKYOTECH_s01,53,89,55.96666666666667,0.16955766081809998,-1.5761461961711074
TOKYOTECH_s01,53,90,56.0,0.01878262124955654,-1.4984835380323107
TOKYOTECH_s01,53,91,56.03333333333333,-0.20397379994392395,-1.2357092721801666
TOKYOTECH_s01,53,92,56.06666666666667,-0.521786630153656,-0.7901896584816077
TOKYOTECH_s01,53,93,56.1,-0.6466515064239502,-0.20836908586368152
TOKYOTECH_s01,53,94,56.13333333333333,-0.8006554841995239,0.4247670921740564
TOKYOTECH_s01,53,95,56.166666666666664,-0.940050482749939,1.0069073800294472
TOKYOTECH_s01,53,96,56.2,-0.9817902445793152,1.447640738914957
TOKYOTECH_s01,53,97,56.233333333333334,-1.0555436611175537,1.6926067151927267
TOKYOTECH_s01,53,98,56.266666666666666,-1.0400290489196777,1.7327771333507291
TOKYOTECH_s01,53,99,56.3,-0.9677326083183289,1.5977980550023323
TOKYOTECH_s01,53,100,56.333333333333336,-0.9311906695365906,1.3396876821232864
TOKYOTECH_s01,53,101,56.36666666666667,-0.869171679019928,1.0153206829027555
TOKYOTECH_s01,53,102,56.4,-0.14636506140232086,0.6732101439033019
TOKYOTECH_s01,53,103,56.43333333333333,1.3411848545074463,0.3459332656701959
TOKYOTECH_s01,53,104,56.46666666666667,2.1253409385681152,0.047660345094973265
TOKYOTECH_s01,53,105,56.5,1.8285555839538574,-0.2237285192692119
TOKYOTECH_s01,53,106,56.53333333333333,1.3311042785644531,-0.4804675467432772
TOKYOTECH_s01,53,107,56.56666666666667,0.8889384269714355,-0.7358303736789521
TOKYOTECH_s01,53,108,56.6,0.5095004439353943,-0.9942302454524747
TOKYOTECH_s01,53,109,56.63333333333333,0.18038636445999146,-1.2433887655474547
TOKYOTECH_s01,53,110,56.666666666666664,-0.0018903720192611217,-1.4516903905424712
TOKYOTECH_s01,53,111,56.7,0.11435091495513916,-1.5728460455806992
TOKYOTECH_s01,53,112,56.733333333333334,0.13892224431037903,-1.5576797667712226
TOKYOTECH_s01,53,113,56.766666666666666,-0.028863705694675446,-1.3701603596099323
TOKYOTECH_s01,53,114,56.8,-0.19030994176864624,-1.0028458482849587
TOKYOTECH_s01,53,115,56.833333333333336,-0.4655560851097107,-0.48609275441145644
TOKYOTECH_s01,53,116,56.86666666666667,-0.6267660856246948,0.11382045964065438
TOKYOTECH_s01,53,117,56.9,-0.7408022284507751,0.708935647026682
TOKYOTECH_s01,53,118,56.93333333333333,-0.9164636135101318,1.211688180974704
TOKYOTECH_s01,53,119,56.96666666666667,-0.9773406386375427,1.5562262837914247
TOKYOTECH_s01,53,120,57.0,-1.0325868129730225,1.711399530241293
TOKYOTECH_s01,53,121,57.03333333333333,-1.0231362581253052,1.682464282338565
TOKYOTECH_s01,53,122,57.06666666666667,-0.9522180557250977,1.5032640328074633
TOKYOTECH_s01,53,123,57.1,-0.8760626912117004,1.2231587720281598
TOKYOTECH_s01,53,124,57.13333333333333,-0.7503708600997925,0.8929672175614326
TOKYOTECH_s01,53,125,57.166666666666664,0.3097796142101288,0.5531599506634142
TOKYOTECH_s01,53,126,57.2,1.806228756904602,0.22686389619887734
TOKYOTECH_s01,53,127,57.233333333333334,2.2200429439544678,-0.08066080334695169
TOKYOTECH_s01,53,128,57.266666666666666,1.7950456142425537,-0.3763296386614333
TOKYOTECH_s01,53,129,57.3,1.3212993144989014,-0.6696880155560501
TOKYOTECH_s01,53,130,57.333333333333336,0.9138247966766357,-0.9629110138051157
TOKYOTECH_s01,53,131,57.36666666666667,0.5087522864341736,-1.243504084636725
TOKYOTECH_s01,53,132,57.4,0.24228721857070923,-1.4818469120103703
TOKYOTECH_s01,53,133,57.43333333333333,0.18771050870418549,-1.6346736537478095
TOKYOTECH_s01,53,134,57.46666666666667,0.20291008055210114,-1.654705535251568
TOKYOTECH_s01,53,135,57.5,0.2201966494321823,-1.5051793232107615
TOKYOTECH_s01,53,136,57.53333333333333,0.0418969988822937,-1.1755207815633975
TOKYOTECH_s01,53,137,57.56666666666667,-0.22082722187042236,-0.6920047418386751
TOKYOTECH_s01,53,138,57.6,-0.38132840394973755,-0.11703922185914367
TOKYOTECH_s01,53,139,57.63333333333333,-0.6371616125106812,0.4652570044962873
TOKYOTECH_s01,53,140,57.666666666666664,-0.9485166072845459,0.972109899845854
TOKYOTECH_s01,53,141,57.7,-0.9940759539604187,1.3434337731388364
TOKYOTECH_s01,53,142,57.733333333333334,-0.967102587223053,1.552576906101328
TOKYOTECH_s01,53,143,57.766666666666666,-0.9568251371383667,1.6041509184059874
TOKYOTECH_s01,53,144,57.8,-0.853145182132721,1.5233466548908734
TOKYOTECH_s01,53,145,57.833333333333336,-0.8644464015960693,1.3438060228642628
TOKYOTECH_s01,53,146,57.86666666666667,-0.9971473217010498,1.098723580284983
TOKYOTECH_s01,53,147,57.9,-0.6660250425338745,0.815777649235733
TOKYOTECH_s01,53,148,57.93333333333333,0.7677749991416931,0.5145763560464166
TOKYOTECH_s01,53,149,57.96666666666667,2.0926973819732666,0.20585882214478032
TOKYOTECH_s01,53,150,58.0,2.227839708328247,-0.10710180905755295
TOKYOTECH_s01,53,151,58.03333333333333,1.806149959564209,-0.42426280006184475
TOKYOTECH_s01,53,152,58.06666666666667,1.3129119873046875,-0.7424298169936082
TOKYOTECH_s01,53,153,58.1,0.8243205547332764,-1.0489888906366978
TOKYOTECH_s01,53,154,58.13333333333333,0.5098941922187805,-1.3184008246155499
TOKYOTECH_s01,53,155,58.166666666666664,0.18298526108264923,-1.513269666958011
TOKYOTECH_s01,53,156,58.2,0.07040604203939438,-1.5904636525276268
TOKYOTECH_s01,53,157,58.233333333333334,0.3368317186832428,-1.5115280465290466
TOKYOTECH_s01,53,158,58.266666666666666,0.2516196072101593,-1.2555773313362244
TOKYOTECH_s01,53,159,58.3,0.04110945388674736,-0.8314796954409511
TOKYOTECH_s01,53,160,58.333333333333336,-0.12435324490070343,-0.28454812683200226
TOKYOTECH_s01,53,161,58.36666666666667,-0.46047642827033997,0.30725370870314783
TOKYOTECH_s01,53,162,58.4,-0.7579312920570374,0.8497430172184389
TOKYOTECH_s01,53,163,58.43333333333333,-0.8931523561477661,1.2578317309821734
TOKYOTECH_s01,53,164,58.46666666666667,-0.9674569964408875,1.479720821826853
TOKYOTECH_s01,53,165,58.5,-0.9451695084571838,1.5088506645470765
TOKYOTECH_s01,53,166,58.53333333333333,-0.8957118391990662,1.3789690551328977
TOKYOTECH_s01,53,167,58.56666666666667,-0.9035085439682007,1.1465664023955977
TOKYOTECH_s01,53,168,58.6,-0.8501918911933899,0.8696176854882689
TOKYOTECH_s01,53,169,58.63333333333333,-0.6369253396987915,0.5908364458041165
TOKYOTECH_s01,53,170,58.666666666666664,0.41806674003601074,0.32982564736170017
TOKYOTECH_s01,53,171,58.7,1.8039841651916504,0.08440968456844981
TOKYOTECH_s01,53,172,58.733333333333334,2.1368391513824463,-0.1611052684747249
TOKYOTECH_s01,53,173,58.766666666666666,1.6591157913208008,-0.4239560734650017
TOKYOTECH_s01,53,174,58.8,1.1659566164016724,-0.7106853817412613
TOKYOTECH_s01,53,175,58.833333333333336,0.7510003447532654,-1.0080849346098293
TOKYOTECH_s01,53,176,58.86666666666667,0.4030640423297882,-1.280416495503689
TOKYOTECH_s01,53,177,58.9,0.1554606407880783,-1.474846401923286
TOKYOTECH_s01,53,178,58.93333333333333,0.19385334849357605,-1.5347650315104533
TOKYOTECH_s01,53,179,58.96666666666667,0.3630962371826172,-1.4177820216253574
TOKYOTECH_s01,53,180,59.0,0.3814460039138794,-1.112730895845914
TOKYOTECH_s01,53,181,59.03333333333333,0.13699276745319366,-0.6491167637662753
TOKYOTECH_s01,53,182,59.06666666666667,-0.11864356696605682,-0.09404344465838367
TOKYOTECH_s01,53,183,59.1,-0.4102706015110016,0.4638536525964706
TOKYOTECH_s01,53,184,59.13333333333333,-0.7474963665008545,0.9379562079138419
TOKYOTECH_s01,53,185,59.166666666666664,-0.8299914002418518,1.265458479051184
TOKYOTECH_s01,53,186,59.2,-0.8190051913261414,1.4195131435933468
TOKYOTECH_s01,53,187,59.233333333333334,-0.7775804400444031,1.4089772051400933
TOKYOTECH_s01,53,188,59.266666666666666,-0.6982749104499817,1.2685146184998748
TOKYOTECH_s01,53,189,59.3,-0.7267445921897888,1.0446240040898847
TOKYOTECH_s01,53,190,59.333333333333336,-0.8295976519584656,0.7823929606366361
TOKYOTECH_s01,53,191,59.36666666666667,-0.38262784481048584,0.51564313521989
TOKYOTECH_s01,53,192,59.4,0.9319382905960083,0.2619348090065599
TOKYOTECH_s01,53,193,59.43333333333333,1.9284553527832031,0.023185625799033792
TOKYOTECH_s01,53,194,59.46666666666667,1.8886057138442993,-0.2087012166349203
TOKYOTECH_s01,53,195,59.5,1.4257274866104126,-0.44318107435234333
TOKYOTECH_s01,53,196,59.53333333333333,1.0867691040039062,-0.6818597567754477
TOKYOTECH_s01,53,197,59.56666666666667,0.7208768725395203,-0.9112700071307496
TOKYOTECH_s01,53,198,59.6,0.3608911335468292,-1.100320918357611
TOKYOTECH_s01,53,199,59.63333333333333,0.22846584022045135,-1.2046835616447147
TOKYOTECH_s01,53,200,59.666666666666664,0.30131351947784424,-1.1785633308036827
TOKYOTECH_s01,53,201,59.7,0.31375670433044434,-0.9913479457035383
TOKYOTECH_s01,53,202,59.733333333333334,0.21732211112976074,-0.6436262815617922
TOKYOTECH_s01,53,203,59.766666666666666,0.04303893446922302,-0.17552279299466345
TOKYOTECH_s01,53,204,59.8,-0.29591941833496094,0.3383409459353215
TOKYOTECH_s01,53,205,59.833333333333336,-0.48760727047920227,0.8077261414917413
TOKYOTECH_s01,53,206,59.86666666666667,-0.6514555215835571,1.1525642815041992
TOKYOTECH_s01,53,207,59.9,-0.7670273780822754,1.3245208757481655
TOKYOTECH_s01,53,208,59.93333333333333,-0.7606089115142822,1.3159685296118622
TOKYOTECH_s01,53,209,59.96666666666667,-0.6320031881332397,1.1550084853927138
TOKYOTECH_s01,53,210,60.0,-0.6232615113258362,0.8912295326045248
TOKYOTECH_s01,53,211,60.03333333333333,-0.6900057196617126,0.5791466492574637
TOKYOTECH_s01,53,212,60.06666666666667,-0.23708997666835785,0.2647458708254625
TOKYOTECH_s01,53,213,60.1,1.1315803527832031,-0.022428025863323722
TOKYOTECH_s01,53,214,60.13333333333333,2.005870819091797,-0.27132597029322447
TOKYOTECH_s01,53,215,60.166666666666664,1.7385787963867188,-0.48620690552112117
TOKYOTECH_s01,53,216,60.2,1.3322855234146118,-0.6793669902584899
TOKYOTECH_s01,53,217,60.233333333333334,1.0512903928756714,-0.8616574598699746
TOKYOTECH_s01,53,218,60.266666666666666,0.7173328995704651,-1.0335388134748973
TOKYOTECH_s01,53,219,60.3,0.3413994610309601,-1.1798582043572268
TOKYOTECH_s01,53,220,60.333333333333336,0.24697309732437134,-1.270882362011117
TOKYOTECH_s01,53,221,60.36666666666667,0.32001766562461853,-1.2702812254430336
TOKYOTECH_s01,53,222,60.4,0.19149070978164673,-1.148199945379905
TOKYOTECH_s01,53,223,60.43333333333333,0.04335395246744156,-0.8951167690687972
TOKYOTECH_s01,53,224,60.46666666666667,-0.10080572217702866,-0.5309315425452356
TOKYOTECH_s01,53,225,60.5,-0.27300190925598145,-0.10467805398244821
TOKYOTECH_s01,53,226,60.53333333333333,-0.49871161580085754,0.3163688736631336
TOKYOTECH_s01,53,227,60.56666666666667,-0.7884485721588135,0.664738654387018
TOKYOTECH_s01,53,228,60.6,-0.8511369228363037,0.8908159425843929
TOKYOTECH_s01,53,229,60.63333333333333,-0.715915858745575,0.9738403830980804
TOKYOTECH_s01,53,230,60.666666666666664,-0.7114662528038025,0.9231618055776668
TOKYOTECH_s01,53,231,60.7,-0.8629500865936279,0.771871031141778
TOKYOTECH_s01,53,232,60.733333333333334,-0.8420408368110657,0.5665359001632925
TOKYOTECH_s01,53,233,60.766666666666666,-0.317104309797287,0.3560282885269319
TOKYOTECH_s01,53,234,60.8,1.0243170261383057,0.18167912183229165
TOKYOTECH_s01,53,235,60.833333333333336,2.036663770675659,0.07054951986198
TOKYOTECH_s01,53,236,60.86666666666667,1.9405834674835205,0.03279894346876933
TOKYOTECH_s01,53,237,60.9,1.4293895959854126,0.06291705749613903
TOKYOTECH_s01,53,238,60.93333333333333,0.9749774932861328,0.14345484613716727
TOKYOTECH_s01,53,239,60.96666666666667,0.6716554760932922,0.24956236991816266
TOKYOTECH_s01,54,0,54.0,-0.12061242014169693,-0.042261982802938546
TOKYOTECH_s01,54,1,54.03333333333333,1.5979630947113037,-0.10347531828707072
TOKYOTECH_s01,54,2,54.06666666666667,2.2735958099365234,-0.1663973285430326
TOKYOTECH_s01,54,3,54.1,1.8497010469436646,-0.23090197970517515
TOKYOTECH_s01,54,4,54.13333333333333,1.3202362060546875,-0.2958873106026145
TOKYOTECH_s01,54,5,54.166666666666664,0.9476891160011292,-0.3598112594850233
TOKYOTECH_s01,54,6,54.2,0.5672667026519775,-0.421855193268652
TOKYOTECH_s01,54,7,54.233333333333334,0.23256106674671173,-0.48347979263240604
TOKYOTECH_s01,54,8,54.266666666666666,0.09860006719827652,-0.5493210227047335
TOKYOTECH_s01,54,9,54.3,0.21771588921546936,-0.6257794247598869
TOKYOTECH_s01,54,10,54.333333333333336,0.18711985647678375,-0.7164617336548615
TOKYOTECH_s01,54,11,54.36666666666667,-0.01878316141664982,-0.8159126517657639
TOKYOTECH_s01,54,12,54.4,-0.3366747498512268,-0.9054900365540749
TOKYOTECH_s01,54,13,54.43333333333333,-0.576205849647522,-0.9553310089078382
TOKYOTECH_s01,54,14,54.46666666666667,-0.8077827095985413,-0.9330564950864113
TOKYOTECH_s01,54,15,54.5,-0.954029381275177,-0.8155078440956626
TOKYOTECH_s01,54,16,54.53333333333333,-0.9469414949417114,-0.5977082135404997
TOKYOTECH_s01,54,17,54.56666666666667,-0.9735210537910461,-0.29481784230661234
TOKYOTECH_s01,54,18,54.6,-1.0370757579803467,0.06289649269243437
TOKYOTECH_s01,54,19,54.63333333333333,-1.0579062700271606,0.4382260794373445
TOKYOTECH_s01,54,20,54.666666666666664,-1.068813681602478,0.7937744832168812
TOKYOTECH_s01,54,21,54.7,-1.1138612031936646,1.095235650273467
TOKYOTECH_s01,54,22,54.733333333333334,-1.183046817779541,1.3126296726698752
TOKYOTECH_s01,54,23,54.766666666666666,-1.1753681898117065,1.4224285135617771
TOKYOTECH_s01,54,24,54.8,-0.9879330992698669,1.411674313435441
TOKYOTECH_s01,54,25,54.833333333333336,-0.12888161838054657,1.2822803945367225
TOKYOTECH_s01,54,26,54.86666666666667,1.4527008533477783,1.0526139227962317
TOKYOTECH_s01,54,27,54.9,2.1535348892211914,0.7546044242667351
TOKYOTECH_s01,54,28,54.93333333333333,1.8285555839538574,0.42678950674509103
TOKYOTECH_s01,54,29,54.96666666666667,1.2077751159667969,0.10553381903441393
TOKYOTECH_s01,54,30,55.0,0.7216644287109375,-0.18271522260478912
TOKYOTECH_s01,54,31,55.03333333333333,0.3058812916278839,-0.42575857551381224
TOKYOTECH_s01,54,32,55.06666666666667,0.004252460319548845,-0.6252499290552592
TOKYOTECH_s01,54,33,55.1,0.016538124531507492,-0.7914955498816556
TOKYOTECH_s01,54,34,55.13333333333333,0.16542305052280426,-0.9346566427991666
TOKYOTECH_s01,54,35,55.166666666666664,0.16408424079418182,-1.055018061391439
TOKYOTECH_s01,54,36,55.2,0.018900752067565918,-1.1363647273023796
TOKYOTECH_s01,54,37,55.233333333333334,-0.19964231550693512,-1.1467444133589186
TOKYOTECH_s01,54,38,55.266666666666666,-0.5014680027961731,-1.0488463706337807
TOKYOTECH_s01,54,39,55.3,-0.6688601970672607,-0.8175641554358778
TOKYOTECH_s01,54,40,55.333333333333336,-0.8136498928070068,-0.4568897812324556
TOKYOTECH_s01,54,41,55.36666666666667,-0.8677541017532349,-0.006614676571199772
TOKYOTECH_s01,54,42,55.4,-0.9470596313476562,0.46589184466649924
TOKYOTECH_s01,54,43,55.43333333333333,-0.9850192070007324,0.8852927863200629
TOKYOTECH_s01,54,44,55.46666666666667,-1.0436517000198364,1.1896426893958811
TOKYOTECH_s01,54,45,55.5,-1.0325868129730225,1.3440553138229623
TOKYOTECH_s01,54,46,55.53333333333333,-0.9944697022438049,1.3434840932321357
TOKYOTECH_s01,54,47,55.56666666666667,-0.938081681728363,1.2077554839448694
TOKYOTECH_s01,54,48,55.6,-0.9678507447242737,0.9732613602270725
TOKYOTECH_s01,54,49,55.63333333333333,-0.3273029923439026,0.683588479897907
TOKYOTECH_s01,54,50,55.666666666666664,1.115041971206665,0.3799220826179627
TOKYOTECH_s01,54,51,55.7,1.999137282371521,0.09245739045044936
TOKYOTECH_s01,54,52,55.733333333333334,1.8067011833190918,-0.1648729227476658
TOKYOTECH_s01,54,53,55.766666666666666,1.2275817394256592,-0.39410432693269054
TOKYOTECH_s01,54,54,55.8,0.894608736038208,-0.6071274034699987
TOKYOTECH_s01,54,55,55.833333333333336,0.5704562067985535,-0.8160118256941955
TOKYOTECH_s01,54,56,55.86666666666667,0.15727199614048004,-1.0232392015871252
TOKYOTECH_s01,54,57,55.9,0.08032907545566559,-1.215097250671124
TOKYOTECH_s01,54,58,55.93333333333333,0.13419699668884277,-1.3605227177577066
TOKYOTECH_s01,54,59,55.96666666666667,0.16955766081809998,-1.4163962876302931
TOKYOTECH_s01,54,60,56.0,0.01878262124955654,-1.3388149302630483
TOKYOTECH_s01,54,61,56.03333333333333,-0.20397379994392395,-1.0981852221122035
TOKYOTECH_s01,54,62,56.06666666666667,-0.521786630153656,-0.6941436810665711
TOKYOTECH_s01,54,63,56.1,-0.6466515064239502,-0.1646049163708569
TOKYOTECH_s01,54,64,56.13333333333333,-0.8006554841995239,0.4170151445953941
TOKYOTECH_s01,54,65,56.166666666666664,-0.940050482749939,0.9585936157870808
TOKYOTECH_s01,54,66,56.2,-0.9817902445793152,1.374708596883632
TOKYOTECH_s01,54,67,56.233333333333334,-1.0555436611175537,1.6097095672748323
TOKYOTECH_s01,54,68,56.266666666666666,-1.0400290489196777,1.6490982891337793
TOKYOTECH_s01,54,69,56.3,-0.9677326083183289,1.516602664919963
TOKYOTECH_s01,54,70,56.333333333333336,-0.9311906695365906,1.2609304942969968
TOKYOTECH_s01,54,71,56.36666666666667,-0.869171679019928,0.9391498472747752
TOKYOTECH_s01,54,72,56.4,-0.14636506140232086,0.6023870505706922
TOKYOTECH_s01,54,73,56.43333333333333,1.3411848545074463,0.2864613875892435
TOKYOTECH_s01,54,74,56.46666666666667,2.1253409385681152,0.007918477053690944
TOKYOTECH_s01,54,75,56.5,1.8285555839538574,-0.23485428378620427
TOKYOTECH_s01,54,76,56.53333333333333,1.3311042785644531,-0.45600671061678155
TOKYOTECH_s01,54,77,56.56666666666667,0.8889384269714355,-0.6730927479857755
TOKYOTECH_s01,54,78,56.6,0.5095004439353943,-0.8962693985037348
TOKYOTECH_s01,54,79,56.63333333333333,0.18038636445999146,-1.1188158275185194
TOKYOTECH_s01,54,80,56.666666666666664,-0.0018903720192611217,-1.3127125594909317
TOKYOTECH_s01,54,81,56.7,0.11435091495513916,-1.4322887011421046
TOKYOTECH_s01,54,82,56.733333333333334,0.13892224431037903,-1.4263105520607293
TOKYOTECH_s01,54,83,56.766666666666666,-0.028863705694675446,-1.2554940321842833
TOKYOTECH_s01,54,84,56.8,-0.19030994176864624,-0.9098538911648903
TOKYOTECH_s01,54,85,56.833333333333336,-0.4655560851097107,-0.41928008865113964
TOKYOTECH_s01,54,86,56.86666666666667,-0.6267660856246948,0.14818957621275372
TOKYOTECH_s01,54,87,56.9,-0.7408022284507751,0.7017836670549952
TOKYOTECH_s01,54,88,56.93333333333333,-0.9164636135101318,1.152099514295463
TOKYOTECH_s01,54,89,56.96666666666667,-0.9773406386375427,1.4345208236636853
TOKYOTECH_s01,54,90,57.0,-1.0325868129730225,1.5235705637973487
TOKYOTECH_s01,54,91,57.03333333333333,-1.0231362581253052,1.4346065010679496
TOKYOTECH_s01,54,92,57.06666666666667,-0.9522180557250977,1.2142331306122351
TOKYOTECH_s01,54,93,57.1,-0.8760626912117004,0.9238335325719826
TOKYOTECH_s01,54,94,57.13333333333333,-0.7503708600997925,0.6214169221866941
TOKYOTECH_s01,54,95,57.166666666666664,0.3097796142101288,0.3466041340514936
TOKYOTECH_s01,54,96,57.2,1.806228756904602,0.11286851305098189
TOKYOTECH_s01,54,97,57.233333333333334,2.2200429439544678,-0.09062703219332549
TOKYOTECH_s01,54,98,57.266666666666666,1.7950456142425537,-0.2885827960952118
TOKYOTECH_s01,54,99,57.3,1.3212993144989014,-0.5047525754066445
TOKYOTECH_s01,54,100,57.333333333333336,0.9138247966766357,-0.7482683547987347
TOKYOTECH_s01,54,101,57.36666666666667,0.5087522864341736,-1.0055005733309852
TOKYOTECH_s01,54,102,57.4,0.24228721857070923,-1.2394480832534975
TOKYOTECH_s01,54,103,57.43333333333333,0.18771050870418549,-1.3966270428490197
TOKYOTECH_s01,54,104,57.46666666666667,0.20291008055210114,-1.4205250718420084
TOKYOTECH_s01,54,105,57.5,0.2201966494321823,-1.2695541938768329
TOKYOTECH_s01,54,106,57.53333333333333,0.0418969988822937,-0.9349517358718734
TOKYOTECH_s01,54,107,57.56666666666667,-0.22082722187042236,-0.45156855449084116
TOKYOTECH_s01,54,108,57.6,-0.38132840394973755,0.10537417231217543
TOKYOTECH_s01,54,109,57.63333333333333,-0.6371616125106812,0.6394906931028854
TOKYOTECH_s01,54,110,57.666666666666664,-0.9485166072845459,1.0617304719989327
TOKYOTECH_s01,54,111,57.7,-0.9940759539604187,1.3156126194466835
TOKYOTECH_s01,54,112,57.733333333333334,-0.967102587223053,1.388607009784557
TOKYOTECH_s01,54,113,57.766666666666666,-0.9568251371383667,1.3069470850979907
TOKYOTECH_s01,54,114,57.8,-0.853145182132721,1.119255714721006
TOKYOTECH_s01,54,115,57.833333333333336,-0.8644464015960693,0.8779981975377497
TOKYOTECH_s01,54,116,57.86666666666667,-0.9971473217010498,0.6256647663220628
TOKYOTECH_s01,54,117,57.9,-0.6660250425338745,0.3879473722817521
TOKYOTECH_s01,54,118,57.93333333333333,0.7677749991416931,0.1729830370312565
TOKYOTECH_s01,54,119,57.96666666666667,2.0926973819732666,-0.02513985023801674
TOKYOTECH_s01,54,120,58.0,2.227839708328247,-0.2201001747763019
TOKYOTECH_s01,54,121,58.03333333333333,1.806149959564209,-0.4254687085388299
TOKYOTECH_s01,54,122,58.06666666666667,1.3129119873046875,-0.646707661478001
TOKYOTECH_s01,54,123,58.1,0.8243205547332764,-0.8750095858554183
TOKYOTECH_s01,54,124,58.13333333333333,0.5098941922187805,-1.08493320161653
TOKYOTECH_s01,54,125,58.166666666666664,0.18298526108264923,-1.2370608122290403
TOKYOTECH_s01,54,126,58.2,0.07040604203939438,-1.2857066947565092
TOKYOTECH_s01,54,127,58.233333333333334,0.3368317186832428,-1.1906269339959625
TOKYOTECH_s01,54,128,58.266666666666666,0.2516196072101593,-0.9308590739487702
TOKYOTECH_s01,54,129,58.3,0.04110945388674736,-0.5174227090076936
TOKYOTECH_s01,54,130,58.333333333333336,-0.12435324490070343,0.00033737369802643144
TOKYOTECH_s01,54,131,58.36666666666667,-0.46047642827033997,0.5401856338173499
TOKYOTECH_s01,54,132,58.4,-0.7579312920570374,1.0060064937386355
TOKYOTECH_s01,54,133,58.43333333333333,-0.8931523561477661,1.3154822920393607
TOKYOTECH_s01,54,134,58.46666666666667,-0.9674569964408875,1.4252987670840762
TOKYOTECH_s01,54,135,58.5,-0.9451695084571838,1.3422141223661055
TOKYOTECH_s01,54,136,58.53333333333333,-0.8957118391990662,1.115421478358427
TOKYOTECH_s01,54,137,58.56666666666667,-0.9035085439682007,0.8150728287548091
TOKYOTECH_s01,54,138,58.6,-0.8501918911933899,0.5070991520205869
TOKYOTECH_s01,54,139,58.63333333333333,-0.6369253396987915,0.2341339762663668
TOKYOTECH_s01,54,140,58.666666666666664,0.41806674003601074,0.008316212364435504
TOKYOTECH_s01,54,141,58.7,1.8039841651916504,-0.18369945568684934
TOKYOTECH_s01,54,142,58.733333333333334,2.1368391513824463,-0.367776486916799
TOKYOTECH_s01,54,143,58.766666666666666,1.6591157913208008,-0.5672860244627868
TOKYOTECH_s01,54,144,58.8,1.1659566164016724,-0.7904799420901178
TOKYOTECH_s01,54,145,58.833333333333336,0.7510003447532654,-1.0226081576589168
TOKYOTECH_s01,54,146,58.86666666666667,0.4030640423297882,-1.2246462324115441
TOKYOTECH_s01,54,147,58.9,0.1554606407880783,-1.3404410747117543
TOKYOTECH_s01,54,148,58.93333333333333,0.19385334849357605,-1.3123979157151873
TOKYOTECH_s01,54,149,58.96666666666667,0.3630962371826172,-1.1023511959661758
TOKYOTECH_s01,54,150,59.0,0.3814460039138794,-0.7105601440251922
TOKYOTECH_s01,54,151,59.03333333333333,0.13699276745319366,-0.18427477269052753
TOKYOTECH_s01,54,152,59.06666666666667,-0.11864356696605682,0.3900602551913074
TOKYOTECH_s01,54,153,59.1,-0.4102706015110016,0.9101254750404325
TOKYOTECH_s01,54,154,59.13333333333333,-0.7474963665008545,1.287656177514678
TOKYOTECH_s01,54,155,59.166666666666664,-0.8299914002418518,1.4723380011772798
TOKYOTECH_s01,54,156,59.2,-0.8190051913261414,1.4608916364666282
TOKYOTECH_s01,54,157,59.233333333333334,-0.7775804400444031,1.2904579882138196
TOKYOTECH_s01,54,158,59.266666666666666,-0.6982749104499817,1.0215995645563696
TOKYOTECH_s01,54,159,59.3,-0.7267445921897888,0.7182851888452105
TOKYOTECH_s01,54,160,59.333333333333336,-0.8295976519584656,0.4307809244509177
TOKYOTECH_s01,54,161,59.36666666666667,-0.38262784481048584,0.18489963284770564
TOKYOTECH_s01,54,162,59.4,0.9319382905960083,-0.020536348650702908
TOKYOTECH_s01,54,163,59.43333333333333,1.9284553527832031,-0.20750601456411977
TOKYOTECH_s01,54,164,59.46666666666667,1.8886057138442993,-0.40557512367923937
TOKYOTECH_s01,54,165,59.5,1.4257274866104126,-0.6358332891018714
TOKYOTECH_s01,54,166,59.53333333333333,1.0867691040039062,-0.897474145566003
TOKYOTECH_s01,54,167,59.56666666666667,0.7208768725395203,-1.1617721843291562
TOKYOTECH_s01,54,168,59.6,0.3608911335468292,-1.3756252100911848
TOKYOTECH_s01,54,169,59.63333333333333,0.22846584022045135,-1.4739228888248772
TOKYOTECH_s01,54,170,59.666666666666664,0.30131351947784424,-1.3980300101130694
TOKYOTECH_s01,54,171,59.7,0.31375670433044434,-1.1162386655383159
TOKYOTECH_s01,54,172,59.733333333333334,0.21732211112976074,-0.6405092843407713
TOKYOTECH_s01,54,173,59.766666666666666,0.04303893446922302,-0.0327886365567311
TOKYOTECH_s01,54,174,59.8,-0.29591941833496094,0.6046368686962875
TOKYOTECH_s01,54,175,59.833333333333336,-0.48760727047920227,1.1549297550540756
TOKYOTECH_s01,54,176,59.86666666666667,-0.6514555215835571,1.5202998536934722
TOKYOTECH_s01,54,177,59.9,-0.7670273780822754,1.6496964609374642
TOKYOTECH_s01,54,178,59.93333333333333,-0.7606089115142822,1.5496133577221485
TOKYOTECH_s01,54,179,59.96666666666667,-0.6320031881332397,1.2754131823776835
TOKYOTECH_s01,54,180,60.0,-0.6232615113258362,0.9088041429781458
TOKYOTECH_s01,54,181,60.03333333333333,-0.6900057196617126,0.5312598702350462
TOKYOTECH_s01,54,182,60.06666666666667,-0.23708997666835785,0.20235618314820994
TOKYOTECH_s01,54,183,60.1,1.1315803527832031,-0.0517479296833072
TOKYOTECH_s01,54,184,60.13333333333333,2.005870819091797,-0.23837360984489844
TOKYOTECH_s01,54,185,60.166666666666664,1.7385787963867188,-0.38849770793586513
TOKYOTECH_s01,54,186,60.2,1.3322855234146118,-0.5404735611758074
TOKYOTECH_s01,54,187,60.233333333333334,1.0512903928756714,-0.721949591721471
TOKYOTECH_s01,54,188,60.266666666666666,0.7173328995704651,-0.9353168942605519
TOKYOTECH_s01,54,189,60.3,0.3413994610309601,-1.1516038595657858
TOKYOTECH_s01,54,190,60.333333333333336,0.24697309732437134,-1.31568779963702
TOKYOTECH_s01,54,191,60.36666666666667,0.32001766562461853,-1.3622716917481728
TOKYOTECH_s01,54,192,60.4,0.19149070978164673,-1.2382329538200059
TOKYOTECH_s01,54,193,60.43333333333333,0.04335395246744156,-0.9240146063299026
TOKYOTECH_s01,54,194,60.46666666666667,-0.10080572217702866,-0.44603125072478816
TOKYOTECH_s01,54,195,60.5,-0.27300190925598145,0.12553371310331465
TOKYOTECH_s01,54,196,60.53333333333333,-0.49871161580085754,0.6939361258552705
TOKYOTECH_s01,54,197,60.56666666666667,-0.7884485721588135,1.1622765120693725
TOKYOTECH_s01,54,198,60.6,-0.8511369228363037,1.4590379835414655
TOKYOTECH_s01,54,199,60.63333333333333,-0.715915858745575,1.5534265186185965
TOKYOTECH_s01,54,200,60.666666666666664,-0.7114662528038025,1.4570479765067013
TOKYOTECH_s01,54,201,60.7,-0.8629500865936279,1.2146308154613696
TOKYOTECH_s01,54,202,60.733333333333334,-0.8420408368110657,0.888643674055829
TOKYOTECH_s01,54,203,60.766666666666666,-0.317104309797287,0.5420223044570744
TOKYOTECH_s01,54,204,60.8,1.0243170261383057,0.2227826137658671
TOKYOTECH_s01,54,205,60.833333333333336,2.036663770675659,-0.045751315785455174
TOKYOTECH_s01,54,206,60.86666666666667,1.9405834674835205,-0.2662676900588914
TOKYOTECH_s01,54,207,60.9,1.4293895959854126,-0.4598091684857583
TOKYOTECH_s01,54,208,60.93333333333333,0.9749774932861328,-0.651804504776277
TOKYOTECH_s01,54,209,60.96666666666667,0.6716554760932922,-0.8568795645773368
TOKYOTECH_s01,54,210,61.0,0.4458276033401489,-1.0678332378889879
TOKYOTECH_s01,54,211,61.03333333333333,0.3615211546421051,-1.2526413802006164
TOKYOTECH_s01,54,212,61.06666666666667,0.42310699820518494,-1.3609810983747543
TOKYOTECH_s01,54,213,61.1,0.4503166079521179,-1.3390407554213786
TOKYOTECH_s01,54,214,61.13333333333333,0.22114169597625732,-1.148630944674611
TOKYOTECH_s01,54,215,61.166666666666664,-0.1424667239189148,-0.784457817622121
TOKYOTECH_s01,54,216,61.2,-0.40743544697761536,-0.2828137098895516
TOKYOTECH_s01,54,217,61.233333333333334,-0.5226923227310181,0.2830487055148654
TOKYOTECH_s01,54,218,61.266666666666666,-0.6334601640701294,0.820818046200723
TOKYOTECH_s01,54,219,61.3,-0.8063651323318481,1.2443588172766213
TOKYOTECH_s01,54,220,61.333333333333336,-0.8540114760398865,1.496288262259297
TOKYOTECH_s01,54,221,61.36666666666667,-0.8253449201583862,1.5590056170915505
TOKYOTECH_s01,54,222,61.4,-0.7820301055908203,1.4518015014795704
TOKYOTECH_s01,54,223,61.43333333333333,-0.7360376119613647,1.2185366255405683
TOKYOTECH_s01,54,224,61.46666666666667,-0.8661396503448486,0.9126484337748553
TOKYOTECH_s01,54,225,61.5,-0.6965029835700989,0.5844793326206178
TOKYOTECH_s01,54,226,61.53333333333333,0.5932949781417847,0.2731590232344261
TOKYOTECH_s01,54,227,61.56666666666667,1.8814390897750854,0.0031544064156218427
TOKYOTECH_s01,54,228,61.6,1.9501127004623413,-0.2155027858856381
TOKYOTECH_s01,54,229,61.63333333333333,1.5865830183029175,-0.3845261999888103
TOKYOTECH_s01,54,230,61.666666666666664,1.216044306755066,-0.5131970069851655
TOKYOTECH_s01,54,231,61.7,0.8772434592247009,-0.6133551851071801
TOKYOTECH_s01,54,232,61.733333333333334,0.44744205474853516,-0.694152969440932
TOKYOTECH_s01,54,233,61.766666666666666,0.21023422479629517,-0.7576174392795952
TOKYOTECH_s01,54,234,61.8,0.34388020634651184,-0.7967571656952541
TOKYOTECH_s01,54,235,61.833333333333336,0.45232483744621277,-0.797791361937293
TOKYOTECH_s01,54,236,61.86666666666667,0.3545120358467102,-0.7464129674905006
TOKYOTECH_s01,54,237,61.9,0.058120373636484146,-0.6356496689014141
TOKYOTECH_s01,54,238,61.93333333333333,-0.3124184310436249,-0.47147201337988864
TOKYOTECH_s01,54,239,61.96666666666667,-0.6562595367431641,-0.27315234155647417
TOKYOTECH_s01,55,0,55.0,0.7216644287109375,-0.05007614845070647
TOKYOTECH_s01,55,1,55.03333333333333,0.3058812916278839,-0.2455625298925105
TOKYOTECH_s01,55,2,55.06666666666667,0.004252460319548845,-0.44566650856638196
TOKYOTECH_s01,55,3,55.1,0.016538124531507492,-0.6545211047582787
TOKYOTECH_s01,55,4,55.13333333333333,0.16542305052280426,-0.8704784043427328
TOKYOTECH_s01,55,5,55.166666666666664,0.16408424079418182,-1.0819078256945536
TOKYOTECH_s01,55,6,55.2,0.018900752067565918,-1.2634482194018124
TOKYOTECH_s01,55,7,55.233333333333334,-0.19964231550693512,-1.3761358031463236
TOKYOTECH_s01,55,8,55.266666666666666,-0.5014680027961731,-1.3747608683326284
TOKYOTECH_s01,55,9,55.3,-0.6688601970672607,-1.2225614878268274
TOKYOTECH_s01,55,10,55.333333333333336,-0.8136498928070068,-0.9082360891493405
TOKYOTECH_s01,55,11,55.36666666666667,-0.8677541017532349,-0.457009944586855
TOKYOTECH_s01,55,12,55.4,-0.9470596313476562,0.07081485714953341
TOKYOTECH_s01,55,13,55.43333333333333,-0.9850192070007324,0.5944129589826654
TOKYOTECH_s01,55,14,55.46666666666667,-1.0436517000198364,1.0339489664223664
TOKYOTECH_s01,55,15,55.5,-1.0325868129730225,1.3299745161402732
TOKYOTECH_s01,55,16,55.53333333333333,-0.9944697022438049,1.454422762916416
TOKYOTECH_s01,55,17,55.56666666666667,-0.938081681728363,1.4120646611452579
TOKYOTECH_s01,55,18,55.6,-0.9678507447242737,1.234532896016119
TOKYOTECH_s01,55,19,55.63333333333333,-0.3273029923439026,0.969749800865407
TOKYOTECH_s01,55,20,55.666666666666664,1.115041971206665,0.6693148010770129
TOKYOTECH_s01,55,21,55.7,1.999137282371521,0.3763014213405142
TOKYOTECH_s01,55,22,55.733333333333334,1.8067011833190918,0.11621235430304284
TOKYOTECH_s01,55,23,55.766666666666666,1.2275817394256592,-0.1063272299106892
TOKYOTECH_s01,55,24,55.8,0.894608736038208,-0.3039791366133446
TOKYOTECH_s01,55,25,55.833333333333336,0.5704562067985535,-0.49721862094275326
TOKYOTECH_s01,55,26,55.86666666666667,0.15727199614048004,-0.7018992694235778
TOKYOTECH_s01,55,27,55.9,0.08032907545566559,-0.9178433650508233
TOKYOTECH_s01,55,28,55.93333333333333,0.13419699668884277,-1.1224611563263136
TOKYOTECH_s01,55,29,55.96666666666667,0.16955766081809998,-1.272360047509581
TOKYOTECH_s01,55,30,56.0,0.01878262124955654,-1.3138830521970486
TOKYOTECH_s01,55,31,56.03333333333333,-0.20397379994392395,-1.2006550511880694
TOKYOTECH_s01,55,32,56.06666666666667,-0.521786630153656,-0.9130302808560853
TOKYOTECH_s01,55,33,56.1,-0.6466515064239502,-0.47191966767169474
TOKYOTECH_s01,55,34,56.13333333333333,-0.8006554841995239,0.06041214183735019
TOKYOTECH_s01,55,35,56.166666666666664,-0.940050482749939,0.5953106020646883
TOKYOTECH_s01,55,36,56.2,-0.9817902445793152,1.0429267630473515
TOKYOTECH_s01,55,37,56.233333333333334,-1.0555436611175537,1.3365101199772287
TOKYOTECH_s01,55,38,56.266666666666666,-1.0400290489196777,1.4465325904609923
TOKYOTECH_s01,55,39,56.3,-0.9677326083183289,1.3819085226877985
TOKYOTECH_s01,55,40,56.333333333333336,-0.9311906695365906,1.1811888199162082
TOKYOTECH_s01,55,41,56.36666666666667,-0.869171679019928,0.8987515752572873
TOKYOTECH_s01,55,42,56.4,-0.14636506140232086,0.5901798746703196
TOKYOTECH_s01,55,43,56.43333333333333,1.3411848545074463,0.2995153404716534
TOKYOTECH_s01,55,44,56.46666666666667,2.1253409385681152,0.05064168664818838
TOKYOTECH_s01,55,45,56.5,1.8285555839538574,-0.15513265681727964
TOKYOTECH_s01,55,46,56.53333333333333,1.3311042785644531,-0.3345145712878189
TOKYOTECH_s01,55,47,56.56666666666667,0.8889384269714355,-0.5119053164550673
TOKYOTECH_s01,55,48,56.6,0.5095004439353943,-0.7062039832415783
TOKYOTECH_s01,55,49,56.63333333333333,0.18038636445999146,-0.9186909464207332
TOKYOTECH_s01,55,50,56.666666666666664,-0.0018903720192611217,-1.1262910543731544
TOKYOTECH_s01,55,51,56.7,0.11435091495513916,-1.2835405180072876
TOKYOTECH_s01,55,52,56.733333333333334,0.13892224431037903,-1.334011433158794
TOKYOTECH_s01,55,53,56.766666666666666,-0.028863705694675446,-1.2286020201968788
TOKYOTECH_s01,55,54,56.8,-0.19030994176864624,-0.9451997861382381
TOKYOTECH_s01,55,55,56.833333333333336,-0.4655560851097107,-0.5025706715607553
TOKYOTECH_s01,55,56,56.86666666666667,-0.6267660856246948,0.038169412977298776
TOKYOTECH_s01,55,57,56.9,-0.7408022284507751,0.5871497615645892
TOKYOTECH_s01,55,58,56.93333333333333,-0.9164636135101318,1.0502086882751676
TOKYOTECH_s01,55,59,56.96666666666667,-0.9773406386375427,1.3546793136275757
TOKYOTECH_s01,55,60,57.0,-1.0325868129730225,1.4669249352800575
TOKYOTECH_s01,55,61,57.03333333333333,-1.0231362581253052,1.3965098576070238
TOKYOTECH_s01,55,62,57.06666666666667,-0.9522180557250977,1.1875461492082704
TOKYOTECH_s01,55,63,57.1,-0.8760626912117004,0.9018747159338225
TOKYOTECH_s01,55,64,57.13333333333333,-0.7503708600997925,0.600131388175718
TOKYOTECH_s01,55,65,57.166666666666664,0.3097796142101288,0.3261007558277301
TOKYOTECH_s01,55,66,57.2,1.806228756904602,0.09823564684168246
TOKYOTECH_s01,55,67,57.233333333333334,2.2200429439544678,-0.0899497292900827
TOKYOTECH_s01,55,68,57.266666666666666,1.7950456142425537,-0.2615963859788041
TOKYOTECH_s01,55,69,57.3,1.3212993144989014,-0.44354055452499924
TOKYOTECH_s01,55,70,57.333333333333336,0.9138247966766357,-0.6527667718811936
TOKYOTECH_s01,55,71,57.36666666666667,0.5087522864341736,-0.8860354545908811
TOKYOTECH_s01,55,72,57.4,0.24228721857070923,-1.1155360762307434
TOKYOTECH_s01,55,73,57.43333333333333,0.18771050870418549,-1.2923436116781202
TOKYOTECH_s01,55,74,57.46666666666667,0.20291008055210114,-1.35812046485837
TOKYOTECH_s01,55,75,57.5,0.2201966494321823,-1.2632838861972973
TOKYOTECH_s01,55,76,57.53333333333333,0.0418969988822937,-0.9867212683862154
TOKYOTECH_s01,55,77,57.56666666666667,-0.22082722187042236,-0.5495484089243214
TOKYOTECH_s01,55,78,57.6,-0.38132840394973755,-0.01558075942514071
TOKYOTECH_s01,55,79,57.63333333333333,-0.6371616125106812,0.52414288236885
TOKYOTECH_s01,55,80,57.666666666666664,-0.9485166072845459,0.9774728495749497
TOKYOTECH_s01,55,81,57.7,-0.9940759539604187,1.2768195542078247
TOKYOTECH_s01,55,82,57.733333333333334,-0.967102587223053,1.3942692567039965
TOKYOTECH_s01,55,83,57.766666666666666,-0.9568251371383667,1.3422346985218896
TOKYOTECH_s01,55,84,57.8,-0.853145182132721,1.1625223145292827
TOKYOTECH_s01,55,85,57.833333333333336,-0.8644464015960693,0.9102055987095312
TOKYOTECH_s01,55,86,57.86666666666667,-0.9971473217010498,0.6378816089634575
TOKYOTECH_s01,55,87,57.9,-0.6660250425338745,0.38345550025160496
TOKYOTECH_s01,55,88,57.93333333333333,0.7677749991416931,0.1633712167390369
TOKYOTECH_s01,55,89,57.96666666666667,2.0926973819732666,-0.027351098476730135
TOKYOTECH_s01,55,90,58.0,2.227839708328247,-0.208336114519595
TOKYOTECH_s01,55,91,58.03333333333333,1.806149959564209,-0.4023971686669703
TOKYOTECH_s01,55,92,58.06666666666667,1.3129119873046875,-0.6229351563157887
TOKYOTECH_s01,55,93,58.1,0.8243205547332764,-0.8641370353325604
TOKYOTECH_s01,55,94,58.13333333333333,0.5098941922187805,-1.0972317709335397
TOKYOTECH_s01,55,95,58.166666666666664,0.18298526108264923,-1.27448276123743
TOKYOTECH_s01,55,96,58.2,0.07040604203939438,-1.340520258487549
TOKYOTECH_s01,55,97,58.233333333333334,0.3368317186832428,-1.2485740620920385
TOKYOTECH_s01,55,98,58.266666666666666,0.2516196072101593,-0.9775409029326978
TOKYOTECH_s01,55,99,58.3,0.04110945388674736,-0.5446458518620033
TOKYOTECH_s01,55,100,58.333333333333336,-0.12435324490070343,-0.008202479967025632
TOKYOTECH_s01,55,101,58.36666666666667,-0.46047642827033997,0.5429626689372246
TOKYOTECH_s01,55,102,58.4,-0.7579312920570374,1.0119669738484145
TOKYOTECH_s01,55,103,58.43333333333333,-0.8931523561477661,1.3210136249622018
TOKYOTECH_s01,55,104,58.46666666666667,-0.9674569964408875,1.432709737068783
TOKYOTECH_s01,55,105,58.5,-0.9451695084571838,1.3569668305308444
TOKYOTECH_s01,55,106,58.53333333333333,-0.8957118391990662,1.141814565550551
TOKYOTECH_s01,55,107,58.56666666666667,-0.9035085439682007,0.853639066795864
TOKYOTECH_s01,55,108,58.6,-0.8501918911933899,0.5552362946498391
TOKYOTECH_s01,55,109,58.63333333333333,-0.6369253396987915,0.2888826301329805
TOKYOTECH_s01,55,110,58.666666666666664,0.41806674003601074,0.06874233138683268
TOKYOTECH_s01,55,111,58.7,1.8039841651916504,-0.11645906414563177
TOKYOTECH_s01,55,112,58.733333333333334,2.1368391513824463,-0.29279403193123843
TOKYOTECH_s01,55,113,58.766666666666666,1.6591157913208008,-0.48671286985707884
TOKYOTECH_s01,55,114,58.8,1.1659566164016724,-0.7110720521610553
TOKYOTECH_s01,55,115,58.833333333333336,0.7510003447532654,-0.9551505117244516
TOKYOTECH_s01,55,116,58.86666666666667,0.4030640423297882,-1.1817767073447698
TOKYOTECH_s01,55,117,58.9,0.1554606407880783,-1.3338363522131658
TOKYOTECH_s01,55,118,58.93333333333333,0.19385334849357605,-1.350074325113527
TOKYOTECH_s01,55,119,58.96666666666667,0.3630962371826172,-1.1864208176322504
TOKYOTECH_s01,55,120,59.0,0.3814460039138794,-0.8355606092725171
TOKYOTECH_s01,55,121,59.03333333333333,0.13699276745319366,-0.3364611934041184
TOKYOTECH_s01,55,122,59.06666666666667,-0.11864356696605682,0.231433045545674
TOKYOTECH_s01,55,123,59.1,-0.4102706015110016,0.7685393507404232
TOKYOTECH_s01,55,124,59.13333333333333,-0.7474963665008545,1.1827873312094355
TOKYOTECH_s01,55,125,59.166666666666664,-0.8299914002418518,1.4141311574543673
TOKYOTECH_s01,55,126,59.2,-0.8190051913261414,1.4473623136196239
TOKYOTECH_s01,55,127,59.233333333333334,-0.7775804400444031,1.310175287192392
TOKYOTECH_s01,55,128,59.266666666666666,-0.6982749104499817,1.0593146599813894
TOKYOTECH_s01,55,129,59.3,-0.7267445921897888,0.7610296030162778
TOKYOTECH_s01,55,130,59.333333333333336,-0.8295976519584656,0.47206969522954195
TOKYOTECH_s01,55,131,59.36666666666667,-0.38262784481048584,0.22584877937378675
TOKYOTECH_s01,55,132,59.4,0.9319382905960083,0.02699762860397949
TOKYOTECH_s01,55,133,59.43333333333333,1.9284553527832031,-0.14428843899403368
TOKYOTECH_s01,55,134,59.46666666666667,1.8886057138442993,-0.3197134115510588
TOKYOTECH_s01,55,135,59.5,1.4257274866104126,-0.5265397500455333
TOKYOTECH_s01,55,136,59.53333333333333,1.0867691040039062,-0.7727088994587687
TOKYOTECH_s01,55,137,59.56666666666667,0.7208768725395203,-1.037936265543112
TOKYOTECH_s01,55,138,59.6,0.3608911335468292,-1.2738445198959618
TOKYOTECH_s01,55,139,59.63333333333333,0.22846584022045135,-1.4142639316122245
TOKYOTECH_s01,55,140,59.666666666666664,0.30131351947784424,-1.3942412021479018
TOKYOTECH_s01,55,141,59.7,0.31375670433044434,-1.1731324548753403
TOKYOTECH_s01,55,142,59.733333333333334,0.21732211112976074,-0.7542353194420744
TOKYOTECH_s01,55,143,59.766666666666666,0.04303893446922302,-0.1924769997177488
TOKYOTECH_s01,55,144,59.8,-0.29591941833496094,0.41556297131862735
TOKYOTECH_s01,55,145,59.833333333333336,-0.48760727047920227,0.9580233222558626
TOKYOTECH_s01,55,146,59.86666666666667,-0.6514555215835571,1.3405901958643287
TOKYOTECH_s01,55,147,59.9,-0.7670273780822754,1.5119028538061596
TOKYOTECH_s01,55,148,59.93333333333333,-0.7606089115142822,1.4722733272969235
TOKYOTECH_s01,55,149,59.96666666666667,-0.6320031881332397,1.2654115380356616
TOKYOTECH_s01,55,150,60.0,-0.6232615113258362,0.9594924498756329
TOKYOTECH_s01,55,151,60.03333333333333,-0.6900057196617126,0.6256391497013439
TOKYOTECH_s01,55,152,60.06666666666667,-0.23708997666835785,0.3198294596165622
TOKYOTECH_s01,55,153,60.1,1.1315803527832031,0.07139935535876236
TOKYOTECH_s01,55,154,60.13333333333333,2.005870819091797,-0.12012283541434599
TOKYOTECH_s01,55,155,60.166666666666664,1.7385787963867188,-0.27910280335354587
TOKYOTECH_s01,55,156,60.2,1.3322855234146118,-0.4401612314945857
TOKYOTECH_s01,55,157,60.233333333333334,1.0512903928756714,-0.6308134750335628
TOKYOTECH_s01,55,158,60.266666666666666,0.7173328995704651,-0.8560648969040712
TOKYOTECH_s01,55,159,60.3,0.3413994610309601,-1.0904984319626936
TOKYOTECH_s01,55,160,60.333333333333336,0.24697309732437134,-1.28135547960498
TOKYOTECH_s01,55,161,60.36666666666667,0.32001766562461853,-1.3627336371275895
TOKYOTECH_s01,55,162,60.4,0.19149070978164673,-1.277248483050409
TOKYOTECH_s01,55,163,60.43333333333333,0.04335395246744156,-0.9983688691721693
TOKYOTECH_s01,55,164,60.46666666666667,-0.10080572217702866,-0.545269247342594
TOKYOTECH_s01,55,165,60.5,-0.27300190925598145,0.016455946571577257
TOKYOTECH_s01,55,166,60.53333333333333,-0.49871161580085754,0.5902060978246974
TOKYOTECH_s01,55,167,60.56666666666667,-0.7884485721588135,1.0752563047102865
TOKYOTECH_s01,55,168,60.6,-0.8511369228363037,1.3947188011265699
TOKYOTECH_s01,55,169,60.63333333333333,-0.715915858745575,1.5135785723400546
TOKYOTECH_s01,55,170,60.666666666666664,-0.7114662528038025,1.4415964271035948
TOKYOTECH_s01,55,171,60.7,-0.8629500865936279,1.2232884050337265
TOKYOTECH_s01,55,172,60.733333333333334,-0.8420408368110657,0.920923454802908
TOKYOTECH_s01,55,173,60.766666666666666,-0.317104309797287,0.5964040781139976
TOKYOTECH_s01,55,174,60.8,1.0243170261383057,0.29641536711315214
TOKYOTECH_s01,55,175,60.833333333333336,2.036663770675659,0.0437305717991671
TOKYOTECH_s01,55,176,60.86666666666667,1.9405834674835205,-0.16374937023723152
TOKYOTECH_s01,55,177,60.9,1.4293895959854126,-0.34624864523773513
TOKYOTECH_s01,55,178,60.93333333333333,0.9749774932861328,-0.5297906143608598
TOKYOTECH_s01,55,179,60.96666666666667,0.6716554760932922,-0.7321032721515895
TOKYOTECH_s01,55,180,61.0,0.4458276033401489,-0.9509628287764279
TOKYOTECH_s01,55,181,61.03333333333333,0.3615211546421051,-1.1586938368552235
TOKYOTECH_s01,55,182,61.06666666666667,0.42310699820518494,-1.3056107770434502
TOKYOTECH_s01,55,183,61.1,0.4503166079521179,-1.3331543909472845
TOKYOTECH_s01,55,184,61.13333333333333,0.22114169597625732,-1.1939658561636322
TOKYOTECH_s01,55,185,61.166666666666664,-0.1424667239189148,-0.8723917315536776
TOKYOTECH_s01,55,186,61.2,-0.40743544697761536,-0.3970360125547064
TOKYOTECH_s01,55,187,61.233333333333334,-0.5226923227310181,0.1612370870412023
TOKYOTECH_s01,55,188,61.266666666666666,-0.6334601640701294,0.7068363011260917
TOKYOTECH_s01,55,189,61.3,-0.8063651323318481,1.1464015415672324
TOKYOTECH_s01,55,190,61.333333333333336,-0.8540114760398865,1.4142457704021605
TOKYOTECH_s01,55,191,61.36666666666667,-0.8253449201583862,1.4862816442323432
TOKYOTECH_s01,55,192,61.4,-0.7820301055908203,1.3792085769164768
TOKYOTECH_s01,55,193,61.43333333333333,-0.7360376119613647,1.1389348271344497
TOKYOTECH_s01,55,194,61.46666666666667,-0.8661396503448486,0.8247049331687609
TOKYOTECH_s01,55,195,61.5,-0.6965029835700989,0.49388406654947264
TOKYOTECH_s01,55,196,61.53333333333333,0.5932949781417847,0.19008784108243412
TOKYOTECH_s01,55,197,61.56666666666667,1.8814390897750854,-0.06396943787570382
TOKYOTECH_s01,55,198,61.6,1.9501127004623413,-0.2679261006464993
TOKYOTECH_s01,55,199,61.63333333333333,1.5865830183029175,-0.4390555914058488
TOKYOTECH_s01,55,200,61.666666666666664,1.216044306755066,-0.6023251643717953
TOKYOTECH_s01,55,201,61.7,0.8772434592247009,-0.7778270812855658
TOKYOTECH_s01,55,202,61.733333333333334,0.44744205474853516,-0.969097064715971
TOKYOTECH_s01,55,203,61.766666666666666,0.21023422479629517,-1.1560170174776925
TOKYOTECH_s01,55,204,61.8,0.34388020634651184,-1.2955616596187098
TOKYOTECH_s01,55,205,61.833333333333336,0.45232483744621277,-1.332011723905965
TOKYOTECH_s01,55,206,61.86666666666667,0.3545120358467102,-1.215107154456559
TOKYOTECH_s01,55,207,61.9,0.058120373636484146,-0.9208685110177455
TOKYOTECH_s01,55,208,61.93333333333333,-0.3124184310436249,-0.46720327007024903
TOKYOTECH_s01,55,209,61.96666666666667,-0.6562595367431641,0.08331480547421163
TOKYOTECH_s01,55,210,62.0,-0.726626455783844,0.6370623459798909
TOKYOTECH_s01,55,211,62.03333333333333,-0.6863042712211609,1.095866594438147
TOKYOTECH_s01,55,212,62.06666666666667,-0.7387546300888062,1.3858614900478545
TOKYOTECH_s01,55,213,62.1,-0.7893542051315308,1.4765247198916607
TOKYOTECH_s01,55,214,62.13333333333333,-0.8665727972984314,1.3836165922900685
TOKYOTECH_s01,55,215,62.166666666666664,-0.8494831323623657,1.1579591798471263
TOKYOTECH_s01,55,216,62.2,-0.8315271139144897,0.8664242386036243
TOKYOTECH_s01,55,217,62.233333333333334,-0.6767750382423401,0.5718513040048353
TOKYOTECH_s01,55,218,62.266666666666666,0.4173579514026642,0.31732209816154905
TOKYOTECH_s01,55,219,62.3,1.6502952575683594,0.11832892994406549
TOKYOTECH_s01,55,220,62.333333333333336,1.7594486474990845,-0.03592141273007918
TOKYOTECH_s01,55,221,62.36666666666667,1.2997206449508667,-0.1731601362177466
TOKYOTECH_s01,55,222,62.4,0.9529656767845154,-0.32370734741065293
TOKYOTECH_s01,55,223,62.43333333333333,0.6698440909385681,-0.5054108765697534
TOKYOTECH_s01,55,224,62.46666666666667,0.360103577375412,-0.7124844945122539
TOKYOTECH_s01,55,225,62.5,0.23082846403121948,-0.9121601160884865
TOKYOTECH_s01,55,226,62.53333333333333,0.3586072623729706,-1.0512862097055846
TOKYOTECH_s01,55,227,62.56666666666667,0.43547141551971436,-1.072108502190303
TOKYOTECH_s01,55,228,62.6,0.38936078548431396,-0.9329483795263167
TOKYOTECH_s01,55,229,62.63333333333333,0.038589317351579666,-0.6266850459989738
TOKYOTECH_s01,55,230,62.666666666666664,-0.32753923535346985,-0.189435882735011
TOKYOTECH_s01,55,231,62.7,-0.596327543258667,0.30537198949555644
TOKYOTECH_s01,55,232,62.733333333333334,-0.8641707897186279,0.7666402811221158
TOKYOTECH_s01,55,233,62.766666666666666,-0.86519455909729,1.1117245606891824
TOKYOTECH_s01,55,234,62.8,-0.681500256061554,1.2881972151120653
TOKYOTECH_s01,55,235,62.833333333333336,-0.7061503529548645,1.2824851516018678
TOKYOTECH_s01,55,236,62.86666666666667,-0.8600361943244934,1.114108434359658
TOKYOTECH_s01,55,237,62.9,-0.8722824454307556,0.8216275514290042
TOKYOTECH_s01,55,238,62.93333333333333,-0.8808667063713074,0.44854442737494143
TOKYOTECH_s01,55,239,62.96666666666667,-0.43846461176872253,0.03492020700774793
TOKYOTECH_s01,56,0,56.0,0.01878262124955654,0.108961447723473
TOKYOTECH_s01,56,1,56.03333333333333,-0.20397379994392395,0.1472527440889535
TOKYOTECH_s01,56,2,56.06666666666667,-0.521786630153656,0.2501624671058453
TOKYOTECH_s01,56,3,56.1,-0.6466515064239502,0.4554302824974778
TOKYOTECH_s01,56,4,56.13333333333333,-0.8006554841995239,0.7565742646360963
TOKYOTECH_s01,56,5,56.166666666666664,-0.940050482749939,1.103838719367699
TOKYOTECH_s01,56,6,56.2,-0.9817902445793152,1.4217494239622672
TOKYOTECH_s01,56,7,56.233333333333334,-1.0555436611175537,1.6353055220451187
TOKYOTECH_s01,56,8,56.266666666666666,-1.0400290489196777,1.6938832812868252
TOKYOTECH_s01,56,9,56.3,-0.9677326083183289,1.5842634515896314
TOKYOTECH_s01,56,10,56.333333333333336,-0.9311906695365906,1.3300814292425356
TOKYOTECH_s01,56,11,56.36666666666667,-0.869171679019928,0.9806524755850227
TOKYOTECH_s01,56,12,56.4,-0.14636506140232086,0.5946445506606916
TOKYOTECH_s01,56,13,56.43333333333333,1.3411848545074463,0.2239194552598131
TOKYOTECH_s01,56,14,56.46666666666667,2.1253409385681152,-0.09825242060783981
TOKYOTECH_s01,56,15,56.5,1.8285555839538574,-0.36199216996577016
TOKYOTECH_s01,56,16,56.53333333333333,1.3311042785644531,-0.5780679055921669
TOKYOTECH_s01,56,17,56.56666666666667,0.8889384269714355,-0.7689269297353297
TOKYOTECH_s01,56,18,56.6,0.5095004439353943,-0.9560620225107184
TOKYOTECH_s01,56,19,56.63333333333333,0.18038636445999146,-1.1472449490417491
TOKYOTECH_s01,56,20,56.666666666666664,-0.0018903720192611217,-1.327988728091859
TOKYOTECH_s01,56,21,56.7,0.11435091495513916,-1.4611817668146139
TOKYOTECH_s01,56,22,56.733333333333334,0.13892224431037903,-1.4963615607382295
TOKYOTECH_s01,56,23,56.766666666666666,-0.028863705694675446,-1.3865419203040448
TOKYOTECH_s01,56,24,56.8,-0.19030994176864624,-1.1074444538763364
TOKYOTECH_s01,56,25,56.833333333333336,-0.4655560851097107,-0.6721771163544134
TOKYOTECH_s01,56,26,56.86666666666667,-0.6267660856246948,-0.1345973142071318
TOKYOTECH_s01,56,27,56.9,-0.7408022284507751,0.42183539359122274
TOKYOTECH_s01,56,28,56.93333333333333,-0.9164636135101318,0.9063834214890366
TOKYOTECH_s01,56,29,56.96666666666667,-0.9773406386375427,1.2457429881558082
TOKYOTECH_s01,56,30,57.0,-1.0325868129730225,1.4017717266773089
TOKYOTECH_s01,56,31,57.03333333333333,-1.0231362581253052,1.3768556718502465
TOKYOTECH_s01,56,32,57.06666666666667,-0.9522180557250977,1.2071831616468218
TOKYOTECH_s01,56,33,57.1,-0.8760626912117004,0.94825816133658
TOKYOTECH_s01,56,34,57.13333333333333,-0.7503708600997925,0.657918067574325
TOKYOTECH_s01,56,35,57.166666666666664,0.3097796142101288,0.3812878785964501
TOKYOTECH_s01,56,36,57.2,1.806228756904602,0.14126957200330084
TOKYOTECH_s01,56,37,57.233333333333334,2.2200429439544678,-0.06302726038453933
TOKYOTECH_s01,56,38,57.266666666666666,1.7950456142425537,-0.24982227257363263
TOKYOTECH_s01,56,39,57.3,1.3212993144989014,-0.4426860721085122
TOKYOTECH_s01,56,40,57.333333333333336,0.9138247966766357,-0.6571470576515124
TOKYOTECH_s01,56,41,57.36666666666667,0.5087522864341736,-0.8900585403895757
TOKYOTECH_s01,56,42,57.4,0.24228721857070923,-1.1148133637328632
TOKYOTECH_s01,56,43,57.43333333333333,0.18771050870418549,-1.284142709830026
TOKYOTECH_s01,56,44,57.46666666666667,0.20291008055210114,-1.3410173999482733
TOKYOTECH_s01,56,45,57.5,0.2201966494321823,-1.2362229928368995
TOKYOTECH_s01,56,46,57.53333333333333,0.0418969988822937,-0.9480591353789956
TOKYOTECH_s01,56,47,57.56666666666667,-0.22082722187042236,-0.4968162460178435
TOKYOTECH_s01,56,48,57.6,-0.38132840394973755,0.05344452744169098
TOKYOTECH_s01,56,49,57.63333333333333,-0.6371616125106812,0.6091432067015697
TOKYOTECH_s01,56,50,57.666666666666664,-0.9485166072845459,1.0733644719918722
TOKYOTECH_s01,56,51,57.7,-0.9940759539604187,1.373604697085778
TOKYOTECH_s01,56,52,57.733333333333334,-0.967102587223053,1.4798904810205487
TOKYOTECH_s01,56,53,57.766666666666666,-0.9568251371383667,1.4070602820777924
TOKYOTECH_s01,56,54,57.8,-0.853145182132721,1.2027379757781076
TOKYOTECH_s01,56,55,57.833333333333336,-0.8644464015960693,0.9281990765090795
TOKYOTECH_s01,56,56,57.86666666666667,-0.9971473217010498,0.6399217966521532
TOKYOTECH_s01,56,57,57.9,-0.6660250425338745,0.37674522309050656
TOKYOTECH_s01,56,58,57.93333333333333,0.7677749991416931,0.15441925604370643
TOKYOTECH_s01,56,59,57.96666666666667,2.0926973819732666,-0.032806594240479575
TOKYOTECH_s01,56,60,58.0,2.227839708328247,-0.2051316953758546
TOKYOTECH_s01,56,61,58.03333333333333,1.806149959564209,-0.3868167688223915
TOKYOTECH_s01,56,62,58.06666666666667,1.3129119873046875,-0.5947935531502141
TOKYOTECH_s01,56,63,58.1,0.8243205547332764,-0.8288439058473865
TOKYOTECH_s01,56,64,58.13333333333333,0.5098941922187805,-1.0661672471971104
TOKYOTECH_s01,56,65,58.166666666666664,0.18298526108264923,-1.2627553752782903
TOKYOTECH_s01,56,66,58.2,0.07040604203939438,-1.3624474778644498
TOKYOTECH_s01,56,67,58.233333333333334,0.3368317186832428,-1.312282859248416
TOKYOTECH_s01,56,68,58.266666666666666,0.2516196072101593,-1.080580451297777
TOKYOTECH_s01,56,69,58.3,0.04110945388674736,-0.6724653838463142
TOKYOTECH_s01,56,70,58.333333333333336,-0.12435324490070343,-0.1368480651194335
TOKYOTECH_s01,56,71,58.36666666666667,-0.46047642827033997,0.4399015210494297
TOKYOTECH_s01,56,72,58.4,-0.7579312920570374,0.9544421904777219
TOKYOTECH_s01,56,73,58.43333333333333,-0.8931523561477661,1.3157374546853606
TOKYOTECH_s01,56,74,58.46666666666667,-0.9674569964408875,1.4718015470841217
TOKYOTECH_s01,56,75,58.5,-0.9451695084571838,1.4221493972942625
TOKYOTECH_s01,56,76,58.53333333333333,-0.8957118391990662,1.2114062138994244
TOKYOTECH_s01,56,77,58.56666666666667,-0.9035085439682007,0.9089552024304837
TOKYOTECH_s01,56,78,58.6,-0.8501918911933899,0.5844273763450062
TOKYOTECH_s01,56,79,58.63333333333333,-0.6369253396987915,0.28815811160363247
TOKYOTECH_s01,56,80,58.666666666666664,0.41806674003601074,0.0418392169942639
TOKYOTECH_s01,56,81,58.7,1.8039841651916504,-0.15995832950132713
TOKYOTECH_s01,56,82,58.733333333333334,2.1368391513824463,-0.34007572732922237
TOKYOTECH_s01,56,83,58.766666666666666,1.6591157913208008,-0.5249867465093232
TOKYOTECH_s01,56,84,58.8,1.1659566164016724,-0.7309297565229573
TOKYOTECH_s01,56,85,58.833333333333336,0.7510003447532654,-0.9533222565012445
TOKYOTECH_s01,56,86,58.86666666666667,0.4030640423297882,-1.1624363263224406
TOKYOTECH_s01,56,87,58.9,0.1554606407880783,-1.3076266372174126
TOKYOTECH_s01,56,88,58.93333333333333,0.19385334849357605,-1.3305657114647123
TOKYOTECH_s01,56,89,58.96666666666667,0.3630962371826172,-1.1848526658588903
TOKYOTECH_s01,56,90,59.0,0.3814460039138794,-0.8559561101587744
TOKYOTECH_s01,56,91,59.03333333333333,0.13699276745319366,-0.3735612060457414
TOKYOTECH_s01,56,92,59.06666666666667,-0.11864356696605682,0.19024270630496565
TOKYOTECH_s01,56,93,59.1,-0.4102706015110016,0.7383480041048834
TOKYOTECH_s01,56,94,59.13333333333333,-0.7474963665008545,1.175823317152617
TOKYOTECH_s01,56,95,59.166666666666664,-0.8299914002418518,1.4362521197804172
TOKYOTECH_s01,56,96,59.2,-0.8190051913261414,1.4972681266539718
TOKYOTECH_s01,56,97,59.233333333333334,-0.7775804400444031,1.3807660987552837
TOKYOTECH_s01,56,98,59.266666666666666,-0.6982749104499817,1.1399308332669111
TOKYOTECH_s01,56,99,59.3,-0.7267445921897888,0.8396061377129076
TOKYOTECH_s01,56,100,59.333333333333336,-0.8295976519584656,0.5370117902876137
TOKYOTECH_s01,56,101,59.36666666666667,-0.38262784481048584,0.267915554642959
TOKYOTECH_s01,56,102,59.4,0.9319382905960083,0.04121555858388308
TOKYOTECH_s01,56,103,59.43333333333333,1.9284553527832031,-0.15728394763382839
TOKYOTECH_s01,56,104,59.46666666666667,1.8886057138442993,-0.35364899259644583
TOKYOTECH_s01,56,105,59.5,1.4257274866104126,-0.5710182539488066
TOKYOTECH_s01,56,106,59.53333333333333,1.0867691040039062,-0.8159192460394876
TOKYOTECH_s01,56,107,59.56666666666667,0.7208768725395203,-1.0698822353272548
TOKYOTECH_s01,56,108,59.6,0.3608911335468292,-1.2891707904044067
TOKYOTECH_s01,56,109,59.63333333333333,0.22846584022045135,-1.4136046936551903
TOKYOTECH_s01,56,110,59.666666666666664,0.30131351947784424,-1.3832847030315487
TOKYOTECH_s01,56,111,59.7,0.31375670433044434,-1.1594965914192106
TOKYOTECH_s01,56,112,59.733333333333334,0.21732211112976074,-0.7435225452153577
TOKYOTECH_s01,56,113,59.766666666666666,0.04303893446922302,-0.18567315033569917
TOKYOTECH_s01,56,114,59.8,-0.29591941833496094,0.42173555099309057
TOKYOTECH_s01,56,115,59.833333333333336,-0.48760727047920227,0.9679647809768911
TOKYOTECH_s01,56,116,59.86666666666667,-0.6514555215835571,1.3558748639786389
TOKYOTECH_s01,56,117,59.9,-0.7670273780822754,1.5290743430085647
TOKYOTECH_s01,56,118,59.93333333333333,-0.7606089115142822,1.4837734105407565
TOKYOTECH_s01,56,119,59.96666666666667,-0.6320031881332397,1.2629385348840916
TOKYOTECH_s01,56,120,60.0,-0.6232615113258362,0.937627972734673
TOKYOTECH_s01,56,121,60.03333333333333,-0.6900057196617126,0.583790057062377
TOKYOTECH_s01,56,122,60.06666666666667,-0.23708997666835785,0.2621248375841225
TOKYOTECH_s01,56,123,60.1,1.1315803527832031,0.005661684819078807
TOKYOTECH_s01,56,124,60.13333333333333,2.005870819091797,-0.18333024409517973
TOKYOTECH_s01,56,125,60.166666666666664,1.7385787963867188,-0.3276423018137416
TOKYOTECH_s01,56,126,60.2,1.3322855234146118,-0.46258376175398047
TOKYOTECH_s01,56,127,60.233333333333334,1.0512903928756714,-0.6197569695099243
TOKYOTECH_s01,56,128,60.266666666666666,0.7173328995704651,-0.8115674625938999
TOKYOTECH_s01,56,129,60.3,0.3413994610309601,-1.02149513581656
TOKYOTECH_s01,56,130,60.333333333333336,0.24697309732437134,-1.2042084453472044
TOKYOTECH_s01,56,131,60.36666666666667,0.32001766562461853,-1.296895470399263
TOKYOTECH_s01,56,132,60.4,0.19149070978164673,-1.2393421863143947
TOKYOTECH_s01,56,133,60.43333333333333,0.04335395246744156,-0.9966802221800973
TOKYOTECH_s01,56,134,60.46666666666667,-0.10080572217702866,-0.5768338281020347
TOKYOTECH_s01,56,135,60.5,-0.27300190925598145,-0.03538031795441543
TOKYOTECH_s01,56,136,60.53333333333333,-0.49871161580085754,0.5358875050822105
TOKYOTECH_s01,56,137,60.56666666666667,-0.7884485721588135,1.0341250630462298
TOKYOTECH_s01,56,138,60.6,-0.8511369228363037,1.374921277942091
TOKYOTECH_s01,56,139,60.63333333333333,-0.715915858745575,1.5141904370943093
TOKYOTECH_s01,56,140,60.666666666666664,-0.7114662528038025,1.4550142514155078
TOKYOTECH_s01,56,141,60.7,-0.8629500865936279,1.2395778633687609
TOKYOTECH_s01,56,142,60.733333333333334,-0.8420408368110657,0.9316898378670521
TOKYOTECH_s01,56,143,60.766666666666666,-0.317104309797287,0.5968812124726334
TOKYOTECH_s01,56,144,60.8,1.0243170261383057,0.28585827271988223
TOKYOTECH_s01,56,145,60.833333333333336,2.036663770675659,0.024839508667513253
TOKYOTECH_s01,56,146,60.86666666666667,1.9405834674835205,-0.18576978499333552
TOKYOTECH_s01,56,147,60.9,1.4293895959854126,-0.3648320528541424
TOKYOTECH_s01,56,148,60.93333333333333,0.9749774932861328,-0.5384894364023142
TOKYOTECH_s01,56,149,60.96666666666667,0.6716554760932922,-0.7264435269495498
TOKYOTECH_s01,56,150,61.0,0.4458276033401489,-0.9302723666651693
TOKYOTECH_s01,56,151,61.03333333333333,0.3615211546421051,-1.1271066977471744
TOKYOTECH_s01,56,152,61.06666666666667,0.42310699820518494,-1.2715150483007143
TOKYOTECH_s01,56,153,61.1,0.4503166079521179,-1.306897268184137
TOKYOTECH_s01,56,154,61.13333333333333,0.22114169597625732,-1.1843151185352767
TOKYOTECH_s01,56,155,61.166666666666664,-0.1424667239189148,-0.882865984335896
TOKYOTECH_s01,56,156,61.2,-0.40743544697761536,-0.4236710790668391
TOKYOTECH_s01,56,157,61.233333333333334,-0.5226923227310181,0.12925758894777511
TOKYOTECH_s01,56,158,61.266666666666666,-0.6334601640701294,0.6834497283942074
TOKYOTECH_s01,56,159,61.3,-0.8063651323318481,1.1433143769760217
TOKYOTECH_s01,56,160,61.333333333333336,-0.8540114760398865,1.4363992098359797
TOKYOTECH_s01,56,161,61.36666666666667,-0.8253449201583862,1.5301359541501232
TOKYOTECH_s01,56,162,61.4,-0.7820301055908203,1.4344547240905072
TOKYOTECH_s01,56,163,61.43333333333333,-0.7360376119613647,1.1927017881126496
TOKYOTECH_s01,56,164,61.46666666666667,-0.8661396503448486,0.8663307761013449
TOKYOTECH_s01,56,165,61.5,-0.6965029835700989,0.5183151027178264
TOKYOTECH_s01,56,166,61.53333333333333,0.5932949781417847,0.19895287930668487
TOKYOTECH_s01,56,167,61.56666666666667,1.8814390897750854,-0.06336105693490612
TOKYOTECH_s01,56,168,61.6,1.9501127004623413,-0.26495206442063
TOKYOTECH_s01,56,169,61.63333333333333,1.5865830183029175,-0.4230230402022084
TOKYOTECH_s01,56,170,61.666666666666664,1.216044306755066,-0.5661080509617644
TOKYOTECH_s01,56,171,61.7,0.8772434592247009,-0.7209766494089297
TOKYOTECH_s01,56,172,61.733333333333334,0.44744205474853516,-0.8992561685898177
TOKYOTECH_s01,56,173,61.766666666666666,0.21023422479629517,-1.087855936664252
TOKYOTECH_s01,56,174,61.8,0.34388020634651184,-1.2472663736359706
TOKYOTECH_s01,56,175,61.833333333333336,0.45232483744621277,-1.320142965669891
TOKYOTECH_s01,56,176,61.86666666666667,0.3545120358467102,-1.2491166669778377
TOKYOTECH_s01,56,177,61.9,0.058120373636484146,-0.9988134164786947
TOKYOTECH_s01,56,178,61.93333333333333,-0.3124184310436249,-0.5744104614312148
TOKYOTECH_s01,56,179,61.96666666666667,-0.6562595367431641,-0.028779843842500527
TOKYOTECH_s01,56,180,62.0,-0.726626455783844,0.5469434403330377
TOKYOTECH_s01,56,181,62.03333333333333,-0.6863042712211609,1.0481237975506734
TOKYOTECH_s01,56,182,62.06666666666667,-0.7387546300888062,1.3874280329923208
TOKYOTECH_s01,56,183,62.1,-0.7893542051315308,1.5186743905193139
TOKYOTECH_s01,56,184,62.13333333333333,-0.8665727972984314,1.4450721549821857
TOKYOTECH_s01,56,185,62.166666666666664,-0.8494831323623657,1.2114506190933267
TOKYOTECH_s01,56,186,62.2,-0.8315271139144897,0.8860543779851009
TOKYOTECH_s01,56,187,62.233333333333334,-0.6767750382423401,0.5393467623753692
TOKYOTECH_s01,56,188,62.266666666666666,0.4173579514026642,0.2261627574305815
TOKYOTECH_s01,56,189,62.3,1.6502952575683594,-0.0248821314268421
TOKYOTECH_s01,56,190,62.333333333333336,1.7594486474990845,-0.21328490536270292
TOKYOTECH_s01,56,191,62.36666666666667,1.2997206449508667,-0.36038874244768776
TOKYOTECH_s01,56,192,62.4,0.9529656767845154,-0.4970479378931909
TOKYOTECH_s01,56,193,62.43333333333333,0.6698440909385681,-0.6485741773577063
TOKYOTECH_s01,56,194,62.46666666666667,0.360103577375412,-0.8212295110382551
TOKYOTECH_s01,56,195,62.5,0.23082846403121948,-0.9947320203725939
TOKYOTECH_s01,56,196,62.53333333333333,0.3586072623729706,-1.124216580419035
TOKYOTECH_s01,56,197,62.56666666666667,0.43547141551971436,-1.1525455842382721
TOKYOTECH_s01,56,198,62.6,0.38936078548431396,-1.030157856976586
TOKYOTECH_s01,56,199,62.63333333333333,0.038589317351579666,-0.7360833925418381
TOKYOTECH_s01,56,200,62.666666666666664,-0.32753923535346985,-0.2920068968169194
TOKYOTECH_s01,56,201,62.7,-0.596327543258667,0.23742981473582
TOKYOTECH_s01,56,202,62.733333333333334,-0.8641707897186279,0.7602571669319245
TOKYOTECH_s01,56,203,62.766666666666666,-0.86519455909729,1.183981080208241
TOKYOTECH_s01,56,204,62.8,-0.681500256061554,1.44261651727476
TOKYOTECH_s01,56,205,62.833333333333336,-0.7061503529548645,1.5124404606825776
TOKYOTECH_s01,56,206,62.86666666666667,-0.8600361943244934,1.411642234022194
TOKYOTECH_s01,56,207,62.9,-0.8722824454307556,1.1873952074238625
TOKYOTECH_s01,56,208,62.93333333333333,-0.8808667063713074,0.8976760185870012
TOKYOTECH_s01,56,209,62.96666666666667,-0.43846461176872253,0.5943689507353115
TOKYOTECH_s01,56,210,63.0,0.853971540927887,0.31175717890115806
TOKYOTECH_s01,56,211,63.03333333333333,1.8011490106582642,0.062108923465770925
TOKYOTECH_s01,56,212,63.06666666666667,1.5858348608016968,-0.16180526162418438
TOKYOTECH_s01,56,213,63.1,1.016402244567871,-0.37880610163913553
TOKYOTECH_s01,56,214,63.13333333333333,0.8095147609710693,-0.6085456649209517
TOKYOTECH_s01,56,215,63.166666666666664,0.6003828644752502,-0.8608075212675748
TOKYOTECH_s01,56,216,63.2,0.18546602129936218,-1.1274468042489303
TOKYOTECH_s01,56,217,63.233333333333334,0.1626666635274887,-1.3790202960634215
TOKYOTECH_s01,56,218,63.266666666666666,0.28674399852752686,-1.5677645054132003
TOKYOTECH_s01,56,219,63.3,0.3280506134033203,-1.6378111515890243
TOKYOTECH_s01,56,220,63.333333333333336,0.03197396174073219,-1.5416998301484992
TOKYOTECH_s01,56,221,63.36666666666667,-0.28686267137527466,-1.259314911235199
TOKYOTECH_s01,56,222,63.4,-0.4179491400718689,-0.8124248240325146
TOKYOTECH_s01,56,223,63.43333333333333,-0.6382247805595398,-0.26724729414701004
TOKYOTECH_s01,56,224,63.46666666666667,-0.7689568996429443,0.2792838398718283
TOKYOTECH_s01,56,225,63.5,-1.0585756301879883,0.7267719262540363
TOKYOTECH_s01,56,226,63.53333333333333,-1.051645278930664,1.0015509096572135
TOKYOTECH_s01,56,227,63.56666666666667,-1.0129770040512085,1.0767396963670917
TOKYOTECH_s01,56,228,63.6,-0.8923647999763489,0.9748415987348805
TOKYOTECH_s01,56,229,63.63333333333333,-0.9091394543647766,0.754639277999894
TOKYOTECH_s01,56,230,63.666666666666664,-1.0973621606826782,0.48985589476742203
TOKYOTECH_s01,56,231,63.7,-0.8533814549446106,0.24783759986869952
TOKYOTECH_s01,56,232,63.733333333333334,0.5127293467521667,0.07417296780771264
TOKYOTECH_s01,56,233,63.766666666666666,1.79910147190094,-0.014002313864766794
TOKYOTECH_s01,56,234,63.8,1.7443279027938843,-0.02579917593244734
TOKYOTECH_s01,56,235,63.833333333333336,1.2004903554916382,0.01272233150055334
TOKYOTECH_s01,56,236,63.86666666666667,0.9504061341285706,0.0712373558788441
TOKYOTECH_s01,56,237,63.9,0.7482439875602722,0.12657626197719662
TOKYOTECH_s01,56,238,63.93333333333333,0.41562533378601074,0.16909839974414517
TOKYOTECH_s01,56,239,63.96666666666667,0.08072284609079361,0.20256785037244668
TOKYOTECH_s01,57,0,57.0,-1.0325868129730225,-0.1466247563153676
TOKYOTECH_s01,57,1,57.03333333333333,-1.0231362581253052,-0.4336888350398004
TOKYOTECH_s01,57,2,57.06666666666667,-0.9522180557250977,-0.6706058807235116
TOKYOTECH_s01,57,3,57.1,-0.8760626912117004,-0.8210045230591052
TOKYOTECH_s01,57,4,57.13333333333333,-0.7503708600997925,-0.8681469024490696
TOKYOTECH_s01,57,5,57.166666666666664,0.3097796142101288,-0.8207854123213661
TOKYOTECH_s01,57,6,57.2,1.806228756904602,-0.7126323226743905
TOKYOTECH_s01,57,7,57.233333333333334,2.2200429439544678,-0.5942654659207157
TOKYOTECH_s01,57,8,57.266666666666666,1.7950456142425537,-0.5191019382519528
TOKYOTECH_s01,57,9,57.3,1.3212993144989014,-0.5274402347843835
TOKYOTECH_s01,57,10,57.333333333333336,0.9138247966766357,-0.6333627406077168
TOKYOTECH_s01,57,11,57.36666666666667,0.5087522864341736,-0.8182612525775951
TOKYOTECH_s01,57,12,57.4,0.24228721857070923,-1.03259080500384
TOKYOTECH_s01,57,13,57.43333333333333,0.18771050870418549,-1.2055601338188402
TOKYOTECH_s01,57,14,57.46666666666667,0.20291008055210114,-1.2615160974776933
TOKYOTECH_s01,57,15,57.5,0.2201966494321823,-1.140711336198038
TOKYOTECH_s01,57,16,57.53333333333333,0.0418969988822937,-0.8199661607641384
TOKYOTECH_s01,57,17,57.56666666666667,-0.22082722187042236,-0.32630831925073595
TOKYOTECH_s01,57,18,57.6,-0.38132840394973755,0.2637576268680704
TOKYOTECH_s01,57,19,57.63333333333333,-0.6371616125106812,0.842711699998951
TOKYOTECH_s01,57,20,57.666666666666664,-0.9485166072845459,1.3034595185225897
TOKYOTECH_s01,57,21,57.7,-0.9940759539604187,1.57173120536406
TOKYOTECH_s01,57,22,57.733333333333334,-0.967102587223053,1.6262129027743575
TOKYOTECH_s01,57,23,57.766666666666666,-0.9568251371383667,1.498878951884777
TOKYOTECH_s01,57,24,57.8,-0.853145182132721,1.2573473130125223
TOKYOTECH_s01,57,25,57.833333333333336,-0.8644464015960693,0.9785056509344189
TOKYOTECH_s01,57,26,57.86666666666667,-0.9971473217010498,0.7241765007896404
TOKYOTECH_s01,57,27,57.9,-0.6660250425338745,0.5261703869418296
TOKYOTECH_s01,57,28,57.93333333333333,0.7677749991416931,0.3831011730190178
TOKYOTECH_s01,57,29,57.96666666666667,2.0926973819732666,0.2673776831019898
TOKYOTECH_s01,57,30,58.0,2.227839708328247,0.13883210887149713
TOKYOTECH_s01,57,31,58.03333333333333,1.806149959564209,-0.03910119463106997
TOKYOTECH_s01,57,32,58.06666666666667,1.3129119873046875,-0.28480152602137937
TOKYOTECH_s01,57,33,58.1,0.8243205547332764,-0.5891424600723029
TOKYOTECH_s01,57,34,58.13333333333333,0.5098941922187805,-0.9137926355777984
TOKYOTECH_s01,57,35,58.166666666666664,0.18298526108264923,-1.1976862556332033
TOKYOTECH_s01,57,36,58.2,0.07040604203939438,-1.3705007079883018
TOKYOTECH_s01,57,37,58.233333333333334,0.3368317186832428,-1.370698520042581
TOKYOTECH_s01,57,38,58.266666666666666,0.2516196072101593,-1.16470158030405
TOKYOTECH_s01,57,39,58.3,0.04110945388674736,-0.7624164937738166
TOKYOTECH_s01,57,40,58.333333333333336,-0.12435324490070343,-0.22293127417245479
TOKYOTECH_s01,57,41,58.36666666666667,-0.46047642827033997,0.354994759696068
TOKYOTECH_s01,57,42,58.4,-0.7579312920570374,0.8582221958211946
TOKYOTECH_s01,57,43,58.43333333333333,-0.8931523561477661,1.1931253700957265
TOKYOTECH_s01,57,44,58.46666666666667,-0.9674569964408875,1.314294636015013
TOKYOTECH_s01,57,45,58.5,-0.9451695084571838,1.234766665761254
TOKYOTECH_s01,57,46,58.53333333333333,-0.8957118391990662,1.0139533754207768
TOKYOTECH_s01,57,47,58.56666666666667,-0.9035085439682007,0.7307766494992599
TOKYOTECH_s01,57,48,58.6,-0.8501918911933899,0.45470134169014986
TOKYOTECH_s01,57,49,58.63333333333333,-0.6369253396987915,0.22555384971396122
TOKYOTECH_s01,57,50,58.666666666666664,0.41806674003601074,0.04754193757565422
TOKYOTECH_s01,57,51,58.7,1.8039841651916504,-0.10322028308727176
TOKYOTECH_s01,57,52,58.733333333333334,2.1368391513824463,-0.26286903082524754
TOKYOTECH_s01,57,53,58.766666666666666,1.6591157913208008,-0.46215752393035686
TOKYOTECH_s01,57,54,58.8,1.1659566164016724,-0.7119606423592019
TOKYOTECH_s01,57,55,58.833333333333336,0.7510003447532654,-0.9946768908526773
TOKYOTECH_s01,57,56,58.86666666666667,0.4030640423297882,-1.2634343654620699
TOKYOTECH_s01,57,57,58.9,0.1554606407880783,-1.4505537691409847
TOKYOTECH_s01,57,58,58.93333333333333,0.19385334849357605,-1.4849582870183606
TOKYOTECH_s01,57,59,58.96666666666667,0.3630962371826172,-1.3150459069151257
TOKYOTECH_s01,57,60,59.0,0.3814460039138794,-0.9302355842633888
TOKYOTECH_s01,57,61,59.03333333333333,0.13699276745319366,-0.3728121216298059
TOKYOTECH_s01,57,62,59.06666666666667,-0.11864356696605682,0.26657563650541116
TOKYOTECH_s01,57,63,59.1,-0.4102706015110016,0.8709081123754726
TOKYOTECH_s01,57,64,59.13333333333333,-0.7474963665008545,1.329807289643241
TOKYOTECH_s01,57,65,59.166666666666664,-0.8299914002418518,1.571390301840052
TOKYOTECH_s01,57,66,59.2,-0.8190051913261414,1.5806227083004234
TOKYOTECH_s01,57,67,59.233333333333334,-0.7775804400444031,1.3976434291946065
TOKYOTECH_s01,57,68,59.266666666666666,-0.6982749104499817,1.0984549540629396
TOKYOTECH_s01,57,69,59.3,-0.7267445921897888,0.7671903350252024
TOKYOTECH_s01,57,70,59.333333333333336,-0.8295976519584656,0.47034017758251484
TOKYOTECH_s01,57,71,59.36666666666667,-0.38262784481048584,0.24032915363114152
TOKYOTECH_s01,57,72,59.4,0.9319382905960083,0.07187500430403439
TOKYOTECH_s01,57,73,59.43333333333333,1.9284553527832031,-0.06916645891647802
TOKYOTECH_s01,57,74,59.46666666666667,1.8886057138442993,-0.22809955987788738
TOKYOTECH_s01,57,75,59.5,1.4257274866104126,-0.44071746524103333
TOKYOTECH_s01,57,76,59.53333333333333,1.0867691040039062,-0.7160557607466865
TOKYOTECH_s01,57,77,59.56666666666667,0.7208768725395203,-1.0276833742497273
TOKYOTECH_s01,57,78,59.6,0.3608911335468292,-1.316122024903876
TOKYOTECH_s01,57,79,59.63333333333333,0.22846584022045135,-1.5022156501679678
TOKYOTECH_s01,57,80,59.666666666666664,0.30131351947784424,-1.5088999187321288
TOKYOTECH_s01,57,81,59.7,0.31375670433044434,-1.286586849002583
TOKYOTECH_s01,57,82,59.733333333333334,0.21732211112976074,-0.8351157618826702
TOKYOTECH_s01,57,83,59.766666666666666,0.04303893446922302,-0.21378766088963602
TOKYOTECH_s01,57,84,59.8,-0.29591941833496094,0.46767226697747366
TOKYOTECH_s01,57,85,59.833333333333336,-0.48760727047920227,1.0779246399491837
TOKYOTECH_s01,57,86,59.86666666666667,-0.6514555215835571,1.5029751781807679
TOKYOTECH_s01,57,87,59.9,-0.7670273780822754,1.67904515133798
TOKYOTECH_s01,57,88,59.93333333333333,-0.7606089115142822,1.6062538959349828
TOKYOTECH_s01,57,89,59.96666666666667,-0.6320031881332397,1.3399494444825517
TOKYOTECH_s01,57,90,60.0,-0.6232615113258362,0.9662267979705093
TOKYOTECH_s01,57,91,60.03333333333333,-0.6900057196617126,0.5728745836655122
TOKYOTECH_s01,57,92,60.06666666666667,-0.23708997666835785,0.2256799654291423
TOKYOTECH_s01,57,93,60.1,1.1315803527832031,-0.044495220023568184
TOKYOTECH_s01,57,94,60.13333333333333,2.005870819091797,-0.2426532916599532
TOKYOTECH_s01,57,95,60.166666666666664,1.7385787963867188,-0.40013972943615206
TOKYOTECH_s01,57,96,60.2,1.3322855234146118,-0.557920558848085
TOKYOTECH_s01,57,97,60.233333333333334,1.0512903928756714,-0.747204561420233
TOKYOTECH_s01,57,98,60.266666666666666,0.7173328995704651,-0.972922560042015
TOKYOTECH_s01,57,99,60.3,0.3413994610309601,-1.205650714037697
TOKYOTECH_s01,57,100,60.333333333333336,0.24697309732437134,-1.3859401423064897
TOKYOTECH_s01,57,101,60.36666666666667,0.32001766562461853,-1.4413416506185017
TOKYOTECH_s01,57,102,60.4,0.19149070978164673,-1.3114985290832062
TOKYOTECH_s01,57,103,60.43333333333333,0.04335395246744156,-0.9727997002541419
TOKYOTECH_s01,57,104,60.46666666666667,-0.10080572217702866,-0.45335345628307455
TOKYOTECH_s01,57,105,60.5,-0.27300190925598145,0.1682699399029242
TOKYOTECH_s01,57,106,60.53333333333333,-0.49871161580085754,0.7818184381791372
TOKYOTECH_s01,57,107,60.56666666666667,-0.7884485721588135,1.2761696452012157
TOKYOTECH_s01,57,108,60.6,-0.8511369228363037,1.5707567778894937
TOKYOTECH_s01,57,109,60.63333333333333,-0.715915858745575,1.6354250315980736
TOKYOTECH_s01,57,110,60.666666666666664,-0.7114662528038025,1.492598531356639
TOKYOTECH_s01,57,111,60.7,-0.8629500865936279,1.2038407800705027
TOKYOTECH_s01,57,112,60.733333333333334,-0.8420408368110657,0.8476942321190377
TOKYOTECH_s01,57,113,60.766666666666666,-0.317104309797287,0.49642155402096305
TOKYOTECH_s01,57,114,60.8,1.0243170261383057,0.19789691042815874
TOKYOTECH_s01,57,115,60.833333333333336,2.036663770675659,-0.03320513135281979
TOKYOTECH_s01,57,116,60.86666666666667,1.9405834674835205,-0.21314389745907789
TOKYOTECH_s01,57,117,60.9,1.4293895959854126,-0.37685171509662363
TOKYOTECH_s01,57,118,60.93333333333333,0.9749774932861328,-0.5599060997530777
TOKYOTECH_s01,57,119,60.96666666666667,0.6716554760932922,-0.7808111441718885
TOKYOTECH_s01,57,120,61.0,0.4458276033401489,-1.0290851948754496
TOKYOTECH_s01,57,121,61.03333333333333,0.3615211546421051,-1.262721602175679
TOKYOTECH_s01,57,122,61.06666666666667,0.42310699820518494,-1.4166102290225306
TOKYOTECH_s01,57,123,61.1,0.4503166079521179,-1.4210783134138263
TOKYOTECH_s01,57,124,61.13333333333333,0.22114169597625732,-1.226271483655809
TOKYOTECH_s01,57,125,61.166666666666664,-0.1424667239189148,-0.8246160271416223
TOKYOTECH_s01,57,126,61.2,-0.40743544697761536,-0.2621220113011923
TOKYOTECH_s01,57,127,61.233333333333334,-0.5226923227310181,0.36812272548660857
TOKYOTECH_s01,57,128,61.266666666666666,-0.6334601640701294,0.950051866536075
TOKYOTECH_s01,57,129,61.3,-0.8063651323318481,1.3779993315984105
TOKYOTECH_s01,57,130,61.333333333333336,-0.8540114760398865,1.5861811950186988
TOKYOTECH_s01,57,131,61.36666666666667,-0.8253449201583862,1.5629171274187847
TOKYOTECH_s01,57,132,61.4,-0.7820301055908203,1.3462877702079408
TOKYOTECH_s01,57,133,61.43333333333333,-0.7360376119613647,1.0063976810479567
TOKYOTECH_s01,57,134,61.46666666666667,-0.8661396503448486,0.6228005537441668
TOKYOTECH_s01,57,135,61.5,-0.6965029835700989,0.26428411953195696
TOKYOTECH_s01,57,136,61.53333333333333,0.5932949781417847,-0.024762679435925142
TOKYOTECH_s01,57,137,61.56666666666667,1.8814390897750854,-0.2298442004622162
TOKYOTECH_s01,57,138,61.6,1.9501127004623413,-0.36395424307195806
TOKYOTECH_s01,57,139,61.63333333333333,1.5865830183029175,-0.45867951412836283
TOKYOTECH_s01,57,140,61.666666666666664,1.216044306755066,-0.5511628538938995
TOKYOTECH_s01,57,141,61.7,0.8772434592247009,-0.6699303958463716
TOKYOTECH_s01,57,142,61.733333333333334,0.44744205474853516,-0.822777185140721
TOKYOTECH_s01,57,143,61.766666666666666,0.21023422479629517,-0.9898653398957716
TOKYOTECH_s01,57,144,61.8,0.34388020634651184,-1.1249073989737746
TOKYOTECH_s01,57,145,61.833333333333336,0.45232483744621277,-1.1660650282027927
TOKYOTECH_s01,57,146,61.86666666666667,0.3545120358467102,-1.0554439848051023
TOKYOTECH_s01,57,147,61.9,0.058120373636484146,-0.7623429698294154
TOKYOTECH_s01,57,148,61.93333333333333,-0.3124184310436249,-0.3021762264937123
TOKYOTECH_s01,57,149,61.96666666666667,-0.6562595367431641,0.25792683060930277
TOKYOTECH_s01,57,150,62.0,-0.726626455783844,0.8127463334649555
TOKYOTECH_s01,57,151,62.03333333333333,-0.6863042712211609,1.249792802629167
TOKYOTECH_s01,57,152,62.06666666666667,-0.7387546300888062,1.4853425806992582
TOKYOTECH_s01,57,153,62.1,-0.7893542051315308,1.4895354744827627
TOKYOTECH_s01,57,154,62.13333333333333,-0.8665727972984314,1.2906349347925876
TOKYOTECH_s01,57,155,62.166666666666664,-0.8494831323623657,0.9595661488841484
TOKYOTECH_s01,57,156,62.2,-0.8315271139144897,0.5834079727179904
TOKYOTECH_s01,57,157,62.233333333333334,-0.6767750382423401,0.23841077052522372
TOKYOTECH_s01,57,158,62.266666666666666,0.4173579514026642,-0.02902244477353191
TOKYOTECH_s01,57,159,62.3,1.6502952575683594,-0.209219400322779
TOKYOTECH_s01,57,160,62.333333333333336,1.7594486474990845,-0.32435248659561194
TOKYOTECH_s01,57,161,62.36666666666667,1.2997206449508667,-0.4151701048742365
TOKYOTECH_s01,57,162,62.4,0.9529656767845154,-0.5236173638975807
TOKYOTECH_s01,57,163,62.43333333333333,0.6698440909385681,-0.6755595017788595
TOKYOTECH_s01,57,164,62.46666666666667,0.360103577375412,-0.867995644151332
TOKYOTECH_s01,57,165,62.5,0.23082846403121948,-1.0650179279914456
TOKYOTECH_s01,57,166,62.53333333333333,0.3586072623729706,-1.2051984838153764
TOKYOTECH_s01,57,167,62.56666666666667,0.43547141551971436,-1.2198390030796298
TOKYOTECH_s01,57,168,62.6,0.38936078548431396,-1.0574076716263034
TOKYOTECH_s01,57,169,62.63333333333333,0.038589317351579666,-0.706156962905597
TOKYOTECH_s01,57,170,62.666666666666664,-0.32753923535346985,-0.2060635395248954
TOKYOTECH_s01,57,171,62.7,-0.596327543258667,0.35628608746957
TOKYOTECH_s01,57,172,62.733333333333334,-0.8641707897186279,0.8705743321865956
TOKYOTECH_s01,57,173,62.766666666666666,-0.86519455909729,1.2364280826120113
TOKYOTECH_s01,57,174,62.8,-0.681500256061554,1.3944663837584215
TOKYOTECH_s01,57,175,62.833333333333336,-0.7061503529548645,1.3415081636318043
TOKYOTECH_s01,57,176,62.86666666666667,-0.8600361943244934,1.125266731966338
TOKYOTECH_s01,57,177,62.9,-0.8722824454307556,0.8238372388158852
TOKYOTECH_s01,57,178,62.93333333333333,-0.8808667063713074,0.5194490042514601
TOKYOTECH_s01,57,179,62.96666666666667,-0.43846461176872253,0.2748805034472
TOKYOTECH_s01,57,180,63.0,0.853971540927887,0.11840130278236485
TOKYOTECH_s01,57,181,63.03333333333333,1.8011490106582642,0.04036294091232385
TOKYOTECH_s01,57,182,63.06666666666667,1.5858348608016968,0.0014458140150801647
TOKYOTECH_s01,57,183,63.1,1.016402244567871,-0.05057881895401316
TOKYOTECH_s01,57,184,63.13333333333333,0.8095147609710693,-0.16106954069890875
TOKYOTECH_s01,57,185,63.166666666666664,0.6003828644752502,-0.35174485595791055
TOKYOTECH_s01,57,186,63.2,0.18546602129936218,-0.6113395531069273
TOKYOTECH_s01,57,187,63.233333333333334,0.1626666635274887,-0.8955423320350964
TOKYOTECH_s01,57,188,63.266666666666666,0.28674399852752686,-1.135980828779384
TOKYOTECH_s01,57,189,63.3,0.3280506134033203,-1.2568048247675698
TOKYOTECH_s01,57,190,63.333333333333336,0.03197396174073219,-1.196435763610501
TOKYOTECH_s01,57,191,63.36666666666667,-0.28686267137527466,-0.9300627538590189
TOKYOTECH_s01,57,192,63.4,-0.4179491400718689,-0.4855629070583214
TOKYOTECH_s01,57,193,63.43333333333333,-0.6382247805595398,0.05556276948734805
TOKYOTECH_s01,57,194,63.46666666666667,-0.7689568996429443,0.5770367922183599
TOKYOTECH_s01,57,195,63.5,-1.0585756301879883,0.962688732500151
TOKYOTECH_s01,57,196,63.53333333333333,-1.051645278930664,1.1339654220508946
TOKYOTECH_s01,57,197,63.56666666666667,-1.0129770040512085,1.073554544065747
TOKYOTECH_s01,57,198,63.6,-0.8923647999763489,0.8259881955673681
TOKYOTECH_s01,57,199,63.63333333333333,-0.9091394543647766,0.4777748682871408
TOKYOTECH_s01,57,200,63.666666666666664,-1.0973621606826782,0.12712982372921894
TOKYOTECH_s01,57,201,63.7,-0.8533814549446106,-0.14546036395545767
TOKYOTECH_s01,57,202,63.733333333333334,0.5127293467521667,-0.29762075316071906
TOKYOTECH_s01,57,203,63.766666666666666,1.79910147190094,-0.3323725071880311
TOKYOTECH_s01,57,204,63.8,1.7443279027938843,-0.29165229162048395
TOKYOTECH_s01,57,205,63.833333333333336,1.2004903554916382,-0.2383207639594365
TOKYOTECH_s01,57,206,63.86666666666667,0.9504061341285706,-0.23204286348479888
TOKYOTECH_s01,57,207,63.9,0.7482439875602722,-0.3066730984745087
TOKYOTECH_s01,57,208,63.93333333333333,0.41562533378601074,-0.4566366168070663
TOKYOTECH_s01,57,209,63.96666666666667,0.08072284609079361,-0.6369856130617402
TOKYOTECH_s01,57,210,64.0,0.031186416745185852,-0.7772322877681854
TOKYOTECH_s01,57,211,64.03333333333333,0.057175323367118835,-0.8044202741018793
TOKYOTECH_s01,57,212,64.06666666666666,-0.03949553146958351,-0.6679136130492356
TOKYOTECH_s01,57,213,64.1,-0.22031532227993011,-0.3579923482840016
TOKYOTECH_s01,57,214,64.13333333333334,-0.4681549668312073,0.08754402124104407
TOKYOTECH_s01,57,215,64.16666666666667,-0.7528122663497925,0.5910735482517714
TOKYOTECH_s01,57,216,64.2,-0.8940186500549316,1.0556422379105734
TOKYOTECH_s01,57,217,64.23333333333333,-0.9256778359413147,1.3926879925197222
TOKYOTECH_s01,57,218,64.26666666666667,-0.9824596643447876,1.5478612648786059
TOKYOTECH_s01,57,219,64.3,-1.0081335306167603,1.515319182675208
TOKYOTECH_s01,57,220,64.33333333333333,-1.0317991971969604,1.3351389677503658
TOKYOTECH_s01,57,221,64.36666666666666,-1.1577666997909546,1.0755239043034692
TOKYOTECH_s01,57,222,64.4,-1.2611709833145142,0.8075362077450741
TOKYOTECH_s01,57,223,64.43333333333334,-1.0652698278427124,0.582273118744557
TOKYOTECH_s01,57,224,64.46666666666667,-0.035794083029031754,0.417981772113315
TOKYOTECH_s01,57,225,64.5,1.5178699493408203,0.2997038067403535
TOKYOTECH_s01,57,226,64.53333333333333,1.9621227979660034,0.18949715794497174
TOKYOTECH_s01,57,227,64.56666666666666,1.3837515115737915,0.0424629331306344
TOKYOTECH_s01,57,228,64.6,0.9263861179351807,-0.17702198459083104
TOKYOTECH_s01,57,229,64.63333333333334,0.6824447512626648,-0.48334510625998145
TOKYOTECH_s01,57,230,64.66666666666667,0.24165718257427216,-0.8640668166806906
TOKYOTECH_s01,57,231,64.7,-0.05375005304813385,-1.2806929890319618
TOKYOTECH_s01,57,232,64.73333333333333,0.026224900037050247,-1.6750001733314146
TOKYOTECH_s01,57,233,64.76666666666667,0.02291722036898136,-1.9799312875476787
TOKYOTECH_s01,57,234,64.8,-0.024925993755459785,-2.133459102525656
TOKYOTECH_s01,57,235,64.83333333333333,-0.16058020293712616,-2.0926183023312714
TOKYOTECH_s01,57,236,64.86666666666666,-0.34195128083229065,-1.8439288971677295
TOKYOTECH_s01,57,237,64.9,-0.5565172433853149,-1.4069092398196819
TOKYOTECH_s01,57,238,64.93333333333334,-0.7341868877410889,-0.8298280214321102
TOKYOTECH_s01,57,239,64.96666666666667,-0.9404048919677734,-0.1801348672685121
TOKYOTECH_s01,58,0,58.0,2.227839708328247,0.0148642989990505
TOKYOTECH_s01,58,1,58.03333333333333,1.806149959564209,-0.20600224541861897
TOKYOTECH_s01,58,2,58.06666666666667,1.3129119873046875,-0.4411430991447055
TOKYOTECH_s01,58,3,58.1,0.8243205547332764,-0.6913052830757981
TOKYOTECH_s01,58,4,58.13333333333333,0.5098941922187805,-0.9350537231473458
TOKYOTECH_s01,58,5,58.166666666666664,0.18298526108264923,-1.1286247185138065
TOKYOTECH_s01,58,6,58.2,0.07040604203939438,-1.2152340975979543
TOKYOTECH_s01,58,7,58.233333333333334,0.3368317186832428,-1.1423830165493312
TOKYOTECH_s01,58,8,58.266666666666666,0.2516196072101593,-0.8826354644050383
TOKYOTECH_s01,58,9,58.3,0.04110945388674736,-0.4506299022993755
TOKYOTECH_s01,58,10,58.333333333333336,-0.12435324490070343,0.09159628928589642
TOKYOTECH_s01,58,11,58.36666666666667,-0.46047642827033997,0.6458773681938209
TOKYOTECH_s01,58,12,58.4,-0.7579312920570374,1.104047464905862
TOKYOTECH_s01,58,13,58.43333333333333,-0.8931523561477661,1.3799451896771473
TOKYOTECH_s01,58,14,58.46666666666667,-0.9674569964408875,1.434580642509973
TOKYOTECH_s01,58,15,58.5,-0.9451695084571838,1.2843071019414296
TOKYOTECH_s01,58,16,58.53333333333333,-0.8957118391990662,0.9899451268931542
TOKYOTECH_s01,58,17,58.56666666666667,-0.9035085439682007,0.6331743288954506
TOKYOTECH_s01,58,18,58.6,-0.8501918911933899,0.29013817456992097
TOKYOTECH_s01,58,19,58.63333333333333,-0.6369253396987915,0.011032793791701315
TOKYOTECH_s01,58,20,58.666666666666664,0.41806674003601074,-0.18909450690476018
TOKYOTECH_s01,58,21,58.7,1.8039841651916504,-0.327307666860118
TOKYOTECH_s01,58,22,58.733333333333334,2.1368391513824463,-0.4401947220011076
TOKYOTECH_s01,58,23,58.766666666666666,1.6591157913208008,-0.566594251942232
TOKYOTECH_s01,58,24,58.8,1.1659566164016724,-0.7307659448989485
TOKYOTECH_s01,58,25,58.833333333333336,0.7510003447532654,-0.9302844160592368
TOKYOTECH_s01,58,26,58.86666666666667,0.4030640423297882,-1.1318688140236872
TOKYOTECH_s01,58,27,58.9,0.1554606407880783,-1.2771451381115098
TOKYOTECH_s01,58,28,58.93333333333333,0.19385334849357605,-1.2984481055503834
TOKYOTECH_s01,58,29,58.96666666666667,0.3630962371826172,-1.1416787593176307
TOKYOTECH_s01,58,30,59.0,0.3814460039138794,-0.7894403854657609
TOKYOTECH_s01,58,31,59.03333333333333,0.13699276745319366,-0.2753041698818169
TOKYOTECH_s01,58,32,59.06666666666667,-0.11864356696605682,0.31854654553200606
TOKYOTECH_s01,58,33,59.1,-0.4102706015110016,0.8820169375643254
TOKYOTECH_s01,58,34,59.13333333333333,-0.7474963665008545,1.3092512437494692
TOKYOTECH_s01,58,35,59.166666666666664,-0.8299914002418518,1.5294602480757007
TOKYOTECH_s01,58,36,59.2,-0.8190051913261414,1.5246330593600663
TOKYOTECH_s01,58,37,59.233333333333334,-0.7775804400444031,1.328901826619191
TOKYOTECH_s01,58,38,59.266666666666666,-0.6982749104499817,1.0121747051502545
TOKYOTECH_s01,58,39,59.3,-0.7267445921897888,0.6558135175271688
TOKYOTECH_s01,58,40,59.333333333333336,-0.8295976519584656,0.3288895481092108
TOKYOTECH_s01,58,41,59.36666666666667,-0.38262784481048584,0.07145875847227878
TOKYOTECH_s01,58,42,59.4,0.9319382905960083,-0.11141205257535637
TOKYOTECH_s01,58,43,59.43333333333333,1.9284553527832031,-0.2441758714306356
TOKYOTECH_s01,58,44,59.46666666666667,1.8886057138442993,-0.3666138094168759
TOKYOTECH_s01,58,45,59.5,1.4257274866104126,-0.5159650630039203
TOKYOTECH_s01,58,46,59.53333333333333,1.0867691040039062,-0.7105417766029464
TOKYOTECH_s01,58,47,59.56666666666667,0.7208768725395203,-0.9389438131454987
TOKYOTECH_s01,58,48,59.6,0.3608911335468292,-1.158031581191995
TOKYOTECH_s01,58,49,59.63333333333333,0.22846584022045135,-1.3015338837634596
TOKYOTECH_s01,58,50,59.666666666666664,0.30131351947784424,-1.2986856031296743
TOKYOTECH_s01,58,51,59.7,0.31375670433044434,-1.0987768334170436
TOKYOTECH_s01,58,52,59.733333333333334,0.21732211112976074,-0.6940922427491555
TOKYOTECH_s01,58,53,59.766666666666666,0.04303893446922302,-0.13205110605124495
TOKYOTECH_s01,58,54,59.8,-0.29591941833496094,0.4908236082304986
TOKYOTECH_s01,58,55,59.833333333333336,-0.48760727047920227,1.053934366982806
TOKYOTECH_s01,58,56,59.86666666666667,-0.6514555215835571,1.448078761494063
TOKYOTECH_s01,58,57,59.9,-0.7670273780822754,1.607066339211453
TOKYOTECH_s01,58,58,59.93333333333333,-0.7606089115142822,1.5237602524388623
TOKYOTECH_s01,58,59,59.96666666666667,-0.6320031881332397,1.2466413401607441
TOKYOTECH_s01,58,60,60.0,-0.6232615113258362,0.8603441472018143
TOKYOTECH_s01,58,61,60.03333333333333,-0.6900057196617126,0.4579901781753185
TOKYOTECH_s01,58,62,60.06666666666667,-0.23708997666835785,0.11439888860596475
TOKYOTECH_s01,58,63,60.1,1.1315803527832031,-0.13216572637378723
TOKYOTECH_s01,58,64,60.13333333333333,2.005870819091797,-0.2853112436412079
TOKYOTECH_s01,58,65,60.166666666666664,1.7385787963867188,-0.38241492045833253
TOKYOTECH_s01,58,66,60.2,1.3322855234146118,-0.4761992778238868
TOKYOTECH_s01,58,67,60.233333333333334,1.0512903928756714,-0.6117685623730108
TOKYOTECH_s01,58,68,60.266666666666666,0.7173328995704651,-0.806284137571435
TOKYOTECH_s01,58,69,60.3,0.3413994610309601,-1.0379967208407348
TOKYOTECH_s01,58,70,60.333333333333336,0.24697309732437134,-1.2488003635680893
TOKYOTECH_s01,58,71,60.36666666666667,0.32001766562461853,-1.360447872154433
TOKYOTECH_s01,58,72,60.4,0.19149070978164673,-1.3001892077311328
TOKYOTECH_s01,58,73,60.43333333333333,0.04335395246744156,-1.0280282374676908
TOKYOTECH_s01,58,74,60.46666666666667,-0.10080572217702866,-0.5562012052087376
TOKYOTECH_s01,58,75,60.5,-0.27300190925598145,0.04713092987039497
TOKYOTECH_s01,58,76,60.53333333333333,-0.49871161580085754,0.6732469066751462
TOKYOTECH_s01,58,77,60.56666666666667,-0.7884485721588135,1.2032408831162418
TOKYOTECH_s01,58,78,60.6,-0.8511369228363037,1.5422445194502163
TOKYOTECH_s01,58,79,60.63333333333333,-0.715915858745575,1.64427413080279
TOKYOTECH_s01,58,80,60.666666666666664,-0.7114662528038025,1.5197089603057357
TOKYOTECH_s01,58,81,60.7,-0.8629500865936279,1.2255808304237172
TOKYOTECH_s01,58,82,60.733333333333334,-0.8420408368110657,0.8444302095161458
TOKYOTECH_s01,58,83,60.766666666666666,-0.317104309797287,0.4593483797100027
TOKYOTECH_s01,58,84,60.8,1.0243170261383057,0.13235059991521944
TOKYOTECH_s01,58,85,60.833333333333336,2.036663770675659,-0.10859785418228372
TOKYOTECH_s01,58,86,60.86666666666667,1.9405834674835205,-0.27122529148227925
TOKYOTECH_s01,58,87,60.9,1.4293895959854126,-0.38965592553255657
TOKYOTECH_s01,58,88,60.93333333333333,0.9749774932861328,-0.5075239965849151
TOKYOTECH_s01,58,89,60.96666666666667,0.6716554760932922,-0.6588190325901013
TOKYOTECH_s01,58,90,61.0,0.4458276033401489,-0.852140605460142
TOKYOTECH_s01,58,91,61.03333333333333,0.3615211546421051,-1.0630926527740034
TOKYOTECH_s01,58,92,61.06666666666667,0.42310699820518494,-1.2377475088313987
TOKYOTECH_s01,58,93,61.1,0.4503166079521179,-1.307396784504058
TOKYOTECH_s01,58,94,61.13333333333333,0.22114169597625732,-1.2112568762040226
TOKYOTECH_s01,58,95,61.166666666666664,-0.1424667239189148,-0.9203162836148947
TOKYOTECH_s01,58,96,61.2,-0.40743544697761536,-0.45363105947770116
TOKYOTECH_s01,58,97,61.233333333333334,-0.5226923227310181,0.12030878922399794
TOKYOTECH_s01,58,98,61.266666666666666,-0.6334601640701294,0.6995013288910447
TOKYOTECH_s01,58,99,61.3,-0.8063651323318481,1.1768257939960047
TOKYOTECH_s01,58,100,61.333333333333336,-0.8540114760398865,1.470093404900072
TOKYOTECH_s01,58,101,61.36666666666667,-0.8253449201583862,1.5422950879604682
TOKYOTECH_s01,58,102,61.4,-0.7820301055908203,1.4063500040912316
TOKYOTECH_s01,58,103,61.43333333333333,-0.7360376119613647,1.1159044907462168
TOKYOTECH_s01,58,104,61.46666666666667,-0.8661396503448486,0.7473327451282377
TOKYOTECH_s01,58,105,61.5,-0.6965029835700989,0.378451444768535
TOKYOTECH_s01,58,106,61.53333333333333,0.5932949781417847,0.0691043515624777
TOKYOTECH_s01,58,107,61.56666666666667,1.8814390897750854,-0.1518293714031778
TOKYOTECH_s01,58,108,61.6,1.9501127004623413,-0.2899022610885313
TOKYOTECH_s01,58,109,61.63333333333333,1.5865830183029175,-0.37832266368356604
TOKYOTECH_s01,58,110,61.666666666666664,1.216044306755066,-0.4630183328483682
TOKYOTECH_s01,58,111,61.7,0.8772434592247009,-0.5838754329026881
TOKYOTECH_s01,58,112,61.733333333333334,0.44744205474853516,-0.757459991659423
TOKYOTECH_s01,58,113,61.766666666666666,0.21023422479629517,-0.9663439420069078
TOKYOTECH_s01,58,114,61.8,0.34388020634651184,-1.1590714688358932
TOKYOTECH_s01,58,115,61.833333333333336,0.45232483744621277,-1.2625416369291949
TOKYOTECH_s01,58,116,61.86666666666667,0.3545120358467102,-1.204978564615242
TOKYOTECH_s01,58,117,61.9,0.058120373636484146,-0.9433528548212582
TOKYOTECH_s01,58,118,61.93333333333333,-0.3124184310436249,-0.4856695872556477
TOKYOTECH_s01,58,119,61.96666666666667,-0.6562595367431641,0.10188943529939146
TOKYOTECH_s01,58,120,62.0,-0.726626455783844,0.7088027592550638
TOKYOTECH_s01,58,121,62.03333333333333,-0.6863042712211609,1.2122935925608374
TOKYOTECH_s01,58,122,62.06666666666667,-0.7387546300888062,1.5153913550270883
TOKYOTECH_s01,58,123,62.1,-0.7893542051315308,1.5749745958142047
TOKYOTECH_s01,58,124,62.13333333333333,-0.8665727972984314,1.4095268200756719
TOKYOTECH_s01,58,125,62.166666666666664,-0.8494831323623657,1.086509977236529
TOKYOTECH_s01,58,126,62.2,-0.8315271139144897,0.696737668337891
TOKYOTECH_s01,58,127,62.233333333333334,-0.6767750382423401,0.3257727491299368
TOKYOTECH_s01,58,128,62.266666666666666,0.4173579514026642,0.03129933044813322
TOKYOTECH_s01,58,129,62.3,1.6502952575683594,-0.16793981806213623
TOKYOTECH_s01,58,130,62.333333333333336,1.7594486474990845,-0.2902474619872115
TOKYOTECH_s01,58,131,62.36666666666667,1.2997206449508667,-0.37833342826226923
TOKYOTECH_s01,58,132,62.4,0.9529656767845154,-0.48036586046129387
TOKYOTECH_s01,58,133,62.43333333333333,0.6698440909385681,-0.6301205276785977
TOKYOTECH_s01,58,134,62.46666666666667,0.360103577375412,-0.831745765836282
TOKYOTECH_s01,58,135,62.5,0.23082846403121948,-1.0537998818485295
TOKYOTECH_s01,58,136,62.53333333333333,0.3586072623729706,-1.235141468463279
TOKYOTECH_s01,58,137,62.56666666666667,0.43547141551971436,-1.3021117908277644
TOKYOTECH_s01,58,138,62.6,0.38936078548431396,-1.1928440635688782
TOKYOTECH_s01,58,139,62.63333333333333,0.038589317351579666,-0.881457566454426
TOKYOTECH_s01,58,140,62.666666666666664,-0.32753923535346985,-0.3935527739204504
TOKYOTECH_s01,58,141,62.7,-0.596327543258667,0.1941212330029598
TOKYOTECH_s01,58,142,62.733333333333334,-0.8641707897186279,0.7722265051580185
TOKYOTECH_s01,58,143,62.766666666666666,-0.86519455909729,1.230585379696954
TOKYOTECH_s01,58,144,62.8,-0.681500256061554,1.490877230968816
TOKYOTECH_s01,58,145,62.833333333333336,-0.7061503529548645,1.5267464864556002
TOKYOTECH_s01,58,146,62.86666666666667,-0.8600361943244934,1.3647945440889167
TOKYOTECH_s01,58,147,62.9,-0.8722824454307556,1.069405153990216
TOKYOTECH_s01,58,148,62.93333333333333,-0.8808667063713074,0.7194371323558827
TOKYOTECH_s01,58,149,62.96666666666667,-0.43846461176872253,0.38508479231484877
TOKYOTECH_s01,58,150,63.0,0.853971540927887,0.11127982875591938
TOKYOTECH_s01,58,151,63.03333333333333,1.8011490106582642,-0.0889054692611674
TOKYOTECH_s01,58,152,63.06666666666667,1.5858348608016968,-0.23076095237971297
TOKYOTECH_s01,58,153,63.1,1.016402244567871,-0.3469754805652889
TOKYOTECH_s01,58,154,63.13333333333333,0.8095147609710693,-0.47307129648539
TOKYOTECH_s01,58,155,63.166666666666664,0.6003828644752502,-0.633021116343618
TOKYOTECH_s01,58,156,63.2,0.18546602129936218,-0.8281692008724073
TOKYOTECH_s01,58,157,63.233333333333334,0.1626666635274887,-1.0320136958797015
TOKYOTECH_s01,58,158,63.266666666666666,0.28674399852752686,-1.1930189667534017
TOKYOTECH_s01,58,159,63.3,0.3280506134033203,-1.2466400960871966
TOKYOTECH_s01,58,160,63.333333333333336,0.03197396174073219,-1.135369561121333
TOKYOTECH_s01,58,161,63.36666666666667,-0.28686267137527466,-0.8319704590032408
TOKYOTECH_s01,58,162,63.4,-0.4179491400718689,-0.3575616615521181
TOKYOTECH_s01,58,163,63.43333333333333,-0.6382247805595398,0.21456595339709483
TOKYOTECH_s01,58,164,63.46666666666667,-0.7689568996429443,0.7745931952645901
TOKYOTECH_s01,58,165,63.5,-1.0585756301879883,1.2081114527408072
TOKYOTECH_s01,58,166,63.53333333333333,-1.051645278930664,1.432052924064538
TOKYOTECH_s01,58,167,63.56666666666667,-1.0129770040512085,1.419140561018702
TOKYOTECH_s01,58,168,63.6,-0.8923647999763489,1.201618295013952
TOKYOTECH_s01,58,169,63.63333333333333,-0.9091394543647766,0.8554057787934658
TOKYOTECH_s01,58,170,63.666666666666664,-1.0973621606826782,0.47304384893408286
TOKYOTECH_s01,58,171,63.7,-0.8533814549446106,0.13571318327943835
TOKYOTECH_s01,58,172,63.733333333333334,0.5127293467521667,-0.10734797721987906
TOKYOTECH_s01,58,173,63.766666666666666,1.79910147190094,-0.24742348634059488
TOKYOTECH_s01,58,174,63.8,1.7443279027938843,-0.312074669583127
TOKYOTECH_s01,58,175,63.833333333333336,1.2004903554916382,-0.350424657632284
TOKYOTECH_s01,58,176,63.86666666666667,0.9504061341285706,-0.41275687186872767
TOKYOTECH_s01,58,177,63.9,0.7482439875602722,-0.5305629848558454
TOKYOTECH_s01,58,178,63.93333333333333,0.41562533378601074,-0.7030549140241971
TOKYOTECH_s01,58,179,63.96666666666667,0.08072284609079361,-0.8944389069877239
TOKYOTECH_s01,58,180,64.0,0.031186416745185852,-1.0431949822686426
TOKYOTECH_s01,58,181,64.03333333333333,0.057175323367118835,-1.0809618794891485
TOKYOTECH_s01,58,182,64.06666666666666,-0.03949553146958351,-0.9554758548797844
TOKYOTECH_s01,58,183,64.1,-0.22031532227993011,-0.6504892087024371
TOKYOTECH_s01,58,184,64.13333333333334,-0.4681549668312073,-0.19625889757559298
TOKYOTECH_s01,58,185,64.16666666666667,-0.7528122663497925,0.3335034252804974
TOKYOTECH_s01,58,186,64.2,-0.8940186500549316,0.8389544456071617
TOKYOTECH_s01,58,187,64.23333333333333,-0.9256778359413147,1.2216776517653596
TOKYOTECH_s01,58,188,64.26666666666667,-0.9824596643447876,1.4132394972328066
TOKYOTECH_s01,58,189,64.3,-1.0081335306167603,1.393785302259385
TOKYOTECH_s01,58,190,64.33333333333333,-1.0317991971969604,1.193980532274596
TOKYOTECH_s01,58,191,64.36666666666666,-1.1577666997909546,0.8809485638463053
TOKYOTECH_s01,58,192,64.4,-1.2611709833145142,0.534685185936202
TOKYOTECH_s01,58,193,64.43333333333334,-1.0652698278427124,0.2237065269213431
TOKYOTECH_s01,58,194,64.46666666666667,-0.035794083029031754,-0.012432362162677556
TOKYOTECH_s01,58,195,64.5,1.5178699493408203,-0.16941097266748278
TOKYOTECH_s01,58,196,64.53333333333333,1.9621227979660034,-0.2728019490041484
TOKYOTECH_s01,58,197,64.56666666666666,1.3837515115737915,-0.3640223621960672
TOKYOTECH_s01,58,198,64.6,0.9263861179351807,-0.4824432502081582
TOKYOTECH_s01,58,199,64.63333333333334,0.6824447512626648,-0.6488846635128427
TOKYOTECH_s01,58,200,64.66666666666667,0.24165718257427216,-0.8548143310251729
TOKYOTECH_s01,58,201,64.7,-0.05375005304813385,-1.060233699480216
TOKYOTECH_s01,58,202,64.73333333333333,0.026224900037050247,-1.2018634006416848
TOKYOTECH_s01,58,203,64.76666666666667,0.02291722036898136,-1.2110926249643825
TOKYOTECH_s01,58,204,64.8,-0.024925993755459785,-1.0377628640239125
TOKYOTECH_s01,58,205,64.83333333333333,-0.16058020293712616,-0.6723527998689851
TOKYOTECH_s01,58,206,64.86666666666666,-0.34195128083229065,-0.15759124697221735
TOKYOTECH_s01,58,207,64.9,-0.5565172433853149,0.4172178969075565
TOKYOTECH_s01,58,208,64.93333333333334,-0.7341868877410889,0.9395872837548009
TOKYOTECH_s01,58,209,64.96666666666667,-0.9404048919677734,1.30737706319978
TOKYOTECH_s01,58,210,65.0,-1.0491251945495605,1.4592142885203023
TOKYOTECH_s01,58,211,65.03333333333333,-1.0408560037612915,1.3894466193218917
TOKYOTECH_s01,58,212,65.06666666666666,-0.9853342175483704,1.14326721535009
TOKYOTECH_s01,58,213,65.1,-1.047471284866333,0.7968691528724056
TOKYOTECH_s01,58,214,65.13333333333334,-1.0685774087905884,0.43185710132495125
TOKYOTECH_s01,58,215,65.16666666666667,-0.7977021932601929,0.11249674112225183
TOKYOTECH_s01,58,216,65.2,0.30655068159103394,-0.12847706465226463
TOKYOTECH_s01,58,217,65.23333333333333,1.5535850524902344,-0.2930323983156051
TOKYOTECH_s01,58,218,65.26666666666667,1.664825439453125,-0.4104571274313429
TOKYOTECH_s01,58,219,65.3,1.1563879251480103,-0.5222580971954126
TOKYOTECH_s01,58,220,65.33333333333333,0.7289491891860962,-0.663903565954941
TOKYOTECH_s01,58,221,65.36666666666666,0.35222816467285156,-0.8486608535454603
TOKYOTECH_s01,58,222,65.4,0.016656257212162018,-1.0582106555314137
TOKYOTECH_s01,58,223,65.43333333333334,-0.09966378659009933,-1.2432959439328402
TOKYOTECH_s01,58,224,65.46666666666667,0.08190416544675827,-1.3356522628007605
TOKYOTECH_s01,58,225,65.5,0.2597706615924835,-1.2693961095100488
TOKYOTECH_s01,58,226,65.53333333333333,0.14864839613437653,-1.0060445091166983
TOKYOTECH_s01,58,227,65.56666666666666,-0.1927907019853592,-0.5542557002777588
TOKYOTECH_s01,58,228,65.6,-0.5129267573356628,0.02450643876736734
TOKYOTECH_s01,58,229,65.63333333333334,-0.7297766208648682,0.6288308571520963
TOKYOTECH_s01,58,230,65.66666666666667,-0.9876968264579773,1.14570612118061
TOKYOTECH_s01,58,231,65.7,-1.0785398483276367,1.4842218000093397
TOKYOTECH_s01,58,232,65.73333333333333,-1.0592451095581055,1.6016239016203693
TOKYOTECH_s01,58,233,65.76666666666667,-0.999864399433136,1.5119754135474803
TOKYOTECH_s01,58,234,65.8,-0.938081681728363,1.2756423316422887
TOKYOTECH_s01,58,235,65.83333333333333,-0.8636589050292969,0.9755510114531022
TOKYOTECH_s01,58,236,65.86666666666666,-0.7182785272598267,0.6894627645998976
TOKYOTECH_s01,58,237,65.9,0.37353119254112244,0.4669278034750262
TOKYOTECH_s01,58,238,65.93333333333334,1.733656644821167,0.31738019186229455
TOKYOTECH_s01,58,239,65.96666666666667,1.873839259147644,0.21254453393994918
TOKYOTECH_s01,59,0,59.0,0.3814460039138794,0.12366807242345687
TOKYOTECH_s01,59,1,59.03333333333333,0.13699276745319366,0.6375576654874958
TOKYOTECH_s01,59,2,59.06666666666667,-0.11864356696605682,1.1047833029564644
TOKYOTECH_s01,59,3,59.1,-0.4102706015110016,1.480895438464365
TOKYOTECH_s01,59,4,59.13333333333333,-0.7474963665008545,1.724857580009823
TOKYOTECH_s01,59,5,59.166666666666664,-0.8299914002418518,1.8086248885344007
TOKYOTECH_s01,59,6,59.2,-0.8190051913261414,1.7271454471188479
TOKYOTECH_s01,59,7,59.233333333333334,-0.7775804400444031,1.5025726373159836
TOKYOTECH_s01,59,8,59.266666666666666,-0.6982749104499817,1.1796281718147559
TOKYOTECH_s01,59,9,59.3,-0.7267445921897888,0.8137384254273813
TOKYOTECH_s01,59,10,59.333333333333336,-0.8295976519584656,0.4562516081008287
TOKYOTECH_s01,59,11,59.36666666666667,-0.38262784481048584,0.14153205167056587
TOKYOTECH_s01,59,12,59.4,0.9319382905960083,-0.11988353688720958
TOKYOTECH_s01,59,13,59.43333333333333,1.9284553527832031,-0.3396806498963923
TOKYOTECH_s01,59,14,59.46666666666667,1.8886057138442993,-0.5423370092956118
TOKYOTECH_s01,59,15,59.5,1.4257274866104126,-0.751336009873913
TOKYOTECH_s01,59,16,59.53333333333333,1.0867691040039062,-0.9757416283196974
TOKYOTECH_s01,59,17,59.56666666666667,0.7208768725395203,-1.2014545611979113
TOKYOTECH_s01,59,18,59.6,0.3608911335468292,-1.3900886963544137
TOKYOTECH_s01,59,19,59.63333333333333,0.22846584022045135,-1.4865936287509998
TOKYOTECH_s01,59,20,59.666666666666664,0.30131351947784424,-1.4346957413607575
TOKYOTECH_s01,59,21,59.7,0.31375670433044434,-1.1967811382257663
TOKYOTECH_s01,59,22,59.733333333333334,0.21732211112976074,-0.7722682698614706
TOKYOTECH_s01,59,23,59.766666666666666,0.04303893446922302,-0.20709632483418766
TOKYOTECH_s01,59,24,59.8,-0.29591941833496094,0.4116444289786474
TOKYOTECH_s01,59,25,59.833333333333336,-0.48760727047920227,0.9766123130651693
TOKYOTECH_s01,59,26,59.86666666666667,-0.6514555215835571,1.3896828344824665
TOKYOTECH_s01,59,27,59.9,-0.7670273780822754,1.5883682319930497
TOKYOTECH_s01,59,28,59.93333333333333,-0.7606089115142822,1.5596916252213133
TOKYOTECH_s01,59,29,59.96666666666667,-0.6320031881332397,1.338431267743733
TOKYOTECH_s01,59,30,60.0,-0.6232615113258362,0.9925961572779824
TOKYOTECH_s01,59,31,60.03333333333333,-0.6900057196617126,0.6021854091052947
TOKYOTECH_s01,59,32,60.06666666666667,-0.23708997666835785,0.23771257080401176
TOKYOTECH_s01,59,33,60.1,1.1315803527832031,-0.05618452353814727
TOKYOTECH_s01,59,34,60.13333333333333,2.005870819091797,-0.2683489115761203
TOKYOTECH_s01,59,35,60.166666666666664,1.7385787963867188,-0.4182273791355513
TOKYOTECH_s01,59,36,60.2,1.3322855234146118,-0.5434248083183774
TOKYOTECH_s01,59,37,60.233333333333334,1.0512903928756714,-0.6813950399217926
TOKYOTECH_s01,59,38,60.266666666666666,0.7173328995704651,-0.8510789666646931
TOKYOTECH_s01,59,39,60.3,0.3413994610309601,-1.0408543510195536
TOKYOTECH_s01,59,40,60.333333333333336,0.24697309732437134,-1.2076334761966263
TOKYOTECH_s01,59,41,60.36666666666667,0.32001766562461853,-1.28848709629755
TOKYOTECH_s01,59,42,60.4,0.19149070978164673,-1.221734770208215
TOKYOTECH_s01,59,43,60.43333333333333,0.04335395246744156,-0.9706793720362673
TOKYOTECH_s01,59,44,60.46666666666667,-0.10080572217702866,-0.5416141130109348
TOKYOTECH_s01,59,45,60.5,-0.27300190925598145,0.01103986398885984
TOKYOTECH_s01,59,46,60.53333333333333,-0.49871161580085754,0.5957289072999247
TOKYOTECH_s01,59,47,60.56666666666667,-0.7884485721588135,1.108144073255021
TOKYOTECH_s01,59,48,60.6,-0.8511369228363037,1.4601004277391672
TOKYOTECH_s01,59,49,60.63333333333333,-0.715915858745575,1.6018931968178416
TOKYOTECH_s01,59,50,60.666666666666664,-0.7114662528038025,1.5310275941411904
TOKYOTECH_s01,59,51,60.7,-0.8629500865936279,1.286807854651954
TOKYOTECH_s01,59,52,60.733333333333334,-0.8420408368110657,0.934949628745126
TOKYOTECH_s01,59,53,60.766666666666666,-0.317104309797287,0.5480183118605886
TOKYOTECH_s01,59,54,60.8,1.0243170261383057,0.187146191928732
TOKYOTECH_s01,59,55,60.833333333333336,2.036663770675659,-0.11071152507071849
TOKYOTECH_s01,59,56,60.86666666666667,1.9405834674835205,-0.3372005755730995
TOKYOTECH_s01,59,57,60.9,1.4293895959854126,-0.5079398718927315
TOKYOTECH_s01,59,58,60.93333333333333,0.9749774932861328,-0.6507932592312957
TOKYOTECH_s01,59,59,60.96666666666667,0.6716554760932922,-0.7911258368682209
TOKYOTECH_s01,59,60,61.0,0.4458276033401489,-0.9386523311217595
TOKYOTECH_s01,59,61,61.03333333333333,0.3615211546421051,-1.0798176056795117
TOKYOTECH_s01,59,62,61.06666666666667,0.42310699820518494,-1.178479624750849
TOKYOTECH_s01,59,63,61.1,0.4503166079521179,-1.1857326784186648
TOKYOTECH_s01,59,64,61.13333333333333,0.22114169597625732,-1.0567824852343162
TOKYOTECH_s01,59,65,61.166666666666664,-0.1424667239189148,-0.769717115964639
TOKYOTECH_s01,59,66,61.2,-0.40743544697761536,-0.33925916592190536
TOKYOTECH_s01,59,67,61.233333333333334,-0.5226923227310181,0.1806144305287224
TOKYOTECH_s01,59,68,61.266666666666666,-0.6334601640701294,0.7075900731241078
TOKYOTECH_s01,59,69,61.3,-0.8063651323318481,1.1523373263077932
TOKYOTECH_s01,59,70,61.333333333333336,-0.8540114760398865,1.442209038130996
TOKYOTECH_s01,59,71,61.36666666666667,-0.8253449201583862,1.538402037934446
TOKYOTECH_s01,59,72,61.4,-0.7820301055908203,1.4417786276739497
TOKYOTECH_s01,59,73,61.43333333333333,-0.7360376119613647,1.1880272178174083
TOKYOTECH_s01,59,74,61.46666666666667,-0.8661396503448486,0.8356932568648427
TOKYOTECH_s01,59,75,61.5,-0.6965029835700989,0.4509029718926137
TOKYOTECH_s01,59,76,61.53333333333333,0.5932949781417847,0.09219868235982331
TOKYOTECH_s01,59,77,61.56666666666667,1.8814390897750854,-0.2014463445355916
TOKYOTECH_s01,59,78,61.6,1.9501127004623413,-0.41685303470806384
TOKYOTECH_s01,59,79,61.63333333333333,1.5865830183029175,-0.5655820990149981
TOKYOTECH_s01,59,80,61.666666666666664,1.216044306755066,-0.6758459281495861
TOKYOTECH_s01,59,81,61.7,0.8772434592247009,-0.7794639695741026
TOKYOTECH_s01,59,82,61.733333333333334,0.44744205474853516,-0.8972118692545243
TOKYOTECH_s01,59,83,61.766666666666666,0.21023422479629517,-1.026790546623318
TOKYOTECH_s01,59,84,61.8,0.34388020634651184,-1.1380595392214763
TOKYOTECH_s01,59,85,61.833333333333336,0.45232483744621277,-1.1790265441357133
TOKYOTECH_s01,59,86,61.86666666666667,0.3545120358467102,-1.0926440159409032
TOKYOTECH_s01,59,87,61.9,0.058120373636484146,-0.8398326506618415
TOKYOTECH_s01,59,88,61.93333333333333,-0.3124184310436249,-0.420430287516531
TOKYOTECH_s01,59,89,61.96666666666667,-0.6562595367431641,0.11717141755032955
TOKYOTECH_s01,59,90,62.0,-0.726626455783844,0.6838957906257159
TOKYOTECH_s01,59,91,62.03333333333333,-0.6863042712211609,1.1744310136248381
TOKYOTECH_s01,59,92,62.06666666666667,-0.7387546300888062,1.4988035592973736
TOKYOTECH_s01,59,93,62.1,-0.7893542051315308,1.6077147447735272
TOKYOTECH_s01,59,94,62.13333333333333,-0.8665727972984314,1.5024925068994006
TOKYOTECH_s01,59,95,62.166666666666664,-0.8494831323623657,1.2286489765629123
TOKYOTECH_s01,59,96,62.2,-0.8315271139144897,0.8580193053464388
TOKYOTECH_s01,59,97,62.233333333333334,-0.6767750382423401,0.4666560042811371
TOKYOTECH_s01,59,98,62.266666666666666,0.4173579514026642,0.11519758478742441
TOKYOTECH_s01,59,99,62.3,1.6502952575683594,-0.16351901389949103
TOKYOTECH_s01,59,100,62.333333333333336,1.7594486474990845,-0.367382732153424
TOKYOTECH_s01,59,101,62.36666666666667,1.2997206449508667,-0.5187411602175044
TOKYOTECH_s01,59,102,62.4,0.9529656767845154,-0.6512852496345176
TOKYOTECH_s01,59,103,62.43333333333333,0.6698440909385681,-0.7939200255454021
TOKYOTECH_s01,59,104,62.46666666666667,0.360103577375412,-0.9562592260168377
TOKYOTECH_s01,59,105,62.5,0.23082846403121948,-1.120347982861479
TOKYOTECH_s01,59,106,62.53333333333333,0.3586072623729706,-1.242083705912758
TOKYOTECH_s01,59,107,62.56666666666667,0.43547141551971436,-1.263300062994503
TOKYOTECH_s01,59,108,62.6,0.38936078548431396,-1.131860351353996
TOKYOTECH_s01,59,109,62.63333333333333,0.038589317351579666,-0.8235769386493963
TOKYOTECH_s01,59,110,62.666666666666664,-0.32753923535346985,-0.3578822961093712
TOKYOTECH_s01,59,111,62.7,-0.596327543258667,0.1999834726511596
TOKYOTECH_s01,59,112,62.733333333333334,-0.8641707897186279,0.7534740017625899
TOKYOTECH_s01,59,113,62.766666666666666,-0.86519455909729,1.2022453061225722
TOKYOTECH_s01,59,114,62.8,-0.681500256061554,1.47187666239307
TOKYOTECH_s01,59,115,62.833333333333336,-0.7061503529548645,1.5331929347092053
TOKYOTECH_s01,59,116,62.86666666666667,-0.8600361943244934,1.404649575749856
TOKYOTECH_s01,59,117,62.9,-0.8722824454307556,1.1399872486239524
TOKYOTECH_s01,59,118,62.93333333333333,-0.8808667063713074,0.808298670370113
TOKYOTECH_s01,59,119,62.96666666666667,-0.43846461176872253,0.4739218721838006
TOKYOTECH_s01,59,120,63.0,0.853971540927887,0.18149380927610392
TOKYOTECH_s01,59,121,63.03333333333333,1.8011490106582642,-0.05108384767031007
TOKYOTECH_s01,59,122,63.06666666666667,1.5858348608016968,-0.23122708084550606
TOKYOTECH_s01,59,123,63.1,1.016402244567871,-0.3831271370989076
TOKYOTECH_s01,59,124,63.13333333333333,0.8095147609710693,-0.5350583328380837
TOKYOTECH_s01,59,125,63.166666666666664,0.6003828644752502,-0.7063514794973236
TOKYOTECH_s01,59,126,63.2,0.18546602129936218,-0.8974384240424195
TOKYOTECH_s01,59,127,63.233333333333334,0.1626666635274887,-1.085296435773093
TOKYOTECH_s01,59,128,63.266666666666666,0.28674399852752686,-1.225654083661069
TOKYOTECH_s01,59,129,63.3,0.3280506134033203,-1.262582690275542
TOKYOTECH_s01,59,130,63.333333333333336,0.03197396174073219,-1.1449765129249259
TOKYOTECH_s01,59,131,63.36666666666667,-0.28686267137527466,-0.8468700916061362
TOKYOTECH_s01,59,132,63.4,-0.4179491400718689,-0.38484590207122216
TOKYOTECH_s01,59,133,63.43333333333333,-0.6382247805595398,0.17620189158790361
TOKYOTECH_s01,59,134,63.46666666666667,-0.7689568996429443,0.7350200676204832
TOKYOTECH_s01,59,135,63.5,-1.0585756301879883,1.1821147296266297
TOKYOTECH_s01,59,136,63.53333333333333,-1.051645278930664,1.4333360678621219
TOKYOTECH_s01,59,137,63.56666666666667,-1.0129770040512085,1.4544097737242954
TOKYOTECH_s01,59,138,63.6,-0.8923647999763489,1.2671405800946336
TOKYOTECH_s01,59,139,63.63333333333333,-0.9091394543647766,0.9374598877467052
TOKYOTECH_s01,59,140,63.666666666666664,-1.0973621606826782,0.5521628884854778
TOKYOTECH_s01,59,141,63.7,-0.8533814549446106,0.19312813081843475
TOKYOTECH_s01,59,142,63.733333333333334,0.5127293467521667,-0.08352383701913174
TOKYOTECH_s01,59,143,63.766666666666666,1.79910147190094,-0.25856660881236654
TOKYOTECH_s01,59,144,63.8,1.7443279027938843,-0.3490937296419422
TOKYOTECH_s01,59,145,63.833333333333336,1.2004903554916382,-0.39703639122860956
TOKYOTECH_s01,59,146,63.86666666666667,0.9504061341285706,-0.450555890524927
TOKYOTECH_s01,59,147,63.9,0.7482439875602722,-0.5443211847227474
TOKYOTECH_s01,59,148,63.93333333333333,0.41562533378601074,-0.6850417805974169
TOKYOTECH_s01,59,149,63.96666666666667,0.08072284609079361,-0.8468777680602658
TOKYOTECH_s01,59,150,64.0,0.031186416745185852,-0.9781016603188034
TOKYOTECH_s01,59,151,64.03333333333333,0.057175323367118835,-1.0168760017618723
TOKYOTECH_s01,59,152,64.06666666666666,-0.03949553146958351,-0.911451547350362
TOKYOTECH_s01,59,153,64.1,-0.22031532227993011,-0.6390773034174537
TOKYOTECH_s01,59,154,64.13333333333334,-0.4681549668312073,-0.218305884028781
TOKYOTECH_s01,59,155,64.16666666666667,-0.7528122663497925,0.2896056207468998
TOKYOTECH_s01,59,156,64.2,-0.8940186500549316,0.7928457764964002
TOKYOTECH_s01,59,157,64.23333333333333,-0.9256778359413147,1.193379296396383
TOKYOTECH_s01,59,158,64.26666666666667,-0.9824596643447876,1.4158008142202292
TOKYOTECH_s01,59,159,64.3,-1.0081335306167603,1.4292418899657537
TOKYOTECH_s01,59,160,64.33333333333333,-1.0317991971969604,1.2535721052702595
TOKYOTECH_s01,59,161,64.36666666666666,-1.1577666997909546,0.9484608357565516
TOKYOTECH_s01,59,162,64.4,-1.2611709833145142,0.5910525547074696
TOKYOTECH_s01,59,163,64.43333333333334,-1.0652698278427124,0.2515600759183198
TOKYOTECH_s01,59,164,64.46666666666667,-0.035794083029031754,-0.02497852412712725
TOKYOTECH_s01,59,165,64.5,1.5178699493408203,-0.22633189211835186
TOKYOTECH_s01,59,166,64.53333333333333,1.9621227979660034,-0.3696049549484732
TOKYOTECH_s01,59,167,64.56666666666666,1.3837515115737915,-0.48918369622605523
TOKYOTECH_s01,59,168,64.6,0.9263861179351807,-0.6204791497173922
TOKYOTECH_s01,59,169,64.63333333333334,0.6824447512626648,-0.7843356551269677
TOKYOTECH_s01,59,170,64.66666666666667,0.24165718257427216,-0.97617483321531
TOKYOTECH_s01,59,171,64.7,-0.05375005304813385,-1.1627196998454319
TOKYOTECH_s01,59,172,64.73333333333333,0.026224900037050247,-1.2879868027356776
TOKYOTECH_s01,59,173,64.76666666666667,0.02291722036898136,-1.2884915230107896
TOKYOTECH_s01,59,174,64.8,-0.024925993755459785,-1.1146998247565043
TOKYOTECH_s01,59,175,64.83333333333333,-0.16058020293712616,-0.7524330752041914
TOKYOTECH_s01,59,176,64.86666666666666,-0.34195128083229065,-0.23594226547053818
TOKYOTECH_s01,59,177,64.9,-0.5565172433853149,0.35438046272546275
TOKYOTECH_s01,59,178,64.93333333333334,-0.7341868877410889,0.9114767466773983
TOKYOTECH_s01,59,179,64.96666666666667,-0.9404048919677734,1.3325058510315335
TOKYOTECH_s01,59,180,65.0,-1.0491251945495605,1.549036890024881
TOKYOTECH_s01,59,181,65.03333333333333,-1.0408560037612915,1.5441478361788055
TOKYOTECH_s01,59,182,65.06666666666666,-0.9853342175483704,1.3510634281774048
TOKYOTECH_s01,59,183,65.1,-1.047471284866333,1.0368501791535703
TOKYOTECH_s01,59,184,65.13333333333334,-1.0685774087905884,0.6793000701867005
TOKYOTECH_s01,59,185,65.16666666666667,-0.7977021932601929,0.34498238156206895
TOKYOTECH_s01,59,186,65.2,0.30655068159103394,0.07404346742730063
TOKYOTECH_s01,59,187,65.23333333333333,1.5535850524902344,-0.12547228206424388
TOKYOTECH_s01,59,188,65.26666666666667,1.664825439453125,-0.27343773031499335
TOKYOTECH_s01,59,189,65.3,1.1563879251480103,-0.4053302796281933
TOKYOTECH_s01,59,190,65.33333333333333,0.7289491891860962,-0.5554234330213093
TOKYOTECH_s01,59,191,65.36666666666666,0.35222816467285156,-0.7404433708401728
TOKYOTECH_s01,59,192,65.4,0.016656257212162018,-0.9488240702106507
TOKYOTECH_s01,59,193,65.43333333333334,-0.09966378659009933,-1.139461747324416
TOKYOTECH_s01,59,194,65.46666666666667,0.08190416544675827,-1.251361300408485
TOKYOTECH_s01,59,195,65.5,0.2597706615924835,-1.2223055219113375
TOKYOTECH_s01,59,196,65.53333333333333,0.14864839613437653,-1.0114562872637871
TOKYOTECH_s01,59,197,65.56666666666666,-0.1927907019853592,-0.6185028527294518
TOKYOTECH_s01,59,198,65.6,-0.5129267573356628,-0.0916748464652262
TOKYOTECH_s01,59,199,65.63333333333334,-0.7297766208648682,0.4802418564802016
TOKYOTECH_s01,59,200,65.66666666666667,-0.9876968264579773,0.9908982009121963
TOKYOTECH_s01,59,201,65.7,-1.0785398483276367,1.3467953183859114
TOKYOTECH_s01,59,202,65.73333333333333,-1.0592451095581055,1.493558341515738
TOKYOTECH_s01,59,203,65.76666666666667,-0.999864399433136,1.4280474069484392
TOKYOTECH_s01,59,204,65.8,-0.938081681728363,1.193167840285025
TOKYOTECH_s01,59,205,65.83333333333333,-0.8636589050292969,0.8597281555563363
TOKYOTECH_s01,59,206,65.86666666666666,-0.7182785272598267,0.503194462881498
TOKYOTECH_s01,59,207,65.9,0.37353119254112244,0.18285867641806014
TOKYOTECH_s01,59,208,65.93333333333334,1.733656644821167,-0.07105295427997198
TOKYOTECH_s01,59,209,65.96666666666667,1.873839259147644,-0.25963150009359814
TOKYOTECH_s01,59,210,66.0,1.1741076707839966,-0.4075161990018602
TOKYOTECH_s01,59,211,66.03333333333333,0.6533451080322266,-0.5484296550316563
TOKYOTECH_s01,59,212,66.06666666666666,0.3975512385368347,-0.7085990439102826
TOKYOTECH_s01,59,213,66.1,0.04276329278945923,-0.8928300525618921
TOKYOTECH_s01,59,214,66.13333333333334,-0.20818716287612915,-1.0776306197288892
TOKYOTECH_s01,59,215,66.16666666666667,-0.10702730715274811,-1.2144947234400156
TOKYOTECH_s01,59,216,66.2,0.023389745503664017,-1.243769417204991
TOKYOTECH_s01,59,217,66.23333333333333,-0.026461701840162277,-1.1157760983484266
TOKYOTECH_s01,59,218,66.26666666666667,-0.1678255945444107,-0.8122640714443145
TOKYOTECH_s01,59,219,66.3,-0.3797926902770996,-0.3596652013665952
TOKYOTECH_s01,59,220,66.33333333333333,-0.600816547870636,0.1724886067141968
TOKYOTECH_s01,59,221,66.36666666666666,-0.8332991003990173,0.6889978514910694
TOKYOTECH_s01,59,222,66.4,-1.026207685470581,1.0959815192901754
TOKYOTECH_s01,59,223,66.43333333333334,-1.1001185178756714,1.3266550236174246
TOKYOTECH_s01,59,224,66.46666666666667,-1.1173657178878784,1.3566106759733838
TOKYOTECH_s01,59,225,66.5,-1.1843856573104858,1.2049081302740654
TOKYOTECH_s01,59,226,66.53333333333333,-1.1383143663406372,0.9230951656285942
TOKYOTECH_s01,59,227,66.56666666666666,-0.894609272480011,0.5777584625231503
TOKYOTECH_s01,59,228,66.6,0.33537474274635315,0.23270722479533312
TOKYOTECH_s01,59,229,66.63333333333334,1.689239263534546,-0.06452898157843863
TOKYOTECH_s01,59,230,66.66666666666667,1.769292950630188,-0.28917594399249363
TOKYOTECH_s01,59,231,66.7,1.2692034244537354,-0.4380785427149662
TOKYOTECH_s01,59,232,66.73333333333333,0.9083513617515564,-0.522615802553507
TOKYOTECH_s01,59,233,66.76666666666667,0.5334023237228394,-0.5591687733485746
TOKYOTECH_s01,59,234,66.8,0.1419936567544937,-0.5612541878908371
TOKYOTECH_s01,59,235,66.83333333333333,-0.053277526050806046,-0.5361345421865956
TOKYOTECH_s01,59,236,66.86666666666666,0.0752888023853302,-0.4858931666232953
TOKYOTECH_s01,59,237,66.9,0.29769083857536316,-0.41069113429071435
TOKYOTECH_s01,59,238,66.93333333333334,0.20369762182235718,-0.31181298124782697
TOKYOTECH_s01,59,239,66.96666666666667,-0.04063746705651283,-0.19336593385046605
TOKYOTECH_s01,60,0,60.0,-0.6232615113258362,-0.13805604981034755
TOKYOTECH_s01,60,1,60.03333333333333,-0.6900057196617126,-0.39582827702953977
TOKYOTECH_s01,60,2,60.06666666666667,-0.23708997666835785,-0.6245283822585317
TOKYOTECH_s01,60,3,60.1,1.1315803527832031,-0.8088709628200514
TOKYOTECH_s01,60,4,60.13333333333333,2.005870819091797,-0.9494760304653176
TOKYOTECH_s01,60,5,60.166666666666664,1.7385787963867188,-1.0627398183796943
TOKYOTECH_s01,60,6,60.2,1.3322855234146118,-1.1728401508349684
TOKYOTECH_s01,60,7,60.233333333333334,1.0512903928756714,-1.298083963265535
TOKYOTECH_s01,60,8,60.266666666666666,0.7173328995704651,-1.4370614003531519
TOKYOTECH_s01,60,9,60.3,0.3413994610309601,-1.5611456767479406
TOKYOTECH_s01,60,10,60.333333333333336,0.24697309732437134,-1.6180169139884193
TOKYOTECH_s01,60,11,60.36666666666667,0.32001766562461853,-1.5467091737611152
TOKYOTECH_s01,60,12,60.4,0.19149070978164673,-1.2998057056201702
TOKYOTECH_s01,60,13,60.43333333333333,0.04335395246744156,-0.8648265471069341
TOKYOTECH_s01,60,14,60.46666666666667,-0.10080572217702866,-0.27620212198801253
TOKYOTECH_s01,60,15,60.5,-0.27300190925598145,0.38789479572157143
TOKYOTECH_s01,60,16,60.53333333333333,-0.49871161580085754,1.0239589965885296
TOKYOTECH_s01,60,17,60.56666666666667,-0.7884485721588135,1.5307038141666882
TOKYOTECH_s01,60,18,60.6,-0.8511369228363037,1.835684740516341
TOKYOTECH_s01,60,19,60.63333333333333,-0.715915858745575,1.911593164189391
TOKYOTECH_s01,60,20,60.666666666666664,-0.7114662528038025,1.7780599468299514
TOKYOTECH_s01,60,21,60.7,-0.8629500865936279,1.4908377489604847
TOKYOTECH_s01,60,22,60.733333333333334,-0.8420408368110657,1.1234057454247777
TOKYOTECH_s01,60,23,60.766666666666666,-0.317104309797287,0.746565721710926
TOKYOTECH_s01,60,24,60.8,1.0243170261383057,0.41119861941303665
TOKYOTECH_s01,60,25,60.833333333333336,2.036663770675659,0.13843263185001375
TOKYOTECH_s01,60,26,60.86666666666667,1.9405834674835205,-0.0803186600058646
TOKYOTECH_s01,60,27,60.9,1.4293895959854126,-0.2737387693892232
TOKYOTECH_s01,60,28,60.93333333333333,0.9749774932861328,-0.47478827585722
TOKYOTECH_s01,60,29,60.96666666666667,0.6716554760932922,-0.7039950219850696
TOKYOTECH_s01,60,30,61.0,0.4458276033401489,-0.9570109919073592
TOKYOTECH_s01,60,31,61.03333333333333,0.3615211546421051,-1.200207072425027
TOKYOTECH_s01,60,32,61.06666666666667,0.42310699820518494,-1.3764490086396617
TOKYOTECH_s01,60,33,61.1,0.4503166079521179,-1.4208423040149176
TOKYOTECH_s01,60,34,61.13333333333333,0.22114169597625732,-1.282739138813758
TOKYOTECH_s01,60,35,61.166666666666664,-0.1424667239189148,-0.9469196193276036
TOKYOTECH_s01,60,36,61.2,-0.40743544697761536,-0.4456037037987439
TOKYOTECH_s01,60,37,61.233333333333334,-0.5226923227310181,0.14475210673880384
TOKYOTECH_s01,60,38,61.266666666666666,-0.6334601640701294,0.7222269160217749
TOKYOTECH_s01,60,39,61.3,-0.8063651323318481,1.1873612716165698
TOKYOTECH_s01,60,40,61.333333333333336,-0.8540114760398865,1.4694318249310503
TOKYOTECH_s01,60,41,61.36666666666667,-0.8253449201583862,1.5413388492756304
TOKYOTECH_s01,60,42,61.4,-0.7820301055908203,1.4197949423697458
TOKYOTECH_s01,60,43,61.43333333333333,-0.7360376119613647,1.1542615588867184
TOKYOTECH_s01,60,44,61.46666666666667,-0.8661396503448486,0.8105309470301627
TOKYOTECH_s01,60,45,61.5,-0.6965029835700989,0.4537771414828832
TOKYOTECH_s01,60,46,61.53333333333333,0.5932949781417847,0.13429691921882064
TOKYOTECH_s01,60,47,61.56666666666667,1.8814390897750854,-0.12175358479063886
TOKYOTECH_s01,60,48,61.6,1.9501127004623413,-0.31485709899858483
TOKYOTECH_s01,60,49,61.63333333333333,1.5865830183029175,-0.46707883553053386
TOKYOTECH_s01,60,50,61.666666666666664,1.216044306755066,-0.610520996411613
TOKYOTECH_s01,60,51,61.7,0.8772434592247009,-0.7723680784879737
TOKYOTECH_s01,60,52,61.733333333333334,0.44744205474853516,-0.960811128433215
TOKYOTECH_s01,60,53,61.766666666666666,0.21023422479629517,-1.1563430818338363
TOKYOTECH_s01,60,54,61.8,0.34388020634651184,-1.3121357722823683
TOKYOTECH_s01,60,55,61.833333333333336,0.45232483744621277,-1.3651372905086698
TOKYOTECH_s01,60,56,61.86666666666667,0.3545120358467102,-1.2561435586323086
TOKYOTECH_s01,60,57,61.9,0.058120373636484146,-0.9532666154580705
TOKYOTECH_s01,60,58,61.93333333333333,-0.3124184310436249,-0.47045731047220585
TOKYOTECH_s01,60,59,61.96666666666667,-0.6562595367431641,0.127347641994101
TOKYOTECH_s01,60,60,62.0,-0.726626455783844,0.7372073862209279
TOKYOTECH_s01,60,61,62.03333333333333,-0.6863042712211609,1.2466941739677087
TOKYOTECH_s01,60,62,62.06666666666667,-0.7387546300888062,1.5671485360750554
TOKYOTECH_s01,60,63,62.1,-0.7893542051315308,1.6578329463150627
TOKYOTECH_s01,60,64,62.13333333333333,-0.8665727972984314,1.5324518239010394
TOKYOTECH_s01,60,65,62.166666666666664,-0.8494831323623657,1.248389162804168
TOKYOTECH_s01,60,66,62.2,-0.8315271139144897,0.8850252830154253
TOKYOTECH_s01,60,67,62.233333333333334,-0.6767750382423401,0.5192662690738559
TOKYOTECH_s01,60,68,62.266666666666666,0.4173579514026642,0.20550882818549743
TOKYOTECH_s01,60,69,62.3,1.6502952575683594,-0.03510133873938403
TOKYOTECH_s01,60,70,62.333333333333336,1.7594486474990845,-0.21426771060533575
TOKYOTECH_s01,60,71,62.36666666666667,1.2997206449508667,-0.36609200945330606
TOKYOTECH_s01,60,72,62.4,0.9529656767845154,-0.5300600378070438
TOKYOTECH_s01,60,73,62.43333333333333,0.6698440909385681,-0.7325141563548165
TOKYOTECH_s01,60,74,62.46666666666667,0.360103577375412,-0.9721899980454742
TOKYOTECH_s01,60,75,62.5,0.23082846403121948,-1.2146631767712746
TOKYOTECH_s01,60,76,62.53333333333333,0.3586072623729706,-1.3984433900176498
TOKYOTECH_s01,60,77,62.56666666666667,0.43547141551971436,-1.4521802396922374
TOKYOTECH_s01,60,78,62.6,0.38936078548431396,-1.318670542313115
TOKYOTECH_s01,60,79,62.63333333333333,0.038589317351579666,-0.9782115765073807
TOKYOTECH_s01,60,80,62.666666666666664,-0.32753923535346985,-0.46264582537970794
TOKYOTECH_s01,60,81,62.7,-0.596327543258667,0.14677320333243923
TOKYOTECH_s01,60,82,62.733333333333334,-0.8641707897186279,0.7394774771466177
TOKYOTECH_s01,60,83,62.766666666666666,-0.86519455909729,1.2078385333502382
TOKYOTECH_s01,60,84,62.8,-0.681500256061554,1.4788242218962704
TOKYOTECH_s01,60,85,62.833333333333336,-0.7061503529548645,1.531707572034986
TOKYOTECH_s01,60,86,62.86666666666667,-0.8600361943244934,1.3963419409951945
TOKYOTECH_s01,60,87,62.9,-0.8722824454307556,1.1363444805421243
TOKYOTECH_s01,60,88,62.93333333333333,-0.8808667063713074,0.8260337091279688
TOKYOTECH_s01,60,89,62.96666666666667,-0.43846461176872253,0.5290701673020357
TOKYOTECH_s01,60,90,63.0,0.853971540927887,0.28389883694469376
TOKYOTECH_s01,60,91,63.03333333333333,1.8011490106582642,0.09830139423276306
TOKYOTECH_s01,60,92,63.06666666666667,1.5858348608016968,-0.046843113658349395
TOKYOTECH_s01,60,93,63.1,1.016402244567871,-0.18633525321092964
TOKYOTECH_s01,60,94,63.13333333333333,0.8095147609710693,-0.35537215579324083
TOKYOTECH_s01,60,95,63.166666666666664,0.6003828644752502,-0.5744897831443196
TOKYOTECH_s01,60,96,63.2,0.18546602129936218,-0.8386393852516589
TOKYOTECH_s01,60,97,63.233333333333334,0.1626666635274887,-1.1131871332866632
TOKYOTECH_s01,60,98,63.266666666666666,0.28674399852752686,-1.338425937872333
TOKYOTECH_s01,60,99,63.3,0.3280506134033203,-1.4428828053516831
TOKYOTECH_s01,60,100,63.333333333333336,0.03197396174073219,-1.3638204765114368
TOKYOTECH_s01,60,101,63.36666666666667,-0.28686267137527466,-1.0704444384444278
TOKYOTECH_s01,60,102,63.4,-0.4179491400718689,-0.5821280668686194
TOKYOTECH_s01,60,103,63.43333333333333,-0.6382247805595398,0.02716323950545044
TOKYOTECH_s01,60,104,63.46666666666667,-0.7689568996429443,0.6438057944841404
TOKYOTECH_s01,60,105,63.5,-1.0585756301879883,1.146390429524385
TOKYOTECH_s01,60,106,63.53333333333333,-1.051645278930664,1.442689764332698
TOKYOTECH_s01,60,107,63.56666666666667,-1.0129770040512085,1.4960296636468564
TOKYOTECH_s01,60,108,63.6,-0.8923647999763489,1.3310832831644264
TOKYOTECH_s01,60,109,63.63333333333333,-0.9091394543647766,1.019450849103317
TOKYOTECH_s01,60,110,63.666666666666664,-1.0973621606826782,0.6530159225759146
TOKYOTECH_s01,60,111,63.7,-0.8533814549446106,0.31541297469347795
TOKYOTECH_s01,60,112,63.733333333333334,0.5127293467521667,0.060142829450258055
TOKYOTECH_s01,60,113,63.766666666666666,1.79910147190094,-0.09968230797386149
TOKYOTECH_s01,60,114,63.8,1.7443279027938843,-0.18842524582157635
TOKYOTECH_s01,60,115,63.833333333333336,1.2004903554916382,-0.25354484500271157
TOKYOTECH_s01,60,116,63.86666666666667,0.9504061341285706,-0.34466933997477195
TOKYOTECH_s01,60,117,63.9,0.7482439875602722,-0.4930136944350451
TOKYOTECH_s01,60,118,63.93333333333333,0.41562533378601074,-0.6976087596186573
TOKYOTECH_s01,60,119,63.96666666666667,0.08072284609079361,-0.922447490340037
TOKYOTECH_s01,60,120,64.0,0.031186416745185852,-1.1054660800764107
TOKYOTECH_s01,60,121,64.03333333333333,0.057175323367118835,-1.1769554807924207
TOKYOTECH_s01,60,122,64.06666666666666,-0.03949553146958351,-1.0821512537765041
TOKYOTECH_s01,60,123,64.1,-0.22031532227993011,-0.8013115458952779
TOKYOTECH_s01,60,124,64.13333333333334,-0.4681549668312073,-0.3610803709159612
TOKYOTECH_s01,60,125,64.16666666666667,-0.7528122663497925,0.16724910527327744
TOKYOTECH_s01,60,126,64.2,-0.8940186500549316,0.6841330480415977
TOKYOTECH_s01,60,127,64.23333333333333,-0.9256778359413147,1.0895514860391429
TOKYOTECH_s01,60,128,64.26666666666667,-0.9824596643447876,1.3127361528683377
TOKYOTECH_s01,60,129,64.3,-1.0081335306167603,1.331869196669058
TOKYOTECH_s01,60,130,64.33333333333333,-1.0317991971969604,1.1762109787728392
TOKYOTECH_s01,60,131,64.36666666666666,-1.1577666997909546,0.9113090313879233
TOKYOTECH_s01,60,132,64.4,-1.2611709833145142,0.6144331384393728
TOKYOTECH_s01,60,133,64.43333333333334,-1.0652698278427124,0.34972182076320263
TOKYOTECH_s01,60,134,64.46666666666667,-0.035794083029031754,0.1509801438826426
TOKYOTECH_s01,60,135,64.5,1.5178699493408203,0.016359577402314158
TOKYOTECH_s01,60,136,64.53333333333333,1.9621227979660034,-0.08484802821112217
TOKYOTECH_s01,60,137,64.56666666666666,1.3837515115737915,-0.19645204249363038
TOKYOTECH_s01,60,138,64.6,0.9263861179351807,-0.35611042027739775
TOKYOTECH_s01,60,139,64.63333333333334,0.6824447512626648,-0.5786401046056464
TOKYOTECH_s01,60,140,64.66666666666667,0.24165718257427216,-0.846640975961619
TOKYOTECH_s01,60,141,64.7,-0.05375005304813385,-1.1110081277789283
TOKYOTECH_s01,60,142,64.73333333333333,0.026224900037050247,-1.3017946266374125
TOKYOTECH_s01,60,143,64.76666666666667,0.02291722036898136,-1.3475613347807163
TOKYOTECH_s01,60,144,64.8,-0.024925993755459785,-1.1985456888277488
TOKYOTECH_s01,60,145,64.83333333333333,-0.16058020293712616,-0.8466775881360217
TOKYOTECH_s01,60,146,64.86666666666666,-0.34195128083229065,-0.33507635466110247
TOKYOTECH_s01,60,147,64.9,-0.5565172433853149,0.24810590331160953
TOKYOTECH_s01,60,148,64.93333333333334,-0.7341868877410889,0.7918252396510572
TOKYOTECH_s01,60,149,64.96666666666667,-0.9404048919677734,1.194022649348117
TOKYOTECH_s01,60,150,65.0,-1.0491251945495605,1.3912596809939088
TOKYOTECH_s01,60,151,65.03333333333333,-1.0408560037612915,1.3740099075771364
TOKYOTECH_s01,60,152,65.06666666666666,-0.9853342175483704,1.1827254087955037
TOKYOTECH_s01,60,153,65.1,-1.047471284866333,0.8889321521175427
TOKYOTECH_s01,60,154,65.13333333333334,-1.0685774087905884,0.5703264110244791
TOKYOTECH_s01,60,155,65.16666666666667,-0.7977021932601929,0.2884628129103816
TOKYOTECH_s01,60,156,65.2,0.30655068159103394,0.0746822178177447
TOKYOTECH_s01,60,157,65.23333333333333,1.5535850524902344,-0.07337810844572099
TOKYOTECH_s01,60,158,65.26666666666667,1.664825439453125,-0.18494934378044647
TOKYOTECH_s01,60,159,65.3,1.1563879251480103,-0.30130262170666705
TOKYOTECH_s01,60,160,65.33333333333333,0.7289491891860962,-0.4572005085610429
TOKYOTECH_s01,60,161,65.36666666666666,0.35222816467285156,-0.6642198875208395
TOKYOTECH_s01,60,162,65.4,0.016656257212162018,-0.9014351100198135
TOKYOTECH_s01,60,163,65.43333333333334,-0.09966378659009933,-1.117148880159631
TOKYOTECH_s01,60,164,65.46666666666667,0.08190416544675827,-1.2421774637845737
TOKYOTECH_s01,60,165,65.5,0.2597706615924835,-1.211517053397493
TOKYOTECH_s01,60,166,65.53333333333333,0.14864839613437653,-0.9881066866978151
TOKYOTECH_s01,60,167,65.56666666666666,-0.1927907019853592,-0.5806931747941381
TOKYOTECH_s01,60,168,65.6,-0.5129267573356628,-0.04835666553952705
TOKYOTECH_s01,60,169,65.63333333333334,-0.7297766208648682,0.5119671848007931
TOKYOTECH_s01,60,170,65.66666666666667,-0.9876968264579773,0.9920744921783866
TOKYOTECH_s01,60,171,65.7,-1.0785398483276367,1.3039329337987289
TOKYOTECH_s01,60,172,65.73333333333333,-1.0592451095581055,1.4041024856920663
TOKYOTECH_s01,60,173,65.76666666666667,-0.999864399433136,1.302234313773705
TOKYOTECH_s01,60,174,65.8,-0.938081681728363,1.052076636730112
TOKYOTECH_s01,60,175,65.83333333333333,-0.8636589050292969,0.730483876647671
TOKYOTECH_s01,60,176,65.86666666666666,-0.7182785272598267,0.41280575603355335
TOKYOTECH_s01,60,177,65.9,0.37353119254112244,0.15226242250645153
TOKYOTECH_s01,60,178,65.93333333333334,1.733656644821167,-0.0313111631086566
TOKYOTECH_s01,60,179,65.96666666666667,1.873839259147644,-0.15104375025861586
TOKYOTECH_s01,60,180,66.0,1.1741076707839966,-0.24230810797179145
TOKYOTECH_s01,60,181,66.03333333333333,0.6533451080322266,-0.3459506508298054
TOKYOTECH_s01,60,182,66.06666666666666,0.3975512385368347,-0.4906559249874029
TOKYOTECH_s01,60,183,66.1,0.04276329278945923,-0.6792697838287609
TOKYOTECH_s01,60,184,66.13333333333334,-0.20818716287612915,-0.883152327239903
TOKYOTECH_s01,60,185,66.16666666666667,-0.10702730715274811,-1.0472210591326097
TOKYOTECH_s01,60,186,66.2,0.023389745503664017,-1.1056867651563405
TOKYOTECH_s01,60,187,66.23333333333333,-0.026461701840162277,-1.0047793234676405
TOKYOTECH_s01,60,188,66.26666666666667,-0.1678255945444107,-0.7251698100667143
TOKYOTECH_s01,60,189,66.3,-0.3797926902770996,-0.29521142466307276
TOKYOTECH_s01,60,190,66.33333333333333,-0.600816547870636,0.21180978641983245
TOKYOTECH_s01,60,191,66.36666666666666,-0.8332991003990173,0.6971949888890102
TOKYOTECH_s01,60,192,66.4,-1.026207685470581,1.0660743131684391
TOKYOTECH_s01,60,193,66.43333333333334,-1.1001185178756714,1.2545769324202163
TOKYOTECH_s01,60,194,66.46666666666667,-1.1173657178878784,1.2448527605856525
TOKYOTECH_s01,60,195,66.5,-1.1843856573104858,1.064120549325132
TOKYOTECH_s01,60,196,66.53333333333333,-1.1383143663406372,0.7704666718852162
TOKYOTECH_s01,60,197,66.56666666666666,-0.894609272480011,0.4321179997643319
TOKYOTECH_s01,60,198,66.6,0.33537474274635315,0.1075320598295308
TOKYOTECH_s01,60,199,66.63333333333334,1.689239263534546,-0.16808666658542748
TOKYOTECH_s01,60,200,66.66666666666667,1.769292950630188,-0.38681210608343614
TOKYOTECH_s01,60,201,66.7,1.2692034244537354,-0.562299157982018
TOKYOTECH_s01,60,202,66.73333333333333,0.9083513617515564,-0.7168720954538599
TOKYOTECH_s01,60,203,66.76666666666667,0.5334023237228394,-0.8662878570546446
TOKYOTECH_s01,60,204,66.8,0.1419936567544937,-1.0082212970213633
TOKYOTECH_s01,60,205,66.83333333333333,-0.053277526050806046,-1.1192549268811407
TOKYOTECH_s01,60,206,66.86666666666666,0.0752888023853302,-1.1614148036295988
TOKYOTECH_s01,60,207,66.9,0.29769083857536316,-1.09535710899442
TOKYOTECH_s01,60,208,66.93333333333334,0.20369762182235718,-0.8953864353275474
TOKYOTECH_s01,60,209,66.96666666666667,-0.04063746705651283,-0.5613747956941022
TOKYOTECH_s01,60,210,67.0,-0.361009806394577,-0.12347130181875272
TOKYOTECH_s01,60,211,67.03333333333333,-0.6813427805900574,0.36242507530836343
TOKYOTECH_s01,60,212,67.06666666666666,-0.9604085087776184,0.8270840206956248
TOKYOTECH_s01,60,213,67.1,-1.1205946207046509,1.2040123478642073
TOKYOTECH_s01,60,214,67.13333333333334,-1.1939148902893066,1.4442020652430378
TOKYOTECH_s01,60,215,67.16666666666667,-1.074917197227478,1.5257441356664048
TOKYOTECH_s01,60,216,67.2,-1.1237841844558716,1.456350595909661
TOKYOTECH_s01,60,217,67.23333333333333,-1.0626314878463745,1.2686204612606757
TOKYOTECH_s01,60,218,67.26666666666667,-0.6945341229438782,1.0094157397469725
TOKYOTECH_s01,60,219,67.3,0.6952029466629028,0.7261907360053654
TOKYOTECH_s01,60,220,67.33333333333333,1.8689171075820923,0.45441734838866593
TOKYOTECH_s01,60,221,67.36666666666666,1.6572256088256836,0.210367821533533
TOKYOTECH_s01,60,222,67.4,1.0611740350723267,-0.008280678366292791
TOKYOTECH_s01,60,223,67.43333333333334,0.6290494203567505,-0.21458610416221255
TOKYOTECH_s01,60,224,67.46666666666667,0.27422207593917847,-0.4206370831895096
TOKYOTECH_s01,60,225,67.5,-0.05859344080090523,-0.6268459268041329
TOKYOTECH_s01,60,226,67.53333333333333,-0.16581736505031586,-0.8165481391194644
TOKYOTECH_s01,60,227,67.56666666666666,0.013309200294315815,-0.9581332590455128
TOKYOTECH_s01,60,228,67.6,0.06449946761131287,-1.0142116433180197
TOKYOTECH_s01,60,229,67.63333333333334,-0.07899079471826553,-0.9548369935062612
TOKYOTECH_s01,60,230,67.66666666666667,-0.44015783071517944,-0.7702604103574091
TOKYOTECH_s01,60,231,67.7,-0.6772475242614746,-0.4785665937224282
TOKYOTECH_s01,60,232,67.73333333333333,-0.9243390560150146,-0.1250166713676425
TOKYOTECH_s01,60,233,67.76666666666667,-1.0679080486297607,0.2272039438197344
TOKYOTECH_s01,60,234,67.8,-1.0537322759628296,0.5118158304298704
TOKYOTECH_s01,60,235,67.83333333333333,-1.145599126815796,0.6749219445134119
TOKYOTECH_s01,60,236,67.86666666666666,-1.1349279880523682,0.6867788202469751
TOKYOTECH_s01,60,237,67.9,-1.1192952394485474,0.5475183730853719
TOKYOTECH_s01,60,238,67.93333333333334,-0.4826851487159729,0.28632869577349923
TOKYOTECH_s01,60,239,67.96666666666667,0.9509180784225464,-0.04503961252386711
TOKYOTECH_s01,61,0,61.0,0.4458276033401489,0.0669729658509375
TOKYOTECH_s01,61,1,61.03333333333333,0.3615211546421051,-0.3197472113772722
TOKYOTECH_s01,61,2,61.06666666666667,0.42310699820518494,-0.6245354221489252
TOKYOTECH_s01,61,3,61.1,0.4503166079521179,-0.7791272015919009
TOKYOTECH_s01,61,4,61.13333333333333,0.22114169597625732,-0.7442224591764033
TOKYOTECH_s01,61,5,61.166666666666664,-0.1424667239189148,-0.5194490641120674
TOKYOTECH_s01,61,6,61.2,-0.40743544697761536,-0.14542154435714896
TOKYOTECH_s01,61,7,61.233333333333334,-0.5226923227310181,0.3044886262617608
TOKYOTECH_s01,61,8,61.266666666666666,-0.6334601640701294,0.7415888718748374
TOKYOTECH_s01,61,9,61.3,-0.8063651323318481,1.0835510392818908
TOKYOTECH_s01,61,10,61.333333333333336,-0.8540114760398865,1.2732226809623348
TOKYOTECH_s01,61,11,61.36666666666667,-0.8253449201583862,1.2886859921979947
TOKYOTECH_s01,61,12,61.4,-0.7820301055908203,1.1430211050682668
TOKYOTECH_s01,61,13,61.43333333333333,-0.7360376119613647,0.8763648535610411
TOKYOTECH_s01,61,14,61.46666666666667,-0.8661396503448486,0.5440019772763048
TOKYOTECH_s01,61,15,61.5,-0.6965029835700989,0.20330752902272417
TOKYOTECH_s01,61,16,61.53333333333333,0.5932949781417847,-0.0984218375199431
TOKYOTECH_s01,61,17,61.56666666666667,1.8814390897750854,-0.3332585093427706
TOKYOTECH_s01,61,18,61.6,1.9501127004623413,-0.4969710047064685
TOKYOTECH_s01,61,19,61.63333333333333,1.5865830183029175,-0.6068455098817407
TOKYOTECH_s01,61,20,61.666666666666664,1.216044306755066,-0.6930137281197307
TOKYOTECH_s01,61,21,61.7,0.8772434592247009,-0.7853511584187881
TOKYOTECH_s01,61,22,61.733333333333334,0.44744205474853516,-0.8997005267102671
TOKYOTECH_s01,61,23,61.766666666666666,0.21023422479629517,-1.027964318261645
TOKYOTECH_s01,61,24,61.8,0.34388020634651184,-1.1361416139247527
TOKYOTECH_s01,61,25,61.833333333333336,0.45232483744621277,-1.1723621758501745
TOKYOTECH_s01,61,26,61.86666666666667,0.3545120358467102,-1.083637730533227
TOKYOTECH_s01,61,27,61.9,0.058120373636484146,-0.8365590721213112
TOKYOTECH_s01,61,28,61.93333333333333,-0.3124184310436249,-0.4348770248620569
TOKYOTECH_s01,61,29,61.96666666666667,-0.6562595367431641,0.07342268000692137
TOKYOTECH_s01,61,30,62.0,-0.726626455783844,0.604610357664564
TOKYOTECH_s01,61,31,62.03333333333333,-0.6863042712211609,1.0623823186878907
TOKYOTECH_s01,61,32,62.06666666666667,-0.7387546300888062,1.3669026811503102
TOKYOTECH_s01,61,33,62.1,-0.7893542051315308,1.4771395903869948
TOKYOTECH_s01,61,34,62.13333333333333,-0.8665727972984314,1.39822555337255
TOKYOTECH_s01,61,35,62.166666666666664,-0.8494831323623657,1.1737037013407172
TOKYOTECH_s01,61,36,62.2,-0.8315271139144897,0.8681528466207745
TOKYOTECH_s01,61,37,62.233333333333334,-0.6767750382423401,0.5471856557454277
TOKYOTECH_s01,61,38,62.266666666666666,0.4173579514026642,0.2606144752374655
TOKYOTECH_s01,61,39,62.3,1.6502952575683594,0.03235299814326586
TOKYOTECH_s01,61,40,62.333333333333336,1.7594486474990845,-0.14145510649143228
TOKYOTECH_s01,61,41,62.36666666666667,1.2997206449508667,-0.2861856428122849
TOKYOTECH_s01,61,42,62.4,0.9529656767845154,-0.4358872616979968
TOKYOTECH_s01,61,43,62.43333333333333,0.6698440909385681,-0.6170484949281687
TOKYOTECH_s01,61,44,62.46666666666667,0.360103577375412,-0.8339464341484265
TOKYOTECH_s01,61,45,62.5,0.23082846403121948,-1.0611147523853453
TOKYOTECH_s01,61,46,62.53333333333333,0.3586072623729706,-1.246741286085431
TOKYOTECH_s01,61,47,62.56666666666667,0.43547141551971436,-1.3271202921921124
TOKYOTECH_s01,61,48,62.6,0.38936078548431396,-1.2480329377022015
TOKYOTECH_s01,61,49,62.63333333333333,0.038589317351579666,-0.9858197227697417
TOKYOTECH_s01,61,50,62.666666666666664,-0.32753923535346985,-0.5602831862134018
TOKYOTECH_s01,61,51,62.7,-0.596327543258667,-0.03376847235227879
TOKYOTECH_s01,61,52,62.733333333333334,-0.8641707897186279,0.5046061690952038
TOKYOTECH_s01,61,53,62.766666666666666,-0.86519455909729,0.9644452400843194
TOKYOTECH_s01,61,54,62.8,-0.681500256061554,1.278946062737245
TOKYOTECH_s01,61,55,62.833333333333336,-0.7061503529548645,1.4189248669146228
TOKYOTECH_s01,61,56,62.86666666666667,-0.8600361943244934,1.392585369798871
TOKYOTECH_s01,61,57,62.9,-0.8722824454307556,1.2352062652623819
TOKYOTECH_s01,61,58,62.93333333333333,-0.8808667063713074,0.9952598140530124
TOKYOTECH_s01,61,59,62.96666666666667,-0.43846461176872253,0.7213839805197833
TOKYOTECH_s01,61,60,63.0,0.853971540927887,0.4520325371371647
TOKYOTECH_s01,61,61,63.03333333333333,1.8011490106582642,0.20859601747160805
TOKYOTECH_s01,61,62,63.06666666666667,1.5858348608016968,-0.006842563396561517
TOKYOTECH_s01,61,63,63.1,1.016402244567871,-0.20794193146693166
TOKYOTECH_s01,61,64,63.13333333333333,0.8095147609710693,-0.41516671478016887
TOKYOTECH_s01,61,65,63.166666666666664,0.6003828644752502,-0.6440601390768116
TOKYOTECH_s01,61,66,63.2,0.18546602129936218,-0.8943279430330848
TOKYOTECH_s01,61,67,63.233333333333334,0.1626666635274887,-1.1431413699683084
TOKYOTECH_s01,61,68,63.266666666666666,0.28674399852752686,-1.345261021232256
TOKYOTECH_s01,61,69,63.3,0.3280506134033203,-1.4414307404669255
TOKYOTECH_s01,61,70,63.333333333333336,0.03197396174073219,-1.3747473967001975
TOKYOTECH_s01,61,71,63.36666666666667,-0.28686267137527466,-1.111777220444184
TOKYOTECH_s01,61,72,63.4,-0.4179491400718689,-0.6614940158335388
TOKYOTECH_s01,61,73,63.43333333333333,-0.6382247805595398,-0.08308547576118998
TOKYOTECH_s01,61,74,63.46666666666667,-0.7689568996429443,0.5240386812695808
TOKYOTECH_s01,61,75,63.5,-1.0585756301879883,1.0473200267271532
TOKYOTECH_s01,61,76,63.53333333333333,-1.051645278930664,1.394963770561874
TOKYOTECH_s01,61,77,63.56666666666667,-1.0129770040512085,1.521900650280934
TOKYOTECH_s01,61,78,63.6,-0.8923647999763489,1.4377757466270116
TOKYOTECH_s01,61,79,63.63333333333333,-0.9091394543647766,1.19653075843026
TOKYOTECH_s01,61,80,63.666666666666664,-1.0973621606826782,0.874425856172748
TOKYOTECH_s01,61,81,63.7,-0.8533814549446106,0.54558580564459
TOKYOTECH_s01,61,82,63.733333333333334,0.5127293467521667,0.26237759429784996
TOKYOTECH_s01,61,83,63.766666666666666,1.79910147190094,0.044830236571861574
TOKYOTECH_s01,61,84,63.8,1.7443279027938843,-0.11911588452517301
TOKYOTECH_s01,61,85,63.833333333333336,1.2004903554916382,-0.2630352005842277
TOKYOTECH_s01,61,86,63.86666666666667,0.9504061341285706,-0.4246207774391449
TOKYOTECH_s01,61,87,63.9,0.7482439875602722,-0.627404435924614
TOKYOTECH_s01,61,88,63.93333333333333,0.41562533378601074,-0.8677840300241606
TOKYOTECH_s01,61,89,63.96666666666667,0.08072284609079361,-1.1116408392039199
TOKYOTECH_s01,61,90,64.0,0.031186416745185852,-1.301723159176333
TOKYOTECH_s01,61,91,64.03333333333333,0.057175323367118835,-1.373609608192926
TOKYOTECH_s01,61,92,64.06666666666666,-0.03949553146958351,-1.2754169198503902
TOKYOTECH_s01,61,93,64.1,-0.22031532227993011,-0.98553999983639
TOKYOTECH_s01,61,94,64.13333333333334,-0.4681549668312073,-0.5237228014960713
TOKYOTECH_s01,61,95,64.16666666666667,-0.7528122663497925,0.047906944626911835
TOKYOTECH_s01,61,96,64.2,-0.8940186500549316,0.6361606118119976
TOKYOTECH_s01,61,97,64.23333333333333,-0.9256778359413147,1.1396259944985747
TOKYOTECH_s01,61,98,64.26666666666667,-0.9824596643447876,1.476162587206974
TOKYOTECH_s01,61,99,64.3,-1.0081335306167603,1.6043231991656763
TOKYOTECH_s01,61,100,64.33333333333333,-1.0317991971969604,1.5306460927568293
TOKYOTECH_s01,61,101,64.36666666666666,-1.1577666997909546,1.3015859732171053
TOKYOTECH_s01,61,102,64.4,-1.2611709833145142,0.9848383631870679
TOKYOTECH_s01,61,103,64.43333333333334,-1.0652698278427124,0.6475245452315234
TOKYOTECH_s01,61,104,64.46666666666667,-0.035794083029031754,0.33816018465033604
TOKYOTECH_s01,61,105,64.5,1.5178699493408203,0.07696014094005851
TOKYOTECH_s01,61,106,64.53333333333333,1.9621227979660034,-0.14370989116033658
TOKYOTECH_s01,61,107,64.56666666666666,1.3837515115737915,-0.34973551482286136
TOKYOTECH_s01,61,108,64.6,0.9263861179351807,-0.570200019910672
TOKYOTECH_s01,61,109,64.63333333333334,0.6824447512626648,-0.8219358503805467
TOKYOTECH_s01,61,110,64.66666666666667,0.24165718257427216,-1.0980946281227777
TOKYOTECH_s01,61,111,64.7,-0.05375005304813385,-1.3636821787134015
TOKYOTECH_s01,61,112,64.73333333333333,0.026224900037050247,-1.5599046374607786
TOKYOTECH_s01,61,113,64.76666666666667,0.02291722036898136,-1.6178178693745986
TOKYOTECH_s01,61,114,64.8,-0.024925993755459785,-1.479219657287601
TOKYOTECH_s01,61,115,64.83333333333333,-0.16058020293712616,-1.1193898561952293
TOKYOTECH_s01,61,116,64.86666666666666,-0.34195128083229065,-0.563684312861049
TOKYOTECH_s01,61,117,64.9,-0.5565172433853149,0.11003943421241386
TOKYOTECH_s01,61,118,64.93333333333334,-0.7341868877410889,0.7873585396003863
TOKYOTECH_s01,61,119,64.96666666666667,-0.9404048919677734,1.3482457206836145
TOKYOTECH_s01,61,120,65.0,-1.0491251945495605,1.7014939665725235
TOKYOTECH_s01,61,121,65.03333333333333,-1.0408560037612915,1.80830692283629
TOKYOTECH_s01,61,122,65.06666666666666,-0.9853342175483704,1.686687863217075
TOKYOTECH_s01,61,123,65.1,-1.047471284866333,1.397854375871184
TOKYOTECH_s01,61,124,65.13333333333334,-1.0685774087905884,1.0223352383017381
TOKYOTECH_s01,61,125,65.16666666666667,-0.7977021932601929,0.6349329400947953
TOKYOTECH_s01,61,126,65.2,0.30655068159103394,0.2859490974727045
TOKYOTECH_s01,61,127,65.23333333333333,1.5535850524902344,-0.00710036692941232
TOKYOTECH_s01,61,128,65.26666666666667,1.664825439453125,-0.25625587880195416
TOKYOTECH_s01,61,129,65.3,1.1563879251480103,-0.49023667397536874
TOKYOTECH_s01,61,130,65.33333333333333,0.7289491891860962,-0.7363158406482474
TOKYOTECH_s01,61,131,65.36666666666666,0.35222816467285156,-1.002944141272729
TOKYOTECH_s01,61,132,65.4,0.016656257212162018,-1.269109241806106
TOKYOTECH_s01,61,133,65.43333333333334,-0.09966378659009933,-1.4846748547046655
TOKYOTECH_s01,61,134,65.46666666666667,0.08190416544675827,-1.5827855691017516
TOKYOTECH_s01,61,135,65.5,0.2597706615924835,-1.5014852144260036
TOKYOTECH_s01,61,136,65.53333333333333,0.14864839613437653,-1.2079823909701373
TOKYOTECH_s01,61,137,65.56666666666666,-0.1927907019853592,-0.7168095416708139
TOKYOTECH_s01,61,138,65.6,-0.5129267573356628,-0.09381819274445394
TOKYOTECH_s01,61,139,65.63333333333334,-0.7297766208648682,0.5575230307257932
TOKYOTECH_s01,61,140,65.66666666666667,-0.9876968264579773,1.1236977338087735
TOKYOTECH_s01,61,141,65.7,-1.0785398483276367,1.512395517618165
TOKYOTECH_s01,61,142,65.73333333333333,-1.0592451095581055,1.6757246611260088
TOKYOTECH_s01,61,143,65.76666666666667,-0.999864399433136,1.6176684062909683
TOKYOTECH_s01,61,144,65.8,-0.938081681728363,1.3853129179732404
TOKYOTECH_s01,61,145,65.83333333333333,-0.8636589050292969,1.0494589843196311
TOKYOTECH_s01,61,146,65.86666666666666,-0.7182785272598267,0.6821530751789102
TOKYOTECH_s01,61,147,65.9,0.37353119254112244,0.33766892367921153
TOKYOTECH_s01,61,148,65.93333333333334,1.733656644821167,0.041819256683462105
TOKYOTECH_s01,61,149,65.96666666666667,1.873839259147644,-0.20789457239732087
TOKYOTECH_s01,61,150,66.0,1.1741076707839966,-0.43231602962734833
TOKYOTECH_s01,61,151,66.03333333333333,0.6533451080322266,-0.6550731136500528
TOKYOTECH_s01,61,152,66.06666666666666,0.3975512385368347,-0.886927824241346
TOKYOTECH_s01,61,153,66.1,0.04276329278945923,-1.115094726500279
TOKYOTECH_s01,61,154,66.13333333333334,-0.20818716287612915,-1.3012318535221132
TOKYOTECH_s01,61,155,66.16666666666667,-0.10702730715274811,-1.389667127788397
TOKYOTECH_s01,61,156,66.2,0.023389745503664017,-1.3244881686064292
TOKYOTECH_s01,61,157,66.23333333333333,-0.026461701840162277,-1.0709599567000632
TOKYOTECH_s01,61,158,66.26666666666667,-0.1678255945444107,-0.6342787692162911
TOKYOTECH_s01,61,159,66.3,-0.3797926902770996,-0.0678359113098447
TOKYOTECH_s01,61,160,66.33333333333333,-0.600816547870636,0.5348924770162654
TOKYOTECH_s01,61,161,66.36666666666666,-0.8332991003990173,1.0646598471869317
TOKYOTECH_s01,61,162,66.4,-1.026207685470581,1.4281887145956988
TOKYOTECH_s01,61,163,66.43333333333334,-1.1001185178756714,1.5738160821074114
TOKYOTECH_s01,61,164,66.46666666666667,-1.1173657178878784,1.5011942234284894
TOKYOTECH_s01,61,165,66.5,-1.1843856573104858,1.2537252277652762
TOKYOTECH_s01,61,166,66.53333333333333,-1.1383143663406372,0.8994698776700678
TOKYOTECH_s01,61,167,66.56666666666666,-0.894609272480011,0.5089917053395543
TOKYOTECH_s01,61,168,66.6,0.33537474274635315,0.13734423331182924
TOKYOTECH_s01,61,169,66.63333333333334,1.689239263534546,-0.18565874393875356
TOKYOTECH_s01,61,170,66.66666666666667,1.769292950630188,-0.45559642762536656
TOKYOTECH_s01,61,171,66.7,1.2692034244537354,-0.6850557966316234
TOKYOTECH_s01,61,172,66.73333333333333,0.9083513617515564,-0.8899436877014072
TOKYOTECH_s01,61,173,66.76666666666667,0.5334023237228394,-1.0754709460526373
TOKYOTECH_s01,61,174,66.8,0.1419936567544937,-1.2272739404278243
TOKYOTECH_s01,61,175,66.83333333333333,-0.053277526050806046,-1.3116776173336846
TOKYOTECH_s01,61,176,66.86666666666666,0.0752888023853302,-1.2857596080200036
TOKYOTECH_s01,61,177,66.9,0.29769083857536316,-1.1139890944410331
TOKYOTECH_s01,61,178,66.93333333333334,0.20369762182235718,-0.7854295827017961
TOKYOTECH_s01,61,179,66.96666666666667,-0.04063746705651283,-0.3246789637220517
TOKYOTECH_s01,61,180,67.0,-0.361009806394577,0.20870865742941366
TOKYOTECH_s01,61,181,67.03333333333333,-0.6813427805900574,0.7333167880011898
TOKYOTECH_s01,61,182,67.06666666666666,-0.9604085087776184,1.1667666518290238
TOKYOTECH_s01,61,183,67.1,-1.1205946207046509,1.4462417277826758
TOKYOTECH_s01,61,184,67.13333333333334,-1.1939148902893066,1.5417249384794804
TOKYOTECH_s01,61,185,67.16666666666667,-1.074917197227478,1.45913210786849
TOKYOTECH_s01,61,186,67.2,-1.1237841844558716,1.2341801142160678
TOKYOTECH_s01,61,187,67.23333333333333,-1.0626314878463745,0.9198936127138194
TOKYOTECH_s01,61,188,67.26666666666667,-0.6945341229438782,0.5715091445734024
TOKYOTECH_s01,61,189,67.3,0.6952029466629028,0.23285320653886998
TOKYOTECH_s01,61,190,67.33333333333333,1.8689171075820923,-0.07181471574203689
TOKYOTECH_s01,61,191,67.36666666666666,1.6572256088256836,-0.3378713872552791
TOKYOTECH_s01,61,192,67.4,1.0611740350723267,-0.5727405507033427
TOKYOTECH_s01,61,193,67.43333333333334,0.6290494203567505,-0.784342291728237
TOKYOTECH_s01,61,194,67.46666666666667,0.27422207593917847,-0.9708441017753769
TOKYOTECH_s01,61,195,67.5,-0.05859344080090523,-1.116108667142659
TOKYOTECH_s01,61,196,67.53333333333333,-0.16581736505031586,-1.192506064201012
TOKYOTECH_s01,61,197,67.56666666666666,0.013309200294315815,-1.169755784625524
TOKYOTECH_s01,61,198,67.6,0.06449946761131287,-1.026541873630656
TOKYOTECH_s01,61,199,67.63333333333334,-0.07899079471826553,-0.7608468858648101
TOKYOTECH_s01,61,200,67.66666666666667,-0.44015783071517944,-0.39504199234995174
TOKYOTECH_s01,61,201,67.7,-0.6772475242614746,0.026716328508513347
TOKYOTECH_s01,61,202,67.73333333333333,-0.9243390560150146,0.4482005868872063
TOKYOTECH_s01,61,203,67.76666666666667,-1.0679080486297607,0.8142792069266162
TOKYOTECH_s01,61,204,67.8,-1.0537322759628296,1.0825640105793712
TOKYOTECH_s01,61,205,67.83333333333333,-1.145599126815796,1.2297365932267974
TOKYOTECH_s01,61,206,67.86666666666666,-1.1349279880523682,1.2517037191134832
TOKYOTECH_s01,61,207,67.9,-1.1192952394485474,1.159472103447287
TOKYOTECH_s01,61,208,67.93333333333334,-0.4826851487159729,0.973548427867354
TOKYOTECH_s01,61,209,67.96666666666667,0.9509180784225464,0.7190125015388028
TOKYOTECH_s01,61,210,68.0,1.8746267557144165,0.4222417449244699
TOKYOTECH_s01,61,211,68.03333333333333,1.6189117431640625,0.10914637390465133
TOKYOTECH_s01,61,212,68.06666666666666,1.0137245655059814,-0.19596316775087075
TOKYOTECH_s01,61,213,68.1,0.5984533429145813,-0.47162477734009806
TOKYOTECH_s01,61,214,68.13333333333334,0.09856069087982178,-0.7004273814594977
TOKYOTECH_s01,61,215,68.16666666666667,-0.23894070088863373,-0.8694985518653552
TOKYOTECH_s01,61,216,68.2,-0.43755894899368286,-0.970284823728318
TOKYOTECH_s01,61,217,68.23333333333333,-0.1944839209318161,-0.9985475843620862
TOKYOTECH_s01,61,218,68.26666666666667,-0.08162906020879745,-0.9553483884553781
TOKYOTECH_s01,61,219,68.3,0.002244226634502411,-0.8484616852323648
TOKYOTECH_s01,61,220,68.33333333333333,-0.22200852632522583,-0.6922528197730623
TOKYOTECH_s01,61,221,68.36666666666666,-0.4569324851036072,-0.5044941962474173
TOKYOTECH_s01,61,222,68.4,-0.7286347150802612,-0.30129350110303005
TOKYOTECH_s01,61,223,68.43333333333334,-0.9187474846839905,-0.09357269114344341
TOKYOTECH_s01,61,224,68.46666666666667,-1.0454630851745605,0.11221523602777189
TOKYOTECH_s01,61,225,68.5,-1.1247292757034302,0.3094303306889482
TOKYOTECH_s01,61,226,68.53333333333333,-1.271920919418335,0.48576219318446723
TOKYOTECH_s01,61,227,68.56666666666666,-1.0204980373382568,0.6209967928587656
TOKYOTECH_s01,61,228,68.6,0.22622135281562805,0.690659368583121
TOKYOTECH_s01,61,229,68.63333333333334,1.6267871856689453,0.6748076126668652
TOKYOTECH_s01,61,230,68.66666666666667,1.9425523281097412,0.5677426907405622
TOKYOTECH_s01,61,231,68.7,1.4271451234817505,0.3834052748919688
TOKYOTECH_s01,61,232,68.73333333333333,1.0738928318023682,0.15383656387089262
TOKYOTECH_s01,61,233,68.76666666666667,0.680279016494751,-0.07806323635185897
TOKYOTECH_s01,61,234,68.8,0.19503465294837952,-0.26817179167523936
TOKYOTECH_s01,61,235,68.83333333333333,-0.056821469217538834,-0.3801963663405814
TOKYOTECH_s01,61,236,68.86666666666666,-0.09466288983821869,-0.3926828910942317
TOKYOTECH_s01,61,237,68.9,0.09674934297800064,-0.3034815646189257
TOKYOTECH_s01,61,238,68.93333333333334,-0.025122879073023796,-0.1308494676808695
TOKYOTECH_s01,61,239,68.96666666666667,-0.09210337698459625,0.08977687334716647
TOKYOTECH_s01,62,0,62.0,-0.726626455783844,0.0676177917543885
TOKYOTECH_s01,62,1,62.03333333333333,-0.6863042712211609,0.028936919118140857
TOKYOTECH_s01,62,2,62.06666666666667,-0.7387546300888062,-0.014162841896814842
TOKYOTECH_s01,62,3,62.1,-0.7893542051315308,-0.05961531076684534
TOKYOTECH_s01,62,4,62.13333333333333,-0.8665727972984314,-0.10199613512910878
TOKYOTECH_s01,62,5,62.166666666666664,-0.8494831323623657,-0.13438150009347688
TOKYOTECH_s01,62,6,62.2,-0.8315271139144897,-0.15185152810334582
TOKYOTECH_s01,62,7,62.233333333333334,-0.6767750382423401,-0.15481490593443348
TOKYOTECH_s01,62,8,62.266666666666666,0.4173579514026642,-0.15040182872725455
TOKYOTECH_s01,62,9,62.3,1.6502952575683594,-0.15117544022716872
TOKYOTECH_s01,62,10,62.333333333333336,1.7594486474990845,-0.17175346425910853
TOKYOTECH_s01,62,11,62.36666666666667,1.2997206449508667,-0.22465287598053146
TOKYOTECH_s01,62,12,62.4,0.9529656767845154,-0.31634538267503665
TOKYOTECH_s01,62,13,62.43333333333333,0.6698440909385681,-0.44392944508772936
TOKYOTECH_s01,62,14,62.46666666666667,0.360103577375412,-0.5928741308047707
TOKYOTECH_s01,62,15,62.5,0.23082846403121948,-0.736822571636275
TOKYOTECH_s01,62,16,62.53333333333333,0.3586072623729706,-0.8407225671212089
TOKYOTECH_s01,62,17,62.56666666666667,0.43547141551971436,-0.8679706489074892
TOKYOTECH_s01,62,18,62.6,0.38936078548431396,-0.790675236556402
TOKYOTECH_s01,62,19,62.63333333333333,0.038589317351579666,-0.6000828303705736
TOKYOTECH_s01,62,20,62.666666666666664,-0.32753923535346985,-0.31277098049688884
TOKYOTECH_s01,62,21,62.7,-0.596327543258667,0.031259203241102575
TOKYOTECH_s01,62,22,62.733333333333334,-0.8641707897186279,0.3793824535508842
TOKYOTECH_s01,62,23,62.766666666666666,-0.86519455909729,0.6822336784682451
TOKYOTECH_s01,62,24,62.8,-0.681500256061554,0.9073231084075417
TOKYOTECH_s01,62,25,62.833333333333336,-0.7061503529548645,1.0439423523304185
TOKYOTECH_s01,62,26,62.86666666666667,-0.8600361943244934,1.0987577044845438
TOKYOTECH_s01,62,27,62.9,-0.8722824454307556,1.0870397672089243
TOKYOTECH_s01,62,28,62.93333333333333,-0.8808667063713074,1.0249498121963756
TOKYOTECH_s01,62,29,62.96666666666667,-0.43846461176872253,0.9251861360617425
TOKYOTECH_s01,62,30,63.0,0.853971540927887,0.7955111401050403
TOKYOTECH_s01,62,31,63.03333333333333,1.8011490106582642,0.6388313704647017
TOKYOTECH_s01,62,32,63.06666666666667,1.5858348608016968,0.4541426445876039
TOKYOTECH_s01,62,33,63.1,1.016402244567871,0.23845269004531783
TOKYOTECH_s01,62,34,63.13333333333333,0.8095147609710693,-0.010228901962847942
TOKYOTECH_s01,62,35,63.166666666666664,0.6003828644752502,-0.28920293459565793
TOKYOTECH_s01,62,36,63.2,0.18546602129936218,-0.5872745146606492
TOKYOTECH_s01,62,37,63.233333333333334,0.1626666635274887,-0.8815664246110775
TOKYOTECH_s01,62,38,63.266666666666666,0.28674399852752686,-1.1362221677614401
TOKYOTECH_s01,62,39,63.3,0.3280506134033203,-1.3050604131990933
TOKYOTECH_s01,62,40,63.333333333333336,0.03197396174073219,-1.340374778496741
TOKYOTECH_s01,62,41,63.36666666666667,-0.28686267137527466,-1.207965662966842
TOKYOTECH_s01,62,42,63.4,-0.4179491400718689,-0.9040395696964939
TOKYOTECH_s01,62,43,63.43333333333333,-0.6382247805595398,-0.4657806837438973
TOKYOTECH_s01,62,44,63.46666666666667,-0.7689568996429443,0.032193375591054924
TOKYOTECH_s01,62,45,63.5,-1.0585756301879883,0.4972138218147826
TOKYOTECH_s01,62,46,63.53333333333333,-1.051645278930664,0.8463862480425257
TOKYOTECH_s01,62,47,63.56666666666667,-1.0129770040512085,1.0302478340826957
TOKYOTECH_s01,62,48,63.6,-0.8923647999763489,1.0428695968537667
TOKYOTECH_s01,62,49,63.63333333333333,-0.9091394543647766,0.9169025659414413
TOKYOTECH_s01,62,50,63.666666666666664,-1.0973621606826782,0.7082381290173236
TOKYOTECH_s01,62,51,63.7,-0.8533814549446106,0.4770208226521983
TOKYOTECH_s01,62,52,63.733333333333334,0.5127293467521667,0.2706599358590307
TOKYOTECH_s01,62,53,63.766666666666666,1.79910147190094,0.11253461520466328
TOKYOTECH_s01,62,54,63.8,1.7443279027938843,-0.0011911703695373747
TOKYOTECH_s01,62,55,63.833333333333336,1.2004903554916382,-0.09566636347255779
TOKYOTECH_s01,62,56,63.86666666666667,0.9504061341285706,-0.20403659917742406
TOKYOTECH_s01,62,57,63.9,0.7482439875602722,-0.3512240608548078
TOKYOTECH_s01,62,58,63.93333333333333,0.41562533378601074,-0.5406164737101652
TOKYOTECH_s01,62,59,63.96666666666667,0.08072284609079361,-0.7485750014698636
TOKYOTECH_s01,62,60,64.0,0.031186416745185852,-0.9289066282664261
TOKYOTECH_s01,62,61,64.03333333333333,0.057175323367118835,-1.0258725142304892
TOKYOTECH_s01,62,62,64.06666666666666,-0.03949553146958351,-0.9913431149398106
TOKYOTECH_s01,62,63,64.1,-0.22031532227993011,-0.8007223399506249
TOKYOTECH_s01,62,64,64.13333333333334,-0.4681549668312073,-0.46338224608466266
TOKYOTECH_s01,62,65,64.16666666666667,-0.7528122663497925,-0.024753648141347527
TOKYOTECH_s01,62,66,64.2,-0.8940186500549316,0.4420134150581992
TOKYOTECH_s01,62,67,64.23333333333333,-0.9256778359413147,0.854457478352187
TOKYOTECH_s01,62,68,64.26666666666667,-0.9824596643447876,1.143759622927912
TOKYOTECH_s01,62,69,64.3,-1.0081335306167603,1.2731173097365276
TOKYOTECH_s01,62,70,64.33333333333333,-1.0317991971969604,1.2443909018100638
TOKYOTECH_s01,62,71,64.36666666666666,-1.1577666997909546,1.0916219785935937
TOKYOTECH_s01,62,72,64.4,-1.2611709833145142,0.8653542235968114
TOKYOTECH_s01,62,73,64.43333333333334,-1.0652698278427124,0.6143664499914301
TOKYOTECH_s01,62,74,64.46666666666667,-0.035794083029031754,0.37118893798724767
TOKYOTECH_s01,62,75,64.5,1.5178699493408203,0.1456037872278143
TOKYOTECH_s01,62,76,64.53333333333333,1.9621227979660034,-0.07255653493203187
TOKYOTECH_s01,62,77,64.56666666666666,1.3837515115737915,-0.303064218148068
TOKYOTECH_s01,62,78,64.6,0.9263861179351807,-0.5617679557440347
TOKYOTECH_s01,62,79,64.63333333333334,0.6824447512626648,-0.8489199339746107
TOKYOTECH_s01,62,80,64.66666666666667,0.24165718257427216,-1.1426633398768884
TOKYOTECH_s01,62,81,64.7,-0.05375005304813385,-1.3989266245396077
TOKYOTECH_s01,62,82,64.73333333333333,0.026224900037050247,-1.558327059212079
TOKYOTECH_s01,62,83,64.76666666666667,0.02291722036898136,-1.5601961039541352
TOKYOTECH_s01,62,84,64.8,-0.024925993755459785,-1.3617120659671687
TOKYOTECH_s01,62,85,64.83333333333333,-0.16058020293712616,-0.9567828801183467
TOKYOTECH_s01,62,86,64.86666666666666,-0.34195128083229065,-0.38687752301254363
TOKYOTECH_s01,62,87,64.9,-0.5565172433853149,0.26303878904145195
TOKYOTECH_s01,62,88,64.93333333333334,-0.7341868877410889,0.8849222315553313
TOKYOTECH_s01,62,89,64.96666666666667,-0.9404048919677734,1.377967369900431
TOKYOTECH_s01,62,90,65.0,-1.0491251945495605,1.6762242686068756
TOKYOTECH_s01,62,91,65.03333333333333,-1.0408560037612915,1.7616383296622367
TOKYOTECH_s01,62,92,65.06666666666666,-0.9853342175483704,1.6591342196661083
TOKYOTECH_s01,62,93,65.1,-1.047471284866333,1.4197989272190985
TOKYOTECH_s01,62,94,65.13333333333334,-1.0685774087905884,1.1015174309447575
TOKYOTECH_s01,62,95,65.16666666666667,-0.7977021932601929,0.7538087940738093
TOKYOTECH_s01,62,96,65.2,0.30655068159103394,0.4092557668029676
TOKYOTECH_s01,62,97,65.23333333333333,1.5535850524902344,0.0810903504717101
TOKYOTECH_s01,62,98,65.26666666666667,1.664825439453125,-0.23386555883945062
TOKYOTECH_s01,62,99,65.3,1.1563879251480103,-0.5473442146625905
TOKYOTECH_s01,62,100,65.33333333333333,0.7289491891860962,-0.8681960768440798
TOKYOTECH_s01,62,101,65.36666666666666,0.35222816467285156,-1.1905839056074772
TOKYOTECH_s01,62,102,65.4,0.016656257212162018,-1.4863304749571917
TOKYOTECH_s01,62,103,65.43333333333334,-0.09966378659009933,-1.7054644754909185
TOKYOTECH_s01,62,104,65.46666666666667,0.08190416544675827,-1.786487375824788
TOKYOTECH_s01,62,105,65.5,0.2597706615924835,-1.674408992029324
TOKYOTECH_s01,62,106,65.53333333333333,0.14864839613437653,-1.3415576990758291
TOKYOTECH_s01,62,107,65.56666666666666,-0.1927907019853592,-0.8041496481866875
TOKYOTECH_s01,62,108,65.6,-0.5129267573356628,-0.1273097513309613
TOKYOTECH_s01,62,109,65.63333333333334,-0.7297766208648682,0.5857659720665124
TOKYOTECH_s01,62,110,65.66666666666667,-0.9876968264579773,1.2184567043704526
TOKYOTECH_s01,62,111,65.7,-1.0785398483276367,1.6707254234594329
TOKYOTECH_s01,62,112,65.73333333333333,-1.0592451095581055,1.8835339813151126
TOKYOTECH_s01,62,113,65.76666666666667,-0.999864399433136,1.8494735938469535
TOKYOTECH_s01,62,114,65.8,-0.938081681728363,1.607824559141568
TOKYOTECH_s01,62,115,65.83333333333333,-0.8636589050292969,1.2281673204992765
TOKYOTECH_s01,62,116,65.86666666666666,-0.7182785272598267,0.7889868247575327
TOKYOTECH_s01,62,117,65.9,0.37353119254112244,0.3574307631696272
TOKYOTECH_s01,62,118,65.93333333333334,1.733656644821167,-0.024504197221929137
TOKYOTECH_s01,62,119,65.96666666666667,1.873839259147644,-0.34387666051160065
TOKYOTECH_s01,62,120,66.0,1.1741076707839966,-0.6105799525911625
TOKYOTECH_s01,62,121,66.03333333333333,0.6533451080322266,-0.8440629088498803
TOKYOTECH_s01,62,122,66.06666666666666,0.3975512385368347,-1.0577533042856417
TOKYOTECH_s01,62,123,66.1,0.04276329278945923,-1.2462649612151049
TOKYOTECH_s01,62,124,66.13333333333334,-0.20818716287612915,-1.380055870215129
TOKYOTECH_s01,62,125,66.16666666666667,-0.10702730715274811,-1.4106856875328013
TOKYOTECH_s01,62,126,66.2,0.023389745503664017,-1.2867171347946968
TOKYOTECH_s01,62,127,66.23333333333333,-0.026461701840162277,-0.9761292115701387
TOKYOTECH_s01,62,128,66.26666666666667,-0.1678255945444107,-0.48727670425368885
TOKYOTECH_s01,62,129,66.3,-0.3797926902770996,0.12119751841247839
TOKYOTECH_s01,62,130,66.33333333333333,-0.600816547870636,0.7487252763261785
TOKYOTECH_s01,62,131,66.36666666666666,-0.8332991003990173,1.2793523609902626
TOKYOTECH_s01,62,132,66.4,-1.026207685470581,1.6164901002897365
TOKYOTECH_s01,62,133,66.43333333333334,-1.1001185178756714,1.7106348337312796
TOKYOTECH_s01,62,134,66.46666666666667,-1.1173657178878784,1.5689257084791166
TOKYOTECH_s01,62,135,66.5,-1.1843856573104858,1.24510207808092
TOKYOTECH_s01,62,136,66.53333333333333,-1.1383143663406372,0.8167412005251994
TOKYOTECH_s01,62,137,66.56666666666666,-0.894609272480011,0.3600580313487966
TOKYOTECH_s01,62,138,66.6,0.33537474274635315,-0.06897982847229243
TOKYOTECH_s01,62,139,66.63333333333334,1.689239263534546,-0.44260526700401887
TOKYOTECH_s01,62,140,66.66666666666667,1.769292950630188,-0.7578047797694206
TOKYOTECH_s01,62,141,66.7,1.2692034244537354,-1.024190297081197
TOKYOTECH_s01,62,142,66.73333333333333,0.9083513617515564,-1.248174060085473
TOKYOTECH_s01,62,143,66.76666666666667,0.5334023237228394,-1.419781349285461
TOKYOTECH_s01,62,144,66.8,0.1419936567544937,-1.5083076579742412
TOKYOTECH_s01,62,145,66.83333333333333,-0.053277526050806046,-1.4701710068861749
TOKYOTECH_s01,62,146,66.86666666666666,0.0752888023853302,-1.2667817260747907
TOKYOTECH_s01,62,147,66.9,0.29769083857536316,-0.8850186678415158
TOKYOTECH_s01,62,148,66.93333333333334,0.20369762182235718,-0.35118525304964476
TOKYOTECH_s01,62,149,66.96666666666667,-0.04063746705651283,0.26823458852782184
TOKYOTECH_s01,62,150,67.0,-0.361009806394577,0.8803937153459208
TOKYOTECH_s01,62,151,67.03333333333333,-0.6813427805900574,1.3897352507111138
TOKYOTECH_s01,62,152,67.06666666666666,-0.9604085087776184,1.7223922941913519
TOKYOTECH_s01,62,153,67.1,-1.1205946207046509,1.8422832670623408
TOKYOTECH_s01,62,154,67.13333333333334,-1.1939148902893066,1.75458991078597
TOKYOTECH_s01,62,155,67.16666666666667,-1.074917197227478,1.4980522684324802
TOKYOTECH_s01,62,156,67.2,-1.1237841844558716,1.13052106568501
TOKYOTECH_s01,62,157,67.23333333333333,-1.0626314878463745,0.7124983948573717
TOKYOTECH_s01,62,158,67.26666666666667,-0.6945341229438782,0.29277287785098005
TOKYOTECH_s01,62,159,67.3,0.6952029466629028,-0.10035175300750607
TOKYOTECH_s01,62,160,67.33333333333333,1.8689171075820923,-0.4595721536398091
TOKYOTECH_s01,62,161,67.36666666666666,1.6572256088256836,-0.7903411239157718
TOKYOTECH_s01,62,162,67.4,1.0611740350723267,-1.097038053886254
TOKYOTECH_s01,62,163,67.43333333333334,0.6290494203567505,-1.3698106979434232
TOKYOTECH_s01,62,164,67.46666666666667,0.27422207593917847,-1.5785289708609276
TOKYOTECH_s01,62,165,67.5,-0.05859344080090523,-1.6773902762042572
TOKYOTECH_s01,62,166,67.53333333333333,-0.16581736505031586,-1.6191925240828369
TOKYOTECH_s01,62,167,67.56666666666666,0.013309200294315815,-1.3742667351535358
TOKYOTECH_s01,62,168,67.6,0.06449946761131287,-0.9471032481908642
TOKYOTECH_s01,62,169,67.63333333333334,-0.07899079471826553,-0.38385200168706607
TOKYOTECH_s01,62,170,67.66666666666667,-0.44015783071517944,0.2339986001791696
TOKYOTECH_s01,62,171,67.7,-0.6772475242614746,0.8094482725453432
TOKYOTECH_s01,62,172,67.73333333333333,-0.9243390560150146,1.256076431971522
TOKYOTECH_s01,62,173,67.76666666666667,-1.0679080486297607,1.519420077230291
TOKYOTECH_s01,62,174,67.8,-1.0537322759628296,1.5857542241710307
TOKYOTECH_s01,62,175,67.83333333333333,-1.145599126815796,1.4773424591808504
TOKYOTECH_s01,62,176,67.86666666666666,-1.1349279880523682,1.2388210656033094
TOKYOTECH_s01,62,177,67.9,-1.1192952394485474,0.9213112682642772
TOKYOTECH_s01,62,178,67.93333333333334,-0.4826851487159729,0.5695728612193671
TOKYOTECH_s01,62,179,67.96666666666667,0.9509180784225464,0.2150263474723679
TOKYOTECH_s01,62,180,68.0,1.8746267557144165,-0.12456235888836352
TOKYOTECH_s01,62,181,68.03333333333333,1.6189117431640625,-0.43978128487552476
TOKYOTECH_s01,62,182,68.06666666666666,1.0137245655059814,-0.7217438729526781
TOKYOTECH_s01,62,183,68.1,0.5984533429145813,-0.9557466906657217
TOKYOTECH_s01,62,184,68.13333333333334,0.09856069087982178,-1.1192166609923637
TOKYOTECH_s01,62,185,68.16666666666667,-0.23894070088863373,-1.1846529148020395
TOKYOTECH_s01,62,186,68.2,-0.43755894899368286,-1.126861983899664
TOKYOTECH_s01,62,187,68.23333333333333,-0.1944839209318161,-0.9329672165644514
TOKYOTECH_s01,62,188,68.26666666666667,-0.08162906020879745,-0.6125791134422043
TOKYOTECH_s01,62,189,68.3,0.002244226634502411,-0.20377645060174107
TOKYOTECH_s01,62,190,68.33333333333333,-0.22200852632522583,0.23046018974136132
TOKYOTECH_s01,62,191,68.36666666666666,-0.4569324851036072,0.6175208243988045
TOKYOTECH_s01,62,192,68.4,-0.7286347150802612,0.8966024751708099
TOKYOTECH_s01,62,193,68.43333333333334,-0.9187474846839905,1.0355264896998062
TOKYOTECH_s01,62,194,68.46666666666667,-1.0454630851745605,1.0351511938729316
TOKYOTECH_s01,62,195,68.5,-1.1247292757034302,0.9213436250710879
TOKYOTECH_s01,62,196,68.53333333333333,-1.271920919418335,0.730371069204154
TOKYOTECH_s01,62,197,68.56666666666666,-1.0204980373382568,0.49517079298200867
TOKYOTECH_s01,62,198,68.6,0.22622135281562805,0.23797067112812226
TOKYOTECH_s01,62,199,68.63333333333334,1.6267871856689453,-0.029158549400330903
TOKYOTECH_s01,62,200,68.66666666666667,1.9425523281097412,-0.29805140690893245
TOKYOTECH_s01,62,201,68.7,1.4271451234817505,-0.5567617806351284
TOKYOTECH_s01,62,202,68.73333333333333,1.0738928318023682,-0.7843884094680573
TOKYOTECH_s01,62,203,68.76666666666667,0.680279016494751,-0.9506731745299735
TOKYOTECH_s01,62,204,68.8,0.19503465294837952,-1.0209174127000331
TOKYOTECH_s01,62,205,68.83333333333333,-0.056821469217538834,-0.9654464785264223
TOKYOTECH_s01,62,206,68.86666666666666,-0.09466288983821869,-0.771588500476288
TOKYOTECH_s01,62,207,68.9,0.09674934297800064,-0.45427897225022656
TOKYOTECH_s01,62,208,68.93333333333334,-0.025122879073023796,-0.05962456060262334
TOKYOTECH_s01,62,209,68.96666666666667,-0.09210337698459625,0.3430150007997522
TOKYOTECH_s01,62,210,69.0,-0.41239696741104126,0.6793584089916689
TOKYOTECH_s01,62,211,69.03333333333333,-0.6201900839805603,0.8918233489758363
TOKYOTECH_s01,62,212,69.06666666666666,-0.8903565406799316,0.9553175293654822
TOKYOTECH_s01,62,213,69.1,-0.9558013677597046,0.88106591289361
TOKYOTECH_s01,62,214,69.13333333333334,-1.1520963907241821,0.7081439292929703
TOKYOTECH_s01,62,215,69.16666666666667,-1.1064188480377197,0.4874641898290813
TOKYOTECH_s01,62,216,69.2,-0.9940759539604187,0.2647898192347112
TOKYOTECH_s01,62,217,69.23333333333333,-0.057963404804468155,0.06835462815002609
TOKYOTECH_s01,62,218,69.26666666666667,1.4145050048828125,-0.09550856915634587
TOKYOTECH_s01,62,219,69.3,2.117741107940674,-0.23793799511841154
TOKYOTECH_s01,62,220,69.33333333333333,1.626944661140442,-0.3762699841056303
TOKYOTECH_s01,62,221,69.36666666666666,1.1487094163894653,-0.5202515835477547
TOKYOTECH_s01,62,222,69.4,0.5265113711357117,-0.6613362464874938
TOKYOTECH_s01,62,223,69.43333333333334,0.1347876489162445,-0.7701188601776309
TOKYOTECH_s01,62,224,69.46666666666667,-0.2563060224056244,-0.8043270098514653
TOKYOTECH_s01,62,225,69.5,0.008741453289985657,-0.7255847140385765
TOKYOTECH_s01,62,226,69.53333333333333,0.05571836978197098,-0.5188062333333384
TOKYOTECH_s01,62,227,69.56666666666666,0.18562352657318115,-0.20558528667115786
TOKYOTECH_s01,62,228,69.6,-0.15002714097499847,0.1558969347228918
TOKYOTECH_s01,62,229,69.63333333333334,-0.27721527218818665,0.486525535865675
TOKYOTECH_s01,62,230,69.66666666666667,-0.6183393597602844,0.7118233182586109
TOKYOTECH_s01,62,231,69.7,-0.8406232595443726,0.7865962859244443
TOKYOTECH_s01,62,232,69.73333333333333,-0.6961091756820679,0.7087326342086254
TOKYOTECH_s01,62,233,69.76666666666667,-1.070113182067871,0.5177957730621998
TOKYOTECH_s01,62,234,69.8,-1.0607020854949951,0.2803794390839133
TOKYOTECH_s01,62,235,69.83333333333333,-1.1784790754318237,0.06845987048843878
TOKYOTECH_s01,62,236,69.86666666666666,-0.4225168824195862,-0.06189475897313518
TOKYOTECH_s01,62,237,69.9,1.0142759084701538,-0.08545279043065615
TOKYOTECH_s01,62,238,69.93333333333334,2.1399497985839844,-0.012916396892144119
TOKYOTECH_s01,62,239,69.96666666666667,1.8861249685287476,0.1143542237090634
TOKYOTECH_s01,63,0,63.0,0.853971540927887,-0.0626816608968028
TOKYOTECH_s01,63,1,63.03333333333333,1.8011490106582642,-0.2093680523551635
TOKYOTECH_s01,63,2,63.06666666666667,1.5858348608016968,-0.3453804875743507
TOKYOTECH_s01,63,3,63.1,1.016402244567871,-0.46659028994577406
TOKYOTECH_s01,63,4,63.13333333333333,0.8095147609710693,-0.5758624985337965
TOKYOTECH_s01,63,5,63.166666666666664,0.6003828644752502,-0.6824810150786059
TOKYOTECH_s01,63,6,63.2,0.18546602129936218,-0.797678151497486
TOKYOTECH_s01,63,7,63.233333333333334,0.1626666635274887,-0.9273579214796212
TOKYOTECH_s01,63,8,63.266666666666666,0.28674399852752686,-1.0645213768775945
TOKYOTECH_s01,63,9,63.3,0.3280506134033203,-1.1848608677697197
TOKYOTECH_s01,63,10,63.333333333333336,0.03197396174073219,-1.2492983719855566
TOKYOTECH_s01,63,11,63.36666666666667,-0.28686267137527466,-1.2152670676457744
TOKYOTECH_s01,63,12,63.4,-0.4179491400718689,-1.0538049720418015
TOKYOTECH_s01,63,13,63.43333333333333,-0.6382247805595398,-0.7649811218464724
TOKYOTECH_s01,63,14,63.46666666666667,-0.7689568996429443,-0.3834224773849131
TOKYOTECH_s01,63,15,63.5,-1.0585756301879883,0.03007697055853121
TOKYOTECH_s01,63,16,63.53333333333333,-1.051645278930664,0.4076720818268394
TOKYOTECH_s01,63,17,63.56666666666667,-1.0129770040512085,0.6955894422215811
TOKYOTECH_s01,63,18,63.6,-0.8923647999763489,0.8683557026358103
TOKYOTECH_s01,63,19,63.63333333333333,-0.9091394543647766,0.931625207955918
TOKYOTECH_s01,63,20,63.666666666666664,-1.0973621606826782,0.9146833952156612
TOKYOTECH_s01,63,21,63.7,-0.8533814549446106,0.8571202972921649
TOKYOTECH_s01,63,22,63.733333333333334,0.5127293467521667,0.7942442402270228
TOKYOTECH_s01,63,23,63.766666666666666,1.79910147190094,0.7447462821997825
TOKYOTECH_s01,63,24,63.8,1.7443279027938843,0.7040461122005258
TOKYOTECH_s01,63,25,63.833333333333336,1.2004903554916382,0.6463852957661366
TOKYOTECH_s01,63,26,63.86666666666667,0.9504061341285706,0.536198589297852
TOKYOTECH_s01,63,27,63.9,0.7482439875602722,0.3452173604196884
TOKYOTECH_s01,63,28,63.93333333333333,0.41562533378601074,0.06843683690014328
TOKYOTECH_s01,63,29,63.96666666666667,0.08072284609079361,-0.2680962950177387
TOKYOTECH_s01,63,30,64.0,0.031186416745185852,-0.611093822106707
TOKYOTECH_s01,63,31,64.03333333333333,0.057175323367118835,-0.8937816693536786
TOKYOTECH_s01,63,32,64.06666666666666,-0.03949553146958351,-1.05444678529514
TOKYOTECH_s01,63,33,64.1,-0.22031532227993011,-1.05381225356515
TOKYOTECH_s01,63,34,64.13333333333334,-0.4681549668312073,-0.8865388563952652
TOKYOTECH_s01,63,35,64.16666666666667,-0.7528122663497925,-0.5838634880803868
TOKYOTECH_s01,63,36,64.2,-0.8940186500549316,-0.2058235234302307
TOKYOTECH_s01,63,37,64.23333333333333,-0.9256778359413147,0.17580489638269609
TOKYOTECH_s01,63,38,64.26666666666667,-0.9824596643447876,0.49831051818273336
TOKYOTECH_s01,63,39,64.3,-1.0081335306167603,0.7242649239368272
TOKYOTECH_s01,63,40,64.33333333333333,-1.0317991971969604,0.8467902607717854
TOKYOTECH_s01,63,41,64.36666666666666,-1.1577666997909546,0.8828966578470282
TOKYOTECH_s01,63,42,64.4,-1.2611709833145142,0.8592462688047294
TOKYOTECH_s01,63,43,64.43333333333334,-1.0652698278427124,0.7974270511866863
TOKYOTECH_s01,63,44,64.46666666666667,-0.035794083029031754,0.7050298331974736
TOKYOTECH_s01,63,45,64.5,1.5178699493408203,0.5754332989407446
TOKYOTECH_s01,63,46,64.53333333333333,1.9621227979660034,0.3950916718416067
TOKYOTECH_s01,63,47,64.56666666666666,1.3837515115737915,0.15405821290622565
TOKYOTECH_s01,63,48,64.6,0.9263861179351807,-0.14533237904460133
TOKYOTECH_s01,63,49,64.63333333333334,0.6824447512626648,-0.4848896820548521
TOKYOTECH_s01,63,50,64.66666666666667,0.24165718257427216,-0.8320356359579704
TOKYOTECH_s01,63,51,64.7,-0.05375005304813385,-1.1441031875222951
TOKYOTECH_s01,63,52,64.73333333333333,0.026224900037050247,-1.373914792326419
TOKYOTECH_s01,63,53,64.76666666666667,0.02291722036898136,-1.4768435902479435
TOKYOTECH_s01,63,54,64.8,-0.024925993755459785,-1.4198840367182788
TOKYOTECH_s01,63,55,64.83333333333333,-0.16058020293712616,-1.1916594000598122
TOKYOTECH_s01,63,56,64.86666666666666,-0.34195128083229065,-0.8099930838383592
TOKYOTECH_s01,63,57,64.9,-0.5565172433853149,-0.3225839577984114
TOKYOTECH_s01,63,58,64.93333333333334,-0.7341868877410889,0.201983151579385
TOKYOTECH_s01,63,59,64.96666666666667,-0.9404048919677734,0.6909779888067078
TOKYOTECH_s01,63,60,65.0,-1.0491251945495605,1.0848027201551882
TOKYOTECH_s01,63,61,65.03333333333333,-1.0408560037612915,1.3468254722252633
TOKYOTECH_s01,63,62,65.06666666666666,-0.9853342175483704,1.46356601791879
TOKYOTECH_s01,63,63,65.1,-1.047471284866333,1.439483296661735
TOKYOTECH_s01,63,64,65.13333333333334,-1.0685774087905884,1.2915695912703316
TOKYOTECH_s01,63,65,65.16666666666667,-0.7977021932601929,1.045598669575244
TOKYOTECH_s01,63,66,65.2,0.30655068159103394,0.7327312009987882
TOKYOTECH_s01,63,67,65.23333333333333,1.5535850524902344,0.38479556964670014
TOKYOTECH_s01,63,68,65.26666666666667,1.664825439453125,0.02874204050079549
TOKYOTECH_s01,63,69,65.3,1.1563879251480103,-0.31701468531645316
TOKYOTECH_s01,63,70,65.33333333333333,0.7289491891860962,-0.6417983555561275
TOKYOTECH_s01,63,71,65.36666666666666,0.35222816467285156,-0.9372545300537237
TOKYOTECH_s01,63,72,65.4,0.016656257212162018,-1.1900323846713878
TOKYOTECH_s01,63,73,65.43333333333334,-0.09966378659009933,-1.3767139378302966
TOKYOTECH_s01,63,74,65.46666666666667,0.08190416544675827,-1.464231641402459
TOKYOTECH_s01,63,75,65.5,0.2597706615924835,-1.416744295969658
TOKYOTECH_s01,63,76,65.53333333333333,0.14864839613437653,-1.2076546504067691
TOKYOTECH_s01,63,77,65.56666666666666,-0.1927907019853592,-0.833334272453806
TOKYOTECH_s01,63,78,65.6,-0.5129267573356628,-0.32333637599742104
TOKYOTECH_s01,63,79,65.63333333333334,-0.7297766208648682,0.2583028473066046
TOKYOTECH_s01,63,80,65.66666666666667,-0.9876968264579773,0.8235491050005292
TOKYOTECH_s01,63,81,65.7,-1.0785398483276367,1.2807369185382897
TOKYOTECH_s01,63,82,65.73333333333333,-1.0592451095581055,1.5579842911934654
TOKYOTECH_s01,63,83,65.76666666666667,-0.999864399433136,1.620964059198494
TOKYOTECH_s01,63,84,65.8,-0.938081681728363,1.4790972288033735
TOKYOTECH_s01,63,85,65.83333333333333,-0.8636589050292969,1.1791938240579996
TOKYOTECH_s01,63,86,65.86666666666666,-0.7182785272598267,0.7895503692403484
TOKYOTECH_s01,63,87,65.9,0.37353119254112244,0.3798983909381325
TOKYOTECH_s01,63,88,65.93333333333334,1.733656644821167,0.003687946408402446
TOKYOTECH_s01,63,89,65.96666666666667,1.873839259147644,-0.3117341652417693
TOKYOTECH_s01,63,90,66.0,1.1741076707839966,-0.5646773692185632
TOKYOTECH_s01,63,91,66.03333333333333,0.6533451080322266,-0.7697576867859789
TOKYOTECH_s01,63,92,66.06666666666666,0.3975512385368347,-0.9435097548787035
TOKYOTECH_s01,63,93,66.1,0.04276329278945923,-1.0900332068206813
TOKYOTECH_s01,63,94,66.13333333333334,-0.20818716287612915,-1.1920883872810824
TOKYOTECH_s01,63,95,66.16666666666667,-0.10702730715274811,-1.2120481752289918
TOKYOTECH_s01,63,96,66.2,0.023389745503664017,-1.1041933376054816
TOKYOTECH_s01,63,97,66.23333333333333,-0.026461701840162277,-0.83540764082305
TOKYOTECH_s01,63,98,66.26666666666667,-0.1678255945444107,-0.4068051837826552
TOKYOTECH_s01,63,99,66.3,-0.3797926902770996,0.1336737213957895
TOKYOTECH_s01,63,100,66.33333333333333,-0.600816547870636,0.6960176587210397
TOKYOTECH_s01,63,101,66.36666666666666,-0.8332991003990173,1.1716297255657013
TOKYOTECH_s01,63,102,66.4,-1.026207685470581,1.466927396890673
TOKYOTECH_s01,63,103,66.43333333333334,-1.1001185178756714,1.5322465376751244
TOKYOTECH_s01,63,104,66.46666666666667,-1.1173657178878784,1.3739093704910161
TOKYOTECH_s01,63,105,66.5,-1.1843856573104858,1.0462200043826173
TOKYOTECH_s01,63,106,66.53333333333333,-1.1383143663406372,0.6291078732739511
TOKYOTECH_s01,63,107,66.56666666666666,-0.894609272480011,0.20173927760791233
TOKYOTECH_s01,63,108,66.6,0.33537474274635315,-0.17845772311416133
TOKYOTECH_s01,63,109,66.63333333333334,1.689239263534546,-0.48583493674847905
TOKYOTECH_s01,63,110,66.66666666666667,1.769292950630188,-0.7240923654100601
TOKYOTECH_s01,63,111,66.7,1.2692034244537354,-0.913217685773475
TOKYOTECH_s01,63,112,66.73333333333333,0.9083513617515564,-1.0707992002293494
TOKYOTECH_s01,63,113,66.76666666666667,0.5334023237228394,-1.1952245963137764
TOKYOTECH_s01,63,114,66.8,0.1419936567544937,-1.2587978936591764
TOKYOTECH_s01,63,115,66.83333333333333,-0.053277526050806046,-1.215522625073611
TOKYOTECH_s01,63,116,66.86666666666666,0.0752888023853302,-1.0213967402511637
TOKYOTECH_s01,63,117,66.9,0.29769083857536316,-0.6585720359678369
TOKYOTECH_s01,63,118,66.93333333333334,0.20369762182235718,-0.15268344857948474
TOKYOTECH_s01,63,119,66.96666666666667,-0.04063746705651283,0.42479773150404115
TOKYOTECH_s01,63,120,67.0,-0.361009806394577,0.9719341166737239
TOKYOTECH_s01,63,121,67.03333333333333,-0.6813427805900574,1.3850898025480438
TOKYOTECH_s01,63,122,67.06666666666666,-0.9604085087776184,1.5901721880426547
TOKYOTECH_s01,63,123,67.1,-1.1205946207046509,1.5636475432243375
TOKYOTECH_s01,63,124,67.13333333333334,-1.1939148902893066,1.33578013610538
TOKYOTECH_s01,63,125,67.16666666666667,-1.074917197227478,0.9767047022515815
TOKYOTECH_s01,63,126,67.2,-1.1237841844558716,0.5718824049755703
TOKYOTECH_s01,63,127,67.23333333333333,-1.0626314878463745,0.19573369411247465
TOKYOTECH_s01,63,128,67.26666666666667,-0.6945341229438782,-0.10831484621544692
TOKYOTECH_s01,63,129,67.3,0.6952029466629028,-0.33543985451469366
TOKYOTECH_s01,63,130,67.33333333333333,1.8689171075820923,-0.5122622756160519
TOKYOTECH_s01,63,131,67.36666666666666,1.6572256088256836,-0.6773042649826502
TOKYOTECH_s01,63,132,67.4,1.0611740350723267,-0.8567312599955567
TOKYOTECH_s01,63,133,67.43333333333334,0.6290494203567505,-1.045809567572787
TOKYOTECH_s01,63,134,67.46666666666667,0.27422207593917847,-1.2043949252565218
TOKYOTECH_s01,63,135,67.5,-0.05859344080090523,-1.2688503048188817
TOKYOTECH_s01,63,136,67.53333333333333,-0.16581736505031586,-1.1760959749810131
TOKYOTECH_s01,63,137,67.56666666666666,0.013309200294315815,-0.8909184153659624
TOKYOTECH_s01,63,138,67.6,0.06449946761131287,-0.4266491456186722
TOKYOTECH_s01,63,139,67.63333333333334,-0.07899079471826553,0.1489384858322972
TOKYOTECH_s01,63,140,67.66666666666667,-0.44015783071517944,0.7270321695518002
TOKYOTECH_s01,63,141,67.7,-0.6772475242614746,1.1884740138679657
TOKYOTECH_s01,63,142,67.73333333333333,-0.9243390560150146,1.4411686068867944
TOKYOTECH_s01,63,143,67.76666666666667,-1.0679080486297607,1.448759737595158
TOKYOTECH_s01,63,144,67.8,-1.0537322759628296,1.2386209988510504
TOKYOTECH_s01,63,145,67.83333333333333,-1.145599126815796,0.8868310837952781
TOKYOTECH_s01,63,146,67.86666666666666,-1.1349279880523682,0.48778745555485653
TOKYOTECH_s01,63,147,67.9,-1.1192952394485474,0.12165947640175635
TOKYOTECH_s01,63,148,67.93333333333334,-0.4826851487159729,-0.1679551578167058
TOKYOTECH_s01,63,149,67.96666666666667,0.9509180784225464,-0.37928991585676036
TOKYOTECH_s01,63,150,68.0,1.8746267557144165,-0.5406410786260516
TOKYOTECH_s01,63,151,68.03333333333333,1.6189117431640625,-0.6878399286924732
TOKYOTECH_s01,63,152,68.06666666666666,1.0137245655059814,-0.8410569401208973
TOKYOTECH_s01,63,153,68.1,0.5984533429145813,-0.9906151750859079
TOKYOTECH_s01,63,154,68.13333333333334,0.09856069087982178,-1.0967745667232103
TOKYOTECH_s01,63,155,68.16666666666667,-0.23894070088863373,-1.1026582936816645
TOKYOTECH_s01,63,156,68.2,-0.43755894899368286,-0.9557620406381807
TOKYOTECH_s01,63,157,68.23333333333333,-0.1944839209318161,-0.6316613957269606
TOKYOTECH_s01,63,158,68.26666666666667,-0.08162906020879745,-0.15231754428360816
TOKYOTECH_s01,63,159,68.3,0.002244226634502411,0.40912032310768764
TOKYOTECH_s01,63,160,68.33333333333333,-0.22200852632522583,0.943074469208858
TOKYOTECH_s01,63,161,68.36666666666666,-0.4569324851036072,1.3364667033511224
TOKYOTECH_s01,63,162,68.4,-0.7286347150802612,1.5110591394784691
TOKYOTECH_s01,63,163,68.43333333333334,-0.9187474846839905,1.4487037598578854
TOKYOTECH_s01,63,164,68.46666666666667,-1.0454630851745605,1.1917559281306527
TOKYOTECH_s01,63,165,68.5,-1.1247292757034302,0.820525267092139
TOKYOTECH_s01,63,166,68.53333333333333,-1.271920919418335,0.42014929802532025
TOKYOTECH_s01,63,167,68.56666666666666,-1.0204980373382568,0.05214532398861939
TOKYOTECH_s01,63,168,68.6,0.22622135281562805,-0.25844309153938333
TOKYOTECH_s01,63,169,68.63333333333334,1.6267871856689453,-0.5177867813162156
TOKYOTECH_s01,63,170,68.66666666666667,1.9425523281097412,-0.7455370606024009
TOKYOTECH_s01,63,171,68.7,1.4271451234817505,-0.9544258922107879
TOKYOTECH_s01,63,172,68.73333333333333,1.0738928318023682,-1.1359571212785307
TOKYOTECH_s01,63,173,68.76666666666667,0.680279016494751,-1.25700354788796
TOKYOTECH_s01,63,174,68.8,0.19503465294837952,-1.268252179789969
TOKYOTECH_s01,63,175,68.83333333333333,-0.056821469217538834,-1.1222932424909304
TOKYOTECH_s01,63,176,68.86666666666666,-0.09466288983821869,-0.7961643619898127
TOKYOTECH_s01,63,177,68.9,0.09674934297800064,-0.3102189805853208
TOKYOTECH_s01,63,178,68.93333333333334,-0.025122879073023796,0.2662469745823515
TOKYOTECH_s01,63,179,68.96666666666667,-0.09210337698459625,0.828778960987
TOKYOTECH_s01,63,180,69.0,-0.41239696741104126,1.2681059115547437
TOKYOTECH_s01,63,181,69.03333333333333,-0.6201900839805603,1.5048765918522293
TOKYOTECH_s01,63,182,69.06666666666666,-0.8903565406799316,1.5135048184040996
TOKYOTECH_s01,63,183,69.1,-0.9558013677597046,1.3249631404215527
TOKYOTECH_s01,63,184,69.13333333333334,-1.1520963907241821,1.008896084331118
TOKYOTECH_s01,63,185,69.16666666666667,-1.1064188480377197,0.6448267669508084
TOKYOTECH_s01,63,186,69.2,-0.9940759539604187,0.29521292226030366
TOKYOTECH_s01,63,187,69.23333333333333,-0.057963404804468155,-0.009981315084683279
TOKYOTECH_s01,63,188,69.26666666666667,1.4145050048828125,-0.27337327671394845
TOKYOTECH_s01,63,189,69.3,2.117741107940674,-0.5169450336048759
TOKYOTECH_s01,63,190,69.33333333333333,1.626944661140442,-0.7617840000416568
TOKYOTECH_s01,63,191,69.36666666666666,1.1487094163894653,-1.008962243144033
TOKYOTECH_s01,63,192,69.4,0.5265113711357117,-1.2292895181145893
TOKYOTECH_s01,63,193,69.43333333333334,0.1347876489162445,-1.3669916864536975
TOKYOTECH_s01,63,194,69.46666666666667,-0.2563060224056244,-1.3577976432209957
TOKYOTECH_s01,63,195,69.5,0.008741453289985657,-1.1562225084735722
TOKYOTECH_s01,63,196,69.53333333333333,0.05571836978197098,-0.76166237979624
TOKYOTECH_s01,63,197,69.56666666666666,0.18562352657318115,-0.2309371019193697
TOKYOTECH_s01,63,198,69.6,-0.15002714097499847,0.3315468691996399
TOKYOTECH_s01,63,199,69.63333333333334,-0.27721527218818665,0.80538451940354
TOKYOTECH_s01,63,200,69.66666666666667,-0.6183393597602844,1.0950436437280011
TOKYOTECH_s01,63,201,69.7,-0.8406232595443726,1.1614077050076612
TOKYOTECH_s01,63,202,69.73333333333333,-0.6961091756820679,1.0302312641358697
TOKYOTECH_s01,63,203,69.76666666666667,-1.070113182067871,0.7756414867185878
TOKYOTECH_s01,63,204,69.8,-1.0607020854949951,0.4879152317029303
TOKYOTECH_s01,63,205,69.83333333333333,-1.1784790754318237,0.23999337039483723
TOKYOTECH_s01,63,206,69.86666666666666,-0.4225168824195862,0.06543013907283937
TOKYOTECH_s01,63,207,69.9,1.0142759084701538,-0.04575374189569676
TOKYOTECH_s01,63,208,69.93333333333334,2.1399497985839844,-0.13388841746800845
TOKYOTECH_s01,63,209,69.96666666666667,1.8861249685287476,-0.2454167434892871
TOKYOTECH_s01,63,210,70.0,1.3276784420013428,-0.40719825302649215
TOKYOTECH_s01,63,211,70.03333333333333,0.7712008357048035,-0.6091648888359058
TOKYOTECH_s01,63,212,70.06666666666666,0.312614768743515,-0.8021545172399903
TOKYOTECH_s01,63,213,70.1,-0.06556319445371628,-0.9125106342131686
TOKYOTECH_s01,63,214,70.13333333333334,-0.10305021703243256,-0.8690802217895074
TOKYOTECH_s01,63,215,70.16666666666667,-0.08655120432376862,-0.6332126235075074
TOKYOTECH_s01,63,216,70.2,0.19125445187091827,-0.21998916242942365
TOKYOTECH_s01,63,217,70.23333333333333,0.07016977667808533,0.2991827095166876
TOKYOTECH_s01,63,218,70.26666666666667,-0.04504770785570145,0.8158870598143177
TOKYOTECH_s01,63,219,70.3,-0.364435613155365,1.2196933474868525
TOKYOTECH_s01,63,220,70.33333333333333,-0.5565172433853149,1.4343284938681802
TOKYOTECH_s01,63,221,70.36666666666666,-0.8707073926925659,1.4393694299633812
TOKYOTECH_s01,63,222,70.4,-0.9807270765304565,1.269758069081894
TOKYOTECH_s01,63,223,70.43333333333334,-1.0875178575515747,0.9964132924454644
TOKYOTECH_s01,63,224,70.46666666666667,-1.1521750688552856,0.6978579387471933
TOKYOTECH_s01,63,225,70.5,-0.679964542388916,0.43370890767627535
TOKYOTECH_s01,63,226,70.53333333333333,0.738163411617279,0.22824993101455562
TOKYOTECH_s01,63,227,70.56666666666666,1.8783282041549683,0.06815219993627825
TOKYOTECH_s01,63,228,70.6,1.7256630659103394,-0.0859917575001334
TOKYOTECH_s01,63,229,70.63333333333334,1.1617038249969482,-0.2788064541207856
TOKYOTECH_s01,63,230,70.66666666666667,0.7724608778953552,-0.5377100427898983
TOKYOTECH_s01,63,231,70.7,0.37175920605659485,-0.8575366915881659
TOKYOTECH_s01,63,232,70.73333333333333,0.1328187882900238,-1.1981392042207621
TOKYOTECH_s01,63,233,70.76666666666667,-0.022996513172984123,-1.4956024743706953
TOKYOTECH_s01,63,234,70.8,0.036502331495285034,-1.682089718989157
TOKYOTECH_s01,63,235,70.83333333333333,0.18475723266601562,-1.7062161604022072
TOKYOTECH_s01,63,236,70.86666666666666,0.042684540152549744,-1.546730611498369
TOKYOTECH_s01,63,237,70.9,-0.07395052164793015,-1.2161327028725575
TOKYOTECH_s01,63,238,70.93333333333334,-0.3968823552131653,-0.7553332623129382
TOKYOTECH_s01,63,239,70.96666666666667,-0.5182426571846008,-0.22361296960344487
TOKYOTECH_s01,64,0,64.0,0.031186416745185852,0.0799350848282333
TOKYOTECH_s01,64,1,64.03333333333333,0.057175323367118835,-0.31186174271944184
TOKYOTECH_s01,64,2,64.06666666666666,-0.03949553146958351,-0.6137063610663173
TOKYOTECH_s01,64,3,64.1,-0.22031532227993011,-0.7525534188140737
TOKYOTECH_s01,64,4,64.13333333333334,-0.4681549668312073,-0.6887363827814099
TOKYOTECH_s01,64,5,64.16666666666667,-0.7528122663497925,-0.42821625239327576
TOKYOTECH_s01,64,6,64.2,-0.8940186500549316,-0.025116801142117368
TOKYOTECH_s01,64,7,64.23333333333333,-0.9256778359413147,0.4300374403151925
TOKYOTECH_s01,64,8,64.26666666666667,-0.9824596643447876,0.8353500739342732
TOKYOTECH_s01,64,9,64.3,-1.0081335306167603,1.1076934295998693
TOKYOTECH_s01,64,10,64.33333333333333,-1.0317991971969604,1.2058351247314585
TOKYOTECH_s01,64,11,64.36666666666666,-1.1577666997909546,1.1369745874079524
TOKYOTECH_s01,64,12,64.4,-1.2611709833145142,0.9455513195923363
TOKYOTECH_s01,64,13,64.43333333333334,-1.0652698278427124,0.691570382668
TOKYOTECH_s01,64,14,64.46666666666667,-0.035794083029031754,0.42850103363965697
TOKYOTECH_s01,64,15,64.5,1.5178699493408203,0.18845241567188145
TOKYOTECH_s01,64,16,64.53333333333333,1.9621227979660034,-0.021948704034861332
TOKYOTECH_s01,64,17,64.56666666666666,1.3837515115737915,-0.21572169071628586
TOKYOTECH_s01,64,18,64.6,0.9263861179351807,-0.4135002955879474
TOKYOTECH_s01,64,19,64.63333333333334,0.6824447512626648,-0.6301626869223004
TOKYOTECH_s01,64,20,64.66666666666667,0.24165718257427216,-0.8642132972296632
TOKYOTECH_s01,64,21,64.7,-0.05375005304813385,-1.0926284820314873
TOKYOTECH_s01,64,22,64.73333333333333,0.026224900037050247,-1.272870591444616
TOKYOTECH_s01,64,23,64.76666666666667,0.02291722036898136,-1.3526198316454532
TOKYOTECH_s01,64,24,64.8,-0.024925993755459785,-1.2856622121171
TOKYOTECH_s01,64,25,64.83333333333333,-0.16058020293712616,-1.0495946430995264
TOKYOTECH_s01,64,26,64.86666666666666,-0.34195128083229065,-0.6588412395354499
TOKYOTECH_s01,64,27,64.9,-0.5565172433853149,-0.16660669803911277
TOKYOTECH_s01,64,28,64.93333333333334,-0.7341868877410889,0.3471263190983461
TOKYOTECH_s01,64,29,64.96666666666667,-0.9404048919677734,0.798187049757868
TOKYOTECH_s01,64,30,65.0,-1.0491251945495605,1.121900190760328
TOKYOTECH_s01,64,31,65.03333333333333,-1.0408560037612915,1.287432739850198
TOKYOTECH_s01,64,32,65.06666666666666,-0.9853342175483704,1.2985077874751305
TOKYOTECH_s01,64,33,65.1,-1.047471284866333,1.1839064863548865
TOKYOTECH_s01,64,34,65.13333333333334,-1.0685774087905884,0.9842858833788765
TOKYOTECH_s01,64,35,65.16666666666667,-0.7977021932601929,0.7402867890231704
TOKYOTECH_s01,64,36,65.2,0.30655068159103394,0.4839755582615591
TOKYOTECH_s01,64,37,65.23333333333333,1.5535850524902344,0.23390150823536351
TOKYOTECH_s01,64,38,65.26666666666667,1.664825439453125,-0.005894690911508332
TOKYOTECH_s01,64,39,65.3,1.1563879251480103,-0.24222873174870876
TOKYOTECH_s01,64,40,65.33333333333333,0.7289491891860962,-0.4847465449503259
TOKYOTECH_s01,64,41,65.36666666666666,0.35222816467285156,-0.7357372532344276
TOKYOTECH_s01,64,42,65.4,0.016656257212162018,-0.9815475903725505
TOKYOTECH_s01,64,43,65.43333333333334,-0.09966378659009933,-1.189491079214235
TOKYOTECH_s01,64,44,65.46666666666667,0.08190416544675827,-1.3125779230304822
TOKYOTECH_s01,64,45,65.5,0.2597706615924835,-1.301758251086988
TOKYOTECH_s01,64,46,65.53333333333333,0.14864839613437653,-1.122635330888557
TOKYOTECH_s01,64,47,65.56666666666666,-0.1927907019853592,-0.7714244041830357
TOKYOTECH_s01,64,48,65.6,-0.5129267573356628,-0.2839762503840834
TOKYOTECH_s01,64,49,65.63333333333334,-0.7297766208648682,0.2671291246088133
TOKYOTECH_s01,64,50,65.66666666666667,-0.9876968264579773,0.7886442466736842
TOKYOTECH_s01,64,51,65.7,-1.0785398483276367,1.1915085186508039
TOKYOTECH_s01,64,52,65.73333333333333,-1.0592451095581055,1.415162790776235
TOKYOTECH_s01,64,53,65.76666666666667,-0.999864399433136,1.4415298320418757
TOKYOTECH_s01,64,54,65.8,-0.938081681728363,1.2942770813887954
TOKYOTECH_s01,64,55,65.83333333333333,-0.8636589050292969,1.0259566144159413
TOKYOTECH_s01,64,56,65.86666666666666,-0.7182785272598267,0.6993025606989842
TOKYOTECH_s01,64,57,65.9,0.37353119254112244,0.3691655161452707
TOKYOTECH_s01,64,58,65.93333333333334,1.733656644821167,0.07018290965080302
TOKYOTECH_s01,64,59,65.96666666666667,1.873839259147644,-0.18696470060449946
TOKYOTECH_s01,64,60,66.0,1.1741076707839966,-0.4106883258888216
TOKYOTECH_s01,64,61,66.03333333333333,0.6533451080322266,-0.6174162122605982
TOKYOTECH_s01,64,62,66.06666666666666,0.3975512385368347,-0.8180246643201057
TOKYOTECH_s01,64,63,66.1,0.04276329278945923,-1.0061270867299417
TOKYOTECH_s01,64,64,66.13333333333334,-0.20818716287612915,-1.152818181330473
TOKYOTECH_s01,64,65,66.16666666666667,-0.10702730715274811,-1.2113233702290431
TOKYOTECH_s01,64,66,66.2,0.023389745503664017,-1.1317539247781927
TOKYOTECH_s01,64,67,66.23333333333333,-0.026461701840162277,-0.8819621697855652
TOKYOTECH_s01,64,68,66.26666666666667,-0.1678255945444107,-0.4671618187373308
TOKYOTECH_s01,64,69,66.3,-0.3797926902770996,0.06039077085379943
TOKYOTECH_s01,64,70,66.33333333333333,-0.600816547870636,0.6086610960462143
TOKYOTECH_s01,64,71,66.36666666666666,-0.8332991003990173,1.070635423733881
TOKYOTECH_s01,64,72,66.4,-1.026207685470581,1.3575917213316016
TOKYOTECH_s01,64,73,66.43333333333334,-1.1001185178756714,1.4260652826548252
TOKYOTECH_s01,64,74,66.46666666666667,-1.1173657178878784,1.2872734794859686
TOKYOTECH_s01,64,75,66.5,-1.1843856573104858,0.9970335965038388
TOKYOTECH_s01,64,76,66.53333333333333,-1.1383143663406372,0.6324348068620822
TOKYOTECH_s01,64,77,66.56666666666666,-0.894609272480011,0.26538049141157033
TOKYOTECH_s01,64,78,66.6,0.33537474274635315,-0.05753835262719015
TOKYOTECH_s01,64,79,66.63333333333334,1.689239263534546,-0.3229539053911288
TOKYOTECH_s01,64,80,66.66666666666667,1.769292950630188,-0.5450485009912127
TOKYOTECH_s01,64,81,66.7,1.2692034244537354,-0.7492156499220765
TOKYOTECH_s01,64,82,66.73333333333333,0.9083513617515564,-0.9514035769296273
TOKYOTECH_s01,64,83,66.76666666666667,0.5334023237228394,-1.1414519963376215
TOKYOTECH_s01,64,84,66.8,0.1419936567544937,-1.278321261996668
TOKYOTECH_s01,64,85,66.83333333333333,-0.053277526050806046,-1.3011619853373761
TOKYOTECH_s01,64,86,66.86666666666666,0.0752888023853302,-1.1531947919820582
TOKYOTECH_s01,64,87,66.9,0.29769083857536316,-0.8090035157581187
TOKYOTECH_s01,64,88,66.93333333333334,0.20369762182235718,-0.29373299500898353
TOKYOTECH_s01,64,89,66.96666666666667,-0.04063746705651283,0.31473489259647924
TOKYOTECH_s01,64,90,67.0,-0.361009806394577,0.9036106062492525
TOKYOTECH_s01,64,91,67.03333333333333,-0.6813427805900574,1.3579919747667943
TOKYOTECH_s01,64,92,67.06666666666666,-0.9604085087776184,1.5961243761523076
TOKYOTECH_s01,64,93,67.1,-1.1205946207046509,1.5926570652345913
TOKYOTECH_s01,64,94,67.13333333333334,-1.1939148902893066,1.3813243650206202
TOKYOTECH_s01,64,95,67.16666666666667,-1.074917197227478,1.0379484552100444
TOKYOTECH_s01,64,96,67.2,-1.1237841844558716,0.6518071046192216
TOKYOTECH_s01,64,97,67.23333333333333,-1.0626314878463745,0.29625756189292435
TOKYOTECH_s01,64,98,67.26666666666667,-0.6945341229438782,0.008611021049328168
TOKYOTECH_s01,64,99,67.3,0.6952029466629028,-0.21454798134789527
TOKYOTECH_s01,64,100,67.33333333333333,1.8689171075820923,-0.40596343700782683
TOKYOTECH_s01,64,101,67.36666666666666,1.6572256088256836,-0.6052714530325297
TOKYOTECH_s01,64,102,67.4,1.0611740350723267,-0.8345390915471953
TOKYOTECH_s01,64,103,67.43333333333334,0.6290494203567505,-1.0814902858595965
TOKYOTECH_s01,64,104,67.46666666666667,0.27422207593917847,-1.297126162000535
TOKYOTECH_s01,64,105,67.5,-0.05859344080090523,-1.4091347537333467
TOKYOTECH_s01,64,106,67.53333333333333,-0.16581736505031586,-1.3469784067499042
TOKYOTECH_s01,64,107,67.56666666666666,0.013309200294315815,-1.0704623435957688
TOKYOTECH_s01,64,108,67.6,0.06449946761131287,-0.5918476767152913
TOKYOTECH_s01,64,109,67.63333333333334,-0.07899079471826553,0.017589793558475838
TOKYOTECH_s01,64,110,67.66666666666667,-0.44015783071517944,0.6419014875599044
TOKYOTECH_s01,64,111,67.7,-0.6772475242614746,1.1535275373816107
TOKYOTECH_s01,64,112,67.73333333333333,-0.9243390560150146,1.4533397604599871
TOKYOTECH_s01,64,113,67.76666666666667,-1.0679080486297607,1.5008585003014474
TOKYOTECH_s01,64,114,67.8,-1.0537322759628296,1.32210643812923
TOKYOTECH_s01,64,115,67.83333333333333,-1.145599126815796,0.9932892253054855
TOKYOTECH_s01,64,116,67.86666666666666,-1.1349279880523682,0.6090641320284094
TOKYOTECH_s01,64,117,67.9,-1.1192952394485474,0.2494949950090077
TOKYOTECH_s01,64,118,67.93333333333334,-0.4826851487159729,-0.041818207242588896
TOKYOTECH_s01,64,119,67.96666666666667,0.9509180784225464,-0.26222155783617496
TOKYOTECH_s01,64,120,68.0,1.8746267557144165,-0.43807397751938404
TOKYOTECH_s01,64,121,68.03333333333333,1.6189117431640625,-0.6030079579618407
TOKYOTECH_s01,64,122,68.06666666666666,1.0137245655059814,-0.7757862537433842
TOKYOTECH_s01,64,123,68.1,0.5984533429145813,-0.946397337330594
TOKYOTECH_s01,64,124,68.13333333333334,0.09856069087982178,-1.0751985491688263
TOKYOTECH_s01,64,125,68.16666666666667,-0.23894070088863373,-1.1050498642469455
TOKYOTECH_s01,64,126,68.2,-0.43755894899368286,-0.9824731962732364
TOKYOTECH_s01,64,127,68.23333333333333,-0.1944839209318161,-0.6813990978895215
TOKYOTECH_s01,64,128,68.26666666666667,-0.08162906020879745,-0.2217111903197661
TOKYOTECH_s01,64,129,68.3,0.002244226634502411,0.3255604074571712
TOKYOTECH_s01,64,130,68.33333333333333,-0.22200852632522583,0.8525854169111543
TOKYOTECH_s01,64,131,68.36666666666666,-0.4569324851036072,1.2473877179723305
TOKYOTECH_s01,64,132,68.4,-0.7286347150802612,1.431920289740378
TOKYOTECH_s01,64,133,68.43333333333334,-0.9187474846839905,1.3868322712379406
TOKYOTECH_s01,64,134,68.46666666666667,-1.0454630851745605,1.1514433594877929
TOKYOTECH_s01,64,135,68.5,-1.1247292757034302,0.8014695282342269
TOKYOTECH_s01,64,136,68.53333333333333,-1.271920919418335,0.4171967950647816
TOKYOTECH_s01,64,137,68.56666666666666,-1.0204980373382568,0.05682117467027032
TOKYOTECH_s01,64,138,68.6,0.22622135281562805,-0.2552151538529139
TOKYOTECH_s01,64,139,68.63333333333334,1.6267871856689453,-0.5230959227972866
TOKYOTECH_s01,64,140,68.66666666666667,1.9425523281097412,-0.7629593186913615
TOKYOTECH_s01,64,141,68.7,1.4271451234817505,-0.983466795691382
TOKYOTECH_s01,64,142,68.73333333333333,1.0738928318023682,-1.171987179629282
TOKYOTECH_s01,64,143,68.76666666666667,0.680279016494751,-1.2918056592793616
TOKYOTECH_s01,64,144,68.8,0.19503465294837952,-1.2919153962430727
TOKYOTECH_s01,64,145,68.83333333333333,-0.056821469217538834,-1.1267747085179298
TOKYOTECH_s01,64,146,68.86666666666666,-0.09466288983821869,-0.7793227806025232
TOKYOTECH_s01,64,147,68.9,0.09674934297800064,-0.2778668398731294
TOKYOTECH_s01,64,148,68.93333333333334,-0.025122879073023796,0.30202531330741844
TOKYOTECH_s01,64,149,68.96666666666667,-0.09210337698459625,0.8543913811500926
TOKYOTECH_s01,64,150,69.0,-0.41239696741104126,1.273650701515429
TOKYOTECH_s01,64,151,69.03333333333333,-0.6201900839805603,1.4870947726916721
TOKYOTECH_s01,64,152,69.06666666666666,-0.8903565406799316,1.4755485499672822
TOKYOTECH_s01,64,153,69.1,-0.9558013677597046,1.274121883970084
TOKYOTECH_s01,64,154,69.13333333333334,-1.1520963907241821,0.9542741831408058
TOKYOTECH_s01,64,155,69.16666666666667,-1.1064188480377197,0.5961854364995544
TOKYOTECH_s01,64,156,69.2,-0.9940759539604187,0.26269664290991424
TOKYOTECH_s01,64,157,69.23333333333333,-0.057963404804468155,-0.01647756648696123
TOKYOTECH_s01,64,158,69.26666666666667,1.4145050048828125,-0.24617039189522028
TOKYOTECH_s01,64,159,69.3,2.117741107940674,-0.4535824595833656
TOKYOTECH_s01,64,160,69.33333333333333,1.626944661140442,-0.6674601187820844
TOKYOTECH_s01,64,161,69.36666666666666,1.1487094163894653,-0.8964988254320011
TOKYOTECH_s01,64,162,69.4,0.5265113711357117,-1.1157673787316962
TOKYOTECH_s01,64,163,69.43333333333334,0.1347876489162445,-1.2680089552978657
TOKYOTECH_s01,64,164,69.46666666666667,-0.2563060224056244,-1.2816226651670382
TOKYOTECH_s01,64,165,69.5,0.008741453289985657,-1.1002202344694652
TOKYOTECH_s01,64,166,69.53333333333333,0.05571836978197098,-0.7124365888857819
TOKYOTECH_s01,64,167,69.56666666666666,0.18562352657318115,-0.16830350997318633
TOKYOTECH_s01,64,168,69.6,-0.15002714097499847,0.4277591095768531
TOKYOTECH_s01,64,169,69.63333333333334,-0.27721527218818665,0.9475040082239818
TOKYOTECH_s01,64,170,69.66666666666667,-0.6183393597602844,1.2811407976490927
TOKYOTECH_s01,64,171,69.7,-0.8406232595443726,1.3728903522962146
TOKYOTECH_s01,64,172,69.73333333333333,-0.6961091756820679,1.2350689567881756
TOKYOTECH_s01,64,173,69.76666666666667,-1.070113182067871,0.9367115911578519
TOKYOTECH_s01,64,174,69.8,-1.0607020854949951,0.5736342656467812
TOKYOTECH_s01,64,175,69.83333333333333,-1.1784790754318237,0.2331558744687523
TOKYOTECH_s01,64,176,69.86666666666666,-0.4225168824195862,-0.03310780145197429
TOKYOTECH_s01,64,177,69.9,1.0142759084701538,-0.2195092510241188
TOKYOTECH_s01,64,178,69.93333333333334,2.1399497985839844,-0.35751854497519686
TOKYOTECH_s01,64,179,69.96666666666667,1.8861249685287476,-0.49248160260036544
TOKYOTECH_s01,64,180,70.0,1.3276784420013428,-0.6560291025523539
TOKYOTECH_s01,64,181,70.03333333333333,0.7712008357048035,-0.8456740788015444
TOKYOTECH_s01,64,182,70.06666666666666,0.312614768743515,-1.0198770802962454
TOKYOTECH_s01,64,183,70.1,-0.06556319445371628,-1.1107120575880292
TOKYOTECH_s01,64,184,70.13333333333334,-0.10305021703243256,-1.0499453143828406
TOKYOTECH_s01,64,185,70.16666666666667,-0.08655120432376862,-0.7993262233549354
TOKYOTECH_s01,64,186,70.2,0.19125445187091827,-0.37326712091539743
TOKYOTECH_s01,64,187,70.23333333333333,0.07016977667808533,0.1565637753833564
TOKYOTECH_s01,64,188,70.26666666666667,-0.04504770785570145,0.6791150006629576
TOKYOTECH_s01,64,189,70.3,-0.364435613155365,1.079156067373797
TOKYOTECH_s01,64,190,70.33333333333333,-0.5565172433853149,1.2757154089633054
TOKYOTECH_s01,64,191,70.36666666666666,-0.8707073926925659,1.2473156487901957
TOKYOTECH_s01,64,192,70.4,-0.9807270765304565,1.0344571023122047
TOKYOTECH_s01,64,193,70.43333333333334,-1.0875178575515747,0.7205401683610038
TOKYOTECH_s01,64,194,70.46666666666667,-1.1521750688552856,0.40009571604832733
TOKYOTECH_s01,64,195,70.5,-0.679964542388916,0.14616226519135672
TOKYOTECH_s01,64,196,70.53333333333333,0.738163411617279,-0.01196270434679138
TOKYOTECH_s01,64,197,70.56666666666666,1.8783282041549683,-0.09309520853937629
TOKYOTECH_s01,64,198,70.6,1.7256630659103394,-0.14944364564478238
TOKYOTECH_s01,64,199,70.63333333333334,1.1617038249969482,-0.23870306520443274
TOKYOTECH_s01,64,200,70.66666666666667,0.7724608778953552,-0.3942933904634552
TOKYOTECH_s01,64,201,70.7,0.37175920605659485,-0.6060853703969257
TOKYOTECH_s01,64,202,70.73333333333333,0.1328187882900238,-0.8196031651052179
TOKYOTECH_s01,64,203,70.76666666666667,-0.022996513172984123,-0.9542049699592696
TOKYOTECH_s01,64,204,70.8,0.036502331495285034,-0.9335663350638365
TOKYOTECH_s01,64,205,70.83333333333333,0.18475723266601562,-0.7172982613540488
TOKYOTECH_s01,64,206,70.86666666666666,0.042684540152549744,-0.32183393050228787
TOKYOTECH_s01,64,207,70.9,-0.07395052164793015,0.17817162631347666
TOKYOTECH_s01,64,208,70.93333333333334,-0.3968823552131653,0.6703612781416153
TOKYOTECH_s01,64,209,70.96666666666667,-0.5182426571846008,1.0408576002040268
TOKYOTECH_s01,64,210,71.0,-0.7851014733314514,1.2117044808865505
TOKYOTECH_s01,64,211,71.03333333333333,-0.8153825402259827,1.1635157553276936
TOKYOTECH_s01,64,212,71.06666666666666,-0.9543050527572632,0.9349231558777658
TOKYOTECH_s01,64,213,71.1,-0.7969146370887756,0.601752921002024
TOKYOTECH_s01,64,214,71.13333333333334,-0.5309615135192871,0.2464849886973588
TOKYOTECH_s01,64,215,71.16666666666667,0.777383029460907,-0.06960760077132032
TOKYOTECH_s01,64,216,71.2,1.7947700023651123,-0.3218629652933562
TOKYOTECH_s01,64,217,71.23333333333333,1.6992803812026978,-0.5208902945171763
TOKYOTECH_s01,64,218,71.26666666666667,1.1023625135421753,-0.6967239470313163
TOKYOTECH_s01,64,219,71.3,0.6403899788856506,-0.8760491907943255
TOKYOTECH_s01,64,220,71.33333333333333,0.31312668323516846,-1.0624048717655215
TOKYOTECH_s01,64,221,71.36666666666666,0.13888287544250488,-1.227882565075902
TOKYOTECH_s01,64,222,71.4,0.20625713467597961,-1.320244355775879
TOKYOTECH_s01,64,223,71.43333333333334,0.297651469707489,-1.2831521505554209
TOKYOTECH_s01,64,224,71.46666666666667,0.19550718367099762,-1.081537320680104
TOKYOTECH_s01,64,225,71.5,0.16113094985485077,-0.7212530548800206
TOKYOTECH_s01,64,226,71.53333333333333,-0.22551310062408447,-0.25363907293134685
TOKYOTECH_s01,64,227,71.56666666666666,-0.4288172125816345,0.23816074354309352
TOKYOTECH_s01,64,228,71.6,-0.8666121363639832,0.6655479094574245
TOKYOTECH_s01,64,229,71.63333333333334,-0.8659821152687073,0.9618591367277891
TOKYOTECH_s01,64,230,71.66666666666667,-1.0808237791061401,1.0997113895383084
TOKYOTECH_s01,64,231,71.7,-1.0108505487442017,1.0929688130388577
TOKYOTECH_s01,64,232,71.73333333333333,-0.7997103929519653,0.9849535427570988
TOKYOTECH_s01,64,233,71.76666666666667,-0.6149529218673706,0.829500754194359
TOKYOTECH_s01,64,234,71.8,0.8501913547515869,0.6729048586202808
TOKYOTECH_s01,64,235,71.83333333333333,1.8368247747421265,0.5429384505568735
TOKYOTECH_s01,64,236,71.86666666666666,1.8066225051879883,0.4472795714439226
TOKYOTECH_s01,64,237,71.9,1.1887558698654175,0.3794254348310691
TOKYOTECH_s01,64,238,71.93333333333334,0.8155394792556763,0.327196575475664
TOKYOTECH_s01,64,239,71.96666666666667,0.2182277888059616,0.2789403540074317
TOKYOTECH_s01,65,0,65.0,-1.0491251945495605,-0.09864392029461234
TOKYOTECH_s01,65,1,65.03333333333333,-1.0408560037612915,0.22497139130976618
TOKYOTECH_s01,65,2,65.06666666666666,-0.9853342175483704,0.48633940771292833
TOKYOTECH_s01,65,3,65.1,-1.047471284866333,0.6350892366929265
TOKYOTECH_s01,65,4,65.13333333333334,-1.0685774087905884,0.6433937494635578
TOKYOTECH_s01,65,5,65.16666666666667,-0.7977021932601929,0.5115178535653093
TOKYOTECH_s01,65,6,65.2,0.30655068159103394,0.2663297810952729
TOKYOTECH_s01,65,7,65.23333333333333,1.5535850524902344,-0.047508563584951424
TOKYOTECH_s01,65,8,65.26666666666667,1.664825439453125,-0.3805521291011546
TOKYOTECH_s01,65,9,65.3,1.1563879251480103,-0.6905080675660831
TOKYOTECH_s01,65,10,65.33333333333333,0.7289491891860962,-0.9487450597528247
TOKYOTECH_s01,65,11,65.36666666666666,0.35222816467285156,-1.1400695284513835
TOKYOTECH_s01,65,12,65.4,0.016656257212162018,-1.2574961792875199
TOKYOTECH_s01,65,13,65.43333333333334,-0.09966378659009933,-1.2954808184975226
TOKYOTECH_s01,65,14,65.46666666666667,0.08190416544675827,-1.2452136045595361
TOKYOTECH_s01,65,15,65.5,0.2597706615924835,-1.0944949733458877
TOKYOTECH_s01,65,16,65.53333333333333,0.14864839613437653,-0.8329719676331634
TOKYOTECH_s01,65,17,65.56666666666666,-0.1927907019853592,-0.46125299163826355
TOKYOTECH_s01,65,18,65.6,-0.5129267573356628,-7.828673373470266e-05
TOKYOTECH_s01,65,19,65.63333333333334,-0.7297766208648682,0.50541114865956
TOKYOTECH_s01,65,20,65.66666666666667,-0.9876968264579773,0.9900371666568332
TOKYOTECH_s01,65,21,65.7,-1.0785398483276367,1.3817595188501073
TOKYOTECH_s01,65,22,65.73333333333333,-1.0592451095581055,1.619475904854859
TOKYOTECH_s01,65,23,65.76666666666667,-0.999864399433136,1.6688316549000874
TOKYOTECH_s01,65,24,65.8,-0.938081681728363,1.5305592687688958
TOKYOTECH_s01,65,25,65.83333333333333,-0.8636589050292969,1.2390892284812522
TOKYOTECH_s01,65,26,65.86666666666666,-0.7182785272598267,0.8522456670041866
TOKYOTECH_s01,65,27,65.9,0.37353119254112244,0.4352829980396287
TOKYOTECH_s01,65,28,65.93333333333334,1.733656644821167,0.04434529259710317
TOKYOTECH_s01,65,29,65.96666666666667,1.873839259147644,-0.28530817452803886
TOKYOTECH_s01,65,30,66.0,1.1741076707839966,-0.542864897129697
TOKYOTECH_s01,65,31,66.03333333333333,0.6533451080322266,-0.7368480772199474
TOKYOTECH_s01,65,32,66.06666666666666,0.3975512385368347,-0.8835305384198222
TOKYOTECH_s01,65,33,66.1,0.04276329278945923,-0.9930139745706816
TOKYOTECH_s01,65,34,66.13333333333334,-0.20818716287612915,-1.0582847409447662
TOKYOTECH_s01,65,35,66.16666666666667,-0.10702730715274811,-1.0524488581811982
TOKYOTECH_s01,65,36,66.2,0.023389745503664017,-0.937273336980822
TOKYOTECH_s01,65,37,66.23333333333333,-0.026461701840162277,-0.6817759287775463
TOKYOTECH_s01,65,38,66.26666666666667,-0.1678255945444107,-0.2840022070203913
TOKYOTECH_s01,65,39,66.3,-0.3797926902770996,0.21458756607885848
TOKYOTECH_s01,65,40,66.33333333333333,-0.600816547870636,0.7314272829619731
TOKYOTECH_s01,65,41,66.36666666666666,-0.8332991003990173,1.1640385777556046
TOKYOTECH_s01,65,42,66.4,-1.026207685470581,1.422201857563064
TOKYOTECH_s01,65,43,66.43333333333334,-1.1001185178756714,1.4568528870356057
TOKYOTECH_s01,65,44,66.46666666666667,-1.1173657178878784,1.2735719718868648
TOKYOTECH_s01,65,45,66.5,-1.1843856573104858,0.9265654956892475
TOKYOTECH_s01,65,46,66.53333333333333,-1.1383143663406372,0.4973664465095837
TOKYOTECH_s01,65,47,66.56666666666666,-0.894609272480011,0.06756356619344747
TOKYOTECH_s01,65,48,66.6,0.33537474274635315,-0.3043720444170783
TOKYOTECH_s01,65,49,66.63333333333334,1.689239263534546,-0.5948533553702054
TOKYOTECH_s01,65,50,66.66666666666667,1.769292950630188,-0.812779566440795
TOKYOTECH_s01,65,51,66.7,1.2692034244537354,-0.9849569788639156
TOKYOTECH_s01,65,52,66.73333333333333,0.9083513617515564,-1.135157360671231
TOKYOTECH_s01,65,53,66.76666666666667,0.5334023237228394,-1.2650692818961036
TOKYOTECH_s01,65,54,66.8,0.1419936567544937,-1.3457069453585577
TOKYOTECH_s01,65,55,66.83333333333333,-0.053277526050806046,-1.3245234098093839
TOKYOTECH_s01,65,56,66.86666666666666,0.0752888023853302,-1.1466476228464073
TOKYOTECH_s01,65,57,66.9,0.29769083857536316,-0.7820032887751412
TOKYOTECH_s01,65,58,66.93333333333334,0.20369762182235718,-0.24730778716860305
TOKYOTECH_s01,65,59,66.96666666666667,-0.04063746705651283,0.3866705266593914
TOKYOTECH_s01,65,60,67.0,-0.361009806394577,1.00781392531908
TOKYOTECH_s01,65,61,67.03333333333333,-0.6813427805900574,1.493192131037014
TOKYOTECH_s01,65,62,67.06666666666666,-0.9604085087776184,1.746730850704079
TOKYOTECH_s01,65,63,67.1,-1.1205946207046509,1.7289077203379088
TOKYOTECH_s01,65,64,67.13333333333334,-1.1939148902893066,1.466937568929856
TOKYOTECH_s01,65,65,67.16666666666667,-1.074917197227478,1.0426305738337913
TOKYOTECH_s01,65,66,67.2,-1.1237841844558716,0.5636223051893164
TOKYOTECH_s01,65,67,67.23333333333333,-1.0626314878463745,0.12888617590919307
TOKYOTECH_s01,65,68,67.26666666666667,-0.6945341229438782,-0.19957696584094714
TOKYOTECH_s01,65,69,67.3,0.6952029466629028,-0.4098444606511403
TOKYOTECH_s01,65,70,67.33333333333333,1.8689171075820923,-0.5344157799505173
TOKYOTECH_s01,65,71,67.36666666666666,1.6572256088256836,-0.6286272125523337
TOKYOTECH_s01,65,72,67.4,1.0611740350723267,-0.7414559135696069
TOKYOTECH_s01,65,73,67.43333333333334,0.6290494203567505,-0.8899166563736759
TOKYOTECH_s01,65,74,67.46666666666667,0.27422207593917847,-1.047328261406074
TOKYOTECH_s01,65,75,67.5,-0.05859344080090523,-1.1506823091960678
TOKYOTECH_s01,65,76,67.53333333333333,-0.16581736505031586,-1.12467975208614
TOKYOTECH_s01,65,77,67.56666666666666,0.013309200294315815,-0.9134264820846284
TOKYOTECH_s01,65,78,67.6,0.06449946761131287,-0.5082341044427724
TOKYOTECH_s01,65,79,67.63333333333334,-0.07899079471826553,0.03909301092414968
TOKYOTECH_s01,65,80,67.66666666666667,-0.44015783071517944,0.6246899091782916
TOKYOTECH_s01,65,81,67.7,-0.6772475242614746,1.1226867956042028
TOKYOTECH_s01,65,82,67.73333333333333,-0.9243390560150146,1.426344702713277
TOKYOTECH_s01,65,83,67.76666666666667,-1.0679080486297607,1.4828780351126558
TOKYOTECH_s01,65,84,67.8,-1.0537322759628296,1.307190102248315
TOKYOTECH_s01,65,85,67.83333333333333,-1.145599126815796,0.9699915302232912
TOKYOTECH_s01,65,86,67.86666666666666,-1.1349279880523682,0.5673643795678781
TOKYOTECH_s01,65,87,67.9,-1.1192952394485474,0.18584489974358478
TOKYOTECH_s01,65,88,67.93333333333334,-0.4826851487159729,-0.12324475569620669
TOKYOTECH_s01,65,89,67.96666666666667,0.9509180784225464,-0.3521418506777635
TOKYOTECH_s01,65,90,68.0,1.8746267557144165,-0.5267724921966958
TOKYOTECH_s01,65,91,68.03333333333333,1.6189117431640625,-0.6843119646755234
TOKYOTECH_s01,65,92,68.06666666666666,1.0137245655059814,-0.8482793859269196
TOKYOTECH_s01,65,93,68.1,0.5984533429145813,-1.011703476196266
TOKYOTECH_s01,65,94,68.13333333333334,0.09856069087982178,-1.1348116917189215
TOKYOTECH_s01,65,95,68.16666666666667,-0.23894070088863373,-1.1576822914833564
TOKYOTECH_s01,65,96,68.2,-0.43755894899368286,-1.0233814782254653
TOKYOTECH_s01,65,97,68.23333333333333,-0.1944839209318161,-0.7040908663450495
TOKYOTECH_s01,65,98,68.26666666666667,-0.08162906020879745,-0.2212512161283072
TOKYOTECH_s01,65,99,68.3,0.002244226634502411,0.34927288160861664
TOKYOTECH_s01,65,100,68.33333333333333,-0.22200852632522583,0.8932853645147694
TOKYOTECH_s01,65,101,68.36666666666666,-0.4569324851036072,1.2936277592695828
TOKYOTECH_s01,65,102,68.4,-0.7286347150802612,1.4706947090818285
TOKYOTECH_s01,65,103,68.43333333333334,-0.9187474846839905,1.4082376586212513
TOKYOTECH_s01,65,104,68.46666666666667,-1.0454630851745605,1.152512936491554
TOKYOTECH_s01,65,105,68.5,-1.1247292757034302,0.7876688046145549
TOKYOTECH_s01,65,106,68.53333333333333,-1.271920919418335,0.400949278122709
TOKYOTECH_s01,65,107,68.56666666666666,-1.0204980373382568,0.05350230825623017
TOKYOTECH_s01,65,108,68.6,0.22622135281562805,-0.23241477095721988
TOKYOTECH_s01,65,109,68.63333333333334,1.6267871856689453,-0.46758173862835134
TOKYOTECH_s01,65,110,68.66666666666667,1.9425523281097412,-0.6769397846774746
TOKYOTECH_s01,65,111,68.7,1.4271451234817505,-0.8774708782980535
TOKYOTECH_s01,65,112,68.73333333333333,1.0738928318023682,-1.0621546555434862
TOKYOTECH_s01,65,113,68.76666666666667,0.680279016494751,-1.195841202042003
TOKYOTECH_s01,65,114,68.8,0.19503465294837952,-1.2245768459001922
TOKYOTECH_s01,65,115,68.83333333333333,-0.056821469217538834,-1.0958445748719476
TOKYOTECH_s01,65,116,68.86666666666666,-0.09466288983821869,-0.7835295458054379
TOKYOTECH_s01,65,117,68.9,0.09674934297800064,-0.30830363716284664
TOKYOTECH_s01,65,118,68.93333333333334,-0.025122879073023796,0.25702424505640087
TOKYOTECH_s01,65,119,68.96666666666667,-0.09210337698459625,0.8034391814437196
TOKYOTECH_s01,65,120,69.0,-0.41239696741104126,1.219049845748168
TOKYOTECH_s01,65,121,69.03333333333333,-0.6201900839805603,1.4259962428792659
TOKYOTECH_s01,65,122,69.06666666666666,-0.8903565406799316,1.404433324345054
TOKYOTECH_s01,65,123,69.1,-0.9558013677597046,1.1933938326221132
TOKYOTECH_s01,65,124,69.13333333333334,-1.1520963907241821,0.8699698183313043
TOKYOTECH_s01,65,125,69.16666666666667,-1.1064188480377197,0.5179693029382986
TOKYOTECH_s01,65,126,69.2,-0.9940759539604187,0.19960858022411662
TOKYOTECH_s01,65,127,69.23333333333333,-0.057963404804468155,-0.05997874240366556
TOKYOTECH_s01,65,128,69.26666666666667,1.4145050048828125,-0.27163341193107393
TOKYOTECH_s01,65,129,69.3,2.117741107940674,-0.46658907452535847
TOKYOTECH_s01,65,130,69.33333333333333,1.626944661140442,-0.6732460253307675
TOKYOTECH_s01,65,131,69.36666666666666,1.1487094163894653,-0.8955941943495533
TOKYOTECH_s01,65,132,69.4,0.5265113711357117,-1.1021416866320526
TOKYOTECH_s01,65,133,69.43333333333334,0.1347876489162445,-1.2309058771316246
TOKYOTECH_s01,65,134,69.46666666666667,-0.2563060224056244,-1.2105297882056527
TOKYOTECH_s01,65,135,69.5,0.008741453289985657,-0.991109735904303
TOKYOTECH_s01,65,136,69.53333333333333,0.05571836978197098,-0.5728700322676539
TOKYOTECH_s01,65,137,69.56666666666666,0.18562352657318115,-0.019131083032255157
TOKYOTECH_s01,65,138,69.6,-0.15002714097499847,0.5556806186439588
TOKYOTECH_s01,65,139,69.63333333333334,-0.27721527218818665,1.0216168764602764
TOKYOTECH_s01,65,140,69.66666666666667,-0.6183393597602844,1.278071787895027
TOKYOTECH_s01,65,141,69.7,-0.8406232595443726,1.2874021413461827
TOKYOTECH_s01,65,142,69.73333333333333,-0.6961091756820679,1.0829595411988673
TOKYOTECH_s01,65,143,69.76666666666667,-1.070113182067871,0.7504866582352775
TOKYOTECH_s01,65,144,69.8,-1.0607020854949951,0.3931471851729772
TOKYOTECH_s01,65,145,69.83333333333333,-1.1784790754318237,0.0951790181126666
TOKYOTECH_s01,65,146,69.86666666666666,-0.4225168824195862,-0.10282439466713188
TOKYOTECH_s01,65,147,69.9,1.0142759084701538,-0.20992030700524825
TOKYOTECH_s01,65,148,69.93333333333334,2.1399497985839844,-0.2717407825480739
TOKYOTECH_s01,65,149,69.96666666666667,1.8861249685287476,-0.34418763185253165
TOKYOTECH_s01,65,150,70.0,1.3276784420013428,-0.46452271350137914
TOKYOTECH_s01,65,151,70.03333333333333,0.7712008357048035,-0.6315089982871277
TOKYOTECH_s01,65,152,70.06666666666666,0.312614768743515,-0.802354845107865
TOKYOTECH_s01,65,153,70.1,-0.06556319445371628,-0.9075613835956018
TOKYOTECH_s01,65,154,70.13333333333334,-0.10305021703243256,-0.8784534474903286
TOKYOTECH_s01,65,155,70.16666666666667,-0.08655120432376862,-0.677534465146775
TOKYOTECH_s01,65,156,70.2,0.19125445187091827,-0.31968292399971276
TOKYOTECH_s01,65,157,70.23333333333333,0.07016977667808533,0.12576891250729583
TOKYOTECH_s01,65,158,70.26666666666667,-0.04504770785570145,0.5551507119031409
TOKYOTECH_s01,65,159,70.3,-0.364435613155365,0.8660049875847962
TOKYOTECH_s01,65,160,70.33333333333333,-0.5565172433853149,0.9930004630551434
TOKYOTECH_s01,65,161,70.36666666666666,-0.8707073926925659,0.9282934331220664
TOKYOTECH_s01,65,162,70.4,-0.9807270765304565,0.7188877236151764
TOKYOTECH_s01,65,163,70.43333333333334,-1.0875178575515747,0.4447866249358116
TOKYOTECH_s01,65,164,70.46666666666667,-1.1521750688552856,0.18827838740493086
TOKYOTECH_s01,65,165,70.5,-0.679964542388916,0.005733110377301482
TOKYOTECH_s01,65,166,70.53333333333333,0.738163411617279,-0.0887955271055789
TOKYOTECH_s01,65,167,70.56666666666666,1.8783282041549683,-0.12300572504175561
TOKYOTECH_s01,65,168,70.6,1.7256630659103394,-0.14935213529625777
TOKYOTECH_s01,65,169,70.63333333333334,1.1617038249969482,-0.21816218125844763
TOKYOTECH_s01,65,170,70.66666666666667,0.7724608778953552,-0.35172799212559525
TOKYOTECH_s01,65,171,70.7,0.37175920605659485,-0.5304236066474388
TOKYOTECH_s01,65,172,70.73333333333333,0.1328187882900238,-0.6970472240511106
TOKYOTECH_s01,65,173,70.76666666666667,-0.022996513172984123,-0.7779879122753599
TOKYOTECH_s01,65,174,70.8,0.036502331495285034,-0.7129925276109195
TOKYOTECH_s01,65,175,70.83333333333333,0.18475723266601562,-0.481741706806483
TOKYOTECH_s01,65,176,70.86666666666666,0.042684540152549744,-0.11629443021479335
TOKYOTECH_s01,65,177,70.9,-0.07395052164793015,0.3063775143219563
TOKYOTECH_s01,65,178,70.93333333333334,-0.3968823552131653,0.6896158701297612
TOKYOTECH_s01,65,179,70.96666666666667,-0.5182426571846008,0.9501088835415047
TOKYOTECH_s01,65,180,71.0,-0.7851014733314514,1.0446492505589187
TOKYOTECH_s01,65,181,71.03333333333333,-0.8153825402259827,0.979249380778711
TOKYOTECH_s01,65,182,71.06666666666666,-0.9543050527572632,0.7983964582782329
TOKYOTECH_s01,65,183,71.1,-0.7969146370887756,0.5617819183565878
TOKYOTECH_s01,65,184,71.13333333333334,-0.5309615135192871,0.3198698992564611
TOKYOTECH_s01,65,185,71.16666666666667,0.777383029460907,0.09798974787884197
TOKYOTECH_s01,65,186,71.2,1.7947700023651123,-0.10598587500703487
TOKYOTECH_s01,65,187,71.23333333333333,1.6992803812026978,-0.3108738179211517
TOKYOTECH_s01,65,188,71.26666666666667,1.1023625135421753,-0.5338272106598666
TOKYOTECH_s01,65,189,71.3,0.6403899788856506,-0.7727601783632473
TOKYOTECH_s01,65,190,71.33333333333333,0.31312668323516846,-0.9975928334434571
TOKYOTECH_s01,65,191,71.36666666666666,0.13888287544250488,-1.1549898746112373
TOKYOTECH_s01,65,192,71.4,0.20625713467597961,-1.18597199214279
TOKYOTECH_s01,65,193,71.43333333333334,0.297651469707489,-1.0503114947115997
TOKYOTECH_s01,65,194,71.46666666666667,0.19550718367099762,-0.7479209337634773
TOKYOTECH_s01,65,195,71.5,0.16113094985485077,-0.3271049149318888
TOKYOTECH_s01,65,196,71.53333333333333,-0.22551310062408447,0.1264571437399625
TOKYOTECH_s01,65,197,71.56666666666666,-0.4288172125816345,0.5177984395253936
TOKYOTECH_s01,65,198,71.6,-0.8666121363639832,0.7759865155812393
TOKYOTECH_s01,65,199,71.63333333333334,-0.8659821152687073,0.8768737373177655
TOKYOTECH_s01,65,200,71.66666666666667,-1.0808237791061401,0.8452695700852467
TOKYOTECH_s01,65,201,71.7,-1.0108505487442017,0.737387290619027
TOKYOTECH_s01,65,202,71.73333333333333,-0.7997103929519653,0.612947891858253
TOKYOTECH_s01,65,203,71.76666666666667,-0.6149529218673706,0.5094294336691978
TOKYOTECH_s01,65,204,71.8,0.8501913547515869,0.42888433730125614
TOKYOTECH_s01,65,205,71.83333333333333,1.8368247747421265,0.3419926232036821
TOKYOTECH_s01,65,206,71.86666666666666,1.8066225051879883,0.20682960930955538
TOKYOTECH_s01,65,207,71.9,1.1887558698654175,-0.006209718601194585
TOKYOTECH_s01,65,208,71.93333333333334,0.8155394792556763,-0.2944425053152432
TOKYOTECH_s01,65,209,71.96666666666667,0.2182277888059616,-0.6165916727354837
TOKYOTECH_s01,65,210,72.0,0.08788948506116867,-0.9023568240255683
TOKYOTECH_s01,65,211,72.03333333333333,-0.1309686005115509,-1.0735688423010283
TOKYOTECH_s01,65,212,72.06666666666666,0.11198829114437103,-1.0695268091619132
TOKYOTECH_s01,65,213,72.1,0.1706995964050293,-0.8687085100199883
TOKYOTECH_s01,65,214,72.13333333333334,0.05674217641353607,-0.49960330838186756
TOKYOTECH_s01,65,215,72.16666666666667,0.07233551889657974,-0.0354879141232113
TOKYOTECH_s01,65,216,72.2,-0.4656742215156555,0.4272636527246447
TOKYOTECH_s01,65,217,72.23333333333333,-0.5634476542472839,0.8006325661702011
TOKYOTECH_s01,65,218,72.26666666666667,-0.7637984752655029,1.0330545921723429
TOKYOTECH_s01,65,219,72.3,-0.7887635827064514,1.1210226836771549
TOKYOTECH_s01,65,220,72.33333333333333,-0.9227245450019836,1.0996481203421613
TOKYOTECH_s01,65,221,72.36666666666666,-1.002620816230774,1.0186825583447667
TOKYOTECH_s01,65,222,72.4,-0.6907145380973816,0.9164165919824161
TOKYOTECH_s01,65,223,72.43333333333334,0.24275973439216614,0.803153973629039
TOKYOTECH_s01,65,224,72.46666666666667,1.6430498361587524,0.6607932519251318
TOKYOTECH_s01,65,225,72.5,1.695067048072815,0.4576651058378829
TOKYOTECH_s01,65,226,72.53333333333333,1.372607707977295,0.17085476649770479
TOKYOTECH_s01,65,227,72.56666666666666,0.8913010954856873,-0.19467589343436348
TOKYOTECH_s01,65,228,72.6,0.6654338836669922,-0.598266483029136
TOKYOTECH_s01,65,229,72.63333333333334,0.09269349277019501,-0.969864675950372
TOKYOTECH_s01,65,230,72.66666666666667,-0.08891382813453674,-1.2287639620826794
TOKYOTECH_s01,65,231,72.7,-0.05185995250940323,-1.309640045582909
TOKYOTECH_s01,65,232,72.73333333333333,-0.09797056764364243,-1.1877913030965634
TOKYOTECH_s01,65,233,72.76666666666667,0.10856247693300247,-0.8939359287788804
TOKYOTECH_s01,65,234,72.8,-0.317773699760437,-0.5105677911971206
TOKYOTECH_s01,65,235,72.83333333333333,-0.45571181178092957,-0.1480382971734016
TOKYOTECH_s01,65,236,72.86666666666666,-0.5702992677688599,0.0922125554393367
TOKYOTECH_s01,65,237,72.9,-0.9562739133834839,0.1529800880650329
TOKYOTECH_s01,65,238,72.93333333333334,-0.9286311268806458,0.0411228675758105
TOKYOTECH_s01,65,239,72.96666666666667,-1.2129340171813965,-0.17547830245603735
TOKYOTECH_s01,66,0,66.0,1.1741076707839966,0.05113802223923431
TOKYOTECH_s01,66,1,66.03333333333333,0.6533451080322266,0.20866307297021164
TOKYOTECH_s01,66,2,66.06666666666666,0.3975512385368347,0.31517139221134216
TOKYOTECH_s01,66,3,66.1,0.04276329278945923,0.33497227395359297
TOKYOTECH_s01,66,4,66.13333333333334,-0.20818716287612915,0.2572911974633415
TOKYOTECH_s01,66,5,66.16666666666667,-0.10702730715274811,0.10191423821553872
TOKYOTECH_s01,66,6,66.2,0.023389745503664017,-0.08356431863672768
TOKYOTECH_s01,66,7,66.23333333333333,-0.026461701840162277,-0.23613249224330027
TOKYOTECH_s01,66,8,66.26666666666667,-0.1678255945444107,-0.29701251202971257
TOKYOTECH_s01,66,9,66.3,-0.3797926902770996,-0.23239065786104532
TOKYOTECH_s01,66,10,66.33333333333333,-0.600816547870636,-0.04727000030674999
TOKYOTECH_s01,66,11,66.36666666666666,-0.8332991003990173,0.21382517891939173
TOKYOTECH_s01,66,12,66.4,-1.026207685470581,0.4805914499346267
TOKYOTECH_s01,66,13,66.43333333333334,-1.1001185178756714,0.6802600642708349
TOKYOTECH_s01,66,14,66.46666666666667,-1.1173657178878784,0.7612284234561031
TOKYOTECH_s01,66,15,66.5,-1.1843856573104858,0.7076970072690193
TOKYOTECH_s01,66,16,66.53333333333333,-1.1383143663406372,0.5405340544687534
TOKYOTECH_s01,66,17,66.56666666666666,-0.894609272480011,0.30564656138463653
TOKYOTECH_s01,66,18,66.6,0.33537474274635315,0.05534191617056571
TOKYOTECH_s01,66,19,66.63333333333334,1.689239263534546,-0.1701348820413577
TOKYOTECH_s01,66,20,66.66666666666667,1.769292950630188,-0.3540064216998112
TOKYOTECH_s01,66,21,66.7,1.2692034244537354,-0.502968274960589
TOKYOTECH_s01,66,22,66.73333333333333,0.9083513617515564,-0.6360719220137891
TOKYOTECH_s01,66,23,66.76666666666667,0.5334023237228394,-0.7677326311804256
TOKYOTECH_s01,66,24,66.8,0.1419936567544937,-0.893073501813647
TOKYOTECH_s01,66,25,66.83333333333333,-0.053277526050806046,-0.9830317443913676
TOKYOTECH_s01,66,26,66.86666666666666,0.0752888023853302,-0.9921662467287634
TOKYOTECH_s01,66,27,66.9,0.29769083857536316,-0.8764039007944707
TOKYOTECH_s01,66,28,66.93333333333334,0.20369762182235718,-0.613860391746402
TOKYOTECH_s01,66,29,66.96666666666667,-0.04063746705651283,-0.22036202884832579
TOKYOTECH_s01,66,30,67.0,-0.361009806394577,0.247508219808608
TOKYOTECH_s01,66,31,67.03333333333333,-0.6813427805900574,0.7047739132953464
TOKYOTECH_s01,66,32,67.06666666666666,-0.9604085087776184,1.0623283578833653
TOKYOTECH_s01,66,33,67.1,-1.1205946207046509,1.2541172672009124
TOKYOTECH_s01,66,34,67.13333333333334,-1.1939148902893066,1.2568079447500913
TOKYOTECH_s01,66,35,67.16666666666667,-1.074917197227478,1.0945055515489888
TOKYOTECH_s01,66,36,67.2,-1.1237841844558716,0.826954392070019
TOKYOTECH_s01,66,37,67.23333333333333,-1.0626314878463745,0.526050842785061
TOKYOTECH_s01,66,38,67.26666666666667,-0.6945341229438782,0.24997618679155642
TOKYOTECH_s01,66,39,67.3,0.6952029466629028,0.025096607105096317
TOKYOTECH_s01,66,40,67.33333333333333,1.8689171075820923,-0.15743958493538115
TOKYOTECH_s01,66,41,67.36666666666666,1.6572256088256836,-0.32948372333860165
TOKYOTECH_s01,66,42,67.4,1.0611740350723267,-0.5235459607864806
TOKYOTECH_s01,66,43,67.43333333333334,0.6290494203567505,-0.7500285207054526
TOKYOTECH_s01,66,44,67.46666666666667,0.27422207593917847,-0.9839303333397116
TOKYOTECH_s01,66,45,67.5,-0.05859344080090523,-1.1671436518674685
TOKYOTECH_s01,66,46,67.53333333333333,-0.16581736505031586,-1.2263123110123961
TOKYOTECH_s01,66,47,67.56666666666666,0.013309200294315815,-1.1002877819526296
TOKYOTECH_s01,66,48,67.6,0.06449946761131287,-0.7675996368162945
TOKYOTECH_s01,66,49,67.63333333333334,-0.07899079471826553,-0.2634081677263864
TOKYOTECH_s01,66,50,67.66666666666667,-0.44015783071517944,0.32264537296904394
TOKYOTECH_s01,66,51,67.7,-0.6772475242614746,0.8699795662242316
TOKYOTECH_s01,66,52,67.73333333333333,-0.9243390560150146,1.264440146793113
TOKYOTECH_s01,66,53,67.76666666666667,-1.0679080486297607,1.434319390569838
TOKYOTECH_s01,66,54,67.8,-1.0537322759628296,1.370000791327558
TOKYOTECH_s01,66,55,67.83333333333333,-1.145599126815796,1.1199228005666113
TOKYOTECH_s01,66,56,67.86666666666666,-1.1349279880523682,0.7664309257598798
TOKYOTECH_s01,66,57,67.9,-1.1192952394485474,0.39332434275039285
TOKYOTECH_s01,66,58,67.93333333333334,-0.4826851487159729,0.05866945243951737
TOKYOTECH_s01,66,59,67.96666666666667,0.9509180784225464,-0.2175368109622162
TOKYOTECH_s01,66,60,68.0,1.8746267557144165,-0.44801346833053135
TOKYOTECH_s01,66,61,68.03333333333333,1.6189117431640625,-0.6593281563909644
TOKYOTECH_s01,66,62,68.06666666666666,1.0137245655059814,-0.8688322509211353
TOKYOTECH_s01,66,63,68.1,0.5984533429145813,-1.067738447816957
TOKYOTECH_s01,66,64,68.13333333333334,0.09856069087982178,-1.2171082884200501
TOKYOTECH_s01,66,65,68.16666666666667,-0.23894070088863373,-1.25800919557483
TOKYOTECH_s01,66,66,68.2,-0.43755894899368286,-1.1325946871126373
TOKYOTECH_s01,66,67,68.23333333333333,-0.1944839209318161,-0.8097915949429888
TOKYOTECH_s01,66,68,68.26666666666667,-0.08162906020879745,-0.3070489670480414
TOKYOTECH_s01,66,69,68.3,0.002244226634502411,0.30155430001760813
TOKYOTECH_s01,66,70,68.33333333333333,-0.22200852632522583,0.8987225697081918
TOKYOTECH_s01,66,71,68.36666666666666,-0.4569324851036072,1.3585532094870294
TOKYOTECH_s01,66,72,68.4,-0.7286347150802612,1.588922696545312
TOKYOTECH_s01,66,73,68.43333333333334,-0.9187474846839905,1.5610915424748921
TOKYOTECH_s01,66,74,68.46666666666667,-1.0454630851745605,1.3128506420437878
TOKYOTECH_s01,66,75,68.5,-1.1247292757034302,0.9263391135884582
TOKYOTECH_s01,66,76,68.53333333333333,-1.271920919418335,0.49333581494591716
TOKYOTECH_s01,66,77,68.56666666666666,-1.0204980373382568,0.0842582311227952
TOKYOTECH_s01,66,78,68.6,0.22622135281562805,-0.26726946155189596
TOKYOTECH_s01,66,79,68.63333333333334,1.6267871856689453,-0.5610580408675624
TOKYOTECH_s01,66,80,68.66666666666667,1.9425523281097412,-0.8133306127446608
TOKYOTECH_s01,66,81,68.7,1.4271451234817505,-1.035742307725813
TOKYOTECH_s01,66,82,68.73333333333333,1.0738928318023682,-1.2198337592049364
TOKYOTECH_s01,66,83,68.76666666666667,0.680279016494751,-1.3327355806082497
TOKYOTECH_s01,66,84,68.8,0.19503465294837952,-1.3255711426189842
TOKYOTECH_s01,66,85,68.83333333333333,-0.056821469217538834,-1.1521312953161078
TOKYOTECH_s01,66,86,68.86666666666666,-0.09466288983821869,-0.7921754992638935
TOKYOTECH_s01,66,87,68.9,0.09674934297800064,-0.2707677616465179
TOKYOTECH_s01,66,88,68.93333333333334,-0.025122879073023796,0.336485663408989
TOKYOTECH_s01,66,89,68.96666666666667,-0.09210337698459625,0.9187276505662617
TOKYOTECH_s01,66,90,69.0,-0.41239696741104126,1.3621355075667338
TOKYOTECH_s01,66,91,69.03333333333333,-0.6201900839805603,1.58585289647802
TOKYOTECH_s01,66,92,69.06666666666666,-0.8903565406799316,1.5658403767442401
TOKYOTECH_s01,66,93,69.1,-0.9558013677597046,1.3370364556410428
TOKYOTECH_s01,66,94,69.13333333333334,-1.1520963907241821,0.9748186373573431
TOKYOTECH_s01,66,95,69.16666666666667,-1.1064188480377197,0.5655792717535298
TOKYOTECH_s01,66,96,69.2,-0.9940759539604187,0.17886076830159905
TOKYOTECH_s01,66,97,69.23333333333333,-0.057963404804468155,-0.14939593991670996
TOKYOTECH_s01,66,98,69.26666666666667,1.4145050048828125,-0.4182581658584035
TOKYOTECH_s01,66,99,69.3,2.117741107940674,-0.6492195284638084
TOKYOTECH_s01,66,100,69.33333333333333,1.626944661140442,-0.8655347164574553
TOKYOTECH_s01,66,101,69.36666666666666,1.1487094163894653,-1.0718811403447575
TOKYOTECH_s01,66,102,69.4,0.5265113711357117,-1.2426752802181908
TOKYOTECH_s01,66,103,69.43333333333334,0.1347876489162445,-1.3247817805172588
TOKYOTECH_s01,66,104,69.46666666666667,-0.2563060224056244,-1.2556720637390348
TOKYOTECH_s01,66,105,69.5,0.008741453289985657,-0.9919011030753728
TOKYOTECH_s01,66,106,69.53333333333333,0.05571836978197098,-0.5367739817237686
TOKYOTECH_s01,66,107,69.56666666666666,0.18562352657318115,0.04640742738698681
TOKYOTECH_s01,66,108,69.6,-0.15002714097499847,0.645184727340281
TOKYOTECH_s01,66,109,69.63333333333334,-0.27721527218818665,1.1319167040895324
TOKYOTECH_s01,66,110,69.66666666666667,-0.6183393597602844,1.406987633703154
TOKYOTECH_s01,66,111,69.7,-0.8406232595443726,1.4312838163250856
TOKYOTECH_s01,66,112,69.73333333333333,-0.6961091756820679,1.2342282316269608
TOKYOTECH_s01,66,113,69.76666666666667,-1.070113182067871,0.8965422789269345
TOKYOTECH_s01,66,114,69.8,-1.0607020854949951,0.5173238916788936
TOKYOTECH_s01,66,115,69.83333333333333,-1.1784790754318237,0.1793411603255164
TOKYOTECH_s01,66,116,69.86666666666666,-0.4225168824195862,-0.07490617990167825
TOKYOTECH_s01,66,117,69.9,1.0142759084701538,-0.24907551496860222
TOKYOTECH_s01,66,118,69.93333333333334,2.1399497985839844,-0.3804859846197955
TOKYOTECH_s01,66,119,69.96666666666667,1.8861249685287476,-0.5153408411133825
TOKYOTECH_s01,66,120,70.0,1.3276784420013428,-0.6818625610080872
TOKYOTECH_s01,66,121,70.03333333333333,0.7712008357048035,-0.8719690939881134
TOKYOTECH_s01,66,122,70.06666666666666,0.312614768743515,-1.0387494787420724
TOKYOTECH_s01,66,123,70.1,-0.06556319445371628,-1.1113138208155975
TOKYOTECH_s01,66,124,70.13333333333334,-0.10305021703243256,-1.0225324919186534
TOKYOTECH_s01,66,125,70.16666666666667,-0.08655120432376862,-0.739972298993154
TOKYOTECH_s01,66,126,70.2,0.19125445187091827,-0.2874406434761073
TOKYOTECH_s01,66,127,70.23333333333333,0.07016977667808533,0.25364984837863847
TOKYOTECH_s01,66,128,70.26666666666667,-0.04504770785570145,0.76639632118022
TOKYOTECH_s01,66,129,70.3,-0.364435613155365,1.1366716618617572
TOKYOTECH_s01,66,130,70.33333333333333,-0.5565172433853149,1.2916026400487393
TOKYOTECH_s01,66,131,70.36666666666666,-0.8707073926925659,1.221538983549302
TOKYOTECH_s01,66,132,70.4,-0.9807270765304565,0.9773867963715709
TOKYOTECH_s01,66,133,70.43333333333334,-1.0875178575515747,0.6469069645478053
TOKYOTECH_s01,66,134,70.46666666666667,-1.1521750688552856,0.32108074728063046
TOKYOTECH_s01,66,135,70.5,-0.679964542388916,0.0633565103965204
TOKYOTECH_s01,66,136,70.53333333333333,0.738163411617279,-0.10778214016713833
TOKYOTECH_s01,66,137,70.56666666666666,1.8783282041549683,-0.21758247368496078
TOKYOTECH_s01,66,138,70.6,1.7256630659103394,-0.3163538546959322
TOKYOTECH_s01,66,139,70.63333333333334,1.1617038249969482,-0.45091059409350936
TOKYOTECH_s01,66,140,70.66666666666667,0.7724608778953552,-0.6377003388900111
TOKYOTECH_s01,66,141,70.7,0.37175920605659485,-0.8490038795320692
TOKYOTECH_s01,66,142,70.73333333333333,0.1328187882900238,-1.0186469949877766
TOKYOTECH_s01,66,143,70.76666666666667,-0.022996513172984123,-1.0658443285122903
TOKYOTECH_s01,66,144,70.8,0.036502331495285034,-0.9282853011805099
TOKYOTECH_s01,66,145,70.83333333333333,0.18475723266601562,-0.5913782614152036
TOKYOTECH_s01,66,146,70.86666666666666,0.042684540152549744,-0.10145478929469981
TOKYOTECH_s01,66,147,70.9,-0.07395052164793015,0.44356535912738493
TOKYOTECH_s01,66,148,70.93333333333334,-0.3968823552131653,0.9239120677554639
TOKYOTECH_s01,66,149,70.96666666666667,-0.5182426571846008,1.2371589322859686
TOKYOTECH_s01,66,150,71.0,-0.7851014733314514,1.330640901230683
TOKYOTECH_s01,66,151,71.03333333333333,-0.8153825402259827,1.213288328141791
TOKYOTECH_s01,66,152,71.06666666666666,-0.9543050527572632,0.9434724347051034
TOKYOTECH_s01,66,153,71.1,-0.7969146370887756,0.6009712587083711
TOKYOTECH_s01,66,154,71.13333333333334,-0.5309615135192871,0.2565464669799693
TOKYOTECH_s01,66,155,71.16666666666667,0.777383029460907,-0.048935868923292644
TOKYOTECH_s01,66,156,71.2,1.7947700023651123,-0.3094253130280494
TOKYOTECH_s01,66,157,71.23333333333333,1.6992803812026978,-0.5428323335647817
TOKYOTECH_s01,66,158,71.26666666666667,1.1023625135421753,-0.770188237111775
TOKYOTECH_s01,66,159,71.3,0.6403899788856506,-0.9940801394654321
TOKYOTECH_s01,66,160,71.33333333333333,0.31312668323516846,-1.1862172848720345
TOKYOTECH_s01,66,161,71.36666666666666,0.13888287544250488,-1.290859986718041
TOKYOTECH_s01,66,162,71.4,0.20625713467597961,-1.24434382811347
TOKYOTECH_s01,66,163,71.43333333333334,0.297651469707489,-1.0036948042007032
TOKYOTECH_s01,66,164,71.46666666666667,0.19550718367099762,-0.5725527637033773
TOKYOTECH_s01,66,165,71.5,0.16113094985485077,-0.012111532685785938
TOKYOTECH_s01,66,166,71.53333333333333,-0.22551310062408447,0.5706968999865653
TOKYOTECH_s01,66,167,71.56666666666666,-0.4288172125816345,1.0558972064952807
TOKYOTECH_s01,66,168,71.6,-0.8666121363639832,1.350675211772754
TOKYOTECH_s01,66,169,71.63333333333334,-0.8659821152687073,1.41856576814326
TOKYOTECH_s01,66,170,71.66666666666667,-1.0808237791061401,1.285274117991925
TOKYOTECH_s01,66,171,71.7,-1.0108505487442017,1.021005527484406
TOKYOTECH_s01,66,172,71.73333333333333,-0.7997103929519653,0.7090238456839666
TOKYOTECH_s01,66,173,71.76666666666667,-0.6149529218673706,0.4141816080924151
TOKYOTECH_s01,66,174,71.8,0.8501913547515869,0.16362167465201027
TOKYOTECH_s01,66,175,71.83333333333333,1.8368247747421265,-0.05388952714699995
TOKYOTECH_s01,66,176,71.86666666666666,1.8066225051879883,-0.27129164665232597
TOKYOTECH_s01,66,177,71.9,1.1887558698654175,-0.517522255663692
TOKYOTECH_s01,66,178,71.93333333333334,0.8155394792556763,-0.7946525488375422
TOKYOTECH_s01,66,179,71.96666666666667,0.2182277888059616,-1.068034411349674
TOKYOTECH_s01,66,180,72.0,0.08788948506116867,-1.2732338158528114
TOKYOTECH_s01,66,181,72.03333333333333,-0.1309686005115509,-1.336537866135879
TOKYOTECH_s01,66,182,72.06666666666666,0.11198829114437103,-1.2018524762544973
TOKYOTECH_s01,66,183,72.1,0.1706995964050293,-0.8553884031962952
TOKYOTECH_s01,66,184,72.13333333333334,0.05674217641353607,-0.33924267150516024
TOKYOTECH_s01,66,185,72.16666666666667,0.07233551889657974,0.25322687526333176
TOKYOTECH_s01,66,186,72.2,-0.4656742215156555,0.8019368062497332
TOKYOTECH_s01,66,187,72.23333333333333,-0.5634476542472839,1.197478995935635
TOKYOTECH_s01,66,188,72.26666666666667,-0.7637984752655029,1.3759423694210107
TOKYOTECH_s01,66,189,72.3,-0.7887635827064514,1.3349589628969423
TOKYOTECH_s01,66,190,72.33333333333333,-0.9227245450019836,1.1247576119781475
TOKYOTECH_s01,66,191,72.36666666666666,-1.002620816230774,0.821128605332628
TOKYOTECH_s01,66,192,72.4,-0.6907145380973816,0.4941716050161794
TOKYOTECH_s01,66,193,72.43333333333334,0.24275973439216614,0.18604695700994156
TOKYOTECH_s01,66,194,72.46666666666667,1.6430498361587524,-0.0944292669699729
TOKYOTECH_s01,66,195,72.5,1.695067048072815,-0.360277389428522
TOKYOTECH_s01,66,196,72.53333333333333,1.372607707977295,-0.6254233162405953
TOKYOTECH_s01,66,197,72.56666666666666,0.8913010954856873,-0.8853424213046521
TOKYOTECH_s01,66,198,72.6,0.6654338836669922,-1.1079386752294438
TOKYOTECH_s01,66,199,72.63333333333334,0.09269349277019501,-1.2380373061889718
TOKYOTECH_s01,66,200,72.66666666666667,-0.08891382813453674,-1.2142610380237968
TOKYOTECH_s01,66,201,72.7,-0.05185995250940323,-0.9934525864184979
TOKYOTECH_s01,66,202,72.73333333333333,-0.09797056764364243,-0.5745004094653445
TOKYOTECH_s01,66,203,72.76666666666667,0.10856247693300247,-0.01139582211029308
TOKYOTECH_s01,66,204,72.8,-0.317773699760437,0.5931751572369178
TOKYOTECH_s01,66,205,72.83333333333333,-0.45571181178092957,1.1152000372917747
TOKYOTECH_s01,66,206,72.86666666666666,-0.5702992677688599,1.4479320885855504
TOKYOTECH_s01,66,207,72.9,-0.9562739133834839,1.5347940670754243
TOKYOTECH_s01,66,208,72.93333333333334,-0.9286311268806458,1.3828204916550038
TOKYOTECH_s01,66,209,72.96666666666667,-1.2129340171813965,1.0530527538347176
TOKYOTECH_s01,66,210,73.0,-1.1837949752807617,0.6343046558188518
TOKYOTECH_s01,66,211,73.03333333333333,-0.9362702965736389,0.2122157883003513
TOKYOTECH_s01,66,212,73.06666666666666,-0.45082902908325195,-0.1545876904332294
TOKYOTECH_s01,66,213,73.1,1.2627061605453491,-0.4438727823651474
TOKYOTECH_s01,66,214,73.13333333333334,1.8938428163528442,-0.6637474150839936
TOKYOTECH_s01,66,215,73.16666666666667,1.4934561252593994,-0.8360455164408639
TOKYOTECH_s01,66,216,73.2,1.0720421075820923,-0.9774083619231857
TOKYOTECH_s01,66,217,73.23333333333333,0.6650007367134094,-1.0861733458004448
TOKYOTECH_s01,66,218,73.26666666666667,0.31891509890556335,-1.1398717453294862
TOKYOTECH_s01,66,219,73.3,-0.2517382800579071,-1.1037626428524607
TOKYOTECH_s01,66,220,73.33333333333333,-0.07946331799030304,-0.947263891480277
TOKYOTECH_s01,66,221,73.36666666666666,0.1949165314435959,-0.6623378654133947
TOKYOTECH_s01,66,222,73.4,-0.042291309684515,-0.27593767055940505
TOKYOTECH_s01,66,223,73.43333333333334,0.06040424853563309,0.15037374298449316
TOKYOTECH_s01,66,224,73.46666666666667,-0.35608765482902527,0.5353417407960753
TOKYOTECH_s01,66,225,73.5,-0.8423952460289001,0.8023044785515538
TOKYOTECH_s01,66,226,73.53333333333333,-0.6985899209976196,0.9030376971635025
TOKYOTECH_s01,66,227,73.56666666666666,-1.0696799755096436,0.8315979972641869
TOKYOTECH_s01,66,228,73.6,-0.8928373456001282,0.6236128995853756
TOKYOTECH_s01,66,229,73.63333333333334,-0.8077827095985413,0.3428587022675044
TOKYOTECH_s01,66,230,73.66666666666667,-1.072554588317871,0.0611240417800687
TOKYOTECH_s01,66,231,73.7,-0.3695152699947357,-0.16158043439154945
TOKYOTECH_s01,66,232,73.73333333333333,0.8494825959205627,-0.2906504762204147
TOKYOTECH_s01,66,233,73.76666666666667,1.6346625089645386,-0.32129625615861146
TOKYOTECH_s01,66,234,73.8,1.6015070676803589,-0.27398616542898363
TOKYOTECH_s01,66,235,73.83333333333333,0.942176342010498,-0.183683640859916
TOKYOTECH_s01,66,236,73.86666666666666,0.7259171605110168,-0.08658367093688994
TOKYOTECH_s01,66,237,73.9,0.2627239525318146,-0.008143549551307777
TOKYOTECH_s01,66,238,73.93333333333334,-0.2783178389072418,0.043964401925675904
TOKYOTECH_s01,66,239,73.96666666666667,-0.03473090007901192,0.07960986598831404
TOKYOTECH_s01,67,0,67.0,-0.361009806394577,-0.08037044993884962
TOKYOTECH_s01,67,1,67.03333333333333,-0.6813427805900574,0.23460360256875104
TOKYOTECH_s01,67,2,67.06666666666666,-0.9604085087776184,0.46192232017912294
TOKYOTECH_s01,67,3,67.1,-1.1205946207046509,0.5404055510192792
TOKYOTECH_s01,67,4,67.13333333333334,-1.1939148902893066,0.4529408445673855
TOKYOTECH_s01,67,5,67.16666666666667,-1.074917197227478,0.23079519758950273
TOKYOTECH_s01,67,6,67.2,-1.1237841844558716,-0.058162305410757856
TOKYOTECH_s01,67,7,67.23333333333333,-1.0626314878463745,-0.33380964686145215
TOKYOTECH_s01,67,8,67.26666666666667,-0.6945341229438782,-0.5317529073395637
TOKYOTECH_s01,67,9,67.3,0.6952029466629028,-0.6239966327433784
TOKYOTECH_s01,67,10,67.33333333333333,1.8689171075820923,-0.6242287760522598
TOKYOTECH_s01,67,11,67.36666666666666,1.6572256088256836,-0.5761168387411879
TOKYOTECH_s01,67,12,67.4,1.0611740350723267,-0.5301263881771634
TOKYOTECH_s01,67,13,67.43333333333334,0.6290494203567505,-0.5189874722027014
TOKYOTECH_s01,67,14,67.46666666666667,0.27422207593917847,-0.5420757612946718
TOKYOTECH_s01,67,15,67.5,-0.05859344080090523,-0.5648574275056459
TOKYOTECH_s01,67,16,67.53333333333333,-0.16581736505031586,-0.5332002503507162
TOKYOTECH_s01,67,17,67.56666666666666,0.013309200294315815,-0.39677947853521306
TOKYOTECH_s01,67,18,67.6,0.06449946761131287,-0.13306040454226828
TOKYOTECH_s01,67,19,67.63333333333334,-0.07899079471826553,0.23696714806663668
TOKYOTECH_s01,67,20,67.66666666666667,-0.44015783071517944,0.6485583650825877
TOKYOTECH_s01,67,21,67.7,-0.6772475242614746,1.0109723618349258
TOKYOTECH_s01,67,22,67.73333333333333,-0.9243390560150146,1.2377576967898014
TOKYOTECH_s01,67,23,67.76666666666667,-1.0679080486297607,1.2772391511568453
TOKYOTECH_s01,67,24,67.8,-1.0537322759628296,1.129842992720622
TOKYOTECH_s01,67,25,67.83333333333333,-1.145599126815796,0.8447470164454203
TOKYOTECH_s01,67,26,67.86666666666666,-1.1349279880523682,0.49822864309463744
TOKYOTECH_s01,67,27,67.9,-1.1192952394485474,0.16431804971677633
TOKYOTECH_s01,67,28,67.93333333333334,-0.4826851487159729,-0.10952513605440885
TOKYOTECH_s01,67,29,67.96666666666667,0.9509180784225464,-0.31265229126856525
TOKYOTECH_s01,67,30,68.0,1.8746267557144165,-0.464832643613731
TOKYOTECH_s01,67,31,68.03333333333333,1.6189117431640625,-0.5974992186568633
TOKYOTECH_s01,67,32,68.06666666666666,1.0137245655059814,-0.7317931670264252
TOKYOTECH_s01,67,33,68.1,0.5984533429145813,-0.8632458548667119
TOKYOTECH_s01,67,34,68.13333333333334,0.09856069087982178,-0.959052381740219
TOKYOTECH_s01,67,35,68.16666666666667,-0.23894070088863373,-0.9683805794532767
TOKYOTECH_s01,67,36,68.2,-0.43755894899368286,-0.8420867618566577
TOKYOTECH_s01,67,37,68.23333333333333,-0.1944839209318161,-0.555702700895927
TOKYOTECH_s01,67,38,68.26666666666667,-0.08162906020879745,-0.12777966144696218
TOKYOTECH_s01,67,39,68.3,0.002244226634502411,0.3748818243708904
TOKYOTECH_s01,67,40,68.33333333333333,-0.22200852632522583,0.8511251784668573
TOKYOTECH_s01,67,41,68.36666666666666,-0.4569324851036072,1.1967594518300209
TOKYOTECH_s01,67,42,68.4,-0.7286347150802612,1.340660769752637
TOKYOTECH_s01,67,43,68.43333333333334,-0.9187474846839905,1.2679679136325617
TOKYOTECH_s01,67,44,68.46666666666667,-1.0454630851745605,1.0197441984470024
TOKYOTECH_s01,67,45,68.5,-1.1247292757034302,0.6715631786956223
TOKYOTECH_s01,67,46,68.53333333333333,-1.271920919418335,0.30282231227817574
TOKYOTECH_s01,67,47,68.56666666666666,-1.0204980373382568,-0.029434323777852663
TOKYOTECH_s01,67,48,68.6,0.22622135281562805,-0.3025886150324499
TOKYOTECH_s01,67,49,68.63333333333334,1.6267871856689453,-0.524171304782608
TOKYOTECH_s01,67,50,68.66666666666667,1.9425523281097412,-0.7159668451604753
TOKYOTECH_s01,67,51,68.7,1.4271451234817505,-0.894915411714837
TOKYOTECH_s01,67,52,68.73333333333333,1.0738928318023682,-1.0586654537615203
TOKYOTECH_s01,67,53,68.76666666666667,0.680279016494751,-1.1805010786808035
TOKYOTECH_s01,67,54,68.8,0.19503465294837952,-1.214996822223475
TOKYOTECH_s01,67,55,68.83333333333333,-0.056821469217538834,-1.113083237246689
TOKYOTECH_s01,67,56,68.86666666666666,-0.09466288983821869,-0.8428968538542826
TOKYOTECH_s01,67,57,68.9,0.09674934297800064,-0.4099130334334794
TOKYOTECH_s01,67,58,68.93333333333334,-0.025122879073023796,0.13280897097245278
TOKYOTECH_s01,67,59,68.96666666666667,-0.09210337698459625,0.6920192055720152
TOKYOTECH_s01,67,60,69.0,-0.41239696741104126,1.159491094044532
TOKYOTECH_s01,67,61,69.03333333333333,-0.6201900839805603,1.445725700215477
TOKYOTECH_s01,67,62,69.06666666666666,-0.8903565406799316,1.5076750850512064
TOKYOTECH_s01,67,63,69.1,-0.9558013677597046,1.3586143345016755
TOKYOTECH_s01,67,64,69.13333333333334,-1.1520963907241821,1.0573593445068155
TOKYOTECH_s01,67,65,69.16666666666667,-1.1064188480377197,0.6835471396713021
TOKYOTECH_s01,67,66,69.2,-0.9940759539604187,0.3100838479481727
TOKYOTECH_s01,67,67,69.23333333333333,-0.057963404804468155,-0.017147986982239186
TOKYOTECH_s01,67,68,69.26666666666667,1.4145050048828125,-0.286189474668117
TOKYOTECH_s01,67,69,69.3,2.117741107940674,-0.511521179013418
TOKYOTECH_s01,67,70,69.33333333333333,1.626944661140442,-0.7162596570065131
TOKYOTECH_s01,67,71,69.36666666666666,1.1487094163894653,-0.911680858661708
TOKYOTECH_s01,67,72,69.4,0.5265113711357117,-1.082744321502988
TOKYOTECH_s01,67,73,69.43333333333334,0.1347876489162445,-1.1864411145441014
TOKYOTECH_s01,67,74,69.46666666666667,-0.2563060224056244,-1.1653829516557417
TOKYOTECH_s01,67,75,69.5,0.008741453289985657,-0.9729536213121746
TOKYOTECH_s01,67,76,69.53333333333333,0.05571836978197098,-0.6003568214828019
TOKYOTECH_s01,67,77,69.56666666666666,0.18562352657318115,-0.09283761398219158
TOKYOTECH_s01,67,78,69.6,-0.15002714097499847,0.4551721671248276
TOKYOTECH_s01,67,79,69.63333333333334,-0.27721527218818665,0.9273255386484306
TOKYOTECH_s01,67,80,69.66666666666667,-0.6183393597602844,1.2242694236233258
TOKYOTECH_s01,67,81,69.7,-0.8406232595443726,1.2963874520423933
TOKYOTECH_s01,67,82,69.73333333333333,-0.6961091756820679,1.1563522812625195
TOKYOTECH_s01,67,83,69.76666666666667,-1.070113182067871,0.8682672086053232
TOKYOTECH_s01,67,84,69.8,-1.0607020854949951,0.5204207510291022
TOKYOTECH_s01,67,85,69.83333333333333,-1.1784790754318237,0.19387829736069573
TOKYOTECH_s01,67,86,69.86666666666666,-0.4225168824195862,-0.0615252739743339
TOKYOTECH_s01,67,87,69.9,1.0142759084701538,-0.23672666444967022
TOKYOTECH_s01,67,88,69.93333333333334,2.1399497985839844,-0.35699925012528827
TOKYOTECH_s01,67,89,69.96666666666667,1.8861249685287476,-0.4631364405652543
TOKYOTECH_s01,67,90,70.0,1.3276784420013428,-0.5877117178233011
TOKYOTECH_s01,67,91,70.03333333333333,0.7712008357048035,-0.7355354644936662
TOKYOTECH_s01,67,92,70.06666666666666,0.312614768743515,-0.8761809832142565
TOKYOTECH_s01,67,93,70.1,-0.06556319445371628,-0.952400980786728
TOKYOTECH_s01,67,94,70.13333333333334,-0.10305021703243256,-0.902407967003704
TOKYOTECH_s01,67,95,70.16666666666667,-0.08655120432376862,-0.6881913705235697
TOKYOTECH_s01,67,96,70.2,0.19125445187091827,-0.31847490312800864
TOKYOTECH_s01,67,97,70.23333333333333,0.07016977667808533,0.14458807614334726
TOKYOTECH_s01,67,98,70.26666666666667,-0.04504770785570145,0.6005040936373378
TOKYOTECH_s01,67,99,70.3,-0.364435613155365,0.9433569990324657
TOKYOTECH_s01,67,100,70.33333333333333,-0.5565172433853149,1.0988159585448687
TOKYOTECH_s01,67,101,70.36666666666666,-0.8707073926925659,1.0484889611951893
TOKYOTECH_s01,67,102,70.4,-0.9807270765304565,0.8320219281043901
TOKYOTECH_s01,67,103,70.43333333333334,-1.0875178575515747,0.528556409965206
TOKYOTECH_s01,67,104,70.46666666666667,-1.1521750688552856,0.22660598631155024
TOKYOTECH_s01,67,105,70.5,-0.679964542388916,-0.006310980120379213
TOKYOTECH_s01,67,106,70.53333333333333,0.738163411617279,-0.14398408308574198
TOKYOTECH_s01,67,107,70.56666666666666,1.8783282041549683,-0.20504297477887606
TOKYOTECH_s01,67,108,70.6,1.7256630659103394,-0.23867321429336644
TOKYOTECH_s01,67,109,70.63333333333334,1.1617038249969482,-0.29804030806143283
TOKYOTECH_s01,67,110,70.66666666666667,0.7724608778953552,-0.41223333444911875
TOKYOTECH_s01,67,111,70.7,0.37175920605659485,-0.5688369160838785
TOKYOTECH_s01,67,112,70.73333333333333,0.1328187882900238,-0.7151598717627738
TOKYOTECH_s01,67,113,70.76666666666667,-0.022996513172984123,-0.7782907903287635
TOKYOTECH_s01,67,114,70.8,0.036502331495285034,-0.6959866429169763
TOKYOTECH_s01,67,115,70.83333333333333,0.18475723266601562,-0.4455913626935358
TOKYOTECH_s01,67,116,70.86666666666666,0.042684540152549744,-0.05886374121334657
TOKYOTECH_s01,67,117,70.9,-0.07395052164793015,0.3839091545795358
TOKYOTECH_s01,67,118,70.93333333333334,-0.3968823552131653,0.7791321678720418
TOKYOTECH_s01,67,119,70.96666666666667,-0.5182426571846008,1.0350040957827977
TOKYOTECH_s01,67,120,71.0,-0.7851014733314514,1.1019306242085323
TOKYOTECH_s01,67,121,71.03333333333333,-0.8153825402259827,0.9852388379978738
TOKYOTECH_s01,67,122,71.06666666666666,-0.9543050527572632,0.735986921491138
TOKYOTECH_s01,67,123,71.1,-0.7969146370887756,0.4261397732775428
TOKYOTECH_s01,67,124,71.13333333333334,-0.5309615135192871,0.12019746024818659
TOKYOTECH_s01,67,125,71.16666666666667,0.777383029460907,-0.14501136102835285
TOKYOTECH_s01,67,126,71.2,1.7947700023651123,-0.3654371531889552
TOKYOTECH_s01,67,127,71.23333333333333,1.6992803812026978,-0.559512734047835
TOKYOTECH_s01,67,128,71.26666666666667,1.1023625135421753,-0.7481490896574494
TOKYOTECH_s01,67,129,71.3,0.6403899788856506,-0.9342774264764167
TOKYOTECH_s01,67,130,71.33333333333333,0.31312668323516846,-1.0913385549296244
TOKYOTECH_s01,67,131,71.36666666666666,0.13888287544250488,-1.1667782115247463
TOKYOTECH_s01,67,132,71.4,0.20625713467597961,-1.10070755194012
TOKYOTECH_s01,67,133,71.43333333333334,0.297651469707489,-0.8533752462982821
TOKYOTECH_s01,67,134,71.46666666666667,0.19550718367099762,-0.4303225924873265
TOKYOTECH_s01,67,135,71.5,0.16113094985485077,0.10694123484703857
TOKYOTECH_s01,67,136,71.53333333333333,-0.22551310062408447,0.6528035848138708
TOKYOTECH_s01,67,137,71.56666666666666,-0.4288172125816345,1.0903561335482597
TOKYOTECH_s01,67,138,71.6,-0.8666121363639832,1.331715314201861
TOKYOTECH_s01,67,139,71.63333333333334,-0.8659821152687073,1.3469836931280437
TOKYOTECH_s01,67,140,71.66666666666667,-1.0808237791061401,1.1692431351739292
TOKYOTECH_s01,67,141,71.7,-1.0108505487442017,0.8755298362174271
TOKYOTECH_s01,67,142,71.73333333333333,-0.7997103929519653,0.5538852296305496
TOKYOTECH_s01,67,143,71.76666666666667,-0.6149529218673706,0.2707424297904584
TOKYOTECH_s01,67,144,71.8,0.8501913547515869,0.05130428419184071
TOKYOTECH_s01,67,145,71.83333333333333,1.8368247747421265,-0.1205365037875724
TOKYOTECH_s01,67,146,71.86666666666666,1.8066225051879883,-0.28446412775979335
TOKYOTECH_s01,67,147,71.9,1.1887558698654175,-0.4770209982389291
TOKYOTECH_s01,67,148,71.93333333333334,0.8155394792556763,-0.7077706734842718
TOKYOTECH_s01,67,149,71.96666666666667,0.2182277888059616,-0.9481649115060785
TOKYOTECH_s01,67,150,72.0,0.08788948506116867,-1.1370594365385047
TOKYOTECH_s01,67,151,72.03333333333333,-0.1309686005115509,-1.2004312661001237
TOKYOTECH_s01,67,152,72.06666666666666,0.11198829114437103,-1.078664880341381
TOKYOTECH_s01,67,153,72.1,0.1706995964050293,-0.7526363409806113
TOKYOTECH_s01,67,154,72.13333333333334,0.05674217641353607,-0.2590423258054142
TOKYOTECH_s01,67,155,72.16666666666667,0.07233551889657974,0.3128438625762712
TOKYOTECH_s01,67,156,72.2,-0.4656742215156555,0.8451387646044641
TOKYOTECH_s01,67,157,72.23333333333333,-0.5634476542472839,1.2289524510312804
TOKYOTECH_s01,67,158,72.26666666666667,-0.7637984752655029,1.3996758271748921
TOKYOTECH_s01,67,159,72.3,-0.7887635827064514,1.3532614578243933
TOKYOTECH_s01,67,160,72.33333333333333,-0.9227245450019836,1.1373636323251597
TOKYOTECH_s01,67,161,72.36666666666666,-1.002620816230774,0.8246957759431509
TOKYOTECH_s01,67,162,72.4,-0.6907145380973816,0.48254309835467285
TOKYOTECH_s01,67,163,72.43333333333334,0.24275973439216614,0.15117439776019198
TOKYOTECH_s01,67,164,72.46666666666667,1.6430498361587524,-0.1613979840091393
TOKYOTECH_s01,67,165,72.5,1.695067048072815,-0.46804219667092034
TOKYOTECH_s01,67,166,72.53333333333333,1.372607707977295,-0.7813637008016346
TOKYOTECH_s01,67,167,72.56666666666666,0.8913010954856873,-1.0934444010571254
TOKYOTECH_s01,67,168,72.6,0.6654338836669922,-1.3657305192470364
TOKYOTECH_s01,67,169,72.63333333333334,0.09269349277019501,-1.533607624702095
TOKYOTECH_s01,67,170,72.66666666666667,-0.08891382813453674,-1.5249910674719642
TOKYOTECH_s01,67,171,72.7,-0.05185995250940323,-1.2876154017690402
TOKYOTECH_s01,67,172,72.73333333333333,-0.09797056764364243,-0.8159097141251308
TOKYOTECH_s01,67,173,72.76666666666667,0.10856247693300247,-0.1663070370705432
TOKYOTECH_s01,67,174,72.8,-0.317773699760437,0.5485971890702057
TOKYOTECH_s01,67,175,72.83333333333333,-0.45571181178092957,1.1890777966674104
TOKYOTECH_s01,67,176,72.86666666666666,-0.5702992677688599,1.6305274729248975
TOKYOTECH_s01,67,177,72.9,-0.9562739133834839,1.8008474752040518
TOKYOTECH_s01,67,178,72.93333333333334,-0.9286311268806458,1.6975427442217292
TOKYOTECH_s01,67,179,72.96666666666667,-1.2129340171813965,1.3795826630214636
TOKYOTECH_s01,67,180,73.0,-1.1837949752807617,0.9401596830254089
TOKYOTECH_s01,67,181,73.03333333333333,-0.9362702965736389,0.4730899748414426
TOKYOTECH_s01,67,182,73.06666666666666,-0.45082902908325195,0.04597032258943834
TOKYOTECH_s01,67,183,73.1,1.2627061605453491,-0.31145529274158607
TOKYOTECH_s01,67,184,73.13333333333334,1.8938428163528442,-0.6021477375590084
TOKYOTECH_s01,67,185,73.16666666666667,1.4934561252593994,-0.8446266514843067
TOKYOTECH_s01,67,186,73.2,1.0720421075820923,-1.0524155422591608
TOKYOTECH_s01,67,187,73.23333333333333,0.6650007367134094,-1.2189513737770026
TOKYOTECH_s01,67,188,73.26666666666667,0.31891509890556335,-1.3139276280841548
TOKYOTECH_s01,67,189,73.3,-0.2517382800579071,-1.29255434850879
TOKYOTECH_s01,67,190,73.33333333333333,-0.07946331799030304,-1.114754871559864
TOKYOTECH_s01,67,191,73.36666666666666,0.1949165314435959,-0.76739034086808
TOKYOTECH_s01,67,192,73.4,-0.042291309684515,-0.2800074677314846
TOKYOTECH_s01,67,193,73.43333333333334,0.06040424853563309,0.2744222808789238
TOKYOTECH_s01,67,194,73.46666666666667,-0.35608765482902527,0.7965641036948938
TOKYOTECH_s01,67,195,73.5,-0.8423952460289001,1.1900420385425916
TOKYOTECH_s01,67,196,73.53333333333333,-0.6985899209976196,1.3908876572311315
TOKYOTECH_s01,67,197,73.56666666666666,-1.0696799755096436,1.3845257473153638
TOKYOTECH_s01,67,198,73.6,-0.8928373456001282,1.2043264633028627
TOKYOTECH_s01,67,199,73.63333333333334,-0.8077827095985413,0.9145239912600309
TOKYOTECH_s01,67,200,73.66666666666667,-1.072554588317871,0.5856757263474468
TOKYOTECH_s01,67,201,73.7,-0.3695152699947357,0.2719528134873721
TOKYOTECH_s01,67,202,73.73333333333333,0.8494825959205627,-0.0021139803113349423
TOKYOTECH_s01,67,203,73.76666666666667,1.6346625089645386,-0.24156636999912545
TOKYOTECH_s01,67,204,73.8,1.6015070676803589,-0.4688033312236
TOKYOTECH_s01,67,205,73.83333333333333,0.942176342010498,-0.7047135479955229
TOKYOTECH_s01,67,206,73.86666666666666,0.7259171605110168,-0.9505930448114501
TOKYOTECH_s01,67,207,73.9,0.2627239525318146,-1.1779837231979997
TOKYOTECH_s01,67,208,73.93333333333334,-0.2783178389072418,-1.3315646813686728
TOKYOTECH_s01,67,209,73.96666666666667,-0.03473090007901192,-1.3461415332043887
TOKYOTECH_s01,67,210,74.0,-0.03142321854829788,-1.1728887581517113
TOKYOTECH_s01,67,211,74.03333333333333,-0.1910187304019928,-0.8047170697258114
TOKYOTECH_s01,67,212,74.06666666666666,-0.06713827699422836,-0.2890211191800634
TOKYOTECH_s01,67,213,74.1,-0.255636602640152,0.2800931362015224
TOKYOTECH_s01,67,214,74.13333333333334,-0.8705892562866211,0.7893871046790651
TOKYOTECH_s01,67,215,74.16666666666667,-0.8168001174926758,1.1434679553156442
TOKYOTECH_s01,67,216,74.2,-0.6944947242736816,1.2950913234194577
TOKYOTECH_s01,67,217,74.23333333333333,-0.9629679918289185,1.255335028073491
TOKYOTECH_s01,67,218,74.26666666666667,-1.2390016317367554,1.0807447915702033
TOKYOTECH_s01,67,219,74.3,-0.9282767176628113,0.8457791306150788
TOKYOTECH_s01,67,220,74.33333333333333,-0.6598822474479675,0.6136186807788604
TOKYOTECH_s01,67,221,74.36666666666666,0.007993287406861782,0.41645974058757634
TOKYOTECH_s01,67,222,74.4,1.546694040298462,0.25118247632045665
TOKYOTECH_s01,67,223,74.43333333333334,1.759173035621643,0.09024073884404744
TOKYOTECH_s01,67,224,74.46666666666667,1.1329585313796997,-0.09766716335293235
TOKYOTECH_s01,67,225,74.5,1.0223088264465332,-0.3258281811672257
TOKYOTECH_s01,67,226,74.53333333333333,0.47343096137046814,-0.5756525272019083
TOKYOTECH_s01,67,227,74.56666666666666,0.15018410980701447,-0.7968510110010358
TOKYOTECH_s01,67,228,74.6,-0.05918409675359726,-0.9224231135599205
TOKYOTECH_s01,67,229,74.63333333333334,-0.1848365217447281,-0.8933810471063627
TOKYOTECH_s01,67,230,74.66666666666667,0.1863323152065277,-0.6840277509040532
TOKYOTECH_s01,67,231,74.7,-0.006615627557039261,-0.3175772636810197
TOKYOTECH_s01,67,232,74.73333333333333,-0.3439595103263855,0.13535677798188234
TOKYOTECH_s01,67,233,74.76666666666667,-0.2655596435070038,0.5761161006049511
TOKYOTECH_s01,67,234,74.8,-0.7963239550590515,0.9072914048930666
TOKYOTECH_s01,67,235,74.83333333333333,-1.0890929698944092,1.0593427722957363
TOKYOTECH_s01,67,236,74.86666666666666,-0.9202831983566284,1.0049326041431628
TOKYOTECH_s01,67,237,74.9,-1.235772728919983,0.7589291158228215
TOKYOTECH_s01,67,238,74.93333333333334,-1.2536894083023071,0.3685188165518351
TOKYOTECH_s01,67,239,74.96666666666667,-0.922882080078125,-0.09973438910949282
TOKYOTECH_s01,68,0,68.0,1.8746267557144165,0.05041313699066478
TOKYOTECH_s01,68,1,68.03333333333333,1.6189117431640625,-0.09233570095463997
TOKYOTECH_s01,68,2,68.06666666666666,1.0137245655059814,-0.23647184533872342
TOKYOTECH_s01,68,3,68.1,0.5984533429145813,-0.3745151495363205
TOKYOTECH_s01,68,4,68.13333333333334,0.09856069087982178,-0.4865447581303158
TOKYOTECH_s01,68,5,68.16666666666667,-0.23894070088863373,-0.5424512001358094
TOKYOTECH_s01,68,6,68.2,-0.43755894899368286,-0.5107819254609814
TOKYOTECH_s01,68,7,68.23333333333333,-0.1944839209318161,-0.37207343031333157
TOKYOTECH_s01,68,8,68.26666666666667,-0.08162906020879745,-0.1322464004780529
TOKYOTECH_s01,68,9,68.3,0.002244226634502411,0.17025007117892785
TOKYOTECH_s01,68,10,68.33333333333333,-0.22200852632522583,0.46977141555968005
TOKYOTECH_s01,68,11,68.36666666666666,-0.4569324851036072,0.6927755605837391
TOKYOTECH_s01,68,12,68.4,-0.7286347150802612,0.7838270783752874
TOKYOTECH_s01,68,13,68.43333333333334,-0.9187474846839905,0.7254352140531097
TOKYOTECH_s01,68,14,68.46666666666667,-1.0454630851745605,0.5420924375780957
TOKYOTECH_s01,68,15,68.5,-1.1247292757034302,0.28774115859412863
TOKYOTECH_s01,68,16,68.53333333333333,-1.271920919418335,0.023667779286930042
TOKYOTECH_s01,68,17,68.56666666666666,-1.0204980373382568,-0.2029987551206527
TOKYOTECH_s01,68,18,68.6,0.22622135281562805,-0.37171532798773027
TOKYOTECH_s01,68,19,68.63333333333334,1.6267871856689453,-0.48828132137301045
TOKYOTECH_s01,68,20,68.66666666666667,1.9425523281097412,-0.5737881332357249
TOKYOTECH_s01,68,21,68.7,1.4271451234817505,-0.648526835621066
TOKYOTECH_s01,68,22,68.73333333333333,1.0738928318023682,-0.7178189447312776
TOKYOTECH_s01,68,23,68.76666666666667,0.680279016494751,-0.7653463450327531
TOKYOTECH_s01,68,24,68.8,0.19503465294837952,-0.756558902905598
TOKYOTECH_s01,68,25,68.83333333333333,-0.056821469217538834,-0.6514354400087222
TOKYOTECH_s01,68,26,68.86666666666666,-0.09466288983821869,-0.42301034935732873
TOKYOTECH_s01,68,27,68.9,0.09674934297800064,-0.07529851982833514
TOKYOTECH_s01,68,28,68.93333333333334,-0.025122879073023796,0.3478159827854512
TOKYOTECH_s01,68,29,68.96666666666667,-0.09210337698459625,0.7693673737679634
TOKYOTECH_s01,68,30,69.0,-0.41239696741104126,1.1013479138092581
TOKYOTECH_s01,68,31,69.03333333333333,-0.6201900839805603,1.2733552336177973
TOKYOTECH_s01,68,32,69.06666666666666,-0.8903565406799316,1.255374763932149
TOKYOTECH_s01,68,33,69.1,-0.9558013677597046,1.0650514490060985
TOKYOTECH_s01,68,34,69.13333333333334,-1.1520963907241821,0.7575847265234203
TOKYOTECH_s01,68,35,69.16666666666667,-1.1064188480377197,0.4041323146986957
TOKYOTECH_s01,68,36,69.2,-0.9940759539604187,0.06804749144101406
TOKYOTECH_s01,68,37,69.23333333333333,-0.057963404804468155,-0.21258461696748632
TOKYOTECH_s01,68,38,69.26666666666667,1.4145050048828125,-0.43076418510394576
TOKYOTECH_s01,68,39,69.3,2.117741107940674,-0.6035708521122299
TOKYOTECH_s01,68,40,69.33333333333333,1.626944661140442,-0.755593839887827
TOKYOTECH_s01,68,41,69.36666666666666,1.1487094163894653,-0.8996110544252605
TOKYOTECH_s01,68,42,69.4,0.5265113711357117,-1.0228012042324834
TOKYOTECH_s01,68,43,69.43333333333334,0.1347876489162445,-1.0853384657431298
TOKYOTECH_s01,68,44,69.46666666666667,-0.2563060224056244,-1.033830498047006
TOKYOTECH_s01,68,45,69.5,0.008741453289985657,-0.8257647177320191
TOKYOTECH_s01,68,46,69.53333333333333,0.05571836978197098,-0.45515640111872785
TOKYOTECH_s01,68,47,69.56666666666666,0.18562352657318115,0.03297033366338706
TOKYOTECH_s01,68,48,69.6,-0.15002714097499847,0.5484598443763092
TOKYOTECH_s01,68,49,69.63333333333334,-0.27721527218818665,0.9825593562060925
TOKYOTECH_s01,68,50,69.66666666666667,-0.6183393597602844,1.244439153973504
TOKYOTECH_s01,68,51,69.7,-0.8406232595443726,1.2911981847167917
TOKYOTECH_s01,68,52,69.73333333333333,-0.6961091756820679,1.1386814905549427
TOKYOTECH_s01,68,53,69.76666666666667,-1.070113182067871,0.8502966483433027
TOKYOTECH_s01,68,54,69.8,-1.0607020854949951,0.5102867207764892
TOKYOTECH_s01,68,55,69.83333333333333,-1.1784790754318237,0.19301408375016293
TOKYOTECH_s01,68,56,69.86666666666666,-0.4225168824195862,-0.060021244313698756
TOKYOTECH_s01,68,57,69.9,1.0142759084701538,-0.24764096525100707
TOKYOTECH_s01,68,58,69.93333333333334,2.1399497985839844,-0.399376943390838
TOKYOTECH_s01,68,59,69.96666666666667,1.8861249685287476,-0.553638736965453
TOKYOTECH_s01,68,60,70.0,1.3276784420013428,-0.7330017695905555
TOKYOTECH_s01,68,61,70.03333333333333,0.7712008357048035,-0.9269068118573761
TOKYOTECH_s01,68,62,70.06666666666666,0.312614768743515,-1.0890715666793291
TOKYOTECH_s01,68,63,70.1,-0.06556319445371628,-1.1513880968603423
TOKYOTECH_s01,68,64,70.13333333333334,-0.10305021703243256,-1.050064982577612
TOKYOTECH_s01,68,65,70.16666666666667,-0.08655120432376862,-0.7547688667735057
TOKYOTECH_s01,68,66,70.2,0.19125445187091827,-0.28899361411458513
TOKYOTECH_s01,68,67,70.23333333333333,0.07016977667808533,0.26831637778664275
TOKYOTECH_s01,68,68,70.26666666666667,-0.04504770785570145,0.8031102601139349
TOKYOTECH_s01,68,69,70.3,-0.364435613155365,1.2021013865769
TOKYOTECH_s01,68,70,70.33333333333333,-0.5565172433853149,1.3895623782418969
TOKYOTECH_s01,68,71,70.36666666666666,-0.8707073926925659,1.349316123487234
TOKYOTECH_s01,68,72,70.4,-0.9807270765304565,1.1238855868045379
TOKYOTECH_s01,68,73,70.43333333333334,-1.0875178575515747,0.7936249897363404
TOKYOTECH_s01,68,74,70.46666666666667,-1.1521750688552856,0.4458131226193741
TOKYOTECH_s01,68,75,70.5,-0.679964542388916,0.14554850691969962
TOKYOTECH_s01,68,76,70.53333333333333,0.738163411617279,-0.08169381411730767
TOKYOTECH_s01,68,77,70.56666666666666,1.8783282041549683,-0.25052682733145276
TOKYOTECH_s01,68,78,70.6,1.7256630659103394,-0.3997875056035209
TOKYOTECH_s01,68,79,70.63333333333334,1.1617038249969482,-0.5669527501208305
TOKYOTECH_s01,68,80,70.66666666666667,0.7724608778953552,-0.7635595839208377
TOKYOTECH_s01,68,81,70.7,0.37175920605659485,-0.9624999719706876
TOKYOTECH_s01,68,82,70.73333333333333,0.1328187882900238,-1.1034176548234877
TOKYOTECH_s01,68,83,70.76666666666667,-0.022996513172984123,-1.114856067731369
TOKYOTECH_s01,68,84,70.8,0.036502331495285034,-0.9445865164965508
TOKYOTECH_s01,68,85,70.83333333333333,0.18475723266601562,-0.585752568072826
TOKYOTECH_s01,68,86,70.86666666666666,0.042684540152549744,-0.08772330986813885
TOKYOTECH_s01,68,87,70.9,-0.07395052164793015,0.45381489179665957
TOKYOTECH_s01,68,88,70.93333333333334,-0.3968823552131653,0.9250705672758538
TOKYOTECH_s01,68,89,70.96666666666667,-0.5182426571846008,1.2303740923882733
TOKYOTECH_s01,68,90,71.0,-0.7851014733314514,1.321519295511595
TOKYOTECH_s01,68,91,71.03333333333333,-0.8153825402259827,1.207815908503404
TOKYOTECH_s01,68,92,71.06666666666666,-0.9543050527572632,0.9442770174963668
TOKYOTECH_s01,68,93,71.1,-0.7969146370887756,0.6058003041050029
TOKYOTECH_s01,68,94,71.13333333333334,-0.5309615135192871,0.25948558346606965
TOKYOTECH_s01,68,95,71.16666666666667,0.777383029460907,-0.05456832301069231
TOKYOTECH_s01,68,96,71.2,1.7947700023651123,-0.32822105850632544
TOKYOTECH_s01,68,97,71.23333333333333,1.6992803812026978,-0.5756661457528168
TOKYOTECH_s01,68,98,71.26666666666667,1.1023625135421753,-0.8141062812027088
TOKYOTECH_s01,68,99,71.3,0.6403899788856506,-1.0433166851703581
TOKYOTECH_s01,68,100,71.33333333333333,0.31312668323516846,-1.23358864041109
TOKYOTECH_s01,68,101,71.36666666666666,0.13888287544250488,-1.3287854595868964
TOKYOTECH_s01,68,102,71.4,0.20625713467597961,-1.2652189973785137
TOKYOTECH_s01,68,103,71.43333333333334,0.297651469707489,-1.0000122305143007
TOKYOTECH_s01,68,104,71.46666666666667,0.19550718367099762,-0.5374671017688616
TOKYOTECH_s01,68,105,71.5,0.16113094985485077,0.05913442492416478
TOKYOTECH_s01,68,106,71.53333333333333,-0.22551310062408447,0.6786642135333607
TOKYOTECH_s01,68,107,71.56666666666666,-0.4288172125816345,1.1949125378064775
TOKYOTECH_s01,68,108,71.6,-0.8666121363639832,1.5079275696365724
TOKYOTECH_s01,68,109,71.63333333333334,-0.8659821152687073,1.575201743531746
TOKYOTECH_s01,68,110,71.66666666666667,-1.0808237791061401,1.419541691512268
TOKYOTECH_s01,68,111,71.7,-1.0108505487442017,1.1125463087080498
TOKYOTECH_s01,68,112,71.73333333333333,-0.7997103929519653,0.7430561071347732
TOKYOTECH_s01,68,113,71.76666666666667,-0.6149529218673706,0.3846060161571116
TOKYOTECH_s01,68,114,71.8,0.8501913547515869,0.07442807001929679
TOKYOTECH_s01,68,115,71.83333333333333,1.8368247747421265,-0.18939929598213312
TOKYOTECH_s01,68,116,71.86666666666666,1.8066225051879883,-0.4336833527266552
TOKYOTECH_s01,68,117,71.9,1.1887558698654175,-0.6862103770305036
TOKYOTECH_s01,68,118,71.93333333333334,0.8155394792556763,-0.9528288342491424
TOKYOTECH_s01,68,119,71.96666666666667,0.2182277888059616,-1.2051058808329984
TOKYOTECH_s01,68,120,72.0,0.08788948506116867,-1.383579853389972
TOKYOTECH_s01,68,121,72.03333333333333,-0.1309686005115509,-1.415784292661556
TOKYOTECH_s01,68,122,72.06666666666666,0.11198829114437103,-1.243297753035072
TOKYOTECH_s01,68,123,72.1,0.1706995964050293,-0.8488705171545297
TOKYOTECH_s01,68,124,72.13333333333334,0.05674217641353607,-0.2734682210342245
TOKYOTECH_s01,68,125,72.16666666666667,0.07233551889657974,0.38542057953980485
TOKYOTECH_s01,68,126,72.2,-0.4656742215156555,0.9976579884008467
TOKYOTECH_s01,68,127,72.23333333333333,-0.5634476542472839,1.440469154465793
TOKYOTECH_s01,68,128,72.26666666666667,-0.7637984752655029,1.6380920209915437
TOKYOTECH_s01,68,129,72.3,-0.7887635827064514,1.582203497398686
TOKYOTECH_s01,68,130,72.33333333333333,-0.9227245450019836,1.3247317552078224
TOKYOTECH_s01,68,131,72.36666666666666,-1.002620816230774,0.9496376851772778
TOKYOTECH_s01,68,132,72.4,-0.6907145380973816,0.5387293924565411
TOKYOTECH_s01,68,133,72.43333333333334,0.24275973439216614,0.1461986113421511
TOKYOTECH_s01,68,134,72.46666666666667,1.6430498361587524,-0.20952182926931784
TOKYOTECH_s01,68,135,72.5,1.695067048072815,-0.5362025094715411
TOKYOTECH_s01,68,136,72.53333333333333,1.372607707977295,-0.8473188103763285
TOKYOTECH_s01,68,137,72.56666666666666,0.8913010954856873,-1.1408910323180845
TOKYOTECH_s01,68,138,72.6,0.6654338836669922,-1.3870565151393839
TOKYOTECH_s01,68,139,72.63333333333334,0.09269349277019501,-1.5298509497030575
TOKYOTECH_s01,68,140,72.66666666666667,-0.08891382813453674,-1.5036780276088288
TOKYOTECH_s01,68,141,72.7,-0.05185995250940323,-1.2597882146532868
TOKYOTECH_s01,68,142,72.73333333333333,-0.09797056764364243,-0.7934840559928601
TOKYOTECH_s01,68,143,72.76666666666667,0.10856247693300247,-0.16017458179624122
TOKYOTECH_s01,68,144,72.8,-0.317773699760437,0.5299956597179449
TOKYOTECH_s01,68,145,72.83333333333333,-0.45571181178092957,1.1411361176942678
TOKYOTECH_s01,68,146,72.86666666666666,-0.5702992677688599,1.5537779409722723
TOKYOTECH_s01,68,147,72.9,-0.9562739133834839,1.7015082853018701
TOKYOTECH_s01,68,148,72.93333333333334,-0.9286311268806458,1.586487115257754
TOKYOTECH_s01,68,149,72.96666666666667,-1.2129340171813965,1.2695746185628813
TOKYOTECH_s01,68,150,73.0,-1.1837949752807617,0.8423335478561665
TOKYOTECH_s01,68,151,73.03333333333333,-0.9362702965736389,0.39432476764117247
TOKYOTECH_s01,68,152,73.06666666666666,-0.45082902908325195,-0.011748381668384541
TOKYOTECH_s01,68,153,73.1,1.2627061605453491,-0.3499342416892912
TOKYOTECH_s01,68,154,73.13333333333334,1.8938428163528442,-0.6251996276763477
TOKYOTECH_s01,68,155,73.16666666666667,1.4934561252593994,-0.8563926626200358
TOKYOTECH_s01,68,156,73.2,1.0720421075820923,-1.0559277187805127
TOKYOTECH_s01,68,157,73.23333333333333,0.6650007367134094,-1.2148571168431408
TOKYOTECH_s01,68,158,73.26666666666667,0.31891509890556335,-1.299760670513116
TOKYOTECH_s01,68,159,73.3,-0.2517382800579071,-1.2633192482084425
TOKYOTECH_s01,68,160,73.33333333333333,-0.07946331799030304,-1.0649611237383139
TOKYOTECH_s01,68,161,73.36666666666666,0.1949165314435959,-0.6934637822580377
TOKYOTECH_s01,68,162,73.4,-0.042291309684515,-0.1816812933886921
TOKYOTECH_s01,68,163,73.43333333333334,0.06040424853563309,0.39420227074788705
TOKYOTECH_s01,68,164,73.46666666666667,-0.35608765482902527,0.9325591243345008
TOKYOTECH_s01,68,165,73.5,-0.8423952460289001,1.3354329999448924
TOKYOTECH_s01,68,166,73.53333333333333,-0.6985899209976196,1.5372138562591322
TOKYOTECH_s01,68,167,73.56666666666666,-1.0696799755096436,1.52113431341326
TOKYOTECH_s01,68,168,73.6,-0.8928373456001282,1.3182711873446682
TOKYOTECH_s01,68,169,73.63333333333334,-0.8077827095985413,0.9918721009269175
TOKYOTECH_s01,68,170,73.66666666666667,-1.072554588317871,0.6144913514856094
TOKYOTECH_s01,68,171,73.7,-0.3695152699947357,0.24618408704240852
TOKYOTECH_s01,68,172,73.73333333333333,0.8494825959205627,-0.0793948071275823
TOKYOTECH_s01,68,173,73.76666666666667,1.6346625089645386,-0.35713001499400143
TOKYOTECH_s01,68,174,73.8,1.6015070676803589,-0.6011592931054506
TOKYOTECH_s01,68,175,73.83333333333333,0.942176342010498,-0.8284537305265033
TOKYOTECH_s01,68,176,73.86666666666666,0.7259171605110168,-1.0418675531668318
TOKYOTECH_s01,68,177,73.9,0.2627239525318146,-1.2196415329712096
TOKYOTECH_s01,68,178,73.93333333333334,-0.2783178389072418,-1.3167890948833278
TOKYOTECH_s01,68,179,73.96666666666667,-0.03473090007901192,-1.279802833005921
TOKYOTECH_s01,68,180,74.0,-0.03142321854829788,-1.0701886347845617
TOKYOTECH_s01,68,181,74.03333333333333,-0.1910187304019928,-0.6871972047815114
TOKYOTECH_s01,68,182,74.06666666666666,-0.06713827699422836,-0.17885434894670896
TOKYOTECH_s01,68,183,74.1,-0.255636602640152,0.3657659540144944
TOKYOTECH_s01,68,184,74.13333333333334,-0.8705892562866211,0.8421616000363418
TOKYOTECH_s01,68,185,74.16666666666667,-0.8168001174926758,1.164176675649556
TOKYOTECH_s01,68,186,74.2,-0.6944947242736816,1.290844390015812
TOKYOTECH_s01,68,187,74.23333333333333,-0.9629679918289185,1.2338791916859035
TOKYOTECH_s01,68,188,74.26666666666667,-1.2390016317367554,1.0440190809625345
TOKYOTECH_s01,68,189,74.3,-0.9282767176628113,0.7853559217921381
TOKYOTECH_s01,68,190,74.33333333333333,-0.6598822474479675,0.5105309772144989
TOKYOTECH_s01,68,191,74.36666666666666,0.007993287406861782,0.24642045817737107
TOKYOTECH_s01,68,192,74.4,1.546694040298462,-0.006116342491764496
TOKYOTECH_s01,68,193,74.43333333333334,1.759173035621643,-0.26059269526151985
TOKYOTECH_s01,68,194,74.46666666666667,1.1329585313796997,-0.5273575318948416
TOKYOTECH_s01,68,195,74.5,1.0223088264465332,-0.79769301713602
TOKYOTECH_s01,68,196,74.53333333333333,0.47343096137046814,-1.036425448081982
TOKYOTECH_s01,68,197,74.56666666666666,0.15018410980701447,-1.1871563099110478
TOKYOTECH_s01,68,198,74.6,-0.05918409675359726,-1.1897087837882776
TOKYOTECH_s01,68,199,74.63333333333334,-0.1848365217447281,-1.0043583870835135
TOKYOTECH_s01,68,200,74.66666666666667,0.1863323152065277,-0.6336194200572871
TOKYOTECH_s01,68,201,74.7,-0.006615627557039261,-0.13151072069049694
TOKYOTECH_s01,68,202,74.73333333333333,-0.3439595103263855,0.4064019373147355
TOKYOTECH_s01,68,203,74.76666666666667,-0.2655596435070038,0.8709987540877335
TOKYOTECH_s01,68,204,74.8,-0.7963239550590515,1.1747609805954955
TOKYOTECH_s01,68,205,74.83333333333333,-1.0890929698944092,1.2784103541878973
TOKYOTECH_s01,68,206,74.86666666666666,-0.9202831983566284,1.1978047010071224
TOKYOTECH_s01,68,207,74.9,-1.235772728919983,0.9900490054653319
TOKYOTECH_s01,68,208,74.93333333333334,-1.2536894083023071,0.726970904855327
TOKYOTECH_s01,68,209,74.96666666666667,-0.922882080078125,0.46807869353116743
TOKYOTECH_s01,68,210,75.0,-0.6929590106010437,0.24316326940586802
TOKYOTECH_s01,68,211,75.03333333333333,0.7686412930488586,0.04935034273664557
TOKYOTECH_s01,68,212,75.06666666666666,1.8436763286590576,-0.13816537728855732
TOKYOTECH_s01,68,213,75.1,1.6094218492507935,-0.34696272467800615
TOKYOTECH_s01,68,214,75.13333333333334,1.104410171508789,-0.5879258552762676
TOKYOTECH_s01,68,215,75.16666666666667,0.49878984689712524,-0.84358538967985
TOKYOTECH_s01,68,216,75.2,0.34895986318588257,-1.0690800696449592
TOKYOTECH_s01,68,217,75.23333333333333,-0.14077350497245789,-1.2055288886708617
TOKYOTECH_s01,68,218,75.26666666666667,-0.354788213968277,-1.2010930396529094
TOKYOTECH_s01,68,219,75.3,0.05693906173110008,-1.0322628136853211
TOKYOTECH_s01,68,220,75.33333333333333,-0.07572249323129654,-0.7174028330793986
TOKYOTECH_s01,68,221,75.36666666666666,-0.18330080807209015,-0.31642159023955374
TOKYOTECH_s01,68,222,75.4,-0.2009417712688446,0.08540745619852982
TOKYOTECH_s01,68,223,75.43333333333334,-0.7469450831413269,0.4049997104405649
TOKYOTECH_s01,68,224,75.46666666666667,-1.1052769422531128,0.5892632761277341
TOKYOTECH_s01,68,225,75.5,-0.8353073596954346,0.630449494778844
TOKYOTECH_s01,68,226,75.53333333333333,-1.00714910030365,0.5626753486807052
TOKYOTECH_s01,68,227,75.56666666666666,-1.4505749940872192,0.44294450137090374
TOKYOTECH_s01,68,228,75.6,-1.254319429397583,0.3265352562415752
TOKYOTECH_s01,68,229,75.63333333333334,-0.807703971862793,0.247521882831167
TOKYOTECH_s01,68,230,75.66666666666667,-0.027879279106855392,0.21138162236416214
TOKYOTECH_s01,68,231,75.7,1.0707426071166992,0.2006402014929648
TOKYOTECH_s01,68,232,75.73333333333333,1.871397852897644,0.18911645845495043
TOKYOTECH_s01,68,233,75.76666666666667,1.5901269912719727,0.15738823547768974
TOKYOTECH_s01,68,234,75.8,0.8061283230781555,0.10238696678387874
TOKYOTECH_s01,68,235,75.83333333333333,0.462365984916687,0.037398695248884485
TOKYOTECH_s01,68,236,75.86666666666666,0.13876473903656006,-0.016236752856010034
TOKYOTECH_s01,68,237,75.9,-0.43755894899368286,-0.04057734997146779
TOKYOTECH_s01,68,238,75.93333333333334,-0.2276788353919983,-0.029897396651758914
TOKYOTECH_s01,68,239,75.96666666666667,-0.11155568063259125,0.00679376329278358
TOKYOTECH_s01,69,0,69.0,-0.41239696741104126,-0.08162688421895797
TOKYOTECH_s01,69,1,69.03333333333333,-0.6201900839805603,-0.2761380765442717
TOKYOTECH_s01,69,2,69.06666666666666,-0.8903565406799316,-0.4564102660444904
TOKYOTECH_s01,69,3,69.1,-0.9558013677597046,-0.6073309960194148
TOKYOTECH_s01,69,4,69.13333333333334,-1.1520963907241821,-0.709206275099837
TOKYOTECH_s01,69,5,69.16666666666667,-1.1064188480377197,-0.7434307642065912
TOKYOTECH_s01,69,6,69.2,-0.9940759539604187,-0.702017516610429
TOKYOTECH_s01,69,7,69.23333333333333,-0.057963404804468155,-0.596255659165736
TOKYOTECH_s01,69,8,69.26666666666667,1.4145050048828125,-0.4589802351735484
TOKYOTECH_s01,69,9,69.3,2.117741107940674,-0.3369488070383254
TOKYOTECH_s01,69,10,69.33333333333333,1.626944661140442,-0.27432632338723056
TOKYOTECH_s01,69,11,69.36666666666666,1.1487094163894653,-0.2932534263847144
TOKYOTECH_s01,69,12,69.4,0.5265113711357117,-0.38028773010312694
TOKYOTECH_s01,69,13,69.43333333333334,0.1347876489162445,-0.4863502459371978
TOKYOTECH_s01,69,14,69.46666666666667,-0.2563060224056244,-0.5426009217018422
TOKYOTECH_s01,69,15,69.5,0.008741453289985657,-0.48751357174014387
TOKYOTECH_s01,69,16,69.53333333333333,0.05571836978197098,-0.29454992476401115
TOKYOTECH_s01,69,17,69.56666666666666,0.18562352657318115,0.011849630283917157
TOKYOTECH_s01,69,18,69.6,-0.15002714097499847,0.36037165511658187
TOKYOTECH_s01,69,19,69.63333333333334,-0.27721527218818665,0.6570869307476809
TOKYOTECH_s01,69,20,69.66666666666667,-0.6183393597602844,0.8205036543344155
TOKYOTECH_s01,69,21,69.7,-0.8406232595443726,0.81259336877289
TOKYOTECH_s01,69,22,69.73333333333333,-0.6961091756820679,0.6527017723562698
TOKYOTECH_s01,69,23,69.76666666666667,-1.070113182067871,0.4088863473802914
TOKYOTECH_s01,69,24,69.8,-1.0607020854949951,0.17070464484360828
TOKYOTECH_s01,69,25,69.83333333333333,-1.1784790754318237,0.014647888996741826
TOKYOTECH_s01,69,26,69.86666666666666,-0.4225168824195862,-0.024351599325830364
TOKYOTECH_s01,69,27,69.9,1.0142759084701538,0.03539786166202352
TOKYOTECH_s01,69,28,69.93333333333334,2.1399497985839844,0.1320666295933167
TOKYOTECH_s01,69,29,69.96666666666667,1.8861249685287476,0.18796017466467077
TOKYOTECH_s01,69,30,70.0,1.3276784420013428,0.14407276514230652
TOKYOTECH_s01,69,31,70.03333333333333,0.7712008357048035,-0.012842163399857876
TOKYOTECH_s01,69,32,70.06666666666666,0.312614768743515,-0.2419292172846784
TOKYOTECH_s01,69,33,70.1,-0.06556319445371628,-0.4620930778558377
TOKYOTECH_s01,69,34,70.13333333333334,-0.10305021703243256,-0.5829084389769824
TOKYOTECH_s01,69,35,70.16666666666667,-0.08655120432376862,-0.5409438367813112
TOKYOTECH_s01,69,36,70.2,0.19125445187091827,-0.3274721905301015
TOKYOTECH_s01,69,37,70.23333333333333,0.07016977667808533,0.003962418376859867
TOKYOTECH_s01,69,38,70.26666666666667,-0.04504770785570145,0.3546355905256111
TOKYOTECH_s01,69,39,70.3,-0.364435613155365,0.6169173126096408
TOKYOTECH_s01,69,40,70.33333333333333,-0.5565172433853149,0.7149279139068344
TOKYOTECH_s01,69,41,70.36666666666666,-0.8707073926925659,0.631938924472351
TOKYOTECH_s01,69,42,70.4,-0.9807270765304565,0.41339720306932787
TOKYOTECH_s01,69,43,70.43333333333334,-1.0875178575515747,0.1458358937911805
TOKYOTECH_s01,69,44,70.46666666666667,-1.1521750688552856,-0.07851652929812258
TOKYOTECH_s01,69,45,70.5,-0.679964542388916,-0.19711731477150715
TOKYOTECH_s01,69,46,70.53333333333333,0.738163411617279,-0.19908363951544764
TOKYOTECH_s01,69,47,70.56666666666666,1.8783282041549683,-0.12581724708567757
TOKYOTECH_s01,69,48,70.6,1.7256630659103394,-0.05045213441363535
TOKYOTECH_s01,69,49,70.63333333333334,1.1617038249969482,-0.044435038292285525
TOKYOTECH_s01,69,50,70.66666666666667,0.7724608778953552,-0.14482624063679048
TOKYOTECH_s01,69,51,70.7,0.37175920605659485,-0.3358492563263835
TOKYOTECH_s01,69,52,70.73333333333333,0.1328187882900238,-0.5523560711538532
TOKYOTECH_s01,69,53,70.76666666666667,-0.022996513172984123,-0.7039104001467356
TOKYOTECH_s01,69,54,70.8,0.036502331495285034,-0.7100890811010436
TOKYOTECH_s01,69,55,70.83333333333333,0.18475723266601562,-0.5333716537022833
TOKYOTECH_s01,69,56,70.86666666666666,0.042684540152549744,-0.19691485704086953
TOKYOTECH_s01,69,57,70.9,-0.07395052164793015,0.22015081096361777
TOKYOTECH_s01,69,58,70.93333333333334,-0.3968823552131653,0.6092664652276522
TOKYOTECH_s01,69,59,70.96666666666667,-0.5182426571846008,0.8712705198347676
TOKYOTECH_s01,69,60,71.0,-0.7851014733314514,0.9512111306662887
TOKYOTECH_s01,69,61,71.03333333333333,-0.8153825402259827,0.8535905498467504
TOKYOTECH_s01,69,62,71.06666666666666,-0.9543050527572632,0.6324077687815794
TOKYOTECH_s01,69,63,71.1,-0.7969146370887756,0.3629368032458225
TOKYOTECH_s01,69,64,71.13333333333334,-0.5309615135192871,0.10942581949359265
TOKYOTECH_s01,69,65,71.16666666666667,0.777383029460907,-0.09731900562177218
TOKYOTECH_s01,69,66,71.2,1.7947700023651123,-0.26421953476491283
TOKYOTECH_s01,69,67,71.23333333333333,1.6992803812026978,-0.42201871628622517
TOKYOTECH_s01,69,68,71.26666666666667,1.1023625135421753,-0.6005756056021555
TOKYOTECH_s01,69,69,71.3,0.6403899788856506,-0.8048419079021673
TOKYOTECH_s01,69,70,71.33333333333333,0.31312668323516846,-1.0024255554475734
TOKYOTECH_s01,69,71,71.36666666666666,0.13888287544250488,-1.1289747556957788
TOKYOTECH_s01,69,72,71.4,0.20625713467597961,-1.1106443864472337
TOKYOTECH_s01,69,73,71.43333333333334,0.297651469707489,-0.8958805233198162
TOKYOTECH_s01,69,74,71.46666666666667,0.19550718367099762,-0.4839645064282272
TOKYOTECH_s01,69,75,71.5,0.16113094985485077,0.0629032599239268
TOKYOTECH_s01,69,76,71.53333333333333,-0.22551310062408447,0.6324447001807235
TOKYOTECH_s01,69,77,71.56666666666666,-0.4288172125816345,1.098091864815983
TOKYOTECH_s01,69,78,71.6,-0.8666121363639832,1.3631817708800682
TOKYOTECH_s01,69,79,71.63333333333334,-0.8659821152687073,1.3931786560714097
TOKYOTECH_s01,69,80,71.66666666666667,-1.0808237791061401,1.2219703222068068
TOKYOTECH_s01,69,81,71.7,-1.0108505487442017,0.9316593791273222
TOKYOTECH_s01,69,82,71.73333333333333,-0.7997103929519653,0.6165923015184476
TOKYOTECH_s01,69,83,71.76666666666667,-0.6149529218673706,0.3473110419626288
TOKYOTECH_s01,69,84,71.8,0.8501913547515869,0.14840549636094894
TOKYOTECH_s01,69,85,71.83333333333333,1.8368247747421265,-0.0023739106523352413
TOKYOTECH_s01,69,86,71.86666666666666,1.8066225051879883,-0.15504440705472802
TOKYOTECH_s01,69,87,71.9,1.1887558698654175,-0.3572513000362993
TOKYOTECH_s01,69,88,71.93333333333334,0.8155394792556763,-0.6258739965781368
TOKYOTECH_s01,69,89,71.96666666666667,0.2182277888059616,-0.9319514609898513
TOKYOTECH_s01,69,90,72.0,0.08788948506116867,-1.204692768545063
TOKYOTECH_s01,69,91,72.03333333333333,-0.1309686005115509,-1.3531050866681598
TOKYOTECH_s01,69,92,72.06666666666666,0.11198829114437103,-1.2981771204835244
TOKYOTECH_s01,69,93,72.1,0.1706995964050293,-1.005171392941907
TOKYOTECH_s01,69,94,72.13333333333334,0.05674217641353607,-0.5042871004750797
TOKYOTECH_s01,69,95,72.16666666666667,0.07233551889657974,0.1101388944552294
TOKYOTECH_s01,69,96,72.2,-0.4656742215156555,0.7053509108872915
TOKYOTECH_s01,69,97,72.23333333333333,-0.5634476542472839,1.1535190578772945
TOKYOTECH_s01,69,98,72.26666666666667,-0.7637984752655029,1.3744517060319978
TOKYOTECH_s01,69,99,72.3,-0.7887635827064514,1.3575006534549827
TOKYOTECH_s01,69,100,72.33333333333333,-0.9227245450019836,1.1539620473787673
TOKYOTECH_s01,69,101,72.36666666666666,-1.002620816230774,0.8471703358875382
TOKYOTECH_s01,69,102,72.4,-0.6907145380973816,0.5163394967329303
TOKYOTECH_s01,69,103,72.43333333333334,0.24275973439216614,0.20976707910880588
TOKYOTECH_s01,69,104,72.46666666666667,1.6430498361587524,-0.0633256905108406
TOKYOTECH_s01,69,105,72.5,1.695067048072815,-0.32175532622253306
TOKYOTECH_s01,69,106,72.53333333333333,1.372607707977295,-0.589391388808823
TOKYOTECH_s01,69,107,72.56666666666666,0.8913010954856873,-0.8713831503680312
TOKYOTECH_s01,69,108,72.6,0.6654338836669922,-1.1396673566889928
TOKYOTECH_s01,69,109,72.63333333333334,0.09269349277019501,-1.3336849121000491
TOKYOTECH_s01,69,110,72.66666666666667,-0.08891382813453674,-1.3773605758480043
TOKYOTECH_s01,69,111,72.7,-0.05185995250940323,-1.2080198914679043
TOKYOTECH_s01,69,112,72.73333333333333,-0.09797056764364243,-0.807301205998651
TOKYOTECH_s01,69,113,72.76666666666667,0.10856247693300247,-0.22075449711890782
TOKYOTECH_s01,69,114,72.8,-0.317773699760437,0.445227208347547
TOKYOTECH_s01,69,115,72.83333333333333,-0.45571181178092957,1.0517937850046133
TOKYOTECH_s01,69,116,72.86666666666666,-0.5702992677688599,1.4713011511050378
TOKYOTECH_s01,69,117,72.9,-0.9562739133834839,1.627572234711996
TOKYOTECH_s01,69,118,72.93333333333334,-0.9286311268806458,1.5158364315309
TOKYOTECH_s01,69,119,72.96666666666667,-1.2129340171813965,1.1957141267346325
TOKYOTECH_s01,69,120,73.0,-1.1837949752807617,0.7628923128788062
TOKYOTECH_s01,69,121,73.03333333333333,-0.9362702965736389,0.31329145354332333
TOKYOTECH_s01,69,122,73.06666666666666,-0.45082902908325195,-0.08562787380846776
TOKYOTECH_s01,69,123,73.1,1.2627061605453491,-0.4070517680458214
TOKYOTECH_s01,69,124,73.13333333333334,1.8938428163528442,-0.6589463699201522
TOKYOTECH_s01,69,125,73.16666666666667,1.4934561252593994,-0.8654594550522741
TOKYOTECH_s01,69,126,73.2,1.0720421075820923,-1.0446066663493272
TOKYOTECH_s01,69,127,73.23333333333333,0.6650007367134094,-1.1914060044147965
TOKYOTECH_s01,69,128,73.26666666666667,0.31891509890556335,-1.2730353259163691
TOKYOTECH_s01,69,129,73.3,-0.2517382800579071,-1.2383745202736904
TOKYOTECH_s01,69,130,73.33333333333333,-0.07946331799030304,-1.039410916264622
TOKYOTECH_s01,69,131,73.36666666666666,0.1949165314435959,-0.6570534556595458
TOKYOTECH_s01,69,132,73.4,-0.042291309684515,-0.12035564896814735
TOKYOTECH_s01,69,133,73.43333333333334,0.06040424853563309,0.4910456120494711
TOKYOTECH_s01,69,134,73.46666666666667,-0.35608765482902527,1.0649034497134218
TOKYOTECH_s01,69,135,73.5,-0.8423952460289001,1.4889676517112593
TOKYOTECH_s01,69,136,73.53333333333333,-0.6985899209976196,1.6852314592890203
TOKYOTECH_s01,69,137,73.56666666666666,-1.0696799755096436,1.6319414524294849
TOKYOTECH_s01,69,138,73.6,-0.8928373456001282,1.3656032862749607
TOKYOTECH_s01,69,139,73.63333333333334,-0.8077827095985413,0.9640590425002827
TOKYOTECH_s01,69,140,73.66666666666667,-1.072554588317871,0.5182991567125685
TOKYOTECH_s01,69,141,73.7,-0.3695152699947357,0.10354744516651822
TOKYOTECH_s01,69,142,73.73333333333333,0.8494825959205627,-0.24026704480715017
TOKYOTECH_s01,69,143,73.76666666666667,1.6346625089645386,-0.5122216087007823
TOKYOTECH_s01,69,144,73.8,1.6015070676803589,-0.7380535627801801
TOKYOTECH_s01,69,145,73.83333333333333,0.942176342010498,-0.9476486500489336
TOKYOTECH_s01,69,146,73.86666666666666,0.7259171605110168,-1.1517965817826412
TOKYOTECH_s01,69,147,73.9,0.2627239525318146,-1.327887842343325
TOKYOTECH_s01,69,148,73.93333333333334,-0.2783178389072418,-1.4214471398188984
TOKYOTECH_s01,69,149,73.96666666666667,-0.03473090007901192,-1.364868051330739
TOKYOTECH_s01,69,150,74.0,-0.03142321854829788,-1.1075349356207118
TOKYOTECH_s01,69,151,74.03333333333333,-0.1910187304019928,-0.6453500452093567
TOKYOTECH_s01,69,152,74.06666666666666,-0.06713827699422836,-0.03572414146132161
TOKYOTECH_s01,69,153,74.1,-0.255636602640152,0.6113563547377795
TOKYOTECH_s01,69,154,74.13333333333334,-0.8705892562866211,1.165172737103323
TOKYOTECH_s01,69,155,74.16666666666667,-0.8168001174926758,1.5166561547855004
TOKYOTECH_s01,69,156,74.2,-0.6944947242736816,1.6128890236283764
TOKYOTECH_s01,69,157,74.23333333333333,-0.9629679918289185,1.468748253177666
TOKYOTECH_s01,69,158,74.26666666666667,-1.2390016317367554,1.152553361634814
TOKYOTECH_s01,69,159,74.3,-0.9282767176628113,0.7550092506120141
TOKYOTECH_s01,69,160,74.33333333333333,-0.6598822474479675,0.356182335230223
TOKYOTECH_s01,69,161,74.36666666666666,0.007993287406861782,0.003165235789886087
TOKYOTECH_s01,69,162,74.4,1.546694040298462,-0.2950826035596678
TOKYOTECH_s01,69,163,74.43333333333334,1.759173035621643,-0.5563155878739532
TOKYOTECH_s01,69,164,74.46666666666667,1.1329585313796997,-0.8033579313680473
TOKYOTECH_s01,69,165,74.5,1.0223088264465332,-1.0417224801512643
TOKYOTECH_s01,69,166,74.53333333333333,0.47343096137046814,-1.2459950662159252
TOKYOTECH_s01,69,167,74.56666666666666,0.15018410980701447,-1.3614141123305779
TOKYOTECH_s01,69,168,74.6,-0.05918409675359726,-1.3216034191819803
TOKYOTECH_s01,69,169,74.63333333333334,-0.1848365217447281,-1.0770393266489489
TOKYOTECH_s01,69,170,74.66666666666667,0.1863323152065277,-0.6235575818611372
TOKYOTECH_s01,69,171,74.7,-0.006615627557039261,-0.018080519316022173
TOKYOTECH_s01,69,172,74.73333333333333,-0.3439595103263855,0.6283950797320353
TOKYOTECH_s01,69,173,74.76666666666667,-0.2655596435070038,1.1815706647640642
TOKYOTECH_s01,69,174,74.8,-0.7963239550590515,1.527068161135315
TOKYOTECH_s01,69,175,74.83333333333333,-1.0890929698944092,1.6072366231615003
TOKYOTECH_s01,69,176,74.86666666666666,-0.9202831983566284,1.4359705598105799
TOKYOTECH_s01,69,177,74.9,-1.235772728919983,1.0870486130449613
TOKYOTECH_s01,69,178,74.93333333333334,-1.2536894083023071,0.6630715082159487
TOKYOTECH_s01,69,179,74.96666666666667,-0.922882080078125,0.25884992181708166
TOKYOTECH_s01,69,180,75.0,-0.6929590106010437,-0.06682458926672241
TOKYOTECH_s01,69,181,75.03333333333333,0.7686412930488586,-0.3020831752341384
TOKYOTECH_s01,69,182,75.06666666666666,1.8436763286590576,-0.4736366062893237
TOKYOTECH_s01,69,183,75.1,1.6094218492507935,-0.6240927008097085
TOKYOTECH_s01,69,184,75.13333333333334,1.104410171508789,-0.7847871404951084
TOKYOTECH_s01,69,185,75.16666666666667,0.49878984689712524,-0.955327293687491
TOKYOTECH_s01,69,186,75.2,0.34895986318588257,-1.0981383862172431
TOKYOTECH_s01,69,187,75.23333333333333,-0.14077350497245789,-1.1504744216657241
TOKYOTECH_s01,69,188,75.26666666666667,-0.354788213968277,-1.0498570151858941
TOKYOTECH_s01,69,189,75.3,0.05693906173110008,-0.76364797636265
TOKYOTECH_s01,69,190,75.33333333333333,-0.07572249323129654,-0.31098367717226216
TOKYOTECH_s01,69,191,75.36666666666666,-0.18330080807209015,0.23323237179070988
TOKYOTECH_s01,69,192,75.4,-0.2009417712688446,0.7567314956799552
TOKYOTECH_s01,69,193,75.43333333333334,-0.7469450831413269,1.1456250173373619
TOKYOTECH_s01,69,194,75.46666666666667,-1.1052769422531128,1.322838774896195
TOKYOTECH_s01,69,195,75.5,-0.8353073596954346,1.271821326933216
TOKYOTECH_s01,69,196,75.53333333333333,-1.00714910030365,1.0357473063328793
TOKYOTECH_s01,69,197,75.56666666666666,-1.4505749940872192,0.6949032057331063
TOKYOTECH_s01,69,198,75.6,-1.254319429397583,0.33407032290161565
TOKYOTECH_s01,69,199,75.63333333333334,-0.807703971862793,0.014108414108180263
TOKYOTECH_s01,69,200,75.66666666666667,-0.027879279106855392,-0.24176335231232346
TOKYOTECH_s01,69,201,75.7,1.0707426071166992,-0.4437261823091788
TOKYOTECH_s01,69,202,75.73333333333333,1.871397852897644,-0.6173804884836896
TOKYOTECH_s01,69,203,75.76666666666667,1.5901269912719727,-0.7811472813679721
TOKYOTECH_s01,69,204,75.8,0.8061283230781555,-0.9290829555366331
TOKYOTECH_s01,69,205,75.83333333333333,0.462365984916687,-1.0265016838198355
TOKYOTECH_s01,69,206,75.86666666666666,0.13876473903656006,-1.0209543700839903
TOKYOTECH_s01,69,207,75.9,-0.43755894899368286,-0.8652247376773616
TOKYOTECH_s01,69,208,75.93333333333334,-0.2276788353919983,-0.5435256938884383
TOKYOTECH_s01,69,209,75.96666666666667,-0.11155568063259125,-0.08917938326846007
TOKYOTECH_s01,69,210,76.0,-0.3302956521511078,0.4161856310388979
TOKYOTECH_s01,69,211,76.03333333333333,-0.09875811636447906,0.8645744053580582
TOKYOTECH_s01,69,212,76.06666666666666,-0.4261789619922638,1.1568026869228056
TOKYOTECH_s01,69,213,76.1,-0.6433438062667847,1.2357438883047203
TOKYOTECH_s01,69,214,76.13333333333334,-0.6418080925941467,1.1035839198945512
TOKYOTECH_s01,69,215,76.16666666666667,-1.2332133054733276,0.8168709325387428
TOKYOTECH_s01,69,216,76.2,-1.3802474737167358,0.46269767353639946
TOKYOTECH_s01,69,217,76.23333333333333,-1.0204192399978638,0.12649524303603182
TOKYOTECH_s01,69,218,76.26666666666667,-0.9862792491912842,-0.13569293747853828
TOKYOTECH_s01,69,219,76.3,-0.20105989277362823,-0.31035738548572545
TOKYOTECH_s01,69,220,76.33333333333333,1.583432912826538,-0.42146568386577765
TOKYOTECH_s01,69,221,76.36666666666666,1.9191622734069824,-0.5109148611818679
TOKYOTECH_s01,69,222,76.4,1.5927653312683105,-0.6134646158960295
TOKYOTECH_s01,69,223,76.43333333333334,1.0332950353622437,-0.7365270224500674
TOKYOTECH_s01,69,224,76.46666666666667,0.25933751463890076,-0.8526206155136554
TOKYOTECH_s01,69,225,76.5,0.0790296345949173,-0.9073649499483983
TOKYOTECH_s01,69,226,76.53333333333333,-0.01008081529289484,-0.8405920009922202
TOKYOTECH_s01,69,227,76.56666666666666,-0.068477101624012,-0.6136062520343398
TOKYOTECH_s01,69,228,76.6,0.25811681151390076,-0.23259263452597284
TOKYOTECH_s01,69,229,76.63333333333334,0.1311255693435669,0.24234834279363296
TOKYOTECH_s01,69,230,76.66666666666667,-0.28284621238708496,0.7097182115881921
TOKYOTECH_s01,69,231,76.7,-0.0634368285536766,1.0593635860669164
TOKYOTECH_s01,69,232,76.73333333333333,-0.3793201744556427,1.2127734691254375
TOKYOTECH_s01,69,233,76.76666666666667,-0.7272958755493164,1.1522761035303417
TOKYOTECH_s01,69,234,76.8,-0.7957333326339722,0.9256708268447411
TOKYOTECH_s01,69,235,76.83333333333333,-1.1018905639648438,0.6250238637528007
TOKYOTECH_s01,69,236,76.86666666666666,-1.3004693984985352,0.3495286443331516
TOKYOTECH_s01,69,237,76.9,-0.5646682977676392,0.16798867142407892
TOKYOTECH_s01,69,238,76.93333333333334,0.26075509190559387,0.09556097086121003
TOKYOTECH_s01,69,239,76.96666666666667,1.5302737951278687,0.09296043546989731
TOKYOTECH_s01,70,0,70.0,1.3276784420013428,-0.029113691799296307
TOKYOTECH_s01,70,1,70.03333333333333,0.7712008357048035,-0.5526738307146228
TOKYOTECH_s01,70,2,70.06666666666666,0.312614768743515,-0.9716939306716761
TOKYOTECH_s01,70,3,70.1,-0.06556319445371628,-1.204296336505898
TOKYOTECH_s01,70,4,70.13333333333334,-0.10305021703243256,-1.2069201566110006
TOKYOTECH_s01,70,5,70.16666666666667,-0.08655120432376862,-0.9866871692818876
TOKYOTECH_s01,70,6,70.2,0.19125445187091827,-0.6029253834810835
TOKYOTECH_s01,70,7,70.23333333333333,0.07016977667808533,-0.15468287995525346
TOKYOTECH_s01,70,8,70.26666666666667,-0.04504770785570145,0.2447973007528058
TOKYOTECH_s01,70,9,70.3,-0.364435613155365,0.5002904127665146
TOKYOTECH_s01,70,10,70.33333333333333,-0.5565172433853149,0.5625955487532912
TOKYOTECH_s01,70,11,70.36666666666666,-0.8707073926925659,0.4414974407727178
TOKYOTECH_s01,70,12,70.4,-0.9807270765304565,0.19899118975064783
TOKYOTECH_s01,70,13,70.43333333333334,-1.0875178575515747,-0.07381099498869548
TOKYOTECH_s01,70,14,70.46666666666667,-1.1521750688552856,-0.28751290389140705
TOKYOTECH_s01,70,15,70.5,-0.679964542388916,-0.3829719637160498
TOKYOTECH_s01,70,16,70.53333333333333,0.738163411617279,-0.3485757768292564
TOKYOTECH_s01,70,17,70.56666666666666,1.8783282041549683,-0.2206371725533168
TOKYOTECH_s01,70,18,70.6,1.7256630659103394,-0.066682368326226
TOKYOTECH_s01,70,19,70.63333333333334,1.1617038249969482,0.04253991475098376
TOKYOTECH_s01,70,20,70.66666666666667,0.7724608778953552,0.06193766711504675
TOKYOTECH_s01,70,21,70.7,0.37175920605659485,-0.009454983957212754
TOKYOTECH_s01,70,22,70.73333333333333,0.1328187882900238,-0.12799388939562775
TOKYOTECH_s01,70,23,70.76666666666667,-0.022996513172984123,-0.22336945872141345
TOKYOTECH_s01,70,24,70.8,0.036502331495285034,-0.2277720646003359
TOKYOTECH_s01,70,25,70.83333333333333,0.18475723266601562,-0.10444890677640009
TOKYOTECH_s01,70,26,70.86666666666666,0.042684540152549744,0.13562411209758204
TOKYOTECH_s01,70,27,70.9,-0.07395052164793015,0.43541792687445763
TOKYOTECH_s01,70,28,70.93333333333334,-0.3968823552131653,0.7115323715542332
TOKYOTECH_s01,70,29,70.96666666666667,-0.5182426571846008,0.8844535003084903
TOKYOTECH_s01,70,30,71.0,-0.7851014733314514,0.9068200046915597
TOKYOTECH_s01,70,31,71.03333333333333,-0.8153825402259827,0.7775871203518163
TOKYOTECH_s01,70,32,71.06666666666666,-0.9543050527572632,0.5371272316120568
TOKYOTECH_s01,70,33,71.1,-0.7969146370887756,0.24751800205562663
TOKYOTECH_s01,70,34,71.13333333333334,-0.5309615135192871,-0.03210081466376672
TOKYOTECH_s01,70,35,71.16666666666667,0.777383029460907,-0.26478815712744
TOKYOTECH_s01,70,36,71.2,1.7947700023651123,-0.4428705680555685
TOKYOTECH_s01,70,37,71.23333333333333,1.6992803812026978,-0.5814048630461316
TOKYOTECH_s01,70,38,71.26666666666667,1.1023625135421753,-0.7018805947593585
TOKYOTECH_s01,70,39,71.3,0.6403899788856506,-0.8136958372135243
TOKYOTECH_s01,70,40,71.33333333333333,0.31312668323516846,-0.9020421442640071
TOKYOTECH_s01,70,41,71.36666666666666,0.13888287544250488,-0.9285575746477973
TOKYOTECH_s01,70,42,71.4,0.20625713467597961,-0.8457939342713203
TOKYOTECH_s01,70,43,71.43333333333334,0.297651469707489,-0.6203812864394105
TOKYOTECH_s01,70,44,71.46666666666667,0.19550718367099762,-0.2553655010686281
TOKYOTECH_s01,70,45,71.5,0.16113094985485077,0.19898246802678626
TOKYOTECH_s01,70,46,71.53333333333333,-0.22551310062408447,0.6536056629973236
TOKYOTECH_s01,70,47,71.56666666666666,-0.4288172125816345,1.008050071471872
TOKYOTECH_s01,70,48,71.6,-0.8666121363639832,1.1858243327917926
TOKYOTECH_s01,70,49,71.63333333333334,-0.8659821152687073,1.1610716266601697
TOKYOTECH_s01,70,50,71.66666666666667,-1.0808237791061401,0.9645012985057358
TOKYOTECH_s01,70,51,71.7,-1.0108505487442017,0.6673510138250612
TOKYOTECH_s01,70,52,71.73333333333333,-0.7997103929519653,0.35174341673585147
TOKYOTECH_s01,70,53,71.76666666666667,-0.6149529218673706,0.08040603303902609
TOKYOTECH_s01,70,54,71.8,0.8501913547515869,-0.12221026730485522
TOKYOTECH_s01,70,55,71.83333333333333,1.8368247747421265,-0.2708199209877792
TOKYOTECH_s01,70,56,71.86666666666666,1.8066225051879883,-0.4032661371320454
TOKYOTECH_s01,70,57,71.9,1.1887558698654175,-0.555435511416592
TOKYOTECH_s01,70,58,71.93333333333334,0.8155394792556763,-0.7382736516044778
TOKYOTECH_s01,70,59,71.96666666666667,0.2182277888059616,-0.9265656929023939
TOKYOTECH_s01,70,60,72.0,0.08788948506116867,-1.0637669944209194
TOKYOTECH_s01,70,61,72.03333333333333,-0.1309686005115509,-1.0809242887326598
TOKYOTECH_s01,70,62,72.06666666666666,0.11198829114437103,-0.923308121024117
TOKYOTECH_s01,70,63,72.1,0.1706995964050293,-0.5759344186473551
TOKYOTECH_s01,70,64,72.13333333333334,0.05674217641353607,-0.0783084020122704
TOKYOTECH_s01,70,65,72.16666666666667,0.07233551889657974,0.479371487587666
TOKYOTECH_s01,70,66,72.2,-0.4656742215156555,0.9804725971606265
TOKYOTECH_s01,70,67,72.23333333333333,-0.5634476542472839,1.319419822925878
TOKYOTECH_s01,70,68,72.26666666666667,-0.7637984752655029,1.4366413435703442
TOKYOTECH_s01,70,69,72.3,-0.7887635827064514,1.3345516624936777
TOKYOTECH_s01,70,70,72.33333333333333,-0.9227245450019836,1.0683388484710319
TOKYOTECH_s01,70,71,72.36666666666666,-1.002620816230774,0.7184990722910551
TOKYOTECH_s01,70,72,72.4,-0.6907145380973816,0.3588941246853736
TOKYOTECH_s01,70,73,72.43333333333334,0.24275973439216614,0.033444961543522486
TOKYOTECH_s01,70,74,72.46666666666667,1.6430498361587524,-0.25044021595554633
TOKYOTECH_s01,70,75,72.5,1.695067048072815,-0.510863051099695
TOKYOTECH_s01,70,76,72.53333333333333,1.372607707977295,-0.7694274272686605
TOKYOTECH_s01,70,77,72.56666666666666,0.8913010954856873,-1.0289872391304504
TOKYOTECH_s01,70,78,72.6,0.6654338836669922,-1.2609176307521304
TOKYOTECH_s01,70,79,72.63333333333334,0.09269349277019501,-1.4072596637011763
TOKYOTECH_s01,70,80,72.66666666666667,-0.08891382813453674,-1.3979580074402929
TOKYOTECH_s01,70,81,72.7,-0.05185995250940323,-1.1783717436586751
TOKYOTECH_s01,70,82,72.73333333333333,-0.09797056764364243,-0.7376358700127008
TOKYOTECH_s01,70,83,72.76666666666667,0.10856247693300247,-0.1258613073101598
TOKYOTECH_s01,70,84,72.8,-0.317773699760437,0.5501009244125911
TOKYOTECH_s01,70,85,72.83333333333333,-0.45571181178092957,1.1546216611710227
TOKYOTECH_s01,70,86,72.86666666666666,-0.5702992677688599,1.5651080302110394
TOKYOTECH_s01,70,87,72.9,-0.9562739133834839,1.709670211008551
TOKYOTECH_s01,70,88,72.93333333333334,-0.9286311268806458,1.5850475447873442
TOKYOTECH_s01,70,89,72.96666666666667,-1.2129340171813965,1.2494921103769971
TOKYOTECH_s01,70,90,73.0,-1.1837949752807617,0.7964254967552987
TOKYOTECH_s01,70,91,73.03333333333333,-0.9362702965736389,0.32135076364414344
TOKYOTECH_s01,70,92,73.06666666666666,-0.45082902908325195,-0.1052332127432222
TOKYOTECH_s01,70,93,73.1,1.2627061605453491,-0.4506563823110963
TOKYOTECH_s01,70,94,73.13333333333334,1.8938428163528442,-0.7165739351657301
TOKYOTECH_s01,70,95,73.16666666666667,1.4934561252593994,-0.922892816963402
TOKYOTECH_s01,70,96,73.2,1.0720421075820923,-1.086997748234718
TOKYOTECH_s01,70,97,73.23333333333333,0.6650007367134094,-1.2072956877473873
TOKYOTECH_s01,70,98,73.26666666666667,0.31891509890556335,-1.2579044146852922
TOKYOTECH_s01,70,99,73.3,-0.2517382800579071,-1.1969055035309548
TOKYOTECH_s01,70,100,73.33333333333333,-0.07946331799030304,-0.9855525961901582
TOKYOTECH_s01,70,101,73.36666666666666,0.1949165314435959,-0.6111810773134008
TOKYOTECH_s01,70,102,73.4,-0.042291309684515,-0.10366957859181236
TOKYOTECH_s01,70,103,73.43333333333334,0.06040424853563309,0.4634276746728634
TOKYOTECH_s01,70,104,73.46666666666667,-0.35608765482902527,0.9896708755297334
TOKYOTECH_s01,70,105,73.5,-0.8423952460289001,1.3766988757315834
TOKYOTECH_s01,70,106,73.53333333333333,-0.6985899209976196,1.5577405678889698
TOKYOTECH_s01,70,107,73.56666666666666,-1.0696799755096436,1.5158259275171966
TOKYOTECH_s01,70,108,73.6,-0.8928373456001282,1.284420928861777
TOKYOTECH_s01,70,109,73.63333333333334,-0.8077827095985413,0.9318864711054358
TOKYOTECH_s01,70,110,73.66666666666667,-1.072554588317871,0.5367727158482376
TOKYOTECH_s01,70,111,73.7,-0.3695152699947357,0.16320447350904904
TOKYOTECH_s01,70,112,73.73333333333333,0.8494825959205627,-0.15515113981432682
TOKYOTECH_s01,70,113,73.76666666666667,1.6346625089645386,-0.41750351350772535
TOKYOTECH_s01,70,114,73.8,1.6015070676803589,-0.6449659130879799
TOKYOTECH_s01,70,115,73.83333333333333,0.942176342010498,-0.8613276081400445
TOKYOTECH_s01,70,116,73.86666666666666,0.7259171605110168,-1.0733778856507918
TOKYOTECH_s01,70,117,73.9,0.2627239525318146,-1.2587144754580604
TOKYOTECH_s01,70,118,73.93333333333334,-0.2783178389072418,-1.3668692686818573
TOKYOTECH_s01,70,119,73.96666666666667,-0.03473090007901192,-1.3351928312902337
TOKYOTECH_s01,70,120,74.0,-0.03142321854829788,-1.1149157813100607
TOKYOTECH_s01,70,121,74.03333333333333,-0.1910187304019928,-0.6975270908303487
TOKYOTECH_s01,70,122,74.06666666666666,-0.06713827699422836,-0.12979151716456808
TOKYOTECH_s01,70,123,74.1,-0.255636602640152,0.4912364620598414
TOKYOTECH_s01,70,124,74.13333333333334,-0.8705892562866211,1.0443079445831
TOKYOTECH_s01,70,125,74.16666666666667,-0.8168001174926758,1.422399597869404
TOKYOTECH_s01,70,126,74.2,-0.6944947242736816,1.566910856245701
TOKYOTECH_s01,70,127,74.23333333333333,-0.9629679918289185,1.4818125821751118
TOKYOTECH_s01,70,128,74.26666666666667,-1.2390016317367554,1.222788288859373
TOKYOTECH_s01,70,129,74.3,-0.9282767176628113,0.8693467960603631
TOKYOTECH_s01,70,130,74.33333333333333,-0.6598822474479675,0.4939317375977183
TOKYOTECH_s01,70,131,74.36666666666666,0.007993287406861782,0.14043757433352366
TOKYOTECH_s01,70,132,74.4,1.546694040298462,-0.18109710893128234
TOKYOTECH_s01,70,133,74.43333333333334,1.759173035621643,-0.4837246322699774
TOKYOTECH_s01,70,134,74.46666666666667,1.1329585313796997,-0.7829478179824867
TOKYOTECH_s01,70,135,74.5,1.0223088264465332,-1.0757878300055304
TOKYOTECH_s01,70,136,74.53333333333333,0.47343096137046814,-1.3288357309120231
TOKYOTECH_s01,70,137,74.56666666666666,0.15018410980701447,-1.4811272322692257
TOKYOTECH_s01,70,138,74.6,-0.05918409675359726,-1.4624257406403758
TOKYOTECH_s01,70,139,74.63333333333334,-0.1848365217447281,-1.2216301065597541
TOKYOTECH_s01,70,140,74.66666666666667,0.1863323152065277,-0.7549877179373341
TOKYOTECH_s01,70,141,74.7,-0.006615627557039261,-0.12156543240686901
TOKYOTECH_s01,70,142,74.73333333333333,-0.3439595103263855,0.5639612510495247
TOKYOTECH_s01,70,143,74.76666666666667,-0.2655596435070038,1.1624554752623864
TOKYOTECH_s01,70,144,74.8,-0.7963239550590515,1.5543930718904702
TOKYOTECH_s01,70,145,74.83333333333333,-1.0890929698944092,1.6778859589034283
TOKYOTECH_s01,70,146,74.86666666666666,-0.9202831983566284,1.5442487362028363
TOKYOTECH_s01,70,147,74.9,-1.235772728919983,1.2257775113305722
TOKYOTECH_s01,70,148,74.93333333333334,-1.2536894083023071,0.8231463637898037
TOKYOTECH_s01,70,149,74.96666666666667,-0.922882080078125,0.42763745324542896
TOKYOTECH_s01,70,150,75.0,-0.6929590106010437,0.0931802454509873
TOKYOTECH_s01,70,151,75.03333333333333,0.7686412930488586,-0.17286783986174095
TOKYOTECH_s01,70,152,75.06666666666666,1.8436763286590576,-0.3989621070715835
TOKYOTECH_s01,70,153,75.1,1.6094218492507935,-0.6244992514308236
TOKYOTECH_s01,70,154,75.13333333333334,1.104410171508789,-0.8717933556529054
TOKYOTECH_s01,70,155,75.16666666666667,0.49878984689712524,-1.1268749140903198
TOKYOTECH_s01,70,156,75.2,0.34895986318588257,-1.3371756742714935
TOKYOTECH_s01,70,157,75.23333333333333,-0.14077350497245789,-1.4273647426882026
TOKYOTECH_s01,70,158,75.26666666666667,-0.354788213968277,-1.327912006994172
TOKYOTECH_s01,70,159,75.3,0.05693906173110008,-1.0061956982701878
TOKYOTECH_s01,70,160,75.33333333333333,-0.07572249323129654,-0.4881612775029042
TOKYOTECH_s01,70,161,75.36666666666666,-0.18330080807209015,0.13953699914386264
TOKYOTECH_s01,70,162,75.4,-0.2009417712688446,0.7509370955274952
TOKYOTECH_s01,70,163,75.43333333333334,-0.7469450831413269,1.2199832242403834
TOKYOTECH_s01,70,164,75.46666666666667,-1.1052769422531128,1.4617806022004962
TOKYOTECH_s01,70,165,75.5,-0.8353073596954346,1.4572507368048258
TOKYOTECH_s01,70,166,75.53333333333333,-1.00714910030365,1.2509074392640658
TOKYOTECH_s01,70,167,75.56666666666666,-1.4505749940872192,0.9252501468122739
TOKYOTECH_s01,70,168,75.6,-1.254319429397583,0.5654801893570632
TOKYOTECH_s01,70,169,75.63333333333334,-0.807703971862793,0.23050098210688783
TOKYOTECH_s01,70,170,75.66666666666667,-0.027879279106855392,-0.0590630981189257
TOKYOTECH_s01,70,171,75.7,1.0707426071166992,-0.313902611718662
TOKYOTECH_s01,70,172,75.73333333333333,1.871397852897644,-0.555998459904465
TOKYOTECH_s01,70,173,75.76666666666667,1.5901269912719727,-0.7956645295048104
TOKYOTECH_s01,70,174,75.8,0.8061283230781555,-1.0158740978116598
TOKYOTECH_s01,70,175,75.83333333333333,0.462365984916687,-1.1707390550766787
TOKYOTECH_s01,70,176,75.86666666666666,0.13876473903656006,-1.1995930161109656
TOKYOTECH_s01,70,177,75.9,-0.43755894899368286,-1.0520558953194157
TOKYOTECH_s01,70,178,75.93333333333334,-0.2276788353919983,-0.7143966794021974
TOKYOTECH_s01,70,179,75.96666666666667,-0.11155568063259125,-0.22552747187298505
TOKYOTECH_s01,70,180,76.0,-0.3302956521511078,0.3263331141157047
TOKYOTECH_s01,70,181,76.03333333333333,-0.09875811636447906,0.8277094874991526
TOKYOTECH_s01,70,182,76.06666666666666,-0.4261789619922638,1.1760845261980704
TOKYOTECH_s01,70,183,76.1,-0.6433438062667847,1.3130825433241111
TOKYOTECH_s01,70,184,76.13333333333334,-0.6418080925941467,1.2405005514179948
TOKYOTECH_s01,70,185,76.16666666666667,-1.2332133054733276,1.0131216370568161
TOKYOTECH_s01,70,186,76.2,-1.3802474737167358,0.7128051528876242
TOKYOTECH_s01,70,187,76.23333333333333,-1.0204192399978638,0.41592211944423335
TOKYOTECH_s01,70,188,76.26666666666667,-0.9862792491912842,0.16740501274550013
TOKYOTECH_s01,70,189,76.3,-0.20105989277362823,-0.029418846207624645
TOKYOTECH_s01,70,190,76.33333333333333,1.583432912826538,-0.20449585644641488
TOKYOTECH_s01,70,191,76.36666666666666,1.9191622734069824,-0.39845979458894876
TOKYOTECH_s01,70,192,76.4,1.5927653312683105,-0.6357554893490588
TOKYOTECH_s01,70,193,76.43333333333334,1.0332950353622437,-0.9051918127994879
TOKYOTECH_s01,70,194,76.46666666666667,0.25933751463890076,-1.1561584399650795
TOKYOTECH_s01,70,195,76.5,0.0790296345949173,-1.312339070931177
TOKYOTECH_s01,70,196,76.53333333333333,-0.01008081529289484,-1.2986305142993453
TOKYOTECH_s01,70,197,76.56666666666666,-0.068477101624012,-1.072355630896191
TOKYOTECH_s01,70,198,76.6,0.25811681151390076,-0.6472286985190767
TOKYOTECH_s01,70,199,76.63333333333334,0.1311255693435669,-0.09910219107581218
TOKYOTECH_s01,70,200,76.66666666666667,-0.28284621238708496,0.45241878463640856
TOKYOTECH_s01,70,201,76.7,-0.0634368285536766,0.8825640996473185
TOKYOTECH_s01,70,202,76.73333333333333,-0.3793201744556427,1.1049452649909148
TOKYOTECH_s01,70,203,76.76666666666667,-0.7272958755493164,1.1002052783494762
TOKYOTECH_s01,70,204,76.8,-0.7957333326339722,0.9170723136665816
TOKYOTECH_s01,70,205,76.83333333333333,-1.1018905639648438,0.6469439601563546
TOKYOTECH_s01,70,206,76.86666666666666,-1.3004693984985352,0.38475876070974313
TOKYOTECH_s01,70,207,76.9,-0.5646682977676392,0.19336679949897045
TOKYOTECH_s01,70,208,76.93333333333334,0.26075509190559387,0.0852733087966307
TOKYOTECH_s01,70,209,76.96666666666667,1.5302737951278687,0.027203959521997164
TOKYOTECH_s01,70,210,77.0,2.003390073776245,-0.0364787940776984
TOKYOTECH_s01,70,211,77.03333333333333,1.539448618888855,-0.15248990925263436
TOKYOTECH_s01,70,212,77.06666666666666,1.108347773551941,-0.3328718155354165
TOKYOTECH_s01,70,213,77.1,0.5581705570220947,-0.5452159754525463
TOKYOTECH_s01,70,214,77.13333333333334,-0.23964948952198029,-0.7222220501192997
TOKYOTECH_s01,70,215,77.16666666666667,-0.011734655126929283,-0.7864174497080283
TOKYOTECH_s01,70,216,77.2,0.09804878383874893,-0.6809888086504258
TOKYOTECH_s01,70,217,77.23333333333333,0.13407886028289795,-0.39565032007775053
TOKYOTECH_s01,70,218,77.26666666666667,0.2144869565963745,0.02301923029786214
TOKYOTECH_s01,70,219,77.3,-0.13904091715812683,0.4826840222180326
TOKYOTECH_s01,70,220,77.33333333333333,-0.2848150432109833,0.8747823049278386
TOKYOTECH_s01,70,221,77.36666666666666,-0.5778990387916565,1.1106978156324017
TOKYOTECH_s01,70,222,77.4,-0.8281013369560242,1.1495209983363839
TOKYOTECH_s01,70,223,77.43333333333334,-0.8125079870223999,1.006563854985084
TOKYOTECH_s01,70,224,77.46666666666667,-1.0780279636383057,0.7412802594447719
TOKYOTECH_s01,70,225,77.5,-0.9250872135162354,0.4321242709423953
TOKYOTECH_s01,70,226,77.53333333333333,-0.5562416315078735,0.1493030467518002
TOKYOTECH_s01,70,227,77.56666666666666,0.48382654786109924,-0.0652571998401577
TOKYOTECH_s01,70,228,77.6,1.9059315919876099,-0.20535631272479588
TOKYOTECH_s01,70,229,77.63333333333334,1.8522605895996094,-0.2946857614248199
TOKYOTECH_s01,70,230,77.66666666666667,1.4271056652069092,-0.3714256325771768
TOKYOTECH_s01,70,231,77.7,0.9904133081436157,-0.46956208560295065
TOKYOTECH_s01,70,232,77.73333333333333,0.4300767481327057,-0.6032208399232245
TOKYOTECH_s01,70,233,77.76666666666667,0.1380559504032135,-0.7588808361926267
TOKYOTECH_s01,70,234,77.8,-0.039219893515110016,-0.8984411148145574
TOKYOTECH_s01,70,235,77.83333333333333,0.22255927324295044,-0.9728103359415501
TOKYOTECH_s01,70,236,77.86666666666666,0.3585284948348999,-0.9408984923264022
TOKYOTECH_s01,70,237,77.9,0.05741158500313759,-0.7859239394105415
TOKYOTECH_s01,70,238,77.93333333333334,-0.04768597334623337,-0.5226217320430258
TOKYOTECH_s01,70,239,77.96666666666667,-0.2046825885772705,-0.1937452092028931
TOKYOTECH_s01,71,0,71.0,-0.7851014733314514,-0.03309498205333874
TOKYOTECH_s01,71,1,71.03333333333333,-0.8153825402259827,-0.33278676317493344
TOKYOTECH_s01,71,2,71.06666666666666,-0.9543050527572632,-0.5697179165462549
TOKYOTECH_s01,71,3,71.1,-0.7969146370887756,-0.6999756271393954
TOKYOTECH_s01,71,4,71.13333333333334,-0.5309615135192871,-0.7093989434634232
TOKYOTECH_s01,71,5,71.16666666666667,0.777383029460907,-0.61858993079209
TOKYOTECH_s01,71,6,71.2,1.7947700023651123,-0.47718382553363975
TOKYOTECH_s01,71,7,71.23333333333333,1.6992803812026978,-0.3477153425175471
TOKYOTECH_s01,71,8,71.26666666666667,1.1023625135421753,-0.28348129850985343
TOKYOTECH_s01,71,9,71.3,0.6403899788856506,-0.30798268300547954
TOKYOTECH_s01,71,10,71.33333333333333,0.31312668323516846,-0.40424617755111236
TOKYOTECH_s01,71,11,71.36666666666666,0.13888287544250488,-0.519450093282778
TOKYOTECH_s01,71,12,71.4,0.20625713467597961,-0.584296811399237
TOKYOTECH_s01,71,13,71.43333333333334,0.297651469707489,-0.5402832413469789
TOKYOTECH_s01,71,14,71.46666666666667,0.19550718367099762,-0.3644552728518342
TOKYOTECH_s01,71,15,71.5,0.16113094985485077,-0.0814783115209749
TOKYOTECH_s01,71,16,71.53333333333333,-0.22551310062408447,0.24312613204778416
TOKYOTECH_s01,71,17,71.56666666666666,-0.4288172125816345,0.5271310428022694
TOKYOTECH_s01,71,18,71.6,-0.8666121363639832,0.7029205275235744
TOKYOTECH_s01,71,19,71.63333333333334,-0.8659821152687073,0.7416913271068755
TOKYOTECH_s01,71,20,71.66666666666667,-1.0808237791061401,0.6605113610098973
TOKYOTECH_s01,71,21,71.7,-1.0108505487442017,0.5109767630319196
TOKYOTECH_s01,71,22,71.73333333333333,-0.7997103929519653,0.3555785619849697
TOKYOTECH_s01,71,23,71.76666666666667,-0.6149529218673706,0.24171347502282095
TOKYOTECH_s01,71,24,71.8,0.8501913547515869,0.18362020596276935
TOKYOTECH_s01,71,25,71.83333333333333,1.8368247747421265,0.15934618508239956
TOKYOTECH_s01,71,26,71.86666666666666,1.8066225051879883,0.1238066806761435
TOKYOTECH_s01,71,27,71.9,1.1887558698654175,0.032309185034918066
TOKYOTECH_s01,71,28,71.93333333333334,0.8155394792556763,-0.1355917376696039
TOKYOTECH_s01,71,29,71.96666666666667,0.2182277888059616,-0.3621431464439279
TOKYOTECH_s01,71,30,72.0,0.08788948506116867,-0.5930805721463621
TOKYOTECH_s01,71,31,72.03333333333333,-0.1309686005115509,-0.7542958734658473
TOKYOTECH_s01,71,32,72.06666666666666,0.11198829114437103,-0.7776485214742836
TOKYOTECH_s01,71,33,72.1,0.1706995964050293,-0.6271271371085503
TOKYOTECH_s01,71,34,72.13333333333334,0.05674217641353607,-0.3158929041364314
TOKYOTECH_s01,71,35,72.16666666666667,0.07233551889657974,0.09317858136138096
TOKYOTECH_s01,71,36,72.2,-0.4656742215156555,0.505630746331763
TOKYOTECH_s01,71,37,72.23333333333333,-0.5634476542472839,0.826633219423383
TOKYOTECH_s01,71,38,72.26666666666667,-0.7637984752655029,0.9922906351032592
TOKYOTECH_s01,71,39,72.3,-0.7887635827064514,0.9869788697014553
TOKYOTECH_s01,71,40,72.33333333333333,-0.9227245450019836,0.840345426960741
TOKYOTECH_s01,71,41,72.36666666666666,-1.002620816230774,0.6081982370949909
TOKYOTECH_s01,71,42,72.4,-0.6907145380973816,0.3476099456404766
TOKYOTECH_s01,71,43,72.43333333333334,0.24275973439216614,0.09687975297051143
TOKYOTECH_s01,71,44,72.46666666666667,1.6430498361587524,-0.1324077031768642
TOKYOTECH_s01,71,45,72.5,1.695067048072815,-0.3494927119506801
TOKYOTECH_s01,71,46,72.53333333333333,1.372607707977295,-0.5688731791504984
TOKYOTECH_s01,71,47,72.56666666666666,0.8913010954856873,-0.7928920439764194
TOKYOTECH_s01,71,48,72.6,0.6654338836669922,-1.0002334923329281
TOKYOTECH_s01,71,49,72.63333333333334,0.09269349277019501,-1.145334122860527
TOKYOTECH_s01,71,50,72.66666666666667,-0.08891382813453674,-1.1700799321106616
TOKYOTECH_s01,71,51,72.7,-0.05185995250940323,-1.0251121245862944
TOKYOTECH_s01,71,52,72.73333333333333,-0.09797056764364243,-0.6938604358283232
TOKYOTECH_s01,71,53,72.76666666666667,0.10856247693300247,-0.20935177568626315
TOKYOTECH_s01,71,54,72.8,-0.317773699760437,0.34587774401685956
TOKYOTECH_s01,71,55,72.83333333333333,-0.45571181178092957,0.8604109089230572
TOKYOTECH_s01,71,56,72.86666666666666,-0.5702992677688599,1.2281762172599529
TOKYOTECH_s01,71,57,72.9,-0.9562739133834839,1.3814730172944067
TOKYOTECH_s01,71,58,72.93333333333334,-0.9286311268806458,1.3090133321818411
TOKYOTECH_s01,71,59,72.96666666666667,-1.2129340171813965,1.0531786788339839
TOKYOTECH_s01,71,60,73.0,-1.1837949752807617,0.6898613823507187
TOKYOTECH_s01,71,61,73.03333333333333,-0.9362702965736389,0.30047294446046835
TOKYOTECH_s01,71,62,73.06666666666666,-0.45082902908325195,-0.052798890610164795
TOKYOTECH_s01,71,63,73.1,1.2627061605453491,-0.340156407038704
TOKYOTECH_s01,71,64,73.13333333333334,1.8938428163528442,-0.5626830198302308
TOKYOTECH_s01,71,65,73.16666666666667,1.4934561252593994,-0.7387803697611068
TOKYOTECH_s01,71,66,73.2,1.0720421075820923,-0.8854980292261057
TOKYOTECH_s01,71,67,73.23333333333333,0.6650007367134094,-1.003039494941505
TOKYOTECH_s01,71,68,73.26666666666667,0.31891509890556335,-1.068728663299015
TOKYOTECH_s01,71,69,73.3,-0.2517382800579071,-1.0429175433906308
TOKYOTECH_s01,71,70,73.33333333333333,-0.07946331799030304,-0.8853515815534252
TOKYOTECH_s01,71,71,73.36666666666666,0.1949165314435959,-0.5765235513127642
TOKYOTECH_s01,71,72,73.4,-0.042291309684515,-0.13510901829817787
TOKYOTECH_s01,71,73,73.43333333333334,0.06040424853563309,0.3776178232022156
TOKYOTECH_s01,71,74,73.46666666666667,-0.35608765482902527,0.8706066698762723
TOKYOTECH_s01,71,75,73.5,-0.8423952460289001,1.2492916102115108
TOKYOTECH_s01,71,76,73.53333333333333,-0.6985899209976196,1.4445981882004313
TOKYOTECH_s01,71,77,73.56666666666666,-1.0696799755096436,1.4324926892858687
TOKYOTECH_s01,71,78,73.6,-0.8928373456001282,1.236942277619344
TOKYOTECH_s01,71,79,73.63333333333334,-0.8077827095985413,0.9169581872654816
TOKYOTECH_s01,71,80,73.66666666666667,-1.072554588317871,0.5441495582148463
TOKYOTECH_s01,71,81,73.7,-0.3695152699947357,0.17953318581993832
TOKYOTECH_s01,71,82,73.73333333333333,0.8494825959205627,-0.14223262957785893
TOKYOTECH_s01,71,83,73.76666666666667,1.6346625089645386,-0.41611532636732307
TOKYOTECH_s01,71,84,73.8,1.6015070676803589,-0.6572414826496118
TOKYOTECH_s01,71,85,73.83333333333333,0.942176342010498,-0.8832391404632711
TOKYOTECH_s01,71,86,73.86666666666666,0.7259171605110168,-1.0958774659291384
TOKYOTECH_s01,71,87,73.9,0.2627239525318146,-1.2699359596592017
TOKYOTECH_s01,71,88,73.93333333333334,-0.2783178389072418,-1.3551392307959336
TOKYOTECH_s01,71,89,73.96666666666667,-0.03473090007901192,-1.2924398358413471
TOKYOTECH_s01,71,90,74.0,-0.03142321854829788,-1.039831971446193
TOKYOTECH_s01,71,91,74.03333333333333,-0.1910187304019928,-0.5975205696544674
TOKYOTECH_s01,71,92,74.06666666666666,-0.06713827699422836,-0.020452435773841295
TOKYOTECH_s01,71,93,74.1,-0.255636602640152,0.5899882685293049
TOKYOTECH_s01,71,94,74.13333333333334,-0.8705892562866211,1.1143689502539489
TOKYOTECH_s01,71,95,74.16666666666667,-0.8168001174926758,1.4529215888026688
TOKYOTECH_s01,71,96,74.2,-0.6944947242736816,1.5562485241893658
TOKYOTECH_s01,71,97,74.23333333333333,-0.9629679918289185,1.4355911986533985
TOKYOTECH_s01,71,98,74.26666666666667,-1.2390016317367554,1.149901598369268
TOKYOTECH_s01,71,99,74.3,-0.9282767176628113,0.778236902077408
TOKYOTECH_s01,71,100,74.33333333333333,-0.6598822474479675,0.3908411781995032
TOKYOTECH_s01,71,101,74.36666666666666,0.007993287406861782,0.030169624353694365
TOKYOTECH_s01,71,102,74.4,1.546694040298462,-0.292712203023927
TOKYOTECH_s01,71,103,74.43333333333334,1.759173035621643,-0.587464044734396
TOKYOTECH_s01,71,104,74.46666666666667,1.1329585313796997,-0.8657460803831922
TOKYOTECH_s01,71,105,74.5,1.0223088264465332,-1.1229931160820297
TOKYOTECH_s01,71,106,74.53333333333333,0.47343096137046814,-1.3285656332981712
TOKYOTECH_s01,71,107,74.56666666666666,0.15018410980701447,-1.429038356343947
TOKYOTECH_s01,71,108,74.6,-0.05918409675359726,-1.3648308220005738
TOKYOTECH_s01,71,109,74.63333333333334,-0.1848365217447281,-1.0953552213858382
TOKYOTECH_s01,71,110,74.66666666666667,0.1863323152065277,-0.6235485024282331
TOKYOTECH_s01,71,111,74.7,-0.006615627557039261,-0.008676381449173516
TOKYOTECH_s01,71,112,74.73333333333333,-0.3439595103263855,0.641463761190412
TOKYOTECH_s01,71,113,74.76666666666667,-0.2655596435070038,1.1997503244683305
TOKYOTECH_s01,71,114,74.8,-0.7963239550590515,1.559532315454715
TOKYOTECH_s01,71,115,74.83333333333333,-1.0890929698944092,1.6672767143455236
TOKYOTECH_s01,71,116,74.86666666666666,-0.9202831983566284,1.5342392758648822
TOKYOTECH_s01,71,117,74.9,-1.235772728919983,1.2243573052297714
TOKYOTECH_s01,71,118,74.93333333333334,-1.2536894083023071,0.8259931989807676
TOKYOTECH_s01,71,119,74.96666666666667,-0.922882080078125,0.4203497593968298
TOKYOTECH_s01,71,120,75.0,-0.6929590106010437,0.058434630256783596
TOKYOTECH_s01,71,121,75.03333333333333,0.7686412930488586,-0.24652883066203812
TOKYOTECH_s01,71,122,75.06666666666666,1.8436763286590576,-0.5104484850312797
TOKYOTECH_s01,71,123,75.1,1.6094218492507935,-0.7583060420941202
TOKYOTECH_s01,71,124,75.13333333333334,1.104410171508789,-1.0016081103475551
TOKYOTECH_s01,71,125,75.16666666666667,0.49878984689712524,-1.223133598651876
TOKYOTECH_s01,71,126,75.2,0.34895986318588257,-1.375700987596837
TOKYOTECH_s01,71,127,75.23333333333333,-0.14077350497245789,-1.3961800593075024
TOKYOTECH_s01,71,128,75.26666666666667,-0.354788213968277,-1.2303086761302497
TOKYOTECH_s01,71,129,75.3,0.05693906173110008,-0.8594760513202837
TOKYOTECH_s01,71,130,75.33333333333333,-0.07572249323129654,-0.31861127146751095
TOKYOTECH_s01,71,131,75.36666666666666,-0.18330080807209015,0.3039993248189154
TOKYOTECH_s01,71,132,75.4,-0.2009417712688446,0.888120781457608
TOKYOTECH_s01,71,133,75.43333333333334,-0.7469450831413269,1.3180565260919357
TOKYOTECH_s01,71,134,75.46666666666667,-1.1052769422531128,1.5193206603990346
TOKYOTECH_s01,71,135,75.5,-0.8353073596954346,1.4790079388188169
TOKYOTECH_s01,71,136,75.53333333333333,-1.00714910030365,1.241826361330425
TOKYOTECH_s01,71,137,75.56666666666666,-1.4505749940872192,0.8861533343466346
TOKYOTECH_s01,71,138,75.6,-1.254319429397583,0.49258602832365006
TOKYOTECH_s01,71,139,75.63333333333334,-0.807703971862793,0.1184787026695347
TOKYOTECH_s01,71,140,75.66666666666667,-0.027879279106855392,-0.212649952483757
TOKYOTECH_s01,71,141,75.7,1.0707426071166992,-0.5051257564300076
TOKYOTECH_s01,71,142,75.73333333333333,1.871397852897644,-0.7733933209290536
TOKYOTECH_s01,71,143,75.76666666666667,1.5901269912719727,-1.021365846361966
TOKYOTECH_s01,71,144,75.8,0.8061283230781555,-1.2282372377658624
TOKYOTECH_s01,71,145,75.83333333333333,0.462365984916687,-1.3474525220058615
TOKYOTECH_s01,71,146,75.86666666666666,0.13876473903656006,-1.3204737039810597
TOKYOTECH_s01,71,147,75.9,-0.43755894899368286,-1.101080724077284
TOKYOTECH_s01,71,148,75.93333333333334,-0.2276788353919983,-0.6810441097751925
TOKYOTECH_s01,71,149,75.96666666666667,-0.11155568063259125,-0.1058397352245212
TOKYOTECH_s01,71,150,76.0,-0.3302956521511078,0.5288153436706039
TOKYOTECH_s01,71,151,76.03333333333333,-0.09875811636447906,1.1014420672269751
TOKYOTECH_s01,71,152,76.06666666666666,-0.4261789619922638,1.5015844616247769
TOKYOTECH_s01,71,153,76.1,-0.6433438062667847,1.6632344322513262
TOKYOTECH_s01,71,154,76.13333333333334,-0.6418080925941467,1.581109632556446
TOKYOTECH_s01,71,155,76.16666666666667,-1.2332133054733276,1.3047131262687113
TOKYOTECH_s01,71,156,76.2,-1.3802474737167358,0.9149419518665138
TOKYOTECH_s01,71,157,76.23333333333333,-1.0204192399978638,0.494283099323438
TOKYOTECH_s01,71,158,76.26666666666667,-0.9862792491912842,0.1022793701324913
TOKYOTECH_s01,71,159,76.3,-0.20105989277362823,-0.2358650867793494
TOKYOTECH_s01,71,160,76.33333333333333,1.583432912826538,-0.5253333689809015
TOKYOTECH_s01,71,161,76.36666666666666,1.9191622734069824,-0.7857077466940462
TOKYOTECH_s01,71,162,76.4,1.5927653312683105,-1.0302566690472965
TOKYOTECH_s01,71,163,76.43333333333334,1.0332950353622437,-1.2492625588922246
TOKYOTECH_s01,71,164,76.46666666666667,0.25933751463890076,-1.404640909870998
TOKYOTECH_s01,71,165,76.5,0.0790296345949173,-1.439067745944525
TOKYOTECH_s01,71,166,76.53333333333333,-0.01008081529289484,-1.2974363643668416
TOKYOTECH_s01,71,167,76.56666666666666,-0.068477101624012,-0.9533183305866249
TOKYOTECH_s01,71,168,76.6,0.25811681151390076,-0.42993232786717617
TOKYOTECH_s01,71,169,76.63333333333334,0.1311255693435669,0.19467837573014285
TOKYOTECH_s01,71,170,76.66666666666667,-0.28284621238708496,0.8040196501761431
TOKYOTECH_s01,71,171,76.7,-0.0634368285536766,1.2776600722265947
TOKYOTECH_s01,71,172,76.73333333333333,-0.3793201744556427,1.5298893415212014
TOKYOTECH_s01,71,173,76.76666666666667,-0.7272958755493164,1.5347248023416522
TOKYOTECH_s01,71,174,76.8,-0.7957333326339722,1.3270659695715563
TOKYOTECH_s01,71,175,76.83333333333333,-1.1018905639648438,0.9824075395271192
TOKYOTECH_s01,71,176,76.86666666666666,-1.3004693984985352,0.5861014742676137
TOKYOTECH_s01,71,177,76.9,-0.5646682977676392,0.20518895897940462
TOKYOTECH_s01,71,178,76.93333333333334,0.26075509190559387,-0.12709407221966737
TOKYOTECH_s01,71,179,76.96666666666667,1.5302737951278687,-0.41003637198066084
TOKYOTECH_s01,71,180,77.0,2.003390073776245,-0.6602512438820399
TOKYOTECH_s01,71,181,77.03333333333333,1.539448618888855,-0.8906916454058184
TOKYOTECH_s01,71,182,77.06666666666666,1.108347773551941,-1.0936507084544782
TOKYOTECH_s01,71,183,77.1,0.5581705570220947,-1.235208173703504
TOKYOTECH_s01,71,184,77.13333333333334,-0.23964948952198029,-1.263609782389776
TOKYOTECH_s01,71,185,77.16666666666667,-0.011734655126929283,-1.1288225832482954
TOKYOTECH_s01,71,186,77.2,0.09804878383874893,-0.8067390728522662
TOKYOTECH_s01,71,187,77.23333333333333,0.13407886028289795,-0.31892588049427323
TOKYOTECH_s01,71,188,77.26666666666667,0.2144869565963745,0.2621185709133275
TOKYOTECH_s01,71,189,77.3,-0.13904091715812683,0.828114722903869
TOKYOTECH_s01,71,190,77.33333333333333,-0.2848150432109833,1.266519544929794
TOKYOTECH_s01,71,191,77.36666666666666,-0.5778990387916565,1.4951379412223094
TOKYOTECH_s01,71,192,77.4,-0.8281013369560242,1.485054315031754
TOKYOTECH_s01,71,193,77.43333333333334,-0.8125079870223999,1.263536773472655
TOKYOTECH_s01,71,194,77.46666666666667,-1.0780279636383057,0.8983362034552468
TOKYOTECH_s01,71,195,77.5,-0.9250872135162354,0.4722331705965415
TOKYOTECH_s01,71,196,77.53333333333333,-0.5562416315078735,0.058379384068928
TOKYOTECH_s01,71,197,77.56666666666666,0.48382654786109924,-0.29575630527187596
TOKYOTECH_s01,71,198,77.6,1.9059315919876099,-0.5722176844250955
TOKYOTECH_s01,71,199,77.63333333333334,1.8522605895996094,-0.7749551856502913
TOKYOTECH_s01,71,200,77.66666666666667,1.4271056652069092,-0.9155637058797035
TOKYOTECH_s01,71,201,77.7,0.9904133081436157,-0.9991827396338406
TOKYOTECH_s01,71,202,77.73333333333333,0.4300767481327057,-1.0165263744634936
TOKYOTECH_s01,71,203,77.76666666666667,0.1380559504032135,-0.9453328508141334
TOKYOTECH_s01,71,204,77.8,-0.039219893515110016,-0.7613406373842091
TOKYOTECH_s01,71,205,77.83333333333333,0.22255927324295044,-0.45512823248023276
TOKYOTECH_s01,71,206,77.86666666666666,0.3585284948348999,-0.04730293762345897
TOKYOTECH_s01,71,207,77.9,0.05741158500313759,0.4065781040696806
TOKYOTECH_s01,71,208,77.93333333333334,-0.04768597334623337,0.8261485468520953
TOKYOTECH_s01,71,209,77.96666666666667,-0.2046825885772705,1.1289191984722453
TOKYOTECH_s01,71,210,78.0,-0.7106786966323853,1.2561485451014656
TOKYOTECH_s01,71,211,78.03333333333333,-0.756553053855896,1.190568834859497
TOKYOTECH_s01,71,212,78.06666666666666,-0.6496441960334778,0.9591180172534576
TOKYOTECH_s01,71,213,78.1,-0.935128390789032,0.6211249897863176
TOKYOTECH_s01,71,214,78.13333333333334,-0.9656062722206116,0.24779281885515678
TOKYOTECH_s01,71,215,78.16666666666667,-0.4163346588611603,-0.09912763184900975
TOKYOTECH_s01,71,216,78.2,0.6199532747268677,-0.38232014621882265
TOKYOTECH_s01,71,217,78.23333333333333,1.5860711336135864,-0.5932891036240673
TOKYOTECH_s01,71,218,78.26666666666667,1.920304298400879,-0.7459901277898182
TOKYOTECH_s01,71,219,78.3,1.317637324333191,-0.8631612417512782
TOKYOTECH_s01,71,220,78.33333333333333,0.6730336546897888,-0.960718591084169
TOKYOTECH_s01,71,221,78.36666666666666,0.5303308963775635,-1.0359593648684438
TOKYOTECH_s01,71,222,78.4,0.22752079367637634,-1.0645261656963927
TOKYOTECH_s01,71,223,78.43333333333334,-0.13530008494853973,-1.0085469591687128
TOKYOTECH_s01,71,224,78.46666666666667,-0.027682391926646233,-0.8339608526408182
TOKYOTECH_s01,71,225,78.5,0.38262730836868286,-0.5305065243814654
TOKYOTECH_s01,71,226,78.53333333333333,0.17282596230506897,-0.12553361472991645
TOKYOTECH_s01,71,227,78.56666666666666,-0.30536991357803345,0.3158987611170823
TOKYOTECH_s01,71,228,78.6,-0.5532096028327942,0.7071468427129841
TOKYOTECH_s01,71,229,78.63333333333334,-0.5464367270469666,0.9673785545027233
TOKYOTECH_s01,71,230,78.66666666666667,-0.6915808320045471,1.0486874608349241
TOKYOTECH_s01,71,231,78.7,-1.1041743755340576,0.9507595775437168
TOKYOTECH_s01,71,232,78.73333333333333,-1.0786974430084229,0.7180051728291424
TOKYOTECH_s01,71,233,78.76666666666667,-0.7337537407875061,0.42297436169297625
TOKYOTECH_s01,71,234,78.8,-0.5808523297309875,0.14411669765307816
TOKYOTECH_s01,71,235,78.83333333333333,0.2741433084011078,-0.054569305292649715
TOKYOTECH_s01,71,236,78.86666666666666,1.7241274118423462,-0.1368856926023397
TOKYOTECH_s01,71,237,78.9,1.9687775373458862,-0.09876931811938088
TOKYOTECH_s01,71,238,78.93333333333334,1.2284480333328247,0.03525081540174682
TOKYOTECH_s01,71,239,78.96666666666667,0.9631249904632568,0.2204439135337885
TOKYOTECH_s01,72,0,72.0,0.08788948506116867,0.07750510227191387
TOKYOTECH_s01,72,1,72.03333333333333,-0.1309686005115509,-0.15139022948002023
TOKYOTECH_s01,72,2,72.06666666666666,0.11198829114437103,-0.29780260796939995
TOKYOTECH_s01,72,3,72.1,0.1706995964050293,-0.306163569695723
TOKYOTECH_s01,72,4,72.13333333333334,0.05674217641353607,-0.1683097241148379
TOKYOTECH_s01,72,5,72.16666666666667,0.07233551889657974,0.07368138037212683
TOKYOTECH_s01,72,6,72.2,-0.4656742215156555,0.34319543526441526
TOKYOTECH_s01,72,7,72.23333333333333,-0.5634476542472839,0.5581251182190692
TOKYOTECH_s01,72,8,72.26666666666667,-0.7637984752655029,0.6608555142372871
TOKYOTECH_s01,72,9,72.3,-0.7887635827064514,0.6356390541731226
TOKYOTECH_s01,72,10,72.33333333333333,-0.9227245450019836,0.5069040385525125
TOKYOTECH_s01,72,11,72.36666666666666,-1.002620816230774,0.3220364916402379
TOKYOTECH_s01,72,12,72.4,-0.6907145380973816,0.12832961701388626
TOKYOTECH_s01,72,13,72.43333333333334,0.24275973439216614,-0.04544702915688911
TOKYOTECH_s01,72,14,72.46666666666667,1.6430498361587524,-0.19556708370312292
TOKYOTECH_s01,72,15,72.5,1.695067048072815,-0.3363901534327409
TOKYOTECH_s01,72,16,72.53333333333333,1.372607707977295,-0.4846732572282834
TOKYOTECH_s01,72,17,72.56666666666666,0.8913010954856873,-0.6434641478815537
TOKYOTECH_s01,72,18,72.6,0.6654338836669922,-0.7928638494376445
TOKYOTECH_s01,72,19,72.63333333333334,0.09269349277019501,-0.8912985886953072
TOKYOTECH_s01,72,20,72.66666666666667,-0.08891382813453674,-0.8873948996456827
TOKYOTECH_s01,72,21,72.7,-0.05185995250940323,-0.739410504856543
TOKYOTECH_s01,72,22,72.73333333333333,-0.09797056764364243,-0.436013596174497
TOKYOTECH_s01,72,23,72.76666666666667,0.10856247693300247,-0.009904849621304865
TOKYOTECH_s01,72,24,72.8,-0.317773699760437,0.46373890785792693
TOKYOTECH_s01,72,25,72.83333333333333,-0.45571181178092957,0.8867260306747492
TOKYOTECH_s01,72,26,72.86666666666666,-0.5702992677688599,1.1688175081226595
TOKYOTECH_s01,72,27,72.9,-0.9562739133834839,1.256879811196654
TOKYOTECH_s01,72,28,72.93333333333334,-0.9286311268806458,1.1495650459876534
TOKYOTECH_s01,72,29,72.96666666666667,-1.2129340171813965,0.8922118654347598
TOKYOTECH_s01,72,30,73.0,-1.1837949752807617,0.5559366323078233
TOKYOTECH_s01,72,31,73.03333333333333,-0.9362702965736389,0.21116021772118884
TOKYOTECH_s01,72,32,73.06666666666666,-0.45082902908325195,-0.0935659567319872
TOKYOTECH_s01,72,33,73.1,1.2627061605453491,-0.34044851647438756
TOKYOTECH_s01,72,34,73.13333333333334,1.8938428163528442,-0.5376028654347441
TOKYOTECH_s01,72,35,73.16666666666667,1.4934561252593994,-0.7042018796150571
TOKYOTECH_s01,72,36,73.2,1.0720421075820923,-0.8528355795410171
TOKYOTECH_s01,72,37,73.23333333333333,0.6650007367134094,-0.9768179726239424
TOKYOTECH_s01,72,38,73.26666666666667,0.31891509890556335,-1.047581731246506
TOKYOTECH_s01,72,39,73.3,-0.2517382800579071,-1.0232217058236464
TOKYOTECH_s01,72,40,73.33333333333333,-0.07946331799030304,-0.8654735840410713
TOKYOTECH_s01,72,41,73.36666666666666,0.1949165314435959,-0.5593382273040095
TOKYOTECH_s01,72,42,73.4,-0.042291309684515,-0.12752101342135047
TOKYOTECH_s01,72,43,73.43333333333334,0.06040424853563309,0.3675912852724522
TOKYOTECH_s01,72,44,73.46666666666667,-0.35608765482902527,0.8374511732472284
TOKYOTECH_s01,72,45,73.5,-0.8423952460289001,1.1925896745748108
TOKYOTECH_s01,72,46,73.53333333333333,-0.6985899209976196,1.3695814658901975
TOKYOTECH_s01,72,47,73.56666666666666,-1.0696799755096436,1.3483872930828136
TOKYOTECH_s01,72,48,73.6,-0.8928373456001282,1.1538182688377023
TOKYOTECH_s01,72,49,73.63333333333334,-0.8077827095985413,0.8424470593203681
TOKYOTECH_s01,72,50,73.66666666666667,-1.072554588317871,0.48144517525656305
TOKYOTECH_s01,72,51,73.7,-0.3695152699947357,0.12750772674472502
TOKYOTECH_s01,72,52,73.73333333333333,0.8494825959205627,-0.18683807409167769
TOKYOTECH_s01,72,53,73.76666666666667,1.6346625089645386,-0.45531466247675817
TOKYOTECH_s01,72,54,73.8,1.6015070676803589,-0.6887708791036345
TOKYOTECH_s01,72,55,73.83333333333333,0.942176342010498,-0.8995142004245246
TOKYOTECH_s01,72,56,73.86666666666666,0.7259171605110168,-1.085881964330496
TOKYOTECH_s01,72,57,73.9,0.2627239525318146,-1.2236596553120147
TOKYOTECH_s01,72,58,73.93333333333334,-0.2783178389072418,-1.2689055098321511
TOKYOTECH_s01,72,59,73.96666666666667,-0.03473090007901192,-1.1727889608146185
TOKYOTECH_s01,72,60,74.0,-0.03142321854829788,-0.9038164338563532
TOKYOTECH_s01,72,61,74.03333333333333,-0.1910187304019928,-0.4685496822737218
TOKYOTECH_s01,72,62,74.06666666666666,-0.06713827699422836,0.07896046426959019
TOKYOTECH_s01,72,63,74.1,-0.255636602640152,0.6453742573231924
TOKYOTECH_s01,72,64,74.13333333333334,-0.8705892562866211,1.1232853825651616
TOKYOTECH_s01,72,65,74.16666666666667,-0.8168001174926758,1.4246302527043
TOKYOTECH_s01,72,66,74.2,-0.6944947242736816,1.5078472112280037
TOKYOTECH_s01,72,67,74.23333333333333,-0.9629679918289185,1.386255896556215
TOKYOTECH_s01,72,68,74.26666666666667,-1.2390016317367554,1.1152090370390064
TOKYOTECH_s01,72,69,74.3,-0.9282767176628113,0.7664401443116895
TOKYOTECH_s01,72,70,74.33333333333333,-0.6598822474479675,0.4021107590425059
TOKYOTECH_s01,72,71,74.36666666666666,0.007993287406861782,0.05844108378164337
TOKYOTECH_s01,72,72,74.4,1.546694040298462,-0.25661378926746997
TOKYOTECH_s01,72,73,74.43333333333334,1.759173035621643,-0.5528312397196093
TOKYOTECH_s01,72,74,74.46666666666667,1.1329585313796997,-0.839999360461273
TOKYOTECH_s01,72,75,74.5,1.0223088264465332,-1.110920835045358
TOKYOTECH_s01,72,76,74.53333333333333,0.47343096137046814,-1.3325928702973433
TOKYOTECH_s01,72,77,74.56666666666666,0.15018410980701447,-1.450113025630795
TOKYOTECH_s01,72,78,74.6,-0.05918409675359726,-1.40335537762399
TOKYOTECH_s01,72,79,74.63333333333334,-0.1848365217447281,-1.151528113760373
TOKYOTECH_s01,72,80,74.66666666666667,0.1863323152065277,-0.6967458500816838
TOKYOTECH_s01,72,81,74.7,-0.006615627557039261,-0.096112421443715
TOKYOTECH_s01,72,82,74.73333333333333,-0.3439595103263855,0.5459522053978311
TOKYOTECH_s01,72,83,74.76666666666667,-0.2655596435070038,1.1058226859590636
TOKYOTECH_s01,72,84,74.8,-0.7963239550590515,1.478976351804518
TOKYOTECH_s01,72,85,74.83333333333333,-1.0890929698944092,1.6116471298868087
TOKYOTECH_s01,72,86,74.86666666666666,-0.9202831983566284,1.5124348318833398
TOKYOTECH_s01,72,87,74.9,-1.235772728919983,1.2408640195939316
TOKYOTECH_s01,72,88,74.93333333333334,-1.2536894083023071,0.8801074911261988
TOKYOTECH_s01,72,89,74.96666666666667,-0.922882080078125,0.5063996169474101
TOKYOTECH_s01,72,90,75.0,-0.6929590106010437,0.16681330555061288
TOKYOTECH_s01,72,91,75.03333333333333,0.7686412930488586,-0.12785325254431987
TOKYOTECH_s01,72,92,75.06666666666666,1.8436763286590576,-0.39431280075969316
TOKYOTECH_s01,72,93,75.1,1.6094218492507935,-0.6568652239669092
TOKYOTECH_s01,72,94,75.13333333333334,1.104410171508789,-0.9250468434080722
TOKYOTECH_s01,72,95,75.16666666666667,0.49878984689712524,-1.1785678056452513
TOKYOTECH_s01,72,96,75.2,0.34895986318588257,-1.3663818197397695
TOKYOTECH_s01,72,97,75.23333333333333,-0.14077350497245789,-1.4212345935320303
TOKYOTECH_s01,72,98,75.26666666666667,-0.354788213968277,-1.2850948867771617
TOKYOTECH_s01,72,99,75.3,0.05693906173110008,-0.9363327734592078
TOKYOTECH_s01,72,100,75.33333333333333,-0.07572249323129654,-0.4077648172581506
TOKYOTECH_s01,72,101,75.36666666666666,-0.18330080807209015,0.21337633005594067
TOKYOTECH_s01,72,102,75.4,-0.2009417712688446,0.8066468707036043
TOKYOTECH_s01,72,103,75.43333333333334,-0.7469450831413269,1.2548041420522271
TOKYOTECH_s01,72,104,75.46666666666667,-1.1052769422531128,1.4806069269740878
TOKYOTECH_s01,72,105,75.5,-0.8353073596954346,1.4674691138793008
TOKYOTECH_s01,72,106,75.53333333333333,-1.00714910030365,1.2560592109322515
TOKYOTECH_s01,72,107,75.56666666666666,-1.4505749940872192,0.9213573822157922
TOKYOTECH_s01,72,108,75.6,-1.254319429397583,0.5423139892645675
TOKYOTECH_s01,72,109,75.63333333333334,-0.807703971862793,0.176865820401171
TOKYOTECH_s01,72,110,75.66666666666667,-0.027879279106855392,-0.14927333268249365
TOKYOTECH_s01,72,111,75.7,1.0707426071166992,-0.4380969664482025
TOKYOTECH_s01,72,112,75.73333333333333,1.871397852897644,-0.7031453578067547
TOKYOTECH_s01,72,113,75.76666666666667,1.5901269912719727,-0.9497006714316804
TOKYOTECH_s01,72,114,75.8,0.8061283230781555,-1.160325877462097
TOKYOTECH_s01,72,115,75.83333333333333,0.462365984916687,-1.2925768137712352
TOKYOTECH_s01,72,116,75.86666666666666,0.13876473903656006,-1.2909914758175642
TOKYOTECH_s01,72,117,75.9,-0.43755894899368286,-1.1096756710894153
TOKYOTECH_s01,72,118,75.93333333333334,-0.2276788353919983,-0.7369017735151271
TOKYOTECH_s01,72,119,75.96666666666667,-0.11155568063259125,-0.21089158762787727
TOKYOTECH_s01,72,120,76.0,-0.3302956521511078,0.3821694340552635
TOKYOTECH_s01,72,121,76.03333333333333,-0.09875811636447906,0.9299766156392744
TOKYOTECH_s01,72,122,76.06666666666666,-0.4261789619922638,1.3280500676486982
TOKYOTECH_s01,72,123,76.1,-0.6433438062667847,1.5113489779974574
TOKYOTECH_s01,72,124,76.13333333333334,-0.6418080925941467,1.4704957479125584
TOKYOTECH_s01,72,125,76.16666666666667,-1.2332133054733276,1.2473690493325171
TOKYOTECH_s01,72,126,76.2,-1.3802474737167358,0.9140265493923332
TOKYOTECH_s01,72,127,76.23333333333333,-1.0204192399978638,0.5450392728799325
TOKYOTECH_s01,72,128,76.26666666666667,-0.9862792491912842,0.1942346043969017
TOKYOTECH_s01,72,129,76.3,-0.20105989277362823,-0.11640814481889937
TOKYOTECH_s01,72,130,76.33333333333333,1.583432912826538,-0.39305667526828003
TOKYOTECH_s01,72,131,76.36666666666666,1.9191622734069824,-0.6542472932940208
TOKYOTECH_s01,72,132,76.4,1.5927653312683105,-0.9102239183965186
TOKYOTECH_s01,72,133,76.43333333333334,1.0332950353622437,-1.1466150551055296
TOKYOTECH_s01,72,134,76.46666666666667,0.25933751463890076,-1.3202172226320164
TOKYOTECH_s01,72,135,76.5,0.0790296345949173,-1.370011918326197
TOKYOTECH_s01,72,136,76.53333333333333,-0.01008081529289484,-1.240280316339437
TOKYOTECH_s01,72,137,76.56666666666666,-0.068477101624012,-0.9072827095112531
TOKYOTECH_s01,72,138,76.6,0.25811681151390076,-0.3986191645276737
TOKYOTECH_s01,72,139,76.63333333333334,0.1311255693435669,0.20420936856779615
TOKYOTECH_s01,72,140,76.66666666666667,-0.28284621238708496,0.7843772790414723
TOKYOTECH_s01,72,141,76.7,-0.0634368285536766,1.2249376709819084
TOKYOTECH_s01,72,142,76.73333333333333,-0.3793201744556427,1.4464800105570828
TOKYOTECH_s01,72,143,76.76666666666667,-0.7272958755493164,1.4300565190342691
TOKYOTECH_s01,72,144,76.8,-0.7957333326339722,1.2159714419558618
TOKYOTECH_s01,72,145,76.83333333333333,-1.1018905639648438,0.881529379577076
TOKYOTECH_s01,72,146,76.86666666666666,-1.3004693984985352,0.509399561316996
TOKYOTECH_s01,72,147,76.9,-0.5646682977676392,0.16007588300283215
TOKYOTECH_s01,72,148,76.93333333333334,0.26075509190559387,-0.14163518331741898
TOKYOTECH_s01,72,149,76.96666666666667,1.5302737951278687,-0.40271708339752393
TOKYOTECH_s01,72,150,77.0,2.003390073776245,-0.6442350498354118
TOKYOTECH_s01,72,151,77.03333333333333,1.539448618888855,-0.8785975116998908
TOKYOTECH_s01,72,152,77.06666666666666,1.108347773551941,-1.0923384434450054
TOKYOTECH_s01,72,153,77.1,0.5581705570220947,-1.242491547240542
TOKYOTECH_s01,72,154,77.13333333333334,-0.23964948952198029,-1.2687088218532023
TOKYOTECH_s01,72,155,77.16666666666667,-0.011734655126929283,-1.1168853289448206
TOKYOTECH_s01,72,156,77.2,0.09804878383874893,-0.7658169454690646
TOKYOTECH_s01,72,157,77.23333333333333,0.13407886028289795,-0.24637742228100593
TOKYOTECH_s01,72,158,77.26666666666667,0.2144869565963745,0.35689902010166263
TOKYOTECH_s01,72,159,77.3,-0.13904091715812683,0.9262307582156988
TOKYOTECH_s01,72,160,77.33333333333333,-0.2848150432109833,1.3463782845764531
TOKYOTECH_s01,72,161,77.36666666666666,-0.5778990387916565,1.5403169727412602
TOKYOTECH_s01,72,162,77.4,-0.8281013369560242,1.489648477746705
TOKYOTECH_s01,72,163,77.43333333333334,-0.8125079870223999,1.2329937517344076
TOKYOTECH_s01,72,164,77.46666666666667,-1.0780279636383057,0.8460443409066087
TOKYOTECH_s01,72,165,77.5,-0.9250872135162354,0.4137249464050071
TOKYOTECH_s01,72,166,77.53333333333333,-0.5562416315078735,0.005442614260493884
TOKYOTECH_s01,72,167,77.56666666666666,0.48382654786109924,-0.3392605093441121
TOKYOTECH_s01,72,168,77.6,1.9059315919876099,-0.6118268031018026
TOKYOTECH_s01,72,169,77.63333333333334,1.8522605895996094,-0.8240465702007382
TOKYOTECH_s01,72,170,77.66666666666667,1.4271056652069092,-0.9910098852253539
TOKYOTECH_s01,72,171,77.7,0.9904133081436157,-1.1150945035995887
TOKYOTECH_s01,72,172,77.73333333333333,0.4300767481327057,-1.1777173432332586
TOKYOTECH_s01,72,173,77.76666666666667,0.1380559504032135,-1.1427451826068684
TOKYOTECH_s01,72,174,77.8,-0.039219893515110016,-0.9715785621567836
TOKYOTECH_s01,72,175,77.83333333333333,0.22255927324295044,-0.6450536934070297
TOKYOTECH_s01,72,176,77.86666666666666,0.3585284948348999,-0.18254030217936612
TOKYOTECH_s01,72,177,77.9,0.05741158500313759,0.35235015120329977
TOKYOTECH_s01,72,178,77.93333333333334,-0.04768597334623337,0.864724646305319
TOKYOTECH_s01,72,179,77.96666666666667,-0.2046825885772705,1.2561345137677795
TOKYOTECH_s01,72,180,78.0,-0.7106786966323853,1.4553175475128595
TOKYOTECH_s01,72,181,78.03333333333333,-0.756553053855896,1.4385989603891005
TOKYOTECH_s01,72,182,78.06666666666666,-0.6496441960334778,1.2324491609647892
TOKYOTECH_s01,72,183,78.1,-0.935128390789032,0.8994343605442494
TOKYOTECH_s01,72,184,78.13333333333334,-0.9656062722206116,0.5148683933511317
TOKYOTECH_s01,72,185,78.16666666666667,-0.4163346588611603,0.14338057059035733
TOKYOTECH_s01,72,186,78.2,0.6199532747268677,-0.17669914771541764
TOKYOTECH_s01,72,187,78.23333333333333,1.5860711336135864,-0.43681293124889864
TOKYOTECH_s01,72,188,78.26666666666667,1.920304298400879,-0.6498473471402825
TOKYOTECH_s01,72,189,78.3,1.317637324333191,-0.8343502778507815
TOKYOTECH_s01,72,190,78.33333333333333,0.6730336546897888,-0.9977118831165437
TOKYOTECH_s01,72,191,78.36666666666666,0.5303308963775635,-1.124968409046509
TOKYOTECH_s01,72,192,78.4,0.22752079367637634,-1.1785879342101786
TOKYOTECH_s01,72,193,78.43333333333334,-0.13530008494853973,-1.1112071893250455
TOKYOTECH_s01,72,194,78.46666666666667,-0.027682391926646233,-0.8878468463631255
TOKYOTECH_s01,72,195,78.5,0.38262730836868286,-0.5086311420652856
TOKYOTECH_s01,72,196,78.53333333333333,0.17282596230506897,-0.02059130340172299
TOKYOTECH_s01,72,197,78.56666666666666,-0.30536991357803345,0.48945831072375706
TOKYOTECH_s01,72,198,78.6,-0.5532096028327942,0.9199863220315558
TOKYOTECH_s01,72,199,78.63333333333334,-0.5464367270469666,1.1873086765642704
TOKYOTECH_s01,72,200,78.66666666666667,-0.6915808320045471,1.2512268976508387
TOKYOTECH_s01,72,201,78.7,-1.1041743755340576,1.1231446380902184
TOKYOTECH_s01,72,202,78.73333333333333,-1.0786974430084229,0.8554127083781148
TOKYOTECH_s01,72,203,78.76666666666667,-0.7337537407875061,0.5191671300523488
TOKYOTECH_s01,72,204,78.8,-0.5808523297309875,0.18062108041990876
TOKYOTECH_s01,72,205,78.83333333333333,0.2741433084011078,-0.11620027007844831
TOKYOTECH_s01,72,206,78.86666666666666,1.7241274118423462,-0.35562706438126246
TOKYOTECH_s01,72,207,78.9,1.9687775373458862,-0.5445885441590969
TOKYOTECH_s01,72,208,78.93333333333334,1.2284480333328247,-0.6983505252552383
TOKYOTECH_s01,72,209,78.96666666666667,0.9631249904632568,-0.8243787116535548
TOKYOTECH_s01,72,210,79.0,0.6171181201934814,-0.9116083240862659
TOKYOTECH_s01,72,211,79.03333333333333,0.02327161468565464,-0.9302813987850771
TOKYOTECH_s01,72,212,79.06666666666666,0.0733199492096901,-0.8433731434099806
TOKYOTECH_s01,72,213,79.1,0.3660889267921448,-0.6255880262087017
TOKYOTECH_s01,72,214,79.13333333333334,0.13423636555671692,-0.2816897640074076
TOKYOTECH_s01,72,215,79.16666666666667,0.040636930614709854,0.1451252821058532
TOKYOTECH_s01,72,216,79.2,-0.03603034466505051,0.5805638420283267
TOKYOTECH_s01,72,217,79.23333333333333,-0.5141474604606628,0.9407821222308379
TOKYOTECH_s01,72,218,79.26666666666667,-0.8124292492866516,1.1590596713117427
TOKYOTECH_s01,72,219,79.3,-0.7695081830024719,1.205750987178133
TOKYOTECH_s01,72,220,79.33333333333333,-0.833535373210907,1.0940379890038028
TOKYOTECH_s01,72,221,79.36666666666666,-1.1179957389831543,0.8713668709979481
TOKYOTECH_s01,72,222,79.4,-1.0825563669204712,0.6014775274365147
TOKYOTECH_s01,72,223,79.43333333333334,-0.6763418912887573,0.343706654748788
TOKYOTECH_s01,72,224,79.46666666666667,0.04378709942102432,0.13609609216613905
TOKYOTECH_s01,72,225,79.5,1.1557972431182861,-0.012653745816302932
TOKYOTECH_s01,72,226,79.53333333333333,1.8359978199005127,-0.12006038377106291
TOKYOTECH_s01,72,227,79.56666666666666,1.6123751401901245,-0.21681816952846394
TOKYOTECH_s01,72,228,79.6,0.9054768681526184,-0.3287586043968161
TOKYOTECH_s01,72,229,79.63333333333334,0.45846766233444214,-0.4612482849922955
TOKYOTECH_s01,72,230,79.66666666666667,0.22826895117759705,-0.5934253343072525
TOKYOTECH_s01,72,231,79.7,0.2120455801486969,-0.6860508464767617
TOKYOTECH_s01,72,232,79.73333333333333,0.24921758472919464,-0.7002831464439385
TOKYOTECH_s01,72,233,79.76666666666667,0.16806133091449738,-0.6187710254111185
TOKYOTECH_s01,72,234,79.8,-0.009923306293785572,-0.45860131280275035
TOKYOTECH_s01,72,235,79.83333333333333,-0.08674808591604233,-0.26872877652838156
TOKYOTECH_s01,72,236,79.86666666666666,-0.14065538346767426,-0.1113070891371854
TOKYOTECH_s01,72,237,79.9,-0.34317195415496826,-0.034433501625375486
TOKYOTECH_s01,72,238,79.93333333333334,-0.7270202040672302,-0.04955697278955775
TOKYOTECH_s01,72,239,79.96666666666667,-1.0467231273651123,-0.12566413480743516
TOKYOTECH_s01,73,0,73.0,-1.1837949752807617,-0.020791957462322125
TOKYOTECH_s01,73,1,73.03333333333333,-0.9362702965736389,-0.15854928985201666
TOKYOTECH_s01,73,2,73.06666666666666,-0.45082902908325195,-0.2878261843498799
TOKYOTECH_s01,73,3,73.1,1.2627061605453491,-0.4038762291939611
TOKYOTECH_s01,73,4,73.13333333333334,1.8938428163528442,-0.5060900822192019
TOKYOTECH_s01,73,5,73.16666666666667,1.4934561252593994,-0.596361575765944
TOKYOTECH_s01,73,6,73.2,1.0720421075820923,-0.6746965313622258
TOKYOTECH_s01,73,7,73.23333333333333,0.6650007367134094,-0.7341083923552826
TOKYOTECH_s01,73,8,73.26666666666667,0.31891509890556335,-0.7578525377155101
TOKYOTECH_s01,73,9,73.3,-0.2517382800579071,-0.7217149317819379
TOKYOTECH_s01,73,10,73.33333333333333,-0.07946331799030304,-0.602394351979852
TOKYOTECH_s01,73,11,73.36666666666666,0.1949165314435959,-0.3898325018407561
TOKYOTECH_s01,73,12,73.4,-0.042291309684515,-0.09772664564172619
TOKYOTECH_s01,73,13,73.43333333333334,0.06040424853563309,0.23436442577637182
TOKYOTECH_s01,73,14,73.46666666666667,-0.35608765482902527,0.5500377351612395
TOKYOTECH_s01,73,15,73.5,-0.8423952460289001,0.7928610573588747
TOKYOTECH_s01,73,16,73.53333333333333,-0.6985899209976196,0.9235735315798627
TOKYOTECH_s01,73,17,73.56666666666666,-1.0696799755096436,0.930414715733426
TOKYOTECH_s01,73,18,73.6,-0.8928373456001282,0.8292883034152592
TOKYOTECH_s01,73,19,73.63333333333334,-0.8077827095985413,0.6551817664698953
TOKYOTECH_s01,73,20,73.66666666666667,-1.072554588317871,0.44890005068939753
TOKYOTECH_s01,73,21,73.7,-0.3695152699947357,0.24376572086627388
TOKYOTECH_s01,73,22,73.73333333333333,0.8494825959205627,0.05658449455820725
TOKYOTECH_s01,73,23,73.76666666666667,1.6346625089645386,-0.11410993169182913
TOKYOTECH_s01,73,24,73.8,1.6015070676803589,-0.28191210994772703
TOKYOTECH_s01,73,25,73.83333333333333,0.942176342010498,-0.4606526332193337
TOKYOTECH_s01,73,26,73.86666666666666,0.7259171605110168,-0.6510979394747445
TOKYOTECH_s01,73,27,73.9,0.2627239525318146,-0.8317776747060454
TOKYOTECH_s01,73,28,73.93333333333334,-0.2783178389072418,-0.9591831296123298
TOKYOTECH_s01,73,29,73.96666666666667,-0.03473090007901192,-0.9797760705407644
TOKYOTECH_s01,73,30,74.0,-0.03142321854829788,-0.8509677077017324
TOKYOTECH_s01,73,31,74.03333333333333,-0.1910187304019928,-0.5628853945686312
TOKYOTECH_s01,73,32,74.06666666666666,-0.06713827699422836,-0.15054411195456038
TOKYOTECH_s01,73,33,74.1,-0.255636602640152,0.3110362354934994
TOKYOTECH_s01,73,34,74.13333333333334,-0.8705892562866211,0.7286956181858633
TOKYOTECH_s01,73,35,74.16666666666667,-0.8168001174926758,1.0213187077131813
TOKYOTECH_s01,73,36,74.2,-0.6944947242736816,1.1448093541204687
TOKYOTECH_s01,73,37,74.23333333333333,-0.9629679918289185,1.100846279866943
TOKYOTECH_s01,73,38,74.26666666666667,-1.2390016317367554,0.9276082549810865
TOKYOTECH_s01,73,39,74.3,-0.9282767176628113,0.6796547746009279
TOKYOTECH_s01,73,40,74.33333333333333,-0.6598822474479675,0.40685510018496507
TOKYOTECH_s01,73,41,74.36666666666666,0.007993287406861782,0.13990014658812672
TOKYOTECH_s01,73,42,74.4,1.546694040298462,-0.11359956346801695
TOKYOTECH_s01,73,43,74.43333333333334,1.759173035621643,-0.36206845255937703
TOKYOTECH_s01,73,44,74.46666666666667,1.1329585313796997,-0.6154381775831499
TOKYOTECH_s01,73,45,74.5,1.0223088264465332,-0.8694979388783204
TOKYOTECH_s01,73,46,74.53333333333333,0.47343096137046814,-1.0961454096564998
TOKYOTECH_s01,73,47,74.56666666666666,0.15018410980701447,-1.244720275188998
TOKYOTECH_s01,73,48,74.6,-0.05918409675359726,-1.255759638094903
TOKYOTECH_s01,73,49,74.63333333333334,-0.1848365217447281,-1.0835628431845417
TOKYOTECH_s01,73,50,74.66666666666667,0.1863323152065277,-0.7193676549674778
TOKYOTECH_s01,73,51,74.7,-0.006615627557039261,-0.20477739159000363
TOKYOTECH_s01,73,52,74.73333333333333,-0.3439595103263855,0.372770678813467
TOKYOTECH_s01,73,53,74.76666666666667,-0.2655596435070038,0.903469694448086
TOKYOTECH_s01,73,54,74.8,-0.7963239550590515,1.2886693902501047
TOKYOTECH_s01,73,55,74.83333333333333,-1.0890929698944092,1.4698319193334721
TOKYOTECH_s01,73,56,74.86666666666666,-0.9202831983566284,1.4412523597206932
TOKYOTECH_s01,73,57,74.9,-1.235772728919983,1.2435277622685745
TOKYOTECH_s01,73,58,74.93333333333334,-1.2536894083023071,0.9429856496853602
TOKYOTECH_s01,73,59,74.96666666666667,-0.922882080078125,0.6065424260321409
TOKYOTECH_s01,73,60,75.0,-0.6929590106010437,0.2812184921609903
TOKYOTECH_s01,73,61,75.03333333333333,0.7686412930488586,-0.015446856310368611
TOKYOTECH_s01,73,62,75.06666666666666,1.8436763286590576,-0.2916258839369814
TOKYOTECH_s01,73,63,75.1,1.6094218492507935,-0.5659989386350245
TOKYOTECH_s01,73,64,75.13333333333334,1.104410171508789,-0.8476633187377643
TOKYOTECH_s01,73,65,75.16666666666667,0.49878984689712524,-1.1202703404941303
TOKYOTECH_s01,73,66,75.2,0.34895986318588257,-1.3380481936513886
TOKYOTECH_s01,73,67,75.23333333333333,-0.14077350497245789,-1.4366119230954486
TOKYOTECH_s01,73,68,75.26666666666667,-0.354788213968277,-1.3555880546925194
TOKYOTECH_s01,73,69,75.3,0.05693906173110008,-1.0650757108202313
TOKYOTECH_s01,73,70,75.33333333333333,-0.07572249323129654,-0.5854277499120922
TOKYOTECH_s01,73,71,75.36666666666666,-0.18330080807209015,0.009114350137741688
TOKYOTECH_s01,73,72,75.4,-0.2009417712688446,0.6072913227907792
TOKYOTECH_s01,73,73,75.43333333333334,-0.7469450831413269,1.0938323752462666
TOKYOTECH_s01,73,74,75.46666666666667,-1.1052769422531128,1.3851352660549685
TOKYOTECH_s01,73,75,75.5,-0.8353073596954346,1.451613442111965
TOKYOTECH_s01,73,76,75.53333333333333,-1.00714910030365,1.3181687354804226
TOKYOTECH_s01,73,77,75.56666666666666,-1.4505749940872192,1.0457402059185312
TOKYOTECH_s01,73,78,75.6,-1.254319429397583,0.7043310022304873
TOKYOTECH_s01,73,79,75.63333333333334,-0.807703971862793,0.34918558342938355
TOKYOTECH_s01,73,80,75.66666666666667,-0.027879279106855392,0.008596430397796614
TOKYOTECH_s01,73,81,75.7,1.0707426071166992,-0.3136938422788481
TOKYOTECH_s01,73,82,75.73333333333333,1.871397852897644,-0.6243377915251919
TOKYOTECH_s01,73,83,75.76666666666667,1.5901269912719727,-0.921719760937513
TOKYOTECH_s01,73,84,75.8,0.8061283230781555,-1.1817866692090448
TOKYOTECH_s01,73,85,75.83333333333333,0.462365984916687,-1.3557826886775153
TOKYOTECH_s01,73,86,75.86666666666666,0.13876473903656006,-1.382619040444699
TOKYOTECH_s01,73,87,75.9,-0.43755894899368286,-1.21241063373852
TOKYOTECH_s01,73,88,75.93333333333334,-0.2276788353919983,-0.832247673797644
TOKYOTECH_s01,73,89,75.96666666666667,-0.11155568063259125,-0.28268809127256045
TOKYOTECH_s01,73,90,76.0,-0.3302956521511078,0.34454800045853057
TOKYOTECH_s01,73,91,76.03333333333333,-0.09875811636447906,0.9298198974343154
TOKYOTECH_s01,73,92,76.06666666666666,-0.4261789619922638,1.3614357805689925
TOKYOTECH_s01,73,93,76.1,-0.6433438062667847,1.5689568207749311
TOKYOTECH_s01,73,94,76.13333333333334,-0.6418080925941467,1.5404396217736829
TOKYOTECH_s01,73,95,76.16666666666667,-1.2332133054733276,1.3183452095861456
TOKYOTECH_s01,73,96,76.2,-1.3802474737167358,0.97808945009429
TOKYOTECH_s01,73,97,76.23333333333333,-1.0204192399978638,0.5992383991880775
TOKYOTECH_s01,73,98,76.26666666666667,-0.9862792491912842,0.24042670323050294
TOKYOTECH_s01,73,99,76.3,-0.20105989277362823,-0.07377335223079114
TOKYOTECH_s01,73,100,76.33333333333333,1.583432912826538,-0.350546846252489
TOKYOTECH_s01,73,101,76.36666666666666,1.9191622734069824,-0.6130412286740502
TOKYOTECH_s01,73,102,76.4,1.5927653312683105,-0.8780454774334994
TOKYOTECH_s01,73,103,76.43333333333334,1.0332950353622437,-1.1368393384655067
TOKYOTECH_s01,73,104,76.46666666666667,0.25933751463890076,-1.3479299994823322
TOKYOTECH_s01,73,105,76.5,0.0790296345949173,-1.4459803150739623
TOKYOTECH_s01,73,106,76.53333333333333,-0.01008081529289484,-1.3649516634611865
TOKYOTECH_s01,73,107,76.56666666666666,-0.068477101624012,-1.0674948127436688
TOKYOTECH_s01,73,108,76.6,0.25811681151390076,-0.5690334866684652
TOKYOTECH_s01,73,109,76.63333333333334,0.1311255693435669,0.054798242776130345
TOKYOTECH_s01,73,110,76.66666666666667,-0.28284621238708496,0.6838810885808602
TOKYOTECH_s01,73,111,76.7,-0.0634368285536766,1.189413329938988
TOKYOTECH_s01,73,112,76.73333333333333,-0.3793201744556427,1.4755586320774319
TOKYOTECH_s01,73,113,76.76666666666667,-0.7272958755493164,1.5081416945764547
TOKYOTECH_s01,73,114,76.8,-0.7957333326339722,1.3185037213356186
TOKYOTECH_s01,73,115,76.83333333333333,-1.1018905639648438,0.9834976838457405
TOKYOTECH_s01,73,116,76.86666666666666,-1.3004693984985352,0.5926664069380407
TOKYOTECH_s01,73,117,76.9,-0.5646682977676392,0.21710003935038957
TOKYOTECH_s01,73,118,76.93333333333334,0.26075509190559387,-0.10831831857708951
TOKYOTECH_s01,73,119,76.96666666666667,1.5302737951278687,-0.38432459403555697
TOKYOTECH_s01,73,120,77.0,2.003390073776245,-0.6310647934654063
TOKYOTECH_s01,73,121,77.03333333333333,1.539448618888855,-0.8648454960670725
TOKYOTECH_s01,73,122,77.06666666666666,1.108347773551941,-1.078641176063838
TOKYOTECH_s01,73,123,77.1,0.5581705570220947,-1.2351381697314385
TOKYOTECH_s01,73,124,77.13333333333334,-0.23964948952198029,-1.27576887864421
TOKYOTECH_s01,73,125,77.16666666666667,-0.011734655126929283,-1.1429665635158162
TOKYOTECH_s01,73,126,77.2,0.09804878383874893,-0.8079227581983773
TOKYOTECH_s01,73,127,77.23333333333333,0.13407886028289795,-0.29289775712694327
TOKYOTECH_s01,73,128,77.26666666666667,0.2144869565963745,0.323398643408763
TOKYOTECH_s01,73,129,77.3,-0.13904091715812683,0.9233833424762757
TOKYOTECH_s01,73,130,77.33333333333333,-0.2848150432109833,1.3856865404126795
TOKYOTECH_s01,73,131,77.36666666666666,-0.5778990387916565,1.6225542692055146
TOKYOTECH_s01,73,132,77.4,-0.8281013369560242,1.6037982942106275
TOKYOTECH_s01,73,133,77.43333333333334,-0.8125079870223999,1.359159350239586
TOKYOTECH_s01,73,134,77.46666666666667,-1.0780279636383057,0.9610609915112872
TOKYOTECH_s01,73,135,77.5,-0.9250872135162354,0.49707312948883203
TOKYOTECH_s01,73,136,77.53333333333333,-0.5562416315078735,0.04331929296263834
TOKYOTECH_s01,73,137,77.56666666666666,0.48382654786109924,-0.3524947739161246
TOKYOTECH_s01,73,138,77.6,1.9059315919876099,-0.6743339610698775
TOKYOTECH_s01,73,139,77.63333333333334,1.8522605895996094,-0.9283330700355229
TOKYOTECH_s01,73,140,77.66666666666667,1.4271056652069092,-1.1259464390987879
TOKYOTECH_s01,73,141,77.7,0.9904133081436157,-1.2675284612779165
TOKYOTECH_s01,73,142,77.73333333333333,0.4300767481327057,-1.3335797250626082
TOKYOTECH_s01,73,143,77.76666666666667,0.1380559504032135,-1.2879863418266413
TOKYOTECH_s01,73,144,77.8,-0.039219893515110016,-1.0932889906291388
TOKYOTECH_s01,73,145,77.83333333333333,0.22255927324295044,-0.7327882781423923
TOKYOTECH_s01,73,146,77.86666666666666,0.3585284948348999,-0.22955897371661776
TOKYOTECH_s01,73,147,77.9,0.05741158500313759,0.3482739999344542
TOKYOTECH_s01,73,148,77.93333333333334,-0.04768597334623337,0.9011807557839232
TOKYOTECH_s01,73,149,77.96666666666667,-0.2046825885772705,1.3266847781172242
TOKYOTECH_s01,73,150,78.0,-0.7106786966323853,1.5505629384900526
TOKYOTECH_s01,73,151,78.03333333333333,-0.756553053855896,1.5472358394405161
TOKYOTECH_s01,73,152,78.06666666666666,-0.6496441960334778,1.3420897326046322
TOKYOTECH_s01,73,153,78.1,-0.935128390789032,0.9974131669117037
TOKYOTECH_s01,73,154,78.13333333333334,-0.9656062722206116,0.5893177665600549
TOKYOTECH_s01,73,155,78.16666666666667,-0.4163346588611603,0.1844923489621444
TOKYOTECH_s01,73,156,78.2,0.6199532747268677,-0.17555946366736205
TOKYOTECH_s01,73,157,78.23333333333333,1.5860711336135864,-0.478341908054396
TOKYOTECH_s01,73,158,78.26666666666667,1.920304298400879,-0.732320482049881
TOKYOTECH_s01,73,159,78.3,1.317637324333191,-0.9512192387958557
TOKYOTECH_s01,73,160,78.33333333333333,0.6730336546897888,-1.1371740087627429
TOKYOTECH_s01,73,161,78.36666666666666,0.5303308963775635,-1.2697196816423237
TOKYOTECH_s01,73,162,78.4,0.22752079367637634,-1.3063949759624789
TOKYOTECH_s01,73,163,78.43333333333334,-0.13530008494853973,-1.1970492610466748
TOKYOTECH_s01,73,164,78.46666666666667,-0.027682391926646233,-0.9077965157449832
TOKYOTECH_s01,73,165,78.5,0.38262730836868286,-0.44467772920942683
TOKYOTECH_s01,73,166,78.53333333333333,0.17282596230506897,0.1349289150794451
TOKYOTECH_s01,73,167,78.56666666666666,-0.30536991357803345,0.7310069094668437
TOKYOTECH_s01,73,168,78.6,-0.5532096028327942,1.2282868184990188
TOKYOTECH_s01,73,169,78.63333333333334,-0.5464367270469666,1.5314600687850688
TOKYOTECH_s01,73,170,78.66666666666667,-0.6915808320045471,1.5933294712684194
TOKYOTECH_s01,73,171,78.7,-1.1041743755340576,1.424662220867415
TOKYOTECH_s01,73,172,78.73333333333333,-1.0786974430084229,1.0837998013816452
TOKYOTECH_s01,73,173,78.76666666666667,-0.7337537407875061,0.6529529332410595
TOKYOTECH_s01,73,174,78.8,-0.5808523297309875,0.21158805320994586
TOKYOTECH_s01,73,175,78.83333333333333,0.2741433084011078,-0.18400040732649875
TOKYOTECH_s01,73,176,78.86666666666666,1.7241274118423462,-0.5091461595609165
TOKYOTECH_s01,73,177,78.9,1.9687775373458862,-0.7658440347552399
TOKYOTECH_s01,73,178,78.93333333333334,1.2284480333328247,-0.9677958326768138
TOKYOTECH_s01,73,179,78.96666666666667,0.9631249904632568,-1.1226470064620788
TOKYOTECH_s01,73,180,79.0,0.6171181201934814,-1.2195195851528011
TOKYOTECH_s01,73,181,79.03333333333333,0.02327161468565464,-1.2277947100087254
TOKYOTECH_s01,73,182,79.06666666666666,0.0733199492096901,-1.1086657358379979
TOKYOTECH_s01,73,183,79.1,0.3660889267921448,-0.8355837327738628
TOKYOTECH_s01,73,184,79.13333333333334,0.13423636555671692,-0.4151096442003586
TOKYOTECH_s01,73,185,79.16666666666667,0.040636930614709854,0.1021254513291378
TOKYOTECH_s01,73,186,79.2,-0.03603034466505051,0.6280253557094211
TOKYOTECH_s01,73,187,79.23333333333333,-0.5141474604606628,1.0612682893756484
TOKYOTECH_s01,73,188,79.26666666666667,-0.8124292492866516,1.319439155315476
TOKYOTECH_s01,73,189,79.3,-0.7695081830024719,1.3643816274397293
TOKYOTECH_s01,73,190,79.33333333333333,-0.833535373210907,1.2104504104551446
TOKYOTECH_s01,73,191,79.36666666666666,-1.1179957389831543,0.9145781543792199
TOKYOTECH_s01,73,192,79.4,-1.0825563669204712,0.5542788514944786
TOKYOTECH_s01,73,193,79.43333333333334,-0.6763418912887573,0.20255673289625126
TOKYOTECH_s01,73,194,79.46666666666667,0.04378709942102432,-0.09196272695349361
TOKYOTECH_s01,73,195,79.5,1.1557972431182861,-0.31405669198104597
TOKYOTECH_s01,73,196,79.53333333333333,1.8359978199005127,-0.47800192046611295
TOKYOTECH_s01,73,197,79.56666666666666,1.6123751401901245,-0.6125938421691659
TOKYOTECH_s01,73,198,79.6,0.9054768681526184,-0.7408105205001004
TOKYOTECH_s01,73,199,79.63333333333334,0.45846766233444214,-0.8624432908463029
TOKYOTECH_s01,73,200,79.66666666666667,0.22826895117759705,-0.9478388762263649
TOKYOTECH_s01,73,201,79.7,0.2120455801486969,-0.9469552321949195
TOKYOTECH_s01,73,202,79.73333333333333,0.24921758472919464,-0.8110873627783348
TOKYOTECH_s01,73,203,79.76666666666667,0.16806133091449738,-0.5183677422083154
TOKYOTECH_s01,73,204,79.8,-0.009923306293785572,-0.09189664749073351
TOKYOTECH_s01,73,205,79.83333333333333,-0.08674808591604233,0.39832389311113026
TOKYOTECH_s01,73,206,79.86666666666666,-0.14065538346767426,0.8526568816431542
TOKYOTECH_s01,73,207,79.9,-0.34317195415496826,1.1731170924588792
TOKYOTECH_s01,73,208,79.93333333333334,-0.7270202040672302,1.2958312067796367
TOKYOTECH_s01,73,209,79.96666666666667,-1.0467231273651123,1.2103013244649667
TOKYOTECH_s01,73,210,80.0,-1.080430030822754,0.958195163671669
TOKYOTECH_s01,73,211,80.03333333333333,-1.0424704551696777,0.6145072446537488
TOKYOTECH_s01,73,212,80.06666666666666,-0.8205803036689758,0.26019113571865526
TOKYOTECH_s01,73,213,80.1,0.15758700668811798,-0.04333966928207735
TOKYOTECH_s01,73,214,80.13333333333334,1.3427993059158325,-0.26926593298680074
TOKYOTECH_s01,73,215,80.16666666666667,1.7484230995178223,-0.425431675420394
TOKYOTECH_s01,73,216,80.2,1.2868050336837769,-0.5404623586586389
TOKYOTECH_s01,73,217,80.23333333333333,0.9582421779632568,-0.6425319226808092
TOKYOTECH_s01,73,218,80.26666666666667,0.8554285168647766,-0.740728206353298
TOKYOTECH_s01,73,219,80.3,0.45043471455574036,-0.8178032137035429
TOKYOTECH_s01,73,220,80.33333333333333,0.05481269583106041,-0.8373042506357837
TOKYOTECH_s01,73,221,80.36666666666666,-0.2032650113105774,-0.7613610243510002
TOKYOTECH_s01,73,222,80.4,-0.07749446481466293,-0.5715076917388231
TOKYOTECH_s01,73,223,80.43333333333334,-0.054970744997262955,-0.2839875950143392
TOKYOTECH_s01,73,224,80.46666666666667,-0.23484547436237335,0.04781272964923834
TOKYOTECH_s01,73,225,80.5,-0.46673738956451416,0.3468183633772748
TOKYOTECH_s01,73,226,80.53333333333333,-0.5219835042953491,0.5373886115926727
TOKYOTECH_s01,73,227,80.56666666666666,-0.6291680335998535,0.5719955698386061
TOKYOTECH_s01,73,228,80.6,-0.6908326745033264,0.44876752152708665
TOKYOTECH_s01,73,229,80.63333333333334,-1.06593918800354,0.21329702835287428
TOKYOTECH_s01,73,230,80.66666666666667,-1.189504623413086,-0.05598562645674886
TOKYOTECH_s01,73,231,80.7,-1.2526655197143555,-0.2739128854668924
TOKYOTECH_s01,73,232,80.73333333333333,-0.8190839886665344,-0.3771621842726778
TOKYOTECH_s01,73,233,80.76666666666667,0.41861799359321594,-0.34512804524908813
TOKYOTECH_s01,73,234,80.8,1.6806550025939941,-0.20517968603914263
TOKYOTECH_s01,73,235,80.83333333333333,1.9222731590270996,-0.019877574737769008
TOKYOTECH_s01,73,236,80.86666666666666,1.4853050708770752,0.13919240033827154
TOKYOTECH_s01,73,237,80.9,0.9226058721542358,0.22050056193667336
TOKYOTECH_s01,73,238,80.93333333333334,0.37372806668281555,0.2124344328069118
TOKYOTECH_s01,73,239,80.96666666666667,-0.016893059015274048,0.1456398760521302
TOKYOTECH_s01,74,0,74.0,-0.03142321854829788,0.05720937970608246
TOKYOTECH_s01,74,1,74.03333333333333,-0.1910187304019928,0.3651887935475234
TOKYOTECH_s01,74,2,74.06666666666666,-0.06713827699422836,0.6425783740729071
TOKYOTECH_s01,74,3,74.1,-0.255636602640152,0.8624558554493298
TOKYOTECH_s01,74,4,74.13333333333334,-0.8705892562866211,0.9987955560374486
TOKYOTECH_s01,74,5,74.16666666666667,-0.8168001174926758,1.0334009633893566
TOKYOTECH_s01,74,6,74.2,-0.6944947242736816,0.9637590470657178
TOKYOTECH_s01,74,7,74.23333333333333,-0.9629679918289185,0.8063331124129203
TOKYOTECH_s01,74,8,74.26666666666667,-1.2390016317367554,0.5923647415543583
TOKYOTECH_s01,74,9,74.3,-0.9282767176628113,0.3577333080586613
TOKYOTECH_s01,74,10,74.33333333333333,-0.6598822474479675,0.13142774892018053
TOKYOTECH_s01,74,11,74.36666666666666,0.007993287406861782,-0.07239061524996174
TOKYOTECH_s01,74,12,74.4,1.546694040298462,-0.255404015512323
TOKYOTECH_s01,74,13,74.43333333333334,1.759173035621643,-0.4287315530720078
TOKYOTECH_s01,74,14,74.46666666666667,1.1329585313796997,-0.6015964519935437
TOKYOTECH_s01,74,15,74.5,1.0223088264465332,-0.7697909742320088
TOKYOTECH_s01,74,16,74.53333333333333,0.47343096137046814,-0.9093318574055494
TOKYOTECH_s01,74,17,74.56666666666666,0.15018410980701447,-0.9792672609343712
TOKYOTECH_s01,74,18,74.6,-0.05918409675359726,-0.9342200199270501
TOKYOTECH_s01,74,19,74.63333333333334,-0.1848365217447281,-0.7431135521949815
TOKYOTECH_s01,74,20,74.66666666666667,0.1863323152065277,-0.4072077997501161
TOKYOTECH_s01,74,21,74.7,-0.006615627557039261,0.03070300021264057
TOKYOTECH_s01,74,22,74.73333333333333,-0.3439595103263855,0.4922383457704111
TOKYOTECH_s01,74,23,74.76666666666667,-0.2655596435070038,0.8849115274376969
TOKYOTECH_s01,74,24,74.8,-0.7963239550590515,1.1312039103759335
TOKYOTECH_s01,74,25,74.83333333333333,-1.0890929698944092,1.1924726277313833
TOKYOTECH_s01,74,26,74.86666666666666,-0.9202831983566284,1.0778261944997674
TOKYOTECH_s01,74,27,74.9,-1.235772728919983,0.8358295849076353
TOKYOTECH_s01,74,28,74.93333333333334,-1.2536894083023071,0.5339990607442358
TOKYOTECH_s01,74,29,74.96666666666667,-0.922882080078125,0.23483342086071624
TOKYOTECH_s01,74,30,75.0,-0.6929590106010437,-0.022731017997061877
TOKYOTECH_s01,74,31,75.03333333333333,0.7686412930488586,-0.23034954551625342
TOKYOTECH_s01,74,32,75.06666666666666,1.8436763286590576,-0.40417900236713544
TOKYOTECH_s01,74,33,75.1,1.6094218492507935,-0.5689213670941713
TOKYOTECH_s01,74,34,75.13333333333334,1.104410171508789,-0.7390255209333588
TOKYOTECH_s01,74,35,75.16666666666667,0.49878984689712524,-0.9051614646398604
TOKYOTECH_s01,74,36,75.2,0.34895986318588257,-1.0318314780259878
TOKYOTECH_s01,74,37,75.23333333333333,-0.14077350497245789,-1.067572578287677
TOKYOTECH_s01,74,38,75.26666666666667,-0.354788213968277,-0.9645077959142643
TOKYOTECH_s01,74,39,75.3,0.05693906173110008,-0.7003278799358342
TOKYOTECH_s01,74,40,75.33333333333333,-0.07572249323129654,-0.2940818213705663
TOKYOTECH_s01,74,41,75.36666666666666,-0.18330080807209015,0.191702552846656
TOKYOTECH_s01,74,42,75.4,-0.2009417712688446,0.6656550723251006
TOKYOTECH_s01,74,43,75.43333333333334,-0.7469450831413269,1.03494915337661
TOKYOTECH_s01,74,44,75.46666666666667,-1.1052769422531128,1.2343470476508216
TOKYOTECH_s01,74,45,75.5,-0.8353073596954346,1.2439929891780936
TOKYOTECH_s01,74,46,75.53333333333333,-1.00714910030365,1.08905074778666
TOKYOTECH_s01,74,47,75.56666666666666,-1.4505749940872192,0.8236178715675028
TOKYOTECH_s01,74,48,75.6,-1.254319429397583,0.5077363832287697
TOKYOTECH_s01,74,49,75.63333333333334,-0.807703971862793,0.18756680187756403
TOKYOTECH_s01,74,50,75.66666666666667,-0.027879279106855392,-0.11413699409232751
TOKYOTECH_s01,74,51,75.7,1.0707426071166992,-0.3951313445749446
TOKYOTECH_s01,74,52,75.73333333333333,1.871397852897644,-0.6611821522272181
TOKYOTECH_s01,74,53,75.76666666666667,1.5901269912719727,-0.9102323184811738
TOKYOTECH_s01,74,54,75.8,0.8061283230781555,-1.1207158962049986
TOKYOTECH_s01,74,55,75.83333333333333,0.462365984916687,-1.2500311517342229
TOKYOTECH_s01,74,56,75.86666666666666,0.13876473903656006,-1.2453208602502541
TOKYOTECH_s01,74,57,75.9,-0.43755894899368286,-1.0637178478541687
TOKYOTECH_s01,74,58,75.93333333333334,-0.2276788353919983,-0.6947882257588665
TOKYOTECH_s01,74,59,75.96666666666667,-0.11155568063259125,-0.17548191571777494
TOKYOTECH_s01,74,60,76.0,-0.3302956521511078,0.41107485578645386
TOKYOTECH_s01,74,61,76.03333333333333,-0.09875811636447906,0.9556699473140173
TOKYOTECH_s01,74,62,76.06666666666666,-0.4261789619922638,1.3552352850575657
TOKYOTECH_s01,74,63,76.1,-0.6433438062667847,1.5436300345554244
TOKYOTECH_s01,74,64,76.13333333333334,-0.6418080925941467,1.508302966667496
TOKYOTECH_s01,74,65,76.16666666666667,-1.2332133054733276,1.2873865543943033
TOKYOTECH_s01,74,66,76.2,-1.3802474737167358,0.9504210177316691
TOKYOTECH_s01,74,67,76.23333333333333,-1.0204192399978638,0.5718600832634227
TOKYOTECH_s01,74,68,76.26666666666667,-0.9862792491912842,0.20780884034858957
TOKYOTECH_s01,74,69,76.3,-0.20105989277362823,-0.1162094507687947
TOKYOTECH_s01,74,70,76.33333333333333,1.583432912826538,-0.40333748616488874
TOKYOTECH_s01,74,71,76.36666666666666,1.9191622734069824,-0.67137573797222
TOKYOTECH_s01,74,72,76.4,1.5927653312683105,-0.9331054317910525
TOKYOTECH_s01,74,73,76.43333333333334,1.0332950353622437,-1.1794515491434656
TOKYOTECH_s01,74,74,76.46666666666667,0.25933751463890076,-1.3729397380467911
TOKYOTECH_s01,74,75,76.5,0.0790296345949173,-1.4551716320686952
TOKYOTECH_s01,74,76,76.53333333333333,-0.01008081529289484,-1.3669093681260525
TOKYOTECH_s01,74,77,76.56666666666666,-0.068477101624012,-1.0742589165411986
TOKYOTECH_s01,74,78,76.6,0.25811681151390076,-0.5909038924545075
TOKYOTECH_s01,74,79,76.63333333333334,0.1311255693435669,0.014142534780292851
TOKYOTECH_s01,74,80,76.66666666666667,-0.28284621238708496,0.6299551631000532
TOKYOTECH_s01,74,81,76.7,-0.0634368285536766,1.1361622430268246
TOKYOTECH_s01,74,82,76.73333333333333,-0.3793201744556427,1.441509420751783
TOKYOTECH_s01,74,83,76.76666666666667,-0.7272958755493164,1.5108345434147104
TOKYOTECH_s01,74,84,76.8,-0.7957333326339722,1.3691439859851309
TOKYOTECH_s01,74,85,76.83333333333333,-1.1018905639648438,1.0836168809368312
TOKYOTECH_s01,74,86,76.86666666666666,-1.3004693984985352,0.7337244243118517
TOKYOTECH_s01,74,87,76.9,-0.5646682977676392,0.38277764737371256
TOKYOTECH_s01,74,88,76.93333333333334,0.26075509190559387,0.06168053741837291
TOKYOTECH_s01,74,89,76.96666666666667,1.5302737951278687,-0.23041968627436957
TOKYOTECH_s01,74,90,77.0,2.003390073776245,-0.510874863908617
TOKYOTECH_s01,74,91,77.03333333333333,1.539448618888855,-0.7915201413958423
TOKYOTECH_s01,74,92,77.06666666666666,1.108347773551941,-1.0601879586341583
TOKYOTECH_s01,74,93,77.1,0.5581705570220947,-1.2743890411261523
TOKYOTECH_s01,74,94,77.13333333333334,-0.23964948952198029,-1.3706071845866532
TOKYOTECH_s01,74,95,77.16666666666667,-0.011734655126929283,-1.2864392468294452
TOKYOTECH_s01,74,96,77.2,0.09804878383874893,-0.9880107249204003
TOKYOTECH_s01,74,97,77.23333333333333,0.13407886028289795,-0.4921932294894918
TOKYOTECH_s01,74,98,77.26666666666667,0.2144869565963745,0.12717631042956654
TOKYOTECH_s01,74,99,77.3,-0.13904091715812683,0.7549279917626145
TOKYOTECH_s01,74,100,77.33333333333333,-0.2848150432109833,1.2676209715299507
TOKYOTECH_s01,74,101,77.36666666666666,-0.5778990387916565,1.5704456322908902
TOKYOTECH_s01,74,102,77.4,-0.8281013369560242,1.6228399438657222
TOKYOTECH_s01,74,103,77.43333333333334,-0.8125079870223999,1.4438148106300916
TOKYOTECH_s01,74,104,77.46666666666667,-1.0780279636383057,1.0974399600869165
TOKYOTECH_s01,74,105,77.5,-0.9250872135162354,0.6666602725940096
TOKYOTECH_s01,74,106,77.53333333333333,-0.5562416315078735,0.22638380640956884
TOKYOTECH_s01,74,107,77.56666666666666,0.48382654786109924,-0.17492615960443347
TOKYOTECH_s01,74,108,77.6,1.9059315919876099,-0.5200174931972529
TOKYOTECH_s01,74,109,77.63333333333334,1.8522605895996094,-0.8139913493087837
TOKYOTECH_s01,74,110,77.66666666666667,1.4271056652069092,-1.0668870969565203
TOKYOTECH_s01,74,111,77.7,0.9904133081436157,-1.2758869725952207
TOKYOTECH_s01,74,112,77.73333333333333,0.4300767481327057,-1.4152148412864507
TOKYOTECH_s01,74,113,77.76666666666667,0.1380559504032135,-1.4389323238679983
TOKYOTECH_s01,74,114,77.8,-0.039219893515110016,-1.2972591233986384
TOKYOTECH_s01,74,115,77.83333333333333,0.22255927324295044,-0.9613418911097905
TOKYOTECH_s01,74,116,77.86666666666666,0.3585284948348999,-0.44607094607379716
TOKYOTECH_s01,74,117,77.9,0.05741158500313759,0.18093935810222356
TOKYOTECH_s01,74,118,77.93333333333334,-0.04768597334623337,0.8112828603984301
TOKYOTECH_s01,74,119,77.96666666666667,-0.2046825885772705,1.3260292848087556
TOKYOTECH_s01,74,120,78.0,-0.7106786966323853,1.6320359406199325
TOKYOTECH_s01,74,121,78.03333333333333,-0.756553053855896,1.6885625093425898
TOKYOTECH_s01,74,122,78.06666666666666,-0.6496441960334778,1.5140395694836648
TOKYOTECH_s01,74,123,78.1,-0.935128390789032,1.1727861146534067
TOKYOTECH_s01,74,124,78.13333333333334,-0.9656062722206116,0.7491984904035862
TOKYOTECH_s01,74,125,78.16666666666667,-0.4163346588611603,0.3200715273403655
TOKYOTECH_s01,74,126,78.2,0.6199532747268677,-0.06521739626966909
TOKYOTECH_s01,74,127,78.23333333333333,1.5860711336135864,-0.3908495651700726
TOKYOTECH_s01,74,128,78.26666666666667,1.920304298400879,-0.6666189428470362
TOKYOTECH_s01,74,129,78.3,1.317637324333191,-0.9104306910710892
TOKYOTECH_s01,74,130,78.33333333333333,0.6730336546897888,-1.1287646979963355
TOKYOTECH_s01,74,131,78.36666666666666,0.5303308963775635,-1.3032680105549987
TOKYOTECH_s01,74,132,78.4,0.22752079367637634,-1.3899429400452314
TOKYOTECH_s01,74,133,78.43333333333334,-0.13530008494853973,-1.3331115792428985
TOKYOTECH_s01,74,134,78.46666666666667,-0.027682391926646233,-1.0900776647257098
TOKYOTECH_s01,74,135,78.5,0.38262730836868286,-0.6566073146000915
TOKYOTECH_s01,74,136,78.53333333333333,0.17282596230506897,-0.08111664167141512
TOKYOTECH_s01,74,137,78.56666666666666,-0.30536991357803345,0.5410080360845252
TOKYOTECH_s01,74,138,78.6,-0.5532096028327942,1.0927783552559533
TOKYOTECH_s01,74,139,78.63333333333334,-0.5464367270469666,1.4708777576640155
TOKYOTECH_s01,74,140,78.66666666666667,-0.6915808320045471,1.6159683115231325
TOKYOTECH_s01,74,141,78.7,-1.1041743755340576,1.525688561088103
TOKYOTECH_s01,74,142,78.73333333333333,-1.0786974430084229,1.2470046897978488
TOKYOTECH_s01,74,143,78.76666666666667,-0.7337537407875061,0.8540536476876661
TOKYOTECH_s01,74,144,78.8,-0.5808523297309875,0.422006845211076
TOKYOTECH_s01,74,145,78.83333333333333,0.2741433084011078,0.0066664466393047146
TOKYOTECH_s01,74,146,78.86666666666666,1.7241274118423462,-0.3640339874741535
TOKYOTECH_s01,74,147,78.9,1.9687775373458862,-0.6852606133399282
TOKYOTECH_s01,74,148,78.93333333333334,1.2284480333328247,-0.9609201469334882
TOKYOTECH_s01,74,149,78.96666666666667,0.9631249904632568,-1.1870635733646275
TOKYOTECH_s01,74,150,79.0,0.6171181201934814,-1.3412761766031498
TOKYOTECH_s01,74,151,79.03333333333333,0.02327161468565464,-1.3838672042267801
TOKYOTECH_s01,74,152,79.06666666666666,0.0733199492096901,-1.2716718910505809
TOKYOTECH_s01,74,153,79.1,0.3660889267921448,-0.9795036070404829
TOKYOTECH_s01,74,154,79.13333333333334,0.13423636555671692,-0.5200437101377311
TOKYOTECH_s01,74,155,79.16666666666667,0.040636930614709854,0.04780292959541015
TOKYOTECH_s01,74,156,79.2,-0.03603034466505051,0.628333030832279
TOKYOTECH_s01,74,157,79.23333333333333,-0.5141474604606628,1.1147880446929541
TOKYOTECH_s01,74,158,79.26666666666667,-0.8124292492866516,1.4213346929772661
TOKYOTECH_s01,74,159,79.3,-0.7695081830024719,1.5074700451495686
TOKYOTECH_s01,74,160,79.33333333333333,-0.833535373210907,1.385406264668163
TOKYOTECH_s01,74,161,79.36666666666666,-1.1179957389831543,1.1096055007788486
TOKYOTECH_s01,74,162,79.4,-1.0825563669204712,0.7545923123999737
TOKYOTECH_s01,74,163,79.43333333333334,-0.6763418912887573,0.39012967122218867
TOKYOTECH_s01,74,164,79.46666666666667,0.04378709942102432,0.06220249763413406
TOKYOTECH_s01,74,165,79.5,1.1557972431182861,-0.21469490090291127
TOKYOTECH_s01,74,166,79.53333333333333,1.8359978199005127,-0.4523863560215392
TOKYOTECH_s01,74,167,79.56666666666666,1.6123751401901245,-0.6734763823776522
TOKYOTECH_s01,74,168,79.6,0.9054768681526184,-0.8915829435542885
TOKYOTECH_s01,74,169,79.63333333333334,0.45846766233444214,-1.095509916261856
TOKYOTECH_s01,74,170,79.66666666666667,0.22826895117759705,-1.244858967282654
TOKYOTECH_s01,74,171,79.7,0.2120455801486969,-1.2806563976329537
TOKYOTECH_s01,74,172,79.73333333333333,0.24921758472919464,-1.1482677543212878
TOKYOTECH_s01,74,173,79.76666666666667,0.16806133091449738,-0.8239609330015722
TOKYOTECH_s01,74,174,79.8,-0.009923306293785572,-0.3338577482470732
TOKYOTECH_s01,74,175,79.83333333333333,-0.08674808591604233,0.24416941069212497
TOKYOTECH_s01,74,176,79.86666666666666,-0.14065538346767426,0.799146343775564
TOKYOTECH_s01,74,177,79.9,-0.34317195415496826,1.2207770306463177
TOKYOTECH_s01,74,178,79.93333333333334,-0.7270202040672302,1.4345214997447524
TOKYOTECH_s01,74,179,79.96666666666667,-1.0467231273651123,1.422389085462431
TOKYOTECH_s01,74,180,80.0,-1.080430030822754,1.2215181125730539
TOKYOTECH_s01,74,181,80.03333333333333,-1.0424704551696777,0.903826926779476
TOKYOTECH_s01,74,182,80.06666666666666,-0.8205803036689758,0.5472309707371946
TOKYOTECH_s01,74,183,80.1,0.15758700668811798,0.2101998882306387
TOKYOTECH_s01,74,184,80.13333333333334,1.3427993059158325,-0.08156291627252482
TOKYOTECH_s01,74,185,80.16666666666667,1.7484230995178223,-0.33284574630604624
TOKYOTECH_s01,74,186,80.2,1.2868050336837769,-0.5634659694883695
TOKYOTECH_s01,74,187,80.23333333333333,0.9582421779632568,-0.7870361474843505
TOKYOTECH_s01,74,188,80.26666666666667,0.8554285168647766,-0.9940057805308473
TOKYOTECH_s01,74,189,80.3,0.45043471455574036,-1.1474484425754017
TOKYOTECH_s01,74,190,80.33333333333333,0.05481269583106041,-1.1941709703540484
TOKYOTECH_s01,74,191,80.36666666666666,-0.2032650113105774,-1.0867241889729147
TOKYOTECH_s01,74,192,80.4,-0.07749446481466293,-0.8073563620241923
TOKYOTECH_s01,74,193,80.43333333333334,-0.054970744997262955,-0.38375421959832684
TOKYOTECH_s01,74,194,80.46666666666667,-0.23484547436237335,0.11152664205885465
TOKYOTECH_s01,74,195,80.5,-0.46673738956451416,0.5799541222960458
TOKYOTECH_s01,74,196,80.53333333333333,-0.5219835042953491,0.9274001375069205
TOKYOTECH_s01,74,197,80.56666666666666,-0.6291680335998535,1.093157644524731
TOKYOTECH_s01,74,198,80.6,-0.6908326745033264,1.066028295747678
TOKYOTECH_s01,74,199,80.63333333333334,-1.06593918800354,0.8826871768807035
TOKYOTECH_s01,74,200,80.66666666666667,-1.189504623413086,0.6110253736164096
TOKYOTECH_s01,74,201,80.7,-1.2526655197143555,0.32595746140736415
TOKYOTECH_s01,74,202,80.73333333333333,-0.8190839886665344,0.08615462399598027
TOKYOTECH_s01,74,203,80.76666666666667,0.41861799359321594,-0.08140604308112355
TOKYOTECH_s01,74,204,80.8,1.6806550025939941,-0.18470327311131077
TOKYOTECH_s01,74,205,80.83333333333333,1.9222731590270996,-0.25683023863164045
TOKYOTECH_s01,74,206,80.86666666666666,1.4853050708770752,-0.33661291247057634
TOKYOTECH_s01,74,207,80.9,0.9226058721542358,-0.44723978535090037
TOKYOTECH_s01,74,208,80.93333333333334,0.37372806668281555,-0.5818747119014754
TOKYOTECH_s01,74,209,80.96666666666667,-0.016893059015274048,-0.7028046951558584
TOKYOTECH_s01,74,210,81.0,-0.16786497831344604,-0.754986780456024
TOKYOTECH_s01,74,211,81.03333333333333,7.848445238778368e-05,-0.688815274890487
TOKYOTECH_s01,74,212,81.06666666666666,0.08820450305938721,-0.48336751540815937
TOKYOTECH_s01,74,213,81.1,0.14943593740463257,-0.1607259662120594
TOKYOTECH_s01,74,214,81.13333333333334,0.0020473410841077566,0.21592806049917354
TOKYOTECH_s01,74,215,81.16666666666667,-0.17987500131130219,0.5618049313232988
TOKYOTECH_s01,74,216,81.2,-0.4421660602092743,0.8001414931472302
TOKYOTECH_s01,74,217,81.23333333333333,-0.6921321153640747,0.8886537110065418
TOKYOTECH_s01,74,218,81.26666666666667,-0.7681299448013306,0.8312695756229053
TOKYOTECH_s01,74,219,81.3,-0.9003977179527283,0.6712910655456921
TOKYOTECH_s01,74,220,81.33333333333333,-0.9197713136672974,0.4706268857547821
TOKYOTECH_s01,74,221,81.36666666666666,-0.9357977509498596,0.28495766557713204
TOKYOTECH_s01,74,222,81.4,-0.44370177388191223,0.14492212409142224
TOKYOTECH_s01,74,223,81.43333333333334,0.790141224861145,0.04974114262990642
TOKYOTECH_s01,74,224,81.46666666666667,1.663683533668518,-0.025560887430242096
TOKYOTECH_s01,74,225,81.5,1.4032825231552124,-0.11328437506705566
TOKYOTECH_s01,74,226,81.53333333333333,0.8398351669311523,-0.2340281458299616
TOKYOTECH_s01,74,227,81.56666666666666,0.45008033514022827,-0.3835092722189572
TOKYOTECH_s01,74,228,81.6,0.10714489966630936,-0.5303768970303142
TOKYOTECH_s01,74,229,81.63333333333334,-0.16215530037879944,-0.6257906010746151
TOKYOTECH_s01,74,230,81.66666666666667,-0.2548884451389313,-0.6216678049267595
TOKYOTECH_s01,74,231,81.7,-0.032604534178972244,-0.4915125271346527
TOKYOTECH_s01,74,232,81.73333333333333,0.053040724247694016,-0.2458290360126981
TOKYOTECH_s01,74,233,81.76666666666667,0.02909942902624607,0.06515004037195235
TOKYOTECH_s01,74,234,81.8,-0.20932909846305847,0.3642546826172563
TOKYOTECH_s01,74,235,81.83333333333333,-0.32911431789398193,0.5716478862690065
TOKYOTECH_s01,74,236,81.86666666666666,-0.6188119053840637,0.6305977040981133
TOKYOTECH_s01,74,237,81.9,-0.8634226322174072,0.5241356973113074
TOKYOTECH_s01,74,238,81.93333333333334,-0.9477684497833252,0.2778002447877587
TOKYOTECH_s01,74,239,81.96666666666667,-1.0572367906570435,-0.049237070552259385
TOKYOTECH_s01,75,0,75.0,-0.6929590106010437,0.008651939597341972
TOKYOTECH_s01,75,1,75.03333333333333,0.7686412930488586,0.07298637723061008
TOKYOTECH_s01,75,2,75.06666666666666,1.8436763286590576,0.08363764334835558
TOKYOTECH_s01,75,3,75.1,1.6094218492507935,0.005060420357383632
TOKYOTECH_s01,75,4,75.13333333333334,1.104410171508789,-0.16776681018353853
TOKYOTECH_s01,75,5,75.16666666666667,0.49878984689712524,-0.405743055976065
TOKYOTECH_s01,75,6,75.2,0.34895986318588257,-0.6524088617895901
TOKYOTECH_s01,75,7,75.23333333333333,-0.14077350497245789,-0.8394143349799084
TOKYOTECH_s01,75,8,75.26666666666667,-0.354788213968277,-0.9063552261248427
TOKYOTECH_s01,75,9,75.3,0.05693906173110008,-0.8193064019762722
TOKYOTECH_s01,75,10,75.33333333333333,-0.07572249323129654,-0.5827058249961177
TOKYOTECH_s01,75,11,75.36666666666666,-0.18330080807209015,-0.240628560366462
TOKYOTECH_s01,75,12,75.4,-0.2009417712688446,0.1343474332077529
TOKYOTECH_s01,75,13,75.43333333333334,-0.7469450831413269,0.4626013293835248
TOKYOTECH_s01,75,14,75.46666666666667,-1.1052769422531128,0.6819739157441186
TOKYOTECH_s01,75,15,75.5,-0.8353073596954346,0.7653060340183607
TOKYOTECH_s01,75,16,75.53333333333333,-1.00714910030365,0.7238219181711605
TOKYOTECH_s01,75,17,75.56666666666666,-1.4505749940872192,0.5959026708894022
TOKYOTECH_s01,75,18,75.6,-1.254319429397583,0.42741054333095707
TOKYOTECH_s01,75,19,75.63333333333334,-0.807703971862793,0.25295068496355044
TOKYOTECH_s01,75,20,75.66666666666667,-0.027879279106855392,0.0860266940465734
TOKYOTECH_s01,75,21,75.7,1.0707426071166992,-0.07874609197821433
TOKYOTECH_s01,75,22,75.73333333333333,1.871397852897644,-0.2537521148748788
TOKYOTECH_s01,75,23,75.76666666666667,1.5901269912719727,-0.4431330986346512
TOKYOTECH_s01,75,24,75.8,0.8061283230781555,-0.6315008612530092
TOKYOTECH_s01,75,25,75.83333333333333,0.462365984916687,-0.7820379617952372
TOKYOTECH_s01,75,26,75.86666666666666,0.13876473903656006,-0.8456776784186719
TOKYOTECH_s01,75,27,75.9,-0.43755894899368286,-0.7786959606130256
TOKYOTECH_s01,75,28,75.93333333333334,-0.2276788353919983,-0.5623683833914127
TOKYOTECH_s01,75,29,75.96666666666667,-0.11155568063259125,-0.21654118874679584
TOKYOTECH_s01,75,30,76.0,-0.3302956521511078,0.19991186951922185
TOKYOTECH_s01,75,31,76.03333333333333,-0.09875811636447906,0.6040124096586752
TOKYOTECH_s01,75,32,76.06666666666666,-0.4261789619922638,0.9140582853565611
TOKYOTECH_s01,75,33,76.1,-0.6433438062667847,1.0750502142726142
TOKYOTECH_s01,75,34,76.13333333333334,-0.6418080925941467,1.0736030124341482
TOKYOTECH_s01,75,35,76.16666666666667,-1.2332133054733276,0.9368116725815657
TOKYOTECH_s01,75,36,76.2,-1.3802474737167358,0.7168392154414258
TOKYOTECH_s01,75,37,76.23333333333333,-1.0204192399978638,0.4688135320698316
TOKYOTECH_s01,75,38,76.26666666666667,-0.9862792491912842,0.23138086500619895
TOKYOTECH_s01,75,39,76.3,-0.20105989277362823,0.01706937492169544
TOKYOTECH_s01,75,40,76.33333333333333,1.583432912826538,-0.18481693240687594
TOKYOTECH_s01,75,41,76.36666666666666,1.9191622734069824,-0.3948797836023084
TOKYOTECH_s01,75,42,76.4,1.5927653312683105,-0.6257018992221425
TOKYOTECH_s01,75,43,76.43333333333334,1.0332950353622437,-0.8668005221120151
TOKYOTECH_s01,75,44,76.46666666666667,0.25933751463890076,-1.0791575113222336
TOKYOTECH_s01,75,45,76.5,0.0790296345949173,-1.2028138669211357
TOKYOTECH_s01,75,46,76.53333333333333,-0.01008081529289484,-1.1761509356582196
TOKYOTECH_s01,75,47,76.56666666666666,-0.068477101624012,-0.9606623819851332
TOKYOTECH_s01,75,48,76.6,0.25811681151390076,-0.5620343055978592
TOKYOTECH_s01,75,49,76.63333333333334,0.1311255693435669,-0.03815282706967541
TOKYOTECH_s01,75,50,76.66666666666667,-0.28284621238708496,0.5120605429867726
TOKYOTECH_s01,75,51,76.7,-0.0634368285536766,0.9775319963436614
TOKYOTECH_s01,75,52,76.73333333333333,-0.3793201744556427,1.2704963190920102
TOKYOTECH_s01,75,53,76.76666666666667,-0.7272958755493164,1.3525942352872176
TOKYOTECH_s01,75,54,76.8,-0.7957333326339722,1.2405534296944674
TOKYOTECH_s01,75,55,76.83333333333333,-1.1018905639648438,0.9910846601884609
TOKYOTECH_s01,75,56,76.86666666666666,-1.3004693984985352,0.6739001260544052
TOKYOTECH_s01,75,57,76.9,-0.5646682977676392,0.3456048155465224
TOKYOTECH_s01,75,58,76.93333333333334,0.26075509190559387,0.035038530992249475
TOKYOTECH_s01,75,59,76.96666666666667,1.5302737951278687,-0.2556521038302681
TOKYOTECH_s01,75,60,77.0,2.003390073776245,-0.5371444957408442
TOKYOTECH_s01,75,61,77.03333333333333,1.539448618888855,-0.814179958046598
TOKYOTECH_s01,75,62,77.06666666666666,1.108347773551941,-1.0708213292921984
TOKYOTECH_s01,75,63,77.1,0.5581705570220947,-1.2662088615102587
TOKYOTECH_s01,75,64,77.13333333333334,-0.23964948952198029,-1.3431169663135065
TOKYOTECH_s01,75,65,77.16666666666667,-0.011734655126929283,-1.2471670137968747
TOKYOTECH_s01,75,66,77.2,0.09804878383874893,-0.9507065531974452
TOKYOTECH_s01,75,67,77.23333333333333,0.13407886028289795,-0.47233941207740526
TOKYOTECH_s01,75,68,77.26666666666667,0.2144869565963745,0.11788072850060674
TOKYOTECH_s01,75,69,77.3,-0.13904091715812683,0.7132242372457603
TOKYOTECH_s01,75,70,77.33333333333333,-0.2848150432109833,1.2007238751910883
TOKYOTECH_s01,75,71,77.36666666666666,-0.5778990387916565,1.4942945600582447
TOKYOTECH_s01,75,72,77.4,-0.8281013369560242,1.556816874300485
TOKYOTECH_s01,75,73,77.43333333333334,-0.8125079870223999,1.4039301113865963
TOKYOTECH_s01,75,74,77.46666666666667,-1.0780279636383057,1.0909298099197442
TOKYOTECH_s01,75,75,77.5,-0.9250872135162354,0.690348084457288
TOKYOTECH_s01,75,76,77.53333333333333,-0.5562416315078735,0.26930726251915516
TOKYOTECH_s01,75,77,77.56666666666666,0.48382654786109924,-0.1261339477513823
TOKYOTECH_s01,75,78,77.6,1.9059315919876099,-0.47549072387365354
TOKYOTECH_s01,75,79,77.63333333333334,1.8522605895996094,-0.776925926149822
TOKYOTECH_s01,75,80,77.66666666666667,1.4271056652069092,-1.0329804115788772
TOKYOTECH_s01,75,81,77.7,0.9904133081436157,-1.23603459605575
TOKYOTECH_s01,75,82,77.73333333333333,0.4300767481327057,-1.3604705457094008
TOKYOTECH_s01,75,83,77.76666666666667,0.1380559504032135,-1.3658260650501675
TOKYOTECH_s01,75,84,77.8,-0.039219893515110016,-1.2112369434869574
TOKYOTECH_s01,75,85,77.83333333333333,0.22255927324295044,-0.8765922267062203
TOKYOTECH_s01,75,86,77.86666666666666,0.3585284948348999,-0.3812713954332959
TOKYOTECH_s01,75,87,77.9,0.05741158500313759,0.2097109221555729
TOKYOTECH_s01,75,88,77.93333333333334,-0.04768597334623337,0.7976692993726545
TOKYOTECH_s01,75,89,77.96666666666667,-0.2046825885772705,1.2771848210617731
TOKYOTECH_s01,75,90,78.0,-0.7106786966323853,1.5668370821318744
TOKYOTECH_s01,75,91,78.03333333333333,-0.756553053855896,1.6305292303258316
TOKYOTECH_s01,75,92,78.06666666666666,-0.6496441960334778,1.4819747795528866
TOKYOTECH_s01,75,93,78.1,-0.935128390789032,1.173436185538084
TOKYOTECH_s01,75,94,78.13333333333334,-0.9656062722206116,0.7751516047160522
TOKYOTECH_s01,75,95,78.16666666666667,-0.4163346588611603,0.3533318765389519
TOKYOTECH_s01,75,96,78.2,0.6199532747268677,-0.046122593317546735
TOKYOTECH_s01,75,97,78.23333333333333,1.5860711336135864,-0.403391639501564
TOKYOTECH_s01,75,98,78.26666666666667,1.920304298400879,-0.7189760061521928
TOKYOTECH_s01,75,99,78.3,1.317637324333191,-0.9995346059753663
TOKYOTECH_s01,75,100,78.33333333333333,0.6730336546897888,-1.2415953817876277
TOKYOTECH_s01,75,101,78.36666666666666,0.5303308963775635,-1.4205982232349301
TOKYOTECH_s01,75,102,78.4,0.22752079367637634,-1.4913491763362323
TOKYOTECH_s01,75,103,78.43333333333334,-0.13530008494853973,-1.4018628611679391
TOKYOTECH_s01,75,104,78.46666666666667,-0.027682391926646233,-1.1166337375496345
TOKYOTECH_s01,75,105,78.5,0.38262730836868286,-0.6399212244390351
TOKYOTECH_s01,75,106,78.53333333333333,0.17282596230506897,-0.02756562064669828
TOKYOTECH_s01,75,107,78.56666666666666,-0.30536991357803345,0.6205460013930162
TOKYOTECH_s01,75,108,78.6,-0.5532096028327942,1.1864997196908096
TOKYOTECH_s01,75,109,78.63333333333334,-0.5464367270469666,1.5687800248370547
TOKYOTECH_s01,75,110,78.66666666666667,-0.6915808320045471,1.7107666221011015
TOKYOTECH_s01,75,111,78.7,-1.1041743755340576,1.6121319825925848
TOKYOTECH_s01,75,112,78.73333333333333,-1.0786974430084229,1.320759023237759
TOKYOTECH_s01,75,113,78.76666666666667,-0.7337537407875061,0.9113377832095525
TOKYOTECH_s01,75,114,78.8,-0.5808523297309875,0.46022553671540994
TOKYOTECH_s01,75,115,78.83333333333333,0.2741433084011078,0.025195878849301457
TOKYOTECH_s01,75,116,78.86666666666666,1.7241274118423462,-0.3639443985730167
TOKYOTECH_s01,75,117,78.9,1.9687775373458862,-0.7017337510803724
TOKYOTECH_s01,75,118,78.93333333333334,1.2284480333328247,-0.993230244514806
TOKYOTECH_s01,75,119,78.96666666666667,0.9631249904632568,-1.2369360283954924
TOKYOTECH_s01,75,120,79.0,0.6171181201934814,-1.4127290461254498
TOKYOTECH_s01,75,121,79.03333333333333,0.02327161468565464,-1.4810415471290077
TOKYOTECH_s01,75,122,79.06666666666666,0.0733199492096901,-1.395000033862982
TOKYOTECH_s01,75,123,79.1,0.3660889267921448,-1.121690694984313
TOKYOTECH_s01,75,124,79.13333333333334,0.13423636555671692,-0.6640318585019729
TOKYOTECH_s01,75,125,79.16666666666667,0.040636930614709854,-0.07286407171111914
TOKYOTECH_s01,75,126,79.2,-0.03603034466505051,0.5586441312333645
TOKYOTECH_s01,75,127,79.23333333333333,-0.5141474604606628,1.1187473466261082
TOKYOTECH_s01,75,128,79.26666666666667,-0.8124292492866516,1.509757919944412
TOKYOTECH_s01,75,129,79.3,-0.7695081830024719,1.67515152679197
TOKYOTECH_s01,75,130,79.33333333333333,-0.833535373210907,1.6106254844694003
TOKYOTECH_s01,75,131,79.36666666666666,-1.1179957389831543,1.3574578583124581
TOKYOTECH_s01,75,132,79.4,-1.0825563669204712,0.9836631917603281
TOKYOTECH_s01,75,133,79.43333333333334,-0.6763418912887573,0.5612395809006618
TOKYOTECH_s01,75,134,79.46666666666667,0.04378709942102432,0.1469752898941536
TOKYOTECH_s01,75,135,79.5,1.1557972431182861,-0.2281032754813893
TOKYOTECH_s01,75,136,79.53333333333333,1.8359978199005127,-0.5580532594152884
TOKYOTECH_s01,75,137,79.56666666666666,1.6123751401901245,-0.8507080049611234
TOKYOTECH_s01,75,138,79.6,0.9054768681526184,-1.110572712067581
TOKYOTECH_s01,75,139,79.63333333333334,0.45846766233444214,-1.3238750521519644
TOKYOTECH_s01,75,140,79.66666666666667,0.22826895117759705,-1.453389006812072
TOKYOTECH_s01,75,141,79.7,0.2120455801486969,-1.4468697644423152
TOKYOTECH_s01,75,142,79.73333333333333,0.24921758472919464,-1.2573068334252435
TOKYOTECH_s01,75,143,79.76666666666667,0.16806133091449738,-0.8676951002276364
TOKYOTECH_s01,75,144,79.8,-0.009923306293785572,-0.3097090721138377
TOKYOTECH_s01,75,145,79.83333333333333,-0.08674808591604233,0.33364415355429416
TOKYOTECH_s01,75,146,79.86666666666666,-0.14065538346767426,0.945869652301695
TOKYOTECH_s01,75,147,79.9,-0.34317195415496826,1.410606548448291
TOKYOTECH_s01,75,148,79.93333333333334,-0.7270202040672302,1.6472590291507132
TOKYOTECH_s01,75,149,79.96666666666667,-1.0467231273651123,1.6327614489456705
TOKYOTECH_s01,75,150,80.0,-1.080430030822754,1.401384084753858
TOKYOTECH_s01,75,151,80.03333333333333,-1.0424704551696777,1.0257836522709718
TOKYOTECH_s01,75,152,80.06666666666666,-0.8205803036689758,0.5893392992552218
TOKYOTECH_s01,75,153,80.1,0.15758700668811798,0.16077472040939855
TOKYOTECH_s01,75,154,80.13333333333334,1.3427993059158325,-0.22060871587104725
TOKYOTECH_s01,75,155,80.16666666666667,1.7484230995178223,-0.5453675228731382
TOKYOTECH_s01,75,156,80.2,1.2868050336837769,-0.8216164895315748
TOKYOTECH_s01,75,157,80.23333333333333,0.9582421779632568,-1.0563473969410322
TOKYOTECH_s01,75,158,80.26666666666667,0.8554285168647766,-1.239450502173685
TOKYOTECH_s01,75,159,80.3,0.45043471455574036,-1.338589620268356
TOKYOTECH_s01,75,160,80.33333333333333,0.05481269583106041,-1.308234095760857
TOKYOTECH_s01,75,161,80.36666666666666,-0.2032650113105774,-1.1097714633380917
TOKYOTECH_s01,75,162,80.4,-0.07749446481466293,-0.7346405261000906
TOKYOTECH_s01,75,163,80.43333333333334,-0.054970744997262955,-0.22010622626987844
TOKYOTECH_s01,75,164,80.46666666666667,-0.23484547436237335,0.35150123821842527
TOKYOTECH_s01,75,165,80.5,-0.46673738956451416,0.8729545759520618
TOKYOTECH_s01,75,166,80.53333333333333,-0.5219835042953491,1.2444884300256578
TOKYOTECH_s01,75,167,80.56666666666666,-0.6291680335998535,1.4041606849102128
TOKYOTECH_s01,75,168,80.6,-0.6908326745033264,1.343697639347231
TOKYOTECH_s01,75,169,80.63333333333334,-1.06593918800354,1.1051967260810815
TOKYOTECH_s01,75,170,80.66666666666667,-1.189504623413086,0.7623120463567175
TOKYOTECH_s01,75,171,80.7,-1.2526655197143555,0.39448287408665345
TOKYOTECH_s01,75,172,80.73333333333333,-0.8190839886665344,0.06346875304705668
TOKYOTECH_s01,75,173,80.76666666666667,0.41861799359321594,-0.2007573192379392
TOKYOTECH_s01,75,174,80.8,1.6806550025939941,-0.40109893499795896
TOKYOTECH_s01,75,175,80.83333333333333,1.9222731590270996,-0.5618582419766681
TOKYOTECH_s01,75,176,80.86666666666666,1.4853050708770752,-0.7095586238991046
TOKYOTECH_s01,75,177,80.9,0.9226058721542358,-0.8540007682574595
TOKYOTECH_s01,75,178,80.93333333333334,0.37372806668281555,-0.9775629192856002
TOKYOTECH_s01,75,179,80.96666666666667,-0.016893059015274048,-1.03770614509046
TOKYOTECH_s01,75,180,81.0,-0.16786497831344604,-0.982571586062495
TOKYOTECH_s01,75,181,81.03333333333333,7.848445238778368e-05,-0.7742680615426578
TOKYOTECH_s01,75,182,81.06666666666666,0.08820450305938721,-0.41081163762711237
TOKYOTECH_s01,75,183,81.1,0.14943593740463257,0.06303918512394802
TOKYOTECH_s01,75,184,81.13333333333334,0.0020473410841077566,0.5627775632451548
TOKYOTECH_s01,75,185,81.16666666666667,-0.17987500131130219,0.9884712599582872
TOKYOTECH_s01,75,186,81.2,-0.4421660602092743,1.2567706005009147
TOKYOTECH_s01,75,187,81.23333333333333,-0.6921321153640747,1.326246880989154
TOKYOTECH_s01,75,188,81.26666666666667,-0.7681299448013306,1.2056557997652089
TOKYOTECH_s01,75,189,81.3,-0.9003977179527283,0.9438561816153785
TOKYOTECH_s01,75,190,81.33333333333333,-0.9197713136672974,0.608100192996244
TOKYOTECH_s01,75,191,81.36666666666666,-0.9357977509498596,0.260818207273244
TOKYOTECH_s01,75,192,81.4,-0.44370177388191223,-0.05644197828164624
TOKYOTECH_s01,75,193,81.43333333333334,0.790141224861145,-0.3276800190225938
TOKYOTECH_s01,75,194,81.46666666666667,1.663683533668518,-0.5562816798790492
TOKYOTECH_s01,75,195,81.5,1.4032825231552124,-0.7521550843248174
TOKYOTECH_s01,75,196,81.53333333333333,0.8398351669311523,-0.9179442034587459
TOKYOTECH_s01,75,197,81.56666666666666,0.45008033514022827,-1.0399178150297874
TOKYOTECH_s01,75,198,81.6,0.10714489966630936,-1.0874850798413092
TOKYOTECH_s01,75,199,81.63333333333334,-0.16215530037879944,-1.022517681000157
TOKYOTECH_s01,75,200,81.66666666666667,-0.2548884451389313,-0.8161532105252394
TOKYOTECH_s01,75,201,81.7,-0.032604534178972244,-0.46714052748813634
TOKYOTECH_s01,75,202,81.73333333333333,0.053040724247694016,-0.013402931433676398
TOKYOTECH_s01,75,203,81.76666666666667,0.02909942902624607,0.4705117191981384
TOKYOTECH_s01,75,204,81.8,-0.20932909846305847,0.8920270626979673
TOKYOTECH_s01,75,205,81.83333333333333,-0.32911431789398193,1.1691337697791384
TOKYOTECH_s01,75,206,81.86666666666666,-0.6188119053840637,1.2565569136791748
TOKYOTECH_s01,75,207,81.9,-0.8634226322174072,1.1573574743772206
TOKYOTECH_s01,75,208,81.93333333333334,-0.9477684497833252,0.9159291454670795
TOKYOTECH_s01,75,209,81.96666666666667,-1.0572367906570435,0.5979767548033251
TOKYOTECH_s01,75,210,82.0,-1.0190016031265259,0.2674169684259514
TOKYOTECH_s01,75,211,82.03333333333333,-0.7574981451034546,-0.031084315450038584
TOKYOTECH_s01,75,212,82.06666666666666,0.37038102746009827,-0.2790097331326352
TOKYOTECH_s01,75,213,82.1,1.7196383476257324,-0.47969107221060336
TOKYOTECH_s01,75,214,82.13333333333334,1.818081259727478,-0.6459304244789678
TOKYOTECH_s01,75,215,82.16666666666667,1.4200178384780884,-0.7852229710991568
TOKYOTECH_s01,75,216,82.2,0.9365454316139221,-0.8891189047585503
TOKYOTECH_s01,75,217,82.23333333333333,0.5007981061935425,-0.9317889163000683
TOKYOTECH_s01,75,218,82.26666666666667,0.10009639710187912,-0.8791413064481577
TOKYOTECH_s01,75,219,82.3,-0.060601674020290375,-0.7053791354765259
TOKYOTECH_s01,75,220,82.33333333333333,0.20917104184627533,-0.4104844456115808
TOKYOTECH_s01,75,221,82.36666666666666,0.3018648028373718,-0.030686924896544433
TOKYOTECH_s01,75,222,82.4,0.1522710919380188,0.36472012581770585
TOKYOTECH_s01,75,223,82.43333333333334,-0.19456267356872559,0.6916159956618853
TOKYOTECH_s01,75,224,82.46666666666667,-0.5063901543617249,0.8777691573643603
TOKYOTECH_s01,75,225,82.5,-0.7118600606918335,0.8863459970569122
TOKYOTECH_s01,75,226,82.53333333333333,-1.0790517330169678,0.7265491391909463
TOKYOTECH_s01,75,227,82.56666666666666,-1.3865084648132324,0.44854925716277055
TOKYOTECH_s01,75,228,82.6,-1.4782965183258057,0.12645958961964415
TOKYOTECH_s01,75,229,82.63333333333334,-1.2106107473373413,-0.16347682058126908
TOKYOTECH_s01,75,230,82.66666666666667,-0.7756509780883789,-0.362481184956499
TOKYOTECH_s01,75,231,82.7,0.2974545657634735,-0.4418732883059362
TOKYOTECH_s01,75,232,82.73333333333333,1.5308250188827515,-0.4065845469313197
TOKYOTECH_s01,75,233,82.76666666666667,1.8291856050491333,-0.28970391811501084
TOKYOTECH_s01,75,234,82.8,1.265777587890625,-0.14028174976563296
TOKYOTECH_s01,75,235,82.83333333333333,0.5773472189903259,-0.008147300078561577
TOKYOTECH_s01,75,236,82.86666666666666,0.18916746973991394,0.06994377792867541
TOKYOTECH_s01,75,237,82.9,-0.008269467391073704,0.07917100990776534
TOKYOTECH_s01,75,238,82.93333333333334,-0.16073772311210632,0.028599570062457735
TOKYOTECH_s01,75,239,82.96666666666667,0.010434669442474842,-0.053521248725335105
TOKYOTECH_s01,76,0,76.0,-0.3302956521511078,-0.10690224007127276
TOKYOTECH_s01,76,1,76.03333333333333,-0.09875811636447906,0.004640838024051723
TOKYOTECH_s01,76,2,76.06666666666666,-0.4261789619922638,0.0653341521693322
TOKYOTECH_s01,76,3,76.1,-0.6433438062667847,0.044775988568940085
TOKYOTECH_s01,76,4,76.13333333333334,-0.6418080925941467,-0.05120176171026924
TOKYOTECH_s01,76,5,76.16666666666667,-1.2332133054733276,-0.18280978696183586
TOKYOTECH_s01,76,6,76.2,-1.3802474737167358,-0.2938900708098904
TOKYOTECH_s01,76,7,76.23333333333333,-1.0204192399978638,-0.3373617336704673
TOKYOTECH_s01,76,8,76.26666666666667,-0.9862792491912842,-0.2970817866193104
TOKYOTECH_s01,76,9,76.3,-0.20105989277362823,-0.19599930008740005
TOKYOTECH_s01,76,10,76.33333333333333,1.583432912826538,-0.08663506736828856
TOKYOTECH_s01,76,11,76.36666666666666,1.9191622734069824,-0.02794246360225187
TOKYOTECH_s01,76,12,76.4,1.5927653312683105,-0.058684374064502574
TOKYOTECH_s01,76,13,76.43333333333334,1.0332950353622437,-0.1788065457315257
TOKYOTECH_s01,76,14,76.46666666666667,0.25933751463890076,-0.34643711939993754
TOKYOTECH_s01,76,15,76.5,0.0790296345949173,-0.4915638310025637
TOKYOTECH_s01,76,16,76.53333333333333,-0.01008081529289484,-0.5413500179584807
TOKYOTECH_s01,76,17,76.56666666666666,-0.068477101624012,-0.44814824605652576
TOKYOTECH_s01,76,18,76.6,0.25811681151390076,-0.21010643843227397
TOKYOTECH_s01,76,19,76.63333333333334,0.1311255693435669,0.12403843677272272
TOKYOTECH_s01,76,20,76.66666666666667,-0.28284621238708496,0.46971919338866086
TOKYOTECH_s01,76,21,76.7,-0.0634368285536766,0.7368162507850056
TOKYOTECH_s01,76,22,76.73333333333333,-0.3793201744556427,0.8629045289850529
TOKYOTECH_s01,76,23,76.76666666666667,-0.7272958755493164,0.834096111854689
TOKYOTECH_s01,76,24,76.8,-0.7957333326339722,0.6846720716432995
TOKYOTECH_s01,76,25,76.83333333333333,-1.1018905639648438,0.47760835612499475
TOKYOTECH_s01,76,26,76.86666666666666,-1.3004693984985352,0.27601711564138487
TOKYOTECH_s01,76,27,76.9,-0.5646682977676392,0.11798593078664082
TOKYOTECH_s01,76,28,76.93333333333334,0.26075509190559387,0.004996018972966381
TOKYOTECH_s01,76,29,76.96666666666667,1.5302737951278687,-0.09190648735376912
TOKYOTECH_s01,76,30,77.0,2.003390073776245,-0.21174517986596786
TOKYOTECH_s01,76,31,77.03333333333333,1.539448618888855,-0.3786699748841987
TOKYOTECH_s01,76,32,77.06666666666666,1.108347773551941,-0.5836453008103037
TOKYOTECH_s01,76,33,77.1,0.5581705570220947,-0.7808372368837672
TOKYOTECH_s01,76,34,77.13333333333334,-0.23964948952198029,-0.9006417428014402
TOKYOTECH_s01,76,35,77.16666666666667,-0.011734655126929283,-0.8749427018557956
TOKYOTECH_s01,76,36,77.2,0.09804878383874893,-0.665793789182033
TOKYOTECH_s01,76,37,77.23333333333333,0.13407886028289795,-0.2866644403684101
TOKYOTECH_s01,76,38,77.26666666666667,0.2144869565963745,0.1938458733143288
TOKYOTECH_s01,76,39,77.3,-0.13904091715812683,0.6702033448601881
TOKYOTECH_s01,76,40,77.33333333333333,-0.2848150432109833,1.034112284005508
TOKYOTECH_s01,76,41,77.36666666666666,-0.5778990387916565,1.2100702123299596
TOKYOTECH_s01,76,42,77.4,-0.8281013369560242,1.176965641296252
TOKYOTECH_s01,76,43,77.43333333333334,-0.8125079870223999,0.9677564785591002
TOKYOTECH_s01,76,44,77.46666666666667,-1.0780279636383057,0.650162976164441
TOKYOTECH_s01,76,45,77.5,-0.9250872135162354,0.29918590565626535
TOKYOTECH_s01,76,46,77.53333333333333,-0.5562416315078735,-0.026875821862211227
TOKYOTECH_s01,76,47,77.56666666666666,0.48382654786109924,-0.29938473964370227
TOKYOTECH_s01,76,48,77.6,1.9059315919876099,-0.518896008911058
TOKYOTECH_s01,76,49,77.63333333333334,1.8522605895996094,-0.7033010323869455
TOKYOTECH_s01,76,50,77.66666666666667,1.4271056652069092,-0.8700799750551705
TOKYOTECH_s01,76,51,77.7,0.9904133081436157,-1.0198898903758546
TOKYOTECH_s01,76,52,77.73333333333333,0.4300767481327057,-1.1281770805520783
TOKYOTECH_s01,76,53,77.76666666666667,0.1380559504032135,-1.1490529223694612
TOKYOTECH_s01,76,54,77.8,-0.039219893515110016,-1.0318222971362314
TOKYOTECH_s01,76,55,77.83333333333333,0.22255927324295044,-0.7453676617865383
TOKYOTECH_s01,76,56,77.86666666666666,0.3585284948348999,-0.3003687038345921
TOKYOTECH_s01,76,57,77.9,0.05741158500313759,0.24222490224239254
TOKYOTECH_s01,76,58,77.93333333333334,-0.04768597334623337,0.7832277954843262
TOKYOTECH_s01,76,59,77.96666666666667,-0.2046825885772705,1.2148437785433874
TOKYOTECH_s01,76,60,78.0,-0.7106786966323853,1.4554159132132858
TOKYOTECH_s01,76,61,78.03333333333333,-0.756553053855896,1.4737472577781183
TOKYOTECH_s01,76,62,78.06666666666666,-0.6496441960334778,1.2934378600870895
TOKYOTECH_s01,76,63,78.1,-0.935128390789032,0.9778873590829007
TOKYOTECH_s01,76,64,78.13333333333334,-0.9656062722206116,0.6042787325018861
TOKYOTECH_s01,76,65,78.16666666666667,-0.4163346588611603,0.23755598696441693
TOKYOTECH_s01,76,66,78.2,0.6199532747268677,-0.08622558472681588
TOKYOTECH_s01,76,67,78.23333333333333,1.5860711336135864,-0.3623744507196702
TOKYOTECH_s01,76,68,78.26666666666667,1.920304298400879,-0.6067298543866497
TOKYOTECH_s01,76,69,78.3,1.317637324333191,-0.8370238777107902
TOKYOTECH_s01,76,70,78.33333333333333,0.6730336546897888,-1.0541829412069834
TOKYOTECH_s01,76,71,78.36666666666666,0.5303308963775635,-1.2313001672869575
TOKYOTECH_s01,76,72,78.4,0.22752079367637634,-1.3160924901324693
TOKYOTECH_s01,76,73,78.43333333333334,-0.13530008494853973,-1.248255464753336
TOKYOTECH_s01,76,74,78.46666666666667,-0.027682391926646233,-0.9865474506054328
TOKYOTECH_s01,76,75,78.5,0.38262730836868286,-0.5344832506416309
TOKYOTECH_s01,76,76,78.53333333333333,0.17282596230506897,0.04816127596319389
TOKYOTECH_s01,76,77,78.56666666666666,-0.30536991357803345,0.6559670097477456
TOKYOTECH_s01,76,78,78.6,-0.5532096028327942,1.1682968003605607
TOKYOTECH_s01,76,79,78.63333333333334,-0.5464367270469666,1.487146257407547
TOKYOTECH_s01,76,80,78.66666666666667,-0.6915808320045471,1.5661714494119805
TOKYOTECH_s01,76,81,78.7,-1.1041743755340576,1.4192281611768536
TOKYOTECH_s01,76,82,78.73333333333333,-1.0786974430084229,1.107237205325436
TOKYOTECH_s01,76,83,78.76666666666667,-0.7337537407875061,0.7117724711707005
TOKYOTECH_s01,76,84,78.8,-0.5808523297309875,0.3070592950018759
TOKYOTECH_s01,76,85,78.83333333333333,0.2741433084011078,-0.05993884615252666
TOKYOTECH_s01,76,86,78.86666666666666,1.7241274118423462,-0.37561449743286696
TOKYOTECH_s01,76,87,78.9,1.9687775373458862,-0.6510786519584313
TOKYOTECH_s01,76,88,78.93333333333334,1.2284480333328247,-0.9032189297879114
TOKYOTECH_s01,76,89,78.96666666666667,0.9631249904632568,-1.13403312873682
TOKYOTECH_s01,76,90,79.0,0.6171181201934814,-1.3178613793878537
TOKYOTECH_s01,76,91,79.03333333333333,0.02327161468565464,-1.4033476341547566
TOKYOTECH_s01,76,92,79.06666666666666,0.0733199492096901,-1.3310406971083308
TOKYOTECH_s01,76,93,79.1,0.3660889267921448,-1.060561373174608
TOKYOTECH_s01,76,94,79.13333333333334,0.13423636555671692,-0.5960067876010242
TOKYOTECH_s01,76,95,79.16666666666667,0.040636930614709854,0.0026498621127326962
TOKYOTECH_s01,76,96,79.2,-0.03603034466505051,0.6296915167563323
TOKYOTECH_s01,76,97,79.23333333333333,-0.5141474604606628,1.1635029356264182
TOKYOTECH_s01,76,98,79.26666666666667,-0.8124292492866516,1.504245896362654
TOKYOTECH_s01,76,99,79.3,-0.7695081830024719,1.6031246547560194
TOKYOTECH_s01,76,100,79.33333333333333,-0.833535373210907,1.4718367291188752
TOKYOTECH_s01,76,101,79.36666666666666,-1.1179957389831543,1.1708070548243605
TOKYOTECH_s01,76,102,79.4,-1.0825563669204712,0.7834231619647233
TOKYOTECH_s01,76,103,79.43333333333334,-0.6763418912887573,0.3873653398800189
TOKYOTECH_s01,76,104,79.46666666666667,0.04378709942102432,0.03311541669527847
TOKYOTECH_s01,76,105,79.5,1.1557972431182861,-0.2642549030383659
TOKYOTECH_s01,76,106,79.53333333333333,1.8359978199005127,-0.5186608415745785
TOKYOTECH_s01,76,107,79.56666666666666,1.6123751401901245,-0.7551588039966037
TOKYOTECH_s01,76,108,79.6,0.9054768681526184,-0.9877796022904565
TOKYOTECH_s01,76,109,79.63333333333334,0.45846766233444214,-1.2022421093298246
TOKYOTECH_s01,76,110,79.66666666666667,0.22826895117759705,-1.351829164081472
TOKYOTECH_s01,76,111,79.7,0.2120455801486969,-1.3701902791778193
TOKYOTECH_s01,76,112,79.73333333333333,0.24921758472919464,-1.1977226328923465
TOKYOTECH_s01,76,113,79.76666666666667,0.16806133091449738,-0.8115535265636921
TOKYOTECH_s01,76,114,79.8,-0.009923306293785572,-0.24625806386737686
TOKYOTECH_s01,76,115,79.83333333333333,-0.08674808591604233,0.4053413198275279
TOKYOTECH_s01,76,116,79.86666666666666,-0.14065538346767426,1.0149320315486086
TOKYOTECH_s01,76,117,79.9,-0.34317195415496826,1.458288825256692
TOKYOTECH_s01,76,118,79.93333333333334,-0.7270202040672302,1.6553048992219064
TOKYOTECH_s01,76,119,79.96666666666667,-1.0467231273651123,1.5924624055361554
TOKYOTECH_s01,76,120,80.0,-1.080430030822754,1.3191188116956059
TOKYOTECH_s01,76,121,80.03333333333333,-1.0424704551696777,0.9222853092811759
TOKYOTECH_s01,76,122,80.06666666666666,-0.8205803036689758,0.4927458379857621
TOKYOTECH_s01,76,123,80.1,0.15758700668811798,0.09630899200588351
TOKYOTECH_s01,76,124,80.13333333333334,1.3427993059158325,-0.24006612190272245
TOKYOTECH_s01,76,125,80.16666666666667,1.7484230995178223,-0.5240998328242503
TOKYOTECH_s01,76,126,80.2,1.2868050336837769,-0.7796508278986924
TOKYOTECH_s01,76,127,80.23333333333333,0.9582421779632568,-1.0226155352290272
TOKYOTECH_s01,76,128,80.26666666666667,0.8554285168647766,-1.2420340896295143
TOKYOTECH_s01,76,129,80.3,0.45043471455574036,-1.395116964597453
TOKYOTECH_s01,76,130,80.33333333333333,0.05481269583106041,-1.4193099914990372
TOKYOTECH_s01,76,131,80.36666666666666,-0.2032650113105774,-1.2575333913634057
TOKYOTECH_s01,76,132,80.4,-0.07749446481466293,-0.887014692487489
TOKYOTECH_s01,76,133,80.43333333333334,-0.054970744997262955,-0.33952380181018194
TOKYOTECH_s01,76,134,80.46666666666667,-0.23484547436237335,0.29741770439423326
TOKYOTECH_s01,76,135,80.5,-0.46673738956451416,0.9017548412191277
TOKYOTECH_s01,76,136,80.53333333333333,-0.5219835042953491,1.3534900246252688
TOKYOTECH_s01,76,137,80.56666666666666,-0.6291680335998535,1.5717379833711222
TOKYOTECH_s01,76,138,80.6,-0.6908326745033264,1.5372490562938965
TOKYOTECH_s01,76,139,80.63333333333334,-1.06593918800354,1.2924606005796502
TOKYOTECH_s01,76,140,80.66666666666667,-1.189504623413086,0.9209782503183342
TOKYOTECH_s01,76,141,80.7,-1.2526655197143555,0.5161524667143755
TOKYOTECH_s01,76,142,80.73333333333333,-0.8190839886665344,0.1510511871768163
TOKYOTECH_s01,76,143,80.76666666666667,0.41861799359321594,-0.14001530582725194
TOKYOTECH_s01,76,144,80.8,1.6806550025939941,-0.36316348231837897
TOKYOTECH_s01,76,145,80.83333333333333,1.9222731590270996,-0.5505689835149161
TOKYOTECH_s01,76,146,80.86666666666666,1.4853050708770752,-0.7364820063820992
TOKYOTECH_s01,76,147,80.9,0.9226058721542358,-0.9335112297128793
TOKYOTECH_s01,76,148,80.93333333333334,0.37372806668281555,-1.1190105599564146
TOKYOTECH_s01,76,149,80.96666666666667,-0.016893059015274048,-1.237777531906048
TOKYOTECH_s01,76,150,81.0,-0.16786497831344604,-1.2211909582080318
TOKYOTECH_s01,76,151,81.03333333333333,7.848445238778368e-05,-1.016362743362773
TOKYOTECH_s01,76,152,81.06666666666666,0.08820450305938721,-0.6141232560821285
TOKYOTECH_s01,76,153,81.1,0.14943593740463257,-0.06357005957462851
TOKYOTECH_s01,76,154,81.13333333333334,0.0020473410841077566,0.5353143609743525
TOKYOTECH_s01,76,155,81.16666666666667,-0.17987500131130219,1.0606447714105156
TOKYOTECH_s01,76,156,81.2,-0.4421660602092743,1.4079484931315578
TOKYOTECH_s01,76,157,81.23333333333333,-0.6921321153640747,1.5225757927582724
TOKYOTECH_s01,76,158,81.26666666666667,-0.7681299448013306,1.4117899754733845
TOKYOTECH_s01,76,159,81.3,-0.9003977179527283,1.1335665038780398
TOKYOTECH_s01,76,160,81.33333333333333,-0.9197713136672974,0.7694541981406579
TOKYOTECH_s01,76,161,81.36666666666666,-0.9357977509498596,0.39431662927560474
TOKYOTECH_s01,76,162,81.4,-0.44370177388191223,0.054881127257170786
TOKYOTECH_s01,76,163,81.43333333333334,0.790141224861145,-0.2364286943248173
TOKYOTECH_s01,76,164,81.46666666666667,1.663683533668518,-0.4926303658909611
TOKYOTECH_s01,76,165,81.5,1.4032825231552124,-0.7338450933189062
TOKYOTECH_s01,76,166,81.53333333333333,0.8398351669311523,-0.9675393076891786
TOKYOTECH_s01,76,167,81.56666666666666,0.45008033514022827,-1.1752440550792835
TOKYOTECH_s01,76,168,81.6,0.10714489966630936,-1.3115076678420703
TOKYOTECH_s01,76,169,81.63333333333334,-0.16215530037879944,-1.3169165483373273
TOKYOTECH_s01,76,170,81.66666666666667,-0.2548884451389313,-1.1417768476117063
TOKYOTECH_s01,76,171,81.7,-0.032604534178972244,-0.7719659937921762
TOKYOTECH_s01,76,172,81.73333333333333,0.053040724247694016,-0.24572612132009183
TOKYOTECH_s01,76,173,81.76666666666667,0.02909942902624607,0.34804506328367646
TOKYOTECH_s01,76,174,81.8,-0.20932909846305847,0.8925270434457233
TOKYOTECH_s01,76,175,81.83333333333333,-0.32911431789398193,1.2793587105872355
TOKYOTECH_s01,76,176,81.86666666666666,-0.6188119053840637,1.443208781651795
TOKYOTECH_s01,76,177,81.9,-0.8634226322174072,1.3789416928346234
TOKYOTECH_s01,76,178,81.93333333333334,-0.9477684497833252,1.1352744056685742
TOKYOTECH_s01,76,179,81.96666666666667,-1.0572367906570435,0.7907396025133043
TOKYOTECH_s01,76,180,82.0,-1.0190016031265259,0.42398515192052366
TOKYOTECH_s01,76,181,82.03333333333333,-0.7574981451034546,0.08998587852550033
TOKYOTECH_s01,76,182,82.06666666666666,0.37038102746009827,-0.19041772076382
TOKYOTECH_s01,76,183,82.1,1.7196383476257324,-0.4258121933502905
TOKYOTECH_s01,76,184,82.13333333333334,1.818081259727478,-0.6378916851161401
TOKYOTECH_s01,76,185,82.16666666666667,1.4200178384780884,-0.8409145200865412
TOKYOTECH_s01,76,186,82.2,0.9365454316139221,-1.025630967904662
TOKYOTECH_s01,76,187,82.23333333333333,0.5007981061935425,-1.1548183630618938
TOKYOTECH_s01,76,188,82.26666666666667,0.10009639710187912,-1.1734489327496405
TOKYOTECH_s01,76,189,82.3,-0.060601674020290375,-1.0308486978651636
TOKYOTECH_s01,76,190,82.33333333333333,0.20917104184627533,-0.7066896612941089
TOKYOTECH_s01,76,191,82.36666666666666,0.3018648028373718,-0.22953722459078324
TOKYOTECH_s01,76,192,82.4,0.1522710919380188,0.32201230045221685
TOKYOTECH_s01,76,193,82.43333333333334,-0.19456267356872559,0.8389152083511009
TOKYOTECH_s01,76,194,82.46666666666667,-0.5063901543617249,1.2153430972916923
TOKYOTECH_s01,76,195,82.5,-0.7118600606918335,1.3823759670173268
TOKYOTECH_s01,76,196,82.53333333333333,-1.0790517330169678,1.3277147701349183
TOKYOTECH_s01,76,197,82.56666666666666,-1.3865084648132324,1.0942944346227992
TOKYOTECH_s01,76,198,82.6,-1.4782965183258057,0.760184970947206
TOKYOTECH_s01,76,199,82.63333333333334,-1.2106107473373413,0.4094022538919188
TOKYOTECH_s01,76,200,82.66666666666667,-0.7756509780883789,0.105199081960327
TOKYOTECH_s01,76,201,82.7,0.2974545657634735,-0.12529310505333494
TOKYOTECH_s01,76,202,82.73333333333333,1.5308250188827515,-0.29117406502334436
TOKYOTECH_s01,76,203,82.76666666666667,1.8291856050491333,-0.4241604763573605
TOKYOTECH_s01,76,204,82.8,1.265777587890625,-0.5573145401982507
TOKYOTECH_s01,76,205,82.83333333333333,0.5773472189903259,-0.7046220207082757
TOKYOTECH_s01,76,206,82.86666666666666,0.18916746973991394,-0.84953689437813
TOKYOTECH_s01,76,207,82.9,-0.008269467391073704,-0.9475367407671431
TOKYOTECH_s01,76,208,82.93333333333334,-0.16073772311210632,-0.9427769281695582
TOKYOTECH_s01,76,209,82.96666666666667,0.010434669442474842,-0.7933000699917778
TOKYOTECH_s01,76,210,83.0,0.31292977929115295,-0.49474213473857365
TOKYOTECH_s01,76,211,83.03333333333333,0.26000693440437317,-0.09139161157954921
TOKYOTECH_s01,76,212,83.06666666666666,0.11505970358848572,0.3325737918757513
TOKYOTECH_s01,76,213,83.1,-0.02575291320681572,0.6801426001545459
TOKYOTECH_s01,76,214,83.13333333333334,-0.4530341625213623,0.8753691150321394
TOKYOTECH_s01,76,215,83.16666666666667,-0.90776127576828,0.8883669073316198
TOKYOTECH_s01,76,216,83.2,-1.0462900400161743,0.7408477728272543
TOKYOTECH_s01,76,217,83.23333333333333,-1.10862398147583,0.49199539414235516
TOKYOTECH_s01,76,218,83.26666666666667,-1.2317168712615967,0.21291214940441866
TOKYOTECH_s01,76,219,83.3,-0.6973298788070679,-0.038815789398304525
TOKYOTECH_s01,76,220,83.33333333333333,0.8894109725952148,-0.23466758018917058
TOKYOTECH_s01,76,221,83.36666666666666,1.8573402166366577,-0.37622198228942916
TOKYOTECH_s01,76,222,83.4,1.5647681951522827,-0.48316292938947447
TOKYOTECH_s01,76,223,83.43333333333334,1.062079668045044,-0.5747520521198184
TOKYOTECH_s01,76,224,83.46666666666667,0.6492498517036438,-0.6536103164605943
TOKYOTECH_s01,76,225,83.5,0.38085535168647766,-0.6993674293094326
TOKYOTECH_s01,76,226,83.53333333333333,0.1717233955860138,-0.6752034620276995
TOKYOTECH_s01,76,227,83.56666666666666,0.1330944299697876,-0.5447050637392469
TOKYOTECH_s01,76,228,83.6,0.3121028542518616,-0.29215734237699575
TOKYOTECH_s01,76,229,83.63333333333334,0.4581526517868042,0.06264567904412546
TOKYOTECH_s01,76,230,83.66666666666667,0.2201966494321823,0.4631130929316974
TOKYOTECH_s01,76,231,83.7,-0.20885656774044037,0.8310082513177688
TOKYOTECH_s01,76,232,83.73333333333333,-0.5698267221450806,1.092496668266918
TOKYOTECH_s01,76,233,83.76666666666667,-0.9871455430984497,1.2031308068534612
TOKYOTECH_s01,76,234,83.8,-1.045108675956726,1.1602697459608264
TOKYOTECH_s01,76,235,83.83333333333333,-0.9563919901847839,0.9981023974360879
TOKYOTECH_s01,76,236,83.86666666666666,-0.838851273059845,0.7690706308125459
TOKYOTECH_s01,76,237,83.9,-0.9553288221359253,0.5213377880014387
TOKYOTECH_s01,76,238,83.93333333333334,-0.4492145776748657,0.28234089809723567
TOKYOTECH_s01,76,239,83.96666666666667,0.8806298971176147,0.05453142687238259
TOKYOTECH_s01,77,0,77.0,2.003390073776245,0.0654626454225743
TOKYOTECH_s01,77,1,77.03333333333333,1.539448618888855,-0.3644105572462524
TOKYOTECH_s01,77,2,77.06666666666666,1.108347773551941,-0.7385487939103875
TOKYOTECH_s01,77,3,77.1,0.5581705570220947,-1.0027063742491649
TOKYOTECH_s01,77,4,77.13333333333334,-0.23964948952198029,-1.1108927357285754
TOKYOTECH_s01,77,5,77.16666666666667,-0.011734655126929283,-1.035481723783087
TOKYOTECH_s01,77,6,77.2,0.09804878383874893,-0.7789554974918098
TOKYOTECH_s01,77,7,77.23333333333333,0.13407886028289795,-0.38212368811564706
TOKYOTECH_s01,77,8,77.26666666666667,0.2144869565963745,0.0777549845962101
TOKYOTECH_s01,77,9,77.3,-0.13904091715812683,0.5029800407188194
TOKYOTECH_s01,77,10,77.33333333333333,-0.2848150432109833,0.8022543172438283
TOKYOTECH_s01,77,11,77.36666666666666,-0.5778990387916565,0.9179614338170314
TOKYOTECH_s01,77,12,77.4,-0.8281013369560242,0.8421740227323213
TOKYOTECH_s01,77,13,77.43333333333334,-0.8125079870223999,0.6148767418310216
TOKYOTECH_s01,77,14,77.46666666666667,-1.0780279636383057,0.3062481468068366
TOKYOTECH_s01,77,15,77.5,-0.9250872135162354,-0.008544203241295116
TOKYOTECH_s01,77,16,77.53333333333333,-0.5562416315078735,-0.2720394448734774
TOKYOTECH_s01,77,17,77.56666666666666,0.48382654786109924,-0.4573554850512174
TOKYOTECH_s01,77,18,77.6,1.9059315919876099,-0.5682562844262928
TOKYOTECH_s01,77,19,77.63333333333334,1.8522605895996094,-0.6279909478657086
TOKYOTECH_s01,77,20,77.66666666666667,1.4271056652069092,-0.6623201292326716
TOKYOTECH_s01,77,21,77.7,0.9904133081436157,-0.6838498278138905
TOKYOTECH_s01,77,22,77.73333333333333,0.4300767481327057,-0.6836806667140638
TOKYOTECH_s01,77,23,77.76666666666667,0.1380559504032135,-0.6335645278051849
TOKYOTECH_s01,77,24,77.8,-0.039219893515110016,-0.4984943446941567
TOKYOTECH_s01,77,25,77.83333333333333,0.22255927324295044,-0.25580955746455514
TOKYOTECH_s01,77,26,77.86666666666666,0.3585284948348999,0.08704508670733968
TOKYOTECH_s01,77,27,77.9,0.05741158500313759,0.48521331546403457
TOKYOTECH_s01,77,28,77.93333333333334,-0.04768597334623337,0.8649762145966046
TOKYOTECH_s01,77,29,77.96666666666667,-0.2046825885772705,1.146123615226
TOKYOTECH_s01,77,30,78.0,-0.7106786966323853,1.268783613915598
TOKYOTECH_s01,77,31,78.03333333333333,-0.756553053855896,1.212750626271312
TOKYOTECH_s01,77,32,78.06666666666666,-0.6496441960334778,1.001470739358201
TOKYOTECH_s01,77,33,78.1,-0.935128390789032,0.6904166630612832
TOKYOTECH_s01,77,34,78.13333333333334,-0.9656062722206116,0.34586327202292133
TOKYOTECH_s01,77,35,78.16666666666667,-0.4163346588611603,0.02295772406178006
TOKYOTECH_s01,77,36,78.2,0.6199532747268677,-0.2486507569232874
TOKYOTECH_s01,77,37,78.23333333333333,1.5860711336135864,-0.46696735858004523
TOKYOTECH_s01,77,38,78.26666666666667,1.920304298400879,-0.6481431367500693
TOKYOTECH_s01,77,39,78.3,1.317637324333191,-0.8102882410245185
TOKYOTECH_s01,77,40,78.33333333333333,0.6730336546897888,-0.9575004052495679
TOKYOTECH_s01,77,41,78.36666666666666,0.5303308963775635,-1.0705244382804873
TOKYOTECH_s01,77,42,78.4,0.22752079367637634,-1.108426718162567
TOKYOTECH_s01,77,43,78.43333333333334,-0.13530008494853973,-1.0222824147474632
TOKYOTECH_s01,77,44,78.46666666666667,-0.027682391926646233,-0.7773364388830772
TOKYOTECH_s01,77,45,78.5,0.38262730836868286,-0.37541359764847687
TOKYOTECH_s01,77,46,78.53333333333333,0.17282596230506897,0.13328109438488098
TOKYOTECH_s01,77,47,78.56666666666666,-0.30536991357803345,0.6572538920847211
TOKYOTECH_s01,77,48,78.6,-0.5532096028327942,1.08952052393548
TOKYOTECH_s01,77,49,78.63333333333334,-0.5464367270469666,1.3420881869197647
TOKYOTECH_s01,77,50,78.66666666666667,-0.6915808320045471,1.373986195516103
TOKYOTECH_s01,77,51,78.7,-1.1041743755340576,1.2006798938911
TOKYOTECH_s01,77,52,78.73333333333333,-1.0786974430084229,0.8823814320850264
TOKYOTECH_s01,77,53,78.76666666666667,-0.7337537407875061,0.498670566055244
TOKYOTECH_s01,77,54,78.8,-0.5808523297309875,0.1210444468112896
TOKYOTECH_s01,77,55,78.83333333333333,0.2741433084011078,-0.2064624396115142
TOKYOTECH_s01,77,56,78.86666666666666,1.7241274118423462,-0.47276463375538336
TOKYOTECH_s01,77,57,78.9,1.9687775373458862,-0.6909272636193337
TOKYOTECH_s01,77,58,78.93333333333334,1.2284480333328247,-0.879996328428442
TOKYOTECH_s01,77,59,78.96666666666667,0.9631249904632568,-1.045751423509359
TOKYOTECH_s01,77,60,79.0,0.6171181201934814,-1.1688472605433395
TOKYOTECH_s01,77,61,79.03333333333333,0.02327161468565464,-1.2060212463167814
TOKYOTECH_s01,77,62,79.06666666666666,0.0733199492096901,-1.105319109636521
TOKYOTECH_s01,77,63,79.1,0.3660889267921448,-0.8306160195273246
TOKYOTECH_s01,77,64,79.13333333333334,0.13423636555671692,-0.38566046012459776
TOKYOTECH_s01,77,65,79.16666666666667,0.040636930614709854,0.17398161010186594
TOKYOTECH_s01,77,66,79.2,-0.03603034466505051,0.7492527691021661
TOKYOTECH_s01,77,67,79.23333333333333,-0.5141474604606628,1.2255922471533094
TOKYOTECH_s01,77,68,79.26666666666667,-0.8124292492866516,1.5094090484218192
TOKYOTECH_s01,77,69,79.3,-0.7695081830024719,1.5567821214706872
TOKYOTECH_s01,77,70,79.33333333333333,-0.833535373210907,1.382838357571082
TOKYOTECH_s01,77,71,79.36666666666666,-1.1179957389831543,1.0503201241507927
TOKYOTECH_s01,77,72,79.4,-1.0825563669204712,0.6441882430090801
TOKYOTECH_s01,77,73,79.43333333333334,-0.6763418912887573,0.24288364442974328
TOKYOTECH_s01,77,74,79.46666666666667,0.04378709942102432,-0.10358120473053924
TOKYOTECH_s01,77,75,79.5,1.1557972431182861,-0.38199066154687594
TOKYOTECH_s01,77,76,79.53333333333333,1.8359978199005127,-0.6090490112716217
TOKYOTECH_s01,77,77,79.56666666666666,1.6123751401901245,-0.8128164428684106
TOKYOTECH_s01,77,78,79.6,0.9054768681526184,-1.0102402544451845
TOKYOTECH_s01,77,79,79.63333333333334,0.45846766233444214,-1.1902249648610126
TOKYOTECH_s01,77,80,79.66666666666667,0.22826895117759705,-1.3098743178982044
TOKYOTECH_s01,77,81,79.7,0.2120455801486969,-1.3067777037437065
TOKYOTECH_s01,77,82,79.73333333333333,0.24921758472919464,-1.1240320371193764
TOKYOTECH_s01,77,83,79.76666666666667,0.16806133091449738,-0.7390038060087719
TOKYOTECH_s01,77,84,79.8,-0.009923306293785572,-0.18376392320038124
TOKYOTECH_s01,77,85,79.83333333333333,-0.08674808591604233,0.45336776689372366
TOKYOTECH_s01,77,86,79.86666666666666,-0.14065538346767426,1.0490299261183191
TOKYOTECH_s01,77,87,79.9,-0.34317195415496826,1.4824637227064423
TOKYOTECH_s01,77,88,79.93333333333334,-0.7270202040672302,1.6741102549804896
TOKYOTECH_s01,77,89,79.96666666666667,-1.0467231273651123,1.6080965787062809
TOKYOTECH_s01,77,90,80.0,-1.080430030822754,1.3300716028154136
TOKYOTECH_s01,77,91,80.03333333333333,-1.0424704551696777,0.9240994518336717
TOKYOTECH_s01,77,92,80.06666666666666,-0.8205803036689758,0.4802279747001648
TOKYOTECH_s01,77,93,80.1,0.15758700668811798,0.0658982779055266
TOKYOTECH_s01,77,94,80.13333333333334,1.3427993059158325,-0.28878404585320866
TOKYOTECH_s01,77,95,80.16666666666667,1.7484230995178223,-0.5879567764398861
TOKYOTECH_s01,77,96,80.2,1.2868050336837769,-0.8521910833211864
TOKYOTECH_s01,77,97,80.23333333333333,0.9582421779632568,-1.094770374904991
TOKYOTECH_s01,77,98,80.26666666666667,0.8554285168647766,-1.3031499165496365
TOKYOTECH_s01,77,99,80.3,0.45043471455574036,-1.4345342865943267
TOKYOTECH_s01,77,100,80.33333333333333,0.05481269583106041,-1.4285358158992514
TOKYOTECH_s01,77,101,80.36666666666666,-0.2032650113105774,-1.2325906574799577
TOKYOTECH_s01,77,102,80.4,-0.07749446481466293,-0.8301422184576993
TOKYOTECH_s01,77,103,80.43333333333334,-0.054970744997262955,-0.25937506152785256
TOKYOTECH_s01,77,104,80.46666666666667,-0.23484547436237335,0.3874672441280792
TOKYOTECH_s01,77,105,80.5,-0.46673738956451416,0.9868258728644197
TOKYOTECH_s01,77,106,80.53333333333333,-0.5219835042953491,1.420911143461876
TOKYOTECH_s01,77,107,80.56666666666666,-0.6291680335998535,1.613993799306057
TOKYOTECH_s01,77,108,80.6,-0.6908326745033264,1.553238675904845
TOKYOTECH_s01,77,109,80.63333333333334,-1.06593918800354,1.2868049859399617
TOKYOTECH_s01,77,110,80.66666666666667,-1.189504623413086,0.9017255352511162
TOKYOTECH_s01,77,111,80.7,-1.2526655197143555,0.491622825279558
TOKYOTECH_s01,77,112,80.73333333333333,-0.8190839886665344,0.1268102431541699
TOKYOTECH_s01,77,113,80.76666666666667,0.41861799359321594,-0.16299973075443266
TOKYOTECH_s01,77,114,80.8,1.6806550025939941,-0.38842568544393974
TOKYOTECH_s01,77,115,80.83333333333333,1.9222731590270996,-0.5840534755557133
TOKYOTECH_s01,77,116,80.86666666666666,1.4853050708770752,-0.783246739586896
TOKYOTECH_s01,77,117,80.9,0.9226058721542358,-0.9945826868874914
TOKYOTECH_s01,77,118,80.93333333333334,0.37372806668281555,-1.1896692634232837
TOKYOTECH_s01,77,119,80.96666666666667,-0.016893059015274048,-1.3078741080584741
TOKYOTECH_s01,77,120,81.0,-0.16786497831344604,-1.2772536013019626
TOKYOTECH_s01,77,121,81.03333333333333,7.848445238778368e-05,-1.044746231467352
TOKYOTECH_s01,77,122,81.06666666666666,0.08820450305938721,-0.6044503769453058
TOKYOTECH_s01,77,123,81.1,0.14943593740463257,-0.011871647664830697
TOKYOTECH_s01,77,124,81.13333333333334,0.0020473410841077566,0.6245346039778779
TOKYOTECH_s01,77,125,81.16666666666667,-0.17987500131130219,1.1744665547194253
TOKYOTECH_s01,77,126,81.2,-0.4421660602092743,1.5278420318855739
TOKYOTECH_s01,77,127,81.23333333333333,-0.6921321153640747,1.6293490492920606
TOKYOTECH_s01,77,128,81.26666666666667,-0.7681299448013306,1.4907856962946442
TOKYOTECH_s01,77,129,81.3,-0.9003977179527283,1.177842932089535
TOKYOTECH_s01,77,130,81.33333333333333,-0.9197713136672974,0.779620698744839
TOKYOTECH_s01,77,131,81.36666666666666,-0.9357977509498596,0.37546317020671716
TOKYOTECH_s01,77,132,81.4,-0.44370177388191223,0.01253815759896566
TOKYOTECH_s01,77,133,81.43333333333334,0.790141224861145,-0.2990386855979776
TOKYOTECH_s01,77,134,81.46666666666667,1.663683533668518,-0.5747808315256527
TOKYOTECH_s01,77,135,81.5,1.4032825231552124,-0.8352511693529397
TOKYOTECH_s01,77,136,81.53333333333333,0.8398351669311523,-1.0854788573619467
TOKYOTECH_s01,77,137,81.56666666666666,0.45008033514022827,-1.302375622657024
TOKYOTECH_s01,77,138,81.6,0.10714489966630936,-1.4353119892825268
TOKYOTECH_s01,77,139,81.63333333333334,-0.16215530037879944,-1.4209546398140975
TOKYOTECH_s01,77,140,81.66666666666667,-0.2548884451389313,-1.2084676017642346
TOKYOTECH_s01,77,141,81.7,-0.032604534178972244,-0.786372748900472
TOKYOTECH_s01,77,142,81.73333333333333,0.053040724247694016,-0.19966363181778396
TOKYOTECH_s01,77,143,81.76666666666667,0.02909942902624607,0.45265485422341417
TOKYOTECH_s01,77,144,81.8,-0.20932909846305847,1.04258480024954
TOKYOTECH_s01,77,145,81.83333333333333,-0.32911431789398193,1.4531039260517633
TOKYOTECH_s01,77,146,81.86666666666666,-0.6188119053840637,1.6160155763246289
TOKYOTECH_s01,77,147,81.9,-0.8634226322174072,1.5299933498033103
TOKYOTECH_s01,77,148,81.93333333333334,-0.9477684497833252,1.2520474992963686
TOKYOTECH_s01,77,149,81.96666666666667,-1.0572367906570435,0.8695590588108423
TOKYOTECH_s01,77,150,82.0,-1.0190016031265259,0.4670368010948079
TOKYOTECH_s01,77,151,82.03333333333333,-0.7574981451034546,0.10076866694600457
TOKYOTECH_s01,77,152,82.06666666666666,0.37038102746009827,-0.21072314893040872
TOKYOTECH_s01,77,153,82.1,1.7196383476257324,-0.479233785750413
TOKYOTECH_s01,77,154,82.13333333333334,1.818081259727478,-0.7274632643082954
TOKYOTECH_s01,77,155,82.16666666666667,1.4200178384780884,-0.9666192310546712
TOKYOTECH_s01,77,156,82.2,0.9365454316139221,-1.1806394609412942
TOKYOTECH_s01,77,157,82.23333333333333,0.5007981061935425,-1.3239983597227976
TOKYOTECH_s01,77,158,82.26666666666667,0.10009639710187912,-1.3350670364214343
TOKYOTECH_s01,77,159,82.3,-0.060601674020290375,-1.1610779124503063
TOKYOTECH_s01,77,160,82.33333333333333,0.20917104184627533,-0.7856159638349864
TOKYOTECH_s01,77,161,82.36666666666666,0.3018648028373718,-0.2469340882109115
TOKYOTECH_s01,77,162,82.4,0.1522710919380188,0.3630604352638143
TOKYOTECH_s01,77,163,82.43333333333334,-0.19456267356872559,0.9222763352135768
TOKYOTECH_s01,77,164,82.46666666666667,-0.5063901543617249,1.3166711624566094
TOKYOTECH_s01,77,165,82.5,-0.7118600606918335,1.4772332601959877
TOKYOTECH_s01,77,166,82.53333333333333,-1.0790517330169678,1.3996664990221006
TOKYOTECH_s01,77,167,82.56666666666666,-1.3865084648132324,1.139084873140819
TOKYOTECH_s01,77,168,82.6,-1.4782965183258057,0.7840444551353782
TOKYOTECH_s01,77,169,82.63333333333334,-1.2106107473373413,0.42286246140649536
TOKYOTECH_s01,77,170,82.66666666666667,-0.7756509780883789,0.11592997598025193
TOKYOTECH_s01,77,171,82.7,0.2974545657634735,-0.117317847842664
TOKYOTECH_s01,77,172,82.73333333333333,1.5308250188827515,-0.29447241567373444
TOKYOTECH_s01,77,173,82.76666666666667,1.8291856050491333,-0.45248416507547845
TOKYOTECH_s01,77,174,82.8,1.265777587890625,-0.6235427201384595
TOKYOTECH_s01,77,175,82.83333333333333,0.5773472189903259,-0.8137953121347288
TOKYOTECH_s01,77,176,82.86666666666666,0.18916746973991394,-0.9935439984573456
TOKYOTECH_s01,77,177,82.9,-0.008269467391073704,-1.1039036236944448
TOKYOTECH_s01,77,178,82.93333333333334,-0.16073772311210632,-1.078788551070391
TOKYOTECH_s01,77,179,82.96666666666667,0.010434669442474842,-0.8745228927561745
TOKYOTECH_s01,77,180,83.0,0.31292977929115295,-0.4950029950125772
TOKYOTECH_s01,77,181,83.03333333333333,0.26000693440437317,-0.00043338582074262675
TOKYOTECH_s01,77,182,83.06666666666666,0.11505970358848572,0.5067952230906909
TOKYOTECH_s01,77,183,83.1,-0.02575291320681572,0.9154637854591459
TOKYOTECH_s01,77,184,83.13333333333334,-0.4530341625213623,1.1440123333621106
TOKYOTECH_s01,77,185,83.16666666666667,-0.90776127576828,1.166354814321755
TOKYOTECH_s01,77,186,83.2,-1.0462900400161743,1.0140989991911946
TOKYOTECH_s01,77,187,83.23333333333333,-1.10862398147583,0.7565368662644175
TOKYOTECH_s01,77,188,83.26666666666667,-1.2317168712615967,0.46944349034153837
TOKYOTECH_s01,77,189,83.3,-0.6973298788070679,0.20690490762489386
TOKYOTECH_s01,77,190,83.33333333333333,0.8894109725952148,-0.012800717184724118
TOKYOTECH_s01,77,191,83.36666666666666,1.8573402166366577,-0.20327603598699884
TOKYOTECH_s01,77,192,83.4,1.5647681951522827,-0.39158901574826394
TOKYOTECH_s01,77,193,83.43333333333334,1.062079668045044,-0.5945224844870366
TOKYOTECH_s01,77,194,83.46666666666667,0.6492498517036438,-0.8006754018373969
TOKYOTECH_s01,77,195,83.5,0.38085535168647766,-0.9671046203033785
TOKYOTECH_s01,77,196,83.53333333333333,0.1717233955860138,-1.0328223879732803
TOKYOTECH_s01,77,197,83.56666666666666,0.1330944299697876,-0.9441355283107911
TOKYOTECH_s01,77,198,83.6,0.3121028542518616,-0.6816871810626787
TOKYOTECH_s01,77,199,83.63333333333334,0.4581526517868042,-0.2774986181535215
TOKYOTECH_s01,77,200,83.66666666666667,0.2201966494321823,0.1871774605558855
TOKYOTECH_s01,77,201,83.7,-0.20885656774044037,0.6051239915665637
TOKYOTECH_s01,77,202,83.73333333333333,-0.5698267221450806,0.8792622315936754
TOKYOTECH_s01,77,203,83.76666666666667,-0.9871455430984497,0.9561919211499819
TOKYOTECH_s01,77,204,83.8,-1.045108675956726,0.8428156500999846
TOKYOTECH_s01,77,205,83.83333333333333,-0.9563919901847839,0.5998301310165345
TOKYOTECH_s01,77,206,83.86666666666666,-0.838851273059845,0.31618831038764067
TOKYOTECH_s01,77,207,83.9,-0.9553288221359253,0.07591731789502798
TOKYOTECH_s01,77,208,83.93333333333334,-0.4492145776748657,-0.06998001544534328
TOKYOTECH_s01,77,209,83.96666666666667,0.8806298971176147,-0.11723374924107864
TOKYOTECH_s01,77,210,84.0,1.936055064201355,-0.10378751323752179
TOKYOTECH_s01,77,211,84.03333333333333,1.8819115161895752,-0.0892630460073484
TOKYOTECH_s01,77,212,84.06666666666666,1.3684338331222534,-0.12623059714011803
TOKYOTECH_s01,77,213,84.1,0.8752351999282837,-0.23457855354795137
TOKYOTECH_s01,77,214,84.13333333333334,0.44480380415916443,-0.38986394428487203
TOKYOTECH_s01,77,215,84.16666666666667,0.09950573742389679,-0.5313564790519245
TOKYOTECH_s01,77,216,84.2,-0.1038377657532692,-0.5869416974229847
TOKYOTECH_s01,77,217,84.23333333333333,0.027327459305524826,-0.5044868720923383
TOKYOTECH_s01,77,218,84.26666666666667,0.18188269436359406,-0.2766474510321031
TOKYOTECH_s01,77,219,84.3,-0.07926643639802933,0.051352169295392165
TOKYOTECH_s01,77,220,84.33333333333333,-0.38601428270339966,0.3952594974110818
TOKYOTECH_s01,77,221,84.36666666666666,-0.5782140493392944,0.6622917882662923
TOKYOTECH_s01,77,222,84.4,-0.8686203956604004,0.7857425171540724
TOKYOTECH_s01,77,223,84.43333333333334,-0.8918135166168213,0.7481971073385466
TOKYOTECH_s01,77,224,84.46666666666667,-0.7505677342414856,0.5839949440486075
TOKYOTECH_s01,77,225,84.5,-0.7998679280281067,0.36183204607390274
TOKYOTECH_s01,77,226,84.53333333333333,-0.6739004850387573,0.1561785911898849
TOKYOTECH_s01,77,227,84.56666666666666,0.483196496963501,0.019201315059942905
TOKYOTECH_s01,77,228,84.6,1.810835838317871,-0.0363498456824808
TOKYOTECH_s01,77,229,84.63333333333334,2.0392231941223145,-0.03745011653872843
TOKYOTECH_s01,77,230,84.66666666666667,1.6239913702011108,-0.0350414761703604
TOKYOTECH_s01,77,231,84.7,1.0700339078903198,-0.07916210002034359
TOKYOTECH_s01,77,232,84.73333333333333,0.7315086722373962,-0.19538742861500893
TOKYOTECH_s01,77,233,84.76666666666667,0.4480721056461334,-0.3721885647533035
TOKYOTECH_s01,77,234,84.8,0.12273824959993362,-0.563924547887484
TOKYOTECH_s01,77,235,84.83333333333333,0.16585619747638702,-0.7076685817819004
TOKYOTECH_s01,77,236,84.86666666666666,0.34490400552749634,-0.7468884873410567
TOKYOTECH_s01,77,237,84.9,0.09592241793870926,-0.6528499360345627
TOKYOTECH_s01,77,238,84.93333333333334,-0.17310214042663574,-0.43591323041837404
TOKYOTECH_s01,77,239,84.96666666666667,-0.37140536308288574,-0.14314319988529606
TOKYOTECH_s01,78,0,78.0,-0.7106786966323853,-0.09395799258806452
TOKYOTECH_s01,78,1,78.03333333333333,-0.756553053855896,-0.1667899172800902
TOKYOTECH_s01,78,2,78.06666666666666,-0.6496441960334778,-0.20412319213620156
TOKYOTECH_s01,78,3,78.1,-0.935128390789032,-0.18386634402720559
TOKYOTECH_s01,78,4,78.13333333333334,-0.9656062722206116,-0.1027540360005111
TOKYOTECH_s01,78,5,78.16666666666667,-0.4163346588611603,0.019541740144769497
TOKYOTECH_s01,78,6,78.2,0.6199532747268677,0.14281077332007613
TOKYOTECH_s01,78,7,78.23333333333333,1.5860711336135864,0.21616318351685074
TOKYOTECH_s01,78,8,78.26666666666667,1.920304298400879,0.1937260407236112
TOKYOTECH_s01,78,9,78.3,1.317637324333191,0.0517662289537961
TOKYOTECH_s01,78,10,78.33333333333333,0.6730336546897888,-0.19872486392055755
TOKYOTECH_s01,78,11,78.36666666666666,0.5303308963775635,-0.5092189436169762
TOKYOTECH_s01,78,12,78.4,0.22752079367637634,-0.8028457006342337
TOKYOTECH_s01,78,13,78.43333333333334,-0.13530008494853973,-0.9939849409511264
TOKYOTECH_s01,78,14,78.46666666666667,-0.027682391926646233,-1.0134112243043383
TOKYOTECH_s01,78,15,78.5,0.38262730836868286,-0.8317154597153512
TOKYOTECH_s01,78,16,78.53333333333333,0.17282596230506897,-0.47249699045750887
TOKYOTECH_s01,78,17,78.56666666666666,-0.30536991357803345,-0.008636692538031858
TOKYOTECH_s01,78,18,78.6,-0.5532096028327942,0.45915256336305144
TOKYOTECH_s01,78,19,78.63333333333334,-0.5464367270469666,0.8343497769441954
TOKYOTECH_s01,78,20,78.66666666666667,-0.6915808320045471,1.054163667006707
TOKYOTECH_s01,78,21,78.7,-1.1041743755340576,1.1040415172379956
TOKYOTECH_s01,78,22,78.73333333333333,-1.0786974430084229,1.0124100642077547
TOKYOTECH_s01,78,23,78.76666666666667,-0.7337537407875061,0.8306564731562288
TOKYOTECH_s01,78,24,78.8,-0.5808523297309875,0.608891256185023
TOKYOTECH_s01,78,25,78.83333333333333,0.2741433084011078,0.37798175192995803
TOKYOTECH_s01,78,26,78.86666666666666,1.7241274118423462,0.14436772926916144
TOKYOTECH_s01,78,27,78.9,1.9687775373458862,-0.10176089355124812
TOKYOTECH_s01,78,28,78.93333333333334,1.2284480333328247,-0.3700531436699263
TOKYOTECH_s01,78,29,78.96666666666667,0.9631249904632568,-0.6535585883954861
TOKYOTECH_s01,78,30,79.0,0.6171181201934814,-0.9197807206446774
TOKYOTECH_s01,78,31,79.03333333333333,0.02327161468565464,-1.1135665970470296
TOKYOTECH_s01,78,32,79.06666666666666,0.0733199492096901,-1.1722273658243707
TOKYOTECH_s01,78,33,79.1,0.3660889267921448,-1.0488027993515832
TOKYOTECH_s01,78,34,79.13333333333334,0.13423636555671692,-0.7349263909342796
TOKYOTECH_s01,78,35,79.16666666666667,0.040636930614709854,-0.27285861111564236
TOKYOTECH_s01,78,36,79.2,-0.03603034466505051,0.2507368229066566
TOKYOTECH_s01,78,37,79.23333333333333,-0.5141474604606628,0.729073087529248
TOKYOTECH_s01,78,38,79.26666666666667,-0.8124292492866516,1.0683901964660882
TOKYOTECH_s01,78,39,79.3,-0.7695081830024719,1.2159839419925949
TOKYOTECH_s01,78,40,79.33333333333333,-0.833535373210907,1.1719441331572775
TOKYOTECH_s01,78,41,79.36666666666666,-1.1179957389831543,0.9814776227461444
TOKYOTECH_s01,78,42,79.4,-1.0825563669204712,0.7129318491179583
TOKYOTECH_s01,78,43,79.43333333333334,-0.6763418912887573,0.43143046567385956
TOKYOTECH_s01,78,44,79.46666666666667,0.04378709942102432,0.1781315406610975
TOKYOTECH_s01,78,45,79.5,1.1557972431182861,-0.038234913657216624
TOKYOTECH_s01,78,46,79.53333333333333,1.8359978199005127,-0.23559646028722156
TOKYOTECH_s01,78,47,79.56666666666666,1.6123751401901245,-0.44136087734790175
TOKYOTECH_s01,78,48,79.6,0.9054768681526184,-0.6706697238954249
TOKYOTECH_s01,78,49,79.63333333333334,0.45846766233444214,-0.9091008248422447
TOKYOTECH_s01,78,50,79.66666666666667,0.22826895117759705,-1.1081196432969778
TOKYOTECH_s01,78,51,79.7,0.2120455801486969,-1.1973318252136438
TOKYOTECH_s01,78,52,79.73333333333333,0.24921758472919464,-1.110639472942457
TOKYOTECH_s01,78,53,79.76666666666667,0.16806133091449738,-0.8166907747627362
TOKYOTECH_s01,78,54,79.8,-0.009923306293785572,-0.3407873341885936
TOKYOTECH_s01,78,55,79.83333333333333,-0.08674808591604233,0.2327654552003805
TOKYOTECH_s01,78,56,79.86666666666666,-0.14065538346767426,0.7820784751130289
TOKYOTECH_s01,78,57,79.9,-0.34317195415496826,1.1866445648995458
TOKYOTECH_s01,78,58,79.93333333333334,-0.7270202040672302,1.3676686020116466
TOKYOTECH_s01,78,59,79.96666666666667,-1.0467231273651123,1.3114214139484528
TOKYOTECH_s01,78,60,80.0,-1.080430030822754,1.0662310173087524
TOKYOTECH_s01,78,61,80.03333333333333,-1.0424704551696777,0.7171533216546534
TOKYOTECH_s01,78,62,80.06666666666666,-0.8205803036689758,0.3513313659918492
TOKYOTECH_s01,78,63,80.1,0.15758700668811798,0.028692689422200383
TOKYOTECH_s01,78,64,80.13333333333334,1.3427993059158325,-0.23151796077223197
TOKYOTECH_s01,78,65,80.16666666666667,1.7484230995178223,-0.44507674065375435
TOKYOTECH_s01,78,66,80.2,1.2868050336837769,-0.6421472030254544
TOKYOTECH_s01,78,67,80.23333333333333,0.9582421779632568,-0.8414825946438794
TOKYOTECH_s01,78,68,80.26666666666667,0.8554285168647766,-1.0314930141321001
TOKYOTECH_s01,78,69,80.3,0.45043471455574036,-1.1674452607671602
TOKYOTECH_s01,78,70,80.33333333333333,0.05481269583106041,-1.1867185469544335
TOKYOTECH_s01,78,71,80.36666666666666,-0.2032650113105774,-1.0358797065104484
TOKYOTECH_s01,78,72,80.4,-0.07749446481466293,-0.6983813322604228
TOKYOTECH_s01,78,73,80.43333333333334,-0.054970744997262955,-0.21102398463046262
TOKYOTECH_s01,78,74,80.46666666666667,-0.23484547436237335,0.3393141935813901
TOKYOTECH_s01,78,75,80.5,-0.46673738956451416,0.839660825531698
TOKYOTECH_s01,78,76,80.53333333333333,-0.5219835042953491,1.1868609770852983
TOKYOTECH_s01,78,77,80.56666666666666,-0.6291680335998535,1.3203855305850345
TOKYOTECH_s01,78,78,80.6,-0.6908326745033264,1.2387335116527083
TOKYOTECH_s01,78,79,80.63333333333334,-1.06593918800354,0.9940973583338346
TOKYOTECH_s01,78,80,80.66666666666667,-1.189504623413086,0.6692204826724453
TOKYOTECH_s01,78,81,80.7,-1.2526655197143555,0.3467200518267875
TOKYOTECH_s01,78,82,80.73333333333333,-0.8190839886665344,0.08253946154804548
TOKYOTECH_s01,78,83,80.76666666666667,0.41861799359321594,-0.10764145639072978
TOKYOTECH_s01,78,84,80.8,1.6806550025939941,-0.2453198353352599
TOKYOTECH_s01,78,85,80.83333333333333,1.9222731590270996,-0.37157327546377944
TOKYOTECH_s01,78,86,80.86666666666666,1.4853050708770752,-0.5223390100591648
TOKYOTECH_s01,78,87,80.9,0.9226058721542358,-0.7065899274648626
TOKYOTECH_s01,78,88,80.93333333333334,0.37372806668281555,-0.8962467879354099
TOKYOTECH_s01,78,89,80.96666666666667,-0.016893059015274048,-1.0322134170361406
TOKYOTECH_s01,78,90,81.0,-0.16786497831344604,-1.0449356201505275
TOKYOTECH_s01,78,91,81.03333333333333,7.848445238778368e-05,-0.882450051230611
TOKYOTECH_s01,78,92,81.06666666666666,0.08820450305938721,-0.535708038479189
TOKYOTECH_s01,78,93,81.1,0.14943593740463257,-0.05075702391700661
TOKYOTECH_s01,78,94,81.13333333333334,0.0020473410841077566,0.4793403247443254
TOKYOTECH_s01,78,95,81.16666666666667,-0.17987500131130219,0.9423324390138073
TOKYOTECH_s01,78,96,81.2,-0.4421660602092743,1.2437555248936876
TOKYOTECH_s01,78,97,81.23333333333333,-0.6921321153640747,1.336666841668568
TOKYOTECH_s01,78,98,81.26666666666667,-0.7681299448013306,1.231331966108319
TOKYOTECH_s01,78,99,81.3,-0.9003977179527283,0.9824717787567679
TOKYOTECH_s01,78,100,81.33333333333333,-0.9197713136672974,0.6623020747414659
TOKYOTECH_s01,78,101,81.36666666666666,-0.9357977509498596,0.3328475708628415
TOKYOTECH_s01,78,102,81.4,-0.44370177388191223,0.028856716182755045
TOKYOTECH_s01,78,103,81.43333333333334,0.790141224861145,-0.24410248489376074
TOKYOTECH_s01,78,104,81.46666666666667,1.663683533668518,-0.4986172072077164
TOKYOTECH_s01,78,105,81.5,1.4032825231552124,-0.7479641257191331
TOKYOTECH_s01,78,106,81.53333333333333,0.8398351669311523,-0.9897383963777671
TOKYOTECH_s01,78,107,81.56666666666666,0.45008033514022827,-1.1968820854368343
TOKYOTECH_s01,78,108,81.6,0.10714489966630936,-1.3200275686776652
TOKYOTECH_s01,78,109,81.63333333333334,-0.16215530037879944,-1.3016949870231547
TOKYOTECH_s01,78,110,81.66666666666667,-0.2548884451389313,-1.0986377931903835
TOKYOTECH_s01,78,111,81.7,-0.032604534178972244,-0.7046219484745516
TOKYOTECH_s01,78,112,81.73333333333333,0.053040724247694016,-0.16392385248241997
TOKYOTECH_s01,78,113,81.76666666666667,0.02909942902624607,0.4324395518349373
TOKYOTECH_s01,78,114,81.8,-0.20932909846305847,0.9696748478696077
TOKYOTECH_s01,78,115,81.83333333333333,-0.32911431789398193,1.344324295402059
TOKYOTECH_s01,78,116,81.86666666666666,-0.6188119053840637,1.496724044925537
TOKYOTECH_s01,78,117,81.9,-0.8634226322174072,1.4258620527686956
TOKYOTECH_s01,78,118,81.93333333333334,-0.9477684497833252,1.181251093136935
TOKYOTECH_s01,78,119,81.96666666666667,-1.0572367906570435,0.8383514850659283
TOKYOTECH_s01,78,120,82.0,-1.0190016031265259,0.4699195854137963
TOKYOTECH_s01,78,121,82.03333333333333,-0.7574981451034546,0.12456288567026544
TOKYOTECH_s01,78,122,82.06666666666666,0.37038102746009827,-0.1809523463330549
TOKYOTECH_s01,78,123,82.1,1.7196383476257324,-0.454867871690877
TOKYOTECH_s01,78,124,82.13333333333334,1.818081259727478,-0.713425312485698
TOKYOTECH_s01,78,125,82.16666666666667,1.4200178384780884,-0.9613293003817791
TOKYOTECH_s01,78,126,82.2,0.9365454316139221,-1.1781095699115844
TOKYOTECH_s01,78,127,82.23333333333333,0.5007981061935425,-1.316812088560055
TOKYOTECH_s01,78,128,82.26666666666667,0.10009639710187912,-1.3170474388586473
TOKYOTECH_s01,78,129,82.3,-0.060601674020290375,-1.1288354700523524
TOKYOTECH_s01,78,130,82.33333333333333,0.20917104184627533,-0.7386749851936156
TOKYOTECH_s01,78,131,82.36666666666666,0.3018648028373718,-0.1866977371505026
TOKYOTECH_s01,78,132,82.4,0.1522710919380188,0.4346758124064645
TOKYOTECH_s01,78,133,82.43333333333334,-0.19456267356872559,1.0034342845125777
TOKYOTECH_s01,78,134,82.46666666666667,-0.5063901543617249,1.4047495530952523
TOKYOTECH_s01,78,135,82.5,-0.7118600606918335,1.566830374913968
TOKYOTECH_s01,78,136,82.53333333333333,-1.0790517330169678,1.4807879128657266
TOKYOTECH_s01,78,137,82.56666666666666,-1.3865084648132324,1.19706587144324
TOKYOTECH_s01,78,138,82.6,-1.4782965183258057,0.8019995287557221
TOKYOTECH_s01,78,139,82.63333333333334,-1.2106107473373413,0.38611914752574833
TOKYOTECH_s01,78,140,82.66666666666667,-0.7756509780883789,0.016862439322527498
TOKYOTECH_s01,78,141,82.7,0.2974545657634735,-0.27586554067243
TOKYOTECH_s01,78,142,82.73333333333333,1.5308250188827515,-0.4984559959243978
TOKYOTECH_s01,78,143,82.76666666666667,1.8291856050491333,-0.6789341422417748
TOKYOTECH_s01,78,144,82.8,1.265777587890625,-0.8450982946037412
TOKYOTECH_s01,78,145,82.83333333333333,0.5773472189903259,-1.0040142524605968
TOKYOTECH_s01,78,146,82.86666666666666,0.18916746973991394,-1.1314110200854377
TOKYOTECH_s01,78,147,82.9,-0.008269467391073704,-1.1764645000625344
TOKYOTECH_s01,78,148,82.93333333333334,-0.16073772311210632,-1.081594802696173
TOKYOTECH_s01,78,149,82.96666666666667,0.010434669442474842,-0.8102971130221663
TOKYOTECH_s01,78,150,83.0,0.31292977929115295,-0.3714752269127672
TOKYOTECH_s01,78,151,83.03333333333333,0.26000693440437317,0.17159066519538366
TOKYOTECH_s01,78,152,83.06666666666666,0.11505970358848572,0.7145556994546901
TOKYOTECH_s01,78,153,83.1,-0.02575291320681572,1.144624011086157
TOKYOTECH_s01,78,154,83.13333333333334,-0.4530341625213623,1.3785078855788655
TOKYOTECH_s01,78,155,83.16666666666667,-0.90776127576828,1.3877984313379608
TOKYOTECH_s01,78,156,83.2,-1.0462900400161743,1.2011978968928572
TOKYOTECH_s01,78,157,83.23333333333333,-1.10862398147583,0.8856600485496688
TOKYOTECH_s01,78,158,83.26666666666667,-1.2317168712615967,0.5173805541825882
TOKYOTECH_s01,78,159,83.3,-0.6973298788070679,0.15572041714309953
TOKYOTECH_s01,78,160,83.33333333333333,0.8894109725952148,-0.17020655095578818
TOKYOTECH_s01,78,161,83.36666666666666,1.8573402166366577,-0.4589058961578374
TOKYOTECH_s01,78,162,83.4,1.5647681951522827,-0.7211198192941926
TOKYOTECH_s01,78,163,83.43333333333334,1.062079668045044,-0.9598202012552614
TOKYOTECH_s01,78,164,83.46666666666667,0.6492498517036438,-1.1553728090007933
TOKYOTECH_s01,78,165,83.5,0.38085535168647766,-1.2635361211475784
TOKYOTECH_s01,78,166,83.53333333333333,0.1717233955860138,-1.2286152962693022
TOKYOTECH_s01,78,167,83.56666666666666,0.1330944299697876,-1.0075803606033653
TOKYOTECH_s01,78,168,83.6,0.3121028542518616,-0.5957241080535706
TOKYOTECH_s01,78,169,83.63333333333334,0.4581526517868042,-0.04219336672685603
TOKYOTECH_s01,78,170,83.66666666666667,0.2201966494321823,0.5541857811481316
TOKYOTECH_s01,78,171,83.7,-0.20885656774044037,1.0707901224690346
TOKYOTECH_s01,78,172,83.73333333333333,-0.5698267221450806,1.3997260293581382
TOKYOTECH_s01,78,173,83.76666666666667,-0.9871455430984497,1.482483745107981
TOKYOTECH_s01,78,174,83.8,-1.045108675956726,1.3260230843684484
TOKYOTECH_s01,78,175,83.83333333333333,-0.9563919901847839,0.994745843590246
TOKYOTECH_s01,78,176,83.86666666666666,-0.838851273059845,0.5833856024870944
TOKYOTECH_s01,78,177,83.9,-0.9553288221359253,0.18289850049224987
TOKYOTECH_s01,78,178,83.93333333333334,-0.4492145776748657,-0.14738671226503977
TOKYOTECH_s01,78,179,83.96666666666667,0.8806298971176147,-0.39192649569116644
TOKYOTECH_s01,78,180,84.0,1.936055064201355,-0.5724016652385088
TOKYOTECH_s01,78,181,84.03333333333333,1.8819115161895752,-0.72636819661079
TOKYOTECH_s01,78,182,84.06666666666666,1.3684338331222534,-0.8806562338186619
TOKYOTECH_s01,78,183,84.1,0.8752351999282837,-1.0311360422663558
TOKYOTECH_s01,78,184,84.13333333333334,0.44480380415916443,-1.1378840951856788
TOKYOTECH_s01,78,185,84.16666666666667,0.09950573742389679,-1.1385782407728384
TOKYOTECH_s01,78,186,84.2,-0.1038377657532692,-0.975530652056151
TOKYOTECH_s01,78,187,84.23333333333333,0.027327459305524826,-0.6257454640550554
TOKYOTECH_s01,78,188,84.26666666666667,0.18188269436359406,-0.12103427723696894
TOKYOTECH_s01,78,189,84.3,-0.07926643639802933,0.4520783320145703
TOKYOTECH_s01,78,190,84.33333333333333,-0.38601428270339966,0.9753432532535555
TOKYOTECH_s01,78,191,84.36666666666666,-0.5782140493392944,1.337030708370706
TOKYOTECH_s01,78,192,84.4,-0.8686203956604004,1.4692148862472036
TOKYOTECH_s01,78,193,84.43333333333334,-0.8918135166168213,1.3672916691730856
TOKYOTECH_s01,78,194,84.46666666666667,-0.7505677342414856,1.0843417238469903
TOKYOTECH_s01,78,195,84.5,-0.7998679280281067,0.705578200134477
TOKYOTECH_s01,78,196,84.53333333333333,-0.6739004850387573,0.31570404032574373
TOKYOTECH_s01,78,197,84.56666666666666,0.483196496963501,-0.027350597256263102
TOKYOTECH_s01,78,198,84.6,1.810835838317871,-0.3031293216488702
TOKYOTECH_s01,78,199,84.63333333333334,2.0392231941223145,-0.5216599457865407
TOKYOTECH_s01,78,200,84.66666666666667,1.6239913702011108,-0.7040418720058054
TOKYOTECH_s01,78,201,84.7,1.0700339078903198,-0.8606688592586752
TOKYOTECH_s01,78,202,84.73333333333333,0.7315086722373962,-0.9773938761087297
TOKYOTECH_s01,78,203,84.76666666666667,0.4480721056461334,-1.016020403765
TOKYOTECH_s01,78,204,84.8,0.12273824959993362,-0.9293240169472863
TOKYOTECH_s01,78,205,84.83333333333333,0.16585619747638702,-0.6847136797301823
TOKYOTECH_s01,78,206,84.86666666666666,0.34490400552749634,-0.2867012165610748
TOKYOTECH_s01,78,207,84.9,0.09592241793870926,0.21222044015009786
TOKYOTECH_s01,78,208,84.93333333333334,-0.17310214042663574,0.7192788170140932
TOKYOTECH_s01,78,209,84.96666666666667,-0.37140536308288574,1.1271460072351993
TOKYOTECH_s01,78,210,85.0,-0.8866944909095764,1.347837944789159
TOKYOTECH_s01,78,211,85.03333333333333,-1.1421732902526855,1.3400502355011823
TOKYOTECH_s01,78,212,85.06666666666666,-1.0644035339355469,1.1188023099302364
TOKYOTECH_s01,78,213,85.1,-1.094605803489685,0.7452235959198543
TOKYOTECH_s01,78,214,85.13333333333334,-1.1434333324432373,0.30267161720216035
TOKYOTECH_s01,78,215,85.16666666666667,-0.5226529240608215,-0.1303135817039294
TOKYOTECH_s01,78,216,85.2,0.8435760140419006,-0.5001769610444322
TOKYOTECH_s01,78,217,85.23333333333333,1.837494134902954,-0.7856785598054778
TOKYOTECH_s01,78,218,85.26666666666667,1.8934884071350098,-0.9919660999092373
TOKYOTECH_s01,78,219,85.3,1.4845569133758545,-1.135797752903052
TOKYOTECH_s01,78,220,85.33333333333333,1.0252621173858643,-1.2289521622932256
TOKYOTECH_s01,78,221,85.36666666666666,0.4748091697692871,-1.266886004031154
TOKYOTECH_s01,78,222,85.4,-0.10584599524736404,-1.2274643545563841
TOKYOTECH_s01,78,223,85.43333333333334,-0.2054307609796524,-1.0807776592301872
TOKYOTECH_s01,78,224,85.46666666666667,-0.005946216639131308,-0.8066272576963266
TOKYOTECH_s01,78,225,85.5,0.148727148771286,-0.4124198829441505
TOKYOTECH_s01,78,226,85.53333333333333,0.18105578422546387,0.05741274475110264
TOKYOTECH_s01,78,227,85.56666666666666,-0.010002060793340206,0.5268530053562905
TOKYOTECH_s01,78,228,85.6,-0.25693604350090027,0.9083264713164828
TOKYOTECH_s01,78,229,85.63333333333334,-0.5621482133865356,1.1297279155528417
TOKYOTECH_s01,78,230,85.66666666666667,-0.8709436655044556,1.1571829122416917
TOKYOTECH_s01,78,231,85.7,-1.1337072849273682,1.0044036041352906
TOKYOTECH_s01,78,232,85.73333333333333,-1.2070274353027344,0.7262259755004488
TOKYOTECH_s01,78,233,85.76666666666667,-1.3574481010437012,0.4007525839252728
TOKYOTECH_s01,78,234,85.8,-0.931466281414032,0.10752792598288191
TOKYOTECH_s01,78,235,85.83333333333333,0.418460488319397,-0.0914768422746298
TOKYOTECH_s01,78,236,85.86666666666666,1.8206801414489746,-0.1635932314738519
TOKYOTECH_s01,78,237,85.9,1.932747483253479,-0.10839480070053117
TOKYOTECH_s01,78,238,85.93333333333334,1.2593984603881836,0.04667941395950565
TOKYOTECH_s01,78,239,85.96666666666667,0.9005547165870667,0.254891980614898
TOKYOTECH_s01,79,0,79.0,0.6171181201934814,0.05940686000753152
TOKYOTECH_s01,79,1,79.03333333333333,0.02327161468565464,-0.3116740779901567
TOKYOTECH_s01,79,2,79.06666666666666,0.0733199492096901,-0.5858881800486062
TOKYOTECH_s01,79,3,79.1,0.3660889267921448,-0.6943216998985814
TOKYOTECH_s01,79,4,79.13333333333334,0.13423636555671692,-0.6157874745925924
TOKYOTECH_s01,79,5,79.16666666666667,0.040636930614709854,-0.38221732409856485
TOKYOTECH_s01,79,6,79.2,-0.03603034466505051,-0.06678355959804519
TOKYOTECH_s01,79,7,79.23333333333333,-0.5141474604606628,0.24168502656884175
TOKYOTECH_s01,79,8,79.26666666666667,-0.8124292492866516,0.46838447144442913
TOKYOTECH_s01,79,9,79.3,-0.7695081830024719,0.5746739916139207
TOKYOTECH_s01,79,10,79.33333333333333,-0.833535373210907,0.564584787820401
TOKYOTECH_s01,79,11,79.36666666666666,-1.1179957389831543,0.4747571110607239
TOKYOTECH_s01,79,12,79.4,-1.0825563669204712,0.35382861052696096
TOKYOTECH_s01,79,13,79.43333333333334,-0.6763418912887573,0.24086404384783877
TOKYOTECH_s01,79,14,79.46666666666667,0.04378709942102432,0.15135600628986004
TOKYOTECH_s01,79,15,79.5,1.1557972431182861,0.07515998671327573
TOKYOTECH_s01,79,16,79.53333333333333,1.8359978199005127,-0.014066538244455716
TOKYOTECH_s01,79,17,79.56666666666666,1.6123751401901245,-0.14227671991598997
TOKYOTECH_s01,79,18,79.6,0.9054768681526184,-0.3179799793080581
TOKYOTECH_s01,79,19,79.63333333333334,0.45846766233444214,-0.521625685033572
TOKYOTECH_s01,79,20,79.66666666666667,0.22826895117759705,-0.7062985576723483
TOKYOTECH_s01,79,21,79.7,0.2120455801486969,-0.810690963977415
TOKYOTECH_s01,79,22,79.73333333333333,0.24921758472919464,-0.7805896730727483
TOKYOTECH_s01,79,23,79.76666666666667,0.16806133091449738,-0.5913109578012231
TOKYOTECH_s01,79,24,79.8,-0.009923306293785572,-0.2622418859453859
TOKYOTECH_s01,79,25,79.83333333333333,-0.08674808591604233,0.14350264957526748
TOKYOTECH_s01,79,26,79.86666666666666,-0.14065538346767426,0.5364424574721695
TOKYOTECH_s01,79,27,79.9,-0.34317195415496826,0.8299409631169142
TOKYOTECH_s01,79,28,79.93333333333334,-0.7270202040672302,0.9690322824835286
TOKYOTECH_s01,79,29,79.96666666666667,-1.0467231273651123,0.9455488296410037
TOKYOTECH_s01,79,30,80.0,-1.080430030822754,0.7936784641512387
TOKYOTECH_s01,79,31,80.03333333333333,-1.0424704551696777,0.5703359356723737
TOKYOTECH_s01,79,32,80.06666666666666,-0.8205803036689758,0.33060384865110315
TOKYOTECH_s01,79,33,80.1,0.15758700668811798,0.10861115677113035
TOKYOTECH_s01,79,34,80.13333333333334,1.3427993059158325,-0.08936252309164226
TOKYOTECH_s01,79,35,80.16666666666667,1.7484230995178223,-0.27810402504957354
TOKYOTECH_s01,79,36,80.2,1.2868050336837769,-0.4769352548034977
TOKYOTECH_s01,79,37,80.23333333333333,0.9582421779632568,-0.6910779715654312
TOKYOTECH_s01,79,38,80.26666666666667,0.8554285168647766,-0.8993795647694246
TOKYOTECH_s01,79,39,80.3,0.45043471455574036,-1.0544802551707417
TOKYOTECH_s01,79,40,80.33333333333333,0.05481269583106041,-1.0966459982523273
TOKYOTECH_s01,79,41,80.36666666666666,-0.2032650113105774,-0.9768826181520506
TOKYOTECH_s01,79,42,80.4,-0.07749446481466293,-0.6806174356653943
TOKYOTECH_s01,79,43,80.43333333333334,-0.054970744997262955,-0.24177280779208982
TOKYOTECH_s01,79,44,80.46666666666667,-0.23484547436237335,0.26051075844343746
TOKYOTECH_s01,79,45,80.5,-0.46673738956451416,0.7236050291550995
TOKYOTECH_s01,79,46,80.53333333333333,-0.5219835042953491,1.0538498565534318
TOKYOTECH_s01,79,47,80.56666666666666,-0.6291680335998535,1.1961662168961753
TOKYOTECH_s01,79,48,80.6,-0.6908326745033264,1.1484998665269004
TOKYOTECH_s01,79,49,80.63333333333334,-1.06593918800354,0.9560602359044197
TOKYOTECH_s01,79,50,80.66666666666667,-1.189504623413086,0.6893872411567171
TOKYOTECH_s01,79,51,80.7,-1.2526655197143555,0.41652653172102144
TOKYOTECH_s01,79,52,80.73333333333333,-0.8190839886665344,0.18044637951060186
TOKYOTECH_s01,79,53,80.76666666666667,0.41861799359321594,-0.010682748205063156
TOKYOTECH_s01,79,54,80.8,1.6806550025939941,-0.1780359684045824
TOKYOTECH_s01,79,55,80.83333333333333,1.9222731590270996,-0.35458810601794793
TOKYOTECH_s01,79,56,80.86666666666666,1.4853050708770752,-0.5628131371448338
TOKYOTECH_s01,79,57,80.9,0.9226058721542358,-0.7967827997681561
TOKYOTECH_s01,79,58,80.93333333333334,0.37372806668281555,-1.0163488793942348
TOKYOTECH_s01,79,59,80.96666666666667,-0.016893059015274048,-1.156597920091548
TOKYOTECH_s01,79,60,81.0,-0.16786497831344604,-1.1497663495190864
TOKYOTECH_s01,79,61,81.03333333333333,7.848445238778368e-05,-0.9519277686818326
TOKYOTECH_s01,79,62,81.06666666666666,0.08820450305938721,-0.5649140281920795
TOKYOTECH_s01,79,63,81.1,0.14943593740463257,-0.04470105361567563
TOKYOTECH_s01,79,64,81.13333333333334,0.0020473410841077566,0.5095096760522166
TOKYOTECH_s01,79,65,81.16666666666667,-0.17987500131130219,0.9844233132488692
TOKYOTECH_s01,79,66,81.2,-0.4421660602092743,1.289142427041138
TOKYOTECH_s01,79,67,81.23333333333333,-0.6921321153640747,1.3826883408377981
TOKYOTECH_s01,79,68,81.26666666666667,-0.7681299448013306,1.280680136083811
TOKYOTECH_s01,79,69,81.3,-0.9003977179527283,1.040290555393608
TOKYOTECH_s01,79,70,81.33333333333333,-0.9197713136672974,0.7326971580849907
TOKYOTECH_s01,79,71,81.36666666666666,-0.9357977509498596,0.4163839549574404
TOKYOTECH_s01,79,72,81.4,-0.44370177388191223,0.12176538136844028
TOKYOTECH_s01,79,73,81.43333333333334,0.790141224861145,-0.1491654638706254
TOKYOTECH_s01,79,74,81.46666666666667,1.663683533668518,-0.4108560959216924
TOKYOTECH_s01,79,75,81.5,1.4032825231552124,-0.6764090930016026
TOKYOTECH_s01,79,76,81.53333333333333,0.8398351669311523,-0.9414846566927354
TOKYOTECH_s01,79,77,81.56666666666666,0.45008033514022827,-1.1761065060474778
TOKYOTECH_s01,79,78,81.6,0.10714489966630936,-1.327937249605731
TOKYOTECH_s01,79,79,81.63333333333334,-0.16215530037879944,-1.3371247720810668
TOKYOTECH_s01,79,80,81.66666666666667,-0.2548884451389313,-1.1589239112166112
TOKYOTECH_s01,79,81,81.7,-0.032604534178972244,-0.7865123841296329
TOKYOTECH_s01,79,82,81.73333333333333,0.053040724247694016,-0.2641310927436719
TOKYOTECH_s01,79,83,81.76666666666667,0.02909942902624607,0.3176868421120319
TOKYOTECH_s01,79,84,81.8,-0.20932909846305847,0.8463038953055548
TOKYOTECH_s01,79,85,81.83333333333333,-0.32911431789398193,1.2224254579889084
TOKYOTECH_s01,79,86,81.86666666666666,-0.6188119053840637,1.391143342022888
TOKYOTECH_s01,79,87,81.9,-0.8634226322174072,1.3539261216184266
TOKYOTECH_s01,79,88,81.93333333333334,-0.9477684497833252,1.1577271652299883
TOKYOTECH_s01,79,89,81.96666666666667,-1.0572367906570435,0.8696055765786039
TOKYOTECH_s01,79,90,82.0,-1.0190016031265259,0.5500313736407054
TOKYOTECH_s01,79,91,82.03333333333333,-0.7574981451034546,0.2353838164954324
TOKYOTECH_s01,79,92,82.06666666666666,0.37038102746009827,-0.0655107284596636
TOKYOTECH_s01,79,93,82.1,1.7196383476257324,-0.3617040545502152
TOKYOTECH_s01,79,94,82.13333333333334,1.818081259727478,-0.662652251384575
TOKYOTECH_s01,79,95,82.16666666666667,1.4200178384780884,-0.9606667770236667
TOKYOTECH_s01,79,96,82.2,0.9365454316139221,-1.2210371955420423
TOKYOTECH_s01,79,97,82.23333333333333,0.5007981061935425,-1.3851029522051623
TOKYOTECH_s01,79,98,82.26666666666667,0.10009639710187912,-1.3869752634938484
TOKYOTECH_s01,79,99,82.3,-0.060601674020290375,-1.179172351386984
TOKYOTECH_s01,79,100,82.33333333333333,0.20917104184627533,-0.7578848428928728
TOKYOTECH_s01,79,101,82.36666666666666,0.3018648028373718,-0.17666253680750788
TOKYOTECH_s01,79,102,82.4,0.1522710919380188,0.46033473508728673
TOKYOTECH_s01,79,103,82.43333333333334,-0.19456267356872559,1.026492983657979
TOKYOTECH_s01,79,104,82.46666666666667,-0.5063901543617249,1.4120817440832527
TOKYOTECH_s01,79,105,82.5,-0.7118600606918335,1.557601030873027
TOKYOTECH_s01,79,106,82.53333333333333,-1.0790517330169678,1.4670536793443145
TOKYOTECH_s01,79,107,82.56666666666666,-1.3865084648132324,1.1975511993720835
TOKYOTECH_s01,79,108,82.6,-1.4782965183258057,0.8325868033375989
TOKYOTECH_s01,79,109,82.63333333333334,-1.2106107473373413,0.4519138812362486
TOKYOTECH_s01,79,110,82.66666666666667,-0.7756509780883789,0.10936494081448106
TOKYOTECH_s01,79,111,82.7,0.2974545657634735,-0.1757012418157119
TOKYOTECH_s01,79,112,82.73333333333333,1.5308250188827515,-0.41305698872211716
TOKYOTECH_s01,79,113,82.76666666666667,1.8291856050491333,-0.6259751937972992
TOKYOTECH_s01,79,114,82.8,1.265777587890625,-0.8315427641928049
TOKYOTECH_s01,79,115,82.83333333333333,0.5773472189903259,-1.0243944376973075
TOKYOTECH_s01,79,116,82.86666666666666,0.18916746973991394,-1.1707040238914646
TOKYOTECH_s01,79,117,82.9,-0.008269467391073704,-1.2162865838195058
TOKYOTECH_s01,79,118,82.93333333333334,-0.16073772311210632,-1.1075235791372318
TOKYOTECH_s01,79,119,82.96666666666667,0.010434669442474842,-0.8178895530679956
TOKYOTECH_s01,79,120,83.0,0.31292977929115295,-0.36860118905418376
TOKYOTECH_s01,79,121,83.03333333333333,0.26000693440437317,0.16769040684671277
TOKYOTECH_s01,79,122,83.06666666666666,0.11505970358848572,0.684829816976424
TOKYOTECH_s01,79,123,83.1,-0.02575291320681572,1.077031178750497
TOKYOTECH_s01,79,124,83.13333333333334,-0.4530341625213623,1.273854976422338
TOKYOTECH_s01,79,125,83.16666666666667,-0.90776127576828,1.2600197946934082
TOKYOTECH_s01,79,126,83.2,-1.0462900400161743,1.0723196893278049
TOKYOTECH_s01,79,127,83.23333333333333,-1.10862398147583,0.7779913415666614
TOKYOTECH_s01,79,128,83.26666666666667,-1.2317168712615967,0.44636559430554296
TOKYOTECH_s01,79,129,83.3,-0.6973298788070679,0.12620708446928558
TOKYOTECH_s01,79,130,83.33333333333333,0.8894109725952148,-0.16333214942004942
TOKYOTECH_s01,79,131,83.36666666666666,1.8573402166366577,-0.4266896085986275
TOKYOTECH_s01,79,132,83.4,1.5647681951522827,-0.6751145660052171
TOKYOTECH_s01,79,133,83.43333333333334,1.062079668045044,-0.9072951970879017
TOKYOTECH_s01,79,134,83.46666666666667,0.6492498517036438,-1.0968173012630988
TOKYOTECH_s01,79,135,83.5,0.38085535168647766,-1.1935096307777928
TOKYOTECH_s01,79,136,83.53333333333333,0.1717233955860138,-1.1398208954229245
TOKYOTECH_s01,79,137,83.56666666666666,0.1330944299697876,-0.8965592223230684
TOKYOTECH_s01,79,138,83.6,0.3121028542518616,-0.4676737154846708
TOKYOTECH_s01,79,139,83.63333333333334,0.4581526517868042,0.08746166186137082
TOKYOTECH_s01,79,140,83.66666666666667,0.2201966494321823,0.6628720733127148
TOKYOTECH_s01,79,141,83.7,-0.20885656774044037,1.1361419783715172
TOKYOTECH_s01,79,142,83.73333333333333,-0.5698267221450806,1.4084417753831289
TOKYOTECH_s01,79,143,83.76666666666667,-0.9871455430984497,1.436314900787252
TOKYOTECH_s01,79,144,83.8,-1.045108675956726,1.241599639134746
TOKYOTECH_s01,79,145,83.83333333333333,-0.9563919901847839,0.8972775979454787
TOKYOTECH_s01,79,146,83.86666666666666,-0.838851273059845,0.4973651977886445
TOKYOTECH_s01,79,147,83.9,-0.9553288221359253,0.12395740323211717
TOKYOTECH_s01,79,148,83.93333333333334,-0.4492145776748657,-0.1763141864103427
TOKYOTECH_s01,79,149,83.96666666666667,0.8806298971176147,-0.39906575364737434
TOKYOTECH_s01,79,150,84.0,1.936055064201355,-0.5713385974914275
TOKYOTECH_s01,79,151,84.03333333333333,1.8819115161895752,-0.7286161661587918
TOKYOTECH_s01,79,152,84.06666666666666,1.3684338331222534,-0.8896971802741017
TOKYOTECH_s01,79,153,84.1,0.8752351999282837,-1.0403995596940576
TOKYOTECH_s01,79,154,84.13333333333334,0.44480380415916443,-1.133558348517217
TOKYOTECH_s01,79,155,84.16666666666667,0.09950573742389679,-1.1062225976375182
TOKYOTECH_s01,79,156,84.2,-0.1038377657532692,-0.9079217480550805
TOKYOTECH_s01,79,157,84.23333333333333,0.027327459305524826,-0.5286854626266275
TOKYOTECH_s01,79,158,84.26666666666667,0.18188269436359406,-0.014160018897985318
TOKYOTECH_s01,79,159,84.3,-0.07926643639802933,0.5407854758202197
TOKYOTECH_s01,79,160,84.33333333333333,-0.38601428270339966,1.0196362853439052
TOKYOTECH_s01,79,161,84.36666666666666,-0.5782140493392944,1.3225363455455938
TOKYOTECH_s01,79,162,84.4,-0.8686203956604004,1.3987398101640052
TOKYOTECH_s01,79,163,84.43333333333334,-0.8918135166168213,1.258881297644472
TOKYOTECH_s01,79,164,84.46666666666667,-0.7505677342414856,0.9631877238785972
TOKYOTECH_s01,79,165,84.5,-0.7998679280281067,0.5934438950218751
TOKYOTECH_s01,79,166,84.53333333333333,-0.6739004850387573,0.22225343315648377
TOKYOTECH_s01,79,167,84.56666666666666,0.483196496963501,-0.10799751272506317
TOKYOTECH_s01,79,168,84.6,1.810835838317871,-0.3894226369058238
TOKYOTECH_s01,79,169,84.63333333333334,2.0392231941223145,-0.6363629324458471
TOKYOTECH_s01,79,170,84.66666666666667,1.6239913702011108,-0.8636456953374156
TOKYOTECH_s01,79,171,84.7,1.0700339078903198,-1.0662925887517432
TOKYOTECH_s01,79,172,84.73333333333333,0.7315086722373962,-1.2106687814413886
TOKYOTECH_s01,79,173,84.76666666666667,0.4480721056461334,-1.24192738827489
TOKYOTECH_s01,79,174,84.8,0.12273824959993362,-1.1054868566904654
TOKYOTECH_s01,79,175,84.83333333333333,0.16585619747638702,-0.7741351621713679
TOKYOTECH_s01,79,176,84.86666666666666,0.34490400552749634,-0.2695049729671584
TOKYOTECH_s01,79,177,84.9,0.09592241793870926,0.3323267490579026
TOKYOTECH_s01,79,178,84.93333333333334,-0.17310214042663574,0.916593595417202
TOKYOTECH_s01,79,179,84.96666666666667,-0.37140536308288574,1.3636754341390462
TOKYOTECH_s01,79,180,85.0,-0.8866944909095764,1.5876061451312986
TOKYOTECH_s01,79,181,85.03333333333333,-1.1421732902526855,1.5618471804469052
TOKYOTECH_s01,79,182,85.06666666666666,-1.0644035339355469,1.321643262968375
TOKYOTECH_s01,79,183,85.1,-1.094605803489685,0.9443643947475256
TOKYOTECH_s01,79,184,85.13333333333334,-1.1434333324432373,0.5183798615566333
TOKYOTECH_s01,79,185,85.16666666666667,-0.5226529240608215,0.11387852083589788
TOKYOTECH_s01,79,186,85.2,0.8435760140419006,-0.23371212211556136
TOKYOTECH_s01,79,187,85.23333333333333,1.837494134902954,-0.5232610071945463
TOKYOTECH_s01,79,188,85.26666666666667,1.8934884071350098,-0.7729194201951048
TOKYOTECH_s01,79,189,85.3,1.4845569133758545,-0.9984056831770698
TOKYOTECH_s01,79,190,85.33333333333333,1.0252621173858643,-1.1946150751433033
TOKYOTECH_s01,79,191,85.36666666666666,0.4748091697692871,-1.328908000901717
TOKYOTECH_s01,79,192,85.4,-0.10584599524736404,-1.3495094292194152
TOKYOTECH_s01,79,193,85.43333333333334,-0.2054307609796524,-1.2063205595213855
TOKYOTECH_s01,79,194,85.46666666666667,-0.005946216639131308,-0.8763584771099014
TOKYOTECH_s01,79,195,85.5,0.148727148771286,-0.3833011977951651
TOKYOTECH_s01,79,196,85.53333333333333,0.18105578422546387,0.19872135041816724
TOKYOTECH_s01,79,197,85.56666666666666,-0.010002060793340206,0.7615113210588143
TOKYOTECH_s01,79,198,85.6,-0.25693604350090027,1.194491405694915
TOKYOTECH_s01,79,199,85.63333333333334,-0.5621482133865356,1.4188376931402624
TOKYOTECH_s01,79,200,85.66666666666667,-0.8709436655044556,1.4096950019176269
TOKYOTECH_s01,79,201,85.7,-1.1337072849273682,1.197938553886462
TOKYOTECH_s01,79,202,85.73333333333333,-1.2070274353027344,0.8528152813934127
TOKYOTECH_s01,79,203,85.76666666666667,-1.3574481010437012,0.45488686764620323
TOKYOTECH_s01,79,204,85.8,-0.931466281414032,0.07079613969715774
TOKYOTECH_s01,79,205,85.83333333333333,0.418460488319397,-0.2616167932055655
TOKYOTECH_s01,79,206,85.86666666666666,1.8206801414489746,-0.5343214821191402
TOKYOTECH_s01,79,207,85.9,1.932747483253479,-0.7579076010342048
TOKYOTECH_s01,79,208,85.93333333333334,1.2593984603881836,-0.9441962781081163
TOKYOTECH_s01,79,209,85.96666666666667,0.9005547165870667,-1.0906651207754787
TOKYOTECH_s01,79,210,86.0,0.5988077521324158,-1.1735975504332248
TOKYOTECH_s01,79,211,86.03333333333333,0.1514441817998886,-1.1532803977785953
TOKYOTECH_s01,79,212,86.06666666666666,0.014687400311231613,-0.9898974150798426
TOKYOTECH_s01,79,213,86.1,0.09722186625003815,-0.6643530614102647
TOKYOTECH_s01,79,214,86.13333333333334,0.1340394765138626,-0.19544736878436897
TOKYOTECH_s01,79,215,86.16666666666667,0.24874506890773773,0.35506944856000333
TOKYOTECH_s01,79,216,86.2,-0.09025265276432037,0.894202698111037
TOKYOTECH_s01,79,217,86.23333333333333,-0.4727621078491211,1.3235528781976509
TOKYOTECH_s01,79,218,86.26666666666667,-0.6859105229377747,1.568816639675975
TOKYOTECH_s01,79,219,86.3,-0.9571008086204529,1.5999621149822303
TOKYOTECH_s01,79,220,86.33333333333333,-0.9995099902153015,1.434808757742016
TOKYOTECH_s01,79,221,86.36666666666666,-0.9398142695426941,1.127503994758976
TOKYOTECH_s01,79,222,86.4,-0.8353073596954346,0.7486333841852865
TOKYOTECH_s01,79,223,86.43333333333334,-0.22854512929916382,0.36457710745764227
TOKYOTECH_s01,79,224,86.46666666666667,0.9317807555198669,0.022333010679054993
TOKYOTECH_s01,79,225,86.5,1.8362340927124023,-0.2564305527391499
TOKYOTECH_s01,79,226,86.53333333333333,1.6986503601074219,-0.4714009569788248
TOKYOTECH_s01,79,227,86.56666666666666,1.0910612344741821,-0.6323475115993704
TOKYOTECH_s01,79,228,86.6,0.5013493299484253,-0.7459706147690053
TOKYOTECH_s01,79,229,86.63333333333334,0.141245499253273,-0.8071848861611399
TOKYOTECH_s01,79,230,86.66666666666667,-0.21688950061798096,-0.7992639548143871
TOKYOTECH_s01,79,231,86.7,-0.3538037836551666,-0.7034417231021732
TOKYOTECH_s01,79,232,86.73333333333333,-0.01752309314906597,-0.5142979089885493
TOKYOTECH_s01,79,233,86.76666666666667,0.17345598340034485,-0.2536310423884184
TOKYOTECH_s01,79,234,86.8,-0.09592296183109283,0.025885706756795007
TOKYOTECH_s01,79,235,86.83333333333333,-0.19227880239486694,0.2524996922942237
TOKYOTECH_s01,79,236,86.86666666666666,-0.3406124413013458,0.3595387251679595
TOKYOTECH_s01,79,237,86.9,-0.6219620704650879,0.3112942390540067
TOKYOTECH_s01,79,238,86.93333333333334,-0.6675607562065125,0.11878554566748702
TOKYOTECH_s01,79,239,86.96666666666667,-0.7897873520851135,-0.16140813542919555
TOKYOTECH_s01,80,0,80.0,-1.080430030822754,-0.03964697970071583
TOKYOTECH_s01,80,1,80.03333333333333,-1.0424704551696777,-0.028354434498384654
TOKYOTECH_s01,80,2,80.06666666666666,-0.8205803036689758,-0.012563549298685181
TOKYOTECH_s01,80,3,80.1,0.15758700668811798,0.002608490940448801
TOKYOTECH_s01,80,4,80.13333333333334,1.3427993059158325,7.872780632502542e-05
TOKYOTECH_s01,80,5,80.16666666666667,1.7484230995178223,-0.04495840181759753
TOKYOTECH_s01,80,6,80.2,1.2868050336837769,-0.15362283504989935
TOKYOTECH_s01,80,7,80.23333333333333,0.9582421779632568,-0.32947843237483
TOKYOTECH_s01,80,8,80.26666666666667,0.8554285168647766,-0.5492317948313474
TOKYOTECH_s01,80,9,80.3,0.45043471455574036,-0.7638090410321198
TOKYOTECH_s01,80,10,80.33333333333333,0.05481269583106041,-0.9109639467270884
TOKYOTECH_s01,80,11,80.36666666666666,-0.2032650113105774,-0.9352763028169141
TOKYOTECH_s01,80,12,80.4,-0.07749446481466293,-0.8083319715322627
TOKYOTECH_s01,80,13,80.43333333333334,-0.054970744997262955,-0.5414054250476659
TOKYOTECH_s01,80,14,80.46666666666667,-0.23484547436237335,-0.18472808419295803
TOKYOTECH_s01,80,15,80.5,-0.46673738956451416,0.187825446330194
TOKYOTECH_s01,80,16,80.53333333333333,-0.5219835042953491,0.5028633122952572
TOKYOTECH_s01,80,17,80.56666666666666,-0.6291680335998535,0.7100455731657751
TOKYOTECH_s01,80,18,80.6,-0.6908326745033264,0.794110213972904
TOKYOTECH_s01,80,19,80.63333333333334,-1.06593918800354,0.7730754521447044
TOKYOTECH_s01,80,20,80.66666666666667,-1.189504623413086,0.6853374053525852
TOKYOTECH_s01,80,21,80.7,-1.2526655197143555,0.5719728058545654
TOKYOTECH_s01,80,22,80.73333333333333,-0.8190839886665344,0.4609942086792318
TOKYOTECH_s01,80,23,80.76666666666667,0.41861799359321594,0.3586586643628037
TOKYOTECH_s01,80,24,80.8,1.6806550025939941,0.2505170541874163
TOKYOTECH_s01,80,25,80.83333333333333,1.9222731590270996,0.11182680644853296
TOKYOTECH_s01,80,26,80.86666666666666,1.4853050708770752,-0.07659757403305846
TOKYOTECH_s01,80,27,80.9,0.9226058721542358,-0.31353228292857827
TOKYOTECH_s01,80,28,80.93333333333334,0.37372806668281555,-0.5698842591435105
TOKYOTECH_s01,80,29,80.96666666666667,-0.016893059015274048,-0.7923974666903421
TOKYOTECH_s01,80,30,81.0,-0.16786497831344604,-0.9181902038026017
TOKYOTECH_s01,80,31,81.03333333333333,7.848445238778368e-05,-0.8957211530675535
TOKYOTECH_s01,80,32,81.06666666666666,0.08820450305938721,-0.7050748910043991
TOKYOTECH_s01,80,33,81.1,0.14943593740463257,-0.3696654272310427
TOKYOTECH_s01,80,34,81.13333333333334,0.0020473410841077566,0.046830472180208874
TOKYOTECH_s01,80,35,81.16666666666667,-0.17987500131130219,0.4591060901527354
TOKYOTECH_s01,80,36,81.2,-0.4421660602092743,0.7872905918209502
TOKYOTECH_s01,80,37,81.23333333333333,-0.6921321153640747,0.9803874896184668
TOKYOTECH_s01,80,38,81.26666666666667,-0.7681299448013306,1.026388278410438
TOKYOTECH_s01,80,39,81.3,-0.9003977179527283,0.9467283013342301
TOKYOTECH_s01,80,40,81.33333333333333,-0.9197713136672974,0.7799780962261633
TOKYOTECH_s01,80,41,81.36666666666666,-0.9357977509498596,0.563435168426202
TOKYOTECH_s01,80,42,81.4,-0.44370177388191223,0.3206797472346947
TOKYOTECH_s01,80,43,81.43333333333334,0.790141224861145,0.05934263009645558
TOKYOTECH_s01,80,44,81.46666666666667,1.663683533668518,-0.22151292670179762
TOKYOTECH_s01,80,45,81.5,1.4032825231552124,-0.5188896049669205
TOKYOTECH_s01,80,46,81.53333333333333,0.8398351669311523,-0.8144567966037777
TOKYOTECH_s01,80,47,81.56666666666666,0.45008033514022827,-1.0698330770530897
TOKYOTECH_s01,80,48,81.6,0.10714489966630936,-1.2316339553560436
TOKYOTECH_s01,80,49,81.63333333333334,-0.16215530037879944,-1.2458504854501127
TOKYOTECH_s01,80,50,81.66666666666667,-0.2548884451389313,-1.0774958107669912
TOKYOTECH_s01,80,51,81.7,-0.032604534178972244,-0.7285536094752871
TOKYOTECH_s01,80,52,81.73333333333333,0.053040724247694016,-0.2462038535848935
TOKYOTECH_s01,80,53,81.76666666666667,0.02909942902624607,0.28439689696863807
TOKYOTECH_s01,80,54,81.8,-0.20932909846305847,0.7625311179975713
TOKYOTECH_s01,80,55,81.83333333333333,-0.32911431789398193,1.101882167437922
TOKYOTECH_s01,80,56,81.86666666666666,-0.6188119053840637,1.2555079702141931
TOKYOTECH_s01,80,57,81.9,-0.8634226322174072,1.224956802340991
TOKYOTECH_s01,80,58,81.93333333333334,-0.9477684497833252,1.0510875168017824
TOKYOTECH_s01,80,59,81.96666666666667,-1.0572367906570435,0.793139459958396
TOKYOTECH_s01,80,60,82.0,-1.0190016031265259,0.5060290363639713
TOKYOTECH_s01,80,61,82.03333333333333,-0.7574981451034546,0.22416187885572092
TOKYOTECH_s01,80,62,82.06666666666666,0.37038102746009827,-0.043521295328171186
TOKYOTECH_s01,80,63,82.1,1.7196383476257324,-0.30659967560062895
TOKYOTECH_s01,80,64,82.13333333333334,1.818081259727478,-0.5777427560028383
TOKYOTECH_s01,80,65,82.16666666666667,1.4200178384780884,-0.8553464941392103
TOKYOTECH_s01,80,66,82.2,0.9365454316139221,-1.1118851775234255
TOKYOTECH_s01,80,67,82.23333333333333,0.5007981061935425,-1.2940535431760523
TOKYOTECH_s01,80,68,82.26666666666667,0.10009639710187912,-1.3366714879243127
TOKYOTECH_s01,80,69,82.3,-0.060601674020290375,-1.1868572306458374
TOKYOTECH_s01,80,70,82.33333333333333,0.20917104184627533,-0.8299485764706549
TOKYOTECH_s01,80,71,82.36666666666666,0.3018648028373718,-0.30594818388696926
TOKYOTECH_s01,80,72,82.4,0.1522710919380188,0.29321629115766407
TOKYOTECH_s01,80,73,82.43333333333334,-0.19456267356872559,0.8480341212871927
TOKYOTECH_s01,80,74,82.46666666666667,-0.5063901543617249,1.248662795202411
TOKYOTECH_s01,80,75,82.5,-0.7118600606918335,1.428901718109342
TOKYOTECH_s01,80,76,82.53333333333333,-1.0790517330169678,1.382700911434113
TOKYOTECH_s01,80,77,82.56666666666666,-1.3865084648132324,1.158215152340669
TOKYOTECH_s01,80,78,82.6,-1.4782965183258057,0.8344720426582004
TOKYOTECH_s01,80,79,82.63333333333334,-1.2106107473373413,0.4917240655239589
TOKYOTECH_s01,80,80,82.66666666666667,-0.7756509780883789,0.18672620590769942
TOKYOTECH_s01,80,81,82.7,0.2974545657634735,-0.059612311940079404
TOKYOTECH_s01,80,82,82.73333333333333,1.5308250188827515,-0.2596166475046962
TOKYOTECH_s01,80,83,82.76666666666667,1.8291856050491333,-0.443391959322741
TOKYOTECH_s01,80,84,82.8,1.265777587890625,-0.6367392645261467
TOKYOTECH_s01,80,85,82.83333333333333,0.5773472189903259,-0.8411957246087644
TOKYOTECH_s01,80,86,82.86666666666666,0.18916746973991394,-1.02483020237411
TOKYOTECH_s01,80,87,82.9,-0.008269467391073704,-1.1289905917121361
TOKYOTECH_s01,80,88,82.93333333333334,-0.16073772311210632,-1.0900003051919673
TOKYOTECH_s01,80,89,82.96666666666667,0.010434669442474842,-0.8680567829612391
TOKYOTECH_s01,80,90,83.0,0.31292977929115295,-0.4712246041848188
TOKYOTECH_s01,80,91,83.03333333333333,0.26000693440437317,0.037209256389431365
TOKYOTECH_s01,80,92,83.06666666666666,0.11505970358848572,0.5538196273858038
TOKYOTECH_s01,80,93,83.1,-0.02575291320681572,0.968277208169097
TOKYOTECH_s01,80,94,83.13333333333334,-0.4530341625213623,1.200510724474893
TOKYOTECH_s01,80,95,83.16666666666667,-0.90776127576828,1.2246574302017514
TOKYOTECH_s01,80,96,83.2,-1.0462900400161743,1.0699723237685659
TOKYOTECH_s01,80,97,83.23333333333333,-1.10862398147583,0.8009392349123013
TOKYOTECH_s01,80,98,83.26666666666667,-1.2317168712615967,0.48774992264903666
TOKYOTECH_s01,80,99,83.3,-0.6973298788070679,0.18072204570201827
TOKYOTECH_s01,80,100,83.33333333333333,0.8894109725952148,-0.10130398293301097
TOKYOTECH_s01,80,101,83.36666666666666,1.8573402166366577,-0.3654464530520244
TOKYOTECH_s01,80,102,83.4,1.5647681951522827,-0.626208202850571
TOKYOTECH_s01,80,103,83.43333333333334,1.062079668045044,-0.8832567282610303
TOKYOTECH_s01,80,104,83.46666666666667,0.6492498517036438,-1.1068727495059403
TOKYOTECH_s01,80,105,83.5,0.38085535168647766,-1.2394891916456097
TOKYOTECH_s01,80,106,83.53333333333333,0.1717233955860138,-1.2145146489993277
TOKYOTECH_s01,80,107,83.56666666666666,0.1330944299697876,-0.9855331969556035
TOKYOTECH_s01,80,108,83.6,0.3121028542518616,-0.5538310459072513
TOKYOTECH_s01,80,109,83.63333333333334,0.4581526517868042,0.01850167315326074
TOKYOTECH_s01,80,110,83.66666666666667,0.2201966494321823,0.6185995350206585
TOKYOTECH_s01,80,111,83.7,-0.20885656774044037,1.1154588768626275
TOKYOTECH_s01,80,112,83.73333333333333,-0.5698267221450806,1.4028840260344198
TOKYOTECH_s01,80,113,83.76666666666667,-0.9871455430984497,1.4339491435822087
TOKYOTECH_s01,80,114,83.8,-1.045108675956726,1.2324836868786253
TOKYOTECH_s01,80,115,83.83333333333333,-0.9563919901847839,0.8784840594081923
TOKYOTECH_s01,80,116,83.86666666666666,-0.838851273059845,0.47536640287074555
TOKYOTECH_s01,80,117,83.9,-0.9553288221359253,0.11300096995515835
TOKYOTECH_s01,80,118,83.93333333333334,-0.4492145776748657,-0.15967261925096332
TOKYOTECH_s01,80,119,83.96666666666667,0.8806298971176147,-0.34342296856970367
TOKYOTECH_s01,80,120,84.0,1.936055064201355,-0.47682056659326133
TOKYOTECH_s01,80,121,84.03333333333333,1.8819115161895752,-0.609058136539463
TOKYOTECH_s01,80,122,84.06666666666666,1.3684338331222534,-0.7691285967767539
TOKYOTECH_s01,80,123,84.1,0.8752351999282837,-0.9450115202147389
TOKYOTECH_s01,80,124,84.13333333333334,0.44480380415916443,-1.0825797834030537
TOKYOTECH_s01,80,125,84.16666666666667,0.09950573742389679,-1.105622570320102
TOKYOTECH_s01,80,126,84.2,-0.1038377657532692,-0.9492921053564014
TOKYOTECH_s01,80,127,84.23333333333333,0.027327459305524826,-0.5931464300477611
TOKYOTECH_s01,80,128,84.26666666666667,0.18188269436359406,-0.07934448804655901
TOKYOTECH_s01,80,129,84.3,-0.07926643639802933,0.49315471288289936
TOKYOTECH_s01,80,130,84.33333333333333,-0.38601428270339966,0.9980189392297524
TOKYOTECH_s01,80,131,84.36666666666666,-0.5782140493392944,1.3237377853132937
TOKYOTECH_s01,80,132,84.4,-0.8686203956604004,1.410789226274329
TOKYOTECH_s01,80,133,84.43333333333334,-0.8918135166168213,1.2675025475605781
TOKYOTECH_s01,80,134,84.46666666666667,-0.7505677342414856,0.9590106346569212
TOKYOTECH_s01,80,135,84.5,-0.7998679280281067,0.5766240780267793
TOKYOTECH_s01,80,136,84.53333333333333,-0.6739004850387573,0.20235068669650216
TOKYOTECH_s01,80,137,84.56666666666666,0.483196496963501,-0.11678198568813565
TOKYOTECH_s01,80,138,84.6,1.810835838317871,-0.3754662650263855
TOKYOTECH_s01,80,139,84.63333333333334,2.0392231941223145,-0.5970882297299756
TOKYOTECH_s01,80,140,84.66666666666667,1.6239913702011108,-0.8082747322669496
TOKYOTECH_s01,80,141,84.7,1.0700339078903198,-1.0134255859338095
TOKYOTECH_s01,80,142,84.73333333333333,0.7315086722373962,-1.1815997557676767
TOKYOTECH_s01,80,143,84.76666666666667,0.4480721056461334,-1.2526917161035516
TOKYOTECH_s01,80,144,84.8,0.12273824959993362,-1.1610398174992675
TOKYOTECH_s01,80,145,84.83333333333333,0.16585619747638702,-0.866725307512673
TOKYOTECH_s01,80,146,84.86666666666666,0.34490400552749634,-0.3814441178675793
TOKYOTECH_s01,80,147,84.9,0.09592241793870926,0.22278452616276226
TOKYOTECH_s01,80,148,84.93333333333334,-0.17310214042663574,0.8285253113004376
TOKYOTECH_s01,80,149,84.96666666666667,-0.37140536308288574,1.308413567641003
TOKYOTECH_s01,80,150,85.0,-0.8866944909095764,1.566968704999572
TOKYOTECH_s01,80,151,85.03333333333333,-1.1421732902526855,1.56972827145197
TOKYOTECH_s01,80,152,85.06666666666666,-1.0644035339355469,1.3476230789972714
TOKYOTECH_s01,80,153,85.1,-1.094605803489685,0.9775168634829042
TOKYOTECH_s01,80,154,85.13333333333334,-1.1434333324432373,0.5499197604158365
TOKYOTECH_s01,80,155,85.16666666666667,-0.5226529240608215,0.13821171869869853
TOKYOTECH_s01,80,156,85.2,0.8435760140419006,-0.2192049574690664
TOKYOTECH_s01,80,157,85.23333333333333,1.837494134902954,-0.5190509131012909
TOKYOTECH_s01,80,158,85.26666666666667,1.8934884071350098,-0.7781219428203323
TOKYOTECH_s01,80,159,85.3,1.4845569133758545,-1.0110907060031236
TOKYOTECH_s01,80,160,85.33333333333333,1.0252621173858643,-1.2115013083426394
TOKYOTECH_s01,80,161,85.36666666666666,0.4748091697692871,-1.3446877956290635
TOKYOTECH_s01,80,162,85.4,-0.10584599524736404,-1.3563697200553995
TOKYOTECH_s01,80,163,85.43333333333334,-0.2054307609796524,-1.1943329013867896
TOKYOTECH_s01,80,164,85.46666666666667,-0.005946216639131308,-0.835177680397286
TOKYOTECH_s01,80,165,85.5,0.148727148771286,-0.30502667424879565
TOKYOTECH_s01,80,166,85.53333333333333,0.18105578422546387,0.31641797931189525
TOKYOTECH_s01,80,167,85.56666666666666,-0.010002060793340206,0.9133885006475819
TOKYOTECH_s01,80,168,85.6,-0.25693604350090027,1.36807513005962
TOKYOTECH_s01,80,169,85.63333333333334,-0.5621482133865356,1.5973345814914857
TOKYOTECH_s01,80,170,85.66666666666667,-0.8709436655044556,1.5764059937520047
TOKYOTECH_s01,80,171,85.7,-1.1337072849273682,1.3402133363622117
TOKYOTECH_s01,80,172,85.73333333333333,-1.2070274353027344,0.9637935699072608
TOKYOTECH_s01,80,173,85.76666666666667,-1.3574481010437012,0.5324709487070132
TOKYOTECH_s01,80,174,85.8,-0.931466281414032,0.11470372607612345
TOKYOTECH_s01,80,175,85.83333333333333,0.418460488319397,-0.2529772360972454
TOKYOTECH_s01,80,176,85.86666666666666,1.8206801414489746,-0.5653218091170793
TOKYOTECH_s01,80,177,85.9,1.932747483253479,-0.8344185785885947
TOKYOTECH_s01,80,178,85.93333333333334,1.2593984603881836,-1.0697808548153194
TOKYOTECH_s01,80,179,85.96666666666667,0.9005547165870667,-1.261815125747032
TOKYOTECH_s01,80,180,86.0,0.5988077521324158,-1.3762530174218734
TOKYOTECH_s01,80,181,86.03333333333333,0.1514441817998886,-1.3626031759706327
TOKYOTECH_s01,80,182,86.06666666666666,0.014687400311231613,-1.174283122744875
TOKYOTECH_s01,80,183,86.1,0.09722186625003815,-0.7932579319184527
TOKYOTECH_s01,80,184,86.13333333333334,0.1340394765138626,-0.24905399798883637
TOKYOTECH_s01,80,185,86.16666666666667,0.24874506890773773,0.3775629246849379
TOKYOTECH_s01,80,186,86.2,-0.09025265276432037,0.9711835885311398
TOKYOTECH_s01,80,187,86.23333333333333,-0.4727621078491211,1.414839097161798
TOKYOTECH_s01,80,188,86.26666666666667,-0.6859105229377747,1.6264825166896442
TOKYOTECH_s01,80,189,86.3,-0.9571008086204529,1.58268754265466
TOKYOTECH_s01,80,190,86.33333333333333,-0.9995099902153015,1.3201038805138705
TOKYOTECH_s01,80,191,86.36666666666666,-0.9398142695426941,0.9165116593048106
TOKYOTECH_s01,80,192,86.4,-0.8353073596954346,0.4615435422026846
TOKYOTECH_s01,80,193,86.43333333333334,-0.22854512929916382,0.029370254640621537
TOKYOTECH_s01,80,194,86.46666666666667,0.9317807555198669,-0.3372707988997186
TOKYOTECH_s01,80,195,86.5,1.8362340927124023,-0.6280429292163371
TOKYOTECH_s01,80,196,86.53333333333333,1.6986503601074219,-0.8532233646430197
TOKYOTECH_s01,80,197,86.56666666666666,1.0910612344741821,-1.0256555728359305
TOKYOTECH_s01,80,198,86.6,0.5013493299484253,-1.144581289321534
TOKYOTECH_s01,80,199,86.63333333333334,0.141245499253273,-1.188410423141279
TOKYOTECH_s01,80,200,86.66666666666667,-0.21688950061798096,-1.1201154359536416
TOKYOTECH_s01,80,201,86.7,-0.3538037836551666,-0.9040832136964482
TOKYOTECH_s01,80,202,86.73333333333333,-0.01752309314906597,-0.5281901471661112
TOKYOTECH_s01,80,203,86.76666666666667,0.17345598340034485,-0.021334088323878012
TOKYOTECH_s01,80,204,86.8,-0.09592296183109283,0.54332476276922
TOKYOTECH_s01,80,205,86.83333333333333,-0.19227880239486694,1.0638553522042984
TOKYOTECH_s01,80,206,86.86666666666666,-0.3406124413013458,1.4388614126416606
TOKYOTECH_s01,80,207,86.9,-0.6219620704650879,1.5981880804236936
TOKYOTECH_s01,80,208,86.93333333333334,-0.6675607562065125,1.522237753791795
TOKYOTECH_s01,80,209,86.96666666666667,-0.7897873520851135,1.2432149612694285
TOKYOTECH_s01,80,210,87.0,-0.9109114408493042,0.8299755811364046
TOKYOTECH_s01,80,211,87.03333333333333,-0.8559409379959106,0.36433641351096074
TOKYOTECH_s01,80,212,87.06666666666666,-0.5890427827835083,-0.08175384760380193
TOKYOTECH_s01,80,213,87.1,0.5358437299728394,-0.4610504093636398
TOKYOTECH_s01,80,214,87.13333333333334,1.7334203720092773,-0.7546076756774526
TOKYOTECH_s01,80,215,87.16666666666667,1.5621693134307861,-0.9650065496846086
TOKYOTECH_s01,80,216,87.2,0.9195345044136047,-1.1035382554255597
TOKYOTECH_s01,80,217,87.23333333333333,0.5688811540603638,-1.1773910486218082
TOKYOTECH_s01,80,218,87.26666666666667,0.0902521163225174,-1.1822720775424036
TOKYOTECH_s01,80,219,87.3,-0.4142870604991913,-1.1033683647808354
TOKYOTECH_s01,80,220,87.33333333333333,-0.17987500131130219,-0.9241634018695336
TOKYOTECH_s01,80,221,87.36666666666666,0.20397326350212097,-0.6395597270302726
TOKYOTECH_s01,80,222,87.4,0.2709931433200836,-0.26788898499573915
TOKYOTECH_s01,80,223,87.43333333333334,0.34537655115127563,0.14401328453440884
TOKYOTECH_s01,80,224,87.46666666666667,0.1814495474100113,0.5270462924610635
TOKYOTECH_s01,80,225,87.5,-0.3982211947441101,0.8074924458954666
TOKYOTECH_s01,80,226,87.53333333333333,-0.9436338543891907,0.9299206949604045
TOKYOTECH_s01,80,227,87.56666666666666,-1.2222269773483276,0.8754805083558568
TOKYOTECH_s01,80,228,87.6,-1.011913776397705,0.6679390447334345
TOKYOTECH_s01,80,229,87.63333333333334,-0.7317454814910889,0.36574866020996355
TOKYOTECH_s01,80,230,87.66666666666667,-0.6386185884475708,0.04388436449324018
TOKYOTECH_s01,80,231,87.7,-0.7975053191184998,-0.22779264502145435
TOKYOTECH_s01,80,232,87.73333333333333,-0.32257771492004395,-0.4025026370249883
TOKYOTECH_s01,80,233,87.76666666666667,0.7575369477272034,-0.46553093172065624
TOKYOTECH_s01,80,234,87.8,1.5448039770126343,-0.4322045290314883
TOKYOTECH_s01,80,235,87.83333333333333,1.5537031888961792,-0.3367027689162868
TOKYOTECH_s01,80,236,87.86666666666666,1.1750526428222656,-0.21677788958538732
TOKYOTECH_s01,80,237,87.9,0.9123284816741943,-0.10048937662535484
TOKYOTECH_s01,80,238,87.93333333333334,0.4901268780231476,0.0007280452576271116
TOKYOTECH_s01,80,239,87.96666666666667,-0.2694185972213745,0.0914861514785321
TOKYOTECH_s01,81,0,81.0,-0.16786497831344604,0.09003905413258705
TOKYOTECH_s01,81,1,81.03333333333333,7.848445238778368e-05,0.22647883387225018
TOKYOTECH_s01,81,2,81.06666666666666,0.08820450305938721,0.38343447876143016
TOKYOTECH_s01,81,3,81.1,0.14943593740463257,0.5667539454946419
TOKYOTECH_s01,81,4,81.13333333333334,0.0020473410841077566,0.7559340304277493
TOKYOTECH_s01,81,5,81.16666666666667,-0.17987500131130219,0.9118005359105242
TOKYOTECH_s01,81,6,81.2,-0.4421660602092743,0.9951572554495379
TOKYOTECH_s01,81,7,81.23333333333333,-0.6921321153640747,0.9851390077451445
TOKYOTECH_s01,81,8,81.26666666666667,-0.7681299448013306,0.8870887186476947
TOKYOTECH_s01,81,9,81.3,-0.9003977179527283,0.726929676212227
TOKYOTECH_s01,81,10,81.33333333333333,-0.9197713136672974,0.5367493160724964
TOKYOTECH_s01,81,11,81.36666666666666,-0.9357977509498596,0.34024005351991254
TOKYOTECH_s01,81,12,81.4,-0.44370177388191223,0.1452190417765282
TOKYOTECH_s01,81,13,81.43333333333334,0.790141224861145,-0.0542884825025834
TOKYOTECH_s01,81,14,81.46666666666667,1.663683533668518,-0.26863993519190055
TOKYOTECH_s01,81,15,81.5,1.4032825231552124,-0.5007628811473566
TOKYOTECH_s01,81,16,81.53333333333333,0.8398351669311523,-0.7370746527939899
TOKYOTECH_s01,81,17,81.56666666666666,0.45008033514022827,-0.9448222519272171
TOKYOTECH_s01,81,18,81.6,0.10714489966630936,-1.077473137845767
TOKYOTECH_s01,81,19,81.63333333333334,-0.16215530037879944,-1.0874649972183934
TOKYOTECH_s01,81,20,81.66666666666667,-0.2548884451389313,-0.9431063855567089
TOKYOTECH_s01,81,21,81.7,-0.032604534178972244,-0.6441166067136618
TOKYOTECH_s01,81,22,81.73333333333333,0.053040724247694016,-0.22918454533807645
TOKYOTECH_s01,81,23,81.76666666666667,0.02909942902624607,0.22953276917220855
TOKYOTECH_s01,81,24,81.8,-0.20932909846305847,0.6452796271436635
TOKYOTECH_s01,81,25,81.83333333333333,-0.32911431789398193,0.942726417514785
TOKYOTECH_s01,81,26,81.86666666666666,-0.6188119053840637,1.0800552627206719
TOKYOTECH_s01,81,27,81.9,-0.8634226322174072,1.0570767004883328
TOKYOTECH_s01,81,28,81.93333333333334,-0.9477684497833252,0.9071237822652003
TOKYOTECH_s01,81,29,81.96666666666667,-1.0572367906570435,0.6789295885469157
TOKYOTECH_s01,81,30,82.0,-1.0190016031265259,0.4176857476612476
TOKYOTECH_s01,81,31,82.03333333333333,-0.7574981451034546,0.15238108477244386
TOKYOTECH_s01,81,32,82.06666666666666,0.37038102746009827,-0.10727661944626378
TOKYOTECH_s01,81,33,82.1,1.7196383476257324,-0.3646857454911997
TOKYOTECH_s01,81,34,82.13333333333334,1.818081259727478,-0.6241458168177396
TOKYOTECH_s01,81,35,82.16666666666667,1.4200178384780884,-0.8777775106007617
TOKYOTECH_s01,81,36,82.2,0.9365454316139221,-1.0974006594472403
TOKYOTECH_s01,81,37,82.23333333333333,0.5007981061935425,-1.2359838404276335
TOKYOTECH_s01,81,38,82.26666666666667,0.10009639710187912,-1.239952259313923
TOKYOTECH_s01,81,39,82.3,-0.060601674020290375,-1.0692027644231872
TOKYOTECH_s01,81,40,82.33333333333333,0.20917104184627533,-0.7177435784259769
TOKYOTECH_s01,81,41,82.36666666666666,0.3018648028373718,-0.22589446240210936
TOKYOTECH_s01,81,42,82.4,0.1522710919380188,0.3236235086328054
TOKYOTECH_s01,81,43,82.43333333333334,-0.19456267356872559,0.8272696942782204
TOKYOTECH_s01,81,44,82.46666666666667,-0.5063901543617249,1.1922461237152993
TOKYOTECH_s01,81,45,82.5,-0.7118600606918335,1.3642480581964649
TOKYOTECH_s01,81,46,82.53333333333333,-1.0790517330169678,1.3396639517633335
TOKYOTECH_s01,81,47,82.56666666666666,-1.3865084648132324,1.1587175865877788
TOKYOTECH_s01,81,48,82.6,-1.4782965183258057,0.8848638625315306
TOKYOTECH_s01,81,49,82.63333333333334,-1.2106107473373413,0.5805354085638385
TOKYOTECH_s01,81,50,82.66666666666667,-0.7756509780883789,0.2885174330628654
TOKYOTECH_s01,81,51,82.7,0.2974545657634735,0.0241780593006882
TOKYOTECH_s01,81,52,82.73333333333333,1.5308250188827515,-0.22035265123734957
TOKYOTECH_s01,81,53,82.76666666666667,1.8291856050491333,-0.46246893121518284
TOKYOTECH_s01,81,54,82.8,1.265777587890625,-0.7113457364138648
TOKYOTECH_s01,81,55,82.83333333333333,0.5773472189903259,-0.9535325814327406
TOKYOTECH_s01,81,56,82.86666666666666,0.18916746973991394,-1.1487190525915458
TOKYOTECH_s01,81,57,82.9,-0.008269467391073704,-1.239066946878613
TOKYOTECH_s01,81,58,82.93333333333334,-0.16073772311210632,-1.169922080600004
TOKYOTECH_s01,81,59,82.96666666666667,0.010434669442474842,-0.9143077380478989
TOKYOTECH_s01,81,60,83.0,0.31292977929115295,-0.49092526041478113
TOKYOTECH_s01,81,61,83.03333333333333,0.26000693440437317,0.03320149885144897
TOKYOTECH_s01,81,62,83.06666666666666,0.11505970358848572,0.5588295106249467
TOKYOTECH_s01,81,63,83.1,-0.02575291320681572,0.9845230634932426
TOKYOTECH_s01,81,64,83.13333333333334,-0.4530341625213623,1.2381771340528127
TOKYOTECH_s01,81,65,83.16666666666667,-0.90776127576828,1.2959965489125709
TOKYOTECH_s01,81,66,83.2,-1.0462900400161743,1.1816060048339754
TOKYOTECH_s01,81,67,83.23333333333333,-1.10862398147583,0.9482166272284236
TOKYOTECH_s01,81,68,83.26666666666667,-1.2317168712615967,0.6538858217991858
TOKYOTECH_s01,81,69,83.3,-0.6973298788070679,0.34118550367398154
TOKYOTECH_s01,81,70,83.33333333333333,0.8894109725952148,0.02887633427542366
TOKYOTECH_s01,81,71,83.36666666666666,1.8573402166366577,-0.28283559551965326
TOKYOTECH_s01,81,72,83.4,1.5647681951522827,-0.5973938369681898
TOKYOTECH_s01,81,73,83.43333333333334,1.062079668045044,-0.9048597699710499
TOKYOTECH_s01,81,74,83.46666666666667,0.6492498517036438,-1.1712957838862899
TOKYOTECH_s01,81,75,83.5,0.38085535168647766,-1.340861451219676
TOKYOTECH_s01,81,76,83.53333333333333,0.1717233955860138,-1.351678473763733
TOKYOTECH_s01,81,77,83.56666666666666,0.1330944299697876,-1.1603918825608142
TOKYOTECH_s01,81,78,83.6,0.3121028542518616,-0.7659001237130771
TOKYOTECH_s01,81,79,83.63333333333334,0.4581526517868042,-0.2214106443027165
TOKYOTECH_s01,81,80,83.66666666666667,0.2201966494321823,0.3732453974162749
TOKYOTECH_s01,81,81,83.7,-0.20885656774044037,0.8993077346258752
TOKYOTECH_s01,81,82,83.73333333333333,-0.5698267221450806,1.2564332699953142
TOKYOTECH_s01,81,83,83.76666666666667,-0.9871455430984497,1.3931892663610241
TOKYOTECH_s01,81,84,83.8,-1.045108675956726,1.3178366067773142
TOKYOTECH_s01,81,85,83.83333333333333,-0.9563919901847839,1.0867521056905491
TOKYOTECH_s01,81,86,83.86666666666666,-0.838851273059845,0.7777071143997776
TOKYOTECH_s01,81,87,83.9,-0.9553288221359253,0.46029320131924045
TOKYOTECH_s01,81,88,83.93333333333334,-0.4492145776748657,0.17495121173901196
TOKYOTECH_s01,81,89,83.96666666666667,0.8806298971176147,-0.07279209896746326
TOKYOTECH_s01,81,90,84.0,1.936055064201355,-0.3023471772157292
TOKYOTECH_s01,81,91,84.03333333333333,1.8819115161895752,-0.5375045767419715
TOKYOTECH_s01,81,92,84.06666666666666,1.3684338331222534,-0.784558228857688
TOKYOTECH_s01,81,93,84.1,0.8752351999282837,-1.019065082484112
TOKYOTECH_s01,81,94,84.13333333333334,0.44480380415916443,-1.1876451156620278
TOKYOTECH_s01,81,95,84.16666666666667,0.09950573742389679,-1.2250036183106807
TOKYOTECH_s01,81,96,84.2,-0.1038377657532692,-1.080130870370287
TOKYOTECH_s01,81,97,84.23333333333333,0.027327459305524826,-0.7415523950817602
TOKYOTECH_s01,81,98,84.26666666666667,0.18188269436359406,-0.2509410436052053
TOKYOTECH_s01,81,99,84.3,-0.07926643639802933,0.3021371563236987
TOKYOTECH_s01,81,100,84.33333333333333,-0.38601428270339966,0.8046855242966934
TOKYOTECH_s01,81,101,84.36666666666666,-0.5782140493392944,1.1557851444508944
TOKYOTECH_s01,81,102,84.4,-0.8686203956604004,1.2984306230538891
TOKYOTECH_s01,81,103,84.43333333333334,-0.8918135166168213,1.2334796155385725
TOKYOTECH_s01,81,104,84.46666666666667,-0.7505677342414856,1.0105736333404909
TOKYOTECH_s01,81,105,84.5,-0.7998679280281067,0.7023835898397993
TOKYOTECH_s01,81,106,84.53333333333333,-0.6739004850387573,0.37506941433980856
TOKYOTECH_s01,81,107,84.56666666666666,0.483196496963501,0.06757666342139831
TOKYOTECH_s01,81,108,84.6,1.810835838317871,-0.2127844197299574
TOKYOTECH_s01,81,109,84.63333333333334,2.0392231941223145,-0.4785236027202064
TOKYOTECH_s01,81,110,84.66666666666667,1.6239913702011108,-0.7409401288995904
TOKYOTECH_s01,81,111,84.7,1.0700339078903198,-0.9906116668835657
TOKYOTECH_s01,81,112,84.73333333333333,0.7315086722373962,-1.1891257746576644
TOKYOTECH_s01,81,113,84.76666666666667,0.4480721056461334,-1.2767376265722299
TOKYOTECH_s01,81,114,84.8,0.12273824959993362,-1.1937747895683044
TOKYOTECH_s01,81,115,84.83333333333333,0.16585619747638702,-0.9076380071991657
TOKYOTECH_s01,81,116,84.86666666666666,0.34490400552749634,-0.4343590138284623
TOKYOTECH_s01,81,117,84.9,0.09592241793870926,0.15531633596439862
TOKYOTECH_s01,81,118,84.93333333333334,-0.17310214042663574,0.7504759459627603
TOKYOTECH_s01,81,119,84.96666666666667,-0.37140536308288574,1.2319649090907614
TOKYOTECH_s01,81,120,85.0,-0.8866944909095764,1.5092362366631118
TOKYOTECH_s01,81,121,85.03333333333333,-1.1421732902526855,1.5461068367493818
TOKYOTECH_s01,81,122,85.06666666666666,-1.0644035339355469,1.3651976717256271
TOKYOTECH_s01,81,123,85.1,-1.094605803489685,1.0315975345659931
TOKYOTECH_s01,81,124,85.13333333333334,-1.1434333324432373,0.6249583485904147
TOKYOTECH_s01,81,125,85.16666666666667,-0.5226529240608215,0.212489838772019
TOKYOTECH_s01,81,126,85.2,0.8435760140419006,-0.16685193284508248
TOKYOTECH_s01,81,127,85.23333333333333,1.837494134902954,-0.502616254249044
TOKYOTECH_s01,81,128,85.26666666666667,1.8934884071350098,-0.8001384063138783
TOKYOTECH_s01,81,129,85.3,1.4845569133758545,-1.0624107001287717
TOKYOTECH_s01,81,130,85.33333333333333,1.0252621173858643,-1.2753146205376125
TOKYOTECH_s01,81,131,85.36666666666666,0.4748091697692871,-1.4029451379144782
TOKYOTECH_s01,81,132,85.4,-0.10584599524736404,-1.3958893678472863
TOKYOTECH_s01,81,133,85.43333333333334,-0.2054307609796524,-1.2104524287313565
TOKYOTECH_s01,81,134,85.46666666666667,-0.005946216639131308,-0.8319096106239385
TOKYOTECH_s01,81,135,85.5,0.148727148771286,-0.29175536627692444
TOKYOTECH_s01,81,136,85.53333333333333,0.18105578422546387,0.33039143057372355
TOKYOTECH_s01,81,137,85.56666666666666,-0.010002060793340206,0.9239905306495036
TOKYOTECH_s01,81,138,85.6,-0.25693604350090027,1.378716169234198
TOKYOTECH_s01,81,139,85.63333333333334,-0.5621482133865356,1.617052554467043
TOKYOTECH_s01,81,140,85.66666666666667,-0.8709436655044556,1.61487529753059
TOKYOTECH_s01,81,141,85.7,-1.1337072849273682,1.4023005324105318
TOKYOTECH_s01,81,142,85.73333333333333,-1.2070274353027344,1.0463663456864887
TOKYOTECH_s01,81,143,85.76666666666667,-1.3574481010437012,0.6247079848083974
TOKYOTECH_s01,81,144,85.8,-0.931466281414032,0.20149896112632548
TOKYOTECH_s01,81,145,85.83333333333333,0.418460488319397,-0.18600349451388914
TOKYOTECH_s01,81,146,85.86666666666666,1.8206801414489746,-0.5272713714018341
TOKYOTECH_s01,81,147,85.9,1.932747483253479,-0.8270155971815425
TOKYOTECH_s01,81,148,85.93333333333334,1.2593984603881836,-1.0885975930620129
TOKYOTECH_s01,81,149,85.96666666666667,0.9005547165870667,-1.299957585917478
TOKYOTECH_s01,81,150,86.0,0.5988077521324158,-1.4284340476291308
TOKYOTECH_s01,81,151,86.03333333333333,0.1514441817998886,-1.4275181445776497
TOKYOTECH_s01,81,152,86.06666666666666,0.014687400311231613,-1.2541451244904436
TOKYOTECH_s01,81,153,86.1,0.09722186625003815,-0.8906543829990489
TOKYOTECH_s01,81,154,86.13333333333334,0.1340394765138626,-0.36243734552137685
TOKYOTECH_s01,81,155,86.16666666666667,0.24874506890773773,0.2577416194223335
TOKYOTECH_s01,81,156,86.2,-0.09025265276432037,0.8636031046997927
TOKYOTECH_s01,81,157,86.23333333333333,-0.4727621078491211,1.3443446419708187
TOKYOTECH_s01,81,158,86.26666666666667,-0.6859105229377747,1.6173247522726548
TOKYOTECH_s01,81,159,86.3,-0.9571008086204529,1.6502275797487698
TOKYOTECH_s01,81,160,86.33333333333333,-0.9995099902153015,1.4644043497789765
TOKYOTECH_s01,81,161,86.36666666666666,-0.9398142695426941,1.120665483819013
TOKYOTECH_s01,81,162,86.4,-0.8353073596954346,0.6953376198142159
TOKYOTECH_s01,81,163,86.43333333333334,-0.22854512929916382,0.2563355336650867
TOKYOTECH_s01,81,164,86.46666666666667,0.9317807555198669,-0.15238509356977994
TOKYOTECH_s01,81,165,86.5,1.8362340927124023,-0.5134835155544003
TOKYOTECH_s01,81,166,86.53333333333333,1.6986503601074219,-0.826804211746213
TOKYOTECH_s01,81,167,86.56666666666666,1.0910612344741821,-1.0934644167880547
TOKYOTECH_s01,81,168,86.6,0.5013493299484253,-1.3014324597967426
TOKYOTECH_s01,81,169,86.63333333333334,0.141245499253273,-1.4197424044027989
TOKYOTECH_s01,81,170,86.66666666666667,-0.21688950061798096,-1.4048840179902122
TOKYOTECH_s01,81,171,86.7,-0.3538037836551666,-1.217928170863371
TOKYOTECH_s01,81,172,86.73333333333333,-0.01752309314906597,-0.8462430871427591
TOKYOTECH_s01,81,173,86.76666666666667,0.17345598340034485,-0.32039879284881345
TOKYOTECH_s01,81,174,86.8,-0.09592296183109283,0.283393600915697
TOKYOTECH_s01,81,175,86.83333333333333,-0.19227880239486694,0.8597771560850909
TOKYOTECH_s01,81,176,86.86666666666666,-0.3406124413013458,1.3042700676974348
TOKYOTECH_s01,81,177,86.9,-0.6219620704650879,1.5436983219519589
TOKYOTECH_s01,81,178,86.93333333333334,-0.6675607562065125,1.5543989476906206
TOKYOTECH_s01,81,179,86.96666666666667,-0.7897873520851135,1.362563076402462
TOKYOTECH_s01,81,180,87.0,-0.9109114408493042,1.0292435894272614
TOKYOTECH_s01,81,181,87.03333333333333,-0.8559409379959106,0.6278573736772165
TOKYOTECH_s01,81,182,87.06666666666666,-0.5890427827835083,0.2229621463703597
TOKYOTECH_s01,81,183,87.1,0.5358437299728394,-0.14325431347464052
TOKYOTECH_s01,81,184,87.13333333333334,1.7334203720092773,-0.4539431622929147
TOKYOTECH_s01,81,185,87.16666666666667,1.5621693134307861,-0.7108133391227083
TOKYOTECH_s01,81,186,87.2,0.9195345044136047,-0.9213740877585125
TOKYOTECH_s01,81,187,87.23333333333333,0.5688811540603638,-1.0857640605670096
TOKYOTECH_s01,81,188,87.26666666666667,0.0902521163225174,-1.1888475311170545
TOKYOTECH_s01,81,189,87.3,-0.4142870604991913,-1.2013803288228468
TOKYOTECH_s01,81,190,87.33333333333333,-0.17987500131130219,-1.0905044481320683
TOKYOTECH_s01,81,191,87.36666666666666,0.20397326350212097,-0.8359893522212215
TOKYOTECH_s01,81,192,87.4,0.2709931433200836,-0.44596846095787906
TOKYOTECH_s01,81,193,87.43333333333334,0.34537655115127563,0.03497009513794059
TOKYOTECH_s01,81,194,87.46666666666667,0.1814495474100113,0.530996893174556
TOKYOTECH_s01,81,195,87.5,-0.3982211947441101,0.9541492698060983
TOKYOTECH_s01,81,196,87.53333333333333,-0.9436338543891907,1.2303837352487208
TOKYOTECH_s01,81,197,87.56666666666666,-1.2222269773483276,1.321157675783163
TOKYOTECH_s01,81,198,87.6,-1.011913776397705,1.2318085441702078
TOKYOTECH_s01,81,199,87.63333333333334,-0.7317454814910889,1.0049446231190065
TOKYOTECH_s01,81,200,87.66666666666667,-0.6386185884475708,0.7030647744452624
TOKYOTECH_s01,81,201,87.7,-0.7975053191184998,0.3875466816049735
TOKYOTECH_s01,81,202,87.73333333333333,-0.32257771492004395,0.10119141822048405
TOKYOTECH_s01,81,203,87.76666666666667,0.7575369477272034,-0.14038696739740142
TOKYOTECH_s01,81,204,87.8,1.5448039770126343,-0.3461897524296705
TOKYOTECH_s01,81,205,87.83333333333333,1.5537031888961792,-0.5373804421644942
TOKYOTECH_s01,81,206,87.86666666666666,1.1750526428222656,-0.7299620182518246
TOKYOTECH_s01,81,207,87.9,0.9123284816741943,-0.9197931573123848
TOKYOTECH_s01,81,208,87.93333333333334,0.4901268780231476,-1.0765284881778603
TOKYOTECH_s01,81,209,87.96666666666667,-0.2694185972213745,-1.1498845905246982
TOKYOTECH_s01,81,210,88.0,-0.5547452569007874,-1.087121972648689
TOKYOTECH_s01,81,211,88.03333333333333,0.04051879793405533,-0.8561802173361346
TOKYOTECH_s01,81,212,88.06666666666666,0.585301399230957,-0.4658385620957225
TOKYOTECH_s01,81,213,88.1,0.13726840913295746,0.026323510662835985
TOKYOTECH_s01,81,214,88.13333333333334,-0.7910080552101135,0.5244785804003252
TOKYOTECH_s01,81,215,88.16666666666667,-0.7059534788131714,0.922561986071435
TOKYOTECH_s01,81,216,88.2,-0.47441592812538147,1.1390313693175527
TOKYOTECH_s01,81,217,88.23333333333333,-1.248294711112976,1.1428530123621166
TOKYOTECH_s01,81,218,88.26666666666667,-1.5823702812194824,0.9599823424078995
TOKYOTECH_s01,81,219,88.3,-0.9562739133834839,0.6597576712219452
TOKYOTECH_s01,81,220,88.33333333333333,-0.9670238494873047,0.3288791029605734
TOKYOTECH_s01,81,221,88.36666666666666,-1.3947381973266602,0.043691069375695696
TOKYOTECH_s01,81,222,88.4,-0.2610706388950348,-0.15024058196874693
TOKYOTECH_s01,81,223,88.43333333333334,1.7392088174819946,-0.24621978693694954
TOKYOTECH_s01,81,224,88.46666666666667,2.361682415008545,-0.27101291057057564
TOKYOTECH_s01,81,225,88.5,1.612965703010559,-0.26844457861855353
TOKYOTECH_s01,81,226,88.53333333333333,0.49729350209236145,-0.2781309415259475
TOKYOTECH_s01,81,227,88.56666666666666,0.20991921424865723,-0.3174862308272601
TOKYOTECH_s01,81,228,88.6,0.19208137691020966,-0.37393647721782264
TOKYOTECH_s01,81,229,88.63333333333334,-0.3262004256248474,-0.41028616229619164
TOKYOTECH_s01,81,230,88.66666666666667,-0.5254093408584595,-0.3811398382728694
TOKYOTECH_s01,81,231,88.7,0.1532161384820938,-0.2541718883372591
TOKYOTECH_s01,81,232,88.73333333333333,0.34958988428115845,-0.028243690101053525
TOKYOTECH_s01,81,233,88.76666666666667,-0.43051043152809143,0.25899493410742097
TOKYOTECH_s01,81,234,88.8,-0.8032937049865723,0.5384736064107548
TOKYOTECH_s01,81,235,88.83333333333333,-0.4868197441101074,0.7309021459141769
TOKYOTECH_s01,81,236,88.86666666666666,-0.8025849461555481,0.7737798577410117
TOKYOTECH_s01,81,237,88.9,-1.4207664728164673,0.6428845380392589
TOKYOTECH_s01,81,238,88.93333333333334,-1.0171903371810913,0.36033769767602025
TOKYOTECH_s01,81,239,88.96666666666667,-0.9748992919921875,-0.011812523188841545
TOKYOTECH_s01,82,0,82.0,-1.0190016031265259,0.004392089574722988
TOKYOTECH_s01,82,1,82.03333333333333,-0.7574981451034546,-0.048641067460629864
TOKYOTECH_s01,82,2,82.06666666666666,0.37038102746009827,-0.12976701758017262
TOKYOTECH_s01,82,3,82.1,1.7196383476257324,-0.2583807982570042
TOKYOTECH_s01,82,4,82.13333333333334,1.818081259727478,-0.4382336508387586
TOKYOTECH_s01,82,5,82.16666666666667,1.4200178384780884,-0.6522900110507908
TOKYOTECH_s01,82,6,82.2,0.9365454316139221,-0.8620423462650265
TOKYOTECH_s01,82,7,82.23333333333333,0.5007981061935425,-1.0137686292812997
TOKYOTECH_s01,82,8,82.26666666666667,0.10009639710187912,-1.0520804502847119
TOKYOTECH_s01,82,9,82.3,-0.060601674020290375,-0.9377941453016851
TOKYOTECH_s01,82,10,82.33333333333333,0.20917104184627533,-0.6646183982659964
TOKYOTECH_s01,82,11,82.36666666666666,0.3018648028373718,-0.26804971658790355
TOKYOTECH_s01,82,12,82.4,0.1522710919380188,0.17923437483714008
TOKYOTECH_s01,82,13,82.43333333333334,-0.19456267356872559,0.586754421069621
TOKYOTECH_s01,82,14,82.46666666666667,-0.5063901543617249,0.8742055315977758
TOKYOTECH_s01,82,15,82.5,-0.7118600606918335,0.9963671175889016
TOKYOTECH_s01,82,16,82.53333333333333,-1.0790517330169678,0.9542954064195125
TOKYOTECH_s01,82,17,82.56666666666666,-1.3865084648132324,0.7889493664662548
TOKYOTECH_s01,82,18,82.6,-1.4782965183258057,0.5617290796497646
TOKYOTECH_s01,82,19,82.63333333333334,-1.2106107473373413,0.3314065359710213
TOKYOTECH_s01,82,20,82.66666666666667,-0.7756509780883789,0.13627387328862461
TOKYOTECH_s01,82,21,82.7,0.2974545657634735,-0.013633977148808428
TOKYOTECH_s01,82,22,82.73333333333333,1.5308250188827515,-0.1332247390858442
TOKYOTECH_s01,82,23,82.76666666666667,1.8291856050491333,-0.24986578868307244
TOKYOTECH_s01,82,24,82.8,1.265777587890625,-0.38616891715461993
TOKYOTECH_s01,82,25,82.83333333333333,0.5773472189903259,-0.5442714345580522
TOKYOTECH_s01,82,26,82.86666666666666,0.18916746973991394,-0.69809206176915
TOKYOTECH_s01,82,27,82.9,-0.008269467391073704,-0.7980042711502664
TOKYOTECH_s01,82,28,82.93333333333334,-0.16073772311210632,-0.7880103535344573
TOKYOTECH_s01,82,29,82.96666666666667,0.010434669442474842,-0.6300021374557988
TOKYOTECH_s01,82,30,83.0,0.31292977929115295,-0.32525805096570076
TOKYOTECH_s01,82,31,83.03333333333333,0.26000693440437317,0.07746713314896732
TOKYOTECH_s01,82,32,83.06666666666666,0.11505970358848572,0.49344127730583687
TOKYOTECH_s01,82,33,83.1,-0.02575291320681572,0.8301229625866956
TOKYOTECH_s01,82,34,83.13333333333334,-0.4530341625213623,1.0193657365843374
TOKYOTECH_s01,82,35,83.16666666666667,-0.90776127576828,1.0380145196410455
TOKYOTECH_s01,82,36,83.2,-1.0462900400161743,0.9084463145603572
TOKYOTECH_s01,82,37,83.23333333333333,-1.10862398147583,0.6818772196273183
TOKYOTECH_s01,82,38,83.26666666666667,-1.2317168712615967,0.4143999634134246
TOKYOTECH_s01,82,39,83.3,-0.6973298788070679,0.14666779813567074
TOKYOTECH_s01,82,40,83.33333333333333,0.8894109725952148,-0.1051983100814096
TOKYOTECH_s01,82,41,83.36666666666666,1.8573402166366577,-0.34526144805295866
TOKYOTECH_s01,82,42,83.4,1.5647681951522827,-0.5831735392166338
TOKYOTECH_s01,82,43,83.43333333333334,1.062079668045044,-0.8165941355771331
TOKYOTECH_s01,82,44,83.46666666666667,0.6492498517036438,-1.01946766644706
TOKYOTECH_s01,82,45,83.5,0.38085535168647766,-1.1429278275581365
TOKYOTECH_s01,82,46,83.53333333333333,0.1717233955860138,-1.130070246261122
TOKYOTECH_s01,82,47,83.56666666666666,0.1330944299697876,-0.9395499663216749
TOKYOTECH_s01,82,48,83.6,0.3121028542518616,-0.5688228042430507
TOKYOTECH_s01,82,49,83.63333333333334,0.4581526517868042,-0.06666633414519893
TOKYOTECH_s01,82,50,83.66666666666667,0.2201966494321823,0.47319186291608145
TOKYOTECH_s01,82,51,83.7,-0.20885656774044037,0.9383418463318118
TOKYOTECH_s01,82,52,83.73333333333333,-0.5698267221450806,1.2341370071657123
TOKYOTECH_s01,82,53,83.76666666666667,-0.9871455430984497,1.3139337098668569
TOKYOTECH_s01,82,54,83.8,-1.045108675956726,1.1900543057736959
TOKYOTECH_s01,82,55,83.83333333333333,-0.9563919901847839,0.9225027376234832
TOKYOTECH_s01,82,56,83.86666666666666,-0.838851273059845,0.5922932933354602
TOKYOTECH_s01,82,57,83.9,-0.9553288221359253,0.2714421835811184
TOKYOTECH_s01,82,58,83.93333333333334,-0.4492145776748657,0.001166169227933389
TOKYOTECH_s01,82,59,83.96666666666667,0.8806298971176147,-0.21470907121940025
TOKYOTECH_s01,82,60,84.0,1.936055064201355,-0.4001396273899904
TOKYOTECH_s01,82,61,84.03333333333333,1.8819115161895752,-0.585882255481914
TOKYOTECH_s01,82,62,84.06666666666666,1.3684338331222534,-0.7862690471057648
TOKYOTECH_s01,82,63,84.1,0.8752351999282837,-0.9839049787316141
TOKYOTECH_s01,82,64,84.13333333333334,0.44480380415916443,-1.1293755204849971
TOKYOTECH_s01,82,65,84.16666666666667,0.09950573742389679,-1.1570636759721338
TOKYOTECH_s01,82,66,84.2,-0.1038377657532692,-1.0116548193934958
TOKYOTECH_s01,82,67,84.23333333333333,0.027327459305524826,-0.6751978157675956
TOKYOTECH_s01,82,68,84.26666666666667,0.18188269436359406,-0.18342394431040562
TOKYOTECH_s01,82,69,84.3,-0.07926643639802933,0.37695020390132833
TOKYOTECH_s01,82,70,84.33333333333333,-0.38601428270339966,0.8914502440715351
TOKYOTECH_s01,82,71,84.36666666666666,-0.5782140493392944,1.2541063678045308
TOKYOTECH_s01,82,72,84.4,-0.8686203956604004,1.4016125538457398
TOKYOTECH_s01,82,73,84.43333333333334,-0.8918135166168213,1.329933832375763
TOKYOTECH_s01,82,74,84.46666666666667,-0.7505677342414856,1.087108952608015
TOKYOTECH_s01,82,75,84.5,-0.7998679280281067,0.7481304040874555
TOKYOTECH_s01,82,76,84.53333333333333,-0.6739004850387573,0.3847761380769611
TOKYOTECH_s01,82,77,84.56666666666666,0.483196496963501,0.04322414096952717
TOKYOTECH_s01,82,78,84.6,1.810835838317871,-0.2626737604800106
TOKYOTECH_s01,82,79,84.63333333333334,2.0392231941223145,-0.5418223097078919
TOKYOTECH_s01,82,80,84.66666666666667,1.6239913702011108,-0.8062124353100644
TOKYOTECH_s01,82,81,84.7,1.0700339078903198,-1.0512052611853788
TOKYOTECH_s01,82,82,84.73333333333333,0.7315086722373962,-1.2453332620712374
TOKYOTECH_s01,82,83,84.76666666666667,0.4480721056461334,-1.3348953236208714
TOKYOTECH_s01,82,84,84.8,0.12273824959993362,-1.262418175444219
TOKYOTECH_s01,82,85,84.83333333333333,0.16585619747638702,-0.9922379457654905
TOKYOTECH_s01,82,86,84.86666666666666,0.34490400552749634,-0.5329928967828843
TOKYOTECH_s01,82,87,84.9,0.09592241793870926,0.053281596406599345
TOKYOTECH_s01,82,88,84.93333333333334,-0.17310214042663574,0.6619823678725585
TOKYOTECH_s01,82,89,84.96666666666667,-0.37140536308288574,1.1751812546122666
TOKYOTECH_s01,82,90,85.0,-0.8866944909095764,1.497941293955843
TOKYOTECH_s01,82,91,85.03333333333333,-1.1421732902526855,1.5856967453719548
TOKYOTECH_s01,82,92,85.06666666666666,-1.0644035339355469,1.4516654567698946
TOKYOTECH_s01,82,93,85.1,-1.094605803489685,1.1536788339412534
TOKYOTECH_s01,82,94,85.13333333333334,-1.1434333324432373,0.7684962393778005
TOKYOTECH_s01,82,95,85.16666666666667,-0.5226529240608215,0.365168195689193
TOKYOTECH_s01,82,96,85.2,0.8435760140419006,-0.012666647831024325
TOKYOTECH_s01,82,97,85.23333333333333,1.837494134902954,-0.3505894552310826
TOKYOTECH_s01,82,98,85.26666666666667,1.8934884071350098,-0.6540373646488757
TOKYOTECH_s01,82,99,85.3,1.4845569133758545,-0.9311880277037395
TOKYOTECH_s01,82,100,85.33333333333333,1.0252621173858643,-1.1761168532053847
TOKYOTECH_s01,82,101,85.36666666666666,0.4748091697692871,-1.3599734007407007
TOKYOTECH_s01,82,102,85.4,-0.10584599524736404,-1.434745479878496
TOKYOTECH_s01,82,103,85.43333333333334,-0.2054307609796524,-1.349235594267642
TOKYOTECH_s01,82,104,85.46666666666667,-0.005946216639131308,-1.0718401340523789
TOKYOTECH_s01,82,105,85.5,0.148727148771286,-0.6111197384049804
TOKYOTECH_s01,82,106,85.53333333333333,0.18105578422546387,-0.02447725816600498
TOKYOTECH_s01,82,107,85.56666666666666,-0.010002060793340206,0.5910418966188333
TOKYOTECH_s01,82,108,85.6,-0.25693604350090027,1.1241921161813673
TOKYOTECH_s01,82,109,85.63333333333334,-0.5621482133865356,1.481699079938644
TOKYOTECH_s01,82,110,85.66666666666667,-0.8709436655044556,1.6139737711485618
TOKYOTECH_s01,82,111,85.7,-1.1337072849273682,1.5241588381445326
TOKYOTECH_s01,82,112,85.73333333333333,-1.2070274353027344,1.2586580183734108
TOKYOTECH_s01,82,113,85.76666666666667,-1.3574481010437012,0.8855996559247276
TOKYOTECH_s01,82,114,85.8,-0.931466281414032,0.4711026902589202
TOKYOTECH_s01,82,115,85.83333333333333,0.418460488319397,0.06201655958830028
TOKYOTECH_s01,82,116,85.86666666666666,1.8206801414489746,-0.3195954837711784
TOKYOTECH_s01,82,117,85.9,1.932747483253479,-0.6695806482025045
TOKYOTECH_s01,82,118,85.93333333333334,1.2593984603881836,-0.9868121038721757
TOKYOTECH_s01,82,119,85.96666666666667,0.9005547165870667,-1.2580074763601443
TOKYOTECH_s01,82,120,86.0,0.5988077521324158,-1.4498771009149047
TOKYOTECH_s01,82,121,86.03333333333333,0.1514441817998886,-1.51312672408465
TOKYOTECH_s01,82,122,86.06666666666666,0.014687400311231613,-1.3981975056686595
TOKYOTECH_s01,82,123,86.1,0.09722186625003815,-1.0777518533443717
TOKYOTECH_s01,82,124,86.13333333333334,0.1340394765138626,-0.5671324187017975
TOKYOTECH_s01,82,125,86.16666666666667,0.24874506890773773,0.06712171449871526
TOKYOTECH_s01,82,126,86.2,-0.09025265276432037,0.71766885949042
TOKYOTECH_s01,82,127,86.23333333333333,-0.4727621078491211,1.2648069476419197
TOKYOTECH_s01,82,128,86.26666666666667,-0.6859105229377747,1.6120105345174904
TOKYOTECH_s01,82,129,86.3,-0.9571008086204529,1.7127429984935878
TOKYOTECH_s01,82,130,86.33333333333333,-0.9995099902153015,1.5778548605127627
TOKYOTECH_s01,82,131,86.36666666666666,-0.9398142695426941,1.2633161893113327
TOKYOTECH_s01,82,132,86.4,-0.8353073596954346,0.8461580434882606
TOKYOTECH_s01,82,133,86.43333333333334,-0.22854512929916382,0.3992582382474284
TOKYOTECH_s01,82,134,86.46666666666667,0.9317807555198669,-0.02629701342042542
TOKYOTECH_s01,82,135,86.5,1.8362340927124023,-0.4068548969094733
TOKYOTECH_s01,82,136,86.53333333333333,1.6986503601074219,-0.7399145983714982
TOKYOTECH_s01,82,137,86.56666666666666,1.0910612344741821,-1.0297614544122178
TOKYOTECH_s01,82,138,86.6,0.5013493299484253,-1.2715233183827201
TOKYOTECH_s01,82,139,86.63333333333334,0.141245499253273,-1.4409172700469226
TOKYOTECH_s01,82,140,86.66666666666667,-0.21688950061798096,-1.4951640937190562
TOKYOTECH_s01,82,141,86.7,-0.3538037836551666,-1.3864656580902186
TOKYOTECH_s01,82,142,86.73333333333333,-0.01752309314906597,-1.0841328849041187
TOKYOTECH_s01,82,143,86.76666666666667,0.17345598340034485,-0.5965249631082957
TOKYOTECH_s01,82,144,86.8,-0.09592296183109283,0.01823991273269039
TOKYOTECH_s01,82,145,86.83333333333333,-0.19227880239486694,0.6604786612967285
TOKYOTECH_s01,82,146,86.86666666666666,-0.3406124413013458,1.2148063763767964
TOKYOTECH_s01,82,147,86.9,-0.6219620704650879,1.5832930906430531
TOKYOTECH_s01,82,148,86.93333333333334,-0.6675607562065125,1.7121160696579523
TOKYOTECH_s01,82,149,86.96666666666667,-0.7897873520851135,1.6017681495789975
TOKYOTECH_s01,82,150,87.0,-0.9109114408493042,1.2992904508504157
TOKYOTECH_s01,82,151,87.03333333333333,-0.8559409379959106,0.8784662959503117
TOKYOTECH_s01,82,152,87.06666666666666,-0.5890427827835083,0.41650319021770377
TOKYOTECH_s01,82,153,87.1,0.5358437299728394,-0.025377102528421264
TOKYOTECH_s01,82,154,87.13333333333334,1.7334203720092773,-0.41214271048740025
TOKYOTECH_s01,82,155,87.16666666666667,1.5621693134307861,-0.7336037533188545
TOKYOTECH_s01,82,156,87.2,0.9195345044136047,-0.9933046852957688
TOKYOTECH_s01,82,157,87.23333333333333,0.5688811540603638,-1.1933259788061068
TOKYOTECH_s01,82,158,87.26666666666667,0.0902521163225174,-1.322334034165715
TOKYOTECH_s01,82,159,87.3,-0.4142870604991913,-1.3528471214975886
TOKYOTECH_s01,82,160,87.33333333333333,-0.17987500131130219,-1.249766013889967
TOKYOTECH_s01,82,161,87.36666666666666,0.20397326350212097,-0.9874288877835246
TOKYOTECH_s01,82,162,87.4,0.2709931433200836,-0.5685827856963664
TOKYOTECH_s01,82,163,87.43333333333334,0.34537655115127563,-0.03659060065925771
TOKYOTECH_s01,82,164,87.46666666666667,0.1814495474100113,0.5270585040443293
TOKYOTECH_s01,82,165,87.5,-0.3982211947441101,1.0223348032052082
TOKYOTECH_s01,82,166,87.53333333333333,-0.9436338543891907,1.3604234292691004
TOKYOTECH_s01,82,167,87.56666666666666,-1.2222269773483276,1.4903933435837868
TOKYOTECH_s01,82,168,87.6,-1.011913776397705,1.411592855564781
TOKYOTECH_s01,82,169,87.63333333333334,-0.7317454814910889,1.168273821515454
TOKYOTECH_s01,82,170,87.66666666666667,-0.6386185884475708,0.8303802364770088
TOKYOTECH_s01,82,171,87.7,-0.7975053191184998,0.46873650943565376
TOKYOTECH_s01,82,172,87.73333333333333,-0.32257771492004395,0.13369015481371252
TOKYOTECH_s01,82,173,87.76666666666667,0.7575369477272034,-0.1556773758390064
TOKYOTECH_s01,82,174,87.8,1.5448039770126343,-0.40842234711363923
TOKYOTECH_s01,82,175,87.83333333333333,1.5537031888961792,-0.6464117914497362
TOKYOTECH_s01,82,176,87.86666666666666,1.1750526428222656,-0.8836952975926914
TOKYOTECH_s01,82,177,87.9,0.9123284816741943,-1.1100074177227388
TOKYOTECH_s01,82,178,87.93333333333334,0.4901268780231476,-1.2859302045245895
TOKYOTECH_s01,82,179,87.96666666666667,-0.2694185972213745,-1.3523901284236122
TOKYOTECH_s01,82,180,88.0,-0.5547452569007874,-1.251911662242189
TOKYOTECH_s01,82,181,88.03333333333333,0.04051879793405533,-0.9545952639682782
TOKYOTECH_s01,82,182,88.06666666666666,0.585301399230957,-0.4788867077970819
TOKYOTECH_s01,82,183,88.1,0.13726840913295746,0.10276266493885196
TOKYOTECH_s01,82,184,88.13333333333334,-0.7910080552101135,0.6789937353350514
TOKYOTECH_s01,82,185,88.16666666666667,-0.7059534788131714,1.132400238619057
TOKYOTECH_s01,82,186,88.2,-0.47441592812538147,1.3772475816039325
TOKYOTECH_s01,82,187,88.23333333333333,-1.248294711112976,1.3853157710664983
TOKYOTECH_s01,82,188,88.26666666666667,-1.5823702812194824,1.1895492418202491
TOKYOTECH_s01,82,189,88.3,-0.9562739133834839,0.8664456425072621
TOKYOTECH_s01,82,190,88.33333333333333,-0.9670238494873047,0.5063323224737933
TOKYOTECH_s01,82,191,88.36666666666666,-1.3947381973266602,0.18342770092139582
TOKYOTECH_s01,82,192,88.4,-0.2610706388950348,-0.06404047087655258
TOKYOTECH_s01,82,193,88.43333333333334,1.7392088174819946,-0.23792616157223992
TOKYOTECH_s01,82,194,88.46666666666667,2.361682415008545,-0.36860559568374474
TOKYOTECH_s01,82,195,88.5,1.612965703010559,-0.4933834035245885
TOKYOTECH_s01,82,196,88.53333333333333,0.49729350209236145,-0.6339208776183126
TOKYOTECH_s01,82,197,88.56666666666666,0.20991921424865723,-0.7818479313358093
TOKYOTECH_s01,82,198,88.6,0.19208137691020966,-0.8982838334931452
TOKYOTECH_s01,82,199,88.63333333333334,-0.3262004256248474,-0.9274625557649547
TOKYOTECH_s01,82,200,88.66666666666667,-0.5254093408584595,-0.8192771288615885
TOKYOTECH_s01,82,201,88.7,0.1532161384820938,-0.5523153064953479
TOKYOTECH_s01,82,202,88.73333333333333,0.34958988428115845,-0.14878768970762066
TOKYOTECH_s01,82,203,88.76666666666667,-0.43051043152809143,0.3249734471634586
TOKYOTECH_s01,82,204,88.8,-0.8032937049865723,0.7747062381010015
TOKYOTECH_s01,82,205,88.83333333333333,-0.4868197441101074,1.1069875316448747
TOKYOTECH_s01,82,206,88.86666666666666,-0.8025849461555481,1.259258198082752
TOKYOTECH_s01,82,207,88.9,-1.4207664728164673,1.2176582018854694
TOKYOTECH_s01,82,208,88.93333333333334,-1.0171903371810913,1.0156560057555337
TOKYOTECH_s01,82,209,88.96666666666667,-0.9748992919921875,0.7163776253334306
TOKYOTECH_s01,82,210,89.0,-1.3556761741638184,0.38790341675536494
TOKYOTECH_s01,82,211,89.03333333333333,-0.5984932780265808,0.08181429638691953
TOKYOTECH_s01,82,212,89.06666666666666,0.0523713156580925,-0.17760041719884204
TOKYOTECH_s01,82,213,89.1,1.0933057069778442,-0.3912218655997356
TOKYOTECH_s01,82,214,89.13333333333334,2.2878503799438477,-0.573348169027833
TOKYOTECH_s01,82,215,89.16666666666667,1.6058778762817383,-0.7369485215116633
TOKYOTECH_s01,82,216,89.2,0.5112723708152771,-0.8823578247093844
TOKYOTECH_s01,82,217,89.23333333333333,0.6826810240745544,-0.9932398099072508
TOKYOTECH_s01,82,218,89.26666666666667,-0.02445346862077713,-1.0406586894698235
TOKYOTECH_s01,82,219,89.3,-0.257526695728302,-0.9937058760947508
TOKYOTECH_s01,82,220,89.33333333333333,0.1692032665014267,-0.8333925234821361
TOKYOTECH_s01,82,221,89.36666666666666,-0.2643783390522003,-0.5651412541323977
TOKYOTECH_s01,82,222,89.4,0.012639788910746574,-0.22445202672033307
TOKYOTECH_s01,82,223,89.43333333333334,0.24500423669815063,0.12842906427347311
TOKYOTECH_s01,82,224,89.46666666666667,-0.7766354084014893,0.424912254122192
TOKYOTECH_s01,82,225,89.5,-0.8276287913322449,0.6100329936159581
TOKYOTECH_s01,82,226,89.53333333333333,-0.6521642804145813,0.6604699249483641
TOKYOTECH_s01,82,227,89.56666666666666,-1.1910009384155273,0.5901370459671937
TOKYOTECH_s01,82,228,89.6,-1.0011638402938843,0.4414885449175444
TOKYOTECH_s01,82,229,89.63333333333334,-1.3307898044586182,0.26799992439674414
TOKYOTECH_s01,82,230,89.66666666666667,-1.1207915544509888,0.11619603817013378
TOKYOTECH_s01,82,231,89.7,-0.01807437278330326,0.013850316773879288
TOKYOTECH_s01,82,232,89.73333333333333,0.8142006397247314,-0.032922922201898554
TOKYOTECH_s01,82,233,89.76666666666667,1.891204595565796,-0.03488128512195985
TOKYOTECH_s01,82,234,89.8,2.1197493076324463,-0.010906374347335122
TOKYOTECH_s01,82,235,89.83333333333333,1.0766491889953613,0.020513982596199683
TOKYOTECH_s01,82,236,89.86666666666666,0.24126340448856354,0.0467661804525242
TOKYOTECH_s01,82,237,89.9,0.267331063747406,0.06283608463499998
TOKYOTECH_s01,82,238,89.93333333333334,-0.07060346752405167,0.07016195015871553
TOKYOTECH_s01,82,239,89.96666666666667,-0.375303715467453,0.07413876470437468
TOKYOTECH_s01,83,0,83.0,0.31292977929115295,-0.12909385715706537
TOKYOTECH_s01,83,1,83.03333333333333,0.26000693440437317,-0.10802364070223974
TOKYOTECH_s01,83,2,83.06666666666666,0.11505970358848572,-0.10825391047185579
TOKYOTECH_s01,83,3,83.1,-0.02575291320681572,-0.14317235498181088
TOKYOTECH_s01,83,4,83.13333333333334,-0.4530341625213623,-0.20959537393695574
TOKYOTECH_s01,83,5,83.16666666666667,-0.90776127576828,-0.28921842497376465
TOKYOTECH_s01,83,6,83.2,-1.0462900400161743,-0.3569842803289457
TOKYOTECH_s01,83,7,83.23333333333333,-1.10862398147583,-0.39288724619752396
TOKYOTECH_s01,83,8,83.26666666666667,-1.2317168712615967,-0.3920945595728094
TOKYOTECH_s01,83,9,83.3,-0.6973298788070679,-0.3687079875148331
TOKYOTECH_s01,83,10,83.33333333333333,0.8894109725952148,-0.3508134440692167
TOKYOTECH_s01,83,11,83.36666666666666,1.8573402166366577,-0.3678686552865201
TOKYOTECH_s01,83,12,83.4,1.5647681951522827,-0.4348419222921589
TOKYOTECH_s01,83,13,83.43333333333334,1.062079668045044,-0.5397534332760784
TOKYOTECH_s01,83,14,83.46666666666667,0.6492498517036438,-0.6412663819630886
TOKYOTECH_s01,83,15,83.5,0.38085535168647766,-0.6796686182160615
TOKYOTECH_s01,83,16,83.53333333333333,0.1717233955860138,-0.5985650405521385
TOKYOTECH_s01,83,17,83.56666666666666,0.1330944299697876,-0.3691895621132508
TOKYOTECH_s01,83,18,83.6,0.3121028542518616,-0.0075474722866396594
TOKYOTECH_s01,83,19,83.63333333333334,0.4581526517868042,0.42341496565270864
TOKYOTECH_s01,83,20,83.66666666666667,0.2201966494321823,0.8298416241453346
TOKYOTECH_s01,83,21,83.7,-0.20885656774044037,1.1172158180949587
TOKYOTECH_s01,83,22,83.73333333333333,-0.5698267221450806,1.222875024195576
TOKYOTECH_s01,83,23,83.76666666666667,-0.9871455430984497,1.1362339463323194
TOKYOTECH_s01,83,24,83.8,-1.045108675956726,0.8984962869187961
TOKYOTECH_s01,83,25,83.83333333333333,-0.9563919901847839,0.5838807539508639
TOKYOTECH_s01,83,26,83.86666666666666,-0.838851273059845,0.27145097754917014
TOKYOTECH_s01,83,27,83.9,-0.9553288221359253,0.018580414183515193
TOKYOTECH_s01,83,28,83.93333333333334,-0.4492145776748657,-0.15480515559386565
TOKYOTECH_s01,83,29,83.96666666666667,0.8806298971176147,-0.26631260767452763
TOKYOTECH_s01,83,30,84.0,1.936055064201355,-0.35597794627665297
TOKYOTECH_s01,83,31,84.03333333333333,1.8819115161895752,-0.46198723680622356
TOKYOTECH_s01,83,32,84.06666666666666,1.3684338331222534,-0.5974238064188324
TOKYOTECH_s01,83,33,84.1,0.8752351999282837,-0.7385936246514049
TOKYOTECH_s01,83,34,84.13333333333334,0.44480380415916443,-0.8308042272956403
TOKYOTECH_s01,83,35,84.16666666666667,0.09950573742389679,-0.809959896639344
TOKYOTECH_s01,83,36,84.2,-0.1038377657532692,-0.6315455544268083
TOKYOTECH_s01,83,37,84.23333333333333,0.027327459305524826,-0.29501404981648144
TOKYOTECH_s01,83,38,84.26666666666667,0.18188269436359406,0.147431018693836
TOKYOTECH_s01,83,39,84.3,-0.07926643639802933,0.602949061278685
TOKYOTECH_s01,83,40,84.33333333333333,-0.38601428270339966,0.967545973034025
TOKYOTECH_s01,83,41,84.36666666666666,-0.5782140493392944,1.1612554892169018
TOKYOTECH_s01,83,42,84.4,-0.8686203956604004,1.1540217136963438
TOKYOTECH_s01,83,43,84.43333333333334,-0.8918135166168213,0.9712400425356847
TOKYOTECH_s01,83,44,84.46666666666667,-0.7505677342414856,0.67783382700253
TOKYOTECH_s01,83,45,84.5,-0.7998679280281067,0.3496401918348969
TOKYOTECH_s01,83,46,84.53333333333333,-0.6739004850387573,0.04512208373629965
TOKYOTECH_s01,83,47,84.56666666666666,0.483196496963501,-0.2114078597077322
TOKYOTECH_s01,83,48,84.6,1.810835838317871,-0.4293527111057662
TOKYOTECH_s01,83,49,84.63333333333334,2.0392231941223145,-0.6355489923872694
TOKYOTECH_s01,83,50,84.66666666666667,1.6239913702011108,-0.8500589669232704
TOKYOTECH_s01,83,51,84.7,1.0700339078903198,-1.0654101126354634
TOKYOTECH_s01,83,52,84.73333333333333,0.7315086722373962,-1.2392925629878537
TOKYOTECH_s01,83,53,84.76666666666667,0.4480721056461334,-1.3050585792460876
TOKYOTECH_s01,83,54,84.8,0.12273824959993362,-1.1967354003012842
TOKYOTECH_s01,83,55,84.83333333333333,0.16585619747638702,-0.878973652675725
TOKYOTECH_s01,83,56,84.86666666666666,0.34490400552749634,-0.3699357871842488
TOKYOTECH_s01,83,57,84.9,0.09592241793870926,0.25316400796115746
TOKYOTECH_s01,83,58,84.93333333333334,-0.17310214042663574,0.8708907996894276
TOKYOTECH_s01,83,59,84.96666666666667,-0.37140536308288574,1.3569644393070475
TOKYOTECH_s01,83,60,85.0,-0.8866944909095764,1.6184141637782175
TOKYOTECH_s01,83,61,85.03333333333333,-1.1421732902526855,1.6228872167715187
TOKYOTECH_s01,83,62,85.06666666666666,-1.0644035339355469,1.4021070360010288
TOKYOTECH_s01,83,63,85.1,-1.094605803489685,1.0325366147825799
TOKYOTECH_s01,83,64,85.13333333333334,-1.1434333324432373,0.6037709904258984
TOKYOTECH_s01,83,65,85.16666666666667,-0.5226529240608215,0.18846014601138322
TOKYOTECH_s01,83,66,85.2,0.8435760140419006,-0.1751033407481239
TOKYOTECH_s01,83,67,85.23333333333333,1.837494134902954,-0.4830543161552063
TOKYOTECH_s01,83,68,85.26666666666667,1.8934884071350098,-0.7512812927567639
TOKYOTECH_s01,83,69,85.3,1.4845569133758545,-0.9939964573822688
TOKYOTECH_s01,83,70,85.33333333333333,1.0252621173858643,-1.2053961671858477
TOKYOTECH_s01,83,71,85.36666666666666,0.4748091697692871,-1.352450023685779
TOKYOTECH_s01,83,72,85.4,-0.10584599524736404,-1.3823672648095369
TOKYOTECH_s01,83,73,85.43333333333334,-0.2054307609796524,-1.2426785064070653
TOKYOTECH_s01,83,74,85.46666666666667,-0.005946216639131308,-0.9067990535097102
TOKYOTECH_s01,83,75,85.5,0.148727148771286,-0.39477492247972573
TOKYOTECH_s01,83,76,85.53333333333333,0.18105578422546387,0.22096713092952544
TOKYOTECH_s01,83,77,85.56666666666666,-0.010002060793340206,0.830183200774143
TOKYOTECH_s01,83,78,85.6,-0.25693604350090027,1.3160850665893165
TOKYOTECH_s01,83,79,85.63333333333334,-0.5621482133865356,1.5911671413151949
TOKYOTECH_s01,83,80,85.66666666666667,-0.8709436655044556,1.6223787705535817
TOKYOTECH_s01,83,81,85.7,-1.1337072849273682,1.4352126686868172
TOKYOTECH_s01,83,82,85.73333333333333,-1.2070274353027344,1.0968013768439102
TOKYOTECH_s01,83,83,85.76666666666667,-1.3574481010437012,0.6876861363086609
TOKYOTECH_s01,83,84,85.8,-0.931466281414032,0.27490864204116616
TOKYOTECH_s01,83,85,85.83333333333333,0.418460488319397,-0.10392006991005591
TOKYOTECH_s01,83,86,85.86666666666666,1.8206801414489746,-0.44141943149830165
TOKYOTECH_s01,83,87,85.9,1.932747483253479,-0.7478201852660988
TOKYOTECH_s01,83,88,85.93333333333334,1.2593984603881836,-1.0315325856006683
TOKYOTECH_s01,83,89,85.96666666666667,0.9005547165870667,-1.281864304953266
TOKYOTECH_s01,83,90,86.0,0.5988077521324158,-1.4617842279378284
TOKYOTECH_s01,83,91,86.03333333333333,0.1514441817998886,-1.5147749005028044
TOKYOTECH_s01,83,92,86.06666666666666,0.014687400311231613,-1.38457097472748
TOKYOTECH_s01,83,93,86.1,0.09722186625003815,-1.0412604964497392
TOKYOTECH_s01,83,94,86.13333333333334,0.1340394765138626,-0.5033796957890886
TOKYOTECH_s01,83,95,86.16666666666667,0.24874506890773773,0.15476979013537984
TOKYOTECH_s01,83,96,86.2,-0.09025265276432037,0.8169239783902115
TOKYOTECH_s01,83,97,86.23333333333333,-0.4727621078491211,1.357162839537597
TOKYOTECH_s01,83,98,86.26666666666667,-0.6859105229377747,1.6781065515831033
TOKYOTECH_s01,83,99,86.3,-0.9571008086204529,1.7383591441121768
TOKYOTECH_s01,83,100,86.33333333333333,-0.9995099902153015,1.5584268298401822
TOKYOTECH_s01,83,101,86.36666666666666,-0.9398142695426941,1.2053402315637958
TOKYOTECH_s01,83,102,86.4,-0.8353073596954346,0.7649041731977815
TOKYOTECH_s01,83,103,86.43333333333334,-0.22854512929916382,0.31363602676310953
TOKYOTECH_s01,83,104,86.46666666666667,0.9317807555198669,-0.09961470399971896
TOKYOTECH_s01,83,105,86.5,1.8362340927124023,-0.457578240624367
TOKYOTECH_s01,83,106,86.53333333333333,1.6986503601074219,-0.7650322912090476
TOKYOTECH_s01,83,107,86.56666666666666,1.0910612344741821,-1.0314036420503117
TOKYOTECH_s01,83,108,86.6,0.5013493299484253,-1.2533782520899015
TOKYOTECH_s01,83,109,86.63333333333334,0.141245499253273,-1.4051760813981535
TOKYOTECH_s01,83,110,86.66666666666667,-0.21688950061798096,-1.4415555961719673
TOKYOTECH_s01,83,111,86.7,-0.3538037836551666,-1.3139354161038905
TOKYOTECH_s01,83,112,86.73333333333333,-0.01752309314906597,-0.9942657425022869
TOKYOTECH_s01,83,113,86.76666666666667,0.17345598340034485,-0.49661398577806054
TOKYOTECH_s01,83,114,86.8,-0.09592296183109283,0.11454701617485184
TOKYOTECH_s01,83,115,86.83333333333333,-0.19227880239486694,0.7356821789491584
TOKYOTECH_s01,83,116,86.86666666666666,-0.3406124413013458,1.2522317166509354
TOKYOTECH_s01,83,117,86.9,-0.6219620704650879,1.5720326508923816
TOKYOTECH_s01,83,118,86.93333333333334,-0.6675607562065125,1.6506189996957268
TOKYOTECH_s01,83,119,86.96666666666667,-0.7897873520851135,1.4993115876013579
TOKYOTECH_s01,83,120,87.0,-0.9109114408493042,1.1749171702035193
TOKYOTECH_s01,83,121,87.03333333333333,-0.8559409379959106,0.757020901414675
TOKYOTECH_s01,83,122,87.06666666666666,-0.5890427827835083,0.3222448661868011
TOKYOTECH_s01,83,123,87.1,0.5358437299728394,-0.0756126813146746
TOKYOTECH_s01,83,124,87.13333333333334,1.7334203720092773,-0.41358608930508417
TOKYOTECH_s01,83,125,87.16666666666667,1.5621693134307861,-0.6942080117382109
TOKYOTECH_s01,83,126,87.2,0.9195345044136047,-0.9303296348759119
TOKYOTECH_s01,83,127,87.23333333333333,0.5688811540603638,-1.1273425656281693
TOKYOTECH_s01,83,128,87.26666666666667,0.0902521163225174,-1.270983931154115
TOKYOTECH_s01,83,129,87.3,-0.4142870604991913,-1.326563623056816
TOKYOTECH_s01,83,130,87.33333333333333,-0.17987500131130219,-1.250664718677707
TOKYOTECH_s01,83,131,87.36666666666666,0.20397326350212097,-1.0111293691822465
TOKYOTECH_s01,83,132,87.4,0.2709931433200836,-0.6074725511128057
TOKYOTECH_s01,83,133,87.43333333333334,0.34537655115127563,-0.08271002236191906
TOKYOTECH_s01,83,134,87.46666666666667,0.1814495474100113,0.48046322495322574
TOKYOTECH_s01,83,135,87.5,-0.3982211947441101,0.9802999226162193
TOKYOTECH_s01,83,136,87.53333333333333,-0.9436338543891907,1.3261674910788444
TOKYOTECH_s01,83,137,87.56666666666666,-1.2222269773483276,1.4655736015816583
TOKYOTECH_s01,83,138,87.6,-1.011913776397705,1.3971812036874207
TOKYOTECH_s01,83,139,87.63333333333334,-0.7317454814910889,1.1658824386038396
TOKYOTECH_s01,83,140,87.66666666666667,-0.6386185884475708,0.8433165914961261
TOKYOTECH_s01,83,141,87.7,-0.7975053191184998,0.5020144281339304
TOKYOTECH_s01,83,142,87.73333333333333,-0.32257771492004395,0.1926826107049287
TOKYOTECH_s01,83,143,87.76666666666667,0.7575369477272034,-0.06765449183652446
TOKYOTECH_s01,83,144,87.8,1.5448039770126343,-0.2929227564012138
TOKYOTECH_s01,83,145,87.83333333333333,1.5537031888961792,-0.5122088508012111
TOKYOTECH_s01,83,146,87.86666666666666,1.1750526428222656,-0.7475979021963285
TOKYOTECH_s01,83,147,87.9,0.9123284816741943,-0.995064253981846
TOKYOTECH_s01,83,148,87.93333333333334,0.4901268780231476,-1.2166706778270922
TOKYOTECH_s01,83,149,87.96666666666667,-0.2694185972213745,-1.3480956054023803
TOKYOTECH_s01,83,150,88.0,-0.5547452569007874,-1.3200653291127793
TOKYOTECH_s01,83,151,88.03333333333333,0.04051879793405533,-1.0869696717744908
TOKYOTECH_s01,83,152,88.06666666666666,0.585301399230957,-0.6520695757659087
TOKYOTECH_s01,83,153,88.1,0.13726840913295746,-0.07793411620236833
TOKYOTECH_s01,83,154,88.13333333333334,-0.7910080552101135,0.5254014249154588
TOKYOTECH_s01,83,155,88.16666666666667,-0.7059534788131714,1.033029297903443
TOKYOTECH_s01,83,156,88.2,-0.47441592812538147,1.3458124891585614
TOKYOTECH_s01,83,157,88.23333333333333,-1.248294711112976,1.4209880113756193
TOKYOTECH_s01,83,158,88.26666666666667,-1.5823702812194824,1.2801267763009272
TOKYOTECH_s01,83,159,88.3,-0.9562739133834839,0.9935662633971277
TOKYOTECH_s01,83,160,88.33333333333333,-0.9670238494873047,0.6503371589735911
TOKYOTECH_s01,83,161,88.36666666666666,-1.3947381973266602,0.32665573232829964
TOKYOTECH_s01,83,162,88.4,-0.2610706388950348,0.06421666091086041
TOKYOTECH_s01,83,163,88.43333333333334,1.7392088174819946,-0.13571233184838205
TOKYOTECH_s01,83,164,88.46666666666667,2.361682415008545,-0.3021696917135558
TOKYOTECH_s01,83,165,88.5,1.612965703010559,-0.47318566429213643
TOKYOTECH_s01,83,166,88.53333333333333,0.49729350209236145,-0.6717861053421996
TOKYOTECH_s01,83,167,88.56666666666666,0.20991921424865723,-0.8888440366542805
TOKYOTECH_s01,83,168,88.6,0.19208137691020966,-1.0798525326300308
TOKYOTECH_s01,83,169,88.63333333333334,-0.3262004256248474,-1.1775836391361922
TOKYOTECH_s01,83,170,88.66666666666667,-0.5254093408584595,-1.116688860195957
TOKYOTECH_s01,83,171,88.7,0.1532161384820938,-0.8616297672683454
TOKYOTECH_s01,83,172,88.73333333333333,0.34958988428115845,-0.4274315297607981
TOKYOTECH_s01,83,173,88.76666666666667,-0.43051043152809143,0.11593536003413306
TOKYOTECH_s01,83,174,88.8,-0.8032937049865723,0.6600852760051676
TOKYOTECH_s01,83,175,88.83333333333333,-0.4868197441101074,1.0918036865730183
TOKYOTECH_s01,83,176,88.86666666666666,-0.8025849461555481,1.3302043589937307
TOKYOTECH_s01,83,177,88.9,-1.4207664728164673,1.3505624355456414
TOKYOTECH_s01,83,178,88.93333333333334,-1.0171903371810913,1.1851392839084451
TOKYOTECH_s01,83,179,88.96666666666667,-0.9748992919921875,0.9034149156851877
TOKYOTECH_s01,83,180,89.0,-1.3556761741638184,0.5826254835135346
TOKYOTECH_s01,83,181,89.03333333333333,-0.5984932780265808,0.281364426558959
TOKYOTECH_s01,83,182,89.06666666666666,0.0523713156580925,0.02548692787037246
TOKYOTECH_s01,83,183,89.1,1.0933057069778442,-0.19063590807584918
TOKYOTECH_s01,83,184,89.13333333333334,2.2878503799438477,-0.3904645898425906
TOKYOTECH_s01,83,185,89.16666666666667,1.6058778762817383,-0.5960274131600684
TOKYOTECH_s01,83,186,89.2,0.5112723708152771,-0.8108062516348263
TOKYOTECH_s01,83,187,89.23333333333333,0.6826810240745544,-1.0111422910062677
TOKYOTECH_s01,83,188,89.26666666666667,-0.02445346862077713,-1.1496502889147149
TOKYOTECH_s01,83,189,89.3,-0.257526695728302,-1.170268774785283
TOKYOTECH_s01,83,190,89.33333333333333,0.1692032665014267,-1.030354605756267
TOKYOTECH_s01,83,191,89.36666666666666,-0.2643783390522003,-0.721915667929707
TOKYOTECH_s01,83,192,89.4,0.012639788910746574,-0.28308763712557417
TOKYOTECH_s01,83,193,89.43333333333334,0.24500423669815063,0.20679895925821368
TOKYOTECH_s01,83,194,89.46666666666667,-0.7766354084014893,0.6495801281304641
TOKYOTECH_s01,83,195,89.5,-0.8276287913322449,0.9608050555316286
TOKYOTECH_s01,83,196,89.53333333333333,-0.6521642804145813,1.097856985402041
TOKYOTECH_s01,83,197,89.56666666666666,-1.1910009384155273,1.0694709629225054
TOKYOTECH_s01,83,198,89.6,-1.0011638402938843,0.9231236475962772
TOKYOTECH_s01,83,199,89.63333333333334,-1.3307898044586182,0.719199747138131
TOKYOTECH_s01,83,200,89.66666666666667,-1.1207915544509888,0.505600327630516
TOKYOTECH_s01,83,201,89.7,-0.01807437278330326,0.303289188651472
TOKYOTECH_s01,83,202,89.73333333333333,0.8142006397247314,0.10675614048583508
TOKYOTECH_s01,83,203,89.76666666666667,1.891204595565796,-0.10309385258812682
TOKYOTECH_s01,83,204,89.8,2.1197493076324463,-0.34055488353809377
TOKYOTECH_s01,83,205,89.83333333333333,1.0766491889953613,-0.5994630220275647
TOKYOTECH_s01,83,206,89.86666666666666,0.24126340448856354,-0.8467019006942639
TOKYOTECH_s01,83,207,89.9,0.267331063747406,-1.027674411471061
TOKYOTECH_s01,83,208,89.93333333333334,-0.07060346752405167,-1.0825359678219888
TOKYOTECH_s01,83,209,89.96666666666667,-0.375303715467453,-0.9683996733466265
TOKYOTECH_s01,83,210,90.0,0.41038817167282104,-0.680047242433871
TOKYOTECH_s01,83,211,90.03333333333333,0.2768603265285492,-0.2605460239974134
TOKYOTECH_s01,83,212,90.06666666666666,-0.2709936797618866,0.20519556096666475
TOKYOTECH_s01,83,213,90.1,-0.3156473636627197,0.6147615997315201
TOKYOTECH_s01,83,214,90.13333333333334,-0.7757297158241272,0.8818363888034298
TOKYOTECH_s01,83,215,90.16666666666667,-0.5061145424842834,0.9642843560449474
TOKYOTECH_s01,83,216,90.2,-1.0062434673309326,0.8743835756168189
TOKYOTECH_s01,83,217,90.23333333333333,-1.1073639392852783,0.6680542788168083
TOKYOTECH_s01,83,218,90.26666666666667,-0.9832472205162048,0.4197472122850375
TOKYOTECH_s01,83,219,90.3,-1.095668911933899,0.19488300920306512
TOKYOTECH_s01,83,220,90.33333333333333,-0.2987939417362213,0.030403968425651632
TOKYOTECH_s01,83,221,90.36666666666666,0.7932913899421692,-0.07124080478968535
TOKYOTECH_s01,83,222,90.4,2.080293655395508,-0.13469869291194925
TOKYOTECH_s01,83,223,90.43333333333334,1.4644745588302612,-0.1950046182184201
TOKYOTECH_s01,83,224,90.46666666666667,1.2112008333206177,-0.27832216564145024
TOKYOTECH_s01,83,225,90.5,0.6301125884056091,-0.3874747880645057
TOKYOTECH_s01,83,226,90.53333333333333,0.25437599420547485,-0.49771092453748694
TOKYOTECH_s01,83,227,90.56666666666666,-0.19483831524848938,-0.564571010364058
TOKYOTECH_s01,83,228,90.6,-0.006143101956695318,-0.5416002814362435
TOKYOTECH_s01,83,229,90.63333333333334,-0.08958324044942856,-0.40162238888205826
TOKYOTECH_s01,83,230,90.66666666666667,0.0010629127500578761,-0.1525299577750405
TOKYOTECH_s01,83,231,90.7,-0.03591221198439598,0.16051755001221052
TOKYOTECH_s01,83,232,90.73333333333333,-0.26591402292251587,0.4688568857376649
TOKYOTECH_s01,83,233,90.76666666666667,-0.5550996661186218,0.7043464165106406
TOKYOTECH_s01,83,234,90.8,-0.7488351464271545,0.8221283021743259
TOKYOTECH_s01,83,235,90.83333333333333,-1.033374309539795,0.8112960962690483
TOKYOTECH_s01,83,236,90.86666666666666,-1.1043713092803955,0.6902405939233717
TOKYOTECH_s01,83,237,90.9,-1.1470561027526855,0.49218481177067597
TOKYOTECH_s01,83,238,90.93333333333334,-1.1013392210006714,0.2501536268137886
TOKYOTECH_s01,83,239,90.96666666666667,-0.3248615860939026,-0.011282356447731602
TOKYOTECH_s01,84,0,84.0,1.936055064201355,0.051254244571978136
TOKYOTECH_s01,84,1,84.03333333333333,1.8819115161895752,-0.29907864129417344
TOKYOTECH_s01,84,2,84.06666666666666,1.3684338331222534,-0.6081594429068691
TOKYOTECH_s01,84,3,84.1,0.8752351999282837,-0.8347238405314217
TOKYOTECH_s01,84,4,84.13333333333334,0.44480380415916443,-0.9404246317185905
TOKYOTECH_s01,84,5,84.16666666666667,0.09950573742389679,-0.898214331403022
TOKYOTECH_s01,84,6,84.2,-0.1038377657532692,-0.7032886015718962
TOKYOTECH_s01,84,7,84.23333333333333,0.027327459305524826,-0.3816814046150586
TOKYOTECH_s01,84,8,84.26666666666667,0.18188269436359406,0.008986435595593449
TOKYOTECH_s01,84,9,84.3,-0.07926643639802933,0.3900101126669827
TOKYOTECH_s01,84,10,84.33333333333333,-0.38601428270339966,0.6820325382042661
TOKYOTECH_s01,84,11,84.36666666666666,-0.5782140493392944,0.8286360624886763
TOKYOTECH_s01,84,12,84.4,-0.8686203956604004,0.8131843045170434
TOKYOTECH_s01,84,13,84.43333333333334,-0.8918135166168213,0.6610196805552928
TOKYOTECH_s01,84,14,84.46666666666667,-0.7505677342414856,0.4262234537408888
TOKYOTECH_s01,84,15,84.5,-0.7998679280281067,0.16955860545241558
TOKYOTECH_s01,84,16,84.53333333333333,-0.6739004850387573,-0.06280492600705576
TOKYOTECH_s01,84,17,84.56666666666666,0.483196496963501,-0.2516785081692121
TOKYOTECH_s01,84,18,84.6,1.810835838317871,-0.40412135816409095
TOKYOTECH_s01,84,19,84.63333333333334,2.0392231941223145,-0.5405428176463895
TOKYOTECH_s01,84,20,84.66666666666667,1.6239913702011108,-0.6759160705130514
TOKYOTECH_s01,84,21,84.7,1.0700339078903198,-0.8041976895608438
TOKYOTECH_s01,84,22,84.73333333333333,0.7315086722373962,-0.8935284101000822
TOKYOTECH_s01,84,23,84.76666666666667,0.4480721056461334,-0.8949661460772322
TOKYOTECH_s01,84,24,84.8,0.12273824959993362,-0.7618382818089757
TOKYOTECH_s01,84,25,84.83333333333333,0.16585619747638702,-0.47237454690299263
TOKYOTECH_s01,84,26,84.86666666666666,0.34490400552749634,-0.04644857605251894
TOKYOTECH_s01,84,27,84.9,0.09592241793870926,0.45144790445126093
TOKYOTECH_s01,84,28,84.93333333333334,-0.17310214042663574,0.9264804412673527
TOKYOTECH_s01,84,29,84.96666666666667,-0.37140536308288574,1.2814005718093187
TOKYOTECH_s01,84,30,85.0,-0.8866944909095764,1.4471715799211893
TOKYOTECH_s01,84,31,85.03333333333333,-1.1421732902526855,1.4029287005559141
TOKYOTECH_s01,84,32,85.06666666666666,-1.0644035339355469,1.1773317594094117
TOKYOTECH_s01,84,33,85.1,-1.094605803489685,0.8326194244910524
TOKYOTECH_s01,84,34,85.13333333333334,-1.1434333324432373,0.4397513540049126
TOKYOTECH_s01,84,35,85.16666666666667,-0.5226529240608215,0.05540649023174865
TOKYOTECH_s01,84,36,85.2,0.8435760140419006,-0.2904663343654714
TOKYOTECH_s01,84,37,85.23333333333333,1.837494134902954,-0.5930354091713713
TOKYOTECH_s01,84,38,85.26666666666667,1.8934884071350098,-0.8595553432809523
TOKYOTECH_s01,84,39,85.3,1.4845569133758545,-1.0920928014696927
TOKYOTECH_s01,84,40,85.33333333333333,1.0252621173858643,-1.2743475821380872
TOKYOTECH_s01,84,41,85.36666666666666,0.4748091697692871,-1.3688463975071579
TOKYOTECH_s01,84,42,85.4,-0.10584599524736404,-1.3267129563135218
TOKYOTECH_s01,84,43,85.43333333333334,-0.2054307609796524,-1.1074146980500887
TOKYOTECH_s01,84,44,85.46666666666667,-0.005946216639131308,-0.701567504654184
TOKYOTECH_s01,84,45,85.5,0.148727148771286,-0.1471722692962326
TOKYOTECH_s01,84,46,85.53333333333333,0.18105578422546387,0.4699516791789142
TOKYOTECH_s01,84,47,85.56666666666666,-0.010002060793340206,1.035379194587215
TOKYOTECH_s01,84,48,85.6,-0.25693604350090027,1.4392309255330955
TOKYOTECH_s01,84,49,85.63333333333334,-0.5621482133865356,1.6097006359501207
TOKYOTECH_s01,84,50,85.66666666666667,-0.8709436655044556,1.5328278055487408
TOKYOTECH_s01,84,51,85.7,-1.1337072849273682,1.251113556054285
TOKYOTECH_s01,84,52,85.73333333333333,-1.2070274353027344,0.8434483572644365
TOKYOTECH_s01,84,53,85.76666666666667,-1.3574481010437012,0.3963326447417629
TOKYOTECH_s01,84,54,85.8,-0.931466281414032,-0.021965285266660795
TOKYOTECH_s01,84,55,85.83333333333333,0.418460488319397,-0.3757968439967548
TOKYOTECH_s01,84,56,85.86666666666666,1.8206801414489746,-0.6616046138163311
TOKYOTECH_s01,84,57,85.9,1.932747483253479,-0.8944902264179133
TOKYOTECH_s01,84,58,85.93333333333334,1.2593984603881836,-1.0886597044149806
TOKYOTECH_s01,84,59,85.96666666666667,0.9005547165870667,-1.2406210128456086
TOKYOTECH_s01,84,60,86.0,0.5988077521324158,-1.3223512737943923
TOKYOTECH_s01,84,61,86.03333333333333,0.1514441817998886,-1.2876310846045154
TOKYOTECH_s01,84,62,86.06666666666666,0.014687400311231613,-1.090256690192539
TOKYOTECH_s01,84,63,86.1,0.09722186625003815,-0.7083421658069098
TOKYOTECH_s01,84,64,86.13333333333334,0.1340394765138626,-0.1650547211209155
TOKYOTECH_s01,84,65,86.16666666666667,0.24874506890773773,0.46476185240210055
TOKYOTECH_s01,84,66,86.2,-0.09025265276432037,1.0684194558496134
TOKYOTECH_s01,84,67,86.23333333333333,-0.4727621078491211,1.527039432164951
TOKYOTECH_s01,84,68,86.26666666666667,-0.6859105229377747,1.7524734498947425
TOKYOTECH_s01,84,69,86.3,-0.9571008086204529,1.713187576439774
TOKYOTECH_s01,84,70,86.33333333333333,-0.9995099902153015,1.4389442275996578
TOKYOTECH_s01,84,71,86.36666666666666,-0.9398142695426941,1.0048970896233533
TOKYOTECH_s01,84,72,86.4,-0.8353073596954346,0.5036686697655604
TOKYOTECH_s01,84,73,86.43333333333334,-0.22854512929916382,0.016812759986091663
TOKYOTECH_s01,84,74,86.46666666666667,0.9317807555198669,-0.4043089781049896
TOKYOTECH_s01,84,75,86.5,1.8362340927124023,-0.7427519797832272
TOKYOTECH_s01,84,76,86.53333333333333,1.6986503601074219,-1.0060205935365603
TOKYOTECH_s01,84,77,86.56666666666666,1.0910612344741821,-1.2079360888386936
TOKYOTECH_s01,84,78,86.6,0.5013493299484253,-1.3508018229150847
TOKYOTECH_s01,84,79,86.63333333333334,0.141245499253273,-1.4156232676165188
TOKYOTECH_s01,84,80,86.66666666666667,-0.21688950061798096,-1.365051451021105
TOKYOTECH_s01,84,81,86.7,-0.3538037836551666,-1.159026976180809
TOKYOTECH_s01,84,82,86.73333333333333,-0.01752309314906597,-0.7778147773788137
TOKYOTECH_s01,84,83,86.76666666666667,0.17345598340034485,-0.2427234886229082
TOKYOTECH_s01,84,84,86.8,-0.09592296183109283,0.37650367029799314
TOKYOTECH_s01,84,85,86.83333333333333,-0.19227880239486694,0.9742088314917942
TOKYOTECH_s01,84,86,86.86666666666666,-0.3406124413013458,1.4380995521042492
TOKYOTECH_s01,84,87,86.9,-0.6219620704650879,1.683162949639538
TOKYOTECH_s01,84,88,86.93333333333334,-0.6675607562065125,1.675977167660849
TOKYOTECH_s01,84,89,86.96666666666667,-0.7897873520851135,1.4403943332887403
TOKYOTECH_s01,84,90,87.0,-0.9109114408493042,1.0443940732382613
TOKYOTECH_s01,84,91,87.03333333333333,-0.8559409379959106,0.5753441379437341
TOKYOTECH_s01,84,92,87.06666666666666,-0.5890427827835083,0.11365149685855343
TOKYOTECH_s01,84,93,87.1,0.5358437299728394,-0.286529279241107
TOKYOTECH_s01,84,94,87.13333333333334,1.7334203720092773,-0.604146222364748
TOKYOTECH_s01,84,95,87.16666666666667,1.5621693134307861,-0.8447294780344035
TOKYOTECH_s01,84,96,87.2,0.9195345044136047,-1.0245300319639081
TOKYOTECH_s01,84,97,87.23333333333333,0.5688811540603638,-1.1528770167997002
TOKYOTECH_s01,84,98,87.26666666666667,0.0902521163225174,-1.2206878166842994
TOKYOTECH_s01,84,99,87.3,-0.4142870604991913,-1.2002991972206987
TOKYOTECH_s01,84,100,87.33333333333333,-0.17987500131130219,-1.057130073644105
TOKYOTECH_s01,84,101,87.36666666666666,0.20397326350212097,-0.7688241675175833
TOKYOTECH_s01,84,102,87.4,0.2709931433200836,-0.3440512082383006
TOKYOTECH_s01,84,103,87.43333333333334,0.34537655115127563,0.167879647237179
TOKYOTECH_s01,84,104,87.46666666666667,0.1814495474100113,0.6831772055447397
TOKYOTECH_s01,84,105,87.5,-0.3982211947441101,1.1057333282429045
TOKYOTECH_s01,84,106,87.53333333333333,-0.9436338543891907,1.3569287723683383
TOKYOTECH_s01,84,107,87.56666666666666,-1.2222269773483276,1.399927952012925
TOKYOTECH_s01,84,108,87.6,-1.011913776397705,1.2485124214366916
TOKYOTECH_s01,84,109,87.63333333333334,-0.7317454814910889,0.9583663345401437
TOKYOTECH_s01,84,110,87.66666666666667,-0.6386185884475708,0.6055913440655019
TOKYOTECH_s01,84,111,87.7,-0.7975053191184998,0.26096209063231846
TOKYOTECH_s01,84,112,87.73333333333333,-0.32257771492004395,-0.030871602786867066
TOKYOTECH_s01,84,113,87.76666666666667,0.7575369477272034,-0.26019901311601334
TOKYOTECH_s01,84,114,87.8,1.5448039770126343,-0.4465304183800774
TOKYOTECH_s01,84,115,87.83333333333333,1.5537031888961792,-0.6212557600351514
TOKYOTECH_s01,84,116,87.86666666666666,1.1750526428222656,-0.8061138196454901
TOKYOTECH_s01,84,117,87.9,0.9123284816741943,-0.9964680408032188
TOKYOTECH_s01,84,118,87.93333333333334,0.4901268780231476,-1.156196741328333
TOKYOTECH_s01,84,119,87.96666666666667,-0.2694185972213745,-1.2265663774326165
TOKYOTECH_s01,84,120,88.0,-0.5547452569007874,-1.1468114416065893
TOKYOTECH_s01,84,121,88.03333333333333,0.04051879793405533,-0.8801140103924506
TOKYOTECH_s01,84,122,88.06666666666666,0.585301399230957,-0.43574892855214975
TOKYOTECH_s01,84,123,88.1,0.13726840913295746,0.12251203642725643
TOKYOTECH_s01,84,124,88.13333333333334,-0.7910080552101135,0.688517201794292
TOKYOTECH_s01,84,125,88.16666666666667,-0.7059534788131714,1.1450425379488647
TOKYOTECH_s01,84,126,88.2,-0.47441592812538147,1.4022901316177245
TOKYOTECH_s01,84,127,88.23333333333333,-1.248294711112976,1.426267785953451
TOKYOTECH_s01,84,128,88.26666666666667,-1.5823702812194824,1.2450896660818889
TOKYOTECH_s01,84,129,88.3,-0.9562739133834839,0.9326000060924197
TOKYOTECH_s01,84,130,88.33333333333333,-0.9670238494873047,0.5781397218405108
TOKYOTECH_s01,84,131,88.36666666666666,-1.3947381973266602,0.25519924121286247
TOKYOTECH_s01,84,132,88.4,-0.2610706388950348,0.00028741815129339947
TOKYOTECH_s01,84,133,88.43333333333334,1.7392088174819946,-0.19159644591287195
TOKYOTECH_s01,84,134,88.46666666666667,2.361682415008545,-0.3547276169597341
TOKYOTECH_s01,84,135,88.5,1.612965703010559,-0.5293525087334966
TOKYOTECH_s01,84,136,88.53333333333333,0.49729350209236145,-0.7370141312491664
TOKYOTECH_s01,84,137,88.56666666666666,0.20991921424865723,-0.9645865380017933
TOKYOTECH_s01,84,138,88.6,0.19208137691020966,-1.163338602647713
TOKYOTECH_s01,84,139,88.63333333333334,-0.3262004256248474,-1.2634614931689951
TOKYOTECH_s01,84,140,88.66666666666667,-0.5254093408584595,-1.1991324045675151
TOKYOTECH_s01,84,141,88.7,0.1532161384820938,-0.9356412383845554
TOKYOTECH_s01,84,142,88.73333333333333,0.34958988428115845,-0.48882725447021197
TOKYOTECH_s01,84,143,88.76666666666667,-0.43051043152809143,0.07158007696321485
TOKYOTECH_s01,84,144,88.8,-0.8032937049865723,0.6386687978832538
TOKYOTECH_s01,84,145,88.83333333333333,-0.4868197441101074,1.1010703585879393
TOKYOTECH_s01,84,146,88.86666666666666,-0.8025849461555481,1.378629332874587
TOKYOTECH_s01,84,147,88.9,-1.4207664728164673,1.444887258476833
TOKYOTECH_s01,84,148,88.93333333333334,-1.0171903371810913,1.3273025272279015
TOKYOTECH_s01,84,149,88.96666666666667,-0.9748992919921875,1.0878365865733777
TOKYOTECH_s01,84,150,89.0,-1.3556761741638184,0.7947745217320007
TOKYOTECH_s01,84,151,89.03333333333333,-0.5984932780265808,0.49839778611989766
TOKYOTECH_s01,84,152,89.06666666666666,0.0523713156580925,0.21941386058253093
TOKYOTECH_s01,84,153,89.1,1.0933057069778442,-0.047550997026515086
TOKYOTECH_s01,84,154,89.13333333333334,2.2878503799438477,-0.31947123125356097
TOKYOTECH_s01,84,155,89.16666666666667,1.6058778762817383,-0.6070288899865065
TOKYOTECH_s01,84,156,89.2,0.5112723708152771,-0.9006217760480112
TOKYOTECH_s01,84,157,89.23333333333333,0.6826810240745544,-1.1651841675450483
TOKYOTECH_s01,84,158,89.26666666666667,-0.02445346862077713,-1.3460349785326193
TOKYOTECH_s01,84,159,89.3,-0.257526695728302,-1.3849138606383116
TOKYOTECH_s01,84,160,89.33333333333333,0.1692032665014267,-1.2416405499972956
TOKYOTECH_s01,84,161,89.36666666666666,-0.2643783390522003,-0.913715965180312
TOKYOTECH_s01,84,162,89.4,0.012639788910746574,-0.445455327333689
TOKYOTECH_s01,84,163,89.43333333333334,0.24500423669815063,0.07925715631225931
TOKYOTECH_s01,84,164,89.46666666666667,-0.7766354084014893,0.5608216110464789
TOKYOTECH_s01,84,165,89.5,-0.8276287913322449,0.9165284792796244
TOKYOTECH_s01,84,166,89.53333333333333,-0.6521642804145813,1.1070469054627723
TOKYOTECH_s01,84,167,89.56666666666666,-1.1910009384155273,1.1429327401483582
TOKYOTECH_s01,84,168,89.6,-1.0011638402938843,1.0686895704244266
TOKYOTECH_s01,84,169,89.63333333333334,-1.3307898044586182,0.9349503972712246
TOKYOTECH_s01,84,170,89.66666666666667,-1.1207915544509888,0.7740747310180012
TOKYOTECH_s01,84,171,89.7,-0.01807437278330326,0.5901109642124022
TOKYOTECH_s01,84,172,89.73333333333333,0.8142006397247314,0.3655219375589109
TOKYOTECH_s01,84,173,89.76666666666667,1.891204595565796,0.07927842407870615
TOKYOTECH_s01,84,174,89.8,2.1197493076324463,-0.27292751086163275
TOKYOTECH_s01,84,175,89.83333333333333,1.0766491889953613,-0.6651171018557108
TOKYOTECH_s01,84,176,89.86666666666666,0.24126340448856354,-1.0395095637893699
TOKYOTECH_s01,84,177,89.9,0.267331063747406,-1.3180601356855994
TOKYOTECH_s01,84,178,89.93333333333334,-0.07060346752405167,-1.424036552952961
TOKYOTECH_s01,84,179,89.96666666666667,-0.375303715467453,-1.3074770543360708
TOKYOTECH_s01,84,180,90.0,0.41038817167282104,-0.9663415241734814
TOKYOTECH_s01,84,181,90.03333333333333,0.2768603265285492,-0.4549082116725218
TOKYOTECH_s01,84,182,90.06666666666666,-0.2709936797618866,0.126425717484796
TOKYOTECH_s01,84,183,90.1,-0.3156473636627197,0.6592357301101247
TOKYOTECH_s01,84,184,90.13333333333334,-0.7757297158241272,1.043410407497402
TOKYOTECH_s01,84,185,90.16666666666667,-0.5061145424842834,1.2265803873782908
TOKYOTECH_s01,84,186,90.2,-1.0062434673309326,1.2141589791822573
TOKYOTECH_s01,84,187,90.23333333333333,-1.1073639392852783,1.0569900615575425
TOKYOTECH_s01,84,188,90.26666666666667,-0.9832472205162048,0.8243298756893932
TOKYOTECH_s01,84,189,90.3,-1.095668911933899,0.5757277614280004
TOKYOTECH_s01,84,190,90.33333333333333,-0.2987939417362213,0.3433836298552389
TOKYOTECH_s01,84,191,90.36666666666666,0.7932913899421692,0.12970432298930834
TOKYOTECH_s01,84,192,90.4,2.080293655395508,-0.08200355253973374
TOKYOTECH_s01,84,193,90.43333333333334,1.4644745588302612,-0.3099605419294119
TOKYOTECH_s01,84,194,90.46666666666667,1.2112008333206177,-0.556963033185748
TOKYOTECH_s01,84,195,90.5,0.6301125884056091,-0.8005296548222419
TOKYOTECH_s01,84,196,90.53333333333333,0.25437599420547485,-0.9941754608895708
TOKYOTECH_s01,84,197,90.56666666666666,-0.19483831524848938,-1.0803247432081902
TOKYOTECH_s01,84,198,90.6,-0.006143101956695318,-1.0111954061806285
TOKYOTECH_s01,84,199,90.63333333333334,-0.08958324044942856,-0.770301391709659
TOKYOTECH_s01,84,200,90.66666666666667,0.0010629127500578761,-0.38560525612864344
TOKYOTECH_s01,84,201,90.7,-0.03591221198439598,0.0727803120265744
TOKYOTECH_s01,84,202,90.73333333333333,-0.26591402292251587,0.5117784067167604
TOKYOTECH_s01,84,203,90.76666666666667,-0.5550996661186218,0.8449123152523037
TOKYOTECH_s01,84,204,90.8,-0.7488351464271545,1.0192802831764574
TOKYOTECH_s01,84,205,90.83333333333333,-1.033374309539795,1.027477036311915
TOKYOTECH_s01,84,206,90.86666666666666,-1.1043713092803955,0.900853421092651
TOKYOTECH_s01,84,207,90.9,-1.1470561027526855,0.6905935240695344
TOKYOTECH_s01,84,208,90.93333333333334,-1.1013392210006714,0.4468981118093978
TOKYOTECH_s01,84,209,90.96666666666667,-0.3248615860939026,0.2043616475817819
TOKYOTECH_s01,84,210,91.0,1.3619365692138672,-0.022675178495487974
TOKYOTECH_s01,84,211,91.03333333333333,1.9158152341842651,-0.23527904409066464
TOKYOTECH_s01,84,212,91.06666666666666,1.813907265663147,-0.43935792743943514
TOKYOTECH_s01,84,213,91.1,1.1131517887115479,-0.6345525865629269
TOKYOTECH_s01,84,214,91.13333333333334,0.7832108736038208,-0.8070805545470545
TOKYOTECH_s01,84,215,91.16666666666667,0.09359917044639587,-0.9293275329096007
TOKYOTECH_s01,84,216,91.2,-0.21133732795715332,-0.967130348211649
TOKYOTECH_s01,84,217,91.23333333333333,-0.0125221973285079,-0.8931297546045386
TOKYOTECH_s01,84,218,91.26666666666667,0.18022885918617249,-0.7012120349333045
TOKYOTECH_s01,84,219,91.3,0.11104323714971542,-0.4150514437615501
TOKYOTECH_s01,84,220,91.33333333333333,-0.0918671190738678,-0.08531418306384236
TOKYOTECH_s01,84,221,91.36666666666666,-0.10844488441944122,0.22491115000486228
TOKYOTECH_s01,84,222,91.4,-0.6142835021018982,0.4607673445125252
TOKYOTECH_s01,84,223,91.43333333333334,-0.6016828417778015,0.5931318640584856
TOKYOTECH_s01,84,224,91.46666666666667,-0.6074712872505188,0.6252179305794481
TOKYOTECH_s01,84,225,91.5,-0.9239059090614319,0.5859890147794155
TOKYOTECH_s01,84,226,91.53333333333333,-0.8375912308692932,0.5143729350315079
TOKYOTECH_s01,84,227,91.56666666666666,-0.9225276708602905,0.442059617446803
TOKYOTECH_s01,84,228,91.6,-0.5144624710083008,0.38228808182574964
TOKYOTECH_s01,84,229,91.63333333333334,0.6243241429328918,0.3284490378522395
TOKYOTECH_s01,84,230,91.66666666666667,1.8830928802490234,0.2618282177490526
TOKYOTECH_s01,84,231,91.7,1.786028265953064,0.16427181232651222
TOKYOTECH_s01,84,232,91.73333333333333,1.3767423629760742,0.030054888106481256
TOKYOTECH_s01,84,233,91.76666666666667,0.7719489932060242,-0.12800657480222005
TOKYOTECH_s01,84,234,91.8,0.4729978144168854,-0.28063624742808707
TOKYOTECH_s01,84,235,91.83333333333333,-0.058002784848213196,-0.39145730301346937
TOKYOTECH_s01,84,236,91.86666666666666,-0.12360507994890213,-0.4297733071812181
TOKYOTECH_s01,84,237,91.9,0.17318035662174225,-0.3816912693548163
TOKYOTECH_s01,84,238,91.93333333333334,0.11553223431110382,-0.25557197111294067
TOKYOTECH_s01,84,239,91.96666666666667,-0.13900154829025269,-0.08030055704801137
TOKYOTECH_s01,85,0,85.0,-0.8866944909095764,-0.08524680522055904
TOKYOTECH_s01,85,1,85.03333333333333,-1.1421732902526855,-0.4284686843131261
TOKYOTECH_s01,85,2,85.06666666666666,-1.0644035339355469,-0.7111700553975273
TOKYOTECH_s01,85,3,85.1,-1.094605803489685,-0.8907263358761245
TOKYOTECH_s01,85,4,85.13333333333334,-1.1434333324432373,-0.9515072898938646
TOKYOTECH_s01,85,5,85.16666666666667,-0.5226529240608215,-0.9104755424304855
TOKYOTECH_s01,85,6,85.2,0.8435760140419006,-0.812848817542364
TOKYOTECH_s01,85,7,85.23333333333333,1.837494134902954,-0.7173546126335305
TOKYOTECH_s01,85,8,85.26666666666667,1.8934884071350098,-0.6749259301823073
TOKYOTECH_s01,85,9,85.3,1.4845569133758545,-0.7082407164007455
TOKYOTECH_s01,85,10,85.33333333333333,1.0252621173858643,-0.8003416983414432
TOKYOTECH_s01,85,11,85.36666666666666,0.4748091697692871,-0.8977328617034721
TOKYOTECH_s01,85,12,85.4,-0.10584599524736404,-0.9277087178904199
TOKYOTECH_s01,85,13,85.43333333333334,-0.2054307609796524,-0.824215224018481
TOKYOTECH_s01,85,14,85.46666666666667,-0.005946216639131308,-0.5537772920951686
TOKYOTECH_s01,85,15,85.5,0.148727148771286,-0.13264552357534237
TOKYOTECH_s01,85,16,85.53333333333333,0.18105578422546387,0.3722811058631868
TOKYOTECH_s01,85,17,85.56666666666666,-0.010002060793340206,0.8614866584401148
TOKYOTECH_s01,85,18,85.6,-0.25693604350090027,1.2344107823613502
TOKYOTECH_s01,85,19,85.63333333333334,-0.5621482133865356,1.4220114716074397
TOKYOTECH_s01,85,20,85.66666666666667,-0.8709436655044556,1.4066109814535699
TOKYOTECH_s01,85,21,85.7,-1.1337072849273682,1.2212306008164249
TOKYOTECH_s01,85,22,85.73333333333333,-1.2070274353027344,0.9305702334016047
TOKYOTECH_s01,85,23,85.76666666666667,-1.3574481010437012,0.6037868320522606
TOKYOTECH_s01,85,24,85.8,-0.931466281414032,0.2909079585974815
TOKYOTECH_s01,85,25,85.83333333333333,0.418460488319397,0.011277351170581026
TOKYOTECH_s01,85,26,85.86666666666666,1.8206801414489746,-0.24285215370107413
TOKYOTECH_s01,85,27,85.9,1.932747483253479,-0.49021638611511426
TOKYOTECH_s01,85,28,85.93333333333334,1.2593984603881836,-0.7397467009366896
TOKYOTECH_s01,85,29,85.96666666666667,0.9005547165870667,-0.9749713175093707
TOKYOTECH_s01,85,30,86.0,0.5988077521324158,-1.1509422561986802
TOKYOTECH_s01,85,31,86.03333333333333,0.1514441817998886,-1.2057052989518169
TOKYOTECH_s01,85,32,86.06666666666666,0.014687400311231613,-1.0829958783670786
TOKYOTECH_s01,85,33,86.1,0.09722186625003815,-0.7584637870526321
TOKYOTECH_s01,85,34,86.13333333333334,0.1340394765138626,-0.25897119420727854
TOKYOTECH_s01,85,35,86.16666666666667,0.24874506890773773,0.33476631006416563
TOKYOTECH_s01,85,36,86.2,-0.09025265276432037,0.9064253106024871
TOKYOTECH_s01,85,37,86.23333333333333,-0.4727621078491211,1.338310774136251
TOKYOTECH_s01,85,38,86.26666666666667,-0.6859105229377747,1.547946122258915
TOKYOTECH_s01,85,39,86.3,-0.9571008086204529,1.511187590614296
TOKYOTECH_s01,85,40,86.33333333333333,-0.9995099902153015,1.263092187441133
TOKYOTECH_s01,85,41,86.36666666666666,-0.9398142695426941,0.8788048426934679
TOKYOTECH_s01,85,42,86.4,-0.8353073596954346,0.4445132373788014
TOKYOTECH_s01,85,43,86.43333333333334,-0.22854512929916382,0.030467200630686694
TOKYOTECH_s01,85,44,86.46666666666667,0.9317807555198669,-0.3248072831340165
TOKYOTECH_s01,85,45,86.5,1.8362340927124023,-0.6153419327354217
TOKYOTECH_s01,85,46,86.53333333333333,1.6986503601074219,-0.8553973415732562
TOKYOTECH_s01,85,47,86.56666666666666,1.0910612344741821,-1.0601064282016284
TOKYOTECH_s01,85,48,86.6,0.5013493299484253,-1.227566339005778
TOKYOTECH_s01,85,49,86.63333333333334,0.141245499253273,-1.3304064159888733
TOKYOTECH_s01,85,50,86.66666666666667,-0.21688950061798096,-1.3214247955731693
TOKYOTECH_s01,85,51,86.7,-0.3538037836551666,-1.1524423401891086
TOKYOTECH_s01,85,52,86.73333333333333,-0.01752309314906597,-0.7997816587103225
TOKYOTECH_s01,85,53,86.76666666666667,0.17345598340034485,-0.2855850748219911
TOKYOTECH_s01,85,54,86.8,-0.09592296183109283,0.3163180950303243
TOKYOTECH_s01,85,55,86.83333333333333,-0.19227880239486694,0.895838206390731
TOKYOTECH_s01,85,56,86.86666666666666,-0.3406124413013458,1.338757975609253
TOKYOTECH_s01,85,57,86.9,-0.6219620704650879,1.5620533482741876
TOKYOTECH_s01,85,58,86.93333333333334,-0.6675607562065125,1.5375754749314339
TOKYOTECH_s01,85,59,86.96666666666667,-0.7897873520851135,1.295459481674858
TOKYOTECH_s01,85,60,87.0,-0.9109114408493042,0.9080487636999327
TOKYOTECH_s01,85,61,87.03333333333333,-0.8559409379959106,0.46279445011262066
TOKYOTECH_s01,85,62,87.06666666666666,-0.5890427827835083,0.035289645048747716
TOKYOTECH_s01,85,63,87.1,0.5358437299728394,-0.32840610044797625
TOKYOTECH_s01,85,64,87.13333333333334,1.7334203720092773,-0.615572571825905
TOKYOTECH_s01,85,65,87.16666666666667,1.5621693134307861,-0.8374063433160411
TOKYOTECH_s01,85,66,87.2,0.9195345044136047,-1.011452437386075
TOKYOTECH_s01,85,67,87.23333333333333,0.5688811540603638,-1.1436512954826878
TOKYOTECH_s01,85,68,87.26666666666667,0.0902521163225174,-1.2179605597203742
TOKYOTECH_s01,85,69,87.3,-0.4142870604991913,-1.1986637273109726
TOKYOTECH_s01,85,70,87.33333333333333,-0.17987500131130219,-1.0451303444359463
TOKYOTECH_s01,85,71,87.36666666666666,0.20397326350212097,-0.7333234821671514
TOKYOTECH_s01,85,72,87.4,0.2709931433200836,-0.27521056833019125
TOKYOTECH_s01,85,73,87.43333333333334,0.34537655115127563,0.2728411964662912
TOKYOTECH_s01,85,74,87.46666666666667,0.1814495474100113,0.8185604017844322
TOKYOTECH_s01,85,75,87.5,-0.3982211947441101,1.2584643525079762
TOKYOTECH_s01,85,76,87.53333333333333,-0.9436338543891907,1.5097077647182422
TOKYOTECH_s01,85,77,87.56666666666666,-1.2222269773483276,1.5355777828565633
TOKYOTECH_s01,85,78,87.6,-1.011913776397705,1.3544159203480424
TOKYOTECH_s01,85,79,87.63333333333334,-0.7317454814910889,1.0296991829904303
TOKYOTECH_s01,85,80,87.66666666666667,-0.6386185884475708,0.6462380204236966
TOKYOTECH_s01,85,81,87.7,-0.7975053191184998,0.28163614956380656
TOKYOTECH_s01,85,82,87.73333333333333,-0.32257771492004395,-0.01690867572448658
TOKYOTECH_s01,85,83,87.76666666666667,0.7575369477272034,-0.24257705297181525
TOKYOTECH_s01,85,84,87.8,1.5448039770126343,-0.4225173443160809
TOKYOTECH_s01,85,85,87.83333333333333,1.5537031888961792,-0.5978589545332362
TOKYOTECH_s01,85,86,87.86666666666666,1.1750526428222656,-0.798235065385022
TOKYOTECH_s01,85,87,87.9,0.9123284816741943,-1.0212447966619385
TOKYOTECH_s01,85,88,87.93333333333334,0.4901268780231476,-1.2254702491415304
TOKYOTECH_s01,85,89,87.96666666666667,-0.2694185972213745,-1.340646825247286
TOKYOTECH_s01,85,90,88.0,-0.5547452569007874,-1.2924106981644587
TOKYOTECH_s01,85,91,88.03333333333333,0.04051879793405533,-1.0335502455861618
TOKYOTECH_s01,85,92,88.06666666666666,0.585301399230957,-0.5703380406339006
TOKYOTECH_s01,85,93,88.1,0.13726840913295746,0.027624454614582877
TOKYOTECH_s01,85,94,88.13333333333334,-0.7910080552101135,0.6415058885768572
TOKYOTECH_s01,85,95,88.16666666666667,-0.7059534788131714,1.139314756605568
TOKYOTECH_s01,85,96,88.2,-0.47441592812538147,1.4199294090198715
TOKYOTECH_s01,85,97,88.23333333333333,-1.248294711112976,1.445279025354956
TOKYOTECH_s01,85,98,88.26666666666667,-1.5823702812194824,1.2471905455086747
TOKYOTECH_s01,85,99,88.3,-0.9562739133834839,0.9085460379287297
TOKYOTECH_s01,85,100,88.33333333333333,-0.9670238494873047,0.5291859210302312
TOKYOTECH_s01,85,101,88.36666666666666,-1.3947381973266602,0.19111494266302456
TOKYOTECH_s01,85,102,88.4,-0.2610706388950348,-0.0647323830426765
TOKYOTECH_s01,85,103,88.43333333333334,1.7392088174819946,-0.2437316100819269
TOKYOTECH_s01,85,104,88.46666666666667,2.361682415008545,-0.38467638316889713
TOKYOTECH_s01,85,105,88.5,1.612965703010559,-0.5343663298237797
TOKYOTECH_s01,85,106,88.53333333333333,0.49729350209236145,-0.7198254301304537
TOKYOTECH_s01,85,107,88.56666666666666,0.20991921424865723,-0.9295439745146199
TOKYOTECH_s01,85,108,88.6,0.19208137691020966,-1.111698142780387
TOKYOTECH_s01,85,109,88.63333333333334,-0.3262004256248474,-1.1906402150570305
TOKYOTECH_s01,85,110,88.66666666666667,-0.5254093408584595,-1.095943789617969
TOKYOTECH_s01,85,111,88.7,0.1532161384820938,-0.7934104269074767
TOKYOTECH_s01,85,112,88.73333333333333,0.34958988428115845,-0.3061730808653188
TOKYOTECH_s01,85,113,88.76666666666667,-0.43051043152809143,0.2834805391867416
TOKYOTECH_s01,85,114,88.8,-0.8032937049865723,0.8550261303735653
TOKYOTECH_s01,85,115,88.83333333333333,-0.4868197441101074,1.2876424239315412
TOKYOTECH_s01,85,116,88.86666666666666,-0.8025849461555481,1.4998913470131583
TOKYOTECH_s01,85,117,88.9,-1.4207664728164673,1.4733310119804914
TOKYOTECH_s01,85,118,88.93333333333334,-1.0171903371810913,1.2507210399705926
TOKYOTECH_s01,85,119,88.96666666666667,-0.9748992919921875,0.9124991508289714
TOKYOTECH_s01,85,120,89.0,-1.3556761741638184,0.5438462839318068
TOKYOTECH_s01,85,121,89.03333333333333,-0.5984932780265808,0.20620632125225447
TOKYOTECH_s01,85,122,89.06666666666666,0.0523713156580925,-0.07679163394507507
TOKYOTECH_s01,85,123,89.1,1.0933057069778442,-0.31589399366603677
TOKYOTECH_s01,85,124,89.13333333333334,2.2878503799438477,-0.5391055524933245
TOKYOTECH_s01,85,125,89.16666666666667,1.6058778762817383,-0.7692331255276441
TOKYOTECH_s01,85,126,89.2,0.5112723708152771,-1.0052301915858084
TOKYOTECH_s01,85,127,89.23333333333333,0.6826810240745544,-1.2143456977630473
TOKYOTECH_s01,85,128,89.26666666666667,-0.02445346862077713,-1.338407906825006
TOKYOTECH_s01,85,129,89.3,-0.257526695728302,-1.3130594953856223
TOKYOTECH_s01,85,130,89.33333333333333,0.1692032665014267,-1.0940283570478173
TOKYOTECH_s01,85,131,89.36666666666666,-0.2643783390522003,-0.680908628183493
TOKYOTECH_s01,85,132,89.4,0.012639788910746574,-0.12811356586310194
TOKYOTECH_s01,85,133,89.43333333333334,0.24500423669815063,0.46404266401638306
TOKYOTECH_s01,85,134,89.46666666666667,-0.7766354084014893,0.9777673181034054
TOKYOTECH_s01,85,135,89.5,-0.8276287913322449,1.3158445669883996
TOKYOTECH_s01,85,136,89.53333333333333,-0.6521642804145813,1.4324496174374348
TOKYOTECH_s01,85,137,89.56666666666666,-1.1910009384155273,1.3419071066156698
TOKYOTECH_s01,85,138,89.6,-1.0011638402938843,1.102965139970467
TOKYOTECH_s01,85,139,89.63333333333334,-1.3307898044586182,0.7893534600966203
TOKYOTECH_s01,85,140,89.66666666666667,-1.1207915544509888,0.46163852273337724
TOKYOTECH_s01,85,141,89.7,-0.01807437278330326,0.1512275259307148
TOKYOTECH_s01,85,142,89.73333333333333,0.8142006397247314,-0.13967267038808853
TOKYOTECH_s01,85,143,89.76666666666667,1.891204595565796,-0.424815691968324
TOKYOTECH_s01,85,144,89.8,2.1197493076324463,-0.714451046709295
TOKYOTECH_s01,85,145,89.83333333333333,1.0766491889953613,-0.9982368410947721
TOKYOTECH_s01,85,146,89.86666666666666,0.24126340448856354,-1.2378444504705495
TOKYOTECH_s01,85,147,89.9,0.267331063747406,-1.37307372409197
TOKYOTECH_s01,85,148,89.93333333333334,-0.07060346752405167,-1.3405798884160647
TOKYOTECH_s01,85,149,89.96666666666667,-0.375303715467453,-1.099533999628414
TOKYOTECH_s01,85,150,90.0,0.41038817167282104,-0.6549604882073472
TOKYOTECH_s01,85,151,90.03333333333333,0.2768603265285492,-0.0683615709584496
TOKYOTECH_s01,85,152,90.06666666666666,-0.2709936797618866,0.5520629894881093
TOKYOTECH_s01,85,153,90.1,-0.3156473636627197,1.0814381528907464
TOKYOTECH_s01,85,154,90.13333333333334,-0.7757297158241272,1.4174321962004226
TOKYOTECH_s01,85,155,90.16666666666667,-0.5061145424842834,1.5114113617804985
TOKYOTECH_s01,85,156,90.2,-1.0062434673309326,1.378378398388055
TOKYOTECH_s01,85,157,90.23333333333333,-1.1073639392852783,1.0835181140168664
TOKYOTECH_s01,85,158,90.26666666666667,-0.9832472205162048,0.7135841715900109
TOKYOTECH_s01,85,159,90.3,-1.095668911933899,0.3462716782426403
TOKYOTECH_s01,85,160,90.33333333333333,-0.2987939417362213,0.02900602226879124
TOKYOTECH_s01,85,161,90.36666666666666,0.7932913899421692,-0.22716927819000018
TOKYOTECH_s01,85,162,90.4,2.080293655395508,-0.43905516753816276
TOKYOTECH_s01,85,163,90.43333333333334,1.4644745588302612,-0.633115003374228
TOKYOTECH_s01,85,164,90.46666666666667,1.2112008333206177,-0.8250855958544603
TOKYOTECH_s01,85,165,90.5,0.6301125884056091,-1.0051384853612546
TOKYOTECH_s01,85,166,90.53333333333333,0.25437599420547485,-1.1346989242205587
TOKYOTECH_s01,85,167,90.56666666666666,-0.19483831524848938,-1.157451213413673
TOKYOTECH_s01,85,168,90.6,-0.006143101956695318,-1.0219352803928352
TOKYOTECH_s01,85,169,90.63333333333334,-0.08958324044942856,-0.7076924643085793
TOKYOTECH_s01,85,170,90.66666666666667,0.0010629127500578761,-0.24341894437800504
TOKYOTECH_s01,85,171,90.7,-0.03591221198439598,0.2929724099352507
TOKYOTECH_s01,85,172,90.73333333333333,-0.26591402292251587,0.7950612151086374
TOKYOTECH_s01,85,173,90.76666666666667,-0.5550996661186218,1.1618134969548337
TOKYOTECH_s01,85,174,90.8,-0.7488351464271545,1.3295881716411473
TOKYOTECH_s01,85,175,90.83333333333333,-1.033374309539795,1.2879070231014051
TOKYOTECH_s01,85,176,90.86666666666666,-1.1043713092803955,1.0741231779653244
TOKYOTECH_s01,85,177,90.9,-1.1470561027526855,0.7530294805619832
TOKYOTECH_s01,85,178,90.93333333333334,-1.1013392210006714,0.3922664816241044
TOKYOTECH_s01,85,179,90.96666666666667,-0.3248615860939026,0.04307614138089462
TOKYOTECH_s01,85,180,91.0,1.3619365692138672,-0.26801295880563386
TOKYOTECH_s01,85,181,91.03333333333333,1.9158152341842651,-0.5357019873656036
TOKYOTECH_s01,85,182,91.06666666666666,1.813907265663147,-0.7642038636996341
TOKYOTECH_s01,85,183,91.1,1.1131517887115479,-0.9534850532737761
TOKYOTECH_s01,85,184,91.13333333333334,0.7832108736038208,-1.0896408757553553
TOKYOTECH_s01,85,185,91.16666666666667,0.09359917044639587,-1.1436990591099572
TOKYOTECH_s01,85,186,91.2,-0.21133732795715332,-1.0803830050428627
TOKYOTECH_s01,85,187,91.23333333333333,-0.0125221973285079,-0.8745386550536471
TOKYOTECH_s01,85,188,91.26666666666667,0.18022885918617249,-0.5285457765939126
TOKYOTECH_s01,85,189,91.3,0.11104323714971542,-0.08188773103326064
TOKYOTECH_s01,85,190,91.33333333333333,-0.0918671190738678,0.393460833947379
TOKYOTECH_s01,85,191,91.36666666666666,-0.10844488441944122,0.8117825931559172
TOKYOTECH_s01,85,192,91.4,-0.6142835021018982,1.099352381255427
TOKYOTECH_s01,85,193,91.43333333333334,-0.6016828417778015,1.216276072350556
TOKYOTECH_s01,85,194,91.46666666666667,-0.6074712872505188,1.1655236464618701
TOKYOTECH_s01,85,195,91.5,-0.9239059090614319,0.9863820485100422
TOKYOTECH_s01,85,196,91.53333333333333,-0.8375912308692932,0.7363003672875007
TOKYOTECH_s01,85,197,91.56666666666666,-0.9225276708602905,0.46935317723252
TOKYOTECH_s01,85,198,91.6,-0.5144624710083008,0.2198170597731552
TOKYOTECH_s01,85,199,91.63333333333334,0.6243241429328918,-0.0036484858012547756
TOKYOTECH_s01,85,200,91.66666666666667,1.8830928802490234,-0.21218491826525973
TOKYOTECH_s01,85,201,91.7,1.786028265953064,-0.42255211638507073
TOKYOTECH_s01,85,202,91.73333333333333,1.3767423629760742,-0.6407812302427103
TOKYOTECH_s01,85,203,91.76666666666667,0.7719489932060242,-0.8506416732229825
TOKYOTECH_s01,85,204,91.8,0.4729978144168854,-1.0122828401036343
TOKYOTECH_s01,85,205,91.83333333333333,-0.058002784848213196,-1.072802282831553
TOKYOTECH_s01,85,206,91.86666666666666,-0.12360507994890213,-0.9859039067367295
TOKYOTECH_s01,85,207,91.9,0.17318035662174225,-0.7337319572012284
TOKYOTECH_s01,85,208,91.93333333333334,0.11553223431110382,-0.3419502866796047
TOKYOTECH_s01,85,209,91.96666666666667,-0.13900154829025269,0.11972230653364761
TOKYOTECH_s01,85,210,92.0,-0.29190292954444885,0.5546183993792875
TOKYOTECH_s01,85,211,92.03333333333333,-0.4538610875606537,0.8692801655088398
TOKYOTECH_s01,85,212,92.06666666666666,-0.8035693764686584,1.0043933258571782
TOKYOTECH_s01,85,213,92.1,-1.112916111946106,0.9524978337060372
TOKYOTECH_s01,85,214,92.13333333333334,-0.9559195041656494,0.7554948524097556
TOKYOTECH_s01,85,215,92.16666666666667,-1.0894867181777954,0.48518682669329416
TOKYOTECH_s01,85,216,92.2,-1.2866873741149902,0.21638128393364492
TOKYOTECH_s01,85,217,92.23333333333333,-0.6846504211425781,0.002972785399351735
TOKYOTECH_s01,85,218,92.26666666666667,0.7404079437255859,-0.13524567608937532
TOKYOTECH_s01,85,219,92.3,1.7595667839050293,-0.21174685595626971
TOKYOTECH_s01,85,220,92.33333333333333,1.7452728748321533,-0.2600099170734611
TOKYOTECH_s01,85,221,92.36666666666666,1.237701654434204,-0.3136755352912081
TOKYOTECH_s01,85,222,92.4,0.7822657823562622,-0.3883872272042859
TOKYOTECH_s01,85,223,92.43333333333334,0.22153547406196594,-0.4728281836980347
TOKYOTECH_s01,85,224,92.46666666666667,-0.05705773085355759,-0.5323738536028957
TOKYOTECH_s01,85,225,92.5,0.07135108858346939,-0.523707612120052
TOKYOTECH_s01,85,226,92.53333333333333,0.09781252592802048,-0.4150719727502145
TOKYOTECH_s01,85,227,92.56666666666666,0.3986538052558899,-0.2046353517416258
TOKYOTECH_s01,85,228,92.6,0.342935174703598,0.0712778948064802
TOKYOTECH_s01,85,229,92.63333333333334,-0.1160052940249443,0.34567831458650317
TOKYOTECH_s01,85,230,92.66666666666667,-0.41554713249206543,0.5429352130494848
TOKYOTECH_s01,85,231,92.7,-0.6195994019508362,0.6067356538195834
TOKYOTECH_s01,85,232,92.73333333333333,-0.8600755333900452,0.5219141892084608
TOKYOTECH_s01,85,233,92.76666666666667,-1.0084092617034912,0.32067597201935083
TOKYOTECH_s01,85,234,92.8,-0.920834481716156,0.07109690928795326
TOKYOTECH_s01,85,235,92.83333333333333,-1.0371150970458984,-0.1465530093100966
TOKYOTECH_s01,85,236,92.86666666666666,-0.8080583810806274,-0.26627524697066857
TOKYOTECH_s01,85,237,92.9,0.5266294479370117,-0.256643485671098
TOKYOTECH_s01,85,238,92.93333333333334,1.6705745458602905,-0.1290986747034714
TOKYOTECH_s01,85,239,92.96666666666667,1.9561768770217896,0.06724728071299305
TOKYOTECH_s01,86,0,86.0,0.5988077521324158,0.08937495218624224
TOKYOTECH_s01,86,1,86.03333333333333,0.1514441817998886,-0.28012609429633806
TOKYOTECH_s01,86,2,86.06666666666666,0.014687400311231613,-0.5377724217512673
TOKYOTECH_s01,86,3,86.1,0.09722186625003815,-0.602245178802198
TOKYOTECH_s01,86,4,86.13333333333334,0.1340394765138626,-0.4475303986015347
TOKYOTECH_s01,86,5,86.16666666666667,0.24874506890773773,-0.11165736852104982
TOKYOTECH_s01,86,6,86.2,-0.09025265276432037,0.3140111676357211
TOKYOTECH_s01,86,7,86.23333333333333,-0.4727621078491211,0.7131836391607624
TOKYOTECH_s01,86,8,86.26666666666667,-0.6859105229377747,0.9811605265444571
TOKYOTECH_s01,86,9,86.3,-0.9571008086204529,1.0556821298122692
TOKYOTECH_s01,86,10,86.33333333333333,-0.9995099902153015,0.931044451500006
TOKYOTECH_s01,86,11,86.36666666666666,-0.9398142695426941,0.6520594305039796
TOKYOTECH_s01,86,12,86.4,-0.8353073596954346,0.29247976999843733
TOKYOTECH_s01,86,13,86.43333333333334,-0.22854512929916382,-0.07234428483155217
TOKYOTECH_s01,86,14,86.46666666666667,0.9317807555198669,-0.3880080330480319
TOKYOTECH_s01,86,15,86.5,1.8362340927124023,-0.6313640964626039
TOKYOTECH_s01,86,16,86.53333333333333,1.6986503601074219,-0.8065838878996329
TOKYOTECH_s01,86,17,86.56666666666666,1.0910612344741821,-0.9305319505457674
TOKYOTECH_s01,86,18,86.6,0.5013493299484253,-1.0148553911429916
TOKYOTECH_s01,86,19,86.63333333333334,0.141245499253273,-1.05306887093277
TOKYOTECH_s01,86,20,86.66666666666667,-0.21688950061798096,-1.0186353146109335
TOKYOTECH_s01,86,21,86.7,-0.3538037836551666,-0.8755480103291362
TOKYOTECH_s01,86,22,86.73333333333333,-0.01752309314906597,-0.5977379589951288
TOKYOTECH_s01,86,23,86.76666666666667,0.17345598340034485,-0.18925786288052787
TOKYOTECH_s01,86,24,86.8,-0.09592296183109283,0.30464409536206694
TOKYOTECH_s01,86,25,86.83333333333333,-0.19227880239486694,0.8027621644475054
TOKYOTECH_s01,86,26,86.86666666666666,-0.3406124413013458,1.209438167628024
TOKYOTECH_s01,86,27,86.9,-0.6219620704650879,1.4440921493363106
TOKYOTECH_s01,86,28,86.93333333333334,-0.6675607562065125,1.4661266471720982
TOKYOTECH_s01,86,29,86.96666666666667,-0.7897873520851135,1.2847776193907237
TOKYOTECH_s01,86,30,87.0,-0.9109114408493042,0.9513582850301221
TOKYOTECH_s01,86,31,87.03333333333333,-0.8559409379959106,0.5393864527951547
TOKYOTECH_s01,86,32,87.06666666666666,-0.5890427827835083,0.12142925163806188
TOKYOTECH_s01,86,33,87.1,0.5358437299728394,-0.24938152958400459
TOKYOTECH_s01,86,34,87.13333333333334,1.7334203720092773,-0.547799981504742
TOKYOTECH_s01,86,35,87.16666666666667,1.5621693134307861,-0.7731786511842703
TOKYOTECH_s01,86,36,87.2,0.9195345044136047,-0.937185852937646
TOKYOTECH_s01,86,37,87.23333333333333,0.5688811540603638,-1.0487302641972813
TOKYOTECH_s01,86,38,87.26666666666667,0.0902521163225174,-1.1030231452442902
TOKYOTECH_s01,86,39,87.3,-0.4142870604991913,-1.079603932452559
TOKYOTECH_s01,86,40,87.33333333333333,-0.17987500131130219,-0.9503442726656907
TOKYOTECH_s01,86,41,87.36666666666666,0.20397326350212097,-0.6945366084890641
TOKYOTECH_s01,86,42,87.4,0.2709931433200836,-0.3153832974557116
TOKYOTECH_s01,86,43,87.43333333333334,0.34537655115127563,0.14929298415140146
TOKYOTECH_s01,86,44,87.46666666666667,0.1814495474100113,0.6288993325493353
TOKYOTECH_s01,86,45,87.5,-0.3982211947441101,1.0368765024063913
TOKYOTECH_s01,86,46,87.53333333333333,-0.9436338543891907,1.296803147222865
TOKYOTECH_s01,86,47,87.56666666666666,-1.2222269773483276,1.3662902647455455
TOKYOTECH_s01,86,48,87.6,-1.011913776397705,1.2484779051179085
TOKYOTECH_s01,86,49,87.63333333333334,-0.7317454814910889,0.9874034941750077
TOKYOTECH_s01,86,50,87.66666666666667,-0.6386185884475708,0.65023156013573
TOKYOTECH_s01,86,51,87.7,-0.7975053191184998,0.30374410181475625
TOKYOTECH_s01,86,52,87.73333333333333,-0.32257771492004395,-0.006101800480744325
TOKYOTECH_s01,86,53,87.76666666666667,0.7575369477272034,-0.26430656433577476
TOKYOTECH_s01,86,54,87.8,1.5448039770126343,-0.4833392662405212
TOKYOTECH_s01,86,55,87.83333333333333,1.5537031888961792,-0.6879386840671236
TOKYOTECH_s01,86,56,87.86666666666666,1.1750526428222656,-0.8949329277438419
TOKYOTECH_s01,86,57,87.9,0.9123284816741943,-1.096926804558282
TOKYOTECH_s01,86,58,87.93333333333334,0.4901268780231476,-1.2569383492560744
TOKYOTECH_s01,86,59,87.96666666666667,-0.2694185972213745,-1.316739430437857
TOKYOTECH_s01,86,60,88.0,-0.5547452569007874,-1.2168947905887189
TOKYOTECH_s01,86,61,88.03333333333333,0.04051879793405533,-0.9223691668048969
TOKYOTECH_s01,86,62,88.06666666666666,0.585301399230957,-0.4446675265567735
TOKYOTECH_s01,86,63,88.1,0.13726840913295746,0.14936190668158886
TOKYOTECH_s01,86,64,88.13333333333334,-0.7910080552101135,0.7492775522974652
TOKYOTECH_s01,86,65,88.16666666666667,-0.7059534788131714,1.2326795262837311
TOKYOTECH_s01,86,66,88.2,-0.47441592812538147,1.5049308605199165
TOKYOTECH_s01,86,67,88.23333333333333,-1.248294711112976,1.5291249824203128
TOKYOTECH_s01,86,68,88.26666666666667,-1.5823702812194824,1.3334782816622588
TOKYOTECH_s01,86,69,88.3,-0.9562739133834839,0.9949533805249962
TOKYOTECH_s01,86,70,88.33333333333333,-0.9670238494873047,0.6079624064325966
TOKYOTECH_s01,86,71,88.36666666666666,-1.3947381973266602,0.2514507344248888
TOKYOTECH_s01,86,72,88.4,-0.2610706388950348,-0.033642023026486625
TOKYOTECH_s01,86,73,88.43333333333334,1.7392088174819946,-0.24967762686238437
TOKYOTECH_s01,86,74,88.46666666666667,2.361682415008545,-0.4299826771508321
TOKYOTECH_s01,86,75,88.5,1.612965703010559,-0.6146609735565673
TOKYOTECH_s01,86,76,88.53333333333333,0.49729350209236145,-0.8247284255891075
TOKYOTECH_s01,86,77,88.56666666666666,0.20991921424865723,-1.0453645371185363
TOKYOTECH_s01,86,78,88.6,0.19208137691020966,-1.2251808421838932
TOKYOTECH_s01,86,79,88.63333333333334,-0.3262004256248474,-1.2920614446404206
TOKYOTECH_s01,86,80,88.66666666666667,-0.5254093408584595,-1.1802014362542843
TOKYOTECH_s01,86,81,88.7,0.1532161384820938,-0.8589868424714051
TOKYOTECH_s01,86,82,88.73333333333333,0.34958988428115845,-0.3529807984265871
TOKYOTECH_s01,86,83,88.76666666666667,-0.43051043152809143,0.25601698313819266
TOKYOTECH_s01,86,84,88.8,-0.8032937049865723,0.8486702915288079
TOKYOTECH_s01,86,85,88.83333333333333,-0.4868197441101074,1.3045667881556746
TOKYOTECH_s01,86,86,88.86666666666666,-0.8025849461555481,1.5408787041500163
TOKYOTECH_s01,86,87,88.9,-1.4207664728164673,1.5358513162791312
TOKYOTECH_s01,86,88,88.93333333333334,-1.0171903371810913,1.3277832478202993
TOKYOTECH_s01,86,89,88.96666666666667,-0.9748992919921875,0.992848497972558
TOKYOTECH_s01,86,90,89.0,-1.3556761741638184,0.6136492314932871
TOKYOTECH_s01,86,91,89.03333333333333,-0.5984932780265808,0.25194526343707546
TOKYOTECH_s01,86,92,89.06666666666666,0.0523713156580925,-0.06492329942076112
TOKYOTECH_s01,86,93,89.1,1.0933057069778442,-0.3411432282918612
TOKYOTECH_s01,86,94,89.13333333333334,2.2878503799438477,-0.5969098629231353
TOKYOTECH_s01,86,95,89.16666666666667,1.6058778762817383,-0.8481795615630395
TOKYOTECH_s01,86,96,89.2,0.5112723708152771,-1.090060772909086
TOKYOTECH_s01,86,97,89.23333333333333,0.6826810240745544,-1.2900205124776558
TOKYOTECH_s01,86,98,89.26666666666667,-0.02445346862077713,-1.3937208977005568
TOKYOTECH_s01,86,99,89.3,-0.257526695728302,-1.3424896353160516
TOKYOTECH_s01,86,100,89.33333333333333,0.1692032665014267,-1.0974898568060072
TOKYOTECH_s01,86,101,89.36666666666666,-0.2643783390522003,-0.6621474677609511
TOKYOTECH_s01,86,102,89.4,0.012639788910746574,-0.09274461216791346
TOKYOTECH_s01,86,103,89.43333333333334,0.24500423669815063,0.5103098543272108
TOKYOTECH_s01,86,104,89.46666666666667,-0.7766354084014893,1.0303518194864631
TOKYOTECH_s01,86,105,89.5,-0.8276287913322449,1.3715132549745679
TOKYOTECH_s01,86,106,89.53333333333333,-0.6521642804145813,1.4885412114708
TOKYOTECH_s01,86,107,89.56666666666666,-1.1910009384155273,1.3953876270247476
TOKYOTECH_s01,86,108,89.6,-1.0011638402938843,1.1501696695799497
TOKYOTECH_s01,86,109,89.63333333333334,-1.3307898044586182,0.8264368761581402
TOKYOTECH_s01,86,110,89.66666666666667,-1.1207915544509888,0.48520112172693297
TOKYOTECH_s01,86,111,89.7,-0.01807437278330326,0.1588296824918375
TOKYOTECH_s01,86,112,89.73333333333333,0.8142006397247314,-0.14892477182180142
TOKYOTECH_s01,86,113,89.76666666666667,1.891204595565796,-0.4494336302924157
TOKYOTECH_s01,86,114,89.8,2.1197493076324463,-0.7498420798121078
TOKYOTECH_s01,86,115,89.83333333333333,1.0766491889953613,-1.0368765453155304
TOKYOTECH_s01,86,116,89.86666666666666,0.24126340448856354,-1.2706724741262891
TOKYOTECH_s01,86,117,89.9,0.267331063747406,-1.391509338633162
TOKYOTECH_s01,86,118,89.93333333333334,-0.07060346752405167,-1.3382906511254082
TOKYOTECH_s01,86,119,89.96666666666667,-0.375303715467453,-1.0736333225401997
TOKYOTECH_s01,86,120,90.0,0.41038817167282104,-0.6067219825968602
TOKYOTECH_s01,86,121,90.03333333333333,0.2768603265285492,-0.003472213787542697
TOKYOTECH_s01,86,122,90.06666666666666,-0.2709936797618866,0.6237402203398167
TOKYOTECH_s01,86,123,90.1,-0.3156473636627197,1.1465821455547411
TOKYOTECH_s01,86,124,90.13333333333334,-0.7757297158241272,1.4607043497113552
TOKYOTECH_s01,86,125,90.16666666666667,-0.5061145424842834,1.518061680996593
TOKYOTECH_s01,86,126,90.2,-1.0062434673309326,1.3378076707504685
TOKYOTECH_s01,86,127,90.23333333333333,-1.1073639392852783,0.9924416625140522
TOKYOTECH_s01,86,128,90.26666666666667,-0.9832472205162048,0.5771677122560318
TOKYOTECH_s01,86,129,90.3,-1.095668911933899,0.1766860889615712
TOKYOTECH_s01,86,130,90.33333333333333,-0.2987939417362213,-0.15762521532921414
TOKYOTECH_s01,86,131,90.36666666666666,0.7932913899421692,-0.4136593832929744
TOKYOTECH_s01,86,132,90.4,2.080293655395508,-0.6085842964621223
TOKYOTECH_s01,86,133,90.43333333333334,1.4644745588302612,-0.7691749241694419
TOKYOTECH_s01,86,134,90.46666666666667,1.2112008333206177,-0.9109328958650268
TOKYOTECH_s01,86,135,90.5,0.6301125884056091,-1.024007564999333
TOKYOTECH_s01,86,136,90.53333333333333,0.25437599420547485,-1.0717290249857465
TOKYOTECH_s01,86,137,90.56666666666666,-0.19483831524848938,-1.0036136473923711
TOKYOTECH_s01,86,138,90.6,-0.006143101956695318,-0.7791901615227902
TOKYOTECH_s01,86,139,90.63333333333334,-0.08958324044942856,-0.3934132519800013
TOKYOTECH_s01,86,140,90.66666666666667,0.0010629127500578761,0.10853783508985851
TOKYOTECH_s01,86,141,90.7,-0.03591221198439598,0.636534689077917
TOKYOTECH_s01,86,142,90.73333333333333,-0.26591402292251587,1.0813528564102768
TOKYOTECH_s01,86,143,90.76666666666667,-0.5550996661186218,1.3508329646748725
TOKYOTECH_s01,86,144,90.8,-0.7488351464271545,1.3998579110730138
TOKYOTECH_s01,86,145,90.83333333333333,-1.033374309539795,1.240551949789275
TOKYOTECH_s01,86,146,90.86666666666666,-1.1043713092803955,0.9302261481686799
TOKYOTECH_s01,86,147,90.9,-1.1470561027526855,0.5457802560365771
TOKYOTECH_s01,86,148,90.93333333333334,-1.1013392210006714,0.15707118663869613
TOKYOTECH_s01,86,149,90.96666666666667,-0.3248615860939026,-0.19101341284859416
TOKYOTECH_s01,86,150,91.0,1.3619365692138672,-0.48307004493115446
TOKYOTECH_s01,86,151,91.03333333333333,1.9158152341842651,-0.724945345997579
TOKYOTECH_s01,86,152,91.06666666666666,1.813907265663147,-0.9281803711350062
TOKYOTECH_s01,86,153,91.1,1.1131517887115479,-1.094774245765683
TOKYOTECH_s01,86,154,91.13333333333334,0.7832108736038208,-1.2085917248207563
TOKYOTECH_s01,86,155,91.16666666666667,0.09359917044639587,-1.2366244093746157
TOKYOTECH_s01,86,156,91.2,-0.21133732795715332,-1.1402925822618066
TOKYOTECH_s01,86,157,91.23333333333333,-0.0125221973285079,-0.8936691742611058
TOKYOTECH_s01,86,158,91.26666666666667,0.18022885918617249,-0.5016968324802152
TOKYOTECH_s01,86,159,91.3,0.11104323714971542,-0.009449291101422687
TOKYOTECH_s01,86,160,91.33333333333333,-0.0918671190738678,0.504180513808453
TOKYOTECH_s01,86,161,91.36666666666666,-0.10844488441944122,0.9480878671915456
TOKYOTECH_s01,86,162,91.4,-0.6142835021018982,1.2471346482917296
TOKYOTECH_s01,86,163,91.43333333333334,-0.6016828417778015,1.3640817294297112
TOKYOTECH_s01,86,164,91.46666666666667,-0.6074712872505188,1.3062201416812715
TOKYOTECH_s01,86,165,91.5,-0.9239059090614319,1.115838726357428
TOKYOTECH_s01,86,166,91.53333333333333,-0.8375912308692932,0.8505433842316905
TOKYOTECH_s01,86,167,91.56666666666666,-0.9225276708602905,0.5622635245926224
TOKYOTECH_s01,86,168,91.6,-0.5144624710083008,0.282633583801212
TOKYOTECH_s01,86,169,91.63333333333334,0.6243241429328918,0.019009842468309522
TOKYOTECH_s01,86,170,91.66666666666667,1.8830928802490234,-0.23850192339402998
TOKYOTECH_s01,86,171,91.7,1.786028265953064,-0.502281049466319
TOKYOTECH_s01,86,172,91.73333333333333,1.3767423629760742,-0.7709156463745842
TOKYOTECH_s01,86,173,91.76666666666667,0.7719489932060242,-1.0186782619649564
TOKYOTECH_s01,86,174,91.8,0.4729978144168854,-1.1962095858591626
TOKYOTECH_s01,86,175,91.83333333333333,-0.058002784848213196,-1.2437178255458363
TOKYOTECH_s01,86,176,91.86666666666666,-0.12360507994890213,-1.1129940658846778
TOKYOTECH_s01,86,177,91.9,0.17318035662174225,-0.7904412538987159
TOKYOTECH_s01,86,178,91.93333333333334,0.11553223431110382,-0.3116821127193903
TOKYOTECH_s01,86,179,91.96666666666667,-0.13900154829025269,0.23996884591328183
TOKYOTECH_s01,86,180,92.0,-0.29190292954444885,0.7536880421945868
TOKYOTECH_s01,86,181,92.03333333333333,-0.4538610875606537,1.1245235909087539
TOKYOTECH_s01,86,182,92.06666666666666,-0.8035693764686584,1.286776337113868
TOKYOTECH_s01,86,183,92.1,-1.112916111946106,1.2325724846955868
TOKYOTECH_s01,86,184,92.13333333333334,-0.9559195041656494,1.0081577949433613
TOKYOTECH_s01,86,185,92.16666666666667,-1.0894867181777954,0.6914515819754304
TOKYOTECH_s01,86,186,92.2,-1.2866873741149902,0.36181510632802283
TOKYOTECH_s01,86,187,92.23333333333333,-0.6846504211425781,0.07432445168616907
TOKYOTECH_s01,86,188,92.26666666666667,0.7404079437255859,-0.15271059950502203
TOKYOTECH_s01,86,189,92.3,1.7595667839050293,-0.3341526962059652
TOKYOTECH_s01,86,190,92.33333333333333,1.7452728748321533,-0.5013461989639765
TOKYOTECH_s01,86,191,92.36666666666666,1.237701654434204,-0.6796514018201075
TOKYOTECH_s01,86,192,92.4,0.7822657823562622,-0.8695656935952175
TOKYOTECH_s01,86,193,92.43333333333334,0.22153547406196594,-1.0395046022790682
TOKYOTECH_s01,86,194,92.46666666666667,-0.05705773085355759,-1.1336932452542727
TOKYOTECH_s01,86,195,92.5,0.07135108858346939,-1.092733333480692
TOKYOTECH_s01,86,196,92.53333333333333,0.09781252592802048,-0.8796360467651436
TOKYOTECH_s01,86,197,92.56666666666666,0.3986538052558899,-0.5013372754528608
TOKYOTECH_s01,86,198,92.6,0.342935174703598,-0.0156833736823993
TOKYOTECH_s01,86,199,92.63333333333334,-0.1160052940249443,0.48163551695102946
TOKYOTECH_s01,86,200,92.66666666666667,-0.41554713249206543,0.8868637244414401
TOKYOTECH_s01,86,201,92.7,-0.6195994019508362,1.1225861079149417
TOKYOTECH_s01,86,202,92.73333333333333,-0.8600755333900452,1.1615139367882557
TOKYOTECH_s01,86,203,92.76666666666667,-1.0084092617034912,1.0293058750296182
TOKYOTECH_s01,86,204,92.8,-0.920834481716156,0.7868978966351661
TOKYOTECH_s01,86,205,92.83333333333333,-1.0371150970458984,0.5026408615035145
TOKYOTECH_s01,86,206,92.86666666666666,-0.8080583810806274,0.2274650161002007
TOKYOTECH_s01,86,207,92.9,0.5266294479370117,-0.017276840957600622
TOKYOTECH_s01,86,208,92.93333333333334,1.6705745458602905,-0.23613441339237415
TOKYOTECH_s01,86,209,92.96666666666667,1.9561768770217896,-0.4437529137030451
TOKYOTECH_s01,86,210,93.0,1.5096007585525513,-0.6457377936545327
TOKYOTECH_s01,86,211,93.03333333333333,0.9037048816680908,-0.8259107254577422
TOKYOTECH_s01,86,212,93.06666666666666,0.5399389266967773,-0.945788030911609
TOKYOTECH_s01,86,213,93.1,0.1549881100654602,-0.9562930134196826
TOKYOTECH_s01,86,214,93.13333333333334,-0.02106703445315361,-0.8172144832671505
TOKYOTECH_s01,86,215,93.16666666666667,-0.008781369775533676,-0.517291813766601
TOKYOTECH_s01,86,216,93.2,0.20649340748786926,-0.08678693657411715
TOKYOTECH_s01,86,217,93.23333333333333,0.08903142064809799,0.40394675444867933
TOKYOTECH_s01,86,218,93.26666666666667,-0.35616642236709595,0.861402802624655
TOKYOTECH_s01,86,219,93.3,-0.49674278497695923,1.1960833235073345
TOKYOTECH_s01,86,220,93.33333333333333,-0.6435407400131226,1.3492468678519884
TOKYOTECH_s01,86,221,93.36666666666666,-1.0376664400100708,1.308420861370562
TOKYOTECH_s01,86,222,93.4,-1.1533170938491821,1.1066987247861821
TOKYOTECH_s01,86,223,93.43333333333334,-0.9931308627128601,0.8082627995411131
TOKYOTECH_s01,86,224,93.46666666666667,-0.9581639766693115,0.4867529756356094
TOKYOTECH_s01,86,225,93.5,-0.9386723041534424,0.20378312601253742
TOKYOTECH_s01,86,226,93.53333333333333,0.07867524027824402,-0.006195654620621499
TOKYOTECH_s01,86,227,93.56666666666666,1.509915828704834,-0.14094936405082348
TOKYOTECH_s01,86,228,93.6,1.9791730642318726,-0.22524892534377028
TOKYOTECH_s01,86,229,93.63333333333334,1.4127724170684814,-0.2983422169299724
TOKYOTECH_s01,86,230,93.66666666666667,0.8770071864128113,-0.39843691508156814
TOKYOTECH_s01,86,231,93.7,0.6687415242195129,-0.5483098283261145
TOKYOTECH_s01,86,232,93.73333333333333,0.4253121316432953,-0.7453444477406207
TOKYOTECH_s01,86,233,93.76666666666667,0.11946994811296463,-0.9587296682515379
TOKYOTECH_s01,86,234,93.8,0.23307296633720398,-1.1359703429412282
TOKYOTECH_s01,86,235,93.83333333333333,0.45960959792137146,-1.2185068196820341
TOKYOTECH_s01,86,236,93.86666666666666,0.24205094575881958,-1.1617629150485025
TOKYOTECH_s01,86,237,93.9,-0.219842791557312,-0.9517430749640725
TOKYOTECH_s01,86,238,93.93333333333334,-0.47681793570518494,-0.611592325215104
TOKYOTECH_s01,86,239,93.96666666666667,-0.6233008503913879,-0.19633758034600376
TOKYOTECH_s01,87,0,87.0,-0.9109114408493042,-0.011733246135954011
TOKYOTECH_s01,87,1,87.03333333333333,-0.8559409379959106,-0.17779511405109721
TOKYOTECH_s01,87,2,87.06666666666666,-0.5890427827835083,-0.3245112119233023
TOKYOTECH_s01,87,3,87.1,0.5358437299728394,-0.4391288983748803
TOKYOTECH_s01,87,4,87.13333333333334,1.7334203720092773,-0.5183902033804252
TOKYOTECH_s01,87,5,87.16666666666667,1.5621693134307861,-0.5679338712048541
TOKYOTECH_s01,87,6,87.2,0.9195345044136047,-0.5972505351356142
TOKYOTECH_s01,87,7,87.23333333333333,0.5688811540603638,-0.6123781299972727
TOKYOTECH_s01,87,8,87.26666666666667,0.0902521163225174,-0.6101516829027728
TOKYOTECH_s01,87,9,87.3,-0.4142870604991913,-0.5774102461410164
TOKYOTECH_s01,87,10,87.33333333333333,-0.17987500131130219,-0.49617094693094416
TOKYOTECH_s01,87,11,87.36666666666666,0.20397326350212097,-0.3529038288514703
TOKYOTECH_s01,87,12,87.4,0.2709931433200836,-0.1482039877569236
TOKYOTECH_s01,87,13,87.43333333333334,0.34537655115127563,0.09746833172541591
TOKYOTECH_s01,87,14,87.46666666666667,0.1814495474100113,0.34570599787428535
TOKYOTECH_s01,87,15,87.5,-0.3982211947441101,0.5506280274542361
TOKYOTECH_s01,87,16,87.53333333333333,-0.9436338543891907,0.6740807986682043
TOKYOTECH_s01,87,17,87.56666666666666,-1.2222269773483276,0.6986428205951962
TOKYOTECH_s01,87,18,87.6,-1.011913776397705,0.6328036342271094
TOKYOTECH_s01,87,19,87.63333333333334,-0.7317454814910889,0.506671284043937
TOKYOTECH_s01,87,20,87.66666666666667,-0.6386185884475708,0.36016659194070966
TOKYOTECH_s01,87,21,87.7,-0.7975053191184998,0.22798129417676824
TOKYOTECH_s01,87,22,87.73333333333333,-0.32257771492004395,0.12675054050310888
TOKYOTECH_s01,87,23,87.76666666666667,0.7575369477272034,0.049570989056864447
TOKYOTECH_s01,87,24,87.8,1.5448039770126343,-0.029224546814497546
TOKYOTECH_s01,87,25,87.83333333333333,1.5537031888961792,-0.14007711420316638
TOKYOTECH_s01,87,26,87.86666666666666,1.1750526428222656,-0.3004398106618569
TOKYOTECH_s01,87,27,87.9,0.9123284816741943,-0.5010085209902172
TOKYOTECH_s01,87,28,87.93333333333334,0.4901268780231476,-0.7022869930339635
TOKYOTECH_s01,87,29,87.96666666666667,-0.2694185972213745,-0.8437685004160378
TOKYOTECH_s01,87,30,88.0,-0.5547452569007874,-0.8634627859212697
TOKYOTECH_s01,87,31,88.03333333333333,0.04051879793405533,-0.7216484911262643
TOKYOTECH_s01,87,32,88.06666666666666,0.585301399230957,-0.4203334739407612
TOKYOTECH_s01,87,33,88.1,0.13726840913295746,-0.009896523978013888
TOKYOTECH_s01,87,34,88.13333333333334,-0.7910080552101135,0.4222659110866383
TOKYOTECH_s01,87,35,88.16666666666667,-0.7059534788131714,0.7790186910386283
TOKYOTECH_s01,87,36,88.2,-0.47441592812538147,0.9858541661280699
TOKYOTECH_s01,87,37,88.23333333333333,-1.248294711112976,1.0138528978942312
TOKYOTECH_s01,87,38,88.26666666666667,-1.5823702812194824,0.8841584305788202
TOKYOTECH_s01,87,39,88.3,-0.9562739133834839,0.654519994086541
TOKYOTECH_s01,87,40,88.33333333333333,-0.9670238494873047,0.3953049925268195
TOKYOTECH_s01,87,41,88.36666666666666,-1.3947381973266602,0.16457134154353348
TOKYOTECH_s01,87,42,88.4,-0.2610706388950348,-0.009386946933108679
TOKYOTECH_s01,87,43,88.43333333333334,1.7392088174819946,-0.13281803118852695
TOKYOTECH_s01,87,44,88.46666666666667,2.361682415008545,-0.23763658762426337
TOKYOTECH_s01,87,45,88.5,1.612965703010559,-0.36238067179728334
TOKYOTECH_s01,87,46,88.53333333333333,0.49729350209236145,-0.5302262498067987
TOKYOTECH_s01,87,47,88.56666666666666,0.20991921424865723,-0.7327818450634064
TOKYOTECH_s01,87,48,88.6,0.19208137691020966,-0.9265938913632442
TOKYOTECH_s01,87,49,88.63333333333334,-0.3262004256248474,-1.0446697686944075
TOKYOTECH_s01,87,50,88.66666666666667,-0.5254093408584595,-1.0195674835836663
TOKYOTECH_s01,87,51,88.7,0.1532161384820938,-0.8100477278364102
TOKYOTECH_s01,87,52,88.73333333333333,0.34958988428115845,-0.42165142214223156
TOKYOTECH_s01,87,53,88.76666666666667,-0.43051043152809143,0.08713006257101444
TOKYOTECH_s01,87,54,88.8,-0.8032937049865723,0.6175324482982367
TOKYOTECH_s01,87,55,88.83333333333333,-0.4868197441101074,1.0595377393652714
TOKYOTECH_s01,87,56,88.86666666666666,-0.8025849461555481,1.3263853024700574
TOKYOTECH_s01,87,57,88.9,-1.4207664728164673,1.3799110901468574
TOKYOTECH_s01,87,58,88.93333333333334,-1.0171903371810913,1.236742487686628
TOKYOTECH_s01,87,59,88.96666666666667,-0.9748992919921875,0.9548909179158168
TOKYOTECH_s01,87,60,89.0,-1.3556761741638184,0.6083383924782338
TOKYOTECH_s01,87,61,89.03333333333333,-0.5984932780265808,0.26081034673876957
TOKYOTECH_s01,87,62,89.06666666666666,0.0523713156580925,-0.05119314350788902
TOKYOTECH_s01,87,63,89.1,1.0933057069778442,-0.3208976517918228
TOKYOTECH_s01,87,64,89.13333333333334,2.2878503799438477,-0.5605738014867627
TOKYOTECH_s01,87,65,89.16666666666667,1.6058778762817383,-0.7841266904267348
TOKYOTECH_s01,87,66,89.2,0.5112723708152771,-0.9911176327332112
TOKYOTECH_s01,87,67,89.23333333333333,0.6826810240745544,-1.158781652052774
TOKYOTECH_s01,87,68,89.26666666666667,-0.02445346862077713,-1.2451324690243537
TOKYOTECH_s01,87,69,89.3,-0.257526695728302,-1.2023635225714853
TOKYOTECH_s01,87,70,89.33333333333333,0.1692032665014267,-0.9964056484276045
TOKYOTECH_s01,87,71,89.36666666666666,-0.2643783390522003,-0.625912651876705
TOKYOTECH_s01,87,72,89.4,0.012639788910746574,-0.13264408547209708
TOKYOTECH_s01,87,73,89.43333333333334,0.24500423669815063,0.4031966587550025
TOKYOTECH_s01,87,74,89.46666666666667,-0.7766354084014893,0.8836865292327155
TOKYOTECH_s01,87,75,89.5,-0.8276287913322449,1.2231602966437531
TOKYOTECH_s01,87,76,89.53333333333333,-0.6521642804145813,1.3743370003182933
TOKYOTECH_s01,87,77,89.56666666666666,-1.1910009384155273,1.3382076284107005
TOKYOTECH_s01,87,78,89.6,-1.0011638402938843,1.1544087234575349
TOKYOTECH_s01,87,79,89.63333333333334,-1.3307898044586182,0.8793440261268008
TOKYOTECH_s01,87,80,89.66666666666667,-1.1207915544509888,0.5636440459610041
TOKYOTECH_s01,87,81,89.7,-0.01807437278330326,0.2382523434740598
TOKYOTECH_s01,87,82,89.73333333333333,0.8142006397247314,-0.08694988675079644
TOKYOTECH_s01,87,83,89.76666666666667,1.891204595565796,-0.4136101281072783
TOKYOTECH_s01,87,84,89.8,2.1197493076324463,-0.7400010807091087
TOKYOTECH_s01,87,85,89.83333333333333,1.0766491889953613,-1.0477388342228866
TOKYOTECH_s01,87,86,89.86666666666666,0.24126340448856354,-1.2961676935133193
TOKYOTECH_s01,87,87,89.9,0.267331063747406,-1.427786541598162
TOKYOTECH_s01,87,88,89.93333333333334,-0.07060346752405167,-1.3844790747337115
TOKYOTECH_s01,87,89,89.96666666666667,-0.375303715467453,-1.1302829950875992
TOKYOTECH_s01,87,90,90.0,0.41038817167282104,-0.6727838013461909
TOKYOTECH_s01,87,91,90.03333333333333,0.2768603265285492,-0.07342241324021466
TOKYOTECH_s01,87,92,90.06666666666666,-0.2709936797618866,0.5610613646145308
TOKYOTECH_s01,87,93,90.1,-0.3156473636627197,1.106612317548547
TOKYOTECH_s01,87,94,90.13333333333334,-0.7757297158241272,1.459325634645286
TOKYOTECH_s01,87,95,90.16666666666667,-0.5061145424842834,1.5661058602668734
TOKYOTECH_s01,87,96,90.2,-1.0062434673309326,1.435676671267461
TOKYOTECH_s01,87,97,90.23333333333333,-1.1073639392852783,1.1273389256836688
TOKYOTECH_s01,87,98,90.26666666666667,-0.9832472205162048,0.7249067627922735
TOKYOTECH_s01,87,99,90.3,-1.095668911933899,0.30805944579523376
TOKYOTECH_s01,87,100,90.33333333333333,-0.2987939417362213,-0.0683276990538185
TOKYOTECH_s01,87,101,90.36666666666666,0.7932913899421692,-0.3816100127279148
TOKYOTECH_s01,87,102,90.4,2.080293655395508,-0.6355359327612544
TOKYOTECH_s01,87,103,90.43333333333334,1.4644745588302612,-0.8450928293403043
TOKYOTECH_s01,87,104,90.46666666666667,1.2112008333206177,-1.0186799332242769
TOKYOTECH_s01,87,105,90.5,0.6301125884056091,-1.145108340235597
TOKYOTECH_s01,87,106,90.53333333333333,0.25437599420547485,-1.1913700090353148
TOKYOTECH_s01,87,107,90.56666666666666,-0.19483831524848938,-1.11334149011089
TOKYOTECH_s01,87,108,90.6,-0.006143101956695318,-0.8764657441804983
TOKYOTECH_s01,87,109,90.63333333333334,-0.08958324044942856,-0.47833688646875655
TOKYOTECH_s01,87,110,90.66666666666667,0.0010629127500578761,0.037796691121502
TOKYOTECH_s01,87,111,90.7,-0.03591221198439598,0.5873264462884227
TOKYOTECH_s01,87,112,90.73333333333333,-0.26591402292251587,1.0670153176067014
TOKYOTECH_s01,87,113,90.76666666666667,-0.5550996661186218,1.3870868111339167
TOKYOTECH_s01,87,114,90.8,-0.7488351464271545,1.4981405881872223
TOKYOTECH_s01,87,115,90.83333333333333,-1.033374309539795,1.4010538794670722
TOKYOTECH_s01,87,116,90.86666666666666,-1.1043713092803955,1.1377866479998207
TOKYOTECH_s01,87,117,90.9,-1.1470561027526855,0.7706287219696861
TOKYOTECH_s01,87,118,90.93333333333334,-1.1013392210006714,0.3604871073834601
TOKYOTECH_s01,87,119,90.96666666666667,-0.3248615860939026,-0.04782095918571754
TOKYOTECH_s01,87,120,91.0,1.3619365692138672,-0.42967309287429467
TOKYOTECH_s01,87,121,91.03333333333333,1.9158152341842651,-0.7748137495429747
TOKYOTECH_s01,87,122,91.06666666666666,1.813907265663147,-1.0757948055481967
TOKYOTECH_s01,87,123,91.1,1.1131517887115479,-1.3167216351977815
TOKYOTECH_s01,87,124,91.13333333333334,0.7832108736038208,-1.4678689420481634
TOKYOTECH_s01,87,125,91.16666666666667,0.09359917044639587,-1.4893937661060783
TOKYOTECH_s01,87,126,91.2,-0.21133732795715332,-1.3440231051097915
TOKYOTECH_s01,87,127,91.23333333333333,-0.0125221973285079,-1.0148432461683767
TOKYOTECH_s01,87,128,91.26666666666667,0.18022885918617249,-0.5211071506632537
TOKYOTECH_s01,87,129,91.3,0.11104323714971542,0.07599627655814928
TOKYOTECH_s01,87,130,91.33333333333333,-0.0918671190738678,0.6829271360335303
TOKYOTECH_s01,87,131,91.36666666666666,-0.10844488441944122,1.1974755596845037
TOKYOTECH_s01,87,132,91.4,-0.6142835021018982,1.53747468115601
TOKYOTECH_s01,87,133,91.43333333333334,-0.6016828417778015,1.6621155304655746
TOKYOTECH_s01,87,134,91.46666666666667,-0.6074712872505188,1.5777539380070147
TOKYOTECH_s01,87,135,91.5,-0.9239059090614319,1.3282141452714686
TOKYOTECH_s01,87,136,91.53333333333333,-0.8375912308692932,0.9756579846581978
TOKYOTECH_s01,87,137,91.56666666666666,-0.9225276708602905,0.5800925246971961
TOKYOTECH_s01,87,138,91.6,-0.5144624710083008,0.1843705072952124
TOKYOTECH_s01,87,139,91.63333333333334,0.6243241429328918,-0.19126996542133612
TOKYOTECH_s01,87,140,91.66666666666667,1.8830928802490234,-0.5442057022115898
TOKYOTECH_s01,87,141,91.7,1.786028265953064,-0.8763499631147974
TOKYOTECH_s01,87,142,91.73333333333333,1.3767423629760742,-1.1786495092683245
TOKYOTECH_s01,87,143,91.76666666666667,0.7719489932060242,-1.4206011767807072
TOKYOTECH_s01,87,144,91.8,0.4729978144168854,-1.5510424962501346
TOKYOTECH_s01,87,145,91.83333333333333,-0.058002784848213196,-1.5121710688615062
TOKYOTECH_s01,87,146,91.86666666666666,-0.12360507994890213,-1.262772705343914
TOKYOTECH_s01,87,147,91.9,0.17318035662174225,-0.801709959042988
TOKYOTECH_s01,87,148,91.93333333333334,0.11553223431110382,-0.18128812136224462
TOKYOTECH_s01,87,149,91.96666666666667,-0.13900154829025269,0.49719386671162574
TOKYOTECH_s01,87,150,92.0,-0.29190292954444885,1.10724416026724
TOKYOTECH_s01,87,151,92.03333333333333,-0.4538610875606537,1.5334592167219385
TOKYOTECH_s01,87,152,92.06666666666666,-0.8035693764686584,1.705976976039765
TOKYOTECH_s01,87,153,92.1,-1.112916111946106,1.618183390413512
TOKYOTECH_s01,87,154,92.13333333333334,-0.9559195041656494,1.321280343388203
TOKYOTECH_s01,87,155,92.16666666666667,-1.0894867181777954,0.9006747828996383
TOKYOTECH_s01,87,156,92.2,-1.2866873741149902,0.44562346791312774
TOKYOTECH_s01,87,157,92.23333333333333,-0.6846504211425781,0.023717299033211018
TOKYOTECH_s01,87,158,92.26666666666667,0.7404079437255859,-0.33201942499559506
TOKYOTECH_s01,87,159,92.3,1.7595667839050293,-0.6209816063219757
TOKYOTECH_s01,87,160,92.33333333333333,1.7452728748321533,-0.8604744663143031
TOKYOTECH_s01,87,161,92.36666666666666,1.237701654434204,-1.0655157797136203
TOKYOTECH_s01,87,162,92.4,0.7822657823562622,-1.2317271999200525
TOKYOTECH_s01,87,163,92.43333333333334,0.22153547406196594,-1.3290973848799852
TOKYOTECH_s01,87,164,92.46666666666667,-0.05705773085355759,-1.3100128576625134
TOKYOTECH_s01,87,165,92.5,0.07135108858346939,-1.1290827928863363
TOKYOTECH_s01,87,166,92.53333333333333,0.09781252592802048,-0.7673839656073762
TOKYOTECH_s01,87,167,92.56666666666666,0.3986538052558899,-0.25104346290257784
TOKYOTECH_s01,87,168,92.6,0.342935174703598,0.3454489453674924
TOKYOTECH_s01,87,169,92.63333333333334,-0.1160052940249443,0.9155258964754059
TOKYOTECH_s01,87,170,92.66666666666667,-0.41554713249206543,1.3514481098458997
TOKYOTECH_s01,87,171,92.7,-0.6195994019508362,1.5770208322683426
TOKYOTECH_s01,87,172,92.73333333333333,-0.8600755333900452,1.5683024255262017
TOKYOTECH_s01,87,173,92.76666666666667,-1.0084092617034912,1.354560220986757
TOKYOTECH_s01,87,174,92.8,-0.920834481716156,1.0011567567640827
TOKYOTECH_s01,87,175,92.83333333333333,-1.0371150970458984,0.583541702999186
TOKYOTECH_s01,87,176,92.86666666666666,-0.8080583810806274,0.16352235851782124
TOKYOTECH_s01,87,177,92.9,0.5266294479370117,-0.22375798570085365
TOKYOTECH_s01,87,178,92.93333333333334,1.6705745458602905,-0.5686511797346725
TOKYOTECH_s01,87,179,92.96666666666667,1.9561768770217896,-0.8739212607025858
TOKYOTECH_s01,87,180,93.0,1.5096007585525513,-1.1371935087231007
TOKYOTECH_s01,87,181,93.03333333333333,0.9037048816680908,-1.3382945627168046
TOKYOTECH_s01,87,182,93.06666666666666,0.5399389266967773,-1.4380653604809859
TOKYOTECH_s01,87,183,93.1,0.1549881100654602,-1.3897756507711083
TOKYOTECH_s01,87,184,93.13333333333334,-0.02106703445315361,-1.1591006098401149
TOKYOTECH_s01,87,185,93.16666666666667,-0.008781369775533676,-0.7449450644228329
TOKYOTECH_s01,87,186,93.2,0.20649340748786926,-0.19185456551635663
TOKYOTECH_s01,87,187,93.23333333333333,0.08903142064809799,0.4132927070802482
TOKYOTECH_s01,87,188,93.26666666666667,-0.35616642236709595,0.9617038909434559
TOKYOTECH_s01,87,189,93.3,-0.49674278497695923,1.353736491663731
TOKYOTECH_s01,87,190,93.33333333333333,-0.6435407400131226,1.5281898690518478
TOKYOTECH_s01,87,191,93.36666666666666,-1.0376664400100708,1.4775575433574877
TOKYOTECH_s01,87,192,93.4,-1.1533170938491821,1.2441059743174943
TOKYOTECH_s01,87,193,93.43333333333334,-0.9931308627128601,0.9006117599169606
TOKYOTECH_s01,87,194,93.46666666666667,-0.9581639766693115,0.5246957209096013
TOKYOTECH_s01,87,195,93.5,-0.9386723041534424,0.1762202448756133
TOKYOTECH_s01,87,196,93.53333333333333,0.07867524027824402,-0.11509019908478198
TOKYOTECH_s01,87,197,93.56666666666666,1.509915828704834,-0.3488835144166503
TOKYOTECH_s01,87,198,93.6,1.9791730642318726,-0.5424884093754168
TOKYOTECH_s01,87,199,93.63333333333334,1.4127724170684814,-0.714269218765874
TOKYOTECH_s01,87,200,93.66666666666667,0.8770071864128113,-0.8687367525829558
TOKYOTECH_s01,87,201,93.7,0.6687415242195129,-0.9886030853879293
TOKYOTECH_s01,87,202,93.73333333333333,0.4253121316432953,-1.0366846681332063
TOKYOTECH_s01,87,203,93.76666666666667,0.11946994811296463,-0.9679757213848907
TOKYOTECH_s01,87,204,93.8,0.23307296633720398,-0.7491511834032172
TOKYOTECH_s01,87,205,93.83333333333333,0.45960959792137146,-0.379165834617958
TOKYOTECH_s01,87,206,93.86666666666666,0.24205094575881958,0.09825778454558824
TOKYOTECH_s01,87,207,93.9,-0.219842791557312,0.5985496038989946
TOKYOTECH_s01,87,208,93.93333333333334,-0.47681793570518494,1.0184972260764062
TOKYOTECH_s01,87,209,93.96666666666667,-0.6233008503913879,1.2691787968965267
TOKYOTECH_s01,87,210,94.0,-0.9687958359718323,1.305021427864965
TOKYOTECH_s01,87,211,94.03333333333333,-1.1504031419754028,1.1355009409547194
TOKYOTECH_s01,87,212,94.06666666666666,-1.067671775817871,0.81595530660744
TOKYOTECH_s01,87,213,94.1,-0.9737573266029358,0.42468192411314554
TOKYOTECH_s01,87,214,94.13333333333334,-1.0266014337539673,0.03711722266563447
TOKYOTECH_s01,87,215,94.16666666666667,-0.7971115112304688,-0.2942537046262743
TOKYOTECH_s01,87,216,94.2,0.4676819145679474,-0.5489784498830784
TOKYOTECH_s01,87,217,94.23333333333333,1.8389904499053955,-0.7351029783880276
TOKYOTECH_s01,87,218,94.26666666666667,1.8775800466537476,-0.8756996619633501
TOKYOTECH_s01,87,219,94.3,1.283733606338501,-0.9914337741564044
TOKYOTECH_s01,87,220,94.33333333333333,0.7510003447532654,-1.0859210621180249
TOKYOTECH_s01,87,221,94.36666666666666,0.5037907361984253,-1.1394632708886767
TOKYOTECH_s01,87,222,94.4,-0.040873732417821884,-1.114513170202178
TOKYOTECH_s01,87,223,94.43333333333334,0.10501854121685028,-0.9723368026547232
TOKYOTECH_s01,87,224,94.46666666666667,0.2424447238445282,-0.6949283700381111
TOKYOTECH_s01,87,225,94.5,0.027642475441098213,-0.30207684993869854
TOKYOTECH_s01,87,226,94.53333333333333,0.11320897936820984,0.14611028447844246
TOKYOTECH_s01,87,227,94.56666666666666,-0.12762154638767242,0.5647002422789308
TOKYOTECH_s01,87,228,94.6,-0.43885838985443115,0.8713258873815822
TOKYOTECH_s01,87,229,94.63333333333334,-0.8761414289474487,1.0128495253760867
TOKYOTECH_s01,87,230,94.66666666666667,-0.8658246397972107,0.9800147711896361
TOKYOTECH_s01,87,231,94.7,-0.9554469585418701,0.8058811281425164
TOKYOTECH_s01,87,232,94.73333333333333,-0.8658639788627625,0.55136114972613
TOKYOTECH_s01,87,233,94.76666666666667,-0.9078400135040283,0.2853947165693382
TOKYOTECH_s01,87,234,94.8,-1.0521966218948364,0.06712150011780336
TOKYOTECH_s01,87,235,94.83333333333333,0.08611751347780228,-0.06547014051168835
TOKYOTECH_s01,87,236,94.86666666666666,1.6182029247283936,-0.09914795836208566
TOKYOTECH_s01,87,237,94.9,1.89057457447052,-0.042579142467475184
TOKYOTECH_s01,87,238,94.93333333333334,1.4250186681747437,0.0800626804858087
TOKYOTECH_s01,87,239,94.96666666666667,0.9482797980308533,0.23592636161101888
TOKYOTECH_s01,88,0,88.0,-0.5547452569007874,0.04837296422399198
TOKYOTECH_s01,88,1,88.03333333333333,0.04051879793405533,0.06956641151997862
TOKYOTECH_s01,88,2,88.06666666666666,0.585301399230957,0.12323786922357773
TOKYOTECH_s01,88,3,88.1,0.13726840913295746,0.22220271858489438
TOKYOTECH_s01,88,4,88.13333333333334,-0.7910080552101135,0.34750729236551775
TOKYOTECH_s01,88,5,88.16666666666667,-0.7059534788131714,0.4551015696362542
TOKYOTECH_s01,88,6,88.2,-0.47441592812538147,0.4962098997740997
TOKYOTECH_s01,88,7,88.23333333333333,-1.248294711112976,0.4406276839925334
TOKYOTECH_s01,88,8,88.26666666666667,-1.5823702812194824,0.29147676381342175
TOKYOTECH_s01,88,9,88.3,-0.9562739133834839,0.08521424406011155
TOKYOTECH_s01,88,10,88.33333333333333,-0.9670238494873047,-0.12230946379183703
TOKYOTECH_s01,88,11,88.36666666666666,-1.3947381973266602,-0.2774002842039376
TOKYOTECH_s01,88,12,88.4,-0.2610706388950348,-0.3488644632082148
TOKYOTECH_s01,88,13,88.43333333333334,1.7392088174819946,-0.3391285113106395
TOKYOTECH_s01,88,14,88.46666666666667,2.361682415008545,-0.28155886831187965
TOKYOTECH_s01,88,15,88.5,1.612965703010559,-0.22474808346538852
TOKYOTECH_s01,88,16,88.53333333333333,0.49729350209236145,-0.21020488227550146
TOKYOTECH_s01,88,17,88.56666666666666,0.20991921424865723,-0.2530055321655358
TOKYOTECH_s01,88,18,88.6,0.19208137691020966,-0.33360723017075594
TOKYOTECH_s01,88,19,88.63333333333334,-0.3262004256248474,-0.4042620186300184
TOKYOTECH_s01,88,20,88.66666666666667,-0.5254093408584595,-0.4077811151531073
TOKYOTECH_s01,88,21,88.7,0.1532161384820938,-0.3017253487270011
TOKYOTECH_s01,88,22,88.73333333333333,0.34958988428115845,-0.07872890900712119
TOKYOTECH_s01,88,23,88.76666666666667,-0.43051043152809143,0.2256399055052105
TOKYOTECH_s01,88,24,88.8,-0.8032937049865723,0.5420685214137144
TOKYOTECH_s01,88,25,88.83333333333333,-0.4868197441101074,0.7913408853165601
TOKYOTECH_s01,88,26,88.86666666666666,-0.8025849461555481,0.9128664704206976
TOKYOTECH_s01,88,27,88.9,-1.4207664728164673,0.8849859633716387
TOKYOTECH_s01,88,28,88.93333333333334,-1.0171903371810913,0.7287398013397995
TOKYOTECH_s01,88,29,88.96666666666667,-0.9748992919921875,0.4952319964940599
TOKYOTECH_s01,88,30,89.0,-1.3556761741638184,0.24344068750944226
TOKYOTECH_s01,88,31,89.03333333333333,-0.5984932780265808,0.018175867555455704
TOKYOTECH_s01,88,32,89.06666666666666,0.0523713156580925,-0.16301338565431703
TOKYOTECH_s01,88,33,89.1,1.0933057069778442,-0.3093749234793185
TOKYOTECH_s01,88,34,89.13333333333334,2.2878503799438477,-0.44440145992163327
TOKYOTECH_s01,88,35,89.16666666666667,1.6058778762817383,-0.5877255364702132
TOKYOTECH_s01,88,36,89.2,0.5112723708152771,-0.7396744426265383
TOKYOTECH_s01,88,37,89.23333333333333,0.6826810240745544,-0.8749439161451326
TOKYOTECH_s01,88,38,89.26666666666667,-0.02445346862077713,-0.9480626696908276
TOKYOTECH_s01,88,39,89.3,-0.257526695728302,-0.9090757891438412
TOKYOTECH_s01,88,40,89.33333333333333,0.1692032665014267,-0.7243469338779771
TOKYOTECH_s01,88,41,89.36666666666666,-0.2643783390522003,-0.39503181683311334
TOKYOTECH_s01,88,42,89.4,0.012639788910746574,0.034791643345094034
TOKYOTECH_s01,88,43,89.43333333333334,0.24500423669815063,0.4857781786244515
TOKYOTECH_s01,88,44,89.46666666666667,-0.7766354084014893,0.8660978235714564
TOKYOTECH_s01,88,45,89.5,-0.8276287913322449,1.1012308539711981
TOKYOTECH_s01,88,46,89.53333333333333,-0.6521642804145813,1.1577982353212464
TOKYOTECH_s01,88,47,89.56666666666666,-1.1910009384155273,1.0503565818996878
TOKYOTECH_s01,88,48,89.6,-1.0011638402938843,0.8290735240834659
TOKYOTECH_s01,88,49,89.63333333333334,-1.3307898044586182,0.5559407380501536
TOKYOTECH_s01,88,50,89.66666666666667,-1.1207915544509888,0.28113330991856
TOKYOTECH_s01,88,51,89.7,-0.01807437278330326,0.02897333187064626
TOKYOTECH_s01,88,52,89.73333333333333,0.8142006397247314,-0.20225606770415439
TOKYOTECH_s01,88,53,89.76666666666667,1.891204595565796,-0.4282512059461124
TOKYOTECH_s01,88,54,89.8,2.1197493076324463,-0.6606776309455223
TOKYOTECH_s01,88,55,89.83333333333333,1.0766491889953613,-0.8914372890455586
TOKYOTECH_s01,88,56,89.86666666666666,0.24126340448856354,-1.0860761091582987
TOKYOTECH_s01,88,57,89.9,0.267331063747406,-1.1896456817182097
TOKYOTECH_s01,88,58,89.93333333333334,-0.07060346752405167,-1.1441035104120982
TOKYOTECH_s01,88,59,89.96666666666667,-0.375303715467453,-0.9121064417400705
TOKYOTECH_s01,88,60,90.0,0.41038817167282104,-0.49857081162970296
TOKYOTECH_s01,88,61,90.03333333333333,0.2768603265285492,0.03968685603917166
TOKYOTECH_s01,88,62,90.06666666666666,-0.2709936797618866,0.6029602274629351
TOKYOTECH_s01,88,63,90.1,-0.3156473636627197,1.0758159260637534
TOKYOTECH_s01,88,64,90.13333333333334,-0.7757297158241272,1.36285232682515
TOKYOTECH_s01,88,65,90.16666666666667,-0.5061145424842834,1.4181840420277612
TOKYOTECH_s01,88,66,90.2,-1.0062434673309326,1.2563245320217467
TOKYOTECH_s01,88,67,90.23333333333333,-1.1073639392852783,0.9409529499493821
TOKYOTECH_s01,88,68,90.26666666666667,-0.9832472205162048,0.5580410598552884
TOKYOTECH_s01,88,69,90.3,-1.095668911933899,0.18572239829915932
TOKYOTECH_s01,88,70,90.33333333333333,-0.2987939417362213,-0.12744040419597352
TOKYOTECH_s01,88,71,90.36666666666666,0.7932913899421692,-0.36944333248283284
TOKYOTECH_s01,88,72,90.4,2.080293655395508,-0.5569099916970438
TOKYOTECH_s01,88,73,90.43333333333334,1.4644745588302612,-0.7170031914692253
TOKYOTECH_s01,88,74,90.46666666666667,1.2112008333206177,-0.8668490737890325
TOKYOTECH_s01,88,75,90.5,0.6301125884056091,-0.9986767138045838
TOKYOTECH_s01,88,76,90.53333333333333,0.25437599420547485,-1.0769867267915938
TOKYOTECH_s01,88,77,90.56666666666666,-0.19483831524848938,-1.0499904859869391
TOKYOTECH_s01,88,78,90.6,-0.006143101956695318,-0.8721013645768156
TOKYOTECH_s01,88,79,90.63333333333334,-0.08958324044942856,-0.5289880657478933
TOKYOTECH_s01,88,80,90.66666666666667,0.0010629127500578761,-0.053886847805393365
TOKYOTECH_s01,88,81,90.7,-0.03591221198439598,0.4740173777154019
TOKYOTECH_s01,88,82,90.73333333333333,-0.26591402292251587,0.9508350263522611
TOKYOTECH_s01,88,83,90.76666666666667,-0.5550996661186218,1.2809164631816043
TOKYOTECH_s01,88,84,90.8,-0.7488351464271545,1.407042692342737
TOKYOTECH_s01,88,85,90.83333333333333,-1.033374309539795,1.3245504208418066
TOKYOTECH_s01,88,86,90.86666666666666,-1.1043713092803955,1.0750435455205098
TOKYOTECH_s01,88,87,90.9,-1.1470561027526855,0.7255197751040672
TOKYOTECH_s01,88,88,90.93333333333334,-1.1013392210006714,0.34345638035897846
TOKYOTECH_s01,88,89,90.96666666666667,-0.3248615860939026,-0.022510194670438695
TOKYOTECH_s01,88,90,91.0,1.3619365692138672,-0.3503039744733896
TOKYOTECH_s01,88,91,91.03333333333333,1.9158152341842651,-0.6393332067549766
TOKYOTECH_s01,88,92,91.06666666666666,1.813907265663147,-0.8963771466844608
TOKYOTECH_s01,88,93,91.1,1.1131517887115479,-1.1194512419015452
TOKYOTECH_s01,88,94,91.13333333333334,0.7832108736038208,-1.286969382075635
TOKYOTECH_s01,88,95,91.16666666666667,0.09359917044639587,-1.3574648397630937
TOKYOTECH_s01,88,96,91.2,-0.21133732795715332,-1.2817061019515386
TOKYOTECH_s01,88,97,91.23333333333333,-0.0125221973285079,-1.0242567100425535
TOKYOTECH_s01,88,98,91.26666666666667,0.18022885918617249,-0.5861755205784179
TOKYOTECH_s01,88,99,91.3,0.11104323714971542,-0.01772461317380192
TOKYOTECH_s01,88,100,91.33333333333333,-0.0918671190738678,0.5874368765633448
TOKYOTECH_s01,88,101,91.36666666666666,-0.10844488441944122,1.1169730418484143
TOKYOTECH_s01,88,102,91.4,-0.6142835021018982,1.4738655778769902
TOKYOTECH_s01,88,103,91.43333333333334,-0.6016828417778015,1.6048193312188364
TOKYOTECH_s01,88,104,91.46666666666667,-0.6074712872505188,1.5118225923001996
TOKYOTECH_s01,88,105,91.5,-0.9239059090614319,1.2443637338897262
TOKYOTECH_s01,88,106,91.53333333333333,-0.8375912308692932,0.8775675541796736
TOKYOTECH_s01,88,107,91.56666666666666,-0.9225276708602905,0.4856061799326451
TOKYOTECH_s01,88,108,91.6,-0.5144624710083008,0.12008871403467505
TOKYOTECH_s01,88,109,91.63333333333334,0.6243241429328918,-0.1995780262518395
TOKYOTECH_s01,88,110,91.66666666666667,1.8830928802490234,-0.481501493970174
TOKYOTECH_s01,88,111,91.7,1.786028265953064,-0.7450759199998416
TOKYOTECH_s01,88,112,91.73333333333333,1.3767423629760742,-1.0002105853882357
TOKYOTECH_s01,88,113,91.76666666666667,0.7719489932060242,-1.23100945022137
TOKYOTECH_s01,88,114,91.8,0.4729978144168854,-1.3918116721792984
TOKYOTECH_s01,88,115,91.83333333333333,-0.058002784848213196,-1.4191117014899164
TOKYOTECH_s01,88,116,91.86666666666666,-0.12360507994890213,-1.256261468418288
TOKYOTECH_s01,88,117,91.9,0.17318035662174225,-0.8817186616364092
TOKYOTECH_s01,88,118,91.93333333333334,0.11553223431110382,-0.32879801944774634
TOKYOTECH_s01,88,119,91.96666666666667,-0.13900154829025269,0.31320628013912943
TOKYOTECH_s01,88,120,92.0,-0.29190292954444885,0.9201485801594712
TOKYOTECH_s01,88,121,92.03333333333333,-0.4538610875606537,1.3703301172708098
TOKYOTECH_s01,88,122,92.06666666666666,-0.8035693764686584,1.5828706452687997
TOKYOTECH_s01,88,123,92.1,-1.112916111946106,1.5402781812510808
TOKYOTECH_s01,88,124,92.13333333333334,-0.9559195041656494,1.2866209748307602
TOKYOTECH_s01,88,125,92.16666666666667,-1.0894867181777954,0.9048679220081126
TOKYOTECH_s01,88,126,92.2,-1.2866873741149902,0.48492890017434964
TOKYOTECH_s01,88,127,92.23333333333333,-0.6846504211425781,0.09536445044734572
TOKYOTECH_s01,88,128,92.26666666666667,0.7404079437255859,-0.23173426939121342
TOKYOTECH_s01,88,129,92.3,1.7595667839050293,-0.4991635112940808
TOKYOTECH_s01,88,130,92.33333333333333,1.7452728748321533,-0.7289728297345142
TOKYOTECH_s01,88,131,92.36666666666666,1.237701654434204,-0.9401878395362749
TOKYOTECH_s01,88,132,92.4,0.7822657823562622,-1.1295431410086116
TOKYOTECH_s01,88,133,92.43333333333334,0.22153547406196594,-1.263817806835522
TOKYOTECH_s01,88,134,92.46666666666667,-0.05705773085355759,-1.288024499866239
TOKYOTECH_s01,88,135,92.5,0.07135108858346939,-1.1473879534917706
TOKYOTECH_s01,88,136,92.53333333333333,0.09781252592802048,-0.8149069684712359
TOKYOTECH_s01,88,137,92.56666666666666,0.3986538052558899,-0.3126518166048223
TOKYOTECH_s01,88,138,92.6,0.342935174703598,0.2841580813080299
TOKYOTECH_s01,88,139,92.63333333333334,-0.1160052940249443,0.8646876363336248
TOKYOTECH_s01,88,140,92.66666666666667,-0.41554713249206543,1.3156848325952182
TOKYOTECH_s01,88,141,92.7,-0.6195994019508362,1.5563769832116503
TOKYOTECH_s01,88,142,92.73333333333333,-0.8600755333900452,1.5606120125578538
TOKYOTECH_s01,88,143,92.76666666666667,-1.0084092617034912,1.3583307621345413
TOKYOTECH_s01,88,144,92.8,-0.920834481716156,1.017833724751614
TOKYOTECH_s01,88,145,92.83333333333333,-1.0371150970458984,0.6178847180605775
TOKYOTECH_s01,88,146,92.86666666666666,-0.8080583810806274,0.22145157895404946
TOKYOTECH_s01,88,147,92.9,0.5266294479370117,-0.13918728733279265
TOKYOTECH_s01,88,148,92.93333333333334,1.6705745458602905,-0.4614462673471721
TOKYOTECH_s01,88,149,92.96666666666667,1.9561768770217896,-0.7576234967844018
TOKYOTECH_s01,88,150,93.0,1.5096007585525513,-1.0342295316781194
TOKYOTECH_s01,88,151,93.03333333333333,0.9037048816680908,-1.2757192597940823
TOKYOTECH_s01,88,152,93.06666666666666,0.5399389266967773,-1.4403391753074615
TOKYOTECH_s01,88,153,93.1,0.1549881100654602,-1.4703991743503753
TOKYOTECH_s01,88,154,93.13333333333334,-0.02106703445315361,-1.3138529685200564
TOKYOTECH_s01,88,155,93.16666666666667,-0.008781369775533676,-0.9496372706579196
TOKYOTECH_s01,88,156,93.2,0.20649340748786926,-0.4064493720944466
TOKYOTECH_s01,88,157,93.23333333333333,0.08903142064809799,0.23459681907217986
TOKYOTECH_s01,88,158,93.26666666666667,-0.35616642236709595,0.8575001028633052
TOKYOTECH_s01,88,159,93.3,-0.49674278497695923,1.344296592243735
TOKYOTECH_s01,88,160,93.33333333333333,-0.6435407400131226,1.6103875465196136
TOKYOTECH_s01,88,161,93.36666666666666,-1.0376664400100708,1.6273871057813893
TOKYOTECH_s01,88,162,93.4,-1.1533170938491821,1.4252497092310663
TOKYOTECH_s01,88,163,93.43333333333334,-0.9931308627128601,1.075426529546295
TOKYOTECH_s01,88,164,93.46666666666667,-0.9581639766693115,0.6635839298038138
TOKYOTECH_s01,88,165,93.5,-0.9386723041534424,0.26246314269978416
TOKYOTECH_s01,88,166,93.53333333333333,0.07867524027824402,-0.08597314391763684
TOKYOTECH_s01,88,167,93.56666666666666,1.509915828704834,-0.3740097385628785
TOKYOTECH_s01,88,168,93.6,1.9791730642318726,-0.6177485288888042
TOKYOTECH_s01,88,169,93.63333333333334,1.4127724170684814,-0.8382776269502665
TOKYOTECH_s01,88,170,93.66666666666667,0.8770071864128113,-1.0425041175452383
TOKYOTECH_s01,88,171,93.7,0.6687415242195129,-1.2113618680094265
TOKYOTECH_s01,88,172,93.73333333333333,0.4253121316432953,-1.300403008414332
TOKYOTECH_s01,88,173,93.76666666666667,0.11946994811296463,-1.2537463986098774
TOKYOTECH_s01,88,174,93.8,0.23307296633720398,-1.027835894622691
TOKYOTECH_s01,88,175,93.83333333333333,0.45960959792137146,-0.6167621753883357
TOKYOTECH_s01,88,176,93.86666666666666,0.24205094575881958,-0.06752081551831077
TOKYOTECH_s01,88,177,93.9,-0.219842791557312,0.5246973616242492
TOKYOTECH_s01,88,178,93.93333333333334,-0.47681793570518494,1.0425462548097069
TOKYOTECH_s01,88,179,93.96666666666667,-0.6233008503913879,1.3841016897514251
TOKYOTECH_s01,88,180,94.0,-0.9687958359718323,1.495232338962782
TOKYOTECH_s01,88,181,94.03333333333333,-1.1504031419754028,1.3822965463850387
TOKYOTECH_s01,88,182,94.06666666666666,-1.067671775817871,1.1016127405035212
TOKYOTECH_s01,88,183,94.1,-0.9737573266029358,0.7336461239588671
TOKYOTECH_s01,88,184,94.13333333333334,-1.0266014337539673,0.35433274419357513
TOKYOTECH_s01,88,185,94.16666666666667,-0.7971115112304688,0.013905929699758339
TOKYOTECH_s01,88,186,94.2,0.4676819145679474,-0.2709377286990555
TOKYOTECH_s01,88,187,94.23333333333333,1.8389904499053955,-0.510715400999901
TOKYOTECH_s01,88,188,94.26666666666667,1.8775800466537476,-0.7265798565111546
TOKYOTECH_s01,88,189,94.3,1.283733606338501,-0.9305961889063867
TOKYOTECH_s01,88,190,94.33333333333333,0.7510003447532654,-1.1108017989145686
TOKYOTECH_s01,88,191,94.36666666666666,0.5037907361984253,-1.2276057512471044
TOKYOTECH_s01,88,192,94.4,-0.040873732417821884,-1.2248386133372409
TOKYOTECH_s01,88,193,94.43333333333334,0.10501854121685028,-1.0533221485607354
TOKYOTECH_s01,88,194,94.46666666666667,0.2424447238445282,-0.6981476468085638
TOKYOTECH_s01,88,195,94.5,0.027642475441098213,-0.19665700325161065
TOKYOTECH_s01,88,196,94.53333333333333,0.11320897936820984,0.36384419461385303
TOKYOTECH_s01,88,197,94.56666666666666,-0.12762154638767242,0.8706406929055731
TOKYOTECH_s01,88,198,94.6,-0.43885838985443115,1.222364755890494
TOKYOTECH_s01,88,199,94.63333333333334,-0.8761414289474487,1.3610008711999844
TOKYOTECH_s01,88,200,94.66666666666667,-0.8658246397972107,1.2857857556509338
TOKYOTECH_s01,88,201,94.7,-0.9554469585418701,1.0457539656061237
TOKYOTECH_s01,88,202,94.73333333333333,-0.8658639788627625,0.7168977024500287
TOKYOTECH_s01,88,203,94.76666666666667,-0.9078400135040283,0.3744668706048387
TOKYOTECH_s01,88,204,94.8,-1.0521966218948364,0.07055979395835346
TOKYOTECH_s01,88,205,94.83333333333333,0.08611751347780228,-0.17637490384695095
TOKYOTECH_s01,88,206,94.86666666666666,1.6182029247283936,-0.37803772604216673
TOKYOTECH_s01,88,207,94.9,1.89057457447052,-0.5612060082187305
TOKYOTECH_s01,88,208,94.93333333333334,1.4250186681747437,-0.7473681489599897
TOKYOTECH_s01,88,209,94.96666666666667,0.9482797980308533,-0.9353005306805715
TOKYOTECH_s01,88,210,95.0,0.5279289484024048,-1.0939077239724837
TOKYOTECH_s01,88,211,95.03333333333333,0.10702677071094513,-1.1690544683780972
TOKYOTECH_s01,88,212,95.06666666666666,0.012679166160523891,-1.1029571903618107
TOKYOTECH_s01,88,213,95.1,0.137032151222229,-0.8595532619944484
TOKYOTECH_s01,88,214,95.13333333333334,0.1988542377948761,-0.44590632670449115
TOKYOTECH_s01,88,215,95.16666666666667,-0.0020872578024864197,0.08027429529592069
TOKYOTECH_s01,88,216,95.2,-0.2490212470293045,0.6226301890166311
TOKYOTECH_s01,88,217,95.23333333333333,-0.4236588180065155,1.0750716881478308
TOKYOTECH_s01,88,218,95.26666666666667,-0.7634047269821167,1.3559707391581588
TOKYOTECH_s01,88,219,95.3,-0.9370184540748596,1.4324756147109077
TOKYOTECH_s01,88,220,95.33333333333333,-0.970370888710022,1.3253305714948826
TOKYOTECH_s01,88,221,95.36666666666666,-1.0402259826660156,1.0945462456201411
TOKYOTECH_s01,88,222,95.4,-1.1286275386810303,0.8138443217455771
TOKYOTECH_s01,88,223,95.43333333333334,-1.2261253595352173,0.5445682029924822
TOKYOTECH_s01,88,224,95.46666666666667,-0.7373763918876648,0.318371641252552
TOKYOTECH_s01,88,225,95.5,0.6501948833465576,0.13381288027809388
TOKYOTECH_s01,88,226,95.53333333333333,1.8450939655303955,-0.03339581165391505
TOKYOTECH_s01,88,227,95.56666666666666,1.610012412071228,-0.21164615437650344
TOKYOTECH_s01,88,228,95.6,1.1670197248458862,-0.4143439873467767
TOKYOTECH_s01,88,229,95.63333333333334,0.9661176204681396,-0.6285766494878733
TOKYOTECH_s01,88,230,95.66666666666667,0.49150508642196655,-0.8164606758588004
TOKYOTECH_s01,88,231,95.7,-0.03591221198439598,-0.9290428058343991
TOKYOTECH_s01,88,232,95.73333333333333,-0.07946331799030304,-0.9275840511229451
TOKYOTECH_s01,88,233,95.76666666666667,0.27103251218795776,-0.8035966748612698
TOKYOTECH_s01,88,234,95.8,0.44641825556755066,-0.5883998499967746
TOKYOTECH_s01,88,235,95.83333333333333,0.17963820695877075,-0.34614767857816287
TOKYOTECH_s01,88,236,95.86666666666666,-0.20818716287612915,-0.15095711728710243
TOKYOTECH_s01,88,237,95.9,-0.3747130334377289,-0.05669374201879161
TOKYOTECH_s01,88,238,95.93333333333334,-0.5833724737167358,-0.07331666557036723
TOKYOTECH_s01,88,239,95.96666666666667,-0.8457028865814209,-0.16202266400348164
TOKYOTECH_s01,89,0,89.0,-1.3556761741638184,-0.009185642049682384
TOKYOTECH_s01,89,1,89.03333333333333,-0.5984932780265808,-0.010973046858056565
TOKYOTECH_s01,89,2,89.06666666666666,0.0523713156580925,-0.02993323759787487
TOKYOTECH_s01,89,3,89.1,1.0933057069778442,-0.08052986294055772
TOKYOTECH_s01,89,4,89.13333333333334,2.2878503799438477,-0.1709821501445217
TOKYOTECH_s01,89,5,89.16666666666667,1.6058778762817383,-0.3000379759786419
TOKYOTECH_s01,89,6,89.2,0.5112723708152771,-0.45431376376587385
TOKYOTECH_s01,89,7,89.23333333333333,0.6826810240745544,-0.6074833948981707
TOKYOTECH_s01,89,8,89.26666666666667,-0.02445346862077713,-0.7227914739151955
TOKYOTECH_s01,89,9,89.3,-0.257526695728302,-0.759980896482568
TOKYOTECH_s01,89,10,89.33333333333333,0.1692032665014267,-0.6865734781049105
TOKYOTECH_s01,89,11,89.36666666666666,-0.2643783390522003,-0.4910896415810494
TOKYOTECH_s01,89,12,89.4,0.012639788910746574,-0.19287226377273195
TOKYOTECH_s01,89,13,89.43333333333334,0.24500423669815063,0.1577343446318947
TOKYOTECH_s01,89,14,89.46666666666667,-0.7766354084014893,0.4918988043415212
TOKYOTECH_s01,89,15,89.5,-0.8276287913322449,0.7439962654909736
TOKYOTECH_s01,89,16,89.53333333333333,-0.6521642804145813,0.8726876461841788
TOKYOTECH_s01,89,17,89.56666666666666,-1.1910009384155273,0.8709898822340087
TOKYOTECH_s01,89,18,89.6,-1.0011638402938843,0.7617816920594375
TOKYOTECH_s01,89,19,89.63333333333334,-1.3307898044586182,0.5835071823560103
TOKYOTECH_s01,89,20,89.66666666666667,-1.1207915544509888,0.37410158024199014
TOKYOTECH_s01,89,21,89.7,-0.01807437278330326,0.15954560033381476
TOKYOTECH_s01,89,22,89.73333333333333,0.8142006397247314,-0.04976723329610068
TOKYOTECH_s01,89,23,89.76666666666667,1.891204595565796,-0.25483270708500405
TOKYOTECH_s01,89,24,89.8,2.1197493076324463,-0.4585996445265661
TOKYOTECH_s01,89,25,89.83333333333333,1.0766491889953613,-0.6555157215933285
TOKYOTECH_s01,89,26,89.86666666666666,0.24126340448856354,-0.8246274982781563
TOKYOTECH_s01,89,27,89.9,0.267331063747406,-0.929812249038541
TOKYOTECH_s01,89,28,89.93333333333334,-0.07060346752405167,-0.9285093574154697
TOKYOTECH_s01,89,29,89.96666666666667,-0.375303715467453,-0.7872531813092881
TOKYOTECH_s01,89,30,90.0,0.41038817167282104,-0.49905802726398196
TOKYOTECH_s01,89,31,90.03333333333333,0.2768603265285492,-0.09526270487865866
TOKYOTECH_s01,89,32,90.06666666666666,-0.2709936797618866,0.3555722600392599
TOKYOTECH_s01,89,33,90.1,-0.3156473636627197,0.764595288636553
TOKYOTECH_s01,89,34,90.13333333333334,-0.7757297158241272,1.049920522055129
TOKYOTECH_s01,89,35,90.16666666666667,-0.5061145424842834,1.1622594771351142
TOKYOTECH_s01,89,36,90.2,-1.0062434673309326,1.0976729081618088
TOKYOTECH_s01,89,37,90.23333333333333,-1.1073639392852783,0.893067032472876
TOKYOTECH_s01,89,38,90.26666666666667,-0.9832472205162048,0.608397172171867
TOKYOTECH_s01,89,39,90.3,-1.095668911933899,0.3045799394337682
TOKYOTECH_s01,89,40,90.33333333333333,-0.2987939417362213,0.025735125116784545
TOKYOTECH_s01,89,41,90.36666666666666,0.7932913899421692,-0.2092545461538228
TOKYOTECH_s01,89,42,90.4,2.080293655395508,-0.4045886510072555
TOKYOTECH_s01,89,43,90.43333333333334,1.4644745588302612,-0.5765570919726338
TOKYOTECH_s01,89,44,90.46666666666667,1.2112008333206177,-0.7381144712665452
TOKYOTECH_s01,89,45,90.5,0.6301125884056091,-0.8851391933865749
TOKYOTECH_s01,89,46,90.53333333333333,0.25437599420547485,-0.9904317231810071
TOKYOTECH_s01,89,47,90.56666666666666,-0.19483831524848938,-1.0093108743160912
TOKYOTECH_s01,89,48,90.6,-0.006143101956695318,-0.8965301132617569
TOKYOTECH_s01,89,49,90.63333333333334,-0.08958324044942856,-0.628898839653102
TOKYOTECH_s01,89,50,90.66666666666667,0.0010629127500578761,-0.22351364421991532
TOKYOTECH_s01,89,51,90.7,-0.03591221198439598,0.2585565079328196
TOKYOTECH_s01,89,52,90.73333333333333,-0.26591402292251587,0.7271423139635192
TOKYOTECH_s01,89,53,90.76666666666667,-0.5550996661186218,1.0908930418900047
TOKYOTECH_s01,89,54,90.8,-0.7488351464271545,1.2853944511815494
TOKYOTECH_s01,89,55,90.83333333333333,-1.033374309539795,1.2888083048354801
TOKYOTECH_s01,89,56,90.86666666666666,-1.1043713092803955,1.120571499363553
TOKYOTECH_s01,89,57,90.9,-1.1470561027526855,0.8278557932325242
TOKYOTECH_s01,89,58,90.93333333333334,-1.1013392210006714,0.46776388354570947
TOKYOTECH_s01,89,59,90.96666666666667,-0.3248615860939026,0.09168719732103081
TOKYOTECH_s01,89,60,91.0,1.3619365692138672,-0.26413598849996067
TOKYOTECH_s01,89,61,91.03333333333333,1.9158152341842651,-0.5801223164011802
TOKYOTECH_s01,89,62,91.06666666666666,1.813907265663147,-0.8478180554725929
TOKYOTECH_s01,89,63,91.1,1.1131517887115479,-1.0606405477407443
TOKYOTECH_s01,89,64,91.13333333333334,0.7832108736038208,-1.2053838848029022
TOKYOTECH_s01,89,65,91.16666666666667,0.09359917044639587,-1.25879676178773
TOKYOTECH_s01,89,66,91.2,-0.21133732795715332,-1.1919844896006078
TOKYOTECH_s01,89,67,91.23333333333333,-0.0125221973285079,-0.9823234031187381
TOKYOTECH_s01,89,68,91.26666666666667,0.18022885918617249,-0.6285691849347007
TOKYOTECH_s01,89,69,91.3,0.11104323714971542,-0.16182929765641058
TOKYOTECH_s01,89,70,91.33333333333333,-0.0918671190738678,0.35468622549660533
TOKYOTECH_s01,89,71,91.36666666666666,-0.10844488441944122,0.8394861356172785
TOKYOTECH_s01,89,72,91.4,-0.6142835021018982,1.215016688363619
TOKYOTECH_s01,89,73,91.43333333333334,-0.6016828417778015,1.4282763032425476
TOKYOTECH_s01,89,74,91.46666666666667,-0.6074712872505188,1.461605784797175
TOKYOTECH_s01,89,75,91.5,-0.9239059090614319,1.331318359278163
TOKYOTECH_s01,89,76,91.53333333333333,-0.8375912308692932,1.077046358639229
TOKYOTECH_s01,89,77,91.56666666666666,-0.9225276708602905,0.7470577551829103
TOKYOTECH_s01,89,78,91.6,-0.5144624710083008,0.3845981030206982
TOKYOTECH_s01,89,79,91.63333333333334,0.6243241429328918,0.01906335146635502
TOKYOTECH_s01,89,80,91.66666666666667,1.8830928802490234,-0.3354370065815776
TOKYOTECH_s01,89,81,91.7,1.786028265953064,-0.6735622927796209
TOKYOTECH_s01,89,82,91.73333333333333,1.3767423629760742,-0.9870268231685936
TOKYOTECH_s01,89,83,91.76666666666667,0.7719489932060242,-1.2535175771460239
TOKYOTECH_s01,89,84,91.8,0.4729978144168854,-1.432738470858023
TOKYOTECH_s01,89,85,91.83333333333333,-0.058002784848213196,-1.473553978340822
TOKYOTECH_s01,89,86,91.86666666666666,-0.12360507994890213,-1.3312989308688417
TOKYOTECH_s01,89,87,91.9,0.17318035662174225,-0.9891781944880054
TOKYOTECH_s01,89,88,91.93333333333334,0.11553223431110382,-0.47467611066078824
TOKYOTECH_s01,89,89,91.96666666666667,-0.13900154829025269,0.1375755606636726
TOKYOTECH_s01,89,90,92.0,-0.29190292954444885,0.7406240001291272
TOKYOTECH_s01,89,91,92.03333333333333,-0.4538610875606537,1.2242405677337607
TOKYOTECH_s01,89,92,92.06666666666666,-0.8035693764686584,1.5068352606743403
TOKYOTECH_s01,89,93,92.1,-1.112916111946106,1.556573006745448
TOKYOTECH_s01,89,94,92.13333333333334,-0.9559195041656494,1.3940647325868598
TOKYOTECH_s01,89,95,92.16666666666667,-1.0894867181777954,1.0783480449949407
TOKYOTECH_s01,89,96,92.2,-1.2866873741149902,0.6839038048580651
TOKYOTECH_s01,89,97,92.23333333333333,-0.6846504211425781,0.27775743097260513
TOKYOTECH_s01,89,98,92.26666666666667,0.7404079437255859,-0.09605592312489859
TOKYOTECH_s01,89,99,92.3,1.7595667839050293,-0.4207190987615893
TOKYOTECH_s01,89,100,92.33333333333333,1.7452728748321533,-0.6994925511271689
TOKYOTECH_s01,89,101,92.36666666666666,1.237701654434204,-0.9409196046422044
TOKYOTECH_s01,89,102,92.4,0.7822657823562622,-1.142986605119599
TOKYOTECH_s01,89,103,92.43333333333334,0.22153547406196594,-1.2835610490753635
TOKYOTECH_s01,89,104,92.46666666666667,-0.05705773085355759,-1.3221806022498175
TOKYOTECH_s01,89,105,92.5,0.07135108858346939,-1.213819633913662
TOKYOTECH_s01,89,106,92.53333333333333,0.09781252592802048,-0.9302085085301107
TOKYOTECH_s01,89,107,92.56666666666666,0.3986538052558899,-0.48012451626608793
TOKYOTECH_s01,89,108,92.6,0.342935174703598,0.08140323867770448
TOKYOTECH_s01,89,109,92.63333333333334,-0.1160052940249443,0.6616492992112503
TOKYOTECH_s01,89,110,92.66666666666667,-0.41554713249206543,1.1550622197394491
TOKYOTECH_s01,89,111,92.7,-0.6195994019508362,1.474600813922263
TOKYOTECH_s01,89,112,92.73333333333333,-0.8600755333900452,1.5762097780218847
TOKYOTECH_s01,89,113,92.76666666666667,-1.0084092617034912,1.4665714173553777
TOKYOTECH_s01,89,114,92.8,-0.920834481716156,1.1927414612121439
TOKYOTECH_s01,89,115,92.83333333333333,-1.0371150970458984,0.8204373676299066
TOKYOTECH_s01,89,116,92.86666666666666,-0.8080583810806274,0.4110858633003812
TOKYOTECH_s01,89,117,92.9,0.5266294479370117,0.006338609255217886
TOKYOTECH_s01,89,118,92.93333333333334,1.6705745458602905,-0.37515430569540303
TOKYOTECH_s01,89,119,92.96666666666667,1.9561768770217896,-0.7290812621667613
TOKYOTECH_s01,89,120,93.0,1.5096007585525513,-1.0503860320589593
TOKYOTECH_s01,89,121,93.03333333333333,0.9037048816680908,-1.319881551603454
TOKYOTECH_s01,89,122,93.06666666666666,0.5399389266967773,-1.4994150846686325
TOKYOTECH_s01,89,123,93.1,0.1549881100654602,-1.5385770247180033
TOKYOTECH_s01,89,124,93.13333333333334,-0.02106703445315361,-1.3915738209043376
TOKYOTECH_s01,89,125,93.16666666666667,-0.008781369775533676,-1.0387767774009788
TOKYOTECH_s01,89,126,93.2,0.20649340748786926,-0.5043076250808864
TOKYOTECH_s01,89,127,93.23333333333333,0.08903142064809799,0.1393072723099816
TOKYOTECH_s01,89,128,93.26666666666667,-0.35616642236709595,0.7843921209556268
TOKYOTECH_s01,89,129,93.3,-0.49674278497695923,1.3164976456912834
TOKYOTECH_s01,89,130,93.33333333333333,-0.6435407400131226,1.6469187163388084
TOKYOTECH_s01,89,131,93.36666666666666,-1.0376664400100708,1.7356149403220569
TOKYOTECH_s01,89,132,93.4,-1.1533170938491821,1.5962916102984352
TOKYOTECH_s01,89,133,93.43333333333334,-0.9931308627128601,1.2844072782432605
TOKYOTECH_s01,89,134,93.46666666666667,-0.9581639766693115,0.8750608927715319
TOKYOTECH_s01,89,135,93.5,-0.9386723041534424,0.43956595416006455
TOKYOTECH_s01,89,136,93.53333333333333,0.07867524027824402,0.028339450378701204
TOKYOTECH_s01,89,137,93.56666666666666,1.509915828704834,-0.3354020831254946
TOKYOTECH_s01,89,138,93.6,1.9791730642318726,-0.6507377971243696
TOKYOTECH_s01,89,139,93.63333333333334,1.4127724170684814,-0.9262290930057561
TOKYOTECH_s01,89,140,93.66666666666667,0.8770071864128113,-1.164733780367358
TOKYOTECH_s01,89,141,93.7,0.6687415242195129,-1.3518534162886042
TOKYOTECH_s01,89,142,93.73333333333333,0.4253121316432953,-1.4529059851598554
TOKYOTECH_s01,89,143,93.76666666666667,0.11946994811296463,-1.4209504885109718
TOKYOTECH_s01,89,144,93.8,0.23307296633720398,-1.214934831040695
TOKYOTECH_s01,89,145,93.83333333333333,0.45960959792137146,-0.8224143952302173
TOKYOTECH_s01,89,146,93.86666666666666,0.24205094575881958,-0.27686047476558484
TOKYOTECH_s01,89,147,93.9,-0.219842791557312,0.3408114033894529
TOKYOTECH_s01,89,148,93.93333333333334,-0.47681793570518494,0.9207336110228123
TOKYOTECH_s01,89,149,93.96666666666667,-0.6233008503913879,1.3566576242363566
TOKYOTECH_s01,89,150,94.0,-0.9687958359718323,1.5782677325682042
TOKYOTECH_s01,89,151,94.03333333333333,-1.1504031419754028,1.5685758527253897
TOKYOTECH_s01,89,152,94.06666666666666,-1.067671775817871,1.36073032145451
TOKYOTECH_s01,89,153,94.1,-0.9737573266029358,1.0193870811536392
TOKYOTECH_s01,89,154,94.13333333333334,-1.0266014337539673,0.6166003716985753
TOKYOTECH_s01,89,155,94.16666666666667,-0.7971115112304688,0.21120874499092276
TOKYOTECH_s01,89,156,94.2,0.4676819145679474,-0.16236853042012944
TOKYOTECH_s01,89,157,94.23333333333333,1.8389904499053955,-0.49370605911570736
TOKYOTECH_s01,89,158,94.26666666666667,1.8775800466537476,-0.7861019651708366
TOKYOTECH_s01,89,159,94.3,1.283733606338501,-1.0415017861858662
TOKYOTECH_s01,89,160,94.33333333333333,0.7510003447532654,-1.2471558395211113
TOKYOTECH_s01,89,161,94.36666666666666,0.5037907361984253,-1.3701628327871695
TOKYOTECH_s01,89,162,94.4,-0.040873732417821884,-1.3638456302410007
TOKYOTECH_s01,89,163,94.43333333333334,0.10501854121685028,-1.1855821728281104
TOKYOTECH_s01,89,164,94.46666666666667,0.2424447238445282,-0.8199623861690944
TOKYOTECH_s01,89,165,94.5,0.027642475441098213,-0.2966886401659134
TOKYOTECH_s01,89,166,94.53333333333333,0.11320897936820984,0.30727391479696126
TOKYOTECH_s01,89,167,94.56666666666666,-0.12762154638767242,0.8853648954228082
TOKYOTECH_s01,89,168,94.6,-0.43885838985443115,1.3324258771394681
TOKYOTECH_s01,89,169,94.63333333333334,-0.8761414289474487,1.5751955824501254
TOKYOTECH_s01,89,170,94.66666666666667,-0.8658246397972107,1.5898952671595992
TOKYOTECH_s01,89,171,94.7,-0.9554469585418701,1.4021151587344918
TOKYOTECH_s01,89,172,94.73333333333333,-0.8658639788627625,1.0720387342838924
TOKYOTECH_s01,89,173,94.76666666666667,-0.9078400135040283,0.6724962197091515
TOKYOTECH_s01,89,174,94.8,-1.0521966218948364,0.26778978194110237
TOKYOTECH_s01,89,175,94.83333333333333,0.08611751347780228,-0.10066969730542817
TOKYOTECH_s01,89,176,94.86666666666666,1.6182029247283936,-0.4183511748425843
TOKYOTECH_s01,89,177,94.9,1.89057457447052,-0.6907360278962494
TOKYOTECH_s01,89,178,94.93333333333334,1.4250186681747437,-0.9289461481650678
TOKYOTECH_s01,89,179,94.96666666666667,0.9482797980308533,-1.1342268276334173
TOKYOTECH_s01,89,180,95.0,0.5279289484024048,-1.2881217459875056
TOKYOTECH_s01,89,181,95.03333333333333,0.10702677071094513,-1.3530533482226135
TOKYOTECH_s01,89,182,95.06666666666666,0.012679166160523891,-1.2842214565015193
TOKYOTECH_s01,89,183,95.1,0.137032151222229,-1.049315775260032
TOKYOTECH_s01,89,184,95.13333333333334,0.1988542377948761,-0.6487188072908795
TOKYOTECH_s01,89,185,95.16666666666667,-0.0020872578024864197,-0.1270304744325869
TOKYOTECH_s01,89,186,95.2,-0.2490212470293045,0.43161091170993515
TOKYOTECH_s01,89,187,95.23333333333333,-0.4236588180065155,0.9254858086126329
TOKYOTECH_s01,89,188,95.26666666666667,-0.7634047269821167,1.2661912265086916
TOKYOTECH_s01,89,189,95.3,-0.9370184540748596,1.4046012398871346
TOKYOTECH_s01,89,190,95.33333333333333,-0.970370888710022,1.3412318410180872
TOKYOTECH_s01,89,191,95.36666666666666,-1.0402259826660156,1.11893528783804
TOKYOTECH_s01,89,192,95.4,-1.1286275386810303,0.8034038345129453
TOKYOTECH_s01,89,193,95.43333333333334,-1.2261253595352173,0.4603706124228825
TOKYOTECH_s01,89,194,95.46666666666667,-0.7373763918876648,0.13765037819318962
TOKYOTECH_s01,89,195,95.5,0.6501948833465576,-0.14298982871685595
TOKYOTECH_s01,89,196,95.53333333333333,1.8450939655303955,-0.3828079425939304
TOKYOTECH_s01,89,197,95.56666666666666,1.610012412071228,-0.5941277818130474
TOKYOTECH_s01,89,198,95.6,1.1670197248458862,-0.7847300472834133
TOKYOTECH_s01,89,199,95.63333333333334,0.9661176204681396,-0.9453568302295926
TOKYOTECH_s01,89,200,95.66666666666667,0.49150508642196655,-1.0460381972849049
TOKYOTECH_s01,89,201,95.7,-0.03591221198439598,-1.0436790650415302
TOKYOTECH_s01,89,202,95.73333333333333,-0.07946331799030304,-0.8989948476329129
TOKYOTECH_s01,89,203,95.76666666666667,0.27103251218795776,-0.5967964828616227
TOKYOTECH_s01,89,204,95.8,0.44641825556755066,-0.16122107391685733
TOKYOTECH_s01,89,205,95.83333333333333,0.17963820695877075,0.3419184536624437
TOKYOTECH_s01,89,206,95.86666666666666,-0.20818716287612915,0.8193030928515938
TOKYOTECH_s01,89,207,95.9,-0.3747130334377289,1.1772126750370189
TOKYOTECH_s01,89,208,95.93333333333334,-0.5833724737167358,1.350640136623649
TOKYOTECH_s01,89,209,95.96666666666667,-0.8457028865814209,1.3215039837639775
TOKYOTECH_s01,89,210,96.0,-0.7910080552101135,1.1190091150651342
TOKYOTECH_s01,89,211,96.03333333333333,-0.8429858684539795,0.8042991326503331
TOKYOTECH_s01,89,212,96.06666666666666,-0.9860823750495911,0.4474435512080446
TOKYOTECH_s01,89,213,96.1,-0.8913016319274902,0.1060165106825205
TOKYOTECH_s01,89,214,96.13333333333334,-0.08757501095533371,-0.18759102688118148
TOKYOTECH_s01,89,215,96.16666666666667,1.3117307424545288,-0.4271817601739658
TOKYOTECH_s01,89,216,96.2,1.7103060483932495,-0.6239697032405662
TOKYOTECH_s01,89,217,96.23333333333333,1.5459065437316895,-0.7932222954623062
TOKYOTECH_s01,89,218,96.26666666666667,1.1402432918548584,-0.9420699793758759
TOKYOTECH_s01,89,219,96.3,0.5763627886772156,-1.0626638353127706
TOKYOTECH_s01,89,220,96.33333333333333,0.11013756692409515,-1.1326293074879394
TOKYOTECH_s01,89,221,96.36666666666666,0.0032680321019142866,-1.1225184333739973
TOKYOTECH_s01,89,222,96.4,0.10442788153886795,-1.0078952380551012
TOKYOTECH_s01,89,223,96.43333333333334,0.14352937042713165,-0.7820767623092256
TOKYOTECH_s01,89,224,96.46666666666667,0.02590988203883171,-0.4647694216392722
TOKYOTECH_s01,89,225,96.5,-0.1761341691017151,-0.10225719144580014
TOKYOTECH_s01,89,226,96.53333333333333,-0.39770928025245667,0.24305038124078712
TOKYOTECH_s01,89,227,96.56666666666666,-0.5486811995506287,0.5113811122278467
TOKYOTECH_s01,89,228,96.6,-0.8861038684844971,0.6648919164944809
TOKYOTECH_s01,89,229,96.63333333333334,-1.1272493600845337,0.6981608796418155
TOKYOTECH_s01,89,230,96.66666666666667,-1.140873908996582,0.635595042290102
TOKYOTECH_s01,89,231,96.7,-1.0125044584274292,0.5187793289089171
TOKYOTECH_s01,89,232,96.73333333333333,-0.918393075466156,0.39069143298190945
TOKYOTECH_s01,89,233,96.76666666666667,-0.5661252737045288,0.2832838161737438
TOKYOTECH_s01,89,234,96.8,0.6217252612113953,0.21207236582440295
TOKYOTECH_s01,89,235,96.83333333333333,1.8271772861480713,0.1777818218033729
TOKYOTECH_s01,89,236,96.86666666666666,2.0026419162750244,0.17219953643777663
TOKYOTECH_s01,89,237,96.9,1.210610270500183,0.18444042584696607
TOKYOTECH_s01,89,238,96.93333333333334,0.7130014300346375,0.2050474440996995
TOKYOTECH_s01,89,239,96.96666666666667,0.542301595211029,0.22738418343034567
TOKYOTECH_s01,90,0,90.0,0.41038817167282104,-0.058682911785790784
TOKYOTECH_s01,90,1,90.03333333333333,0.2768603265285492,0.16706455462012848
TOKYOTECH_s01,90,2,90.06666666666666,-0.2709936797618866,0.34342719133517224
TOKYOTECH_s01,90,3,90.1,-0.3156473636627197,0.4309094161593166
TOKYOTECH_s01,90,4,90.13333333333334,-0.7757297158241272,0.40724765352060627
TOKYOTECH_s01,90,5,90.16666666666667,-0.5061145424842834,0.2725719148206942
TOKYOTECH_s01,90,6,90.2,-1.0062434673309326,0.04985868017891391
TOKYOTECH_s01,90,7,90.23333333333333,-1.1073639392852783,-0.22030166440742402
TOKYOTECH_s01,90,8,90.26666666666667,-0.9832472205162048,-0.48945042832234525
TOKYOTECH_s01,90,9,90.3,-1.095668911933899,-0.7124927922539347
TOKYOTECH_s01,90,10,90.33333333333333,-0.2987939417362213,-0.8571037167692875
TOKYOTECH_s01,90,11,90.36666666666666,0.7932913899421692,-0.9089947397558199
TOKYOTECH_s01,90,12,90.4,2.080293655395508,-0.872093937306267
TOKYOTECH_s01,90,13,90.43333333333334,1.4644745588302612,-0.7639637180084473
TOKYOTECH_s01,90,14,90.46666666666667,1.2112008333206177,-0.6079063218758473
TOKYOTECH_s01,90,15,90.5,0.6301125884056091,-0.4242637916686225
TOKYOTECH_s01,90,16,90.53333333333333,0.25437599420547485,-0.22419107744784125
TOKYOTECH_s01,90,17,90.56666666666666,-0.19483831524848938,-0.008897204740844614
TOKYOTECH_s01,90,18,90.6,-0.006143101956695318,0.22461219749728906
TOKYOTECH_s01,90,19,90.63333333333334,-0.08958324044942856,0.47362294537444594
TOKYOTECH_s01,90,20,90.66666666666667,0.0010629127500578761,0.7211796057110917
TOKYOTECH_s01,90,21,90.7,-0.03591221198439598,0.9348657209815908
TOKYOTECH_s01,90,22,90.73333333333333,-0.26591402292251587,1.0750733865690578
TOKYOTECH_s01,90,23,90.76666666666667,-0.5550996661186218,1.109194969105841
TOKYOTECH_s01,90,24,90.8,-0.7488351464271545,1.0242412967897208
TOKYOTECH_s01,90,25,90.83333333333333,-1.033374309539795,0.8312457686509508
TOKYOTECH_s01,90,26,90.86666666666666,-1.1043713092803955,0.5602269939364573
TOKYOTECH_s01,90,27,90.9,-1.1470561027526855,0.24983880139892978
TOKYOTECH_s01,90,28,90.93333333333334,-1.1013392210006714,-0.06296416997210579
TOKYOTECH_s01,90,29,90.96666666666667,-0.3248615860939026,-0.34982831090981464
TOKYOTECH_s01,90,30,91.0,1.3619365692138672,-0.5932032832566322
TOKYOTECH_s01,90,31,91.03333333333333,1.9158152341842651,-0.7842117513619498
TOKYOTECH_s01,90,32,91.06666666666666,1.813907265663147,-0.9179048831659101
TOKYOTECH_s01,90,33,91.1,1.1131517887115479,-0.9883034526465222
TOKYOTECH_s01,90,34,91.13333333333334,0.7832108736038208,-0.9853750263816574
TOKYOTECH_s01,90,35,91.16666666666667,0.09359917044639587,-0.8955365194409973
TOKYOTECH_s01,90,36,91.2,-0.21133732795715332,-0.7066969540115644
TOKYOTECH_s01,90,37,91.23333333333333,-0.0125221973285079,-0.4172564283947209
TOKYOTECH_s01,90,38,91.26666666666667,0.18022885918617249,-0.04555396769257954
TOKYOTECH_s01,90,39,91.3,0.11104323714971542,0.3658266882446258
TOKYOTECH_s01,90,40,91.33333333333333,-0.0918671190738678,0.7553423688224097
TOKYOTECH_s01,90,41,91.36666666666666,-0.10844488441944122,1.057304307666583
TOKYOTECH_s01,90,42,91.4,-0.6142835021018982,1.2205794561404426
TOKYOTECH_s01,90,43,91.43333333333334,-0.6016828417778015,1.2229160976974656
TOKYOTECH_s01,90,44,91.46666666666667,-0.6074712872505188,1.075178858328954
TOKYOTECH_s01,90,45,91.5,-0.9239059090614319,0.8149976388711795
TOKYOTECH_s01,90,46,91.53333333333333,-0.8375912308692932,0.4934162630395198
TOKYOTECH_s01,90,47,91.56666666666666,-0.9225276708602905,0.15974491927039597
TOKYOTECH_s01,90,48,91.6,-0.5144624710083008,-0.15053608249491468
TOKYOTECH_s01,90,49,91.63333333333334,0.6243241429328918,-0.4213661853078986
TOKYOTECH_s01,90,50,91.66666666666667,1.8830928802490234,-0.6535613308249324
TOKYOTECH_s01,90,51,91.7,1.786028265953064,-0.8549929335866401
TOKYOTECH_s01,90,52,91.73333333333333,1.3767423629760742,-1.0273994265924995
TOKYOTECH_s01,90,53,91.76666666666667,0.7719489932060242,-1.1559543216779877
TOKYOTECH_s01,90,54,91.8,0.4729978144168854,-1.2074526301267279
TOKYOTECH_s01,90,55,91.83333333333333,-0.058002784848213196,-1.139720002158723
TOKYOTECH_s01,90,56,91.86666666666666,-0.12360507994890213,-0.919648575804609
TOKYOTECH_s01,90,57,91.9,0.17318035662174225,-0.5427042391403895
TOKYOTECH_s01,90,58,91.93333333333334,0.11553223431110382,-0.045242473259313146
TOKYOTECH_s01,90,59,91.96666666666667,-0.13900154829025269,0.4969407122845501
TOKYOTECH_s01,90,60,92.0,-0.29190292954444885,0.9854857569612727
TOKYOTECH_s01,90,61,92.03333333333333,-0.4538610875606537,1.3269689705370882
TOKYOTECH_s01,90,62,92.06666666666666,-0.8035693764686584,1.460623262918185
TOKYOTECH_s01,90,63,92.1,-1.112916111946106,1.3749823731369035
TOKYOTECH_s01,90,64,92.13333333333334,-0.9559195041656494,1.1074746552233423
TOKYOTECH_s01,90,65,92.16666666666667,-1.0894867181777954,0.7287402946107068
TOKYOTECH_s01,90,66,92.2,-1.2866873741149902,0.318789487082086
TOKYOTECH_s01,90,67,92.23333333333333,-0.6846504211425781,-0.05624674945931371
TOKYOTECH_s01,90,68,92.26666666666667,0.7404079437255859,-0.3592662392295131
TOKYOTECH_s01,90,69,92.3,1.7595667839050293,-0.5849991755858182
TOKYOTECH_s01,90,70,92.33333333333333,1.7452728748321533,-0.7505911718951741
TOKYOTECH_s01,90,71,92.36666666666666,1.237701654434204,-0.8784010533806723
TOKYOTECH_s01,90,72,92.4,0.7822657823562622,-0.9783768341235853
TOKYOTECH_s01,90,73,92.43333333333334,0.22153547406196594,-1.0376670477788692
TOKYOTECH_s01,90,74,92.46666666666667,-0.05705773085355759,-1.0223590089078392
TOKYOTECH_s01,90,75,92.5,0.07135108858346939,-0.8914437093230001
TOKYOTECH_s01,90,76,92.53333333333333,0.09781252592802048,-0.6180423059962714
TOKYOTECH_s01,90,77,92.56666666666666,0.3986538052558899,-0.20917747698784295
TOKYOTECH_s01,90,78,92.6,0.342935174703598,0.2854759944952786
TOKYOTECH_s01,90,79,92.63333333333334,-0.1160052940249443,0.7817697711669856
TOKYOTECH_s01,90,80,92.66666666666667,-0.41554713249206543,1.1844371666349127
TOKYOTECH_s01,90,81,92.7,-0.6195994019508362,1.4163289506978527
TOKYOTECH_s01,90,82,92.73333333333333,-0.8600755333900452,1.441312756377583
TOKYOTECH_s01,90,83,92.76666666666667,-1.0084092617034912,1.271751218156557
TOKYOTECH_s01,90,84,92.8,-0.920834481716156,0.9588348172908248
TOKYOTECH_s01,90,85,92.83333333333333,-1.0371150970458984,0.5714188617657656
TOKYOTECH_s01,90,86,92.86666666666666,-0.8080583810806274,0.1727299837444794
TOKYOTECH_s01,90,87,92.9,0.5266294479370117,-0.1961204865712246
TOKYOTECH_s01,90,88,92.93333333333334,1.6705745458602905,-0.5202376141587902
TOKYOTECH_s01,90,89,92.96666666666667,1.9561768770217896,-0.8023696973235869
TOKYOTECH_s01,90,90,93.0,1.5096007585525513,-1.0470048614801009
TOKYOTECH_s01,90,91,93.03333333333333,0.9037048816680908,-1.2455623452030469
TOKYOTECH_s01,90,92,93.06666666666666,0.5399389266967773,-1.3698792457370594
TOKYOTECH_s01,90,93,93.1,0.1549881100654602,-1.3771813086434757
TOKYOTECH_s01,90,94,93.13333333333334,-0.02106703445315361,-1.2253578699153416
TOKYOTECH_s01,90,95,93.16666666666667,-0.008781369775533676,-0.8934620538992916
TOKYOTECH_s01,90,96,93.2,0.20649340748786926,-0.3993947641069244
TOKYOTECH_s01,90,97,93.23333333333333,0.08903142064809799,0.1938043967271032
TOKYOTECH_s01,90,98,93.26666666666667,-0.35616642236709595,0.7883630227503386
TOKYOTECH_s01,90,99,93.3,-0.49674278497695923,1.2771923630086428
TOKYOTECH_s01,90,100,93.33333333333333,-0.6435407400131226,1.5746831593004307
TOKYOTECH_s01,90,101,93.36666666666666,-1.0376664400100708,1.6399699081380699
TOKYOTECH_s01,90,102,93.4,-1.1533170938491821,1.484178126035228
TOKYOTECH_s01,90,103,93.43333333333334,-0.9931308627128601,1.1611618390505865
TOKYOTECH_s01,90,104,93.46666666666667,-0.9581639766693115,0.7470944944152269
TOKYOTECH_s01,90,105,93.5,-0.9386723041534424,0.31675981475190074
TOKYOTECH_s01,90,106,93.53333333333333,0.07867524027824402,-0.0755344705590718
TOKYOTECH_s01,90,107,93.56666666666666,1.509915828704834,-0.4047210803218197
TOKYOTECH_s01,90,108,93.6,1.9791730642318726,-0.6718835381948204
TOKYOTECH_s01,90,109,93.63333333333334,1.4127724170684814,-0.8920268465662198
TOKYOTECH_s01,90,110,93.66666666666667,0.8770071864128113,-1.0779728372042934
TOKYOTECH_s01,90,111,93.7,0.6687415242195129,-1.2263347375960398
TOKYOTECH_s01,90,112,93.73333333333333,0.4253121316432953,-1.3109263758048362
TOKYOTECH_s01,90,113,93.76666666666667,0.11946994811296463,-1.287323631932671
TOKYOTECH_s01,90,114,93.8,0.23307296633720398,-1.1093150873302509
TOKYOTECH_s01,90,115,93.83333333333333,0.45960959792137146,-0.7529878526075847
TOKYOTECH_s01,90,116,93.86666666666666,0.24205094575881958,-0.23840087171676458
TOKYOTECH_s01,90,117,93.9,-0.219842791557312,0.36326212447170025
TOKYOTECH_s01,90,118,93.93333333333334,-0.47681793570518494,0.9439890513687503
TOKYOTECH_s01,90,119,93.96666666666667,-0.6233008503913879,1.3909676544130227
TOKYOTECH_s01,90,120,94.0,-0.9687958359718323,1.6224192384566472
TOKYOTECH_s01,90,121,94.03333333333333,-1.1504031419754028,1.6108425049236244
TOKYOTECH_s01,90,122,94.06666666666666,-1.067671775817871,1.3850446174183997
TOKYOTECH_s01,90,123,94.1,-0.9737573266029358,1.013540136021121
TOKYOTECH_s01,90,124,94.13333333333334,-1.0266014337539673,0.5784871034081956
TOKYOTECH_s01,90,125,94.16666666666667,-0.7971115112304688,0.1503596263659757
TOKYOTECH_s01,90,126,94.2,0.4676819145679474,-0.2284285999978365
TOKYOTECH_s01,90,127,94.23333333333333,1.8389904499053955,-0.5465525428830044
TOKYOTECH_s01,90,128,94.26666666666667,1.8775800466537476,-0.8140027130712142
TOKYOTECH_s01,90,129,94.3,1.283733606338501,-1.0445347055044156
TOKYOTECH_s01,90,130,94.33333333333333,0.7510003447532654,-1.2378920237709508
TOKYOTECH_s01,90,131,94.36666666666666,0.5037907361984253,-1.3695451227242164
TOKYOTECH_s01,90,132,94.4,-0.040873732417821884,-1.3935483384024996
TOKYOTECH_s01,90,133,94.43333333333334,0.10501854121685028,-1.259382628546311
TOKYOTECH_s01,90,134,94.46666666666667,0.2424447238445282,-0.9371341503387106
TOKYOTECH_s01,90,135,94.5,0.027642475441098213,-0.43998596916937016
TOKYOTECH_s01,90,136,94.53333333333333,0.11320897936820984,0.1677910814256462
TOKYOTECH_s01,90,137,94.56666666666666,-0.12762154638767242,0.78345728435455
TOKYOTECH_s01,90,138,94.6,-0.43885838985443115,1.2948086435297612
TOKYOTECH_s01,90,139,94.63333333333334,-0.8761414289474487,1.6130147115902531
TOKYOTECH_s01,90,140,94.66666666666667,-0.8658246397972107,1.6959657790269955
TOKYOTECH_s01,90,141,94.7,-0.9554469585418701,1.554565246995723
TOKYOTECH_s01,90,142,94.73333333333333,-0.8658639788627625,1.2421589738235939
TOKYOTECH_s01,90,143,94.76666666666667,-0.9078400135040283,0.8331947110548964
TOKYOTECH_s01,90,144,94.8,-1.0521966218948364,0.3994660101930868
TOKYOTECH_s01,90,145,94.83333333333333,0.08611751347780228,-0.008326951155221762
TOKYOTECH_s01,90,146,94.86666666666666,1.6182029247283936,-0.3681322475445977
TOKYOTECH_s01,90,147,94.9,1.89057457447052,-0.6813654044441018
TOKYOTECH_s01,90,148,94.93333333333334,1.4250186681747437,-0.9581188431342085
TOKYOTECH_s01,90,149,94.96666666666667,0.9482797980308533,-1.1998637158595127
TOKYOTECH_s01,90,150,95.0,0.5279289484024048,-1.387558456728959
TOKYOTECH_s01,90,151,95.03333333333333,0.10702677071094513,-1.480799215302765
TOKYOTECH_s01,90,152,95.06666666666666,0.012679166160523891,-1.4295305670731868
TOKYOTECH_s01,90,153,95.1,0.137032151222229,-1.1949894898413214
TOKYOTECH_s01,90,154,95.13333333333334,0.1988542377948761,-0.7721945554348062
TOKYOTECH_s01,90,155,95.16666666666667,-0.0020872578024864197,-0.2040076363906029
TOKYOTECH_s01,90,156,95.2,-0.2490212470293045,0.42169790380045674
TOKYOTECH_s01,90,157,95.23333333333333,-0.4236588180065155,0.9936650576070601
TOKYOTECH_s01,90,158,95.26666666666667,-0.7634047269821167,1.4098496884720988
TOKYOTECH_s01,90,159,95.3,-0.9370184540748596,1.6069015327205876
TOKYOTECH_s01,90,160,95.33333333333333,-0.970370888710022,1.5746385138641439
TOKYOTECH_s01,90,161,95.36666666666666,-1.0402259826660156,1.3516531157549159
TOKYOTECH_s01,90,162,95.4,-1.1286275386810303,1.0062859771119115
TOKYOTECH_s01,90,163,95.43333333333334,-1.2261253595352173,0.6118837265724665
TOKYOTECH_s01,90,164,95.46666666666667,-0.7373763918876648,0.22565528602174556
TOKYOTECH_s01,90,165,95.5,0.6501948833465576,-0.12239774924488324
TOKYOTECH_s01,90,166,95.53333333333333,1.8450939655303955,-0.4282550827303296
TOKYOTECH_s01,90,167,95.56666666666666,1.610012412071228,-0.7023897296054464
TOKYOTECH_s01,90,168,95.6,1.1670197248458862,-0.9533306894209509
TOKYOTECH_s01,90,169,95.63333333333334,0.9661176204681396,-1.1731371158216137
TOKYOTECH_s01,90,170,95.66666666666667,0.49150508642196655,-1.3310498913405064
TOKYOTECH_s01,90,171,95.7,-0.03591221198439598,-1.378917957613047
TOKYOTECH_s01,90,172,95.73333333333333,-0.07946331799030304,-1.267805200076436
TOKYOTECH_s01,90,173,95.76666666666667,0.27103251218795776,-0.9704876546306547
TOKYOTECH_s01,90,174,95.8,0.44641825556755066,-0.5009247170498214
TOKYOTECH_s01,90,175,95.83333333333333,0.17963820695877075,0.07879631323261058
TOKYOTECH_s01,90,176,95.86666666666666,-0.20818716287612915,0.6697426925262727
TOKYOTECH_s01,90,177,95.9,-0.3747130334377289,1.163495786604141
TOKYOTECH_s01,90,178,95.93333333333334,-0.5833724737167358,1.4747407636971817
TOKYOTECH_s01,90,179,95.96666666666667,-0.8457028865814209,1.5648796008197687
TOKYOTECH_s01,90,180,96.0,-0.7910080552101135,1.4477052170656681
TOKYOTECH_s01,90,181,96.03333333333333,-0.8429858684539795,1.1774202721666203
TOKYOTECH_s01,90,182,96.06666666666666,-0.9860823750495911,0.8260286091577482
TOKYOTECH_s01,90,183,96.1,-0.8913016319274902,0.45949147366915993
TOKYOTECH_s01,90,184,96.13333333333334,-0.08757501095533371,0.12094246725072526
TOKYOTECH_s01,90,185,96.16666666666667,1.3117307424545288,-0.17441584197368243
TOKYOTECH_s01,90,186,96.2,1.7103060483932495,-0.4330516029034318
TOKYOTECH_s01,90,187,96.23333333333333,1.5459065437316895,-0.6697630612974099
TOKYOTECH_s01,90,188,96.26666666666667,1.1402432918548584,-0.8929919723647366
TOKYOTECH_s01,90,189,96.3,0.5763627886772156,-1.0940031528400227
TOKYOTECH_s01,90,190,96.33333333333333,0.11013756692409515,-1.2437635547065
TOKYOTECH_s01,90,191,96.36666666666666,0.0032680321019142866,-1.2992307953495128
TOKYOTECH_s01,90,192,96.4,0.10442788153886795,-1.2178068003633584
TOKYOTECH_s01,90,193,96.43333333333334,0.14352937042713165,-0.9756499400504031
TOKYOTECH_s01,90,194,96.46666666666667,0.02590988203883171,-0.5833956523259313
TOKYOTECH_s01,90,195,96.5,-0.1761341691017151,-0.09228033853419179
TOKYOTECH_s01,90,196,96.53333333333333,-0.39770928025245667,0.41444050491219475
TOKYOTECH_s01,90,197,96.56666666666666,-0.5486811995506287,0.8442304963075222
TOKYOTECH_s01,90,198,96.6,-0.8861038684844971,1.1235883742332655
TOKYOTECH_s01,90,199,96.63333333333334,-1.1272493600845337,1.2191855093371886
TOKYOTECH_s01,90,200,96.66666666666667,-1.140873908996582,1.1430956894877393
TOKYOTECH_s01,90,201,96.7,-1.0125044584274292,0.9419572404699627
TOKYOTECH_s01,90,202,96.73333333333333,-0.918393075466156,0.6767091303152832
TOKYOTECH_s01,90,203,96.76666666666667,-0.5661252737045288,0.4018809751823006
TOKYOTECH_s01,90,204,96.8,0.6217252612113953,0.15169510780344828
TOKYOTECH_s01,90,205,96.83333333333333,1.8271772861480713,-0.06370860211881932
TOKYOTECH_s01,90,206,96.86666666666666,2.0026419162750244,-0.25265955313495203
TOKYOTECH_s01,90,207,96.9,1.210610270500183,-0.43043792463397096
TOKYOTECH_s01,90,208,96.93333333333334,0.7130014300346375,-0.6064003645365442
TOKYOTECH_s01,90,209,96.96666666666667,0.542301595211029,-0.774180384695253
TOKYOTECH_s01,90,210,97.0,0.2804436683654785,-0.9085760061617535
TOKYOTECH_s01,90,211,97.03333333333333,0.055678993463516235,-0.9709511173955822
TOKYOTECH_s01,90,212,97.06666666666666,0.09316602349281311,-0.9220794592619665
TOKYOTECH_s01,90,213,97.1,0.06898846477270126,-0.7382646707630177
TOKYOTECH_s01,90,214,97.13333333333334,-3.964693678426556e-05,-0.4246358745504612
TOKYOTECH_s01,90,215,97.16666666666667,-0.05859344080090523,-0.019718488201382018
TOKYOTECH_s01,90,216,97.2,-0.34754282236099243,0.41192181054145655
TOKYOTECH_s01,90,217,97.23333333333333,-0.8209347128868103,0.7973611777708369
TOKYOTECH_s01,90,218,97.26666666666667,-1.1698554754257202,1.0765851519487324
TOKYOTECH_s01,90,219,97.3,-1.2507754564285278,1.2183859359012212
TOKYOTECH_s01,90,220,97.33333333333333,-1.246995210647583,1.224613281412888
TOKYOTECH_s01,90,221,97.36666666666666,-1.129454493522644,1.1223202889611856
TOKYOTECH_s01,90,222,97.4,-1.0758228302001953,0.9487871182329564
TOKYOTECH_s01,90,223,97.43333333333334,-0.5015861392021179,0.7367485951408986
TOKYOTECH_s01,90,224,97.46666666666667,0.9339464902877808,0.5056611732535945
TOKYOTECH_s01,90,225,97.5,1.939008355140686,0.2612592212130719
TOKYOTECH_s01,90,226,97.53333333333333,1.6091067790985107,0.002245321004880289
TOKYOTECH_s01,90,227,97.56666666666666,0.858145534992218,-0.2694315061772945
TOKYOTECH_s01,90,228,97.6,0.44452816247940063,-0.5395278872551837
TOKYOTECH_s01,90,229,97.63333333333334,0.16727377474308014,-0.7782976164174588
TOKYOTECH_s01,90,230,97.66666666666667,-0.1162809357047081,-0.9457734899993416
TOKYOTECH_s01,90,231,97.7,-0.16077709197998047,-1.0047875871803065
TOKYOTECH_s01,90,232,97.73333333333333,0.07832084596157074,-0.9371791078185316
TOKYOTECH_s01,90,233,97.76666666666667,0.2668585479259491,-0.7561726889718393
TOKYOTECH_s01,90,234,97.8,0.0902521163225174,-0.508297484842598
TOKYOTECH_s01,90,235,97.83333333333333,-0.2668984532356262,-0.2618324860951766
TOKYOTECH_s01,90,236,97.86666666666666,-0.5113910436630249,-0.08452244571429028
TOKYOTECH_s01,90,237,97.9,-0.8458210229873657,-0.01876719139566357
TOKYOTECH_s01,90,238,97.93333333333334,-1.1577666997909546,-0.06484925330258653
TOKYOTECH_s01,90,239,97.96666666666667,-1.2161235809326172,-0.18012388047241243
TOKYOTECH_s01,91,0,91.0,1.3619365692138672,0.04838102187575405
TOKYOTECH_s01,91,1,91.03333333333333,1.9158152341842651,-0.12722491155765914
TOKYOTECH_s01,91,2,91.06666666666666,1.813907265663147,-0.27909965725612373
TOKYOTECH_s01,91,3,91.1,1.1131517887115479,-0.3844290675532424
TOKYOTECH_s01,91,4,91.13333333333334,0.7832108736038208,-0.42393620954578376
TOKYOTECH_s01,91,5,91.16666666666667,0.09359917044639587,-0.3845917396357922
TOKYOTECH_s01,91,6,91.2,-0.21133732795715332,-0.26277861128555696
TOKYOTECH_s01,91,7,91.23333333333333,-0.0125221973285079,-0.06739962944345249
TOKYOTECH_s01,91,8,91.26666666666667,0.18022885918617249,0.1786252537797629
TOKYOTECH_s01,91,9,91.3,0.11104323714971542,0.4403986172060207
TOKYOTECH_s01,91,10,91.33333333333333,-0.0918671190738678,0.6771433014579903
TOKYOTECH_s01,91,11,91.36666666666666,-0.10844488441944122,0.8507712494925782
TOKYOTECH_s01,91,12,91.4,-0.6142835021018982,0.9341732672863318
TOKYOTECH_s01,91,13,91.43333333333334,-0.6016828417778015,0.9166319687514093
TOKYOTECH_s01,91,14,91.46666666666667,-0.6074712872505188,0.8048016816501031
TOKYOTECH_s01,91,15,91.5,-0.9239059090614319,0.6191572499579873
TOKYOTECH_s01,91,16,91.53333333333333,-0.8375912308692932,0.3872347931652725
TOKYOTECH_s01,91,17,91.56666666666666,-0.9225276708602905,0.13594018256552154
TOKYOTECH_s01,91,18,91.6,-0.5144624710083008,-0.11457272733856445
TOKYOTECH_s01,91,19,91.63333333333334,0.6243241429328918,-0.3534229631832564
TOKYOTECH_s01,91,20,91.66666666666667,1.8830928802490234,-0.5769412408526933
TOKYOTECH_s01,91,21,91.7,1.786028265953064,-0.7826291627883214
TOKYOTECH_s01,91,22,91.73333333333333,1.3767423629760742,-0.9615810457948342
TOKYOTECH_s01,91,23,91.76666666666667,0.7719489932060242,-1.093155923089158
TOKYOTECH_s01,91,24,91.8,0.4729978144168854,-1.145627111466245
TOKYOTECH_s01,91,25,91.83333333333333,-0.058002784848213196,-1.0844600591181097
TOKYOTECH_s01,91,26,91.86666666666666,-0.12360507994890213,-0.8862131200765747
TOKYOTECH_s01,91,27,91.9,0.17318035662174225,-0.5527225140563207
TOKYOTECH_s01,91,28,91.93333333333334,0.11553223431110382,-0.11915046502448388
TOKYOTECH_s01,91,29,91.96666666666667,-0.13900154829025269,0.34889726764862555
TOKYOTECH_s01,91,30,92.0,-0.29190292954444885,0.7701636140194161
TOKYOTECH_s01,91,31,92.03333333333333,-0.4538610875606537,1.0702217943131416
TOKYOTECH_s01,91,32,92.06666666666666,-0.8035693764686584,1.2028394268864264
TOKYOTECH_s01,91,33,92.1,-1.112916111946106,1.161064998570721
TOKYOTECH_s01,91,34,92.13333333333334,-0.9559195041656494,0.974168922672261
TOKYOTECH_s01,91,35,92.16666666666667,-1.0894867181777954,0.6935752321717911
TOKYOTECH_s01,91,36,92.2,-1.2866873741149902,0.37483438255095336
TOKYOTECH_s01,91,37,92.23333333333333,-0.6846504211425781,0.06258891870049003
TOKYOTECH_s01,91,38,92.26666666666667,0.7404079437255859,-0.21709855050252652
TOKYOTECH_s01,91,39,92.3,1.7595667839050293,-0.45604648341127557
TOKYOTECH_s01,91,40,92.33333333333333,1.7452728748321533,-0.6567210513295441
TOKYOTECH_s01,91,41,92.36666666666666,1.237701654434204,-0.8220161046579678
TOKYOTECH_s01,91,42,92.4,0.7822657823562622,-0.9461239281427155
TOKYOTECH_s01,91,43,92.43333333333334,0.22153547406196594,-1.0101588354135984
TOKYOTECH_s01,91,44,92.46666666666667,-0.05705773085355759,-0.9849848223894612
TOKYOTECH_s01,91,45,92.5,0.07135108858346939,-0.8415454129318445
TOKYOTECH_s01,91,46,92.53333333333333,0.09781252592802048,-0.5659540353082804
TOKYOTECH_s01,91,47,92.56666666666666,0.3986538052558899,-0.1734344129944528
TOKYOTECH_s01,91,48,92.6,0.342935174703598,0.2863789808720435
TOKYOTECH_s01,91,49,92.63333333333334,-0.1160052940249443,0.7378321712276852
TOKYOTECH_s01,91,50,92.66666666666667,-0.41554713249206543,1.099697343117593
TOKYOTECH_s01,91,51,92.7,-0.6195994019508362,1.3092469938909144
TOKYOTECH_s01,91,52,92.73333333333333,-0.8600755333900452,1.3393757839991207
TOKYOTECH_s01,91,53,92.76666666666667,-1.0084092617034912,1.2018734943857672
TOKYOTECH_s01,91,54,92.8,-0.920834481716156,0.9371668678988303
TOKYOTECH_s01,91,55,92.83333333333333,-1.0371150970458984,0.5969938816203996
TOKYOTECH_s01,91,56,92.86666666666666,-0.8080583810806274,0.22810693387846387
TOKYOTECH_s01,91,57,92.9,0.5266294479370117,-0.13712554746990407
TOKYOTECH_s01,91,58,92.93333333333334,1.6705745458602905,-0.48101894260836947
TOKYOTECH_s01,91,59,92.96666666666667,1.9561768770217896,-0.7933354634627316
TOKYOTECH_s01,91,60,93.0,1.5096007585525513,-1.061083705644241
TOKYOTECH_s01,91,61,93.03333333333333,0.9037048816680908,-1.2610031840354199
TOKYOTECH_s01,91,62,93.06666666666666,0.5399389266967773,-1.3589707558105744
TOKYOTECH_s01,91,63,93.1,0.1549881100654602,-1.3176153491624398
TOKYOTECH_s01,91,64,93.13333333333334,-0.02106703445315361,-1.1102424244741824
TOKYOTECH_s01,91,65,93.16666666666667,-0.008781369775533676,-0.7362580762247609
TOKYOTECH_s01,91,66,93.2,0.20649340748786926,-0.23132919407230237
TOKYOTECH_s01,91,67,93.23333333333333,0.08903142064809799,0.33377701731162096
TOKYOTECH_s01,91,68,93.26666666666667,-0.35616642236709595,0.8675133752916655
TOKYOTECH_s01,91,69,93.3,-0.49674278497695923,1.2808699923797675
TOKYOTECH_s01,91,70,93.33333333333333,-0.6435407400131226,1.510903940401985
TOKYOTECH_s01,91,71,93.36666666666666,-1.0376664400100708,1.535350730897883
TOKYOTECH_s01,91,72,93.4,-1.1533170938491821,1.3736373732052094
TOKYOTECH_s01,91,73,93.43333333333334,-0.9931308627128601,1.075680531453177
TOKYOTECH_s01,91,74,93.46666666666667,-0.9581639766693115,0.7038878844071288
TOKYOTECH_s01,91,75,93.5,-0.9386723041534424,0.31498176308032455
TOKYOTECH_s01,91,76,93.53333333333333,0.07867524027824402,-0.05260716826305484
TOKYOTECH_s01,91,77,93.56666666666666,1.509915828704834,-0.382429926101694
TOKYOTECH_s01,91,78,93.6,1.9791730642318726,-0.6747446259781158
TOKYOTECH_s01,91,79,93.63333333333334,1.4127724170684814,-0.9352493672935382
TOKYOTECH_s01,91,80,93.66666666666667,0.8770071864128113,-1.1625166572029169
TOKYOTECH_s01,91,81,93.7,0.6687415242195129,-1.339019303329577
TOKYOTECH_s01,91,82,93.73333333333333,0.4253121316432953,-1.429585749417024
TOKYOTECH_s01,91,83,93.76666666666667,0.11946994811296463,-1.3892313777200702
TOKYOTECH_s01,91,84,93.8,0.23307296633720398,-1.1796483253098513
TOKYOTECH_s01,91,85,93.83333333333333,0.45960959792137146,-0.7897392577055601
TOKYOTECH_s01,91,86,93.86666666666666,0.24205094575881958,-0.2514215894449077
TOKYOTECH_s01,91,87,93.9,-0.219842791557312,0.35876648202209127
TOKYOTECH_s01,91,88,93.93333333333334,-0.47681793570518494,0.9363618255973652
TOKYOTECH_s01,91,89,93.96666666666667,-0.6233008503913879,1.3788696473921678
TOKYOTECH_s01,91,90,94.0,-0.9687958359718323,1.616057124886319
TOKYOTECH_s01,91,91,94.03333333333333,-1.1504031419754028,1.6272504444238782
TOKYOTECH_s01,91,92,94.06666666666666,-1.067671775817871,1.439900467816261
TOKYOTECH_s01,91,93,94.1,-0.9737573266029358,1.1132861610307614
TOKYOTECH_s01,91,94,94.13333333333334,-1.0266014337539673,0.7160114332542714
TOKYOTECH_s01,91,95,94.16666666666667,-0.7971115112304688,0.3057770238208838
TOKYOTECH_s01,91,96,94.2,0.4676819145679474,-0.08240540741394815
TOKYOTECH_s01,91,97,94.23333333333333,1.8389904499053955,-0.4367338811201712
TOKYOTECH_s01,91,98,94.26666666666667,1.8775800466537476,-0.7590567542043365
TOKYOTECH_s01,91,99,94.3,1.283733606338501,-1.0499766635096215
TOKYOTECH_s01,91,100,94.33333333333333,0.7510003447532654,-1.2952742316753878
TOKYOTECH_s01,91,101,94.36666666666666,0.5037907361984253,-1.460066975756756
TOKYOTECH_s01,91,102,94.4,-0.040873732417821884,-1.4946851359469453
TOKYOTECH_s01,91,103,94.43333333333334,0.10501854121685028,-1.3518419113129032
TOKYOTECH_s01,91,104,94.46666666666667,0.2424447238445282,-1.0093594649048996
TOKYOTECH_s01,91,105,94.5,0.027642475441098213,-0.4887321564123739
TOKYOTECH_s01,91,106,94.53333333333333,0.11320897936820984,0.14031697738818621
TOKYOTECH_s01,91,107,94.56666666666666,-0.12762154638767242,0.7738415212835561
TOKYOTECH_s01,91,108,94.6,-0.43885838985443115,1.3016710977876744
TOKYOTECH_s01,91,109,94.63333333333334,-0.8761414289474487,1.6377227691127576
TOKYOTECH_s01,91,110,94.66666666666667,-0.8658246397972107,1.7407115351331126
TOKYOTECH_s01,91,111,94.7,-0.9554469585418701,1.618963337119383
TOKYOTECH_s01,91,112,94.73333333333333,-0.8658639788627625,1.320247964332998
TOKYOTECH_s01,91,113,94.76666666666667,-0.9078400135040283,0.9126407899161001
TOKYOTECH_s01,91,114,94.8,-1.0521966218948364,0.46380172512268947
TOKYOTECH_s01,91,115,94.83333333333333,0.08611751347780228,0.02496093786165466
TOKYOTECH_s01,91,116,94.86666666666666,1.6182029247283936,-0.37600082437951854
TOKYOTECH_s01,91,117,94.9,1.89057457447052,-0.7309018072026418
TOKYOTECH_s01,91,118,94.93333333333334,1.4250186681747437,-1.0396334045924358
TOKYOTECH_s01,91,119,94.96666666666667,0.9482797980308533,-1.2964298671361536
TOKYOTECH_s01,91,120,95.0,0.5279289484024048,-1.4804577760984103
TOKYOTECH_s01,91,121,95.03333333333333,0.10702677071094513,-1.5552754038559011
TOKYOTECH_s01,91,122,95.06666666666666,0.012679166160523891,-1.4785915016422602
TOKYOTECH_s01,91,123,95.1,0.137032151222229,-1.2199224319088684
TOKYOTECH_s01,91,124,95.13333333333334,0.1988542377948761,-0.7798472030780622
TOKYOTECH_s01,91,125,95.16666666666667,-0.0020872578024864197,-0.20211076780416037
TOKYOTECH_s01,91,126,95.2,-0.2490212470293045,0.4292195853504183
TOKYOTECH_s01,91,127,95.23333333333333,-0.4236588180065155,1.009446980267221
TOKYOTECH_s01,91,128,95.26666666666667,-0.7634047269821167,1.442573702804257
TOKYOTECH_s01,91,129,95.3,-0.9370184540748596,1.66733470538811
TOKYOTECH_s01,91,130,95.33333333333333,-0.970370888710022,1.6695460602649126
TOKYOTECH_s01,91,131,95.36666666666666,-1.0402259826660156,1.4781691074959136
TOKYOTECH_s01,91,132,95.4,-1.1286275386810303,1.1495371908417042
TOKYOTECH_s01,91,133,95.43333333333334,-1.2261253595352173,0.7473965933137098
TOKYOTECH_s01,91,134,95.46666666666667,-0.7373763918876648,0.3257620220233227
TOKYOTECH_s01,91,135,95.5,0.6501948833465576,-0.08088526939074737
TOKYOTECH_s01,91,136,95.53333333333333,1.8450939655303955,-0.4579894216308541
TOKYOTECH_s01,91,137,95.56666666666666,1.610012412071228,-0.802576875179754
TOKYOTECH_s01,91,138,95.6,1.1670197248458862,-1.1102193979884034
TOKYOTECH_s01,91,139,95.63333333333334,0.9661176204681396,-1.3635847653987274
TOKYOTECH_s01,91,140,95.66666666666667,0.49150508642196655,-1.5282475775978912
TOKYOTECH_s01,91,141,95.7,-0.03591221198439598,-1.5585161380731658
TOKYOTECH_s01,91,142,95.73333333333333,-0.07946331799030304,-1.4123086326448426
TOKYOTECH_s01,91,143,95.76666666666667,0.27103251218795776,-1.0704927749252489
TOKYOTECH_s01,91,144,95.8,0.44641825556755066,-0.5533736941364124
TOKYOTECH_s01,91,145,95.83333333333333,0.17963820695877075,0.07364521711438088
TOKYOTECH_s01,91,146,95.86666666666666,-0.20818716287612915,0.7105705316682266
TOKYOTECH_s01,91,147,95.9,-0.3747130334377289,1.248264407446011
TOKYOTECH_s01,91,148,95.93333333333334,-0.5833724737167358,1.5992902916055622
TOKYOTECH_s01,91,149,95.96666666666667,-0.8457028865814209,1.7208425135954013
TOKYOTECH_s01,91,150,96.0,-0.7910080552101135,1.6210521978151877
TOKYOTECH_s01,91,151,96.03333333333333,-0.8429858684539795,1.3487307829355908
TOKYOTECH_s01,91,152,96.06666666666666,-0.9860823750495911,0.9730748363872475
TOKYOTECH_s01,91,153,96.1,-0.8913016319274902,0.5618700984782
TOKYOTECH_s01,91,154,96.13333333333334,-0.08757501095533371,0.1652683765358582
TOKYOTECH_s01,91,155,96.16666666666667,1.3117307424545288,-0.19102599254241506
TOKYOTECH_s01,91,156,96.2,1.7103060483932495,-0.5027827741129952
TOKYOTECH_s01,91,157,96.23333333333333,1.5459065437316895,-0.7769875562497798
TOKYOTECH_s01,91,158,96.26666666666667,1.1402432918548584,-1.0187483990685466
TOKYOTECH_s01,91,159,96.3,0.5763627886772156,-1.2204537144868017
TOKYOTECH_s01,91,160,96.33333333333333,0.11013756692409515,-1.357405950087474
TOKYOTECH_s01,91,161,96.36666666666666,0.0032680321019142866,-1.3920767408904724
TOKYOTECH_s01,91,162,96.4,0.10442788153886795,-1.2863632861260428
TOKYOTECH_s01,91,163,96.43333333333334,0.14352937042713165,-1.0183466592493888
TOKYOTECH_s01,91,164,96.46666666666667,0.02590988203883171,-0.597713105386699
TOKYOTECH_s01,91,165,96.5,-0.1761341691017151,-0.07293171537395556
TOKYOTECH_s01,91,166,96.53333333333333,-0.39770928025245667,0.47534846660947067
TOKYOTECH_s01,91,167,96.56666666666666,-0.5486811995506287,0.9548499115925085
TOKYOTECH_s01,91,168,96.6,-0.8861038684844971,1.2883071960873327
TOKYOTECH_s01,91,169,96.63333333333334,-1.1272493600845337,1.4340919396278728
TOKYOTECH_s01,91,170,96.66666666666667,-1.140873908996582,1.3926845508144103
TOKYOTECH_s01,91,171,96.7,-1.0125044584274292,1.1989823483987334
TOKYOTECH_s01,91,172,96.73333333333333,-0.918393075466156,0.9062356332410197
TOKYOTECH_s01,91,173,96.76666666666667,-0.5661252737045288,0.5688347919764658
TOKYOTECH_s01,91,174,96.8,0.6217252612113953,0.2294421330435382
TOKYOTECH_s01,91,175,96.83333333333333,1.8271772861480713,-0.086897173120995
TOKYOTECH_s01,91,176,96.86666666666666,2.0026419162750244,-0.3714438050395047
TOKYOTECH_s01,91,177,96.9,1.210610270500183,-0.6247681884546529
TOKYOTECH_s01,91,178,96.93333333333334,0.7130014300346375,-0.8469718476417035
TOKYOTECH_s01,91,179,96.96666666666667,0.542301595211029,-1.0289303367328577
TOKYOTECH_s01,91,180,97.0,0.2804436683654785,-1.1483489297523937
TOKYOTECH_s01,91,181,97.03333333333333,0.055678993463516235,-1.1731549060518676
TOKYOTECH_s01,91,182,97.06666666666666,0.09316602349281311,-1.072221631366043
TOKYOTECH_s01,91,183,97.1,0.06898846477270126,-0.8301682122468959
TOKYOTECH_s01,91,184,97.13333333333334,-3.964693678426556e-05,-0.4602102807670407
TOKYOTECH_s01,91,185,97.16666666666667,-0.05859344080090523,-0.008467814707343747
TOKYOTECH_s01,91,186,97.2,-0.34754282236099243,0.4541013827721657
TOKYOTECH_s01,91,187,97.23333333333333,-0.8209347128868103,0.850364515496467
TOKYOTECH_s01,91,188,97.26666666666667,-1.1698554754257202,1.1186109018055959
TOKYOTECH_s01,91,189,97.3,-1.2507754564285278,1.2275922140829347
TOKYOTECH_s01,91,190,97.33333333333333,-1.246995210647583,1.1797068842330305
TOKYOTECH_s01,91,191,97.36666666666666,-1.129454493522644,1.003523535678065
TOKYOTECH_s01,91,192,97.4,-1.0758228302001953,0.7408206146481237
TOKYOTECH_s01,91,193,97.43333333333334,-0.5015861392021179,0.4337921116705242
TOKYOTECH_s01,91,194,97.46666666666667,0.9339464902877808,0.11641395847268995
TOKYOTECH_s01,91,195,97.5,1.939008355140686,-0.18836843056472202
TOKYOTECH_s01,91,196,97.53333333333333,1.6091067790985107,-0.4660554826862445
TOKYOTECH_s01,91,197,97.56666666666666,0.858145534992218,-0.7046853289017572
TOKYOTECH_s01,91,198,97.6,0.44452816247940063,-0.888842645152446
TOKYOTECH_s01,91,199,97.63333333333334,0.16727377474308014,-0.9969643675269574
TOKYOTECH_s01,91,200,97.66666666666667,-0.1162809357047081,-1.0040428040404912
TOKYOTECH_s01,91,201,97.7,-0.16077709197998047,-0.8895779860930688
TOKYOTECH_s01,91,202,97.73333333333333,0.07832084596157074,-0.6482365822791943
TOKYOTECH_s01,91,203,97.76666666666667,0.2668585479259491,-0.29877528439167333
TOKYOTECH_s01,91,204,97.8,0.0902521163225174,0.1137747098615096
TOKYOTECH_s01,91,205,97.83333333333333,-0.2668984532356262,0.5256295879069365
TOKYOTECH_s01,91,206,97.86666666666666,-0.5113910436630249,0.8698812420225059
TOKYOTECH_s01,91,207,97.9,-0.8458210229873657,1.0942524869865946
TOKYOTECH_s01,91,208,97.93333333333334,-1.1577666997909546,1.1737606791476212
TOKYOTECH_s01,91,209,97.96666666666667,-1.2161235809326172,1.1135867401991713
TOKYOTECH_s01,91,210,98.0,-1.2588083744049072,0.942151000264996
TOKYOTECH_s01,91,211,98.03333333333333,-1.262509822845459,0.6984386103145872
TOKYOTECH_s01,91,212,98.06666666666666,-0.9782463312149048,0.418955224768874
TOKYOTECH_s01,91,213,98.1,0.23082846403121948,0.12883478091639172
TOKYOTECH_s01,91,214,98.13333333333334,1.757519245147705,-0.1601674841327506
TOKYOTECH_s01,91,215,98.16666666666667,2.1607017517089844,-0.4446922153448791
TOKYOTECH_s01,91,216,98.2,1.5416144132614136,-0.7208641751090149
TOKYOTECH_s01,91,217,98.23333333333333,0.9669839143753052,-0.9763208824816112
TOKYOTECH_s01,91,218,98.26666666666667,0.5955788493156433,-1.1871254748518427
TOKYOTECH_s01,91,219,98.3,0.35604774951934814,-1.320974455070201
TOKYOTECH_s01,91,220,98.33333333333333,0.14538009464740753,-1.3457494460876296
TOKYOTECH_s01,91,221,98.36666666666666,0.1824733465909958,-1.2406910286217925
TOKYOTECH_s01,91,222,98.4,0.19692476093769073,-1.006236934622157
TOKYOTECH_s01,91,223,98.43333333333334,0.1398279219865799,-0.6684086784449778
TOKYOTECH_s01,91,224,98.46666666666667,-0.03536093235015869,-0.27514456966076883
TOKYOTECH_s01,91,225,98.5,-0.30548804998397827,0.11489401173121262
TOKYOTECH_s01,91,226,98.53333333333333,-0.5062326788902283,0.44694752911599667
TOKYOTECH_s01,91,227,98.56666666666666,-0.7447399497032166,0.6824564500118409
TOKYOTECH_s01,91,228,98.6,-1.0485345125198364,0.8049137795342289
TOKYOTECH_s01,91,229,98.63333333333334,-1.2056492567062378,0.8187037791159436
TOKYOTECH_s01,91,230,98.66666666666667,-1.165287733078003,0.7433696151926592
TOKYOTECH_s01,91,231,98.7,-1.163358211517334,0.6067792899782798
TOKYOTECH_s01,91,232,98.73333333333333,-0.6834691166877747,0.4396416036791109
TOKYOTECH_s01,91,233,98.76666666666667,0.6368854641914368,0.27194535150316645
TOKYOTECH_s01,91,234,98.8,1.835170865058899,0.13053447349034247
TOKYOTECH_s01,91,235,98.83333333333333,1.980748176574707,0.036713889783655786
TOKYOTECH_s01,91,236,98.86666666666666,1.489518404006958,0.003351465572928044
TOKYOTECH_s01,91,237,98.9,0.8275101184844971,0.03199560733566954
TOKYOTECH_s01,91,238,98.93333333333334,0.32667240500450134,0.11144074147244279
TOKYOTECH_s01,91,239,98.96666666666667,-0.072690449655056,0.21919817803092406
TOKYOTECH_s01,92,0,92.0,-0.29190292954444885,-0.14081626705651076
TOKYOTECH_s01,92,1,92.03333333333333,-0.4538610875606537,-0.1792239257763991
TOKYOTECH_s01,92,2,92.06666666666666,-0.8035693764686584,-0.244457992696459
TOKYOTECH_s01,92,3,92.1,-1.112916111946106,-0.3570255201551447
TOKYOTECH_s01,92,4,92.13333333333334,-0.9559195041656494,-0.5202281733658175
TOKYOTECH_s01,92,5,92.16666666666667,-1.0894867181777954,-0.7190308633655579
TOKYOTECH_s01,92,6,92.2,-1.2866873741149902,-0.9248060731196112
TOKYOTECH_s01,92,7,92.23333333333333,-0.6846504211425781,-1.1040939074383558
TOKYOTECH_s01,92,8,92.26666666666667,0.7404079437255859,-1.2278258299857723
TOKYOTECH_s01,92,9,92.3,1.7595667839050293,-1.2772924652341309
TOKYOTECH_s01,92,10,92.33333333333333,1.7452728748321533,-1.2450658579711447
TOKYOTECH_s01,92,11,92.36666666666666,1.237701654434204,-1.1318898439295875
TOKYOTECH_s01,92,12,92.4,0.7822657823562622,-0.9424368715709635
TOKYOTECH_s01,92,13,92.43333333333334,0.22153547406196594,-0.6828678686223849
TOKYOTECH_s01,92,14,92.46666666666667,-0.05705773085355759,-0.36154603133379287
TOKYOTECH_s01,92,15,92.5,0.07135108858346939,0.007702431984950282
TOKYOTECH_s01,92,16,92.53333333333333,0.09781252592802048,0.4016275456276526
TOKYOTECH_s01,92,17,92.56666666666666,0.3986538052558899,0.7853967757564231
TOKYOTECH_s01,92,18,92.6,0.342935174703598,1.1149249208847756
TOKYOTECH_s01,92,19,92.63333333333334,-0.1160052940249443,1.3450271357196093
TOKYOTECH_s01,92,20,92.66666666666667,-0.41554713249206543,1.441488582787146
TOKYOTECH_s01,92,21,92.7,-0.6195994019508362,1.3920647799553776
TOKYOTECH_s01,92,22,92.73333333333333,-0.8600755333900452,1.210954546438678
TOKYOTECH_s01,92,23,92.76666666666667,-1.0084092617034912,0.9340206912207347
TOKYOTECH_s01,92,24,92.8,-0.920834481716156,0.6066071450373335
TOKYOTECH_s01,92,25,92.83333333333333,-1.0371150970458984,0.26945591281654035
TOKYOTECH_s01,92,26,92.86666666666666,-0.8080583810806274,-0.05117684685800301
TOKYOTECH_s01,92,27,92.9,0.5266294479370117,-0.3453009855402798
TOKYOTECH_s01,92,28,92.93333333333334,1.6705745458602905,-0.612505420273892
TOKYOTECH_s01,92,29,92.96666666666667,1.9561768770217896,-0.8502476021133438
TOKYOTECH_s01,92,30,93.0,1.5096007585525513,-1.043382543499858
TOKYOTECH_s01,92,31,93.03333333333333,0.9037048816680908,-1.1611289276290446
TOKYOTECH_s01,92,32,93.06666666666666,0.5399389266967773,-1.1640935540946569
TOKYOTECH_s01,92,33,93.1,0.1549881100654602,-1.0191045279166826
TOKYOTECH_s01,92,34,93.13333333333334,-0.02106703445315361,-0.7161531247266752
TOKYOTECH_s01,92,35,93.16666666666667,-0.008781369775533676,-0.28046546703670316
TOKYOTECH_s01,92,36,93.2,0.20649340748786926,0.22638678114358912
TOKYOTECH_s01,92,37,93.23333333333333,0.08903142064809799,0.7187764246968774
TOKYOTECH_s01,92,38,93.26666666666667,-0.35616642236709595,1.1092884276587642
TOKYOTECH_s01,92,39,93.3,-0.49674278497695923,1.3326194697722455
TOKYOTECH_s01,92,40,93.33333333333333,-0.6435407400131226,1.361910945017515
TOKYOTECH_s01,92,41,93.36666666666666,-1.0376664400100708,1.2119180434689245
TOKYOTECH_s01,92,42,93.4,-1.1533170938491821,0.9294006288825769
TOKYOTECH_s01,92,43,93.43333333333334,-0.9931308627128601,0.5760489946306238
TOKYOTECH_s01,92,44,93.46666666666667,-0.9581639766693115,0.21072753964251875
TOKYOTECH_s01,92,45,93.5,-0.9386723041534424,-0.12357157984711956
TOKYOTECH_s01,92,46,93.53333333333333,0.07867524027824402,-0.4051378788594782
TOKYOTECH_s01,92,47,93.56666666666666,1.509915828704834,-0.6310614145323236
TOKYOTECH_s01,92,48,93.6,1.9791730642318726,-0.8090613618895814
TOKYOTECH_s01,92,49,93.63333333333334,1.4127724170684814,-0.9473175069281804
TOKYOTECH_s01,92,50,93.66666666666667,0.8770071864128113,-1.0460377750341348
TOKYOTECH_s01,92,51,93.7,0.6687415242195129,-1.0933786735389504
TOKYOTECH_s01,92,52,93.73333333333333,0.4253121316432953,-1.066830535638017
TOKYOTECH_s01,92,53,93.76666666666667,0.11946994811296463,-0.9400924434170043
TOKYOTECH_s01,92,54,93.8,0.23307296633720398,-0.6946848986536732
TOKYOTECH_s01,92,55,93.83333333333333,0.45960959792137146,-0.3335527334915666
TOKYOTECH_s01,92,56,93.86666666666666,0.24205094575881958,0.1093535274846873
TOKYOTECH_s01,92,57,93.9,-0.219842791557312,0.5703964135395531
TOKYOTECH_s01,92,58,93.93333333333334,-0.47681793570518494,0.9709387938048025
TOKYOTECH_s01,92,59,93.96666666666667,-0.6233008503913879,1.2404497971682191
TOKYOTECH_s01,92,60,94.0,-0.9687958359718323,1.3376437390264309
TOKYOTECH_s01,92,61,94.03333333333333,-1.1504031419754028,1.2599769605480509
TOKYOTECH_s01,92,62,94.06666666666666,-1.067671775817871,1.0387802050508315
TOKYOTECH_s01,92,63,94.1,-0.9737573266029358,0.7247600753676628
TOKYOTECH_s01,92,64,94.13333333333334,-1.0266014337539673,0.3711548722760485
TOKYOTECH_s01,92,65,94.16666666666667,-0.7971115112304688,0.02032677609087638
TOKYOTECH_s01,92,66,94.2,0.4676819145679474,-0.30277966277372603
TOKYOTECH_s01,92,67,94.23333333333333,1.8389904499053955,-0.5892164315031128
TOKYOTECH_s01,92,68,94.26666666666667,1.8775800466537476,-0.8380862177351848
TOKYOTECH_s01,92,69,94.3,1.283733606338501,-1.0457038560268899
TOKYOTECH_s01,92,70,94.33333333333333,0.7510003447532654,-1.1966017562031623
TOKYOTECH_s01,92,71,94.36666666666666,0.5037907361984253,-1.260874470580172
TOKYOTECH_s01,92,72,94.4,-0.040873732417821884,-1.2006581088717152
TOKYOTECH_s01,92,73,94.43333333333334,0.10501854121685028,-0.9851517914415333
TOKYOTECH_s01,92,74,94.46666666666667,0.2424447238445282,-0.6091051857603301
TOKYOTECH_s01,92,75,94.5,0.027642475441098213,-0.10623193526925674
TOKYOTECH_s01,92,76,94.53333333333333,0.11320897936820984,0.45084630434407746
TOKYOTECH_s01,92,77,94.56666666666666,-0.12762154638767242,0.9671244343083939
TOKYOTECH_s01,92,78,94.6,-0.43885838985443115,1.352297444459592
TOKYOTECH_s01,92,79,94.63333333333334,-0.8761414289474487,1.5464097541198287
TOKYOTECH_s01,92,80,94.66666666666667,-0.8658246397972107,1.5336260013675567
TOKYOTECH_s01,92,81,94.7,-0.9554469585418701,1.3404959272507981
TOKYOTECH_s01,92,82,94.73333333333333,-0.8658639788627625,1.0218612804193918
TOKYOTECH_s01,92,83,94.76666666666667,-0.9078400135040283,0.6412237956241363
TOKYOTECH_s01,92,84,94.8,-1.0521966218948364,0.2525544749489686
TOKYOTECH_s01,92,85,94.83333333333333,0.08611751347780228,-0.1112394680342031
TOKYOTECH_s01,92,86,94.86666666666666,1.6182029247283936,-0.4401301470143813
TOKYOTECH_s01,92,87,94.9,1.89057457447052,-0.7388594066771436
TOKYOTECH_s01,92,88,94.93333333333334,1.4250186681747437,-1.0124852397707593
TOKYOTECH_s01,92,89,94.96666666666667,0.9482797980308533,-1.2521168900787492
TOKYOTECH_s01,92,90,95.0,0.5279289484024048,-1.4275765555106166
TOKYOTECH_s01,92,91,95.03333333333333,0.10702677071094513,-1.4911937276394864
TOKYOTECH_s01,92,92,95.06666666666666,0.012679166160523891,-1.3928061593741488
TOKYOTECH_s01,92,93,95.1,0.137032151222229,-1.1014985731224398
TOKYOTECH_s01,92,94,95.13333333333334,0.1988542377948761,-0.6259536463784505
TOKYOTECH_s01,92,95,95.16666666666667,-0.0020872578024864197,-0.023964262532460978
TOKYOTECH_s01,92,96,95.2,-0.2490212470293045,0.6059019657166433
TOKYOTECH_s01,92,97,95.23333333333333,-0.4236588180065155,1.1502877494544397
TOKYOTECH_s01,92,98,95.26666666666667,-0.7634047269821167,1.514773821613614
TOKYOTECH_s01,92,99,95.3,-0.9370184540748596,1.6503720188777944
TOKYOTECH_s01,92,100,95.33333333333333,-0.970370888710022,1.5621573846904562
TOKYOTECH_s01,92,101,95.36666666666666,-1.0402259826660156,1.2990996645091055
TOKYOTECH_s01,92,102,95.4,-1.1286275386810303,0.932084279698197
TOKYOTECH_s01,92,103,95.43333333333334,-1.2261253595352173,0.530038802772267
TOKYOTECH_s01,92,104,95.46666666666667,-0.7373763918876648,0.14238414342098787
TOKYOTECH_s01,92,105,95.5,0.6501948833465576,-0.20787534618766212
TOKYOTECH_s01,92,106,95.53333333333333,1.8450939655303955,-0.5199006959075431
TOKYOTECH_s01,92,107,95.56666666666666,1.610012412071228,-0.8023448575352461
TOKYOTECH_s01,92,108,95.6,1.1670197248458862,-1.0577790158220761
TOKYOTECH_s01,92,109,95.63333333333334,0.9661176204681396,-1.2709405263669074
TOKYOTECH_s01,92,110,95.66666666666667,0.49150508642196655,-1.4061478044513906
TOKYOTECH_s01,92,111,95.7,-0.03591221198439598,-1.41579549400384
TOKYOTECH_s01,92,112,95.73333333333333,-0.07946331799030304,-1.257684320613473
TOKYOTECH_s01,92,113,95.76666666666667,0.27103251218795776,-0.91529250300534
TOKYOTECH_s01,92,114,95.8,0.44641825556755066,-0.4130625972327113
TOKYOTECH_s01,92,115,95.83333333333333,0.17963820695877075,0.18071037506201565
TOKYOTECH_s01,92,116,95.86666666666666,-0.20818716287612915,0.7671660039491581
TOKYOTECH_s01,92,117,95.9,-0.3747130334377289,1.2434147845616634
TOKYOTECH_s01,92,118,95.93333333333334,-0.5833724737167358,1.5320559799849292
TOKYOTECH_s01,92,119,95.96666666666667,-0.8457028865814209,1.601020456230212
TOKYOTECH_s01,92,120,96.0,-0.7910080552101135,1.4665767728758092
TOKYOTECH_s01,92,121,96.03333333333333,-0.8429858684539795,1.1810108282353706
TOKYOTECH_s01,92,122,96.06666666666666,-0.9860823750495911,0.8120531111011015
TOKYOTECH_s01,92,123,96.1,-0.8913016319274902,0.422252205839086
TOKYOTECH_s01,92,124,96.13333333333334,-0.08757501095533371,0.054754652292061674
TOKYOTECH_s01,92,125,96.16666666666667,1.3117307424545288,-0.2712660651394535
TOKYOTECH_s01,92,126,96.2,1.7103060483932495,-0.5558598688329921
TOKYOTECH_s01,92,127,96.23333333333333,1.5459065437316895,-0.8073635709621776
TOKYOTECH_s01,92,128,96.26666666666667,1.1402432918548584,-1.0297925841166438
TOKYOTECH_s01,92,129,96.3,0.5763627886772156,-1.213127592924511
TOKYOTECH_s01,92,130,96.33333333333333,0.11013756692409515,-1.3301285534235374
TOKYOTECH_s01,92,131,96.36666666666666,0.0032680321019142866,-1.3415036126495465
TOKYOTECH_s01,92,132,96.4,0.10442788153886795,-1.2087332240160462
TOKYOTECH_s01,92,133,96.43333333333334,0.14352937042713165,-0.9111299522842813
TOKYOTECH_s01,92,134,96.46666666666667,0.02590988203883171,-0.4614675099698138
TOKYOTECH_s01,92,135,96.5,-0.1761341691017151,0.08676408483523979
TOKYOTECH_s01,92,136,96.53333333333333,-0.39770928025245667,0.6465212223026443
TOKYOTECH_s01,92,137,96.56666666666666,-0.5486811995506287,1.119470125762152
TOKYOTECH_s01,92,138,96.6,-0.8861038684844971,1.4251555882416702
TOKYOTECH_s01,92,139,96.63333333333334,-1.1272493600845337,1.523746112809698
TOKYOTECH_s01,92,140,96.66666666666667,-1.140873908996582,1.4229990977986824
TOKYOTECH_s01,92,141,96.7,-1.0125044584274292,1.1689929407241737
TOKYOTECH_s01,92,142,96.73333333333333,-0.918393075466156,0.826892327584711
TOKYOTECH_s01,92,143,96.76666666666667,-0.5661252737045288,0.46009708077011746
TOKYOTECH_s01,92,144,96.8,0.6217252612113953,0.11459652116802611
TOKYOTECH_s01,92,145,96.83333333333333,1.8271772861480713,-0.18781715230285606
TOKYOTECH_s01,92,146,96.86666666666666,2.0026419162750244,-0.4469322214719767
TOKYOTECH_s01,92,147,96.9,1.210610270500183,-0.6740526531673259
TOKYOTECH_s01,92,148,96.93333333333334,0.7130014300346375,-0.8783626692622833
TOKYOTECH_s01,92,149,96.96666666666667,0.542301595211029,-1.0547447224750215
TOKYOTECH_s01,92,150,97.0,0.2804436683654785,-1.1780475068856013
TOKYOTECH_s01,92,151,97.03333333333333,0.055678993463516235,-1.2072384185488267
TOKYOTECH_s01,92,152,97.06666666666666,0.09316602349281311,-1.0996738587346766
TOKYOTECH_s01,92,153,97.1,0.06898846477270126,-0.8312988300438512
TOKYOTECH_s01,92,154,97.13333333333334,-3.964693678426556e-05,-0.41450395797911405
TOKYOTECH_s01,92,155,97.16666666666667,-0.05859344080090523,0.09553508522371261
TOKYOTECH_s01,92,156,97.2,-0.34754282236099243,0.6111476787167782
TOKYOTECH_s01,92,157,97.23333333333333,-0.8209347128868103,1.0365848194903693
TOKYOTECH_s01,92,158,97.26666666666667,-1.1698554754257202,1.296735833378287
TOKYOTECH_s01,92,159,97.3,-1.2507754564285278,1.3578897408541002
TOKYOTECH_s01,92,160,97.33333333333333,-1.246995210647583,1.232665736773187
TOKYOTECH_s01,92,161,97.36666666666666,-1.129454493522644,0.9690803291652754
TOKYOTECH_s01,92,162,97.4,-1.0758228302001953,0.6301081436406859
TOKYOTECH_s01,92,163,97.43333333333334,-0.5015861392021179,0.2726691621782041
TOKYOTECH_s01,92,164,97.46666666666667,0.9339464902877808,-0.06626618409712591
TOKYOTECH_s01,92,165,97.5,1.939008355140686,-0.37249514448766036
TOKYOTECH_s01,92,166,97.53333333333333,1.6091067790985107,-0.6468523188223847
TOKYOTECH_s01,92,167,97.56666666666666,0.858145534992218,-0.8913967955481188
TOKYOTECH_s01,92,168,97.6,0.44452816247940063,-1.0963227355515264
TOKYOTECH_s01,92,169,97.63333333333334,0.16727377474308014,-1.2340965133928947
TOKYOTECH_s01,92,170,97.66666666666667,-0.1162809357047081,-1.2642100373262928
TOKYOTECH_s01,92,171,97.7,-0.16077709197998047,-1.1474387039261054
TOKYOTECH_s01,92,172,97.73333333333333,0.07832084596157074,-0.8644641124850116
TOKYOTECH_s01,92,173,97.76666666666667,0.2668585479259491,-0.4312372398898703
TOKYOTECH_s01,92,174,97.8,0.0902521163225174,0.09657108730130375
TOKYOTECH_s01,92,175,97.83333333333333,-0.2668984532356262,0.633976134519596
TOKYOTECH_s01,92,176,97.86666666666666,-0.5113910436630249,1.0890134183577844
TOKYOTECH_s01,92,177,97.9,-0.8458210229873657,1.3881380556584069
TOKYOTECH_s01,92,178,97.93333333333334,-1.1577666997909546,1.4947261425055829
TOKYOTECH_s01,92,179,97.96666666666667,-1.2161235809326172,1.4144147676132492
TOKYOTECH_s01,92,180,98.0,-1.2588083744049072,1.186913588414865
TOKYOTECH_s01,92,181,98.03333333333333,-1.262509822845459,0.8690242885228104
TOKYOTECH_s01,92,182,98.06666666666666,-0.9782463312149048,0.5159338079882627
TOKYOTECH_s01,92,183,98.1,0.23082846403121948,0.16736926846230504
TOKYOTECH_s01,92,184,98.13333333333334,1.757519245147705,-0.15718736678347295
TOKYOTECH_s01,92,185,98.16666666666667,2.1607017517089844,-0.45369114337643524
TOKYOTECH_s01,92,186,98.2,1.5416144132614136,-0.7225719584325825
TOKYOTECH_s01,92,187,98.23333333333333,0.9669839143753052,-0.9574818424430908
TOKYOTECH_s01,92,188,98.26666666666667,0.5955788493156433,-1.1391968453698078
TOKYOTECH_s01,92,189,98.3,0.35604774951934814,-1.2374632797006702
TOKYOTECH_s01,92,190,98.33333333333333,0.14538009464740753,-1.2201920405509863
TOKYOTECH_s01,92,191,98.36666666666666,0.1824733465909958,-1.0664768464174474
TOKYOTECH_s01,92,192,98.4,0.19692476093769073,-0.7782751872940011
TOKYOTECH_s01,92,193,98.43333333333334,0.1398279219865799,-0.3858211328223165
TOKYOTECH_s01,92,194,98.46666666666667,-0.03536093235015869,0.05600251254987986
TOKYOTECH_s01,92,195,98.5,-0.30548804998397827,0.47967793223402005
TOKYOTECH_s01,92,196,98.53333333333333,-0.5062326788902283,0.8213867143293044
TOKYOTECH_s01,92,197,98.56666666666666,-0.7447399497032166,1.035837258446454
TOKYOTECH_s01,92,198,98.6,-1.0485345125198364,1.104624367006651
TOKYOTECH_s01,92,199,98.63333333333334,-1.2056492567062378,1.0361479865578445
TOKYOTECH_s01,92,200,98.66666666666667,-1.165287733078003,0.8586332132590768
TOKYOTECH_s01,92,201,98.7,-1.163358211517334,0.6098946041211916
TOKYOTECH_s01,92,202,98.73333333333333,-0.6834691166877747,0.32732090861788316
TOKYOTECH_s01,92,203,98.76666666666667,0.6368854641914368,0.04036716779369489
TOKYOTECH_s01,92,204,98.8,1.835170865058899,-0.23295435846441728
TOKYOTECH_s01,92,205,98.83333333333333,1.980748176574707,-0.48480535552126097
TOKYOTECH_s01,92,206,98.86666666666666,1.489518404006958,-0.7120469342638561
TOKYOTECH_s01,92,207,98.9,0.8275101184844971,-0.9087224900700062
TOKYOTECH_s01,92,208,98.93333333333334,0.32667240500450134,-1.059669417312444
TOKYOTECH_s01,92,209,98.96666666666667,-0.072690449655056,-1.1385130711443714
TOKYOTECH_s01,92,210,99.0,-0.15073592960834503,-1.1122953422970636
TOKYOTECH_s01,92,211,99.03333333333333,-0.04721345007419586,-0.9526577393775147
TOKYOTECH_s01,92,212,99.06666666666666,0.015868714079260826,-0.6501900146126439
TOKYOTECH_s01,92,213,99.1,-0.06036541238427162,-0.2257512841255937
TOKYOTECH_s01,92,214,99.13333333333334,-0.16451792418956757,0.2677717077257724
TOKYOTECH_s01,92,215,99.16666666666667,-0.37794196605682373,0.7562236882956568
TOKYOTECH_s01,92,216,99.2,-0.6576377153396606,1.1639018871073963
TOKYOTECH_s01,92,217,99.23333333333333,-0.853145182132721,1.4337862767658902
TOKYOTECH_s01,92,218,99.26666666666667,-0.9654093980789185,1.5402468963298899
TOKYOTECH_s01,92,219,99.3,-1.0134494304656982,1.4906782404251984
TOKYOTECH_s01,92,220,99.33333333333333,-0.9762774705886841,1.3174838711978707
TOKYOTECH_s01,92,221,99.36666666666666,-0.9082731604576111,1.064830662962301
TOKYOTECH_s01,92,222,99.4,-0.16077709197998047,0.7749884660741004
TOKYOTECH_s01,92,223,99.43333333333334,1.346540093421936,0.4780631086293285
TOKYOTECH_s01,92,224,99.46666666666667,1.997207760810852,0.18781664442863102
TOKYOTECH_s01,92,225,99.5,1.6649435758590698,-0.09515325010762979
TOKYOTECH_s01,92,226,99.53333333333333,1.1122854948043823,-0.37392069911430326
TOKYOTECH_s01,92,227,99.56666666666666,0.628695011138916,-0.6432952580576837
TOKYOTECH_s01,92,228,99.6,0.047961074858903885,-0.8813484227956948
TOKYOTECH_s01,92,229,99.63333333333334,-0.22945080697536469,-1.0498747896988718
TOKYOTECH_s01,92,230,99.66666666666667,-0.16018643975257874,-1.1056621862281923
TOKYOTECH_s01,92,231,99.7,0.004724985919892788,-1.019134202103647
TOKYOTECH_s01,92,232,99.73333333333333,0.04256640747189522,-0.7925025254144128
TOKYOTECH_s01,92,233,99.76666666666667,-0.222166046500206,-0.4683573561672679
TOKYOTECH_s01,92,234,99.8,-0.5372618436813354,-0.1227548216924546
TOKYOTECH_s01,92,235,99.83333333333333,-0.8358979821205139,0.15642615799993254
TOKYOTECH_s01,92,236,99.86666666666666,-1.051842212677002,0.2977184488218928
TOKYOTECH_s01,92,237,99.9,-1.1612318754196167,0.269373013356716
TOKYOTECH_s01,92,238,99.93333333333334,-1.2080512046813965,0.0892250453707819
TOKYOTECH_s01,92,239,99.96666666666667,-1.2264797687530518,-0.181041814449711
TOKYOTECH_s01,93,0,93.0,1.5096007585525513,0.09893085304700214
TOKYOTECH_s01,93,1,93.03333333333333,0.9037048816680908,-0.09431479477283582
TOKYOTECH_s01,93,2,93.06666666666666,0.5399389266967773,-0.20878750348654418
TOKYOTECH_s01,93,3,93.1,0.1549881100654602,-0.18474364777975444
TOKYOTECH_s01,93,4,93.13333333333334,-0.02106703445315361,0.0007982474905786525
TOKYOTECH_s01,93,5,93.16666666666667,-0.008781369775533676,0.32604086093218626
TOKYOTECH_s01,93,6,93.2,0.20649340748786926,0.7281762280281754
TOKYOTECH_s01,93,7,93.23333333333333,0.08903142064809799,1.1195765009993934
TOKYOTECH_s01,93,8,93.26666666666667,-0.35616642236709595,1.4121704164437419
TOKYOTECH_s01,93,9,93.3,-0.49674278497695923,1.5417522429883215
TOKYOTECH_s01,93,10,93.33333333333333,-0.6435407400131226,1.4836659942890287
TOKYOTECH_s01,93,11,93.36666666666666,-1.0376664400100708,1.2550093771643476
TOKYOTECH_s01,93,12,93.4,-1.1533170938491821,0.9042442685529587
TOKYOTECH_s01,93,13,93.43333333333334,-0.9931308627128601,0.49370383611176455
TOKYOTECH_s01,93,14,93.46666666666667,-0.9581639766693115,0.08177284695480606
TOKYOTECH_s01,93,15,93.5,-0.9386723041534424,-0.2898837141524299
TOKYOTECH_s01,93,16,93.53333333333333,0.07867524027824402,-0.6010991897997741
TOKYOTECH_s01,93,17,93.56666666666666,1.509915828704834,-0.84983125652499
TOKYOTECH_s01,93,18,93.6,1.9791730642318726,-1.0431990068294792
TOKYOTECH_s01,93,19,93.63333333333334,1.4127724170684814,-1.1870855966118712
TOKYOTECH_s01,93,20,93.66666666666667,0.8770071864128113,-1.2782317646106498
TOKYOTECH_s01,93,21,93.7,0.6687415242195129,-1.301354958986726
TOKYOTECH_s01,93,22,93.73333333333333,0.4253121316432953,-1.2323012125573554
TOKYOTECH_s01,93,23,93.76666666666667,0.11946994811296463,-1.0469259546717946
TOKYOTECH_s01,93,24,93.8,0.23307296633720398,-0.7339720344466032
TOKYOTECH_s01,93,25,93.83333333333333,0.45960959792137146,-0.30797763880672174
TOKYOTECH_s01,93,26,93.86666666666666,0.24205094575881958,0.18412870044914686
TOKYOTECH_s01,93,27,93.9,-0.219842791557312,0.668508462244222
TOKYOTECH_s01,93,28,93.93333333333334,-0.47681793570518494,1.06245119312934
TOKYOTECH_s01,93,29,93.96666666666667,-0.6233008503913879,1.2984778335660105
TOKYOTECH_s01,93,30,94.0,-0.9687958359718323,1.3441016329846807
TOKYOTECH_s01,93,31,94.03333333333333,-1.1504031419754028,1.2087342107099104
TOKYOTECH_s01,93,32,94.06666666666666,-1.067671775817871,0.9360341385853458
TOKYOTECH_s01,93,33,94.1,-0.9737573266029358,0.586817850867326
TOKYOTECH_s01,93,34,94.13333333333334,-1.0266014337539673,0.2201667308178862
TOKYOTECH_s01,93,35,94.16666666666667,-0.7971115112304688,-0.12090146314004109
TOKYOTECH_s01,93,36,94.2,0.4676819145679474,-0.4153971658331738
TOKYOTECH_s01,93,37,94.23333333333333,1.8389904499053955,-0.6611144606293906
TOKYOTECH_s01,93,38,94.26666666666667,1.8775800466537476,-0.8644114010746569
TOKYOTECH_s01,93,39,94.3,1.283733606338501,-1.0275348560492914
TOKYOTECH_s01,93,40,94.33333333333333,0.7510003447532654,-1.1387188029017714
TOKYOTECH_s01,93,41,94.36666666666666,0.5037907361984253,-1.169580919644411
TOKYOTECH_s01,93,42,94.4,-0.040873732417821884,-1.0824566022932616
TOKYOTECH_s01,93,43,94.43333333333334,0.10501854121685028,-0.8467983370398061
TOKYOTECH_s01,93,44,94.46666666666667,0.2424447238445282,-0.458986619539137
TOKYOTECH_s01,93,45,94.5,0.027642475441098213,0.0437701835852351
TOKYOTECH_s01,93,46,94.53333333333333,0.11320897936820984,0.5843729504885089
TOKYOTECH_s01,93,47,94.56666666666666,-0.12762154638767242,1.0644513259211463
TOKYOTECH_s01,93,48,94.6,-0.43885838985443115,1.3938490064787201
TOKYOTECH_s01,93,49,94.63333333333334,-0.8761414289474487,1.5177772691213722
TOKYOTECH_s01,93,50,94.66666666666667,-0.8658246397972107,1.4303963315836377
TOKYOTECH_s01,93,51,94.7,-0.9554469585418701,1.1711489628068357
TOKYOTECH_s01,93,52,94.73333333333333,-0.8658639788627625,0.8075640767887567
TOKYOTECH_s01,93,53,94.76666666666667,-0.9078400135040283,0.4123639265236522
TOKYOTECH_s01,93,54,94.8,-1.0521966218948364,0.043091695964677434
TOKYOTECH_s01,93,55,94.83333333333333,0.08611751347780228,-0.2697514952979946
TOKYOTECH_s01,93,56,94.86666666666666,1.6182029247283936,-0.5233855334152759
TOKYOTECH_s01,93,57,94.9,1.89057457447052,-0.7331241152793049
TOKYOTECH_s01,93,58,94.93333333333334,1.4250186681747437,-0.9165568996308685
TOKYOTECH_s01,93,59,94.96666666666667,0.9482797980308533,-1.0777449893642417
TOKYOTECH_s01,93,60,95.0,0.5279289484024048,-1.197825509767759
TOKYOTECH_s01,93,61,95.03333333333333,0.10702677071094513,-1.236513651259291
TOKYOTECH_s01,93,62,95.06666666666666,0.012679166160523891,-1.1453402470634162
TOKYOTECH_s01,93,63,95.1,0.137032151222229,-0.8889483396523291
TOKYOTECH_s01,93,64,95.13333333333334,0.1988542377948761,-0.4667333685249589
TOKYOTECH_s01,93,65,95.16666666666667,-0.0020872578024864197,0.07486308146628474
TOKYOTECH_s01,93,66,95.2,-0.2490212470293045,0.6473242632298856
TOKYOTECH_s01,93,67,95.23333333333333,-0.4236588180065155,1.1433717697298882
TOKYOTECH_s01,93,68,95.26666666666667,-0.7634047269821167,1.4698067745603642
TOKYOTECH_s01,93,69,95.3,-0.9370184540748596,1.575242188534067
TOKYOTECH_s01,93,70,95.33333333333333,-0.970370888710022,1.4614094005672724
TOKYOTECH_s01,93,71,95.36666666666666,-1.0402259826660156,1.1756755355076256
TOKYOTECH_s01,93,72,95.4,-1.1286275386810303,0.7903728915163584
TOKYOTECH_s01,93,73,95.43333333333334,-1.2261253595352173,0.37828305989113487
TOKYOTECH_s01,93,74,95.46666666666667,-0.7373763918876648,-0.006951034871805138
TOKYOTECH_s01,93,75,95.5,0.6501948833465576,-0.3399612322568489
TOKYOTECH_s01,93,76,95.53333333333333,1.8450939655303955,-0.6208352633718316
TOKYOTECH_s01,93,77,95.56666666666666,1.610012412071228,-0.86271074092458
TOKYOTECH_s01,93,78,95.6,1.1670197248458862,-1.0752982230406318
TOKYOTECH_s01,93,79,95.63333333333334,0.9661176204681396,-1.2512349260308637
TOKYOTECH_s01,93,80,95.66666666666667,0.49150508642196655,-1.361088392017964
TOKYOTECH_s01,93,81,95.7,-0.03591221198439598,-1.3597432895333283
TOKYOTECH_s01,93,82,95.73333333333333,-0.07946331799030304,-1.2028731252635723
TOKYOTECH_s01,93,83,95.76666666666667,0.27103251218795776,-0.8682199252331835
TOKYOTECH_s01,93,84,95.8,0.44641825556755066,-0.37356052531661416
TOKYOTECH_s01,93,85,95.83333333333333,0.17963820695877075,0.21721918642266685
TOKYOTECH_s01,93,86,95.86666666666666,-0.20818716287612915,0.8054292215621025
TOKYOTECH_s01,93,87,95.9,-0.3747130334377289,1.284534855153382
TOKYOTECH_s01,93,88,95.93333333333334,-0.5833724737167358,1.5721889370600803
TOKYOTECH_s01,93,89,95.96666666666667,-0.8457028865814209,1.6330675577711802
TOKYOTECH_s01,93,90,96.0,-0.7910080552101135,1.4837147996398965
TOKYOTECH_s01,93,91,96.03333333333333,-0.8429858684539795,1.1801714098780172
TOKYOTECH_s01,93,92,96.06666666666666,-0.9860823750495911,0.7956605470239065
TOKYOTECH_s01,93,93,96.1,-0.8913016319274902,0.39738721098164403
TOKYOTECH_s01,93,94,96.13333333333334,-0.08757501095533371,0.03011223861110867
TOKYOTECH_s01,93,95,96.16666666666667,1.3117307424545288,-0.28920487284825763
TOKYOTECH_s01,93,96,96.2,1.7103060483932495,-0.5656413986416037
TOKYOTECH_s01,93,97,96.23333333333333,1.5459065437316895,-0.812988479317486
TOKYOTECH_s01,93,98,96.26666666666667,1.1402432918548584,-1.0383582187767093
TOKYOTECH_s01,93,99,96.3,0.5763627886772156,-1.2304795026235367
TOKYOTECH_s01,93,100,96.33333333333333,0.11013756692409515,-1.3564092150116764
TOKYOTECH_s01,93,101,96.36666666666666,0.0032680321019142866,-1.3689595966725014
TOKYOTECH_s01,93,102,96.4,0.10442788153886795,-1.2234643766370379
TOKYOTECH_s01,93,103,96.43333333333334,0.14352937042713165,-0.8986698637697154
TOKYOTECH_s01,93,104,96.46666666666667,0.02590988203883171,-0.41395633149351935
TOKYOTECH_s01,93,105,96.5,-0.1761341691017151,0.16528916055927362
TOKYOTECH_s01,93,106,96.53333333333333,-0.39770928025245667,0.7395848041921741
TOKYOTECH_s01,93,107,96.56666666666666,-0.5486811995506287,1.2029949774926245
TOKYOTECH_s01,93,108,96.6,-0.8861038684844971,1.4757335943558707
TOKYOTECH_s01,93,109,96.63333333333334,-1.1272493600845337,1.5268570870400158
TOKYOTECH_s01,93,110,96.66666666666667,-1.140873908996582,1.377837312273288
TOKYOTECH_s01,93,111,96.7,-1.0125044584274292,1.0881267408066022
TOKYOTECH_s01,93,112,96.73333333333333,-0.918393075466156,0.7310704916849211
TOKYOTECH_s01,93,113,96.76666666666667,-0.5661252737045288,0.3703304357831519
TOKYOTECH_s01,93,114,96.8,0.6217252612113953,0.044712905366837474
TOKYOTECH_s01,93,115,96.83333333333333,1.8271772861480713,-0.23507141998577658
TOKYOTECH_s01,93,116,96.86666666666666,2.0026419162750244,-0.47871945614013356
TOKYOTECH_s01,93,117,96.9,1.210610270500183,-0.7020104135599069
TOKYOTECH_s01,93,118,96.93333333333334,0.7130014300346375,-0.9115749159330332
TOKYOTECH_s01,93,119,96.96666666666667,0.542301595211029,-1.0943088018464617
TOKYOTECH_s01,93,120,97.0,0.2804436683654785,-1.2155958336016164
TOKYOTECH_s01,93,121,97.03333333333333,0.055678993463516235,-1.227983973182803
TOKYOTECH_s01,93,122,97.06666666666666,0.09316602349281311,-1.0884784108148164
TOKYOTECH_s01,93,123,97.1,0.06898846477270126,-0.7789731358754274
TOKYOTECH_s01,93,124,97.13333333333334,-3.964693678426556e-05,-0.32186794106996924
TOKYOTECH_s01,93,125,97.16666666666667,-0.05859344080090523,0.21691702135685717
TOKYOTECH_s01,93,126,97.2,-0.34754282236099243,0.7415534664472669
TOKYOTECH_s01,93,127,97.23333333333333,-0.8209347128868103,1.1534632440161703
TOKYOTECH_s01,93,128,97.26666666666667,-1.1698554754257202,1.3812997261008635
TOKYOTECH_s01,93,129,97.3,-1.2507754564285278,1.4005458807878286
TOKYOTECH_s01,93,130,97.33333333333333,-1.246995210647583,1.2351496890657336
TOKYOTECH_s01,93,131,97.36666666666666,-1.129454493522644,0.9427990054823072
TOKYOTECH_s01,93,132,97.4,-1.0758228302001953,0.5918041647185641
TOKYOTECH_s01,93,133,97.43333333333334,-0.5015861392021179,0.23917747049626084
TOKYOTECH_s01,93,134,97.46666666666667,0.9339464902877808,-0.08255234960213256
TOKYOTECH_s01,93,135,97.5,1.939008355140686,-0.3664008112090349
TOKYOTECH_s01,93,136,97.53333333333333,1.6091067790985107,-0.6211228138978095
TOKYOTECH_s01,93,137,97.56666666666666,0.858145534992218,-0.8555728652321136
TOKYOTECH_s01,93,138,97.6,0.44452816247940063,-1.0641727380215589
TOKYOTECH_s01,93,139,97.63333333333334,0.16727377474308014,-1.219962111757924
TOKYOTECH_s01,93,140,97.66666666666667,-0.1162809357047081,-1.2789434997308595
TOKYOTECH_s01,93,141,97.7,-0.16077709197998047,-1.1951487667413008
TOKYOTECH_s01,93,142,97.73333333333333,0.07832084596157074,-0.9413330487328122
TOKYOTECH_s01,93,143,97.76666666666667,0.2668585479259491,-0.5269435215733309
TOKYOTECH_s01,93,144,97.8,0.0902521163225174,-0.004636251788640058
TOKYOTECH_s01,93,145,97.83333333333333,-0.2668984532356262,0.5394511648810574
TOKYOTECH_s01,93,146,97.86666666666666,-0.5113910436630249,1.0090040405881258
TOKYOTECH_s01,93,147,97.9,-0.8458210229873657,1.3250783364105456
TOKYOTECH_s01,93,148,97.93333333333334,-1.1577666997909546,1.4468744578292512
TOKYOTECH_s01,93,149,97.96666666666667,-1.2161235809326172,1.3783928559544942
TOKYOTECH_s01,93,150,98.0,-1.2588083744049072,1.1601535613350444
TOKYOTECH_s01,93,151,98.03333333333333,-1.262509822845459,0.8510220467455294
TOKYOTECH_s01,93,152,98.06666666666666,-0.9782463312149048,0.5078713083672036
TOKYOTECH_s01,93,153,98.1,0.23082846403121948,0.1703863506171665
TOKYOTECH_s01,93,154,98.13333333333334,1.757519245147705,-0.14411894831889902
TOKYOTECH_s01,93,155,98.16666666666667,2.1607017517089844,-0.4350391394135794
TOKYOTECH_s01,93,156,98.2,1.5416144132614136,-0.7058475117621048
TOKYOTECH_s01,93,157,98.23333333333333,0.9669839143753052,-0.9512128774314349
TOKYOTECH_s01,93,158,98.26666666666667,0.5955788493156433,-1.1498104781992564
TOKYOTECH_s01,93,159,98.3,0.35604774951934814,-1.2657457774369607
TOKYOTECH_s01,93,160,98.33333333333333,0.14538009464740753,-1.2583683469477485
TOKYOTECH_s01,93,161,98.36666666666666,0.1824733465909958,-1.097544472439861
TOKYOTECH_s01,93,162,98.4,0.19692476093769073,-0.7791654820383236
TOKYOTECH_s01,93,163,98.43333333333334,0.1398279219865799,-0.33451118189674556
TOKYOTECH_s01,93,164,98.46666666666667,-0.03536093235015869,0.1718258963898885
TOKYOTECH_s01,93,165,98.5,-0.30548804998397827,0.6566073480767337
TOKYOTECH_s01,93,166,98.53333333333333,-0.5062326788902283,1.0402656333205327
TOKYOTECH_s01,93,167,98.56666666666666,-0.7447399497032166,1.2678505770779775
TOKYOTECH_s01,93,168,98.6,-1.0485345125198364,1.3206229895274357
TOKYOTECH_s01,93,169,98.63333333333334,-1.2056492567062378,1.2152086366852923
TOKYOTECH_s01,93,170,98.66666666666667,-1.165287733078003,0.9925979309909511
TOKYOTECH_s01,93,171,98.7,-1.163358211517334,0.7025442468695006
TOKYOTECH_s01,93,172,98.73333333333333,-0.6834691166877747,0.3891811721174613
TOKYOTECH_s01,93,173,98.76666666666667,0.6368854641914368,0.08195316224094085
TOKYOTECH_s01,93,174,98.8,1.835170865058899,-0.20628162415314089
TOKYOTECH_s01,93,175,98.83333333333333,1.980748176574707,-0.47434800050314774
TOKYOTECH_s01,93,176,98.86666666666666,1.489518404006958,-0.7235016533127083
TOKYOTECH_s01,93,177,98.9,0.8275101184844971,-0.9476299414846486
TOKYOTECH_s01,93,178,98.93333333333334,0.32667240500450134,-1.1268501765080023
TOKYOTECH_s01,93,179,98.96666666666667,-0.072690449655056,-1.22758021482003
TOKYOTECH_s01,93,180,99.0,-0.15073592960834503,-1.2105029409409176
TOKYOTECH_s01,93,181,99.03333333333333,-0.04721345007419586,-1.04514095353513
TOKYOTECH_s01,93,182,99.06666666666666,0.015868714079260826,-0.7262786378371223
TOKYOTECH_s01,93,183,99.1,-0.06036541238427162,-0.28490931416651
TOKYOTECH_s01,93,184,99.13333333333334,-0.16451792418956757,0.21311264454531184
TOKYOTECH_s01,93,185,99.16666666666667,-0.37794196605682373,0.6827030792477157
TOKYOTECH_s01,93,186,99.2,-0.6576377153396606,1.0438618363625074
TOKYOTECH_s01,93,187,99.23333333333333,-0.853145182132721,1.2440709467109445
TOKYOTECH_s01,93,188,99.26666666666667,-0.9654093980789185,1.269775301669405
TOKYOTECH_s01,93,189,99.3,-1.0134494304656982,1.144081922245259
TOKYOTECH_s01,93,190,99.33333333333333,-0.9762774705886841,0.9138763801877415
TOKYOTECH_s01,93,191,99.36666666666666,-0.9082731604576111,0.6326952896517479
TOKYOTECH_s01,93,192,99.4,-0.16077709197998047,0.34543792474093477
TOKYOTECH_s01,93,193,99.43333333333334,1.346540093421936,0.07890533421628887
TOKYOTECH_s01,93,194,99.46666666666667,1.997207760810852,-0.15998665316292632
TOKYOTECH_s01,93,195,99.5,1.6649435758590698,-0.3783401071736339
TOKYOTECH_s01,93,196,99.53333333333333,1.1122854948043823,-0.5857869305316317
TOKYOTECH_s01,93,197,99.56666666666666,0.628695011138916,-0.7816481570598307
TOKYOTECH_s01,93,198,99.6,0.047961074858903885,-0.9466233508197449
TOKYOTECH_s01,93,199,99.63333333333334,-0.22945080697536469,-1.0440432666461408
TOKYOTECH_s01,93,200,99.66666666666667,-0.16018643975257874,-1.03162759423523
TOKYOTECH_s01,93,201,99.7,0.004724985919892788,-0.8794319814727527
TOKYOTECH_s01,93,202,99.73333333333333,0.04256640747189522,-0.5862134385861619
TOKYOTECH_s01,93,203,99.76666666666667,-0.222166046500206,-0.18634344537663725
TOKYOTECH_s01,93,204,99.8,-0.5372618436813354,0.2571078607715667
TOKYOTECH_s01,93,205,99.83333333333333,-0.8358979821205139,0.6710650873591396
TOKYOTECH_s01,93,206,99.86666666666666,-1.051842212677002,0.9942173450717366
TOKYOTECH_s01,93,207,99.9,-1.1612318754196167,1.191443221329777
TOKYOTECH_s01,93,208,99.93333333333334,-1.2080512046813965,1.2558998219125599
TOKYOTECH_s01,93,209,99.96666666666667,-1.2264797687530518,1.2012853326144521
TOKYOTECH_s01,93,210,100.0,-1.2263222932815552,1.0503619481092612
TOKYOTECH_s01,93,211,100.03333333333333,-0.7137107849121094,0.8252031336020328
TOKYOTECH_s01,93,212,100.06666666666666,0.6689777970314026,0.5423395203922468
TOKYOTECH_s01,93,213,100.1,1.788981556892395,0.21342906672788953
TOKYOTECH_s01,93,214,100.13333333333334,1.8134347200393677,-0.15011920936553455
TOKYOTECH_s01,93,215,100.16666666666667,1.350123405456543,-0.531374091811373
TOKYOTECH_s01,93,216,100.2,0.7659636735916138,-0.9038027726357529
TOKYOTECH_s01,93,217,100.23333333333333,0.2592981457710266,-1.2309531645430063
TOKYOTECH_s01,93,218,100.26666666666667,-0.15550056099891663,-1.4708614093486438
TOKYOTECH_s01,93,219,100.3,-0.2472492754459381,-1.5847173222741366
TOKYOTECH_s01,93,220,100.33333333333333,-0.1387259066104889,-1.54758991633553
TOKYOTECH_s01,93,221,100.36666666666666,0.013309200294315815,-1.357514839187916
TOKYOTECH_s01,93,222,100.4,0.06875219941139221,-1.038893734511479
TOKYOTECH_s01,93,223,100.43333333333334,-0.19661028683185577,-0.6378998912735226
TOKYOTECH_s01,93,224,100.46666666666667,-0.5236767530441284,-0.21121034730486687
TOKYOTECH_s01,93,225,100.5,-0.718357264995575,0.1872962327865427
TOKYOTECH_s01,93,226,100.53333333333333,-0.8904353380203247,0.5165295751907585
TOKYOTECH_s01,93,227,100.56666666666666,-1.0619226694107056,0.7518906858605072
TOKYOTECH_s01,93,228,100.6,-1.0805481672286987,0.8836419605877199
TOKYOTECH_s01,93,229,100.63333333333334,-1.0674355030059814,0.9134420277714369
TOKYOTECH_s01,93,230,100.66666666666667,-0.7713195085525513,0.8519074873887134
TOKYOTECH_s01,93,231,100.7,0.36963286995887756,0.717720088842013
TOKYOTECH_s01,93,232,100.73333333333333,1.5518131256103516,0.5371232657265248
TOKYOTECH_s01,93,233,100.76666666666667,1.7485018968582153,0.3422828339769465
TOKYOTECH_s01,93,234,100.8,1.3084230422973633,0.16751525753406193
TOKYOTECH_s01,93,235,100.83333333333333,0.7874242067337036,0.04347224089185628
TOKYOTECH_s01,93,236,100.86666666666666,0.26036131381988525,-0.009395910949388185
TOKYOTECH_s01,93,237,100.9,-0.1533348113298416,0.013971507089716778
TOKYOTECH_s01,93,238,100.93333333333334,-0.22078783810138702,0.10130750236529251
TOKYOTECH_s01,93,239,100.96666666666667,0.02004268951714039,0.22530595480787352
TOKYOTECH_s01,94,0,94.0,-0.9687958359718323,-0.10375347975889097
TOKYOTECH_s01,94,1,94.03333333333333,-1.1504031419754028,-0.38931914678897755
TOKYOTECH_s01,94,2,94.06666666666666,-1.067671775817871,-0.6490743942915913
TOKYOTECH_s01,94,3,94.1,-0.9737573266029358,-0.8647028282720279
TOKYOTECH_s01,94,4,94.13333333333334,-1.0266014337539673,-1.0259823732133961
TOKYOTECH_s01,94,5,94.16666666666667,-0.7971115112304688,-1.1333670565404173
TOKYOTECH_s01,94,6,94.2,0.4676819145679474,-1.1972014212980886
TOKYOTECH_s01,94,7,94.23333333333333,1.8389904499053955,-1.2328819791713226
TOKYOTECH_s01,94,8,94.26666666666667,1.8775800466537476,-1.253212201764135
TOKYOTECH_s01,94,9,94.3,1.283733606338501,-1.2605977510286788
TOKYOTECH_s01,94,10,94.33333333333333,0.7510003447532654,-1.2420272537824242
TOKYOTECH_s01,94,11,94.36666666666666,0.5037907361984253,-1.1694162783204076
TOKYOTECH_s01,94,12,94.4,-0.040873732417821884,-1.007103912176143
TOKYOTECH_s01,94,13,94.43333333333334,0.10501854121685028,-0.726126775984398
TOKYOTECH_s01,94,14,94.46666666666667,0.2424447238445282,-0.3211063426177918
TOKYOTECH_s01,94,15,94.5,0.027642475441098213,0.17768587545071196
TOKYOTECH_s01,94,16,94.53333333333333,0.11320897936820984,0.7044828976419499
TOKYOTECH_s01,94,17,94.56666666666666,-0.12762154638767242,1.1731659188251888
TOKYOTECH_s01,94,18,94.6,-0.43885838985443115,1.5025527601986601
TOKYOTECH_s01,94,19,94.63333333333334,-0.8761414289474487,1.6412329914975796
TOKYOTECH_s01,94,20,94.66666666666667,-0.8658246397972107,1.581501204657965
TOKYOTECH_s01,94,21,94.7,-0.9554469585418701,1.3574032494402715
TOKYOTECH_s01,94,22,94.73333333333333,-0.8658639788627625,1.0291687413221773
TOKYOTECH_s01,94,23,94.76666666666667,-0.9078400135040283,0.6615689276944361
TOKYOTECH_s01,94,24,94.8,-1.0521966218948364,0.3048446220700076
TOKYOTECH_s01,94,25,94.83333333333333,0.08611751347780228,-0.01550661537406486
TOKYOTECH_s01,94,26,94.86666666666666,1.6182029247283936,-0.2976582375476826
TOKYOTECH_s01,94,27,94.9,1.89057457447052,-0.5527140250308183
TOKYOTECH_s01,94,28,94.93333333333334,1.4250186681747437,-0.7892245653138018
TOKYOTECH_s01,94,29,94.96666666666667,0.9482797980308533,-0.9995056594500215
TOKYOTECH_s01,94,30,95.0,0.5279289484024048,-1.1536838427692127
TOKYOTECH_s01,94,31,95.03333333333333,0.10702677071094513,-1.2048266545954818
TOKYOTECH_s01,94,32,95.06666666666666,0.012679166160523891,-1.104732596118705
TOKYOTECH_s01,94,33,95.1,0.137032151222229,-0.8257288973741697
TOKYOTECH_s01,94,34,95.13333333333334,0.1988542377948761,-0.38028598509998685
TOKYOTECH_s01,94,35,95.16666666666667,-0.0020872578024864197,0.17092781448990507
TOKYOTECH_s01,94,36,95.2,-0.2490212470293045,0.7291376378635614
TOKYOTECH_s01,94,37,95.23333333333333,-0.4236588180065155,1.1847805674890546
TOKYOTECH_s01,94,38,95.26666666666667,-0.7634047269821167,1.451492154267596
TOKYOTECH_s01,94,39,95.3,-0.9370184540748596,1.491519545760246
TOKYOTECH_s01,94,40,95.33333333333333,-0.970370888710022,1.3221528536286844
TOKYOTECH_s01,94,41,95.36666666666666,-1.0402259826660156,1.002871265308127
TOKYOTECH_s01,94,42,95.4,-1.1286275386810303,0.6110546845262433
TOKYOTECH_s01,94,43,95.43333333333334,-1.2261253595352173,0.2169221601474244
TOKYOTECH_s01,94,44,95.46666666666667,-0.7373763918876648,-0.13380057224824063
TOKYOTECH_s01,94,45,95.5,0.6501948833465576,-0.4254406691200926
TOKYOTECH_s01,94,46,95.53333333333333,1.8450939655303955,-0.6662542120368226
TOKYOTECH_s01,94,47,95.56666666666666,1.610012412071228,-0.8739728182087951
TOKYOTECH_s01,94,48,95.6,1.1670197248458862,-1.0589068257005436
TOKYOTECH_s01,94,49,95.63333333333334,0.9661176204681396,-1.211428238991421
TOKYOTECH_s01,94,50,95.66666666666667,0.49150508642196655,-1.2991825226088187
TOKYOTECH_s01,94,51,95.7,-0.03591221198439598,-1.2759315626276622
TOKYOTECH_s01,94,52,95.73333333333333,-0.07946331799030304,-1.0996881209282516
TOKYOTECH_s01,94,53,95.76666666666667,0.27103251218795776,-0.7540012035234942
TOKYOTECH_s01,94,54,95.8,0.44641825556755066,-0.2640641857788882
TOKYOTECH_s01,94,55,95.83333333333333,0.17963820695877075,0.3002948393878843
TOKYOTECH_s01,94,56,95.86666666666666,-0.20818716287612915,0.8389927155893866
TOKYOTECH_s01,94,57,95.9,-0.3747130334377289,1.250420873725092
TOKYOTECH_s01,94,58,95.93333333333334,-0.5833724737167358,1.4631541280008291
TOKYOTECH_s01,94,59,95.96666666666667,-0.8457028865814209,1.4563875760231395
TOKYOTECH_s01,94,60,96.0,-0.7910080552101135,1.2610648437280454
TOKYOTECH_s01,94,61,96.03333333333333,-0.8429858684539795,0.9436304620305126
TOKYOTECH_s01,94,62,96.06666666666666,-0.9860823750495911,0.5808358023688941
TOKYOTECH_s01,94,63,96.1,-0.8913016319274902,0.23558395511103944
TOKYOTECH_s01,94,64,96.13333333333334,-0.08757501095533371,-0.05799104884392912
TOKYOTECH_s01,94,65,96.16666666666667,1.3117307424545288,-0.2962668359228205
TOKYOTECH_s01,94,66,96.2,1.7103060483932495,-0.4962652595904233
TOKYOTECH_s01,94,67,96.23333333333333,1.5459065437316895,-0.6798441344567749
TOKYOTECH_s01,94,68,96.26666666666667,1.1402432918548584,-0.8584316091466432
TOKYOTECH_s01,94,69,96.3,0.5763627886772156,-1.023229206957187
TOKYOTECH_s01,94,70,96.33333333333333,0.11013756692409515,-1.1436835852476983
TOKYOTECH_s01,94,71,96.36666666666666,0.0032680321019142866,-1.174925276781346
TOKYOTECH_s01,94,72,96.4,0.10442788153886795,-1.0726573383264362
TOKYOTECH_s01,94,73,96.43333333333334,0.14352937042713165,-0.8116581680219153
TOKYOTECH_s01,94,74,96.46666666666667,0.02590988203883171,-0.4019890512127047
TOKYOTECH_s01,94,75,96.5,-0.1761341691017151,0.1041319746286283
TOKYOTECH_s01,94,76,96.53333333333333,-0.39770928025245667,0.6205761260409356
TOKYOTECH_s01,94,77,96.56666666666666,-0.5486811995506287,1.050781169912104
TOKYOTECH_s01,94,78,96.6,-0.8861038684844971,1.3177023840902677
TOKYOTECH_s01,94,79,96.63333333333334,-1.1272493600845337,1.3865368821490491
TOKYOTECH_s01,94,80,96.66666666666667,-1.140873908996582,1.2706788107877065
TOKYOTECH_s01,94,81,96.7,-1.0125044584274292,1.020594199642606
TOKYOTECH_s01,94,82,96.73333333333333,-0.918393075466156,0.7025623012744585
TOKYOTECH_s01,94,83,96.76666666666667,-0.5661252737045288,0.3766621291800082
TOKYOTECH_s01,94,84,96.8,0.6217252612113953,0.08159437535476315
TOKYOTECH_s01,94,85,96.83333333333333,1.8271772861480713,-0.1700548614585311
TOKYOTECH_s01,94,86,96.86666666666666,2.0026419162750244,-0.38650035522549575
TOKYOTECH_s01,94,87,96.9,1.210610270500183,-0.5845450945024896
TOKYOTECH_s01,94,88,96.93333333333334,0.7130014300346375,-0.7749502843562528
TOKYOTECH_s01,94,89,96.96666666666667,0.542301595211029,-0.9503462368584774
TOKYOTECH_s01,94,90,97.0,0.2804436683654785,-1.0805431918925457
TOKYOTECH_s01,94,91,97.03333333333333,0.055678993463516235,-1.1186126298185817
TOKYOTECH_s01,94,92,97.06666666666666,0.09316602349281311,-1.0175422446054718
TOKYOTECH_s01,94,93,97.1,0.06898846477270126,-0.7523713263041029
TOKYOTECH_s01,94,94,97.13333333333334,-3.964693678426556e-05,-0.3386115465259223
TOKYOTECH_s01,94,95,97.16666666666667,-0.05859344080090523,0.1627107218388222
TOKYOTECH_s01,94,96,97.2,-0.34754282236099243,0.658312790171379
TOKYOTECH_s01,94,97,97.23333333333333,-0.8209347128868103,1.0505928833648905
TOKYOTECH_s01,94,98,97.26666666666667,-1.1698554754257202,1.2684564391144977
TOKYOTECH_s01,94,99,97.3,-1.2507754564285278,1.2871289563400605
TOKYOTECH_s01,94,100,97.33333333333333,-1.246995210647583,1.1292940978067751
TOKYOTECH_s01,94,101,97.36666666666666,-1.129454493522644,0.8496402400447165
TOKYOTECH_s01,94,102,97.4,-1.0758228302001953,0.5116159597665885
TOKYOTECH_s01,94,103,97.43333333333334,-0.5015861392021179,0.16663663429697448
TOKYOTECH_s01,94,104,97.46666666666667,0.9339464902877808,-0.15683765444842185
TOKYOTECH_s01,94,105,97.5,1.939008355140686,-0.4519121611336585
TOKYOTECH_s01,94,106,97.53333333333333,1.6091067790985107,-0.7220623065969454
TOKYOTECH_s01,94,107,97.56666666666666,0.858145534992218,-0.966080362283431
TOKYOTECH_s01,94,108,97.6,0.44452816247940063,-1.1662902936203359
TOKYOTECH_s01,94,109,97.63333333333334,0.16727377474308014,-1.285834673815718
TOKYOTECH_s01,94,110,97.66666666666667,-0.1162809357047081,-1.2773880153784591
TOKYOTECH_s01,94,111,97.7,-0.16077709197998047,-1.101129838335379
TOKYOTECH_s01,94,112,97.73333333333333,0.07832084596157074,-0.7456102338065731
TOKYOTECH_s01,94,113,97.76666666666667,0.2668585479259491,-0.24258585089115622
TOKYOTECH_s01,94,114,97.8,0.0902521163225174,0.33254421552804764
TOKYOTECH_s01,94,115,97.83333333333333,-0.2668984532356262,0.8778893271013734
TOKYOTECH_s01,94,116,97.86666666666666,-0.5113910436630249,1.294283576549626
TOKYOTECH_s01,94,117,97.9,-0.8458210229873657,1.5143739373126661
TOKYOTECH_s01,94,118,97.93333333333334,-1.1577666997909546,1.5196051810620657
TOKYOTECH_s01,94,119,97.96666666666667,-1.2161235809326172,1.3393621152217488
TOKYOTECH_s01,94,120,98.0,-1.2588083744049072,1.0345753262640047
TOKYOTECH_s01,94,121,98.03333333333333,-1.262509822845459,0.6738939413592065
TOKYOTECH_s01,94,122,98.06666666666666,-0.9782463312149048,0.31194336078578433
TOKYOTECH_s01,94,123,98.1,0.23082846403121948,-0.022997252499025303
TOKYOTECH_s01,94,124,98.13333333333334,1.757519245147705,-0.32849398941217234
TOKYOTECH_s01,94,125,98.16666666666667,2.1607017517089844,-0.6159980517769845
TOKYOTECH_s01,94,126,98.2,1.5416144132614136,-0.8933833532379375
TOKYOTECH_s01,94,127,98.23333333333333,0.9669839143753052,-1.150151275991359
TOKYOTECH_s01,94,128,98.26666666666667,0.5955788493156433,-1.3519271801803887
TOKYOTECH_s01,94,129,98.3,0.35604774951934814,-1.4468742951971632
TOKYOTECH_s01,94,130,98.33333333333333,0.14538009464740753,-1.38233658728595
TOKYOTECH_s01,94,131,98.36666666666666,0.1824733465909958,-1.1263638496647561
TOKYOTECH_s01,94,132,98.4,0.19692476093769073,-0.6863115635997523
TOKYOTECH_s01,94,133,98.43333333333334,0.1398279219865799,-0.11644860558266515
TOKYOTECH_s01,94,134,98.46666666666667,-0.03536093235015869,0.4906034615812152
TOKYOTECH_s01,94,135,98.5,-0.30548804998397827,1.0275926309559065
TOKYOTECH_s01,94,136,98.53333333333333,-0.5062326788902283,1.4030716350889898
TOKYOTECH_s01,94,137,98.56666666666666,-0.7447399497032166,1.5661858219695644
TOKYOTECH_s01,94,138,98.6,-1.0485345125198364,1.516312167556805
TOKYOTECH_s01,94,139,98.63333333333334,-1.2056492567062378,1.2954810562863397
TOKYOTECH_s01,94,140,98.66666666666667,-1.165287733078003,0.9688187909638712
TOKYOTECH_s01,94,141,98.7,-1.163358211517334,0.6019623850059777
TOKYOTECH_s01,94,142,98.73333333333333,-0.6834691166877747,0.24355047084738485
TOKYOTECH_s01,94,143,98.76666666666667,0.6368854641914368,-0.08265435748955882
TOKYOTECH_s01,94,144,98.8,1.835170865058899,-0.3752190431867692
TOKYOTECH_s01,94,145,98.83333333333333,1.980748176574707,-0.6443573451821907
TOKYOTECH_s01,94,146,98.86666666666666,1.489518404006958,-0.8976660873503559
TOKYOTECH_s01,94,147,98.9,0.8275101184844971,-1.127755693860584
TOKYOTECH_s01,94,148,98.93333333333334,0.32667240500450134,-1.3064851899211187
TOKYOTECH_s01,94,149,98.96666666666667,-0.072690449655056,-1.3885728528782568
TOKYOTECH_s01,94,150,99.0,-0.15073592960834503,-1.3248029467044873
TOKYOTECH_s01,94,151,99.03333333333333,-0.04721345007419586,-1.08181652087085
TOKYOTECH_s01,94,152,99.06666666666666,0.015868714079260826,-0.6618922934522666
TOKYOTECH_s01,94,153,99.1,-0.06036541238427162,-0.11381769075580014
TOKYOTECH_s01,94,154,99.13333333333334,-0.16451792418956757,0.4728100790906778
TOKYOTECH_s01,94,155,99.16666666666667,-0.37794196605682373,0.9909679481515121
TOKYOTECH_s01,94,156,99.2,-0.6576377153396606,1.3484926650963105
TOKYOTECH_s01,94,157,99.23333333333333,-0.853145182132721,1.4947122404310942
TOKYOTECH_s01,94,158,99.26666666666667,-0.9654093980789185,1.430539572751474
TOKYOTECH_s01,94,159,99.3,-1.0134494304656982,1.2004132695366576
TOKYOTECH_s01,94,160,99.33333333333333,-0.9762774705886841,0.8722453022825487
TOKYOTECH_s01,94,161,99.36666666666666,-0.9082731604576111,0.514500522713703
TOKYOTECH_s01,94,162,99.4,-0.16077709197998047,0.17805120729558674
TOKYOTECH_s01,94,163,99.43333333333334,1.346540093421936,-0.11296379295083844
TOKYOTECH_s01,94,164,99.46666666666667,1.997207760810852,-0.36002516601617457
TOKYOTECH_s01,94,165,99.5,1.6649435758590698,-0.5799305244722354
TOKYOTECH_s01,94,166,99.53333333333333,1.1122854948043823,-0.7887296541289626
TOKYOTECH_s01,94,167,99.56666666666666,0.628695011138916,-0.9857380251731938
TOKYOTECH_s01,94,168,99.6,0.047961074858903885,-1.144846186579796
TOKYOTECH_s01,94,169,99.63333333333334,-0.22945080697536469,-1.2186881675147012
TOKYOTECH_s01,94,170,99.66666666666667,-0.16018643975257874,-1.155874593014354
TOKYOTECH_s01,94,171,99.7,0.004724985919892788,-0.9249619774303182
TOKYOTECH_s01,94,172,99.73333333333333,0.04256640747189522,-0.5346883406260686
TOKYOTECH_s01,94,173,99.76666666666667,-0.222166046500206,-0.0402847060279691
TOKYOTECH_s01,94,174,99.8,-0.5372618436813354,0.4692491481787599
TOKYOTECH_s01,94,175,99.83333333333333,-0.8358979821205139,0.8991466395888155
TOKYOTECH_s01,94,176,99.86666666666666,-1.051842212677002,1.1795007997300129
TOKYOTECH_s01,94,177,99.9,-1.1612318754196167,1.2837849404100221
TOKYOTECH_s01,94,178,99.93333333333334,-1.2080512046813965,1.2282563738901104
TOKYOTECH_s01,94,179,99.96666666666667,-1.2264797687530518,1.0562010664571
TOKYOTECH_s01,94,180,100.0,-1.2263222932815552,0.8169662280902872
TOKYOTECH_s01,94,181,100.03333333333333,-0.7137107849121094,0.5491862207422586
TOKYOTECH_s01,94,182,100.06666666666666,0.6689777970314026,0.27333918648919137
TOKYOTECH_s01,94,183,100.1,1.788981556892395,-0.005977570141147427
TOKYOTECH_s01,94,184,100.13333333333334,1.8134347200393677,-0.29082933723577253
TOKYOTECH_s01,94,185,100.16666666666667,1.350123405456543,-0.5781676791200862
TOKYOTECH_s01,94,186,100.2,0.7659636735916138,-0.8505504926439433
TOKYOTECH_s01,94,187,100.23333333333333,0.2592981457710266,-1.073694288398818
TOKYOTECH_s01,94,188,100.26666666666667,-0.15550056099891663,-1.2027032062749452
TOKYOTECH_s01,94,189,100.3,-0.2472492754459381,-1.1954963419592564
TOKYOTECH_s01,94,190,100.33333333333333,-0.1387259066104889,-1.0290838269231855
TOKYOTECH_s01,94,191,100.36666666666666,0.013309200294315815,-0.7124771261407908
TOKYOTECH_s01,94,192,100.4,0.06875219941139221,-0.28989320797210216
TOKYOTECH_s01,94,193,100.43333333333334,-0.19661028683185577,0.16887488530313233
TOKYOTECH_s01,94,194,100.46666666666667,-0.5236767530441284,0.5877268179667356
TOKYOTECH_s01,94,195,100.5,-0.718357264995575,0.9046972954482253
TOKYOTECH_s01,94,196,100.53333333333333,-0.8904353380203247,1.0849256801152338
TOKYOTECH_s01,94,197,100.56666666666666,-1.0619226694107056,1.1222310014250823
TOKYOTECH_s01,94,198,100.6,-1.0805481672286987,1.031694536622975
TOKYOTECH_s01,94,199,100.63333333333334,-1.0674355030059814,0.8393659483733629
TOKYOTECH_s01,94,200,100.66666666666667,-0.7713195085525513,0.5742378299013028
TOKYOTECH_s01,94,201,100.7,0.36963286995887756,0.26422411087040243
TOKYOTECH_s01,94,202,100.73333333333333,1.5518131256103516,-0.06464349828698511
TOKYOTECH_s01,94,203,100.76666666666667,1.7485018968582153,-0.3873528817610424
TOKYOTECH_s01,94,204,100.8,1.3084230422973633,-0.6787130415340618
TOKYOTECH_s01,94,205,100.83333333333333,0.7874242067337036,-0.9128353162820597
TOKYOTECH_s01,94,206,100.86666666666666,0.26036131381988525,-1.0642461185951133
TOKYOTECH_s01,94,207,100.9,-0.1533348113298416,-1.1111941429387173
TOKYOTECH_s01,94,208,100.93333333333334,-0.22078783810138702,-1.0405776730587577
TOKYOTECH_s01,94,209,100.96666666666667,0.02004268951714039,-0.852790639295319
TOKYOTECH_s01,94,210,101.0,0.22314992547035217,-0.5645384424086941
TOKYOTECH_s01,94,211,101.03333333333333,-0.017916863784193993,-0.20815072049343092
TOKYOTECH_s01,94,212,101.06666666666666,-0.3204119801521301,0.1732284544126158
TOKYOTECH_s01,94,213,101.1,-0.6057780385017395,0.5336488849686194
TOKYOTECH_s01,94,214,101.13333333333334,-0.8341653943061829,0.832706250044416
TOKYOTECH_s01,94,215,101.16666666666667,-0.8146343231201172,1.041007015053088
TOKYOTECH_s01,94,216,101.2,-0.957691490650177,1.1417059564871328
TOKYOTECH_s01,94,217,101.23333333333333,-0.9930127263069153,1.1296637264377813
TOKYOTECH_s01,94,218,101.26666666666667,-1.0240813493728638,1.010303530452461
TOKYOTECH_s01,94,219,101.3,-0.629522442817688,0.7989844196564124
TOKYOTECH_s01,94,220,101.33333333333333,0.6423195004463196,0.520284548850339
TOKYOTECH_s01,94,221,101.36666666666666,1.793155550956726,0.2061193647082497
TOKYOTECH_s01,94,222,101.4,1.863640546798706,-0.10772631305586304
TOKYOTECH_s01,94,223,101.43333333333334,1.3991479873657227,-0.3861177527284833
TOKYOTECH_s01,94,224,101.46666666666667,0.8675566911697388,-0.5991946054328685
TOKYOTECH_s01,94,225,101.5,0.43342381715774536,-0.7262099004879483
TOKYOTECH_s01,94,226,101.53333333333333,0.09048837423324585,-0.757871425850561
TOKYOTECH_s01,94,227,101.56666666666666,0.0817466527223587,-0.6968895612879602
TOKYOTECH_s01,94,228,101.6,0.2583530843257904,-0.557078998860382
TOKYOTECH_s01,94,229,101.63333333333334,0.41574347019195557,-0.3615373507063032
TOKYOTECH_s01,94,230,101.66666666666667,0.14636452496051788,-0.13983280795912276
TOKYOTECH_s01,94,231,101.7,-0.19137312471866608,0.07620774345550456
TOKYOTECH_s01,94,232,101.73333333333333,-0.5128480195999146,0.25776858664541735
TOKYOTECH_s01,94,233,101.76666666666667,-0.8864976167678833,0.3839481086455502
TOKYOTECH_s01,94,234,101.8,-0.9181174635887146,0.44461717510057414
TOKYOTECH_s01,94,235,101.83333333333333,-0.9530449509620667,0.44032675586504993
TOKYOTECH_s01,94,236,101.86666666666666,-1.0149458646774292,0.3796283360461331
TOKYOTECH_s01,94,237,101.9,-0.9267410635948181,0.27521137748081453
TOKYOTECH_s01,94,238,101.93333333333334,-0.5891215205192566,0.14054401989165144
TOKYOTECH_s01,94,239,101.96666666666667,0.6932340860366821,-0.011786921209575937
TOKYOTECH_s01,95,0,95.0,0.5279289484024048,0.08765568146683994
TOKYOTECH_s01,95,1,95.03333333333333,0.10702677071094513,-0.24858644990896187
TOKYOTECH_s01,95,2,95.06666666666666,0.012679166160523891,-0.4866790717372199
TOKYOTECH_s01,95,3,95.1,0.137032151222229,-0.5536858604670021
TOKYOTECH_s01,95,4,95.13333333333334,0.1988542377948761,-0.42280581954562746
TOKYOTECH_s01,95,5,95.16666666666667,-0.0020872578024864197,-0.1218752450367413
TOKYOTECH_s01,95,6,95.2,-0.2490212470293045,0.27370774896769745
TOKYOTECH_s01,95,7,95.23333333333333,-0.4236588180065155,0.6629251150397572
TOKYOTECH_s01,95,8,95.26666666666667,-0.7634047269821167,0.9491334419200288
TOKYOTECH_s01,95,9,95.3,-0.9370184540748596,1.0675066420077153
TOKYOTECH_s01,95,10,95.33333333333333,-0.970370888710022,1.0004262863316011
TOKYOTECH_s01,95,11,95.36666666666666,-1.0402259826660156,0.7765238695899755
TOKYOTECH_s01,95,12,95.4,-1.1286275386810303,0.4555538452720176
TOKYOTECH_s01,95,13,95.43333333333334,-1.2261253595352173,0.10610333461703357
TOKYOTECH_s01,95,14,95.46666666666667,-0.7373763918876648,-0.21540982902782138
TOKYOTECH_s01,95,15,95.5,0.6501948833465576,-0.4776639729290307
TOKYOTECH_s01,95,16,95.53333333333333,1.8450939655303955,-0.6759863900609671
TOKYOTECH_s01,95,17,95.56666666666666,1.610012412071228,-0.8234037996732532
TOKYOTECH_s01,95,18,95.6,1.1670197248458862,-0.9357947804240596
TOKYOTECH_s01,95,19,95.63333333333334,0.9661176204681396,-1.017713862170777
TOKYOTECH_s01,95,20,95.66666666666667,0.49150508642196655,-1.0548788525588972
TOKYOTECH_s01,95,21,95.7,-0.03591221198439598,-1.016638577115031
TOKYOTECH_s01,95,22,95.73333333333333,-0.07946331799030304,-0.8680449069728098
TOKYOTECH_s01,95,23,95.76666666666667,0.27103251218795776,-0.5874648400257253
TOKYOTECH_s01,95,24,95.8,0.44641825556755066,-0.18298002831150423
TOKYOTECH_s01,95,25,95.83333333333333,0.17963820695877075,0.29986589227762295
TOKYOTECH_s01,95,26,95.86666666666666,-0.20818716287612915,0.7842256151996531
TOKYOTECH_s01,95,27,95.9,-0.3747130334377289,1.181770446919145
TOKYOTECH_s01,95,28,95.93333333333334,-0.5833724737167358,1.4188749833318213
TOKYOTECH_s01,95,29,95.96666666666667,-0.8457028865814209,1.4581142963797669
TOKYOTECH_s01,95,30,96.0,-0.7910080552101135,1.3067878277506897
TOKYOTECH_s01,95,31,96.03333333333333,-0.8429858684539795,1.0106890078463828
TOKYOTECH_s01,95,32,96.06666666666666,-0.9860823750495911,0.636979598117786
TOKYOTECH_s01,95,33,96.1,-0.8913016319274902,0.25304821316208426
TOKYOTECH_s01,95,34,96.13333333333334,-0.08757501095533371,-0.0913017107078443
TOKYOTECH_s01,95,35,96.16666666666667,1.3117307424545288,-0.37290194853033065
TOKYOTECH_s01,95,36,96.2,1.7103060483932495,-0.5936813130946732
TOKYOTECH_s01,95,37,96.23333333333333,1.5459065437316895,-0.7704103184174663
TOKYOTECH_s01,95,38,96.26666666666667,1.1402432918548584,-0.9200310771860434
TOKYOTECH_s01,95,39,96.3,0.5763627886772156,-1.04594324958326
TOKYOTECH_s01,95,40,96.33333333333333,0.11013756692409515,-1.1305426093797855
TOKYOTECH_s01,95,41,96.36666666666666,0.0032680321019142866,-1.1376791548678782
TOKYOTECH_s01,95,42,96.4,0.10442788153886795,-1.025360528600146
TOKYOTECH_s01,95,43,96.43333333333334,0.14352937042713165,-0.7650130444105506
TOKYOTECH_s01,95,44,96.46666666666667,0.02590988203883171,-0.36039258089869286
TOKYOTECH_s01,95,45,96.5,-0.1761341691017151,0.1422217250083466
TOKYOTECH_s01,95,46,96.53333333333333,-0.39770928025245667,0.6594930057689594
TOKYOTECH_s01,95,47,96.56666666666666,-0.5486811995506287,1.0931468986795219
TOKYOTECH_s01,95,48,96.6,-0.8861038684844971,1.3606048472128753
TOKYOTECH_s01,95,49,96.63333333333334,-1.1272493600845337,1.4203652684208032
TOKYOTECH_s01,95,50,96.66666666666667,-1.140873908996582,1.28137393428958
TOKYOTECH_s01,95,51,96.7,-1.0125044584274292,0.9942690463137537
TOKYOTECH_s01,95,52,96.73333333333333,-0.918393075466156,0.6303870151055717
TOKYOTECH_s01,95,53,96.76666666666667,-0.5661252737045288,0.25813311812322065
TOKYOTECH_s01,95,54,96.8,0.6217252612113953,-0.07473924650887043
TOKYOTECH_s01,95,55,96.83333333333333,1.8271772861480713,-0.34828754785000665
TOKYOTECH_s01,95,56,96.86666666666666,2.0026419162750244,-0.5665326148083966
TOKYOTECH_s01,95,57,96.9,1.210610270500183,-0.745456765784813
TOKYOTECH_s01,95,58,96.93333333333334,0.7130014300346375,-0.8977960730922926
TOKYOTECH_s01,95,59,96.96666666666667,0.542301595211029,-1.0203717988523031
TOKYOTECH_s01,95,60,97.0,0.2804436683654785,-1.0890886977617333
TOKYOTECH_s01,95,61,97.03333333333333,0.055678993463516235,-1.0645281374541238
TOKYOTECH_s01,95,62,97.06666666666666,0.09316602349281311,-0.9074295000372563
TOKYOTECH_s01,95,63,97.1,0.06898846477270126,-0.5991379568490771
TOKYOTECH_s01,95,64,97.13333333333334,-3.964693678426556e-05,-0.1588095039365346
TOKYOTECH_s01,95,65,97.16666666666667,-0.05859344080090523,0.3513733337286099
TOKYOTECH_s01,95,66,97.2,-0.34754282236099243,0.8382068415441799
TOKYOTECH_s01,95,67,97.23333333333333,-0.8209347128868103,1.2044519622650016
TOKYOTECH_s01,95,68,97.26666666666667,-1.1698554754257202,1.3800584323123335
TOKYOTECH_s01,95,69,97.3,-1.2507754564285278,1.3434788450831887
TOKYOTECH_s01,95,70,97.33333333333333,-1.246995210647583,1.124125407613333
TOKYOTECH_s01,95,71,97.36666666666666,-1.129454493522644,0.7867268697264216
TOKYOTECH_s01,95,72,97.4,-1.0758228302001953,0.4060009306221552
TOKYOTECH_s01,95,73,97.43333333333334,-0.5015861392021179,0.04262965614544154
TOKYOTECH_s01,95,74,97.46666666666667,0.9339464902877808,-0.2707666885291498
TOKYOTECH_s01,95,75,97.5,1.939008355140686,-0.5300542049678438
TOKYOTECH_s01,95,76,97.53333333333333,1.6091067790985107,-0.7482020922819419
TOKYOTECH_s01,95,77,97.56666666666666,0.858145534992218,-0.9379700656556076
TOKYOTECH_s01,95,78,97.6,0.44452816247940063,-1.0964204966034665
TOKYOTECH_s01,95,79,97.63333333333334,0.16727377474308014,-1.198100410157042
TOKYOTECH_s01,95,80,97.66666666666667,-0.1162809357047081,-1.2002731629412462
TOKYOTECH_s01,95,81,97.7,-0.16077709197998047,-1.0589671743439046
TOKYOTECH_s01,95,82,97.73333333333333,0.07832084596157074,-0.7504345543829006
TOKYOTECH_s01,95,83,97.76666666666667,0.2668585479259491,-0.2896715413819848
TOKYOTECH_s01,95,84,97.8,0.0902521163225174,0.2630307680315645
TOKYOTECH_s01,95,85,97.83333333333333,-0.2668984532356262,0.8129675445422867
TOKYOTECH_s01,95,86,97.86666666666666,-0.5113910436630249,1.2569639461708135
TOKYOTECH_s01,95,87,97.9,-0.8458210229873657,1.5142802962178865
TOKYOTECH_s01,95,88,97.93333333333334,-1.1577666997909546,1.5496863881200191
TOKYOTECH_s01,95,89,97.96666666666667,-1.2161235809326172,1.379660911570108
TOKYOTECH_s01,95,90,98.0,-1.2588083744049072,1.0606704876246955
TOKYOTECH_s01,95,91,98.03333333333333,-1.262509822845459,0.6660849458248048
TOKYOTECH_s01,95,92,98.06666666666666,-0.9782463312149048,0.26167629717086305
TOKYOTECH_s01,95,93,98.1,0.23082846403121948,-0.11127264085616666
TOKYOTECH_s01,95,94,98.13333333333334,1.757519245147705,-0.43981583610777314
TOKYOTECH_s01,95,95,98.16666666666667,2.1607017517089844,-0.729994274569236
TOKYOTECH_s01,95,96,98.2,1.5416144132614136,-0.9897590389224464
TOKYOTECH_s01,95,97,98.23333333333333,0.9669839143753052,-1.2128624865224946
TOKYOTECH_s01,95,98,98.26666666666667,0.5955788493156433,-1.3713838277638835
TOKYOTECH_s01,95,99,98.3,0.35604774951934814,-1.4203885411799195
TOKYOTECH_s01,95,100,98.33333333333333,0.14538009464740753,-1.3133049602355422
TOKYOTECH_s01,95,101,98.36666666666666,0.1824733465909958,-1.022582294189066
TOKYOTECH_s01,95,102,98.4,0.19692476093769073,-0.5579465749796427
TOKYOTECH_s01,95,103,98.43333333333334,0.1398279219865799,0.025523313598071667
TOKYOTECH_s01,95,104,98.46666666666667,-0.03536093235015869,0.6348414270725996
TOKYOTECH_s01,95,105,98.5,-0.30548804998397827,1.16185566443883
TOKYOTECH_s01,95,106,98.53333333333333,-0.5062326788902283,1.5136659287505705
TOKYOTECH_s01,95,107,98.56666666666666,-0.7447399497032166,1.6385814294531804
TOKYOTECH_s01,95,108,98.6,-1.0485345125198364,1.5374773964065855
TOKYOTECH_s01,95,109,98.63333333333334,-1.2056492567062378,1.2573219341289175
TOKYOTECH_s01,95,110,98.66666666666667,-1.165287733078003,0.8711711426253484
TOKYOTECH_s01,95,111,98.7,-1.163358211517334,0.453526687620095
TOKYOTECH_s01,95,112,98.73333333333333,-0.6834691166877747,0.060139322495035896
TOKYOTECH_s01,95,113,98.76666666666667,0.6368854641914368,-0.2817294429471222
TOKYOTECH_s01,95,114,98.8,1.835170865058899,-0.5708262128953517
TOKYOTECH_s01,95,115,98.83333333333333,1.980748176574707,-0.8196601567795709
TOKYOTECH_s01,95,116,98.86666666666666,1.489518404006958,-1.0382377730113779
TOKYOTECH_s01,95,117,98.9,0.8275101184844971,-1.2205932992609123
TOKYOTECH_s01,95,118,98.93333333333334,0.32667240500450134,-1.3393164714800545
TOKYOTECH_s01,95,119,98.96666666666667,-0.072690449655056,-1.3503875704928374
TOKYOTECH_s01,95,120,99.0,-0.15073592960834503,-1.207834116632773
TOKYOTECH_s01,95,121,99.03333333333333,-0.04721345007419586,-0.8846364943977436
TOKYOTECH_s01,95,122,99.06666666666666,0.015868714079260826,-0.3927350245578405
TOKYOTECH_s01,95,123,99.1,-0.06036541238427162,0.20719742757536566
TOKYOTECH_s01,95,124,99.13333333333334,-0.16451792418956757,0.8137922071220297
TOKYOTECH_s01,95,125,99.16666666666667,-0.37794196605682373,1.3113672213813712
TOKYOTECH_s01,95,126,99.2,-0.6576377153396606,1.6052059522301898
TOKYOTECH_s01,95,127,99.23333333333333,-0.853145182132721,1.6504050479598869
TOKYOTECH_s01,95,128,99.26666666666667,-0.9654093980789185,1.462250262998447
TOKYOTECH_s01,95,129,99.3,-1.0134494304656982,1.1054777072598718
TOKYOTECH_s01,95,130,99.33333333333333,-0.9762774705886841,0.6688177407621526
TOKYOTECH_s01,95,131,99.36666666666666,-0.9082731604576111,0.23585714727547097
TOKYOTECH_s01,95,132,99.4,-0.16077709197998047,-0.13738151975096083
TOKYOTECH_s01,95,133,99.43333333333334,1.346540093421936,-0.4318041915627019
TOKYOTECH_s01,95,134,99.46666666666667,1.997207760810852,-0.6601164790093378
TOKYOTECH_s01,95,135,99.5,1.6649435758590698,-0.8501821539649516
TOKYOTECH_s01,95,136,99.53333333333333,1.1122854948043823,-1.023324058052706
TOKYOTECH_s01,95,137,99.56666666666666,0.628695011138916,-1.176169718194467
TOKYOTECH_s01,95,138,99.6,0.047961074858903885,-1.2745432850789793
TOKYOTECH_s01,95,139,99.63333333333334,-0.22945080697536469,-1.263946618238436
TOKYOTECH_s01,95,140,99.66666666666667,-0.16018643975257874,-1.0935909099925225
TOKYOTECH_s01,95,141,99.7,0.004724985919892788,-0.7438119987170919
TOKYOTECH_s01,95,142,99.73333333333333,0.04256640747189522,-0.24434443616618942
TOKYOTECH_s01,95,143,99.76666666666667,-0.222166046500206,0.3258891753411699
TOKYOTECH_s01,95,144,99.8,-0.5372618436813354,0.859603083817277
TOKYOTECH_s01,95,145,99.83333333333333,-0.8358979821205139,1.2554056233323907
TOKYOTECH_s01,95,146,99.86666666666666,-1.051842212677002,1.45055223079639
TOKYOTECH_s01,95,147,99.9,-1.1612318754196167,1.437037458240539
TOKYOTECH_s01,95,148,99.93333333333334,-1.2080512046813965,1.2551812112624483
TOKYOTECH_s01,95,149,99.96666666666667,-1.2264797687530518,0.9706854099885598
TOKYOTECH_s01,95,150,100.0,-1.2263222932815552,0.6472787850429652
TOKYOTECH_s01,95,151,100.03333333333333,-0.7137107849121094,0.3263624518630298
TOKYOTECH_s01,95,152,100.06666666666666,0.6689777970314026,0.020402851197426294
TOKYOTECH_s01,95,153,100.1,1.788981556892395,-0.2792254840070347
TOKYOTECH_s01,95,154,100.13333333333334,1.8134347200393677,-0.5847367149299755
TOKYOTECH_s01,95,155,100.16666666666667,1.350123405456543,-0.8930499403399432
TOKYOTECH_s01,95,156,100.2,0.7659636735916138,-1.174334132984757
TOKYOTECH_s01,95,157,100.23333333333333,0.2592981457710266,-1.3738645702640668
TOKYOTECH_s01,95,158,100.26666666666667,-0.15550056099891663,-1.427474628856003
TOKYOTECH_s01,95,159,100.3,-0.2472492754459381,-1.285208043629852
TOKYOTECH_s01,95,160,100.33333333333333,-0.1387259066104889,-0.9344597044827645
TOKYOTECH_s01,95,161,100.36666666666666,0.013309200294315815,-0.4133563582348694
TOKYOTECH_s01,95,162,100.4,0.06875219941139221,0.1926750330661085
TOKYOTECH_s01,95,163,100.43333333333334,-0.19661028683185577,0.7723116112291674
TOKYOTECH_s01,95,164,100.46666666666667,-0.5236767530441284,1.2203192843574997
TOKYOTECH_s01,95,165,100.5,-0.718357264995575,1.466905405727317
TOKYOTECH_s01,95,166,100.53333333333333,-0.8904353380203247,1.4927267237745785
TOKYOTECH_s01,95,167,100.56666666666666,-1.0619226694107056,1.3253832900515108
TOKYOTECH_s01,95,168,100.6,-1.0805481672286987,1.0219624934066607
TOKYOTECH_s01,95,169,100.63333333333334,-1.0674355030059814,0.6471905330074228
TOKYOTECH_s01,95,170,100.66666666666667,-0.7713195085525513,0.2558901618799592
TOKYOTECH_s01,95,171,100.7,0.36963286995887756,-0.1157526663815267
TOKYOTECH_s01,95,172,100.73333333333333,1.5518131256103516,-0.449575199626143
TOKYOTECH_s01,95,173,100.76666666666667,1.7485018968582153,-0.7377910492605596
TOKYOTECH_s01,95,174,100.8,1.3084230422973633,-0.9726897201547993
TOKYOTECH_s01,95,175,100.83333333333333,0.7874242067337036,-1.138866530946204
TOKYOTECH_s01,95,176,100.86666666666666,0.26036131381988525,-1.2120629206849753
TOKYOTECH_s01,95,177,100.9,-0.1533348113298416,-1.1657375389760025
TOKYOTECH_s01,95,178,100.93333333333334,-0.22078783810138702,-0.9827295652868759
TOKYOTECH_s01,95,179,100.96666666666667,0.02004268951714039,-0.6668580283340382
TOKYOTECH_s01,95,180,101.0,0.22314992547035217,-0.24936468474427237
TOKYOTECH_s01,95,181,101.03333333333333,-0.017916863784193993,0.21306093776846316
TOKYOTECH_s01,95,182,101.06666666666666,-0.3204119801521301,0.6494539019148245
TOKYOTECH_s01,95,183,101.1,-0.6057780385017395,0.9922028633750243
TOKYOTECH_s01,95,184,101.13333333333334,-0.8341653943061829,1.1944063134924898
TOKYOTECH_s01,95,185,101.16666666666667,-0.8146343231201172,1.2393615270141494
TOKYOTECH_s01,95,186,101.2,-0.957691490650177,1.1389364735970995
TOKYOTECH_s01,95,187,101.23333333333333,-0.9930127263069153,0.9236268547239608
TOKYOTECH_s01,95,188,101.26666666666667,-1.0240813493728638,0.6302547127436232
TOKYOTECH_s01,95,189,101.3,-0.629522442817688,0.29269421894734776
TOKYOTECH_s01,95,190,101.33333333333333,0.6423195004463196,-0.06169341671954286
TOKYOTECH_s01,95,191,101.36666666666666,1.793155550956726,-0.41028758186963693
TOKYOTECH_s01,95,192,101.4,1.863640546798706,-0.7306099864678268
TOKYOTECH_s01,95,193,101.43333333333334,1.3991479873657227,-0.9962784427007979
TOKYOTECH_s01,95,194,101.46666666666667,0.8675566911697388,-1.1765450637407058
TOKYOTECH_s01,95,195,101.5,0.43342381715774536,-1.2408116200469772
TOKYOTECH_s01,95,196,101.53333333333333,0.09048837423324585,-1.1669931242598826
TOKYOTECH_s01,95,197,101.56666666666666,0.0817466527223587,-0.9506245372640896
TOKYOTECH_s01,95,198,101.6,0.2583530843257904,-0.6112031118138025
TOKYOTECH_s01,95,199,101.63333333333334,0.41574347019195557,-0.19279390228757343
TOKYOTECH_s01,95,200,101.66666666666667,0.14636452496051788,0.24311795943404946
TOKYOTECH_s01,95,201,101.7,-0.19137312471866608,0.6319558364471737
TOKYOTECH_s01,95,202,101.73333333333333,-0.5128480195999146,0.9227154540221044
TOKYOTECH_s01,95,203,101.76666666666667,-0.8864976167678833,1.0897187184842971
TOKYOTECH_s01,95,204,101.8,-0.9181174635887146,1.1345597250832031
TOKYOTECH_s01,95,205,101.83333333333333,-0.9530449509620667,1.0784823193250506
TOKYOTECH_s01,95,206,101.86666666666666,-1.0149458646774292,0.9496362291737552
TOKYOTECH_s01,95,207,101.9,-0.9267410635948181,0.7711497777307179
TOKYOTECH_s01,95,208,101.93333333333334,-0.5891215205192566,0.5547673719075481
TOKYOTECH_s01,95,209,101.96666666666667,0.6932340860366821,0.30201318467668875
TOKYOTECH_s01,95,210,102.0,1.8468658924102783,0.011791322287054644
TOKYOTECH_s01,95,211,102.03333333333333,1.7544478178024292,-0.30914515489548544
TOKYOTECH_s01,95,212,102.06666666666666,1.2677857875823975,-0.6377508051255212
TOKYOTECH_s01,95,213,102.1,0.8687379956245422,-0.9327125811200252
TOKYOTECH_s01,95,214,102.13333333333334,0.42582401633262634,-1.1410530076782888
TOKYOTECH_s01,95,215,102.16666666666667,-0.078675776720047,-1.2121349311694105
TOKYOTECH_s01,95,216,102.2,-0.2791447341442108,-1.1148836181904886
TOKYOTECH_s01,95,217,102.23333333333333,-0.028430558741092682,-0.8520807662490516
TOKYOTECH_s01,95,218,102.26666666666667,0.25654172897338867,-0.46536632768979036
TOKYOTECH_s01,95,219,102.3,0.26579535007476807,-0.027040009051773957
TOKYOTECH_s01,95,220,102.33333333333333,-0.2212209850549698,0.3801181444753812
TOKYOTECH_s01,95,221,102.36666666666666,-0.7463544011116028,0.6879083888916252
TOKYOTECH_s01,95,222,102.4,-0.9074856042861938,0.8620598937070147
TOKYOTECH_s01,95,223,102.43333333333334,-0.8332597017288208,0.9072551148290181
TOKYOTECH_s01,95,224,102.46666666666667,-0.9176449179649353,0.8566593287436746
TOKYOTECH_s01,95,225,102.5,-1.1471742391586304,0.7525498731823936
TOKYOTECH_s01,95,226,102.53333333333333,-0.9272923469543457,0.6275605858516533
TOKYOTECH_s01,95,227,102.56666666666666,0.1706995964050293,0.4940039868228391
TOKYOTECH_s01,95,228,102.6,1.6228888034820557,0.3442950299001979
TOKYOTECH_s01,95,229,102.63333333333334,2.0402863025665283,0.1607777349283113
TOKYOTECH_s01,95,230,102.66666666666667,1.4044638872146606,-0.07022165041280307
TOKYOTECH_s01,95,231,102.7,0.7599389553070068,-0.3463075438283757
TOKYOTECH_s01,95,232,102.73333333333333,0.520053505897522,-0.6434662776556221
TOKYOTECH_s01,95,233,102.76666666666667,0.2922174036502838,-0.9186924240118843
TOKYOTECH_s01,95,234,102.8,0.0924966111779213,-1.1197166118492183
TOKYOTECH_s01,95,235,102.83333333333333,-0.021578937768936157,-1.1988001356837072
TOKYOTECH_s01,95,236,102.86666666666666,0.005709413904696703,-1.1264112744958164
TOKYOTECH_s01,95,237,102.9,0.13809533417224884,-0.900574579985633
TOKYOTECH_s01,95,238,102.93333333333334,0.002756129251793027,-0.549048722256869
TOKYOTECH_s01,95,239,102.96666666666667,-0.4496477246284485,-0.12402973888258662
TOKYOTECH_s01,96,0,96.0,-0.7910080552101135,-0.08575911915841662
TOKYOTECH_s01,96,1,96.03333333333333,-0.8429858684539795,-0.21378832983278784
TOKYOTECH_s01,96,2,96.06666666666666,-0.9860823750495911,-0.3220505415640968
TOKYOTECH_s01,96,3,96.1,-0.8913016319274902,-0.4004294121986311
TOKYOTECH_s01,96,4,96.13333333333334,-0.08757501095533371,-0.4510346211618062
TOKYOTECH_s01,96,5,96.16666666666667,1.3117307424545288,-0.48776684843511475
TOKYOTECH_s01,96,6,96.2,1.7103060483932495,-0.5307610633521913
TOKYOTECH_s01,96,7,96.23333333333333,1.5459065437316895,-0.5980449238816279
TOKYOTECH_s01,96,8,96.26666666666667,1.1402432918548584,-0.6972112013518557
TOKYOTECH_s01,96,9,96.3,0.5763627886772156,-0.8193601417783322
TOKYOTECH_s01,96,10,96.33333333333333,0.11013756692409515,-0.93741068306576
TOKYOTECH_s01,96,11,96.36666666666666,0.0032680321019142866,-1.0104258037121978
TOKYOTECH_s01,96,12,96.4,0.10442788153886795,-0.9938945874485474
TOKYOTECH_s01,96,13,96.43333333333334,0.14352937042713165,-0.8537272468285881
TOKYOTECH_s01,96,14,96.46666666666667,0.02590988203883171,-0.5801406967891789
TOKYOTECH_s01,96,15,96.5,-0.1761341691017151,-0.19654200338006855
TOKYOTECH_s01,96,16,96.53333333333333,-0.39770928025245667,0.2416566546718437
TOKYOTECH_s01,96,17,96.56666666666666,-0.5486811995506287,0.6604117182442408
TOKYOTECH_s01,96,18,96.6,-0.8861038684844971,0.9884065633613942
TOKYOTECH_s01,96,19,96.63333333333334,-1.1272493600845337,1.177297737826086
TOKYOTECH_s01,96,20,96.66666666666667,-1.140873908996582,1.2126722978270128
TOKYOTECH_s01,96,21,96.7,-1.0125044584274292,1.112784093835859
TOKYOTECH_s01,96,22,96.73333333333333,-0.918393075466156,0.9175933428792995
TOKYOTECH_s01,96,23,96.76666666666667,-0.5661252737045288,0.673712700061205
TOKYOTECH_s01,96,24,96.8,0.6217252612113953,0.42093915615153454
TOKYOTECH_s01,96,25,96.83333333333333,1.8271772861480713,0.18411858101017803
TOKYOTECH_s01,96,26,96.86666666666666,2.0026419162750244,-0.028319227049608296
TOKYOTECH_s01,96,27,96.9,1.210610270500183,-0.21976434198092326
TOKYOTECH_s01,96,28,96.93333333333334,0.7130014300346375,-0.3966904003916617
TOKYOTECH_s01,96,29,96.96666666666667,0.542301595211029,-0.5587710508302937
TOKYOTECH_s01,96,30,97.0,0.2804436683654785,-0.6917860465317991
TOKYOTECH_s01,96,31,97.03333333333333,0.055678993463516235,-0.7672289803509708
TOKYOTECH_s01,96,32,97.06666666666666,0.09316602349281311,-0.7505955182235603
TOKYOTECH_s01,96,33,97.1,0.06898846477270126,-0.6164770872136374
TOKYOTECH_s01,96,34,97.13333333333334,-3.964693678426556e-05,-0.36426036878356416
TOKYOTECH_s01,96,35,97.16666666666667,-0.05859344080090523,-0.02631690588432677
TOKYOTECH_s01,96,36,97.2,-0.34754282236099243,0.3368620337790622
TOKYOTECH_s01,96,37,97.23333333333333,-0.8209347128868103,0.6538784159973631
TOKYOTECH_s01,96,38,97.26666666666667,-1.1698554754257202,0.8646119383747422
TOKYOTECH_s01,96,39,97.3,-1.2507754564285278,0.9373084476917939
TOKYOTECH_s01,96,40,97.33333333333333,-1.246995210647583,0.873850697557158
TOKYOTECH_s01,96,41,97.36666666666666,-1.129454493522644,0.7029209630834672
TOKYOTECH_s01,96,42,97.4,-1.0758228302001953,0.4658633296775104
TOKYOTECH_s01,96,43,97.43333333333334,-0.5015861392021179,0.20190804557749933
TOKYOTECH_s01,96,44,97.46666666666667,0.9339464902877808,-0.06171637060406988
TOKYOTECH_s01,96,45,97.5,1.939008355140686,-0.31210422847935887
TOKYOTECH_s01,96,46,97.53333333333333,1.6091067790985107,-0.5458534983155457
TOKYOTECH_s01,96,47,97.56666666666666,0.858145534992218,-0.7600229152153649
TOKYOTECH_s01,96,48,97.6,0.44452816247940063,-0.9431949607849628
TOKYOTECH_s01,96,49,97.63333333333334,0.16727377474308014,-1.0709440811061228
TOKYOTECH_s01,96,50,97.66666666666667,-0.1162809357047081,-1.1084895865693851
TOKYOTECH_s01,96,51,97.7,-0.16077709197998047,-1.0208002981697433
TOKYOTECH_s01,96,52,97.73333333333333,0.07832084596157074,-0.7875563913433428
TOKYOTECH_s01,96,53,97.76666666666667,0.2668585479259491,-0.41759172365998787
TOKYOTECH_s01,96,54,97.8,0.0902521163225174,0.04421801119525423
TOKYOTECH_s01,96,55,97.83333333333333,-0.2668984532356262,0.5230462948027987
TOKYOTECH_s01,96,56,97.86666666666666,-0.5113910436630249,0.9330319608138378
TOKYOTECH_s01,96,57,97.9,-0.8458210229873657,1.2022036078199827
TOKYOTECH_s01,96,58,97.93333333333334,-1.1577666997909546,1.29295938599758
TOKYOTECH_s01,96,59,97.96666666666667,-1.2161235809326172,1.2094746590347805
TOKYOTECH_s01,96,60,98.0,-1.2588083744049072,0.9899853024552797
TOKYOTECH_s01,96,61,98.03333333333333,-1.262509822845459,0.6889477585704739
TOKYOTECH_s01,96,62,98.06666666666666,-0.9782463312149048,0.35748577827334377
TOKYOTECH_s01,96,63,98.1,0.23082846403121948,0.029894874020807677
TOKYOTECH_s01,96,64,98.13333333333334,1.757519245147705,-0.2792098916723441
TOKYOTECH_s01,96,65,98.16666666666667,2.1607017517089844,-0.5672115469196237
TOKYOTECH_s01,96,66,98.2,1.5416144132614136,-0.8302277502898221
TOKYOTECH_s01,96,67,98.23333333333333,0.9669839143753052,-1.0517420541442664
TOKYOTECH_s01,96,68,98.26666666666667,0.5955788493156433,-1.1992587448990095
TOKYOTECH_s01,96,69,98.3,0.35604774951934814,-1.2310826715798828
TOKYOTECH_s01,96,70,98.33333333333333,0.14538009464740753,-1.110924770125563
TOKYOTECH_s01,96,71,98.36666666666666,0.1824733465909958,-0.8247789585202099
TOKYOTECH_s01,96,72,98.4,0.19692476093769073,-0.39323681484049056
TOKYOTECH_s01,96,73,98.43333333333334,0.1398279219865799,0.1264208866181216
TOKYOTECH_s01,96,74,98.46666666666667,-0.03536093235015869,0.650548662525592
TOKYOTECH_s01,96,75,98.5,-0.30548804998397827,1.0893240444512267
TOKYOTECH_s01,96,76,98.53333333333333,-0.5062326788902283,1.370003633196226
TOKYOTECH_s01,96,77,98.56666666666666,-0.7447399497032166,1.4548968424851134
TOKYOTECH_s01,96,78,98.6,-1.0485345125198364,1.3479286007692783
TOKYOTECH_s01,96,79,98.63333333333334,-1.2056492567062378,1.08843601274375
TOKYOTECH_s01,96,80,98.66666666666667,-1.165287733078003,0.7357382720754052
TOKYOTECH_s01,96,81,98.7,-1.163358211517334,0.35085433327314536
TOKYOTECH_s01,96,82,98.73333333333333,-0.6834691166877747,-0.018390212688735804
TOKYOTECH_s01,96,83,98.76666666666667,0.6368854641914368,-0.3447920844823301
TOKYOTECH_s01,96,84,98.8,1.835170865058899,-0.6204417264225625
TOKYOTECH_s01,96,85,98.83333333333333,1.980748176574707,-0.8482155432992358
TOKYOTECH_s01,96,86,98.86666666666666,1.489518404006958,-1.0302113325108684
TOKYOTECH_s01,96,87,98.9,0.8275101184844971,-1.1582954705833497
TOKYOTECH_s01,96,88,98.93333333333334,0.32667240500450134,-1.210804161597902
TOKYOTECH_s01,96,89,98.96666666666667,-0.072690449655056,-1.1571216606168655
TOKYOTECH_s01,96,90,99.0,-0.15073592960834503,-0.969472538086162
TOKYOTECH_s01,96,91,99.03333333333333,-0.04721345007419586,-0.6386437941592805
TOKYOTECH_s01,96,92,99.06666666666666,0.015868714079260826,-0.18757970599829182
TOKYOTECH_s01,96,93,99.1,-0.06036541238427162,0.32436110189973366
TOKYOTECH_s01,96,94,99.13333333333334,-0.16451792418956757,0.811313369541859
TOKYOTECH_s01,96,95,99.16666666666667,-0.37794196605682373,1.1836352961649776
TOKYOTECH_s01,96,96,99.2,-0.6576377153396606,1.3747451276613192
TOKYOTECH_s01,96,97,99.23333333333333,-0.853145182132721,1.360256007462951
TOKYOTECH_s01,96,98,99.26666666666667,-0.9654093980789185,1.1618776041792505
TOKYOTECH_s01,96,99,99.3,-1.0134494304656982,0.8363756856370393
TOKYOTECH_s01,96,100,99.33333333333333,-0.9762774705886841,0.4556031197542955
TOKYOTECH_s01,96,101,99.36666666666666,-0.9082731604576111,0.08542083807055056
TOKYOTECH_s01,96,102,99.4,-0.16077709197998047,-0.22989636747628067
TOKYOTECH_s01,96,103,99.43333333333334,1.346540093421936,-0.47395914569802877
TOKYOTECH_s01,96,104,99.46666666666667,1.997207760810852,-0.6545206088225652
TOKYOTECH_s01,96,105,99.5,1.6649435758590698,-0.7916571672807372
TOKYOTECH_s01,96,106,99.53333333333333,1.1122854948043823,-0.9020728241530663
TOKYOTECH_s01,96,107,99.56666666666666,0.628695011138916,-0.985453998920788
TOKYOTECH_s01,96,108,99.6,0.047961074858903885,-1.0193087264366307
TOKYOTECH_s01,96,109,99.63333333333334,-0.22945080697536469,-0.9662514075717702
TOKYOTECH_s01,96,110,99.66666666666667,-0.16018643975257874,-0.791914126285468
TOKYOTECH_s01,96,111,99.7,0.004724985919892788,-0.48573416089172816
TOKYOTECH_s01,96,112,99.73333333333333,0.04256640747189522,-0.07454868729869638
TOKYOTECH_s01,96,113,99.76666666666667,-0.222166046500206,0.3785987271520945
TOKYOTECH_s01,96,114,99.8,-0.5372618436813354,0.791767888343013
TOKYOTECH_s01,96,115,99.83333333333333,-0.8358979821205139,1.0909710756916038
TOKYOTECH_s01,96,116,99.86666666666666,-1.051842212677002,1.2340667037059216
TOKYOTECH_s01,96,117,99.9,-1.1612318754196167,1.2200716342742752
TOKYOTECH_s01,96,118,99.93333333333334,-1.2080512046813965,1.0808815462619639
TOKYOTECH_s01,96,119,99.96666666666667,-1.2264797687530518,0.8621326924533571
TOKYOTECH_s01,96,120,100.0,-1.2263222932815552,0.6037467585150641
TOKYOTECH_s01,96,121,100.03333333333333,-0.7137107849121094,0.32829940424863563
TOKYOTECH_s01,96,122,100.06666666666666,0.6689777970314026,0.04029657033947633
TOKYOTECH_s01,96,123,100.1,1.788981556892395,-0.26518997819849044
TOKYOTECH_s01,96,124,100.13333333333334,1.8134347200393677,-0.5888203156038501
TOKYOTECH_s01,96,125,100.16666666666667,1.350123405456543,-0.9138263885771162
TOKYOTECH_s01,96,126,100.2,0.7659636735916138,-1.1994468124266753
TOKYOTECH_s01,96,127,100.23333333333333,0.2592981457710266,-1.385508191577447
TOKYOTECH_s01,96,128,100.26666666666667,-0.15550056099891663,-1.408555814847699
TOKYOTECH_s01,96,129,100.3,-0.2472492754459381,-1.2248246456729628
TOKYOTECH_s01,96,130,100.33333333333333,-0.1387259066104889,-0.8317009974309805
TOKYOTECH_s01,96,131,100.36666666666666,0.013309200294315815,-0.27840133073028095
TOKYOTECH_s01,96,132,100.4,0.06875219941139221,0.3409037845130485
TOKYOTECH_s01,96,133,100.43333333333334,-0.19661028683185577,0.9115758039746198
TOKYOTECH_s01,96,134,100.46666666666667,-0.5236767530441284,1.3315735075168742
TOKYOTECH_s01,96,135,100.5,-0.718357264995575,1.538875398525993
TOKYOTECH_s01,96,136,100.53333333333333,-0.8904353380203247,1.5223372769843995
TOKYOTECH_s01,96,137,100.56666666666666,-1.0619226694107056,1.3141333788228846
TOKYOTECH_s01,96,138,100.6,-1.0805481672286987,0.9705772670268299
TOKYOTECH_s01,96,139,100.63333333333334,-1.0674355030059814,0.551717583897276
TOKYOTECH_s01,96,140,100.66666666666667,-0.7713195085525513,0.10763038961211409
TOKYOTECH_s01,96,141,100.7,0.36963286995887756,-0.3259598549137613
TOKYOTECH_s01,96,142,100.73333333333333,1.5518131256103516,-0.724270636448617
TOKYOTECH_s01,96,143,100.76666666666667,1.7485018968582153,-1.065878268117024
TOKYOTECH_s01,96,144,100.8,1.3084230422973633,-1.325287959942333
TOKYOTECH_s01,96,145,100.83333333333333,0.7874242067337036,-1.469847230054347
TOKYOTECH_s01,96,146,100.86666666666666,0.26036131381988525,-1.464062455746993
TOKYOTECH_s01,96,147,100.9,-0.1533348113298416,-1.2814589186897847
TOKYOTECH_s01,96,148,100.93333333333334,-0.22078783810138702,-0.9197097594089082
TOKYOTECH_s01,96,149,100.96666666666667,0.02004268951714039,-0.4115893978715942
TOKYOTECH_s01,96,150,101.0,0.22314992547035217,0.17494555175227636
TOKYOTECH_s01,96,151,101.03333333333333,-0.017916863784193993,0.7496041704076992
TOKYOTECH_s01,96,152,101.06666666666666,-0.3204119801521301,1.2214104255188611
TOKYOTECH_s01,96,153,101.1,-0.6057780385017395,1.5208031943388733
TOKYOTECH_s01,96,154,101.13333333333334,-0.8341653943061829,1.6140073434819755
TOKYOTECH_s01,96,155,101.16666666666667,-0.8146343231201172,1.5055416178503078
TOKYOTECH_s01,96,156,101.2,-0.957691490650177,1.230129526528531
TOKYOTECH_s01,96,157,101.23333333333333,-0.9930127263069153,0.8390852642069987
TOKYOTECH_s01,96,158,101.26666666666667,-1.0240813493728638,0.38682924904813765
TOKYOTECH_s01,96,159,101.3,-0.629522442817688,-0.0785421784894993
TOKYOTECH_s01,96,160,101.33333333333333,0.6423195004463196,-0.5189900771526679
TOKYOTECH_s01,96,161,101.36666666666666,1.793155550956726,-0.9050235367146494
TOKYOTECH_s01,96,162,101.4,1.863640546798706,-1.2111651030935757
TOKYOTECH_s01,96,163,101.43333333333334,1.3991479873657227,-1.4117359781542587
TOKYOTECH_s01,96,164,101.46666666666667,0.8675566911697388,-1.480324166018419
TOKYOTECH_s01,96,165,101.5,0.43342381715774536,-1.3947079163553093
TOKYOTECH_s01,96,166,101.53333333333333,0.09048837423324585,-1.1460396610415917
TOKYOTECH_s01,96,167,101.56666666666666,0.0817466527223587,-0.74826744061169
TOKYOTECH_s01,96,168,101.6,0.2583530843257904,-0.2427841217370336
TOKYOTECH_s01,96,169,101.63333333333334,0.41574347019195557,0.30517596249681606
TOKYOTECH_s01,96,170,101.66666666666667,0.14636452496051788,0.81842150588314
TOKYOTECH_s01,96,171,101.7,-0.19137312471866608,1.224335703078396
TOKYOTECH_s01,96,172,101.73333333333333,-0.5128480195999146,1.4704075173816002
TOKYOTECH_s01,96,173,101.76666666666667,-0.8864976167678833,1.5337339075290148
TOKYOTECH_s01,96,174,101.8,-0.9181174635887146,1.4222772404288377
TOKYOTECH_s01,96,175,101.83333333333333,-0.9530449509620667,1.1687275967811173
TOKYOTECH_s01,96,176,101.86666666666666,-1.0149458646774292,0.8195314377211844
TOKYOTECH_s01,96,177,101.9,-0.9267410635948181,0.4223617324476475
TOKYOTECH_s01,96,178,101.93333333333334,-0.5891215205192566,0.015784515963609764
TOKYOTECH_s01,96,179,101.96666666666667,0.6932340860366821,-0.3753586434643189
TOKYOTECH_s01,96,180,102.0,1.8468658924102783,-0.7370894463910295
TOKYOTECH_s01,96,181,102.03333333333333,1.7544478178024292,-1.057411739291638
TOKYOTECH_s01,96,182,102.06666666666666,1.2677857875823975,-1.316316341897474
TOKYOTECH_s01,96,183,102.1,0.8687379956245422,-1.4809732694495799
TOKYOTECH_s01,96,184,102.13333333333334,0.42582401633262634,-1.5103248590910667
TOKYOTECH_s01,96,185,102.16666666666667,-0.078675776720047,-1.3688023920690537
TOKYOTECH_s01,96,186,102.2,-0.2791447341442108,-1.0442531956808914
TOKYOTECH_s01,96,187,102.23333333333333,-0.028430558741092682,-0.5621277227322606
TOKYOTECH_s01,96,188,102.26666666666667,0.25654172897338867,0.012046038315217892
TOKYOTECH_s01,96,189,102.3,0.26579535007476807,0.5856147962129729
TOKYOTECH_s01,96,190,102.33333333333333,-0.2212209850549698,1.0633410379229424
TOKYOTECH_s01,96,191,102.36666666666666,-0.7463544011116028,1.3734758026377238
TOKYOTECH_s01,96,192,102.4,-0.9074856042861938,1.484682647578893
TOKYOTECH_s01,96,193,102.43333333333334,-0.8332597017288208,1.4080415399936361
TOKYOTECH_s01,96,194,102.46666666666667,-0.9176449179649353,1.185570493642096
TOKYOTECH_s01,96,195,102.5,-1.1471742391586304,0.8720255902988998
TOKYOTECH_s01,96,196,102.53333333333333,-0.9272923469543457,0.5177143551762609
TOKYOTECH_s01,96,197,102.56666666666666,0.1706995964050293,0.15790779841384048
TOKYOTECH_s01,96,198,102.6,1.6228888034820557,-0.1885665545550878
TOKYOTECH_s01,96,199,102.63333333333334,2.0402863025665283,-0.5123443751996445
TOKYOTECH_s01,96,200,102.66666666666667,1.4044638872146606,-0.8024343305926374
TOKYOTECH_s01,96,201,102.7,0.7599389553070068,-1.037094143056997
TOKYOTECH_s01,96,202,102.73333333333333,0.520053505897522,-1.181576625702343
TOKYOTECH_s01,96,203,102.76666666666667,0.2922174036502838,-1.1946817024359544
TOKYOTECH_s01,96,204,102.8,0.0924966111779213,-1.0429430274048512
TOKYOTECH_s01,96,205,102.83333333333333,-0.021578937768936157,-0.7181352344478853
TOKYOTECH_s01,96,206,102.86666666666666,0.005709413904696703,-0.25089129067791804
TOKYOTECH_s01,96,207,102.9,0.13809533417224884,0.28734212343484866
TOKYOTECH_s01,96,208,102.93333333333334,0.002756129251793027,0.7981541756783344
TOKYOTECH_s01,96,209,102.96666666666667,-0.4496477246284485,1.1827173796265142
TOKYOTECH_s01,96,210,103.0,-0.7851014733314514,1.370487630114739
TOKYOTECH_s01,96,211,103.03333333333333,-0.9667481780052185,1.3374895775383777
TOKYOTECH_s01,96,212,103.06666666666666,-0.9270954132080078,1.107518729352092
TOKYOTECH_s01,96,213,103.1,-0.9824990630149841,0.7385737064903563
TOKYOTECH_s01,96,214,103.13333333333334,-1.1335891485214233,0.3024637233484738
TOKYOTECH_s01,96,215,103.16666666666667,-0.89909827709198,-0.13397362953255257
TOKYOTECH_s01,96,216,103.2,0.14140300452709198,-0.5206548982361777
TOKYOTECH_s01,96,217,103.23333333333333,1.4614819288253784,-0.8277023242534931
TOKYOTECH_s01,96,218,103.26666666666667,1.8732092380523682,-1.0422660166312567
TOKYOTECH_s01,96,219,103.3,1.4371862411499023,-1.161886707614271
TOKYOTECH_s01,96,220,103.33333333333333,0.8911829590797424,-1.1877995073583671
TOKYOTECH_s01,96,221,103.36666666666666,0.43507763743400574,-1.1208381461367736
TOKYOTECH_s01,96,222,103.4,-0.004489262588322163,-0.9612612258500065
TOKYOTECH_s01,96,223,103.43333333333334,-0.10147513449192047,-0.7125943783661814
TOKYOTECH_s01,96,224,103.46666666666667,0.052095673978328705,-0.38855525048444906
TOKYOTECH_s01,96,225,103.5,0.20070496201515198,-0.020147127994706547
TOKYOTECH_s01,96,226,103.53333333333333,0.1964128613471985,0.3425738712611895
TOKYOTECH_s01,96,227,103.56666666666666,0.0035830491688102484,0.6388218535715684
TOKYOTECH_s01,96,228,103.6,-0.3846360743045807,0.8142629945421647
TOKYOTECH_s01,96,229,103.63333333333334,-0.7369039058685303,0.8394172870092297
TOKYOTECH_s01,96,230,103.66666666666667,-0.8624775409698486,0.7204515570079095
TOKYOTECH_s01,96,231,103.7,-0.8895296454429626,0.49756724361680155
TOKYOTECH_s01,96,232,103.73333333333333,-1.0468807220458984,0.2321022941302672
TOKYOTECH_s01,96,233,103.76666666666667,-1.0663723945617676,-0.011939163469181278
TOKYOTECH_s01,96,234,103.8,-0.522613525390625,-0.1848010108370776
TOKYOTECH_s01,96,235,103.83333333333333,0.5954607129096985,-0.26083900115319625
TOKYOTECH_s01,96,236,103.86666666666666,1.7120779752731323,-0.23924773094189897
TOKYOTECH_s01,96,237,103.9,1.88325035572052,-0.13742684574488123
TOKYOTECH_s01,96,238,103.93333333333334,1.3510290384292603,0.01835817464809512
TOKYOTECH_s01,96,239,103.96666666666667,0.655668318271637,0.20010042881164009
TOKYOTECH_s01,97,0,97.0,0.2804436683654785,0.07493600382949603
TOKYOTECH_s01,97,1,97.03333333333333,0.055678993463516235,-0.20321366250165931
TOKYOTECH_s01,97,2,97.06666666666666,0.09316602349281311,-0.4202242705663896
TOKYOTECH_s01,97,3,97.1,0.06898846477270126,-0.5295064033716567
TOKYOTECH_s01,97,4,97.13333333333334,-3.964693678426556e-05,-0.511417725984866
TOKYOTECH_s01,97,5,97.16666666666667,-0.05859344080090523,-0.37822310977538326
TOKYOTECH_s01,97,6,97.2,-0.34754282236099243,-0.1700624784424766
TOKYOTECH_s01,97,7,97.23333333333333,-0.8209347128868103,0.05744570101470475
TOKYOTECH_s01,97,8,97.26666666666667,-1.1698554754257202,0.24999307638984408
TOKYOTECH_s01,97,9,97.3,-1.2507754564285278,0.3697626822036648
TOKYOTECH_s01,97,10,97.33333333333333,-1.246995210647583,0.4034516169134142
TOKYOTECH_s01,97,11,97.36666666666666,-1.129454493522644,0.3606694656432356
TOKYOTECH_s01,97,12,97.4,-1.0758228302001953,0.2647055387120804
TOKYOTECH_s01,97,13,97.43333333333334,-0.5015861392021179,0.1408280701680893
TOKYOTECH_s01,97,14,97.46666666666667,0.9339464902877808,0.007297736763878829
TOKYOTECH_s01,97,15,97.5,1.939008355140686,-0.12800182046430295
TOKYOTECH_s01,97,16,97.53333333333333,1.6091067790985107,-0.2650757929738572
TOKYOTECH_s01,97,17,97.56666666666666,0.858145534992218,-0.4052475322296621
TOKYOTECH_s01,97,18,97.6,0.44452816247940063,-0.5434333126908942
TOKYOTECH_s01,97,19,97.63333333333334,0.16727377474308014,-0.6626319267191313
TOKYOTECH_s01,97,20,97.66666666666667,-0.1162809357047081,-0.7337259032661384
TOKYOTECH_s01,97,21,97.7,-0.16077709197998047,-0.7221913180311135
TOKYOTECH_s01,97,22,97.73333333333333,0.07832084596157074,-0.6004614809570514
TOKYOTECH_s01,97,23,97.76666666666667,0.2668585479259491,-0.3615829645808681
TOKYOTECH_s01,97,24,97.8,0.0902521163225174,-0.02809030365920435
TOKYOTECH_s01,97,25,97.83333333333333,-0.2668984532356262,0.34903100277574467
TOKYOTECH_s01,97,26,97.86666666666666,-0.5113910436630249,0.702631239875239
TOKYOTECH_s01,97,27,97.9,-0.8458210229873657,0.9689179756520216
TOKYOTECH_s01,97,28,97.93333333333334,-1.1577666997909546,1.1059323739156108
TOKYOTECH_s01,97,29,97.96666666666667,-1.2161235809326172,1.1028563229893964
TOKYOTECH_s01,97,30,98.0,-1.2588083744049072,0.9773336580622441
TOKYOTECH_s01,97,31,98.03333333333333,-1.262509822845459,0.7641733749843724
TOKYOTECH_s01,97,32,98.06666666666666,-0.9782463312149048,0.5014477733423282
TOKYOTECH_s01,97,33,98.1,0.23082846403121948,0.21937646705862493
TOKYOTECH_s01,97,34,98.13333333333334,1.757519245147705,-0.06442002441996497
TOKYOTECH_s01,97,35,98.16666666666667,2.1607017517089844,-0.34228970209155757
TOKYOTECH_s01,97,36,98.2,1.5416144132614136,-0.608710758731851
TOKYOTECH_s01,97,37,98.23333333333333,0.9669839143753052,-0.8516239044990458
TOKYOTECH_s01,97,38,98.26666666666667,0.5955788493156433,-1.0472843909650777
TOKYOTECH_s01,97,39,98.3,0.35604774951934814,-1.1613877946185598
TOKYOTECH_s01,97,40,98.33333333333333,0.14538009464740753,-1.1571604083781986
TOKYOTECH_s01,97,41,98.36666666666666,0.1824733465909958,-1.0085317407214978
TOKYOTECH_s01,97,42,98.4,0.19692476093769073,-0.7136274298024521
TOKYOTECH_s01,97,43,98.43333333333334,0.1398279219865799,-0.30239609641347986
TOKYOTECH_s01,97,44,98.46666666666667,-0.03536093235015869,0.16617361581606313
TOKYOTECH_s01,97,45,98.5,-0.30548804998397827,0.6174115559719495
TOKYOTECH_s01,97,46,98.53333333333333,-0.5062326788902283,0.9800429859060329
TOKYOTECH_s01,97,47,98.56666666666666,-0.7447399497032166,1.2034908323005635
TOKYOTECH_s01,97,48,98.6,-1.0485345125198364,1.2673525370753653
TOKYOTECH_s01,97,49,98.63333333333334,-1.2056492567062378,1.1810305844677909
TOKYOTECH_s01,97,50,98.66666666666667,-1.165287733078003,0.9754213899886415
TOKYOTECH_s01,97,51,98.7,-1.163358211517334,0.6908170718281103
TOKYOTECH_s01,97,52,98.73333333333333,-0.6834691166877747,0.36545784702483985
TOKYOTECH_s01,97,53,98.76666666666667,0.6368854641914368,0.02814135932242087
TOKYOTECH_s01,97,54,98.8,1.835170865058899,-0.30328241840777526
TOKYOTECH_s01,97,55,98.83333333333333,1.980748176574707,-0.6176722536402081
TOKYOTECH_s01,97,56,98.86666666666666,1.489518404006958,-0.9029324883932238
TOKYOTECH_s01,97,57,98.9,0.8275101184844971,-1.1387372205779256
TOKYOTECH_s01,97,58,98.93333333333334,0.32667240500450134,-1.2934742915868012
TOKYOTECH_s01,97,59,98.96666666666667,-0.072690449655056,-1.327959615340417
TOKYOTECH_s01,97,60,99.0,-0.15073592960834503,-1.2063489805354657
TOKYOTECH_s01,97,61,99.03333333333333,-0.04721345007419586,-0.9118004366081802
TOKYOTECH_s01,97,62,99.06666666666666,0.015868714079260826,-0.46130372324443736
TOKYOTECH_s01,97,63,99.1,-0.06036541238427162,0.08778600513393893
TOKYOTECH_s01,97,64,99.13333333333334,-0.16451792418956757,0.6456549492064382
TOKYOTECH_s01,97,65,99.16666666666667,-0.37794196605682373,1.1126397170357278
TOKYOTECH_s01,97,66,99.2,-0.6576377153396606,1.4082359552854118
TOKYOTECH_s01,97,67,99.23333333333333,-0.853145182132721,1.4935459835614215
TOKYOTECH_s01,97,68,99.26666666666667,-0.9654093980789185,1.3779704166432611
TOKYOTECH_s01,97,69,99.3,-1.0134494304656982,1.1094617464154672
TOKYOTECH_s01,97,70,99.33333333333333,-0.9762774705886841,0.7545256226757009
TOKYOTECH_s01,97,71,99.36666666666666,-0.9082731604576111,0.37665135851180237
TOKYOTECH_s01,97,72,99.4,-0.16077709197998047,0.020456628765760407
TOKYOTECH_s01,97,73,99.43333333333334,1.346540093421936,-0.29445204019459215
TOKYOTECH_s01,97,74,99.46666666666667,1.997207760810852,-0.5692156617489952
TOKYOTECH_s01,97,75,99.5,1.6649435758590698,-0.8133734818361502
TOKYOTECH_s01,97,76,99.53333333333333,1.1122854948043823,-1.0294950081268086
TOKYOTECH_s01,97,77,99.56666666666666,0.628695011138916,-1.201501232732705
TOKYOTECH_s01,97,78,99.6,0.047961074858903885,-1.2927480025728948
TOKYOTECH_s01,97,79,99.63333333333334,-0.22945080697536469,-1.2564520385225242
TOKYOTECH_s01,97,80,99.66666666666667,-0.16018643975257874,-1.0554936164591475
TOKYOTECH_s01,97,81,99.7,0.004724985919892788,-0.6836062128658231
TOKYOTECH_s01,97,82,99.73333333333333,0.04256640747189522,-0.17817520068718484
TOKYOTECH_s01,97,83,99.76666666666667,-0.222166046500206,0.3826145740868079
TOKYOTECH_s01,97,84,99.8,-0.5372618436813354,0.8993604989726476
TOKYOTECH_s01,97,85,99.83333333333333,-0.8358979821205139,1.280990808734828
TOKYOTECH_s01,97,86,99.86666666666666,-1.051842212677002,1.4715943094387394
TOKYOTECH_s01,97,87,99.9,-1.1612318754196167,1.462532633051959
TOKYOTECH_s01,97,88,99.93333333333334,-1.2080512046813965,1.2861134374460255
TOKYOTECH_s01,97,89,99.96666666666667,-1.2264797687530518,0.9966291786246503
TOKYOTECH_s01,97,90,100.0,-1.2263222932815552,0.6486724478207108
TOKYOTECH_s01,97,91,100.03333333333333,-0.7137107849121094,0.28134539617197146
TOKYOTECH_s01,97,92,100.06666666666666,0.6689777970314026,-0.08664448739113625
TOKYOTECH_s01,97,93,100.1,1.788981556892395,-0.45050557791717205
TOKYOTECH_s01,97,94,100.13333333333334,1.8134347200393677,-0.8055617507847481
TOKYOTECH_s01,97,95,100.16666666666667,1.350123405456543,-1.13324445502298
TOKYOTECH_s01,97,96,100.2,0.7659636735916138,-1.394174891260158
TOKYOTECH_s01,97,97,100.23333333333333,0.2592981457710266,-1.5328197324843824
TOKYOTECH_s01,97,98,100.26666666666667,-0.15550056099891663,-1.4934376420926658
TOKYOTECH_s01,97,99,100.3,-0.2472492754459381,-1.2421959500375137
TOKYOTECH_s01,97,100,100.33333333333333,-0.1387259066104889,-0.7871793167934391
TOKYOTECH_s01,97,101,100.36666666666666,0.013309200294315815,-0.18726900763800347
TOKYOTECH_s01,97,102,100.4,0.06875219941139221,0.45674418333064
TOKYOTECH_s01,97,103,100.43333333333334,-0.19661028683185577,1.0285259541337308
TOKYOTECH_s01,97,104,100.46666666666667,-0.5236767530441284,1.4299888042805973
TOKYOTECH_s01,97,105,100.5,-0.718357264995575,1.6073057088836344
TOKYOTECH_s01,97,106,100.53333333333333,-0.8904353380203247,1.5586868509917458
TOKYOTECH_s01,97,107,100.56666666666666,-1.0619226694107056,1.3238293342866743
TOKYOTECH_s01,97,108,100.6,-1.0805481672286987,0.9632361661198932
TOKYOTECH_s01,97,109,100.63333333333334,-1.0674355030059814,0.5379016071623735
TOKYOTECH_s01,97,110,100.66666666666667,-0.7713195085525513,0.09657811370722313
TOKYOTECH_s01,97,111,100.7,0.36963286995887756,-0.3274528727028021
TOKYOTECH_s01,97,112,100.73333333333333,1.5518131256103516,-0.7119919463834851
TOKYOTECH_s01,97,113,100.76666666666667,1.7485018968582153,-1.0376639888783064
TOKYOTECH_s01,97,114,100.8,1.3084230422973633,-1.2803450374695733
TOKYOTECH_s01,97,115,100.83333333333333,0.7874242067337036,-1.408599999239183
TOKYOTECH_s01,97,116,100.86666666666666,0.26036131381988525,-1.3887724710610772
TOKYOTECH_s01,97,117,100.9,-0.1533348113298416,-1.197110718458811
TOKYOTECH_s01,97,118,100.93333333333334,-0.22078783810138702,-0.8343548217702993
TOKYOTECH_s01,97,119,100.96666666666667,0.02004268951714039,-0.3357278187036667
TOKYOTECH_s01,97,120,101.0,0.22314992547035217,0.22982032859112772
TOKYOTECH_s01,97,121,101.03333333333333,-0.017916863784193993,0.7729370251185201
TOKYOTECH_s01,97,122,101.06666666666666,-0.3204119801521301,1.2057032075985377
TOKYOTECH_s01,97,123,101.1,-0.6057780385017395,1.4636932623443941
TOKYOTECH_s01,97,124,101.13333333333334,-0.8341653943061829,1.5198613183878582
TOKYOTECH_s01,97,125,101.16666666666667,-0.8146343231201172,1.385786469264523
TOKYOTECH_s01,97,126,101.2,-0.957691490650177,1.1015862383461357
TOKYOTECH_s01,97,127,101.23333333333333,-0.9930127263069153,0.720241203042928
TOKYOTECH_s01,97,128,101.26666666666667,-1.0240813493728638,0.2930262351502965
TOKYOTECH_s01,97,129,101.3,-0.629522442817688,-0.13923536136637615
TOKYOTECH_s01,97,130,101.33333333333333,0.6423195004463196,-0.5474953072791823
TOKYOTECH_s01,97,131,101.36666666666666,1.793155550956726,-0.9097657940518266
TOKYOTECH_s01,97,132,101.4,1.863640546798706,-1.2039010151264864
TOKYOTECH_s01,97,133,101.43333333333334,1.3991479873657227,-1.402340284909042
TOKYOTECH_s01,97,134,101.46666666666667,0.8675566911697388,-1.4726925775195172
TOKYOTECH_s01,97,135,101.5,0.43342381715774536,-1.3855893324823134
TOKYOTECH_s01,97,136,101.53333333333333,0.09048837423324585,-1.1274080658883028
TOKYOTECH_s01,97,137,101.56666666666666,0.0817466527223587,-0.7122740230272253
TOKYOTECH_s01,97,138,101.6,0.2583530843257904,-0.187151651528899
TOKYOTECH_s01,97,139,101.63333333333334,0.41574347019195557,0.3738116410301804
TOKYOTECH_s01,97,140,101.66666666666667,0.14636452496051788,0.8852082598670374
TOKYOTECH_s01,97,141,101.7,-0.19137312471866608,1.2714240733708098
TOKYOTECH_s01,97,142,101.73333333333333,-0.5128480195999146,1.4847925465932823
TOKYOTECH_s01,97,143,101.76666666666667,-0.8864976167678833,1.5138365386272952
TOKYOTECH_s01,97,144,101.8,-0.9181174635887146,1.3795663093731336
TOKYOTECH_s01,97,145,101.83333333333333,-0.9530449509620667,1.1232107608124375
TOKYOTECH_s01,97,146,101.86666666666666,-1.0149458646774292,0.7911395928660799
TOKYOTECH_s01,97,147,101.9,-0.9267410635948181,0.42228531368759553
TOKYOTECH_s01,97,148,101.93333333333334,-0.5891215205192566,0.04179621119938812
TOKYOTECH_s01,97,149,101.96666666666667,0.6932340860366821,-0.3374825636238625
TOKYOTECH_s01,97,150,102.0,1.8468658924102783,-0.7067729845982486
TOKYOTECH_s01,97,151,102.03333333333333,1.7544478178024292,-1.0502431198091318
TOKYOTECH_s01,97,152,102.06666666666666,1.2677857875823975,-1.3367882468905374
TOKYOTECH_s01,97,153,102.1,0.8687379956245422,-1.5200387758412932
TOKYOTECH_s01,97,154,102.13333333333334,0.42582401633262634,-1.5485634359163274
TOKYOTECH_s01,97,155,102.16666666666667,-0.078675776720047,-1.3836876339514397
TOKYOTECH_s01,97,156,102.2,-0.2791447341442108,-1.0187461159417663
TOKYOTECH_s01,97,157,102.23333333333333,-0.028430558741092682,-0.4916363703848855
TOKYOTECH_s01,97,158,102.26666666666667,0.25654172897338867,0.11699489890874312
TOKYOTECH_s01,97,159,102.3,0.26579535007476807,0.7026019959702816
TOKYOTECH_s01,97,160,102.33333333333333,-0.2212209850549698,1.1663284262359732
TOKYOTECH_s01,97,161,102.36666666666666,-0.7463544011116028,1.442433212499216
TOKYOTECH_s01,97,162,102.4,-0.9074856042861938,1.5119870626240814
TOKYOTECH_s01,97,163,102.43333333333334,-0.8332597017288208,1.3989118654207005
TOKYOTECH_s01,97,164,102.46666666666667,-0.9176449179649353,1.152925956648307
TOKYOTECH_s01,97,165,102.5,-1.1471742391586304,0.8286675853968897
TOKYOTECH_s01,97,166,102.53333333333333,-0.9272923469543457,0.4695433038941094
TOKYOTECH_s01,97,167,102.56666666666666,0.1706995964050293,0.10096691962475117
TOKYOTECH_s01,97,168,102.6,1.6228888034820557,-0.26631108137871917
TOKYOTECH_s01,97,169,102.63333333333334,2.0402863025665283,-0.6254726826503374
TOKYOTECH_s01,97,170,102.66666666666667,1.4044638872146606,-0.96102526467753
TOKYOTECH_s01,97,171,102.7,0.7599389553070068,-1.2408036280955317
TOKYOTECH_s01,97,172,102.73333333333333,0.520053505897522,-1.417150557951729
TOKYOTECH_s01,97,173,102.76666666666667,0.2922174036502838,-1.4380941264604545
TOKYOTECH_s01,97,174,102.8,0.0924966111779213,-1.265480851968481
TOKYOTECH_s01,97,175,102.83333333333333,-0.021578937768936157,-0.8939627758850521
TOKYOTECH_s01,97,176,102.86666666666666,0.005709413904696703,-0.3631332360268974
TOKYOTECH_s01,97,177,102.9,0.13809533417224884,0.24401754753395996
TOKYOTECH_s01,97,178,102.93333333333334,0.002756129251793027,0.8190188463695576
TOKYOTECH_s01,97,179,102.96666666666667,-0.4496477246284485,1.2577285018046986
TOKYOTECH_s01,97,180,103.0,-0.7851014733314514,1.4902157040015382
TOKYOTECH_s01,97,181,103.03333333333333,-0.9667481780052185,1.4974481338280976
TOKYOTECH_s01,97,182,103.06666666666666,-0.9270954132080078,1.3087741434231877
TOKYOTECH_s01,97,183,103.1,-0.9824990630149841,0.9843661241306624
TOKYOTECH_s01,97,184,103.13333333333334,-1.1335891485214233,0.5924446040687823
TOKYOTECH_s01,97,185,103.16666666666667,-0.89909827709198,0.19066732820892027
TOKYOTECH_s01,97,186,103.2,0.14140300452709198,-0.18306192045587627
TOKYOTECH_s01,97,187,103.23333333333333,1.4614819288253784,-0.509915105105518
TOKYOTECH_s01,97,188,103.26666666666667,1.8732092380523682,-0.782485968521365
TOKYOTECH_s01,97,189,103.3,1.4371862411499023,-0.9946208345666716
TOKYOTECH_s01,97,190,103.33333333333333,0.8911829590797424,-1.1334647310884065
TOKYOTECH_s01,97,191,103.36666666666666,0.43507763743400574,-1.1774452443661132
TOKYOTECH_s01,97,192,103.4,-0.004489262588322163,-1.1016746640010278
TOKYOTECH_s01,97,193,103.43333333333334,-0.10147513449192047,-0.8894714809040909
TOKYOTECH_s01,97,194,103.46666666666667,0.052095673978328705,-0.5460974191957513
TOKYOTECH_s01,97,195,103.5,0.20070496201515198,-0.10852224953837533
TOKYOTECH_s01,97,196,103.53333333333333,0.1964128613471985,0.3557912194897668
TOKYOTECH_s01,97,197,103.56666666666666,0.0035830491688102484,0.764322830703068
TOKYOTECH_s01,97,198,103.6,-0.3846360743045807,1.043939002025886
TOKYOTECH_s01,97,199,103.63333333333334,-0.7369039058685303,1.1528185657743324
TOKYOTECH_s01,97,200,103.66666666666667,-0.8624775409698486,1.0900709142664946
TOKYOTECH_s01,97,201,103.7,-0.8895296454429626,0.8904379556375753
TOKYOTECH_s01,97,202,103.73333333333333,-1.0468807220458984,0.6081923195522152
TOKYOTECH_s01,97,203,103.76666666666667,-1.0663723945617676,0.29776167835163797
TOKYOTECH_s01,97,204,103.8,-0.522613525390625,-0.0014710698691328414
TOKYOTECH_s01,97,205,103.83333333333333,0.5954607129096985,-0.27132200134574375
TOKYOTECH_s01,97,206,103.86666666666666,1.7120779752731323,-0.5107681348834845
TOKYOTECH_s01,97,207,103.9,1.88325035572052,-0.7244504422420155
TOKYOTECH_s01,97,208,103.93333333333334,1.3510290384292603,-0.9094869814429634
TOKYOTECH_s01,97,209,103.96666666666667,0.655668318271637,-1.0471418397010668
TOKYOTECH_s01,97,210,104.0,0.06249123811721802,-1.1037517462841129
TOKYOTECH_s01,97,211,104.03333333333333,-0.06312181055545807,-1.0413680042278262
TOKYOTECH_s01,97,212,104.06666666666666,0.053946398198604584,-0.8345328426383363
TOKYOTECH_s01,97,213,104.1,-0.07820325344800949,-0.4864679528784394
TOKYOTECH_s01,97,214,104.13333333333334,-0.03819608688354492,-0.03679074514214409
TOKYOTECH_s01,97,215,104.16666666666667,0.15128666162490845,0.4444900282845313
TOKYOTECH_s01,97,216,104.2,-0.1946808099746704,0.8755007659368093
TOKYOTECH_s01,97,217,104.23333333333333,-0.7005194425582886,1.185904261574815
TOKYOTECH_s01,97,218,104.26666666666667,-0.9465083479881287,1.335318719486603
TOKYOTECH_s01,97,219,104.3,-0.8329446911811829,1.319975978145346
TOKYOTECH_s01,97,220,104.33333333333333,-0.8427889943122864,1.167083115783833
TOKYOTECH_s01,97,221,104.36666666666666,-1.175801396369934,0.9215716463029887
TOKYOTECH_s01,97,222,104.4,-1.1761164665222168,0.6312296985427491
TOKYOTECH_s01,97,223,104.43333333333334,-0.1937357485294342,0.33480535452384796
TOKYOTECH_s01,97,224,104.46666666666667,1.459473729133606,0.05592809865694661
TOKYOTECH_s01,97,225,104.5,2.215435743331909,-0.1960087971112853
TOKYOTECH_s01,97,226,104.53333333333333,1.743146538734436,-0.41899425671882307
TOKYOTECH_s01,97,227,104.56666666666666,0.9685983657836914,-0.6087929799686469
TOKYOTECH_s01,97,228,104.6,0.6093214750289917,-0.7512567822679267
TOKYOTECH_s01,97,229,104.63333333333334,0.38833698630332947,-0.8210044408588184
TOKYOTECH_s01,97,230,104.66666666666667,0.17786623537540436,-0.7886597795482301
TOKYOTECH_s01,97,231,104.7,0.05374951288104057,-0.6351359343793731
TOKYOTECH_s01,97,232,104.73333333333333,0.249099463224411,-0.3675932606796067
TOKYOTECH_s01,97,233,104.76666666666667,0.4357864260673523,-0.0291482791491981
TOKYOTECH_s01,97,234,104.8,0.06898846477270126,0.3050869353995687
TOKYOTECH_s01,97,235,104.83333333333333,-0.3495904207229614,0.5477068473762879
TOKYOTECH_s01,97,236,104.86666666666666,-0.4393703043460846,0.6276825031532762
TOKYOTECH_s01,97,237,104.9,-0.8265656232833862,0.515440609805847
TOKYOTECH_s01,97,238,104.93333333333334,-1.0033689737319946,0.23401783924414918
TOKYOTECH_s01,97,239,104.96666666666667,-0.9864761233329773,-0.1467753033618657
TOKYOTECH_s01,98,0,98.0,-1.2588083744049072,-0.08078370569793862
TOKYOTECH_s01,98,1,98.03333333333333,-1.262509822845459,0.1023506950266458
TOKYOTECH_s01,98,2,98.06666666666666,-0.9782463312149048,0.23767614632401207
TOKYOTECH_s01,98,3,98.1,0.23082846403121948,0.28448199613717434
TOKYOTECH_s01,98,4,98.13333333333334,1.757519245147705,0.21856721625002737
TOKYOTECH_s01,98,5,98.16666666666667,2.1607017517089844,0.03874425877621226
TOKYOTECH_s01,98,6,98.2,1.5416144132614136,-0.2306436846786777
TOKYOTECH_s01,98,7,98.23333333333333,0.9669839143753052,-0.5432962524447515
TOKYOTECH_s01,98,8,98.26666666666667,0.5955788493156433,-0.8403467117878568
TOKYOTECH_s01,98,9,98.3,0.35604774951934814,-1.0629005544339452
TOKYOTECH_s01,98,10,98.33333333333333,0.14538009464740753,-1.164516044413481
TOKYOTECH_s01,98,11,98.36666666666666,0.1824733465909958,-1.1210435809881278
TOKYOTECH_s01,98,12,98.4,0.19692476093769073,-0.935708642113458
TOKYOTECH_s01,98,13,98.43333333333334,0.1398279219865799,-0.637861104084929
TOKYOTECH_s01,98,14,98.46666666666667,-0.03536093235015869,-0.2751769016909415
TOKYOTECH_s01,98,15,98.5,-0.30548804998397827,0.09873756466791009
TOKYOTECH_s01,98,16,98.53333333333333,-0.5062326788902283,0.43728326163232756
TOKYOTECH_s01,98,17,98.56666666666666,-0.7447399497032166,0.7096450412103265
TOKYOTECH_s01,98,18,98.6,-1.0485345125198364,0.9023891600257246
TOKYOTECH_s01,98,19,98.63333333333334,-1.2056492567062378,1.0142959541547278
TOKYOTECH_s01,98,20,98.66666666666667,-1.165287733078003,1.0482525511570437
TOKYOTECH_s01,98,21,98.7,-1.163358211517334,1.0051919082783234
TOKYOTECH_s01,98,22,98.73333333333333,-0.6834691166877747,0.8830848538885433
TOKYOTECH_s01,98,23,98.76666666666667,0.6368854641914368,0.6806536368681296
TOKYOTECH_s01,98,24,98.8,1.835170865058899,0.4031988273157876
TOKYOTECH_s01,98,25,98.83333333333333,1.980748176574707,0.06755314674436873
TOKYOTECH_s01,98,26,98.86666666666666,1.489518404006958,-0.29581179713799294
TOKYOTECH_s01,98,27,98.9,0.8275101184844971,-0.6442053338396992
TOKYOTECH_s01,98,28,98.93333333333334,0.32667240500450134,-0.9276145552892024
TOKYOTECH_s01,98,29,98.96666666666667,-0.072690449655056,-1.0967667997811021
TOKYOTECH_s01,98,30,99.0,-0.15073592960834503,-1.1136346408274531
TOKYOTECH_s01,98,31,99.03333333333333,-0.04721345007419586,-0.9626147974121136
TOKYOTECH_s01,98,32,99.06666666666666,0.015868714079260826,-0.6590793914932243
TOKYOTECH_s01,98,33,99.1,-0.06036541238427162,-0.2509751628961703
TOKYOTECH_s01,98,34,99.13333333333334,-0.16451792418956757,0.18990472636981665
TOKYOTECH_s01,98,35,99.16666666666667,-0.37794196605682373,0.5862082236651122
TOKYOTECH_s01,98,36,99.2,-0.6576377153396606,0.8761048198390646
TOKYOTECH_s01,98,37,99.23333333333333,-0.853145182132721,1.0277490319772917
TOKYOTECH_s01,98,38,99.26666666666667,-0.9654093980789185,1.0417022468647388
TOKYOTECH_s01,98,39,99.3,-1.0134494304656982,0.9426800074039883
TOKYOTECH_s01,98,40,99.33333333333333,-0.9762774705886841,0.7661108541622214
TOKYOTECH_s01,98,41,99.36666666666666,-0.9082731604576111,0.545303161876939
TOKYOTECH_s01,98,42,99.4,-0.16077709197998047,0.30313822752502584
TOKYOTECH_s01,98,43,99.43333333333334,1.346540093421936,0.04988647169643977
TOKYOTECH_s01,98,44,99.46666666666667,1.997207760810852,-0.2130182084456367
TOKYOTECH_s01,98,45,99.5,1.6649435758590698,-0.4847617451260768
TOKYOTECH_s01,98,46,99.53333333333333,1.1122854948043823,-0.7553975604264044
TOKYOTECH_s01,98,47,99.56666666666666,0.628695011138916,-0.9986826725963889
TOKYOTECH_s01,98,48,99.6,0.047961074858903885,-1.1718310647606334
TOKYOTECH_s01,98,49,99.63333333333334,-0.22945080697536469,-1.2246421756875367
TOKYOTECH_s01,98,50,99.66666666666667,-0.16018643975257874,-1.1164357123664375
TOKYOTECH_s01,98,51,99.7,0.004724985919892788,-0.8348633771368608
TOKYOTECH_s01,98,52,99.73333333333333,0.04256640747189522,-0.4083779376239212
TOKYOTECH_s01,98,53,99.76666666666667,-0.222166046500206,0.09469515605206974
TOKYOTECH_s01,98,54,99.8,-0.5372618436813354,0.5827638143164815
TOKYOTECH_s01,98,55,99.83333333333333,-0.8358979821205139,0.9681764840788455
TOKYOTECH_s01,98,56,99.86666666666666,-1.051842212677002,1.1932770308421656
TOKYOTECH_s01,98,57,99.9,-1.1612318754196167,1.2431955144236215
TOKYOTECH_s01,98,58,99.93333333333334,-1.2080512046813965,1.141165385658046
TOKYOTECH_s01,98,59,99.96666666666667,-1.2264797687530518,0.9317451961581356
TOKYOTECH_s01,98,60,100.0,-1.2263222932815552,0.6613360662092587
TOKYOTECH_s01,98,61,100.03333333333333,-0.7137107849121094,0.36388240177679426
TOKYOTECH_s01,98,62,100.06666666666666,0.6689777970314026,0.05606148338775343
TOKYOTECH_s01,98,63,100.1,1.788981556892395,-0.2576891058959526
TOKYOTECH_s01,98,64,100.13333333333334,1.8134347200393677,-0.5736179830126478
TOKYOTECH_s01,98,65,100.16666666666667,1.350123405456543,-0.8763085874276554
TOKYOTECH_s01,98,66,100.2,0.7659636735916138,-1.1316352963038012
TOKYOTECH_s01,98,67,100.23333333333333,0.2592981457710266,-1.2893214305164746
TOKYOTECH_s01,98,68,100.26666666666667,-0.15550056099891663,-1.2958674058760415
TOKYOTECH_s01,98,69,100.3,-0.2472492754459381,-1.1143698813991416
TOKYOTECH_s01,98,70,100.33333333333333,-0.1387259066104889,-0.7440981655326687
TOKYOTECH_s01,98,71,100.36666666666666,0.013309200294315815,-0.23097254637709264
TOKYOTECH_s01,98,72,100.4,0.06875219941139221,0.3382297048613767
TOKYOTECH_s01,98,73,100.43333333333334,-0.19661028683185577,0.8586310613642705
TOKYOTECH_s01,98,74,100.46666666666667,-0.5236767530441284,1.2382186546204779
TOKYOTECH_s01,98,75,100.5,-0.718357264995575,1.4229210220887987
TOKYOTECH_s01,98,76,100.53333333333333,-0.8904353380203247,1.405509812584862
TOKYOTECH_s01,98,77,100.56666666666666,-1.0619226694107056,1.2173966656209372
TOKYOTECH_s01,98,78,100.6,-1.0805481672286987,0.9103406997485269
TOKYOTECH_s01,98,79,100.63333333333334,-1.0674355030059814,0.5377533228643518
TOKYOTECH_s01,98,80,100.66666666666667,-0.7713195085525513,0.14265429025129678
TOKYOTECH_s01,98,81,100.7,0.36963286995887756,-0.24552457594364774
TOKYOTECH_s01,98,82,100.73333333333333,1.5518131256103516,-0.6068850493414532
TOKYOTECH_s01,98,83,100.76666666666667,1.7485018968582153,-0.9233335023381418
TOKYOTECH_s01,98,84,100.8,1.3084230422973633,-1.171483699393935
TOKYOTECH_s01,98,85,100.83333333333333,0.7874242067337036,-1.3201352784193963
TOKYOTECH_s01,98,86,100.86666666666666,0.26036131381988525,-1.3347028549019926
TOKYOTECH_s01,98,87,100.9,-0.1533348113298416,-1.1882288743653897
TOKYOTECH_s01,98,88,100.93333333333334,-0.22078783810138702,-0.8753116779838704
TOKYOTECH_s01,98,89,100.96666666666667,0.02004268951714039,-0.42286710462334387
TOKYOTECH_s01,98,90,101.0,0.22314992547035217,0.10834966923650358
TOKYOTECH_s01,98,91,101.03333333333333,-0.017916863784193993,0.634392889852165
TOKYOTECH_s01,98,92,101.06666666666666,-0.3204119801521301,1.0684670401229042
TOKYOTECH_s01,98,93,101.1,-0.6057780385017395,1.3435241236635904
TOKYOTECH_s01,98,94,101.13333333333334,-0.8341653943061829,1.42808473471266
TOKYOTECH_s01,98,95,101.16666666666667,-0.8146343231201172,1.3292850450162703
TOKYOTECH_s01,98,96,101.2,-0.957691490650177,1.0834917309701737
TOKYOTECH_s01,98,97,101.23333333333333,-0.9930127263069153,0.74043920150171
TOKYOTECH_s01,98,98,101.26666666666667,-1.0240813493728638,0.34834639141973156
TOKYOTECH_s01,98,99,101.3,-0.629522442817688,-0.054780519201142214
TOKYOTECH_s01,98,100,101.33333333333333,0.6423195004463196,-0.4421433143853138
TOKYOTECH_s01,98,101,101.36666666666666,1.793155550956726,-0.7931801451521147
TOKYOTECH_s01,98,102,101.4,1.863640546798706,-1.0862516996002327
TOKYOTECH_s01,98,103,101.43333333333334,1.3991479873657227,-1.2932170503704628
TOKYOTECH_s01,98,104,101.46666666666667,0.8675566911697388,-1.3796615862324382
TOKYOTECH_s01,98,105,101.5,0.43342381715774536,-1.312525959365957
TOKYOTECH_s01,98,106,101.53333333333333,0.09048837423324585,-1.0733547570785598
TOKYOTECH_s01,98,107,101.56666666666666,0.0817466527223587,-0.6719378718954152
TOKYOTECH_s01,98,108,101.6,0.2583530843257904,-0.15370732906820267
TOKYOTECH_s01,98,109,101.63333333333334,0.41574347019195557,0.40424934376651134
TOKYOTECH_s01,98,110,101.66666666666667,0.14636452496051788,0.9095470968534664
TOKYOTECH_s01,98,111,101.7,-0.19137312471866608,1.2785843657875093
TOKYOTECH_s01,98,112,101.73333333333333,-0.5128480195999146,1.4590264026500972
TOKYOTECH_s01,98,113,101.76666666666667,-0.8864976167678833,1.441238190807962
TOKYOTECH_s01,98,114,101.8,-0.9181174635887146,1.2547658403243012
TOKYOTECH_s01,98,115,101.83333333333333,-0.9530449509620667,0.9531264797927207
TOKYOTECH_s01,98,116,101.86666666666666,-1.0149458646774292,0.5941909663670635
TOKYOTECH_s01,98,117,101.9,-0.9267410635948181,0.22362915892576565
TOKYOTECH_s01,98,118,101.93333333333334,-0.5891215205192566,-0.13326419688919414
TOKYOTECH_s01,98,119,101.96666666666667,0.6932340860366821,-0.46940713429690617
TOKYOTECH_s01,98,120,102.0,1.8468658924102783,-0.7852195710905263
TOKYOTECH_s01,98,121,102.03333333333333,1.7544478178024292,-1.0743591296648358
TOKYOTECH_s01,98,122,102.06666666666666,1.2677857875823975,-1.31261201445263
TOKYOTECH_s01,98,123,102.1,0.8687379956245422,-1.4560006364962375
TOKYOTECH_s01,98,124,102.13333333333334,0.42582401633262634,-1.450940737056531
TOKYOTECH_s01,98,125,102.16666666666667,-0.078675776720047,-1.2543728792287383
TOKYOTECH_s01,98,126,102.2,-0.2791447341442108,-0.8568523415256335
TOKYOTECH_s01,98,127,102.23333333333333,-0.028430558741092682,-0.298404165277057
TOKYOTECH_s01,98,128,102.26666666666667,0.25654172897338867,0.3324744717492661
TOKYOTECH_s01,98,129,102.3,0.26579535007476807,0.9200483060387331
TOKYOTECH_s01,98,130,102.33333333333333,-0.2212209850549698,1.355734695254138
TOKYOTECH_s01,98,131,102.36666666666666,-0.7463544011116028,1.5707533720388143
TOKYOTECH_s01,98,132,102.4,-0.9074856042861938,1.5529420031268633
TOKYOTECH_s01,98,133,102.43333333333334,-0.8332597017288208,1.3419724733647866
TOKYOTECH_s01,98,134,102.46666666666667,-0.9176449179649353,1.007573932069238
TOKYOTECH_s01,98,135,102.5,-1.1471742391586304,0.6220921411543007
TOKYOTECH_s01,98,136,102.53333333333333,-0.9272923469543457,0.23888316435205198
TOKYOTECH_s01,98,137,102.56666666666666,0.1706995964050293,-0.11655778716466429
TOKYOTECH_s01,98,138,102.6,1.6228888034820557,-0.4416639203338586
TOKYOTECH_s01,98,139,102.63333333333334,2.0402863025665283,-0.742120614724776
TOKYOTECH_s01,98,140,102.66666666666667,1.4044638872146606,-1.0149108621480512
TOKYOTECH_s01,98,141,102.7,0.7599389553070068,-1.2370409213381983
TOKYOTECH_s01,98,142,102.73333333333333,0.520053505897522,-1.3652011176183072
TOKYOTECH_s01,98,143,102.76666666666667,0.2922174036502838,-1.347270342518025
TOKYOTECH_s01,98,144,102.8,0.0924966111779213,-1.1424044591289328
TOKYOTECH_s01,98,145,102.83333333333333,-0.021578937768936157,-0.7430267842905571
TOKYOTECH_s01,98,146,102.86666666666666,0.005709413904696703,-0.18983456556224468
TOKYOTECH_s01,98,147,102.9,0.13809533417224884,0.428562773716608
TOKYOTECH_s01,98,148,102.93333333333334,0.002756129251793027,0.9951696078597002
TOKYOTECH_s01,98,149,102.96666666666667,-0.4496477246284485,1.3985320159822183
TOKYOTECH_s01,98,150,103.0,-0.7851014733314514,1.5672659928115866
TOKYOTECH_s01,98,151,103.03333333333333,-0.9667481780052185,1.4892378598103626
TOKYOTECH_s01,98,152,103.06666666666666,-0.9270954132080078,1.2078083153290726
TOKYOTECH_s01,98,153,103.1,-0.9824990630149841,0.7998400814280833
TOKYOTECH_s01,98,154,103.13333333333334,-1.1335891485214233,0.34750860813458034
TOKYOTECH_s01,98,155,103.16666666666667,-0.89909827709198,-0.08416617330365948
TOKYOTECH_s01,98,156,103.2,0.14140300452709198,-0.4573865706214381
TOKYOTECH_s01,98,157,103.23333333333333,1.4614819288253784,-0.7589728723546136
TOKYOTECH_s01,98,158,103.26666666666667,1.8732092380523682,-0.9892469621195082
TOKYOTECH_s01,98,159,103.3,1.4371862411499023,-1.1484505688158613
TOKYOTECH_s01,98,160,103.33333333333333,0.8911829590797424,-1.226777177780928
TOKYOTECH_s01,98,161,103.36666666666666,0.43507763743400574,-1.2024645375640963
TOKYOTECH_s01,98,162,103.4,-0.004489262588322163,-1.04931766889545
TOKYOTECH_s01,98,163,103.43333333333334,-0.10147513449192047,-0.7514633673360676
TOKYOTECH_s01,98,164,103.46666666666667,0.052095673978328705,-0.3200231875588202
TOKYOTECH_s01,98,165,103.5,0.20070496201515198,0.1960065380431398
TOKYOTECH_s01,98,166,103.53333333333333,0.1964128613471985,0.7128075802084464
TOKYOTECH_s01,98,167,103.56666666666666,0.0035830491688102484,1.1320217123605743
TOKYOTECH_s01,98,168,103.6,-0.3846360743045807,1.3715164842969063
TOKYOTECH_s01,98,169,103.63333333333334,-0.7369039058685303,1.3923172209685666
TOKYOTECH_s01,98,170,103.66666666666667,-0.8624775409698486,1.2091482327838305
TOKYOTECH_s01,98,171,103.7,-0.8895296454429626,0.8809261677279486
TOKYOTECH_s01,98,172,103.73333333333333,-1.0468807220458984,0.48700437564177496
TOKYOTECH_s01,98,173,103.76666666666667,-1.0663723945617676,0.10020672793900184
TOKYOTECH_s01,98,174,103.8,-0.522613525390625,-0.23283196962885713
TOKYOTECH_s01,98,175,103.83333333333333,0.5954607129096985,-0.4979338311959389
TOKYOTECH_s01,98,176,103.86666666666666,1.7120779752731323,-0.7056424188160837
TOKYOTECH_s01,98,177,103.9,1.88325035572052,-0.8739614069184367
TOKYOTECH_s01,98,178,103.93333333333334,1.3510290384292603,-1.0097496529820285
TOKYOTECH_s01,98,179,103.96666666666667,0.655668318271637,-1.0974943817971523
TOKYOTECH_s01,98,180,104.0,0.06249123811721802,-1.1007990630265418
TOKYOTECH_s01,98,181,104.03333333333333,-0.06312181055545807,-0.9765007934523319
TOKYOTECH_s01,98,182,104.06666666666666,0.053946398198604584,-0.696366861895749
TOKYOTECH_s01,98,183,104.1,-0.07820325344800949,-0.2677819408134514
TOKYOTECH_s01,98,184,104.13333333333334,-0.03819608688354492,0.2564250244635381
TOKYOTECH_s01,98,185,104.16666666666667,0.15128666162490845,0.7858293535948448
TOKYOTECH_s01,98,186,104.2,-0.1946808099746704,1.2170625874870515
TOKYOTECH_s01,98,187,104.23333333333333,-0.7005194425582886,1.4658197924712684
TOKYOTECH_s01,98,188,104.26666666666667,-0.9465083479881287,1.492419255269029
TOKYOTECH_s01,98,189,104.3,-0.8329446911811829,1.3100388620591215
TOKYOTECH_s01,98,190,104.33333333333333,-0.8427889943122864,0.973810255225307
TOKYOTECH_s01,98,191,104.36666666666666,-1.175801396369934,0.5580247105486154
TOKYOTECH_s01,98,192,104.4,-1.1761164665222168,0.13218410506796852
TOKYOTECH_s01,98,193,104.43333333333334,-0.1937357485294342,-0.25540300649692527
TOKYOTECH_s01,98,194,104.46666666666667,1.459473729133606,-0.5823133467381355
TOKYOTECH_s01,98,195,104.5,2.215435743331909,-0.8456033974821756
TOKYOTECH_s01,98,196,104.53333333333333,1.743146538734436,-1.0486593820856838
TOKYOTECH_s01,98,197,104.56666666666666,0.9685983657836914,-1.1876634170671714
TOKYOTECH_s01,98,198,104.6,0.6093214750289917,-1.2440200547587226
TOKYOTECH_s01,98,199,104.63333333333334,0.38833698630332947,-1.1869273963658793
TOKYOTECH_s01,98,200,104.66666666666667,0.17786623537540436,-0.9863256524395883
TOKYOTECH_s01,98,201,104.7,0.05374951288104057,-0.6318349204076332
TOKYOTECH_s01,98,202,104.73333333333333,0.249099463224411,-0.14961583569591333
TOKYOTECH_s01,98,203,104.76666666666667,0.4357864260673523,0.39201309361322995
TOKYOTECH_s01,98,204,104.8,0.06898846477270126,0.8944702127196001
TOKYOTECH_s01,98,205,104.83333333333333,-0.3495904207229614,1.2569162298483283
TOKYOTECH_s01,98,206,104.86666666666666,-0.4393703043460846,1.4091671192529902
TOKYOTECH_s01,98,207,104.9,-0.8265656232833862,1.3339130321579786
TOKYOTECH_s01,98,208,104.93333333333334,-1.0033689737319946,1.0683947790042034
TOKYOTECH_s01,98,209,104.96666666666667,-0.9864761233329773,0.6867329948627972
TOKYOTECH_s01,98,210,105.0,-1.1619406938552856,0.27250873664714287
TOKYOTECH_s01,98,211,105.03333333333333,-0.8429465293884277,-0.10647040504360797
TOKYOTECH_s01,98,212,105.06666666666666,0.33876118063926697,-0.4124085916965605
TOKYOTECH_s01,98,213,105.1,1.6643528938293457,-0.637826396739056
TOKYOTECH_s01,98,214,105.13333333333334,1.9493252038955688,-0.7945750131432064
TOKYOTECH_s01,98,215,105.16666666666667,1.3715839385986328,-0.897748611606405
TOKYOTECH_s01,98,216,105.2,0.852435827255249,-0.9516675473133342
TOKYOTECH_s01,98,217,105.23333333333333,0.34931424260139465,-0.9437206925834217
TOKYOTECH_s01,98,218,105.26666666666667,-0.02650107815861702,-0.8487524957009539
TOKYOTECH_s01,98,219,105.3,-0.06119232997298241,-0.6427406244928383
TOKYOTECH_s01,98,220,105.33333333333333,0.10659362375736237,-0.32067747290558907
TOKYOTECH_s01,98,221,105.36666666666666,0.2301984429359436,0.08925191672722751
TOKYOTECH_s01,98,222,105.4,0.03791990876197815,0.5234610242603692
TOKYOTECH_s01,98,223,105.43333333333334,-0.17723673582077026,0.8967183120751722
TOKYOTECH_s01,98,224,105.46666666666667,-0.34336885809898376,1.1275188470450657
TOKYOTECH_s01,98,225,105.5,-0.7750603556632996,1.1640669293218415
TOKYOTECH_s01,98,226,105.53333333333333,-0.9261109828948975,1.0000306701736885
TOKYOTECH_s01,98,227,105.56666666666666,-0.892955482006073,0.6749804416902393
TOKYOTECH_s01,98,228,105.6,-1.0663723945617676,0.2612880757177829
TOKYOTECH_s01,98,229,105.63333333333334,-0.9559588432312012,-0.15625760519001394
TOKYOTECH_s01,98,230,105.66666666666667,-0.22181165218353271,-0.5011302688896283
TOKYOTECH_s01,98,231,105.7,1.0896437168121338,-0.7209952956719784
TOKYOTECH_s01,98,232,105.73333333333333,2.0298514366149902,-0.7964185082520605
TOKYOTECH_s01,98,233,105.76666666666667,1.7748057842254639,-0.741729700636297
TOKYOTECH_s01,98,234,105.8,1.0667262077331543,-0.5983215035152988
TOKYOTECH_s01,98,235,105.83333333333333,0.6100302338600159,-0.42148594373889553
TOKYOTECH_s01,98,236,105.86666666666666,0.38290295004844666,-0.26344236122512305
TOKYOTECH_s01,98,237,105.9,0.0007085185497999191,-0.1571810186316517
TOKYOTECH_s01,98,238,105.93333333333334,0.08505433052778244,-0.10682083963320103
TOKYOTECH_s01,98,239,105.96666666666667,0.4877248704433441,-0.0886573049234718
TOKYOTECH_s01,99,0,99.0,-0.15073592960834503,0.10812895900971162
TOKYOTECH_s01,99,1,99.03333333333333,-0.04721345007419586,0.11188670257859931
TOKYOTECH_s01,99,2,99.06666666666666,0.015868714079260826,0.16973119711367887
TOKYOTECH_s01,99,3,99.1,-0.06036541238427162,0.3155530828573408
TOKYOTECH_s01,99,4,99.13333333333334,-0.16451792418956757,0.5465112860666764
TOKYOTECH_s01,99,5,99.16666666666667,-0.37794196605682373,0.8236197472386608
TOKYOTECH_s01,99,6,99.2,-0.6576377153396606,1.0859594959586907
TOKYOTECH_s01,99,7,99.23333333333333,-0.853145182132721,1.2720070883729566
TOKYOTECH_s01,99,8,99.26666666666667,-0.9654093980789185,1.3390022528833625
TOKYOTECH_s01,99,9,99.3,-1.0134494304656982,1.273196075535225
TOKYOTECH_s01,99,10,99.33333333333333,-0.9762774705886841,1.0889314442595923
TOKYOTECH_s01,99,11,99.36666666666666,-0.9082731604576111,0.8193892164063549
TOKYOTECH_s01,99,12,99.4,-0.16077709197998047,0.5038358383109512
TOKYOTECH_s01,99,13,99.43333333333334,1.346540093421936,0.17594927519434905
TOKYOTECH_s01,99,14,99.46666666666667,1.997207760810852,-0.1430945585361463
TOKYOTECH_s01,99,15,99.5,1.6649435758590698,-0.4445319285302557
TOKYOTECH_s01,99,16,99.53333333333333,1.1122854948043823,-0.7251114230010866
TOKYOTECH_s01,99,17,99.56666666666666,0.628695011138916,-0.9766546924831936
TOKYOTECH_s01,99,18,99.6,0.047961074858903885,-1.1777776764715058
TOKYOTECH_s01,99,19,99.63333333333334,-0.22945080697536469,-1.2933381846783927
TOKYOTECH_s01,99,20,99.66666666666667,-0.16018643975257874,-1.2837014287449284
TOKYOTECH_s01,99,21,99.7,0.004724985919892788,-1.1209138012010933
TOKYOTECH_s01,99,22,99.73333333333333,0.04256640747189522,-0.8050283269183615
TOKYOTECH_s01,99,23,99.76666666666667,-0.222166046500206,-0.37266617235439553
TOKYOTECH_s01,99,24,99.8,-0.5372618436813354,0.10788538206958881
TOKYOTECH_s01,99,25,99.83333333333333,-0.8358979821205139,0.554864753813005
TOKYOTECH_s01,99,26,99.86666666666666,-1.051842212677002,0.8968987264643018
TOKYOTECH_s01,99,27,99.9,-1.1612318754196167,1.0914634757062769
TOKYOTECH_s01,99,28,99.93333333333334,-1.2080512046813965,1.13074324445713
TOKYOTECH_s01,99,29,99.96666666666667,-1.2264797687530518,1.0350133648036168
TOKYOTECH_s01,99,30,100.0,-1.2263222932815552,0.8388057788381217
TOKYOTECH_s01,99,31,100.03333333333333,-0.7137107849121094,0.5765923075291663
TOKYOTECH_s01,99,32,100.06666666666666,0.6689777970314026,0.2736056356167379
TOKYOTECH_s01,99,33,100.1,1.788981556892395,-0.05531645401325883
TOKYOTECH_s01,99,34,100.13333333333334,1.8134347200393677,-0.39943952383105613
TOKYOTECH_s01,99,35,100.16666666666667,1.350123405456543,-0.7421027585060846
TOKYOTECH_s01,99,36,100.2,0.7659636735916138,-1.05243504270066
TOKYOTECH_s01,99,37,100.23333333333333,0.2592981457710266,-1.2839226534588253
TOKYOTECH_s01,99,38,100.26666666666667,-0.15550056099891663,-1.3823294353088578
TOKYOTECH_s01,99,39,100.3,-0.2472492754459381,-1.3016345959216924
TOKYOTECH_s01,99,40,100.33333333333333,-0.1387259066104889,-1.022958649464429
TOKYOTECH_s01,99,41,100.36666666666666,0.013309200294315815,-0.5688859553722905
TOKYOTECH_s01,99,42,100.4,0.06875219941139221,-0.005440689230809378
TOKYOTECH_s01,99,43,100.43333333333334,-0.19661028683185577,0.5718303557463486
TOKYOTECH_s01,99,44,100.46666666666667,-0.5236767530441284,1.0632657713696345
TOKYOTECH_s01,99,45,100.5,-0.718357264995575,1.391347799404029
TOKYOTECH_s01,99,46,100.53333333333333,-0.8904353380203247,1.517481075484874
TOKYOTECH_s01,99,47,100.56666666666666,-1.0619226694107056,1.444674798966809
TOKYOTECH_s01,99,48,100.6,-1.0805481672286987,1.2082373155981867
TOKYOTECH_s01,99,49,100.63333333333334,-1.0674355030059814,0.8605557346823153
TOKYOTECH_s01,99,50,100.66666666666667,-0.7713195085525513,0.45597303688486374
TOKYOTECH_s01,99,51,100.7,0.36963286995887756,0.039804782228845925
TOKYOTECH_s01,99,52,100.73333333333333,1.5518131256103516,-0.35605575638528203
TOKYOTECH_s01,99,53,100.76666666666667,1.7485018968582153,-0.7103184554919398
TOKYOTECH_s01,99,54,100.8,1.3084230422973633,-1.0046219208738831
TOKYOTECH_s01,99,55,100.83333333333333,0.7874242067337036,-1.215983939602342
TOKYOTECH_s01,99,56,100.86666666666666,0.26036131381988525,-1.314569798717757
TOKYOTECH_s01,99,57,100.9,-0.1533348113298416,-1.2694647247920046
TOKYOTECH_s01,99,58,100.93333333333334,-0.22078783810138702,-1.0610630400144052
TOKYOTECH_s01,99,59,100.96666666666667,0.02004268951714039,-0.6949181663213788
TOKYOTECH_s01,99,60,101.0,0.22314992547035217,-0.21023155887341333
TOKYOTECH_s01,99,61,101.03333333333333,-0.017916863784193993,0.3224760878354863
TOKYOTECH_s01,99,62,101.06666666666666,-0.3204119801521301,0.8157962447018611
TOKYOTECH_s01,99,63,101.1,-0.6057780385017395,1.1876693888892484
TOKYOTECH_s01,99,64,101.13333333333334,-0.8341653943061829,1.382702786078893
TOKYOTECH_s01,99,65,101.16666666666667,-0.8146343231201172,1.3838331022413606
TOKYOTECH_s01,99,66,101.2,-0.957691490650177,1.2108052583542774
TOKYOTECH_s01,99,67,101.23333333333333,-0.9930127263069153,0.9083630433825988
TOKYOTECH_s01,99,68,101.26666666666667,-1.0240813493728638,0.5303259303766574
TOKYOTECH_s01,99,69,101.3,-0.629522442817688,0.12563306350312634
TOKYOTECH_s01,99,70,101.33333333333333,0.6423195004463196,-0.26935360929856567
TOKYOTECH_s01,99,71,101.36666666666666,1.793155550956726,-0.6307623084467247
TOKYOTECH_s01,99,72,101.4,1.863640546798706,-0.9410811780283107
TOKYOTECH_s01,99,73,101.43333333333334,1.3991479873657227,-1.1812757687111528
TOKYOTECH_s01,99,74,101.46666666666667,0.8675566911697388,-1.3260977030080123
TOKYOTECH_s01,99,75,101.5,0.43342381715774536,-1.3459588538996146
TOKYOTECH_s01,99,76,101.53333333333333,0.09048837423324585,-1.215594740189941
TOKYOTECH_s01,99,77,101.56666666666666,0.0817466527223587,-0.9264575304125977
TOKYOTECH_s01,99,78,101.6,0.2583530843257904,-0.4977206450361291
TOKYOTECH_s01,99,79,101.63333333333334,0.41574347019195557,0.019627934294048348
TOKYOTECH_s01,99,80,101.66666666666667,0.14636452496051788,0.5495917630787751
TOKYOTECH_s01,99,81,101.7,-0.19137312471866608,1.0085740063647821
TOKYOTECH_s01,99,82,101.73333333333333,-0.5128480195999146,1.327111993854472
TOKYOTECH_s01,99,83,101.76666666666667,-0.8864976167678833,1.466623742605453
TOKYOTECH_s01,99,84,101.8,-0.9181174635887146,1.424863818004529
TOKYOTECH_s01,99,85,101.83333333333333,-0.9530449509620667,1.2298194643106275
TOKYOTECH_s01,99,86,101.86666666666666,-1.0149458646774292,0.926204490411128
TOKYOTECH_s01,99,87,101.9,-0.9267410635948181,0.5603469851523792
TOKYOTECH_s01,99,88,101.93333333333334,-0.5891215205192566,0.16890954467166822
TOKYOTECH_s01,99,89,101.96666666666667,0.6932340860366821,-0.22492257023974138
TOKYOTECH_s01,99,90,102.0,1.8468658924102783,-0.6070184268804729
TOKYOTECH_s01,99,91,102.03333333333333,1.7544478178024292,-0.9622615879186811
TOKYOTECH_s01,99,92,102.06666666666666,1.2677857875823975,-1.2643965534453228
TOKYOTECH_s01,99,93,102.1,0.8687379956245422,-1.4720565651845567
TOKYOTECH_s01,99,94,102.13333333333334,0.42582401633262634,-1.535005230294274
TOKYOTECH_s01,99,95,102.16666666666667,-0.078675776720047,-1.4100910441602077
TOKYOTECH_s01,99,96,102.2,-0.2791447341442108,-1.08147079041184
TOKYOTECH_s01,99,97,102.23333333333333,-0.028430558741092682,-0.5762549620760933
TOKYOTECH_s01,99,98,102.26666666666667,0.25654172897338867,0.03325747455045185
TOKYOTECH_s01,99,99,102.3,0.26579535007476807,0.6446618421725683
TOKYOTECH_s01,99,100,102.33333333333333,-0.2212209850549698,1.1531578762977428
TOKYOTECH_s01,99,101,102.36666666666666,-0.7463544011116028,1.4803538022262868
TOKYOTECH_s01,99,102,102.4,-0.9074856042861938,1.5923696222316521
TOKYOTECH_s01,99,103,102.43333333333334,-0.8332597017288208,1.5013267159886294
TOKYOTECH_s01,99,104,102.46666666666667,-0.9176449179649353,1.2523465625675114
TOKYOTECH_s01,99,105,102.5,-1.1471742391586304,0.9037392547700422
TOKYOTECH_s01,99,106,102.53333333333333,-0.9272923469543457,0.5086976478718627
TOKYOTECH_s01,99,107,102.56666666666666,0.1706995964050293,0.10420078500610212
TOKYOTECH_s01,99,108,102.6,1.6228888034820557,-0.29033082187620163
TOKYOTECH_s01,99,109,102.63333333333334,2.0402863025665283,-0.6653390138147082
TOKYOTECH_s01,99,110,102.66666666666667,1.4044638872146606,-1.0085561095470557
TOKYOTECH_s01,99,111,102.7,0.7599389553070068,-1.2940503619336243
TOKYOTECH_s01,99,112,102.73333333333333,0.520053505897522,-1.4791115121679754
TOKYOTECH_s01,99,113,102.76666666666667,0.2922174036502838,-1.5122163029597344
TOKYOTECH_s01,99,114,102.8,0.0924966111779213,-1.3506574371052993
TOKYOTECH_s01,99,115,102.83333333333333,-0.021578937768936157,-0.9817745245959254
TOKYOTECH_s01,99,116,102.86666666666666,0.005709413904696703,-0.43889472135833024
TOKYOTECH_s01,99,117,102.9,0.13809533417224884,0.19660520735564163
TOKYOTECH_s01,99,118,102.93333333333334,0.002756129251793027,0.8115482545798715
TOKYOTECH_s01,99,119,102.96666666666667,-0.4496477246284485,1.2919989279955346
TOKYOTECH_s01,99,120,103.0,-0.7851014733314514,1.5567944560177729
TOKYOTECH_s01,99,121,103.03333333333333,-0.9667481780052185,1.5785260332671014
TOKYOTECH_s01,99,122,103.06666666666666,-0.9270954132080078,1.3838929534301916
TOKYOTECH_s01,99,123,103.1,-0.9824990630149841,1.036321645823166
TOKYOTECH_s01,99,124,103.13333333333334,-1.1335891485214233,0.610818398162943
TOKYOTECH_s01,99,125,103.16666666666667,-0.89909827709198,0.17195533642015703
TOKYOTECH_s01,99,126,103.2,0.14140300452709198,-0.23766634187269248
TOKYOTECH_s01,99,127,103.23333333333333,1.4614819288253784,-0.5967288825005301
TOKYOTECH_s01,99,128,103.26666666666667,1.8732092380523682,-0.8957288377995488
TOKYOTECH_s01,99,129,103.3,1.4371862411499023,-1.1250350349170806
TOKYOTECH_s01,99,130,103.33333333333333,0.8911829590797424,-1.2666475968319946
TOKYOTECH_s01,99,131,103.36666666666666,0.43507763743400574,-1.2935594527167147
TOKYOTECH_s01,99,132,103.4,-0.004489262588322163,-1.1775575158611464
TOKYOTECH_s01,99,133,103.43333333333334,-0.10147513449192047,-0.9032069596056634
TOKYOTECH_s01,99,134,103.46666666666667,0.052095673978328705,-0.4829859483588167
TOKYOTECH_s01,99,135,103.5,0.20070496201515198,0.033593141669139306
TOKYOTECH_s01,99,136,103.53333333333333,0.1964128613471985,0.5641310920323661
TOKYOTECH_s01,99,137,103.56666666666666,0.0035830491688102484,1.013168177950461
TOKYOTECH_s01,99,138,103.6,-0.3846360743045807,1.3007632949901469
TOKYOTECH_s01,99,139,103.63333333333334,-0.7369039058685303,1.3864647094874678
TOKYOTECH_s01,99,140,103.66666666666667,-0.8624775409698486,1.277903818928842
TOKYOTECH_s01,99,141,103.7,-0.8895296454429626,1.021843472477843
TOKYOTECH_s01,99,142,103.73333333333333,-1.0468807220458984,0.6834773788366619
TOKYOTECH_s01,99,143,103.76666666666667,-1.0663723945617676,0.32361433451706273
TOKYOTECH_s01,99,144,103.8,-0.522613525390625,-0.017351480223113055
TOKYOTECH_s01,99,145,103.83333333333333,0.5954607129096985,-0.32374138899319466
TOKYOTECH_s01,99,146,103.86666666666666,1.7120779752731323,-0.5973015098736673
TOKYOTECH_s01,99,147,103.9,1.88325035572052,-0.84284638692213
TOKYOTECH_s01,99,148,103.93333333333334,1.3510290384292603,-1.0538044589788185
TOKYOTECH_s01,99,149,103.96666666666667,0.655668318271637,-1.2044683593242453
TOKYOTECH_s01,99,150,104.0,0.06249123811721802,-1.2531040712106416
TOKYOTECH_s01,99,151,104.03333333333333,-0.06312181055545807,-1.1559114868037765
TOKYOTECH_s01,99,152,104.06666666666666,0.053946398198604584,-0.8874125011290388
TOKYOTECH_s01,99,153,104.1,-0.07820325344800949,-0.4591729082837553
TOKYOTECH_s01,99,154,104.13333333333334,-0.03819608688354492,0.07263952022710443
TOKYOTECH_s01,99,155,104.16666666666667,0.15128666162490845,0.6170581894455103
TOKYOTECH_s01,99,156,104.2,-0.1946808099746704,1.073531981678406
TOKYOTECH_s01,99,157,104.23333333333333,-0.7005194425582886,1.3622832532166695
TOKYOTECH_s01,99,158,104.26666666666667,-0.9465083479881287,1.4465515853269522
TOKYOTECH_s01,99,159,104.3,-0.8329446911811829,1.3376884989908082
TOKYOTECH_s01,99,160,104.33333333333333,-0.8427889943122864,1.0830868385220391
TOKYOTECH_s01,99,161,104.36666666666666,-1.175801396369934,0.7447991646713297
TOKYOTECH_s01,99,162,104.4,-1.1761164665222168,0.3787974673111934
TOKYOTECH_s01,99,163,104.43333333333334,-0.1937357485294342,0.022106359905544923
TOKYOTECH_s01,99,164,104.46666666666667,1.459473729133606,-0.3092061690302504
TOKYOTECH_s01,99,165,104.5,2.215435743331909,-0.6122852228507403
TOKYOTECH_s01,99,166,104.53333333333333,1.743146538734436,-0.884397487699451
TOKYOTECH_s01,99,167,104.56666666666666,0.9685983657836914,-1.110730313076102
TOKYOTECH_s01,99,168,104.6,0.6093214750289917,-1.259127177553827
TOKYOTECH_s01,99,169,104.63333333333334,0.38833698630332947,-1.2854163621962196
TOKYOTECH_s01,99,170,104.66666666666667,0.17786623537540436,-1.1488886742167763
TOKYOTECH_s01,99,171,104.7,0.05374951288104057,-0.8329751266222795
TOKYOTECH_s01,99,172,104.73333333333333,0.249099463224411,-0.3628472332675818
TOKYOTECH_s01,99,173,104.76666666666667,0.4357864260673523,0.18929313441823192
TOKYOTECH_s01,99,174,104.8,0.06898846477270126,0.717724425154739
TOKYOTECH_s01,99,175,104.83333333333333,-0.3495904207229614,1.113946348876594
TOKYOTECH_s01,99,176,104.86666666666666,-0.4393703043460846,1.3020986506729428
TOKYOTECH_s01,99,177,104.9,-0.8265656232833862,1.2617659741742706
TOKYOTECH_s01,99,178,104.93333333333334,-1.0033689737319946,1.0282105500252408
TOKYOTECH_s01,99,179,104.96666666666667,-0.9864761233329773,0.6729357977500084
TOKYOTECH_s01,99,180,105.0,-1.1619406938552856,0.27595520864407025
TOKYOTECH_s01,99,181,105.03333333333333,-0.8429465293884277,-0.0978964920010347
TOKYOTECH_s01,99,182,105.06666666666666,0.33876118063926697,-0.4108144150657247
TOKYOTECH_s01,99,183,105.1,1.6643528938293457,-0.6507253827526344
TOKYOTECH_s01,99,184,105.13333333333334,1.9493252038955688,-0.8207237968458065
TOKYOTECH_s01,99,185,105.16666666666667,1.3715839385986328,-0.9256004082095661
TOKYOTECH_s01,99,186,105.2,0.852435827255249,-0.9616640731159556
TOKYOTECH_s01,99,187,105.23333333333333,0.34931424260139465,-0.9140660989658782
TOKYOTECH_s01,99,188,105.26666666666667,-0.02650107815861702,-0.7629255605959697
TOKYOTECH_s01,99,189,105.3,-0.06119232997298241,-0.4962898999912764
TOKYOTECH_s01,99,190,105.33333333333333,0.10659362375736237,-0.12483451651086626
TOKYOTECH_s01,99,191,105.36666666666666,0.2301984429359436,0.30904032164645256
TOKYOTECH_s01,99,192,105.4,0.03791990876197815,0.7348335692369952
TOKYOTECH_s01,99,193,105.43333333333334,-0.17723673582077026,1.0722891696016261
TOKYOTECH_s01,99,194,105.46666666666667,-0.34336885809898376,1.257392625140174
TOKYOTECH_s01,99,195,105.5,-0.7750603556632996,1.263187942700098
TOKYOTECH_s01,99,196,105.53333333333333,-0.9261109828948975,1.1057615574177948
TOKYOTECH_s01,99,197,105.56666666666666,-0.892955482006073,0.8343642744256238
TOKYOTECH_s01,99,198,105.6,-1.0663723945617676,0.5118986324985786
TOKYOTECH_s01,99,199,105.63333333333334,-0.9559588432312012,0.19468933806763453
TOKYOTECH_s01,99,200,105.66666666666667,-0.22181165218353271,-0.0812232397560641
TOKYOTECH_s01,99,201,105.7,1.0896437168121338,-0.30399999711101144
TOKYOTECH_s01,99,202,105.73333333333333,2.0298514366149902,-0.4807694266772107
TOKYOTECH_s01,99,203,105.76666666666667,1.7748057842254639,-0.6265290609097306
TOKYOTECH_s01,99,204,105.8,1.0667262077331543,-0.7516614819283132
TOKYOTECH_s01,99,205,105.83333333333333,0.6100302338600159,-0.8525139922220271
TOKYOTECH_s01,99,206,105.86666666666666,0.38290295004844666,-0.9085426693829707
TOKYOTECH_s01,99,207,105.9,0.0007085185497999191,-0.8877985910964185
TOKYOTECH_s01,99,208,105.93333333333334,0.08505433052778244,-0.7600183727954019
TOKYOTECH_s01,99,209,105.96666666666667,0.4877248704433441,-0.5132761511147361
TOKYOTECH_s01,99,210,106.0,0.22314992547035217,-0.1670745776706814
TOKYOTECH_s01,99,211,106.03333333333333,-0.05654582753777504,0.22554456444327545
TOKYOTECH_s01,99,212,106.06666666666666,-0.18778981268405914,0.5901084873420058
TOKYOTECH_s01,99,213,106.1,-0.6403905153274536,0.8530539371543189
TOKYOTECH_s01,99,214,106.13333333333334,-0.8169969916343689,0.9640665828772894
TOKYOTECH_s01,99,215,106.16666666666667,-0.9908469915390015,0.907937286278936
TOKYOTECH_s01,99,216,106.2,-1.0805481672286987,0.7024374359318063
TOKYOTECH_s01,99,217,106.23333333333333,-0.9645037055015564,0.3869312422865257
TOKYOTECH_s01,99,218,106.26666666666667,-1.0084879398345947,0.00944987368074309
TOKYOTECH_s01,99,219,106.3,-0.24878497421741486,-0.38224589813984144
TOKYOTECH_s01,99,220,106.33333333333333,1.0614889860153198,-0.7441200141494928
TOKYOTECH_s01,99,221,106.36666666666666,1.8128440380096436,-1.0357550181116113
TOKYOTECH_s01,99,222,106.4,1.6967209577560425,-1.220182896231998
TOKYOTECH_s01,99,223,106.43333333333334,1.1312652826309204,-1.2665828524830398
TOKYOTECH_s01,99,224,106.46666666666667,0.6126291155815125,-1.1565995037841252
TOKYOTECH_s01,99,225,106.5,0.25445476174354553,-0.892313183019804
TOKYOTECH_s01,99,226,106.53333333333333,-0.03988930210471153,-0.5019144500566909
TOKYOTECH_s01,99,227,106.56666666666666,-0.1028139591217041,-0.0390406838197012
TOKYOTECH_s01,99,228,106.6,0.1540430635213852,0.42610382635025446
TOKYOTECH_s01,99,229,106.63333333333334,0.30694445967674255,0.822130373937688
TOKYOTECH_s01,99,230,106.66666666666667,-0.040873732417821884,1.0933575436190301
TOKYOTECH_s01,99,231,106.7,-0.4036552309989929,1.2122893907896928
TOKYOTECH_s01,99,232,106.73333333333333,-0.5297014117240906,1.183893388973179
TOKYOTECH_s01,99,233,106.76666666666667,-0.7755328416824341,1.041302551213268
TOKYOTECH_s01,99,234,106.8,-0.9695045948028564,0.8350518929132139
TOKYOTECH_s01,99,235,106.83333333333333,-1.0434154272079468,0.6190715775124577
TOKYOTECH_s01,99,236,106.86666666666666,-0.9624167084693909,0.4369178529888323
TOKYOTECH_s01,99,237,106.9,-0.8791340589523315,0.31147147014712995
TOKYOTECH_s01,99,238,106.93333333333334,-0.35888344049453735,0.2406343162238205
TOKYOTECH_s01,99,239,106.96666666666667,1.0273884534835815,0.20030689569080554
TOKYOTECH_s01,100,0,100.0,-1.2263222932815552,-0.021523049481957747
TOKYOTECH_s01,100,1,100.03333333333333,-0.7137107849121094,-0.23367722224231455
TOKYOTECH_s01,100,2,100.06666666666666,0.6689777970314026,-0.45039724638194223
TOKYOTECH_s01,100,3,100.1,1.788981556892395,-0.6760995588649008
TOKYOTECH_s01,100,4,100.13333333333334,1.8134347200393677,-0.9119127063768551
TOKYOTECH_s01,100,5,100.16666666666667,1.350123405456543,-1.1516188648943102
TOKYOTECH_s01,100,6,100.2,0.7659636735916138,-1.376767338932598
TOKYOTECH_s01,100,7,100.23333333333333,0.2592981457710266,-1.5542691617971705
TOKYOTECH_s01,100,8,100.26666666666667,-0.15550056099891663,-1.6396144853223604
TOKYOTECH_s01,100,9,100.3,-0.2472492754459381,-1.5867491372268892
TOKYOTECH_s01,100,10,100.33333333333333,-0.1387259066104889,-1.363101350533427
TOKYOTECH_s01,100,11,100.36666666666666,0.013309200294315815,-0.9654351987005249
TOKYOTECH_s01,100,12,100.4,0.06875219941139221,-0.42974261870743846
TOKYOTECH_s01,100,13,100.43333333333334,-0.19661028683185577,0.17110642901427484
TOKYOTECH_s01,100,14,100.46666666666667,-0.5236767530441284,0.7433370504552118
TOKYOTECH_s01,100,15,100.5,-0.718357264995575,1.1966489147430586
TOKYOTECH_s01,100,16,100.53333333333333,-0.8904353380203247,1.46762561084778
TOKYOTECH_s01,100,17,100.56666666666666,-1.0619226694107056,1.533406941117845
TOKYOTECH_s01,100,18,100.6,-1.0805481672286987,1.4117658528048431
TOKYOTECH_s01,100,19,100.63333333333334,-1.0674355030059814,1.149621011196161
TOKYOTECH_s01,100,20,100.66666666666667,-0.7713195085525513,0.8056237151305904
TOKYOTECH_s01,100,21,100.7,0.36963286995887756,0.4333307867654778
TOKYOTECH_s01,100,22,100.73333333333333,1.5518131256103516,0.07048114714054231
TOKYOTECH_s01,100,23,100.76666666666667,1.7485018968582153,-0.2626583849807639
TOKYOTECH_s01,100,24,100.8,1.3084230422973633,-0.556608319833744
TOKYOTECH_s01,100,25,100.83333333333333,0.7874242067337036,-0.8019045707200934
TOKYOTECH_s01,100,26,100.86666666666666,0.26036131381988525,-0.9802915963151134
TOKYOTECH_s01,100,27,100.9,-0.1533348113298416,-1.063051253812915
TOKYOTECH_s01,100,28,100.93333333333334,-0.22078783810138702,-1.0182774604835032
TOKYOTECH_s01,100,29,100.96666666666667,0.02004268951714039,-0.8246980271985009
TOKYOTECH_s01,100,30,101.0,0.22314992547035217,-0.48644793613458825
TOKYOTECH_s01,100,31,101.03333333333333,-0.017916863784193993,-0.04187663799265695
TOKYOTECH_s01,100,32,101.06666666666666,-0.3204119801521301,0.43938714268057744
TOKYOTECH_s01,100,33,101.1,-0.6057780385017395,0.8723291045135024
TOKYOTECH_s01,100,34,101.13333333333334,-0.8341653943061829,1.1797419518018009
TOKYOTECH_s01,100,35,101.16666666666667,-0.8146343231201172,1.3127489545208855
TOKYOTECH_s01,100,36,101.2,-0.957691490650177,1.2606064951737803
TOKYOTECH_s01,100,37,101.23333333333333,-0.9930127263069153,1.0476582743259713
TOKYOTECH_s01,100,38,101.26666666666667,-1.0240813493728638,0.7208246485074156
TOKYOTECH_s01,100,39,101.3,-0.629522442817688,0.3338605220615152
TOKYOTECH_s01,100,40,101.33333333333333,0.6423195004463196,-0.0654869738164276
TOKYOTECH_s01,100,41,101.36666666666666,1.793155550956726,-0.4416475875825562
TOKYOTECH_s01,100,42,101.4,1.863640546798706,-0.7702948042465805
TOKYOTECH_s01,100,43,101.43333333333334,1.3991479873657227,-1.032827603900329
TOKYOTECH_s01,100,44,101.46666666666667,0.8675566911697388,-1.2103181158023615
TOKYOTECH_s01,100,45,101.5,0.43342381715774536,-1.2807812173330972
TOKYOTECH_s01,100,46,101.53333333333333,0.09048837423324585,-1.2219818075908295
TOKYOTECH_s01,100,47,101.56666666666666,0.0817466527223587,-1.0195724739212582
TOKYOTECH_s01,100,48,101.6,0.2583530843257904,-0.677848140402257
TOKYOTECH_s01,100,49,101.63333333333334,0.41574347019195557,-0.22827948193605826
TOKYOTECH_s01,100,50,101.66666666666667,0.14636452496051788,0.2697970102610697
TOKYOTECH_s01,100,51,101.7,-0.19137312471866608,0.7395273683351088
TOKYOTECH_s01,100,52,101.73333333333333,-0.5128480195999146,1.10543671780304
TOKYOTECH_s01,100,53,101.76666666666667,-0.8864976167678833,1.3133389683552263
TOKYOTECH_s01,100,54,101.8,-0.9181174635887146,1.3431461381261218
TOKYOTECH_s01,100,55,101.83333333333333,-0.9530449509620667,1.2100467992631654
TOKYOTECH_s01,100,56,101.86666666666666,-1.0149458646774292,0.9546380361807731
TOKYOTECH_s01,100,57,101.9,-0.9267410635948181,0.6268596444249628
TOKYOTECH_s01,100,58,101.93333333333334,-0.5891215205192566,0.27048685946628587
TOKYOTECH_s01,100,59,101.96666666666667,0.6932340860366821,-0.0858869107926956
TOKYOTECH_s01,100,60,102.0,1.8468658924102783,-0.4284529548952736
TOKYOTECH_s01,100,61,102.03333333333333,1.7544478178024292,-0.7495467840152255
TOKYOTECH_s01,100,62,102.06666666666666,1.2677857875823975,-1.0356548728338788
TOKYOTECH_s01,100,63,102.1,0.8687379956245422,-1.2587108182816056
TOKYOTECH_s01,100,64,102.13333333333334,0.42582401633262634,-1.3761843123017248
TOKYOTECH_s01,100,65,102.16666666666667,-0.078675776720047,-1.341850238044535
TOKYOTECH_s01,100,66,102.2,-0.2791447341442108,-1.1243547728460959
TOKYOTECH_s01,100,67,102.23333333333333,-0.028430558741092682,-0.7263745127441754
TOKYOTECH_s01,100,68,102.26666666666667,0.25654172897338867,-0.19514434477233072
TOKYOTECH_s01,100,69,102.3,0.26579535007476807,0.382717789410613
TOKYOTECH_s01,100,70,102.33333333333333,-0.2212209850549698,0.9026618554045139
TOKYOTECH_s01,100,71,102.36666666666666,-0.7463544011116028,1.2724747458463714
TOKYOTECH_s01,100,72,102.4,-0.9074856042861938,1.4386909526745546
TOKYOTECH_s01,100,73,102.43333333333334,-0.8332597017288208,1.3978164491005347
TOKYOTECH_s01,100,74,102.46666666666667,-0.9176449179649353,1.188999833292897
TOKYOTECH_s01,100,75,102.5,-1.1471742391586304,0.8738098454051921
TOKYOTECH_s01,100,76,102.53333333333333,-0.9272923469543457,0.5131371242894205
TOKYOTECH_s01,100,77,102.56666666666666,0.1706995964050293,0.15041453499505217
TOKYOTECH_s01,100,78,102.6,1.6228888034820557,-0.1934449514149842
TOKYOTECH_s01,100,79,102.63333333333334,2.0402863025665283,-0.5131751278735288
TOKYOTECH_s01,100,80,102.66666666666667,1.4044638872146606,-0.8052066393359266
TOKYOTECH_s01,100,81,102.7,0.7599389553070068,-1.0543238178183132
TOKYOTECH_s01,100,82,102.73333333333333,0.520053505897522,-1.227876876082574
TOKYOTECH_s01,100,83,102.76666666666667,0.2922174036502838,-1.2810327558765888
TOKYOTECH_s01,100,84,102.8,0.0924966111779213,-1.1720702026495122
TOKYOTECH_s01,100,85,102.83333333333333,-0.021578937768936157,-0.8824323593139319
TOKYOTECH_s01,100,86,102.86666666666666,0.005709413904696703,-0.43325389019821203
TOKYOTECH_s01,100,87,102.9,0.13809533417224884,0.11014309105574446
TOKYOTECH_s01,100,88,102.93333333333334,0.002756129251793027,0.6506459550077556
TOKYOTECH_s01,100,89,102.96666666666667,-0.4496477246284485,1.0861557478660855
TOKYOTECH_s01,100,90,103.0,-0.7851014733314514,1.3401387139895882
TOKYOTECH_s01,100,91,103.03333333333333,-0.9667481780052185,1.3822727465897466
TOKYOTECH_s01,100,92,103.06666666666666,-0.9270954132080078,1.2310308404518713
TOKYOTECH_s01,100,93,103.1,-0.9824990630149841,0.939637212964097
TOKYOTECH_s01,100,94,103.13333333333334,-1.1335891485214233,0.5738445438310833
TOKYOTECH_s01,100,95,103.16666666666667,-0.89909827709198,0.19159442085807968
TOKYOTECH_s01,100,96,103.2,0.14140300452709198,-0.1684338409313046
TOKYOTECH_s01,100,97,103.23333333333333,1.4614819288253784,-0.4874327789869004
TOKYOTECH_s01,100,98,103.26666666666667,1.8732092380523682,-0.7586156627354886
TOKYOTECH_s01,100,99,103.3,1.4371862411499023,-0.9758411282838757
TOKYOTECH_s01,100,100,103.33333333333333,0.8911829590797424,-1.1243848050647403
TOKYOTECH_s01,100,101,103.36666666666666,0.43507763743400574,-1.1784384627384472
TOKYOTECH_s01,100,102,103.4,-0.004489262588322163,-1.1072765767775634
TOKYOTECH_s01,100,103,103.43333333333334,-0.10147513449192047,-0.888703019307666
TOKYOTECH_s01,100,104,103.46666666666667,0.052095673978328705,-0.5252323330837858
TOKYOTECH_s01,100,105,103.5,0.20070496201515198,-0.055805937791283775
TOKYOTECH_s01,100,106,103.53333333333333,0.1964128613471985,0.4449955624446829
TOKYOTECH_s01,100,107,103.56666666666666,0.0035830491688102484,0.8841157193412275
TOKYOTECH_s01,100,108,103.6,-0.3846360743045807,1.178171665253201
TOKYOTECH_s01,100,109,103.63333333333334,-0.7369039058685303,1.2797504327671707
TOKYOTECH_s01,100,110,103.66666666666667,-0.8624775409698486,1.1898049749962372
TOKYOTECH_s01,100,111,103.7,-0.8895296454429626,0.9516586434500351
TOKYOTECH_s01,100,112,103.73333333333333,-1.0468807220458984,0.6308775014823965
TOKYOTECH_s01,100,113,103.76666666666667,-1.0663723945617676,0.2907849061410382
TOKYOTECH_s01,100,114,103.8,-0.522613525390625,-0.026223374344758403
TOKYOTECH_s01,100,115,103.83333333333333,0.5954607129096985,-0.30510925333597755
TOKYOTECH_s01,100,116,103.86666666666666,1.7120779752731323,-0.551334720691966
TOKYOTECH_s01,100,117,103.9,1.88325035572052,-0.7749702687864509
TOKYOTECH_s01,100,118,103.93333333333334,1.3510290384292603,-0.9736696261149549
TOKYOTECH_s01,100,119,103.96666666666667,0.655668318271637,-1.1229108941425556
TOKYOTECH_s01,100,120,104.0,0.06249123811721802,-1.1787851880830589
TOKYOTECH_s01,100,121,104.03333333333333,-0.06312181055545807,-1.0932860872835317
TOKYOTECH_s01,100,122,104.06666666666666,0.053946398198604584,-0.8366772936913309
TOKYOTECH_s01,100,123,104.1,-0.07820325344800949,-0.41772521327828266
TOKYOTECH_s01,100,124,104.13333333333334,-0.03819608688354492,0.10813684292196153
TOKYOTECH_s01,100,125,104.16666666666667,0.15128666162490845,0.6486897609508444
TOKYOTECH_s01,100,126,104.2,-0.1946808099746704,1.1007002968479087
TOKYOTECH_s01,100,127,104.23333333333333,-0.7005194425582886,1.3813678840628278
TOKYOTECH_s01,100,128,104.26666666666667,-0.9465083479881287,1.4520906109170486
TOKYOTECH_s01,100,129,104.3,-0.8329446911811829,1.3249451587793086
TOKYOTECH_s01,100,130,104.33333333333333,-0.8427889943122864,1.051011630104473
TOKYOTECH_s01,100,131,104.36666666666666,-1.175801396369934,0.6978948297517803
TOKYOTECH_s01,100,132,104.4,-1.1761164665222168,0.32680808294942554
TOKYOTECH_s01,100,133,104.43333333333334,-0.1937357485294342,-0.022463009990200546
TOKYOTECH_s01,100,134,104.46666666666667,1.459473729133606,-0.33482926786350214
TOKYOTECH_s01,100,135,104.5,2.215435743331909,-0.6121709412363323
TOKYOTECH_s01,100,136,104.53333333333333,1.743146538734436,-0.859023723889517
TOKYOTECH_s01,100,137,104.56666666666666,0.9685983657836914,-1.0681951686542925
TOKYOTECH_s01,100,138,104.6,0.6093214750289917,-1.2130981459798738
TOKYOTECH_s01,100,139,104.63333333333334,0.38833698630332947,-1.251421409894943
TOKYOTECH_s01,100,140,104.66666666666667,0.17786623537540436,-1.14023969106071
TOKYOTECH_s01,100,141,104.7,0.05374951288104057,-0.8574494902665061
TOKYOTECH_s01,100,142,104.73333333333333,0.249099463224411,-0.4206808331472139
TOKYOTECH_s01,100,143,104.76666666666667,0.4357864260673523,0.1059638438070179
TOKYOTECH_s01,100,144,104.8,0.06898846477270126,0.6237958198816205
TOKYOTECH_s01,100,145,104.83333333333333,-0.3495904207229614,1.0284582890733354
TOKYOTECH_s01,100,146,104.86666666666666,-0.4393703043460846,1.2440093186941683
TOKYOTECH_s01,100,147,104.9,-0.8265656232833862,1.2458421482733109
TOKYOTECH_s01,100,148,104.93333333333334,-1.0033689737319946,1.062487359858177
TOKYOTECH_s01,100,149,104.96666666666667,-0.9864761233329773,0.7580347181085774
TOKYOTECH_s01,100,150,105.0,-1.1619406938552856,0.40533904806098225
TOKYOTECH_s01,100,151,105.03333333333333,-0.8429465293884277,0.06215551059857746
TOKYOTECH_s01,100,152,105.06666666666666,0.33876118063926697,-0.24104269160351874
TOKYOTECH_s01,100,153,105.1,1.6643528938293457,-0.49895411103418663
TOKYOTECH_s01,100,154,105.13333333333334,1.9493252038955688,-0.7184442034298307
TOKYOTECH_s01,100,155,105.16666666666667,1.3715839385986328,-0.9018686395590874
TOKYOTECH_s01,100,156,105.2,0.852435827255249,-1.0347177011776534
TOKYOTECH_s01,100,157,105.23333333333333,0.34931424260139465,-1.083547827007125
TOKYOTECH_s01,100,158,105.26666666666667,-0.02650107815861702,-1.0062125938406048
TOKYOTECH_s01,100,159,105.3,-0.06119232997298241,-0.771489095549342
TOKYOTECH_s01,100,160,105.33333333333333,0.10659362375736237,-0.3805464313135589
TOKYOTECH_s01,100,161,105.36666666666666,0.2301984429359436,0.12004629125553067
TOKYOTECH_s01,100,162,105.4,0.03791990876197815,0.6428590185080365
TOKYOTECH_s01,100,163,105.43333333333334,-0.17723673582077026,1.0835260024803772
TOKYOTECH_s01,100,164,105.46666666666667,-0.34336885809898376,1.3546056436076008
TOKYOTECH_s01,100,165,105.5,-0.7750603556632996,1.413199720504086
TOKYOTECH_s01,100,166,105.53333333333333,-0.9261109828948975,1.2702390832969175
TOKYOTECH_s01,100,167,105.56666666666666,-0.892955482006073,0.979844880180695
TOKYOTECH_s01,100,168,105.6,-1.0663723945617676,0.6160075279983129
TOKYOTECH_s01,100,169,105.63333333333334,-0.9559588432312012,0.24736480199728586
TOKYOTECH_s01,100,170,105.66666666666667,-0.22181165218353271,-0.08064787727521554
TOKYOTECH_s01,100,171,105.7,1.0896437168121338,-0.3515052841358202
TOKYOTECH_s01,100,172,105.73333333333333,2.0298514366149902,-0.5713975664348927
TOKYOTECH_s01,100,173,105.76666666666667,1.7748057842254639,-0.755206096018909
TOKYOTECH_s01,100,174,105.8,1.0667262077331543,-0.9107065666812002
TOKYOTECH_s01,100,175,105.83333333333333,0.6100302338600159,-1.0272990761345757
TOKYOTECH_s01,100,176,105.86666666666666,0.38290295004844666,-1.0742837636039715
TOKYOTECH_s01,100,177,105.9,0.0007085185497999191,-1.010685258265157
TOKYOTECH_s01,100,178,105.93333333333334,0.08505433052778244,-0.8040799612908258
TOKYOTECH_s01,100,179,105.96666666666667,0.4877248704433441,-0.4512274358805389
TOKYOTECH_s01,100,180,106.0,0.22314992547035217,0.009208251858716944
TOKYOTECH_s01,100,181,106.03333333333333,-0.05654582753777504,0.4997397137860605
TOKYOTECH_s01,100,182,106.06666666666666,-0.18778981268405914,0.9242571130910876
TOKYOTECH_s01,100,183,106.1,-0.6403905153274536,1.1979929829190654
TOKYOTECH_s01,100,184,106.13333333333334,-0.8169969916343689,1.2738044604448657
TOKYOTECH_s01,100,185,106.16666666666667,-0.9908469915390015,1.1526202178393983
TOKYOTECH_s01,100,186,106.2,-1.0805481672286987,0.8750581132944035
TOKYOTECH_s01,100,187,106.23333333333333,-0.9645037055015564,0.501422552306337
TOKYOTECH_s01,100,188,106.26666666666667,-1.0084879398345947,0.0913253854238792
TOKYOTECH_s01,100,189,106.3,-0.24878497421741486,-0.30856944803967046
TOKYOTECH_s01,100,190,106.33333333333333,1.0614889860153198,-0.6661923015281305
TOKYOTECH_s01,100,191,106.36666666666666,1.8128440380096436,-0.9581988407168798
TOKYOTECH_s01,100,192,106.4,1.6967209577560425,-1.162428245964549
TOKYOTECH_s01,100,193,106.43333333333334,1.1312652826309204,-1.2542188408168748
TOKYOTECH_s01,100,194,106.46666666666667,0.6126291155815125,-1.2096858154837538
TOKYOTECH_s01,100,195,106.5,0.25445476174354553,-1.015385896083936
TOKYOTECH_s01,100,196,106.53333333333333,-0.03988930210471153,-0.680012270276178
TOKYOTECH_s01,100,197,106.56666666666666,-0.1028139591217041,-0.24169474960794632
TOKYOTECH_s01,100,198,106.6,0.1540430635213852,0.23445692058350237
TOKYOTECH_s01,100,199,106.63333333333334,0.30694445967674255,0.6697592436431684
TOKYOTECH_s01,100,200,106.66666666666667,-0.040873732417821884,0.9920110359628793
TOKYOTECH_s01,100,201,106.7,-0.4036552309989929,1.1543546070380244
TOKYOTECH_s01,100,202,106.73333333333333,-0.5297014117240906,1.1457583746958113
TOKYOTECH_s01,100,203,106.76666666666667,-0.7755328416824341,0.9898690499573248
TOKYOTECH_s01,100,204,106.8,-0.9695045948028564,0.7336912230372173
TOKYOTECH_s01,100,205,106.83333333333333,-1.0434154272079468,0.43108021776905364
TOKYOTECH_s01,100,206,106.86666666666666,-0.9624167084693909,0.12732138367146964
TOKYOTECH_s01,100,207,106.9,-0.8791340589523315,-0.15002517005111907
TOKYOTECH_s01,100,208,106.93333333333334,-0.35888344049453735,-0.39165484625121305
TOKYOTECH_s01,100,209,106.96666666666667,1.0273884534835815,-0.599423984467949
TOKYOTECH_s01,100,210,107.0,1.9679505825042725,-0.7753152200631263
TOKYOTECH_s01,100,211,107.03333333333333,1.6460425853729248,-0.9113581106652252
TOKYOTECH_s01,100,212,107.06666666666666,1.059283971786499,-0.9849081732812716
TOKYOTECH_s01,100,213,107.1,0.5615963935852051,-0.9618544065509878
TOKYOTECH_s01,100,214,107.13333333333334,0.17144775390625,-0.8077237778169906
TOKYOTECH_s01,100,215,107.16666666666667,-0.12730653584003448,-0.5037305774650817
TOKYOTECH_s01,100,216,107.2,-0.15664249658584595,-0.06214758447840468
TOKYOTECH_s01,100,217,107.23333333333333,0.07308368384838104,0.4661471627400269
TOKYOTECH_s01,100,218,107.26666666666667,0.17861439287662506,0.9980491542119844
TOKYOTECH_s01,100,219,107.3,-0.10560973733663559,1.4393068014395658
TOKYOTECH_s01,100,220,107.33333333333333,-0.4470488429069519,1.7126775341356373
TOKYOTECH_s01,100,221,107.36666666666666,-0.7009131908416748,1.7803275785083934
TOKYOTECH_s01,100,222,107.4,-1.0337680578231812,1.6505567522909008
TOKYOTECH_s01,100,223,107.43333333333334,-0.9977774024009705,1.3675267944562601
TOKYOTECH_s01,100,224,107.46666666666667,-1.075626015663147,0.9909388768329526
TOKYOTECH_s01,100,225,107.5,-1.2658963203430176,0.576020424242669
TOKYOTECH_s01,100,226,107.53333333333333,-1.0307360887527466,0.1616381668450849
TOKYOTECH_s01,100,227,107.56666666666666,-0.44472557306289673,-0.231186988342778
TOKYOTECH_s01,100,228,107.6,1.0145121812820435,-0.5927809373888026
TOKYOTECH_s01,100,229,107.63333333333334,2.1252622604370117,-0.9151643233227871
TOKYOTECH_s01,100,230,107.66666666666667,1.612965703010559,-1.1844241392138926
TOKYOTECH_s01,100,231,107.7,0.862240731716156,-1.379020891498153
TOKYOTECH_s01,100,232,107.73333333333333,0.6549595594406128,-1.475460080728671
TOKYOTECH_s01,100,233,107.76666666666667,-0.008781369775533676,-1.459294506815094
TOKYOTECH_s01,100,234,107.8,-0.37636688351631165,-1.335898840590374
TOKYOTECH_s01,100,235,107.83333333333333,-0.002284143352881074,-1.134041583736267
TOKYOTECH_s01,100,236,107.86666666666666,0.16987267136573792,-0.8978278499256893
TOKYOTECH_s01,100,237,107.9,0.24972949922084808,-0.6689933569812413
TOKYOTECH_s01,100,238,107.93333333333334,-0.01996447518467903,-0.468726806891996
TOKYOTECH_s01,100,239,107.96666666666667,-0.38369104266166687,-0.2903056737839157
TOKYOTECH_s01,101,0,101.0,0.22314992547035217,-0.059688695293154834
TOKYOTECH_s01,101,1,101.03333333333333,-0.017916863784193993,0.3401331379736741
TOKYOTECH_s01,101,2,101.06666666666666,-0.3204119801521301,0.7057592620704711
TOKYOTECH_s01,101,3,101.1,-0.6057780385017395,1.004758235103128
TOKYOTECH_s01,101,4,101.13333333333334,-0.8341653943061829,1.2090843001515743
TOKYOTECH_s01,101,5,101.16666666666667,-0.8146343231201172,1.299136544691336
TOKYOTECH_s01,101,6,101.2,-0.957691490650177,1.2670771198251058
TOKYOTECH_s01,101,7,101.23333333333333,-0.9930127263069153,1.1178415781923676
TOKYOTECH_s01,101,8,101.26666666666667,-1.0240813493728638,0.8676228205060568
TOKYOTECH_s01,101,9,101.3,-0.629522442817688,0.5408422658506312
TOKYOTECH_s01,101,10,101.33333333333333,0.6423195004463196,0.16698294833714783
TOKYOTECH_s01,101,11,101.36666666666666,1.793155550956726,-0.2217615884422803
TOKYOTECH_s01,101,12,101.4,1.863640546798706,-0.5917936401168107
TOKYOTECH_s01,101,13,101.43333333333334,1.3991479873657227,-0.9088803607135241
TOKYOTECH_s01,101,14,101.46666666666667,0.8675566911697388,-1.1394088464488128
TOKYOTECH_s01,101,15,101.5,0.43342381715774536,-1.253115291304482
TOKYOTECH_s01,101,16,101.53333333333333,0.09048837423324585,-1.22760838482305
TOKYOTECH_s01,101,17,101.56666666666666,0.0817466527223587,-1.0541521743388564
TOKYOTECH_s01,101,18,101.6,0.2583530843257904,-0.7434423846162413
TOKYOTECH_s01,101,19,101.63333333333334,0.41574347019195557,-0.3291087071333518
TOKYOTECH_s01,101,20,101.66666666666667,0.14636452496051788,0.13425381184918453
TOKYOTECH_s01,101,21,101.7,-0.19137312471866608,0.5804279862552021
TOKYOTECH_s01,101,22,101.73333333333333,-0.5128480195999146,0.9460159063728202
TOKYOTECH_s01,101,23,101.76666666666667,-0.8864976167678833,1.1842061208207413
TOKYOTECH_s01,101,24,101.8,-0.9181174635887146,1.2726704521360017
TOKYOTECH_s01,101,25,101.83333333333333,-0.9530449509620667,1.2138442127266265
TOKYOTECH_s01,101,26,101.86666666666666,-1.0149458646774292,1.0291320180905095
TOKYOTECH_s01,101,27,101.9,-0.9267410635948181,0.750239196421996
TOKYOTECH_s01,101,28,101.93333333333334,-0.5891215205192566,0.4108610973078965
TOKYOTECH_s01,101,29,101.96666666666667,0.6932340860366821,0.04114968006628641
TOKYOTECH_s01,101,30,102.0,1.8468658924102783,-0.33363543441302085
TOKYOTECH_s01,101,31,102.03333333333333,1.7544478178024292,-0.6903197144927576
TOKYOTECH_s01,101,32,102.06666666666666,1.2677857875823975,-1.0028464891206454
TOKYOTECH_s01,101,33,102.1,0.8687379956245422,-1.2386659514702765
TOKYOTECH_s01,101,34,102.13333333333334,0.42582401633262634,-1.3599373493779785
TOKYOTECH_s01,101,35,102.16666666666667,-0.078675776720047,-1.3311537735826735
TOKYOTECH_s01,101,36,102.2,-0.2791447341442108,-1.1317610999931624
TOKYOTECH_s01,101,37,102.23333333333333,-0.028430558741092682,-0.7691751341786824
TOKYOTECH_s01,101,38,102.26666666666667,0.25654172897338867,-0.2857820316152009
TOKYOTECH_s01,101,39,102.3,0.26579535007476807,0.24532888099704406
TOKYOTECH_s01,101,40,102.33333333333333,-0.2212209850549698,0.7366161546858505
TOKYOTECH_s01,101,41,102.36666666666666,-0.7463544011116028,1.109071151765405
TOKYOTECH_s01,101,42,102.4,-0.9074856042861938,1.3125848766398702
TOKYOTECH_s01,101,43,102.43333333333334,-0.8332597017288208,1.3352199288292175
TOKYOTECH_s01,101,44,102.46666666666667,-0.9176449179649353,1.1989380736902715
TOKYOTECH_s01,101,45,102.5,-1.1471742391586304,0.9459938974810845
TOKYOTECH_s01,101,46,102.53333333333333,-0.9272923469543457,0.623000164450308
TOKYOTECH_s01,101,47,102.56666666666666,0.1706995964050293,0.26875130454714785
TOKYOTECH_s01,101,48,102.6,1.6228888034820557,-0.09058377568286495
TOKYOTECH_s01,101,49,102.63333333333334,2.0402863025665283,-0.43844288708619916
TOKYOTECH_s01,101,50,102.66666666666667,1.4044638872146606,-0.7598540313657923
TOKYOTECH_s01,101,51,102.7,0.7599389553070068,-1.033228163109383
TOKYOTECH_s01,101,52,102.73333333333333,0.520053505897522,-1.2264595286003024
TOKYOTECH_s01,101,53,102.76666666666667,0.2922174036502838,-1.2999580217918745
TOKYOTECH_s01,101,54,102.8,0.0924966111779213,-1.216895923453666
TOKYOTECH_s01,101,55,102.83333333333333,-0.021578937768936157,-0.9582659017523893
TOKYOTECH_s01,101,56,102.86666666666666,0.005709413904696703,-0.5374803964620063
TOKYOTECH_s01,101,57,102.9,0.13809533417224884,-0.007418985647071242
TOKYOTECH_s01,101,58,102.93333333333334,0.002756129251793027,0.5461248263910546
TOKYOTECH_s01,101,59,102.96666666666667,-0.4496477246284485,1.025220188168985
TOKYOTECH_s01,101,60,103.0,-0.7851014733314514,1.3472200482220869
TOKYOTECH_s01,101,61,103.03333333333333,-0.9667481780052185,1.4666238216337715
TOKYOTECH_s01,101,62,103.06666666666666,-0.9270954132080078,1.3826063790563954
TOKYOTECH_s01,101,63,103.1,-0.9824990630149841,1.1314775464749929
TOKYOTECH_s01,101,64,103.13333333333334,-1.1335891485214233,0.7698518679339641
TOKYOTECH_s01,101,65,103.16666666666667,-0.89909827709198,0.3566009781479834
TOKYOTECH_s01,101,66,103.2,0.14140300452709198,-0.05991604759850417
TOKYOTECH_s01,101,67,103.23333333333333,1.4614819288253784,-0.4464305835181127
TOKYOTECH_s01,101,68,103.26666666666667,1.8732092380523682,-0.7817948981949098
TOKYOTECH_s01,101,69,103.3,1.4371862411499023,-1.0496494595491945
TOKYOTECH_s01,101,70,103.33333333333333,0.8911829590797424,-1.2311530449789363
TOKYOTECH_s01,101,71,103.36666666666666,0.43507763743400574,-1.3019870038412116
TOKYOTECH_s01,101,72,103.4,-0.004489262588322163,-1.2362046188853355
TOKYOTECH_s01,101,73,103.43333333333334,-0.10147513449192047,-1.0167841580245276
TOKYOTECH_s01,101,74,103.46666666666667,0.052095673978328705,-0.649501268732575
TOKYOTECH_s01,101,75,103.5,0.20070496201515198,-0.17357781059138672
TOKYOTECH_s01,101,76,103.53333333333333,0.1964128613471985,0.3387696494026009
TOKYOTECH_s01,101,77,103.56666666666666,0.0035830491688102484,0.7979718573036295
TOKYOTECH_s01,101,78,103.6,-0.3846360743045807,1.1231007192208373
TOKYOTECH_s01,101,79,103.63333333333334,-0.7369039058685303,1.2662137272077145
TOKYOTECH_s01,101,80,103.66666666666667,-0.8624775409698486,1.2239364358586935
TOKYOTECH_s01,101,81,103.7,-0.8895296454429626,1.0323415851138533
TOKYOTECH_s01,101,82,103.73333333333333,-1.0468807220458984,0.7490603380347406
TOKYOTECH_s01,101,83,103.76666666666667,-1.0663723945617676,0.431323539268303
TOKYOTECH_s01,101,84,103.8,-0.522613525390625,0.1189644455930468
TOKYOTECH_s01,101,85,103.83333333333333,0.5954607129096985,-0.1717302753612161
TOKYOTECH_s01,101,86,103.86666666666666,1.7120779752731323,-0.4421506817770561
TOKYOTECH_s01,101,87,103.9,1.88325035572052,-0.697143659964675
TOKYOTECH_s01,101,88,103.93333333333334,1.3510290384292603,-0.9296899305801668
TOKYOTECH_s01,101,89,103.96666666666667,0.655668318271637,-1.1122731785815172
TOKYOTECH_s01,101,90,104.0,0.06249123811721802,-1.1996477127773055
TOKYOTECH_s01,101,91,104.03333333333333,-0.06312181055545807,-1.142813761971726
TOKYOTECH_s01,101,92,104.06666666666666,0.053946398198604584,-0.9096126454548962
TOKYOTECH_s01,101,93,104.1,-0.07820325344800949,-0.5042439585422558
TOKYOTECH_s01,101,94,104.13333333333334,-0.03819608688354492,0.023187068841939006
TOKYOTECH_s01,101,95,104.16666666666667,0.15128666162490845,0.5834958458009658
TOKYOTECH_s01,101,96,104.2,-0.1946808099746704,1.0713559647673558
TOKYOTECH_s01,101,97,104.23333333333333,-0.7005194425582886,1.3961693110651123
TOKYOTECH_s01,101,98,104.26666666666667,-0.9465083479881287,1.5080050222954562
TOKYOTECH_s01,101,99,104.3,-0.8329446911811829,1.407756333968339
TOKYOTECH_s01,101,100,104.33333333333333,-0.8427889943122864,1.1389620997956753
TOKYOTECH_s01,101,101,104.36666666666666,-1.175801396369934,0.7674705852198438
TOKYOTECH_s01,101,102,104.4,-1.1761164665222168,0.35869495405758417
TOKYOTECH_s01,101,103,104.43333333333334,-0.1937357485294342,-0.03920647657722844
TOKYOTECH_s01,101,104,104.46666666666667,1.459473729133606,-0.40146935848259735
TOKYOTECH_s01,101,105,104.5,2.215435743331909,-0.7216353046204237
TOKYOTECH_s01,101,106,104.53333333333333,1.743146538734436,-0.9987499451734032
TOKYOTECH_s01,101,107,104.56666666666666,0.9685983657836914,-1.2231985965039363
TOKYOTECH_s01,101,108,104.6,0.6093214750289917,-1.3681826766604868
TOKYOTECH_s01,101,109,104.63333333333334,0.38833698630332947,-1.3919263724736644
TOKYOTECH_s01,101,110,104.66666666666667,0.17786623537540436,-1.2515939147263657
TOKYOTECH_s01,101,111,104.7,0.05374951288104057,-0.9247712745532692
TOKYOTECH_s01,101,112,104.73333333333333,0.249099463224411,-0.4299398486034583
TOKYOTECH_s01,101,113,104.76666666666667,0.4357864260673523,0.16454571123236264
TOKYOTECH_s01,101,114,104.8,0.06898846477270126,0.7510371077260471
TOKYOTECH_s01,101,115,104.83333333333333,-0.3495904207229614,1.2125546158273517
TOKYOTECH_s01,101,116,104.86666666666666,-0.4393703043460846,1.4604595365962783
TOKYOTECH_s01,101,117,104.9,-0.8265656232833862,1.4621317635945974
TOKYOTECH_s01,101,118,104.93333333333334,-1.0033689737319946,1.2463736385757522
TOKYOTECH_s01,101,119,104.96666666666667,-0.9864761233329773,0.8863286716582527
TOKYOTECH_s01,101,120,105.0,-1.1619406938552856,0.4697289594219041
TOKYOTECH_s01,101,121,105.03333333333333,-0.8429465293884277,0.06997261929420232
TOKYOTECH_s01,101,122,105.06666666666666,0.33876118063926697,-0.27113571364311373
TOKYOTECH_s01,101,123,105.1,1.6643528938293457,-0.5445919480074586
TOKYOTECH_s01,101,124,105.13333333333334,1.9493252038955688,-0.7617750660386374
TOKYOTECH_s01,101,125,105.16666666666667,1.3715839385986328,-0.9355714436245309
TOKYOTECH_s01,101,126,105.2,0.852435827255249,-1.0637754259029062
TOKYOTECH_s01,101,127,105.23333333333333,0.34931424260139465,-1.1220819570987566
TOKYOTECH_s01,101,128,105.26666666666667,-0.02650107815861702,-1.0703615006223701
TOKYOTECH_s01,101,129,105.3,-0.06119232997298241,-0.8708044567984173
TOKYOTECH_s01,101,130,105.33333333333333,0.10659362375736237,-0.5111007843356655
TOKYOTECH_s01,101,131,105.36666666666666,0.2301984429359436,-0.022090407322018727
TOKYOTECH_s01,101,132,105.4,0.03791990876197815,0.5203564999666151
TOKYOTECH_s01,101,133,105.43333333333334,-0.17723673582077026,1.013270560515137
TOKYOTECH_s01,101,134,105.46666666666667,-0.34336885809898376,1.35797939875037
TOKYOTECH_s01,101,135,105.5,-0.7750603556632996,1.4910094283134558
TOKYOTECH_s01,101,136,105.53333333333333,-0.9261109828948975,1.4013759096468374
TOKYOTECH_s01,101,137,105.56666666666666,-0.892955482006073,1.1286514129340217
TOKYOTECH_s01,101,138,105.6,-1.0663723945617676,0.7448988647329088
TOKYOTECH_s01,101,139,105.63333333333334,-0.9559588432312012,0.3292675258199031
TOKYOTECH_s01,101,140,105.66666666666667,-0.22181165218353271,-0.054911436071638654
TOKYOTECH_s01,101,141,105.7,1.0896437168121338,-0.3733529957681387
TOKYOTECH_s01,101,142,105.73333333333333,2.0298514366149902,-0.6214505938814168
TOKYOTECH_s01,101,143,105.76666666666667,1.7748057842254639,-0.8137311709607397
TOKYOTECH_s01,101,144,105.8,1.0667262077331543,-0.9670626463761686
TOKYOTECH_s01,101,145,105.83333333333333,0.6100302338600159,-1.0846111850407396
TOKYOTECH_s01,101,146,105.86666666666666,0.38290295004844666,-1.1475955932886956
TOKYOTECH_s01,101,147,105.9,0.0007085185497999191,-1.1192896787832702
TOKYOTECH_s01,101,148,105.93333333333334,0.08505433052778244,-0.9607495599232795
TOKYOTECH_s01,101,149,105.96666666666667,0.4877248704433441,-0.6523412770755623
TOKYOTECH_s01,101,150,106.0,0.22314992547035217,-0.21177527083078357
TOKYOTECH_s01,101,151,106.03333333333333,-0.05654582753777504,0.3004091767929658
TOKYOTECH_s01,101,152,106.06666666666666,-0.18778981268405914,0.792663052860747
TOKYOTECH_s01,101,153,106.1,-0.6403905153274536,1.168632103204782
TOKYOTECH_s01,101,154,106.13333333333334,-0.8169969916343689,1.3568700552860058
TOKYOTECH_s01,101,155,106.16666666666667,-0.9908469915390015,1.3307306191374204
TOKYOTECH_s01,101,156,106.2,-1.0805481672286987,1.1109811377323173
TOKYOTECH_s01,101,157,106.23333333333333,-0.9645037055015564,0.7530033145975571
TOKYOTECH_s01,101,158,106.26666666666667,-1.0084879398345947,0.32655577651458223
TOKYOTECH_s01,101,159,106.3,-0.24878497421741486,-0.10301446836837158
TOKYOTECH_s01,101,160,106.33333333333333,1.0614889860153198,-0.48610584022004993
TOKYOTECH_s01,101,161,106.36666666666666,1.8128440380096436,-0.791135034037321
TOKYOTECH_s01,101,162,106.4,1.6967209577560425,-0.99999314924354
TOKYOTECH_s01,101,163,106.43333333333334,1.1312652826309204,-1.1011533915042193
TOKYOTECH_s01,101,164,106.46666666666667,0.6126291155815125,-1.0851557621214911
TOKYOTECH_s01,101,165,106.5,0.25445476174354553,-0.9454120849523849
TOKYOTECH_s01,101,166,106.53333333333333,-0.03988930210471153,-0.6840658923032726
TOKYOTECH_s01,101,167,106.56666666666666,-0.1028139591217041,-0.3195871483143022
TOKYOTECH_s01,101,168,106.6,0.1540430635213852,0.10857215581461689
TOKYOTECH_s01,101,169,106.63333333333334,0.30694445967674255,0.542079564281269
TOKYOTECH_s01,101,170,106.66666666666667,-0.040873732417821884,0.9137257120576114
TOKYOTECH_s01,101,171,106.7,-0.4036552309989929,1.1629139213623128
TOKYOTECH_s01,101,172,106.73333333333333,-0.5297014117240906,1.2512208997842822
TOKYOTECH_s01,101,173,106.76666666666667,-0.7755328416824341,1.171947510482453
TOKYOTECH_s01,101,174,106.8,-0.9695045948028564,0.9499693347805848
TOKYOTECH_s01,101,175,106.83333333333333,-1.0434154272079468,0.6322399142287816
TOKYOTECH_s01,101,176,106.86666666666666,-0.9624167084693909,0.2728548003209935
TOKYOTECH_s01,101,177,106.9,-0.8791340589523315,-0.08163008463199212
TOKYOTECH_s01,101,178,106.93333333333334,-0.35888344049453735,-0.4013476851900049
TOKYOTECH_s01,101,179,106.96666666666667,1.0273884534835815,-0.673912030241577
TOKYOTECH_s01,101,180,107.0,1.9679505825042725,-0.8976196228192594
TOKYOTECH_s01,101,181,107.03333333333333,1.6460425853729248,-1.0709265735752451
TOKYOTECH_s01,101,182,107.06666666666666,1.059283971786499,-1.1833483746850535
TOKYOTECH_s01,101,183,107.1,0.5615963935852051,-1.2122782026816874
TOKYOTECH_s01,101,184,107.13333333333334,0.17144775390625,-1.1281183745755219
TOKYOTECH_s01,101,185,107.16666666666667,-0.12730653584003448,-0.9069238317108779
TOKYOTECH_s01,101,186,107.2,-0.15664249658584595,-0.5461444845744677
TOKYOTECH_s01,101,187,107.23333333333333,0.07308368384838104,-0.0764255243825899
TOKYOTECH_s01,101,188,107.26666666666667,0.17861439287662506,0.437544722580585
TOKYOTECH_s01,101,189,107.3,-0.10560973733663559,0.9102307798071586
TOKYOTECH_s01,101,190,107.33333333333333,-0.4470488429069519,1.2586928914041937
TOKYOTECH_s01,101,191,107.36666666666666,-0.7009131908416748,1.4266902041502876
TOKYOTECH_s01,101,192,107.4,-1.0337680578231812,1.3991195460306434
TOKYOTECH_s01,101,193,107.43333333333334,-0.9977774024009705,1.2012801205141548
TOKYOTECH_s01,101,194,107.46666666666667,-1.075626015663147,0.8850578093543691
TOKYOTECH_s01,101,195,107.5,-1.2658963203430176,0.5097773306800942
TOKYOTECH_s01,101,196,107.53333333333333,-1.0307360887527466,0.12602578929401187
TOKYOTECH_s01,101,197,107.56666666666666,-0.44472557306289673,-0.23242922645838496
TOKYOTECH_s01,101,198,107.6,1.0145121812820435,-0.5474547828450286
TOKYOTECH_s01,101,199,107.63333333333334,2.1252622604370117,-0.8084207041427975
TOKYOTECH_s01,101,200,107.66666666666667,1.612965703010559,-1.0020750901449516
TOKYOTECH_s01,101,201,107.7,0.862240731716156,-1.1062871477384675
TOKYOTECH_s01,101,202,107.73333333333333,0.6549595594406128,-1.0919778472779784
TOKYOTECH_s01,101,203,107.76666666666667,-0.008781369775533676,-0.9337626895473641
TOKYOTECH_s01,101,204,107.8,-0.37636688351631165,-0.625156880702735
TOKYOTECH_s01,101,205,107.83333333333333,-0.002284143352881074,-0.1911189854153265
TOKYOTECH_s01,101,206,107.86666666666666,0.16987267136573792,0.3088960730677549
TOKYOTECH_s01,101,207,107.9,0.24972949922084808,0.7906479032576977
TOKYOTECH_s01,101,208,107.93333333333334,-0.01996447518467903,1.1657296819265224
TOKYOTECH_s01,101,209,107.96666666666667,-0.38369104266166687,1.366186667043106
TOKYOTECH_s01,101,210,108.0,-0.5919566750526428,1.3633195106156495
TOKYOTECH_s01,101,211,108.03333333333333,-0.850703775882721,1.1727094304858643
TOKYOTECH_s01,101,212,108.06666666666666,-0.8420802354812622,0.8442356940891264
TOKYOTECH_s01,101,213,108.1,-0.9334745407104492,0.44286139872698077
TOKYOTECH_s01,101,214,108.13333333333334,-0.9562345147132874,0.02866107065518079
TOKYOTECH_s01,101,215,108.16666666666667,-0.8272350430488586,-0.35688502431075775
TOKYOTECH_s01,101,216,108.2,-0.09025265276432037,-0.6945874244424958
TOKYOTECH_s01,101,217,108.23333333333333,1.3950921297073364,-0.981409843796651
TOKYOTECH_s01,101,218,108.26666666666667,1.9353069067001343,-1.218436283477239
TOKYOTECH_s01,101,219,108.3,1.6447430849075317,-1.3991088293955847
TOKYOTECH_s01,101,220,108.33333333333333,1.0423911809921265,-1.5035213455557759
TOKYOTECH_s01,101,221,108.36666666666666,0.5483656525611877,-1.501724958508417
TOKYOTECH_s01,101,222,108.4,0.12427395582199097,-1.364962622113775
TOKYOTECH_s01,101,223,108.43333333333334,-0.2298445850610733,-1.0803775487616838
TOKYOTECH_s01,101,224,108.46666666666667,-0.0502454899251461,-0.6633788777061514
TOKYOTECH_s01,101,225,108.5,0.1806226223707199,-0.16235268580069048
TOKYOTECH_s01,101,226,108.53333333333333,0.07544631510972977,0.347682327909987
TOKYOTECH_s01,101,227,108.56666666666666,-0.07083972543478012,0.7822096346453237
TOKYOTECH_s01,101,228,108.6,-0.4448830783367157,1.0699780332261826
TOKYOTECH_s01,101,229,108.63333333333334,-0.7652554512023926,1.172906896619685
TOKYOTECH_s01,101,230,108.66666666666667,-1.0390839576721191,1.095447840756386
TOKYOTECH_s01,101,231,108.7,-1.0054165124893188,0.8803510991093737
TOKYOTECH_s01,101,232,108.73333333333333,-1.1380780935287476,0.5937243011869133
TOKYOTECH_s01,101,233,108.76666666666667,-1.1322503089904785,0.306111480241334
TOKYOTECH_s01,101,234,108.8,-1.0420372486114502,0.07615033102564142
TOKYOTECH_s01,101,235,108.83333333333333,-0.10958682745695114,-0.05942212751478391
TOKYOTECH_s01,101,236,108.86666666666666,1.347681999206543,-0.08861675195225281
TOKYOTECH_s01,101,237,108.9,2.011422872543335,-0.0212813651744228
TOKYOTECH_s01,101,238,108.93333333333334,1.4842419624328613,0.11692450587391963
TOKYOTECH_s01,101,239,108.96666666666667,0.9150848984718323,0.2910444109688365
TOKYOTECH_s01,102,0,102.0,1.8468658924102783,0.05936305862081873
TOKYOTECH_s01,102,1,102.03333333333333,1.7544478178024292,-0.4410926943220488
TOKYOTECH_s01,102,2,102.06666666666666,1.2677857875823975,-0.890165605887326
TOKYOTECH_s01,102,3,102.1,0.8687379956245422,-1.2371935029690893
TOKYOTECH_s01,102,4,102.13333333333334,0.42582401633262634,-1.4356124079851724
TOKYOTECH_s01,102,5,102.16666666666667,-0.078675776720047,-1.4512216128706927
TOKYOTECH_s01,102,6,102.2,-0.2791447341442108,-1.2728741052923642
TOKYOTECH_s01,102,7,102.23333333333333,-0.028430558741092682,-0.9214525499149666
TOKYOTECH_s01,102,8,102.26666666666667,0.25654172897338867,-0.4516362839029263
TOKYOTECH_s01,102,9,102.3,0.26579535007476807,0.057593938557874834
TOKYOTECH_s01,102,10,102.33333333333333,-0.2212209850549698,0.5224687004742742
TOKYOTECH_s01,102,11,102.36666666666666,-0.7463544011116028,0.8765808873221367
TOKYOTECH_s01,102,12,102.4,-0.9074856042861938,1.085745345483341
TOKYOTECH_s01,102,13,102.43333333333334,-0.8332597017288208,1.1491481633841694
TOKYOTECH_s01,102,14,102.46666666666667,-0.9176449179649353,1.0883926259605088
TOKYOTECH_s01,102,15,102.5,-1.1471742391586304,0.9324067664228172
TOKYOTECH_s01,102,16,102.53333333333333,-0.9272923469543457,0.7061186409733595
TOKYOTECH_s01,102,17,102.56666666666666,0.1706995964050293,0.4265082721155948
TOKYOTECH_s01,102,18,102.6,1.6228888034820557,0.10559903433481133
TOKYOTECH_s01,102,19,102.63333333333334,2.0402863025665283,-0.24241084560671533
TOKYOTECH_s01,102,20,102.66666666666667,1.4044638872146606,-0.5937345549976062
TOKYOTECH_s01,102,21,102.7,0.7599389553070068,-0.9110778965824069
TOKYOTECH_s01,102,22,102.73333333333333,0.520053505897522,-1.1458586544834672
TOKYOTECH_s01,102,23,102.76666666666667,0.2922174036502838,-1.2473418917605825
TOKYOTECH_s01,102,24,102.8,0.0924966111779213,-1.1771698328129139
TOKYOTECH_s01,102,25,102.83333333333333,-0.021578937768936157,-0.9251456343838376
TOKYOTECH_s01,102,26,102.86666666666666,0.005709413904696703,-0.5199028998246044
TOKYOTECH_s01,102,27,102.9,0.13809533417224884,-0.02805803384338182
TOKYOTECH_s01,102,28,102.93333333333334,0.002756129251793027,0.46095499637267884
TOKYOTECH_s01,102,29,102.96666666666667,-0.4496477246284485,0.86035238361661
TOKYOTECH_s01,102,30,103.0,-0.7851014733314514,1.1109622014611984
TOKYOTECH_s01,102,31,103.03333333333333,-0.9667481780052185,1.19394120736294
TOKYOTECH_s01,102,32,103.06666666666666,-0.9270954132080078,1.126800568032478
TOKYOTECH_s01,102,33,103.1,-0.9824990630149841,0.9477925743794902
TOKYOTECH_s01,102,34,103.13333333333334,-1.1335891485214233,0.6981422409208662
TOKYOTECH_s01,102,35,103.16666666666667,-0.89909827709198,0.40998602653062954
TOKYOTECH_s01,102,36,103.2,0.14140300452709198,0.10318313760326203
TOKYOTECH_s01,102,37,103.23333333333333,1.4614819288253784,-0.21041760556956768
TOKYOTECH_s01,102,38,103.26666666666667,1.8732092380523682,-0.5191290255011859
TOKYOTECH_s01,102,39,103.3,1.4371862411499023,-0.8041259533117724
TOKYOTECH_s01,102,40,103.33333333333333,0.8911829590797424,-1.0358694896045075
TOKYOTECH_s01,102,41,103.36666666666666,0.43507763743400574,-1.176108713123153
TOKYOTECH_s01,102,42,103.4,-0.004489262588322163,-1.1859410143199
TOKYOTECH_s01,102,43,103.43333333333334,-0.10147513449192047,-1.0387056848229859
TOKYOTECH_s01,102,44,103.46666666666667,0.052095673978328705,-0.7341799237686204
TOKYOTECH_s01,102,45,103.5,0.20070496201515198,-0.30803659510289816
TOKYOTECH_s01,102,46,103.53333333333333,0.1964128613471985,0.17037173144467896
TOKYOTECH_s01,102,47,103.56666666666666,0.0035830491688102484,0.6148599759958133
TOKYOTECH_s01,102,48,103.6,-0.3846360743045807,0.9481266548611548
TOKYOTECH_s01,102,49,103.63333333333334,-0.7369039058685303,1.1241979740354087
TOKYOTECH_s01,102,50,103.66666666666667,-0.8624775409698486,1.1375070484712388
TOKYOTECH_s01,102,51,103.7,-0.8895296454429626,1.0163865870322424
TOKYOTECH_s01,102,52,103.73333333333333,-1.0468807220458984,0.8061843789499057
TOKYOTECH_s01,102,53,103.76666666666667,-1.0663723945617676,0.5505993766346349
TOKYOTECH_s01,102,54,103.8,-0.522613525390625,0.27874138092307865
TOKYOTECH_s01,102,55,103.83333333333333,0.5954607129096985,0.0018244179477343735
TOKYOTECH_s01,102,56,103.86666666666666,1.7120779752731323,-0.2804163123247192
TOKYOTECH_s01,102,57,103.9,1.88325035572052,-0.5669832787679724
TOKYOTECH_s01,102,58,103.93333333333334,1.3510290384292603,-0.8427861954238112
TOKYOTECH_s01,102,59,103.96666666666667,0.655668318271637,-1.0724829013957817
TOKYOTECH_s01,102,60,104.0,0.06249123811721802,-1.2049756707450292
TOKYOTECH_s01,102,61,104.03333333333333,-0.06312181055545807,-1.1880525146120373
TOKYOTECH_s01,102,62,104.06666666666666,0.053946398198604584,-0.9886405545162155
TOKYOTECH_s01,102,63,104.1,-0.07820325344800949,-0.6112877438595821
TOKYOTECH_s01,102,64,104.13333333333334,-0.03819608688354492,-0.10641297533776313
TOKYOTECH_s01,102,65,104.16666666666667,0.15128666162490845,0.437629113282642
TOKYOTECH_s01,102,66,104.2,-0.1946808099746704,0.9179924539466049
TOKYOTECH_s01,102,67,104.23333333333333,-0.7005194425582886,1.2477983468988265
TOKYOTECH_s01,102,68,104.26666666666667,-0.9465083479881287,1.3806638900317811
TOKYOTECH_s01,102,69,104.3,-0.8329446911811829,1.3188549553840143
TOKYOTECH_s01,102,70,104.33333333333333,-0.8427889943122864,1.1034976114204085
TOKYOTECH_s01,102,71,104.36666666666666,-1.175801396369934,0.7940621140088335
TOKYOTECH_s01,102,72,104.4,-1.1761164665222168,0.4470999617208725
TOKYOTECH_s01,102,73,104.43333333333334,-0.1937357485294342,0.10178760219301854
TOKYOTECH_s01,102,74,104.46666666666667,1.459473729133606,-0.22412917538948315
TOKYOTECH_s01,102,75,104.5,2.215435743331909,-0.5282070251884515
TOKYOTECH_s01,102,76,104.53333333333333,1.743146538734436,-0.8104956095075189
TOKYOTECH_s01,102,77,104.56666666666666,0.9685983657836914,-1.0598688010421289
TOKYOTECH_s01,102,78,104.6,0.6093214750289917,-1.2460570466460879
TOKYOTECH_s01,102,79,104.63333333333334,0.38833698630332947,-1.322411102219191
TOKYOTECH_s01,102,80,104.66666666666667,0.17786623537540436,-1.240494672275983
TOKYOTECH_s01,102,81,104.7,0.05374951288104057,-0.9722884764828399
TOKYOTECH_s01,102,82,104.73333333333333,0.249099463224411,-0.5310529625978426
TOKYOTECH_s01,102,83,104.76666666666667,0.4357864260673523,0.019919246833101898
TOKYOTECH_s01,102,84,104.8,0.06898846477270126,0.5783396302465519
TOKYOTECH_s01,102,85,104.83333333333333,-0.3495904207229614,1.0326809861007678
TOKYOTECH_s01,102,86,104.86666666666666,-0.4393703043460846,1.2984248568725218
TOKYOTECH_s01,102,87,104.9,-0.8265656232833862,1.3434684039547748
TOKYOTECH_s01,102,88,104.93333333333334,-1.0033689737319946,1.1915946786931155
TOKYOTECH_s01,102,89,104.96666666666667,-0.9864761233329773,0.9051115802387536
TOKYOTECH_s01,102,90,105.0,-1.1619406938552856,0.5571097610058375
TOKYOTECH_s01,102,91,105.03333333333333,-0.8429465293884277,0.2063486536678044
TOKYOTECH_s01,102,92,105.06666666666666,0.33876118063926697,-0.11583614928095202
TOKYOTECH_s01,102,93,105.1,1.6643528938293457,-0.4038622135489755
TOKYOTECH_s01,102,94,105.13333333333334,1.9493252038955688,-0.6648657563904866
TOKYOTECH_s01,102,95,105.16666666666667,1.3715839385986328,-0.901362960323419
TOKYOTECH_s01,102,96,105.2,0.852435827255249,-1.097435522614478
TOKYOTECH_s01,102,97,105.23333333333333,0.34931424260139465,-1.2147269627255752
TOKYOTECH_s01,102,98,105.26666666666667,-0.02650107815861702,-1.2013732508801143
TOKYOTECH_s01,102,99,105.3,-0.06119232997298241,-1.0123397148055804
TOKYOTECH_s01,102,100,105.33333333333333,0.10659362375736237,-0.6341709327701878
TOKYOTECH_s01,102,101,105.36666666666666,0.2301984429359436,-0.10307799426886911
TOKYOTECH_s01,102,102,105.4,0.03791990876197815,0.4945014333238405
TOKYOTECH_s01,102,103,105.43333333333334,-0.17723673582077026,1.042968523708059
TOKYOTECH_s01,102,104,105.46666666666667,-0.34336885809898376,1.4328627148361548
TOKYOTECH_s01,102,105,105.5,-0.7750603556632996,1.5947152954958481
TOKYOTECH_s01,102,106,105.53333333333333,-0.9261109828948975,1.5171217068561462
TOKYOTECH_s01,102,107,105.56666666666666,-0.892955482006073,1.2434501868933194
TOKYOTECH_s01,102,108,105.6,-1.0663723945617676,0.8513319415818262
TOKYOTECH_s01,102,109,105.63333333333334,-0.9559588432312012,0.4249804273516562
TOKYOTECH_s01,102,110,105.66666666666667,-0.22181165218353271,0.03080464940510162
TOKYOTECH_s01,102,111,105.7,1.0896437168121338,-0.29655361851396433
TOKYOTECH_s01,102,112,105.73333333333333,2.0298514366149902,-0.5549733638965222
TOKYOTECH_s01,102,113,105.76666666666667,1.7748057842254639,-0.7636954342529467
TOKYOTECH_s01,102,114,105.8,1.0667262077331543,-0.9449893846900304
TOKYOTECH_s01,102,115,105.83333333333333,0.6100302338600159,-1.1056609991937973
TOKYOTECH_s01,102,116,105.86666666666666,0.38290295004844666,-1.2258888076928753
TOKYOTECH_s01,102,117,105.9,0.0007085185497999191,-1.2610274440026101
TOKYOTECH_s01,102,118,105.93333333333334,0.08505433052778244,-1.157725918085432
TOKYOTECH_s01,102,119,105.96666666666667,0.4877248704433441,-0.8796161567202592
TOKYOTECH_s01,102,120,106.0,0.22314992547035217,-0.4320076758130776
TOKYOTECH_s01,102,121,106.03333333333333,-0.05654582753777504,0.12689015255160904
TOKYOTECH_s01,102,122,106.06666666666666,-0.18778981268405914,0.696136876402142
TOKYOTECH_s01,102,123,106.1,-0.6403905153274536,1.161506358218972
TOKYOTECH_s01,102,124,106.13333333333334,-0.8169969916343689,1.4314411134054945
TOKYOTECH_s01,102,125,106.16666666666667,-0.9908469915390015,1.463018428157163
TOKYOTECH_s01,102,126,106.2,-1.0805481672286987,1.2681220081737843
TOKYOTECH_s01,102,127,106.23333333333333,-0.9645037055015564,0.9012059082616374
TOKYOTECH_s01,102,128,106.26666666666667,-1.0084879398345947,0.43755611551971113
TOKYOTECH_s01,102,129,106.3,-0.24878497421741486,-0.04779345475619308
TOKYOTECH_s01,102,130,106.33333333333333,1.0614889860153198,-0.4936974826254376
TOKYOTECH_s01,102,131,106.36666666666666,1.8128440380096436,-0.8572799428775028
TOKYOTECH_s01,102,132,106.4,1.6967209577560425,-1.1112468251795373
TOKYOTECH_s01,102,133,106.43333333333334,1.1312652826309204,-1.238422773212311
TOKYOTECH_s01,102,134,106.46666666666667,0.6126291155815125,-1.228023039080758
TOKYOTECH_s01,102,135,106.5,0.25445476174354553,-1.0763499353361405
TOKYOTECH_s01,102,136,106.53333333333333,-0.03988930210471153,-0.7913075400987291
TOKYOTECH_s01,102,137,106.56666666666666,-0.1028139591217041,-0.3973888884071098
TOKYOTECH_s01,102,138,106.6,0.1540430635213852,0.06265881041909295
TOKYOTECH_s01,102,139,106.63333333333334,0.30694445967674255,0.5316616306216173
TOKYOTECH_s01,102,140,106.66666666666667,-0.040873732417821884,0.9470826179097664
TOKYOTECH_s01,102,141,106.7,-0.4036552309989929,1.2529247796004324
TOKYOTECH_s01,102,142,106.73333333333333,-0.5297014117240906,1.4109341378231626
TOKYOTECH_s01,102,143,106.76666666666667,-0.7755328416824341,1.4077210189681741
TOKYOTECH_s01,102,144,106.8,-0.9695045948028564,1.2557238175781256
TOKYOTECH_s01,102,145,106.83333333333333,-1.0434154272079468,0.9878354706982955
TOKYOTECH_s01,102,146,106.86666666666666,-0.9624167084693909,0.6473841918042819
TOKYOTECH_s01,102,147,106.9,-0.8791340589523315,0.27664612333020433
TOKYOTECH_s01,102,148,106.93333333333334,-0.35888344049453735,-0.0922061995785018
TOKYOTECH_s01,102,149,106.96666666666667,1.0273884534835815,-0.4404507867431232
TOKYOTECH_s01,102,150,107.0,1.9679505825042725,-0.7593667898151533
TOKYOTECH_s01,102,151,107.03333333333333,1.6460425853729248,-1.0417916137415761
TOKYOTECH_s01,102,152,107.06666666666666,1.059283971786499,-1.2728250005520219
TOKYOTECH_s01,102,153,107.1,0.5615963935852051,-1.4245902133631414
TOKYOTECH_s01,102,154,107.13333333333334,0.17144775390625,-1.4587471738163538
TOKYOTECH_s01,102,155,107.16666666666667,-0.12730653584003448,-1.3376247810507098
TOKYOTECH_s01,102,156,107.2,-0.15664249658584595,-1.04120246994708
TOKYOTECH_s01,102,157,107.23333333333333,0.07308368384838104,-0.5835521600715232
TOKYOTECH_s01,102,158,107.26666666666667,0.17861439287662506,-0.02031791845949599
TOKYOTECH_s01,102,159,107.3,-0.10560973733663559,0.5590263365363505
TOKYOTECH_s01,102,160,107.33333333333333,-0.4470488429069519,1.0534630351834453
TOKYOTECH_s01,102,161,107.36666666666666,-0.7009131908416748,1.3787986302515096
TOKYOTECH_s01,102,162,107.4,-1.0337680578231812,1.490110468782971
TOKYOTECH_s01,102,163,107.43333333333334,-0.9977774024009705,1.3893518837143812
TOKYOTECH_s01,102,164,107.46666666666667,-1.075626015663147,1.117203606716785
TOKYOTECH_s01,102,165,107.5,-1.2658963203430176,0.7354949034671815
TOKYOTECH_s01,102,166,107.53333333333333,-1.0307360887527466,0.3084323582932505
TOKYOTECH_s01,102,167,107.56666666666666,-0.44472557306289673,-0.11130020159320522
TOKYOTECH_s01,102,168,107.6,1.0145121812820435,-0.48849348378130486
TOKYOTECH_s01,102,169,107.63333333333334,2.1252622604370117,-0.8031726401040065
TOKYOTECH_s01,102,170,107.66666666666667,1.612965703010559,-1.0427110343504373
TOKYOTECH_s01,102,171,107.7,0.862240731716156,-1.1929609719139485
TOKYOTECH_s01,102,172,107.73333333333333,0.6549595594406128,-1.2335692072350843
TOKYOTECH_s01,102,173,107.76666666666667,-0.008781369775533676,-1.140951473475661
TOKYOTECH_s01,102,174,107.8,-0.37636688351631165,-0.8987913717205906
TOKYOTECH_s01,102,175,107.83333333333333,-0.002284143352881074,-0.5118584285475842
TOKYOTECH_s01,102,176,107.86666666666666,0.16987267136573792,-0.016324527022151526
TOKYOTECH_s01,102,177,107.9,0.24972949922084808,0.5199304410599913
TOKYOTECH_s01,102,178,107.93333333333334,-0.01996447518467903,1.0098764409853733
TOKYOTECH_s01,102,179,107.96666666666667,-0.38369104266166687,1.3696279481882232
TOKYOTECH_s01,102,180,108.0,-0.5919566750526428,1.5417545991578114
TOKYOTECH_s01,102,181,108.03333333333333,-0.850703775882721,1.509677550920436
TOKYOTECH_s01,102,182,108.06666666666666,-0.8420802354812622,1.2979511495951808
TOKYOTECH_s01,102,183,108.1,-0.9334745407104492,0.9600755583416687
TOKYOTECH_s01,102,184,108.13333333333334,-0.9562345147132874,0.5598095073968177
TOKYOTECH_s01,102,185,108.16666666666667,-0.8272350430488586,0.15305029220276825
TOKYOTECH_s01,102,186,108.2,-0.09025265276432037,-0.22363662488664698
TOKYOTECH_s01,102,187,108.23333333333333,1.3950921297073364,-0.5545429223159225
TOKYOTECH_s01,102,188,108.26666666666667,1.9353069067001343,-0.8372435322630202
TOKYOTECH_s01,102,189,108.3,1.6447430849075317,-1.070494331988132
TOKYOTECH_s01,102,190,108.33333333333333,1.0423911809921265,-1.2437135512603426
TOKYOTECH_s01,102,191,108.36666666666666,0.5483656525611877,-1.3331246978393616
TOKYOTECH_s01,102,192,108.4,0.12427395582199097,-1.3067309660458033
TOKYOTECH_s01,102,193,108.43333333333334,-0.2298445850610733,-1.1367388005385362
TOKYOTECH_s01,102,194,108.46666666666667,-0.0502454899251461,-0.8150548450664188
TOKYOTECH_s01,102,195,108.5,0.1806226223707199,-0.36576043941970865
TOKYOTECH_s01,102,196,108.53333333333333,0.07544631510972977,0.15144716336597935
TOKYOTECH_s01,102,197,108.56666666666666,-0.07083972543478012,0.6503682781453595
TOKYOTECH_s01,102,198,108.6,-0.4448830783367157,1.0387784670193552
TOKYOTECH_s01,102,199,108.63333333333334,-0.7652554512023926,1.2438187128402323
TOKYOTECH_s01,102,200,108.66666666666667,-1.0390839576721191,1.2326511785302459
TOKYOTECH_s01,102,201,108.7,-1.0054165124893188,1.0201616983906783
TOKYOTECH_s01,102,202,108.73333333333333,-1.1380780935287476,0.6615784417815538
TOKYOTECH_s01,102,203,108.76666666666667,-1.1322503089904785,0.2344914069416332
TOKYOTECH_s01,102,204,108.8,-1.0420372486114502,-0.18227885383895592
TOKYOTECH_s01,102,205,108.83333333333333,-0.10958682745695114,-0.5263423128807458
TOKYOTECH_s01,102,206,108.86666666666666,1.347681999206543,-0.7619044744276814
TOKYOTECH_s01,102,207,108.9,2.011422872543335,-0.8811809678179385
TOKYOTECH_s01,102,208,108.93333333333334,1.4842419624328613,-0.8980275427199145
TOKYOTECH_s01,102,209,108.96666666666667,0.9150848984718323,-0.836488994867845
TOKYOTECH_s01,102,210,109.0,0.517297089099884,-0.7183650498761356
TOKYOTECH_s01,102,211,109.03333333333333,0.1356145739555359,-0.5544410102006522
TOKYOTECH_s01,102,212,109.06666666666666,-0.15223225951194763,-0.3430613049486858
TOKYOTECH_s01,102,213,109.1,-0.06272803992033005,-0.0770527878419883
TOKYOTECH_s01,102,214,109.13333333333334,0.25008389353752136,0.24374142516121156
TOKYOTECH_s01,102,215,109.16666666666667,0.306235671043396,0.6003609767606802
TOKYOTECH_s01,102,216,109.2,-0.07430491596460342,0.9500932587849814
TOKYOTECH_s01,102,217,109.23333333333333,-0.1962558925151825,1.2335646574493624
TOKYOTECH_s01,102,218,109.26666666666667,-0.5743551254272461,1.3918446003194285
TOKYOTECH_s01,102,219,109.3,-0.8784253001213074,1.3861850238241655
TOKYOTECH_s01,102,220,109.33333333333333,-0.9095332622528076,1.2113800730774547
TOKYOTECH_s01,102,221,109.36666666666666,-0.9374122619628906,0.8971472353366116
TOKYOTECH_s01,102,222,109.4,-0.9148097634315491,0.49833887788590414
TOKYOTECH_s01,102,223,109.43333333333334,-0.8566103577613831,0.07971071388299478
TOKYOTECH_s01,102,224,109.46666666666667,-0.47299835085868835,-0.2986674881261583
TOKYOTECH_s01,102,225,109.5,0.8238480687141418,-0.5918895827185892
TOKYOTECH_s01,102,226,109.53333333333333,2.019613265991211,-0.7755574012857237
TOKYOTECH_s01,102,227,109.56666666666666,1.8595846891403198,-0.846131209568739
TOKYOTECH_s01,102,228,109.6,1.3001538515090942,-0.816847046043112
TOKYOTECH_s01,102,229,109.63333333333334,0.8145944476127625,-0.7105375848031046
TOKYOTECH_s01,102,230,109.66666666666667,0.39936259388923645,-0.5520910281774781
TOKYOTECH_s01,102,231,109.7,0.06402694433927536,-0.36377190748414834
TOKYOTECH_s01,102,232,109.73333333333333,0.00208671810105443,-0.16496123940488677
TOKYOTECH_s01,102,233,109.76666666666667,0.22937151789665222,0.024875320266661508
TOKYOTECH_s01,102,234,109.8,0.34021812677383423,0.18313277712063422
TOKYOTECH_s01,102,235,109.83333333333333,-0.01823188178241253,0.2843509136720416
TOKYOTECH_s01,102,236,109.86666666666666,-0.3175768256187439,0.3057315766881724
TOKYOTECH_s01,102,237,109.9,-0.54883873462677,0.23651640854485712
TOKYOTECH_s01,102,238,109.93333333333334,-0.7903386354446411,0.08623333501058145
TOKYOTECH_s01,102,239,109.96666666666667,-0.9702134132385254,-0.11388901804822348
TOKYOTECH_s01,103,0,103.0,-0.7851014733314514,-0.012197229900818809
TOKYOTECH_s01,103,1,103.03333333333333,-0.9667481780052185,0.04202661300407649
TOKYOTECH_s01,103,2,103.06666666666666,-0.9270954132080078,0.09712859407479908
TOKYOTECH_s01,103,3,103.1,-0.9824990630149841,0.1477641208047582
TOKYOTECH_s01,103,4,103.13333333333334,-1.1335891485214233,0.1810398783800655
TOKYOTECH_s01,103,5,103.16666666666667,-0.89909827709198,0.17847227485667128
TOKYOTECH_s01,103,6,103.2,0.14140300452709198,0.122240609987122
TOKYOTECH_s01,103,7,103.23333333333333,1.4614819288253784,0.0038155916364044215
TOKYOTECH_s01,103,8,103.26666666666667,1.8732092380523682,-0.168422368034608
TOKYOTECH_s01,103,9,103.3,1.4371862411499023,-0.36624100370134843
TOKYOTECH_s01,103,10,103.33333333333333,0.8911829590797424,-0.5456479877888437
TOKYOTECH_s01,103,11,103.36666666666666,0.43507763743400574,-0.6577643360005098
TOKYOTECH_s01,103,12,103.4,-0.004489262588322163,-0.663344204987608
TOKYOTECH_s01,103,13,103.43333333333334,-0.10147513449192047,-0.5462259676035437
TOKYOTECH_s01,103,14,103.46666666666667,0.052095673978328705,-0.32141348769020084
TOKYOTECH_s01,103,15,103.5,0.20070496201515198,-0.034587688855201866
TOKYOTECH_s01,103,16,103.53333333333333,0.1964128613471985,0.24899436920774728
TOKYOTECH_s01,103,17,103.56666666666666,0.0035830491688102484,0.464775229411531
TOKYOTECH_s01,103,18,103.6,-0.3846360743045807,0.570813783197928
TOKYOTECH_s01,103,19,103.63333333333334,-0.7369039058685303,0.5608544299531026
TOKYOTECH_s01,103,20,103.66666666666667,-0.8624775409698486,0.46260428691223204
TOKYOTECH_s01,103,21,103.7,-0.8895296454429626,0.32320823098352836
TOKYOTECH_s01,103,22,103.73333333333333,-1.0468807220458984,0.18902259207878724
TOKYOTECH_s01,103,23,103.76666666666667,-1.0663723945617676,0.08785979329736164
TOKYOTECH_s01,103,24,103.8,-0.522613525390625,0.02032936143010631
TOKYOTECH_s01,103,25,103.83333333333333,0.5954607129096985,-0.036513421880528356
TOKYOTECH_s01,103,26,103.86666666666666,1.7120779752731323,-0.11464143523016754
TOKYOTECH_s01,103,27,103.9,1.88325035572052,-0.2355799972907846
TOKYOTECH_s01,103,28,103.93333333333334,1.3510290384292603,-0.3944992499788223
TOKYOTECH_s01,103,29,103.96666666666667,0.655668318271637,-0.5554867501285474
TOKYOTECH_s01,103,30,104.0,0.06249123811721802,-0.661065263317934
TOKYOTECH_s01,103,31,104.03333333333333,-0.06312181055545807,-0.6530299740749377
TOKYOTECH_s01,103,32,104.06666666666666,0.053946398198604584,-0.49695401759170504
TOKYOTECH_s01,103,33,104.1,-0.07820325344800949,-0.20053079736416926
TOKYOTECH_s01,103,34,104.13333333333334,-0.03819608688354492,0.18299379431650273
TOKYOTECH_s01,103,35,104.16666666666667,0.15128666162490845,0.5696677079817034
TOKYOTECH_s01,103,36,104.2,-0.1946808099746704,0.8727262970501986
TOKYOTECH_s01,103,37,104.23333333333333,-0.7005194425582886,1.0314334008051305
TOKYOTECH_s01,103,38,104.26666666666667,-0.9465083479881287,1.0282980803574817
TOKYOTECH_s01,103,39,104.3,-0.8329446911811829,0.888176249286931
TOKYOTECH_s01,103,40,104.33333333333333,-0.8427889943122864,0.6618164457598101
TOKYOTECH_s01,103,41,104.36666666666666,-1.175801396369934,0.40311639401080573
TOKYOTECH_s01,103,42,104.4,-1.1761164665222168,0.1502727507811862
TOKYOTECH_s01,103,43,104.43333333333334,-0.1937357485294342,-0.08260189608286413
TOKYOTECH_s01,103,44,104.46666666666667,1.459473729133606,-0.3017591935383328
TOKYOTECH_s01,103,45,104.5,2.215435743331909,-0.5208025494640227
TOKYOTECH_s01,103,46,104.53333333333333,1.743146538734436,-0.7443351546007321
TOKYOTECH_s01,103,47,104.56666666666666,0.9685983657836914,-0.9554110052576478
TOKYOTECH_s01,103,48,104.6,0.6093214750289917,-1.112791583630313
TOKYOTECH_s01,103,49,104.63333333333334,0.38833698630332947,-1.1606396835318382
TOKYOTECH_s01,103,50,104.66666666666667,0.17786623537540436,-1.0484974633895687
TOKYOTECH_s01,103,51,104.7,0.05374951288104057,-0.7548583159109722
TOKYOTECH_s01,103,52,104.73333333333333,0.249099463224411,-0.30505755259051287
TOKYOTECH_s01,103,53,104.76666666666667,0.4357864260673523,0.22553044132250516
TOKYOTECH_s01,103,54,104.8,0.06898846477270126,0.7281725409716278
TOKYOTECH_s01,103,55,104.83333333333333,-0.3495904207229614,1.0941905634617461
TOKYOTECH_s01,103,56,104.86666666666666,-0.4393703043460846,1.2516572609077559
TOKYOTECH_s01,103,57,104.9,-0.8265656232833862,1.1879383226012954
TOKYOTECH_s01,103,58,104.93333333333334,-1.0033689737319946,0.9481053467164524
TOKYOTECH_s01,103,59,104.96666666666667,-0.9864761233329773,0.6121137355377514
TOKYOTECH_s01,103,60,105.0,-1.1619406938552856,0.2627015224978542
TOKYOTECH_s01,103,61,105.03333333333333,-0.8429465293884277,-0.04210387556409512
TOKYOTECH_s01,103,62,105.06666666666666,0.33876118063926697,-0.2819435051795423
TOKYOTECH_s01,103,63,105.1,1.6643528938293457,-0.4696218759125001
TOKYOTECH_s01,103,64,105.13333333333334,1.9493252038955688,-0.6331253883748438
TOKYOTECH_s01,103,65,105.16666666666667,1.3715839385986328,-0.7926919014804057
TOKYOTECH_s01,103,66,105.2,0.852435827255249,-0.942623740112176
TOKYOTECH_s01,103,67,105.23333333333333,0.34931424260139465,-1.0456240672360608
TOKYOTECH_s01,103,68,105.26666666666667,-0.02650107815861702,-1.0432316985038987
TOKYOTECH_s01,103,69,105.3,-0.06119232997298241,-0.8799865421056974
TOKYOTECH_s01,103,70,105.33333333333333,0.10659362375736237,-0.5325560256174994
TOKYOTECH_s01,103,71,105.36666666666666,0.2301984429359436,-0.03096157801848897
TOKYOTECH_s01,103,72,105.4,0.03791990876197815,0.5398213774451953
TOKYOTECH_s01,103,73,105.43333333333334,-0.17723673582077026,1.0618977180458788
TOKYOTECH_s01,103,74,105.46666666666667,-0.34336885809898376,1.4222996122848544
TOKYOTECH_s01,103,75,105.5,-0.7750603556632996,1.550167252106447
TOKYOTECH_s01,103,76,105.53333333333333,-0.9261109828948975,1.4372993430113197
TOKYOTECH_s01,103,77,105.56666666666666,-0.892955482006073,1.1347374474918643
TOKYOTECH_s01,103,78,105.6,-1.0663723945617676,0.7292499602600824
TOKYOTECH_s01,103,79,105.63333333333334,-0.9559588432312012,0.3113787986823326
TOKYOTECH_s01,103,80,105.66666666666667,-0.22181165218353271,-0.052177675604648505
TOKYOTECH_s01,103,81,105.7,1.0896437168121338,-0.3331626178231004
TOKYOTECH_s01,103,82,105.73333333333333,2.0298514366149902,-0.5404647252978456
TOKYOTECH_s01,103,83,105.76666666666667,1.7748057842254639,-0.7053298003513894
TOKYOTECH_s01,103,84,105.8,1.0667262077331543,-0.8592652270527263
TOKYOTECH_s01,103,85,105.83333333333333,0.6100302338600159,-1.0128523295376362
TOKYOTECH_s01,103,86,105.86666666666666,0.38290295004844666,-1.1437767062129036
TOKYOTECH_s01,103,87,105.9,0.0007085185497999191,-1.1999980617767658
TOKYOTECH_s01,103,88,105.93333333333334,0.08505433052778244,-1.118906467580817
TOKYOTECH_s01,103,89,105.96666666666667,0.4877248704433441,-0.8565231340298313
TOKYOTECH_s01,103,90,106.0,0.22314992547035217,-0.4147914186769774
TOKYOTECH_s01,103,91,106.03333333333333,-0.05654582753777504,0.14650317227907067
TOKYOTECH_s01,103,92,106.06666666666666,-0.18778981268405914,0.7212687523744997
TOKYOTECH_s01,103,93,106.1,-0.6403905153274536,1.1892903686375587
TOKYOTECH_s01,103,94,106.13333333333334,-0.8169969916343689,1.4550586280915192
TOKYOTECH_s01,103,95,106.16666666666667,-0.9908469915390015,1.475478768198793
TOKYOTECH_s01,103,96,106.2,-1.0805481672286987,1.265873543636162
TOKYOTECH_s01,103,97,106.23333333333333,-0.9645037055015564,0.8857648303544977
TOKYOTECH_s01,103,98,106.26666666666667,-1.0084879398345947,0.41436715257263235
TOKYOTECH_s01,103,99,106.3,-0.24878497421741486,-0.07259322399955218
TOKYOTECH_s01,103,100,106.33333333333333,1.0614889860153198,-0.5168820648853223
TOKYOTECH_s01,103,101,106.36666666666666,1.8128440380096436,-0.8806708489871474
TOKYOTECH_s01,103,102,106.4,1.6967209577560425,-1.1413610612739198
TOKYOTECH_s01,103,103,106.43333333333334,1.1312652826309204,-1.2837792747136452
TOKYOTECH_s01,103,104,106.46666666666667,0.6126291155815125,-1.2951090393620537
TOKYOTECH_s01,103,105,106.5,0.25445476174354553,-1.165624279229179
TOKYOTECH_s01,103,106,106.53333333333333,-0.03988930210471153,-0.8947500759962572
TOKYOTECH_s01,103,107,106.56666666666666,-0.1028139591217041,-0.49889047492128785
TOKYOTECH_s01,103,108,106.6,0.1540430635213852,-0.016311726045706163
TOKYOTECH_s01,103,109,106.63333333333334,0.30694445967674255,0.4944391871300134
TOKYOTECH_s01,103,110,106.66666666666667,-0.040873732417821884,0.9632738763321494
TOKYOTECH_s01,103,111,106.7,-0.4036552309989929,1.3222234347161235
TOKYOTECH_s01,103,112,106.73333333333333,-0.5297014117240906,1.5200699876907773
TOKYOTECH_s01,103,113,106.76666666666667,-0.7755328416824341,1.5336843057518095
TOKYOTECH_s01,103,114,106.8,-0.9695045948028564,1.3725666941296502
TOKYOTECH_s01,103,115,106.83333333333333,-1.0434154272079468,1.074815018170533
TOKYOTECH_s01,103,116,106.86666666666666,-0.9624167084693909,0.6952920184374808
TOKYOTECH_s01,103,117,106.9,-0.8791340589523315,0.2896113955476171
TOKYOTECH_s01,103,118,106.93333333333334,-0.35888344049453735,-0.10033027175519377
TOKYOTECH_s01,103,119,106.96666666666667,1.0273884534835815,-0.45362543729014115
TOKYOTECH_s01,103,120,107.0,1.9679505825042725,-0.7676311524457341
TOKYOTECH_s01,103,121,107.03333333333333,1.6460425853729248,-1.0467445431270292
TOKYOTECH_s01,103,122,107.06666666666666,1.059283971786499,-1.2878661471732902
TOKYOTECH_s01,103,123,107.1,0.5615963935852051,-1.4694644632424012
TOKYOTECH_s01,103,124,107.13333333333334,0.17144775390625,-1.5502938071767534
TOKYOTECH_s01,103,125,107.16666666666667,-0.12730653584003448,-1.4803756535274901
TOKYOTECH_s01,103,126,107.2,-0.15664249658584595,-1.2216753132927265
TOKYOTECH_s01,103,127,107.23333333333333,0.07308368384838104,-0.7707343168046629
TOKYOTECH_s01,103,128,107.26666666666667,0.17861439287662506,-0.17272787596726755
TOKYOTECH_s01,103,129,107.3,-0.10560973733663559,0.4816067834170709
TOKYOTECH_s01,103,130,107.33333333333333,-0.4470488429069519,1.0776328477401176
TOKYOTECH_s01,103,131,107.36666666666666,-0.7009131908416748,1.5095210214603685
TOKYOTECH_s01,103,132,107.4,-1.0337680578231812,1.7104385429489404
TOKYOTECH_s01,103,133,107.43333333333334,-0.9977774024009705,1.6676963713668722
TOKYOTECH_s01,103,134,107.46666666666667,-1.075626015663147,1.4184305475592454
TOKYOTECH_s01,103,135,107.5,-1.2658963203430176,1.0306406104496775
TOKYOTECH_s01,103,136,107.53333333333333,-1.0307360887527466,0.5789169892606496
TOKYOTECH_s01,103,137,107.56666666666666,-0.44472557306289673,0.12389509541815176
TOKYOTECH_s01,103,138,107.6,1.0145121812820435,-0.2981475889229517
TOKYOTECH_s01,103,139,107.63333333333334,2.1252622604370117,-0.6731533790420855
TOKYOTECH_s01,103,140,107.66666666666667,1.612965703010559,-0.9971044218318255
TOKYOTECH_s01,103,141,107.7,0.862240731716156,-1.2604433911836224
TOKYOTECH_s01,103,142,107.73333333333333,0.6549595594406128,-1.4373163195628946
TOKYOTECH_s01,103,143,107.76666666666667,-0.008781369775533676,-1.4860054854957052
TOKYOTECH_s01,103,144,107.8,-0.37636688351631165,-1.362097535724074
TOKYOTECH_s01,103,145,107.83333333333333,-0.002284143352881074,-1.0400091193938408
TOKYOTECH_s01,103,146,107.86666666666666,0.16987267136573792,-0.5338611638254004
TOKYOTECH_s01,103,147,107.9,0.24972949922084808,0.09277226605284411
TOKYOTECH_s01,103,148,107.93333333333334,-0.01996447518467903,0.7357506029210625
TOKYOTECH_s01,103,149,107.96666666666667,-0.38369104266166687,1.2774918412616585
TOKYOTECH_s01,103,150,108.0,-0.5919566750526428,1.6218370445142296
TOKYOTECH_s01,103,151,108.03333333333333,-0.850703775882721,1.721195511034351
TOKYOTECH_s01,103,152,108.06666666666666,-0.8420802354812622,1.5852655108781928
TOKYOTECH_s01,103,153,108.1,-0.9334745407104492,1.2704291607606837
TOKYOTECH_s01,103,154,108.13333333333334,-0.9562345147132874,0.8565119144030612
TOKYOTECH_s01,103,155,108.16666666666667,-0.8272350430488586,0.4205591374327097
TOKYOTECH_s01,103,156,108.2,-0.09025265276432037,0.016511134020521796
TOKYOTECH_s01,103,157,108.23333333333333,1.3950921297073364,-0.3334126099940085
TOKYOTECH_s01,103,158,108.26666666666667,1.9353069067001343,-0.6339362172747922
TOKYOTECH_s01,103,159,108.3,1.6447430849075317,-0.9013499178235552
TOKYOTECH_s01,103,160,108.33333333333333,1.0423911809921265,-1.1442571574153406
TOKYOTECH_s01,103,161,108.36666666666666,0.5483656525611877,-1.348809708051735
TOKYOTECH_s01,103,162,108.4,0.12427395582199097,-1.4750573371328688
TOKYOTECH_s01,103,163,108.43333333333334,-0.2298445850610733,-1.4669498280054565
TOKYOTECH_s01,103,164,108.46666666666667,-0.0502454899251461,-1.2737634368421824
TOKYOTECH_s01,103,165,108.5,0.1806226223707199,-0.8760818136171614
TOKYOTECH_s01,103,166,108.53333333333333,0.07544631510972977,-0.30595110009023513
TOKYOTECH_s01,103,167,108.56666666666666,-0.07083972543478012,0.3493866718840395
TOKYOTECH_s01,103,168,108.6,-0.4448830783367157,0.9658798847443979
TOKYOTECH_s01,103,169,108.63333333333334,-0.7652554512023926,1.4190910727599475
TOKYOTECH_s01,103,170,108.66666666666667,-1.0390839576721191,1.623969277656042
TOKYOTECH_s01,103,171,108.7,-1.0054165124893188,1.5600052944936582
TOKYOTECH_s01,103,172,108.73333333333333,-1.1380780935287476,1.2719123550416371
TOKYOTECH_s01,103,173,108.76666666666667,-1.1322503089904785,0.8485704396386139
TOKYOTECH_s01,103,174,108.8,-1.0420372486114502,0.39097590951347283
TOKYOTECH_s01,103,175,108.83333333333333,-0.10958682745695114,-0.01849376911978904
TOKYOTECH_s01,103,176,108.86666666666666,1.347681999206543,-0.33573587419418016
TOKYOTECH_s01,103,177,108.9,2.011422872543335,-0.5584720470553307
TOKYOTECH_s01,103,178,108.93333333333334,1.4842419624328613,-0.7141921230523057
TOKYOTECH_s01,103,179,108.96666666666667,0.9150848984718323,-0.8379950595167945
TOKYOTECH_s01,103,180,109.0,0.517297089099884,-0.9491718434561164
TOKYOTECH_s01,103,181,109.03333333333333,0.1356145739555359,-1.0361508651979672
TOKYOTECH_s01,103,182,109.06666666666666,-0.15223225951194763,-1.0569972116035646
TOKYOTECH_s01,103,183,109.1,-0.06272803992033005,-0.9568550301982591
TOKYOTECH_s01,103,184,109.13333333333334,0.25008389353752136,-0.6959808598689742
TOKYOTECH_s01,103,185,109.16666666666667,0.306235671043396,-0.2760375793987424
TOKYOTECH_s01,103,186,109.2,-0.07430491596460342,0.2482851705642055
TOKYOTECH_s01,103,187,109.23333333333333,-0.1962558925151825,0.7794889565944024
TOKYOTECH_s01,103,188,109.26666666666667,-0.5743551254272461,1.2065105261746203
TOKYOTECH_s01,103,189,109.3,-0.8784253001213074,1.440913672604875
TOKYOTECH_s01,103,190,109.33333333333333,-0.9095332622528076,1.444399724221974
TOKYOTECH_s01,103,191,109.36666666666666,-0.9374122619628906,1.2364541428861195
TOKYOTECH_s01,103,192,109.4,-0.9148097634315491,0.8812529766252293
TOKYOTECH_s01,103,193,109.43333333333334,-0.8566103577613831,0.4623015521307078
TOKYOTECH_s01,103,194,109.46666666666667,-0.47299835085868835,0.056101411450875285
TOKYOTECH_s01,103,195,109.5,0.8238480687141418,-0.2865186710206958
TOKYOTECH_s01,103,196,109.53333333333333,2.019613265991211,-0.5470810373776442
TOKYOTECH_s01,103,197,109.56666666666666,1.8595846891403198,-0.7338280945219429
TOKYOTECH_s01,103,198,109.6,1.3001538515090942,-0.8668546319531277
TOKYOTECH_s01,103,199,109.63333333333334,0.8145944476127625,-0.9600653301480965
TOKYOTECH_s01,103,200,109.66666666666667,0.39936259388923645,-1.0080153096885607
TOKYOTECH_s01,103,201,109.7,0.06402694433927536,-0.9844481017623715
TOKYOTECH_s01,103,202,109.73333333333333,0.00208671810105443,-0.853978717385934
TOKYOTECH_s01,103,203,109.76666666666667,0.22937151789665222,-0.5920258287635917
TOKYOTECH_s01,103,204,109.8,0.34021812677383423,-0.20441717397524342
TOKYOTECH_s01,103,205,109.83333333333333,-0.01823188178241253,0.2624791106347704
TOKYOTECH_s01,103,206,109.86666666666666,-0.3175768256187439,0.7279863412953388
TOKYOTECH_s01,103,207,109.9,-0.54883873462677,1.1000228204674884
TOKYOTECH_s01,103,208,109.93333333333334,-0.7903386354446411,1.3053359851280015
TOKYOTECH_s01,103,209,109.96666666666667,-0.9702134132385254,1.3125457731188988
TOKYOTECH_s01,103,210,110.0,-1.115278720855713,1.1381260870061052
TOKYOTECH_s01,103,211,110.03333333333333,-1.055307388305664,0.8353052126571087
TOKYOTECH_s01,103,212,110.06666666666666,-1.0125044584274292,0.4731878583281157
TOKYOTECH_s01,103,213,110.1,-0.9425706267356873,0.11530726289144344
TOKYOTECH_s01,103,214,110.13333333333334,-0.12998418509960175,-0.19554885671982808
TOKYOTECH_s01,103,215,110.16666666666667,1.3249220848083496,-0.4432131249314329
TOKYOTECH_s01,103,216,110.2,1.9316842555999756,-0.6346585301223119
TOKYOTECH_s01,103,217,110.23333333333333,1.5273993015289307,-0.7891707071654825
TOKYOTECH_s01,103,218,110.26666666666667,1.120987892150879,-0.9240327459893093
TOKYOTECH_s01,103,219,110.3,0.6713404059410095,-1.0418842782144329
TOKYOTECH_s01,103,220,110.33333333333333,0.09871819615364075,-1.1248209719704643
TOKYOTECH_s01,103,221,110.36666666666666,-0.10706669092178345,-1.1383381028787463
TOKYOTECH_s01,103,222,110.4,0.0745406374335289,-1.0446677931579056
TOKYOTECH_s01,103,223,110.43333333333334,0.4095218777656555,-0.8211246558128719
TOKYOTECH_s01,103,224,110.46666666666667,0.28477513790130615,-0.4763037785987845
TOKYOTECH_s01,103,225,110.5,-0.009568912908434868,-0.05650495167869386
TOKYOTECH_s01,103,226,110.53333333333333,-0.26217320561408997,0.36262442790927785
TOKYOTECH_s01,103,227,110.56666666666666,-0.7430860996246338,0.6981165333901256
TOKYOTECH_s01,103,228,110.6,-0.9770650267601013,0.8866713892657643
TOKYOTECH_s01,103,229,110.63333333333334,-0.9274498224258423,0.9044251252096516
TOKYOTECH_s01,103,230,110.66666666666667,-0.9150460362434387,0.7714703393277014
TOKYOTECH_s01,103,231,110.7,-0.9381997585296631,0.5412348902805958
TOKYOTECH_s01,103,232,110.73333333333333,-0.8353073596954346,0.28108332612509945
TOKYOTECH_s01,103,233,110.76666666666667,-0.7203655242919922,0.052472334400620935
TOKYOTECH_s01,103,234,110.8,0.36856967210769653,-0.10281893174898442
TOKYOTECH_s01,103,235,110.83333333333333,1.7391694784164429,-0.16760639393734733
TOKYOTECH_s01,103,236,110.86666666666666,1.8342258930206299,-0.1462562928658109
TOKYOTECH_s01,103,237,110.9,1.3463431596755981,-0.05700625474245279
TOKYOTECH_s01,103,238,110.93333333333334,0.8863789439201355,0.0762306160741093
TOKYOTECH_s01,103,239,110.96666666666667,0.4472845494747162,0.22939498904464864
TOKYOTECH_s01,104,0,104.0,0.06249123811721802,0.06238740409437806
TOKYOTECH_s01,104,1,104.03333333333333,-0.06312181055545807,0.05078084883679301
TOKYOTECH_s01,104,2,104.06666666666666,0.053946398198604584,0.07850297749326152
TOKYOTECH_s01,104,3,104.1,-0.07820325344800949,0.1659654993032359
TOKYOTECH_s01,104,4,104.13333333333334,-0.03819608688354492,0.3016405201216476
TOKYOTECH_s01,104,5,104.16666666666667,0.15128666162490845,0.4462249839915303
TOKYOTECH_s01,104,6,104.2,-0.1946808099746704,0.5502095192961199
TOKYOTECH_s01,104,7,104.23333333333333,-0.7005194425582886,0.5759155371967047
TOKYOTECH_s01,104,8,104.26666666666667,-0.9465083479881287,0.5128587950507851
TOKYOTECH_s01,104,9,104.3,-0.8329446911811829,0.3793678009671608
TOKYOTECH_s01,104,10,104.33333333333333,-0.8427889943122864,0.21125929882961977
TOKYOTECH_s01,104,11,104.36666666666666,-1.175801396369934,0.044888619464800786
TOKYOTECH_s01,104,12,104.4,-1.1761164665222168,-0.09682695447415088
TOKYOTECH_s01,104,13,104.43333333333334,-0.1937357485294342,-0.20992361855042357
TOKYOTECH_s01,104,14,104.46666666666667,1.459473729133606,-0.3054334395506679
TOKYOTECH_s01,104,15,104.5,2.215435743331909,-0.3987872673047869
TOKYOTECH_s01,104,16,104.53333333333333,1.743146538734436,-0.49764979227570993
TOKYOTECH_s01,104,17,104.56666666666666,0.9685983657836914,-0.5934467346365866
TOKYOTECH_s01,104,18,104.6,0.6093214750289917,-0.6601923080196775
TOKYOTECH_s01,104,19,104.63333333333334,0.38833698630332947,-0.6616014576009049
TOKYOTECH_s01,104,20,104.66666666666667,0.17786623537540436,-0.5647542080571372
TOKYOTECH_s01,104,21,104.7,0.05374951288104057,-0.3561191873655542
TOKYOTECH_s01,104,22,104.73333333333333,0.249099463224411,-0.05390690073893073
TOKYOTECH_s01,104,23,104.76666666666667,0.4357864260673523,0.2896059524553874
TOKYOTECH_s01,104,24,104.8,0.06898846477270126,0.5997849194582534
TOKYOTECH_s01,104,25,104.83333333333333,-0.3495904207229614,0.8034359301354874
TOKYOTECH_s01,104,26,104.86666666666666,-0.4393703043460846,0.8550919601234503
TOKYOTECH_s01,104,27,104.9,-0.8265656232833862,0.7529151480392821
TOKYOTECH_s01,104,28,104.93333333333334,-1.0033689737319946,0.5364615090680196
TOKYOTECH_s01,104,29,104.96666666666667,-0.9864761233329773,0.26828424118928046
TOKYOTECH_s01,104,30,105.0,-1.1619406938552856,0.008999963516623714
TOKYOTECH_s01,104,31,105.03333333333333,-0.8429465293884277,-0.20267227616672212
TOKYOTECH_s01,104,32,105.06666666666666,0.33876118063926697,-0.35726456539755996
TOKYOTECH_s01,104,33,105.1,1.6643528938293457,-0.468257715974415
TOKYOTECH_s01,104,34,105.13333333333334,1.9493252038955688,-0.5567197136878556
TOKYOTECH_s01,104,35,105.16666666666667,1.3715839385986328,-0.6343813602842381
TOKYOTECH_s01,104,36,105.2,0.852435827255249,-0.6925508858117855
TOKYOTECH_s01,104,37,105.23333333333333,0.34931424260139465,-0.7016779930215407
TOKYOTECH_s01,104,38,105.26666666666667,-0.02650107815861702,-0.622269326826409
TOKYOTECH_s01,104,39,105.3,-0.06119232997298241,-0.423466371436242
TOKYOTECH_s01,104,40,105.33333333333333,0.10659362375736237,-0.10219174323917041
TOKYOTECH_s01,104,41,105.36666666666666,0.2301984429359436,0.3055541772317365
TOKYOTECH_s01,104,42,105.4,0.03791990876197815,0.7279325516857432
TOKYOTECH_s01,104,43,105.43333333333334,-0.17723673582077026,1.076216860567088
TOKYOTECH_s01,104,44,105.46666666666667,-0.34336885809898376,1.2728220736122204
TOKYOTECH_s01,104,45,105.5,-0.7750603556632996,1.276561821941398
TOKYOTECH_s01,104,46,105.53333333333333,-0.9261109828948975,1.094558222826933
TOKYOTECH_s01,104,47,105.56666666666666,-0.892955482006073,0.7767371190205655
TOKYOTECH_s01,104,48,105.6,-1.0663723945617676,0.3964841727306304
TOKYOTECH_s01,104,49,105.63333333333334,-0.9559588432312012,0.026112982601198573
TOKYOTECH_s01,104,50,105.66666666666667,-0.22181165218353271,-0.28353696052352206
TOKYOTECH_s01,104,51,105.7,1.0896437168121338,-0.5130222652604111
TOKYOTECH_s01,104,52,105.73333333333333,2.0298514366149902,-0.6718716594794404
TOKYOTECH_s01,104,53,105.76666666666667,1.7748057842254639,-0.78605720099896
TOKYOTECH_s01,104,54,105.8,1.0667262077331543,-0.8803321182744969
TOKYOTECH_s01,104,55,105.83333333333333,0.6100302338600159,-0.9618798810449566
TOKYOTECH_s01,104,56,105.86666666666666,0.38290295004844666,-1.0119719244347163
TOKYOTECH_s01,104,57,105.9,0.0007085185497999191,-0.9903123043348956
TOKYOTECH_s01,104,58,105.93333333333334,0.08505433052778244,-0.8519666748530881
TOKYOTECH_s01,104,59,105.96666666666667,0.4877248704433441,-0.5709204257602604
TOKYOTECH_s01,104,60,106.0,0.22314992547035217,-0.1601855237625245
TOKYOTECH_s01,104,61,106.03333333333333,-0.05654582753777504,0.3216644303559505
TOKYOTECH_s01,104,62,106.06666666666666,-0.18778981268405914,0.782739616075833
TOKYOTECH_s01,104,63,106.1,-0.6403905153274536,1.1255583308496222
TOKYOTECH_s01,104,64,106.13333333333334,-0.8169969916343689,1.2786471641724704
TOKYOTECH_s01,104,65,106.16666666666667,-0.9908469915390015,1.2179088313080564
TOKYOTECH_s01,104,66,106.2,-1.0805481672286987,0.9694648802575584
TOKYOTECH_s01,104,67,106.23333333333333,-0.9645037055015564,0.5954031136648165
TOKYOTECH_s01,104,68,106.26666666666667,-1.0084879398345947,0.17102663682598934
TOKYOTECH_s01,104,69,106.3,-0.24878497421741486,-0.23616833039952387
TOKYOTECH_s01,104,70,106.33333333333333,1.0614889860153198,-0.5788676932486198
TOKYOTECH_s01,104,71,106.36666666666666,1.8128440380096436,-0.8320110298010245
TOKYOTECH_s01,104,72,106.4,1.6967209577560425,-0.9870642531343415
TOKYOTECH_s01,104,73,106.43333333333334,1.1312652826309204,-1.0430642887939203
TOKYOTECH_s01,104,74,106.46666666666667,0.6126291155815125,-0.9992432878720375
TOKYOTECH_s01,104,75,106.5,0.25445476174354553,-0.8527354874141332
TOKYOTECH_s01,104,76,106.53333333333333,-0.03988930210471153,-0.6023926204258677
TOKYOTECH_s01,104,77,106.56666666666666,-0.1028139591217041,-0.25672681344521275
TOKYOTECH_s01,104,78,106.6,0.1540430635213852,0.15845329238822387
TOKYOTECH_s01,104,79,106.63333333333334,0.30694445967674255,0.5975315261011199
TOKYOTECH_s01,104,80,106.66666666666667,-0.040873732417821884,1.0002503016935658
TOKYOTECH_s01,104,81,106.7,-0.4036552309989929,1.3036459478533737
TOKYOTECH_s01,104,82,106.73333333333333,-0.5297014117240906,1.4571092807348929
TOKYOTECH_s01,104,83,106.76666666666667,-0.7755328416824341,1.435605564472066
TOKYOTECH_s01,104,84,106.8,-0.9695045948028564,1.2462742621189664
TOKYOTECH_s01,104,85,106.83333333333333,-1.0434154272079468,0.9256035899301038
TOKYOTECH_s01,104,86,106.86666666666666,-0.9624167084693909,0.5278711975084914
TOKYOTECH_s01,104,87,106.9,-0.8791340589523315,0.10909587145502933
TOKYOTECH_s01,104,88,106.93333333333334,-0.35888344049453735,-0.28736877889782186
TOKYOTECH_s01,104,89,106.96666666666667,1.0273884534835815,-0.638161101959232
TOKYOTECH_s01,104,90,107.0,1.9679505825042725,-0.9377553727720819
TOKYOTECH_s01,104,91,107.03333333333333,1.6460425853729248,-1.1883823875600528
TOKYOTECH_s01,104,92,107.06666666666666,1.059283971786499,-1.3868151474259056
TOKYOTECH_s01,104,93,107.1,0.5615963935852051,-1.514340239729239
TOKYOTECH_s01,104,94,107.13333333333334,0.17144775390625,-1.535586715670482
TOKYOTECH_s01,104,95,107.16666666666667,-0.12730653584003448,-1.408772343246271
TOKYOTECH_s01,104,96,107.2,-0.15664249658584595,-1.1048981645091902
TOKYOTECH_s01,104,97,107.23333333333333,0.07308368384838104,-0.6283171680633394
TOKYOTECH_s01,104,98,107.26666666666667,0.17861439287662506,-0.028519751724128982
TOKYOTECH_s01,104,99,107.3,-0.10560973733663559,0.6046711006356263
TOKYOTECH_s01,104,100,107.33333333333333,-0.4470488429069519,1.1629627111334109
TOKYOTECH_s01,104,101,107.36666666666666,-0.7009131908416748,1.5504289779053428
TOKYOTECH_s01,104,102,107.4,-1.0337680578231812,1.7104436108022723
TOKYOTECH_s01,104,103,107.43333333333334,-0.9977774024009705,1.6378314642238319
TOKYOTECH_s01,104,104,107.46666666666667,-1.075626015663147,1.3732041743053947
TOKYOTECH_s01,104,105,107.5,-1.2658963203430176,0.9845449490214089
TOKYOTECH_s01,104,106,107.53333333333333,-1.0307360887527466,0.544512014676759
TOKYOTECH_s01,104,107,107.56666666666666,-0.44472557306289673,0.11125349831225856
TOKYOTECH_s01,104,108,107.6,1.0145121812820435,-0.28162143209148993
TOKYOTECH_s01,104,109,107.63333333333334,2.1252622604370117,-0.6234429798734229
TOKYOTECH_s01,104,110,107.66666666666667,1.612965703010559,-0.9150720258784425
TOKYOTECH_s01,104,111,107.7,0.862240731716156,-1.1535035024398128
TOKYOTECH_s01,104,112,107.73333333333333,0.6549595594406128,-1.3201509055866762
TOKYOTECH_s01,104,113,107.76666666666667,-0.008781369775533676,-1.379180782091469
TOKYOTECH_s01,104,114,107.8,-0.37636688351631165,-1.2880877626320588
TOKYOTECH_s01,104,115,107.83333333333333,-0.002284143352881074,-1.0172619018753795
TOKYOTECH_s01,104,116,107.86666666666666,0.16987267136573792,-0.5707271097209804
TOKYOTECH_s01,104,117,107.9,0.24972949922084808,0.0018114903592834643
TOKYOTECH_s01,104,118,107.93333333333334,-0.01996447518467903,0.6096233639728894
TOKYOTECH_s01,104,119,107.96666666666667,-0.38369104266166687,1.1435130153667088
TOKYOTECH_s01,104,120,108.0,-0.5919566750526428,1.5077890049475993
TOKYOTECH_s01,104,121,108.03333333333333,-0.850703775882721,1.6475119367999191
TOKYOTECH_s01,104,122,108.06666666666666,-0.8420802354812622,1.5601426718532354
TOKYOTECH_s01,104,123,108.1,-0.9334745407104492,1.2891975915298124
TOKYOTECH_s01,104,124,108.13333333333334,-0.9562345147132874,0.9048308577576352
TOKYOTECH_s01,104,125,108.16666666666667,-0.8272350430488586,0.47982171990981826
TOKYOTECH_s01,104,126,108.2,-0.09025265276432037,0.06949553897104638
TOKYOTECH_s01,104,127,108.23333333333333,1.3950921297073364,-0.2983578476086038
TOKYOTECH_s01,104,128,108.26666666666667,1.9353069067001343,-0.6213250559374595
TOKYOTECH_s01,104,129,108.3,1.6447430849075317,-0.9099365623418033
TOKYOTECH_s01,104,130,108.33333333333333,1.0423911809921265,-1.170546587923906
TOKYOTECH_s01,104,131,108.36666666666666,0.5483656525611877,-1.3908835260516457
TOKYOTECH_s01,104,132,108.4,0.12427395582199097,-1.534762837329775
TOKYOTECH_s01,104,133,108.43333333333334,-0.2298445850610733,-1.54932876520079
TOKYOTECH_s01,104,134,108.46666666666667,-0.0502454899251461,-1.3837819234572453
TOKYOTECH_s01,104,135,108.5,0.1806226223707199,-1.0138022955125185
TOKYOTECH_s01,104,136,108.53333333333333,0.07544631510972977,-0.46212970907064516
TOKYOTECH_s01,104,137,108.56666666666666,-0.07083972543478012,0.19500929462807876
TOKYOTECH_s01,104,138,108.6,-0.4448830783367157,0.842058914099648
TOKYOTECH_s01,104,139,108.63333333333334,-0.7652554512023926,1.3565154451163894
TOKYOTECH_s01,104,140,108.66666666666667,-1.0390839576721191,1.6468198495648998
TOKYOTECH_s01,104,141,108.7,-1.0054165124893188,1.678898763537534
TOKYOTECH_s01,104,142,108.73333333333333,-1.1380780935287476,1.4809167920979915
TOKYOTECH_s01,104,143,108.76666666666667,-1.1322503089904785,1.1270802881176498
TOKYOTECH_s01,104,144,108.8,-1.0420372486114502,0.7092895040750118
TOKYOTECH_s01,104,145,108.83333333333333,-0.10958682745695114,0.3078475701093502
TOKYOTECH_s01,104,146,108.86666666666666,1.347681999206543,-0.02917872931696472
TOKYOTECH_s01,104,147,108.9,2.011422872543335,-0.29230146856932937
TOKYOTECH_s01,104,148,108.93333333333334,1.4842419624328613,-0.5019204886088026
TOKYOTECH_s01,104,149,108.96666666666667,0.9150848984718323,-0.6886846535200792
TOKYOTECH_s01,104,150,109.0,0.517297089099884,-0.8707676465300282
TOKYOTECH_s01,104,151,109.03333333333333,0.1356145739555359,-1.0374768527883098
TOKYOTECH_s01,104,152,109.06666666666666,-0.15223225951194763,-1.1469451003610378
TOKYOTECH_s01,104,153,109.1,-0.06272803992033005,-1.1404801183354458
TOKYOTECH_s01,104,154,109.13333333333334,0.25008389353752136,-0.9687875019610207
TOKYOTECH_s01,104,155,109.16666666666667,0.306235671043396,-0.6190910085414635
TOKYOTECH_s01,104,156,109.2,-0.07430491596460342,-0.13054874194529364
TOKYOTECH_s01,104,157,109.23333333333333,-0.1962558925151825,0.41039696321596436
TOKYOTECH_s01,104,158,109.26666666666667,-0.5743551254272461,0.8943952489613464
TOKYOTECH_s01,104,159,109.3,-0.8784253001213074,1.2237100442594528
TOKYOTECH_s01,104,160,109.33333333333333,-0.9095332622528076,1.342214943104766
TOKYOTECH_s01,104,161,109.36666666666666,-0.9374122619628906,1.2485161544302683
TOKYOTECH_s01,104,162,109.4,-0.9148097634315491,0.9888265192414901
TOKYOTECH_s01,104,163,109.43333333333334,-0.8566103577613831,0.6355546640092288
TOKYOTECH_s01,104,164,109.46666666666667,-0.47299835085868835,0.26156172962140956
TOKYOTECH_s01,104,165,109.5,0.8238480687141418,-0.08086490846742232
TOKYOTECH_s01,104,166,109.53333333333333,2.019613265991211,-0.37008981272103975
TOKYOTECH_s01,104,167,109.56666666666666,1.8595846891403198,-0.6117272991694968
TOKYOTECH_s01,104,168,109.6,1.3001538515090942,-0.8237090837040391
TOKYOTECH_s01,104,169,109.63333333333334,0.8145944476127625,-1.0162558565609268
TOKYOTECH_s01,104,170,109.66666666666667,0.39936259388923645,-1.1760384949195142
TOKYOTECH_s01,104,171,109.7,0.06402694433927536,-1.2628415107447497
TOKYOTECH_s01,104,172,109.73333333333333,0.00208671810105443,-1.2216650324973213
TOKYOTECH_s01,104,173,109.76666666666667,0.22937151789665222,-1.00621142447399
TOKYOTECH_s01,104,174,109.8,0.34021812677383423,-0.6045592057884952
TOKYOTECH_s01,104,175,109.83333333333333,-0.01823188178241253,-0.055789092361250986
TOKYOTECH_s01,104,176,109.86666666666666,-0.3175768256187439,0.5519499555789096
TOKYOTECH_s01,104,177,109.9,-0.54883873462677,1.1043569285702186
TOKYOTECH_s01,104,178,109.93333333333334,-0.7903386354446411,1.4963480252966992
TOKYOTECH_s01,104,179,109.96666666666667,-0.9702134132385254,1.6641621278246645
TOKYOTECH_s01,104,180,110.0,-1.115278720855713,1.6009800577036835
TOKYOTECH_s01,104,181,110.03333333333333,-1.055307388305664,1.3518708882830355
TOKYOTECH_s01,104,182,110.06666666666666,-1.0125044584274292,0.9927248367175197
TOKYOTECH_s01,104,183,110.1,-0.9425706267356873,0.6028026946367638
TOKYOTECH_s01,104,184,110.13333333333334,-0.12998418509960175,0.24099125499554275
TOKYOTECH_s01,104,185,110.16666666666667,1.3249220848083496,-0.06697182136252575
TOKYOTECH_s01,104,186,110.2,1.9316842555999756,-0.32734014448408916
TOKYOTECH_s01,104,187,110.23333333333333,1.5273993015289307,-0.5648776067355947
TOKYOTECH_s01,104,188,110.26666666666667,1.120987892150879,-0.802650194178243
TOKYOTECH_s01,104,189,110.3,0.6713404059410095,-1.043068042268601
TOKYOTECH_s01,104,190,110.33333333333333,0.09871819615364075,-1.2580455389269485
TOKYOTECH_s01,104,191,110.36666666666666,-0.10706669092178345,-1.393199376836588
TOKYOTECH_s01,104,192,110.4,0.0745406374335289,-1.3858356223896395
TOKYOTECH_s01,104,193,110.43333333333334,0.4095218777656555,-1.1909118205314877
TOKYOTECH_s01,104,194,110.46666666666667,0.28477513790130615,-0.8052689612101467
TOKYOTECH_s01,104,195,110.5,-0.009568912908434868,-0.27947283746726315
TOKYOTECH_s01,104,196,110.53333333333333,-0.26217320561408997,0.2904055982768286
TOKYOTECH_s01,104,197,110.56666666666666,-0.7430860996246338,0.7907088983274215
TOKYOTECH_s01,104,198,110.6,-0.9770650267601013,1.1266759779643212
TOKYOTECH_s01,104,199,110.63333333333334,-0.9274498224258423,1.2507804310653678
TOKYOTECH_s01,104,200,110.66666666666667,-0.9150460362434387,1.1712197885513458
TOKYOTECH_s01,104,201,110.7,-0.9381997585296631,0.9398222156318168
TOKYOTECH_s01,104,202,110.73333333333333,-0.8353073596954346,0.6275775814480916
TOKYOTECH_s01,104,203,110.76666666666667,-0.7203655242919922,0.2992544120030687
TOKYOTECH_s01,104,204,110.8,0.36856967210769653,-0.003532246455160791
TOKYOTECH_s01,104,205,110.83333333333333,1.7391694784164429,-0.26640399526510544
TOKYOTECH_s01,104,206,110.86666666666666,1.8342258930206299,-0.4941921752399877
TOKYOTECH_s01,104,207,110.9,1.3463431596755981,-0.6956274970711055
TOKYOTECH_s01,104,208,110.93333333333334,0.8863789439201355,-0.8680520608871116
TOKYOTECH_s01,104,209,110.96666666666667,0.4472845494747162,-0.9893695639873354
TOKYOTECH_s01,104,210,111.0,-0.006024970673024654,-1.0214188603771115
TOKYOTECH_s01,104,211,111.03333333333333,-0.14849142730236053,-0.924179451115657
TOKYOTECH_s01,104,212,111.06666666666666,0.07146922498941422,-0.6755312837958652
TOKYOTECH_s01,104,213,111.1,0.25445476174354553,-0.28810792684029285
TOKYOTECH_s01,104,214,111.13333333333334,0.12431333214044571,0.1855047921790476
TOKYOTECH_s01,104,215,111.16666666666667,-0.19208191335201263,0.6637541151392718
TOKYOTECH_s01,104,216,111.2,-0.48788291215896606,1.0598539654265227
TOKYOTECH_s01,104,217,111.23333333333333,-0.7604907751083374,1.3080790592624418
TOKYOTECH_s01,104,218,111.26666666666667,-0.9501310586929321,1.3815297573502836
TOKYOTECH_s01,104,219,111.3,-1.041564702987671,1.295045624692332
TOKYOTECH_s01,104,220,111.33333333333333,-0.9345377087593079,1.0940043452483603
TOKYOTECH_s01,104,221,111.36666666666666,-1.0312873125076294,0.8351923693278456
TOKYOTECH_s01,104,222,111.4,-0.9452876448631287,0.5675177502397061
TOKYOTECH_s01,104,223,111.43333333333334,-0.1227387860417366,0.31890181070212364
TOKYOTECH_s01,104,224,111.46666666666667,1.4278932809829712,0.09307534955882395
TOKYOTECH_s01,104,225,111.5,2.1091175079345703,-0.12323886372490873
TOKYOTECH_s01,104,226,111.53333333333333,1.714125633239746,-0.3459096297432447
TOKYOTECH_s01,104,227,111.56666666666666,1.237386703491211,-0.5777423604409923
TOKYOTECH_s01,104,228,111.6,0.8009305596351624,-0.7983662269294726
TOKYOTECH_s01,104,229,111.63333333333334,0.39467671513557434,-0.9648115628446555
TOKYOTECH_s01,104,230,111.66666666666667,0.2070053070783615,-1.0242632137134706
TOKYOTECH_s01,104,231,111.7,0.3612455129623413,-0.9356419150776151
TOKYOTECH_s01,104,232,111.73333333333333,0.4873310923576355,-0.6921193930950013
TOKYOTECH_s01,104,233,111.76666666666667,0.31836384534835815,-0.33440851090245627
TOKYOTECH_s01,104,234,111.8,0.00401619728654623,0.05347931717628289
TOKYOTECH_s01,104,235,111.83333333333333,-0.3547094762325287,0.3675648992049418
TOKYOTECH_s01,104,236,111.86666666666666,-0.5900665521621704,0.5183895718203827
TOKYOTECH_s01,104,237,111.9,-0.754505455493927,0.46251511361957964
TOKYOTECH_s01,104,238,111.93333333333334,-0.9483590722084045,0.21842731197979484
TOKYOTECH_s01,104,239,111.96666666666667,-0.9786794781684875,-0.13844258300695736
TOKYOTECH_s01,105,0,105.0,-1.1619406938552856,0.02075440755715815
TOKYOTECH_s01,105,1,105.03333333333333,-0.8429465293884277,0.10057411261178038
TOKYOTECH_s01,105,2,105.06666666666666,0.33876118063926697,0.15671750184387406
TOKYOTECH_s01,105,3,105.1,1.6643528938293457,0.16996352862863057
TOKYOTECH_s01,105,4,105.13333333333334,1.9493252038955688,0.12971142601053043
TOKYOTECH_s01,105,5,105.16666666666667,1.3715839385986328,0.03867154513517291
TOKYOTECH_s01,105,6,105.2,0.852435827255249,-0.08406756598275102
TOKYOTECH_s01,105,7,105.23333333333333,0.34931424260139465,-0.20413153295456216
TOKYOTECH_s01,105,8,105.26666666666667,-0.02650107815861702,-0.27888590154182774
TOKYOTECH_s01,105,9,105.3,-0.06119232997298241,-0.2699804748886962
TOKYOTECH_s01,105,10,105.33333333333333,0.10659362375736237,-0.15815617324489525
TOKYOTECH_s01,105,11,105.36666666666666,0.2301984429359436,0.045413102262685426
TOKYOTECH_s01,105,12,105.4,0.03791990876197815,0.2975767839352952
TOKYOTECH_s01,105,13,105.43333333333334,-0.17723673582077026,0.5346464331191012
TOKYOTECH_s01,105,14,105.46666666666667,-0.34336885809898376,0.6934197554804961
TOKYOTECH_s01,105,15,105.5,-0.7750603556632996,0.7327585648760733
TOKYOTECH_s01,105,16,105.53333333333333,-0.9261109828948975,0.6462573386629495
TOKYOTECH_s01,105,17,105.56666666666666,-0.892955482006073,0.46120471112082667
TOKYOTECH_s01,105,18,105.6,-1.0663723945617676,0.22566983958851333
TOKYOTECH_s01,105,19,105.63333333333334,-0.9559588432312012,-0.009660459216870292
TOKYOTECH_s01,105,20,105.66666666666667,-0.22181165218353271,-0.2075132709687467
TOKYOTECH_s01,105,21,105.7,1.0896437168121338,-0.3528295115209664
TOKYOTECH_s01,105,22,105.73333333333333,2.0298514366149902,-0.452367297697353
TOKYOTECH_s01,105,23,105.76666666666667,1.7748057842254639,-0.5260876471121537
TOKYOTECH_s01,105,24,105.8,1.0667262077331543,-0.5937528897831198
TOKYOTECH_s01,105,25,105.83333333333333,0.6100302338600159,-0.6617998382002278
TOKYOTECH_s01,105,26,105.86666666666666,0.38290295004844666,-0.715897528694371
TOKYOTECH_s01,105,27,105.9,0.0007085185497999191,-0.7231257051618709
TOKYOTECH_s01,105,28,105.93333333333334,0.08505433052778244,-0.6443278758947333
TOKYOTECH_s01,105,29,105.96666666666667,0.4877248704433441,-0.4527626348011968
TOKYOTECH_s01,105,30,106.0,0.22314992547035217,-0.15142689883614763
TOKYOTECH_s01,105,31,106.03333333333333,-0.05654582753777504,0.21948137227906356
TOKYOTECH_s01,105,32,106.06666666666666,-0.18778981268405914,0.5901884079056663
TOKYOTECH_s01,105,33,106.1,-0.6403905153274536,0.8823385320127707
TOKYOTECH_s01,105,34,106.13333333333334,-0.8169969916343689,1.0341972744081462
TOKYOTECH_s01,105,35,106.16666666666667,-0.9908469915390015,1.0183717086550483
TOKYOTECH_s01,105,36,106.2,-1.0805481672286987,0.8453300676397637
TOKYOTECH_s01,105,37,106.23333333333333,-0.9645037055015564,0.5541603746435114
TOKYOTECH_s01,105,38,106.26666666666667,-1.0084879398345947,0.19734152078050546
TOKYOTECH_s01,105,39,106.3,-0.24878497421741486,-0.17311358384807232
TOKYOTECH_s01,105,40,106.33333333333333,1.0614889860153198,-0.5136743054253048
TOKYOTECH_s01,105,41,106.36666666666666,1.8128440380096436,-0.7909681963439603
TOKYOTECH_s01,105,42,106.4,1.6967209577560425,-0.9795379958435659
TOKYOTECH_s01,105,43,106.43333333333334,1.1312652826309204,-1.0592507955273618
TOKYOTECH_s01,105,44,106.46666666666667,0.6126291155815125,-1.0154164903637164
TOKYOTECH_s01,105,45,106.5,0.25445476174354553,-0.8426179109378186
TOKYOTECH_s01,105,46,106.53333333333333,-0.03988930210471153,-0.5504050479741518
TOKYOTECH_s01,105,47,106.56666666666666,-0.1028139591217041,-0.1671779053416802
TOKYOTECH_s01,105,48,106.6,0.1540430635213852,0.26086648173125104
TOKYOTECH_s01,105,49,106.63333333333334,0.30694445967674255,0.6764238602300308
TOKYOTECH_s01,105,50,106.66666666666667,-0.040873732417821884,1.0214539024594531
TOKYOTECH_s01,105,51,106.7,-0.4036552309989929,1.248035652590574
TOKYOTECH_s01,105,52,106.73333333333333,-0.5297014117240906,1.3271399971066895
TOKYOTECH_s01,105,53,106.76666666666667,-0.7755328416824341,1.253792381021387
TOKYOTECH_s01,105,54,106.8,-0.9695045948028564,1.0473189857559677
TOKYOTECH_s01,105,55,106.83333333333333,-1.0434154272079468,0.7457353229361452
TOKYOTECH_s01,105,56,106.86666666666666,-0.9624167084693909,0.39507715004445393
TOKYOTECH_s01,105,57,106.9,-0.8791340589523315,0.03698673182844255
TOKYOTECH_s01,105,58,106.93333333333334,-0.35888344049453735,-0.300537951339019
TOKYOTECH_s01,105,59,106.96666666666667,1.0273884534835815,-0.605179156627264
TOKYOTECH_s01,105,60,107.0,1.9679505825042725,-0.8744777756867621
TOKYOTECH_s01,105,61,107.03333333333333,1.6460425853729248,-1.1053601466504592
TOKYOTECH_s01,105,62,107.06666666666666,1.059283971786499,-1.2842255892751997
TOKYOTECH_s01,105,63,107.1,0.5615963935852051,-1.3826105170767937
TOKYOTECH_s01,105,64,107.13333333333334,0.17144775390625,-1.361625552441452
TOKYOTECH_s01,105,65,107.16666666666667,-0.12730653584003448,-1.1852108359043034
TOKYOTECH_s01,105,66,107.2,-0.15664249658584595,-0.8383015404351127
TOKYOTECH_s01,105,67,107.23333333333333,0.07308368384838104,-0.34256092276115885
TOKYOTECH_s01,105,68,107.26666666666667,0.17861439287662506,0.23867158790618323
TOKYOTECH_s01,105,69,107.3,-0.10560973733663559,0.8112508856551212
TOKYOTECH_s01,105,70,107.33333333333333,-0.4470488429069519,1.2746418948659306
TOKYOTECH_s01,105,71,107.36666666666666,-0.7009131908416748,1.5504337281259943
TOKYOTECH_s01,105,72,107.4,-1.0337680578231812,1.603083908074832
TOKYOTECH_s01,105,73,107.43333333333334,-0.9977774024009705,1.4448944561155572
TOKYOTECH_s01,105,74,107.46666666666667,-1.075626015663147,1.1252211306577777
TOKYOTECH_s01,105,75,107.5,-1.2658963203430176,0.7108132415584876
TOKYOTECH_s01,105,76,107.53333333333333,-1.0307360887527466,0.26598433555379175
TOKYOTECH_s01,105,77,107.56666666666666,-0.44472557306289673,-0.16095754325369735
TOKYOTECH_s01,105,78,107.6,1.0145121812820435,-0.5420034599016
TOKYOTECH_s01,105,79,107.63333333333334,2.1252622604370117,-0.8647960217962201
TOKYOTECH_s01,105,80,107.66666666666667,1.612965703010559,-1.1223803299991684
TOKYOTECH_s01,105,81,107.7,0.862240731716156,-1.30266708275825
TOKYOTECH_s01,105,82,107.73333333333333,0.6549595594406128,-1.383083849249275
TOKYOTECH_s01,105,83,107.76666666666667,-0.008781369775533676,-1.333836522469317
TOKYOTECH_s01,105,84,107.8,-0.37636688351631165,-1.1294045717456551
TOKYOTECH_s01,105,85,107.83333333333333,-0.002284143352881074,-0.7639887248085468
TOKYOTECH_s01,105,86,107.86666666666666,0.16987267136573792,-0.26432182801618637
TOKYOTECH_s01,105,87,107.9,0.24972949922084808,0.30681374432357866
TOKYOTECH_s01,105,88,107.93333333333334,-0.01996447518467903,0.8605491413014135
TOKYOTECH_s01,105,89,107.96666666666667,-0.38369104266166687,1.303967871133663
TOKYOTECH_s01,105,90,108.0,-0.5919566750526428,1.5657839524408697
TOKYOTECH_s01,105,91,108.03333333333333,-0.850703775882721,1.6143932353159536
TOKYOTECH_s01,105,92,108.06666666666666,-0.8420802354812622,1.4617062415811655
TOKYOTECH_s01,105,93,108.1,-0.9334745407104492,1.1537770510484542
TOKYOTECH_s01,105,94,108.13333333333334,-0.9562345147132874,0.7537750662150524
TOKYOTECH_s01,105,95,108.16666666666667,-0.8272350430488586,0.3237328726929316
TOKYOTECH_s01,105,96,108.2,-0.09025265276432037,-0.0893083581700204
TOKYOTECH_s01,105,97,108.23333333333333,1.3950921297073364,-0.4590251710977764
TOKYOTECH_s01,105,98,108.26666666666667,1.9353069067001343,-0.7765757586339977
TOKYOTECH_s01,105,99,108.3,1.6447430849075317,-1.040732256972588
TOKYOTECH_s01,105,100,108.33333333333333,1.0423911809921265,-1.2461147995711246
TOKYOTECH_s01,105,101,108.36666666666666,0.5483656525611877,-1.375072984155438
TOKYOTECH_s01,105,102,108.4,0.12427395582199097,-1.397562337475665
TOKYOTECH_s01,105,103,108.43333333333334,-0.2298445850610733,-1.2803183054271836
TOKYOTECH_s01,105,104,108.46666666666667,-0.0502454899251461,-1.0026144588572916
TOKYOTECH_s01,105,105,108.5,0.1806226223707199,-0.5724556176980948
TOKYOTECH_s01,105,106,108.53333333333333,0.07544631510972977,-0.03576052524284156
TOKYOTECH_s01,105,107,108.56666666666666,-0.07083972543478012,0.5272412081521841
TOKYOTECH_s01,105,108,108.6,-0.4448830783367157,1.0196532844325212
TOKYOTECH_s01,105,109,108.63333333333334,-0.7652554512023926,1.3545920630599917
TOKYOTECH_s01,105,110,108.66666666666667,-1.0390839576721191,1.4805296679236302
TOKYOTECH_s01,105,111,108.7,-1.0054165124893188,1.3945358780249324
TOKYOTECH_s01,105,112,108.73333333333333,-1.1380780935287476,1.1386580459355493
TOKYOTECH_s01,105,113,108.76666666666667,-1.1322503089904785,0.7826093856292291
TOKYOTECH_s01,105,114,108.8,-1.0420372486114502,0.40053647600287795
TOKYOTECH_s01,105,115,108.83333333333333,-0.10958682745695114,0.050167994202346584
TOKYOTECH_s01,105,116,108.86666666666666,1.347681999206543,-0.23927598377610604
TOKYOTECH_s01,105,117,108.9,2.011422872543335,-0.46739779715871604
TOKYOTECH_s01,105,118,108.93333333333334,1.4842419624328613,-0.6521766557132743
TOKYOTECH_s01,105,119,108.96666666666667,0.9150848984718323,-0.8132925674899989
TOKYOTECH_s01,105,120,109.0,0.517297089099884,-0.9557310343582837
TOKYOTECH_s01,105,121,109.03333333333333,0.1356145739555359,-1.0603834714098286
TOKYOTECH_s01,105,122,109.06666666666666,-0.15223225951194763,-1.0866389597005741
TOKYOTECH_s01,105,123,109.1,-0.06272803992033005,-0.9877893460292871
TOKYOTECH_s01,105,124,109.13333333333334,0.25008389353752136,-0.734058703344717
TOKYOTECH_s01,105,125,109.16666666666667,0.306235671043396,-0.33318708584332857
TOKYOTECH_s01,105,126,109.2,-0.07430491596460342,0.16197007349625656
TOKYOTECH_s01,105,127,109.23333333333333,-0.1962558925151825,0.6641679353396608
TOKYOTECH_s01,105,128,109.26666666666667,-0.5743551254272461,1.077257415623282
TOKYOTECH_s01,105,129,109.3,-0.8784253001213074,1.3255261277668586
TOKYOTECH_s01,105,130,109.33333333333333,-0.9095332622528076,1.3747464170749637
TOKYOTECH_s01,105,131,109.36666666666666,-0.9374122619628906,1.2375342704360117
TOKYOTECH_s01,105,132,109.4,-0.9148097634315491,0.9630572042924584
TOKYOTECH_s01,105,133,109.43333333333334,-0.8566103577613831,0.6171335394125281
TOKYOTECH_s01,105,134,109.46666666666667,-0.47299835085868835,0.2608135202585878
TOKYOTECH_s01,105,135,109.5,0.8238480687141418,-0.0656290389456025
TOKYOTECH_s01,105,136,109.53333333333333,2.019613265991211,-0.348838315153825
TOKYOTECH_s01,105,137,109.56666666666666,1.8595846891403198,-0.5972877243340342
TOKYOTECH_s01,105,138,109.6,1.3001538515090942,-0.8271697072311545
TOKYOTECH_s01,105,139,109.63333333333334,0.8145944476127625,-1.044896618468227
TOKYOTECH_s01,105,140,109.66666666666667,0.39936259388923645,-1.2339017161915813
TOKYOTECH_s01,105,141,109.7,0.06402694433927536,-1.3525447842489269
TOKYOTECH_s01,105,142,109.73333333333333,0.00208671810105443,-1.3456290510366968
TOKYOTECH_s01,105,143,109.76666666666667,0.22937151789665222,-1.1661644559314264
TOKYOTECH_s01,105,144,109.8,0.34021812677383423,-0.7991856756198452
TOKYOTECH_s01,105,145,109.83333333333333,-0.01823188178241253,-0.27727629852987457
TOKYOTECH_s01,105,146,109.86666666666666,-0.3175768256187439,0.3208666616963258
TOKYOTECH_s01,105,147,109.9,-0.54883873462677,0.8907894053466398
TOKYOTECH_s01,105,148,109.93333333333334,-0.7903386354446411,1.3336416025739541
TOKYOTECH_s01,105,149,109.96666666666667,-0.9702134132385254,1.5844361079976268
TOKYOTECH_s01,105,150,110.0,-1.115278720855713,1.625706532656352
TOKYOTECH_s01,105,151,110.03333333333333,-1.055307388305664,1.4835078389815002
TOKYOTECH_s01,105,152,110.06666666666666,-1.0125044584274292,1.210706217941339
TOKYOTECH_s01,105,153,110.1,-0.9425706267356873,0.8662372573323901
TOKYOTECH_s01,105,154,110.13333333333334,-0.12998418509960175,0.49801067114510694
TOKYOTECH_s01,105,155,110.16666666666667,1.3249220848083496,0.13386964349939245
TOKYOTECH_s01,105,156,110.2,1.9316842555999756,-0.21793067043524766
TOKYOTECH_s01,105,157,110.23333333333333,1.5273993015289307,-0.5597455425008557
TOKYOTECH_s01,105,158,110.26666666666667,1.120987892150879,-0.8907350331226989
TOKYOTECH_s01,105,159,110.3,0.6713404059410095,-1.1940324283964716
TOKYOTECH_s01,105,160,110.33333333333333,0.09871819615364075,-1.4310445364916224
TOKYOTECH_s01,105,161,110.36666666666666,-0.10706669092178345,-1.546912038640814
TOKYOTECH_s01,105,162,110.4,0.0745406374335289,-1.4868950803885537
TOKYOTECH_s01,105,163,110.43333333333334,0.4095218777656555,-1.218703815572263
TOKYOTECH_s01,105,164,110.46666666666667,0.28477513790130615,-0.7524738341058186
TOKYOTECH_s01,105,165,110.5,-0.009568912908434868,-0.14922657131323555
TOKYOTECH_s01,105,166,110.53333333333333,-0.26217320561408997,0.4888336223936626
TOKYOTECH_s01,105,167,110.56666666666666,-0.7430860996246338,1.04563980082352
TOKYOTECH_s01,105,168,110.6,-0.9770650267601013,1.4257038804618605
TOKYOTECH_s01,105,169,110.63333333333334,-0.9274498224258423,1.580074613028036
TOKYOTECH_s01,105,170,110.66666666666667,-0.9150460362434387,1.513190993186381
TOKYOTECH_s01,105,171,110.7,-0.9381997585296631,1.2706626020639404
TOKYOTECH_s01,105,172,110.73333333333333,-0.8353073596954346,0.9165058186173575
TOKYOTECH_s01,105,173,110.76666666666667,-0.7203655242919922,0.5109205052616215
TOKYOTECH_s01,105,174,110.8,0.36856967210769653,0.09669998706287619
TOKYOTECH_s01,105,175,110.83333333333333,1.7391694784164429,-0.3030193693714228
TOKYOTECH_s01,105,176,110.86666666666666,1.8342258930206299,-0.6775068431487373
TOKYOTECH_s01,105,177,110.9,1.3463431596755981,-1.0163353269496511
TOKYOTECH_s01,105,178,110.93333333333334,0.8863789439201355,-1.2983999921737281
TOKYOTECH_s01,105,179,110.96666666666667,0.4472845494747162,-1.487588046445681
TOKYOTECH_s01,105,180,111.0,-0.006024970673024654,-1.5382148086797602
TOKYOTECH_s01,105,181,111.03333333333333,-0.14849142730236053,-1.4095365842904628
TOKYOTECH_s01,105,182,111.06666666666666,0.07146922498941422,-1.0846055091958713
TOKYOTECH_s01,105,183,111.1,0.25445476174354553,-0.585783474808676
TOKYOTECH_s01,105,184,111.13333333333334,0.12431333214044571,0.021121653795231708
TOKYOTECH_s01,105,185,111.16666666666667,-0.19208191335201263,0.6384884801030972
TOKYOTECH_s01,105,186,111.2,-0.48788291215896606,1.1616106188037338
TOKYOTECH_s01,105,187,111.23333333333333,-0.7604907751083374,1.5072290338975403
TOKYOTECH_s01,105,188,111.26666666666667,-0.9501310586929321,1.6345180252560154
TOKYOTECH_s01,105,189,111.3,-1.041564702987671,1.5508342686069008
TOKYOTECH_s01,105,190,111.33333333333333,-0.9345377087593079,1.3018406943061847
TOKYOTECH_s01,105,191,111.36666666666666,-1.0312873125076294,0.9520580254572646
TOKYOTECH_s01,105,192,111.4,-0.9452876448631287,0.5640638698500005
TOKYOTECH_s01,105,193,111.43333333333334,-0.1227387860417366,0.18315916101846935
TOKYOTECH_s01,105,194,111.46666666666667,1.4278932809829712,-0.1684106042535751
TOKYOTECH_s01,105,195,111.5,2.1091175079345703,-0.4868880420986735
TOKYOTECH_s01,105,196,111.53333333333333,1.714125633239746,-0.774892800486373
TOKYOTECH_s01,105,197,111.56666666666666,1.237386703491211,-1.0273860755344326
TOKYOTECH_s01,105,198,111.6,0.8009305596351624,-1.2221883311523254
TOKYOTECH_s01,105,199,111.63333333333334,0.39467671513557434,-1.3199859687480822
TOKYOTECH_s01,105,200,111.66666666666667,0.2070053070783615,-1.2752115112766806
TOKYOTECH_s01,105,201,111.7,0.3612455129623413,-1.054771289168583
TOKYOTECH_s01,105,202,111.73333333333333,0.4873310923576355,-0.6577848304573918
TOKYOTECH_s01,105,203,111.76666666666667,0.31836384534835815,-0.12754233240654736
TOKYOTECH_s01,105,204,111.8,0.00401619728654623,0.45188529759527984
TOKYOTECH_s01,105,205,111.83333333333333,-0.3547094762325287,0.9760944132371686
TOKYOTECH_s01,105,206,111.86666666666666,-0.5900665521621704,1.350543969283444
TOKYOTECH_s01,105,207,111.9,-0.754505455493927,1.5173431699682645
TOKYOTECH_s01,105,208,111.93333333333334,-0.9483590722084045,1.4677101304842295
TOKYOTECH_s01,105,209,111.96666666666667,-0.9786794781684875,1.2370281179021818
TOKYOTECH_s01,105,210,112.0,-0.9841529130935669,0.8872006933486546
TOKYOTECH_s01,105,211,112.03333333333333,-0.9625742435455322,0.4850178842044649
TOKYOTECH_s01,105,212,112.06666666666666,-0.7260358333587646,0.08465828005391716
TOKYOTECH_s01,105,213,112.1,0.4276353716850281,-0.280956198373509
TOKYOTECH_s01,105,214,112.13333333333334,1.7756327390670776,-0.5990636238720777
TOKYOTECH_s01,105,215,112.16666666666667,1.9596813917160034,-0.8685428608812171
TOKYOTECH_s01,105,216,112.2,1.319291114807129,-1.088538324584635
TOKYOTECH_s01,105,217,112.23333333333333,0.7962840795516968,-1.2494549089947107
TOKYOTECH_s01,105,218,112.26666666666667,0.5071377754211426,-1.330307020849611
TOKYOTECH_s01,105,219,112.3,0.10312843322753906,-1.303871392657075
TOKYOTECH_s01,105,220,112.33333333333333,-0.07847888767719269,-1.1481789070656983
TOKYOTECH_s01,105,221,112.36666666666666,0.08529059588909149,-0.8601682627436041
TOKYOTECH_s01,105,222,112.4,0.22090543806552887,-0.4655513027915796
TOKYOTECH_s01,105,223,112.43333333333334,0.054340168833732605,-0.01937313268016588
TOKYOTECH_s01,105,224,112.46666666666667,-0.21976403892040253,0.4049291082073759
TOKYOTECH_s01,105,225,112.5,-0.5228497982025146,0.7349215243673412
TOKYOTECH_s01,105,226,112.53333333333333,-0.8623988032341003,0.9193373436216212
TOKYOTECH_s01,105,227,112.56666666666666,-1.071333885192871,0.9406778971930049
TOKYOTECH_s01,105,228,112.6,-1.0923612117767334,0.816298688584872
TOKYOTECH_s01,105,229,112.63333333333334,-1.0461324453353882,0.589700060114669
TOKYOTECH_s01,105,230,112.66666666666667,-1.0373120307922363,0.31663637961566715
TOKYOTECH_s01,105,231,112.7,-0.8792521953582764,0.05082625720815747
TOKYOTECH_s01,105,232,112.73333333333333,0.09391418844461441,-0.16680768879138838
TOKYOTECH_s01,105,233,112.76666666666667,1.5129084587097168,-0.31300413730412485
TOKYOTECH_s01,105,234,112.8,1.9015607833862305,-0.38109179244032415
TOKYOTECH_s01,105,235,112.83333333333333,1.3926507234573364,-0.3761285734811019
TOKYOTECH_s01,105,236,112.86666666666666,0.96588134765625,-0.30935511193603
TOKYOTECH_s01,105,237,112.9,0.6436976790428162,-0.19435759107398642
TOKYOTECH_s01,105,238,112.93333333333334,0.13919788599014282,-0.04549635268941127
TOKYOTECH_s01,105,239,112.96666666666667,-0.09107957035303116,0.12232862460331229
TOKYOTECH_s01,106,0,106.0,0.22314992547035217,-0.10898622964145291
TOKYOTECH_s01,106,1,106.03333333333333,-0.05654582753777504,-0.0116412935847688
TOKYOTECH_s01,106,2,106.06666666666666,-0.18778981268405914,0.05967018220340836
TOKYOTECH_s01,106,3,106.1,-0.6403905153274536,0.08351961946634977
TOKYOTECH_s01,106,4,106.13333333333334,-0.8169969916343689,0.04924404421195768
TOKYOTECH_s01,106,5,106.16666666666667,-0.9908469915390015,-0.04213200542301234
TOKYOTECH_s01,106,6,106.2,-1.0805481672286987,-0.17996844680481686
TOKYOTECH_s01,106,7,106.23333333333333,-0.9645037055015564,-0.3475006305186475
TOKYOTECH_s01,106,8,106.26666666666667,-1.0084879398345947,-0.5251766559375602
TOKYOTECH_s01,106,9,106.3,-0.24878497421741486,-0.6929693720510909
TOKYOTECH_s01,106,10,106.33333333333333,1.0614889860153198,-0.8313518347563273
TOKYOTECH_s01,106,11,106.36666666666666,1.8128440380096436,-0.9212231569111936
TOKYOTECH_s01,106,12,106.4,1.6967209577560425,-0.9439281761976032
TOKYOTECH_s01,106,13,106.43333333333334,1.1312652826309204,-0.8828879535080821
TOKYOTECH_s01,106,14,106.46666666666667,0.6126291155815125,-0.7275416316531481
TOKYOTECH_s01,106,15,106.5,0.25445476174354553,-0.4786522711847804
TOKYOTECH_s01,106,16,106.53333333333333,-0.03988930210471153,-0.1525836962075258
TOKYOTECH_s01,106,17,106.56666666666666,-0.1028139591217041,0.2180398638855517
TOKYOTECH_s01,106,18,106.6,0.1540430635213852,0.588500284099184
TOKYOTECH_s01,106,19,106.63333333333334,0.30694445967674255,0.910127614693861
TOKYOTECH_s01,106,20,106.66666666666667,-0.040873732417821884,1.1400463216767664
TOKYOTECH_s01,106,21,106.7,-0.4036552309989929,1.2497251154100553
TOKYOTECH_s01,106,22,106.73333333333333,-0.5297014117240906,1.2301103840359209
TOKYOTECH_s01,106,23,106.76666666666667,-0.7755328416824341,1.0922399624348849
TOKYOTECH_s01,106,24,106.8,-0.9695045948028564,0.8633953605214273
TOKYOTECH_s01,106,25,106.83333333333333,-1.0434154272079468,0.5798639150932833
TOKYOTECH_s01,106,26,106.86666666666666,-0.9624167084693909,0.2782038604030433
TOKYOTECH_s01,106,27,106.9,-0.8791340589523315,-0.012573144689676559
TOKYOTECH_s01,106,28,106.93333333333334,-0.35888344049453735,-0.27549854595885004
TOKYOTECH_s01,106,29,106.96666666666667,1.0273884534835815,-0.5052729515791555
TOKYOTECH_s01,106,30,107.0,1.9679505825042725,-0.7031554511698032
TOKYOTECH_s01,106,31,107.03333333333333,1.6460425853729248,-0.8690960384771726
TOKYOTECH_s01,106,32,107.06666666666666,1.059283971786499,-0.9943143241830971
TOKYOTECH_s01,106,33,107.1,0.5615963935852051,-1.0578040306261922
TOKYOTECH_s01,106,34,107.13333333333334,0.17144775390625,-1.029432963065538
TOKYOTECH_s01,106,35,107.16666666666667,-0.12730653584003448,-0.8801965576031506
TOKYOTECH_s01,106,36,107.2,-0.15664249658584595,-0.5969906780024876
TOKYOTECH_s01,106,37,107.23333333333333,0.07308368384838104,-0.196081298170349
TOKYOTECH_s01,106,38,107.26666666666667,0.17861439287662506,0.27192393091407663
TOKYOTECH_s01,106,39,107.3,-0.10560973733663559,0.730354944821865
TOKYOTECH_s01,106,40,107.33333333333333,-0.4470488429069519,1.0965340941923751
TOKYOTECH_s01,106,41,107.36666666666666,-0.7009131908416748,1.3057437216788468
TOKYOTECH_s01,106,42,107.4,-1.0337680578231812,1.3289099439997236
TOKYOTECH_s01,106,43,107.43333333333334,-0.9977774024009705,1.1770135992348099
TOKYOTECH_s01,106,44,107.46666666666667,-1.075626015663147,0.8921286439664478
TOKYOTECH_s01,106,45,107.5,-1.2658963203430176,0.5308863776495354
TOKYOTECH_s01,106,46,107.53333333333333,-1.0307360887527466,0.14759027947224646
TOKYOTECH_s01,106,47,107.56666666666666,-0.44472557306289673,-0.2176525374028361
TOKYOTECH_s01,106,48,107.6,1.0145121812820435,-0.5429040797117124
TOKYOTECH_s01,106,49,107.63333333333334,2.1252622604370117,-0.8201835026272768
TOKYOTECH_s01,106,50,107.66666666666667,1.612965703010559,-1.0456784642989763
TOKYOTECH_s01,106,51,107.7,0.862240731716156,-1.2093065939089778
TOKYOTECH_s01,106,52,107.73333333333333,0.6549595594406128,-1.289081029927313
TOKYOTECH_s01,106,53,107.76666666666667,-0.008781369775533676,-1.2539327141544998
TOKYOTECH_s01,106,54,107.8,-0.37636688351631165,-1.0749891535555933
TOKYOTECH_s01,106,55,107.83333333333333,-0.002284143352881074,-0.7413592279441519
TOKYOTECH_s01,106,56,107.86666666666666,0.16987267136573792,-0.27390220654370606
TOKYOTECH_s01,106,57,107.9,0.24972949922084808,0.2699273612637798
TOKYOTECH_s01,106,58,107.93333333333334,-0.01996447518467903,0.8047964022096752
TOKYOTECH_s01,106,59,107.96666666666667,-0.38369104266166687,1.2388857042641432
TOKYOTECH_s01,106,60,108.0,-0.5919566750526428,1.4999417286259085
TOKYOTECH_s01,106,61,108.03333333333333,-0.850703775882721,1.5546538192404615
TOKYOTECH_s01,106,62,108.06666666666666,-0.8420802354812622,1.413926697360899
TOKYOTECH_s01,106,63,108.1,-0.9334745407104492,1.1239939778704917
TOKYOTECH_s01,106,64,108.13333333333334,-0.9562345147132874,0.748620355745638
TOKYOTECH_s01,106,65,108.16666666666667,-0.8272350430488586,0.3494473608192562
TOKYOTECH_s01,106,66,108.2,-0.09025265276432037,-0.029101151269954537
TOKYOTECH_s01,106,67,108.23333333333333,1.3950921297073364,-0.3660848469673925
TOKYOTECH_s01,106,68,108.26666666666667,1.9353069067001343,-0.6602395306354303
TOKYOTECH_s01,106,69,108.3,1.6447430849075317,-0.9182734282871708
TOKYOTECH_s01,106,70,108.33333333333333,1.0423911809921265,-1.140494566752634
TOKYOTECH_s01,106,71,108.36666666666666,0.5483656525611877,-1.310285339872652
TOKYOTECH_s01,106,72,108.4,0.12427395582199097,-1.392564204162974
TOKYOTECH_s01,106,73,108.43333333333334,-0.2298445850610733,-1.342976117172012
TOKYOTECH_s01,106,74,108.46666666666667,-0.0502454899251461,-1.1254868197692418
TOKYOTECH_s01,106,75,108.5,0.1806226223707199,-0.7324071545369399
TOKYOTECH_s01,106,76,108.53333333333333,0.07544631510972977,-0.19868387500046922
TOKYOTECH_s01,106,77,108.56666666666666,-0.07083972543478012,0.39724741340867503
TOKYOTECH_s01,106,78,108.6,-0.4448830783367157,0.949771205087523
TOKYOTECH_s01,106,79,108.63333333333334,-0.7652554512023926,1.3558398605558761
TOKYOTECH_s01,106,80,108.66666666666667,-1.0390839576721191,1.546371272796389
TOKYOTECH_s01,106,81,108.7,-1.0054165124893188,1.5052231483954224
TOKYOTECH_s01,106,82,108.73333333333333,-1.1380780935287476,1.2684180251150685
TOKYOTECH_s01,106,83,108.76666666666667,-1.1322503089904785,0.9064873427609026
TOKYOTECH_s01,106,84,108.8,-1.0420372486114502,0.4990544603078332
TOKYOTECH_s01,106,85,108.83333333333333,-0.10958682745695114,0.11148816036527204
TOKYOTECH_s01,106,86,108.86666666666666,1.347681999206543,-0.21931174770578618
TOKYOTECH_s01,106,87,108.9,2.011422872543335,-0.48693354378749415
TOKYOTECH_s01,106,88,108.93333333333334,1.4842419624328613,-0.7059827174182383
TOKYOTECH_s01,106,89,108.96666666666667,0.9150848984718323,-0.8951070859690088
TOKYOTECH_s01,106,90,109.0,0.517297089099884,-1.0591811539860354
TOKYOTECH_s01,106,91,109.03333333333333,0.1356145739555359,-1.1783314573696062
TOKYOTECH_s01,106,92,109.06666666666666,-0.15223225951194763,-1.2096926380371442
TOKYOTECH_s01,106,93,109.1,-0.06272803992033005,-1.1030295448145333
TOKYOTECH_s01,106,94,109.13333333333334,0.25008389353752136,-0.8249896501244014
TOKYOTECH_s01,106,95,109.16666666666667,0.306235671043396,-0.3816425080426963
TOKYOTECH_s01,106,96,109.2,-0.07430491596460342,0.17189552167208297
TOKYOTECH_s01,106,97,109.23333333333333,-0.1962558925151825,0.7411114780618203
TOKYOTECH_s01,106,98,109.26666666666667,-0.5743551254272461,1.2183805508742944
TOKYOTECH_s01,106,99,109.3,-0.8784253001213074,1.5151294318703972
TOKYOTECH_s01,106,100,109.33333333333333,-0.9095332622528076,1.5866913580379824
TOKYOTECH_s01,106,101,109.36666666666666,-0.9374122619628906,1.4407517914770376
TOKYOTECH_s01,106,102,109.4,-0.9148097634315491,1.128191385916898
TOKYOTECH_s01,106,103,109.43333333333334,-0.8566103577613831,0.7222151201428747
TOKYOTECH_s01,106,104,109.46666666666667,-0.47299835085868835,0.2945378961375854
TOKYOTECH_s01,106,105,109.5,0.8238480687141418,-0.10339808614549229
TOKYOTECH_s01,106,106,109.53333333333333,2.019613265991211,-0.44869201485971105
TOKYOTECH_s01,106,107,109.56666666666666,1.8595846891403198,-0.7428123738310054
TOKYOTECH_s01,106,108,109.6,1.3001538515090942,-0.9974158472411842
TOKYOTECH_s01,106,109,109.63333333333334,0.8145944476127625,-1.2165668807163414
TOKYOTECH_s01,106,110,109.66666666666667,0.39936259388923645,-1.383691355604367
TOKYOTECH_s01,106,111,109.7,0.06402694433927536,-1.4600496947777954
TOKYOTECH_s01,106,112,109.73333333333333,0.00208671810105443,-1.396572097625405
TOKYOTECH_s01,106,113,109.76666666666667,0.22937151789665222,-1.1549773868753352
TOKYOTECH_s01,106,114,109.8,0.34021812677383423,-0.7299381186782958
TOKYOTECH_s01,106,115,109.83333333333333,-0.01823188178241253,-0.16264723254647592
TOKYOTECH_s01,106,116,109.86666666666666,-0.3175768256187439,0.46202824147462457
TOKYOTECH_s01,106,117,109.9,-0.54883873462677,1.0363771844979304
TOKYOTECH_s01,106,118,109.93333333333334,-0.7903386354446411,1.4609910303925566
TOKYOTECH_s01,106,119,109.96666666666667,-0.9702134132385254,1.6727421156060303
TOKYOTECH_s01,106,120,110.0,-1.115278720855713,1.6585446911125223
TOKYOTECH_s01,106,121,110.03333333333333,-1.055307388305664,1.4516650167363931
TOKYOTECH_s01,106,122,110.06666666666666,-1.0125044584274292,1.1147113080218563
TOKYOTECH_s01,106,123,110.1,-0.9425706267356873,0.7172710067845363
TOKYOTECH_s01,106,124,110.13333333333334,-0.12998418509960175,0.31619379655015833
TOKYOTECH_s01,106,125,110.16666666666667,1.3249220848083496,-0.055793457748447656
TOKYOTECH_s01,106,126,110.2,1.9316842555999756,-0.39050151364714863
TOKYOTECH_s01,106,127,110.23333333333333,1.5273993015289307,-0.6945079096717943
TOKYOTECH_s01,106,128,110.26666666666667,1.120987892150879,-0.973573783844881
TOKYOTECH_s01,106,129,110.3,0.6713404059410095,-1.2180890839886533
TOKYOTECH_s01,106,130,110.33333333333333,0.09871819615364075,-1.396362776020014
TOKYOTECH_s01,106,131,110.36666666666666,-0.10706669092178345,-1.4597793276415816
TOKYOTECH_s01,106,132,110.4,0.0745406374335289,-1.3591491704899734
TOKYOTECH_s01,106,133,110.43333333333334,0.4095218777656555,-1.0667823557969793
TOKYOTECH_s01,106,134,110.46666666666667,0.28477513790130615,-0.5957346625210729
TOKYOTECH_s01,106,135,110.5,-0.009568912908434868,-0.007267958331685992
TOKYOTECH_s01,106,136,110.53333333333333,-0.26217320561408997,0.5994707113263392
TOKYOTECH_s01,106,137,110.56666666666666,-0.7430860996246338,1.1143400574586537
TOKYOTECH_s01,106,138,110.6,-0.9770650267601013,1.449116993162513
TOKYOTECH_s01,106,139,110.63333333333334,-0.9274498224258423,1.5615594919946019
TOKYOTECH_s01,106,140,110.66666666666667,-0.9150460362434387,1.461035843686252
TOKYOTECH_s01,106,141,110.7,-0.9381997585296631,1.1962798091865272
TOKYOTECH_s01,106,142,110.73333333333333,-0.8353073596954346,0.8333027897984522
TOKYOTECH_s01,106,143,110.76666666666667,-0.7203655242919922,0.43348754255526606
TOKYOTECH_s01,106,144,110.8,0.36856967210769653,0.039426984437906355
TOKYOTECH_s01,106,145,110.83333333333333,1.7391694784164429,-0.3283114342979429
TOKYOTECH_s01,106,146,110.86666666666666,1.8342258930206299,-0.6643635840004781
TOKYOTECH_s01,106,147,110.9,1.3463431596755981,-0.9656915037360428
TOKYOTECH_s01,106,148,110.93333333333334,0.8863789439201355,-1.218793122990629
TOKYOTECH_s01,106,149,110.96666666666667,0.4472845494747162,-1.393348508817086
TOKYOTECH_s01,106,150,111.0,-0.006024970673024654,-1.4462448365301852
TOKYOTECH_s01,106,151,111.03333333333333,-0.14849142730236053,-1.3356651136858209
TOKYOTECH_s01,106,152,111.06666666666666,0.07146922498941422,-1.0404118362281065
TOKYOTECH_s01,106,153,111.1,0.25445476174354553,-0.5764342338452182
TOKYOTECH_s01,106,154,111.13333333333334,0.12431333214044571,-0.002177666613726847
TOKYOTECH_s01,106,155,111.16666666666667,-0.19208191335201263,0.5917560687888594
TOKYOTECH_s01,106,156,111.2,-0.48788291215896606,1.1058590158124988
TOKYOTECH_s01,106,157,111.23333333333333,-0.7604907751083374,1.4586788389966945
TOKYOTECH_s01,106,158,111.26666666666667,-0.9501310586929321,1.606860869002808
TOKYOTECH_s01,106,159,111.3,-1.041564702987671,1.5514730820926328
TOKYOTECH_s01,106,160,111.33333333333333,-0.9345377087593079,1.3302619766135797
TOKYOTECH_s01,106,161,111.36666666666666,-1.0312873125076294,1.0008262120057831
TOKYOTECH_s01,106,162,111.4,-0.9452876448631287,0.6215783319440105
TOKYOTECH_s01,106,163,111.43333333333334,-0.1227387860417366,0.23662937720086216
TOKYOTECH_s01,106,164,111.46666666666667,1.4278932809829712,-0.13096134498882386
TOKYOTECH_s01,106,165,111.5,2.1091175079345703,-0.47578625017901
TOKYOTECH_s01,106,166,111.53333333333333,1.714125633239746,-0.7985366168836985
TOKYOTECH_s01,106,167,111.56666666666666,1.237386703491211,-1.091796203314831
TOKYOTECH_s01,106,168,111.6,0.8009305596351624,-1.3301090061571574
TOKYOTECH_s01,106,169,111.63333333333334,0.39467671513557434,-1.469845184752282
TOKYOTECH_s01,106,170,111.66666666666667,0.2070053070783615,-1.460551458602532
TOKYOTECH_s01,106,171,111.7,0.3612455129623413,-1.2645866697865282
TOKYOTECH_s01,106,172,111.73333333333333,0.4873310923576355,-0.87770763804655
TOKYOTECH_s01,106,173,111.76666666666667,0.31836384534835815,-0.3414145926308022
TOKYOTECH_s01,106,174,111.8,0.00401619728654623,0.26044041738425994
TOKYOTECH_s01,106,175,111.83333333333333,-0.3547094762325287,0.8221477751093486
TOKYOTECH_s01,106,176,111.86666666666666,-0.5900665521621704,1.2463469646785932
TOKYOTECH_s01,106,177,111.9,-0.754505455493927,1.4710612172735464
TOKYOTECH_s01,106,178,111.93333333333334,-0.9483590722084045,1.4828112305212138
TOKYOTECH_s01,106,179,111.96666666666667,-0.9786794781684875,1.31251270210539
TOKYOTECH_s01,106,180,112.0,-0.9841529130935669,1.0183878142846083
TOKYOTECH_s01,106,181,112.03333333333333,-0.9625742435455322,0.6642372324979516
TOKYOTECH_s01,106,182,112.06666666666666,-0.7260358333587646,0.30124670183236063
TOKYOTECH_s01,106,183,112.1,0.4276353716850281,-0.041412086007014855
TOKYOTECH_s01,106,184,112.13333333333334,1.7756327390670776,-0.35549309963933756
TOKYOTECH_s01,106,185,112.16666666666667,1.9596813917160034,-0.6438420397031924
TOKYOTECH_s01,106,186,112.2,1.319291114807129,-0.906544204562914
TOKYOTECH_s01,106,187,112.23333333333333,0.7962840795516968,-1.1293778298948896
TOKYOTECH_s01,106,188,112.26666666666667,0.5071377754211426,-1.2802156794988673
TOKYOTECH_s01,106,189,112.3,0.10312843322753906,-1.3160306324183368
TOKYOTECH_s01,106,190,112.33333333333333,-0.07847888767719269,-1.1987517811007198
TOKYOTECH_s01,106,191,112.36666666666666,0.08529059588909149,-0.9140157408285673
TOKYOTECH_s01,106,192,112.4,0.22090543806552887,-0.48467886996520326
TOKYOTECH_s01,106,193,112.43333333333334,0.054340168833732605,0.02788773143485671
TOKYOTECH_s01,106,194,112.46666666666667,-0.21976403892040253,0.5371030138979772
TOKYOTECH_s01,106,195,112.5,-0.5228497982025146,0.9549787700402621
TOKYOTECH_s01,106,196,112.53333333333333,-0.8623988032341003,1.2169252698606636
TOKYOTECH_s01,106,197,112.56666666666666,-1.071333885192871,1.2973923629958588
TOKYOTECH_s01,106,198,112.6,-1.0923612117767334,1.211260547932002
TOKYOTECH_s01,106,199,112.63333333333334,-1.0461324453353882,1.0027648152279136
TOKYOTECH_s01,106,200,112.66666666666667,-1.0373120307922363,0.7278455260710944
TOKYOTECH_s01,106,201,112.7,-0.8792521953582764,0.43657682582849866
TOKYOTECH_s01,106,202,112.73333333333333,0.09391418844461441,0.16113658743819537
TOKYOTECH_s01,106,203,112.76666666666667,1.5129084587097168,-0.08755108228812913
TOKYOTECH_s01,106,204,112.8,1.9015607833862305,-0.31438226866752517
TOKYOTECH_s01,106,205,112.83333333333333,1.3926507234573364,-0.5286778543763522
TOKYOTECH_s01,106,206,112.86666666666666,0.96588134765625,-0.7317019509172287
TOKYOTECH_s01,106,207,112.9,0.6436976790428162,-0.9084250682151805
TOKYOTECH_s01,106,208,112.93333333333334,0.13919788599014282,-1.0274284727414413
TOKYOTECH_s01,106,209,112.96666666666667,-0.09107957035303116,-1.0498380848095927
TOKYOTECH_s01,106,210,113.0,0.06898846477270126,-0.9445160095936261
TOKYOTECH_s01,106,211,113.03333333333333,0.11876115947961807,-0.703802135733285
TOKYOTECH_s01,106,212,113.06666666666666,-0.0011028294684365392,-0.35313298308068264
TOKYOTECH_s01,106,213,113.1,-0.2256312221288681,0.050620112569276926
TOKYOTECH_s01,106,214,113.13333333333334,-0.6119996309280396,0.43338786443011545
TOKYOTECH_s01,106,215,113.16666666666667,-1.011323094367981,0.7264223987145882
TOKYOTECH_s01,106,216,113.2,-1.159696102142334,0.8877210775043324
TOKYOTECH_s01,106,217,113.23333333333333,-1.2373871803283691,0.9126574194890055
TOKYOTECH_s01,106,218,113.26666666666667,-1.3096048831939697,0.8301405701183172
TOKYOTECH_s01,106,219,113.3,-1.3060609102249146,0.6880194566363736
TOKYOTECH_s01,106,220,113.33333333333333,-1.1993489265441895,0.5347545594910983
TOKYOTECH_s01,106,221,113.36666666666666,-0.7652554512023926,0.4037725323570651
TOKYOTECH_s01,106,222,113.4,0.5320635437965393,0.30497720520840177
TOKYOTECH_s01,106,223,113.43333333333334,1.7759870290756226,0.2255327399259145
TOKYOTECH_s01,106,224,113.46666666666667,1.7479112148284912,0.13925221558568596
TOKYOTECH_s01,106,225,113.5,1.1032288074493408,0.021075183952438806
TOKYOTECH_s01,106,226,113.53333333333333,0.5013887286186218,-0.1389334738741148
TOKYOTECH_s01,106,227,113.56666666666666,0.07028790563344955,-0.32763289319182526
TOKYOTECH_s01,106,228,113.6,-0.23271910846233368,-0.5100335335819525
TOKYOTECH_s01,106,229,113.63333333333334,-0.2817436456680298,-0.6394435310812089
TOKYOTECH_s01,106,230,113.66666666666667,-0.08911071717739105,-0.6735423449006002
TOKYOTECH_s01,106,231,113.7,0.09107903391122818,-0.5913103815953842
TOKYOTECH_s01,106,232,113.73333333333333,-0.027918655425310135,-0.40433626506224973
TOKYOTECH_s01,106,233,113.76666666666667,-0.3634905517101288,-0.15686543400849032
TOKYOTECH_s01,106,234,113.8,-0.736431360244751,0.08688105425927975
TOKYOTECH_s01,106,235,113.83333333333333,-0.9613141417503357,0.26358475552968613
TOKYOTECH_s01,106,236,113.86666666666666,-1.020104169845581,0.330859649557415
TOKYOTECH_s01,106,237,113.9,-1.0628284215927124,0.2780456214514137
TOKYOTECH_s01,106,238,113.93333333333334,-1.1031506061553955,0.12552335313790441
TOKYOTECH_s01,106,239,113.96666666666667,-1.0712944269180298,-0.08360626195383938
TOKYOTECH_s01,107,0,107.0,1.9679505825042725,0.05213532907516434
TOKYOTECH_s01,107,1,107.03333333333333,1.6460425853729248,-0.1518350476572743
TOKYOTECH_s01,107,2,107.06666666666666,1.059283971786499,-0.3462378665966994
TOKYOTECH_s01,107,3,107.1,0.5615963935852051,-0.5133832530913397
TOKYOTECH_s01,107,4,107.13333333333334,0.17144775390625,-0.6248914239509866
TOKYOTECH_s01,107,5,107.16666666666667,-0.12730653584003448,-0.6470063977777879
TOKYOTECH_s01,107,6,107.2,-0.15664249658584595,-0.5529322758485008
TOKYOTECH_s01,107,7,107.23333333333333,0.07308368384838104,-0.3375208297065325
TOKYOTECH_s01,107,8,107.26666666666667,0.17861439287662506,-0.02737588496933876
TOKYOTECH_s01,107,9,107.3,-0.10560973733663559,0.31990108087350655
TOKYOTECH_s01,107,10,107.33333333333333,-0.4470488429069519,0.6294217082116631
TOKYOTECH_s01,107,11,107.36666666666666,-0.7009131908416748,0.8315309702352285
TOKYOTECH_s01,107,12,107.4,-1.0337680578231812,0.8838015202417536
TOKYOTECH_s01,107,13,107.43333333333334,-0.9977774024009705,0.7827833716849775
TOKYOTECH_s01,107,14,107.46666666666667,-1.075626015663147,0.5612353529477271
TOKYOTECH_s01,107,15,107.5,-1.2658963203430176,0.27369069341414026
TOKYOTECH_s01,107,16,107.53333333333333,-1.0307360887527466,-0.02272685476070274
TOKYOTECH_s01,107,17,107.56666666666666,-0.44472557306289673,-0.2849564965790315
TOKYOTECH_s01,107,18,107.6,1.0145121812820435,-0.4926925080606362
TOKYOTECH_s01,107,19,107.63333333333334,2.1252622604370117,-0.6468206866771318
TOKYOTECH_s01,107,20,107.66666666666667,1.612965703010559,-0.7590851875718619
TOKYOTECH_s01,107,21,107.7,0.862240731716156,-0.8379406505445719
TOKYOTECH_s01,107,22,107.73333333333333,0.6549595594406128,-0.8774473710428532
TOKYOTECH_s01,107,23,107.76666666666667,-0.008781369775533676,-0.8550587717340957
TOKYOTECH_s01,107,24,107.8,-0.37636688351631165,-0.7401017189922039
TOKYOTECH_s01,107,25,107.83333333333333,-0.002284143352881074,-0.5097426239867558
TOKYOTECH_s01,107,26,107.86666666666666,0.16987267136573792,-0.16573113591172542
TOKYOTECH_s01,107,27,107.9,0.24972949922084808,0.25585505821241766
TOKYOTECH_s01,107,28,107.93333333333334,-0.01996447518467903,0.6879346116031877
TOKYOTECH_s01,107,29,107.96666666666667,-0.38369104266166687,1.0496668652844445
TOKYOTECH_s01,107,30,108.0,-0.5919566750526428,1.271090765875741
TOKYOTECH_s01,107,31,108.03333333333333,-0.850703775882721,1.3143230728925557
TOKYOTECH_s01,107,32,108.06666666666666,-0.8420802354812622,1.182889566330017
TOKYOTECH_s01,107,33,108.1,-0.9334745407104492,0.9170205456775941
TOKYOTECH_s01,107,34,108.13333333333334,-0.9562345147132874,0.5780936215491863
TOKYOTECH_s01,107,35,108.16666666666667,-0.8272350430488586,0.2284141827516045
TOKYOTECH_s01,107,36,108.2,-0.09025265276432037,-0.08649925798191901
TOKYOTECH_s01,107,37,108.23333333333333,1.3950921297073364,-0.3471820077626153
TOKYOTECH_s01,107,38,108.26666666666667,1.9353069067001343,-0.558408072300203
TOKYOTECH_s01,107,39,108.3,1.6447430849075317,-0.7377649828075084
TOKYOTECH_s01,107,40,108.33333333333333,1.0423911809921265,-0.8994579585553177
TOKYOTECH_s01,107,41,108.36666666666666,0.5483656525611877,-1.0399792719278322
TOKYOTECH_s01,107,42,108.4,0.12427395582199097,-1.1320592650239312
TOKYOTECH_s01,107,43,108.43333333333334,-0.2298445850610733,-1.1306831410149973
TOKYOTECH_s01,107,44,108.46666666666667,-0.0502454899251461,-0.9902956752812365
TOKYOTECH_s01,107,45,108.5,0.1806226223707199,-0.6873848218317755
TOKYOTECH_s01,107,46,108.53333333333333,0.07544631510972977,-0.23948302616047754
TOKYOTECH_s01,107,47,108.56666666666666,-0.07083972543478012,0.2886316502429538
TOKYOTECH_s01,107,48,108.6,-0.4448830783367157,0.7973885076849562
TOKYOTECH_s01,107,49,108.63333333333334,-0.7652554512023926,1.1816597099592865
TOKYOTECH_s01,107,50,108.66666666666667,-1.0390839576721191,1.365201083034726
TOKYOTECH_s01,107,51,108.7,-1.0054165124893188,1.3244963284102875
TOKYOTECH_s01,107,52,108.73333333333333,-1.1380780935287476,1.0920895956879568
TOKYOTECH_s01,107,53,108.76666666666667,-1.1322503089904785,0.7402585566030598
TOKYOTECH_s01,107,54,108.8,-1.0420372486114502,0.35368081377385596
TOKYOTECH_s01,107,55,108.83333333333333,-0.10958682745695114,0.0021998860392034953
TOKYOTECH_s01,107,56,108.86666666666666,1.347681999206543,-0.27692180851190795
TOKYOTECH_s01,107,57,108.9,2.011422872543335,-0.48223972834163337
TOKYOTECH_s01,107,58,108.93333333333334,1.4842419624328613,-0.637247396021224
TOKYOTECH_s01,107,59,108.96666666666667,0.9150848984718323,-0.7705870847247903
TOKYOTECH_s01,107,60,109.0,0.517297089099884,-0.8954727522202556
TOKYOTECH_s01,107,61,109.03333333333333,0.1356145739555359,-0.996824162441445
TOKYOTECH_s01,107,62,109.06666666666666,-0.15223225951194763,-1.032256015916026
TOKYOTECH_s01,107,63,109.1,-0.06272803992033005,-0.9480787882464882
TOKYOTECH_s01,107,64,109.13333333333334,0.25008389353752136,-0.7049719031598322
TOKYOTECH_s01,107,65,109.16666666666667,0.306235671043396,-0.3026157430226678
TOKYOTECH_s01,107,66,109.2,-0.07430491596460342,0.20870153108866413
TOKYOTECH_s01,107,67,109.23333333333333,-0.1962558925151825,0.7368056011345384
TOKYOTECH_s01,107,68,109.26666666666667,-0.5743551254272461,1.1745532343871747
TOKYOTECH_s01,107,69,109.3,-0.8784253001213074,1.433826048507465
TOKYOTECH_s01,107,70,109.33333333333333,-0.9095332622528076,1.4722527444919042
TOKYOTECH_s01,107,71,109.36666666666666,-0.9374122619628906,1.3022312059331778
TOKYOTECH_s01,107,72,109.4,-0.9148097634315491,0.980429509766592
TOKYOTECH_s01,107,73,109.43333333333334,-0.8566103577613831,0.5842304387300726
TOKYOTECH_s01,107,74,109.46666666666667,-0.47299835085868835,0.18542604316839711
TOKYOTECH_s01,107,75,109.5,0.8238480687141418,-0.16937466742919394
TOKYOTECH_s01,107,76,109.53333333333333,2.019613265991211,-0.46578452501599926
TOKYOTECH_s01,107,77,109.56666666666666,1.8595846891403198,-0.7149695810134634
TOKYOTECH_s01,107,78,109.6,1.3001538515090942,-0.9366784185311711
TOKYOTECH_s01,107,79,109.63333333333334,0.8145944476127625,-1.1390572261221472
TOKYOTECH_s01,107,80,109.66666666666667,0.39936259388923645,-1.304209579962442
TOKYOTECH_s01,107,81,109.7,0.06402694433927536,-1.3869774043174052
TOKYOTECH_s01,107,82,109.73333333333333,0.00208671810105443,-1.3291752044822749
TOKYOTECH_s01,107,83,109.76666666666667,0.22937151789665222,-1.084756491263827
TOKYOTECH_s01,107,84,109.8,0.34021812677383423,-0.6461557781891707
TOKYOTECH_s01,107,85,109.83333333333333,-0.01823188178241253,-0.059998268081577794
TOKYOTECH_s01,107,86,109.86666666666666,-0.3175768256187439,0.5773405290626074
TOKYOTECH_s01,107,87,109.9,-0.54883873462677,1.1458183723453812
TOKYOTECH_s01,107,88,109.93333333333334,-0.7903386354446411,1.539341725244784
TOKYOTECH_s01,107,89,109.96666666666667,-0.9702134132385254,1.6978571272969802
TOKYOTECH_s01,107,90,110.0,-1.115278720855713,1.6205753276301318
TOKYOTECH_s01,107,91,110.03333333333333,-1.055307388305664,1.3574420834016667
TOKYOTECH_s01,107,92,110.06666666666666,-1.0125044584274292,0.9854725455612093
TOKYOTECH_s01,107,93,110.1,-0.9425706267356873,0.5810038832646192
TOKYOTECH_s01,107,94,110.13333333333334,-0.12998418509960175,0.1979910473273759
TOKYOTECH_s01,107,95,110.16666666666667,1.3249220848083496,-0.14156558074382716
TOKYOTECH_s01,107,96,110.2,1.9316842555999756,-0.44352270800369076
TOKYOTECH_s01,107,97,110.23333333333333,1.5273993015289307,-0.7264705230903411
TOKYOTECH_s01,107,98,110.26666666666667,1.120987892150879,-1.0017957975097471
TOKYOTECH_s01,107,99,110.3,0.6713404059410095,-1.2571201731268509
TOKYOTECH_s01,107,100,110.33333333333333,0.09871819615364075,-1.4506141565154884
TOKYOTECH_s01,107,101,110.36666666666666,-0.10706669092178345,-1.5200651577082767
TOKYOTECH_s01,107,102,110.4,0.0745406374335289,-1.404892589789071
TOKYOTECH_s01,107,103,110.43333333333334,0.4095218777656555,-1.073641264561985
TOKYOTECH_s01,107,104,110.46666666666667,0.28477513790130615,-0.5461143444992221
TOKYOTECH_s01,107,105,110.5,-0.009568912908434868,0.10046370610443724
TOKYOTECH_s01,107,106,110.53333333333333,-0.26217320561408997,0.7473228089509767
TOKYOTECH_s01,107,107,110.56666666666666,-0.7430860996246338,1.2689010550400321
TOKYOTECH_s01,107,108,110.6,-0.9770650267601013,1.572461713841606
TOKYOTECH_s01,107,109,110.63333333333334,-0.9274498224258423,1.6243716913040802
TOKYOTECH_s01,107,110,110.66666666666667,-0.9150460362434387,1.452252884087867
TOKYOTECH_s01,107,111,110.7,-0.9381997585296631,1.1252409226978484
TOKYOTECH_s01,107,112,110.73333333333333,-0.8353073596954346,0.7239716515909377
TOKYOTECH_s01,107,113,110.76666666666667,-0.7203655242919922,0.31392303028654595
TOKYOTECH_s01,107,114,110.8,0.36856967210769653,-0.06850241287589329
TOKYOTECH_s01,107,115,110.83333333333333,1.7391694784164429,-0.41466712638760944
TOKYOTECH_s01,107,116,110.86666666666666,1.8342258930206299,-0.730609533884241
TOKYOTECH_s01,107,117,110.9,1.3463431596755981,-1.019101713914882
TOKYOTECH_s01,107,118,110.93333333333334,0.8863789439201355,-1.264753295830498
TOKYOTECH_s01,107,119,110.96666666666667,0.4472845494747162,-1.4287917956270941
TOKYOTECH_s01,107,120,111.0,-0.006024970673024654,-1.4569462084301474
TOKYOTECH_s01,107,121,111.03333333333333,-0.14849142730236053,-1.2990776808737126
TOKYOTECH_s01,107,122,111.06666666666666,0.07146922498941422,-0.9338716760980187
TOKYOTECH_s01,107,123,111.1,0.25445476174354553,-0.3881936477624414
TOKYOTECH_s01,107,124,111.13333333333334,0.12431333214044571,0.25904771552617045
TOKYOTECH_s01,107,125,111.16666666666667,-0.19208191335201263,0.893225326254933
TOKYOTECH_s01,107,126,111.2,-0.48788291215896606,1.395982514547793
TOKYOTECH_s01,107,127,111.23333333333333,-0.7604907751083374,1.680353971170541
TOKYOTECH_s01,107,128,111.26666666666667,-0.9501310586929321,1.714580130723504
TOKYOTECH_s01,107,129,111.3,-1.041564702987671,1.525476746864431
TOKYOTECH_s01,107,130,111.33333333333333,-0.9345377087593079,1.1818808604088218
TOKYOTECH_s01,107,131,111.36666666666666,-1.0312873125076294,0.7670218884043196
TOKYOTECH_s01,107,132,111.4,-0.9452876448631287,0.3513437873346001
TOKYOTECH_s01,107,133,111.43333333333334,-0.1227387860417366,-0.02498872282449182
TOKYOTECH_s01,107,134,111.46666666666667,1.4278932809829712,-0.355117875670457
TOKYOTECH_s01,107,135,111.5,2.1091175079345703,-0.6543668309864327
TOKYOTECH_s01,107,136,111.53333333333333,1.714125633239746,-0.9401543030538168
TOKYOTECH_s01,107,137,111.56666666666666,1.237386703491211,-1.2115391302837824
TOKYOTECH_s01,107,138,111.6,0.8009305596351624,-1.4375812592441521
TOKYOTECH_s01,107,139,111.63333333333334,0.39467671513557434,-1.5607386854620844
TOKYOTECH_s01,107,140,111.66666666666667,0.2070053070783615,-1.5155640383290112
TOKYOTECH_s01,107,141,111.7,0.3612455129623413,-1.2564324990555247
TOKYOTECH_s01,107,142,111.73333333333333,0.4873310923576355,-0.7836270220475291
TOKYOTECH_s01,107,143,111.76666666666667,0.31836384534835815,-0.15617739770819788
TOKYOTECH_s01,107,144,111.8,0.00401619728654623,0.5168320068863569
TOKYOTECH_s01,107,145,111.83333333333333,-0.3547094762325287,1.106340912717994
TOKYOTECH_s01,107,146,111.86666666666666,-0.5900665521621704,1.5034215493471086
TOKYOTECH_s01,107,147,111.9,-0.754505455493927,1.6517487265192539
TOKYOTECH_s01,107,148,111.93333333333334,-0.9483590722084045,1.5588992921347256
TOKYOTECH_s01,107,149,111.96666666666667,-0.9786794781684875,1.2840284011284673
TOKYOTECH_s01,107,150,112.0,-0.9841529130935669,0.910038023631613
TOKYOTECH_s01,107,151,112.03333333333333,-0.9625742435455322,0.5134144518772689
TOKYOTECH_s01,107,152,112.06666666666666,-0.7260358333587646,0.14328106928404355
TOKYOTECH_s01,107,153,112.1,0.4276353716850281,-0.1845512028284324
TOKYOTECH_s01,107,154,112.13333333333334,1.7756327390670776,-0.47901383128749725
TOKYOTECH_s01,107,155,112.16666666666667,1.9596813917160034,-0.7559663894664276
TOKYOTECH_s01,107,156,112.2,1.319291114807129,-1.019047430009042
TOKYOTECH_s01,107,157,112.23333333333333,0.7962840795516968,-1.2471950729130215
TOKYOTECH_s01,107,158,112.26666666666667,0.5071377754211426,-1.39441346881492
TOKYOTECH_s01,107,159,112.3,0.10312843322753906,-1.4029713328120252
TOKYOTECH_s01,107,160,112.33333333333333,-0.07847888767719269,-1.2260231564338282
TOKYOTECH_s01,107,161,112.36666666666666,0.08529059588909149,-0.8513522205467848
TOKYOTECH_s01,107,162,112.4,0.22090543806552887,-0.31627972667229254
TOKYOTECH_s01,107,163,112.43333333333334,0.054340168833732605,0.29413442076527124
TOKYOTECH_s01,107,164,112.46666666666667,-0.21976403892040253,0.867631981532904
TOKYOTECH_s01,107,165,112.5,-0.5228497982025146,1.2978229933765157
TOKYOTECH_s01,107,166,112.53333333333333,-0.8623988032341003,1.5163823163706236
TOKYOTECH_s01,107,167,112.56666666666666,-1.071333885192871,1.5103267323685867
TOKYOTECH_s01,107,168,112.6,-1.0923612117767334,1.318188555784219
TOKYOTECH_s01,107,169,112.63333333333334,-1.0461324453353882,1.0094446657925888
TOKYOTECH_s01,107,170,112.66666666666667,-1.0373120307922363,0.657667228740815
TOKYOTECH_s01,107,171,112.7,-0.8792521953582764,0.3180748461684134
TOKYOTECH_s01,107,172,112.73333333333333,0.09391418844461441,0.016551103007865327
TOKYOTECH_s01,107,173,112.76666666666667,1.5129084587097168,-0.24797688548920896
TOKYOTECH_s01,107,174,112.8,1.9015607833862305,-0.4907554953676399
TOKYOTECH_s01,107,175,112.83333333333333,1.3926507234573364,-0.7241484813444637
TOKYOTECH_s01,107,176,112.86666666666666,0.96588134765625,-0.943337309084067
TOKYOTECH_s01,107,177,112.9,0.6436976790428162,-1.120554947422884
TOKYOTECH_s01,107,178,112.93333333333334,0.13919788599014282,-1.2107136558833722
TOKYOTECH_s01,107,179,112.96666666666667,-0.09107957035303116,-1.1672461723765934
TOKYOTECH_s01,107,180,113.0,0.06898846477270126,-0.9627686455919724
TOKYOTECH_s01,107,181,113.03333333333333,0.11876115947961807,-0.606434597425559
TOKYOTECH_s01,107,182,113.06666666666666,-0.0011028294684365392,-0.1500367132558663
TOKYOTECH_s01,107,183,113.1,-0.2256312221288681,0.32165847152995647
TOKYOTECH_s01,107,184,113.13333333333334,-0.6119996309280396,0.7149468228238378
TOKYOTECH_s01,107,185,113.16666666666667,-1.011323094367981,0.9573681861917054
TOKYOTECH_s01,107,186,113.2,-1.159696102142334,1.021087167865736
TOKYOTECH_s01,107,187,113.23333333333333,-1.2373871803283691,0.9283723196709067
TOKYOTECH_s01,107,188,113.26666666666667,-1.3096048831939697,0.7373362113761677
TOKYOTECH_s01,107,189,113.3,-1.3060609102249146,0.5161653586805574
TOKYOTECH_s01,107,190,113.33333333333333,-1.1993489265441895,0.317911249400068
TOKYOTECH_s01,107,191,113.36666666666666,-0.7652554512023926,0.1652727386512328
TOKYOTECH_s01,107,192,113.4,0.5320635437965393,0.04924493895389553
TOKYOTECH_s01,107,193,113.43333333333334,1.7759870290756226,-0.05980705727562024
TOKYOTECH_s01,107,194,113.46666666666667,1.7479112148284912,-0.1935874880218816
TOKYOTECH_s01,107,195,113.5,1.1032288074493408,-0.3667496119296593
TOKYOTECH_s01,107,196,113.53333333333333,0.5013887286186218,-0.5648816748276919
TOKYOTECH_s01,107,197,113.56666666666666,0.07028790563344955,-0.7452053086838714
TOKYOTECH_s01,107,198,113.6,-0.23271910846233368,-0.8502176847014118
TOKYOTECH_s01,107,199,113.63333333333334,-0.2817436456680298,-0.8289444576438536
TOKYOTECH_s01,107,200,113.66666666666667,-0.08911071717739105,-0.6579231498542382
TOKYOTECH_s01,107,201,113.7,0.09107903391122818,-0.3542088806578689
TOKYOTECH_s01,107,202,113.73333333333333,-0.027918655425310135,0.025502371458969837
TOKYOTECH_s01,107,203,113.76666666666667,-0.3634905517101288,0.4011699543674836
TOKYOTECH_s01,107,204,113.8,-0.736431360244751,0.6957648036225362
TOKYOTECH_s01,107,205,113.83333333333333,-0.9613141417503357,0.8606769853827774
TOKYOTECH_s01,107,206,113.86666666666666,-1.020104169845581,0.8888795167054385
TOKYOTECH_s01,107,207,113.9,-1.0628284215927124,0.8103532598101214
TOKYOTECH_s01,107,208,113.93333333333334,-1.1031506061553955,0.6732572823621344
TOKYOTECH_s01,107,209,113.96666666666667,-1.0712944269180298,0.5209605641042817
TOKYOTECH_s01,107,210,114.0,-0.822903573513031,0.37543413591038305
TOKYOTECH_s01,107,211,114.03333333333333,0.18822240829467773,0.23300902629818904
TOKYOTECH_s01,107,212,114.06666666666666,1.6914443969726562,0.07274479227175502
TOKYOTECH_s01,107,213,114.1,2.01106858253479,-0.12719309629004658
TOKYOTECH_s01,107,214,114.13333333333334,1.477665901184082,-0.3725716459934301
TOKYOTECH_s01,107,215,114.16666666666667,0.8945299983024597,-0.6428968973100138
TOKYOTECH_s01,107,216,114.2,0.4017646014690399,-0.8923960818591419
TOKYOTECH_s01,107,217,114.23333333333333,-0.18834108114242554,-1.0621963630985682
TOKYOTECH_s01,107,218,114.26666666666667,-0.3266729414463043,-1.0996950826118244
TOKYOTECH_s01,107,219,114.3,-0.10395589470863342,-0.9785572842474206
TOKYOTECH_s01,107,220,114.33333333333333,0.019767049700021744,-0.7121220800456923
TOKYOTECH_s01,107,221,114.36666666666666,-0.14112789928913116,-0.35422997203376333
TOKYOTECH_s01,107,222,114.4,-0.3119852840900421,0.015201879981501788
TOKYOTECH_s01,107,223,114.43333333333334,-0.6042029857635498,0.3163786299584898
TOKYOTECH_s01,107,224,114.46666666666667,-0.892246663570404,0.4968477450523815
TOKYOTECH_s01,107,225,114.5,-1.0473531484603882,0.546774073393652
TOKYOTECH_s01,107,226,114.53333333333333,-1.2194312810897827,0.4958029722461384
TOKYOTECH_s01,107,227,114.56666666666666,-1.2904281616210938,0.3951240075523613
TOKYOTECH_s01,107,228,114.6,-1.26058030128479,0.29464374878618327
TOKYOTECH_s01,107,229,114.63333333333334,-1.1723755598068237,0.22542237660081557
TOKYOTECH_s01,107,230,114.66666666666667,-0.5411601662635803,0.1933393203097827
TOKYOTECH_s01,107,231,114.7,1.0415642261505127,0.18421727809974447
TOKYOTECH_s01,107,232,114.73333333333333,2.012446641921997,0.1760638796427378
TOKYOTECH_s01,107,233,114.76666666666667,1.5842204093933105,0.1520513089650738
TOKYOTECH_s01,107,234,114.8,0.804947018623352,0.10853006222386043
TOKYOTECH_s01,107,235,114.83333333333333,0.3763269782066345,0.05527726530900786
TOKYOTECH_s01,107,236,114.86666666666666,-0.06111357733607292,0.009064636666343748
TOKYOTECH_s01,107,237,114.9,-0.4102706015110016,-0.015457316776320458
TOKYOTECH_s01,107,238,114.93333333333334,-0.2622125744819641,-0.013000500953273882
TOKYOTECH_s01,107,239,114.96666666666667,0.06138867512345314,0.010046337484372943
TOKYOTECH_s01,108,0,108.0,-0.5919566750526428,-0.09397996033321704
TOKYOTECH_s01,108,1,108.03333333333333,-0.850703775882721,-0.31520381506280243
TOKYOTECH_s01,108,2,108.06666666666666,-0.8420802354812622,-0.5156337833777314
TOKYOTECH_s01,108,3,108.1,-0.9334745407104492,-0.6776983478506666
TOKYOTECH_s01,108,4,108.13333333333334,-0.9562345147132874,-0.7862892046111123
TOKYOTECH_s01,108,5,108.16666666666667,-0.8272350430488586,-0.8345094632214699
TOKYOTECH_s01,108,6,108.2,-0.09025265276432037,-0.82917871852831
TOKYOTECH_s01,108,7,108.23333333333333,1.3950921297073364,-0.7917256384845862
TOKYOTECH_s01,108,8,108.26666666666667,1.9353069067001343,-0.752281516960572
TOKYOTECH_s01,108,9,108.3,1.6447430849075317,-0.7384457364043513
TOKYOTECH_s01,108,10,108.33333333333333,1.0423911809921265,-0.7628642670460659
TOKYOTECH_s01,108,11,108.36666666666666,0.5483656525611877,-0.8145652443143651
TOKYOTECH_s01,108,12,108.4,0.12427395582199097,-0.858102920166194
TOKYOTECH_s01,108,13,108.43333333333334,-0.2298445850610733,-0.8423208972121368
TOKYOTECH_s01,108,14,108.46666666666667,-0.0502454899251461,-0.7174310076425614
TOKYOTECH_s01,108,15,108.5,0.1806226223707199,-0.45575431139922057
TOKYOTECH_s01,108,16,108.53333333333333,0.07544631510972977,-0.06883391504311874
TOKYOTECH_s01,108,17,108.56666666666666,-0.07083972543478012,0.3870400242590634
TOKYOTECH_s01,108,18,108.6,-0.4448830783367157,0.8222522469200655
TOKYOTECH_s01,108,19,108.63333333333334,-0.7652554512023926,1.1408912820708828
TOKYOTECH_s01,108,20,108.66666666666667,-1.0390839576721191,1.273352271241768
TOKYOTECH_s01,108,21,108.7,-1.0054165124893188,1.2001828710312472
TOKYOTECH_s01,108,22,108.73333333333333,-1.1380780935287476,0.9571647870519723
TOKYOTECH_s01,108,23,108.76666666666667,-1.1322503089904785,0.6208285814874308
TOKYOTECH_s01,108,24,108.8,-1.0420372486114502,0.28135495473291444
TOKYOTECH_s01,108,25,108.83333333333333,-0.10958682745695114,0.013395614330583335
TOKYOTECH_s01,108,26,108.86666666666666,1.347681999206543,-0.14517990456136962
TOKYOTECH_s01,108,27,108.9,2.011422872543335,-0.20020298508111323
TOKYOTECH_s01,108,28,108.93333333333334,1.4842419624328613,-0.19251425509638476
TOKYOTECH_s01,108,29,108.96666666666667,0.9150848984718323,-0.17738048384644317
TOKYOTECH_s01,108,30,109.0,0.517297089099884,-0.19933916268584526
TOKYOTECH_s01,108,31,109.03333333333333,0.1356145739555359,-0.27149009619929365
TOKYOTECH_s01,108,32,109.06666666666666,-0.15223225951194763,-0.36759850681824746
TOKYOTECH_s01,108,33,109.1,-0.06272803992033005,-0.4314612612602159
TOKYOTECH_s01,108,34,109.13333333333334,0.25008389353752136,-0.40111242194790775
TOKYOTECH_s01,108,35,109.16666666666667,0.306235671043396,-0.2384872935313681
TOKYOTECH_s01,108,36,109.2,-0.07430491596460342,0.048292318892061196
TOKYOTECH_s01,108,37,109.23333333333333,-0.1962558925151825,0.40078077312591787
TOKYOTECH_s01,108,38,109.26666666666667,-0.5743551254272461,0.7276622654191741
TOKYOTECH_s01,108,39,109.3,-0.8784253001213074,0.9373604036108983
TOKYOTECH_s01,108,40,109.33333333333333,-0.9095332622528076,0.9715016801480892
TOKYOTECH_s01,108,41,109.36666666666666,-0.9374122619628906,0.8242087051948559
TOKYOTECH_s01,108,42,109.4,-0.9148097634315491,0.5399547152497202
TOKYOTECH_s01,108,43,109.43333333333334,-0.8566103577613831,0.19331698496345773
TOKYOTECH_s01,108,44,109.46666666666667,-0.47299835085868835,-0.13928741444582696
TOKYOTECH_s01,108,45,109.5,0.8238480687141418,-0.40458642232571124
TOKYOTECH_s01,108,46,109.53333333333333,2.019613265991211,-0.585622822269977
TOKYOTECH_s01,108,47,109.56666666666666,1.8595846891403198,-0.6994291185136337
TOKYOTECH_s01,108,48,109.6,1.3001538515090942,-0.7809399361729736
TOKYOTECH_s01,108,49,109.63333333333334,0.8145944476127625,-0.8598791623612385
TOKYOTECH_s01,108,50,109.66666666666667,0.39936259388923645,-0.940688319444553
TOKYOTECH_s01,108,51,109.7,0.06402694433927536,-0.9949801741236095
TOKYOTECH_s01,108,52,109.73333333333333,0.00208671810105443,-0.9707033312777809
TOKYOTECH_s01,108,53,109.76666666666667,0.22937151789665222,-0.8149093181051135
TOKYOTECH_s01,108,54,109.8,0.34021812677383423,-0.5012567282133873
TOKYOTECH_s01,108,55,109.83333333333333,-0.01823188178241253,-0.05059742600142402
TOKYOTECH_s01,108,56,109.86666666666666,-0.3175768256187439,0.4660029196748747
TOKYOTECH_s01,108,57,109.9,-0.54883873462677,0.9459518245157347
TOKYOTECH_s01,108,58,109.93333333333334,-0.7903386354446411,1.2888236164320257
TOKYOTECH_s01,108,59,109.96666666666667,-0.9702134132385254,1.4300381753231914
TOKYOTECH_s01,108,60,110.0,-1.115278720855713,1.3597976179603188
TOKYOTECH_s01,108,61,110.03333333333333,-1.055307388305664,1.1204398669620805
TOKYOTECH_s01,108,62,110.06666666666666,-1.0125044584274292,0.7855472280815553
TOKYOTECH_s01,108,63,110.1,-0.9425706267356873,0.43130096366178594
TOKYOTECH_s01,108,64,110.13333333333334,-0.12998418509960175,0.11184976352550187
TOKYOTECH_s01,108,65,110.16666666666667,1.3249220848083496,-0.15301132366583695
TOKYOTECH_s01,108,66,110.2,1.9316842555999756,-0.374945868232744
TOKYOTECH_s01,108,67,110.23333333333333,1.5273993015289307,-0.5814728305307687
TOKYOTECH_s01,108,68,110.26666666666667,1.120987892150879,-0.7944050591854751
TOKYOTECH_s01,108,69,110.3,0.6713404059410095,-1.0110401235412587
TOKYOTECH_s01,108,70,110.33333333333333,0.09871819615364075,-1.195898381522903
TOKYOTECH_s01,108,71,110.36666666666666,-0.10706669092178345,-1.2873552557865453
TOKYOTECH_s01,108,72,110.4,0.0745406374335289,-1.2184620651898972
TOKYOTECH_s01,108,73,110.43333333333334,0.4095218777656555,-0.9457354461092903
TOKYOTECH_s01,108,74,110.46666666666667,0.28477513790130615,-0.47525032745200785
TOKYOTECH_s01,108,75,110.5,-0.009568912908434868,0.12607588434891975
TOKYOTECH_s01,108,76,110.53333333333333,-0.26217320561408997,0.7426235848675448
TOKYOTECH_s01,108,77,110.56666666666666,-0.7430860996246338,1.2445964220347885
TOKYOTECH_s01,108,78,110.6,-0.9770650267601013,1.5311862463132777
TOKYOTECH_s01,108,79,110.63333333333334,-0.9274498224258423,1.5622738619388508
TOKYOTECH_s01,108,80,110.66666666666667,-0.9150460362434387,1.3648469647447128
TOKYOTECH_s01,108,81,110.7,-0.9381997585296631,1.013961945967344
TOKYOTECH_s01,108,82,110.73333333333333,-0.8353073596954346,0.5995437107022337
TOKYOTECH_s01,108,83,110.76666666666667,-0.7203655242919922,0.19456763637981905
TOKYOTECH_s01,108,84,110.8,0.36856967210769653,-0.1630597025396056
TOKYOTECH_s01,108,85,110.83333333333333,1.7391694784164429,-0.4702467527806326
TOKYOTECH_s01,108,86,110.86666666666666,1.8342258930206299,-0.7433335984198088
TOKYOTECH_s01,108,87,110.9,1.3463431596755981,-0.9961017286016527
TOKYOTECH_s01,108,88,110.93333333333334,0.8863789439201355,-1.2211426255751099
TOKYOTECH_s01,108,89,110.96666666666667,0.4472845494747162,-1.3825410885564153
TOKYOTECH_s01,108,90,111.0,-0.006024970673024654,-1.4235315430931574
TOKYOTECH_s01,108,91,111.03333333333333,-0.14849142730236053,-1.2873326658103315
TOKYOTECH_s01,108,92,111.06666666666666,0.07146922498941422,-0.944018954471601
TOKYOTECH_s01,108,93,111.1,0.25445476174354553,-0.4126656900138672
TOKYOTECH_s01,108,94,111.13333333333334,0.12431333214044571,0.23205671717456455
TOKYOTECH_s01,108,95,111.16666666666667,-0.19208191335201263,0.8745719597939823
TOKYOTECH_s01,108,96,111.2,-0.48788291215896606,1.3907452808509027
TOKYOTECH_s01,108,97,111.23333333333333,-0.7604907751083374,1.6854923923832434
TOKYOTECH_s01,108,98,111.26666666666667,-0.9501310586929321,1.7202939869736258
TOKYOTECH_s01,108,99,111.3,-1.041564702987671,1.5198338138496017
TOKYOTECH_s01,108,100,111.33333333333333,-0.9345377087593079,1.1567271403572006
TOKYOTECH_s01,108,101,111.36666666666666,-1.0312873125076294,0.7225311619912606
TOKYOTECH_s01,108,102,111.4,-0.9452876448631287,0.29716413750622767
TOKYOTECH_s01,108,103,111.43333333333334,-0.1227387860417366,-0.07249842780551388
TOKYOTECH_s01,108,104,111.46666666666667,1.4278932809829712,-0.37842261681329364
TOKYOTECH_s01,108,105,111.5,2.1091175079345703,-0.6409464623689436
TOKYOTECH_s01,108,106,111.53333333333333,1.714125633239746,-0.8872371380231246
TOKYOTECH_s01,108,107,111.56666666666666,1.237386703491211,-1.1278961692315375
TOKYOTECH_s01,108,108,111.6,0.8009305596351624,-1.3415981647444923
TOKYOTECH_s01,108,109,111.63333333333334,0.39467671513557434,-1.4748184388150587
TOKYOTECH_s01,108,110,111.66666666666667,0.2070053070783615,-1.4583087272677073
TOKYOTECH_s01,108,111,111.7,0.3612455129623413,-1.2355166113964955
TOKYOTECH_s01,108,112,111.73333333333333,0.4873310923576355,-0.7925539545294872
TOKYOTECH_s01,108,113,111.76666666666667,0.31836384534835815,-0.1767396447019156
TOKYOTECH_s01,108,114,111.8,0.00401619728654623,0.5068908868774299
TOKYOTECH_s01,108,115,111.83333333333333,-0.3547094762325287,1.1233164681186822
TOKYOTECH_s01,108,116,111.86666666666666,-0.5900665521621704,1.549700448852253
TOKYOTECH_s01,108,117,111.9,-0.754505455493927,1.7139911332866096
TOKYOTECH_s01,108,118,111.93333333333334,-0.9483590722084045,1.6135545885779703
TOKYOTECH_s01,108,119,111.96666666666667,-0.9786794781684875,1.3074343163366788
TOKYOTECH_s01,108,120,112.0,-0.9841529130935669,0.8880869672168598
TOKYOTECH_s01,108,121,112.03333333333333,-0.9625742435455322,0.4464812468637938
TOKYOTECH_s01,108,122,112.06666666666666,-0.7260358333587646,0.04481341303469575
TOKYOTECH_s01,108,123,112.1,0.4276353716850281,-0.29440117732064597
TOKYOTECH_s01,108,124,112.13333333333334,1.7756327390670776,-0.5814225602477521
TOKYOTECH_s01,108,125,112.16666666666667,1.9596813917160034,-0.83957506924842
TOKYOTECH_s01,108,126,112.2,1.319291114807129,-1.0818545404212676
TOKYOTECH_s01,108,127,112.23333333333333,0.7962840795516968,-1.2938918118405267
TOKYOTECH_s01,108,128,112.26666666666667,0.5071377754211426,-1.4308435817911156
TOKYOTECH_s01,108,129,112.3,0.10312843322753906,-1.4305567259009004
TOKYOTECH_s01,108,130,112.33333333333333,-0.07847888767719269,-1.23886411430378
TOKYOTECH_s01,108,131,112.36666666666666,0.08529059588909149,-0.8374118957740766
TOKYOTECH_s01,108,132,112.4,0.22090543806552887,-0.2622366378243395
TOKYOTECH_s01,108,133,112.43333333333334,0.054340168833732605,0.3963410302212583
TOKYOTECH_s01,108,134,112.46666666666667,-0.21976403892040253,1.0152310852868802
TOKYOTECH_s01,108,135,112.5,-0.5228497982025146,1.4749433866251913
TOKYOTECH_s01,108,136,112.53333333333333,-0.8623988032341003,1.6962793084236205
TOKYOTECH_s01,108,137,112.56666666666666,-1.071333885192871,1.6617165424913911
TOKYOTECH_s01,108,138,112.6,-1.0923612117767334,1.4136934491140771
TOKYOTECH_s01,108,139,112.63333333333334,-1.0461324453353882,1.0331372015694742
TOKYOTECH_s01,108,140,112.66666666666667,-1.0373120307922363,0.6088939004852948
TOKYOTECH_s01,108,141,112.7,-0.8792521953582764,0.21018602205705084
TOKYOTECH_s01,108,142,112.73333333333333,0.09391418844461441,-0.1287667316554811
TOKYOTECH_s01,108,143,112.76666666666667,1.5129084587097168,-0.40831695538872503
TOKYOTECH_s01,108,144,112.8,1.9015607833862305,-0.6494530951464423
TOKYOTECH_s01,108,145,112.83333333333333,1.3926507234573364,-0.8731685932815357
TOKYOTECH_s01,108,146,112.86666666666666,0.96588134765625,-1.0817749956619196
TOKYOTECH_s01,108,147,112.9,0.6436976790428162,-1.2496977042369666
TOKYOTECH_s01,108,148,112.93333333333334,0.13919788599014282,-1.3278179931336094
TOKYOTECH_s01,108,149,112.96666666666667,-0.09107957035303116,-1.2606444825837197
TOKYOTECH_s01,108,150,113.0,0.06898846477270126,-1.0108135490515386
TOKYOTECH_s01,108,151,113.03333333333333,0.11876115947961807,-0.5819086069987242
TOKYOTECH_s01,108,152,113.06666666666666,-0.0011028294684365392,-0.029633898854810787
TOKYOTECH_s01,108,153,113.1,-0.2256312221288681,0.5458678181076806
TOKYOTECH_s01,108,154,113.13333333333334,-0.6119996309280396,1.0270830222213854
TOKYOTECH_s01,108,155,113.16666666666667,-1.011323094367981,1.3169541961160536
TOKYOTECH_s01,108,156,113.2,-1.159696102142334,1.3713222677365802
TOKYOTECH_s01,108,157,113.23333333333333,-1.2373871803283691,1.2105691250413286
TOKYOTECH_s01,108,158,113.26666666666667,-1.3096048831939697,0.905995454343124
TOKYOTECH_s01,108,159,113.3,-1.3060609102249146,0.5494002238822709
TOKYOTECH_s01,108,160,113.33333333333333,-1.1993489265441895,0.22009492767756975
TOKYOTECH_s01,108,161,113.36666666666666,-0.7652554512023926,-0.03828608045868652
TOKYOTECH_s01,108,162,113.4,0.5320635437965393,-0.2243339886287922
TOKYOTECH_s01,108,163,113.43333333333334,1.7759870290756226,-0.36834155390222656
TOKYOTECH_s01,108,164,113.46666666666667,1.7479112148284912,-0.510028992014865
TOKYOTECH_s01,108,165,113.5,1.1032288074493408,-0.6737471246022132
TOKYOTECH_s01,108,166,113.53333333333333,0.5013887286186218,-0.8513889188864251
TOKYOTECH_s01,108,167,113.56666666666666,0.07028790563344955,-1.000330687698761
TOKYOTECH_s01,108,168,113.6,-0.23271910846233368,-1.0574519505490927
TOKYOTECH_s01,108,169,113.63333333333334,-0.2817436456680298,-0.9639077840657528
TOKYOTECH_s01,108,170,113.66666666666667,-0.08911071717739105,-0.6917772211680137
TOKYOTECH_s01,108,171,113.7,0.09107903391122818,-0.2627331894048463
TOKYOTECH_s01,108,172,113.73333333333333,-0.027918655425310135,0.25006067488096156
TOKYOTECH_s01,108,173,113.76666666666667,-0.3634905517101288,0.7405988192003639
TOKYOTECH_s01,108,174,113.8,-0.736431360244751,1.1037648571011935
TOKYOTECH_s01,108,175,113.83333333333333,-0.9613141417503357,1.270348351614107
TOKYOTECH_s01,108,176,113.86666666666666,-1.020104169845581,1.2279639270009455
TOKYOTECH_s01,108,177,113.9,-1.0628284215927124,1.0190745867850737
TOKYOTECH_s01,108,178,113.93333333333334,-1.1031506061553955,0.7186820177232742
TOKYOTECH_s01,108,179,113.96666666666667,-1.0712944269180298,0.40340205431767984
TOKYOTECH_s01,108,180,114.0,-0.822903573513031,0.12541224731439798
TOKYOTECH_s01,108,181,114.03333333333333,0.18822240829467773,-0.0995717454718488
TOKYOTECH_s01,108,182,114.06666666666666,1.6914443969726562,-0.28755792250542245
TOKYOTECH_s01,108,183,114.1,2.01106858253479,-0.46833777590386766
TOKYOTECH_s01,108,184,114.13333333333334,1.477665901184082,-0.6627313783074735
TOKYOTECH_s01,108,185,114.16666666666667,0.8945299983024597,-0.8649563196458132
TOKYOTECH_s01,108,186,114.2,0.4017646014690399,-1.0375356581116557
TOKYOTECH_s01,108,187,114.23333333333333,-0.18834108114242554,-1.1211004631207615
TOKYOTECH_s01,108,188,114.26666666666667,-0.3266729414463043,-1.0561018426907636
TOKYOTECH_s01,108,189,114.3,-0.10395589470863342,-0.8090915503222259
TOKYOTECH_s01,108,190,114.33333333333333,0.019767049700021744,-0.39365467881205496
TOKYOTECH_s01,108,191,114.36666666666666,-0.14112789928913116,0.12374120687553464
TOKYOTECH_s01,108,192,114.4,-0.3119852840900421,0.6386690879180675
TOKYOTECH_s01,108,193,114.43333333333334,-0.6042029857635498,1.0414194262812655
TOKYOTECH_s01,108,194,114.46666666666667,-0.892246663570404,1.2539029565635433
TOKYOTECH_s01,108,195,114.5,-1.0473531484603882,1.2533496109839326
TOKYOTECH_s01,108,196,114.53333333333333,-1.2194312810897827,1.0729769198255443
TOKYOTECH_s01,108,197,114.56666666666666,-1.2904281616210938,0.7823390964920405
TOKYOTECH_s01,108,198,114.6,-1.26058030128479,0.4582622008415207
TOKYOTECH_s01,108,199,114.63333333333334,-1.1723755598068237,0.1587720766643353
TOKYOTECH_s01,108,200,114.66666666666667,-0.5411601662635803,-0.09078478612085163
TOKYOTECH_s01,108,201,114.7,1.0415642261505127,-0.2959751798552024
TOKYOTECH_s01,108,202,114.73333333333333,2.012446641921997,-0.47862950122312165
TOKYOTECH_s01,108,203,114.76666666666667,1.5842204093933105,-0.6566834274121209
TOKYOTECH_s01,108,204,114.8,0.804947018623352,-0.827484545658266
TOKYOTECH_s01,108,205,114.83333333333333,0.3763269782066345,-0.9618338439991903
TOKYOTECH_s01,108,206,114.86666666666666,-0.06111357733607292,-1.0117653891722465
TOKYOTECH_s01,108,207,114.9,-0.4102706015110016,-0.929742205762854
TOKYOTECH_s01,108,208,114.93333333333334,-0.2622125744819641,-0.6922456816984264
TOKYOTECH_s01,108,209,114.96666666666667,0.06138867512345314,-0.31796449950646205
TOKYOTECH_s01,108,210,115.0,0.19479839503765106,0.12876373352366924
TOKYOTECH_s01,108,211,115.03333333333333,-0.04524459317326546,0.5535269774719
TOKYOTECH_s01,108,212,115.06666666666666,-0.378572016954422,0.8618582870282429
TOKYOTECH_s01,108,213,115.1,-0.6850442290306091,0.9913929997717195
TOKYOTECH_s01,108,214,115.13333333333334,-0.9022091031074524,0.9321854709430131
TOKYOTECH_s01,108,215,115.16666666666667,-1.0182141065597534,0.7265719537364785
TOKYOTECH_s01,108,216,115.2,-1.0125044584274292,0.4495242599488748
TOKYOTECH_s01,108,217,115.23333333333333,-1.0638915300369263,0.17894513967939216
TOKYOTECH_s01,108,218,115.26666666666667,-0.965960681438446,-0.03145112518537809
TOKYOTECH_s01,108,219,115.3,-0.27701839804649353,-0.1664524952164305
TOKYOTECH_s01,108,220,115.33333333333333,1.3123213052749634,-0.24654074108859475
TOKYOTECH_s01,108,221,115.36666666666666,2.004610776901245,-0.3106333903212826
TOKYOTECH_s01,108,222,115.4,1.5344083309173584,-0.3926871024485551
TOKYOTECH_s01,108,223,115.43333333333334,1.0225056409835815,-0.5023926573745866
TOKYOTECH_s01,108,224,115.46666666666667,0.5657309889793396,-0.6176224109010662
TOKYOTECH_s01,108,225,115.5,-0.078675776720047,-0.6911695659341267
TOKYOTECH_s01,108,226,115.53333333333333,-0.34092745184898376,-0.6692178893812728
TOKYOTECH_s01,108,227,115.56666666666666,-0.15298041701316833,-0.515003096998905
TOKYOTECH_s01,108,228,115.6,0.11151576042175293,-0.22876133906175034
TOKYOTECH_s01,108,229,115.63333333333334,0.06757088750600815,0.14476606018696098
TOKYOTECH_s01,108,230,115.66666666666667,-0.18263140320777893,0.5264062863895492
TOKYOTECH_s01,108,231,115.7,-0.42574581503868103,0.828250237867582
TOKYOTECH_s01,108,232,115.73333333333333,-0.7130807042121887,0.9847986665725368
TOKYOTECH_s01,108,233,115.76666666666667,-0.9323325753211975,0.9755952261497547
TOKYOTECH_s01,108,234,115.8,-0.9816721081733704,0.8295347032822311
TOKYOTECH_s01,108,235,115.83333333333333,-1.0786579847335815,0.6100203381150595
TOKYOTECH_s01,108,236,115.86666666666666,-1.1547739505767822,0.38830549534073594
TOKYOTECH_s01,108,237,115.9,-0.9650155901908875,0.21638649846445812
TOKYOTECH_s01,108,238,115.93333333333334,0.28851595520973206,0.1099444093137942
TOKYOTECH_s01,108,239,115.96666666666667,1.7911078929901123,0.04712678609342682
TOKYOTECH_s01,109,0,109.0,0.517297089099884,0.05843188243366353
TOKYOTECH_s01,109,1,109.03333333333333,0.1356145739555359,-0.39058952431643684
TOKYOTECH_s01,109,2,109.06666666666666,-0.15223225951194763,-0.7433316910667817
TOKYOTECH_s01,109,3,109.1,-0.06272803992033005,-0.9246359050438756
TOKYOTECH_s01,109,4,109.13333333333334,0.25008389353752136,-0.8986078666731677
TOKYOTECH_s01,109,5,109.16666666666667,0.306235671043396,-0.6786255085079941
TOKYOTECH_s01,109,6,109.2,-0.07430491596460342,-0.32516398723024786
TOKYOTECH_s01,109,7,109.23333333333333,-0.1962558925151825,0.06982337580822982
TOKYOTECH_s01,109,8,109.26666666666667,-0.5743551254272461,0.4084816586567637
TOKYOTECH_s01,109,9,109.3,-0.8784253001213074,0.6147569450963914
TOKYOTECH_s01,109,10,109.33333333333333,-0.9095332622528076,0.654581500873543
TOKYOTECH_s01,109,11,109.36666666666666,-0.9374122619628906,0.5413182311924399
TOKYOTECH_s01,109,12,109.4,-0.9148097634315491,0.3254533759752953
TOKYOTECH_s01,109,13,109.43333333333334,-0.8566103577613831,0.07389206526886705
TOKYOTECH_s01,109,14,109.46666666666667,-0.47299835085868835,-0.15282822422397657
TOKYOTECH_s01,109,15,109.5,0.8238480687141418,-0.31780069120206234
TOKYOTECH_s01,109,16,109.53333333333333,2.019613265991211,-0.41468111659889867
TOKYOTECH_s01,109,17,109.56666666666666,1.8595846891403198,-0.4629493334681019
TOKYOTECH_s01,109,18,109.6,1.3001538515090942,-0.49355335313228216
TOKYOTECH_s01,109,19,109.63333333333334,0.8145944476127625,-0.5302911272645078
TOKYOTECH_s01,109,20,109.66666666666667,0.39936259388923645,-0.57480731179737
TOKYOTECH_s01,109,21,109.7,0.06402694433927536,-0.6024322214621904
TOKYOTECH_s01,109,22,109.73333333333333,0.00208671810105443,-0.5712318744189498
TOKYOTECH_s01,109,23,109.76666666666667,0.22937151789665222,-0.440599394808948
TOKYOTECH_s01,109,24,109.8,0.34021812677383423,-0.19201902700107176
TOKYOTECH_s01,109,25,109.83333333333333,-0.01823188178241253,0.15641274669564614
TOKYOTECH_s01,109,26,109.86666666666666,-0.3175768256187439,0.5489508556295994
TOKYOTECH_s01,109,27,109.9,-0.54883873462677,0.9071252031915281
TOKYOTECH_s01,109,28,109.93333333333334,-0.7903386354446411,1.1551605668266811
TOKYOTECH_s01,109,29,109.96666666666667,-0.9702134132385254,1.244584726446241
TOKYOTECH_s01,109,30,110.0,-1.115278720855713,1.1675919508159947
TOKYOTECH_s01,109,31,110.03333333333333,-1.055307388305664,0.9549201927865911
TOKYOTECH_s01,109,32,110.06666666666666,-1.0125044584274292,0.6610715494513985
TOKYOTECH_s01,109,33,110.1,-0.9425706267356873,0.3441953319813237
TOKYOTECH_s01,109,34,110.13333333333334,-0.12998418509960175,0.04850113723604614
TOKYOTECH_s01,109,35,110.16666666666667,1.3249220848083496,-0.2052927556460928
TOKYOTECH_s01,109,36,110.2,1.9316842555999756,-0.41935987125221075
TOKYOTECH_s01,109,37,110.23333333333333,1.5273993015289307,-0.6092368054567812
TOKYOTECH_s01,109,38,110.26666666666667,1.120987892150879,-0.7893438975299953
TOKYOTECH_s01,109,39,110.3,0.6713404059410095,-0.959180008632464
TOKYOTECH_s01,109,40,110.33333333333333,0.09871819615364075,-1.0958684357131736
TOKYOTECH_s01,109,41,110.36666666666666,-0.10706669092178345,-1.1569083632830524
TOKYOTECH_s01,109,42,110.4,0.0745406374335289,-1.0935280013342812
TOKYOTECH_s01,109,43,110.43333333333334,0.4095218777656555,-0.8709638107417164
TOKYOTECH_s01,109,44,110.46666666666667,0.28477513790130615,-0.4886061011960457
TOKYOTECH_s01,109,45,110.5,-0.009568912908434868,0.008752775898179733
TOKYOTECH_s01,109,46,110.53333333333333,-0.26217320561408997,0.536045643763088
TOKYOTECH_s01,109,47,110.56666666666666,-0.7430860996246338,0.9907580450745948
TOKYOTECH_s01,109,48,110.6,-0.9770650267601013,1.2850679849806954
TOKYOTECH_s01,109,49,110.63333333333334,-0.9274498224258423,1.3727284474953594
TOKYOTECH_s01,109,50,110.66666666666667,-0.9150460362434387,1.2590517048851495
TOKYOTECH_s01,109,51,110.7,-0.9381997585296631,0.9915560137245294
TOKYOTECH_s01,109,52,110.73333333333333,-0.8353073596954346,0.6377634045417128
TOKYOTECH_s01,109,53,110.76666666666667,-0.7203655242919922,0.2610043125353211
TOKYOTECH_s01,109,54,110.8,0.36856967210769653,-0.09614291441043765
TOKYOTECH_s01,109,55,110.83333333333333,1.7391694784164429,-0.4159826796691846
TOKYOTECH_s01,109,56,110.86666666666666,1.8342258930206299,-0.6980656550014581
TOKYOTECH_s01,109,57,110.9,1.3463431596755981,-0.944697189717865
TOKYOTECH_s01,109,58,110.93333333333334,0.8863789439201355,-1.1466864950936233
TOKYOTECH_s01,109,59,110.96666666666667,0.4472845494747162,-1.2761054173382607
TOKYOTECH_s01,109,60,111.0,-0.006024970673024654,-1.2901137334671673
TOKYOTECH_s01,109,61,111.03333333333333,-0.14849142730236053,-1.145656306748262
TOKYOTECH_s01,109,62,111.06666666666666,0.07146922498941422,-0.8202976507646458
TOKYOTECH_s01,109,63,111.1,0.25445476174354553,-0.33093799110722427
TOKYOTECH_s01,109,64,111.13333333333334,0.12431333214044571,0.2588242284909647
TOKYOTECH_s01,109,65,111.16666666666667,-0.19208191335201263,0.8486947936312075
TOKYOTECH_s01,109,66,111.2,-0.48788291215896606,1.3277612468429518
TOKYOTECH_s01,109,67,111.23333333333333,-0.7604907751083374,1.6073388657496113
TOKYOTECH_s01,109,68,111.26666666666667,-0.9501310586929321,1.6470629308361455
TOKYOTECH_s01,109,69,111.3,-1.041564702987671,1.4633327784207157
TOKYOTECH_s01,109,70,111.33333333333333,-0.9345377087593079,1.1178789933961848
TOKYOTECH_s01,109,71,111.36666666666666,-1.0312873125076294,0.6931738474405005
TOKYOTECH_s01,109,72,111.4,-0.9452876448631287,0.26527828634080025
TOKYOTECH_s01,109,73,111.43333333333334,-0.1227387860417366,-0.11634918607570895
TOKYOTECH_s01,109,74,111.46666666666667,1.4278932809829712,-0.43602560756419795
TOKYOTECH_s01,109,75,111.5,2.1091175079345703,-0.7046705963464077
TOKYOTECH_s01,109,76,111.53333333333333,1.714125633239746,-0.9421767986870552
TOKYOTECH_s01,109,77,111.56666666666666,1.237386703491211,-1.1571413415080354
TOKYOTECH_s01,109,78,111.6,0.8009305596351624,-1.3327655397402005
TOKYOTECH_s01,109,79,111.63333333333334,0.39467671513557434,-1.42548252086479
TOKYOTECH_s01,109,80,111.66666666666667,0.2070053070783615,-1.3781835049392992
TOKYOTECH_s01,109,81,111.7,0.3612455129623413,-1.1442122194041437
TOKYOTECH_s01,109,82,111.73333333333333,0.4873310923576355,-0.7133411133958206
TOKYOTECH_s01,109,83,111.76666666666667,0.31836384534835815,-0.12845282552623485
TOKYOTECH_s01,109,84,111.8,0.00401619728654623,0.516695385294325
TOKYOTECH_s01,109,85,111.83333333333333,-0.3547094762325287,1.1010884670872096
TOKYOTECH_s01,109,86,111.86666666666666,-0.5900665521621704,1.5131355284607586
TOKYOTECH_s01,109,87,111.9,-0.754505455493927,1.6846349381997476
TOKYOTECH_s01,109,88,111.93333333333334,-0.9483590722084045,1.6077548196155105
TOKYOTECH_s01,109,89,111.96666666666667,-0.9786794781684875,1.3296144375420318
TOKYOTECH_s01,109,90,112.0,-0.9841529130935669,0.9294256931930411
TOKYOTECH_s01,109,91,112.03333333333333,-0.9625742435455322,0.4895708121874984
TOKYOTECH_s01,109,92,112.06666666666666,-0.7260358333587646,0.07199739944246725
TOKYOTECH_s01,109,93,112.1,0.4276353716850281,-0.29301872214626734
TOKYOTECH_s01,109,94,112.13333333333334,1.7756327390670776,-0.6039298201372816
TOKYOTECH_s01,109,95,112.16666666666667,1.9596813917160034,-0.8737333994815475
TOKYOTECH_s01,109,96,112.2,1.319291114807129,-1.1112553455623353
TOKYOTECH_s01,109,97,112.23333333333333,0.7962840795516968,-1.3061607871919345
TOKYOTECH_s01,109,98,112.26666666666667,0.5071377754211426,-1.4244190016809009
TOKYOTECH_s01,109,99,112.3,0.10312843322753906,-1.416886915193247
TOKYOTECH_s01,109,100,112.33333333333333,-0.07847888767719269,-1.238557938049865
TOKYOTECH_s01,109,101,112.36666666666666,0.08529059588909149,-0.8714897864250454
TOKYOTECH_s01,109,102,112.4,0.22090543806552887,-0.342024328339117
TOKYOTECH_s01,109,103,112.43333333333334,0.054340168833732605,0.2761876473610262
TOKYOTECH_s01,109,104,112.46666666666667,-0.21976403892040253,0.8772267257214851
TOKYOTECH_s01,109,105,112.5,-0.5228497982025146,1.3522381454593124
TOKYOTECH_s01,109,106,112.53333333333333,-0.8623988032341003,1.6215849060007377
TOKYOTECH_s01,109,107,112.56666666666666,-1.071333885192871,1.6561143683664972
TOKYOTECH_s01,109,108,112.6,-1.0923612117767334,1.4797285412185115
TOKYOTECH_s01,109,109,112.63333333333334,-1.0461324453353882,1.1547445238944645
TOKYOTECH_s01,109,110,112.66666666666667,-1.0373120307922363,0.7578863149027653
TOKYOTECH_s01,109,111,112.7,-0.8792521953582764,0.3564555824803337
TOKYOTECH_s01,109,112,112.73333333333333,0.09391418844461441,-0.007487200274856104
TOKYOTECH_s01,109,113,112.76666666666667,1.5129084587097168,-0.3208215111997297
TOKYOTECH_s01,109,114,112.8,1.9015607833862305,-0.5912731966301457
TOKYOTECH_s01,109,115,112.83333333333333,1.3926507234573364,-0.8318533880114659
TOKYOTECH_s01,109,116,112.86666666666666,0.96588134765625,-1.0446876326029713
TOKYOTECH_s01,109,117,112.9,0.6436976790428162,-1.2112447580839492
TOKYOTECH_s01,109,118,112.93333333333334,0.13919788599014282,-1.2934969131289284
TOKYOTECH_s01,109,119,112.96666666666667,-0.09107957035303116,-1.2463375410166597
TOKYOTECH_s01,109,120,113.0,0.06898846477270126,-1.0371552569277593
TOKYOTECH_s01,109,121,113.03333333333333,0.11876115947961807,-0.6652386479361168
TOKYOTECH_s01,109,122,113.06666666666666,-0.0011028294684365392,-0.17275962004648318
TOKYOTECH_s01,109,123,113.1,-0.2256312221288681,0.3590309099039703
TOKYOTECH_s01,109,124,113.13333333333334,-0.6119996309280396,0.8299761092635979
TOKYOTECH_s01,109,125,113.16666666666667,-1.011323094367981,1.1517600154735246
TOKYOTECH_s01,109,126,113.2,-1.159696102142334,1.2762755751517503
TOKYOTECH_s01,109,127,113.23333333333333,-1.2373871803283691,1.2080903253666189
TOKYOTECH_s01,109,128,113.26666666666667,-1.3096048831939697,0.9961852437985057
TOKYOTECH_s01,109,129,113.3,-1.3060609102249146,0.7110839201150367
TOKYOTECH_s01,109,130,113.33333333333333,-1.1993489265441895,0.41851199738039163
TOKYOTECH_s01,109,131,113.36666666666666,-0.7652554512023926,0.15946079772924346
TOKYOTECH_s01,109,132,113.4,0.5320635437965393,-0.057483218705838626
TOKYOTECH_s01,109,133,113.43333333333334,1.7759870290756226,-0.25023737613809466
TOKYOTECH_s01,109,134,113.46666666666667,1.7479112148284912,-0.4466832987367931
TOKYOTECH_s01,109,135,113.5,1.1032288074493408,-0.6640312148163675
TOKYOTECH_s01,109,136,113.53333333333333,0.5013887286186218,-0.8927971079678537
TOKYOTECH_s01,109,137,113.56666666666666,0.07028790563344955,-1.0928120437673925
TOKYOTECH_s01,109,138,113.6,-0.23271910846233368,-1.2034271746843985
TOKYOTECH_s01,109,139,113.63333333333334,-0.2817436456680298,-1.1641579207699833
TOKYOTECH_s01,109,140,113.66666666666667,-0.08911071717739105,-0.9387291625131825
TOKYOTECH_s01,109,141,113.7,0.09107903391122818,-0.5344100035685857
TOKYOTECH_s01,109,142,113.73333333333333,-0.027918655425310135,-0.00863728381637556
TOKYOTECH_s01,109,143,113.76666666666667,-0.3634905517101288,0.5422062879981008
TOKYOTECH_s01,109,144,113.8,-0.736431360244751,1.0102458181648113
TOKYOTECH_s01,109,145,113.83333333333333,-0.9613141417503357,1.3100086215034494
TOKYOTECH_s01,109,146,113.86666666666666,-1.020104169845581,1.4040673600104885
TOKYOTECH_s01,109,147,113.9,-1.0628284215927124,1.3086988837804783
TOKYOTECH_s01,109,148,113.93333333333334,-1.1031506061553955,1.0785347055691847
TOKYOTECH_s01,109,149,113.96666666666667,-1.0712944269180298,0.7798736162298485
TOKYOTECH_s01,109,150,114.0,-0.822903573513031,0.46559916550278135
TOKYOTECH_s01,109,151,114.03333333333333,0.18822240829467773,0.16126056700238786
TOKYOTECH_s01,109,152,114.06666666666666,1.6914443969726562,-0.13385117034959446
TOKYOTECH_s01,109,153,114.1,2.01106858253479,-0.43276831223979545
TOKYOTECH_s01,109,154,114.13333333333334,1.477665901184082,-0.7412531558414889
TOKYOTECH_s01,109,155,114.16666666666667,0.8945299983024597,-1.0419085630254923
TOKYOTECH_s01,109,156,114.2,0.4017646014690399,-1.2894548448722427
TOKYOTECH_s01,109,157,114.23333333333333,-0.18834108114242554,-1.4199349480075072
TOKYOTECH_s01,109,158,114.26666666666667,-0.3266729414463043,-1.371339792866322
TOKYOTECH_s01,109,159,114.3,-0.10395589470863342,-1.1088696727349037
TOKYOTECH_s01,109,160,114.33333333333333,0.019767049700021744,-0.6456640255160632
TOKYOTECH_s01,109,161,114.36666666666666,-0.14112789928913116,-0.04981317896176664
TOKYOTECH_s01,109,162,114.4,-0.3119852840900421,0.5684239080218674
TOKYOTECH_s01,109,163,114.43333333333334,-0.6042029857635498,1.0877016228357224
TOKYOTECH_s01,109,164,114.46666666666667,-0.892246663570404,1.413306660031426
TOKYOTECH_s01,109,165,114.5,-1.0473531484603882,1.5046913589668836
TOKYOTECH_s01,109,166,114.53333333333333,-1.2194312810897827,1.3812275552799989
TOKYOTECH_s01,109,167,114.56666666666666,-1.2904281616210938,1.1059930853950313
TOKYOTECH_s01,109,168,114.6,-1.26058030128479,0.7571152220681573
TOKYOTECH_s01,109,169,114.63333333333334,-1.1723755598068237,0.3998619144558421
TOKYOTECH_s01,109,170,114.66666666666667,-0.5411601662635803,0.06998462130925143
TOKYOTECH_s01,109,171,114.7,1.0415642261505127,-0.22744175011524007
TOKYOTECH_s01,109,172,114.73333333333333,2.012446641921997,-0.5057563223052115
TOKYOTECH_s01,109,173,114.76666666666667,1.5842204093933105,-0.7775772623574679
TOKYOTECH_s01,109,174,114.8,0.804947018623352,-1.0372915748646023
TOKYOTECH_s01,109,175,114.83333333333333,0.3763269782066345,-1.252792713897499
TOKYOTECH_s01,109,176,114.86666666666666,-0.06111357733607292,-1.3706412846306177
TOKYOTECH_s01,109,177,114.9,-0.4102706015110016,-1.3337837711802298
TOKYOTECH_s01,109,178,114.93333333333334,-0.2622125744819641,-1.1058309979134433
TOKYOTECH_s01,109,179,114.96666666666667,0.06138867512345314,-0.6923835938477693
TOKYOTECH_s01,109,180,115.0,0.19479839503765106,-0.14958087443195686
TOKYOTECH_s01,109,181,115.03333333333333,-0.04524459317326546,0.4260674371917705
TOKYOTECH_s01,109,182,115.06666666666666,-0.378572016954422,0.9249956609752945
TOKYOTECH_s01,109,183,115.1,-0.6850442290306091,1.25906710885955
TOKYOTECH_s01,109,184,115.13333333333334,-0.9022091031074524,1.388225481772851
TOKYOTECH_s01,109,185,115.16666666666667,-1.0182141065597534,1.3270932377656253
TOKYOTECH_s01,109,186,115.2,-1.0125044584274292,1.129923749387808
TOKYOTECH_s01,109,187,115.23333333333333,-1.0638915300369263,0.8632877280871916
TOKYOTECH_s01,109,188,115.26666666666667,-0.965960681438446,0.5797969463269358
TOKYOTECH_s01,109,189,115.3,-0.27701839804649353,0.3032607759392069
TOKYOTECH_s01,109,190,115.33333333333333,1.3123213052749634,0.029759133827143982
TOKYOTECH_s01,109,191,115.36666666666666,2.004610776901245,-0.25753046138314467
TOKYOTECH_s01,109,192,115.4,1.5344083309173584,-0.5675905671913747
TOKYOTECH_s01,109,193,115.43333333333334,1.0225056409835815,-0.8849293798038225
TOKYOTECH_s01,109,194,115.46666666666667,0.5657309889793396,-1.1646048333138184
TOKYOTECH_s01,109,195,115.5,-0.078675776720047,-1.3413758267318414
TOKYOTECH_s01,109,196,115.53333333333333,-0.34092745184898376,-1.350469337629885
TOKYOTECH_s01,109,197,115.56666666666666,-0.15298041701316833,-1.1533547462854443
TOKYOTECH_s01,109,198,115.6,0.11151576042175293,-0.7590093071807649
TOKYOTECH_s01,109,199,115.63333333333334,0.06757088750600815,-0.23088213317761838
TOKYOTECH_s01,109,200,115.66666666666667,-0.18263140320777893,0.3263497405800877
TOKYOTECH_s01,109,201,115.7,-0.42574581503868103,0.7978747005787705
TOKYOTECH_s01,109,202,115.73333333333333,-0.7130807042121887,1.0956404314437826
TOKYOTECH_s01,109,203,115.76666666666667,-0.9323325753211975,1.184656729885222
TOKYOTECH_s01,109,204,115.8,-0.9816721081733704,1.0875993164607285
TOKYOTECH_s01,109,205,115.83333333333333,-1.0786579847335815,0.8676996680739845
TOKYOTECH_s01,109,206,115.86666666666666,-1.1547739505767822,0.5996545857734805
TOKYOTECH_s01,109,207,115.9,-0.9650155901908875,0.34207937525056076
TOKYOTECH_s01,109,208,115.93333333333334,0.28851595520973206,0.12206688393785055
TOKYOTECH_s01,109,209,115.96666666666667,1.7911078929901123,-0.06435624361478531
TOKYOTECH_s01,109,210,116.0,1.9963021278381348,-0.23870923320765167
TOKYOTECH_s01,109,211,116.03333333333333,1.4660496711730957,-0.4206315212991314
TOKYOTECH_s01,109,212,116.06666666666666,0.9624161720275879,-0.6110666241106162
TOKYOTECH_s01,109,213,116.1,0.4501984715461731,-0.7849099503037261
TOKYOTECH_s01,109,214,116.13333333333334,0.02795749343931675,-0.896061993532068
TOKYOTECH_s01,109,215,116.16666666666667,-0.11470585316419601,-0.8933456503705545
TOKYOTECH_s01,109,216,116.2,0.04099132493138313,-0.7420811510590066
TOKYOTECH_s01,109,217,116.23333333333333,0.2948950529098511,-0.443370322281619
TOKYOTECH_s01,109,218,116.26666666666667,0.2130693793296814,-0.0419938006996011
TOKYOTECH_s01,109,219,116.3,-0.2094472348690033,0.3830696459411988
TOKYOTECH_s01,109,220,116.33333333333333,-0.4769754409790039,0.7434363219002598
TOKYOTECH_s01,109,221,116.36666666666666,-0.6638199090957642,0.971009910094474
TOKYOTECH_s01,109,222,116.4,-0.8400325775146484,1.0391966936509305
TOKYOTECH_s01,109,223,116.43333333333334,-1.0449118614196777,0.966526900829332
TOKYOTECH_s01,109,224,116.46666666666667,-1.0606626272201538,0.8026317859081251
TOKYOTECH_s01,109,225,116.5,-0.8961449861526489,0.6047667052107891
TOKYOTECH_s01,109,226,116.53333333333333,-0.3975517749786377,0.4158266574078225
TOKYOTECH_s01,109,227,116.56666666666666,0.9152423739433289,0.2521470208328442
TOKYOTECH_s01,109,228,116.6,1.9814175367355347,0.10411128696085015
TOKYOTECH_s01,109,229,116.63333333333334,1.8168212175369263,-0.052636379687793285
TOKYOTECH_s01,109,230,116.66666666666667,1.2079719305038452,-0.24098622614816823
TOKYOTECH_s01,109,231,116.7,0.7145765423774719,-0.46778776247251774
TOKYOTECH_s01,109,232,116.73333333333333,0.2731195092201233,-0.7163524327305575
TOKYOTECH_s01,109,233,116.76666666666667,-0.14648319780826569,-0.9486165183605395
TOKYOTECH_s01,109,234,116.8,-0.1424667239189148,-1.1158629424178883
TOKYOTECH_s01,109,235,116.83333333333333,0.12372267246246338,-1.1737579249070598
TOKYOTECH_s01,109,236,116.86666666666666,0.2055089771747589,-1.0961061800810064
TOKYOTECH_s01,109,237,116.9,0.009686504490673542,-0.8827081436269905
TOKYOTECH_s01,109,238,116.93333333333334,-0.31387537717819214,-0.559546413253985
TOKYOTECH_s01,109,239,116.96666666666667,-0.7225705981254578,-0.17272387703682032
TOKYOTECH_s01,110,0,110.0,-1.115278720855713,-0.0758012276592108
TOKYOTECH_s01,110,1,110.03333333333333,-1.055307388305664,-0.0972492242724591
TOKYOTECH_s01,110,2,110.06666666666666,-1.0125044584274292,-0.10772305895569066
TOKYOTECH_s01,110,3,110.1,-0.9425706267356873,-0.10346466097574493
TOKYOTECH_s01,110,4,110.13333333333334,-0.12998418509960175,-0.09013151446500026
TOKYOTECH_s01,110,5,110.16666666666667,1.3249220848083496,-0.08391087293940572
TOKYOTECH_s01,110,6,110.2,1.9316842555999756,-0.10847223783867123
TOKYOTECH_s01,110,7,110.23333333333333,1.5273993015289307,-0.18750210885438878
TOKYOTECH_s01,110,8,110.26666666666667,1.120987892150879,-0.3342552680591651
TOKYOTECH_s01,110,9,110.3,0.6713404059410095,-0.5414510140864841
TOKYOTECH_s01,110,10,110.33333333333333,0.09871819615364075,-0.7760241190622627
TOKYOTECH_s01,110,11,110.36666666666666,-0.10706669092178345,-0.9825525084868636
TOKYOTECH_s01,110,12,110.4,0.0745406374335289,-1.096250449047424
TOKYOTECH_s01,110,13,110.43333333333334,0.4095218777656555,-1.0624608296049514
TOKYOTECH_s01,110,14,110.46666666666667,0.28477513790130615,-0.8563811069433914
TOKYOTECH_s01,110,15,110.5,-0.009568912908434868,-0.4954160143011307
TOKYOTECH_s01,110,16,110.53333333333333,-0.26217320561408997,-0.03791010332067189
TOKYOTECH_s01,110,17,110.56666666666666,-0.7430860996246338,0.4330060725795755
TOKYOTECH_s01,110,18,110.6,-0.9770650267601013,0.8343922533498398
TOKYOTECH_s01,110,19,110.63333333333334,-0.9274498224258423,1.1065234458120328
TOKYOTECH_s01,110,20,110.66666666666667,-0.9150460362434387,1.224903982099603
TOKYOTECH_s01,110,21,110.7,-0.9381997585296631,1.1984424106604226
TOKYOTECH_s01,110,22,110.73333333333333,-0.8353073596954346,1.0572769331584915
TOKYOTECH_s01,110,23,110.76666666666667,-0.7203655242919922,0.8372070976091833
TOKYOTECH_s01,110,24,110.8,0.36856967210769653,0.5675055158388386
TOKYOTECH_s01,110,25,110.83333333333333,1.7391694784164429,0.2662232266849439
TOKYOTECH_s01,110,26,110.86666666666666,1.8342258930206299,-0.05630431541826643
TOKYOTECH_s01,110,27,110.9,1.3463431596755981,-0.3883176391891993
TOKYOTECH_s01,110,28,110.93333333333334,0.8863789439201355,-0.7069291964781297
TOKYOTECH_s01,110,29,110.96666666666667,0.4472845494747162,-0.973524558051656
TOKYOTECH_s01,110,30,111.0,-0.006024970673024654,-1.1379837969577726
TOKYOTECH_s01,110,31,111.03333333333333,-0.14849142730236053,-1.1516825851075339
TOKYOTECH_s01,110,32,111.06666666666666,0.07146922498941422,-0.9852220019288322
TOKYOTECH_s01,110,33,111.1,0.25445476174354553,-0.6440710026753609
TOKYOTECH_s01,110,34,111.13333333333334,0.12431333214044571,-0.1749789247285857
TOKYOTECH_s01,110,35,111.16666666666667,-0.19208191335201263,0.3412356207762212
TOKYOTECH_s01,110,36,111.2,-0.48788291215896606,0.8096254178563957
TOKYOTECH_s01,110,37,111.23333333333333,-0.7604907751083374,1.147121054172532
TOKYOTECH_s01,110,38,111.26666666666667,-0.9501310586929321,1.304526103852256
TOKYOTECH_s01,110,39,111.3,-1.041564702987671,1.2758793671487876
TOKYOTECH_s01,110,40,111.33333333333333,-0.9345377087593079,1.0927678431203351
TOKYOTECH_s01,110,41,111.36666666666666,-1.0312873125076294,0.8079215580921578
TOKYOTECH_s01,110,42,111.4,-0.9452876448631287,0.47560610544723547
TOKYOTECH_s01,110,43,111.43333333333334,-0.1227387860417366,0.1360189336182485
TOKYOTECH_s01,110,44,111.46666666666667,1.4278932809829712,-0.19117744614265564
TOKYOTECH_s01,110,45,111.5,2.1091175079345703,-0.5024892500839857
TOKYOTECH_s01,110,46,111.53333333333333,1.714125633239746,-0.7981176820070617
TOKYOTECH_s01,110,47,111.56666666666666,1.237386703491211,-1.0676587522307734
TOKYOTECH_s01,110,48,111.6,0.8009305596351624,-1.2811395455525834
TOKYOTECH_s01,110,49,111.63333333333334,0.39467671513557434,-1.3905880310034076
TOKYOTECH_s01,110,50,111.66666666666667,0.2070053070783615,-1.3433818073511867
TOKYOTECH_s01,110,51,111.7,0.3612455129623413,-1.1037589150069858
TOKYOTECH_s01,110,52,111.73333333333333,0.4873310923576355,-0.6744993566023086
TOKYOTECH_s01,110,53,111.76666666666667,0.31836384534835815,-0.10865693939911089
TOKYOTECH_s01,110,54,111.8,0.00401619728654623,0.4968416528628578
TOKYOTECH_s01,110,55,111.83333333333333,-0.3547094762325287,1.0266255658804049
TOKYOTECH_s01,110,56,111.86666666666666,-0.5900665521621704,1.3818255821059837
TOKYOTECH_s01,110,57,111.9,-0.754505455493927,1.5089583852466202
TOKYOTECH_s01,110,58,111.93333333333334,-0.9483590722084045,1.4107690003589277
TOKYOTECH_s01,110,59,111.96666666666667,-0.9786794781684875,1.1368024703583048
TOKYOTECH_s01,110,60,112.0,-0.9841529130935669,0.7604007747401158
TOKYOTECH_s01,110,61,112.03333333333333,-0.9625742435455322,0.3529954755063516
TOKYOTECH_s01,110,62,112.06666666666666,-0.7260358333587646,-0.034546296449788655
TOKYOTECH_s01,110,63,112.1,0.4276353716850281,-0.37825897261841895
TOKYOTECH_s01,110,64,112.13333333333334,1.7756327390670776,-0.6750871290589188
TOKYOTECH_s01,110,65,112.16666666666667,1.9596813917160034,-0.9289332461888357
TOKYOTECH_s01,110,66,112.2,1.319291114807129,-1.135716502371235
TOKYOTECH_s01,110,67,112.23333333333333,0.7962840795516968,-1.2745045129083898
TOKYOTECH_s01,110,68,112.26666666666667,0.5071377754211426,-1.3092270518908395
TOKYOTECH_s01,110,69,112.3,0.10312843322753906,-1.2011791678327985
TOKYOTECH_s01,110,70,112.33333333333333,-0.07847888767719269,-0.9279093612941537
TOKYOTECH_s01,110,71,112.36666666666666,0.08529059588909149,-0.5005831231603253
TOKYOTECH_s01,110,72,112.4,0.22090543806552887,0.028926518849901876
TOKYOTECH_s01,110,73,112.43333333333334,0.054340168833732605,0.576483092559414
TOKYOTECH_s01,110,74,112.46666666666667,-0.21976403892040253,1.047633407985478
TOKYOTECH_s01,110,75,112.5,-0.5228497982025146,1.364227125248516
TOKYOTECH_s01,110,76,112.53333333333333,-0.8623988032341003,1.4849346334426665
TOKYOTECH_s01,110,77,112.56666666666666,-1.071333885192871,1.4123873932640016
TOKYOTECH_s01,110,78,112.6,-1.0923612117767334,1.186132612521804
TOKYOTECH_s01,110,79,112.63333333333334,-1.0461324453353882,0.8662052706746244
TOKYOTECH_s01,110,80,112.66666666666667,-1.0373120307922363,0.5142206446150003
TOKYOTECH_s01,110,81,112.7,-0.8792521953582764,0.1779807257550415
TOKYOTECH_s01,110,82,112.73333333333333,0.09391418844461441,-0.11655966515493527
TOKYOTECH_s01,110,83,112.76666666666667,1.5129084587097168,-0.3646787716883315
TOKYOTECH_s01,110,84,112.8,1.9015607833862305,-0.5749706622284428
TOKYOTECH_s01,110,85,112.83333333333333,1.3926507234573364,-0.7575631768619409
TOKYOTECH_s01,110,86,112.86666666666666,0.96588134765625,-0.9129228265504161
TOKYOTECH_s01,110,87,112.9,0.6436976790428162,-1.025543628867033
TOKYOTECH_s01,110,88,112.93333333333334,0.13919788599014282,-1.065541366274098
TOKYOTECH_s01,110,89,112.96666666666667,-0.09107957035303116,-0.9987147102489251
TOKYOTECH_s01,110,90,113.0,0.06898846477270126,-0.8022897483230798
TOKYOTECH_s01,110,91,113.03333333333333,0.11876115947961807,-0.4804160493918623
TOKYOTECH_s01,110,92,113.06666666666666,-0.0011028294684365392,-0.07210730339257178
TOKYOTECH_s01,110,93,113.1,-0.2256312221288681,0.3537930263667439
TOKYOTECH_s01,110,94,113.13333333333334,-0.6119996309280396,0.7167597821672729
TOKYOTECH_s01,110,95,113.16666666666667,-1.011323094367981,0.9494607322493327
TOKYOTECH_s01,110,96,113.2,-1.159696102142334,1.0187030969804425
TOKYOTECH_s01,110,97,113.23333333333333,-1.2373871803283691,0.9331321601633902
TOKYOTECH_s01,110,98,113.26666666666667,-1.3096048831939697,0.7353798643719833
TOKYOTECH_s01,110,99,113.3,-1.3060609102249146,0.4838775381619265
TOKYOTECH_s01,110,100,113.33333333333333,-1.1993489265441895,0.232533597084683
TOKYOTECH_s01,110,101,113.36666666666666,-0.7652554512023926,0.0153378306136946
TOKYOTECH_s01,110,102,113.4,0.5320635437965393,-0.15966646326073905
TOKYOTECH_s01,110,103,113.43333333333334,1.7759870290756226,-0.3057313737548888
TOKYOTECH_s01,110,104,113.46666666666667,1.7479112148284912,-0.4442683884369566
TOKYOTECH_s01,110,105,113.5,1.1032288074493408,-0.5886483672908928
TOKYOTECH_s01,110,106,113.53333333333333,0.5013887286186218,-0.7320564366389971
TOKYOTECH_s01,110,107,113.56666666666666,0.07028790563344955,-0.8451204021629533
TOKYOTECH_s01,110,108,113.6,-0.23271910846233368,-0.8845119983898048
TOKYOTECH_s01,110,109,113.63333333333334,-0.2817436456680298,-0.8090110782775561
TOKYOTECH_s01,110,110,113.66666666666667,-0.08911071717739105,-0.597287612148198
TOKYOTECH_s01,110,111,113.7,0.09107903391122818,-0.2612448847210038
TOKYOTECH_s01,110,112,113.73333333333333,-0.027918655425310135,0.15087748325495626
TOKYOTECH_s01,110,113,113.76666666666667,-0.3634905517101288,0.5648767529077161
TOKYOTECH_s01,110,114,113.8,-0.736431360244751,0.9020510967828805
TOKYOTECH_s01,110,115,113.83333333333333,-0.9613141417503357,1.1034786329269712
TOKYOTECH_s01,110,116,113.86666666666666,-1.020104169845581,1.1466167952776127
TOKYOTECH_s01,110,117,113.9,-1.0628284215927124,1.047196861751908
TOKYOTECH_s01,110,118,113.93333333333334,-1.1031506061553955,0.8470714921437049
TOKYOTECH_s01,110,119,113.96666666666667,-1.0712944269180298,0.5952497526009001
TOKYOTECH_s01,110,120,114.0,-0.822903573513031,0.33064018837000964
TOKYOTECH_s01,110,121,114.03333333333333,0.18822240829467773,0.07246446084879009
TOKYOTECH_s01,110,122,114.06666666666666,1.6914443969726562,-0.17897838392103368
TOKYOTECH_s01,110,123,114.1,2.01106858253479,-0.43213877767208614
TOKYOTECH_s01,110,124,114.13333333333334,1.477665901184082,-0.6895568962668224
TOKYOTECH_s01,110,125,114.16666666666667,0.8945299983024597,-0.9358081639057381
TOKYOTECH_s01,110,126,114.2,0.4017646014690399,-1.1337874470560259
TOKYOTECH_s01,110,127,114.23333333333333,-0.18834108114242554,-1.231525449865613
TOKYOTECH_s01,110,128,114.26666666666667,-0.3266729414463043,-1.1781341268270418
TOKYOTECH_s01,110,129,114.3,-0.10395589470863342,-0.9442808577013818
TOKYOTECH_s01,110,130,114.33333333333333,0.019767049700021744,-0.5399059816838999
TOKYOTECH_s01,110,131,114.36666666666666,-0.14112789928913116,-0.02095102652960473
TOKYOTECH_s01,110,132,114.4,-0.3119852840900421,0.5206648093676586
TOKYOTECH_s01,110,133,114.43333333333334,-0.6042029857635498,0.9826764462526867
TOKYOTECH_s01,110,134,114.46666666666667,-0.892246663570404,1.2835604637686993
TOKYOTECH_s01,110,135,114.5,-1.0473531484603882,1.3848926420039223
TOKYOTECH_s01,110,136,114.53333333333333,-1.2194312810897827,1.2961037776167212
TOKYOTECH_s01,110,137,114.56666666666666,-1.2904281616210938,1.0625065435985448
TOKYOTECH_s01,110,138,114.6,-1.26058030128479,0.7442691387620989
TOKYOTECH_s01,110,139,114.63333333333334,-1.1723755598068237,0.3956805166134548
TOKYOTECH_s01,110,140,114.66666666666667,-0.5411601662635803,0.05194302687361245
TOKYOTECH_s01,110,141,114.7,1.0415642261505127,-0.2732028314928097
TOKYOTECH_s01,110,142,114.73333333333333,2.012446641921997,-0.5797962973154532
TOKYOTECH_s01,110,143,114.76666666666667,1.5842204093933105,-0.8680367939111476
TOKYOTECH_s01,110,144,114.8,0.804947018623352,-1.1249448324495543
TOKYOTECH_s01,110,145,114.83333333333333,0.3763269782066345,-1.317689182749368
TOKYOTECH_s01,110,146,114.86666666666666,-0.06111357733607292,-1.3977972251499962
TOKYOTECH_s01,110,147,114.9,-0.4102706015110016,-1.31635584485488
TOKYOTECH_s01,110,148,114.93333333333334,-0.2622125744819641,-1.0454424361598886
TOKYOTECH_s01,110,149,114.96666666666667,0.06138867512345314,-0.5971533142567649
TOKYOTECH_s01,110,150,115.0,0.19479839503765106,-0.0307159557747793
TOKYOTECH_s01,110,151,115.03333333333333,-0.04524459317326546,0.5580637476794366
TOKYOTECH_s01,110,152,115.06666666666666,-0.378572016954422,1.0629059153319198
TOKYOTECH_s01,110,153,115.1,-0.6850442290306091,1.398606965394054
TOKYOTECH_s01,110,154,115.13333333333334,-0.9022091031074524,1.524555954003057
TOKYOTECH_s01,110,155,115.16666666666667,-1.0182141065597534,1.4504626417134265
TOKYOTECH_s01,110,156,115.2,-1.0125044584274292,1.2237609246873373
TOKYOTECH_s01,110,157,115.23333333333333,-1.0638915300369263,0.9067173633035999
TOKYOTECH_s01,110,158,115.26666666666667,-0.965960681438446,0.5539646279128237
TOKYOTECH_s01,110,159,115.3,-0.27701839804649353,0.1987225600531126
TOKYOTECH_s01,110,160,115.33333333333333,1.3123213052749634,-0.14843766330027958
TOKYOTECH_s01,110,161,115.36666666666666,2.004610776901245,-0.4893351035948466
TOKYOTECH_s01,110,162,115.4,1.5344083309173584,-0.8220148151859006
TOKYOTECH_s01,110,163,115.43333333333334,1.0225056409835815,-1.126633167032261
TOKYOTECH_s01,110,164,115.46666666666667,0.5657309889793396,-1.3603248440465747
TOKYOTECH_s01,110,165,115.5,-0.078675776720047,-1.4644153482229876
TOKYOTECH_s01,110,166,115.53333333333333,-0.34092745184898376,-1.3828336249452924
TOKYOTECH_s01,110,167,115.56666666666666,-0.15298041701316833,-1.0860796464453606
TOKYOTECH_s01,110,168,115.6,0.11151576042175293,-0.5916003975814532
TOKYOTECH_s01,110,169,115.63333333333334,0.06757088750600815,0.029383414151566888
TOKYOTECH_s01,110,170,115.66666666666667,-0.18263140320777893,0.6650156034269056
TOKYOTECH_s01,110,171,115.7,-0.42574581503868103,1.1938320364177064
TOKYOTECH_s01,110,172,115.73333333333333,-0.7130807042121887,1.5212665533361427
TOKYOTECH_s01,110,173,115.76666666666667,-0.9323325753211975,1.6050632410854315
TOKYOTECH_s01,110,174,115.8,-0.9816721081733704,1.4596827436221875
TOKYOTECH_s01,110,175,115.83333333333333,-1.0786579847335815,1.1413534554550775
TOKYOTECH_s01,110,176,115.86666666666666,-1.1547739505767822,0.7232804405255033
TOKYOTECH_s01,110,177,115.9,-0.9650155901908875,0.2721418082025259
TOKYOTECH_s01,110,178,115.93333333333334,0.28851595520973206,-0.16597962168424324
TOKYOTECH_s01,110,179,115.96666666666667,1.7911078929901123,-0.567230697879849
TOKYOTECH_s01,110,180,116.0,1.9963021278381348,-0.9212634816874234
TOKYOTECH_s01,110,181,116.03333333333333,1.4660496711730957,-1.2177823948712552
TOKYOTECH_s01,110,182,116.06666666666666,0.9624161720275879,-1.4353413074973447
TOKYOTECH_s01,110,183,116.1,0.4501984715461731,-1.5382933191750054
TOKYOTECH_s01,110,184,116.13333333333334,0.02795749343931675,-1.4846020307830012
TOKYOTECH_s01,110,185,116.16666666666667,-0.11470585316419601,-1.242789687518726
TOKYOTECH_s01,110,186,116.2,0.04099132493138313,-0.8118751858986063
TOKYOTECH_s01,110,187,116.23333333333333,0.2948950529098511,-0.23510564584665986
TOKYOTECH_s01,110,188,116.26666666666667,0.2130693793296814,0.4015076777866867
TOKYOTECH_s01,110,189,116.3,-0.2094472348690033,0.9890081787047043
TOKYOTECH_s01,110,190,116.33333333333333,-0.4769754409790039,1.4265886340096108
TOKYOTECH_s01,110,191,116.36666666666666,-0.6638199090957642,1.6498221685980186
TOKYOTECH_s01,110,192,116.4,-0.8400325775146484,1.6441000751595352
TOKYOTECH_s01,110,193,116.43333333333334,-1.0449118614196777,1.440001840490617
TOKYOTECH_s01,110,194,116.46666666666667,-1.0606626272201538,1.095765181522451
TOKYOTECH_s01,110,195,116.5,-0.8961449861526489,0.6761679383119569
TOKYOTECH_s01,110,196,116.53333333333333,-0.3975517749786377,0.23621283818089456
TOKYOTECH_s01,110,197,116.56666666666666,0.9152423739433289,-0.18597171470584417
TOKYOTECH_s01,110,198,116.6,1.9814175367355347,-0.5669149543060775
TOKYOTECH_s01,110,199,116.63333333333334,1.8168212175369263,-0.889468263470033
TOKYOTECH_s01,110,200,116.66666666666667,1.2079719305038452,-1.1334383676606374
TOKYOTECH_s01,110,201,116.7,0.7145765423774719,-1.270515664903157
TOKYOTECH_s01,110,202,116.73333333333333,0.2731195092201233,-1.2672609894551112
TOKYOTECH_s01,110,203,116.76666666666667,-0.14648319780826569,-1.096583215197356
TOKYOTECH_s01,110,204,116.8,-0.1424667239189148,-0.7537995075482775
TOKYOTECH_s01,110,205,116.83333333333333,0.12372267246246338,-0.2698546232128884
TOKYOTECH_s01,110,206,116.86666666666666,0.2055089771747589,0.2862537285837867
TOKYOTECH_s01,110,207,116.9,0.009686504490673542,0.8198807715400266
TOKYOTECH_s01,110,208,116.93333333333334,-0.31387537717819214,1.2346911054344356
TOKYOTECH_s01,110,209,116.96666666666667,-0.7225705981254578,1.4586769070128047
TOKYOTECH_s01,110,210,117.0,-0.8902384638786316,1.461815343000247
TOKYOTECH_s01,110,211,117.03333333333333,-0.9844679236412048,1.2593350955012126
TOKYOTECH_s01,110,212,117.06666666666666,-1.0248688459396362,0.9013337542126104
TOKYOTECH_s01,110,213,117.1,-0.9915951490402222,0.45479764297754394
TOKYOTECH_s01,110,214,117.13333333333334,-0.9234333634376526,-0.014517137903835724
TOKYOTECH_s01,110,215,117.16666666666667,0.15522438287734985,-0.4547131900796143
TOKYOTECH_s01,110,216,117.2,1.6491140127182007,-0.8323289045031174
TOKYOTECH_s01,110,217,117.23333333333333,1.950860857963562,-1.129391722004219
TOKYOTECH_s01,110,218,117.26666666666667,1.4785321950912476,-1.3359679604093908
TOKYOTECH_s01,110,219,117.3,1.0485339164733887,-1.442601532563116
TOKYOTECH_s01,110,220,117.33333333333333,0.6137710809707642,-1.4368705152898182
TOKYOTECH_s01,110,221,117.36666666666666,0.14786085486412048,-1.306377600209515
TOKYOTECH_s01,110,222,117.4,0.0718236193060875,-1.0472493508376837
TOKYOTECH_s01,110,223,117.43333333333334,0.2948163151741028,-0.674004573206589
TOKYOTECH_s01,110,224,117.46666666666667,0.379555881023407,-0.22515983710134466
TOKYOTECH_s01,110,225,117.5,0.12864480912685394,0.23957292623615142
TOKYOTECH_s01,110,226,117.53333333333333,-0.10604288429021835,0.6505363070828535
TOKYOTECH_s01,110,227,117.56666666666666,-0.3488028943538666,0.9437714237044241
TOKYOTECH_s01,110,228,117.6,-0.7757691144943237,1.0755099724541017
TOKYOTECH_s01,110,229,117.63333333333334,-0.8672422170639038,1.0313257047255033
TOKYOTECH_s01,110,230,117.66666666666667,-0.9148491621017456,0.8284863687142745
TOKYOTECH_s01,110,231,117.7,-1.0069522857666016,0.5121470164150048
TOKYOTECH_s01,110,232,117.73333333333333,-1.0372332334518433,0.14656515167563208
TOKYOTECH_s01,110,233,117.76666666666667,-0.7848652601242065,-0.1972779071477425
TOKYOTECH_s01,110,234,117.8,0.47654175758361816,-0.4552471263104172
TOKYOTECH_s01,110,235,117.83333333333333,1.8242241144180298,-0.5816556425231934
TOKYOTECH_s01,110,236,117.86666666666666,1.8732879161834717,-0.5565057121315753
TOKYOTECH_s01,110,237,117.9,1.3403185606002808,-0.3875435333869152
TOKYOTECH_s01,110,238,117.93333333333334,0.8961051106452942,-0.10745953146129483
TOKYOTECH_s01,110,239,117.96666666666667,0.4113726019859314,0.23272555739955897
TOKYOTECH_s01,111,0,111.0,-0.006024970673024654,0.11079919305425556
TOKYOTECH_s01,111,1,111.03333333333333,-0.14849142730236053,-0.09489617771522403
TOKYOTECH_s01,111,2,111.06666666666666,0.07146922498941422,-0.2227655348028039
TOKYOTECH_s01,111,3,111.1,0.25445476174354553,-0.21817637089677228
TOKYOTECH_s01,111,4,111.13333333333334,0.12431333214044571,-0.06798028917813073
TOKYOTECH_s01,111,5,111.16666666666667,-0.19208191335201263,0.1965807455718839
TOKYOTECH_s01,111,6,111.2,-0.48788291215896606,0.5120078473094745
TOKYOTECH_s01,111,7,111.23333333333333,-0.7604907751083374,0.8049394068157658
TOKYOTECH_s01,111,8,111.26666666666667,-0.9501310586929321,1.0152682312140036
TOKYOTECH_s01,111,9,111.3,-1.041564702987671,1.110535361320904
TOKYOTECH_s01,111,10,111.33333333333333,-0.9345377087593079,1.08767441558628
TOKYOTECH_s01,111,11,111.36666666666666,-1.0312873125076294,0.9647934687801542
TOKYOTECH_s01,111,12,111.4,-0.9452876448631287,0.7688453097233634
TOKYOTECH_s01,111,13,111.43333333333334,-0.1227387860417366,0.5246852292781422
TOKYOTECH_s01,111,14,111.46666666666667,1.4278932809829712,0.24916587129320808
TOKYOTECH_s01,111,15,111.5,2.1091175079345703,-0.04843646223271481
TOKYOTECH_s01,111,16,111.53333333333333,1.714125633239746,-0.3608051291612981
TOKYOTECH_s01,111,17,111.56666666666666,1.237386703491211,-0.6747466972606184
TOKYOTECH_s01,111,18,111.6,0.8009305596351624,-0.9648401546127646
TOKYOTECH_s01,111,19,111.63333333333334,0.39467671513557434,-1.1920468784002496
TOKYOTECH_s01,111,20,111.66666666666667,0.2070053070783615,-1.3096460658102203
TOKYOTECH_s01,111,21,111.7,0.3612455129623413,-1.2763870848685972
TOKYOTECH_s01,111,22,111.73333333333333,0.4873310923576355,-1.073057548203599
TOKYOTECH_s01,111,23,111.76666666666667,0.31836384534835815,-0.7155356712194415
TOKYOTECH_s01,111,24,111.8,0.00401619728654623,-0.25712995112141307
TOKYOTECH_s01,111,25,111.83333333333333,-0.3547094762325287,0.22303988804882657
TOKYOTECH_s01,111,26,111.86666666666666,-0.5900665521621704,0.6418927488610066
TOKYOTECH_s01,111,27,111.9,-0.754505455493927,0.9351932443621053
TOKYOTECH_s01,111,28,111.93333333333334,-0.9483590722084045,1.071850708484803
TOKYOTECH_s01,111,29,111.96666666666667,-0.9786794781684875,1.0551352498833975
TOKYOTECH_s01,111,30,112.0,-0.9841529130935669,0.912917884159134
TOKYOTECH_s01,111,31,112.03333333333333,-0.9625742435455322,0.6834147024902457
TOKYOTECH_s01,111,32,112.06666666666666,-0.7260358333587646,0.40282256677261485
TOKYOTECH_s01,111,33,112.1,0.4276353716850281,0.09843297443816389
TOKYOTECH_s01,111,34,112.13333333333334,1.7756327390670776,-0.21191320661546348
TOKYOTECH_s01,111,35,112.16666666666667,1.9596813917160034,-0.515122085050077
TOKYOTECH_s01,111,36,112.2,1.319291114807129,-0.7955341069820694
TOKYOTECH_s01,111,37,112.23333333333333,0.7962840795516968,-1.0286779466052993
TOKYOTECH_s01,111,38,112.26666666666667,0.5071377754211426,-1.1798150195368295
TOKYOTECH_s01,111,39,112.3,0.10312843322753906,-1.2095758967484163
TOKYOTECH_s01,111,40,112.33333333333333,-0.07847888767719269,-1.0861206365119662
TOKYOTECH_s01,111,41,112.36666666666666,0.08529059588909149,-0.79989049727808
TOKYOTECH_s01,111,42,112.4,0.22090543806552887,-0.37467531193014464
TOKYOTECH_s01,111,43,112.43333333333334,0.054340168833732605,0.1311322519628531
TOKYOTECH_s01,111,44,112.46666666666667,-0.21976403892040253,0.635923508442457
TOKYOTECH_s01,111,45,112.5,-0.5228497982025146,1.056032893801309
TOKYOTECH_s01,111,46,112.53333333333333,-0.8623988032341003,1.3283090818738545
TOKYOTECH_s01,111,47,112.56666666666666,-1.071333885192871,1.4245981386685258
TOKYOTECH_s01,111,48,112.6,-1.0923612117767334,1.3534438731717053
TOKYOTECH_s01,111,49,112.63333333333334,-1.0461324453353882,1.150863280424203
TOKYOTECH_s01,111,50,112.66666666666667,-1.0373120307922363,0.8655202704007413
TOKYOTECH_s01,111,51,112.7,-0.8792521953582764,0.5438116759479817
TOKYOTECH_s01,111,52,112.73333333333333,0.09391418844461441,0.21923602133412998
TOKYOTECH_s01,111,53,112.76666666666667,1.5129084587097168,-0.09128150554694782
TOKYOTECH_s01,111,54,112.8,1.9015607833862305,-0.3836177845967735
TOKYOTECH_s01,111,55,112.83333333333333,1.3926507234573364,-0.6571569857620102
TOKYOTECH_s01,111,56,112.86666666666666,0.96588134765625,-0.9040020752787784
TOKYOTECH_s01,111,57,112.9,0.6436976790428162,-1.1017411212705455
TOKYOTECH_s01,111,58,112.93333333333334,0.13919788599014282,-1.2140322512793096
TOKYOTECH_s01,111,59,112.96666666666667,-0.09107957035303116,-1.200444340294813
TOKYOTECH_s01,111,60,113.0,0.06898846477270126,-1.032839518028811
TOKYOTECH_s01,111,61,113.03333333333333,0.11876115947961807,-0.711985462402934
TOKYOTECH_s01,111,62,113.06666666666666,-0.0011028294684365392,-0.2768827052626488
TOKYOTECH_s01,111,63,113.1,-0.2256312221288681,0.19895335434789058
TOKYOTECH_s01,111,64,113.13333333333334,-0.6119996309280396,0.6255743585656299
TOKYOTECH_s01,111,65,113.16666666666667,-1.011323094367981,0.923786511964716
TOKYOTECH_s01,111,66,113.2,-1.159696102142334,1.050020844958935
TOKYOTECH_s01,111,67,113.23333333333333,-1.2373871803283691,1.0071344115599687
TOKYOTECH_s01,111,68,113.26666666666667,-1.3096048831939697,0.8370510179232281
TOKYOTECH_s01,111,69,113.3,-1.3060609102249146,0.6006157561211445
TOKYOTECH_s01,111,70,113.33333333333333,-1.1993489265441895,0.35432050691311806
TOKYOTECH_s01,111,71,113.36666666666666,-0.7652554512023926,0.13261958830933976
TOKYOTECH_s01,111,72,113.4,0.5320635437965393,-0.0585608923000279
TOKYOTECH_s01,111,73,113.43333333333334,1.7759870290756226,-0.23560389485923622
TOKYOTECH_s01,111,74,113.46666666666667,1.7479112148284912,-0.42135248307701095
TOKYOTECH_s01,111,75,113.5,1.1032288074493408,-0.6264783419950932
TOKYOTECH_s01,111,76,113.53333333333333,0.5013887286186218,-0.8362596973815141
TOKYOTECH_s01,111,77,113.56666666666666,0.07028790563344955,-1.0088847915082955
TOKYOTECH_s01,111,78,113.6,-0.23271910846233368,-1.0864955695541847
TOKYOTECH_s01,111,79,113.63333333333334,-0.2817436456680298,-1.015188372880453
TOKYOTECH_s01,111,80,113.66666666666667,-0.08911071717739105,-0.7673622772012831
TOKYOTECH_s01,111,81,113.7,0.09107903391122818,-0.3586215156293263
TOKYOTECH_s01,111,82,113.73333333333333,-0.027918655425310135,0.1485617495960758
TOKYOTECH_s01,111,83,113.76666666666667,-0.3634905517101288,0.6587904735889388
TOKYOTECH_s01,111,84,113.8,-0.736431360244751,1.0719284926203099
TOKYOTECH_s01,111,85,113.83333333333333,-0.9613141417503357,1.3143658499419195
TOKYOTECH_s01,111,86,113.86666666666666,-1.020104169845581,1.359757504223403
TOKYOTECH_s01,111,87,113.9,-1.0628284215927124,1.2306149101967636
TOKYOTECH_s01,111,88,113.93333333333334,-1.1031506061553955,0.9820643590597178
TOKYOTECH_s01,111,89,113.96666666666667,-1.0712944269180298,0.6773242345315174
TOKYOTECH_s01,111,90,114.0,-0.822903573513031,0.3659449832133993
TOKYOTECH_s01,111,91,114.03333333333333,0.18822240829467773,0.07223794754872077
TOKYOTECH_s01,111,92,114.06666666666666,1.6914443969726562,-0.20343430695192768
TOKYOTECH_s01,111,93,114.1,2.01106858253479,-0.4724249497896279
TOKYOTECH_s01,111,94,114.13333333333334,1.477665901184082,-0.7406289409320239
TOKYOTECH_s01,111,95,114.16666666666667,0.8945299983024597,-0.9943243742094808
TOKYOTECH_s01,111,96,114.2,0.4017646014690399,-1.1955867334575434
TOKYOTECH_s01,111,97,114.23333333333333,-0.18834108114242554,-1.2899606328216409
TOKYOTECH_s01,111,98,114.26666666666667,-0.3266729414463043,-1.224495774007971
TOKYOTECH_s01,111,99,114.3,-0.10395589470863342,-0.9702330588439375
TOKYOTECH_s01,111,100,114.33333333333333,0.019767049700021744,-0.5406995609944536
TOKYOTECH_s01,111,101,114.36666666666666,-0.14112789928913116,0.002163760370631512
TOKYOTECH_s01,111,102,114.4,-0.3119852840900421,0.5600011395578097
TOKYOTECH_s01,111,103,114.43333333333334,-0.6042029857635498,1.0259615505775457
TOKYOTECH_s01,111,104,114.46666666666667,-0.892246663570404,1.317358312461088
TOKYOTECH_s01,111,105,114.5,-1.0473531484603882,1.3981509125069451
TOKYOTECH_s01,111,106,114.53333333333333,-1.2194312810897827,1.2823994761002502
TOKYOTECH_s01,111,107,114.56666666666666,-1.2904281616210938,1.0203398670625419
TOKYOTECH_s01,111,108,114.6,-1.26058030128479,0.6757802007817422
TOKYOTECH_s01,111,109,114.63333333333334,-1.1723755598068237,0.3048281797009604
TOKYOTECH_s01,111,110,114.66666666666667,-0.5411601662635803,-0.05682957946026746
TOKYOTECH_s01,111,111,114.7,1.0415642261505127,-0.3952548882898457
TOKYOTECH_s01,111,112,114.73333333333333,2.012446641921997,-0.7094062860163198
TOKYOTECH_s01,111,113,114.76666666666667,1.5842204093933105,-0.9966632314967865
TOKYOTECH_s01,111,114,114.8,0.804947018623352,-1.239678354008022
TOKYOTECH_s01,111,115,114.83333333333333,0.3763269782066345,-1.4015267392516289
TOKYOTECH_s01,111,116,114.86666666666666,-0.06111357733607292,-1.4328513114871844
TOKYOTECH_s01,111,117,114.9,-0.4102706015110016,-1.2895056722712521
TOKYOTECH_s01,111,118,114.93333333333334,-0.2622125744819641,-0.954337217559749
TOKYOTECH_s01,111,119,114.96666666666667,0.06138867512345314,-0.4537850323912488
TOKYOTECH_s01,111,120,115.0,0.19479839503765106,0.13977351639070001
TOKYOTECH_s01,111,121,115.03333333333333,-0.04524459317326546,0.7239923248550835
TOKYOTECH_s01,111,122,115.06666666666666,-0.378572016954422,1.196060719024966
TOKYOTECH_s01,111,123,115.1,-0.6850442290306091,1.483416354337446
TOKYOTECH_s01,111,124,115.13333333333334,-0.9022091031074524,1.5622610820688891
TOKYOTECH_s01,111,125,115.16666666666667,-1.0182141065597534,1.4566347725485502
TOKYOTECH_s01,111,126,115.2,-1.0125044584274292,1.2206972912685443
TOKYOTECH_s01,111,127,115.23333333333333,-1.0638915300369263,0.9142738441425426
TOKYOTECH_s01,111,128,115.26666666666667,-0.965960681438446,0.582486206737378
TOKYOTECH_s01,111,129,115.3,-0.27701839804649353,0.24631348273651724
TOKYOTECH_s01,111,130,115.33333333333333,1.3123213052749634,-0.09395989999856953
TOKYOTECH_s01,111,131,115.36666666666666,2.004610776901245,-0.4450413986828957
TOKYOTECH_s01,111,132,115.4,1.5344083309173584,-0.8032511971232063
TOKYOTECH_s01,111,133,115.43333333333334,1.0225056409835815,-1.1416381815380283
TOKYOTECH_s01,111,134,115.46666666666667,0.5657309889793396,-1.4078395580039418
TOKYOTECH_s01,111,135,115.5,-0.078675776720047,-1.5347651653134389
TOKYOTECH_s01,111,136,115.53333333333333,-0.34092745184898376,-1.461715930884296
TOKYOTECH_s01,111,137,115.56666666666666,-0.15298041701316833,-1.1595179682585388
TOKYOTECH_s01,111,138,115.6,0.11151576042175293,-0.650290594160702
TOKYOTECH_s01,111,139,115.63333333333334,0.06757088750600815,-0.012136730895260706
TOKYOTECH_s01,111,140,115.66666666666667,-0.18263140320777893,0.6369633252027903
TOKYOTECH_s01,111,141,115.7,-0.42574581503868103,1.17285754288403
TOKYOTECH_s01,111,142,115.73333333333333,-0.7130807042121887,1.502809884327241
TOKYOTECH_s01,111,143,115.76666666666667,-0.9323325753211975,1.5896570921620419
TOKYOTECH_s01,111,144,115.8,-0.9816721081733704,1.453235070617665
TOKYOTECH_s01,111,145,115.83333333333333,-1.0786579847335815,1.1524454550329986
TOKYOTECH_s01,111,146,115.86666666666666,-1.1547739505767822,0.759080664797702
TOKYOTECH_s01,111,147,115.9,-0.9650155901908875,0.3350243298338374
TOKYOTECH_s01,111,148,115.93333333333334,0.28851595520973206,-0.07976222952560058
TOKYOTECH_s01,111,149,115.96666666666667,1.7911078929901123,-0.46671818628065337
TOKYOTECH_s01,111,150,116.0,1.9963021278381348,-0.818546295126585
TOKYOTECH_s01,111,151,116.03333333333333,1.4660496711730957,-1.1253100278803116
TOKYOTECH_s01,111,152,116.06666666666666,0.9624161720275879,-1.363733924557551
TOKYOTECH_s01,111,153,116.1,0.4501984715461731,-1.4954120723221624
TOKYOTECH_s01,111,154,116.13333333333334,0.02795749343931675,-1.475926039004207
TOKYOTECH_s01,111,155,116.16666666666667,-0.11470585316419601,-1.2722243847279728
TOKYOTECH_s01,111,156,116.2,0.04099132493138313,-0.8818219661224106
TOKYOTECH_s01,111,157,116.23333333333333,0.2948950529098511,-0.345248097068885
TOKYOTECH_s01,111,158,116.26666666666667,0.2130693793296814,0.2562355055925296
TOKYOTECH_s01,111,159,116.3,-0.2094472348690033,0.820105151486179
TOKYOTECH_s01,111,160,116.33333333333333,-0.4769754409790039,1.252125428093338
TOKYOTECH_s01,111,161,116.36666666666666,-0.6638199090957642,1.4923809514640891
TOKYOTECH_s01,111,162,116.4,-0.8400325775146484,1.526608970880407
TOKYOTECH_s01,111,163,116.43333333333334,-1.0449118614196777,1.3803165487292228
TOKYOTECH_s01,111,164,116.46666666666667,-1.0606626272201538,1.1015613080117845
TOKYOTECH_s01,111,165,116.5,-0.8961449861526489,0.7420122977709753
TOKYOTECH_s01,111,166,116.53333333333333,-0.3975517749786377,0.3441055773938875
TOKYOTECH_s01,111,167,116.56666666666666,0.9152423739433289,-0.06258115738960296
TOKYOTECH_s01,111,168,116.6,1.9814175367355347,-0.456859588808412
TOKYOTECH_s01,111,169,116.63333333333334,1.8168212175369263,-0.8171711676745963
TOKYOTECH_s01,111,170,116.66666666666667,1.2079719305038452,-1.113592355236255
TOKYOTECH_s01,111,171,116.7,0.7145765423774719,-1.3054600732341322
TOKYOTECH_s01,111,172,116.73333333333333,0.2731195092201233,-1.3476666894649112
TOKYOTECH_s01,111,173,116.76666666666667,-0.14648319780826569,-1.2052560780521704
TOKYOTECH_s01,111,174,116.8,-0.1424667239189148,-0.8716081405112756
TOKYOTECH_s01,111,175,116.83333333333333,0.12372267246246338,-0.3819603977069177
TOKYOTECH_s01,111,176,116.86666666666666,0.2055089771747589,0.18636945092369023
TOKYOTECH_s01,111,177,116.9,0.009686504490673542,0.7308237367122722
TOKYOTECH_s01,111,178,116.93333333333334,-0.31387537717819214,1.1522404148964493
TOKYOTECH_s01,111,179,116.96666666666667,-0.7225705981254578,1.3829657036590066
TOKYOTECH_s01,111,180,117.0,-0.8902384638786316,1.4024793400742532
TOKYOTECH_s01,111,181,117.03333333333333,-0.9844679236412048,1.235429968607364
TOKYOTECH_s01,111,182,117.06666666666666,-1.0248688459396362,0.9355767067505728
TOKYOTECH_s01,111,183,117.1,-0.9915951490402222,0.5645944034872129
TOKYOTECH_s01,111,184,117.13333333333334,-0.9234333634376526,0.17466446351936268
TOKYOTECH_s01,111,185,117.16666666666667,0.15522438287734985,-0.1999848360268648
TOKYOTECH_s01,111,186,117.2,1.6491140127182007,-0.5417629316882658
TOKYOTECH_s01,111,187,117.23333333333333,1.950860857963562,-0.8412768602377809
TOKYOTECH_s01,111,188,117.26666666666667,1.4785321950912476,-1.0866621514623176
TOKYOTECH_s01,111,189,117.3,1.0485339164733887,-1.2561894078041935
TOKYOTECH_s01,111,190,117.33333333333333,0.6137710809707642,-1.3183592159161404
TOKYOTECH_s01,111,191,117.36666666666666,0.14786085486412048,-1.240674767089124
TOKYOTECH_s01,111,192,117.4,0.0718236193060875,-1.0043322563492474
TOKYOTECH_s01,111,193,117.43333333333334,0.2948163151741028,-0.618695478606802
TOKYOTECH_s01,111,194,117.46666666666667,0.379555881023407,-0.12831380031046807
TOKYOTECH_s01,111,195,117.5,0.12864480912685394,0.3923989738579257
TOKYOTECH_s01,111,196,117.53333333333333,-0.10604288429021835,0.8563062669194179
TOKYOTECH_s01,111,197,117.56666666666666,-0.3488028943538666,1.1862546621197694
TOKYOTECH_s01,111,198,117.6,-0.7757691144943237,1.3342790415953645
TOKYOTECH_s01,111,199,117.63333333333334,-0.8672422170639038,1.2901971777394703
TOKYOTECH_s01,111,200,117.66666666666667,-0.9148491621017456,1.078234085702959
TOKYOTECH_s01,111,201,117.7,-1.0069522857666016,0.7456646396388865
TOKYOTECH_s01,111,202,117.73333333333333,-1.0372332334518433,0.34900299249181743
TOKYOTECH_s01,111,203,117.76666666666667,-0.7848652601242065,-0.0579850263570582
TOKYOTECH_s01,111,204,117.8,0.47654175758361816,-0.43181478029456544
TOKYOTECH_s01,111,205,117.83333333333333,1.8242241144180298,-0.7414385495393203
TOKYOTECH_s01,111,206,117.86666666666666,1.8732879161834717,-0.9661553812976625
TOKYOTECH_s01,111,207,117.9,1.3403185606002808,-1.0918809908006029
TOKYOTECH_s01,111,208,117.93333333333334,0.8961051106452942,-1.1084085124685474
TOKYOTECH_s01,111,209,117.96666666666667,0.4113726019859314,-1.0093382259169585
TOKYOTECH_s01,111,210,118.0,0.12391956150531769,-0.7951626575910679
TOKYOTECH_s01,111,211,118.03333333333333,-0.009568912908434868,-0.4784613166572119
TOKYOTECH_s01,111,212,118.06666666666666,0.12167506664991379,-0.08839440123480014
TOKYOTECH_s01,111,213,118.1,0.33620166778564453,0.3290211131586525
TOKYOTECH_s01,111,214,118.13333333333334,0.17377100884914398,0.7169450263779208
TOKYOTECH_s01,111,215,118.16666666666667,-0.25252580642700195,1.0191521956628016
TOKYOTECH_s01,111,216,118.2,-0.554981529712677,1.1930456025148004
TOKYOTECH_s01,111,217,118.23333333333333,-0.7561987042427063,1.219342445839169
TOKYOTECH_s01,111,218,118.26666666666667,-1.0026994943618774,1.1050298275444403
TOKYOTECH_s01,111,219,118.3,-0.9756474494934082,0.879059998150478
TOKYOTECH_s01,111,220,118.33333333333333,-0.9668269753456116,0.582805423412018
TOKYOTECH_s01,111,221,118.36666666666666,-0.895829975605011,0.2588367361361448
TOKYOTECH_s01,111,222,118.4,-0.11671408265829086,-0.058028273619576354
TOKYOTECH_s01,111,223,118.43333333333334,1.4206478595733643,-0.34449466085445635
TOKYOTECH_s01,111,224,118.46666666666667,2.090689182281494,-0.5867813919643593
TOKYOTECH_s01,111,225,118.5,1.5651224851608276,-0.7747805898448689
TOKYOTECH_s01,111,226,118.53333333333333,1.1448110342025757,-0.8959308141402395
TOKYOTECH_s01,111,227,118.56666666666666,0.7985285520553589,-0.9324833250940164
TOKYOTECH_s01,111,228,118.6,0.3469516336917877,-0.8645224014468353
TOKYOTECH_s01,111,229,118.63333333333334,0.1734953671693802,-0.6786380726583107
TOKYOTECH_s01,111,230,118.66666666666667,0.2967851758003235,-0.3792118869309097
TOKYOTECH_s01,111,231,118.7,0.49272575974464417,0.003095433862312229
TOKYOTECH_s01,111,232,118.73333333333333,0.2242918610572815,0.41142908376570914
TOKYOTECH_s01,111,233,118.76666666666667,-0.013506625778973103,0.7739398801441981
TOKYOTECH_s01,111,234,118.8,-0.25776296854019165,1.0224778763621512
TOKYOTECH_s01,111,235,118.83333333333333,-0.6518099308013916,1.1105888716860446
TOKYOTECH_s01,111,236,118.86666666666666,-0.7939613461494446,1.0234666353243629
TOKYOTECH_s01,111,237,118.9,-0.7797855734825134,0.7775256007657878
TOKYOTECH_s01,111,238,118.93333333333334,-0.8036875128746033,0.41257212574032726
TOKYOTECH_s01,111,239,118.96666666666667,-0.8537752032279968,-0.017949527142860022
TOKYOTECH_s01,112,0,112.0,-0.9841529130935669,-0.12806252208305272
TOKYOTECH_s01,112,1,112.03333333333333,-0.9625742435455322,-0.16491541877222443
TOKYOTECH_s01,112,2,112.06666666666666,-0.7260358333587646,-0.2276896272600215
TOKYOTECH_s01,112,3,112.1,0.4276353716850281,-0.336974470910337
TOKYOTECH_s01,112,4,112.13333333333334,1.7756327390670776,-0.49924741861884453
TOKYOTECH_s01,112,5,112.16666666666667,1.9596813917160034,-0.7046316197240392
TOKYOTECH_s01,112,6,112.2,1.319291114807129,-0.9283901572948969
TOKYOTECH_s01,112,7,112.23333333333333,0.7962840795516968,-1.135427230273594
TOKYOTECH_s01,112,8,112.26666666666667,0.5071377754211426,-1.286622500795391
TOKYOTECH_s01,112,9,112.3,0.10312843322753906,-1.345920258249274
TOKYOTECH_s01,112,10,112.33333333333333,-0.07847888767719269,-1.28748231752662
TOKYOTECH_s01,112,11,112.36666666666666,0.08529059588909149,-1.1020468174365081
TOKYOTECH_s01,112,12,112.4,0.22090543806552887,-0.8007125034134212
TOKYOTECH_s01,112,13,112.43333333333334,0.054340168833732605,-0.4140846970794413
TOKYOTECH_s01,112,14,112.46666666666667,-0.21976403892040253,0.013765181656733464
TOKYOTECH_s01,112,15,112.5,-0.5228497982025146,0.4346181282081419
TOKYOTECH_s01,112,16,112.53333333333333,-0.8623988032341003,0.8051873406791594
TOKYOTECH_s01,112,17,112.56666666666666,-1.071333885192871,1.0929208630656446
TOKYOTECH_s01,112,18,112.6,-1.0923612117767334,1.277820009294665
TOKYOTECH_s01,112,19,112.63333333333334,-1.0461324453353882,1.3516712133019682
TOKYOTECH_s01,112,20,112.66666666666667,-1.0373120307922363,1.3162949557196366
TOKYOTECH_s01,112,21,112.7,-0.8792521953582764,1.181513906656532
TOKYOTECH_s01,112,22,112.73333333333333,0.09391418844461441,0.9630280441856838
TOKYOTECH_s01,112,23,112.76666666666667,1.5129084587097168,0.6804432443801977
TOKYOTECH_s01,112,24,112.8,1.9015607833862305,0.3558379822189568
TOKYOTECH_s01,112,25,112.83333333333333,1.3926507234573364,0.013228228648659059
TOKYOTECH_s01,112,26,112.86666666666666,0.96588134765625,-0.32101546741796183
TOKYOTECH_s01,112,27,112.9,0.6436976790428162,-0.6175025939884501
TOKYOTECH_s01,112,28,112.93333333333334,0.13919788599014282,-0.8445385605756935
TOKYOTECH_s01,112,29,112.96666666666667,-0.09107957035303116,-0.9718944931426682
TOKYOTECH_s01,112,30,113.0,0.06898846477270126,-0.9778071393359986
TOKYOTECH_s01,112,31,113.03333333333333,0.11876115947961807,-0.8571345571705536
TOKYOTECH_s01,112,32,113.06666666666666,-0.0011028294684365392,-0.6269954468309232
TOKYOTECH_s01,112,33,113.1,-0.2256312221288681,-0.3262300058047263
TOKYOTECH_s01,112,34,113.13333333333334,-0.6119996309280396,-0.007030459198972207
TOKYOTECH_s01,112,35,113.16666666666667,-1.011323094367981,0.27906616441365883
TOKYOTECH_s01,112,36,113.2,-1.159696102142334,0.49469417422638173
TOKYOTECH_s01,112,37,113.23333333333333,-1.2373871803283691,0.6232234048220008
TOKYOTECH_s01,112,38,113.26666666666667,-1.3096048831939697,0.6665479988939942
TOKYOTECH_s01,112,39,113.3,-1.3060609102249146,0.6374675491581177
TOKYOTECH_s01,112,40,113.33333333333333,-1.1993489265441895,0.5512776042693255
TOKYOTECH_s01,112,41,113.36666666666666,-0.7652554512023926,0.4195945139439163
TOKYOTECH_s01,112,42,113.4,0.5320635437965393,0.24796362101667577
TOKYOTECH_s01,112,43,113.43333333333334,1.7759870290756226,0.037843512823110735
TOKYOTECH_s01,112,44,113.46666666666667,1.7479112148284912,-0.20767081974353951
TOKYOTECH_s01,112,45,113.5,1.1032288074493408,-0.47657102743108276
TOKYOTECH_s01,112,46,113.53333333333333,0.5013887286186218,-0.742492038508291
TOKYOTECH_s01,112,47,113.56666666666666,0.07028790563344955,-0.9643603756817334
TOKYOTECH_s01,112,48,113.6,-0.23271910846233368,-1.0926074560772507
TOKYOTECH_s01,112,49,113.63333333333334,-0.2817436456680298,-1.081104542397117
TOKYOTECH_s01,112,50,113.66666666666667,-0.08911071717739105,-0.9021723417352709
TOKYOTECH_s01,112,51,113.7,0.09107903391122818,-0.5602692449898606
TOKYOTECH_s01,112,52,113.73333333333333,-0.027918655425310135,-0.09836809862785223
TOKYOTECH_s01,112,53,113.76666666666667,-0.3634905517101288,0.4080034998195181
TOKYOTECH_s01,112,54,113.8,-0.736431360244751,0.8691315066040679
TOKYOTECH_s01,112,55,113.83333333333333,-0.9613141417503357,1.2056255965016098
TOKYOTECH_s01,112,56,113.86666666666666,-1.020104169845581,1.3692171425457331
TOKYOTECH_s01,112,57,113.9,-1.0628284215927124,1.3516608532817262
TOKYOTECH_s01,112,58,113.93333333333334,-1.1031506061553955,1.1797534597748554
TOKYOTECH_s01,112,59,113.96666666666667,-1.0712944269180298,0.9007653691634545
TOKYOTECH_s01,112,60,114.0,-0.822903573513031,0.5650833810972398
TOKYOTECH_s01,112,61,114.03333333333333,0.18822240829467773,0.2122610036616472
TOKYOTECH_s01,112,62,114.06666666666666,1.6914443969726562,-0.1349886007618424
TOKYOTECH_s01,112,63,114.1,2.01106858253479,-0.46718038912974125
TOKYOTECH_s01,112,64,114.13333333333334,1.477665901184082,-0.7773642017341181
TOKYOTECH_s01,112,65,114.16666666666667,0.8945299983024597,-1.0493267889760167
TOKYOTECH_s01,112,66,114.2,0.4017646014690399,-1.2511517268133172
TOKYOTECH_s01,112,67,114.23333333333333,-0.18834108114242554,-1.3382830602498745
TOKYOTECH_s01,112,68,114.26666666666667,-0.3266729414463043,-1.2664492705337476
TOKYOTECH_s01,112,69,114.3,-0.10395589470863342,-1.0106051785320487
TOKYOTECH_s01,112,70,114.33333333333333,0.019767049700021744,-0.5825572436401685
TOKYOTECH_s01,112,71,114.36666666666666,-0.14112789928913116,-0.03865864755836669
TOKYOTECH_s01,112,72,114.4,-0.3119852840900421,0.5286615423817209
TOKYOTECH_s01,112,73,114.43333333333334,-0.6042029857635498,1.0150366225533836
TOKYOTECH_s01,112,74,114.46666666666667,-0.892246663570404,1.334696007824904
TOKYOTECH_s01,112,75,114.5,-1.0473531484603882,1.4437927353397229
TOKYOTECH_s01,112,76,114.53333333333333,-1.2194312810897827,1.3472029270234542
TOKYOTECH_s01,112,77,114.56666666666666,-1.2904281616210938,1.088457499690238
TOKYOTECH_s01,112,78,114.6,-1.26058030128479,0.7296210075539037
TOKYOTECH_s01,112,79,114.63333333333334,-1.1723755598068237,0.33042014510065665
TOKYOTECH_s01,112,80,114.66666666666667,-0.5411601662635803,-0.06583477953182676
TOKYOTECH_s01,112,81,114.7,1.0415642261505127,-0.43596544328369496
TOKYOTECH_s01,112,82,114.73333333333333,2.012446641921997,-0.7708012794881615
TOKYOTECH_s01,112,83,114.76666666666667,1.5842204093933105,-1.0631139331969142
TOKYOTECH_s01,112,84,114.8,0.804947018623352,-1.295761336638749
TOKYOTECH_s01,112,85,114.83333333333333,0.3763269782066345,-1.4363690047577553
TOKYOTECH_s01,112,86,114.86666666666666,-0.06111357733607292,-1.4423994232207047
TOKYOTECH_s01,112,87,114.9,-0.4102706015110016,-1.2760927862699147
TOKYOTECH_s01,112,88,114.93333333333334,-0.2622125744819641,-0.9240885751814756
TOKYOTECH_s01,112,89,114.96666666666667,0.06138867512345314,-0.4132222763637107
TOKYOTECH_s01,112,90,115.0,0.19479839503765106,0.1862538896902944
TOKYOTECH_s01,112,91,115.03333333333333,-0.04524459317326546,0.7744187272973196
TOKYOTECH_s01,112,92,115.06666666666666,-0.378572016954422,1.2486861644094644
TOKYOTECH_s01,112,93,115.1,-0.6850442290306091,1.5332148932758352
TOKYOTECH_s01,112,94,115.13333333333334,-0.9022091031074524,1.5984186520367303
TOKYOTECH_s01,112,95,115.16666666666667,-1.0182141065597534,1.4632576486610809
TOKYOTECH_s01,112,96,115.2,-1.0125044584274292,1.1814443525391036
TOKYOTECH_s01,112,97,115.23333333333333,-1.0638915300369263,0.8194069056882276
TOKYOTECH_s01,112,98,115.26666666666667,-0.965960681438446,0.43530091093519435
TOKYOTECH_s01,112,99,115.3,-0.27701839804649353,0.06593114423543045
TOKYOTECH_s01,112,100,115.33333333333333,1.3123213052749634,-0.27501686292583555
TOKYOTECH_s01,112,101,115.36666666666666,2.004610776901245,-0.5880031426313316
TOKYOTECH_s01,112,102,115.4,1.5344083309173584,-0.8727742545441127
TOKYOTECH_s01,112,103,115.43333333333334,1.0225056409835815,-1.1150149481859062
TOKYOTECH_s01,112,104,115.46666666666667,0.5657309889793396,-1.2810164032120206
TOKYOTECH_s01,112,105,115.5,-0.078675776720047,-1.32353022727933
TOKYOTECH_s01,112,106,115.53333333333333,-0.34092745184898376,-1.1979638383173898
TOKYOTECH_s01,112,107,115.56666666666666,-0.15298041701316833,-0.8839272213185414
TOKYOTECH_s01,112,108,115.6,0.11151576042175293,-0.4035343474283189
TOKYOTECH_s01,112,109,115.63333333333334,0.06757088750600815,0.17311520895127736
TOKYOTECH_s01,112,110,115.66666666666667,-0.18263140320777893,0.7412087309851665
TOKYOTECH_s01,112,111,115.7,-0.42574581503868103,1.1908133594979724
TOKYOTECH_s01,112,112,115.73333333333333,-0.7130807042121887,1.4407205141327382
TOKYOTECH_s01,112,113,115.76666666666667,-0.9323325753211975,1.4609094477127589
TOKYOTECH_s01,112,114,115.8,-0.9816721081733704,1.2745217671213307
TOKYOTECH_s01,112,115,115.83333333333333,-1.0786579847335815,0.941412654955754
TOKYOTECH_s01,112,116,115.86666666666666,-1.1547739505767822,0.5331365983513312
TOKYOTECH_s01,112,117,115.9,-0.9650155901908875,0.11071995539907736
TOKYOTECH_s01,112,118,115.93333333333334,0.28851595520973206,-0.2870137843448368
TOKYOTECH_s01,112,119,115.96666666666667,1.7911078929901123,-0.6425990407131442
TOKYOTECH_s01,112,120,116.0,1.9963021278381348,-0.9497383862768857
TOKYOTECH_s01,112,121,116.03333333333333,1.4660496711730957,-1.1999434844883445
TOKYOTECH_s01,112,122,116.06666666666666,0.9624161720275879,-1.372711388535754
TOKYOTECH_s01,112,123,116.1,0.4501984715461731,-1.4342135906040092
TOKYOTECH_s01,112,124,116.13333333333334,0.02795749343931675,-1.3461278173099327
TOKYOTECH_s01,112,125,116.16666666666667,-0.11470585316419601,-1.082248066199852
TOKYOTECH_s01,112,126,116.2,0.04099132493138313,-0.6468805282893064
TOKYOTECH_s01,112,127,116.23333333333333,0.2948950529098511,-0.08658216689404744
TOKYOTECH_s01,112,128,116.26666666666667,0.2130693793296814,0.5129462114718073
TOKYOTECH_s01,112,129,116.3,-0.2094472348690033,1.0474008597654525
TOKYOTECH_s01,112,130,116.33333333333333,-0.4769754409790039,1.4243791496832119
TOKYOTECH_s01,112,131,116.36666666666666,-0.6638199090957642,1.589618706555636
TOKYOTECH_s01,112,132,116.4,-0.8400325775146484,1.5375681757367137
TOKYOTECH_s01,112,133,116.43333333333334,-1.0449118614196777,1.304140731893399
TOKYOTECH_s01,112,134,116.46666666666667,-1.0606626272201538,0.9480288008722886
TOKYOTECH_s01,112,135,116.5,-0.8961449861526489,0.5304287882606213
TOKYOTECH_s01,112,136,116.53333333333333,-0.3975517749786377,0.10096685969068744
TOKYOTECH_s01,112,137,116.56666666666666,0.9152423739433289,-0.30704611190118475
TOKYOTECH_s01,112,138,116.6,1.9814175367355347,-0.6728888219141468
TOKYOTECH_s01,112,139,116.63333333333334,1.8168212175369263,-0.9796804843379182
TOKYOTECH_s01,112,140,116.66666666666667,1.2079719305038452,-1.2056211100674679
TOKYOTECH_s01,112,141,116.7,0.7145765423774719,-1.3203428416938023
TOKYOTECH_s01,112,142,116.73333333333333,0.2731195092201233,-1.2896259592560644
TOKYOTECH_s01,112,143,116.76666666666667,-0.14648319780826569,-1.0882138100561092
TOKYOTECH_s01,112,144,116.8,-0.1424667239189148,-0.7163203429887681
TOKYOTECH_s01,112,145,116.83333333333333,0.12372267246246338,-0.21206403301521712
TOKYOTECH_s01,112,146,116.86666666666666,0.2055089771747589,0.34852810950160473
TOKYOTECH_s01,112,147,116.9,0.009686504490673542,0.8677443122548987
TOKYOTECH_s01,112,148,116.93333333333334,-0.31387537717819214,1.2534919845054833
TOKYOTECH_s01,112,149,116.96666666666667,-0.7225705981254578,1.4455364913050406
TOKYOTECH_s01,112,150,117.0,-0.8902384638786316,1.429146284789939
TOKYOTECH_s01,112,151,117.03333333333333,-0.9844679236412048,1.231732010649148
TOKYOTECH_s01,112,152,117.06666666666666,-1.0248688459396362,0.9065725205317141
TOKYOTECH_s01,112,153,117.1,-0.9915951490402222,0.5126906378842107
TOKYOTECH_s01,112,154,117.13333333333334,-0.9234333634376526,0.0992809287696387
TOKYOTECH_s01,112,155,117.16666666666667,0.15522438287734985,-0.300938928996575
TOKYOTECH_s01,112,156,117.2,1.6491140127182007,-0.6691532270954593
TOKYOTECH_s01,112,157,117.23333333333333,1.950860857963562,-0.9915307759589543
TOKYOTECH_s01,112,158,117.26666666666667,1.4785321950912476,-1.2491643738989955
TOKYOTECH_s01,112,159,117.3,1.0485339164733887,-1.412652438511578
TOKYOTECH_s01,112,160,117.33333333333333,0.6137710809707642,-1.4452267090662385
TOKYOTECH_s01,112,161,117.36666666666666,0.14786085486412048,-1.314545815479022
TOKYOTECH_s01,112,162,117.4,0.0718236193060875,-1.0090199393814894
TOKYOTECH_s01,112,163,117.43333333333334,0.2948163151741028,-0.5514289736431728
TOKYOTECH_s01,112,164,117.46666666666667,0.379555881023407,-0.0022557395399936037
TOKYOTECH_s01,112,165,117.5,0.12864480912685394,0.5511591375028425
TOKYOTECH_s01,112,166,117.53333333333333,-0.10604288429021835,1.0166881799882386
TOKYOTECH_s01,112,167,117.56666666666666,-0.3488028943538666,1.3218519965792535
TOKYOTECH_s01,112,168,117.6,-0.7757691144943237,1.4307146371431527
TOKYOTECH_s01,112,169,117.63333333333334,-0.8672422170639038,1.3475032803543416
TOKYOTECH_s01,112,170,117.66666666666667,-0.9148491621017456,1.1079018814905282
TOKYOTECH_s01,112,171,117.7,-1.0069522857666016,0.764028117704808
TOKYOTECH_s01,112,172,117.73333333333333,-1.0372332334518433,0.3698688928340831
TOKYOTECH_s01,112,173,117.76666666666667,-0.7848652601242065,-0.028452368731354958
TOKYOTECH_s01,112,174,117.8,0.47654175758361816,-0.3962136349447894
TOKYOTECH_s01,112,175,117.83333333333333,1.8242241144180298,-0.7084604317933596
TOKYOTECH_s01,112,176,117.86666666666666,1.8732879161834717,-0.9457142646521698
TOKYOTECH_s01,112,177,117.9,1.3403185606002808,-1.090003796630145
TOKYOTECH_s01,112,178,117.93333333333334,0.8961051106452942,-1.1236790124914173
TOKYOTECH_s01,112,179,117.96666666666667,0.4113726019859314,-1.0322186452536115
TOKYOTECH_s01,112,180,118.0,0.12391956150531769,-0.8105752534885879
TOKYOTECH_s01,112,181,118.03333333333333,-0.009568912908434868,-0.4707836497224059
TOKYOTECH_s01,112,182,118.06666666666666,0.12167506664991379,-0.047118310586631997
TOKYOTECH_s01,112,183,118.1,0.33620166778564453,0.40498655780050885
TOKYOTECH_s01,112,184,118.13333333333334,0.17377100884914398,0.8180618117860425
TOKYOTECH_s01,112,185,118.16666666666667,-0.25252580642700195,1.1279352630362725
TOKYOTECH_s01,112,186,118.2,-0.554981529712677,1.2897730062403021
TOKYOTECH_s01,112,187,118.23333333333333,-0.7561987042427063,1.2882842400154058
TOKYOTECH_s01,112,188,118.26666666666667,-1.0026994943618774,1.1383234056980782
TOKYOTECH_s01,112,189,118.3,-0.9756474494934082,0.8766043956586302
TOKYOTECH_s01,112,190,118.33333333333333,-0.9668269753456116,0.5485193213470596
TOKYOTECH_s01,112,191,118.36666666666666,-0.895829975605011,0.19523112290943376
TOKYOTECH_s01,112,192,118.4,-0.11671408265829086,-0.15439219277116595
TOKYOTECH_s01,112,193,118.43333333333334,1.4206478595733643,-0.4844686094585432
TOKYOTECH_s01,112,194,118.46666666666667,2.090689182281494,-0.7858546215981919
TOKYOTECH_s01,112,195,118.5,1.5651224851608276,-1.0464270060278684
TOKYOTECH_s01,112,196,118.53333333333333,1.1448110342025757,-1.2432997114239017
TOKYOTECH_s01,112,197,118.56666666666666,0.7985285520553589,-1.3420213709159978
TOKYOTECH_s01,112,198,118.6,0.3469516336917877,-1.304826540384045
TOKYOTECH_s01,112,199,118.63333333333334,0.1734953671693802,-1.105735667916803
TOKYOTECH_s01,112,200,118.66666666666667,0.2967851758003235,-0.7466572650351743
TOKYOTECH_s01,112,201,118.7,0.49272575974464417,-0.2670406879079744
TOKYOTECH_s01,112,202,118.73333333333333,0.2242918610572815,0.25902630138279475
TOKYOTECH_s01,112,203,118.76666666666667,-0.013506625778973103,0.739579388470461
TOKYOTECH_s01,112,204,118.8,-0.25776296854019165,1.089858548257354
TOKYOTECH_s01,112,205,118.83333333333333,-0.6518099308013916,1.2554861332972178
TOKYOTECH_s01,112,206,118.86666666666666,-0.7939613461494446,1.224430348606619
TOKYOTECH_s01,112,207,118.9,-0.7797855734825134,1.0241826063519095
TOKYOTECH_s01,112,208,118.93333333333334,-0.8036875128746033,0.707578646372701
TOKYOTECH_s01,112,209,118.96666666666667,-0.8537752032279968,0.33490325183991543
TOKYOTECH_s01,112,210,119.0,-0.6911870241165161,-0.040624094748847525
TOKYOTECH_s01,112,211,119.03333333333333,0.24181468784809113,-0.3802814922285146
TOKYOTECH_s01,112,212,119.06666666666666,1.5919383764266968,-0.6598420166367002
TOKYOTECH_s01,112,213,119.1,2.051469564437866,-0.8642392547694049
TOKYOTECH_s01,112,214,119.13333333333334,1.6254088878631592,-0.9806984753952389
TOKYOTECH_s01,112,215,119.16666666666667,1.1981276273727417,-0.9946599591768291
TOKYOTECH_s01,112,216,119.2,0.9090207815170288,-0.8916125835590925
TOKYOTECH_s01,112,217,119.23333333333333,0.45445120334625244,-0.6648624253003295
TOKYOTECH_s01,112,218,119.26666666666667,0.18306401371955872,-0.3253566054287514
TOKYOTECH_s01,112,219,119.3,0.29946279525756836,0.09238129151022005
TOKYOTECH_s01,112,220,119.33333333333333,0.36943596601486206,0.5325292241037591
TOKYOTECH_s01,112,221,119.36666666666666,0.2889491021633148,0.928616216781856
TOKYOTECH_s01,112,222,119.4,-0.05162368714809418,1.2186480935011803
TOKYOTECH_s01,112,223,119.43333333333334,-0.26937922835350037,1.359086392502681
TOKYOTECH_s01,112,224,119.46666666666667,-0.4669736623764038,1.3332990602405508
TOKYOTECH_s01,112,225,119.5,-0.718357264995575,1.1528409214766215
TOKYOTECH_s01,112,226,119.53333333333333,-0.8214465975761414,0.8522766242268508
TOKYOTECH_s01,112,227,119.56666666666666,-0.8012855052947998,0.4796809481379092
TOKYOTECH_s01,112,228,119.6,-0.6239702701568604,0.08566159030366566
TOKYOTECH_s01,112,229,119.63333333333334,-0.19838225841522217,-0.28613827230884686
TOKYOTECH_s01,112,230,119.66666666666667,1.0705457925796509,-0.6046690025798377
TOKYOTECH_s01,112,231,119.7,1.9446786642074585,-0.8522852034820962
TOKYOTECH_s01,112,232,119.73333333333333,1.7713799476623535,-1.021800190531043
TOKYOTECH_s01,112,233,119.76666666666667,1.3681581020355225,-1.1122112242220121
TOKYOTECH_s01,112,234,119.8,0.8920098543167114,-1.125335505270432
TOKYOTECH_s01,112,235,119.83333333333333,0.5680935978889465,-1.064410902858914
TOKYOTECH_s01,112,236,119.86666666666666,0.17975632846355438,-0.9345485193178474
TOKYOTECH_s01,112,237,119.9,0.13325193524360657,-0.7441343109180675
TOKYOTECH_s01,112,238,119.93333333333334,0.30666881799697876,-0.505941759672634
TOKYOTECH_s01,112,239,119.96666666666667,0.2604006826877594,-0.23712446892739825
TOKYOTECH_s01,113,0,113.0,0.06898846477270126,0.12186503764785417
TOKYOTECH_s01,113,1,113.03333333333333,0.11876115947961807,0.13585982345391578
TOKYOTECH_s01,113,2,113.06666666666666,-0.0011028294684365392,0.18221648763675996
TOKYOTECH_s01,113,3,113.1,-0.2256312221288681,0.2833467163967502
TOKYOTECH_s01,113,4,113.13333333333334,-0.6119996309280396,0.4396277599375231
TOKYOTECH_s01,113,5,113.16666666666667,-1.011323094367981,0.6298983293585262
TOKYOTECH_s01,113,6,113.2,-1.159696102142334,0.8194582072835261
TOKYOTECH_s01,113,7,113.23333333333333,-1.2373871803283691,0.9713323546806811
TOKYOTECH_s01,113,8,113.26666666666667,-1.3096048831939697,1.0561322819294485
TOKYOTECH_s01,113,9,113.3,-1.3060609102249146,1.0575738535608654
TOKYOTECH_s01,113,10,113.33333333333333,-1.1993489265441895,0.97291613090344
TOKYOTECH_s01,113,11,113.36666666666666,-0.7652554512023926,0.8093940350447731
TOKYOTECH_s01,113,12,113.4,0.5320635437965393,0.5789125807611263
TOKYOTECH_s01,113,13,113.43333333333334,1.7759870290756226,0.2938437315118733
TOKYOTECH_s01,113,14,113.46666666666667,1.7479112148284912,-0.033521522062814085
TOKYOTECH_s01,113,15,113.5,1.1032288074493408,-0.38717776824751876
TOKYOTECH_s01,113,16,113.53333333333333,0.5013887286186218,-0.7417018745528386
TOKYOTECH_s01,113,17,113.56666666666666,0.07028790563344955,-1.0589786160874475
TOKYOTECH_s01,113,18,113.6,-0.23271910846233368,-1.2905863596696954
TOKYOTECH_s01,113,19,113.63333333333334,-0.2817436456680298,-1.3864996116942145
TOKYOTECH_s01,113,20,113.66666666666667,-0.08911071717739105,-1.3087157602165085
TOKYOTECH_s01,113,21,113.7,0.09107903391122818,-1.04639190889625
TOKYOTECH_s01,113,22,113.73333333333333,-0.027918655425310135,-0.6266639008364467
TOKYOTECH_s01,113,23,113.76666666666667,-0.3634905517101288,-0.1146841226140385
TOKYOTECH_s01,113,24,113.8,-0.736431360244751,0.4002708531151901
TOKYOTECH_s01,113,25,113.83333333333333,-0.9613141417503357,0.8291366006486769
TOKYOTECH_s01,113,26,113.86666666666666,-1.020104169845581,1.1078688486586585
TOKYOTECH_s01,113,27,113.9,-1.0628284215927124,1.2116123454579988
TOKYOTECH_s01,113,28,113.93333333333334,-1.1031506061553955,1.1532936941738732
TOKYOTECH_s01,113,29,113.96666666666667,-1.0712944269180298,0.9700708286883157
TOKYOTECH_s01,113,30,114.0,-0.822903573513031,0.7055357702462656
TOKYOTECH_s01,113,31,114.03333333333333,0.18822240829467773,0.39540799560089274
TOKYOTECH_s01,113,32,114.06666666666666,1.6914443969726562,0.0617314112137396
TOKYOTECH_s01,113,33,114.1,2.01106858253479,-0.2834339961147166
TOKYOTECH_s01,113,34,114.13333333333334,1.477665901184082,-0.6280476582894567
TOKYOTECH_s01,113,35,114.16666666666667,0.8945299983024597,-0.9496575952291174
TOKYOTECH_s01,113,36,114.2,0.4017646014690399,-1.2101265807226016
TOKYOTECH_s01,113,37,114.23333333333333,-0.18834108114242554,-1.3589407016272428
TOKYOTECH_s01,113,38,114.26666666666667,-0.3266729414463043,-1.3455575565042166
TOKYOTECH_s01,113,39,114.3,-0.10395589470863342,-1.137819243782637
TOKYOTECH_s01,113,40,114.33333333333333,0.019767049700021744,-0.7399808017715754
TOKYOTECH_s01,113,41,114.36666666666666,-0.14112789928913116,-0.20196541983428834
TOKYOTECH_s01,113,42,114.4,-0.3119852840900421,0.38697188497757573
TOKYOTECH_s01,113,43,114.43333333333334,-0.6042029857635498,0.9206977884435362
TOKYOTECH_s01,113,44,114.46666666666667,-0.892246663570404,1.3063728622249637
TOKYOTECH_s01,113,45,114.5,-1.0473531484603882,1.4890893179987743
TOKYOTECH_s01,113,46,114.53333333333333,-1.2194312810897827,1.4614196056483062
TOKYOTECH_s01,113,47,114.56666666666666,-1.2904281616210938,1.2567254908287406
TOKYOTECH_s01,113,48,114.6,-1.26058030128479,0.9317638253725703
TOKYOTECH_s01,113,49,114.63333333333334,-1.1723755598068237,0.5466825449329887
TOKYOTECH_s01,113,50,114.66666666666667,-0.5411601662635803,0.1495544069202204
TOKYOTECH_s01,113,51,114.7,1.0415642261505127,-0.23032483029060216
TOKYOTECH_s01,113,52,114.73333333333333,2.012446641921997,-0.5795885477699975
TOKYOTECH_s01,113,53,114.76666666666667,1.5842204093933105,-0.8908981674420495
TOKYOTECH_s01,113,54,114.8,0.804947018623352,-1.1511079024695032
TOKYOTECH_s01,113,55,114.83333333333333,0.3763269782066345,-1.333582429331232
TOKYOTECH_s01,113,56,114.86666666666666,-0.06111357733607292,-1.3993330668267199
TOKYOTECH_s01,113,57,114.9,-0.4102706015110016,-1.3081651191616281
TOKYOTECH_s01,113,58,114.93333333333334,-0.2622125744819641,-1.0366079377231727
TOKYOTECH_s01,113,59,114.96666666666667,0.06138867512345314,-0.5954172116129491
TOKYOTECH_s01,113,60,115.0,0.19479839503765106,-0.03773096520873433
TOKYOTECH_s01,113,61,115.03333333333333,-0.04524459317326546,0.5483256371673088
TOKYOTECH_s01,113,62,115.06666666666666,-0.378572016954422,1.06167994231824
TOKYOTECH_s01,113,63,115.1,-0.6850442290306091,1.4166041906147393
TOKYOTECH_s01,113,64,115.13333333333334,-0.9022091031074524,1.5656617679646674
TOKYOTECH_s01,113,65,115.16666666666667,-1.0182141065597534,1.5083824658602438
TOKYOTECH_s01,113,66,115.2,-1.0125044584274292,1.2836397364432304
TOKYOTECH_s01,113,67,115.23333333333333,-1.0638915300369263,0.9507603783598808
TOKYOTECH_s01,113,68,115.26666666666667,-0.965960681438446,0.5680323936466172
TOKYOTECH_s01,113,69,115.3,-0.27701839804649353,0.17699679867530657
TOKYOTECH_s01,113,70,115.33333333333333,1.3123213052749634,-0.20212496781043326
TOKYOTECH_s01,113,71,115.36666666666666,2.004610776901245,-0.5633566294219655
TOKYOTECH_s01,113,72,115.4,1.5344083309173584,-0.9009481050894877
TOKYOTECH_s01,113,73,115.43333333333334,1.0225056409835815,-1.196132012857135
TOKYOTECH_s01,113,74,115.46666666666667,0.5657309889793396,-1.4115618750464896
TOKYOTECH_s01,113,75,115.5,-0.078675776720047,-1.4968165007045786
TOKYOTECH_s01,113,76,115.53333333333333,-0.34092745184898376,-1.4041328378507347
TOKYOTECH_s01,113,77,115.56666666666666,-0.15298041701316833,-1.1094655875525177
TOKYOTECH_s01,113,78,115.6,0.11151576042175293,-0.6307288514117037
TOKYOTECH_s01,113,79,115.63333333333334,0.06757088750600815,-0.03415543506264078
TOKYOTECH_s01,113,80,115.66666666666667,-0.18263140320777893,0.5772672923802058
TOKYOTECH_s01,113,81,115.7,-0.42574581503868103,1.0916860873229854
TOKYOTECH_s01,113,82,115.73333333333333,-0.7130807042121887,1.421497857371609
TOKYOTECH_s01,113,83,115.76666666666667,-0.9323325753211975,1.5265987427762773
TOKYOTECH_s01,113,84,115.8,-0.9816721081733704,1.4185588422192825
TOKYOTECH_s01,113,85,115.83333333333333,-1.0786579847335815,1.1470708585009284
TOKYOTECH_s01,113,86,115.86666666666666,-1.1547739505767822,0.777409200147175
TOKYOTECH_s01,113,87,115.9,-0.9650155901908875,0.3692396070864295
TOKYOTECH_s01,113,88,115.93333333333334,0.28851595520973206,-0.03577469817857655
TOKYOTECH_s01,113,89,115.96666666666667,1.7911078929901123,-0.4150730990110946
TOKYOTECH_s01,113,90,116.0,1.9963021278381348,-0.7571700168982671
TOKYOTECH_s01,113,91,116.03333333333333,1.4660496711730957,-1.0497622128576176
TOKYOTECH_s01,113,92,116.06666666666666,0.9624161720275879,-1.2702842191671813
TOKYOTECH_s01,113,93,116.1,0.4501984715461731,-1.3840422331538527
TOKYOTECH_s01,113,94,116.13333333333334,0.02795749343931675,-1.351958907724271
TOKYOTECH_s01,113,95,116.16666666666667,-0.11470585316419601,-1.1459793276129713
TOKYOTECH_s01,113,96,116.2,0.04099132493138313,-0.766538807488782
TOKYOTECH_s01,113,97,116.23333333333333,0.2948950529098511,-0.25405370387534537
TOKYOTECH_s01,113,98,116.26666666666667,0.2130693793296814,0.31340029749578
TOKYOTECH_s01,113,99,116.3,-0.2094472348690033,0.8387765650193453
TOKYOTECH_s01,113,100,116.33333333333333,-0.4769754409790039,1.2341917349321179
TOKYOTECH_s01,113,101,116.36666666666666,-0.6638199090957642,1.4452420941621242
TOKYOTECH_s01,113,102,116.4,-0.8400325775146484,1.460919878629793
TOKYOTECH_s01,113,103,116.43333333333334,-1.0449118614196777,1.3072392981008185
TOKYOTECH_s01,113,104,116.46666666666667,-1.0606626272201538,1.030617042236845
TOKYOTECH_s01,113,105,116.5,-0.8961449861526489,0.6801790812823281
TOKYOTECH_s01,113,106,116.53333333333333,-0.3975517749786377,0.2960847904712719
TOKYOTECH_s01,113,107,116.56666666666666,0.9152423739433289,-0.09355803537904185
TOKYOTECH_s01,113,108,116.6,1.9814175367355347,-0.4684339406837143
TOKYOTECH_s01,113,109,116.63333333333334,1.8168212175369263,-0.8080049702855604
TOKYOTECH_s01,113,110,116.66666666666667,1.2079719305038452,-1.0844894997286068
TOKYOTECH_s01,113,111,116.7,0.7145765423774719,-1.2612481366473334
TOKYOTECH_s01,113,112,116.73333333333333,0.2731195092201233,-1.298891942334283
TOKYOTECH_s01,113,113,116.76666666666667,-0.14648319780826569,-1.1681613702585514
TOKYOTECH_s01,113,114,116.8,-0.1424667239189148,-0.8652457621212694
TOKYOTECH_s01,113,115,116.83333333333333,0.12372267246246338,-0.42273147837658914
TOKYOTECH_s01,113,116,116.86666666666666,0.2055089771747589,0.09082084536482835
TOKYOTECH_s01,113,117,116.9,0.009686504490673542,0.5856588648916192
TOKYOTECH_s01,113,118,116.93333333333334,-0.31387537717819214,0.9753640149487839
TOKYOTECH_s01,113,119,116.96666666666667,-0.7225705981254578,1.2005601674675372
TOKYOTECH_s01,113,120,117.0,-0.8902384638786316,1.2417217671307856
TOKYOTECH_s01,113,121,117.03333333333333,-0.9844679236412048,1.1170596539580606
TOKYOTECH_s01,113,122,117.06666666666666,-1.0248688459396362,0.8688732608280315
TOKYOTECH_s01,113,123,117.1,-0.9915951490402222,0.5462404322041369
TOKYOTECH_s01,113,124,117.13333333333334,-0.9234333634376526,0.19150619773302763
TOKYOTECH_s01,113,125,117.16666666666667,0.15522438287734985,-0.16548162265101463
TOKYOTECH_s01,113,126,117.2,1.6491140127182007,-0.5051931382883293
TOKYOTECH_s01,113,127,117.23333333333333,1.950860857963562,-0.8110343425765141
TOKYOTECH_s01,113,128,117.26666666666667,1.4785321950912476,-1.061425960602743
TOKYOTECH_s01,113,129,117.3,1.0485339164733887,-1.2262269458614639
TOKYOTECH_s01,113,130,117.33333333333333,0.6137710809707642,-1.27048981515009
TOKYOTECH_s01,113,131,117.36666666666666,0.14786085486412048,-1.1651914826012333
TOKYOTECH_s01,113,132,117.4,0.0718236193060875,-0.9010895348954976
TOKYOTECH_s01,113,133,117.43333333333334,0.2948163151741028,-0.4995064400744842
TOKYOTECH_s01,113,134,117.46666666666667,0.379555881023407,-0.013887513041254988
TOKYOTECH_s01,113,135,117.5,0.12864480912685394,0.4805558197101849
TOKYOTECH_s01,113,136,117.53333333333333,-0.10604288429021835,0.9058080124704614
TOKYOTECH_s01,113,137,117.56666666666666,-0.3488028943538666,1.2006600031579913
TOKYOTECH_s01,113,138,117.6,-0.7757691144943237,1.333104406157051
TOKYOTECH_s01,113,139,117.63333333333334,-0.8672422170639038,1.3019981680714212
TOKYOTECH_s01,113,140,117.66666666666667,-0.9148491621017456,1.1299906799718824
TOKYOTECH_s01,113,141,117.7,-1.0069522857666016,0.8528881071174276
TOKYOTECH_s01,113,142,117.73333333333333,-1.0372332334518433,0.5099718789426823
TOKYOTECH_s01,113,143,117.76666666666667,-0.7848652601242065,0.13748099180846052
TOKYOTECH_s01,113,144,117.8,0.47654175758361816,-0.23395723925532244
TOKYOTECH_s01,113,145,117.83333333333333,1.8242241144180298,-0.5780858906600258
TOKYOTECH_s01,113,146,117.86666666666666,1.8732879161834717,-0.8695847118440652
TOKYOTECH_s01,113,147,117.9,1.3403185606002808,-1.081285592390393
TOKYOTECH_s01,113,148,117.93333333333334,0.8961051106452942,-1.184652391069468
TOKYOTECH_s01,113,149,117.96666666666667,0.4113726019859314,-1.154620747037746
TOKYOTECH_s01,113,150,118.0,0.12391956150531769,-0.9778925350444152
TOKYOTECH_s01,113,151,118.03333333333333,-0.009568912908434868,-0.6618654776944151
TOKYOTECH_s01,113,152,118.06666666666666,0.12167506664991379,-0.240138085471031
TOKYOTECH_s01,113,153,118.1,0.33620166778564453,0.22919243098604905
TOKYOTECH_s01,113,154,118.13333333333334,0.17377100884914398,0.6739330258006448
TOKYOTECH_s01,113,155,118.16666666666667,-0.25252580642700195,1.0245469546363006
TOKYOTECH_s01,113,156,118.2,-0.554981529712677,1.2312043494860783
TOKYOTECH_s01,113,157,118.23333333333333,-0.7561987042427063,1.2742819376937775
TOKYOTECH_s01,113,158,118.26666666666667,-1.0026994943618774,1.164728719939073
TOKYOTECH_s01,113,159,118.3,-0.9756474494934082,0.9354884837146068
TOKYOTECH_s01,113,160,118.33333333333333,-0.9668269753456116,0.6282907678196895
TOKYOTECH_s01,113,161,118.36666666666666,-0.895829975605011,0.2810861041493188
TOKYOTECH_s01,113,162,118.4,-0.11671408265829086,-0.07916632511943873
TOKYOTECH_s01,113,163,118.43333333333334,1.4206478595733643,-0.43588359784233544
TOKYOTECH_s01,113,164,118.46666666666667,2.090689182281494,-0.7755917323079309
TOKYOTECH_s01,113,165,118.5,1.5651224851608276,-1.0784863929408013
TOKYOTECH_s01,113,166,118.53333333333333,1.1448110342025757,-1.312430527370558
TOKYOTECH_s01,113,167,118.56666666666666,0.7985285520553589,-1.434571465399981
TOKYOTECH_s01,113,168,118.6,0.3469516336917877,-1.401545758180775
TOKYOTECH_s01,113,169,118.63333333333334,0.1734953671693802,-1.1855245803333698
TOKYOTECH_s01,113,170,118.66666666666667,0.2967851758003235,-0.7903983680446894
TOKYOTECH_s01,113,171,118.7,0.49272575974464417,-0.26096866046007683
TOKYOTECH_s01,113,172,118.73333333333333,0.2242918610572815,0.3210158974677352
TOKYOTECH_s01,113,173,118.76666666666667,-0.013506625778973103,0.855414150966239
TOKYOTECH_s01,113,174,118.8,-0.25776296854019165,1.2507252777810145
TOKYOTECH_s01,113,175,118.83333333333333,-0.6518099308013916,1.4483411451074093
TOKYOTECH_s01,113,176,118.86666666666666,-0.7939613461494446,1.4343194817136982
TOKYOTECH_s01,113,177,118.9,-0.7797855734825134,1.2356505067396486
TOKYOTECH_s01,113,178,118.93333333333334,-0.8036875128746033,0.905141862537969
TOKYOTECH_s01,113,179,118.96666666666667,-0.8537752032279968,0.5029143995917549
TOKYOTECH_s01,113,180,119.0,-0.6911870241165161,0.081796763369741
TOKYOTECH_s01,113,181,119.03333333333333,0.24181468784809113,-0.31952511659952326
TOKYOTECH_s01,113,182,119.06666666666666,1.5919383764266968,-0.6753291779267223
TOKYOTECH_s01,113,183,119.1,2.051469564437866,-0.9662686405808475
TOKYOTECH_s01,113,184,119.13333333333334,1.6254088878631592,-1.172004817657589
TOKYOTECH_s01,113,185,119.16666666666667,1.1981276273727417,-1.2678977368992443
TOKYOTECH_s01,113,186,119.2,0.9090207815170288,-1.2284674536904878
TOKYOTECH_s01,113,187,119.23333333333333,0.45445120334625244,-1.03688798082317
TOKYOTECH_s01,113,188,119.26666666666667,0.18306401371955872,-0.6966164633021634
TOKYOTECH_s01,113,189,119.3,0.29946279525756836,-0.2395438246395558
TOKYOTECH_s01,113,190,119.33333333333333,0.36943596601486206,0.2744430018805633
TOKYOTECH_s01,113,191,119.36666666666666,0.2889491021633148,0.7683443950107974
TOKYOTECH_s01,113,192,119.4,-0.05162368714809418,1.166175657152088
TOKYOTECH_s01,113,193,119.43333333333334,-0.26937922835350037,1.411437341808486
TOKYOTECH_s01,113,194,119.46666666666667,-0.4669736623764038,1.4791986151509235
TOKYOTECH_s01,113,195,119.5,-0.718357264995575,1.378289949853378
TOKYOTECH_s01,113,196,119.53333333333333,-0.8214465975761414,1.144033389649743
TOKYOTECH_s01,113,197,119.56666666666666,-0.8012855052947998,0.8249637180424771
TOKYOTECH_s01,113,198,119.6,-0.6239702701568604,0.46842919404650996
TOKYOTECH_s01,113,199,119.63333333333334,-0.19838225841522217,0.10984911332153378
TOKYOTECH_s01,113,200,119.66666666666667,1.0705457925796509,-0.2309901741425378
TOKYOTECH_s01,113,201,119.7,1.9446786642074585,-0.5458567238492318
TOKYOTECH_s01,113,202,119.73333333333333,1.7713799476623535,-0.828792548108859
TOKYOTECH_s01,113,203,119.76666666666667,1.3681581020355225,-1.066550197002318
TOKYOTECH_s01,113,204,119.8,0.8920098543167114,-1.2336633890925635
TOKYOTECH_s01,113,205,119.83333333333333,0.5680935978889465,-1.2950738115940241
TOKYOTECH_s01,113,206,119.86666666666666,0.17975632846355438,-1.2163668393755256
TOKYOTECH_s01,113,207,119.9,0.13325193524360657,-0.9787035565837285
TOKYOTECH_s01,113,208,119.93333333333334,0.30666881799697876,-0.5930917386867713
TOKYOTECH_s01,113,209,119.96666666666667,0.2604006826877594,-0.10744231188499768
TOKYOTECH_s01,113,210,120.0,0.06190057843923569,0.39901087573670924
TOKYOTECH_s01,113,211,120.03333333333333,-0.3076537847518921,0.8345625648882872
TOKYOTECH_s01,113,212,120.06666666666666,-0.6032578945159912,1.1205055481581743
TOKYOTECH_s01,113,213,120.1,-0.7315880060195923,1.2122352434514994
TOKYOTECH_s01,113,214,120.13333333333334,-0.8448365926742554,1.1076728329598216
TOKYOTECH_s01,113,215,120.16666666666667,-0.9853342175483704,0.8416597293369676
TOKYOTECH_s01,113,216,120.2,-0.9609991312026978,0.4710382173363608
TOKYOTECH_s01,113,217,120.23333333333333,-0.9981711506843567,0.057623454160965155
TOKYOTECH_s01,113,218,120.26666666666667,-0.8234154582023621,-0.34487039234573147
TOKYOTECH_s01,113,219,120.3,0.29414689540863037,-0.6970531092718906
TOKYOTECH_s01,113,220,120.33333333333333,1.6521459817886353,-0.9735701491362253
TOKYOTECH_s01,113,221,120.36666666666666,1.8489922285079956,-1.1589221182202951
TOKYOTECH_s01,113,222,120.4,1.3352388143539429,-1.2429353789077844
TOKYOTECH_s01,113,223,120.43333333333334,0.9654482007026672,-1.2186951183578463
TOKYOTECH_s01,113,224,120.46666666666667,0.6386180520057678,-1.083704214485868
TOKYOTECH_s01,113,225,120.5,0.23614437878131866,-0.8430389366231854
TOKYOTECH_s01,113,226,120.53333333333333,0.1295504868030548,-0.5125178986423362
TOKYOTECH_s01,113,227,120.56666666666666,0.2840663492679596,-0.12025266996225248
TOKYOTECH_s01,113,228,120.6,0.3415175974369049,0.2943659575013259
TOKYOTECH_s01,113,229,120.63333333333334,0.13722902536392212,0.6846991554740111
TOKYOTECH_s01,113,230,120.66666666666667,-0.22653689980506897,1.0040024079741163
TOKYOTECH_s01,113,231,120.7,-0.5725831389427185,1.214857395922117
TOKYOTECH_s01,113,232,120.73333333333333,-0.7199717164039612,1.298398403163346
TOKYOTECH_s01,113,233,120.76666666666667,-0.8856707215309143,1.2596073049136307
TOKYOTECH_s01,113,234,120.8,-0.7575768828392029,1.1255783936986448
TOKYOTECH_s01,113,235,120.83333333333333,-0.715600848197937,0.9364102603857781
TOKYOTECH_s01,113,236,120.86666666666666,-0.7650191783905029,0.7320352921047324
TOKYOTECH_s01,113,237,120.9,-0.7516703009605408,0.5403203404473458
TOKYOTECH_s01,113,238,120.93333333333334,-0.6353108882904053,0.37068931501338576
TOKYOTECH_s01,113,239,120.96666666666667,0.39853566884994507,0.21488193923592983
TOKYOTECH_s01,114,0,114.0,-0.822903573513031,-0.016427072960331166
TOKYOTECH_s01,114,1,114.03333333333333,0.18822240829467773,-0.2472714159362412
TOKYOTECH_s01,114,2,114.06666666666666,1.6914443969726562,-0.4996595364012569
TOKYOTECH_s01,114,3,114.1,2.01106858253479,-0.7842340553931304
TOKYOTECH_s01,114,4,114.13333333333334,1.477665901184082,-1.092108240090227
TOKYOTECH_s01,114,5,114.16666666666667,0.8945299983024597,-1.3930620623333874
TOKYOTECH_s01,114,6,114.2,0.4017646014690399,-1.639629590221512
TOKYOTECH_s01,114,7,114.23333333333333,-0.18834108114242554,-1.7763175422832147
TOKYOTECH_s01,114,8,114.26666666666667,-0.3266729414463043,-1.7528637387954353
TOKYOTECH_s01,114,9,114.3,-0.10395589470863342,-1.5395292331060335
TOKYOTECH_s01,114,10,114.33333333333333,0.019767049700021744,-1.140579008101798
TOKYOTECH_s01,114,11,114.36666666666666,-0.14112789928913116,-0.6004401625989495
TOKYOTECH_s01,114,12,114.4,-0.3119852840900421,0.002476291593734277
TOKYOTECH_s01,114,13,114.43333333333334,-0.6042029857635498,0.5748153279604453
TOKYOTECH_s01,114,14,114.46666666666667,-0.892246663570404,1.0334126549379217
TOKYOTECH_s01,114,15,114.5,-1.0473531484603882,1.3255546802790246
TOKYOTECH_s01,114,16,114.53333333333333,-1.2194312810897827,1.4365389625834228
TOKYOTECH_s01,114,17,114.56666666666666,-1.2904281616210938,1.3840015922158735
TOKYOTECH_s01,114,18,114.6,-1.26058030128479,1.2042155987519239
TOKYOTECH_s01,114,19,114.63333333333334,-1.1723755598068237,0.9373704805308938
TOKYOTECH_s01,114,20,114.66666666666667,-0.5411601662635803,0.6172572534195683
TOKYOTECH_s01,114,21,114.7,1.0415642261505127,0.26774141473548074
TOKYOTECH_s01,114,22,114.73333333333333,2.012446641921997,-0.09428983113932246
TOKYOTECH_s01,114,23,114.76666666666667,1.5842204093933105,-0.4517824954454463
TOKYOTECH_s01,114,24,114.8,0.804947018623352,-0.779865024416196
TOKYOTECH_s01,114,25,114.83333333333333,0.3763269782066345,-1.0419428178221297
TOKYOTECH_s01,114,26,114.86666666666666,-0.06111357733607292,-1.1929256551425138
TOKYOTECH_s01,114,27,114.9,-0.4102706015110016,-1.1903495930088366
TOKYOTECH_s01,114,28,114.93333333333334,-0.2622125744819641,-1.0102951497585515
TOKYOTECH_s01,114,29,114.96666666666667,0.06138867512345314,-0.6616879171510082
TOKYOTECH_s01,114,30,115.0,0.19479839503765106,-0.19179456580495727
TOKYOTECH_s01,114,31,115.03333333333333,-0.04524459317326546,0.3215013396015783
TOKYOTECH_s01,114,32,115.06666666666666,-0.378572016954422,0.7894114911176433
TOKYOTECH_s01,114,33,115.1,-0.6850442290306091,1.1367124235229982
TOKYOTECH_s01,114,34,115.13333333333334,-0.9022091031074524,1.3206862411311882
TOKYOTECH_s01,114,35,115.16666666666667,-1.0182141065597534,1.3367245847728542
TOKYOTECH_s01,114,36,115.2,-1.0125044584274292,1.2101134304980854
TOKYOTECH_s01,114,37,115.23333333333333,-1.0638915300369263,0.980263975764035
TOKYOTECH_s01,114,38,115.26666666666667,-0.965960681438446,0.6852045030176749
TOKYOTECH_s01,114,39,115.3,-0.27701839804649353,0.3518558383472079
TOKYOTECH_s01,114,40,115.33333333333333,1.3123213052749634,-0.005280971807842235
TOKYOTECH_s01,114,41,115.36666666666666,2.004610776901245,-0.37742650547476286
TOKYOTECH_s01,114,42,115.4,1.5344083309173584,-0.7505803014692378
TOKYOTECH_s01,114,43,115.43333333333334,1.0225056409835815,-1.096167316445394
TOKYOTECH_s01,114,44,115.46666666666667,0.5657309889793396,-1.368426872638789
TOKYOTECH_s01,114,45,115.5,-0.078675776720047,-1.51105936821616
TOKYOTECH_s01,114,46,115.53333333333333,-0.34092745184898376,-1.4724661927595284
TOKYOTECH_s01,114,47,115.56666666666666,-0.15298041701316833,-1.2255159608409094
TOKYOTECH_s01,114,48,115.6,0.11151576042175293,-0.7845924942357727
TOKYOTECH_s01,114,49,115.63333333333334,0.06757088750600815,-0.21147707444800298
TOKYOTECH_s01,114,50,115.66666666666667,-0.18263140320777893,0.39567803029851023
TOKYOTECH_s01,114,51,115.7,-0.42574581503868103,0.9287566283247072
TOKYOTECH_s01,114,52,115.73333333333333,-0.7130807042121887,1.3008996466833012
TOKYOTECH_s01,114,53,115.76666666666667,-0.9323325753211975,1.468273013978866
TOKYOTECH_s01,114,54,115.8,-0.9816721081733704,1.4339100591169545
TOKYOTECH_s01,114,55,115.83333333333333,-1.0786579847335815,1.2353629755805131
TOKYOTECH_s01,114,56,115.86666666666666,-1.1547739505767822,0.9248509011063937
TOKYOTECH_s01,114,57,115.9,-0.9650155901908875,0.5515734796776601
TOKYOTECH_s01,114,58,115.93333333333334,0.28851595520973206,0.15226793641855452
TOKYOTECH_s01,114,59,115.96666666666667,1.7911078929901123,-0.2489175621003509
TOKYOTECH_s01,114,60,116.0,1.9963021278381348,-0.6338251539069504
TOKYOTECH_s01,114,61,116.03333333333333,1.4660496711730957,-0.9812932654016713
TOKYOTECH_s01,114,62,116.06666666666666,0.9624161720275879,-1.260460576183074
TOKYOTECH_s01,114,63,116.1,0.4501984715461731,-1.4302943653886189
TOKYOTECH_s01,114,64,116.13333333333334,0.02795749343931675,-1.4473278817629236
TOKYOTECH_s01,114,65,116.16666666666667,-0.11470585316419601,-1.2804407425970832
TOKYOTECH_s01,114,66,116.2,0.04099132493138313,-0.9277125481293983
TOKYOTECH_s01,114,67,116.23333333333333,0.2948950529098511,-0.42746671050405993
TOKYOTECH_s01,114,68,116.26666666666667,0.2130693793296814,0.1441848056331909
TOKYOTECH_s01,114,69,116.3,-0.2094472348690033,0.6915840174381809
TOKYOTECH_s01,114,70,116.33333333333333,-0.4769754409790039,1.1266619494851715
TOKYOTECH_s01,114,71,116.36666666666666,-0.6638199090957642,1.3921704968464033
TOKYOTECH_s01,114,72,116.4,-0.8400325775146484,1.4710269332935746
TOKYOTECH_s01,114,73,116.43333333333334,-1.0449118614196777,1.3803288475624378
TOKYOTECH_s01,114,74,116.46666666666667,-1.0606626272201538,1.1562738036570752
TOKYOTECH_s01,114,75,116.5,-0.8961449861526489,0.8388939101549184
TOKYOTECH_s01,114,76,116.53333333333333,-0.3975517749786377,0.46283680382431835
TOKYOTECH_s01,114,77,116.56666666666666,0.9152423739433289,0.0556768440405389
TOKYOTECH_s01,114,78,116.6,1.9814175367355347,-0.3580722640912634
TOKYOTECH_s01,114,79,116.63333333333334,1.8168212175369263,-0.7505207922081727
TOKYOTECH_s01,114,80,116.66666666666667,1.2079719305038452,-1.0853576609506705
TOKYOTECH_s01,114,81,116.7,0.7145765423774719,-1.3177481066608916
TOKYOTECH_s01,114,82,116.73333333333333,0.2731195092201233,-1.4012872169824997
TOKYOTECH_s01,114,83,116.76666666666667,-0.14648319780826569,-1.3013701394901656
TOKYOTECH_s01,114,84,116.8,-0.1424667239189148,-1.0108337700272727
TOKYOTECH_s01,114,85,116.83333333333333,0.12372267246246338,-0.5609580262082907
TOKYOTECH_s01,114,86,116.86666666666666,0.2055089771747589,-0.02084760412368814
TOKYOTECH_s01,114,87,116.9,0.009686504490673542,0.5175366523722509
TOKYOTECH_s01,114,88,116.93333333333334,-0.31387537717819214,0.9639086353347063
TOKYOTECH_s01,114,89,116.96666666666667,-0.7225705981254578,1.2532596886947864
TOKYOTECH_s01,114,90,117.0,-0.8902384638786316,1.3586257800122343
TOKYOTECH_s01,114,91,117.03333333333333,-0.9844679236412048,1.2892845356382885
TOKYOTECH_s01,114,92,117.06666666666666,-1.0248688459396362,1.078226662789457
TOKYOTECH_s01,114,93,117.1,-0.9915951490402222,0.766961656798534
TOKYOTECH_s01,114,94,117.13333333333334,-0.9234333634376526,0.39442363296376737
TOKYOTECH_s01,114,95,117.16666666666667,0.15522438287734985,-0.007399281424190231
TOKYOTECH_s01,114,96,117.2,1.6491140127182007,-0.41179877834628287
TOKYOTECH_s01,114,97,117.23333333333333,1.950860857963562,-0.7921106646612572
TOKYOTECH_s01,114,98,117.26666666666667,1.4785321950912476,-1.1163673451076386
TOKYOTECH_s01,114,99,117.3,1.0485339164733887,-1.3455252949476328
TOKYOTECH_s01,114,100,117.33333333333333,0.6137710809707642,-1.4379692050629238
TOKYOTECH_s01,114,101,117.36666666666666,0.14786085486412048,-1.3604389846282239
TOKYOTECH_s01,114,102,117.4,0.0718236193060875,-1.101923876912159
TOKYOTECH_s01,114,103,117.43333333333334,0.2948163151741028,-0.6843132136722
TOKYOTECH_s01,114,104,117.46666666666667,0.379555881023407,-0.16368472431555975
TOKYOTECH_s01,114,105,117.5,0.12864480912685394,0.3802717261980226
TOKYOTECH_s01,114,106,117.53333333333333,-0.10604288429021835,0.863437595668985
TOKYOTECH_s01,114,107,117.56666666666666,-0.3488028943538666,1.2173833116602084
TOKYOTECH_s01,114,108,117.6,-0.7757691144943237,1.4026260031840296
TOKYOTECH_s01,114,109,117.63333333333334,-0.8672422170639038,1.411310970074095
TOKYOTECH_s01,114,110,117.66666666666667,-0.9148491621017456,1.2612077438556324
TOKYOTECH_s01,114,111,117.7,-1.0069522857666016,0.9861709524250939
TOKYOTECH_s01,114,112,117.73333333333333,-1.0372332334518433,0.6272569234554819
TOKYOTECH_s01,114,113,117.76666666666667,-0.7848652601242065,0.22604408242845303
TOKYOTECH_s01,114,114,117.8,0.47654175758361816,-0.17952590516314998
TOKYOTECH_s01,114,115,117.83333333333333,1.8242241144180298,-0.5565822499545711
TOKYOTECH_s01,114,116,117.86666666666666,1.8732879161834717,-0.8763645654130603
TOKYOTECH_s01,114,117,117.9,1.3403185606002808,-1.1122466435671254
TOKYOTECH_s01,114,118,117.93333333333334,0.8961051106452942,-1.2388836491418092
TOKYOTECH_s01,114,119,117.96666666666667,0.4113726019859314,-1.2343666569713105
TOKYOTECH_s01,114,120,118.0,0.12391956150531769,-1.085808935201743
TOKYOTECH_s01,114,121,118.03333333333333,-0.009568912908434868,-0.7967648762457356
TOKYOTECH_s01,114,122,118.06666666666666,0.12167506664991379,-0.3932711042828927
TOKYOTECH_s01,114,123,118.1,0.33620166778564453,0.07520010796556
TOKYOTECH_s01,114,124,118.13333333333334,0.17377100884914398,0.542455910637371
TOKYOTECH_s01,114,125,118.16666666666667,-0.25252580642700195,0.9393960968314045
TOKYOTECH_s01,114,126,118.2,-0.554981529712677,1.2102146436329515
TOKYOTECH_s01,114,127,118.23333333333333,-0.7561987042427063,1.3243795501711222
TOKYOTECH_s01,114,128,118.26666666666667,-1.0026994943618774,1.2801183127039215
TOKYOTECH_s01,114,129,118.3,-0.9756474494934082,1.0994540541786346
TOKYOTECH_s01,114,130,118.33333333333333,-0.9668269753456116,0.8179057689141906
TOKYOTECH_s01,114,131,118.36666666666666,-0.895829975605011,0.4731567351780496
TOKYOTECH_s01,114,132,118.4,-0.11671408265829086,0.09690581066323818
TOKYOTECH_s01,114,133,118.43333333333334,1.4206478595733643,-0.28724565306780675
TOKYOTECH_s01,114,134,118.46666666666667,2.090689182281494,-0.6596315997618388
TOKYOTECH_s01,114,135,118.5,1.5651224851608276,-0.9969234843924321
TOKYOTECH_s01,114,136,118.53333333333333,1.1448110342025757,-1.2661269847398575
TOKYOTECH_s01,114,137,118.56666666666666,0.7985285520553589,-1.425023415719307
TOKYOTECH_s01,114,138,118.6,0.3469516336917877,-1.4309421533146018
TOKYOTECH_s01,114,139,118.63333333333334,0.1734953671693802,-1.2555492754730695
TOKYOTECH_s01,114,140,118.66666666666667,0.2967851758003235,-0.9000319695937008
TOKYOTECH_s01,114,141,118.7,0.49272575974464417,-0.4038156365815773
TOKYOTECH_s01,114,142,118.73333333333333,0.2242918610572815,0.15865123829479486
TOKYOTECH_s01,114,143,118.76666666666667,-0.013506625778973103,0.6940345996635834
TOKYOTECH_s01,114,144,118.8,-0.25776296854019165,1.1138812299331993
TOKYOTECH_s01,114,145,118.83333333333333,-0.6518099308013916,1.3565997645437413
TOKYOTECH_s01,114,146,118.86666666666666,-0.7939613461494446,1.399387037384811
TOKYOTECH_s01,114,147,118.9,-0.7797855734825134,1.2571134603009446
TOKYOTECH_s01,114,148,118.93333333333334,-0.8036875128746033,0.9711135824717823
TOKYOTECH_s01,114,149,118.96666666666667,-0.8537752032279968,0.5942149432390126
TOKYOTECH_s01,114,150,119.0,-0.6911870241165161,0.1779303559879148
TOKYOTECH_s01,114,151,119.03333333333333,0.24181468784809113,-0.2348732297529629
TOKYOTECH_s01,114,152,119.06666666666666,1.5919383764266968,-0.6111425351861349
TOKYOTECH_s01,114,153,119.1,2.051469564437866,-0.9241116836870387
TOKYOTECH_s01,114,154,119.13333333333334,1.6254088878631592,-1.148340217428443
TOKYOTECH_s01,114,155,119.16666666666667,1.1981276273727417,-1.2573023681110882
TOKYOTECH_s01,114,156,119.2,0.9090207815170288,-1.2264123381464673
TOKYOTECH_s01,114,157,119.23333333333333,0.45445120334625244,-1.0414737940926198
TOKYOTECH_s01,114,158,119.26666666666667,0.18306401371955872,-0.7089833795017839
TOKYOTECH_s01,114,159,119.3,0.29946279525756836,-0.26263136510354435
TOKYOTECH_s01,114,160,119.33333333333333,0.36943596601486206,0.23862995807374482
TOKYOTECH_s01,114,161,119.36666666666666,0.2889491021633148,0.7216869106211831
TOKYOTECH_s01,114,162,119.4,-0.05162368714809418,1.1155815106380256
TOKYOTECH_s01,114,163,119.43333333333334,-0.26937922835350037,1.366773216481291
TOKYOTECH_s01,114,164,119.46666666666667,-0.4669736623764038,1.4486455524991269
TOKYOTECH_s01,114,165,119.5,-0.718357264995575,1.363760512150849
TOKYOTECH_s01,114,166,119.53333333333333,-0.8214465975761414,1.1394359527018862
TOKYOTECH_s01,114,167,119.56666666666666,-0.8012855052947998,0.8182563495137797
TOKYOTECH_s01,114,168,119.6,-0.6239702701568604,0.44622472074172503
TOKYOTECH_s01,114,169,119.63333333333334,-0.19838225841522217,0.06225611614005845
TOKYOTECH_s01,114,170,119.66666666666667,1.0705457925796509,-0.3073088876671796
TOKYOTECH_s01,114,171,119.7,1.9446786642074585,-0.6472388255780748
TOKYOTECH_s01,114,172,119.73333333333333,1.7713799476623535,-0.9462514838544148
TOKYOTECH_s01,114,173,119.76666666666667,1.3681581020355225,-1.1883121420782286
TOKYOTECH_s01,114,174,119.8,0.8920098543167114,-1.3474075993511632
TOKYOTECH_s01,114,175,119.83333333333333,0.5680935978889465,-1.3894029707631734
TOKYOTECH_s01,114,176,119.86666666666666,0.17975632846355438,-1.281667444337374
TOKYOTECH_s01,114,177,119.9,0.13325193524360657,-1.0077427381295925
TOKYOTECH_s01,114,178,119.93333333333334,0.30666881799697876,-0.5815043173327864
TOKYOTECH_s01,114,179,119.96666666666667,0.2604006826877594,-0.054001980520527425
TOKYOTECH_s01,114,180,120.0,0.06190057843923569,0.49250136058004423
TOKYOTECH_s01,114,181,120.03333333333333,-0.3076537847518921,0.9637950153322671
TOKYOTECH_s01,114,182,120.06666666666666,-0.6032578945159912,1.2795266495224535
TOKYOTECH_s01,114,183,120.1,-0.7315880060195923,1.3945525353441095
TOKYOTECH_s01,114,184,120.13333333333334,-0.8448365926742554,1.3074722305277025
TOKYOTECH_s01,114,185,120.16666666666667,-0.9853342175483704,1.0548513527630188
TOKYOTECH_s01,114,186,120.2,-0.9609991312026978,0.6956827080752804
TOKYOTECH_s01,114,187,120.23333333333333,-0.9981711506843567,0.2933020606678425
TOKYOTECH_s01,114,188,120.26666666666667,-0.8234154582023621,-0.09885310950838212
TOKYOTECH_s01,114,189,120.3,0.29414689540863037,-0.4441977100951304
TOKYOTECH_s01,114,190,120.33333333333333,1.6521459817886353,-0.7225228000769531
TOKYOTECH_s01,114,191,120.36666666666666,1.8489922285079956,-0.9245243566467058
TOKYOTECH_s01,114,192,120.4,1.3352388143539429,-1.0450840369360508
TOKYOTECH_s01,114,193,120.43333333333334,0.9654482007026672,-1.078726210400836
TOKYOTECH_s01,114,194,120.46666666666667,0.6386180520057678,-1.0189563924578524
TOKYOTECH_s01,114,195,120.5,0.23614437878131866,-0.861205972800598
TOKYOTECH_s01,114,196,120.53333333333333,0.1295504868030548,-0.6078911811787614
TOKYOTECH_s01,114,197,120.56666666666666,0.2840663492679596,-0.27363913543134777
TOKYOTECH_s01,114,198,120.6,0.3415175974369049,0.11138864991239664
TOKYOTECH_s01,114,199,120.63333333333334,0.13722902536392212,0.5020522295540477
TOKYOTECH_s01,114,200,120.66666666666667,-0.22653689980506897,0.8440412726737693
TOKYOTECH_s01,114,201,120.7,-0.5725831389427185,1.084630137081227
TOKYOTECH_s01,114,202,120.73333333333333,-0.7199717164039612,1.1854934710890586
TOKYOTECH_s01,114,203,120.76666666666667,-0.8856707215309143,1.132835796690031
TOKYOTECH_s01,114,204,120.8,-0.7575768828392029,0.9405803410735656
TOKYOTECH_s01,114,205,120.83333333333333,-0.715600848197937,0.6452989926336968
TOKYOTECH_s01,114,206,120.86666666666666,-0.7650191783905029,0.29543947764379175
TOKYOTECH_s01,114,207,120.9,-0.7516703009605408,-0.060376534779974185
TOKYOTECH_s01,114,208,120.93333333333334,-0.6353108882904053,-0.38208067928714734
TOKYOTECH_s01,114,209,120.96666666666667,0.39853566884994507,-0.6424157312653679
TOKYOTECH_s01,114,210,121.0,1.550946831703186,-0.8269959981422216
TOKYOTECH_s01,114,211,121.03333333333333,1.673291563987732,-0.9312570945558605
TOKYOTECH_s01,114,212,121.06666666666666,1.2964917421340942,-0.9558307456861158
TOKYOTECH_s01,114,213,121.1,0.9462321996688843,-0.9020911975257098
TOKYOTECH_s01,114,214,121.13333333333334,0.6444852352142334,-0.7695305338049938
TOKYOTECH_s01,114,215,121.16666666666667,0.20798973739147186,-0.5563770946238945
TOKYOTECH_s01,114,216,121.2,0.031068285927176476,-0.26428655532449885
TOKYOTECH_s01,114,217,121.23333333333333,0.07879336923360825,0.09385499476420718
TOKYOTECH_s01,114,218,121.26666666666667,0.11320897936820984,0.4868512359053878
TOKYOTECH_s01,114,219,121.3,-0.002835423219949007,0.864259729389257
TOKYOTECH_s01,114,220,121.33333333333333,-0.21551130712032318,1.1650792844923679
TOKYOTECH_s01,114,221,121.36666666666666,-0.5856956839561462,1.3344369498829871
TOKYOTECH_s01,114,222,121.4,-0.9150460362434387,1.3412178008780298
TOKYOTECH_s01,114,223,121.43333333333334,-1.0730271339416504,1.1880111899292205
TOKYOTECH_s01,114,224,121.46666666666667,-1.0500308275222778,0.9089148668284577
TOKYOTECH_s01,114,225,121.5,-0.954029381275177,0.5573113432255672
TOKYOTECH_s01,114,226,121.53333333333333,-0.9123683571815491,0.18997906861866762
TOKYOTECH_s01,114,227,121.56666666666666,-0.9212676286697388,-0.14602403225669536
TOKYOTECH_s01,114,228,121.6,-0.6490141153335571,-0.4203359186488119
TOKYOTECH_s01,114,229,121.63333333333334,0.5813243389129639,-0.6201305637479454
TOKYOTECH_s01,114,230,121.66666666666667,1.59347403049469,-0.746418129036348
TOKYOTECH_s01,114,231,121.7,1.5253123044967651,-0.8079707110458751
TOKYOTECH_s01,114,232,121.73333333333333,1.148236870765686,-0.815707398312645
TOKYOTECH_s01,114,233,121.76666666666667,0.855704128742218,-0.7800254190297977
TOKYOTECH_s01,114,234,121.8,0.5043026208877563,-0.7112890846019309
TOKYOTECH_s01,114,235,121.83333333333333,0.10600296407938004,-0.6212142880029983
TOKYOTECH_s01,114,236,121.86666666666666,0.007993287406861782,-0.5224257267393146
TOKYOTECH_s01,114,237,121.9,0.17908692359924316,-0.42531919482155117
TOKYOTECH_s01,114,238,121.93333333333334,0.13876473903656006,-0.33411561572578985
TOKYOTECH_s01,114,239,121.96666666666667,-0.13943469524383545,-0.24536353021870885
TOKYOTECH_s01,115,0,115.0,0.19479839503765106,-0.15281860930637833
TOKYOTECH_s01,115,1,115.03333333333333,-0.04524459317326546,0.10249320504973881
TOKYOTECH_s01,115,2,115.06666666666666,-0.378572016954422,0.3112014648037092
TOKYOTECH_s01,115,3,115.1,-0.6850442290306091,0.43613788815094523
TOKYOTECH_s01,115,4,115.13333333333334,-0.9022091031074524,0.46195551846649713
TOKYOTECH_s01,115,5,115.16666666666667,-1.0182141065597534,0.3966920383056205
TOKYOTECH_s01,115,6,115.2,-1.0125044584274292,0.265126018234169
TOKYOTECH_s01,115,7,115.23333333333333,-1.0638915300369263,0.09665725805198894
TOKYOTECH_s01,115,8,115.26666666666667,-0.965960681438446,-0.08675437224984488
TOKYOTECH_s01,115,9,115.3,-0.27701839804649353,-0.27681146834021353
TOKYOTECH_s01,115,10,115.33333333333333,1.3123213052749634,-0.4762763971105591
TOKYOTECH_s01,115,11,115.36666666666666,2.004610776901245,-0.6889899684950876
TOKYOTECH_s01,115,12,115.4,1.5344083309173584,-0.9077196700863825
TOKYOTECH_s01,115,13,115.43333333333334,1.0225056409835815,-1.106182454993191
TOKYOTECH_s01,115,14,115.46666666666667,0.5657309889793396,-1.2396054337380917
TOKYOTECH_s01,115,15,115.5,-0.078675776720047,-1.2546756910662167
TOKYOTECH_s01,115,16,115.53333333333333,-0.34092745184898376,-1.1065150215467658
TOKYOTECH_s01,115,17,115.56666666666666,-0.15298041701316833,-0.7776709547609767
TOKYOTECH_s01,115,18,115.6,0.11151576042175293,-0.29209413170399007
TOKYOTECH_s01,115,19,115.63333333333334,0.06757088750600815,0.28311925135890315
TOKYOTECH_s01,115,20,115.66666666666667,-0.18263140320777893,0.8522462481753094
TOKYOTECH_s01,115,21,115.7,-0.42574581503868103,1.318469577968957
TOKYOTECH_s01,115,22,115.73333333333333,-0.7130807042121887,1.6126464370851397
TOKYOTECH_s01,115,23,115.76666666666667,-0.9323325753211975,1.7093165237697698
TOKYOTECH_s01,115,24,115.8,-0.9816721081733704,1.6239231705219388
TOKYOTECH_s01,115,25,115.83333333333333,-1.0786579847335815,1.3964015050532048
TOKYOTECH_s01,115,26,115.86666666666666,-1.1547739505767822,1.0717375219081637
TOKYOTECH_s01,115,27,115.9,-0.9650155901908875,0.6865092904929373
TOKYOTECH_s01,115,28,115.93333333333334,0.28851595520973206,0.26523709048439637
TOKYOTECH_s01,115,29,115.96666666666667,1.7911078929901123,-0.17480724160468383
TOKYOTECH_s01,115,30,116.0,1.9963021278381348,-0.6146202468435202
TOKYOTECH_s01,115,31,116.03333333333333,1.4660496711730957,-1.0252198398004022
TOKYOTECH_s01,115,32,116.06666666666666,0.9624161720275879,-1.3642522873517158
TOKYOTECH_s01,115,33,116.1,0.4501984715461731,-1.5799185215717584
TOKYOTECH_s01,115,34,116.13333333333334,0.02795749343931675,-1.622370524510312
TOKYOTECH_s01,115,35,116.16666666666667,-0.11470585316419601,-1.460017929688681
TOKYOTECH_s01,115,36,116.2,0.04099132493138313,-1.0955300406190416
TOKYOTECH_s01,115,37,116.23333333333333,0.2948950529098511,-0.5744385039543143
TOKYOTECH_s01,115,38,116.26666666666667,0.2130693793296814,0.0202873884157562
TOKYOTECH_s01,115,39,116.3,-0.2094472348690033,0.5890559794870854
TOKYOTECH_s01,115,40,116.33333333333333,-0.4769754409790039,1.0440868749611967
TOKYOTECH_s01,115,41,116.36666666666666,-0.6638199090957642,1.3319822626727873
TOKYOTECH_s01,115,42,116.4,-0.8400325775146484,1.4404780963235226
TOKYOTECH_s01,115,43,116.43333333333334,-1.0449118614196777,1.389018763917473
TOKYOTECH_s01,115,44,116.46666666666667,-1.0606626272201538,1.2112555470846977
TOKYOTECH_s01,115,45,116.5,-0.8961449861526489,0.939956519159746
TOKYOTECH_s01,115,46,116.53333333333333,-0.3975517749786377,0.600618020194069
TOKYOTECH_s01,115,47,116.56666666666666,0.9152423739433289,0.21361311938855695
TOKYOTECH_s01,115,48,116.6,1.9814175367355347,-0.19921416736261507
TOKYOTECH_s01,115,49,116.63333333333334,1.8168212175369263,-0.6081213594299598
TOKYOTECH_s01,115,50,116.66666666666667,1.2079719305038452,-0.9724989805452325
TOKYOTECH_s01,115,51,116.7,0.7145765423774719,-1.2431045025665062
TOKYOTECH_s01,115,52,116.73333333333333,0.2731195092201233,-1.3701184787113772
TOKYOTECH_s01,115,53,116.76666666666667,-0.14648319780826569,-1.316176541505458
TOKYOTECH_s01,115,54,116.8,-0.1424667239189148,-1.0710651839207865
TOKYOTECH_s01,115,55,116.83333333333333,0.12372267246246338,-0.6622651062938459
TOKYOTECH_s01,115,56,116.86666666666666,0.2055089771747589,-0.15497181452472103
TOKYOTECH_s01,115,57,116.9,0.009686504490673542,0.36151463389452854
TOKYOTECH_s01,115,58,116.93333333333334,-0.31387537717819214,0.7974818046340122
TOKYOTECH_s01,115,59,116.96666666666667,-0.7225705981254578,1.0870625158507834
TOKYOTECH_s01,115,60,117.0,-0.8902384638786316,1.2026140459220678
TOKYOTECH_s01,115,61,117.03333333333333,-0.9844679236412048,1.1538770713216466
TOKYOTECH_s01,115,62,117.06666666666666,-1.0248688459396362,0.9748615410430538
TOKYOTECH_s01,115,63,117.1,-0.9915951490402222,0.7070975730420125
TOKYOTECH_s01,115,64,117.13333333333334,-0.9234333634376526,0.38722076081863804
TOKYOTECH_s01,115,65,117.16666666666667,0.15522438287734985,0.042268868989398724
TOKYOTECH_s01,115,66,117.2,1.6491140127182007,-0.3080659131123192
TOKYOTECH_s01,115,67,117.23333333333333,1.950860857963562,-0.645167997666327
TOKYOTECH_s01,115,68,117.26666666666667,1.4785321950912476,-0.9448575647448321
TOKYOTECH_s01,115,69,117.3,1.0485339164733887,-1.1739194746987769
TOKYOTECH_s01,115,70,117.33333333333333,0.6137710809707642,-1.2926178545617004
TOKYOTECH_s01,115,71,117.36666666666666,0.14786085486412048,-1.2640484502699256
TOKYOTECH_s01,115,72,117.4,0.0718236193060875,-1.0678753378733232
TOKYOTECH_s01,115,73,117.43333333333334,0.2948163151741028,-0.7129426739830044
TOKYOTECH_s01,115,74,117.46666666666667,0.379555881023407,-0.24245402064534996
TOKYOTECH_s01,115,75,117.5,0.12864480912685394,0.2722406894277933
TOKYOTECH_s01,115,76,117.53333333333333,-0.10604288429021835,0.7483698689485229
TOKYOTECH_s01,115,77,117.56666666666666,-0.3488028943538666,1.1129124473914331
TOKYOTECH_s01,115,78,117.6,-0.7757691144943237,1.3194690230661321
TOKYOTECH_s01,115,79,117.63333333333334,-0.8672422170639038,1.354290100554505
TOKYOTECH_s01,115,80,117.66666666666667,-0.9148491621017456,1.2313770923686538
TOKYOTECH_s01,115,81,117.7,-1.0069522857666016,0.9820887934881352
TOKYOTECH_s01,115,82,117.73333333333333,-1.0372332334518433,0.6450544127777008
TOKYOTECH_s01,115,83,117.76666666666667,-0.7848652601242065,0.25929752983154136
TOKYOTECH_s01,115,84,117.8,0.47654175758361816,-0.1389405190142402
TOKYOTECH_s01,115,85,117.83333333333333,1.8242241144180298,-0.516369556914112
TOKYOTECH_s01,115,86,117.86666666666666,1.8732879161834717,-0.8412335341015118
TOKYOTECH_s01,115,87,117.9,1.3403185606002808,-1.0821905599581794
TOKYOTECH_s01,115,88,117.93333333333334,0.8961051106452942,-1.2093195591710622
TOKYOTECH_s01,115,89,117.96666666666667,0.4113726019859314,-1.198277293649179
TOKYOTECH_s01,115,90,118.0,0.12391956150531769,-1.0371094830940755
TOKYOTECH_s01,115,91,118.03333333333333,-0.009568912908434868,-0.7335052219431548
TOKYOTECH_s01,115,92,118.06666666666666,0.12167506664991379,-0.319171011356235
TOKYOTECH_s01,115,93,118.1,0.33620166778564453,0.15177268517579304
TOKYOTECH_s01,115,94,118.13333333333334,0.17377100884914398,0.6116008513709914
TOKYOTECH_s01,115,95,118.16666666666667,-0.25252580642700195,0.9931495307659018
TOKYOTECH_s01,115,96,118.2,-0.554981529712677,1.2445601772205508
TOKYOTECH_s01,115,97,118.23333333333333,-0.7561987042427063,1.3391659984140425
TOKYOTECH_s01,115,98,118.26666666666667,-1.0026994943618774,1.2775426483137102
TOKYOTECH_s01,115,99,118.3,-0.9756474494934082,1.0822937528610497
TOKYOTECH_s01,115,100,118.33333333333333,-0.9668269753456116,0.7883975678348004
TOKYOTECH_s01,115,101,118.36666666666666,-0.895829975605011,0.4327575243089914
TOKYOTECH_s01,115,102,118.4,-0.11671408265829086,0.04662433863717691
TOKYOTECH_s01,115,103,118.43333333333334,1.4206478595733643,-0.34646622315179515
TOKYOTECH_s01,115,104,118.46666666666667,2.090689182281494,-0.7269130128161465
TOKYOTECH_s01,115,105,118.5,1.5651224851608276,-1.0719072959635718
TOKYOTECH_s01,115,106,118.53333333333333,1.1448110342025757,-1.3493757288801893
TOKYOTECH_s01,115,107,118.56666666666666,0.7985285520553589,-1.5174674090634768
TOKYOTECH_s01,115,108,118.6,0.3469516336917877,-1.5318403444652273
TOKYOTECH_s01,115,109,118.63333333333334,0.1734953671693802,-1.3595780561206674
TOKYOTECH_s01,115,110,118.66666666666667,0.2967851758003235,-0.9953146865934986
TOKYOTECH_s01,115,111,118.7,0.49272575974464417,-0.47292631441832533
TOKYOTECH_s01,115,112,118.73333333333333,0.2242918610572815,0.13401522688949738
TOKYOTECH_s01,115,113,118.76666666666667,-0.013506625778973103,0.726251398570774
TOKYOTECH_s01,115,114,118.8,-0.25776296854019165,1.2035760945754648
TOKYOTECH_s01,115,115,118.83333333333333,-0.6518099308013916,1.4906622976379762
TOKYOTECH_s01,115,116,118.86666666666666,-0.7939613461494446,1.5538112846620435
TOKYOTECH_s01,115,117,118.9,-0.7797855734825134,1.403336060166647
TOKYOTECH_s01,115,118,118.93333333333334,-0.8036875128746033,1.083311907947664
TOKYOTECH_s01,115,119,118.96666666666667,-0.8537752032279968,0.6552585063086465
TOKYOTECH_s01,115,120,119.0,-0.6911870241165161,0.18256295342429216
TOKYOTECH_s01,115,121,119.03333333333333,0.24181468784809113,-0.2801267811077231
TOKYOTECH_s01,115,122,119.06666666666666,1.5919383764266968,-0.6909369950161459
TOKYOTECH_s01,115,123,119.1,2.051469564437866,-1.0188768966527229
TOKYOTECH_s01,115,124,119.13333333333334,1.6254088878631592,-1.2388841695179116
TOKYOTECH_s01,115,125,119.16666666666667,1.1981276273727417,-1.3280580192853289
TOKYOTECH_s01,115,126,119.2,0.9090207815170288,-1.2667824306011484
TOKYOTECH_s01,115,127,119.23333333333333,0.45445120334625244,-1.045671363173616
TOKYOTECH_s01,115,128,119.26666666666667,0.18306401371955872,-0.6753072461202583
TOKYOTECH_s01,115,129,119.3,0.29946279525756836,-0.19300053925370927
TOKYOTECH_s01,115,130,119.33333333333333,0.36943596601486206,0.338669512747675
TOKYOTECH_s01,115,131,119.36666666666666,0.2889491021633148,0.8429273937921646
TOKYOTECH_s01,115,132,119.4,-0.05162368714809418,1.2457689814339037
TOKYOTECH_s01,115,133,119.43333333333334,-0.26937922835350037,1.4921764030549964
TOKYOTECH_s01,115,134,119.46666666666667,-0.4669736623764038,1.556137991716903
TOKYOTECH_s01,115,135,119.5,-0.718357264995575,1.4424773586161397
TOKYOTECH_s01,115,136,119.53333333333333,-0.8214465975761414,1.1813486073539046
TOKYOTECH_s01,115,137,119.56666666666666,-0.8012855052947998,0.8178929047085801
TOKYOTECH_s01,115,138,119.6,-0.6239702701568604,0.4004559498459672
TOKYOTECH_s01,115,139,119.63333333333334,-0.19838225841522217,-0.029045433653295653
TOKYOTECH_s01,115,140,119.66666666666667,1.0705457925796509,-0.4398062356893623
TOKYOTECH_s01,115,141,119.7,1.9446786642074585,-0.8109422675854832
TOKYOTECH_s01,115,142,119.73333333333333,1.7713799476623535,-1.125999911551294
TOKYOTECH_s01,115,143,119.76666666666667,1.3681581020355225,-1.3665448345459543
TOKYOTECH_s01,115,144,119.8,0.8920098543167114,-1.5083443059372827
TOKYOTECH_s01,115,145,119.83333333333333,0.5680935978889465,-1.5225793281823001
TOKYOTECH_s01,115,146,119.86666666666666,0.17975632846355438,-1.3829806448682151
TOKYOTECH_s01,115,147,119.9,0.13325193524360657,-1.0776829563029424
TOKYOTECH_s01,115,148,119.93333333333334,0.30666881799697876,-0.62191306489287
TOKYOTECH_s01,115,149,119.96666666666667,0.2604006826877594,-0.06536117373268342
TOKYOTECH_s01,115,150,120.0,0.06190057843923569,0.5119067598759006
TOKYOTECH_s01,115,151,120.03333333333333,-0.3076537847518921,1.0167826530111375
TOKYOTECH_s01,115,152,120.06666666666666,-0.6032578945159912,1.3677650134177397
TOKYOTECH_s01,115,153,120.1,-0.7315880060195923,1.5160676203532197
TOKYOTECH_s01,115,154,120.13333333333334,-0.8448365926742554,1.4548435583207435
TOKYOTECH_s01,115,155,120.16666666666667,-0.9853342175483704,1.2150477158442703
TOKYOTECH_s01,115,156,120.2,-0.9609991312026978,0.8520422198448298
TOKYOTECH_s01,115,157,120.23333333333333,-0.9981711506843567,0.4291575925472247
TOKYOTECH_s01,115,158,120.26666666666667,-0.8234154582023621,0.003610267015296661
TOKYOTECH_s01,115,159,120.3,0.29414689540863037,-0.3820575220950031
TOKYOTECH_s01,115,160,120.33333333333333,1.6521459817886353,-0.7021228728794064
TOKYOTECH_s01,115,161,120.36666666666666,1.8489922285079956,-0.9443882254234991
TOKYOTECH_s01,115,162,120.4,1.3352388143539429,-1.103840528639616
TOKYOTECH_s01,115,163,120.43333333333334,0.9654482007026672,-1.1762517659007212
TOKYOTECH_s01,115,164,120.46666666666667,0.6386180520057678,-1.154298538029044
TOKYOTECH_s01,115,165,120.5,0.23614437878131866,-1.027859866513743
TOKYOTECH_s01,115,166,120.53333333333333,0.1295504868030548,-0.7890770990902658
TOKYOTECH_s01,115,167,120.56666666666666,0.2840663492679596,-0.44104267788265233
TOKYOTECH_s01,115,168,120.6,0.3415175974369049,-0.00659954207079555
TOKYOTECH_s01,115,169,120.63333333333334,0.13722902536392212,0.4677661655471405
TOKYOTECH_s01,115,170,120.66666666666667,-0.22653689980506897,0.9168911451479886
TOKYOTECH_s01,115,171,120.7,-0.5725831389427185,1.2709077766774395
TOKYOTECH_s01,115,172,120.73333333333333,-0.7199717164039612,1.4735001557658929
TOKYOTECH_s01,115,173,120.76666666666667,-0.8856707215309143,1.4969593801265246
TOKYOTECH_s01,115,174,120.8,-0.7575768828392029,1.3480189239848834
TOKYOTECH_s01,115,175,120.83333333333333,-0.715600848197937,1.0629401844358917
TOKYOTECH_s01,115,176,120.86666666666666,-0.7650191783905029,0.6949347381154546
TOKYOTECH_s01,115,177,120.9,-0.7516703009605408,0.2993361534131784
TOKYOTECH_s01,115,178,120.93333333333334,-0.6353108882904053,-0.07872197155895079
TOKYOTECH_s01,115,179,120.96666666666667,0.39853566884994507,-0.4113901229198859
TOKYOTECH_s01,115,180,121.0,1.550946831703186,-0.6888433644721385
TOKYOTECH_s01,115,181,121.03333333333333,1.673291563987732,-0.9139450306737711
TOKYOTECH_s01,115,182,121.06666666666666,1.2964917421340942,-1.0928545137949488
TOKYOTECH_s01,115,183,121.1,0.9462321996688843,-1.2251942442760526
TOKYOTECH_s01,115,184,121.13333333333334,0.6444852352142334,-1.2978768150357247
TOKYOTECH_s01,115,185,121.16666666666667,0.20798973739147186,-1.285725646941682
TOKYOTECH_s01,115,186,121.2,0.031068285927176476,-1.159771995782078
TOKYOTECH_s01,115,187,121.23333333333333,0.07879336923360825,-0.9010708921655047
TOKYOTECH_s01,115,188,121.26666666666667,0.11320897936820984,-0.5149562125761321
TOKYOTECH_s01,115,189,121.3,-0.002835423219949007,-0.03912827859114547
TOKYOTECH_s01,115,190,121.33333333333333,-0.21551130712032318,0.4598534519508873
TOKYOTECH_s01,115,191,121.36666666666666,-0.5856956839561462,0.9023953231399394
TOKYOTECH_s01,115,192,121.4,-0.9150460362434387,1.2180619244723492
TOKYOTECH_s01,115,193,121.43333333333334,-1.0730271339416504,1.3644931446066098
TOKYOTECH_s01,115,194,121.46666666666667,-1.0500308275222778,1.335942368266076
TOKYOTECH_s01,115,195,121.5,-0.954029381275177,1.1601357929475302
TOKYOTECH_s01,115,196,121.53333333333333,-0.9123683571815491,0.8865686345814222
TOKYOTECH_s01,115,197,121.56666666666666,-0.9212676286697388,0.571105054263651
TOKYOTECH_s01,115,198,121.6,-0.6490141153335571,0.2616782817535208
TOKYOTECH_s01,115,199,121.63333333333334,0.5813243389129639,-0.011130592426531064
TOKYOTECH_s01,115,200,121.66666666666667,1.59347403049469,-0.2364383885846165
TOKYOTECH_s01,115,201,121.7,1.5253123044967651,-0.4185234448693033
TOKYOTECH_s01,115,202,121.73333333333333,1.148236870765686,-0.5683996529843663
TOKYOTECH_s01,115,203,121.76666666666667,0.855704128742218,-0.6956330600476399
TOKYOTECH_s01,115,204,121.8,0.5043026208877563,-0.8029024121739585
TOKYOTECH_s01,115,205,121.83333333333333,0.10600296407938004,-0.8835566783843047
TOKYOTECH_s01,115,206,121.86666666666666,0.007993287406861782,-0.9218747853346563
TOKYOTECH_s01,115,207,121.9,0.17908692359924316,-0.8962596113398167
TOKYOTECH_s01,115,208,121.93333333333334,0.13876473903656006,-0.7855693188284294
TOKYOTECH_s01,115,209,121.96666666666667,-0.13943469524383545,-0.5779299821253058
TOKYOTECH_s01,115,210,122.0,-0.48918235301971436,-0.28003342957447097
TOKYOTECH_s01,115,211,122.03333333333333,-0.7219405770301819,0.0769012775070831
TOKYOTECH_s01,115,212,122.06666666666666,-0.848656177520752,0.4395184643807344
TOKYOTECH_s01,115,213,122.1,-1.066136121749878,0.7454887346674371
TOKYOTECH_s01,115,214,122.13333333333334,-1.1553646326065063,0.9430215664332099
TOKYOTECH_s01,115,215,122.16666666666667,-1.055228590965271,1.0071822221906248
TOKYOTECH_s01,115,216,122.2,-1.0162845849990845,0.9453604711490087
TOKYOTECH_s01,115,217,122.23333333333333,-1.0247507095336914,0.79083224637796
TOKYOTECH_s01,115,218,122.26666666666667,-1.096456527709961,0.5891351476566793
TOKYOTECH_s01,115,219,122.3,-0.7253270149230957,0.3838169890415041
TOKYOTECH_s01,115,220,122.33333333333333,0.6828779578208923,0.20609809291835968
TOKYOTECH_s01,115,221,122.36666666666666,1.724166750907898,0.06995998612347548
TOKYOTECH_s01,115,222,122.4,1.6792374849319458,-0.027342515045298988
TOKYOTECH_s01,115,223,122.43333333333334,1.2074207067489624,-0.09994404767247696
TOKYOTECH_s01,115,224,122.46666666666667,0.8063645958900452,-0.16492312670850423
TOKYOTECH_s01,115,225,122.5,0.4322424829006195,-0.2337829270878193
TOKYOTECH_s01,115,226,122.53333333333333,-0.007166907656937838,-0.3072247307157602
TOKYOTECH_s01,115,227,122.56666666666666,-0.1204942911863327,-0.3752304236123252
TOKYOTECH_s01,115,228,122.6,0.1766061633825302,-0.42183108728787855
TOKYOTECH_s01,115,229,122.63333333333334,0.1462070196866989,-0.43170020183937197
TOKYOTECH_s01,115,230,122.66666666666667,-0.09462351351976395,-0.39543530312609093
TOKYOTECH_s01,115,231,122.7,-0.43436938524246216,-0.31211532848148815
TOKYOTECH_s01,115,232,122.73333333333333,-0.7337537407875061,-0.18999033507830232
TOKYOTECH_s01,115,233,122.76666666666667,-0.9750174283981323,-0.0466472767522367
TOKYOTECH_s01,115,234,122.8,-1.1144517660140991,0.09195495933789348
TOKYOTECH_s01,115,235,122.83333333333333,-1.1987582445144653,0.19570808766252326
TOKYOTECH_s01,115,236,122.86666666666666,-1.2056492567062378,0.23845130757952654
TOKYOTECH_s01,115,237,122.9,-1.2335282564163208,0.20738367212809594
TOKYOTECH_s01,115,238,122.93333333333334,-1.2381747961044312,0.10934529260584681
TOKYOTECH_s01,115,239,122.96666666666667,-1.1972225904464722,-0.0295814087897361
TOKYOTECH_s01,116,0,116.0,1.9963021278381348,0.09235371986399035
TOKYOTECH_s01,116,1,116.03333333333333,1.4660496711730957,-0.293168510083091
TOKYOTECH_s01,116,2,116.06666666666666,0.9624161720275879,-0.6002846660388382
TOKYOTECH_s01,116,3,116.1,0.4501984715461731,-0.7614011023676525
TOKYOTECH_s01,116,4,116.13333333333334,0.02795749343931675,-0.7318562989626138
TOKYOTECH_s01,116,5,116.16666666666667,-0.11470585316419601,-0.5018510929484857
TOKYOTECH_s01,116,6,116.2,0.04099132493138313,-0.10450732952147082
TOKYOTECH_s01,116,7,116.23333333333333,0.2948950529098511,0.3854463420046811
TOKYOTECH_s01,116,8,116.26666666666667,0.2130693793296814,0.8665785499446346
TOKYOTECH_s01,116,9,116.3,-0.2094472348690033,1.2378541756597135
TOKYOTECH_s01,116,10,116.33333333333333,-0.4769754409790039,1.428268475107647
TOKYOTECH_s01,116,11,116.36666666666666,-0.6638199090957642,1.415503638745412
TOKYOTECH_s01,116,12,116.4,-0.8400325775146484,1.225488756055876
TOKYOTECH_s01,116,13,116.43333333333334,-1.0449118614196777,0.9150491825504073
TOKYOTECH_s01,116,14,116.46666666666667,-1.0606626272201538,0.547508408636818
TOKYOTECH_s01,116,15,116.5,-0.8961449861526489,0.17253031908415833
TOKYOTECH_s01,116,16,116.53333333333333,-0.3975517749786377,-0.18272948395522903
TOKYOTECH_s01,116,17,116.56666666666666,0.9152423739433289,-0.5103532799868064
TOKYOTECH_s01,116,18,116.6,1.9814175367355347,-0.810139736006082
TOKYOTECH_s01,116,19,116.63333333333334,1.8168212175369263,-1.0759050337885783
TOKYOTECH_s01,116,20,116.66666666666667,1.2079719305038452,-1.2859241262801242
TOKYOTECH_s01,116,21,116.7,0.7145765423774719,-1.402225123175651
TOKYOTECH_s01,116,22,116.73333333333333,0.2731195092201233,-1.380191075519822
TOKYOTECH_s01,116,23,116.76666666666667,-0.14648319780826569,-1.1859384653034095
TOKYOTECH_s01,116,24,116.8,-0.1424667239189148,-0.8154163508846052
TOKYOTECH_s01,116,25,116.83333333333333,0.12372267246246338,-0.30701587268007785
TOKYOTECH_s01,116,26,116.86666666666666,0.2055089771747589,0.2600310562295611
TOKYOTECH_s01,116,27,116.9,0.009686504490673542,0.7841462778819657
TOKYOTECH_s01,116,28,116.93333333333334,-0.31387537717819214,1.1706970204008342
TOKYOTECH_s01,116,29,116.96666666666667,-0.7225705981254578,1.359410474912426
TOKYOTECH_s01,116,30,117.0,-0.8902384638786316,1.33816087534189
TOKYOTECH_s01,116,31,117.03333333333333,-0.9844679236412048,1.138778387552555
TOKYOTECH_s01,116,32,117.06666666666666,-1.0248688459396362,0.8194135761549793
TOKYOTECH_s01,116,33,117.1,-0.9915951490402222,0.44314309813053415
TOKYOTECH_s01,116,34,117.13333333333334,-0.9234333634376526,0.06156807255825284
TOKYOTECH_s01,116,35,117.16666666666667,0.15522438287734985,-0.29237749015015446
TOKYOTECH_s01,116,36,117.2,1.6491140127182007,-0.6025223248762174
TOKYOTECH_s01,116,37,117.23333333333333,1.950860857963562,-0.8613903902238205
TOKYOTECH_s01,116,38,117.26666666666667,1.4785321950912476,-1.0604114499896915
TOKYOTECH_s01,116,39,117.3,1.0485339164733887,-1.1831379038995458
TOKYOTECH_s01,116,40,117.33333333333333,0.6137710809707642,-1.2051221850721103
TOKYOTECH_s01,116,41,117.36666666666666,0.14786085486412048,-1.1014602096647104
TOKYOTECH_s01,116,42,117.4,0.0718236193060875,-0.859291458432698
TOKYOTECH_s01,116,43,117.43333333333334,0.2948163151741028,-0.48959101931959326
TOKYOTECH_s01,116,44,117.46666666666667,0.379555881023407,-0.0322139887871649
TOKYOTECH_s01,116,45,117.5,0.12864480912685394,0.44923687682860053
TOKYOTECH_s01,116,46,117.53333333333333,-0.10604288429021835,0.8816227898558885
TOKYOTECH_s01,116,47,117.56666666666666,-0.3488028943538666,1.2001762394684115
TOKYOTECH_s01,116,48,117.6,-0.7757691144943237,1.3629620841844456
TOKYOTECH_s01,116,49,117.63333333333334,-0.8672422170639038,1.356881379315704
TOKYOTECH_s01,116,50,117.66666666666667,-0.9148491621017456,1.1951882706111892
TOKYOTECH_s01,116,51,117.7,-1.0069522857666016,0.9102463543131454
TOKYOTECH_s01,116,52,117.73333333333333,-1.0372332334518433,0.5450286682039599
TOKYOTECH_s01,116,53,117.76666666666667,-0.7848652601242065,0.14501782867920293
TOKYOTECH_s01,116,54,117.8,0.47654175758361816,-0.24825189145672247
TOKYOTECH_s01,116,55,117.83333333333333,1.8242241144180298,-0.600577385313008
TOKYOTECH_s01,116,56,117.86666666666666,1.8732879161834717,-0.8850000185331599
TOKYOTECH_s01,116,57,117.9,1.3403185606002808,-1.079613449770836
TOKYOTECH_s01,116,58,117.93333333333334,0.8961051106452942,-1.1656647306148846
TOKYOTECH_s01,116,59,117.96666666666667,0.4113726019859314,-1.1281127170560423
TOKYOTECH_s01,116,60,118.0,0.12391956150531769,-0.9595075904604415
TOKYOTECH_s01,116,61,118.03333333333333,-0.009568912908434868,-0.6662382665405326
TOKYOTECH_s01,116,62,118.06666666666666,0.12167506664991379,-0.27448922424291067
TOKYOTECH_s01,116,63,118.1,0.33620166778564453,0.16788746012048197
TOKYOTECH_s01,116,64,118.13333333333334,0.17377100884914398,0.5971132105503668
TOKYOTECH_s01,116,65,118.16666666666667,-0.25252580642700195,0.9472158072979913
TOKYOTECH_s01,116,66,118.2,-0.554981529712677,1.1667683178815649
TOKYOTECH_s01,116,67,118.23333333333333,-0.7561987042427063,1.2308629678210656
TOKYOTECH_s01,116,68,118.26666666666667,-1.0026994943618774,1.1436058728726668
TOKYOTECH_s01,116,69,118.3,-0.9756474494934082,0.9319182419778347
TOKYOTECH_s01,116,70,118.33333333333333,-0.9668269753456116,0.6345969095541109
TOKYOTECH_s01,116,71,118.36666666666666,-0.895829975605011,0.2910141481391779
TOKYOTECH_s01,116,72,118.4,-0.11671408265829086,-0.06687017486024298
TOKYOTECH_s01,116,73,118.43333333333334,1.4206478595733643,-0.41685261750489055
TOKYOTECH_s01,116,74,118.46666666666667,2.090689182281494,-0.7428979054623143
TOKYOTECH_s01,116,75,118.5,1.5651224851608276,-1.0277826592467039
TOKYOTECH_s01,116,76,118.53333333333333,1.1448110342025757,-1.2461972102943735
TOKYOTECH_s01,116,77,118.56666666666666,0.7985285520553589,-1.3629681201283
TOKYOTECH_s01,116,78,118.6,0.3469516336917877,-1.3391706417422424
TOKYOTECH_s01,116,79,118.63333333333334,0.1734953671693802,-1.1453712259692597
TOKYOTECH_s01,116,80,118.66666666666667,0.2967851758003235,-0.7775471786125364
TOKYOTECH_s01,116,81,118.7,0.49272575974464417,-0.26877006658051594
TOKYOTECH_s01,116,82,118.73333333333333,0.2242918610572815,0.3101564212429634
TOKYOTECH_s01,116,83,118.76666666666667,-0.013506625778973103,0.8640804410118437
TOKYOTECH_s01,116,84,118.8,-0.25776296854019165,1.2971931887840344
TOKYOTECH_s01,116,85,118.83333333333333,-0.6518099308013916,1.5378740607644619
TOKYOTECH_s01,116,86,118.86666666666666,-0.7939613461494446,1.5551000965613013
TOKYOTECH_s01,116,87,118.9,-0.7797855734825134,1.3612287916569703
TOKYOTECH_s01,116,88,118.93333333333334,-0.8036875128746033,1.0022968474344287
TOKYOTECH_s01,116,89,118.96666666666667,-0.8537752032279968,0.5416989726164788
TOKYOTECH_s01,116,90,119.0,-0.6911870241165161,0.044113136601710366
TOKYOTECH_s01,116,91,119.03333333333333,0.24181468784809113,-0.43535419345989546
TOKYOTECH_s01,116,92,119.06666666666666,1.5919383764266968,-0.85473778480154
TOKYOTECH_s01,116,93,119.1,2.051469564437866,-1.1825267923806442
TOKYOTECH_s01,116,94,119.13333333333334,1.6254088878631592,-1.3924615475169255
TOKYOTECH_s01,116,95,119.16666666666667,1.1981276273727417,-1.4606251206588032
TOKYOTECH_s01,116,96,119.2,0.9090207815170288,-1.368155385703851
TOKYOTECH_s01,116,97,119.23333333333333,0.45445120334625244,-1.1093274928718453
TOKYOTECH_s01,116,98,119.26666666666667,0.18306401371955872,-0.7008414329959912
TOKYOTECH_s01,116,99,119.3,0.29946279525756836,-0.18638247883687076
TOKYOTECH_s01,116,100,119.33333333333333,0.36943596601486206,0.36762976706655354
TOKYOTECH_s01,116,101,119.36666666666666,0.2889491021633148,0.8847372006542225
TOKYOTECH_s01,116,102,119.4,-0.05162368714809418,1.2948154581627807
TOKYOTECH_s01,116,103,119.43333333333334,-0.26937922835350037,1.54787001698609
TOKYOTECH_s01,116,104,119.46666666666667,-0.4669736623764038,1.6213238288988547
TOKYOTECH_s01,116,105,119.5,-0.718357264995575,1.520418977259213
TOKYOTECH_s01,116,106,119.53333333333333,-0.8214465975761414,1.2732653423574725
TOKYOTECH_s01,116,107,119.56666666666666,-0.8012855052947998,0.9223105980469493
TOKYOTECH_s01,116,108,119.6,-0.6239702701568604,0.5139919513975187
TOKYOTECH_s01,116,109,119.63333333333334,-0.19838225841522217,0.08891362344638222
TOKYOTECH_s01,116,110,119.66666666666667,1.0705457925796509,-0.32428249343425936
TOKYOTECH_s01,116,111,119.7,1.9446786642074585,-0.7087500108400719
TOKYOTECH_s01,116,112,119.73333333333333,1.7713799476623535,-1.053150949604995
TOKYOTECH_s01,116,113,119.76666666666667,1.3681581020355225,-1.3426375013627363
TOKYOTECH_s01,116,114,119.8,0.8920098543167114,-1.5519206634427176
TOKYOTECH_s01,116,115,119.83333333333333,0.5680935978889465,-1.644587029977758
TOKYOTECH_s01,116,116,119.86666666666666,0.17975632846355438,-1.5807248631057826
TOKYOTECH_s01,116,117,119.9,0.13325193524360657,-1.3317251110891177
TOKYOTECH_s01,116,118,119.93333333333334,0.30666881799697876,-0.8974530152631683
TOKYOTECH_s01,116,119,119.96666666666667,0.2604006826877594,-0.3182779950389249
TOKYOTECH_s01,116,120,120.0,0.06190057843923569,0.32545326011740394
TOKYOTECH_s01,116,121,120.03333333333333,-0.3076537847518921,0.9295113430589863
TOKYOTECH_s01,116,122,120.06666666666666,-0.6032578945159912,1.3927831932748131
TOKYOTECH_s01,116,123,120.1,-0.7315880060195923,1.6444740324796954
TOKYOTECH_s01,116,124,120.13333333333334,-0.8448365926742554,1.660765567117926
TOKYOTECH_s01,116,125,120.16666666666667,-0.9853342175483704,1.4656252811307287
TOKYOTECH_s01,116,126,120.2,-0.9609991312026978,1.1177148400985217
TOKYOTECH_s01,116,127,120.23333333333333,-0.9981711506843567,0.6903275114071175
TOKYOTECH_s01,116,128,120.26666666666667,-0.8234154582023621,0.2518891162886757
TOKYOTECH_s01,116,129,120.3,0.29414689540863037,-0.14776517403303036
TOKYOTECH_s01,116,130,120.33333333333333,1.6521459817886353,-0.4828766278295532
TOKYOTECH_s01,116,131,120.36666666666666,1.8489922285079956,-0.7489086299388299
TOKYOTECH_s01,116,132,120.4,1.3352388143539429,-0.9533180539548717
TOKYOTECH_s01,116,133,120.43333333333334,0.9654482007026672,-1.1035012696763185
TOKYOTECH_s01,116,134,120.46666666666667,0.6386180520057678,-1.1962598084724911
TOKYOTECH_s01,116,135,120.5,0.23614437878131866,-1.2130359750586832
TOKYOTECH_s01,116,136,120.53333333333333,0.1295504868030548,-1.1239520276335828
TOKYOTECH_s01,116,137,120.56666666666666,0.2840663492679596,-0.9008439478000048
TOKYOTECH_s01,116,138,120.6,0.3415175974369049,-0.5352493141223256
TOKYOTECH_s01,116,139,120.63333333333334,0.13722902536392212,-0.053468879106645675
TOKYOTECH_s01,116,140,120.66666666666667,-0.22653689980506897,0.4800650092378779
TOKYOTECH_s01,116,141,120.7,-0.5725831389427185,0.9757062345033266
TOKYOTECH_s01,116,142,120.73333333333333,-0.7199717164039612,1.3440456686582178
TOKYOTECH_s01,116,143,120.76666666666667,-0.8856707215309143,1.5230177579299748
TOKYOTECH_s01,116,144,120.8,-0.7575768828392029,1.49495821465196
TOKYOTECH_s01,116,145,120.83333333333333,-0.715600848197937,1.287324055890725
TOKYOTECH_s01,116,146,120.86666666666666,-0.7650191783905029,0.9587330844739657
TOKYOTECH_s01,116,147,120.9,-0.7516703009605408,0.5777870683828277
TOKYOTECH_s01,116,148,120.93333333333334,-0.6353108882904053,0.2031078244446081
TOKYOTECH_s01,116,149,120.96666666666667,0.39853566884994507,-0.1294949368257398
TOKYOTECH_s01,116,150,121.0,1.550946831703186,-0.41007423600289516
TOKYOTECH_s01,116,151,121.03333333333333,1.673291563987732,-0.6481642150940669
TOKYOTECH_s01,116,152,121.06666666666666,1.2964917421340942,-0.8599377560483953
TOKYOTECH_s01,116,153,121.1,0.9462321996688843,-1.05369386948735
TOKYOTECH_s01,116,154,121.13333333333334,0.6444852352142334,-1.2190197457565723
TOKYOTECH_s01,116,155,121.16666666666667,0.20798973739147186,-1.324163766470155
TOKYOTECH_s01,116,156,121.2,0.031068285927176476,-1.3239535444917097
TOKYOTECH_s01,116,157,121.23333333333333,0.07879336923360825,-1.176868110964167
TOKYOTECH_s01,116,158,121.26666666666667,0.11320897936820984,-0.865376410563963
TOKYOTECH_s01,116,159,121.3,-0.002835423219949007,-0.4106948678069311
TOKYOTECH_s01,116,160,121.33333333333333,-0.21551130712032318,0.12593282894131355
TOKYOTECH_s01,116,161,121.36666666666666,-0.5856956839561462,0.6577521847363935
TOKYOTECH_s01,116,162,121.4,-0.9150460362434387,1.0971307993927104
TOKYOTECH_s01,116,163,121.43333333333334,-1.0730271339416504,1.3795788398088755
TOKYOTECH_s01,116,164,121.46666666666667,-1.0500308275222778,1.4779924006922973
TOKYOTECH_s01,116,165,121.5,-0.954029381275177,1.403797870896063
TOKYOTECH_s01,116,166,121.53333333333333,-0.9123683571815491,1.1972296291247224
TOKYOTECH_s01,116,167,121.56666666666666,-0.9212676286697388,0.9119032177783478
TOKYOTECH_s01,116,168,121.6,-0.6490141153335571,0.599088737592545
TOKYOTECH_s01,116,169,121.63333333333334,0.5813243389129639,0.2959704612476345
TOKYOTECH_s01,116,170,121.66666666666667,1.59347403049469,0.020765994539901158
TOKYOTECH_s01,116,171,121.7,1.5253123044967651,-0.22466269974144132
TOKYOTECH_s01,116,172,121.73333333333333,1.148236870765686,-0.44720877976783113
TOKYOTECH_s01,116,173,121.76666666666667,0.855704128742218,-0.6541344729481766
TOKYOTECH_s01,116,174,121.8,0.5043026208877563,-0.8467759210484553
TOKYOTECH_s01,116,175,121.83333333333333,0.10600296407938004,-1.0168870306137325
TOKYOTECH_s01,116,176,121.86666666666666,0.007993287406861782,-1.1454254165305788
TOKYOTECH_s01,116,177,121.9,0.17908692359924316,-1.2043154215962575
TOKYOTECH_s01,116,178,121.93333333333334,0.13876473903656006,-1.1623118883974313
TOKYOTECH_s01,116,179,121.96666666666667,-0.13943469524383545,-0.995226959063235
TOKYOTECH_s01,116,180,122.0,-0.48918235301971436,-0.6982888834717987
TOKYOTECH_s01,116,181,122.03333333333333,-0.7219405770301819,-0.29558895842526073
TOKYOTECH_s01,116,182,122.06666666666666,-0.848656177520752,0.15936922372381548
TOKYOTECH_s01,116,183,122.1,-1.066136121749878,0.5950669036802358
TOKYOTECH_s01,116,184,122.13333333333334,-1.1553646326065063,0.9420087852319754
TOKYOTECH_s01,116,185,122.16666666666667,-1.055228590965271,1.1526676597758136
TOKYOTECH_s01,116,186,122.2,-1.0162845849990845,1.2123530194411936
TOKYOTECH_s01,116,187,122.23333333333333,-1.0247507095336914,1.1371167059949119
TOKYOTECH_s01,116,188,122.26666666666667,-1.096456527709961,0.9619222328795306
TOKYOTECH_s01,116,189,122.3,-0.7253270149230957,0.7265078869967536
TOKYOTECH_s01,116,190,122.33333333333333,0.6828779578208923,0.4650565707179776
TOKYOTECH_s01,116,191,122.36666666666666,1.724166750907898,0.20166384464979417
TOKYOTECH_s01,116,192,122.4,1.6792374849319458,-0.04934105247691914
TOKYOTECH_s01,116,193,122.43333333333334,1.2074207067489624,-0.2800667216223087
TOKYOTECH_s01,116,194,122.46666666666667,0.8063645958900452,-0.4845133343161848
TOKYOTECH_s01,116,195,122.5,0.4322424829006195,-0.6545808610831099
TOKYOTECH_s01,116,196,122.53333333333333,-0.007166907656937838,-0.7785143143853366
TOKYOTECH_s01,116,197,122.56666666666666,-0.1204942911863327,-0.8427542197730206
TOKYOTECH_s01,116,198,122.6,0.1766061633825302,-0.835876341364681
TOKYOTECH_s01,116,199,122.63333333333334,0.1462070196866989,-0.7518467789253156
TOKYOTECH_s01,116,200,122.66666666666667,-0.09462351351976395,-0.591020020607845
TOKYOTECH_s01,116,201,122.7,-0.43436938524246216,-0.3598351932133529
TOKYOTECH_s01,116,202,122.73333333333333,-0.7337537407875061,-0.07143247881693371
TOKYOTECH_s01,116,203,122.76666666666667,-0.9750174283981323,0.25199064742431054
TOKYOTECH_s01,116,204,122.8,-1.1144517660140991,0.5774071363302266
TOKYOTECH_s01,116,205,122.83333333333333,-1.1987582445144653,0.8635132945741394
TOKYOTECH_s01,116,206,122.86666666666666,-1.2056492567062378,1.0688191861531082
TOKYOTECH_s01,116,207,122.9,-1.2335282564163208,1.16235223703663
TOKYOTECH_s01,116,208,122.93333333333334,-1.2381747961044312,1.1319796212739999
TOKYOTECH_s01,116,209,122.96666666666667,-1.1972225904464722,0.9865977122906057
TOKYOTECH_s01,116,210,123.0,-1.2464045286178589,0.7518561135217331
TOKYOTECH_s01,116,211,123.03333333333333,-1.0809024572372437,0.46210278458575543
TOKYOTECH_s01,116,212,123.06666666666666,-0.038038577884435654,0.15194145970890086
TOKYOTECH_s01,116,213,123.1,1.5298012495040894,-0.15027742454226428
TOKYOTECH_s01,116,214,123.13333333333334,1.8554106950759888,-0.4260400039337496
TOKYOTECH_s01,116,215,123.16666666666667,1.3103525638580322,-0.6672259919837166
TOKYOTECH_s01,116,216,123.2,0.8716912865638733,-0.8739693801281045
TOKYOTECH_s01,116,217,123.23333333333333,0.40711987018585205,-1.0503045431300493
TOKYOTECH_s01,116,218,123.26666666666667,0.03173769637942314,-1.1983066759483756
TOKYOTECH_s01,116,219,123.3,-0.16550235450267792,-1.3121673338508573
TOKYOTECH_s01,116,220,123.33333333333333,-0.04166127368807793,-1.3747210696812573
TOKYOTECH_s01,116,221,123.36666666666666,0.04650412127375603,-1.359205532491351
TOKYOTECH_s01,116,222,123.4,-0.03473090007901192,-1.237479697613252
TOKYOTECH_s01,116,223,123.43333333333334,-0.26638656854629517,-0.9928154218856468
TOKYOTECH_s01,116,224,123.46666666666667,-0.5473030209541321,-0.6321841544408024
TOKYOTECH_s01,116,225,123.5,-0.8028212189674377,-0.19178566051951634
TOKYOTECH_s01,116,226,123.53333333333333,-1.0189229249954224,0.268229470128106
TOKYOTECH_s01,116,227,123.56666666666666,-1.2367178201675415,0.6789012311922763
TOKYOTECH_s01,116,228,123.6,-1.2683770656585693,0.9812932683452434
TOKYOTECH_s01,116,229,123.63333333333334,-1.1943479776382446,1.141140566040564
TOKYOTECH_s01,116,230,123.66666666666667,-1.1715880632400513,1.1547299919775755
TOKYOTECH_s01,116,231,123.7,-1.1003941297531128,1.0462246932610542
TOKYOTECH_s01,116,232,123.73333333333333,-1.1199252605438232,0.8590221942539098
TOKYOTECH_s01,116,233,123.76666666666667,-0.9712371826171875,0.6439886931099778
TOKYOTECH_s01,116,234,123.8,0.1410486102104187,0.44742864351840367
TOKYOTECH_s01,116,235,123.83333333333333,1.6712439060211182,0.30170629860270765
TOKYOTECH_s01,116,236,123.86666666666666,1.967674970626831,0.22083653627308558
TOKYOTECH_s01,116,237,123.9,1.4055269956588745,0.20159906457089832
TOKYOTECH_s01,116,238,123.93333333333334,0.7889599204063416,0.22831631732523372
TOKYOTECH_s01,116,239,123.96666666666667,0.36073362827301025,0.278325571271402
TOKYOTECH_s01,117,0,117.0,-0.8902384638786316,-0.08041159367138122
TOKYOTECH_s01,117,1,117.03333333333333,-0.9844679236412048,-0.24294901910146077
TOKYOTECH_s01,117,2,117.06666666666666,-1.0248688459396362,-0.4143616953480489
TOKYOTECH_s01,117,3,117.1,-0.9915951490402222,-0.6040870324837925
TOKYOTECH_s01,117,4,117.13333333333334,-0.9234333634376526,-0.8176733489716572
TOKYOTECH_s01,117,5,117.16666666666667,0.15522438287734985,-1.0532468936250197
TOKYOTECH_s01,117,6,117.2,1.6491140127182007,-1.2972425769271596
TOKYOTECH_s01,117,7,117.23333333333333,1.950860857963562,-1.5216707115819519
TOKYOTECH_s01,117,8,117.26666666666667,1.4785321950912476,-1.6853442449294502
TOKYOTECH_s01,117,9,117.3,1.0485339164733887,-1.7404021271049832
TOKYOTECH_s01,117,10,117.33333333333333,0.6137710809707642,-1.6440362573245708
TOKYOTECH_s01,117,11,117.36666666666666,0.14786085486412048,-1.3733020060180319
TOKYOTECH_s01,117,12,117.4,0.0718236193060875,-0.9382660757612
TOKYOTECH_s01,117,13,117.43333333333334,0.2948163151741028,-0.38712414298439773
TOKYOTECH_s01,117,14,117.46666666666667,0.379555881023407,0.20164483116106607
TOKYOTECH_s01,117,15,117.5,0.12864480912685394,0.7395531482309444
TOKYOTECH_s01,117,16,117.53333333333333,-0.10604288429021835,1.1528384037273285
TOKYOTECH_s01,117,17,117.56666666666666,-0.3488028943538666,1.400188345893027
TOKYOTECH_s01,117,18,117.6,-0.7757691144943237,1.4762515172892348
TOKYOTECH_s01,117,19,117.63333333333334,-0.8672422170639038,1.4022496579428176
TOKYOTECH_s01,117,20,117.66666666666667,-0.9148491621017456,1.2114242821998897
TOKYOTECH_s01,117,21,117.7,-1.0069522857666016,0.9376595529241007
TOKYOTECH_s01,117,22,117.73333333333333,-1.0372332334518433,0.610951784999255
TOKYOTECH_s01,117,23,117.76666666666667,-0.7848652601242065,0.2581542877384349
TOKYOTECH_s01,117,24,117.8,0.47654175758361816,-0.09427580698461664
TOKYOTECH_s01,117,25,117.83333333333333,1.8242241144180298,-0.41785008125891604
TOKYOTECH_s01,117,26,117.86666666666666,1.8732879161834717,-0.681304289857952
TOKYOTECH_s01,117,27,117.9,1.3403185606002808,-0.8524680512033743
TOKYOTECH_s01,117,28,117.93333333333334,0.8961051106452942,-0.9031194226510909
TOKYOTECH_s01,117,29,117.96666666666667,0.4113726019859314,-0.8161777095456015
TOKYOTECH_s01,117,30,118.0,0.12391956150531769,-0.5932663853795687
TOKYOTECH_s01,117,31,118.03333333333333,-0.009568912908434868,-0.25963318329743756
TOKYOTECH_s01,117,32,118.06666666666666,0.12167506664991379,0.136599340926258
TOKYOTECH_s01,117,33,118.1,0.33620166778564453,0.5323193835414952
TOKYOTECH_s01,117,34,118.13333333333334,0.17377100884914398,0.8630262154013082
TOKYOTECH_s01,117,35,118.16666666666667,-0.25252580642700195,1.0778773469752438
TOKYOTECH_s01,117,36,118.2,-0.554981529712677,1.1507607216642652
TOKYOTECH_s01,117,37,118.23333333333333,-0.7561987042427063,1.0834378239374298
TOKYOTECH_s01,117,38,118.26666666666667,-1.0026994943618774,0.9003621986527407
TOKYOTECH_s01,117,39,118.3,-0.9756474494934082,0.6381760795622632
TOKYOTECH_s01,117,40,118.33333333333333,-0.9668269753456116,0.3341873973049363
TOKYOTECH_s01,117,41,118.36666666666666,-0.895829975605011,0.017586814489015272
TOKYOTECH_s01,117,42,118.4,-0.11671408265829086,-0.2941182849467154
TOKYOTECH_s01,117,43,118.43333333333334,1.4206478595733643,-0.5926379123149752
TOKYOTECH_s01,117,44,118.46666666666667,2.090689182281494,-0.8716023241529862
TOKYOTECH_s01,117,45,118.5,1.5651224851608276,-1.1176773099537427
TOKYOTECH_s01,117,46,118.53333333333333,1.1448110342025757,-1.304634687360254
TOKYOTECH_s01,117,47,118.56666666666666,0.7985285520553589,-1.3943522499192564
TOKYOTECH_s01,117,48,118.6,0.3469516336917877,-1.3459559837424104
TOKYOTECH_s01,117,49,118.63333333333334,0.1734953671693802,-1.1307759455380622
TOKYOTECH_s01,117,50,118.66666666666667,0.2967851758003235,-0.7481252541305465
TOKYOTECH_s01,117,51,118.7,0.49272575974464417,-0.23549757634151483
TOKYOTECH_s01,117,52,118.73333333333333,0.2242918610572815,0.33291459804641854
TOKYOTECH_s01,117,53,118.76666666666667,-0.013506625778973103,0.86168578501322
TOKYOTECH_s01,117,54,118.8,-0.25776296854019165,1.2588891721619693
TOKYOTECH_s01,117,55,118.83333333333333,-0.6518099308013916,1.460026478931106
TOKYOTECH_s01,117,56,118.86666666666666,-0.7939613461494446,1.4418283634646567
TOKYOTECH_s01,117,57,118.9,-0.7797855734825134,1.2222791344387394
TOKYOTECH_s01,117,58,118.93333333333334,-0.8036875128746033,0.8496754283430376
TOKYOTECH_s01,117,59,118.96666666666667,-0.8537752032279968,0.38716295441245885
TOKYOTECH_s01,117,60,119.0,-0.6911870241165161,-0.10125837571871125
TOKYOTECH_s01,117,61,119.03333333333333,0.24181468784809113,-0.5599247981965899
TOKYOTECH_s01,117,62,119.06666666666666,1.5919383764266968,-0.9449910522699447
TOKYOTECH_s01,117,63,119.1,2.051469564437866,-1.2232043176296832
TOKYOTECH_s01,117,64,119.13333333333334,1.6254088878631592,-1.3687241379397181
TOKYOTECH_s01,117,65,119.16666666666667,1.1981276273727417,-1.361677894472062
TOKYOTECH_s01,117,66,119.2,0.9090207815170288,-1.191245566405775
TOKYOTECH_s01,117,67,119.23333333333333,0.45445120334625244,-0.8629775057438834
TOKYOTECH_s01,117,68,119.26666666666667,0.18306401371955872,-0.40605469285005746
TOKYOTECH_s01,117,69,119.3,0.29946279525756836,0.12538841287035055
TOKYOTECH_s01,117,70,119.33333333333333,0.36943596601486206,0.6599213307422587
TOKYOTECH_s01,117,71,119.36666666666666,0.2889491021633148,1.123392883717425
TOKYOTECH_s01,117,72,119.4,-0.05162368714809418,1.4547184374632611
TOKYOTECH_s01,117,73,119.43333333333334,-0.26937922835350037,1.6170991656945117
TOKYOTECH_s01,117,74,119.46666666666667,-0.4669736623764038,1.6019923155655702
TOKYOTECH_s01,117,75,119.5,-0.718357264995575,1.426571107893944
TOKYOTECH_s01,117,76,119.53333333333333,-0.8214465975761414,1.1267438290715739
TOKYOTECH_s01,117,77,119.56666666666666,-0.8012855052947998,0.7476923511519323
TOKYOTECH_s01,117,78,119.6,-0.6239702701568604,0.33396166355351337
TOKYOTECH_s01,117,79,119.63333333333334,-0.19838225841522217,-0.07846609723922005
TOKYOTECH_s01,117,80,119.66666666666667,1.0705457925796509,-0.4657267214620649
TOKYOTECH_s01,117,81,119.7,1.9446786642074585,-0.8140655847830989
TOKYOTECH_s01,117,82,119.73333333333333,1.7713799476623535,-1.1133575612851867
TOKYOTECH_s01,117,83,119.76666666666667,1.3681581020355225,-1.3494074188402645
TOKYOTECH_s01,117,84,119.8,0.8920098543167114,-1.4990345690235671
TOKYOTECH_s01,117,85,119.83333333333333,0.5680935978889465,-1.53107326259924
TOKYOTECH_s01,117,86,119.86666666666666,0.17975632846355438,-1.4143590498236456
TOKYOTECH_s01,117,87,119.9,0.13325193524360657,-1.1310361019878779
TOKYOTECH_s01,117,88,119.93333333333334,0.30666881799697876,-0.6907514864776172
TOKYOTECH_s01,117,89,119.96666666666667,0.2604006826877594,-0.1393385220538405
TOKYOTECH_s01,117,90,120.0,0.06190057843923569,0.44421815063726594
TOKYOTECH_s01,117,91,120.03333333333333,-0.3076537847518921,0.9645918026016432
TOKYOTECH_s01,117,92,120.06666666666666,-0.6032578945159912,1.3353755652943968
TOKYOTECH_s01,117,93,120.1,-0.7315880060195923,1.5022332960710834
TOKYOTECH_s01,117,94,120.13333333333334,-0.8448365926742554,1.4547085411742025
TOKYOTECH_s01,117,95,120.16666666666667,-0.9853342175483704,1.2235793253401344
TOKYOTECH_s01,117,96,120.2,-0.9609991312026978,0.8669555022830387
TOKYOTECH_s01,117,97,120.23333333333333,-0.9981711506843567,0.4517872280559107
TOKYOTECH_s01,117,98,120.26666666666667,-0.8234154582023621,0.03735503235991061
TOKYOTECH_s01,117,99,120.3,0.29414689540863037,-0.3349767902628806
TOKYOTECH_s01,117,100,120.33333333333333,1.6521459817886353,-0.644121306534825
TOKYOTECH_s01,117,101,120.36666666666666,1.8489922285079956,-0.8845391845820004
TOKYOTECH_s01,117,102,120.4,1.3352388143539429,-1.0572704445651118
TOKYOTECH_s01,117,103,120.43333333333334,0.9654482007026672,-1.1607029526059263
TOKYOTECH_s01,117,104,120.46666666666667,0.6386180520057678,-1.1848061743681242
TOKYOTECH_s01,117,105,120.5,0.23614437878131866,-1.1112841932207502
TOKYOTECH_s01,117,106,120.53333333333333,0.1295504868030548,-0.9202980801905671
TOKYOTECH_s01,117,107,120.56666666666666,0.2840663492679596,-0.6021497725162873
TOKYOTECH_s01,117,108,120.6,0.3415175974369049,-0.16983794338243
TOKYOTECH_s01,117,109,120.63333333333334,0.13722902536392212,0.3333786960659795
TOKYOTECH_s01,117,110,120.66666666666667,-0.22653689980506897,0.8369225528564144
TOKYOTECH_s01,117,111,120.7,-0.5725831389427185,1.2580244576063713
TOKYOTECH_s01,117,112,120.73333333333333,-0.7199717164039612,1.5242784401962797
TOKYOTECH_s01,117,113,120.76666666666667,-0.8856707215309143,1.5942526202626797
TOKYOTECH_s01,117,114,120.8,-0.7575768828392029,1.4676955607980455
TOKYOTECH_s01,117,115,120.83333333333333,-0.715600848197937,1.1821331688485597
TOKYOTECH_s01,117,116,120.86666666666666,-0.7650191783905029,0.798575597938741
TOKYOTECH_s01,117,117,120.9,-0.7516703009605408,0.3826837487751938
TOKYOTECH_s01,117,118,120.93333333333334,-0.6353108882904053,-0.012020105436736542
TOKYOTECH_s01,117,119,120.96666666666667,0.39853566884994507,-0.3543023914011742
TOKYOTECH_s01,117,120,121.0,1.550946831703186,-0.6366277809525104
TOKYOTECH_s01,117,121,121.03333333333333,1.673291563987732,-0.8682095283056004
TOKYOTECH_s01,117,122,121.06666666666666,1.2964917421340942,-1.0625195498013005
TOKYOTECH_s01,117,123,121.1,0.9462321996688843,-1.223931627967902
TOKYOTECH_s01,117,124,121.13333333333334,0.6444852352142334,-1.3387584508177954
TOKYOTECH_s01,117,125,121.16666666666667,0.20798973739147186,-1.374943327755645
TOKYOTECH_s01,117,126,121.2,0.031068285927176476,-1.2920384143293921
TOKYOTECH_s01,117,127,121.23333333333333,0.07879336923360825,-1.059034580611677
TOKYOTECH_s01,117,128,121.26666666666667,0.11320897936820984,-0.6732410651565146
TOKYOTECH_s01,117,129,121.3,-0.002835423219949007,-0.17119528388308963
TOKYOTECH_s01,117,130,121.33333333333333,-0.21551130712032318,0.375289444614051
TOKYOTECH_s01,117,131,121.36666666666666,-0.5856956839561462,0.8781010891057905
TOKYOTECH_s01,117,132,121.4,-0.9150460362434387,1.2586365643498387
TOKYOTECH_s01,117,133,121.43333333333334,-1.0730271339416504,1.4685500258576318
TOKYOTECH_s01,117,134,121.46666666666667,-1.0500308275222778,1.4978886792867778
TOKYOTECH_s01,117,135,121.5,-0.954029381275177,1.3706750145164202
TOKYOTECH_s01,117,136,121.53333333333333,-0.9123683571815491,1.1325610062318334
TOKYOTECH_s01,117,137,121.56666666666666,-0.9212676286697388,0.8358337820888125
TOKYOTECH_s01,117,138,121.6,-0.6490141153335571,0.5259592734344904
TOKYOTECH_s01,117,139,121.63333333333334,0.5813243389129639,0.23260438093562044
TOKYOTECH_s01,117,140,121.66666666666667,1.59347403049469,-0.032960533994487555
TOKYOTECH_s01,117,141,121.7,1.5253123044967651,-0.27385264874080906
TOKYOTECH_s01,117,142,121.73333333333333,1.148236870765686,-0.49928610745672397
TOKYOTECH_s01,117,143,121.76666666666667,0.855704128742218,-0.7158192606233699
TOKYOTECH_s01,117,144,121.8,0.5043026208877563,-0.9209610615039625
TOKYOTECH_s01,117,145,121.83333333333333,0.10600296407938004,-1.100051238300566
TOKYOTECH_s01,117,146,121.86666666666666,0.007993287406861782,-1.2265652972845098
TOKYOTECH_s01,117,147,121.9,0.17908692359924316,-1.2662029251327749
TOKYOTECH_s01,117,148,121.93333333333334,0.13876473903656006,-1.18506374342218
TOKYOTECH_s01,117,149,121.96666666666667,-0.13943469524383545,-0.9612297859946688
TOKYOTECH_s01,117,150,122.0,-0.48918235301971436,-0.5971571464148165
TOKYOTECH_s01,117,151,122.03333333333333,-0.7219405770301819,-0.12793627999760437
TOKYOTECH_s01,117,152,122.06666666666666,-0.848656177520752,0.3805711435208614
TOKYOTECH_s01,117,153,122.1,-1.066136121749878,0.8464521956977301
TOKYOTECH_s01,117,154,122.13333333333334,-1.1553646326065063,1.1945013808882496
TOKYOTECH_s01,117,155,122.16666666666667,-1.055228590965271,1.376609819950834
TOKYOTECH_s01,117,156,122.2,-1.0162845849990845,1.3811428337022877
TOKYOTECH_s01,117,157,122.23333333333333,-1.0247507095336914,1.2294560678363686
TOKYOTECH_s01,117,158,122.26666666666667,-1.096456527709961,0.96387793742205
TOKYOTECH_s01,117,159,122.3,-0.7253270149230957,0.6337080043119375
TOKYOTECH_s01,117,160,122.33333333333333,0.6828779578208923,0.2839566668882993
TOKYOTECH_s01,117,161,122.36666666666666,1.724166750907898,-0.05150358914536479
TOKYOTECH_s01,117,162,122.4,1.6792374849319458,-0.3523020133224151
TOKYOTECH_s01,117,163,122.43333333333334,1.2074207067489624,-0.6097650277997889
TOKYOTECH_s01,117,164,122.46666666666667,0.8063645958900452,-0.8218431639231825
TOKYOTECH_s01,117,165,122.5,0.4322424829006195,-0.9867172397560545
TOKYOTECH_s01,117,166,122.53333333333333,-0.007166907656937838,-1.0978441774428238
TOKYOTECH_s01,117,167,122.56666666666666,-0.1204942911863327,-1.142738718806998
TOKYOTECH_s01,117,168,122.6,0.1766061633825302,-1.1058154765473107
TOKYOTECH_s01,117,169,122.63333333333334,0.1462070196866989,-0.9735834759333158
TOKYOTECH_s01,117,170,122.66666666666667,-0.09462351351976395,-0.7399386238777335
TOKYOTECH_s01,117,171,122.7,-0.43436938524246216,-0.41025942300633605
TOKYOTECH_s01,117,172,122.73333333333333,-0.7337537407875061,-0.004297463231745017
TOKYOTECH_s01,117,173,122.76666666666667,-0.9750174283981323,0.4421204546778563
TOKYOTECH_s01,117,174,122.8,-1.1144517660140991,0.8780827940291546
TOKYOTECH_s01,117,175,122.83333333333333,-1.1987582445144653,1.2436842980161094
TOKYOTECH_s01,117,176,122.86666666666666,-1.2056492567062378,1.4819151631967475
TOKYOTECH_s01,117,177,122.9,-1.2335282564163208,1.5534898377558037
TOKYOTECH_s01,117,178,122.93333333333334,-1.2381747961044312,1.448836220788369
TOKYOTECH_s01,117,179,122.96666666666667,-1.1972225904464722,1.191606306706084
TOKYOTECH_s01,117,180,123.0,-1.2464045286178589,0.8317896836439089
TOKYOTECH_s01,117,181,123.03333333333333,-1.0809024572372437,0.4312407868718628
TOKYOTECH_s01,117,182,123.06666666666666,-0.038038577884435654,0.04715332557211972
TOKYOTECH_s01,117,183,123.1,1.5298012495040894,-0.2809623020134849
TOKYOTECH_s01,117,184,123.13333333333334,1.8554106950759888,-0.5371176834213123
TOKYOTECH_s01,117,185,123.16666666666667,1.3103525638580322,-0.7266081092748854
TOKYOTECH_s01,117,186,123.2,0.8716912865638733,-0.8674825058647475
TOKYOTECH_s01,117,187,123.23333333333333,0.40711987018585205,-0.9790648039709687
TOKYOTECH_s01,117,188,123.26666666666667,0.03173769637942314,-1.0710072428818005
TOKYOTECH_s01,117,189,123.3,-0.16550235450267792,-1.1359268179152548
TOKYOTECH_s01,117,190,123.33333333333333,-0.04166127368807793,-1.1483633151720685
TOKYOTECH_s01,117,191,123.36666666666666,0.04650412127375603,-1.0719534485784816
TOKYOTECH_s01,117,192,123.4,-0.03473090007901192,-0.874372107198535
TOKYOTECH_s01,117,193,123.43333333333334,-0.26638656854629517,-0.5457073708440867
TOKYOTECH_s01,117,194,123.46666666666667,-0.5473030209541321,-0.11218241499093676
TOKYOTECH_s01,117,195,123.5,-0.8028212189674377,0.36306776821226167
TOKYOTECH_s01,117,196,123.53333333333333,-1.0189229249954224,0.7952169659291664
TOKYOTECH_s01,117,197,123.56666666666666,-1.2367178201675415,1.1038210450202899
TOKYOTECH_s01,117,198,123.6,-1.2683770656585693,1.2383515512776269
TOKYOTECH_s01,117,199,123.63333333333334,-1.1943479776382446,1.191889683483638
TOKYOTECH_s01,117,200,123.66666666666667,-1.1715880632400513,0.9985501367744298
TOKYOTECH_s01,117,201,123.7,-1.1003941297531128,0.7182808639499424
TOKYOTECH_s01,117,202,123.73333333333333,-1.1199252605438232,0.41636851007059705
TOKYOTECH_s01,117,203,123.76666666666667,-0.9712371826171875,0.14448580037038417
TOKYOTECH_s01,117,204,123.8,0.1410486102104187,-0.07174488230876294
TOKYOTECH_s01,117,205,123.83333333333333,1.6712439060211182,-0.23565876717068915
TOKYOTECH_s01,117,206,123.86666666666666,1.967674970626831,-0.3721034289980645
TOKYOTECH_s01,117,207,123.9,1.4055269956588745,-0.5118449898469539
TOKYOTECH_s01,117,208,123.93333333333334,0.7889599204063416,-0.6735636043737979
TOKYOTECH_s01,117,209,123.96666666666667,0.36073362827301025,-0.8509307389898018
TOKYOTECH_s01,117,210,124.0,-0.07985708862543106,-1.0103783931436363
TOKYOTECH_s01,117,211,124.03333333333333,-0.1645572930574417,-1.100586656774476
TOKYOTECH_s01,117,212,124.06666666666666,0.07469815015792847,-1.0699036215242703
TOKYOTECH_s01,117,213,124.1,0.16160348057746887,-0.8851141999530769
TOKYOTECH_s01,117,214,124.13333333333334,0.07521004974842072,-0.5451451184857858
TOKYOTECH_s01,117,215,124.16666666666667,-0.3308863043785095,-0.08549217699063406
TOKYOTECH_s01,117,216,124.2,-0.564786434173584,0.4280338864808034
TOKYOTECH_s01,117,217,124.23333333333333,-0.8428677320480347,0.9146895448925422
TOKYOTECH_s01,117,218,124.26666666666667,-1.0587332248687744,1.2988894723450848
TOKYOTECH_s01,117,219,124.3,-1.1588692665100098,1.5286917895703014
TOKYOTECH_s01,117,220,124.33333333333333,-1.1784790754318237,1.586513127923582
TOKYOTECH_s01,117,221,124.36666666666666,-1.0835013389587402,1.4887044043921933
TOKYOTECH_s01,117,222,124.4,-1.118940830230713,1.2752699814704413
TOKYOTECH_s01,117,223,124.43333333333334,-1.111183524131775,0.9948636456316134
TOKYOTECH_s01,117,224,124.46666666666667,-1.116302490234375,0.6910175760683137
TOKYOTECH_s01,117,225,124.5,-0.8902384638786316,0.39371725700095483
TOKYOTECH_s01,117,226,124.53333333333333,0.35734719038009644,0.1175894279589637
TOKYOTECH_s01,117,227,124.56666666666666,1.85056734085083,-0.13458780924390612
TOKYOTECH_s01,117,228,124.6,1.9642884731292725,-0.3658329154586512
TOKYOTECH_s01,117,229,124.63333333333334,1.285190463066101,-0.5791850683018369
TOKYOTECH_s01,117,230,124.66666666666667,0.8441272974014282,-0.7738699015886894
TOKYOTECH_s01,117,231,124.7,0.4204293489456177,-0.9436976605480027
TOKYOTECH_s01,117,232,124.73333333333333,0.059577327221632004,-1.077298472087232
TOKYOTECH_s01,117,233,124.76666666666667,-0.17444096505641937,-1.1599473090771801
TOKYOTECH_s01,117,234,124.8,-0.07784885913133621,-1.1770854241812894
TOKYOTECH_s01,117,235,124.83333333333333,0.2387038916349411,-1.1191187172664008
TOKYOTECH_s01,117,236,124.86666666666666,0.09355979412794113,-0.9855932646890601
TOKYOTECH_s01,117,237,124.9,-0.25858989357948303,-0.7863803466240155
TOKYOTECH_s01,117,238,124.93333333333334,-0.5286382436752319,-0.5393728831496188
TOKYOTECH_s01,117,239,124.96666666666667,-0.7944732308387756,-0.266631587666168
TOKYOTECH_s01,118,0,118.0,0.12391956150531769,0.08160606871778996
TOKYOTECH_s01,118,1,118.03333333333333,-0.009568912908434868,0.15263830443930407
TOKYOTECH_s01,118,2,118.06666666666666,0.12167506664991379,0.22520077417078518
TOKYOTECH_s01,118,3,118.1,0.33620166778564453,0.3006005251860947
TOKYOTECH_s01,118,4,118.13333333333334,0.17377100884914398,0.37304946717554044
TOKYOTECH_s01,118,5,118.16666666666667,-0.25252580642700195,0.43081149274564096
TOKYOTECH_s01,118,6,118.2,-0.554981529712677,0.45998632686026686
TOKYOTECH_s01,118,7,118.23333333333333,-0.7561987042427063,0.4486992050801625
TOKYOTECH_s01,118,8,118.26666666666667,-1.0026994943618774,0.3899545889397774
TOKYOTECH_s01,118,9,118.3,-0.9756474494934082,0.28266389199694636
TOKYOTECH_s01,118,10,118.33333333333333,-0.9668269753456116,0.13101238435607457
TOKYOTECH_s01,118,11,118.36666666666666,-0.895829975605011,-0.05724473522979447
TOKYOTECH_s01,118,12,118.4,-0.11671408265829086,-0.272237227362135
TOKYOTECH_s01,118,13,118.43333333333334,1.4206478595733643,-0.5017482165314989
TOKYOTECH_s01,118,14,118.46666666666667,2.090689182281494,-0.7291241743295012
TOKYOTECH_s01,118,15,118.5,1.5651224851608276,-0.9308369047351785
TOKYOTECH_s01,118,16,118.53333333333333,1.1448110342025757,-1.075948515617433
TOKYOTECH_s01,118,17,118.56666666666666,0.7985285520553589,-1.1292869568146242
TOKYOTECH_s01,118,18,118.6,0.3469516336917877,-1.058878824128568
TOKYOTECH_s01,118,19,118.63333333333334,0.1734953671693802,-0.8463837568395102
TOKYOTECH_s01,118,20,118.66666666666667,0.2967851758003235,-0.49734230787856143
TOKYOTECH_s01,118,21,118.7,0.49272575974464417,-0.04674428151512388
TOKYOTECH_s01,118,22,118.73333333333333,0.2242918610572815,0.4441711875569161
TOKYOTECH_s01,118,23,118.76666666666667,-0.013506625778973103,0.9007284787089576
TOKYOTECH_s01,118,24,118.8,-0.25776296854019165,1.2528568741821406
TOKYOTECH_s01,118,25,118.83333333333333,-0.6518099308013916,1.4508951500241811
TOKYOTECH_s01,118,26,118.86666666666666,-0.7939613461494446,1.4736918451867915
TOKYOTECH_s01,118,27,118.9,-0.7797855734825134,1.3282517448829985
TOKYOTECH_s01,118,28,118.93333333333334,-0.8036875128746033,1.043633030400649
TOKYOTECH_s01,118,29,118.96666666666667,-0.8537752032279968,0.6625964283502653
TOKYOTECH_s01,118,30,119.0,-0.6911870241165161,0.23343729515670517
TOKYOTECH_s01,118,31,119.03333333333333,0.24181468784809113,-0.19681485958463799
TOKYOTECH_s01,118,32,119.06666666666666,1.5919383764266968,-0.5870088837131859
TOKYOTECH_s01,118,33,119.1,2.051469564437866,-0.9037001999837527
TOKYOTECH_s01,118,34,119.13333333333334,1.6254088878631592,-1.1206638665265225
TOKYOTECH_s01,118,35,119.16666666666667,1.1981276273727417,-1.2180071432932522
TOKYOTECH_s01,118,36,119.2,0.9090207815170288,-1.183334842895509
TOKYOTECH_s01,118,37,119.23333333333333,0.45445120334625244,-1.0159551319072888
TOKYOTECH_s01,118,38,119.26666666666667,0.18306401371955872,-0.732024552326714
TOKYOTECH_s01,118,39,119.3,0.29946279525756836,-0.36639955461358675
TOKYOTECH_s01,118,40,119.33333333333333,0.36943596601486206,0.03195052927289378
TOKYOTECH_s01,118,41,119.36666666666666,0.2889491021633148,0.41032275038473826
TOKYOTECH_s01,118,42,119.4,-0.05162368714809418,0.7239058030470167
TOKYOTECH_s01,118,43,119.43333333333334,-0.26937922835350037,0.9432637554448385
TOKYOTECH_s01,118,44,119.46666666666667,-0.4669736623764038,1.055490346458844
TOKYOTECH_s01,118,45,119.5,-0.718357264995575,1.0609477858785363
TOKYOTECH_s01,118,46,119.53333333333333,-0.8214465975761414,0.9689585661122053
TOKYOTECH_s01,118,47,119.56666666666666,-0.8012855052947998,0.7944893185350125
TOKYOTECH_s01,118,48,119.6,-0.6239702701568604,0.5557882178077697
TOKYOTECH_s01,118,49,119.63333333333334,-0.19838225841522217,0.2722305017702374
TOKYOTECH_s01,118,50,119.66666666666667,1.0705457925796509,-0.037214672861552105
TOKYOTECH_s01,118,51,119.7,1.9446786642074585,-0.35357354749469144
TOKYOTECH_s01,118,52,119.73333333333333,1.7713799476623535,-0.6553538473900389
TOKYOTECH_s01,118,53,119.76666666666667,1.3681581020355225,-0.915759438297196
TOKYOTECH_s01,118,54,119.8,0.8920098543167114,-1.1022140517453631
TOKYOTECH_s01,118,55,119.83333333333333,0.5680935978889465,-1.1799762142172963
TOKYOTECH_s01,118,56,119.86666666666666,0.17975632846355438,-1.1200113222601906
TOKYOTECH_s01,118,57,119.9,0.13325193524360657,-0.9095056194622492
TOKYOTECH_s01,118,58,119.93333333333334,0.30666881799697876,-0.561839451513754
TOKYOTECH_s01,118,59,119.96666666666667,0.2604006826877594,-0.12155234372775542
TOKYOTECH_s01,118,60,120.0,0.06190057843923569,0.34035070707412945
TOKYOTECH_s01,118,61,120.03333333333333,-0.3076537847518921,0.7422966714824426
TOKYOTECH_s01,118,62,120.06666666666666,-0.6032578945159912,1.014417815889377
TOKYOTECH_s01,118,63,120.1,-0.7315880060195923,1.117728682239007
TOKYOTECH_s01,118,64,120.13333333333334,-0.8448365926742554,1.052203308021787
TOKYOTECH_s01,118,65,120.16666666666667,-0.9853342175483704,0.851641698014615
TOKYOTECH_s01,118,66,120.2,-0.9609991312026978,0.5690938771887191
TOKYOTECH_s01,118,67,120.23333333333333,-0.9981711506843567,0.25958127240184004
TOKYOTECH_s01,118,68,120.26666666666667,-0.8234154582023621,-0.03372616782278851
TOKYOTECH_s01,118,69,120.3,0.29414689540863037,-0.28641577846196914
TOKYOTECH_s01,118,70,120.33333333333333,1.6521459817886353,-0.492217882074351
TOKYOTECH_s01,118,71,120.36666666666666,1.8489922285079956,-0.6564063371866398
TOKYOTECH_s01,118,72,120.4,1.3352388143539429,-0.7860792422146162
TOKYOTECH_s01,118,73,120.43333333333334,0.9654482007026672,-0.8807849618081945
TOKYOTECH_s01,118,74,120.46666666666667,0.6386180520057678,-0.9268968068278316
TOKYOTECH_s01,118,75,120.5,0.23614437878131866,-0.8983967750296045
TOKYOTECH_s01,118,76,120.53333333333333,0.1295504868030548,-0.7651399941741482
TOKYOTECH_s01,118,77,120.56666666666666,0.2840663492679596,-0.5070328495312839
TOKYOTECH_s01,118,78,120.6,0.3415175974369049,-0.12932348493231702
TOKYOTECH_s01,118,79,120.63333333333334,0.13722902536392212,0.32805294533768403
TOKYOTECH_s01,118,80,120.66666666666667,-0.22653689980506897,0.7934940162107701
TOKYOTECH_s01,118,81,120.7,-0.5725831389427185,1.180826104850741
TOKYOTECH_s01,118,82,120.73333333333333,-0.7199717164039612,1.4148036918770843
TOKYOTECH_s01,118,83,120.76666666666667,-0.8856707215309143,1.4541599236936518
TOKYOTECH_s01,118,84,120.8,-0.7575768828392029,1.3023958853500088
TOKYOTECH_s01,118,85,120.83333333333333,-0.715600848197937,1.0027461634194323
TOKYOTECH_s01,118,86,120.86666666666666,-0.7650191783905029,0.6211253331396711
TOKYOTECH_s01,118,87,120.9,-0.7516703009605408,0.22514989968132038
TOKYOTECH_s01,118,88,120.93333333333334,-0.6353108882904053,-0.13324929027949292
TOKYOTECH_s01,118,89,120.96666666666667,0.39853566884994507,-0.42738525348895046
TOKYOTECH_s01,118,90,121.0,1.550946831703186,-0.6562814319121105
TOKYOTECH_s01,118,91,121.03333333333333,1.673291563987732,-0.8369057675569928
TOKYOTECH_s01,118,92,121.06666666666666,1.2964917421340942,-0.9908872705992045
TOKYOTECH_s01,118,93,121.1,0.9462321996688843,-1.129933706739627
TOKYOTECH_s01,118,94,121.13333333333334,0.6444852352142334,-1.2448875689914671
TOKYOTECH_s01,118,95,121.16666666666667,0.20798973739147186,-1.303074285089247
TOKYOTECH_s01,118,96,121.2,0.031068285927176476,-1.2568923527365568
TOKYOTECH_s01,118,97,121.23333333333333,0.07879336923360825,-1.0626633559767171
TOKYOTECH_s01,118,98,121.26666666666667,0.11320897936820984,-0.7032259607372582
TOKYOTECH_s01,118,99,121.3,-0.002835423219949007,-0.20398162976250875
TOKYOTECH_s01,118,100,121.33333333333333,-0.21551130712032318,0.3665616654554751
TOKYOTECH_s01,118,101,121.36666666666666,-0.5856956839561462,0.9138411942351626
TOKYOTECH_s01,118,102,121.4,-0.9150460362434387,1.3448304173712606
TOKYOTECH_s01,118,103,121.43333333333334,-1.0730271339416504,1.5939148020055165
TOKYOTECH_s01,118,104,121.46666666666667,-1.0500308275222778,1.637317912867032
TOKYOTECH_s01,118,105,121.5,-0.954029381275177,1.4932587522998149
TOKYOTECH_s01,118,106,121.53333333333333,-0.9123683571815491,1.2108205165216597
TOKYOTECH_s01,118,107,121.56666666666666,-0.9212676286697388,0.8530497870858942
TOKYOTECH_s01,118,108,121.6,-0.6490141153335571,0.4796963803204114
TOKYOTECH_s01,118,109,121.63333333333334,0.5813243389129639,0.13389230547723016
TOKYOTECH_s01,118,110,121.66666666666667,1.59347403049469,-0.16404153857346068
TOKYOTECH_s01,118,111,121.7,1.5253123044967651,-0.4144172321186242
TOKYOTECH_s01,118,112,121.73333333333333,1.148236870765686,-0.6295827913892993
TOKYOTECH_s01,118,113,121.76666666666667,0.855704128742218,-0.8231585972774522
TOKYOTECH_s01,118,114,121.8,0.5043026208877563,-1.0009067221620607
TOKYOTECH_s01,118,115,121.83333333333333,0.10600296407938004,-1.1550628350889174
TOKYOTECH_s01,118,116,121.86666666666666,0.007993287406861782,-1.2626584028558558
TOKYOTECH_s01,118,117,121.9,0.17908692359924316,-1.2883878928942876
TOKYOTECH_s01,118,118,121.93333333333334,0.13876473903656006,-1.1930094879123336
TOKYOTECH_s01,118,119,121.96666666666667,-0.13943469524383545,-0.9472489375628707
TOKYOTECH_s01,118,120,122.0,-0.48918235301971436,-0.5479502155541002
TOKYOTECH_s01,118,121,122.03333333333333,-0.7219405770301819,-0.029743901213356114
TOKYOTECH_s01,118,122,122.06666666666666,-0.848656177520752,0.5351604863753714
TOKYOTECH_s01,118,123,122.1,-1.066136121749878,1.0523512315492396
TOKYOTECH_s01,118,124,122.13333333333334,-1.1553646326065063,1.4313139515738984
TOKYOTECH_s01,118,125,122.16666666666667,-1.055228590965271,1.6115174069745748
TOKYOTECH_s01,118,126,122.2,-1.0162845849990845,1.577543689816763
TOKYOTECH_s01,118,127,122.23333333333333,-1.0247507095336914,1.3580384558393737
TOKYOTECH_s01,118,128,122.26666666666667,-1.096456527709961,1.0111548865846158
TOKYOTECH_s01,118,129,122.3,-0.7253270149230957,0.6043720807474713
TOKYOTECH_s01,118,130,122.33333333333333,0.6828779578208923,0.1964870235013957
TOKYOTECH_s01,118,131,122.36666666666666,1.724166750907898,-0.17362847735603074
TOKYOTECH_s01,118,132,122.4,1.6792374849319458,-0.4899088951591587
TOKYOTECH_s01,118,133,122.43333333333334,1.2074207067489624,-0.7541281490842564
TOKYOTECH_s01,118,134,122.46666666666667,0.8063645958900452,-0.9754794678893306
TOKYOTECH_s01,118,135,122.5,0.4322424829006195,-1.1587560663355598
TOKYOTECH_s01,118,136,122.53333333333333,-0.007166907656937838,-1.2959428158655832
TOKYOTECH_s01,118,137,122.56666666666666,-0.1204942911863327,-1.364860209638498
TOKYOTECH_s01,118,138,122.6,0.1766061633825302,-1.3353256621759102
TOKYOTECH_s01,118,139,122.63333333333334,0.1462070196866989,-1.1799719343810748
TOKYOTECH_s01,118,140,122.66666666666667,-0.09462351351976395,-0.8854214457683812
TOKYOTECH_s01,118,141,122.7,-0.43436938524246216,-0.4603253314490802
TOKYOTECH_s01,118,142,122.73333333333333,-0.7337537407875061,0.061278900421321766
TOKYOTECH_s01,118,143,122.76666666666667,-0.9750174283981323,0.6216401329745916
TOKYOTECH_s01,118,144,122.8,-1.1144517660140991,1.1465783031371592
TOKYOTECH_s01,118,145,122.83333333333333,-1.1987582445144653,1.5587054547099917
TOKYOTECH_s01,118,146,122.86666666666666,-1.2056492567062378,1.7945348317710283
TOKYOTECH_s01,118,147,122.9,-1.2335282564163208,1.8203973620405949
TOKYOTECH_s01,118,148,122.93333333333334,-1.2381747961044312,1.6410438268290155
TOKYOTECH_s01,118,149,122.96666666666667,-1.1972225904464722,1.2971400073783375
TOKYOTECH_s01,118,150,123.0,-1.2464045286178589,0.852717985017738
TOKYOTECH_s01,118,151,123.03333333333333,-1.0809024572372437,0.37781484000778887
TOKYOTECH_s01,118,152,123.06666666666666,-0.038038577884435654,-0.06763267969134776
TOKYOTECH_s01,118,153,123.1,1.5298012495040894,-0.4444172326324686
TOKYOTECH_s01,118,154,123.13333333333334,1.8554106950759888,-0.737512200943529
TOKYOTECH_s01,118,155,123.16666666666667,1.3103525638580322,-0.952785097980618
TOKYOTECH_s01,118,156,123.2,0.8716912865638733,-1.1088269580597134
TOKYOTECH_s01,118,157,123.23333333333333,0.40711987018585205,-1.2261761513356455
TOKYOTECH_s01,118,158,123.26666666666667,0.03173769637942314,-1.3160320099680074
TOKYOTECH_s01,118,159,123.3,-0.16550235450267792,-1.371114383189569
TOKYOTECH_s01,118,160,123.33333333333333,-0.04166127368807793,-1.362818801858398
TOKYOTECH_s01,118,161,123.36666666666666,0.04650412127375603,-1.248688898650124
TOKYOTECH_s01,118,162,123.4,-0.03473090007901192,-0.9903602935457996
TOKYOTECH_s01,118,163,123.43333333333334,-0.26638656854629517,-0.5759773728050359
TOKYOTECH_s01,118,164,123.46666666666667,-0.5473030209541321,-0.036444101095914005
TOKYOTECH_s01,118,165,123.5,-0.8028212189674377,0.5543523647911006
TOKYOTECH_s01,118,166,123.53333333333333,-1.0189229249954224,1.0979728996481852
TOKYOTECH_s01,118,167,123.56666666666666,-1.2367178201675415,1.5013432571476926
TOKYOTECH_s01,118,168,123.6,-1.2683770656585693,1.7046188905830506
TOKYOTECH_s01,118,169,123.63333333333334,-1.1943479776382446,1.6949411118428934
TOKYOTECH_s01,118,170,123.66666666666667,-1.1715880632400513,1.5027851370913516
TOKYOTECH_s01,118,171,123.7,-1.1003941297531128,1.1864165578240096
TOKYOTECH_s01,118,172,123.73333333333333,-1.1199252605438232,0.812514003303621
TOKYOTECH_s01,118,173,123.76666666666667,-0.9712371826171875,0.4388682617687079
TOKYOTECH_s01,118,174,123.8,0.1410486102104187,0.10266307740467161
TOKYOTECH_s01,118,175,123.83333333333333,1.6712439060211182,-0.18360536089030677
TOKYOTECH_s01,118,176,123.86666666666666,1.967674970626831,-0.42790641092447584
TOKYOTECH_s01,118,177,123.9,1.4055269956588745,-0.6476998993508208
TOKYOTECH_s01,118,178,123.93333333333334,0.7889599204063416,-0.8565189189495866
TOKYOTECH_s01,118,179,123.96666666666667,0.36073362827301025,-1.053711248488284
TOKYOTECH_s01,118,180,124.0,-0.07985708862543106,-1.221253552698346
TOKYOTECH_s01,118,181,124.03333333333333,-0.1645572930574417,-1.3280622413995302
TOKYOTECH_s01,118,182,124.06666666666666,0.07469815015792847,-1.339223490800003
TOKYOTECH_s01,118,183,124.1,0.16160348057746887,-1.2265187382719012
TOKYOTECH_s01,118,184,124.13333333333334,0.07521004974842072,-0.9775270365554743
TOKYOTECH_s01,118,185,124.16666666666667,-0.3308863043785095,-0.6018899567099182
TOKYOTECH_s01,118,186,124.2,-0.564786434173584,-0.1336431799892729
TOKYOTECH_s01,118,187,124.23333333333333,-0.8428677320480347,0.37179534631286726
TOKYOTECH_s01,118,188,124.26666666666667,-1.0587332248687744,0.8469985633113202
TOKYOTECH_s01,118,189,124.3,-1.1588692665100098,1.2270744418394606
TOKYOTECH_s01,118,190,124.33333333333333,-1.1784790754318237,1.4648040371023674
TOKYOTECH_s01,118,191,124.36666666666666,-1.0835013389587402,1.5403967725019059
TOKYOTECH_s01,118,192,124.4,-1.118940830230713,1.4625350631300813
TOKYOTECH_s01,118,193,124.43333333333334,-1.111183524131775,1.2617590092082784
TOKYOTECH_s01,118,194,124.46666666666667,-1.116302490234375,0.9799322657439362
TOKYOTECH_s01,118,195,124.5,-0.8902384638786316,0.659682830767659
TOKYOTECH_s01,118,196,124.53333333333333,0.35734719038009644,0.33629162887923564
TOKYOTECH_s01,118,197,124.56666666666666,1.85056734085083,0.032848014544188564
TOKYOTECH_s01,118,198,124.6,1.9642884731292725,-0.24139904832301126
TOKYOTECH_s01,118,199,124.63333333333334,1.285190463066101,-0.48954117946538084
TOKYOTECH_s01,118,200,124.66666666666667,0.8441272974014282,-0.7221000484994234
TOKYOTECH_s01,118,201,124.7,0.4204293489456177,-0.9488752460692259
TOKYOTECH_s01,118,202,124.73333333333333,0.059577327221632004,-1.169323137060148
TOKYOTECH_s01,118,203,124.76666666666667,-0.17444096505641937,-1.3651016270524248
TOKYOTECH_s01,118,204,124.8,-0.07784885913133621,-1.4990269385619712
TOKYOTECH_s01,118,205,124.83333333333333,0.2387038916349411,-1.5229890983290577
TOKYOTECH_s01,118,206,124.86666666666666,0.09355979412794113,-1.3936160486476685
TOKYOTECH_s01,118,207,124.9,-0.25858989357948303,-1.0906512448713008
TOKYOTECH_s01,118,208,124.93333333333334,-0.5286382436752319,-0.6311359102909754
TOKYOTECH_s01,118,209,124.96666666666667,-0.7944732308387756,-0.07289297554093392
TOKYOTECH_s01,118,210,125.0,-1.0550317764282227,0.4965407403512264
TOKYOTECH_s01,118,211,125.03333333333333,-1.1684378385543823,0.9836424615042442
TOKYOTECH_s01,118,212,125.06666666666666,-1.1040562391281128,1.3160525627154853
TOKYOTECH_s01,118,213,125.1,-1.1533170938491821,1.46112042184244
TOKYOTECH_s01,118,214,125.13333333333334,-1.1872994899749756,1.4292380147259254
TOKYOTECH_s01,118,215,125.16666666666667,-1.0928337574005127,1.2637104800334094
TOKYOTECH_s01,118,216,125.2,-1.0733420848846436,1.0234305685320366
TOKYOTECH_s01,118,217,125.23333333333333,-0.8849225044250488,0.7648370351872033
TOKYOTECH_s01,118,218,125.26666666666667,0.3256092369556427,0.5281179461207655
TOKYOTECH_s01,118,219,125.3,1.8429676294326782,0.33055688599808497
TOKYOTECH_s01,118,220,125.33333333333333,2.15203857421875,0.16762849272407584
TOKYOTECH_s01,118,221,125.36666666666666,1.489006519317627,0.02042737750648904
TOKYOTECH_s01,118,222,125.4,1.0410916805267334,-0.1333039719422492
TOKYOTECH_s01,118,223,125.43333333333334,0.5689992904663086,-0.30776087092733095
TOKYOTECH_s01,118,224,125.46666666666667,-0.0020872578024864197,-0.5002999920703995
TOKYOTECH_s01,118,225,125.5,-0.13656015694141388,-0.6879015044754625
TOKYOTECH_s01,118,226,125.53333333333333,0.06473573297262192,-0.8308412929941038
TOKYOTECH_s01,118,227,125.56666666666666,0.17180214822292328,-0.8839319363305497
TOKYOTECH_s01,118,228,125.6,0.07241427153348923,-0.812754254464173
TOKYOTECH_s01,118,229,125.63333333333334,-0.1173047423362732,-0.6092611000146939
TOKYOTECH_s01,118,230,125.66666666666667,-0.37794196605682373,-0.29991680503474577
TOKYOTECH_s01,118,231,125.7,-0.8181782960891724,0.058464404802203544
TOKYOTECH_s01,118,232,125.73333333333333,-1.0671205520629883,0.39491764542218544
TOKYOTECH_s01,118,233,125.76666666666667,-1.2342370748519897,0.6462799305135136
TOKYOTECH_s01,118,234,125.8,-1.199506402015686,0.7750325303483325
TOKYOTECH_s01,118,235,125.83333333333333,-1.181038498878479,0.7751655944708219
TOKYOTECH_s01,118,236,125.86666666666666,-1.1790696382522583,0.6654791834607299
TOKYOTECH_s01,118,237,125.9,-1.195608139038086,0.4765890169620187
TOKYOTECH_s01,118,238,125.93333333333334,-1.209193229675293,0.23920964990536095
TOKYOTECH_s01,118,239,125.96666666666667,-0.9183143377304077,-0.021747855906033394
TOKYOTECH_s01,119,0,119.0,-0.6911870241165161,0.06531115072500164
TOKYOTECH_s01,119,1,119.03333333333333,0.24181468784809113,-0.14475815042679088
TOKYOTECH_s01,119,2,119.06666666666666,1.5919383764266968,-0.313434587821083
TOKYOTECH_s01,119,3,119.1,2.051469564437866,-0.4026181356514177
TOKYOTECH_s01,119,4,119.13333333333334,1.6254088878631592,-0.38361693171334965
TOKYOTECH_s01,119,5,119.16666666666667,1.1981276273727417,-0.24358610935866573
TOKYOTECH_s01,119,6,119.2,0.9090207815170288,0.008554510155224126
TOKYOTECH_s01,119,7,119.23333333333333,0.45445120334625244,0.3395187098165679
TOKYOTECH_s01,119,8,119.26666666666667,0.18306401371955872,0.6954339577615485
TOKYOTECH_s01,119,9,119.3,0.29946279525756836,1.0130585516545143
TOKYOTECH_s01,119,10,119.33333333333333,0.36943596601486206,1.235335835108154
TOKYOTECH_s01,119,11,119.36666666666666,0.2889491021633148,1.3251682614439113
TOKYOTECH_s01,119,12,119.4,-0.05162368714809418,1.2722535173011973
TOKYOTECH_s01,119,13,119.43333333333334,-0.26937922835350037,1.0916668622290289
TOKYOTECH_s01,119,14,119.46666666666667,-0.4669736623764038,0.8165760569096774
TOKYOTECH_s01,119,15,119.5,-0.718357264995575,0.48879153794916413
TOKYOTECH_s01,119,16,119.53333333333333,-0.8214465975761414,0.14960492035918635
TOKYOTECH_s01,119,17,119.56666666666666,-0.8012855052947998,-0.16810917876475961
TOKYOTECH_s01,119,18,119.6,-0.6239702701568604,-0.4453544503383833
TOKYOTECH_s01,119,19,119.63333333333334,-0.19838225841522217,-0.6781995962907135
TOKYOTECH_s01,119,20,119.66666666666667,1.0705457925796509,-0.8736308117357027
TOKYOTECH_s01,119,21,119.7,1.9446786642074585,-1.041088043306644
TOKYOTECH_s01,119,22,119.73333333333333,1.7713799476623535,-1.182770922681472
TOKYOTECH_s01,119,23,119.76666666666667,1.3681581020355225,-1.2867467961176202
TOKYOTECH_s01,119,24,119.8,0.8920098543167114,-1.3261927302085101
TOKYOTECH_s01,119,25,119.83333333333333,0.5680935978889465,-1.266024316958103
TOKYOTECH_s01,119,26,119.86666666666666,0.17975632846355438,-1.0754963708200294
TOKYOTECH_s01,119,27,119.9,0.13325193524360657,-0.7430234384467579
TOKYOTECH_s01,119,28,119.93333333333334,0.30666881799697876,-0.2881309865357482
TOKYOTECH_s01,119,29,119.96666666666667,0.2604006826877594,0.23475753489031834
TOKYOTECH_s01,119,30,120.0,0.06190057843923569,0.7446157042396611
TOKYOTECH_s01,119,31,120.03333333333333,-0.3076537847518921,1.1538317176751844
TOKYOTECH_s01,119,32,120.06666666666666,-0.6032578945159912,1.3931513115706222
TOKYOTECH_s01,119,33,120.1,-0.7315880060195923,1.4310993589363274
TOKYOTECH_s01,119,34,120.13333333333334,-0.8448365926742554,1.2802677023912328
TOKYOTECH_s01,119,35,120.16666666666667,-0.9853342175483704,0.9894979587771168
TOKYOTECH_s01,119,36,120.2,-0.9609991312026978,0.6265624365470053
TOKYOTECH_s01,119,37,120.23333333333333,-0.9981711506843567,0.25829339640795546
TOKYOTECH_s01,119,38,120.26666666666667,-0.8234154582023621,-0.0655655011613666
TOKYOTECH_s01,119,39,120.3,0.29414689540863037,-0.32089166858165813
TOKYOTECH_s01,119,40,120.33333333333333,1.6521459817886353,-0.5088779553820405
TOKYOTECH_s01,119,41,120.36666666666666,1.8489922285079956,-0.6479931084352407
TOKYOTECH_s01,119,42,120.4,1.3352388143539429,-0.761154007266435
TOKYOTECH_s01,119,43,120.43333333333334,0.9654482007026672,-0.8622595343726339
TOKYOTECH_s01,119,44,120.46666666666667,0.6386180520057678,-0.9465641697967906
TOKYOTECH_s01,119,45,120.5,0.23614437878131866,-0.9885494879187584
TOKYOTECH_s01,119,46,120.53333333333333,0.1295504868030548,-0.9489094475237262
TOKYOTECH_s01,119,47,120.56666666666666,0.2840663492679596,-0.7893910858133018
TOKYOTECH_s01,119,48,120.6,0.3415175974369049,-0.49119441089631055
TOKYOTECH_s01,119,49,120.63333333333334,0.13722902536392212,-0.070139477957219
TOKYOTECH_s01,119,50,120.66666666666667,-0.22653689980506897,0.41888376325175014
TOKYOTECH_s01,119,51,120.7,-0.5725831389427185,0.8925922861008209
TOKYOTECH_s01,119,52,120.73333333333333,-0.7199717164039612,1.2626373608567454
TOKYOTECH_s01,119,53,120.76666666666667,-0.8856707215309143,1.4623161399582831
TOKYOTECH_s01,119,54,120.8,-0.7575768828392029,1.4652763395661366
TOKYOTECH_s01,119,55,120.83333333333333,-0.715600848197937,1.2889378129479765
TOKYOTECH_s01,119,56,120.86666666666666,-0.7650191783905029,0.9834016620736042
TOKYOTECH_s01,119,57,120.9,-0.7516703009605408,0.612880667567123
TOKYOTECH_s01,119,58,120.93333333333334,-0.6353108882904053,0.23724615487344697
TOKYOTECH_s01,119,59,120.96666666666667,0.39853566884994507,-0.10153595650238581
TOKYOTECH_s01,119,60,121.0,1.550946831703186,-0.38562222451426204
TOKYOTECH_s01,119,61,121.03333333333333,1.673291563987732,-0.6191598205413249
TOKYOTECH_s01,119,62,121.06666666666666,1.2964917421340942,-0.8186347131040005
TOKYOTECH_s01,119,63,121.1,0.9462321996688843,-0.9988385368839107
TOKYOTECH_s01,119,64,121.13333333333334,0.6444852352142334,-1.159560796641671
TOKYOTECH_s01,119,65,121.16666666666667,0.20798973739147186,-1.278647595256062
TOKYOTECH_s01,119,66,121.2,0.031068285927176476,-1.3153860098095385
TOKYOTECH_s01,119,67,121.23333333333333,0.07879336923360825,-1.224388764995389
TOKYOTECH_s01,119,68,121.26666666666667,0.11320897936820984,-0.9754620995469738
TOKYOTECH_s01,119,69,121.3,-0.002835423219949007,-0.5714621417171208
TOKYOTECH_s01,119,70,121.33333333333333,-0.21551130712032318,-0.055895524519418295
TOKYOTECH_s01,119,71,121.36666666666666,-0.5856956839561462,0.4942198198975665
TOKYOTECH_s01,119,72,121.4,-0.9150460362434387,0.9882246180674473
TOKYOTECH_s01,119,73,121.43333333333334,-1.0730271339416504,1.3467067225066327
TOKYOTECH_s01,119,74,121.46666666666667,-1.0500308275222778,1.5219727418468127
TOKYOTECH_s01,119,75,121.5,-0.954029381275177,1.5072874085445596
TOKYOTECH_s01,119,76,121.53333333333333,-0.9123683571815491,1.3331622159758807
TOKYOTECH_s01,119,77,121.56666666666666,-0.9212676286697388,1.0537399979141344
TOKYOTECH_s01,119,78,121.6,-0.6490141153335571,0.7287748769911581
TOKYOTECH_s01,119,79,121.63333333333334,0.5813243389129639,0.4070515206994564
TOKYOTECH_s01,119,80,121.66666666666667,1.59347403049469,0.11615813478538549
TOKYOTECH_s01,119,81,121.7,1.5253123044967651,-0.13885654862690922
TOKYOTECH_s01,119,82,121.73333333333333,1.148236870765686,-0.36898294640757157
TOKYOTECH_s01,119,83,121.76666666666667,0.855704128742218,-0.5905882479641661
TOKYOTECH_s01,119,84,121.8,0.5043026208877563,-0.8144081478282172
TOKYOTECH_s01,119,85,121.83333333333333,0.10600296407938004,-1.0368072751845692
TOKYOTECH_s01,119,86,121.86666666666666,0.007993287406861782,-1.235185900063005
TOKYOTECH_s01,119,87,121.9,0.17908692359924316,-1.3692790770492058
TOKYOTECH_s01,119,88,121.93333333333334,0.13876473903656006,-1.3896304741773235
TOKYOTECH_s01,119,89,121.96666666666667,-0.13943469524383545,-1.252809849463146
TOKYOTECH_s01,119,90,122.0,-0.48918235301971436,-0.9398616426480756
TOKYOTECH_s01,119,91,122.03333333333333,-0.7219405770301819,-0.47118896722813325
TOKYOTECH_s01,119,92,122.06666666666666,-0.848656177520752,0.09014531363962788
TOKYOTECH_s01,119,93,122.1,-1.066136121749878,0.6512910417165034
TOKYOTECH_s01,119,94,122.13333333333334,-1.1553646326065063,1.1153579623777836
TOKYOTECH_s01,119,95,122.16666666666667,-1.055228590965271,1.4095041599173268
TOKYOTECH_s01,119,96,122.2,-1.0162845849990845,1.5035405134688087
TOKYOTECH_s01,119,97,122.23333333333333,-1.0247507095336914,1.4124055671353088
TOKYOTECH_s01,119,98,122.26666666666667,-1.096456527709961,1.1840572452288236
TOKYOTECH_s01,119,99,122.3,-0.7253270149230957,0.8802486497990871
TOKYOTECH_s01,119,100,122.33333333333333,0.6828779578208923,0.5581127051542267
TOKYOTECH_s01,119,101,122.36666666666666,1.724166750907898,0.25742147553457007
TOKYOTECH_s01,119,102,122.4,1.6792374849319458,-0.004657164873785485
TOKYOTECH_s01,119,103,122.43333333333334,1.2074207067489624,-0.23138587043512648
TOKYOTECH_s01,119,104,122.46666666666667,0.8063645958900452,-0.43822841840537036
TOKYOTECH_s01,119,105,122.5,0.4322424829006195,-0.6412148474553976
TOKYOTECH_s01,119,106,122.53333333333333,-0.007166907656937838,-0.8457823250602244
TOKYOTECH_s01,119,107,122.56666666666666,-0.1204942911863327,-1.0399481287695953
TOKYOTECH_s01,119,108,122.6,0.1766061633825302,-1.1937976291936045
TOKYOTECH_s01,119,109,122.63333333333334,0.1462070196866989,-1.2651232609272303
TOKYOTECH_s01,119,110,122.66666666666667,-0.09462351351976395,-1.210128120193361
TOKYOTECH_s01,119,111,122.7,-0.43436938524246216,-0.9976640404421772
TOKYOTECH_s01,119,112,122.73333333333333,-0.7337537407875061,-0.624157113920843
TOKYOTECH_s01,119,113,122.76666666666667,-0.9750174283981323,-0.12413015233744783
TOKYOTECH_s01,119,114,122.8,-1.1144517660140991,0.43016331363820287
TOKYOTECH_s01,119,115,122.83333333333333,-1.1987582445144653,0.943780351053615
TOKYOTECH_s01,119,116,122.86666666666666,-1.2056492567062378,1.3252146885286162
TOKYOTECH_s01,119,117,122.9,-1.2335282564163208,1.5132053227555968
TOKYOTECH_s01,119,118,122.93333333333334,-1.2381747961044312,1.493063756411386
TOKYOTECH_s01,119,119,122.96666666666667,-1.1972225904464722,1.2965725584918006
TOKYOTECH_s01,119,120,123.0,-1.2464045286178589,0.9870197550864127
TOKYOTECH_s01,119,121,123.03333333333333,-1.0809024572372437,0.6366346895140288
TOKYOTECH_s01,119,122,123.06666666666666,-0.038038577884435654,0.30514117961528137
TOKYOTECH_s01,119,123,123.1,1.5298012495040894,0.025966989919853835
TOKYOTECH_s01,119,124,123.13333333333334,1.8554106950759888,-0.19704108124014247
TOKYOTECH_s01,119,125,123.16666666666667,1.3103525638580322,-0.3830933415633184
TOKYOTECH_s01,119,126,123.2,0.8716912865638733,-0.5613061452048046
TOKYOTECH_s01,119,127,123.23333333333333,0.40711987018585205,-0.7552380345558481
TOKYOTECH_s01,119,128,123.26666666666667,0.03173769637942314,-0.9694644436454216
TOKYOTECH_s01,119,129,123.3,-0.16550235450267792,-1.1820695146167075
TOKYOTECH_s01,119,130,123.33333333333333,-0.04166127368807793,-1.3461213470335094
TOKYOTECH_s01,119,131,123.36666666666666,0.04650412127375603,-1.4013489097559824
TOKYOTECH_s01,119,132,123.4,-0.03473090007901192,-1.2939324544769684
TOKYOTECH_s01,119,133,123.43333333333334,-0.26638656854629517,-0.9985229039783651
TOKYOTECH_s01,119,134,123.46666666666667,-0.5473030209541321,-0.5341516519333186
TOKYOTECH_s01,119,135,123.5,-0.8028212189674377,0.0336692632333675
TOKYOTECH_s01,119,136,123.53333333333333,-1.0189229249954224,0.6078697100965115
TOKYOTECH_s01,119,137,123.56666666666666,-1.2367178201675415,1.0876274244955937
TOKYOTECH_s01,119,138,123.6,-1.2683770656585693,1.3979625402126492
TOKYOTECH_s01,119,139,123.63333333333334,-1.1943479776382446,1.5086503946276029
TOKYOTECH_s01,119,140,123.66666666666667,-1.1715880632400513,1.436190009988543
TOKYOTECH_s01,119,141,123.7,-1.1003941297531128,1.2311354346780206
TOKYOTECH_s01,119,142,123.73333333333333,-1.1199252605438232,0.9578605524705287
TOKYOTECH_s01,119,143,123.76666666666667,-0.9712371826171875,0.6741734124312166
TOKYOTECH_s01,119,144,123.8,0.1410486102104187,0.416443389495785
TOKYOTECH_s01,119,145,123.83333333333333,1.6712439060211182,0.1936133000939567
TOKYOTECH_s01,119,146,123.86666666666666,1.967674970626831,-0.008891311566926748
TOKYOTECH_s01,119,147,123.9,1.4055269956588745,-0.21706009214638827
TOKYOTECH_s01,119,148,123.93333333333334,0.7889599204063416,-0.4525875749901027
TOKYOTECH_s01,119,149,123.96666666666667,0.36073362827301025,-0.7194823987035998
TOKYOTECH_s01,119,150,124.0,-0.07985708862543106,-0.9975272656991319
TOKYOTECH_s01,119,151,124.03333333333333,-0.1645572930574417,-1.244201791093487
TOKYOTECH_s01,119,152,124.06666666666666,0.07469815015792847,-1.404125409283116
TOKYOTECH_s01,119,153,124.1,0.16160348057746887,-1.4235166425221992
TOKYOTECH_s01,119,154,124.13333333333334,0.07521004974842072,-1.266327765434434
TOKYOTECH_s01,119,155,124.16666666666667,-0.3308863043785095,-0.928155415340921
TOKYOTECH_s01,119,156,124.2,-0.564786434173584,-0.4436700942175964
TOKYOTECH_s01,119,157,124.23333333333333,-0.8428677320480347,0.11626015476968882
TOKYOTECH_s01,119,158,124.26666666666667,-1.0587332248687744,0.6594144315603578
TOKYOTECH_s01,119,159,124.3,-1.1588692665100098,1.096116710887155
TOKYOTECH_s01,119,160,124.33333333333333,-1.1784790754318237,1.363761945579534
TOKYOTECH_s01,119,161,124.36666666666666,-1.0835013389587402,1.44177960468666
TOKYOTECH_s01,119,162,124.4,-1.118940830230713,1.3515535988091103
TOKYOTECH_s01,119,163,124.43333333333334,-1.111183524131775,1.143264636641527
TOKYOTECH_s01,119,164,124.46666666666667,-1.116302490234375,0.8764828944527617
TOKYOTECH_s01,119,165,124.5,-0.8902384638786316,0.602128076198645
TOKYOTECH_s01,119,166,124.53333333333333,0.35734719038009644,0.3512303915481486
TOKYOTECH_s01,119,167,124.56666666666666,1.85056734085083,0.132289183361864
TOKYOTECH_s01,119,168,124.6,1.9642884731292725,-0.06437749596381726
TOKYOTECH_s01,119,169,124.63333333333334,1.285190463066101,-0.25837902946273805
TOKYOTECH_s01,119,170,124.66666666666667,0.8441272974014282,-0.4694385849345715
TOKYOTECH_s01,119,171,124.7,0.4204293489456177,-0.7073538455437657
TOKYOTECH_s01,119,172,124.73333333333333,0.059577327221632004,-0.9635298179972598
TOKYOTECH_s01,119,173,124.76666666666667,-0.17444096505641937,-1.2070356289990414
TOKYOTECH_s01,119,174,124.8,-0.07784885913133621,-1.3881555306741633
TOKYOTECH_s01,119,175,124.83333333333333,0.2387038916349411,-1.4503903731332386
TOKYOTECH_s01,119,176,124.86666666666666,0.09355979412794113,-1.348342093151104
TOKYOTECH_s01,119,177,124.9,-0.25858989357948303,-1.0657808424964286
TOKYOTECH_s01,119,178,124.93333333333334,-0.5286382436752319,-0.6271889397206776
TOKYOTECH_s01,119,179,124.96666666666667,-0.7944732308387756,-0.09726152180860298
TOKYOTECH_s01,119,180,125.0,-1.0550317764282227,0.4340337213092234
TOKYOTECH_s01,119,181,125.03333333333333,-1.1684378385543823,0.8774832327571772
TOKYOTECH_s01,119,182,125.06666666666666,-1.1040562391281128,1.1714995478751689
TOKYOTECH_s01,119,183,125.1,-1.1533170938491821,1.2975149848036924
TOKYOTECH_s01,119,184,125.13333333333334,-1.1872994899749756,1.2778004402750371
TOKYOTECH_s01,119,185,125.16666666666667,-1.0928337574005127,1.159087964516485
TOKYOTECH_s01,119,186,125.2,-1.0733420848846436,0.9910683699761625
TOKYOTECH_s01,119,187,125.23333333333333,-0.8849225044250488,0.8090193388469726
TOKYOTECH_s01,119,188,125.26666666666667,0.3256092369556427,0.6262756757426293
TOKYOTECH_s01,119,189,125.3,1.8429676294326782,0.437219370772693
TOKYOTECH_s01,119,190,125.33333333333333,2.15203857421875,0.22714672228209454
TOKYOTECH_s01,119,191,125.36666666666666,1.489006519317627,-0.016359073782199075
TOKYOTECH_s01,119,192,125.4,1.0410916805267334,-0.29466557186996734
TOKYOTECH_s01,119,193,125.43333333333334,0.5689992904663086,-0.5935606332047751
TOKYOTECH_s01,119,194,125.46666666666667,-0.0020872578024864197,-0.8829099364480001
TOKYOTECH_s01,119,195,125.5,-0.13656015694141388,-1.1201657811164274
TOKYOTECH_s01,119,196,125.53333333333333,0.06473573297262192,-1.2577486373860474
TOKYOTECH_s01,119,197,125.56666666666666,0.17180214822292328,-1.2541292953490566
TOKYOTECH_s01,119,198,125.6,0.07241427153348923,-1.0869732898095943
TOKYOTECH_s01,119,199,125.63333333333334,-0.1173047423362732,-0.7644939473041813
TOKYOTECH_s01,119,200,125.66666666666667,-0.37794196605682373,-0.32970048231164745
TOKYOTECH_s01,119,201,125.7,-0.8181782960891724,0.1467070337571129
TOKYOTECH_s01,119,202,125.73333333333333,-1.0671205520629883,0.5847686978344236
TOKYOTECH_s01,119,203,125.76666666666667,-1.2342370748519897,0.9189709003656217
TOKYOTECH_s01,119,204,125.8,-1.199506402015686,1.1167896871545544
TOKYOTECH_s01,119,205,125.83333333333333,-1.181038498878479,1.1831282726472543
TOKYOTECH_s01,119,206,125.86666666666666,-1.1790696382522583,1.149679252532074
TOKYOTECH_s01,119,207,125.9,-1.195608139038086,1.056413786627296
TOKYOTECH_s01,119,208,125.93333333333334,-1.209193229675293,0.9345595847642167
TOKYOTECH_s01,119,209,125.96666666666667,-0.9183143377304077,0.7973222936530578
TOKYOTECH_s01,119,210,126.0,0.2804436683654785,0.6400847708195242
TOKYOTECH_s01,119,211,126.03333333333333,1.8409199714660645,0.44793989942395535
TOKYOTECH_s01,119,212,126.06666666666666,2.152904987335205,0.20603640830362951
TOKYOTECH_s01,119,213,126.1,1.5438588857650757,-0.09180484111315457
TOKYOTECH_s01,119,214,126.13333333333334,1.0295541286468506,-0.4385540854180309
TOKYOTECH_s01,119,215,126.16666666666667,0.596642017364502,-0.8133082957788085
TOKYOTECH_s01,119,216,126.2,0.005433774087578058,-1.1831628299922452
TOKYOTECH_s01,119,217,126.23333333333333,-0.19283008575439453,-1.5066280517062378
TOKYOTECH_s01,119,218,126.26666666666667,-0.05067863687872887,-1.7384751170207997
TOKYOTECH_s01,119,219,126.3,0.115414097905159,-1.8364864498081508
TOKYOTECH_s01,119,220,126.33333333333333,0.17570048570632935,-1.7703466876160048
TOKYOTECH_s01,119,221,126.36666666666666,-0.03815671056509018,-1.5315805791450918
TOKYOTECH_s01,119,222,126.4,-0.4930807054042816,-1.141426179721415
TOKYOTECH_s01,119,223,126.43333333333334,-0.6931165456771851,-0.6520169393780589
TOKYOTECH_s01,119,224,126.46666666666667,-0.9823415279388428,-0.13695803670929999
TOKYOTECH_s01,119,225,126.5,-1.0709794759750366,0.3280350387346062
TOKYOTECH_s01,119,226,126.53333333333333,-1.0575518608093262,0.6867586616846278
TOKYOTECH_s01,119,227,126.56666666666666,-1.0851552486419678,0.9156132494370476
TOKYOTECH_s01,119,228,126.6,-1.1445753574371338,1.0223401218590114
TOKYOTECH_s01,119,229,126.63333333333334,-1.1104353666305542,1.033348186020687
TOKYOTECH_s01,119,230,126.66666666666667,-1.0353431701660156,0.978229839508159
TOKYOTECH_s01,119,231,126.7,-0.5641958117485046,0.8798289449258924
TOKYOTECH_s01,119,232,126.73333333333333,0.8640914559364319,0.7532877433212122
TOKYOTECH_s01,119,233,126.76666666666667,2.144399404525757,0.6113843270120569
TOKYOTECH_s01,119,234,126.8,1.93203866481781,0.4699617678861847
TOKYOTECH_s01,119,235,126.83333333333333,1.3928475379943848,0.3483258204612341
TOKYOTECH_s01,119,236,126.86666666666666,1.0794843435287476,0.26415157467686073
TOKYOTECH_s01,119,237,126.9,0.4776049554347992,0.22661416789497082
TOKYOTECH_s01,119,238,126.93333333333334,0.12258073687553406,0.23193618678090638
TOKYOTECH_s01,119,239,126.96666666666667,0.004173705819994211,0.26351852087639355
TOKYOTECH_s01,120,0,120.0,0.06190057843923569,-0.1464133258212108
TOKYOTECH_s01,120,1,120.03333333333333,-0.3076537847518921,-0.2698499193423756
TOKYOTECH_s01,120,2,120.06666666666666,-0.6032578945159912,-0.3901199067825336
TOKYOTECH_s01,120,3,120.1,-0.7315880060195923,-0.5059167190418185
TOKYOTECH_s01,120,4,120.13333333333334,-0.8448365926742554,-0.6152309044341789
TOKYOTECH_s01,120,5,120.16666666666667,-0.9853342175483704,-0.7165381108257762
TOKYOTECH_s01,120,6,120.2,-0.9609991312026978,-0.8100945210936287
TOKYOTECH_s01,120,7,120.23333333333333,-0.9981711506843567,-0.8983570344728125
TOKYOTECH_s01,120,8,120.26666666666667,-0.8234154582023621,-0.9844651685298806
TOKYOTECH_s01,120,9,120.3,0.29414689540863037,-1.0684645959013777
TOKYOTECH_s01,120,10,120.33333333333333,1.6521459817886353,-1.1428148815685857
TOKYOTECH_s01,120,11,120.36666666666666,1.8489922285079956,-1.1900588497275766
TOKYOTECH_s01,120,12,120.4,1.3352388143539429,-1.1847753290005947
TOKYOTECH_s01,120,13,120.43333333333334,0.9654482007026672,-1.0996584182894833
TOKYOTECH_s01,120,14,120.46666666666667,0.6386180520057678,-0.9134765432286542
TOKYOTECH_s01,120,15,120.5,0.23614437878131866,-0.6181923101503363
TOKYOTECH_s01,120,16,120.53333333333333,0.1295504868030548,-0.2237685394547276
TOKYOTECH_s01,120,17,120.56666666666666,0.2840663492679596,0.23960435276671685
TOKYOTECH_s01,120,18,120.6,0.3415175974369049,0.7224155362653754
TOKYOTECH_s01,120,19,120.63333333333334,0.13722902536392212,1.1614251484449833
TOKYOTECH_s01,120,20,120.66666666666667,-0.22653689980506897,1.4913018826833233
TOKYOTECH_s01,120,21,120.7,-0.5725831389427185,1.6610143653795142
TOKYOTECH_s01,120,22,120.73333333333333,-0.7199717164039612,1.649467360970369
TOKYOTECH_s01,120,23,120.76666666666667,-0.8856707215309143,1.4728784533947326
TOKYOTECH_s01,120,24,120.8,-0.7575768828392029,1.1794103707371721
TOKYOTECH_s01,120,25,120.83333333333333,-0.715600848197937,0.8328126743360555
TOKYOTECH_s01,120,26,120.86666666666666,-0.7650191783905029,0.49219399157405247
TOKYOTECH_s01,120,27,120.9,-0.7516703009605408,0.19631708602622544
TOKYOTECH_s01,120,28,120.93333333333334,-0.6353108882904053,-0.04254690198069666
TOKYOTECH_s01,120,29,120.96666666666667,0.39853566884994507,-0.2351302609458959
TOKYOTECH_s01,120,30,121.0,1.550946831703186,-0.4051322223517797
TOKYOTECH_s01,120,31,121.03333333333333,1.673291563987732,-0.576467732875317
TOKYOTECH_s01,120,32,121.06666666666666,1.2964917421340942,-0.7611186332659287
TOKYOTECH_s01,120,33,121.1,0.9462321996688843,-0.9503258801319587
TOKYOTECH_s01,120,34,121.13333333333334,0.6444852352142334,-1.111729290275715
TOKYOTECH_s01,120,35,121.16666666666667,0.20798973739147186,-1.1948337082103904
TOKYOTECH_s01,120,36,121.2,0.031068285927176476,-1.1457209349206372
TOKYOTECH_s01,120,37,121.23333333333333,0.07879336923360825,-0.9282972166472144
TOKYOTECH_s01,120,38,121.26666666666667,0.11320897936820984,-0.5444867288872982
TOKYOTECH_s01,120,39,121.3,-0.002835423219949007,-0.04333119215723762
TOKYOTECH_s01,120,40,121.33333333333333,-0.21551130712032318,0.4878433357747321
TOKYOTECH_s01,120,41,121.36666666666666,-0.5856956839561462,0.9486748375647135
TOKYOTECH_s01,120,42,121.4,-0.9150460362434387,1.2567228061369498
TOKYOTECH_s01,120,43,121.43333333333334,-1.0730271339416504,1.37020407242668
TOKYOTECH_s01,120,44,121.46666666666667,-1.0500308275222778,1.294358789397757
TOKYOTECH_s01,120,45,121.5,-0.954029381275177,1.0724782534977282
TOKYOTECH_s01,120,46,121.53333333333333,-0.9123683571815491,0.7680687454529032
TOKYOTECH_s01,120,47,121.56666666666666,-0.9212676286697388,0.4452174312824235
TOKYOTECH_s01,120,48,121.6,-0.6490141153335571,0.15242445187875667
TOKYOTECH_s01,120,49,121.63333333333334,0.5813243389129639,-0.08681813445730395
TOKYOTECH_s01,120,50,121.66666666666667,1.59347403049469,-0.2748296497653317
TOKYOTECH_s01,120,51,121.7,1.5253123044967651,-0.4319872690785789
TOKYOTECH_s01,120,52,121.73333333333333,1.148236870765686,-0.5835306491275859
TOKYOTECH_s01,120,53,121.76666666666667,0.855704128742218,-0.7461720465179121
TOKYOTECH_s01,120,54,121.8,0.5043026208877563,-0.9190535886478132
TOKYOTECH_s01,120,55,121.83333333333333,0.10600296407938004,-1.081074538346283
TOKYOTECH_s01,120,56,121.86666666666666,0.007993287406861782,-1.1944007942615673
TOKYOTECH_s01,120,57,121.9,0.17908692359924316,-1.2130677374661718
TOKYOTECH_s01,120,58,121.93333333333334,0.13876473903656006,-1.0955928666768837
TOKYOTECH_s01,120,59,121.96666666666667,-0.13943469524383545,-0.8199442559370962
TOKYOTECH_s01,120,60,122.0,-0.48918235301971436,-0.39721341078609773
TOKYOTECH_s01,120,61,122.03333333333333,-0.7219405770301819,0.12187581236620298
TOKYOTECH_s01,120,62,122.06666666666666,-0.848656177520752,0.6534763873552083
TOKYOTECH_s01,120,63,122.1,-1.066136121749878,1.1015321310262838
TOKYOTECH_s01,120,64,122.13333333333334,-1.1553646326065063,1.3864795930264306
TOKYOTECH_s01,120,65,122.16666666666667,-1.055228590965271,1.469368738473921
TOKYOTECH_s01,120,66,122.2,-1.0162845849990845,1.3606215319019075
TOKYOTECH_s01,120,67,122.23333333333333,-1.0247507095336914,1.1105009601008755
TOKYOTECH_s01,120,68,122.26666666666667,-1.096456527709961,0.7873930313631117
TOKYOTECH_s01,120,69,122.3,-0.7253270149230957,0.4546891367254836
TOKYOTECH_s01,120,70,122.33333333333333,0.6828779578208923,0.1550218201653816
TOKYOTECH_s01,120,71,122.36666666666666,1.724166750907898,-0.09498507109332147
TOKYOTECH_s01,120,72,122.4,1.6792374849319458,-0.300841019841449
TOKYOTECH_s01,120,73,122.43333333333334,1.2074207067489624,-0.4804980681068909
TOKYOTECH_s01,120,74,122.46666666666667,0.8063645958900452,-0.6522443529199934
TOKYOTECH_s01,120,75,122.5,0.4322424829006195,-0.8234101307411865
TOKYOTECH_s01,120,76,122.53333333333333,-0.007166907656937838,-0.9833799679077785
TOKYOTECH_s01,120,77,122.56666666666666,-0.1204942911863327,-1.1037982481870057
TOKYOTECH_s01,120,78,122.6,0.1766061633825302,-1.1463001687675072
TOKYOTECH_s01,120,79,122.63333333333334,0.1462070196866989,-1.0749771598686773
TOKYOTECH_s01,120,80,122.66666666666667,-0.09462351351976395,-0.8691267377263729
TOKYOTECH_s01,120,81,122.7,-0.43436938524246216,-0.5322370107838374
TOKYOTECH_s01,120,82,122.73333333333333,-0.7337537407875061,-0.09496415799089254
TOKYOTECH_s01,120,83,122.76666666666667,-0.9750174283981323,0.38820212737097254
TOKYOTECH_s01,120,84,122.8,-1.1144517660140991,0.8477713775858092
TOKYOTECH_s01,120,85,122.83333333333333,-1.1987582445144653,1.212322312243963
TOKYOTECH_s01,120,86,122.86666666666666,-1.2056492567062378,1.423973172995324
TOKYOTECH_s01,120,87,122.9,-1.2335282564163208,1.4529670144340678
TOKYOTECH_s01,120,88,122.93333333333334,-1.2381747961044312,1.3063257500719254
TOKYOTECH_s01,120,89,122.96666666666667,-1.1972225904464722,1.0259532851714175
TOKYOTECH_s01,120,90,123.0,-1.2464045286178589,0.6755809275892531
TOKYOTECH_s01,120,91,123.03333333333333,-1.0809024572372437,0.32113914884838507
TOKYOTECH_s01,120,92,123.06666666666666,-0.038038577884435654,0.012038115104025032
TOKYOTECH_s01,120,93,123.1,1.5298012495040894,-0.22990279711876288
TOKYOTECH_s01,120,94,123.13333333333334,1.8554106950759888,-0.4107711408670935
TOKYOTECH_s01,120,95,123.16666666666667,1.3103525638580322,-0.5554272924196587
TOKYOTECH_s01,120,96,123.2,0.8716912865638733,-0.693245215588288
TOKYOTECH_s01,120,97,123.23333333333333,0.40711987018585205,-0.843730924847434
TOKYOTECH_s01,120,98,123.26666666666667,0.03173769637942314,-1.005851457494686
TOKYOTECH_s01,120,99,123.3,-0.16550235450267792,-1.153570804443193
TOKYOTECH_s01,120,100,123.33333333333333,-0.04166127368807793,-1.239558138840704
TOKYOTECH_s01,120,101,123.36666666666666,0.04650412127375603,-1.2080868499990371
TOKYOTECH_s01,120,102,123.4,-0.03473090007901192,-1.0153094060511785
TOKYOTECH_s01,120,103,123.43333333333334,-0.26638656854629517,-0.6507790532280806
TOKYOTECH_s01,120,104,123.46666666666667,-0.5473030209541321,-0.1506995619935337
TOKYOTECH_s01,120,105,123.5,-0.8028212189674377,0.40547415880961335
TOKYOTECH_s01,120,106,123.53333333333333,-1.0189229249954224,0.9164036654416756
TOKYOTECH_s01,120,107,123.56666666666666,-1.2367178201675415,1.2901432401216273
TOKYOTECH_s01,120,108,123.6,-1.2683770656585693,1.4714303429860534
TOKYOTECH_s01,120,109,123.63333333333334,-1.1943479776382446,1.453265685535765
TOKYOTECH_s01,120,110,123.66666666666667,-1.1715880632400513,1.2705540763052905
TOKYOTECH_s01,120,111,123.7,-1.1003941297531128,0.982676147221265
TOKYOTECH_s01,120,112,123.73333333333333,-1.1199252605438232,0.6538666989372698
TOKYOTECH_s01,120,113,123.76666666666667,-0.9712371826171875,0.3370712133028192
TOKYOTECH_s01,120,114,123.8,0.1410486102104187,0.06368281746668401
TOKYOTECH_s01,120,115,123.83333333333333,1.6712439060211182,-0.1598355977613987
TOKYOTECH_s01,120,116,123.86666666666666,1.967674970626831,-0.3478080228110744
TOKYOTECH_s01,120,117,123.9,1.4055269956588745,-0.5242831392026341
TOKYOTECH_s01,120,118,123.93333333333334,0.7889599204063416,-0.7084731841443241
TOKYOTECH_s01,120,119,123.96666666666667,0.36073362827301025,-0.902321016668722
TOKYOTECH_s01,120,120,124.0,-0.07985708862543106,-1.0851343458070548
TOKYOTECH_s01,120,121,124.03333333333333,-0.1645572930574417,-1.217194216485556
TOKYOTECH_s01,120,122,124.06666666666666,0.07469815015792847,-1.2508563131577783
TOKYOTECH_s01,120,123,124.1,0.16160348057746887,-1.1454435266786822
TOKYOTECH_s01,120,124,124.13333333333334,0.07521004974842072,-0.8816940271240481
TOKYOTECH_s01,120,125,124.16666666666667,-0.3308863043785095,-0.4720513649646915
TOKYOTECH_s01,120,126,124.2,-0.564786434173584,0.03618315882375118
TOKYOTECH_s01,120,127,124.23333333333333,-0.8428677320480347,0.5670160700299105
TOKYOTECH_s01,120,128,124.26666666666667,-1.0587332248687744,1.0318550179626704
TOKYOTECH_s01,120,129,124.3,-1.1588692665100098,1.3525638655141532
TOKYOTECH_s01,120,130,124.33333333333333,-1.1784790754318237,1.483663789248798
TOKYOTECH_s01,120,131,124.36666666666666,-1.0835013389587402,1.424097270020949
TOKYOTECH_s01,120,132,124.4,-1.118940830230713,1.2133382631735599
TOKYOTECH_s01,120,133,124.43333333333334,-1.111183524131775,0.9142820114898533
TOKYOTECH_s01,120,134,124.46666666666667,-1.116302490234375,0.5911364709787323
TOKYOTECH_s01,120,135,124.5,-0.8902384638786316,0.29148227043805425
TOKYOTECH_s01,120,136,124.53333333333333,0.35734719038009644,0.037927703358816636
TOKYOTECH_s01,120,137,124.56666666666666,1.85056734085083,-0.17049229156735085
TOKYOTECH_s01,120,138,124.6,1.9642884731292725,-0.3504415384643407
TOKYOTECH_s01,120,139,124.63333333333334,1.285190463066101,-0.523798465332481
TOKYOTECH_s01,120,140,124.66666666666667,0.8441272974014282,-0.7072344607728729
TOKYOTECH_s01,120,141,124.7,0.4204293489456177,-0.9033572592166609
TOKYOTECH_s01,120,142,124.73333333333333,0.059577327221632004,-1.0949644320737493
TOKYOTECH_s01,120,143,124.76666666666667,-0.17444096505641937,-1.2446942254068125
TOKYOTECH_s01,120,144,124.8,-0.07784885913133621,-1.3022908441786016
TOKYOTECH_s01,120,145,124.83333333333333,0.2387038916349411,-1.219474836237925
TOKYOTECH_s01,120,146,124.86666666666666,0.09355979412794113,-0.9683785086728774
TOKYOTECH_s01,120,147,124.9,-0.25858989357948303,-0.5565797891856284
TOKYOTECH_s01,120,148,124.93333333333334,-0.5286382436752319,-0.032409747430305974
TOKYOTECH_s01,120,149,124.96666666666667,-0.7944732308387756,0.5224611041265095
TOKYOTECH_s01,120,150,125.0,-1.0550317764282227,1.0121175029952045
TOKYOTECH_s01,120,151,125.03333333333333,-1.1684378385543823,1.3519612427122782
TOKYOTECH_s01,120,152,125.06666666666666,-1.1040562391281128,1.4920457379823466
TOKYOTECH_s01,120,153,125.1,-1.1533170938491821,1.4293468313442155
TOKYOTECH_s01,120,154,125.13333333333334,-1.1872994899749756,1.204663250424576
TOKYOTECH_s01,120,155,125.16666666666667,-1.0928337574005127,0.88624754117432
TOKYOTECH_s01,120,156,125.2,-1.0733420848846436,0.5468205692810955
TOKYOTECH_s01,120,157,125.23333333333333,-0.8849225044250488,0.24212186226488205
TOKYOTECH_s01,120,158,125.26666666666667,0.3256092369556427,-0.002057435566515279
TOKYOTECH_s01,120,159,125.3,1.8429676294326782,-0.19088904744523885
TOKYOTECH_s01,120,160,125.33333333333333,2.15203857421875,-0.3507624470285016
TOKYOTECH_s01,120,161,125.36666666666666,1.489006519317627,-0.5135946725483593
TOKYOTECH_s01,120,162,125.4,1.0410916805267334,-0.700951699932551
TOKYOTECH_s01,120,163,125.43333333333334,0.5689992904663086,-0.9124827033807235
TOKYOTECH_s01,120,164,125.46666666666667,-0.0020872578024864197,-1.1212480252495414
TOKYOTECH_s01,120,165,125.5,-0.13656015694141388,-1.2771458480336115
TOKYOTECH_s01,120,166,125.53333333333333,0.06473573297262192,-1.3188408479599079
TOKYOTECH_s01,120,167,125.56666666666666,0.17180214822292328,-1.1929444608546425
TOKYOTECH_s01,120,168,125.6,0.07241427153348923,-0.8758640664282633
TOKYOTECH_s01,120,169,125.63333333333334,-0.1173047423362732,-0.3903254305561626
TOKYOTECH_s01,120,170,125.66666666666667,-0.37794196605682373,0.19209949254509168
TOKYOTECH_s01,120,171,125.7,-0.8181782960891724,0.76687977857622
TOKYOTECH_s01,120,172,125.73333333333333,-1.0671205520629883,1.226772196291537
TOKYOTECH_s01,120,173,125.76666666666667,-1.2342370748519897,1.4944828366304812
TOKYOTECH_s01,120,174,125.8,-1.199506402015686,1.543795625426799
TOKYOTECH_s01,120,175,125.83333333333333,-1.181038498878479,1.4009030485114213
TOKYOTECH_s01,120,176,125.86666666666666,-1.1790696382522583,1.1280823436222795
TOKYOTECH_s01,120,177,125.9,-1.195608139038086,0.7996645663399089
TOKYOTECH_s01,120,178,125.93333333333334,-1.209193229675293,0.4803644377111436
TOKYOTECH_s01,120,179,125.96666666666667,-0.9183143377304077,0.21134328816867154
TOKYOTECH_s01,120,180,126.0,0.2804436683654785,0.005210273299416121
TOKYOTECH_s01,120,181,126.03333333333333,1.8409199714660645,-0.1508888889770489
TOKYOTECH_s01,120,182,126.06666666666666,2.152904987335205,-0.2858186432129923
TOKYOTECH_s01,120,183,126.1,1.5438588857650757,-0.4311114552329838
TOKYOTECH_s01,120,184,126.13333333333334,1.0295541286468506,-0.6072247275626981
TOKYOTECH_s01,120,185,126.16666666666667,0.596642017364502,-0.81341196451716
TOKYOTECH_s01,120,186,126.2,0.005433774087578058,-1.0243934611737493
TOKYOTECH_s01,120,187,126.23333333333333,-0.19283008575439453,-1.1949564653789049
TOKYOTECH_s01,120,188,126.26666666666667,-0.05067863687872887,-1.2712098531356555
TOKYOTECH_s01,120,189,126.3,0.115414097905159,-1.2055718238739068
TOKYOTECH_s01,120,190,126.33333333333333,0.17570048570632935,-0.9721453833294669
TOKYOTECH_s01,120,191,126.36666666666666,-0.03815671056509018,-0.5791367250140661
TOKYOTECH_s01,120,192,126.4,-0.4930807054042816,-0.0746011422501056
TOKYOTECH_s01,120,193,126.43333333333334,-0.6931165456771851,0.45852815541344405
TOKYOTECH_s01,120,194,126.46666666666667,-0.9823415279388428,0.9207612647174301
TOKYOTECH_s01,120,195,126.5,-1.0709794759750366,1.2248405523412598
TOKYOTECH_s01,120,196,126.53333333333333,-1.0575518608093262,1.3238802242329624
TOKYOTECH_s01,120,197,126.56666666666666,-1.0851552486419678,1.2247711521757658
TOKYOTECH_s01,120,198,126.6,-1.1445753574371338,0.9802502012059848
TOKYOTECH_s01,120,199,126.63333333333334,-1.1104353666305542,0.6648418053502895
TOKYOTECH_s01,120,200,126.66666666666667,-1.0353431701660156,0.34690378849297393
TOKYOTECH_s01,120,201,126.7,-0.5641958117485046,0.06860010681799453
TOKYOTECH_s01,120,202,126.73333333333333,0.8640914559364319,-0.1599909674730823
TOKYOTECH_s01,120,203,126.76666666666667,2.144399404525757,-0.35348023488797675
TOKYOTECH_s01,120,204,126.8,1.93203866481781,-0.5363021533653938
TOKYOTECH_s01,120,205,126.83333333333333,1.3928475379943848,-0.7272720883574778
TOKYOTECH_s01,120,206,126.86666666666666,1.0794843435287476,-0.9282123524747226
TOKYOTECH_s01,120,207,126.9,0.4776049554347992,-1.1185656215470612
TOKYOTECH_s01,120,208,126.93333333333334,0.12258073687553406,-1.2569016092461347
TOKYOTECH_s01,120,209,126.96666666666667,0.004173705819994211,-1.2900053534951925
TOKYOTECH_s01,120,210,127.0,0.10679050534963608,-1.168860182911107
TOKYOTECH_s01,120,211,127.03333333333333,0.3048180937767029,-0.8678732277691573
TOKYOTECH_s01,120,212,127.06666666666666,0.19172698259353638,-0.40048232938319983
TOKYOTECH_s01,120,213,127.1,-0.13148051500320435,0.1765716503761847
TOKYOTECH_s01,120,214,127.13333333333334,-0.42031174898147583,0.7746042241412144
TOKYOTECH_s01,120,215,127.16666666666667,-0.7018188834190369,1.2971885199566449
TOKYOTECH_s01,120,216,127.2,-0.8878757953643799,1.667198957970876
TOKYOTECH_s01,120,217,127.23333333333333,-1.0280190706253052,1.8451041301519666
TOKYOTECH_s01,120,218,127.26666666666667,-0.9736785888671875,1.833057696361322
TOKYOTECH_s01,120,219,127.3,-1.017347812652588,1.6671956871565914
TOKYOTECH_s01,120,220,127.33333333333333,-0.9739148616790771,1.4036052928524922
TOKYOTECH_s01,120,221,127.36666666666666,-1.0455812215805054,1.1023591802499682
TOKYOTECH_s01,120,222,127.4,-0.7646647691726685,0.8125780904190685
TOKYOTECH_s01,120,223,127.43333333333334,0.5852226614952087,0.5612603599744124
TOKYOTECH_s01,120,224,127.46666666666667,2.0226848125457764,0.3489393936517345
TOKYOTECH_s01,120,225,127.5,2.1392412185668945,0.15425560311990222
TOKYOTECH_s01,120,226,127.53333333333333,1.424861192703247,-0.05366481738842667
TOKYOTECH_s01,120,227,127.56666666666666,1.0528655052185059,-0.2997826266497427
TOKYOTECH_s01,120,228,127.6,0.6485410928726196,-0.5909399916965853
TOKYOTECH_s01,120,229,127.63333333333334,0.22874148190021515,-0.9113451403163266
TOKYOTECH_s01,120,230,127.66666666666667,0.03925872966647148,-1.2261285104664308
TOKYOTECH_s01,120,231,127.7,0.11234268546104431,-1.4901963808719954
TOKYOTECH_s01,120,232,127.73333333333333,0.3921959400177002,-1.659475068582054
TOKYOTECH_s01,120,233,127.76666666666667,0.2958401143550873,-1.702680300969124
TOKYOTECH_s01,120,234,127.8,-0.048197876662015915,-1.6113708195046423
TOKYOTECH_s01,120,235,127.83333333333333,-0.4118063151836395,-1.4043716462607083
TOKYOTECH_s01,120,236,127.86666666666666,-0.6200719475746155,-1.1221517012400493
TOKYOTECH_s01,120,237,127.9,-0.8512550592422485,-0.8107516247484331
TOKYOTECH_s01,120,238,127.93333333333334,-0.98056960105896,-0.5028281987902428
TOKYOTECH_s01,120,239,127.96666666666667,-1.0256563425064087,-0.20768580937970318
TOKYOTECH_s01,121,0,121.0,1.550946831703186,0.0007832593516325704
TOKYOTECH_s01,121,1,121.03333333333333,1.673291563987732,-0.2903381989622733
TOKYOTECH_s01,121,2,121.06666666666666,1.2964917421340942,-0.58342686560097
TOKYOTECH_s01,121,3,121.1,0.9462321996688843,-0.8670258890460723
TOKYOTECH_s01,121,4,121.13333333333334,0.6444852352142334,-1.1081180809962472
TOKYOTECH_s01,121,5,121.16666666666667,0.20798973739147186,-1.254905180786903
TOKYOTECH_s01,121,6,121.2,0.031068285927176476,-1.2507306053689429
TOKYOTECH_s01,121,7,121.23333333333333,0.07879336923360825,-1.055894139155686
TOKYOTECH_s01,121,8,121.26666666666667,0.11320897936820984,-0.6695116027825048
TOKYOTECH_s01,121,9,121.3,-0.002835423219949007,-0.14113037002094633
TOKYOTECH_s01,121,10,121.33333333333333,-0.21551130712032318,0.43571645512570817
TOKYOTECH_s01,121,11,121.36666666666666,-0.5856956839561462,0.9482751796690445
TOKYOTECH_s01,121,12,121.4,-0.9150460362434387,1.2984882075730286
TOKYOTECH_s01,121,13,121.43333333333334,-1.0730271339416504,1.4317830576596535
TOKYOTECH_s01,121,14,121.46666666666667,-1.0500308275222778,1.349527570713569
TOKYOTECH_s01,121,15,121.5,-0.954029381275177,1.1022265142352135
TOKYOTECH_s01,121,16,121.53333333333333,-0.9123683571815491,0.7683915360998846
TOKYOTECH_s01,121,17,121.56666666666666,-0.9212676286697388,0.4281657865100493
TOKYOTECH_s01,121,18,121.6,-0.6490141153335571,0.14067805711639012
TOKYOTECH_s01,121,19,121.63333333333334,0.5813243389129639,-0.06873609233942637
TOKYOTECH_s01,121,20,121.66666666666667,1.59347403049469,-0.20898436070499807
TOKYOTECH_s01,121,21,121.7,1.5253123044967651,-0.3127050587145567
TOKYOTECH_s01,121,22,121.73333333333333,1.148236870765686,-0.4195804510403771
TOKYOTECH_s01,121,23,121.76666666666667,0.855704128742218,-0.559675112337767
TOKYOTECH_s01,121,24,121.8,0.5043026208877563,-0.7415695504633082
TOKYOTECH_s01,121,25,121.83333333333333,0.10600296407938004,-0.9473887608915851
TOKYOTECH_s01,121,26,121.86666666666666,0.007993287406861782,-1.1349446832718588
TOKYOTECH_s01,121,27,121.9,0.17908692359924316,-1.2465189729554216
TOKYOTECH_s01,121,28,121.93333333333334,0.13876473903656006,-1.2234766811630584
TOKYOTECH_s01,121,29,121.96666666666667,-0.13943469524383545,-1.0247966677430844
TOKYOTECH_s01,121,30,122.0,-0.48918235301971436,-0.6452902001250681
TOKYOTECH_s01,121,31,122.03333333333333,-0.7219405770301819,-0.12668913044157049
TOKYOTECH_s01,121,32,122.06666666666666,-0.848656177520752,0.4457679532174741
TOKYOTECH_s01,121,33,122.1,-1.066136121749878,0.9641683756220558
TOKYOTECH_s01,121,34,122.13333333333334,-1.1553646326065063,1.3300067997836633
TOKYOTECH_s01,121,35,122.16666666666667,-1.055228590965271,1.4841293267253841
TOKYOTECH_s01,121,36,122.2,-1.0162845849990845,1.4218543658254585
TOKYOTECH_s01,121,37,122.23333333333333,-1.0247507095336914,1.188223181970111
TOKYOTECH_s01,121,38,122.26666666666667,-1.096456527709961,0.8576641566134977
TOKYOTECH_s01,121,39,122.3,-0.7253270149230957,0.5081044305496056
TOKYOTECH_s01,121,40,122.33333333333333,0.6828779578208923,0.19928528041779933
TOKYOTECH_s01,121,41,122.36666666666666,1.724166750907898,-0.03913911223479598
TOKYOTECH_s01,121,42,122.4,1.6792374849319458,-0.20859524312436176
TOKYOTECH_s01,121,43,122.43333333333334,1.2074207067489624,-0.33359418058293344
TOKYOTECH_s01,121,44,122.46666666666667,0.8063645958900452,-0.44820861528066663
TOKYOTECH_s01,121,45,122.5,0.4322424829006195,-0.5810212746046961
TOKYOTECH_s01,121,46,122.53333333333333,-0.007166907656937838,-0.7425244266437875
TOKYOTECH_s01,121,47,122.56666666666666,-0.1204942911863327,-0.9183344862664384
TOKYOTECH_s01,121,48,122.6,0.1766061633825302,-1.0702185405968574
TOKYOTECH_s01,121,49,122.63333333333334,0.1462070196866989,-1.1450747759495492
TOKYOTECH_s01,121,50,122.66666666666667,-0.09462351351976395,-1.090103582623819
TOKYOTECH_s01,121,51,122.7,-0.43436938524246216,-0.8707849222430396
TOKYOTECH_s01,121,52,122.73333333333333,-0.7337537407875061,-0.4870517418275549
TOKYOTECH_s01,121,53,122.76666666666667,-0.9750174283981323,0.017933909483298392
TOKYOTECH_s01,121,54,122.8,-1.1144517660140991,0.5619473238750742
TOKYOTECH_s01,121,55,122.83333333333333,-1.1987582445144653,1.0428889583158203
TOKYOTECH_s01,121,56,122.86666666666666,-1.2056492567062378,1.3679042176615062
TOKYOTECH_s01,121,57,122.9,-1.2335282564163208,1.4812606276195313
TOKYOTECH_s01,121,58,122.93333333333334,-1.2381747961044312,1.3796931960342684
TOKYOTECH_s01,121,59,122.96666666666667,-1.1972225904464722,1.1096161333109589
TOKYOTECH_s01,121,60,123.0,-1.2464045286178589,0.748516741798157
TOKYOTECH_s01,121,61,123.03333333333333,-1.0809024572372437,0.3788243121975525
TOKYOTECH_s01,121,62,123.06666666666666,-0.038038577884435654,0.06399797952384938
TOKYOTECH_s01,121,63,123.1,1.5298012495040894,-0.16594251737359697
TOKYOTECH_s01,121,64,123.13333333333334,1.8554106950759888,-0.3165136651142921
TOKYOTECH_s01,121,65,123.16666666666667,1.3103525638580322,-0.4197049231082239
TOKYOTECH_s01,121,66,123.2,0.8716912865638733,-0.5177786031095233
TOKYOTECH_s01,121,67,123.23333333333333,0.40711987018585205,-0.6450880317799903
TOKYOTECH_s01,121,68,123.26666666666667,0.03173769637942314,-0.8128468596676004
TOKYOTECH_s01,121,69,123.3,-0.16550235450267792,-1.0008811095191674
TOKYOTECH_s01,121,70,123.33333333333333,-0.04166127368807793,-1.1592146294378658
TOKYOTECH_s01,121,71,123.36666666666666,0.04650412127375603,-1.2206163360157591
TOKYOTECH_s01,121,72,123.4,-0.03473090007901192,-1.1224551196709942
TOKYOTECH_s01,121,73,123.43333333333334,-0.26638656854629517,-0.8321992536675387
TOKYOTECH_s01,121,74,123.46666666666667,-0.5473030209541321,-0.36701337041798354
TOKYOTECH_s01,121,75,123.5,-0.8028212189674377,0.20250567683261922
TOKYOTECH_s01,121,76,123.53333333333333,-1.0189229249954224,0.7690685094690259
TOKYOTECH_s01,121,77,123.56666666666666,-1.2367178201675415,1.2211003018917985
TOKYOTECH_s01,121,78,123.6,-1.2683770656585693,1.4774352369832435
TOKYOTECH_s01,121,79,123.63333333333334,-1.1943479776382446,1.5093846390254997
TOKYOTECH_s01,121,80,123.66666666666667,-1.1715880632400513,1.3427365764032624
TOKYOTECH_s01,121,81,123.7,-1.1003941297531128,1.0424368539100475
TOKYOTECH_s01,121,82,123.73333333333333,-1.1199252605438232,0.6883833319337037
TOKYOTECH_s01,121,83,123.76666666666667,-0.9712371826171875,0.3512499241042685
TOKYOTECH_s01,121,84,123.8,0.1410486102104187,0.07518600249987101
TOKYOTECH_s01,121,85,123.83333333333333,1.6712439060211182,-0.1288198590380648
TOKYOTECH_s01,121,86,123.86666666666666,1.967674970626831,-0.27848772017461365
TOKYOTECH_s01,121,87,123.9,1.4055269956588745,-0.407375284044129
TOKYOTECH_s01,121,88,123.93333333333334,0.7889599204063416,-0.5484411910602858
TOKYOTECH_s01,121,89,123.96666666666667,0.36073362827301025,-0.7193673700468926
TOKYOTECH_s01,121,90,124.0,-0.07985708862543106,-0.9135832607819754
TOKYOTECH_s01,121,91,124.03333333333333,-0.1645572930574417,-1.0988897397417134
TOKYOTECH_s01,121,92,124.06666666666666,0.07469815015792847,-1.2240060232903753
TOKYOTECH_s01,121,93,124.1,0.16160348057746887,-1.2320644121411062
TOKYOTECH_s01,121,94,124.13333333333334,0.07521004974842072,-1.0784612882986289
TOKYOTECH_s01,121,95,124.16666666666667,-0.3308863043785095,-0.7486570620763019
TOKYOTECH_s01,121,96,124.2,-0.564786434173584,-0.2701999101118352
TOKYOTECH_s01,121,97,124.23333333333333,-0.8428677320480347,0.28673156516606174
TOKYOTECH_s01,121,98,124.26666666666667,-1.0587332248687744,0.8236082044275876
TOKYOTECH_s01,121,99,124.3,-1.1588692665100098,1.2403501534093473
TOKYOTECH_s01,121,100,124.33333333333333,-1.1784790754318237,1.4650859811613801
TOKYOTECH_s01,121,101,124.36666666666666,-1.0835013389587402,1.4742158980226863
TOKYOTECH_s01,121,102,124.4,-1.118940830230713,1.294911126985289
TOKYOTECH_s01,121,103,124.43333333333334,-1.111183524131775,0.990951823551029
TOKYOTECH_s01,121,104,124.46666666666667,-1.116302490234375,0.6393631931212315
TOKYOTECH_s01,121,105,124.5,-0.8902384638786316,0.3072473770893726
TOKYOTECH_s01,121,106,124.53333333333333,0.35734719038009644,0.036151493333665324
TOKYOTECH_s01,121,107,124.56666666666666,1.85056734085083,-0.16294044431582003
TOKYOTECH_s01,121,108,124.6,1.9642884731292725,-0.305137782362385
TOKYOTECH_s01,121,109,124.63333333333334,1.285190463066101,-0.42114476298785664
TOKYOTECH_s01,121,110,124.66666666666667,0.8441272974014282,-0.5440945699293666
TOKYOTECH_s01,121,111,124.7,0.4204293489456177,-0.6961716557531442
TOKYOTECH_s01,121,112,124.73333333333333,0.059577327221632004,-0.87745569256705
TOKYOTECH_s01,121,113,124.76666666666667,-0.17444096505641937,-1.0602361371948321
TOKYOTECH_s01,121,114,124.8,-0.07784885913133621,-1.1923153604196532
TOKYOTECH_s01,121,115,124.83333333333333,0.2387038916349411,-1.2108592530132556
TOKYOTECH_s01,121,116,124.86666666666666,0.09355979412794113,-1.0639751833232653
TOKYOTECH_s01,121,117,124.9,-0.25858989357948303,-0.7329373251089163
TOKYOTECH_s01,121,118,124.93333333333334,-0.5286382436752319,-0.24657055988758123
TOKYOTECH_s01,121,119,124.96666666666667,-0.7944732308387756,0.3189975337872113
TOKYOTECH_s01,121,120,125.0,-1.0550317764282227,0.8578585461275848
TOKYOTECH_s01,121,121,125.03333333333333,-1.1684378385543823,1.2650466159568776
TOKYOTECH_s01,121,122,125.06666666666666,-1.1040562391281128,1.4689574970404842
TOKYOTECH_s01,121,123,125.1,-1.1533170938491821,1.4515827436218471
TOKYOTECH_s01,121,124,125.13333333333334,-1.1872994899749756,1.2487488316450486
TOKYOTECH_s01,121,125,125.16666666666667,-1.0928337574005127,0.9324283449509885
TOKYOTECH_s01,121,126,125.2,-1.0733420848846436,0.5840972824379872
TOKYOTECH_s01,121,127,125.23333333333333,-0.8849225044250488,0.2697215785862984
TOKYOTECH_s01,121,128,125.26666666666667,0.3256092369556427,0.02428821465996245
TOKYOTECH_s01,121,129,125.3,1.8429676294326782,-0.1510666969158938
TOKYOTECH_s01,121,130,125.33333333333333,2.15203857421875,-0.2810407989425819
TOKYOTECH_s01,121,131,125.36666666666666,1.489006519317627,-0.40180308611838245
TOKYOTECH_s01,121,132,125.4,1.0410916805267334,-0.5451861452911132
TOKYOTECH_s01,121,133,125.43333333333334,0.5689992904663086,-0.7252449614420489
TOKYOTECH_s01,121,134,125.46666666666667,-0.0020872578024864197,-0.9298798973753043
TOKYOTECH_s01,121,135,125.5,-0.13656015694141388,-1.1196433166088402
TOKYOTECH_s01,121,136,125.53333333333333,0.06473573297262192,-1.2353492066034084
TOKYOTECH_s01,121,137,125.56666666666666,0.17180214822292328,-1.2145394957848616
TOKYOTECH_s01,121,138,125.6,0.07241427153348923,-1.01365688135061
TOKYOTECH_s01,121,139,125.63333333333334,-0.1173047423362732,-0.6290005373880496
TOKYOTECH_s01,121,140,125.66666666666667,-0.37794196605682373,-0.107441426098951
TOKYOTECH_s01,121,141,125.7,-0.8181782960891724,0.4601818830559328
TOKYOTECH_s01,121,142,125.73333333333333,-1.0671205520629883,0.9634725428637737
TOKYOTECH_s01,121,143,125.76666666666667,-1.2342370748519897,1.3065077303419785
TOKYOTECH_s01,121,144,125.8,-1.199506402015686,1.4372754630800135
TOKYOTECH_s01,121,145,125.83333333333333,-1.181038498878479,1.3597646153321015
TOKYOTECH_s01,121,146,125.86666666666666,-1.1790696382522583,1.1253365730209106
TOKYOTECH_s01,121,147,125.9,-1.195608139038086,0.8101409860413061
TOKYOTECH_s01,121,148,125.93333333333334,-1.209193229675293,0.4891833660008552
TOKYOTECH_s01,121,149,125.96666666666667,-0.9183143377304077,0.21580766724144204
TOKYOTECH_s01,121,150,126.0,0.2804436683654785,0.011641729364489931
TOKYOTECH_s01,121,151,126.03333333333333,1.8409199714660645,-0.1319847526214368
TOKYOTECH_s01,121,152,126.06666666666666,2.152904987335205,-0.24391436121145937
TOKYOTECH_s01,121,153,126.1,1.5438588857650757,-0.3590971015259396
TOKYOTECH_s01,121,154,126.13333333333334,1.0295541286468506,-0.504835322373726
TOKYOTECH_s01,121,155,126.16666666666667,0.596642017364502,-0.6900063721170824
TOKYOTECH_s01,121,156,126.2,0.005433774087578058,-0.899004372361147
TOKYOTECH_s01,121,157,126.23333333333333,-0.19283008575439453,-1.091866619249135
TOKYOTECH_s01,121,158,126.26666666666667,-0.05067863687872887,-1.2115616980076962
TOKYOTECH_s01,121,159,126.3,0.115414097905159,-1.1982500332835053
TOKYOTECH_s01,121,160,126.33333333333333,0.17570048570632935,-1.0083955474640773
TOKYOTECH_s01,121,161,126.36666666666666,-0.03815671056509018,-0.6340523730717175
TOKYOTECH_s01,121,162,126.4,-0.4930807054042816,-0.11532326152999668
TOKYOTECH_s01,121,163,126.43333333333334,-0.6931165456771851,0.4614034544389807
TOKYOTECH_s01,121,164,126.46666666666667,-0.9823415279388428,0.983451986563719
TOKYOTECH_s01,121,165,126.5,-1.0709794759750366,1.3460404587120134
TOKYOTECH_s01,121,166,126.53333333333333,-1.0575518608093262,1.4868898982570764
TOKYOTECH_s01,121,167,126.56666666666666,-1.0851552486419678,1.404621911860175
TOKYOTECH_s01,121,168,126.6,-1.1445753574371338,1.1529205005331093
TOKYOTECH_s01,121,169,126.63333333333334,-1.1104353666305542,0.8154838119888941
TOKYOTECH_s01,121,170,126.66666666666667,-1.0353431701660156,0.474549534913316
TOKYOTECH_s01,121,171,126.7,-0.5641958117485046,0.18583836363040118
TOKYOTECH_s01,121,172,126.73333333333333,0.8640914559364319,-0.0323348192898744
TOKYOTECH_s01,121,173,126.76666666666667,2.144399404525757,-0.1949407822349551
TOKYOTECH_s01,121,174,126.8,1.93203866481781,-0.33587372946941857
TOKYOTECH_s01,121,175,126.83333333333333,1.3928475379943848,-0.4902176895380079
TOKYOTECH_s01,121,176,126.86666666666666,1.0794843435287476,-0.6785728587592595
TOKYOTECH_s01,121,177,126.9,0.4776049554347992,-0.8965080145619498
TOKYOTECH_s01,121,178,126.93333333333334,0.12258073687553406,-1.1112055298679155
TOKYOTECH_s01,121,179,126.96666666666667,0.004173705819994211,-1.2670112396242135
TOKYOTECH_s01,121,180,127.0,0.10679050534963608,-1.3001235792636319
TOKYOTECH_s01,121,181,127.03333333333333,0.3048180937767029,-1.1597015347999302
TOKYOTECH_s01,121,182,127.06666666666666,0.19172698259353638,-0.8292579101995157
TOKYOTECH_s01,121,183,127.1,-0.13148051500320435,-0.34010575900941253
TOKYOTECH_s01,121,184,127.13333333333334,-0.42031174898147583,0.23031678754807475
TOKYOTECH_s01,121,185,127.16666666666667,-0.7018188834190369,0.7771815636732747
TOKYOTECH_s01,121,186,127.2,-0.8878757953643799,1.1981220638563144
TOKYOTECH_s01,121,187,127.23333333333333,-1.0280190706253052,1.4226704470034675
TOKYOTECH_s01,121,188,127.26666666666667,-0.9736785888671875,1.4303594807070121
TOKYOTECH_s01,121,189,127.3,-1.017347812652588,1.2520962766711539
TOKYOTECH_s01,121,190,127.33333333333333,-0.9739148616790771,0.9560532938470774
TOKYOTECH_s01,121,191,127.36666666666666,-1.0455812215805054,0.6241885077381252
TOKYOTECH_s01,121,192,127.4,-0.7646647691726685,0.3273846913608293
TOKYOTECH_s01,121,193,127.43333333333334,0.5852226614952087,0.10658833312815622
TOKYOTECH_s01,121,194,127.46666666666667,2.0226848125457764,-0.03483026239097162
TOKYOTECH_s01,121,195,127.5,2.1392412185668945,-0.12582349930746115
TOKYOTECH_s01,121,196,127.53333333333333,1.424861192703247,-0.21225465885780703
TOKYOTECH_s01,121,197,127.56666666666666,1.0528655052185059,-0.33729748496217665
TOKYOTECH_s01,121,198,127.6,0.6485410928726196,-0.5240344494956581
TOKYOTECH_s01,121,199,127.63333333333334,0.22874148190021515,-0.7647942721247458
TOKYOTECH_s01,121,200,127.66666666666667,0.03925872966647148,-1.0193189964272815
TOKYOTECH_s01,121,201,127.7,0.11234268546104431,-1.2221528548658531
TOKYOTECH_s01,121,202,127.73333333333333,0.3921959400177002,-1.2987681642510125
TOKYOTECH_s01,121,203,127.76666666666667,0.2958401143550873,-1.188303443342757
TOKYOTECH_s01,121,204,127.8,-0.048197876662015915,-0.8674369137507093
TOKYOTECH_s01,121,205,127.83333333333333,-0.4118063151836395,-0.3665667345575557
TOKYOTECH_s01,121,206,127.86666666666666,-0.6200719475746155,0.2307420204420522
TOKYOTECH_s01,121,207,127.9,-0.8512550592422485,0.808605260000811
TOKYOTECH_s01,121,208,127.93333333333334,-0.98056960105896,1.253513604879264
TOKYOTECH_s01,121,209,127.96666666666667,-1.0256563425064087,1.4885231331410378
TOKYOTECH_s01,121,210,128.0,-0.9575733542442322,1.492829993051678
TOKYOTECH_s01,121,211,128.03333333333333,-1.0443998575210571,1.3003660500734406
TOKYOTECH_s01,121,212,128.06666666666666,-1.0388083457946777,0.981164920705744
TOKYOTECH_s01,121,213,128.1,-1.0752321481704712,0.6157099782109501
TOKYOTECH_s01,121,214,128.13333333333333,-0.8518063426017761,0.2722420467190195
TOKYOTECH_s01,121,215,128.16666666666666,0.28280627727508545,-0.007361472410779576
TOKYOTECH_s01,121,216,128.2,1.850055456161499,-0.21180515600008862
TOKYOTECH_s01,121,217,128.23333333333332,2.2643423080444336,-0.3560451390462931
TOKYOTECH_s01,121,218,128.26666666666668,1.692625641822815,-0.4711205146362007
TOKYOTECH_s01,121,219,128.3,1.2329370975494385,-0.5912254410726863
TOKYOTECH_s01,121,220,128.33333333333334,0.8252262473106384,-0.7408591612758788
TOKYOTECH_s01,121,221,128.36666666666667,0.39235344529151917,-0.9245277045871836
TOKYOTECH_s01,121,222,128.4,0.25410035252571106,-1.1212400148097805
TOKYOTECH_s01,121,223,128.43333333333334,0.22547318041324615,-1.2857725041326111
TOKYOTECH_s01,121,224,128.46666666666667,0.29816335439682007,-1.3578903570277983
TOKYOTECH_s01,121,225,128.5,0.25445476174354553,-1.278918210552786
TOKYOTECH_s01,121,226,128.53333333333333,0.1133664920926094,-1.0123005771199156
TOKYOTECH_s01,121,227,128.56666666666666,-0.19255444407463074,-0.5620625393921264
TOKYOTECH_s01,121,228,128.6,-0.5717561841011047,0.018212775090996836
TOKYOTECH_s01,121,229,128.63333333333333,-0.6529124975204468,0.6320261484262245
TOKYOTECH_s01,121,230,128.66666666666666,-0.8672028183937073,1.1638984834499286
TOKYOTECH_s01,121,231,128.7,-1.0231362581253052,1.5145533528473578
TOKYOTECH_s01,121,232,128.73333333333332,-0.9842316508293152,1.6333010847232
TOKYOTECH_s01,121,233,128.76666666666668,-1.0102993249893188,1.5324715210293767
TOKYOTECH_s01,121,234,128.8,-1.008251667022705,1.277876459903169
TOKYOTECH_s01,121,235,128.83333333333334,-1.024908185005188,0.9614578086531281
TOKYOTECH_s01,121,236,128.86666666666667,-1.1648545265197754,0.6686098994871175
TOKYOTECH_s01,121,237,128.9,-0.9425706267356873,0.4520083720607487
TOKYOTECH_s01,121,238,128.93333333333334,0.2631177306175232,0.31939173240242485
TOKYOTECH_s01,121,239,128.96666666666667,1.766851544380188,0.23739866360378542
TOKYOTECH_s01,122,0,122.0,-0.48918235301971436,0.07404550949691202
TOKYOTECH_s01,122,1,122.03333333333333,-0.7219405770301819,0.4666157498178818
TOKYOTECH_s01,122,2,122.06666666666666,-0.848656177520752,0.8250509932974156
TOKYOTECH_s01,122,3,122.1,-1.066136121749878,1.1180505064531814
TOKYOTECH_s01,122,4,122.13333333333334,-1.1553646326065063,1.3201475207689914
TOKYOTECH_s01,122,5,122.16666666666667,-1.055228590965271,1.4168718252142338
TOKYOTECH_s01,122,6,122.2,-1.0162845849990845,1.407943538323387
TOKYOTECH_s01,122,7,122.23333333333333,-1.0247507095336914,1.306051666769323
TOKYOTECH_s01,122,8,122.26666666666667,-1.096456527709961,1.1317620096756038
TOKYOTECH_s01,122,9,122.3,-0.7253270149230957,0.9075426521972965
TOKYOTECH_s01,122,10,122.33333333333333,0.6828779578208923,0.6534799256525681
TOKYOTECH_s01,122,11,122.36666666666666,1.724166750907898,0.38526166233574843
TOKYOTECH_s01,122,12,122.4,1.6792374849319458,0.11378625393778063
TOKYOTECH_s01,122,13,122.43333333333334,1.2074207067489624,-0.15415328418065252
TOKYOTECH_s01,122,14,122.46666666666667,0.8063645958900452,-0.4140712277968412
TOKYOTECH_s01,122,15,122.5,0.4322424829006195,-0.6608402077540919
TOKYOTECH_s01,122,16,122.53333333333333,-0.007166907656937838,-0.8854596004752117
TOKYOTECH_s01,122,17,122.56666666666666,-0.1204942911863327,-1.073039000653266
TOKYOTECH_s01,122,18,122.6,0.1766061633825302,-1.2028996107935364
TOKYOTECH_s01,122,19,122.63333333333334,0.1462070196866989,-1.2507866637659018
TOKYOTECH_s01,122,20,122.66666666666667,-0.09462351351976395,-1.193081432172739
TOKYOTECH_s01,122,21,122.7,-0.43436938524246216,-1.0132086511251959
TOKYOTECH_s01,122,22,122.73333333333333,-0.7337537407875061,-0.7099936970591576
TOKYOTECH_s01,122,23,122.76666666666667,-0.9750174283981323,-0.3057145928861518
TOKYOTECH_s01,122,24,122.8,-1.1144517660140991,0.1510213540655554
TOKYOTECH_s01,122,25,122.83333333333333,-1.1987582445144653,0.5922710569351972
TOKYOTECH_s01,122,26,122.86666666666666,-1.2056492567062378,0.9475213328029001
TOKYOTECH_s01,122,27,122.9,-1.2335282564163208,1.1639445008368927
TOKYOTECH_s01,122,28,122.93333333333334,-1.2381747961044312,1.2210333793612558
TOKYOTECH_s01,122,29,122.96666666666667,-1.1972225904464722,1.1331058817274853
TOKYOTECH_s01,122,30,123.0,-1.2464045286178589,0.9396994199643184
TOKYOTECH_s01,122,31,123.03333333333333,-1.0809024572372437,0.6896551748159274
TOKYOTECH_s01,122,32,123.06666666666666,-0.038038577884435654,0.4259731774048141
TOKYOTECH_s01,122,33,123.1,1.5298012495040894,0.17617664511574135
TOKYOTECH_s01,122,34,123.13333333333334,1.8554106950759888,-0.050221835025415384
TOKYOTECH_s01,122,35,123.16666666666667,1.3103525638580322,-0.2580477714308725
TOKYOTECH_s01,122,36,123.2,0.8716912865638733,-0.458911848474015
TOKYOTECH_s01,122,37,123.23333333333333,0.40711987018585205,-0.662335167935153
TOKYOTECH_s01,122,38,123.26666666666667,0.03173769637942314,-0.8675579916867195
TOKYOTECH_s01,122,39,123.3,-0.16550235450267792,-1.057796817980674
TOKYOTECH_s01,122,40,123.33333333333333,-0.04166127368807793,-1.1992118126279145
TOKYOTECH_s01,122,41,123.36666666666666,0.04650412127375603,-1.246808302842533
TOKYOTECH_s01,122,42,123.4,-0.03473090007901192,-1.1575793195876747
TOKYOTECH_s01,122,43,123.43333333333334,-0.26638656854629517,-0.9077196851960808
TOKYOTECH_s01,122,44,123.46666666666667,-0.5473030209541321,-0.5074192674251933
TOKYOTECH_s01,122,45,123.5,-0.8028212189674377,-0.005836102495544385
TOKYOTECH_s01,122,46,123.53333333333333,-1.0189229249954224,0.5181513713446608
TOKYOTECH_s01,122,47,123.56666666666666,-1.2367178201675415,0.9773857908594106
TOKYOTECH_s01,122,48,123.6,-1.2683770656585693,1.3012242211949372
TOKYOTECH_s01,122,49,123.63333333333334,-1.1943479776382446,1.452862817443133
TOKYOTECH_s01,122,50,123.66666666666667,-1.1715880632400513,1.4334692155645317
TOKYOTECH_s01,122,51,123.7,-1.1003941297531128,1.2747058605541948
TOKYOTECH_s01,122,52,123.73333333333333,-1.1199252605438232,1.0249582169229006
TOKYOTECH_s01,122,53,123.76666666666667,-0.9712371826171875,0.7344477259760935
TOKYOTECH_s01,122,54,123.8,0.1410486102104187,0.44291614510561905
TOKYOTECH_s01,122,55,123.83333333333333,1.6712439060211182,0.1722539067158723
TOKYOTECH_s01,122,56,123.86666666666666,1.967674970626831,-0.07448798866306694
TOKYOTECH_s01,122,57,123.9,1.4055269956588745,-0.30761034200187926
TOKYOTECH_s01,122,58,123.93333333333334,0.7889599204063416,-0.540852975859242
TOKYOTECH_s01,122,59,123.96666666666667,0.36073362827301025,-0.7807711906702166
TOKYOTECH_s01,122,60,124.0,-0.07985708862543106,-1.01902500003151
TOKYOTECH_s01,122,61,124.03333333333333,-0.1645572930574417,-1.2297966715485111
TOKYOTECH_s01,122,62,124.06666666666666,0.07469815015792847,-1.372989904020532
TOKYOTECH_s01,122,63,124.1,0.16160348057746887,-1.4028174674367502
TOKYOTECH_s01,122,64,124.13333333333334,0.07521004974842072,-1.280685395768597
TOKYOTECH_s01,122,65,124.16666666666667,-0.3308863043785095,-0.9899745354847009
TOKYOTECH_s01,122,66,124.2,-0.564786434173584,-0.548157641404863
TOKYOTECH_s01,122,67,124.23333333333333,-0.8428677320480347,-0.010312584234981837
TOKYOTECH_s01,122,68,124.26666666666667,-1.0587332248687744,0.540359854268599
TOKYOTECH_s01,122,69,124.3,-1.1588692665100098,1.0140466621730488
TOKYOTECH_s01,122,70,124.33333333333333,-1.1784790754318237,1.3398107740483833
TOKYOTECH_s01,122,71,124.36666666666666,-1.0835013389587402,1.4838028403582963
TOKYOTECH_s01,122,72,124.4,-1.118940830230713,1.45308887965827
TOKYOTECH_s01,122,73,124.43333333333334,-1.111183524131775,1.2858443543012037
TOKYOTECH_s01,122,74,124.46666666666667,-1.116302490234375,1.0343852108990759
TOKYOTECH_s01,122,75,124.5,-0.8902384638786316,0.748672261319574
TOKYOTECH_s01,122,76,124.53333333333333,0.35734719038009644,0.46532130379640296
TOKYOTECH_s01,122,77,124.56666666666666,1.85056734085083,0.203330455918418
TOKYOTECH_s01,122,78,124.6,1.9642884731292725,-0.034817758495664416
TOKYOTECH_s01,122,79,124.63333333333334,1.285190463066101,-0.2585438554759928
TOKYOTECH_s01,122,80,124.66666666666667,0.8441272974014282,-0.48217858783396794
TOKYOTECH_s01,122,81,124.7,0.4204293489456177,-0.7162667586591571
TOKYOTECH_s01,122,82,124.73333333333333,0.059577327221632004,-0.9586500696778589
TOKYOTECH_s01,122,83,124.76666666666667,-0.17444096505641937,-1.1882495826850539
TOKYOTECH_s01,122,84,124.8,-0.07784885913133621,-1.365058726782179
TOKYOTECH_s01,122,85,124.83333333333333,0.2387038916349411,-1.4384121902088158
TOKYOTECH_s01,122,86,124.86666666666666,0.09355979412794113,-1.3622141741711575
TOKYOTECH_s01,122,87,124.9,-0.25858989357948303,-1.112417622368227
TOKYOTECH_s01,122,88,124.93333333333334,-0.5286382436752319,-0.7005621545402334
TOKYOTECH_s01,122,89,124.96666666666667,-0.7944732308387756,-0.17767489765121253
TOKYOTECH_s01,122,90,125.0,-1.0550317764282227,0.3749660361489091
TOKYOTECH_s01,122,91,125.03333333333333,-1.1684378385543823,0.8670010485223678
TOKYOTECH_s01,122,92,125.06666666666666,-1.1040562391281128,1.2245562950944264
TOKYOTECH_s01,122,93,125.1,-1.1533170938491821,1.4094526656191966
TOKYOTECH_s01,122,94,125.13333333333334,-1.1872994899749756,1.4245992374265073
TOKYOTECH_s01,122,95,125.16666666666667,-1.0928337574005127,1.3051798301796498
TOKYOTECH_s01,122,96,125.2,-1.0733420848846436,1.101152516938318
TOKYOTECH_s01,122,97,125.23333333333333,-0.8849225044250488,0.8589647817376691
TOKYOTECH_s01,122,98,125.26666666666667,0.3256092369556427,0.6091808299145958
TOKYOTECH_s01,122,99,125.3,1.8429676294326782,0.3631023155650013
TOKYOTECH_s01,122,100,125.33333333333333,2.15203857421875,0.11733858848736348
TOKYOTECH_s01,122,101,125.36666666666666,1.489006519317627,-0.13735582092658713
TOKYOTECH_s01,122,102,125.4,1.0410916805267334,-0.4068650816028916
TOKYOTECH_s01,122,103,125.43333333333334,0.5689992904663086,-0.6866344220655585
TOKYOTECH_s01,122,104,125.46666666666667,-0.0020872578024864197,-0.9578352645605549
TOKYOTECH_s01,122,105,125.5,-0.13656015694141388,-1.1873437790397363
TOKYOTECH_s01,122,106,125.53333333333333,0.06473573297262192,-1.3322946808082976
TOKYOTECH_s01,122,107,125.56666666666666,0.17180214822292328,-1.349685350363164
TOKYOTECH_s01,122,108,125.6,0.07241427153348923,-1.2098127612357268
TOKYOTECH_s01,122,109,125.63333333333334,-0.1173047423362732,-0.9098038812975345
TOKYOTECH_s01,122,110,125.66666666666667,-0.37794196605682373,-0.48167888201845693
TOKYOTECH_s01,122,111,125.7,-0.8181782960891724,0.01023034566235407
TOKYOTECH_s01,122,112,125.73333333333333,-1.0671205520629883,0.4842909566201236
TOKYOTECH_s01,122,113,125.76666666666667,-1.2342370748519897,0.8648411793410452
TOKYOTECH_s01,122,114,125.8,-1.199506402015686,1.1038388775578711
TOKYOTECH_s01,122,115,125.83333333333333,-1.181038498878479,1.1907793704175504
TOKYOTECH_s01,122,116,125.86666666666666,-1.1790696382522583,1.1478807813044187
TOKYOTECH_s01,122,117,125.9,-1.195608139038086,1.0156927368085187
TOKYOTECH_s01,122,118,125.93333333333334,-1.209193229675293,0.8368664990089424
TOKYOTECH_s01,122,119,125.96666666666667,-0.9183143377304077,0.6436742552367077
TOKYOTECH_s01,122,120,126.0,0.2804436683654785,0.4518844579931524
TOKYOTECH_s01,122,121,126.03333333333333,1.8409199714660645,0.2612418109921417
TOKYOTECH_s01,122,122,126.06666666666666,2.152904987335205,0.06104772070400039
TOKYOTECH_s01,122,123,126.1,1.5438588857650757,-0.16158877200748198
TOKYOTECH_s01,122,124,126.13333333333334,1.0295541286468506,-0.4132688691523138
TOKYOTECH_s01,122,125,126.16666666666667,0.596642017364502,-0.6875571360127228
TOKYOTECH_s01,122,126,126.2,0.005433774087578058,-0.961456358439936
TOKYOTECH_s01,122,127,126.23333333333333,-0.19283008575439453,-1.1961765694559363
TOKYOTECH_s01,122,128,126.26666666666667,-0.05067863687872887,-1.3427674937516239
TOKYOTECH_s01,122,129,126.3,0.115414097905159,-1.352504498013466
TOKYOTECH_s01,122,130,126.33333333333333,0.17570048570632935,-1.1908797842796333
TOKYOTECH_s01,122,131,126.36666666666666,-0.03815671056509018,-0.8522798310438564
TOKYOTECH_s01,122,132,126.4,-0.4930807054042816,-0.3702333065242271
TOKYOTECH_s01,122,133,126.43333333333334,-0.6931165456771851,0.18294626825898547
TOKYOTECH_s01,122,134,126.46666666666667,-0.9823415279388428,0.7112109869442397
TOKYOTECH_s01,122,135,126.5,-1.0709794759750366,1.1221036505224367
TOKYOTECH_s01,122,136,126.53333333333333,-1.0575518608093262,1.355410239335729
TOKYOTECH_s01,122,137,126.56666666666666,-1.0851552486419678,1.3991594229500564
TOKYOTECH_s01,122,138,126.6,-1.1445753574371338,1.2858941985784702
TOKYOTECH_s01,122,139,126.63333333333334,-1.1104353666305542,1.0731661011410676
TOKYOTECH_s01,122,140,126.66666666666667,-1.0353431701660156,0.8189592602165084
TOKYOTECH_s01,122,141,126.7,-0.5641958117485046,0.5628768659769089
TOKYOTECH_s01,122,142,126.73333333333333,0.8640914559364319,0.3193396152634123
TOKYOTECH_s01,122,143,126.76666666666667,2.144399404525757,0.08268576660031156
TOKYOTECH_s01,122,144,126.8,1.93203866481781,-0.16100358808312665
TOKYOTECH_s01,122,145,126.83333333333333,1.3928475379943848,-0.42182041187321456
TOKYOTECH_s01,122,146,126.86666666666666,1.0794843435287476,-0.6975881013971186
TOKYOTECH_s01,122,147,126.9,0.4776049554347992,-0.9698200735122463
TOKYOTECH_s01,122,148,126.93333333333334,0.12258073687553406,-1.2040217442461485
TOKYOTECH_s01,122,149,126.96666666666667,0.004173705819994211,-1.3548821985030117
TOKYOTECH_s01,122,150,127.0,0.10679050534963608,-1.3766325731146063
TOKYOTECH_s01,122,151,127.03333333333333,0.3048180937767029,-1.2370635469039448
TOKYOTECH_s01,122,152,127.06666666666666,0.19172698259353638,-0.9312366005057875
TOKYOTECH_s01,122,153,127.1,-0.13148051500320435,-0.4893271026073428
TOKYOTECH_s01,122,154,127.13333333333334,-0.42031174898147583,0.02615985957750236
TOKYOTECH_s01,122,155,127.16666666666667,-0.7018188834190369,0.5346142809894723
TOKYOTECH_s01,122,156,127.2,-0.8878757953643799,0.9581067501729089
TOKYOTECH_s01,122,157,127.23333333333333,-1.0280190706253052,1.2405034777225652
TOKYOTECH_s01,122,158,127.26666666666667,-0.9736785888671875,1.3583884289265868
TOKYOTECH_s01,122,159,127.3,-1.017347812652588,1.3217806794417326
TOKYOTECH_s01,122,160,127.33333333333333,-0.9739148616790771,1.1662882257222278
TOKYOTECH_s01,122,161,127.36666666666666,-1.0455812215805054,0.940071841852106
TOKYOTECH_s01,122,162,127.4,-0.7646647691726685,0.6894490414641166
TOKYOTECH_s01,122,163,127.43333333333334,0.5852226614952087,0.44691306720653823
TOKYOTECH_s01,122,164,127.46666666666667,2.0226848125457764,0.22493338196969087
TOKYOTECH_s01,122,165,127.5,2.1392412185668945,0.017362697107569446
TOKYOTECH_s01,122,166,127.53333333333333,1.424861192703247,-0.19260033950890812
TOKYOTECH_s01,122,167,127.56666666666666,1.0528655052185059,-0.42143347084939214
TOKYOTECH_s01,122,168,127.6,0.6485410928726196,-0.6752525112917418
TOKYOTECH_s01,122,169,127.63333333333334,0.22874148190021515,-0.9433256072207388
TOKYOTECH_s01,122,170,127.66666666666667,0.03925872966647148,-1.1960995307598532
TOKYOTECH_s01,122,171,127.7,0.11234268546104431,-1.388009440010916
TOKYOTECH_s01,122,172,127.73333333333333,0.3921959400177002,-1.4656698088172442
TOKYOTECH_s01,122,173,127.76666666666667,0.2958401143550873,-1.381695174077674
TOKYOTECH_s01,122,174,127.8,-0.048197876662015915,-1.1119910942767908
TOKYOTECH_s01,122,175,127.83333333333333,-0.4118063151836395,-0.6707628978256399
TOKYOTECH_s01,122,176,127.86666666666666,-0.6200719475746155,-0.11536756323521949
TOKYOTECH_s01,122,177,127.9,-0.8512550592422485,0.4643945117672749
TOKYOTECH_s01,122,178,127.93333333333334,-0.98056960105896,0.9705348655478
TOKYOTECH_s01,122,179,127.96666666666667,-1.0256563425064087,1.325006796327793
TOKYOTECH_s01,122,180,128.0,-0.9575733542442322,1.489630869773326
TOKYOTECH_s01,122,181,128.03333333333333,-1.0443998575210571,1.4702121353600583
TOKYOTECH_s01,122,182,128.06666666666666,-1.0388083457946777,1.3058497096054034
TOKYOTECH_s01,122,183,128.1,-1.0752321481704712,1.0510888872951694
TOKYOTECH_s01,122,184,128.13333333333333,-0.8518063426017761,0.7590409751925715
TOKYOTECH_s01,122,185,128.16666666666666,0.28280627727508545,0.46995760004345977
TOKYOTECH_s01,122,186,128.2,1.850055456161499,0.2061982378218458
TOKYOTECH_s01,122,187,128.23333333333332,2.2643423080444336,-0.027391821130298918
TOKYOTECH_s01,122,188,128.26666666666668,1.692625641822815,-0.23928085590138282
TOKYOTECH_s01,122,189,128.3,1.2329370975494385,-0.44461953390028075
TOKYOTECH_s01,122,190,128.33333333333334,0.8252262473106384,-0.6572002417394773
TOKYOTECH_s01,122,191,128.36666666666667,0.39235344529151917,-0.8811510882290476
TOKYOTECH_s01,122,192,128.4,0.25410035252571106,-1.1042453963342345
TOKYOTECH_s01,122,193,128.43333333333334,0.22547318041324615,-1.2952799668156896
TOKYOTECH_s01,122,194,128.46666666666667,0.29816335439682007,-1.4075654758101306
TOKYOTECH_s01,122,195,128.5,0.25445476174354553,-1.3892267936314426
TOKYOTECH_s01,122,196,128.53333333333333,0.1133664920926094,-1.1990729086166683
TOKYOTECH_s01,122,197,128.56666666666666,-0.19255444407463074,-0.8242845872694077
TOKYOTECH_s01,122,198,128.6,-0.5717561841011047,-0.2936311283850527
TOKYOTECH_s01,122,199,128.63333333333333,-0.6529124975204468,0.3209334384328295
TOKYOTECH_s01,122,200,128.66666666666666,-0.8672028183937073,0.9187550026029113
TOKYOTECH_s01,122,201,128.7,-1.0231362581253052,1.3984919943818577
TOKYOTECH_s01,122,202,128.73333333333332,-0.9842316508293152,1.6884853629626528
TOKYOTECH_s01,122,203,128.76666666666668,-1.0102993249893188,1.765309274372131
TOKYOTECH_s01,122,204,128.8,-1.008251667022705,1.6530257715672616
TOKYOTECH_s01,122,205,128.83333333333334,-1.024908185005188,1.4064476289190824
TOKYOTECH_s01,122,206,128.86666666666667,-1.1648545265197754,1.0884397280832785
TOKYOTECH_s01,122,207,128.9,-0.9425706267356873,0.7513950781306442
TOKYOTECH_s01,122,208,128.93333333333334,0.2631177306175232,0.42838359317034835
TOKYOTECH_s01,122,209,128.96666666666667,1.766851544380188,0.13365329265274647
TOKYOTECH_s01,122,210,129.0,2.2313835620880127,-0.13158379525938046
TOKYOTECH_s01,122,211,129.03333333333333,1.7446823120117188,-0.37256905538914575
TOKYOTECH_s01,122,212,129.06666666666666,1.3011776208877563,-0.5960107543244971
TOKYOTECH_s01,122,213,129.1,0.8966169953346252,-0.8066896991079454
TOKYOTECH_s01,122,214,129.13333333333333,0.31237849593162537,-1.0047910678310497
TOKYOTECH_s01,122,215,129.16666666666666,0.1971610188484192,-1.1836871650644578
TOKYOTECH_s01,122,216,129.2,0.39337727427482605,-1.328811391880635
TOKYOTECH_s01,122,217,129.23333333333332,0.352740079164505,-1.4186024240541042
TOKYOTECH_s01,122,218,129.26666666666668,0.28906723856925964,-1.4280247186266497
TOKYOTECH_s01,122,219,129.3,0.06343628466129303,-1.3344690002985553
TOKYOTECH_s01,122,220,129.33333333333334,-0.27339568734169006,-1.1253479847331453
TOKYOTECH_s01,122,221,129.36666666666667,-0.6485022306442261,-0.805877178493001
TOKYOTECH_s01,122,222,129.4,-0.7632471919059753,-0.40413774816458076
TOKYOTECH_s01,122,223,129.43333333333334,-1.0053378343582153,0.03017606723747414
TOKYOTECH_s01,122,224,129.46666666666667,-1.0537322759628296,0.43540691180788044
TOKYOTECH_s01,122,225,129.5,-0.9534387588500977,0.7540466339267163
TOKYOTECH_s01,122,226,129.53333333333333,-1.086966633796692,0.9487411757551535
TOKYOTECH_s01,122,227,129.56666666666666,-1.0109293460845947,1.0104906534528817
TOKYOTECH_s01,122,228,129.6,-0.9607628583908081,0.9558085069944238
TOKYOTECH_s01,122,229,129.63333333333333,-1.0379420518875122,0.8160964302136436
TOKYOTECH_s01,122,230,129.66666666666666,-1.1312264204025269,0.6259980190473294
TOKYOTECH_s01,122,231,129.7,-1.242978811264038,0.41626155281944566
TOKYOTECH_s01,122,232,129.73333333333332,-1.0788154602050781,0.21223571634158753
TOKYOTECH_s01,122,233,129.76666666666668,0.2187790721654892,0.035234633339727706
TOKYOTECH_s01,122,234,129.8,1.7667728662490845,-0.09659923978672513
TOKYOTECH_s01,122,235,129.83333333333334,2.322147846221924,-0.16941988766150765
TOKYOTECH_s01,122,236,129.86666666666667,1.819026231765747,-0.1762027317392369
TOKYOTECH_s01,122,237,129.9,1.3552030324935913,-0.11908897995852677
TOKYOTECH_s01,122,238,129.93333333333334,0.8246749639511108,-0.010178817060340111
TOKYOTECH_s01,122,239,129.96666666666667,0.42936795949935913,0.12981235871665137
TOKYOTECH_s01,123,0,123.0,-1.2464045286178589,-0.09426582695108845
TOKYOTECH_s01,123,1,123.03333333333333,-1.0809024572372437,-0.1543589363289892
TOKYOTECH_s01,123,2,123.06666666666666,-0.038038577884435654,-0.21618141790743187
TOKYOTECH_s01,123,3,123.1,1.5298012495040894,-0.28555733370271025
TOKYOTECH_s01,123,4,123.13333333333334,1.8554106950759888,-0.36948753277187885
TOKYOTECH_s01,123,5,123.16666666666667,1.3103525638580322,-0.4746350743370782
TOKYOTECH_s01,123,6,123.2,0.8716912865638733,-0.6042707930455145
TOKYOTECH_s01,123,7,123.23333333333333,0.40711987018585205,-0.7544574801037972
TOKYOTECH_s01,123,8,123.26666666666667,0.03173769637942314,-0.9102930783088031
TOKYOTECH_s01,123,9,123.3,-0.16550235450267792,-1.0434279893494984
TOKYOTECH_s01,123,10,123.33333333333333,-0.04166127368807793,-1.113337121592932
TOKYOTECH_s01,123,11,123.36666666666666,0.04650412127375603,-1.0751053290184553
TOKYOTECH_s01,123,12,123.4,-0.03473090007901192,-0.893981917209179
TOKYOTECH_s01,123,13,123.43333333333334,-0.26638656854629517,-0.5624660794150348
TOKYOTECH_s01,123,14,123.46666666666667,-0.5473030209541321,-0.11193013818924505
TOKYOTECH_s01,123,15,123.5,-0.8028212189674377,0.38902797853539955
TOKYOTECH_s01,123,16,123.53333333333333,-1.0189229249954224,0.8518885567831992
TOKYOTECH_s01,123,17,123.56666666666666,-1.2367178201675415,1.1953054550651667
TOKYOTECH_s01,123,18,123.6,-1.2683770656585693,1.369897166845386
TOKYOTECH_s01,123,19,123.63333333333334,-1.1943479776382446,1.3694420830649843
TOKYOTECH_s01,123,20,123.66666666666667,-1.1715880632400513,1.2255138217648909
TOKYOTECH_s01,123,21,123.7,-1.1003941297531128,0.9913211980862583
TOKYOTECH_s01,123,22,123.73333333333333,-1.1199252605438232,0.7229488612933987
TOKYOTECH_s01,123,23,123.76666666666667,-0.9712371826171875,0.46380470003225555
TOKYOTECH_s01,123,24,123.8,0.1410486102104187,0.2353903816402935
TOKYOTECH_s01,123,25,123.83333333333333,1.6712439060211182,0.03588102927760176
TOKYOTECH_s01,123,26,123.86666666666666,1.967674970626831,-0.1533787443767365
TOKYOTECH_s01,123,27,123.9,1.4055269956588745,-0.35540515230963265
TOKYOTECH_s01,123,28,123.93333333333334,0.7889599204063416,-0.5836140606432365
TOKYOTECH_s01,123,29,123.96666666666667,0.36073362827301025,-0.8318895040021946
TOKYOTECH_s01,123,30,124.0,-0.07985708862543106,-1.0723253234969754
TOKYOTECH_s01,123,31,124.03333333333333,-0.1645572930574417,-1.2609004667778905
TOKYOTECH_s01,123,32,124.06666666666666,0.07469815015792847,-1.3486996935435955
TOKYOTECH_s01,123,33,124.1,0.16160348057746887,-1.2951776181624877
TOKYOTECH_s01,123,34,124.13333333333334,0.07521004974842072,-1.0801178439108183
TOKYOTECH_s01,123,35,124.16666666666667,-0.3308863043785095,-0.7117913149085893
TOKYOTECH_s01,123,36,124.2,-0.564786434173584,-0.22966584383699362
TOKYOTECH_s01,123,37,124.23333333333333,-0.8428677320480347,0.2998258700400563
TOKYOTECH_s01,123,38,124.26666666666667,-1.0587332248687744,0.7958785878134228
TOKYOTECH_s01,123,39,124.3,-1.1588692665100098,1.1831263915814345
TOKYOTECH_s01,123,40,124.33333333333333,-1.1784790754318237,1.4121893029304826
TOKYOTECH_s01,123,41,124.36666666666666,-1.0835013389587402,1.471596062696332
TOKYOTECH_s01,123,42,124.4,-1.118940830230713,1.385591934535189
TOKYOTECH_s01,123,43,124.43333333333334,-1.111183524131775,1.1999356008846735
TOKYOTECH_s01,123,44,124.46666666666667,-1.116302490234375,0.9633500799253631
TOKYOTECH_s01,123,45,124.5,-0.8902384638786316,0.7128911238519772
TOKYOTECH_s01,123,46,124.53333333333333,0.35734719038009644,0.4676489527121057
TOKYOTECH_s01,123,47,124.56666666666666,1.85056734085083,0.23019720819194675
TOKYOTECH_s01,123,48,124.6,1.9642884731292725,-0.007598766701333963
TOKYOTECH_s01,123,49,124.63333333333334,1.285190463066101,-0.25759102590527727
TOKYOTECH_s01,123,50,124.66666666666667,0.8441272974014282,-0.528477944669866
TOKYOTECH_s01,123,51,124.7,0.4204293489456177,-0.8191300553894799
TOKYOTECH_s01,123,52,124.73333333333333,0.059577327221632004,-1.1129383148628926
TOKYOTECH_s01,123,53,124.76666666666667,-0.17444096505641937,-1.3755848116926654
TOKYOTECH_s01,123,54,124.8,-0.07784885913133621,-1.558979257399071
TOKYOTECH_s01,123,55,124.83333333333333,0.2387038916349411,-1.6122154772543635
TOKYOTECH_s01,123,56,124.86666666666666,0.09355979412794113,-1.496966920799402
TOKYOTECH_s01,123,57,124.9,-0.25858989357948303,-1.2021120506316758
TOKYOTECH_s01,123,58,124.93333333333334,-0.5286382436752319,-0.7523251059198575
TOKYOTECH_s01,123,59,124.96666666666667,-0.7944732308387756,-0.20702379193820009
TOKYOTECH_s01,123,60,125.0,-1.0550317764282227,0.3517176229796915
TOKYOTECH_s01,123,61,125.03333333333333,-1.1684378385543823,0.8400542050855728
TOKYOTECH_s01,123,62,125.06666666666666,-1.1040562391281128,1.1949658588400578
TOKYOTECH_s01,123,63,125.1,-1.1533170938491821,1.3892447070370333
TOKYOTECH_s01,123,64,125.13333333333334,-1.1872994899749756,1.4329199709332767
TOKYOTECH_s01,123,65,125.16666666666667,-1.0928337574005127,1.3618105500494697
TOKYOTECH_s01,123,66,125.2,-1.0733420848846436,1.219438194680811
TOKYOTECH_s01,123,67,125.23333333333333,-0.8849225044250488,1.040454761939605
TOKYOTECH_s01,123,68,125.26666666666667,0.3256092369556427,0.8417571885485992
TOKYOTECH_s01,123,69,125.3,1.8429676294326782,0.6231395469089805
TOKYOTECH_s01,123,70,125.33333333333333,2.15203857421875,0.37505034991199426
TOKYOTECH_s01,123,71,125.36666666666666,1.489006519317627,0.08883206376823695
TOKYOTECH_s01,123,72,125.4,1.0410916805267334,-0.23463479580568236
TOKYOTECH_s01,123,73,125.43333333333334,0.5689992904663086,-0.5799752425303246
TOKYOTECH_s01,123,74,125.46666666666667,-0.0020872578024864197,-0.916507732810299
TOKYOTECH_s01,123,75,125.5,-0.13656015694141388,-1.2014861377534756
TOKYOTECH_s01,123,76,125.53333333333333,0.06473573297262192,-1.3874311339094576
TOKYOTECH_s01,123,77,125.56666666666666,0.17180214822292328,-1.4332122661508715
TOKYOTECH_s01,123,78,125.6,0.07241427153348923,-1.316930643713056
TOKYOTECH_s01,123,79,125.63333333333334,-0.1173047423362732,-1.0465123404260699
TOKYOTECH_s01,123,80,125.66666666666667,-0.37794196605682373,-0.6628452647282363
TOKYOTECH_s01,123,81,125.7,-0.8181782960891724,-0.2317635603770596
TOKYOTECH_s01,123,82,125.73333333333333,-1.0671205520629883,0.17441931812957281
TOKYOTECH_s01,123,83,125.76666666666667,-1.2342370748519897,0.49923938997775835
TOKYOTECH_s01,123,84,125.8,-1.199506402015686,0.7176838673992879
TOKYOTECH_s01,123,85,125.83333333333333,-1.181038498878479,0.8369429290182819
TOKYOTECH_s01,123,86,125.86666666666666,-1.1790696382522583,0.8834498785748477
TOKYOTECH_s01,123,87,125.9,-1.195608139038086,0.8855782318568228
TOKYOTECH_s01,123,88,125.93333333333334,-1.209193229675293,0.8614469624932894
TOKYOTECH_s01,123,89,125.96666666666667,-0.9183143377304077,0.8154132900338598
TOKYOTECH_s01,123,90,126.0,0.2804436683654785,0.7411773621086686
TOKYOTECH_s01,123,91,126.03333333333333,1.8409199714660645,0.6273521218806324
TOKYOTECH_s01,123,92,126.06666666666666,2.152904987335205,0.46279607146980717
TOKYOTECH_s01,123,93,126.1,1.5438588857650757,0.24127520510213551
TOKYOTECH_s01,123,94,126.13333333333334,1.0295541286468506,-0.03435784186224133
TOKYOTECH_s01,123,95,126.16666666666667,0.596642017364502,-0.34892612396440426
TOKYOTECH_s01,123,96,126.2,0.005433774087578058,-0.6735621621622018
TOKYOTECH_s01,123,97,126.23333333333333,-0.19283008575439453,-0.9671473766848383
TOKYOTECH_s01,123,98,126.26666666666667,-0.05067863687872887,-1.1812772410619314
TOKYOTECH_s01,123,99,126.3,0.115414097905159,-1.268982834432048
TOKYOTECH_s01,123,100,126.33333333333333,0.17570048570632935,-1.196462142399052
TOKYOTECH_s01,123,101,126.36666666666666,-0.03815671056509018,-0.9555033113154838
TOKYOTECH_s01,123,102,126.4,-0.4930807054042816,-0.5724536164816332
TOKYOTECH_s01,123,103,126.43333333333334,-0.6931165456771851,-0.10843752791088888
TOKYOTECH_s01,123,104,126.46666666666667,-0.9823415279388428,0.35328890300166
TOKYOTECH_s01,123,105,126.5,-1.0709794759750366,0.7314156645668756
TOKYOTECH_s01,123,106,126.53333333333333,-1.0575518608093262,0.9723156240240715
TOKYOTECH_s01,123,107,126.56666666666666,-1.0851552486419678,1.0642079212871376
TOKYOTECH_s01,123,108,126.6,-1.1445753574371338,1.032956654199272
TOKYOTECH_s01,123,109,126.63333333333334,-1.1104353666305542,0.9235050604711866
TOKYOTECH_s01,123,110,126.66666666666667,-1.0353431701660156,0.7776136530255935
TOKYOTECH_s01,123,111,126.7,-0.5641958117485046,0.6184378816884659
TOKYOTECH_s01,123,112,126.73333333333333,0.8640914559364319,0.44736966253464994
TOKYOTECH_s01,123,113,126.76666666666667,2.144399404525757,0.2518705830408032
TOKYOTECH_s01,123,114,126.8,1.93203866481781,0.01825740982841889
TOKYOTECH_s01,123,115,126.83333333333333,1.3928475379943848,-0.2571242201937904
TOKYOTECH_s01,123,116,126.86666666666666,1.0794843435287476,-0.5616271022370726
TOKYOTECH_s01,123,117,126.9,0.4776049554347992,-0.8649016493604506
TOKYOTECH_s01,123,118,126.93333333333334,0.12258073687553406,-1.1219079909176963
TOKYOTECH_s01,123,119,126.96666666666667,0.004173705819994211,-1.2807672245941009
TOKYOTECH_s01,123,120,127.0,0.10679050534963608,-1.2952962897933329
TOKYOTECH_s01,123,121,127.03333333333333,0.3048180937767029,-1.139831019615876
TOKYOTECH_s01,123,122,127.06666666666666,0.19172698259353638,-0.8215516033548035
TOKYOTECH_s01,123,123,127.1,-0.13148051500320435,-0.3845660768123981
TOKYOTECH_s01,123,124,127.13333333333334,-0.42031174898147583,0.09825168384581225
TOKYOTECH_s01,123,125,127.16666666666667,-0.7018188834190369,0.5446727940004478
TOKYOTECH_s01,123,126,127.2,-0.8878757953643799,0.8863944139589537
TOKYOTECH_s01,123,127,127.23333333333333,-1.0280190706253052,1.086154795126928
TOKYOTECH_s01,123,128,127.26666666666667,-0.9736785888671875,1.1426308376409136
TOKYOTECH_s01,123,129,127.3,-1.017347812652588,1.0837471527174338
TOKYOTECH_s01,123,130,127.33333333333333,-0.9739148616790771,0.9530608313217296
TOKYOTECH_s01,123,131,127.36666666666666,-1.0455812215805054,0.7944423894629178
TOKYOTECH_s01,123,132,127.4,-0.7646647691726685,0.6391568441485911
TOKYOTECH_s01,123,133,127.43333333333334,0.5852226614952087,0.49821830229632885
TOKYOTECH_s01,123,134,127.46666666666667,2.0226848125457764,0.361949763351508
TOKYOTECH_s01,123,135,127.5,2.1392412185668945,0.20701154761659907
TOKYOTECH_s01,123,136,127.53333333333333,1.424861192703247,0.00833012785812692
TOKYOTECH_s01,123,137,127.56666666666666,1.0528655052185059,-0.24871827052308168
TOKYOTECH_s01,123,138,127.6,0.6485410928726196,-0.5599981324364138
TOKYOTECH_s01,123,139,127.63333333333334,0.22874148190021515,-0.8999155818401864
TOKYOTECH_s01,123,140,127.66666666666667,0.03925872966647148,-1.2237994281796647
TOKYOTECH_s01,123,141,127.7,0.11234268546104431,-1.4742330612225014
TOKYOTECH_s01,123,142,127.73333333333333,0.3921959400177002,-1.5911832819804912
TOKYOTECH_s01,123,143,127.76666666666667,0.2958401143550873,-1.5261095018527435
TOKYOTECH_s01,123,144,127.8,-0.048197876662015915,-1.2581454355074635
TOKYOTECH_s01,123,145,127.83333333333333,-0.4118063151836395,-0.806936289003547
TOKYOTECH_s01,123,146,127.86666666666666,-0.6200719475746155,-0.23475969416103415
TOKYOTECH_s01,123,147,127.9,-0.8512550592422485,0.3666538519133703
TOKYOTECH_s01,123,148,127.93333333333334,-0.98056960105896,0.901515265957255
TOKYOTECH_s01,123,149,127.96666666666667,-1.0256563425064087,1.2970257161647165
TOKYOTECH_s01,123,150,128.0,-0.9575733542442322,1.5199701947031534
TOKYOTECH_s01,123,151,128.03333333333333,-1.0443998575210571,1.5765517209587183
TOKYOTECH_s01,123,152,128.06666666666666,-1.0388083457946777,1.498842154767249
TOKYOTECH_s01,123,153,128.1,-1.0752321481704712,1.327561480377935
TOKYOTECH_s01,123,154,128.13333333333333,-0.8518063426017761,1.0993646394553072
TOKYOTECH_s01,123,155,128.16666666666666,0.28280627727508545,0.8409450428244095
TOKYOTECH_s01,123,156,128.2,1.850055456161499,0.5680078713920484
TOKYOTECH_s01,123,157,128.23333333333332,2.2643423080444336,0.2864615068525505
TOKYOTECH_s01,123,158,128.26666666666668,1.692625641822815,-0.00524195571870826
TOKYOTECH_s01,123,159,128.3,1.2329370975494385,-0.31214396196462124
TOKYOTECH_s01,123,160,128.33333333333334,0.8252262473106384,-0.6368635409487984
TOKYOTECH_s01,123,161,128.36666666666667,0.39235344529151917,-0.9727988335551103
TOKYOTECH_s01,123,162,128.4,0.25410035252571106,-1.2987782040547584
TOKYOTECH_s01,123,163,128.43333333333334,0.22547318041324615,-1.5777200506112885
TOKYOTECH_s01,123,164,128.46666666666667,0.29816335439682007,-1.7609074755104368
TOKYOTECH_s01,123,165,128.5,0.25445476174354553,-1.7979183091329853
TOKYOTECH_s01,123,166,128.53333333333333,0.1133664920926094,-1.6506530618964546
TOKYOTECH_s01,123,167,128.56666666666666,-0.19255444407463074,-1.308229904043022
TOKYOTECH_s01,123,168,128.6,-0.5717561841011047,-0.7978214856704262
TOKYOTECH_s01,123,169,128.63333333333333,-0.6529124975204468,-0.18561430229216305
TOKYOTECH_s01,123,170,128.66666666666666,-0.8672028183937073,0.4363733791717384
TOKYOTECH_s01,123,171,128.7,-1.0231362581253052,0.9758807573292299
TOKYOTECH_s01,123,172,128.73333333333332,-0.9842316508293152,1.3679188061342056
TOKYOTECH_s01,123,173,128.76666666666668,-1.0102993249893188,1.5901630956984913
TOKYOTECH_s01,123,174,128.8,-1.008251667022705,1.6590400929242919
TOKYOTECH_s01,123,175,128.83333333333334,-1.024908185005188,1.6110732832427963
TOKYOTECH_s01,123,176,128.86666666666667,-1.1648545265197754,1.4816204548547742
TOKYOTECH_s01,123,177,128.9,-0.9425706267356873,1.2924726497505612
TOKYOTECH_s01,123,178,128.93333333333334,0.2631177306175232,1.0524110469618257
TOKYOTECH_s01,123,179,128.96666666666667,1.766851544380188,0.766269714687163
TOKYOTECH_s01,123,180,129.0,2.2313835620880127,0.44393989607328943
TOKYOTECH_s01,123,181,129.03333333333333,1.7446823120117188,0.102904242752919
TOKYOTECH_s01,123,182,129.06666666666666,1.3011776208877563,-0.2359557228936796
TOKYOTECH_s01,123,183,129.1,0.8966169953346252,-0.5545582117519485
TOKYOTECH_s01,123,184,129.13333333333333,0.31237849593162537,-0.840993318242756
TOKYOTECH_s01,123,185,129.16666666666666,0.1971610188484192,-1.0884491734384907
TOKYOTECH_s01,123,186,129.2,0.39337727427482605,-1.2910877273914596
TOKYOTECH_s01,123,187,129.23333333333332,0.352740079164505,-1.4395124176482132
TOKYOTECH_s01,123,188,129.26666666666668,0.28906723856925964,-1.5181494498713448
TOKYOTECH_s01,123,189,129.3,0.06343628466129303,-1.5060198423311097
TOKYOTECH_s01,123,190,129.33333333333334,-0.27339568734169006,-1.3816798272402264
TOKYOTECH_s01,123,191,129.36666666666667,-0.6485022306442261,-1.1318946726379369
TOKYOTECH_s01,123,192,129.4,-0.7632471919059753,-0.7613948501375569
TOKYOTECH_s01,123,193,129.43333333333334,-1.0053378343582153,-0.2989816227947532
TOKYOTECH_s01,123,194,129.46666666666667,-1.0537322759628296,0.20472470078670577
TOKYOTECH_s01,123,195,129.5,-0.9534387588500977,0.6889197941896749
TOKYOTECH_s01,123,196,129.53333333333333,-1.086966633796692,1.0985241468359117
TOKYOTECH_s01,123,197,129.56666666666666,-1.0109293460845947,1.395874225273523
TOKYOTECH_s01,123,198,129.6,-0.9607628583908081,1.5628451092511775
TOKYOTECH_s01,123,199,129.63333333333333,-1.0379420518875122,1.5950548546789536
TOKYOTECH_s01,123,200,129.66666666666666,-1.1312264204025269,1.4950348714494996
TOKYOTECH_s01,123,201,129.7,-1.242978811264038,1.2707387217441881
TOKYOTECH_s01,123,202,129.73333333333332,-1.0788154602050781,0.9398281638996401
TOKYOTECH_s01,123,203,129.76666666666668,0.2187790721654892,0.5344424661840668
TOKYOTECH_s01,123,204,129.8,1.7667728662490845,0.10076490878854372
TOKYOTECH_s01,123,205,129.83333333333334,2.322147846221924,-0.30823722058987457
TOKYOTECH_s01,123,206,129.86666666666667,1.819026231765747,-0.6440126484391863
TOKYOTECH_s01,123,207,129.9,1.3552030324935913,-0.8727725627029299
TOKYOTECH_s01,123,208,129.93333333333334,0.8246749639511108,-0.9815684595090057
TOKYOTECH_s01,123,209,129.96666666666667,0.42936795949935913,-0.9792247537407632
TOKYOTECH_s01,123,210,130.0,0.22314992547035217,-0.8926234188899794
TOKYOTECH_s01,123,211,130.03333333333333,0.3545908033847809,-0.7591029709086853
TOKYOTECH_s01,123,212,130.06666666666666,0.38357236981391907,-0.6161034042303245
TOKYOTECH_s01,123,213,130.1,0.4633110463619232,-0.4903132082042841
TOKYOTECH_s01,123,214,130.13333333333333,0.19330206513404846,-0.3899529295233505
TOKYOTECH_s01,123,215,130.16666666666666,-0.11923421919345856,-0.30375786048350323
TOKYOTECH_s01,123,216,130.2,-0.45953139662742615,-0.2077321673361513
TOKYOTECH_s01,123,217,130.23333333333332,-0.6992987394332886,-0.07732179448588812
TOKYOTECH_s01,123,218,130.26666666666668,-0.7635622024536133,0.09963270586549856
TOKYOTECH_s01,123,219,130.3,-0.9066587090492249,0.31435975656864734
TOKYOTECH_s01,123,220,130.33333333333334,-0.8703529834747314,0.5370603845016647
TOKYOTECH_s01,123,221,130.36666666666667,-0.9131953120231628,0.725953144982168
TOKYOTECH_s01,123,222,130.4,-0.9116201996803284,0.8415180507806445
TOKYOTECH_s01,123,223,130.43333333333334,-0.959030270576477,0.8593540855078201
TOKYOTECH_s01,123,224,130.46666666666667,-0.9277648329734802,0.7766881476312693
TOKYOTECH_s01,123,225,130.5,-1.0390839576721191,0.6114592873509324
TOKYOTECH_s01,123,226,130.53333333333333,-1.0916130542755127,0.39583942004307926
TOKYOTECH_s01,123,227,130.56666666666666,-0.7277684211730957,0.1670659367447102
TOKYOTECH_s01,123,228,130.6,0.5771896839141846,-0.04176953347655285
TOKYOTECH_s01,123,229,130.63333333333333,2.116638660430908,-0.2087334957315827
TOKYOTECH_s01,123,230,130.66666666666666,2.4125185012817383,-0.3258481114888544
TOKYOTECH_s01,123,231,130.7,1.7957149744033813,-0.3968037800345373
TOKYOTECH_s01,123,232,130.73333333333332,1.2680615186691284,-0.4312221817046718
TOKYOTECH_s01,123,233,130.76666666666668,0.9665114283561707,-0.4389056892491209
TOKYOTECH_s01,123,234,130.8,0.3918415606021881,-0.4267373628889101
TOKYOTECH_s01,123,235,130.83333333333334,0.3304526209831238,-0.3985595123993337
TOKYOTECH_s01,123,236,130.86666666666667,0.38672253489494324,-0.3565656886818114
TOKYOTECH_s01,123,237,130.9,0.42751723527908325,-0.30251445949399725
TOKYOTECH_s01,123,238,130.93333333333334,0.3581741154193878,-0.2381427796257125
TOKYOTECH_s01,123,239,130.96666666666667,0.03453347459435463,-0.1652661409975319
TOKYOTECH_s01,124,0,124.0,-0.07985708862543106,0.1060275097952625
TOKYOTECH_s01,124,1,124.03333333333333,-0.1645572930574417,-0.18966815124742548
TOKYOTECH_s01,124,2,124.06666666666666,0.07469815015792847,-0.4198528027743156
TOKYOTECH_s01,124,3,124.1,0.16160348057746887,-0.5289606685242981
TOKYOTECH_s01,124,4,124.13333333333334,0.07521004974842072,-0.4844841412571491
TOKYOTECH_s01,124,5,124.16666666666667,-0.3308863043785095,-0.2854920938125447
TOKYOTECH_s01,124,6,124.2,-0.564786434173584,0.034217879466089986
TOKYOTECH_s01,124,7,124.23333333333333,-0.8428677320480347,0.4106903173804194
TOKYOTECH_s01,124,8,124.26666666666667,-1.0587332248687744,0.7635252530848577
TOKYOTECH_s01,124,9,124.3,-1.1588692665100098,1.0169827688908093
TOKYOTECH_s01,124,10,124.33333333333333,-1.1784790754318237,1.1215100604641282
TOKYOTECH_s01,124,11,124.36666666666666,-1.0835013389587402,1.066340905683457
TOKYOTECH_s01,124,12,124.4,-1.118940830230713,0.877905911503818
TOKYOTECH_s01,124,13,124.43333333333334,-1.111183524131775,0.60612499475667
TOKYOTECH_s01,124,14,124.46666666666667,-1.116302490234375,0.3057761698941309
TOKYOTECH_s01,124,15,124.5,-0.8902384638786316,0.020813294745679795
TOKYOTECH_s01,124,16,124.53333333333333,0.35734719038009644,-0.22355441305354087
TOKYOTECH_s01,124,17,124.56666666666666,1.85056734085083,-0.4207105229763947
TOKYOTECH_s01,124,18,124.6,1.9642884731292725,-0.5774456790071795
TOKYOTECH_s01,124,19,124.63333333333334,1.285190463066101,-0.7073535048500107
TOKYOTECH_s01,124,20,124.66666666666667,0.8441272974014282,-0.8245462832587641
TOKYOTECH_s01,124,21,124.7,0.4204293489456177,-0.9375825385857336
TOKYOTECH_s01,124,22,124.73333333333333,0.059577327221632004,-1.0437542559911965
TOKYOTECH_s01,124,23,124.76666666666667,-0.17444096505641937,-1.125536281290494
TOKYOTECH_s01,124,24,124.8,-0.07784885913133621,-1.151982926274955
TOKYOTECH_s01,124,25,124.83333333333333,0.2387038916349411,-1.0867137690495015
TOKYOTECH_s01,124,26,124.86666666666666,0.09355979412794113,-0.9010003210401859
TOKYOTECH_s01,124,27,124.9,-0.25858989357948303,-0.5874382301322629
TOKYOTECH_s01,124,28,124.93333333333334,-0.5286382436752319,-0.16878307642031717
TOKYOTECH_s01,124,29,124.96666666666667,-0.7944732308387756,0.30232082270735916
TOKYOTECH_s01,124,30,125.0,-1.0550317764282227,0.7544482243128562
TOKYOTECH_s01,124,31,125.03333333333333,-1.1684378385543823,1.1168543838949816
TOKYOTECH_s01,124,32,125.06666666666666,-1.1040562391281128,1.3399204615244098
TOKYOTECH_s01,124,33,125.1,-1.1533170938491821,1.4076610868278865
TOKYOTECH_s01,124,34,125.13333333333334,-1.1872994899749756,1.3375450273438736
TOKYOTECH_s01,124,35,125.16666666666667,-1.0928337574005127,1.1693995210429813
TOKYOTECH_s01,124,36,125.2,-1.0733420848846436,0.9493135129486376
TOKYOTECH_s01,124,37,125.23333333333333,-0.8849225044250488,0.7150314371918339
TOKYOTECH_s01,124,38,125.26666666666667,0.3256092369556427,0.48743999918934955
TOKYOTECH_s01,124,39,125.3,1.8429676294326782,0.26973999139767585
TOKYOTECH_s01,124,40,125.33333333333333,2.15203857421875,0.05300726044632477
TOKYOTECH_s01,124,41,125.36666666666666,1.489006519317627,-0.17492561665834833
TOKYOTECH_s01,124,42,125.4,1.0410916805267334,-0.42060226049791083
TOKYOTECH_s01,124,43,125.43333333333334,0.5689992904663086,-0.6785509339022919
TOKYOTECH_s01,124,44,125.46666666666667,-0.0020872578024864197,-0.9286002463830093
TOKYOTECH_s01,124,45,125.5,-0.13656015694141388,-1.1373357285126064
TOKYOTECH_s01,124,46,125.53333333333333,0.06473573297262192,-1.263925335811731
TOKYOTECH_s01,124,47,125.56666666666666,0.17180214822292328,-1.2701358115510744
TOKYOTECH_s01,124,48,125.6,0.07241427153348923,-1.1329878288467123
TOKYOTECH_s01,124,49,125.63333333333334,-0.1173047423362732,-0.8564023906828818
TOKYOTECH_s01,124,50,125.66666666666667,-0.37794196605682373,-0.47659703337098264
TOKYOTECH_s01,124,51,125.7,-0.8181782960891724,-0.0566078563428087
TOKYOTECH_s01,124,52,125.73333333333333,-1.0671205520629883,0.3308426337378595
TOKYOTECH_s01,124,53,125.76666666666667,-1.2342370748519897,0.6265874252301914
TOKYOTECH_s01,124,54,125.8,-1.199506402015686,0.8033786588286016
TOKYOTECH_s01,124,55,125.83333333333333,-1.181038498878479,0.8695243656850288
TOKYOTECH_s01,124,56,125.86666666666666,-1.1790696382522583,0.8571143874743505
TOKYOTECH_s01,124,57,125.9,-1.195608139038086,0.8034523798307898
TOKYOTECH_s01,124,58,125.93333333333334,-1.209193229675293,0.7358251324235515
TOKYOTECH_s01,124,59,125.96666666666667,-0.9183143377304077,0.6648112427552528
TOKYOTECH_s01,124,60,126.0,0.2804436683654785,0.585626275344913
TOKYOTECH_s01,124,61,126.03333333333333,1.8409199714660645,0.4839915749288473
TOKYOTECH_s01,124,62,126.06666666666666,2.152904987335205,0.3432571368411004
TOKYOTECH_s01,124,63,126.1,1.5438588857650757,0.15120184975257683
TOKYOTECH_s01,124,64,126.13333333333334,1.0295541286468506,-0.09405641883658251
TOKYOTECH_s01,124,65,126.16666666666667,0.596642017364502,-0.3797041779334506
TOKYOTECH_s01,124,66,126.2,0.005433774087578058,-0.676584172337618
TOKYOTECH_s01,124,67,126.23333333333333,-0.19283008575439453,-0.9415311923731415
TOKYOTECH_s01,124,68,126.26666666666667,-0.05067863687872887,-1.12431702598863
TOKYOTECH_s01,124,69,126.3,0.115414097905159,-1.17865358036857
TOKYOTECH_s01,124,70,126.33333333333333,0.17570048570632935,-1.0754079828328145
TOKYOTECH_s01,124,71,126.36666666666666,-0.03815671056509018,-0.8148260759694087
TOKYOTECH_s01,124,72,126.4,-0.4930807054042816,-0.43332834662776537
TOKYOTECH_s01,124,73,126.43333333333334,-0.6931165456771851,-5.929444484866495e-05
TOKYOTECH_s01,124,74,126.46666666666667,-0.9823415279388428,0.3997452505508711
TOKYOTECH_s01,124,75,126.5,-1.0709794759750366,0.6915688617270457
TOKYOTECH_s01,124,76,126.53333333333333,-1.0575518608093262,0.83739613023799
TOKYOTECH_s01,124,77,126.56666666666666,-1.0851552486419678,0.8466495419752191
TOKYOTECH_s01,124,78,126.6,-1.1445753574371338,0.7662798981047977
TOKYOTECH_s01,124,79,126.63333333333334,-1.1104353666305542,0.6559208877181354
TOKYOTECH_s01,124,80,126.66666666666667,-1.0353431701660156,0.5609162401324415
TOKYOTECH_s01,124,81,126.7,-0.5641958117485046,0.49539972134600724
TOKYOTECH_s01,124,82,126.73333333333333,0.8640914559364319,0.4416117213249908
TOKYOTECH_s01,124,83,126.76666666666667,2.144399404525757,0.3635260022576886
TOKYOTECH_s01,124,84,126.8,1.93203866481781,0.22641848962603686
TOKYOTECH_s01,124,85,126.83333333333333,1.3928475379943848,0.012945140433266132
TOKYOTECH_s01,124,86,126.86666666666666,1.0794843435287476,-0.2690205269140966
TOKYOTECH_s01,124,87,126.9,0.4776049554347992,-0.5861597599063044
TOKYOTECH_s01,124,88,126.93333333333334,0.12258073687553406,-0.8850443172333495
TOKYOTECH_s01,124,89,126.96666666666667,0.004173705819994211,-1.102293356717336
TOKYOTECH_s01,124,90,127.0,0.10679050534963608,-1.1792738926471287
TOKYOTECH_s01,124,91,127.03333333333333,0.3048180937767029,-1.0793439165458716
TOKYOTECH_s01,124,92,127.06666666666666,0.19172698259353638,-0.802713256113911
TOKYOTECH_s01,124,93,127.1,-0.13148051500320435,-0.39230399013636785
TOKYOTECH_s01,124,94,127.13333333333334,-0.42031174898147583,0.07423337351550346
TOKYOTECH_s01,124,95,127.16666666666667,-0.7018188834190369,0.5055949981056038
TOKYOTECH_s01,124,96,127.2,-0.8878757953643799,0.8232923945036804
TOKYOTECH_s01,124,97,127.23333333333333,-1.0280190706253052,0.9826905257345597
TOKYOTECH_s01,124,98,127.26666666666667,-0.9736785888671875,0.9813503744478628
TOKYOTECH_s01,124,99,127.3,-1.017347812652588,0.854020288946063
TOKYOTECH_s01,124,100,127.33333333333333,-0.9739148616790771,0.6581770913841654
TOKYOTECH_s01,124,101,127.36666666666666,-1.0455812215805054,0.4554149713282333
TOKYOTECH_s01,124,102,127.4,-0.7646647691726685,0.29360464507109
TOKYOTECH_s01,124,103,127.43333333333334,0.5852226614952087,0.1939976916360339
TOKYOTECH_s01,124,104,127.46666666666667,2.0226848125457764,0.14672994683005627
TOKYOTECH_s01,124,105,127.5,2.1392412185668945,0.11645957504762841
TOKYOTECH_s01,124,106,127.53333333333333,1.424861192703247,0.05657394923852684
TOKYOTECH_s01,124,107,127.56666666666666,1.0528655052185059,-0.072884586153352
TOKYOTECH_s01,124,108,127.6,0.6485410928726196,-0.2896292789165229
TOKYOTECH_s01,124,109,127.63333333333334,0.22874148190021515,-0.5805155586721218
TOKYOTECH_s01,124,110,127.66666666666667,0.03925872966647148,-0.9015587093343268
TOKYOTECH_s01,124,111,127.7,0.11234268546104431,-1.1858592253373799
TOKYOTECH_s01,124,112,127.73333333333333,0.3921959400177002,-1.358092304218187
TOKYOTECH_s01,124,113,127.76666666666667,0.2958401143550873,-1.3538271922721785
TOKYOTECH_s01,124,114,127.8,-0.048197876662015915,-1.1400601798995138
TOKYOTECH_s01,124,115,127.83333333333333,-0.4118063151836395,-0.7306187720124321
TOKYOTECH_s01,124,116,127.86666666666666,-0.6200719475746155,-0.18891836423692374
TOKYOTECH_s01,124,117,127.9,-0.8512550592422485,0.3864109990782572
TOKYOTECH_s01,124,118,127.93333333333334,-0.98056960105896,0.8900248408587729
TOKYOTECH_s01,124,119,127.96666666666667,-1.0256563425064087,1.2416204726421343
TOKYOTECH_s01,124,120,128.0,-0.9575733542442322,1.407163708390996
TOKYOTECH_s01,124,121,128.03333333333333,-1.0443998575210571,1.4007616613346552
TOKYOTECH_s01,124,122,128.06666666666666,-1.0388083457946777,1.2690922851432551
TOKYOTECH_s01,124,123,128.1,-1.0752321481704712,1.0688600135521962
TOKYOTECH_s01,124,124,128.13333333333333,-0.8518063426017761,0.8479710778520733
TOKYOTECH_s01,124,125,128.16666666666666,0.28280627727508545,0.6355681469070595
TOKYOTECH_s01,124,126,128.2,1.850055456161499,0.4405999238723828
TOKYOTECH_s01,124,127,128.23333333333332,2.2643423080444336,0.25589493986039535
TOKYOTECH_s01,124,128,128.26666666666668,1.692625641822815,0.06465877209795604
TOKYOTECH_s01,124,129,128.3,1.2329370975494385,-0.15233315266910014
TOKYOTECH_s01,124,130,128.33333333333334,0.8252262473106384,-0.40934726228611223
TOKYOTECH_s01,124,131,128.36666666666667,0.39235344529151917,-0.7084434489703035
TOKYOTECH_s01,124,132,128.4,0.25410035252571106,-1.033575335338309
TOKYOTECH_s01,124,133,128.43333333333334,0.22547318041324615,-1.3482038008468888
TOKYOTECH_s01,124,134,128.46666666666667,0.29816335439682007,-1.5985964402871748
TOKYOTECH_s01,124,135,128.5,0.25445476174354553,-1.7238351160432326
TOKYOTECH_s01,124,136,128.53333333333333,0.1133664920926094,-1.6715447410564879
TOKYOTECH_s01,124,137,128.56666666666666,-0.19255444407463074,-1.415849054777171
TOKYOTECH_s01,124,138,128.6,-0.5717561841011047,-0.9717113806085562
TOKYOTECH_s01,124,139,128.63333333333333,-0.6529124975204468,-0.3987099294270226
TOKYOTECH_s01,124,140,128.66666666666666,-0.8672028183937073,0.21095508597855964
TOKYOTECH_s01,124,141,128.7,-1.0231362581253052,0.7589940215856751
TOKYOTECH_s01,124,142,128.73333333333332,-0.9842316508293152,1.1715507520839405
TOKYOTECH_s01,124,143,128.76666666666668,-1.0102993249893188,1.4187892734745313
TOKYOTECH_s01,124,144,128.8,-1.008251667022705,1.5145899307860309
TOKYOTECH_s01,124,145,128.83333333333334,-1.024908185005188,1.4989648403692215
TOKYOTECH_s01,124,146,128.86666666666667,-1.1648545265197754,1.41442998860473
TOKYOTECH_s01,124,147,128.9,-0.9425706267356873,1.2887462482726564
TOKYOTECH_s01,124,148,128.93333333333334,0.2631177306175232,1.1306012276606159
TOKYOTECH_s01,124,149,128.96666666666667,1.766851544380188,0.9364807553581553
TOKYOTECH_s01,124,150,129.0,2.2313835620880127,0.7014732942647804
TOKYOTECH_s01,124,151,129.03333333333333,1.7446823120117188,0.426685805549239
TOKYOTECH_s01,124,152,129.06666666666666,1.3011776208877563,0.12041110501001087
TOKYOTECH_s01,124,153,129.1,0.8966169953346252,-0.20485478408870453
TOKYOTECH_s01,124,154,129.13333333333333,0.31237849593162537,-0.5356363047150453
TOKYOTECH_s01,124,155,129.16666666666666,0.1971610188484192,-0.8584011270129834
TOKYOTECH_s01,124,156,129.2,0.39337727427482605,-1.1581033646655228
TOKYOTECH_s01,124,157,129.23333333333332,0.352740079164505,-1.4159155632373461
TOKYOTECH_s01,124,158,129.26666666666668,0.28906723856925964,-1.607847260166517
TOKYOTECH_s01,124,159,129.3,0.06343628466129303,-1.7055551164840346
TOKYOTECH_s01,124,160,129.33333333333334,-0.27339568734169006,-1.6805731107341997
TOKYOTECH_s01,124,161,129.36666666666667,-0.6485022306442261,-1.512404335079333
TOKYOTECH_s01,124,162,129.4,-0.7632471919059753,-1.1985167563298935
TOKYOTECH_s01,124,163,129.43333333333334,-1.0053378343582153,-0.7614987207865512
TOKYOTECH_s01,124,164,129.46666666666667,-1.0537322759628296,-0.24792883754478046
TOKYOTECH_s01,124,165,129.5,-0.9534387588500977,0.2828906439291192
TOKYOTECH_s01,124,166,129.53333333333333,-1.086966633796692,0.7752999457657039
TOKYOTECH_s01,124,167,129.56666666666666,-1.0109293460845947,1.189457863709819
TOKYOTECH_s01,124,168,129.6,-0.9607628583908081,1.5030397602452223
TOKYOTECH_s01,124,169,129.63333333333333,-1.0379420518875122,1.7038946576460303
TOKYOTECH_s01,124,170,129.66666666666666,-1.1312264204025269,1.7814516179184903
TOKYOTECH_s01,124,171,129.7,-1.242978811264038,1.724939540478791
TOKYOTECH_s01,124,172,129.73333333333332,-1.0788154602050781,1.53032090625556
TOKYOTECH_s01,124,173,129.76666666666668,0.2187790721654892,1.2105424655794161
TOKYOTECH_s01,124,174,129.8,1.7667728662490845,0.8010737840355069
TOKYOTECH_s01,124,175,129.83333333333334,2.322147846221924,0.3557289778363665
TOKYOTECH_s01,124,176,129.86666666666667,1.819026231765747,-0.06631722635751569
TOKYOTECH_s01,124,177,129.9,1.3552030324935913,-0.4166973417662282
TOKYOTECH_s01,124,178,129.93333333333334,0.8246749639511108,-0.6707157701821264
TOKYOTECH_s01,124,179,129.96666666666667,0.42936795949935913,-0.832440965469524
TOKYOTECH_s01,124,180,130.0,0.22314992547035217,-0.9302839494393722
TOKYOTECH_s01,124,181,130.03333333333333,0.3545908033847809,-1.00408155382658
TOKYOTECH_s01,124,182,130.06666666666666,0.38357236981391907,-1.0874621822007433
TOKYOTECH_s01,124,183,130.1,0.4633110463619232,-1.191445941880507
TOKYOTECH_s01,124,184,130.13333333333333,0.19330206513404846,-1.295810847488256
TOKYOTECH_s01,124,185,130.16666666666666,-0.11923421919345856,-1.3527443176393277
TOKYOTECH_s01,124,186,130.2,-0.45953139662742615,-1.3027651958014328
TOKYOTECH_s01,124,187,130.23333333333332,-0.6992987394332886,-1.0977757039465974
TOKYOTECH_s01,124,188,130.26666666666668,-0.7635622024536133,-0.7227776754402735
TOKYOTECH_s01,124,189,130.3,-0.9066587090492249,-0.20753709287477626
TOKYOTECH_s01,124,190,130.33333333333334,-0.8703529834747314,0.37735886856646406
TOKYOTECH_s01,124,191,130.36666666666667,-0.9131953120231628,0.939320528141751
TOKYOTECH_s01,124,192,130.4,-0.9116201996803284,1.3896040297746417
TOKYOTECH_s01,124,193,130.43333333333334,-0.959030270576477,1.6653979578341414
TOKYOTECH_s01,124,194,130.46666666666667,-0.9277648329734802,1.741172660727533
TOKYOTECH_s01,124,195,130.5,-1.0390839576721191,1.6287893388286767
TOKYOTECH_s01,124,196,130.53333333333333,-1.0916130542755127,1.3696552329897878
TOKYOTECH_s01,124,197,130.56666666666666,-0.7277684211730957,1.0225472219879874
TOKYOTECH_s01,124,198,130.6,0.5771896839141846,0.6496760798347978
TOKYOTECH_s01,124,199,130.63333333333333,2.116638660430908,0.3031642038733137
TOKYOTECH_s01,124,200,130.66666666666666,2.4125185012817383,0.01484150362449347
TOKYOTECH_s01,124,201,130.7,1.7957149744033813,-0.2077013788292249
TOKYOTECH_s01,124,202,130.73333333333332,1.2680615186691284,-0.37795257534412413
TOKYOTECH_s01,124,203,130.76666666666668,0.9665114283561707,-0.5220114949627526
TOKYOTECH_s01,124,204,130.8,0.3918415606021881,-0.6677380604807907
TOKYOTECH_s01,124,205,130.83333333333334,0.3304526209831238,-0.8341059013280131
TOKYOTECH_s01,124,206,130.86666666666667,0.38672253489494324,-1.022695181911672
TOKYOTECH_s01,124,207,130.9,0.42751723527908325,-1.213034664087723
TOKYOTECH_s01,124,208,130.93333333333334,0.3581741154193878,-1.363649710968935
TOKYOTECH_s01,124,209,130.96666666666667,0.03453347459435463,-1.4203475030724386
TOKYOTECH_s01,124,210,131.0,-0.24878497421741486,-1.3316077226999776
TOKYOTECH_s01,124,211,131.03333333333333,-0.5149743556976318,-1.0679037720232096
TOKYOTECH_s01,124,212,131.06666666666666,-0.8277075290679932,-0.6384580965198366
TOKYOTECH_s01,124,213,131.1,-0.8813785910606384,-0.09743631605004116
TOKYOTECH_s01,124,214,131.13333333333333,-0.8311333656311035,0.4660670099879343
TOKYOTECH_s01,124,215,131.16666666666666,-0.9140616059303284,0.9530104425255658
TOKYOTECH_s01,124,216,131.2,-0.9926583766937256,1.2844425028665978
TOKYOTECH_s01,124,217,131.23333333333332,-0.9904926419258118,1.4232060477988122
TOKYOTECH_s01,124,218,131.26666666666668,-1.036130666732788,1.3794902538005547
TOKYOTECH_s01,124,219,131.3,-0.9423343539237976,1.2014345802088633
TOKYOTECH_s01,124,220,131.33333333333334,-1.1495368480682373,0.9571200788234047
TOKYOTECH_s01,124,221,131.36666666666667,-1.1058282852172852,0.7146082433946735
TOKYOTECH_s01,124,222,131.4,0.1545155942440033,0.5249168940984832
TOKYOTECH_s01,124,223,131.43333333333334,1.7125505208969116,0.4110800306495917
TOKYOTECH_s01,124,224,131.46666666666667,2.2563092708587646,0.3653372664434384
TOKYOTECH_s01,124,225,131.5,1.9927581548690796,0.3550412149154016
TOKYOTECH_s01,124,226,131.53333333333333,1.3931232690811157,0.33529677838193206
TOKYOTECH_s01,124,227,131.56666666666666,1.082988977432251,0.26389911801990523
TOKYOTECH_s01,124,228,131.6,0.6457059383392334,0.11356354608315061
TOKYOTECH_s01,124,229,131.63333333333333,0.27083563804626465,-0.12180335213991429
TOKYOTECH_s01,124,230,131.66666666666666,0.3777051568031311,-0.42695195158365407
TOKYOTECH_s01,124,231,131.7,0.35781970620155334,-0.7690978611521814
TOKYOTECH_s01,124,232,131.73333333333332,0.27319827675819397,-1.1034105589473826
TOKYOTECH_s01,124,233,131.76666666666668,0.20413076877593994,-1.3792342875151993
TOKYOTECH_s01,124,234,131.8,-0.18546655774116516,-1.5472586166255524
TOKYOTECH_s01,124,235,131.83333333333334,-0.43661388754844666,-1.567974964975849
TOKYOTECH_s01,124,236,131.86666666666667,-0.6596853137016296,-1.4207554118933818
TOKYOTECH_s01,124,237,131.9,-0.9203619360923767,-1.1112563246714537
TOKYOTECH_s01,124,238,131.93333333333334,-0.9369791150093079,-0.6737737629231725
TOKYOTECH_s01,124,239,131.96666666666667,-0.8882696032524109,-0.16639381866649705
TOKYOTECH_s01,125,0,125.0,-1.0550317764282227,-0.02468879459925544
TOKYOTECH_s01,125,1,125.03333333333333,-1.1684378385543823,0.06218072537144207
TOKYOTECH_s01,125,2,125.06666666666666,-1.1040562391281128,0.13305977052259924
TOKYOTECH_s01,125,3,125.1,-1.1533170938491821,0.17682516023569614
TOKYOTECH_s01,125,4,125.13333333333334,-1.1872994899749756,0.18743750398931003
TOKYOTECH_s01,125,5,125.16666666666667,-1.0928337574005127,0.16356057354177977
TOKYOTECH_s01,125,6,125.2,-1.0733420848846436,0.1065647005728451
TOKYOTECH_s01,125,7,125.23333333333333,-0.8849225044250488,0.018334505341169094
TOKYOTECH_s01,125,8,125.26666666666667,0.3256092369556427,-0.09950708930720636
TOKYOTECH_s01,125,9,125.3,1.8429676294326782,-0.24428073490162602
TOKYOTECH_s01,125,10,125.33333333333333,2.15203857421875,-0.40974838908028177
TOKYOTECH_s01,125,11,125.36666666666666,1.489006519317627,-0.5841993321047598
TOKYOTECH_s01,125,12,125.4,1.0410916805267334,-0.7502065518680037
TOKYOTECH_s01,125,13,125.43333333333334,0.5689992904663086,-0.88586144536908
TOKYOTECH_s01,125,14,125.46666666666667,-0.0020872578024864197,-0.9668231810297432
TOKYOTECH_s01,125,15,125.5,-0.13656015694141388,-0.9691181683777911
TOKYOTECH_s01,125,16,125.53333333333333,0.06473573297262192,-0.8734933216037201
TOKYOTECH_s01,125,17,125.56666666666666,0.17180214822292328,-0.6718943226084487
TOKYOTECH_s01,125,18,125.6,0.07241427153348923,-0.3747245806472654
TOKYOTECH_s01,125,19,125.63333333333334,-0.1173047423362732,-0.01520132326221977
TOKYOTECH_s01,125,20,125.66666666666667,-0.37794196605682373,0.35357734938084
TOKYOTECH_s01,125,21,125.7,-0.8181782960891724,0.6708735133157027
TOKYOTECH_s01,125,22,125.73333333333333,-1.0671205520629883,0.8868699923677907
TOKYOTECH_s01,125,23,125.76666666666667,-1.2342370748519897,0.9797881560108673
TOKYOTECH_s01,125,24,125.8,-1.199506402015686,0.9627177445649374
TOKYOTECH_s01,125,25,125.83333333333333,-1.181038498878479,0.8757490077949182
TOKYOTECH_s01,125,26,125.86666666666666,-1.1790696382522583,0.7672194407766165
TOKYOTECH_s01,125,27,125.9,-1.195608139038086,0.6739511017959511
TOKYOTECH_s01,125,28,125.93333333333334,-1.209193229675293,0.6096155356139619
TOKYOTECH_s01,125,29,125.96666666666667,-0.9183143377304077,0.5645423045026224
TOKYOTECH_s01,125,30,126.0,0.2804436683654785,0.5141780083149226
TOKYOTECH_s01,125,31,126.03333333333333,1.8409199714660645,0.4305191552734381
TOKYOTECH_s01,125,32,126.06666666666666,2.152904987335205,0.291955912158757
TOKYOTECH_s01,125,33,126.1,1.5438588857650757,0.08975188276281709
TOKYOTECH_s01,125,34,126.13333333333334,1.0295541286468506,-0.1688483140960843
TOKYOTECH_s01,125,35,126.16666666666667,0.596642017364502,-0.46049168005134644
TOKYOTECH_s01,125,36,126.2,0.005433774087578058,-0.748276624849212
TOKYOTECH_s01,125,37,126.23333333333333,-0.19283008575439453,-0.9868680562248896
TOKYOTECH_s01,125,38,126.26666666666667,-0.05067863687872887,-1.1300905552407576
TOKYOTECH_s01,125,39,126.3,0.115414097905159,-1.1406575619669244
TOKYOTECH_s01,125,40,126.33333333333333,0.17570048570632935,-1.0009217787267768
TOKYOTECH_s01,125,41,126.36666666666666,-0.03815671056509018,-0.7221738355995873
TOKYOTECH_s01,125,42,126.4,-0.4930807054042816,-0.34852361946404103
TOKYOTECH_s01,125,43,126.43333333333334,-0.6931165456771851,0.04905851460859006
TOKYOTECH_s01,125,44,126.46666666666667,-0.9823415279388428,0.3907913792880141
TOKYOTECH_s01,125,45,126.5,-1.0709794759750366,0.614300630198143
TOKYOTECH_s01,125,46,126.53333333333333,-1.0575518608093262,0.6972642940788694
TOKYOTECH_s01,125,47,126.56666666666666,-1.0851552486419678,0.6633233169698095
TOKYOTECH_s01,125,48,126.6,-1.1445753574371338,0.5673412487869894
TOKYOTECH_s01,125,49,126.63333333333334,-1.1104353666305542,0.4683603664225703
TOKYOTECH_s01,125,50,126.66666666666667,-1.0353431701660156,0.4040760404335861
TOKYOTECH_s01,125,51,126.7,-0.5641958117485046,0.37796878912928616
TOKYOTECH_s01,125,52,126.73333333333333,0.8640914559364319,0.3631051375966649
TOKYOTECH_s01,125,53,126.76666666666667,2.144399404525757,0.3186893436492093
TOKYOTECH_s01,125,54,126.8,1.93203866481781,0.21005036822370426
TOKYOTECH_s01,125,55,126.83333333333333,1.3928475379943848,0.022922256392974183
TOKYOTECH_s01,125,56,126.86666666666666,1.0794843435287476,-0.23159518717742617
TOKYOTECH_s01,125,57,126.9,0.4776049554347992,-0.5194537754502137
TOKYOTECH_s01,125,58,126.93333333333334,0.12258073687553406,-0.7904487434057408
TOKYOTECH_s01,125,59,126.96666666666667,0.004173705819994211,-0.9880492700499317
TOKYOTECH_s01,125,60,127.0,0.10679050534963608,-1.0616031870502864
TOKYOTECH_s01,125,61,127.03333333333333,0.3048180937767029,-0.9792998436373146
TOKYOTECH_s01,125,62,127.06666666666666,0.19172698259353638,-0.7389151194191367
TOKYOTECH_s01,125,63,127.1,-0.13148051500320435,-0.37257411742467267
TOKYOTECH_s01,125,64,127.13333333333334,-0.42031174898147583,0.05763954034219764
TOKYOTECH_s01,125,65,127.16666666666667,-0.7018188834190369,0.4737035623465995
TOKYOTECH_s01,125,66,127.2,-0.8878757953643799,0.8015764155279173
TOKYOTECH_s01,125,67,127.23333333333333,-1.0280190706253052,0.990232914543114
TOKYOTECH_s01,125,68,127.26666666666667,-0.9736785888671875,1.0233746604737597
TOKYOTECH_s01,125,69,127.3,-1.017347812652588,0.9205356745349361
TOKYOTECH_s01,125,70,127.33333333333333,-0.9739148616790771,0.7282083076472405
TOKYOTECH_s01,125,71,127.36666666666666,-1.0455812215805054,0.5044788637306511
TOKYOTECH_s01,125,72,127.4,-0.7646647691726685,0.30177365156439795
TOKYOTECH_s01,125,73,127.43333333333334,0.5852226614952087,0.15235199494446394
TOKYOTECH_s01,125,74,127.46666666666667,2.0226848125457764,0.06073952473713051
TOKYOTECH_s01,125,75,127.5,2.1392412185668945,0.0055939778342871446
TOKYOTECH_s01,125,76,127.53333333333333,1.424861192703247,-0.04984626868631777
TOKYOTECH_s01,125,77,127.56666666666666,1.0528655052185059,-0.14283811373562164
TOKYOTECH_s01,125,78,127.6,0.6485410928726196,-0.2970019424882821
TOKYOTECH_s01,125,79,127.63333333333334,0.22874148190021515,-0.5130014907905647
TOKYOTECH_s01,125,80,127.66666666666667,0.03925872966647148,-0.7655826511398519
TOKYOTECH_s01,125,81,127.7,0.11234268546104431,-1.0067848977959424
TOKYOTECH_s01,125,82,127.73333333333333,0.3921959400177002,-1.1750208922840417
TOKYOTECH_s01,125,83,127.76666666666667,0.2958401143550873,-1.2096557558842744
TOKYOTECH_s01,125,84,127.8,-0.048197876662015915,-1.0690025573730235
TOKYOTECH_s01,125,85,127.83333333333333,-0.4118063151836395,-0.7467994389019164
TOKYOTECH_s01,125,86,127.86666666666666,-0.6200719475746155,-0.28035371308330115
TOKYOTECH_s01,125,87,127.9,-0.8512550592422485,0.2550380469034571
TOKYOTECH_s01,125,88,127.93333333333334,-0.98056960105896,0.7654340108454838
TOKYOTECH_s01,125,89,127.96666666666667,-1.0256563425064087,1.1646053530318183
TOKYOTECH_s01,125,90,128.0,-0.9575733542442322,1.3965279399776667
TOKYOTECH_s01,125,91,128.03333333333333,-1.0443998575210571,1.4451538983175016
TOKYOTECH_s01,125,92,128.06666666666666,-1.0388083457946777,1.3303119124134213
TOKYOTECH_s01,125,93,128.1,-1.0752321481704712,1.095536465115268
TOKYOTECH_s01,125,94,128.13333333333333,-0.8518063426017761,0.7944202429364348
TOKYOTECH_s01,125,95,128.16666666666666,0.28280627727508545,0.4788257370769466
TOKYOTECH_s01,125,96,128.2,1.850055456161499,0.18967506545621746
TOKYOTECH_s01,125,97,128.23333333333332,2.2643423080444336,-0.04950414965674349
TOKYOTECH_s01,125,98,128.26666666666668,1.692625641822815,-0.2354915491375631
TOKYOTECH_s01,125,99,128.3,1.2329370975494385,-0.3835514110763931
TOKYOTECH_s01,125,100,128.33333333333334,0.8252262473106384,-0.5203789051491382
TOKYOTECH_s01,125,101,128.36666666666667,0.39235344529151917,-0.6729416960639801
TOKYOTECH_s01,125,102,128.4,0.25410035252571106,-0.8560521913837527
TOKYOTECH_s01,125,103,128.43333333333334,0.22547318041324615,-1.0624971919548494
TOKYOTECH_s01,125,104,128.46666666666667,0.29816335439682007,-1.2593771636811029
TOKYOTECH_s01,125,105,128.5,0.25445476174354553,-1.3930963103345746
TOKYOTECH_s01,125,106,128.53333333333333,0.1133664920926094,-1.4033715348117939
TOKYOTECH_s01,125,107,128.56666666666666,-0.19255444407463074,-1.2434800999163045
TOKYOTECH_s01,125,108,128.6,-0.5717561841011047,-0.9002746477327861
TOKYOTECH_s01,125,109,128.63333333333333,-0.6529124975204468,-0.4053865758138796
TOKYOTECH_s01,125,110,128.66666666666666,-0.8672028183937073,0.16915546513168433
TOKYOTECH_s01,125,111,128.7,-1.0231362581253052,0.7311066245889276
TOKYOTECH_s01,125,112,128.73333333333332,-0.9842316508293152,1.1954593777026195
TOKYOTECH_s01,125,113,128.76666666666668,-1.0102993249893188,1.5063285105903073
TOKYOTECH_s01,125,114,128.8,-1.008251667022705,1.6447052495213244
TOKYOTECH_s01,125,115,128.83333333333334,-1.024908185005188,1.6224198561853767
TOKYOTECH_s01,125,116,128.86666666666667,-1.1648545265197754,1.4693410642370741
TOKYOTECH_s01,125,117,128.9,-0.9425706267356873,1.2218851140019051
TOKYOTECH_s01,125,118,128.93333333333334,0.2631177306175232,0.9169188310383116
TOKYOTECH_s01,125,119,128.96666666666667,1.766851544380188,0.5898851829503883
TOKYOTECH_s01,125,120,129.0,2.2313835620880127,0.27335881340852874
TOKYOTECH_s01,125,121,129.03333333333333,1.7446823120117188,-0.006643720095874825
TOKYOTECH_s01,125,122,129.06666666666666,1.3011776208877563,-0.2359358156613411
TOKYOTECH_s01,125,123,129.1,0.8966169953346252,-0.41576018450272134
TOKYOTECH_s01,125,124,129.13333333333333,0.31237849593162537,-0.5617057431671024
TOKYOTECH_s01,125,125,129.16666666666666,0.1971610188484192,-0.6972767603764939
TOKYOTECH_s01,125,126,129.2,0.39337727427482605,-0.8439160248284343
TOKYOTECH_s01,125,127,129.23333333333332,0.352740079164505,-1.010666129014856
TOKYOTECH_s01,125,128,129.26666666666668,0.28906723856925964,-1.186755695500722
TOKYOTECH_s01,125,129,129.3,0.06343628466129303,-1.3398646182322291
TOKYOTECH_s01,125,130,129.33333333333334,-0.27339568734169006,-1.4220067511794396
TOKYOTECH_s01,125,131,129.36666666666667,-0.6485022306442261,-1.383037032277259
TOKYOTECH_s01,125,132,129.4,-0.7632471919059753,-1.1884002144561787
TOKYOTECH_s01,125,133,129.43333333333334,-1.0053378343582153,-0.8345770604068167
TOKYOTECH_s01,125,134,129.46666666666667,-1.0537322759628296,-0.35513891670663034
TOKYOTECH_s01,125,135,129.5,-0.9534387588500977,0.18625965546583034
TOKYOTECH_s01,125,136,129.53333333333333,-1.086966633796692,0.7132774109678834
TOKYOTECH_s01,125,137,129.56666666666666,-1.0109293460845947,1.1566813370597886
TOKYOTECH_s01,125,138,129.6,-0.9607628583908081,1.4680025115172382
TOKYOTECH_s01,125,139,129.63333333333333,-1.0379420518875122,1.6231587799567315
TOKYOTECH_s01,125,140,129.66666666666666,-1.1312264204025269,1.618905866479981
TOKYOTECH_s01,125,141,129.7,-1.242978811264038,1.4683812168703896
TOKYOTECH_s01,125,142,129.73333333333332,-1.0788154602050781,1.1992362345513012
TOKYOTECH_s01,125,143,129.76666666666668,0.2187790721654892,0.8527291507767183
TOKYOTECH_s01,125,144,129.8,1.7667728662490845,0.4799586876949286
TOKYOTECH_s01,125,145,129.83333333333334,2.322147846221924,0.1332275723265535
TOKYOTECH_s01,125,146,129.86666666666667,1.819026231765747,-0.14575694372718512
TOKYOTECH_s01,125,147,129.9,1.3552030324935913,-0.33646080161964287
TOKYOTECH_s01,125,148,129.93333333333334,0.8246749639511108,-0.4446493707793297
TOKYOTECH_s01,125,149,129.96666666666667,0.42936795949935913,-0.4999353892573601
TOKYOTECH_s01,125,150,130.0,0.22314992547035217,-0.5459354878753275
TOKYOTECH_s01,125,151,130.03333333333333,0.3545908033847809,-0.6252123739257356
TOKYOTECH_s01,125,152,130.06666666666666,0.38357236981391907,-0.7628959093327663
TOKYOTECH_s01,125,153,130.1,0.4633110463619232,-0.954058647542332
TOKYOTECH_s01,125,154,130.13333333333333,0.19330206513404846,-1.1599053593450463
TOKYOTECH_s01,125,155,130.16666666666666,-0.11923421919345856,-1.3157471647742884
TOKYOTECH_s01,125,156,130.2,-0.45953139662742615,-1.3496177995551504
TOKYOTECH_s01,125,157,130.23333333333332,-0.6992987394332886,-1.206105767682164
TOKYOTECH_s01,125,158,130.26666666666668,-0.7635622024536133,-0.86757821194857
TOKYOTECH_s01,125,159,130.3,-0.9066587090492249,-0.36502085557159264
TOKYOTECH_s01,125,160,130.33333333333334,-0.8703529834747314,0.22671685148322815
TOKYOTECH_s01,125,161,130.36666666666667,-0.9131953120231628,0.8088482445832088
TOKYOTECH_s01,125,162,130.4,-0.9116201996803284,1.2861020958423135
TOKYOTECH_s01,125,163,130.43333333333334,-0.959030270576477,1.5905395657414299
TOKYOTECH_s01,125,164,130.46666666666667,-0.9277648329734802,1.694064027824891
TOKYOTECH_s01,125,165,130.5,-1.0390839576721191,1.6085864494047906
TOKYOTECH_s01,125,166,130.53333333333333,-1.0916130542755127,1.377104850975069
TOKYOTECH_s01,125,167,130.56666666666666,-0.7277684211730957,1.059853199115704
TOKYOTECH_s01,125,168,130.6,0.5771896839141846,0.718926679084048
TOKYOTECH_s01,125,169,130.63333333333333,2.116638660430908,0.4042295817596013
TOKYOTECH_s01,125,170,130.66666666666666,2.4125185012817383,0.14375686472273988
TOKYOTECH_s01,125,171,130.7,1.7957149744033813,-0.05933547097786332
TOKYOTECH_s01,125,172,130.73333333333332,1.2680615186691284,-0.22269897392354165
TOKYOTECH_s01,125,173,130.76666666666668,0.9665114283561707,-0.3759222555495917
TOKYOTECH_s01,125,174,130.8,0.3918415606021881,-0.5494301034478466
TOKYOTECH_s01,125,175,130.83333333333334,0.3304526209831238,-0.7631891957733339
TOKYOTECH_s01,125,176,130.86666666666667,0.38672253489494324,-1.0171185057561904
TOKYOTECH_s01,125,177,130.9,0.42751723527908325,-1.2855333916741538
TOKYOTECH_s01,125,178,130.93333333333334,0.3581741154193878,-1.5181672831179795
TOKYOTECH_s01,125,179,130.96666666666667,0.03453347459435463,-1.6494782275524473
TOKYOTECH_s01,125,180,131.0,-0.24878497421741486,-1.6156910594366145
TOKYOTECH_s01,125,181,131.03333333333333,-0.5149743556976318,-1.3758380563035144
TOKYOTECH_s01,125,182,131.06666666666666,-0.8277075290679932,-0.9301572694752948
TOKYOTECH_s01,125,183,131.1,-0.8813785910606384,-0.3281067608539283
TOKYOTECH_s01,125,184,131.13333333333333,-0.8311333656311035,0.3395950922006751
TOKYOTECH_s01,125,185,131.16666666666666,-0.9140616059303284,0.9642608604792645
TOKYOTECH_s01,125,186,131.2,-0.9926583766937256,1.449059784669944
TOKYOTECH_s01,125,187,131.23333333333332,-0.9904926419258118,1.7328720945108131
TOKYOTECH_s01,125,188,131.26666666666668,-1.036130666732788,1.8001912779800657
TOKYOTECH_s01,125,189,131.3,-0.9423343539237976,1.677135133668544
TOKYOTECH_s01,125,190,131.33333333333334,-1.1495368480682373,1.4185482966558056
TOKYOTECH_s01,125,191,131.36666666666667,-1.1058282852172852,1.0916288394042046
TOKYOTECH_s01,125,192,131.4,0.1545155942440033,0.759729525031313
TOKYOTECH_s01,125,193,131.43333333333334,1.7125505208969116,0.46868956752862917
TOKYOTECH_s01,125,194,131.46666666666667,2.2563092708587646,0.23827565951654806
TOKYOTECH_s01,125,195,131.5,1.9927581548690796,0.061089863682086736
TOKYOTECH_s01,125,196,131.53333333333333,1.3931232690811157,-0.0910202434295568
TOKYOTECH_s01,125,197,131.56666666666666,1.082988977432251,-0.2555932983054639
TOKYOTECH_s01,125,198,131.6,0.6457059383392334,-0.4664031834361076
TOKYOTECH_s01,125,199,131.63333333333333,0.27083563804626465,-0.7411200424278036
TOKYOTECH_s01,125,200,131.66666666666666,0.3777051568031311,-1.0721325736204312
TOKYOTECH_s01,125,201,131.7,0.35781970620155334,-1.4229109994214175
TOKYOTECH_s01,125,202,131.73333333333332,0.27319827675819397,-1.7318025604378955
TOKYOTECH_s01,125,203,131.76666666666668,0.20413076877593994,-1.923867873775939
TOKYOTECH_s01,125,204,131.8,-0.18546655774116516,-1.9293942588301127
TOKYOTECH_s01,125,205,131.83333333333334,-0.43661388754844666,-1.705310771214292
TOKYOTECH_s01,125,206,131.86666666666667,-0.6596853137016296,-1.2534414562903766
TOKYOTECH_s01,125,207,131.9,-0.9203619360923767,-0.6282835767494214
TOKYOTECH_s01,125,208,131.93333333333334,-0.9369791150093079,0.07168474825149296
TOKYOTECH_s01,125,209,131.96666666666667,-0.8882696032524109,0.7293384578646778
TOKYOTECH_s01,125,210,132.0,-1.121185302734375,1.2420611287021879
TOKYOTECH_s01,125,211,132.03333333333333,-1.0316417217254639,1.5488091620800057
TOKYOTECH_s01,125,212,132.06666666666666,-0.9233152270317078,1.6410495570789538
TOKYOTECH_s01,125,213,132.1,-1.0231362581253052,1.5563641706673312
TOKYOTECH_s01,125,214,132.13333333333333,-1.2351820468902588,1.360374508231436
TOKYOTECH_s01,125,215,132.16666666666666,-0.9687958359718323,1.1248980021562407
TOKYOTECH_s01,125,216,132.2,-0.2152356654405594,0.9088605274379824
TOKYOTECH_s01,125,217,132.23333333333332,1.1859601736068726,0.7459313975707892
TOKYOTECH_s01,125,218,132.26666666666668,2.2832038402557373,0.6408497401662109
TOKYOTECH_s01,125,219,132.3,2.1913371086120605,0.5742690430875852
TOKYOTECH_s01,125,220,132.33333333333334,1.452307105064392,0.5130951606442075
TOKYOTECH_s01,125,221,132.36666666666667,1.1472524404525757,0.4218417458307668
TOKYOTECH_s01,125,222,132.4,0.6670876741409302,0.27207214383903255
TOKYOTECH_s01,125,223,132.43333333333334,0.37380683422088623,0.049547971874330764
TOKYOTECH_s01,125,224,132.46666666666667,0.3848324418067932,-0.2404178120504199
TOKYOTECH_s01,125,225,132.5,0.36195430159568787,-0.569927689353429
TOKYOTECH_s01,125,226,132.53333333333333,0.3526613116264343,-0.8897784929154077
TOKYOTECH_s01,125,227,132.56666666666666,0.3379342555999756,-1.137293449804091
TOKYOTECH_s01,125,228,132.6,-0.12982666492462158,-1.2511028973955267
TOKYOTECH_s01,125,229,132.63333333333333,-0.38656556606292725,-1.1899616534968231
TOKYOTECH_s01,125,230,132.66666666666666,-0.707725465297699,-0.9495328523113092
TOKYOTECH_s01,125,231,132.7,-0.9390267133712769,-0.5697531854198195
TOKYOTECH_s01,125,232,132.73333333333332,-0.9149672985076904,-0.12738596830027182
TOKYOTECH_s01,125,233,132.76666666666668,-1.0512908697128296,0.28551319385537605
TOKYOTECH_s01,125,234,132.8,-1.1523720026016235,0.5884776789391216
TOKYOTECH_s01,125,235,132.83333333333334,-0.904807984828949,0.7327246029571975
TOKYOTECH_s01,125,236,132.86666666666667,-1.063064694404602,0.7073959794461511
TOKYOTECH_s01,125,237,132.9,-1.1402044296264648,0.533487780184283
TOKYOTECH_s01,125,238,132.93333333333334,-1.0231362581253052,0.25214267132436846
TOKYOTECH_s01,125,239,132.96666666666667,-1.0591663122177124,-0.08610701070507157
TOKYOTECH_s01,126,0,126.0,0.2804436683654785,-0.010709805985869882
TOKYOTECH_s01,126,1,126.03333333333333,1.8409199714660645,-0.18071771857671748
TOKYOTECH_s01,126,2,126.06666666666666,2.152904987335205,-0.36441851362828465
TOKYOTECH_s01,126,3,126.1,1.5438588857650757,-0.5663654709235927
TOKYOTECH_s01,126,4,126.13333333333334,1.0295541286468506,-0.7748612798676879
TOKYOTECH_s01,126,5,126.16666666666667,0.596642017364502,-0.9611721256541301
TOKYOTECH_s01,126,6,126.2,0.005433774087578058,-1.084792722452155
TOKYOTECH_s01,126,7,126.23333333333333,-0.19283008575439453,-1.1036066218573652
TOKYOTECH_s01,126,8,126.26666666666667,-0.05067863687872887,-0.9863515708532677
TOKYOTECH_s01,126,9,126.3,0.115414097905159,-0.7240266724788189
TOKYOTECH_s01,126,10,126.33333333333333,0.17570048570632935,-0.33707090493106856
TOKYOTECH_s01,126,11,126.36666666666666,-0.03815671056509018,0.12412005321554397
TOKYOTECH_s01,126,12,126.4,-0.4930807054042816,0.5867981173563556
TOKYOTECH_s01,126,13,126.43333333333334,-0.6931165456771851,0.9713269355354691
TOKYOTECH_s01,126,14,126.46666666666667,-0.9823415279388428,1.2114410716635668
TOKYOTECH_s01,126,15,126.5,-1.0709794759750366,1.273172729482987
TOKYOTECH_s01,126,16,126.53333333333333,-1.0575518608093262,1.1648545538141508
TOKYOTECH_s01,126,17,126.56666666666666,-1.0851552486419678,0.9329700659464525
TOKYOTECH_s01,126,18,126.6,-1.1445753574371338,0.6448780594615207
TOKYOTECH_s01,126,19,126.63333333333334,-1.1104353666305542,0.3656669095813123
TOKYOTECH_s01,126,20,126.66666666666667,-1.0353431701660156,0.13846918797873523
TOKYOTECH_s01,126,21,126.7,-0.5641958117485046,-0.024967454263130656
TOKYOTECH_s01,126,22,126.73333333333333,0.8640914559364319,-0.14166838888440086
TOKYOTECH_s01,126,23,126.76666666666667,2.144399404525757,-0.24570555694431456
TOKYOTECH_s01,126,24,126.8,1.93203866481781,-0.37265763303669386
TOKYOTECH_s01,126,25,126.83333333333333,1.3928475379943848,-0.5453134530221388
TOKYOTECH_s01,126,26,126.86666666666666,1.0794843435287476,-0.7638945105998559
TOKYOTECH_s01,126,27,126.9,0.4776049554347992,-1.0023869779523624
TOKYOTECH_s01,126,28,126.93333333333334,0.12258073687553406,-1.211839694286231
TOKYOTECH_s01,126,29,126.96666666666667,0.004173705819994211,-1.3308758971884769
TOKYOTECH_s01,126,30,127.0,0.10679050534963608,-1.3020983161238622
TOKYOTECH_s01,126,31,127.03333333333333,0.3048180937767029,-1.090747623152644
TOKYOTECH_s01,126,32,127.06666666666666,0.19172698259353638,-0.6999883234871129
TOKYOTECH_s01,126,33,127.1,-0.13148051500320435,-0.1766945624038866
TOKYOTECH_s01,126,34,127.13333333333334,-0.42031174898147583,0.39641036584937633
TOKYOTECH_s01,126,35,127.16666666666667,-0.7018188834190369,0.9214146865951608
TOKYOTECH_s01,126,36,127.2,-0.8878757953643799,1.3114820327974803
TOKYOTECH_s01,126,37,127.23333333333333,-1.0280190706253052,1.5125286101029396
TOKYOTECH_s01,126,38,127.26666666666667,-0.9736785888671875,1.5133210276222608
TOKYOTECH_s01,126,39,127.3,-1.017347812652588,1.3430072255847805
TOKYOTECH_s01,126,40,127.33333333333333,-0.9739148616790771,1.0591686826443079
TOKYOTECH_s01,126,41,127.36666666666666,-1.0455812215805054,0.7307910167566167
TOKYOTECH_s01,126,42,127.4,-0.7646647691726685,0.42048924535526966
TOKYOTECH_s01,126,43,127.43333333333334,0.5852226614952087,0.16997400014616082
TOKYOTECH_s01,126,44,127.46666666666667,2.0226848125457764,-0.007736611129802359
TOKYOTECH_s01,126,45,127.5,2.1392412185668945,-0.12729841428951863
TOKYOTECH_s01,126,46,127.53333333333333,1.424861192703247,-0.22193284409136682
TOKYOTECH_s01,126,47,127.56666666666666,1.0528655052185059,-0.3296517875680623
TOKYOTECH_s01,126,48,127.6,0.6485410928726196,-0.4792581637507836
TOKYOTECH_s01,126,49,127.63333333333334,0.22874148190021515,-0.6797687639110407
TOKYOTECH_s01,126,50,127.66666666666667,0.03925872966647148,-0.9152475678815714
TOKYOTECH_s01,126,51,127.7,0.11234268546104431,-1.1457874464000213
TOKYOTECH_s01,126,52,127.73333333333333,0.3921959400177002,-1.314976892413805
TOKYOTECH_s01,126,53,127.76666666666667,0.2958401143550873,-1.363510866823189
TOKYOTECH_s01,126,54,127.8,-0.048197876662015915,-1.2466283299809013
TOKYOTECH_s01,126,55,127.83333333333333,-0.4118063151836395,-0.9505075957982952
TOKYOTECH_s01,126,56,127.86666666666666,-0.6200719475746155,-0.501393860953594
TOKYOTECH_s01,126,57,127.9,-0.8512550592422485,0.03732354963304058
TOKYOTECH_s01,126,58,127.93333333333334,-0.98056960105896,0.5803907693017862
TOKYOTECH_s01,126,59,127.96666666666667,-1.0256563425064087,1.0430635400327641
TOKYOTECH_s01,126,60,128.0,-0.9575733542442322,1.361775228756945
TOKYOTECH_s01,126,61,128.03333333333333,-1.0443998575210571,1.5055933051195112
TOKYOTECH_s01,126,62,128.06666666666666,-1.0388083457946777,1.4767971006616927
TOKYOTECH_s01,126,63,128.1,-1.0752321481704712,1.3042305504536653
TOKYOTECH_s01,126,64,128.13333333333333,-0.8518063426017761,1.0337027698236716
TOKYOTECH_s01,126,65,128.16666666666666,0.28280627727508545,0.7175420315291244
TOKYOTECH_s01,126,66,128.2,1.850055456161499,0.40418408750053386
TOKYOTECH_s01,126,67,128.23333333333332,2.2643423080444336,0.12899597596297394
TOKYOTECH_s01,126,68,128.26666666666668,1.692625641822815,-0.09183668636403274
TOKYOTECH_s01,126,69,128.3,1.2329370975494385,-0.26256601838116195
TOKYOTECH_s01,126,70,128.33333333333334,0.8252262473106384,-0.4035080836384788
TOKYOTECH_s01,126,71,128.36666666666667,0.39235344529151917,-0.5418312598490647
TOKYOTECH_s01,126,72,128.4,0.25410035252571106,-0.699743254139389
TOKYOTECH_s01,126,73,128.43333333333334,0.22547318041324615,-0.8833267602699066
TOKYOTECH_s01,126,74,128.46666666666667,0.29816335439682007,-1.0756683472168125
TOKYOTECH_s01,126,75,128.5,0.25445476174354553,-1.2373870159139824
TOKYOTECH_s01,126,76,128.53333333333333,0.1133664920926094,-1.3159124903293016
TOKYOTECH_s01,126,77,128.56666666666666,-0.19255444407463074,-1.26188485296173
TOKYOTECH_s01,126,78,128.6,-0.5717561841011047,-1.0476160112005377
TOKYOTECH_s01,126,79,128.63333333333333,-0.6529124975204468,-0.6804254310067036
TOKYOTECH_s01,126,80,128.66666666666666,-0.8672028183937073,-0.20458290976205
TOKYOTECH_s01,126,81,128.7,-1.0231362581253052,0.3098564162987053
TOKYOTECH_s01,126,82,128.73333333333332,-0.9842316508293152,0.7865823716122573
TOKYOTECH_s01,126,83,128.76666666666668,-1.0102993249893188,1.1621874753913546
TOKYOTECH_s01,126,84,128.8,-1.008251667022705,1.3977361572856584
TOKYOTECH_s01,126,85,128.83333333333334,-1.024908185005188,1.4807808895849084
TOKYOTECH_s01,126,86,128.86666666666667,-1.1648545265197754,1.4208079452830122
TOKYOTECH_s01,126,87,128.9,-0.9425706267356873,1.2428273944626964
TOKYOTECH_s01,126,88,128.93333333333334,0.2631177306175232,0.9819282046596411
TOKYOTECH_s01,126,89,128.96666666666667,1.766851544380188,0.6785862113928905
TOKYOTECH_s01,126,90,129.0,2.2313835620880127,0.3731777485572238
TOKYOTECH_s01,126,91,129.03333333333333,1.7446823120117188,0.0991027829324503
TOKYOTECH_s01,126,92,129.06666666666666,1.3011776208877563,-0.12404262867583014
TOKYOTECH_s01,126,93,129.1,0.8966169953346252,-0.294505313576064
TOKYOTECH_s01,126,94,129.13333333333333,0.31237849593162537,-0.4274347643689213
TOKYOTECH_s01,126,95,129.16666666666666,0.1971610188484192,-0.548532974487949
TOKYOTECH_s01,126,96,129.2,0.39337727427482605,-0.6836434672279599
TOKYOTECH_s01,126,97,129.23333333333332,0.352740079164505,-0.8470357505687336
TOKYOTECH_s01,126,98,129.26666666666668,0.28906723856925964,-1.0320755971427897
TOKYOTECH_s01,126,99,129.3,0.06343628466129303,-1.2080107519160983
TOKYOTECH_s01,126,100,129.33333333333334,-0.27339568734169006,-1.3253071141582258
TOKYOTECH_s01,126,101,129.36666666666667,-0.6485022306442261,-1.3293114154134695
TOKYOTECH_s01,126,102,129.4,-0.7632471919059753,-1.178632637674351
TOKYOTECH_s01,126,103,129.43333333333334,-1.0053378343582153,-0.8618942757716623
TOKYOTECH_s01,126,104,129.46666666666667,-1.0537322759628296,-0.40598895933060525
TOKYOTECH_s01,126,105,129.5,-0.9534387588500977,0.12826710255296978
TOKYOTECH_s01,126,106,129.53333333333333,-1.086966633796692,0.6617435807039987
TOKYOTECH_s01,126,107,129.56666666666666,-1.0109293460845947,1.1173686676543255
TOKYOTECH_s01,126,108,129.6,-0.9607628583908081,1.4370559522598836
TOKYOTECH_s01,126,109,129.63333333333333,-1.0379420518875122,1.5898826633684768
TOKYOTECH_s01,126,110,129.66666666666666,-1.1312264204025269,1.5719283915824442
TOKYOTECH_s01,126,111,129.7,-1.242978811264038,1.402040390066624
TOKYOTECH_s01,126,112,129.73333333333332,-1.0788154602050781,1.1168409766516052
TOKYOTECH_s01,126,113,129.76666666666668,0.2187790721654892,0.7651352804293015
TOKYOTECH_s01,126,114,129.8,1.7667728662490845,0.4004867284742684
TOKYOTECH_s01,126,115,129.83333333333334,2.322147846221924,0.07178213450517543
TOKYOTECH_s01,126,116,129.86666666666667,1.819026231765747,-0.18642612708256834
TOKYOTECH_s01,126,117,129.9,1.3552030324935913,-0.3608845645891676
TOKYOTECH_s01,126,118,129.93333333333334,0.8246749639511108,-0.4615604025943676
TOKYOTECH_s01,126,119,129.96666666666667,0.42936795949935913,-0.5176761752008612
TOKYOTECH_s01,126,120,130.0,0.22314992547035217,-0.5683672799337769
TOKYOTECH_s01,126,121,130.03333333333333,0.3545908033847809,-0.6496159495190964
TOKYOTECH_s01,126,122,130.06666666666666,0.38357236981391907,-0.7803604143714897
TOKYOTECH_s01,126,123,130.1,0.4633110463619232,-0.9518910686842779
TOKYOTECH_s01,126,124,130.13333333333333,0.19330206513404846,-1.1250858906378172
TOKYOTECH_s01,126,125,130.16666666666666,-0.11923421919345856,-1.2385413785719743
TOKYOTECH_s01,126,126,130.2,-0.45953139662742615,-1.2268845068427514
TOKYOTECH_s01,126,127,130.23333333333332,-0.6992987394332886,-1.0440252685852156
TOKYOTECH_s01,126,128,130.26666666666668,-0.7635622024536133,-0.6830719536151135
TOKYOTECH_s01,126,129,130.3,-0.9066587090492249,-0.18460488116266296
TOKYOTECH_s01,126,130,130.33333333333334,-0.8703529834747314,0.37144203411511695
TOKYOTECH_s01,126,131,130.36666666666667,-0.9131953120231628,0.8883710669706583
TOKYOTECH_s01,126,132,130.4,-0.9116201996803284,1.2806921052408164
TOKYOTECH_s01,126,133,130.43333333333334,-0.959030270576477,1.4958239037627024
TOKYOTECH_s01,126,134,130.46666666666667,-0.9277648329734802,1.5224442960393059
TOKYOTECH_s01,126,135,130.5,-1.0390839576721191,1.3858463099063065
TOKYOTECH_s01,126,136,130.53333333333333,-1.0916130542755127,1.1352977471940346
TOKYOTECH_s01,126,137,130.56666666666666,-0.7277684211730957,0.8289874681628615
TOKYOTECH_s01,126,138,130.6,0.5771896839141846,0.5204202395660964
TOKYOTECH_s01,126,139,130.63333333333333,2.116638660430908,0.24829256871277267
TOKYOTECH_s01,126,140,130.66666666666666,2.4125185012817383,0.03107771881175915
TOKYOTECH_s01,126,141,130.7,1.7957149744033813,-0.1330838755275163
TOKYOTECH_s01,126,142,130.73333333333332,1.2680615186691284,-0.261937536418319
TOKYOTECH_s01,126,143,130.76666666666668,0.9665114283561707,-0.38187309637485467
TOKYOTECH_s01,126,144,130.8,0.3918415606021881,-0.5193382198117906
TOKYOTECH_s01,126,145,130.83333333333334,0.3304526209831238,-0.6917543374859352
TOKYOTECH_s01,126,146,130.86666666666667,0.38672253489494324,-0.8991774401652523
TOKYOTECH_s01,126,147,130.9,0.42751723527908325,-1.118972899214249
TOKYOTECH_s01,126,148,130.93333333333334,0.3581741154193878,-1.3062710445451269
TOKYOTECH_s01,126,149,130.96666666666667,0.03453347459435463,-1.402187461044364
TOKYOTECH_s01,126,150,131.0,-0.24878497421741486,-1.3495646694565155
TOKYOTECH_s01,126,151,131.03333333333333,-0.5149743556976318,-1.1127518008869655
TOKYOTECH_s01,126,152,131.06666666666666,-0.8277075290679932,-0.6948636971991151
TOKYOTECH_s01,126,153,131.1,-0.8813785910606384,-0.14482933619449234
TOKYOTECH_s01,126,154,131.13333333333333,-0.8311333656311035,0.451072847412788
TOKYOTECH_s01,126,155,131.16666666666666,-0.9140616059303284,0.9921457722647318
TOKYOTECH_s01,126,156,131.2,-0.9926583766937256,1.3917773374849467
TOKYOTECH_s01,126,157,131.23333333333332,-0.9904926419258118,1.599317567460216
TOKYOTECH_s01,126,158,131.26666666666668,-1.036130666732788,1.6077766140081104
TOKYOTECH_s01,126,159,131.3,-0.9423343539237976,1.4478598335655666
TOKYOTECH_s01,126,160,131.33333333333334,-1.1495368480682373,1.173944764705085
TOKYOTECH_s01,126,161,131.36666666666667,-1.1058282852172852,0.8481109782749335
TOKYOTECH_s01,126,162,131.4,0.1545155942440033,0.5261459311747236
TOKYOTECH_s01,126,163,131.43333333333334,1.7125505208969116,0.2472841413964282
TOKYOTECH_s01,126,164,131.46666666666667,2.2563092708587646,0.028770044224284617
TOKYOTECH_s01,126,165,131.5,1.9927581548690796,-0.13398674827546486
TOKYOTECH_s01,126,166,131.53333333333333,1.3931232690811157,-0.26220720800567743
TOKYOTECH_s01,126,167,131.56666666666666,1.082988977432251,-0.38533685217613667
TOKYOTECH_s01,126,168,131.6,0.6457059383392334,-0.5313369121375527
TOKYOTECH_s01,126,169,131.63333333333333,0.27083563804626465,-0.717105961826807
TOKYOTECH_s01,126,170,131.66666666666666,0.3777051568031311,-0.9405942131845938
TOKYOTECH_s01,126,171,131.7,0.35781970620155334,-1.1766502842469317
TOKYOTECH_s01,126,172,131.73333333333332,0.27319827675819397,-1.3786366886096721
TOKYOTECH_s01,126,173,131.76666666666668,0.20413076877593994,-1.4870097982875379
TOKYOTECH_s01,126,174,131.8,-0.18546655774116516,-1.4443722602129365
TOKYOTECH_s01,126,175,131.83333333333334,-0.43661388754844666,-1.2140897352986515
TOKYOTECH_s01,126,176,131.86666666666667,-0.6596853137016296,-0.7970121992437609
TOKYOTECH_s01,126,177,131.9,-0.9203619360923767,-0.23938321450403305
TOKYOTECH_s01,126,178,131.93333333333334,-0.9369791150093079,0.37372767948885677
TOKYOTECH_s01,126,179,131.96666666666667,-0.8882696032524109,0.9397750115345662
TOKYOTECH_s01,126,180,132.0,-1.121185302734375,1.3672541619067007
TOKYOTECH_s01,126,181,132.03333333333333,-1.0316417217254639,1.5993939534279804
TOKYOTECH_s01,126,182,132.06666666666666,-0.9233152270317078,1.6244133239586858
TOKYOTECH_s01,126,183,132.1,-1.0231362581253052,1.4713144697238014
TOKYOTECH_s01,126,184,132.13333333333333,-1.2351820468902588,1.1959686826559528
TOKYOTECH_s01,126,185,132.16666666666666,-0.9687958359718323,0.8639017212422426
TOKYOTECH_s01,126,186,132.2,-0.2152356654405594,0.5346407121833648
TOKYOTECH_s01,126,187,132.23333333333332,1.1859601736068726,0.2502639769611084
TOKYOTECH_s01,126,188,132.26666666666668,2.2832038402557373,0.02965624104433444
TOKYOTECH_s01,126,189,132.3,2.1913371086120605,-0.13093572961134164
TOKYOTECH_s01,126,190,132.33333333333334,1.452307105064392,-0.25217363943720195
TOKYOTECH_s01,126,191,132.36666666666667,1.1472524404525757,-0.36312628454376106
TOKYOTECH_s01,126,192,132.4,0.6670876741409302,-0.4919735681664227
TOKYOTECH_s01,126,193,132.43333333333334,0.37380683422088623,-0.6568808989157863
TOKYOTECH_s01,126,194,132.46666666666667,0.3848324418067932,-0.8579856962749418
TOKYOTECH_s01,126,195,132.5,0.36195430159568787,-1.072367678500568
TOKYOTECH_s01,126,196,132.53333333333333,0.3526613116264343,-1.2546495037604148
TOKYOTECH_s01,126,197,132.56666666666666,0.3379342555999756,-1.34533062659187
TOKYOTECH_s01,126,198,132.6,-0.12982666492462158,-1.2866312460073634
TOKYOTECH_s01,126,199,132.63333333333333,-0.38656556606292725,-1.0422832758174332
TOKYOTECH_s01,126,200,132.66666666666666,-0.707725465297699,-0.6148325596904336
TOKYOTECH_s01,126,201,132.7,-0.9390267133712769,-0.053009028214763235
TOKYOTECH_s01,126,202,132.73333333333332,-0.9149672985076904,0.5562005491986054
TOKYOTECH_s01,126,203,132.76666666666668,-1.0512908697128296,1.1101613808565383
TOKYOTECH_s01,126,204,132.8,-1.1523720026016235,1.5193607308420243
TOKYOTECH_s01,126,205,132.83333333333334,-0.904807984828949,1.7301073327429646
TOKYOTECH_s01,126,206,132.86666666666667,-1.063064694404602,1.7331911695662063
TOKYOTECH_s01,126,207,132.9,-1.1402044296264648,1.55851217935862
TOKYOTECH_s01,126,208,132.93333333333334,-1.0231362581253052,1.261021329998554
TOKYOTECH_s01,126,209,132.96666666666667,-1.0591663122177124,0.9041889868668268
TOKYOTECH_s01,126,210,133.0,-0.5293470621109009,0.5452561793546294
TOKYOTECH_s01,126,211,133.03333333333333,1.2414425611495972,0.2243899148744013
TOKYOTECH_s01,126,212,133.06666666666666,2.258671998977661,-0.04090127693291248
TOKYOTECH_s01,126,213,133.1,1.991458773612976,-0.25520190884107463
TOKYOTECH_s01,126,214,133.13333333333333,1.4182064533233643,-0.43906017675925557
TOKYOTECH_s01,126,215,133.16666666666666,1.0967315435409546,-0.6194265538875066
TOKYOTECH_s01,126,216,133.2,0.7182385921478271,-0.8191297362438346
TOKYOTECH_s01,126,217,133.23333333333332,0.28430262207984924,-1.0474515904618147
TOKYOTECH_s01,126,218,133.26666666666668,0.3503774404525757,-1.2936630087497099
TOKYOTECH_s01,126,219,133.3,0.4763055145740509,-1.5254127401931166
TOKYOTECH_s01,126,220,133.33333333333334,0.5214316844940186,-1.6935255431527145
TOKYOTECH_s01,126,221,133.36666666666667,0.2594950199127197,-1.7434789112463203
TOKYOTECH_s01,126,222,133.4,-0.09438725560903549,-1.631533673756072
TOKYOTECH_s01,126,223,133.43333333333334,-0.3325401246547699,-1.3410108934308858
TOKYOTECH_s01,126,224,133.46666666666667,-0.6699627637863159,-0.8928203075066413
TOKYOTECH_s01,126,225,133.5,-0.9587546586990356,-0.3451589287783569
TOKYOTECH_s01,126,226,133.53333333333333,-0.8296763896942139,0.21929431023686458
TOKYOTECH_s01,126,227,133.56666666666666,-0.9021303057670593,0.7150894872524113
TOKYOTECH_s01,126,228,133.6,-0.9664331674575806,1.0762477636936525
TOKYOTECH_s01,126,229,133.63333333333333,-0.9207950830459595,1.2702195790247113
TOKYOTECH_s01,126,230,133.66666666666666,-0.7677755355834961,1.2999020564463108
TOKYOTECH_s01,126,231,133.7,-0.8188870549201965,1.1963273293265713
TOKYOTECH_s01,126,232,133.73333333333332,-1.1350460052490234,1.0071301271180264
TOKYOTECH_s01,126,233,133.76666666666668,-0.7374157905578613,0.7847830141790157
TOKYOTECH_s01,126,234,133.8,0.7334775328636169,0.5765470896651373
TOKYOTECH_s01,126,235,133.83333333333334,2.0303633213043213,0.41691276066606286
TOKYOTECH_s01,126,236,133.86666666666667,2.160386562347412,0.32324808044181197
TOKYOTECH_s01,126,237,133.9,1.618399739265442,0.295247306923913
TOKYOTECH_s01,126,238,133.93333333333334,1.355006217956543,0.3177204511876795
TOKYOTECH_s01,126,239,133.96666666666667,0.8831893801689148,0.3653485154137476
TOKYOTECH_s01,127,0,127.0,0.10679050534963608,0.10078999005946943
TOKYOTECH_s01,127,1,127.03333333333333,0.3048180937767029,0.3634787028297031
TOKYOTECH_s01,127,2,127.06666666666666,0.19172698259353638,0.6419662390950653
TOKYOTECH_s01,127,3,127.1,-0.13148051500320435,0.9362225295829473
TOKYOTECH_s01,127,4,127.13333333333334,-0.42031174898147583,1.2222723201989822
TOKYOTECH_s01,127,5,127.16666666666667,-0.7018188834190369,1.4575126076067526
TOKYOTECH_s01,127,6,127.2,-0.8878757953643799,1.5958881459952214
TOKYOTECH_s01,127,7,127.23333333333333,-1.0280190706253052,1.6050805901947227
TOKYOTECH_s01,127,8,127.26666666666667,-0.9736785888671875,1.4780503417306445
TOKYOTECH_s01,127,9,127.3,-1.017347812652588,1.2351884557783963
TOKYOTECH_s01,127,10,127.33333333333333,-0.9739148616790771,0.9177273246591363
TOKYOTECH_s01,127,11,127.36666666666666,-1.0455812215805054,0.5757819397682086
TOKYOTECH_s01,127,12,127.4,-0.7646647691726685,0.2549962322545671
TOKYOTECH_s01,127,13,127.43333333333334,0.5852226614952087,-0.014663864837062966
TOKYOTECH_s01,127,14,127.46666666666667,2.0226848125457764,-0.22491972384796816
TOKYOTECH_s01,127,15,127.5,2.1392412185668945,-0.38807970542396364
TOKYOTECH_s01,127,16,127.53333333333333,1.424861192703247,-0.5292782122715523
TOKYOTECH_s01,127,17,127.56666666666666,1.0528655052185059,-0.6749855088664946
TOKYOTECH_s01,127,18,127.6,0.6485410928726196,-0.8418135449219921
TOKYOTECH_s01,127,19,127.63333333333334,0.22874148190021515,-1.0289009722251783
TOKYOTECH_s01,127,20,127.66666666666667,0.03925872966647148,-1.2153273252886088
TOKYOTECH_s01,127,21,127.7,0.11234268546104431,-1.3627253962582628
TOKYOTECH_s01,127,22,127.73333333333333,0.3921959400177002,-1.4232188008442956
TOKYOTECH_s01,127,23,127.76666666666667,0.2958401143550873,-1.3523412108219115
TOKYOTECH_s01,127,24,127.8,-0.048197876662015915,-1.124328144786118
TOKYOTECH_s01,127,25,127.83333333333333,-0.4118063151836395,-0.7445849097312763
TOKYOTECH_s01,127,26,127.86666666666666,-0.6200719475746155,-0.25366801496766506
TOKYOTECH_s01,127,27,127.9,-0.8512550592422485,0.2801815562402909
TOKYOTECH_s01,127,28,127.93333333333334,-0.98056960105896,0.7779608420041374
TOKYOTECH_s01,127,29,127.96666666666667,-1.0256563425064087,1.1698374556507773
TOKYOTECH_s01,127,30,128.0,-0.9575733542442322,1.4104406596827253
TOKYOTECH_s01,127,31,128.03333333333333,-1.0443998575210571,1.4847367889724827
TOKYOTECH_s01,127,32,128.06666666666666,-1.0388083457946777,1.4049854377849185
TOKYOTECH_s01,127,33,128.1,-1.0752321481704712,1.202986731253865
TOKYOTECH_s01,127,34,128.13333333333333,-0.8518063426017761,0.9214611372448913
TOKYOTECH_s01,127,35,128.16666666666666,0.28280627727508545,0.6059387854068481
TOKYOTECH_s01,127,36,128.2,1.850055456161499,0.2971512904942432
TOKYOTECH_s01,127,37,128.23333333333332,2.2643423080444336,0.024260255975796834
TOKYOTECH_s01,127,38,128.26666666666668,1.692625641822815,-0.199750448825579
TOKYOTECH_s01,127,39,128.3,1.2329370975494385,-0.37878934229083117
TOKYOTECH_s01,127,40,128.33333333333334,0.8252262473106384,-0.529575958032899
TOKYOTECH_s01,127,41,128.36666666666667,0.39235344529151917,-0.67342672998941
TOKYOTECH_s01,127,42,128.4,0.25410035252571106,-0.8260022622751231
TOKYOTECH_s01,127,43,128.43333333333334,0.22547318041324615,-0.9880081814394369
TOKYOTECH_s01,127,44,128.46666666666667,0.29816335439682007,-1.1400663612197155
TOKYOTECH_s01,127,45,128.5,0.25445476174354553,-1.2443492336277215
TOKYOTECH_s01,127,46,128.53333333333333,0.1133664920926094,-1.2539301050307163
TOKYOTECH_s01,127,47,128.56666666666666,-0.19255444407463074,-1.1281295655250003
TOKYOTECH_s01,127,48,128.6,-0.5717561841011047,-0.8490823305342944
TOKYOTECH_s01,127,49,128.63333333333333,-0.6529124975204468,-0.4329014030160088
TOKYOTECH_s01,127,50,128.66666666666666,-0.8672028183937073,0.07018703947510774
TOKYOTECH_s01,127,51,128.7,-1.0231362581253052,0.5879129813104611
TOKYOTECH_s01,127,52,128.73333333333332,-0.9842316508293152,1.0452115416664374
TOKYOTECH_s01,127,53,128.76666666666668,-1.0102993249893188,1.382152739431837
TOKYOTECH_s01,127,54,128.8,-1.008251667022705,1.5641975143937878
TOKYOTECH_s01,127,55,128.83333333333334,-1.024908185005188,1.5836881961268852
TOKYOTECH_s01,127,56,128.86666666666667,-1.1648545265197754,1.4555389433808565
TOKYOTECH_s01,127,57,128.9,-0.9425706267356873,1.2109794375374856
TOKYOTECH_s01,127,58,128.93333333333334,0.2631177306175232,0.891450621961681
TOKYOTECH_s01,127,59,128.96666666666667,1.766851544380188,0.5425225969016628
TOKYOTECH_s01,127,60,129.0,2.2313835620880127,0.20701450897168222
TOKYOTECH_s01,127,61,129.03333333333333,1.7446823120117188,-0.0824529217757136
TOKYOTECH_s01,127,62,129.06666666666666,1.3011776208877563,-0.3096116932603643
TOKYOTECH_s01,127,63,129.1,0.8966169953346252,-0.476876675881074
TOKYOTECH_s01,127,64,129.13333333333333,0.31237849593162537,-0.6023821302469653
TOKYOTECH_s01,127,65,129.16666666666666,0.1971610188484192,-0.712208695411118
TOKYOTECH_s01,127,66,129.2,0.39337727427482605,-0.8298616844754169
TOKYOTECH_s01,127,67,129.23333333333332,0.352740079164505,-0.965874843197662
TOKYOTECH_s01,127,68,129.26666666666668,0.28906723856925964,-1.1106046445218636
TOKYOTECH_s01,127,69,129.3,0.06343628466129303,-1.232972468801994
TOKYOTECH_s01,127,70,129.33333333333334,-0.27339568734169006,-1.2869223752692702
TOKYOTECH_s01,127,71,129.36666666666667,-0.6485022306442261,-1.225140237172971
TOKYOTECH_s01,127,72,129.4,-0.7632471919059753,-1.0162990654215305
TOKYOTECH_s01,127,73,129.43333333333334,-1.0053378343582153,-0.6594938509791861
TOKYOTECH_s01,127,74,129.46666666666667,-1.0537322759628296,-0.18957014761473262
TOKYOTECH_s01,127,75,129.5,-0.9534387588500977,0.329627918201914
TOKYOTECH_s01,127,76,129.53333333333333,-1.086966633796692,0.821696000908744
TOKYOTECH_s01,127,77,129.56666666666666,-1.0109293460845947,1.2170128480499631
TOKYOTECH_s01,127,78,129.6,-0.9607628583908081,1.4675040756398001
TOKYOTECH_s01,127,79,129.63333333333333,-1.0379420518875122,1.5526391805293003
TOKYOTECH_s01,127,80,129.66666666666666,-1.1312264204025269,1.4776248842490471
TOKYOTECH_s01,127,81,129.7,-1.242978811264038,1.2679301432757135
TOKYOTECH_s01,127,82,129.73333333333332,-1.0788154602050781,0.9633403822095056
TOKYOTECH_s01,127,83,129.76666666666668,0.2187790721654892,0.6119459272841802
TOKYOTECH_s01,127,84,129.8,1.7667728662490845,0.2631190010716495
TOKYOTECH_s01,127,85,129.83333333333334,2.322147846221924,-0.04072862935975521
TOKYOTECH_s01,127,86,129.86666666666667,1.819026231765747,-0.27218231076974664
TOKYOTECH_s01,127,87,129.9,1.3552030324935913,-0.42416591142221927
TOKYOTECH_s01,127,88,129.93333333333334,0.8246749639511108,-0.510448562908355
TOKYOTECH_s01,127,89,129.96666666666667,0.42936795949935913,-0.5605428306367147
TOKYOTECH_s01,127,90,130.0,0.22314992547035217,-0.6097742839369666
TOKYOTECH_s01,127,91,130.03333333333333,0.3545908033847809,-0.6867194528546524
TOKYOTECH_s01,127,92,130.06666666666666,0.38357236981391907,-0.8013692539506547
TOKYOTECH_s01,127,93,130.1,0.4633110463619232,-0.9379771810771795
TOKYOTECH_s01,127,94,130.13333333333333,0.19330206513404846,-1.0560632163398536
TOKYOTECH_s01,127,95,130.16666666666666,-0.11923421919345856,-1.1008483118273447
TOKYOTECH_s01,127,96,130.2,-0.45953139662742615,-1.0207630971169186
TOKYOTECH_s01,127,97,130.23333333333332,-0.6992987394332886,-0.7864654932000773
TOKYOTECH_s01,127,98,130.26666666666668,-0.7635622024536133,-0.4047845789471816
TOKYOTECH_s01,127,99,130.3,-0.9066587090492249,0.07781847524217672
TOKYOTECH_s01,127,100,130.33333333333334,-0.8703529834747314,0.5848473424933966
TOKYOTECH_s01,127,101,130.36666666666667,-0.9131953120231628,1.0303013353687231
TOKYOTECH_s01,127,102,130.4,-0.9116201996803284,1.3425982659562032
TOKYOTECH_s01,127,103,130.43333333333334,-0.959030270576477,1.482278502320544
TOKYOTECH_s01,127,104,130.46666666666667,-0.9277648329734802,1.4476233144830362
TOKYOTECH_s01,127,105,130.5,-1.0390839576721191,1.2686812237548883
TOKYOTECH_s01,127,106,130.53333333333333,-1.0916130542755127,0.9944783149182025
TOKYOTECH_s01,127,107,130.56666666666666,-0.7277684211730957,0.6788558761180022
TOKYOTECH_s01,127,108,130.6,0.5771896839141846,0.3685595148426738
TOKYOTECH_s01,127,109,130.63333333333333,2.116638660430908,0.09517824277972166
TOKYOTECH_s01,127,110,130.66666666666666,2.4125185012817383,-0.12826738131990745
TOKYOTECH_s01,127,111,130.7,1.7957149744033813,-0.3057867202211692
TOKYOTECH_s01,127,112,130.73333333333332,1.2680615186691284,-0.45291885783801716
TOKYOTECH_s01,127,113,130.76666666666668,0.9665114283561707,-0.5893524136689787
TOKYOTECH_s01,127,114,130.8,0.3918415606021881,-0.7315007187635636
TOKYOTECH_s01,127,115,130.83333333333334,0.3304526209831238,-0.8860230431862
TOKYOTECH_s01,127,116,130.86666666666667,0.38672253489494324,-1.0450483941841395
TOKYOTECH_s01,127,117,130.9,0.42751723527908325,-1.184319592319764
TOKYOTECH_s01,127,118,130.93333333333334,0.3581741154193878,-1.2658737400834332
TOKYOTECH_s01,127,119,130.96666666666667,0.03453347459435463,-1.2462710326845179
TOKYOTECH_s01,127,120,131.0,-0.24878497421741486,-1.0894634775247765
TOKYOTECH_s01,127,121,131.03333333333333,-0.5149743556976318,-0.7810570679945543
TOKYOTECH_s01,127,122,131.06666666666666,-0.8277075290679932,-0.3391833197858203
TOKYOTECH_s01,127,123,131.1,-0.8813785910606384,0.1830291229715971
TOKYOTECH_s01,127,124,131.13333333333333,-0.8311333656311035,0.706793275011574
TOKYOTECH_s01,127,125,131.16666666666666,-0.9140616059303284,1.1477428630943314
TOKYOTECH_s01,127,126,131.2,-0.9926583766937256,1.4394385426838234
TOKYOTECH_s01,127,127,131.23333333333332,-0.9904926419258118,1.550160068333712
TOKYOTECH_s01,127,128,131.26666666666668,-1.036130666732788,1.4868212410994452
TOKYOTECH_s01,127,129,131.3,-0.9423343539237976,1.2869485624083834
TOKYOTECH_s01,127,130,131.33333333333334,-1.1495368480682373,1.0042797020801415
TOKYOTECH_s01,127,131,131.36666666666667,-1.1058282852172852,0.6939236568590569
TOKYOTECH_s01,127,132,131.4,0.1545155942440033,0.40064668215498406
TOKYOTECH_s01,127,133,131.43333333333334,1.7125505208969116,0.1514720992684463
TOKYOTECH_s01,127,134,131.46666666666667,2.2563092708587646,-0.04690189636925124
TOKYOTECH_s01,127,135,131.5,1.9927581548690796,-0.20552505538980564
TOKYOTECH_s01,127,136,131.53333333333333,1.3931232690811157,-0.3462753424003282
TOKYOTECH_s01,127,137,131.56666666666666,1.082988977432251,-0.4927803638930901
TOKYOTECH_s01,127,138,131.6,0.6457059383392334,-0.661621728546932
TOKYOTECH_s01,127,139,131.63333333333333,0.27083563804626465,-0.8556013265088072
TOKYOTECH_s01,127,140,131.66666666666666,0.3777051568031311,-1.0601209765646677
TOKYOTECH_s01,127,141,131.7,0.35781970620155334,-1.243375156479485
TOKYOTECH_s01,127,142,131.73333333333332,0.27319827675819397,-1.3609570999641911
TOKYOTECH_s01,127,143,131.76666666666668,0.20413076877593994,-1.3650621787971056
TOKYOTECH_s01,127,144,131.8,-0.18546655774116516,-1.2173114343188767
TOKYOTECH_s01,127,145,131.83333333333334,-0.43661388754844666,-0.9025730045641365
TOKYOTECH_s01,127,146,131.86666666666667,-0.6596853137016296,-0.43968452946378117
TOKYOTECH_s01,127,147,131.9,-0.9203619360923767,0.11573659541724529
TOKYOTECH_s01,127,148,131.93333333333334,-0.9369791150093079,0.6802055433570632
TOKYOTECH_s01,127,149,131.96666666666667,-0.8882696032524109,1.1626184394604542
TOKYOTECH_s01,127,150,132.0,-1.121185302734375,1.488974353740908
TOKYOTECH_s01,127,151,132.03333333333333,-1.0316417217254639,1.6212431296546532
TOKYOTECH_s01,127,152,132.06666666666666,-0.9233152270317078,1.563358218131353
TOKYOTECH_s01,127,153,132.1,-1.0231362581253052,1.3541895178071068
TOKYOTECH_s01,127,154,132.13333333333333,-1.2351820468902588,1.052430445474084
TOKYOTECH_s01,127,155,132.16666666666666,-0.9687958359718323,0.7196350479753103
TOKYOTECH_s01,127,156,132.2,-0.2152356654405594,0.4060780114626004
TOKYOTECH_s01,127,157,132.23333333333332,1.1859601736068726,0.14187725066718496
TOKYOTECH_s01,127,158,132.26666666666668,2.2832038402557373,-0.06555913696589184
TOKYOTECH_s01,127,159,132.3,2.1913371086120605,-0.2278677882989879
TOKYOTECH_s01,127,160,132.33333333333334,1.452307105064392,-0.3676966356758178
TOKYOTECH_s01,127,161,132.36666666666667,1.1472524404525757,-0.509306530526627
TOKYOTECH_s01,127,162,132.4,0.6670876741409302,-0.6702332255946654
TOKYOTECH_s01,127,163,132.43333333333334,0.37380683422088623,-0.8550378594108282
TOKYOTECH_s01,127,164,132.46666666666667,0.3848324418067932,-1.0514591485217561
TOKYOTECH_s01,127,165,132.5,0.36195430159568787,-1.2296568627454316
TOKYOTECH_s01,127,166,132.53333333333333,0.3526613116264343,-1.3459601781233461
TOKYOTECH_s01,127,167,132.56666666666666,0.3379342555999756,-1.3521511645932678
TOKYOTECH_s01,127,168,132.6,-0.12982666492462158,-1.2091764171815307
TOKYOTECH_s01,127,169,132.63333333333333,-0.38656556606292725,-0.9016617077611098
TOKYOTECH_s01,127,170,132.66666666666666,-0.707725465297699,-0.4483944337943683
TOKYOTECH_s01,127,171,132.7,-0.9390267133712769,0.09579805413215044
TOKYOTECH_s01,127,172,132.73333333333332,-0.9149672985076904,0.6496579269448911
TOKYOTECH_s01,127,173,132.76666666666668,-1.0512908697128296,1.1253800810174766
TOKYOTECH_s01,127,174,132.8,-1.1523720026016235,1.4518456222725382
TOKYOTECH_s01,127,175,132.83333333333334,-0.904807984828949,1.5916728054721778
TOKYOTECH_s01,127,176,132.86666666666667,-1.063064694404602,1.5461983507124804
TOKYOTECH_s01,127,177,132.9,-1.1402044296264648,1.3490022050147725
TOKYOTECH_s01,127,178,132.93333333333334,-1.0231362581253052,1.0528073662023256
TOKYOTECH_s01,127,179,132.96666666666667,-1.0591663122177124,0.7150688274885054
TOKYOTECH_s01,127,180,133.0,-0.5293470621109009,0.38570479838748295
TOKYOTECH_s01,127,181,133.03333333333333,1.2414425611495972,0.09852232704949876
TOKYOTECH_s01,127,182,133.06666666666666,2.258671998977661,-0.13272977491867666
TOKYOTECH_s01,127,183,133.1,1.991458773612976,-0.3130933821734185
TOKYOTECH_s01,127,184,133.13333333333333,1.4182064533233643,-0.46059202683703804
TOKYOTECH_s01,127,185,133.16666666666666,1.0967315435409546,-0.5978739764971003
TOKYOTECH_s01,127,186,133.2,0.7182385921478271,-0.7434776149581236
TOKYOTECH_s01,127,187,133.23333333333332,0.28430262207984924,-0.9042457093517745
TOKYOTECH_s01,127,188,133.26666666666668,0.3503774404525757,-1.0699675367845511
TOKYOTECH_s01,127,189,133.3,0.4763055145740509,-1.211679275791194
TOKYOTECH_s01,127,190,133.33333333333334,0.5214316844940186,-1.2856930038275352
TOKYOTECH_s01,127,191,133.36666666666667,0.2594950199127197,-1.2445433236702113
TOKYOTECH_s01,127,192,133.4,-0.09438725560903549,-1.052849412255876
TOKYOTECH_s01,127,193,133.43333333333334,-0.3325401246547699,-0.7027661669500287
TOKYOTECH_s01,127,194,133.46666666666667,-0.6699627637863159,-0.22283152828372946
TOKYOTECH_s01,127,195,133.5,-0.9587546586990356,0.3241575067594778
TOKYOTECH_s01,127,196,133.53333333333333,-0.8296763896942139,0.8550235433479545
TOKYOTECH_s01,127,197,133.56666666666666,-0.9021303057670593,1.2878842662317334
TOKYOTECH_s01,127,198,133.6,-0.9664331674575806,1.563397628966103
TOKYOTECH_s01,127,199,133.63333333333333,-0.9207950830459595,1.6571451288434542
TOKYOTECH_s01,127,200,133.66666666666666,-0.7677755355834961,1.5799054653445384
TOKYOTECH_s01,127,201,133.7,-0.8188870549201965,1.3687084897599666
TOKYOTECH_s01,127,202,133.73333333333332,-1.1350460052490234,1.073885401143911
TOKYOTECH_s01,127,203,133.76666666666668,-0.7374157905578613,0.7462375885708001
TOKYOTECH_s01,127,204,133.8,0.7334775328636169,0.4266798943842869
TOKYOTECH_s01,127,205,133.83333333333334,2.0303633213043213,0.13970106824960377
TOKYOTECH_s01,127,206,133.86666666666667,2.160386562347412,-0.10835499848411355
TOKYOTECH_s01,127,207,133.9,1.618399739265442,-0.32588746609636726
TOKYOTECH_s01,127,208,133.93333333333334,1.355006217956543,-0.5288046731485306
TOKYOTECH_s01,127,209,133.96666666666667,0.8831893801689148,-0.7319745780704184
TOKYOTECH_s01,127,210,134.0,0.41393211483955383,-0.9416277584465679
TOKYOTECH_s01,127,211,134.03333333333333,0.3232859671115875,-1.1501395882765262
TOKYOTECH_s01,127,212,134.06666666666666,0.4083012044429779,-1.3343447746530883
TOKYOTECH_s01,127,213,134.1,0.43377819657325745,-1.4584791845627898
TOKYOTECH_s01,127,214,134.13333333333333,0.34978678822517395,-1.482123795177735
TOKYOTECH_s01,127,215,134.16666666666666,-0.03614847734570503,-1.3719950795572853
TOKYOTECH_s01,127,216,134.2,-0.2947380840778351,-1.1145522670932266
TOKYOTECH_s01,127,217,134.23333333333332,-0.6256635189056396,-0.7249023777753645
TOKYOTECH_s01,127,218,134.26666666666668,-0.786873459815979,-0.2474684563336243
TOKYOTECH_s01,127,219,134.3,-0.8244392275810242,0.2533492851857006
TOKYOTECH_s01,127,220,134.33333333333334,-1.0371150970458984,0.7092523976109213
TOKYOTECH_s01,127,221,134.36666666666667,-0.9495797753334045,1.0639805189806286
TOKYOTECH_s01,127,222,134.4,-0.754505455493927,1.2831136451520773
TOKYOTECH_s01,127,223,134.43333333333334,-0.877440869808197,1.3559856153106873
TOKYOTECH_s01,127,224,134.46666666666667,-1.0699162483215332,1.2921492189700101
TOKYOTECH_s01,127,225,134.5,-1.03081476688385,1.1162004503581062
TOKYOTECH_s01,127,226,134.53333333333333,-0.4753609895706177,0.862881291750479
TOKYOTECH_s01,127,227,134.56666666666666,0.9729298949241638,0.571977541649658
TOKYOTECH_s01,127,228,134.6,2.2016143798828125,0.28230158012672224
TOKYOTECH_s01,127,229,134.63333333333333,1.997483491897583,0.025512216087856185
TOKYOTECH_s01,127,230,134.66666666666666,1.4176552295684814,-0.17831269970874822
TOKYOTECH_s01,127,231,134.7,1.1428028345108032,-0.3217600683037839
TOKYOTECH_s01,127,232,134.73333333333332,0.7907712459564209,-0.40788927030581834
TOKYOTECH_s01,127,233,134.76666666666668,0.30292800068855286,-0.4463261182542442
TOKYOTECH_s01,127,234,134.8,0.2582349479198456,-0.4492983445045712
TOKYOTECH_s01,127,235,134.83333333333334,0.31273290514945984,-0.42846039558982274
TOKYOTECH_s01,127,236,134.86666666666667,0.41936618089675903,-0.39272522590237335
TOKYOTECH_s01,127,237,134.9,0.04394460842013359,-0.34715569445513006
TOKYOTECH_s01,127,238,134.93333333333334,-0.18499402701854706,-0.2929984335659099
TOKYOTECH_s01,127,239,134.96666666666667,-0.34557396173477173,-0.22882470981484776
TOKYOTECH_s01,128,0,128.0,-0.9575733542442322,-0.08193884940868404
TOKYOTECH_s01,128,1,128.03333333333333,-1.0443998575210571,0.08550115245340104
TOKYOTECH_s01,128,2,128.06666666666666,-1.0388083457946777,0.21562958225808507
TOKYOTECH_s01,128,3,128.1,-1.0752321481704712,0.27939560987517453
TOKYOTECH_s01,128,4,128.13333333333333,-0.8518063426017761,0.2640248129789851
TOKYOTECH_s01,128,5,128.16666666666666,0.28280627727508545,0.17522593004751
TOKYOTECH_s01,128,6,128.2,1.850055456161499,0.03348101519109362
TOKYOTECH_s01,128,7,128.23333333333332,2.2643423080444336,-0.13458725924802
TOKYOTECH_s01,128,8,128.26666666666668,1.692625641822815,-0.3061690030965527
TOKYOTECH_s01,128,9,128.3,1.2329370975494385,-0.4689319239565872
TOKYOTECH_s01,128,10,128.33333333333334,0.8252262473106384,-0.6216070810839417
TOKYOTECH_s01,128,11,128.36666666666667,0.39235344529151917,-0.7688643793322253
TOKYOTECH_s01,128,12,128.4,0.25410035252571106,-0.913159538498272
TOKYOTECH_s01,128,13,128.43333333333334,0.22547318041324615,-1.0470419053584448
TOKYOTECH_s01,128,14,128.46666666666667,0.29816335439682007,-1.1490882391131139
TOKYOTECH_s01,128,15,128.5,0.25445476174354553,-1.1857019343893704
TOKYOTECH_s01,128,16,128.53333333333333,0.1133664920926094,-1.1196372546222404
TOKYOTECH_s01,128,17,128.56666666666666,-0.19255444407463074,-0.9237774698685458
TOKYOTECH_s01,128,18,128.6,-0.5717561841011047,-0.5955113096915595
TOKYOTECH_s01,128,19,128.63333333333333,-0.6529124975204468,-0.16472798595040494
TOKYOTECH_s01,128,20,128.66666666666666,-0.8672028183937073,0.310645603997029
TOKYOTECH_s01,128,21,128.7,-1.0231362581253052,0.7619126281220089
TOKYOTECH_s01,128,22,128.73333333333332,-0.9842316508293152,1.1315738661524979
TOKYOTECH_s01,128,23,128.76666666666668,-1.0102993249893188,1.3880138358773744
TOKYOTECH_s01,128,24,128.8,-1.008251667022705,1.5262544554410213
TOKYOTECH_s01,128,25,128.83333333333334,-1.024908185005188,1.5576615208918125
TOKYOTECH_s01,128,26,128.86666666666667,-1.1648545265197754,1.4973563276002642
TOKYOTECH_s01,128,27,128.9,-0.9425706267356873,1.3573451733754385
TOKYOTECH_s01,128,28,128.93333333333334,0.2631177306175232,1.147760316132623
TOKYOTECH_s01,128,29,128.96666666666667,1.766851544380188,0.8824721464947675
TOKYOTECH_s01,128,30,129.0,2.2313835620880127,0.5827947634756233
TOKYOTECH_s01,128,31,129.03333333333333,1.7446823120117188,0.27523027723167126
TOKYOTECH_s01,128,32,129.06666666666666,1.3011776208877563,-0.015767321068322255
TOKYOTECH_s01,128,33,129.1,0.8966169953346252,-0.27527521361909885
TOKYOTECH_s01,128,34,129.13333333333333,0.31237849593162537,-0.5011985617506189
TOKYOTECH_s01,128,35,129.16666666666666,0.1971610188484192,-0.7018393371765008
TOKYOTECH_s01,128,36,129.2,0.39337727427482605,-0.8888411681713843
TOKYOTECH_s01,128,37,129.23333333333332,0.352740079164505,-1.0681011509080622
TOKYOTECH_s01,128,38,129.26666666666668,0.28906723856925964,-1.2318795099685274
TOKYOTECH_s01,128,39,129.3,0.06343628466129303,-1.35544418717239
TOKYOTECH_s01,128,40,129.33333333333334,-0.27339568734169006,-1.400975164733622
TOKYOTECH_s01,128,41,129.36666666666667,-0.6485022306442261,-1.329274885103484
TOKYOTECH_s01,128,42,129.4,-0.7632471919059753,-1.1160148417909148
TOKYOTECH_s01,128,43,129.43333333333334,-1.0053378343582153,-0.7656995327352834
TOKYOTECH_s01,128,44,129.46666666666667,-1.0537322759628296,-0.3158974767655122
TOKYOTECH_s01,128,45,129.5,-0.9534387588500977,0.17170170342741287
TOKYOTECH_s01,128,46,129.53333333333333,-1.086966633796692,0.6294887923894573
TOKYOTECH_s01,128,47,129.56666666666666,-1.0109293460845947,1.0020916086468659
TOKYOTECH_s01,128,48,129.6,-0.9607628583908081,1.2561661527933785
TOKYOTECH_s01,128,49,129.63333333333333,-1.0379420518875122,1.379674196007684
TOKYOTECH_s01,128,50,129.66666666666666,-1.1312264204025269,1.3751866878939476
TOKYOTECH_s01,128,51,129.7,-1.242978811264038,1.2541547402866366
TOKYOTECH_s01,128,52,129.73333333333332,-1.0788154602050781,1.0356690852729369
TOKYOTECH_s01,128,53,129.76666666666668,0.2187790721654892,0.7478268186005483
TOKYOTECH_s01,128,54,129.8,1.7667728662490845,0.4273027778613754
TOKYOTECH_s01,128,55,129.83333333333334,2.322147846221924,0.11428302637259381
TOKYOTECH_s01,128,56,129.86666666666667,1.819026231765747,-0.15629986261243875
TOKYOTECH_s01,128,57,129.9,1.3552030324935913,-0.3634217086731855
TOKYOTECH_s01,128,58,129.93333333333334,0.8246749639511108,-0.5047564964094197
TOKYOTECH_s01,128,59,129.96666666666667,0.42936795949935913,-0.5957904030951756
TOKYOTECH_s01,128,60,130.0,0.22314992547035217,-0.6633432641400526
TOKYOTECH_s01,128,61,130.03333333333333,0.3545908033847809,-0.7349603901999041
TOKYOTECH_s01,128,62,130.06666666666666,0.38357236981391907,-0.8268442690122683
TOKYOTECH_s01,128,63,130.1,0.4633110463619232,-0.9341264939321761
TOKYOTECH_s01,128,64,130.13333333333333,0.19330206513404846,-1.0277903551390748
TOKYOTECH_s01,128,65,130.16666666666666,-0.11923421919345856,-1.0612206032672464
TOKYOTECH_s01,128,66,130.2,-0.45953139662742615,-0.9857356509488466
TOKYOTECH_s01,128,67,130.23333333333332,-0.6992987394332886,-0.770140771562968
TOKYOTECH_s01,128,68,130.26666666666668,-0.7635622024536133,-0.41665900730599664
TOKYOTECH_s01,128,69,130.3,-0.9066587090492249,0.03400274169687038
TOKYOTECH_s01,128,70,130.33333333333334,-0.8703529834747314,0.5118936135032588
TOKYOTECH_s01,128,71,130.36666666666667,-0.9131953120231628,0.9384187756901269
TOKYOTECH_s01,128,72,130.4,-0.9116201996803284,1.2491897966571908
TOKYOTECH_s01,128,73,130.43333333333334,-0.959030270576477,1.408964234691101
TOKYOTECH_s01,128,74,130.46666666666667,-0.9277648329734802,1.4143531025468792
TOKYOTECH_s01,128,75,130.5,-1.0390839576721191,1.287262274300367
TOKYOTECH_s01,128,76,130.53333333333333,-1.0916130542755127,1.064743733189972
TOKYOTECH_s01,128,77,130.56666666666666,-0.7277684211730957,0.7892359813964512
TOKYOTECH_s01,128,78,130.6,0.5771896839141846,0.5004712018064087
TOKYOTECH_s01,128,79,130.63333333333333,2.116638660430908,0.22905190687187443
TOKYOTECH_s01,128,80,130.66666666666666,2.4125185012817383,-0.00775582779753136
TOKYOTECH_s01,128,81,130.7,1.7957149744033813,-0.20687740758754464
TOKYOTECH_s01,128,82,130.73333333333332,1.2680615186691284,-0.3766914124408984
TOKYOTECH_s01,128,83,130.76666666666668,0.9665114283561707,-0.5318207880296479
TOKYOTECH_s01,128,84,130.8,0.3918415606021881,-0.686902527341479
TOKYOTECH_s01,128,85,130.83333333333334,0.3304526209831238,-0.8503160004509122
TOKYOTECH_s01,128,86,130.86666666666667,0.38672253489494324,-1.0186034482987738
TOKYOTECH_s01,128,87,130.9,0.42751723527908325,-1.1727834261456174
TOKYOTECH_s01,128,88,130.93333333333334,0.3581741154193878,-1.278572232703728
TOKYOTECH_s01,128,89,130.96666666666667,0.03453347459435463,-1.2925174134937671
TOKYOTECH_s01,128,90,131.0,-0.24878497421741486,-1.1743207618698426
TOKYOTECH_s01,128,91,131.03333333333333,-0.5149743556976318,-0.9026086165085775
TOKYOTECH_s01,128,92,131.06666666666666,-0.8277075290679932,-0.48851483211886726
TOKYOTECH_s01,128,93,131.1,-0.8813785910606384,0.0196179791194556
TOKYOTECH_s01,128,94,131.13333333333333,-0.8311333656311035,0.5449404538455684
TOKYOTECH_s01,128,95,131.16666666666666,-0.9140616059303284,1.0028685989374806
TOKYOTECH_s01,128,96,131.2,-0.9926583766937256,1.3254161306432108
TOKYOTECH_s01,128,97,131.23333333333332,-0.9904926419258118,1.4780149004073742
TOKYOTECH_s01,128,98,131.26666666666668,-1.036130666732788,1.4629512755246454
TOKYOTECH_s01,128,99,131.3,-0.9423343539237976,1.3114628011355083
TOKYOTECH_s01,128,100,131.33333333333334,-1.1495368480682373,1.0705967422025533
TOKYOTECH_s01,128,101,131.36666666666667,-1.1058282852172852,0.7901900287072364
TOKYOTECH_s01,128,102,131.4,0.1545155942440033,0.5125004884001956
TOKYOTECH_s01,128,103,131.43333333333334,1.7125505208969116,0.2650683280486143
TOKYOTECH_s01,128,104,131.46666666666667,2.2563092708587646,0.05747196654766826
TOKYOTECH_s01,128,105,131.5,1.9927581548690796,-0.11706886618310895
TOKYOTECH_s01,128,106,131.53333333333333,1.3931232690811157,-0.27563300801246365
TOKYOTECH_s01,128,107,131.56666666666666,1.082988977432251,-0.4373125936714795
TOKYOTECH_s01,128,108,131.6,0.6457059383392334,-0.6154051319095581
TOKYOTECH_s01,128,109,131.63333333333333,0.27083563804626465,-0.8118532518015669
TOKYOTECH_s01,128,110,131.66666666666666,0.3777051568031311,-1.0144344939036505
TOKYOTECH_s01,128,111,131.7,0.35781970620155334,-1.1966028059372504
TOKYOTECH_s01,128,112,131.73333333333332,0.27319827675819397,-1.3202365445880946
TOKYOTECH_s01,128,113,131.76666666666668,0.20413076877593994,-1.3420876491494678
TOKYOTECH_s01,128,114,131.8,-0.18546655774116516,-1.2243651775743105
TOKYOTECH_s01,128,115,131.83333333333334,-0.43661388754844666,-0.9480990226478099
TOKYOTECH_s01,128,116,131.86666666666667,-0.6596853137016296,-0.5252609323412113
TOKYOTECH_s01,128,117,131.9,-0.9203619360923767,-0.003769154849863959
TOKYOTECH_s01,128,118,131.93333333333334,-0.9369791150093079,0.5395396191571894
TOKYOTECH_s01,128,119,131.96666666666667,-0.8882696032524109,1.0179632340187068
TOKYOTECH_s01,128,120,132.0,-1.121185302734375,1.3589244536419993
TOKYOTECH_s01,128,121,132.03333333333333,-1.0316417217254639,1.5223509809213198
TOKYOTECH_s01,128,122,132.06666666666666,-0.9233152270317078,1.506679186868284
TOKYOTECH_s01,128,123,132.1,-1.0231362581253052,1.34282620064578
TOKYOTECH_s01,128,124,132.13333333333333,-1.2351820468902588,1.081079470663511
TOKYOTECH_s01,128,125,132.16666666666666,-0.9687958359718323,0.7764514897689263
TOKYOTECH_s01,128,126,132.2,-0.2152356654405594,0.4762505849859365
TOKYOTECH_s01,128,127,132.23333333333332,1.1859601736068726,0.21170860292782942
TOKYOTECH_s01,128,128,132.26666666666668,2.2832038402557373,-0.00530505515005041
TOKYOTECH_s01,128,129,132.3,2.1913371086120605,-0.18016738304259494
TOKYOTECH_s01,128,130,132.33333333333334,1.452307105064392,-0.3292802321242013
TOKYOTECH_s01,128,131,132.36666666666667,1.1472524404525757,-0.4723288455633168
TOKYOTECH_s01,128,132,132.4,0.6670876741409302,-0.625221047393363
TOKYOTECH_s01,128,133,132.43333333333334,0.37380683422088623,-0.7945643192769424
TOKYOTECH_s01,128,134,132.46666666666667,0.3848324418067932,-0.9737040544736456
TOKYOTECH_s01,128,135,132.5,0.36195430159568787,-1.1406390422823955
TOKYOTECH_s01,128,136,132.53333333333333,0.3526613116264343,-1.2591248275709253
TOKYOTECH_s01,128,137,132.56666666666666,0.3379342555999756,-1.2847515553390159
TOKYOTECH_s01,128,138,132.6,-0.12982666492462158,-1.1766657382692096
TOKYOTECH_s01,128,139,132.63333333333333,-0.38656556606292725,-0.9128897836443519
TOKYOTECH_s01,128,140,132.66666666666666,-0.707725465297699,-0.5040340499269198
TOKYOTECH_s01,128,141,132.7,-0.9390267133712769,0.001449570512953931
TOKYOTECH_s01,128,142,132.73333333333332,-0.9149672985076904,0.5255793638115152
TOKYOTECH_s01,128,143,132.76666666666668,-1.0512908697128296,0.9819182837864195
TOKYOTECH_s01,128,144,132.8,-1.1523720026016235,1.3009045587984154
TOKYOTECH_s01,128,145,132.83333333333334,-0.904807984828949,1.447777088163629
TOKYOTECH_s01,128,146,132.86666666666667,-1.063064694404602,1.4264404897254104
TOKYOTECH_s01,128,147,132.9,-1.1402044296264648,1.2708917247509188
TOKYOTECH_s01,128,148,132.93333333333334,-1.0231362581253052,1.030593235579996
TOKYOTECH_s01,128,149,132.96666666666667,-1.0591663122177124,0.7559876212335489
TOKYOTECH_s01,128,150,133.0,-0.5293470621109009,0.4875200119264061
TOKYOTECH_s01,128,151,133.03333333333333,1.2414425611495972,0.2490898423848366
TOKYOTECH_s01,128,152,133.06666666666666,2.258671998977661,0.046298216040282704
TOKYOTECH_s01,128,153,133.1,1.991458773612976,-0.13026836628894006
TOKYOTECH_s01,128,154,133.13333333333333,1.4182064533233643,-0.297811962435701
TOKYOTECH_s01,128,155,133.16666666666666,1.0967315435409546,-0.47277532595653227
TOKYOTECH_s01,128,156,133.2,0.7182385921478271,-0.663669989592909
TOKYOTECH_s01,128,157,133.23333333333332,0.28430262207984924,-0.8666922463216431
TOKYOTECH_s01,128,158,133.26666666666668,0.3503774404525757,-1.0641059837950757
TOKYOTECH_s01,128,159,133.3,0.4763055145740509,-1.2250951793196263
TOKYOTECH_s01,128,160,133.33333333333334,0.5214316844940186,-1.3098005725132207
TOKYOTECH_s01,128,161,133.36666666666667,0.2594950199127197,-1.2777553465513782
TOKYOTECH_s01,128,162,133.4,-0.09438725560903549,-1.1003370457566355
TOKYOTECH_s01,128,163,133.43333333333334,-0.3325401246547699,-0.7738689898269786
TOKYOTECH_s01,128,164,133.46666666666667,-0.6699627637863159,-0.3277220723936918
TOKYOTECH_s01,128,165,133.5,-0.9587546586990356,0.1778610923606378
TOKYOTECH_s01,128,166,133.53333333333333,-0.8296763896942139,0.6657416655136109
TOKYOTECH_s01,128,167,133.56666666666666,-0.9021303057670593,1.0632674909414748
TOKYOTECH_s01,128,168,133.6,-0.9664331674575806,1.32179632066888
TOKYOTECH_s01,128,169,133.63333333333333,-0.9207950830459595,1.42562074015176
TOKYOTECH_s01,128,170,133.66666666666666,-0.7677755355834961,1.3883632179466985
TOKYOTECH_s01,128,171,133.7,-0.8188870549201965,1.2419743470079796
TOKYOTECH_s01,128,172,133.73333333333332,-1.1350460052490234,1.024912994959351
TOKYOTECH_s01,128,173,133.76666666666668,-0.7374157905578613,0.7731082643743524
TOKYOTECH_s01,128,174,133.8,0.7334775328636169,0.5141740554001205
TOKYOTECH_s01,128,175,133.83333333333334,2.0303633213043213,0.2642836356488109
TOKYOTECH_s01,128,176,133.86666666666667,2.160386562347412,0.02784751312417202
TOKYOTECH_s01,128,177,133.9,1.618399739265442,-0.1993924895380633
TOKYOTECH_s01,128,178,133.93333333333334,1.355006217956543,-0.42446209258805273
TOKYOTECH_s01,128,179,133.96666666666667,0.8831893801689148,-0.6506250789510348
TOKYOTECH_s01,128,180,134.0,0.41393211483955383,-0.8725242643563385
TOKYOTECH_s01,128,181,134.03333333333333,0.3232859671115875,-1.0742359246516615
TOKYOTECH_s01,128,182,134.06666666666666,0.4083012044429779,-1.2304223788643631
TOKYOTECH_s01,128,183,134.1,0.43377819657325745,-1.3102641716308832
TOKYOTECH_s01,128,184,134.13333333333333,0.34978678822517395,-1.2838039065160969
TOKYOTECH_s01,128,185,134.16666666666666,-0.03614847734570503,-1.1302284635714959
TOKYOTECH_s01,128,186,134.2,-0.2947380840778351,-0.8468468159383038
TOKYOTECH_s01,128,187,134.23333333333332,-0.6256635189056396,-0.45574548875104587
TOKYOTECH_s01,128,188,134.26666666666668,-0.786873459815979,-0.003513301882513858
TOKYOTECH_s01,128,189,134.3,-0.8244392275810242,0.44870716613995604
TOKYOTECH_s01,128,190,134.33333333333334,-1.0371150970458984,0.8415276742193102
TOKYOTECH_s01,128,191,134.36666666666667,-0.9495797753334045,1.1318747988925806
TOKYOTECH_s01,128,192,134.4,-0.754505455493927,1.299215557317508
TOKYOTECH_s01,128,193,134.43333333333334,-0.877440869808197,1.3428183720075995
TOKYOTECH_s01,128,194,134.46666666666667,-1.0699162483215332,1.274655965411118
TOKYOTECH_s01,128,195,134.5,-1.03081476688385,1.1135256882249047
TOKYOTECH_s01,128,196,134.53333333333333,-0.4753609895706177,0.8825386116252956
TOKYOTECH_s01,128,197,134.56666666666666,0.9729298949241638,0.6080613482819693
TOKYOTECH_s01,128,198,134.6,2.2016143798828125,0.31723468395435245
TOKYOTECH_s01,128,199,134.63333333333333,1.997483491897583,0.03329392277945594
TOKYOTECH_s01,128,200,134.66666666666666,1.4176552295684814,-0.22931714167287973
TOKYOTECH_s01,128,201,134.7,1.1428028345108032,-0.4669883338891417
TOKYOTECH_s01,128,202,134.73333333333332,0.7907712459564209,-0.684568175851234
TOKYOTECH_s01,128,203,134.76666666666668,0.30292800068855286,-0.8893970683482829
TOKYOTECH_s01,128,204,134.8,0.2582349479198456,-1.0839511514306037
TOKYOTECH_s01,128,205,134.83333333333334,0.31273290514945984,-1.2595727350057597
TOKYOTECH_s01,128,206,134.86666666666667,0.41936618089675903,-1.3936160516631735
TOKYOTECH_s01,128,207,134.9,0.04394460842013359,-1.4518469398244354
TOKYOTECH_s01,128,208,134.93333333333334,-0.18499402701854706,-1.3967965692338502
TOKYOTECH_s01,128,209,134.96666666666667,-0.34557396173477173,-1.200767054951714
TOKYOTECH_s01,128,210,135.0,-0.6970936059951782,-0.8595962228942944
TOKYOTECH_s01,128,211,135.03333333333333,-0.7635622024536133,-0.40110804869403155
TOKYOTECH_s01,128,212,135.06666666666666,-0.9298912286758423,0.11774881837582991
TOKYOTECH_s01,128,213,135.1,-0.8961449861526489,0.626429934148779
TOKYOTECH_s01,128,214,135.13333333333333,-0.8289676308631897,1.0622332127622094
TOKYOTECH_s01,128,215,135.16666666666666,-1.074326515197754,1.3863623459774292
TOKYOTECH_s01,128,216,135.2,-1.0809024572372437,1.58746368644666
TOKYOTECH_s01,128,217,135.23333333333332,-1.0527478456497192,1.674055213178499
TOKYOTECH_s01,128,218,135.26666666666668,-1.0504640340805054,1.6630277724026885
TOKYOTECH_s01,128,219,135.3,-0.9672601222991943,1.571453149597505
TOKYOTECH_s01,128,220,135.33333333333334,-0.05662458389997482,1.41456179837795
TOKYOTECH_s01,128,221,135.36666666666667,1.648168921470642,1.2076508819582024
TOKYOTECH_s01,128,222,135.4,2.3115947246551514,0.9674309170837241
TOKYOTECH_s01,128,223,135.43333333333334,1.9841740131378174,0.7100022537268432
TOKYOTECH_s01,128,224,135.46666666666667,1.3514622449874878,0.44660528241566594
TOKYOTECH_s01,128,225,135.5,0.7895899415016174,0.18087147898701617
TOKYOTECH_s01,128,226,135.53333333333333,0.5499013662338257,-0.08979901751085106
TOKYOTECH_s01,128,227,135.56666666666666,0.45555374026298523,-0.3691423075407944
TOKYOTECH_s01,128,228,135.6,0.43117931485176086,-0.6556862553707481
TOKYOTECH_s01,128,229,135.63333333333333,0.6566921472549438,-0.9379537404611019
TOKYOTECH_s01,128,230,135.66666666666666,0.3284837603569031,-1.1932546196943006
TOKYOTECH_s01,128,231,135.7,-0.10242018848657608,-1.3910044816857978
TOKYOTECH_s01,128,232,135.73333333333332,-0.14577440917491913,-1.5003901548710663
TOKYOTECH_s01,128,233,135.76666666666668,-0.4493720829486847,-1.500754309050443
TOKYOTECH_s01,128,234,135.8,-0.8291645050048828,-1.3911825227118502
TOKYOTECH_s01,128,235,135.83333333333334,-0.7880547642707825,-1.1943097927220425
TOKYOTECH_s01,128,236,135.86666666666667,-0.7513946890830994,-0.9500364748336396
TOKYOTECH_s01,128,237,135.9,-0.885513186454773,-0.6995901269856847
TOKYOTECH_s01,128,238,135.93333333333334,-0.9366247057914734,-0.4678302866973958
TOKYOTECH_s01,128,239,135.96666666666667,-0.8599967956542969,-0.2550112383196488
TOKYOTECH_s01,129,0,129.0,2.2313835620880127,-0.13168288467334688
TOKYOTECH_s01,129,1,129.03333333333333,1.7446823120117188,-0.30835277477183826
TOKYOTECH_s01,129,2,129.06666666666666,1.3011776208877563,-0.4684059282586812
TOKYOTECH_s01,129,3,129.1,0.8966169953346252,-0.6051752844729423
TOKYOTECH_s01,129,4,129.13333333333333,0.31237849593162537,-0.7228702240792639
TOKYOTECH_s01,129,5,129.16666666666666,0.1971610188484192,-0.8354891831656672
TOKYOTECH_s01,129,6,129.2,0.39337727427482605,-0.9599829333441332
TOKYOTECH_s01,129,7,129.23333333333332,0.352740079164505,-1.1058303176102067
TOKYOTECH_s01,129,8,129.26666666666668,0.28906723856925964,-1.2649723457715156
TOKYOTECH_s01,129,9,129.3,0.06343628466129303,-1.4066349661427122
TOKYOTECH_s01,129,10,129.33333333333334,-0.27339568734169006,-1.4809717751712566
TOKYOTECH_s01,129,11,129.36666666666667,-0.6485022306442261,-1.4327486295148801
TOKYOTECH_s01,129,12,129.4,-0.7632471919059753,-1.2214899104022041
TOKYOTECH_s01,129,13,129.43333333333334,-1.0053378343582153,-0.8401937324061451
TOKYOTECH_s01,129,14,129.46666666666667,-1.0537322759628296,-0.32395220658410506
TOKYOTECH_s01,129,15,129.5,-0.9534387588500977,0.2563111002437067
TOKYOTECH_s01,129,16,129.53333333333333,-1.086966633796692,0.8128245778432546
TOKYOTECH_s01,129,17,129.56666666666666,-1.0109293460845947,1.2645737165932092
TOKYOTECH_s01,129,18,129.6,-0.9607628583908081,1.5561270923963955
TOKYOTECH_s01,129,19,129.63333333333333,-1.0379420518875122,1.6659294191700396
TOKYOTECH_s01,129,20,129.66666666666666,-1.1312264204025269,1.6042803237649872
TOKYOTECH_s01,129,21,129.7,-1.242978811264038,1.4053280803296724
TOKYOTECH_s01,129,22,129.73333333333332,-1.0788154602050781,1.1172871101247954
TOKYOTECH_s01,129,23,129.76666666666668,0.2187790721654892,0.7927933533538032
TOKYOTECH_s01,129,24,129.8,1.7667728662490845,0.4799422221115549
TOKYOTECH_s01,129,25,129.83333333333334,2.322147846221924,0.2145598717470232
TOKYOTECH_s01,129,26,129.86666666666667,1.819026231765747,0.014649036768347098
TOKYOTECH_s01,129,27,129.9,1.3552030324935913,-0.12187042157058964
TOKYOTECH_s01,129,28,129.93333333333334,0.8246749639511108,-0.21524219956428198
TOKYOTECH_s01,129,29,129.96666666666667,0.42936795949935913,-0.29753492591609687
TOKYOTECH_s01,129,30,130.0,0.22314992547035217,-0.4025799742196958
TOKYOTECH_s01,129,31,130.03333333333333,0.3545908033847809,-0.5540030907511962
TOKYOTECH_s01,129,32,130.06666666666666,0.38357236981391907,-0.7542767164888193
TOKYOTECH_s01,129,33,130.1,0.4633110463619232,-0.9784664035656272
TOKYOTECH_s01,129,34,130.13333333333333,0.19330206513404846,-1.1761300084085966
TOKYOTECH_s01,129,35,130.16666666666666,-0.11923421919345856,-1.282896992399306
TOKYOTECH_s01,129,36,130.2,-0.45953139662742615,-1.2396608461233805
TOKYOTECH_s01,129,37,130.23333333333332,-0.6992987394332886,-1.0136530370686723
TOKYOTECH_s01,129,38,130.26666666666668,-0.7635622024536133,-0.6138709092689189
TOKYOTECH_s01,129,39,130.3,-0.9066587090492249,-0.09430867412487975
TOKYOTECH_s01,129,40,130.33333333333334,-0.8703529834747314,0.45781648960322835
TOKYOTECH_s01,129,41,130.36666666666667,-0.9131953120231628,0.9457751703727244
TOKYOTECH_s01,129,42,130.4,-0.9116201996803284,1.2900985249270378
TOKYOTECH_s01,129,43,130.43333333333334,-0.959030270576477,1.4479162117250912
TOKYOTECH_s01,129,44,130.46666666666667,-0.9277648329734802,1.4188227158894728
TOKYOTECH_s01,129,45,130.5,-1.0390839576721191,1.2380285932350688
TOKYOTECH_s01,129,46,130.53333333333333,-1.0916130542755127,0.9618309131731034
TOKYOTECH_s01,129,47,130.56666666666666,-0.7277684211730957,0.6511108399946139
TOKYOTECH_s01,129,48,130.6,0.5771896839141846,0.3570917078381971
TOKYOTECH_s01,129,49,130.63333333333333,2.116638660430908,0.11179794730850244
TOKYOTECH_s01,129,50,130.66666666666666,2.4125185012817383,-0.07548968061939505
TOKYOTECH_s01,129,51,130.7,1.7957149744033813,-0.21560521599794025
TOKYOTECH_s01,129,52,130.73333333333332,1.2680615186691284,-0.33218526558838596
TOKYOTECH_s01,129,53,130.76666666666668,0.9665114283561707,-0.4522971140405138
TOKYOTECH_s01,129,54,130.8,0.3918415606021881,-0.5972588825040018
TOKYOTECH_s01,129,55,130.83333333333334,0.3304526209831238,-0.7749413032581687
TOKYOTECH_s01,129,56,130.86666666666667,0.38672253489494324,-0.9745578314151694
TOKYOTECH_s01,129,57,130.9,0.42751723527908325,-1.165322620917624
TOKYOTECH_s01,129,58,130.93333333333334,0.3581741154193878,-1.300532388791261
TOKYOTECH_s01,129,59,130.96666666666667,0.03453347459435463,-1.3277709603178518
TOKYOTECH_s01,129,60,131.0,-0.24878497421741486,-1.203858486280813
TOKYOTECH_s01,129,61,131.03333333333333,-0.5149743556976318,-0.9107413555473652
TOKYOTECH_s01,129,62,131.06666666666666,-0.8277075290679932,-0.4669738366598055
TOKYOTECH_s01,129,63,131.1,-0.8813785910606384,0.07049174383916548
TOKYOTECH_s01,129,64,131.13333333333333,-0.8311333656311035,0.6172763568433633
TOKYOTECH_s01,129,65,131.16666666666666,-0.9140616059303284,1.0834565670526013
TOKYOTECH_s01,129,66,131.2,-0.9926583766937256,1.3984065426656629
TOKYOTECH_s01,129,67,131.23333333333332,-0.9904926419258118,1.5282799782087826
TOKYOTECH_s01,129,68,131.26666666666668,-1.036130666732788,1.4800826827497464
TOKYOTECH_s01,129,69,131.3,-0.9423343539237976,1.293347649300252
TOKYOTECH_s01,129,70,131.33333333333334,-1.1495368480682373,1.0248567022957769
TOKYOTECH_s01,129,71,131.36666666666667,-1.1058282852172852,0.7323661136476951
TOKYOTECH_s01,129,72,131.4,0.1545155942440033,0.461461108451458
TOKYOTECH_s01,129,73,131.43333333333334,1.7125505208969116,0.23756769469875888
TOKYOTECH_s01,129,74,131.46666666666667,2.2563092708587646,0.0639464594590748
TOKYOTECH_s01,129,75,131.5,1.9927581548690796,-0.07448053024034754
TOKYOTECH_s01,129,76,131.53333333333333,1.3931232690811157,-0.20309952433781348
TOKYOTECH_s01,129,77,131.56666666666666,1.082988977432251,-0.3480367362692672
TOKYOTECH_s01,129,78,131.6,0.6457059383392334,-0.5273455513682033
TOKYOTECH_s01,129,79,131.63333333333333,0.27083563804626465,-0.7442358423964501
TOKYOTECH_s01,129,80,131.66666666666666,0.3777051568031311,-0.9831501815705068
TOKYOTECH_s01,129,81,131.7,0.35781970620155334,-1.2096157634750833
TOKYOTECH_s01,129,82,131.73333333333332,0.27319827675819397,-1.3748969354774414
TOKYOTECH_s01,129,83,131.76666666666668,0.20413076877593994,-1.4258819075078175
TOKYOTECH_s01,129,84,131.8,-0.18546655774116516,-1.3191098996934558
TOKYOTECH_s01,129,85,131.83333333333334,-0.43661388754844666,-1.0358375495110648
TOKYOTECH_s01,129,86,131.86666666666667,-0.6596853137016296,-0.5934185900858913
TOKYOTECH_s01,129,87,131.9,-0.9203619360923767,-0.047826784372703095
TOKYOTECH_s01,129,88,131.93333333333334,-0.9369791150093079,0.5162194648696484
TOKYOTECH_s01,129,89,131.96666666666667,-0.8882696032524109,1.006423450623781
TOKYOTECH_s01,129,90,132.0,-1.121185302734375,1.3479368874194024
TOKYOTECH_s01,129,91,132.03333333333333,-1.0316417217254639,1.5019206952432897
TOKYOTECH_s01,129,92,132.06666666666666,-0.9233152270317078,1.471109084526049
TOKYOTECH_s01,129,93,132.1,-1.0231362581253052,1.292750143946271
TOKYOTECH_s01,129,94,132.13333333333333,-1.2351820468902588,1.023930957255374
TOKYOTECH_s01,129,95,132.16666666666666,-0.9687958359718323,0.7251396024784853
TOKYOTECH_s01,129,96,132.2,-0.2152356654405594,0.4463081216900834
TOKYOTECH_s01,129,97,132.23333333333332,1.1859601736068726,0.21761753462653943
TOKYOTECH_s01,129,98,132.26666666666668,2.2832038402557373,0.04624169181481686
TOKYOTECH_s01,129,99,132.3,2.1913371086120605,-0.08082607517927734
TOKYOTECH_s01,129,100,132.33333333333334,1.452307105064392,-0.18942790499236967
TOKYOTECH_s01,129,101,132.36666666666667,1.1472524404525757,-0.30901256400770766
TOKYOTECH_s01,129,102,132.4,0.6670876741409302,-0.4634822550627459
TOKYOTECH_s01,129,103,132.43333333333334,0.37380683422088623,-0.6629836969572049
TOKYOTECH_s01,129,104,132.46666666666667,0.3848324418067932,-0.8976052271340256
TOKYOTECH_s01,129,105,132.5,0.36195430159568787,-1.1348322274409421
TOKYOTECH_s01,129,106,132.53333333333333,0.3526613116264343,-1.3229627552643168
TOKYOTECH_s01,129,107,132.56666666666666,0.3379342555999756,-1.4016670078817244
TOKYOTECH_s01,129,108,132.6,-0.12982666492462158,-1.3184971532171776
TOKYOTECH_s01,129,109,132.63333333333333,-0.38656556606292725,-1.0472946529624685
TOKYOTECH_s01,129,110,132.66666666666666,-0.707725465297699,-0.6023730133436703
TOKYOTECH_s01,129,111,132.7,-0.9390267133712769,-0.042103401436878116
TOKYOTECH_s01,129,112,132.73333333333332,-0.9149672985076904,0.5420634466233027
TOKYOTECH_s01,129,113,132.76666666666668,-1.0512908697128296,1.04945972025214
TOKYOTECH_s01,129,114,132.8,-1.1523720026016235,1.398234515260942
TOKYOTECH_s01,129,115,132.83333333333334,-0.904807984828949,1.5459539428428073
TOKYOTECH_s01,129,116,132.86666666666667,-1.063064694404602,1.4956869205393146
TOKYOTECH_s01,129,117,132.9,-1.1402044296264648,1.288256572227086
TOKYOTECH_s01,129,118,132.93333333333334,-1.0231362581253052,0.9863370149651658
TOKYOTECH_s01,129,119,132.96666666666667,-1.0591663122177124,0.6567412839722085
TOKYOTECH_s01,129,120,133.0,-0.5293470621109009,0.3552464443447045
TOKYOTECH_s01,129,121,133.03333333333333,1.2414425611495972,0.11611913551508661
TOKYOTECH_s01,129,122,133.06666666666666,2.258671998977661,-0.05242506198384946
TOKYOTECH_s01,129,123,133.1,1.991458773612976,-0.16614646706533498
TOKYOTECH_s01,129,124,133.13333333333333,1.4182064533233643,-0.25678086211223744
TOKYOTECH_s01,129,125,133.16666666666666,1.0967315435409546,-0.3603950107717824
TOKYOTECH_s01,129,126,133.2,0.7182385921478271,-0.5050726496865915
TOKYOTECH_s01,129,127,133.23333333333332,0.28430262207984924,-0.7006149820604114
TOKYOTECH_s01,129,128,133.26666666666668,0.3503774404525757,-0.9322661884412462
TOKYOTECH_s01,129,129,133.3,0.4763055145740509,-1.1601167566346227
TOKYOTECH_s01,129,130,133.33333333333334,0.5214316844940186,-1.325728871744689
TOKYOTECH_s01,129,131,133.36666666666667,0.2594950199127197,-1.3663577529219886
TOKYOTECH_s01,129,132,133.4,-0.09438725560903549,-1.234187377218191
TOKYOTECH_s01,129,133,133.43333333333334,-0.3325401246547699,-0.9147589461004988
TOKYOTECH_s01,129,134,133.46666666666667,-0.6699627637863159,-0.43747384297882463
TOKYOTECH_s01,129,135,133.5,-0.9587546586990356,0.1272119624557382
TOKYOTECH_s01,129,136,133.53333333333333,-0.8296763896942139,0.6847345912089917
TOKYOTECH_s01,129,137,133.56666666666666,-0.9021303057670593,1.1423187080043684
TOKYOTECH_s01,129,138,133.6,-0.9664331674575806,1.4338476748454723
TOKYOTECH_s01,129,139,133.63333333333333,-0.9207950830459595,1.5339412135951296
TOKYOTECH_s01,129,140,133.66666666666666,-0.7677755355834961,1.457588312219361
TOKYOTECH_s01,129,141,133.7,-0.8188870549201965,1.248819867149937
TOKYOTECH_s01,129,142,133.73333333333332,-1.1350460052490234,0.9648797847655541
TOKYOTECH_s01,129,143,133.76666666666668,-0.7374157905578613,0.6611983104829029
TOKYOTECH_s01,129,144,133.8,0.7334775328636169,0.3799875915007232
TOKYOTECH_s01,129,145,133.83333333333334,2.0303633213043213,0.14357115446567295
TOKYOTECH_s01,129,146,133.86666666666667,2.160386562347412,-0.04688958371713935
TOKYOTECH_s01,129,147,133.9,1.618399739265442,-0.2070619301848418
TOKYOTECH_s01,129,148,133.93333333333334,1.355006217956543,-0.3607757092355969
TOKYOTECH_s01,129,149,133.96666666666667,0.8831893801689148,-0.5297336922347393
TOKYOTECH_s01,129,150,134.0,0.41393211483955383,-0.7243895327542219
TOKYOTECH_s01,129,151,134.03333333333333,0.3232859671115875,-0.9379894728257059
TOKYOTECH_s01,129,152,134.06666666666666,0.4083012044429779,-1.145071450683173
TOKYOTECH_s01,129,153,134.1,0.43377819657325745,-1.3051143654666322
TOKYOTECH_s01,129,154,134.13333333333333,0.34978678822517395,-1.3711618864030268
TOKYOTECH_s01,129,155,134.16666666666666,-0.03614847734570503,-1.302137747978303
TOKYOTECH_s01,129,156,134.2,-0.2947380840778351,-1.0763449099801357
TOKYOTECH_s01,129,157,134.23333333333332,-0.6256635189056396,-0.7021837752602964
TOKYOTECH_s01,129,158,134.26666666666668,-0.786873459815979,-0.22117702694733613
TOKYOTECH_s01,129,159,134.3,-0.8244392275810242,0.2997991706589826
TOKYOTECH_s01,129,160,134.33333333333334,-1.0371150970458984,0.7850500669656605
TOKYOTECH_s01,129,161,134.36666666666667,-0.9495797753334045,1.1686432974651524
TOKYOTECH_s01,129,162,134.4,-0.754505455493927,1.407927443087591
TOKYOTECH_s01,129,163,134.43333333333334,-0.877440869808197,1.4884745981648446
TOKYOTECH_s01,129,164,134.46666666666667,-1.0699162483215332,1.4215289085066218
TOKYOTECH_s01,129,165,134.5,-1.03081476688385,1.2374870340384025
TOKYOTECH_s01,129,166,134.53333333333333,-0.4753609895706177,0.9780890721716856
TOKYOTECH_s01,129,167,134.56666666666666,0.9729298949241638,0.6880715760300359
TOKYOTECH_s01,129,168,134.6,2.2016143798828125,0.4065970818649559
TOKYOTECH_s01,129,169,134.63333333333333,1.997483491897583,0.15969372055635966
TOKYOTECH_s01,129,170,134.66666666666666,1.4176552295684814,-0.04427050903333808
TOKYOTECH_s01,129,171,134.7,1.1428028345108032,-0.21429545709589617
TOKYOTECH_s01,129,172,134.73333333333332,0.7907712459564209,-0.37119754770484986
TOKYOTECH_s01,129,173,134.76666666666668,0.30292800068855286,-0.5381065067152259
TOKYOTECH_s01,129,174,134.8,0.2582349479198456,-0.7296300998929571
TOKYOTECH_s01,129,175,134.83333333333334,0.31273290514945984,-0.9428520992095201
TOKYOTECH_s01,129,176,134.86666666666667,0.41936618089675903,-1.1531143041720253
TOKYOTECH_s01,129,177,134.9,0.04394460842013359,-1.316654149959888
TOKYOTECH_s01,129,178,134.93333333333334,-0.18499402701854706,-1.38064600408685
TOKYOTECH_s01,129,179,134.96666666666667,-0.34557396173477173,-1.2989354068957706
TOKYOTECH_s01,129,180,135.0,-0.6970936059951782,-1.04909761976833
TOKYOTECH_s01,129,181,135.03333333333333,-0.7635622024536133,-0.64454901205724
TOKYOTECH_s01,129,182,135.06666666666666,-0.9298912286758423,-0.135828250183446
TOKYOTECH_s01,129,183,135.1,-0.8961449861526489,0.4009764080202843
TOKYOTECH_s01,129,184,135.13333333333333,-0.8289676308631897,0.8844148557478704
TOKYOTECH_s01,129,185,135.16666666666666,-1.074326515197754,1.247973313882659
TOKYOTECH_s01,129,186,135.2,-1.0809024572372437,1.4530941485329967
TOKYOTECH_s01,129,187,135.23333333333332,-1.0527478456497192,1.492359129453936
TOKYOTECH_s01,129,188,135.26666666666668,-1.0504640340805054,1.384918657602244
TOKYOTECH_s01,129,189,135.3,-0.9672601222991943,1.1681381836368183
TOKYOTECH_s01,129,190,135.33333333333334,-0.05662458389997482,0.8883524956537836
TOKYOTECH_s01,129,191,135.36666666666667,1.648168921470642,0.591746977711478
TOKYOTECH_s01,129,192,135.4,2.3115947246551514,0.31586850092659563
TOKYOTECH_s01,129,193,135.43333333333334,1.9841740131378174,0.08290685541157664
TOKYOTECH_s01,129,194,135.46666666666667,1.3514622449874878,-0.10361869671567095
TOKYOTECH_s01,129,195,135.5,0.7895899415016174,-0.25746581231487886
TOKYOTECH_s01,129,196,135.53333333333333,0.5499013662338257,-0.4034163684050705
TOKYOTECH_s01,129,197,135.56666666666666,0.45555374026298523,-0.567478561451204
TOKYOTECH_s01,129,198,135.6,0.43117931485176086,-0.7660112866723596
TOKYOTECH_s01,129,199,135.63333333333333,0.6566921472549438,-0.9967238873384613
TOKYOTECH_s01,129,200,135.66666666666666,0.3284837603569031,-1.234272036543839
TOKYOTECH_s01,129,201,135.7,-0.10242018848657608,-1.4324292341212679
TOKYOTECH_s01,129,202,135.73333333333332,-0.14577440917491913,-1.5336349796133788
TOKYOTECH_s01,129,203,135.76666666666668,-0.4493720829486847,-1.4847825043639318
TOKYOTECH_s01,129,204,135.8,-0.8291645050048828,-1.2554268760121106
TOKYOTECH_s01,129,205,135.83333333333334,-0.7880547642707825,-0.8521568295481357
TOKYOTECH_s01,129,206,135.86666666666667,-0.7513946890830994,-0.3224201619519186
TOKYOTECH_s01,129,207,135.9,-0.885513186454773,0.2555524140194352
TOKYOTECH_s01,129,208,135.93333333333334,-0.9366247057914734,0.7934631661955476
TOKYOTECH_s01,129,209,135.96666666666667,-0.8599967956542969,1.2157046279728254
TOKYOTECH_s01,129,210,136.0,-0.8766533136367798,1.4755489148613992
TOKYOTECH_s01,129,211,136.03333333333333,-1.111774206161499,1.5606451926330729
TOKYOTECH_s01,129,212,136.06666666666666,-1.2443569898605347,1.4890797878750774
TOKYOTECH_s01,129,213,136.1,-1.0894079208374023,1.3002113473547916
TOKYOTECH_s01,129,214,136.13333333333333,-0.5407664179801941,1.0439389060651951
TOKYOTECH_s01,129,215,136.16666666666666,0.8695255517959595,0.7701293488030756
TOKYOTECH_s01,129,216,136.2,2.2270126342773438,0.5191385332898403
TOKYOTECH_s01,129,217,136.23333333333332,2.1138429641723633,0.3147143018005125
TOKYOTECH_s01,129,218,136.26666666666668,1.527793049812317,0.1608157097303228
TOKYOTECH_s01,129,219,136.3,1.3679612874984741,0.04331148201464146
TOKYOTECH_s01,129,220,136.33333333333334,1.0010451078414917,-0.06377383228249368
TOKYOTECH_s01,129,221,136.36666666666667,0.42798975110054016,-0.18899099852770265
TOKYOTECH_s01,129,222,136.4,0.31836384534835815,-0.3531686204080284
TOKYOTECH_s01,129,223,136.43333333333334,0.4815426468849182,-0.5602405094468859
TOKYOTECH_s01,129,224,136.46666666666667,0.3884551227092743,-0.7916576841479301
TOKYOTECH_s01,129,225,136.5,0.08021094650030136,-1.0068219422672955
TOKYOTECH_s01,129,226,136.53333333333333,-0.114312082529068,-1.1509252312641032
TOKYOTECH_s01,129,227,136.56666666666666,-0.2692217230796814,-1.16944512346788
TOKYOTECH_s01,129,228,136.6,-0.5765995979309082,-1.0258891714047946
TOKYOTECH_s01,129,229,136.63333333333333,-0.8963025212287903,-0.7171196934291986
TOKYOTECH_s01,129,230,136.66666666666666,-0.8577523231506348,-0.2799539888301804
TOKYOTECH_s01,129,231,136.7,-0.7172940969467163,0.21501673184396114
TOKYOTECH_s01,129,232,136.73333333333332,-0.9199681878089905,0.6813800887347314
TOKYOTECH_s01,129,233,136.76666666666668,-1.0532597303390503,1.0401099677565766
TOKYOTECH_s01,129,234,136.8,-0.8406232595443726,1.2387648115531398
TOKYOTECH_s01,129,235,136.83333333333334,-0.8368824124336243,1.259569404377785
TOKYOTECH_s01,129,236,136.86666666666667,-1.0832257270812988,1.1155495184155615
TOKYOTECH_s01,129,237,136.9,-1.1064188480377197,0.8397100270548777
TOKYOTECH_s01,129,238,136.93333333333334,-1.14130699634552,0.4736848294006196
TOKYOTECH_s01,129,239,136.96666666666667,-0.6335783004760742,0.060198374857727624
TOKYOTECH_s01,130,0,130.0,0.22314992547035217,-0.0024431632271267167
TOKYOTECH_s01,130,1,130.03333333333333,0.3545908033847809,-0.23911452974592545
TOKYOTECH_s01,130,2,130.06666666666666,0.38357236981391907,-0.4805947779643179
TOKYOTECH_s01,130,3,130.1,0.4633110463619232,-0.7183172866381713
TOKYOTECH_s01,130,4,130.13333333333333,0.19330206513404846,-0.9217582350134882
TOKYOTECH_s01,130,5,130.16666666666666,-0.11923421919345856,-1.0422575008513757
TOKYOTECH_s01,130,6,130.2,-0.45953139662742615,-1.0276783385378556
TOKYOTECH_s01,130,7,130.23333333333332,-0.6992987394332886,-0.8429174925720503
TOKYOTECH_s01,130,8,130.26666666666668,-0.7635622024536133,-0.4883976214581972
TOKYOTECH_s01,130,9,130.3,-0.9066587090492249,-0.008444275232623283
TOKYOTECH_s01,130,10,130.33333333333334,-0.8703529834747314,0.5156584503508066
TOKYOTECH_s01,130,11,130.36666666666667,-0.9131953120231628,0.9870619128732236
TOKYOTECH_s01,130,12,130.4,-0.9116201996803284,1.321078849653503
TOKYOTECH_s01,130,13,130.43333333333334,-0.959030270576477,1.467729873175546
TOKYOTECH_s01,130,14,130.46666666666667,-0.9277648329734802,1.4210957032213116
TOKYOTECH_s01,130,15,130.5,-1.0390839576721191,1.2145288763240596
TOKYOTECH_s01,130,16,130.53333333333333,-1.0916130542755127,0.9062203714901523
TOKYOTECH_s01,130,17,130.56666666666666,-0.7277684211730957,0.5614159252703183
TOKYOTECH_s01,130,18,130.6,0.5771896839141846,0.23646392866117266
TOKYOTECH_s01,130,19,130.63333333333333,2.116638660430908,-0.03217058197178771
TOKYOTECH_s01,130,20,130.66666666666666,2.4125185012817383,-0.23231665937901352
TOKYOTECH_s01,130,21,130.7,1.7957149744033813,-0.37376116713568314
TOKYOTECH_s01,130,22,130.73333333333332,1.2680615186691284,-0.4808770736052184
TOKYOTECH_s01,130,23,130.76666666666668,0.9665114283561707,-0.5830454633353956
TOKYOTECH_s01,130,24,130.8,0.3918415606021881,-0.7050991057852871
TOKYOTECH_s01,130,25,130.83333333333334,0.3304526209831238,-0.8589539035259395
TOKYOTECH_s01,130,26,130.86666666666667,0.38672253489494324,-1.0375347469120344
TOKYOTECH_s01,130,27,130.9,0.42751723527908325,-1.2126528670795453
TOKYOTECH_s01,130,28,130.93333333333334,0.3581741154193878,-1.3385093574437574
TOKYOTECH_s01,130,29,130.96666666666667,0.03453347459435463,-1.361533105155582
TOKYOTECH_s01,130,30,131.0,-0.24878497421741486,-1.2354266540972427
TOKYOTECH_s01,130,31,131.03333333333333,-0.5149743556976318,-0.9379556036281961
TOKYOTECH_s01,130,32,131.06666666666666,-0.8277075290679932,-0.48397823907113524
TOKYOTECH_s01,130,33,131.1,-0.8813785910606384,0.07128834812815782
TOKYOTECH_s01,130,34,131.13333333333333,-0.8311333656311035,0.6425409837224575
TOKYOTECH_s01,130,35,131.16666666666666,-0.9140616059303284,1.1365253520450125
TOKYOTECH_s01,130,36,131.2,-0.9926583766937256,1.4777080032313938
TOKYOTECH_s01,130,37,131.23333333333332,-0.9904926419258118,1.6267016940865116
TOKYOTECH_s01,130,38,131.26666666666668,-1.036130666732788,1.585332900241351
TOKYOTECH_s01,130,39,131.3,-0.9423343539237976,1.3895584212476237
TOKYOTECH_s01,130,40,131.33333333333334,-1.1495368480682373,1.0955236408230626
TOKYOTECH_s01,130,41,131.36666666666667,-1.1058282852172852,0.764107015508833
TOKYOTECH_s01,130,42,131.4,0.1545155942440033,0.44752059397054234
TOKYOTECH_s01,130,43,131.43333333333334,1.7125505208969116,0.17992586351481957
TOKYOTECH_s01,130,44,131.46666666666667,2.2563092708587646,-0.026694652915215007
TOKYOTECH_s01,130,45,131.5,1.9927581548690796,-0.18090872477040834
TOKYOTECH_s01,130,46,131.53333333333333,1.3931232690811157,-0.3054678149800203
TOKYOTECH_s01,130,47,131.56666666666666,1.082988977432251,-0.428413624476589
TOKYOTECH_s01,130,48,131.6,0.6457059383392334,-0.5736766782790944
TOKYOTECH_s01,130,49,131.63333333333333,0.27083563804626465,-0.7525432782587825
TOKYOTECH_s01,130,50,131.66666666666666,0.3777051568031311,-0.9574417152370808
TOKYOTECH_s01,130,51,131.7,0.35781970620155334,-1.159870064560667
TOKYOTECH_s01,130,52,131.73333333333332,0.27319827675819397,-1.3139894499558227
TOKYOTECH_s01,130,53,131.76666666666668,0.20413076877593994,-1.3662343988179149
TOKYOTECH_s01,130,54,131.8,-0.18546655774116516,-1.2695840759123496
TOKYOTECH_s01,130,55,131.83333333333334,-0.43661388754844666,-0.9993638281643895
TOKYOTECH_s01,130,56,131.86666666666667,-0.6596853137016296,-0.5660714371906015
TOKYOTECH_s01,130,57,131.9,-0.9203619360923767,-0.020075200109837512
TOKYOTECH_s01,130,58,131.93333333333334,-0.9369791150093079,0.5560303686113163
TOKYOTECH_s01,130,59,131.96666666666667,-0.8882696032524109,1.0674248548585428
TOKYOTECH_s01,130,60,132.0,-1.121185302734375,1.432702377154292
TOKYOTECH_s01,130,61,132.03333333333333,-1.0316417217254639,1.604623899927429
TOKYOTECH_s01,130,62,132.06666666666666,-0.9233152270317078,1.5785234668031756
TOKYOTECH_s01,130,63,132.1,-1.0231362581253052,1.3876042031618658
TOKYOTECH_s01,130,64,132.13333333333333,-1.2351820468902588,1.0892951423263408
TOKYOTECH_s01,130,65,132.16666666666666,-0.9687958359718323,0.7483275900898843
TOKYOTECH_s01,130,66,132.2,-0.2152356654405594,0.4212554162743194
TOKYOTECH_s01,130,67,132.23333333333332,1.1859601736068726,0.14548347961035246
TOKYOTECH_s01,130,68,132.26666666666668,2.2832038402557373,-0.06544811150191601
TOKYOTECH_s01,130,69,132.3,2.1913371086120605,-0.21997169619322487
TOKYOTECH_s01,130,70,132.33333333333334,1.452307105064392,-0.3415018706808856
TOKYOTECH_s01,130,71,132.36666666666667,1.1472524404525757,-0.45901240284789174
TOKYOTECH_s01,130,72,132.4,0.6670876741409302,-0.5973882375269304
TOKYOTECH_s01,130,73,132.43333333333334,0.37380683422088623,-0.7688260205422507
TOKYOTECH_s01,130,74,132.46666666666667,0.3848324418067932,-0.9664990287526029
TOKYOTECH_s01,130,75,132.5,0.36195430159568787,-1.1622229357615708
TOKYOTECH_s01,130,76,132.53333333333333,0.3526613116264343,-1.309895829932342
TOKYOTECH_s01,130,77,132.56666666666666,0.3379342555999756,-1.3554583087800374
TOKYOTECH_s01,130,78,132.6,-0.12982666492462158,-1.2520836286904837
TOKYOTECH_s01,130,79,132.63333333333333,-0.38656556606292725,-0.976893796399994
TOKYOTECH_s01,130,80,132.66666666666666,-0.707725465297699,-0.5436976382656219
TOKYOTECH_s01,130,81,132.7,-0.9390267133712769,-0.0060434423927747906
TOKYOTECH_s01,130,82,132.73333333333332,-0.9149672985076904,0.5528761408568591
TOKYOTECH_s01,130,83,132.76666666666668,-1.0512908697128296,1.0417565667692714
TOKYOTECH_s01,130,84,132.8,-1.1523720026016235,1.3861266929988438
TOKYOTECH_s01,130,85,132.83333333333334,-0.904807984828949,1.546286156223517
TOKYOTECH_s01,130,86,132.86666666666667,-1.063064694404602,1.5222172510836045
TOKYOTECH_s01,130,87,132.9,-1.1402044296264648,1.346619441836982
TOKYOTECH_s01,130,88,132.93333333333334,-1.0231362581253052,1.0715146675678382
TOKYOTECH_s01,130,89,132.96666666666667,-1.0591663122177124,0.7539418099892334
TOKYOTECH_s01,130,90,133.0,-0.5293470621109009,0.44391679505795767
TOKYOTECH_s01,130,91,133.03333333333333,1.2414425611495972,0.1757717368641951
TOKYOTECH_s01,130,92,133.06666666666666,2.258671998977661,-0.03636566190353993
TOKYOTECH_s01,130,93,133.1,1.991458773612976,-0.19813553539403925
TOKYOTECH_s01,130,94,133.13333333333333,1.4182064533233643,-0.32979061586158676
TOKYOTECH_s01,130,95,133.16666666666666,1.0967315435409546,-0.45786502506372045
TOKYOTECH_s01,130,96,133.2,0.7182385921478271,-0.6055102068442475
TOKYOTECH_s01,130,97,133.23333333333332,0.28430262207984924,-0.7831683936223712
TOKYOTECH_s01,130,98,133.26666666666668,0.3503774404525757,-0.9815288552721413
TOKYOTECH_s01,130,99,133.3,0.4763055145740509,-1.1692045896826886
TOKYOTECH_s01,130,100,133.33333333333334,0.5214316844940186,-1.297363236986563
TOKYOTECH_s01,130,101,133.36666666666667,0.2594950199127197,-1.3118660336095567
TOKYOTECH_s01,130,102,133.4,-0.09438725560903549,-1.1704357842800563
TOKYOTECH_s01,130,103,133.43333333333334,-0.3325401246547699,-0.8594673607952905
TOKYOTECH_s01,130,104,133.46666666666667,-0.6699627637863159,-0.4040501303260739
TOKYOTECH_s01,130,105,133.5,-0.9587546586990356,0.13367106318759245
TOKYOTECH_s01,130,106,133.53333333333333,-0.8296763896942139,0.6687487171462986
TOKYOTECH_s01,130,107,133.56666666666666,-0.9021303057670593,1.1159377896981968
TOKYOTECH_s01,130,108,133.6,-0.9664331674575806,1.4116878386173004
TOKYOTECH_s01,130,109,133.63333333333333,-0.9207950830459595,1.527037263844241
TOKYOTECH_s01,130,110,133.66666666666666,-0.7677755355834961,1.4685079588129464
TOKYOTECH_s01,130,111,133.7,-0.8188870549201965,1.2702666655813917
TOKYOTECH_s01,130,112,133.73333333333332,-1.1350460052490234,0.9825338060804188
TOKYOTECH_s01,130,113,133.76666666666668,-0.7374157905578613,0.6595313920927832
TOKYOTECH_s01,130,114,133.8,0.7334775328636169,0.348582197742118
TOKYOTECH_s01,130,115,133.83333333333334,2.0303633213043213,0.08157558613585195
TOKYOTECH_s01,130,116,133.86666666666667,2.160386562347412,-0.12966291516424397
TOKYOTECH_s01,130,117,133.9,1.618399739265442,-0.29276667933508965
TOKYOTECH_s01,130,118,133.93333333333334,1.355006217956543,-0.42904022225692706
TOKYOTECH_s01,130,119,133.96666666666667,0.8831893801689148,-0.5641369547494351
TOKYOTECH_s01,130,120,134.0,0.41393211483955383,-0.7175578551549575
TOKYOTECH_s01,130,121,134.03333333333333,0.3232859671115875,-0.8934453069404014
TOKYOTECH_s01,130,122,134.06666666666666,0.4083012044429779,-1.0752406249320317
TOKYOTECH_s01,130,123,134.1,0.43377819657325745,-1.2264665482689536
TOKYOTECH_s01,130,124,134.13333333333333,0.34978678822517395,-1.2986112886667371
TOKYOTECH_s01,130,125,134.16666666666666,-0.03614847734570503,-1.244955536094619
TOKYOTECH_s01,130,126,134.2,-0.2947380840778351,-1.036805798685906
TOKYOTECH_s01,130,127,134.23333333333332,-0.6256635189056396,-0.676679289281118
TOKYOTECH_s01,130,128,134.26666666666668,-0.786873459815979,-0.20263918101440273
TOKYOTECH_s01,130,129,134.3,-0.8244392275810242,0.3192433002785343
TOKYOTECH_s01,130,130,134.33333333333334,-1.0371150970458984,0.8117336712683547
TOKYOTECH_s01,130,131,134.36666666666667,-0.9495797753334045,1.2054598248681063
TOKYOTECH_s01,130,132,134.4,-0.754505455493927,1.4529702663052082
TOKYOTECH_s01,130,133,134.43333333333334,-0.877440869808197,1.534558344981264
TOKYOTECH_s01,130,134,134.46666666666667,-1.0699162483215332,1.4571643425107326
TOKYOTECH_s01,130,135,134.5,-1.03081476688385,1.2496568450291439
TOKYOTECH_s01,130,136,134.53333333333333,-0.4753609895706177,0.9562976429160119
TOKYOTECH_s01,130,137,134.56666666666666,0.9729298949241638,0.6281715552742433
TOKYOTECH_s01,130,138,134.6,2.2016143798828125,0.3127562790808864
TOKYOTECH_s01,130,139,134.63333333333333,1.997483491897583,0.043736082929126424
TOKYOTECH_s01,130,140,134.66666666666666,1.4176552295684814,-0.1657533832155333
TOKYOTECH_s01,130,141,134.7,1.1428028345108032,-0.32393798989417383
TOKYOTECH_s01,130,142,134.73333333333332,0.7907712459564209,-0.45475571320673414
TOKYOTECH_s01,130,143,134.76666666666668,0.30292800068855286,-0.5873574604428665
TOKYOTECH_s01,130,144,134.8,0.2582349479198456,-0.7436794952133019
TOKYOTECH_s01,130,145,134.83333333333334,0.31273290514945984,-0.9275470955291373
TOKYOTECH_s01,130,146,134.86666666666667,0.41936618089675903,-1.1188069170004082
TOKYOTECH_s01,130,147,134.9,0.04394460842013359,-1.275188036825192
TOKYOTECH_s01,130,148,134.93333333333334,-0.18499402701854706,-1.3426106635662494
TOKYOTECH_s01,130,149,134.96666666666667,-0.34557396173477173,-1.2718378526934941
TOKYOTECH_s01,130,150,135.0,-0.6970936059951782,-1.0365726393880668
TOKYOTECH_s01,130,151,135.03333333333333,-0.7635622024536133,-0.6463970686382668
TOKYOTECH_s01,130,152,135.06666666666666,-0.9298912286758423,-0.14855152363591867
TOKYOTECH_s01,130,153,135.1,-0.8961449861526489,0.38339473552011966
TOKYOTECH_s01,130,154,135.13333333333333,-0.8289676308631897,0.8694911432050259
TOKYOTECH_s01,130,155,135.16666666666666,-1.074326515197754,1.24326597278688
TOKYOTECH_s01,130,156,135.2,-1.0809024572372437,1.4642686549940147
TOKYOTECH_s01,130,157,135.23333333333332,-1.0527478456497192,1.521207925957047
TOKYOTECH_s01,130,158,135.26666666666668,-1.0504640340805054,1.4281452280581302
TOKYOTECH_s01,130,159,135.3,-0.9672601222991943,1.2176535808774291
TOKYOTECH_s01,130,160,135.33333333333334,-0.05662458389997482,0.9333033306236718
TOKYOTECH_s01,130,161,135.36666666666667,1.648168921470642,0.6217505612257216
TOKYOTECH_s01,130,162,135.4,2.3115947246551514,0.3243672888082589
TOKYOTECH_s01,130,163,135.43333333333334,1.9841740131378174,0.06949003121211164
TOKYOTECH_s01,130,164,135.46666666666667,1.3514622449874878,-0.13260476441645971
TOKYOTECH_s01,130,165,135.5,0.7895899415016174,-0.2900503181904473
TOKYOTECH_s01,130,166,135.53333333333333,0.5499013662338257,-0.42455056182363476
TOKYOTECH_s01,130,167,135.56666666666666,0.45555374026298523,-0.562511546858633
TOKYOTECH_s01,130,168,135.6,0.43117931485176086,-0.7242669338294774
TOKYOTECH_s01,130,169,135.63333333333333,0.6566921472549438,-0.9140573958151563
TOKYOTECH_s01,130,170,135.66666666666666,0.3284837603569031,-1.1138970509114117
TOKYOTECH_s01,130,171,135.7,-0.10242018848657608,-1.2841952217555224
TOKYOTECH_s01,130,172,135.73333333333332,-0.14577440917491913,-1.3723225387121707
TOKYOTECH_s01,130,173,135.76666666666668,-0.4493720829486847,-1.3276715686426241
TOKYOTECH_s01,130,174,135.8,-0.8291645050048828,-1.1191468540154885
TOKYOTECH_s01,130,175,135.83333333333334,-0.7880547642707825,-0.7491590459471056
TOKYOTECH_s01,130,176,135.86666666666667,-0.7513946890830994,-0.25805823900627384
TOKYOTECH_s01,130,177,135.9,-0.885513186454773,0.28401547523152526
TOKYOTECH_s01,130,178,135.93333333333334,-0.9366247057914734,0.7950595188391059
TOKYOTECH_s01,130,179,135.96666666666667,-0.8599967956542969,1.2014862251328846
TOKYOTECH_s01,130,180,136.0,-0.8766533136367798,1.4534010880194919
TOKYOTECH_s01,130,181,136.03333333333333,-1.111774206161499,1.5313706329889385
TOKYOTECH_s01,130,182,136.06666666666666,-1.2443569898605347,1.4454746427468135
TOKYOTECH_s01,130,183,136.1,-1.0894079208374023,1.2294912470015689
TOKYOTECH_s01,130,184,136.13333333333333,-0.5407664179801941,0.9323153739043026
TOKYOTECH_s01,130,185,136.16666666666666,0.8695255517959595,0.6074653796271885
TOKYOTECH_s01,130,186,136.2,2.2270126342773438,0.30194344761926917
TOKYOTECH_s01,130,187,136.23333333333332,2.1138429641723633,0.046924062893690756
TOKYOTECH_s01,130,188,136.26666666666668,1.527793049812317,-0.14711072910275788
TOKYOTECH_s01,130,189,136.3,1.3679612874984741,-0.2894891205939017
TOKYOTECH_s01,130,190,136.33333333333334,1.0010451078414917,-0.4033865875891031
TOKYOTECH_s01,130,191,136.36666666666667,0.42798975110054016,-0.5167620333949535
TOKYOTECH_s01,130,192,136.4,0.31836384534835815,-0.6522342273805533
TOKYOTECH_s01,130,193,136.43333333333334,0.4815426468849182,-0.8177349836980251
TOKYOTECH_s01,130,194,136.46666666666667,0.3884551227092743,-1.0001993410433017
TOKYOTECH_s01,130,195,136.5,0.08021094650030136,-1.1648185702598952
TOKYOTECH_s01,130,196,136.53333333333333,-0.114312082529068,-1.261397871869204
TOKYOTECH_s01,130,197,136.56666666666666,-0.2692217230796814,-1.2372981853049492
TOKYOTECH_s01,130,198,136.6,-0.5765995979309082,-1.0541028315844452
TOKYOTECH_s01,130,199,136.63333333333333,-0.8963025212287903,-0.7031198192750898
TOKYOTECH_s01,130,200,136.66666666666666,-0.8577523231506348,-0.2138953106070833
TOKYOTECH_s01,130,201,136.7,-0.7172940969467163,0.3486767280489342
TOKYOTECH_s01,130,202,136.73333333333332,-0.9199681878089905,0.8989597877976133
TOKYOTECH_s01,130,203,136.76666666666668,-1.0532597303390503,1.3521173594999683
TOKYOTECH_s01,130,204,136.8,-0.8406232595443726,1.6445325148150265
TOKYOTECH_s01,130,205,136.83333333333334,-0.8368824124336243,1.745991151463466
TOKYOTECH_s01,130,206,136.86666666666667,-1.0832257270812988,1.661464286598986
TOKYOTECH_s01,130,207,136.9,-1.1064188480377197,1.4250430509574978
TOKYOTECH_s01,130,208,136.93333333333334,-1.14130699634552,1.0895623776988355
TOKYOTECH_s01,130,209,136.96666666666667,-0.6335783004760742,0.7142746272741524
TOKYOTECH_s01,130,210,137.0,1.024080753326416,0.35251012140453725
TOKYOTECH_s01,130,211,137.03333333333333,2.2514264583587646,0.041602776317291444
TOKYOTECH_s01,130,212,137.06666666666666,2.1009271144866943,-0.2027969748714035
TOKYOTECH_s01,130,213,137.1,1.7221192121505737,-0.38686825768745553
TOKYOTECH_s01,130,214,137.13333333333333,1.252113699913025,-0.5334558257185127
TOKYOTECH_s01,130,215,137.16666666666666,0.6125897765159607,-0.6730375101247056
TOKYOTECH_s01,130,216,137.2,0.3568746745586395,-0.8329183111687427
TOKYOTECH_s01,130,217,137.23333333333332,0.28607457876205444,-1.0269808379208114
TOKYOTECH_s01,130,218,137.26666666666668,0.215786412358284,-1.2483770169025101
TOKYOTECH_s01,130,219,137.3,0.5152888894081116,-1.4673493880945787
TOKYOTECH_s01,130,220,137.33333333333334,0.39759060740470886,-1.635656959372924
TOKYOTECH_s01,130,221,137.36666666666667,-0.14380554854869843,-1.6976546109933246
TOKYOTECH_s01,130,222,137.4,-0.3334851861000061,-1.6060461334721383
TOKYOTECH_s01,130,223,137.43333333333334,-0.4928838014602661,-1.3382688871491109
TOKYOTECH_s01,130,224,137.46666666666667,-0.9457995891571045,-0.9082035242644976
TOKYOTECH_s01,130,225,137.5,-1.0810205936431885,-0.36818135010610226
TOKYOTECH_s01,130,226,137.53333333333333,-0.9562345147132874,0.20134901016487425
TOKYOTECH_s01,130,227,137.56666666666666,-1.0099055767059326,0.7124342915278254
TOKYOTECH_s01,130,228,137.6,-1.1305177211761475,1.0930606775544949
TOKYOTECH_s01,130,229,137.63333333333333,-1.1590267419815063,1.3040969744037914
TOKYOTECH_s01,130,230,137.66666666666666,-1.061135172843933,1.3443136938823177
TOKYOTECH_s01,130,231,137.7,-1.0467625856399536,1.244295897149474
TOKYOTECH_s01,130,232,137.73333333333332,-1.2578239440917969,1.0539237706150553
TOKYOTECH_s01,130,233,137.76666666666668,-1.3957620859146118,0.8284893805299861
TOKYOTECH_s01,130,234,137.8,-1.0621196031570435,0.6168842920960332
TOKYOTECH_s01,130,235,137.83333333333334,0.3286806344985962,0.4534913126643709
TOKYOTECH_s01,130,236,137.86666666666667,1.9398746490478516,0.3544583994265992
TOKYOTECH_s01,130,237,137.9,2.1223483085632324,0.31830158361201366
TOKYOTECH_s01,130,238,137.93333333333334,1.6858527660369873,0.3296353835869999
TOKYOTECH_s01,130,239,137.96666666666667,1.2417181730270386,0.36421311322772554
TOKYOTECH_s01,131,0,131.0,-0.24878497421741486,0.11249130807523672
TOKYOTECH_s01,131,1,131.03333333333333,-0.5149743556976318,0.2943611478450548
TOKYOTECH_s01,131,2,131.06666666666666,-0.8277075290679932,0.5073739733984471
TOKYOTECH_s01,131,3,131.1,-0.8813785910606384,0.7648330257551873
TOKYOTECH_s01,131,4,131.13333333333333,-0.8311333656311035,1.0507917864955907
TOKYOTECH_s01,131,5,131.16666666666666,-0.9140616059303284,1.323468902040501
TOKYOTECH_s01,131,6,131.2,-0.9926583766937256,1.5299661198737178
TOKYOTECH_s01,131,7,131.23333333333332,-0.9904926419258118,1.6248258585092703
TOKYOTECH_s01,131,8,131.26666666666668,-1.036130666732788,1.5845541959554963
TOKYOTECH_s01,131,9,131.3,-0.9423343539237976,1.4135555039002796
TOKYOTECH_s01,131,10,131.33333333333334,-1.1495368480682373,1.1410100974703987
TOKYOTECH_s01,131,11,131.36666666666667,-1.1058282852172852,0.8111340267945374
TOKYOTECH_s01,131,12,131.4,0.1545155942440033,0.47046266959906835
TOKYOTECH_s01,131,13,131.43333333333334,1.7125505208969116,0.15594140687871
TOKYOTECH_s01,131,14,131.46666666666667,2.2563092708587646,-0.11272314509650344
TOKYOTECH_s01,131,15,131.5,1.9927581548690796,-0.3343354073084386
TOKYOTECH_s01,131,16,131.53333333333333,1.3931232690811157,-0.5215294580335685
TOKYOTECH_s01,131,17,131.56666666666666,1.082988977432251,-0.6927393680833767
TOKYOTECH_s01,131,18,131.6,0.6457059383392334,-0.8637868667611612
TOKYOTECH_s01,131,19,131.63333333333333,0.27083563804626465,-1.041047408445016
TOKYOTECH_s01,131,20,131.66666666666666,0.3777051568031311,-1.2170929022066763
TOKYOTECH_s01,131,21,131.7,0.35781970620155334,-1.3693745846315752
TOKYOTECH_s01,131,22,131.73333333333332,0.27319827675819397,-1.4627823150247496
TOKYOTECH_s01,131,23,131.76666666666668,0.20413076877593994,-1.4567946447425675
TOKYOTECH_s01,131,24,131.8,-0.18546655774116516,-1.3166628843063393
TOKYOTECH_s01,131,25,131.83333333333334,-0.43661388754844666,-1.0261879758250116
TOKYOTECH_s01,131,26,131.86666666666667,-0.6596853137016296,-0.5981749688242989
TOKYOTECH_s01,131,27,131.9,-0.9203619360923767,-0.07809525583984189
TOKYOTECH_s01,131,28,131.93333333333334,-0.9369791150093079,0.4625431964132088
TOKYOTECH_s01,131,29,131.96666666666667,-0.8882696032524109,0.9429754853108926
TOKYOTECH_s01,131,30,132.0,-1.121185302734375,1.2944148054720064
TOKYOTECH_s01,131,31,132.03333333333333,-1.0316417217254639,1.476984753380493
TOKYOTECH_s01,131,32,132.06666666666666,-0.9233152270317078,1.4861854467918385
TOKYOTECH_s01,131,33,132.1,-1.0231362581253052,1.3484224355360994
TOKYOTECH_s01,131,34,132.13333333333333,-1.2351820468902588,1.1094747229924737
TOKYOTECH_s01,131,35,132.16666666666666,-0.9687958359718323,0.8209511510241606
TOKYOTECH_s01,131,36,132.2,-0.2152356654405594,0.5284479828470987
TOKYOTECH_s01,131,37,132.23333333333332,1.1859601736068726,0.26333705286521164
TOKYOTECH_s01,131,38,132.26666666666668,2.2832038402557373,0.03928945298554849
TOKYOTECH_s01,131,39,132.3,2.1913371086120605,-0.14611582728446557
TOKYOTECH_s01,131,40,132.33333333333334,1.452307105064392,-0.3059605097369446
TOKYOTECH_s01,131,41,132.36666666666667,1.1472524404525757,-0.4571421793519806
TOKYOTECH_s01,131,42,132.4,0.6670876741409302,-0.6139232860377671
TOKYOTECH_s01,131,43,132.43333333333334,0.37380683422088623,-0.7823974704943729
TOKYOTECH_s01,131,44,132.46666666666667,0.3848324418067932,-0.9560438185186432
TOKYOTECH_s01,131,45,132.5,0.36195430159568787,-1.1132606652258301
TOKYOTECH_s01,131,46,132.53333333333333,0.3526613116264343,-1.2186302048069575
TOKYOTECH_s01,131,47,132.56666666666666,0.3379342555999756,-1.2295050634458724
TOKYOTECH_s01,131,48,132.6,-0.12982666492462158,-1.107793720560586
TOKYOTECH_s01,131,49,132.63333333333333,-0.38656556606292725,-0.8342716660854346
TOKYOTECH_s01,131,50,132.66666666666666,-0.707725465297699,-0.42064564819439193
TOKYOTECH_s01,131,51,132.7,-0.9390267133712769,0.0860994124650802
TOKYOTECH_s01,131,52,132.73333333333332,-0.9149672985076904,0.6110288061773208
TOKYOTECH_s01,131,53,132.76666666666668,-1.0512908697128296,1.0697318929828463
TOKYOTECH_s01,131,54,132.8,-1.1523720026016235,1.391298750021774
TOKYOTECH_s01,131,55,132.83333333333334,-0.904807984828949,1.5361592106352826
TOKYOTECH_s01,131,56,132.86666666666667,-1.063064694404602,1.5023572478640317
TOKYOTECH_s01,131,57,132.9,-1.1402044296264648,1.320192814973188
TOKYOTECH_s01,131,58,132.93333333333334,-1.0231362581253052,1.0397342083661738
TOKYOTECH_s01,131,59,132.96666666666667,-1.0591663122177124,0.7166108814564199
TOKYOTECH_s01,131,60,133.0,-0.5293470621109009,0.39970239663229606
TOKYOTECH_s01,131,61,133.03333333333333,1.2414425611495972,0.12231923080731197
TOKYOTECH_s01,131,62,133.06666666666666,2.258671998977661,-0.10212574744737067
TOKYOTECH_s01,131,63,133.1,1.991458773612976,-0.279166274662789
TOKYOTECH_s01,131,64,133.13333333333333,1.4182064533233643,-0.4274819283213181
TOKYOTECH_s01,131,65,133.16666666666666,1.0967315435409546,-0.570176542497381
TOKYOTECH_s01,131,66,133.2,0.7182385921478271,-0.7255628486111411
TOKYOTECH_s01,131,67,133.23333333333332,0.28430262207984924,-0.899378789681138
TOKYOTECH_s01,131,68,133.26666666666668,0.3503774404525757,-1.0796922217226352
TOKYOTECH_s01,131,69,133.3,0.4763055145740509,-1.2358019120870303
TOKYOTECH_s01,131,70,133.33333333333334,0.5214316844940186,-1.3229893691668726
TOKYOTECH_s01,131,71,133.36666666666667,0.2594950199127197,-1.2940385573042652
TOKYOTECH_s01,131,72,133.4,-0.09438725560903549,-1.1150925028832177
TOKYOTECH_s01,131,73,133.43333333333334,-0.3325401246547699,-0.780194352575911
TOKYOTECH_s01,131,74,133.46666666666667,-0.6699627637863159,-0.3185949156499779
TOKYOTECH_s01,131,75,133.5,-0.9587546586990356,0.20863232287544228
TOKYOTECH_s01,131,76,133.53333333333333,-0.8296763896942139,0.7225014365649385
TOKYOTECH_s01,131,77,133.56666666666666,-0.9021303057670593,1.1463431784762745
TOKYOTECH_s01,131,78,133.6,-0.9664331674575806,1.4249009280845601
TOKYOTECH_s01,131,79,133.63333333333333,-0.9207950830459595,1.5351024153606796
TOKYOTECH_s01,131,80,133.66666666666666,-0.7677755355834961,1.4859532762142433
TOKYOTECH_s01,131,81,133.7,-0.8188870549201965,1.3102651734251936
TOKYOTECH_s01,131,82,133.73333333333332,-1.1350460052490234,1.0529012945118712
TOKYOTECH_s01,131,83,133.76666666666668,-0.7374157905578613,0.7592423898256085
TOKYOTECH_s01,131,84,133.8,0.7334775328636169,0.4659725900581763
TOKYOTECH_s01,131,85,133.83333333333334,2.0303633213043213,0.19534226384997197
TOKYOTECH_s01,131,86,133.86666666666667,2.160386562347412,-0.04623379899104851
TOKYOTECH_s01,131,87,133.9,1.618399739265442,-0.26499484484242186
TOKYOTECH_s01,131,88,133.93333333333334,1.355006217956543,-0.47325169683561424
TOKYOTECH_s01,131,89,133.96666666666667,0.8831893801689148,-0.6817179492049218
TOKYOTECH_s01,131,90,134.0,0.41393211483955383,-0.8928596743096475
TOKYOTECH_s01,131,91,134.03333333333333,0.3232859671115875,-1.0965477010284834
TOKYOTECH_s01,131,92,134.06666666666666,0.4083012044429779,-1.2689250987728897
TOKYOTECH_s01,131,93,134.1,0.43377819657325745,-1.3753253530509724
TOKYOTECH_s01,131,94,134.13333333333333,0.34978678822517395,-1.3775977471310197
TOKYOTECH_s01,131,95,134.16666666666666,-0.03614847734570503,-1.2450145464223885
TOKYOTECH_s01,131,96,134.2,-0.2947380840778351,-0.9662252106929641
TOKYOTECH_s01,131,97,134.23333333333332,-0.6256635189056396,-0.5580400651056774
TOKYOTECH_s01,131,98,134.26666666666668,-0.786873459815979,-0.06635199490489359
TOKYOTECH_s01,131,99,134.3,-0.8244392275810242,0.4430492540279746
TOKYOTECH_s01,131,100,134.33333333333334,-1.0371150970458984,0.900842589114222
TOKYOTECH_s01,131,101,134.36666666666667,-0.9495797753334045,1.2507362561367301
TOKYOTECH_s01,131,102,134.4,-0.754505455493927,1.4597569352722306
TOKYOTECH_s01,131,103,134.43333333333334,-0.877440869808197,1.5200080829754807
TOKYOTECH_s01,131,104,134.46666666666667,-1.0699162483215332,1.4441867139450895
TOKYOTECH_s01,131,105,134.5,-1.03081476688385,1.2589987249998222
TOKYOTECH_s01,131,106,134.53333333333333,-0.4753609895706177,0.9990080229131056
TOKYOTECH_s01,131,107,134.56666666666666,0.9729298949241638,0.7009630463228582
TOKYOTECH_s01,131,108,134.6,2.2016143798828125,0.39802373867913554
TOKYOTECH_s01,131,109,134.63333333333333,1.997483491897583,0.11437503827301039
TOKYOTECH_s01,131,110,134.66666666666666,1.4176552295684814,-0.13822228423767974
TOKYOTECH_s01,131,111,134.7,1.1428028345108032,-0.36043261650087244
TOKYOTECH_s01,131,112,134.73333333333332,0.7907712459564209,-0.5615997485007963
TOKYOTECH_s01,131,113,134.76666666666668,0.30292800068855286,-0.7533335436998643
TOKYOTECH_s01,131,114,134.8,0.2582349479198456,-0.9421393861053114
TOKYOTECH_s01,131,115,134.83333333333334,0.31273290514945984,-1.1229684245469587
TOKYOTECH_s01,131,116,134.86666666666667,0.41936618089675903,-1.2757714118232584
TOKYOTECH_s01,131,117,134.9,0.04394460842013359,-1.3670629383321558
TOKYOTECH_s01,131,118,134.93333333333334,-0.18499402701854706,-1.357525927339299
TOKYOTECH_s01,131,119,134.96666666666667,-0.34557396173477173,-1.2146015821253755
TOKYOTECH_s01,131,120,135.0,-0.6970936059951782,-0.9263591957711177
TOKYOTECH_s01,131,121,135.03333333333333,-0.7635622024536133,-0.5110695713344581
TOKYOTECH_s01,131,122,135.06666666666666,-0.9298912286758423,-0.017336224496268447
TOKYOTECH_s01,131,123,135.1,-0.8961449861526489,0.4867560324696211
TOKYOTECH_s01,131,124,135.13333333333333,-0.8289676308631897,0.9314260667292396
TOKYOTECH_s01,131,125,135.16666666666666,-1.074326515197754,1.2622227304635556
TOKYOTECH_s01,131,126,135.2,-1.0809024572372437,1.4498407618165523
TOKYOTECH_s01,131,127,135.23333333333332,-1.0527478456497192,1.4909166061540258
TOKYOTECH_s01,131,128,135.26666666666668,-1.0504640340805054,1.4024581918352779
TOKYOTECH_s01,131,129,135.3,-0.9672601222991943,1.2142216388145164
TOKYOTECH_s01,131,130,135.33333333333334,-0.05662458389997482,0.9618212886634148
TOKYOTECH_s01,131,131,135.36666666666667,1.648168921470642,0.6809134988609377
TOKYOTECH_s01,131,132,135.4,2.3115947246551514,0.4018644115040778
TOKYOTECH_s01,131,133,135.43333333333334,1.9841740131378174,0.14504219637956248
TOKYOTECH_s01,131,134,135.46666666666667,1.3514622449874878,-0.08201341223479616
TOKYOTECH_s01,131,135,135.5,0.7895899415016174,-0.2840490876368018
TOKYOTECH_s01,131,136,135.53333333333333,0.5499013662338257,-0.4737514857349268
TOKYOTECH_s01,131,137,135.56666666666666,0.45555374026298523,-0.6646993670556427
TOKYOTECH_s01,131,138,135.6,0.43117931485176086,-0.8636552083570855
TOKYOTECH_s01,131,139,135.63333333333333,0.6566921472549438,-1.0643853077730852
TOKYOTECH_s01,131,140,135.66666666666666,0.3284837603569031,-1.2448794435908663
TOKYOTECH_s01,131,141,135.7,-0.10242018848657608,-1.369357942393729
TOKYOTECH_s01,131,142,135.73333333333332,-0.14577440917491913,-1.3957502744989427
TOKYOTECH_s01,131,143,135.76666666666668,-0.4493720829486847,-1.2878759997417046
TOKYOTECH_s01,131,144,135.8,-0.8291645050048828,-1.0292492761544527
TOKYOTECH_s01,131,145,135.83333333333334,-0.7880547642707825,-0.6333291719849352
TOKYOTECH_s01,131,146,135.86666666666667,-0.7513946890830994,-0.14485865904790984
TOKYOTECH_s01,131,147,135.9,-0.885513186454773,0.3698836428905231
TOKYOTECH_s01,131,148,135.93333333333334,-0.9366247057914734,0.8403559408618706
TOKYOTECH_s01,131,149,135.96666666666667,-0.8599967956542969,1.2088945233209487
TOKYOTECH_s01,131,150,136.0,-0.8766533136367798,1.441034241558695
TOKYOTECH_s01,131,151,136.03333333333333,-1.111774206161499,1.5270006996275018
TOKYOTECH_s01,131,152,136.06666666666666,-1.2443569898605347,1.4770316266987695
TOKYOTECH_s01,131,153,136.1,-1.0894079208374023,1.3149230402267833
TOKYOTECH_s01,131,154,136.13333333333333,-0.5407664179801941,1.0724709584096694
TOKYOTECH_s01,131,155,136.16666666666666,0.8695255517959595,0.7847330641644394
TOKYOTECH_s01,131,156,136.2,2.2270126342773438,0.4850056902636917
TOKYOTECH_s01,131,157,136.23333333333332,2.1138429641723633,0.19941617357017283
TOKYOTECH_s01,131,158,136.26666666666668,1.527793049812317,-0.05735175719895015
TOKYOTECH_s01,131,159,136.3,1.3679612874984741,-0.2832156252500713
TOKYOTECH_s01,131,160,136.33333333333334,1.0010451078414917,-0.4860641362551287
TOKYOTECH_s01,131,161,136.36666666666667,0.42798975110054016,-0.6782489453721514
TOKYOTECH_s01,131,162,136.4,0.31836384534835815,-0.8695304807052865
TOKYOTECH_s01,131,163,136.43333333333334,0.4815426468849182,-1.0598890545523254
TOKYOTECH_s01,131,164,136.46666666666667,0.3884551227092743,-1.234356619854523
TOKYOTECH_s01,131,165,136.5,0.08021094650030136,-1.3625330077113769
TOKYOTECH_s01,131,166,136.53333333333333,-0.114312082529068,-1.404456865219544
TOKYOTECH_s01,131,167,136.56666666666666,-0.2692217230796814,-1.3221465291615493
TOKYOTECH_s01,131,168,136.6,-0.5765995979309082,-1.093483880493588
TOKYOTECH_s01,131,169,136.63333333333333,-0.8963025212287903,-0.7233709526076795
TOKYOTECH_s01,131,170,136.66666666666666,-0.8577523231506348,-0.2472650422283225
TOKYOTECH_s01,131,171,136.7,-0.7172940969467163,0.27515185519141405
TOKYOTECH_s01,131,172,136.73333333333332,-0.9199681878089905,0.7740567270266219
TOKYOTECH_s01,131,173,136.76666666666668,-1.0532597303390503,1.1856704919537464
TOKYOTECH_s01,131,174,136.8,-0.8406232595443726,1.4644870733513975
TOKYOTECH_s01,131,175,136.83333333333334,-0.8368824124336243,1.588377991600745
TOKYOTECH_s01,131,176,136.86666666666667,-1.0832257270812988,1.5576267981893346
TOKYOTECH_s01,131,177,136.9,-1.1064188480377197,1.3912176712459607
TOKYOTECH_s01,131,178,136.93333333333334,-1.14130699634552,1.1224356808027767
TOKYOTECH_s01,131,179,136.96666666666667,-0.6335783004760742,0.7934843303761131
TOKYOTECH_s01,131,180,137.0,1.024080753326416,0.4483985219960413
TOKYOTECH_s01,131,181,137.03333333333333,2.2514264583587646,0.12494323043204437
TOKYOTECH_s01,131,182,137.06666666666666,2.1009271144866943,-0.15232313869086128
TOKYOTECH_s01,131,183,137.1,1.7221192121505737,-0.3754026807092449
TOKYOTECH_s01,131,184,137.13333333333333,1.252113699913025,-0.5514740319058724
TOKYOTECH_s01,131,185,137.16666666666666,0.6125897765159607,-0.6973500174184727
TOKYOTECH_s01,131,186,137.2,0.3568746745586395,-0.8314452046173161
TOKYOTECH_s01,131,187,137.23333333333332,0.28607457876205444,-0.9653458388636426
TOKYOTECH_s01,131,188,137.26666666666668,0.215786412358284,-1.0972191977733587
TOKYOTECH_s01,131,189,137.3,0.5152888894081116,-1.209121113311069
TOKYOTECH_s01,131,190,137.33333333333334,0.39759060740470886,-1.2695333314618793
TOKYOTECH_s01,131,191,137.36666666666667,-0.14380554854869843,-1.2411652504433914
TOKYOTECH_s01,131,192,137.4,-0.3334851861000061,-1.092414978985253
TOKYOTECH_s01,131,193,137.43333333333334,-0.4928838014602661,-0.8093560755259229
TOKYOTECH_s01,131,194,137.46666666666667,-0.9457995891571045,-0.4042947754501295
TOKYOTECH_s01,131,195,137.5,-1.0810205936431885,0.08261288884202697
TOKYOTECH_s01,131,196,137.53333333333333,-0.9562345147132874,0.5902320849032776
TOKYOTECH_s01,131,197,137.56666666666666,-1.0099055767059326,1.0501890813341936
TOKYOTECH_s01,131,198,137.6,-1.1305177211761475,1.4027251318676368
TOKYOTECH_s01,131,199,137.63333333333333,-1.1590267419815063,1.6089636009481245
TOKYOTECH_s01,131,200,137.66666666666666,-1.061135172843933,1.6561378904521684
TOKYOTECH_s01,131,201,137.7,-1.0467625856399536,1.5559061316555662
TOKYOTECH_s01,131,202,137.73333333333332,-1.2578239440917969,1.3382203344460515
TOKYOTECH_s01,131,203,137.76666666666668,-1.3957620859146118,1.0434360295751133
TOKYOTECH_s01,131,204,137.8,-1.0621196031570435,0.7142070990896671
TOKYOTECH_s01,131,205,137.83333333333334,0.3286806344985962,0.38794830573625483
TOKYOTECH_s01,131,206,137.86666666666667,1.9398746490478516,0.0911105612780415
TOKYOTECH_s01,131,207,137.9,2.1223483085632324,-0.16327168904990852
TOKYOTECH_s01,131,208,137.93333333333334,1.6858527660369873,-0.37458911705000963
TOKYOTECH_s01,131,209,137.96666666666667,1.2417181730270386,-0.5514193697305627
TOKYOTECH_s01,131,210,138.0,0.6507855653762817,-0.707114430294563
TOKYOTECH_s01,131,211,138.03333333333333,0.31450486183166504,-0.8545276560136189
TOKYOTECH_s01,131,212,138.06666666666666,0.27934110164642334,-1.0002679243822974
TOKYOTECH_s01,131,213,138.1,0.4244458079338074,-1.1397600825352303
TOKYOTECH_s01,131,214,138.13333333333333,0.4748091697692871,-1.2551399032542832
TOKYOTECH_s01,131,215,138.16666666666666,0.3759332001209259,-1.3176593106172274
TOKYOTECH_s01,131,216,138.2,0.045125920325517654,-1.2946480293660152
TOKYOTECH_s01,131,217,138.23333333333332,-0.2288207709789276,-1.159266940889042
TOKYOTECH_s01,131,218,138.26666666666668,-0.5039881467819214,-0.900416900000602
TOKYOTECH_s01,131,219,138.3,-0.8263293504714966,-0.5301376933055759
TOKYOTECH_s01,131,220,138.33333333333334,-1.099331021308899,-0.08611479535000421
TOKYOTECH_s01,131,221,138.36666666666667,-1.2512480020523071,0.3725442706426323
TOKYOTECH_s01,131,222,138.4,-1.0035264492034912,0.7768422508072277
TOKYOTECH_s01,131,223,138.43333333333334,-0.9312694072723389,1.0646564949548818
TOKYOTECH_s01,131,224,138.46666666666667,-1.0163240432739258,1.1972583739864262
TOKYOTECH_s01,131,225,138.5,-1.011323094367981,1.1689377976505773
TOKYOTECH_s01,131,226,138.53333333333333,-1.046526312828064,1.0060673760715046
TOKYOTECH_s01,131,227,138.56666666666666,-1.2325438261032104,0.7569012181282447
TOKYOTECH_s01,131,228,138.6,-1.076767921447754,0.4769132376186444
TOKYOTECH_s01,131,229,138.63333333333333,-0.7074497938156128,0.21517307211053335
TOKYOTECH_s01,131,230,138.66666666666666,0.6267654895782471,0.005566025717152009
TOKYOTECH_s01,131,231,138.7,1.8527724742889404,-0.13608621158631354
TOKYOTECH_s01,131,232,138.73333333333332,2.1377053260803223,-0.21025700627072552
TOKYOTECH_s01,131,233,138.76666666666668,1.785516381263733,-0.22943804660701375
TOKYOTECH_s01,131,234,138.8,1.0757042169570923,-0.21294927044892187
TOKYOTECH_s01,131,235,138.83333333333334,0.4712258577346802,-0.18151333624752775
TOKYOTECH_s01,131,236,138.86666666666667,0.23681379854679108,-0.15203281698317572
TOKYOTECH_s01,131,237,138.9,0.18948248028755188,-0.13345842050519283
TOKYOTECH_s01,131,238,138.93333333333334,0.30926769971847534,-0.12505551007108645
TOKYOTECH_s01,131,239,138.96666666666667,0.42192569375038147,-0.117934096745366
TOKYOTECH_s01,132,0,132.0,-1.121185302734375,0.07020954981308153
TOKYOTECH_s01,132,1,132.03333333333333,-1.0316417217254639,0.28582454349129566
TOKYOTECH_s01,132,2,132.06666666666666,-0.9233152270317078,0.4511682997648723
TOKYOTECH_s01,132,3,132.1,-1.0231362581253052,0.5336588190370632
TOKYOTECH_s01,132,4,132.13333333333333,-1.2351820468902588,0.5224614527883861
TOKYOTECH_s01,132,5,132.16666666666666,-0.9687958359718323,0.42920788235353907
TOKYOTECH_s01,132,6,132.2,-0.2152356654405594,0.2811104855566683
TOKYOTECH_s01,132,7,132.23333333333332,1.1859601736068726,0.11010881805427346
TOKYOTECH_s01,132,8,132.26666666666668,2.2832038402557373,-0.057153945587635153
TOKYOTECH_s01,132,9,132.3,2.1913371086120605,-0.20518707818975096
TOKYOTECH_s01,132,10,132.33333333333334,1.452307105064392,-0.3307122348159926
TOKYOTECH_s01,132,11,132.36666666666667,1.1472524404525757,-0.44021117133912957
TOKYOTECH_s01,132,12,132.4,0.6670876741409302,-0.5452996033041985
TOKYOTECH_s01,132,13,132.43333333333334,0.37380683422088623,-0.6565951903357089
TOKYOTECH_s01,132,14,132.46666666666667,0.3848324418067932,-0.7769019814462451
TOKYOTECH_s01,132,15,132.5,0.36195430159568787,-0.8955599225990878
TOKYOTECH_s01,132,16,132.53333333333333,0.3526613116264343,-0.986675375144612
TOKYOTECH_s01,132,17,132.56666666666666,0.3379342555999756,-1.0134589950027355
TOKYOTECH_s01,132,18,132.6,-0.12982666492462158,-0.9386584058975761
TOKYOTECH_s01,132,19,132.63333333333333,-0.38656556606292725,-0.7381963138220528
TOKYOTECH_s01,132,20,132.66666666666666,-0.707725465297699,-0.4131657142606082
TOKYOTECH_s01,132,21,132.7,-0.9390267133712769,0.004938195180007255
TOKYOTECH_s01,132,22,132.73333333333332,-0.9149672985076904,0.45913044176430245
TOKYOTECH_s01,132,23,132.76666666666668,-1.0512908697128296,0.8813639906135184
TOKYOTECH_s01,132,24,132.8,-1.1523720026016235,1.2108674854055261
TOKYOTECH_s01,132,25,132.83333333333334,-0.904807984828949,1.4086333924053271
TOKYOTECH_s01,132,26,132.86666666666667,-1.063064694404602,1.4631803652898192
TOKYOTECH_s01,132,27,132.9,-1.1402044296264648,1.3877386106011547
TOKYOTECH_s01,132,28,132.93333333333334,-1.0231362581253052,1.2121428146187547
TOKYOTECH_s01,132,29,132.96666666666667,-1.0591663122177124,0.9731326716456653
TOKYOTECH_s01,132,30,133.0,-0.5293470621109009,0.7056857328132882
TOKYOTECH_s01,132,31,133.03333333333333,1.2414425611495972,0.43679451117333495
TOKYOTECH_s01,132,32,133.06666666666666,2.258671998977661,0.18242061050515862
TOKYOTECH_s01,132,33,133.1,1.991458773612976,-0.052214732568239317
TOKYOTECH_s01,132,34,133.13333333333333,1.4182064533233643,-0.26973966392401816
TOKYOTECH_s01,132,35,133.16666666666666,1.0967315435409546,-0.4764282455222406
TOKYOTECH_s01,132,36,133.2,0.7182385921478271,-0.6776069090714585
TOKYOTECH_s01,132,37,133.23333333333332,0.28430262207984924,-0.8730013927115944
TOKYOTECH_s01,132,38,133.26666666666668,0.3503774404525757,-1.0525019454946831
TOKYOTECH_s01,132,39,133.3,0.4763055145740509,-1.1938420127695313
TOKYOTECH_s01,132,40,133.33333333333334,0.5214316844940186,-1.2646505522775748
TOKYOTECH_s01,132,41,133.36666666666667,0.2594950199127197,-1.2305266141332085
TOKYOTECH_s01,132,42,133.4,-0.09438725560903549,-1.067622831842206
TOKYOTECH_s01,132,43,133.43333333333334,-0.3325401246547699,-0.7748233045960854
TOKYOTECH_s01,132,44,133.46666666666667,-0.6699627637863159,-0.3796286012675205
TOKYOTECH_s01,132,45,133.5,-0.9587546586990356,0.06586765036465583
TOKYOTECH_s01,132,46,133.53333333333333,-0.8296763896942139,0.49805110000362435
TOKYOTECH_s01,132,47,133.56666666666666,-0.9021303057670593,0.8586520090098615
TOKYOTECH_s01,132,48,133.6,-0.9664331674575806,1.1082832302676964
TOKYOTECH_s01,132,49,133.63333333333333,-0.9207950830459595,1.2316500495484513
TOKYOTECH_s01,132,50,133.66666666666666,-0.7677755355834961,1.2345270824625452
TOKYOTECH_s01,132,51,133.7,-0.8188870549201965,1.1366033037120906
TOKYOTECH_s01,132,52,133.73333333333332,-1.1350460052490234,0.9642108301614644
TOKYOTECH_s01,132,53,133.76666666666668,-0.7374157905578613,0.7445108868660386
TOKYOTECH_s01,132,54,133.8,0.7334775328636169,0.5010862251468513
TOKYOTECH_s01,132,55,133.83333333333334,2.0303633213043213,0.2509002907593628
TOKYOTECH_s01,132,56,133.86666666666667,2.160386562347412,0.0032699805120887907
TOKYOTECH_s01,132,57,133.9,1.618399739265442,-0.23851998710503272
TOKYOTECH_s01,132,58,133.93333333333334,1.355006217956543,-0.4735398357329752
TOKYOTECH_s01,132,59,133.96666666666667,0.8831893801689148,-0.6991126693591435
TOKYOTECH_s01,132,60,134.0,0.41393211483955383,-0.9076345807360602
TOKYOTECH_s01,132,61,134.03333333333333,0.3232859671115875,-1.0848505131752924
TOKYOTECH_s01,132,62,134.06666666666666,0.4083012044429779,-1.2099542900475257
TOKYOTECH_s01,132,63,134.1,0.43377819657325745,-1.2580684225632812
TOKYOTECH_s01,132,64,134.13333333333333,0.34978678822517395,-1.2053976605107237
TOKYOTECH_s01,132,65,134.16666666666666,-0.03614847734570503,-1.0365277886070874
TOKYOTECH_s01,132,66,134.2,-0.2947380840778351,-0.7521862834076453
TOKYOTECH_s01,132,67,134.23333333333332,-0.6256635189056396,-0.37439181534975186
TOKYOTECH_s01,132,68,134.26666666666668,-0.786873459815979,0.0547897553765831
TOKYOTECH_s01,132,69,134.3,-0.8244392275810242,0.4824319839815929
TOKYOTECH_s01,132,70,134.33333333333334,-1.0371150970458984,0.8582159529435882
TOKYOTECH_s01,132,71,134.36666666666667,-0.9495797753334045,1.1452399090801468
TOKYOTECH_s01,132,72,134.4,-0.754505455493927,1.3237311986610676
TOKYOTECH_s01,132,73,134.43333333333334,-0.877440869808197,1.3886324757532245
TOKYOTECH_s01,132,74,134.46666666666667,-1.0699162483215332,1.3453083489914839
TOKYOTECH_s01,132,75,134.5,-1.03081476688385,1.2069023220711004
TOKYOTECH_s01,132,76,134.53333333333333,-0.4753609895706177,0.993539660112126
TOKYOTECH_s01,132,77,134.56666666666666,0.9729298949241638,0.7309696159084996
TOKYOTECH_s01,132,78,134.6,2.2016143798828125,0.44674391600388313
TOKYOTECH_s01,132,79,134.63333333333333,1.997483491897583,0.164524943104916
TOKYOTECH_s01,132,80,134.66666666666666,1.4176552295684814,-0.10092745181711202
TOKYOTECH_s01,132,81,134.7,1.1428028345108032,-0.34547715934469303
TOKYOTECH_s01,132,82,134.73333333333332,0.7907712459564209,-0.5730876175130852
TOKYOTECH_s01,132,83,134.76666666666668,0.30292800068855286,-0.7900635426743234
TOKYOTECH_s01,132,84,134.8,0.2582349479198456,-0.9980694845212171
TOKYOTECH_s01,132,85,134.83333333333334,0.31273290514945984,-1.1881373066522716
TOKYOTECH_s01,132,86,134.86666666666667,0.41936618089675903,-1.3378694856610358
TOKYOTECH_s01,132,87,134.9,0.04394460842013359,-1.413705913412082
TOKYOTECH_s01,132,88,134.93333333333334,-0.18499402701854706,-1.3789983998848607
TOKYOTECH_s01,132,89,134.96666666666667,-0.34557396173477173,-1.2065691027833692
TOKYOTECH_s01,132,90,135.0,-0.6970936059951782,-0.8918699790040626
TOKYOTECH_s01,132,91,135.03333333333333,-0.7635622024536133,-0.46097476946263044
TOKYOTECH_s01,132,92,135.06666666666666,-0.9298912286758423,0.03191919298169527
TOKYOTECH_s01,132,93,135.1,-0.8961449861526489,0.5184426617366963
TOKYOTECH_s01,132,94,135.13333333333333,-0.8289676308631897,0.9354511232155178
TOKYOTECH_s01,132,95,135.16666666666666,-1.074326515197754,1.2401653187796655
TOKYOTECH_s01,132,96,135.2,-1.0809024572372437,1.414950070402424
TOKYOTECH_s01,132,97,135.23333333333332,-1.0527478456497192,1.462793310287731
TOKYOTECH_s01,132,98,135.26666666666668,-1.0504640340805054,1.3991564355504564
TOKYOTECH_s01,132,99,135.3,-0.9672601222991943,1.245566461434705
TOKYOTECH_s01,132,100,135.33333333333334,-0.05662458389997482,1.0265335593446256
TOKYOTECH_s01,132,101,135.36666666666667,1.648168921470642,0.7678292449048271
TOKYOTECH_s01,132,102,135.4,2.3115947246551514,0.49374779702895183
TOKYOTECH_s01,132,103,135.43333333333334,1.9841740131378174,0.22305942605690252
TOKYOTECH_s01,132,104,135.46666666666667,1.3514622449874878,-0.03446695062163402
TOKYOTECH_s01,132,105,135.5,0.7895899415016174,-0.27860222790197947
TOKYOTECH_s01,132,106,135.53333333333333,0.5499013662338257,-0.5153509899049802
TOKYOTECH_s01,132,107,135.56666666666666,0.45555374026298523,-0.7508770506247867
TOKYOTECH_s01,132,108,135.6,0.43117931485176086,-0.9847404433748947
TOKYOTECH_s01,132,109,135.63333333333333,0.6566921472549438,-1.2046150033744727
TOKYOTECH_s01,132,110,135.66666666666666,0.3284837603569031,-1.3844570896256891
TOKYOTECH_s01,132,111,135.7,-0.10242018848657608,-1.4876032743580765
TOKYOTECH_s01,132,112,135.73333333333332,-0.14577440917491913,-1.47517901321763
TOKYOTECH_s01,132,113,135.76666666666668,-0.4493720829486847,-1.3184192595414435
TOKYOTECH_s01,132,114,135.8,-0.8291645050048828,-1.01136338363854
TOKYOTECH_s01,132,115,135.83333333333334,-0.7880547642707825,-0.5786649760374449
TOKYOTECH_s01,132,116,135.86666666666667,-0.7513946890830994,-0.07340056792114003
TOKYOTECH_s01,132,117,135.9,-0.885513186454773,0.4362986175200552
TOKYOTECH_s01,132,118,135.93333333333334,-0.9366247057914734,0.8861222638711377
TOKYOTECH_s01,132,119,135.96666666666667,-0.8599967956542969,1.2304812032053931
TOKYOTECH_s01,132,120,136.0,-0.8766533136367798,1.447415744126665
TOKYOTECH_s01,132,121,136.03333333333333,-1.111774206161499,1.5346155262164254
TOKYOTECH_s01,132,122,136.06666666666666,-1.2443569898605347,1.5022330107945843
TOKYOTECH_s01,132,123,136.1,-1.0894079208374023,1.3677037338558402
TOKYOTECH_s01,132,124,136.13333333333333,-0.5407664179801941,1.15371523436445
TOKYOTECH_s01,132,125,136.16666666666666,0.8695255517959595,0.8869029237461565
TOKYOTECH_s01,132,126,136.2,2.2270126342773438,0.5948641537861428
TOKYOTECH_s01,132,127,136.23333333333332,2.1138429641723633,0.3015001697433855
TOKYOTECH_s01,132,128,136.26666666666668,1.527793049812317,0.02266714294228616
TOKYOTECH_s01,132,129,136.3,1.3679612874984741,-0.23569833516845756
TOKYOTECH_s01,132,130,136.33333333333334,1.0010451078414917,-0.476121709636457
TOKYOTECH_s01,132,131,136.36666666666667,0.42798975110054016,-0.7053611418654011
TOKYOTECH_s01,132,132,136.4,0.31836384534835815,-0.9284867983692565
TOKYOTECH_s01,132,133,136.43333333333334,0.4815426468849182,-1.142584885598588
TOKYOTECH_s01,132,134,136.46666666666667,0.3884551227092743,-1.3320796258803493
TOKYOTECH_s01,132,135,136.5,0.08021094650030136,-1.4680895786980537
TOKYOTECH_s01,132,136,136.53333333333333,-0.114312082529068,-1.513431391928859
TOKYOTECH_s01,132,137,136.56666666666666,-0.2692217230796814,-1.4329304237870568
TOKYOTECH_s01,132,138,136.6,-0.5765995979309082,-1.2063213322723703
TOKYOTECH_s01,132,139,136.63333333333333,-0.8963025212287903,-0.838984137407603
TOKYOTECH_s01,132,140,136.66666666666666,-0.8577523231506348,-0.36522222796613013
TOKYOTECH_s01,132,141,136.7,-0.7172940969467163,0.1585893589726507
TOKYOTECH_s01,132,142,136.73333333333332,-0.9199681878089905,0.6682173977106198
TOKYOTECH_s01,132,143,136.76666666666668,-1.0532597303390503,1.1062644894351934
TOKYOTECH_s01,132,144,136.8,-0.8406232595443726,1.4312778800597108
TOKYOTECH_s01,132,145,136.83333333333334,-0.8368824124336243,1.6198052782315173
TOKYOTECH_s01,132,146,136.86666666666667,-1.0832257270812988,1.6644711797615532
TOKYOTECH_s01,132,147,136.9,-1.1064188480377197,1.572162972459036
TOKYOTECH_s01,132,148,136.93333333333334,-1.14130699634552,1.3633830602514034
TOKYOTECH_s01,132,149,136.96666666666667,-0.6335783004760742,1.0705527334775984
TOKYOTECH_s01,132,150,137.0,1.024080753326416,0.7331626707209108
TOKYOTECH_s01,132,151,137.03333333333333,2.2514264583587646,0.39018013491213427
TOKYOTECH_s01,132,152,137.06666666666666,2.1009271144866943,0.07218606153536769
TOKYOTECH_s01,132,153,137.1,1.7221192121505737,-0.20396673101801907
TOKYOTECH_s01,132,154,137.13333333333333,1.252113699913025,-0.4363616557905913
TOKYOTECH_s01,132,155,137.16666666666666,0.6125897765159607,-0.6350136698202767
TOKYOTECH_s01,132,156,137.2,0.3568746745586395,-0.815520795847991
TOKYOTECH_s01,132,157,137.23333333333332,0.28607457876205444,-0.9908092194807638
TOKYOTECH_s01,132,158,137.26666666666668,0.215786412358284,-1.1630745246998055
TOKYOTECH_s01,132,159,137.3,0.5152888894081116,-1.3185572095715792
TOKYOTECH_s01,132,160,137.33333333333334,0.39759060740470886,-1.4276077612649645
TOKYOTECH_s01,132,161,137.36666666666667,-0.14380554854869843,-1.4512013208835008
TOKYOTECH_s01,132,162,137.4,-0.3334851861000061,-1.3527847533931157
TOKYOTECH_s01,132,163,137.43333333333334,-0.4928838014602661,-1.111912143015185
TOKYOTECH_s01,132,164,137.46666666666667,-0.9457995891571045,-0.7346944870913228
TOKYOTECH_s01,132,165,137.5,-1.0810205936431885,-0.2565698471951925
TOKYOTECH_s01,132,166,137.53333333333333,-0.9562345147132874,0.2644589692413482
TOKYOTECH_s01,132,167,137.56666666666666,-1.0099055767059326,0.7618878495185258
TOKYOTECH_s01,132,168,137.6,-1.1305177211761475,1.176220805898982
TOKYOTECH_s01,132,169,137.63333333333333,-1.1590267419815063,1.4657465926998285
TOKYOTECH_s01,132,170,137.66666666666666,-1.061135172843933,1.6101737439610209
TOKYOTECH_s01,132,171,137.7,-1.0467625856399536,1.6090608918494878
TOKYOTECH_s01,132,172,137.73333333333332,-1.2578239440917969,1.4782259089610943
TOKYOTECH_s01,132,173,137.76666666666668,-1.3957620859146118,1.245799687008335
TOKYOTECH_s01,132,174,137.8,-1.0621196031570435,0.9477304812442698
TOKYOTECH_s01,132,175,137.83333333333334,0.3286806344985962,0.622122836588905
TOKYOTECH_s01,132,176,137.86666666666667,1.9398746490478516,0.302982974119034
TOKYOTECH_s01,132,177,137.9,2.1223483085632324,0.015042232668292379
TOKYOTECH_s01,132,178,137.93333333333334,1.6858527660369873,-0.22907049134879634
TOKYOTECH_s01,132,179,137.96666666666667,1.2417181730270386,-0.4290463663704693
TOKYOTECH_s01,132,180,138.0,0.6507855653762817,-0.5945688381876223
TOKYOTECH_s01,132,181,138.03333333333333,0.31450486183166504,-0.7404931015708429
TOKYOTECH_s01,132,182,138.06666666666666,0.27934110164642334,-0.8800862855906009
TOKYOTECH_s01,132,183,138.1,0.4244458079338074,-1.0178782691974766
TOKYOTECH_s01,132,184,138.13333333333333,0.4748091697692871,-1.1445170631044432
TOKYOTECH_s01,132,185,138.16666666666666,0.3759332001209259,-1.2359583128357574
TOKYOTECH_s01,132,186,138.2,0.045125920325517654,-1.2580620580590345
TOKYOTECH_s01,132,187,138.23333333333332,-0.2288207709789276,-1.1758454691236817
TOKYOTECH_s01,132,188,138.26666666666668,-0.5039881467819214,-0.9651097109016271
TOKYOTECH_s01,132,189,138.3,-0.8263293504714966,-0.623288895462014
TOKYOTECH_s01,132,190,138.33333333333334,-1.099331021308899,-0.17616550328800135
TOKYOTECH_s01,132,191,138.36666666666667,-1.2512480020523071,0.32254880234670436
TOKYOTECH_s01,132,192,138.4,-1.0035264492034912,0.8005704676106816
TOKYOTECH_s01,132,193,138.43333333333334,-0.9312694072723389,1.1841988867469457
TOKYOTECH_s01,132,194,138.46666666666667,-1.0163240432739258,1.4178741359924196
TOKYOTECH_s01,132,195,138.5,-1.011323094367981,1.4783904830343022
TOKYOTECH_s01,132,196,138.53333333333333,-1.046526312828064,1.3781441988855356
TOKYOTECH_s01,132,197,138.56666666666666,-1.2325438261032104,1.1570422054372773
TOKYOTECH_s01,132,198,138.6,-1.076767921447754,0.8676856908944437
TOKYOTECH_s01,132,199,138.63333333333333,-0.7074497938156128,0.5603906634386239
TOKYOTECH_s01,132,200,138.66666666666666,0.6267654895782471,0.2728164676031649
TOKYOTECH_s01,132,201,138.7,1.8527724742889404,0.02553363354356917
TOKYOTECH_s01,132,202,138.73333333333332,2.1377053260803223,-0.17758461745925083
TOKYOTECH_s01,132,203,138.76666666666668,1.785516381263733,-0.3458607015452458
TOKYOTECH_s01,132,204,138.8,1.0757042169570923,-0.4962981735977129
TOKYOTECH_s01,132,205,138.83333333333334,0.4712258577346802,-0.6465588330146839
TOKYOTECH_s01,132,206,138.86666666666667,0.23681379854679108,-0.8072476503696531
TOKYOTECH_s01,132,207,138.9,0.18948248028755188,-0.9752977586920064
TOKYOTECH_s01,132,208,138.93333333333334,0.30926769971847534,-1.1309316100074258
TOKYOTECH_s01,132,209,138.96666666666667,0.42192569375038147,-1.240116265318583
TOKYOTECH_s01,132,210,139.0,0.336556077003479,-1.2625118475290846
TOKYOTECH_s01,132,211,139.03333333333333,0.0712723359465599,-1.1628687963822906
TOKYOTECH_s01,132,212,139.06666666666666,-0.1561305969953537,-0.9228467344766575
TOKYOTECH_s01,132,213,139.1,-0.4871741235256195,-0.550071721377565
TOKYOTECH_s01,132,214,139.13333333333333,-0.9123683571815491,-0.08139471353477998
TOKYOTECH_s01,132,215,139.16666666666666,-1.121185302734375,0.42187265304759397
TOKYOTECH_s01,132,216,139.2,-1.201869010925293,0.8868977496723001
TOKYOTECH_s01,132,217,139.23333333333332,-1.0199073553085327,1.247318026859468
TOKYOTECH_s01,132,218,139.26666666666668,-0.8450334668159485,1.4600037164137118
TOKYOTECH_s01,132,219,139.3,-0.7710438370704651,1.5139598759878723
TOKYOTECH_s01,132,220,139.33333333333334,-0.9217401146888733,1.428414169997664
TOKYOTECH_s01,132,221,139.36666666666667,-1.1776127815246582,1.2422625754537093
TOKYOTECH_s01,132,222,139.4,-1.2638880014419556,1.0001762126172096
TOKYOTECH_s01,132,223,139.43333333333334,-0.6255847215652466,0.7407539349264102
TOKYOTECH_s01,132,224,139.46666666666667,0.8516876697540283,0.4899518878633331
TOKYOTECH_s01,132,225,139.5,1.9212887287139893,0.26014770002587806
TOKYOTECH_s01,132,226,139.53333333333333,2.017487049102783,0.053079664893673446
TOKYOTECH_s01,132,227,139.56666666666666,1.528816819190979,-0.13564872062324312
TOKYOTECH_s01,132,228,139.6,0.9717485308647156,-0.31200615534440573
TOKYOTECH_s01,132,229,139.63333333333333,0.5120993256568909,-0.4794915484534653
TOKYOTECH_s01,132,230,139.66666666666666,0.2085803896188736,-0.6361099460157305
TOKYOTECH_s01,132,231,139.7,0.1841665655374527,-0.7732409027713746
TOKYOTECH_s01,132,232,139.73333333333332,0.16010715067386627,-0.8771981786265561
TOKYOTECH_s01,132,233,139.76666666666668,0.17747245728969574,-0.933389090186759
TOKYOTECH_s01,132,234,139.8,0.27300137281417847,-0.9316148800723079
TOKYOTECH_s01,132,235,139.83333333333334,-0.04185815900564194,-0.8701166521527424
TOKYOTECH_s01,132,236,139.86666666666667,-0.4197210967540741,-0.7562976426789778
TOKYOTECH_s01,132,237,139.9,-0.614401638507843,-0.6037469759397681
TOKYOTECH_s01,132,238,139.93333333333334,-0.6353108882904053,-0.4274256918082245
TOKYOTECH_s01,132,239,139.96666666666667,-0.8501524925231934,-0.2400327351680368
TOKYOTECH_s01,133,0,133.0,-0.5293470621109009,-0.1264381283697683
TOKYOTECH_s01,133,1,133.03333333333333,1.2414425611495972,-0.3128121859690989
TOKYOTECH_s01,133,2,133.06666666666666,2.258671998977661,-0.48289280829174264
TOKYOTECH_s01,133,3,133.1,1.991458773612976,-0.6292558696044798
TOKYOTECH_s01,133,4,133.13333333333333,1.4182064533233643,-0.7537552007456125
TOKYOTECH_s01,133,5,133.16666666666666,1.0967315435409546,-0.8669085423793815
TOKYOTECH_s01,133,6,133.2,0.7182385921478271,-0.9824584400232006
TOKYOTECH_s01,133,7,133.23333333333332,0.28430262207984924,-1.1087856825335418
TOKYOTECH_s01,133,8,133.26666666666668,0.3503774404525757,-1.240350067129174
TOKYOTECH_s01,133,9,133.3,0.4763055145740509,-1.3528405619599604
TOKYOTECH_s01,133,10,133.33333333333334,0.5214316844940186,-1.4053671089194233
TOKYOTECH_s01,133,11,133.36666666666667,0.2594950199127197,-1.3510483853942057
TOKYOTECH_s01,133,12,133.4,-0.09438725560903549,-1.1535966817213652
TOKYOTECH_s01,133,13,133.43333333333334,-0.3325401246547699,-0.8038286461383192
TOKYOTECH_s01,133,14,133.46666666666667,-0.6699627637863159,-0.32882350385241743
TOKYOTECH_s01,133,15,133.5,-0.9587546586990356,0.2111547694608215
TOKYOTECH_s01,133,16,133.53333333333333,-0.8296763896942139,0.7376068778996581
TOKYOTECH_s01,133,17,133.56666666666666,-0.9021303057670593,1.1748326424559452
TOKYOTECH_s01,133,18,133.6,-0.9664331674575806,1.4686675818557766
TOKYOTECH_s01,133,19,133.63333333333333,-0.9207950830459595,1.5963259729233255
TOKYOTECH_s01,133,20,133.66666666666666,-0.7677755355834961,1.5658939163233725
TOKYOTECH_s01,133,21,133.7,-0.8188870549201965,1.4086198132555223
TOKYOTECH_s01,133,22,133.73333333333332,-1.1350460052490234,1.168195121323749
TOKYOTECH_s01,133,23,133.76666666666668,-0.7374157905578613,0.889854450770863
TOKYOTECH_s01,133,24,133.8,0.7334775328636169,0.6109286031697648
TOKYOTECH_s01,133,25,133.83333333333334,2.0303633213043213,0.3542297852015948
TOKYOTECH_s01,133,26,133.86666666666667,2.160386562347412,0.12569897852738465
TOKYOTECH_s01,133,27,133.9,1.618399739265442,-0.0828874941438754
TOKYOTECH_s01,133,28,133.93333333333334,1.355006217956543,-0.2869807028361074
TOKYOTECH_s01,133,29,133.96666666666667,0.8831893801689148,-0.5004158829217835
TOKYOTECH_s01,133,30,134.0,0.41393211483955383,-0.7272719108396092
TOKYOTECH_s01,133,31,134.03333333333333,0.3232859671115875,-0.9565360067738489
TOKYOTECH_s01,133,32,134.06666666666666,0.4083012044429779,-1.1611375295692627
TOKYOTECH_s01,133,33,134.1,0.43377819657325745,-1.3021835787729008
TOKYOTECH_s01,133,34,134.13333333333333,0.34978678822517395,-1.3379746287048493
TOKYOTECH_s01,133,35,134.16666666666666,-0.03614847734570503,-1.235963832830615
TOKYOTECH_s01,133,36,134.2,-0.2947380840778351,-0.9846861822533577
TOKYOTECH_s01,133,37,134.23333333333332,-0.6256635189056396,-0.6016887197705847
TOKYOTECH_s01,133,38,134.26666666666668,-0.786873459815979,-0.1332006584224816
TOKYOTECH_s01,133,39,134.3,-0.8244392275810242,0.35618461020001646
TOKYOTECH_s01,133,40,134.33333333333334,-1.0371150970458984,0.8000463468312066
TOKYOTECH_s01,133,41,134.36666666666667,-0.9495797753334045,1.145313280806669
TOKYOTECH_s01,133,42,134.4,-0.754505455493927,1.3602905848857039
TOKYOTECH_s01,133,43,134.43333333333334,-0.877440869808197,1.4349734438837445
TOKYOTECH_s01,133,44,134.46666666666667,-1.0699162483215332,1.3771415216118883
TOKYOTECH_s01,133,45,134.5,-1.03081476688385,1.2081090146248217
TOKYOTECH_s01,133,46,134.53333333333333,-0.4753609895706177,0.9592340553769761
TOKYOTECH_s01,133,47,134.56666666666666,0.9729298949241638,0.667653208307461
TOKYOTECH_s01,133,48,134.6,2.2016143798828125,0.3699211823449557
TOKYOTECH_s01,133,49,134.63333333333333,1.997483491897583,0.09442616818762607
TOKYOTECH_s01,133,50,134.66666666666666,1.4176552295684814,-0.14476421587603425
TOKYOTECH_s01,133,51,134.7,1.1428028345108032,-0.3497981070814855
TOKYOTECH_s01,133,52,134.73333333333332,0.7907712459564209,-0.5352712618746602
TOKYOTECH_s01,133,53,134.76666666666668,0.30292800068855286,-0.7196013824381845
TOKYOTECH_s01,133,54,134.8,0.2582349479198456,-0.9142956820801114
TOKYOTECH_s01,133,55,134.83333333333334,0.31273290514945984,-1.1148455766634247
TOKYOTECH_s01,133,56,134.86666666666667,0.41936618089675903,-1.2967394190994548
TOKYOTECH_s01,133,57,134.9,0.04394460842013359,-1.4187447640113986
TOKYOTECH_s01,133,58,134.93333333333334,-0.18499402701854706,-1.4334987345175287
TOKYOTECH_s01,133,59,134.96666666666667,-0.34557396173477173,-1.3029017830209182
TOKYOTECH_s01,133,60,135.0,-0.6970936059951782,-1.0134506977776119
TOKYOTECH_s01,133,61,135.03333333333333,-0.7635622024536133,-0.5855070406162769
TOKYOTECH_s01,133,62,135.06666666666666,-0.9298912286758423,-0.07169985625845747
TOKYOTECH_s01,133,63,135.1,-0.8961449861526489,0.4561156288834498
TOKYOTECH_s01,133,64,135.13333333333333,-0.8289676308631897,0.926057496220163
TOKYOTECH_s01,133,65,135.16666666666666,-1.074326515197754,1.2830752662712193
TOKYOTECH_s01,133,66,135.2,-1.0809024572372437,1.4973217536500791
TOKYOTECH_s01,133,67,135.23333333333332,-1.0527478456497192,1.5635041024158456
TOKYOTECH_s01,133,68,135.26666666666668,-1.0504640340805054,1.4951391999100043
TOKYOTECH_s01,133,69,135.3,-0.9672601222991943,1.318328210132459
TOKYOTECH_s01,133,70,135.33333333333334,-0.05662458389997482,1.0669016244242202
TOKYOTECH_s01,133,71,135.36666666666667,1.648168921470642,0.7778220522393553
TOKYOTECH_s01,133,72,135.4,2.3115947246551514,0.48544605315462463
TOKYOTECH_s01,133,73,135.43333333333334,1.9841740131378174,0.21506488604171806
TOKYOTECH_s01,133,74,135.46666666666667,1.3514622449874878,-0.022125031902863843
TOKYOTECH_s01,133,75,135.5,0.7895899415016174,-0.23016710446579222
TOKYOTECH_s01,133,76,135.53333333333333,0.5499013662338257,-0.42443668171146937
TOKYOTECH_s01,133,77,135.56666666666666,0.45555374026298523,-0.6235199554625536
TOKYOTECH_s01,133,78,135.6,0.43117931485176086,-0.8393275737659355
TOKYOTECH_s01,133,79,135.63333333333333,0.6566921472549438,-1.0685624481247797
TOKYOTECH_s01,133,80,135.66666666666666,0.3284837603569031,-1.288395990170635
TOKYOTECH_s01,133,81,135.7,-0.10242018848657608,-1.4583203459557919
TOKYOTECH_s01,133,82,135.73333333333332,-0.14577440917491913,-1.5288330035852362
TOKYOTECH_s01,133,83,135.76666666666668,-0.4493720829486847,-1.4556600520062948
TOKYOTECH_s01,133,84,135.8,-0.8291645050048828,-1.215713506415905
TOKYOTECH_s01,133,85,135.83333333333334,-0.7880547642707825,-0.8188937161919667
TOKYOTECH_s01,133,86,135.86666666666667,-0.7513946890830994,-0.309837576498874
TOKYOTECH_s01,133,87,135.9,-0.885513186454773,0.24257749204828988
TOKYOTECH_s01,133,88,135.93333333333334,-0.9366247057914734,0.7636363336925021
TOKYOTECH_s01,133,89,135.96666666666667,-0.8599967956542969,1.1904661606864826
TOKYOTECH_s01,133,90,136.0,-0.8766533136367798,1.482192450623421
TOKYOTECH_s01,133,91,136.03333333333333,-1.111774206161499,1.621478700467828
TOKYOTECH_s01,133,92,136.06666666666666,-1.2443569898605347,1.6110885633871195
TOKYOTECH_s01,133,93,136.1,-1.0894079208374023,1.469833789958426
TOKYOTECH_s01,133,94,136.13333333333333,-0.5407664179801941,1.2292501810673833
TOKYOTECH_s01,133,95,136.16666666666666,0.8695255517959595,0.9292585837887395
TOKYOTECH_s01,133,96,136.2,2.2270126342773438,0.6111801640098178
TOKYOTECH_s01,133,97,136.23333333333332,2.1138429641723633,0.3090180833793238
TOKYOTECH_s01,133,98,136.26666666666668,1.527793049812317,0.04215541992876927
TOKYOTECH_s01,133,99,136.3,1.3679612874984741,-0.1873063318796138
TOKYOTECH_s01,133,100,136.33333333333334,1.0010451078414917,-0.39148961222909606
TOKYOTECH_s01,133,101,136.36666666666667,0.42798975110054016,-0.5893001290819796
TOKYOTECH_s01,133,102,136.4,0.31836384534835815,-0.7968984612695607
TOKYOTECH_s01,133,103,136.43333333333334,0.4815426468849182,-1.0184672988967054
TOKYOTECH_s01,133,104,136.46666666666667,0.3884551227092743,-1.2399154008266877
TOKYOTECH_s01,133,105,136.5,0.08021094650030136,-1.428090860035876
TOKYOTECH_s01,133,106,136.53333333333333,-0.114312082529068,-1.5368482492571205
TOKYOTECH_s01,133,107,136.56666666666666,-0.2692217230796814,-1.5191808948676215
TOKYOTECH_s01,133,108,136.6,-0.5765995979309082,-1.3423766397830714
TOKYOTECH_s01,133,109,136.63333333333333,-0.8963025212287903,-1.0013613269579522
TOKYOTECH_s01,133,110,136.66666666666666,-0.8577523231506348,-0.5248690049773594
TOKYOTECH_s01,133,111,136.7,-0.7172940969467163,0.02888361640862068
TOKYOTECH_s01,133,112,136.73333333333332,-0.9199681878089905,0.5857819480988775
TOKYOTECH_s01,133,113,136.76666666666668,-1.0532597303390503,1.0731269642616967
TOKYOTECH_s01,133,114,136.8,-0.8406232595443726,1.4340961186479038
TOKYOTECH_s01,133,115,136.83333333333334,-0.8368824124336243,1.6354499631547188
TOKYOTECH_s01,133,116,136.86666666666667,-1.0832257270812988,1.6689615886257165
TOKYOTECH_s01,133,117,136.9,-1.1064188480377197,1.5494688621540358
TOKYOTECH_s01,133,118,136.93333333333334,-1.14130699634552,1.3111247298161308
TOKYOTECH_s01,133,119,136.96666666666667,-0.6335783004760742,1.001122861073398
TOKYOTECH_s01,133,120,137.0,1.024080753326416,0.6702347557837093
TOKYOTECH_s01,133,121,137.03333333333333,2.2514264583587646,0.36159877400240686
TOKYOTECH_s01,133,122,137.06666666666666,2.1009271144866943,0.10112981938978868
TOKYOTECH_s01,133,123,137.1,1.7221192121505737,-0.10692878192075907
TOKYOTECH_s01,133,124,137.13333333333333,1.252113699913025,-0.27766063055612544
TOKYOTECH_s01,133,125,137.16666666666666,0.6125897765159607,-0.43726694169425673
TOKYOTECH_s01,133,126,137.2,0.3568746745586395,-0.6116838485690327
TOKYOTECH_s01,133,127,137.23333333333332,0.28607457876205444,-0.8153207002557744
TOKYOTECH_s01,133,128,137.26666666666668,0.215786412358284,-1.0430025178975448
TOKYOTECH_s01,133,129,137.3,0.5152888894081116,-1.2674893408724692
TOKYOTECH_s01,133,130,137.33333333333334,0.39759060740470886,-1.4438300656629828
TOKYOTECH_s01,133,131,137.36666666666667,-0.14380554854869843,-1.5201570325152736
TOKYOTECH_s01,133,132,137.4,-0.3334851861000061,-1.4524471816271969
TOKYOTECH_s01,133,133,137.43333333333334,-0.4928838014602661,-1.2190110710874067
TOKYOTECH_s01,133,134,137.46666666666667,-0.9457995891571045,-0.8299398488796665
TOKYOTECH_s01,133,135,137.5,-1.0810205936431885,-0.3279293928919776
TOKYOTECH_s01,133,136,137.53333333333333,-0.9562345147132874,0.22034407159064887
TOKYOTECH_s01,133,137,137.56666666666666,-1.0099055767059326,0.7396694893670629
TOKYOTECH_s01,133,138,137.6,-1.1305177211761475,1.163243360851323
TOKYOTECH_s01,133,139,137.63333333333333,-1.1590267419815063,1.4455218526231894
TOKYOTECH_s01,133,140,137.66666666666666,-1.061135172843933,1.5679480062479993
TOKYOTECH_s01,133,141,137.7,-1.0467625856399536,1.5378619235894542
TOKYOTECH_s01,133,142,137.73333333333332,-1.2578239440917969,1.3827766012699405
TOKYOTECH_s01,133,143,137.76666666666668,-1.3957620859146118,1.1423187434766846
TOKYOTECH_s01,133,144,137.8,-1.0621196031570435,0.8594692722380021
TOKYOTECH_s01,133,145,137.83333333333334,0.3286806344985962,0.5723549775536896
TOKYOTECH_s01,133,146,137.86666666666667,1.9398746490478516,0.30803894946347504
TOKYOTECH_s01,133,147,137.9,2.1223483085632324,0.07960206765293946
TOKYOTECH_s01,133,148,137.93333333333334,1.6858527660369873,-0.11333191975773953
TOKYOTECH_s01,133,149,137.96666666666667,1.2417181730270386,-0.2815194829490247
TOKYOTECH_s01,133,150,138.0,0.6507855653762817,-0.4412839966833485
TOKYOTECH_s01,133,151,138.03333333333333,0.31450486183166504,-0.6083604195517403
TOKYOTECH_s01,133,152,138.06666666666666,0.27934110164642334,-0.7911151026748094
TOKYOTECH_s01,133,153,138.1,0.4244458079338074,-0.9847113684556408
TOKYOTECH_s01,133,154,138.13333333333333,0.4748091697692871,-1.1683055764124433
TOKYOTECH_s01,133,155,138.16666666666666,0.3759332001209259,-1.3069488699560818
TOKYOTECH_s01,133,156,138.2,0.045125920325517654,-1.3585312315537705
TOKYOTECH_s01,133,157,138.23333333333332,-0.2288207709789276,-1.284501578749016
TOKYOTECH_s01,133,158,138.26666666666668,-0.5039881467819214,-1.0619343504747245
TOKYOTECH_s01,133,159,138.3,-0.8263293504714966,-0.6939084224770249
TOKYOTECH_s01,133,160,138.33333333333334,-1.099331021308899,-0.21498064108884496
TOKYOTECH_s01,133,161,138.36666666666667,-1.2512480020523071,0.3112272149645521
TOKYOTECH_s01,133,162,138.4,-1.0035264492034912,0.8040839180991806
TOKYOTECH_s01,133,163,138.43333333333334,-0.9312694072723389,1.1859783817552247
TOKYOTECH_s01,133,164,138.46666666666667,-1.0163240432739258,1.4036656329732482
TOKYOTECH_s01,133,165,138.5,-1.011323094367981,1.4419351355797363
TOKYOTECH_s01,133,166,138.53333333333333,-1.046526312828064,1.3239976130298459
TOKYOTECH_s01,133,167,138.56666666666666,-1.2325438261032104,1.0996023223932392
TOKYOTECH_s01,133,168,138.6,-1.076767921447754,0.8271105985270049
TOKYOTECH_s01,133,169,138.63333333333333,-0.7074497938156128,0.557024377664801
TOKYOTECH_s01,133,170,138.66666666666666,0.6267654895782471,0.3219128681481942
TOKYOTECH_s01,133,171,138.7,1.8527724742889404,0.13365349415424993
TOKYOTECH_s01,133,172,138.73333333333332,2.1377053260803223,-0.01392718249100997
TOKYOTECH_s01,133,173,138.76666666666668,1.785516381263733,-0.13950242630186632
TOKYOTECH_s01,133,174,138.8,1.0757042169570923,-0.2672123990371415
TOKYOTECH_s01,133,175,138.83333333333334,0.4712258577346802,-0.41858909747807677
TOKYOTECH_s01,133,176,138.86666666666667,0.23681379854679108,-0.6042163806788171
TOKYOTECH_s01,133,177,138.9,0.18948248028755188,-0.8170528338540813
TOKYOTECH_s01,133,178,138.93333333333334,0.30926769971847534,-1.0299819314707448
TOKYOTECH_s01,133,179,138.96666666666667,0.42192569375038147,-1.1994411113821932
TOKYOTECH_s01,133,180,139.0,0.336556077003479,-1.2750226516639789
TOKYOTECH_s01,133,181,139.03333333333333,0.0712723359465599,-1.2128798798647367
TOKYOTECH_s01,133,182,139.06666666666666,-0.1561305969953537,-0.9896451595427623
TOKYOTECH_s01,133,183,139.1,-0.4871741235256195,-0.6132060670396628
TOKYOTECH_s01,133,184,139.13333333333333,-0.9123683571815491,-0.12670214317589537
TOKYOTECH_s01,133,185,139.16666666666666,-1.121185302734375,0.39712504147403727
TOKYOTECH_s01,133,186,139.2,-1.201869010925293,0.8718319215771586
TOKYOTECH_s01,133,187,139.23333333333332,-1.0199073553085327,1.2198650011250747
TOKYOTECH_s01,133,188,139.26666666666668,-0.8450334668159485,1.3937277856041608
TOKYOTECH_s01,133,189,139.3,-0.7710438370704651,1.386808933702388
TOKYOTECH_s01,133,190,139.33333333333334,-0.9217401146888733,1.2300446079822036
TOKYOTECH_s01,133,191,139.36666666666667,-1.1776127815246582,0.9775918669382796
TOKYOTECH_s01,133,192,139.4,-1.2638880014419556,0.6885088791089198
TOKYOTECH_s01,133,193,139.43333333333334,-0.6255847215652466,0.41116896961940347
TOKYOTECH_s01,133,194,139.46666666666667,0.8516876697540283,0.17444762745541173
TOKYOTECH_s01,133,195,139.5,1.9212887287139893,-0.013682194870897845
TOKYOTECH_s01,133,196,139.53333333333333,2.017487049102783,-0.16217978446561862
TOKYOTECH_s01,133,197,139.56666666666666,1.528816819190979,-0.2904169954216993
TOKYOTECH_s01,133,198,139.6,0.9717485308647156,-0.420881035749509
TOKYOTECH_s01,133,199,139.63333333333333,0.5120993256568909,-0.5716147029210736
TOKYOTECH_s01,133,200,139.66666666666666,0.2085803896188736,-0.748953798546721
TOKYOTECH_s01,133,201,139.7,0.1841665655374527,-0.9421860946530785
TOKYOTECH_s01,133,202,139.73333333333332,0.16010715067386627,-1.1225342358991615
TOKYOTECH_s01,133,203,139.76666666666668,0.17747245728969574,-1.2482293428796485
TOKYOTECH_s01,133,204,139.8,0.27300137281417847,-1.275223122600559
TOKYOTECH_s01,133,205,139.83333333333334,-0.04185815900564194,-1.170499209429545
TOKYOTECH_s01,133,206,139.86666666666667,-0.4197210967540741,-0.923556740898076
TOKYOTECH_s01,133,207,139.9,-0.614401638507843,-0.5521855667271632
TOKYOTECH_s01,133,208,139.93333333333334,-0.6353108882904053,-0.1007645355152284
TOKYOTECH_s01,133,209,139.96666666666667,-0.8501524925231934,0.36838702596043055
TOKYOTECH_s01,133,210,140.0,-1.153671383857727,0.7885813974193674
TOKYOTECH_s01,133,211,140.03333333333333,-1.066648006439209,1.1039884394605555
TOKYOTECH_s01,133,212,140.06666666666666,-0.8156975507736206,1.2819689061197155
TOKYOTECH_s01,133,213,140.1,-0.8025849461555481,1.3183126849881825
TOKYOTECH_s01,133,214,140.13333333333333,-1.056370496749878,1.2341502593182245
TOKYOTECH_s01,133,215,140.16666666666666,-1.137723684310913,1.066839936617008
TOKYOTECH_s01,133,216,140.2,-1.109254002571106,0.8587290912311755
TOKYOTECH_s01,133,217,140.23333333333332,-0.3588046729564667,0.6472009506395953
TOKYOTECH_s01,133,218,140.26666666666668,1.2067118883132935,0.4579801651227278
TOKYOTECH_s01,133,219,140.3,2.3017899990081787,0.3021602860768124
TOKYOTECH_s01,133,220,140.33333333333334,2.181177854537964,0.17641496447119673
TOKYOTECH_s01,133,221,140.36666666666667,1.4417539834976196,0.06577297538190456
TOKYOTECH_s01,133,222,140.4,1.0309324264526367,-0.05108993320240177
TOKYOTECH_s01,133,223,140.43333333333334,0.8290852308273315,-0.19404643559287763
TOKYOTECH_s01,133,224,140.46666666666667,0.2860352098941803,-0.372426634763998
TOKYOTECH_s01,133,225,140.5,0.03000510297715664,-0.5774563905527309
TOKYOTECH_s01,133,226,140.53333333333333,0.2608732283115387,-0.7796019985351181
TOKYOTECH_s01,133,227,140.56666666666666,0.4041666090488434,-0.9332092043276923
TOKYOTECH_s01,133,228,140.6,0.1617216020822525,-0.9885107896520791
TOKYOTECH_s01,133,229,140.63333333333333,-0.19117623567581177,-0.9080666549347516
TOKYOTECH_s01,133,230,140.66666666666666,-0.43326684832572937,-0.6821174880489519
TOKYOTECH_s01,133,231,140.7,-0.5652589797973633,-0.3366986843888764
TOKYOTECH_s01,133,232,140.73333333333332,-0.8646432757377625,0.06945199810003337
TOKYOTECH_s01,133,233,140.76666666666668,-1.0983072519302368,0.45885669792480105
TOKYOTECH_s01,133,234,140.8,-1.1510725021362305,0.7552921227943472
TOKYOTECH_s01,133,235,140.83333333333334,-1.0229393243789673,0.9026385140426033
TOKYOTECH_s01,133,236,140.86666666666667,-0.9097301363945007,0.8765392178877758
TOKYOTECH_s01,133,237,140.9,-0.9240240454673767,0.6865281666417372
TOKYOTECH_s01,133,238,140.93333333333334,-1.0121893882751465,0.3703495716844501
TOKYOTECH_s01,133,239,140.96666666666667,-1.1630825996398926,-0.015545024013773567
TOKYOTECH_s01,134,0,134.0,0.41393211483955383,0.015695854909871045
TOKYOTECH_s01,134,1,134.03333333333333,0.3232859671115875,-0.2844996173693672
TOKYOTECH_s01,134,2,134.06666666666666,0.4083012044429779,-0.5620653351960606
TOKYOTECH_s01,134,3,134.1,0.43377819657325745,-0.7892217996598242
TOKYOTECH_s01,134,4,134.13333333333333,0.34978678822517395,-0.9317117958552158
TOKYOTECH_s01,134,5,134.16666666666666,-0.03614847734570503,-0.9548084582460884
TOKYOTECH_s01,134,6,134.2,-0.2947380840778351,-0.8347023700478564
TOKYOTECH_s01,134,7,134.23333333333332,-0.6256635189056396,-0.5705432208762337
TOKYOTECH_s01,134,8,134.26666666666668,-0.786873459815979,-0.19094937638505807
TOKYOTECH_s01,134,9,134.3,-0.8244392275810242,0.24933814237778357
TOKYOTECH_s01,134,10,134.33333333333334,-1.0371150970458984,0.68202215111411
TOKYOTECH_s01,134,11,134.36666666666667,-0.9495797753334045,1.0417136426479456
TOKYOTECH_s01,134,12,134.4,-0.754505455493927,1.2798508635079535
TOKYOTECH_s01,134,13,134.43333333333334,-0.877440869808197,1.3720996586450203
TOKYOTECH_s01,134,14,134.46666666666667,-1.0699162483215332,1.3190610613021916
TOKYOTECH_s01,134,15,134.5,-1.03081476688385,1.1424956115088374
TOKYOTECH_s01,134,16,134.53333333333333,-0.4753609895706177,0.8790376075462174
TOKYOTECH_s01,134,17,134.56666666666666,0.9729298949241638,0.5722073088066971
TOKYOTECH_s01,134,18,134.6,2.2016143798828125,0.2634808424030404
TOKYOTECH_s01,134,19,134.63333333333333,1.997483491897583,-0.01597597386715525
TOKYOTECH_s01,134,20,134.66666666666666,1.4176552295684814,-0.2508090708383421
TOKYOTECH_s01,134,21,134.7,1.1428028345108032,-0.44254011529491255
TOKYOTECH_s01,134,22,134.73333333333332,0.7907712459564209,-0.6057341198048599
TOKYOTECH_s01,134,23,134.76666666666668,0.30292800068855286,-0.7602028873729554
TOKYOTECH_s01,134,24,134.8,0.2582349479198456,-0.9212151953280745
TOKYOTECH_s01,134,25,134.83333333333334,0.31273290514945984,-1.090407301255811
TOKYOTECH_s01,134,26,134.86666666666667,0.41936618089675903,-1.2504967591793752
TOKYOTECH_s01,134,27,134.9,0.04394460842013359,-1.3664287627483835
TOKYOTECH_s01,134,28,134.93333333333334,-0.18499402701854706,-1.3938034969320963
TOKYOTECH_s01,134,29,134.96666666666667,-0.34557396173477173,-1.292815217468606
TOKYOTECH_s01,134,30,135.0,-0.6970936059951782,-1.0434583382395295
TOKYOTECH_s01,134,31,135.03333333333333,-0.7635622024536133,-0.6563464248374229
TOKYOTECH_s01,134,32,135.06666666666666,-0.9298912286758423,-0.17408080291075498
TOKYOTECH_s01,134,33,135.1,-0.8961449861526489,0.33842993275939753
TOKYOTECH_s01,134,34,135.13333333333333,-0.8289676308631897,0.8108904045713294
TOKYOTECH_s01,134,35,135.16666666666666,-1.074326515197754,1.1844608478579794
TOKYOTECH_s01,134,36,135.2,-1.0809024572372437,1.4224450132305066
TOKYOTECH_s01,134,37,135.23333333333332,-1.0527478456497192,1.5130099192459907
TOKYOTECH_s01,134,38,135.26666666666668,-1.0504640340805054,1.465886662797013
TOKYOTECH_s01,134,39,135.3,-0.9672601222991943,1.3063502700681067
TOKYOTECH_s01,134,40,135.33333333333334,-0.05662458389997482,1.068788187447857
TOKYOTECH_s01,134,41,135.36666666666667,1.648168921470642,0.7904941651891424
TOKYOTECH_s01,134,42,135.4,2.3115947246551514,0.5056163010283067
TOKYOTECH_s01,134,43,135.43333333333334,1.9841740131378174,0.2395952325891463
TOKYOTECH_s01,134,44,135.46666666666667,1.3514622449874878,0.005164794138581835
TOKYOTECH_s01,134,45,135.5,0.7895899415016174,-0.19872386785025553
TOKYOTECH_s01,134,46,135.53333333333333,0.5499013662338257,-0.3842086579054661
TOKYOTECH_s01,134,47,135.56666666666666,0.45555374026298523,-0.5682201016235869
TOKYOTECH_s01,134,48,135.6,0.43117931485176086,-0.7638077046485624
TOKYOTECH_s01,134,49,135.63333333333333,0.6566921472549438,-0.971359840754163
TOKYOTECH_s01,134,50,135.66666666666666,0.3284837603569031,-1.172832467865781
TOKYOTECH_s01,134,51,135.7,-0.10242018848657608,-1.3319886712385063
TOKYOTECH_s01,134,52,135.73333333333332,-0.14577440917491913,-1.4020352609594924
TOKYOTECH_s01,134,53,135.76666666666668,-0.4493720829486847,-1.3393766777661413
TOKYOTECH_s01,134,54,135.8,-0.8291645050048828,-1.1194960227040867
TOKYOTECH_s01,134,55,135.83333333333334,-0.7880547642707825,-0.7491541762002555
TOKYOTECH_s01,134,56,135.86666666666667,-0.7513946890830994,-0.26923514102888874
TOKYOTECH_s01,134,57,135.9,-0.885513186454773,0.254130700618207
TOKYOTECH_s01,134,58,135.93333333333334,-0.9366247057914734,0.746792875690519
TOKYOTECH_s01,134,59,135.96666666666667,-0.8599967956542969,1.1446851270226603
TOKYOTECH_s01,134,60,136.0,-0.8766533136367798,1.4061284167953576
TOKYOTECH_s01,134,61,136.03333333333333,-1.111774206161499,1.5158303743407773
TOKYOTECH_s01,134,62,136.06666666666666,-1.2443569898605347,1.4821076873859778
TOKYOTECH_s01,134,63,136.1,-1.0894079208374023,1.3305996411342833
TOKYOTECH_s01,134,64,136.13333333333333,-0.5407664179801941,1.097041959328982
TOKYOTECH_s01,134,65,136.16666666666666,0.8695255517959595,0.8201404385215508
TOKYOTECH_s01,134,66,136.2,2.2270126342773438,0.5348980171487749
TOKYOTECH_s01,134,67,136.23333333333332,2.1138429641723633,0.2670098582409558
TOKYOTECH_s01,134,68,136.26666666666668,1.527793049812317,0.029348111261019057
TOKYOTECH_s01,134,69,136.3,1.3679612874984741,-0.17853991243740897
TOKYOTECH_s01,134,70,136.33333333333334,1.0010451078414917,-0.36770746642242264
TOKYOTECH_s01,134,71,136.36666666666667,0.42798975110054016,-0.5543704519170385
TOKYOTECH_s01,134,72,136.4,0.31836384534835815,-0.7525845709744278
TOKYOTECH_s01,134,73,136.43333333333334,0.4815426468849182,-0.9663141855928129
TOKYOTECH_s01,134,74,136.46666666666667,0.3884551227092743,-1.1831108093014582
TOKYOTECH_s01,134,75,136.5,0.08021094650030136,-1.3721809842578188
TOKYOTECH_s01,134,76,136.53333333333333,-0.114312082529068,-1.4888298040470334
TOKYOTECH_s01,134,77,136.56666666666666,-0.2692217230796814,-1.4852753614162892
TOKYOTECH_s01,134,78,136.6,-0.5765995979309082,-1.3254305552943437
TOKYOTECH_s01,134,79,136.63333333333333,-0.8963025212287903,-0.999158441033078
TOKYOTECH_s01,134,80,136.66666666666666,-0.8577523231506348,-0.5305739263578415
TOKYOTECH_s01,134,81,136.7,-0.7172940969467163,0.023741769816034246
TOKYOTECH_s01,134,82,136.73333333333332,-0.9199681878089905,0.5870325671384271
TOKYOTECH_s01,134,83,136.76666666666668,-1.0532597303390503,1.0810184425958385
TOKYOTECH_s01,134,84,136.8,-0.8406232595443726,1.4438162997480237
TOKYOTECH_s01,134,85,136.83333333333334,-0.8368824124336243,1.6408403344588474
TOKYOTECH_s01,134,86,136.86666666666667,-1.0832257270812988,1.666766603164942
TOKYOTECH_s01,134,87,136.9,-1.1064188480377197,1.5410027102281372
TOKYOTECH_s01,134,88,136.93333333333334,-1.14130699634552,1.3002219050522943
TOKYOTECH_s01,134,89,136.96666666666667,-0.6335783004760742,0.9901549279523838
TOKYOTECH_s01,134,90,137.0,1.024080753326416,0.6573877611727428
TOKYOTECH_s01,134,91,137.03333333333333,2.2514264583587646,0.34152127709115804
TOKYOTECH_s01,134,92,137.06666666666666,2.1009271144866943,0.06857338519707704
TOKYOTECH_s01,134,93,137.1,1.7221192121505737,-0.15288509226325672
TOKYOTECH_s01,134,94,137.13333333333333,1.252113699913025,-0.33147676030924444
TOKYOTECH_s01,134,95,137.16666666666666,0.6125897765159607,-0.488159309267199
TOKYOTECH_s01,134,96,137.2,0.3568746745586395,-0.6475645083640515
TOKYOTECH_s01,134,97,137.23333333333332,0.28607457876205444,-0.8275707552397342
TOKYOTECH_s01,134,98,137.26666666666668,0.215786412358284,-1.0299523424720707
TOKYOTECH_s01,134,99,137.3,0.5152888894081116,-1.2351233580620775
TOKYOTECH_s01,134,100,137.33333333333334,0.39759060740470886,-1.4033804222751178
TOKYOTECH_s01,134,101,137.36666666666667,-0.14380554854869843,-1.4834739857935535
TOKYOTECH_s01,134,102,137.4,-0.3334851861000061,-1.426974696126705
TOKYOTECH_s01,134,103,137.43333333333334,-0.4928838014602661,-1.2045537219184397
TOKYOTECH_s01,134,104,137.46666666666667,-0.9457995891571045,-0.8189332149129338
TOKYOTECH_s01,134,105,137.5,-1.0810205936431885,-0.30945412366932534
TOKYOTECH_s01,134,106,137.53333333333333,-0.9562345147132874,0.2547092777409226
TOKYOTECH_s01,134,107,137.56666666666666,-1.0099055767059326,0.7914745054952299
TOKYOTECH_s01,134,108,137.6,-1.1305177211761475,1.2267265182893423
TOKYOTECH_s01,134,109,137.63333333333333,-1.1590267419815063,1.510840099397818
TOKYOTECH_s01,134,110,137.66666666666666,-1.061135172843933,1.6254984643283155
TOKYOTECH_s01,134,111,137.7,-1.0467625856399536,1.5808960011787463
TOKYOTECH_s01,134,112,137.73333333333332,-1.2578239440917969,1.4072790227081866
TOKYOTECH_s01,134,113,137.76666666666668,-1.3957620859146118,1.145353534415027
TOKYOTECH_s01,134,114,137.8,-1.0621196031570435,0.8381071495229818
TOKYOTECH_s01,134,115,137.83333333333334,0.3286806344985962,0.5244086141163085
TOKYOTECH_s01,134,116,137.86666666666667,1.9398746490478516,0.23415651034046017
TOKYOTECH_s01,134,117,137.9,2.1223483085632324,-0.014870575733914756
TOKYOTECH_s01,134,118,137.93333333333334,1.6858527660369873,-0.21821149695284878
TOKYOTECH_s01,134,119,137.96666666666667,1.2417181730270386,-0.3837750789336199
TOKYOTECH_s01,134,120,138.0,0.6507855653762817,-0.528378974904674
TOKYOTECH_s01,134,121,138.03333333333333,0.31450486183166504,-0.6715726369020972
TOKYOTECH_s01,134,122,138.06666666666666,0.27934110164642334,-0.8275733205604313
TOKYOTECH_s01,134,123,138.1,0.4244458079338074,-0.9974740032608816
TOKYOTECH_s01,134,124,138.13333333333333,0.4748091697692871,-1.164533628504681
TOKYOTECH_s01,134,125,138.16666666666666,0.3759332001209259,-1.2948133799114636
TOKYOTECH_s01,134,126,138.2,0.045125920325517654,-1.343831345809249
TOKYOTECH_s01,134,127,138.23333333333332,-0.2288207709789276,-1.2680953217649071
TOKYOTECH_s01,134,128,138.26666666666668,-0.5039881467819214,-1.0390357924451454
TOKYOTECH_s01,134,129,138.3,-0.8263293504714966,-0.6558626848560476
TOKYOTECH_s01,134,130,138.33333333333334,-1.099331021308899,-0.15308295336398847
TOKYOTECH_s01,134,131,138.36666666666667,-1.2512480020523071,0.4014906064782693
TOKYOTECH_s01,134,132,138.4,-1.0035264492034912,0.9203805558256477
TOKYOTECH_s01,134,133,138.43333333333334,-0.9312694072723389,1.3191967126092101
TOKYOTECH_s01,134,134,138.46666666666667,-1.0163240432739258,1.5402190507149809
TOKYOTECH_s01,134,135,138.5,-1.011323094367981,1.5666621166151218
TOKYOTECH_s01,134,136,138.53333333333333,-1.046526312828064,1.4223310085274605
TOKYOTECH_s01,134,137,138.56666666666666,-1.2325438261032104,1.1590031181192084
TOKYOTECH_s01,134,138,138.6,-1.076767921447754,0.8385587468344139
TOKYOTECH_s01,134,139,138.63333333333333,-0.7074497938156128,0.5168991760060418
TOKYOTECH_s01,134,140,138.66666666666666,0.6267654895782471,0.2335423217625604
TOKYOTECH_s01,134,141,138.7,1.8527724742889404,0.007309750400057208
TOKYOTECH_s01,134,142,138.73333333333332,2.1377053260803223,-0.1631365429104391
TOKYOTECH_s01,134,143,138.76666666666668,1.785516381263733,-0.295116398804024
TOKYOTECH_s01,134,144,138.8,1.0757042169570923,-0.414881647161237
TOKYOTECH_s01,134,145,138.83333333333334,0.4712258577346802,-0.5484804265233812
TOKYOTECH_s01,134,146,138.86666666666667,0.23681379854679108,-0.7119877878799689
TOKYOTECH_s01,134,147,138.9,0.18948248028755188,-0.9034434406151326
TOKYOTECH_s01,134,148,138.93333333333334,0.30926769971847534,-1.0992120990282692
TOKYOTECH_s01,134,149,138.96666666666667,0.42192569375038147,-1.2567499326259568
TOKYOTECH_s01,134,150,139.0,0.336556077003479,-1.3239375778223483
TOKYOTECH_s01,134,151,139.03333333333333,0.0712723359465599,-1.2531181274069898
TOKYOTECH_s01,134,152,139.06666666666666,-0.1561305969953537,-1.016572110233731
TOKYOTECH_s01,134,153,139.1,-0.4871741235256195,-0.6192148425990677
TOKYOTECH_s01,134,154,139.13333333333333,-0.9123683571815491,-0.10381133951033057
TOKYOTECH_s01,134,155,139.16666666666666,-1.121185302734375,0.4549035744901916
TOKYOTECH_s01,134,156,139.2,-1.201869010925293,0.9673119416861923
TOKYOTECH_s01,134,157,139.23333333333332,-1.0199073553085327,1.3523426173290691
TOKYOTECH_s01,134,158,139.26666666666668,-0.8450334668159485,1.5584833752706577
TOKYOTECH_s01,134,159,139.3,-0.7710438370704651,1.5741215409151674
TOKYOTECH_s01,134,160,139.33333333333334,-0.9217401146888733,1.4245852780224229
TOKYOTECH_s01,134,161,139.36666666666667,-1.1776127815246582,1.159601296993522
TOKYOTECH_s01,134,162,139.4,-1.2638880014419556,0.8373888795153612
TOKYOTECH_s01,134,163,139.43333333333334,-0.6255847215652466,0.5105120261013878
TOKYOTECH_s01,134,164,139.46666666666667,0.8516876697540283,0.21636969463973935
TOKYOTECH_s01,134,165,139.5,1.9212887287139893,-0.026852315275422124
TOKYOTECH_s01,134,166,139.53333333333333,2.017487049102783,-0.2193856314749907
TOKYOTECH_s01,134,167,139.56666666666666,1.528816819190979,-0.3754500171232224
TOKYOTECH_s01,134,168,139.6,0.9717485308647156,-0.5163245163026514
TOKYOTECH_s01,134,169,139.63333333333333,0.5120993256568909,-0.6619891376402032
TOKYOTECH_s01,134,170,139.66666666666666,0.2085803896188736,-0.8228329067442373
TOKYOTECH_s01,134,171,139.7,0.1841665655374527,-0.9935204011716643
TOKYOTECH_s01,134,172,139.73333333333332,0.16010715067386627,-1.151187055071764
TOKYOTECH_s01,134,173,139.76666666666668,0.17747245728969574,-1.2592492861972198
TOKYOTECH_s01,134,174,139.8,0.27300137281417847,-1.2763798232036971
TOKYOTECH_s01,134,175,139.83333333333334,-0.04185815900564194,-1.168404369460396
TOKYOTECH_s01,134,176,139.86666666666667,-0.4197210967540741,-0.91984907954289
TOKYOTECH_s01,134,177,139.9,-0.614401638507843,-0.5418052487094289
TOKYOTECH_s01,134,178,139.93333333333334,-0.6353108882904053,-0.07352333795228562
TOKYOTECH_s01,134,179,139.96666666666667,-0.8501524925231934,0.42345377303875303
TOKYOTECH_s01,134,180,140.0,-1.153671383857727,0.8778688008691299
TOKYOTECH_s01,134,181,140.03333333333333,-1.066648006439209,1.2249284043568442
TOKYOTECH_s01,134,182,140.06666666666666,-0.8156975507736206,1.4209795234389722
TOKYOTECH_s01,134,183,140.1,-0.8025849461555481,1.4517680241040472
TOKYOTECH_s01,134,184,140.13333333333333,-1.056370496749878,1.3323628023178715
TOKYOTECH_s01,134,185,140.16666666666666,-1.137723684310913,1.1002814548551323
TOKYOTECH_s01,134,186,140.2,-1.109254002571106,0.8048240248255473
TOKYOTECH_s01,134,187,140.23333333333332,-0.3588046729564667,0.4954918017582426
TOKYOTECH_s01,134,188,140.26666666666668,1.2067118883132935,0.21197020120376567
TOKYOTECH_s01,134,189,140.3,2.3017899990081787,-0.022425336998660166
TOKYOTECH_s01,134,190,140.33333333333334,2.181177854537964,-0.20295588119863314
TOKYOTECH_s01,134,191,140.36666666666667,1.4417539834976196,-0.3413539239501694
TOKYOTECH_s01,134,192,140.4,1.0309324264526367,-0.4598463237070796
TOKYOTECH_s01,134,193,140.43333333333334,0.8290852308273315,-0.582147849517595
TOKYOTECH_s01,134,194,140.46666666666667,0.2860352098941803,-0.7231983192101219
TOKYOTECH_s01,134,195,140.5,0.03000510297715664,-0.8804838827639878
TOKYOTECH_s01,134,196,140.53333333333333,0.2608732283115387,-1.030170102791379
TOKYOTECH_s01,134,197,140.56666666666666,0.4041666090488434,-1.130449976211198
TOKYOTECH_s01,134,198,140.6,0.1617216020822525,-1.1324281549662338
TOKYOTECH_s01,134,199,140.63333333333333,-0.19117623567581177,-0.9960451785805289
TOKYOTECH_s01,134,200,140.66666666666666,-0.43326684832572937,-0.7060245756313482
TOKYOTECH_s01,134,201,140.7,-0.5652589797973633,-0.28189161019119374
TOKYOTECH_s01,134,202,140.73333333333332,-0.8646432757377625,0.22239897344751514
TOKYOTECH_s01,134,203,140.76666666666668,-1.0983072519302368,0.7300573391264796
TOKYOTECH_s01,134,204,140.8,-1.1510725021362305,1.1606828901276676
TOKYOTECH_s01,134,205,140.83333333333334,-1.0229393243789673,1.4503638523605822
TOKYOTECH_s01,134,206,140.86666666666667,-0.9097301363945007,1.5656681112630635
TOKYOTECH_s01,134,207,140.9,-0.9240240454673767,1.5075088090590294
TOKYOTECH_s01,134,208,140.93333333333334,-1.0121893882751465,1.3055388227749665
TOKYOTECH_s01,134,209,140.96666666666667,-1.1630825996398926,1.0070695561379532
TOKYOTECH_s01,134,210,141.0,-1.016638994216919,0.6646607014340634
TOKYOTECH_s01,134,211,141.03333333333333,-0.02236648090183735,0.32502717407346543
TOKYOTECH_s01,134,212,141.06666666666666,1.4715625047683716,0.020939559574621347
TOKYOTECH_s01,134,213,141.1,2.341127634048462,-0.23272485079870778
TOKYOTECH_s01,134,214,141.13333333333333,2.0246143341064453,-0.4384954585744762
TOKYOTECH_s01,134,215,141.16666666666666,1.374340295791626,-0.6119667186354674
TOKYOTECH_s01,134,216,141.2,1.0534955263137817,-0.7745357950897204
TOKYOTECH_s01,134,217,141.23333333333332,0.6410987973213196,-0.9444376201700472
TOKYOTECH_s01,134,218,141.26666666666668,0.2267332524061203,-1.1279764479575243
TOKYOTECH_s01,134,219,141.3,0.15971337258815765,-1.3135016037963787
TOKYOTECH_s01,134,220,141.33333333333334,0.3154892921447754,-1.470555781022799
TOKYOTECH_s01,134,221,141.36666666666667,0.2227955311536789,-1.5554624221661513
TOKYOTECH_s01,134,222,141.4,-0.10702730715274811,-1.5226989254833847
TOKYOTECH_s01,134,223,141.43333333333334,-0.19790972769260406,-1.3394887224310343
TOKYOTECH_s01,134,224,141.46666666666667,-0.4728408455848694,-0.9997091045005887
TOKYOTECH_s01,134,225,141.5,-0.8488924503326416,-0.5322565547433279
TOKYOTECH_s01,134,226,141.53333333333333,-0.9286311268806458,0.0010386333323280715
TOKYOTECH_s01,134,227,141.56666666666666,-0.9747417569160461,0.5197099480247224
TOKYOTECH_s01,134,228,141.6,-1.0604658126831055,0.9464703042019423
TOKYOTECH_s01,134,229,141.63333333333333,-1.1925760507583618,1.2272975476633532
TOKYOTECH_s01,134,230,141.66666666666666,-1.003841519355774,1.3422716380044197
TOKYOTECH_s01,134,231,141.7,-0.8249117732048035,1.305281949746358
TOKYOTECH_s01,134,232,141.73333333333332,-0.9582821130752563,1.1554347910304117
TOKYOTECH_s01,134,233,141.76666666666668,-1.1259105205535889,0.9446591470544646
TOKYOTECH_s01,134,234,141.8,-0.8405051231384277,0.7251368993001859
TOKYOTECH_s01,134,235,141.83333333333334,0.4206262528896332,0.5387442576343228
TOKYOTECH_s01,134,236,141.86666666666667,1.7779165506362915,0.4101021128529041
TOKYOTECH_s01,134,237,141.9,2.2826526165008545,0.3443082690896475
TOKYOTECH_s01,134,238,141.93333333333334,1.8232790231704712,0.3290417155343458
TOKYOTECH_s01,134,239,141.96666666666667,1.172020673751831,0.33957370115442087
TOKYOTECH_s01,135,0,135.0,-0.6970936059951782,0.13228474879709876
TOKYOTECH_s01,135,1,135.03333333333333,-0.7635622024536133,0.49234074826838947
TOKYOTECH_s01,135,2,135.06666666666666,-0.9298912286758423,0.8334250753644752
TOKYOTECH_s01,135,3,135.1,-0.8961449861526489,1.1366675357055898
TOKYOTECH_s01,135,4,135.13333333333333,-0.8289676308631897,1.3825153248493107
TOKYOTECH_s01,135,5,135.16666666666666,-1.074326515197754,1.5528856362141603
TOKYOTECH_s01,135,6,135.2,-1.0809024572372437,1.6337651999704617
TOKYOTECH_s01,135,7,135.23333333333332,-1.0527478456497192,1.6175146752210503
TOKYOTECH_s01,135,8,135.26666666666668,-1.0504640340805054,1.5047587386009489
TOKYOTECH_s01,135,9,135.3,-0.9672601222991943,1.3057365144443536
TOKYOTECH_s01,135,10,135.33333333333334,-0.05662458389997482,1.0403151437455627
TOKYOTECH_s01,135,11,135.36666666666667,1.648168921470642,0.7355301758662025
TOKYOTECH_s01,135,12,135.4,2.3115947246551514,0.4203599881200236
TOKYOTECH_s01,135,13,135.43333333333334,1.9841740131378174,0.11902665885330223
TOKYOTECH_s01,135,14,135.46666666666667,1.3514622449874878,-0.15466443227363152
TOKYOTECH_s01,135,15,135.5,0.7895899415016174,-0.39945172547199925
TOKYOTECH_s01,135,16,135.53333333333333,0.5499013662338257,-0.6240877862946044
TOKYOTECH_s01,135,17,135.56666666666666,0.45555374026298523,-0.8408524750232328
TOKYOTECH_s01,135,18,135.6,0.43117931485176086,-1.0571171524608602
TOKYOTECH_s01,135,19,135.63333333333333,0.6566921472549438,-1.2676634029034428
TOKYOTECH_s01,135,20,135.66666666666666,0.3284837603569031,-1.4506746166372224
TOKYOTECH_s01,135,21,135.7,-0.10242018848657608,-1.5697307353923984
TOKYOTECH_s01,135,22,135.73333333333332,-0.14577440917491913,-1.5824565016250631
TOKYOTECH_s01,135,23,135.76666666666668,-0.4493720829486847,-1.454013633797611
TOKYOTECH_s01,135,24,135.8,-0.8291645050048828,-1.1712065237528169
TOKYOTECH_s01,135,25,135.83333333333334,-0.7880547642707825,-0.7516350146208048
TOKYOTECH_s01,135,26,135.86666666666667,-0.7513946890830994,-0.24315603635749
TOKYOTECH_s01,135,27,135.9,-0.885513186454773,0.28732237750764605
TOKYOTECH_s01,135,28,135.93333333333334,-0.9366247057914734,0.7711776721723013
TOKYOTECH_s01,135,29,135.96666666666667,-0.8599967956542969,1.153801714295833
TOKYOTECH_s01,135,30,136.0,-0.8766533136367798,1.4029422597720413
TOKYOTECH_s01,135,31,136.03333333333333,-1.111774206161499,1.5089114283973633
TOKYOTECH_s01,135,32,136.06666666666666,-1.2443569898605347,1.4799848754275142
TOKYOTECH_s01,135,33,136.1,-1.0894079208374023,1.3370866773919845
TOKYOTECH_s01,135,34,136.13333333333333,-0.5407664179801941,1.1095797846442261
TOKYOTECH_s01,135,35,136.16666666666666,0.8695255517959595,0.831355057041166
TOKYOTECH_s01,135,36,136.2,2.2270126342773438,0.5359237560150842
TOKYOTECH_s01,135,37,136.23333333333332,2.1138429641723633,0.2506605260676742
TOKYOTECH_s01,135,38,136.26666666666668,1.527793049812317,-0.008022065939899653
TOKYOTECH_s01,135,39,136.3,1.3679612874984741,-0.23645196265341076
TOKYOTECH_s01,135,40,136.33333333333334,1.0010451078414917,-0.44158211467721414
TOKYOTECH_s01,135,41,136.36666666666667,0.42798975110054016,-0.63566605891554
TOKYOTECH_s01,135,42,136.4,0.31836384534835815,-0.8290194078767329
TOKYOTECH_s01,135,43,136.43333333333334,0.4815426468849182,-1.0225028295568432
TOKYOTECH_s01,135,44,136.46666666666667,0.3884551227092743,-1.2021465498665755
TOKYOTECH_s01,135,45,136.5,0.08021094650030136,-1.338561627888587
TOKYOTECH_s01,135,46,136.53333333333333,-0.114312082529068,-1.3924258030302492
TOKYOTECH_s01,135,47,136.56666666666666,-0.2692217230796814,-1.3251234477159566
TOKYOTECH_s01,135,48,136.6,-0.5765995979309082,-1.1117712052495972
TOKYOTECH_s01,135,49,136.63333333333333,-0.8963025212287903,-0.7526264341964497
TOKYOTECH_s01,135,50,136.66666666666666,-0.8577523231506348,-0.2784439043500051
TOKYOTECH_s01,135,51,136.7,-0.7172940969467163,0.25330723797359866
TOKYOTECH_s01,135,52,136.73333333333332,-0.9199681878089905,0.7709899998906783
TOKYOTECH_s01,135,53,136.76666666666668,-1.0532597303390503,1.2057381772718903
TOKYOTECH_s01,135,54,136.8,-0.8406232595443726,1.5062924312903385
TOKYOTECH_s01,135,55,136.83333333333334,-0.8368824124336243,1.6467159750508829
TOKYOTECH_s01,135,56,136.86666666666667,-1.0832257270812988,1.6264354459844625
TOKYOTECH_s01,135,57,136.9,-1.1064188480377197,1.4657183306972001
TOKYOTECH_s01,135,58,136.93333333333334,-1.14130699634552,1.1996631625025638
TOKYOTECH_s01,135,59,136.96666666666667,-0.6335783004760742,0.8716820633242196
TOKYOTECH_s01,135,60,137.0,1.024080753326416,0.5262948289100514
TOKYOTECH_s01,135,61,137.03333333333333,2.2514264583587646,0.201507688347743
TOKYOTECH_s01,135,62,137.06666666666666,2.1009271144866943,-0.07782667145604502
TOKYOTECH_s01,135,63,137.1,1.7221192121505737,-0.30365358238556606
TOKYOTECH_s01,135,64,137.13333333333333,1.252113699913025,-0.483914516085122
TOKYOTECH_s01,135,65,137.16666666666666,0.6125897765159607,-0.637241307468803
TOKYOTECH_s01,135,66,137.2,0.3568746745586395,-0.7845231966731788
TOKYOTECH_s01,135,67,137.23333333333332,0.28607457876205444,-0.9396994595182986
TOKYOTECH_s01,135,68,137.26666666666668,0.215786412358284,-1.102427824371241
TOKYOTECH_s01,135,69,137.3,0.5152888894081116,-1.2548519046982713
TOKYOTECH_s01,135,70,137.33333333333334,0.39759060740470886,-1.3636848524442513
TOKYOTECH_s01,135,71,137.36666666666667,-0.14380554854869843,-1.3875814171132217
TOKYOTECH_s01,135,72,137.4,-0.3334851861000061,-1.2885268014041886
TOKYOTECH_s01,135,73,137.43333333333334,-0.4928838014602661,-1.0446572778667143
TOKYOTECH_s01,135,74,137.46666666666667,-0.9457995891571045,-0.6607134434457541
TOKYOTECH_s01,135,75,137.5,-1.0810205936431885,-0.17204439868056795
TOKYOTECH_s01,135,76,137.53333333333333,-0.9562345147132874,0.36044762323326196
TOKYOTECH_s01,135,77,137.56666666666666,-1.0099055767059326,0.8637783911347447
TOKYOTECH_s01,135,78,137.6,-1.1305177211761475,1.2703069678140633
TOKYOTECH_s01,135,79,137.63333333333333,-1.1590267419815063,1.532729604515603
TOKYOTECH_s01,135,80,137.66666666666666,-1.061135172843933,1.6317814388802552
TOKYOTECH_s01,135,81,137.7,-1.0467625856399536,1.5755310557636761
TOKYOTECH_s01,135,82,137.73333333333332,-1.2578239440917969,1.3926166624982186
TOKYOTECH_s01,135,83,137.76666666666668,-1.3957620859146118,1.1231045458784485
TOKYOTECH_s01,135,84,137.8,-1.0621196031570435,0.809653058613699
TOKYOTECH_s01,135,85,137.83333333333334,0.3286806344985962,0.4901450825897363
TOKYOTECH_s01,135,86,137.86666666666667,1.9398746490478516,0.19249381940671356
TOKYOTECH_s01,135,87,137.9,2.1223483085632324,-0.06774576929915255
TOKYOTECH_s01,135,88,137.93333333333334,1.6858527660369873,-0.2870412210876541
TOKYOTECH_s01,135,89,137.96666666666667,1.2417181730270386,-0.47157254135683424
TOKYOTECH_s01,135,90,138.0,0.6507855653762817,-0.6334904753334095
TOKYOTECH_s01,135,91,138.03333333333333,0.31450486183166504,-0.7858748766343367
TOKYOTECH_s01,135,92,138.06666666666666,0.27934110164642334,-0.9368351272435947
TOKYOTECH_s01,135,93,138.1,0.4244458079338074,-1.0840401820004326
TOKYOTECH_s01,135,94,138.13333333333333,0.4748091697692871,-1.2115749403643563
TOKYOTECH_s01,135,95,138.16666666666666,0.3759332001209259,-1.2908167279010692
TOKYOTECH_s01,135,96,138.2,0.045125920325517654,-1.285945691187928
TOKYOTECH_s01,135,97,138.23333333333332,-0.2288207709789276,-1.163328057032444
TOKYOTECH_s01,135,98,138.26666666666668,-0.5039881467819214,-0.9029014657796802
TOKYOTECH_s01,135,99,138.3,-0.8263293504714966,-0.5087593400654066
TOKYOTECH_s01,135,100,138.33333333333334,-1.099331021308899,-0.015329981347676323
TOKYOTECH_s01,135,101,138.36666666666667,-1.2512480020523071,0.5144916547556526
TOKYOTECH_s01,135,102,138.4,-1.0035264492034912,1.001228637304307
TOKYOTECH_s01,135,103,138.43333333333334,-0.9312694072723389,1.3686747807934316
TOKYOTECH_s01,135,104,138.46666666666667,-1.0163240432739258,1.5646680840279903
TOKYOTECH_s01,135,105,138.5,-1.011323094367981,1.5739920752830994
TOKYOTECH_s01,135,106,138.53333333333333,-1.046526312828064,1.4186117516146783
TOKYOTECH_s01,135,107,138.56666666666666,-1.2325438261032104,1.1468825432769028
TOKYOTECH_s01,135,108,138.6,-1.076767921447754,0.8174731911739637
TOKYOTECH_s01,135,109,138.63333333333333,-0.7074497938156128,0.48415540955010095
TOKYOTECH_s01,135,110,138.66666666666666,0.6267654895782471,0.18547411287394577
TOKYOTECH_s01,135,111,138.7,1.8527724742889404,-0.05955632521993029
TOKYOTECH_s01,135,112,138.73333333333332,2.1377053260803223,-0.25062910474189065
TOKYOTECH_s01,135,113,138.76666666666668,1.785516381263733,-0.4017448730001092
TOKYOTECH_s01,135,114,138.8,1.0757042169570923,-0.5344496263490555
TOKYOTECH_s01,135,115,138.83333333333334,0.4712258577346802,-0.6696231128741277
TOKYOTECH_s01,135,116,138.86666666666667,0.23681379854679108,-0.8191410910913122
TOKYOTECH_s01,135,117,138.9,0.18948248028755188,-0.9794464679393705
TOKYOTECH_s01,135,118,138.93333333333334,0.30926769971847534,-1.1292152030777844
TOKYOTECH_s01,135,119,138.96666666666667,0.42192569375038147,-1.2324435577101427
TOKYOTECH_s01,135,120,139.0,0.336556077003479,-1.2466491881479338
TOKYOTECH_s01,135,121,139.03333333333333,0.0712723359465599,-1.1344145844390892
TOKYOTECH_s01,135,122,139.06666666666666,-0.1561305969953537,-0.8758222692928133
TOKYOTECH_s01,135,123,139.1,-0.4871741235256195,-0.4788372797462259
TOKYOTECH_s01,135,124,139.13333333333333,-0.9123683571815491,0.016007241436416863
TOKYOTECH_s01,135,125,139.16666666666666,-1.121185302734375,0.5400733612191566
TOKYOTECH_s01,135,126,139.2,-1.201869010925293,1.011300151836885
TOKYOTECH_s01,135,127,139.23333333333332,-1.0199073553085327,1.3556058017089019
TOKYOTECH_s01,135,128,139.26666666666668,-0.8450334668159485,1.5268994989978806
TOKYOTECH_s01,135,129,139.3,-0.7710438370704651,1.51714009512138
TOKYOTECH_s01,135,130,139.33333333333334,-0.9217401146888733,1.3532776050573114
TOKYOTECH_s01,135,131,139.36666666666667,-1.1776127815246582,1.0846292809947864
TOKYOTECH_s01,135,132,139.4,-1.2638880014419556,0.7671007039898463
TOKYOTECH_s01,135,133,139.43333333333334,-0.6255847215652466,0.4496261063933981
TOKYOTECH_s01,135,134,139.46666666666667,0.8516876697540283,0.1657477174034575
TOKYOTECH_s01,135,135,139.5,1.9212887287139893,-0.06914963812917703
TOKYOTECH_s01,135,136,139.53333333333333,2.017487049102783,-0.25612699672389666
TOKYOTECH_s01,135,137,139.56666666666666,1.528816819190979,-0.4081816626165295
TOKYOTECH_s01,135,138,139.6,0.9717485308647156,-0.5440796014656669
TOKYOTECH_s01,135,139,139.63333333333333,0.5120993256568909,-0.6811395910889536
TOKYOTECH_s01,135,140,139.66666666666666,0.2085803896188736,-0.8279110197070191
TOKYOTECH_s01,135,141,139.7,0.1841665655374527,-0.9785614606255416
TOKYOTECH_s01,135,142,139.73333333333332,0.16010715067386627,-1.1112395834862574
TOKYOTECH_s01,135,143,139.76666666666668,0.17747245728969574,-1.1919105786763902
TOKYOTECH_s01,135,144,139.8,0.27300137281417847,-1.1831879893349706
TOKYOTECH_s01,135,145,139.83333333333334,-0.04185815900564194,-1.0556679344831528
TOKYOTECH_s01,135,146,139.86666666666667,-0.4197210967540741,-0.7983866798331969
TOKYOTECH_s01,135,147,139.9,-0.614401638507843,-0.4253271869701961
TOKYOTECH_s01,135,148,139.93333333333334,-0.6353108882904053,0.024104344422350276
TOKYOTECH_s01,135,149,139.96666666666667,-0.8501524925231934,0.4913601507218214
TOKYOTECH_s01,135,150,140.0,-1.153671383857727,0.910875097832824
TOKYOTECH_s01,135,151,140.03333333333333,-1.066648006439209,1.225052336534219
TOKYOTECH_s01,135,152,140.06666666666666,-0.8156975507736206,1.3972525022419653
TOKYOTECH_s01,135,153,140.1,-0.8025849461555481,1.4181635805081356
TOKYOTECH_s01,135,154,140.13333333333333,-1.056370496749878,1.3040717459309181
TOKYOTECH_s01,135,155,140.16666666666666,-1.137723684310913,1.0891884916162413
TOKYOTECH_s01,135,156,140.2,-1.109254002571106,0.8156388411817659
TOKYOTECH_s01,135,157,140.23333333333332,-0.3588046729564667,0.5240719886157345
TOKYOTECH_s01,135,158,140.26666666666668,1.2067118883132935,0.2465550948106164
TOKYOTECH_s01,135,159,140.3,2.3017899990081787,0.0023260875105896575
TOKYOTECH_s01,135,160,140.33333333333334,2.181177854537964,-0.2035730634999778
TOKYOTECH_s01,135,161,140.36666666666667,1.4417539834976196,-0.37874017337073534
TOKYOTECH_s01,135,162,140.4,1.0309324264526367,-0.5387054449079747
TOKYOTECH_s01,135,163,140.43333333333334,0.8290852308273315,-0.6993609467785261
TOKYOTECH_s01,135,164,140.46666666666667,0.2860352098941803,-0.8682766162735079
TOKYOTECH_s01,135,165,140.5,0.03000510297715664,-1.037854209518694
TOKYOTECH_s01,135,166,140.53333333333333,0.2608732283115387,-1.1830513753292173
TOKYOTECH_s01,135,167,140.56666666666666,0.4041666090488434,-1.265154704730886
TOKYOTECH_s01,135,168,140.6,0.1617216020822525,-1.2415612032452978
TOKYOTECH_s01,135,169,140.63333333333333,-0.19117623567581177,-1.0796417512841074
TOKYOTECH_s01,135,170,140.66666666666666,-0.43326684832572937,-0.7705844729669634
TOKYOTECH_s01,135,171,140.7,-0.5652589797973633,-0.3378922246217695
TOKYOTECH_s01,135,172,140.73333333333332,-0.8646432757377625,0.1637540887835926
TOKYOTECH_s01,135,173,140.76666666666668,-1.0983072519302368,0.6601314660859144
TOKYOTECH_s01,135,174,140.8,-1.1510725021362305,1.0759687792454395
TOKYOTECH_s01,135,175,140.83333333333334,-1.0229393243789673,1.3535492990031515
TOKYOTECH_s01,135,176,140.86666666666667,-0.9097301363945007,1.464880907822054
TOKYOTECH_s01,135,177,140.9,-0.9240240454673767,1.4141687028675252
TOKYOTECH_s01,135,178,140.93333333333334,-1.0121893882751465,1.2316958941934384
TOKYOTECH_s01,135,179,140.96666666666667,-1.1630825996398926,0.9630036568529651
TOKYOTECH_s01,135,180,141.0,-1.016638994216919,0.657148783142309
TOKYOTECH_s01,135,181,141.03333333333333,-0.02236648090183735,0.35639402400128223
TOKYOTECH_s01,135,182,141.06666666666666,1.4715625047683716,0.08890634119326639
TOKYOTECH_s01,135,183,141.1,2.341127634048462,-0.134334398976899
TOKYOTECH_s01,135,184,141.13333333333333,2.0246143341064453,-0.3180733735751089
TOKYOTECH_s01,135,185,141.16666666666666,1.374340295791626,-0.4774665041506214
TOKYOTECH_s01,135,186,141.2,1.0534955263137817,-0.6302553080208543
TOKYOTECH_s01,135,187,141.23333333333332,0.6410987973213196,-0.7881756218912017
TOKYOTECH_s01,135,188,141.26666666666668,0.2267332524061203,-0.9497774657853424
TOKYOTECH_s01,135,189,141.3,0.15971337258815765,-1.096983906415786
TOKYOTECH_s01,135,190,141.33333333333334,0.3154892921447754,-1.1971004159782124
TOKYOTECH_s01,135,191,141.36666666666667,0.2227955311536789,-1.2104804636446993
TOKYOTECH_s01,135,192,141.4,-0.10702730715274811,-1.102094093096023
TOKYOTECH_s01,135,193,141.43333333333334,-0.19790972769260406,-0.8538282902771865
TOKYOTECH_s01,135,194,141.46666666666667,-0.4728408455848694,-0.4740595404400713
TOKYOTECH_s01,135,195,141.5,-0.8488924503326416,-0.0012487546961710832
TOKYOTECH_s01,135,196,141.53333333333333,-0.9286311268806458,0.5011803094644348
TOKYOTECH_s01,135,197,141.56666666666666,-0.9747417569160461,0.9590138224996166
TOKYOTECH_s01,135,198,141.6,-1.0604658126831055,1.3062034051273281
TOKYOTECH_s01,135,199,141.63333333333333,-1.1925760507583618,1.5011154792521857
TOKYOTECH_s01,135,200,141.66666666666666,-1.003841519355774,1.5339691045360613
TOKYOTECH_s01,135,201,141.7,-0.8249117732048035,1.4239847475468705
TOKYOTECH_s01,135,202,141.73333333333332,-0.9582821130752563,1.2091911381016405
TOKYOTECH_s01,135,203,141.76666666666668,-1.1259105205535889,0.9337601185995107
TOKYOTECH_s01,135,204,141.8,-0.8405051231384277,0.636879290788591
TOKYOTECH_s01,135,205,141.83333333333334,0.4206262528896332,0.34533686967850974
TOKYOTECH_s01,135,206,141.86666666666667,1.7779165506362915,0.07087118129940113
TOKYOTECH_s01,135,207,141.9,2.2826526165008545,-0.1875250100229319
TOKYOTECH_s01,135,208,141.93333333333334,1.8232790231704712,-0.4375469014209724
TOKYOTECH_s01,135,209,141.96666666666667,1.172020673751831,-0.6860497207810007
TOKYOTECH_s01,135,210,142.0,0.8232573866844177,-0.9322313395710793
TOKYOTECH_s01,135,211,142.03333333333333,0.437755286693573,-1.1631651978445474
TOKYOTECH_s01,135,212,142.06666666666666,0.14860902726650238,-1.353161761692426
TOKYOTECH_s01,135,213,142.1,0.04240889847278595,-1.4680211023119358
TOKYOTECH_s01,135,214,142.13333333333333,0.12829041481018066,-1.4737872479150798
TOKYOTECH_s01,135,215,142.16666666666666,0.3688453137874603,-1.3476118914664499
TOKYOTECH_s01,135,216,142.2,0.12002122402191162,-1.0869433089929408
TOKYOTECH_s01,135,217,142.23333333333332,-0.3584502935409546,-0.7134205228411016
TOKYOTECH_s01,135,218,142.26666666666668,-0.6382641792297363,-0.2697737964591832
TOKYOTECH_s01,135,219,142.3,-0.7022913694381714,0.1891428827827134
TOKYOTECH_s01,135,220,142.33333333333334,-0.7886454463005066,0.6077602821435139
TOKYOTECH_s01,135,221,142.36666666666667,-0.9787188768386841,0.9397545481462684
TOKYOTECH_s01,135,222,142.4,-1.0034083127975464,1.154271483779515
TOKYOTECH_s01,135,223,142.43333333333334,-0.886733889579773,1.2383064945899482
TOKYOTECH_s01,135,224,142.46666666666667,-0.9129590392112732,1.196272984388203
TOKYOTECH_s01,135,225,142.5,-1.0154577493667603,1.0477020279973095
TOKYOTECH_s01,135,226,142.53333333333333,-0.8777164816856384,0.8234343856142755
TOKYOTECH_s01,135,227,142.56666666666666,-0.10946869105100632,0.5603991921568484
TOKYOTECH_s01,135,228,142.6,1.1609950065612793,0.29547459370050244
TOKYOTECH_s01,135,229,142.63333333333333,1.9604688882827759,0.059580901715677106
TOKYOTECH_s01,135,230,142.66666666666666,1.715346336364746,-0.12659940691224147
TOKYOTECH_s01,135,231,142.7,1.3204724788665771,-0.25434181347381096
TOKYOTECH_s01,135,232,142.73333333333332,0.8672416806221008,-0.32602916032849816
TOKYOTECH_s01,135,233,142.76666666666668,0.5376550555229187,-0.35235984896795686
TOKYOTECH_s01,135,234,142.8,0.3441164791584015,-0.3482451225467918
TOKYOTECH_s01,135,235,142.83333333333334,0.159752756357193,-0.32812183102819076
TOKYOTECH_s01,135,236,142.86666666666667,0.33931246399879456,-0.3020483514798792
TOKYOTECH_s01,135,237,142.9,0.2870590090751648,-0.2740695407999502
TOKYOTECH_s01,135,238,142.93333333333334,-0.02689485065639019,-0.24311520138618767
TOKYOTECH_s01,135,239,142.96666666666667,-0.16739244759082794,-0.205268223447089
TOKYOTECH_s01,136,0,136.0,-0.8766533136367798,-0.018275560474461217
TOKYOTECH_s01,136,1,136.03333333333333,-1.111774206161499,0.09728626846223304
TOKYOTECH_s01,136,2,136.06666666666666,-1.2443569898605347,0.18099975631599605
TOKYOTECH_s01,136,3,136.1,-1.0894079208374023,0.21169704744485768
TOKYOTECH_s01,136,4,136.13333333333333,-0.5407664179801941,0.18237531308379315
TOKYOTECH_s01,136,5,136.16666666666666,0.8695255517959595,0.10001925441382323
TOKYOTECH_s01,136,6,136.2,2.2270126342773438,-0.019521094535193153
TOKYOTECH_s01,136,7,136.23333333333332,2.1138429641723633,-0.15876017199957748
TOKYOTECH_s01,136,8,136.26666666666668,1.527793049812317,-0.3046117217756231
TOKYOTECH_s01,136,9,136.3,1.3679612874984741,-0.4510954588334493
TOKYOTECH_s01,136,10,136.33333333333334,1.0010451078414917,-0.5983073856860415
TOKYOTECH_s01,136,11,136.36666666666667,0.42798975110054016,-0.7485557315412101
TOKYOTECH_s01,136,12,136.4,0.31836384534835815,-0.9010895284996215
TOKYOTECH_s01,136,13,136.43333333333334,0.4815426468849182,-1.0470305619968865
TOKYOTECH_s01,136,14,136.46666666666667,0.3884551227092743,-1.1663827021655095
TOKYOTECH_s01,136,15,136.5,0.08021094650030136,-1.2289505963334486
TOKYOTECH_s01,136,16,136.53333333333333,-0.114312082529068,-1.2001125684711147
TOKYOTECH_s01,136,17,136.56666666666666,-0.2692217230796814,-1.0507385835611345
TOKYOTECH_s01,136,18,136.6,-0.5765995979309082,-0.7686229391118916
TOKYOTECH_s01,136,19,136.63333333333333,-0.8963025212287903,-0.3671963298704417
TOKYOTECH_s01,136,20,136.66666666666666,-0.8577523231506348,0.1130425307383064
TOKYOTECH_s01,136,21,136.7,-0.7172940969467163,0.6125850925438148
TOKYOTECH_s01,136,22,136.73333333333332,-0.9199681878089905,1.0678758078555792
TOKYOTECH_s01,136,23,136.76666666666668,-1.0532597303390503,1.4267027218527786
TOKYOTECH_s01,136,24,136.8,-0.8406232595443726,1.6577045551321854
TOKYOTECH_s01,136,25,136.83333333333334,-0.8368824124336243,1.7515561832606852
TOKYOTECH_s01,136,26,136.86666666666667,-1.0832257270812988,1.7161407309751318
TOKYOTECH_s01,136,27,136.9,-1.1064188480377197,1.5702413191391598
TOKYOTECH_s01,136,28,136.93333333333334,-1.14130699634552,1.3386821099699349
TOKYOTECH_s01,136,29,136.96666666666667,-0.6335783004760742,1.0490079990292018
TOKYOTECH_s01,136,30,137.0,1.024080753326416,0.7287095911141662
TOKYOTECH_s01,136,31,137.03333333333333,2.2514264583587646,0.4025053424927239
TOKYOTECH_s01,136,32,137.06666666666666,2.1009271144866943,0.08980552905939583
TOKYOTECH_s01,136,33,137.1,1.7221192121505737,-0.19720657963731766
TOKYOTECH_s01,136,34,137.13333333333333,1.252113699913025,-0.4542686990581301
TOKYOTECH_s01,136,35,137.16666666666666,0.6125897765159607,-0.6838990144740147
TOKYOTECH_s01,136,36,137.2,0.3568746745586395,-0.8921149821845762
TOKYOTECH_s01,136,37,137.23333333333332,0.28607457876205444,-1.0833853155104052
TOKYOTECH_s01,136,38,137.26666666666668,0.215786412358284,-1.255108447202262
TOKYOTECH_s01,136,39,137.3,0.5152888894081116,-1.3936507354178531
TOKYOTECH_s01,136,40,137.33333333333334,0.39759060740470886,-1.474063358151991
TOKYOTECH_s01,136,41,137.36666666666667,-0.14380554854869843,-1.4647779468160191
TOKYOTECH_s01,136,42,137.4,-0.3334851861000061,-1.3369229138928398
TOKYOTECH_s01,136,43,137.43333333333334,-0.4928838014602661,-1.0758127250911764
TOKYOTECH_s01,136,44,137.46666666666667,-0.9457995891571045,-0.6904462148292124
TOKYOTECH_s01,136,45,137.5,-1.0810205936431885,-0.21659624064452723
TOKYOTECH_s01,136,46,137.53333333333333,-0.9562345147132874,0.2889939698240869
TOKYOTECH_s01,136,47,137.56666666666666,-1.0099055767059326,0.7619383714629838
TOKYOTECH_s01,136,48,137.6,-1.1305177211761475,1.1456649499724436
TOKYOTECH_s01,136,49,137.63333333333333,-1.1590267419815063,1.4025607883393452
TOKYOTECH_s01,136,50,137.66666666666666,-1.061135172843933,1.5176182169502748
TOKYOTECH_s01,136,51,137.7,-1.0467625856399536,1.4958504169337525
TOKYOTECH_s01,136,52,137.73333333333332,-1.2578239440917969,1.3567571966232232
TOKYOTECH_s01,136,53,137.76666666666668,-1.3957620859146118,1.1285238066562917
TOKYOTECH_s01,136,54,137.8,-1.0621196031570435,0.8431331719380627
TOKYOTECH_s01,136,55,137.83333333333334,0.3286806344985962,0.5324282936424046
TOKYOTECH_s01,136,56,137.86666666666667,1.9398746490478516,0.22483425012246558
TOKYOTECH_s01,136,57,137.9,2.1223483085632324,-0.05737749169757785
TOKYOTECH_s01,136,58,137.93333333333334,1.6858527660369873,-0.3002066493981095
TOKYOTECH_s01,136,59,137.96666666666667,1.2417181730270386,-0.49913641064933617
TOKYOTECH_s01,136,60,138.0,0.6507855653762817,-0.6588417117545015
TOKYOTECH_s01,136,61,138.03333333333333,0.31450486183166504,-0.7906581080437438
TOKYOTECH_s01,136,62,138.06666666666666,0.27934110164642334,-0.9074915328712226
TOKYOTECH_s01,136,63,138.1,0.4244458079338074,-1.0169678487901426
TOKYOTECH_s01,136,64,138.13333333333333,0.4748091697692871,-1.1150407863472893
TOKYOTECH_s01,136,65,138.16666666666666,0.3759332001209259,-1.182938308800106
TOKYOTECH_s01,136,66,138.2,0.045125920325517654,-1.1895046939340004
TOKYOTECH_s01,136,67,138.23333333333332,-0.2288207709789276,-1.0991996135377424
TOKYOTECH_s01,136,68,138.26666666666668,-0.5039881467819214,-0.8841520011629211
TOKYOTECH_s01,136,69,138.3,-0.8263293504714966,-0.5370940413395037
TOKYOTECH_s01,136,70,138.33333333333334,-1.099331021308899,-0.08088478253638832
TOKYOTECH_s01,136,71,138.36666666666667,-1.2512480020523071,0.4299361533157273
TOKYOTECH_s01,136,72,138.4,-1.0035264492034912,0.9187187081243665
TOKYOTECH_s01,136,73,138.43333333333334,-0.9312694072723389,1.3063321549940707
TOKYOTECH_s01,136,74,138.46666666666667,-1.0163240432739258,1.5338077759282098
TOKYOTECH_s01,136,75,138.5,-1.011323094367981,1.5780758607679986
TOKYOTECH_s01,136,76,138.53333333333333,-1.046526312828064,1.4544958466575815
TOKYOTECH_s01,136,77,138.56666666666666,-1.2325438261032104,1.2069819782905162
TOKYOTECH_s01,136,78,138.6,-1.076767921447754,0.8918529748371412
TOKYOTECH_s01,136,79,138.63333333333333,-0.7074497938156128,0.5624882962918585
TOKYOTECH_s01,136,80,138.66666666666666,0.6267654895782471,0.25901653945008335
TOKYOTECH_s01,136,81,138.7,1.8527724742889404,0.0036018389576153694
TOKYOTECH_s01,136,82,138.73333333333332,2.1377053260803223,-0.19985270849197181
TOKYOTECH_s01,136,83,138.76666666666668,1.785516381263733,-0.3626581784101753
TOKYOTECH_s01,136,84,138.8,1.0757042169570923,-0.505508638627749
TOKYOTECH_s01,136,85,138.83333333333334,0.4712258577346802,-0.6504121628186259
TOKYOTECH_s01,136,86,138.86666666666667,0.23681379854679108,-0.8116147980883134
TOKYOTECH_s01,136,87,138.9,0.18948248028755188,-0.9877647194400119
TOKYOTECH_s01,136,88,138.93333333333334,0.30926769971847534,-1.15813475692372
TOKYOTECH_s01,136,89,138.96666666666667,0.42192569375038147,-1.2849950881049224
TOKYOTECH_s01,136,90,139.0,0.336556077003479,-1.3221573581912243
TOKYOTECH_s01,136,91,139.03333333333333,0.0712723359465599,-1.2276551696397626
TOKYOTECH_s01,136,92,139.06666666666666,-0.1561305969953537,-0.9775926301486356
TOKYOTECH_s01,136,93,139.1,-0.4871741235256195,-0.5777170350255825
TOKYOTECH_s01,136,94,139.13333333333333,-0.9123683571815491,-0.06865242817906586
TOKYOTECH_s01,136,95,139.16666666666666,-1.121185302734375,0.4788284212631642
TOKYOTECH_s01,136,96,139.2,-1.201869010925293,0.9792824323110799
TOKYOTECH_s01,136,97,139.23333333333332,-1.0199073553085327,1.35479962338153
TOKYOTECH_s01,136,98,139.26666666666668,-0.8450334668159485,1.5555371940796898
TOKYOTECH_s01,136,99,139.3,-0.7710438370704651,1.570112432671559
TOKYOTECH_s01,136,100,139.33333333333334,-0.9217401146888733,1.4228585808407168
TOKYOTECH_s01,136,101,139.36666666666667,-1.1776127815246582,1.1615370064553112
TOKYOTECH_s01,136,102,139.4,-1.2638880014419556,0.841871072748764
TOKYOTECH_s01,136,103,139.43333333333334,-0.6255847215652466,0.5141429406151902
TOKYOTECH_s01,136,104,139.46666666666667,0.8516876697540283,0.21451664668938444
TOKYOTECH_s01,136,105,139.5,1.9212887287139893,-0.03855215062089214
TOKYOTECH_s01,136,106,139.53333333333333,2.017487049102783,-0.2437130083180822
TOKYOTECH_s01,136,107,139.56666666666666,1.528816819190979,-0.41294958825330647
TOKYOTECH_s01,136,108,139.6,0.9717485308647156,-0.565258143737827
TOKYOTECH_s01,136,109,139.63333333333333,0.5120993256568909,-0.7184025010955082
TOKYOTECH_s01,136,110,139.66666666666666,0.2085803896188736,-0.8802742746274335
TOKYOTECH_s01,136,111,139.7,0.1841665655374527,-1.0425320657024695
TOKYOTECH_s01,136,112,139.73333333333332,0.16010715067386627,-1.1794403856100137
TOKYOTECH_s01,136,113,139.76666666666668,0.17747245728969574,-1.2534221278131334
TOKYOTECH_s01,136,114,139.8,0.27300137281417847,-1.2260762616023437
TOKYOTECH_s01,136,115,139.83333333333334,-0.04185815900564194,-1.0709429244587485
TOKYOTECH_s01,136,116,139.86666666666667,-0.4197210967540741,-0.783646988228576
TOKYOTECH_s01,136,117,139.9,-0.614401638507843,-0.38617833883917485
TOKYOTECH_s01,136,118,139.93333333333334,-0.6353108882904053,0.07591988866718352
TOKYOTECH_s01,136,119,139.96666666666667,-0.8501524925231934,0.542569573771763
TOKYOTECH_s01,136,120,140.0,-1.153671383857727,0.9518170048960657
TOKYOTECH_s01,136,121,140.03333333333333,-1.066648006439209,1.2526175169767244
TOKYOTECH_s01,136,122,140.06666666666666,-0.8156975507736206,1.4142332413515768
TOKYOTECH_s01,136,123,140.1,-0.8025849461555481,1.4299646218116708
TOKYOTECH_s01,136,124,140.13333333333333,-1.056370496749878,1.3151174501088234
TOKYOTECH_s01,136,125,140.16666666666666,-1.137723684310913,1.1009444497103633
TOKYOTECH_s01,136,126,140.2,-1.109254002571106,0.8267729608944036
TOKYOTECH_s01,136,127,140.23333333333332,-0.3588046729564667,0.5320608440377804
TOKYOTECH_s01,136,128,140.26666666666668,1.2067118883132935,0.2495865153195097
TOKYOTECH_s01,136,129,140.3,2.3017899990081787,0.000580568472775273
TOKYOTECH_s01,136,130,140.33333333333334,2.181177854537964,-0.20771974066329757
TOKYOTECH_s01,136,131,140.36666666666667,1.4417539834976196,-0.38166391589433685
TOKYOTECH_s01,136,132,140.4,1.0309324264526367,-0.5373576739346494
TOKYOTECH_s01,136,133,140.43333333333334,0.8290852308273315,-0.6932841075058026
TOKYOTECH_s01,136,134,140.46666666666667,0.2860352098941803,-0.8607413986598705
TOKYOTECH_s01,136,135,140.5,0.03000510297715664,-1.0351855462607327
TOKYOTECH_s01,136,136,140.53333333333333,0.2608732283115387,-1.192247698255201
TOKYOTECH_s01,136,137,140.56666666666666,0.4041666090488434,-1.2911091192742354
TOKYOTECH_s01,136,138,140.6,0.1617216020822525,-1.2852713290506133
TOKYOTECH_s01,136,139,140.63333333333333,-0.19117623567581177,-1.1377843691239458
TOKYOTECH_s01,136,140,140.66666666666666,-0.43326684832572937,-0.8360416339874861
TOKYOTECH_s01,136,141,140.7,-0.5652589797973633,-0.4008514352181179
TOKYOTECH_s01,136,142,140.73333333333332,-0.8646432757377625,0.11421756468177213
TOKYOTECH_s01,136,143,140.76666666666668,-1.0983072519302368,0.6340894146138769
TOKYOTECH_s01,136,144,140.8,-1.1510725021362305,1.080641380037721
TOKYOTECH_s01,136,145,140.83333333333334,-1.0229393243789673,1.3918106672299708
TOKYOTECH_s01,136,146,140.86666666666667,-0.9097301363945007,1.5347043020639861
TOKYOTECH_s01,136,147,140.9,-0.9240240454673767,1.5090852977608447
TOKYOTECH_s01,136,148,140.93333333333334,-1.0121893882751465,1.3419726825845242
TOKYOTECH_s01,136,149,140.96666666666667,-1.1630825996398926,1.077102414240718
TOKYOTECH_s01,136,150,141.0,-1.016638994216919,0.7631607102477959
TOKYOTECH_s01,136,151,141.03333333333333,-0.02236648090183735,0.443409066268184
TOKYOTECH_s01,136,152,141.06666666666666,1.4715625047683716,0.1484226260312849
TOKYOTECH_s01,136,153,141.1,2.341127634048462,-0.1070159600505289
TOKYOTECH_s01,136,154,141.13333333333333,2.0246143341064453,-0.3229325143078492
TOKYOTECH_s01,136,155,141.16666666666666,1.374340295791626,-0.5100080864554203
TOKYOTECH_s01,136,156,141.2,1.0534955263137817,-0.6831728756685068
TOKYOTECH_s01,136,157,141.23333333333332,0.6410987973213196,-0.8538466241537179
TOKYOTECH_s01,136,158,141.26666666666668,0.2267332524061203,-1.0224996303586789
TOKYOTECH_s01,136,159,141.3,0.15971337258815765,-1.174066691129141
TOKYOTECH_s01,136,160,141.33333333333334,0.3154892921447754,-1.278546059754415
TOKYOTECH_s01,136,161,141.36666666666667,0.2227955311536789,-1.2975924341766927
TOKYOTECH_s01,136,162,141.4,-0.10702730715274811,-1.1956968580355978
TOKYOTECH_s01,136,163,141.43333333333334,-0.19790972769260406,-0.9528513477684764
TOKYOTECH_s01,136,164,141.46666666666667,-0.4728408455848694,-0.575091676276447
TOKYOTECH_s01,136,165,141.5,-0.8488924503326416,-0.09922146966211705
TOKYOTECH_s01,136,166,141.53333333333333,-0.9286311268806458,0.4117711923573568
TOKYOTECH_s01,136,167,141.56666666666666,-0.9747417569160461,0.8833467071812448
TOKYOTECH_s01,136,168,141.6,-1.0604658126831055,1.2491552267020725
TOKYOTECH_s01,136,169,141.63333333333333,-1.1925760507583618,1.4672699125554252
TOKYOTECH_s01,136,170,141.66666666666666,-1.003841519355774,1.5267166217177952
TOKYOTECH_s01,136,171,141.7,-0.8249117732048035,1.4438763720150536
TOKYOTECH_s01,136,172,141.73333333333332,-0.9582821130752563,1.252537725863302
TOKYOTECH_s01,136,173,141.76666666666668,-1.1259105205535889,0.9923404700298745
TOKYOTECH_s01,136,174,141.8,-0.8405051231384277,0.6990272761279573
TOKYOTECH_s01,136,175,141.83333333333334,0.4206262528896332,0.3981881539012971
TOKYOTECH_s01,136,176,141.86666666666667,1.7779165506362915,0.10326744907596601
TOKYOTECH_s01,136,177,141.9,2.2826526165008545,-0.1821127654516771
TOKYOTECH_s01,136,178,141.93333333333334,1.8232790231704712,-0.45873458344757895
TOKYOTECH_s01,136,179,141.96666666666667,1.172020673751831,-0.7254683334878851
TOKYOTECH_s01,136,180,142.0,0.8232573866844177,-0.9740523204927176
TOKYOTECH_s01,136,181,142.03333333333333,0.437755286693573,-1.1863295118989627
TOKYOTECH_s01,136,182,142.06666666666666,0.14860902726650238,-1.3350768954493835
TOKYOTECH_s01,136,183,142.1,0.04240889847278595,-1.389131894227985
TOKYOTECH_s01,136,184,142.13333333333333,0.12829041481018066,-1.322128112220828
TOKYOTECH_s01,136,185,142.16666666666666,0.3688453137874603,-1.1223099836107109
TOKYOTECH_s01,136,186,142.2,0.12002122402191162,-0.7997298198173916
TOKYOTECH_s01,136,187,142.23333333333332,-0.3584502935409546,-0.38745248055337544
TOKYOTECH_s01,136,188,142.26666666666668,-0.6382641792297363,0.06457895626739912
TOKYOTECH_s01,136,189,142.3,-0.7022913694381714,0.5011364230016384
TOKYOTECH_s01,136,190,142.33333333333334,-0.7886454463005066,0.8739556538254644
TOKYOTECH_s01,136,191,142.36666666666667,-0.9787188768386841,1.149584015459252
TOKYOTECH_s01,136,192,142.4,-1.0034083127975464,1.3109564398231854
TOKYOTECH_s01,136,193,142.43333333333334,-0.886733889579773,1.3547099616161573
TOKYOTECH_s01,136,194,142.46666666666667,-0.9129590392112732,1.2876749315054996
TOKYOTECH_s01,136,195,142.5,-1.0154577493667603,1.1246366139682307
TOKYOTECH_s01,136,196,142.53333333333333,-0.8777164816856384,0.887036969726359
TOKYOTECH_s01,136,197,142.56666666666666,-0.10946869105100632,0.6008992479267811
TOKYOTECH_s01,136,198,142.6,1.1609950065612793,0.2929797863651534
TOKYOTECH_s01,136,199,142.63333333333333,1.9604688882827759,-0.014011763075519892
TOKYOTECH_s01,136,200,142.66666666666666,1.715346336364746,-0.3050463174019236
TOKYOTECH_s01,136,201,142.7,1.3204724788665771,-0.5733787354851534
TOKYOTECH_s01,136,202,142.73333333333332,0.8672416806221008,-0.8176382785241741
TOKYOTECH_s01,136,203,142.76666666666668,0.5376550555229187,-1.0365044643488373
TOKYOTECH_s01,136,204,142.8,0.3441164791584015,-1.2229608846279567
TOKYOTECH_s01,136,205,142.83333333333334,0.159752756357193,-1.3604969796192037
TOKYOTECH_s01,136,206,142.86666666666667,0.33931246399879456,-1.4236691654183977
TOKYOTECH_s01,136,207,142.9,0.2870590090751648,-1.3843636849469874
TOKYOTECH_s01,136,208,142.93333333333334,-0.02689485065639019,-1.2224986928692674
TOKYOTECH_s01,136,209,142.96666666666667,-0.16739244759082794,-0.9369304385785543
TOKYOTECH_s01,136,210,143.0,-0.43306994438171387,-0.5509583714193812
TOKYOTECH_s01,136,211,143.03333333333333,-0.8364099264144897,-0.10864382604486124
TOKYOTECH_s01,136,212,143.06666666666666,-0.9924221038818359,0.3371117641444011
TOKYOTECH_s01,136,213,143.1,-0.859878659248352,0.7391330328692111
TOKYOTECH_s01,136,214,143.13333333333333,-0.9471777677536011,1.0662559362540216
TOKYOTECH_s01,136,215,143.16666666666666,-1.1278793811798096,1.3052742158173043
TOKYOTECH_s01,136,216,143.2,-0.9898232221603394,1.4557455027645128
TOKYOTECH_s01,136,217,143.23333333333332,-0.9797820448875427,1.5226475127110546
TOKYOTECH_s01,136,218,143.26666666666668,-0.9967535734176636,1.511529029371405
TOKYOTECH_s01,136,219,143.3,-0.13183490931987762,1.427578154327101
TOKYOTECH_s01,136,220,143.33333333333334,1.5290924310684204,1.276972436553644
TOKYOTECH_s01,136,221,143.36666666666667,2.1216788291931152,1.068021314693189
TOKYOTECH_s01,136,222,143.4,1.7916985750198364,0.8110639153069362
TOKYOTECH_s01,136,223,143.43333333333334,1.4672703742980957,0.5178695307171454
TOKYOTECH_s01,136,224,143.46666666666667,0.9889169931411743,0.20157030434257847
TOKYOTECH_s01,136,225,143.5,0.6058956384658813,-0.1226505319835135
TOKYOTECH_s01,136,226,143.53333333333333,0.45098599791526794,-0.43657332417064865
TOKYOTECH_s01,136,227,143.56666666666666,0.41003379225730896,-0.7184187699309111
TOKYOTECH_s01,136,228,143.6,0.4035365581512451,-0.9436781245149425
TOKYOTECH_s01,136,229,143.63333333333333,0.4037334620952606,-1.0881387388460977
TOKYOTECH_s01,136,230,143.66666666666666,0.15325552225112915,-1.133442275373831
TOKYOTECH_s01,136,231,143.7,-0.18310393393039703,-1.0741440956601298
TOKYOTECH_s01,136,232,143.73333333333332,-0.3287205696105957,-0.9233573593997724
TOKYOTECH_s01,136,233,143.76666666666668,-0.6097944974899292,-0.713350745822536
TOKYOTECH_s01,136,234,143.8,-0.8905928134918213,-0.48920159314310707
TOKYOTECH_s01,136,235,143.83333333333334,-0.874487578868866,-0.29698954064525573
TOKYOTECH_s01,136,236,143.86666666666667,-0.7667911052703857,-0.17097964866452312
TOKYOTECH_s01,136,237,143.9,-0.8114448189735413,-0.12474452828706387
TOKYOTECH_s01,136,238,143.93333333333334,-0.941271185874939,-0.1488199502284402
TOKYOTECH_s01,136,239,143.96666666666667,-1.0095511674880981,-0.21456326468804934
TOKYOTECH_s01,137,0,137.0,1.024080753326416,-0.11196072836901848
TOKYOTECH_s01,137,1,137.03333333333333,2.2514264583587646,-0.34043110505538005
TOKYOTECH_s01,137,2,137.06666666666666,2.1009271144866943,-0.5532026554396668
TOKYOTECH_s01,137,3,137.1,1.7221192121505737,-0.737303074829978
TOKYOTECH_s01,137,4,137.13333333333333,1.252113699913025,-0.8837077465840152
TOKYOTECH_s01,137,5,137.16666666666666,0.6125897765159607,-0.9895362894634261
TOKYOTECH_s01,137,6,137.2,0.3568746745586395,-1.0585794321460849
TOKYOTECH_s01,137,7,137.23333333333332,0.28607457876205444,-1.0991375018941973
TOKYOTECH_s01,137,8,137.26666666666668,0.215786412358284,-1.1194824835456638
TOKYOTECH_s01,137,9,137.3,0.5152888894081116,-1.1226843677263094
TOKYOTECH_s01,137,10,137.33333333333334,0.39759060740470886,-1.1033108785326546
TOKYOTECH_s01,137,11,137.36666666666667,-0.14380554854869843,-1.047956011951848
TOKYOTECH_s01,137,12,137.4,-0.3334851861000061,-0.9397328477063543
TOKYOTECH_s01,137,13,137.43333333333334,-0.4928838014602661,-0.7649412071960148
TOKYOTECH_s01,137,14,137.46666666666667,-0.9457995891571045,-0.5192801267547554
TOKYOTECH_s01,137,15,137.5,-1.0810205936431885,-0.2113543170003374
TOKYOTECH_s01,137,16,137.53333333333333,-0.9562345147132874,0.13764552814784115
TOKYOTECH_s01,137,17,137.56666666666666,-1.0099055767059326,0.4977673081473867
TOKYOTECH_s01,137,18,137.6,-1.1305177211761475,0.836027992194821
TOKYOTECH_s01,137,19,137.63333333333333,-1.1590267419815063,1.121926031238649
TOKYOTECH_s01,137,20,137.66666666666666,-1.061135172843933,1.331153054097934
TOKYOTECH_s01,137,21,137.7,-1.0467625856399536,1.447238373603786
TOKYOTECH_s01,137,22,137.73333333333332,-1.2578239440917969,1.4621315613545538
TOKYOTECH_s01,137,23,137.76666666666668,-1.3957620859146118,1.3768771839881955
TOKYOTECH_s01,137,24,137.8,-1.0621196031570435,1.2023443749356648
TOKYOTECH_s01,137,25,137.83333333333334,0.3286806344985962,0.9588688356187489
TOKYOTECH_s01,137,26,137.86666666666667,1.9398746490478516,0.6739017655918741
TOKYOTECH_s01,137,27,137.9,2.1223483085632324,0.37769023721645684
TOKYOTECH_s01,137,28,137.93333333333334,1.6858527660369873,0.0976121523035725
TOKYOTECH_s01,137,29,137.96666666666667,1.2417181730270386,-0.1476907528518575
TOKYOTECH_s01,137,30,138.0,0.6507855653762817,-0.35246871621771525
TOKYOTECH_s01,137,31,138.03333333333333,0.31450486183166504,-0.5242046531384794
TOKYOTECH_s01,137,32,138.06666666666666,0.27934110164642334,-0.6791716715729577
TOKYOTECH_s01,137,33,138.1,0.4244458079338074,-0.8341061776872689
TOKYOTECH_s01,137,34,138.13333333333333,0.4748091697692871,-0.9964601281489479
TOKYOTECH_s01,137,35,138.16666666666666,0.3759332001209259,-1.1565467771227942
TOKYOTECH_s01,137,36,138.2,0.045125920325517654,-1.2849060583998213
TOKYOTECH_s01,137,37,138.23333333333332,-0.2288207709789276,-1.3371501922097189
TOKYOTECH_s01,137,38,138.26666666666668,-0.5039881467819214,-1.2663475927310641
TOKYOTECH_s01,137,39,138.3,-0.8263293504714966,-1.0401066222228974
TOKYOTECH_s01,137,40,138.33333333333334,-1.099331021308899,-0.6568290318973302
TOKYOTECH_s01,137,41,138.36666666666667,-1.2512480020523071,-0.15425255027428653
TOKYOTECH_s01,137,42,138.4,-1.0035264492034912,0.3952895150540816
TOKYOTECH_s01,137,43,138.43333333333334,-0.9312694072723389,0.9033167428000666
TOKYOTECH_s01,137,44,138.46666666666667,-1.0163240432739258,1.2903132582888173
TOKYOTECH_s01,137,45,138.5,-1.011323094367981,1.5064262298638458
TOKYOTECH_s01,137,46,138.53333333333333,-1.046526312828064,1.5399953238100565
TOKYOTECH_s01,137,47,138.56666666666666,-1.2325438261032104,1.4133923847383496
TOKYOTECH_s01,137,48,138.6,-1.076767921447754,1.171022761926675
TOKYOTECH_s01,137,49,138.63333333333333,-0.7074497938156128,0.8655402382769906
TOKYOTECH_s01,137,50,138.66666666666666,0.6267654895782471,0.5462462987465756
TOKYOTECH_s01,137,51,138.7,1.8527724742889404,0.2508548178613715
TOKYOTECH_s01,137,52,138.73333333333332,2.1377053260803223,0.0004898114430584403
TOKYOTECH_s01,137,53,138.76666666666668,1.785516381263733,-0.20202992696314456
TOKYOTECH_s01,137,54,138.8,1.0757042169570923,-0.3700684310237853
TOKYOTECH_s01,137,55,138.83333333333334,0.4712258577346802,-0.5268152369226743
TOKYOTECH_s01,137,56,138.86666666666667,0.23681379854679108,-0.695420721152393
TOKYOTECH_s01,137,57,138.9,0.18948248028755188,-0.887982091445549
TOKYOTECH_s01,137,58,138.93333333333334,0.30926769971847534,-1.0969221643100784
TOKYOTECH_s01,137,59,138.96666666666667,0.42192569375038147,-1.29211268845529
TOKYOTECH_s01,137,60,139.0,0.336556077003479,-1.4253712917917216
TOKYOTECH_s01,137,61,139.03333333333333,0.0712723359465599,-1.4418168593336387
TOKYOTECH_s01,137,62,139.06666666666666,-0.1561305969953537,-1.295968946495782
TOKYOTECH_s01,137,63,139.1,-0.4871741235256195,-0.9689596630988551
TOKYOTECH_s01,137,64,139.13333333333333,-0.9123683571815491,-0.4814462161034524
TOKYOTECH_s01,137,65,139.16666666666666,-1.121185302734375,0.10399373830939625
TOKYOTECH_s01,137,66,139.2,-1.201869010925293,0.6951387655998578
TOKYOTECH_s01,137,67,139.23333333333332,-1.0199073553085327,1.195143762583968
TOKYOTECH_s01,137,68,139.26666666666668,-0.8450334668159485,1.5304825266558495
TOKYOTECH_s01,137,69,139.3,-0.7710438370704651,1.6691333295934974
TOKYOTECH_s01,137,70,139.33333333333334,-0.9217401146888733,1.6223944784770905
TOKYOTECH_s01,137,71,139.36666666666667,-1.1776127815246582,1.4330619169202907
TOKYOTECH_s01,137,72,139.4,-1.2638880014419556,1.1577553939819742
TOKYOTECH_s01,137,73,139.43333333333334,-0.6255847215652466,0.8507143313526816
TOKYOTECH_s01,137,74,139.46666666666667,0.8516876697540283,0.5530772607048381
TOKYOTECH_s01,137,75,139.5,1.9212887287139893,0.28819526713542026
TOKYOTECH_s01,137,76,139.53333333333333,2.017487049102783,0.061600683686680036
TOKYOTECH_s01,137,77,139.56666666666666,1.528816819190979,-0.13588537722273875
TOKYOTECH_s01,137,78,139.6,0.9717485308647156,-0.3226333919582326
TOKYOTECH_s01,137,79,139.63333333333333,0.5120993256568909,-0.5185516302408459
TOKYOTECH_s01,137,80,139.66666666666666,0.2085803896188736,-0.7362137943227559
TOKYOTECH_s01,137,81,139.7,0.1841665655374527,-0.9729495655854098
TOKYOTECH_s01,137,82,139.73333333333332,0.16010715067386627,-1.2068493882675233
TOKYOTECH_s01,137,83,139.76666666666668,0.17747245728969574,-1.3989508127315187
TOKYOTECH_s01,137,84,139.8,0.27300137281417847,-1.5016938262449393
TOKYOTECH_s01,137,85,139.83333333333334,-0.04185815900564194,-1.4713591485231352
TOKYOTECH_s01,137,86,139.86666666666667,-0.4197210967540741,-1.2810014836695565
TOKYOTECH_s01,137,87,139.9,-0.614401638507843,-0.9304914032491873
TOKYOTECH_s01,137,88,139.93333333333334,-0.6353108882904053,-0.45105273949920743
TOKYOTECH_s01,137,89,139.96666666666667,-0.8501524925231934,0.09754838177857535
TOKYOTECH_s01,137,90,140.0,-1.153671383857727,0.6380696493514091
TOKYOTECH_s01,137,91,140.03333333333333,-1.066648006439209,1.0934684827535528
TOKYOTECH_s01,137,92,140.06666666666666,-0.8156975507736206,1.405499830408452
TOKYOTECH_s01,137,93,140.1,-0.8025849461555481,1.5468942850543335
TOKYOTECH_s01,137,94,140.13333333333333,-1.056370496749878,1.5231923694099723
TOKYOTECH_s01,137,95,140.16666666666666,-1.137723684310913,1.3656914294864542
TOKYOTECH_s01,137,96,140.2,-1.109254002571106,1.119913473881072
TOKYOTECH_s01,137,97,140.23333333333332,-0.3588046729564667,0.8338139536293209
TOKYOTECH_s01,137,98,140.26666666666668,1.2067118883132935,0.5482115926178291
TOKYOTECH_s01,137,99,140.3,2.3017899990081787,0.2902613810472022
TOKYOTECH_s01,137,100,140.33333333333334,2.181177854537964,0.07012818184821693
TOKYOTECH_s01,137,101,140.36666666666667,1.4417539834976196,-0.11884191380375249
TOKYOTECH_s01,137,102,140.4,1.0309324264526367,-0.2959920509480508
TOKYOTECH_s01,137,103,140.43333333333334,0.8290852308273315,-0.4852498346628631
TOKYOTECH_s01,137,104,140.46666666666667,0.2860352098941803,-0.7042449630711063
TOKYOTECH_s01,137,105,140.5,0.03000510297715664,-0.9533993802234658
TOKYOTECH_s01,137,106,140.53333333333333,0.2608732283115387,-1.2088275135499864
TOKYOTECH_s01,137,107,140.56666666666666,0.4041666090488434,-1.4227321918668483
TOKYOTECH_s01,137,108,140.6,0.1617216020822525,-1.5331738090092808
TOKYOTECH_s01,137,109,140.63333333333333,-0.19117623567581177,-1.4818537146627717
TOKYOTECH_s01,137,110,140.66666666666666,-0.43326684832572937,-1.2349171446988496
TOKYOTECH_s01,137,111,140.7,-0.5652589797973633,-0.7994647525865517
TOKYOTECH_s01,137,112,140.73333333333332,-0.8646432757377625,-0.2288767617978779
TOKYOTECH_s01,137,113,140.76666666666668,-1.0983072519302368,0.3866899671954028
TOKYOTECH_s01,137,114,140.8,-1.1510725021362305,0.9430820896461064
TOKYOTECH_s01,137,115,140.83333333333334,-1.0229393243789673,1.3509631750359765
TOKYOTECH_s01,137,116,140.86666666666667,-0.9097301363945007,1.559643320305396
TOKYOTECH_s01,137,117,140.9,-0.9240240454673767,1.566468645223033
TOKYOTECH_s01,137,118,140.93333333333334,-1.0121893882751465,1.4096855332015243
TOKYOTECH_s01,137,119,140.96666666666667,-1.1630825996398926,1.150446525379632
TOKYOTECH_s01,137,120,141.0,-1.016638994216919,0.852354539235074
TOKYOTECH_s01,137,121,141.03333333333333,-0.02236648090183735,0.5651410005924032
TOKYOTECH_s01,137,122,141.06666666666666,1.4715625047683716,0.3158813773382804
TOKYOTECH_s01,137,123,141.1,2.341127634048462,0.10821328666716458
TOKYOTECH_s01,137,124,141.13333333333333,2.0246143341064453,-0.07212895117422913
TOKYOTECH_s01,137,125,141.16666666666666,1.374340295791626,-0.24812659655542166
TOKYOTECH_s01,137,126,141.2,1.0534955263137817,-0.441174798828017
TOKYOTECH_s01,137,127,141.23333333333332,0.6410987973213196,-0.6617111222391506
TOKYOTECH_s01,137,128,141.26666666666668,0.2267332524061203,-0.9025806983737849
TOKYOTECH_s01,137,129,141.3,0.15971337258815765,-1.136835331396392
TOKYOTECH_s01,137,130,141.33333333333334,0.3154892921447754,-1.3211749974230211
TOKYOTECH_s01,137,131,141.36666666666667,0.2227955311536789,-1.4050581753221176
TOKYOTECH_s01,137,132,141.4,-0.10702730715274811,-1.3438337033918364
TOKYOTECH_s01,137,133,141.43333333333334,-0.19790972769260406,-1.1129210355028287
TOKYOTECH_s01,137,134,141.46666666666667,-0.4728408455848694,-0.7195447671739803
TOKYOTECH_s01,137,135,141.5,-0.8488924503326416,-0.20802361466007244
TOKYOTECH_s01,137,136,141.53333333333333,-0.9286311268806458,0.34567969286325473
TOKYOTECH_s01,137,137,141.56666666666666,-0.9747417569160461,0.8516504293316556
TOKYOTECH_s01,137,138,141.6,-1.0604658126831055,1.2308046793866754
TOKYOTECH_s01,137,139,141.63333333333333,-1.1925760507583618,1.436406262813843
TOKYOTECH_s01,137,140,141.66666666666666,-1.003841519355774,1.4633225693975203
TOKYOTECH_s01,137,141,141.7,-0.8249117732048035,1.3425213979528507
TOKYOTECH_s01,137,142,141.73333333333332,-0.9582821130752563,1.125134929340118
TOKYOTECH_s01,137,143,141.76666666666668,-1.1259105205535889,0.8637705053941653
TOKYOTECH_s01,137,144,141.8,-0.8405051231384277,0.5976270639858625
TOKYOTECH_s01,137,145,141.83333333333334,0.4206262528896332,0.34484801763712475
TOKYOTECH_s01,137,146,141.86666666666667,1.7779165506362915,0.10310189818302919
TOKYOTECH_s01,137,147,141.9,2.2826526165008545,-0.14256852685871813
TOKYOTECH_s01,137,148,141.93333333333334,1.8232790231704712,-0.4078118629113587
TOKYOTECH_s01,137,149,141.96666666666667,1.172020673751831,-0.6973661512510615
TOKYOTECH_s01,137,150,142.0,0.8232573866844177,-0.99735773170615
TOKYOTECH_s01,137,151,142.03333333333333,0.437755286693573,-1.2734303115105994
TOKYOTECH_s01,137,152,142.06666666666666,0.14860902726650238,-1.4756208463264961
TOKYOTECH_s01,137,153,142.1,0.04240889847278595,-1.5498163578411923
TOKYOTECH_s01,137,154,142.13333333333333,0.12829041481018066,-1.4535226837818447
TOKYOTECH_s01,137,155,142.16666666666666,0.3688453137874603,-1.1713492114795263
TOKYOTECH_s01,137,156,142.2,0.12002122402191162,-0.7246070189508497
TOKYOTECH_s01,137,157,142.23333333333332,-0.3584502935409546,-0.17063671109029108
TOKYOTECH_s01,137,158,142.26666666666668,-0.6382641792297363,0.40912036003674807
TOKYOTECH_s01,137,159,142.3,-0.7022913694381714,0.928782332872903
TOKYOTECH_s01,137,160,142.33333333333334,-0.7886454463005066,1.318294018397116
TOKYOTECH_s01,137,161,142.36666666666667,-0.9787188768386841,1.5370301813118032
TOKYOTECH_s01,137,162,142.4,-1.0034083127975464,1.5773917858585205
TOKYOTECH_s01,137,163,142.43333333333334,-0.886733889579773,1.4599467339409935
TOKYOTECH_s01,137,164,142.46666666666667,-0.9129590392112732,1.224073299913859
TOKYOTECH_s01,137,165,142.5,-1.0154577493667603,0.9176272397494211
TOKYOTECH_s01,137,166,142.53333333333333,-0.8777164816856384,0.5874744432316242
TOKYOTECH_s01,137,167,142.56666666666666,-0.10946869105100632,0.2715016499787256
TOKYOTECH_s01,137,168,142.6,1.1609950065612793,-0.007268984927029199
TOKYOTECH_s01,137,169,142.63333333333333,1.9604688882827759,-0.2432333116522689
TOKYOTECH_s01,137,170,142.66666666666666,1.715346336364746,-0.4461537314554003
TOKYOTECH_s01,137,171,142.7,1.3204724788665771,-0.6342240104918094
TOKYOTECH_s01,137,172,142.73333333333332,0.8672416806221008,-0.8237139834800319
TOKYOTECH_s01,137,173,142.76666666666668,0.5376550555229187,-1.0182774228465747
TOKYOTECH_s01,137,174,142.8,0.3441164791584015,-1.201679069406212
TOKYOTECH_s01,137,175,142.83333333333334,0.159752756357193,-1.337269715940048
TOKYOTECH_s01,137,176,142.86666666666667,0.33931246399879456,-1.3760449030510093
TOKYOTECH_s01,137,177,142.9,0.2870590090751648,-1.2723314852676295
TOKYOTECH_s01,137,178,142.93333333333334,-0.02689485065639019,-1.0024945208506173
TOKYOTECH_s01,137,179,142.96666666666667,-0.16739244759082794,-0.5793723632377572
TOKYOTECH_s01,137,180,143.0,-0.43306994438171387,-0.05544413136070962
TOKYOTECH_s01,137,181,143.03333333333333,-0.8364099264144897,0.48821560770510924
TOKYOTECH_s01,137,182,143.06666666666666,-0.9924221038818359,0.9637041826125419
TOKYOTECH_s01,137,183,143.1,-0.859878659248352,1.3001663087329205
TOKYOTECH_s01,137,184,143.13333333333333,-0.9471777677536011,1.460572941569884
TOKYOTECH_s01,137,185,143.16666666666666,-1.1278793811798096,1.4461737310256362
TOKYOTECH_s01,137,186,143.2,-0.9898232221603394,1.2893722206442713
TOKYOTECH_s01,137,187,143.23333333333332,-0.9797820448875427,1.0400482338610224
TOKYOTECH_s01,137,188,143.26666666666668,-0.9967535734176636,0.7507969626375091
TOKYOTECH_s01,137,189,143.3,-0.13183490931987762,0.46468893047102433
TOKYOTECH_s01,137,190,143.33333333333334,1.5290924310684204,0.20748732665933942
TOKYOTECH_s01,137,191,143.36666666666667,2.1216788291931152,-0.014631981986760209
TOKYOTECH_s01,137,192,143.4,1.7916985750198364,-0.21158511344630357
TOKYOTECH_s01,137,193,143.43333333333334,1.4672703742980957,-0.4011060070991968
TOKYOTECH_s01,137,194,143.46666666666667,0.9889169931411743,-0.5983239784607701
TOKYOTECH_s01,137,195,143.5,0.6058956384658813,-0.8065831201386793
TOKYOTECH_s01,137,196,143.53333333333333,0.45098599791526794,-1.012031896187043
TOKYOTECH_s01,137,197,143.56666666666666,0.41003379225730896,-1.1832160631308508
TOKYOTECH_s01,137,198,143.6,0.4035365581512451,-1.2763334987701656
TOKYOTECH_s01,137,199,143.63333333333333,0.4037334620952606,-1.246182817442698
TOKYOTECH_s01,137,200,143.66666666666666,0.15325552225112915,-1.0610760972978999
TOKYOTECH_s01,137,201,143.7,-0.18310393393039703,-0.7174863156169112
TOKYOTECH_s01,137,202,143.73333333333332,-0.3287205696105957,-0.24849191225878584
TOKYOTECH_s01,137,203,143.76666666666668,-0.6097944974899292,0.2790541299603654
TOKYOTECH_s01,137,204,143.8,-0.8905928134918213,0.779636007168081
TOKYOTECH_s01,137,205,143.83333333333334,-0.874487578868866,1.1718137605110612
TOKYOTECH_s01,137,206,143.86666666666667,-0.7667911052703857,1.3997563812771583
TOKYOTECH_s01,137,207,143.9,-0.8114448189735413,1.4451876741210261
TOKYOTECH_s01,137,208,143.93333333333334,-0.941271185874939,1.326769080120486
TOKYOTECH_s01,137,209,143.96666666666667,-1.0095511674880981,1.0898831749218372
TOKYOTECH_s01,137,210,144.0,-0.8577523231506348,0.7920047509771998
TOKYOTECH_s01,137,211,144.03333333333333,0.07509192079305649,0.4880314731153235
TOKYOTECH_s01,137,212,144.06666666666666,1.5589402914047241,0.21862992858880342
TOKYOTECH_s01,137,213,144.1,2.0424914360046387,0.0035137337172691818
TOKYOTECH_s01,137,214,144.13333333333333,1.59835684299469,-0.1596237556715796
TOKYOTECH_s01,137,215,144.16666666666666,1.3292535543441772,-0.2907612011178177
TOKYOTECH_s01,137,216,144.2,1.0576300621032715,-0.41862307895026535
TOKYOTECH_s01,137,217,144.23333333333332,0.6065256595611572,-0.5688865966249157
TOKYOTECH_s01,137,218,144.26666666666668,0.43873971700668335,-0.7526215626381841
TOKYOTECH_s01,137,219,144.3,0.43744027614593506,-0.9588299467792534
TOKYOTECH_s01,137,220,144.33333333333334,0.2786716818809509,-1.154026181125492
TOKYOTECH_s01,137,221,144.36666666666667,0.2916267514228821,-1.289665545058139
TOKYOTECH_s01,137,222,144.4,0.19302642345428467,-1.3159303683560029
TOKYOTECH_s01,137,223,144.43333333333334,-0.07788823544979095,-1.198372233908911
TOKYOTECH_s01,137,224,144.46666666666667,-0.5411995649337769,-0.9323883573104509
TOKYOTECH_s01,137,225,144.5,-0.9416255950927734,-0.5498844081299167
TOKYOTECH_s01,137,226,144.53333333333333,-1.102717399597168,-0.11369035181699218
TOKYOTECH_s01,137,227,144.56666666666666,-0.9305999875068665,0.3002190759973288
TOKYOTECH_s01,137,228,144.6,-0.7335962057113647,0.6259002466503569
TOKYOTECH_s01,137,229,144.63333333333333,-0.6706321835517883,0.8256388873170104
TOKYOTECH_s01,137,230,144.66666666666666,-0.9016578197479248,0.8961664846855453
TOKYOTECH_s01,137,231,144.7,-1.026207685470581,0.8627470304322769
TOKYOTECH_s01,137,232,144.73333333333332,-1.3222055435180664,0.7658739217932719
TOKYOTECH_s01,137,233,144.76666666666668,-1.1493005752563477,0.6466810722465954
TOKYOTECH_s01,137,234,144.8,0.05800224468111992,0.5360135925059901
TOKYOTECH_s01,137,235,144.83333333333334,1.7356255054473877,0.449661154582181
TOKYOTECH_s01,137,236,144.86666666666667,2.395664930343628,0.38961537545882496
TOKYOTECH_s01,137,237,144.9,1.8962448835372925,0.34914481582227436
TOKYOTECH_s01,137,238,144.93333333333334,1.220218300819397,0.3185243707451398
TOKYOTECH_s01,137,239,144.96666666666667,0.6203470230102539,0.28885139296909634
TOKYOTECH_s01,138,0,138.0,0.6507855653762817,-0.023324583053220767
TOKYOTECH_s01,138,1,138.03333333333333,0.31450486183166504,-0.12176565945307129
TOKYOTECH_s01,138,2,138.06666666666666,0.27934110164642334,-0.2290533272565205
TOKYOTECH_s01,138,3,138.1,0.4244458079338074,-0.35081050941521547
TOKYOTECH_s01,138,4,138.13333333333333,0.4748091697692871,-0.48468467421836714
TOKYOTECH_s01,138,5,138.16666666666666,0.3759332001209259,-0.6185052914855649
TOKYOTECH_s01,138,6,138.2,0.045125920325517654,-0.7305950691840478
TOKYOTECH_s01,138,7,138.23333333333332,-0.2288207709789276,-0.7927973181185008
TOKYOTECH_s01,138,8,138.26666666666668,-0.5039881467819214,-0.7766070549193467
TOKYOTECH_s01,138,9,138.3,-0.8263293504714966,-0.6619453720431071
TOKYOTECH_s01,138,10,138.33333333333334,-1.099331021308899,-0.44657645152352204
TOKYOTECH_s01,138,11,138.36666666666667,-1.2512480020523071,-0.1523782650143935
TOKYOTECH_s01,138,12,138.4,-1.0035264492034912,0.17601826110941682
TOKYOTECH_s01,138,13,138.43333333333334,-0.9312694072723389,0.4821010519723055
TOKYOTECH_s01,138,14,138.46666666666667,-1.0163240432739258,0.7140193137558707
TOKYOTECH_s01,138,15,138.5,-1.011323094367981,0.83906561914259
TOKYOTECH_s01,138,16,138.53333333333333,-1.046526312828064,0.850234101297478
TOKYOTECH_s01,138,17,138.56666666666666,-1.2325438261032104,0.7640917659549326
TOKYOTECH_s01,138,18,138.6,-1.076767921447754,0.61292870253231
TOKYOTECH_s01,138,19,138.63333333333333,-0.7074497938156128,0.4349396501299858
TOKYOTECH_s01,138,20,138.66666666666666,0.6267654895782471,0.2649655111413054
TOKYOTECH_s01,138,21,138.7,1.8527724742889404,0.12697956270261415
TOKYOTECH_s01,138,22,138.73333333333332,2.1377053260803223,0.029271752039268205
TOKYOTECH_s01,138,23,138.76666666666668,1.785516381263733,-0.03650254517998903
TOKYOTECH_s01,138,24,138.8,1.0757042169570923,-0.09173787963743595
TOKYOTECH_s01,138,25,138.83333333333334,0.4712258577346802,-0.16329273355438043
TOKYOTECH_s01,138,26,138.86666666666667,0.23681379854679108,-0.2737206396748192
TOKYOTECH_s01,138,27,138.9,0.18948248028755188,-0.4320035575907562
TOKYOTECH_s01,138,28,138.93333333333334,0.30926769971847534,-0.627591844162335
TOKYOTECH_s01,138,29,138.96666666666667,0.42192569375038147,-0.8297542289350005
TOKYOTECH_s01,138,30,139.0,0.336556077003479,-0.9927569237331056
TOKYOTECH_s01,138,31,139.03333333333333,0.0712723359465599,-1.0660134669678052
TOKYOTECH_s01,138,32,139.06666666666666,-0.1561305969953537,-1.0074878236120237
TOKYOTECH_s01,138,33,139.1,-0.4871741235256195,-0.7975857387771089
TOKYOTECH_s01,138,34,139.13333333333333,-0.9123683571815491,-0.449246324413016
TOKYOTECH_s01,138,35,139.16666666666666,-1.121185302734375,-0.009405213367056364
TOKYOTECH_s01,138,36,139.2,-1.201869010925293,0.4508884730722338
TOKYOTECH_s01,138,37,139.23333333333332,-1.0199073553085327,0.8555448140355278
TOKYOTECH_s01,138,38,139.26666666666668,-0.8450334668159485,1.144182588657262
TOKYOTECH_s01,138,39,139.3,-0.7710438370704651,1.2857424376675688
TOKYOTECH_s01,138,40,139.33333333333334,-0.9217401146888733,1.280875959296809
TOKYOTECH_s01,138,41,139.36666666666667,-1.1776127815246582,1.155257193614868
TOKYOTECH_s01,138,42,139.4,-1.2638880014419556,0.9485621757167689
TOKYOTECH_s01,138,43,139.43333333333334,-0.6255847215652466,0.7030715868950204
TOKYOTECH_s01,138,44,139.46666666666667,0.8516876697540283,0.45431102132396306
TOKYOTECH_s01,138,45,139.5,1.9212887287139893,0.22499529909840368
TOKYOTECH_s01,138,46,139.53333333333333,2.017487049102783,0.022803988783061387
TOKYOTECH_s01,138,47,139.56666666666666,1.528816819190979,-0.15798310367695964
TOKYOTECH_s01,138,48,139.6,0.9717485308647156,-0.3314339004560504
TOKYOTECH_s01,138,49,139.63333333333333,0.5120993256568909,-0.5125044393764202
TOKYOTECH_s01,138,50,139.66666666666666,0.2085803896188736,-0.7088417253489993
TOKYOTECH_s01,138,51,139.7,0.1841665655374527,-0.9141926496613708
TOKYOTECH_s01,138,52,139.73333333333332,0.16010715067386627,-1.1060185082587284
TOKYOTECH_s01,138,53,139.76666666666668,0.17747245728969574,-1.2489057278646227
TOKYOTECH_s01,138,54,139.8,0.27300137281417847,-1.3030246708921165
TOKYOTECH_s01,138,55,139.83333333333334,-0.04185815900564194,-1.2348648685507901
TOKYOTECH_s01,138,56,139.86666666666667,-0.4197210967540741,-1.0271902003603215
TOKYOTECH_s01,138,57,139.9,-0.614401638507843,-0.6859624164976982
TOKYOTECH_s01,138,58,139.93333333333334,-0.6353108882904053,-0.24264813334372884
TOKYOTECH_s01,138,59,139.96666666666667,-0.8501524925231934,0.2492814676204087
TOKYOTECH_s01,138,60,140.0,-1.153671383857727,0.7240371965093464
TOKYOTECH_s01,138,61,140.03333333333333,-1.066648006439209,1.1177052032538233
TOKYOTECH_s01,138,62,140.06666666666666,-0.8156975507736206,1.3824694253074403
TOKYOTECH_s01,138,63,140.1,-0.8025849461555481,1.495585006005254
TOKYOTECH_s01,138,64,140.13333333333333,-1.056370496749878,1.4606165025003495
TOKYOTECH_s01,138,65,140.16666666666666,-1.137723684310913,1.3022939324942522
TOKYOTECH_s01,138,66,140.2,-1.109254002571106,1.0580620521974513
TOKYOTECH_s01,138,67,140.23333333333332,-0.3588046729564667,0.7689481707508764
TOKYOTECH_s01,138,68,140.26666666666668,1.2067118883132935,0.4713027621148249
TOKYOTECH_s01,138,69,140.3,2.3017899990081787,0.19031824721889434
TOKYOTECH_s01,138,70,140.33333333333334,2.181177854537964,-0.06375175526824493
TOKYOTECH_s01,138,71,140.36666666666667,1.4417539834976196,-0.2955250197755277
TOKYOTECH_s01,138,72,140.4,1.0309324264526367,-0.5197189207278168
TOKYOTECH_s01,138,73,140.43333333333334,0.8290852308273315,-0.7520603138009248
TOKYOTECH_s01,138,74,140.46666666666667,0.2860352098941803,-0.9982129791233321
TOKYOTECH_s01,138,75,140.5,0.03000510297715664,-1.2446670355310219
TOKYOTECH_s01,138,76,140.53333333333333,0.2608732283115387,-1.455708089648629
TOKYOTECH_s01,138,77,140.56666666666666,0.4041666090488434,-1.5790150851246316
TOKYOTECH_s01,138,78,140.6,0.1617216020822525,-1.5595584518404322
TOKYOTECH_s01,138,79,140.63333333333333,-0.19117623567581177,-1.3582183132384478
TOKYOTECH_s01,138,80,140.66666666666666,-0.43326684832572937,-0.9690477240941495
TOKYOTECH_s01,138,81,140.7,-0.5652589797973633,-0.42832478872090823
TOKYOTECH_s01,138,82,140.73333333333332,-0.8646432757377625,0.1897098434579525
TOKYOTECH_s01,138,83,140.76666666666668,-1.0983072519302368,0.7906598430829164
TOKYOTECH_s01,138,84,140.8,-1.1510725021362305,1.284976595207079
TOKYOTECH_s01,138,85,140.83333333333334,-1.0229393243789673,1.6100063416300279
TOKYOTECH_s01,138,86,140.86666666666667,-0.9097301363945007,1.741111315181743
TOKYOTECH_s01,138,87,140.9,-0.9240240454673767,1.6900513559982793
TOKYOTECH_s01,138,88,140.93333333333334,-1.0121893882751465,1.4945165894791153
TOKYOTECH_s01,138,89,140.96666666666667,-1.1630825996398926,1.2047660026415838
TOKYOTECH_s01,138,90,141.0,-1.016638994216919,0.8714590207256553
TOKYOTECH_s01,138,91,141.03333333333333,-0.02236648090183735,0.536085103892954
TOKYOTECH_s01,138,92,141.06666666666666,1.4715625047683716,0.22469701787086688
TOKYOTECH_s01,138,93,141.1,2.341127634048462,-0.05404254736794982
TOKYOTECH_s01,138,94,141.13333333333333,2.0246143341064453,-0.3061199416515467
TOKYOTECH_s01,138,95,141.16666666666666,1.374340295791626,-0.5455785945861618
TOKYOTECH_s01,138,96,141.2,1.0534955263137817,-0.7856943729962479
TOKYOTECH_s01,138,97,141.23333333333332,0.6410987973213196,-1.0299821132520424
TOKYOTECH_s01,138,98,141.26666666666668,0.2267332524061203,-1.265555488387128
TOKYOTECH_s01,138,99,141.3,0.15971337258815765,-1.4613762908830041
TOKYOTECH_s01,138,100,141.33333333333334,0.3154892921447754,-1.5729270634513817
TOKYOTECH_s01,138,101,141.36666666666667,0.2227955311536789,-1.552940457973993
TOKYOTECH_s01,138,102,141.4,-0.10702730715274811,-1.3657084820395737
TOKYOTECH_s01,138,103,141.43333333333334,-0.19790972769260406,-1.0011127379576628
TOKYOTECH_s01,138,104,141.46666666666667,-0.4728408455848694,-0.4842774130825573
TOKYOTECH_s01,138,105,141.5,-0.8488924503326416,0.12304213339681905
TOKYOTECH_s01,138,106,141.53333333333333,-0.9286311268806458,0.7324713704045516
TOKYOTECH_s01,138,107,141.56666666666666,-0.9747417569160461,1.2499964746613488
TOKYOTECH_s01,138,108,141.6,-1.0604658126831055,1.6010132021765227
TOKYOTECH_s01,138,109,141.63333333333333,-1.1925760507583618,1.7488269474095495
TOKYOTECH_s01,138,110,141.66666666666666,-1.003841519355774,1.6994681251667456
TOKYOTECH_s01,138,111,141.7,-0.8249117732048035,1.4930309263611372
TOKYOTECH_s01,138,112,141.73333333333332,-0.9582821130752563,1.187112009999472
TOKYOTECH_s01,138,113,141.76666666666668,-1.1259105205535889,0.8391683525708117
TOKYOTECH_s01,138,114,141.8,-0.8405051231384277,0.4927689361649845
TOKYOTECH_s01,138,115,141.83333333333334,0.4206262528896332,0.1702731494695891
TOKYOTECH_s01,138,116,141.86666666666667,1.7779165506362915,-0.12695040875080887
TOKYOTECH_s01,138,117,141.9,2.2826526165008545,-0.41107071630215825
TOKYOTECH_s01,138,118,141.93333333333334,1.8232790231704712,-0.6958527367170556
TOKYOTECH_s01,138,119,141.96666666666667,1.172020673751831,-0.9847991070542924
TOKYOTECH_s01,138,120,142.0,0.8232573866844177,-1.2634599373849122
TOKYOTECH_s01,138,121,142.03333333333333,0.437755286693573,-1.4981363105679983
TOKYOTECH_s01,138,122,142.06666666666666,0.14860902726650238,-1.6415416676568797
TOKYOTECH_s01,138,123,142.1,0.04240889847278595,-1.6445417081830604
TOKYOTECH_s01,138,124,142.13333333333333,0.12829041481018066,-1.47137179042119
TOKYOTECH_s01,138,125,142.16666666666666,0.3688453137874603,-1.1140071247285042
TOKYOTECH_s01,138,126,142.2,0.12002122402191162,-0.6005324025868234
TOKYOTECH_s01,138,127,142.23333333333332,-0.3584502935409546,0.006552029947658241
TOKYOTECH_s01,138,128,142.26666666666668,-0.6382641792297363,0.622836589029171
TOKYOTECH_s01,138,129,142.3,-0.7022913694381714,1.1616377060907046
TOKYOTECH_s01,138,130,142.33333333333334,-0.7886454463005066,1.5536996368657063
TOKYOTECH_s01,138,131,142.36666666666667,-0.9787188768386841,1.76003119922534
TOKYOTECH_s01,138,132,142.4,-1.0034083127975464,1.7749922456000788
TOKYOTECH_s01,138,133,142.43333333333334,-0.886733889579773,1.6214246263702472
TOKYOTECH_s01,138,134,142.46666666666667,-0.9129590392112732,1.3415513942615322
TOKYOTECH_s01,138,135,142.5,-1.0154577493667603,0.9866188954673035
TOKYOTECH_s01,138,136,142.53333333333333,-0.8777164816856384,0.6067867664156232
TOKYOTECH_s01,138,137,142.56666666666666,-0.10946869105100632,0.24214395045585077
TOKYOTECH_s01,138,138,142.6,1.1609950065612793,-0.08372973808314843
TOKYOTECH_s01,138,139,142.63333333333333,1.9604688882827759,-0.36570404070532303
TOKYOTECH_s01,138,140,142.66666666666666,1.715346336364746,-0.6133371956872298
TOKYOTECH_s01,138,141,142.7,1.3204724788665771,-0.8421442652273731
TOKYOTECH_s01,138,142,142.73333333333332,0.8672416806221008,-1.0626813566455493
TOKYOTECH_s01,138,143,142.76666666666668,0.5376550555229187,-1.2711650935176255
TOKYOTECH_s01,138,144,142.8,0.3441164791584015,-1.4447165352909785
TOKYOTECH_s01,138,145,142.83333333333334,0.159752756357193,-1.5431767047889775
TOKYOTECH_s01,138,146,142.86666666666667,0.33931246399879456,-1.5185074126480338
TOKYOTECH_s01,138,147,142.9,0.2870590090751648,-1.330877143045773
TOKYOTECH_s01,138,148,142.93333333333334,-0.02689485065639019,-0.9669723974622634
TOKYOTECH_s01,138,149,142.96666666666667,-0.16739244759082794,-0.45298934126495577
TOKYOTECH_s01,138,150,143.0,-0.43306994438171387,0.14496877906743827
TOKYOTECH_s01,138,151,143.03333333333333,-0.8364099264144897,0.7355881264739208
TOKYOTECH_s01,138,152,143.06666666666666,-0.9924221038818359,1.2271438466818512
TOKYOTECH_s01,138,153,143.1,-0.859878659248352,1.5520743872460905
TOKYOTECH_s01,138,154,143.13333333333333,-0.9471777677536011,1.6816599831049943
TOKYOTECH_s01,138,155,143.16666666666666,-1.1278793811798096,1.6267943904733317
TOKYOTECH_s01,138,156,143.2,-0.9898232221603394,1.4275380335915537
TOKYOTECH_s01,138,157,143.23333333333332,-0.9797820448875427,1.1378253797969398
TOKYOTECH_s01,138,158,143.26666666666668,-0.9967535734176636,0.8108447570098596
TOKYOTECH_s01,138,159,143.3,-0.13183490931987762,0.4878204074300282
TOKYOTECH_s01,138,160,143.33333333333334,1.5290924310684204,0.19137330832326294
TOKYOTECH_s01,138,161,143.36666666666667,2.1216788291931152,-0.0755873979848826
TOKYOTECH_s01,138,162,143.4,1.7916985750198364,-0.32490879592537325
TOKYOTECH_s01,138,163,143.43333333333334,1.4672703742980957,-0.5732028008761002
TOKYOTECH_s01,138,164,143.46666666666667,0.9889169931411743,-0.8301457944326126
TOKYOTECH_s01,138,165,143.5,0.6058956384658813,-1.0894800015093942
TOKYOTECH_s01,138,166,143.53333333333333,0.45098599791526794,-1.3257542024299618
TOKYOTECH_s01,138,167,143.56666666666666,0.41003379225730896,-1.4974956640403347
TOKYOTECH_s01,138,168,143.6,0.4035365581512451,-1.5560592903160735
TOKYOTECH_s01,138,169,143.63333333333333,0.4037334620952606,-1.458685031987708
TOKYOTECH_s01,138,170,143.66666666666666,0.15325552225112915,-1.1832863555968074
TOKYOTECH_s01,138,171,143.7,-0.18310393393039703,-0.7408713714443065
TOKYOTECH_s01,138,172,143.73333333333332,-0.3287205696105957,-0.18023288554337968
TOKYOTECH_s01,138,173,143.76666666666668,-0.6097944974899292,0.4191583769865598
TOKYOTECH_s01,138,174,143.8,-0.8905928134918213,0.9653978105650265
TOKYOTECH_s01,138,175,143.83333333333334,-0.874487578868866,1.3773551083995446
TOKYOTECH_s01,138,176,143.86666666666667,-0.7667911052703857,1.6040526540508373
TOKYOTECH_s01,138,177,143.9,-0.8114448189735413,1.6334776736331058
TOKYOTECH_s01,138,178,143.93333333333334,-0.941271185874939,1.4896445312169755
TOKYOTECH_s01,138,179,143.96666666666667,-1.0095511674880981,1.2215954012378782
TOKYOTECH_s01,138,180,144.0,-0.8577523231506348,0.8890856144230966
TOKYOTECH_s01,138,181,144.03333333333333,0.07509192079305649,0.5484012880945631
TOKYOTECH_s01,138,182,144.06666666666666,1.5589402914047241,0.24080919425819922
TOKYOTECH_s01,138,183,144.1,2.0424914360046387,-0.014235711612405094
TOKYOTECH_s01,138,184,144.13333333333333,1.59835684299469,-0.2197274200662588
TOKYOTECH_s01,138,185,144.16666666666666,1.3292535543441772,-0.3954471690402728
TOKYOTECH_s01,138,186,144.2,1.0576300621032715,-0.5673488201611641
TOKYOTECH_s01,138,187,144.23333333333332,0.6065256595611572,-0.7547786378698387
TOKYOTECH_s01,138,188,144.26666666666668,0.43873971700668335,-0.9593227791171505
TOKYOTECH_s01,138,189,144.3,0.43744027614593506,-1.1591094270588356
TOKYOTECH_s01,138,190,144.33333333333334,0.2786716818809509,-1.311148290707434
TOKYOTECH_s01,138,191,144.36666666666667,0.2916267514228821,-1.3620717965966682
TOKYOTECH_s01,138,192,144.4,0.19302642345428467,-1.2650410373965597
TOKYOTECH_s01,138,193,144.43333333333334,-0.07788823544979095,-0.9981128666058404
TOKYOTECH_s01,138,194,144.46666666666667,-0.5411995649337769,-0.5777043719519275
TOKYOTECH_s01,138,195,144.5,-0.9416255950927734,-0.0608840664270298
TOKYOTECH_s01,138,196,144.53333333333333,-1.102717399597168,0.4669597010749809
TOKYOTECH_s01,138,197,144.56666666666666,-0.9305999875068665,0.9164442788587036
TOKYOTECH_s01,138,198,144.6,-0.7335962057113647,1.2207206049182302
TOKYOTECH_s01,138,199,144.63333333333333,-0.6706321835517883,1.3522137795718334
TOKYOTECH_s01,138,200,144.66666666666666,-0.9016578197479248,1.323580104684825
TOKYOTECH_s01,138,201,144.7,-1.026207685470581,1.1757125281336127
TOKYOTECH_s01,138,202,144.73333333333332,-1.3222055435180664,0.9603326551692003
TOKYOTECH_s01,138,203,144.76666666666668,-1.1493005752563477,0.7242455877062526
TOKYOTECH_s01,138,204,144.8,0.05800224468111992,0.4992809136180749
TOKYOTECH_s01,138,205,144.83333333333334,1.7356255054473877,0.29885868163195123
TOKYOTECH_s01,138,206,144.86666666666667,2.395664930343628,0.12033307243811571
TOKYOTECH_s01,138,207,144.9,1.8962448835372925,-0.04865674339391011
TOKYOTECH_s01,138,208,144.93333333333334,1.220218300819397,-0.22234307388107316
TOKYOTECH_s01,138,209,144.96666666666667,0.6203470230102539,-0.4099471746142767
TOKYOTECH_s01,138,210,145.0,0.3152924180030823,-0.6109485281436312
TOKYOTECH_s01,138,211,145.03333333333333,0.30158916115760803,-0.8125745663267723
TOKYOTECH_s01,138,212,145.06666666666666,0.4402754306793213,-0.9897654757648364
TOKYOTECH_s01,138,213,145.1,0.5267475843429565,-1.1085254522922008
TOKYOTECH_s01,138,214,145.13333333333333,0.38113096356391907,-1.1333099086652458
TOKYOTECH_s01,138,215,145.16666666666666,-0.061349838972091675,-1.037675469863444
TOKYOTECH_s01,138,216,145.2,-0.3464796543121338,-0.8154662916345579
TOKYOTECH_s01,138,217,145.23333333333332,-0.5471848845481873,-0.488212971380566
TOKYOTECH_s01,138,218,145.26666666666668,-0.7486382722854614,-0.10431274722335132
TOKYOTECH_s01,138,219,145.3,-0.8499556183815002,0.2718689408208181
TOKYOTECH_s01,138,220,145.33333333333334,-0.8605086803436279,0.577961391843264
TOKYOTECH_s01,138,221,145.36666666666667,-0.8145162463188171,0.7714547065186782
TOKYOTECH_s01,138,222,145.4,-1.0330592393875122,0.8399481787725667
TOKYOTECH_s01,138,223,145.43333333333334,-1.1131917238235474,0.8000520941002699
TOKYOTECH_s01,138,224,145.46666666666667,-1.191158413887024,0.6869357330755261
TOKYOTECH_s01,138,225,145.5,-1.0863364934921265,0.5403784182149789
TOKYOTECH_s01,138,226,145.53333333333333,-0.8891358971595764,0.3929503314852016
TOKYOTECH_s01,138,227,145.56666666666666,0.005945676937699318,0.26343489358734795
TOKYOTECH_s01,138,228,145.6,1.577526330947876,0.15640617585906463
TOKYOTECH_s01,138,229,145.63333333333333,2.090177297592163,0.06697572262554917
TOKYOTECH_s01,138,230,145.66666666666666,1.7316877841949463,-0.012313894459110748
TOKYOTECH_s01,138,231,145.7,1.1086628437042236,-0.0861069014275791
TOKYOTECH_s01,138,232,145.73333333333332,0.8528689742088318,-0.1542199991914516
TOKYOTECH_s01,138,233,145.76666666666668,0.73233562707901,-0.21245382706973226
TOKYOTECH_s01,138,234,145.8,0.45220670104026794,-0.25479394263628125
TOKYOTECH_s01,138,235,145.83333333333334,0.4485839903354645,-0.2758550334262645
TOKYOTECH_s01,138,236,145.86666666666667,0.28410571813583374,-0.2727532558830773
TOKYOTECH_s01,138,237,145.9,0.2040126472711563,-0.24590490614992516
TOKYOTECH_s01,138,238,145.93333333333334,-0.06402748078107834,-0.19880433310794132
TOKYOTECH_s01,138,239,145.96666666666667,-0.29320237040519714,-0.1372713808622542
TOKYOTECH_s01,139,0,139.0,0.336556077003479,0.061734884502144816
TOKYOTECH_s01,139,1,139.03333333333333,0.0712723359465599,-0.1784240735489537
TOKYOTECH_s01,139,2,139.06666666666666,-0.1561305969953537,-0.3415588042612781
TOKYOTECH_s01,139,3,139.1,-0.4871741235256195,-0.37184948005113166
TOKYOTECH_s01,139,4,139.13333333333333,-0.9123683571815491,-0.25138144047600397
TOKYOTECH_s01,139,5,139.16666666666666,-1.121185302734375,-0.005902005800807791
TOKYOTECH_s01,139,6,139.2,-1.201869010925293,0.30302007392739816
TOKYOTECH_s01,139,7,139.23333333333332,-1.0199073553085327,0.5975742986008847
TOKYOTECH_s01,139,8,139.26666666666668,-0.8450334668159485,0.8076111020976933
TOKYOTECH_s01,139,9,139.3,-0.7710438370704651,0.8894625020405309
TOKYOTECH_s01,139,10,139.33333333333334,-0.9217401146888733,0.8339172028098593
TOKYOTECH_s01,139,11,139.36666666666667,-1.1776127815246582,0.663320192061351
TOKYOTECH_s01,139,12,139.4,-1.2638880014419556,0.4211888046739107
TOKYOTECH_s01,139,13,139.43333333333334,-0.6255847215652466,0.15852669745823275
TOKYOTECH_s01,139,14,139.46666666666667,0.8516876697540283,-0.07928956670011353
TOKYOTECH_s01,139,15,139.5,1.9212887287139893,-0.26211061288811743
TOKYOTECH_s01,139,16,139.53333333333333,2.017487049102783,-0.3796331582011294
TOKYOTECH_s01,139,17,139.56666666666666,1.528816819190979,-0.4409008004655657
TOKYOTECH_s01,139,18,139.6,0.9717485308647156,-0.46924886475467303
TOKYOTECH_s01,139,19,139.63333333333333,0.5120993256568909,-0.4937112285379525
TOKYOTECH_s01,139,20,139.66666666666666,0.2085803896188736,-0.5386539954286665
TOKYOTECH_s01,139,21,139.7,0.1841665655374527,-0.614337039288731
TOKYOTECH_s01,139,22,139.73333333333332,0.16010715067386627,-0.711564356282059
TOKYOTECH_s01,139,23,139.76666666666668,0.17747245728969574,-0.8027010810639643
TOKYOTECH_s01,139,24,139.8,0.27300137281417847,-0.8490205059060456
TOKYOTECH_s01,139,25,139.83333333333334,-0.04185815900564194,-0.8120097608929543
TOKYOTECH_s01,139,26,139.86666666666667,-0.4197210967540741,-0.6653019523096126
TOKYOTECH_s01,139,27,139.9,-0.614401638507843,-0.4041858735129125
TOKYOTECH_s01,139,28,139.93333333333334,-0.6353108882904053,-0.050337373123147316
TOKYOTECH_s01,139,29,139.96666666666667,-0.8501524925231934,0.349973297421622
TOKYOTECH_s01,139,30,140.0,-1.153671383857727,0.7350828024789008
TOKYOTECH_s01,139,31,140.03333333333333,-1.066648006439209,1.0431161203018198
TOKYOTECH_s01,139,32,140.06666666666666,-0.8156975507736206,1.2281717848638931
TOKYOTECH_s01,139,33,140.1,-0.8025849461555481,1.271077107809084
TOKYOTECH_s01,139,34,140.13333333333333,-1.056370496749878,1.1811640726986186
TOKYOTECH_s01,139,35,140.16666666666666,-1.137723684310913,0.9900721718395691
TOKYOTECH_s01,139,36,140.2,-1.109254002571106,0.7411279353061828
TOKYOTECH_s01,139,37,140.23333333333332,-0.3588046729564667,0.4779447908438756
TOKYOTECH_s01,139,38,140.26666666666668,1.2067118883132935,0.2348753416463301
TOKYOTECH_s01,139,39,140.3,2.3017899990081787,0.03081741309813239
TOKYOTECH_s01,139,40,140.33333333333334,2.181177854537964,-0.13292916205935298
TOKYOTECH_s01,139,41,140.36666666666667,1.4417539834976196,-0.2705008287140387
TOKYOTECH_s01,139,42,140.4,1.0309324264526367,-0.40512921155785386
TOKYOTECH_s01,139,43,140.43333333333334,0.8290852308273315,-0.5594744011950563
TOKYOTECH_s01,139,44,140.46666666666667,0.2860352098941803,-0.7446867327454135
TOKYOTECH_s01,139,45,140.5,0.03000510297715664,-0.9514764306156452
TOKYOTECH_s01,139,46,140.53333333333333,0.2608732283115387,-1.1469161287376106
TOKYOTECH_s01,139,47,140.56666666666666,0.4041666090488434,-1.279617064172931
TOKYOTECH_s01,139,48,140.6,0.1617216020822525,-1.293217098302718
TOKYOTECH_s01,139,49,140.63333333333333,-0.19117623567581177,-1.1448026163066785
TOKYOTECH_s01,139,50,140.66666666666666,-0.43326684832572937,-0.8223810069348282
TOKYOTECH_s01,139,51,140.7,-0.5652589797973633,-0.3548338898322283
TOKYOTECH_s01,139,52,140.73333333333332,-0.8646432757377625,0.19052947414611174
TOKYOTECH_s01,139,53,140.76666666666668,-1.0983072519302368,0.7235410310886482
TOKYOTECH_s01,139,54,140.8,-1.1510725021362305,1.1551251146497838
TOKYOTECH_s01,139,55,140.83333333333334,-1.0229393243789673,1.4209520393720827
TOKYOTECH_s01,139,56,140.86666666666667,-0.9097301363945007,1.496167829580818
TOKYOTECH_s01,139,57,140.9,-0.9240240454673767,1.3967267989135614
TOKYOTECH_s01,139,58,140.93333333333334,-1.0121893882751465,1.1688949418675108
TOKYOTECH_s01,139,59,140.96666666666667,-1.1630825996398926,0.8727054493320237
TOKYOTECH_s01,139,60,141.0,-1.016638994216919,0.565346218418339
TOKYOTECH_s01,139,61,141.03333333333333,-0.02236648090183735,0.28840327018552075
TOKYOTECH_s01,139,62,141.06666666666666,1.4715625047683716,0.061132852687162016
TOKYOTECH_s01,139,63,141.1,2.341127634048462,-0.11946279789375223
TOKYOTECH_s01,139,64,141.13333333333333,2.0246143341064453,-0.27269949798765813
TOKYOTECH_s01,139,65,141.16666666666666,1.374340295791626,-0.42464613064010764
TOKYOTECH_s01,139,66,141.2,1.0534955263137817,-0.5972904517262744
TOKYOTECH_s01,139,67,141.23333333333332,0.6410987973213196,-0.7985439444498185
TOKYOTECH_s01,139,68,141.26666666666668,0.2267332524061203,-1.01540912035063
TOKYOTECH_s01,139,69,141.3,0.15971337258815765,-1.2128059447721862
TOKYOTECH_s01,139,70,141.33333333333334,0.3154892921447754,-1.33972458252122
TOKYOTECH_s01,139,71,141.36666666666667,0.2227955311536789,-1.342286011375878
TOKYOTECH_s01,139,72,141.4,-0.10702730715274811,-1.180602246433499
TOKYOTECH_s01,139,73,141.43333333333334,-0.19790972769260406,-0.8444457072516702
TOKYOTECH_s01,139,74,141.46666666666667,-0.4728408455848694,-0.3626161232687947
TOKYOTECH_s01,139,75,141.5,-0.8488924503326416,0.19804651094745077
TOKYOTECH_s01,139,76,141.53333333333333,-0.9286311268806458,0.7461335585375222
TOKYOTECH_s01,139,77,141.56666666666666,-0.9747417569160461,1.189526282686812
TOKYOTECH_s01,139,78,141.6,-1.0604658126831055,1.461435680497173
TOKYOTECH_s01,139,79,141.63333333333333,-1.1925760507583618,1.5376266039246025
TOKYOTECH_s01,139,80,141.66666666666666,-1.003841519355774,1.4381168043748158
TOKYOTECH_s01,139,81,141.7,-0.8249117732048035,1.214511718474244
TOKYOTECH_s01,139,82,141.73333333333332,-0.9582821130752563,0.9298171767760951
TOKYOTECH_s01,139,83,141.76666666666668,-1.1259105205535889,0.6388064697337751
TOKYOTECH_s01,139,84,141.8,-0.8405051231384277,0.374709808091
TOKYOTECH_s01,139,85,141.83333333333334,0.4206262528896332,0.14467353909196184
TOKYOTECH_s01,139,86,141.86666666666667,1.7779165506362915,-0.06596265443921302
TOKYOTECH_s01,139,87,141.9,2.2826526165008545,-0.28243514439866874
TOKYOTECH_s01,139,88,141.93333333333334,1.8232790231704712,-0.5263201107349588
TOKYOTECH_s01,139,89,141.96666666666667,1.172020673751831,-0.8031549492228072
TOKYOTECH_s01,139,90,142.0,0.8232573866844177,-1.0954654960869863
TOKYOTECH_s01,139,91,142.03333333333333,0.437755286693573,-1.362677292290518
TOKYOTECH_s01,139,92,142.06666666666666,0.14860902726650238,-1.5481741347938551
TOKYOTECH_s01,139,93,142.1,0.04240889847278595,-1.592770784861683
TOKYOTECH_s01,139,94,142.13333333333333,0.12829041481018066,-1.4520353727656607
TOKYOTECH_s01,139,95,142.16666666666666,0.3688453137874603,-1.1127885049478088
TOKYOTECH_s01,139,96,142.2,0.12002122402191162,-0.6030753446663779
TOKYOTECH_s01,139,97,142.23333333333332,-0.3584502935409546,0.009116405926345779
TOKYOTECH_s01,139,98,142.26666666666668,-0.6382641792297363,0.6298634967848934
TOKYOTECH_s01,139,99,142.3,-0.7022913694381714,1.1624782607276796
TOKYOTECH_s01,139,100,142.33333333333334,-0.7886454463005066,1.5315273203240742
TOKYOTECH_s01,139,101,142.36666666666667,-0.9787188768386841,1.6986400411884794
TOKYOTECH_s01,139,102,142.4,-1.0034083127975464,1.6657924536712592
TOKYOTECH_s01,139,103,142.43333333333334,-0.886733889579773,1.467974968479129
TOKYOTECH_s01,139,104,142.46666666666667,-0.9129590392112732,1.160186505878119
TOKYOTECH_s01,139,105,142.5,-1.0154577493667603,0.8032047521650095
TOKYOTECH_s01,139,106,142.53333333333333,-0.8777164816856384,0.450755533078257
TOKYOTECH_s01,139,107,142.56666666666666,-0.10946869105100632,0.13951679713121148
TOKYOTECH_s01,139,108,142.6,1.1609950065612793,-0.11652586137209023
TOKYOTECH_s01,139,109,142.63333333333333,1.9604688882827759,-0.3256801452334553
TOKYOTECH_s01,139,110,142.66666666666666,1.715346336364746,-0.511495857656485
TOKYOTECH_s01,139,111,142.7,1.3204724788665771,-0.7006019245450975
TOKYOTECH_s01,139,112,142.73333333333332,0.8672416806221008,-0.9090275739212264
TOKYOTECH_s01,139,113,142.76666666666668,0.5376550555229187,-1.131419411231839
TOKYOTECH_s01,139,114,142.8,0.3441164791584015,-1.3367538393940042
TOKYOTECH_s01,139,115,142.83333333333334,0.159752756357193,-1.4725635101282177
TOKYOTECH_s01,139,116,142.86666666666667,0.33931246399879456,-1.478036979652536
TOKYOTECH_s01,139,117,142.9,0.2870590090751648,-1.3039014302426168
TOKYOTECH_s01,139,118,142.93333333333334,-0.02689485065639019,-0.9334940890929043
TOKYOTECH_s01,139,119,142.96666666666667,-0.16739244759082794,-0.3967413561311809
TOKYOTECH_s01,139,120,143.0,-0.43306994438171387,0.230555679840836
TOKYOTECH_s01,139,121,143.03333333333333,-0.8364099264144897,0.8443928231810914
TOKYOTECH_s01,139,122,143.06666666666666,-0.9924221038818359,1.3412103990581563
TOKYOTECH_s01,139,123,143.1,-0.859878659248352,1.6458680011445237
TOKYOTECH_s01,139,124,143.13333333333333,-0.9471777677536011,1.7284342577247838
TOKYOTECH_s01,139,125,143.16666666666666,-1.1278793811798096,1.6055763198142405
TOKYOTECH_s01,139,126,143.2,-0.9898232221603394,1.3291735708917025
TOKYOTECH_s01,139,127,143.23333333333332,-0.9797820448875427,0.9684661479759044
TOKYOTECH_s01,139,128,143.26666666666668,-0.9967535734176636,0.5916041782025097
TOKYOTECH_s01,139,129,143.3,-0.13183490931987762,0.250323750732703
TOKYOTECH_s01,139,130,143.33333333333334,1.5290924310684204,-0.029711383823397233
TOKYOTECH_s01,139,131,143.36666666666667,2.1216788291931152,-0.2508458531367326
TOKYOTECH_s01,139,132,143.4,1.7916985750198364,-0.43683894663977674
TOKYOTECH_s01,139,133,143.43333333333334,1.4672703742980957,-0.6193791580645133
TOKYOTECH_s01,139,134,143.46666666666667,0.9889169931411743,-0.8221103058669706
TOKYOTECH_s01,139,135,143.5,0.6058956384658813,-1.0477741388598794
TOKYOTECH_s01,139,136,143.53333333333333,0.45098599791526794,-1.2726470696494505
TOKYOTECH_s01,139,137,143.56666666666666,0.41003379225730896,-1.4497202897505514
TOKYOTECH_s01,139,138,143.6,0.4035365581512451,-1.5198371520546783
TOKYOTECH_s01,139,139,143.63333333333333,0.4037334620952606,-1.4285011649542458
TOKYOTECH_s01,139,140,143.66666666666666,0.15325552225112915,-1.1446923635129376
TOKYOTECH_s01,139,141,143.7,-0.18310393393039703,-0.6763896942717624
TOKYOTECH_s01,139,142,143.73333333333332,-0.3287205696105957,-0.07641413048600036
TOKYOTECH_s01,139,143,143.76666666666668,-0.6097944974899292,0.5659293438236864
TOKYOTECH_s01,139,144,143.8,-0.8905928134918213,1.1462506760210767
TOKYOTECH_s01,139,145,143.83333333333334,-0.874487578868866,1.5721127537373696
TOKYOTECH_s01,139,146,143.86666666666667,-0.7667911052703857,1.7856970456537251
TOKYOTECH_s01,139,147,143.9,-0.8114448189735413,1.7745893143732698
TOKYOTECH_s01,139,148,143.93333333333334,-0.941271185874939,1.5691166148017464
TOKYOTECH_s01,139,149,143.96666666666667,-1.0095511674880981,1.2298509267985527
TOKYOTECH_s01,139,150,144.0,-0.8577523231506348,0.8303469147974075
TOKYOTECH_s01,139,151,144.03333333333333,0.07509192079305649,0.43928484548935076
TOKYOTECH_s01,139,152,144.06666666666666,1.5589402914047241,0.1054909552214312
TOKYOTECH_s01,139,153,144.1,2.0424914360046387,-0.1510318187338442
TOKYOTECH_s01,139,154,144.13333333333333,1.59835684299469,-0.339877351137895
TOKYOTECH_s01,139,155,144.16666666666666,1.3292535543441772,-0.49244429022353575
TOKYOTECH_s01,139,156,144.2,1.0576300621032715,-0.6475142227088043
TOKYOTECH_s01,139,157,144.23333333333332,0.6065256595611572,-0.8342215806324397
TOKYOTECH_s01,139,158,144.26666666666668,0.43873971700668335,-1.0575456335468847
TOKYOTECH_s01,139,159,144.3,0.43744027614593506,-1.291124155828329
TOKYOTECH_s01,139,160,144.33333333333334,0.2786716818809509,-1.4803807943837384
TOKYOTECH_s01,139,161,144.36666666666667,0.2916267514228821,-1.5561415752796972
TOKYOTECH_s01,139,162,144.4,0.19302642345428467,-1.4557980468046239
TOKYOTECH_s01,139,163,144.43333333333334,-0.07788823544979095,-1.1463285383346757
TOKYOTECH_s01,139,164,144.46666666666667,-0.5411995649337769,-0.6417960225732035
TOKYOTECH_s01,139,165,144.5,-0.9416255950927734,-0.007973650538339663
TOKYOTECH_s01,139,166,144.53333333333333,-1.102717399597168,0.6505264038882113
TOKYOTECH_s01,139,167,144.56666666666666,-0.9305999875068665,1.2186365021670575
TOKYOTECH_s01,139,168,144.6,-0.7335962057113647,1.6041160129687824
TOKYOTECH_s01,139,169,144.63333333333333,-0.6706321835517883,1.7614707355401795
TOKYOTECH_s01,139,170,144.66666666666666,-0.9016578197479248,1.6979276929439866
TOKYOTECH_s01,139,171,144.7,-1.026207685470581,1.4626379363457929
TOKYOTECH_s01,139,172,144.73333333333332,-1.3222055435180664,1.1265210753948176
TOKYOTECH_s01,139,173,144.76666666666668,-1.1493005752563477,0.7610191019665579
TOKYOTECH_s01,139,174,144.8,0.05800224468111992,0.4215411437180142
TOKYOTECH_s01,139,175,144.83333333333334,1.7356255054473877,0.13824251799097725
TOKYOTECH_s01,139,176,144.86666666666667,2.395664930343628,-0.08532255704173794
TOKYOTECH_s01,139,177,144.9,1.8962448835372925,-0.2665322943789224
TOKYOTECH_s01,139,178,144.93333333333334,1.220218300819397,-0.43328851112132494
TOKYOTECH_s01,139,179,144.96666666666667,0.6203470230102539,-0.6119533619716164
TOKYOTECH_s01,139,180,145.0,0.3152924180030823,-0.8163330353404274
TOKYOTECH_s01,139,181,145.03333333333333,0.30158916115760803,-1.0397391709961434
TOKYOTECH_s01,139,182,145.06666666666666,0.4402754306793213,-1.2520774133979826
TOKYOTECH_s01,139,183,145.1,0.5267475843429565,-1.403798888316405
TOKYOTECH_s01,139,184,145.13333333333333,0.38113096356391907,-1.4373837785328272
TOKYOTECH_s01,139,185,145.16666666666666,-0.061349838972091675,-1.304710037586737
TOKYOTECH_s01,139,186,145.2,-0.3464796543121338,-0.9858779540054268
TOKYOTECH_s01,139,187,145.23333333333332,-0.5471848845481873,-0.50283816154574
TOKYOTECH_s01,139,188,145.26666666666668,-0.7486382722854614,0.07900876767257774
TOKYOTECH_s01,139,189,145.3,-0.8499556183815002,0.6644726443584646
TOKYOTECH_s01,139,190,145.33333333333334,-0.8605086803436279,1.1537910381766328
TOKYOTECH_s01,139,191,145.36666666666667,-0.8145162463188171,1.4697589929177535
TOKYOTECH_s01,139,192,145.4,-1.0330592393875122,1.5764007270509006
TOKYOTECH_s01,139,193,145.43333333333334,-1.1131917238235474,1.4833737096210255
TOKYOTECH_s01,139,194,145.46666666666667,-1.191158413887024,1.237039688058688
TOKYOTECH_s01,139,195,145.5,-1.0863364934921265,0.9038555940850773
TOKYOTECH_s01,139,196,145.53333333333333,-0.8891358971595764,0.5521870303494212
TOKYOTECH_s01,139,197,145.56666666666666,0.005945676937699318,0.2367936568889134
TOKYOTECH_s01,139,198,145.6,1.577526330947876,-0.011209177121384964
TOKYOTECH_s01,139,199,145.63333333333333,2.090177297592163,-0.18727716670074443
TOKYOTECH_s01,139,200,145.66666666666666,1.7316877841949463,-0.3094255029490159
TOKYOTECH_s01,139,201,145.7,1.1086628437042236,-0.4091364196662837
TOKYOTECH_s01,139,202,145.73333333333332,0.8528689742088318,-0.5196445257957961
TOKYOTECH_s01,139,203,145.76666666666668,0.73233562707901,-0.664027502027862
TOKYOTECH_s01,139,204,145.8,0.45220670104026794,-0.8456048968109422
TOKYOTECH_s01,139,205,145.83333333333334,0.4485839903354645,-1.0431615602556266
TOKYOTECH_s01,139,206,145.86666666666667,0.28410571813583374,-1.2129494306782804
TOKYOTECH_s01,139,207,145.9,0.2040126472711563,-1.2981823169390168
TOKYOTECH_s01,139,208,145.93333333333334,-0.06402748078107834,-1.2449117678006087
TOKYOTECH_s01,139,209,145.96666666666667,-0.29320237040519714,-1.020787051498903
TOKYOTECH_s01,139,210,146.0,-0.4921356439590454,-0.6308162000279285
TOKYOTECH_s01,139,211,146.03333333333333,-0.8716918230056763,-0.12330233499105955
TOKYOTECH_s01,139,212,146.06666666666666,-0.9654881358146667,0.4188224070816784
TOKYOTECH_s01,139,213,146.1,-0.8731094002723694,0.9003701987522877
TOKYOTECH_s01,139,214,146.13333333333333,-1.0571187734603882,1.2418034114750032
TOKYOTECH_s01,139,215,146.16666666666666,-1.1743444204330444,1.4010095010188446
TOKYOTECH_s01,139,216,146.2,-0.9762380719184875,1.3809439189732124
TOKYOTECH_s01,139,217,146.23333333333332,-1.01691472530365,1.2225111645280955
TOKYOTECH_s01,139,218,146.26666666666668,-1.2242746353149414,0.9876990193491645
TOKYOTECH_s01,139,219,146.3,-1.1346522569656372,0.7399198080821882
TOKYOTECH_s01,139,220,146.33333333333334,-0.1180529072880745,0.5274851318018694
TOKYOTECH_s01,139,221,146.36666666666667,1.2686127424240112,0.3738347851242051
TOKYOTECH_s01,139,222,146.4,2.125183582305908,0.2759211561368141
TOKYOTECH_s01,139,223,146.43333333333334,2.0824592113494873,0.21012093433092507
TOKYOTECH_s01,139,224,146.46666666666667,1.4598674774169922,0.14310355898372162
TOKYOTECH_s01,139,225,146.5,0.7984498143196106,0.044074493955108485
TOKYOTECH_s01,139,226,146.53333333333333,0.3660101592540741,-0.1047141862189287
TOKYOTECH_s01,139,227,146.56666666666666,0.13120432198047638,-0.30125849625132467
TOKYOTECH_s01,139,228,146.6,0.06981538236141205,-0.5223475298665804
TOKYOTECH_s01,139,229,146.63333333333333,0.26701605319976807,-0.7282081701120338
TOKYOTECH_s01,139,230,146.66666666666666,0.2871377766132355,-0.8728404116951504
TOKYOTECH_s01,139,231,146.7,0.15782326459884644,-0.9178956053121199
TOKYOTECH_s01,139,232,146.73333333333332,-0.16723494231700897,-0.84638176934615
TOKYOTECH_s01,139,233,146.76666666666668,-0.34691280126571655,-0.6715885583885131
TOKYOTECH_s01,139,234,146.8,-0.43649575114250183,-0.4369704703207334
TOKYOTECH_s01,139,235,146.83333333333334,-0.841804563999176,-0.20500723572466423
TOKYOTECH_s01,139,236,146.86666666666667,-0.9907288551330566,-0.03722398337757209
TOKYOTECH_s01,139,237,146.9,-0.8517276048660278,0.027904902862769594
TOKYOTECH_s01,139,238,146.93333333333334,-0.940050482749939,-0.010042481209190489
TOKYOTECH_s01,139,239,146.96666666666667,-1.0584181547164917,-0.11280489184207529
TOKYOTECH_s01,140,0,140.0,-1.153671383857727,0.08304501992179075
TOKYOTECH_s01,140,1,140.03333333333333,-1.066648006439209,0.20434565396248527
TOKYOTECH_s01,140,2,140.06666666666666,-0.8156975507736206,0.30057688017868894
TOKYOTECH_s01,140,3,140.1,-0.8025849461555481,0.3555361309723675
TOKYOTECH_s01,140,4,140.13333333333333,-1.056370496749878,0.3621296579091669
TOKYOTECH_s01,140,5,140.16666666666666,-1.137723684310913,0.32361925320798635
TOKYOTECH_s01,140,6,140.2,-1.109254002571106,0.2520646883985895
TOKYOTECH_s01,140,7,140.23333333333332,-0.3588046729564667,0.1648471458136637
TOKYOTECH_s01,140,8,140.26666666666668,1.2067118883132935,0.08022393679005345
TOKYOTECH_s01,140,9,140.3,2.3017899990081787,0.012484686220347995
TOKYOTECH_s01,140,10,140.33333333333334,2.181177854537964,-0.03265002351263686
TOKYOTECH_s01,140,11,140.36666666666667,1.4417539834976196,-0.061115409409244544
TOKYOTECH_s01,140,12,140.4,1.0309324264526367,-0.09022749444727951
TOKYOTECH_s01,140,13,140.43333333333334,0.8290852308273315,-0.14363091562724714
TOKYOTECH_s01,140,14,140.46666666666667,0.2860352098941803,-0.24189095673057465
TOKYOTECH_s01,140,15,140.5,0.03000510297715664,-0.3915341206340732
TOKYOTECH_s01,140,16,140.53333333333333,0.2608732283115387,-0.5768983271779733
TOKYOTECH_s01,140,17,140.56666666666666,0.4041666090488434,-0.7589629597543159
TOKYOTECH_s01,140,18,140.6,0.1617216020822525,-0.8832092405884701
TOKYOTECH_s01,140,19,140.63333333333333,-0.19117623567581177,-0.8951700302417924
TOKYOTECH_s01,140,20,140.66666666666666,-0.43326684832572937,-0.7589530176330179
TOKYOTECH_s01,140,21,140.7,-0.5652589797973633,-0.47217816140811303
TOKYOTECH_s01,140,22,140.73333333333332,-0.8646432757377625,-0.07143300223634329
TOKYOTECH_s01,140,23,140.76666666666668,-1.0983072519302368,0.3747144687056191
TOKYOTECH_s01,140,24,140.8,-1.1510725021362305,0.7838501759334519
TOKYOTECH_s01,140,25,140.83333333333334,-1.0229393243789673,1.0831958166538749
TOKYOTECH_s01,140,26,140.86666666666667,-0.9097301363945007,1.2296144121223314
TOKYOTECH_s01,140,27,140.9,-0.9240240454673767,1.2183719494334961
TOKYOTECH_s01,140,28,140.93333333333334,-1.0121893882751465,1.078503708901898
TOKYOTECH_s01,140,29,140.96666666666667,-1.1630825996398926,0.8588395203586274
TOKYOTECH_s01,140,30,141.0,-1.016638994216919,0.611359035983842
TOKYOTECH_s01,140,31,141.03333333333333,-0.02236648090183735,0.3774705679282374
TOKYOTECH_s01,140,32,141.06666666666666,1.4715625047683716,0.1801483847304942
TOKYOTECH_s01,140,33,141.1,2.341127634048462,0.02233786707752014
TOKYOTECH_s01,140,34,141.13333333333333,2.0246143341064453,-0.10948945392331794
TOKYOTECH_s01,140,35,141.16666666666666,1.374340295791626,-0.23826021831391492
TOKYOTECH_s01,140,36,141.2,1.0534955263137817,-0.38731403352272065
TOKYOTECH_s01,140,37,141.23333333333332,0.6410987973213196,-0.5710626946879713
TOKYOTECH_s01,140,38,141.26666666666668,0.2267332524061203,-0.7870319810987899
TOKYOTECH_s01,140,39,141.3,0.15971337258815765,-1.0114305780772028
TOKYOTECH_s01,140,40,141.33333333333334,0.3154892921447754,-1.2005441585523282
TOKYOTECH_s01,140,41,141.36666666666667,0.2227955311536789,-1.299294616699572
TOKYOTECH_s01,140,42,141.4,-0.10702730715274811,-1.2559669270650653
TOKYOTECH_s01,140,43,141.43333333333334,-0.19790972769260406,-1.039497918773056
TOKYOTECH_s01,140,44,141.46666666666667,-0.4728408455848694,-0.6541133098860458
TOKYOTECH_s01,140,45,141.5,-0.8488924503326416,-0.1456450671255732
TOKYOTECH_s01,140,46,141.53333333333333,-0.9286311268806458,0.4050937741420547
TOKYOTECH_s01,140,47,141.56666666666666,-0.9747417569160461,0.9023548968897279
TOKYOTECH_s01,140,48,141.6,-1.0604658126831055,1.2625476692190027
TOKYOTECH_s01,140,49,141.63333333333333,-1.1925760507583618,1.4373656975347282
TOKYOTECH_s01,140,50,141.66666666666666,-1.003841519355774,1.4237316056900098
TOKYOTECH_s01,140,51,141.7,-0.8249117732048035,1.258007534398317
TOKYOTECH_s01,140,52,141.73333333333332,-0.9582821130752563,0.9988908579909633
TOKYOTECH_s01,140,53,141.76666666666668,-1.1259105205535889,0.707012125854406
TOKYOTECH_s01,140,54,141.8,-0.8405051231384277,0.4283562417700412
TOKYOTECH_s01,140,55,141.83333333333334,0.4206262528896332,0.18538479952818931
TOKYOTECH_s01,140,56,141.86666666666667,1.7779165506362915,-0.02319823492662931
TOKYOTECH_s01,140,57,141.9,2.2826526165008545,-0.21531068885795457
TOKYOTECH_s01,140,58,141.93333333333334,1.8232790231704712,-0.41408067138149723
TOKYOTECH_s01,140,59,141.96666666666667,1.172020673751831,-0.6359201371361802
TOKYOTECH_s01,140,60,142.0,0.8232573866844177,-0.8809761764386034
TOKYOTECH_s01,140,61,142.03333333333333,0.437755286693573,-1.1278523739998003
TOKYOTECH_s01,140,62,142.06666666666666,0.14860902726650238,-1.3344035803324918
TOKYOTECH_s01,140,63,142.1,0.04240889847278595,-1.4459933064578003
TOKYOTECH_s01,140,64,142.13333333333333,0.12829041481018066,-1.410476024204973
TOKYOTECH_s01,140,65,142.16666666666666,0.3688453137874603,-1.1960393199832555
TOKYOTECH_s01,140,66,142.2,0.12002122402191162,-0.8057443324359217
TOKYOTECH_s01,140,67,142.23333333333332,-0.3584502935409546,-0.282610590622136
TOKYOTECH_s01,140,68,142.26666666666668,-0.6382641792297363,0.2980195448295066
TOKYOTECH_s01,140,69,142.3,-0.7022913694381714,0.8469815555865666
TOKYOTECH_s01,140,70,142.33333333333334,-0.7886454463005066,1.2836713180278159
TOKYOTECH_s01,140,71,142.36666666666667,-0.9787188768386841,1.5537425741627866
TOKYOTECH_s01,140,72,142.4,-1.0034083127975464,1.637026346009715
TOKYOTECH_s01,140,73,142.43333333333334,-0.886733889579773,1.545899132226911
TOKYOTECH_s01,140,74,142.46666666666667,-0.9129590392112732,1.3174378459105984
TOKYOTECH_s01,140,75,142.5,-1.0154577493667603,1.002817379780828
TOKYOTECH_s01,140,76,142.53333333333333,-0.8777164816856384,0.6560391933857802
TOKYOTECH_s01,140,77,142.56666666666666,-0.10946869105100632,0.3231561057658939
TOKYOTECH_s01,140,78,142.6,1.1609950065612793,0.033573045866346816
TOKYOTECH_s01,140,79,142.63333333333333,1.9604688882827759,-0.204329699467144
TOKYOTECH_s01,140,80,142.66666666666666,1.715346336364746,-0.4015312517685775
TOKYOTECH_s01,140,81,142.7,1.3204724788665771,-0.5806772661572629
TOKYOTECH_s01,140,82,142.73333333333332,0.8672416806221008,-0.7644080620529494
TOKYOTECH_s01,140,83,142.76666666666668,0.5376550555229187,-0.9631338513501045
TOKYOTECH_s01,140,84,142.8,0.3441164791584015,-1.1659533940664737
TOKYOTECH_s01,140,85,142.83333333333334,0.159752756357193,-1.3379997703923647
TOKYOTECH_s01,140,86,142.86666666666667,0.33931246399879456,-1.4266225868717273
TOKYOTECH_s01,140,87,142.9,0.2870590090751648,-1.3766166320944906
TOKYOTECH_s01,140,88,142.93333333333334,-0.02689485065639019,-1.1508687299030211
TOKYOTECH_s01,140,89,142.96666666666667,-0.16739244759082794,-0.749041791809798
TOKYOTECH_s01,140,90,143.0,-0.43306994438171387,-0.21578756047067138
TOKYOTECH_s01,140,91,143.03333333333333,-0.8364099264144897,0.3668513447749868
TOKYOTECH_s01,140,92,143.06666666666666,-0.9924221038818359,0.9013354479080673
TOKYOTECH_s01,140,93,143.1,-0.859878659248352,1.302347498553931
TOKYOTECH_s01,140,94,143.13333333333333,-0.9471777677536011,1.5189622853428306
TOKYOTECH_s01,140,95,143.16666666666666,-1.1278793811798096,1.5430710837618176
TOKYOTECH_s01,140,96,143.2,-0.9898232221603394,1.4034658944708722
TOKYOTECH_s01,140,97,143.23333333333332,-0.9797820448875427,1.151379690897836
TOKYOTECH_s01,140,98,143.26666666666668,-0.9967535734176636,0.8442301933183105
TOKYOTECH_s01,140,99,143.3,-0.13183490931987762,0.531754205708681
TOKYOTECH_s01,140,100,143.33333333333334,1.5290924310684204,0.24651911953378822
TOKYOTECH_s01,140,101,143.36666666666667,2.1216788291931152,-7.689265033598673e-05
TOKYOTECH_s01,140,102,143.4,1.7916985750198364,-0.21570239588314002
TOKYOTECH_s01,140,103,143.43333333333334,1.4672703742980957,-0.41937377864994696
TOKYOTECH_s01,140,104,143.46666666666667,0.9889169931411743,-0.630395842348627
TOKYOTECH_s01,140,105,143.5,0.6058956384658813,-0.8574036233066655
TOKYOTECH_s01,140,106,143.53333333333333,0.45098599791526794,-1.0905106888069696
TOKYOTECH_s01,140,107,143.56666666666666,0.41003379225730896,-1.298527460520395
TOKYOTECH_s01,140,108,143.6,0.4035365581512451,-1.43266529582735
TOKYOTECH_s01,140,109,143.63333333333333,0.4037334620952606,-1.4374398804676478
TOKYOTECH_s01,140,110,143.66666666666666,0.15325552225112915,-1.2675800570190792
TOKYOTECH_s01,140,111,143.7,-0.18310393393039703,-0.9067622060253887
TOKYOTECH_s01,140,112,143.73333333333332,-0.3287205696105957,-0.38130563367396
TOKYOTECH_s01,140,113,143.76666666666668,-0.6097944974899292,0.2382714280331576
TOKYOTECH_s01,140,114,143.8,-0.8905928134918213,0.8513064923244438
TOKYOTECH_s01,140,115,143.83333333333334,-0.874487578868866,1.3533477518449253
TOKYOTECH_s01,140,116,143.86666666666667,-0.7667911052703857,1.6647822066256557
TOKYOTECH_s01,140,117,143.9,-0.8114448189735413,1.7501691997530382
TOKYOTECH_s01,140,118,143.93333333333334,-0.941271185874939,1.6223114418720055
TOKYOTECH_s01,140,119,143.96666666666667,-1.0095511674880981,1.3326998943529225
TOKYOTECH_s01,140,120,144.0,-0.8577523231506348,0.9538109787701292
TOKYOTECH_s01,140,121,144.03333333333333,0.07509192079305649,0.5589850118674182
TOKYOTECH_s01,140,122,144.06666666666666,1.5589402914047241,0.20488189366599133
TOKYOTECH_s01,140,123,144.1,2.0424914360046387,-0.07955596348534386
TOKYOTECH_s01,140,124,144.13333333333333,1.59835684299469,-0.29543354996080023
TOKYOTECH_s01,140,125,144.16666666666666,1.3292535543441772,-0.4674740027816785
TOKYOTECH_s01,140,126,144.2,1.0576300621032715,-0.6308590262150789
TOKYOTECH_s01,140,127,144.23333333333332,0.6065256595611572,-0.8150675700778467
TOKYOTECH_s01,140,128,144.26666666666668,0.43873971700668335,-1.0294317313056585
TOKYOTECH_s01,140,129,144.3,0.43744027614593506,-1.2549393853968351
TOKYOTECH_s01,140,130,144.33333333333334,0.2786716818809509,-1.4452491463619255
TOKYOTECH_s01,140,131,144.36666666666667,0.2916267514228821,-1.5374437865132198
TOKYOTECH_s01,140,132,144.4,0.19302642345428467,-1.4704125555868697
TOKYOTECH_s01,140,133,144.43333333333334,-0.07788823544979095,-1.2062765732639147
TOKYOTECH_s01,140,134,144.46666666666667,-0.5411995649337769,-0.7483439521883211
TOKYOTECH_s01,140,135,144.5,-0.9416255950927734,-0.14843679100908205
TOKYOTECH_s01,140,136,144.53333333333333,-1.102717399597168,0.5016928722320054
TOKYOTECH_s01,140,137,144.56666666666666,-0.9305999875068665,1.0942821064142199
TOKYOTECH_s01,140,138,144.6,-0.7335962057113647,1.535926009719477
TOKYOTECH_s01,140,139,144.63333333333333,-0.6706321835517883,1.7713558945696088
TOKYOTECH_s01,140,140,144.66666666666666,-0.9016578197479248,1.7920032050682613
TOKYOTECH_s01,140,141,144.7,-1.026207685470581,1.6293812061695112
TOKYOTECH_s01,140,142,144.73333333333332,-1.3222055435180664,1.3393561365796585
TOKYOTECH_s01,140,143,144.76666666666668,-1.1493005752563477,0.9845177289202101
TOKYOTECH_s01,140,144,144.8,0.05800224468111992,0.6195475590907448
TOKYOTECH_s01,140,145,144.83333333333334,1.7356255054473877,0.28163083066508193
TOKYOTECH_s01,140,146,144.86666666666667,2.395664930343628,-0.013421922795628448
TOKYOTECH_s01,140,147,144.9,1.8962448835372925,-0.26925506737170213
TOKYOTECH_s01,140,148,144.93333333333334,1.220218300819397,-0.502207478273876
TOKYOTECH_s01,140,149,144.96666666666667,0.6203470230102539,-0.7317133240057768
TOKYOTECH_s01,140,150,145.0,0.3152924180030823,-0.9700993755613342
TOKYOTECH_s01,140,151,145.03333333333333,0.30158916115760803,-1.2138670156622793
TOKYOTECH_s01,140,152,145.06666666666666,0.4402754306793213,-1.438660576274984
TOKYOTECH_s01,140,153,145.1,0.5267475843429565,-1.6002613338760596
TOKYOTECH_s01,140,154,145.13333333333333,0.38113096356391907,-1.6433099559642503
TOKYOTECH_s01,140,155,145.16666666666666,-0.061349838972091675,-1.517311453597956
TOKYOTECH_s01,140,156,145.2,-0.3464796543121338,-1.1960121813191993
TOKYOTECH_s01,140,157,145.23333333333332,-0.5471848845481873,-0.6931298343373671
TOKYOTECH_s01,140,158,145.26666666666668,-0.7486382722854614,-0.06688512286471449
TOKYOTECH_s01,140,159,145.3,-0.8499556183815002,0.5906779785848302
TOKYOTECH_s01,140,160,145.33333333333334,-0.8605086803436279,1.176816708407118
TOKYOTECH_s01,140,161,145.36666666666667,-0.8145162463188171,1.6048431557463834
TOKYOTECH_s01,140,162,145.4,-1.0330592393875122,1.824285773953526
TOKYOTECH_s01,140,163,145.43333333333334,-1.1131917238235474,1.8280647469560511
TOKYOTECH_s01,140,164,145.46666666666667,-1.191158413887024,1.6468308415540647
TOKYOTECH_s01,140,165,145.5,-1.0863364934921265,1.3355274898520682
TOKYOTECH_s01,140,166,145.53333333333333,-0.8891358971595764,0.9578327847317059
TOKYOTECH_s01,140,167,145.56666666666666,0.005945676937699318,0.5721973716839703
TOKYOTECH_s01,140,168,145.6,1.577526330947876,0.2215935714911972
TOKYOTECH_s01,140,169,145.63333333333333,2.090177297592163,-0.07183819976906028
TOKYOTECH_s01,140,170,145.66666666666666,1.7316877841949463,-0.3070272487957562
TOKYOTECH_s01,140,171,145.7,1.1086628437042236,-0.49963186867119735
TOKYOTECH_s01,140,172,145.73333333333332,0.8528689742088318,-0.6739247863140995
TOKYOTECH_s01,140,173,145.76666666666668,0.73233562707901,-0.8521535019210991
TOKYOTECH_s01,140,174,145.8,0.45220670104026794,-1.043699288799834
TOKYOTECH_s01,140,175,145.83333333333334,0.4485839903354645,-1.2372564185827968
TOKYOTECH_s01,140,176,145.86666666666667,0.28410571813583374,-1.3990089810642374
TOKYOTECH_s01,140,177,145.9,0.2040126472711563,-1.4784960887029275
TOKYOTECH_s01,140,178,145.93333333333334,-0.06402748078107834,-1.4219847720105618
TOKYOTECH_s01,140,179,145.96666666666667,-0.29320237040519714,-1.1907544133466221
TOKYOTECH_s01,140,180,146.0,-0.4921356439590454,-0.7790325670039725
TOKYOTECH_s01,140,181,146.03333333333333,-0.8716918230056763,-0.22454894024541053
TOKYOTECH_s01,140,182,146.06666666666666,-0.9654881358146667,0.39454538079701107
TOKYOTECH_s01,140,183,146.1,-0.8731094002723694,0.977844375071206
TOKYOTECH_s01,140,184,146.13333333333333,-1.0571187734603882,1.4298023976473058
TOKYOTECH_s01,140,185,146.16666666666666,-1.1743444204330444,1.684748144331026
TOKYOTECH_s01,140,186,146.2,-0.9762380719184875,1.7206402309141273
TOKYOTECH_s01,140,187,146.23333333333332,-1.01691472530365,1.558757168599933
TOKYOTECH_s01,140,188,146.26666666666668,-1.2242746353149414,1.2523932952563006
TOKYOTECH_s01,140,189,146.3,-1.1346522569656372,0.8703008058238897
TOKYOTECH_s01,140,190,146.33333333333334,-0.1180529072880745,0.48000282963809066
TOKYOTECH_s01,140,191,146.36666666666667,1.2686127424240112,0.13420298126777877
TOKYOTECH_s01,140,192,146.4,2.125183582305908,-0.1377535679522441
TOKYOTECH_s01,140,193,146.43333333333334,2.0824592113494873,-0.33218124672112637
TOKYOTECH_s01,140,194,146.46666666666667,1.4598674774169922,-0.4670240254089607
TOKYOTECH_s01,140,195,146.5,0.7984498143196106,-0.5726675308132448
TOKYOTECH_s01,140,196,146.53333333333333,0.3660101592540741,-0.6797565689552852
TOKYOTECH_s01,140,197,146.56666666666666,0.13120432198047638,-0.8069568484710669
TOKYOTECH_s01,140,198,146.6,0.06981538236141205,-0.9521206539872935
TOKYOTECH_s01,140,199,146.63333333333333,0.26701605319976807,-1.0899108512225253
TOKYOTECH_s01,140,200,146.66666666666666,0.2871377766132355,-1.177211430379727
TOKYOTECH_s01,140,201,146.7,0.15782326459884644,-1.1653636994259386
TOKYOTECH_s01,140,202,146.73333333333332,-0.16723494231700897,-1.0163153821730044
TOKYOTECH_s01,140,203,146.76666666666668,-0.34691280126571655,-0.7181762600450571
TOKYOTECH_s01,140,204,146.8,-0.43649575114250183,-0.2946610494318541
TOKYOTECH_s01,140,205,146.83333333333334,-0.841804563999176,0.1961869510477464
TOKYOTECH_s01,140,206,146.86666666666667,-0.9907288551330566,0.6749707513620083
TOKYOTECH_s01,140,207,146.9,-0.8517276048660278,1.0616290194405968
TOKYOTECH_s01,140,208,146.93333333333334,-0.940050482749939,1.29620589255386
TOKYOTECH_s01,140,209,146.96666666666667,-1.0584181547164917,1.3522242845640025
TOKYOTECH_s01,140,210,147.0,-1.0963777303695679,1.2393714248416896
TOKYOTECH_s01,140,211,147.03333333333333,-1.1518994569778442,0.9970283248586821
TOKYOTECH_s01,140,212,147.06666666666666,-1.1974194049835205,0.6823350451797668
TOKYOTECH_s01,140,213,147.1,-1.141385793685913,0.3563450100731707
TOKYOTECH_s01,140,214,147.13333333333333,-0.3094257712364197,0.07119415150867844
TOKYOTECH_s01,140,215,147.16666666666666,1.3678431510925293,-0.13938028995351445
TOKYOTECH_s01,140,216,147.2,2.3263611793518066,-0.26462029541942506
TOKYOTECH_s01,140,217,147.23333333333332,1.904159665107727,-0.31589413647508846
TOKYOTECH_s01,140,218,147.26666666666668,1.442659616470337,-0.3209890651389332
TOKYOTECH_s01,140,219,147.3,0.9379630088806152,-0.31507956691061667
TOKYOTECH_s01,140,220,147.33333333333334,0.5161157846450806,-0.33044740018127805
TOKYOTECH_s01,140,221,147.36666666666667,0.26355087757110596,-0.38707708080114134
TOKYOTECH_s01,140,222,147.4,0.15168043971061707,-0.4859595376845591
TOKYOTECH_s01,140,223,147.43333333333334,0.1888524442911148,-0.6067559348640982
TOKYOTECH_s01,140,224,147.46666666666667,0.09442608803510666,-0.7113801227603992
TOKYOTECH_s01,140,225,147.5,-0.05504949763417244,-0.754046753785721
TOKYOTECH_s01,140,226,147.53333333333333,-0.1100199744105339,-0.6958858404167166
TOKYOTECH_s01,140,227,147.56666666666666,-0.4983178675174713,-0.5196277448679144
TOKYOTECH_s01,140,228,147.6,-0.8822054862976074,-0.2388599355887167
TOKYOTECH_s01,140,229,147.63333333333333,-0.8353073596954346,0.10242685753618405
TOKYOTECH_s01,140,230,147.66666666666666,-0.9780494570732117,0.4411238214794971
TOKYOTECH_s01,140,231,147.7,-0.9270954132080078,0.7138643257586826
TOKYOTECH_s01,140,232,147.73333333333332,-0.9737967252731323,0.8762829944757473
TOKYOTECH_s01,140,233,147.76666666666668,-1.1361092329025269,0.9147649610173118
TOKYOTECH_s01,140,234,147.8,-1.2365996837615967,0.8464268914405777
TOKYOTECH_s01,140,235,147.83333333333334,-1.1761164665222168,0.7086193586319965
TOKYOTECH_s01,140,236,147.86666666666667,-1.0780279636383057,0.5432441997009316
TOKYOTECH_s01,140,237,147.9,-1.1242567300796509,0.3822552383546889
TOKYOTECH_s01,140,238,147.93333333333334,-0.8301489353179932,0.23923713277186326
TOKYOTECH_s01,140,239,147.96666666666667,0.7597420811653137,0.1091823716653
TOKYOTECH_s01,141,0,141.0,-1.016638994216919,-0.09076078176939992
TOKYOTECH_s01,141,1,141.03333333333333,-0.02236648090183735,-0.24082825843691458
TOKYOTECH_s01,141,2,141.06666666666666,1.4715625047683716,-0.37952062074884535
TOKYOTECH_s01,141,3,141.1,2.341127634048462,-0.5006919757390899
TOKYOTECH_s01,141,4,141.13333333333333,2.0246143341064453,-0.6030965069925441
TOKYOTECH_s01,141,5,141.16666666666666,1.374340295791626,-0.6907452040725116
TOKYOTECH_s01,141,6,141.2,1.0534955263137817,-0.7704195361022448
TOKYOTECH_s01,141,7,141.23333333333332,0.6410987973213196,-0.846504022791677
TOKYOTECH_s01,141,8,141.26666666666668,0.2267332524061203,-0.915109449523854
TOKYOTECH_s01,141,9,141.3,0.15971337258815765,-0.9606189551053763
TOKYOTECH_s01,141,10,141.33333333333334,0.3154892921447754,-0.9572795763507181
TOKYOTECH_s01,141,11,141.36666666666667,0.2227955311536789,-0.8763163312550792
TOKYOTECH_s01,141,12,141.4,-0.10702730715274811,-0.6963337934456896
TOKYOTECH_s01,141,13,141.43333333333334,-0.19790972769260406,-0.41320674812211927
TOKYOTECH_s01,141,14,141.46666666666667,-0.4728408455848694,-0.04608370533896825
TOKYOTECH_s01,141,15,141.5,-0.8488924503326416,0.3626959366830172
TOKYOTECH_s01,141,16,141.53333333333333,-0.9286311268806458,0.755035155569082
TOKYOTECH_s01,141,17,141.56666666666666,-0.9747417569160461,1.0711135006484687
TOKYOTECH_s01,141,18,141.6,-1.0604658126831055,1.2656286008986528
TOKYOTECH_s01,141,19,141.63333333333333,-1.1925760507583618,1.3195869493859804
TOKYOTECH_s01,141,20,141.66666666666666,-1.003841519355774,1.242842367657237
TOKYOTECH_s01,141,21,141.7,-0.8249117732048035,1.0671765576234509
TOKYOTECH_s01,141,22,141.73333333333332,-0.9582821130752563,0.8338145776063349
TOKYOTECH_s01,141,23,141.76666666666668,-1.1259105205535889,0.5807207137471516
TOKYOTECH_s01,141,24,141.8,-0.8405051231384277,0.3336343398763661
TOKYOTECH_s01,141,25,141.83333333333334,0.4206262528896332,0.10246434820263857
TOKYOTECH_s01,141,26,141.86666666666667,1.7779165506362915,-0.11684898934595439
TOKYOTECH_s01,141,27,141.9,2.2826526165008545,-0.33588810678910813
TOKYOTECH_s01,141,28,141.93333333333334,1.8232790231704712,-0.5648369752175412
TOKYOTECH_s01,141,29,141.96666666666667,1.172020673751831,-0.8039965776648634
TOKYOTECH_s01,141,30,142.0,0.8232573866844177,-1.0383063634456378
TOKYOTECH_s01,141,31,142.03333333333333,0.437755286693573,-1.236589806438493
TOKYOTECH_s01,141,32,142.06666666666666,0.14860902726650238,-1.3565330535149454
TOKYOTECH_s01,141,33,142.1,0.04240889847278595,-1.3552142974093573
TOKYOTECH_s01,141,34,142.13333333333333,0.12829041481018066,-1.2028272663208817
TOKYOTECH_s01,141,35,142.16666666666666,0.3688453137874603,-0.8950950486078709
TOKYOTECH_s01,141,36,142.2,0.12002122402191162,-0.4593069278531249
TOKYOTECH_s01,141,37,142.23333333333332,-0.3584502935409546,0.0492352282600636
TOKYOTECH_s01,141,38,142.26666666666668,-0.6382641792297363,0.5597419786509121
TOKYOTECH_s01,141,39,142.3,-0.7022913694381714,1.0028627555566247
TOKYOTECH_s01,141,40,142.33333333333334,-0.7886454463005066,1.3255832681094346
TOKYOTECH_s01,141,41,142.36666666666667,-0.9787188768386841,1.499201584883548
TOKYOTECH_s01,141,42,142.4,-1.0034083127975464,1.5196752268151617
TOKYOTECH_s01,141,43,142.43333333333334,-0.886733889579773,1.4031998238860073
TOKYOTECH_s01,141,44,142.46666666666667,-0.9129590392112732,1.1802389521485823
TOKYOTECH_s01,141,45,142.5,-1.0154577493667603,0.8893352364856628
TOKYOTECH_s01,141,46,142.53333333333333,-0.8777164816856384,0.5704035342729443
TOKYOTECH_s01,141,47,142.56666666666666,-0.10946869105100632,0.2573155688085519
TOKYOTECH_s01,141,48,142.6,1.1609950065612793,-0.028783984815036124
TOKYOTECH_s01,141,49,142.63333333333333,1.9604688882827759,-0.28268909388626856
TOKYOTECH_s01,141,50,142.66666666666666,1.715346336364746,-0.5127960671970946
TOKYOTECH_s01,141,51,142.7,1.3204724788665771,-0.7334164678215558
TOKYOTECH_s01,141,52,142.73333333333332,0.8672416806221008,-0.9543325156859954
TOKYOTECH_s01,141,53,142.76666666666668,0.5376550555229187,-1.1713901335209127
TOKYOTECH_s01,141,54,142.8,0.3441164791584015,-1.3615032101741307
TOKYOTECH_s01,141,55,142.83333333333334,0.159752756357193,-1.4842445849963
TOKYOTECH_s01,141,56,142.86666666666667,0.33931246399879456,-1.4909357847721891
TOKYOTECH_s01,141,57,142.9,0.2870590090751648,-1.3401502183203213
TOKYOTECH_s01,141,58,142.93333333333334,-0.02689485065639019,-1.0154192672808082
TOKYOTECH_s01,141,59,142.96666666666667,-0.16739244759082794,-0.5381449160213554
TOKYOTECH_s01,141,60,143.0,-0.43306994438171387,0.03136722833290584
TOKYOTECH_s01,141,61,143.03333333333333,-0.8364099264144897,0.6074892686123575
TOKYOTECH_s01,141,62,143.06666666666666,-0.9924221038818359,1.1026271805489376
TOKYOTECH_s01,141,63,143.1,-0.859878659248352,1.4501688042407819
TOKYOTECH_s01,141,64,143.13333333333333,-0.9471777677536011,1.6180496304529046
TOKYOTECH_s01,141,65,143.16666666666666,-1.1278793811798096,1.6098922056732394
TOKYOTECH_s01,141,66,143.2,-0.9898232221603394,1.4566129500534364
TOKYOTECH_s01,141,67,143.23333333333332,-0.9797820448875427,1.204011145053263
TOKYOTECH_s01,141,68,143.26666666666668,-0.9967535734176636,0.9006368180779889
TOKYOTECH_s01,141,69,143.3,-0.13183490931987762,0.5877412594504327
TOKYOTECH_s01,141,70,143.33333333333334,1.5290924310684204,0.2920517907973889
TOKYOTECH_s01,141,71,143.36666666666667,2.1216788291931152,0.022462049393145538
TOKYOTECH_s01,141,72,143.4,1.7916985750198364,-0.22804320056332333
TOKYOTECH_s01,141,73,143.43333333333334,1.4672703742980957,-0.47497829163011895
TOKYOTECH_s01,141,74,143.46666666666667,0.9889169931411743,-0.7315017966234458
TOKYOTECH_s01,141,75,143.5,0.6058956384658813,-0.9979770372039899
TOKYOTECH_s01,141,76,143.53333333333333,0.45098599791526794,-1.255689204387175
TOKYOTECH_s01,141,77,143.56666666666666,0.41003379225730896,-1.466932837916495
TOKYOTECH_s01,141,78,143.6,0.4035365581512451,-1.5819559592325747
TOKYOTECH_s01,141,79,143.63333333333333,0.4037334620952606,-1.5516851093456918
TOKYOTECH_s01,141,80,143.66666666666666,0.15325552225112915,-1.3435779810150232
TOKYOTECH_s01,141,81,143.7,-0.18310393393039703,-0.9562009498623262
TOKYOTECH_s01,141,82,143.73333333333332,-0.3287205696105957,-0.4268475052888141
TOKYOTECH_s01,141,83,143.76666666666668,-0.6097944974899292,0.17251097603658502
TOKYOTECH_s01,141,84,143.8,-0.8905928134918213,0.7514716883257647
TOKYOTECH_s01,141,85,143.83333333333334,-0.874487578868866,1.2244907233863345
TOKYOTECH_s01,141,86,143.86666666666667,-0.7667911052703857,1.5321396914677659
TOKYOTECH_s01,141,87,143.9,-0.8114448189735413,1.6521553158546272
TOKYOTECH_s01,141,88,143.93333333333334,-0.941271185874939,1.5979256297803925
TOKYOTECH_s01,141,89,143.96666666666667,-1.0095511674880981,1.4081326817785826
TOKYOTECH_s01,141,90,144.0,-0.8577523231506348,1.1332024220517167
TOKYOTECH_s01,141,91,144.03333333333333,0.07509192079305649,0.8226558595786023
TOKYOTECH_s01,141,92,144.06666666666666,1.5589402914047241,0.5153205532329366
TOKYOTECH_s01,141,93,144.1,2.0424914360046387,0.23318799812505628
TOKYOTECH_s01,141,94,144.13333333333333,1.59835684299469,-0.0204421739856548
TOKYOTECH_s01,141,95,144.16666666666666,1.3292535543441772,-0.2578216789145604
TOKYOTECH_s01,141,96,144.2,1.0576300621032715,-0.4985594350800074
TOKYOTECH_s01,141,97,144.23333333333332,0.6065256595611572,-0.7579318238215081
TOKYOTECH_s01,141,98,144.26666666666668,0.43873971700668335,-1.0352028273925402
TOKYOTECH_s01,141,99,144.3,0.43744027614593506,-1.306416947200534
TOKYOTECH_s01,141,100,144.33333333333334,0.2786716818809509,-1.5251591242015208
TOKYOTECH_s01,141,101,144.36666666666667,0.2916267514228821,-1.632323230700876
TOKYOTECH_s01,141,102,144.4,0.19302642345428467,-1.5730266339761683
TOKYOTECH_s01,141,103,144.43333333333334,-0.07788823544979095,-1.3161440991253655
TOKYOTECH_s01,141,104,144.46666666666667,-0.5411995649337769,-0.8700928399279493
TOKYOTECH_s01,141,105,144.5,-0.9416255950927734,-0.28821151155103003
TOKYOTECH_s01,141,106,144.53333333333333,-1.102717399597168,0.34070749881841456
TOKYOTECH_s01,141,107,144.56666666666666,-0.9305999875068665,0.9155079361029644
TOKYOTECH_s01,141,108,144.6,-0.7335962057113647,1.3507121124600172
TOKYOTECH_s01,141,109,144.63333333333333,-0.6706321835517883,1.5974944400045152
TOKYOTECH_s01,141,110,144.66666666666666,-0.9016578197479248,1.6500311398323817
TOKYOTECH_s01,141,111,144.7,-1.026207685470581,1.5378558894290157
TOKYOTECH_s01,141,112,144.73333333333332,-1.3222055435180664,1.3104506928444268
TOKYOTECH_s01,141,113,144.76666666666668,-1.1493005752563477,1.0211790375316778
TOKYOTECH_s01,141,114,144.8,0.05800224468111992,0.715134910568709
TOKYOTECH_s01,141,115,144.83333333333334,1.7356255054473877,0.42226137421656523
TOKYOTECH_s01,141,116,144.86666666666667,2.395664930343628,0.1553118569891103
TOKYOTECH_s01,141,117,144.9,1.8962448835372925,-0.0881890298924226
TOKYOTECH_s01,141,118,144.93333333333334,1.220218300819397,-0.32088537190028815
TOKYOTECH_s01,141,119,144.96666666666667,0.6203470230102539,-0.5583392608096257
TOKYOTECH_s01,141,120,145.0,0.3152924180030823,-0.8105372229107539
TOKYOTECH_s01,141,121,145.03333333333333,0.30158916115760803,-1.0736121054655046
TOKYOTECH_s01,141,122,145.06666666666666,0.4402754306793213,-1.3242525853545335
TOKYOTECH_s01,141,123,145.1,0.5267475843429565,-1.5198137823901021
TOKYOTECH_s01,141,124,145.13333333333333,0.38113096356391907,-1.6061605152189453
TOKYOTECH_s01,141,125,145.16666666666666,-0.061349838972091675,-1.532676823285975
TOKYOTECH_s01,141,126,145.2,-0.3464796543121338,-1.270527731720839
TOKYOTECH_s01,141,127,145.23333333333332,-0.5471848845481873,-0.8276542012924221
TOKYOTECH_s01,141,128,145.26666666666668,-0.7486382722854614,-0.2537198914428519
TOKYOTECH_s01,141,129,145.3,-0.8499556183815002,0.36865597662761357
TOKYOTECH_s01,141,130,145.33333333333334,-0.8605086803436279,0.9442529777803573
TOKYOTECH_s01,141,131,145.36666666666667,-0.8145162463188171,1.3896645437653656
TOKYOTECH_s01,141,132,145.4,-1.0330592393875122,1.6524908482157818
TOKYOTECH_s01,141,133,145.43333333333334,-1.1131917238235474,1.7190115895186369
TOKYOTECH_s01,141,134,145.46666666666667,-1.191158413887024,1.6100630431307617
TOKYOTECH_s01,141,135,145.5,-1.0863364934921265,1.3696997734964853
TOKYOTECH_s01,141,136,145.53333333333333,-0.8891358971595764,1.051928946126701
TOKYOTECH_s01,141,137,145.56666666666666,0.005945676937699318,0.7087936676562638
TOKYOTECH_s01,141,138,145.6,1.577526330947876,0.38122759652235644
TOKYOTECH_s01,141,139,145.63333333333333,2.090177297592163,0.0933032182497027
TOKYOTECH_s01,141,140,145.66666666666666,1.7316877841949463,-0.1496745102752822
TOKYOTECH_s01,141,141,145.7,1.1086628437042236,-0.3588073556595423
TOKYOTECH_s01,141,142,145.73333333333332,0.8528689742088318,-0.5548990115198299
TOKYOTECH_s01,141,143,145.76666666666668,0.73233562707901,-0.7583448717982582
TOKYOTECH_s01,141,144,145.8,0.45220670104026794,-0.9780640396749509
TOKYOTECH_s01,141,145,145.83333333333334,0.4485839903354645,-1.2029968910998046
TOKYOTECH_s01,141,146,145.86666666666667,0.28410571813583374,-1.399504309863741
TOKYOTECH_s01,141,147,145.9,0.2040126472711563,-1.5166772797695272
TOKYOTECH_s01,141,148,145.93333333333334,-0.06402748078107834,-1.4995297514508243
TOKYOTECH_s01,141,149,145.96666666666667,-0.29320237040519714,-1.3073715486314699
TOKYOTECH_s01,141,150,146.0,-0.4921356439590454,-0.9317787392799205
TOKYOTECH_s01,141,151,146.03333333333333,-0.8716918230056763,-0.4069044074934503
TOKYOTECH_s01,141,152,146.06666666666666,-0.9654881358146667,0.1938933847467131
TOKYOTECH_s01,141,153,146.1,-0.8731094002723694,0.7759730453004721
TOKYOTECH_s01,141,154,146.13333333333333,-1.0571187734603882,1.2493251789561293
TOKYOTECH_s01,141,155,146.16666666666666,-1.1743444204330444,1.5515688549342155
TOKYOTECH_s01,141,156,146.2,-0.9762380719184875,1.6595592697889587
TOKYOTECH_s01,141,157,146.23333333333332,-1.01691472530365,1.5877723559111032
TOKYOTECH_s01,141,158,146.26666666666668,-1.2242746353149414,1.377384394122477
TOKYOTECH_s01,141,159,146.3,-1.1346522569656372,1.0820274120495046
TOKYOTECH_s01,141,160,146.33333333333334,-0.1180529072880745,0.7546918569563082
TOKYOTECH_s01,141,161,146.36666666666667,1.2686127424240112,0.43771648533033936
TOKYOTECH_s01,141,162,146.4,2.125183582305908,0.15659223174717823
TOKYOTECH_s01,141,163,146.43333333333334,2.0824592113494873,-0.08185886775845447
TOKYOTECH_s01,141,164,146.46666666666667,1.4598674774169922,-0.286747760163475
TOKYOTECH_s01,141,165,146.5,0.7984498143196106,-0.4764426662064246
TOKYOTECH_s01,141,166,146.53333333333333,0.3660101592540741,-0.6694228790794127
TOKYOTECH_s01,141,167,146.56666666666666,0.13120432198047638,-0.8748357423340666
TOKYOTECH_s01,141,168,146.6,0.06981538236141205,-1.085322738147922
TOKYOTECH_s01,141,169,146.63333333333333,0.26701605319976807,-1.274506734444437
TOKYOTECH_s01,141,170,146.66666666666666,0.2871377766132355,-1.4006371831906264
TOKYOTECH_s01,141,171,146.7,0.15782326459884644,-1.416424897323968
TOKYOTECH_s01,141,172,146.73333333333332,-0.16723494231700897,-1.283314691556947
TOKYOTECH_s01,141,173,146.76666666666668,-0.34691280126571655,-0.9865004791598775
TOKYOTECH_s01,141,174,146.8,-0.43649575114250183,-0.5454559926299529
TOKYOTECH_s01,141,175,146.83333333333334,-0.841804563999176,-0.014917691549020616
TOKYOTECH_s01,141,176,146.86666666666667,-0.9907288551330566,0.5259502273924558
TOKYOTECH_s01,141,177,146.9,-0.8517276048660278,0.99354155026131
TOKYOTECH_s01,141,178,146.93333333333334,-0.940050482749939,1.321458444563148
TOKYOTECH_s01,141,179,146.96666666666667,-1.0584181547164917,1.4753223547008703
TOKYOTECH_s01,141,180,147.0,-1.0963777303695679,1.4564452939910546
TOKYOTECH_s01,141,181,147.03333333333333,-1.1518994569778442,1.2957370661492291
TOKYOTECH_s01,141,182,147.06666666666666,-1.1974194049835205,1.0420568292714805
TOKYOTECH_s01,141,183,147.1,-1.141385793685913,0.7490629036319432
TOKYOTECH_s01,141,184,147.13333333333333,-0.3094257712364197,0.4634335238395425
TOKYOTECH_s01,141,185,147.16666666666666,1.3678431510925293,0.21633593832584758
TOKYOTECH_s01,141,186,147.2,2.3263611793518066,0.019437570430965452
TOKYOTECH_s01,141,187,147.23333333333332,1.904159665107727,-0.1338992993778683
TOKYOTECH_s01,141,188,147.26666666666668,1.442659616470337,-0.26275314169831737
TOKYOTECH_s01,141,189,147.3,0.9379630088806152,-0.38992726502224506
TOKYOTECH_s01,141,190,147.33333333333334,0.5161157846450806,-0.5329487213055587
TOKYOTECH_s01,141,191,147.36666666666667,0.26355087757110596,-0.6970936071538468
TOKYOTECH_s01,141,192,147.4,0.15168043971061707,-0.8717126098866116
TOKYOTECH_s01,141,193,147.43333333333334,0.1888524442911148,-1.030367857668519
TOKYOTECH_s01,141,194,147.46666666666667,0.09442608803510666,-1.1353196750101142
TOKYOTECH_s01,141,195,147.5,-0.05504949763417244,-1.1465788497197644
TOKYOTECH_s01,141,196,147.53333333333333,-0.1100199744105339,-1.034079904403352
TOKYOTECH_s01,141,197,147.56666666666666,-0.4983178675174713,-0.789468268842323
TOKYOTECH_s01,141,198,147.6,-0.8822054862976074,-0.4330941637452427
TOKYOTECH_s01,141,199,147.63333333333333,-0.8353073596954346,-0.012671593815057766
TOKYOTECH_s01,141,200,147.66666666666666,-0.9780494570732117,0.40740440952329604
TOKYOTECH_s01,141,201,147.7,-0.9270954132080078,0.763252015427105
TOKYOTECH_s01,141,202,147.73333333333332,-0.9737967252731323,1.0087042325687514
TOKYOTECH_s01,141,203,147.76666666666668,-1.1361092329025269,1.1254523987323737
TOKYOTECH_s01,141,204,147.8,-1.2365996837615967,1.1229050993824092
TOKYOTECH_s01,141,205,147.83333333333334,-1.1761164665222168,1.0297874818227182
TOKYOTECH_s01,141,206,147.86666666666667,-1.0780279636383057,0.8823887729460868
TOKYOTECH_s01,141,207,147.9,-1.1242567300796509,0.7140493402040056
TOKYOTECH_s01,141,208,147.93333333333334,-0.8301489353179932,0.5483206447563176
TOKYOTECH_s01,141,209,147.96666666666667,0.7597420811653137,0.39620886762206975
TOKYOTECH_s01,141,210,148.0,2.0801753997802734,0.25713742765827
TOKYOTECH_s01,141,211,148.03333333333333,1.884667992591858,0.1229546622804915
TOKYOTECH_s01,141,212,148.06666666666666,1.4226560592651367,-0.016472496439254684
TOKYOTECH_s01,141,213,148.1,1.2208876609802246,-0.1681387078623197
TOKYOTECH_s01,141,214,148.13333333333333,0.7126864194869995,-0.3328223193600811
TOKYOTECH_s01,141,215,148.16666666666666,0.10501854121685028,-0.5043932584913411
TOKYOTECH_s01,141,216,148.2,0.15486998856067657,-0.6708251893551764
TOKYOTECH_s01,141,217,148.23333333333332,0.39731496572494507,-0.8159897726081018
TOKYOTECH_s01,141,218,148.26666666666668,0.27178069949150085,-0.9218221947156706
TOKYOTECH_s01,141,219,148.3,0.12876294553279877,-0.9710297482506359
TOKYOTECH_s01,141,220,148.33333333333334,0.010710309259593487,-0.9505330540689901
TOKYOTECH_s01,141,221,148.36666666666667,-0.20247747004032135,-0.855350118337501
TOKYOTECH_s01,141,222,148.4,-0.4764241874217987,-0.6920121180343284
TOKYOTECH_s01,141,223,148.43333333333334,-0.8552321791648865,-0.47996221060174554
TOKYOTECH_s01,141,224,148.46666666666667,-1.0125044584274292,-0.24912034323797855
TOKYOTECH_s01,141,225,148.5,-1.0757046937942505,-0.0328922089777945
TOKYOTECH_s01,141,226,148.53333333333333,-1.1938360929489136,0.14150966620173397
TOKYOTECH_s01,141,227,148.56666666666666,-1.1018905639648438,0.2613745729111076
TOKYOTECH_s01,141,228,148.6,-1.0335317850112915,0.3315228813679391
TOKYOTECH_s01,141,229,148.63333333333333,-1.2022234201431274,0.3705642106087252
TOKYOTECH_s01,141,230,148.66666666666666,-1.181235432624817,0.40207898880266985
TOKYOTECH_s01,141,231,148.7,-1.2383716106414795,0.44453089959923253
TOKYOTECH_s01,141,232,148.73333333333332,-1.1141761541366577,0.5037582781520952
TOKYOTECH_s01,141,233,148.76666666666668,0.12825104594230652,0.5705610669718676
TOKYOTECH_s01,141,234,148.8,1.5629961490631104,0.624222732753868
TOKYOTECH_s01,141,235,148.83333333333334,2.1118741035461426,0.6407492707657029
TOKYOTECH_s01,141,236,148.86666666666667,1.898056149482727,0.6023900255357766
TOKYOTECH_s01,141,237,148.9,1.3285053968429565,0.5043250718723442
TOKYOTECH_s01,141,238,148.93333333333334,0.5356468558311462,0.3562788923318084
TOKYOTECH_s01,141,239,148.96666666666667,0.1284085512161255,0.1796155717863327
TOKYOTECH_s01,142,0,142.0,0.8232573866844177,0.08801788565729393
TOKYOTECH_s01,142,1,142.03333333333333,0.437755286693573,-0.07760456227308446
TOKYOTECH_s01,142,2,142.06666666666666,0.14860902726650238,-0.1880820166908139
TOKYOTECH_s01,142,3,142.1,0.04240889847278595,-0.198100818724653
TOKYOTECH_s01,142,4,142.13333333333333,0.12829041481018066,-0.08348370601951824
TOKYOTECH_s01,142,5,142.16666666666666,0.3688453137874603,0.15140835899450292
TOKYOTECH_s01,142,6,142.2,0.12002122402191162,0.4721495234162522
TOKYOTECH_s01,142,7,142.23333333333332,-0.3584502935409546,0.8209130369270612
TOKYOTECH_s01,142,8,142.26666666666668,-0.6382641792297363,1.1303931561870701
TOKYOTECH_s01,142,9,142.3,-0.7022913694381714,1.3405148848059818
TOKYOTECH_s01,142,10,142.33333333333334,-0.7886454463005066,1.4122468823362204
TOKYOTECH_s01,142,11,142.36666666666667,-0.9787188768386841,1.3344361983041066
TOKYOTECH_s01,142,12,142.4,-1.0034083127975464,1.1227848604044202
TOKYOTECH_s01,142,13,142.43333333333334,-0.886733889579773,0.8129442812602646
TOKYOTECH_s01,142,14,142.46666666666667,-0.9129590392112732,0.4508165444731131
TOKYOTECH_s01,142,15,142.5,-1.0154577493667603,0.08268039378360456
TOKYOTECH_s01,142,16,142.53333333333333,-0.8777164816856384,-0.253249023501517
TOKYOTECH_s01,142,17,142.56666666666666,-0.10946869105100632,-0.5327893444093469
TOKYOTECH_s01,142,18,142.6,1.1609950065612793,-0.748191388061913
TOKYOTECH_s01,142,19,142.63333333333333,1.9604688882827759,-0.9060942563780653
TOKYOTECH_s01,142,20,142.66666666666666,1.715346336364746,-1.0214067498338728
TOKYOTECH_s01,142,21,142.7,1.3204724788665771,-1.1091148426154378
TOKYOTECH_s01,142,22,142.73333333333332,0.8672416806221008,-1.1768514867452335
TOKYOTECH_s01,142,23,142.76666666666668,0.5376550555229187,-1.220522065324854
TOKYOTECH_s01,142,24,142.8,0.3441164791584015,-1.2237851670686486
TOKYOTECH_s01,142,25,142.83333333333334,0.159752756357193,-1.1612397120704532
TOKYOTECH_s01,142,26,142.86666666666667,0.33931246399879456,-1.005414005439778
TOKYOTECH_s01,142,27,142.9,0.2870590090751648,-0.7373737170569918
TOKYOTECH_s01,142,28,142.93333333333334,-0.02689485065639019,-0.3585695214264725
TOKYOTECH_s01,142,29,142.96666666666667,-0.16739244759082794,0.10107269326162092
TOKYOTECH_s01,142,30,143.0,-0.43306994438171387,0.58421116755747
TOKYOTECH_s01,142,31,143.03333333333333,-0.8364099264144897,1.0183893762126586
TOKYOTECH_s01,142,32,143.06666666666666,-0.9924221038818359,1.3357703133688539
TOKYOTECH_s01,142,33,143.1,-0.859878659248352,1.4920928219088752
TOKYOTECH_s01,142,34,143.13333333333333,-0.9471777677536011,1.4771418080758976
TOKYOTECH_s01,142,35,143.16666666666666,-1.1278793811798096,1.313644074266412
TOKYOTECH_s01,142,36,143.2,-0.9898232221603394,1.0469420666263263
TOKYOTECH_s01,142,37,143.23333333333332,-0.9797820448875427,0.7308110225438225
TOKYOTECH_s01,142,38,143.26666666666668,-0.9967535734176636,0.41417497546216564
TOKYOTECH_s01,142,39,143.3,-0.13183490931987762,0.13127658500579933
TOKYOTECH_s01,142,40,143.33333333333334,1.5290924310684204,-0.10346888752701723
TOKYOTECH_s01,142,41,143.36666666666667,2.1216788291931152,-0.2950913342129599
TOKYOTECH_s01,142,42,143.4,1.7916985750198364,-0.46195211597426705
TOKYOTECH_s01,142,43,143.43333333333334,1.4672703742980957,-0.6253156593657135
TOKYOTECH_s01,142,44,143.46666666666667,0.9889169931411743,-0.7981238604346457
TOKYOTECH_s01,142,45,143.5,0.6058956384658813,-0.9771452334911951
TOKYOTECH_s01,142,46,143.53333333333333,0.45098599791526794,-1.140833768227225
TOKYOTECH_s01,142,47,143.56666666666666,0.41003379225730896,-1.2527519317503517
TOKYOTECH_s01,142,48,143.6,0.4035365581512451,-1.2693893957132831
TOKYOTECH_s01,142,49,143.63333333333333,0.4037334620952606,-1.1513029161490769
TOKYOTECH_s01,142,50,143.66666666666666,0.15325552225112915,-0.87623296648912
TOKYOTECH_s01,142,51,143.7,-0.18310393393039703,-0.4513849632168171
TOKYOTECH_s01,142,52,143.73333333333332,-0.3287205696105957,0.07992470822851437
TOKYOTECH_s01,142,53,143.76666666666668,-0.6097944974899292,0.642195649816145
TOKYOTECH_s01,142,54,143.8,-0.8905928134918213,1.1437711040841774
TOKYOTECH_s01,142,55,143.83333333333334,-0.874487578868866,1.5007292145661202
TOKYOTECH_s01,142,56,143.86666666666667,-0.7667911052703857,1.6595966650496523
TOKYOTECH_s01,142,57,143.9,-0.8114448189735413,1.6097904582824738
TOKYOTECH_s01,142,58,143.93333333333334,-0.941271185874939,1.3821965267980896
TOKYOTECH_s01,142,59,143.96666666666667,-1.0095511674880981,1.0367596518316062
TOKYOTECH_s01,142,60,144.0,-0.8577523231506348,0.6447309073373035
TOKYOTECH_s01,142,61,144.03333333333333,0.07509192079305649,0.270825965901193
TOKYOTECH_s01,142,62,144.06666666666666,1.5589402914047241,-0.040555941105069784
TOKYOTECH_s01,142,63,144.1,2.0424914360046387,-0.27226712441668094
TOKYOTECH_s01,142,64,144.13333333333333,1.59835684299469,-0.4336384587895719
TOKYOTECH_s01,142,65,144.16666666666666,1.3292535543441772,-0.5529605930297957
TOKYOTECH_s01,142,66,144.2,1.0576300621032715,-0.6652846079149588
TOKYOTECH_s01,142,67,144.23333333333332,0.6065256595611572,-0.798376763562308
TOKYOTECH_s01,142,68,144.26666666666668,0.43873971700668335,-0.960466672825998
TOKYOTECH_s01,142,69,144.3,0.43744027614593506,-1.1336438908134079
TOKYOTECH_s01,142,70,144.33333333333334,0.2786716818809509,-1.275637550865466
TOKYOTECH_s01,142,71,144.36666666666667,0.2916267514228821,-1.3304032528464644
TOKYOTECH_s01,142,72,144.4,0.19302642345428467,-1.2451894362232665
TOKYOTECH_s01,142,73,144.43333333333334,-0.07788823544979095,-0.9894389273701159
TOKYOTECH_s01,142,74,144.46666666666667,-0.5411995649337769,-0.5696759462275038
TOKYOTECH_s01,142,75,144.5,-0.9416255950927734,-0.03462839988951692
TOKYOTECH_s01,142,76,144.53333333333333,-1.102717399597168,0.5333080963714109
TOKYOTECH_s01,142,77,144.56666666666666,-0.9305999875068665,1.0393946928410913
TOKYOTECH_s01,142,78,144.6,-0.7335962057113647,1.4031178474024784
TOKYOTECH_s01,142,79,144.63333333333333,-0.6706321835517883,1.5790345685535303
TOKYOTECH_s01,142,80,144.66666666666666,-0.9016578197479248,1.564358056084133
TOKYOTECH_s01,142,81,144.7,-1.026207685470581,1.3928005182061822
TOKYOTECH_s01,142,82,144.73333333333332,-1.3222055435180664,1.1195392872477183
TOKYOTECH_s01,142,83,144.76666666666668,-1.1493005752563477,0.8038382065835474
TOKYOTECH_s01,142,84,144.8,0.05800224468111992,0.4945842559262675
TOKYOTECH_s01,142,85,144.83333333333334,1.7356255054473877,0.221596452785909
TOKYOTECH_s01,142,86,144.86666666666667,2.395664930343628,-0.006485193087595109
TOKYOTECH_s01,142,87,144.9,1.8962448835372925,-0.1985256367202086
TOKYOTECH_s01,142,88,144.93333333333334,1.220218300819397,-0.373568720491123
TOKYOTECH_s01,142,89,144.96666666666667,0.6203470230102539,-0.5522994058512958
TOKYOTECH_s01,142,90,145.0,0.3152924180030823,-0.7487483775250541
TOKYOTECH_s01,142,91,145.03333333333333,0.30158916115760803,-0.9629542368824235
TOKYOTECH_s01,142,92,145.06666666666666,0.4402754306793213,-1.1760004923364085
TOKYOTECH_s01,142,93,145.1,0.5267475843429565,-1.3498491822423138
TOKYOTECH_s01,142,94,145.13333333333333,0.38113096356391907,-1.4339813142660303
TOKYOTECH_s01,142,95,145.16666666666666,-0.061349838972091675,-1.3787622893541382
TOKYOTECH_s01,142,96,145.2,-0.3464796543121338,-1.1525128888816698
TOKYOTECH_s01,142,97,145.23333333333332,-0.5471848845481873,-0.7566597135434515
TOKYOTECH_s01,142,98,145.26666666666668,-0.7486382722854614,-0.2324561497906892
TOKYOTECH_s01,142,99,145.3,-0.8499556183815002,0.3450750365739191
TOKYOTECH_s01,142,100,145.33333333333334,-0.8605086803436279,0.8852323587242977
TOKYOTECH_s01,142,101,145.36666666666667,-0.8145162463188171,1.3054647917562092
TOKYOTECH_s01,142,102,145.4,-1.0330592393875122,1.5518313639606103
TOKYOTECH_s01,142,103,145.43333333333334,-1.1131917238235474,1.6088185781726607
TOKYOTECH_s01,142,104,145.46666666666667,-1.191158413887024,1.4968794658041493
TOKYOTECH_s01,142,105,145.5,-1.0863364934921265,1.26134432112401
TOKYOTECH_s01,142,106,145.53333333333333,-0.8891358971595764,0.9579076709672256
TOKYOTECH_s01,142,107,145.56666666666666,0.005945676937699318,0.6387972425287002
TOKYOTECH_s01,142,108,145.6,1.577526330947876,0.34243002378593623
TOKYOTECH_s01,142,109,145.63333333333333,2.090177297592163,0.08816559561331323
TOKYOTECH_s01,142,110,145.66666666666666,1.7316877841949463,-0.12372038038288082
TOKYOTECH_s01,142,111,145.7,1.1086628437042236,-0.3077861813451693
TOKYOTECH_s01,142,112,145.73333333333332,0.8528689742088318,-0.4859532812589268
TOKYOTECH_s01,142,113,145.76666666666668,0.73233562707901,-0.6779104099392038
TOKYOTECH_s01,142,114,145.8,0.45220670104026794,-0.8912878833239806
TOKYOTECH_s01,142,115,145.83333333333334,0.4485839903354645,-1.114413566995521
TOKYOTECH_s01,142,116,145.86666666666667,0.28410571813583374,-1.314456492215849
TOKYOTECH_s01,142,117,145.9,0.2040126472711563,-1.4426977229925169
TOKYOTECH_s01,142,118,145.93333333333334,-0.06402748078107834,-1.446824417732003
TOKYOTECH_s01,142,119,145.96666666666667,-0.29320237040519714,-1.287654304229339
TOKYOTECH_s01,142,120,146.0,-0.4921356439590454,-0.9551509839060621
TOKYOTECH_s01,142,121,146.03333333333333,-0.8716918230056763,-0.4774571519292318
TOKYOTECH_s01,142,122,146.06666666666666,-0.9654881358146667,0.08174225238631994
TOKYOTECH_s01,142,123,146.1,-0.8731094002723694,0.6379084941803302
TOKYOTECH_s01,142,124,146.13333333333333,-1.0571187734603882,1.1074215409187531
TOKYOTECH_s01,142,125,146.16666666666666,-1.1743444204330444,1.4282297658939684
TOKYOTECH_s01,142,126,146.2,-0.9762380719184875,1.572201545649128
TOKYOTECH_s01,142,127,146.23333333333332,-1.01691472530365,1.546293725328877
TOKYOTECH_s01,142,128,146.26666666666668,-1.2242746353149414,1.3844292390374582
TOKYOTECH_s01,142,129,146.3,-1.1346522569656372,1.1346836808404843
TOKYOTECH_s01,142,130,146.33333333333334,-0.1180529072880745,0.8461441602081928
TOKYOTECH_s01,142,131,146.36666666666667,1.2686127424240112,0.5582281897794483
TOKYOTECH_s01,142,132,146.4,2.125183582305908,0.2941605827210555
TOKYOTECH_s01,142,133,146.43333333333334,2.0824592113494873,0.059531509919508
TOKYOTECH_s01,142,134,146.46666666666667,1.4598674774169922,-0.15431988122459944
TOKYOTECH_s01,142,135,146.5,0.7984498143196106,-0.36348522370869596
TOKYOTECH_s01,142,136,146.53333333333333,0.3660101592540741,-0.5830667768798925
TOKYOTECH_s01,142,137,146.56666666666666,0.13120432198047638,-0.8190088433543337
TOKYOTECH_s01,142,138,146.6,0.06981538236141205,-1.062054481917745
TOKYOTECH_s01,142,139,146.63333333333333,0.26701605319976807,-1.285609186729381
TOKYOTECH_s01,142,140,146.66666666666666,0.2871377766132355,-1.4487721131603821
TOKYOTECH_s01,142,141,146.7,0.15782326459884644,-1.5048311622536406
TOKYOTECH_s01,142,142,146.73333333333332,-0.16723494231700897,-1.4141429624448025
TOKYOTECH_s01,142,143,146.76666666666668,-0.34691280126571655,-1.158383478098703
TOKYOTECH_s01,142,144,146.8,-0.43649575114250183,-0.7511954337600315
TOKYOTECH_s01,142,145,146.83333333333334,-0.841804563999176,-0.24004929082560353
TOKYOTECH_s01,142,146,146.86666666666667,-0.9907288551330566,0.30305939495253736
TOKYOTECH_s01,142,147,146.9,-0.8517276048660278,0.7995579128355653
TOKYOTECH_s01,142,148,146.93333333333334,-0.940050482749939,1.183997547242697
TOKYOTECH_s01,142,149,146.96666666666667,-1.0584181547164917,1.4178857039663038
TOKYOTECH_s01,142,150,147.0,-1.0963777303695679,1.4938166887307847
TOKYOTECH_s01,142,151,147.03333333333333,-1.1518994569778442,1.431034480917822
TOKYOTECH_s01,142,152,147.06666666666666,-1.1974194049835205,1.2660250347715611
TOKYOTECH_s01,142,153,147.1,-1.141385793685913,1.0416112164666298
TOKYOTECH_s01,142,154,147.13333333333333,-0.3094257712364197,0.7970062946670405
TOKYOTECH_s01,142,155,147.16666666666666,1.3678431510925293,0.560381286471767
TOKYOTECH_s01,142,156,147.2,2.3263611793518066,0.34494116361965815
TOKYOTECH_s01,142,157,147.23333333333332,1.904159665107727,0.14904179693421374
TOKYOTECH_s01,142,158,147.26666666666668,1.442659616470337,-0.039820857008397804
TOKYOTECH_s01,142,159,147.3,0.9379630088806152,-0.2382605092428301
TOKYOTECH_s01,142,160,147.33333333333334,0.5161157846450806,-0.4593998640416127
TOKYOTECH_s01,142,161,147.36666666666667,0.26355087757110596,-0.7063315497423065
TOKYOTECH_s01,142,162,147.4,0.15168043971061707,-0.9677221993731476
TOKYOTECH_s01,142,163,147.43333333333334,0.1888524442911148,-1.216219377496294
TOKYOTECH_s01,142,164,147.46666666666667,0.09442608803510666,-1.41091196019316
TOKYOTECH_s01,142,165,147.5,-0.05504949763417244,-1.5050569691570383
TOKYOTECH_s01,142,166,147.53333333333333,-0.1100199744105339,-1.4582728965519314
TOKYOTECH_s01,142,167,147.56666666666666,-0.4983178675174713,-1.2498127409937534
TOKYOTECH_s01,142,168,147.6,-0.8822054862976074,-0.8883962580907385
TOKYOTECH_s01,142,169,147.63333333333333,-0.8353073596954346,-0.41465159899117854
TOKYOTECH_s01,142,170,147.66666666666666,-0.9780494570732117,0.10593929969633535
TOKYOTECH_s01,142,171,147.7,-0.9270954132080078,0.5984356554225961
TOKYOTECH_s01,142,172,147.73333333333332,-0.9737967252731323,0.9970606083812933
TOKYOTECH_s01,142,173,147.76666666666668,-1.1361092329025269,1.260013401168658
TOKYOTECH_s01,142,174,147.8,-1.2365996837615967,1.3754486832340533
TOKYOTECH_s01,142,175,147.83333333333334,-1.1761164665222168,1.3580348142117407
TOKYOTECH_s01,142,176,147.86666666666667,-1.0780279636383057,1.2393775693325195
TOKYOTECH_s01,142,177,147.9,-1.1242567300796509,1.0569571005741503
TOKYOTECH_s01,142,178,147.93333333333334,-0.8301489353179932,0.8449513261699246
TOKYOTECH_s01,142,179,147.96666666666667,0.7597420811653137,0.6282246880923539
TOKYOTECH_s01,142,180,148.0,2.0801753997802734,0.4196208505668116
TOKYOTECH_s01,142,181,148.03333333333333,1.884667992591858,0.22038341684122267
TOKYOTECH_s01,142,182,148.06666666666666,1.4226560592651367,0.023213596436456933
TOKYOTECH_s01,142,183,148.1,1.2208876609802246,-0.18287640297389035
TOKYOTECH_s01,142,184,148.13333333333333,0.7126864194869995,-0.4068789944210722
TOKYOTECH_s01,142,185,148.16666666666666,0.10501854121685028,-0.6502311112180893
TOKYOTECH_s01,142,186,148.2,0.15486998856067657,-0.9024211328113255
TOKYOTECH_s01,142,187,148.23333333333332,0.39731496572494507,-1.1390840693678392
TOKYOTECH_s01,142,188,148.26666666666668,0.27178069949150085,-1.3240715890105947
TOKYOTECH_s01,142,189,148.3,0.12876294553279877,-1.41626849038261
TOKYOTECH_s01,142,190,148.33333333333334,0.010710309259593487,-1.3801022925039665
TOKYOTECH_s01,142,191,148.36666666666667,-0.20247747004032135,-1.196878558940861
TOKYOTECH_s01,142,192,148.4,-0.4764241874217987,-0.8734094771020268
TOKYOTECH_s01,142,193,148.43333333333334,-0.8552321791648865,-0.44469241504378365
TOKYOTECH_s01,142,194,148.46666666666667,-1.0125044584274292,0.03163176483953761
TOKYOTECH_s01,142,195,148.5,-1.0757046937942505,0.48881924344996847
TOKYOTECH_s01,142,196,148.53333333333333,-1.1938360929489136,0.8684119415408312
TOKYOTECH_s01,142,197,148.56666666666666,-1.1018905639648438,1.1346550641332716
TOKYOTECH_s01,142,198,148.6,-1.0335317850112915,1.2801965329743605
TOKYOTECH_s01,142,199,148.63333333333333,-1.2022234201431274,1.321525812598812
TOKYOTECH_s01,142,200,148.66666666666666,-1.181235432624817,1.2873648858140507
TOKYOTECH_s01,142,201,148.7,-1.2383716106414795,1.2057878393537136
TOKYOTECH_s01,142,202,148.73333333333332,-1.1141761541366577,1.0950270360311098
TOKYOTECH_s01,142,203,148.76666666666668,0.12825104594230652,0.9602145760886494
TOKYOTECH_s01,142,204,148.8,1.5629961490631104,0.795829599332062
TOKYOTECH_s01,142,205,148.83333333333334,2.1118741035461426,0.591960573566552
TOKYOTECH_s01,142,206,148.86666666666667,1.898056149482727,0.34154457894782225
TOKYOTECH_s01,142,207,148.9,1.3285053968429565,0.04585107071919853
TOKYOTECH_s01,142,208,148.93333333333334,0.5356468558311462,-0.2832614511291116
TOKYOTECH_s01,142,209,148.96666666666667,0.1284085512161255,-0.6241768425736758
TOKYOTECH_s01,142,210,149.0,-0.14542001485824585,-0.9483199887384867
TOKYOTECH_s01,142,211,149.03333333333333,-0.17341715097427368,-1.223816217605342
TOKYOTECH_s01,142,212,149.06666666666666,0.06485386192798615,-1.4195903593022086
TOKYOTECH_s01,142,213,149.1,-0.04926105961203575,-1.5100026445314614
TOKYOTECH_s01,142,214,149.13333333333333,-0.06091669201850891,-1.4798705012677438
TOKYOTECH_s01,142,215,149.16666666666666,-0.10368025302886963,-1.3289905674305202
TOKYOTECH_s01,142,216,149.2,-0.3819190561771393,-1.0746604431052418
TOKYOTECH_s01,142,217,149.23333333333332,-0.7502921223640442,-0.7504606296521609
TOKYOTECH_s01,142,218,149.26666666666668,-0.949855387210846,-0.400037845734771
TOKYOTECH_s01,142,219,149.3,-1.1606411933898926,-0.06660993669225304
TOKYOTECH_s01,142,220,149.33333333333334,-1.0648759603500366,0.2180221674754509
TOKYOTECH_s01,142,221,149.36666666666667,-1.128233790397644,0.4397741507720685
TOKYOTECH_s01,142,222,149.4,-1.1458747386932373,0.6009743236230164
TOKYOTECH_s01,142,223,149.43333333333334,-1.1190983057022095,0.7128044956138397
TOKYOTECH_s01,142,224,149.46666666666667,-1.123547911643982,0.7859892886533658
TOKYOTECH_s01,142,225,149.5,-1.0703887939453125,0.824492199512132
TOKYOTECH_s01,142,226,149.53333333333333,-0.753166675567627,0.8245272482087145
TOKYOTECH_s01,142,227,149.56666666666666,0.5337173342704773,0.778163099166224
TOKYOTECH_s01,142,228,149.6,1.8204045295715332,0.6791790305701484
TOKYOTECH_s01,142,229,149.63333333333333,1.987284779548645,0.5285881849006504
TOKYOTECH_s01,142,230,149.66666666666666,1.7204653024673462,0.33760078874138416
TOKYOTECH_s01,142,231,149.7,1.1893465518951416,0.1267965307126852
TOKYOTECH_s01,142,232,149.73333333333332,0.6602754592895508,-0.07805793745971892
TOKYOTECH_s01,142,233,149.76666666666668,0.387155681848526,-0.251639472416806
TOKYOTECH_s01,142,234,149.8,0.05032370239496231,-0.3739011663735185
TOKYOTECH_s01,142,235,149.83333333333334,0.11781610548496246,-0.43277491140636337
TOKYOTECH_s01,142,236,149.86666666666667,0.29217803478240967,-0.4248839961613262
TOKYOTECH_s01,142,237,149.9,0.27300137281417847,-0.3552267462514059
TOKYOTECH_s01,142,238,149.93333333333334,0.030517006292939186,-0.2363693938353955
TOKYOTECH_s01,142,239,149.96666666666667,-0.5047363042831421,-0.08692348813688759
TOKYOTECH_s01,143,0,143.0,-0.43306994438171387,0.01995095531807776
TOKYOTECH_s01,143,1,143.03333333333333,-0.8364099264144897,0.06813570398690422
TOKYOTECH_s01,143,2,143.06666666666666,-0.9924221038818359,0.10082064044776817
TOKYOTECH_s01,143,3,143.1,-0.859878659248352,0.11017181417775429
TOKYOTECH_s01,143,4,143.13333333333333,-0.9471777677536011,0.09411129171211349
TOKYOTECH_s01,143,5,143.16666666666666,-1.1278793811798096,0.05557086122704039
TOKYOTECH_s01,143,6,143.2,-0.9898232221603394,-0.0002905693991728589
TOKYOTECH_s01,143,7,143.23333333333332,-0.9797820448875427,-0.06937407486218666
TOKYOTECH_s01,143,8,143.26666666666668,-0.9967535734176636,-0.15086414928769276
TOKYOTECH_s01,143,9,143.3,-0.13183490931987762,-0.24752506306690386
TOKYOTECH_s01,143,10,143.33333333333334,1.5290924310684204,-0.3640549673012873
TOKYOTECH_s01,143,11,143.36666666666667,2.1216788291931152,-0.5039155723204861
TOKYOTECH_s01,143,12,143.4,1.7916985750198364,-0.6650783396065351
TOKYOTECH_s01,143,13,143.43333333333334,1.4672703742980957,-0.8355799411887237
TOKYOTECH_s01,143,14,143.46666666666667,0.9889169931411743,-0.9909291149448903
TOKYOTECH_s01,143,15,143.5,0.6058956384658813,-1.0958107126515821
TOKYOTECH_s01,143,16,143.53333333333333,0.45098599791526794,-1.1110123427678857
TOKYOTECH_s01,143,17,143.56666666666666,0.41003379225730896,-1.0040638888738809
TOKYOTECH_s01,143,18,143.6,0.4035365581512451,-0.7603986054049746
TOKYOTECH_s01,143,19,143.63333333333333,0.4037334620952606,-0.3914626663670267
TOKYOTECH_s01,143,20,143.66666666666666,0.15325552225112915,0.06315205714617474
TOKYOTECH_s01,143,21,143.7,-0.18310393393039703,0.5412976251343584
TOKYOTECH_s01,143,22,143.73333333333332,-0.3287205696105957,0.9716530639169997
TOKYOTECH_s01,143,23,143.76666666666668,-0.6097944974899292,1.2920015760140116
TOKYOTECH_s01,143,24,143.8,-0.8905928134918213,1.4658293027563907
TOKYOTECH_s01,143,25,143.83333333333334,-0.874487578868866,1.4899056636444157
TOKYOTECH_s01,143,26,143.86666666666667,-0.7667911052703857,1.3898548588351214
TOKYOTECH_s01,143,27,143.9,-0.8114448189735413,1.2070012371616063
TOKYOTECH_s01,143,28,143.93333333333334,-0.941271185874939,0.9833364940431115
TOKYOTECH_s01,143,29,143.96666666666667,-1.0095511674880981,0.7507601070766634
TOKYOTECH_s01,143,30,144.0,-0.8577523231506348,0.5270683253939877
TOKYOTECH_s01,143,31,144.03333333333333,0.07509192079305649,0.3173565024558663
TOKYOTECH_s01,143,32,144.06666666666666,1.5589402914047241,0.1178890506346188
TOKYOTECH_s01,143,33,144.1,2.0424914360046387,-0.07987071825625094
TOKYOTECH_s01,143,34,144.13333333333333,1.59835684299469,-0.2857918511534436
TOKYOTECH_s01,143,35,144.16666666666666,1.3292535543441772,-0.5075931612732957
TOKYOTECH_s01,143,36,144.2,1.0576300621032715,-0.7465494885557528
TOKYOTECH_s01,143,37,144.23333333333332,0.6065256595611572,-0.992586420662312
TOKYOTECH_s01,143,38,144.26666666666668,0.43873971700668335,-1.220573651202046
TOKYOTECH_s01,143,39,144.3,0.43744027614593506,-1.3906510238659213
TOKYOTECH_s01,143,40,144.33333333333334,0.2786716818809509,-1.4548464055183847
TOKYOTECH_s01,143,41,144.36666666666667,0.2916267514228821,-1.3699995551799127
TOKYOTECH_s01,143,42,144.4,0.19302642345428467,-1.1139114531862777
TOKYOTECH_s01,143,43,144.43333333333334,-0.07788823544979095,-0.699065048641229
TOKYOTECH_s01,143,44,144.46666666666667,-0.5411995649337769,-0.1775821056419466
TOKYOTECH_s01,143,45,144.5,-0.9416255950927734,0.36695785801870195
TOKYOTECH_s01,143,46,144.53333333333333,-1.102717399597168,0.8406645207503012
TOKYOTECH_s01,143,47,144.56666666666666,-0.9305999875068665,1.1670742496639306
TOKYOTECH_s01,143,48,144.6,-0.7335962057113647,1.3100089395383474
TOKYOTECH_s01,143,49,144.63333333333333,-0.6706321835517883,1.280871040633549
TOKYOTECH_s01,143,50,144.66666666666666,-0.9016578197479248,1.1278231243452452
TOKYOTECH_s01,143,51,144.7,-1.026207685470581,0.9137459914571021
TOKYOTECH_s01,143,52,144.73333333333332,-1.3222055435180664,0.6937635745377905
TOKYOTECH_s01,143,53,144.76666666666668,-1.1493005752563477,0.5007485993948032
TOKYOTECH_s01,143,54,144.8,0.05800224468111992,0.3417870274501791
TOKYOTECH_s01,143,55,144.83333333333334,1.7356255054473877,0.20360688394615548
TOKYOTECH_s01,143,56,144.86666666666667,2.395664930343628,0.06264716475253457
TOKYOTECH_s01,143,57,144.9,1.8962448835372925,-0.10439414683853751
TOKYOTECH_s01,143,58,144.93333333333334,1.220218300819397,-0.3122896377077602
TOKYOTECH_s01,143,59,144.96666666666667,0.6203470230102539,-0.5622226597896345
TOKYOTECH_s01,143,60,145.0,0.3152924180030823,-0.8393525810020664
TOKYOTECH_s01,143,61,145.03333333333333,0.30158916115760803,-1.1122754462505806
TOKYOTECH_s01,143,62,145.06666666666666,0.4402754306793213,-1.3350352612316716
TOKYOTECH_s01,143,63,145.1,0.5267475843429565,-1.453576235765266
TOKYOTECH_s01,143,64,145.13333333333333,0.38113096356391907,-1.4178196981943278
TOKYOTECH_s01,143,65,145.16666666666666,-0.061349838972091675,-1.1977934686711234
TOKYOTECH_s01,143,66,145.2,-0.3464796543121338,-0.7988036596952987
TOKYOTECH_s01,143,67,145.23333333333332,-0.5471848845481873,-0.2685839642534709
TOKYOTECH_s01,143,68,145.26666666666668,-0.7486382722854614,0.3094007796549102
TOKYOTECH_s01,143,69,145.3,-0.8499556183815002,0.8369552829849215
TOKYOTECH_s01,143,70,145.33333333333334,-0.8605086803436279,1.2293052010208567
TOKYOTECH_s01,143,71,145.36666666666667,-0.8145162463188171,1.43859655909074
TOKYOTECH_s01,143,72,145.4,-1.0330592393875122,1.463142509566438
TOKYOTECH_s01,143,73,145.43333333333334,-1.1131917238235474,1.3401381002888808
TOKYOTECH_s01,143,74,145.46666666666667,-1.191158413887024,1.1272139899967712
TOKYOTECH_s01,143,75,145.5,-1.0863364934921265,0.8819379497682168
TOKYOTECH_s01,143,76,145.53333333333333,-0.8891358971595764,0.6467566922135476
TOKYOTECH_s01,143,77,145.56666666666666,0.005945676937699318,0.442451046600941
TOKYOTECH_s01,143,78,145.6,1.577526330947876,0.2693917204060124
TOKYOTECH_s01,143,79,145.63333333333333,2.090177297592163,0.11380316981783042
TOKYOTECH_s01,143,80,145.66666666666666,1.7316877841949463,-0.04436069881308505
TOKYOTECH_s01,143,81,145.7,1.1086628437042236,-0.22440966521752193
TOKYOTECH_s01,143,82,145.73333333333332,0.8528689742088318,-0.4393160198998308
TOKYOTECH_s01,143,83,145.76666666666668,0.73233562707901,-0.6908067869547411
TOKYOTECH_s01,143,84,145.8,0.45220670104026794,-0.9650480560887733
TOKYOTECH_s01,143,85,145.83333333333334,0.4485839903354645,-1.230338647525675
TOKYOTECH_s01,143,86,145.86666666666667,0.28410571813583374,-1.4390352341822854
TOKYOTECH_s01,143,87,145.9,0.2040126472711563,-1.5354445182735343
TOKYOTECH_s01,143,88,145.93333333333334,-0.06402748078107834,-1.469727155343345
TOKYOTECH_s01,143,89,145.96666666666667,-0.29320237040519714,-1.215126404945404
TOKYOTECH_s01,143,90,146.0,-0.4921356439590454,-0.7828584434441203
TOKYOTECH_s01,143,91,146.03333333333333,-0.8716918230056763,-0.22753593762512234
TOKYOTECH_s01,143,92,146.06666666666666,-0.9654881358146667,0.36214159316169314
TOKYOTECH_s01,143,93,146.1,-0.8731094002723694,0.8867435604274501
TOKYOTECH_s01,143,94,146.13333333333333,-1.0571187734603882,1.264947293900096
TOKYOTECH_s01,143,95,146.16666666666666,-1.1743444204330444,1.455372993655283
TOKYOTECH_s01,143,96,146.2,-0.9762380719184875,1.462785726258781
TOKYOTECH_s01,143,97,146.23333333333332,-1.01691472530365,1.3283504198962073
TOKYOTECH_s01,143,98,146.26666666666668,-1.2242746353149414,1.1104709016101801
TOKYOTECH_s01,143,99,146.3,-1.1346522569656372,0.8650264422433741
TOKYOTECH_s01,143,100,146.33333333333334,-0.1180529072880745,0.6316259867483052
TOKYOTECH_s01,143,101,146.36666666666667,1.2686127424240112,0.4282586285573763
TOKYOTECH_s01,143,102,146.4,2.125183582305908,0.25318734254112624
TOKYOTECH_s01,143,103,146.43333333333334,2.0824592113494873,0.09126028143798881
TOKYOTECH_s01,143,104,146.46666666666667,1.4598674774169922,-0.07818051496960127
TOKYOTECH_s01,143,105,146.5,0.7984498143196106,-0.2736487594679394
TOKYOTECH_s01,143,106,146.53333333333333,0.3660101592540741,-0.5049350932281083
TOKYOTECH_s01,143,107,146.56666666666666,0.13120432198047638,-0.7679830290390578
TOKYOTECH_s01,143,108,146.6,0.06981538236141205,-1.0419109777454845
TOKYOTECH_s01,143,109,146.63333333333333,0.26701605319976807,-1.2893447333066592
TOKYOTECH_s01,143,110,146.66666666666666,0.2871377766132355,-1.4611863546010364
TOKYOTECH_s01,143,111,146.7,0.15782326459884644,-1.5062530665389209
TOKYOTECH_s01,143,112,146.73333333333332,-0.16723494231700897,-1.3849191513659667
TOKYOTECH_s01,143,113,146.76666666666668,-0.34691280126571655,-1.083844076780669
TOKYOTECH_s01,143,114,146.8,-0.43649575114250183,-0.6266199858090121
TOKYOTECH_s01,143,115,146.83333333333334,-0.841804563999176,-0.07453997680421479
TOKYOTECH_s01,143,116,146.86666666666667,-0.9907288551330566,0.4856989936187385
TOKYOTECH_s01,143,117,146.9,-0.8517276048660278,0.9648090567102251
TOKYOTECH_s01,143,118,146.93333333333334,-0.940050482749939,1.2954902450417634
TOKYOTECH_s01,143,119,146.96666666666667,-1.0584181547164917,1.4483372359465558
TOKYOTECH_s01,143,120,147.0,-1.0963777303695679,1.4337299389411273
TOKYOTECH_s01,143,121,147.03333333333333,-1.1518994569778442,1.2917015841281947
TOKYOTECH_s01,143,122,147.06666666666666,-1.1974194049835205,1.075780574022304
TOKYOTECH_s01,143,123,147.1,-1.141385793685913,0.8369095108715303
TOKYOTECH_s01,143,124,147.13333333333333,-0.3094257712364197,0.6117890504630745
TOKYOTECH_s01,143,125,147.16666666666666,1.3678431510925293,0.41762970356227835
TOKYOTECH_s01,143,126,147.2,2.3263611793518066,0.2530123969538688
TOKYOTECH_s01,143,127,147.23333333333332,1.904159665107727,0.10308559972763974
TOKYOTECH_s01,143,128,147.26666666666668,1.442659616470337,-0.05304000165298298
TOKYOTECH_s01,143,129,147.3,0.9379630088806152,-0.2345532189986378
TOKYOTECH_s01,143,130,147.33333333333334,0.5161157846450806,-0.45230628528817257
TOKYOTECH_s01,143,131,147.36666666666667,0.26355087757110596,-0.7041601913020964
TOKYOTECH_s01,143,132,147.4,0.15168043971061707,-0.9725168135543353
TOKYOTECH_s01,143,133,147.43333333333334,0.1888524442911148,-1.224230107978146
TOKYOTECH_s01,143,134,147.46666666666667,0.09442608803510666,-1.4139308256159175
TOKYOTECH_s01,143,135,147.5,-0.05504949763417244,-1.4920661211014787
TOKYOTECH_s01,143,136,147.53333333333333,-0.1100199744105339,-1.417411487661516
TOKYOTECH_s01,143,137,147.56666666666666,-0.4983178675174713,-1.17119703400927
TOKYOTECH_s01,143,138,147.6,-0.8822054862976074,-0.7679640698877784
TOKYOTECH_s01,143,139,147.63333333333333,-0.8353073596954346,-0.25797839089954855
TOKYOTECH_s01,143,140,147.66666666666666,-0.9780494570732117,0.2819209911392902
TOKYOTECH_s01,143,141,147.7,-0.9270954132080078,0.7676448729251842
TOKYOTECH_s01,143,142,147.73333333333332,-0.9737967252731323,1.1305616365210005
TOKYOTECH_s01,143,143,147.76666666666668,-1.1361092329025269,1.3343921597343156
TOKYOTECH_s01,143,144,147.8,-1.2365996837615967,1.380077391964185
TOKYOTECH_s01,143,145,147.83333333333334,-1.1761164665222168,1.2984310548238949
TOKYOTECH_s01,143,146,147.86666666666667,-1.0780279636383057,1.1353818427182831
TOKYOTECH_s01,143,147,147.9,-1.1242567300796509,0.9363621545618177
TOKYOTECH_s01,143,148,147.93333333333334,-0.8301489353179932,0.7349240703141968
TOKYOTECH_s01,143,149,147.96666666666667,0.7597420811653137,0.5477045088598779
TOKYOTECH_s01,143,150,148.0,2.0801753997802734,0.3753348525005041
TOKYOTECH_s01,143,151,148.03333333333333,1.884667992591858,0.20739955880062416
TOKYOTECH_s01,143,152,148.06666666666666,1.4226560592651367,0.028978219964518687
TOKYOTECH_s01,143,153,148.1,1.2208876609802246,-0.1733115661662544
TOKYOTECH_s01,143,154,148.13333333333333,0.7126864194869995,-0.4067050242410587
TOKYOTECH_s01,143,155,148.16666666666666,0.10501854121685028,-0.6689040469400166
TOKYOTECH_s01,143,156,148.2,0.15486998856067657,-0.9453791044863293
TOKYOTECH_s01,143,157,148.23333333333332,0.39731496572494507,-1.2076373797016529
TOKYOTECH_s01,143,158,148.26666666666668,0.27178069949150085,-1.4141269521742887
TOKYOTECH_s01,143,159,148.3,0.12876294553279877,-1.5159549988701906
TOKYOTECH_s01,143,160,148.33333333333334,0.010710309259593487,-1.4681778789771098
TOKYOTECH_s01,143,161,148.36666666666667,-0.20247747004032135,-1.2446426249438662
TOKYOTECH_s01,143,162,148.4,-0.4764241874217987,-0.851661733133523
TOKYOTECH_s01,143,163,148.43333333333334,-0.8552321791648865,-0.33442875682845574
TOKYOTECH_s01,143,164,148.46666666666667,-1.0125044584274292,0.22887005436449465
TOKYOTECH_s01,143,165,148.5,-1.0757046937942505,0.7458988758994685
TOKYOTECH_s01,143,166,148.53333333333333,-1.1938360929489136,1.1360162357440975
TOKYOTECH_s01,143,167,148.56666666666666,-1.1018905639648438,1.3527052517795999
TOKYOTECH_s01,143,168,148.6,-1.0335317850112915,1.3934610642034189
TOKYOTECH_s01,143,169,148.63333333333333,-1.2022234201431274,1.2940610874685565
TOKYOTECH_s01,143,170,148.66666666666666,-1.181235432624817,1.11119510436656
TOKYOTECH_s01,143,171,148.7,-1.2383716106414795,0.901639986317621
TOKYOTECH_s01,143,172,148.73333333333332,-1.1141761541366577,0.7057487506185703
TOKYOTECH_s01,143,173,148.76666666666668,0.12825104594230652,0.5396147711088801
TOKYOTECH_s01,143,174,148.8,1.5629961490631104,0.3965297072862104
TOKYOTECH_s01,143,175,148.83333333333334,2.1118741035461426,0.2553931268599185
TOKYOTECH_s01,143,176,148.86666666666667,1.898056149482727,0.09190456975535469
TOKYOTECH_s01,143,177,148.9,1.3285053968429565,-0.11162541377387526
TOKYOTECH_s01,143,178,148.93333333333334,0.5356468558311462,-0.36012335118626215
TOKYOTECH_s01,143,179,148.96666666666667,0.1284085512161255,-0.6432428299468991
TOKYOTECH_s01,143,180,149.0,-0.14542001485824585,-0.9353913734101962
TOKYOTECH_s01,143,181,149.03333333333333,-0.17341715097427368,-1.1976824141074414
TOKYOTECH_s01,143,182,149.06666666666666,0.06485386192798615,-1.382458360811946
TOKYOTECH_s01,143,183,149.1,-0.04926105961203575,-1.4415654596139882
TOKYOTECH_s01,143,184,149.13333333333333,-0.06091669201850891,-1.3383766331624236
TOKYOTECH_s01,143,185,149.16666666666666,-0.10368025302886963,-1.0611287289258995
TOKYOTECH_s01,143,186,149.2,-0.3819190561771393,-0.6328753696204927
TOKYOTECH_s01,143,187,149.23333333333332,-0.7502921223640442,-0.1126965722994803
TOKYOTECH_s01,143,188,149.26666666666668,-0.949855387210846,0.4151983945723697
TOKYOTECH_s01,143,189,149.3,-1.1606411933898926,0.8629314811452566
TOKYOTECH_s01,143,190,149.33333333333334,-1.0648759603500366,1.1634490925167067
TOKYOTECH_s01,143,191,149.36666666666667,-1.128233790397644,1.2878709092576743
TOKYOTECH_s01,143,192,149.4,-1.1458747386932373,1.2489600666840674
TOKYOTECH_s01,143,193,149.43333333333334,-1.1190983057022095,1.0908339418144906
TOKYOTECH_s01,143,194,149.46666666666667,-1.123547911643982,0.8706791462000648
TOKYOTECH_s01,143,195,149.5,-1.0703887939453125,0.6402410657772768
TOKYOTECH_s01,143,196,149.53333333333333,-0.753166675567627,0.433201454735201
TOKYOTECH_s01,143,197,149.56666666666666,0.5337173342704773,0.26095306778388416
TOKYOTECH_s01,143,198,149.6,1.8204045295715332,0.11583854220760235
TOKYOTECH_s01,143,199,149.63333333333333,1.987284779548645,-0.02117827925658895
TOKYOTECH_s01,143,200,149.66666666666666,1.7204653024673462,-0.1718824997706216
TOKYOTECH_s01,143,201,149.7,1.1893465518951416,-0.35364766894219324
TOKYOTECH_s01,143,202,149.73333333333332,0.6602754592895508,-0.5743731662372005
TOKYOTECH_s01,143,203,149.76666666666668,0.387155681848526,-0.8288491392651852
TOKYOTECH_s01,143,204,149.8,0.05032370239496231,-1.0960097880125599
TOKYOTECH_s01,143,205,149.83333333333334,0.11781610548496246,-1.337984241641828
TOKYOTECH_s01,143,206,149.86666666666667,0.29217803478240967,-1.5034112639843369
TOKYOTECH_s01,143,207,149.9,0.27300137281417847,-1.5372349145791433
TOKYOTECH_s01,143,208,149.93333333333334,0.030517006292939186,-1.396323790141603
TOKYOTECH_s01,143,209,149.96666666666667,-0.5047363042831421,-1.0664492975828375
TOKYOTECH_s01,143,210,150.0,-0.6988655924797058,-0.5738930316412435
TOKYOTECH_s01,143,211,150.03333333333333,-0.8778740167617798,0.014568474411315323
TOKYOTECH_s01,143,212,150.06666666666666,-0.8831111788749695,0.6061106402390953
TOKYOTECH_s01,143,213,150.1,-0.8870489001274109,1.1074046665082116
TOKYOTECH_s01,143,214,150.13333333333333,-1.0498733520507812,1.451405892682677
TOKYOTECH_s01,143,215,150.16666666666666,-1.10740327835083,1.6138079825828142
TOKYOTECH_s01,143,216,150.2,-1.1742262840270996,1.6132254320908732
TOKYOTECH_s01,143,217,150.23333333333332,-1.161507487297058,1.4975651561969856
TOKYOTECH_s01,143,218,150.26666666666668,-1.147922396659851,1.32412284229676
TOKYOTECH_s01,143,219,150.3,-0.9470596313476562,1.1413231748763666
TOKYOTECH_s01,143,220,150.33333333333334,0.2889097332954407,0.977392445893043
TOKYOTECH_s01,143,221,150.36666666666667,1.7532271146774292,0.8375680354883757
TOKYOTECH_s01,143,222,150.4,2.1557796001434326,0.7083467688948083
TOKYOTECH_s01,143,223,150.43333333333334,1.9377089738845825,0.5657623350777562
TOKYOTECH_s01,143,224,150.46666666666667,1.3348057270050049,0.3848248931469677
TOKYOTECH_s01,143,225,150.5,0.7210737466812134,0.14818558892711514
TOKYOTECH_s01,143,226,150.53333333333333,0.37353119254112244,-0.14715571861595758
TOKYOTECH_s01,143,227,150.56666666666666,-0.04811912402510643,-0.48595927307732295
TOKYOTECH_s01,143,228,150.6,-0.08162906020879745,-0.8344723007580546
TOKYOTECH_s01,143,229,150.63333333333333,0.06190057843923569,-1.1446436387027994
TOKYOTECH_s01,143,230,150.66666666666666,0.13573269546031952,-1.3634930806346173
TOKYOTECH_s01,143,231,150.7,0.11505970358848572,-1.4470082750676208
TOKYOTECH_s01,143,232,150.73333333333332,-0.2220872938632965,-1.3754072565433442
TOKYOTECH_s01,143,233,150.76666666666668,-0.5162344574928284,-1.1642039645485514
TOKYOTECH_s01,143,234,150.8,-0.8584610819816589,-0.8651330154462104
TOKYOTECH_s01,143,235,150.83333333333334,-0.9922252297401428,-0.5537106005912312
TOKYOTECH_s01,143,236,150.86666666666667,-1.0832651853561401,-0.3056046362597768
TOKYOTECH_s01,143,237,150.9,-1.2295117378234863,-0.1698728940643052
TOKYOTECH_s01,143,238,150.93333333333334,-1.3048796653747559,-0.15037640733896057
TOKYOTECH_s01,143,239,150.96666666666667,-1.2037591934204102,-0.2045012022697442
TOKYOTECH_s01,144,0,144.0,-0.8577523231506348,-0.09765379866209749
TOKYOTECH_s01,144,1,144.03333333333333,0.07509192079305649,-0.28877270691013385
TOKYOTECH_s01,144,2,144.06666666666666,1.5589402914047241,-0.4708426351708266
TOKYOTECH_s01,144,3,144.1,2.0424914360046387,-0.6416827706011443
TOKYOTECH_s01,144,4,144.13333333333333,1.59835684299469,-0.8051380955018171
TOKYOTECH_s01,144,5,144.16666666666666,1.3292535543441772,-0.968414481284575
TOKYOTECH_s01,144,6,144.2,1.0576300621032715,-1.135107420391403
TOKYOTECH_s01,144,7,144.23333333333332,0.6065256595611572,-1.296977299990235
TOKYOTECH_s01,144,8,144.26666666666668,0.43873971700668335,-1.428961311842825
TOKYOTECH_s01,144,9,144.3,0.43744027614593506,-1.4910897724426755
TOKYOTECH_s01,144,10,144.33333333333334,0.2786716818809509,-1.4383406094130644
TOKYOTECH_s01,144,11,144.36666666666667,0.2916267514228821,-1.2360232325044531
TOKYOTECH_s01,144,12,144.4,0.19302642345428467,-0.8753867748002336
TOKYOTECH_s01,144,13,144.43333333333334,-0.07788823544979095,-0.38320052872856325
TOKYOTECH_s01,144,14,144.46666666666667,-0.5411995649337769,0.1792699644904273
TOKYOTECH_s01,144,15,144.5,-0.9416255950927734,0.7288423360556378
TOKYOTECH_s01,144,16,144.53333333333333,-1.102717399597168,1.1812900176055983
TOKYOTECH_s01,144,17,144.56666666666666,-0.9305999875068665,1.4736935090164414
TOKYOTECH_s01,144,18,144.6,-0.7335962057113647,1.5800043219910025
TOKYOTECH_s01,144,19,144.63333333333333,-0.6706321835517883,1.513951413941017
TOKYOTECH_s01,144,20,144.66666666666666,-0.9016578197479248,1.319382883866138
TOKYOTECH_s01,144,21,144.7,-1.026207685470581,1.0536634540062138
TOKYOTECH_s01,144,22,144.73333333333332,-1.3222055435180664,0.7711423603224852
TOKYOTECH_s01,144,23,144.76666666666668,-1.1493005752563477,0.5114816688978258
TOKYOTECH_s01,144,24,144.8,0.05800224468111992,0.2943980407477586
TOKYOTECH_s01,144,25,144.83333333333334,1.7356255054473877,0.11999536459240005
TOKYOTECH_s01,144,26,144.86666666666667,2.395664930343628,-0.026978945013914374
TOKYOTECH_s01,144,27,144.9,1.8962448835372925,-0.1703814207884783
TOKYOTECH_s01,144,28,144.93333333333334,1.220218300819397,-0.3344230977617153
TOKYOTECH_s01,144,29,144.96666666666667,0.6203470230102539,-0.5348649773820334
TOKYOTECH_s01,144,30,145.0,0.3152924180030823,-0.7710404419424892
TOKYOTECH_s01,144,31,145.03333333333333,0.30158916115760803,-1.0208217375576185
TOKYOTECH_s01,144,32,145.06666666666666,0.4402754306793213,-1.241076565871923
TOKYOTECH_s01,144,33,145.1,0.5267475843429565,-1.3754053267986783
TOKYOTECH_s01,144,34,145.13333333333333,0.38113096356391907,-1.368676189304015
TOKYOTECH_s01,144,35,145.16666666666666,-0.061349838972091675,-1.1849623742797364
TOKYOTECH_s01,144,36,145.2,-0.3464796543121338,-0.8232586354436991
TOKYOTECH_s01,144,37,145.23333333333332,-0.5471848845481873,-0.3246423451991345
TOKYOTECH_s01,144,38,145.26666666666668,-0.7486382722854614,0.23389152411991582
TOKYOTECH_s01,144,39,145.3,-0.8499556183815002,0.7588876113988137
TOKYOTECH_s01,144,40,145.33333333333334,-0.8605086803436279,1.1663188897796752
TOKYOTECH_s01,144,41,145.36666666666667,-0.8145162463188171,1.4031872680449367
TOKYOTECH_s01,144,42,145.4,-1.0330592393875122,1.456845038057656
TOKYOTECH_s01,144,43,145.43333333333334,-1.1131917238235474,1.3508564508917948
TOKYOTECH_s01,144,44,145.46666666666667,-1.191158413887024,1.1320896920366026
TOKYOTECH_s01,144,45,145.5,-1.0863364934921265,0.855608425680863
TOKYOTECH_s01,144,46,145.53333333333333,-0.8891358971595764,0.5718541973884077
TOKYOTECH_s01,144,47,145.56666666666666,0.005945676937699318,0.3176142731147822
TOKYOTECH_s01,144,48,145.6,1.577526330947876,0.11106463227827025
TOKYOTECH_s01,144,49,145.63333333333333,2.090177297592163,-0.04889044287941989
TOKYOTECH_s01,144,50,145.66666666666666,1.7316877841949463,-0.1792544640950533
TOKYOTECH_s01,144,51,145.7,1.1086628437042236,-0.3063838967593384
TOKYOTECH_s01,144,52,145.73333333333332,0.8528689742088318,-0.4570583362424728
TOKYOTECH_s01,144,53,145.76666666666668,0.73233562707901,-0.6482405884084994
TOKYOTECH_s01,144,54,145.8,0.45220670104026794,-0.8777830378714531
TOKYOTECH_s01,144,55,145.83333333333334,0.4485839903354645,-1.1193863482217614
TOKYOTECH_s01,144,56,145.86666666666667,0.28410571813583374,-1.3246737900078966
TOKYOTECH_s01,144,57,145.9,0.2040126472711563,-1.4333552896506667
TOKYOTECH_s01,144,58,145.93333333333334,-0.06402748078107834,-1.3898859474558072
TOKYOTECH_s01,144,59,145.96666666666667,-0.29320237040519714,-1.1623649479571487
TOKYOTECH_s01,144,60,146.0,-0.4921356439590454,-0.757432941884138
TOKYOTECH_s01,144,61,146.03333333333333,-0.8716918230056763,-0.22479423199196127
TOKYOTECH_s01,144,62,146.06666666666666,-0.9654881358146667,0.35231928223609
TOKYOTECH_s01,144,63,146.1,-0.8731094002723694,0.8789151281203917
TOKYOTECH_s01,144,64,146.13333333333333,-1.0571187734603882,1.2741787509411775
TOKYOTECH_s01,144,65,146.16666666666666,-1.1743444204330444,1.4910852839452213
TOKYOTECH_s01,144,66,146.2,-0.9762380719184875,1.5230574794917777
TOKYOTECH_s01,144,67,146.23333333333332,-1.01691472530365,1.3979525910488653
TOKYOTECH_s01,144,68,146.26666666666668,-1.2242746353149414,1.1646111110017754
TOKYOTECH_s01,144,69,146.3,-1.1346522569656372,0.8780930082230154
TOKYOTECH_s01,144,70,146.33333333333334,-0.1180529072880745,0.5874455603963186
TOKYOTECH_s01,144,71,146.36666666666667,1.2686127424240112,0.32719565872492407
TOKYOTECH_s01,144,72,146.4,2.125183582305908,0.11286041097398425
TOKYOTECH_s01,144,73,146.43333333333334,2.0824592113494873,-0.059121999190219494
TOKYOTECH_s01,144,74,146.46666666666667,1.4598674774169922,-0.20705812474247778
TOKYOTECH_s01,144,75,146.5,0.7984498143196106,-0.3561517984869252
TOKYOTECH_s01,144,76,146.53333333333333,0.3660101592540741,-0.5287031656621528
TOKYOTECH_s01,144,77,146.56666666666666,0.13120432198047638,-0.7344227152480514
TOKYOTECH_s01,144,78,146.6,0.06981538236141205,-0.9633900260486502
TOKYOTECH_s01,144,79,146.63333333333333,0.26701605319976807,-1.1841436448272484
TOKYOTECH_s01,144,80,146.66666666666666,0.2871377766132355,-1.3484077890247388
TOKYOTECH_s01,144,81,146.7,0.15782326459884644,-1.4022816499977433
TOKYOTECH_s01,144,82,146.73333333333332,-0.16723494231700897,-1.3017959224320006
TOKYOTECH_s01,144,83,146.76666666666668,-0.34691280126571655,-1.0287671436433765
TOKYOTECH_s01,144,84,146.8,-0.43649575114250183,-0.6014216485874331
TOKYOTECH_s01,144,85,146.83333333333334,-0.841804563999176,-0.0747068602735956
TOKYOTECH_s01,144,86,146.86666666666667,-0.9907288551330566,0.4715357316120418
TOKYOTECH_s01,144,87,146.9,-0.8517276048660278,0.9531438338130827
TOKYOTECH_s01,144,88,146.93333333333334,-0.940050482749939,1.302971659883544
TOKYOTECH_s01,144,89,146.96666666666667,-1.0584181547164917,1.4846454500014246
TOKYOTECH_s01,144,90,147.0,-1.0963777303695679,1.4952737895697161
TOKYOTECH_s01,144,91,147.03333333333333,-1.1518994569778442,1.3595210441754253
TOKYOTECH_s01,144,92,147.06666666666666,-1.1974194049835205,1.1197342416019045
TOKYOTECH_s01,144,93,147.1,-1.141385793685913,0.8256090730695431
TOKYOTECH_s01,144,94,147.13333333333333,-0.3094257712364197,0.5247777781972552
TOKYOTECH_s01,144,95,147.16666666666666,1.3678431510925293,0.25464040851986525
TOKYOTECH_s01,144,96,147.2,2.3263611793518066,0.036182938861181756
TOKYOTECH_s01,144,97,147.23333333333332,1.904159665107727,-0.12877968073629595
TOKYOTECH_s01,144,98,147.26666666666668,1.442659616470337,-0.2558287389792842
TOKYOTECH_s01,144,99,147.3,0.9379630088806152,-0.3716835409092066
TOKYOTECH_s01,144,100,147.33333333333334,0.5161157846450806,-0.5046544717636132
TOKYOTECH_s01,144,101,147.36666666666667,0.26355087757110596,-0.6737911223211126
TOKYOTECH_s01,144,102,147.4,0.15168043971061707,-0.8792192651068567
TOKYOTECH_s01,144,103,147.43333333333334,0.1888524442911148,-1.096657686825599
TOKYOTECH_s01,144,104,147.46666666666667,0.09442608803510666,-1.279272672725957
TOKYOTECH_s01,144,105,147.5,-0.05504949763417244,-1.3685154729115392
TOKYOTECH_s01,144,106,147.53333333333333,-0.1100199744105339,-1.3119302956051777
TOKYOTECH_s01,144,107,147.56666666666666,-0.4983178675174713,-1.0821673731420947
TOKYOTECH_s01,144,108,147.6,-0.8822054862976074,-0.6900539568837171
TOKYOTECH_s01,144,109,147.63333333333333,-0.8353073596954346,-0.1861263765630611
TOKYOTECH_s01,144,110,147.66666666666666,-0.9780494570732117,0.3511209354674447
TOKYOTECH_s01,144,111,147.7,-0.9270954132080078,0.8366685776159736
TOKYOTECH_s01,144,112,147.73333333333332,-0.9737967252731323,1.2016361095234531
TOKYOTECH_s01,144,113,147.76666666666668,-1.1361092329025269,1.4080660230357762
TOKYOTECH_s01,144,114,147.8,-1.2365996837615967,1.4516806484484626
TOKYOTECH_s01,144,115,147.83333333333334,-1.1761164665222168,1.354971617262933
TOKYOTECH_s01,144,116,147.86666666666667,-1.0780279636383057,1.156165761226364
TOKYOTECH_s01,144,117,147.9,-1.1242567300796509,0.8987840112116843
TOKYOTECH_s01,144,118,147.93333333333334,-0.8301489353179932,0.6237579344029618
TOKYOTECH_s01,144,119,147.96666666666667,0.7597420811653137,0.3638211217388702
TOKYOTECH_s01,144,120,148.0,2.0801753997802734,0.13948516575943734
TOKYOTECH_s01,144,121,148.03333333333333,1.884667992591858,-0.043312476914908055
TOKYOTECH_s01,144,122,148.06666666666666,1.4226560592651367,-0.19315784238917688
TOKYOTECH_s01,144,123,148.1,1.2208876609802246,-0.32989403576235643
TOKYOTECH_s01,144,124,148.13333333333333,0.7126864194869995,-0.4777678277989388
TOKYOTECH_s01,144,125,148.16666666666666,0.10501854121685028,-0.6556921212401445
TOKYOTECH_s01,144,126,148.2,0.15486998856067657,-0.8669035693739731
TOKYOTECH_s01,144,127,148.23333333333332,0.39731496572494507,-1.0916821611602074
TOKYOTECH_s01,144,128,148.26666666666668,0.27178069949150085,-1.287021393485555
TOKYOTECH_s01,144,129,148.3,0.12876294553279877,-1.3953905754442064
TOKYOTECH_s01,144,130,148.33333333333334,0.010710309259593487,-1.36122514354516
TOKYOTECH_s01,144,131,148.36666666666667,-0.20247747004032135,-1.1502635746155168
TOKYOTECH_s01,144,132,148.4,-0.4764241874217987,-0.7651191741205866
TOKYOTECH_s01,144,133,148.43333333333334,-0.8552321791648865,-0.2508622790982063
TOKYOTECH_s01,144,134,148.46666666666667,-1.0125044584274292,0.3131786198667378
TOKYOTECH_s01,144,135,148.5,-1.0757046937942505,0.8341562278715089
TOKYOTECH_s01,144,136,148.53333333333333,-1.1938360929489136,1.2313619025888982
TOKYOTECH_s01,144,137,148.56666666666666,-1.1018905639648438,1.456257370460335
TOKYOTECH_s01,144,138,148.6,-1.0335317850112915,1.4999789830127623
TOKYOTECH_s01,144,139,148.63333333333333,-1.2022234201431274,1.388258643794935
TOKYOTECH_s01,144,140,148.66666666666666,-1.181235432624817,1.1685419049125436
TOKYOTECH_s01,144,141,148.7,-1.2383716106414795,0.8950717900747254
TOKYOTECH_s01,144,142,148.73333333333332,-1.1141761541366577,0.6159378750530374
TOKYOTECH_s01,144,143,148.76666666666668,0.12825104594230652,0.3640053339308248
TOKYOTECH_s01,144,144,148.8,1.5629961490631104,0.15279918625725603
TOKYOTECH_s01,144,145,148.83333333333334,2.1118741035461426,-0.022204341043018147
TOKYOTECH_s01,144,146,148.86666666666667,1.898056149482727,-0.17796432759420347
TOKYOTECH_s01,144,147,148.9,1.3285053968429565,-0.336177067188431
TOKYOTECH_s01,144,148,148.93333333333334,0.5356468558311462,-0.5152339534436038
TOKYOTECH_s01,144,149,148.96666666666667,0.1284085512161255,-0.7226846139449452
TOKYOTECH_s01,144,150,149.0,-0.14542001485824585,-0.9493022194685273
TOKYOTECH_s01,144,151,149.03333333333333,-0.17341715097427368,-1.1667070003009632
TOKYOTECH_s01,144,152,149.06666666666666,0.06485386192798615,-1.3305957147590697
TOKYOTECH_s01,144,153,149.1,-0.04926105961203575,-1.3903237431975524
TOKYOTECH_s01,144,154,149.13333333333333,-0.06091669201850891,-1.303214338936681
TOKYOTECH_s01,144,155,149.16666666666666,-0.10368025302886963,-1.0496391998361936
TOKYOTECH_s01,144,156,149.2,-0.3819190561771393,-0.6437804609355116
TOKYOTECH_s01,144,157,149.23333333333332,-0.7502921223640442,-0.13545711901325755
TOKYOTECH_s01,144,158,149.26666666666668,-0.949855387210846,0.39938290595511955
TOKYOTECH_s01,144,159,149.3,-1.1606411933898926,0.8776496814414751
TOKYOTECH_s01,144,160,149.33333333333334,-1.0648759603500366,1.2307141910667128
TOKYOTECH_s01,144,161,149.36666666666667,-1.128233790397644,1.4199711697689141
TOKYOTECH_s01,144,162,149.4,-1.1458747386932373,1.44139832774917
TOKYOTECH_s01,144,163,149.43333333333334,-1.1190983057022095,1.32005394667388
TOKYOTECH_s01,144,164,149.46666666666667,-1.123547911643982,1.0990269643118344
TOKYOTECH_s01,144,165,149.5,-1.0703887939453125,0.8274651402897634
TOKYOTECH_s01,144,166,149.53333333333333,-0.753166675567627,0.5503740072152279
TOKYOTECH_s01,144,167,149.56666666666666,0.5337173342704773,0.30101490035705325
TOKYOTECH_s01,144,168,149.6,1.8204045295715332,0.0962123091218532
TOKYOTECH_s01,144,169,149.63333333333333,1.987284779548645,-0.06492910504967142
TOKYOTECH_s01,144,170,149.66666666666666,1.7204653024673462,-0.19859391189499778
TOKYOTECH_s01,144,171,149.7,1.1893465518951416,-0.33030946541969725
TOKYOTECH_s01,144,172,149.73333333333332,0.6602754592895508,-0.48609244642493626
TOKYOTECH_s01,144,173,149.76666666666668,0.387155681848526,-0.6819027502788028
TOKYOTECH_s01,144,174,149.8,0.05032370239496231,-0.9137273576251959
TOKYOTECH_s01,144,175,149.83333333333334,0.11781610548496246,-1.1518745294372164
TOKYOTECH_s01,144,176,149.86666666666667,0.29217803478240967,-1.3434028377055531
TOKYOTECH_s01,144,177,149.9,0.27300137281417847,-1.4245932258963308
TOKYOTECH_s01,144,178,149.93333333333334,0.030517006292939186,-1.3409298931797844
TOKYOTECH_s01,144,179,149.96666666666667,-0.5047363042831421,-1.0677969012936452
TOKYOTECH_s01,144,180,150.0,-0.6988655924797058,-0.6238309875872612
TOKYOTECH_s01,144,181,150.03333333333333,-0.8778740167617798,-0.0709908127172437
TOKYOTECH_s01,144,182,150.06666666666666,-0.8831111788749695,0.5000865826242423
TOKYOTECH_s01,144,183,150.1,-0.8870489001274109,0.9949800697073541
TOKYOTECH_s01,144,184,150.13333333333333,-1.0498733520507812,1.3410219404456012
TOKYOTECH_s01,144,185,150.16666666666666,-1.10740327835083,1.5033722840331256
TOKYOTECH_s01,144,186,150.2,-1.1742262840270996,1.4871085855261879
TOKYOTECH_s01,144,187,150.23333333333332,-1.161507487297058,1.327991632492506
TOKYOTECH_s01,144,188,150.26666666666668,-1.147922396659851,1.0781019308840645
TOKYOTECH_s01,144,189,150.3,-0.9470596313476562,0.7917904428265093
TOKYOTECH_s01,144,190,150.33333333333334,0.2889097332954407,0.5146809971384355
TOKYOTECH_s01,144,191,150.36666666666667,1.7532271146774292,0.2763351707718361
TOKYOTECH_s01,144,192,150.4,2.1557796001434326,0.08679283425170006
TOKYOTECH_s01,144,193,150.43333333333334,1.9377089738845825,-0.0626094916280524
TOKYOTECH_s01,144,194,150.46666666666667,1.3348057270050049,-0.19432895553165785
TOKYOTECH_s01,144,195,150.5,0.7210737466812134,-0.336623785146423
TOKYOTECH_s01,144,196,150.53333333333333,0.37353119254112244,-0.5137068144398903
TOKYOTECH_s01,144,197,150.56666666666666,-0.04811912402510643,-0.735517390301744
TOKYOTECH_s01,144,198,150.6,-0.08162906020879745,-0.9895210132114605
TOKYOTECH_s01,144,199,150.63333333333333,0.06190057843923569,-1.237864685956067
TOKYOTECH_s01,144,200,150.66666666666666,0.13573269546031952,-1.4228453651653659
TOKYOTECH_s01,144,201,150.7,0.11505970358848572,-1.4812961148408703
TOKYOTECH_s01,144,202,150.73333333333332,-0.2220872938632965,-1.364650815857821
TOKYOTECH_s01,144,203,150.76666666666668,-0.5162344574928284,-1.0579848936462812
TOKYOTECH_s01,144,204,150.8,-0.8584610819816589,-0.5903294364417048
TOKYOTECH_s01,144,205,150.83333333333334,-0.9922252297401428,-0.030976400215342943
TOKYOTECH_s01,144,206,150.86666666666667,-1.0832651853561401,0.5282101131046547
TOKYOTECH_s01,144,207,150.9,-1.2295117378234863,0.9983004373118707
TOKYOTECH_s01,144,208,150.93333333333334,-1.3048796653747559,1.3164435314681997
TOKYOTECH_s01,144,209,150.96666666666667,-1.2037591934204102,1.4577409041516483
TOKYOTECH_s01,144,210,151.0,-1.1394957304000854,1.4335315838643736
TOKYOTECH_s01,144,211,151.03333333333333,-1.122327208518982,1.2804967546968526
TOKYOTECH_s01,144,212,151.06666666666666,-0.981081485748291,1.0469742500105934
TOKYOTECH_s01,144,213,151.1,-0.15132658183574677,0.7808498125800898
TOKYOTECH_s01,144,214,151.13333333333333,1.411709189414978,0.520678068101525
TOKYOTECH_s01,144,215,151.16666666666666,2.2055916786193848,0.2901955174603639
TOKYOTECH_s01,144,216,151.2,2.131326198577881,0.09629215355421943
TOKYOTECH_s01,144,217,151.23333333333332,1.540039300918579,-0.06929734397561406
TOKYOTECH_s01,144,218,151.26666666666668,0.8672022819519043,-0.22483027902796568
TOKYOTECH_s01,144,219,151.3,0.3918415606021881,-0.39095814697209486
TOKYOTECH_s01,144,220,151.33333333333334,0.09359917044639587,-0.5821123597618548
TOKYOTECH_s01,144,221,151.36666666666667,0.19298705458641052,-0.798557963862186
TOKYOTECH_s01,144,222,151.4,0.2120455801486969,-1.021310898056657
TOKYOTECH_s01,144,223,151.43333333333334,0.20724156498908997,-1.212352126190947
TOKYOTECH_s01,144,224,151.46666666666667,-0.01937381736934185,-1.32175657824231
TOKYOTECH_s01,144,225,151.5,-0.3208451271057129,-1.3012369392609051
TOKYOTECH_s01,144,226,151.53333333333333,-0.530882716178894,-1.12069515438988
TOKYOTECH_s01,144,227,151.56666666666666,-0.733163058757782,-0.7819221341257518
TOKYOTECH_s01,144,228,151.6,-0.8484199047088623,-0.32318565028876656
TOKYOTECH_s01,144,229,151.63333333333333,-1.05227530002594,0.18858197819629083
TOKYOTECH_s01,144,230,151.66666666666666,-1.1062220335006714,0.675568586320316
TOKYOTECH_s01,144,231,151.7,-1.1014573574066162,1.0695415046614931
TOKYOTECH_s01,144,232,151.73333333333332,-1.1850550174713135,1.3269998627980557
TOKYOTECH_s01,144,233,151.76666666666668,-1.0536929368972778,1.434447634307048
TOKYOTECH_s01,144,234,151.8,-1.125556230545044,1.4042146949929672
TOKYOTECH_s01,144,235,151.83333333333334,-1.3269307613372803,1.2647671560183678
TOKYOTECH_s01,144,236,151.86666666666667,-0.7514340281486511,1.0498734907150122
TOKYOTECH_s01,144,237,151.9,0.8601143956184387,0.7896156442713771
TOKYOTECH_s01,144,238,151.93333333333334,2.0686378479003906,0.5050219446167131
TOKYOTECH_s01,144,239,151.96666666666667,2.1138033866882324,0.20733713929125167
TOKYOTECH_s01,145,0,145.0,0.3152924180030823,0.047095032808513064
TOKYOTECH_s01,145,1,145.03333333333333,0.30158916115760803,-0.2971816976492674
TOKYOTECH_s01,145,2,145.06666666666666,0.4402754306793213,-0.5880362269446192
TOKYOTECH_s01,145,3,145.1,0.5267475843429565,-0.7732630846988647
TOKYOTECH_s01,145,4,145.13333333333333,0.38113096356391907,-0.8086831202452966
TOKYOTECH_s01,145,5,145.16666666666666,-0.061349838972091675,-0.6686328726430674
TOKYOTECH_s01,145,6,145.2,-0.3464796543121338,-0.35790806896146893
TOKYOTECH_s01,145,7,145.23333333333332,-0.5471848845481873,0.08094836791528107
TOKYOTECH_s01,145,8,145.26666666666668,-0.7486382722854614,0.5714455909969381
TOKYOTECH_s01,145,9,145.3,-0.8499556183815002,1.020340068641978
TOKYOTECH_s01,145,10,145.33333333333334,-0.8605086803436279,1.3430409337664513
TOKYOTECH_s01,145,11,145.36666666666667,-0.8145162463188171,1.486698009883019
TOKYOTECH_s01,145,12,145.4,-1.0330592393875122,1.4417412941418946
TOKYOTECH_s01,145,13,145.43333333333334,-1.1131917238235474,1.2388317127489041
TOKYOTECH_s01,145,14,145.46666666666667,-1.191158413887024,0.9346215308081594
TOKYOTECH_s01,145,15,145.5,-1.0863364934921265,0.593170683446382
TOKYOTECH_s01,145,16,145.53333333333333,-0.8891358971595764,0.2694804876195762
TOKYOTECH_s01,145,17,145.56666666666666,0.005945676937699318,-0.0010171423518185634
TOKYOTECH_s01,145,18,145.6,1.577526330947876,-0.2059115112540481
TOKYOTECH_s01,145,19,145.63333333333333,2.090177297592163,-0.353210959883347
TOKYOTECH_s01,145,20,145.66666666666666,1.7316877841949463,-0.4650242110774544
TOKYOTECH_s01,145,21,145.7,1.1086628437042236,-0.5698009107194953
TOKYOTECH_s01,145,22,145.73333333333332,0.8528689742088318,-0.6940660893979821
TOKYOTECH_s01,145,23,145.76666666666668,0.73233562707901,-0.8537800726878091
TOKYOTECH_s01,145,24,145.8,0.45220670104026794,-1.0464544827698643
TOKYOTECH_s01,145,25,145.83333333333334,0.4485839903354645,-1.2466586986960888
TOKYOTECH_s01,145,26,145.86666666666667,0.28410571813583374,-1.4077013890077144
TOKYOTECH_s01,145,27,145.9,0.2040126472711563,-1.4709044418295047
TOKYOTECH_s01,145,28,145.93333333333334,-0.06402748078107834,-1.3816614418276438
TOKYOTECH_s01,145,29,145.96666666666667,-0.29320237040519714,-1.1087349995637037
TOKYOTECH_s01,145,30,146.0,-0.4921356439590454,-0.6606152450124069
TOKYOTECH_s01,145,31,146.03333333333333,-0.8716918230056763,-0.09161682636749487
TOKYOTECH_s01,145,32,146.06666666666666,-0.9654881358146667,0.5076313805172354
TOKYOTECH_s01,145,33,146.1,-0.8731094002723694,1.0344903701440358
TOKYOTECH_s01,145,34,146.13333333333333,-1.0571187734603882,1.4042976454871998
TOKYOTECH_s01,145,35,146.16666666666666,-1.1743444204330444,1.572976458116069
TOKYOTECH_s01,145,36,146.2,-0.9762380719184875,1.5437484363664071
TOKYOTECH_s01,145,37,146.23333333333332,-1.01691472530365,1.3582135730659568
TOKYOTECH_s01,145,38,146.26666666666668,-1.2242746353149414,1.0783733664968318
TOKYOTECH_s01,145,39,146.3,-1.1346522569656372,0.7675814601952495
TOKYOTECH_s01,145,40,146.33333333333334,-0.1180529072880745,0.47605047403525286
TOKYOTECH_s01,145,41,146.36666666666667,1.2686127424240112,0.23306485339794084
TOKYOTECH_s01,145,42,146.4,2.125183582305908,0.04564189982630405
TOKYOTECH_s01,145,43,146.43333333333334,2.0824592113494873,-0.09777261927932138
TOKYOTECH_s01,145,44,146.46666666666667,1.4598674774169922,-0.2205159140293155
TOKYOTECH_s01,145,45,146.5,0.7984498143196106,-0.34958956024429627
TOKYOTECH_s01,145,46,146.53333333333333,0.3660101592540741,-0.5071639667892476
TOKYOTECH_s01,145,47,146.56666666666666,0.13120432198047638,-0.702306349188171
TOKYOTECH_s01,145,48,146.6,0.06981538236141205,-0.9243437505113464
TOKYOTECH_s01,145,49,146.63333333333333,0.26701605319976807,-1.1403410726923544
TOKYOTECH_s01,145,50,146.66666666666666,0.2871377766132355,-1.2991348809366396
TOKYOTECH_s01,145,51,146.7,0.15782326459884644,-1.342773436647208
TOKYOTECH_s01,145,52,146.73333333333332,-0.16723494231700897,-1.2235177794481489
TOKYOTECH_s01,145,53,146.76666666666668,-0.34691280126571655,-0.9217594915186104
TOKYOTECH_s01,145,54,146.8,-0.43649575114250183,-0.458527595398315
TOKYOTECH_s01,145,55,146.83333333333334,-0.841804563999176,0.1033270184321216
TOKYOTECH_s01,145,56,146.86666666666667,-0.9907288551330566,0.672089615909706
TOKYOTECH_s01,145,57,146.9,-0.8517276048660278,1.1513671534695504
TOKYOTECH_s01,145,58,146.93333333333334,-0.940050482749939,1.4663964862640897
TOKYOTECH_s01,145,59,146.96666666666667,-1.0584181547164917,1.5817581510194954
TOKYOTECH_s01,145,60,147.0,-1.0963777303695679,1.505089616811892
TOKYOTECH_s01,145,61,147.03333333333333,-1.1518994569778442,1.2786612334007421
TOKYOTECH_s01,145,62,147.06666666666666,-1.1974194049835205,0.9641580490261217
TOKYOTECH_s01,145,63,147.1,-1.141385793685913,0.6258837694117655
TOKYOTECH_s01,145,64,147.13333333333333,-0.3094257712364197,0.3164979640629927
TOKYOTECH_s01,145,65,147.16666666666666,1.3678431510925293,0.06800398928662216
TOKYOTECH_s01,145,66,147.2,2.3263611793518066,-0.11111571106275477
TOKYOTECH_s01,145,67,147.23333333333332,1.904159665107727,-0.23333416417194536
TOKYOTECH_s01,145,68,147.26666666666668,1.442659616470337,-0.3255714444891201
TOKYOTECH_s01,145,69,147.3,0.9379630088806152,-0.42030223059390415
TOKYOTECH_s01,145,70,147.33333333333334,0.5161157846450806,-0.5457131753111194
TOKYOTECH_s01,145,71,147.36666666666667,0.26355087757110596,-0.7163409806224466
TOKYOTECH_s01,145,72,147.4,0.15168043971061707,-0.9258492352482831
TOKYOTECH_s01,145,73,147.43333333333334,0.1888524442911148,-1.1440352056103735
TOKYOTECH_s01,145,74,147.46666666666667,0.09442608803510666,-1.320316160639016
TOKYOTECH_s01,145,75,147.5,-0.05504949763417244,-1.394797337056908
TOKYOTECH_s01,145,76,147.53333333333333,-0.1100199744105339,-1.3152450672396692
TOKYOTECH_s01,145,77,147.56666666666666,-0.4983178675174713,-1.0552860676144982
TOKYOTECH_s01,145,78,147.6,-0.8822054862976074,-0.6276630369696442
TOKYOTECH_s01,145,79,147.63333333333333,-0.8353073596954346,-0.08689616042483486
TOKYOTECH_s01,145,80,147.66666666666666,-0.9780494570732117,0.4816969870349453
TOKYOTECH_s01,145,81,147.7,-0.9270954132080078,0.9845375737575491
TOKYOTECH_s01,145,82,147.73333333333332,-0.9737967252731323,1.345589993059506
TOKYOTECH_s01,145,83,147.76666666666668,-1.1361092329025269,1.5247888518672026
TOKYOTECH_s01,145,84,147.8,-1.2365996837615967,1.5228504387580821
TOKYOTECH_s01,145,85,147.83333333333334,-1.1761164665222168,1.3735107081506126
TOKYOTECH_s01,145,86,147.86666666666667,-1.0780279636383057,1.12884808358508
TOKYOTECH_s01,145,87,147.9,-1.1242567300796509,0.8438400473237341
TOKYOTECH_s01,145,88,147.93333333333334,-0.8301489353179932,0.564180638919459
TOKYOTECH_s01,145,89,147.96666666666667,0.7597420811653137,0.318913829053248
TOKYOTECH_s01,145,90,148.0,2.0801753997802734,0.11807216082259639
TOKYOTECH_s01,145,91,148.03333333333333,1.884667992591858,-0.04516752348001617
TOKYOTECH_s01,145,92,148.06666666666666,1.4226560592651367,-0.1890768023363679
TOKYOTECH_s01,145,93,148.1,1.2208876609802246,-0.336382029420094
TOKYOTECH_s01,145,94,148.13333333333333,0.7126864194869995,-0.5068695612167016
TOKYOTECH_s01,145,95,148.16666666666666,0.10501854121685028,-0.7101874370480392
TOKYOTECH_s01,145,96,148.2,0.15486998856067657,-0.9396553315095855
TOKYOTECH_s01,145,97,148.23333333333332,0.39731496572494507,-1.168767373586291
TOKYOTECH_s01,145,98,148.26666666666668,0.27178069949150085,-1.3527050170865558
TOKYOTECH_s01,145,99,148.3,0.12876294553279877,-1.4365514300219093
TOKYOTECH_s01,145,100,148.33333333333334,0.010710309259593487,-1.369691749322598
TOKYOTECH_s01,145,101,148.36666666666667,-0.20247747004032135,-1.1230528241691076
TOKYOTECH_s01,145,102,148.4,-0.4764241874217987,-0.7037268200751325
TOKYOTECH_s01,145,103,148.43333333333334,-0.8552321791648865,-0.16082809521579433
TOKYOTECH_s01,145,104,148.46666666666667,-1.0125044584274292,0.42212274123246596
TOKYOTECH_s01,145,105,148.5,-1.0757046937942505,0.9481580873865209
TOKYOTECH_s01,145,106,148.53333333333333,-1.1938360929489136,1.3339002611110287
TOKYOTECH_s01,145,107,148.56666666666666,-1.1018905639648438,1.5314038084975603
TOKYOTECH_s01,145,108,148.6,-1.0335317850112915,1.5365902441307009
TOKYOTECH_s01,145,109,148.63333333333333,-1.2022234201431274,1.383229509777138
TOKYOTECH_s01,145,110,148.66666666666666,-1.181235432624817,1.1273307633268645
TOKYOTECH_s01,145,111,148.7,-1.2383716106414795,0.8289771314705302
TOKYOTECH_s01,145,112,148.73333333333332,-1.1141761541366577,0.5373889296836695
TOKYOTECH_s01,145,113,148.76666666666668,0.12825104594230652,0.2822621514551925
TOKYOTECH_s01,145,114,148.8,1.5629961490631104,0.07203722474260885
TOKYOTECH_s01,145,115,148.83333333333334,2.1118741035461426,-0.10204591710964454
TOKYOTECH_s01,145,116,148.86666666666667,1.898056149482727,-0.25862733811350475
TOKYOTECH_s01,145,117,148.9,1.3285053968429565,-0.4183709476845521
TOKYOTECH_s01,145,118,148.93333333333334,0.5356468558311462,-0.5970338681689649
TOKYOTECH_s01,145,119,148.96666666666667,0.1284085512161255,-0.7995572734769449
TOKYOTECH_s01,145,120,149.0,-0.14542001485824585,-1.0152550960305002
TOKYOTECH_s01,145,121,149.03333333333333,-0.17341715097427368,-1.2153639291979248
TOKYOTECH_s01,145,122,149.06666666666666,0.06485386192798615,-1.3553276966665904
TOKYOTECH_s01,145,123,149.1,-0.04926105961203575,-1.3837189113325805
TOKYOTECH_s01,145,124,149.13333333333333,-0.06091669201850891,-1.257125876192369
TOKYOTECH_s01,145,125,149.16666666666666,-0.10368025302886963,-0.9569888006082995
TOKYOTECH_s01,145,126,149.2,-0.3819190561771393,-0.5021979006281598
TOKYOTECH_s01,145,127,149.23333333333332,-0.7502921223640442,0.04863131271579231
TOKYOTECH_s01,145,128,149.26666666666668,-0.949855387210846,0.6084953482879097
TOKYOTECH_s01,145,129,149.3,-1.1606411933898926,1.0847353398271
TOKYOTECH_s01,145,130,149.33333333333334,-1.0648759603500366,1.404708154747738
TOKYOTECH_s01,145,131,149.36666666666667,-1.128233790397644,1.5337772757744015
TOKYOTECH_s01,145,132,149.4,-1.1458747386932373,1.4794956933540366
TOKYOTECH_s01,145,133,149.43333333333334,-1.1190983057022095,1.2829955960007466
TOKYOTECH_s01,145,134,149.46666666666667,-1.123547911643982,1.0030482962518426
TOKYOTECH_s01,145,135,149.5,-1.0703887939453125,0.6989640778420411
TOKYOTECH_s01,145,136,149.53333333333333,-0.753166675567627,0.4170108485246887
TOKYOTECH_s01,145,137,149.56666666666666,0.5337173342704773,0.1828143407836285
TOKYOTECH_s01,145,138,149.6,1.8204045295715332,0.00018677360717007842
TOKYOTECH_s01,145,139,149.63333333333333,1.987284779548645,-0.14468878991673978
TOKYOTECH_s01,145,140,149.66666666666666,1.7204653024673462,-0.27575846706343893
TOKYOTECH_s01,145,141,149.7,1.1893465518951416,-0.41844988177392617
TOKYOTECH_s01,145,142,149.73333333333332,0.6602754592895508,-0.5913581265667927
TOKYOTECH_s01,145,143,149.76666666666668,0.387155681848526,-0.7990563899740751
TOKYOTECH_s01,145,144,149.8,0.05032370239496231,-1.0269015074533911
TOKYOTECH_s01,145,145,149.83333333333334,0.11781610548496246,-1.239495323345686
TOKYOTECH_s01,145,146,149.86666666666667,0.29217803478240967,-1.3850584406345117
TOKYOTECH_s01,145,147,149.9,0.27300137281417847,-1.4069844882029483
TOKYOTECH_s01,145,148,149.93333333333334,0.030517006292939186,-1.260856006107746
TOKYOTECH_s01,145,149,149.96666666666667,-0.5047363042831421,-0.9318912738450171
TOKYOTECH_s01,145,150,150.0,-0.6988655924797058,-0.4462774053023528
TOKYOTECH_s01,145,151,150.03333333333333,-0.8778740167617798,0.12915470002406074
TOKYOTECH_s01,145,152,150.06666666666666,-0.8831111788749695,0.7010753839101337
TOKYOTECH_s01,145,153,150.1,-0.8870489001274109,1.1742824705785586
TOKYOTECH_s01,145,154,150.13333333333333,-1.0498733520507812,1.4777750942554704
TOKYOTECH_s01,145,155,150.16666666666666,-1.10740327835083,1.581809877621087
TOKYOTECH_s01,145,156,150.2,-1.1742262840270996,1.5004590150488426
TOKYOTECH_s01,145,157,150.23333333333332,-1.161507487297058,1.2813390527241688
TOKYOTECH_s01,145,158,150.26666666666668,-1.147922396659851,0.9882447439671245
TOKYOTECH_s01,145,159,150.3,-0.9470596313476562,0.6828462156441707
TOKYOTECH_s01,145,160,150.33333333333334,0.2889097332954407,0.4102723404455321
TOKYOTECH_s01,145,161,150.36666666666667,1.7532271146774292,0.19149044773637874
TOKYOTECH_s01,145,162,150.4,2.1557796001434326,0.023340583053791376
TOKYOTECH_s01,145,163,150.43333333333334,1.9377089738845825,-0.1149775476554372
TOKYOTECH_s01,145,164,150.46666666666667,1.3348057270050049,-0.25188167973443265
TOKYOTECH_s01,145,165,150.5,0.7210737466812134,-0.4131401216398857
TOKYOTECH_s01,145,166,150.53333333333333,0.37353119254112244,-0.6133838351074147
TOKYOTECH_s01,145,167,150.56666666666666,-0.04811912402510643,-0.850008921531733
TOKYOTECH_s01,145,168,150.6,-0.08162906020879745,-1.0999736620409932
TOKYOTECH_s01,145,169,150.63333333333333,0.06190057843923569,-1.3207759522144535
TOKYOTECH_s01,145,170,150.66666666666666,0.13573269546031952,-1.457204968679195
TOKYOTECH_s01,145,171,150.7,0.11505970358848572,-1.4543137297717998
TOKYOTECH_s01,145,172,150.73333333333332,-0.2220872938632965,-1.2744377791955197
TOKYOTECH_s01,145,173,150.76666666666668,-0.5162344574928284,-0.9131597641440582
TOKYOTECH_s01,145,174,150.8,-0.8584610819816589,-0.4076601097698661
TOKYOTECH_s01,145,175,150.83333333333334,-0.9922252297401428,0.1676192845052204
TOKYOTECH_s01,145,176,150.86666666666667,-1.0832651853561401,0.7184702187924781
TOKYOTECH_s01,145,177,150.9,-1.2295117378234863,1.156135091978315
TOKYOTECH_s01,145,178,150.93333333333334,-1.3048796653747559,1.4206595913255675
TOKYOTECH_s01,145,179,150.96666666666667,-1.2037591934204102,1.4934894976855464
TOKYOTECH_s01,145,180,151.0,-1.1394957304000854,1.396184073454668
TOKYOTECH_s01,145,181,151.03333333333333,-1.122327208518982,1.178420354361788
TOKYOTECH_s01,145,182,151.06666666666666,-0.981081485748291,0.9010056765350302
TOKYOTECH_s01,145,183,151.1,-0.15132658183574677,0.6191365119206985
TOKYOTECH_s01,145,184,151.13333333333333,1.411709189414978,0.37005705429509084
TOKYOTECH_s01,145,185,151.16666666666666,2.2055916786193848,0.16777309895977577
TOKYOTECH_s01,145,186,151.2,2.131326198577881,0.005119313603290324
TOKYOTECH_s01,145,187,151.23333333333332,1.540039300918579,-0.13883407652676305
TOKYOTECH_s01,145,188,151.26666666666668,0.8672022819519043,-0.2891186187859849
TOKYOTECH_s01,145,189,151.3,0.3918415606021881,-0.46558504789199434
TOKYOTECH_s01,145,190,151.33333333333334,0.09359917044639587,-0.6753630261781187
TOKYOTECH_s01,145,191,151.36666666666667,0.19298705458641052,-0.9076812828744643
TOKYOTECH_s01,145,192,151.4,0.2120455801486969,-1.132125072991647
TOKYOTECH_s01,145,193,151.43333333333334,0.20724156498908997,-1.302027691463229
TOKYOTECH_s01,145,194,151.46666666666667,-0.01937381736934185,-1.3640668219180763
TOKYOTECH_s01,145,195,151.5,-0.3208451271057129,-1.2730267148032761
TOKYOTECH_s01,145,196,151.53333333333333,-0.530882716178894,-1.007920982295259
TOKYOTECH_s01,145,197,151.56666666666666,-0.733163058757782,-0.5836291738039577
TOKYOTECH_s01,145,198,151.6,-0.8484199047088623,-0.05237554977985181
TOKYOTECH_s01,145,199,151.63333333333333,-1.05227530002594,0.5072220050384733
TOKYOTECH_s01,145,200,151.66666666666666,-1.1062220335006714,1.0101116365607234
TOKYOTECH_s01,145,201,151.7,-1.1014573574066162,1.3860203860539506
TOKYOTECH_s01,145,202,151.73333333333332,-1.1850550174713135,1.5942512413688656
TOKYOTECH_s01,145,203,151.76666666666668,-1.0536929368972778,1.6282127277327965
TOKYOTECH_s01,145,204,151.8,-1.125556230545044,1.5105425022619134
TOKYOTECH_s01,145,205,151.83333333333334,-1.3269307613372803,1.282633458929063
TOKYOTECH_s01,145,206,151.86666666666667,-0.7514340281486511,0.9925452059753327
TOKYOTECH_s01,145,207,151.9,0.8601143956184387,0.684122215470451
TOKYOTECH_s01,145,208,151.93333333333334,2.0686378479003906,0.3893001944692075
TOKYOTECH_s01,145,209,151.96666666666667,2.1138033866882324,0.12476049844561429
TOKYOTECH_s01,145,210,152.0,1.5958367586135864,-0.10730910975860936
TOKYOTECH_s01,145,211,152.03333333333333,1.0875567197799683,-0.31562907235035687
TOKYOTECH_s01,145,212,152.06666666666666,0.35809534788131714,-0.514524871933961
TOKYOTECH_s01,145,213,152.1,0.024334797635674477,-0.7174749384756284
TOKYOTECH_s01,145,214,152.13333333333333,0.08332173526287079,-0.9302914078496737
TOKYOTECH_s01,145,215,152.16666666666666,0.18081951141357422,-1.1455168850709458
TOKYOTECH_s01,145,216,152.2,0.2681579887866974,-1.3401723974792046
TOKYOTECH_s01,145,217,152.23333333333332,0.267331063747406,-1.4786852522465643
TOKYOTECH_s01,145,218,152.26666666666668,-0.06572069972753525,-1.5214330572616195
TOKYOTECH_s01,145,219,152.3,-0.31293031573295593,-1.4370655961326633
TOKYOTECH_s01,145,220,152.33333333333334,-0.45945262908935547,-1.2144923111466215
TOKYOTECH_s01,145,221,152.36666666666667,-0.856098473072052,-0.8696908674225918
TOKYOTECH_s01,145,222,152.4,-1.2414430379867554,-0.4442433796863536
TOKYOTECH_s01,145,223,152.43333333333334,-1.1236660480499268,0.004035690090414209
TOKYOTECH_s01,145,224,152.46666666666667,-1.0430216789245605,0.4147016593019606
TOKYOTECH_s01,145,225,152.5,-1.2162810564041138,0.7375598620050642
TOKYOTECH_s01,145,226,152.53333333333333,-1.133549690246582,0.9412595998915921
TOKYOTECH_s01,145,227,152.56666666666666,-1.0039595365524292,1.0165527354708574
TOKYOTECH_s01,145,228,152.6,-0.898271381855011,0.9749106705166781
TOKYOTECH_s01,145,229,152.63333333333333,0.21704646944999695,0.8437427691052484
TOKYOTECH_s01,145,230,152.66666666666666,1.6539180278778076,0.6594123467651946
TOKYOTECH_s01,145,231,152.7,2.111243963241577,0.45934238428924223
TOKYOTECH_s01,145,232,152.73333333333332,1.996695876121521,0.2749606778434084
TOKYOTECH_s01,145,233,152.76666666666668,1.6122963428497314,0.12735580043867922
TOKYOTECH_s01,145,234,152.8,0.8211310505867004,0.026617804667730574
TOKYOTECH_s01,145,235,152.83333333333334,0.22078730165958405,-0.025780968456035815
TOKYOTECH_s01,145,236,152.86666666666667,0.0660351812839508,-0.033577570741127445
TOKYOTECH_s01,145,237,152.9,0.09509550034999847,-0.0033515497228107666
TOKYOTECH_s01,145,238,152.93333333333334,0.27764788269996643,0.05616090954340823
TOKYOTECH_s01,145,239,152.96666666666667,0.299699068069458,0.1339842298458599
TOKYOTECH_s01,146,0,146.0,-0.4921356439590454,0.1303454555928556
TOKYOTECH_s01,146,1,146.03333333333333,-0.8716918230056763,0.45811590415371173
TOKYOTECH_s01,146,2,146.06666666666666,-0.9654881358146667,0.7506890551735643
TOKYOTECH_s01,146,3,146.1,-0.8731094002723694,0.9787202819814963
TOKYOTECH_s01,146,4,146.13333333333333,-1.0571187734603882,1.120092672482159
TOKYOTECH_s01,146,5,146.16666666666666,-1.1743444204330444,1.163830574422001
TOKYOTECH_s01,146,6,146.2,-0.9762380719184875,1.112044220559393
TOKYOTECH_s01,146,7,146.23333333333332,-1.01691472530365,0.9786464277572798
TOKYOTECH_s01,146,8,146.26666666666668,-1.2242746353149414,0.7852135628713018
TOKYOTECH_s01,146,9,146.3,-1.1346522569656372,0.555709102780216
TOKYOTECH_s01,146,10,146.33333333333334,-0.1180529072880745,0.3118068715306885
TOKYOTECH_s01,146,11,146.36666666666667,1.2686127424240112,0.06977835696312308
TOKYOTECH_s01,146,12,146.4,2.125183582305908,-0.16071023356464811
TOKYOTECH_s01,146,13,146.43333333333334,2.0824592113494873,-0.37595085701349895
TOKYOTECH_s01,146,14,146.46666666666667,1.4598674774169922,-0.5761635245532023
TOKYOTECH_s01,146,15,146.5,0.7984498143196106,-0.7627129398649044
TOKYOTECH_s01,146,16,146.53333333333333,0.3660101592540741,-0.9349846909346882
TOKYOTECH_s01,146,17,146.56666666666666,0.13120432198047638,-1.087256426520721
TOKYOTECH_s01,146,18,146.6,0.06981538236141205,-1.2063434089890541
TOKYOTECH_s01,146,19,146.63333333333333,0.26701605319976807,-1.2712771061451658
TOKYOTECH_s01,146,20,146.66666666666666,0.2871377766132355,-1.256119722467164
TOKYOTECH_s01,146,21,146.7,0.15782326459884644,-1.1361537082357924
TOKYOTECH_s01,146,22,146.73333333333332,-0.16723494231700897,-0.8964163343853854
TOKYOTECH_s01,146,23,146.76666666666668,-0.34691280126571655,-0.5402111992408161
TOKYOTECH_s01,146,24,146.8,-0.43649575114250183,-0.09431643933345484
TOKYOTECH_s01,146,25,146.83333333333334,-0.841804563999176,0.39217844744912395
TOKYOTECH_s01,146,26,146.86666666666667,-0.9907288551330566,0.8566679657354384
TOKYOTECH_s01,146,27,146.9,-0.8517276048660278,1.2375140274578764
TOKYOTECH_s01,146,28,146.93333333333334,-0.940050482749939,1.489019133169817
TOKYOTECH_s01,146,29,146.96666666666667,-1.0584181547164917,1.5909083552519956
TOKYOTECH_s01,146,30,147.0,-1.0963777303695679,1.549227963394609
TOKYOTECH_s01,146,31,147.03333333333333,-1.1518994569778442,1.389935308196411
TOKYOTECH_s01,146,32,147.06666666666666,-1.1974194049835205,1.149206944318506
TOKYOTECH_s01,146,33,147.1,-1.141385793685913,0.8644420564392755
TOKYOTECH_s01,146,34,147.13333333333333,-0.3094257712364197,0.5678732824921753
TOKYOTECH_s01,146,35,147.16666666666666,1.3678431510925293,0.2827102118283002
TOKYOTECH_s01,146,36,147.2,2.3263611793518066,0.02133625544486454
TOKYOTECH_s01,146,37,147.23333333333332,1.904159665107727,-0.21440796237399104
TOKYOTECH_s01,146,38,147.26666666666668,1.442659616470337,-0.4307049352755371
TOKYOTECH_s01,146,39,147.3,0.9379630088806152,-0.6373244865755907
TOKYOTECH_s01,146,40,147.33333333333334,0.5161157846450806,-0.8421628182662331
TOKYOTECH_s01,146,41,147.36666666666667,0.26355087757110596,-1.0459004392548068
TOKYOTECH_s01,146,42,147.4,0.15168043971061707,-1.2378392765382153
TOKYOTECH_s01,146,43,147.43333333333334,0.1888524442911148,-1.394097763137983
TOKYOTECH_s01,146,44,147.46666666666667,0.09442608803510666,-1.479754343972646
TOKYOTECH_s01,146,45,147.5,-0.05504949763417244,-1.4560939410485334
TOKYOTECH_s01,146,46,147.53333333333333,-0.1100199744105339,-1.2920983290431565
TOKYOTECH_s01,146,47,147.56666666666666,-0.4983178675174713,-0.9769291305784676
TOKYOTECH_s01,146,48,147.6,-0.8822054862976074,-0.5289793840381164
TOKYOTECH_s01,146,49,147.63333333333333,-0.8353073596954346,0.0025949132834799794
TOKYOTECH_s01,146,50,147.66666666666666,-0.9780494570732117,0.5462102673762103
TOKYOTECH_s01,146,51,147.7,-0.9270954132080078,1.0248016520150893
TOKYOTECH_s01,146,52,147.73333333333332,-0.9737967252731323,1.3755031136805338
TOKYOTECH_s01,146,53,147.76666666666668,-1.1361092329025269,1.5640708954272933
TOKYOTECH_s01,146,54,147.8,-1.2365996837615967,1.5888504243710955
TOKYOTECH_s01,146,55,147.83333333333334,-1.1761164665222168,1.4746028832685865
TOKYOTECH_s01,146,56,147.86666666666667,-1.0780279636383057,1.2608138873940462
TOKYOTECH_s01,146,57,147.9,-1.1242567300796509,0.990009513984859
TOKYOTECH_s01,146,58,147.93333333333334,-0.8301489353179932,0.6993655198145058
TOKYOTECH_s01,146,59,147.96666666666667,0.7597420811653137,0.4160291702273304
TOKYOTECH_s01,146,60,148.0,2.0801753997802734,0.1553411371201696
TOKYOTECH_s01,146,61,148.03333333333333,1.884667992591858,-0.07873551455994285
TOKYOTECH_s01,146,62,148.06666666666666,1.4226560592651367,-0.2914289129308243
TOKYOTECH_s01,146,63,148.1,1.2208876609802246,-0.493510292643897
TOKYOTECH_s01,146,64,148.13333333333333,0.7126864194869995,-0.6962933830474389
TOKYOTECH_s01,146,65,148.16666666666666,0.10501854121685028,-0.9055633174319255
TOKYOTECH_s01,146,66,148.2,0.15486998856067657,-1.115525475771798
TOKYOTECH_s01,146,67,148.23333333333332,0.39731496572494507,-1.3048640081787197
TOKYOTECH_s01,146,68,148.26666666666668,0.27178069949150085,-1.4373739670371373
TOKYOTECH_s01,146,69,148.3,0.12876294553279877,-1.4687249145786192
TOKYOTECH_s01,146,70,148.33333333333334,0.010710309259593487,-1.3587366511880825
TOKYOTECH_s01,146,71,148.36666666666667,-0.20247747004032135,-1.0860665131066942
TOKYOTECH_s01,146,72,148.4,-0.4764241874217987,-0.6605445848591429
TOKYOTECH_s01,146,73,148.43333333333334,-0.8552321791648865,-0.12796629229542364
TOKYOTECH_s01,146,74,148.46666666666667,-1.0125044584274292,0.43658246531009776
TOKYOTECH_s01,146,75,148.5,-1.0757046937942505,0.9467690524619274
TOKYOTECH_s01,146,76,148.53333333333333,-1.1938360929489136,1.3283391324255882
TOKYOTECH_s01,146,77,148.56666666666666,-1.1018905639648438,1.5381136477949278
TOKYOTECH_s01,146,78,148.6,-1.0335317850112915,1.5713803663522679
TOKYOTECH_s01,146,79,148.63333333333333,-1.2022234201431274,1.4565116687397024
TOKYOTECH_s01,146,80,148.66666666666666,-1.181235432624817,1.2411396461681248
TOKYOTECH_s01,146,81,148.7,-1.2383716106414795,0.9763652029630938
TOKYOTECH_s01,146,82,148.73333333333332,-1.1141761541366577,0.7040592120743715
TOKYOTECH_s01,146,83,148.76666666666668,0.12825104594230652,0.4495667315164279
TOKYOTECH_s01,146,84,148.8,1.5629961490631104,0.22025187192794804
TOKYOTECH_s01,146,85,148.83333333333334,2.1118741035461426,0.009189350261981331
TOKYOTECH_s01,146,86,148.86666666666667,1.898056149482727,-0.19785587566588167
TOKYOTECH_s01,146,87,148.9,1.3285053968429565,-0.41467608413471513
TOKYOTECH_s01,146,88,148.93333333333334,0.5356468558311462,-0.6481075250006287
TOKYOTECH_s01,146,89,148.96666666666667,0.1284085512161255,-0.8936688531869836
TOKYOTECH_s01,146,90,149.0,-0.14542001485824585,-1.133522520859729
TOKYOTECH_s01,146,91,149.03333333333333,-0.17341715097427368,-1.3369371177609137
TOKYOTECH_s01,146,92,149.06666666666666,0.06485386192798615,-1.4638783312838088
TOKYOTECH_s01,146,93,149.1,-0.04926105961203575,-1.4724142054590785
TOKYOTECH_s01,146,94,149.13333333333333,-0.06091669201850891,-1.3296410391736966
TOKYOTECH_s01,146,95,149.16666666666666,-0.10368025302886963,-1.024023817964613
TOKYOTECH_s01,146,96,149.2,-0.3819190561771393,-0.5752163214227433
TOKYOTECH_s01,146,97,149.23333333333332,-0.7502921223640442,-0.03653052311454896
TOKYOTECH_s01,146,98,149.26666666666668,-0.949855387210846,0.513635287606777
TOKYOTECH_s01,146,99,149.3,-1.1606411933898926,0.9908474478225936
TOKYOTECH_s01,146,100,149.33333333333334,-1.0648759603500366,1.327465051435145
TOKYOTECH_s01,146,101,149.36666666666667,-1.128233790397644,1.4894413040837169
TOKYOTECH_s01,146,102,149.4,-1.1458747386932373,1.4806144213191987
TOKYOTECH_s01,146,103,149.43333333333334,-1.1190983057022095,1.3348237501663502
TOKYOTECH_s01,146,104,149.46666666666667,-1.123547911643982,1.101361890610788
TOKYOTECH_s01,146,105,149.5,-1.0703887939453125,0.830313424928688
TOKYOTECH_s01,146,106,149.53333333333333,-0.753166675567627,0.5618301057308451
TOKYOTECH_s01,146,107,149.56666666666666,0.5337173342704773,0.3202801138716052
TOKYOTECH_s01,146,108,149.6,1.8204045295715332,0.11288453478960467
TOKYOTECH_s01,146,109,149.63333333333333,1.987284779548645,-0.06771231588216359
TOKYOTECH_s01,146,110,149.66666666666666,1.7204653024673462,-0.23794400277874786
TOKYOTECH_s01,146,111,149.7,1.1893465518951416,-0.4163660745675291
TOKYOTECH_s01,146,112,149.73333333333332,0.6602754592895508,-0.6165016962960621
TOKYOTECH_s01,146,113,149.76666666666668,0.387155681848526,-0.8402578534656518
TOKYOTECH_s01,146,114,149.8,0.05032370239496231,-1.0727191062077115
TOKYOTECH_s01,146,115,149.83333333333334,0.11781610548496246,-1.28002416445068
TOKYOTECH_s01,146,116,149.86666666666667,0.29217803478240967,-1.4130257012135807
TOKYOTECH_s01,146,117,149.9,0.27300137281417847,-1.4185383212891909
TOKYOTECH_s01,146,118,149.93333333333334,0.030517006292939186,-1.256389718097132
TOKYOTECH_s01,146,119,149.96666666666667,-0.5047363042831421,-0.9165722436349423
TOKYOTECH_s01,146,120,150.0,-0.6988655924797058,-0.4294467982758283
TOKYOTECH_s01,146,121,150.03333333333333,-0.8778740167617798,0.1362838499287985
TOKYOTECH_s01,146,122,150.06666666666666,-0.8831111788749695,0.6890631931801375
TOKYOTECH_s01,146,123,150.1,-0.8870489001274109,1.1391401432899557
TOKYOTECH_s01,146,124,150.13333333333333,-1.0498733520507812,1.4231025617502295
TOKYOTECH_s01,146,125,150.16666666666666,-1.10740327835083,1.5183585691531105
TOKYOTECH_s01,146,126,150.2,-1.1742262840270996,1.4429900069265882
TOKYOTECH_s01,146,127,150.23333333333332,-1.161507487297058,1.2436479859667684
TOKYOTECH_s01,146,128,150.26666666666668,-1.147922396659851,0.9782092614272058
TOKYOTECH_s01,146,129,150.3,-0.9470596313476562,0.6996679313070234
TOKYOTECH_s01,146,130,150.33333333333334,0.2889097332954407,0.44499691061435626
TOKYOTECH_s01,146,131,150.36666666666667,1.7532271146774292,0.2300067210215268
TOKYOTECH_s01,146,132,150.4,2.1557796001434326,0.050020918212658985
TOKYOTECH_s01,146,133,150.43333333333334,1.9377089738845825,-0.11433445504388857
TOKYOTECH_s01,146,134,150.46666666666667,1.3348057270050049,-0.28789771584731944
TOKYOTECH_s01,146,135,150.5,0.7210737466812134,-0.49077216727448036
TOKYOTECH_s01,146,136,150.53333333333333,0.37353119254112244,-0.7294396264811593
TOKYOTECH_s01,146,137,150.56666666666666,-0.04811912402510643,-0.9908298350170924
TOKYOTECH_s01,146,138,150.6,-0.08162906020879745,-1.2407426906446215
TOKYOTECH_s01,146,139,150.63333333333333,0.06190057843923569,-1.4280196062062425
TOKYOTECH_s01,146,140,150.66666666666666,0.13573269546031952,-1.4953113878545394
TOKYOTECH_s01,146,141,150.7,0.11505970358848572,-1.3953998686468463
TOKYOTECH_s01,146,142,150.73333333333332,-0.2220872938632965,-1.1089580661631286
TOKYOTECH_s01,146,143,150.76666666666668,-0.5162344574928284,-0.6570764689733589
TOKYOTECH_s01,146,144,150.8,-0.8584610819816589,-0.10198180249256712
TOKYOTECH_s01,146,145,150.83333333333334,-0.9922252297401428,0.4666925312981424
TOKYOTECH_s01,146,146,150.86666666666667,-1.0832651853561401,0.9560908390388169
TOKYOTECH_s01,146,147,150.9,-1.2295117378234863,1.2954378098942896
TOKYOTECH_s01,146,148,150.93333333333334,-1.3048796653747559,1.4526774425627769
TOKYOTECH_s01,146,149,150.96666666666667,-1.2037591934204102,1.4371425452114133
TOKYOTECH_s01,146,150,151.0,-1.1394957304000854,1.2895315521767572
TOKYOTECH_s01,146,151,151.03333333333333,-1.122327208518982,1.0651941859635605
TOKYOTECH_s01,146,152,151.06666666666666,-0.981081485748291,0.81727445976113
TOKYOTECH_s01,146,153,151.1,-0.15132658183574677,0.5840680229508335
TOKYOTECH_s01,146,154,151.13333333333333,1.411709189414978,0.3826174770727586
TOKYOTECH_s01,146,155,151.16666666666666,2.2055916786193848,0.20894606366586016
TOKYOTECH_s01,146,156,151.2,2.131326198577881,0.04409988798135923
TOKYOTECH_s01,146,157,151.23333333333332,1.540039300918579,-0.13602061481475933
TOKYOTECH_s01,146,158,151.26666666666668,0.8672022819519043,-0.3500730690374664
TOKYOTECH_s01,146,159,151.3,0.3918415606021881,-0.6029221411308489
TOKYOTECH_s01,146,160,151.33333333333334,0.09359917044639587,-0.8811260384868492
TOKYOTECH_s01,146,161,151.36666666666667,0.19298705458641052,-1.1525428871452148
TOKYOTECH_s01,146,162,151.4,0.2120455801486969,-1.3702603476841526
TOKYOTECH_s01,146,163,151.43333333333334,0.20724156498908997,-1.4812785288113453
TOKYOTECH_s01,146,164,151.46666666666667,-0.01937381736934185,-1.4395097060167972
TOKYOTECH_s01,146,165,151.5,-0.3208451271057129,-1.2206852992049742
TOKYOTECH_s01,146,166,151.53333333333333,-0.530882716178894,-0.8346597394234934
TOKYOTECH_s01,146,167,151.56666666666666,-0.733163058757782,-0.3295329339091675
TOKYOTECH_s01,146,168,151.6,-0.8484199047088623,0.2167075823231717
TOKYOTECH_s01,146,169,151.63333333333333,-1.05227530002594,0.7164680581387578
TOKYOTECH_s01,146,170,151.66666666666666,-1.1062220335006714,1.0972179177027266
TOKYOTECH_s01,146,171,151.7,-1.1014573574066162,1.3196071391746307
TOKYOTECH_s01,146,172,151.73333333333332,-1.1850550174713135,1.3820557159586422
TOKYOTECH_s01,146,173,151.76666666666668,-1.0536929368972778,1.3125178714979957
TOKYOTECH_s01,146,174,151.8,-1.125556230545044,1.1535506473881867
TOKYOTECH_s01,146,175,151.83333333333334,-1.3269307613372803,0.9476580931200909
TOKYOTECH_s01,146,176,151.86666666666667,-0.7514340281486511,0.7272008119096208
TOKYOTECH_s01,146,177,151.9,0.8601143956184387,0.5098776822489938
TOKYOTECH_s01,146,178,151.93333333333334,2.0686378479003906,0.29915636137092194
TOKYOTECH_s01,146,179,151.96666666666667,2.1138033866882324,0.08854934056500015
TOKYOTECH_s01,146,180,152.0,1.5958367586135864,-0.13192622431816609
TOKYOTECH_s01,146,181,152.03333333333333,1.0875567197799683,-0.3690643808676404
TOKYOTECH_s01,146,182,152.06666666666666,0.35809534788131714,-0.6209920194313377
TOKYOTECH_s01,146,183,152.1,0.024334797635674477,-0.8736736900474049
TOKYOTECH_s01,146,184,152.13333333333333,0.08332173526287079,-1.1001605803847385
TOKYOTECH_s01,146,185,152.16666666666666,0.18081951141357422,-1.2635562557260136
TOKYOTECH_s01,146,186,152.2,0.2681579887866974,-1.3242789533642887
TOKYOTECH_s01,146,187,152.23333333333332,0.267331063747406,-1.2508952265052498
TOKYOTECH_s01,146,188,152.26666666666668,-0.06572069972753525,-1.031889426804601
TOKYOTECH_s01,146,189,152.3,-0.31293031573295593,-0.6839989641427369
TOKYOTECH_s01,146,190,152.33333333333334,-0.45945262908935547,-0.25245281742230646
TOKYOTECH_s01,146,191,152.36666666666667,-0.856098473072052,0.19892632346695616
TOKYOTECH_s01,146,192,152.4,-1.2414430379867554,0.6046453884516451
TOKYOTECH_s01,146,193,152.43333333333334,-1.1236660480499268,0.9143531084381984
TOKYOTECH_s01,146,194,152.46666666666667,-1.0430216789245605,1.1027801063593428
TOKYOTECH_s01,146,195,152.5,-1.2162810564041138,1.170150889745784
TOKYOTECH_s01,146,196,152.53333333333333,-1.133549690246582,1.1352081680566888
TOKYOTECH_s01,146,197,152.56666666666666,-1.0039595365524292,1.0254943806287902
TOKYOTECH_s01,146,198,152.6,-0.898271381855011,0.8686801391778607
TOKYOTECH_s01,146,199,152.63333333333333,0.21704646944999695,0.6864533110140335
TOKYOTECH_s01,146,200,152.66666666666666,1.6539180278778076,0.4911779539495442
TOKYOTECH_s01,146,201,152.7,2.111243963241577,0.2854162404715508
TOKYOTECH_s01,146,202,152.73333333333332,1.996695876121521,0.06449672372958405
TOKYOTECH_s01,146,203,152.76666666666668,1.6122963428497314,-0.17808057533758515
TOKYOTECH_s01,146,204,152.8,0.8211310505867004,-0.4436079085995002
TOKYOTECH_s01,146,205,152.83333333333334,0.22078730165958405,-0.7218327647958721
TOKYOTECH_s01,146,206,152.86666666666667,0.0660351812839508,-0.9881181540615892
TOKYOTECH_s01,146,207,152.9,0.09509550034999847,-1.2060540226330831
TOKYOTECH_s01,146,208,152.93333333333334,0.27764788269996643,-1.3353919558484757
TOKYOTECH_s01,146,209,152.96666666666667,0.299699068069458,-1.3430210820087065
TOKYOTECH_s01,146,210,153.0,-0.1424667239189148,-1.2135661768182167
TOKYOTECH_s01,146,211,153.03333333333333,-0.4550817608833313,-0.9559653127195328
TOKYOTECH_s01,146,212,153.06666666666666,-0.43547195196151733,-0.6029502597647177
TOKYOTECH_s01,146,213,153.1,-0.5626600980758667,-0.20263819777180161
TOKYOTECH_s01,146,214,153.13333333333333,-0.7434011101722717,0.19464155604663308
TOKYOTECH_s01,146,215,153.16666666666666,-0.9847435355186462,0.5484512604641298
TOKYOTECH_s01,146,216,153.2,-1.0379027128219604,0.8344122672858002
TOKYOTECH_s01,146,217,153.23333333333332,-0.9630467295646667,1.0432783377139636
TOKYOTECH_s01,146,218,153.26666666666668,-0.8870489001274109,1.1754975555285825
TOKYOTECH_s01,146,219,153.3,-0.9003977179527283,1.2354137754625674
TOKYOTECH_s01,146,220,153.33333333333334,-0.7018188834190369,1.228030683751632
TOKYOTECH_s01,146,221,153.36666666666667,0.38955768942832947,1.1586697729363957
TOKYOTECH_s01,146,222,153.4,1.6441524028778076,1.0339257531085406
TOKYOTECH_s01,146,223,153.43333333333334,2.191770315170288,0.862061559661682
TOKYOTECH_s01,146,224,153.46666666666667,1.918453574180603,0.6521797379267568
TOKYOTECH_s01,146,225,153.5,1.4641201496124268,0.4130116621772197
TOKYOTECH_s01,146,226,153.53333333333333,0.8681079745292664,0.152789725881746
TOKYOTECH_s01,146,227,153.56666666666666,0.1824733465909958,-0.11894622258763893
TOKYOTECH_s01,146,228,153.6,-0.05079676955938339,-0.38821698789697906
TOKYOTECH_s01,146,229,153.63333333333333,0.10352220386266708,-0.6342714921068687
TOKYOTECH_s01,146,230,153.66666666666666,0.2930443286895752,-0.8307399293717074
TOKYOTECH_s01,146,231,153.7,0.16290292143821716,-0.9516277810307195
TOKYOTECH_s01,146,232,153.73333333333332,-0.07651003450155258,-0.9805105747878026
TOKYOTECH_s01,146,233,153.76666666666668,-0.23575115203857422,-0.9187077366466516
TOKYOTECH_s01,146,234,153.8,-0.596327543258667,-0.7880143980951679
TOKYOTECH_s01,146,235,153.83333333333334,-0.9567857980728149,-0.6256594769269401
TOKYOTECH_s01,146,236,153.86666666666667,-1.0526690483093262,-0.47235411825103935
TOKYOTECH_s01,146,237,153.9,-0.9321750998497009,-0.35761778123509974
TOKYOTECH_s01,146,238,153.93333333333334,-0.8686597943305969,-0.2887639694182792
TOKYOTECH_s01,146,239,153.96666666666667,-0.8742907047271729,-0.24911893836163598
TOKYOTECH_s01,147,0,147.0,-1.0963777303695679,0.012914289450375298
TOKYOTECH_s01,147,1,147.03333333333333,-1.1518994569778442,-0.08028474765665876
TOKYOTECH_s01,147,2,147.06666666666666,-1.1974194049835205,-0.16798909847731633
TOKYOTECH_s01,147,3,147.1,-1.141385793685913,-0.24266604997475885
TOKYOTECH_s01,147,4,147.13333333333333,-0.3094257712364197,-0.2978497279853535
TOKYOTECH_s01,147,5,147.16666666666666,1.3678431510925293,-0.3288135830300762
TOKYOTECH_s01,147,6,147.2,2.3263611793518066,-0.33338130105603814
TOKYOTECH_s01,147,7,147.23333333333332,1.904159665107727,-0.3131844634964014
TOKYOTECH_s01,147,8,147.26666666666668,1.442659616470337,-0.2750855380054001
TOKYOTECH_s01,147,9,147.3,0.9379630088806152,-0.23172722582367916
TOKYOTECH_s01,147,10,147.33333333333334,0.5161157846450806,-0.20015232575567135
TOKYOTECH_s01,147,11,147.36666666666667,0.26355087757110596,-0.1980464177293881
TOKYOTECH_s01,147,12,147.4,0.15168043971061707,-0.237976684552298
TOKYOTECH_s01,147,13,147.43333333333334,0.1888524442911148,-0.3211418099342228
TOKYOTECH_s01,147,14,147.46666666666667,0.09442608803510666,-0.4333410880349107
TOKYOTECH_s01,147,15,147.5,-0.05504949763417244,-0.5457427872961711
TOKYOTECH_s01,147,16,147.53333333333333,-0.1100199744105339,-0.6209492585490535
TOKYOTECH_s01,147,17,147.56666666666666,-0.4983178675174713,-0.6225262360369853
TOKYOTECH_s01,147,18,147.6,-0.8822054862976074,-0.5253171965163318
TOKYOTECH_s01,147,19,147.63333333333333,-0.8353073596954346,-0.3239534752076945
TOKYOTECH_s01,147,20,147.66666666666666,-0.9780494570732117,-0.03699988864236637
TOKYOTECH_s01,147,21,147.7,-0.9270954132080078,0.29534755753745395
TOKYOTECH_s01,147,22,147.73333333333332,-0.9737967252731323,0.6203525233731625
TOKYOTECH_s01,147,23,147.76666666666668,-1.1361092329025269,0.8862413574344382
TOKYOTECH_s01,147,24,147.8,-1.2365996837615967,1.055386290413944
TOKYOTECH_s01,147,25,147.83333333333334,-1.1761164665222168,1.1123041204985376
TOKYOTECH_s01,147,26,147.86666666666667,-1.0780279636383057,1.0642790072348527
TOKYOTECH_s01,147,27,147.9,-1.1242567300796509,0.9358226620081656
TOKYOTECH_s01,147,28,147.93333333333334,-0.8301489353179932,0.7599531705178297
TOKYOTECH_s01,147,29,147.96666666666667,0.7597420811653137,0.5691761101170565
TOKYOTECH_s01,147,30,148.0,2.0801753997802734,0.3881133690281222
TOKYOTECH_s01,147,31,148.03333333333333,1.884667992591858,0.2288805150367415
TOKYOTECH_s01,147,32,148.06666666666666,1.4226560592651367,0.08989766622948302
TOKYOTECH_s01,147,33,148.1,1.2208876609802246,-0.041622944492261074
TOKYOTECH_s01,147,34,148.13333333333333,0.7126864194869995,-0.18411796884442533
TOKYOTECH_s01,147,35,148.16666666666666,0.10501854121685028,-0.35437895385970164
TOKYOTECH_s01,147,36,148.2,0.15486998856067657,-0.5599980902690722
TOKYOTECH_s01,147,37,148.23333333333332,0.39731496572494507,-0.7930892947012566
TOKYOTECH_s01,147,38,148.26666666666668,0.27178069949150085,-1.027225854586159
TOKYOTECH_s01,147,39,148.3,0.12876294553279877,-1.2195964836944473
TOKYOTECH_s01,147,40,148.33333333333334,0.010710309259593487,-1.319311036366521
TOKYOTECH_s01,147,41,148.36666666666667,-0.20247747004032135,-1.280814513410105
TOKYOTECH_s01,147,42,148.4,-0.4764241874217987,-1.0792277333139597
TOKYOTECH_s01,147,43,148.43333333333334,-0.8552321791648865,-0.7226824106233888
TOKYOTECH_s01,147,44,148.46666666666667,-1.0125044584274292,-0.25617052147252384
TOKYOTECH_s01,147,45,148.5,-1.0757046937942505,0.2466081618775653
TOKYOTECH_s01,147,46,148.53333333333333,-1.1938360929489136,0.702208759523448
TOKYOTECH_s01,147,47,148.56666666666666,-1.1018905639648438,1.0407036344798861
TOKYOTECH_s01,147,48,148.6,-1.0335317850112915,1.2239551996233518
TOKYOTECH_s01,147,49,148.63333333333333,-1.2022234201431274,1.2517122076021747
TOKYOTECH_s01,147,50,148.66666666666666,-1.181235432624817,1.154704902199972
TOKYOTECH_s01,147,51,148.7,-1.2383716106414795,0.9798259858120633
TOKYOTECH_s01,147,52,148.73333333333332,-1.1141761541366577,0.7739693675734886
TOKYOTECH_s01,147,53,148.76666666666668,0.12825104594230652,0.571393068366606
TOKYOTECH_s01,147,54,148.8,1.5629961490631104,0.38741513949691114
TOKYOTECH_s01,147,55,148.83333333333334,2.1118741035461426,0.21918485161386045
TOKYOTECH_s01,147,56,148.86666666666667,1.898056149482727,0.05188766913038395
TOKYOTECH_s01,147,57,148.9,1.3285053968429565,-0.1327111161427512
TOKYOTECH_s01,147,58,148.93333333333334,0.5356468558311462,-0.3480120729207964
TOKYOTECH_s01,147,59,148.96666666666667,0.1284085512161255,-0.595901088318609
TOKYOTECH_s01,147,60,149.0,-0.14542001485824585,-0.8622360546794017
TOKYOTECH_s01,147,61,149.03333333333333,-0.17341715097427368,-1.115365429089391
TOKYOTECH_s01,147,62,149.06666666666666,0.06485386192798615,-1.3090802582992769
TOKYOTECH_s01,147,63,149.1,-0.04926105961203575,-1.3911533626347838
TOKYOTECH_s01,147,64,149.13333333333333,-0.06091669201850891,-1.3169839580268157
TOKYOTECH_s01,147,65,149.16666666666666,-0.10368025302886963,-1.0653398036725799
TOKYOTECH_s01,147,66,149.2,-0.3819190561771393,-0.6509626818027624
TOKYOTECH_s01,147,67,149.23333333333332,-0.7502921223640442,-0.12807511959101672
TOKYOTECH_s01,147,68,149.26666666666668,-0.949855387210846,0.4193162888451248
TOKYOTECH_s01,147,69,149.3,-1.1606411933898926,0.8992481199666903
TOKYOTECH_s01,147,70,149.33333333333334,-1.0648759603500366,1.2378609317881792
TOKYOTECH_s01,147,71,149.36666666666667,-1.128233790397644,1.3985465033274764
TOKYOTECH_s01,147,72,149.4,-1.1458747386932373,1.3867938630882084
TOKYOTECH_s01,147,73,149.43333333333334,-1.1190983057022095,1.2409727533242776
TOKYOTECH_s01,147,74,149.46666666666667,-1.123547911643982,1.0152787335087299
TOKYOTECH_s01,147,75,149.5,-1.0703887939453125,0.7625694637288729
TOKYOTECH_s01,147,76,149.53333333333333,-0.753166675567627,0.5222358284596856
TOKYOTECH_s01,147,77,149.56666666666666,0.5337173342704773,0.314530973252035
TOKYOTECH_s01,147,78,149.6,1.8204045295715332,0.140616268713681
TOKYOTECH_s01,147,79,149.63333333333333,1.987284779548645,-0.013147204302038876
TOKYOTECH_s01,147,80,149.66666666666666,1.7204653024673462,-0.16849297979053834
TOKYOTECH_s01,147,81,149.7,1.1893465518951416,-0.347730082815049
TOKYOTECH_s01,147,82,149.73333333333332,0.6602754592895508,-0.5660344419286107
TOKYOTECH_s01,147,83,149.76666666666668,0.387155681848526,-0.8237436002484355
TOKYOTECH_s01,147,84,149.8,0.05032370239496231,-1.0999597757641644
TOKYOTECH_s01,147,85,149.83333333333334,0.11781610548496246,-1.3504898249376616
TOKYOTECH_s01,147,86,149.86666666666667,0.29217803478240967,-1.5136224222458374
TOKYOTECH_s01,147,87,149.9,0.27300137281417847,-1.5251067723740444
TOKYOTECH_s01,147,88,149.93333333333334,0.030517006292939186,-1.3392751424453633
TOKYOTECH_s01,147,89,149.96666666666667,-0.5047363042831421,-0.9491075571544606
TOKYOTECH_s01,147,90,150.0,-0.6988655924797058,-0.3968543964308253
TOKYOTECH_s01,147,91,150.03333333333333,-0.8778740167617798,0.23081845239246035
TOKYOTECH_s01,147,92,150.06666666666666,-0.8831111788749695,0.8240489391078469
TOKYOTECH_s01,147,93,150.1,-0.8870489001274109,1.2812396075052457
TOKYOTECH_s01,147,94,150.13333333333333,-1.0498733520507812,1.5384278213513825
TOKYOTECH_s01,147,95,150.16666666666666,-1.10740327835083,1.5840139013838435
TOKYOTECH_s01,147,96,150.2,-1.1742262840270996,1.4540495734962695
TOKYOTECH_s01,147,97,150.23333333333332,-1.161507487297058,1.2130896212680167
TOKYOTECH_s01,147,98,150.26666666666668,-1.147922396659851,0.9304427638167525
TOKYOTECH_s01,147,99,150.3,-0.9470596313476562,0.6605883112923709
TOKYOTECH_s01,147,100,150.33333333333334,0.2889097332954407,0.43240798601090547
TOKYOTECH_s01,147,101,150.36666666666667,1.7532271146774292,0.24771909773298334
TOKYOTECH_s01,147,102,150.4,2.1557796001434326,0.08715397885692139
TOKYOTECH_s01,147,103,150.43333333333334,1.9377089738845825,-0.07945130109007012
TOKYOTECH_s01,147,104,150.46666666666667,1.3348057270050049,-0.28117126287181193
TOKYOTECH_s01,147,105,150.5,0.7210737466812134,-0.5351946922713784
TOKYOTECH_s01,147,106,150.53333333333333,0.37353119254112244,-0.8387551081359365
TOKYOTECH_s01,147,107,150.56666666666666,-0.04811912402510643,-1.1648180410944629
TOKYOTECH_s01,147,108,150.6,-0.08162906020879745,-1.4628073874658496
TOKYOTECH_s01,147,109,150.63333333333333,0.06190057843923569,-1.6659638164293173
TOKYOTECH_s01,147,110,150.66666666666666,0.13573269546031952,-1.7060612836953089
TOKYOTECH_s01,147,111,150.7,0.11505970358848572,-1.5336075588874192
TOKYOTECH_s01,147,112,150.73333333333332,-0.2220872938632965,-1.1380250032589334
TOKYOTECH_s01,147,113,150.76666666666668,-0.5162344574928284,-0.5597019121444372
TOKYOTECH_s01,147,114,150.8,-0.8584610819816589,0.11343529668413356
TOKYOTECH_s01,147,115,150.83333333333334,-0.9922252297401428,0.7667699134005538
TOKYOTECH_s01,147,116,150.86666666666667,-1.0832651853561401,1.2907812253788986
TOKYOTECH_s01,147,117,150.9,-1.2295117378234863,1.6112303041801839
TOKYOTECH_s01,147,118,150.93333333333334,-1.3048796653747559,1.7059896292417442
TOKYOTECH_s01,147,119,150.96666666666667,-1.2037591934204102,1.6035132028317034
TOKYOTECH_s01,147,120,151.0,-1.1394957304000854,1.3663100588810397
TOKYOTECH_s01,147,121,151.03333333333333,-1.122327208518982,1.067963580978915
TOKYOTECH_s01,147,122,151.06666666666666,-0.981081485748291,0.7720078391165835
TOKYOTECH_s01,147,123,151.1,-0.15132658183574677,0.5176819076030917
TOKYOTECH_s01,147,124,151.13333333333333,1.411709189414978,0.31457944546179417
TOKYOTECH_s01,147,125,151.16666666666666,2.2055916786193848,0.14608083796642235
TOKYOTECH_s01,147,126,151.2,2.131326198577881,-0.020421316828058568
TOKYOTECH_s01,147,127,151.23333333333332,1.540039300918579,-0.21982947610882494
TOKYOTECH_s01,147,128,151.26666666666668,0.8672022819519043,-0.4757955597089132
TOKYOTECH_s01,147,129,151.3,0.3918415606021881,-0.7903110075102591
TOKYOTECH_s01,147,130,151.33333333333334,0.09359917044639587,-1.138413664407872
TOKYOTECH_s01,147,131,151.36666666666667,0.19298705458641052,-1.4691917896138706
TOKYOTECH_s01,147,132,151.4,0.2120455801486969,-1.7137720129945837
TOKYOTECH_s01,147,133,151.43333333333334,0.20724156498908997,-1.8001120615262673
TOKYOTECH_s01,147,134,151.46666666666667,-0.01937381736934185,-1.6725757436082493
TOKYOTECH_s01,147,135,151.5,-0.3208451271057129,-1.3117740127907491
TOKYOTECH_s01,147,136,151.53333333333333,-0.530882716178894,-0.7481111003162793
TOKYOTECH_s01,147,137,151.56666666666666,-0.733163058757782,-0.06223519095833003
TOKYOTECH_s01,147,138,151.6,-0.8484199047088623,0.6315139376727095
TOKYOTECH_s01,147,139,151.63333333333333,-1.05227530002594,1.2157346722111886
TOKYOTECH_s01,147,140,151.66666666666666,-1.1062220335006714,1.6033319732650568
TOKYOTECH_s01,147,141,151.7,-1.1014573574066162,1.759212880493589
TOKYOTECH_s01,147,142,151.73333333333332,-1.1850550174713135,1.702231676442929
TOKYOTECH_s01,147,143,151.76666666666668,-1.0536929368972778,1.4897543903055734
TOKYOTECH_s01,147,144,151.8,-1.125556230545044,1.1939900480498216
TOKYOTECH_s01,147,145,151.83333333333334,-1.3269307613372803,0.8798010504356523
TOKYOTECH_s01,147,146,151.86666666666667,-0.7514340281486511,0.5899331091514335
TOKYOTECH_s01,147,147,151.9,0.8601143956184387,0.3393111528506187
TOKYOTECH_s01,147,148,151.93333333333334,2.0686378479003906,0.11784914389400852
TOKYOTECH_s01,147,149,151.96666666666667,2.1138033866882324,-0.09987764784179225
TOKYOTECH_s01,147,150,152.0,1.5958367586135864,-0.3413013859650167
TOKYOTECH_s01,147,151,152.03333333333333,1.0875567197799683,-0.6229469763551932
TOKYOTECH_s01,147,152,152.06666666666666,0.35809534788131714,-0.9409859357818658
TOKYOTECH_s01,147,153,152.1,0.024334797635674477,-1.2668237252505046
TOKYOTECH_s01,147,154,152.13333333333333,0.08332173526287079,-1.5488875307879295
TOKYOTECH_s01,147,155,152.16666666666666,0.18081951141357422,-1.7216189399838973
TOKYOTECH_s01,147,156,152.2,0.2681579887866974,-1.7212950599116204
TOKYOTECH_s01,147,157,152.23333333333332,0.267331063747406,-1.5057548215852319
TOKYOTECH_s01,147,158,152.26666666666668,-0.06572069972753525,-1.0724769996961245
TOKYOTECH_s01,147,159,152.3,-0.31293031573295593,-0.46794886106674977
TOKYOTECH_s01,147,160,152.33333333333334,-0.45945262908935547,0.21770764725866493
TOKYOTECH_s01,147,161,152.36666666666667,-0.856098473072052,0.871872273308243
TOKYOTECH_s01,147,162,152.4,-1.2414430379867554,1.3895177177458655
TOKYOTECH_s01,147,163,152.43333333333334,-1.1236660480499268,1.7003007773952674
TOKYOTECH_s01,147,164,152.46666666666667,-1.0430216789245605,1.7825845656990715
TOKYOTECH_s01,147,165,152.5,-1.2162810564041138,1.6612808224118816
TOKYOTECH_s01,147,166,152.53333333333333,-1.133549690246582,1.3934255679040128
TOKYOTECH_s01,147,167,152.56666666666666,-1.0039595365524292,1.0487558799462517
TOKYOTECH_s01,147,168,152.6,-0.898271381855011,0.6914770291926747
TOKYOTECH_s01,147,169,152.63333333333333,0.21704646944999695,0.3666297392091808
TOKYOTECH_s01,147,170,152.66666666666666,1.6539180278778076,0.09286575520105252
TOKYOTECH_s01,147,171,152.7,2.111243963241577,-0.1371783996082528
TOKYOTECH_s01,147,172,152.73333333333332,1.996695876121521,-0.3488154531024958
TOKYOTECH_s01,147,173,152.76666666666668,1.6122963428497314,-0.5713670224733798
TOKYOTECH_s01,147,174,152.8,0.8211310505867004,-0.8222844090003345
TOKYOTECH_s01,147,175,152.83333333333334,0.22078730165958405,-1.0946228745213933
TOKYOTECH_s01,147,176,152.86666666666667,0.0660351812839508,-1.3528326024978958
TOKYOTECH_s01,147,177,152.9,0.09509550034999847,-1.5394062667151687
TOKYOTECH_s01,147,178,152.93333333333334,0.27764788269996643,-1.591014848621304
TOKYOTECH_s01,147,179,152.96666666666667,0.299699068069458,-1.459197800388792
TOKYOTECH_s01,147,180,153.0,-0.1424667239189148,-1.129027688535793
TOKYOTECH_s01,147,181,153.03333333333333,-0.4550817608833313,-0.629389561198517
TOKYOTECH_s01,147,182,153.06666666666666,-0.43547195196151733,-0.03028767759972855
TOKYOTECH_s01,147,183,153.1,-0.5626600980758667,0.5733744734657593
TOKYOTECH_s01,147,184,153.13333333333333,-0.7434011101722717,1.086314989762447
TOKYOTECH_s01,147,185,153.16666666666666,-0.9847435355186462,1.4365316208601837
TOKYOTECH_s01,147,186,153.2,-1.0379027128219604,1.589886340425668
TOKYOTECH_s01,147,187,153.23333333333332,-0.9630467295646667,1.5522118095253064
TOKYOTECH_s01,147,188,153.26666666666668,-0.8870489001274109,1.3609129063917687
TOKYOTECH_s01,147,189,153.3,-0.9003977179527283,1.0710528249773792
TOKYOTECH_s01,147,190,153.33333333333334,-0.7018188834190369,0.7406172733515107
TOKYOTECH_s01,147,191,153.36666666666667,0.38955768942832947,0.41790709487965955
TOKYOTECH_s01,147,192,153.4,1.6441524028778076,0.1329668899249001
TOKYOTECH_s01,147,193,153.43333333333334,2.191770315170288,-0.10546534505008166
TOKYOTECH_s01,147,194,153.46666666666667,1.918453574180603,-0.30682426371951543
TOKYOTECH_s01,147,195,153.5,1.4641201496124268,-0.4901804059047955
TOKYOTECH_s01,147,196,153.53333333333333,0.8681079745292664,-0.672708012240924
TOKYOTECH_s01,147,197,153.56666666666666,0.1824733465909958,-0.8586781926457275
TOKYOTECH_s01,147,198,153.6,-0.05079676955938339,-1.0326155294811066
TOKYOTECH_s01,147,199,153.63333333333333,0.10352220386266708,-1.1595190343348782
TOKYOTECH_s01,147,200,153.66666666666666,0.2930443286895752,-1.1935414800275352
TOKYOTECH_s01,147,201,153.7,0.16290292143821716,-1.0937265054170702
TOKYOTECH_s01,147,202,153.73333333333332,-0.07651003450155258,-0.8416803278564924
TOKYOTECH_s01,147,203,153.76666666666668,-0.23575115203857422,-0.4537955128223393
TOKYOTECH_s01,147,204,153.8,-0.596327543258667,0.017965920491634764
TOKYOTECH_s01,147,205,153.83333333333334,-0.9567857980728149,0.4980068172182212
TOKYOTECH_s01,147,206,153.86666666666667,-1.0526690483093262,0.9073213086418211
TOKYOTECH_s01,147,207,153.9,-0.9321750998497009,1.184066308020797
TOKYOTECH_s01,147,208,153.93333333333334,-0.8686597943305969,1.2971485789783783
TOKYOTECH_s01,147,209,153.96666666666667,-0.8742907047271729,1.2493653755358363
TOKYOTECH_s01,147,210,154.0,-0.9103207588195801,1.071231800473866
TOKYOTECH_s01,147,211,154.03333333333333,-1.000691294670105,0.809504874913079
TOKYOTECH_s01,147,212,154.06666666666666,-0.6657100319862366,0.5145722306655844
TOKYOTECH_s01,147,213,154.1,0.4843384325504303,0.22954051273391526
TOKYOTECH_s01,147,214,154.13333333333333,1.8301700353622437,-0.01729131785832169
TOKYOTECH_s01,147,215,154.16666666666666,2.3213603496551514,-0.21558180192533608
TOKYOTECH_s01,147,216,154.2,1.9318023920059204,-0.371420617972363
TOKYOTECH_s01,147,217,154.23333333333332,1.5257453918457031,-0.501684759813013
TOKYOTECH_s01,147,218,154.26666666666668,1.044832468032837,-0.6257318911380904
TOKYOTECH_s01,147,219,154.3,0.40270963311195374,-0.7565314069800358
TOKYOTECH_s01,147,220,154.33333333333334,0.02626427635550499,-0.8935157609854402
TOKYOTECH_s01,147,221,154.36666666666667,0.05178065598011017,-1.0192415786218738
TOKYOTECH_s01,147,222,154.4,0.26036131381988525,-1.1014420695237148
TOKYOTECH_s01,147,223,154.43333333333334,0.28497201204299927,-1.1009952276892458
TOKYOTECH_s01,147,224,154.46666666666667,0.002756129251793027,-0.9845761522429074
TOKYOTECH_s01,147,225,154.5,-0.35569387674331665,-0.7386378216341439
TOKYOTECH_s01,147,226,154.53333333333333,-0.5818367600440979,-0.379713873895387
TOKYOTECH_s01,147,227,154.56666666666666,-0.865588366985321,0.044001133435415625
TOKYOTECH_s01,147,228,154.6,-1.000691294670105,0.462444788708606
TOKYOTECH_s01,147,229,154.63333333333333,-0.9030753970146179,0.8028195039125717
TOKYOTECH_s01,147,230,154.66666666666666,-0.9146522879600525,1.010956742594722
TOKYOTECH_s01,147,231,154.7,-1.076649785041809,1.0661156462537114
TOKYOTECH_s01,147,232,154.73333333333332,-1.0003368854522705,0.9840173438588076
TOKYOTECH_s01,147,233,154.76666666666668,-0.8878757953643799,0.8086935297091836
TOKYOTECH_s01,147,234,154.8,-1.0466444492340088,0.5975489701702656
TOKYOTECH_s01,147,235,154.83333333333334,-0.6344839930534363,0.4050191805270623
TOKYOTECH_s01,147,236,154.86666666666667,0.7519847750663757,0.26936460709868604
TOKYOTECH_s01,147,237,154.9,2.045090436935425,0.20535535984327868
TOKYOTECH_s01,147,238,154.93333333333334,2.0446572303771973,0.20356467018670332
TOKYOTECH_s01,147,239,154.96666666666667,1.6769930124282837,0.2354111198093772
TOKYOTECH_s01,148,0,148.0,2.0801753997802734,-0.07121758074203033
TOKYOTECH_s01,148,1,148.03333333333333,1.884667992591858,-0.1427704920512969
TOKYOTECH_s01,148,2,148.06666666666666,1.4226560592651367,-0.2075935749671797
TOKYOTECH_s01,148,3,148.1,1.2208876609802246,-0.26495609801993986
TOKYOTECH_s01,148,4,148.13333333333333,0.7126864194869995,-0.3208755136143078
TOKYOTECH_s01,148,5,148.16666666666666,0.10501854121685028,-0.3867122568721405
TOKYOTECH_s01,148,6,148.2,0.15486998856067657,-0.4736914211860422
TOKYOTECH_s01,148,7,148.23333333333332,0.39731496572494507,-0.5851544749337021
TOKYOTECH_s01,148,8,148.26666666666668,0.27178069949150085,-0.7101160086173633
TOKYOTECH_s01,148,9,148.3,0.12876294553279877,-0.8218425026680539
TOKYOTECH_s01,148,10,148.33333333333334,0.010710309259593487,-0.8832497586756416
TOKYOTECH_s01,148,11,148.36666666666667,-0.20247747004032135,-0.8580257264198333
TOKYOTECH_s01,148,12,148.4,-0.4764241874217987,-0.7239623924894748
TOKYOTECH_s01,148,13,148.43333333333334,-0.8552321791648865,-0.4835477223682057
TOKYOTECH_s01,148,14,148.46666666666667,-1.0125044584274292,-0.16685699670960366
TOKYOTECH_s01,148,15,148.5,-1.0757046937942505,0.1757206445724687
TOKYOTECH_s01,148,16,148.53333333333333,-1.1938360929489136,0.4885737677806087
TOKYOTECH_s01,148,17,148.56666666666666,-1.1018905639648438,0.727321153355211
TOKYOTECH_s01,148,18,148.6,-1.0335317850112915,0.8697291154531495
TOKYOTECH_s01,148,19,148.63333333333333,-1.2022234201431274,0.9174319555189698
TOKYOTECH_s01,148,20,148.66666666666666,-1.181235432624817,0.889500812070123
TOKYOTECH_s01,148,21,148.7,-1.2383716106414795,0.8122041483411367
TOKYOTECH_s01,148,22,148.73333333333332,-1.1141761541366577,0.709541936252377
TOKYOTECH_s01,148,23,148.76666666666668,0.12825104594230652,0.5973042245561861
TOKYOTECH_s01,148,24,148.8,1.5629961490631104,0.48135001349821865
TOKYOTECH_s01,148,25,148.83333333333334,2.1118741035461426,0.3592278554158731
TOKYOTECH_s01,148,26,148.86666666666667,1.898056149482727,0.2233646285503449
TOKYOTECH_s01,148,27,148.9,1.3285053968429565,0.064389599587188
TOKYOTECH_s01,148,28,148.93333333333334,0.5356468558311462,-0.12542559610833443
TOKYOTECH_s01,148,29,148.96666666666667,0.1284085512161255,-0.34785545959289654
TOKYOTECH_s01,148,30,149.0,-0.14542001485824585,-0.5938400804365996
TOKYOTECH_s01,148,31,149.03333333333333,-0.17341715097427368,-0.8400504678623966
TOKYOTECH_s01,148,32,149.06666666666666,0.06485386192798615,-1.049470331344673
TOKYOTECH_s01,148,33,149.1,-0.04926105961203575,-1.177530769219757
TOKYOTECH_s01,148,34,149.13333333333333,-0.06091669201850891,-1.1832556765639055
TOKYOTECH_s01,148,35,149.16666666666666,-0.10368025302886963,-1.0425323119131928
TOKYOTECH_s01,148,36,149.2,-0.3819190561771393,-0.7589166742094685
TOKYOTECH_s01,148,37,149.23333333333332,-0.7502921223640442,-0.3671904000256224
TOKYOTECH_s01,148,38,149.26666666666668,-0.949855387210846,0.07319526580028038
TOKYOTECH_s01,148,39,149.3,-1.1606411933898926,0.4935727179684575
TOKYOTECH_s01,148,40,149.33333333333334,-1.0648759603500366,0.8344816217523368
TOKYOTECH_s01,148,41,149.36666666666667,-1.128233790397644,1.0593316636658743
TOKYOTECH_s01,148,42,149.4,-1.1458747386932373,1.1586484990932016
TOKYOTECH_s01,148,43,149.43333333333334,-1.1190983057022095,1.1455392961280895
TOKYOTECH_s01,148,44,149.46666666666667,-1.123547911643982,1.0465547033593594
TOKYOTECH_s01,148,45,149.5,-1.0703887939453125,0.8924078800964512
TOKYOTECH_s01,148,46,149.53333333333333,-0.753166675567627,0.7109218029942237
TOKYOTECH_s01,148,47,149.56666666666666,0.5337173342704773,0.5223969356558754
TOKYOTECH_s01,148,48,149.6,1.8204045295715332,0.33701049601556776
TOKYOTECH_s01,148,49,149.63333333333333,1.987284779548645,0.15431019531909185
TOKYOTECH_s01,148,50,149.66666666666666,1.7204653024673462,-0.03491126532452171
TOKYOTECH_s01,148,51,149.7,1.1893465518951416,-0.24421441134029753
TOKYOTECH_s01,148,52,149.73333333333332,0.6602754592895508,-0.48472276122620966
TOKYOTECH_s01,148,53,149.76666666666668,0.387155681848526,-0.756865263334904
TOKYOTECH_s01,148,54,149.8,0.05032370239496231,-1.0429803844519507
TOKYOTECH_s01,148,55,149.83333333333334,0.11781610548496246,-1.3043276245936195
TOKYOTECH_s01,148,56,149.86666666666667,0.29217803478240967,-1.4858540988479925
TOKYOTECH_s01,148,57,149.9,0.27300137281417847,-1.5296052561140612
TOKYOTECH_s01,148,58,149.93333333333334,0.030517006292939186,-1.393485589285509
TOKYOTECH_s01,148,59,149.96666666666667,-0.5047363042831421,-1.0686023185084117
TOKYOTECH_s01,148,60,150.0,-0.6988655924797058,-0.5879798617584063
TOKYOTECH_s01,148,61,150.03333333333333,-0.8778740167617798,-0.022169867577905924
TOKYOTECH_s01,148,62,150.06666666666666,-0.8831111788749695,0.5380042603064115
TOKYOTECH_s01,148,63,150.1,-0.8870489001274109,1.0060408133295098
TOKYOTECH_s01,148,64,150.13333333333333,-1.0498733520507812,1.3223635196056025
TOKYOTECH_s01,148,65,150.16666666666666,-1.10740327835083,1.4661883864967982
TOKYOTECH_s01,148,66,150.2,-1.1742262840270996,1.45350594275949
TOKYOTECH_s01,148,67,150.23333333333332,-1.161507487297058,1.3246484963495841
TOKYOTECH_s01,148,68,150.26666666666668,-1.147922396659851,1.1281119627988212
TOKYOTECH_s01,148,69,150.3,-0.9470596313476562,0.9065291709942949
TOKYOTECH_s01,148,70,150.33333333333334,0.2889097332954407,0.6878846842288256
TOKYOTECH_s01,148,71,150.36666666666667,1.7532271146774292,0.4823841341109405
TOKYOTECH_s01,148,72,150.4,2.1557796001434326,0.2840966162693234
TOKYOTECH_s01,148,73,150.43333333333334,1.9377089738845825,0.07626794533075819
TOKYOTECH_s01,148,74,150.46666666666667,1.3348057270050049,-0.16084540455749433
TOKYOTECH_s01,148,75,150.5,0.7210737466812134,-0.4409696764317342
TOKYOTECH_s01,148,76,150.53333333333333,0.37353119254112244,-0.7632740155673112
TOKYOTECH_s01,148,77,150.56666666666666,-0.04811912402510643,-1.1062781455816697
TOKYOTECH_s01,148,78,150.6,-0.08162906020879745,-1.4264190253804798
TOKYOTECH_s01,148,79,150.63333333333333,0.06190057843923569,-1.6632697813089603
TOKYOTECH_s01,148,80,150.66666666666666,0.13573269546031952,-1.7522505201331624
TOKYOTECH_s01,148,81,150.7,0.11505970358848572,-1.6431130559405573
TOKYOTECH_s01,148,82,150.73333333333332,-0.2220872938632965,-1.3190085681005292
TOKYOTECH_s01,148,83,150.76666666666668,-0.5162344574928284,-0.808581782393804
TOKYOTECH_s01,148,84,150.8,-0.8584610819816589,-0.18444951749857338
TOKYOTECH_s01,148,85,150.83333333333334,-0.9922252297401428,0.4536690806999227
TOKYOTECH_s01,148,86,150.86666666666667,-1.0832651853561401,1.0057390669110624
TOKYOTECH_s01,148,87,150.9,-1.2295117378234863,1.3975991232179108
TOKYOTECH_s01,148,88,150.93333333333334,-1.3048796653747559,1.5965573909946342
TOKYOTECH_s01,148,89,150.96666666666667,-1.2037591934204102,1.6119900110196734
TOKYOTECH_s01,148,90,151.0,-1.1394957304000854,1.4836958044994857
TOKYOTECH_s01,148,91,151.03333333333333,-1.122327208518982,1.2650503330936573
TOKYOTECH_s01,148,92,151.06666666666666,-0.981081485748291,1.007319083680811
TOKYOTECH_s01,148,93,151.1,-0.15132658183574677,0.7483723165566372
TOKYOTECH_s01,148,94,151.13333333333333,1.411709189414978,0.5068907761572936
TOKYOTECH_s01,148,95,151.16666666666666,2.2055916786193848,0.2822570479886343
TOKYOTECH_s01,148,96,151.2,2.131326198577881,0.05955482030846765
TOKYOTECH_s01,148,97,151.23333333333332,1.540039300918579,-0.18181363365445702
TOKYOTECH_s01,148,98,151.26666666666668,0.8672022819519043,-0.4580772705936071
TOKYOTECH_s01,148,99,151.3,0.3918415606021881,-0.7718798636744738
TOKYOTECH_s01,148,100,151.33333333333334,0.09359917044639587,-1.1056962175403329
TOKYOTECH_s01,148,101,151.36666666666667,0.19298705458641052,-1.4195317585267266
TOKYOTECH_s01,148,102,151.4,0.2120455801486969,-1.654955555916394
TOKYOTECH_s01,148,103,151.43333333333334,0.20724156498908997,-1.7469259351318283
TOKYOTECH_s01,148,104,151.46666666666667,-0.01937381736934185,-1.642126418968957
TOKYOTECH_s01,148,105,151.5,-0.3208451271057129,-1.3189082852085772
TOKYOTECH_s01,148,106,151.53333333333333,-0.530882716178894,-0.8016210533477063
TOKYOTECH_s01,148,107,151.56666666666666,-0.733163058757782,-0.16228756902986347
TOKYOTECH_s01,148,108,151.6,-0.8484199047088623,0.49417771303778385
TOKYOTECH_s01,148,109,151.63333333333333,-1.05227530002594,1.0583065208536757
TOKYOTECH_s01,148,110,151.66666666666666,-1.1062220335006714,1.4471780333308866
TOKYOTECH_s01,148,111,151.7,-1.1014573574066162,1.6247857296033648
TOKYOTECH_s01,148,112,151.73333333333332,-1.1850550174713135,1.6042574540855488
TOKYOTECH_s01,148,113,151.76666666666668,-1.0536929368972778,1.4342288394278695
TOKYOTECH_s01,148,114,151.8,-1.125556230545044,1.177732558125058
TOKYOTECH_s01,148,115,151.83333333333334,-1.3269307613372803,0.8923521253142561
TOKYOTECH_s01,148,116,151.86666666666667,-0.7514340281486511,0.6170551828237241
TOKYOTECH_s01,148,117,151.9,0.8601143956184387,0.36724838178609687
TOKYOTECH_s01,148,118,151.93333333333334,2.0686378479003906,0.13734801266520993
TOKYOTECH_s01,148,119,151.96666666666667,2.1138033866882324,-0.0909352302365353
TOKYOTECH_s01,148,120,152.0,1.5958367586135864,-0.3374276594300846
TOKYOTECH_s01,148,121,152.03333333333333,1.0875567197799683,-0.6127011158573364
TOKYOTECH_s01,148,122,152.06666666666666,0.35809534788131714,-0.9101357148393117
TOKYOTECH_s01,148,123,152.1,0.024334797635674477,-1.202265317202709
TOKYOTECH_s01,148,124,152.13333333333333,0.08332173526287079,-1.4424944536172826
TOKYOTECH_s01,148,125,152.16666666666666,0.18081951141357422,-1.573127880291248
TOKYOTECH_s01,148,126,152.2,0.2681579887866974,-1.5396272287751274
TOKYOTECH_s01,148,127,152.23333333333332,0.267331063747406,-1.3086922321915668
TOKYOTECH_s01,148,128,152.26666666666668,-0.06572069972753525,-0.8848201685840018
TOKYOTECH_s01,148,129,152.3,-0.31293031573295593,-0.3181391172980013
TOKYOTECH_s01,148,130,152.33333333333334,-0.45945262908935547,0.302466147538481
TOKYOTECH_s01,148,131,152.36666666666667,-0.856098473072052,0.8713894850683377
TOKYOTECH_s01,148,132,152.4,-1.2414430379867554,1.2958883046247822
TOKYOTECH_s01,148,133,152.43333333333334,-1.1236660480499268,1.520859527854612
TOKYOTECH_s01,148,134,152.46666666666667,-1.0430216789245605,1.5392477343326207
TOKYOTECH_s01,148,135,152.5,-1.2162810564041138,1.3862358428711388
TOKYOTECH_s01,148,136,152.53333333333333,-1.133549690246582,1.1224055757519578
TOKYOTECH_s01,148,137,152.56666666666666,-1.0039595365524292,0.8138213751890729
TOKYOTECH_s01,148,138,152.6,-0.898271381855011,0.5151914853282251
TOKYOTECH_s01,148,139,152.63333333333333,0.21704646944999695,0.2589311165375664
TOKYOTECH_s01,148,140,152.66666666666666,1.6539180278778076,0.05109411921785615
TOKYOTECH_s01,148,141,152.7,2.111243963241577,-0.12545061429965776
TOKYOTECH_s01,148,142,152.73333333333332,1.996695876121521,-0.3011020384245247
TOKYOTECH_s01,148,143,152.76666666666668,1.6122963428497314,-0.5050176874603366
TOKYOTECH_s01,148,144,152.8,0.8211310505867004,-0.7500167873568808
TOKYOTECH_s01,148,145,152.83333333333334,0.22078730165958405,-1.021913072560641
TOKYOTECH_s01,148,146,152.86666666666667,0.0660351812839508,-1.277575103362803
TOKYOTECH_s01,148,147,152.9,0.09509550034999847,-1.4535233923548343
TOKYOTECH_s01,148,148,152.93333333333334,0.27764788269996643,-1.4833913158450587
TOKYOTECH_s01,148,149,152.96666666666667,0.299699068069458,-1.3194193278955617
TOKYOTECH_s01,148,150,153.0,-0.1424667239189148,-0.9514214692626611
TOKYOTECH_s01,148,151,153.03333333333333,-0.4550817608833313,-0.4165564964046408
TOKYOTECH_s01,148,152,153.06666666666666,-0.43547195196151733,0.2050443514416284
TOKYOTECH_s01,148,153,153.1,-0.5626600980758667,0.8092796543040229
TOKYOTECH_s01,148,154,153.13333333333333,-0.7434011101722717,1.295693829049283
TOKYOTECH_s01,148,155,153.16666666666666,-0.9847435355186462,1.593237799670286
TOKYOTECH_s01,148,156,153.2,-1.0379027128219604,1.6748346187242276
TOKYOTECH_s01,148,157,153.23333333333332,-0.9630467295646667,1.557195512568232
TOKYOTECH_s01,148,158,153.26666666666668,-0.8870489001274109,1.2890100612491446
TOKYOTECH_s01,148,159,153.3,-0.9003977179527283,0.93420522296433
TOKYOTECH_s01,148,160,153.33333333333334,-0.7018188834190369,0.5559266353117556
TOKYOTECH_s01,148,161,153.36666666666667,0.38955768942832947,0.20397528135684045
TOKYOTECH_s01,148,162,153.4,1.6441524028778076,-0.09312241493776086
TOKYOTECH_s01,148,163,153.43333333333334,2.191770315170288,-0.3304433564822972
TOKYOTECH_s01,148,164,153.46666666666667,1.918453574180603,-0.5228076609417528
TOKYOTECH_s01,148,165,153.5,1.4641201496124268,-0.6952660933892839
TOKYOTECH_s01,148,166,153.53333333333333,0.8681079745292664,-0.8700903062738929
TOKYOTECH_s01,148,167,153.56666666666666,0.1824733465909958,-1.053933311337568
TOKYOTECH_s01,148,168,153.6,-0.05079676955938339,-1.2295401866194318
TOKYOTECH_s01,148,169,153.63333333333333,0.10352220386266708,-1.3558487471999825
TOKYOTECH_s01,148,170,153.66666666666666,0.2930443286895752,-1.3782690162045117
TOKYOTECH_s01,148,171,153.7,0.16290292143821716,-1.2473095536291228
TOKYOTECH_s01,148,172,153.73333333333332,-0.07651003450155258,-0.9394945131706555
TOKYOTECH_s01,148,173,153.76666666666668,-0.23575115203857422,-0.4721324514898599
TOKYOTECH_s01,148,174,153.8,-0.596327543258667,0.09500620341376273
TOKYOTECH_s01,148,175,153.83333333333334,-0.9567857980728149,0.6729312330835504
TOKYOTECH_s01,148,176,153.86666666666667,-1.0526690483093262,1.166984296441865
TOKYOTECH_s01,148,177,153.9,-0.9321750998497009,1.5017258008673728
TOKYOTECH_s01,148,178,153.93333333333334,-0.8686597943305969,1.6382559972506
TOKYOTECH_s01,148,179,153.96666666666667,-0.8742907047271729,1.579088193767514
TOKYOTECH_s01,148,180,154.0,-0.9103207588195801,1.361184212607036
TOKYOTECH_s01,148,181,154.03333333333333,-1.000691294670105,1.041751314243875
TOKYOTECH_s01,148,182,154.06666666666666,-0.6657100319862366,0.6822441673932347
TOKYOTECH_s01,148,183,154.1,0.4843384325504303,0.33469573712071204
TOKYOTECH_s01,148,184,154.13333333333333,1.8301700353622437,0.03280027642054111
TOKYOTECH_s01,148,185,154.16666666666666,2.3213603496551514,-0.21132031313581293
TOKYOTECH_s01,148,186,154.2,1.9318023920059204,-0.40501008443291736
TOKYOTECH_s01,148,187,154.23333333333332,1.5257453918457031,-0.5686929821006912
TOKYOTECH_s01,148,188,154.26666666666668,1.044832468032837,-0.7263901736680045
TOKYOTECH_s01,148,189,154.3,0.40270963311195374,-0.894650778103138
TOKYOTECH_s01,148,190,154.33333333333334,0.02626427635550499,-1.0724529851810825
TOKYOTECH_s01,148,191,154.36666666666667,0.05178065598011017,-1.2356499209741818
TOKYOTECH_s01,148,192,154.4,0.26036131381988525,-1.339312677447511
TOKYOTECH_s01,148,193,154.43333333333334,0.28497201204299927,-1.3292581086884194
TOKYOTECH_s01,148,194,154.46666666666667,0.002756129251793027,-1.1605245099592287
TOKYOTECH_s01,148,195,154.5,-0.35569387674331665,-0.8170068155524969
TOKYOTECH_s01,148,196,154.53333333333333,-0.5818367600440979,-0.3246308859433072
TOKYOTECH_s01,148,197,154.56666666666666,-0.865588366985321,0.24851789076404424
TOKYOTECH_s01,148,198,154.6,-1.000691294670105,0.8075104292445945
TOKYOTECH_s01,148,199,154.63333333333333,-0.9030753970146179,1.2571207588380984
TOKYOTECH_s01,148,200,154.66666666666666,-0.9146522879600525,1.529087733272806
TOKYOTECH_s01,148,201,154.7,-1.076649785041809,1.598527893159445
TOKYOTECH_s01,148,202,154.73333333333332,-1.0003368854522705,1.4841699412693317
TOKYOTECH_s01,148,203,154.76666666666668,-0.8878757953643799,1.2355317960028886
TOKYOTECH_s01,148,204,154.8,-1.0466444492340088,0.9146391662298059
TOKYOTECH_s01,148,205,154.83333333333334,-0.6344839930534363,0.5793872202414025
TOKYOTECH_s01,148,206,154.86666666666667,0.7519847750663757,0.2724996006382768
TOKYOTECH_s01,148,207,154.9,2.045090436935425,0.01682096151605433
TOKYOTECH_s01,148,208,154.93333333333334,2.0446572303771973,-0.18406430736371118
TOKYOTECH_s01,148,209,154.96666666666667,1.6769930124282837,-0.3413630814002887
TOKYOTECH_s01,148,210,155.0,1.350123405456543,-0.4742852960162175
TOKYOTECH_s01,148,211,155.03333333333333,0.956470251083374,-0.6023326169935892
TOKYOTECH_s01,148,212,155.06666666666666,0.36644330620765686,-0.7377878207454452
TOKYOTECH_s01,148,213,155.1,0.12049374729394913,-0.8795867452818015
TOKYOTECH_s01,148,214,155.13333333333333,0.29477691650390625,-1.010269645857273
TOKYOTECH_s01,148,215,155.16666666666666,0.3442346155643463,-1.0978647203932197
TOKYOTECH_s01,148,216,155.2,0.36006420850753784,-1.1035449693741524
TOKYOTECH_s01,148,217,155.23333333333332,0.12604592740535736,-0.9939115042289475
TOKYOTECH_s01,148,218,155.26666666666668,-0.40601786971092224,-0.7546043116044695
TOKYOTECH_s01,148,219,155.3,-0.4993416666984558,-0.40045479641543935
TOKYOTECH_s01,148,220,155.33333333333334,-0.5956975221633911,0.02257539994917326
TOKYOTECH_s01,148,221,155.36666666666667,-0.8970900774002075,0.44609694908074454
TOKYOTECH_s01,148,222,155.4,-0.9995099902153015,0.7967544607047471
TOKYOTECH_s01,148,223,155.43333333333334,-0.9517061114311218,1.0163888167849127
TOKYOTECH_s01,148,224,155.46666666666667,-0.950761079788208,1.0772669524663063
TOKYOTECH_s01,148,225,155.5,-0.9705677628517151,0.9869312875655429
TOKYOTECH_s01,148,226,155.53333333333333,-0.9780887961387634,0.7821608852468372
TOKYOTECH_s01,148,227,155.56666666666666,-0.9854129552841187,0.5159252909165218
TOKYOTECH_s01,148,228,155.6,-1.1931272745132446,0.24249359840047055
TOKYOTECH_s01,148,229,155.63333333333333,-0.5977845191955566,0.0049329987477785275
TOKYOTECH_s01,148,230,155.66666666666666,1.0366814136505127,-0.17207233413058237
TOKYOTECH_s01,148,231,155.7,2.258317470550537,-0.28281798862538693
TOKYOTECH_s01,148,232,155.73333333333332,2.1167173385620117,-0.3356805932248673
TOKYOTECH_s01,148,233,155.76666666666668,1.4912904500961304,-0.3457892341955918
TOKYOTECH_s01,148,234,155.8,0.8534990549087524,-0.32865663661568306
TOKYOTECH_s01,148,235,155.83333333333334,0.32277408242225647,-0.2966674811890346
TOKYOTECH_s01,148,236,155.86666666666667,0.21842467784881592,-0.25805133042314427
TOKYOTECH_s01,148,237,155.9,0.21086426079273224,-0.21681594370138313
TOKYOTECH_s01,148,238,155.93333333333334,0.3084801733493805,-0.17294980460259
TOKYOTECH_s01,148,239,155.96666666666667,0.2185821831226349,-0.12340126239536531
TOKYOTECH_s01,149,0,149.0,-0.14542001485824585,0.07175544179209353
TOKYOTECH_s01,149,1,149.03333333333333,-0.17341715097427368,-0.30357275668357525
TOKYOTECH_s01,149,2,149.06666666666666,0.06485386192798615,-0.614804741787602
TOKYOTECH_s01,149,3,149.1,-0.04926105961203575,-0.8061918089143261
TOKYOTECH_s01,149,4,149.13333333333333,-0.06091669201850891,-0.8414504424243927
TOKYOTECH_s01,149,5,149.16666666666666,-0.10368025302886963,-0.7112823194355568
TOKYOTECH_s01,149,6,149.2,-0.3819190561771393,-0.4368128796948927
TOKYOTECH_s01,149,7,149.23333333333332,-0.7502921223640442,-0.06759320768677127
TOKYOTECH_s01,149,8,149.26666666666668,-0.949855387210846,0.32681694202619255
TOKYOTECH_s01,149,9,149.3,-1.1606411933898926,0.6714566105274807
TOKYOTECH_s01,149,10,149.33333333333334,-1.0648759603500366,0.9036518153088995
TOKYOTECH_s01,149,11,149.36666666666667,-1.128233790397644,0.9881069298347738
TOKYOTECH_s01,149,12,149.4,-1.1458747386932373,0.9238990133910232
TOKYOTECH_s01,149,13,149.43333333333334,-1.1190983057022095,0.7410171052070679
TOKYOTECH_s01,149,14,149.46666666666667,-1.123547911643982,0.4885054730666454
TOKYOTECH_s01,149,15,149.5,-1.0703887939453125,0.21934156144416442
TOKYOTECH_s01,149,16,149.53333333333333,-0.753166675567627,-0.02274593480644231
TOKYOTECH_s01,149,17,149.56666666666666,0.5337173342704773,-0.21138701062321782
TOKYOTECH_s01,149,18,149.6,1.8204045295715332,-0.3398707012737173
TOKYOTECH_s01,149,19,149.63333333333333,1.987284779548645,-0.41860008235219626
TOKYOTECH_s01,149,20,149.66666666666666,1.7204653024673462,-0.46939720015559744
TOKYOTECH_s01,149,21,149.7,1.1893465518951416,-0.5181662151706087
TOKYOTECH_s01,149,22,149.73333333333332,0.6602754592895508,-0.5868223925746621
TOKYOTECH_s01,149,23,149.76666666666668,0.387155681848526,-0.6853196197658067
TOKYOTECH_s01,149,24,149.8,0.05032370239496231,-0.805448471169331
TOKYOTECH_s01,149,25,149.83333333333334,0.11781610548496246,-0.9189264424780619
TOKYOTECH_s01,149,26,149.86666666666667,0.29217803478240967,-0.9819634783654044
TOKYOTECH_s01,149,27,149.9,0.27300137281417847,-0.9466292176156595
TOKYOTECH_s01,149,28,149.93333333333334,0.030517006292939186,-0.7765930144600678
TOKYOTECH_s01,149,29,149.96666666666667,-0.5047363042831421,-0.4624666154713659
TOKYOTECH_s01,149,30,150.0,-0.6988655924797058,-0.031207037989563202
TOKYOTECH_s01,149,31,150.03333333333333,-0.8778740167617798,0.45499365018882987
TOKYOTECH_s01,149,32,150.06666666666666,-0.8831111788749695,0.9122444638990733
TOKYOTECH_s01,149,33,150.1,-0.8870489001274109,1.2580808582633005
TOKYOTECH_s01,149,34,150.13333333333333,-1.0498733520507812,1.4358123146620791
TOKYOTECH_s01,149,35,150.16666666666666,-1.10740327835083,1.4299001920284262
TOKYOTECH_s01,149,36,150.2,-1.1742262840270996,1.2666872035791323
TOKYOTECH_s01,149,37,150.23333333333332,-1.161507487297058,1.0019592314628198
TOKYOTECH_s01,149,38,150.26666666666668,-1.147922396659851,0.7015019845201599
TOKYOTECH_s01,149,39,150.3,-0.9470596313476562,0.421816286449318
TOKYOTECH_s01,149,40,150.33333333333334,0.2889097332954407,0.1966712886067109
TOKYOTECH_s01,149,41,150.36666666666667,1.7532271146774292,0.03241136972955433
TOKYOTECH_s01,149,42,150.4,2.1557796001434326,-0.08811695038863132
TOKYOTECH_s01,149,43,150.43333333333334,1.9377089738845825,-0.19565894124743213
TOKYOTECH_s01,149,44,150.46666666666667,1.3348057270050049,-0.32258228543861756
TOKYOTECH_s01,149,45,150.5,0.7210737466812134,-0.49220620608851395
TOKYOTECH_s01,149,46,150.53333333333333,0.37353119254112244,-0.7108506558740919
TOKYOTECH_s01,149,47,150.56666666666666,-0.04811912402510643,-0.962786085890682
TOKYOTECH_s01,149,48,150.6,-0.08162906020879745,-1.209019572718206
TOKYOTECH_s01,149,49,150.63333333333333,0.06190057843923569,-1.3920374554277992
TOKYOTECH_s01,149,50,150.66666666666666,0.13573269546031952,-1.4480223444928597
TOKYOTECH_s01,149,51,150.7,0.11505970358848572,-1.32532948280525
TOKYOTECH_s01,149,52,150.73333333333332,-0.2220872938632965,-1.0043758950755346
TOKYOTECH_s01,149,53,150.76666666666668,-0.5162344574928284,-0.5114660651257885
TOKYOTECH_s01,149,54,150.8,-0.8584610819816589,0.0806741569140764
TOKYOTECH_s01,149,55,150.83333333333334,-0.9922252297401428,0.6687158766795481
TOKYOTECH_s01,149,56,150.86666666666667,-1.0832651853561401,1.1469158617011637
TOKYOTECH_s01,149,57,150.9,-1.2295117378234863,1.437495087956821
TOKYOTECH_s01,149,58,150.93333333333334,-1.3048796653747559,1.5114565014843613
TOKYOTECH_s01,149,59,150.96666666666667,-1.2037591934204102,1.392252331116137
TOKYOTECH_s01,149,60,151.0,-1.1394957304000854,1.1425178211886242
TOKYOTECH_s01,149,61,151.03333333333333,-1.122327208518982,0.8408034755835068
TOKYOTECH_s01,149,62,151.06666666666666,-0.981081485748291,0.557282986673419
TOKYOTECH_s01,149,63,151.1,-0.15132658183574677,0.3356759824303722
TOKYOTECH_s01,149,64,151.13333333333333,1.411709189414978,0.18560819721946828
TOKYOTECH_s01,149,65,151.16666666666666,2.2055916786193848,0.08618683288767269
TOKYOTECH_s01,149,66,151.2,2.131326198577881,-0.0019362452481540265
TOKYOTECH_s01,149,67,151.23333333333332,1.540039300918579,-0.12092546718606657
TOKYOTECH_s01,149,68,151.26666666666668,0.8672022819519043,-0.30130427566714035
TOKYOTECH_s01,149,69,151.3,0.3918415606021881,-0.5516186279762032
TOKYOTECH_s01,149,70,151.33333333333334,0.09359917044639587,-0.8532306849720707
TOKYOTECH_s01,149,71,151.36666666666667,0.19298705458641052,-1.1605580037390024
TOKYOTECH_s01,149,72,151.4,0.2120455801486969,-1.4076398217417527
TOKYOTECH_s01,149,73,151.43333333333334,0.20724156498908997,-1.5219071687923582
TOKYOTECH_s01,149,74,151.46666666666667,-0.01937381736934185,-1.4439270031354967
TOKYOTECH_s01,149,75,151.5,-0.3208451271057129,-1.1485124613302418
TOKYOTECH_s01,149,76,151.53333333333333,-0.530882716178894,-0.6599698679528675
TOKYOTECH_s01,149,77,151.56666666666666,-0.733163058757782,-0.053938787665305916
TOKYOTECH_s01,149,78,151.6,-0.8484199047088623,0.5586164929738785
TOKYOTECH_s01,149,79,151.63333333333333,-1.05227530002594,1.0625218839932904
TOKYOTECH_s01,149,80,151.66666666666666,-1.1062220335006714,1.3730524726467621
TOKYOTECH_s01,149,81,151.7,-1.1014573574066162,1.4591292387748527
TOKYOTECH_s01,149,82,151.73333333333332,-1.1850550174713135,1.3461624901719818
TOKYOTECH_s01,149,83,151.76666666666668,-1.0536929368972778,1.1001713621403468
TOKYOTECH_s01,149,84,151.8,-1.125556230545044,0.8020559389900956
TOKYOTECH_s01,149,85,151.83333333333334,-1.3269307613372803,0.5223243233158351
TOKYOTECH_s01,149,86,151.86666666666667,-0.7514340281486511,0.3036831116320297
TOKYOTECH_s01,149,87,151.9,0.8601143956184387,0.15465243755966368
TOKYOTECH_s01,149,88,151.93333333333334,2.0686378479003906,0.05402416484634189
TOKYOTECH_s01,149,89,151.96666666666667,2.1138033866882324,-0.03652564877327693
TOKYOTECH_s01,149,90,152.0,1.5958367586135864,-0.1564468842823708
TOKYOTECH_s01,149,91,152.03333333333333,1.0875567197799683,-0.3320747654925666
TOKYOTECH_s01,149,92,152.06666666666666,0.35809534788131714,-0.5671827825715031
TOKYOTECH_s01,149,93,152.1,0.024334797635674477,-0.8390194360986553
TOKYOTECH_s01,149,94,152.13333333333333,0.08332173526287079,-1.1000036200237204
TOKYOTECH_s01,149,95,152.16666666666666,0.18081951141357422,-1.285801853409033
TOKYOTECH_s01,149,96,152.2,0.2681579887866974,-1.3301659417181753
TOKYOTECH_s01,149,97,152.23333333333332,0.267331063747406,-1.1847539266745806
TOKYOTECH_s01,149,98,152.26666666666668,-0.06572069972753525,-0.8387936639022627
TOKYOTECH_s01,149,99,152.3,-0.31293031573295593,-0.3308634044842909
TOKYOTECH_s01,149,100,152.33333333333334,-0.45945262908935547,0.2543882982152727
TOKYOTECH_s01,149,101,152.36666666666667,-0.856098473072052,0.8066751810306658
TOKYOTECH_s01,149,102,152.4,-1.2414430379867554,1.2215484591674044
TOKYOTECH_s01,149,103,152.43333333333334,-1.1236660480499268,1.4306158728045464
TOKYOTECH_s01,149,104,152.46666666666667,-1.0430216789245605,1.418531122863473
TOKYOTECH_s01,149,105,152.5,-1.2162810564041138,1.221252703617347
TOKYOTECH_s01,149,106,152.53333333333333,-1.133549690246582,0.9087012015526678
TOKYOTECH_s01,149,107,152.56666666666666,-1.0039595365524292,0.5605932558931924
TOKYOTECH_s01,149,108,152.6,-0.898271381855011,0.24419627869790037
TOKYOTECH_s01,149,109,152.63333333333333,0.21704646944999695,-0.0006211149148086024
TOKYOTECH_s01,149,110,152.66666666666666,1.6539180278778076,-0.16679421892282395
TOKYOTECH_s01,149,111,152.7,2.111243963241577,-0.2758354241922156
TOKYOTECH_s01,149,112,152.73333333333332,1.996695876121521,-0.3658049079879652
TOKYOTECH_s01,149,113,152.76666666666668,1.6122963428497314,-0.47505137557363825
TOKYOTECH_s01,149,114,152.8,0.8211310505867004,-0.6264069636464548
TOKYOTECH_s01,149,115,152.83333333333334,0.22078730165958405,-0.8164421525577598
TOKYOTECH_s01,149,116,152.86666666666667,0.0660351812839508,-1.0129379941290872
TOKYOTECH_s01,149,117,152.9,0.09509550034999847,-1.1615359414308064
TOKYOTECH_s01,149,118,152.93333333333334,0.27764788269996643,-1.2003073983293704
TOKYOTECH_s01,149,119,152.96666666666667,0.299699068069458,-1.0789192414941244
TOKYOTECH_s01,149,120,153.0,-0.1424667239189148,-0.7772716124005692
TOKYOTECH_s01,149,121,153.03333333333333,-0.4550817608833313,-0.31750685290839636
TOKYOTECH_s01,149,122,153.06666666666666,-0.43547195196151733,0.23593436262737333
TOKYOTECH_s01,149,123,153.1,-0.5626600980758667,0.7900724062293031
TOKYOTECH_s01,149,124,153.13333333333333,-0.7434011101722717,1.2472502622082817
TOKYOTECH_s01,149,125,153.16666666666666,-0.9847435355186462,1.530764781296193
TOKYOTECH_s01,149,126,153.2,-1.0379027128219604,1.6032472692099606
TOKYOTECH_s01,149,127,153.23333333333332,-0.9630467295646667,1.472227631641309
TOKYOTECH_s01,149,128,153.26666666666668,-0.8870489001274109,1.1828427208302683
TOKYOTECH_s01,149,129,153.3,-0.9003977179527283,0.802114815233671
TOKYOTECH_s01,149,130,153.33333333333334,-0.7018188834190369,0.4005920427132481
TOKYOTECH_s01,149,131,153.36666666666667,0.38955768942832947,0.03614964308292304
TOKYOTECH_s01,149,132,153.4,1.6441524028778076,-0.2568468784598048
TOKYOTECH_s01,149,133,153.43333333333334,2.191770315170288,-0.47128253017200883
TOKYOTECH_s01,149,134,153.46666666666667,1.918453574180603,-0.6235852693965567
TOKYOTECH_s01,149,135,153.5,1.4641201496124268,-0.7436875095588951
TOKYOTECH_s01,149,136,153.53333333333333,0.8681079745292664,-0.8612965037493324
TOKYOTECH_s01,149,137,153.56666666666666,0.1824733465909958,-0.9922093115968666
TOKYOTECH_s01,149,138,153.6,-0.05079676955938339,-1.128645935210763
TOKYOTECH_s01,149,139,153.63333333333333,0.10352220386266708,-1.237094234191362
TOKYOTECH_s01,149,140,153.66666666666666,0.2930443286895752,-1.2659077355521384
TOKYOTECH_s01,149,141,153.7,0.16290292143821716,-1.1620538955470818
TOKYOTECH_s01,149,142,153.73333333333332,-0.07651003450155258,-0.8921385787846147
TOKYOTECH_s01,149,143,153.76666666666668,-0.23575115203857422,-0.4596754889240418
TOKYOTECH_s01,149,144,153.8,-0.596327543258667,0.08890874837739884
TOKYOTECH_s01,149,145,153.83333333333334,-0.9567857980728149,0.6727667080030383
TOKYOTECH_s01,149,146,153.86666666666667,-1.0526690483093262,1.1968542575784353
TOKYOTECH_s01,149,147,153.9,-0.9321750998497009,1.5764674902503526
TOKYOTECH_s01,149,148,153.93333333333334,-0.8686597943305969,1.7576430479085887
TOKYOTECH_s01,149,149,153.96666666666667,-0.8742907047271729,1.7275033099466857
TOKYOTECH_s01,149,150,154.0,-0.9103207588195801,1.5129579575615604
TOKYOTECH_s01,149,151,154.03333333333333,-1.000691294670105,1.1699743616764344
TOKYOTECH_s01,149,152,154.06666666666666,-0.6657100319862366,0.7674574142311138
TOKYOTECH_s01,149,153,154.1,0.4843384325504303,0.3701022350191334
TOKYOTECH_s01,149,154,154.13333333333333,1.8301700353622437,0.024333120640265958
TOKYOTECH_s01,149,155,154.16666666666666,2.3213603496551514,-0.24950094479262103
TOKYOTECH_s01,149,156,154.2,1.9318023920059204,-0.45734422369741645
TOKYOTECH_s01,149,157,154.23333333333332,1.5257453918457031,-0.6246551645717469
TOKYOTECH_s01,149,158,154.26666666666668,1.044832468032837,-0.7844531690199801
TOKYOTECH_s01,149,159,154.3,0.40270963311195374,-0.9628788983850081
TOKYOTECH_s01,149,160,154.33333333333334,0.02626427635550499,-1.165891040175866
TOKYOTECH_s01,149,161,154.36666666666667,0.05178065598011017,-1.3713081882377889
TOKYOTECH_s01,149,162,154.4,0.26036131381988525,-1.5298469527380394
TOKYOTECH_s01,149,163,154.43333333333334,0.28497201204299927,-1.5766766423611096
TOKYOTECH_s01,149,164,154.46666666666667,0.002756129251793027,-1.4515537717749853
TOKYOTECH_s01,149,165,154.5,-0.35569387674331665,-1.1218734548985918
TOKYOTECH_s01,149,166,154.53333333333333,-0.5818367600440979,-0.6005172691153562
TOKYOTECH_s01,149,167,154.56666666666666,-0.865588366985321,0.049361291876222874
TOKYOTECH_s01,149,168,154.6,-1.000691294670105,0.7266889284593311
TOKYOTECH_s01,149,169,154.63333333333333,-0.9030753970146179,1.3191122514104008
TOKYOTECH_s01,149,170,154.66666666666666,-0.9146522879600525,1.7337702167480462
TOKYOTECH_s01,149,171,154.7,-1.076649785041809,1.9197784125911166
TOKYOTECH_s01,149,172,154.73333333333332,-1.0003368854522705,1.8753436553125782
TOKYOTECH_s01,149,173,154.76666666666668,-0.8878757953643799,1.6405191078640335
TOKYOTECH_s01,149,174,154.8,-1.0466444492340088,1.2813262220463622
TOKYOTECH_s01,149,175,154.83333333333334,-0.6344839930534363,0.8714071882144111
TOKYOTECH_s01,149,176,154.86666666666667,0.7519847750663757,0.47567671197261147
TOKYOTECH_s01,149,177,154.9,2.045090436935425,0.13848524581097163
TOKYOTECH_s01,149,178,154.93333333333334,2.0446572303771973,-0.12247226459495418
TOKYOTECH_s01,149,179,154.96666666666667,1.6769930124282837,-0.31596705190880425
TOKYOTECH_s01,149,180,155.0,1.350123405456543,-0.47090140702039945
TOKYOTECH_s01,149,181,155.03333333333333,0.956470251083374,-0.6248260695506704
TOKYOTECH_s01,149,182,155.06666666666666,0.36644330620765686,-0.8093725712589129
TOKYOTECH_s01,149,183,155.1,0.12049374729394913,-1.035925078883088
TOKYOTECH_s01,149,184,155.13333333333333,0.29477691650390625,-1.2859201760881713
TOKYOTECH_s01,149,185,155.16666666666666,0.3442346155643463,-1.5100554188951263
TOKYOTECH_s01,149,186,155.2,0.36006420850753784,-1.6386665048125324
TOKYOTECH_s01,149,187,155.23333333333332,0.12604592740535736,-1.6019168354790487
TOKYOTECH_s01,149,188,155.26666666666668,-0.40601786971092224,-1.354403044591845
TOKYOTECH_s01,149,189,155.3,-0.4993416666984558,-0.8958532460616493
TOKYOTECH_s01,149,190,155.33333333333334,-0.5956975221633911,-0.2793508655599878
TOKYOTECH_s01,149,191,155.36666666666667,-0.8970900774002075,0.3979370605399565
TOKYOTECH_s01,149,192,155.4,-0.9995099902153015,1.0197879482473848
TOKYOTECH_s01,149,193,155.43333333333334,-0.9517061114311218,1.4830126163277166
TOKYOTECH_s01,149,194,155.46666666666667,-0.950761079788208,1.7244874217488873
TOKYOTECH_s01,149,195,155.5,-0.9705677628517151,1.7334676615647147
TOKYOTECH_s01,149,196,155.53333333333333,-0.9780887961387634,1.5469038175183643
TOKYOTECH_s01,149,197,155.56666666666666,-0.9854129552841187,1.2327217146296108
TOKYOTECH_s01,149,198,155.6,-1.1931272745132446,0.8686790239768242
TOKYOTECH_s01,149,199,155.63333333333333,-0.5977845191955566,0.5230751313680642
TOKYOTECH_s01,149,200,155.66666666666666,1.0366814136505127,0.24111089763088087
TOKYOTECH_s01,149,201,155.7,2.258317470550537,0.03860550927800664
TOKYOTECH_s01,149,202,155.73333333333332,2.1167173385620117,-0.09668989008053742
TOKYOTECH_s01,149,203,155.76666666666668,1.4912904500961304,-0.19718958776120327
TOKYOTECH_s01,149,204,155.8,0.8534990549087524,-0.30325322413869116
TOKYOTECH_s01,149,205,155.83333333333334,0.32277408242225647,-0.44957956950976036
TOKYOTECH_s01,149,206,155.86666666666667,0.21842467784881592,-0.652851547352682
TOKYOTECH_s01,149,207,155.9,0.21086426079273224,-0.9029999340476664
TOKYOTECH_s01,149,208,155.93333333333334,0.3084801733493805,-1.160813019654667
TOKYOTECH_s01,149,209,155.96666666666667,0.2185821831226349,-1.364353609033043
TOKYOTECH_s01,149,210,156.0,0.20956481993198395,-1.4444671526607353
TOKYOTECH_s01,149,211,156.03333333333333,0.011025326326489449,-1.346184626535963
TOKYOTECH_s01,149,212,156.06666666666666,-0.31950631737709045,-1.0496771839095411
TOKYOTECH_s01,149,213,156.1,-0.6781926155090332,-0.5829906414495034
TOKYOTECH_s01,149,214,156.13333333333333,-0.9287099242210388,-0.020144744454188943
TOKYOTECH_s01,149,215,156.16666666666666,-0.9046111106872559,0.5370285217228011
TOKYOTECH_s01,149,216,156.2,-0.9255596995353699,0.9879033578219335
TOKYOTECH_s01,149,217,156.23333333333332,-1.0491251945495605,1.2621168085960621
TOKYOTECH_s01,149,218,156.26666666666668,-0.8783859014511108,1.3375755013965873
TOKYOTECH_s01,149,219,156.3,-0.7039452195167542,1.2413884366787795
TOKYOTECH_s01,149,220,156.33333333333334,-0.8443641066551208,1.0353191387203027
TOKYOTECH_s01,149,221,156.36666666666667,-1.1771007776260376,0.7931112109393048
TOKYOTECH_s01,149,222,156.4,-1.0259714126586914,0.578141086181592
TOKYOTECH_s01,149,223,156.43333333333334,-0.08733874559402466,0.4276726666188686
TOKYOTECH_s01,149,224,156.46666666666667,1.3389009237289429,0.34709250821510107
TOKYOTECH_s01,149,225,156.5,2.13569712638855,0.314380007339257
TOKYOTECH_s01,149,226,156.53333333333333,2.052020788192749,0.2917598004528606
TOKYOTECH_s01,149,227,156.56666666666666,1.532400131225586,0.23950170592172781
TOKYOTECH_s01,149,228,156.6,1.0173473358154297,0.1273955167793479
TOKYOTECH_s01,149,229,156.63333333333333,0.5198566317558289,-0.058287138006399536
TOKYOTECH_s01,149,230,156.66666666666666,0.2704024910926819,-0.3122488019198506
TOKYOTECH_s01,149,231,156.7,0.11883991211652756,-0.6108787496954584
TOKYOTECH_s01,149,232,156.73333333333332,0.10848372429609299,-0.9154014221261043
TOKYOTECH_s01,149,233,156.76666666666668,0.306235671043396,-1.1774597920895344
TOKYOTECH_s01,149,234,156.8,0.20566648244857788,-1.3473121355963489
TOKYOTECH_s01,149,235,156.83333333333334,-0.2686704397201538,-1.3840242393691717
TOKYOTECH_s01,149,236,156.86666666666667,-0.5899878144264221,-1.2656877970712672
TOKYOTECH_s01,149,237,156.9,-0.8316452503204346,-0.9966382732264465
TOKYOTECH_s01,149,238,156.93333333333334,-1.1149637699127197,-0.6087988815966312
TOKYOTECH_s01,149,239,156.96666666666667,-1.0722001791000366,-0.15618935621987445
TOKYOTECH_s01,150,0,150.0,-0.6988655924797058,0.09774192207179702
TOKYOTECH_s01,150,1,150.03333333333333,-0.8778740167617798,0.3744035071878388
TOKYOTECH_s01,150,2,150.06666666666666,-0.8831111788749695,0.6010927865131268
TOKYOTECH_s01,150,3,150.1,-0.8870489001274109,0.7396457653209703
TOKYOTECH_s01,150,4,150.13333333333333,-1.0498733520507812,0.769986130871394
TOKYOTECH_s01,150,5,150.16666666666666,-1.10740327835083,0.6946453005973207
TOKYOTECH_s01,150,6,150.2,-1.1742262840270996,0.5375051683578036
TOKYOTECH_s01,150,7,150.23333333333332,-1.161507487297058,0.3367071169050675
TOKYOTECH_s01,150,8,150.26666666666668,-1.147922396659851,0.13389665074337023
TOKYOTECH_s01,150,9,150.3,-0.9470596313476562,-0.036678493555559286
TOKYOTECH_s01,150,10,150.33333333333334,0.2889097332954407,-0.1559921536620613
TOKYOTECH_s01,150,11,150.36666666666667,1.7532271146774292,-0.22316731178970517
TOKYOTECH_s01,150,12,150.4,2.1557796001434326,-0.2532667829459378
TOKYOTECH_s01,150,13,150.43333333333334,1.9377089738845825,-0.27106633051134116
TOKYOTECH_s01,150,14,150.46666666666667,1.3348057270050049,-0.30287630885035294
TOKYOTECH_s01,150,15,150.5,0.7210737466812134,-0.3685665749540752
TOKYOTECH_s01,150,16,150.53333333333333,0.37353119254112244,-0.4751715099799138
TOKYOTECH_s01,150,17,150.56666666666666,-0.04811912402510643,-0.6127892802242446
TOKYOTECH_s01,150,18,150.6,-0.08162906020879745,-0.7536840640338611
TOKYOTECH_s01,150,19,150.63333333333333,0.06190057843923569,-0.8559479768548711
TOKYOTECH_s01,150,20,150.66666666666666,0.13573269546031952,-0.8726660412042294
TOKYOTECH_s01,150,21,150.7,0.11505970358848572,-0.7657116552619201
TOKYOTECH_s01,150,22,150.73333333333332,-0.2220872938632965,-0.5205714333368762
TOKYOTECH_s01,150,23,150.76666666666668,-0.5162344574928284,-0.15653556836638752
TOKYOTECH_s01,150,24,150.8,-0.8584610819816589,0.27312526888400557
TOKYOTECH_s01,150,25,150.83333333333334,-0.9922252297401428,0.6930859113520901
TOKYOTECH_s01,150,26,150.86666666666667,-1.0832651853561401,1.0268190551553225
TOKYOTECH_s01,150,27,150.9,-1.2295117378234863,1.2187711072078893
TOKYOTECH_s01,150,28,150.93333333333334,-1.3048796653747559,1.2493354094388212
TOKYOTECH_s01,150,29,150.96666666666667,-1.2037591934204102,1.1372256633933238
TOKYOTECH_s01,150,30,151.0,-1.1394957304000854,0.9294247325525907
TOKYOTECH_s01,150,31,151.03333333333333,-1.122327208518982,0.6837746721520414
TOKYOTECH_s01,150,32,151.06666666666666,-0.981081485748291,0.4510377298335477
TOKYOTECH_s01,150,33,151.1,-0.15132658183574677,0.26203620327152327
TOKYOTECH_s01,150,34,151.13333333333333,1.411709189414978,0.1227842237494645
TOKYOTECH_s01,150,35,151.16666666666666,2.2055916786193848,0.017640674577386075
TOKYOTECH_s01,150,36,151.2,2.131326198577881,-0.08172813319656008
TOKYOTECH_s01,150,37,151.23333333333332,1.540039300918579,-0.20495197328901374
TOKYOTECH_s01,150,38,151.26666666666668,0.8672022819519043,-0.3724792021737315
TOKYOTECH_s01,150,39,151.3,0.3918415606021881,-0.5882416200064419
TOKYOTECH_s01,150,40,151.33333333333334,0.09359917044639587,-0.8360878061376256
TOKYOTECH_s01,150,41,151.36666666666667,0.19298705458641052,-1.0799411741523979
TOKYOTECH_s01,150,42,151.4,0.2120455801486969,-1.268367378892523
TOKYOTECH_s01,150,43,151.43333333333334,0.20724156498908997,-1.3446268721005978
TOKYOTECH_s01,150,44,151.46666666666667,-0.01937381736934185,-1.2616941973207414
TOKYOTECH_s01,150,45,151.5,-0.3208451271057129,-0.9988697968205893
TOKYOTECH_s01,150,46,151.53333333333333,-0.530882716178894,-0.5743328746485024
TOKYOTECH_s01,150,47,151.56666666666666,-0.733163058757782,-0.04751930929665188
TOKYOTECH_s01,150,48,151.6,-0.8484199047088623,0.49257850631901107
TOKYOTECH_s01,150,49,151.63333333333333,-1.05227530002594,0.9514896869134473
TOKYOTECH_s01,150,50,151.66666666666666,-1.1062220335006714,1.2568240684056147
TOKYOTECH_s01,150,51,151.7,-1.1014573574066162,1.3773279656849562
TOKYOTECH_s01,150,52,151.73333333333332,-1.1850550174713135,1.326061506541198
TOKYOTECH_s01,150,53,151.76666666666668,-1.0536929368972778,1.148742327433774
TOKYOTECH_s01,150,54,151.8,-1.125556230545044,0.9043584930800892
TOKYOTECH_s01,150,55,151.83333333333334,-1.3269307613372803,0.6463685834800325
TOKYOTECH_s01,150,56,151.86666666666667,-0.7514340281486511,0.4101194902926827
TOKYOTECH_s01,150,57,151.9,0.8601143956184387,0.20833401960439457
TOKYOTECH_s01,150,58,151.93333333333334,2.0686378479003906,0.03397374299846603
TOKYOTECH_s01,150,59,151.96666666666667,2.1138033866882324,-0.13165748762577836
TOKYOTECH_s01,150,60,152.0,1.5958367586135864,-0.30877118336005943
TOKYOTECH_s01,150,61,152.03333333333333,1.0875567197799683,-0.5101052385233548
TOKYOTECH_s01,150,62,152.06666666666666,0.35809534788131714,-0.7347774278130262
TOKYOTECH_s01,150,63,152.1,0.024334797635674477,-0.9652437294316951
TOKYOTECH_s01,150,64,152.13333333333333,0.08332173526287079,-1.1676679197997306
TOKYOTECH_s01,150,65,152.16666666666666,0.18081951141357422,-1.2966756658746648
TOKYOTECH_s01,150,66,152.2,0.2681579887866974,-1.305184700207895
TOKYOTECH_s01,150,67,152.23333333333332,0.267331063747406,-1.1583193844873119
TOKYOTECH_s01,150,68,152.26666666666668,-0.06572069972753525,-0.8479235171526851
TOKYOTECH_s01,150,69,152.3,-0.31293031573295593,-0.40203208155441417
TOKYOTECH_s01,150,70,152.33333333333334,-0.45945262908935547,0.11648831473863158
TOKYOTECH_s01,150,71,152.36666666666667,-0.856098473072052,0.6242766264180178
TOKYOTECH_s01,150,72,152.4,-1.2414430379867554,1.0401952463436959
TOKYOTECH_s01,150,73,152.43333333333334,-1.1236660480499268,1.3068915273711221
TOKYOTECH_s01,150,74,152.46666666666667,-1.0430216789245605,1.4026874252988903
TOKYOTECH_s01,150,75,152.5,-1.2162810564041138,1.340913607069196
TOKYOTECH_s01,150,76,152.53333333333333,-1.133549690246582,1.1597797666861769
TOKYOTECH_s01,150,77,152.56666666666666,-1.0039595365524292,0.908632393799385
TOKYOTECH_s01,150,78,152.6,-0.898271381855011,0.6351379186299145
TOKYOTECH_s01,150,79,152.63333333333333,0.21704646944999695,0.375295395329697
TOKYOTECH_s01,150,80,152.66666666666666,1.6539180278778076,0.14715010953325228
TOKYOTECH_s01,150,81,152.7,2.111243963241577,-0.05063295798408374
TOKYOTECH_s01,150,82,152.73333333333332,1.996695876121521,-0.23433355483470317
TOKYOTECH_s01,150,83,152.76666666666668,1.6122963428497314,-0.42535029587329676
TOKYOTECH_s01,150,84,152.8,0.8211310505867004,-0.6378181395980389
TOKYOTECH_s01,150,85,152.83333333333334,0.22078730165958405,-0.8681582932918896
TOKYOTECH_s01,150,86,152.86666666666667,0.0660351812839508,-1.0906758897494115
TOKYOTECH_s01,150,87,152.9,0.09509550034999847,-1.2612449779821593
TOKYOTECH_s01,150,88,152.93333333333334,0.27764788269996643,-1.3284766652361415
TOKYOTECH_s01,150,89,152.96666666666667,0.299699068069458,-1.2494201932489024
TOKYOTECH_s01,150,90,153.0,-0.1424667239189148,-1.0052659755766928
TOKYOTECH_s01,150,91,153.03333333333333,-0.4550817608833313,-0.6118211319852614
TOKYOTECH_s01,150,92,153.06666666666666,-0.43547195196151733,-0.12011122022136655
TOKYOTECH_s01,150,93,153.1,-0.5626600980758667,0.39462224947805113
TOKYOTECH_s01,150,94,153.13333333333333,-0.7434011101722717,0.8522429647657438
TOKYOTECH_s01,150,95,153.16666666666666,-0.9847435355186462,1.1879918217973424
TOKYOTECH_s01,150,96,153.2,-1.0379027128219604,1.3661620868525768
TOKYOTECH_s01,150,97,153.23333333333332,-0.9630467295646667,1.3833110563877737
TOKYOTECH_s01,150,98,153.26666666666668,-0.8870489001274109,1.262286219401859
TOKYOTECH_s01,150,99,153.3,-0.9003977179527283,1.0416665837818173
TOKYOTECH_s01,150,100,153.33333333333334,-0.7018188834190369,0.7649739643473861
TOKYOTECH_s01,150,101,153.36666666666667,0.38955768942832947,0.47179050084544005
TOKYOTECH_s01,150,102,153.4,1.6441524028778076,0.19128273010318514
TOKYOTECH_s01,150,103,153.43333333333334,2.191770315170288,-0.0615734888470318
TOKYOTECH_s01,150,104,153.46666666666667,1.918453574180603,-0.2862229470300236
TOKYOTECH_s01,150,105,153.5,1.4641201496124268,-0.49241054899287573
TOKYOTECH_s01,150,106,153.53333333333333,0.8681079745292664,-0.692258401530443
TOKYOTECH_s01,150,107,153.56666666666666,0.1824733465909958,-0.8908368216099841
TOKYOTECH_s01,150,108,153.6,-0.05079676955938339,-1.078425856786199
TOKYOTECH_s01,150,109,153.63333333333333,0.10352220386266708,-1.2276085707010211
TOKYOTECH_s01,150,110,153.66666666666666,0.2930443286895752,-1.2974913632510798
TOKYOTECH_s01,150,111,153.7,0.16290292143821716,-1.2452554882306661
TOKYOTECH_s01,150,112,153.73333333333332,-0.07651003450155258,-1.0419996157771507
TOKYOTECH_s01,150,113,153.76666666666668,-0.23575115203857422,-0.687088713411957
TOKYOTECH_s01,150,114,153.8,-0.596327543258667,-0.2148376002170087
TOKYOTECH_s01,150,115,153.83333333333334,-0.9567857980728149,0.31014100411041506
TOKYOTECH_s01,150,116,153.86666666666667,-1.0526690483093262,0.8081038044732978
TOKYOTECH_s01,150,117,153.9,-0.9321750998497009,1.2045622216190939
TOKYOTECH_s01,150,118,153.93333333333334,-0.8686597943305969,1.4483233575814203
TOKYOTECH_s01,150,119,153.96666666666667,-0.8742907047271729,1.5209529133253425
TOKYOTECH_s01,150,120,154.0,-0.9103207588195801,1.4358019663066408
TOKYOTECH_s01,150,121,154.03333333333333,-1.000691294670105,1.2291932775999581
TOKYOTECH_s01,150,122,154.06666666666666,-0.6657100319862366,0.9482058461625411
TOKYOTECH_s01,150,123,154.1,0.4843384325504303,0.6388555198528052
TOKYOTECH_s01,150,124,154.13333333333333,1.8301700353622437,0.33692870089163673
TOKYOTECH_s01,150,125,154.16666666666666,2.3213603496551514,0.06247298282749761
TOKYOTECH_s01,150,126,154.2,1.9318023920059204,-0.18159101396477403
TOKYOTECH_s01,150,127,154.23333333333332,1.5257453918457031,-0.40641154721611306
TOKYOTECH_s01,150,128,154.26666666666668,1.044832468032837,-0.6297750978009985
TOKYOTECH_s01,150,129,154.3,0.40270963311195374,-0.8655029472974294
TOKYOTECH_s01,150,130,154.33333333333334,0.02626427635550499,-1.1125481680335076
TOKYOTECH_s01,150,131,154.36666666666667,0.05178065598011017,-1.34787293532632
TOKYOTECH_s01,150,132,154.4,0.26036131381988525,-1.5268502889151765
TOKYOTECH_s01,150,133,154.43333333333334,0.28497201204299927,-1.5927861867450985
TOKYOTECH_s01,150,134,154.46666666666667,0.002756129251793027,-1.49381115584431
TOKYOTECH_s01,150,135,154.5,-0.35569387674331665,-1.2021581252629354
TOKYOTECH_s01,150,136,154.53333333333333,-0.5818367600440979,-0.729075739450934
TOKYOTECH_s01,150,137,154.56666666666666,-0.865588366985321,-0.12901464561176929
TOKYOTECH_s01,150,138,154.6,-1.000691294670105,0.5104075592008424
TOKYOTECH_s01,150,139,154.63333333333333,-0.9030753970146179,1.0906156117916426
TOKYOTECH_s01,150,140,154.66666666666666,-0.9146522879600525,1.5280295152592112
TOKYOTECH_s01,150,141,154.7,-1.076649785041809,1.7730715936365218
TOKYOTECH_s01,150,142,154.73333333333332,-1.0003368854522705,1.8161303947829768
TOKYOTECH_s01,150,143,154.76666666666668,-0.8878757953643799,1.6816598596059296
TOKYOTECH_s01,150,144,154.8,-1.0466444492340088,1.4158740323114738
TOKYOTECH_s01,150,145,154.83333333333334,-0.6344839930534363,1.0734763593127237
TOKYOTECH_s01,150,146,154.86666666666667,0.7519847750663757,0.706394289577826
TOKYOTECH_s01,150,147,154.9,2.045090436935425,0.35518249416905046
TOKYOTECH_s01,150,148,154.93333333333334,2.0446572303771973,0.043231774307881415
TOKYOTECH_s01,150,149,154.96666666666667,1.6769930124282837,-0.2254086393287722
TOKYOTECH_s01,150,150,155.0,1.350123405456543,-0.4634372522565819
TOKYOTECH_s01,150,151,155.03333333333333,0.956470251083374,-0.6925502919416069
TOKYOTECH_s01,150,152,155.06666666666666,0.36644330620765686,-0.9319204310833641
TOKYOTECH_s01,150,153,155.1,0.12049374729394913,-1.1861493709738438
TOKYOTECH_s01,150,154,155.13333333333333,0.29477691650390625,-1.4368573599048868
TOKYOTECH_s01,150,155,155.16666666666666,0.3442346155643463,-1.641604467461133
TOKYOTECH_s01,150,156,155.2,0.36006420850753784,-1.7420117293021853
TOKYOTECH_s01,150,157,155.23333333333332,0.12604592740535736,-1.6800607735500006
TOKYOTECH_s01,150,158,155.26666666666668,-0.40601786971092224,-1.4182906052263948
TOKYOTECH_s01,150,159,155.3,-0.4993416666984558,-0.9571046701529304
TOKYOTECH_s01,150,160,155.33333333333334,-0.5956975221633911,-0.3420249987958895
TOKYOTECH_s01,150,161,155.36666666666667,-0.8970900774002075,0.3433072126286331
TOKYOTECH_s01,150,162,155.4,-0.9995099902153015,0.9967602016240908
TOKYOTECH_s01,150,163,155.43333333333334,-0.9517061114311218,1.522825722633729
TOKYOTECH_s01,150,164,155.46666666666667,-0.950761079788208,1.854180343800542
TOKYOTECH_s01,150,165,155.5,-0.9705677628517151,1.9631943484802732
TOKYOTECH_s01,150,166,155.53333333333333,-0.9780887961387634,1.8620732170060619
TOKYOTECH_s01,150,167,155.56666666666666,-0.9854129552841187,1.594552955798708
TOKYOTECH_s01,150,168,155.6,-1.1931272745132446,1.2230157081503596
TOKYOTECH_s01,150,169,155.63333333333333,-0.5977845191955566,0.813938248823902
TOKYOTECH_s01,150,170,155.66666666666666,1.0366814136505127,0.4240688837687673
TOKYOTECH_s01,150,171,155.7,2.258317470550537,0.08984977792339108
TOKYOTECH_s01,150,172,155.73333333333332,2.1167173385620117,-0.17758017751799213
TOKYOTECH_s01,150,173,155.76666666666668,1.4912904500961304,-0.39049299095232975
TOKYOTECH_s01,150,174,155.8,0.8534990549087524,-0.5762435621197326
TOKYOTECH_s01,150,175,155.83333333333334,0.32277408242225647,-0.7646999464028771
TOKYOTECH_s01,150,176,155.86666666666667,0.21842467784881592,-0.9746652134531871
TOKYOTECH_s01,150,177,155.9,0.21086426079273224,-1.2029619424760343
TOKYOTECH_s01,150,178,155.93333333333334,0.3084801733493805,-1.4198174489949236
TOKYOTECH_s01,150,179,155.96666666666667,0.2185821831226349,-1.5731648887105905
TOKYOTECH_s01,150,180,156.0,0.20956481993198395,-1.602064389414532
TOKYOTECH_s01,150,181,156.03333333333333,0.011025326326489449,-1.4561999952391669
TOKYOTECH_s01,150,182,156.06666666666666,-0.31950631737709045,-1.1155247360588068
TOKYOTECH_s01,150,183,156.1,-0.6781926155090332,-0.6029045671118928
TOKYOTECH_s01,150,184,156.13333333333333,-0.9287099242210388,0.015968599180433512
TOKYOTECH_s01,150,185,156.16666666666666,-0.9046111106872559,0.6468482636610018
TOKYOTECH_s01,150,186,156.2,-0.9255596995353699,1.1910004212276792
TOKYOTECH_s01,150,187,156.23333333333332,-1.0491251945495605,1.5703334329769305
TOKYOTECH_s01,150,188,156.26666666666668,-0.8783859014511108,1.744655944318673
TOKYOTECH_s01,150,189,156.3,-0.7039452195167542,1.7161467908468724
TOKYOTECH_s01,150,190,156.33333333333334,-0.8443641066551208,1.5220251770720037
TOKYOTECH_s01,150,191,156.36666666666667,-1.1771007776260376,1.2204046689369896
TOKYOTECH_s01,150,192,156.4,-1.0259714126586914,0.8743686442321278
TOKYOTECH_s01,150,193,156.43333333333334,-0.08733874559402466,0.5376358359134702
TOKYOTECH_s01,150,194,156.46666666666667,1.3389009237289429,0.24443804945217826
TOKYOTECH_s01,150,195,156.5,2.13569712638855,0.005634376694803602
TOKYOTECH_s01,150,196,156.53333333333333,2.052020788192749,-0.18873152056633694
TOKYOTECH_s01,150,197,156.56666666666666,1.532400131225586,-0.36208660331815373
TOKYOTECH_s01,150,198,156.6,1.0173473358154297,-0.5413158213981144
TOKYOTECH_s01,150,199,156.63333333333333,0.5198566317558289,-0.7459706255526943
TOKYOTECH_s01,150,200,156.66666666666666,0.2704024910926819,-0.9788159819173363
TOKYOTECH_s01,150,201,156.7,0.11883991211652756,-1.220274570918585
TOKYOTECH_s01,150,202,156.73333333333332,0.10848372429609299,-1.4291340617105566
TOKYOTECH_s01,150,203,156.76666666666668,0.306235671043396,-1.5507164267141762
TOKYOTECH_s01,150,204,156.8,0.20566648244857788,-1.5316627697283844
TOKYOTECH_s01,150,205,156.83333333333334,-0.2686704397201538,-1.337903473354875
TOKYOTECH_s01,150,206,156.86666666666667,-0.5899878144264221,-0.9700779004759942
TOKYOTECH_s01,150,207,156.9,-0.8316452503204346,-0.46996084171717384
TOKYOTECH_s01,150,208,156.93333333333334,-1.1149637699127197,0.0864800413251259
TOKYOTECH_s01,150,209,156.96666666666667,-1.0722001791000366,0.6086655360561901
TOKYOTECH_s01,150,210,157.0,-1.0757046937942505,1.0165979389114177
TOKYOTECH_s01,150,211,157.03333333333333,-1.2076969146728516,1.2615275241146544
TOKYOTECH_s01,150,212,157.06666666666666,-0.9837591052055359,1.3347636599350188
TOKYOTECH_s01,150,213,157.1,-0.9301668405532837,1.2634644507773696
TOKYOTECH_s01,150,214,157.13333333333333,-1.156309723854065,1.097372281430152
TOKYOTECH_s01,150,215,157.16666666666666,-1.276724934577942,0.8924389871547015
TOKYOTECH_s01,150,216,157.2,-0.9529662132263184,0.6963362223785169
TOKYOTECH_s01,150,217,157.23333333333332,0.2596525251865387,0.5387651231451298
TOKYOTECH_s01,150,218,157.26666666666668,1.7179452180862427,0.4278529134439513
TOKYOTECH_s01,150,219,157.3,2.3237624168395996,0.35262660116549277
TOKYOTECH_s01,150,220,157.33333333333334,1.8590728044509888,0.2900606928580218
TOKYOTECH_s01,150,221,157.36666666666667,1.255578875541687,0.2140854750649026
TOKYOTECH_s01,150,222,157.4,0.8099085688591003,0.1039528935438267
TOKYOTECH_s01,150,223,157.43333333333334,0.5272201299667358,-0.04968829210571282
TOKYOTECH_s01,150,224,157.46666666666667,0.16148534417152405,-0.2415261913789719
TOKYOTECH_s01,150,225,157.5,0.031186416745185852,-0.4511753208299709
TOKYOTECH_s01,150,226,157.53333333333333,0.26323583722114563,-0.6459757610072334
TOKYOTECH_s01,150,227,157.56666666666666,0.33817052841186523,-0.7873769262278356
TOKYOTECH_s01,150,228,157.6,-0.03402211144566536,-0.8401996730289011
TOKYOTECH_s01,150,229,157.63333333333333,-0.2813892364501953,-0.782644975181193
TOKYOTECH_s01,150,230,157.66666666666666,-0.40078070759773254,-0.6142453157223089
TOKYOTECH_s01,150,231,157.7,-0.7615933418273926,-0.3590880050213676
TOKYOTECH_s01,150,232,157.73333333333332,-1.1236660480499268,-0.06240902654875916
TOKYOTECH_s01,150,233,157.76666666666668,-1.1130342483520508,0.21948295355030967
TOKYOTECH_s01,150,234,157.8,-0.9287492632865906,0.43316298474165593
TOKYOTECH_s01,150,235,157.83333333333334,-1.0237269401550293,0.5410568764700937
TOKYOTECH_s01,150,236,157.86666666666667,-1.0302635431289673,0.5289013006923787
TOKYOTECH_s01,150,237,157.9,-1.1021661758422852,0.4059080916043697
TOKYOTECH_s01,150,238,157.93333333333334,-1.2888531684875488,0.19936840471206602
TOKYOTECH_s01,150,239,157.96666666666667,-1.2545557022094727,-0.052598191011538224
TOKYOTECH_s01,151,0,151.0,-1.1394957304000854,-0.10899806093690742
TOKYOTECH_s01,151,1,151.03333333333333,-1.122327208518982,-0.20608227240678928
TOKYOTECH_s01,151,2,151.06666666666666,-0.981081485748291,-0.2824053351846223
TOKYOTECH_s01,151,3,151.1,-0.15132658183574677,-0.3276918848792386
TOKYOTECH_s01,151,4,151.13333333333333,1.411709189414978,-0.34425530600942295
TOKYOTECH_s01,151,5,151.16666666666666,2.2055916786193848,-0.34592896428520875
TOKYOTECH_s01,151,6,151.2,2.131326198577881,-0.3521319104488081
TOKYOTECH_s01,151,7,151.23333333333332,1.540039300918579,-0.3804172701584996
TOKYOTECH_s01,151,8,151.26666666666668,0.8672022819519043,-0.440627258478614
TOKYOTECH_s01,151,9,151.3,0.3918415606021881,-0.53170598152844
TOKYOTECH_s01,151,10,151.33333333333334,0.09359917044639587,-0.6405939258708107
TOKYOTECH_s01,151,11,151.36666666666667,0.19298705458641052,-0.7426145848454121
TOKYOTECH_s01,151,12,151.4,0.2120455801486969,-0.8039886733954932
TOKYOTECH_s01,151,13,151.43333333333334,0.20724156498908997,-0.7878882431267785
TOKYOTECH_s01,151,14,151.46666666666667,-0.01937381736934185,-0.6643979777720135
TOKYOTECH_s01,151,15,151.5,-0.3208451271057129,-0.42232959806338083
TOKYOTECH_s01,151,16,151.53333333333333,-0.530882716178894,-0.07854849200965332
TOKYOTECH_s01,151,17,151.56666666666666,-0.733163058757782,0.3202817233078536
TOKYOTECH_s01,151,18,151.6,-0.8484199047088623,0.7068426054353033
TOKYOTECH_s01,151,19,151.63333333333333,-1.05227530002594,1.011800836046244
TOKYOTECH_s01,151,20,151.66666666666666,-1.1062220335006714,1.1847698876811865
TOKYOTECH_s01,151,21,151.7,-1.1014573574066162,1.2082633073095377
TOKYOTECH_s01,151,22,151.73333333333332,-1.1850550174713135,1.0993772896256433
TOKYOTECH_s01,151,23,151.76666666666668,-1.0536929368972778,0.9004101826331014
TOKYOTECH_s01,151,24,151.8,-1.125556230545044,0.6634613814439002
TOKYOTECH_s01,151,25,151.83333333333334,-1.3269307613372803,0.43456865584801546
TOKYOTECH_s01,151,26,151.86666666666667,-0.7514340281486511,0.24182211799042727
TOKYOTECH_s01,151,27,151.9,0.8601143956184387,0.09030136243931552
TOKYOTECH_s01,151,28,151.93333333333334,2.0686378479003906,-0.0350780533066488
TOKYOTECH_s01,151,29,151.96666666666667,2.1138033866882324,-0.1600345885535229
TOKYOTECH_s01,151,30,152.0,1.5958367586135864,-0.30853150188745226
TOKYOTECH_s01,151,31,152.03333333333333,1.0875567197799683,-0.4922725474250973
TOKYOTECH_s01,151,32,152.06666666666666,0.35809534788131714,-0.7049562551520249
TOKYOTECH_s01,151,33,152.1,0.024334797635674477,-0.9215373012266878
TOKYOTECH_s01,151,34,152.13333333333333,0.08332173526287079,-1.1017245893391727
TOKYOTECH_s01,151,35,152.16666666666666,0.18081951141357422,-1.1973183295953744
TOKYOTECH_s01,151,36,152.2,0.2681579887866974,-1.163232136178234
TOKYOTECH_s01,151,37,152.23333333333332,0.267331063747406,-0.9711502446982455
TOKYOTECH_s01,151,38,152.26666666666668,-0.06572069972753525,-0.6227106482383422
TOKYOTECH_s01,151,39,152.3,-0.31293031573295593,-0.15691408154966077
TOKYOTECH_s01,151,40,152.33333333333334,-0.45945262908935547,0.3538812436237911
TOKYOTECH_s01,151,41,152.36666666666667,-0.856098473072052,0.8211875006406943
TOKYOTECH_s01,151,42,152.4,-1.2414430379867554,1.1652912309627974
TOKYOTECH_s01,151,43,152.43333333333334,-1.1236660480499268,1.33721662797023
TOKYOTECH_s01,151,44,152.46666666666667,-1.0430216789245605,1.3290461492723653
TOKYOTECH_s01,151,45,152.5,-1.2162810564041138,1.1704477581020893
TOKYOTECH_s01,151,46,152.53333333333333,-1.133549690246582,0.9152153674596826
TOKYOTECH_s01,151,47,152.56666666666666,-1.0039595365524292,0.6240553157070415
TOKYOTECH_s01,151,48,152.6,-0.898271381855011,0.34875905838713595
TOKYOTECH_s01,151,49,152.63333333333333,0.21704646944999695,0.12072501153904006
TOKYOTECH_s01,151,50,152.66666666666666,1.6539180278778076,-0.05430856842972993
TOKYOTECH_s01,151,51,152.7,2.111243963241577,-0.19400803468770544
TOKYOTECH_s01,151,52,152.73333333333332,1.996695876121521,-0.3297563073722228
TOKYOTECH_s01,151,53,152.76666666666668,1.6122963428497314,-0.49192689558690894
TOKYOTECH_s01,151,54,152.8,0.8211310505867004,-0.694729964197511
TOKYOTECH_s01,151,55,152.83333333333334,0.22078730165958405,-0.9261020416457068
TOKYOTECH_s01,151,56,152.86666666666667,0.0660351812839508,-1.1468085848302634
TOKYOTECH_s01,151,57,152.9,0.09509550034999847,-1.299756336648875
TOKYOTECH_s01,151,58,152.93333333333334,0.27764788269996643,-1.3267231189385822
TOKYOTECH_s01,151,59,152.96666666666667,0.299699068069458,-1.187077066046107
TOKYOTECH_s01,151,60,153.0,-0.1424667239189148,-0.8726505853629691
TOKYOTECH_s01,151,61,153.03333333333333,-0.4550817608833313,-0.41415861441023794
TOKYOTECH_s01,151,62,153.06666666666666,-0.43547195196151733,0.12342100066012651
TOKYOTECH_s01,151,63,153.1,-0.5626600980758667,0.6559431585762162
TOKYOTECH_s01,151,64,153.13333333333333,-0.7434011101722717,1.1010601083739557
TOKYOTECH_s01,151,65,153.16666666666666,-0.9847435355186462,1.3977560667511748
TOKYOTECH_s01,151,66,153.2,-1.0379027128219604,1.5179168819108484
TOKYOTECH_s01,151,67,153.23333333333332,-0.9630467295646667,1.467295398385988
TOKYOTECH_s01,151,68,153.26666666666668,-0.8870489001274109,1.27798475442659
TOKYOTECH_s01,151,69,153.3,-0.9003977179527283,0.9970461224067637
TOKYOTECH_s01,151,70,153.33333333333334,-0.7018188834190369,0.6749571919393756
TOKYOTECH_s01,151,71,153.36666666666667,0.38955768942832947,0.35540067119801627
TOKYOTECH_s01,151,72,153.4,1.6441524028778076,0.06729561635464014
TOKYOTECH_s01,151,73,153.43333333333334,2.191770315170288,-0.17940632446695803
TOKYOTECH_s01,151,74,153.46666666666667,1.918453574180603,-0.39247191762392786
TOKYOTECH_s01,151,75,153.5,1.4641201496124268,-0.5901518570976031
TOKYOTECH_s01,151,76,153.53333333333333,0.8681079745292664,-0.7896572959093436
TOKYOTECH_s01,151,77,153.56666666666666,0.1824733465909958,-0.9951406586611146
TOKYOTECH_s01,151,78,153.6,-0.05079676955938339,-1.1897328440468686
TOKYOTECH_s01,151,79,153.63333333333333,0.10352220386266708,-1.3353888558680358
TOKYOTECH_s01,151,80,153.66666666666666,0.2930443286895752,-1.382141498245374
TOKYOTECH_s01,151,81,153.7,0.16290292143821716,-1.284891492031704
TOKYOTECH_s01,151,82,153.73333333333332,-0.07651003450155258,-1.02193802953328
TOKYOTECH_s01,151,83,153.76666666666668,-0.23575115203857422,-0.6074812706366906
TOKYOTECH_s01,151,84,153.8,-0.596327543258667,-0.09221567083474287
TOKYOTECH_s01,151,85,153.83333333333334,-0.9567857980728149,0.44871084280489876
TOKYOTECH_s01,151,86,153.86666666666667,-1.0526690483093262,0.9352977495215139
TOKYOTECH_s01,151,87,153.9,-0.9321750998497009,1.3018186417429674
TOKYOTECH_s01,151,88,153.93333333333334,-0.8686597943305969,1.509094506682044
TOKYOTECH_s01,151,89,153.96666666666667,-0.8742907047271729,1.547899917103071
TOKYOTECH_s01,151,90,154.0,-0.9103207588195801,1.4353108928074771
TOKYOTECH_s01,151,91,154.03333333333333,-1.000691294670105,1.2072144900039508
TOKYOTECH_s01,151,92,154.06666666666666,-0.6657100319862366,0.9093078753587033
TOKYOTECH_s01,151,93,154.1,0.4843384325504303,0.5875990245143555
TOKYOTECH_s01,151,94,154.13333333333333,1.8301700353622437,0.27933717345826675
TOKYOTECH_s01,151,95,154.16666666666666,2.3213603496551514,0.006055011324856082
TOKYOTECH_s01,151,96,154.2,1.9318023920059204,-0.22925624352160612
TOKYOTECH_s01,151,97,154.23333333333332,1.5257453918457031,-0.4394392095521635
TOKYOTECH_s01,151,98,154.26666666666668,1.044832468032837,-0.6450030005962629
TOKYOTECH_s01,151,99,154.3,0.40270963311195374,-0.8624166735266023
TOKYOTECH_s01,151,100,154.33333333333334,0.02626427635550499,-1.0923744841679177
TOKYOTECH_s01,151,101,154.36666666666667,0.05178065598011017,-1.3123442270055758
TOKYOTECH_s01,151,102,154.4,0.26036131381988525,-1.4772277115470065
TOKYOTECH_s01,151,103,154.43333333333334,0.28497201204299927,-1.5297658261849072
TOKYOTECH_s01,151,104,154.46666666666667,0.002756129251793027,-1.418677897212839
TOKYOTECH_s01,151,105,154.5,-0.35569387674331665,-1.1188674554177955
TOKYOTECH_s01,151,106,154.53333333333333,-0.5818367600440979,-0.6461031372461606
TOKYOTECH_s01,151,107,154.56666666666666,-0.865588366985321,-0.05943753709058788
TOKYOTECH_s01,151,108,154.6,-1.000691294670105,0.551484618110913
TOKYOTECH_s01,151,109,154.63333333333333,-0.9030753970146179,1.0906708855444687
TOKYOTECH_s01,151,110,154.66666666666666,-0.9146522879600525,1.4816939909796134
TOKYOTECH_s01,151,111,154.7,-1.076649785041809,1.6843022125152367
TOKYOTECH_s01,151,112,154.73333333333332,-1.0003368854522705,1.6969825464866248
TOKYOTECH_s01,151,113,154.76666666666668,-0.8878757953643799,1.5486634275484994
TOKYOTECH_s01,151,114,154.8,-1.0466444492340088,1.2859812556966583
TOKYOTECH_s01,151,115,154.83333333333334,-0.6344839930534363,0.960997286897925
TOKYOTECH_s01,151,116,154.86666666666667,0.7519847750663757,0.6212754443484056
TOKYOTECH_s01,151,117,154.9,2.045090436935425,0.3023811435218964
TOKYOTECH_s01,151,118,154.93333333333334,2.0446572303771973,0.02293180968263797
TOKYOTECH_s01,151,119,154.96666666666667,1.6769930124282837,-0.21681375883834555
TOKYOTECH_s01,151,120,155.0,1.350123405456543,-0.4317503580942063
TOKYOTECH_s01,151,121,155.03333333333333,0.956470251083374,-0.6440197134611059
TOKYOTECH_s01,151,122,155.06666666666666,0.36644330620765686,-0.8718760556659717
TOKYOTECH_s01,151,123,155.1,0.12049374729394913,-1.1183245336240426
TOKYOTECH_s01,151,124,155.13333333333333,0.29477691650390625,-1.3634011931853554
TOKYOTECH_s01,151,125,155.16666666666666,0.3442346155643463,-1.5636155240462821
TOKYOTECH_s01,151,126,155.2,0.36006420850753784,-1.6603136830715919
TOKYOTECH_s01,151,127,155.23333333333332,0.12604592740535736,-1.595945577709714
TOKYOTECH_s01,151,128,155.26666666666668,-0.40601786971092224,-1.334180419354608
TOKYOTECH_s01,151,129,155.3,-0.4993416666984558,-0.8772778755979367
TOKYOTECH_s01,151,130,155.33333333333334,-0.5956975221633911,-0.273300730384841
TOKYOTECH_s01,151,131,155.36666666666667,-0.8970900774002075,0.39156233247244504
TOKYOTECH_s01,151,132,155.4,-0.9995099902153015,1.0140677988252655
TOKYOTECH_s01,151,133,155.43333333333334,-0.9517061114311218,1.5006102667074246
TOKYOTECH_s01,151,134,155.46666666666667,-0.950761079788208,1.789446255161965
TOKYOTECH_s01,151,135,155.5,-0.9705677628517151,1.8612093163879335
TOKYOTECH_s01,151,136,155.53333333333333,-0.9780887961387634,1.7365934324419117
TOKYOTECH_s01,151,137,155.56666666666666,-0.9854129552841187,1.465182803599468
TOKYOTECH_s01,151,138,155.6,-1.1931272745132446,1.1105297432759071
TOKYOTECH_s01,151,139,155.63333333333333,-0.5977845191955566,0.7351761560628532
TOKYOTECH_s01,151,140,155.66666666666666,1.0366814136505127,0.3881053572301288
TOKYOTECH_s01,151,141,155.7,2.258317470550537,0.09658337591059746
TOKYOTECH_s01,151,142,155.73333333333332,2.1167173385620117,-0.13624416082616952
TOKYOTECH_s01,151,143,155.76666666666668,1.4912904500961304,-0.32765814588853026
TOKYOTECH_s01,151,144,155.8,0.8534990549087524,-0.5065593401557791
TOKYOTECH_s01,151,145,155.83333333333334,0.32277408242225647,-0.7016261844629047
TOKYOTECH_s01,151,146,155.86666666666667,0.21842467784881592,-0.9290251044698765
TOKYOTECH_s01,151,147,155.9,0.21086426079273224,-1.182542887699847
TOKYOTECH_s01,151,148,155.93333333333334,0.3084801733493805,-1.4292664385182186
TOKYOTECH_s01,151,149,155.96666666666667,0.2185821831226349,-1.6134842304691956
TOKYOTECH_s01,151,150,156.0,0.20956481993198395,-1.6696139979124551
TOKYOTECH_s01,151,151,156.03333333333333,0.011025326326489449,-1.541887472130237
TOKYOTECH_s01,151,152,156.06666666666666,-0.31950631737709045,-1.2052718769045396
TOKYOTECH_s01,151,153,156.1,-0.6781926155090332,-0.6800983262952077
TOKYOTECH_s01,151,154,156.13333333333333,-0.9287099242210388,-0.033536083786392765
TOKYOTECH_s01,151,155,156.16666666666666,-0.9046111106872559,0.6346866296784817
TOKYOTECH_s01,151,156,156.2,-0.9255596995353699,1.2181190379696003
TOKYOTECH_s01,151,157,156.23333333333332,-1.0491251945495605,1.6312963723017486
TOKYOTECH_s01,151,158,156.26666666666668,-0.8783859014511108,1.8290287861287555
TOKYOTECH_s01,151,159,156.3,-0.7039452195167542,1.8115016248184204
TOKYOTECH_s01,151,160,156.33333333333334,-0.8443641066551208,1.6162889571690537
TOKYOTECH_s01,151,161,156.36666666666667,-1.1771007776260376,1.3031157758691676
TOKYOTECH_s01,151,162,156.4,-1.0259714126586914,0.9372768526499708
TOKYOTECH_s01,151,163,156.43333333333334,-0.08733874559402466,0.5753193557711264
TOKYOTECH_s01,151,164,156.46666666666667,1.3389009237289429,0.2550953983909153
TOKYOTECH_s01,151,165,156.5,2.13569712638855,-0.008472306276401895
TOKYOTECH_s01,151,166,156.53333333333333,2.052020788192749,-0.22176008040891412
TOKYOTECH_s01,151,167,156.56666666666666,1.532400131225586,-0.4060343413243415
TOKYOTECH_s01,151,168,156.6,1.0173473358154297,-0.5879095211229619
TOKYOTECH_s01,151,169,156.63333333333333,0.5198566317558289,-0.7885134612124254
TOKYOTECH_s01,151,170,156.66666666666666,0.2704024910926819,-1.0135559596204875
TOKYOTECH_s01,151,171,156.7,0.11883991211652756,-1.2468506053762278
TOKYOTECH_s01,151,172,156.73333333333332,0.10848372429609299,-1.4497062510560534
TOKYOTECH_s01,151,173,156.76666666666668,0.306235671043396,-1.5677110071172993
TOKYOTECH_s01,151,174,156.8,0.20566648244857788,-1.54469113526441
TOKYOTECH_s01,151,175,156.83333333333334,-0.2686704397201538,-1.3410966769964325
TOKYOTECH_s01,151,176,156.86666666666667,-0.5899878144264221,-0.9513576348735948
TOKYOTECH_s01,151,177,156.9,-0.8316452503204346,-0.41323218906641873
TOKYOTECH_s01,151,178,156.93333333333334,-1.1149637699127197,0.1965749767869702
TOKYOTECH_s01,151,179,156.96666666666667,-1.0722001791000366,0.7811799228740838
TOKYOTECH_s01,151,180,157.0,-1.0757046937942505,1.2500254833232511
TOKYOTECH_s01,151,181,157.03333333333333,-1.2076969146728516,1.5421981867923926
TOKYOTECH_s01,151,182,157.06666666666666,-0.9837591052055359,1.6380640308676764
TOKYOTECH_s01,151,183,157.1,-0.9301668405532837,1.5572547890323667
TOKYOTECH_s01,151,184,157.13333333333333,-1.156309723854065,1.3466938658308205
TOKYOTECH_s01,151,185,157.16666666666666,-1.276724934577942,1.0646310171517077
TOKYOTECH_s01,151,186,157.2,-0.9529662132263184,0.7657179061541282
TOKYOTECH_s01,151,187,157.23333333333332,0.2596525251865387,0.49000561471626713
TOKYOTECH_s01,151,188,157.26666666666668,1.7179452180862427,0.2572434553179359
TOKYOTECH_s01,151,189,157.3,2.3237624168395996,0.0669658919664652
TOKYOTECH_s01,151,190,157.33333333333334,1.8590728044509888,-0.09622108658879985
TOKYOTECH_s01,151,191,157.36666666666667,1.255578875541687,-0.25405033890120793
TOKYOTECH_s01,151,192,157.4,0.8099085688591003,-0.42553238412264804
TOKYOTECH_s01,151,193,157.43333333333334,0.5272201299667358,-0.6199745052481251
TOKYOTECH_s01,151,194,157.46666666666667,0.16148534417152405,-0.8331027117670877
TOKYOTECH_s01,151,195,157.5,0.031186416745185852,-1.0460644990198587
TOKYOTECH_s01,151,196,157.53333333333333,0.26323583722114563,-1.2272613663630085
TOKYOTECH_s01,151,197,157.56666666666666,0.33817052841186523,-1.3374944551752557
TOKYOTECH_s01,151,198,157.6,-0.03402211144566536,-1.33841030491449
TOKYOTECH_s01,151,199,157.63333333333333,-0.2813892364501953,-1.2029559075664888
TOKYOTECH_s01,151,200,157.66666666666666,-0.40078070759773254,-0.9253811935266415
TOKYOTECH_s01,151,201,157.7,-0.7615933418273926,-0.5275254505351888
TOKYOTECH_s01,151,202,157.73333333333332,-1.1236660480499268,-0.0580612758713879
TOKYOTECH_s01,151,203,157.76666666666668,-1.1130342483520508,0.41685429046775674
TOKYOTECH_s01,151,204,157.8,-0.9287492632865906,0.8293421014718898
TOKYOTECH_s01,151,205,157.83333333333334,-1.0237269401550293,1.1263839267012963
TOKYOTECH_s01,151,206,157.86666666666667,-1.0302635431289673,1.2810487042319723
TOKYOTECH_s01,151,207,157.9,-1.1021661758422852,1.2948684370481613
TOKYOTECH_s01,151,208,157.93333333333334,-1.2888531684875488,1.1921881625830835
TOKYOTECH_s01,151,209,157.96666666666667,-1.2545557022094727,1.0102884898824906
TOKYOTECH_s01,151,210,158.0,-1.1459928750991821,0.7890105657090976
TOKYOTECH_s01,151,211,158.03333333333333,-0.48516589403152466,0.5621683634922393
TOKYOTECH_s01,151,212,158.06666666666666,1.1116949319839478,0.35226501560158563
TOKYOTECH_s01,151,213,158.1,2.309586524963379,0.1693551379430631
TOKYOTECH_s01,151,214,158.13333333333333,2.197204351425171,0.013357769292635602
TOKYOTECH_s01,151,215,158.16666666666666,1.5625630617141724,-0.12214296773940969
TOKYOTECH_s01,151,216,158.2,0.9725754857063293,-0.24629750629676694
TOKYOTECH_s01,151,217,158.23333333333332,0.6137710809707642,-0.36810106627429506
TOKYOTECH_s01,151,218,158.26666666666668,0.1621941328048706,-0.49392488034634136
TOKYOTECH_s01,151,219,158.3,0.04465339705348015,-0.6251688586776206
TOKYOTECH_s01,151,220,158.33333333333334,0.2589831054210663,-0.7562350003869506
TOKYOTECH_s01,151,221,158.36666666666667,0.23933392763137817,-0.8735158162301004
TOKYOTECH_s01,151,222,158.4,0.07347745448350906,-0.9562064221400394
TOKYOTECH_s01,151,223,158.43333333333334,-0.02839118055999279,-0.9795399750068958
TOKYOTECH_s01,151,224,158.46666666666667,-0.35025984048843384,-0.9206208710722389
TOKYOTECH_s01,151,225,158.5,-0.8258568048477173,-0.7661720552323349
TOKYOTECH_s01,151,226,158.53333333333333,-0.8918529152870178,-0.5201518875102391
TOKYOTECH_s01,151,227,158.56666666666666,-0.9455239176750183,-0.2078455026360761
TOKYOTECH_s01,151,228,158.6,-1.0953145027160645,0.12712038059267003
TOKYOTECH_s01,151,229,158.63333333333333,-1.2162023782730103,0.4337763747096412
TOKYOTECH_s01,151,230,158.66666666666666,-1.0048258304595947,0.6688314449918018
TOKYOTECH_s01,151,231,158.7,-0.9973835945129395,0.8086122623100476
TOKYOTECH_s01,151,232,158.73333333333332,-1.1522538661956787,0.8527400155205712
TOKYOTECH_s01,151,233,158.76666666666668,-1.1225634813308716,0.8193143122168804
TOKYOTECH_s01,151,234,158.8,-1.010614275932312,0.7353676610254842
TOKYOTECH_s01,151,235,158.83333333333334,-0.9132740497589111,0.6273902484651362
TOKYOTECH_s01,151,236,158.86666666666667,0.14128486812114716,0.5150469445865373
TOKYOTECH_s01,151,237,158.9,1.8313907384872437,0.40869821569034287
TOKYOTECH_s01,151,238,158.93333333333334,2.4435081481933594,0.30984639437178935
TOKYOTECH_s01,151,239,158.96666666666667,1.8209164142608643,0.21343195123700176
TOKYOTECH_s01,152,0,152.0,1.5958367586135864,0.05804528203375213
TOKYOTECH_s01,152,1,152.03333333333333,1.0875567197799683,-0.12837856615509535
TOKYOTECH_s01,152,2,152.06666666666666,0.35809534788131714,-0.29723129615044114
TOKYOTECH_s01,152,3,152.1,0.024334797635674477,-0.4267406721983232
TOKYOTECH_s01,152,4,152.13333333333333,0.08332173526287079,-0.4911545412205645
TOKYOTECH_s01,152,5,152.16666666666666,0.18081951141357422,-0.4645282874909788
TOKYOTECH_s01,152,6,152.2,0.2681579887866974,-0.32849725056663326
TOKYOTECH_s01,152,7,152.23333333333332,0.267331063747406,-0.08188248425838437
TOKYOTECH_s01,152,8,152.26666666666668,-0.06572069972753525,0.2516379741453507
TOKYOTECH_s01,152,9,152.3,-0.31293031573295593,0.6223097617027696
TOKYOTECH_s01,152,10,152.33333333333334,-0.45945262908935547,0.9629218301182797
TOKYOTECH_s01,152,11,152.36666666666667,-0.856098473072052,1.2065049802657557
TOKYOTECH_s01,152,12,152.4,-1.2414430379867554,1.306392043073733
TOKYOTECH_s01,152,13,152.43333333333334,-1.1236660480499268,1.2492548775200614
TOKYOTECH_s01,152,14,152.46666666666667,-1.0430216789245605,1.0556673968081072
TOKYOTECH_s01,152,15,152.5,-1.2162810564041138,0.7696990219335533
TOKYOTECH_s01,152,16,152.53333333333333,-1.133549690246582,0.443531525679085
TOKYOTECH_s01,152,17,152.56666666666666,-1.0039595365524292,0.12337770483116747
TOKYOTECH_s01,152,18,152.6,-0.898271381855011,-0.15961434699512453
TOKYOTECH_s01,152,19,152.63333333333333,0.21704646944999695,-0.39273274309086104
TOKYOTECH_s01,152,20,152.66666666666666,1.6539180278778076,-0.5800633709608687
TOKYOTECH_s01,152,21,152.7,2.111243963241577,-0.7368347505033123
TOKYOTECH_s01,152,22,152.73333333333332,1.996695876121521,-0.8810130858212221
TOKYOTECH_s01,152,23,152.76666666666668,1.6122963428497314,-1.024063499233932
TOKYOTECH_s01,152,24,152.8,0.8211310505867004,-1.1634672109512643
TOKYOTECH_s01,152,25,152.83333333333334,0.22078730165958405,-1.2796130650931588
TOKYOTECH_s01,152,26,152.86666666666667,0.0660351812839508,-1.3386395452310158
TOKYOTECH_s01,152,27,152.9,0.09509550034999847,-1.3010221678664184
TOKYOTECH_s01,152,28,152.93333333333334,0.27764788269996643,-1.1338887130610311
TOKYOTECH_s01,152,29,152.96666666666667,0.299699068069458,-0.8237872920228675
TOKYOTECH_s01,152,30,153.0,-0.1424667239189148,-0.3861600948723522
TOKYOTECH_s01,152,31,153.03333333333333,-0.4550817608833313,0.13215029478504156
TOKYOTECH_s01,152,32,153.06666666666666,-0.43547195196151733,0.6601385518813409
TOKYOTECH_s01,152,33,153.1,-0.5626600980758667,1.1192476377453018
TOKYOTECH_s01,152,34,153.13333333333333,-0.7434011101722717,1.4438542771862395
TOKYOTECH_s01,152,35,153.16666666666666,-0.9847435355186462,1.5971803649951277
TOKYOTECH_s01,152,36,153.2,-1.0379027128219604,1.5766763748249897
TOKYOTECH_s01,152,37,153.23333333333332,-0.9630467295646667,1.4086693175093117
TOKYOTECH_s01,152,38,153.26666666666668,-0.8870489001274109,1.1367168927791624
TOKYOTECH_s01,152,39,153.3,-0.9003977179527283,0.8092345735865263
TOKYOTECH_s01,152,40,153.33333333333334,-0.7018188834190369,0.46981353149820426
TOKYOTECH_s01,152,41,153.36666666666667,0.38955768942832947,0.1508694227858353
TOKYOTECH_s01,152,42,153.4,1.6441524028778076,-0.12974891855110368
TOKYOTECH_s01,152,43,153.43333333333334,2.191770315170288,-0.3690879406466286
TOKYOTECH_s01,152,44,153.46666666666667,1.918453574180603,-0.5758417837589411
TOKYOTECH_s01,152,45,153.5,1.4641201496124268,-0.7635533948155456
TOKYOTECH_s01,152,46,153.53333333333333,0.8681079745292664,-0.941699395973812
TOKYOTECH_s01,152,47,153.56666666666666,0.1824733465909958,-1.1074524831570647
TOKYOTECH_s01,152,48,153.6,-0.05079676955938339,-1.2412821590649474
TOKYOTECH_s01,152,49,153.63333333333333,0.10352220386266708,-1.3088271116453543
TOKYOTECH_s01,152,50,153.66666666666666,0.2930443286895752,-1.2698571427369143
TOKYOTECH_s01,152,51,153.7,0.16290292143821716,-1.0925914860527233
TOKYOTECH_s01,152,52,153.73333333333332,-0.07651003450155258,-0.7686972970329801
TOKYOTECH_s01,152,53,153.76666666666668,-0.23575115203857422,-0.32272350005263845
TOKYOTECH_s01,152,54,153.8,-0.596327543258667,0.1889375138809159
TOKYOTECH_s01,152,55,153.83333333333334,-0.9567857980728149,0.6904264250923184
TOKYOTECH_s01,152,56,153.86666666666667,-1.0526690483093262,1.1060208063499957
TOKYOTECH_s01,152,57,153.9,-0.9321750998497009,1.3795822629940893
TOKYOTECH_s01,152,58,153.93333333333334,-0.8686597943305969,1.4867568987933801
TOKYOTECH_s01,152,59,153.96666666666667,-0.8742907047271729,1.4363539149725657
TOKYOTECH_s01,152,60,154.0,-0.9103207588195801,1.2620965418583852
TOKYOTECH_s01,152,61,154.03333333333333,-1.000691294670105,1.0094579693563002
TOKYOTECH_s01,152,62,154.06666666666666,-0.6657100319862366,0.7229529933369802
TOKYOTECH_s01,152,63,154.1,0.4843384325504303,0.4374338602793363
TOKYOTECH_s01,152,64,154.13333333333333,1.8301700353622437,0.17423157849598067
TOKYOTECH_s01,152,65,154.16666666666666,2.3213603496551514,-0.05893477537814204
TOKYOTECH_s01,152,66,154.2,1.9318023920059204,-0.26567622163808724
TOKYOTECH_s01,152,67,154.23333333333332,1.5257453918457031,-0.4569989812078828
TOKYOTECH_s01,152,68,154.26666666666668,1.044832468032837,-0.6458794363113746
TOKYOTECH_s01,152,69,154.3,0.40270963311195374,-0.8406219458037163
TOKYOTECH_s01,152,70,154.33333333333334,0.02626427635550499,-1.038042941468024
TOKYOTECH_s01,152,71,154.36666666666667,0.05178065598011017,-1.218635162663928
TOKYOTECH_s01,152,72,154.4,0.26036131381988525,-1.3465804149684977
TOKYOTECH_s01,152,73,154.43333333333334,0.28497201204299927,-1.3767364755083613
TOKYOTECH_s01,152,74,154.46666666666667,0.002756129251793027,-1.268137413104692
TOKYOTECH_s01,152,75,154.5,-0.35569387674331665,-1.0002113158978663
TOKYOTECH_s01,152,76,154.53333333333333,-0.5818367600440979,-0.5855843568034955
TOKYOTECH_s01,152,77,154.56666666666666,-0.865588366985321,-0.07330854245994628
TOKYOTECH_s01,152,78,154.6,-1.000691294670105,0.4607718238275123
TOKYOTECH_s01,152,79,154.63333333333333,-0.9030753970146179,0.9342539307608693
TOKYOTECH_s01,152,80,154.66666666666666,-0.9146522879600525,1.280812445397117
TOKYOTECH_s01,152,81,154.7,-1.076649785041809,1.4654247580897894
TOKYOTECH_s01,152,82,154.73333333333332,-1.0003368854522705,1.487267681041547
TOKYOTECH_s01,152,83,154.76666666666668,-0.8878757953643799,1.372327731209321
TOKYOTECH_s01,152,84,154.8,-1.0466444492340088,1.1613017873789722
TOKYOTECH_s01,152,85,154.83333333333334,-0.6344839930534363,0.8978437327123524
TOKYOTECH_s01,152,86,154.86666666666667,0.7519847750663757,0.6198502872611191
TOKYOTECH_s01,152,87,154.9,2.045090436935425,0.3542558043114555
TOKYOTECH_s01,152,88,154.93333333333334,2.0446572303771973,0.11477418310339944
TOKYOTECH_s01,152,89,154.96666666666667,1.6769930124282837,-0.09788938806113245
TOKYOTECH_s01,152,90,155.0,1.350123405456543,-0.2933801776899387
TOKYOTECH_s01,152,91,155.03333333333333,0.956470251083374,-0.4865094829281659
TOKYOTECH_s01,152,92,155.06666666666666,0.36644330620765686,-0.6900324033477548
TOKYOTECH_s01,152,93,155.1,0.12049374729394913,-0.9068369650159152
TOKYOTECH_s01,152,94,155.13333333333333,0.29477691650390625,-1.1238017468450237
TOKYOTECH_s01,152,95,155.16666666666666,0.3442346155643463,-1.3098577321580112
TOKYOTECH_s01,152,96,155.2,0.36006420850753784,-1.4202561265614715
TOKYOTECH_s01,152,97,155.23333333333332,0.12604592740535736,-1.4074490733021185
TOKYOTECH_s01,152,98,155.26666666666668,-0.40601786971092224,-1.2364710305615079
TOKYOTECH_s01,152,99,155.3,-0.4993416666984558,-0.9000500517071922
TOKYOTECH_s01,152,100,155.33333333333334,-0.5956975221633911,-0.4272417998035165
TOKYOTECH_s01,152,101,155.36666666666667,-0.8970900774002075,0.11927255665369929
TOKYOTECH_s01,152,102,155.4,-0.9995099902153015,0.6576465423881338
TOKYOTECH_s01,152,103,155.43333333333334,-0.9517061114311218,1.1080477960405395
TOKYOTECH_s01,152,104,155.46666666666667,-0.950761079788208,1.4121724568705936
TOKYOTECH_s01,152,105,155.5,-0.9705677628517151,1.5439375430185038
TOKYOTECH_s01,152,106,155.53333333333333,-0.9780887961387634,1.50956172627421
TOKYOTECH_s01,152,107,155.56666666666666,-0.9854129552841187,1.3402420823298848
TOKYOTECH_s01,152,108,155.6,-1.1931272745132446,1.0815780866637967
TOKYOTECH_s01,152,109,155.63333333333333,-0.5977845191955566,0.7824218207711061
TOKYOTECH_s01,152,110,155.66666666666666,1.0366814136505127,0.4849762766788116
TOKYOTECH_s01,152,111,155.7,2.258317470550537,0.21774907032446775
TOKYOTECH_s01,152,112,155.73333333333332,2.1167173385620117,-0.007677591214939461
TOKYOTECH_s01,152,113,155.76666666666668,1.4912904500961304,-0.1959232337885514
TOKYOTECH_s01,152,114,155.8,0.8534990549087524,-0.36342784001958756
TOKYOTECH_s01,152,115,155.83333333333334,0.32277408242225647,-0.53103250695519
TOKYOTECH_s01,152,116,155.86666666666667,0.21842467784881592,-0.714808784164758
TOKYOTECH_s01,152,117,155.9,0.21086426079273224,-0.9173106789491406
TOKYOTECH_s01,152,118,155.93333333333334,0.3084801733493805,-1.1220048492859866
TOKYOTECH_s01,152,119,155.96666666666667,0.2185821831226349,-1.2933565099292221
TOKYOTECH_s01,152,120,156.0,0.20956481993198395,-1.3836939795799195
TOKYOTECH_s01,152,121,156.03333333333333,0.011025326326489449,-1.3459520745768472
TOKYOTECH_s01,152,122,156.06666666666666,-0.31950631737709045,-1.1493199633123432
TOKYOTECH_s01,152,123,156.1,-0.6781926155090332,-0.7930619362942495
TOKYOTECH_s01,152,124,156.13333333333333,-0.9287099242210388,-0.31299502817201763
TOKYOTECH_s01,152,125,156.16666666666666,-0.9046111106872559,0.22343081093913805
TOKYOTECH_s01,152,126,156.2,-0.9255596995353699,0.7333387947182323
TOKYOTECH_s01,152,127,156.23333333333332,-1.0491251945495605,1.1405561197400609
TOKYOTECH_s01,152,128,156.26666666666668,-0.8783859014511108,1.3948939129275884
TOKYOTECH_s01,152,129,156.3,-0.7039452195167542,1.4810911239410034
TOKYOTECH_s01,152,130,156.33333333333334,-0.8443641066551208,1.4158730510295678
TOKYOTECH_s01,152,131,156.36666666666667,-1.1771007776260376,1.2373194138835917
TOKYOTECH_s01,152,132,156.4,-1.0259714126586914,0.9920239216565081
TOKYOTECH_s01,152,133,156.43333333333334,-0.08733874559402466,0.7237201796144244
TOKYOTECH_s01,152,134,156.46666666666667,1.3389009237289429,0.465297107543428
TOKYOTECH_s01,152,135,156.5,2.13569712638855,0.23492231467825442
TOKYOTECH_s01,152,136,156.53333333333333,2.052020788192749,0.03581484851822472
TOKYOTECH_s01,152,137,156.56666666666666,1.532400131225586,-0.1413323844419347
TOKYOTECH_s01,152,138,156.6,1.0173473358154297,-0.31377657191679065
TOKYOTECH_s01,152,139,156.63333333333333,0.5198566317558289,-0.5000204924381854
TOKYOTECH_s01,152,140,156.66666666666666,0.2704024910926819,-0.7116183337410231
TOKYOTECH_s01,152,141,156.7,0.11883991211652756,-0.9453553197212909
TOKYOTECH_s01,152,142,156.73333333333332,0.10848372429609299,-1.178450322999166
TOKYOTECH_s01,152,143,156.76666666666668,0.306235671043396,-1.3693464839967708
TOKYOTECH_s01,152,144,156.8,0.20566648244857788,-1.4655970010850636
TOKYOTECH_s01,152,145,156.83333333333334,-0.2686704397201538,-1.4181819468380084
TOKYOTECH_s01,152,146,156.86666666666667,-0.5899878144264221,-1.1986553428269897
TOKYOTECH_s01,152,147,156.9,-0.8316452503204346,-0.8130414306081782
TOKYOTECH_s01,152,148,156.93333333333334,-1.1149637699127197,-0.3060269410906954
TOKYOTECH_s01,152,149,156.96666666666667,-1.0722001791000366,0.2479233557149899
TOKYOTECH_s01,152,150,157.0,-1.0757046937942505,0.7639911629058181
TOKYOTECH_s01,152,151,157.03333333333333,-1.2076969146728516,1.1692901404028624
TOKYOTECH_s01,152,152,157.06666666666666,-0.9837591052055359,1.4194220420082164
TOKYOTECH_s01,152,153,157.1,-0.9301668405532837,1.5042396246648326
TOKYOTECH_s01,152,154,157.13333333333333,-1.156309723854065,1.4432494613125635
TOKYOTECH_s01,152,155,157.16666666666666,-1.276724934577942,1.274916746510841
TOKYOTECH_s01,152,156,157.2,-0.9529662132263184,1.0443426021156001
TOKYOTECH_s01,152,157,157.23333333333332,0.2596525251865387,0.7922415355634269
TOKYOTECH_s01,152,158,157.26666666666668,1.7179452180862427,0.5472502985490477
TOKYOTECH_s01,152,159,157.3,2.3237624168395996,0.32290408019088046
TOKYOTECH_s01,152,160,157.33333333333334,1.8590728044509888,0.1190833680802797
TOKYOTECH_s01,152,161,157.36666666666667,1.255578875541687,-0.07371096636597889
TOKYOTECH_s01,152,162,157.4,0.8099085688591003,-0.26903101490268533
TOKYOTECH_s01,152,163,157.43333333333334,0.5272201299667358,-0.47900721679948366
TOKYOTECH_s01,152,164,157.46666666666667,0.16148534417152405,-0.7088633688575225
TOKYOTECH_s01,152,165,157.5,0.031186416745185852,-0.9517880757032389
TOKYOTECH_s01,152,166,157.53333333333333,0.26323583722114563,-1.1856818919042582
TOKYOTECH_s01,152,167,157.56666666666666,0.33817052841186523,-1.3740176074398434
TOKYOTECH_s01,152,168,157.6,-0.03402211144566536,-1.4721679638631835
TOKYOTECH_s01,152,169,157.63333333333333,-0.2813892364501953,-1.4385211477334179
TOKYOTECH_s01,152,170,157.66666666666666,-0.40078070759773254,-1.2476635796985913
TOKYOTECH_s01,152,171,157.7,-0.7615933418273926,-0.9015306911812304
TOKYOTECH_s01,152,172,157.73333333333332,-1.1236660480499268,-0.43417859835391426
TOKYOTECH_s01,152,173,157.76666666666668,-1.1130342483520508,0.09271980170286298
TOKYOTECH_s01,152,174,157.8,-0.9287492632865906,0.6033764847341944
TOKYOTECH_s01,152,175,157.83333333333334,-1.0237269401550293,1.0262779497682717
TOKYOTECH_s01,152,176,157.86666666666667,-1.0302635431289673,1.3107768925454402
TOKYOTECH_s01,152,177,157.9,-1.1021661758422852,1.4360118344339194
TOKYOTECH_s01,152,178,157.93333333333334,-1.2888531684875488,1.4105451350073255
TOKYOTECH_s01,152,179,157.96666666666667,-1.2545557022094727,1.2652501784380052
TOKYOTECH_s01,152,180,158.0,-1.1459928750991821,1.0429477518768515
TOKYOTECH_s01,152,181,158.03333333333333,-0.48516589403152466,0.7874658131400769
TOKYOTECH_s01,152,182,158.06666666666666,1.1116949319839478,0.5344763964601859
TOKYOTECH_s01,152,183,158.1,2.309586524963379,0.3060857697773824
TOKYOTECH_s01,152,184,158.13333333333333,2.197204351425171,0.10965239531179083
TOKYOTECH_s01,152,185,158.16666666666666,1.5625630617141724,-0.06024401761621565
TOKYOTECH_s01,152,186,158.2,0.9725754857063293,-0.21798095157660557
TOKYOTECH_s01,152,187,158.23333333333332,0.6137710809707642,-0.38171480949033326
TOKYOTECH_s01,152,188,158.26666666666668,0.1621941328048706,-0.566747809620503
TOKYOTECH_s01,152,189,158.3,0.04465339705348015,-0.77798324342177
TOKYOTECH_s01,152,190,158.33333333333334,0.2589831054210663,-1.0036998186484045
TOKYOTECH_s01,152,191,158.36666666666667,0.23933392763137817,-1.2137153360423583
TOKYOTECH_s01,152,192,158.4,0.07347745448350906,-1.3636507780305809
TOKYOTECH_s01,152,193,158.43333333333334,-0.02839118055999279,-1.4047003763574655
TOKYOTECH_s01,152,194,158.46666666666667,-0.35025984048843384,-1.296777654585667
TOKYOTECH_s01,152,195,158.5,-0.8258568048477173,-1.022041750149513
TOKYOTECH_s01,152,196,158.53333333333333,-0.8918529152870178,-0.5949860054889583
TOKYOTECH_s01,152,197,158.56666666666666,-0.9455239176750183,-0.06482693364309487
TOKYOTECH_s01,152,198,158.6,-1.0953145027160645,0.49298769343018434
TOKYOTECH_s01,152,199,158.63333333333333,-1.2162023782730103,0.995409747879292
TOKYOTECH_s01,152,200,158.66666666666666,-1.0048258304595947,1.3740019853395986
TOKYOTECH_s01,152,201,158.7,-0.9973835945129395,1.591219990685329
TOKYOTECH_s01,152,202,158.73333333333332,-1.1522538661956787,1.6445464604321038
TOKYOTECH_s01,152,203,158.76666666666668,-1.1225634813308716,1.5589979571549237
TOKYOTECH_s01,152,204,158.8,-1.010614275932312,1.373664943833488
TOKYOTECH_s01,152,205,158.83333333333334,-0.9132740497589111,1.1289216825209412
TOKYOTECH_s01,152,206,158.86666666666667,0.14128486812114716,0.8581930959152414
TOKYOTECH_s01,152,207,158.9,1.8313907384872437,0.584526649583489
TOKYOTECH_s01,152,208,158.93333333333334,2.4435081481933594,0.32035419382975155
TOKYOTECH_s01,152,209,158.96666666666667,1.8209164142608643,0.06887224167638556
TOKYOTECH_s01,152,210,159.0,1.1605225801467896,-0.17374610583270333
TOKYOTECH_s01,152,211,159.03333333333333,0.8374725580215454,-0.41530626817540894
TOKYOTECH_s01,152,212,159.06666666666666,0.2698512077331543,-0.6633443623271605
TOKYOTECH_s01,152,213,159.1,-0.07536809891462326,-0.9197484457614143
TOKYOTECH_s01,152,214,159.13333333333333,-0.004764902405440807,-1.1754808561252625
TOKYOTECH_s01,152,215,159.16666666666666,0.012088509276509285,-1.4076559486718434
TOKYOTECH_s01,152,216,159.2,0.16420236229896545,-1.5811997788677017
TOKYOTECH_s01,152,217,159.23333333333332,0.07670637965202332,-1.6560296415472258
TOKYOTECH_s01,152,218,159.26666666666668,-0.3178524672985077,-1.5985551323808072
TOKYOTECH_s01,152,219,159.3,-0.5077289938926697,-1.3940875989974595
TOKYOTECH_s01,152,220,159.33333333333334,-0.885513186454773,-1.0554337498637074
TOKYOTECH_s01,152,221,159.36666666666667,-1.088069200515747,-0.6234825349524011
TOKYOTECH_s01,152,222,159.4,-1.0942513942718506,-0.15831279012947902
TOKYOTECH_s01,152,223,159.43333333333334,-1.1950174570083618,0.2764607857659844
TOKYOTECH_s01,152,224,159.46666666666667,-1.0507789850234985,0.6296988976343425
TOKYOTECH_s01,152,225,159.5,-0.9936034083366394,0.8724513958113667
TOKYOTECH_s01,152,226,159.53333333333333,-0.9243390560150146,0.9987897450704071
TOKYOTECH_s01,152,227,159.56666666666666,-0.8604299426078796,1.020097079754497
TOKYOTECH_s01,152,228,159.6,-1.048770785331726,0.9571600841188466
TOKYOTECH_s01,152,229,159.63333333333333,-0.5618725419044495,0.8335397876972912
TOKYOTECH_s01,152,230,159.66666666666666,0.9404043555259705,0.6718345267031928
TOKYOTECH_s01,152,231,159.7,2.0706067085266113,0.4926569919137618
TOKYOTECH_s01,152,232,159.73333333333332,2.165623664855957,0.3149325616047175
TOKYOTECH_s01,152,233,159.76666666666668,1.6841201782226562,0.1559691528757474
TOKYOTECH_s01,152,234,159.8,0.9272130131721497,0.030609687631147204
TOKYOTECH_s01,152,235,159.83333333333334,0.421413779258728,-0.05023998225592646
TOKYOTECH_s01,152,236,159.86666666666667,0.18326090276241302,-0.08110858620563896
TOKYOTECH_s01,152,237,159.9,-0.011340883560478687,-0.0630587262368439
TOKYOTECH_s01,152,238,159.93333333333334,0.22976528108119965,-0.004084602665457732
TOKYOTECH_s01,152,239,159.96666666666667,0.40684425830841064,0.08153364524557322
TOKYOTECH_s01,153,0,153.0,-0.1424667239189148,0.10915397748076791
TOKYOTECH_s01,153,1,153.03333333333333,-0.4550817608833313,0.39286707949673216
TOKYOTECH_s01,153,2,153.06666666666666,-0.43547195196151733,0.6376210362327938
TOKYOTECH_s01,153,3,153.1,-0.5626600980758667,0.8128081497578284
TOKYOTECH_s01,153,4,153.13333333333333,-0.7434011101722717,0.8977919919388139
TOKYOTECH_s01,153,5,153.16666666666666,-0.9847435355186462,0.8860263758478362
TOKYOTECH_s01,153,6,153.2,-1.0379027128219604,0.7860249904643792
TOKYOTECH_s01,153,7,153.23333333333332,-0.9630467295646667,0.6179775300053282
TOKYOTECH_s01,153,8,153.26666666666668,-0.8870489001274109,0.407307048561926
TOKYOTECH_s01,153,9,153.3,-0.9003977179527283,0.17827821279608264
TOKYOTECH_s01,153,10,153.33333333333334,-0.7018188834190369,-0.049939297683303185
TOKYOTECH_s01,153,11,153.36666666666667,0.38955768942832947,-0.2644283075648345
TOKYOTECH_s01,153,12,153.4,1.6441524028778076,-0.4579507351738982
TOKYOTECH_s01,153,13,153.43333333333334,2.191770315170288,-0.6277220799667935
TOKYOTECH_s01,153,14,153.46666666666667,1.918453574180603,-0.7738366982175786
TOKYOTECH_s01,153,15,153.5,1.4641201496124268,-0.8970081154177126
TOKYOTECH_s01,153,16,153.53333333333333,0.8681079745292664,-0.9954489398205699
TOKYOTECH_s01,153,17,153.56666666666666,0.1824733465909958,-1.0614995110202938
TOKYOTECH_s01,153,18,153.6,-0.05079676955938339,-1.0794515572461638
TOKYOTECH_s01,153,19,153.63333333333333,0.10352220386266708,-1.0265195257173223
TOKYOTECH_s01,153,20,153.66666666666666,0.2930443286895752,-0.8785837338045849
TOKYOTECH_s01,153,21,153.7,0.16290292143821716,-0.6203367274603627
TOKYOTECH_s01,153,22,153.73333333333332,-0.07651003450155258,-0.2561802996433906
TOKYOTECH_s01,153,23,153.76666666666668,-0.23575115203857422,0.18371109122202361
TOKYOTECH_s01,153,24,153.8,-0.596327543258667,0.6461571109521831
TOKYOTECH_s01,153,25,153.83333333333334,-0.9567857980728149,1.0664187427408962
TOKYOTECH_s01,153,26,153.86666666666667,-1.0526690483093262,1.3841073975733764
TOKYOTECH_s01,153,27,153.9,-0.9321750998497009,1.557600348088868
TOKYOTECH_s01,153,28,153.93333333333334,-0.8686597943305969,1.572328280124181
TOKYOTECH_s01,153,29,153.96666666666667,-0.8742907047271729,1.4412844794947979
TOKYOTECH_s01,153,30,154.0,-0.9103207588195801,1.1988106514594554
TOKYOTECH_s01,153,31,154.03333333333333,-1.000691294670105,0.8903290737115728
TOKYOTECH_s01,153,32,154.06666666666666,-0.6657100319862366,0.5612179523411922
TOKYOTECH_s01,153,33,154.1,0.4843384325504303,0.24765737794627857
TOKYOTECH_s01,153,34,154.13333333333333,1.8301700353622437,-0.028717800433990286
TOKYOTECH_s01,153,35,154.16666666666666,2.3213603496551514,-0.2618148388683847
TOKYOTECH_s01,153,36,154.2,1.9318023920059204,-0.45837433620270596
TOKYOTECH_s01,153,37,154.23333333333332,1.5257453918457031,-0.6327515508195353
TOKYOTECH_s01,153,38,154.26666666666668,1.044832468032837,-0.8001965366964348
TOKYOTECH_s01,153,39,154.3,0.40270963311195374,-0.969441906003929
TOKYOTECH_s01,153,40,154.33333333333334,0.02626427635550499,-1.1358859865100133
TOKYOTECH_s01,153,41,154.36666666666667,0.05178065598011017,-1.2776410074204518
TOKYOTECH_s01,153,42,154.4,0.26036131381988525,-1.3572534436508508
TOKYOTECH_s01,153,43,154.43333333333334,0.28497201204299927,-1.3307392574392647
TOKYOTECH_s01,153,44,154.46666666666667,0.002756129251793027,-1.1624430705334383
TOKYOTECH_s01,153,45,154.5,-0.35569387674331665,-0.8408133008068609
TOKYOTECH_s01,153,46,154.53333333333333,-0.5818367600440979,-0.3886518695508989
TOKYOTECH_s01,153,47,154.56666666666666,-0.865588366985321,0.13731223015118238
TOKYOTECH_s01,153,48,154.6,-1.000691294670105,0.6588548537768909
TOKYOTECH_s01,153,49,154.63333333333333,-0.9030753970146179,1.0968745455335898
TOKYOTECH_s01,153,50,154.66666666666666,-0.9146522879600525,1.3921649608544324
TOKYOTECH_s01,153,51,154.7,-1.076649785041809,1.518093420687589
TOKYOTECH_s01,153,52,154.73333333333332,-1.0003368854522705,1.4815794691633468
TOKYOTECH_s01,153,53,154.76666666666668,-0.8878757953643799,1.3146669161575744
TOKYOTECH_s01,153,54,154.8,-1.0466444492340088,1.0619971763079563
TOKYOTECH_s01,153,55,154.83333333333334,-0.6344839930534363,0.7690024164056157
TOKYOTECH_s01,153,56,154.86666666666667,0.7519847750663757,0.473345763283646
TOKYOTECH_s01,153,57,154.9,2.045090436935425,0.20001553882430248
TOKYOTECH_s01,153,58,154.93333333333334,2.0446572303771973,-0.04034336694449042
TOKYOTECH_s01,153,59,154.96666666666667,1.6769930124282837,-0.25020046133693746
TOKYOTECH_s01,153,60,155.0,1.350123405456543,-0.44128190628771946
TOKYOTECH_s01,153,61,155.03333333333333,0.956470251083374,-0.6285238541318997
TOKYOTECH_s01,153,62,155.06666666666666,0.36644330620765686,-0.8226210317126689
TOKYOTECH_s01,153,63,155.1,0.12049374729394913,-1.0226106852104506
TOKYOTECH_s01,153,64,155.13333333333333,0.29477691650390625,-1.2107880558870818
TOKYOTECH_s01,153,65,155.16666666666666,0.3442346155643463,-1.352594865177182
TOKYOTECH_s01,153,66,155.2,0.36006420850753784,-1.4032265029680289
TOKYOTECH_s01,153,67,155.23333333333332,0.12604592740535736,-1.3204714121390368
TOKYOTECH_s01,153,68,155.26666666666668,-0.40601786971092224,-1.0803784294540604
TOKYOTECH_s01,153,69,155.3,-0.4993416666984558,-0.690002043708303
TOKYOTECH_s01,153,70,155.33333333333334,-0.5956975221633911,-0.19121685521912696
TOKYOTECH_s01,153,71,155.36666666666667,-0.8970900774002075,0.3473684413007532
TOKYOTECH_s01,153,72,155.4,-0.9995099902153015,0.8477652640572875
TOKYOTECH_s01,153,73,155.43333333333334,-0.9517061114311218,1.2420884451693703
TOKYOTECH_s01,153,74,155.46666666666667,-0.950761079788208,1.4868200818020412
TOKYOTECH_s01,153,75,155.5,-0.9705677628517151,1.568075874245366
TOKYOTECH_s01,153,76,155.53333333333333,-0.9780887961387634,1.4986594010802818
TOKYOTECH_s01,153,77,155.56666666666666,-0.9854129552841187,1.310417369426425
TOKYOTECH_s01,153,78,155.6,-1.1931272745132446,1.0451739614656657
TOKYOTECH_s01,153,79,155.63333333333333,-0.5977845191955566,0.7459334527496917
TOKYOTECH_s01,153,80,155.66666666666666,1.0366814136505127,0.44917184796561455
TOKYOTECH_s01,153,81,155.7,2.258317470550537,0.1790701531628586
TOKYOTECH_s01,153,82,155.73333333333332,2.1167173385620117,-0.055334442450336696
TOKYOTECH_s01,153,83,155.76666666666668,1.4912904500961304,-0.2593408610901709
TOKYOTECH_s01,153,84,155.8,0.8534990549087524,-0.44802966688817886
TOKYOTECH_s01,153,85,155.83333333333334,0.32277408242225647,-0.638698837149012
TOKYOTECH_s01,153,86,155.86666666666667,0.21842467784881592,-0.8418182952045287
TOKYOTECH_s01,153,87,155.9,0.21086426079273224,-1.0528609432570935
TOKYOTECH_s01,153,88,155.93333333333334,0.3084801733493805,-1.2480482295095736
TOKYOTECH_s01,153,89,155.96666666666667,0.2185821831226349,-1.3867275625908277
TOKYOTECH_s01,153,90,156.0,0.20956481993198395,-1.4211932124530933
TOKYOTECH_s01,153,91,156.03333333333333,0.011025326326489449,-1.3118653104154951
TOKYOTECH_s01,153,92,156.06666666666666,-0.31950631737709045,-1.0430686908137177
TOKYOTECH_s01,153,93,156.1,-0.6781926155090332,-0.6332613970866484
TOKYOTECH_s01,153,94,156.13333333333333,-0.9287099242210388,-0.13443617606435526
TOKYOTECH_s01,153,95,156.16666666666666,-0.9046111106872559,0.38056198627518184
TOKYOTECH_s01,153,96,156.2,-0.9255596995353699,0.837987845636306
TOKYOTECH_s01,153,97,156.23333333333332,-1.0491251945495605,1.181723451737332
TOKYOTECH_s01,153,98,156.26666666666668,-0.8783859014511108,1.3832446900802255
TOKYOTECH_s01,153,99,156.3,-0.7039452195167542,1.441263115390537
TOKYOTECH_s01,153,100,156.33333333333334,-0.8443641066551208,1.3744429938584515
TOKYOTECH_s01,153,101,156.36666666666667,-1.1771007776260376,1.2124282315803303
TOKYOTECH_s01,153,102,156.4,-1.0259714126586914,0.9884459915133579
TOKYOTECH_s01,153,103,156.43333333333334,-0.08733874559402466,0.7338502780249506
TOKYOTECH_s01,153,104,156.46666666666667,1.3389009237289429,0.4739864083050168
TOKYOTECH_s01,153,105,156.5,2.13569712638855,0.22530960884444032
TOKYOTECH_s01,153,106,156.53333333333333,2.052020788192749,-0.005837722028280492
TOKYOTECH_s01,153,107,156.56666666666666,1.532400131225586,-0.22233336055607347
TOKYOTECH_s01,153,108,156.6,1.0173473358154297,-0.4329429422253782
TOKYOTECH_s01,153,109,156.63333333333333,0.5198566317558289,-0.6466962048619841
TOKYOTECH_s01,153,110,156.66666666666666,0.2704024910926819,-0.8660390813496968
TOKYOTECH_s01,153,111,156.7,0.11883991211652756,-1.0808034054000988
TOKYOTECH_s01,153,112,156.73333333333332,0.10848372429609299,-1.2654954452505895
TOKYOTECH_s01,153,113,156.76666666666668,0.306235671043396,-1.3820132988720772
TOKYOTECH_s01,153,114,156.8,0.20566648244857788,-1.3885330590251985
TOKYOTECH_s01,153,115,156.83333333333334,-0.2686704397201538,-1.252995665254281
TOKYOTECH_s01,153,116,156.86666666666667,-0.5899878144264221,-0.96697297813358
TOKYOTECH_s01,153,117,156.9,-0.8316452503204346,-0.5540251826466855
TOKYOTECH_s01,153,118,156.93333333333334,-1.1149637699127197,-0.06750867982936916
TOKYOTECH_s01,153,119,156.96666666666667,-1.0722001791000366,0.4228968351504868
TOKYOTECH_s01,153,120,157.0,-1.0757046937942505,0.8503984566574786
TOKYOTECH_s01,153,121,157.03333333333333,-1.2076969146728516,1.167148406467888
TOKYOTECH_s01,153,122,157.06666666666666,-0.9837591052055359,1.3510782618661035
TOKYOTECH_s01,153,123,157.1,-0.9301668405532837,1.4034757864840277
TOKYOTECH_s01,153,124,157.13333333333333,-1.156309723854065,1.3415861558977047
TOKYOTECH_s01,153,125,157.16666666666666,-1.276724934577942,1.1910227034516505
TOKYOTECH_s01,153,126,157.2,-0.9529662132263184,0.9803067018477132
TOKYOTECH_s01,153,127,157.23333333333332,0.2596525251865387,0.7371237405000548
TOKYOTECH_s01,153,128,157.26666666666668,1.7179452180862427,0.4851162265561939
TOKYOTECH_s01,153,129,157.3,2.3237624168395996,0.24094278620126178
TOKYOTECH_s01,153,130,157.33333333333334,1.8590728044509888,0.012404576324332135
TOKYOTECH_s01,153,131,157.36666666666667,1.255578875541687,-0.2013349588863891
TOKYOTECH_s01,153,132,157.4,0.8099085688591003,-0.4071114325585719
TOKYOTECH_s01,153,133,157.43333333333334,0.5272201299667358,-0.6131731643470869
TOKYOTECH_s01,153,134,157.46666666666667,0.16148534417152405,-0.8234085649345768
TOKYOTECH_s01,153,135,157.5,0.031186416745185852,-1.0315745147501103
TOKYOTECH_s01,153,136,157.53333333333333,0.26323583722114563,-1.217685976729842
TOKYOTECH_s01,153,137,157.56666666666666,0.33817052841186523,-1.3490667521682758
TOKYOTECH_s01,153,138,157.6,-0.03402211144566536,-1.387157048765806
TOKYOTECH_s01,153,139,157.63333333333333,-0.2813892364501953,-1.2986852433484957
TOKYOTECH_s01,153,140,157.66666666666666,-0.40078070759773254,-1.0676744767569422
TOKYOTECH_s01,153,141,157.7,-0.7615933418273926,-0.7038905547314247
TOKYOTECH_s01,153,142,157.73333333333332,-1.1236660480499268,-0.24415686650540988
TOKYOTECH_s01,153,143,157.76666666666668,-1.1130342483520508,0.2545090539820867
TOKYOTECH_s01,153,144,157.8,-0.9287492632865906,0.7275831957467633
TOKYOTECH_s01,153,145,157.83333333333334,-1.0237269401550293,1.1168427476911373
TOKYOTECH_s01,153,146,157.86666666666667,-1.0302635431289673,1.380770619173326
TOKYOTECH_s01,153,147,157.9,-1.1021661758422852,1.4993823554538988
TOKYOTECH_s01,153,148,157.93333333333334,-1.2888531684875488,1.4741395790259904
TOKYOTECH_s01,153,149,157.96666666666667,-1.2545557022094727,1.3249316244450295
TOKYOTECH_s01,153,150,158.0,-1.1459928750991821,1.0852631996002782
TOKYOTECH_s01,153,151,158.03333333333333,-0.48516589403152466,0.7956458966632564
TOKYOTECH_s01,153,152,158.06666666666666,1.1116949319839478,0.4955880903017062
TOKYOTECH_s01,153,153,158.1,2.309586524963379,0.21582714916930465
TOKYOTECH_s01,153,154,158.13333333333333,2.197204351425171,-0.027018087425415827
TOKYOTECH_s01,153,155,158.16666666666666,1.5625630617141724,-0.23181242886523953
TOKYOTECH_s01,153,156,158.2,0.9725754857063293,-0.41000654721751456
TOKYOTECH_s01,153,157,158.23333333333332,0.6137710809707642,-0.5793126167942301
TOKYOTECH_s01,153,158,158.26666666666668,0.1621941328048706,-0.7553290473228285
TOKYOTECH_s01,153,159,158.3,0.04465339705348015,-0.9430155121902096
TOKYOTECH_s01,153,160,158.33333333333334,0.2589831054210663,-1.130710017739886
TOKYOTECH_s01,153,161,158.36666666666667,0.23933392763137817,-1.289328257029606
TOKYOTECH_s01,153,162,158.4,0.07347745448350906,-1.3776990073575364
TOKYOTECH_s01,153,163,158.43333333333334,-0.02839118055999279,-1.35282292050922
TOKYOTECH_s01,153,164,158.46666666666667,-0.35025984048843384,-1.182582425915086
TOKYOTECH_s01,153,165,158.5,-0.8258568048477173,-0.8579101074293605
TOKYOTECH_s01,153,166,158.53333333333333,-0.8918529152870178,-0.4010081828329983
TOKYOTECH_s01,153,167,158.56666666666666,-0.9455239176750183,0.1339515170710771
TOKYOTECH_s01,153,168,158.6,-1.0953145027160645,0.6701864465681153
TOKYOTECH_s01,153,169,158.63333333333333,-1.2162023782730103,1.1267432023395483
TOKYOTECH_s01,153,170,158.66666666666666,-1.0048258304595947,1.4397938384819908
TOKYOTECH_s01,153,171,158.7,-0.9973835945129395,1.5779713638615256
TOKYOTECH_s01,153,172,158.73333333333332,-1.1522538661956787,1.546075415395335
TOKYOTECH_s01,153,173,158.76666666666668,-1.1225634813308716,1.3776197538125805
TOKYOTECH_s01,153,174,158.8,-1.010614275932312,1.1211788118551127
TOKYOTECH_s01,153,175,158.83333333333334,-0.9132740497589111,0.8263819204889766
TOKYOTECH_s01,153,176,158.86666666666667,0.14128486812114716,0.5334022124388064
TOKYOTECH_s01,153,177,158.9,1.8313907384872437,0.2671592612045131
TOKYOTECH_s01,153,178,158.93333333333334,2.4435081481933594,0.036039901022828905
TOKYOTECH_s01,153,179,158.96666666666667,1.8209164142608643,-0.16552858314059593
TOKYOTECH_s01,153,180,159.0,1.1605225801467896,-0.3517491886156175
TOKYOTECH_s01,153,181,159.03333333333333,0.8374725580215454,-0.5386832914165873
TOKYOTECH_s01,153,182,159.06666666666666,0.2698512077331543,-0.7370764992120303
TOKYOTECH_s01,153,183,159.1,-0.07536809891462326,-0.945735946071808
TOKYOTECH_s01,153,184,159.13333333333333,-0.004764902405440807,-1.1470349979235714
TOKYOTECH_s01,153,185,159.16666666666666,0.012088509276509285,-1.3067828862597912
TOKYOTECH_s01,153,186,159.2,0.16420236229896545,-1.380318795518628
TOKYOTECH_s01,153,187,159.23333333333332,0.07670637965202332,-1.3247890573381256
TOKYOTECH_s01,153,188,159.26666666666668,-0.3178524672985077,-1.1146229668071839
TOKYOTECH_s01,153,189,159.3,-0.5077289938926697,-0.7547038036179717
TOKYOTECH_s01,153,190,159.33333333333334,-0.885513186454773,-0.28527643019347965
TOKYOTECH_s01,153,191,159.36666666666667,-1.088069200515747,0.22491029842337032
TOKYOTECH_s01,153,192,159.4,-1.0942513942718506,0.6959464747678433
TOKYOTECH_s01,153,193,159.43333333333334,-1.1950174570083618,1.0584381985606799
TOKYOTECH_s01,153,194,159.46666666666667,-1.0507789850234985,1.2710615786720019
TOKYOTECH_s01,153,195,159.5,-0.9936034083366394,1.327423233553362
TOKYOTECH_s01,153,196,159.53333333333333,-0.9243390560150146,1.2510404795367813
TOKYOTECH_s01,153,197,159.56666666666666,-0.8604299426078796,1.0825791010412606
TOKYOTECH_s01,153,198,159.6,-1.048770785331726,0.8654808161716216
TOKYOTECH_s01,153,199,159.63333333333333,-0.5618725419044495,0.6347816605915623
TOKYOTECH_s01,153,200,159.66666666666666,0.9404043555259705,0.41120096891902697
TOKYOTECH_s01,153,201,159.7,2.0706067085266113,0.20033307266385725
TOKYOTECH_s01,153,202,159.73333333333332,2.165623664855957,-0.00413124194948874
TOKYOTECH_s01,153,203,159.76666666666668,1.6841201782226562,-0.21435195408378066
TOKYOTECH_s01,153,204,159.8,0.9272130131721497,-0.4408746270124617
TOKYOTECH_s01,153,205,159.83333333333334,0.421413779258728,-0.6854729372924566
TOKYOTECH_s01,153,206,159.86666666666667,0.18326090276241302,-0.9360415519047147
TOKYOTECH_s01,153,207,159.9,-0.011340883560478687,-1.1650472897454933
TOKYOTECH_s01,153,208,159.93333333333334,0.22976528108119965,-1.3326392933490931
TOKYOTECH_s01,153,209,159.96666666666667,0.40684425830841064,-1.3947718819405326
TOKYOTECH_s01,153,210,160.0,0.2066115289926529,-1.3153641350844605
TOKYOTECH_s01,153,211,160.03333333333333,-0.0012209608685225248,-1.0795464459526734
TOKYOTECH_s01,153,212,160.06666666666666,-0.4566568434238434,-0.7031113261653901
TOKYOTECH_s01,153,213,160.1,-0.8923647999763489,-0.23305511554335315
TOKYOTECH_s01,153,214,160.13333333333333,-0.9710797071456909,0.2631282779558422
TOKYOTECH_s01,153,215,160.16666666666666,-0.9644643068313599,0.7163612836822465
TOKYOTECH_s01,153,216,160.2,-0.8116810917854309,1.074798251414618
TOKYOTECH_s01,153,217,160.23333333333332,-0.976080596446991,1.3137851472265052
TOKYOTECH_s01,153,218,160.26666666666668,-1.06227707862854,1.4341791619022755
TOKYOTECH_s01,153,219,160.3,-1.056449294090271,1.4531936647266595
TOKYOTECH_s01,153,220,160.33333333333334,-0.9920282959938049,1.3940317720662974
TOKYOTECH_s01,153,221,160.36666666666667,-0.8851194381713867,1.2783764891868792
TOKYOTECH_s01,153,222,160.4,-0.1371508091688156,1.1227825675507948
TOKYOTECH_s01,153,223,160.43333333333334,1.474082589149475,0.9379875936094623
TOKYOTECH_s01,153,224,160.46666666666667,2.2162628173828125,0.7295364116843976
TOKYOTECH_s01,153,225,160.5,2.023472309112549,0.4987717012429428
TOKYOTECH_s01,153,226,160.53333333333333,1.490739107131958,0.24443099971816776
TOKYOTECH_s01,153,227,160.56666666666666,1.085863471031189,-0.03448184877205774
TOKYOTECH_s01,153,228,160.6,0.4987504780292511,-0.33479351385974815
TOKYOTECH_s01,153,229,160.63333333333333,0.09651307761669159,-0.6456385597361638
TOKYOTECH_s01,153,230,160.66666666666666,0.14242681860923767,-0.9469284598548859
TOKYOTECH_s01,153,231,160.7,0.2829244136810303,-1.210833915718525
TOKYOTECH_s01,153,232,160.73333333333332,0.16652561724185944,-1.4065321720055917
TOKYOTECH_s01,153,233,160.76666666666668,0.09946636110544205,-1.50742936204514
TOKYOTECH_s01,153,234,160.8,-0.14719198644161224,-1.498697992076173
TOKYOTECH_s01,153,235,160.83333333333334,-0.5649833679199219,-1.3819930088786967
TOKYOTECH_s01,153,236,160.86666666666667,-0.7489139437675476,-1.1746433077692024
TOKYOTECH_s01,153,237,160.9,-0.8826780319213867,-0.9030802081011856
TOKYOTECH_s01,153,238,160.93333333333334,-1.1111047267913818,-0.5939015676434161
TOKYOTECH_s01,153,239,160.96666666666667,-0.9776950478553772,-0.26791911653095923
TOKYOTECH_s01,154,0,154.0,-0.9103207588195801,-0.13490547016813073
TOKYOTECH_s01,154,1,154.03333333333333,-1.000691294670105,-0.24607850896060082
TOKYOTECH_s01,154,2,154.06666666666666,-0.6657100319862366,-0.3560204645195918
TOKYOTECH_s01,154,3,154.1,0.4843384325504303,-0.46558288473495535
TOKYOTECH_s01,154,4,154.13333333333333,1.8301700353622437,-0.575446829991952
TOKYOTECH_s01,154,5,154.16666666666666,2.3213603496551514,-0.6871534232334964
TOKYOTECH_s01,154,6,154.2,1.9318023920059204,-0.8038388544811845
TOKYOTECH_s01,154,7,154.23333333333332,1.5257453918457031,-0.9295092670830167
TOKYOTECH_s01,154,8,154.26666666666668,1.044832468032837,-1.0659562342234379
TOKYOTECH_s01,154,9,154.3,0.40270963311195374,-1.207543030163987
TOKYOTECH_s01,154,10,154.33333333333334,0.02626427635550499,-1.3360248355939308
TOKYOTECH_s01,154,11,154.36666666666667,0.05178065598011017,-1.4188795963528535
TOKYOTECH_s01,154,12,154.4,0.26036131381988525,-1.4139498921005051
TOKYOTECH_s01,154,13,154.43333333333334,0.28497201204299927,-1.280671906907134
TOKYOTECH_s01,154,14,154.46666666666667,0.002756129251793027,-0.9949849112731135
TOKYOTECH_s01,154,15,154.5,-0.35569387674331665,-0.5625918502361242
TOKYOTECH_s01,154,16,154.53333333333333,-0.5818367600440979,-0.02475706764418889
TOKYOTECH_s01,154,17,154.56666666666666,-0.865588366985321,0.5472158996307357
TOKYOTECH_s01,154,18,154.6,-1.000691294670105,1.0686351249368868
TOKYOTECH_s01,154,19,154.63333333333333,-0.9030753970146179,1.464076603756208
TOKYOTECH_s01,154,20,154.66666666666666,-0.9146522879600525,1.6873340247136899
TOKYOTECH_s01,154,21,154.7,-1.076649785041809,1.7306564527154018
TOKYOTECH_s01,154,22,154.73333333333332,-1.0003368854522705,1.6208346853641993
TOKYOTECH_s01,154,23,154.76666666666668,-0.8878757953643799,1.4059649439475248
TOKYOTECH_s01,154,24,154.8,-1.0466444492340088,1.139330633171687
TOKYOTECH_s01,154,25,154.83333333333334,-0.6344839930534363,0.8657862733811268
TOKYOTECH_s01,154,26,154.86666666666667,0.7519847750663757,0.613526041941933
TOKYOTECH_s01,154,27,154.9,2.045090436935425,0.3917477523775173
TOKYOTECH_s01,154,28,154.93333333333334,2.0446572303771973,0.19319875153549665
TOKYOTECH_s01,154,29,154.96666666666667,1.6769930124282837,2.0503979847831186e-05
TOKYOTECH_s01,154,30,155.0,1.350123405456543,-0.2086192996836776
TOKYOTECH_s01,154,31,155.03333333333333,0.956470251083374,-0.44832682864150103
TOKYOTECH_s01,154,32,155.06666666666666,0.36644330620765686,-0.7218142083128578
TOKYOTECH_s01,154,33,155.1,0.12049374729394913,-1.0131807474483878
TOKYOTECH_s01,154,34,155.13333333333333,0.29477691650390625,-1.2861293341499
TOKYOTECH_s01,154,35,155.16666666666666,0.3442346155643463,-1.488163082971797
TOKYOTECH_s01,154,36,155.2,0.36006420850753784,-1.561644328355189
TOKYOTECH_s01,154,37,155.23333333333332,0.12604592740535736,-1.46021154660602
TOKYOTECH_s01,154,38,155.26666666666668,-0.40601786971092224,-1.1661935363617442
TOKYOTECH_s01,154,39,155.3,-0.4993416666984558,-0.7026156364695575
TOKYOTECH_s01,154,40,155.33333333333334,-0.5956975221633911,-0.13363463657239233
TOKYOTECH_s01,154,41,155.36666666666667,-0.8970900774002075,0.4491080320098877
TOKYOTECH_s01,154,42,155.4,-0.9995099902153015,0.9504572318697274
TOKYOTECH_s01,154,43,155.43333333333334,-0.9517061114311218,1.2970478659054185
TOKYOTECH_s01,154,44,155.46666666666667,-0.950761079788208,1.454272164646395
TOKYOTECH_s01,154,45,155.5,-0.9705677628517151,1.4294728558633867
TOKYOTECH_s01,154,46,155.53333333333333,-0.9780887961387634,1.262528820230832
TOKYOTECH_s01,154,47,155.56666666666666,-0.9854129552841187,1.0098049347620943
TOKYOTECH_s01,154,48,155.6,-1.1931272745132446,0.7278664052328225
TOKYOTECH_s01,154,49,155.63333333333333,-0.5977845191955566,0.4610003695330613
TOKYOTECH_s01,154,50,155.66666666666666,1.0366814136505127,0.23426131727453317
TOKYOTECH_s01,154,51,155.7,2.258317470550537,0.052233401405623985
TOKYOTECH_s01,154,52,155.73333333333332,2.1167173385620117,-0.09737697690573793
TOKYOTECH_s01,154,53,155.76666666666668,1.4912904500961304,-0.2368873120290382
TOKYOTECH_s01,154,54,155.8,0.8534990549087524,-0.3902711912606317
TOKYOTECH_s01,154,55,155.83333333333334,0.32277408242225647,-0.574722575384016
TOKYOTECH_s01,154,56,155.86666666666667,0.21842467784881592,-0.7931782187215068
TOKYOTECH_s01,154,57,155.9,0.21086426079273224,-1.0290686762568444
TOKYOTECH_s01,154,58,155.93333333333334,0.3084801733493805,-1.2454887192468278
TOKYOTECH_s01,154,59,155.96666666666667,0.2185821831226349,-1.3909685149389113
TOKYOTECH_s01,154,60,156.0,0.20956481993198395,-1.41193472309358
TOKYOTECH_s01,154,61,156.03333333333333,0.011025326326489449,-1.2690122930627912
TOKYOTECH_s01,154,62,156.06666666666666,-0.31950631737709045,-0.9523445208405107
TOKYOTECH_s01,154,63,156.1,-0.6781926155090332,-0.49045307985343944
TOKYOTECH_s01,154,64,156.13333333333333,-0.9287099242210388,0.05205428484139573
TOKYOTECH_s01,154,65,156.16666666666666,-0.9046111106872559,0.5893047095275381
TOKYOTECH_s01,154,66,156.2,-0.9255596995353699,1.0372494205726894
TOKYOTECH_s01,154,67,156.23333333333332,-1.0491251945495605,1.3361663672122641
TOKYOTECH_s01,154,68,156.26666666666668,-0.8783859014511108,1.4636417987298025
TOKYOTECH_s01,154,69,156.3,-0.7039452195167542,1.4338818643140023
TOKYOTECH_s01,154,70,156.33333333333334,-0.8443641066551208,1.286106425920595
TOKYOTECH_s01,154,71,156.36666666666667,-1.1771007776260376,1.0690645582065255
TOKYOTECH_s01,154,72,156.4,-1.0259714126586914,0.8277378670230962
TOKYOTECH_s01,154,73,156.43333333333334,-0.08733874559402466,0.5947385974048027
TOKYOTECH_s01,154,74,156.46666666666667,1.3389009237289429,0.386540647140226
TOKYOTECH_s01,154,75,156.5,2.13569712638855,0.20387244099479915
TOKYOTECH_s01,154,76,156.53333333333333,2.052020788192749,0.03520849497188663
TOKYOTECH_s01,154,77,156.56666666666666,1.532400131225586,-0.1377944441878786
TOKYOTECH_s01,154,78,156.6,1.0173473358154297,-0.33371454316941374
TOKYOTECH_s01,154,79,156.63333333333333,0.5198566317558289,-0.5641608178508588
TOKYOTECH_s01,154,80,156.66666666666666,0.2704024910926819,-0.826826071566646
TOKYOTECH_s01,154,81,156.7,0.11883991211652756,-1.1005279791201283
TOKYOTECH_s01,154,82,156.73333333333332,0.10848372429609299,-1.344656874643682
TOKYOTECH_s01,154,83,156.76666666666668,0.306235671043396,-1.5051303233583266
TOKYOTECH_s01,154,84,156.8,0.20566648244857788,-1.527172270985088
TOKYOTECH_s01,154,85,156.83333333333334,-0.2686704397201538,-1.3723821795308364
TOKYOTECH_s01,154,86,156.86666666666667,-0.5899878144264221,-1.0347527538016494
TOKYOTECH_s01,154,87,156.9,-0.8316452503204346,-0.5489684552653297
TOKYOTECH_s01,154,88,156.93333333333334,-1.1149637699127197,0.014202117441895987
TOKYOTECH_s01,154,89,156.96666666666667,-1.0722001791000366,0.5656493051571606
TOKYOTECH_s01,154,90,157.0,-1.0757046937942505,1.022273314947407
TOKYOTECH_s01,154,91,157.03333333333333,-1.2076969146728516,1.327710670109641
TOKYOTECH_s01,154,92,157.06666666666666,-0.9837591052055359,1.4618521702343295
TOKYOTECH_s01,154,93,157.1,-0.9301668405532837,1.4380699912895456
TOKYOTECH_s01,154,94,157.13333333333333,-1.156309723854065,1.2925665807729014
TOKYOTECH_s01,154,95,157.16666666666666,-1.276724934577942,1.071782909453747
TOKYOTECH_s01,154,96,157.2,-0.9529662132263184,0.8215027553420118
TOKYOTECH_s01,154,97,157.23333333333332,0.2596525251865387,0.578407064832564
TOKYOTECH_s01,154,98,157.26666666666668,1.7179452180862427,0.36418261941275487
TOKYOTECH_s01,154,99,157.3,2.3237624168395996,0.18303440633055157
TOKYOTECH_s01,154,100,157.33333333333334,1.8590728044509888,0.02349960484840774
TOKYOTECH_s01,154,101,157.36666666666667,1.255578875541687,-0.13560980861786698
TOKYOTECH_s01,154,102,157.4,0.8099085688591003,-0.3166925270630571
TOKYOTECH_s01,154,103,157.43333333333334,0.5272201299667358,-0.5344596252212555
TOKYOTECH_s01,154,104,157.46666666666667,0.16148534417152405,-0.788420254385761
TOKYOTECH_s01,154,105,157.5,0.031186416745185852,-1.0582161086502058
TOKYOTECH_s01,154,106,157.53333333333333,0.26323583722114563,-1.3037722475423414
TOKYOTECH_s01,154,107,157.56666666666666,0.33817052841186523,-1.4720504016272857
TOKYOTECH_s01,154,108,157.6,-0.03402211144566536,-1.5100204070499388
TOKYOTECH_s01,154,109,157.63333333333333,-0.2813892364501953,-1.3805314806116957
TOKYOTECH_s01,154,110,157.66666666666666,-0.40078070759773254,-1.0760232531566203
TOKYOTECH_s01,154,111,157.7,-0.7615933418273926,-0.6250400024198332
TOKYOTECH_s01,154,112,157.73333333333332,-1.1236660480499268,-0.0882468337766186
TOKYOTECH_s01,154,113,157.76666666666668,-1.1130342483520508,0.4557063006321807
TOKYOTECH_s01,154,114,157.8,-0.9287492632865906,0.9295346751734822
TOKYOTECH_s01,154,115,157.83333333333334,-1.0237269401550293,1.274555810229597
TOKYOTECH_s01,154,116,157.86666666666667,-1.0302635431289673,1.4603997877892163
TOKYOTECH_s01,154,117,157.9,-1.1021661758422852,1.4861201150999106
TOKYOTECH_s01,154,118,157.93333333333334,-1.2888531684875488,1.3750859647737816
TOKYOTECH_s01,154,119,157.96666666666667,-1.2545557022094727,1.1668688719635065
TOKYOTECH_s01,154,120,158.0,-1.1459928750991821,0.9079931225044061
TOKYOTECH_s01,154,121,158.03333333333333,-0.48516589403152466,0.6422462236341592
TOKYOTECH_s01,154,122,158.06666666666666,1.1116949319839478,0.4018483333495268
TOKYOTECH_s01,154,123,158.1,2.309586524963379,0.2017604567930744
TOKYOTECH_s01,154,124,158.13333333333333,2.197204351425171,0.03886587725153861
TOKYOTECH_s01,154,125,158.16666666666666,1.5625630617141724,-0.10399271014097747
TOKYOTECH_s01,154,126,158.2,0.9725754857063293,-0.25069355515596137
TOKYOTECH_s01,154,127,158.23333333333332,0.6137710809707642,-0.42326153219455315
TOKYOTECH_s01,154,128,158.26666666666668,0.1621941328048706,-0.6335472855941617
TOKYOTECH_s01,154,129,158.3,0.04465339705348015,-0.8764396609839815
TOKYOTECH_s01,154,130,158.33333333333334,0.2589831054210663,-1.126585897932342
TOKYOTECH_s01,154,131,158.36666666666667,0.23933392763137817,-1.3407513970990423
TOKYOTECH_s01,154,132,158.4,0.07347745448350906,-1.466305692963511
TOKYOTECH_s01,154,133,158.43333333333334,-0.02839118055999279,-1.4540525413616903
TOKYOTECH_s01,154,134,158.46666666666667,-0.35025984048843384,-1.2723563641678384
TOKYOTECH_s01,154,135,158.5,-0.8258568048477173,-0.9191601623496407
TOKYOTECH_s01,154,136,158.53333333333333,-0.8918529152870178,-0.4283713122568193
TOKYOTECH_s01,154,137,158.56666666666666,-0.9455239176750183,0.1326938371845461
TOKYOTECH_s01,154,138,158.6,-1.0953145027160645,0.6766709911763409
TOKYOTECH_s01,154,139,158.63333333333333,-1.2162023782730103,1.1182452681823214
TOKYOTECH_s01,154,140,158.66666666666666,-1.0048258304595947,1.3974243165862423
TOKYOTECH_s01,154,141,158.7,-0.9973835945129395,1.494154114427671
TOKYOTECH_s01,154,142,158.73333333333332,-1.1522538661956787,1.4285927405217957
TOKYOTECH_s01,154,143,158.76666666666668,-1.1225634813308716,1.2486002591927912
TOKYOTECH_s01,154,144,158.8,-1.010614275932312,1.0110682624052607
TOKYOTECH_s01,154,145,158.83333333333334,-0.9132740497589111,0.7646503901343932
TOKYOTECH_s01,154,146,158.86666666666667,0.14128486812114716,0.5390791269731104
TOKYOTECH_s01,154,147,158.9,1.8313907384872437,0.34257546552043366
TOKYOTECH_s01,154,148,158.93333333333334,2.4435081481933594,0.1658579830011872
TOKYOTECH_s01,154,149,158.96666666666667,1.8209164142608643,-0.010162351343304035
TOKYOTECH_s01,154,150,159.0,1.1605225801467896,-0.2058138382442691
TOKYOTECH_s01,154,151,159.03333333333333,0.8374725580215454,-0.4349671204939499
TOKYOTECH_s01,154,152,159.06666666666666,0.2698512077331543,-0.6988077209273994
TOKYOTECH_s01,154,153,159.1,-0.07536809891462326,-0.9814365569653861
TOKYOTECH_s01,154,154,159.13333333333333,-0.004764902405440807,-1.2484967823365976
TOKYOTECH_s01,154,155,159.16666666666666,0.012088509276509285,-1.4507293002601283
TOKYOTECH_s01,154,156,159.2,0.16420236229896545,-1.5336243545210053
TOKYOTECH_s01,154,157,159.23333333333332,0.07670637965202332,-1.4521379859240395
TOKYOTECH_s01,154,158,159.26666666666668,-0.3178524672985077,-1.1867367689703516
TOKYOTECH_s01,154,159,159.3,-0.5077289938926697,-0.7550979521843947
TOKYOTECH_s01,154,160,159.33333333333334,-0.885513186454773,-0.2138605899906488
TOKYOTECH_s01,154,161,159.36666666666667,-1.088069200515747,0.3523449031131366
TOKYOTECH_s01,154,162,159.4,-1.0942513942718506,0.8523033940160897
TOKYOTECH_s01,154,163,159.43333333333334,-1.1950174570083618,1.212764704868179
TOKYOTECH_s01,154,164,159.46666666666667,-1.0507789850234985,1.3967020880896688
TOKYOTECH_s01,154,165,159.5,-0.9936034083366394,1.40842452188728
TOKYOTECH_s01,154,166,159.53333333333333,-0.9243390560150146,1.285132240182145
TOKYOTECH_s01,154,167,159.56666666666666,-0.8604299426078796,1.0804078100725718
TOKYOTECH_s01,154,168,159.6,-1.048770785331726,0.8467499075742392
TOKYOTECH_s01,154,169,159.63333333333333,-0.5618725419044495,0.6224112895818719
TOKYOTECH_s01,154,170,159.66666666666666,0.9404043555259705,0.42512073037337766
TOKYOTECH_s01,154,171,159.7,2.0706067085266113,0.2528330372550203
TOKYOTECH_s01,154,172,159.73333333333332,2.165623664855957,0.0897186814517592
TOKYOTECH_s01,154,173,159.76666666666668,1.6841201782226562,-0.08524929531012883
TOKYOTECH_s01,154,174,159.8,0.9272130131721497,-0.28936340204783745
TOKYOTECH_s01,154,175,159.83333333333334,0.421413779258728,-0.5283983972064168
TOKYOTECH_s01,154,176,159.86666666666667,0.18326090276241302,-0.7912158908618735
TOKYOTECH_s01,154,177,159.9,-0.011340883560478687,-1.048126184305991
TOKYOTECH_s01,154,178,159.93333333333334,0.22976528108119965,-1.2542763702914614
TOKYOTECH_s01,154,179,159.96666666666667,0.40684425830841064,-1.358623456163938
TOKYOTECH_s01,154,180,160.0,0.2066115289926529,-1.3175844337356943
TOKYOTECH_s01,154,181,160.03333333333333,-0.0012209608685225248,-1.1102611529182014
TOKYOTECH_s01,154,182,160.06666666666666,-0.4566568434238434,-0.7499556865738869
TOKYOTECH_s01,154,183,160.1,-0.8923647999763489,-0.2861965761183706
TOKYOTECH_s01,154,184,160.13333333333333,-0.9710797071456909,0.2058948688568759
TOKYOTECH_s01,154,185,160.16666666666666,-0.9644643068313599,0.6464538385007862
TOKYOTECH_s01,154,186,160.2,-0.8116810917854309,0.9734420922855613
TOKYOTECH_s01,154,187,160.23333333333332,-0.976080596446991,1.156974215639343
TOKYOTECH_s01,154,188,160.26666666666668,-1.06227707862854,1.200750792493687
TOKYOTECH_s01,154,189,160.3,-1.056449294090271,1.1331645758861875
TOKYOTECH_s01,154,190,160.33333333333334,-0.9920282959938049,0.9939918040019202
TOKYOTECH_s01,154,191,160.36666666666667,-0.8851194381713867,0.8218591705505284
TOKYOTECH_s01,154,192,160.4,-0.1371508091688156,0.6454712816438544
TOKYOTECH_s01,154,193,160.43333333333334,1.474082589149475,0.47944196426501223
TOKYOTECH_s01,154,194,160.46666666666667,2.2162628173828125,0.3241324043521436
TOKYOTECH_s01,154,195,160.5,2.023472309112549,0.16850180318073854
TOKYOTECH_s01,154,196,160.53333333333333,1.490739107131958,-0.004663071215263037
TOKYOTECH_s01,154,197,160.56666666666666,1.085863471031189,-0.21167501846500325
TOKYOTECH_s01,154,198,160.6,0.4987504780292511,-0.4603039959961474
TOKYOTECH_s01,154,199,160.63333333333333,0.09651307761669159,-0.7435705207956944
TOKYOTECH_s01,154,200,160.66666666666666,0.14242681860923767,-1.0368048324147152
TOKYOTECH_s01,154,201,160.7,0.2829244136810303,-1.2991590352863636
TOKYOTECH_s01,154,202,160.73333333333332,0.16652561724185944,-1.4802234494270627
TOKYOTECH_s01,154,203,160.76666666666668,0.09946636110544205,-1.5314582658507987
TOKYOTECH_s01,154,204,160.8,-0.14719198644161224,-1.420299134427856
TOKYOTECH_s01,154,205,160.83333333333334,-0.5649833679199219,-1.1426548581034348
TOKYOTECH_s01,154,206,160.86666666666667,-0.7489139437675476,-0.728495549481285
TOKYOTECH_s01,154,207,160.9,-0.8826780319213867,-0.23677668447604852
TOKYOTECH_s01,154,208,160.93333333333334,-1.1111047267913818,0.2597634822063364
TOKYOTECH_s01,154,209,160.96666666666667,-0.9776950478553772,0.6943725459132889
TOKYOTECH_s01,154,210,161.0,-0.9705677628517151,1.0223246440729319
TOKYOTECH_s01,154,211,161.03333333333333,-1.0455812215805054,1.2268763215085794
TOKYOTECH_s01,154,212,161.06666666666666,-0.9604478478431702,1.314826180929025
TOKYOTECH_s01,154,213,161.1,-0.9339470267295837,1.306751677581507
TOKYOTECH_s01,154,214,161.13333333333333,-0.8874426484107971,1.2276400565036276
TOKYOTECH_s01,154,215,161.16666666666666,0.2631177306175232,1.1007369628104673
TOKYOTECH_s01,154,216,161.2,1.8916376829147339,0.9444570715127201
TOKYOTECH_s01,154,217,161.23333333333332,2.39133358001709,0.7709974327364786
TOKYOTECH_s01,154,218,161.26666666666668,1.9639735221862793,0.5858765591775943
TOKYOTECH_s01,154,219,161.3,1.4484087228775024,0.38868891245152715
TOKYOTECH_s01,154,220,161.33333333333334,0.9287881255149841,0.17561634623436043
TOKYOTECH_s01,154,221,161.36666666666667,0.46051526069641113,-0.056360186034450366
TOKYOTECH_s01,154,222,161.4,0.1064361110329628,-0.3044478803549917
TOKYOTECH_s01,154,223,161.43333333333334,0.09993888437747955,-0.5558395958699343
TOKYOTECH_s01,154,224,161.46666666666667,0.271820068359375,-0.7862459644859912
TOKYOTECH_s01,154,225,161.5,0.36195430159568787,-0.9626750659500313
TOKYOTECH_s01,154,226,161.53333333333333,0.024295419454574585,-1.0506974800595519
TOKYOTECH_s01,154,227,161.56666666666666,-0.3718385100364685,-1.0245698819002065
TOKYOTECH_s01,154,228,161.6,-0.6185362339019775,-0.8768544516098579
TOKYOTECH_s01,154,229,161.63333333333333,-0.6671276092529297,-0.6235820416028793
TOKYOTECH_s01,154,230,161.66666666666666,-0.9534387588500977,-0.3022752504805007
TOKYOTECH_s01,154,231,161.7,-1.0003368854522705,0.0369014319008415
TOKYOTECH_s01,154,232,161.73333333333332,-0.8695654273033142,0.34328875381960205
TOKYOTECH_s01,154,233,161.76666666666668,-0.9240633845329285,0.5762524276052922
TOKYOTECH_s01,154,234,161.8,-0.9015790820121765,0.710896630972098
TOKYOTECH_s01,154,235,161.83333333333334,-0.775847852230072,0.7388208897922733
TOKYOTECH_s01,154,236,161.86666666666667,-0.9114627242088318,0.6656633539269772
TOKYOTECH_s01,154,237,161.9,-0.2418152242898941,0.5074236458669273
TOKYOTECH_s01,154,238,161.93333333333334,1.394225835800171,0.2868970959094611
TOKYOTECH_s01,154,239,161.96666666666667,2.342820882797241,0.03080004906812355
TOKYOTECH_s01,155,0,155.0,1.350123405456543,-0.019033838532000295
TOKYOTECH_s01,155,1,155.03333333333333,0.956470251083374,-0.24369928276695596
TOKYOTECH_s01,155,2,155.06666666666666,0.36644330620765686,-0.47684107016420907
TOKYOTECH_s01,155,3,155.1,0.12049374729394913,-0.7161818026044287
TOKYOTECH_s01,155,4,155.13333333333333,0.29477691650390625,-0.9397603278611865
TOKYOTECH_s01,155,5,155.16666666666666,0.3442346155643463,-1.1068611667898838
TOKYOTECH_s01,155,6,155.2,0.36006420850753784,-1.1677047310900455
TOKYOTECH_s01,155,7,155.23333333333332,0.12604592740535736,-1.0794855873659002
TOKYOTECH_s01,155,8,155.26666666666668,-0.40601786971092224,-0.8237633753024677
TOKYOTECH_s01,155,9,155.3,-0.4993416666984558,-0.41867945511725546
TOKYOTECH_s01,155,10,155.33333333333334,-0.5956975221633911,0.0799428283117358
TOKYOTECH_s01,155,11,155.36666666666667,-0.8970900774002075,0.5907985637540418
TOKYOTECH_s01,155,12,155.4,-0.9995099902153015,1.0286473381593046
TOKYOTECH_s01,155,13,155.43333333333334,-0.9517061114311218,1.3265833155772657
TOKYOTECH_s01,155,14,155.46666666666667,-0.950761079788208,1.4506035400213984
TOKYOTECH_s01,155,15,155.5,-0.9705677628517151,1.4025791278893955
TOKYOTECH_s01,155,16,155.53333333333333,-0.9780887961387634,1.2134268037582592
TOKYOTECH_s01,155,17,155.56666666666666,-0.9854129552841187,0.931503284851589
TOKYOTECH_s01,155,18,155.6,-1.1931272745132446,0.6105078471542548
TOKYOTECH_s01,155,19,155.63333333333333,-0.5977845191955566,0.2988420724990475
TOKYOTECH_s01,155,20,155.66666666666666,1.0366814136505127,0.03128299018329281
TOKYOTECH_s01,155,21,155.7,2.258317470550537,-0.17614727926819584
TOKYOTECH_s01,155,22,155.73333333333332,2.1167173385620117,-0.32736152784926253
TOKYOTECH_s01,155,23,155.76666666666668,1.4912904500961304,-0.4430796242285901
TOKYOTECH_s01,155,24,155.8,0.8534990549087524,-0.5534532828652444
TOKYOTECH_s01,155,25,155.83333333333334,0.32277408242225647,-0.6873062478389015
TOKYOTECH_s01,155,26,155.86666666666667,0.21842467784881592,-0.8602358955794775
TOKYOTECH_s01,155,27,155.9,0.21086426079273224,-1.0650912827207382
TOKYOTECH_s01,155,28,155.93333333333334,0.3084801733493805,-1.268548330111117
TOKYOTECH_s01,155,29,155.96666666666667,0.2185821831226349,-1.4162382555896416
TOKYOTECH_s01,155,30,156.0,0.20956481993198395,-1.4463697290185746
TOKYOTECH_s01,155,31,156.03333333333333,0.011025326326489449,-1.3087850993269092
TOKYOTECH_s01,155,32,156.06666666666666,-0.31950631737709045,-0.9838888722540358
TOKYOTECH_s01,155,33,156.1,-0.6781926155090332,-0.4946826040367435
TOKYOTECH_s01,155,34,156.13333333333333,-0.9287099242210388,0.09389049810486326
TOKYOTECH_s01,155,35,156.16666666666666,-0.9046111106872559,0.6899409749210306
TOKYOTECH_s01,155,36,156.2,-0.9255596995353699,1.1991409895810858
TOKYOTECH_s01,155,37,156.23333333333332,-1.0491251945495605,1.5491648415624084
TOKYOTECH_s01,155,38,156.26666666666668,-0.8783859014511108,1.7049845486204354
TOKYOTECH_s01,155,39,156.3,-0.7039452195167542,1.6710472671008985
TOKYOTECH_s01,155,40,156.33333333333334,-0.8443641066551208,1.4826230700546859
TOKYOTECH_s01,155,41,156.36666666666667,-1.1771007776260376,1.192144866331343
TOKYOTECH_s01,155,42,156.4,-1.0259714126586914,0.8555789671964594
TOKYOTECH_s01,155,43,156.43333333333334,-0.08733874559402466,0.5212854129994874
TOKYOTECH_s01,155,44,156.46666666666667,1.3389009237289429,0.22243844536068336
TOKYOTECH_s01,155,45,156.5,2.13569712638855,-0.026346891650969137
TOKYOTECH_s01,155,46,156.53333333333333,2.052020788192749,-0.2282454898098098
TOKYOTECH_s01,155,47,156.56666666666666,1.532400131225586,-0.39999961415163693
TOKYOTECH_s01,155,48,156.6,1.0173473358154297,-0.564897499383648
TOKYOTECH_s01,155,49,156.63333333333333,0.5198566317558289,-0.7436534464739475
TOKYOTECH_s01,155,50,156.66666666666666,0.2704024910926819,-0.9447668417109373
TOKYOTECH_s01,155,51,156.7,0.11883991211652756,-1.1570860998138883
TOKYOTECH_s01,155,52,156.73333333333332,0.10848372429609299,-1.3476516488754986
TOKYOTECH_s01,155,53,156.76666666666668,0.306235671043396,-1.4669064476291809
TOKYOTECH_s01,155,54,156.8,0.20566648244857788,-1.4611755673796756
TOKYOTECH_s01,155,55,156.83333333333334,-0.2686704397201538,-1.2896524464609542
TOKYOTECH_s01,155,56,156.86666666666667,-0.5899878144264221,-0.9409096568378442
TOKYOTECH_s01,155,57,156.9,-0.8316452503204346,-0.44284177217261594
TOKYOTECH_s01,155,58,156.93333333333334,-1.1149637699127197,0.13921706280392948
TOKYOTECH_s01,155,59,156.96666666666667,-1.0722001791000366,0.7174760131495058
TOKYOTECH_s01,155,60,157.0,-1.0757046937942505,1.204713228842194
TOKYOTECH_s01,155,61,157.03333333333333,-1.2076969146728516,1.5360529225897777
TOKYOTECH_s01,155,62,157.06666666666666,-0.9837591052055359,1.6816003421038033
TOKYOTECH_s01,155,63,157.1,-0.9301668405532837,1.6473604196957001
TOKYOTECH_s01,155,64,157.13333333333333,-1.156309723854065,1.4670542160003701
TOKYOTECH_s01,155,65,157.16666666666666,-1.276724934577942,1.1898089515428985
TOKYOTECH_s01,155,66,157.2,-0.9529662132263184,0.867862893886281
TOKYOTECH_s01,155,67,157.23333333333332,0.2596525251865387,0.5463902033864849
TOKYOTECH_s01,155,68,157.26666666666668,1.7179452180862427,0.2563969356282423
TOKYOTECH_s01,155,69,157.3,2.3237624168395996,0.011363360283180617
TOKYOTECH_s01,155,70,157.33333333333334,1.8590728044509888,-0.19201795325820162
TOKYOTECH_s01,155,71,157.36666666666667,1.255578875541687,-0.3693136329289866
TOKYOTECH_s01,155,72,157.4,0.8099085688591003,-0.5411043004428696
TOKYOTECH_s01,155,73,157.43333333333334,0.5272201299667358,-0.7246465962431593
TOKYOTECH_s01,155,74,157.46666666666667,0.16148534417152405,-0.9262219854846812
TOKYOTECH_s01,155,75,157.5,0.031186416745185852,-1.1359092562631976
TOKYOTECH_s01,155,76,157.53333333333333,0.26323583722114563,-1.326399309066918
TOKYOTECH_s01,155,77,157.56666666666666,0.33817052841186523,-1.456948923040915
TOKYOTECH_s01,155,78,157.6,-0.03402211144566536,-1.482374811389542
TOKYOTECH_s01,155,79,157.63333333333333,-0.2813892364501953,-1.3654362649928267
TOKYOTECH_s01,155,80,157.66666666666666,-0.40078070759773254,-1.0895729184868503
TOKYOTECH_s01,155,81,157.7,-0.7615933418273926,-0.6680450789808822
TOKYOTECH_s01,155,82,157.73333333333332,-1.1236660480499268,-0.14555989758639548
TOKYOTECH_s01,155,83,157.76666666666668,-1.1130342483520508,0.409581640993772
TOKYOTECH_s01,155,84,157.8,-0.9287492632865906,0.9209492791354126
TOKYOTECH_s01,155,85,157.83333333333334,-1.0237269401550293,1.3216620127788758
TOKYOTECH_s01,155,86,157.86666666666667,-1.0302635431289673,1.568043929457066
TOKYOTECH_s01,155,87,157.9,-1.1021661758422852,1.645371134268733
TOKYOTECH_s01,155,88,157.93333333333334,-1.2888531684875488,1.5658674590464288
TOKYOTECH_s01,155,89,157.96666666666667,-1.2545557022094727,1.3619457135111468
TOKYOTECH_s01,155,90,158.0,-1.1459928750991821,1.0776121518434931
TOKYOTECH_s01,155,91,158.03333333333333,-0.48516589403152466,0.759508362178301
TOKYOTECH_s01,155,92,158.06666666666666,1.1116949319839478,0.44845820468507525
TOKYOTECH_s01,155,93,158.1,2.309586524963379,0.1726583059937436
TOKYOTECH_s01,155,94,158.13333333333333,2.197204351425171,-0.05619185877819386
TOKYOTECH_s01,155,95,158.16666666666666,1.5625630617141724,-0.24291017605750848
TOKYOTECH_s01,155,96,158.2,0.9725754857063293,-0.4048956663690492
TOKYOTECH_s01,155,97,158.23333333333332,0.6137710809707642,-0.5649037279693685
TOKYOTECH_s01,155,98,158.26666666666668,0.1621941328048706,-0.7417469620659148
TOKYOTECH_s01,155,99,158.3,0.04465339705348015,-0.9409389667751165
TOKYOTECH_s01,155,100,158.33333333333334,0.2589831054210663,-1.1483625947710283
TOKYOTECH_s01,155,101,158.36666666666667,0.23933392763137817,-1.3299605644500323
TOKYOTECH_s01,155,102,158.4,0.07347745448350906,-1.4383658455013764
TOKYOTECH_s01,155,103,158.43333333333334,-0.02839118055999279,-1.4248311210804914
TOKYOTECH_s01,155,104,158.46666666666667,-0.35025984048843384,-1.2535020354519835
TOKYOTECH_s01,155,105,158.5,-0.8258568048477173,-0.9147102187986211
TOKYOTECH_s01,155,106,158.53333333333333,-0.8918529152870178,-0.43363287162867364
TOKYOTECH_s01,155,107,158.56666666666666,-0.9455239176750183,0.12951966458628705
TOKYOTECH_s01,155,108,158.6,-1.0953145027160645,0.6905244183808406
TOKYOTECH_s01,155,109,158.63333333333333,-1.2162023782730103,1.162092330652478
TOKYOTECH_s01,155,110,158.66666666666666,-1.0048258304595947,1.4774000178712223
TOKYOTECH_s01,155,111,158.7,-0.9973835945129395,1.6061156828992724
TOKYOTECH_s01,155,112,158.73333333333332,-1.1522538661956787,1.5570081195410115
TOKYOTECH_s01,155,113,158.76666666666668,-1.1225634813308716,1.368569021414165
TOKYOTECH_s01,155,114,158.8,-1.010614275932312,1.0937668986772706
TOKYOTECH_s01,155,115,158.83333333333334,-0.9132740497589111,0.785300566622017
TOKYOTECH_s01,155,116,158.86666666666667,0.14128486812114716,0.4850124369928674
TOKYOTECH_s01,155,117,158.9,1.8313907384872437,0.21819502066396373
TOKYOTECH_s01,155,118,158.93333333333334,2.4435081481933594,-0.007701541647794165
TOKYOTECH_s01,155,119,158.96666666666667,1.8209164142608643,-0.20047462873888544
TOKYOTECH_s01,155,120,159.0,1.1605225801467896,-0.37733587747301683
TOKYOTECH_s01,155,121,159.03333333333333,0.8374725580215454,-0.5569679186598726
TOKYOTECH_s01,155,122,159.06666666666666,0.2698512077331543,-0.7510737610981988
TOKYOTECH_s01,155,123,159.1,-0.07536809891462326,-0.9573429313254634
TOKYOTECH_s01,155,124,159.13333333333333,-0.004764902405440807,-1.1558403365930014
TOKYOTECH_s01,155,125,159.16666666666666,0.012088509276509285,-1.3104913415216646
TOKYOTECH_s01,155,126,159.2,0.16420236229896545,-1.3763915329905192
TOKYOTECH_s01,155,127,159.23333333333332,0.07670637965202332,-1.3120204601095653
TOKYOTECH_s01,155,128,159.26666666666668,-0.3178524672985077,-1.0933970979036014
TOKYOTECH_s01,155,129,159.3,-0.5077289938926697,-0.7256540719262141
TOKYOTECH_s01,155,130,159.33333333333334,-0.885513186454773,-0.24738226893675663
TOKYOTECH_s01,155,131,159.36666666666667,-1.088069200515747,0.2751454662966174
TOKYOTECH_s01,155,132,159.4,-1.0942513942718506,0.7633466332805366
TOKYOTECH_s01,155,133,159.43333333333334,-1.1950174570083618,1.1466153335507072
TOKYOTECH_s01,155,134,159.46666666666667,-1.0507789850234985,1.3798305845381216
TOKYOTECH_s01,155,135,159.5,-0.9936034083366394,1.4512236575613027
TOKYOTECH_s01,155,136,159.53333333333333,-0.9243390560150146,1.3789065111210854
TOKYOTECH_s01,155,137,159.56666666666666,-0.8604299426078796,1.199900613778673
TOKYOTECH_s01,155,138,159.6,-1.048770785331726,0.9573663241835676
TOKYOTECH_s01,155,139,159.63333333333333,-0.5618725419044495,0.6901588140588573
TOKYOTECH_s01,155,140,159.66666666666666,0.9404043555259705,0.42628247214736015
TOKYOTECH_s01,155,141,159.7,2.0706067085266113,0.18008208498633907
TOKYOTECH_s01,155,142,159.73333333333332,2.165623664855957,-0.047339240154391865
TOKYOTECH_s01,155,143,159.76666666666668,1.6841201782226562,-0.26461946963555955
TOKYOTECH_s01,155,144,159.8,0.9272130131721497,-0.48369485268546397
TOKYOTECH_s01,155,145,159.83333333333334,0.421413779258728,-0.7114262004852636
TOKYOTECH_s01,155,146,159.86666666666667,0.18326090276241302,-0.9417105575529316
TOKYOTECH_s01,155,147,159.9,-0.011340883560478687,-1.1513178453034245
TOKYOTECH_s01,155,148,159.93333333333334,0.22976528108119965,-1.3020080255024433
TOKYOTECH_s01,155,149,159.96666666666667,0.40684425830841064,-1.3494961367773803
TOKYOTECH_s01,155,150,160.0,0.2066115289926529,-1.2573398810619594
TOKYOTECH_s01,155,151,160.03333333333333,-0.0012209608685225248,-1.0115211950650713
TOKYOTECH_s01,155,152,160.06666666666666,-0.4566568434238434,-0.6301734186024571
TOKYOTECH_s01,155,153,160.1,-0.8923647999763489,-0.16358603465311677
TOKYOTECH_s01,155,154,160.13333333333333,-0.9710797071456909,0.3171829996540566
TOKYOTECH_s01,155,155,160.16666666666666,-0.9644643068313599,0.7397139420777652
TOKYOTECH_s01,155,156,160.2,-0.8116810917854309,1.0497145194910662
TOKYOTECH_s01,155,157,160.23333333333332,-0.976080596446991,1.2223354032387161
TOKYOTECH_s01,155,158,160.26666666666668,-1.06227707862854,1.2621732034209414
TOKYOTECH_s01,155,159,160.3,-1.056449294090271,1.1948833138126953
TOKYOTECH_s01,155,160,160.33333333333334,-0.9920282959938049,1.0555877167952377
TOKYOTECH_s01,155,161,160.36666666666667,-0.8851194381713867,0.8781967707812892
TOKYOTECH_s01,155,162,160.4,-0.1371508091688156,0.6879807907779129
TOKYOTECH_s01,155,163,160.43333333333334,1.474082589149475,0.4981434287260279
TOKYOTECH_s01,155,164,160.46666666666667,2.2162628173828125,0.30986550187876993
TOKYOTECH_s01,155,165,160.5,2.023472309112549,0.11489474481921769
TOKYOTECH_s01,155,166,160.53333333333333,1.490739107131958,-0.09967487010989898
TOKYOTECH_s01,155,167,160.56666666666666,1.085863471031189,-0.3445337238160677
TOKYOTECH_s01,155,168,160.6,0.4987504780292511,-0.6203102050040239
TOKYOTECH_s01,155,169,160.63333333333333,0.09651307761669159,-0.9112696354764385
TOKYOTECH_s01,155,170,160.66666666666666,0.14242681860923767,-1.1834781877989609
TOKYOTECH_s01,155,171,160.7,0.2829244136810303,-1.3893492687248954
TOKYOTECH_s01,155,172,160.73333333333332,0.16652561724185944,-1.4784777968647433
TOKYOTECH_s01,155,173,160.76666666666668,0.09946636110544205,-1.4123190231582035
TOKYOTECH_s01,155,174,160.8,-0.14719198644161224,-1.1783258365416052
TOKYOTECH_s01,155,175,160.83333333333334,-0.5649833679199219,-0.7982169082447566
TOKYOTECH_s01,155,176,160.86666666666667,-0.7489139437675476,-0.32586825124507407
TOKYOTECH_s01,155,177,160.9,-0.8826780319213867,0.16607082759365974
TOKYOTECH_s01,155,178,160.93333333333334,-1.1111047267913818,0.6061038792972597
TOKYOTECH_s01,155,179,160.96666666666667,-0.9776950478553772,0.9419351997934949
TOKYOTECH_s01,155,180,161.0,-0.9705677628517151,1.1496569270397532
TOKYOTECH_s01,155,181,161.03333333333333,-1.0455812215805054,1.2322423447394177
TOKYOTECH_s01,155,182,161.06666666666666,-0.9604478478431702,1.210656496353305
TOKYOTECH_s01,155,183,161.1,-0.9339470267295837,1.113105345979723
TOKYOTECH_s01,155,184,161.13333333333333,-0.8874426484107971,0.96654495651693
TOKYOTECH_s01,155,185,161.16666666666666,0.2631177306175232,0.7917253760650567
TOKYOTECH_s01,155,186,161.2,1.8916376829147339,0.601268756609168
TOKYOTECH_s01,155,187,161.23333333333332,2.39133358001709,0.3999495292231963
TOKYOTECH_s01,155,188,161.26666666666668,1.9639735221862793,0.18661278750833477
TOKYOTECH_s01,155,189,161.3,1.4484087228775024,-0.042596881135391965
TOKYOTECH_s01,155,190,161.33333333333334,0.9287881255149841,-0.29006899457724933
TOKYOTECH_s01,155,191,161.36666666666667,0.46051526069641113,-0.5522179504066695
TOKYOTECH_s01,155,192,161.4,0.1064361110329628,-0.8154908943847422
TOKYOTECH_s01,155,193,161.43333333333334,0.09993888437747955,-1.0542227257997443
TOKYOTECH_s01,155,194,161.46666666666667,0.271820068359375,-1.232169592014555
TOKYOTECH_s01,155,195,161.5,0.36195430159568787,-1.3091066257534631
TOKYOTECH_s01,155,196,161.53333333333333,0.024295419454574585,-1.2518894175191173
TOKYOTECH_s01,155,197,161.56666666666666,-0.3718385100364685,-1.0467328325862166
TOKYOTECH_s01,155,198,161.6,-0.6185362339019775,-0.7077516295138303
TOKYOTECH_s01,155,199,161.63333333333333,-0.6671276092529297,-0.2772713883824788
TOKYOTECH_s01,155,200,161.66666666666666,-0.9534387588500977,0.18361973847326651
TOKYOTECH_s01,155,201,161.7,-1.0003368854522705,0.6112515226795111
TOKYOTECH_s01,155,202,161.73333333333332,-0.8695654273033142,0.9553772574525983
TOKYOTECH_s01,155,203,161.76666666666668,-0.9240633845329285,1.1881157696724907
TOKYOTECH_s01,155,204,161.8,-0.9015790820121765,1.3036674975395215
TOKYOTECH_s01,155,205,161.83333333333334,-0.775847852230072,1.3119514113772643
TOKYOTECH_s01,155,206,161.86666666666667,-0.9114627242088318,1.2309463013187287
TOKYOTECH_s01,155,207,161.9,-0.2418152242898941,1.0809003802194408
TOKYOTECH_s01,155,208,161.93333333333334,1.394225835800171,0.8812549628905356
TOKYOTECH_s01,155,209,161.96666666666667,2.342820882797241,0.6495026194780815
TOKYOTECH_s01,155,210,162.0,1.9838982820510864,0.4006328767618507
TOKYOTECH_s01,155,211,162.03333333333333,1.5981205701828003,0.14626612439057618
TOKYOTECH_s01,155,212,162.06666666666666,1.2761731147766113,-0.10639659771134308
TOKYOTECH_s01,155,213,162.1,0.8214854001998901,-0.3547871243859702
TOKYOTECH_s01,155,214,162.13333333333333,0.1997992843389511,-0.5992069432906041
TOKYOTECH_s01,155,215,162.16666666666666,0.18298526108264923,-0.8388412954523744
TOKYOTECH_s01,155,216,162.2,0.39432230591773987,-1.066830705604909
TOKYOTECH_s01,155,217,162.23333333333332,0.31481990218162537,-1.266835187977414
TOKYOTECH_s01,155,218,162.26666666666668,-0.06068042665719986,-1.4134342477923911
TOKYOTECH_s01,155,219,162.3,-0.16502982378005981,-1.4773419427568537
TOKYOTECH_s01,155,220,162.33333333333334,-0.3627817630767822,-1.4343415636778956
TOKYOTECH_s01,155,221,162.36666666666667,-0.7080404758453369,-1.2747699319309644
TOKYOTECH_s01,155,222,162.4,-0.8546808958053589,-1.0092855538467407
TOKYOTECH_s01,155,223,162.43333333333334,-0.8884270787239075,-0.6677537992150958
TOKYOTECH_s01,155,224,162.46666666666667,-1.0021482706069946,-0.29145279699980897
TOKYOTECH_s01,155,225,162.5,-0.8926010727882385,0.07763522953142193
TOKYOTECH_s01,155,226,162.53333333333333,-0.9154004454612732,0.4054026005384357
TOKYOTECH_s01,155,227,162.56666666666666,-1.0497158765792847,0.6689277310912086
TOKYOTECH_s01,155,228,162.6,-0.8923647999763489,0.8552343563498467
TOKYOTECH_s01,155,229,162.63333333333333,-0.7456849813461304,0.9588197741436202
TOKYOTECH_s01,155,230,162.66666666666666,0.2871377766132355,0.9805608593625302
TOKYOTECH_s01,155,231,162.7,1.786737084388733,0.9282170993936971
TOKYOTECH_s01,155,232,162.73333333333332,2.2906856536865234,0.8172482479573886
TOKYOTECH_s01,155,233,162.76666666666668,1.8639949560165405,0.6704389645346738
TOKYOTECH_s01,155,234,162.8,1.2719204425811768,0.5152433755013255
TOKYOTECH_s01,155,235,162.83333333333334,0.8852763772010803,0.37873938756548037
TOKYOTECH_s01,155,236,162.86666666666667,0.4227132201194763,0.2814516837304288
TOKYOTECH_s01,155,237,162.9,0.14967221021652222,0.2321874386264837
TOKYOTECH_s01,155,238,162.93333333333334,0.34651848673820496,0.22576791868145502
TOKYOTECH_s01,155,239,162.96666666666667,0.3872344195842743,0.24455419378572468
TOKYOTECH_s01,156,0,156.0,0.20956481993198395,0.10782600915457365
TOKYOTECH_s01,156,1,156.03333333333333,0.011025326326489449,-0.03814106880861732
TOKYOTECH_s01,156,2,156.06666666666666,-0.31950631737709045,-0.11148413407838967
TOKYOTECH_s01,156,3,156.1,-0.6781926155090332,-0.0617048585886108
TOKYOTECH_s01,156,4,156.13333333333333,-0.9287099242210388,0.12193380558520892
TOKYOTECH_s01,156,5,156.16666666666666,-0.9046111106872559,0.4072690111180625
TOKYOTECH_s01,156,6,156.2,-0.9255596995353699,0.7303251478756596
TOKYOTECH_s01,156,7,156.23333333333332,-1.0491251945495605,1.0160550075999826
TOKYOTECH_s01,156,8,156.26666666666668,-0.8783859014511108,1.2004434375681268
TOKYOTECH_s01,156,9,156.3,-0.7039452195167542,1.2460777882635763
TOKYOTECH_s01,156,10,156.33333333333334,-0.8443641066551208,1.1474661093947802
TOKYOTECH_s01,156,11,156.36666666666667,-1.1771007776260376,0.9271513331190612
TOKYOTECH_s01,156,12,156.4,-1.0259714126586914,0.6260763939094325
TOKYOTECH_s01,156,13,156.43333333333334,-0.08733874559402466,0.29187554840785396
TOKYOTECH_s01,156,14,156.46666666666667,1.3389009237289429,-0.03181043134263786
TOKYOTECH_s01,156,15,156.5,2.13569712638855,-0.31298467470656516
TOKYOTECH_s01,156,16,156.53333333333333,2.052020788192749,-0.5353704110133756
TOKYOTECH_s01,156,17,156.56666666666666,1.532400131225586,-0.6991711211908843
TOKYOTECH_s01,156,18,156.6,1.0173473358154297,-0.8183959263284626
TOKYOTECH_s01,156,19,156.63333333333333,0.5198566317558289,-0.9143866968062577
TOKYOTECH_s01,156,20,156.66666666666666,0.2704024910926819,-1.0063167327389664
TOKYOTECH_s01,156,21,156.7,0.11883991211652756,-1.101275255369324
TOKYOTECH_s01,156,22,156.73333333333332,0.10848372429609299,-1.1876458048495386
TOKYOTECH_s01,156,23,156.76666666666668,0.306235671043396,-1.2350457271673096
TOKYOTECH_s01,156,24,156.8,0.20566648244857788,-1.2021161679437402
TOKYOTECH_s01,156,25,156.83333333333334,-0.2686704397201538,-1.0505838688244262
TOKYOTECH_s01,156,26,156.86666666666667,-0.5899878144264221,-0.7612585018986093
TOKYOTECH_s01,156,27,156.9,-0.8316452503204346,-0.345952572159751
TOKYOTECH_s01,156,28,156.93333333333334,-1.1149637699127197,0.1502836665467916
TOKYOTECH_s01,156,29,156.96666666666667,-1.0722001791000366,0.658788286076928
TOKYOTECH_s01,156,30,157.0,-1.0757046937942505,1.105330669159077
TOKYOTECH_s01,156,31,157.03333333333333,-1.2076969146728516,1.4290562668455644
TOKYOTECH_s01,156,32,157.06666666666666,-0.9837591052055359,1.5953254238899055
TOKYOTECH_s01,156,33,157.1,-0.9301668405532837,1.5994363654594084
TOKYOTECH_s01,156,34,157.13333333333333,-1.156309723854065,1.4625370159706101
TOKYOTECH_s01,156,35,157.16666666666666,-1.276724934577942,1.2231459766076271
TOKYOTECH_s01,156,36,157.2,-0.9529662132263184,0.9271171636210074
TOKYOTECH_s01,156,37,157.23333333333332,0.2596525251865387,0.6176247273564058
TOKYOTECH_s01,156,38,157.26666666666668,1.7179452180862427,0.3267080727382949
TOKYOTECH_s01,156,39,157.3,2.3237624168395996,0.07034524394371934
TOKYOTECH_s01,156,40,157.33333333333334,1.8590728044509888,-0.15158741924470778
TOKYOTECH_s01,156,41,157.36666666666667,1.255578875541687,-0.35075390769040093
TOKYOTECH_s01,156,42,157.4,0.8099085688591003,-0.5431204408283222
TOKYOTECH_s01,156,43,157.43333333333334,0.5272201299667358,-0.7414566319757432
TOKYOTECH_s01,156,44,157.46666666666667,0.16148534417152405,-0.9491158782222339
TOKYOTECH_s01,156,45,157.5,0.031186416745185852,-1.1557819497913908
TOKYOTECH_s01,156,46,157.53333333333333,0.26323583722114563,-1.3361281608068338
TOKYOTECH_s01,156,47,157.56666666666666,0.33817052841186523,-1.4527532555255003
TOKYOTECH_s01,156,48,157.6,-0.03402211144566536,-1.4639960473220366
TOKYOTECH_s01,156,49,157.63333333333333,-0.2813892364501953,-1.3354182137618897
TOKYOTECH_s01,156,50,157.66666666666666,-0.40078070759773254,-1.0519002195485583
TOKYOTECH_s01,156,51,157.7,-0.7615933418273926,-0.626387314811866
TOKYOTECH_s01,156,52,157.73333333333332,-1.1236660480499268,-0.10188486220805759
TOKYOTECH_s01,156,53,157.76666666666668,-1.1130342483520508,0.4548316919254476
TOKYOTECH_s01,156,54,157.8,-0.9287492632865906,0.9667553202907091
TOKYOTECH_s01,156,55,157.83333333333334,-1.0237269401550293,1.3638036655888226
TOKYOTECH_s01,156,56,157.86666666666667,-1.0302635431289673,1.5982898846990534
TOKYOTECH_s01,156,57,157.9,-1.1021661758422852,1.6538913371600936
TOKYOTECH_s01,156,58,157.93333333333334,-1.2888531684875488,1.5460884838799593
TOKYOTECH_s01,156,59,157.96666666666667,-1.2545557022094727,1.31513124212644
TOKYOTECH_s01,156,60,158.0,-1.1459928750991821,1.0141439808338968
TOKYOTECH_s01,156,61,158.03333333333333,-0.48516589403152466,0.695550681434681
TOKYOTECH_s01,156,62,158.06666666666666,1.1116949319839478,0.3994729586417666
TOKYOTECH_s01,156,63,158.1,2.309586524963379,0.14724567234862682
TOKYOTECH_s01,156,64,158.13333333333333,2.197204351425171,-0.058984119690993514
TOKYOTECH_s01,156,65,158.16666666666666,1.5625630617141724,-0.2319898740582629
TOKYOTECH_s01,156,66,158.2,0.9725754857063293,-0.3927926522011954
TOKYOTECH_s01,156,67,158.23333333333332,0.6137710809707642,-0.5631689104385328
TOKYOTECH_s01,156,68,158.26666666666668,0.1621941328048706,-0.7579363971157785
TOKYOTECH_s01,156,69,158.3,0.04465339705348015,-0.9777173201247906
TOKYOTECH_s01,156,70,158.33333333333334,0.2589831054210663,-1.2042212828812
TOKYOTECH_s01,156,71,158.36666666666667,0.23933392763137817,-1.4006866024986515
TOKYOTECH_s01,156,72,158.4,0.07347745448350906,-1.5184793896827522
TOKYOTECH_s01,156,73,158.43333333333334,-0.02839118055999279,-1.5084504178194005
TOKYOTECH_s01,156,74,158.46666666666667,-0.35025984048843384,-1.334446738629895
TOKYOTECH_s01,156,75,158.5,-0.8258568048477173,-0.9861504331724443
TOKYOTECH_s01,156,76,158.53333333333333,-0.8918529152870178,-0.4880913047555327
TOKYOTECH_s01,156,77,158.56666666666666,-0.9455239176750183,0.099033476082065
TOKYOTECH_s01,156,78,158.6,-1.0953145027160645,0.6884471552653426
TOKYOTECH_s01,156,79,158.63333333333333,-1.2162023782730103,1.188732061951089
TOKYOTECH_s01,156,80,158.66666666666666,-1.0048258304595947,1.5293653930979545
TOKYOTECH_s01,156,81,158.7,-0.9973835945129395,1.6788798814617973
TOKYOTECH_s01,156,82,158.73333333333332,-1.1522538661956787,1.6480012680333151
TOKYOTECH_s01,156,83,158.76666666666668,-1.1225634813308716,1.4785173656726012
TOKYOTECH_s01,156,84,158.8,-1.010614275932312,1.225033667623373
TOKYOTECH_s01,156,85,158.83333333333334,-0.9132740497589111,0.9380228692965105
TOKYOTECH_s01,156,86,158.86666666666667,0.14128486812114716,0.6533186067518336
TOKYOTECH_s01,156,87,158.9,1.8313907384872437,0.388763338114866
TOKYOTECH_s01,156,88,158.93333333333334,2.4435081481933594,0.14618766361854962
TOKYOTECH_s01,156,89,158.96666666666667,1.8209164142608643,-0.08352065189335872
TOKYOTECH_s01,156,90,159.0,1.1605225801467896,-0.31403283323572345
TOKYOTECH_s01,156,91,159.03333333333333,0.8374725580215454,-0.5569764157205089
TOKYOTECH_s01,156,92,159.06666666666666,0.2698512077331543,-0.8156918578485319
TOKYOTECH_s01,156,93,159.1,-0.07536809891462326,-1.0800848674301982
TOKYOTECH_s01,156,94,159.13333333333333,-0.004764902405440807,-1.3241039969192645
TOKYOTECH_s01,156,95,159.16666666666666,0.012088509276509285,-1.5077344696674184
TOKYOTECH_s01,156,96,159.2,0.16420236229896545,-1.584442744281397
TOKYOTECH_s01,156,97,159.23333333333332,0.07670637965202332,-1.513188721814261
TOKYOTECH_s01,156,98,159.26666666666668,-0.3178524672985077,-1.2723303811183881
TOKYOTECH_s01,156,99,159.3,-0.5077289938926697,-0.8712464093734901
TOKYOTECH_s01,156,100,159.33333333333334,-0.885513186454773,-0.3547128185098883
TOKYOTECH_s01,156,101,159.36666666666667,-1.088069200515747,0.20379972372211635
TOKYOTECH_s01,156,102,159.4,-1.0942513942718506,0.7199420613299032
TOKYOTECH_s01,156,103,159.43333333333334,-1.1950174570083618,1.121930741813766
TOKYOTECH_s01,156,104,159.46666666666667,-1.0507789850234985,1.3697761549116256
TOKYOTECH_s01,156,105,159.5,-0.9936034083366394,1.4614572870466018
TOKYOTECH_s01,156,106,159.53333333333333,-0.9243390560150146,1.4245272569432832
TOKYOTECH_s01,156,107,159.56666666666666,-0.8604299426078796,1.2995120493658905
TOKYOTECH_s01,156,108,159.6,-1.048770785331726,1.1238627925104367
TOKYOTECH_s01,156,109,159.63333333333333,-0.5618725419044495,0.9223339668170317
TOKYOTECH_s01,156,110,159.66666666666666,0.9404043555259705,0.7050550540039163
TOKYOTECH_s01,156,111,159.7,2.0706067085266113,0.47112457946715125
TOKYOTECH_s01,156,112,159.73333333333332,2.165623664855957,0.21455205263869576
TOKYOTECH_s01,156,113,159.76666666666668,1.6841201782226562,-0.06972581705432841
TOKYOTECH_s01,156,114,159.8,0.9272130131721497,-0.3806518529112175
TOKYOTECH_s01,156,115,159.83333333333334,0.421413779258728,-0.7068828504803216
TOKYOTECH_s01,156,116,159.86666666666667,0.18326090276241302,-1.0241991170198343
TOKYOTECH_s01,156,117,159.9,-0.011340883560478687,-1.2957813446389372
TOKYOTECH_s01,156,118,159.93333333333334,0.22976528108119965,-1.476804833044646
TOKYOTECH_s01,156,119,159.96666666666667,0.40684425830841064,-1.5238047208897056
TOKYOTECH_s01,156,120,160.0,0.2066115289926529,-1.4072766228296454
TOKYOTECH_s01,156,121,160.03333333333333,-0.0012209608685225248,-1.1239290764697343
TOKYOTECH_s01,156,122,160.06666666666666,-0.4566568434238434,-0.7039472473195522
TOKYOTECH_s01,156,123,160.1,-0.8923647999763489,-0.20900509799833697
TOKYOTECH_s01,156,124,160.13333333333333,-0.9710797071456909,0.28103643056100314
TOKYOTECH_s01,156,125,160.16666666666666,-0.9644643068313599,0.690043245461797
TOKYOTECH_s01,156,126,160.2,-0.8116810917854309,0.9675643313965171
TOKYOTECH_s01,156,127,160.23333333333332,-0.976080596446991,1.1006138014195703
TOKYOTECH_s01,156,128,160.26666666666668,-1.06227707862854,1.1106418051701912
TOKYOTECH_s01,156,129,160.3,-1.056449294090271,1.0391226653581143
TOKYOTECH_s01,156,130,160.33333333333334,-0.9920282959938049,0.9294856727774435
TOKYOTECH_s01,156,131,160.36666666666667,-0.8851194381713867,0.8126326209517586
TOKYOTECH_s01,156,132,160.4,-0.1371508091688156,0.7001504411114714
TOKYOTECH_s01,156,133,160.43333333333334,1.474082589149475,0.5855527420427016
TOKYOTECH_s01,156,134,160.46666666666667,2.2162628173828125,0.4510166987225903
TOKYOTECH_s01,156,135,160.5,2.023472309112549,0.2761729660442357
TOKYOTECH_s01,156,136,160.53333333333333,1.490739107131958,0.04646366396323186
TOKYOTECH_s01,156,137,160.56666666666666,1.085863471031189,-0.24008477954454327
TOKYOTECH_s01,156,138,160.6,0.4987504780292511,-0.5684275008637513
TOKYOTECH_s01,156,139,160.63333333333333,0.09651307761669159,-0.9053778658181912
TOKYOTECH_s01,156,140,160.66666666666666,0.14242681860923767,-1.202710604829625
TOKYOTECH_s01,156,141,160.7,0.2829244136810303,-1.404893410694596
TOKYOTECH_s01,156,142,160.73333333333332,0.16652561724185944,-1.4609791520848228
TOKYOTECH_s01,156,143,160.76666666666668,0.09946636110544205,-1.3388230513861594
TOKYOTECH_s01,156,144,160.8,-0.14719198644161224,-1.0380065412822788
TOKYOTECH_s01,156,145,160.83333333333334,-0.5649833679199219,-0.5963556235036841
TOKYOTECH_s01,156,146,160.86666666666667,-0.7489139437675476,-0.08513854565114692
TOKYOTECH_s01,156,147,160.9,-0.8826780319213867,0.40832483731587615
TOKYOTECH_s01,156,148,160.93333333333334,-1.1111047267913818,0.8053425772042395
TOKYOTECH_s01,156,149,160.96666666666667,-0.9776950478553772,1.0576663134197148
TOKYOTECH_s01,156,150,161.0,-0.9705677628517151,1.157316457890618
TOKYOTECH_s01,156,151,161.03333333333333,-1.0455812215805054,1.1313674285095077
TOKYOTECH_s01,156,152,161.06666666666666,-0.9604478478431702,1.0258017716406713
TOKYOTECH_s01,156,153,161.1,-0.9339470267295837,0.8866219329269459
TOKYOTECH_s01,156,154,161.13333333333333,-0.8874426484107971,0.7455391289444606
TOKYOTECH_s01,156,155,161.16666666666666,0.2631177306175232,0.6137583731982664
TOKYOTECH_s01,156,156,161.2,1.8916376829147339,0.483766020692324
TOKYOTECH_s01,156,157,161.23333333333332,2.39133358001709,0.33678658662569216
TOKYOTECH_s01,156,158,161.26666666666668,1.9639735221862793,0.15261584028677114
TOKYOTECH_s01,156,159,161.3,1.4484087228775024,-0.08132189725387722
TOKYOTECH_s01,156,160,161.33333333333334,0.9287881255149841,-0.3638535822647979
TOKYOTECH_s01,156,161,161.36666666666667,0.46051526069641113,-0.6775944574877385
TOKYOTECH_s01,156,162,161.4,0.1064361110329628,-0.9896309144434279
TOKYOTECH_s01,156,163,161.43333333333334,0.09993888437747955,-1.254770311530376
TOKYOTECH_s01,156,164,161.46666666666667,0.271820068359375,-1.4218686603002082
TOKYOTECH_s01,156,165,161.5,0.36195430159568787,-1.4441614398147486
TOKYOTECH_s01,156,166,161.53333333333333,0.024295419454574585,-1.2927719982635986
TOKYOTECH_s01,156,167,161.56666666666666,-0.3718385100364685,-0.9695676320716495
TOKYOTECH_s01,156,168,161.6,-0.6185362339019775,-0.5135048233035645
TOKYOTECH_s01,156,169,161.63333333333333,-0.6671276092529297,0.0045600403565152076
TOKYOTECH_s01,156,170,161.66666666666666,-0.9534387588500977,0.49937970582493163
TOKYOTECH_s01,156,171,161.7,-1.0003368854522705,0.8957100731982999
TOKYOTECH_s01,156,172,161.73333333333332,-0.8695654273033142,1.1492646798315365
TOKYOTECH_s01,156,173,161.76666666666668,-0.9240633845329285,1.2546792204920498
TOKYOTECH_s01,156,174,161.8,-0.9015790820121765,1.238272207122264
TOKYOTECH_s01,156,175,161.83333333333334,-0.775847852230072,1.1414812872097853
TOKYOTECH_s01,156,176,161.86666666666667,-0.9114627242088318,1.0036456161877187
TOKYOTECH_s01,156,177,161.9,-0.2418152242898941,0.8504750088508714
TOKYOTECH_s01,156,178,161.93333333333334,1.394225835800171,0.6904672009860742
TOKYOTECH_s01,156,179,161.96666666666667,2.342820882797241,0.5180902506249329
TOKYOTECH_s01,156,180,162.0,1.9838982820510864,0.3207784507791384
TOKYOTECH_s01,156,181,162.03333333333333,1.5981205701828003,0.08669496363466346
TOKYOTECH_s01,156,182,162.06666666666666,1.2761731147766113,-0.18884683865766944
TOKYOTECH_s01,156,183,162.1,0.8214854001998901,-0.4991578078481948
TOKYOTECH_s01,156,184,162.13333333333333,0.1997992843389511,-0.8240912267368957
TOKYOTECH_s01,156,185,162.16666666666666,0.18298526108264923,-1.1300344405203802
TOKYOTECH_s01,156,186,162.2,0.39432230591773987,-1.3726626270719027
TOKYOTECH_s01,156,187,162.23333333333332,0.31481990218162537,-1.5036413333639576
TOKYOTECH_s01,156,188,162.26666666666668,-0.06068042665719986,-1.4816712350154602
TOKYOTECH_s01,156,189,162.3,-0.16502982378005981,-1.2861243761168422
TOKYOTECH_s01,156,190,162.33333333333334,-0.3627817630767822,-0.9289267471547461
TOKYOTECH_s01,156,191,162.36666666666667,-0.7080404758453369,-0.4587792539233325
TOKYOTECH_s01,156,192,162.4,-0.8546808958053589,0.04708038495108465
TOKYOTECH_s01,156,193,162.43333333333334,-0.8884270787239075,0.5034208324819159
TOKYOTECH_s01,156,194,162.46666666666667,-1.0021482706069946,0.8424750160380434
TOKYOTECH_s01,156,195,162.5,-0.8926010727882385,1.0329029927025581
TOKYOTECH_s01,156,196,162.53333333333333,-0.9154004454612732,1.0840287968021538
TOKYOTECH_s01,156,197,162.56666666666666,-1.0497158765792847,1.0349275019280786
TOKYOTECH_s01,156,198,162.6,-0.8923647999763489,0.9349353424950445
TOKYOTECH_s01,156,199,162.63333333333333,-0.7456849813461304,0.824718253187959
TOKYOTECH_s01,156,200,162.66666666666666,0.2871377766132355,0.7246481571705644
TOKYOTECH_s01,156,201,162.7,1.786737084388733,0.6326287829166617
TOKYOTECH_s01,156,202,162.73333333333332,2.2906856536865234,0.5298617825889296
TOKYOTECH_s01,156,203,162.76666666666668,1.8639949560165405,0.3912112585765231
TOKYOTECH_s01,156,204,162.8,1.2719204425811768,0.19635662466198506
TOKYOTECH_s01,156,205,162.83333333333334,0.8852763772010803,-0.06144435822155177
TOKYOTECH_s01,156,206,162.86666666666667,0.4227132201194763,-0.3707611757919086
TOKYOTECH_s01,156,207,162.9,0.14967221021652222,-0.7019310745694786
TOKYOTECH_s01,156,208,162.93333333333334,0.34651848673820496,-1.011078478179427
TOKYOTECH_s01,156,209,162.96666666666667,0.3872344195842743,-1.247496310403186
TOKYOTECH_s01,156,210,163.0,0.2692211866378784,-1.3635489402569698
TOKYOTECH_s01,156,211,163.03333333333333,0.08395177125930786,-1.3258394677025573
TOKYOTECH_s01,156,212,163.06666666666666,-0.4010957181453705,-1.1254959723510505
TOKYOTECH_s01,156,213,163.1,-0.573055624961853,-0.7843003473223495
TOKYOTECH_s01,156,214,163.13333333333333,-0.7115843892097473,-0.3529737764561457
TOKYOTECH_s01,156,215,163.16666666666666,-0.9821840524673462,0.10010158907027807
TOKYOTECH_s01,156,216,163.2,-0.9352465271949768,0.5069376706421962
TOKYOTECH_s01,156,217,163.23333333333332,-0.9363096952438354,0.8179049322386327
TOKYOTECH_s01,156,218,163.26666666666668,-0.883150577545166,1.0122984127116277
TOKYOTECH_s01,156,219,163.3,-0.8596423864364624,1.0977706153273026
TOKYOTECH_s01,156,220,163.33333333333334,-0.817193865776062,1.1003627857585268
TOKYOTECH_s01,156,221,163.36666666666667,-0.9316631555557251,1.0508265481815808
TOKYOTECH_s01,156,222,163.4,-0.2872958183288574,0.9731777255988988
TOKYOTECH_s01,156,223,163.43333333333334,1.2719597816467285,0.8789542682253814
TOKYOTECH_s01,156,224,163.46666666666667,2.2676498889923096,0.7676823827273335
TOKYOTECH_s01,156,225,163.5,2.041192054748535,0.631733575200234
TOKYOTECH_s01,156,226,163.53333333333333,1.4874708652496338,0.46252114094426183
TOKYOTECH_s01,156,227,163.56666666666666,1.0833039283752441,0.2552589056065691
TOKYOTECH_s01,156,228,163.6,0.621252715587616,0.011124013211915834
TOKYOTECH_s01,156,229,163.63333333333333,0.21661332249641418,-0.2625439427012207
TOKYOTECH_s01,156,230,163.66666666666666,0.2971789240837097,-0.5525993130784951
TOKYOTECH_s01,156,231,163.7,0.33761924505233765,-0.8400526184608111
TOKYOTECH_s01,156,232,163.73333333333332,0.4070017635822296,-1.099848337902151
TOKYOTECH_s01,156,233,163.76666666666668,0.10238026827573776,-1.3017224066739765
TOKYOTECH_s01,156,234,163.8,-0.1685737669467926,-1.4136116293121936
TOKYOTECH_s01,156,235,163.83333333333334,-0.448623925447464,-1.408087088738366
TOKYOTECH_s01,156,236,163.86666666666667,-0.6827603578567505,-1.270418417319078
TOKYOTECH_s01,156,237,163.9,-0.8449941277503967,-1.005275282005168
TOKYOTECH_s01,156,238,163.93333333333334,-0.8256205916404724,-0.6389350912679361
TOKYOTECH_s01,156,239,163.96666666666667,-0.8350316882133484,-0.21566909935674006
TOKYOTECH_s01,157,0,157.0,-1.0757046937942505,0.08557125810505861
TOKYOTECH_s01,157,1,157.03333333333333,-1.2076969146728516,0.20201016295388352
TOKYOTECH_s01,157,2,157.06666666666666,-0.9837591052055359,0.29379524982617033
TOKYOTECH_s01,157,3,157.1,-0.9301668405532837,0.34439485288378613
TOKYOTECH_s01,157,4,157.13333333333333,-1.156309723854065,0.3466990328739946
TOKYOTECH_s01,157,5,157.16666666666666,-1.276724934577942,0.3044196509064893
TOKYOTECH_s01,157,6,157.2,-0.9529662132263184,0.23030228723796917
TOKYOTECH_s01,157,7,157.23333333333332,0.2596525251865387,0.14188512738549047
TOKYOTECH_s01,157,8,157.26666666666668,1.7179452180862427,0.056288794600515425
TOKYOTECH_s01,157,9,157.3,2.3237624168395996,-0.01438924090904913
TOKYOTECH_s01,157,10,157.33333333333334,1.8590728044509888,-0.0659367296396249
TOKYOTECH_s01,157,11,157.36666666666667,1.255578875541687,-0.10273308510301714
TOKYOTECH_s01,157,12,157.4,0.8099085688591003,-0.13651743906709765
TOKYOTECH_s01,157,13,157.43333333333334,0.5272201299667358,-0.18340739555625593
TOKYOTECH_s01,157,14,157.46666666666667,0.16148534417152405,-0.25884211280269875
TOKYOTECH_s01,157,15,157.5,0.031186416745185852,-0.37060301877623986
TOKYOTECH_s01,157,16,157.53333333333333,0.26323583722114563,-0.5121044256036638
TOKYOTECH_s01,157,17,157.56666666666666,0.33817052841186523,-0.6595437999707195
TOKYOTECH_s01,157,18,157.6,-0.03402211144566536,-0.7752566190941171
TOKYOTECH_s01,157,19,157.63333333333333,-0.2813892364501953,-0.8168685925835707
TOKYOTECH_s01,157,20,157.66666666666666,-0.40078070759773254,-0.7496671356247028
TOKYOTECH_s01,157,21,157.7,-0.7615933418273926,-0.558544237162255
TOKYOTECH_s01,157,22,157.73333333333332,-1.1236660480499268,-0.2556593373629162
TOKYOTECH_s01,157,23,157.76666666666668,-1.1130342483520508,0.11926930238353906
TOKYOTECH_s01,157,24,157.8,-0.9287492632865906,0.5071950571243691
TOKYOTECH_s01,157,25,157.83333333333334,-1.0237269401550293,0.8445784160784047
TOKYOTECH_s01,157,26,157.86666666666667,-1.0302635431289673,1.0797507351994973
TOKYOTECH_s01,157,27,157.9,-1.1021661758422852,1.1847944079955004
TOKYOTECH_s01,157,28,157.93333333333334,-1.2888531684875488,1.1593901533544957
TOKYOTECH_s01,157,29,157.96666666666667,-1.2545557022094727,1.026893181860453
TOKYOTECH_s01,157,30,158.0,-1.1459928750991821,0.825367192798925
TOKYOTECH_s01,157,31,158.03333333333333,-0.48516589403152466,0.5968553246397221
TOKYOTECH_s01,157,32,158.06666666666666,1.1116949319839478,0.3775699072323419
TOKYOTECH_s01,157,33,158.1,2.309586524963379,0.19077204086429472
TOKYOTECH_s01,157,34,158.13333333333333,2.197204351425171,0.043350246323648776
TOKYOTECH_s01,157,35,158.16666666666666,1.5625630617141724,-0.07360611367476746
TOKYOTECH_s01,157,36,158.2,0.9725754857063293,-0.18071245153650464
TOKYOTECH_s01,157,37,158.23333333333332,0.6137710809707642,-0.30351722992491803
TOKYOTECH_s01,157,38,158.26666666666668,0.1621941328048706,-0.46378100515130705
TOKYOTECH_s01,157,39,158.3,0.04465339705348015,-0.6699950200248219
TOKYOTECH_s01,157,40,158.33333333333334,0.2589831054210663,-0.9097969681586313
TOKYOTECH_s01,157,41,158.36666666666667,0.23933392763137817,-1.1477240562925886
TOKYOTECH_s01,157,42,158.4,0.07347745448350906,-1.3303562877415187
TOKYOTECH_s01,157,43,158.43333333333334,-0.02839118055999279,-1.398383981992115
TOKYOTECH_s01,157,44,158.46666666666667,-0.35025984048843384,-1.3031012048785924
TOKYOTECH_s01,157,45,158.5,-0.8258568048477173,-1.0233560943267594
TOKYOTECH_s01,157,46,158.53333333333333,-0.8918529152870178,-0.5777832470369934
TOKYOTECH_s01,157,47,158.56666666666666,-0.9455239176750183,-0.026830206979241277
TOKYOTECH_s01,157,48,158.6,-1.0953145027160645,0.5390595086354111
TOKYOTECH_s01,157,49,158.63333333333333,-1.2162023782730103,1.0235573435859082
TOKYOTECH_s01,157,50,158.66666666666666,-1.0048258304595947,1.3522477756147695
TOKYOTECH_s01,157,51,158.7,-0.9973835945129395,1.4921870832869666
TOKYOTECH_s01,157,52,158.73333333333332,-1.1522538661956787,1.455522697179371
TOKYOTECH_s01,157,53,158.76666666666668,-1.1225634813308716,1.2878387922003172
TOKYOTECH_s01,157,54,158.8,-1.010614275932312,1.048400073132038
TOKYOTECH_s01,157,55,158.83333333333334,-0.9132740497589111,0.7910535940089075
TOKYOTECH_s01,157,56,158.86666666666667,0.14128486812114716,0.5516407220599112
TOKYOTECH_s01,157,57,158.9,1.8313907384872437,0.34350830560892215
TOKYOTECH_s01,157,58,158.93333333333334,2.4435081481933594,0.16000885001095674
TOKYOTECH_s01,157,59,158.96666666666667,1.8209164142608643,-0.01821002153798016
TOKYOTECH_s01,157,60,159.0,1.1605225801467896,-0.21381259959434923
TOKYOTECH_s01,157,61,159.03333333333333,0.8374725580215454,-0.44369563707480664
TOKYOTECH_s01,157,62,159.06666666666666,0.2698512077331543,-0.7115312173329554
TOKYOTECH_s01,157,63,159.1,-0.07536809891462326,-1.0025547580553487
TOKYOTECH_s01,157,64,159.13333333333333,-0.004764902405440807,-1.2818015872902573
TOKYOTECH_s01,157,65,159.16666666666666,0.012088509276509285,-1.4976919640029205
TOKYOTECH_s01,157,66,159.2,0.16420236229896545,-1.5921418140682901
TOKYOTECH_s01,157,67,159.23333333333332,0.07670637965202332,-1.5161251203568096
TOKYOTECH_s01,157,68,159.26666666666668,-0.3178524672985077,-1.2468155648281474
TOKYOTECH_s01,157,69,159.3,-0.5077289938926697,-0.8004114928615521
TOKYOTECH_s01,157,70,159.33333333333334,-0.885513186454773,-0.2347463642132959
TOKYOTECH_s01,157,71,159.36666666666667,-1.088069200515747,0.36149743822491753
TOKYOTECH_s01,157,72,159.4,-1.0942513942718506,0.8911541680016476
TOKYOTECH_s01,157,73,159.43333333333334,-1.1950174570083618,1.275271244710223
TOKYOTECH_s01,157,74,159.46666666666667,-1.0507789850234985,1.473800214279935
TOKYOTECH_s01,157,75,159.5,-0.9936034083366394,1.4919470380311677
TOKYOTECH_s01,157,76,159.53333333333333,-0.9243390560150146,1.3708564918021575
TOKYOTECH_s01,157,77,159.56666666666666,-0.8604299426078796,1.16853915527385
TOKYOTECH_s01,157,78,159.6,-1.048770785331726,0.9396591716770002
TOKYOTECH_s01,157,79,159.63333333333333,-0.5618725419044495,0.7209659205720576
TOKYOTECH_s01,157,80,159.66666666666666,0.9404043555259705,0.5253734071380766
TOKYOTECH_s01,157,81,159.7,2.0706067085266113,0.3442031519680657
TOKYOTECH_s01,157,82,159.73333333333332,2.165623664855957,0.15512451928457385
TOKYOTECH_s01,157,83,159.76666666666668,1.6841201782226562,-0.06708337686666871
TOKYOTECH_s01,157,84,159.8,0.9272130131721497,-0.3393800177871969
TOKYOTECH_s01,157,85,159.83333333333334,0.421413779258728,-0.660950538449937
TOKYOTECH_s01,157,86,159.86666666666667,0.18326090276241302,-1.0074150467661918
TOKYOTECH_s01,157,87,159.9,-0.011340883560478687,-1.3309069511969804
TOKYOTECH_s01,157,88,159.93333333333334,0.22976528108119965,-1.5675011256608309
TOKYOTECH_s01,157,89,159.96666666666667,0.40684425830841064,-1.6517973340007177
TOKYOTECH_s01,157,90,160.0,0.2066115289926529,-1.5360112824654895
TOKYOTECH_s01,157,91,160.03333333333333,-0.0012209608685225248,-1.2083326354951531
TOKYOTECH_s01,157,92,160.06666666666666,-0.4566568434238434,-0.7036975281393246
TOKYOTECH_s01,157,93,160.1,-0.8923647999763489,-0.10091785810575124
TOKYOTECH_s01,157,94,160.13333333333333,-0.9710797071456909,0.4958039005384995
TOKYOTECH_s01,157,95,160.16666666666666,-0.9644643068313599,0.9860619619567903
TOKYOTECH_s01,157,96,160.2,-0.8116810917854309,1.3015908723159249
TOKYOTECH_s01,157,97,160.23333333333332,-0.976080596446991,1.4215528796103114
TOKYOTECH_s01,157,98,160.26666666666668,-1.06227707862854,1.370037617507923
TOKYOTECH_s01,157,99,160.3,-1.056449294090271,1.2003194652654925
TOKYOTECH_s01,157,100,160.33333333333334,-0.9920282959938049,0.9743647121858005
TOKYOTECH_s01,157,101,160.36666666666667,-0.8851194381713867,0.7447611028811596
TOKYOTECH_s01,157,102,160.4,-0.1371508091688156,0.543156910092407
TOKYOTECH_s01,157,103,160.43333333333334,1.474082589149475,0.3763905582133516
TOKYOTECH_s01,157,104,160.46666666666667,2.2162628173828125,0.22943125918388563
TOKYOTECH_s01,157,105,160.5,2.023472309112549,0.07338141794863037
TOKYOTECH_s01,157,106,160.53333333333333,1.490739107131958,-0.12318825211683472
TOKYOTECH_s01,157,107,160.56666666666666,1.085863471031189,-0.38144493948025887
TOKYOTECH_s01,157,108,160.6,0.4987504780292511,-0.7008034687367735
TOKYOTECH_s01,157,109,160.63333333333333,0.09651307761669159,-1.0522481876027554
TOKYOTECH_s01,157,110,160.66666666666666,0.14242681860923767,-1.379471219413708
TOKYOTECH_s01,157,111,160.7,0.2829244136810303,-1.6091301289418916
TOKYOTECH_s01,157,112,160.73333333333332,0.16652561724185944,-1.6691510146504769
TOKYOTECH_s01,157,113,160.76666666666668,0.09946636110544205,-1.5111312996062283
TOKYOTECH_s01,157,114,160.8,-0.14719198644161224,-1.1300788827496175
TOKYOTECH_s01,157,115,160.83333333333334,-0.5649833679199219,-0.5734331544299598
TOKYOTECH_s01,157,116,160.86666666666667,-0.7489139437675476,0.06671078068190861
TOKYOTECH_s01,157,117,160.9,-0.8826780319213867,0.677990924590032
TOKYOTECH_s01,157,118,160.93333333333334,-1.1111047267913818,1.1600349837652204
TOKYOTECH_s01,157,119,160.96666666666667,-0.9776950478553772,1.4511347035425204
TOKYOTECH_s01,157,120,161.0,-0.9705677628517151,1.5392975214794453
TOKYOTECH_s01,157,121,161.03333333333333,-1.0455812215805054,1.4560173657235327
TOKYOTECH_s01,157,122,161.06666666666666,-0.9604478478431702,1.2584476709257564
TOKYOTECH_s01,157,123,161.1,-0.9339470267295837,1.0085624907425546
TOKYOTECH_s01,157,124,161.13333333333333,-0.8874426484107971,0.7562401443941694
TOKYOTECH_s01,157,125,161.16666666666666,0.2631177306175232,0.5295722665477458
TOKYOTECH_s01,157,126,161.2,1.8916376829147339,0.3328370817760494
TOKYOTECH_s01,157,127,161.23333333333332,2.39133358001709,0.1510306236187697
TOKYOTECH_s01,157,128,161.26666666666668,1.9639735221862793,-0.04100842342494518
TOKYOTECH_s01,157,129,161.3,1.4484087228775024,-0.26732169093396324
TOKYOTECH_s01,157,130,161.33333333333334,0.9287881255149841,-0.539962668639587
TOKYOTECH_s01,157,131,161.36666666666667,0.46051526069641113,-0.8508404890837719
TOKYOTECH_s01,157,132,161.4,0.1064361110329628,-1.1680758399163436
TOKYOTECH_s01,157,133,161.43333333333334,0.09993888437747955,-1.4383607776197074
TOKYOTECH_s01,157,134,161.46666666666667,0.271820068359375,-1.5965687851760333
TOKYOTECH_s01,157,135,161.5,0.36195430159568787,-1.5823769460857837
TOKYOTECH_s01,157,136,161.53333333333333,0.024295419454574585,-1.360371146337961
TOKYOTECH_s01,157,137,161.56666666666666,-0.3718385100364685,-0.9368201604153379
TOKYOTECH_s01,157,138,161.6,-0.6185362339019775,-0.365564467474794
TOKYOTECH_s01,157,139,161.63333333333333,-0.6671276092529297,0.2615218726770291
TOKYOTECH_s01,157,140,161.66666666666666,-0.9534387588500977,0.8379743414779609
TOKYOTECH_s01,157,141,161.7,-1.0003368854522705,1.2720475538776983
TOKYOTECH_s01,157,142,161.73333333333332,-0.8695654273033142,1.5103678803469043
TOKYOTECH_s01,157,143,161.76666666666668,-0.9240633845329285,1.546880709602799
TOKYOTECH_s01,157,144,161.8,-0.9015790820121765,1.415878817164256
TOKYOTECH_s01,157,145,161.83333333333334,-0.775847852230072,1.1751920612116014
TOKYOTECH_s01,157,146,161.86666666666667,-0.9114627242088318,0.8872883813257061
TOKYOTECH_s01,157,147,161.9,-0.2418152242898941,0.6035500148238828
TOKYOTECH_s01,157,148,161.93333333333334,1.394225835800171,0.354251068008837
TOKYOTECH_s01,157,149,161.96666666666667,2.342820882797241,0.14517169839449007
TOKYOTECH_s01,157,150,162.0,1.9838982820510864,-0.0391052117797992
TOKYOTECH_s01,157,151,162.03333333333333,1.5981205701828003,-0.22611041568061824
TOKYOTECH_s01,157,152,162.06666666666666,1.2761731147766113,-0.4428329011677207
TOKYOTECH_s01,157,153,162.1,0.8214854001998901,-0.7027891682181034
TOKYOTECH_s01,157,154,162.13333333333333,0.1997992843389511,-0.9962733651285169
TOKYOTECH_s01,157,155,162.16666666666666,0.18298526108264923,-1.2866813919220979
TOKYOTECH_s01,157,156,162.2,0.39432230591773987,-1.5148642706820326
TOKYOTECH_s01,157,157,162.23333333333332,0.31481990218162537,-1.6119320342645458
TOKYOTECH_s01,157,158,162.26666666666668,-0.06068042665719986,-1.5185806020892683
TOKYOTECH_s01,157,159,162.3,-0.16502982378005981,-1.2062762672489313
TOKYOTECH_s01,157,160,162.33333333333334,-0.3627817630767822,-0.6934754735902756
TOKYOTECH_s01,157,161,162.36666666666667,-0.7080404758453369,-0.04963557601263223
TOKYOTECH_s01,157,162,162.4,-0.8546808958053589,0.617691926007733
TOKYOTECH_s01,157,163,162.43333333333334,-0.8884270787239075,1.1909738046950273
TOKYOTECH_s01,157,164,162.46666666666667,-1.0021482706069946,1.575989179123589
TOKYOTECH_s01,157,165,162.5,-0.8926010727882385,1.7264865835636363
TOKYOTECH_s01,157,166,162.53333333333333,-0.9154004454612732,1.6511877001667101
TOKYOTECH_s01,157,167,162.56666666666666,-1.0497158765792847,1.4032443700946402
TOKYOTECH_s01,157,168,162.6,-0.8923647999763489,1.0589755842096855
TOKYOTECH_s01,157,169,162.63333333333333,-0.7456849813461304,0.6945740978924447
TOKYOTECH_s01,157,170,162.66666666666666,0.2871377766132355,0.36752222906571863
TOKYOTECH_s01,157,171,162.7,1.786737084388733,0.10614224263437845
TOKYOTECH_s01,157,172,162.73333333333332,2.2906856536865234,-0.09189651501753553
TOKYOTECH_s01,157,173,162.76666666666668,1.8639949560165405,-0.25288826880105364
TOKYOTECH_s01,157,174,162.8,1.2719204425811768,-0.4142117444630667
TOKYOTECH_s01,157,175,162.83333333333334,0.8852763772010803,-0.6083959840566248
TOKYOTECH_s01,157,176,162.86666666666667,0.4227132201194763,-0.8481960701430187
TOKYOTECH_s01,157,177,162.9,0.14967221021652222,-1.1170241740395979
TOKYOTECH_s01,157,178,162.93333333333334,0.34651848673820496,-1.3682362393780845
TOKYOTECH_s01,157,179,162.96666666666667,0.3872344195842743,-1.5346647029522134
TOKYOTECH_s01,157,180,163.0,0.2692211866378784,-1.546803415478861
TOKYOTECH_s01,157,181,163.03333333333333,0.08395177125930786,-1.3551727734586527
TOKYOTECH_s01,157,182,163.06666666666666,-0.4010957181453705,-0.9505104314310245
TOKYOTECH_s01,157,183,163.1,-0.573055624961853,-0.3746911150783504
TOKYOTECH_s01,157,184,163.13333333333333,-0.7115843892097473,0.28370596260053893
TOKYOTECH_s01,157,185,163.16666666666666,-0.9821840524673462,0.9105898585109043
TOKYOTECH_s01,157,186,163.2,-0.9352465271949768,1.397779254414493
TOKYOTECH_s01,157,187,163.23333333333332,-0.9363096952438354,1.6723734581676606
TOKYOTECH_s01,157,188,163.26666666666668,-0.883150577545166,1.7130435077808355
TOKYOTECH_s01,157,189,163.3,-0.8596423864364624,1.5489815219320044
TOKYOTECH_s01,157,190,163.33333333333334,-0.817193865776062,1.2447548778117812
TOKYOTECH_s01,157,191,163.36666666666667,-0.9316631555557251,0.8785945255404926
TOKYOTECH_s01,157,192,163.4,-0.2872958183288574,0.5214262241687962
TOKYOTECH_s01,157,193,163.43333333333334,1.2719597816467285,0.22143944408091812
TOKYOTECH_s01,157,194,163.46666666666667,2.2676498889923096,-0.0032024844244770926
TOKYOTECH_s01,157,195,163.5,2.041192054748535,-0.1627759744745555
TOKYOTECH_s01,157,196,163.53333333333333,1.4874708652496338,-0.28704213724027927
TOKYOTECH_s01,157,197,163.56666666666666,1.0833039283752441,-0.4121685264059608
TOKYOTECH_s01,157,198,163.6,0.621252715587616,-0.5670558150565203
TOKYOTECH_s01,157,199,163.63333333333333,0.21661332249641418,-0.7620032283178753
TOKYOTECH_s01,157,200,163.66666666666666,0.2971789240837097,-0.9821192576689278
TOKYOTECH_s01,157,201,163.7,0.33761924505233765,-1.187486069216513
TOKYOTECH_s01,157,202,163.73333333333332,0.4070017635822296,-1.3212593952952247
TOKYOTECH_s01,157,203,163.76666666666668,0.10238026827573776,-1.3250436531758363
TOKYOTECH_s01,157,204,163.8,-0.1685737669467926,-1.1581109379685701
TOKYOTECH_s01,157,205,163.83333333333334,-0.448623925447464,-0.8145469563932548
TOKYOTECH_s01,157,206,163.86666666666667,-0.6827603578567505,-0.3317420620042783
TOKYOTECH_s01,157,207,163.9,-0.8449941277503967,0.21436858227422467
TOKYOTECH_s01,157,208,163.93333333333334,-0.8256205916404724,0.7274720149614987
TOKYOTECH_s01,157,209,163.96666666666667,-0.8350316882133484,1.117021387658796
TOKYOTECH_s01,157,210,164.0,-0.7969146370887756,1.322706883082145
TOKYOTECH_s01,157,211,164.03333333333333,-0.7821875810623169,1.3280463094301846
TOKYOTECH_s01,157,212,164.06666666666666,-0.8802366256713867,1.159635089933972
TOKYOTECH_s01,157,213,164.1,-0.8445215821266174,0.8750800701714266
TOKYOTECH_s01,157,214,164.13333333333333,-0.24122457206249237,0.5453119289240821
TOKYOTECH_s01,157,215,164.16666666666666,1.2520743608474731,0.23641151522245746
TOKYOTECH_s01,157,216,164.2,2.3251798152923584,-0.005124363933659561
TOKYOTECH_s01,157,217,164.23333333333332,2.0641489028930664,-0.16087704669426892
TOKYOTECH_s01,157,218,164.26666666666668,1.4649471044540405,-0.24130529299602457
TOKYOTECH_s01,157,219,164.3,1.179777979850769,-0.27894151290865904
TOKYOTECH_s01,157,220,164.33333333333334,0.7535598874092102,-0.3156248914448951
TOKYOTECH_s01,157,221,164.36666666666667,0.3721923828125,-0.38679736301766066
TOKYOTECH_s01,157,222,164.4,0.267331063747406,-0.5069551716591099
TOKYOTECH_s01,157,223,164.43333333333334,0.34502214193344116,-0.6609393453823751
TOKYOTECH_s01,157,224,164.46666666666667,0.4889455735683441,-0.8052642503142177
TOKYOTECH_s01,157,225,164.5,0.2219686210155487,-0.8809471535005683
TOKYOTECH_s01,157,226,164.53333333333333,-0.08304663747549057,-0.8344145075856393
TOKYOTECH_s01,157,227,164.56666666666666,-0.4205873906612396,-0.6388333408720333
TOKYOTECH_s01,157,228,164.6,-0.7691537737846375,-0.3074683127013831
TOKYOTECH_s01,157,229,164.63333333333333,-0.7875034809112549,0.10656628575955686
TOKYOTECH_s01,157,230,164.66666666666666,-0.9374909996986389,0.524943230877461
TOKYOTECH_s01,157,231,164.7,-1.0125044584274292,0.8682331181883435
TOKYOTECH_s01,157,232,164.73333333333332,-0.9337895512580872,1.0799523956646508
TOKYOTECH_s01,157,233,164.76666666666668,-0.9611960053443909,1.1407246371637767
TOKYOTECH_s01,157,234,164.8,-1.002345085144043,1.0679460789233228
TOKYOTECH_s01,157,235,164.83333333333334,-1.0839738845825195,0.9033332511620685
TOKYOTECH_s01,157,236,164.86666666666667,-1.0505427122116089,0.6949681002950866
TOKYOTECH_s01,157,237,164.9,-0.3738861382007599,0.480953855170007
TOKYOTECH_s01,157,238,164.93333333333334,1.1366993188858032,0.2798297674881595
TOKYOTECH_s01,157,239,164.96666666666667,2.3204152584075928,0.08995928767000316
TOKYOTECH_s01,158,0,158.0,-1.1459928750991821,-0.07655025518940711
TOKYOTECH_s01,158,1,158.03333333333333,-0.48516589403152466,-0.09459346869724702
TOKYOTECH_s01,158,2,158.06666666666666,1.1116949319839478,-0.08311400368490254
TOKYOTECH_s01,158,3,158.1,2.309586524963379,-0.02432154041483105
TOKYOTECH_s01,158,4,158.13333333333333,2.197204351425171,0.08220974669787937
TOKYOTECH_s01,158,5,158.16666666666666,1.5625630617141724,0.2169809399462657
TOKYOTECH_s01,158,6,158.2,0.9725754857063293,0.3438822371361394
TOKYOTECH_s01,158,7,158.23333333333332,0.6137710809707642,0.4190081637462732
TOKYOTECH_s01,158,8,158.26666666666668,0.1621941328048706,0.4031618318931301
TOKYOTECH_s01,158,9,158.3,0.04465339705348015,0.27489149712261085
TOKYOTECH_s01,158,10,158.33333333333334,0.2589831054210663,0.03997936473072894
TOKYOTECH_s01,158,11,158.36666666666667,0.23933392763137817,-0.2662133267947255
TOKYOTECH_s01,158,12,158.4,0.07347745448350906,-0.5848555420605588
TOKYOTECH_s01,158,13,158.43333333333334,-0.02839118055999279,-0.8467365776483758
TOKYOTECH_s01,158,14,158.46666666666667,-0.35025984048843384,-0.9890633464419826
TOKYOTECH_s01,158,15,158.5,-0.8258568048477173,-0.9719815304793984
TOKYOTECH_s01,158,16,158.53333333333333,-0.8918529152870178,-0.7906802485384101
TOKYOTECH_s01,158,17,158.56666666666666,-0.9455239176750183,-0.47909375712407115
TOKYOTECH_s01,158,18,158.6,-1.0953145027160645,-0.10226504697609307
TOKYOTECH_s01,158,19,158.63333333333333,-1.2162023782730103,0.26216198537431507
TOKYOTECH_s01,158,20,158.66666666666666,-1.0048258304595947,0.5474155316846328
TOKYOTECH_s01,158,21,158.7,-0.9973835945129395,0.7166804353894521
TOKYOTECH_s01,158,22,158.73333333333332,-1.1522538661956787,0.7703462293415418
TOKYOTECH_s01,158,23,158.76666666666668,-1.1225634813308716,0.7396531457873864
TOKYOTECH_s01,158,24,158.8,-1.010614275932312,0.6706391627277395
TOKYOTECH_s01,158,25,158.83333333333334,-0.9132740497589111,0.6054088438136228
TOKYOTECH_s01,158,26,158.86666666666667,0.14128486812114716,0.5675550189292636
TOKYOTECH_s01,158,27,158.9,1.8313907384872437,0.5559539355212405
TOKYOTECH_s01,158,28,158.93333333333334,2.4435081481933594,0.5477122968718297
TOKYOTECH_s01,158,29,158.96666666666667,1.8209164142608643,0.5080314539536273
TOKYOTECH_s01,158,30,159.0,1.1605225801467896,0.40299597345345894
TOKYOTECH_s01,158,31,159.03333333333333,0.8374725580215454,0.21126659834190806
TOKYOTECH_s01,158,32,159.06666666666666,0.2698512077331543,-0.06792704347578654
TOKYOTECH_s01,158,33,159.1,-0.07536809891462326,-0.41149940168398685
TOKYOTECH_s01,158,34,159.13333333333333,-0.004764902405440807,-0.7741931056911999
TOKYOTECH_s01,158,35,159.16666666666666,0.012088509276509285,-1.0954081426925248
TOKYOTECH_s01,158,36,159.2,0.16420236229896545,-1.3110123299905512
TOKYOTECH_s01,158,37,159.23333333333332,0.07670637965202332,-1.368674902460918
TOKYOTECH_s01,158,38,159.26666666666668,-0.3178524672985077,-1.2431823849893284
TOKYOTECH_s01,158,39,159.3,-0.5077289938926697,-0.946696861569644
TOKYOTECH_s01,158,40,159.33333333333334,-0.885513186454773,-0.5293922330115917
TOKYOTECH_s01,158,41,159.36666666666667,-1.088069200515747,-0.06849032930077699
TOKYOTECH_s01,158,42,159.4,-1.0942513942718506,0.3523187238015748
TOKYOTECH_s01,158,43,159.43333333333334,-1.1950174570083618,0.6667478462670773
TOKYOTECH_s01,158,44,159.46666666666667,-1.0507789850234985,0.8439072732896524
TOKYOTECH_s01,158,45,159.5,-0.9936034083366394,0.8928208421121392
TOKYOTECH_s01,158,46,159.53333333333333,-0.9243390560150146,0.85236281818024
TOKYOTECH_s01,158,47,159.56666666666666,-0.8604299426078796,0.7723923902087577
TOKYOTECH_s01,158,48,159.6,-1.048770785331726,0.6944183204731619
TOKYOTECH_s01,158,49,159.63333333333333,-0.5618725419044495,0.6384616161571657
TOKYOTECH_s01,158,50,159.66666666666666,0.9404043555259705,0.599363148770463
TOKYOTECH_s01,158,51,159.7,2.0706067085266113,0.5522079872559557
TOKYOTECH_s01,158,52,159.73333333333332,2.165623664855957,0.46373591586974944
TOKYOTECH_s01,158,53,159.76666666666668,1.6841201782226562,0.30540772581758824
TOKYOTECH_s01,158,54,159.8,0.9272130131721497,0.06437780314862274
TOKYOTECH_s01,158,55,159.83333333333334,0.421413779258728,-0.24987544269937284
TOKYOTECH_s01,158,56,159.86666666666667,0.18326090276241302,-0.6041633677378363
TOKYOTECH_s01,158,57,159.9,-0.011340883560478687,-0.9456194786439097
TOKYOTECH_s01,158,58,159.93333333333334,0.22976528108119965,-1.210974352037176
TOKYOTECH_s01,158,59,159.96666666666667,0.40684425830841064,-1.3401976803405233
TOKYOTECH_s01,158,60,160.0,0.2066115289926529,-1.2921794224483465
TOKYOTECH_s01,158,61,160.03333333333333,-0.0012209608685225248,-1.0585031791130803
TOKYOTECH_s01,158,62,160.06666666666666,-0.4566568434238434,-0.6705864548104836
TOKYOTECH_s01,158,63,160.1,-0.8923647999763489,-0.19615985533606764
TOKYOTECH_s01,158,64,160.13333333333333,-0.9710797071456909,0.2763386259330669
TOKYOTECH_s01,158,65,160.16666666666666,-0.9644643068313599,0.6620415069366758
TOKYOTECH_s01,158,66,160.2,-0.8116810917854309,0.9037837377707156
TOKYOTECH_s01,158,67,160.23333333333332,-0.976080596446991,0.9860135210872525
TOKYOTECH_s01,158,68,160.26666666666668,-1.06227707862854,0.9337034937432012
TOKYOTECH_s01,158,69,160.3,-1.056449294090271,0.7988151374075172
TOKYOTECH_s01,158,70,160.33333333333334,-0.9920282959938049,0.640745057616663
TOKYOTECH_s01,158,71,160.36666666666667,-0.8851194381713867,0.5073732937168008
TOKYOTECH_s01,158,72,160.4,-0.1371508091688156,0.42196091680735376
TOKYOTECH_s01,158,73,160.43333333333334,1.474082589149475,0.37892692713393566
TOKYOTECH_s01,158,74,160.46666666666667,2.2162628173828125,0.3486816304056825
TOKYOTECH_s01,158,75,160.5,2.023472309112549,0.28917636842958677
TOKYOTECH_s01,158,76,160.53333333333333,1.490739107131958,0.1605420674007485
TOKYOTECH_s01,158,77,160.56666666666666,1.085863471031189,-0.06088186388707035
TOKYOTECH_s01,158,78,160.6,0.4987504780292511,-0.37221166680999024
TOKYOTECH_s01,158,79,160.63333333333333,0.09651307761669159,-0.7396850837404139
TOKYOTECH_s01,158,80,160.66666666666666,0.14242681860923767,-1.1018810520971734
TOKYOTECH_s01,158,81,160.7,0.2829244136810303,-1.3810095875427149
TOKYOTECH_s01,158,82,160.73333333333332,0.16652561724185944,-1.501092530369905
TOKYOTECH_s01,158,83,160.76666666666668,0.09946636110544205,-1.4095083256155592
TOKYOTECH_s01,158,84,160.8,-0.14719198644161224,-1.0959907302885619
TOKYOTECH_s01,158,85,160.83333333333334,-0.5649833679199219,-0.6019320008170707
TOKYOTECH_s01,158,86,160.86666666666667,-0.7489139437675476,-0.014205586100996176
TOKYOTECH_s01,158,87,160.9,-0.8826780319213867,0.5571489399299258
TOKYOTECH_s01,158,88,160.93333333333334,-1.1111047267913818,1.010392932081455
TOKYOTECH_s01,158,89,160.96666666666667,-0.9776950478553772,1.2804638859803883
TOKYOTECH_s01,158,90,161.0,-0.9705677628517151,1.3532649715733236
TOKYOTECH_s01,158,91,161.03333333333333,-1.0455812215805054,1.26167991755008
TOKYOTECH_s01,158,92,161.06666666666666,-0.9604478478431702,1.0672869857274816
TOKYOTECH_s01,158,93,161.1,-0.9339470267295837,0.8367510335179799
TOKYOTECH_s01,158,94,161.13333333333333,-0.8874426484107971,0.6215811237829465
TOKYOTECH_s01,158,95,161.16666666666666,0.2631177306175232,0.4463668567118405
TOKYOTECH_s01,158,96,161.2,1.8916376829147339,0.30692972722558204
TOKYOTECH_s01,158,97,161.23333333333332,2.39133358001709,0.17716807744896756
TOKYOTECH_s01,158,98,161.26666666666668,1.9639735221862793,0.021622916926116096
TOKYOTECH_s01,158,99,161.3,1.4484087228775024,-0.19001732793385698
TOKYOTECH_s01,158,100,161.33333333333334,0.9287881255149841,-0.47011249511459463
TOKYOTECH_s01,158,101,161.36666666666667,0.46051526069641113,-0.8047997003048736
TOKYOTECH_s01,158,102,161.4,0.1064361110329628,-1.1520534619062055
TOKYOTECH_s01,158,103,161.43333333333334,0.09993888437747955,-1.4470526556432413
TOKYOTECH_s01,158,104,161.46666666666667,0.271820068359375,-1.6151082096421534
TOKYOTECH_s01,158,105,161.5,0.36195430159568787,-1.5908372276830176
TOKYOTECH_s01,158,106,161.53333333333333,0.024295419454574585,-1.339458115107663
TOKYOTECH_s01,158,107,161.56666666666666,-0.3718385100364685,-0.8733597608486786
TOKYOTECH_s01,158,108,161.6,-0.6185362339019775,-0.2565502486441655
TOKYOTECH_s01,158,109,161.63333333333333,-0.6671276092529297,0.40735444101492085
TOKYOTECH_s01,158,110,161.66666666666666,-0.9534387588500977,1.0016328827568115
TOKYOTECH_s01,158,111,161.7,-1.0003368854522705,1.428634325558568
TOKYOTECH_s01,158,112,161.73333333333332,-0.8695654273033142,1.635209565906728
TOKYOTECH_s01,158,113,161.76666666666668,-0.9240633845329285,1.6216697475723936
TOKYOTECH_s01,158,114,161.8,-0.9015790820121765,1.4328914862297382
TOKYOTECH_s01,158,115,161.83333333333334,-0.775847852230072,1.138157250760345
TOKYOTECH_s01,158,116,161.86666666666667,-0.9114627242088318,0.8086192340923674
TOKYOTECH_s01,158,117,161.9,-0.2418152242898941,0.49909890509763327
TOKYOTECH_s01,158,118,161.93333333333334,1.394225835800171,0.23791262906733207
TOKYOTECH_s01,158,119,161.96666666666667,2.342820882797241,0.025764244253454263
TOKYOTECH_s01,158,120,162.0,1.9838982820510864,-0.15759514626183124
TOKYOTECH_s01,158,121,162.03333333333333,1.5981205701828003,-0.3418249813674669
TOKYOTECH_s01,158,122,162.06666666666666,1.2761731147766113,-0.5529089168706547
TOKYOTECH_s01,158,123,162.1,0.8214854001998901,-0.8015049303973145
TOKYOTECH_s01,158,124,162.13333333333333,0.1997992843389511,-1.07511704429563
TOKYOTECH_s01,158,125,162.16666666666666,0.18298526108264923,-1.3359903091998662
TOKYOTECH_s01,158,126,162.2,0.39432230591773987,-1.526149667043288
TOKYOTECH_s01,158,127,162.23333333333332,0.31481990218162537,-1.57996688493331
TOKYOTECH_s01,158,128,162.26666666666668,-0.06068042665719986,-1.4426614981079202
TOKYOTECH_s01,158,129,162.3,-0.16502982378005981,-1.090599225336731
TOKYOTECH_s01,158,130,162.33333333333334,-0.3627817630767822,-0.5470524149928756
TOKYOTECH_s01,158,131,162.36666666666667,-0.7080404758453369,0.11379741890816922
TOKYOTECH_s01,158,132,162.4,-0.8546808958053589,0.7800031882002723
TOKYOTECH_s01,158,133,162.43333333333334,-0.8884270787239075,1.3311773053278195
TOKYOTECH_s01,158,134,162.46666666666667,-1.0021482706069946,1.6737265987300578
TOKYOTECH_s01,158,135,162.5,-0.8926010727882385,1.7668798233526197
TOKYOTECH_s01,158,136,162.53333333333333,-0.9154004454612732,1.6292256814146044
TOKYOTECH_s01,158,137,162.56666666666666,-1.0497158765792847,1.3256268902701134
TOKYOTECH_s01,158,138,162.6,-0.8923647999763489,0.9423040574496431
TOKYOTECH_s01,158,139,162.63333333333333,-0.7456849813461304,0.5603999858109606
TOKYOTECH_s01,158,140,162.66666666666666,0.2871377766132355,0.23613536288041753
TOKYOTECH_s01,158,141,162.7,1.786737084388733,-0.008587666469584166
TOKYOTECH_s01,158,142,162.73333333333332,2.2906856536865234,-0.1849502895005086
TOKYOTECH_s01,158,143,162.76666666666668,1.8639949560165405,-0.3273720455236523
TOKYOTECH_s01,158,144,162.8,1.2719204425811768,-0.47817642256423915
TOKYOTECH_s01,158,145,162.83333333333334,0.8852763772010803,-0.6704658420257869
TOKYOTECH_s01,158,146,162.86666666666667,0.4227132201194763,-0.9132958659514759
TOKYOTECH_s01,158,147,162.9,0.14967221021652222,-1.1832423050792245
TOKYOTECH_s01,158,148,162.93333333333334,0.34651848673820496,-1.4255827188272754
TOKYOTECH_s01,158,149,162.96666666666667,0.3872344195842743,-1.5662457257536746
TOKYOTECH_s01,158,150,163.0,0.2692211866378784,-1.532600268772434
TOKYOTECH_s01,158,151,163.03333333333333,0.08395177125930786,-1.277953641496028
TOKYOTECH_s01,158,152,163.06666666666666,-0.4010957181453705,-0.8023899891633383
TOKYOTECH_s01,158,153,163.1,-0.573055624961853,-0.16198085637386583
TOKYOTECH_s01,158,154,163.13333333333333,-0.7115843892097473,0.539655921121827
TOKYOTECH_s01,158,155,163.16666666666666,-0.9821840524673462,1.177515054925645
TOKYOTECH_s01,158,156,163.2,-0.9352465271949768,1.640392701559211
TOKYOTECH_s01,158,157,163.23333333333332,-0.9363096952438354,1.8610321634759044
TOKYOTECH_s01,158,158,163.26666666666668,-0.883150577545166,1.8299323555498184
TOKYOTECH_s01,158,159,163.3,-0.8596423864364624,1.589917049087699
TOKYOTECH_s01,158,160,163.33333333333334,-0.817193865776062,1.2166985131881936
TOKYOTECH_s01,158,161,163.36666666666667,-0.9316631555557251,0.7945174791298703
TOKYOTECH_s01,158,162,163.4,-0.2872958183288574,0.3947724862957986
TOKYOTECH_s01,158,163,163.43333333333334,1.2719597816467285,0.06211422424485605
TOKYOTECH_s01,158,164,163.46666666666667,2.2676498889923096,-0.19027360485524134
TOKYOTECH_s01,158,165,163.5,2.041192054748535,-0.37651022141852286
TOKYOTECH_s01,158,166,163.53333333333333,1.4874708652496338,-0.5273450230463268
TOKYOTECH_s01,158,167,163.56666666666666,1.0833039283752441,-0.6766090644542136
TOKYOTECH_s01,158,168,163.6,0.621252715587616,-0.8480886065087017
TOKYOTECH_s01,158,169,163.63333333333333,0.21661332249641418,-1.0452540452308179
TOKYOTECH_s01,158,170,163.66666666666666,0.2971789240837097,-1.2460277306302696
TOKYOTECH_s01,158,171,163.7,0.33761924505233765,-1.4046287699309252
TOKYOTECH_s01,158,172,163.73333333333332,0.4070017635822296,-1.4614704903490556
TOKYOTECH_s01,158,173,163.76666666666668,0.10238026827573776,-1.3599900971237215
TOKYOTECH_s01,158,174,163.8,-0.1685737669467926,-1.0667069560169042
TOKYOTECH_s01,158,175,163.83333333333334,-0.448623925447464,-0.5884629268201533
TOKYOTECH_s01,158,176,163.86666666666667,-0.6827603578567505,0.020169956630178003
TOKYOTECH_s01,158,177,163.9,-0.8449941277503967,0.6644136870557832
TOKYOTECH_s01,158,178,163.93333333333334,-0.8256205916404724,1.231633130806018
TOKYOTECH_s01,158,179,163.96666666666667,-0.8350316882133484,1.6218213475279462
TOKYOTECH_s01,158,180,164.0,-0.7969146370887756,1.7749691187468413
TOKYOTECH_s01,158,181,164.03333333333333,-0.7821875810623169,1.6848931658143724
TOKYOTECH_s01,158,182,164.06666666666666,-0.8802366256713867,1.3956696231532195
TOKYOTECH_s01,158,183,164.1,-0.8445215821266174,0.9844590962565746
TOKYOTECH_s01,158,184,164.13333333333333,-0.24122457206249237,0.5383402880443938
TOKYOTECH_s01,158,185,164.16666666666666,1.2520743608474731,0.13252328193456273
TOKYOTECH_s01,158,186,164.2,2.3251798152923584,-0.18490678180773013
TOKYOTECH_s01,158,187,164.23333333333332,2.0641489028930664,-0.3993273606891459
TOKYOTECH_s01,158,188,164.26666666666668,1.4649471044540405,-0.527098411463904
TOKYOTECH_s01,158,189,164.3,1.179777979850769,-0.6059194859047091
TOKYOTECH_s01,158,190,164.33333333333334,0.7535598874092102,-0.6802686186239747
TOKYOTECH_s01,158,191,164.36666666666667,0.3721923828125,-0.7846349335886194
TOKYOTECH_s01,158,192,164.4,0.267331063747406,-0.928298602670175
TOKYOTECH_s01,158,193,164.43333333333334,0.34502214193344116,-1.0866640644642502
TOKYOTECH_s01,158,194,164.46666666666667,0.4889455735683441,-1.2041815748388658
TOKYOTECH_s01,158,195,164.5,0.2219686210155487,-1.2107510060378128
TOKYOTECH_s01,158,196,164.53333333333333,-0.08304663747549057,-1.0473118288843009
TOKYOTECH_s01,158,197,164.56666666666666,-0.4205873906612396,-0.691110045958988
TOKYOTECH_s01,158,198,164.6,-0.7691537737846375,-0.17066202836508917
TOKYOTECH_s01,158,199,164.63333333333333,-0.7875034809112549,0.43593725430651165
TOKYOTECH_s01,158,200,164.66666666666666,-0.9374909996986389,1.0202529853794517
TOKYOTECH_s01,158,201,164.7,-1.0125044584274292,1.4746011657709475
TOKYOTECH_s01,158,202,164.73333333333332,-0.9337895512580872,1.7232464179789087
TOKYOTECH_s01,158,203,164.76666666666668,-0.9611960053443909,1.7411886203653173
TOKYOTECH_s01,158,204,164.8,-1.002345085144043,1.5547067424853824
TOKYOTECH_s01,158,205,164.83333333333334,-1.0839738845825195,1.2267242861407086
TOKYOTECH_s01,158,206,164.86666666666667,-1.0505427122116089,0.8348478355746802
TOKYOTECH_s01,158,207,164.9,-0.3738861382007599,0.44989868788716536
TOKYOTECH_s01,158,208,164.93333333333334,1.1366993188858032,0.1203612409470561
TOKYOTECH_s01,158,209,164.96666666666667,2.3204152584075928,-0.13456090239063112
TOKYOTECH_s01,158,210,165.0,2.192990779876709,-0.3228246553352113
TOKYOTECH_s01,158,211,165.03333333333333,1.6688419580459595,-0.47007390076868116
TOKYOTECH_s01,158,212,165.06666666666666,1.2542400360107422,-0.6067242417574382
TOKYOTECH_s01,158,213,165.1,0.741746723651886,-0.7561028506233611
TOKYOTECH_s01,158,214,165.13333333333333,0.3388793170452118,-0.9262402819133821
TOKYOTECH_s01,158,215,165.16666666666666,0.27335578203201294,-1.105735410797545
TOKYOTECH_s01,158,216,165.2,0.3509680926799774,-1.263842401188734
TOKYOTECH_s01,158,217,165.23333333333332,0.37420061230659485,-1.3556581942595112
TOKYOTECH_s01,158,218,165.26666666666668,0.28918537497520447,-1.3330253115091981
TOKYOTECH_s01,158,219,165.3,-0.13242556154727936,-1.159884681670366
TOKYOTECH_s01,158,220,165.33333333333334,-0.40097758173942566,-0.828073763523266
TOKYOTECH_s01,158,221,165.36666666666667,-0.6578739881515503,-0.3675475731165268
TOKYOTECH_s01,158,222,165.4,-0.9432794451713562,0.15463481648161745
TOKYOTECH_s01,158,223,165.43333333333334,-0.9564313888549805,0.6486095908398327
TOKYOTECH_s01,158,224,165.46666666666667,-0.9515092372894287,1.0254866673818812
TOKYOTECH_s01,158,225,165.5,-1.001281976699829,1.2219545860935317
TOKYOTECH_s01,158,226,165.53333333333333,-1.0287672281265259,1.2163656091839052
TOKYOTECH_s01,158,227,165.56666666666666,-0.9870668053627014,1.0309752457294803
TOKYOTECH_s01,158,228,165.6,-1.0204192399978638,0.7215130622131933
TOKYOTECH_s01,158,229,165.63333333333333,-1.1672565937042236,0.3599571152425277
TOKYOTECH_s01,158,230,165.66666666666666,-0.9967535734176636,0.01663551140269885
TOKYOTECH_s01,158,231,165.7,-0.42184746265411377,-0.2543749795093714
TOKYOTECH_s01,158,232,165.73333333333332,1.2169499397277832,-0.424133504427985
TOKYOTECH_s01,158,233,165.76666666666668,2.32888126373291,-0.49049663909158026
TOKYOTECH_s01,158,234,165.8,2.039656400680542,-0.4725424668404254
TOKYOTECH_s01,158,235,165.83333333333334,1.5273205041885376,-0.3999393914541284
TOKYOTECH_s01,158,236,165.86666666666667,1.0947626829147339,-0.3013840496693551
TOKYOTECH_s01,158,237,165.9,0.6173543930053711,-0.19638150438342122
TOKYOTECH_s01,158,238,165.93333333333334,0.27552151679992676,-0.09248165324468535
TOKYOTECH_s01,158,239,165.96666666666667,0.15089289844036102,0.012605803943991564
TOKYOTECH_s01,159,0,159.0,1.1605225801467896,-0.010796851769583348
TOKYOTECH_s01,159,1,159.03333333333333,0.8374725580215454,-0.2416392791654569
TOKYOTECH_s01,159,2,159.06666666666666,0.2698512077331543,-0.47913119390996106
TOKYOTECH_s01,159,3,159.1,-0.07536809891462326,-0.7199987439720752
TOKYOTECH_s01,159,4,159.13333333333333,-0.004764902405440807,-0.9437913557695604
TOKYOTECH_s01,159,5,159.16666666666666,0.012088509276509285,-1.113275763825171
TOKYOTECH_s01,159,6,159.2,0.16420236229896545,-1.1824911777759892
TOKYOTECH_s01,159,7,159.23333333333332,0.07670637965202332,-1.111133362692203
TOKYOTECH_s01,159,8,159.26666666666668,-0.3178524672985077,-0.8811825351042429
TOKYOTECH_s01,159,9,159.3,-0.5077289938926697,-0.509502234878523
TOKYOTECH_s01,159,10,159.33333333333334,-0.885513186454773,-0.0502360474269322
TOKYOTECH_s01,159,11,159.36666666666667,-1.088069200515747,0.41600044975347816
TOKYOTECH_s01,159,12,159.4,-1.0942513942718506,0.8036889456184249
TOKYOTECH_s01,159,13,159.43333333333334,-1.1950174570083618,1.0470947379016668
TOKYOTECH_s01,159,14,159.46666666666667,-1.0507789850234985,1.118355779221991
TOKYOTECH_s01,159,15,159.5,-0.9936034083366394,1.0319737421384159
TOKYOTECH_s01,159,16,159.53333333333333,-0.9243390560150146,0.8351971552401599
TOKYOTECH_s01,159,17,159.56666666666666,-0.8604299426078796,0.5898273880087654
TOKYOTECH_s01,159,18,159.6,-1.048770785331726,0.35294255443048955
TOKYOTECH_s01,159,19,159.63333333333333,-0.5618725419044495,0.16244179942593368
TOKYOTECH_s01,159,20,159.66666666666666,0.9404043555259705,0.030491788454226
TOKYOTECH_s01,159,21,159.7,2.0706067085266113,-0.054846236029479224
TOKYOTECH_s01,159,22,159.73333333333332,2.165623664855957,-0.1217633522580151
TOKYOTECH_s01,159,23,159.76666666666668,1.6841201782226562,-0.2036053268171418
TOKYOTECH_s01,159,24,159.8,0.9272130131721497,-0.327243790910329
TOKYOTECH_s01,159,25,159.83333333333334,0.421413779258728,-0.5029941736621288
TOKYOTECH_s01,159,26,159.86666666666667,0.18326090276241302,-0.7180086571725074
TOKYOTECH_s01,159,27,159.9,-0.011340883560478687,-0.9351860645612061
TOKYOTECH_s01,159,28,159.93333333333334,0.22976528108119965,-1.099235839367933
TOKYOTECH_s01,159,29,159.96666666666667,0.40684425830841064,-1.150065240342667
TOKYOTECH_s01,159,30,160.0,0.2066115289926529,-1.0411593813074405
TOKYOTECH_s01,159,31,160.03333333333333,-0.0012209608685225248,-0.7578518318072398
TOKYOTECH_s01,159,32,160.06666666666666,-0.4566568434238434,-0.32864989366878183
TOKYOTECH_s01,159,33,160.1,-0.8923647999763489,0.17650764817579598
TOKYOTECH_s01,159,34,160.13333333333333,-0.9710797071456909,0.6632371382250051
TOKYOTECH_s01,159,35,160.16666666666666,-0.9644643068313599,1.0404583772239007
TOKYOTECH_s01,159,36,160.2,-0.8116810917854309,1.2479380173067782
TOKYOTECH_s01,159,37,160.23333333333332,-0.976080596446991,1.2717152157555622
TOKYOTECH_s01,159,38,160.26666666666668,-1.06227707862854,1.1422369331111655
TOKYOTECH_s01,159,39,160.3,-1.056449294090271,0.9187844489003084
TOKYOTECH_s01,159,40,160.33333333333334,-0.9920282959938049,0.6680412480668271
TOKYOTECH_s01,159,41,160.36666666666667,-0.8851194381713867,0.4443072522642299
TOKYOTECH_s01,159,42,160.4,-0.1371508091688156,0.27665752920600245
TOKYOTECH_s01,159,43,160.43333333333334,1.474082589149475,0.1654017899448111
TOKYOTECH_s01,159,44,160.46666666666667,2.2162628173828125,0.0870221897587889
TOKYOTECH_s01,159,45,160.5,2.023472309112549,0.004653926756565492
TOKYOTECH_s01,159,46,160.53333333333333,1.490739107131958,-0.11910474937044851
TOKYOTECH_s01,159,47,160.56666666666666,1.085863471031189,-0.3096406895374609
TOKYOTECH_s01,159,48,160.6,0.4987504780292511,-0.5702766263854004
TOKYOTECH_s01,159,49,160.63333333333333,0.09651307761669159,-0.8768784233773309
TOKYOTECH_s01,159,50,160.66666666666666,0.14242681860923767,-1.178888949439237
TOKYOTECH_s01,159,51,160.7,0.2829244136810303,-1.4077828076737853
TOKYOTECH_s01,159,52,160.73333333333332,0.16652561724185944,-1.4926930571281654
TOKYOTECH_s01,159,53,160.76666666666668,0.09946636110544205,-1.3808143368761367
TOKYOTECH_s01,159,54,160.8,-0.14719198644161224,-1.057280127528541
TOKYOTECH_s01,159,55,160.83333333333334,-0.5649833679199219,-0.5569926469721871
TOKYOTECH_s01,159,56,160.86666666666667,-0.7489139437675476,0.03855189228229553
TOKYOTECH_s01,159,57,160.9,-0.8826780319213867,0.6214051956756519
TOKYOTECH_s01,159,58,160.93333333333334,-1.1111047267913818,1.0880236777671288
TOKYOTECH_s01,159,59,160.96666666666667,-0.9776950478553772,1.3686031872770277
TOKYOTECH_s01,159,60,161.0,-0.9705677628517151,1.4434932924065393
TOKYOTECH_s01,159,61,161.03333333333333,-1.0455812215805054,1.3417860756737006
TOKYOTECH_s01,159,62,161.06666666666666,-0.9604478478431702,1.1249620002672727
TOKYOTECH_s01,159,63,161.1,-0.9339470267295837,0.8636279137691493
TOKYOTECH_s01,159,64,161.13333333333333,-0.8874426484107971,0.6160665864265814
TOKYOTECH_s01,159,65,161.16666666666666,0.2631177306175232,0.414634298041431
TOKYOTECH_s01,159,66,161.2,1.8916376829147339,0.26227640754073994
TOKYOTECH_s01,159,67,161.23333333333332,2.39133358001709,0.13805800726905862
TOKYOTECH_s01,159,68,161.26666666666668,1.9639735221862793,0.008393102719052964
TOKYOTECH_s01,159,69,161.3,1.4484087228775024,-0.15990095004162977
TOKYOTECH_s01,159,70,161.33333333333334,0.9287881255149841,-0.3876944470190721
TOKYOTECH_s01,159,71,161.36666666666667,0.46051526069641113,-0.674528733740543
TOKYOTECH_s01,159,72,161.4,0.1064361110329628,-0.9937464369554956
TOKYOTECH_s01,159,73,161.43333333333334,0.09993888437747955,-1.293296891331728
TOKYOTECH_s01,159,74,161.46666666666667,0.271820068359375,-1.5039142042737594
TOKYOTECH_s01,159,75,161.5,0.36195430159568787,-1.5551719262737413
TOKYOTECH_s01,159,76,161.53333333333333,0.024295419454574585,-1.3968870854691644
TOKYOTECH_s01,159,77,161.56666666666666,-0.3718385100364685,-1.0196857450849082
TOKYOTECH_s01,159,78,161.6,-0.6185362339019775,-0.46642372185618064
TOKYOTECH_s01,159,79,161.63333333333333,-0.6671276092529297,0.17246705460065642
TOKYOTECH_s01,159,80,161.66666666666666,-0.9534387588500977,0.7811544212009632
TOKYOTECH_s01,159,81,161.7,-1.0003368854522705,1.2515137068949858
TOKYOTECH_s01,159,82,161.73333333333332,-0.8695654273033142,1.5139219574670733
TOKYOTECH_s01,159,83,161.76666666666668,-0.9240633845329285,1.5527875482662714
TOKYOTECH_s01,159,84,161.8,-0.9015790820121765,1.402502887136621
TOKYOTECH_s01,159,85,161.83333333333334,-0.775847852230072,1.1293497946175988
TOKYOTECH_s01,159,86,161.86666666666667,-0.9114627242088318,0.808568599366395
TOKYOTECH_s01,159,87,161.9,-0.2418152242898941,0.5040235720195222
TOKYOTECH_s01,159,88,161.93333333333334,1.394225835800171,0.25479596352838174
TOKYOTECH_s01,159,89,161.96666666666667,2.342820882797241,0.07034144702008377
TOKYOTECH_s01,159,90,162.0,1.9838982820510864,-0.0662872014998461
TOKYOTECH_s01,159,91,162.03333333333333,1.5981205701828003,-0.18900799139316998
TOKYOTECH_s01,159,92,162.06666666666666,1.2761731147766113,-0.3354959916878495
TOKYOTECH_s01,159,93,162.1,0.8214854001998901,-0.5328645925703982
TOKYOTECH_s01,159,94,162.13333333333333,0.1997992843389511,-0.7852461838848374
TOKYOTECH_s01,159,95,162.16666666666666,0.18298526108264923,-1.0665780730187684
TOKYOTECH_s01,159,96,162.2,0.39432230591773987,-1.3216573952799964
TOKYOTECH_s01,159,97,162.23333333333332,0.31481990218162537,-1.4771484226838243
TOKYOTECH_s01,159,98,162.26666666666668,-0.06068042665719986,-1.461509467806585
TOKYOTECH_s01,159,99,162.3,-0.16502982378005981,-1.229350297394176
TOKYOTECH_s01,159,100,162.33333333333334,-0.3627817630767822,-0.7826941029726944
TOKYOTECH_s01,159,101,162.36666666666667,-0.7080404758453369,-0.18026393750959718
TOKYOTECH_s01,159,102,162.4,-0.8546808958053589,0.4721668573048452
TOKYOTECH_s01,159,103,162.43333333333334,-0.8884270787239075,1.0503698827826184
TOKYOTECH_s01,159,104,162.46666666666667,-1.0021482706069946,1.4490058855905306
TOKYOTECH_s01,159,105,162.5,-0.8926010727882385,1.6117446155711173
TOKYOTECH_s01,159,106,162.53333333333333,-0.9154004454612732,1.542381518130431
TOKYOTECH_s01,159,107,162.56666666666666,-1.0497158765792847,1.2953116137730223
TOKYOTECH_s01,159,108,162.6,-0.8923647999763489,0.9523147634020691
TOKYOTECH_s01,159,109,162.63333333333333,-0.7456849813461304,0.5959715942681781
TOKYOTECH_s01,159,110,162.66666666666666,0.2871377766132355,0.2883305126854781
TOKYOTECH_s01,159,111,162.7,1.786737084388733,0.059268546046438664
TOKYOTECH_s01,159,112,162.73333333333332,2.2906856536865234,-0.0948166456982812
TOKYOTECH_s01,159,113,162.76666666666668,1.8639949560165405,-0.20365872670263563
TOKYOTECH_s01,159,114,162.8,1.2719204425811768,-0.3098479742525269
TOKYOTECH_s01,159,115,162.83333333333334,0.8852763772010803,-0.4527993495481101
TOKYOTECH_s01,159,116,162.86666666666667,0.4227132201194763,-0.6534719302180867
TOKYOTECH_s01,159,117,162.9,0.14967221021652222,-0.9035741042476019
TOKYOTECH_s01,159,118,162.93333333333334,0.34651848673820496,-1.1626679098586015
TOKYOTECH_s01,159,119,162.96666666666667,0.3872344195842743,-1.3652217955008812
TOKYOTECH_s01,159,120,163.0,0.2692211866378784,-1.4371431793736495
TOKYOTECH_s01,159,121,163.03333333333333,0.08395177125930786,-1.3182939527866222
TOKYOTECH_s01,159,122,163.06666666666666,-0.4010957181453705,-0.9848909799149348
TOKYOTECH_s01,159,123,163.1,-0.573055624961853,-0.46418366661020916
TOKYOTECH_s01,159,124,163.13333333333333,-0.7115843892097473,0.16563343407742095
TOKYOTECH_s01,159,125,163.16666666666666,-0.9821840524673462,0.7930875851882815
TOKYOTECH_s01,159,126,163.2,-0.9352465271949768,1.3039671588700863
TOKYOTECH_s01,159,127,163.23333333333332,-0.9363096952438354,1.6134587252862136
TOKYOTECH_s01,159,128,163.26666666666668,-0.883150577545166,1.6874863252102246
TOKYOTECH_s01,159,129,163.3,-0.8596423864364624,1.5460258500431154
TOKYOTECH_s01,159,130,163.33333333333334,-0.817193865776062,1.249716260672615
TOKYOTECH_s01,159,131,163.36666666666667,-0.9316631555557251,0.8775323049491464
TOKYOTECH_s01,159,132,163.4,-0.2872958183288574,0.5040893422826784
TOKYOTECH_s01,159,133,163.43333333333334,1.2719597816467285,0.18246053488544983
TOKYOTECH_s01,159,134,163.46666666666667,2.2676498889923096,-0.06429620210433858
TOKYOTECH_s01,159,135,163.5,2.041192054748535,-0.24214172405077575
TOKYOTECH_s01,159,136,163.53333333333333,1.4874708652496338,-0.3776127884040703
TOKYOTECH_s01,159,137,163.56666666666666,1.0833039283752441,-0.5056329582171756
TOKYOTECH_s01,159,138,163.6,0.621252715587616,-0.6567296536019431
TOKYOTECH_s01,159,139,163.63333333333333,0.21661332249641418,-0.8455704325978382
TOKYOTECH_s01,159,140,163.66666666666666,0.2971789240837097,-1.0626090548964848
TOKYOTECH_s01,159,141,163.7,0.33761924505233765,-1.2712740973549363
TOKYOTECH_s01,159,142,163.73333333333332,0.4070017635822296,-1.4131297327140706
TOKYOTECH_s01,159,143,163.76666666666668,0.10238026827573776,-1.4219166386554234
TOKYOTECH_s01,159,144,163.8,-0.1685737669467926,-1.2443515149396518
TOKYOTECH_s01,159,145,163.83333333333334,-0.448623925447464,-0.861966053974672
TOKYOTECH_s01,159,146,163.86666666666667,-0.6827603578567505,-0.3058055385961673
TOKYOTECH_s01,159,147,163.9,-0.8449941277503967,0.343569775741456
TOKYOTECH_s01,159,148,163.93333333333334,-0.8256205916404724,0.9737028147201174
TOKYOTECH_s01,159,149,163.96666666666667,-0.8350316882133484,1.4709227316435378
TOKYOTECH_s01,159,150,164.0,-0.7969146370887756,1.7526346900732694
TOKYOTECH_s01,159,151,164.03333333333333,-0.7821875810623169,1.7883543364308572
TOKYOTECH_s01,159,152,164.06666666666666,-0.8802366256713867,1.6026034641498277
TOKYOTECH_s01,159,153,164.1,-0.8445215821266174,1.2614201626673025
TOKYOTECH_s01,159,154,164.13333333333333,-0.24122457206249237,0.8496580343525372
TOKYOTECH_s01,159,155,164.16666666666666,1.2520743608474731,0.4471897744036336
TOKYOTECH_s01,159,156,164.2,2.3251798152923584,0.11027198970865022
TOKYOTECH_s01,159,157,164.23333333333332,2.0641489028930664,-0.13843026431719094
TOKYOTECH_s01,159,158,164.26666666666668,1.4649471044540405,-0.31006068154535626
TOKYOTECH_s01,159,159,164.3,1.179777979850769,-0.440749091939524
TOKYOTECH_s01,159,160,164.33333333333334,0.7535598874092102,-0.576028685593087
TOKYOTECH_s01,159,161,164.36666666666667,0.3721923828125,-0.7522345751219773
TOKYOTECH_s01,159,162,164.4,0.267331063747406,-0.9798030276565487
TOKYOTECH_s01,159,163,164.43333333333334,0.34502214193344116,-1.2337909683552328
TOKYOTECH_s01,159,164,164.46666666666667,0.4889455735683441,-1.4558896188913553
TOKYOTECH_s01,159,165,164.5,0.2219686210155487,-1.5692033774409253
TOKYOTECH_s01,159,166,164.53333333333333,-0.08304663747549057,-1.5025233765345012
TOKYOTECH_s01,159,167,164.56666666666666,-0.4205873906612396,-1.2165928187174362
TOKYOTECH_s01,159,168,164.6,-0.7691537737846375,-0.723014659885608
TOKYOTECH_s01,159,169,164.63333333333333,-0.7875034809112549,-0.08792363552802182
TOKYOTECH_s01,159,170,164.66666666666666,-0.9374909996986389,0.5827402293193477
TOKYOTECH_s01,159,171,164.7,-1.0125044584274292,1.1723578800288508
TOKYOTECH_s01,159,172,164.73333333333332,-0.9337895512580872,1.5861976887095728
TOKYOTECH_s01,159,173,164.76666666666668,-0.9611960053443909,1.7746121380737967
TOKYOTECH_s01,159,174,164.8,-1.002345085144043,1.7395534165448834
TOKYOTECH_s01,159,175,164.83333333333334,-1.0839738845825195,1.5254138402677904
TOKYOTECH_s01,159,176,164.86666666666667,-1.0505427122116089,1.2005026763290612
TOKYOTECH_s01,159,177,164.9,-0.3738861382007599,0.8364659148765916
TOKYOTECH_s01,159,178,164.93333333333334,1.1366993188858032,0.49127568533002075
TOKYOTECH_s01,159,179,164.96666666666667,2.3204152584075928,0.19895289873961208
TOKYOTECH_s01,159,180,165.0,2.192990779876709,-0.03290175722879782
TOKYOTECH_s01,159,181,165.03333333333333,1.6688419580459595,-0.21847336274074236
TOKYOTECH_s01,159,182,165.06666666666666,1.2542400360107422,-0.3843586803168516
TOKYOTECH_s01,159,183,165.1,0.741746723651886,-0.5585193378815186
TOKYOTECH_s01,159,184,165.13333333333333,0.3388793170452118,-0.7599042422746016
TOKYOTECH_s01,159,185,165.16666666666666,0.27335578203201294,-0.9901225778417156
TOKYOTECH_s01,159,186,165.2,0.3509680926799774,-1.2285399310961105
TOKYOTECH_s01,159,187,165.23333333333332,0.37420061230659485,-1.4326662921450375
TOKYOTECH_s01,159,188,165.26666666666668,0.28918537497520447,-1.54552148811374
TOKYOTECH_s01,159,189,165.3,-0.13242556154727936,-1.51012264111105
TOKYOTECH_s01,159,190,165.33333333333334,-0.40097758173942566,-1.2884463774563941
TOKYOTECH_s01,159,191,165.36666666666667,-0.6578739881515503,-0.8790772421263895
TOKYOTECH_s01,159,192,165.4,-0.9432794451713562,-0.3259733696639577
TOKYOTECH_s01,159,193,165.43333333333334,-0.9564313888549805,0.2875138070515473
TOKYOTECH_s01,159,194,165.46666666666667,-0.9515092372894287,0.8594888004672179
TOKYOTECH_s01,159,195,165.5,-1.001281976699829,1.298158662582327
TOKYOTECH_s01,159,196,165.53333333333333,-1.0287672281265259,1.5467071747529892
TOKYOTECH_s01,159,197,165.56666666666666,-0.9870668053627014,1.5945046237579097
TOKYOTECH_s01,159,198,165.6,-1.0204192399978638,1.4723269371430132
TOKYOTECH_s01,159,199,165.63333333333333,-1.1672565937042236,1.2368648296724136
TOKYOTECH_s01,159,200,165.66666666666666,-0.9967535734176636,0.9521329830822325
TOKYOTECH_s01,159,201,165.7,-0.42184746265411377,0.6734409041599585
TOKYOTECH_s01,159,202,165.73333333333332,1.2169499397277832,0.436910457567093
TOKYOTECH_s01,159,203,165.76666666666668,2.32888126373291,0.2555757198617587
TOKYOTECH_s01,159,204,165.8,2.039656400680542,0.12175097156169584
TOKYOTECH_s01,159,205,165.83333333333334,1.5273205041885376,0.014183295164329627
TOKYOTECH_s01,159,206,165.86666666666667,1.0947626829147339,-0.0925785283977189
TOKYOTECH_s01,159,207,165.9,0.6173543930053711,-0.21951517772625803
TOKYOTECH_s01,159,208,165.93333333333334,0.27552151679992676,-0.3772039015763442
TOKYOTECH_s01,159,209,165.96666666666667,0.15089289844036102,-0.5631288488004195
TOKYOTECH_s01,159,210,166.0,0.3631356358528137,-0.7616070691296467
TOKYOTECH_s01,159,211,166.03333333333333,0.3131660521030426,-0.9456882959694238
TOKYOTECH_s01,159,212,166.06666666666666,-0.06166485697031021,-1.0812839964135283
TOKYOTECH_s01,159,213,166.1,-0.10242018848657608,-1.1342049044797284
TOKYOTECH_s01,159,214,166.13333333333333,-0.4765816926956177,-1.0796809443831052
TOKYOTECH_s01,159,215,166.16666666666666,-0.7591125965118408,-0.9119584692014562
TOKYOTECH_s01,159,216,166.2,-0.7848652601242065,-0.6502064700749717
TOKYOTECH_s01,159,217,166.23333333333332,-0.9808058142662048,-0.33730638992609013
TOKYOTECH_s01,159,218,166.26666666666668,-1.008960485458374,-0.030359258530915763
TOKYOTECH_s01,159,219,166.3,-1.0530234575271606,0.2149608819472101
TOKYOTECH_s01,159,220,166.33333333333334,-1.12886381149292,0.3611936536717422
TOKYOTECH_s01,159,221,166.36666666666667,-0.9541869163513184,0.40083271723029895
TOKYOTECH_s01,159,222,166.4,-1.006716012954712,0.3581299591262715
TOKYOTECH_s01,159,223,166.43333333333334,-1.1504031419754028,0.2797414610127832
TOKYOTECH_s01,159,224,166.46666666666667,-1.1930879354476929,0.2176707091489861
TOKYOTECH_s01,159,225,166.5,-1.126501202583313,0.2110200980347081
TOKYOTECH_s01,159,226,166.53333333333333,0.13163748383522034,0.2728321425099966
TOKYOTECH_s01,159,227,166.56666666666666,2.0341434478759766,0.3860007402632847
TOKYOTECH_s01,159,228,166.6,2.395822525024414,0.5095924514757498
TOKYOTECH_s01,159,229,166.63333333333333,1.7913835048675537,0.5937995140421868
TOKYOTECH_s01,159,230,166.66666666666666,1.3099586963653564,0.5981952847726212
TOKYOTECH_s01,159,231,166.7,0.8818506002426147,0.5062207115467171
TOKYOTECH_s01,159,232,166.73333333333332,0.4570107161998749,0.3306820209985293
TOKYOTECH_s01,159,233,166.76666666666668,0.23204916715621948,0.10918876715752757
TOKYOTECH_s01,159,234,166.8,0.14482881128787994,-0.10769092840505445
TOKYOTECH_s01,159,235,166.83333333333334,0.16959702968597412,-0.27092914410791247
TOKYOTECH_s01,159,236,166.86666666666667,0.3352566063404083,-0.3459440027162504
TOKYOTECH_s01,159,237,166.9,0.13549643754959106,-0.32106470719796876
TOKYOTECH_s01,159,238,166.93333333333334,-0.29406869411468506,-0.20993154455025032
TOKYOTECH_s01,159,239,166.96666666666667,-0.5604549646377563,-0.047425980005846
TOKYOTECH_s01,160,0,160.0,0.2066115289926529,0.07659504809232809
TOKYOTECH_s01,160,1,160.03333333333333,-0.0012209608685225248,0.255014758148314
TOKYOTECH_s01,160,2,160.06666666666666,-0.4566568434238434,0.42080357069770613
TOKYOTECH_s01,160,3,160.1,-0.8923647999763489,0.5566578252519647
TOKYOTECH_s01,160,4,160.13333333333333,-0.9710797071456909,0.6404706281690675
TOKYOTECH_s01,160,5,160.16666666666666,-0.9644643068313599,0.6526290372085884
TOKYOTECH_s01,160,6,160.2,-0.8116810917854309,0.5861640268351513
TOKYOTECH_s01,160,7,160.23333333333332,-0.976080596446991,0.4528355169937945
TOKYOTECH_s01,160,8,160.26666666666668,-1.06227707862854,0.28105488097936265
TOKYOTECH_s01,160,9,160.3,-1.056449294090271,0.10687266540754096
TOKYOTECH_s01,160,10,160.33333333333334,-0.9920282959938049,-0.037619562852986926
TOKYOTECH_s01,160,11,160.36666666666667,-0.8851194381713867,-0.133935315176598
TOKYOTECH_s01,160,12,160.4,-0.1371508091688156,-0.18171367170318345
TOKYOTECH_s01,160,13,160.43333333333334,1.474082589149475,-0.19704098670647613
TOKYOTECH_s01,160,14,160.46666666666667,2.2162628173828125,-0.20575139303847667
TOKYOTECH_s01,160,15,160.5,2.023472309112549,-0.23438680731869224
TOKYOTECH_s01,160,16,160.53333333333333,1.490739107131958,-0.3016709861775446
TOKYOTECH_s01,160,17,160.56666666666666,1.085863471031189,-0.4124753380055358
TOKYOTECH_s01,160,18,160.6,0.4987504780292511,-0.555085225712222
TOKYOTECH_s01,160,19,160.63333333333333,0.09651307761669159,-0.7018411794780447
TOKYOTECH_s01,160,20,160.66666666666666,0.14242681860923767,-0.8131788688926241
TOKYOTECH_s01,160,21,160.7,0.2829244136810303,-0.8452638999440335
TOKYOTECH_s01,160,22,160.73333333333332,0.16652561724185944,-0.7610422535220235
TOKYOTECH_s01,160,23,160.76666666666668,0.09946636110544205,-0.5430662132421072
TOKYOTECH_s01,160,24,160.8,-0.14719198644161224,-0.20424232590022745
TOKYOTECH_s01,160,25,160.83333333333334,-0.5649833679199219,0.20882637493337067
TOKYOTECH_s01,160,26,160.86666666666667,-0.7489139437675476,0.6241568504328938
TOKYOTECH_s01,160,27,160.9,-0.8826780319213867,0.9639652625300379
TOKYOTECH_s01,160,28,160.93333333333334,-1.1111047267913818,1.168488418789312
TOKYOTECH_s01,160,29,160.96666666666667,-0.9776950478553772,1.2134836218279652
TOKYOTECH_s01,160,30,161.0,-0.9705677628517151,1.1139415283123821
TOKYOTECH_s01,160,31,161.03333333333333,-1.0455812215805054,0.913837857511209
TOKYOTECH_s01,160,32,161.06666666666666,-0.9604478478431702,0.6681445009796597
TOKYOTECH_s01,160,33,161.1,-0.9339470267295837,0.4253899091701209
TOKYOTECH_s01,160,34,161.13333333333333,-0.8874426484107971,0.21645795564798312
TOKYOTECH_s01,160,35,161.16666666666666,0.2631177306175232,0.051046637421553666
TOKYOTECH_s01,160,36,161.2,1.8916376829147339,-0.07953345397396352
TOKYOTECH_s01,160,37,161.23333333333332,2.39133358001709,-0.195429055359747
TOKYOTECH_s01,160,38,161.26666666666668,1.9639735221862793,-0.31950432843910537
TOKYOTECH_s01,160,39,161.3,1.4484087228775024,-0.4689257582031083
TOKYOTECH_s01,160,40,161.33333333333334,0.9287881255149841,-0.6487247151338633
TOKYOTECH_s01,160,41,161.36666666666667,0.46051526069641113,-0.8481806372784739
TOKYOTECH_s01,160,42,161.4,0.1064361110329628,-1.0400694000875161
TOKYOTECH_s01,160,43,161.43333333333334,0.09993888437747955,-1.1830056843447752
TOKYOTECH_s01,160,44,161.46666666666667,0.271820068359375,-1.2282267175474129
TOKYOTECH_s01,160,45,161.5,0.36195430159568787,-1.1319393786350618
TOKYOTECH_s01,160,46,161.53333333333333,0.024295419454574585,-0.871308472216918
TOKYOTECH_s01,160,47,161.56666666666666,-0.3718385100364685,-0.45838005266631365
TOKYOTECH_s01,160,48,161.6,-0.6185362339019775,0.055086550354131264
TOKYOTECH_s01,160,49,161.63333333333333,-0.6671276092529297,0.5863940102283637
TOKYOTECH_s01,160,50,161.66666666666666,-0.9534387588500977,1.043210150332527
TOKYOTECH_s01,160,51,161.7,-1.0003368854522705,1.3500805486970913
TOKYOTECH_s01,160,52,161.73333333333332,-0.8695654273033142,1.4692957232868482
TOKYOTECH_s01,160,53,161.76666666666668,-0.9240633845329285,1.4074625828556637
TOKYOTECH_s01,160,54,161.8,-0.9015790820121765,1.2067266750263195
TOKYOTECH_s01,160,55,161.83333333333334,-0.775847852230072,0.9269163001898533
TOKYOTECH_s01,160,56,161.86666666666667,-0.9114627242088318,0.6267914413958033
TOKYOTECH_s01,160,57,161.9,-0.2418152242898941,0.35004750826678005
TOKYOTECH_s01,160,58,161.93333333333334,1.394225835800171,0.11833733382381985
TOKYOTECH_s01,160,59,161.96666666666667,2.342820882797241,-0.06882910949896176
TOKYOTECH_s01,160,60,162.0,1.9838982820510864,-0.22866087995413606
TOKYOTECH_s01,160,61,162.03333333333333,1.5981205701828003,-0.38603112404072404
TOKYOTECH_s01,160,62,162.06666666666666,1.2761731147766113,-0.5630611275310725
TOKYOTECH_s01,160,63,162.1,0.8214854001998901,-0.7696803050090287
TOKYOTECH_s01,160,64,162.13333333333333,0.1997992843389511,-0.9970639000876282
TOKYOTECH_s01,160,65,162.16666666666666,0.18298526108264923,-1.2153601788959587
TOKYOTECH_s01,160,66,162.2,0.39432230591773987,-1.3768942564293498
TOKYOTECH_s01,160,67,162.23333333333332,0.31481990218162537,-1.4255872723934553
TOKYOTECH_s01,160,68,162.26666666666668,-0.06068042665719986,-1.3120026334051182
TOKYOTECH_s01,160,69,162.3,-0.16502982378005981,-1.0111646900908597
TOKYOTECH_s01,160,70,162.33333333333334,-0.3627817630767822,-0.5377576043966883
TOKYOTECH_s01,160,71,162.36666666666667,-0.7080404758453369,0.048259883106282465
TOKYOTECH_s01,160,72,162.4,-0.8546808958053589,0.6514015718777775
TOKYOTECH_s01,160,73,162.43333333333334,-0.8884270787239075,1.1656806682385907
TOKYOTECH_s01,160,74,162.46666666666667,-1.0021482706069946,1.5058579280507458
TOKYOTECH_s01,160,75,162.5,-0.8926010727882385,1.6310489568383404
TOKYOTECH_s01,160,76,162.53333333333333,-0.9154004454612732,1.5512915729381027
TOKYOTECH_s01,160,77,162.56666666666666,-1.0497158765792847,1.3170641477350784
TOKYOTECH_s01,160,78,162.6,-0.8923647999763489,0.9987512464759236
TOKYOTECH_s01,160,79,162.63333333333333,-0.7456849813461304,0.6648738024130328
TOKYOTECH_s01,160,80,162.66666666666666,0.2871377766132355,0.3655805387308391
TOKYOTECH_s01,160,81,162.7,1.786737084388733,0.12418178204628907
TOKYOTECH_s01,160,82,162.73333333333332,2.2906856536865234,-0.06319530233444123
TOKYOTECH_s01,160,83,162.76666666666668,1.8639949560165405,-0.22105417574338138
TOKYOTECH_s01,160,84,162.8,1.2719204425811768,-0.38297892969410197
TOKYOTECH_s01,160,85,162.83333333333334,0.8852763772010803,-0.5776255151347747
TOKYOTECH_s01,160,86,162.86666666666667,0.4227132201194763,-0.8155184061417327
TOKYOTECH_s01,160,87,162.9,0.14967221021652222,-1.0803603573974667
TOKYOTECH_s01,160,88,162.93333333333334,0.34651848673820496,-1.3281324150701945
TOKYOTECH_s01,160,89,162.96666666666667,0.3872344195842743,-1.4955758774827663
TOKYOTECH_s01,160,90,163.0,0.2692211866378784,-1.5168907226334536
TOKYOTECH_s01,160,91,163.03333333333333,0.08395177125930786,-1.3446031398751843
TOKYOTECH_s01,160,92,163.06666666666666,-0.4010957181453705,-0.9685585971635335
TOKYOTECH_s01,160,93,163.1,-0.573055624961853,-0.42623149867258103
TOKYOTECH_s01,160,94,163.13333333333333,-0.7115843892097473,0.20134770850312816
TOKYOTECH_s01,160,95,163.16666666666666,-0.9821840524673462,0.8091706279502321
TOKYOTECH_s01,160,96,163.2,-0.9352465271949768,1.2970147804608232
TOKYOTECH_s01,160,97,163.23333333333332,-0.9363096952438354,1.595921050116247
TOKYOTECH_s01,160,98,163.26666666666668,-0.883150577545166,1.6824209351124322
TOKYOTECH_s01,160,99,163.3,-0.8596423864364624,1.5771186503655135
TOKYOTECH_s01,160,100,163.33333333333334,-0.817193865776062,1.331209721891014
TOKYOTECH_s01,160,101,163.36666666666667,-0.9316631555557251,1.0081655535213108
TOKYOTECH_s01,160,102,163.4,-0.2872958183288574,0.6670418034900614
TOKYOTECH_s01,160,103,163.43333333333334,1.2719597816467285,0.3509174286968251
TOKYOTECH_s01,160,104,163.46666666666667,2.2676498889923096,0.0815771575448399
TOKYOTECH_s01,160,105,163.5,2.041192054748535,-0.13989596655585085
TOKYOTECH_s01,160,106,163.53333333333333,1.4874708652496338,-0.32802036111803795
TOKYOTECH_s01,160,107,163.56666666666666,1.0833039283752441,-0.505131568319627
TOKYOTECH_s01,160,108,163.6,0.621252715587616,-0.6923378321711059
TOKYOTECH_s01,160,109,163.63333333333333,0.21661332249641418,-0.900304406072161
TOKYOTECH_s01,160,110,163.66666666666666,0.2971789240837097,-1.1214594650892191
TOKYOTECH_s01,160,111,163.7,0.33761924505233765,-1.3261145632247637
TOKYOTECH_s01,160,112,163.73333333333332,0.4070017635822296,-1.4652148275632653
TOKYOTECH_s01,160,113,163.76666666666668,0.10238026827573776,-1.4811646034530528
TOKYOTECH_s01,160,114,163.8,-0.1685737669467926,-1.3253572546731307
TOKYOTECH_s01,160,115,163.83333333333334,-0.448623925447464,-0.9776376522210336
TOKYOTECH_s01,160,116,163.86666666666667,-0.6827603578567505,-0.4605554418169779
TOKYOTECH_s01,160,117,163.9,-0.8449941277503967,0.15847651805784266
TOKYOTECH_s01,160,118,163.93333333333334,-0.8256205916404724,0.7803690257770518
TOKYOTECH_s01,160,119,163.96666666666667,-0.8350316882133484,1.2999050295934145
TOKYOTECH_s01,160,120,164.0,-0.7969146370887756,1.6344857554985683
TOKYOTECH_s01,160,121,164.03333333333333,-0.7821875810623169,1.744939892378722
TOKYOTECH_s01,160,122,164.06666666666666,-0.8802366256713867,1.6414359768062685
TOKYOTECH_s01,160,123,164.1,-0.8445215821266174,1.3745478073142319
TOKYOTECH_s01,160,124,164.13333333333333,-0.24122457206249237,1.0167339632856138
TOKYOTECH_s01,160,125,164.16666666666666,1.2520743608474731,0.6412459612653987
TOKYOTECH_s01,160,126,164.2,2.3251798152923584,0.30444109432523103
TOKYOTECH_s01,160,127,164.23333333333332,2.0641489028930664,0.035135784909875865
TOKYOTECH_s01,160,128,164.26666666666668,1.4649471044540405,-0.16764639861209635
TOKYOTECH_s01,160,129,164.3,1.179777979850769,-0.3288911956472334
TOKYOTECH_s01,160,130,164.33333333333334,0.7535598874092102,-0.48541765557438343
TOKYOTECH_s01,160,131,164.36666666666667,0.3721923828125,-0.670099675555474
TOKYOTECH_s01,160,132,164.4,0.267331063747406,-0.8964047861534115
TOKYOTECH_s01,160,133,164.43333333333334,0.34502214193344116,-1.1480178783850046
TOKYOTECH_s01,160,134,164.46666666666667,0.4889455735683441,-1.3781027209741796
TOKYOTECH_s01,160,135,164.5,0.2219686210155487,-1.5203701792409803
TOKYOTECH_s01,160,136,164.53333333333333,-0.08304663747549057,-1.5095969665221336
TOKYOTECH_s01,160,137,164.56666666666666,-0.4205873906612396,-1.3048380939641335
TOKYOTECH_s01,160,138,164.6,-0.7691537737846375,-0.9068376708435592
TOKYOTECH_s01,160,139,164.63333333333333,-0.7875034809112549,-0.3627408359743964
TOKYOTECH_s01,160,140,164.66666666666666,-0.9374909996986389,0.24447838445401063
TOKYOTECH_s01,160,141,164.7,-1.0125044584274292,0.8184846081952305
TOKYOTECH_s01,160,142,164.73333333333332,-0.9337895512580872,1.2751529230442316
TOKYOTECH_s01,160,143,164.76666666666668,-0.9611960053443909,1.5613468584119419
TOKYOTECH_s01,160,144,164.8,-1.002345085144043,1.6616006064588595
TOKYOTECH_s01,160,145,164.83333333333334,-1.0839738845825195,1.59373082846464
TOKYOTECH_s01,160,146,164.86666666666667,-1.0505427122116089,1.3978348938284253
TOKYOTECH_s01,160,147,164.9,-0.3738861382007599,1.123253925830306
TOKYOTECH_s01,160,148,164.93333333333334,1.1366993188858032,0.8167684282602372
TOKYOTECH_s01,160,149,164.96666666666667,2.3204152584075928,0.5139465516620665
TOKYOTECH_s01,160,150,165.0,2.192990779876709,0.23466861751026408
TOKYOTECH_s01,160,151,165.03333333333333,1.6688419580459595,-0.01693398621584224
TOKYOTECH_s01,160,152,165.06666666666666,1.2542400360107422,-0.2488652512151682
TOKYOTECH_s01,160,153,165.1,0.741746723651886,-0.4753105145771808
TOKYOTECH_s01,160,154,165.13333333333333,0.3388793170452118,-0.709481269859264
TOKYOTECH_s01,160,155,165.16666666666666,0.27335578203201294,-0.9561786362457523
TOKYOTECH_s01,160,156,165.2,0.3509680926799774,-1.2054864244301406
TOKYOTECH_s01,160,157,165.23333333333332,0.37420061230659485,-1.4297372149492995
TOKYOTECH_s01,160,158,165.26666666666668,0.28918537497520447,-1.585921813894128
TOKYOTECH_s01,160,159,165.3,-0.13242556154727936,-1.6245728043915404
TOKYOTECH_s01,160,160,165.33333333333334,-0.40097758173942566,-1.5039646951836243
TOKYOTECH_s01,160,161,165.36666666666667,-0.6578739881515503,-1.2058495955637167
TOKYOTECH_s01,160,162,165.4,-0.9432794451713562,-0.7470026290937694
TOKYOTECH_s01,160,163,165.43333333333334,-0.9564313888549805,-0.18097821753841253
TOKYOTECH_s01,160,164,165.46666666666667,-0.9515092372894287,0.41250645934524066
TOKYOTECH_s01,160,165,165.5,-1.001281976699829,0.9477917269120439
TOKYOTECH_s01,160,166,165.53333333333333,-1.0287672281265259,1.3551064857090902
TOKYOTECH_s01,160,167,165.56666666666666,-0.9870668053627014,1.5950899193079027
TOKYOTECH_s01,160,168,165.6,-1.0204192399978638,1.6619854351800416
TOKYOTECH_s01,160,169,165.63333333333333,-1.1672565937042236,1.577695372750159
TOKYOTECH_s01,160,170,165.66666666666666,-0.9967535734176636,1.3814136524071696
TOKYOTECH_s01,160,171,165.7,-0.42184746265411377,1.118645470833731
TOKYOTECH_s01,160,172,165.73333333333332,1.2169499397277832,0.8317374204090918
TOKYOTECH_s01,160,173,165.76666666666668,2.32888126373291,0.5529406020287566
TOKYOTECH_s01,160,174,165.8,2.039656400680542,0.3006073914463796
TOKYOTECH_s01,160,175,165.83333333333334,1.5273205041885376,0.07885701112716356
TOKYOTECH_s01,160,176,165.86666666666667,1.0947626829147339,-0.11954749175006603
TOKYOTECH_s01,160,177,165.9,0.6173543930053711,-0.3081085498653871
TOKYOTECH_s01,160,178,165.93333333333334,0.27552151679992676,-0.500691426049736
TOKYOTECH_s01,160,179,165.96666666666667,0.15089289844036102,-0.7059955644315942
TOKYOTECH_s01,160,180,166.0,0.3631356358528137,-0.9229508397682233
TOKYOTECH_s01,160,181,166.03333333333333,0.3131660521030426,-1.137319051978379
TOKYOTECH_s01,160,182,166.06666666666666,-0.06166485697031021,-1.3203618594364808
TOKYOTECH_s01,160,183,166.1,-0.10242018848657608,-1.431302677911637
TOKYOTECH_s01,160,184,166.13333333333333,-0.4765816926956177,-1.4253168182270444
TOKYOTECH_s01,160,185,166.16666666666666,-0.7591125965118408,-1.2669625640575304
TOKYOTECH_s01,160,186,166.2,-0.7848652601242065,-0.9455849307218214
TOKYOTECH_s01,160,187,166.23333333333332,-0.9808058142662048,-0.486389744711904
TOKYOTECH_s01,160,188,166.26666666666668,-1.008960485458374,0.049088779571141286
TOKYOTECH_s01,160,189,166.3,-1.0530234575271606,0.5758141647934465
TOKYOTECH_s01,160,190,166.33333333333334,-1.12886381149292,1.0081528912896145
TOKYOTECH_s01,160,191,166.36666666666667,-0.9541869163513184,1.2843456042099919
TOKYOTECH_s01,160,192,166.4,-1.006716012954712,1.382443572269399
TOKYOTECH_s01,160,193,166.43333333333334,-1.1504031419754028,1.3213798419150264
TOKYOTECH_s01,160,194,166.46666666666667,-1.1930879354476929,1.1484287537165028
TOKYOTECH_s01,160,195,166.5,-1.126501202583313,0.9203315703476614
TOKYOTECH_s01,160,196,166.53333333333333,0.13163748383522034,0.6858427320298573
TOKYOTECH_s01,160,197,166.56666666666666,2.0341434478759766,0.4744282679194786
TOKYOTECH_s01,160,198,166.6,2.395822525024414,0.29299298434778004
TOKYOTECH_s01,160,199,166.63333333333333,1.7913835048675537,0.1302390216285893
TOKYOTECH_s01,160,200,166.66666666666666,1.3099586963653564,-0.03406153122633307
TOKYOTECH_s01,160,201,166.7,0.8818506002426147,-0.21891147104322217
TOKYOTECH_s01,160,202,166.73333333333332,0.4570107161998749,-0.43434111331115544
TOKYOTECH_s01,160,203,166.76666666666668,0.23204916715621948,-0.6773098965112273
TOKYOTECH_s01,160,204,166.8,0.14482881128787994,-0.9307112375135522
TOKYOTECH_s01,160,205,166.83333333333334,0.16959702968597412,-1.1645445921510782
TOKYOTECH_s01,160,206,166.86666666666667,0.3352566063404083,-1.3392827309265625
TOKYOTECH_s01,160,207,166.9,0.13549643754959106,-1.412300499438705
TOKYOTECH_s01,160,208,166.93333333333334,-0.29406869411468506,-1.3476111383969978
TOKYOTECH_s01,160,209,166.96666666666667,-0.5604549646377563,-1.1274123050220235
TOKYOTECH_s01,160,210,167.0,-0.8169969916343689,-0.7621417006617066
TOKYOTECH_s01,160,211,167.03333333333333,-1.0073853731155396,-0.2944685880022344
TOKYOTECH_s01,160,212,167.06666666666666,-1.0868878364562988,0.2071097666766059
TOKYOTECH_s01,160,213,167.1,-1.0097874402999878,0.6656546047167535
TOKYOTECH_s01,160,214,167.13333333333333,-1.1109079122543335,1.0180357940690885
TOKYOTECH_s01,160,215,167.16666666666666,-1.1534745693206787,1.2318712981913738
TOKYOTECH_s01,160,216,167.2,-1.02325439453125,1.309931353219815
TOKYOTECH_s01,160,217,167.23333333333332,-1.17765212059021,1.2818466689478691
TOKYOTECH_s01,160,218,167.26666666666668,-1.183046817779541,1.1886502845317228
TOKYOTECH_s01,160,219,167.3,-1.1775339841842651,1.0674763445982935
TOKYOTECH_s01,160,220,167.33333333333334,-0.5582892298698425,0.9418990588487219
TOKYOTECH_s01,160,221,167.36666666666667,1.1138999462127686,0.8197414554696623
TOKYOTECH_s01,160,222,167.4,2.3706605434417725,0.6968341216121618
TOKYOTECH_s01,160,223,167.43333333333334,2.202756404876709,0.5633718195700675
TOKYOTECH_s01,160,224,167.46666666666667,1.6542723178863525,0.4095231303707788
TOKYOTECH_s01,160,225,167.5,1.0701520442962646,0.22855204561581569
TOKYOTECH_s01,160,226,167.53333333333333,0.5167458057403564,0.017967187222296583
TOKYOTECH_s01,160,227,167.56666666666666,0.11253956705331802,-0.219463392386494
TOKYOTECH_s01,160,228,167.6,0.0448896586894989,-0.4736395481494459
TOKYOTECH_s01,160,229,167.63333333333333,0.04662225395441055,-0.7248975815871294
TOKYOTECH_s01,160,230,167.66666666666666,0.219999760389328,-0.944376840634979
TOKYOTECH_s01,160,231,167.7,0.08091973513364792,-1.0993879821720418
TOKYOTECH_s01,160,232,167.73333333333332,-0.14545938372612,-1.1631951314760025
TOKYOTECH_s01,160,233,167.76666666666668,-0.5098947286605835,-1.1253846860258654
TOKYOTECH_s01,160,234,167.8,-0.7582857012748718,-0.9980218699788248
TOKYOTECH_s01,160,235,167.83333333333334,-0.9595422148704529,-0.8139980582350378
TOKYOTECH_s01,160,236,167.86666666666667,-1.1636338233947754,-0.6164541040769064
TOKYOTECH_s01,160,237,167.9,-1.143039584159851,-0.44222335982523886
TOKYOTECH_s01,160,238,167.93333333333334,-1.1790302991867065,-0.30687593314781736
TOKYOTECH_s01,160,239,167.96666666666667,-1.1612318754196167,-0.19991002117170592
TOKYOTECH_s01,161,0,161.0,-0.9705677628517151,-0.1456417295734017
TOKYOTECH_s01,161,1,161.03333333333333,-1.0455812215805054,-0.16906333332022982
TOKYOTECH_s01,161,2,161.06666666666666,-0.9604478478431702,-0.1770793480231195
TOKYOTECH_s01,161,3,161.1,-0.9339470267295837,-0.16483348785116805
TOKYOTECH_s01,161,4,161.13333333333333,-0.8874426484107971,-0.13843272079949556
TOKYOTECH_s01,161,5,161.16666666666666,0.2631177306175232,-0.11485141968530183
TOKYOTECH_s01,161,6,161.2,1.8916376829147339,-0.11719835586692082
TOKYOTECH_s01,161,7,161.23333333333332,2.39133358001709,-0.16692228211706706
TOKYOTECH_s01,161,8,161.26666666666668,1.9639735221862793,-0.27564153300077043
TOKYOTECH_s01,161,9,161.3,1.4484087228775024,-0.4393042824595752
TOKYOTECH_s01,161,10,161.33333333333334,0.9287881255149841,-0.6365283424005037
TOKYOTECH_s01,161,11,161.36666666666667,0.46051526069641113,-0.8314910051188683
TOKYOTECH_s01,161,12,161.4,0.1064361110329628,-0.9802230964262296
TOKYOTECH_s01,161,13,161.43333333333334,0.09993888437747955,-1.0386908662154895
TOKYOTECH_s01,161,14,161.46666666666667,0.271820068359375,-0.9718486810479471
TOKYOTECH_s01,161,15,161.5,0.36195430159568787,-0.7632602015085406
TOKYOTECH_s01,161,16,161.53333333333333,0.024295419454574585,-0.4235884099263288
TOKYOTECH_s01,161,17,161.56666666666666,-0.3718385100364685,0.005689030539536693
TOKYOTECH_s01,161,18,161.6,-0.6185362339019775,0.45738044885902535
TOKYOTECH_s01,161,19,161.63333333333333,-0.6671276092529297,0.853876615018357
TOKYOTECH_s01,161,20,161.66666666666666,-0.9534387588500977,1.128840901207937
TOKYOTECH_s01,161,21,161.7,-1.0003368854522705,1.2469992658892746
TOKYOTECH_s01,161,22,161.73333333333332,-0.8695654273033142,1.213323704927484
TOKYOTECH_s01,161,23,161.76666666666668,-0.9240633845329285,1.0674601032397566
TOKYOTECH_s01,161,24,161.8,-0.9015790820121765,0.8665427559552936
TOKYOTECH_s01,161,25,161.83333333333334,-0.775847852230072,0.6646774036448858
TOKYOTECH_s01,161,26,161.86666666666667,-0.9114627242088318,0.4970686864421691
TOKYOTECH_s01,161,27,161.9,-0.2418152242898941,0.37294930823596506
TOKYOTECH_s01,161,28,161.93333333333334,1.394225835800171,0.2776999641044262
TOKYOTECH_s01,161,29,161.96666666666667,2.342820882797241,0.18196484651211753
TOKYOTECH_s01,161,30,162.0,1.9838982820510864,0.05401749008886455
TOKYOTECH_s01,161,31,162.03333333333333,1.5981205701828003,-0.12860936748884985
TOKYOTECH_s01,161,32,162.06666666666666,1.2761731147766113,-0.3710773047514381
TOKYOTECH_s01,161,33,162.1,0.8214854001998901,-0.6579135633072427
TOKYOTECH_s01,161,34,162.13333333333333,0.1997992843389511,-0.9542089258682764
TOKYOTECH_s01,161,35,162.16666666666666,0.18298526108264923,-1.2105991439242567
TOKYOTECH_s01,161,36,162.2,0.39432230591773987,-1.3713629790733506
TOKYOTECH_s01,161,37,162.23333333333332,0.31481990218162537,-1.3852385528689832
TOKYOTECH_s01,161,38,162.26666666666668,-0.06068042665719986,-1.2183802878753167
TOKYOTECH_s01,161,39,162.3,-0.16502982378005981,-0.8675728125324489
TOKYOTECH_s01,161,40,162.33333333333334,-0.3627817630767822,-0.36955305004661093
TOKYOTECH_s01,161,41,162.36666666666667,-0.7080404758453369,0.19937422374461425
TOKYOTECH_s01,161,42,162.4,-0.8546808958053589,0.738013689755679
TOKYOTECH_s01,161,43,162.43333333333334,-0.8884270787239075,1.1478092494683867
TOKYOTECH_s01,161,44,162.46666666666667,-1.0021482706069946,1.362947777455113
TOKYOTECH_s01,161,45,162.5,-0.8926010727882385,1.3689376091466054
TOKYOTECH_s01,161,46,162.53333333333333,-0.9154004454612732,1.201742104193882
TOKYOTECH_s01,161,47,162.56666666666666,-1.0497158765792847,0.9301198450597731
TOKYOTECH_s01,161,48,162.6,-0.8923647999763489,0.6304813325261418
TOKYOTECH_s01,161,49,162.63333333333333,-0.7456849813461304,0.36415140194209544
TOKYOTECH_s01,161,50,162.66666666666666,0.2871377766132355,0.16350739974236744
TOKYOTECH_s01,161,51,162.7,1.786737084388733,0.028899230940726193
TOKYOTECH_s01,161,52,162.73333333333332,2.2906856536865234,-0.0652060579203283
TOKYOTECH_s01,161,53,162.76666666666668,1.8639949560165405,-0.15804683214868814
TOKYOTECH_s01,161,54,162.8,1.2719204425811768,-0.28781534945774667
TOKYOTECH_s01,161,55,162.83333333333334,0.8852763772010803,-0.47758008274660685
TOKYOTECH_s01,161,56,162.86666666666667,0.4227132201194763,-0.7250020143188366
TOKYOTECH_s01,161,57,162.9,0.14967221021652222,-0.9986385841882309
TOKYOTECH_s01,161,58,162.93333333333334,0.34651848673820496,-1.242533004872836
TOKYOTECH_s01,161,59,162.96666666666667,0.3872344195842743,-1.3888057132441736
TOKYOTECH_s01,161,60,163.0,0.2692211866378784,-1.3755895981761128
TOKYOTECH_s01,161,61,163.03333333333333,0.08395177125930786,-1.1659069528001345
TOKYOTECH_s01,161,62,163.06666666666666,-0.4010957181453705,-0.7625786796505131
TOKYOTECH_s01,161,63,163.1,-0.573055624961853,-0.21435658725099416
TOKYOTECH_s01,161,64,163.13333333333333,-0.7115843892097473,0.39084911901018776
TOKYOTECH_s01,161,65,163.16666666666666,-0.9821840524673462,0.9465101264098363
TOKYOTECH_s01,161,66,163.2,-0.9352465271949768,1.3563429284891764
TOKYOTECH_s01,161,67,163.23333333333332,-0.9363096952438354,1.560821040304106
TOKYOTECH_s01,161,68,163.26666666666668,-0.883150577545166,1.5509194087487685
TOKYOTECH_s01,161,69,163.3,-0.8596423864364624,1.3645095987405405
TOKYOTECH_s01,161,70,163.33333333333334,-0.817193865776062,1.0688083387596325
TOKYOTECH_s01,161,71,163.36666666666667,-0.9316631555557251,0.7374832837101645
TOKYOTECH_s01,161,72,163.4,-0.2872958183288574,0.4307099590427578
TOKYOTECH_s01,161,73,163.43333333333334,1.2719597816467285,0.18296346931978338
TOKYOTECH_s01,161,74,163.46666666666667,2.2676498889923096,7.348373258366306e-05
TOKYOTECH_s01,161,75,163.5,2.041192054748535,-0.13545802351525923
TOKYOTECH_s01,161,76,163.53333333333333,1.4874708652496338,-0.2540894042530587
TOKYOTECH_s01,161,77,163.56666666666666,1.0833039283752441,-0.3877148416162638
TOKYOTECH_s01,161,78,163.6,0.621252715587616,-0.5593760268467344
TOKYOTECH_s01,161,79,163.63333333333333,0.21661332249641418,-0.7749190977285119
TOKYOTECH_s01,161,80,163.66666666666666,0.2971789240837097,-1.0173883219385949
TOKYOTECH_s01,161,81,163.7,0.33761924505233765,-1.2460803824333946
TOKYOTECH_s01,161,82,163.73333333333332,0.4070017635822296,-1.4025023268648982
TOKYOTECH_s01,161,83,163.76666666666668,0.10238026827573776,-1.423999740495583
TOKYOTECH_s01,161,84,163.8,-0.1685737669467926,-1.2627985434918243
TOKYOTECH_s01,161,85,163.83333333333334,-0.448623925447464,-0.9050070243990602
TOKYOTECH_s01,161,86,163.86666666666667,-0.6827603578567505,-0.3824806947989581
TOKYOTECH_s01,161,87,163.9,-0.8449941277503967,0.2285125131873713
TOKYOTECH_s01,161,88,163.93333333333334,-0.8256205916404724,0.8239000714053134
TOKYOTECH_s01,161,89,163.96666666666667,-0.8350316882133484,1.299502195670672
TOKYOTECH_s01,161,90,164.0,-0.7969146370887756,1.5796641655511985
TOKYOTECH_s01,161,91,164.03333333333333,-0.7821875810623169,1.63556199810972
TOKYOTECH_s01,161,92,164.06666666666666,-0.8802366256713867,1.4875428897527845
TOKYOTECH_s01,161,93,164.1,-0.8445215821266174,1.1935188709243902
TOKYOTECH_s01,161,94,164.13333333333333,-0.24122457206249237,0.8295961257981319
TOKYOTECH_s01,161,95,164.16666666666666,1.2520743608474731,0.4693690427591218
TOKYOTECH_s01,161,96,164.2,2.3251798152923584,0.1668517528466539
TOKYOTECH_s01,161,97,164.23333333333332,2.0641489028930664,-0.05371605786539715
TOKYOTECH_s01,161,98,164.26666666666668,1.4649471044540405,-0.19954592214103295
TOKYOTECH_s01,161,99,164.3,1.179777979850769,-0.30247120723939547
TOKYOTECH_s01,161,100,164.33333333333334,0.7535598874092102,-0.40550036906748727
TOKYOTECH_s01,161,101,164.36666666666667,0.3721923828125,-0.5462037133640109
TOKYOTECH_s01,161,102,164.4,0.267331063747406,-0.7411314955279712
TOKYOTECH_s01,161,103,164.43333333333334,0.34502214193344116,-0.9756937699546635
TOKYOTECH_s01,161,104,164.46666666666667,0.4889455735683441,-1.2036215766232374
TOKYOTECH_s01,161,105,164.5,0.2219686210155487,-1.3580359092177994
TOKYOTECH_s01,161,106,164.53333333333333,-0.08304663747549057,-1.3718599974624999
TOKYOTECH_s01,161,107,164.56666666666666,-0.4205873906612396,-1.2010301787893463
TOKYOTECH_s01,161,108,164.6,-0.7691537737846375,-0.8422791099167687
TOKYOTECH_s01,161,109,164.63333333333333,-0.7875034809112549,-0.33869090665283835
TOKYOTECH_s01,161,110,164.66666666666666,-0.9374909996986389,0.22987998261873857
TOKYOTECH_s01,161,111,164.7,-1.0125044584274292,0.7686880949789294
TOKYOTECH_s01,161,112,164.73333333333332,-0.9337895512580872,1.1937568103774827
TOKYOTECH_s01,161,113,164.76666666666668,-0.9611960053443909,1.4512656040363605
TOKYOTECH_s01,161,114,164.8,-1.002345085144043,1.5250724266706925
TOKYOTECH_s01,161,115,164.83333333333334,-1.0839738845825195,1.4331924010723165
TOKYOTECH_s01,161,116,164.86666666666667,-1.0505427122116089,1.217516786841587
TOKYOTECH_s01,161,117,164.9,-0.3738861382007599,0.9310674654312331
TOKYOTECH_s01,161,118,164.93333333333334,1.1366993188858032,0.6256776135986744
TOKYOTECH_s01,161,119,164.96666666666667,2.3204152584075928,0.3419040396294103
TOKYOTECH_s01,161,120,165.0,2.192990779876709,0.10271732978685391
TOKYOTECH_s01,161,121,165.03333333333333,1.6688419580459595,-0.08793419787591025
TOKYOTECH_s01,161,122,165.06666666666666,1.2542400360107422,-0.24199504885136727
TOKYOTECH_s01,161,123,165.1,0.741746723651886,-0.38111274179020455
TOKYOTECH_s01,161,124,165.13333333333333,0.3388793170452118,-0.5287809072981782
TOKYOTECH_s01,161,125,165.16666666666666,0.27335578203201294,-0.7017227176317219
TOKYOTECH_s01,161,126,165.2,0.3509680926799774,-0.9018027834228365
TOKYOTECH_s01,161,127,165.23333333333332,0.37420061230659485,-1.1107037150547485
TOKYOTECH_s01,161,128,165.26666666666668,0.28918537497520447,-1.2900207317163483
TOKYOTECH_s01,161,129,165.3,-0.13242556154727936,-1.3885307324038085
TOKYOTECH_s01,161,130,165.33333333333334,-0.40097758173942566,-1.3560784289959245
TOKYOTECH_s01,161,131,165.36666666666667,-0.6578739881515503,-1.1605220013287432
TOKYOTECH_s01,161,132,165.4,-0.9432794451713562,-0.801845984102719
TOKYOTECH_s01,161,133,165.43333333333334,-0.9564313888549805,-0.3173774778369355
TOKYOTECH_s01,161,134,165.46666666666667,-0.9515092372894287,0.22515998508743976
TOKYOTECH_s01,161,135,165.5,-1.001281976699829,0.7448599303293076
TOKYOTECH_s01,161,136,165.53333333333333,-1.0287672281265259,1.1681053215312516
TOKYOTECH_s01,161,137,165.56666666666666,-0.9870668053627014,1.4441279362940378
TOKYOTECH_s01,161,138,165.6,-1.0204192399978638,1.55165383457006
TOKYOTECH_s01,161,139,165.63333333333333,-1.1672565937042236,1.4978872662629512
TOKYOTECH_s01,161,140,165.66666666666666,-0.9967535734176636,1.312917119020058
TOKYOTECH_s01,161,141,165.7,-0.42184746265411377,1.0416702602965553
TOKYOTECH_s01,161,142,165.73333333333332,1.2169499397277832,0.7345279133466703
TOKYOTECH_s01,161,143,165.76666666666668,2.32888126373291,0.43768019941526115
TOKYOTECH_s01,161,144,165.8,2.039656400680542,0.18480030142779375
TOKYOTECH_s01,161,145,165.83333333333334,1.5273205041885376,-0.008221892975180566
TOKYOTECH_s01,161,146,165.86666666666667,1.0947626829147339,-0.14447371613126195
TOKYOTECH_s01,161,147,165.9,0.6173543930053711,-0.243230673931041
TOKYOTECH_s01,161,148,165.93333333333334,0.27552151679992676,-0.3339675114559118
TOKYOTECH_s01,161,149,165.96666666666667,0.15089289844036102,-0.44805183855094477
TOKYOTECH_s01,161,150,166.0,0.3631356358528137,-0.6089385320374816
TOKYOTECH_s01,161,151,166.03333333333333,0.3131660521030426,-0.8222584917487429
TOKYOTECH_s01,161,152,166.06666666666666,-0.06166485697031021,-1.0685483497343593
TOKYOTECH_s01,161,153,166.1,-0.10242018848657608,-1.3022267494289097
TOKYOTECH_s01,161,154,166.13333333333333,-0.4765816926956177,-1.4594181961923651
TOKYOTECH_s01,161,155,166.16666666666666,-0.7591125965118408,-1.474318429805756
TOKYOTECH_s01,161,156,166.2,-0.7848652601242065,-1.3001133708247539
TOKYOTECH_s01,161,157,166.23333333333332,-0.9808058142662048,-0.9277247170077594
TOKYOTECH_s01,161,158,166.26666666666668,-1.008960485458374,-0.39527533140863746
TOKYOTECH_s01,161,159,166.3,-1.0530234575271606,0.21658946449554414
TOKYOTECH_s01,161,160,166.33333333333334,-1.12886381149292,0.8039849831282233
TOKYOTECH_s01,161,161,166.36666666666667,-0.9541869163513184,1.2682531669496067
TOKYOTECH_s01,161,162,166.4,-1.006716012954712,1.5430102084373265
TOKYOTECH_s01,161,163,166.43333333333334,-1.1504031419754028,1.6090107655845798
TOKYOTECH_s01,161,164,166.46666666666667,-1.1930879354476929,1.4925038374277981
TOKYOTECH_s01,161,165,166.5,-1.126501202583313,1.2506765910334443
TOKYOTECH_s01,161,166,166.53333333333333,0.13163748383522034,0.9514947165586733
TOKYOTECH_s01,161,167,166.56666666666666,2.0341434478759766,0.6547626194675976
TOKYOTECH_s01,161,168,166.6,2.395822525024414,0.3991280044612561
TOKYOTECH_s01,161,169,166.63333333333333,1.7913835048675537,0.19717418277317267
TOKYOTECH_s01,161,170,166.66666666666666,1.3099586963653564,0.03809383594244266
TOKYOTECH_s01,161,171,166.7,0.8818506002426147,-0.10439175655602911
TOKYOTECH_s01,161,172,166.73333333333332,0.4570107161998749,-0.26161171879006345
TOKYOTECH_s01,161,173,166.76666666666668,0.23204916715621948,-0.45912957307752017
TOKYOTECH_s01,161,174,166.8,0.14482881128787994,-0.7069096629471694
TOKYOTECH_s01,161,175,166.83333333333334,0.16959702968597412,-0.9919604925230177
TOKYOTECH_s01,161,176,166.86666666666667,0.3352566063404083,-1.2758499947330435
TOKYOTECH_s01,161,177,166.9,0.13549643754959106,-1.4995718143508039
TOKYOTECH_s01,161,178,166.93333333333334,-0.29406869411468506,-1.5963088627785802
TOKYOTECH_s01,161,179,166.96666666666667,-0.5604549646377563,-1.5097105392807273
TOKYOTECH_s01,161,180,167.0,-0.8169969916343689,-1.212981993531268
TOKYOTECH_s01,161,181,167.03333333333333,-1.0073853731155396,-0.722735171849342
TOKYOTECH_s01,161,182,167.06666666666666,-1.0868878364562988,-0.1015477545884797
TOKYOTECH_s01,161,183,167.1,-1.0097874402999878,0.5539539618778849
TOKYOTECH_s01,161,184,167.13333333333333,-1.1109079122543335,1.1367788832656387
TOKYOTECH_s01,161,185,167.16666666666666,-1.1534745693206787,1.5567506888971294
TOKYOTECH_s01,161,186,167.2,-1.02325439453125,1.7614164684033256
TOKYOTECH_s01,161,187,167.23333333333332,-1.17765212059021,1.744225136876249
TOKYOTECH_s01,161,188,167.26666666666668,-1.183046817779541,1.539525575423912
TOKYOTECH_s01,161,189,167.3,-1.1775339841842651,1.2088248902834384
TOKYOTECH_s01,161,190,167.33333333333334,-0.5582892298698425,0.8239326493500186
TOKYOTECH_s01,161,191,167.36666666666667,1.1138999462127686,0.45115576983631583
TOKYOTECH_s01,161,192,167.4,2.3706605434417725,0.13895915935951408
TOKYOTECH_s01,161,193,167.43333333333334,2.202756404876709,-0.08960612900179997
TOKYOTECH_s01,161,194,167.46666666666667,1.6542723178863525,-0.2390028102116948
TOKYOTECH_s01,161,195,167.5,1.0701520442962646,-0.33748522334591585
TOKYOTECH_s01,161,196,167.53333333333333,0.5167458057403564,-0.42768126815310037
TOKYOTECH_s01,161,197,167.56666666666666,0.11253956705331802,-0.5525700131728715
TOKYOTECH_s01,161,198,167.6,0.0448896586894989,-0.7394930272334561
TOKYOTECH_s01,161,199,167.63333333333333,0.04662225395441055,-0.9866010612271005
TOKYOTECH_s01,161,200,167.66666666666666,0.219999760389328,-1.2570902409262208
TOKYOTECH_s01,161,201,167.7,0.08091973513364792,-1.4851675602780992
TOKYOTECH_s01,161,202,167.73333333333332,-0.14545938372612,-1.5935448125231477
TOKYOTECH_s01,161,203,167.76666666666668,-0.5098947286605835,-1.517590065561318
TOKYOTECH_s01,161,204,167.8,-0.7582857012748718,-1.2285324347131634
TOKYOTECH_s01,161,205,167.83333333333334,-0.9595422148704529,-0.7476763641828317
TOKYOTECH_s01,161,206,167.86666666666667,-1.1636338233947754,-0.1453221784670634
TOKYOTECH_s01,161,207,167.9,-1.143039584159851,0.4769615203233045
TOKYOTECH_s01,161,208,167.93333333333334,-1.1790302991867065,1.0146371365176736
TOKYOTECH_s01,161,209,167.96666666666667,-1.1612318754196167,1.3878871923221356
TOKYOTECH_s01,161,210,168.0,-1.118232011795044,1.558730678875841
TOKYOTECH_s01,161,211,168.03333333333333,-1.168752908706665,1.533607259142535
TOKYOTECH_s01,161,212,168.06666666666666,-1.1920641660690308,1.353912705866038
TOKYOTECH_s01,161,213,168.1,-1.243096947669983,1.0803832353778944
TOKYOTECH_s01,161,214,168.13333333333333,-0.6130627989768982,0.7767292879806599
TOKYOTECH_s01,161,215,168.16666666666666,1.163475751876831,0.49587272669190113
TOKYOTECH_s01,161,216,168.2,2.3910973072052,0.2709454952691378
TOKYOTECH_s01,161,217,168.23333333333332,2.3326616287231445,0.11226038443046894
TOKYOTECH_s01,161,218,168.26666666666668,1.7210559844970703,0.009692299213436747
TOKYOTECH_s01,161,219,168.3,1.2171074151992798,-0.06146488010176997
TOKYOTECH_s01,161,220,168.33333333333334,0.5958544611930847,-0.13280783573994726
TOKYOTECH_s01,161,221,168.36666666666667,0.21397505700588226,-0.23399067459626025
TOKYOTECH_s01,161,222,168.4,0.00401619728654623,-0.38337081410361973
TOKYOTECH_s01,161,223,168.43333333333334,0.06323940306901932,-0.5796911905950517
TOKYOTECH_s01,161,224,168.46666666666667,0.16880948841571808,-0.7974551213820763
TOKYOTECH_s01,161,225,168.5,0.06249123811721802,-0.9889727472405739
TOKYOTECH_s01,161,226,168.53333333333333,-0.15404359996318817,-1.0948537635411817
TOKYOTECH_s01,161,227,168.56666666666666,-0.4769754409790039,-1.0617101148449133
TOKYOTECH_s01,161,228,168.6,-0.8106178641319275,-0.8618620362362801
TOKYOTECH_s01,161,229,168.63333333333333,-0.9865942597389221,-0.5071386147532828
TOKYOTECH_s01,161,230,168.66666666666666,-1.0300272703170776,-0.04972235433008681
TOKYOTECH_s01,161,231,168.7,-1.2069487571716309,0.4317431635757909
TOKYOTECH_s01,161,232,168.73333333333332,-1.159066081047058,0.854956900398274
TOKYOTECH_s01,161,233,168.76666666666668,-1.0719245672225952,1.1553265024199062
TOKYOTECH_s01,161,234,168.8,-1.0336499214172363,1.297767168074445
TOKYOTECH_s01,161,235,168.83333333333334,-1.0550317764282227,1.2771419785678575
TOKYOTECH_s01,161,236,168.86666666666667,-1.1281551122665405,1.110998135780241
TOKYOTECH_s01,161,237,168.9,-1.1327621936798096,0.830097766573079
TOKYOTECH_s01,161,238,168.93333333333334,-0.5600218176841736,0.4706628548924596
TOKYOTECH_s01,161,239,168.96666666666667,1.0778305530548096,0.06975469153933085
TOKYOTECH_s01,162,0,162.0,1.9838982820510864,-0.0034544623417351187
TOKYOTECH_s01,162,1,162.03333333333333,1.5981205701828003,-0.2274714031803415
TOKYOTECH_s01,162,2,162.06666666666666,1.2761731147766113,-0.452221210048195
TOKYOTECH_s01,162,3,162.1,0.8214854001998901,-0.6711715883906366
TOKYOTECH_s01,162,4,162.13333333333333,0.1997992843389511,-0.8650901903522533
TOKYOTECH_s01,162,5,162.16666666666666,0.18298526108264923,-1.0028520862175743
TOKYOTECH_s01,162,6,162.2,0.39432230591773987,-1.047742724327892
TOKYOTECH_s01,162,7,162.23333333333332,0.31481990218162537,-0.9677926039274591
TOKYOTECH_s01,162,8,162.26666666666668,-0.06068042665719986,-0.7474903250441964
TOKYOTECH_s01,162,9,162.3,-0.16502982378005981,-0.39751538652704727
TOKYOTECH_s01,162,10,162.33333333333334,-0.3627817630767822,0.040956260529481536
TOKYOTECH_s01,162,11,162.36666666666667,-0.7080404758453369,0.5003684661954226
TOKYOTECH_s01,162,12,162.4,-0.8546808958053589,0.9008396412157047
TOKYOTECH_s01,162,13,162.43333333333334,-0.8884270787239075,1.1717240464640446
TOKYOTECH_s01,162,14,162.46666666666667,-1.0021482706069946,1.272662990691392
TOKYOTECH_s01,162,15,162.5,-0.8926010727882385,1.204295404213026
TOKYOTECH_s01,162,16,162.53333333333333,-0.9154004454612732,1.004131062169046
TOKYOTECH_s01,162,17,162.56666666666666,-1.0497158765792847,0.7309647928279334
TOKYOTECH_s01,162,18,162.6,-0.8923647999763489,0.44537246196494573
TOKYOTECH_s01,162,19,162.63333333333333,-0.7456849813461304,0.19330386768550276
TOKYOTECH_s01,162,20,162.66666666666666,0.2871377766132355,-0.0031844103137866403
TOKYOTECH_s01,162,21,162.7,1.786737084388733,-0.14722051338098163
TOKYOTECH_s01,162,22,162.73333333333332,2.2906856536865234,-0.26168916331208747
TOKYOTECH_s01,162,23,162.76666666666668,1.8639949560165405,-0.3791532485514461
TOKYOTECH_s01,162,24,162.8,1.2719204425811768,-0.5293591348764465
TOKYOTECH_s01,162,25,162.83333333333334,0.8852763772010803,-0.7268181481570837
TOKYOTECH_s01,162,26,162.86666666666667,0.4227132201194763,-0.9615271750630587
TOKYOTECH_s01,162,27,162.9,0.14967221021652222,-1.1961108086108174
TOKYOTECH_s01,162,28,162.93333333333334,0.34651848673820496,-1.3716852337979244
TOKYOTECH_s01,162,29,162.96666666666667,0.3872344195842743,-1.422367270680619
TOKYOTECH_s01,162,30,163.0,0.2692211866378784,-1.2952144115912887
TOKYOTECH_s01,162,31,163.03333333333333,0.08395177125930786,-0.9698278883957264
TOKYOTECH_s01,162,32,163.06666666666666,-0.4010957181453705,-0.47105051206076765
TOKYOTECH_s01,162,33,163.1,-0.573055624961853,0.13073170219132013
TOKYOTECH_s01,162,34,163.13333333333333,-0.7115843892097473,0.7342378887817864
TOKYOTECH_s01,162,35,163.16666666666666,-0.9821840524673462,1.2340536656885188
TOKYOTECH_s01,162,36,163.2,-0.9352465271949768,1.550164481829483
TOKYOTECH_s01,162,37,163.23333333333332,-0.9363096952438354,1.6483603462750898
TOKYOTECH_s01,162,38,163.26666666666668,-0.883150577545166,1.54422073079094
TOKYOTECH_s01,162,39,163.3,-0.8596423864364624,1.2915275699016793
TOKYOTECH_s01,162,40,163.33333333333334,-0.817193865776062,0.9619007269320791
TOKYOTECH_s01,162,41,163.36666666666667,-0.9316631555557251,0.6238839463940629
TOKYOTECH_s01,162,42,163.4,-0.2872958183288574,0.32743338031098757
TOKYOTECH_s01,162,43,163.43333333333334,1.2719597816467285,0.0962634505840987
TOKYOTECH_s01,162,44,163.46666666666667,2.2676498889923096,-0.07204767471692351
TOKYOTECH_s01,162,45,163.5,2.041192054748535,-0.1997336575551637
TOKYOTECH_s01,162,46,163.53333333333333,1.4874708652496338,-0.3187538054288355
TOKYOTECH_s01,162,47,163.56666666666666,1.0833039283752441,-0.45958537749977213
TOKYOTECH_s01,162,48,163.6,0.621252715587616,-0.6408843919886403
TOKYOTECH_s01,162,49,163.63333333333333,0.21661332249641418,-0.8614565794026633
TOKYOTECH_s01,162,50,163.66666666666666,0.2971789240837097,-1.096222086095357
TOKYOTECH_s01,162,51,163.7,0.33761924505233765,-1.2981818038082737
TOKYOTECH_s01,162,52,163.73333333333332,0.4070017635822296,-1.4076725534782113
TOKYOTECH_s01,162,53,163.76666666666668,0.10238026827573776,-1.3680867843354794
TOKYOTECH_s01,162,54,163.8,-0.1685737669467926,-1.1443635115680968
TOKYOTECH_s01,162,55,163.83333333333334,-0.448623925447464,-0.738370829973137
TOKYOTECH_s01,162,56,163.86666666666667,-0.6827603578567505,-0.1951785225361451
TOKYOTECH_s01,162,57,163.9,-0.8449941277503967,0.40343787831948646
TOKYOTECH_s01,162,58,163.93333333333334,-0.8256205916404724,0.957691219745517
TOKYOTECH_s01,162,59,163.96666666666667,-0.8350316882133484,1.3753077716330633
TOKYOTECH_s01,162,60,164.0,-0.7969146370887756,1.5951600195890994
TOKYOTECH_s01,162,61,164.03333333333333,-0.7821875810623169,1.6007076389363635
TOKYOTECH_s01,162,62,164.06666666666666,-0.8802366256713867,1.4195799162480407
TOKYOTECH_s01,162,63,164.1,-0.8445215821266174,1.111336345840643
TOKYOTECH_s01,162,64,164.13333333333333,-0.24122457206249237,0.748790310358272
TOKYOTECH_s01,162,65,164.16666666666666,1.2520743608474731,0.39886422537480076
TOKYOTECH_s01,162,66,164.2,2.3251798152923584,0.10788787033845436
TOKYOTECH_s01,162,67,164.23333333333332,2.0641489028930664,-0.10577147554066403
TOKYOTECH_s01,162,68,164.26666666666668,1.4649471044540405,-0.251259820019201
TOKYOTECH_s01,162,69,164.3,1.179777979850769,-0.3582213556842664
TOKYOTECH_s01,162,70,164.33333333333334,0.7535598874092102,-0.4650698738069943
TOKYOTECH_s01,162,71,164.36666666666667,0.3721923828125,-0.6047127124921705
TOKYOTECH_s01,162,72,164.4,0.267331063747406,-0.7907781469589716
TOKYOTECH_s01,162,73,164.43333333333334,0.34502214193344116,-1.0084150121991249
TOKYOTECH_s01,162,74,164.46666666666667,0.4889455735683441,-1.2137137746933222
TOKYOTECH_s01,162,75,164.5,0.2219686210155487,-1.3437928191302604
TOKYOTECH_s01,162,76,164.53333333333333,-0.08304663747549057,-1.3357416849769852
TOKYOTECH_s01,162,77,164.56666666666666,-0.4205873906612396,-1.1486544302343298
TOKYOTECH_s01,162,78,164.6,-0.7691537737846375,-0.7809683065906038
TOKYOTECH_s01,162,79,164.63333333333333,-0.7875034809112549,-0.276143727263975
TOKYOTECH_s01,162,80,164.66666666666666,-0.9374909996986389,0.2866393057136086
TOKYOTECH_s01,162,81,164.7,-1.0125044584274292,0.8141885693815821
TOKYOTECH_s01,162,82,164.73333333333332,-0.9337895512580872,1.2248589362844367
TOKYOTECH_s01,162,83,164.76666666666668,-0.9611960053443909,1.467704098492531
TOKYOTECH_s01,162,84,164.8,-1.002345085144043,1.5294853108754587
TOKYOTECH_s01,162,85,164.83333333333334,-1.0839738845825195,1.430434344115543
TOKYOTECH_s01,162,86,164.86666666666667,-1.0505427122116089,1.2133224748810942
TOKYOTECH_s01,162,87,164.9,-0.3738861382007599,0.9304063181675616
TOKYOTECH_s01,162,88,164.93333333333334,1.1366993188858032,0.6312351415282363
TOKYOTECH_s01,162,89,164.96666666666667,2.3204152584075928,0.35306065181135715
TOKYOTECH_s01,162,90,165.0,2.192990779876709,0.1153359017515521
TOKYOTECH_s01,162,91,165.03333333333333,1.6688419580459595,-0.0806767613841357
TOKYOTECH_s01,162,92,165.06666666666666,1.2542400360107422,-0.24775945568359484
TOKYOTECH_s01,162,93,165.1,0.741746723651886,-0.4059450342516949
TOKYOTECH_s01,162,94,165.13333333333333,0.3388793170452118,-0.5747011836575778
TOKYOTECH_s01,162,95,165.16666666666666,0.27335578203201294,-0.7650047355445995
TOKYOTECH_s01,162,96,165.2,0.3509680926799774,-0.972523643544346
TOKYOTECH_s01,162,97,165.23333333333332,0.37420061230659485,-1.1739958340483783
TOKYOTECH_s01,162,98,165.26666666666668,0.28918537497520447,-1.3290752928622833
TOKYOTECH_s01,162,99,165.3,-0.13242556154727936,-1.3888301682422928
TOKYOTECH_s01,162,100,165.33333333333334,-0.40097758173942566,-1.3098427735491367
TOKYOTECH_s01,162,101,165.36666666666667,-0.6578739881515503,-1.0700736584146413
TOKYOTECH_s01,162,102,165.4,-0.9432794451713562,-0.6805463199023869
TOKYOTECH_s01,162,103,165.43333333333334,-0.9564313888549805,-0.18722998286217077
TOKYOTECH_s01,162,104,165.46666666666667,-0.9515092372894287,0.3389483631821306
TOKYOTECH_s01,162,105,165.5,-1.001281976699829,0.8206057914266689
TOKYOTECH_s01,162,106,165.53333333333333,-1.0287672281265259,1.1932143764276493
TOKYOTECH_s01,162,107,165.56666666666666,-0.9870668053627014,1.4175660970578268
TOKYOTECH_s01,162,108,165.6,-1.0204192399978638,1.4826860570266736
TOKYOTECH_s01,162,109,165.63333333333333,-1.1672565937042236,1.4018385317662152
TOKYOTECH_s01,162,110,165.66666666666666,-0.9967535734176636,1.205685935389104
TOKYOTECH_s01,162,111,165.7,-0.42184746265411377,0.9349928493463736
TOKYOTECH_s01,162,112,165.73333333333332,1.2169499397277832,0.6335207662900916
TOKYOTECH_s01,162,113,165.76666666666668,2.32888126373291,0.3412544423867302
TOKYOTECH_s01,162,114,165.8,2.039656400680542,0.08856023039971528
TOKYOTECH_s01,162,115,165.83333333333334,1.5273205041885376,-0.10776383650792967
TOKYOTECH_s01,162,116,165.86666666666667,1.0947626829147339,-0.24601073905590348
TOKYOTECH_s01,162,117,165.9,0.6173543930053711,-0.33865424345214135
TOKYOTECH_s01,162,118,165.93333333333334,0.27552151679992676,-0.4089125677720237
TOKYOTECH_s01,162,119,165.96666666666667,0.15089289844036102,-0.48454703619711925
TOKYOTECH_s01,162,120,166.0,0.3631356358528137,-0.589261361516583
TOKYOTECH_s01,162,121,166.03333333333333,0.3131660521030426,-0.733321839850363
TOKYOTECH_s01,162,122,166.06666666666666,-0.06166485697031021,-0.9062216361178385
TOKYOTECH_s01,162,123,166.1,-0.10242018848657608,-1.0746228123992851
TOKYOTECH_s01,162,124,166.13333333333333,-0.4765816926956177,-1.1879001411185734
TOKYOTECH_s01,162,125,166.16666666666666,-0.7591125965118408,-1.1913013503706804
TOKYOTECH_s01,162,126,166.2,-0.7848652601242065,-1.0436438189112514
TOKYOTECH_s01,162,127,166.23333333333332,-0.9808058142662048,-0.7339289171932609
TOKYOTECH_s01,162,128,166.26666666666668,-1.008960485458374,-0.2905847229118819
TOKYOTECH_s01,162,129,166.3,-1.0530234575271606,0.22128416183124905
TOKYOTECH_s01,162,130,166.33333333333334,-1.12886381149292,0.715468206983089
TOKYOTECH_s01,162,131,166.36666666666667,-0.9541869163513184,1.1086051267881314
TOKYOTECH_s01,162,132,166.4,-1.006716012954712,1.3433845855767408
TOKYOTECH_s01,162,133,166.43333333333334,-1.1504031419754028,1.401624656217147
TOKYOTECH_s01,162,134,166.46666666666667,-1.1930879354476929,1.3034064801489436
TOKYOTECH_s01,162,135,166.5,-1.126501202583313,1.0953049170641713
TOKYOTECH_s01,162,136,166.53333333333333,0.13163748383522034,0.8338796533189821
TOKYOTECH_s01,162,137,166.56666666666666,2.0341434478759766,0.5700586512770137
TOKYOTECH_s01,162,138,166.6,2.395822525024414,0.3381995873875676
TOKYOTECH_s01,162,139,166.63333333333333,1.7913835048675537,0.15148409153463147
TOKYOTECH_s01,162,140,166.66666666666666,1.3099586963653564,0.0032424483634283163
TOKYOTECH_s01,162,141,166.7,0.8818506002426147,-0.1274385077261292
TOKYOTECH_s01,162,142,166.73333333333332,0.4570107161998749,-0.26754753842439544
TOKYOTECH_s01,162,143,166.76666666666668,0.23204916715621948,-0.4407199522353973
TOKYOTECH_s01,162,144,166.8,0.14482881128787994,-0.657805681222529
TOKYOTECH_s01,162,145,166.83333333333334,0.16959702968597412,-0.9092732533262862
TOKYOTECH_s01,162,146,166.86666666666667,0.3352566063404083,-1.1620045671355619
TOKYOTECH_s01,162,147,166.9,0.13549643754959106,-1.3629324516984933
TOKYOTECH_s01,162,148,166.93333333333334,-0.29406869411468506,-1.4504010876264675
TOKYOTECH_s01,162,149,166.96666666666667,-0.5604549646377563,-1.3714532386782226
TOKYOTECH_s01,162,150,167.0,-0.8169969916343689,-1.1004531706460878
TOKYOTECH_s01,162,151,167.03333333333333,-1.0073853731155396,-0.652538862096676
TOKYOTECH_s01,162,152,167.06666666666666,-1.0868878364562988,-0.08557304366147511
TOKYOTECH_s01,162,153,167.1,-1.0097874402999878,0.5120746428422068
TOKYOTECH_s01,162,154,167.13333333333333,-1.1109079122543335,1.0441139628513032
TOKYOTECH_s01,162,155,167.16666666666666,-1.1534745693206787,1.430523185566837
TOKYOTECH_s01,162,156,167.2,-1.02325439453125,1.6247884468917813
TOKYOTECH_s01,162,157,167.23333333333332,-1.17765212059021,1.6199773455053517
TOKYOTECH_s01,162,158,167.26666666666668,-1.183046817779541,1.4444294653974736
TOKYOTECH_s01,162,159,167.3,-1.1775339841842651,1.1507732811715108
TOKYOTECH_s01,162,160,167.33333333333334,-0.5582892298698425,0.8020812961061262
TOKYOTECH_s01,162,161,167.36666666666667,1.1138999462127686,0.45790181882127623
TOKYOTECH_s01,162,162,167.4,2.3706605434417725,0.16243472188732966
TOKYOTECH_s01,162,163,167.43333333333334,2.202756404876709,-0.06304207587713911
TOKYOTECH_s01,162,164,167.46666666666667,1.6542723178863525,-0.22213725849467472
TOKYOTECH_s01,162,165,167.5,1.0701520442962646,-0.3394184151388019
TOKYOTECH_s01,162,166,167.53333333333333,0.5167458057403564,-0.45118756368607515
TOKYOTECH_s01,162,167,167.56666666666666,0.11253956705331802,-0.5924539895420579
TOKYOTECH_s01,162,168,167.6,0.0448896586894989,-0.7828185392706732
TOKYOTECH_s01,162,169,167.63333333333333,0.04662225395441055,-1.0152198519300806
TOKYOTECH_s01,162,170,167.66666666666666,0.219999760389328,-1.2519287866681519
TOKYOTECH_s01,162,171,167.7,0.08091973513364792,-1.4308644327722937
TOKYOTECH_s01,162,172,167.73333333333332,-0.14545938372612,-1.482052147173171
TOKYOTECH_s01,162,173,167.76666666666668,-0.5098947286605835,-1.3501044109774019
TOKYOTECH_s01,162,174,167.8,-0.7582857012748718,-1.0156838937936175
TOKYOTECH_s01,162,175,167.83333333333334,-0.9595422148704529,-0.507996898704016
TOKYOTECH_s01,162,176,167.86666666666667,-1.1636338233947754,0.09783183295254604
TOKYOTECH_s01,162,177,167.9,-1.143039584159851,0.6993846085501818
TOKYOTECH_s01,162,178,167.93333333333334,-1.1790302991867065,1.1950885179839033
TOKYOTECH_s01,162,179,167.96666666666667,-1.1612318754196167,1.51080582110247
TOKYOTECH_s01,162,180,168.0,-1.118232011795044,1.6156152651649254
TOKYOTECH_s01,162,181,168.03333333333333,-1.168752908706665,1.5234483425441026
TOKYOTECH_s01,162,182,168.06666666666666,-1.1920641660690308,1.2828588100366858
TOKYOTECH_s01,162,183,168.1,-1.243096947669983,0.960178158408891
TOKYOTECH_s01,162,184,168.13333333333333,-0.6130627989768982,0.621541207301102
TOKYOTECH_s01,162,185,168.16666666666666,1.163475751876831,0.3180929682807903
TOKYOTECH_s01,162,186,168.2,2.3910973072052,0.0773341123717606
TOKYOTECH_s01,162,187,168.23333333333332,2.3326616287231445,-0.09818597951625167
TOKYOTECH_s01,162,188,168.26666666666668,1.7210559844970703,-0.22594323939552213
TOKYOTECH_s01,162,189,168.3,1.2171074151992798,-0.3349306283375515
TOKYOTECH_s01,162,190,168.33333333333334,0.5958544611930847,-0.45591796388116945
TOKYOTECH_s01,162,191,168.36666666666667,0.21397505700588226,-0.611736248257997
TOKYOTECH_s01,162,192,168.4,0.00401619728654623,-0.8084993919195937
TOKYOTECH_s01,162,193,168.43333333333334,0.06323940306901932,-1.0293688960531553
TOKYOTECH_s01,162,194,168.46666666666667,0.16880948841571808,-1.233402565038084
TOKYOTECH_s01,162,195,168.5,0.06249123811721802,-1.3619862567286007
TOKYOTECH_s01,162,196,168.53333333333333,-0.15404359996318817,-1.3534803776894113
TOKYOTECH_s01,162,197,168.56666666666666,-0.4769754409790039,-1.1632604721083821
TOKYOTECH_s01,162,198,168.6,-0.8106178641319275,-0.7826990465520413
TOKYOTECH_s01,162,199,168.63333333333333,-0.9865942597389221,-0.24901740175676104
TOKYOTECH_s01,162,200,168.66666666666666,-1.0300272703170776,0.35989104004512706
TOKYOTECH_s01,162,201,168.7,-1.2069487571716309,0.9454641524098396
TOKYOTECH_s01,162,202,168.73333333333332,-1.159066081047058,1.4156122162834686
TOKYOTECH_s01,162,203,168.76666666666668,-1.0719245672225952,1.7076999956828791
TOKYOTECH_s01,162,204,168.8,-1.0336499214172363,1.7994105901515127
TOKYOTECH_s01,162,205,168.83333333333334,-1.0550317764282227,1.7064812279346049
TOKYOTECH_s01,162,206,168.86666666666667,-1.1281551122665405,1.471579213154413
TOKYOTECH_s01,162,207,168.9,-1.1327621936798096,1.1500309704533433
TOKYOTECH_s01,162,208,168.93333333333334,-0.5600218176841736,0.7965381046845315
TOKYOTECH_s01,162,209,168.96666666666667,1.0778305530548096,0.45488103417870684
TOKYOTECH_s01,162,210,169.0,2.4168498516082764,0.15171115589687403
TOKYOTECH_s01,162,211,169.03333333333333,2.339198112487793,-0.10492826398466262
TOKYOTECH_s01,162,212,169.06666666666666,1.7810667753219604,-0.3228549614758278
TOKYOTECH_s01,162,213,169.1,1.1536709070205688,-0.5201553661793984
TOKYOTECH_s01,162,214,169.13333333333333,0.5280076861381531,-0.7177954536714019
TOKYOTECH_s01,162,215,169.16666666666666,0.1711721122264862,-0.9310854124340731
TOKYOTECH_s01,162,216,169.2,-0.06012914702296257,-1.1614123049905054
TOKYOTECH_s01,162,217,169.23333333333332,0.007993287406861782,-1.3908425044729305
TOKYOTECH_s01,162,218,169.26666666666668,0.056230273097753525,-1.5823836610847686
TOKYOTECH_s01,162,219,169.3,0.09722186625003815,-1.6873796154400407
TOKYOTECH_s01,162,220,169.33333333333334,-0.1688494086265564,-1.6590729149013759
TOKYOTECH_s01,162,221,169.36666666666667,-0.47047823667526245,-1.4687423692943786
TOKYOTECH_s01,162,222,169.4,-0.772579550743103,-1.1190649027512676
TOKYOTECH_s01,162,223,169.43333333333334,-0.9199681878089905,-0.6491619786985041
TOKYOTECH_s01,162,224,169.46666666666667,-1.0473531484603882,-0.12773664305318974
TOKYOTECH_s01,162,225,169.5,-1.1111441850662231,0.36467582692443407
TOKYOTECH_s01,162,226,169.53333333333333,-1.1643033027648926,0.7575063360133544
TOKYOTECH_s01,162,227,169.56666666666666,-1.1214609146118164,1.006841293113741
TOKYOTECH_s01,162,228,169.6,-1.1171687841415405,1.101663794569446
TOKYOTECH_s01,162,229,169.63333333333333,-1.1767858266830444,1.0602970403728347
TOKYOTECH_s01,162,230,169.66666666666666,-1.1656814813613892,0.9208439726192907
TOKYOTECH_s01,162,231,169.7,-0.9094938635826111,0.729525757407105
TOKYOTECH_s01,162,232,169.73333333333332,0.2682761251926422,0.5299787488973292
TOKYOTECH_s01,162,233,169.76666666666668,1.9749597311019897,0.35570095649758604
TOKYOTECH_s01,162,234,169.8,2.413069725036621,0.22687071470438502
TOKYOTECH_s01,162,235,169.83333333333334,1.832887053489685,0.1513242200749297
TOKYOTECH_s01,162,236,169.86666666666667,1.1765884160995483,0.12778202242487072
TOKYOTECH_s01,162,237,169.9,0.5255662798881531,0.148859951235764
TOKYOTECH_s01,162,238,169.93333333333334,0.14738832414150238,0.20275423124882924
TOKYOTECH_s01,162,239,169.96666666666667,-0.12266003340482712,0.2742658564942361
TOKYOTECH_s01,163,0,163.0,0.2692211866378784,0.1151338227205265
TOKYOTECH_s01,163,1,163.03333333333333,0.08395177125930786,0.39052753029230675
TOKYOTECH_s01,163,2,163.06666666666666,-0.4010957181453705,0.66898032803737
TOKYOTECH_s01,163,3,163.1,-0.573055624961853,0.9420574873005308
TOKYOTECH_s01,163,4,163.13333333333333,-0.7115843892097473,1.1839328226375978
TOKYOTECH_s01,163,5,163.16666666666666,-0.9821840524673462,1.35767415372198
TOKYOTECH_s01,163,6,163.2,-0.9352465271949768,1.429291245825975
TOKYOTECH_s01,163,7,163.23333333333332,-0.9363096952438354,1.381828954183545
TOKYOTECH_s01,163,8,163.26666666666668,-0.883150577545166,1.2224027358770067
TOKYOTECH_s01,163,9,163.3,-0.8596423864364624,0.9795244667367607
TOKYOTECH_s01,163,10,163.33333333333334,-0.817193865776062,0.692975535202733
TOKYOTECH_s01,163,11,163.36666666666667,-0.9316631555557251,0.40130484807506855
TOKYOTECH_s01,163,12,163.4,-0.2872958183288574,0.13190128258749723
TOKYOTECH_s01,163,13,163.43333333333334,1.2719597816467285,-0.10347440563886297
TOKYOTECH_s01,163,14,163.46666666666667,2.2676498889923096,-0.3072506284622832
TOKYOTECH_s01,163,15,163.5,2.041192054748535,-0.49033715671919387
TOKYOTECH_s01,163,16,163.53333333333333,1.4874708652496338,-0.665078159795053
TOKYOTECH_s01,163,17,163.56666666666666,1.0833039283752441,-0.8394590550944174
TOKYOTECH_s01,163,18,163.6,0.621252715587616,-1.0132840089310187
TOKYOTECH_s01,163,19,163.63333333333333,0.21661332249641418,-1.1756437694776516
TOKYOTECH_s01,163,20,163.66666666666666,0.2971789240837097,-1.3036223075447613
TOKYOTECH_s01,163,21,163.7,0.33761924505233765,-1.3637254905670637
TOKYOTECH_s01,163,22,163.73333333333332,0.4070017635822296,-1.3179235074652331
TOKYOTECH_s01,163,23,163.76666666666668,0.10238026827573776,-1.1346818773307001
TOKYOTECH_s01,163,24,163.8,-0.1685737669467926,-0.8024946185465198
TOKYOTECH_s01,163,25,163.83333333333334,-0.448623925447464,-0.3408095639731271
TOKYOTECH_s01,163,26,163.86666666666667,-0.6827603578567505,0.19735156276713714
TOKYOTECH_s01,163,27,163.9,-0.8449941277503967,0.7342491579358473
TOKYOTECH_s01,163,28,163.93333333333334,-0.8256205916404724,1.1859331333486802
TOKYOTECH_s01,163,29,163.96666666666667,-0.8350316882133484,1.4839159522194967
TOKYOTECH_s01,163,30,164.0,-0.7969146370887756,1.5920368169888994
TOKYOTECH_s01,163,31,164.03333333333333,-0.7821875810623169,1.5129106279195275
TOKYOTECH_s01,163,32,164.06666666666666,-0.8802366256713867,1.2831031624516172
TOKYOTECH_s01,163,33,164.1,-0.8445215821266174,0.9603631645293258
TOKYOTECH_s01,163,34,164.13333333333333,-0.24122457206249237,0.6077547126837888
TOKYOTECH_s01,163,35,164.16666666666666,1.2520743608474731,0.2789704958952684
TOKYOTECH_s01,163,36,164.2,2.3251798152923584,0.007971349639236588
TOKYOTECH_s01,163,37,164.23333333333332,2.0641489028930664,-0.19526345038187218
TOKYOTECH_s01,163,38,164.26666666666668,1.4649471044540405,-0.3427246826860838
TOKYOTECH_s01,163,39,164.3,1.179777979850769,-0.46128816268737205
TOKYOTECH_s01,163,40,164.33333333333334,0.7535598874092102,-0.5823118424728182
TOKYOTECH_s01,163,41,164.36666666666667,0.3721923828125,-0.7297784962946133
TOKYOTECH_s01,163,42,164.4,0.267331063747406,-0.9091527103581953
TOKYOTECH_s01,163,43,164.43333333333334,0.34502214193344116,-1.1000639258666725
TOKYOTECH_s01,163,44,164.46666666666667,0.4889455735683441,-1.256810939731121
TOKYOTECH_s01,163,45,164.5,0.2219686210155487,-1.3193021743542268
TOKYOTECH_s01,163,46,164.53333333333333,-0.08304663747549057,-1.232533888429801
TOKYOTECH_s01,163,47,164.56666666666666,-0.4205873906612396,-0.9679273459174493
TOKYOTECH_s01,163,48,164.6,-0.7691537737846375,-0.5381913218952951
TOKYOTECH_s01,163,49,164.63333333333333,-0.7875034809112549,0.0006837421496548874
TOKYOTECH_s01,163,50,164.66666666666666,-0.9374909996986389,0.5622901894311177
TOKYOTECH_s01,163,51,164.7,-1.0125044584274292,1.0536147454983609
TOKYOTECH_s01,163,52,164.73333333333332,-0.9337895512580872,1.4005266196545123
TOKYOTECH_s01,163,53,164.76666666666668,-0.9611960053443909,1.5648056526750227
TOKYOTECH_s01,163,54,164.8,-1.002345085144043,1.5477646992965615
TOKYOTECH_s01,163,55,164.83333333333334,-1.0839738845825195,1.3824024307262692
TOKYOTECH_s01,163,56,164.86666666666667,-1.0505427122116089,1.1195313758833725
TOKYOTECH_s01,163,57,164.9,-0.3738861382007599,0.8130965831246544
TOKYOTECH_s01,163,58,164.93333333333334,1.1366993188858032,0.508136352374056
TOKYOTECH_s01,163,59,164.96666666666667,2.3204152584075928,0.23322642196435114
TOKYOTECH_s01,163,60,165.0,2.192990779876709,-0.0017075827636323553
TOKYOTECH_s01,163,61,165.03333333333333,1.6688419580459595,-0.2023575397210697
TOKYOTECH_s01,163,62,165.06666666666666,1.2542400360107422,-0.3834888799180094
TOKYOTECH_s01,163,63,165.1,0.741746723651886,-0.5614814187260616
TOKYOTECH_s01,163,64,165.13333333333333,0.3388793170452118,-0.7477896193160701
TOKYOTECH_s01,163,65,165.16666666666666,0.27335578203201294,-0.9438330717585398
TOKYOTECH_s01,163,66,165.2,0.3509680926799774,-1.1374471576099434
TOKYOTECH_s01,163,67,165.23333333333332,0.37420061230659485,-1.301713782178974
TOKYOTECH_s01,163,68,165.26666666666668,0.28918537497520447,-1.3978085884102014
TOKYOTECH_s01,163,69,165.3,-0.13242556154727936,-1.3831943156798379
TOKYOTECH_s01,163,70,165.33333333333334,-0.40097758173942566,-1.2244793777797247
TOKYOTECH_s01,163,71,165.36666666666667,-0.6578739881515503,-0.9113780468960532
TOKYOTECH_s01,163,72,165.4,-0.9432794451713562,-0.4661521038105757
TOKYOTECH_s01,163,73,165.43333333333334,-0.9564313888549805,0.056672343769474394
TOKYOTECH_s01,163,74,165.46666666666667,-0.9515092372894287,0.5820450127671862
TOKYOTECH_s01,163,75,165.5,-1.001281976699829,1.0339738476499991
TOKYOTECH_s01,163,76,165.53333333333333,-1.0287672281265259,1.3549094315614534
TOKYOTECH_s01,163,77,165.56666666666666,-0.9870668053627014,1.516964624416988
TOKYOTECH_s01,163,78,165.6,-1.0204192399978638,1.5223171434777343
TOKYOTECH_s01,163,79,165.63333333333333,-1.1672565937042236,1.3959858588467484
TOKYOTECH_s01,163,80,165.66666666666666,-0.9967535734176636,1.1758807990274969
TOKYOTECH_s01,163,81,165.7,-0.42184746265411377,0.9033990319967625
TOKYOTECH_s01,163,82,165.73333333333332,1.2169499397277832,0.6159235072457205
TOKYOTECH_s01,163,83,165.76666666666668,2.32888126373291,0.34164800170090664
TOKYOTECH_s01,163,84,165.8,2.039656400680542,0.09697947974839684
TOKYOTECH_s01,163,85,165.83333333333334,1.5273205041885376,-0.11335717523514842
TOKYOTECH_s01,163,86,165.86666666666667,1.0947626829147339,-0.2939348777889679
TOKYOTECH_s01,163,87,165.9,0.6173543930053711,-0.4549563678180786
TOKYOTECH_s01,163,88,165.93333333333334,0.27552151679992676,-0.608288942786489
TOKYOTECH_s01,163,89,165.96666666666667,0.15089289844036102,-0.7635393816013912
TOKYOTECH_s01,163,90,166.0,0.3631356358528137,-0.9238147196039301
TOKYOTECH_s01,163,91,166.03333333333333,0.3131660521030426,-1.0811574409893292
TOKYOTECH_s01,163,92,166.06666666666666,-0.06166485697031021,-1.2132682548991387
TOKYOTECH_s01,163,93,166.1,-0.10242018848657608,-1.2844740945827546
TOKYOTECH_s01,163,94,166.13333333333333,-0.4765816926956177,-1.25321570779059
TOKYOTECH_s01,163,95,166.16666666666666,-0.7591125965118408,-1.0854428891072518
TOKYOTECH_s01,163,96,166.2,-0.7848652601242065,-0.7696291396272176
TOKYOTECH_s01,163,97,166.23333333333332,-0.9808058142662048,-0.32706260807978854
TOKYOTECH_s01,163,98,166.26666666666668,-1.008960485458374,0.18773160450977033
TOKYOTECH_s01,163,99,166.3,-1.0530234575271606,0.6978321981226764
TOKYOTECH_s01,163,100,166.33333333333334,-1.12886381149292,1.1230317169295772
TOKYOTECH_s01,163,101,166.36666666666667,-0.9541869163513184,1.400849139988437
TOKYOTECH_s01,163,102,166.4,-1.006716012954712,1.5020019182990831
TOKYOTECH_s01,163,103,166.43333333333334,-1.1504031419754028,1.4349911516266112
TOKYOTECH_s01,163,104,166.46666666666667,-1.1930879354476929,1.239116651042199
TOKYOTECH_s01,163,105,166.5,-1.126501202583313,0.9697214477089106
TOKYOTECH_s01,163,106,166.53333333333333,0.13163748383522034,0.6813454326592786
TOKYOTECH_s01,163,107,166.56666666666666,2.0341434478759766,0.4139530508139328
TOKYOTECH_s01,163,108,166.6,2.395822525024414,0.18575179024292235
TOKYOTECH_s01,163,109,166.63333333333333,1.7913835048675537,-0.006208948949766332
TOKYOTECH_s01,163,110,166.66666666666666,1.3099586963653564,-0.1791210974656975
TOKYOTECH_s01,163,111,166.7,0.8818506002426147,-0.35452055621282663
TOKYOTECH_s01,163,112,166.73333333333332,0.4570107161998749,-0.548914372259153
TOKYOTECH_s01,163,113,166.76666666666668,0.23204916715621948,-0.7670567355951506
TOKYOTECH_s01,163,114,166.8,0.14482881128787994,-0.998195422511381
TOKYOTECH_s01,163,115,166.83333333333334,0.16959702968597412,-1.215025707856007
TOKYOTECH_s01,163,116,166.86666666666667,0.3352566063404083,-1.3761397722440711
TOKYOTECH_s01,163,117,166.9,0.13549643754959106,-1.4334320775539495
TOKYOTECH_s01,163,118,166.93333333333334,-0.29406869411468506,-1.3444115016259524
TOKYOTECH_s01,163,119,166.96666666666667,-0.5604549646377563,-1.0866592805291637
TOKYOTECH_s01,163,120,167.0,-0.8169969916343689,-0.6697361736323248
TOKYOTECH_s01,163,121,167.03333333333333,-1.0073853731155396,-0.13946568241255902
TOKYOTECH_s01,163,122,167.06666666666666,-1.0868878364562988,0.4289723758018588
TOKYOTECH_s01,163,123,167.1,-1.0097874402999878,0.948649398507365
TOKYOTECH_s01,163,124,167.13333333333333,-1.1109079122543335,1.3431611034236377
TOKYOTECH_s01,163,125,167.16666666666666,-1.1534745693206787,1.5646844322829563
TOKYOTECH_s01,163,126,167.2,-1.02325439453125,1.6016296064676991
TOKYOTECH_s01,163,127,167.23333333333332,-1.17765212059021,1.475330094604556
TOKYOTECH_s01,163,128,167.26666666666668,-1.183046817779541,1.2294743671866766
TOKYOTECH_s01,163,129,167.3,-1.1775339841842651,0.9171615446557214
TOKYOTECH_s01,163,130,167.33333333333334,-0.5582892298698425,0.5891921344093756
TOKYOTECH_s01,163,131,167.36666666666667,1.1138999462127686,0.2853054188113127
TOKYOTECH_s01,163,132,167.4,2.3706605434417725,0.028999922089958136
TOKYOTECH_s01,163,133,167.43333333333334,2.202756404876709,-0.17386680580078434
TOKYOTECH_s01,163,134,167.46666666666667,1.6542723178863525,-0.33299789648200445
TOKYOTECH_s01,163,135,167.5,1.0701520442962646,-0.46878721241053056
TOKYOTECH_s01,163,136,167.53333333333333,0.5167458057403564,-0.6053342276221797
TOKYOTECH_s01,163,137,167.56666666666666,0.11253956705331802,-0.7619300468052268
TOKYOTECH_s01,163,138,167.6,0.0448896586894989,-0.9440367787535029
TOKYOTECH_s01,163,139,167.63333333333333,0.04662225395441055,-1.1360894895960463
TOKYOTECH_s01,163,140,167.66666666666666,0.219999760389328,-1.2998904597492413
TOKYOTECH_s01,163,141,167.7,0.08091973513364792,-1.3817736717165663
TOKYOTECH_s01,163,142,167.73333333333332,-0.14545938372612,-1.3280980576274488
TOKYOTECH_s01,163,143,167.76666666666668,-0.5098947286605835,-1.1043611963572522
TOKYOTECH_s01,163,144,167.8,-0.7582857012748718,-0.7111822543666766
TOKYOTECH_s01,163,145,167.83333333333334,-0.9595422148704529,-0.19086451282855063
TOKYOTECH_s01,163,146,167.86666666666667,-1.1636338233947754,0.3793890494331124
TOKYOTECH_s01,163,147,167.9,-1.143039584159851,0.9068709526581225
TOKYOTECH_s01,163,148,167.93333333333334,-1.1790302991867065,1.308619067454225
TOKYOTECH_s01,163,149,167.96666666666667,-1.1612318754196167,1.5325559709549128
TOKYOTECH_s01,163,150,168.0,-1.118232011795044,1.5671162170605037
TOKYOTECH_s01,163,151,168.03333333333333,-1.168752908706665,1.4379348395199019
TOKYOTECH_s01,163,152,168.06666666666666,-1.1920641660690308,1.1952655045754441
TOKYOTECH_s01,163,153,168.1,-1.243096947669983,0.8978185214235327
TOKYOTECH_s01,163,154,168.13333333333333,-0.6130627989768982,0.5978477823066757
TOKYOTECH_s01,163,155,168.16666666666666,1.163475751876831,0.3305010027452014
TOKYOTECH_s01,163,156,168.2,2.3910973072052,0.10923555653645999
TOKYOTECH_s01,163,157,168.23333333333332,2.3326616287231445,-0.07211569381010068
TOKYOTECH_s01,163,158,168.26666666666668,1.7210559844970703,-0.23206707797388448
TOKYOTECH_s01,163,159,168.3,1.2171074151992798,-0.3921611641277398
TOKYOTECH_s01,163,160,168.33333333333334,0.5958544611930847,-0.5688037916444395
TOKYOTECH_s01,163,161,168.36666666666667,0.21397505700588226,-0.7678202505070049
TOKYOTECH_s01,163,162,168.4,0.00401619728654623,-0.9813278188398142
TOKYOTECH_s01,163,163,168.43333333333334,0.06323940306901932,-1.1860875975031921
TOKYOTECH_s01,163,164,168.46666666666667,0.16880948841571808,-1.344139111646599
TOKYOTECH_s01,163,165,168.5,0.06249123811721802,-1.4080523060287338
TOKYOTECH_s01,163,166,168.53333333333333,-0.15404359996318817,-1.3322343793574873
TOKYOTECH_s01,163,167,168.56666666666666,-0.4769754409790039,-1.0886134415721607
TOKYOTECH_s01,163,168,168.6,-0.8106178641319275,-0.6815503109177078
TOKYOTECH_s01,163,169,168.63333333333333,-0.9865942597389221,-0.15500046836505968
TOKYOTECH_s01,163,170,168.66666666666666,-1.0300272703170776,0.41361510577778815
TOKYOTECH_s01,163,171,168.7,-1.2069487571716309,0.9329194267765897
TOKYOTECH_s01,163,172,168.73333333333332,-1.159066081047058,1.3231161544422743
TOKYOTECH_s01,163,173,168.76666666666668,-1.0719245672225952,1.536433944186869
TOKYOTECH_s01,163,174,168.8,-1.0336499214172363,1.5648707874769383
TOKYOTECH_s01,163,175,168.83333333333334,-1.0550317764282227,1.4349309284918528
TOKYOTECH_s01,163,176,168.86666666666667,-1.1281551122665405,1.194429966459791
TOKYOTECH_s01,163,177,168.9,-1.1327621936798096,0.8976091243561768
TOKYOTECH_s01,163,178,168.93333333333334,-0.5600218176841736,0.5927034876697835
TOKYOTECH_s01,163,179,168.96666666666667,1.0778305530548096,0.31354561885905163
TOKYOTECH_s01,163,180,169.0,2.4168498516082764,0.07577090175396503
TOKYOTECH_s01,163,181,169.03333333333333,2.339198112487793,-0.12217345298800228
TOKYOTECH_s01,163,182,169.06666666666666,1.7810667753219604,-0.2940862405657034
TOKYOTECH_s01,163,183,169.1,1.1536709070205688,-0.45897267800522323
TOKYOTECH_s01,163,184,169.13333333333333,0.5280076861381531,-0.6335279172735891
TOKYOTECH_s01,163,185,169.16666666666666,0.1711721122264862,-0.8251041966601689
TOKYOTECH_s01,163,186,169.2,-0.06012914702296257,-1.0261255942475824
TOKYOTECH_s01,163,187,169.23333333333332,0.007993287406861782,-1.211482448365717
TOKYOTECH_s01,163,188,169.26666666666668,0.056230273097753525,-1.3407475537218343
TOKYOTECH_s01,163,189,169.3,0.09722186625003815,-1.366376170834917
TOKYOTECH_s01,163,190,169.33333333333334,-0.1688494086265564,-1.2471700334077724
TOKYOTECH_s01,163,191,169.36666666666667,-0.47047823667526245,-0.9637745621520981
TOKYOTECH_s01,163,192,169.4,-0.772579550743103,-0.5309282572335806
TOKYOTECH_s01,163,193,169.43333333333334,-0.9199681878089905,-0.0007188088677159913
TOKYOTECH_s01,163,194,169.46666666666667,-1.0473531484603882,0.5468201621037607
TOKYOTECH_s01,163,195,169.5,-1.1111441850662231,1.0243271738451307
TOKYOTECH_s01,163,196,169.53333333333333,-1.1643033027648926,1.3611793789857343
TOKYOTECH_s01,163,197,169.56666666666666,-1.1214609146118164,1.5207778631410038
TOKYOTECH_s01,163,198,169.6,-1.1171687841415405,1.505077106584788
TOKYOTECH_s01,163,199,169.63333333333333,-1.1767858266830444,1.347282534054395
TOKYOTECH_s01,163,200,169.66666666666666,-1.1656814813613892,1.0977376614804708
TOKYOTECH_s01,163,201,169.7,-0.9094938635826111,0.8084927254252526
TOKYOTECH_s01,163,202,169.73333333333332,0.2682761251926422,0.5207145286055813
TOKYOTECH_s01,163,203,169.76666666666668,1.9749597311019897,0.25746192684686964
TOKYOTECH_s01,163,204,169.8,2.413069725036621,0.022962273955090304
TOKYOTECH_s01,163,205,169.83333333333334,1.832887053489685,-0.1920876901104286
TOKYOTECH_s01,163,206,169.86666666666667,1.1765884160995483,-0.40167932692048103
TOKYOTECH_s01,163,207,169.9,0.5255662798881531,-0.6156782369348387
TOKYOTECH_s01,163,208,169.93333333333334,0.14738832414150238,-0.8337546496106981
TOKYOTECH_s01,163,209,169.96666666666667,-0.12266003340482712,-1.0429711258335066
TOKYOTECH_s01,163,210,170.0,-0.07217855006456375,-1.2187367753651144
TOKYOTECH_s01,163,211,170.03333333333333,0.20515458285808563,-1.3286843512368443
TOKYOTECH_s01,163,212,170.06666666666666,0.12116315960884094,-1.3393351786223144
TOKYOTECH_s01,163,213,170.1,-0.0791482999920845,-1.2250513262018354
TOKYOTECH_s01,163,214,170.13333333333333,-0.3691214919090271,-0.9772950838386399
TOKYOTECH_s01,163,215,170.16666666666666,-0.6248365640640259,-0.6108197599856534
TOKYOTECH_s01,163,216,170.2,-0.8724005818367004,-0.1636561940174877
TOKYOTECH_s01,163,217,170.23333333333332,-1.0214430093765259,0.3099435466294492
TOKYOTECH_s01,163,218,170.26666666666668,-1.037981390953064,0.7511417196836879
TOKYOTECH_s01,163,219,170.3,-1.1498912572860718,1.1082682983932504
TOKYOTECH_s01,163,220,170.33333333333334,-1.0001006126403809,1.3450330521532883
TOKYOTECH_s01,163,221,170.36666666666667,-0.9550532102584839,1.4440354110654066
TOKYOTECH_s01,163,222,170.4,-1.0643640756607056,1.4065246802126532
TOKYOTECH_s01,163,223,170.43333333333334,-0.9931702613830566,1.2499819085857449
TOKYOTECH_s01,163,224,170.46666666666667,-0.047449711710214615,1.0043797686090141
TOKYOTECH_s01,163,225,170.5,1.6637622117996216,0.7071433248534363
TOKYOTECH_s01,163,226,170.53333333333333,2.5643959045410156,0.3969207542464457
TOKYOTECH_s01,163,227,170.56666666666666,2.135972738265991,0.10701928912792118
TOKYOTECH_s01,163,228,170.6,1.4591586589813232,-0.14003252082677262
TOKYOTECH_s01,163,229,170.63333333333333,0.8540109395980835,-0.33523300469547307
TOKYOTECH_s01,163,230,170.66666666666666,0.2908785939216614,-0.48207731620791117
TOKYOTECH_s01,163,231,170.7,-0.013585380278527737,-0.5917346088215446
TOKYOTECH_s01,163,232,170.73333333333332,0.001417306950315833,-0.6758769239505771
TOKYOTECH_s01,163,233,170.76666666666668,0.15569689869880676,-0.7398662146173
TOKYOTECH_s01,163,234,170.8,0.26792171597480774,-0.7793355097731938
TOKYOTECH_s01,163,235,170.83333333333334,0.1749129444360733,-0.7820313021101952
TOKYOTECH_s01,163,236,170.86666666666667,-0.16636864840984344,-0.7343111001329621
TOKYOTECH_s01,163,237,170.9,-0.48516589403152466,-0.6292246086658274
TOKYOTECH_s01,163,238,170.93333333333334,-0.6364134550094604,-0.47216388459324965
TOKYOTECH_s01,163,239,170.96666666666667,-0.9270954132080078,-0.2813385834660708
TOKYOTECH_s01,164,0,164.0,-0.7969146370887756,-0.15910984746656542
TOKYOTECH_s01,164,1,164.03333333333333,-0.7821875810623169,-0.4297073165714339
TOKYOTECH_s01,164,2,164.06666666666666,-0.8802366256713867,-0.6688854070301086
TOKYOTECH_s01,164,3,164.1,-0.8445215821266174,-0.8538184844048134
TOKYOTECH_s01,164,4,164.13333333333333,-0.24122457206249237,-0.9724789017504196
TOKYOTECH_s01,164,5,164.16666666666666,1.2520743608474731,-1.0259494076514661
TOKYOTECH_s01,164,6,164.2,2.3251798152923584,-1.026957946887285
TOKYOTECH_s01,164,7,164.23333333333332,2.0641489028930664,-0.9954813078777653
TOKYOTECH_s01,164,8,164.26666666666668,1.4649471044540405,-0.9535212012879729
TOKYOTECH_s01,164,9,164.3,1.179777979850769,-0.9207254066492948
TOKYOTECH_s01,164,10,164.33333333333334,0.7535598874092102,-0.9109028543609226
TOKYOTECH_s01,164,11,164.36666666666667,0.3721923828125,-0.9283590263400092
TOKYOTECH_s01,164,12,164.4,0.267331063747406,-0.9636983505823242
TOKYOTECH_s01,164,13,164.43333333333334,0.34502214193344116,-0.9908779536028661
TOKYOTECH_s01,164,14,164.46666666666667,0.4889455735683441,-0.9690669044928173
TOKYOTECH_s01,164,15,164.5,0.2219686210155487,-0.8521028617690447
TOKYOTECH_s01,164,16,164.53333333333333,-0.08304663747549057,-0.6044955291457637
TOKYOTECH_s01,164,17,164.56666666666666,-0.4205873906612396,-0.21848491149442748
TOKYOTECH_s01,164,18,164.6,-0.7691537737846375,0.27530786977926347
TOKYOTECH_s01,164,19,164.63333333333333,-0.7875034809112549,0.8096383299535651
TOKYOTECH_s01,164,20,164.66666666666666,-0.9374909996986389,1.29646190199204
TOKYOTECH_s01,164,21,164.7,-1.0125044584274292,1.6522973911848606
TOKYOTECH_s01,164,22,164.73333333333332,-0.9337895512580872,1.8230778099399327
TOKYOTECH_s01,164,23,164.76666666666668,-0.9611960053443909,1.797883639870626
TOKYOTECH_s01,164,24,164.8,-1.002345085144043,1.606990057328872
TOKYOTECH_s01,164,25,164.83333333333334,-1.0839738845825195,1.30752985721074
TOKYOTECH_s01,164,26,164.86666666666667,-1.0505427122116089,0.9641753128863393
TOKYOTECH_s01,164,27,164.9,-0.3738861382007599,0.6318833187906645
TOKYOTECH_s01,164,28,164.93333333333334,1.1366993188858032,0.3450927454007973
TOKYOTECH_s01,164,29,164.96666666666667,2.3204152584075928,0.11475579342744925
TOKYOTECH_s01,164,30,165.0,2.192990779876709,-0.06772722186913477
TOKYOTECH_s01,164,31,165.03333333333333,1.6688419580459595,-0.2222130956550128
TOKYOTECH_s01,164,32,165.06666666666666,1.2542400360107422,-0.37066771508528756
TOKYOTECH_s01,164,33,165.1,0.741746723651886,-0.5301483183091926
TOKYOTECH_s01,164,34,165.13333333333333,0.3388793170452118,-0.7087178215177461
TOKYOTECH_s01,164,35,165.16666666666666,0.27335578203201294,-0.9031150703267696
TOKYOTECH_s01,164,36,165.2,0.3509680926799774,-1.0970238090272335
TOKYOTECH_s01,164,37,165.23333333333332,0.37420061230659485,-1.260440843053329
TOKYOTECH_s01,164,38,165.26666666666668,0.28918537497520447,-1.352283445488284
TOKYOTECH_s01,164,39,165.3,-0.13242556154727936,-1.3284101172019906
TOKYOTECH_s01,164,40,165.33333333333334,-0.40097758173942566,-1.1550272353544582
TOKYOTECH_s01,164,41,165.36666666666667,-0.6578739881515503,-0.8238985753388464
TOKYOTECH_s01,164,42,165.4,-0.9432794451713562,-0.36287489782479543
TOKYOTECH_s01,164,43,165.43333333333334,-0.9564313888549805,0.16469032635529635
TOKYOTECH_s01,164,44,165.46666666666667,-0.9515092372894287,0.6740511548990074
TOKYOTECH_s01,164,45,165.5,-1.001281976699829,1.0825815371249228
TOKYOTECH_s01,164,46,165.53333333333333,-1.0287672281265259,1.3330083851919643
TOKYOTECH_s01,164,47,165.56666666666666,-0.9870668053627014,1.4063720168188207
TOKYOTECH_s01,164,48,165.6,-1.0204192399978638,1.3207543929239032
TOKYOTECH_s01,164,49,165.63333333333333,-1.1672565937042236,1.11927694184099
TOKYOTECH_s01,164,50,165.66666666666666,-0.9967535734176636,0.8543118230015198
TOKYOTECH_s01,164,51,165.7,-0.42184746265411377,0.5738995894200288
TOKYOTECH_s01,164,52,165.73333333333332,1.2169499397277832,0.3134633562428432
TOKYOTECH_s01,164,53,165.76666666666668,2.32888126373291,0.09304448845385184
TOKYOTECH_s01,164,54,165.8,2.039656400680542,-0.08147872988058127
TOKYOTECH_s01,164,55,165.83333333333334,1.5273205041885376,-0.215222936268534
TOKYOTECH_s01,164,56,165.86666666666667,1.0947626829147339,-0.3207915180752973
TOKYOTECH_s01,164,57,165.9,0.6173543930053711,-0.41504100048822284
TOKYOTECH_s01,164,58,165.93333333333334,0.27552151679992676,-0.5156529460245644
TOKYOTECH_s01,164,59,165.96666666666667,0.15089289844036102,-0.6366169247826812
TOKYOTECH_s01,164,60,166.0,0.3631356358528137,-0.7824253994049135
TOKYOTECH_s01,164,61,166.03333333333333,0.3131660521030426,-0.9423085767342774
TOKYOTECH_s01,164,62,166.06666666666666,-0.06166485697031021,-1.087299383450563
TOKYOTECH_s01,164,63,166.1,-0.10242018848657608,-1.1731910448775231
TOKYOTECH_s01,164,64,166.13333333333333,-0.4765816926956177,-1.1508540201088646
TOKYOTECH_s01,164,65,166.16666666666666,-0.7591125965118408,-0.9822563411701073
TOKYOTECH_s01,164,66,166.2,-0.7848652601242065,-0.6571573196668518
TOKYOTECH_s01,164,67,166.23333333333332,-0.9808058142662048,-0.20361107011538646
TOKYOTECH_s01,164,68,166.26666666666668,-1.008960485458374,0.31346890592200743
TOKYOTECH_s01,164,69,166.3,-1.0530234575271606,0.8072273202067034
TOKYOTECH_s01,164,70,166.33333333333334,-1.12886381149292,1.1929595392031267
TOKYOTECH_s01,164,71,166.36666666666667,-0.9541869163513184,1.4124354853932113
TOKYOTECH_s01,164,72,166.4,-1.006716012954712,1.4488018450662263
TOKYOTECH_s01,164,73,166.43333333333334,-1.1504031419754028,1.3265586904350686
TOKYOTECH_s01,164,74,166.46666666666667,-1.1930879354476929,1.0982824680145147
TOKYOTECH_s01,164,75,166.5,-1.126501202583313,0.8253038341008319
TOKYOTECH_s01,164,76,166.53333333333333,0.13163748383522034,0.5600579276558826
TOKYOTECH_s01,164,77,166.56666666666666,2.0341434478759766,0.3348056893132498
TOKYOTECH_s01,164,78,166.6,2.395822525024414,0.15810873040064477
TOKYOTECH_s01,164,79,166.63333333333333,1.7913835048675537,0.018116942361808632
TOKYOTECH_s01,164,80,166.66666666666666,1.3099586963653564,-0.10960867966082916
TOKYOTECH_s01,164,81,166.7,0.8818506002426147,-0.2524290367511186
TOKYOTECH_s01,164,82,166.73333333333332,0.4570107161998749,-0.4314310895197614
TOKYOTECH_s01,164,83,166.76666666666668,0.23204916715621948,-0.6541394735227188
TOKYOTECH_s01,164,84,166.8,0.14482881128787994,-0.9097150797771378
TOKYOTECH_s01,164,85,166.83333333333334,0.16959702968597412,-1.1671762076885464
TOKYOTECH_s01,164,86,166.86666666666667,0.3352566063404083,-1.3779723224513722
TOKYOTECH_s01,164,87,166.9,0.13549643754959106,-1.4844300732152693
TOKYOTECH_s01,164,88,166.93333333333334,-0.29406869411468506,-1.433969380462818
TOKYOTECH_s01,164,89,166.96666666666667,-0.5604549646377563,-1.1962315968787203
TOKYOTECH_s01,164,90,167.0,-0.8169969916343689,-0.7778663551791634
TOKYOTECH_s01,164,91,167.03333333333333,-1.0073853731155396,-0.2286132650902466
TOKYOTECH_s01,164,92,167.06666666666666,-1.0868878364562988,0.3664845780735873
TOKYOTECH_s01,164,93,167.1,-1.0097874402999878,0.9087996739201607
TOKYOTECH_s01,164,94,167.13333333333333,-1.1109079122543335,1.3140014158122708
TOKYOTECH_s01,164,95,167.16666666666666,-1.1534745693206787,1.5339447112369207
TOKYOTECH_s01,164,96,167.2,-1.02325439453125,1.5640099239349845
TOKYOTECH_s01,164,97,167.23333333333332,-1.17765212059021,1.4356046144714496
TOKYOTECH_s01,164,98,167.26666666666668,-1.183046817779541,1.2001763865356203
TOKYOTECH_s01,164,99,167.3,-1.1775339841842651,0.9127486690347092
TOKYOTECH_s01,164,100,167.33333333333334,-0.5582892298698425,0.6200448260656832
TOKYOTECH_s01,164,101,167.36666666666667,1.1138999462127686,0.35413453937165246
TOKYOTECH_s01,164,102,167.4,2.3706605434417725,0.13041396432370042
TOKYOTECH_s01,164,103,167.43333333333334,2.202756404876709,-0.051434874847770456
TOKYOTECH_s01,164,104,167.46666666666667,1.6542723178863525,-0.2044842120100807
TOKYOTECH_s01,164,105,167.5,1.0701520442962646,-0.350035608142439
TOKYOTECH_s01,164,106,167.53333333333333,0.5167458057403564,-0.5113369838880649
TOKYOTECH_s01,164,107,167.56666666666666,0.11253956705331802,-0.7053505224154826
TOKYOTECH_s01,164,108,167.6,0.0448896586894989,-0.9335399115629769
TOKYOTECH_s01,164,109,167.63333333333333,0.04662225395441055,-1.174516874218343
TOKYOTECH_s01,164,110,167.66666666666666,0.219999760389328,-1.3826937055416675
TOKYOTECH_s01,164,111,167.7,0.08091973513364792,-1.4962392028570948
TOKYOTECH_s01,164,112,167.73333333333332,-0.14545938372612,-1.4541550395251497
TOKYOTECH_s01,164,113,167.76666666666668,-0.5098947286605835,-1.2179003006665812
TOKYOTECH_s01,164,114,167.8,-0.7582857012748718,-0.7900212838309636
TOKYOTECH_s01,164,115,167.83333333333334,-0.9595422148704529,-0.22180315483880664
TOKYOTECH_s01,164,116,167.86666666666667,-1.1636338233947754,0.39543795284250255
TOKYOTECH_s01,164,117,167.9,-1.143039584159851,0.9546091236437461
TOKYOTECH_s01,164,118,167.93333333333334,-1.1790302991867065,1.3638375438044985
TOKYOTECH_s01,164,119,167.96666666666667,-1.1612318754196167,1.5712999999355048
TOKYOTECH_s01,164,120,168.0,-1.118232011795044,1.574583105759055
TOKYOTECH_s01,164,121,168.03333333333333,-1.168752908706665,1.4133826412755557
TOKYOTECH_s01,164,122,168.06666666666666,-1.1920641660690308,1.1512014573571678
TOKYOTECH_s01,164,123,168.1,-1.243096947669983,0.8543234878931292
TOKYOTECH_s01,164,124,168.13333333333333,-0.6130627989768982,0.574837202106557
TOKYOTECH_s01,164,125,168.16666666666666,1.163475751876831,0.34117384679057866
TOKYOTECH_s01,164,126,168.2,2.3910973072052,0.15682360201487106
TOKYOTECH_s01,164,127,168.23333333333332,2.3326616287231445,0.005904711190264842
TOKYOTECH_s01,164,128,168.26666666666668,1.7210559844970703,-0.1372829847267732
TOKYOTECH_s01,164,129,168.3,1.2171074151992798,-0.2981313123755473
TOKYOTECH_s01,164,130,168.33333333333334,0.5958544611930847,-0.49350983753057004
TOKYOTECH_s01,164,131,168.36666666666667,0.21397505700588226,-0.7262653168513082
TOKYOTECH_s01,164,132,168.4,0.00401619728654623,-0.9820354302667637
TOKYOTECH_s01,164,133,168.43333333333334,0.06323940306901932,-1.2282186091380844
TOKYOTECH_s01,164,134,168.46666666666667,0.16880948841571808,-1.4163915648208245
TOKYOTECH_s01,164,135,168.5,0.06249123811721802,-1.4902919664053125
TOKYOTECH_s01,164,136,168.53333333333333,-0.15404359996318817,-1.4000580560602087
TOKYOTECH_s01,164,137,168.56666666666666,-0.4769754409790039,-1.1200846371109359
TOKYOTECH_s01,164,138,168.6,-0.8106178641319275,-0.6643802917598132
TOKYOTECH_s01,164,139,168.63333333333333,-0.9865942597389221,-0.09176944956428355
TOKYOTECH_s01,164,140,168.66666666666666,-1.0300272703170776,0.5045748775801467
TOKYOTECH_s01,164,141,168.7,-1.2069487571716309,1.0222253995762869
TOKYOTECH_s01,164,142,168.73333333333332,-1.159066081047058,1.3796606302417356
TOKYOTECH_s01,164,143,168.76666666666668,-1.0719245672225952,1.5380378052037933
TOKYOTECH_s01,164,144,168.8,-1.0336499214172363,1.5059716113063386
TOKYOTECH_s01,164,145,168.83333333333334,-1.0550317764282227,1.3280990358890705
TOKYOTECH_s01,164,146,168.86666666666667,-1.1281551122665405,1.0651922860894827
TOKYOTECH_s01,164,147,168.9,-1.1327621936798096,0.7749633791134982
TOKYOTECH_s01,164,148,168.93333333333334,-0.5600218176841736,0.49931999007528577
TOKYOTECH_s01,164,149,168.96666666666667,1.0778305530548096,0.2592979751137292
TOKYOTECH_s01,164,150,169.0,2.4168498516082764,0.05635543813395809
TOKYOTECH_s01,164,151,169.03333333333333,2.339198112487793,-0.12201660590612014
TOKYOTECH_s01,164,152,169.06666666666666,1.7810667753219604,-0.29467487602873044
TOKYOTECH_s01,164,153,169.1,1.1536709070205688,-0.47921379841450346
TOKYOTECH_s01,164,154,169.13333333333333,0.5280076861381531,-0.6853224903206435
TOKYOTECH_s01,164,155,169.16666666666666,0.1711721122264862,-0.9093222204639039
TOKYOTECH_s01,164,156,169.2,-0.06012914702296257,-1.1305694135178164
TOKYOTECH_s01,164,157,169.23333333333332,0.007993287406861782,-1.311391344780756
TOKYOTECH_s01,164,158,169.26666666666668,0.056230273097753525,-1.4024285659802944
TOKYOTECH_s01,164,159,169.3,0.09722186625003815,-1.3541081374864608
TOKYOTECH_s01,164,160,169.33333333333334,-0.1688494086265564,-1.1326306870716456
TOKYOTECH_s01,164,161,169.36666666666667,-0.47047823667526245,-0.7360297645151508
TOKYOTECH_s01,164,162,169.4,-0.772579550743103,-0.20384377293706646
TOKYOTECH_s01,164,163,169.43333333333334,-0.9199681878089905,0.3856275351975025
TOKYOTECH_s01,164,164,169.46666666666667,-1.0473531484603882,0.9326681280850359
TOKYOTECH_s01,164,165,169.5,-1.1111441850662231,1.3437077811149571
TOKYOTECH_s01,164,166,169.53333333333333,-1.1643033027648926,1.5584145208661813
TOKYOTECH_s01,164,167,169.56666666666666,-1.1214609146118164,1.5646463526969903
TOKYOTECH_s01,164,168,169.6,-1.1171687841415405,1.3959647101496642
TOKYOTECH_s01,164,169,169.63333333333333,-1.1767858266830444,1.1151088474928623
TOKYOTECH_s01,164,170,169.66666666666666,-1.1656814813613892,0.791680424250837
TOKYOTECH_s01,164,171,169.7,-0.9094938635826111,0.4822610470451224
TOKYOTECH_s01,164,172,169.73333333333332,0.2682761251926422,0.21837934451422555
TOKYOTECH_s01,164,173,169.76666666666668,1.9749597311019897,0.00425178757348792
TOKYOTECH_s01,164,174,169.8,2.413069725036621,-0.17669200335382892
TOKYOTECH_s01,164,175,169.83333333333334,1.832887053489685,-0.3496738767595776
TOKYOTECH_s01,164,176,169.86666666666667,1.1765884160995483,-0.5354261766178848
TOKYOTECH_s01,164,177,169.9,0.5255662798881531,-0.7404407218540322
TOKYOTECH_s01,164,178,169.93333333333334,0.14738832414150238,-0.9528683579133882
TOKYOTECH_s01,164,179,169.96666666666667,-0.12266003340482712,-1.1439074906387316
TOKYOTECH_s01,164,180,170.0,-0.07217855006456375,-1.2734595624376064
TOKYOTECH_s01,164,181,170.03333333333333,0.20515458285808563,-1.2989111103743352
TOKYOTECH_s01,164,182,170.06666666666666,0.12116315960884094,-1.1859995464512327
TOKYOTECH_s01,164,183,170.1,-0.0791482999920845,-0.9201196083990821
TOKYOTECH_s01,164,184,170.13333333333333,-0.3691214919090271,-0.5152141651138774
TOKYOTECH_s01,164,185,170.16666666666666,-0.6248365640640259,-0.01647671097777201
TOKYOTECH_s01,164,186,170.2,-0.8724005818367004,0.5062182771156126
TOKYOTECH_s01,164,187,170.23333333333332,-1.0214430093765259,0.9739243523478492
TOKYOTECH_s01,164,188,170.26666666666668,-1.037981390953064,1.3181001535182737
TOKYOTECH_s01,164,189,170.3,-1.1498912572860718,1.4962085416879118
TOKYOTECH_s01,164,190,170.33333333333334,-1.0001006126403809,1.498155409787114
TOKYOTECH_s01,164,191,170.36666666666667,-0.9550532102584839,1.3432838766342627
TOKYOTECH_s01,164,192,170.4,-1.0643640756607056,1.0711817732204476
TOKYOTECH_s01,164,193,170.43333333333334,-0.9931702613830566,0.7303605474703232
TOKYOTECH_s01,164,194,170.46666666666667,-0.047449711710214615,0.36779639365498307
TOKYOTECH_s01,164,195,170.5,1.6637622117996216,0.02103194803021163
TOKYOTECH_s01,164,196,170.53333333333333,2.5643959045410156,-0.28602571521289605
TOKYOTECH_s01,164,197,170.56666666666666,2.135972738265991,-0.5430922425036071
TOKYOTECH_s01,164,198,170.6,1.4591586589813232,-0.7501557195201024
TOKYOTECH_s01,164,199,170.63333333333333,0.8540109395980835,-0.9127242681271113
TOKYOTECH_s01,164,200,170.66666666666666,0.2908785939216614,-1.0372239777183445
TOKYOTECH_s01,164,201,170.7,-0.013585380278527737,-1.1270729686179117
TOKYOTECH_s01,164,202,170.73333333333332,0.001417306950315833,-1.1795865489313102
TOKYOTECH_s01,164,203,170.76666666666668,0.15569689869880676,-1.1843662731231375
TOKYOTECH_s01,164,204,170.8,0.26792171597480774,-1.124479169985031
TOKYOTECH_s01,164,205,170.83333333333334,0.1749129444360733,-0.9814674810937718
TOKYOTECH_s01,164,206,170.86666666666667,-0.16636864840984344,-0.7435386305665818
TOKYOTECH_s01,164,207,170.9,-0.48516589403152466,-0.4139645253378623
TOKYOTECH_s01,164,208,170.93333333333334,-0.6364134550094604,-0.015427420967215739
TOKYOTECH_s01,164,209,170.96666666666667,-0.9270954132080078,0.41252391027432217
TOKYOTECH_s01,164,210,171.0,-0.9747023582458496,0.8218221855882109
TOKYOTECH_s01,164,211,171.03333333333333,-1.001715064048767,1.1658968660866966
TOKYOTECH_s01,164,212,171.06666666666666,-0.8795278668403625,1.407724007793467
TOKYOTECH_s01,164,213,171.1,-0.9283948540687561,1.5247855564241053
TOKYOTECH_s01,164,214,171.13333333333333,-0.9745054841041565,1.5114354602047997
TOKYOTECH_s01,164,215,171.16666666666666,-0.6711047291755676,1.3790691018056234
TOKYOTECH_s01,164,216,171.2,0.5729369521141052,1.1535942750406558
TOKYOTECH_s01,164,217,171.23333333333332,2.0565097332000732,0.8696541275650288
TOKYOTECH_s01,164,218,171.26666666666668,2.4213387966156006,0.5625989207939042
TOKYOTECH_s01,164,219,171.3,1.8768712282180786,0.26094718039587556
TOKYOTECH_s01,164,220,171.33333333333334,1.240851879119873,-0.017732591280926222
TOKYOTECH_s01,164,221,171.36666666666667,0.794118344783783,-0.2660948899182368
TOKYOTECH_s01,164,222,171.4,0.45185229182243347,-0.48226218149926636
TOKYOTECH_s01,164,223,171.43333333333334,0.11454780399799347,-0.6636679767931183
TOKYOTECH_s01,164,224,171.46666666666667,0.18160705268383026,-0.8026616607733125
TOKYOTECH_s01,164,225,171.5,0.37317678332328796,-0.8862088730531312
TOKYOTECH_s01,164,226,171.53333333333333,0.3241128921508789,-0.9002174211367504
TOKYOTECH_s01,164,227,171.56666666666666,0.0354391485452652,-0.8367677166839348
TOKYOTECH_s01,164,228,171.6,-0.34588897228240967,-0.7006643817431845
TOKYOTECH_s01,164,229,171.63333333333333,-0.5969969630241394,-0.5114571915924941
TOKYOTECH_s01,164,230,171.66666666666666,-0.776241660118103,-0.29907084344085977
TOKYOTECH_s01,164,231,171.7,-0.9656062722206116,-0.09475713002289786
TOKYOTECH_s01,164,232,171.73333333333332,-0.9180780649185181,0.07775755666918718
TOKYOTECH_s01,164,233,171.76666666666668,-0.9110689163208008,0.20607863788003838
TOKYOTECH_s01,164,234,171.8,-0.9122108817100525,0.28694617021226354
TOKYOTECH_s01,164,235,171.83333333333334,-0.8624775409698486,0.3213572026344953
TOKYOTECH_s01,164,236,171.86666666666667,-0.8565316200256348,0.31126903435813924
TOKYOTECH_s01,164,237,171.9,-0.5575804114341736,0.2597772697536329
TOKYOTECH_s01,164,238,171.93333333333334,0.9109896421432495,0.17341600486593908
TOKYOTECH_s01,164,239,171.96666666666667,2.2994272708892822,0.06363453676864778
TOKYOTECH_s01,165,0,165.0,2.192990779876709,-0.0894766335096843
TOKYOTECH_s01,165,1,165.03333333333333,1.6688419580459595,-0.27225243306389846
TOKYOTECH_s01,165,2,165.06666666666666,1.2542400360107422,-0.44176330131908104
TOKYOTECH_s01,165,3,165.1,0.741746723651886,-0.5901770694191347
TOKYOTECH_s01,165,4,165.13333333333333,0.3388793170452118,-0.7144608642330496
TOKYOTECH_s01,165,5,165.16666666666666,0.27335578203201294,-0.8154692934672819
TOKYOTECH_s01,165,6,165.2,0.3509680926799774,-0.8940767202660818
TOKYOTECH_s01,165,7,165.23333333333332,0.37420061230659485,-0.9460260517942319
TOKYOTECH_s01,165,8,165.26666666666668,0.28918537497520447,-0.9586011077806308
TOKYOTECH_s01,165,9,165.3,-0.13242556154727936,-0.912048024585066
TOKYOTECH_s01,165,10,165.33333333333334,-0.40097758173942566,-0.786624046932566
TOKYOTECH_s01,165,11,165.36666666666667,-0.6578739881515503,-0.57299679019911
TOKYOTECH_s01,165,12,165.4,-0.9432794451713562,-0.2810594938838203
TOKYOTECH_s01,165,13,165.43333333333334,-0.9564313888549805,0.0579681590792274
TOKYOTECH_s01,165,14,165.46666666666667,-0.9515092372894287,0.39823926857871605
TOKYOTECH_s01,165,15,165.5,-1.001281976699829,0.6921764122292988
TOKYOTECH_s01,165,16,165.53333333333333,-1.0287672281265259,0.9034987798005656
TOKYOTECH_s01,165,17,165.56666666666666,-0.9870668053627014,1.0146073318978908
TOKYOTECH_s01,165,18,165.6,-1.0204192399978638,1.026650000360563
TOKYOTECH_s01,165,19,165.63333333333333,-1.1672565937042236,0.9547726146617962
TOKYOTECH_s01,165,20,165.66666666666666,-0.9967535734176636,0.8219851249615399
TOKYOTECH_s01,165,21,165.7,-0.42184746265411377,0.6536522350777435
TOKYOTECH_s01,165,22,165.73333333333332,1.2169499397277832,0.4732864454441385
TOKYOTECH_s01,165,23,165.76666666666668,2.32888126373291,0.29973768904261
TOKYOTECH_s01,165,24,165.8,2.039656400680542,0.14562845536448912
TOKYOTECH_s01,165,25,165.83333333333334,1.5273205041885376,0.016703017709563027
TOKYOTECH_s01,165,26,165.86666666666667,1.0947626829147339,-0.08833557223562549
TOKYOTECH_s01,165,27,165.9,0.6173543930053711,-0.17762578134877297
TOKYOTECH_s01,165,28,165.93333333333334,0.27552151679992676,-0.26498077101939305
TOKYOTECH_s01,165,29,165.96666666666667,0.15089289844036102,-0.3667031907252495
TOKYOTECH_s01,165,30,166.0,0.3631356358528137,-0.4958760909578964
TOKYOTECH_s01,165,31,166.03333333333333,0.3131660521030426,-0.6550977217027314
TOKYOTECH_s01,165,32,166.06666666666666,-0.06166485697031021,-0.8302858505184636
TOKYOTECH_s01,165,33,166.1,-0.10242018848657608,-0.9889592892211179
TOKYOTECH_s01,165,34,166.13333333333333,-0.4765816926956177,-1.0855065602090785
TOKYOTECH_s01,165,35,166.16666666666666,-0.7591125965118408,-1.0733675502607158
TOKYOTECH_s01,165,36,166.2,-0.7848652601242065,-0.9207509848532192
TOKYOTECH_s01,165,37,166.23333333333332,-0.9808058142662048,-0.6242741929172269
TOKYOTECH_s01,165,38,166.26666666666668,-1.008960485458374,-0.21506436153218886
TOKYOTECH_s01,165,39,166.3,-1.0530234575271606,0.24590178326430254
TOKYOTECH_s01,165,40,166.33333333333334,-1.12886381149292,0.6829916571654795
TOKYOTECH_s01,165,41,166.36666666666667,-0.9541869163513184,1.0270710724748076
TOKYOTECH_s01,165,42,166.4,-1.006716012954712,1.2342388985279866
TOKYOTECH_s01,165,43,166.43333333333334,-1.1504031419754028,1.2941950597886247
TOKYOTECH_s01,165,44,166.46666666666667,-1.1930879354476929,1.2262490511922182
TOKYOTECH_s01,165,45,166.5,-1.126501202583313,1.0674205201588927
TOKYOTECH_s01,165,46,166.53333333333333,0.13163748383522034,0.8588789541765414
TOKYOTECH_s01,165,47,166.56666666666666,2.0341434478759766,0.6350687258114328
TOKYOTECH_s01,165,48,166.6,2.395822525024414,0.41752373279947264
TOKYOTECH_s01,165,49,166.63333333333333,1.7913835048675537,0.21355048134078736
TOKYOTECH_s01,165,50,166.66666666666666,1.3099586963653564,0.01855524023771323
TOKYOTECH_s01,165,51,166.7,0.8818506002426147,-0.1795759381838381
TOKYOTECH_s01,165,52,166.73333333333332,0.4570107161998749,-0.3948126759290071
TOKYOTECH_s01,165,53,166.76666666666668,0.23204916715621948,-0.6361312477883689
TOKYOTECH_s01,165,54,166.8,0.14482881128787994,-0.9002366574263507
TOKYOTECH_s01,165,55,166.83333333333334,0.16959702968597412,-1.1659938035533992
TOKYOTECH_s01,165,56,166.86666666666667,0.3352566063404083,-1.3934596677498947
TOKYOTECH_s01,165,57,166.9,0.13549643754959106,-1.5297603376669209
TOKYOTECH_s01,165,58,166.93333333333334,-0.29406869411468506,-1.5219544443762796
TOKYOTECH_s01,165,59,166.96666666666667,-0.5604549646377563,-1.3340527323182847
TOKYOTECH_s01,165,60,167.0,-0.8169969916343689,-0.9626643758941372
TOKYOTECH_s01,165,61,167.03333333333333,-1.0073853731155396,-0.4447283900325843
TOKYOTECH_s01,165,62,167.06666666666666,-1.0868878364562988,0.14741359247335234
TOKYOTECH_s01,165,63,167.1,-1.0097874402999878,0.7235161586111779
TOKYOTECH_s01,165,64,167.13333333333333,-1.1109079122543335,1.199283008528457
TOKYOTECH_s01,165,65,167.16666666666666,-1.1534745693206787,1.5169672015709712
TOKYOTECH_s01,165,66,167.2,-1.02325439453125,1.6552184913899954
TOKYOTECH_s01,165,67,167.23333333333332,-1.17765212059021,1.6265202322352725
TOKYOTECH_s01,165,68,167.26666666666668,-1.183046817779541,1.4661801256445643
TOKYOTECH_s01,165,69,167.3,-1.1775339841842651,1.2191429379819967
TOKYOTECH_s01,165,70,167.33333333333334,-0.5582892298698425,0.9292189335758252
TOKYOTECH_s01,165,71,167.36666666666667,1.1138999462127686,0.6320889205204994
TOKYOTECH_s01,165,72,167.4,2.3706605434417725,0.35146311778969747
TOKYOTECH_s01,165,73,167.43333333333334,2.202756404876709,0.0975175833395589
TOKYOTECH_s01,165,74,167.46666666666667,1.6542723178863525,-0.13267808661306532
TOKYOTECH_s01,165,75,167.5,1.0701520442962646,-0.35234396425000164
TOKYOTECH_s01,165,76,167.53333333333333,0.5167458057403564,-0.5791834325345973
TOKYOTECH_s01,165,77,167.56666666666666,0.11253956705331802,-0.8267335480193068
TOKYOTECH_s01,165,78,167.6,0.0448896586894989,-1.094649933176128
TOKYOTECH_s01,165,79,167.63333333333333,0.04662225395441055,-1.3613812175660396
TOKYOTECH_s01,165,80,167.66666666666666,0.219999760389328,-1.5832305335473797
TOKYOTECH_s01,165,81,167.7,0.08091973513364792,-1.702307037956682
TOKYOTECH_s01,165,82,167.73333333333332,-0.14545938372612,-1.6624834804999018
TOKYOTECH_s01,165,83,167.76666666666668,-0.5098947286605835,-1.428829988363866
TOKYOTECH_s01,165,84,167.8,-0.7582857012748718,-1.0038809085239557
TOKYOTECH_s01,165,85,167.83333333333334,-0.9595422148704529,-0.4340658000769146
TOKYOTECH_s01,165,86,167.86666666666667,-1.1636338233947754,0.1980886893967994
TOKYOTECH_s01,165,87,167.9,-1.143039584159851,0.7951019083868092
TOKYOTECH_s01,165,88,167.93333333333334,-1.1790302991867065,1.2712165359548429
TOKYOTECH_s01,165,89,167.96666666666667,-1.1612318754196167,1.5734099617769846
TOKYOTECH_s01,165,90,168.0,-1.118232011795044,1.6891546097281283
TOKYOTECH_s01,165,91,168.03333333333333,-1.168752908706665,1.6406664293710365
TOKYOTECH_s01,165,92,168.06666666666666,-1.1920641660690308,1.470941154419345
TOKYOTECH_s01,165,93,168.1,-1.243096947669983,1.2283430160291262
TOKYOTECH_s01,165,94,168.13333333333333,-0.6130627989768982,0.9545599895284512
TOKYOTECH_s01,165,95,168.16666666666666,1.163475751876831,0.6777821212150732
TOKYOTECH_s01,165,96,168.2,2.3910973072052,0.4110513859655389
TOKYOTECH_s01,165,97,168.23333333333332,2.3326616287231445,0.15481008627593515
TOKYOTECH_s01,165,98,168.26666666666668,1.7210559844970703,-0.09801803784223025
TOKYOTECH_s01,165,99,168.3,1.2171074151992798,-0.3563045131341673
TOKYOTECH_s01,165,100,168.33333333333334,0.5958544611930847,-0.6256162568630057
TOKYOTECH_s01,165,101,168.36666666666667,0.21397505700588226,-0.9039931962638594
TOKYOTECH_s01,165,102,168.4,0.00401619728654623,-1.1783341128123677
TOKYOTECH_s01,165,103,168.43333333333334,0.06323940306901932,-1.421768845196123
TOKYOTECH_s01,165,104,168.46666666666667,0.16880948841571808,-1.5939054059714575
TOKYOTECH_s01,165,105,168.5,0.06249123811721802,-1.6465225264104926
TOKYOTECH_s01,165,106,168.53333333333333,-0.15404359996318817,-1.5357270049859555
TOKYOTECH_s01,165,107,168.56666666666666,-0.4769754409790039,-1.2383052232929999
TOKYOTECH_s01,165,108,168.6,-0.8106178641319275,-0.7666569977819123
TOKYOTECH_s01,165,109,168.63333333333333,-0.9865942597389221,-0.17503211982268507
TOKYOTECH_s01,165,110,168.66666666666666,-1.0300272703170776,0.4486435346481999
TOKYOTECH_s01,165,111,168.7,-1.2069487571716309,1.0051812715426591
TOKYOTECH_s01,165,112,168.73333333333332,-1.159066081047058,1.4123597453273624
TOKYOTECH_s01,165,113,168.76666666666668,-1.0719245672225952,1.6263329823920234
TOKYOTECH_s01,165,114,168.8,-1.0336499214172363,1.647671932415649
TOKYOTECH_s01,165,115,168.83333333333334,-1.0550317764282227,1.5121440171000626
TOKYOTECH_s01,165,116,168.86666666666667,-1.1281551122665405,1.2730193075208176
TOKYOTECH_s01,165,117,168.9,-1.1327621936798096,0.9833562015668496
TOKYOTECH_s01,165,118,168.93333333333334,-0.5600218176841736,0.6839465143440644
TOKYOTECH_s01,165,119,168.96666666666667,1.0778305530548096,0.3984043980778681
TOKYOTECH_s01,165,120,169.0,2.4168498516082764,0.13412944066651103
TOKYOTECH_s01,165,121,169.03333333333333,2.339198112487793,-0.11305262789976678
TOKYOTECH_s01,165,122,169.06666666666666,1.7810667753219604,-0.35272074854081426
TOKYOTECH_s01,165,123,169.1,1.1536709070205688,-0.5936750669990215
TOKYOTECH_s01,165,124,169.13333333333333,0.5280076861381531,-0.8383654141744306
TOKYOTECH_s01,165,125,169.16666666666666,0.1711721122264862,-1.0782105767626105
TOKYOTECH_s01,165,126,169.2,-0.06012914702296257,-1.2906780973297496
TOKYOTECH_s01,165,127,169.23333333333332,0.007993287406861782,-1.43982870725521
TOKYOTECH_s01,165,128,169.26666666666668,0.056230273097753525,-1.4820375652207327
TOKYOTECH_s01,165,129,169.3,0.09722186625003815,-1.3772377181205335
TOKYOTECH_s01,165,130,169.33333333333334,-0.1688494086265564,-1.103546193738192
TOKYOTECH_s01,165,131,169.36666666666667,-0.47047823667526245,-0.670596854511142
TOKYOTECH_s01,165,132,169.4,-0.772579550743103,-0.12572067487692382
TOKYOTECH_s01,165,133,169.43333333333334,-0.9199681878089905,0.4516342551056971
TOKYOTECH_s01,165,134,169.46666666666667,-1.0473531484603882,0.9679168115346843
TOKYOTECH_s01,165,135,169.5,-1.1111441850662231,1.3409161406373267
TOKYOTECH_s01,165,136,169.53333333333333,-1.1643033027648926,1.5227965046228105
TOKYOTECH_s01,165,137,169.56666666666666,-1.1214609146118164,1.5109157545713527
TOKYOTECH_s01,165,138,169.6,-1.1171687841415405,1.3427949432594632
TOKYOTECH_s01,165,139,169.63333333333333,-1.1767858266830444,1.0792172308958363
TOKYOTECH_s01,165,140,169.66666666666666,-1.1656814813613892,0.7831810801751591
TOKYOTECH_s01,165,141,169.7,-0.9094938635826111,0.5019791194049479
TOKYOTECH_s01,165,142,169.73333333333332,0.2682761251926422,0.25723351731875477
TOKYOTECH_s01,165,143,169.76666666666668,1.9749597311019897,0.04476053940510875
TOKYOTECH_s01,165,144,169.8,2.413069725036621,-0.156717351499761
TOKYOTECH_s01,165,145,169.83333333333334,1.832887053489685,-0.3715458741541289
TOKYOTECH_s01,165,146,169.86666666666667,1.1765884160995483,-0.6131074175602045
TOKYOTECH_s01,165,147,169.9,0.5255662798881531,-0.8748109090158259
TOKYOTECH_s01,165,148,169.93333333333334,0.14738832414150238,-1.128458957442407
TOKYOTECH_s01,165,149,169.96666666666667,-0.12266003340482712,-1.3293633529313926
TOKYOTECH_s01,165,150,170.0,-0.07217855006456375,-1.426296288380149
TOKYOTECH_s01,165,151,170.03333333333333,0.20515458285808563,-1.374333809915145
TOKYOTECH_s01,165,152,170.06666666666666,0.12116315960884094,-1.1484483875401656
TOKYOTECH_s01,165,153,170.1,-0.0791482999920845,-0.75481089899995
TOKYOTECH_s01,165,154,170.13333333333333,-0.3691214919090271,-0.23578323007422858
TOKYOTECH_s01,165,155,170.16666666666666,-0.6248365640640259,0.3350188076117617
TOKYOTECH_s01,165,156,170.2,-0.8724005818367004,0.8683737308394469
TOKYOTECH_s01,165,157,170.23333333333332,-1.0214430093765259,1.2818449168100776
TOKYOTECH_s01,165,158,170.26666666666668,-1.037981390953064,1.5206570887761637
TOKYOTECH_s01,165,159,170.3,-1.1498912572860718,1.5686728480275862
TOKYOTECH_s01,165,160,170.33333333333334,-1.0001006126403809,1.4463199473920278
TOKYOTECH_s01,165,161,170.36666666666667,-0.9550532102584839,1.1986863840289772
TOKYOTECH_s01,165,162,170.4,-1.0643640756607056,0.8798167837384038
TOKYOTECH_s01,165,163,170.43333333333334,-0.9931702613830566,0.5384903371564052
TOKYOTECH_s01,165,164,170.46666666666667,-0.047449711710214615,0.20874639164810443
TOKYOTECH_s01,165,165,170.5,1.6637622117996216,-0.09338442800660268
TOKYOTECH_s01,165,166,170.53333333333333,2.5643959045410156,-0.36683484158657426
TOKYOTECH_s01,165,167,170.56666666666666,2.135972738265991,-0.6176152678986523
TOKYOTECH_s01,165,168,170.6,1.4591586589813232,-0.8495028488315496
TOKYOTECH_s01,165,169,170.63333333333333,0.8540109395980835,-1.057337348730421
TOKYOTECH_s01,165,170,170.66666666666666,0.2908785939216614,-1.225121389512766
TOKYOTECH_s01,165,171,170.7,-0.013585380278527737,-1.3284800513194595
TOKYOTECH_s01,165,172,170.73333333333332,0.001417306950315833,-1.3397684247560733
TOKYOTECH_s01,165,173,170.76666666666668,0.15569689869880676,-1.2345231651477777
TOKYOTECH_s01,165,174,170.8,0.26792171597480774,-0.9988714190685921
TOKYOTECH_s01,165,175,170.83333333333334,0.1749129444360733,-0.6373299968456398
TOKYOTECH_s01,165,176,170.86666666666667,-0.16636864840984344,-0.17869488256512467
TOKYOTECH_s01,165,177,170.9,-0.48516589403152466,0.32376992464357934
TOKYOTECH_s01,165,178,170.93333333333334,-0.6364134550094604,0.8007052756410895
TOKYOTECH_s01,165,179,170.96666666666667,-0.9270954132080078,1.1826404875896943
TOKYOTECH_s01,165,180,171.0,-0.9747023582458496,1.4178509675282662
TOKYOTECH_s01,165,181,171.03333333333333,-1.001715064048767,1.48457445737234
TOKYOTECH_s01,165,182,171.06666666666666,-0.8795278668403625,1.3933370878707174
TOKYOTECH_s01,165,183,171.1,-0.9283948540687561,1.1802232311604637
TOKYOTECH_s01,165,184,171.13333333333333,-0.9745054841041565,0.89475319472451
TOKYOTECH_s01,165,185,171.16666666666666,-0.6711047291755676,0.5863651104619867
TOKYOTECH_s01,165,186,171.2,0.5729369521141052,0.29289670423137537
TOKYOTECH_s01,165,187,171.23333333333332,2.0565097332000732,0.03360452269977776
TOKYOTECH_s01,165,188,171.26666666666668,2.4213387966156006,-0.1918257847015556
TOKYOTECH_s01,165,189,171.3,1.8768712282180786,-0.3981156892897502
TOKYOTECH_s01,165,190,171.33333333333334,1.240851879119873,-0.6043751402148239
TOKYOTECH_s01,165,191,171.36666666666667,0.794118344783783,-0.82205186237437
TOKYOTECH_s01,165,192,171.4,0.45185229182243347,-1.0448349077509715
TOKYOTECH_s01,165,193,171.43333333333334,0.11454780399799347,-1.244481594168509
TOKYOTECH_s01,165,194,171.46666666666667,0.18160705268383026,-1.374902692236978
TOKYOTECH_s01,165,195,171.5,0.37317678332328796,-1.3842543601389243
TOKYOTECH_s01,165,196,171.53333333333333,0.3241128921508789,-1.2321791284563244
TOKYOTECH_s01,165,197,171.56666666666666,0.0354391485452652,-0.9070445082070319
TOKYOTECH_s01,165,198,171.6,-0.34588897228240967,-0.43660161015345095
TOKYOTECH_s01,165,199,171.63333333333333,-0.5969969630241394,0.11363739233112355
TOKYOTECH_s01,165,200,171.66666666666666,-0.776241660118103,0.6559006560002496
TOKYOTECH_s01,165,201,171.7,-0.9656062722206116,1.1047796891408912
TOKYOTECH_s01,165,202,171.73333333333332,-0.9180780649185181,1.4007368104153148
TOKYOTECH_s01,165,203,171.76666666666668,-0.9110689163208008,1.5222809301533036
TOKYOTECH_s01,165,204,171.8,-0.9122108817100525,1.4834489724618793
TOKYOTECH_s01,165,205,171.83333333333334,-0.8624775409698486,1.321288242320876
TOKYOTECH_s01,165,206,171.86666666666667,-0.8565316200256348,1.081107840392179
TOKYOTECH_s01,165,207,171.9,-0.5575804114341736,0.8051563860643906
TOKYOTECH_s01,165,208,171.93333333333334,0.9109896421432495,0.5263764130666243
TOKYOTECH_s01,165,209,171.96666666666667,2.2994272708892822,0.26597302307362636
TOKYOTECH_s01,165,210,172.0,2.4062180519104004,0.03306357844565266
TOKYOTECH_s01,165,211,172.03333333333333,1.8332808017730713,-0.17422492185378957
TOKYOTECH_s01,165,212,172.06666666666666,1.2577840089797974,-0.36585531403989385
TOKYOTECH_s01,165,213,172.1,0.8649578094482422,-0.5547650287361192
TOKYOTECH_s01,165,214,172.13333333333333,0.4376765489578247,-0.749966492252969
TOKYOTECH_s01,165,215,172.16666666666666,0.15522438287734985,-0.949502345805949
TOKYOTECH_s01,165,216,172.2,0.2919023931026459,-1.1357863690052097
TOKYOTECH_s01,165,217,172.23333333333332,0.38691940903663635,-1.2759887880384246
TOKYOTECH_s01,165,218,172.26666666666668,0.26587411761283875,-1.329160389756801
TOKYOTECH_s01,165,219,172.3,0.1293535977602005,-1.2594337855917077
TOKYOTECH_s01,165,220,172.33333333333334,-0.1688494086265564,-1.0513562166349406
TOKYOTECH_s01,165,221,172.36666666666667,-0.5845931768417358,-0.7209047737728682
TOKYOTECH_s01,165,222,172.4,-0.759821355342865,-0.3160030953016676
TOKYOTECH_s01,165,223,172.43333333333334,-0.8600755333900452,0.09553916752797985
TOKYOTECH_s01,165,224,172.46666666666667,-0.9312694072723389,0.4461889325716711
TOKYOTECH_s01,165,225,172.5,-0.9693864583969116,0.6879442302479485
TOKYOTECH_s01,165,226,172.53333333333333,-0.960250973701477,0.802661506809377
TOKYOTECH_s01,165,227,172.56666666666666,-0.9289461374282837,0.8007247606062641
TOKYOTECH_s01,165,228,172.6,-0.999982476234436,0.7111272250428605
TOKYOTECH_s01,165,229,172.63333333333333,-0.9844285249710083,0.5690642461600915
TOKYOTECH_s01,165,230,172.66666666666666,-0.06902837753295898,0.4062536845064528
TOKYOTECH_s01,165,231,172.7,1.649940848350525,0.24623375743616807
TOKYOTECH_s01,165,232,172.73333333333332,2.564120292663574,0.10429752065947458
TOKYOTECH_s01,165,233,172.76666666666668,2.1587328910827637,-0.00982367313636106
TOKYOTECH_s01,165,234,172.8,1.5156254768371582,-0.08907339248341996
TOKYOTECH_s01,165,235,172.83333333333334,1.158356785774231,-0.12797547782524588
TOKYOTECH_s01,165,236,172.86666666666667,0.762262225151062,-0.12364701600018889
TOKYOTECH_s01,165,237,172.9,0.32108086347579956,-0.0776971732041508
TOKYOTECH_s01,165,238,172.93333333333334,0.25114706158638,0.0024908921152405183
TOKYOTECH_s01,165,239,172.96666666666667,0.4404723048210144,0.10395015317836934
TOKYOTECH_s01,166,0,166.0,0.3631356358528137,0.019947527684856546
TOKYOTECH_s01,166,1,166.03333333333333,0.3131660521030426,-0.3096920782087297
TOKYOTECH_s01,166,2,166.06666666666666,-0.06166485697031021,-0.6130287505404999
TOKYOTECH_s01,166,3,166.1,-0.10242018848657608,-0.8619491065841772
TOKYOTECH_s01,166,4,166.13333333333333,-0.4765816926956177,-1.0268953034741206
TOKYOTECH_s01,166,5,166.16666666666666,-0.7591125965118408,-1.0807877454792287
TOKYOTECH_s01,166,6,166.2,-0.7848652601242065,-1.0057001900495934
TOKYOTECH_s01,166,7,166.23333333333332,-0.9808058142662048,-0.8007309009550564
TOKYOTECH_s01,166,8,166.26666666666668,-1.008960485458374,-0.4881481943075067
TOKYOTECH_s01,166,9,166.3,-1.0530234575271606,-0.11398376110733106
TOKYOTECH_s01,166,10,166.33333333333334,-1.12886381149292,0.25968357045173895
TOKYOTECH_s01,166,11,166.36666666666667,-0.9541869163513184,0.5699093574060305
TOKYOTECH_s01,166,12,166.4,-1.006716012954712,0.7700296303118024
TOKYOTECH_s01,166,13,166.43333333333334,-1.1504031419754028,0.8413453251952104
TOKYOTECH_s01,166,14,166.46666666666667,-1.1930879354476929,0.7949028375633215
TOKYOTECH_s01,166,15,166.5,-1.126501202583313,0.6640210473272484
TOKYOTECH_s01,166,16,166.53333333333333,0.13163748383522034,0.4915373510615436
TOKYOTECH_s01,166,17,166.56666666666666,2.0341434478759766,0.31657389093130994
TOKYOTECH_s01,166,18,166.6,2.395822525024414,0.16488713050269857
TOKYOTECH_s01,166,19,166.63333333333333,1.7913835048675537,0.04503117905231312
TOKYOTECH_s01,166,20,166.66666666666666,1.3099586963653564,-0.04983154236373767
TOKYOTECH_s01,166,21,166.7,0.8818506002426147,-0.13639425561106203
TOKYOTECH_s01,166,22,166.73333333333332,0.4570107161998749,-0.23416386126889024
TOKYOTECH_s01,166,23,166.76666666666668,0.23204916715621948,-0.35846641294641685
TOKYOTECH_s01,166,24,166.8,0.14482881128787994,-0.5144087774238211
TOKYOTECH_s01,166,25,166.83333333333334,0.16959702968597412,-0.6925871451665826
TOKYOTECH_s01,166,26,166.86666666666667,0.3352566063404083,-0.8676365736158799
TOKYOTECH_s01,166,27,166.9,0.13549643754959106,-1.000871115515331
TOKYOTECH_s01,166,28,166.93333333333334,-0.29406869411468506,-1.0477196880812645
TOKYOTECH_s01,166,29,166.96666666666667,-0.5604549646377563,-0.9693794543623184
TOKYOTECH_s01,166,30,167.0,-0.8169969916343689,-0.7463311224047692
TOKYOTECH_s01,166,31,167.03333333333333,-1.0073853731155396,-0.38931770095616114
TOKYOTECH_s01,166,32,167.06666666666666,-1.0868878364562988,0.05780211687895584
TOKYOTECH_s01,166,33,167.1,-1.0097874402999878,0.5267965250810382
TOKYOTECH_s01,166,34,167.13333333333333,-1.1109079122543335,0.9430452504319498
TOKYOTECH_s01,166,35,167.16666666666666,-1.1534745693206787,1.2452152842318136
TOKYOTECH_s01,166,36,167.2,-1.02325439453125,1.3988034844684636
TOKYOTECH_s01,166,37,167.23333333333332,-1.17765212059021,1.399806217642477
TOKYOTECH_s01,166,38,167.26666666666668,-1.183046817779541,1.2698223752982511
TOKYOTECH_s01,166,39,167.3,-1.1775339841842651,1.046724413899098
TOKYOTECH_s01,166,40,167.33333333333334,-0.5582892298698425,0.7745412404599887
TOKYOTECH_s01,166,41,167.36666666666667,1.1138999462127686,0.4943569355651937
TOKYOTECH_s01,166,42,167.4,2.3706605434417725,0.23712189683555193
TOKYOTECH_s01,166,43,167.43333333333334,2.202756404876709,0.019122421099835973
TOKYOTECH_s01,166,44,167.46666666666667,1.6542723178863525,-0.15949311629818338
TOKYOTECH_s01,166,45,167.5,1.0701520442962646,-0.3129914230533893
TOKYOTECH_s01,166,46,167.53333333333333,0.5167458057403564,-0.46482154506665413
TOKYOTECH_s01,166,47,167.56666666666666,0.11253956705331802,-0.6387801980072895
TOKYOTECH_s01,166,48,167.6,0.0448896586894989,-0.8478541423088023
TOKYOTECH_s01,166,49,167.63333333333333,0.04662225395441055,-1.0839827657763783
TOKYOTECH_s01,166,50,167.66666666666666,0.219999760389328,-1.3131905750588855
TOKYOTECH_s01,166,51,167.7,0.08091973513364792,-1.4797285818232864
TOKYOTECH_s01,166,52,167.73333333333332,-0.14545938372612,-1.519820553198988
TOKYOTECH_s01,166,53,167.76666666666668,-0.5098947286605835,-1.3817926894997379
TOKYOTECH_s01,166,54,167.8,-0.7582857012748718,-1.0464966948416596
TOKYOTECH_s01,166,55,167.83333333333334,-0.9595422148704529,-0.5405372994176278
TOKYOTECH_s01,166,56,167.86666666666667,-1.1636338233947754,0.06450985728232585
TOKYOTECH_s01,166,57,167.9,-1.143039584159851,0.6692092745093136
TOKYOTECH_s01,166,58,167.93333333333334,-1.1790302991867065,1.174184301391715
TOKYOTECH_s01,166,59,167.96666666666667,-1.1612318754196167,1.5074414307714699
TOKYOTECH_s01,166,60,168.0,-1.118232011795044,1.6404752291192266
TOKYOTECH_s01,166,61,168.03333333333333,-1.168752908706665,1.5887083101339565
TOKYOTECH_s01,166,62,168.06666666666666,-1.1920641660690308,1.3989553816433267
TOKYOTECH_s01,166,63,168.1,-1.243096947669983,1.13089777134426
TOKYOTECH_s01,166,64,168.13333333333333,-0.6130627989768982,0.8395915938435922
TOKYOTECH_s01,166,65,168.16666666666666,1.163475751876831,0.5635165104113271
TOKYOTECH_s01,166,66,168.2,2.3910973072052,0.31996974164619585
TOKYOTECH_s01,166,67,168.23333333333332,2.3326616287231445,0.10722390831968655
TOKYOTECH_s01,166,68,168.26666666666668,1.7210559844970703,-0.08915462594307978
TOKYOTECH_s01,166,69,168.3,1.2171074151992798,-0.2888645762528127
TOKYOTECH_s01,166,70,168.33333333333334,0.5958544611930847,-0.5097363059798833
TOKYOTECH_s01,166,71,168.36666666666667,0.21397505700588226,-0.7607154930850325
TOKYOTECH_s01,166,72,168.4,0.00401619728654623,-1.035098280906786
TOKYOTECH_s01,166,73,168.43333333333334,0.06323940306901932,-1.3058143096801547
TOKYOTECH_s01,166,74,168.46666666666667,0.16880948841571808,-1.5257256222725422
TOKYOTECH_s01,166,75,168.5,0.06249123811721802,-1.6354075734626021
TOKYOTECH_s01,166,76,168.53333333333333,-0.15404359996318817,-1.5785068078408004
TOKYOTECH_s01,166,77,168.56666666666666,-0.4769754409790039,-1.321328006152668
TOKYOTECH_s01,166,78,168.6,-0.8106178641319275,-0.8701891921172483
TOKYOTECH_s01,166,79,168.63333333333333,-0.9865942597389221,-0.27871646197751354
TOKYOTECH_s01,166,80,168.66666666666666,-1.0300272703170776,0.36091491172464435
TOKYOTECH_s01,166,81,168.7,-1.2069487571716309,0.9424284233409086
TOKYOTECH_s01,166,82,168.73333333333332,-1.159066081047058,1.376277587571647
TOKYOTECH_s01,166,83,168.76666666666668,-1.0719245672225952,1.6130990443306246
TOKYOTECH_s01,166,84,168.8,-1.0336499214172363,1.6507347575212474
TOKYOTECH_s01,166,85,168.83333333333334,-1.0550317764282227,1.5251706261965166
TOKYOTECH_s01,166,86,168.86666666666667,-1.1281551122665405,1.29250969316026
TOKYOTECH_s01,166,87,168.9,-1.1327621936798096,1.0103577938636399
TOKYOTECH_s01,166,88,168.93333333333334,-0.5600218176841736,0.7240204220566193
TOKYOTECH_s01,166,89,168.96666666666667,1.0778305530548096,0.4592321276003884
TOKYOTECH_s01,166,90,169.0,2.4168498516082764,0.2213690948427771
TOKYOTECH_s01,166,91,169.03333333333333,2.339198112487793,0.0002940945347879951
TOKYOTECH_s01,166,92,169.06666666666666,1.7810667753219604,-0.22133580177075615
TOKYOTECH_s01,166,93,169.1,1.1536709070205688,-0.459153006276677
TOKYOTECH_s01,166,94,169.13333333333333,0.5280076861381531,-0.7193506609542601
TOKYOTECH_s01,166,95,169.16666666666666,0.1711721122264862,-0.9928034299722491
TOKYOTECH_s01,166,96,169.2,-0.06012914702296257,-1.2521209190395837
TOKYOTECH_s01,166,97,169.23333333333332,0.007993287406861782,-1.453510569550652
TOKYOTECH_s01,166,98,169.26666666666668,0.056230273097753525,-1.544711454856554
TOKYOTECH_s01,166,99,169.3,0.09722186625003815,-1.4783524549295888
TOKYOTECH_s01,166,100,169.33333333333334,-0.1688494086265564,-1.2279116293716694
TOKYOTECH_s01,166,101,169.36666666666667,-0.47047823667526245,-0.8016043532204996
TOKYOTECH_s01,166,102,169.4,-0.772579550743103,-0.24860871082012082
TOKYOTECH_s01,166,103,169.43333333333334,-0.9199681878089905,0.34696124417815205
TOKYOTECH_s01,166,104,169.46666666666667,-1.0473531484603882,0.8852997077373072
TOKYOTECH_s01,166,105,169.5,-1.1111441850662231,1.2784291929332836
TOKYOTECH_s01,166,106,169.53333333333333,-1.1643033027648926,1.475393012282002
TOKYOTECH_s01,166,107,169.56666666666666,-1.1214609146118164,1.474043425416607
TOKYOTECH_s01,166,108,169.6,-1.1171687841415405,1.3151293644626316
TOKYOTECH_s01,166,109,169.63333333333333,-1.1767858266830444,1.063255800720408
TOKYOTECH_s01,166,110,169.66666666666666,-1.1656814813613892,0.7838833688396082
TOKYOTECH_s01,166,111,169.7,-0.9094938635826111,0.5247453598843068
TOKYOTECH_s01,166,112,169.73333333333332,0.2682761251926422,0.30628930215861816
TOKYOTECH_s01,166,113,169.76666666666668,1.9749597311019897,0.12195067678232639
TOKYOTECH_s01,166,114,169.8,2.413069725036621,-0.05316803752906154
TOKYOTECH_s01,166,115,169.83333333333334,1.832887053489685,-0.24821474128599297
TOKYOTECH_s01,166,116,169.86666666666667,1.1765884160995483,-0.4818655612594897
TOKYOTECH_s01,166,117,169.9,0.5255662798881531,-0.7520094472369132
TOKYOTECH_s01,166,118,169.93333333333334,0.14738832414150238,-1.0324951077528164
TOKYOTECH_s01,166,119,169.96666666666667,-0.12266003340482712,-1.2767271456261382
TOKYOTECH_s01,166,120,170.0,-0.07217855006456375,-1.4268844705506358
TOKYOTECH_s01,166,121,170.03333333333333,0.20515458285808563,-1.4275865383165827
TOKYOTECH_s01,166,122,170.06666666666666,0.12116315960884094,-1.2421395715077457
TOKYOTECH_s01,166,123,170.1,-0.0791482999920845,-0.8677446111326667
TOKYOTECH_s01,166,124,170.13333333333333,-0.3691214919090271,-0.34429886992179337
TOKYOTECH_s01,166,125,170.16666666666666,-0.6248365640640259,0.2486649256365792
TOKYOTECH_s01,166,126,170.2,-0.8724005818367004,0.809370470792801
TOKYOTECH_s01,166,127,170.23333333333332,-1.0214430093765259,1.241700947073867
TOKYOTECH_s01,166,128,170.26666666666668,-1.037981390953064,1.482838855311047
TOKYOTECH_s01,166,129,170.3,-1.1498912572860718,1.5182760916968054
TOKYOTECH_s01,166,130,170.33333333333334,-1.0001006126403809,1.378594935397876
TOKYOTECH_s01,166,131,170.36666666666667,-0.9550532102584839,1.1220976517034655
TOKYOTECH_s01,166,132,170.4,-1.0643640756607056,0.8127288127491934
TOKYOTECH_s01,166,133,170.43333333333334,-0.9931702613830566,0.5020858049656085
TOKYOTECH_s01,166,134,170.46666666666667,-0.047449711710214615,0.2200275209700462
TOKYOTECH_s01,166,135,170.5,1.6637622117996216,-0.026004258667303805
TOKYOTECH_s01,166,136,170.53333333333333,2.5643959045410156,-0.24506055568117013
TOKYOTECH_s01,166,137,170.56666666666666,2.135972738265991,-0.4529838002974895
TOKYOTECH_s01,166,138,170.6,1.4591586589813232,-0.6622661974278263
TOKYOTECH_s01,166,139,170.63333333333333,0.8540109395980835,-0.8745738841706261
TOKYOTECH_s01,166,140,170.66666666666666,0.2908785939216614,-1.0774369561090231
TOKYOTECH_s01,166,141,170.7,-0.013585380278527737,-1.2447815704036138
TOKYOTECH_s01,166,142,170.73333333333332,0.001417306950315833,-1.340394029322516
TOKYOTECH_s01,166,143,170.76666666666668,0.15569689869880676,-1.3241921343933802
TOKYOTECH_s01,166,144,170.8,0.26792171597480774,-1.1620942519854283
TOKYOTECH_s01,166,145,170.83333333333334,0.1749129444360733,-0.8392327632378007
TOKYOTECH_s01,166,146,170.86666666666667,-0.16636864840984344,-0.37274956065434445
TOKYOTECH_s01,166,147,170.9,-0.48516589403152466,0.18269341831720443
TOKYOTECH_s01,166,148,170.93333333333334,-0.6364134550094604,0.7427167536025482
TOKYOTECH_s01,166,149,170.96666666666667,-0.9270954132080078,1.214498240675623
TOKYOTECH_s01,166,150,171.0,-0.9747023582458496,1.5235119118079028
TOKYOTECH_s01,166,151,171.03333333333333,-1.001715064048767,1.6336972899402886
TOKYOTECH_s01,166,152,171.06666666666666,-0.8795278668403625,1.553046587998264
TOKYOTECH_s01,166,153,171.1,-0.9283948540687561,1.3246827730094541
TOKYOTECH_s01,166,154,171.13333333333333,-0.9745054841041565,1.0093838181351102
TOKYOTECH_s01,166,155,171.16666666666666,-0.6711047291755676,0.6670025549308457
TOKYOTECH_s01,166,156,171.2,0.5729369521141052,0.3423633182882337
TOKYOTECH_s01,166,157,171.23333333333332,2.0565097332000732,0.058131432982853705
TOKYOTECH_s01,166,158,171.26666666666668,2.4213387966156006,-0.18526323219330143
TOKYOTECH_s01,166,159,171.3,1.8768712282180786,-0.40376971329486605
TOKYOTECH_s01,166,160,171.33333333333334,1.240851879119873,-0.6195386553236699
TOKYOTECH_s01,166,161,171.36666666666667,0.794118344783783,-0.8486295628214298
TOKYOTECH_s01,166,162,171.4,0.45185229182243347,-1.089799750960367
TOKYOTECH_s01,166,163,171.43333333333334,0.11454780399799347,-1.3181873381950635
TOKYOTECH_s01,166,164,171.46666666666667,0.18160705268383026,-1.4869973937035241
TOKYOTECH_s01,166,165,171.5,0.37317678332328796,-1.538220382394643
TOKYOTECH_s01,166,166,171.53333333333333,0.3241128921508789,-1.4205036347336262
TOKYOTECH_s01,166,167,171.56666666666666,0.0354391485452652,-1.1092725050606511
TOKYOTECH_s01,166,168,171.6,-0.34588897228240967,-0.6220402833890158
TOKYOTECH_s01,166,169,171.63333333333333,-0.5969969630241394,-0.0217693693254599
TOKYOTECH_s01,166,170,171.66666666666666,-0.776241660118103,0.5957707150504327
TOKYOTECH_s01,166,171,171.7,-0.9656062722206116,1.128063284283399
TOKYOTECH_s01,166,172,171.73333333333332,-0.9180780649185181,1.4949924579214684
TOKYOTECH_s01,166,173,171.76666666666668,-0.9110689163208008,1.6582397818186632
TOKYOTECH_s01,166,174,171.8,-0.9122108817100525,1.6242030880486986
TOKYOTECH_s01,166,175,171.83333333333334,-0.8624775409698486,1.4330128075128234
TOKYOTECH_s01,166,176,171.86666666666667,-0.8565316200256348,1.1414164531475297
TOKYOTECH_s01,166,177,171.9,-0.5575804114341736,0.8068191598341686
TOKYOTECH_s01,166,178,171.93333333333334,0.9109896421432495,0.4761080790782982
TOKYOTECH_s01,166,179,171.96666666666667,2.2994272708892822,0.1794372006716572
TOKYOTECH_s01,166,180,172.0,2.4062180519104004,-0.07197505986483281
TOKYOTECH_s01,166,181,172.03333333333333,1.8332808017730713,-0.2844129730410198
TOKYOTECH_s01,166,182,172.06666666666666,1.2577840089797974,-0.4764614717412824
TOKYOTECH_s01,166,183,172.1,0.8649578094482422,-0.670275275729575
TOKYOTECH_s01,166,184,172.13333333333333,0.4376765489578247,-0.8807105832789398
TOKYOTECH_s01,166,185,172.16666666666666,0.15522438287734985,-1.104991488736118
TOKYOTECH_s01,166,186,172.2,0.2919023931026459,-1.3163416847440603
TOKYOTECH_s01,166,187,172.23333333333332,0.38691940903663635,-1.465123438057862
TOKYOTECH_s01,166,188,172.26666666666668,0.26587411761283875,-1.4900609870132053
TOKYOTECH_s01,166,189,172.3,0.1293535977602005,-1.3387635294260798
TOKYOTECH_s01,166,190,172.33333333333334,-0.1688494086265564,-0.9912173869095994
TOKYOTECH_s01,166,191,172.36666666666667,-0.5845931768417358,-0.47580539415979906
TOKYOTECH_s01,166,192,172.4,-0.759821355342865,0.1314037346897169
TOKYOTECH_s01,166,193,172.43333333333334,-0.8600755333900452,0.7262346059353626
TOKYOTECH_s01,166,194,172.46666666666667,-0.9312694072723389,1.207237319332027
TOKYOTECH_s01,166,195,172.5,-0.9693864583969116,1.5042818063960433
TOKYOTECH_s01,166,196,172.53333333333333,-0.960250973701477,1.5937125349627275
TOKYOTECH_s01,166,197,172.56666666666666,-0.9289461374282837,1.4966709750542155
TOKYOTECH_s01,166,198,172.6,-0.999982476234436,1.2648402584415894
TOKYOTECH_s01,166,199,172.63333333333333,-0.9844285249710083,0.961508711956399
TOKYOTECH_s01,166,200,172.66666666666666,-0.06902837753295898,0.6447791141613317
TOKYOTECH_s01,166,201,172.7,1.649940848350525,0.35646082800270473
TOKYOTECH_s01,166,202,172.73333333333332,2.564120292663574,0.11752508494445042
TOKYOTECH_s01,166,203,172.76666666666668,2.1587328910827637,-0.07057500868852376
TOKYOTECH_s01,166,204,172.8,1.5156254768371582,-0.22050934040737985
TOKYOTECH_s01,166,205,172.83333333333334,1.158356785774231,-0.3518038157295035
TOKYOTECH_s01,166,206,172.86666666666667,0.762262225151062,-0.48342627017669426
TOKYOTECH_s01,166,207,172.9,0.32108086347579956,-0.6271856044060327
TOKYOTECH_s01,166,208,172.93333333333334,0.25114706158638,-0.7825862829023504
TOKYOTECH_s01,166,209,172.96666666666667,0.4404723048210144,-0.9340426711136229
TOKYOTECH_s01,166,210,173.0,0.42338263988494873,-1.0517978976004765
TOKYOTECH_s01,166,211,173.03333333333333,0.21704646944999695,-1.0978607788845773
TOKYOTECH_s01,166,212,173.06666666666666,-0.1266764998435974,-1.0371340175220864
TOKYOTECH_s01,166,213,173.1,-0.3946772515773773,-0.8513378474797826
TOKYOTECH_s01,166,214,173.13333333333333,-0.5093434453010559,-0.5503014857857645
TOKYOTECH_s01,166,215,173.16666666666666,-0.792189359664917,-0.1743835380281778
TOKYOTECH_s01,166,216,173.2,-0.9330019950866699,0.21496363025427734
TOKYOTECH_s01,166,217,173.23333333333332,-0.9665907025337219,0.5535130258257883
TOKYOTECH_s01,166,218,173.26666666666668,-0.8711011409759521,0.7933736689972603
TOKYOTECH_s01,166,219,173.3,-0.8089640140533447,0.9143515843801481
TOKYOTECH_s01,166,220,173.33333333333334,-0.9699771404266357,0.9240775729440951
TOKYOTECH_s01,166,221,173.36666666666667,-0.9735604524612427,0.8496048171533821
TOKYOTECH_s01,166,222,173.4,-0.9352465271949768,0.7258275437000365
TOKYOTECH_s01,166,223,173.43333333333334,-0.876613974571228,0.5851683355008886
TOKYOTECH_s01,166,224,173.46666666666667,0.5069409012794495,0.4508475349339263
TOKYOTECH_s01,166,225,173.5,2.1540074348449707,0.33417283625500743
TOKYOTECH_s01,166,226,173.53333333333333,2.3445534706115723,0.2352018825782436
TOKYOTECH_s01,166,227,173.56666666666666,1.8179631233215332,0.14577624860080388
TOKYOTECH_s01,166,228,173.6,1.3492964506149292,0.05392691242963853
TOKYOTECH_s01,166,229,173.63333333333333,0.8050258159637451,-0.05131567726132158
TOKYOTECH_s01,166,230,173.66666666666666,0.462365984916687,-0.17569083967454213
TOKYOTECH_s01,166,231,173.7,0.30076226592063904,-0.3168881262678927
TOKYOTECH_s01,166,232,173.73333333333332,0.3584497570991516,-0.46356058252964155
TOKYOTECH_s01,166,233,173.76666666666668,0.582859992980957,-0.5963481122409555
TOKYOTECH_s01,166,234,173.8,0.3676246106624603,-0.6911891220208632
TOKYOTECH_s01,166,235,173.83333333333334,0.10029327869415283,-0.7249347724721841
TOKYOTECH_s01,166,236,173.86666666666667,-0.22303234040737152,-0.6821698203580429
TOKYOTECH_s01,166,237,173.9,-0.5487205982208252,-0.56096804456382
TOKYOTECH_s01,166,238,173.93333333333334,-0.7294616103172302,-0.375185555966632
TOKYOTECH_s01,166,239,173.96666666666667,-0.9596209526062012,-0.15217069708707207
TOKYOTECH_s01,167,0,167.0,-0.8169969916343689,0.09698644993575851
TOKYOTECH_s01,167,1,167.03333333333333,-1.0073853731155396,0.28874551824589373
TOKYOTECH_s01,167,2,167.06666666666666,-1.0868878364562988,0.46965469913983504
TOKYOTECH_s01,167,3,167.1,-1.0097874402999878,0.6260964724156106
TOKYOTECH_s01,167,4,167.13333333333333,-1.1109079122543335,0.7400723122940294
TOKYOTECH_s01,167,5,167.16666666666666,-1.1534745693206787,0.7926521461023184
TOKYOTECH_s01,167,6,167.2,-1.02325439453125,0.7701143965501129
TOKYOTECH_s01,167,7,167.23333333333332,-1.17765212059021,0.6699552143747656
TOKYOTECH_s01,167,8,167.26666666666668,-1.183046817779541,0.5041217482342556
TOKYOTECH_s01,167,9,167.3,-1.1775339841842651,0.29802640353295123
TOKYOTECH_s01,167,10,167.33333333333334,-0.5582892298698425,0.08518756739539145
TOKYOTECH_s01,167,11,167.36666666666667,1.1138999462127686,-0.10127065207487725
TOKYOTECH_s01,167,12,167.4,2.3706605434417725,-0.23758224813448114
TOKYOTECH_s01,167,13,167.43333333333334,2.202756404876709,-0.3156666863432776
TOKYOTECH_s01,167,14,167.46666666666667,1.6542723178863525,-0.3449363065868472
TOKYOTECH_s01,167,15,167.5,1.0701520442962646,-0.3493332766932435
TOKYOTECH_s01,167,16,167.53333333333333,0.5167458057403564,-0.36015620421442734
TOKYOTECH_s01,167,17,167.56666666666666,0.11253956705331802,-0.4057485833990806
TOKYOTECH_s01,167,18,167.6,0.0448896586894989,-0.5002234451490157
TOKYOTECH_s01,167,19,167.63333333333333,0.04662225395441055,-0.634786912016752
TOKYOTECH_s01,167,20,167.66666666666666,0.219999760389328,-0.7757451134135875
TOKYOTECH_s01,167,21,167.7,0.08091973513364792,-0.8717088892710088
TOKYOTECH_s01,167,22,167.73333333333332,-0.14545938372612,-0.8688535074410296
TOKYOTECH_s01,167,23,167.76666666666668,-0.5098947286605835,-0.729465559889514
TOKYOTECH_s01,167,24,167.8,-0.7582857012748718,-0.44750666706074765
TOKYOTECH_s01,167,25,167.83333333333334,-0.9595422148704529,-0.055466416619079
TOKYOTECH_s01,167,26,167.86666666666667,-1.1636338233947754,0.3812096714964245
TOKYOTECH_s01,167,27,167.9,-1.143039584159851,0.7817280086171189
TOKYOTECH_s01,167,28,167.93333333333334,-1.1790302991867065,1.0735952051607702
TOKYOTECH_s01,167,29,167.96666666666667,-1.1612318754196167,1.2129893086394383
TOKYOTECH_s01,167,30,168.0,-1.118232011795044,1.1944296647332355
TOKYOTECH_s01,167,31,168.03333333333333,-1.168752908706665,1.047635767235064
TOKYOTECH_s01,167,32,168.06666666666666,-1.1920641660690308,0.8245132134993561
TOKYOTECH_s01,167,33,168.1,-1.243096947669983,0.5818465393893703
TOKYOTECH_s01,167,34,168.13333333333333,-0.6130627989768982,0.3652588383903403
TOKYOTECH_s01,167,35,168.16666666666666,1.163475751876831,0.1985414556615009
TOKYOTECH_s01,167,36,168.2,2.3910973072052,0.08072903735848215
TOKYOTECH_s01,167,37,168.23333333333332,2.3326616287231445,-0.00893041428998681
TOKYOTECH_s01,167,38,168.26666666666668,1.7210559844970703,-0.10071680334274564
TOKYOTECH_s01,167,39,168.3,1.2171074151992798,-0.2230755010454927
TOKYOTECH_s01,167,40,168.33333333333334,0.5958544611930847,-0.3934485584203365
TOKYOTECH_s01,167,41,168.36666666666667,0.21397505700588226,-0.6124432351475003
TOKYOTECH_s01,167,42,168.4,0.00401619728654623,-0.8610787746126976
TOKYOTECH_s01,167,43,168.43333333333334,0.06323940306901932,-1.1010766214673806
TOKYOTECH_s01,167,44,168.46666666666667,0.16880948841571808,-1.2793743108256255
TOKYOTECH_s01,167,45,168.5,0.06249123811721802,-1.3383639569014991
TOKYOTECH_s01,167,46,168.53333333333333,-0.15404359996318817,-1.2314668065147683
TOKYOTECH_s01,167,47,168.56666666666666,-0.4769754409790039,-0.9404220378863072
TOKYOTECH_s01,167,48,168.6,-0.8106178641319275,-0.4880636789311415
TOKYOTECH_s01,167,49,168.63333333333333,-0.9865942597389221,0.060065113232834616
TOKYOTECH_s01,167,50,168.66666666666666,-1.0300272703170776,0.6091644954458285
TOKYOTECH_s01,167,51,168.7,-1.2069487571716309,1.0613465823759787
TOKYOTECH_s01,167,52,168.73333333333332,-1.159066081047058,1.3446870625386238
TOKYOTECH_s01,167,53,168.76666666666668,-1.0719245672225952,1.4324644044220445
TOKYOTECH_s01,167,54,168.8,-1.0336499214172363,1.345083855825951
TOKYOTECH_s01,167,55,168.83333333333334,-1.0550317764282227,1.136222445800374
TOKYOTECH_s01,167,56,168.86666666666667,-1.1281551122665405,0.8711456375204926
TOKYOTECH_s01,167,57,168.9,-1.1327621936798096,0.6063486362871365
TOKYOTECH_s01,167,58,168.93333333333334,-0.5600218176841736,0.3766369068374145
TOKYOTECH_s01,167,59,168.96666666666667,1.0778305530548096,0.19137393264399225
TOKYOTECH_s01,167,60,169.0,2.4168498516082764,0.038494784255547095
TOKYOTECH_s01,167,61,169.03333333333333,2.339198112487793,-0.10655730148084809
TOKYOTECH_s01,167,62,169.06666666666666,1.7810667753219604,-0.27017172042513943
TOKYOTECH_s01,167,63,169.1,1.1536709070205688,-0.4707934905298236
TOKYOTECH_s01,167,64,169.13333333333333,0.5280076861381531,-0.7113993567158056
TOKYOTECH_s01,167,65,169.16666666666666,0.1711721122264862,-0.9748989557524603
TOKYOTECH_s01,167,66,169.2,-0.06012914702296257,-1.2235788255472615
TOKYOTECH_s01,167,67,169.23333333333332,0.007993287406861782,-1.4041747681435226
TOKYOTECH_s01,167,68,169.26666666666668,0.056230273097753525,-1.459268767715999
TOKYOTECH_s01,167,69,169.3,0.09722186625003815,-1.3434416757588103
TOKYOTECH_s01,167,70,169.33333333333334,-0.1688494086265564,-1.0399803207522393
TOKYOTECH_s01,167,71,169.36666666666667,-0.47047823667526245,-0.5722374912743724
TOKYOTECH_s01,167,72,169.4,-0.772579550743103,-0.004148599748854835
TOKYOTECH_s01,167,73,169.43333333333334,-0.9199681878089905,0.5725032906695535
TOKYOTECH_s01,167,74,169.46666666666667,-1.0473531484603882,1.061367990115567
TOKYOTECH_s01,167,75,169.5,-1.1111441850662231,1.3876815681517285
TOKYOTECH_s01,167,76,169.53333333333333,-1.1643033027648926,1.5174825829710425
TOKYOTECH_s01,167,77,169.56666666666666,-1.1214609146118164,1.4626512568985683
TOKYOTECH_s01,167,78,169.6,-1.1171687841415405,1.2710840815443465
TOKYOTECH_s01,167,79,169.63333333333333,-1.1767858266830444,1.007568950375667
TOKYOTECH_s01,167,80,169.66666666666666,-1.1656814813613892,0.7330795428175257
TOKYOTECH_s01,167,81,169.7,-0.9094938635826111,0.488756104205033
TOKYOTECH_s01,167,82,169.73333333333332,0.2682761251926422,0.2881671990075562
TOKYOTECH_s01,167,83,169.76666666666668,1.9749597311019897,0.11883228361998285
TOKYOTECH_s01,167,84,169.8,2.413069725036621,-0.04827583756092747
TOKYOTECH_s01,167,85,169.83333333333334,1.832887053489685,-0.24446584442350971
TOKYOTECH_s01,167,86,169.86666666666667,1.1765884160995483,-0.48887863129052594
TOKYOTECH_s01,167,87,169.9,0.5255662798881531,-0.7782713768245418
TOKYOTECH_s01,167,88,169.93333333333334,0.14738832414150238,-1.0835076860784834
TOKYOTECH_s01,167,89,169.96666666666667,-0.12266003340482712,-1.3531243638621437
TOKYOTECH_s01,167,90,170.0,-0.07217855006456375,-1.523444815414661
TOKYOTECH_s01,167,91,170.03333333333333,0.20515458285808563,-1.5341189960819708
TOKYOTECH_s01,167,92,170.06666666666666,0.12116315960884094,-1.346407342559772
TOKYOTECH_s01,167,93,170.1,-0.0791482999920845,-0.9593471022431911
TOKYOTECH_s01,167,94,170.13333333333333,-0.3691214919090271,-0.41761773716363454
TOKYOTECH_s01,167,95,170.16666666666666,-0.6248365640640259,0.19401621502657693
TOKYOTECH_s01,167,96,170.2,-0.8724005818367004,0.7706476908614494
TOKYOTECH_s01,167,97,170.23333333333332,-1.0214430093765259,1.2160710841613203
TOKYOTECH_s01,167,98,170.26666666666668,-1.037981390953064,1.4693228994701637
TOKYOTECH_s01,167,99,170.3,-1.1498912572860718,1.5176906771814638
TOKYOTECH_s01,167,100,170.33333333333334,-1.0001006126403809,1.3922773288450834
TOKYOTECH_s01,167,101,170.36666666666667,-0.9550532102584839,1.1510123756992077
TOKYOTECH_s01,167,102,170.4,-1.0643640756607056,0.8577835180581695
TOKYOTECH_s01,167,103,170.43333333333334,-0.9931702613830566,0.5649575815420133
TOKYOTECH_s01,167,104,170.46666666666667,-0.047449711710214615,0.30316012155382516
TOKYOTECH_s01,167,105,170.5,1.6637622117996216,0.07913771783212484
TOKYOTECH_s01,167,106,170.53333333333333,2.5643959045410156,-0.11930910034027103
TOKYOTECH_s01,167,107,170.56666666666666,2.135972738265991,-0.3134789400973694
TOKYOTECH_s01,167,108,170.6,1.4591586589813232,-0.5221843867238406
TOKYOTECH_s01,167,109,170.63333333333333,0.8540109395980835,-0.7518373688937017
TOKYOTECH_s01,167,110,170.66666666666666,0.2908785939216614,-0.9905358929558672
TOKYOTECH_s01,167,111,170.7,-0.013585380278527737,-1.2070920939921157
TOKYOTECH_s01,167,112,170.73333333333332,0.001417306950315833,-1.3553079532611956
TOKYOTECH_s01,167,113,170.76666666666668,0.15569689869880676,-1.3836271505016466
TOKYOTECH_s01,167,114,170.8,0.26792171597480774,-1.2495428119265768
TOKYOTECH_s01,167,115,170.83333333333334,0.1749129444360733,-0.9360554322702523
TOKYOTECH_s01,167,116,170.86666666666667,-0.16636864840984344,-0.46462315992907505
TOKYOTECH_s01,167,117,170.9,-0.48516589403152466,0.1021661994847202
TOKYOTECH_s01,167,118,170.93333333333334,-0.6364134550094604,0.67235854016393
TOKYOTECH_s01,167,119,170.96666666666667,-0.9270954132080078,1.1487158767240684
TOKYOTECH_s01,167,120,171.0,-0.9747023582458496,1.4560658565552307
TOKYOTECH_s01,167,121,171.03333333333333,-1.001715064048767,1.5604682755632542
TOKYOTECH_s01,167,122,171.06666666666666,-0.8795278668403625,1.4734233570557114
TOKYOTECH_s01,167,123,171.1,-0.9283948540687561,1.241998681379865
TOKYOTECH_s01,167,124,171.13333333333333,-0.9745054841041565,0.9308105793958399
TOKYOTECH_s01,167,125,171.16666666666666,-0.6711047291755676,0.6028138085436235
TOKYOTECH_s01,167,126,171.2,0.5729369521141052,0.3041984958622255
TOKYOTECH_s01,167,127,171.23333333333332,2.0565097332000732,0.05619373037245991
TOKYOTECH_s01,167,128,171.26666666666668,2.4213387966156006,-0.14545329882926633
TOKYOTECH_s01,167,129,171.3,1.8768712282180786,-0.32390254724948436
TOKYOTECH_s01,167,130,171.33333333333334,1.240851879119873,-0.5092306077022671
TOKYOTECH_s01,167,131,171.36666666666667,0.794118344783783,-0.72390002644346
TOKYOTECH_s01,167,132,171.4,0.45185229182243347,-0.9697195416644603
TOKYOTECH_s01,167,133,171.43333333333334,0.11454780399799347,-1.2206861032131235
TOKYOTECH_s01,167,134,171.46666666666667,0.18160705268383026,-1.424976015145006
TOKYOTECH_s01,167,135,171.5,0.37317678332328796,-1.5168805713896703
TOKYOTECH_s01,167,136,171.53333333333333,0.3241128921508789,-1.4363401030120584
TOKYOTECH_s01,167,137,171.56666666666666,0.0354391485452652,-1.1507301266214562
TOKYOTECH_s01,167,138,171.6,-0.34588897228240967,-0.6716365988620211
TOKYOTECH_s01,167,139,171.63333333333333,-0.5969969630241394,-0.05950044041033649
TOKYOTECH_s01,167,140,171.66666666666666,-0.776241660118103,0.5879491004627111
TOKYOTECH_s01,167,141,171.7,-0.9656062722206116,1.1612687290193016
TOKYOTECH_s01,167,142,171.73333333333332,-0.9180780649185181,1.5693093580776363
TOKYOTECH_s01,167,143,171.76666666666668,-0.9110689163208008,1.761335405203753
TOKYOTECH_s01,167,144,171.8,-0.9122108817100525,1.7339705654921158
TOKYOTECH_s01,167,145,171.83333333333334,-0.8624775409698486,1.5238718788420347
TOKYOTECH_s01,167,146,171.86666666666667,-0.8565316200256348,1.1920513700029325
TOKYOTECH_s01,167,147,171.9,-0.5575804114341736,0.8062756657986752
TOKYOTECH_s01,167,148,171.93333333333334,0.9109896421432495,0.4259295100364266
TOKYOTECH_s01,167,149,171.96666666666667,2.2994272708892822,0.0914241979955978
TOKYOTECH_s01,167,150,172.0,2.4062180519104004,-0.18096512278625015
TOKYOTECH_s01,167,151,172.03333333333333,1.8332808017730713,-0.39832724159807
TOKYOTECH_s01,167,152,172.06666666666666,1.2577840089797974,-0.5844380978962833
TOKYOTECH_s01,167,153,172.1,0.8649578094482422,-0.7683155652591768
TOKYOTECH_s01,167,154,172.13333333333333,0.4376765489578247,-0.9705842106711098
TOKYOTECH_s01,167,155,172.16666666666666,0.15522438287734985,-1.1913357459309653
TOKYOTECH_s01,167,156,172.2,0.2919023931026459,-1.403385642932148
TOKYOTECH_s01,167,157,172.23333333333332,0.38691940903663635,-1.5542451005286968
TOKYOTECH_s01,167,158,172.26666666666668,0.26587411761283875,-1.5786363747146608
TOKYOTECH_s01,167,159,172.3,0.1293535977602005,-1.4200026461700392
TOKYOTECH_s01,167,160,172.33333333333334,-0.1688494086265564,-1.0544616123928507
TOKYOTECH_s01,167,161,172.36666666666667,-0.5845931768417358,-0.5071656369058505
TOKYOTECH_s01,167,162,172.4,-0.759821355342865,0.14761366520130825
TOKYOTECH_s01,167,163,172.43333333333334,-0.8600755333900452,0.8046341218704813
TOKYOTECH_s01,167,164,172.46666666666667,-0.9312694072723389,1.35696652703349
TOKYOTECH_s01,167,165,172.5,-0.9693864583969116,1.7240012125754056
TOKYOTECH_s01,167,166,172.53333333333333,-0.960250973701477,1.8680407375607224
TOKYOTECH_s01,167,167,172.56666666666666,-0.9289461374282837,1.7963157592902255
TOKYOTECH_s01,167,168,172.6,-0.999982476234436,1.551528030255178
TOKYOTECH_s01,167,169,172.63333333333333,-0.9844285249710083,1.196677682518069
TOKYOTECH_s01,167,170,172.66666666666666,-0.06902837753295898,0.799064288110539
TOKYOTECH_s01,167,171,172.7,1.649940848350525,0.4163487857242524
TOKYOTECH_s01,167,172,172.73333333333332,2.564120292663574,0.08657392120007239
TOKYOTECH_s01,167,173,172.76666666666668,2.1587328910827637,-0.1762904715948804
TOKYOTECH_s01,167,174,172.8,1.5156254768371582,-0.3805776704453893
TOKYOTECH_s01,167,175,172.83333333333334,1.158356785774231,-0.5496113094184227
TOKYOTECH_s01,167,176,172.86666666666667,0.762262225151062,-0.7107968843394477
TOKYOTECH_s01,167,177,172.9,0.32108086347579956,-0.8838452212155785
TOKYOTECH_s01,167,178,172.93333333333334,0.25114706158638,-1.0710529593000937
TOKYOTECH_s01,167,179,172.96666666666667,0.4404723048210144,-1.2522801505135757
TOKYOTECH_s01,167,180,173.0,0.42338263988494873,-1.3865896335172465
TOKYOTECH_s01,167,181,173.03333333333333,0.21704646944999695,-1.4213919747300496
TOKYOTECH_s01,167,182,173.06666666666666,-0.1266764998435974,-1.3081546057790339
TOKYOTECH_s01,167,183,173.1,-0.3946772515773773,-1.0210264747729678
TOKYOTECH_s01,167,184,173.13333333333333,-0.5093434453010559,-0.5718545235065391
TOKYOTECH_s01,167,185,173.16666666666666,-0.792189359664917,-0.014395458043385673
TOKYOTECH_s01,167,186,173.2,-0.9330019950866699,0.5661308722141839
TOKYOTECH_s01,167,187,173.23333333333332,-0.9665907025337219,1.0755205195295758
TOKYOTECH_s01,167,188,173.26666666666668,-0.8711011409759521,1.4361859426069439
TOKYOTECH_s01,167,189,173.3,-0.8089640140533447,1.6054610276536168
TOKYOTECH_s01,167,190,173.33333333333334,-0.9699771404266357,1.581094581162781
TOKYOTECH_s01,167,191,173.36666666666667,-0.9735604524612427,1.3952171373535622
TOKYOTECH_s01,167,192,173.4,-0.9352465271949768,1.1015699059236543
TOKYOTECH_s01,167,193,173.43333333333334,-0.876613974571228,0.7606912531500546
TOKYOTECH_s01,167,194,173.46666666666667,0.5069409012794495,0.42633871840908394
TOKYOTECH_s01,167,195,173.5,2.1540074348449707,0.13523593906662734
TOKYOTECH_s01,167,196,173.53333333333333,2.3445534706115723,-0.09832108151877528
TOKYOTECH_s01,167,197,173.56666666666666,1.8179631233215332,-0.28195233780538537
TOKYOTECH_s01,167,198,173.6,1.3492964506149292,-0.4388128172809035
TOKYOTECH_s01,167,199,173.63333333333333,0.8050258159637451,-0.5968757632234514
TOKYOTECH_s01,167,200,173.66666666666666,0.462365984916687,-0.7766887051659453
TOKYOTECH_s01,167,201,173.7,0.30076226592063904,-0.9809431505644056
TOKYOTECH_s01,167,202,173.73333333333332,0.3584497570991516,-1.1888492522243035
TOKYOTECH_s01,167,203,173.76666666666668,0.582859992980957,-1.3574672352276898
TOKYOTECH_s01,167,204,173.8,0.3676246106624603,-1.431015912287184
TOKYOTECH_s01,167,205,173.83333333333334,0.10029327869415283,-1.3572023387355834
TOKYOTECH_s01,167,206,173.86666666666667,-0.22303234040737152,-1.1066183986305103
TOKYOTECH_s01,167,207,173.9,-0.5487205982208252,-0.6884465966422857
TOKYOTECH_s01,167,208,173.93333333333334,-0.7294616103172302,-0.15510881692118625
TOKYOTECH_s01,167,209,173.96666666666667,-0.9596209526062012,0.4082047050944655
TOKYOTECH_s01,167,210,174.0,-0.9298124313354492,0.9064797824337473
TOKYOTECH_s01,167,211,174.03333333333333,-0.9277254939079285,1.2614638851881756
TOKYOTECH_s01,167,212,174.06666666666666,-0.8557047247886658,1.4314624547906434
TOKYOTECH_s01,167,213,174.1,-0.9115020632743835,1.417675841496873
TOKYOTECH_s01,167,214,174.13333333333333,-0.908076286315918,1.2571194019220697
TOKYOTECH_s01,167,215,174.16666666666666,-1.006007194519043,1.0074456936143634
TOKYOTECH_s01,167,216,174.2,-0.8585792183876038,0.7299498497921458
TOKYOTECH_s01,167,217,174.23333333333332,0.31722187995910645,0.47515721817027223
TOKYOTECH_s01,167,218,174.26666666666668,1.992088794708252,0.27344036834929625
TOKYOTECH_s01,167,219,174.3,2.3432540893554688,0.13175685593710856
TOKYOTECH_s01,167,220,174.33333333333334,1.8305244445800781,0.036387280709952376
TOKYOTECH_s01,167,221,174.36666666666667,1.289049506187439,-0.039550556121943525
TOKYOTECH_s01,167,222,174.4,0.8967351317405701,-0.12582697276844781
TOKYOTECH_s01,167,223,174.43333333333334,0.5198172330856323,-0.24442981577016862
TOKYOTECH_s01,167,224,174.46666666666667,0.232915461063385,-0.40081398265562496
TOKYOTECH_s01,167,225,174.5,0.2633146047592163,-0.5792242099595554
TOKYOTECH_s01,167,226,174.53333333333333,0.4526398479938507,-0.7439895184104856
TOKYOTECH_s01,167,227,174.56666666666666,0.3282081186771393,-0.8477659163580601
TOKYOTECH_s01,167,228,174.6,0.09757626056671143,-0.845676112789443
TOKYOTECH_s01,167,229,174.63333333333333,-0.16703805327415466,-0.7115975674603668
TOKYOTECH_s01,167,230,174.66666666666666,-0.5429321527481079,-0.45073072997995595
TOKYOTECH_s01,167,231,174.7,-0.851609468460083,-0.10266421051763568
TOKYOTECH_s01,167,232,174.73333333333332,-0.9357190132141113,0.2676819983034615
TOKYOTECH_s01,167,233,174.76666666666668,-0.9717491269111633,0.5884745981167812
TOKYOTECH_s01,167,234,174.8,-0.8889390230178833,0.8010379802974944
TOKYOTECH_s01,167,235,174.83333333333334,-0.8894509077072144,0.873121675885128
TOKYOTECH_s01,167,236,174.86666666666667,-0.9569432735443115,0.8015911003650323
TOKYOTECH_s01,167,237,174.9,-0.9749386310577393,0.6067960192570471
TOKYOTECH_s01,167,238,174.93333333333334,-1.1120104789733887,0.3236391877984643
TOKYOTECH_s01,167,239,174.96666666666667,-0.886418879032135,-0.00632695722085248
TOKYOTECH_s01,168,0,168.0,-1.118232011795044,-0.03289693247692054
TOKYOTECH_s01,168,1,168.03333333333333,-1.168752908706665,-0.2085408710247673
TOKYOTECH_s01,168,2,168.06666666666666,-1.1920641660690308,-0.33067320543301704
TOKYOTECH_s01,168,3,168.1,-1.243096947669983,-0.3584541453288385
TOKYOTECH_s01,168,4,168.13333333333333,-0.6130627989768982,-0.27484867998512663
TOKYOTECH_s01,168,5,168.16666666666666,1.163475751876831,-0.09221090317545344
TOKYOTECH_s01,168,6,168.2,2.3910973072052,0.14951311825415614
TOKYOTECH_s01,168,7,168.23333333333332,2.3326616287231445,0.3922226061852581
TOKYOTECH_s01,168,8,168.26666666666668,1.7210559844970703,0.5742948720582137
TOKYOTECH_s01,168,9,168.3,1.2171074151992798,0.6459702244764062
TOKYOTECH_s01,168,10,168.33333333333334,0.5958544611930847,0.5809626218316496
TOKYOTECH_s01,168,11,168.36666666666667,0.21397505700588226,0.38165534503390186
TOKYOTECH_s01,168,12,168.4,0.00401619728654623,0.07798148317810225
TOKYOTECH_s01,168,13,168.43333333333334,0.06323940306901932,-0.2782116093208984
TOKYOTECH_s01,168,14,168.46666666666667,0.16880948841571808,-0.6218266376918725
TOKYOTECH_s01,168,15,168.5,0.06249123811721802,-0.8857662823658954
TOKYOTECH_s01,168,16,168.53333333333333,-0.15404359996318817,-1.014305058351531
TOKYOTECH_s01,168,17,168.56666666666666,-0.4769754409790039,-0.9766427821039588
TOKYOTECH_s01,168,18,168.6,-0.8106178641319275,-0.776741472706671
TOKYOTECH_s01,168,19,168.63333333333333,-0.9865942597389221,-0.4548321362536025
TOKYOTECH_s01,168,20,168.66666666666666,-1.0300272703170776,-0.07786153794295822
TOKYOTECH_s01,168,21,168.7,-1.2069487571716309,0.27944809942770243
TOKYOTECH_s01,168,22,168.73333333333332,-1.159066081047058,0.5562745220381597
TOKYOTECH_s01,168,23,168.76666666666668,-1.0719245672225952,0.7214154324363118
TOKYOTECH_s01,168,24,168.8,-1.0336499214172363,0.7772650078273005
TOKYOTECH_s01,168,25,168.83333333333334,-1.0550317764282227,0.7519654261469791
TOKYOTECH_s01,168,26,168.86666666666667,-1.1281551122665405,0.6844807806795031
TOKYOTECH_s01,168,27,168.9,-1.1327621936798096,0.6091605944995249
TOKYOTECH_s01,168,28,168.93333333333334,-0.5600218176841736,0.5450342236132233
TOKYOTECH_s01,168,29,168.96666666666667,1.0778305530548096,0.492182877724782
TOKYOTECH_s01,168,30,169.0,2.4168498516082764,0.4348795344903548
TOKYOTECH_s01,168,31,169.03333333333333,2.339198112487793,0.3493868574180367
TOKYOTECH_s01,168,32,169.06666666666666,1.7810667753219604,0.21338371545262183
TOKYOTECH_s01,168,33,169.1,1.1536709070205688,0.014203768551831815
TOKYOTECH_s01,168,34,169.13333333333333,0.5280076861381531,-0.24569345220176944
TOKYOTECH_s01,168,35,169.16666666666666,0.1711721122264862,-0.5463336548969818
TOKYOTECH_s01,168,36,169.2,-0.06012914702296257,-0.8508524015004107
TOKYOTECH_s01,168,37,169.23333333333332,0.007993287406861782,-1.1094686407231675
TOKYOTECH_s01,168,38,169.26666666666668,0.056230273097753525,-1.2675036133804272
TOKYOTECH_s01,168,39,169.3,0.09722186625003815,-1.2774691226697008
TOKYOTECH_s01,168,40,169.33333333333334,-0.1688494086265564,-1.113260781639434
TOKYOTECH_s01,168,41,169.36666666666667,-0.47047823667526245,-0.7822135242894008
TOKYOTECH_s01,168,42,169.4,-0.772579550743103,-0.3297418990489025
TOKYOTECH_s01,168,43,169.43333333333334,-0.9199681878089905,0.16751429748359523
TOKYOTECH_s01,168,44,169.46666666666667,-1.0473531484603882,0.6204474770855806
TOKYOTECH_s01,168,45,169.5,-1.1111441850662231,0.9529791811438603
TOKYOTECH_s01,168,46,169.53333333333333,-1.1643033027648926,1.1241190065698006
TOKYOTECH_s01,168,47,169.56666666666666,-1.1214609146118164,1.1365692032286434
TOKYOTECH_s01,168,48,169.6,-1.1171687841415405,1.028854854511899
TOKYOTECH_s01,168,49,169.63333333333333,-1.1767858266830444,0.8563648082920319
TOKYOTECH_s01,168,50,169.66666666666666,-1.1656814813613892,0.6703373626569284
TOKYOTECH_s01,168,51,169.7,-0.9094938635826111,0.5023909642243157
TOKYOTECH_s01,168,52,169.73333333333332,0.2682761251926422,0.3585155356638761
TOKYOTECH_s01,168,53,169.76666666666668,1.9749597311019897,0.22270507379558024
TOKYOTECH_s01,168,54,169.8,2.413069725036621,0.06771248191622097
TOKYOTECH_s01,168,55,169.83333333333334,1.832887053489685,-0.13115310025948135
TOKYOTECH_s01,168,56,169.86666666666667,1.1765884160995483,-0.38378516836697296
TOKYOTECH_s01,168,57,169.9,0.5255662798881531,-0.6782102215782028
TOKYOTECH_s01,168,58,169.93333333333334,0.14738832414150238,-0.9799539213675689
TOKYOTECH_s01,168,59,169.96666666666667,-0.12266003340482712,-1.2371341168542096
TOKYOTECH_s01,168,60,170.0,-0.07217855006456375,-1.3902303648898358
TOKYOTECH_s01,168,61,170.03333333333333,0.20515458285808563,-1.3856591245686305
TOKYOTECH_s01,168,62,170.06666666666666,0.12116315960884094,-1.1913875796728397
TOKYOTECH_s01,168,63,170.1,-0.0791482999920845,-0.8108408228111827
TOKYOTECH_s01,168,64,170.13333333333333,-0.3691214919090271,-0.28964924246954116
TOKYOTECH_s01,168,65,170.16666666666666,-0.6248365640640259,0.28979569525834664
TOKYOTECH_s01,168,66,170.2,-0.8724005818367004,0.8273168132185906
TOKYOTECH_s01,168,67,170.23333333333332,-1.0214430093765259,1.2324991927740392
TOKYOTECH_s01,168,68,170.26666666666668,-1.037981390953064,1.4500103187643427
TOKYOTECH_s01,168,69,170.3,-1.1498912572860718,1.4715571965312138
TOKYOTECH_s01,168,70,170.33333333333334,-1.0001006126403809,1.330395184774867
TOKYOTECH_s01,168,71,170.36666666666667,-0.9550532102584839,1.0833418390038183
TOKYOTECH_s01,168,72,170.4,-1.0643640756607056,0.7897213162883772
TOKYOTECH_s01,168,73,170.43333333333334,-0.9931702613830566,0.4953608443415126
TOKYOTECH_s01,168,74,170.46666666666667,-0.047449711710214615,0.22526393457959748
TOKYOTECH_s01,168,75,170.5,1.6637622117996216,-0.015650597180164625
TOKYOTECH_s01,168,76,170.53333333333333,2.5643959045410156,-0.23623872663424675
TOKYOTECH_s01,168,77,170.56666666666666,2.135972738265991,-0.4500692921110865
TOKYOTECH_s01,168,78,170.6,1.4591586589813232,-0.6665788254487566
TOKYOTECH_s01,168,79,170.63333333333333,0.8540109395980835,-0.884936655110679
TOKYOTECH_s01,168,80,170.66666666666666,0.2908785939216614,-1.0914920320126065
TOKYOTECH_s01,168,81,170.7,-0.013585380278527737,-1.2601987176889788
TOKYOTECH_s01,168,82,170.73333333333332,0.001417306950315833,-1.3554182900040979
TOKYOTECH_s01,168,83,170.76666666666668,0.15569689869880676,-1.3375709799912978
TOKYOTECH_s01,168,84,170.8,0.26792171597480774,-1.1726955253896758
TOKYOTECH_s01,168,85,170.83333333333334,0.1749129444360733,-0.8455647410793036
TOKYOTECH_s01,168,86,170.86666666666667,-0.16636864840984344,-0.3726008459823177
TOKYOTECH_s01,168,87,170.9,-0.48516589403152466,0.19204949137125732
TOKYOTECH_s01,168,88,170.93333333333334,-0.6364134550094604,0.7633021525933604
TOKYOTECH_s01,168,89,170.96666666666667,-0.9270954132080078,1.2455598858632149
TOKYOTECH_s01,168,90,171.0,-0.9747023582458496,1.5598260005626827
TOKYOTECH_s01,168,91,171.03333333333333,-1.001715064048767,1.665973883315588
TOKYOTECH_s01,168,92,171.06666666666666,-0.8795278668403625,1.5711045733597788
TOKYOTECH_s01,168,93,171.1,-0.9283948540687561,1.3220350320842367
TOKYOTECH_s01,168,94,171.13333333333333,-0.9745054841041565,0.9866854730171752
TOKYOTECH_s01,168,95,171.16666666666666,-0.6711047291755676,0.6323891392525964
TOKYOTECH_s01,168,96,171.2,0.5729369521141052,0.30840239762015015
TOKYOTECH_s01,168,97,171.23333333333332,2.0565097332000732,0.036810913546256444
TOKYOTECH_s01,168,98,171.26666666666668,2.4213387966156006,-0.1872088388030584
TOKYOTECH_s01,168,99,171.3,1.8768712282180786,-0.38717716642647954
TOKYOTECH_s01,168,100,171.33333333333334,1.240851879119873,-0.5920010364257391
TOKYOTECH_s01,168,101,171.36666666666667,0.794118344783783,-0.8212875777232053
TOKYOTECH_s01,168,102,171.4,0.45185229182243347,-1.0734451695204559
TOKYOTECH_s01,168,103,171.43333333333334,0.11454780399799347,-1.3203421277718608
TOKYOTECH_s01,168,104,171.46666666666667,0.18160705268383026,-1.5107311985713763
TOKYOTECH_s01,168,105,171.5,0.37317678332328796,-1.5823779773620514
TOKYOTECH_s01,168,106,171.53333333333333,0.3241128921508789,-1.4804705822401072
TOKYOTECH_s01,168,107,171.56666666666666,0.0354391485452652,-1.177578868051692
TOKYOTECH_s01,168,108,171.6,-0.34588897228240967,-0.688610940337743
TOKYOTECH_s01,168,109,171.63333333333333,-0.5969969630241394,-0.07420839418332252
TOKYOTECH_s01,168,110,171.66666666666666,-0.776241660118103,0.5709503094323957
TOKYOTECH_s01,168,111,171.7,-0.9656062722206116,1.1424502895257038
TOKYOTECH_s01,168,112,171.73333333333332,-0.9180780649185181,1.5539737230906467
TOKYOTECH_s01,168,113,171.76666666666668,-0.9110689163208008,1.7574376033296255
TOKYOTECH_s01,168,114,171.8,-0.9122108817100525,1.7489780601029614
TOKYOTECH_s01,168,115,171.83333333333334,-0.8624775409698486,1.561812347462203
TOKYOTECH_s01,168,116,171.86666666666667,-0.8565316200256348,1.251608378834586
TOKYOTECH_s01,168,117,171.9,-0.5575804114341736,0.8804421380640506
TOKYOTECH_s01,168,118,171.93333333333334,0.9109896421432495,0.5034080526187359
TOKYOTECH_s01,168,119,171.96666666666667,2.2994272708892822,0.15957505273145883
TOKYOTECH_s01,168,120,172.0,2.4062180519104004,-0.13235360902448834
TOKYOTECH_s01,168,121,172.03333333333333,1.8332808017730713,-0.37363754017380296
TOKYOTECH_s01,168,122,172.06666666666666,1.2577840089797974,-0.5804283738147714
TOKYOTECH_s01,168,123,172.1,0.8649578094482422,-0.7746704264024136
TOKYOTECH_s01,168,124,172.13333333333333,0.4376765489578247,-0.9727533381224709
TOKYOTECH_s01,168,125,172.16666666666666,0.15522438287734985,-1.1748735285976721
TOKYOTECH_s01,168,126,172.2,0.2919023931026459,-1.3586113341013528
TOKYOTECH_s01,168,127,172.23333333333332,0.38691940903663635,-1.479989054906039
TOKYOTECH_s01,168,128,172.26666666666668,0.26587411761283875,-1.4839692884864544
TOKYOTECH_s01,168,129,172.3,0.1293535977602005,-1.3231554286588845
TOKYOTECH_s01,168,130,172.33333333333334,-0.1688494086265564,-0.9787751817727506
TOKYOTECH_s01,168,131,172.36666666666667,-0.5845931768417358,-0.4748451366638639
TOKYOTECH_s01,168,132,172.4,-0.759821355342865,0.12222378866111233
TOKYOTECH_s01,168,133,172.43333333333334,-0.8600755333900452,0.7200302958905527
TOKYOTECH_s01,168,134,172.46666666666667,-0.9312694072723389,1.2257961257621606
TOKYOTECH_s01,168,135,172.5,-0.9693864583969116,1.5699534815123097
TOKYOTECH_s01,168,136,172.53333333333333,-0.960250973701477,1.7192525038893547
TOKYOTECH_s01,168,137,172.56666666666666,-0.9289461374282837,1.6776151043587244
TOKYOTECH_s01,168,138,172.6,-0.999982476234436,1.4781463859122674
TOKYOTECH_s01,168,139,172.63333333333333,-0.9844285249710083,1.1712361119796812
TOKYOTECH_s01,168,140,172.66666666666666,-0.06902837753295898,0.8123436290005959
TOKYOTECH_s01,168,141,172.7,1.649940848350525,0.4511973662577831
TOKYOTECH_s01,168,142,172.73333333333332,2.564120292663574,0.12352735456099817
TOKYOTECH_s01,168,143,172.76666666666668,2.1587328910827637,-0.15343195029407955
TOKYOTECH_s01,168,144,172.8,1.5156254768371582,-0.3808021890358054
TOKYOTECH_s01,168,145,172.83333333333334,1.158356785774231,-0.573310809220557
TOKYOTECH_s01,168,146,172.86666666666667,0.762262225151062,-0.7509000457460896
TOKYOTECH_s01,168,147,172.9,0.32108086347579956,-0.9285871366494924
TOKYOTECH_s01,168,148,172.93333333333334,0.25114706158638,-1.10728758865151
TOKYOTECH_s01,168,149,172.96666666666667,0.4404723048210144,-1.268556613377081
TOKYOTECH_s01,168,150,173.0,0.42338263988494873,-1.3755270804298627
TOKYOTECH_s01,168,151,173.03333333333333,0.21704646944999695,-1.3810428800785497
TOKYOTECH_s01,168,152,173.06666666666666,-0.1266764998435974,-1.2422855798063288
TOKYOTECH_s01,168,153,173.1,-0.3946772515773773,-0.9384623485135722
TOKYOTECH_s01,168,154,173.13333333333333,-0.5093434453010559,-0.4848799267098225
TOKYOTECH_s01,168,155,173.16666666666666,-0.792189359664917,0.06397160172211733
TOKYOTECH_s01,168,156,173.2,-0.9330019950866699,0.6256613474242116
TOKYOTECH_s01,168,157,173.23333333333332,-0.9665907025337219,1.111835699049755
TOKYOTECH_s01,168,158,173.26666666666668,-0.8711011409759521,1.4519132379159816
TOKYOTECH_s01,168,159,173.3,-0.8089640140533447,1.6089168198994053
TOKYOTECH_s01,168,160,173.33333333333334,-0.9699771404266357,1.5830631140678557
TOKYOTECH_s01,168,161,173.36666666666667,-0.9735604524612427,1.4050190553045698
TOKYOTECH_s01,168,162,173.4,-0.9352465271949768,1.1236027037015934
TOKYOTECH_s01,168,163,173.43333333333334,-0.876613974571228,0.7923132602030091
TOKYOTECH_s01,168,164,173.46666666666667,0.5069409012794495,0.4577234205924853
TOKYOTECH_s01,168,165,173.5,2.1540074348449707,0.15155366630364844
TOKYOTECH_s01,168,166,173.53333333333333,2.3445534706115723,-0.11269012043795597
TOKYOTECH_s01,168,167,173.56666666666666,1.8179631233215332,-0.3383626693684933
TOKYOTECH_s01,168,168,173.6,1.3492964506149292,-0.540133909281617
TOKYOTECH_s01,168,169,173.63333333333333,0.8050258159637451,-0.735514977592927
TOKYOTECH_s01,168,170,173.66666666666666,0.462365984916687,-0.9354363933835624
TOKYOTECH_s01,168,171,173.7,0.30076226592063904,-1.1362430466055364
TOKYOTECH_s01,168,172,173.73333333333332,0.3584497570991516,-1.3153457934690769
TOKYOTECH_s01,168,173,173.76666666666668,0.582859992980957,-1.432444825679095
TOKYOTECH_s01,168,174,173.8,0.3676246106624603,-1.437711976585616
TOKYOTECH_s01,168,175,173.83333333333334,0.10029327869415283,-1.2866727052676772
TOKYOTECH_s01,168,176,173.86666666666667,-0.22303234040737152,-0.9583832758165441
TOKYOTECH_s01,168,177,173.9,-0.5487205982208252,-0.4702918595484573
TOKYOTECH_s01,168,178,173.93333333333334,-0.7294616103172302,0.11773974279859356
TOKYOTECH_s01,168,179,173.96666666666667,-0.9596209526062012,0.7145166750165363
TOKYOTECH_s01,168,180,174.0,-0.9298124313354492,1.2210808522130965
TOKYOTECH_s01,168,181,174.03333333333333,-0.9277254939079285,1.5577872929920982
TOKYOTECH_s01,168,182,174.06666666666666,-0.8557047247886658,1.6842628849857817
TOKYOTECH_s01,168,183,174.1,-0.9115020632743835,1.6054486702699504
TOKYOTECH_s01,168,184,174.13333333333333,-0.908076286315918,1.3637297695563657
TOKYOTECH_s01,168,185,174.16666666666666,-1.006007194519043,1.022575114337028
TOKYOTECH_s01,168,186,174.2,-0.8585792183876038,0.6482811198097085
TOKYOTECH_s01,168,187,174.23333333333332,0.31722187995910645,0.29470073875372327
TOKYOTECH_s01,168,188,174.26666666666668,1.992088794708252,-0.006130592451735981
TOKYOTECH_s01,168,189,174.3,2.3432540893554688,-0.2461928305957928
TOKYOTECH_s01,168,190,174.33333333333334,1.8305244445800781,-0.436913513766497
TOKYOTECH_s01,168,191,174.36666666666667,1.289049506187439,-0.5998285436870898
TOKYOTECH_s01,168,192,174.4,0.8967351317405701,-0.7554653029465898
TOKYOTECH_s01,168,193,174.43333333333334,0.5198172330856323,-0.9134862467864728
TOKYOTECH_s01,168,194,174.46666666666667,0.232915461063385,-1.0663240280692226
TOKYOTECH_s01,168,195,174.5,0.2633146047592163,-1.1876870973156994
TOKYOTECH_s01,168,196,174.53333333333333,0.4526398479938507,-1.2368985969360027
TOKYOTECH_s01,168,197,174.56666666666666,0.3282081186771393,-1.1693677597448242
TOKYOTECH_s01,168,198,174.6,0.09757626056671143,-0.9517682643714243
TOKYOTECH_s01,168,199,174.63333333333333,-0.16703805327415466,-0.577901317343184
TOKYOTECH_s01,168,200,174.66666666666666,-0.5429321527481079,-0.079043367794109
TOKYOTECH_s01,168,201,174.7,-0.851609468460083,0.47719269768558487
TOKYOTECH_s01,168,202,174.73333333333332,-0.9357190132141113,1.0016474740560033
TOKYOTECH_s01,168,203,174.76666666666668,-0.9717491269111633,1.4078422497752763
TOKYOTECH_s01,168,204,174.8,-0.8889390230178833,1.6357561403344134
TOKYOTECH_s01,168,205,174.83333333333334,-0.8894509077072144,1.6650088393651115
TOKYOTECH_s01,168,206,174.86666666666667,-0.9569432735443115,1.5138083826430282
TOKYOTECH_s01,168,207,174.9,-0.9749386310577393,1.227640025243141
TOKYOTECH_s01,168,208,174.93333333333334,-1.1120104789733887,0.864407254080434
TOKYOTECH_s01,168,209,174.96666666666667,-0.886418879032135,0.48094187900053453
TOKYOTECH_s01,168,210,175.0,0.3135204315185547,0.12295464989877097
TOKYOTECH_s01,168,211,175.03333333333333,1.9720852375030518,-0.1811782324181814
TOKYOTECH_s01,168,212,175.06666666666666,2.3608949184417725,-0.4225419266196643
TOKYOTECH_s01,168,213,175.1,1.8022122383117676,-0.6093066571745444
TOKYOTECH_s01,168,214,175.13333333333333,1.149457573890686,-0.7601788553509381
TOKYOTECH_s01,168,215,175.16666666666666,0.8455054759979248,-0.8953403481225196
TOKYOTECH_s01,168,216,175.2,0.49615156650543213,-1.0274351911732418
TOKYOTECH_s01,168,217,175.23333333333332,0.1968066245317459,-1.1551049769181199
TOKYOTECH_s01,168,218,175.26666666666668,0.16928201913833618,-1.2607171321911743
TOKYOTECH_s01,168,219,175.3,0.3652620017528534,-1.3130711778016797
TOKYOTECH_s01,168,220,175.33333333333334,0.34521904587745667,-1.2753526418634935
TOKYOTECH_s01,168,221,175.36666666666667,0.050993114709854126,-1.11749883711557
TOKYOTECH_s01,168,222,175.4,-0.2733563184738159,-0.8298818701321921
TOKYOTECH_s01,168,223,175.43333333333334,-0.5741188526153564,-0.43312760926827026
TOKYOTECH_s01,168,224,175.46666666666667,-0.8333384990692139,0.021109491718185644
TOKYOTECH_s01,168,225,175.5,-0.935128390789032,0.46064667246616553
TOKYOTECH_s01,168,226,175.53333333333333,-1.075429081916809,0.8117790568094306
TOKYOTECH_s01,168,227,175.56666666666666,-1.0482194423675537,1.0197236690583409
TOKYOTECH_s01,168,228,175.6,-1.0025813579559326,1.062538014409265
TOKYOTECH_s01,168,229,175.63333333333333,-0.9582033753395081,0.9537455561268026
TOKYOTECH_s01,168,230,175.66666666666666,-0.9880906343460083,0.734459537431526
TOKYOTECH_s01,168,231,175.7,-1.1153968572616577,0.4599979705214207
TOKYOTECH_s01,168,232,175.73333333333332,-1.1000003814697266,0.18632596199595494
TOKYOTECH_s01,168,233,175.76666666666668,-0.7143014073371887,-0.04042246756057164
TOKYOTECH_s01,168,234,175.8,1.0568031072616577,-0.19003528122267344
TOKYOTECH_s01,168,235,175.83333333333334,2.4288599491119385,-0.24984059903749467
TOKYOTECH_s01,168,236,175.86666666666667,2.158693313598633,-0.2227044516766045
TOKYOTECH_s01,168,237,175.9,1.590166449546814,-0.12293094649579334
TOKYOTECH_s01,168,238,175.93333333333334,1.0860209465026855,0.028227269880135318
TOKYOTECH_s01,168,239,175.96666666666667,0.6579915881156921,0.2061555391647479
