recording_id,measurement_id,sample_index,time_seconds,gt_signal,predicted_signal
COHFACE_s35_session2_natural,0,0,0.0,-0.2404700817693068,0.0555985799848083
COHFACE_s35_session2_natural,0,1,0.03333333333333333,1.7060479208647332,0.3326024328468592
COHFACE_s35_session2_natural,0,2,0.06666666666666667,3.3361642297565908,0.6136003321366374
COHFACE_s35_session2_natural,0,3,0.1,4.276527220256716,0.8570270812303165
COHFACE_s35_session2_natural,0,4,0.13333333333333333,4.492102272594934,1.0414812587498838
COHFACE_s35_session2_natural,0,5,0.16666666666666666,4.23027429548011,1.1645938974041026
COHFACE_s35_session2_natural,0,6,0.2,3.6946869324398066,1.22166206790036
COHFACE_s35_session2_natural,0,7,0.23333333333333334,3.0304425533607757,1.2048982922984155
COHFACE_s35_session2_natural,0,8,0.26666666666666666,2.3750272029261428,1.1184096593989519
COHFACE_s35_session2_natural,0,9,0.3,1.8464832436565044,0.9782068764194163
COHFACE_s35_session2_natural,0,10,0.3333333333333333,1.5361578338605064,0.8074573301463567
COHFACE_s35_session2_natural,0,11,0.36666666666666664,1.4765054700093159,0.6368470692023144
COHFACE_s35_session2_natural,0,12,0.4,1.5756699458597565,0.474874049792697
COHFACE_s35_session2_natural,0,13,0.43333333333333335,1.6515394969989123,0.3088692213079769
COHFACE_s35_session2_natural,0,14,0.4666666666666667,1.58454431719805,0.1379200370997827
COHFACE_s35_session2_natural,0,15,0.5,1.3835080180082704,-0.025855156442658102
COHFACE_s35_session2_natural,0,16,0.5333333333333333,1.1055989569321993,-0.1685727231791615
COHFACE_s35_session2_natural,0,17,0.5666666666666667,0.7872765810713667,-0.2737428836923482
COHFACE_s35_session2_natural,0,18,0.6,0.45488229784198664,-0.33132193740426896
COHFACE_s35_session2_natural,0,19,0.6333333333333333,0.14616725729214614,-0.3371799994064725
COHFACE_s35_session2_natural,0,20,0.6666666666666666,-0.1089502802548315,-0.31262890030982293
COHFACE_s35_session2_natural,0,21,0.7,-0.3143567347301367,-0.30370562973905746
COHFACE_s35_session2_natural,0,22,0.7333333333333333,-0.4968340078883765,-0.3334887726161553
COHFACE_s35_session2_natural,0,23,0.7666666666666667,-0.6758571798461153,-0.40145162526562317
COHFACE_s35_session2_natural,0,24,0.8,-0.8512659698400104,-0.48651315497854714
COHFACE_s35_session2_natural,0,25,0.8333333333333334,-1.012954192476757,-0.5471325903555689
COHFACE_s35_session2_natural,0,26,0.8666666666666667,-1.1515795669170474,-0.5693899989738739
COHFACE_s35_session2_natural,0,27,0.9,-1.2584485578090254,-0.5669507720997362
COHFACE_s35_session2_natural,0,28,0.9333333333333333,-1.3228568686325042,-0.5414100913024515
COHFACE_s35_session2_natural,0,29,0.9666666666666667,-1.3316605895965734,-0.4822866869477739
COHFACE_s35_session2_natural,0,30,1.0,-1.2674222114572131,-0.37068651505049016
COHFACE_s35_session2_natural,0,31,1.0333333333333334,-1.1071479716396264,-0.18031558772081563
COHFACE_s35_session2_natural,0,32,1.0666666666666667,-0.822007732031562,0.051238283542582655
COHFACE_s35_session2_natural,0,33,1.1,-0.38066032636282876,0.2221606221322395
COHFACE_s35_session2_natural,0,34,1.1333333333333333,0.21286200399901284,0.2833467145758727
COHFACE_s35_session2_natural,0,35,1.1666666666666667,0.8501299249981598,0.23851450909241928
COHFACE_s35_session2_natural,0,36,1.2,1.3429575696252005,0.12343468264922478
COHFACE_s35_session2_natural,0,37,1.2333333333333334,1.5722218926950327,0.00513713554826703
COHFACE_s35_session2_natural,0,38,1.2666666666666666,1.5599860545727302,-0.08232083658619092
COHFACE_s35_session2_natural,0,39,1.3,1.38861259651003,-0.13807318767519144
COHFACE_s35_session2_natural,0,40,1.3333333333333333,1.1213510401695548,-0.15523212463371994
COHFACE_s35_session2_natural,0,41,1.3666666666666667,0.8053087826909012,-0.12076683184547288
COHFACE_s35_session2_natural,0,42,1.4,0.4909662034120473,-0.023942370227257245
COHFACE_s35_session2_natural,0,43,1.4333333333333333,0.2140920069607142,0.14305574539005617
COHFACE_s35_session2_natural,0,44,1.4666666666666666,-0.024048176094983463,0.3563518861741238
COHFACE_s35_session2_natural,0,45,1.5,-0.24000230088637992,0.5598202631278348
COHFACE_s35_session2_natural,0,46,1.5333333333333334,-0.4408448405731694,0.7042702860940238
COHFACE_s35_session2_natural,0,47,1.5666666666666667,-0.6224753331140325,0.7473764427832945
COHFACE_s35_session2_natural,0,48,1.6,-0.783253110087766,0.6970691036776362
COHFACE_s35_session2_natural,0,49,1.6333333333333333,-0.9211520070559064,0.6109931760047419
COHFACE_s35_session2_natural,0,50,1.6666666666666667,-1.0248481835754912,0.5311388540773968
COHFACE_s35_session2_natural,0,51,1.7,-1.079146534150065,0.48327102715738335
COHFACE_s35_session2_natural,0,52,1.7333333333333334,-1.0698799182032,0.46622853141720555
COHFACE_s35_session2_natural,0,53,1.7666666666666666,-0.980408853127757,0.4523473777952479
COHFACE_s35_session2_natural,0,54,1.8,-0.7893795602722512,0.41501535049473653
COHFACE_s35_session2_natural,0,55,1.8333333333333333,-0.4702605324937502,0.3296043510550864
COHFACE_s35_session2_natural,0,56,1.8666666666666667,-0.008329008034271848,0.18912481510088477
COHFACE_s35_session2_natural,0,57,1.9,0.5372285375927267,0.005116882407820933
COHFACE_s35_session2_natural,0,58,1.9333333333333333,1.0042794296734168,-0.21504552468157503
COHFACE_s35_session2_natural,0,59,1.9666666666666666,1.2372317884178523,-0.46696892230985104
COHFACE_s35_session2_natural,0,60,2.0,1.211823797008476,-0.7092341871458004
COHFACE_s35_session2_natural,0,61,2.033333333333333,1.0084732253496298,-0.8627130700051262
COHFACE_s35_session2_natural,0,62,2.066666666666667,0.7158199543242343,-0.8979127836489059
COHFACE_s35_session2_natural,0,63,2.1,0.3999773551982926,-0.8346715063124306
COHFACE_s35_session2_natural,0,64,2.1333333333333333,0.11565032486367498,-0.7119003445152662
COHFACE_s35_session2_natural,0,65,2.1666666666666665,-0.10940824294951196,-0.5868850851673794
COHFACE_s35_session2_natural,0,66,2.2,-0.2900909130607426,-0.48902415455196785
COHFACE_s35_session2_natural,0,67,2.2333333333333334,-0.45361102647540613,-0.41987469209158634
COHFACE_s35_session2_natural,0,68,2.2666666666666666,-0.5989790936731701,-0.3700419892169837
COHFACE_s35_session2_natural,0,69,2.3,-0.6965267698120374,-0.3199706609941758
COHFACE_s35_session2_natural,0,70,2.3333333333333335,-0.7171841798493458,-0.2612839946521274
COHFACE_s35_session2_natural,0,71,2.3666666666666667,-0.6605147662793465,-0.19743383131865055
COHFACE_s35_session2_natural,0,72,2.4,-0.5569679524925992,-0.12496049983297766
COHFACE_s35_session2_natural,0,73,2.433333333333333,-0.435241024586807,-0.034118920721288803
COHFACE_s35_session2_natural,0,74,2.466666666666667,-0.2888349797340898,0.06217402823605944
COHFACE_s35_session2_natural,0,75,2.5,-0.07014026985865351,0.12797975648337254
COHFACE_s35_session2_natural,0,76,2.533333333333333,0.2742722696191165,0.14963788924019633
COHFACE_s35_session2_natural,0,77,2.566666666666667,0.7191650946368437,0.13560317474961184
COHFACE_s35_session2_natural,0,78,2.6,1.1225390174605554,0.1163763931702931
COHFACE_s35_session2_natural,0,79,2.6333333333333333,1.3301791403644525,0.14364513084317493
COHFACE_s35_session2_natural,0,80,2.6666666666666665,1.3000802808859524,0.23160886391155477
COHFACE_s35_session2_natural,0,81,2.7,1.092658509479833,0.35630518473819894
COHFACE_s35_session2_natural,0,82,2.7333333333333334,0.7933535089738297,0.48251444906432817
COHFACE_s35_session2_natural,0,83,2.7666666666666666,0.4760539080945212,0.5638301450972057
COHFACE_s35_session2_natural,0,84,2.8,0.19087590273293972,0.588166125855407
COHFACE_s35_session2_natural,0,85,2.8333333333333335,-0.04611110644177738,0.5774950424584923
COHFACE_s35_session2_natural,0,86,2.8666666666666667,-0.24588563247994988,0.5432013438011462
COHFACE_s35_session2_natural,0,87,2.9,-0.43561571270084626,0.48582931402032886
COHFACE_s35_session2_natural,0,88,2.933333333333333,-0.6409048905423642,0.41362581387165087
COHFACE_s35_session2_natural,0,89,2.966666666666667,-0.8558961433106624,0.3427405497135985
COHFACE_s35_session2_natural,0,90,3.0,-1.0482394220130482,0.2904409764683563
COHFACE_s35_session2_natural,0,91,3.033333333333333,-1.192012142696005,0.275174780994173
COHFACE_s35_session2_natural,0,92,3.066666666666667,-1.2700225996404555,0.2807913000049906
COHFACE_s35_session2_natural,0,93,3.1,-1.2578502622612784,0.2571889811400463
COHFACE_s35_session2_natural,0,94,3.1333333333333333,-1.1273689087008028,0.17842883949260405
COHFACE_s35_session2_natural,0,95,3.1666666666666665,-0.8561128064899912,0.04373787475901737
COHFACE_s35_session2_natural,0,96,3.2,-0.42261009985592884,-0.12079828510241036
COHFACE_s35_session2_natural,0,97,3.2333333333333334,0.1666502300207169,-0.2619283703844603
COHFACE_s35_session2_natural,0,98,3.2666666666666666,0.7998959758189604,-0.35235933769479055
COHFACE_s35_session2_natural,0,99,3.3,1.2822818489590693,-0.3904400298046641
COHFACE_s35_session2_natural,0,100,3.3333333333333335,1.4994732601253304,-0.39079147378803725
COHFACE_s35_session2_natural,0,101,3.3666666666666667,1.4867162547561577,-0.3835315677866573
COHFACE_s35_session2_natural,0,102,3.4,1.3284629754817576,-0.37233070990182027
COHFACE_s35_session2_natural,0,103,3.433333333333333,1.0791513995419961,-0.33429406435026127
COHFACE_s35_session2_natural,0,104,3.466666666666667,0.7798747884043218,-0.2838434910298675
COHFACE_s35_session2_natural,0,105,3.5,0.47692619082737275,-0.27253345875408336
COHFACE_s35_session2_natural,0,106,3.533333333333333,0.19822266040927752,-0.31402082672652293
COHFACE_s35_session2_natural,0,107,3.566666666666667,-0.06133402861193519,-0.38373787234073764
COHFACE_s35_session2_natural,0,108,3.6,-0.319170216223915,-0.45524591215972954
COHFACE_s35_session2_natural,0,109,3.6333333333333333,-0.5804467270363388,-0.5005110524936766
COHFACE_s35_session2_natural,0,110,3.6666666666666665,-0.8320073626713476,-0.5149453632294374
COHFACE_s35_session2_natural,0,111,3.7,-1.050745130146059,-0.5172560536390994
COHFACE_s35_session2_natural,0,112,3.7333333333333334,-1.2134590235277471,-0.5143812009030126
COHFACE_s35_session2_natural,0,113,3.7666666666666666,-1.300695388129006,-0.5013394962851321
COHFACE_s35_session2_natural,0,114,3.8,-1.295509663767866,-0.45657574400425394
COHFACE_s35_session2_natural,0,115,3.8333333333333335,-1.1778198494796794,-0.3427609320782527
COHFACE_s35_session2_natural,0,116,3.8666666666666667,-0.9202120311590999,-0.1584673962188524
COHFACE_s35_session2_natural,0,117,3.9,-0.494573325828145,0.06087712884609106
COHFACE_s35_session2_natural,0,118,3.933333333333333,0.09193204247187521,0.27448761066429644
COHFACE_s35_session2_natural,0,119,3.966666666666667,0.7330898403190967,0.43572527234899194
COHFACE_s35_session2_natural,0,120,4.0,1.2436412040849265,0.5386032337598807
COHFACE_s35_session2_natural,0,121,4.033333333333333,1.5032659659612793,0.6167116908587369
COHFACE_s35_session2_natural,0,122,4.066666666666666,1.529008899375372,0.6888790393645083
COHFACE_s35_session2_natural,0,123,4.1,1.396390769692044,0.7579949691924412
COHFACE_s35_session2_natural,0,124,4.133333333333334,1.1629475216960485,0.8182551369540465
COHFACE_s35_session2_natural,0,125,4.166666666666667,0.8701957153039191,0.8547828591285286
COHFACE_s35_session2_natural,0,126,4.2,0.5636888074559635,0.8508263061798669
COHFACE_s35_session2_natural,0,127,4.233333333333333,0.2797758728010843,0.7879577172106531
COHFACE_s35_session2_natural,0,128,4.266666666666667,0.022964705160882073,0.6561615269074036
COHFACE_s35_session2_natural,0,129,4.3,-0.22451988018753624,0.45458052352573275
COHFACE_s35_session2_natural,0,130,4.333333333333333,-0.4734710479585646,0.20033212204057024
COHFACE_s35_session2_natural,0,131,4.366666666666666,-0.7148721083815184,-0.0705079327281569
COHFACE_s35_session2_natural,0,132,4.4,-0.9291349236141404,-0.312463764540861
COHFACE_s35_session2_natural,0,133,4.433333333333334,-1.098412147097942,-0.469977274747016
COHFACE_s35_session2_natural,0,134,4.466666666666667,-1.2083986657075143,-0.521773433092832
COHFACE_s35_session2_natural,0,135,4.5,-1.2438417705374323,-0.4802814723692668
COHFACE_s35_session2_natural,0,136,4.533333333333333,-1.1872984850532275,-0.3772118070022039
COHFACE_s35_session2_natural,0,137,4.566666666666666,-1.0175065629332185,-0.2628727635522748
COHFACE_s35_session2_natural,0,138,4.6,-0.7060600091268425,-0.17266478010757533
COHFACE_s35_session2_natural,0,139,4.633333333333334,-0.22995172511027304,-0.12681541876615168
COHFACE_s35_session2_natural,0,140,4.666666666666667,0.3714103174153717,-0.1318091991323112
COHFACE_s35_session2_natural,0,141,4.7,0.9489447206389597,-0.18047252477934778
COHFACE_s35_session2_natural,0,142,4.733333333333333,1.329853862276089,-0.2345526158831812
COHFACE_s35_session2_natural,0,143,4.766666666666667,1.4569604295451504,-0.22542494974179172
COHFACE_s35_session2_natural,0,144,4.8,1.3871649266641441,-0.13938193328606865
COHFACE_s35_session2_natural,0,145,4.833333333333333,1.194937795268797,-0.018060163733921705
COHFACE_s35_session2_natural,0,146,4.866666666666666,0.9308251899304489,0.09319255333958244
COHFACE_s35_session2_natural,0,147,4.9,0.6394693823633579,0.1457733211367208
COHFACE_s35_session2_natural,0,148,4.933333333333334,0.3636731681113464,0.12397998358596914
COHFACE_s35_session2_natural,0,149,4.966666666666667,0.11916140081413062,0.04509094178401759
COHFACE_s35_session2_natural,0,150,5.0,-0.10967854377893747,-0.0752707358177083
COHFACE_s35_session2_natural,0,151,5.033333333333333,-0.34055169070051095,-0.22303326094904943
COHFACE_s35_session2_natural,0,152,5.066666666666666,-0.5713249352668291,-0.3766658706153249
COHFACE_s35_session2_natural,0,153,5.1,-0.7848858868146904,-0.5067668742645941
COHFACE_s35_session2_natural,0,154,5.133333333333334,-0.9626922991382827,-0.5899650991807981
COHFACE_s35_session2_natural,0,155,5.166666666666667,-1.0892222319184635,-0.6087020850528478
COHFACE_s35_session2_natural,0,156,5.2,-1.149835632984264,-0.560865711222771
COHFACE_s35_session2_natural,0,157,5.233333333333333,-1.130531235273154,-0.45977021182591254
COHFACE_s35_session2_natural,0,158,5.266666666666667,-1.0178574058958088,-0.3211767659559197
COHFACE_s35_session2_natural,0,159,5.3,-0.7926920992234037,-0.16362529332379025
COHFACE_s35_session2_natural,0,160,5.333333333333333,-0.42767577195535533,-0.016122726002126747
COHFACE_s35_session2_natural,0,161,5.366666666666666,0.08159592289474932,0.08150050176133164
COHFACE_s35_session2_natural,0,162,5.4,0.6503479281688505,0.1456648150551338
COHFACE_s35_session2_natural,0,163,5.433333333333334,1.1092184245750232,0.24781194951768853
COHFACE_s35_session2_natural,0,164,5.466666666666667,1.334444099207085,0.41293379316913104
COHFACE_s35_session2_natural,0,165,5.5,1.333861400828619,0.6180783957393212
COHFACE_s35_session2_natural,0,166,5.533333333333333,1.1849164310064575,0.8157065840742019
COHFACE_s35_session2_natural,0,167,5.566666666666666,0.9536433193952268,0.9335722257597032
COHFACE_s35_session2_natural,0,168,5.6,0.6882512149002311,0.9459921055163095
COHFACE_s35_session2_natural,0,169,5.633333333333334,0.4327523588412234,0.8737503156803827
COHFACE_s35_session2_natural,0,170,5.666666666666667,0.20825961973296223,0.7427591397537671
COHFACE_s35_session2_natural,0,171,5.7,0.0019295525347279782,0.5838699757996193
COHFACE_s35_session2_natural,0,172,5.733333333333333,-0.20621871564312952,0.42178578157944896
COHFACE_s35_session2_natural,0,173,5.766666666666667,-0.41897110206815247,0.2755571946487482
COHFACE_s35_session2_natural,0,174,5.8,-0.6239346891994043,0.16649299918221439
COHFACE_s35_session2_natural,0,175,5.833333333333333,-0.8036004953266581,0.11868811865723837
COHFACE_s35_session2_natural,0,176,5.866666666666666,-0.9412623833385632,0.11762742402576397
COHFACE_s35_session2_natural,0,177,5.9,-1.0229774802364209,0.1110576483076377
COHFACE_s35_session2_natural,0,178,5.933333333333334,-1.0367386994686003,0.0698304763803236
COHFACE_s35_session2_natural,0,179,5.966666666666667,-0.970793041602917,-0.011092033142740682
COHFACE_s35_session2_natural,0,180,6.0,-0.8104169870607403,-0.12258094223523656
COHFACE_s35_session2_natural,0,181,6.033333333333333,-0.5332555586537715,-0.2409082591318327
COHFACE_s35_session2_natural,0,182,6.066666666666666,-0.11975673893839539,-0.3585211588291779
COHFACE_s35_session2_natural,0,183,6.1,0.3939135520895789,-0.48331047441844865
COHFACE_s35_session2_natural,0,184,6.133333333333334,0.8735908898066163,-0.6155080080970471
COHFACE_s35_session2_natural,0,185,6.166666666666667,1.1655662531303115,-0.7467084541693562
COHFACE_s35_session2_natural,0,186,6.2,1.2236271549376143,-0.8509046914382357
COHFACE_s35_session2_natural,0,187,6.233333333333333,1.1093675050796115,-0.884251688714713
COHFACE_s35_session2_natural,0,188,6.266666666666667,0.9008184274384593,-0.8460667879364387
COHFACE_s35_session2_natural,0,189,6.3,0.6516614512882305,-0.7786023995813798
COHFACE_s35_session2_natural,0,190,6.333333333333333,0.40625080650848355,-0.7165751014994594
COHFACE_s35_session2_natural,0,191,6.366666666666666,0.19503192673557904,-0.6866796419431039
COHFACE_s35_session2_natural,0,192,6.4,0.012927844606426025,-0.6647212408945047
COHFACE_s35_session2_natural,0,193,6.433333333333334,-0.16621097097676413,-0.5765937511407544
COHFACE_s35_session2_natural,0,194,6.466666666666667,-0.3546430331639809,-0.3968969885682693
COHFACE_s35_session2_natural,0,195,6.5,-0.5409846624235682,-0.15039657616681684
COHFACE_s35_session2_natural,0,196,6.533333333333333,-0.7034029993695542,0.12228502256257986
COHFACE_s35_session2_natural,0,197,6.566666666666666,-0.821978122755788,0.3639557600830814
COHFACE_s35_session2_natural,0,198,6.6,-0.8808637696675818,0.5399402347501719
COHFACE_s35_session2_natural,0,199,6.633333333333334,-0.8667001794687614,0.6372213172908685
COHFACE_s35_session2_natural,0,200,6.666666666666667,-0.767822857451379,0.6678356288967549
COHFACE_s35_session2_natural,0,201,6.7,-0.5697187970123215,0.6677064114000455
COHFACE_s35_session2_natural,0,202,6.733333333333333,-0.25358595372279846,0.6593966877539719
COHFACE_s35_session2_natural,0,203,6.766666666666667,0.17158777973223882,0.6513491232567472
COHFACE_s35_session2_natural,0,204,6.8,0.6130192539322988,0.6525843130041469
COHFACE_s35_session2_natural,0,205,6.833333333333333,0.9205158442018507,0.6724071012601058
COHFACE_s35_session2_natural,0,206,6.866666666666666,1.0094667043884713,0.6882058530617606
COHFACE_s35_session2_natural,0,207,6.9,0.912851288795531,0.6458937435478005
COHFACE_s35_session2_natural,0,208,6.933333333333334,0.712471073076169,0.5230521071299021
COHFACE_s35_session2_natural,0,209,6.966666666666667,0.4774069472302423,0.3298349313353567
COHFACE_s35_session2_natural,0,210,7.0,0.25731602109239254,0.09871935148056846
COHFACE_s35_session2_natural,0,211,7.033333333333333,0.0758148102454554,-0.11506940525838924
COHFACE_s35_session2_natural,0,212,7.066666666666666,-0.08043739531470295,-0.2929503381953691
COHFACE_s35_session2_natural,0,213,7.1,-0.24043371595038085,-0.45199842101544563
COHFACE_s35_session2_natural,0,214,7.133333333333334,-0.4145314455619052,-0.5841614585079631
COHFACE_s35_session2_natural,0,215,7.166666666666667,-0.586467714850235,-0.6553509760182485
COHFACE_s35_session2_natural,0,216,7.2,-0.7276293010793865,-0.6518635085757788
COHFACE_s35_session2_natural,0,217,7.233333333333333,-0.8111491235364383,-0.5802592564017635
COHFACE_s35_session2_natural,0,218,7.266666666666667,-0.8167797907593526,-0.4619616708657676
COHFACE_s35_session2_natural,0,219,7.3,-0.7282585388625793,-0.33314620006324985
COHFACE_s35_session2_natural,0,220,7.333333333333333,-0.5272172175639902,-0.22752215603343104
COHFACE_s35_session2_natural,0,221,7.366666666666666,-0.19519246583269473,-0.17627742360866303
COHFACE_s35_session2_natural,0,222,7.4,0.24994985852633234,-0.160087413451515
COHFACE_s35_session2_natural,0,223,7.433333333333334,0.7032554985701559,-0.11003041335554405
COHFACE_s35_session2_natural,0,224,7.466666666666667,1.0124214114814973,0.00818036358803925
COHFACE_s35_session2_natural,0,225,7.5,1.1008875775060545,0.19286348626929553
COHFACE_s35_session2_natural,0,226,7.533333333333333,1.0054133835017545,0.4025036726303165
COHFACE_s35_session2_natural,0,227,7.566666666666666,0.8008393603893882,0.5556461727312738
COHFACE_s35_session2_natural,0,228,7.6,0.5469899375772158,0.6223440268570037
COHFACE_s35_session2_natural,0,229,7.633333333333334,0.2928888744989503,0.6239573233225103
COHFACE_s35_session2_natural,0,230,7.666666666666667,0.07036719267808948,0.5793556600267901
COHFACE_s35_session2_natural,0,231,7.7,-0.1257850389480099,0.5044110765794081
COHFACE_s35_session2_natural,0,232,7.733333333333333,-0.3219494865552868,0.4154829778166878
COHFACE_s35_session2_natural,0,233,7.766666666666667,-0.5295403726917727,0.32954623926242305
COHFACE_s35_session2_natural,0,234,7.8,-0.7339039750919863,0.24979922928651493
COHFACE_s35_session2_natural,0,235,7.833333333333333,-0.9060873102690484,0.16626176508825394
COHFACE_s35_session2_natural,0,236,7.866666666666666,-1.015259841925964,0.06698779292589269
COHFACE_s35_session2_natural,0,237,7.9,-1.033516268698222,-0.060910301440316915
COHFACE_s35_session2_natural,0,238,7.933333333333334,-0.9354947930612605,-0.208813430916645
COHFACE_s35_session2_natural,0,239,7.966666666666667,-0.6970056380254042,-0.34584498874462927
COHFACE_s35_session2_natural,0,240,8.0,-0.29913780952254826,-0.45107978388748526
COHFACE_s35_session2_natural,0,241,8.033333333333333,0.22967314475703665,-0.5130877249985233
COHFACE_s35_session2_natural,0,242,8.066666666666666,0.7610194482143177,-0.5279477215431249
COHFACE_s35_session2_natural,0,243,8.1,1.1282515660680719,-0.4988502981983093
COHFACE_s35_session2_natural,0,244,8.133333333333333,1.2634384226737663,-0.43711012719626136
COHFACE_s35_session2_natural,0,245,8.166666666666666,1.2136402575846705,-0.3619980059799873
COHFACE_s35_session2_natural,0,246,8.2,1.0471316900063223,-0.27856741230753373
COHFACE_s35_session2_natural,0,247,8.233333333333333,0.8063678966552799,-0.17801430486445993
COHFACE_s35_session2_natural,0,248,8.266666666666667,0.5282044943052546,-0.06992128851811846
COHFACE_s35_session2_natural,0,249,8.3,0.25239815660193415,0.017312768797718023
COHFACE_s35_session2_natural,0,250,8.333333333333334,-0.00313877902835083,0.06583198257304572
COHFACE_s35_session2_natural,0,251,8.366666666666667,-0.2490838170613312,0.06821089970113178
COHFACE_s35_session2_natural,0,252,8.4,-0.4978869336912106,0.04172231328560996
COHFACE_s35_session2_natural,0,253,8.433333333333334,-0.7421260821740183,0.02780629015457553
COHFACE_s35_session2_natural,0,254,8.466666666666667,-0.9567187440723671,0.03462371133299107
COHFACE_s35_session2_natural,0,255,8.5,-1.1135361107667385,0.036892769306906555
COHFACE_s35_session2_natural,0,256,8.533333333333333,-1.1895406215983284,0.026164310602807526
COHFACE_s35_session2_natural,0,257,8.566666666666666,-1.164148450167632,0.011011739065538904
COHFACE_s35_session2_natural,0,258,8.6,-1.0162394364480436,0.0009616613899209904
COHFACE_s35_session2_natural,0,259,8.633333333333333,-0.7226429274602693,0.006284125935798537
COHFACE_s35_session2_natural,0,260,8.666666666666666,-0.266041606000211,0.017522017982829596
COHFACE_s35_session2_natural,0,261,8.7,0.3143574699663947,0.005677115863417556
COHFACE_s35_session2_natural,0,262,8.733333333333333,0.876430707240139,-0.03367237683772958
COHFACE_s35_session2_natural,0,263,8.766666666666667,1.2562499732034076,-0.08020994732805253
COHFACE_s35_session2_natural,0,264,8.8,1.39993580259526,-0.0937150288108016
COHFACE_s35_session2_natural,0,265,8.833333333333334,1.3588178274483051,-0.014938386426690972
COHFACE_s35_session2_natural,0,266,8.866666666666667,1.1957718171317269,0.13630433414476922
COHFACE_s35_session2_natural,0,267,8.9,0.9493448225364355,0.26109134284178176
COHFACE_s35_session2_natural,0,268,8.933333333333334,0.6575047984829716,0.3039908563803865
COHFACE_s35_session2_natural,0,269,8.966666666666667,0.3653970105048668,0.25372064501809644
COHFACE_s35_session2_natural,0,270,9.0,0.09889415552184777,0.14557690339182716
COHFACE_s35_session2_natural,0,271,9.033333333333333,-0.14727792065209128,0.06074035449049113
COHFACE_s35_session2_natural,0,272,9.066666666666666,-0.3878980344255064,0.024601307633856512
COHFACE_s35_session2_natural,0,273,9.1,-0.625324756812375,0.006605679201218969
COHFACE_s35_session2_natural,0,274,9.133333333333333,-0.8467896027934119,-0.021655171434930846
COHFACE_s35_session2_natural,0,275,9.166666666666666,-1.0328413761797743,-0.08552026884370018
COHFACE_s35_session2_natural,0,276,9.2,-1.1649433170180914,-0.16186297485757678
COHFACE_s35_session2_natural,0,277,9.233333333333333,-1.2267871124485632,-0.17931558867322803
COHFACE_s35_session2_natural,0,278,9.266666666666667,-1.2017396357268513,-0.12261904464248016
COHFACE_s35_session2_natural,0,279,9.3,-1.0707720374969343,-0.032946295917356684
COHFACE_s35_session2_natural,0,280,9.333333333333334,-0.8109699469746171,0.050582698049921666
COHFACE_s35_session2_natural,0,281,9.366666666666667,-0.39757079662758127,0.09138383979952647
COHFACE_s35_session2_natural,0,282,9.4,0.1598112987949748,0.09333962203695703
COHFACE_s35_session2_natural,0,283,9.433333333333334,0.7527448600795024,0.10040097511089333
COHFACE_s35_session2_natural,0,284,9.466666666666667,1.2060492358602903,0.13692422146978567
COHFACE_s35_session2_natural,0,285,9.5,1.4202395912587598,0.20693286242092213
COHFACE_s35_session2_natural,0,286,9.533333333333333,1.4229569802496955,0.2988909179948763
COHFACE_s35_session2_natural,0,287,9.566666666666666,1.2850501732533894,0.3855556994516921
COHFACE_s35_session2_natural,0,288,9.6,1.0571989005323243,0.44236265714965417
COHFACE_s35_session2_natural,0,289,9.633333333333333,0.7785610559415432,0.44754117854122566
COHFACE_s35_session2_natural,0,290,9.666666666666666,0.4932511921483768,0.3861671195444757
COHFACE_s35_session2_natural,0,291,9.7,0.23405053801689368,0.2505893104331078
COHFACE_s35_session2_natural,0,292,9.733333333333333,0.002633121786799454,0.05352114394467904
COHFACE_s35_session2_natural,0,293,9.766666666666667,-0.21747985810702908,-0.17131992124391035
COHFACE_s35_session2_natural,0,294,9.8,-0.4353474208511503,-0.384813854320895
COHFACE_s35_session2_natural,0,295,9.833333333333334,-0.6451768992206447,-0.5419239245350524
COHFACE_s35_session2_natural,0,296,9.866666666666667,-0.8329858569402405,-0.6351055655056977
COHFACE_s35_session2_natural,0,297,9.9,-0.9842811040909142,-0.6933771220031641
COHFACE_s35_session2_natural,0,298,9.933333333333334,-1.0874982534353563,-0.7313402985201981
COHFACE_s35_session2_natural,0,299,9.966666666666667,-1.1317471774175276,-0.7483341476417533
COHFACE_s35_session2_natural,0,300,10.0,-1.1033336385155605,-0.7159756131779802
COHFACE_s35_session2_natural,0,301,10.033333333333333,-0.9840013247714506,-0.5788620778854453
COHFACE_s35_session2_natural,0,302,10.066666666666666,-0.7504869741120318,-0.3552396848577064
COHFACE_s35_session2_natural,0,303,10.1,-0.37693669040699457,-0.13747975318599398
COHFACE_s35_session2_natural,0,304,10.133333333333333,0.1363258627545082,0.024728025126127463
COHFACE_s35_session2_natural,0,305,10.166666666666666,0.6998248382278149,0.12421853834928487
COHFACE_s35_session2_natural,0,306,10.2,1.1452623906361592,0.1967912087768814
COHFACE_s35_session2_natural,0,307,10.233333333333333,1.3588086548662552,0.3194353682350335
COHFACE_s35_session2_natural,0,308,10.266666666666667,1.357003442930269,0.49343480035497755
COHFACE_s35_session2_natural,0,309,10.3,1.2151822186972279,0.6434264341371746
COHFACE_s35_session2_natural,0,310,10.333333333333334,0.9907739363041178,0.7257439635913425
COHFACE_s35_session2_natural,0,311,10.366666666666667,0.7251464759411057,0.7285867550004156
COHFACE_s35_session2_natural,0,312,10.4,0.4616494147516812,0.6661945112261639
COHFACE_s35_session2_natural,0,313,10.433333333333334,0.22853571872716089,0.5784178637182112
COHFACE_s35_session2_natural,0,314,10.466666666666667,0.021669717533593848,0.483667551893889
COHFACE_s35_session2_natural,0,315,10.5,-0.1784443313186455,0.37903113988762915
COHFACE_s35_session2_natural,0,316,10.533333333333333,-0.38106046863027127,0.2768380096461718
COHFACE_s35_session2_natural,0,317,10.566666666666666,-0.5791948443545051,0.2050876740087399
COHFACE_s35_session2_natural,0,318,10.6,-0.7583741802896966,0.1551572958227966
COHFACE_s35_session2_natural,0,319,10.633333333333333,-0.9054227554533834,0.08260944918042536
COHFACE_s35_session2_natural,0,320,10.666666666666666,-1.0093246368450608,-0.03218313953510126
COHFACE_s35_session2_natural,0,321,10.7,-1.057318070961889,-0.18290173676304863
COHFACE_s35_session2_natural,0,322,10.733333333333333,-1.034427915238102,-0.3466989027229327
COHFACE_s35_session2_natural,0,323,10.766666666666667,-0.9254446939604406,-0.4837277763620663
COHFACE_s35_session2_natural,0,324,10.8,-0.7133221364503147,-0.5650651724919894
COHFACE_s35_session2_natural,0,325,10.833333333333334,-0.37756358355371983,-0.5725223071881603
COHFACE_s35_session2_natural,0,326,10.866666666666667,0.08644784570719057,-0.5087623298120055
COHFACE_s35_session2_natural,0,327,10.9,0.6105826923352083,-0.3971432572156904
COHFACE_s35_session2_natural,0,328,10.933333333333334,1.0417836227065196,-0.2789221022328517
COHFACE_s35_session2_natural,0,329,10.966666666666667,1.254193793626789,-0.21285662510931064
COHFACE_s35_session2_natural,0,330,11.0,1.2460995521559832,-0.21851307904452966
COHFACE_s35_session2_natural,0,331,11.033333333333333,1.0928444225967135,-0.2761854905641857
COHFACE_s35_session2_natural,0,332,11.066666666666666,0.8629713187730403,-0.3542108437806717
COHFACE_s35_session2_natural,0,333,11.1,0.6053348084586061,-0.40949604585707017
COHFACE_s35_session2_natural,0,334,11.133333333333333,0.362799041604851,-0.41751629476057933
COHFACE_s35_session2_natural,0,335,11.166666666666666,0.1562222449602981,-0.37266926563138336
COHFACE_s35_session2_natural,0,336,11.2,-0.027275561616263738,-0.27165501284160176
COHFACE_s35_session2_natural,0,337,11.233333333333333,-0.21039008935679504,-0.11394735902275942
COHFACE_s35_session2_natural,0,338,11.266666666666667,-0.39949806975782426,0.0748131123593
COHFACE_s35_session2_natural,0,339,11.3,-0.5822377051355154,0.24236745665759496
COHFACE_s35_session2_natural,0,340,11.333333333333334,-0.7392854788514279,0.3585563657338595
COHFACE_s35_session2_natural,0,341,11.366666666666667,-0.8537570360505737,0.4149296166500689
COHFACE_s35_session2_natural,0,342,11.4,-0.9115030767592914,0.435593865623334
COHFACE_s35_session2_natural,0,343,11.433333333333334,-0.8991452995636215,0.4760636057303166
COHFACE_s35_session2_natural,0,344,11.466666666666667,-0.8037362299891265,0.5395522899540326
COHFACE_s35_session2_natural,0,345,11.5,-0.6095748414791188,0.5765530608500666
COHFACE_s35_session2_natural,0,346,11.533333333333333,-0.296701705450716,0.560514787161106
COHFACE_s35_session2_natural,0,347,11.566666666666666,0.13338490625823315,0.4883228388397313
COHFACE_s35_session2_natural,0,348,11.6,0.6005958081429783,0.38932813438272795
COHFACE_s35_session2_natural,0,349,11.633333333333333,0.9528169477097105,0.32501894180478813
COHFACE_s35_session2_natural,0,350,11.666666666666666,1.0845528292554518,0.3081056811731107
COHFACE_s35_session2_natural,0,351,11.7,1.01329055796857,0.30263347362282045
COHFACE_s35_session2_natural,0,352,11.733333333333333,0.8205386287575137,0.27536667826445466
COHFACE_s35_session2_natural,0,353,11.766666666666667,0.5778885408472526,0.19681773190483368
COHFACE_s35_session2_natural,0,354,11.8,0.3385993995985175,0.0643577445511238
COHFACE_s35_session2_natural,0,355,11.833333333333334,0.13719108418432835,-0.09710407986644369
COHFACE_s35_session2_natural,0,356,11.866666666666667,-0.029085607769325894,-0.26091647219244407
COHFACE_s35_session2_natural,0,357,11.9,-0.19017337560863387,-0.3982540695433389
COHFACE_s35_session2_natural,0,358,11.933333333333334,-0.36569491888277206,-0.49261175519857503
COHFACE_s35_session2_natural,0,359,11.966666666666667,-0.5469905691673135,-0.5392578962387067
COHFACE_s35_session2_natural,0,360,12.0,-0.7080197151588324,-0.5397860876915727
COHFACE_s35_session2_natural,0,361,12.033333333333333,-0.8217077266068561,-0.5017074117735251
COHFACE_s35_session2_natural,0,362,12.066666666666666,-0.8665191564256755,-0.44449244708194513
COHFACE_s35_session2_natural,0,363,12.1,-0.8257006895919766,-0.399270460533037
COHFACE_s35_session2_natural,0,364,12.133333333333333,-0.684393416681845,-0.3755536556255243
COHFACE_s35_session2_natural,0,365,12.166666666666666,-0.42458775273438054,-0.3612913471150316
COHFACE_s35_session2_natural,0,366,12.2,-0.03309238637232213,-0.33194938785773215
COHFACE_s35_session2_natural,0,367,12.233333333333333,0.4482614865016138,-0.251339814760952
COHFACE_s35_session2_natural,0,368,12.266666666666667,0.8833925741217967,-0.12445397208439396
COHFACE_s35_session2_natural,0,369,12.3,1.1225499585920742,0.002069113292143744
COHFACE_s35_session2_natural,0,370,12.333333333333334,1.1260450841766594,0.09152308208094292
COHFACE_s35_session2_natural,0,371,12.366666666666667,0.9600478818281555,0.11724070661735156
COHFACE_s35_session2_natural,0,372,12.4,0.7077988062985464,0.09753543438470494
COHFACE_s35_session2_natural,0,373,12.433333333333334,0.4311616615278141,0.09494026588836682
COHFACE_s35_session2_natural,0,374,12.466666666666667,0.1763898940405287,0.13124274887192527
COHFACE_s35_session2_natural,0,375,12.5,-0.036984587939604414,0.18682705193849847
COHFACE_s35_session2_natural,0,376,12.533333333333333,-0.22542035174071193,0.23214272368795247
COHFACE_s35_session2_natural,0,377,12.566666666666666,-0.41500222536163023,0.2281142321619638
COHFACE_s35_session2_natural,0,378,12.6,-0.6105614770297014,0.17932718802304276
COHFACE_s35_session2_natural,0,379,12.633333333333333,-0.7924669656075133,0.13389125624306994
COHFACE_s35_session2_natural,0,380,12.666666666666666,-0.9301984092752733,0.11698169843799389
COHFACE_s35_session2_natural,0,381,12.7,-0.9944601893868781,0.13041883035079177
COHFACE_s35_session2_natural,0,382,12.733333333333333,-0.9615486342041903,0.15972227412065138
COHFACE_s35_session2_natural,0,383,12.766666666666667,-0.8107304303555073,0.17442646442886037
COHFACE_s35_session2_natural,0,384,12.8,-0.5186321854150103,0.16249254661267504
COHFACE_s35_session2_natural,0,385,12.833333333333334,-0.07186927408596125,0.1305614822951629
COHFACE_s35_session2_natural,0,386,12.866666666666667,0.4732739591857593,0.09821038731452437
COHFACE_s35_session2_natural,0,387,12.9,0.9590926515589295,0.09764666913963994
COHFACE_s35_session2_natural,0,388,12.933333333333334,1.2316902396203244,0.13876143094201496
COHFACE_s35_session2_natural,0,389,12.966666666666667,1.2633122343019438,0.20889547164449837
COHFACE_s35_session2_natural,0,390,13.0,1.1241252516832216,0.28827087736548423
COHFACE_s35_session2_natural,0,391,13.033333333333333,0.8873177937380807,0.35012173503791416
COHFACE_s35_session2_natural,0,392,13.066666666666666,0.601688881125414,0.37184713265186875
COHFACE_s35_session2_natural,0,393,13.1,0.31098363112580746,0.3352969188655827
COHFACE_s35_session2_natural,0,394,13.133333333333333,0.04844433921200995,0.24772502896538523
COHFACE_s35_session2_natural,0,395,13.166666666666666,-0.184900366686798,0.14193114664273507
COHFACE_s35_session2_natural,0,396,13.2,-0.40921910939386585,0.04998799433964808
COHFACE_s35_session2_natural,0,397,13.233333333333333,-0.6338616479398425,0.003170407486628113
COHFACE_s35_session2_natural,0,398,13.266666666666667,-0.8450122881215373,0.0016040313442170495
COHFACE_s35_session2_natural,0,399,13.3,-1.0161022121494203,0.014692655965250018
COHFACE_s35_session2_natural,0,400,13.333333333333334,-1.1203910306580909,0.016288820198317885
COHFACE_s35_session2_natural,0,401,13.366666666666667,-1.1350371640211092,-0.014557345237702718
COHFACE_s35_session2_natural,0,402,13.4,-1.0399561494837124,-0.07721041521415688
COHFACE_s35_session2_natural,0,403,13.433333333333334,-0.813891976724253,-0.14917079070715555
COHFACE_s35_session2_natural,0,404,13.466666666666667,-0.43220233793051177,-0.22663567284685046
COHFACE_s35_session2_natural,0,405,13.5,0.10310369574596369,-0.3240369883712756
COHFACE_s35_session2_natural,0,406,13.533333333333333,0.6946514282367209,-0.4419290649112585
COHFACE_s35_session2_natural,0,407,13.566666666666666,1.1625288588925304,-0.5662451109529393
COHFACE_s35_session2_natural,0,408,13.6,1.3875553064946082,-0.6820957060801374
COHFACE_s35_session2_natural,0,409,13.633333333333333,1.3875107325756355,-0.773308481211458
COHFACE_s35_session2_natural,0,410,13.666666666666666,1.2394128232138897,-0.8355248526632265
COHFACE_s35_session2_natural,0,411,13.7,1.00071225364658,-0.8757071409509812
COHFACE_s35_session2_natural,0,412,13.733333333333333,0.710430028270382,-0.8855994200815606
COHFACE_s35_session2_natural,0,413,13.766666666666667,0.4115400453321618,-0.8417453926916345
COHFACE_s35_session2_natural,0,414,13.8,0.13905934368172865,-0.7228797431040059
COHFACE_s35_session2_natural,0,415,13.833333333333334,-0.10361311310831828,-0.5109511003036374
COHFACE_s35_session2_natural,0,416,13.866666666666667,-0.33526522935805947,-0.22868855580849679
COHFACE_s35_session2_natural,0,417,13.9,-0.566920195130044,0.059418747138016245
COHFACE_s35_session2_natural,0,418,13.933333333333334,-0.7892451971341323,0.30987106316939583
COHFACE_s35_session2_natural,0,419,13.966666666666667,-0.981775987224867,0.4992225773372575
COHFACE_s35_session2_natural,0,420,14.0,-1.12409188017518,0.6389133002729783
COHFACE_s35_session2_natural,0,421,14.033333333333333,-1.1989148201504298,0.77346282792997
COHFACE_s35_session2_natural,0,422,14.066666666666666,-1.1908953339715507,0.9055619340451391
COHFACE_s35_session2_natural,0,423,14.1,-1.0834442734306622,0.9949276156014913
COHFACE_s35_session2_natural,0,424,14.133333333333333,-0.8546083166494626,1.017590985580794
COHFACE_s35_session2_natural,0,425,14.166666666666666,-0.47695875720251146,0.9658704602376189
COHFACE_s35_session2_natural,0,426,14.2,0.05569964372370764,0.8684696064047911
COHFACE_s35_session2_natural,0,427,14.233333333333333,0.6601923501427166,0.7899761713092107
COHFACE_s35_session2_natural,0,428,14.266666666666667,1.1597726851854078,0.7458303431867072
COHFACE_s35_session2_natural,0,429,14.3,1.4197320427960691,0.7024313733470655
COHFACE_s35_session2_natural,0,430,14.333333333333334,1.4441483712635605,0.6300481430503391
COHFACE_s35_session2_natural,0,431,14.366666666666667,1.3106457328616823,0.5040059355925696
COHFACE_s35_session2_natural,0,432,14.4,1.082211166506096,0.3180160791395917
COHFACE_s35_session2_natural,0,433,14.433333333333334,0.8002110008374483,0.08530226224765657
COHFACE_s35_session2_natural,0,434,14.466666666666667,0.5079063163541082,-0.1814570758763187
COHFACE_s35_session2_natural,0,435,14.5,0.24284892388494342,-0.46877242827526117
COHFACE_s35_session2_natural,0,436,14.533333333333333,0.012496820322529432,-0.7550893914759724
COHFACE_s35_session2_natural,0,437,14.566666666666666,-0.20103197634076436,-1.0092965971088887
COHFACE_s35_session2_natural,0,438,14.6,-0.4132687940005936,-1.1923460968856454
COHFACE_s35_session2_natural,0,439,14.633333333333333,-0.6226831288966327,-1.2565132690271659
COHFACE_s35_session2_natural,0,440,14.666666666666666,-0.815374607754563,-1.2056758778701802
COHFACE_s35_session2_natural,0,441,14.7,-0.9752441392278085,-1.0947180200389266
COHFACE_s35_session2_natural,0,442,14.733333333333333,-1.0884011473740873,-0.9552760081094923
COHFACE_s35_session2_natural,0,443,14.766666666666667,-1.141678260764691,-0.7956202012264793
COHFACE_s35_session2_natural,0,444,14.8,-1.1214394674983965,-0.6055564213854769
COHFACE_s35_session2_natural,0,445,14.833333333333334,-1.011867789621656,-0.3578831493622865
COHFACE_s35_session2_natural,0,446,14.866666666666667,-0.7914397228321914,-0.06850684589207795
COHFACE_s35_session2_natural,0,447,14.9,-0.4331016723610377,0.20220677328284314
COHFACE_s35_session2_natural,0,448,14.933333333333334,0.0720625663610524,0.4166427626657912
COHFACE_s35_session2_natural,0,449,14.966666666666667,0.6498904464804078,0.5590398927893103
COHFACE_s35_session2_natural,0,450,15.0,1.1306794342716253,0.646525863047791
COHFACE_s35_session2_natural,0,451,15.033333333333333,1.376704239672925,0.7275670083895083
COHFACE_s35_session2_natural,0,452,15.066666666666666,1.3874616123328143,0.8101524324009131
COHFACE_s35_session2_natural,0,453,15.1,1.2430831200034802,0.8609605930430578
COHFACE_s35_session2_natural,0,454,15.133333333333333,1.0119949572225906,0.8693217771294844
COHFACE_s35_session2_natural,0,455,15.166666666666666,0.7388836360819637,0.847159895617005
COHFACE_s35_session2_natural,0,456,15.2,0.4671572922866982,0.8038885567217515
COHFACE_s35_session2_natural,0,457,15.233333333333333,0.22922160140848874,0.7463215244963085
COHFACE_s35_session2_natural,0,458,15.266666666666667,0.024353583988742898,0.6652485326255558
COHFACE_s35_session2_natural,0,459,15.3,-0.17005742739632823,0.5361593931616232
COHFACE_s35_session2_natural,0,460,15.333333333333334,-0.3693673385501096,0.345203109471115
COHFACE_s35_session2_natural,0,461,15.366666666666667,-0.569303174041889,0.09057665121138603
COHFACE_s35_session2_natural,0,462,15.4,-0.7534093654786305,-0.19839670108936291
COHFACE_s35_session2_natural,0,463,15.433333333333334,-0.9047336087466686,-0.4602123356438522
COHFACE_s35_session2_natural,0,464,15.466666666666667,-1.0096289346852274,-0.6556076230185354
COHFACE_s35_session2_natural,0,465,15.5,-1.055809012470611,-0.7667406595345448
COHFACE_s35_session2_natural,0,466,15.533333333333333,-1.030668898562144,-0.7990003283352036
COHFACE_s35_session2_natural,0,467,15.566666666666666,-0.9191743658407059,-0.7799865121040293
COHFACE_s35_session2_natural,0,468,15.6,-0.7007155644462117,-0.7280841444123978
COHFACE_s35_session2_natural,0,469,15.633333333333333,-0.350156899699566,-0.6520170251531371
COHFACE_s35_session2_natural,0,470,15.666666666666666,0.1359823134795142,-0.5642721739371206
COHFACE_s35_session2_natural,0,471,15.7,0.6772106911775706,-0.48125218927685953
COHFACE_s35_session2_natural,0,472,15.733333333333333,1.1069807573552208,-0.40765890339910726
COHFACE_s35_session2_natural,0,473,15.766666666666667,1.3004087329071348,-0.33694055196598155
COHFACE_s35_session2_natural,0,474,15.8,1.2674744133171114,-0.24359588284729958
COHFACE_s35_session2_natural,0,475,15.833333333333334,1.0924511395053855,-0.08442158941435243
COHFACE_s35_session2_natural,0,476,15.866666666666667,0.847349495825139,0.13332151646494916
COHFACE_s35_session2_natural,0,477,15.9,0.5818495400497172,0.35095746156691615
COHFACE_s35_session2_natural,0,478,15.933333333333334,0.33800013380741756,0.5267635867785883
COHFACE_s35_session2_natural,0,479,15.966666666666667,0.13638919538614414,0.6355854184659986
COHFACE_s35_session2_natural,0,480,16.0,-0.035836491633486685,0.6518038340051922
COHFACE_s35_session2_natural,0,481,16.033333333333335,-0.20504450831174037,0.5492629065047192
COHFACE_s35_session2_natural,0,482,16.066666666666666,-0.3839032265843961,0.3507211374156639
COHFACE_s35_session2_natural,0,483,16.1,-0.5641889060633376,0.12790115323282458
COHFACE_s35_session2_natural,0,484,16.133333333333333,-0.7277229399710184,-0.06922006423320373
COHFACE_s35_session2_natural,0,485,16.166666666666668,-0.8577855779143718,-0.21228046232938713
COHFACE_s35_session2_natural,0,486,16.2,-0.941050985011505,-0.2705648683432944
COHFACE_s35_session2_natural,0,487,16.233333333333334,-0.9659527870430369,-0.2108866999904587
COHFACE_s35_session2_natural,0,488,16.266666666666666,-0.921908244213484,-0.0702473650046215
COHFACE_s35_session2_natural,0,489,16.3,-0.7959109092388089,0.04478425369492507
COHFACE_s35_session2_natural,0,490,16.333333333333332,-0.568001912285792,0.07917129275215028
COHFACE_s35_session2_natural,0,491,16.366666666666667,-0.2138215347195414,0.030156073396511204
COHFACE_s35_session2_natural,0,492,16.4,0.26195155227179195,-0.057802749167374184
COHFACE_s35_session2_natural,0,493,16.433333333333334,0.7634330597146353,-0.09397022063686179
COHFACE_s35_session2_natural,0,494,16.466666666666665,1.123195823978065,-0.024933977173890766
COHFACE_s35_session2_natural,0,495,16.5,1.2391087732609853,0.16410979365309697
COHFACE_s35_session2_natural,0,496,16.533333333333335,1.144239186424592,0.4068216642699719
COHFACE_s35_session2_natural,0,497,16.566666666666666,0.9306650104637185,0.5562734409989389
COHFACE_s35_session2_natural,0,498,16.6,0.671768281659439,0.5591638990100752
COHFACE_s35_session2_natural,0,499,16.633333333333333,0.4181102523490744,0.45628486837454146
COHFACE_s35_session2_natural,0,500,16.666666666666668,0.20206572812118492,0.28123281693993396
COHFACE_s35_session2_natural,0,501,16.7,0.02210261063780529,0.06018104921721554
COHFACE_s35_session2_natural,0,502,16.733333333333334,-0.1495983226985215,-0.18012104872378565
COHFACE_s35_session2_natural,0,503,16.766666666666666,-0.33312184386974825,-0.41153351570513386
COHFACE_s35_session2_natural,0,504,16.8,-0.5223166249675697,-0.6163350708533144
COHFACE_s35_session2_natural,0,505,16.833333333333332,-0.6938858065962532,-0.7860796687103843
COHFACE_s35_session2_natural,0,506,16.866666666666667,-0.823623509189224,-0.9020185504436249
COHFACE_s35_session2_natural,0,507,16.9,-0.8931134700163361,-0.9344367392736705
COHFACE_s35_session2_natural,0,508,16.933333333333334,-0.888544065513095,-0.8603729205478963
COHFACE_s35_session2_natural,0,509,16.966666666666665,-0.7979944788839267,-0.6640707145414614
COHFACE_s35_session2_natural,0,510,17.0,-0.6071743167665552,-0.3715656923618407
COHFACE_s35_session2_natural,0,511,17.033333333333335,-0.29668022862657684,-0.05137137069618758
COHFACE_s35_session2_natural,0,512,17.066666666666666,0.13567471011151255,0.24606870843425965
COHFACE_s35_session2_natural,0,513,17.1,0.6150879182492405,0.4875079136247726
COHFACE_s35_session2_natural,0,514,17.133333333333333,0.9841949659619547,0.6807497511979502
COHFACE_s35_session2_natural,0,515,17.166666666666668,1.123111966414376,0.8726652096659885
COHFACE_s35_session2_natural,0,516,17.2,1.0428557048778369,1.0608374880281273
COHFACE_s35_session2_natural,0,517,17.233333333333334,0.8310800219253696,1.192239025371864
COHFACE_s35_session2_natural,0,518,17.266666666666666,0.5687620974503146,1.2136453447984723
COHFACE_s35_session2_natural,0,519,17.3,0.31386895372385826,1.0722234974848288
COHFACE_s35_session2_natural,0,520,17.333333333333332,0.10136033116182873,0.7799508877739854
COHFACE_s35_session2_natural,0,521,17.366666666666667,-0.0716032097784624,0.41429399446682497
COHFACE_s35_session2_natural,0,522,17.4,-0.23814941350619565,0.03637107498310985
COHFACE_s35_session2_natural,0,523,17.433333333333334,-0.42354707963790506,-0.3081688947467965
COHFACE_s35_session2_natural,0,524,17.466666666666665,-0.6175365369930099,-0.5999055507790283
COHFACE_s35_session2_natural,0,525,17.5,-0.786685473615801,-0.8437167533725747
COHFACE_s35_session2_natural,0,526,17.533333333333335,-0.8999234089853096,-1.0467636135662206
COHFACE_s35_session2_natural,0,527,17.566666666666666,-0.9334213383097025,-1.2165232625656728
COHFACE_s35_session2_natural,0,528,17.6,-0.8671030460680682,-1.3385215505006833
COHFACE_s35_session2_natural,0,529,17.633333333333333,-0.6841615636505148,-1.37553391245604
COHFACE_s35_session2_natural,0,530,17.666666666666668,-0.3667125017159635,-1.2903142397725114
COHFACE_s35_session2_natural,0,531,17.7,0.08877714990100745,-1.0464200276772169
COHFACE_s35_session2_natural,0,532,17.733333333333334,0.608931143798124,-0.6515655788380736
COHFACE_s35_session2_natural,0,533,17.766666666666666,1.0279510044588764,-0.15917933389338318
COHFACE_s35_session2_natural,0,534,17.8,1.209569371503881,0.33719031167296065
COHFACE_s35_session2_natural,0,535,17.833333333333332,1.1529922341940577,0.703002296919732
COHFACE_s35_session2_natural,0,536,17.866666666666667,0.9427509616295359,0.902425151238345
COHFACE_s35_session2_natural,0,537,17.9,0.6583335029478506,0.996710733840367
COHFACE_s35_session2_natural,0,538,17.933333333333334,0.3573109537987174,1.0252882617847567
COHFACE_s35_session2_natural,0,539,17.966666666666665,0.08479324226578318,1.0039279017680491
COHFACE_s35_session2_natural,0,540,18.0,-0.14308356224785687,0.964994218746678
COHFACE_s35_session2_natural,0,541,18.033333333333335,-0.3451788599524121,0.9566624505058711
COHFACE_s35_session2_natural,0,542,18.066666666666666,-0.5442232040184412,0.9645222676795722
COHFACE_s35_session2_natural,0,543,18.1,-0.737323145471395,0.9120726316297938
COHFACE_s35_session2_natural,0,544,18.133333333333333,-0.897389503300153,0.7391650069411723
COHFACE_s35_session2_natural,0,545,18.166666666666668,-0.9903037441185679,0.40415510711165115
COHFACE_s35_session2_natural,0,546,18.2,-0.9866773913054341,-0.0340556335857265
COHFACE_s35_session2_natural,0,547,18.233333333333334,-0.8625249645247958,-0.4152557860997879
COHFACE_s35_session2_natural,0,548,18.266666666666666,-0.5940301475331704,-0.6659578597417546
COHFACE_s35_session2_natural,0,549,18.3,-0.16573052980887998,-0.7987139812683313
COHFACE_s35_session2_natural,0,550,18.333333333333332,0.3772800354770555,-0.8364187127664802
COHFACE_s35_session2_natural,0,551,18.366666666666667,0.8875958469910346,-0.8106279098760361
COHFACE_s35_session2_natural,0,552,18.4,1.2012694622130826,-0.7162774213635119
COHFACE_s35_session2_natural,0,553,18.433333333333334,1.2688981417812957,-0.51195072935028
COHFACE_s35_session2_natural,0,554,18.466666666666665,1.1495295413587125,-0.23080615696329074
COHFACE_s35_session2_natural,0,555,18.5,0.916442357380203,0.0189646154519182
COHFACE_s35_session2_natural,0,556,18.533333333333335,0.6204898839491761,0.16595998410435497
COHFACE_s35_session2_natural,0,557,18.566666666666666,0.30850604092913403,0.17587041672965292
COHFACE_s35_session2_natural,0,558,18.6,0.020347498558734533,0.07463355988229083
COHFACE_s35_session2_natural,0,559,18.633333333333333,-0.23510303327413345,-0.052365683153454703
COHFACE_s35_session2_natural,0,560,18.666666666666668,-0.47435474188086263,-0.1758135004830511
COHFACE_s35_session2_natural,0,561,18.7,-0.7077165111861585,-0.3223993503769495
COHFACE_s35_session2_natural,0,562,18.733333333333334,-0.9214168162217412,-0.4711400052170668
COHFACE_s35_session2_natural,0,563,18.766666666666666,-1.085477786864386,-0.5529459880739469
COHFACE_s35_session2_natural,0,564,18.8,-1.1695851114381541,-0.5337070852439603
COHFACE_s35_session2_natural,0,565,18.833333333333332,-1.1500179587082866,-0.4147133113743908
COHFACE_s35_session2_natural,0,566,18.866666666666667,-1.0062545628487438,-0.23564287461245068
COHFACE_s35_session2_natural,0,567,18.9,-0.7143542487031083,-0.07430477206213615
COHFACE_s35_session2_natural,0,568,18.933333333333334,-0.25445824541495465,0.045170819475645274
COHFACE_s35_session2_natural,0,569,18.966666666666665,0.3354001304067822,0.1518352135225315
COHFACE_s35_session2_natural,0,570,19.0,0.9089428695554453,0.280081055472223
COHFACE_s35_session2_natural,0,571,19.033333333333335,1.294421888888943,0.4678536642419522
COHFACE_s35_session2_natural,0,572,19.066666666666666,1.433748753382552,0.6914046929637814
COHFACE_s35_session2_natural,0,573,19.1,1.3790715357001555,0.8646064133280672
COHFACE_s35_session2_natural,0,574,19.133333333333333,1.1965343576612741,0.9409941278594653
COHFACE_s35_session2_natural,0,575,19.166666666666668,0.9289247112362355,0.9138532454211958
COHFACE_s35_session2_natural,0,576,19.2,0.6182985499739244,0.8145628930012789
COHFACE_s35_session2_natural,0,577,19.233333333333334,0.31321888528000497,0.7118919102566823
COHFACE_s35_session2_natural,0,578,19.266666666666666,0.039838434932355005,0.6100406212430675
COHFACE_s35_session2_natural,0,579,19.3,-0.21112415318629257,0.44927532715899315
COHFACE_s35_session2_natural,0,580,19.333333333333332,-0.4579102717233033,0.21945849954773347
COHFACE_s35_session2_natural,0,581,19.366666666666667,-0.7016640576482662,-0.038478310896794835
COHFACE_s35_session2_natural,0,582,19.4,-0.9260019935531512,-0.2904208805047571
COHFACE_s35_session2_natural,0,583,19.433333333333334,-1.1090737527452317,-0.5081769244159592
COHFACE_s35_session2_natural,0,584,19.466666666666665,-1.231353808539509,-0.6791484672922993
COHFACE_s35_session2_natural,0,585,19.5,-1.2753486110752004,-0.805112802162529
COHFACE_s35_session2_natural,0,586,19.533333333333335,-1.2223390091976956,-0.8906547560144809
COHFACE_s35_session2_natural,0,587,19.566666666666666,-1.0496279285559162,-0.9421272514616543
COHFACE_s35_session2_natural,0,588,19.6,-0.7286084439583327,-0.9717686076222853
COHFACE_s35_session2_natural,0,589,19.633333333333333,-0.23719384463271542,-0.9969994599609024
COHFACE_s35_session2_natural,0,590,19.666666666666668,0.38199236866932385,-1.0136606737354348
COHFACE_s35_session2_natural,0,591,19.7,0.975937219677095,-0.9959959790288044
COHFACE_s35_session2_natural,0,592,19.733333333333334,1.3735916932854388,-0.8983035046593477
COHFACE_s35_session2_natural,0,593,19.766666666666666,1.5222957359659626,-0.6564451490320828
COHFACE_s35_session2_natural,0,594,19.8,1.4755589199052532,-0.27347750737979026
COHFACE_s35_session2_natural,0,595,19.833333333333332,1.296893093604757,0.17862173966643352
COHFACE_s35_session2_natural,0,596,19.866666666666667,1.0287959465590575,0.5981531484126946
COHFACE_s35_session2_natural,0,597,19.9,0.7167767628041388,0.8532996675204485
COHFACE_s35_session2_natural,0,598,19.933333333333334,0.41291782560700946,0.9211739051624532
COHFACE_s35_session2_natural,0,599,19.966666666666665,0.14583000135719182,0.8865700666932137
COHFACE_s35_session2_natural,0,600,20.0,-0.09254605854816082,0.8321200453439073
COHFACE_s35_session2_natural,0,601,20.033333333333335,-0.3221211364076465,0.8360997070946412
COHFACE_s35_session2_natural,0,602,20.066666666666666,-0.5485515356770384,0.9018852614641567
COHFACE_s35_session2_natural,0,603,20.1,-0.7617809759668892,0.957792644837755
COHFACE_s35_session2_natural,0,604,20.133333333333333,-0.9479246424832815,0.9590866718786601
COHFACE_s35_session2_natural,0,605,20.166666666666668,-1.094837926518511,0.8888646428698116
COHFACE_s35_session2_natural,0,606,20.2,-1.1895913332608685,0.7458317153785842
COHFACE_s35_session2_natural,0,607,20.233333333333334,-1.217178752479756,0.5448660691826341
COHFACE_s35_session2_natural,0,608,20.266666666666666,-1.1607703497629245,0.30227562417519444
COHFACE_s35_session2_natural,0,609,20.3,-1.000151234368844,0.036816700358756664
COHFACE_s35_session2_natural,0,610,20.333333333333332,-0.7084722825113188,-0.23525288975955294
COHFACE_s35_session2_natural,0,611,20.366666666666667,-0.25918579491638305,-0.49867650365661287
COHFACE_s35_session2_natural,0,612,20.4,0.32286494877844973,-0.7346655333226929
COHFACE_s35_session2_natural,0,613,20.433333333333334,0.9042896022597453,-0.9194846944786303
COHFACE_s35_session2_natural,0,614,20.466666666666665,1.310675459256042,-1.0214328034279396
COHFACE_s35_session2_natural,0,615,20.5,1.4698077318462668,-1.0003681557311306
COHFACE_s35_session2_natural,0,616,20.533333333333335,1.4276839757181206,-0.8610313317429266
COHFACE_s35_session2_natural,0,617,20.566666666666666,1.2548986129138868,-0.653008235035098
COHFACE_s35_session2_natural,0,618,20.6,1.000035097007932,-0.4239084876982837
COHFACE_s35_session2_natural,0,619,20.633333333333333,0.7082516633120794,-0.21944937263918748
COHFACE_s35_session2_natural,0,620,20.666666666666668,0.42895021674774936,-0.07520749854595916
COHFACE_s35_session2_natural,0,621,20.7,0.18774515045664725,-0.017040672155144918
COHFACE_s35_session2_natural,0,622,20.733333333333334,-0.026605497324480143,-0.036413612041653054
COHFACE_s35_session2_natural,0,623,20.766666666666666,-0.23539257349682965,-0.09105679256107499
COHFACE_s35_session2_natural,0,624,20.8,-0.44379049826488937,-0.12784745158663932
COHFACE_s35_session2_natural,0,625,20.833333333333332,-0.6420016968945474,-0.08395447411485425
COHFACE_s35_session2_natural,0,626,20.866666666666667,-0.8173963227796628,0.046478432082625594
COHFACE_s35_session2_natural,0,627,20.9,-0.9589125378530392,0.21183915476794835
COHFACE_s35_session2_natural,0,628,20.933333333333334,-1.05476592699843,0.3637649247931839
COHFACE_s35_session2_natural,0,629,20.966666666666665,-1.0925138927742846,0.4573415276115972
COHFACE_s35_session2_natural,0,630,21.0,-1.0605846439966302,0.4985048892946787
COHFACE_s35_session2_natural,0,631,21.033333333333335,-0.9449259984856653,0.5431963545971187
COHFACE_s35_session2_natural,0,632,21.066666666666666,-0.7234712812654832,0.5914774293057836
COHFACE_s35_session2_natural,0,633,21.1,-0.3673962554641238,0.5872138766551598
COHFACE_s35_session2_natural,0,634,21.133333333333333,0.12816506669887892,0.5119510667210141
COHFACE_s35_session2_natural,0,635,21.166666666666668,0.6789057981894817,0.3854929122478311
COHFACE_s35_session2_natural,0,636,21.2,1.1168698603790854,0.2541831259926538
COHFACE_s35_session2_natural,0,637,21.233333333333334,1.3220950502065336,0.19050261505461996
COHFACE_s35_session2_natural,0,638,21.266666666666666,1.3056764882207108,0.187996272627913
COHFACE_s35_session2_natural,0,639,21.3,1.1444046701862236,0.16194777838165517
COHFACE_s35_session2_natural,0,640,21.333333333333332,0.9022764672145067,0.07567446972890418
COHFACE_s35_session2_natural,0,641,21.366666666666667,0.6272011227337817,-0.05819588840395622
COHFACE_s35_session2_natural,0,642,21.4,0.36533766689279346,-0.21470023451247633
COHFACE_s35_session2_natural,0,643,21.433333333333334,0.14267163219069065,-0.3562725031620879
COHFACE_s35_session2_natural,0,644,21.466666666666665,-0.050622813707413894,-0.4684682060479567
COHFACE_s35_session2_natural,0,645,21.5,-0.2378781458763154,-0.5593508960987261
COHFACE_s35_session2_natural,0,646,21.533333333333335,-0.42658918517226174,-0.6268744683584149
COHFACE_s35_session2_natural,0,647,21.566666666666666,-0.6050323299070371,-0.658293660274142
COHFACE_s35_session2_natural,0,648,21.6,-0.7555197543965088,-0.6608240765955852
COHFACE_s35_session2_natural,0,649,21.633333333333333,-0.8634376605026327,-0.6612337372454131
COHFACE_s35_session2_natural,0,650,21.666666666666668,-0.9170923439472581,-0.6645310488078267
COHFACE_s35_session2_natural,0,651,21.7,-0.905757751637559,-0.6538649706703036
COHFACE_s35_session2_natural,0,652,21.733333333333334,-0.8194637591677603,-0.6079526154582705
COHFACE_s35_session2_natural,0,653,21.766666666666666,-0.6454285474426735,-0.5018367398955262
COHFACE_s35_session2_natural,0,654,21.8,-0.36259851919391256,-0.33210206627650224
COHFACE_s35_session2_natural,0,655,21.833333333333332,0.04149061486491053,-0.11781694555510352
COHFACE_s35_session2_natural,0,656,21.866666666666667,0.5126816105239674,0.10808071883953564
COHFACE_s35_session2_natural,0,657,21.9,0.9071451744575065,0.29810721492012326
COHFACE_s35_session2_natural,0,658,21.933333333333334,1.0921462106127229,0.44049517048347053
COHFACE_s35_session2_natural,0,659,21.966666666666665,1.0547361718209514,0.5580840767088928
COHFACE_s35_session2_natural,0,660,22.0,0.8711379634057195,0.6648012297607635
COHFACE_s35_session2_natural,0,661,22.033333333333335,0.6213985620742242,0.7643436322048145
COHFACE_s35_session2_natural,0,662,22.066666666666666,0.36625051971141026,0.8352828010175669
COHFACE_s35_session2_natural,0,663,22.1,0.1479711935692095,0.8309152757607127
COHFACE_s35_session2_natural,0,664,22.133333333333333,-0.027847046915619074,0.7416732975907939
COHFACE_s35_session2_natural,0,665,22.166666666666668,-0.18890150115662596,0.5954043390016415
COHFACE_s35_session2_natural,0,666,22.2,-0.35876669841394815,0.4237926488028618
COHFACE_s35_session2_natural,0,667,22.233333333333334,-0.5326271177511043,0.2624953272779028
COHFACE_s35_session2_natural,0,668,22.266666666666666,-0.6863861674462394,0.12974289926446372
COHFACE_s35_session2_natural,0,669,22.3,-0.7941125076150813,0.026997646152425107
COHFACE_s35_session2_natural,0,670,22.333333333333332,-0.8346250489339379,-0.049642526616292336
COHFACE_s35_session2_natural,0,671,22.366666666666667,-0.7909816618569319,-0.10854441191771916
COHFACE_s35_session2_natural,0,672,22.4,-0.6485915320593862,-0.15097533950159203
COHFACE_s35_session2_natural,0,673,22.433333333333334,-0.39158763513272987,-0.17057554656380763
COHFACE_s35_session2_natural,0,674,22.466666666666665,-0.009183535265170642,-0.15362377979314037
COHFACE_s35_session2_natural,0,675,22.5,0.45998479101453205,-0.07921085162007249
COHFACE_s35_session2_natural,0,676,22.533333333333335,0.8873987884311398,0.03629219403900026
COHFACE_s35_session2_natural,0,677,22.566666666666666,1.1244175084758297,0.1392602892836326
COHFACE_s35_session2_natural,0,678,22.6,1.125134395712597,0.18987841319552873
COHFACE_s35_session2_natural,0,679,22.633333333333333,0.9516328917887928,0.16263944963600477
COHFACE_s35_session2_natural,0,680,22.666666666666668,0.6881295807996859,0.06561034842919547
COHFACE_s35_session2_natural,0,681,22.7,0.4013977632914598,-0.059521117824437385
COHFACE_s35_session2_natural,0,682,22.733333333333334,0.14326187459699477,-0.17621290559445169
COHFACE_s35_session2_natural,0,683,22.766666666666666,-0.06581066638023171,-0.2531509616266575
COHFACE_s35_session2_natural,0,684,22.8,-0.2463577342672235,-0.2920734588609267
COHFACE_s35_session2_natural,0,685,22.833333333333332,-0.4290794949575717,-0.32711094966434157
COHFACE_s35_session2_natural,0,686,22.866666666666667,-0.6194046367522564,-0.37631904670037775
COHFACE_s35_session2_natural,0,687,22.9,-0.7951759359997639,-0.44086878179036004
COHFACE_s35_session2_natural,0,688,22.933333333333334,-0.9249643073152995,-0.5160585472650892
COHFACE_s35_session2_natural,0,689,22.966666666666665,-0.9815343166057474,-0.5909721228683184
COHFACE_s35_session2_natural,0,690,23.0,-0.9437010973281703,-0.6492077902311035
COHFACE_s35_session2_natural,0,691,23.033333333333335,-0.7923863766674097,-0.6688241002845522
COHFACE_s35_session2_natural,0,692,23.066666666666666,-0.5054905694030363,-0.6326321642592257
COHFACE_s35_session2_natural,0,693,23.1,-0.06868553387808843,-0.5285839548675304
COHFACE_s35_session2_natural,0,694,23.133333333333333,0.46868620072427014,-0.36493582018846416
COHFACE_s35_session2_natural,0,695,23.166666666666668,0.956043031891525,-0.17080936290998133
COHFACE_s35_session2_natural,0,696,23.2,1.2357014240938262,0.040956842870598954
COHFACE_s35_session2_natural,0,697,23.233333333333334,1.2704053408558607,0.27272000494929016
COHFACE_s35_session2_natural,0,698,23.266666666666666,1.126642806089728,0.5017476947544808
COHFACE_s35_session2_natural,0,699,23.3,0.8798210909648105,0.67914104941454
COHFACE_s35_session2_natural,0,700,23.333333333333332,0.5825602149097072,0.7770430994765409
COHFACE_s35_session2_natural,0,701,23.366666666666667,0.2817807864456596,0.7881023334377232
COHFACE_s35_session2_natural,0,702,23.4,0.01303546378018991,0.7273597403886161
COHFACE_s35_session2_natural,0,703,23.433333333333334,-0.22176841468353303,0.6316781618570768
COHFACE_s35_session2_natural,0,704,23.466666666666665,-0.44438184667587416,0.514864223957219
COHFACE_s35_session2_natural,0,705,23.5,-0.6663564940438574,0.3679118678074609
COHFACE_s35_session2_natural,0,706,23.533333333333335,-0.87373169868768,0.18062367738748075
COHFACE_s35_session2_natural,0,707,23.566666666666666,-1.0379546043333963,-0.05707184953428481
COHFACE_s35_session2_natural,0,708,23.6,-1.1324782693744477,-0.3151788413078504
COHFACE_s35_session2_natural,0,709,23.633333333333333,-1.1356601160984825,-0.522810864080665
COHFACE_s35_session2_natural,0,710,23.666666666666668,-1.021082715314244,-0.6351101652032647
COHFACE_s35_session2_natural,0,711,23.7,-0.7592214409580603,-0.6330565906461489
COHFACE_s35_session2_natural,0,712,23.733333333333334,-0.33274388251842907,-0.5236004127667424
COHFACE_s35_session2_natural,0,713,23.766666666666666,0.23354865562196958,-0.33947141335349945
COHFACE_s35_session2_natural,0,714,23.8,0.8213301660775053,-0.115461546045547
COHFACE_s35_session2_natural,0,715,23.833333333333332,1.252113370859097,0.11127287469478248
COHFACE_s35_session2_natural,0,716,23.866666666666667,1.428580258450861,0.3119565580899727
COHFACE_s35_session2_natural,0,717,23.9,1.3844929092918834,0.4654248818264961
COHFACE_s35_session2_natural,0,718,23.933333333333334,1.1987305030917144,0.5603067252834257
COHFACE_s35_session2_natural,0,719,23.966666666666665,0.9289624923321063,0.5942898313822149
COHFACE_s35_session2_natural,0,720,24.0,0.6178954192456539,0.5977263189981153
COHFACE_s35_session2_natural,0,721,24.033333333333335,0.3089382232021234,0.6325655547491338
COHFACE_s35_session2_natural,0,722,24.066666666666666,0.030943128452445644,0.709153076040538
COHFACE_s35_session2_natural,0,723,24.1,-0.21839210573897935,0.7857462976924763
COHFACE_s35_session2_natural,0,724,24.133333333333333,-0.45885677368234945,0.8141912975762589
COHFACE_s35_session2_natural,0,725,24.166666666666668,-0.6984038568873773,0.7408333470457995
COHFACE_s35_session2_natural,0,726,24.2,-0.9199754710816859,0.5400301007411704
COHFACE_s35_session2_natural,0,727,24.233333333333334,-1.095438062821234,0.21548929512141962
COHFACE_s35_session2_natural,0,728,24.266666666666666,-1.2035586440535957,-0.20337612300029587
COHFACE_s35_session2_natural,0,729,24.3,-1.2293435958550347,-0.6599057532227173
COHFACE_s35_session2_natural,0,730,24.333333333333332,-1.1547829949163775,-1.0958370142436136
COHFACE_s35_session2_natural,0,731,24.366666666666667,-0.9564015788703306,-1.4496690929545002
COHFACE_s35_session2_natural,0,732,24.4,-0.6072290516826433,-1.687067137759435
COHFACE_s35_session2_natural,0,733,24.433333333333334,-0.09322456175565108,-1.7993039295231341
COHFACE_s35_session2_natural,0,734,24.466666666666665,0.5270085987421896,-1.787084170710409
COHFACE_s35_session2_natural,0,735,24.5,1.0881913747957535,-1.6597453797148847
COHFACE_s35_session2_natural,0,736,24.533333333333335,1.4254358713662216,-1.4101560834201083
COHFACE_s35_session2_natural,0,737,24.566666666666666,1.5048078677129522,-1.0158966918731969
COHFACE_s35_session2_natural,0,738,24.6,1.3966701274736941,-0.5091350860735593
COHFACE_s35_session2_natural,0,739,24.633333333333333,1.1740940327534268,0.02138150191444873
COHFACE_s35_session2_natural,0,740,24.666666666666668,0.8815089078061313,0.4929140602793911
COHFACE_s35_session2_natural,0,741,24.7,0.5613326819542501,0.827202742782073
COHFACE_s35_session2_natural,0,742,24.733333333333334,0.2600655280883921,1.0178050644926193
COHFACE_s35_session2_natural,0,743,24.766666666666666,-0.000893558962336935,1.1277733235783869
COHFACE_s35_session2_natural,0,744,24.8,-0.23534428359657836,1.2071157163178985
COHFACE_s35_session2_natural,0,745,24.833333333333332,-0.46407853985077624,1.2904694352551833
COHFACE_s35_session2_natural,0,746,24.866666666666667,-0.6891072889117741,1.356755546192879
COHFACE_s35_session2_natural,0,747,24.9,-0.8951205877358046,1.3291183334915087
COHFACE_s35_session2_natural,0,748,24.933333333333334,-1.0630195143556538,1.191925099511902
COHFACE_s35_session2_natural,0,749,24.966666666666665,-1.1757977150882086,0.9913791952378087
COHFACE_s35_session2_natural,0,750,25.0,-1.217233328381407,0.7590188041445396
COHFACE_s35_session2_natural,0,751,25.033333333333335,-1.170519990614914,0.5122467451330056
COHFACE_s35_session2_natural,0,752,25.066666666666666,-1.0166685845793189,0.26340244524273565
COHFACE_s35_session2_natural,0,753,25.1,-0.730746992479541,0.021208655644366248
COHFACE_s35_session2_natural,0,754,25.133333333333333,-0.28609484505701366,-0.20034385064509636
COHFACE_s35_session2_natural,0,755,25.166666666666668,0.29830799050862256,-0.3806055948917032
COHFACE_s35_session2_natural,0,756,25.2,0.8925714294282692,-0.5011931186418014
COHFACE_s35_session2_natural,0,757,25.233333333333334,1.3108419804893796,-0.5451548009635986
COHFACE_s35_session2_natural,0,758,25.266666666666666,1.4658159912923199,-0.5271864700400921
COHFACE_s35_session2_natural,0,759,25.3,1.4039405130076925,-0.4928179493911128
COHFACE_s35_session2_natural,0,760,25.333333333333332,1.2083815692410067,-0.471643539946898
COHFACE_s35_session2_natural,0,761,25.366666666666667,0.9382134566014461,-0.4766473336915514
COHFACE_s35_session2_natural,0,762,25.4,0.6412054272716985,-0.5003204283325805
COHFACE_s35_session2_natural,0,763,25.433333333333334,0.36341596962929706,-0.5147871127096725
COHFACE_s35_session2_natural,0,764,25.466666666666665,0.12603165397325378,-0.5016810492852871
COHFACE_s35_session2_natural,0,765,25.5,-0.08402593356930335,-0.45253517718536473
COHFACE_s35_session2_natural,0,766,25.533333333333335,-0.289266131676701,-0.37243943630286075
COHFACE_s35_session2_natural,0,767,25.566666666666666,-0.4966899141521159,-0.28023134890945545
COHFACE_s35_session2_natural,0,768,25.6,-0.6953443027163521,-0.19746329031901816
COHFACE_s35_session2_natural,0,769,25.633333333333333,-0.8683842690021568,-0.14844748410753433
COHFACE_s35_session2_natural,0,770,25.666666666666668,-1.0007279749385152,-0.13439345682323658
COHFACE_s35_session2_natural,0,771,25.7,-1.078175421859139,-0.13374721051192887
COHFACE_s35_session2_natural,0,772,25.733333333333334,-1.0867013989168959,-0.11762201593306956
COHFACE_s35_session2_natural,0,773,25.766666666666666,-1.0120119441067688,-0.05067150278216474
COHFACE_s35_session2_natural,0,774,25.8,-0.8352685022740164,0.05976782450697482
COHFACE_s35_session2_natural,0,775,25.833333333333332,-0.5292048646829294,0.16336362420765238
COHFACE_s35_session2_natural,0,776,25.866666666666667,-0.07421200671323873,0.2358544835508055
COHFACE_s35_session2_natural,0,777,25.9,0.48198644585004075,0.27895915087999745
COHFACE_s35_session2_natural,0,778,25.933333333333334,0.986663320211236,0.302494124202231
COHFACE_s35_session2_natural,0,779,25.966666666666665,1.2802010819924479,0.3237370136153867
COHFACE_s35_session2_natural,0,780,26.0,1.3272433136653494,0.35067083357535583
COHFACE_s35_session2_natural,0,781,26.033333333333335,1.197573551825758,0.3815636743917622
COHFACE_s35_session2_natural,0,782,26.066666666666666,0.9691759185586786,0.39833061358884947
COHFACE_s35_session2_natural,0,783,26.1,0.6981472544992645,0.3668051329311396
COHFACE_s35_session2_natural,0,784,26.133333333333333,0.432471249132107,0.28290331667085716
COHFACE_s35_session2_natural,0,785,26.166666666666668,0.20202105247247906,0.17295045269732545
COHFACE_s35_session2_natural,0,786,26.2,0.0032695661262853587,0.06311429889594732
COHFACE_s35_session2_natural,0,787,26.233333333333334,-0.18591590968524993,-0.020566814593853823
COHFACE_s35_session2_natural,0,788,26.266666666666666,-0.37969983232083737,-0.07704852083710592
COHFACE_s35_session2_natural,0,789,26.3,-0.57314885567128,-0.1297072341612287
COHFACE_s35_session2_natural,0,790,26.333333333333332,-0.7480872338267762,-0.1841597000366999
COHFACE_s35_session2_natural,0,791,26.366666666666667,-0.8848794638362112,-0.22771279757732907
COHFACE_s35_session2_natural,0,792,26.4,-0.968395299678495,-0.24484612053733823
COHFACE_s35_session2_natural,0,793,26.433333333333334,-0.9865730484869939,-0.2173307292374528
COHFACE_s35_session2_natural,0,794,26.466666666666665,-0.9260731115384429,-0.15183110883507014
COHFACE_s35_session2_natural,0,795,26.5,-0.7686231692862142,-0.07989049701942143
COHFACE_s35_session2_natural,0,796,26.533333333333335,-0.4922561921257477,-0.02471768380541923
COHFACE_s35_session2_natural,0,797,26.566666666666666,-0.08331545747895734,-0.0010114490439231813
COHFACE_s35_session2_natural,0,798,26.6,0.41757384173519646,-0.0028577973555109076
COHFACE_s35_session2_natural,0,799,26.633333333333333,0.8771781010992955,-0.004045407179519292
COHFACE_s35_session2_natural,0,800,26.666666666666668,1.1468519707959164,-0.008595800529684214
COHFACE_s35_session2_natural,0,801,26.7,1.185525933858882,-0.05061156382159429
COHFACE_s35_session2_natural,0,802,26.733333333333334,1.0570498689996448,-0.11479160618992823
COHFACE_s35_session2_natural,0,803,26.766666666666666,0.8410344800214069,-0.13654011063267196
COHFACE_s35_session2_natural,0,804,26.8,0.59437629603281,-0.08517265634123666
COHFACE_s35_session2_natural,0,805,26.833333333333332,0.36179317101703007,0.03539087137608489
COHFACE_s35_session2_natural,0,806,26.866666666666667,0.16707562484052546,0.20741596622670408
COHFACE_s35_session2_natural,0,807,26.9,-0.0012029560055003483,0.39904125196286794
COHFACE_s35_session2_natural,0,808,26.933333333333334,-0.16956351865984212,0.5658398364813354
COHFACE_s35_session2_natural,0,809,26.966666666666665,-0.3494515861988593,0.6507728734124806
COHFACE_s35_session2_natural,0,810,27.0,-0.5308759819742696,0.638102885254525
COHFACE_s35_session2_natural,0,811,27.033333333333335,-0.6949785309314244,0.5532906125368383
COHFACE_s35_session2_natural,0,812,27.066666666666666,-0.8249199533406026,0.4166557746004065
COHFACE_s35_session2_natural,0,813,27.1,-0.9067559983275195,0.24345426237275136
COHFACE_s35_session2_natural,0,814,27.133333333333333,-0.9274495363112653,0.04172840591459536
COHFACE_s35_session2_natural,0,815,27.166666666666668,-0.8740309272043232,-0.18663046162883215
COHFACE_s35_session2_natural,0,816,27.2,-0.7311440457362361,-0.40411084567843486
COHFACE_s35_session2_natural,0,817,27.233333333333334,-0.47932028635500046,-0.5369798594988882
COHFACE_s35_session2_natural,0,818,27.266666666666666,-0.1023620528528579,-0.5684087564290555
COHFACE_s35_session2_natural,0,819,27.3,0.3724789999255408,-0.5379741174480184
COHFACE_s35_session2_natural,0,820,27.333333333333332,0.8280553028860358,-0.48684265139612753
COHFACE_s35_session2_natural,0,821,27.366666666666667,1.1125080015754725,-0.4567915074177647
COHFACE_s35_session2_natural,0,822,27.4,1.1660575966085074,-0.45038230579581
COHFACE_s35_session2_natural,0,823,27.433333333333334,1.0444316211757756,-0.431114494074692
COHFACE_s35_session2_natural,0,824,27.466666666666665,0.8332829193404248,-0.3991211680079066
COHFACE_s35_session2_natural,0,825,27.5,0.5936267393567531,-0.3913402496338792
COHFACE_s35_session2_natural,0,826,27.533333333333335,0.3679487746402872,-0.4160264330105057
COHFACE_s35_session2_natural,0,827,27.566666666666666,0.1800733195877718,-0.452630004726559
COHFACE_s35_session2_natural,0,828,27.6,0.022310519897233448,-0.47116233150977277
COHFACE_s35_session2_natural,0,829,27.633333333333333,-0.13093193457579574,-0.4328784780509643
COHFACE_s35_session2_natural,0,830,27.666666666666668,-0.29471389495557976,-0.31654039337719475
COHFACE_s35_session2_natural,0,831,27.7,-0.4640272959453904,-0.11939795047013718
COHFACE_s35_session2_natural,0,832,27.733333333333334,-0.6226711087930741,0.1294262893521163
COHFACE_s35_session2_natural,0,833,27.766666666666666,-0.752465762467596,0.3682626221564369
COHFACE_s35_session2_natural,0,834,27.8,-0.8359214183039079,0.5585496734871097
COHFACE_s35_session2_natural,0,835,27.833333333333332,-0.8580005982486051,0.6841358936282167
COHFACE_s35_session2_natural,0,836,27.866666666666667,-0.8065260778291797,0.7389372800348888
COHFACE_s35_session2_natural,0,837,27.9,-0.6678588834222533,0.7261258011683766
COHFACE_s35_session2_natural,0,838,27.933333333333334,-0.42358747475536895,0.6596671229767667
COHFACE_s35_session2_natural,0,839,27.966666666666665,-0.06105685069031777,0.563940852437972
COHFACE_s35_session2_natural,0,840,28.0,0.3803743629565651,0.4683927083141193
COHFACE_s35_session2_natural,0,841,28.033333333333335,0.7752725678080656,0.4073248200267231
COHFACE_s35_session2_natural,0,842,28.066666666666666,0.9873959736796127,0.3746333494000465
COHFACE_s35_session2_natural,0,843,28.1,0.9839398132765836,0.3243975203888052
COHFACE_s35_session2_natural,0,844,28.133333333333333,0.8324613979317501,0.23867669843283168
COHFACE_s35_session2_natural,0,845,28.166666666666668,0.6157415616811619,0.12838387634750675
COHFACE_s35_session2_natural,0,846,28.2,0.39224593003456665,0.0035810123334594907
COHFACE_s35_session2_natural,0,847,28.233333333333334,0.19961134069198697,-0.12600687316753084
COHFACE_s35_session2_natural,0,848,28.266666666666666,0.04541688531116288,-0.25424362495425634
COHFACE_s35_session2_natural,0,849,28.3,-0.0934723004841869,-0.3778047950643312
COHFACE_s35_session2_natural,0,850,28.333333333333332,-0.24171746551572829,-0.48738706500911544
COHFACE_s35_session2_natural,0,851,28.366666666666667,-0.4013259361237857,-0.5670591516109302
COHFACE_s35_session2_natural,0,852,28.4,-0.5536237635713919,-0.6037988197164296
COHFACE_s35_session2_natural,0,853,28.433333333333334,-0.674157074286589,-0.5872634289747833
COHFACE_s35_session2_natural,0,854,28.466666666666665,-0.742982073691768,-0.5136784967925894
COHFACE_s35_session2_natural,0,855,28.5,-0.7451115752079042,-0.386031740643224
COHFACE_s35_session2_natural,0,856,28.533333333333335,-0.6677240769934342,-0.22201164310727153
COHFACE_s35_session2_natural,0,857,28.566666666666666,-0.49612534410785364,-0.054380174851287946
COHFACE_s35_session2_natural,0,858,28.6,-0.212164795937058,0.10063521316397986
COHFACE_s35_session2_natural,0,859,28.633333333333333,0.17942425938496395,0.2426411375720633
COHFACE_s35_session2_natural,0,860,28.666666666666668,0.5980449676316415,0.35514876498782777
COHFACE_s35_session2_natural,0,861,28.7,0.9004325945821019,0.40506827493307834
COHFACE_s35_session2_natural,0,862,28.733333333333334,0.9934507621936063,0.39541539721945984
COHFACE_s35_session2_natural,0,863,28.766666666666666,0.8998581252662796,0.36491068579336866
COHFACE_s35_session2_natural,0,864,28.8,0.7000528355411907,0.3307375551478792
COHFACE_s35_session2_natural,0,865,28.833333333333332,0.4626587705787931,0.28831886984514343
COHFACE_s35_session2_natural,0,866,28.866666666666667,0.23537902223281484,0.24919779197325287
COHFACE_s35_session2_natural,0,867,28.9,0.044168750905809094,0.2410723062421915
COHFACE_s35_session2_natural,0,868,28.933333333333334,-0.1185474040155644,0.26173719157214664
COHFACE_s35_session2_natural,0,869,28.966666666666665,-0.2787108103691626,0.27927810424973964
COHFACE_s35_session2_natural,0,870,29.0,-0.44861439495524447,0.27530382417994625
COHFACE_s35_session2_natural,0,871,29.033333333333335,-0.6159197624832954,0.24542927133465298
COHFACE_s35_session2_natural,0,872,29.066666666666666,-0.7539764079327909,0.1870145403541087
COHFACE_s35_session2_natural,0,873,29.1,-0.8348704543265302,0.09953623968199689
COHFACE_s35_session2_natural,0,874,29.133333333333333,-0.8357771000732056,-0.008153214747820797
COHFACE_s35_session2_natural,0,875,29.166666666666668,-0.7380429382178934,-0.11737562336365495
COHFACE_s35_session2_natural,0,876,29.2,-0.5228651553367493,-0.20803981491451315
COHFACE_s35_session2_natural,0,877,29.233333333333334,-0.17469977515677776,-0.25836869146239017
COHFACE_s35_session2_natural,0,878,29.266666666666666,0.27837894292511856,-0.26659756510616317
COHFACE_s35_session2_natural,0,879,29.3,0.7205292905275648,-0.2506104407487184
COHFACE_s35_session2_natural,0,880,29.333333333333332,1.006817430285396,-0.23784789394051675
COHFACE_s35_session2_natural,0,881,29.366666666666667,1.0808075508801407,-0.26459812006375416
COHFACE_s35_session2_natural,0,882,29.4,0.9878435171239067,-0.3262402111948958
COHFACE_s35_session2_natural,0,883,29.433333333333334,0.7959629534343794,-0.37717827780591057
COHFACE_s35_session2_natural,0,884,29.466666666666665,0.5533686144175083,-0.4017755266400525
COHFACE_s35_session2_natural,0,885,29.5,0.2998600236608762,-0.41446128335782245
COHFACE_s35_session2_natural,0,886,29.533333333333335,0.06690068145244057,-0.43690905617595577
COHFACE_s35_session2_natural,0,887,29.566666666666666,-0.14127817588422115,-0.49737303806731636
COHFACE_s35_session2_natural,0,888,29.6,-0.3415707031822953,-0.578864541988382
COHFACE_s35_session2_natural,0,889,29.633333333333333,-0.5433097592204446,-0.61928934818204
COHFACE_s35_session2_natural,0,890,29.666666666666668,-0.7346967182622532,-0.5984743409981162
COHFACE_s35_session2_natural,0,891,29.7,-0.8908522896086227,-0.5385662306233395
COHFACE_s35_session2_natural,0,892,29.733333333333334,-0.9858483264041672,-0.4480487567640561
COHFACE_s35_session2_natural,0,893,29.766666666666666,-0.997545965946717,-0.32205470475072284
COHFACE_s35_session2_natural,0,894,29.8,-0.9044223564189728,-0.1606426670823905
COHFACE_s35_session2_natural,0,895,29.833333333333332,-0.6822571123112815,0.030163445302594558
COHFACE_s35_session2_natural,0,896,29.866666666666667,-0.311245739485433,0.23362369494697166
COHFACE_s35_session2_natural,0,897,29.9,0.1843625011801823,0.4212580441497453
COHFACE_s35_session2_natural,0,898,29.933333333333334,0.6900197349610137,0.5758025118838515
COHFACE_s35_session2_natural,0,899,29.966666666666665,1.0535027374639911,0.6902335025753983
COHFACE_s35_session2_natural,0,900,30.0,1.2052011609466,0.7649714441362081
COHFACE_s35_session2_natural,0,901,30.033333333333335,1.1780986636746753,0.8069413668440193
COHFACE_s35_session2_natural,0,902,30.066666666666666,1.0306065287916095,0.8158793855250793
COHFACE_s35_session2_natural,0,903,30.1,0.804130324714148,0.7839618522113568
COHFACE_s35_session2_natural,0,904,30.133333333333333,0.5382085620971945,0.7159029929722491
COHFACE_s35_session2_natural,0,905,30.166666666666668,0.2755844624869877,0.6290049960397348
COHFACE_s35_session2_natural,0,906,30.2,0.03774030431212073,0.5329270631959346
COHFACE_s35_session2_natural,0,907,30.233333333333334,-0.18286998979412064,0.4300234388907518
COHFACE_s35_session2_natural,0,908,30.266666666666666,-0.3996653965553486,0.32228016221244693
COHFACE_s35_session2_natural,0,909,30.3,-0.6117974318511608,0.21202317431943618
COHFACE_s35_session2_natural,0,910,30.333333333333332,-0.8037004741781538,0.10217407664250436
COHFACE_s35_session2_natural,0,911,30.366666666666667,-0.9541329263727366,-0.002986780059267391
COHFACE_s35_session2_natural,0,912,30.4,-1.0430637793441806,-0.09781945478921451
COHFACE_s35_session2_natural,0,913,30.433333333333334,-1.0527149629171515,-0.17465405805286596
COHFACE_s35_session2_natural,0,914,30.466666666666665,-0.9644685878831478,-0.23094919847676934
COHFACE_s35_session2_natural,0,915,30.5,-0.755620805849226,-0.268721364819428
COHFACE_s35_session2_natural,0,916,30.533333333333335,-0.40322788736582815,-0.283373293417932
COHFACE_s35_session2_natural,0,917,30.566666666666666,0.08311691292319194,-0.2634566631428477
COHFACE_s35_session2_natural,0,918,30.6,0.6082726907882032,-0.21407333956927505
COHFACE_s35_session2_natural,0,919,30.633333333333333,1.0185085406090717,-0.15677372305399467
COHFACE_s35_session2_natural,0,920,30.666666666666668,1.2204964991741059,-0.11449752714032675
COHFACE_s35_session2_natural,0,921,30.7,1.2291299734412995,-0.11123437866139649
COHFACE_s35_session2_natural,0,922,30.733333333333334,1.1033876612785676,-0.152824062407951
COHFACE_s35_session2_natural,0,923,30.766666666666666,0.8918099621867778,-0.2267362731381523
COHFACE_s35_session2_natural,0,924,30.8,0.6338439721781424,-0.3091917307282416
COHFACE_s35_session2_natural,0,925,30.833333333333332,0.3705495123072562,-0.3652601585223915
COHFACE_s35_session2_natural,0,926,30.866666666666667,0.12988364029713848,-0.3878362507153986
COHFACE_s35_session2_natural,0,927,30.9,-0.08848140187428574,-0.3974059706231667
COHFACE_s35_session2_natural,0,928,30.933333333333334,-0.29928049973203114,-0.40972051274857446
COHFACE_s35_session2_natural,0,929,30.966666666666665,-0.5082710310545305,-0.4352595120763359
COHFACE_s35_session2_natural,0,930,31.0,-0.7049944823349837,-0.45494260720977614
COHFACE_s35_session2_natural,0,931,31.033333333333335,-0.870656277846555,-0.42050338826155503
COHFACE_s35_session2_natural,0,932,31.066666666666666,-0.9875445878247242,-0.33000451482088833
COHFACE_s35_session2_natural,0,933,31.1,-1.0403680585597495,-0.22816678674659796
COHFACE_s35_session2_natural,0,934,31.133333333333333,-1.0133604791025907,-0.13353530284848403
COHFACE_s35_session2_natural,0,935,31.166666666666668,-0.890021411094564,-0.03871612091578502
COHFACE_s35_session2_natural,0,936,31.2,-0.6521686904970925,0.067317059846559
COHFACE_s35_session2_natural,0,937,31.233333333333334,-0.2828271660182352,0.1981759521554015
COHFACE_s35_session2_natural,0,938,31.266666666666666,0.19733034890029214,0.34005177348102117
COHFACE_s35_session2_natural,0,939,31.3,0.6829425918659524,0.4511236213902928
COHFACE_s35_session2_natural,0,940,31.333333333333332,1.0297013877363572,0.5174997320614996
COHFACE_s35_session2_natural,0,941,31.366666666666667,1.1698729160422698,0.5527746953956969
COHFACE_s35_session2_natural,0,942,31.4,1.13679033929815,0.5677897476776688
COHFACE_s35_session2_natural,0,943,31.433333333333334,0.9915781654182989,0.5700305369408182
COHFACE_s35_session2_natural,0,944,31.466666666666665,0.780354280457291,0.5573047084501022
COHFACE_s35_session2_natural,0,945,31.5,0.5445745520444193,0.5177649799547982
COHFACE_s35_session2_natural,0,946,31.533333333333335,0.32056122582014546,0.44264294839032403
COHFACE_s35_session2_natural,0,947,31.566666666666666,0.12039433760098739,0.3267746926973137
COHFACE_s35_session2_natural,0,948,31.6,-0.06741891897147098,0.17454644031705113
COHFACE_s35_session2_natural,0,949,31.633333333333333,-0.25606406268687487,0.0005998167114882637
COHFACE_s35_session2_natural,0,950,31.666666666666668,-0.44427722007935344,-0.17746955154319635
COHFACE_s35_session2_natural,0,951,31.7,-0.6185370950576395,-0.3383634398693453
COHFACE_s35_session2_natural,0,952,31.733333333333334,-0.7635791704782714,-0.4467416220053726
COHFACE_s35_session2_natural,0,953,31.766666666666666,-0.8663915341925292,-0.4530750487792292
COHFACE_s35_session2_natural,0,954,31.8,-0.9147309551588493,-0.3657403568957416
COHFACE_s35_session2_natural,0,955,31.833333333333332,-0.8954691648021411,-0.2507228545212877
COHFACE_s35_session2_natural,0,956,31.866666666666667,-0.79362154145582,-0.15384771034797234
COHFACE_s35_session2_natural,0,957,31.9,-0.5911805814929636,-0.10027922194980185
COHFACE_s35_session2_natural,0,958,31.933333333333334,-0.2688526098550039,-0.09538728961999407
COHFACE_s35_session2_natural,0,959,31.966666666666665,0.16297986181584898,-0.12498000716838199
COHFACE_s35_session2_natural,0,960,32.0,0.6143553356649419,-0.1933910174927316
COHFACE_s35_session2_natural,0,961,32.03333333333333,0.9451712214114412,-0.3231554454308404
COHFACE_s35_session2_natural,0,962,32.06666666666667,1.0766682905173295,-0.4838811204204605
COHFACE_s35_session2_natural,0,963,32.1,1.0327320260608,-0.5922160845719345
COHFACE_s35_session2_natural,0,964,32.13333333333333,0.8776490635754994,-0.5950335471589892
COHFACE_s35_session2_natural,0,965,32.166666666666664,0.6656240940690179,-0.4702146804506866
COHFACE_s35_session2_natural,0,966,32.2,0.4416451697190232,-0.2399393250985068
COHFACE_s35_session2_natural,0,967,32.233333333333334,0.24041465308339638,0.0290271329127509
COHFACE_s35_session2_natural,0,968,32.266666666666666,0.06937118088254576,0.26989442947637016
COHFACE_s35_session2_natural,0,969,32.3,-0.0876549482385375,0.4158151706594127
COHFACE_s35_session2_natural,0,970,32.333333333333336,-0.24659950099095684,0.45171836301234986
COHFACE_s35_session2_natural,0,971,32.36666666666667,-0.40705681794106297,0.413677225126718
COHFACE_s35_session2_natural,0,972,32.4,-0.5544594245498615,0.3496748253507001
COHFACE_s35_session2_natural,0,973,32.43333333333333,-0.6733505696725007,0.3184879758320493
COHFACE_s35_session2_natural,0,974,32.46666666666667,-0.7528298208952692,0.3333528339155429
COHFACE_s35_session2_natural,0,975,32.5,-0.7825037433969125,0.36182023812225916
COHFACE_s35_session2_natural,0,976,32.53333333333333,-0.7511680562940675,0.3959073976626276
COHFACE_s35_session2_natural,0,977,32.56666666666667,-0.6470893625732237,0.45215995758507505
COHFACE_s35_session2_natural,0,978,32.6,-0.45459229264477036,0.533440067640722
COHFACE_s35_session2_natural,0,979,32.63333333333333,-0.15522794683205493,0.6285008170803761
COHFACE_s35_session2_natural,0,980,32.666666666666664,0.23670403010751873,0.7186150710069135
COHFACE_s35_session2_natural,0,981,32.7,0.6269653368805957,0.7775160220765616
COHFACE_s35_session2_natural,0,982,32.733333333333334,0.8829012123326173,0.7763560818778521
COHFACE_s35_session2_natural,0,983,32.766666666666666,0.9444554338222686,0.6842156709843373
COHFACE_s35_session2_natural,0,984,32.8,0.8509823177251726,0.49301774006564597
COHFACE_s35_session2_natural,0,985,32.833333333333336,0.6713085064927637,0.21853014553551148
COHFACE_s35_session2_natural,0,986,32.86666666666667,0.4592313981953151,-0.11209908881125485
COHFACE_s35_session2_natural,0,987,32.9,0.2578201898277397,-0.4590485774814274
COHFACE_s35_session2_natural,0,988,32.93333333333333,0.09181582455731924,-0.7856034612419481
COHFACE_s35_session2_natural,0,989,32.96666666666667,-0.047969190406899787,-1.056631752189685
COHFACE_s35_session2_natural,0,990,33.0,-0.18760168526860366,-1.2278974210746982
COHFACE_s35_session2_natural,0,991,33.03333333333333,-0.3384893106815335,-1.2453222251307736
COHFACE_s35_session2_natural,0,992,33.06666666666667,-0.4892110866709606,-1.1302234600622716
COHFACE_s35_session2_natural,0,993,33.1,-0.6189890332333143,-0.9785384683154763
COHFACE_s35_session2_natural,0,994,33.13333333333333,-0.71014123105906,-0.8515204197969338
COHFACE_s35_session2_natural,0,995,33.166666666666664,-0.748411396658225,-0.7750631641971683
COHFACE_s35_session2_natural,0,996,33.2,-0.719271455499467,-0.7208828944142838
COHFACE_s35_session2_natural,0,997,33.233333333333334,-0.6074051375565689,-0.6079224371886741
COHFACE_s35_session2_natural,0,998,33.266666666666666,-0.3954185782399491,-0.41884227404709784
COHFACE_s35_session2_natural,0,999,33.3,-0.06979374267059577,-0.20140511491763455
COHFACE_s35_session2_natural,0,1000,33.333333333333336,0.3402647391095093,0.01616279708024769
COHFACE_s35_session2_natural,0,1001,33.36666666666667,0.7251684194255621,0.2243261536146162
COHFACE_s35_session2_natural,0,1002,33.4,0.9537263161546902,0.42096049957406245
COHFACE_s35_session2_natural,0,1003,33.43333333333333,0.9819990256013235,0.6098073430475766
COHFACE_s35_session2_natural,0,1004,33.46666666666667,0.8597797778604767,0.770617109348078
COHFACE_s35_session2_natural,0,1005,33.5,0.6551987176890676,0.8582624027901042
COHFACE_s35_session2_natural,0,1006,33.53333333333333,0.4201568859566537,0.8493301604339136
COHFACE_s35_session2_natural,0,1007,33.56666666666667,0.19746097364261472,0.7420588678738916
COHFACE_s35_session2_natural,0,1008,33.6,0.00968637390040979,0.5713022437680284
COHFACE_s35_session2_natural,0,1009,33.63333333333333,-0.15463266280414784,0.4081996940574478
COHFACE_s35_session2_natural,0,1010,33.666666666666664,-0.320005615185116,0.27787092290409987
COHFACE_s35_session2_natural,0,1011,33.7,-0.49254109672055646,0.15978637122924394
COHFACE_s35_session2_natural,0,1012,33.733333333333334,-0.6549019923335927,0.041997977387060056
COHFACE_s35_session2_natural,0,1013,33.766666666666666,-0.7809868634747352,-0.07772413063037069
COHFACE_s35_session2_natural,0,1014,33.8,-0.847350970315961,-0.1803624782154709
COHFACE_s35_session2_natural,0,1015,33.833333333333336,-0.835140829121443,-0.22537551237227516
COHFACE_s35_session2_natural,0,1016,33.86666666666667,-0.7269596875886348,-0.19896735346773767
COHFACE_s35_session2_natural,0,1017,33.9,-0.5035272096353537,-0.11417711749185919
COHFACE_s35_session2_natural,0,1018,33.93333333333333,-0.15021132257346112,0.00592541422292802
COHFACE_s35_session2_natural,0,1019,33.96666666666667,0.30191152497467033,0.12829960163849438
COHFACE_s35_session2_natural,0,1020,34.0,0.7364614659401764,0.23045645171408055
COHFACE_s35_session2_natural,0,1021,34.03333333333333,1.014236786691472,0.3002479480574968
COHFACE_s35_session2_natural,0,1022,34.06666666666667,1.0862735883820793,0.3338738170287037
COHFACE_s35_session2_natural,0,1023,34.1,0.9993737124087589,0.33552300369781435
COHFACE_s35_session2_natural,0,1024,34.13333333333333,0.8161793590802349,0.3137416541868439
COHFACE_s35_session2_natural,0,1025,34.166666666666664,0.5792218659242889,0.28121856555444685
COHFACE_s35_session2_natural,0,1026,34.2,0.32828679119144505,0.2459496163822493
COHFACE_s35_session2_natural,0,1027,34.233333333333334,0.09879154129638906,0.21129185077081164
COHFACE_s35_session2_natural,0,1028,34.266666666666666,-0.10280689637969319,0.15352792758361763
COHFACE_s35_session2_natural,0,1029,34.3,-0.29506476251448965,0.022852140367219005
COHFACE_s35_session2_natural,0,1030,34.333333333333336,-0.49045979243477633,-0.1828890175852453
COHFACE_s35_session2_natural,0,1031,34.36666666666667,-0.6798072920391717,-0.4171469823774354
COHFACE_s35_session2_natural,0,1032,34.4,-0.841159257339554,-0.6365400924727476
COHFACE_s35_session2_natural,0,1033,34.43333333333333,-0.9522270325642259,-0.8003823101619918
COHFACE_s35_session2_natural,0,1034,34.46666666666667,-0.9940800448699132,-0.8961094911944661
COHFACE_s35_session2_natural,0,1035,34.5,-0.9492461565548136,-0.9384387504913089
COHFACE_s35_session2_natural,0,1036,34.53333333333333,-0.7985198478270068,-0.932297261493205
COHFACE_s35_session2_natural,0,1037,34.56666666666667,-0.5184978050088603,-0.8723646919513873
COHFACE_s35_session2_natural,0,1038,34.6,-0.09631221749452813,-0.738695436971277
COHFACE_s35_session2_natural,0,1039,34.63333333333333,0.4178958554545439,-0.49772550236712576
COHFACE_s35_session2_natural,0,1040,34.666666666666664,0.8851832076085859,-0.16156890818443118
COHFACE_s35_session2_natural,0,1041,34.7,1.168923712209427,0.21059148680101747
COHFACE_s35_session2_natural,0,1042,34.733333333333334,1.2404752644912098,0.5696551887459047
COHFACE_s35_session2_natural,0,1043,34.766666666666666,1.1545440824632294,0.8753359491643444
COHFACE_s35_session2_natural,0,1044,34.8,0.9673439179885367,1.0943388723993597
COHFACE_s35_session2_natural,0,1045,34.833333333333336,0.7164562759901394,1.1991187471477427
COHFACE_s35_session2_natural,0,1046,34.86666666666667,0.44277551270960214,1.1838211114965638
COHFACE_s35_session2_natural,0,1047,34.9,0.1866693099614516,1.063701667983123
COHFACE_s35_session2_natural,0,1048,34.93333333333333,-0.038465982946231825,0.8688816336681505
COHFACE_s35_session2_natural,0,1049,34.96666666666667,-0.24567369641405468,0.6443575505479429
COHFACE_s35_session2_natural,0,1050,35.0,-0.44806499962287677,0.42425768244856704
COHFACE_s35_session2_natural,0,1051,35.03333333333333,-0.6425149339194912,0.23249865205868941
COHFACE_s35_session2_natural,0,1052,35.06666666666667,-0.8136247240836331,0.05818109441365961
COHFACE_s35_session2_natural,0,1053,35.1,-0.9443182922982232,-0.1426825273434048
COHFACE_s35_session2_natural,0,1054,35.13333333333333,-1.0192872810899996,-0.38010600201074274
COHFACE_s35_session2_natural,0,1055,35.166666666666664,-1.0231539353922836,-0.6283613262165406
COHFACE_s35_session2_natural,0,1056,35.2,-0.9392303578357479,-0.8537025052144374
COHFACE_s35_session2_natural,0,1057,35.233333333333334,-0.7479657881939202,-1.0135270742011817
COHFACE_s35_session2_natural,0,1058,35.266666666666666,-0.42660664602137444,-1.094487017368424
COHFACE_s35_session2_natural,0,1059,35.3,0.030436364248037626,-1.1117122600856948
COHFACE_s35_session2_natural,0,1060,35.333333333333336,0.5562453364823118,-1.0685206985744866
COHFACE_s35_session2_natural,0,1061,35.36666666666667,1.001896711469249,-0.9562034153374199
COHFACE_s35_session2_natural,0,1062,35.4,1.2439381378861158,-0.7542859264303574
COHFACE_s35_session2_natural,0,1063,35.43333333333333,1.2743427308555322,-0.43194678640017137
COHFACE_s35_session2_natural,0,1064,35.46666666666667,1.1551799269757523,-0.025967279065737873
COHFACE_s35_session2_natural,0,1065,35.5,0.9410163200715247,0.3579793498466573
COHFACE_s35_session2_natural,0,1066,35.53333333333333,0.6700439315941692,0.6478765112227303
COHFACE_s35_session2_natural,0,1067,35.56666666666667,0.38598963893553295,0.8046409724975196
COHFACE_s35_session2_natural,0,1068,35.6,0.12879424441672896,0.8322339387453286
COHFACE_s35_session2_natural,0,1069,35.63333333333333,-0.09154277099951195,0.7763775592175625
COHFACE_s35_session2_natural,0,1070,35.666666666666664,-0.2900966645935883,0.6769473141946682
COHFACE_s35_session2_natural,0,1071,35.7,-0.4796062637999642,0.5671856586945864
COHFACE_s35_session2_natural,0,1072,35.733333333333334,-0.658022723707003,0.4746003715997506
COHFACE_s35_session2_natural,0,1073,35.766666666666666,-0.8136781233562301,0.4209341087210849
COHFACE_s35_session2_natural,0,1074,35.8,-0.9317121154031371,0.389829277586856
COHFACE_s35_session2_natural,0,1075,35.833333333333336,-0.9972974612243068,0.3276744921963558
COHFACE_s35_session2_natural,0,1076,35.86666666666667,-0.9973756793510304,0.21039787669419013
COHFACE_s35_session2_natural,0,1077,35.9,-0.9191475934024835,0.044610393106168364
COHFACE_s35_session2_natural,0,1078,35.93333333333333,-0.7463060758720518,-0.1488802425065507
COHFACE_s35_session2_natural,0,1079,35.96666666666667,-0.45839611161600063,-0.33446619981275333
COHFACE_s35_session2_natural,0,1080,36.0,-0.04384975622438941,-0.4742984888110283
COHFACE_s35_session2_natural,0,1081,36.03333333333333,0.4545413879517709,-0.528026505343906
COHFACE_s35_session2_natural,0,1082,36.06666666666667,0.9086009635187172,-0.4838281352964211
COHFACE_s35_session2_natural,0,1083,36.1,1.1819372009234606,-0.35834201642515706
COHFACE_s35_session2_natural,0,1084,36.13333333333333,1.239425708206594,-0.18257067232852126
COHFACE_s35_session2_natural,0,1085,36.166666666666664,1.137110213929762,-0.001863799079546459
COHFACE_s35_session2_natural,0,1086,36.2,0.9402654394750217,0.15089895299941372
COHFACE_s35_session2_natural,0,1087,36.233333333333334,0.6922462281089955,0.2549807448060998
COHFACE_s35_session2_natural,0,1088,36.266666666666666,0.4319344893464805,0.28251708814987486
COHFACE_s35_session2_natural,0,1089,36.3,0.19510617370687294,0.19858992892541927
COHFACE_s35_session2_natural,0,1090,36.333333333333336,-0.0071365323028112285,0.04466314941192588
COHFACE_s35_session2_natural,0,1091,36.36666666666667,-0.1894913725008373,-0.06199707810313568
COHFACE_s35_session2_natural,0,1092,36.4,-0.3681670080507416,-0.07280022495231785
COHFACE_s35_session2_natural,0,1093,36.43333333333333,-0.543698019476313,-0.00845753220067847
COHFACE_s35_session2_natural,0,1094,36.46666666666667,-0.7036273495324589,0.08596652779289995
COHFACE_s35_session2_natural,0,1095,36.5,-0.833055639493389,0.14189588118597724
COHFACE_s35_session2_natural,0,1096,36.53333333333333,-0.9191459842421417,0.13501719619788485
COHFACE_s35_session2_natural,0,1097,36.56666666666667,-0.9492392167725646,0.08557747527061395
COHFACE_s35_session2_natural,0,1098,36.6,-0.9094010725087625,0.005336708659729298
COHFACE_s35_session2_natural,0,1099,36.63333333333333,-0.7846620989453106,-0.10242717988811197
COHFACE_s35_session2_natural,0,1100,36.666666666666664,-0.5581382087731084,-0.23514251609857043
COHFACE_s35_session2_natural,0,1101,36.7,-0.21296044846542067,-0.39026658929293123
COHFACE_s35_session2_natural,0,1102,36.733333333333334,0.23881093522848565,-0.5500910196367299
COHFACE_s35_session2_natural,0,1103,36.766666666666666,0.7053844111331642,-0.6811726885559902
COHFACE_s35_session2_natural,0,1104,36.8,1.040870845955161,-0.7450002699970609
COHFACE_s35_session2_natural,0,1105,36.833333333333336,1.1634045478532578,-0.6982081044485475
COHFACE_s35_session2_natural,0,1106,36.86666666666667,1.1042415868502755,-0.5444872958864198
COHFACE_s35_session2_natural,0,1107,36.9,0.9376472589207477,-0.3348674713900535
COHFACE_s35_session2_natural,0,1108,36.93333333333333,0.7185896686262996,-0.10353958682729127
COHFACE_s35_session2_natural,0,1109,36.96666666666667,0.48626101901391994,0.13156968581927891
COHFACE_s35_session2_natural,0,1110,37.0,0.27417849922017257,0.3552052551992136
COHFACE_s35_session2_natural,0,1111,37.03333333333333,0.0934251597809246,0.5534829528430688
COHFACE_s35_session2_natural,0,1112,37.06666666666667,-0.07172718224691345,0.7019299385883803
COHFACE_s35_session2_natural,0,1113,37.1,-0.24001886485820037,0.7647225024945404
COHFACE_s35_session2_natural,0,1114,37.13333333333333,-0.41303387616827925,0.7464563402685405
COHFACE_s35_session2_natural,0,1115,37.166666666666664,-0.5771203888624284,0.6915330739664157
COHFACE_s35_session2_natural,0,1116,37.2,-0.7164542276361845,0.6269999602166246
COHFACE_s35_session2_natural,0,1117,37.233333333333334,-0.8182157273598033,0.562152542768349
COHFACE_s35_session2_natural,0,1118,37.266666666666666,-0.870942642984692,0.4724880268927312
COHFACE_s35_session2_natural,0,1119,37.3,-0.8650959088855158,0.3008845617150378
COHFACE_s35_session2_natural,0,1120,37.333333333333336,-0.7913448481998802,0.05359741084266097
COHFACE_s35_session2_natural,0,1121,37.36666666666667,-0.636403927637614,-0.19866442612109061
COHFACE_s35_session2_natural,0,1122,37.4,-0.38161076447950326,-0.4038125801021135
COHFACE_s35_session2_natural,0,1123,37.43333333333333,-0.01328893719684849,-0.5280305873601022
COHFACE_s35_session2_natural,0,1124,37.46666666666667,0.4328691526536949,-0.5544266301279187
COHFACE_s35_session2_natural,0,1125,37.5,0.8364232869240481,-0.48257830737606866
COHFACE_s35_session2_natural,0,1126,37.53333333333333,1.0629636220729608,-0.32932662885619157
COHFACE_s35_session2_natural,0,1127,37.56666666666667,1.0767249187172374,-0.1287478003329437
COHFACE_s35_session2_natural,0,1128,37.6,0.9399731329915066,0.07268162352057964
COHFACE_s35_session2_natural,0,1129,37.63333333333333,0.7302645010302188,0.21604745370844888
COHFACE_s35_session2_natural,0,1130,37.666666666666664,0.5006392456102584,0.2761298848467986
COHFACE_s35_session2_natural,0,1131,37.7,0.288883002390439,0.2611650625852987
COHFACE_s35_session2_natural,0,1132,37.733333333333334,0.11356621984356396,0.18950078265493017
COHFACE_s35_session2_natural,0,1133,37.766666666666666,-0.037743603470162576,0.08923746031400286
COHFACE_s35_session2_natural,0,1134,37.8,-0.1896737411816213,-0.005469851455418921
COHFACE_s35_session2_natural,0,1135,37.833333333333336,-0.35020367607123376,-0.054615856760494734
COHFACE_s35_session2_natural,0,1136,37.86666666666667,-0.5071173752632674,-0.0521929854177276
COHFACE_s35_session2_natural,0,1137,37.9,-0.6416397071012508,-0.02595395617648653
COHFACE_s35_session2_natural,0,1138,37.93333333333333,-0.7369285108861724,-0.0028382851712010562
COHFACE_s35_session2_natural,0,1139,37.96666666666667,-0.7786027379605777,-0.008330780610719138
COHFACE_s35_session2_natural,0,1140,38.0,-0.7548706764860746,-0.04168706170323047
COHFACE_s35_session2_natural,0,1141,38.03333333333333,-0.6550413069501412,-0.07586951431328304
COHFACE_s35_session2_natural,0,1142,38.06666666666667,-0.4628001195862847,-0.09602617449204215
COHFACE_s35_session2_natural,0,1143,38.1,-0.15845416715913227,-0.09963707549228965
COHFACE_s35_session2_natural,0,1144,38.13333333333333,0.24336157196330993,-0.09204588029082937
COHFACE_s35_session2_natural,0,1145,38.166666666666664,0.6448427868523621,-0.08625494595182313
COHFACE_s35_session2_natural,0,1146,38.2,0.9035129791050078,-0.0770087089094331
COHFACE_s35_session2_natural,0,1147,38.233333333333334,0.9499734234734097,-0.040974475248172965
COHFACE_s35_session2_natural,0,1148,38.266666666666666,0.8264482810539773,0.016140208086162615
COHFACE_s35_session2_natural,0,1149,38.3,0.6156146910560902,0.059491607715258826
COHFACE_s35_session2_natural,0,1150,38.333333333333336,0.38329983260895056,0.06332604982196215
COHFACE_s35_session2_natural,0,1151,38.36666666666667,0.17443292621993398,0.011393704866560713
COHFACE_s35_session2_natural,0,1152,38.4,0.008344393205475793,-0.07810276011454705
COHFACE_s35_session2_natural,0,1153,38.43333333333333,-0.12921698796474096,-0.15269411534186483
COHFACE_s35_session2_natural,0,1154,38.46666666666667,-0.2662374213743383,-0.19647557114500191
COHFACE_s35_session2_natural,0,1155,38.5,-0.4145190329780063,-0.23008083353592199
COHFACE_s35_session2_natural,0,1156,38.53333333333333,-0.5612325890030574,-0.27010608722740076
COHFACE_s35_session2_natural,0,1157,38.56666666666667,-0.6813568587368587,-0.32845813940158375
COHFACE_s35_session2_natural,0,1158,38.6,-0.7510075631906336,-0.40340656523818974
COHFACE_s35_session2_natural,0,1159,38.63333333333333,-0.750626028546264,-0.4792983491043315
COHFACE_s35_session2_natural,0,1160,38.666666666666664,-0.6623726604196722,-0.5422573147948496
COHFACE_s35_session2_natural,0,1161,38.7,-0.4669585009569437,-0.5801365078518871
COHFACE_s35_session2_natural,0,1162,38.733333333333334,-0.14655897845084706,-0.56802873226519
COHFACE_s35_session2_natural,0,1163,38.766666666666666,0.2808828073129578,-0.4688181123146446
COHFACE_s35_session2_natural,0,1164,38.8,0.7113294535833438,-0.2829542662768797
COHFACE_s35_session2_natural,0,1165,38.833333333333336,0.9926333217524759,-0.04925791299243936
COHFACE_s35_session2_natural,0,1166,38.86666666666667,1.0475099876869043,0.1864410413965172
COHFACE_s35_session2_natural,0,1167,38.9,0.9151479946677804,0.3708479811921921
COHFACE_s35_session2_natural,0,1168,38.93333333333333,0.6785767825514739,0.4916565727797307
COHFACE_s35_session2_natural,0,1169,38.96666666666667,0.40592292779796735,0.5764966962609548
COHFACE_s35_session2_natural,0,1170,39.0,0.14805153009315286,0.6558951704509395
COHFACE_s35_session2_natural,0,1171,39.03333333333333,-0.0650677871753581,0.7617286661613896
COHFACE_s35_session2_natural,0,1172,39.06666666666667,-0.23903451329179956,0.8824264101854875
COHFACE_s35_session2_natural,0,1173,39.1,-0.4006760439547665,0.962518675264378
COHFACE_s35_session2_natural,0,1174,39.13333333333333,-0.5632143589549149,0.9799163786439612
COHFACE_s35_session2_natural,0,1175,39.166666666666664,-0.711935371266569,0.9459847845102521
COHFACE_s35_session2_natural,0,1176,39.2,-0.8158860394359914,0.8673413761599492
COHFACE_s35_session2_natural,0,1177,39.233333333333334,-0.8439428789796344,0.7459576356931393
COHFACE_s35_session2_natural,0,1178,39.266666666666666,-0.771118738882593,0.5831157709683626
COHFACE_s35_session2_natural,0,1179,39.3,-0.575416120983313,0.3803247129400691
COHFACE_s35_session2_natural,0,1180,39.333333333333336,-0.23743606561722422,0.1497261091387851
COHFACE_s35_session2_natural,0,1181,39.36666666666667,0.22411307289675564,-0.08469343680429477
COHFACE_s35_session2_natural,0,1182,39.4,0.6973291237015238,-0.2961278218467324
COHFACE_s35_session2_natural,0,1183,39.43333333333333,1.0193781552702537,-0.4539202628004268
COHFACE_s35_session2_natural,0,1184,39.46666666666667,1.1090930568840562,-0.5547373059262348
COHFACE_s35_session2_natural,0,1185,39.5,1.0069899650224494,-0.6214080222825213
COHFACE_s35_session2_natural,0,1186,39.53333333333333,0.7934151177925476,-0.6743104086886261
COHFACE_s35_session2_natural,0,1187,39.56666666666667,0.5263726582335593,-0.730189825300753
COHFACE_s35_session2_natural,0,1188,39.6,0.24836633528031465,-0.7810801496556324
COHFACE_s35_session2_natural,0,1189,39.63333333333333,-0.00508517295231203,-0.7940353630640391
COHFACE_s35_session2_natural,0,1190,39.666666666666664,-0.22460519863971484,-0.7537987524446434
COHFACE_s35_session2_natural,0,1191,39.7,-0.42706982445381314,-0.6630780518201188
COHFACE_s35_session2_natural,0,1192,39.733333333333334,-0.6251510941470699,-0.5339045727625058
COHFACE_s35_session2_natural,0,1193,39.766666666666666,-0.8080304850001369,-0.38789407236539597
COHFACE_s35_session2_natural,0,1194,39.8,-0.9485685372910972,-0.2292226268280851
COHFACE_s35_session2_natural,0,1195,39.833333333333336,-1.0172924404154624,-0.04553851890179024
COHFACE_s35_session2_natural,0,1196,39.86666666666667,-0.9883126679129187,0.1473766476246543
COHFACE_s35_session2_natural,0,1197,39.9,-0.8381067835955142,0.30473490996461694
COHFACE_s35_session2_natural,0,1198,39.93333333333333,-0.5432771588632366,0.3973456981267051
COHFACE_s35_session2_natural,0,1199,39.96666666666667,-0.09274908282265903,0.41129660541101054
COHFACE_s35_session2_natural,0,1200,40.0,0.45797082993001154,0.36252916375946337
COHFACE_s35_session2_natural,0,1201,40.03333333333333,0.9534088625596866,0.29623052324435684
COHFACE_s35_session2_natural,0,1202,40.06666666666667,1.239224056418104,0.23068735563345616
COHFACE_s35_session2_natural,0,1203,40.1,1.2867623937615278,0.15717238951986462
COHFACE_s35_session2_natural,0,1204,40.13333333333333,1.1644134874831467,0.0635500982517027
COHFACE_s35_session2_natural,0,1205,40.166666666666664,0.939718941735825,-0.06491859592192206
COHFACE_s35_session2_natural,0,1206,40.2,0.6544930895224498,-0.22202875017956056
COHFACE_s35_session2_natural,0,1207,40.233333333333334,0.35043906033610217,-0.3799696254707788
COHFACE_s35_session2_natural,0,1208,40.266666666666666,0.06748235140095671,-0.5191289542775872
COHFACE_s35_session2_natural,0,1209,40.3,-0.18162074881661608,-0.6276131226090058
COHFACE_s35_session2_natural,0,1210,40.333333333333336,-0.4094911359912502,-0.6791047248713022
COHFACE_s35_session2_natural,0,1211,40.36666666666667,-0.6272485707483807,-0.6329347055495862
COHFACE_s35_session2_natural,0,1212,40.4,-0.8286347941769217,-0.4851291749100674
COHFACE_s35_session2_natural,0,1213,40.43333333333333,-0.9929160433336492,-0.26894611891496606
COHFACE_s35_session2_natural,0,1214,40.46666666666667,-1.0948875850322777,-0.027521411757700787
COHFACE_s35_session2_natural,0,1215,40.5,-1.112126731569123,0.18573968982267408
COHFACE_s35_session2_natural,0,1216,40.53333333333333,-1.0248084553241226,0.36299291612939066
COHFACE_s35_session2_natural,0,1217,40.56666666666667,-0.8113221114709912,0.5405820036341425
COHFACE_s35_session2_natural,0,1218,40.6,-0.44786449682734913,0.7299459226743722
COHFACE_s35_session2_natural,0,1219,40.63333333333333,0.06505669300978936,0.9159686955716607
COHFACE_s35_session2_natural,0,1220,40.666666666666664,0.6397926210921429,1.0744564317813368
COHFACE_s35_session2_natural,0,1221,40.7,1.1040646932818479,1.1714830583132505
COHFACE_s35_session2_natural,0,1222,40.733333333333334,1.3327510954117143,1.1808446100607926
COHFACE_s35_session2_natural,0,1223,40.766666666666666,1.3346587892142483,1.0841342135982501
COHFACE_s35_session2_natural,0,1224,40.8,1.1847190810996364,0.8905113510257383
COHFACE_s35_session2_natural,0,1225,40.833333333333336,0.9417037420513071,0.637179255719494
COHFACE_s35_session2_natural,0,1226,40.86666666666667,0.6472649979815446,0.3515168466242879
COHFACE_s35_session2_natural,0,1227,40.9,0.34726056475365374,0.052181120283949944
COHFACE_s35_session2_natural,0,1228,40.93333333333333,0.07765361345008605,-0.2397161436601991
COHFACE_s35_session2_natural,0,1229,40.96666666666667,-0.15716691773363506,-0.4989774159826358
COHFACE_s35_session2_natural,0,1230,41.0,-0.37369394667161976,-0.6984491510894969
COHFACE_s35_session2_natural,0,1231,41.03333333333333,-0.5825315059818923,-0.8078449889601225
COHFACE_s35_session2_natural,0,1232,41.06666666666667,-0.7763696099333144,-0.8290291299391016
COHFACE_s35_session2_natural,0,1233,41.1,-0.9369679195301723,-0.7950818096860272
COHFACE_s35_session2_natural,0,1234,41.13333333333333,-1.0457693479652266,-0.7351266022444092
COHFACE_s35_session2_natural,0,1235,41.166666666666664,-1.0863201167490661,-0.6736516317051796
COHFACE_s35_session2_natural,0,1236,41.2,-1.0427596583189203,-0.6148864503944529
COHFACE_s35_session2_natural,0,1237,41.233333333333334,-0.8982641397264384,-0.5430579319063608
COHFACE_s35_session2_natural,0,1238,41.266666666666666,-0.6318934025687931,-0.4557416918806067
COHFACE_s35_session2_natural,0,1239,41.3,-0.2229298834033642,-0.36440680461069347
COHFACE_s35_session2_natural,0,1240,41.333333333333336,0.3081832859694728,-0.27091211029768014
COHFACE_s35_session2_natural,0,1241,41.36666666666667,0.8426720024124915,-0.1680894707297679
COHFACE_s35_session2_natural,0,1242,41.4,1.2113209774602656,-0.04437243122848804
COHFACE_s35_session2_natural,0,1243,41.43333333333333,1.3351165846469546,0.11513272398772142
COHFACE_s35_session2_natural,0,1244,41.46666666666667,1.2597335284739952,0.2927231346921063
COHFACE_s35_session2_natural,0,1245,41.5,1.0637130784964242,0.4374515444808785
COHFACE_s35_session2_natural,0,1246,41.53333333333333,0.8004691798014671,0.5166569566142227
COHFACE_s35_session2_natural,0,1247,41.56666666666667,0.5136399874489965,0.5158449579098934
COHFACE_s35_session2_natural,0,1248,41.6,0.246336646173145,0.4472157388763805
COHFACE_s35_session2_natural,0,1249,41.63333333333333,0.017372610767611707,0.3492906070894084
COHFACE_s35_session2_natural,0,1250,41.666666666666664,-0.18561324901839243,0.24500488837131362
COHFACE_s35_session2_natural,0,1251,41.7,-0.38021471347555935,0.14171967292968257
COHFACE_s35_session2_natural,0,1252,41.733333333333334,-0.5685270047691006,0.04313776091228444
COHFACE_s35_session2_natural,0,1253,41.766666666666666,-0.7389593361341731,-0.05009219884466874
COHFACE_s35_session2_natural,0,1254,41.8,-0.8761257510707241,-0.1355827781572988
COHFACE_s35_session2_natural,0,1255,41.833333333333336,-0.9662554107759722,-0.20863795667807034
COHFACE_s35_session2_natural,0,1256,41.86666666666667,-0.996509697598054,-0.2719642269270758
COHFACE_s35_session2_natural,0,1257,41.9,-0.9528429713553366,-0.3350995103030304
COHFACE_s35_session2_natural,0,1258,41.93333333333333,-0.8191972429454206,-0.3917853145680363
COHFACE_s35_session2_natural,0,1259,41.96666666666667,-0.5759519738560495,-0.4197263156562264
COHFACE_s35_session2_natural,0,1260,42.0,-0.20262217719757072,-0.38900990874360575
COHFACE_s35_session2_natural,0,1261,42.03333333333333,0.28665725516628,-0.26279998192364895
COHFACE_s35_session2_natural,0,1262,42.06666666666667,0.7857164826218049,-0.06474834509215643
COHFACE_s35_session2_natural,0,1263,42.1,1.1319040672222067,0.12075153486527122
COHFACE_s35_session2_natural,0,1264,42.13333333333333,1.2411531655603594,0.24890858172856128
COHFACE_s35_session2_natural,0,1265,42.166666666666664,1.154632272002226,0.31446910042407694
COHFACE_s35_session2_natural,0,1266,42.2,0.9544863372494385,0.34248754901724393
COHFACE_s35_session2_natural,0,1267,42.233333333333334,0.7004400327696676,0.3871169250353313
COHFACE_s35_session2_natural,0,1268,42.266666666666666,0.43796448833667917,0.4534557957708953
COHFACE_s35_session2_natural,0,1269,42.3,0.20364798303843362,0.4970748059533953
COHFACE_s35_session2_natural,0,1270,42.333333333333336,0.005327568933263471,0.500291582954259
COHFACE_s35_session2_natural,0,1271,42.36666666666667,-0.17574671128053126,0.47237380187786393
COHFACE_s35_session2_natural,0,1272,42.4,-0.3563304964481696,0.42251976334737057
COHFACE_s35_session2_natural,0,1273,42.43333333333333,-0.5345859196868689,0.3598123918466703
COHFACE_s35_session2_natural,0,1274,42.46666666666667,-0.6950586262736993,0.28474606129184665
COHFACE_s35_session2_natural,0,1275,42.5,-0.8198591132717103,0.189690768399165
COHFACE_s35_session2_natural,0,1276,42.53333333333333,-0.8945925947748882,0.07701056032418864
COHFACE_s35_session2_natural,0,1277,42.56666666666667,-0.9074809503051302,-0.04028878706274822
COHFACE_s35_session2_natural,0,1278,42.6,-0.8454102014014367,-0.14841544044944613
COHFACE_s35_session2_natural,0,1279,42.63333333333333,-0.6921072121979619,-0.2323140906295069
COHFACE_s35_session2_natural,0,1280,42.666666666666664,-0.42881815250412747,-0.3044086946959693
COHFACE_s35_session2_natural,0,1281,42.7,-0.04240320329931037,-0.4036162298476784
COHFACE_s35_session2_natural,0,1282,42.733333333333334,0.43056967759747705,-0.5318558998287967
COHFACE_s35_session2_natural,0,1283,42.766666666666666,0.8620700574845863,-0.6532690969881235
COHFACE_s35_session2_natural,0,1284,42.8,1.104810910167883,-0.7408091118584696
COHFACE_s35_session2_natural,0,1285,42.833333333333336,1.1177598141739589,-0.776154336793895
COHFACE_s35_session2_natural,0,1286,42.86666666666667,0.9672124224845867,-0.7522809071473207
COHFACE_s35_session2_natural,0,1287,42.9,0.7342736543269182,-0.6734357257720723
COHFACE_s35_session2_natural,0,1288,42.93333333333333,0.47548831413268305,-0.5594179913620583
COHFACE_s35_session2_natural,0,1289,42.96666666666667,0.23523508972093612,-0.44561656837407776
COHFACE_s35_session2_natural,0,1290,43.0,0.03658172178174819,-0.3379493553399221
COHFACE_s35_session2_natural,0,1291,43.03333333333333,-0.13230874048373625,-0.21356557052651923
COHFACE_s35_session2_natural,0,1292,43.06666666666667,-0.29606039485072816,-0.06254351001369376
COHFACE_s35_session2_natural,0,1293,43.1,-0.461460060680496,0.11086768493198075
COHFACE_s35_session2_natural,0,1294,43.13333333333333,-0.6140872892165252,0.2855914656419267
COHFACE_s35_session2_natural,0,1295,43.166666666666664,-0.7332874606377485,0.4230255657196961
COHFACE_s35_session2_natural,0,1296,43.2,-0.8010481700825314,0.5160038346311007
COHFACE_s35_session2_natural,0,1297,43.233333333333334,-0.8016958849300251,0.5879663836967901
COHFACE_s35_session2_natural,0,1298,43.266666666666666,-0.721114000685935,0.6536541142631059
COHFACE_s35_session2_natural,0,1299,43.3,-0.5449006636872372,0.7181370931801888
COHFACE_s35_session2_natural,0,1300,43.333333333333336,-0.2564757089628837,0.7804363969066098
COHFACE_s35_session2_natural,0,1301,43.36666666666667,0.14203091933575335,0.8330858447287488
COHFACE_s35_session2_natural,0,1302,43.4,0.575547464259404,0.8612538908497169
COHFACE_s35_session2_natural,0,1303,43.43333333333333,0.896491643644123,0.8428195863222803
COHFACE_s35_session2_natural,0,1304,43.46666666666667,0.9993674593358661,0.7612881200794284
COHFACE_s35_session2_natural,0,1305,43.5,0.9024757982160886,0.6064539247429811
COHFACE_s35_session2_natural,0,1306,43.53333333333333,0.6906876126069649,0.3951884315569591
COHFACE_s35_session2_natural,0,1307,43.56666666666667,0.437720016485918,0.17214482524001132
COHFACE_s35_session2_natural,0,1308,43.6,0.19661997714546464,-0.03452207978446725
COHFACE_s35_session2_natural,0,1309,43.63333333333333,-0.000258711744965153,-0.21226949082182578
COHFACE_s35_session2_natural,0,1310,43.666666666666664,-0.15801571943469406,-0.3519133771248887
COHFACE_s35_session2_natural,0,1311,43.7,-0.305110126105416,-0.4465119994864931
COHFACE_s35_session2_natural,0,1312,43.733333333333334,-0.4553468320802015,-0.4907034860424777
COHFACE_s35_session2_natural,0,1313,43.766666666666666,-0.5953795675912213,-0.48007732581380747
COHFACE_s35_session2_natural,0,1314,43.8,-0.6994647493572496,-0.4361109161089818
COHFACE_s35_session2_natural,0,1315,43.833333333333336,-0.7427808376598837,-0.4055339793205486
COHFACE_s35_session2_natural,0,1316,43.86666666666667,-0.7046569786085913,-0.3987145251132639
COHFACE_s35_session2_natural,0,1317,43.9,-0.5665124574149967,-0.3895065889665469
COHFACE_s35_session2_natural,0,1318,43.93333333333333,-0.309473883069081,-0.37191637391441607
COHFACE_s35_session2_natural,0,1319,43.96666666666667,0.06827055293244665,-0.3602945237190358
COHFACE_s35_session2_natural,0,1320,44.0,0.49991302252390646,-0.3600702956173647
COHFACE_s35_session2_natural,0,1321,44.03333333333333,0.8403527175494264,-0.36766197227851205
COHFACE_s35_session2_natural,0,1322,44.06666666666667,0.9709893412687778,-0.37645165400644526
COHFACE_s35_session2_natural,0,1323,44.1,0.8937503729176998,-0.3769363286813309
COHFACE_s35_session2_natural,0,1324,44.13333333333333,0.6886660712257682,-0.3757942344886857
COHFACE_s35_session2_natural,0,1325,44.166666666666664,0.4313678266181052,-0.3957343227616986
COHFACE_s35_session2_natural,0,1326,44.2,0.17577995400259253,-0.4299040483110735
COHFACE_s35_session2_natural,0,1327,44.233333333333334,-0.04126649976407775,-0.4420167816454043
COHFACE_s35_session2_natural,0,1328,44.266666666666666,-0.21420653848840068,-0.41221844168427996
COHFACE_s35_session2_natural,0,1329,44.3,-0.36467592787308717,-0.33766794039882175
COHFACE_s35_session2_natural,0,1330,44.333333333333336,-0.50939802766247,-0.2242011143102595
COHFACE_s35_session2_natural,0,1331,44.36666666666667,-0.6402294403444353,-0.08680721338522362
COHFACE_s35_session2_natural,0,1332,44.4,-0.7316537207048984,0.06343537963723249
COHFACE_s35_session2_natural,0,1333,44.43333333333333,-0.7544642108651911,0.21857713914809815
COHFACE_s35_session2_natural,0,1334,44.46666666666667,-0.6824324033839732,0.35891444359850533
COHFACE_s35_session2_natural,0,1335,44.5,-0.4933760295445027,0.4523323764418538
COHFACE_s35_session2_natural,0,1336,44.53333333333333,-0.1709487589578431,0.493226430753334
COHFACE_s35_session2_natural,0,1337,44.56666666666667,0.2621981750837972,0.5018946264751659
COHFACE_s35_session2_natural,0,1338,44.6,0.6942400787947839,0.508307709591724
COHFACE_s35_session2_natural,0,1339,44.63333333333333,0.9702723460354524,0.551105572699596
COHFACE_s35_session2_natural,0,1340,44.666666666666664,1.0223533167884615,0.6184112872815182
COHFACE_s35_session2_natural,0,1341,44.7,0.8980492800085886,0.6478170573690579
COHFACE_s35_session2_natural,0,1342,44.733333333333334,0.6724636640974969,0.6108121914214061
COHFACE_s35_session2_natural,0,1343,44.766666666666666,0.39837861655503776,0.5133765748683965
COHFACE_s35_session2_natural,0,1344,44.8,0.12126875371067335,0.3865194915038398
COHFACE_s35_session2_natural,0,1345,44.833333333333336,-0.12169630780058069,0.28610056757490726
COHFACE_s35_session2_natural,0,1346,44.86666666666667,-0.32408150705682487,0.22887518344185923
COHFACE_s35_session2_natural,0,1347,44.9,-0.5023921308655568,0.19277889031012607
COHFACE_s35_session2_natural,0,1348,44.93333333333333,-0.664436647042158,0.1643160656765893
COHFACE_s35_session2_natural,0,1349,44.96666666666667,-0.7959829402549008,0.13928224717971274
COHFACE_s35_session2_natural,0,1350,45.0,-0.8713340575323637,0.11633972837571634
COHFACE_s35_session2_natural,0,1351,45.03333333333333,-0.8663315849620074,0.09733168248636948
COHFACE_s35_session2_natural,0,1352,45.06666666666667,-0.7619314572971216,0.07236754893645958
COHFACE_s35_session2_natural,0,1353,45.1,-0.5407447804380557,0.020354340064358226
COHFACE_s35_session2_natural,0,1354,45.13333333333333,-0.1882989225154239,-0.060685078113803845
COHFACE_s35_session2_natural,0,1355,45.166666666666664,0.26822375396542947,-0.1530662132464426
COHFACE_s35_session2_natural,0,1356,45.2,0.7130223989126746,-0.22465641604657519
COHFACE_s35_session2_natural,0,1357,45.233333333333334,1.0007946280135975,-0.22902472985310302
COHFACE_s35_session2_natural,0,1358,45.266666666666666,1.0780659494468499,-0.1751670655893031
COHFACE_s35_session2_natural,0,1359,45.3,0.9925281268603947,-0.1271120620961108
COHFACE_s35_session2_natural,0,1360,45.333333333333336,0.8083424360977212,-0.125739430914643
COHFACE_s35_session2_natural,0,1361,45.36666666666667,0.5664619260778238,-0.18786065464503066
COHFACE_s35_session2_natural,0,1362,45.4,0.30361722590551166,-0.2945103484755871
COHFACE_s35_session2_natural,0,1363,45.43333333333333,0.05633272558158229,-0.39098589483804347
COHFACE_s35_session2_natural,0,1364,45.46666666666667,-0.16164750287950663,-0.4585156815960624
COHFACE_s35_session2_natural,0,1365,45.5,-0.3601866393488758,-0.5140766293328162
COHFACE_s35_session2_natural,0,1366,45.53333333333333,-0.547154909570037,-0.5745684828544715
COHFACE_s35_session2_natural,0,1367,45.56666666666667,-0.7130404536145911,-0.6559299916142742
COHFACE_s35_session2_natural,0,1368,45.6,-0.8365219206094715,-0.7386116482434173
COHFACE_s35_session2_natural,0,1369,45.63333333333333,-0.8959255388327295,-0.7675912970469964
COHFACE_s35_session2_natural,0,1370,45.666666666666664,-0.8731369732417378,-0.7283835099584315
COHFACE_s35_session2_natural,0,1371,45.7,-0.7498056913802903,-0.6473170979894123
COHFACE_s35_session2_natural,0,1372,45.733333333333334,-0.504824503569721,-0.5382960494105689
COHFACE_s35_session2_natural,0,1373,45.766666666666666,-0.12874517663818177,-0.40307499728492024
COHFACE_s35_session2_natural,0,1374,45.8,0.3285511970383264,-0.2284149160201061
COHFACE_s35_session2_natural,0,1375,45.833333333333336,0.7376536246784053,0.012452538975686683
COHFACE_s35_session2_natural,0,1376,45.86666666666667,0.9775018600489485,0.29339536920632736
COHFACE_s35_session2_natural,0,1377,45.9,1.029601101949227,0.5342859463371215
COHFACE_s35_session2_natural,0,1378,45.93333333333333,0.9480605067736084,0.6956540035812506
COHFACE_s35_session2_natural,0,1379,45.96666666666667,0.7831339775049275,0.7779789565695026
COHFACE_s35_session2_natural,0,1380,46.0,0.5671253600114744,0.8023750246062379
COHFACE_s35_session2_natural,0,1381,46.03333333333333,0.33485500285013525,0.8092889052200494
COHFACE_s35_session2_natural,0,1382,46.06666666666667,0.1184400932792142,0.8101218012937899
COHFACE_s35_session2_natural,0,1383,46.1,-0.07341211421473526,0.7867705012587365
COHFACE_s35_session2_natural,0,1384,46.13333333333333,-0.25173144242818474,0.7270731848373156
COHFACE_s35_session2_natural,0,1385,46.166666666666664,-0.42464442558026333,0.6252747420068332
COHFACE_s35_session2_natural,0,1386,46.2,-0.5864786152960558,0.48521550888532117
COHFACE_s35_session2_natural,0,1387,46.233333333333334,-0.7231573824393533,0.3209276543528291
COHFACE_s35_session2_natural,0,1388,46.266666666666666,-0.8196354381470372,0.14894027473880656
COHFACE_s35_session2_natural,0,1389,46.3,-0.8623888335730696,-0.011014161978208058
COHFACE_s35_session2_natural,0,1390,46.333333333333336,-0.8390009563442701,-0.14373388529253145
COHFACE_s35_session2_natural,0,1391,46.36666666666667,-0.7363132649139449,-0.23781098341128784
COHFACE_s35_session2_natural,0,1392,46.4,-0.5377671189081066,-0.2889366166906994
COHFACE_s35_session2_natural,0,1393,46.43333333333333,-0.22601082825555263,-0.29930519748250356
COHFACE_s35_session2_natural,0,1394,46.46666666666667,0.18553516216419252,-0.2690203794194904
COHFACE_s35_session2_natural,0,1395,46.5,0.6067152541558302,-0.1959609560327939
COHFACE_s35_session2_natural,0,1396,46.53333333333333,0.9059459033219147,-0.09869184475626482
COHFACE_s35_session2_natural,0,1397,46.56666666666667,1.0193597014253317,-0.016390719014593227
COHFACE_s35_session2_natural,0,1398,46.6,0.979952455908316,0.025673046352305044
COHFACE_s35_session2_natural,0,1399,46.63333333333333,0.8465662844832742,0.016338934873501212
COHFACE_s35_session2_natural,0,1400,46.666666666666664,0.6574937984015291,-0.03998985714674019
COHFACE_s35_session2_natural,0,1401,46.7,0.4438400982232876,-0.123347956949601
COHFACE_s35_session2_natural,0,1402,46.733333333333334,0.23941631897098536,-0.20717242298004668
COHFACE_s35_session2_natural,0,1403,46.766666666666666,0.061661201025174514,-0.25841952308352856
COHFACE_s35_session2_natural,0,1404,46.8,-0.09713459062343185,-0.26682027462441016
COHFACE_s35_session2_natural,0,1405,46.833333333333336,-0.2508802922644094,-0.24476783660692264
COHFACE_s35_session2_natural,0,1406,46.86666666666667,-0.4019226231563447,-0.20870909790457887
COHFACE_s35_session2_natural,0,1407,46.9,-0.5410550509798977,-0.17879951148443185
COHFACE_s35_session2_natural,0,1408,46.93333333333333,-0.6562550291566935,-0.16393849216799206
COHFACE_s35_session2_natural,0,1409,46.96666666666667,-0.7372698341379248,-0.1617108860882616
COHFACE_s35_session2_natural,0,1410,47.0,-0.7738319505053034,-0.16361117123160626
COHFACE_s35_session2_natural,0,1411,47.03333333333333,-0.7547277883201009,-0.1553008387208904
COHFACE_s35_session2_natural,0,1412,47.06666666666667,-0.6683561325056468,-0.1402026905986034
COHFACE_s35_session2_natural,0,1413,47.1,-0.500859039127469,-0.139469875674531
COHFACE_s35_session2_natural,0,1414,47.13333333333333,-0.23552233532163425,-0.1551602157857211
COHFACE_s35_session2_natural,0,1415,47.166666666666664,0.12518478735603578,-0.17019982458236402
COHFACE_s35_session2_natural,0,1416,47.2,0.5140882621633002,-0.15555442126548888
COHFACE_s35_session2_natural,0,1417,47.233333333333334,0.8104881763180202,-0.07098212671669975
COHFACE_s35_session2_natural,0,1418,47.266666666666666,0.936320108651256,0.07029837144751734
COHFACE_s35_session2_natural,0,1419,47.3,0.9085329051484549,0.20135573343723193
COHFACE_s35_session2_natural,0,1420,47.333333333333336,0.7861940455277637,0.2893334180654809
COHFACE_s35_session2_natural,0,1421,47.36666666666667,0.6137640974968082,0.3354313901445679
COHFACE_s35_session2_natural,0,1422,47.4,0.4231364367169011,0.35192363999277776
COHFACE_s35_session2_natural,0,1423,47.43333333333333,0.24518970412179097,0.3614532389620466
COHFACE_s35_session2_natural,0,1424,47.46666666666667,0.09414045986855546,0.36757161163554086
COHFACE_s35_session2_natural,0,1425,47.5,-0.040563077819145595,0.35455430105052904
COHFACE_s35_session2_natural,0,1426,47.53333333333333,-0.17447590751927433,0.32681011955060485
COHFACE_s35_session2_natural,0,1427,47.56666666666667,-0.3104133223502912,0.3088424936236631
COHFACE_s35_session2_natural,0,1428,47.6,-0.44022863048271443,0.29958308079390983
COHFACE_s35_session2_natural,0,1429,47.63333333333333,-0.5535466589451735,0.2725546112659256
COHFACE_s35_session2_natural,0,1430,47.666666666666664,-0.6415740916707994,0.2023397381289489
COHFACE_s35_session2_natural,0,1431,47.7,-0.6963201059903835,0.06551619224591695
COHFACE_s35_session2_natural,0,1432,47.733333333333334,-0.7098004178135369,-0.133557739315734
COHFACE_s35_session2_natural,0,1433,47.766666666666666,-0.6734307331093285,-0.3618768004876492
COHFACE_s35_session2_natural,0,1434,47.8,-0.5750433608371396,-0.5810499513560414
COHFACE_s35_session2_natural,0,1435,47.833333333333336,-0.3974027057356395,-0.7467604132650256
COHFACE_s35_session2_natural,0,1436,47.86666666666667,-0.12466123480885848,-0.8291045721054336
COHFACE_s35_session2_natural,0,1437,47.9,0.22918612531022378,-0.8122607801093767
COHFACE_s35_session2_natural,0,1438,47.93333333333333,0.5835503508560056,-0.6875270697747672
COHFACE_s35_session2_natural,0,1439,47.96666666666667,0.8232203376855723,-0.45369290466480927
COHFACE_s35_session2_natural,0,1440,48.0,0.8932264853186914,-0.14880573536231823
COHFACE_s35_session2_natural,0,1441,48.03333333333333,0.8273770739102329,0.14924495938000532
COHFACE_s35_session2_natural,0,1442,48.06666666666667,0.6868709034061393,0.39521950431628233
COHFACE_s35_session2_natural,0,1443,48.1,0.5146029774893722,0.5756903283303726
COHFACE_s35_session2_natural,0,1444,48.13333333333333,0.341176077604307,0.6887502732636169
COHFACE_s35_session2_natural,0,1445,48.166666666666664,0.18849568239513637,0.7427728686119018
COHFACE_s35_session2_natural,0,1446,48.2,0.05631004679207162,0.7544886412151939
COHFACE_s35_session2_natural,0,1447,48.233333333333334,-0.07201681107286842,0.7481222565516106
COHFACE_s35_session2_natural,0,1448,48.266666666666666,-0.20675120114645412,0.7199070171018219
COHFACE_s35_session2_natural,0,1449,48.3,-0.3433140159759705,0.6382546440958731
COHFACE_s35_session2_natural,0,1450,48.333333333333336,-0.46998255614238316,0.49393150857473006
COHFACE_s35_session2_natural,0,1451,48.36666666666667,-0.5753367600023332,0.30093325222532813
COHFACE_s35_session2_natural,0,1452,48.4,-0.6491192554385695,0.08417822885508118
COHFACE_s35_session2_natural,0,1453,48.43333333333333,-0.6818245610790009,-0.11980071121603207
COHFACE_s35_session2_natural,0,1454,48.46666666666667,-0.6655615799046217,-0.3064484395064064
COHFACE_s35_session2_natural,0,1455,48.5,-0.5911052733535471,-0.5018342212016698
COHFACE_s35_session2_natural,0,1456,48.53333333333333,-0.4439030822761167,-0.7088657989736422
COHFACE_s35_session2_natural,0,1457,48.56666666666667,-0.2063646012244301,-0.9057940697710001
COHFACE_s35_session2_natural,0,1458,48.6,0.120802293799367,-1.0535562487300043
COHFACE_s35_session2_natural,0,1459,48.63333333333333,0.4768704840673499,-1.0954964740485436
COHFACE_s35_session2_natural,0,1460,48.666666666666664,0.7477405931556985,-1.0274614732208605
COHFACE_s35_session2_natural,0,1461,48.7,0.8551280225069852,-0.8976474405127753
COHFACE_s35_session2_natural,0,1462,48.733333333333334,0.812920411493607,-0.7366265132965457
COHFACE_s35_session2_natural,0,1463,48.766666666666666,0.6814616234991222,-0.5574448374909224
COHFACE_s35_session2_natural,0,1464,48.8,0.5105919074789687,-0.3640143541784678
COHFACE_s35_session2_natural,0,1465,48.833333333333336,0.33550698827639647,-0.15234870035338913
COHFACE_s35_session2_natural,0,1466,48.86666666666667,0.18213044878781642,0.07245304632714336
COHFACE_s35_session2_natural,0,1467,48.9,0.0538594196422316,0.29476435023986636
COHFACE_s35_session2_natural,0,1468,48.93333333333333,-0.06703231156310438,0.4972411680647427
COHFACE_s35_session2_natural,0,1469,48.96666666666667,-0.19583926027641396,0.6596595903227398
COHFACE_s35_session2_natural,0,1470,49.0,-0.331305425227258,0.7771950421208161
COHFACE_s35_session2_natural,0,1471,49.03333333333333,-0.4609946593631036,0.8593425802525938
COHFACE_s35_session2_natural,0,1472,49.06666666666667,-0.5709200267198632,0.9137727060282235
COHFACE_s35_session2_natural,0,1473,49.1,-0.6486230114360514,0.9454903684301905
COHFACE_s35_session2_natural,0,1474,49.13333333333333,-0.6826136925470686,0.9533338943648172
COHFACE_s35_session2_natural,0,1475,49.166666666666664,-0.6625356846170137,0.9297793869729605
COHFACE_s35_session2_natural,0,1476,49.2,-0.5778842812025843,0.8697766488493848
COHFACE_s35_session2_natural,0,1477,49.233333333333334,-0.4145628593304301,0.7710930747740922
COHFACE_s35_session2_natural,0,1478,49.266666666666666,-0.15691707054985596,0.6249018499277171
COHFACE_s35_session2_natural,0,1479,49.3,0.18613347473321307,0.416801559326294
COHFACE_s35_session2_natural,0,1480,49.333333333333336,0.539354007872559,0.15607684595682084
COHFACE_s35_session2_natural,0,1481,49.36666666666667,0.784256780677661,-0.12299808944595939
COHFACE_s35_session2_natural,0,1482,49.4,0.8572666950100074,-0.3801995280380223
COHFACE_s35_session2_natural,0,1483,49.43333333333333,0.7889903537056988,-0.5684215877377397
COHFACE_s35_session2_natural,0,1484,49.46666666666667,0.6442881399527599,-0.6697272570773136
COHFACE_s35_session2_natural,0,1485,49.5,0.4717789424030302,-0.6944236779579014
COHFACE_s35_session2_natural,0,1486,49.53333333333333,0.3057749672118122,-0.6707843592962744
COHFACE_s35_session2_natural,0,1487,49.56666666666667,0.16654516724130947,-0.6439742150806789
COHFACE_s35_session2_natural,0,1488,49.6,0.04778794952823856,-0.6386826480242387
COHFACE_s35_session2_natural,0,1489,49.63333333333333,-0.07256022157410133,-0.6585384656773465
COHFACE_s35_session2_natural,0,1490,49.666666666666664,-0.2062365929079612,-0.6953345555223855
COHFACE_s35_session2_natural,0,1491,49.7,-0.34624383947339643,-0.7290787801535333
COHFACE_s35_session2_natural,0,1492,49.733333333333334,-0.47756994207680736,-0.716311817066577
COHFACE_s35_session2_natural,0,1493,49.766666666666666,-0.5865121041500168,-0.591098018904699
COHFACE_s35_session2_natural,0,1494,49.8,-0.6605023861980164,-0.35733404334819735
COHFACE_s35_session2_natural,0,1495,49.833333333333336,-0.6854031665682915,-0.08953606421681906
COHFACE_s35_session2_natural,0,1496,49.86666666666667,-0.646248246946361,0.15723464859813208
COHFACE_s35_session2_natural,0,1497,49.9,-0.5283091133385089,0.34702021238381714
COHFACE_s35_session2_natural,0,1498,49.93333333333333,-0.31538461426599357,0.46533071182556385
COHFACE_s35_session2_natural,0,1499,49.96666666666667,-0.0019001143455423114,0.5181728004353475
COHFACE_s35_session2_natural,0,1500,50.0,0.3658047348036369,0.5331953312184475
COHFACE_s35_session2_natural,0,1501,50.03333333333333,0.6736401695538021,0.5584819970650298
COHFACE_s35_session2_natural,0,1502,50.06666666666667,0.8170313058577883,0.5988554080895073
COHFACE_s35_session2_natural,0,1503,50.1,0.7860067326500838,0.615527212115096
COHFACE_s35_session2_natural,0,1504,50.13333333333333,0.6425391690806372,0.5873076060317276
COHFACE_s35_session2_natural,0,1505,50.166666666666664,0.45072537174956606,0.5110723627942761
COHFACE_s35_session2_natural,0,1506,50.2,0.256336579989286,0.39580361250340984
COHFACE_s35_session2_natural,0,1507,50.233333333333334,0.09085679336972236,0.2628596781216435
COHFACE_s35_session2_natural,0,1508,50.266666666666666,-0.04076598101311867,0.12397879279349312
COHFACE_s35_session2_natural,0,1509,50.3,-0.15940276016141414,-0.01811996316609135
COHFACE_s35_session2_natural,0,1510,50.333333333333336,-0.28398466870552325,-0.15418295005427451
COHFACE_s35_session2_natural,0,1511,50.36666666666667,-0.41152668213226296,-0.267683715738571
COHFACE_s35_session2_natural,0,1512,50.4,-0.5229622159890739,-0.3575529927815596
COHFACE_s35_session2_natural,0,1513,50.43333333333333,-0.5964407020522201,-0.4374144178003323
COHFACE_s35_session2_natural,0,1514,50.46666666666667,-0.6122678153960642,-0.5221978314262324
COHFACE_s35_session2_natural,0,1515,50.5,-0.5529085970604278,-0.6271647212176734
COHFACE_s35_session2_natural,0,1516,50.53333333333333,-0.40196363301029286,-0.7378387716430238
COHFACE_s35_session2_natural,0,1517,50.56666666666667,-0.1455939959717126,-0.809711352287568
COHFACE_s35_session2_natural,0,1518,50.6,0.20045821181021006,-0.8106071288893952
COHFACE_s35_session2_natural,0,1519,50.63333333333333,0.5489237101446989,-0.7211498770171176
COHFACE_s35_session2_natural,0,1520,50.666666666666664,0.7731876085005974,-0.546059740174751
COHFACE_s35_session2_natural,0,1521,50.7,0.8108456768278545,-0.31472272413360486
COHFACE_s35_session2_natural,0,1522,50.733333333333334,0.6970079030124032,-0.06547494199843061
COHFACE_s35_session2_natural,0,1523,50.766666666666666,0.500670919647193,0.15377484978059627
COHFACE_s35_session2_natural,0,1524,50.8,0.27771900206233013,0.326255790216192
COHFACE_s35_session2_natural,0,1525,50.833333333333336,0.07174576280151748,0.4651808643731097
COHFACE_s35_session2_natural,0,1526,50.86666666666667,-0.09463789994834025,0.584075238833173
COHFACE_s35_session2_natural,0,1527,50.9,-0.2331367978058606,0.6953370734736617
COHFACE_s35_session2_natural,0,1528,50.93333333333333,-0.3673910374443187,0.7933155165589247
COHFACE_s35_session2_natural,0,1529,50.96666666666667,-0.5011807414915204,0.8536424673846192
COHFACE_s35_session2_natural,0,1530,51.0,-0.6152165969747451,0.8647294637126365
COHFACE_s35_session2_natural,0,1531,51.03333333333333,-0.6814530151583637,0.8276616021195954
COHFACE_s35_session2_natural,0,1532,51.06666666666667,-0.6740846339101898,0.7419317319686033
COHFACE_s35_session2_natural,0,1533,51.1,-0.5710483571501176,0.6057414595601156
COHFACE_s35_session2_natural,0,1534,51.13333333333333,-0.35241787375860867,0.43418634984085175
COHFACE_s35_session2_natural,0,1535,51.166666666666664,-0.012822904158111992,0.25984466009782003
COHFACE_s35_session2_natural,0,1536,51.2,0.3953986217191317,0.11140649833938027
COHFACE_s35_session2_natural,0,1537,51.233333333333334,0.7438767917772688,0.014166390718987981
COHFACE_s35_session2_natural,0,1538,51.266666666666666,0.9133895477683129,-0.044443812303298816
COHFACE_s35_session2_natural,0,1539,51.3,0.8880289338369679,-0.11371166564195773
COHFACE_s35_session2_natural,0,1540,51.333333333333336,0.7295891237792638,-0.21193040720238426
COHFACE_s35_session2_natural,0,1541,51.36666666666667,0.5018524694388649,-0.32528563167643204
COHFACE_s35_session2_natural,0,1542,51.4,0.25171023402098713,-0.4275961978114986
COHFACE_s35_session2_natural,0,1543,51.43333333333333,0.01960896834760433,-0.4801698882876429
COHFACE_s35_session2_natural,0,1544,51.46666666666667,-0.17451881473683248,-0.4819597857037158
COHFACE_s35_session2_natural,0,1545,51.5,-0.3415650313157596,-0.46914332712232193
COHFACE_s35_session2_natural,0,1546,51.53333333333333,-0.4993412022073906,-0.46148600046790217
COHFACE_s35_session2_natural,0,1547,51.56666666666667,-0.6462534589799549,-0.4618079180011071
COHFACE_s35_session2_natural,0,1548,51.6,-0.761460753083518,-0.451405464363208
COHFACE_s35_session2_natural,0,1549,51.63333333333333,-0.818616790926295,-0.3905549298683054
COHFACE_s35_session2_natural,0,1550,51.666666666666664,-0.7935436652503314,-0.29585800511708243
COHFACE_s35_session2_natural,0,1551,51.7,-0.6642805928576435,-0.24019174189948203
COHFACE_s35_session2_natural,0,1552,51.733333333333334,-0.4099588278129464,-0.24678870472531844
COHFACE_s35_session2_natural,0,1553,51.766666666666666,-0.023962664146112367,-0.2889837055801858
COHFACE_s35_session2_natural,0,1554,51.8,0.437757119742009,-0.3293852586395171
COHFACE_s35_session2_natural,0,1555,51.833333333333336,0.8381904866307806,-0.3206902812317426
COHFACE_s35_session2_natural,0,1556,51.86666666666667,1.053005882370274,-0.24820859791337244
COHFACE_s35_session2_natural,0,1557,51.9,1.0647903046999472,-0.13040690777619016
COHFACE_s35_session2_natural,0,1558,51.93333333333333,0.9316462289496118,0.006143353590497495
COHFACE_s35_session2_natural,0,1559,51.96666666666667,0.7116703291900857,0.1266158238573371
COHFACE_s35_session2_natural,0,1560,52.0,0.4465231996420176,0.21383147930596927
COHFACE_s35_session2_natural,0,1561,52.03333333333333,0.17789625753130234,0.26781185719538747
COHFACE_s35_session2_natural,0,1562,52.06666666666667,-0.06244515394803096,0.29196514343913404
COHFACE_s35_session2_natural,0,1563,52.1,-0.2717280299156102,0.29252231707080195
COHFACE_s35_session2_natural,0,1564,52.13333333333333,-0.4630473436989361,0.27883771802741886
COHFACE_s35_session2_natural,0,1565,52.166666666666664,-0.6391010240808618,0.2630423123957037
COHFACE_s35_session2_natural,0,1566,52.2,-0.7854383761548642,0.247582124129344
COHFACE_s35_session2_natural,0,1567,52.233333333333334,-0.8803095782470162,0.225198381087118
COHFACE_s35_session2_natural,0,1568,52.266666666666666,-0.9036239623810702,0.18157391794435218
COHFACE_s35_session2_natural,0,1569,52.3,-0.8369062703781448,0.09585786683090669
COHFACE_s35_session2_natural,0,1570,52.333333333333336,-0.6601521610586013,-0.015504933527812313
COHFACE_s35_session2_natural,0,1571,52.36666666666667,-0.3537992638692747,-0.09866465815874864
COHFACE_s35_session2_natural,0,1572,52.4,0.07646580836016667,-0.11642232678537309
COHFACE_s35_session2_natural,0,1573,52.43333333333333,0.5495236390493172,-0.04871789736032051
COHFACE_s35_session2_natural,0,1574,52.46666666666667,0.9204987452646463,0.09089127334311711
COHFACE_s35_session2_natural,0,1575,52.5,1.0910623590365236,0.2551437110229029
COHFACE_s35_session2_natural,0,1576,52.53333333333333,1.07174332521749,0.39594312278144367
COHFACE_s35_session2_natural,0,1577,52.56666666666667,0.9248354822952046,0.46459572654075015
COHFACE_s35_session2_natural,0,1578,52.6,0.700682211449364,0.4531513661781294
COHFACE_s35_session2_natural,0,1579,52.63333333333333,0.4372667470584316,0.39418991537418874
COHFACE_s35_session2_natural,0,1580,52.666666666666664,0.17557944185397703,0.32366008199973434
COHFACE_s35_session2_natural,0,1581,52.7,-0.055908515470642614,0.2803348072648288
COHFACE_s35_session2_natural,0,1582,52.733333333333334,-0.2579592097236434,0.28179168980132807
COHFACE_s35_session2_natural,0,1583,52.766666666666666,-0.44356575413071064,0.32430194164944653
COHFACE_s35_session2_natural,0,1584,52.8,-0.6139238333606397,0.37382097919101476
COHFACE_s35_session2_natural,0,1585,52.833333333333336,-0.7562717162984985,0.3667609350564129
COHFACE_s35_session2_natural,0,1586,52.86666666666667,-0.8533592154108349,0.27628446010655167
COHFACE_s35_session2_natural,0,1587,52.9,-0.8887091484803438,0.11322929489250713
COHFACE_s35_session2_natural,0,1588,52.93333333333333,-0.8458146996227172,-0.11085994747246881
COHFACE_s35_session2_natural,0,1589,52.96666666666667,-0.7063840547812932,-0.3827990818873705
COHFACE_s35_session2_natural,0,1590,53.0,-0.4520344744823741,-0.6651046819767412
COHFACE_s35_session2_natural,0,1591,53.03333333333333,-0.07751883425600233,-0.8950411011259382
COHFACE_s35_session2_natural,0,1592,53.06666666666667,0.3685280957919977,-1.0376228915854855
COHFACE_s35_session2_natural,0,1593,53.1,0.7629763665279296,-1.0849111854886324
COHFACE_s35_session2_natural,0,1594,53.13333333333333,0.9870839918247538,-1.0404035762973136
COHFACE_s35_session2_natural,0,1595,53.166666666666664,1.0194679309904773,-0.9185561946543029
COHFACE_s35_session2_natural,0,1596,53.2,0.9134463550463563,-0.7280990458556615
COHFACE_s35_session2_natural,0,1597,53.233333333333334,0.7236548816306321,-0.47264640939571634
COHFACE_s35_session2_natural,0,1598,53.266666666666666,0.4892514629196131,-0.17223461851337385
COHFACE_s35_session2_natural,0,1599,53.3,0.2504917425690972,0.13541119549654293
COHFACE_s35_session2_natural,0,1600,53.333333333333336,0.0386768769867927,0.3916350610312711
COHFACE_s35_session2_natural,0,1601,53.36666666666667,-0.1436448551070041,0.516302808590941
COHFACE_s35_session2_natural,0,1602,53.4,-0.31025741401860296,0.5093639767314851
COHFACE_s35_session2_natural,0,1603,53.43333333333333,-0.4656311608443254,0.4499152362581061
COHFACE_s35_session2_natural,0,1604,53.46666666666667,-0.5995912417781959,0.39826443045629006
COHFACE_s35_session2_natural,0,1605,53.5,-0.6959471343673961,0.3945697254081753
COHFACE_s35_session2_natural,0,1606,53.53333333333333,-0.738510922719191,0.4423488964304504
COHFACE_s35_session2_natural,0,1607,53.56666666666667,-0.7126839625192534,0.5083562262361434
COHFACE_s35_session2_natural,0,1608,53.6,-0.604955636457372,0.5534075960900826
COHFACE_s35_session2_natural,0,1609,53.63333333333333,-0.40062945083142887,0.5329928584542182
COHFACE_s35_session2_natural,0,1610,53.666666666666664,-0.09231681191806583,0.4389064439837693
COHFACE_s35_session2_natural,0,1611,53.7,0.280608079491427,0.29959206991990084
COHFACE_s35_session2_natural,0,1612,53.733333333333334,0.6084671099884822,0.1312385963615567
COHFACE_s35_session2_natural,0,1613,53.766666666666666,0.7817989410909484,-0.061722071474707166
COHFACE_s35_session2_natural,0,1614,53.8,0.7812653856642748,-0.25681957789233206
COHFACE_s35_session2_natural,0,1615,53.833333333333336,0.6608766325160194,-0.4128428654045581
COHFACE_s35_session2_natural,0,1616,53.86666666666667,0.47885056962703976,-0.5155442418498601
COHFACE_s35_session2_natural,0,1617,53.9,0.2795668743509379,-0.5769677124481555
COHFACE_s35_session2_natural,0,1618,53.93333333333333,0.09938223028324637,-0.6139520760667353
COHFACE_s35_session2_natural,0,1619,53.96666666666667,-0.049755902192101055,-0.6472475255438799
COHFACE_s35_session2_natural,0,1620,54.0,-0.18253484905857928,-0.6650533303418892
COHFACE_s35_session2_natural,0,1621,54.03333333333333,-0.3120270853671824,-0.6231683540809515
COHFACE_s35_session2_natural,0,1622,54.06666666666667,-0.43204042255586883,-0.5097430114035263
COHFACE_s35_session2_natural,0,1623,54.1,-0.5242350481909759,-0.3459758695144909
COHFACE_s35_session2_natural,0,1624,54.13333333333333,-0.5706189588524971,-0.15832102737847686
COHFACE_s35_session2_natural,0,1625,54.166666666666664,-0.5575462922864309,0.021043551307730175
COHFACE_s35_session2_natural,0,1626,54.2,-0.4722416731472986,0.18584096514693893
COHFACE_s35_session2_natural,0,1627,54.233333333333334,-0.2995255906375296,0.35453843093601684
COHFACE_s35_session2_natural,0,1628,54.266666666666666,-0.03016049899078324,0.5233837576625832
COHFACE_s35_session2_natural,0,1629,54.3,0.30201375876295006,0.6652637878589386
COHFACE_s35_session2_natural,0,1630,54.333333333333336,0.5957142605338039,0.7669681173293073
COHFACE_s35_session2_natural,0,1631,54.36666666666667,0.7470972632285047,0.8285306396710554
COHFACE_s35_session2_natural,0,1632,54.4,0.7367541355359803,0.8488143300474794
COHFACE_s35_session2_natural,0,1633,54.43333333333333,0.6154724926625673,0.8251037041185021
COHFACE_s35_session2_natural,0,1634,54.46666666666667,0.4365761451207011,0.7500002100792779
COHFACE_s35_session2_natural,0,1635,54.5,0.23836631264450941,0.6118308427873086
COHFACE_s35_session2_natural,0,1636,54.53333333333333,0.05417739738963966,0.4097084584040319
COHFACE_s35_session2_natural,0,1637,54.56666666666667,-0.10258658986339508,0.15459562220814907
COHFACE_s35_session2_natural,0,1638,54.6,-0.2457888924436678,-0.11115958669992472
COHFACE_s35_session2_natural,0,1639,54.63333333333333,-0.38978517475628477,-0.3131498249204594
COHFACE_s35_session2_natural,0,1640,54.666666666666664,-0.5278737171873873,-0.4249433014092605
COHFACE_s35_session2_natural,0,1641,54.7,-0.6391325205492657,-0.467321804688338
COHFACE_s35_session2_natural,0,1642,54.733333333333334,-0.7030188651531967,-0.4578326660160579
COHFACE_s35_session2_natural,0,1643,54.766666666666666,-0.70241410238576,-0.4099008931177444
COHFACE_s35_session2_natural,0,1644,54.8,-0.619490454089326,-0.3254648690232833
COHFACE_s35_session2_natural,0,1645,54.833333333333336,-0.43590569192922635,-0.1951897465804548
COHFACE_s35_session2_natural,0,1646,54.86666666666667,-0.1408704491692912,-0.04189947776838991
COHFACE_s35_session2_natural,0,1647,54.9,0.23837822315153878,0.07921115516900538
COHFACE_s35_session2_natural,0,1648,54.93333333333333,0.6053631956567554,0.1333799395613011
COHFACE_s35_session2_natural,0,1649,54.96666666666667,0.8439477471388267,0.1064600047482867
COHFACE_s35_session2_natural,0,1650,55.0,0.9125043691253147,0.01342662430225517
COHFACE_s35_session2_natural,0,1651,55.03333333333333,0.8476154735426483,-0.10183050526421615
COHFACE_s35_session2_natural,0,1652,55.06666666666667,0.6974059286661093,-0.20838485702273438
COHFACE_s35_session2_natural,0,1653,55.1,0.4954197742354999,-0.2883286037492987
COHFACE_s35_session2_natural,0,1654,55.13333333333333,0.2765308033378336,-0.3452265339041248
COHFACE_s35_session2_natural,0,1655,55.166666666666664,0.07268747767924437,-0.40345457502414184
COHFACE_s35_session2_natural,0,1656,55.2,-0.10983601536192847,-0.47263657256302466
COHFACE_s35_session2_natural,0,1657,55.233333333333334,-0.2846078056509226,-0.5469889560111978
COHFACE_s35_session2_natural,0,1658,55.266666666666666,-0.45712867252704004,-0.6276481663171648
COHFACE_s35_session2_natural,0,1659,55.3,-0.614984449950982,-0.7221693048733325
COHFACE_s35_session2_natural,0,1660,55.333333333333336,-0.7384155405001787,-0.7996827824310836
COHFACE_s35_session2_natural,0,1661,55.36666666666667,-0.8104210543823873,-0.7911928283451193
COHFACE_s35_session2_natural,0,1662,55.4,-0.817458155611403,-0.6723548023347249
COHFACE_s35_session2_natural,0,1663,55.43333333333333,-0.7450470382877203,-0.4643403073428324
COHFACE_s35_session2_natural,0,1664,55.46666666666667,-0.5750644362466439,-0.2014748620545301
COHFACE_s35_session2_natural,0,1665,55.5,-0.28899381225501086,0.06815001714493282
COHFACE_s35_session2_natural,0,1666,55.53333333333333,0.10496881154433496,0.3199202517461732
COHFACE_s35_session2_natural,0,1667,55.56666666666667,0.5269938869110479,0.5513697511057788
COHFACE_s35_session2_natural,0,1668,55.6,0.8493492418014867,0.7604668336796581
COHFACE_s35_session2_natural,0,1669,55.63333333333333,0.9981274118402322,0.9439239656857047
COHFACE_s35_session2_natural,0,1670,55.666666666666664,0.9910108903159875,1.0972990370176785
COHFACE_s35_session2_natural,0,1671,55.7,0.8765493435729188,1.2137460909269053
COHFACE_s35_session2_natural,0,1672,55.733333333333334,0.6886331285841752,1.266252100979917
COHFACE_s35_session2_natural,0,1673,55.766666666666666,0.45849627315678276,1.2075541149095388
COHFACE_s35_session2_natural,0,1674,55.8,0.22584198778101292,1.039538372753126
COHFACE_s35_session2_natural,0,1675,55.833333333333336,0.017329683485135465,0.8136196151731394
COHFACE_s35_session2_natural,0,1676,55.86666666666667,-0.16881871247834543,0.5647390405681285
COHFACE_s35_session2_natural,0,1677,55.9,-0.34531697115944243,0.312027773889574
COHFACE_s35_session2_natural,0,1678,55.93333333333333,-0.5131481456977001,0.06796873180579502
COHFACE_s35_session2_natural,0,1679,55.96666666666667,-0.6605751892927013,-0.1600689177344693
COHFACE_s35_session2_natural,0,1680,56.0,-0.7734971215255078,-0.3542001767361199
COHFACE_s35_session2_natural,0,1681,56.03333333333333,-0.8392644205288123,-0.48479962530198134
COHFACE_s35_session2_natural,0,1682,56.06666666666667,-0.8449521250296127,-0.5406186373621849
COHFACE_s35_session2_natural,0,1683,56.1,-0.7761745633099212,-0.5280561673919362
COHFACE_s35_session2_natural,0,1684,56.13333333333333,-0.6165092652938833,-0.4657892882508453
COHFACE_s35_session2_natural,0,1685,56.166666666666664,-0.34850860125249106,-0.3842066680894596
COHFACE_s35_session2_natural,0,1686,56.2,0.02879323206405951,-0.29927746125025184
COHFACE_s35_session2_natural,0,1687,56.233333333333334,0.45512519302496174,-0.21256545927342355
COHFACE_s35_session2_natural,0,1688,56.266666666666666,0.8078680988210689,-0.1337877830697584
COHFACE_s35_session2_natural,0,1689,56.3,0.9946241090043175,-0.08106120637772146
COHFACE_s35_session2_natural,0,1690,56.333333333333336,1.016012899303072,-0.07133375011052905
COHFACE_s35_session2_natural,0,1691,56.36666666666667,0.9194432816140397,-0.12019989096622889
COHFACE_s35_session2_natural,0,1692,56.4,0.7441082965603323,-0.2149381666091074
COHFACE_s35_session2_natural,0,1693,56.43333333333333,0.5247280866146229,-0.31447777801163407
COHFACE_s35_session2_natural,0,1694,56.46666666666667,0.30345371290498935,-0.4014173826646121
COHFACE_s35_session2_natural,0,1695,56.5,0.10952793896397842,-0.48179061235311105
COHFACE_s35_session2_natural,0,1696,56.53333333333333,-0.057951166245714884,-0.5566028849107527
COHFACE_s35_session2_natural,0,1697,56.56666666666667,-0.2149622220880223,-0.621232233027577
COHFACE_s35_session2_natural,0,1698,56.6,-0.3689438411079025,-0.6654306329022799
COHFACE_s35_session2_natural,0,1699,56.63333333333333,-0.5137026428102598,-0.6731891217313417
COHFACE_s35_session2_natural,0,1700,56.666666666666664,-0.63873423571541,-0.6250107004051717
COHFACE_s35_session2_natural,0,1701,56.7,-0.7345047905358467,-0.49847311854422194
COHFACE_s35_session2_natural,0,1702,56.733333333333334,-0.79083424929437,-0.2947371411018194
COHFACE_s35_session2_natural,0,1703,56.766666666666666,-0.7960569339386375,-0.039493823694746216
COHFACE_s35_session2_natural,0,1704,56.8,-0.7373419763711334,0.23110376185730558
COHFACE_s35_session2_natural,0,1705,56.833333333333336,-0.5998912200458475,0.4695704173276777
COHFACE_s35_session2_natural,0,1706,56.86666666666667,-0.3664477491924799,0.6472304571658617
COHFACE_s35_session2_natural,0,1707,56.9,-0.028157193152256732,0.7532534280678365
COHFACE_s35_session2_natural,0,1708,56.93333333333333,0.37480083685066656,0.7913254836652293
COHFACE_s35_session2_natural,0,1709,56.96666666666667,0.7319715041923548,0.778712136451703
COHFACE_s35_session2_natural,0,1710,57.0,0.9367314803904266,0.7429109951568288
COHFACE_s35_session2_natural,0,1711,57.03333333333333,0.9711717831017999,0.7208963300174401
COHFACE_s35_session2_natural,0,1712,57.06666666666667,0.8835761461537265,0.6993177339562919
COHFACE_s35_session2_natural,0,1713,57.1,0.7224568133940658,0.6150107178080721
COHFACE_s35_session2_natural,0,1714,57.13333333333333,0.5237010092275864,0.4467094018661075
COHFACE_s35_session2_natural,0,1715,57.166666666666664,0.32468833195307967,0.21625388606959473
COHFACE_s35_session2_natural,0,1716,57.2,0.15143971004278675,-0.023956395281415695
COHFACE_s35_session2_natural,0,1717,57.233333333333334,0.0013621580837524724,-0.19081051982249295
COHFACE_s35_session2_natural,0,1718,57.266666666666666,-0.14225871648831453,-0.2573065328294412
COHFACE_s35_session2_natural,0,1719,57.3,-0.2865181175052979,-0.2521083513668747
COHFACE_s35_session2_natural,0,1720,57.333333333333336,-0.42499524298965086,-0.20763209991241982
COHFACE_s35_session2_natural,0,1721,57.36666666666667,-0.5470306205363982,-0.1591148420079766
COHFACE_s35_session2_natural,0,1722,57.4,-0.643688532149355,-0.1167379979667434
COHFACE_s35_session2_natural,0,1723,57.43333333333333,-0.7072530784880059,-0.06564366725869888
COHFACE_s35_session2_natural,0,1724,57.46666666666667,-0.729846204344674,-0.02302606379688491
COHFACE_s35_session2_natural,0,1725,57.5,-0.7026191184864705,-0.03796636547399622
COHFACE_s35_session2_natural,0,1726,57.53333333333333,-0.6146444017200866,-0.12013740764988261
COHFACE_s35_session2_natural,0,1727,57.56666666666667,-0.451268752658262,-0.2393887251823561
COHFACE_s35_session2_natural,0,1728,57.6,-0.1947304045920246,-0.3622851298916186
COHFACE_s35_session2_natural,0,1729,57.63333333333333,0.15418055074023318,-0.45219646447373824
COHFACE_s35_session2_natural,0,1730,57.666666666666664,0.5306570760135737,-0.49423534356792664
COHFACE_s35_session2_natural,0,1731,57.7,0.8144110385877341,-0.4950354553841115
COHFACE_s35_session2_natural,0,1732,57.733333333333334,0.9269880588298085,-0.4690910018687582
COHFACE_s35_session2_natural,0,1733,57.766666666666666,0.8870312845817387,-0.4383405388596662
COHFACE_s35_session2_natural,0,1734,57.8,0.7553089250398933,-0.388217482969951
COHFACE_s35_session2_natural,0,1735,57.833333333333336,0.5780666853604234,-0.26830955009687757
COHFACE_s35_session2_natural,0,1736,57.86666666666667,0.3904493704548928,-0.08362757435295538
COHFACE_s35_session2_natural,0,1737,57.9,0.22265102701298953,0.10465095751832629
COHFACE_s35_session2_natural,0,1738,57.93333333333333,0.08212185420224477,0.25345569495266485
COHFACE_s35_session2_natural,0,1739,57.96666666666667,-0.04688095073591034,0.3376817368273598
COHFACE_s35_session2_natural,0,1740,58.0,-0.17875812290791046,0.3628661801761212
COHFACE_s35_session2_natural,0,1741,58.03333333333333,-0.31255052815867645,0.3643922071970456
COHFACE_s35_session2_natural,0,1742,58.06666666666667,-0.43818587901988515,0.363171405523617
COHFACE_s35_session2_natural,0,1743,58.1,-0.5452434041794614,0.3650028769600825
COHFACE_s35_session2_natural,0,1744,58.13333333333333,-0.6248904379847692,0.37344887565905893
COHFACE_s35_session2_natural,0,1745,58.166666666666664,-0.6685470425606981,0.3897006272237693
COHFACE_s35_session2_natural,0,1746,58.2,-0.6674493220659286,0.40389978538920496
COHFACE_s35_session2_natural,0,1747,58.233333333333334,-0.6122853843391736,0.39529851999804555
COHFACE_s35_session2_natural,0,1748,58.266666666666666,-0.49074536247413597,0.3457522948308987
COHFACE_s35_session2_natural,0,1749,58.3,-0.2855968767527016,0.240307468430632
COHFACE_s35_session2_natural,0,1750,58.333333333333336,0.015154925959404236,0.08132488654583846
COHFACE_s35_session2_natural,0,1751,58.36666666666667,0.3789287602656299,-0.11082069099676238
COHFACE_s35_session2_natural,0,1752,58.4,0.7030547028770047,-0.30467313802717344
COHFACE_s35_session2_natural,0,1753,58.43333333333333,0.8812531269747699,-0.45720706968660635
COHFACE_s35_session2_natural,0,1754,58.46666666666667,0.8944610843742327,-0.5492749826218472
COHFACE_s35_session2_natural,0,1755,58.5,0.7986866109405296,-0.5850465992114599
COHFACE_s35_session2_natural,0,1756,58.53333333333333,0.6545064716531926,-0.5603985705897926
COHFACE_s35_session2_natural,0,1757,58.56666666666667,0.5030055133066739,-0.46275820141943735
COHFACE_s35_session2_natural,0,1758,58.6,0.3732931131446176,-0.3065397590972312
COHFACE_s35_session2_natural,0,1759,58.63333333333333,0.2720987657834854,-0.13341165340359176
