recording_id,measurement_id,sample_index,time_seconds,gt_signal,predicted_signal
BH_s19_medium,0,0,0.0,0.30012214183807373,-0.022352718549438134
BH_s19_medium,0,1,0.03333333333333333,0.2454407960176468,-0.3476694571694165
BH_s19_medium,0,2,0.06666666666666667,0.2955491542816162,-0.6631522409185651
BH_s19_medium,0,3,0.1,0.30012214183807373,-0.9527668702845068
BH_s19_medium,0,4,0.13333333333333333,0.19990545511245728,-1.190209933057665
BH_s19_medium,0,5,0.16666666666666666,-0.005100949667394161,-1.3424864541155466
BH_s19_medium,0,6,0.2,-0.2739347517490387,-1.378731480572256
BH_s19_medium,0,7,0.23333333333333334,-0.48808717727661133,-1.280797399661283
BH_s19_medium,0,8,0.26666666666666666,-0.6658502817153931,-1.0514030075123126
BH_s19_medium,0,9,0.3,-0.7182451486587524,-0.7164454759542129
BH_s19_medium,0,10,0.3333333333333333,-0.7388237118721008,-0.32007864135036646
BH_s19_medium,0,11,0.36666666666666664,-0.7388237118721008,0.08593883097065323
BH_s19_medium,0,12,0.4,-0.7388237118721008,0.45431079092000676
BH_s19_medium,0,13,0.43333333333333335,-0.793505072593689,0.7507807308021662
BH_s19_medium,0,14,0.4666666666666667,-0.8481864333152771,0.9568699811632811
BH_s19_medium,0,15,0.5,-0.5618396997451782,1.0678999393572914
BH_s19_medium,0,16,0.5333333333333333,0.28046664595603943,1.089066478548101
BH_s19_medium,0,17,0.5666666666666667,1.45830500125885,1.031720967520664
BH_s19_medium,0,18,0.6,2.3092238903045654,0.9103834441733356
BH_s19_medium,0,19,0.6333333333333333,2.278381586074829,0.7400127536419704
BH_s19_medium,0,20,0.6666666666666666,1.7774927616119385,0.5334539735504245
BH_s19_medium,0,21,0.7,1.2030463218688965,0.29979564396714353
BH_s19_medium,0,22,0.7333333333333333,0.8338010311126709,0.04444034864128467
BH_s19_medium,0,23,0.7666666666666667,0.5693454742431641,-0.22869271520239123
BH_s19_medium,0,24,0.8,0.46416622400283813,-0.5127986306972157
BH_s19_medium,0,25,0.8333333333333334,0.40948486328125,-0.792683181424425
BH_s19_medium,0,26,0.8666666666666667,0.40948486328125,-1.0410104563345528
BH_s19_medium,0,27,0.9,0.2595493793487549,-1.21987134661367
BH_s19_medium,0,28,0.9333333333333333,0.03605615347623825,-1.2891412673551217
BH_s19_medium,0,29,0.9666666666666667,-0.2664908766746521,-1.219288262940178
BH_s19_medium,0,30,1.0,-0.4922706186771393,-1.0032821301167343
BH_s19_medium,0,31,1.0333333333333334,-0.6517416834831238,-0.6621208047024548
BH_s19_medium,0,32,1.0666666666666667,-0.7203368544578552,-0.24152065526795372
BH_s19_medium,0,33,1.1,-0.7388237118721008,0.19873043125023573
BH_s19_medium,0,34,1.1333333333333333,-0.7704452276229858,0.5988247789533582
BH_s19_medium,0,35,1.1666666666666667,-0.793505072593689,0.9118504037452367
BH_s19_medium,0,36,1.2,-0.8205535411834717,1.111661415431813
BH_s19_medium,0,37,1.2333333333333334,-0.872948408126831,1.1937024017951363
BH_s19_medium,0,38,1.2666666666666666,-0.7807599306106567,1.1697147526225127
BH_s19_medium,0,39,1.3,-0.19454221427440643,1.0597524701258496
BH_s19_medium,0,40,1.3333333333333333,0.8798190355300903,0.885503544417453
BH_s19_medium,0,41,1.3666666666666667,1.9795775413513184,0.6672162462435746
BH_s19_medium,0,42,1.4,2.296673536300659,0.42364159804848317
BH_s19_medium,0,43,1.4333333333333333,1.8853480815887451,0.17255204986620615
BH_s19_medium,0,44,1.4666666666666666,1.3499670028686523,-0.0700178875282881
BH_s19_medium,0,45,1.5,0.8757373094558716,-0.29172016886139357
BH_s19_medium,0,46,1.5333333333333334,0.5651620626449585,-0.4855380828536792
BH_s19_medium,0,47,1.5666666666666667,0.35480350255966187,-0.6495351645066392
BH_s19_medium,0,48,1.6,0.35480350255966187,-0.7841226025232948
BH_s19_medium,0,49,1.6333333333333333,0.35480350255966187,-0.8877482565660014
BH_s19_medium,0,50,1.6666666666666667,0.25040337443351746,-0.9530771157576506
BH_s19_medium,0,51,1.7,0.08864578604698181,-0.965884292223451
BH_s19_medium,0,52,1.7333333333333334,-0.17293892800807953,-0.9078261118791406
BH_s19_medium,0,53,1.7666666666666666,-0.4417727291584015,-0.7625434572740324
BH_s19_medium,0,54,1.8,-0.601243793964386,-0.5230855218211123
BH_s19_medium,0,55,1.8333333333333333,-0.6841423511505127,-0.1981679391035393
BH_s19_medium,0,56,1.8666666666666667,-0.7388237118721008,0.1846636779657908
BH_s19_medium,0,57,1.9,-0.7388237118721008,0.5802625897807734
BH_s19_medium,0,58,1.9333333333333333,-0.7388237118721008,0.9325367691676322
BH_s19_medium,0,59,1.9666666666666666,-0.7679639458656311,1.1863764237631433
BH_s19_medium,0,60,2.0,-0.8203588128089905,1.301889817055875
BH_s19_medium,0,61,2.033333333333333,-0.8481864333152771,1.2655886440669395
BH_s19_medium,0,62,2.066666666666667,-0.5504580140113831,1.09357206364823
BH_s19_medium,0,63,2.1,0.30133306980133057,0.8251078216814269
BH_s19_medium,0,64,2.1333333333333333,1.4437559843063354,0.5094610277613126
BH_s19_medium,0,65,2.1666666666666665,2.120028257369995,0.19155681768662225
BH_s19_medium,0,66,2.2,1.942705512046814,-0.0984949193705026
BH_s19_medium,0,67,2.2333333333333334,1.3833415508270264,-0.34941695278987583
BH_s19_medium,0,68,2.2666666666666666,0.8126890063285828,-0.5659632425361016
BH_s19_medium,0,69,2.3,0.39693450927734375,-0.7607222624260646
BH_s19_medium,0,70,2.3333333333333335,0.24145211279392242,-0.9436088902798143
BH_s19_medium,0,71,2.3666666666666667,0.19246160984039307,-1.1130634494077567
BH_s19_medium,0,72,2.4,0.2995378077030182,-1.2524289169167868
BH_s19_medium,0,73,2.433333333333333,0.24831163883209229,-1.3329761988129845
BH_s19_medium,0,74,2.466666666666667,0.09171140938997269,-1.3223817330663663
BH_s19_medium,0,75,2.5,-0.11499716341495514,-1.195418491720494
BH_s19_medium,0,76,2.533333333333333,-0.3912748098373413,-0.9431495804402866
BH_s19_medium,0,77,2.566666666666667,-0.6054272651672363,-0.5778970702126973
BH_s19_medium,0,78,2.6,-0.6841423511505127,-0.13290354596593074
BH_s19_medium,0,79,2.6333333333333333,-0.7388237118721008,0.3429836322803448
BH_s19_medium,0,80,2.6666666666666665,-0.7030187249183655,0.7944121109018146
BH_s19_medium,0,81,2.7,-0.6841423511505127,1.1702523343603943
BH_s19_medium,0,82,2.7333333333333334,-0.6294609904289246,1.4326546143032943
BH_s19_medium,0,83,2.7666666666666666,-0.6294609904289246,1.5615387802433134
BH_s19_medium,0,84,2.8,-0.6841423511505127,1.554319326911581
BH_s19_medium,0,85,2.8333333333333335,-0.6900787949562073,1.4230093469192422
BH_s19_medium,0,86,2.8666666666666667,-0.2119620442390442,1.1904912189441295
BH_s19_medium,0,87,2.9,0.7913227677345276,0.8862696405293142
BH_s19_medium,0,88,2.933333333333333,1.916622281074524,0.5417860804415404
BH_s19_medium,0,89,2.966666666666667,2.417468786239624,0.18607221980375444
BH_s19_medium,0,90,3.0,2.081648826599121,-0.15716020959553675
BH_s19_medium,0,91,3.033333333333333,1.4498450756072998,-0.47019795355116567
BH_s19_medium,0,92,3.066666666666667,0.9311977624893188,-0.7396421146038918
BH_s19_medium,0,93,3.1,0.6160495281219482,-0.9532570111630371
BH_s19_medium,0,94,3.1333333333333333,0.46037232875823975,-1.0973518218555929
BH_s19_medium,0,95,3.1666666666666665,0.40948486328125,-1.156873458302419
BH_s19_medium,0,96,3.2,0.40948486328125,-1.1190556220153374
BH_s19_medium,0,97,3.2333333333333334,0.3031877875328064,-0.9794713825704271
BH_s19_medium,0,98,3.2666666666666666,0.14678232371807098,-0.7479217298136387
BH_s19_medium,0,99,3.3,-0.1144128292798996,-0.451230782318224
BH_s19_medium,0,100,3.3333333333333335,-0.39088526368141174,-0.13071619806580015
BH_s19_medium,0,101,3.3666666666666667,-0.562567949295044,0.1661585018335867
BH_s19_medium,0,102,3.4,-0.6696441769599915,0.39798936765452514
BH_s19_medium,0,103,3.433333333333333,-0.7220390439033508,0.541230705479452
BH_s19_medium,0,104,3.466666666666667,-0.7388237118721008,0.5964441344678452
BH_s19_medium,0,105,3.5,-0.7388237118721008,0.5857176965799327
BH_s19_medium,0,106,3.533333333333333,-0.7388237118721008,0.5423106334986262
BH_s19_medium,0,107,3.566666666666667,-0.793505072593689,0.4974490863925959
BH_s19_medium,0,108,3.6,-0.8481864333152771,0.4698618912108474
BH_s19_medium,0,109,3.6333333333333333,-0.6484390497207642,0.46138415615910605
BH_s19_medium,0,110,3.6666666666666665,0.24562698602676392,0.4587996449210229
BH_s19_medium,0,111,3.7,1.4453564882278442,0.43995222506367515
BH_s19_medium,0,112,3.7333333333333334,2.337923765182495,0.38177734579168404
BH_s19_medium,0,113,3.7666666666666666,2.3725686073303223,0.26833549739482054
BH_s19_medium,0,114,3.8,1.8640921115875244,0.09707852313238619
BH_s19_medium,0,115,3.8333333333333335,1.2972334623336792,-0.11825157810018484
BH_s19_medium,0,116,3.8666666666666667,0.931782066822052,-0.3489192899225671
BH_s19_medium,0,117,3.9,0.6770060658454895,-0.5565472142664357
BH_s19_medium,0,118,3.933333333333333,0.5735289454460144,-0.70171497461115
BH_s19_medium,0,119,3.966666666666667,0.5735289454460144,-0.7542926272856687
BH_s19_medium,0,120,4.0,0.5198214650154114,-0.7029862700151635
BH_s19_medium,0,121,4.033333333333333,0.3613243103027344,-0.5609332812635551
BH_s19_medium,0,122,4.066666666666666,0.09249052405357361,-0.3646953571820964
BH_s19_medium,0,123,4.1,-0.1685098558664322,-0.16560747953879804
BH_s19_medium,0,124,4.133333333333334,-0.4451770484447479,-0.014773236913994583
BH_s19_medium,0,125,4.166666666666667,-0.6170545220375061,0.05409548402319843
BH_s19_medium,0,126,4.2,-0.7241307497024536,0.03734452833473949
BH_s19_medium,0,127,4.233333333333333,-0.793505072593689,-0.03648532434317554
BH_s19_medium,0,128,4.266666666666667,-0.8289204835891724,-0.11641859222159766
BH_s19_medium,0,129,4.3,-0.8481864333152771,-0.1466938344702836
BH_s19_medium,0,130,4.333333333333333,-0.8481864333152771,-0.08587271158104487
BH_s19_medium,0,131,4.366666666666666,-0.8767423033714294,0.07856660792562553
BH_s19_medium,0,132,4.4,-0.983818531036377,0.3244550205826745
BH_s19_medium,0,133,4.433333333333334,-0.9402818083763123,0.5999087343347929
BH_s19_medium,0,134,4.466666666666667,-0.3248308002948761,0.8378882341911251
BH_s19_medium,0,135,4.5,0.7517661452293396,0.9757299203126045
BH_s19_medium,0,136,4.533333333333333,1.8588244915008545,0.9725652388676621
BH_s19_medium,0,137,4.566666666666666,2.2389774322509766,0.8183157875745275
BH_s19_medium,0,138,4.6,1.8652608394622803,0.5325014356355606
BH_s19_medium,0,139,4.633333333333334,1.2330673933029175,0.15602497106235425
BH_s19_medium,0,140,4.666666666666667,0.7056636214256287,-0.2591599990833023
BH_s19_medium,0,141,4.7,0.39810317754745483,-0.658960086892711
BH_s19_medium,0,142,4.733333333333333,0.19075943529605865,-0.9935289125633335
BH_s19_medium,0,143,4.766666666666667,0.19075943529605865,-1.2218661253055285
BH_s19_medium,0,144,4.8,0.19075943529605865,-1.3158262387144621
BH_s19_medium,0,145,4.833333333333333,0.13953325152397156,-1.2639909335576514
BH_s19_medium,0,146,4.866666666666666,-0.06542231142520905,-1.0746162036046853
BH_s19_medium,0,147,4.9,-0.386650949716568,-0.7757854174879861
BH_s19_medium,0,148,4.933333333333334,-0.6531982421875,-0.4107692214892595
BH_s19_medium,0,149,4.966666666666667,-0.8355852365493774,-0.02841414919445651
BH_s19_medium,0,150,5.0,-0.9426614046096802,0.3282822989839249
BH_s19_medium,0,151,5.033333333333333,-0.9575491547584534,0.6303719879907562
BH_s19_medium,0,152,5.066666666666666,-0.9927697777748108,0.8646637350825465
BH_s19_medium,0,153,5.1,-1.0122305154800415,1.0294442490278168
BH_s19_medium,0,154,5.133333333333334,-0.9881967902183533,1.127551694901523
BH_s19_medium,0,155,5.166666666666667,-1.0122305154800415,1.160795927050623
BH_s19_medium,0,156,5.2,-1.0669118165969849,1.128354061213866
BH_s19_medium,0,157,5.233333333333333,-1.1215932369232178,1.0291254486917667
BH_s19_medium,0,158,5.266666666666667,-0.8832208514213562,0.8654924761155462
BH_s19_medium,0,159,5.3,0.00014090866898186505,0.6453993162544283
BH_s19_medium,0,160,5.333333333333333,1.1802657842636108,0.3816709734760509
BH_s19_medium,0,161,5.366666666666666,1.9698470830917358,0.0898711570668472
BH_s19_medium,0,162,5.4,1.8787850141525269,-0.213492584042721
BH_s19_medium,0,163,5.433333333333334,1.2786535024642944,-0.5115984492564372
BH_s19_medium,0,164,5.466666666666667,0.6439788341522217,-0.7869984912743063
BH_s19_medium,0,165,5.5,0.17976731061935425,-1.0210770449929922
BH_s19_medium,0,166,5.533333333333333,0.02671535313129425,-1.1940170397266754
BH_s19_medium,0,167,5.566666666666666,0.027638405561447144,-1.2859050663722376
BH_s19_medium,0,168,5.6,0.08139671385288239,-1.2794854382250394
BH_s19_medium,0,169,5.633333333333334,0.13607807457447052,-1.1645251447354887
BH_s19_medium,0,170,5.666666666666667,0.03265181556344032,-0.9425946747390771
BH_s19_medium,0,171,5.7,-0.22202253341674805,-0.6300434793195896
BH_s19_medium,0,172,5.733333333333333,-0.49907928705215454,-0.2570661969087228
BH_s19_medium,0,173,5.766666666666667,-0.7260277271270752,0.137508348955809
BH_s19_medium,0,174,5.8,-0.8877853155136108,0.513532538870501
BH_s19_medium,0,175,5.833333333333333,-0.9575491547584534,0.8357871727158598
BH_s19_medium,0,176,5.866666666666666,-0.9575491547584534,1.07767650162531
BH_s19_medium,0,177,5.9,-0.9575491547584534,1.2229468745522438
BH_s19_medium,0,178,5.933333333333334,-0.9575491547584534,1.2660871386289343
BH_s19_medium,0,179,5.966666666666667,-1.0122305154800415,1.211196319095551
BH_s19_medium,0,180,6.0,-1.0669118165969849,1.069183383433594
BH_s19_medium,0,181,6.033333333333333,-0.8631758093833923,0.8541310426302471
BH_s19_medium,0,182,6.066666666666666,-0.10961136966943741,0.5804157810407502
BH_s19_medium,0,183,6.1,0.9277762174606323,0.2619986544763131
BH_s19_medium,0,184,6.133333333333334,1.7173576354980469,-0.08587015257581085
BH_s19_medium,0,185,6.166666666666667,1.704282283782959,-0.44377892428141696
BH_s19_medium,0,186,6.2,1.1020591259002686,-0.7862251411766934
BH_s19_medium,0,187,6.233333333333333,0.4694761037826538,-1.0823497683185972
BH_s19_medium,0,188,6.266666666666667,0.058633338660001755,-1.2996037301235448
BH_s19_medium,0,189,6.3,-0.14263001084327698,-1.4093399854005733
BH_s19_medium,0,190,6.333333333333333,-0.13129916787147522,-1.3930495097957252
BH_s19_medium,0,191,6.366666666666666,0.027443626895546913,-1.2478378541310844
BH_s19_medium,0,192,6.4,0.08139671385288239,-0.989108440073593
BH_s19_medium,0,193,6.433333333333334,-0.02027653343975544,-0.6485352980721499
BH_s19_medium,0,194,6.466666666666667,-0.2829790711402893,-0.26731839961079196
BH_s19_medium,0,195,6.5,-0.5495263934135437,0.11284651736438285
BH_s19_medium,0,196,6.533333333333333,-0.728119432926178,0.45757388563081375
BH_s19_medium,0,197,6.566666666666666,-0.8481864333152771,0.7436905337746067
BH_s19_medium,0,198,6.6,-0.9028677940368652,0.958690120648066
BH_s19_medium,0,199,6.633333333333334,-0.9028677940368652,1.0974705897144132
BH_s19_medium,0,200,6.666666666666667,-0.9028677940368652,1.1592180174770277
BH_s19_medium,0,201,6.7,-0.9028677940368652,1.146382480105984
BH_s19_medium,0,202,6.733333333333333,-0.9331258535385132,1.0652156146322092
BH_s19_medium,0,203,6.766666666666667,-0.9295775890350342,0.9257056701831883
BH_s19_medium,0,204,6.8,-0.44966554641723633,0.739672843993908
BH_s19_medium,0,205,6.833333333333333,0.5028249025344849,0.5179958806406068
BH_s19_medium,0,206,6.866666666666666,1.6384391784667969,0.2691400117223996
BH_s19_medium,0,207,6.9,2.2139697074890137,0.0004321035142591922
BH_s19_medium,0,208,6.933333333333334,1.9506914615631104,-0.27848542236914725
BH_s19_medium,0,209,6.966666666666667,1.3629155158996582,-0.5521549610600645
BH_s19_medium,0,210,7.0,0.7990716695785522,-0.7977745941340626
BH_s19_medium,0,211,7.033333333333333,0.4351276755332947,-0.9865277784384895
BH_s19_medium,0,212,7.066666666666666,0.2454407960176468,-1.0877537276143472
BH_s19_medium,0,213,7.1,0.25054728984832764,-1.0755248615242732
BH_s19_medium,0,214,7.133333333333334,0.30012214183807373,-0.9367928884560804
BH_s19_medium,0,215,7.166666666666667,0.24490730464458466,-0.6791999968518666
BH_s19_medium,0,216,7.2,0.08490273356437683,-0.3351635566502979
BH_s19_medium,0,217,7.233333333333333,-0.17989154160022736,0.04124270157938696
BH_s19_medium,0,218,7.266666666666667,-0.44643881916999817,0.3855390882656676
BH_s19_medium,0,219,7.3,-0.6208484172821045,0.6393565378962273
BH_s19_medium,0,220,7.333333333333333,-0.727924644947052,0.7666294556894717
BH_s19_medium,0,221,7.366666666666666,-0.7388237118721008,0.7633993853123758
BH_s19_medium,0,222,7.4,-0.7388237118721008,0.6571196949472017
BH_s19_medium,0,223,7.433333333333334,-0.7757465243339539,0.4953273041974305
BH_s19_medium,0,224,7.466666666666667,-0.793505072593689,0.32814324606032735
BH_s19_medium,0,225,7.5,-0.8258548378944397,0.19179035188031673
BH_s19_medium,0,226,7.533333333333333,-0.5885072350502014,0.09945997849548198
BH_s19_medium,0,227,7.566666666666666,0.222025066614151,0.04215027923113937
BH_s19_medium,0,228,7.6,1.3205640316009521,-0.0023352770539444736
BH_s19_medium,0,229,7.633333333333334,2.088059425354004,-0.05713216810248236
BH_s19_medium,0,230,7.666666666666667,2.0756192207336426,-0.13620564153381123
BH_s19_medium,0,231,7.7,1.5740023851394653,-0.23973797245056522
BH_s19_medium,0,232,7.733333333333333,1.0549654960632324,-0.3551021122081254
BH_s19_medium,0,233,7.766666666666667,0.6547761559486389,-0.46132699181854686
BH_s19_medium,0,234,7.8,0.4406237304210663,-0.5350291448903018
BH_s19_medium,0,235,7.833333333333333,0.30012214183807373,-0.5566256409237742
BH_s19_medium,0,236,7.866666666666666,0.30012214183807373,-0.5155987703544338
BH_s19_medium,0,237,7.9,0.29521042108535767,-0.4133171801705512
BH_s19_medium,0,238,7.933333333333334,0.13345284759998322,-0.2626282453411874
BH_s19_medium,0,239,7.966666666666667,-0.08332479745149612,-0.08479981806982949
BH_s19_medium,1,0,1.0,-0.4922706186771393,-0.05839537271906145
BH_s19_medium,1,1,1.0333333333333334,-0.6517416834831238,0.1722346664499034
BH_s19_medium,1,2,1.0666666666666667,-0.7203368544578552,0.38857508116964823
BH_s19_medium,1,3,1.1,-0.7388237118721008,0.5739969471835766
BH_s19_medium,1,4,1.1333333333333333,-0.7704452276229858,0.7114459977224689
BH_s19_medium,1,5,1.1666666666666667,-0.793505072593689,0.7867857695824024
BH_s19_medium,1,6,1.2,-0.8205535411834717,0.7935705443382235
BH_s19_medium,1,7,1.2333333333333334,-0.872948408126831,0.736809728264456
BH_s19_medium,1,8,1.2666666666666666,-0.7807599306106567,0.6328356998698065
BH_s19_medium,1,9,1.3,-0.19454221427440643,0.5041637468131228
BH_s19_medium,1,10,1.3333333333333333,0.8798190355300903,0.3719625899781174
BH_s19_medium,1,11,1.3666666666666667,1.9795775413513184,0.2506818631711664
BH_s19_medium,1,12,1.4,2.296673536300659,0.14701886582323107
BH_s19_medium,1,13,1.4333333333333333,1.8853480815887451,0.06180158364423074
BH_s19_medium,1,14,1.4666666666666666,1.3499670028686523,-0.007632712219092593
BH_s19_medium,1,15,1.5,0.8757373094558716,-0.06575372204283017
BH_s19_medium,1,16,1.5333333333333334,0.5651620626449585,-0.1177491320461115
BH_s19_medium,1,17,1.5666666666666667,0.35480350255966187,-0.16838682133545307
BH_s19_medium,1,18,1.6,0.35480350255966187,-0.22031329356268176
BH_s19_medium,1,19,1.6333333333333333,0.35480350255966187,-0.2719855306410951
BH_s19_medium,1,20,1.6666666666666667,0.25040337443351746,-0.31634308592131327
BH_s19_medium,1,21,1.7,0.08864578604698181,-0.3415623262005169
BH_s19_medium,1,22,1.7333333333333334,-0.17293892800807953,-0.3343060946997809
BH_s19_medium,1,23,1.7666666666666666,-0.4417727291584015,-0.28442383865711973
BH_s19_medium,1,24,1.8,-0.601243793964386,-0.18914122611224835
BH_s19_medium,1,25,1.8333333333333333,-0.6841423511505127,-0.055052166004269217
BH_s19_medium,1,26,1.8666666666666667,-0.7388237118721008,0.1025189029042177
BH_s19_medium,1,27,1.9,-0.7388237118721008,0.26215657717668944
BH_s19_medium,1,28,1.9333333333333333,-0.7388237118721008,0.4002951046113434
BH_s19_medium,1,29,1.9666666666666666,-0.7679639458656311,0.49591642176286405
BH_s19_medium,1,30,2.0,-0.8203588128089905,0.5350157317478963
BH_s19_medium,1,31,2.033333333333333,-0.8481864333152771,0.5133707225231604
BH_s19_medium,1,32,2.066666666666667,-0.5504580140113831,0.43652758773627
BH_s19_medium,1,33,2.1,0.30133306980133057,0.3170578279247393
BH_s19_medium,1,34,2.1333333333333333,1.4437559843063354,0.17031548316928333
BH_s19_medium,1,35,2.1666666666666665,2.120028257369995,0.010345172077047207
BH_s19_medium,1,36,2.2,1.942705512046814,-0.15294413486609937
BH_s19_medium,1,37,2.2333333333333334,1.3833415508270264,-0.3149078300971217
BH_s19_medium,1,38,2.2666666666666666,0.8126890063285828,-0.475321632290944
BH_s19_medium,1,39,2.3,0.39693450927734375,-0.6354311096218714
BH_s19_medium,1,40,2.3333333333333335,0.24145211279392242,-0.7935257820026298
BH_s19_medium,1,41,2.3666666666666667,0.19246160984039307,-0.9406950062649957
BH_s19_medium,1,42,2.4,0.2995378077030182,-1.0588858290925747
BH_s19_medium,1,43,2.433333333333333,0.24831163883209229,-1.1227537901467708
BH_s19_medium,1,44,2.466666666666667,0.09171140938997269,-1.1052141341237849
BH_s19_medium,1,45,2.5,-0.11499716341495514,-0.9850077437689498
BH_s19_medium,1,46,2.533333333333333,-0.3912748098373413,-0.7539224595769313
BH_s19_medium,1,47,2.566666666666667,-0.6054272651672363,-0.42165546954160765
BH_s19_medium,1,48,2.6,-0.6841423511505127,-0.017112525272585
BH_s19_medium,1,49,2.6333333333333333,-0.7388237118721008,0.4145852643528485
BH_s19_medium,1,50,2.6666666666666665,-0.7030187249183655,0.8199209418640777
BH_s19_medium,1,51,2.7,-0.6841423511505127,1.14865782171077
BH_s19_medium,1,52,2.7333333333333334,-0.6294609904289246,1.365364902829825
BH_s19_medium,1,53,2.7666666666666666,-0.6294609904289246,1.455657060121616
BH_s19_medium,1,54,2.8,-0.6841423511505127,1.4251395033970562
BH_s19_medium,1,55,2.8333333333333335,-0.6900787949562073,1.2932522269307059
BH_s19_medium,1,56,2.8666666666666667,-0.2119620442390442,1.085608121476502
BH_s19_medium,1,57,2.9,0.7913227677345276,0.8274447826373824
BH_s19_medium,1,58,2.933333333333333,1.916622281074524,0.5396102268838208
BH_s19_medium,1,59,2.966666666666667,2.417468786239624,0.23766731094584773
BH_s19_medium,1,60,3.0,2.081648826599121,-0.06611728226150408
BH_s19_medium,1,61,3.033333333333333,1.4498450756072998,-0.35913850977724004
BH_s19_medium,1,62,3.066666666666667,0.9311977624893188,-0.6252954112944646
BH_s19_medium,1,63,3.1,0.6160495281219482,-0.8442654052591724
BH_s19_medium,1,64,3.1333333333333333,0.46037232875823975,-0.9936857679663653
BH_s19_medium,1,65,3.1666666666666665,0.40948486328125,-1.0533889059823085
BH_s19_medium,1,66,3.2,0.40948486328125,-1.0107506969996636
BH_s19_medium,1,67,3.2333333333333334,0.3031877875328064,-0.866171598715748
BH_s19_medium,1,68,3.2666666666666666,0.14678232371807098,-0.6367056616109192
BH_s19_medium,1,69,3.3,-0.1144128292798996,-0.35541030100458754
BH_s19_medium,1,70,3.3333333333333335,-0.39088526368141174,-0.06554770455391126
BH_s19_medium,1,71,3.3666666666666667,-0.562567949295044,0.1889735095124769
BH_s19_medium,1,72,3.4,-0.6696441769599915,0.37428914108664824
BH_s19_medium,1,73,3.433333333333333,-0.7220390439033508,0.47522624932475915
BH_s19_medium,1,74,3.466666666666667,-0.7388237118721008,0.498455546429948
BH_s19_medium,1,75,3.5,-0.7388237118721008,0.46812631272607913
BH_s19_medium,1,76,3.533333333333333,-0.7388237118721008,0.4156229195590374
BH_s19_medium,1,77,3.566666666666667,-0.793505072593689,0.3681680838011623
BH_s19_medium,1,78,3.6,-0.8481864333152771,0.3407919249533213
BH_s19_medium,1,79,3.6333333333333333,-0.6484390497207642,0.33352280455733047
BH_s19_medium,1,80,3.6666666666666665,0.24562698602676392,0.3330524295352197
BH_s19_medium,1,81,3.7,1.4453564882278442,0.3172963391740816
BH_s19_medium,1,82,3.7333333333333334,2.337923765182495,0.26208492131102823
BH_s19_medium,1,83,3.7666666666666666,2.3725686073303223,0.1494684160384481
BH_s19_medium,1,84,3.8,1.8640921115875244,-0.02445742031213722
BH_s19_medium,1,85,3.8333333333333335,1.2972334623336792,-0.24542256865950593
BH_s19_medium,1,86,3.8666666666666667,0.931782066822052,-0.4823003371893486
BH_s19_medium,1,87,3.9,0.6770060658454895,-0.6932175146419227
BH_s19_medium,1,88,3.933333333333333,0.5735289454460144,-0.8347765843446345
BH_s19_medium,1,89,3.966666666666667,0.5735289454460144,-0.8726397042858154
BH_s19_medium,1,90,4.0,0.5198214650154114,-0.7913592996350022
BH_s19_medium,1,91,4.033333333333333,0.3613243103027344,-0.6008279088379367
BH_s19_medium,1,92,4.066666666666666,0.09249052405357361,-0.3367905316926968
BH_s19_medium,1,93,4.1,-0.1685098558664322,-0.053706093668833325
BH_s19_medium,1,94,4.133333333333334,-0.4451770484447479,0.18995281935353212
BH_s19_medium,1,95,4.166666666666667,-0.6170545220375061,0.35048145402505365
BH_s19_medium,1,96,4.2,-0.7241307497024536,0.4143592393556003
BH_s19_medium,1,97,4.233333333333333,-0.793505072593689,0.40234941267035323
BH_s19_medium,1,98,4.266666666666667,-0.8289204835891724,0.3595655252693838
BH_s19_medium,1,99,4.3,-0.8481864333152771,0.336049754076775
BH_s19_medium,1,100,4.333333333333333,-0.8481864333152771,0.3664994975907582
BH_s19_medium,1,101,4.366666666666666,-0.8767423033714294,0.45709961759503576
BH_s19_medium,1,102,4.4,-0.983818531036377,0.5834294927801648
BH_s19_medium,1,103,4.433333333333334,-0.9402818083763123,0.6990176760883026
BH_s19_medium,1,104,4.466666666666667,-0.3248308002948761,0.7512945735008444
BH_s19_medium,1,105,4.5,0.7517661452293396,0.6996998722791219
BH_s19_medium,1,106,4.533333333333333,1.8588244915008545,0.5290950534251467
BH_s19_medium,1,107,4.566666666666666,2.2389774322509766,0.25304388934540156
BH_s19_medium,1,108,4.6,1.8652608394622803,-0.09291389918830573
BH_s19_medium,1,109,4.633333333333334,1.2330673933029175,-0.4626517775159212
BH_s19_medium,1,110,4.666666666666667,0.7056636214256287,-0.8097333098671399
BH_s19_medium,1,111,4.7,0.39810317754745483,-1.0938734684312665
BH_s19_medium,1,112,4.733333333333333,0.19075943529605865,-1.2839005385663245
BH_s19_medium,1,113,4.766666666666667,0.19075943529605865,-1.3589540087248937
BH_s19_medium,1,114,4.8,0.19075943529605865,-1.3095229378032291
BH_s19_medium,1,115,4.833333333333333,0.13953325152397156,-1.1388061673169094
BH_s19_medium,1,116,4.866666666666666,-0.06542231142520905,-0.8635623790058291
BH_s19_medium,1,117,4.9,-0.386650949716568,-0.5128757036662183
BH_s19_medium,1,118,4.933333333333334,-0.6531982421875,-0.12366669836314004
BH_s19_medium,1,119,4.966666666666667,-0.8355852365493774,0.2663914219217157
BH_s19_medium,1,120,5.0,-0.9426614046096802,0.6255559857669047
BH_s19_medium,1,121,5.033333333333333,-0.9575491547584534,0.9310015440433187
BH_s19_medium,1,122,5.066666666666666,-0.9927697777748108,1.1676114074595907
BH_s19_medium,1,123,5.1,-1.0122305154800415,1.325018970577212
BH_s19_medium,1,124,5.133333333333334,-0.9881967902183533,1.3955015522928123
BH_s19_medium,1,125,5.166666666666667,-1.0122305154800415,1.3737953494012207
BH_s19_medium,1,126,5.2,-1.0669118165969849,1.2588033956577982
BH_s19_medium,1,127,5.233333333333333,-1.1215932369232178,1.0563207073186698
BH_s19_medium,1,128,5.266666666666667,-0.8832208514213562,0.780817692326611
BH_s19_medium,1,129,5.3,0.00014090866898186505,0.4543770706147242
BH_s19_medium,1,130,5.333333333333333,1.1802657842636108,0.10290574982145324
BH_s19_medium,1,131,5.366666666666666,1.9698470830917358,-0.24819763050991214
BH_s19_medium,1,132,5.4,1.8787850141525269,-0.5767343910210828
BH_s19_medium,1,133,5.433333333333334,1.2786535024642944,-0.8641578150131777
BH_s19_medium,1,134,5.466666666666667,0.6439788341522217,-1.0947112929587166
BH_s19_medium,1,135,5.5,0.17976731061935425,-1.2546222332543646
BH_s19_medium,1,136,5.533333333333333,0.02671535313129425,-1.3320680715658058
BH_s19_medium,1,137,5.566666666666666,0.027638405561447144,-1.317821821145502
BH_s19_medium,1,138,5.6,0.08139671385288239,-1.2063926165976853
BH_s19_medium,1,139,5.633333333333334,0.13607807457447052,-0.9979340167007312
BH_s19_medium,1,140,5.666666666666667,0.03265181556344032,-0.7012926995233437
BH_s19_medium,1,141,5.7,-0.22202253341674805,-0.337301745162504
BH_s19_medium,1,142,5.733333333333333,-0.49907928705215454,0.06062931744819708
BH_s19_medium,1,143,5.766666666666667,-0.7260277271270752,0.4512348554623637
BH_s19_medium,1,144,5.8,-0.8877853155136108,0.7940380391803218
BH_s19_medium,1,145,5.833333333333333,-0.9575491547584534,1.0572978649352174
BH_s19_medium,1,146,5.866666666666666,-0.9575491547584534,1.2220332507458813
BH_s19_medium,1,147,5.9,-0.9575491547584534,1.282274146146131
BH_s19_medium,1,148,5.933333333333334,-0.9575491547584534,1.2430035967760593
BH_s19_medium,1,149,5.966666666666667,-1.0122305154800415,1.1167521375167615
BH_s19_medium,1,150,6.0,-1.0669118165969849,0.9194837123941305
BH_s19_medium,1,151,6.033333333333333,-0.8631758093833923,0.6667536730765045
BH_s19_medium,1,152,6.066666666666666,-0.10961136966943741,0.37150047172933964
BH_s19_medium,1,153,6.1,0.9277762174606323,0.04445148865594546
BH_s19_medium,1,154,6.133333333333334,1.7173576354980469,-0.3031877595123029
BH_s19_medium,1,155,6.166666666666667,1.704282283782959,-0.6563053372183009
BH_s19_medium,1,156,6.2,1.1020591259002686,-0.9933936578265176
BH_s19_medium,1,157,6.233333333333333,0.4694761037826538,-1.2860233102626293
BH_s19_medium,1,158,6.266666666666667,0.058633338660001755,-1.5006715712650909
BH_s19_medium,1,159,6.3,-0.14263001084327698,-1.603072473214868
BH_s19_medium,1,160,6.333333333333333,-0.13129916787147522,-1.565143069280003
BH_s19_medium,1,161,6.366666666666666,0.027443626895546913,-1.3736278965339932
BH_s19_medium,1,162,6.4,0.08139671385288239,-1.0377324293185142
BH_s19_medium,1,163,6.433333333333334,-0.02027653343975544,-0.5918369666666702
BH_s19_medium,1,164,6.466666666666667,-0.2829790711402893,-0.09056834135767615
BH_s19_medium,1,165,6.5,-0.5495263934135437,0.40312825752439857
BH_s19_medium,1,166,6.533333333333333,-0.728119432926178,0.8325448010859613
BH_s19_medium,1,167,6.566666666666666,-0.8481864333152771,1.1585073866074835
BH_s19_medium,1,168,6.6,-0.9028677940368652,1.3635550861370882
BH_s19_medium,1,169,6.633333333333334,-0.9028677940368652,1.4491595714180672
BH_s19_medium,1,170,6.666666666666667,-0.9028677940368652,1.4293579667564236
BH_s19_medium,1,171,6.7,-0.9028677940368652,1.3245918036226374
BH_s19_medium,1,172,6.733333333333333,-0.9331258535385132,1.1572861326919757
BH_s19_medium,1,173,6.766666666666667,-0.9295775890350342,0.9484622583837129
BH_s19_medium,1,174,6.8,-0.44966554641723633,0.7147117787344324
BH_s19_medium,1,175,6.833333333333333,0.5028249025344849,0.4661998082060429
BH_s19_medium,1,176,6.866666666666666,1.6384391784667969,0.20693058963165575
BH_s19_medium,1,177,6.9,2.2139697074890137,-0.06232698789591236
BH_s19_medium,1,178,6.933333333333334,1.9506914615631104,-0.3395713905995844
BH_s19_medium,1,179,6.966666666666667,1.3629155158996582,-0.6174709191866388
BH_s19_medium,1,180,7.0,0.7990716695785522,-0.8809274943791294
BH_s19_medium,1,181,7.033333333333333,0.4351276755332947,-1.1066406500515922
BH_s19_medium,1,182,7.066666666666666,0.2454407960176468,-1.2649018453483822
BH_s19_medium,1,183,7.1,0.25054728984832764,-1.3241359843749598
BH_s19_medium,1,184,7.133333333333334,0.30012214183807373,-1.258349088055525
BH_s19_medium,1,185,7.166666666666667,0.24490730464458466,-1.0563073506248855
BH_s19_medium,1,186,7.2,0.08490273356437683,-0.7295411625368192
BH_s19_medium,1,187,7.233333333333333,-0.17989154160022736,-0.31544225679432913
BH_s19_medium,1,188,7.266666666666667,-0.44643881916999817,0.1272161632860065
BH_s19_medium,1,189,7.3,-0.6208484172821045,0.5303861353386357
BH_s19_medium,1,190,7.333333333333333,-0.727924644947052,0.8334465618125457
BH_s19_medium,1,191,7.366666666666666,-0.7388237118721008,0.9990146234401518
BH_s19_medium,1,192,7.4,-0.7388237118721008,1.0217168635319338
BH_s19_medium,1,193,7.433333333333334,-0.7757465243339539,0.9260813122872537
BH_s19_medium,1,194,7.466666666666667,-0.793505072593689,0.7546429268001194
BH_s19_medium,1,195,7.5,-0.8258548378944397,0.5519108808962757
BH_s19_medium,1,196,7.533333333333333,-0.5885072350502014,0.35106469366370446
BH_s19_medium,1,197,7.566666666666666,0.222025066614151,0.16788976629025218
BH_s19_medium,1,198,7.6,1.3205640316009521,0.0023661946433941898
BH_s19_medium,1,199,7.633333333333334,2.088059425354004,-0.15495717968618192
BH_s19_medium,1,200,7.666666666666667,2.0756192207336426,-0.31547052967716566
BH_s19_medium,1,201,7.7,1.5740023851394653,-0.4863123304883684
BH_s19_medium,1,202,7.733333333333333,1.0549654960632324,-0.6661875861424482
BH_s19_medium,1,203,7.766666666666667,0.6547761559486389,-0.8431123401876778
BH_s19_medium,1,204,7.8,0.4406237304210663,-0.9944188144258446
BH_s19_medium,1,205,7.833333333333333,0.30012214183807373,-1.0897478088554566
BH_s19_medium,1,206,7.866666666666666,0.30012214183807373,-1.0970676090562133
BH_s19_medium,1,207,7.9,0.29521042108535767,-0.9907177089200673
BH_s19_medium,1,208,7.933333333333334,0.13345284759998322,-0.7599721620887843
BH_s19_medium,1,209,7.966666666666667,-0.08332479745149612,-0.4160392093845488
BH_s19_medium,1,210,8.0,-0.3502108156681061,0.005534495920657854
BH_s19_medium,1,211,8.033333333333333,-0.5663110017776489,0.44973318357841424
BH_s19_medium,1,212,8.066666666666666,-0.7257820963859558,0.8540833643832185
BH_s19_medium,1,213,8.1,-0.7846977710723877,1.1641337998849624
BH_s19_medium,1,214,8.133333333333333,-0.8370925784111023,1.3468974127022688
BH_s19_medium,1,215,8.166666666666666,-0.8481864333152771,1.3973175811065917
BH_s19_medium,1,216,8.2,-0.8481864333152771,1.3353462617446117
BH_s19_medium,1,217,8.233333333333333,-0.9028677940368652,1.1950547461536711
BH_s19_medium,1,218,8.266666666666667,-0.9575491547584534,1.0109075742325562
BH_s19_medium,1,219,8.3,-0.6327299475669861,0.8073855971030351
BH_s19_medium,1,220,8.333333333333334,0.24085061252117157,0.5954626332529726
BH_s19_medium,1,221,8.366666666666667,1.313899278640747,0.37546332044058206
BH_s19_medium,1,222,8.4,1.9364726543426514,0.1435284589544578
BH_s19_medium,1,223,8.433333333333334,1.848526954650879,-0.10133668372983833
BH_s19_medium,1,224,8.466666666666667,1.2901369333267212,-0.3519368773789068
BH_s19_medium,1,225,8.5,0.7731918096542358,-0.5907499596526534
BH_s19_medium,1,226,8.533333333333333,0.41571781039237976,-0.7917410039934581
BH_s19_medium,1,227,8.566666666666666,0.2315778285264969,-0.9259712620552395
BH_s19_medium,1,228,8.6,0.2023358941078186,-0.9695099090713153
BH_s19_medium,1,229,8.633333333333333,0.2454407960176468,-0.9110639873262225
BH_s19_medium,1,230,8.666666666666666,0.23843733966350555,-0.7566675296597484
BH_s19_medium,1,231,8.7,0.07196281850337982,-0.5297667797946212
BH_s19_medium,1,232,8.733333333333333,-0.14462006092071533,-0.2666879012856689
BH_s19_medium,1,233,8.766666666666667,-0.41102340817451477,-0.009269985522900247
BH_s19_medium,1,234,8.8,-0.6251758337020874,0.2024815494288194
BH_s19_medium,1,235,8.833333333333334,-0.7890759706497192,0.3358500725909685
BH_s19_medium,1,236,8.866666666666667,-0.8414708375930786,0.36976510817168484
BH_s19_medium,1,237,8.9,-0.8481864333152771,0.29962872609180047
BH_s19_medium,1,238,8.933333333333334,-0.9028677940368652,0.14124231558141992
BH_s19_medium,1,239,8.966666666666667,-0.9028677940368652,-0.07002061586912156
BH_s19_medium,2,0,2.0,-0.8203588128089905,-0.045380817541402205
BH_s19_medium,2,1,2.033333333333333,-0.8481864333152771,0.004956032714643996
BH_s19_medium,2,2,2.066666666666667,-0.5504580140113831,0.026645979426973047
BH_s19_medium,2,3,2.1,0.30133306980133057,-0.0012730892196483675
BH_s19_medium,2,4,2.1333333333333333,1.4437559843063354,-0.08726509583638263
BH_s19_medium,2,5,2.1666666666666665,2.120028257369995,-0.22641021252668983
BH_s19_medium,2,6,2.2,1.942705512046814,-0.40356751495618026
BH_s19_medium,2,7,2.2333333333333334,1.3833415508270264,-0.5988795972784098
BH_s19_medium,2,8,2.2666666666666666,0.8126890063285828,-0.7932282194176927
BH_s19_medium,2,9,2.3,0.39693450927734375,-0.9716100066150861
BH_s19_medium,2,10,2.3333333333333335,0.24145211279392242,-1.1234479436404348
BH_s19_medium,2,11,2.3666666666666667,0.19246160984039307,-1.2402488976570607
BH_s19_medium,2,12,2.4,0.2995378077030182,-1.3122948343408247
BH_s19_medium,2,13,2.433333333333333,0.24831163883209229,-1.3265062292944294
BH_s19_medium,2,14,2.466666666666667,0.09171140938997269,-1.2669389459076787
BH_s19_medium,2,15,2.5,-0.11499716341495514,-1.1182060056195229
BH_s19_medium,2,16,2.533333333333333,-0.3912748098373413,-0.8711495604049032
BH_s19_medium,2,17,2.566666666666667,-0.6054272651672363,-0.5292317982861952
BH_s19_medium,2,18,2.6,-0.6841423511505127,-0.11322466062121928
BH_s19_medium,2,19,2.6333333333333333,-0.7388237118721008,0.3385792566457367
BH_s19_medium,2,20,2.6666666666666665,-0.7030187249183655,0.7764237746445388
BH_s19_medium,2,21,2.7,-0.6841423511505127,1.1504570797165794
BH_s19_medium,2,22,2.7333333333333334,-0.6294609904289246,1.4230118377884877
BH_s19_medium,2,23,2.7666666666666666,-0.6294609904289246,1.576276712040497
BH_s19_medium,2,24,2.8,-0.6841423511505127,1.612636823582398
BH_s19_medium,2,25,2.8333333333333335,-0.6900787949562073,1.5489884475553979
BH_s19_medium,2,26,2.8666666666666667,-0.2119620442390442,1.408326252862768
BH_s19_medium,2,27,2.9,0.7913227677345276,1.2119042389957857
BH_s19_medium,2,28,2.933333333333333,1.916622281074524,0.9746014623591363
BH_s19_medium,2,29,2.966666666666667,2.417468786239624,0.704880065186449
BH_s19_medium,2,30,3.0,2.081648826599121,0.4087775470836688
BH_s19_medium,2,31,3.033333333333333,1.4498450756072998,0.09555420268873589
BH_s19_medium,2,32,3.066666666666667,0.9311977624893188,-0.21807556817615975
BH_s19_medium,2,33,3.1,0.6160495281219482,-0.507467310223517
BH_s19_medium,2,34,3.1333333333333333,0.46037232875823975,-0.7439093391770444
BH_s19_medium,2,35,3.1666666666666665,0.40948486328125,-0.9015035850399915
BH_s19_medium,2,36,3.2,0.40948486328125,-0.9645290639556551
BH_s19_medium,2,37,3.2333333333333334,0.3031877875328064,-0.9325530678373122
BH_s19_medium,2,38,3.2666666666666666,0.14678232371807098,-0.8213468476959384
BH_s19_medium,2,39,3.3,-0.1144128292798996,-0.6593031882743507
BH_s19_medium,2,40,3.3333333333333335,-0.39088526368141174,-0.48085395979782464
BH_s19_medium,2,41,3.3666666666666667,-0.562567949295044,-0.3188759574857112
BH_s19_medium,2,42,3.4,-0.6696441769599915,-0.19704936073383916
BH_s19_medium,2,43,3.433333333333333,-0.7220390439033508,-0.12317737857390622
BH_s19_medium,2,44,3.466666666666667,-0.7388237118721008,-0.08663311106595735
BH_s19_medium,2,45,3.5,-0.7388237118721008,-0.06326545729316503
BH_s19_medium,2,46,3.533333333333333,-0.7388237118721008,-0.026517180030338074
BH_s19_medium,2,47,3.566666666666667,-0.793505072593689,0.041210292518173194
BH_s19_medium,2,48,3.6,-0.8481864333152771,0.14253728045580014
BH_s19_medium,2,49,3.6333333333333333,-0.6484390497207642,0.26575422541182114
BH_s19_medium,2,50,3.6666666666666665,0.24562698602676392,0.3895588901846471
BH_s19_medium,2,51,3.7,1.4453564882278442,0.48853960495902576
BH_s19_medium,2,52,3.7333333333333334,2.337923765182495,0.5382446147536464
BH_s19_medium,2,53,3.7666666666666666,2.3725686073303223,0.5204184047460865
BH_s19_medium,2,54,3.8,1.8640921115875244,0.42795803792522386
BH_s19_medium,2,55,3.8333333333333335,1.2972334623336792,0.26781588753125757
BH_s19_medium,2,56,3.8666666666666667,0.931782066822052,0.061046590819059096
BH_s19_medium,2,57,3.9,0.6770060658454895,-0.15951995625283624
BH_s19_medium,2,58,3.933333333333333,0.5735289454460144,-0.35415860456551235
BH_s19_medium,2,59,3.966666666666667,0.5735289454460144,-0.4845775971256936
BH_s19_medium,2,60,4.0,0.5198214650154114,-0.5249697883797737
BH_s19_medium,2,61,4.033333333333333,0.3613243103027344,-0.47210471183782715
BH_s19_medium,2,62,4.066666666666666,0.09249052405357361,-0.34913883665394796
BH_s19_medium,2,63,4.1,-0.1685098558664322,-0.19929448941834504
BH_s19_medium,2,64,4.133333333333334,-0.4451770484447479,-0.07010569475722944
BH_s19_medium,2,65,4.166666666666667,-0.6170545220375061,0.005686937409865083
BH_s19_medium,2,66,4.2,-0.7241307497024536,0.023542809784979524
BH_s19_medium,2,67,4.233333333333333,-0.793505072593689,0.007854770118888472
BH_s19_medium,2,68,4.266666666666667,-0.8289204835891724,-0.0002300126150525739
BH_s19_medium,2,69,4.3,-0.8481864333152771,0.03851697992734386
BH_s19_medium,2,70,4.333333333333333,-0.8481864333152771,0.14471400861962866
BH_s19_medium,2,71,4.366666666666666,-0.8767423033714294,0.3117406476268744
BH_s19_medium,2,72,4.4,-0.983818531036377,0.5071250677526457
BH_s19_medium,2,73,4.433333333333334,-0.9402818083763123,0.682337502967173
BH_s19_medium,2,74,4.466666666666667,-0.3248308002948761,0.7873777915571905
BH_s19_medium,2,75,4.5,0.7517661452293396,0.7855301891390644
BH_s19_medium,2,76,4.533333333333333,1.8588244915008545,0.6632711879651043
BH_s19_medium,2,77,4.566666666666666,2.2389774322509766,0.43194968763974995
BH_s19_medium,2,78,4.6,1.8652608394622803,0.12193406060751143
BH_s19_medium,2,79,4.633333333333334,1.2330673933029175,-0.2265605118177898
BH_s19_medium,2,80,4.666666666666667,0.7056636214256287,-0.571616565592696
BH_s19_medium,2,81,4.7,0.39810317754745483,-0.8747331283239087
BH_s19_medium,2,82,4.733333333333333,0.19075943529605865,-1.1033134005581893
BH_s19_medium,2,83,4.766666666666667,0.19075943529605865,-1.232090423384583
BH_s19_medium,2,84,4.8,0.19075943529605865,-1.2448797262591398
BH_s19_medium,2,85,4.833333333333333,0.13953325152397156,-1.1369700823028905
BH_s19_medium,2,86,4.866666666666666,-0.06542231142520905,-0.9172356910202413
BH_s19_medium,2,87,4.9,-0.386650949716568,-0.6083550007811016
BH_s19_medium,2,88,4.933333333333334,-0.6531982421875,-0.24383426161764352
BH_s19_medium,2,89,4.966666666666667,-0.8355852365493774,0.137943751613891
BH_s19_medium,2,90,5.0,-0.9426614046096802,0.5004195824285884
BH_s19_medium,2,91,5.033333333333333,-0.9575491547584534,0.8135219288420074
BH_s19_medium,2,92,5.066666666666666,-0.9927697777748108,1.0552927221292803
BH_s19_medium,2,93,5.1,-1.0122305154800415,1.2115686094611695
BH_s19_medium,2,94,5.133333333333334,-0.9881967902183533,1.2751633530581592
BH_s19_medium,2,95,5.166666666666667,-1.0122305154800415,1.2452903111390368
BH_s19_medium,2,96,5.2,-1.0669118165969849,1.127531092710224
BH_s19_medium,2,97,5.233333333333333,-1.1215932369232178,0.9340844296446597
BH_s19_medium,2,98,5.266666666666667,-0.8832208514213562,0.6830136569178075
BH_s19_medium,2,99,5.3,0.00014090866898186505,0.395356995430506
BH_s19_medium,2,100,5.333333333333333,1.1802657842636108,0.09106544917927561
BH_s19_medium,2,101,5.366666666666666,1.9698470830917358,-0.21364585960767488
BH_s19_medium,2,102,5.4,1.8787850141525269,-0.506009241738946
BH_s19_medium,2,103,5.433333333333334,1.2786535024642944,-0.7742825246864791
BH_s19_medium,2,104,5.466666666666667,0.6439788341522217,-1.0051695197680608
BH_s19_medium,2,105,5.5,0.17976731061935425,-1.1826663308181409
BH_s19_medium,2,106,5.533333333333333,0.02671535313129425,-1.2888192310497768
BH_s19_medium,2,107,5.566666666666666,0.027638405561447144,-1.3059602502305157
BH_s19_medium,2,108,5.6,0.08139671385288239,-1.219761655885228
BH_s19_medium,2,109,5.633333333333334,0.13607807457447052,-1.022856686785533
BH_s19_medium,2,110,5.666666666666667,0.03265181556344032,-0.7190979193386619
BH_s19_medium,2,111,5.7,-0.22202253341674805,-0.3276094387947633
BH_s19_medium,2,112,5.733333333333333,-0.49907928705215454,0.11607442773832047
BH_s19_medium,2,113,5.766666666666667,-0.7260277271270752,0.564312391651388
BH_s19_medium,2,114,5.8,-0.8877853155136108,0.966062272726153
BH_s19_medium,2,115,5.833333333333333,-0.9575491547584534,1.2759840207865056
BH_s19_medium,2,116,5.866666666666666,-0.9575491547584534,1.4610851601159156
BH_s19_medium,2,117,5.9,-0.9575491547584534,1.504738838844708
BH_s19_medium,2,118,5.933333333333334,-0.9575491547584534,1.4084535899655446
BH_s19_medium,2,119,5.966666666666667,-1.0122305154800415,1.1908520286002715
BH_s19_medium,2,120,6.0,-1.0669118165969849,0.8832125957555711
BH_s19_medium,2,121,6.033333333333333,-0.8631758093833923,0.5221393613951262
BH_s19_medium,2,122,6.066666666666666,-0.10961136966943741,0.1415696931025556
BH_s19_medium,2,123,6.1,0.9277762174606323,-0.23283704243535738
BH_s19_medium,2,124,6.133333333333334,1.7173576354980469,-0.5846924976435585
BH_s19_medium,2,125,6.166666666666667,1.704282283782959,-0.90321623047282
BH_s19_medium,2,126,6.2,1.1020591259002686,-1.1773194375194653
BH_s19_medium,2,127,6.233333333333333,0.4694761037826538,-1.390955594497408
BH_s19_medium,2,128,6.266666666666667,0.058633338660001755,-1.5222945687623308
BH_s19_medium,2,129,6.3,-0.14263001084327698,-1.547224306774473
BH_s19_medium,2,130,6.333333333333333,-0.13129916787147522,-1.445975780271633
BH_s19_medium,2,131,6.366666666666666,0.027443626895546913,-1.2107596031365517
BH_s19_medium,2,132,6.4,0.08139671385288239,-0.8520153943669093
BH_s19_medium,2,133,6.433333333333334,-0.02027653343975544,-0.4009752846464428
BH_s19_medium,2,134,6.466666666666667,-0.2829790711402893,0.09320204260884729
BH_s19_medium,2,135,6.5,-0.5495263934135437,0.571954569572479
BH_s19_medium,2,136,6.533333333333333,-0.728119432926178,0.9793174302366129
BH_s19_medium,2,137,6.566666666666666,-0.8481864333152771,1.273380791142699
BH_s19_medium,2,138,6.6,-0.9028677940368652,1.433357128031477
BH_s19_medium,2,139,6.633333333333334,-0.9028677940368652,1.4605525518418787
BH_s19_medium,2,140,6.666666666666667,-0.9028677940368652,1.3742931229053992
BH_s19_medium,2,141,6.7,-0.9028677940368652,1.205197609454182
BH_s19_medium,2,142,6.733333333333333,-0.9331258535385132,0.9874169696148811
BH_s19_medium,2,143,6.766666666666667,-0.9295775890350342,0.7506643017602622
BH_s19_medium,2,144,6.8,-0.44966554641723633,0.5137145501337914
BH_s19_medium,2,145,6.833333333333333,0.5028249025344849,0.2818663114506619
BH_s19_medium,2,146,6.866666666666666,1.6384391784667969,0.049602574325576264
BH_s19_medium,2,147,6.9,2.2139697074890137,-0.19276449574787652
BH_s19_medium,2,148,6.933333333333334,1.9506914615631104,-0.4513218116339259
BH_s19_medium,2,149,6.966666666666667,1.3629155158996582,-0.722444012786321
BH_s19_medium,2,150,7.0,0.7990716695785522,-0.9897477405878045
BH_s19_medium,2,151,7.033333333333333,0.4351276755332947,-1.2242225197667422
BH_s19_medium,2,152,7.066666666666666,0.2454407960176468,-1.3874644156556981
BH_s19_medium,2,153,7.1,0.25054728984832764,-1.4383260655628427
BH_s19_medium,2,154,7.133333333333334,0.30012214183807373,-1.3430362743260542
BH_s19_medium,2,155,7.166666666666667,0.24490730464458466,-1.0872094142386426
BH_s19_medium,2,156,7.2,0.08490273356437683,-0.6857712600341169
BH_s19_medium,2,157,7.233333333333333,-0.17989154160022736,-0.18589424375386207
BH_s19_medium,2,158,7.266666666666667,-0.44643881916999817,0.3398918051999644
BH_s19_medium,2,159,7.3,-0.6208484172821045,0.8093903282408893
BH_s19_medium,2,160,7.333333333333333,-0.727924644947052,1.1507764251131951
BH_s19_medium,2,161,7.366666666666666,-0.7388237118721008,1.320613914025991
BH_s19_medium,2,162,7.4,-0.7388237118721008,1.313578376956484
BH_s19_medium,2,163,7.433333333333334,-0.7757465243339539,1.1602897452234089
BH_s19_medium,2,164,7.466666666666667,-0.793505072593689,0.9144047861226342
BH_s19_medium,2,165,7.5,-0.8258548378944397,0.6344752195977701
BH_s19_medium,2,166,7.533333333333333,-0.5885072350502014,0.3675800389273173
BH_s19_medium,2,167,7.566666666666666,0.222025066614151,0.13992953592823712
BH_s19_medium,2,168,7.6,1.3205640316009521,-0.044144978489046555
BH_s19_medium,2,169,7.633333333333334,2.088059425354004,-0.1967900698704692
BH_s19_medium,2,170,7.666666666666667,2.0756192207336426,-0.3380702382416397
BH_s19_medium,2,171,7.7,1.5740023851394653,-0.48697260047862007
BH_s19_medium,2,172,7.733333333333333,1.0549654960632324,-0.6536615701796229
BH_s19_medium,2,173,7.766666666666667,0.6547761559486389,-0.8340669547861924
BH_s19_medium,2,174,7.8,0.4406237304210663,-1.0078709798102534
BH_s19_medium,2,175,7.833333333333333,0.30012214183807373,-1.140819785635553
BH_s19_medium,2,176,7.866666666666666,0.30012214183807373,-1.1914365680781172
BH_s19_medium,2,177,7.9,0.29521042108535767,-1.121119065904645
BH_s19_medium,2,178,7.933333333333334,0.13345284759998322,-0.905792002439586
BH_s19_medium,2,179,7.966666666666667,-0.08332479745149612,-0.546357298013366
BH_s19_medium,2,180,8.0,-0.3502108156681061,-0.07416898198458406
BH_s19_medium,2,181,8.033333333333333,-0.5663110017776489,0.4517632948892523
BH_s19_medium,2,182,8.066666666666666,-0.7257820963859558,0.9562266466262088
BH_s19_medium,2,183,8.1,-0.7846977710723877,1.3646751682752172
BH_s19_medium,2,184,8.133333333333333,-0.8370925784111023,1.6202197877955018
BH_s19_medium,2,185,8.166666666666666,-0.8481864333152771,1.6954318333775729
BH_s19_medium,2,186,8.2,-0.8481864333152771,1.595309679629672
BH_s19_medium,2,187,8.233333333333333,-0.9028677940368652,1.3509390660020277
BH_s19_medium,2,188,8.266666666666667,-0.9575491547584534,1.007218396215513
BH_s19_medium,2,189,8.3,-0.6327299475669861,0.6101534669467162
BH_s19_medium,2,190,8.333333333333334,0.24085061252117157,0.19812558093078583
BH_s19_medium,2,191,8.366666666666667,1.313899278640747,-0.20139490340769742
BH_s19_medium,2,192,8.4,1.9364726543426514,-0.5706590114740028
BH_s19_medium,2,193,8.433333333333334,1.848526954650879,-0.8979382071669949
BH_s19_medium,2,194,8.466666666666667,1.2901369333267212,-1.1731234353034776
BH_s19_medium,2,195,8.5,0.7731918096542358,-1.3840601614200254
BH_s19_medium,2,196,8.533333333333333,0.41571781039237976,-1.5150090332304187
BH_s19_medium,2,197,8.566666666666666,0.2315778285264969,-1.5483062427427539
BH_s19_medium,2,198,8.6,0.2023358941078186,-1.4690788338356897
BH_s19_medium,2,199,8.633333333333333,0.2454407960176468,-1.2712445617841366
BH_s19_medium,2,200,8.666666666666666,0.23843733966350555,-0.9620600251577693
BH_s19_medium,2,201,8.7,0.07196281850337982,-0.5629895794581828
BH_s19_medium,2,202,8.733333333333333,-0.14462006092071533,-0.10660732199423686
BH_s19_medium,2,203,8.766666666666667,-0.41102340817451477,0.3686038999877549
BH_s19_medium,2,204,8.8,-0.6251758337020874,0.822862868007791
BH_s19_medium,2,205,8.833333333333334,-0.7890759706497192,1.2177530161402312
BH_s19_medium,2,206,8.866666666666667,-0.8414708375930786,1.5182067037532794
BH_s19_medium,2,207,8.9,-0.8481864333152771,1.6960367401667185
BH_s19_medium,2,208,8.933333333333334,-0.9028677940368652,1.7350051118167225
BH_s19_medium,2,209,8.966666666666667,-0.9028677940368652,1.634821733989786
BH_s19_medium,2,210,9.0,-0.9028677940368652,1.4115972393740006
BH_s19_medium,2,211,9.033333333333333,-0.9575491547584534,1.0942785584642407
BH_s19_medium,2,212,9.066666666666666,-0.9779837727546692,0.7182649070944548
BH_s19_medium,2,213,9.1,-0.6017436385154724,0.31827372810896165
BH_s19_medium,2,214,9.133333333333333,0.2937789559364319,-0.07716991192627684
BH_s19_medium,2,215,9.166666666666666,1.3942148685455322,-0.44792791922223657
BH_s19_medium,2,216,9.2,1.9907643795013428,-0.7811535069174989
BH_s19_medium,2,217,9.233333333333333,1.79462468624115,-1.068443848193296
BH_s19_medium,2,218,9.266666666666667,1.2159017324447632,-1.3029550234469507
BH_s19_medium,2,219,9.3,0.6646082401275635,-1.477377957782183
BH_s19_medium,2,220,9.333333333333334,0.26821276545524597,-1.5828835023677092
BH_s19_medium,2,221,9.366666666666667,0.13607807457447052,-1.6090083870130512
BH_s19_medium,2,222,9.4,0.20214112102985382,-1.544864057156516
BH_s19_medium,2,223,9.433333333333334,0.30012214183807373,-1.382136557603983
BH_s19_medium,2,224,9.466666666666667,0.29331347346305847,-1.1195337806841221
BH_s19_medium,2,225,9.5,0.12703374028205872,-0.7672875900449001
BH_s19_medium,2,226,9.533333333333333,-0.14180006086826324,-0.34990659629170384
BH_s19_medium,2,227,9.566666666666666,-0.4105830192565918,0.09442490456292285
BH_s19_medium,2,228,9.6,-0.5724422931671143,0.5187866365272573
BH_s19_medium,2,229,9.633333333333333,-0.679518461227417,0.8763532867187457
BH_s19_medium,2,230,9.666666666666666,-0.7388237118721008,1.1305840861510406
BH_s19_medium,2,231,9.7,-0.793505072593689,1.263142841577877
BH_s19_medium,2,232,9.733333333333333,-0.7503070831298828,1.276973705103046
BH_s19_medium,2,233,9.766666666666667,-0.7388237118721008,1.1940115262859263
BH_s19_medium,2,234,9.8,-0.793505072593689,1.0484801542698907
BH_s19_medium,2,235,9.833333333333334,-0.8481864333152771,0.877608580404847
BH_s19_medium,2,236,9.866666666666667,-0.7460305094718933,0.7122883995337795
BH_s19_medium,2,237,9.9,-0.10193048417568207,0.5702660003418035
BH_s19_medium,2,238,9.933333333333334,0.9229998588562012,0.45353758619808965
BH_s19_medium,2,239,9.966666666666667,1.7756295204162598,0.3503579271724945
BH_s19_medium,3,0,3.0,2.081648826599121,-0.02528379464090118
BH_s19_medium,3,1,3.033333333333333,1.4498450756072998,0.08756565857322411
BH_s19_medium,3,2,3.066666666666667,0.9311977624893188,0.1850141245678859
BH_s19_medium,3,3,3.1,0.6160495281219482,0.2526283259029073
BH_s19_medium,3,4,3.1333333333333333,0.46037232875823975,0.2776797528090555
BH_s19_medium,3,5,3.1666666666666665,0.40948486328125,0.25351826014736406
BH_s19_medium,3,6,3.2,0.40948486328125,0.1831260715345745
BH_s19_medium,3,7,3.2333333333333334,0.3031877875328064,0.07806117125594042
BH_s19_medium,3,8,3.2666666666666666,0.14678232371807098,-0.046834849679655684
BH_s19_medium,3,9,3.3,-0.1144128292798996,-0.17860397944741832
BH_s19_medium,3,10,3.3333333333333335,-0.39088526368141174,-0.30774814805314576
BH_s19_medium,3,11,3.3666666666666667,-0.562567949295044,-0.42631911491651203
BH_s19_medium,3,12,3.4,-0.6696441769599915,-0.5247143707447963
BH_s19_medium,3,13,3.433333333333333,-0.7220390439033508,-0.589561596038284
BH_s19_medium,3,14,3.466666666666667,-0.7388237118721008,-0.6045312925235928
BH_s19_medium,3,15,3.5,-0.7388237118721008,-0.5545939093677502
BH_s19_medium,3,16,3.533333333333333,-0.7388237118721008,-0.43213950548519064
BH_s19_medium,3,17,3.566666666666667,-0.793505072593689,-0.2418885797355126
BH_s19_medium,3,18,3.6,-0.8481864333152771,-0.0019885080824234213
BH_s19_medium,3,19,3.6333333333333333,-0.6484390497207642,0.259047106361542
BH_s19_medium,3,20,3.6666666666666665,0.24562698602676392,0.5074379234983029
BH_s19_medium,3,21,3.7,1.4453564882278442,0.7089074791124983
BH_s19_medium,3,22,3.7333333333333334,2.337923765182495,0.8331141032863019
BH_s19_medium,3,23,3.7666666666666666,2.3725686073303223,0.8590797711499795
BH_s19_medium,3,24,3.8,1.8640921115875244,0.7808387168571435
BH_s19_medium,3,25,3.8333333333333335,1.2972334623336792,0.6103073765066475
BH_s19_medium,3,26,3.8666666666666667,0.931782066822052,0.37556859213143945
BH_s19_medium,3,27,3.9,0.6770060658454895,0.11530216189647863
BH_s19_medium,3,28,3.933333333333333,0.5735289454460144,-0.12913382476760932
BH_s19_medium,3,29,3.966666666666667,0.5735289454460144,-0.32268707901239047
BH_s19_medium,3,30,4.0,0.5198214650154114,-0.4448138576009752
BH_s19_medium,3,31,4.033333333333333,0.3613243103027344,-0.49423419956487274
BH_s19_medium,3,32,4.066666666666666,0.09249052405357361,-0.4878741328415634
BH_s19_medium,3,33,4.1,-0.1685098558664322,-0.45338687808834055
BH_s19_medium,3,34,4.133333333333334,-0.4451770484447479,-0.41728723252051986
BH_s19_medium,3,35,4.166666666666667,-0.6170545220375061,-0.39322966522032077
BH_s19_medium,3,36,4.2,-0.7241307497024536,-0.3759148366876131
BH_s19_medium,3,37,4.233333333333333,-0.793505072593689,-0.344070539525045
BH_s19_medium,3,38,4.266666666666667,-0.8289204835891724,-0.27121814970751285
BH_s19_medium,3,39,4.3,-0.8481864333152771,-0.13875865889405398
BH_s19_medium,3,40,4.333333333333333,-0.8481864333152771,0.054651267967504344
BH_s19_medium,3,41,4.366666666666666,-0.8767423033714294,0.2906704723381812
BH_s19_medium,3,42,4.4,-0.983818531036377,0.5352657741165024
BH_s19_medium,3,43,4.433333333333334,-0.9402818083763123,0.7464393723675707
BH_s19_medium,3,44,4.466666666666667,-0.3248308002948761,0.8833228821862641
BH_s19_medium,3,45,4.5,0.7517661452293396,0.9150906576316064
BH_s19_medium,3,46,4.533333333333333,1.8588244915008545,0.827750545145172
BH_s19_medium,3,47,4.566666666666666,2.2389774322509766,0.6267075899074358
BH_s19_medium,3,48,4.6,1.8652608394622803,0.33465770205611606
BH_s19_medium,3,49,4.633333333333334,1.2330673933029175,-0.013541247068315821
BH_s19_medium,3,50,4.666666666666667,0.7056636214256287,-0.37681426393279865
BH_s19_medium,3,51,4.7,0.39810317754745483,-0.7132463189031858
BH_s19_medium,3,52,4.733333333333333,0.19075943529605865,-0.9845496121516276
BH_s19_medium,3,53,4.766666666666667,0.19075943529605865,-1.1598414563163242
BH_s19_medium,3,54,4.8,0.19075943529605865,-1.2189097230459
BH_s19_medium,3,55,4.833333333333333,0.13953325152397156,-1.1547858858746687
BH_s19_medium,3,56,4.866666666666666,-0.06542231142520905,-0.9751145978780784
BH_s19_medium,3,57,4.9,-0.386650949716568,-0.701523362237434
BH_s19_medium,3,58,4.933333333333334,-0.6531982421875,-0.36617313308129185
BH_s19_medium,3,59,4.966666666666667,-0.8355852365493774,-0.005728674139298516
BH_s19_medium,3,60,5.0,-0.9426614046096802,0.3450507533509462
BH_s19_medium,3,61,5.033333333333333,-0.9575491547584534,0.6573893690794557
BH_s19_medium,3,62,5.066666666666666,-0.9927697777748108,0.9097159397368512
BH_s19_medium,3,63,5.1,-1.0122305154800415,1.0876569847284692
BH_s19_medium,3,64,5.133333333333334,-0.9881967902183533,1.1839788262928683
BH_s19_medium,3,65,5.166666666666667,-1.0122305154800415,1.1982115326073133
BH_s19_medium,3,66,5.2,-1.0669118165969849,1.1355900124659615
BH_s19_medium,3,67,5.233333333333333,-1.1215932369232178,1.0055083494794137
BH_s19_medium,3,68,5.266666666666667,-0.8832208514213562,0.8195759672447588
BH_s19_medium,3,69,5.3,0.00014090866898186505,0.5892763561765716
BH_s19_medium,3,70,5.333333333333333,1.1802657842636108,0.32399081899299104
BH_s19_medium,3,71,5.366666666666666,1.9698470830917358,0.03078359190424258
BH_s19_medium,3,72,5.4,1.8787850141525269,-0.283308219327665
BH_s19_medium,3,73,5.433333333333334,1.2786535024642944,-0.6072776797680359
BH_s19_medium,3,74,5.466666666666667,0.6439788341522217,-0.922492108228465
BH_s19_medium,3,75,5.5,0.17976731061935425,-1.201521618891888
BH_s19_medium,3,76,5.533333333333333,0.02671535313129425,-1.4104890603957936
BH_s19_medium,3,77,5.566666666666666,0.027638405561447144,-1.5146372894644533
BH_s19_medium,3,78,5.6,0.08139671385288239,-1.4860605985174176
BH_s19_medium,3,79,5.633333333333334,0.13607807457447052,-1.312023401261995
BH_s19_medium,3,80,5.666666666666667,0.03265181556344032,-1.0014891085052453
BH_s19_medium,3,81,5.7,-0.22202253341674805,-0.5868682015022203
BH_s19_medium,3,82,5.733333333333333,-0.49907928705215454,-0.11864998749643915
BH_s19_medium,3,83,5.766666666666667,-0.7260277271270752,0.3464934023980499
BH_s19_medium,3,84,5.8,-0.8877853155136108,0.7592985776227851
BH_s19_medium,3,85,5.833333333333333,-0.9575491547584534,1.0867753390603958
BH_s19_medium,3,86,5.866666666666666,-0.9575491547584534,1.3133276825391564
BH_s19_medium,3,87,5.9,-0.9575491547584534,1.4361467142681565
BH_s19_medium,3,88,5.933333333333334,-0.9575491547584534,1.4591139617137665
BH_s19_medium,3,89,5.966666666666667,-1.0122305154800415,1.3884048918758938
BH_s19_medium,3,90,6.0,-1.0669118165969849,1.2306596491978474
BH_s19_medium,3,91,6.033333333333333,-0.8631758093833923,0.9929910763297556
BH_s19_medium,3,92,6.066666666666666,-0.10961136966943741,0.684039566582044
BH_s19_medium,3,93,6.1,0.9277762174606323,0.31575004226066106
BH_s19_medium,3,94,6.133333333333334,1.7173576354980469,-0.09460886288891711
BH_s19_medium,3,95,6.166666666666667,1.704282283782959,-0.5230249496424615
BH_s19_medium,3,96,6.2,1.1020591259002686,-0.9385803706439119
BH_s19_medium,3,97,6.233333333333333,0.4694761037826538,-1.3047750123179787
BH_s19_medium,3,98,6.266666666666667,0.058633338660001755,-1.58244117547368
BH_s19_medium,3,99,6.3,-0.14263001084327698,-1.7344607344208554
BH_s19_medium,3,100,6.333333333333333,-0.13129916787147522,-1.7323286894520837
BH_s19_medium,3,101,6.366666666666666,0.027443626895546913,-1.5636672975975154
BH_s19_medium,3,102,6.4,0.08139671385288239,-1.2382987981800875
BH_s19_medium,3,103,6.433333333333334,-0.02027653343975544,-0.7897786416263316
BH_s19_medium,3,104,6.466666666666667,-0.2829790711402893,-0.2705119400770139
BH_s19_medium,3,105,6.5,-0.5495263934135437,0.2586717093556879
BH_s19_medium,3,106,6.533333333333333,-0.728119432926178,0.7408579199832904
BH_s19_medium,3,107,6.566666666666666,-0.8481864333152771,1.1327600159230646
BH_s19_medium,3,108,6.6,-0.9028677940368652,1.4089552705225914
BH_s19_medium,3,109,6.633333333333334,-0.9028677940368652,1.5607848156300854
BH_s19_medium,3,110,6.666666666666667,-0.9028677940368652,1.592290145206504
BH_s19_medium,3,111,6.7,-0.9028677940368652,1.5158261599926492
BH_s19_medium,3,112,6.733333333333333,-0.9331258535385132,1.3485319330309256
BH_s19_medium,3,113,6.766666666666667,-0.9295775890350342,1.1093976707378652
BH_s19_medium,3,114,6.8,-0.44966554641723633,0.8166349818117242
BH_s19_medium,3,115,6.833333333333333,0.5028249025344849,0.48582616496892045
BH_s19_medium,3,116,6.866666666666666,1.6384391784667969,0.12962815534170635
BH_s19_medium,3,117,6.9,2.2139697074890137,-0.2406726868963458
BH_s19_medium,3,118,6.933333333333334,1.9506914615631104,-0.6123028901310353
BH_s19_medium,3,119,6.966666666666667,1.3629155158996582,-0.967990698904562
BH_s19_medium,3,120,7.0,0.7990716695785522,-1.283979165357337
BH_s19_medium,3,121,7.033333333333333,0.4351276755332947,-1.5299933069017844
BH_s19_medium,3,122,7.066666666666666,0.2454407960176468,-1.6718990301193013
BH_s19_medium,3,123,7.1,0.25054728984832764,-1.6774460367259552
BH_s19_medium,3,124,7.133333333333334,0.30012214183807373,-1.5246148670033273
BH_s19_medium,3,125,7.166666666666667,0.24490730464458466,-1.2106352254420065
BH_s19_medium,3,126,7.2,0.08490273356437683,-0.7583222767479544
BH_s19_medium,3,127,7.233333333333333,-0.17989154160022736,-0.21632206258895276
BH_s19_medium,3,128,7.266666666666667,-0.44643881916999817,0.34813017681011094
BH_s19_medium,3,129,7.3,-0.6208484172821045,0.8623515597162048
BH_s19_medium,3,130,7.333333333333333,-0.727924644947052,1.2633752259471616
BH_s19_medium,3,131,7.366666666666666,-0.7388237118721008,1.5104617271117957
BH_s19_medium,3,132,7.4,-0.7388237118721008,1.5911272459884644
BH_s19_medium,3,133,7.433333333333334,-0.7757465243339539,1.5192132548944566
BH_s19_medium,3,134,7.466666666666667,-0.793505072593689,1.3266079463909306
BH_s19_medium,3,135,7.5,-0.8258548378944397,1.0524015946278915
BH_s19_medium,3,136,7.533333333333333,-0.5885072350502014,0.7333418895920754
BH_s19_medium,3,137,7.566666666666666,0.222025066614151,0.39793169546511165
BH_s19_medium,3,138,7.6,1.3205640316009521,0.06464330821860352
BH_s19_medium,3,139,7.633333333333334,2.088059425354004,-0.25654712360128634
BH_s19_medium,3,140,7.666666666666667,2.0756192207336426,-0.5604892887335463
BH_s19_medium,3,141,7.7,1.5740023851394653,-0.8421631178738539
BH_s19_medium,3,142,7.733333333333333,1.0549654960632324,-1.0921088604658498
BH_s19_medium,3,143,7.766666666666667,0.6547761559486389,-1.293438506740777
BH_s19_medium,3,144,7.8,0.4406237304210663,-1.4220454665067555
BH_s19_medium,3,145,7.833333333333333,0.30012214183807373,-1.4508228454034158
BH_s19_medium,3,146,7.866666666666666,0.30012214183807373,-1.356837039522038
BH_s19_medium,3,147,7.9,0.29521042108535767,-1.1289976547820473
BH_s19_medium,3,148,7.933333333333334,0.13345284759998322,-0.7739729585826366
BH_s19_medium,3,149,7.966666666666667,-0.08332479745149612,-0.3188935510969758
BH_s19_medium,3,150,8.0,-0.3502108156681061,0.19034139354606086
BH_s19_medium,3,151,8.033333333333333,-0.5663110017776489,0.6957007898675339
BH_s19_medium,3,152,8.066666666666666,-0.7257820963859558,1.137327708548336
BH_s19_medium,3,153,8.1,-0.7846977710723877,1.4645918971949738
BH_s19_medium,3,154,8.133333333333333,-0.8370925784111023,1.6449089515166175
BH_s19_medium,3,155,8.166666666666666,-0.8481864333152771,1.668231631477753
BH_s19_medium,3,156,8.2,-0.8481864333152771,1.5460115641545427
BH_s19_medium,3,157,8.233333333333333,-0.9028677940368652,1.3049379554382192
BH_s19_medium,3,158,8.266666666666667,-0.9575491547584534,0.9781109331890839
BH_s19_medium,3,159,8.3,-0.6327299475669861,0.5975545215966445
BH_s19_medium,3,160,8.333333333333334,0.24085061252117157,0.19059798114230972
BH_s19_medium,3,161,8.366666666666667,1.313899278640747,-0.21993956021599975
BH_s19_medium,3,162,8.4,1.9364726543426514,-0.6134847471111228
BH_s19_medium,3,163,8.433333333333334,1.848526954650879,-0.9693500264263395
BH_s19_medium,3,164,8.466666666666667,1.2901369333267212,-1.2656844913568819
BH_s19_medium,3,165,8.5,0.7731918096542358,-1.480248996664107
BH_s19_medium,3,166,8.533333333333333,0.41571781039237976,-1.5927227740690857
BH_s19_medium,3,167,8.566666666666666,0.2315778285264969,-1.5878288330290313
BH_s19_medium,3,168,8.6,0.2023358941078186,-1.4585474638472413
BH_s19_medium,3,169,8.633333333333333,0.2454407960176468,-1.2087306679136625
BH_s19_medium,3,170,8.666666666666666,0.23843733966350555,-0.8543337662211127
BH_s19_medium,3,171,8.7,0.07196281850337982,-0.4225924548199667
BH_s19_medium,3,172,8.733333333333333,-0.14462006092071533,0.05086677409698521
BH_s19_medium,3,173,8.766666666666667,-0.41102340817451477,0.5260385673483453
BH_s19_medium,3,174,8.8,-0.6251758337020874,0.9622142901883114
BH_s19_medium,3,175,8.833333333333334,-0.7890759706497192,1.3206858936454031
BH_s19_medium,3,176,8.866666666666667,-0.8414708375930786,1.5676638178156659
BH_s19_medium,3,177,8.9,-0.8481864333152771,1.6789542199563938
BH_s19_medium,3,178,8.933333333333334,-0.9028677940368652,1.6455561417187772
BH_s19_medium,3,179,8.966666666666667,-0.9028677940368652,1.4769309520063862
BH_s19_medium,3,180,9.0,-0.9028677940368652,1.1992357796082815
BH_s19_medium,3,181,9.033333333333333,-0.9575491547584534,0.84863358603001
BH_s19_medium,3,182,9.066666666666666,-0.9779837727546692,0.4624647712715288
BH_s19_medium,3,183,9.1,-0.6017436385154724,0.0719554950230956
BH_s19_medium,3,184,9.133333333333333,0.2937789559364319,-0.3010450083191929
BH_s19_medium,3,185,9.166666666666666,1.3942148685455322,-0.6429803422768696
BH_s19_medium,3,186,9.2,1.9907643795013428,-0.9446245747564233
BH_s19_medium,3,187,9.233333333333333,1.79462468624115,-1.1965479662078884
BH_s19_medium,3,188,9.266666666666667,1.2159017324447632,-1.386212128951629
BH_s19_medium,3,189,9.3,0.6646082401275635,-1.4979688947627825
BH_s19_medium,3,190,9.333333333333334,0.26821276545524597,-1.5158525668010194
BH_s19_medium,3,191,9.366666666666667,0.13607807457447052,-1.4279147433377257
BH_s19_medium,3,192,9.4,0.20214112102985382,-1.2304845765812644
BH_s19_medium,3,193,9.433333333333334,0.30012214183807373,-0.9310600424195501
BH_s19_medium,3,194,9.466666666666667,0.29331347346305847,-0.5491529587208459
BH_s19_medium,3,195,9.5,0.12703374028205872,-0.11500891475541948
BH_s19_medium,3,196,9.533333333333333,-0.14180006086826324,0.3334586823455778
BH_s19_medium,3,197,9.566666666666666,-0.4105830192565918,0.7549655565636653
BH_s19_medium,3,198,9.6,-0.5724422931671143,1.10976483632182
BH_s19_medium,3,199,9.633333333333333,-0.679518461227417,1.3645906148981275
BH_s19_medium,3,200,9.666666666666666,-0.7388237118721008,1.4971049143755888
BH_s19_medium,3,201,9.7,-0.793505072593689,1.499132623529363
BH_s19_medium,3,202,9.733333333333333,-0.7503070831298828,1.3776476063197323
BH_s19_medium,3,203,9.766666666666667,-0.7388237118721008,1.1527113248412213
BH_s19_medium,3,204,9.8,-0.793505072593689,0.8527265828012491
BH_s19_medium,3,205,9.833333333333334,-0.8481864333152771,0.5086558599712151
BH_s19_medium,3,206,9.866666666666667,-0.7460305094718933,0.14924833623010475
BH_s19_medium,3,207,9.9,-0.10193048417568207,-0.2013693410907136
BH_s19_medium,3,208,9.933333333333334,0.9229998588562012,-0.5236672365335628
BH_s19_medium,3,209,9.966666666666667,1.7756295204162598,-0.8012737274143436
BH_s19_medium,3,210,10.0,1.9205265045166016,-1.0194642373706937
BH_s19_medium,3,211,10.033333333333333,1.444696307182312,-1.1644761379078883
BH_s19_medium,3,212,10.066666666666666,0.8343008756637573,-1.2238503133240304
BH_s19_medium,3,213,10.1,0.3372991681098938,-1.187729709545388
BH_s19_medium,3,214,10.133333333333333,0.08139671385288239,-1.0513060345886356
BH_s19_medium,3,215,10.166666666666666,0.09487012773752213,-0.8184129198665374
BH_s19_medium,3,216,10.2,0.20194634795188904,-0.5050417366989794
BH_s19_medium,3,217,10.233333333333333,0.2912217378616333,-0.1404653604940896
BH_s19_medium,3,218,10.266666666666667,0.1775316447019577,0.23587510301960385
BH_s19_medium,3,219,10.3,-0.036620792001485825,0.5814660227633696
BH_s19_medium,3,220,10.333333333333334,-0.3054545819759369,0.8591127902457966
BH_s19_medium,3,221,10.366666666666667,-0.5196070075035095,1.0432981791636602
BH_s19_medium,3,222,10.4,-0.6816102266311646,1.1230245326243613
BH_s19_medium,3,223,10.433333333333334,-0.7388237118721008,1.1015764870044966
BH_s19_medium,3,224,10.466666666666667,-0.7863999009132385,0.9936443513708532
BH_s19_medium,3,225,10.5,-0.7482153177261353,0.8200681584025624
BH_s19_medium,3,226,10.533333333333333,-0.7388237118721008,0.6018642891123817
BH_s19_medium,3,227,10.566666666666666,-0.793505072593689,0.3562920727351603
BH_s19_medium,3,228,10.6,-0.8319352269172668,0.09643332713750524
BH_s19_medium,3,229,10.633333333333333,-0.6489302515983582,-0.16655853361681283
BH_s19_medium,3,230,10.666666666666666,0.07884741574525833,-0.4205163217260683
BH_s19_medium,3,231,10.7,1.1942132711410522,-0.6503684823728935
BH_s19_medium,3,232,10.733333333333333,2.14166522026062,-0.8382811303336047
BH_s19_medium,3,233,10.766666666666667,2.2423393726348877,-0.9659592356710787
BH_s19_medium,3,234,10.8,1.6829332113265991,-1.018423717810329
BH_s19_medium,3,235,10.833333333333334,1.0629006624221802,-0.987909497232389
BH_s19_medium,3,236,10.866666666666667,0.6023390889167786,-0.8762364508988093
BH_s19_medium,3,237,10.9,0.33695188164711,-0.6945723968969828
BH_s19_medium,3,238,10.933333333333334,0.30012214183807373,-0.4609435814613771
BH_s19_medium,3,239,10.966666666666667,0.3680821359157562,-0.1971298644988824
BH_s19_medium,4,0,4.0,0.5198214650154114,0.07059599723990867
BH_s19_medium,4,1,4.033333333333333,0.3613243103027344,0.2377727926641417
BH_s19_medium,4,2,4.066666666666666,0.09249052405357361,0.3673836684584844
BH_s19_medium,4,3,4.1,-0.1685098558664322,0.4268323344210772
BH_s19_medium,4,4,4.133333333333334,-0.4451770484447479,0.39404095448353643
BH_s19_medium,4,5,4.166666666666667,-0.6170545220375061,0.2651509665663365
BH_s19_medium,4,6,4.2,-0.7241307497024536,0.06034493420713774
BH_s19_medium,4,7,4.233333333333333,-0.793505072593689,-0.17664946356212932
BH_s19_medium,4,8,4.266666666666667,-0.8289204835891724,-0.3873406669099375
BH_s19_medium,4,9,4.3,-0.8481864333152771,-0.5135646236649256
BH_s19_medium,4,10,4.333333333333333,-0.8481864333152771,-0.5143069780578687
BH_s19_medium,4,11,4.366666666666666,-0.8767423033714294,-0.37903257118532324
BH_s19_medium,4,12,4.4,-0.983818531036377,-0.13309124557826085
BH_s19_medium,4,13,4.433333333333334,-0.9402818083763123,0.16724804624372547
BH_s19_medium,4,14,4.466666666666667,-0.3248308002948761,0.4495500456763851
BH_s19_medium,4,15,4.5,0.7517661452293396,0.6454938555415799
BH_s19_medium,4,16,4.533333333333333,1.8588244915008545,0.7094788804932214
BH_s19_medium,4,17,4.566666666666666,2.2389774322509766,0.6287241773169175
BH_s19_medium,4,18,4.6,1.8652608394622803,0.4224800898665331
BH_s19_medium,4,19,4.633333333333334,1.2330673933029175,0.13300673400461327
BH_s19_medium,4,20,4.666666666666667,0.7056636214256287,-0.18700568497781844
BH_s19_medium,4,21,4.7,0.39810317754745483,-0.4864621538264436
BH_s19_medium,4,22,4.733333333333333,0.19075943529605865,-0.7244712131143501
BH_s19_medium,4,23,4.766666666666667,0.19075943529605865,-0.8743111350789224
BH_s19_medium,4,24,4.8,0.19075943529605865,-0.9235723911373572
BH_s19_medium,4,25,4.833333333333333,0.13953325152397156,-0.872584040717468
BH_s19_medium,4,26,4.866666666666666,-0.06542231142520905,-0.7327833194810559
BH_s19_medium,4,27,4.9,-0.386650949716568,-0.5250404870258937
BH_s19_medium,4,28,4.933333333333334,-0.6531982421875,-0.2766257528469148
BH_s19_medium,4,29,4.966666666666667,-0.8355852365493774,-0.016075145142099956
BH_s19_medium,4,30,5.0,-0.9426614046096802,0.23242201518247338
BH_s19_medium,4,31,5.033333333333333,-0.9575491547584534,0.4521409510257131
BH_s19_medium,4,32,5.066666666666666,-0.9927697777748108,0.6331590368394561
BH_s19_medium,4,33,5.1,-1.0122305154800415,0.7693918493226679
BH_s19_medium,4,34,5.133333333333334,-0.9881967902183533,0.8558528936858452
BH_s19_medium,4,35,5.166666666666667,-1.0122305154800415,0.8878386739748155
BH_s19_medium,4,36,5.2,-1.0669118165969849,0.8622493202740079
BH_s19_medium,4,37,5.233333333333333,-1.1215932369232178,0.7798512411889708
BH_s19_medium,4,38,5.266666666666667,-0.8832208514213562,0.6465454590922383
BH_s19_medium,4,39,5.3,0.00014090866898186505,0.47236731711455016
BH_s19_medium,4,40,5.333333333333333,1.1802657842636108,0.26885199365252516
BH_s19_medium,4,41,5.366666666666666,1.9698470830917358,0.04674766042493858
BH_s19_medium,4,42,5.4,1.8787850141525269,-0.18452333832559759
BH_s19_medium,4,43,5.433333333333334,1.2786535024642944,-0.415774373004102
BH_s19_medium,4,44,5.466666666666667,0.6439788341522217,-0.6363002318416039
BH_s19_medium,4,45,5.5,0.17976731061935425,-0.8323261226394586
BH_s19_medium,4,46,5.533333333333333,0.02671535313129425,-0.986122487447472
BH_s19_medium,4,47,5.566666666666666,0.027638405561447144,-1.0762588950712337
BH_s19_medium,4,48,5.6,0.08139671385288239,-1.079954669016741
BH_s19_medium,4,49,5.633333333333334,0.13607807457447052,-0.9783926372607984
BH_s19_medium,4,50,5.666666666666667,0.03265181556344032,-0.7643472484053175
BH_s19_medium,4,51,5.7,-0.22202253341674805,-0.44915681963326104
BH_s19_medium,4,52,5.733333333333333,-0.49907928705215454,-0.06474375946356953
BH_s19_medium,4,53,5.766666666666667,-0.7260277271270752,0.34178795274289464
BH_s19_medium,4,54,5.8,-0.8877853155136108,0.7187434394582113
BH_s19_medium,4,55,5.833333333333333,-0.9575491547584534,1.0203337174636575
BH_s19_medium,4,56,5.866666666666666,-0.9575491547584534,1.2136139142894582
BH_s19_medium,4,57,5.9,-0.9575491547584534,1.281882897880357
BH_s19_medium,4,58,5.933333333333334,-0.9575491547584534,1.2255304279009056
BH_s19_medium,4,59,5.966666666666667,-1.0122305154800415,1.0603415328430623
BH_s19_medium,4,60,6.0,-1.0669118165969849,0.8128727903563264
BH_s19_medium,4,61,6.033333333333333,-0.8631758093833923,0.5135297784036696
BH_s19_medium,4,62,6.066666666666666,-0.10961136966943741,0.189603914807727
BH_s19_medium,4,63,6.1,0.9277762174606323,-0.13886229929553837
BH_s19_medium,4,64,6.133333333333334,1.7173576354980469,-0.45885216501868575
BH_s19_medium,4,65,6.166666666666667,1.704282283782959,-0.7605036378531492
BH_s19_medium,4,66,6.2,1.1020591259002686,-1.0318542435247373
BH_s19_medium,4,67,6.233333333333333,0.4694761037826538,-1.2548476446877699
BH_s19_medium,4,68,6.266666666666667,0.058633338660001755,-1.4046914784162663
BH_s19_medium,4,69,6.3,-0.14263001084327698,-1.4534946788467384
BH_s19_medium,4,70,6.333333333333333,-0.13129916787147522,-1.3776394313759723
BH_s19_medium,4,71,6.366666666666666,0.027443626895546913,-1.1667708075374783
BH_s19_medium,4,72,6.4,0.08139671385288239,-0.8310447522290125
BH_s19_medium,4,73,6.433333333333334,-0.02027653343975544,-0.40319679284436866
BH_s19_medium,4,74,6.466666666666667,-0.2829790711402893,0.06638300072347064
BH_s19_medium,4,75,6.5,-0.5495263934135437,0.5204996208550507
BH_s19_medium,4,76,6.533333333333333,-0.728119432926178,0.9080302382697225
BH_s19_medium,4,77,6.566666666666666,-0.8481864333152771,1.1939220780048356
BH_s19_medium,4,78,6.6,-0.9028677940368652,1.3630680674412259
BH_s19_medium,4,79,6.633333333333334,-0.9028677940368652,1.41802354949499
BH_s19_medium,4,80,6.666666666666667,-0.9028677940368652,1.3732238216834733
BH_s19_medium,4,81,6.7,-0.9028677940368652,1.2489530272168359
BH_s19_medium,4,82,6.733333333333333,-0.9331258535385132,1.066726194426021
BH_s19_medium,4,83,6.766666666666667,-0.9295775890350342,0.8459136369735065
BH_s19_medium,4,84,6.8,-0.44966554641723633,0.6011379054657977
BH_s19_medium,4,85,6.833333333333333,0.5028249025344849,0.34077717474439145
BH_s19_medium,4,86,6.866666666666666,1.6384391784667969,0.06744477644367004
BH_s19_medium,4,87,6.9,2.2139697074890137,-0.2190755565685658
BH_s19_medium,4,88,6.933333333333334,1.9506914615631104,-0.5170688883043886
BH_s19_medium,4,89,6.966666666666667,1.3629155158996582,-0.8178980074145181
BH_s19_medium,4,90,7.0,0.7990716695785522,-1.102519464894091
BH_s19_medium,4,91,7.033333333333333,0.4351276755332947,-1.3408339449925415
BH_s19_medium,4,92,7.066666666666666,0.2454407960176468,-1.4947377418154142
BH_s19_medium,4,93,7.1,0.25054728984832764,-1.5251893595224202
BH_s19_medium,4,94,7.133333333333334,0.30012214183807373,-1.402613596637395
BH_s19_medium,4,95,7.166666666666667,0.24490730464458466,-1.1182974383908366
BH_s19_medium,4,96,7.2,0.08490273356437683,-0.6926500470880819
BH_s19_medium,4,97,7.233333333333333,-0.17989154160022736,-0.17599666181269136
BH_s19_medium,4,98,7.266666666666667,-0.44643881916999817,0.35998200553100085
BH_s19_medium,4,99,7.3,-0.6208484172821045,0.8381411392238277
BH_s19_medium,4,100,7.333333333333333,-0.727924644947052,1.1938713340790699
BH_s19_medium,4,101,7.366666666666666,-0.7388237118721008,1.3890866606927574
BH_s19_medium,4,102,7.4,-0.7388237118721008,1.4178711869186056
BH_s19_medium,4,103,7.433333333333334,-0.7757465243339539,1.3028758460965948
BH_s19_medium,4,104,7.466666666666667,-0.793505072593689,1.0849105486812307
BH_s19_medium,4,105,7.5,-0.8258548378944397,0.8100553937396945
BH_s19_medium,4,106,7.533333333333333,-0.5885072350502014,0.5184739730581109
BH_s19_medium,4,107,7.566666666666666,0.222025066614151,0.23753490729689947
BH_s19_medium,4,108,7.6,1.3205640316009521,-0.020081640386743736
BH_s19_medium,4,109,7.633333333333334,2.088059425354004,-0.25404039889197527
BH_s19_medium,4,110,7.666666666666667,2.0756192207336426,-0.47112951966753497
BH_s19_medium,4,111,7.7,1.5740023851394653,-0.678636492020545
BH_s19_medium,4,112,7.733333333333333,1.0549654960632324,-0.8778718311432434
BH_s19_medium,4,113,7.766666666666667,0.6547761559486389,-1.0595084027766466
BH_s19_medium,4,114,7.8,0.4406237304210663,-1.202307818375732
BH_s19_medium,4,115,7.833333333333333,0.30012214183807373,-1.276113943038361
BH_s19_medium,4,116,7.866666666666666,0.30012214183807373,-1.2486985874190177
BH_s19_medium,4,117,7.9,0.29521042108535767,-1.094878645116773
BH_s19_medium,4,118,7.933333333333334,0.13345284759998322,-0.805830070092658
BH_s19_medium,4,119,7.966666666666667,-0.08332479745149612,-0.3962083148825788
BH_s19_medium,4,120,8.0,-0.3502108156681061,0.09372481753821368
BH_s19_medium,4,121,8.033333333333333,-0.5663110017776489,0.6032103920640006
BH_s19_medium,4,122,8.066666666666666,-0.7257820963859558,1.0632182219539146
BH_s19_medium,4,123,8.1,-0.7846977710723877,1.4124423038481193
BH_s19_medium,4,124,8.133333333333333,-0.8370925784111023,1.6114714484225026
BH_s19_medium,4,125,8.166666666666666,-0.8481864333152771,1.6497660347699028
BH_s19_medium,4,126,8.2,-0.8481864333152771,1.5430495327230584
BH_s19_medium,4,127,8.233333333333333,-0.9028677940368652,1.3230231239503893
BH_s19_medium,4,128,8.266666666666667,-0.9575491547584534,1.0246729220142279
BH_s19_medium,4,129,8.3,-0.6327299475669861,0.6769432804676961
BH_s19_medium,4,130,8.333333333333334,0.24085061252117157,0.2998887038833634
BH_s19_medium,4,131,8.366666666666667,1.313899278640747,-0.0923719206109723
BH_s19_medium,4,132,8.4,1.9364726543426514,-0.4860481193861828
BH_s19_medium,4,133,8.433333333333334,1.848526954650879,-0.8628965587260383
BH_s19_medium,4,134,8.466666666666667,1.2901369333267212,-1.198459052840457
BH_s19_medium,4,135,8.5,0.7731918096542358,-1.4637530280314637
BH_s19_medium,4,136,8.533333333333333,0.41571781039237976,-1.6295928305295602
BH_s19_medium,4,137,8.566666666666666,0.2315778285264969,-1.6721617912188673
BH_s19_medium,4,138,8.6,0.2023358941078186,-1.5783546052492758
BH_s19_medium,4,139,8.633333333333333,0.2454407960176468,-1.3496116213950786
BH_s19_medium,4,140,8.666666666666666,0.23843733966350555,-1.0033442803194992
BH_s19_medium,4,141,8.7,0.07196281850337982,-0.5713987443530666
BH_s19_medium,4,142,8.733333333333333,-0.14462006092071533,-0.09542105359902867
BH_s19_medium,4,143,8.766666666666667,-0.41102340817451477,0.37990636153845103
BH_s19_medium,4,144,8.8,-0.6251758337020874,0.8132573793393115
BH_s19_medium,4,145,8.833333333333334,-0.7890759706497192,1.1704001014898013
BH_s19_medium,4,146,8.866666666666667,-0.8414708375930786,1.425708540156337
BH_s19_medium,4,147,8.9,-0.8481864333152771,1.5636634758064913
BH_s19_medium,4,148,8.933333333333334,-0.9028677940368652,1.5808074822306093
BH_s19_medium,4,149,8.966666666666667,-0.9028677940368652,1.4861831573669775
BH_s19_medium,4,150,9.0,-0.9028677940368652,1.298643828160609
BH_s19_medium,4,151,9.033333333333333,-0.9575491547584534,1.0415990970044193
BH_s19_medium,4,152,9.066666666666666,-0.9779837727546692,0.7372306608398176
BH_s19_medium,4,153,9.1,-0.6017436385154724,0.40249706166685023
BH_s19_medium,4,154,9.133333333333333,0.2937789559364319,0.0487220919847142
BH_s19_medium,4,155,9.166666666666666,1.3942148685455322,-0.3149948892380279
BH_s19_medium,4,156,9.2,1.9907643795013428,-0.6765941282692987
BH_s19_medium,4,157,9.233333333333333,1.79462468624115,-1.0173546843962198
BH_s19_medium,4,158,9.266666666666667,1.2159017324447632,-1.31181338878745
BH_s19_medium,4,159,9.3,0.6646082401275635,-1.5311434193000133
BH_s19_medium,4,160,9.333333333333334,0.26821276545524597,-1.6482587137396498
BH_s19_medium,4,161,9.366666666666667,0.13607807457447052,-1.6427437155016447
BH_s19_medium,4,162,9.4,0.20214112102985382,-1.5045565897707849
BH_s19_medium,4,163,9.433333333333334,0.30012214183807373,-1.2364017574968833
BH_s19_medium,4,164,9.466666666666667,0.29331347346305847,-0.854963690779963
BH_s19_medium,4,165,9.5,0.12703374028205872,-0.3908397967337284
BH_s19_medium,4,166,9.533333333333333,-0.14180006086826324,0.11345529401067395
BH_s19_medium,4,167,9.566666666666666,-0.4105830192565918,0.6079748890892153
BH_s19_medium,4,168,9.6,-0.5724422931671143,1.0420615695265627
BH_s19_medium,4,169,9.633333333333333,-0.679518461227417,1.3720675176193196
BH_s19_medium,4,170,9.666666666666666,-0.7388237118721008,1.5683507980249252
BH_s19_medium,4,171,9.7,-0.793505072593689,1.619859555994547
BH_s19_medium,4,172,9.733333333333333,-0.7503070831298828,1.5349776059980713
BH_s19_medium,4,173,9.766666666666667,-0.7388237118721008,1.3380609895624314
BH_s19_medium,4,174,9.8,-0.793505072593689,1.0623236762385653
BH_s19_medium,4,175,9.833333333333334,-0.8481864333152771,0.7412139398449449
BH_s19_medium,4,176,9.866666666666667,-0.7460305094718933,0.4014713924831523
BH_s19_medium,4,177,9.9,-0.10193048417568207,0.06055791745631166
BH_s19_medium,4,178,9.933333333333334,0.9229998588562012,-0.2711159038272876
BH_s19_medium,4,179,9.966666666666667,1.7756295204162598,-0.5851336040668849
BH_s19_medium,4,180,10.0,1.9205265045166016,-0.8699574405040766
BH_s19_medium,4,181,10.033333333333333,1.444696307182312,-1.1078905522177585
BH_s19_medium,4,182,10.066666666666666,0.8343008756637573,-1.2751844764392832
BH_s19_medium,4,183,10.1,0.3372991681098938,-1.3455017122586739
BH_s19_medium,4,184,10.133333333333333,0.08139671385288239,-1.296332399397551
BH_s19_medium,4,185,10.166666666666666,0.09487012773752213,-1.1171078899133293
BH_s19_medium,4,186,10.2,0.20194634795188904,-0.8164760455020211
BH_s19_medium,4,187,10.233333333333333,0.2912217378616333,-0.42534723013447595
BH_s19_medium,4,188,10.266666666666667,0.1775316447019577,0.006955754454860657
BH_s19_medium,4,189,10.3,-0.036620792001485825,0.4232619113221332
BH_s19_medium,4,190,10.333333333333334,-0.3054545819759369,0.771821132605811
BH_s19_medium,4,191,10.366666666666667,-0.5196070075035095,1.016708578055784
BH_s19_medium,4,192,10.4,-0.6816102266311646,1.1422184841877334
BH_s19_medium,4,193,10.433333333333334,-0.7388237118721008,1.1516237265129856
BH_s19_medium,4,194,10.466666666666667,-0.7863999009132385,1.062075517305942
BH_s19_medium,4,195,10.5,-0.7482153177261353,0.8974458870896763
BH_s19_medium,4,196,10.533333333333333,-0.7388237118721008,0.6812964702065849
BH_s19_medium,4,197,10.566666666666666,-0.793505072593689,0.4322077195908707
BH_s19_medium,4,198,10.6,-0.8319352269172668,0.1624465466189589
BH_s19_medium,4,199,10.633333333333333,-0.6489302515983582,-0.1205702006961447
BH_s19_medium,4,200,10.666666666666666,0.07884741574525833,-0.41108743184370106
BH_s19_medium,4,201,10.7,1.1942132711410522,-0.7011203528360066
BH_s19_medium,4,202,10.733333333333333,2.14166522026062,-0.9770362704814434
BH_s19_medium,4,203,10.766666666666667,2.2423393726348877,-1.2178600588036215
BH_s19_medium,4,204,10.8,1.6829332113265991,-1.3960589385660722
BH_s19_medium,4,205,10.833333333333334,1.0629006624221802,-1.4807932587696582
BH_s19_medium,4,206,10.866666666666667,0.6023390889167786,-1.4431395152710849
BH_s19_medium,4,207,10.9,0.33695188164711,-1.2628059827238873
BH_s19_medium,4,208,10.933333333333334,0.30012214183807373,-0.9358998013512446
BH_s19_medium,4,209,10.966666666666667,0.3680821359157562,-0.4822050470072196
BH_s19_medium,4,210,11.0,0.40948486328125,0.05170122781618035
BH_s19_medium,4,211,11.033333333333333,0.2827109098434448,0.5975620644252784
BH_s19_medium,4,212,11.066666666666666,0.0685584768652916,1.079540858146844
BH_s19_medium,4,213,11.1,-0.20027531683444977,1.4331398122525785
BH_s19_medium,4,214,11.133333333333333,-0.4144277572631836,1.621722954527783
BH_s19_medium,4,215,11.166666666666666,-0.6285801529884338,1.6439675777007539
BH_s19_medium,4,216,11.2,-0.6841423511505127,1.529404029897646
BH_s19_medium,4,217,11.233333333333333,-0.7388237118721008,1.324535839444451
BH_s19_medium,4,218,11.266666666666667,-0.7388237118721008,1.076201411313264
BH_s19_medium,4,219,11.3,-0.7388237118721008,0.8192784347660049
BH_s19_medium,4,220,11.333333333333334,-0.781632125377655,0.5721881708600938
BH_s19_medium,4,221,11.366666666666667,-0.8340269923210144,0.33914948642124587
BH_s19_medium,4,222,11.4,-0.8481864333152771,0.11605241473169055
BH_s19_medium,4,223,11.433333333333334,-0.3778185546398163,-0.10290656644989318
BH_s19_medium,4,224,11.466666666666667,0.6704086661338806,-0.3197028920121684
BH_s19_medium,4,225,11.5,1.816871166229248,-0.5290960307622109
BH_s19_medium,4,226,11.533333333333333,2.352421998977661,-0.7177945996090203
BH_s19_medium,4,227,11.566666666666666,2.053152322769165,-0.8661317518760112
BH_s19_medium,4,228,11.6,1.4352115392684937,-0.9517913022709745
BH_s19_medium,4,229,11.633333333333333,0.8998304605484009,-0.9549220405210522
BH_s19_medium,4,230,11.666666666666666,0.5136988162994385,-0.8640053642233955
BH_s19_medium,4,231,11.7,0.3371466398239136,-0.6816065822224323
BH_s19_medium,4,232,11.733333333333333,0.30012214183807373,-0.4284093647318473
BH_s19_medium,4,233,11.766666666666667,0.35480350255966187,-0.1433864922198859
BH_s19_medium,4,234,11.8,0.3332087993621826,0.12156205142868584
BH_s19_medium,4,235,11.833333333333334,0.12756723165512085,0.312538492101704
BH_s19_medium,4,236,11.866666666666667,-0.10132038593292236,0.3878908674081647
BH_s19_medium,4,237,11.9,-0.36786767840385437,0.33142753359542193
BH_s19_medium,4,238,11.933333333333334,-0.631112277507782,0.15946908636885973
BH_s19_medium,4,239,11.966666666666667,-0.7922347187995911,-0.08180161035501128
BH_s19_medium,5,0,5.0,-0.9426614046096802,0.11041223649852921
BH_s19_medium,5,1,5.033333333333333,-0.9575491547584534,0.2387943126201038
BH_s19_medium,5,2,5.066666666666666,-0.9927697777748108,0.3603863342065209
BH_s19_medium,5,3,5.1,-1.0122305154800415,0.4748833378048379
BH_s19_medium,5,4,5.133333333333334,-0.9881967902183533,0.5855044278511398
BH_s19_medium,5,5,5.166666666666667,-1.0122305154800415,0.6959397871569359
BH_s19_medium,5,6,5.2,-1.0669118165969849,0.8054558243511126
BH_s19_medium,5,7,5.233333333333333,-1.1215932369232178,0.9058388993645715
BH_s19_medium,5,8,5.266666666666667,-0.8832208514213562,0.9818814973167772
BH_s19_medium,5,9,5.3,0.00014090866898186505,1.0142844989360758
BH_s19_medium,5,10,5.333333333333333,1.1802657842636108,0.9836265992656382
BH_s19_medium,5,11,5.366666666666666,1.9698470830917358,0.8749710470733156
BH_s19_medium,5,12,5.4,1.8787850141525269,0.6823098746944117
BH_s19_medium,5,13,5.433333333333334,1.2786535024642944,0.4113403222626584
BH_s19_medium,5,14,5.466666666666667,0.6439788341522217,0.0797172798305782
BH_s19_medium,5,15,5.5,0.17976731061935425,-0.2846531882361239
BH_s19_medium,5,16,5.533333333333333,0.02671535313129425,-0.6460374257111867
BH_s19_medium,5,17,5.566666666666666,0.027638405561447144,-0.9635420492555189
BH_s19_medium,5,18,5.6,0.08139671385288239,-1.1950955499122797
BH_s19_medium,5,19,5.633333333333334,0.13607807457447052,-1.304097650096928
BH_s19_medium,5,20,5.666666666666667,0.03265181556344032,-1.2680528059588558
BH_s19_medium,5,21,5.7,-0.22202253341674805,-1.0859920003024721
BH_s19_medium,5,22,5.733333333333333,-0.49907928705215454,-0.7809783325447759
BH_s19_medium,5,23,5.766666666666667,-0.7260277271270752,-0.39602376692107244
BH_s19_medium,5,24,5.8,-0.8877853155136108,0.01503046795652499
BH_s19_medium,5,25,5.833333333333333,-0.9575491547584534,0.3981536389383103
BH_s19_medium,5,26,5.866666666666666,-0.9575491547584534,0.7083755727014532
BH_s19_medium,5,27,5.9,-0.9575491547584534,0.9162921001768558
BH_s19_medium,5,28,5.933333333333334,-0.9575491547584534,1.0110645663581654
BH_s19_medium,5,29,5.966666666666667,-1.0122305154800415,0.9992672476833354
BH_s19_medium,5,30,6.0,-1.0669118165969849,0.8997566722208356
BH_s19_medium,5,31,6.033333333333333,-0.8631758093833923,0.7361265068322206
BH_s19_medium,5,32,6.066666666666666,-0.10961136966943741,0.5293865307138729
BH_s19_medium,5,33,6.1,0.9277762174606323,0.29354025085355623
BH_s19_medium,5,34,6.133333333333334,1.7173576354980469,0.035552596339605794
BH_s19_medium,5,35,6.166666666666667,1.704282283782959,-0.24062467280815278
BH_s19_medium,5,36,6.2,1.1020591259002686,-0.5279069565444586
BH_s19_medium,5,37,6.233333333333333,0.4694761037826538,-0.8105450970251162
BH_s19_medium,5,38,6.266666666666667,0.058633338660001755,-1.0617401496273426
BH_s19_medium,5,39,6.3,-0.14263001084327698,-1.2459401677520014
BH_s19_medium,5,40,6.333333333333333,-0.13129916787147522,-1.3258916330779964
BH_s19_medium,5,41,6.366666666666666,0.027443626895546913,-1.2727885215624548
BH_s19_medium,5,42,6.4,0.08139671385288239,-1.0762676240856526
BH_s19_medium,5,43,6.433333333333334,-0.02027653343975544,-0.7503945792238814
BH_s19_medium,5,44,6.466666666666667,-0.2829790711402893,-0.33285254818501026
BH_s19_medium,5,45,6.5,-0.5495263934135437,0.12286036519402188
BH_s19_medium,5,46,6.533333333333333,-0.728119432926178,0.5593898412924431
BH_s19_medium,5,47,6.566666666666666,-0.8481864333152771,0.9271691907950566
BH_s19_medium,5,48,6.6,-0.9028677940368652,1.1921373535994508
BH_s19_medium,5,49,6.633333333333334,-0.9028677940368652,1.3384195102622007
BH_s19_medium,5,50,6.666666666666667,-0.9028677940368652,1.367153657591455
BH_s19_medium,5,51,6.7,-0.9028677940368652,1.2932138055551845
BH_s19_medium,5,52,6.733333333333333,-0.9331258535385132,1.1404337999389051
BH_s19_medium,5,53,6.766666666666667,-0.9295775890350342,0.9352086968306681
BH_s19_medium,5,54,6.8,-0.44966554641723633,0.6995500615723609
BH_s19_medium,5,55,6.833333333333333,0.5028249025344849,0.4462236387767388
BH_s19_medium,5,56,6.866666666666666,1.6384391784667969,0.17834282364505766
BH_s19_medium,5,57,6.9,2.2139697074890137,-0.10624072805249306
BH_s19_medium,5,58,6.933333333333334,1.9506914615631104,-0.4077798067547942
BH_s19_medium,5,59,6.966666666666667,1.3629155158996582,-0.7179388066704042
BH_s19_medium,5,60,7.0,0.7990716695785522,-1.016192589803777
BH_s19_medium,5,61,7.033333333333333,0.4351276755332947,-1.2703958368321182
BH_s19_medium,5,62,7.066666666666666,0.2454407960176468,-1.4413287800296954
BH_s19_medium,5,63,7.1,0.25054728984832764,-1.4903941993984366
BH_s19_medium,5,64,7.133333333333334,0.30012214183807373,-1.389296126361979
BH_s19_medium,5,65,7.166666666666667,0.24490730464458466,-1.1298432954753714
BH_s19_medium,5,66,7.2,0.08490273356437683,-0.7309309204219285
BH_s19_medium,5,67,7.233333333333333,-0.17989154160022736,-0.23934463046619509
BH_s19_medium,5,68,7.266666666666667,-0.44643881916999817,0.2776021379321334
BH_s19_medium,5,69,7.3,-0.6208484172821045,0.7465466326318433
BH_s19_medium,5,70,7.333333333333333,-0.727924644947052,1.1052263019417166
BH_s19_medium,5,71,7.366666666666666,-0.7388237118721008,1.3161815611011884
BH_s19_medium,5,72,7.4,-0.7388237118721008,1.372253303482133
BH_s19_medium,5,73,7.433333333333334,-0.7757465243339539,1.2927350044524923
BH_s19_medium,5,74,7.466666666666667,-0.793505072593689,1.112905330450901
BH_s19_medium,5,75,7.5,-0.8258548378944397,0.8717767111697222
BH_s19_medium,5,76,7.533333333333333,-0.5885072350502014,0.6023899192343011
BH_s19_medium,5,77,7.566666666666666,0.222025066614151,0.326876147765758
BH_s19_medium,5,78,7.6,1.3205640316009521,0.05636512691470667
BH_s19_medium,5,79,7.633333333333334,2.088059425354004,-0.20565574115432725
BH_s19_medium,5,80,7.666666666666667,2.0756192207336426,-0.45857841555130785
BH_s19_medium,5,81,7.7,1.5740023851394653,-0.7002464746997786
BH_s19_medium,5,82,7.733333333333333,1.0549654960632324,-0.9236256137298443
BH_s19_medium,5,83,7.766666666666667,0.6547761559486389,-1.1147127887191426
BH_s19_medium,5,84,7.8,0.4406237304210663,-1.252130857185148
BH_s19_medium,5,85,7.833333333333333,0.30012214183807373,-1.3092504740611766
BH_s19_medium,5,86,7.866666666666666,0.30012214183807373,-1.2592302631588208
BH_s19_medium,5,87,7.9,0.29521042108535767,-1.0824077469639413
BH_s19_medium,5,88,7.933333333333334,0.13345284759998322,-0.7746127442749993
BH_s19_medium,5,89,7.966666666666667,-0.08332479745149612,-0.3539921901126587
BH_s19_medium,5,90,8.0,-0.3502108156681061,0.1370007301846058
BH_s19_medium,5,91,8.033333333333333,-0.5663110017776489,0.6371202310943231
BH_s19_medium,5,92,8.066666666666666,-0.7257820963859558,1.0789212128621883
BH_s19_medium,5,93,8.1,-0.7846977710723877,1.404436773920242
BH_s19_medium,5,94,8.133333333333333,-0.8370925784111023,1.578346959434779
BH_s19_medium,5,95,8.166666666666666,-0.8481864333152771,1.5939801047115314
BH_s19_medium,5,96,8.2,-0.8481864333152771,1.4702487965835878
BH_s19_medium,5,97,8.233333333333333,-0.9028677940368652,1.2412582733438904
BH_s19_medium,5,98,8.266666666666667,-0.9575491547584534,0.9434554061420569
BH_s19_medium,5,99,8.3,-0.6327299475669861,0.6059449934665847
BH_s19_medium,5,100,8.333333333333334,0.24085061252117157,0.247281683172377
BH_s19_medium,5,101,8.366666666666667,1.313899278640747,-0.12159535389888206
BH_s19_medium,5,102,8.4,1.9364726543426514,-0.4912169833524267
BH_s19_medium,5,103,8.433333333333334,1.848526954650879,-0.8477612684631876
BH_s19_medium,5,104,8.466666666666667,1.2901369333267212,-1.1700371710768076
BH_s19_medium,5,105,8.5,0.7731918096542358,-1.4301293024954809
BH_s19_medium,5,106,8.533333333333333,0.41571781039237976,-1.5973021501071867
BH_s19_medium,5,107,8.566666666666666,0.2315778285264969,-1.644007490473368
BH_s19_medium,5,108,8.6,0.2023358941078186,-1.5523816691271914
BH_s19_medium,5,109,8.633333333333333,0.2454407960176468,-1.3195403824794594
BH_s19_medium,5,110,8.666666666666666,0.23843733966350555,-0.9603450979055452
BH_s19_medium,5,111,8.7,0.07196281850337982,-0.50684485191709
BH_s19_medium,5,112,8.733333333333333,-0.14462006092071533,-0.004147589533767681
BH_s19_medium,5,113,8.766666666666667,-0.41102340817451477,0.49656366452067613
BH_s19_medium,5,114,8.8,-0.6251758337020874,0.9458712626975317
BH_s19_medium,5,115,8.833333333333334,-0.7890759706497192,1.3025832834535023
BH_s19_medium,5,116,8.866666666666667,-0.8414708375930786,1.5380142704842457
BH_s19_medium,5,117,8.9,-0.8481864333152771,1.638550040167266
BH_s19_medium,5,118,8.933333333333334,-0.9028677940368652,1.606483009834956
BH_s19_medium,5,119,8.966666666666667,-0.9028677940368652,1.4582290312192487
BH_s19_medium,5,120,9.0,-0.9028677940368652,1.2195637748893142
BH_s19_medium,5,121,9.033333333333333,-0.9575491547584534,0.9190527489714768
BH_s19_medium,5,122,9.066666666666666,-0.9779837727546692,0.5819847008085739
BH_s19_medium,5,123,9.1,-0.6017436385154724,0.22704034555441233
BH_s19_medium,5,124,9.133333333333333,0.2937789559364319,-0.13333940129825336
BH_s19_medium,5,125,9.166666666666666,1.3942148685455322,-0.48958565751516986
BH_s19_medium,5,126,9.2,1.9907643795013428,-0.8304896930493673
BH_s19_medium,5,127,9.233333333333333,1.79462468624115,-1.139704221738686
BH_s19_medium,5,128,9.266666666666667,1.2159017324447632,-1.3949147037906937
BH_s19_medium,5,129,9.3,0.6646082401275635,-1.5702045926859907
BH_s19_medium,5,130,9.333333333333334,0.26821276545524597,-1.6407820594339653
BH_s19_medium,5,131,9.366666666666667,0.13607807457447052,-1.5883705570242965
BH_s19_medium,5,132,9.4,0.20214112102985382,-1.4056502431470523
BH_s19_medium,5,133,9.433333333333334,0.30012214183807373,-1.0988932173766617
BH_s19_medium,5,134,9.466666666666667,0.29331347346305847,-0.6887146417789194
BH_s19_medium,5,135,9.5,0.12703374028205872,-0.20913236605183036
BH_s19_medium,5,136,9.533333333333333,-0.14180006086826324,0.29515841420250016
BH_s19_medium,5,137,9.566666666666666,-0.4105830192565918,0.7736339300437323
BH_s19_medium,5,138,9.6,-0.5724422931671143,1.1768670337178657
BH_s19_medium,5,139,9.633333333333333,-0.679518461227417,1.4645388132754356
BH_s19_medium,5,140,9.666666666666666,-0.7388237118721008,1.612571248221511
BH_s19_medium,5,141,9.7,-0.793505072593689,1.6169908628363687
BH_s19_medium,5,142,9.733333333333333,-0.7503070831298828,1.4927367081294824
BH_s19_medium,5,143,9.766666666666667,-0.7388237118721008,1.267453867252185
BH_s19_medium,5,144,9.8,-0.793505072593689,0.9727434101261229
BH_s19_medium,5,145,9.833333333333334,-0.8481864333152771,0.6366907494387557
BH_s19_medium,5,146,9.866666666666667,-0.7460305094718933,0.280576000299164
BH_s19_medium,5,147,9.9,-0.10193048417568207,-0.07980725056192255
BH_s19_medium,5,148,9.933333333333334,0.9229998588562012,-0.43017765004313924
BH_s19_medium,5,149,9.966666666666667,1.7756295204162598,-0.7540491807428419
BH_s19_medium,5,150,10.0,1.9205265045166016,-1.031362157658935
BH_s19_medium,5,151,10.033333333333333,1.444696307182312,-1.239811969135619
BH_s19_medium,5,152,10.066666666666666,0.8343008756637573,-1.357867623703602
BH_s19_medium,5,153,10.1,0.3372991681098938,-1.3683169883719235
BH_s19_medium,5,154,10.133333333333333,0.08139671385288239,-1.2619761631257742
BH_s19_medium,5,155,10.166666666666666,0.09487012773752213,-1.0414946220130843
BH_s19_medium,5,156,10.2,0.20194634795188904,-0.7241587133576283
BH_s19_medium,5,157,10.233333333333333,0.2912217378616333,-0.3416404659725424
BH_s19_medium,5,158,10.266666666666667,0.1775316447019577,0.06458204394417665
BH_s19_medium,5,159,10.3,-0.036620792001485825,0.45106785342126166
BH_s19_medium,5,160,10.333333333333334,-0.3054545819759369,0.7802449713901566
BH_s19_medium,5,161,10.366666666666667,-0.5196070075035095,1.0251148155562702
BH_s19_medium,5,162,10.4,-0.6816102266311646,1.170527556085417
BH_s19_medium,5,163,10.433333333333334,-0.7388237118721008,1.2128017585460777
BH_s19_medium,5,164,10.466666666666667,-0.7863999009132385,1.1583912376963679
BH_s19_medium,5,165,10.5,-0.7482153177261353,1.0208891349057847
BH_s19_medium,5,166,10.533333333333333,-0.7388237118721008,0.8168165201316179
BH_s19_medium,5,167,10.566666666666666,-0.793505072593689,0.5622727190280672
BH_s19_medium,5,168,10.6,-0.8319352269172668,0.27185102419944746
BH_s19_medium,5,169,10.633333333333333,-0.6489302515983582,-0.04056276775320114
BH_s19_medium,5,170,10.666666666666666,0.07884741574525833,-0.3601918859522863
BH_s19_medium,5,171,10.7,1.1942132711410522,-0.6698329106584361
BH_s19_medium,5,172,10.733333333333333,2.14166522026062,-0.9490959724118634
BH_s19_medium,5,173,10.766666666666667,2.2423393726348877,-1.174994787947411
BH_s19_medium,5,174,10.8,1.6829332113265991,-1.3239685980079723
BH_s19_medium,5,175,10.833333333333334,1.0629006624221802,-1.3748174573661556
BH_s19_medium,5,176,10.866666666666667,0.6023390889167786,-1.3118088169099618
BH_s19_medium,5,177,10.9,0.33695188164711,-1.1276118282635765
BH_s19_medium,5,178,10.933333333333334,0.30012214183807373,-0.8263567200581554
BH_s19_medium,5,179,10.966666666666667,0.3680821359157562,-0.42687507692501947
BH_s19_medium,5,180,11.0,0.40948486328125,0.035306353888466493
BH_s19_medium,5,181,11.033333333333333,0.2827109098434448,0.5097679548493078
BH_s19_medium,5,182,11.066666666666666,0.0685584768652916,0.9384456365058144
BH_s19_medium,5,183,11.1,-0.20027531683444977,1.2673129738427389
BH_s19_medium,5,184,11.133333333333333,-0.4144277572631836,1.4586873905162492
BH_s19_medium,5,185,11.166666666666666,-0.6285801529884338,1.4993256779176438
BH_s19_medium,5,186,11.2,-0.6841423511505127,1.4011381862526286
BH_s19_medium,5,187,11.233333333333333,-0.7388237118721008,1.194683539312889
BH_s19_medium,5,188,11.266666666666667,-0.7388237118721008,0.9186514137873183
BH_s19_medium,5,189,11.3,-0.7388237118721008,0.6097204518121526
BH_s19_medium,5,190,11.333333333333334,-0.781632125377655,0.2960733901092821
BH_s19_medium,5,191,11.366666666666667,-0.8340269923210144,-0.004418309328772415
BH_s19_medium,5,192,11.4,-0.8481864333152771,-0.28226941655642956
BH_s19_medium,5,193,11.433333333333334,-0.3778185546398163,-0.5326166006494798
BH_s19_medium,5,194,11.466666666666667,0.6704086661338806,-0.7515310572598963
BH_s19_medium,5,195,11.5,1.816871166229248,-0.9336060213783552
BH_s19_medium,5,196,11.533333333333333,2.352421998977661,-1.071008466381481
BH_s19_medium,5,197,11.566666666666666,2.053152322769165,-1.1535248623919163
BH_s19_medium,5,198,11.6,1.4352115392684937,-1.1691919118781033
BH_s19_medium,5,199,11.633333333333333,0.8998304605484009,-1.105630896736362
BH_s19_medium,5,200,11.666666666666666,0.5136988162994385,-0.9526009129429623
BH_s19_medium,5,201,11.7,0.3371466398239136,-0.7060238490457775
BH_s19_medium,5,202,11.733333333333333,0.30012214183807373,-0.37275455598546825
BH_s19_medium,5,203,11.766666666666667,0.35480350255966187,0.025693955890526067
BH_s19_medium,5,204,11.8,0.3332087993621826,0.45259818422195375
BH_s19_medium,5,205,11.833333333333334,0.12756723165512085,0.8600000097580996
BH_s19_medium,5,206,11.866666666666667,-0.10132038593292236,1.196892252983501
BH_s19_medium,5,207,11.9,-0.36786767840385437,1.4194997825579092
BH_s19_medium,5,208,11.933333333333334,-0.631112277507782,1.5005031159617357
BH_s19_medium,5,209,11.966666666666667,-0.7922347187995911,1.434232045571257
BH_s19_medium,5,210,12.0,-0.845264732837677,1.236213135455782
BH_s19_medium,5,211,12.033333333333333,-0.8976595997810364,0.9374721075918547
BH_s19_medium,5,212,12.066666666666666,-0.9028677940368652,0.5758680913633031
BH_s19_medium,5,213,12.1,-0.9028677940368652,0.18764182598904827
BH_s19_medium,5,214,12.133333333333333,-0.9454814195632935,-0.19811981826985248
BH_s19_medium,5,215,12.166666666666666,-0.9978762865066528,-0.5609297014490806
BH_s19_medium,5,216,12.2,-0.8053865432739258,-0.8868700137102913
BH_s19_medium,5,217,12.233333333333333,-0.03426694869995117,-1.1649084794816316
BH_s19_medium,5,218,12.266666666666667,1.1057169437408447,-1.3835658979610321
BH_s19_medium,5,219,12.3,1.9871058464050293,-1.5293125773864422
BH_s19_medium,5,220,12.333333333333334,2.01792311668396,-1.5871761936446789
BH_s19_medium,5,221,12.366666666666667,1.5075074434280396,-1.5433193747471023
BH_s19_medium,5,222,12.4,0.8893718123435974,-1.3889540964258984
BH_s19_medium,5,223,12.433333333333334,0.430707186460495,-1.1247447904806818
BH_s19_medium,5,224,12.466666666666667,0.1710108369588852,-0.764611377839653
BH_s19_medium,5,225,12.5,0.15354016423225403,-0.337607832128795
BH_s19_medium,5,226,12.533333333333333,0.2059350162744522,0.11345115696794136
BH_s19_medium,5,227,12.566666666666666,0.2872330844402313,0.5374346395621394
BH_s19_medium,5,228,12.6,0.16955429315567017,0.8840594710603293
BH_s19_medium,5,229,12.633333333333333,-0.05291420593857765,1.1147348366463958
BH_s19_medium,5,230,12.666666666666666,-0.3741428554058075,1.21156863409332
BH_s19_medium,5,231,12.7,-0.6369470953941345,1.1810758081019135
BH_s19_medium,5,232,12.733333333333333,-0.8496429324150085,1.0512602668498836
BH_s19_medium,5,233,12.766666666666667,-0.9028677940368652,0.8635308592671663
BH_s19_medium,5,234,12.8,-0.9575491547584534,0.662525174720507
BH_s19_medium,5,235,12.833333333333334,-0.9575491547584534,0.486782292359882
BH_s19_medium,5,236,12.866666666666667,-0.9575491547584534,0.3619260154876673
BH_s19_medium,5,237,12.9,-0.9575491547584534,0.29684408738566215
BH_s19_medium,5,238,12.933333333333334,-1.0546493530273438,0.28307854570295704
BH_s19_medium,5,239,12.966666666666667,-0.8918333649635315,0.29776853098936723
BH_s19_medium,6,0,6.0,-1.0669118165969849,-0.10493309141150339
BH_s19_medium,6,1,6.033333333333333,-0.8631758093833923,0.1659879555164985
BH_s19_medium,6,2,6.066666666666666,-0.10961136966943741,0.3837365656686286
BH_s19_medium,6,3,6.1,0.9277762174606323,0.5028996813162439
BH_s19_medium,6,4,6.133333333333334,1.7173576354980469,0.49679830965426525
BH_s19_medium,6,5,6.166666666666667,1.704282283782959,0.36356514413448476
BH_s19_medium,6,6,6.2,1.1020591259002686,0.12725849889562912
BH_s19_medium,6,7,6.233333333333333,0.4694761037826538,-0.1669705963508068
BH_s19_medium,6,8,6.266666666666667,0.058633338660001755,-0.4627027427783131
BH_s19_medium,6,9,6.3,-0.14263001084327698,-0.7044182056228706
BH_s19_medium,6,10,6.333333333333333,-0.13129916787147522,-0.8487170416133021
BH_s19_medium,6,11,6.366666666666666,0.027443626895546913,-0.8719682981776029
BH_s19_medium,6,12,6.4,0.08139671385288239,-0.7732784907980551
BH_s19_medium,6,13,6.433333333333334,-0.02027653343975544,-0.5728697390145933
BH_s19_medium,6,14,6.466666666666667,-0.2829790711402893,-0.306294148209579
BH_s19_medium,6,15,6.5,-0.5495263934135437,-0.015439281997360582
BH_s19_medium,6,16,6.533333333333333,-0.728119432926178,0.26127962471658495
BH_s19_medium,6,17,6.566666666666666,-0.8481864333152771,0.4961891243391304
BH_s19_medium,6,18,6.6,-0.9028677940368652,0.6747663903046611
BH_s19_medium,6,19,6.633333333333334,-0.9028677940368652,0.793350786686501
BH_s19_medium,6,20,6.666666666666667,-0.9028677940368652,0.8545632898335656
BH_s19_medium,6,21,6.7,-0.9028677940368652,0.8632816263375618
BH_s19_medium,6,22,6.733333333333333,-0.9331258535385132,0.8244494571590821
BH_s19_medium,6,23,6.766666666666667,-0.9295775890350342,0.7422256891997563
BH_s19_medium,6,24,6.8,-0.44966554641723633,0.6196777231578657
BH_s19_medium,6,25,6.833333333333333,0.5028249025344849,0.4588661046956491
BH_s19_medium,6,26,6.866666666666666,1.6384391784667969,0.26153495155798023
BH_s19_medium,6,27,6.9,2.2139697074890137,0.030559362552707484
BH_s19_medium,6,28,6.933333333333334,1.9506914615631104,-0.22788091391881116
BH_s19_medium,6,29,6.966666666666667,1.3629155158996582,-0.5017628243394884
BH_s19_medium,6,30,7.0,0.7990716695785522,-0.7711793811206552
BH_s19_medium,6,31,7.033333333333333,0.4351276755332947,-1.0079890129372044
BH_s19_medium,6,32,7.066666666666666,0.2454407960176468,-1.1781687462530284
BH_s19_medium,6,33,7.1,0.25054728984832764,-1.247268635964994
BH_s19_medium,6,34,7.133333333333334,0.30012214183807373,-1.188466178113332
BH_s19_medium,6,35,7.166666666666667,0.24490730464458466,-0.9914691297828168
BH_s19_medium,6,36,7.2,0.08490273356437683,-0.6692172177011744
BH_s19_medium,6,37,7.233333333333333,-0.17989154160022736,-0.25909815788598173
BH_s19_medium,6,38,7.266666666666667,-0.44643881916999817,0.18300338286244774
BH_s19_medium,6,39,7.3,-0.6208484172821045,0.5947122214769561
BH_s19_medium,6,40,7.333333333333333,-0.727924644947052,0.9215335385716142
BH_s19_medium,6,41,7.366666666666666,-0.7388237118721008,1.128751089229151
BH_s19_medium,6,42,7.4,-0.7388237118721008,1.2068799699226003
BH_s19_medium,6,43,7.433333333333334,-0.7757465243339539,1.1692272817518348
BH_s19_medium,6,44,7.466666666666667,-0.793505072593689,1.0432188266939353
BH_s19_medium,6,45,7.5,-0.8258548378944397,0.8594057158065952
BH_s19_medium,6,46,7.533333333333333,-0.5885072350502014,0.6424494963699048
BH_s19_medium,6,47,7.566666666666666,0.222025066614151,0.4069121240133582
BH_s19_medium,6,48,7.6,1.3205640316009521,0.1582403514522298
BH_s19_medium,6,49,7.633333333333334,2.088059425354004,-0.10270699837691491
BH_s19_medium,6,50,7.666666666666667,2.0756192207336426,-0.37396319394020083
BH_s19_medium,6,51,7.7,1.5740023851394653,-0.6475937818673184
BH_s19_medium,6,52,7.733333333333333,1.0549654960632324,-0.9069630263758042
BH_s19_medium,6,53,7.766666666666667,0.6547761559486389,-1.1268480790175877
BH_s19_medium,6,54,7.8,0.4406237304210663,-1.276694085757018
BH_s19_medium,6,55,7.833333333333333,0.30012214183807373,-1.3265315558321236
BH_s19_medium,6,56,7.866666666666666,0.30012214183807373,-1.253931801773478
BH_s19_medium,6,57,7.9,0.29521042108535767,-1.0500099354664034
BH_s19_medium,6,58,7.933333333333334,0.13345284759998322,-0.7234483390691552
BH_s19_medium,6,59,7.966666666666667,-0.08332479745149612,-0.302200324624257
BH_s19_medium,6,60,8.0,-0.3502108156681061,0.16816595256259614
BH_s19_medium,6,61,8.033333333333333,-0.5663110017776489,0.6308098008209244
BH_s19_medium,6,62,8.066666666666666,-0.7257820963859558,1.0281642826624728
BH_s19_medium,6,63,8.1,-0.7846977710723877,1.3137473051904378
BH_s19_medium,6,64,8.133333333333333,-0.8370925784111023,1.4613786547354806
BH_s19_medium,6,65,8.166666666666666,-0.8481864333152771,1.4687663662447537
BH_s19_medium,6,66,8.2,-0.8481864333152771,1.354252414542086
BH_s19_medium,6,67,8.233333333333333,-0.9028677940368652,1.1479979188420664
BH_s19_medium,6,68,8.266666666666667,-0.9575491547584534,0.8813535299870845
BH_s19_medium,6,69,8.3,-0.6327299475669861,0.5789306791886932
BH_s19_medium,6,70,8.333333333333334,0.24085061252117157,0.2560722249874416
BH_s19_medium,6,71,8.366666666666667,1.313899278640747,-0.07855471826891769
BH_s19_medium,6,72,8.4,1.9364726543426514,-0.41761479160303366
BH_s19_medium,6,73,8.433333333333334,1.848526954650879,-0.7498393219902673
BH_s19_medium,6,74,8.466666666666667,1.2901369333267212,-1.0568705960236386
BH_s19_medium,6,75,8.5,0.7731918096542358,-1.3131138203621349
BH_s19_medium,6,76,8.533333333333333,0.41571781039237976,-1.488703024732019
BH_s19_medium,6,77,8.566666666666666,0.2315778285264969,-1.555027904693249
BH_s19_medium,6,78,8.6,0.2023358941078186,-1.491444555155207
BH_s19_medium,6,79,8.633333333333333,0.2454407960176468,-1.2912398130383145
BH_s19_medium,6,80,8.666666666666666,0.23843733966350555,-0.9651073863074258
BH_s19_medium,6,81,8.7,0.07196281850337982,-0.5410784421147485
BH_s19_medium,6,82,8.733333333333333,-0.14462006092071533,-0.06068696372665458
BH_s19_medium,6,83,8.766666666666667,-0.41102340817451477,0.42768847714125785
BH_s19_medium,6,84,8.8,-0.6251758337020874,0.876110921274434
BH_s19_medium,6,85,8.833333333333334,-0.7890759706497192,1.2428261289005822
BH_s19_medium,6,86,8.866666666666667,-0.8414708375930786,1.4960551643546582
BH_s19_medium,6,87,8.9,-0.8481864333152771,1.616820698251021
BH_s19_medium,6,88,8.933333333333334,-0.9028677940368652,1.6010539832536914
BH_s19_medium,6,89,8.966666666666667,-0.9028677940368652,1.4598530500943923
BH_s19_medium,6,90,9.0,-0.9028677940368652,1.2168182664081602
BH_s19_medium,6,91,9.033333333333333,-0.9575491547584534,0.9026734909530039
BH_s19_medium,6,92,9.066666666666666,-0.9779837727546692,0.5486564380682183
BH_s19_medium,6,93,9.1,-0.6017436385154724,0.18083446655034494
BH_s19_medium,6,94,9.133333333333333,0.2937789559364319,-0.18262755989557886
BH_s19_medium,6,95,9.166666666666666,1.3942148685455322,-0.5303359097406257
BH_s19_medium,6,96,9.2,1.9907643795013428,-0.8535631804663875
BH_s19_medium,6,97,9.233333333333333,1.79462468624115,-1.1414429015314878
BH_s19_medium,6,98,9.266666666666667,1.2159017324447632,-1.3778069593891704
BH_s19_medium,6,99,9.3,0.6646082401275635,-1.5410376586699397
BH_s19_medium,6,100,9.333333333333334,0.26821276545524597,-1.6070742968672138
BH_s19_medium,6,101,9.366666666666667,0.13607807457447052,-1.554710728952288
BH_s19_medium,6,102,9.4,0.20214112102985382,-1.3717300022825023
BH_s19_medium,6,103,9.433333333333334,0.30012214183807373,-1.0602516027796585
BH_s19_medium,6,104,9.466666666666667,0.29331347346305847,-0.6398202883248698
BH_s19_medium,6,105,9.5,0.12703374028205872,-0.14712272591476028
BH_s19_medium,6,106,9.533333333333333,-0.14180006086826324,0.3681963544394608
BH_s19_medium,6,107,9.566666666666666,-0.4105830192565918,0.8511003191631251
BH_s19_medium,6,108,9.6,-0.5724422931671143,1.2502587893663446
BH_s19_medium,6,109,9.633333333333333,-0.679518461227417,1.5262423002439258
BH_s19_medium,6,110,9.666666666666666,-0.7388237118721008,1.6571116652920026
BH_s19_medium,6,111,9.7,-0.793505072593689,1.6407030747166103
BH_s19_medium,6,112,9.733333333333333,-0.7503070831298828,1.4932105425646538
BH_s19_medium,6,113,9.766666666666667,-0.7388237118721008,1.2439938481079733
BH_s19_medium,6,114,9.8,-0.793505072593689,0.927735388852177
BH_s19_medium,6,115,9.833333333333334,-0.8481864333152771,0.5764399652201252
BH_s19_medium,6,116,9.866666666666667,-0.7460305094718933,0.21412057871378973
BH_s19_medium,6,117,9.9,-0.10193048417568207,-0.1440718100179416
BH_s19_medium,6,118,9.933333333333334,0.9229998588562012,-0.48855406623586944
BH_s19_medium,6,119,9.966666666666667,1.7756295204162598,-0.8099469697967837
BH_s19_medium,6,120,10.0,1.9205265045166016,-1.0943323753471512
BH_s19_medium,6,121,10.033333333333333,1.444696307182312,-1.3211789709503212
BH_s19_medium,6,122,10.066666666666666,0.8343008756637573,-1.464739081131672
BH_s19_medium,6,123,10.1,0.3372991681098938,-1.498638805723372
BH_s19_medium,6,124,10.133333333333333,0.08139671385288239,-1.4027662465482915
BH_s19_medium,6,125,10.166666666666666,0.09487012773752213,-1.1708731173552491
BH_s19_medium,6,126,10.2,0.20194634795188904,-0.8163150837994274
BH_s19_medium,6,127,10.233333333333333,0.2912217378616333,-0.37312148023335856
BH_s19_medium,6,128,10.266666666666667,0.1775316447019577,0.1089257650010502
BH_s19_medium,6,129,10.3,-0.036620792001485825,0.573845425890049
BH_s19_medium,6,130,10.333333333333334,-0.3054545819759369,0.970020666686114
BH_s19_medium,6,131,10.366666666666667,-0.5196070075035095,1.2581076174896066
BH_s19_medium,6,132,10.4,-0.6816102266311646,1.415009306796992
BH_s19_medium,6,133,10.433333333333334,-0.7388237118721008,1.4348722244682468
BH_s19_medium,6,134,10.466666666666667,-0.7863999009132385,1.3280138876847525
BH_s19_medium,6,135,10.5,-0.7482153177261353,1.1176651604369303
BH_s19_medium,6,136,10.533333333333333,-0.7388237118721008,0.8344972827480107
BH_s19_medium,6,137,10.566666666666666,-0.793505072593689,0.5099859790727148
BH_s19_medium,6,138,10.6,-0.8319352269172668,0.17056566989208338
BH_s19_medium,6,139,10.633333333333333,-0.6489302515983582,-0.16539603600549543
BH_s19_medium,6,140,10.666666666666666,0.07884741574525833,-0.48666070069968775
BH_s19_medium,6,141,10.7,1.1942132711410522,-0.7847732946519347
BH_s19_medium,6,142,10.733333333333333,2.14166522026062,-1.0486744166083874
BH_s19_medium,6,143,10.766666666666667,2.2423393726348877,-1.2612699772036329
BH_s19_medium,6,144,10.8,1.6829332113265991,-1.3997646288606815
BH_s19_medium,6,145,10.833333333333334,1.0629006624221802,-1.4395659927102364
BH_s19_medium,6,146,10.866666666666667,0.6023390889167786,-1.3602083014156099
BH_s19_medium,6,147,10.9,0.33695188164711,-1.1515217203272978
BH_s19_medium,6,148,10.933333333333334,0.30012214183807373,-0.8187514490895456
BH_s19_medium,6,149,10.966666666666667,0.3680821359157562,-0.38553093814324646
BH_s19_medium,6,150,11.0,0.40948486328125,0.10674791032539128
BH_s19_medium,6,151,11.033333333333333,0.2827109098434448,0.6042488412932339
BH_s19_medium,6,152,11.066666666666666,0.0685584768652916,1.0498462962820243
BH_s19_medium,6,153,11.1,-0.20027531683444977,1.3933755890761788
BH_s19_medium,6,154,11.133333333333333,-0.4144277572631836,1.6000578271472163
BH_s19_medium,6,155,11.166666666666666,-0.6285801529884338,1.6552465407700074
BH_s19_medium,6,156,11.2,-0.6841423511505127,1.5647717602780364
BH_s19_medium,6,157,11.233333333333333,-0.7388237118721008,1.3511947237660227
BH_s19_medium,6,158,11.266666666666667,-0.7388237118721008,1.047362231560376
BH_s19_medium,6,159,11.3,-0.7388237118721008,0.6892859833776828
BH_s19_medium,6,160,11.333333333333334,-0.781632125377655,0.310163359310021
BH_s19_medium,6,161,11.366666666666667,-0.8340269923210144,-0.0633377650040821
BH_s19_medium,6,162,11.4,-0.8481864333152771,-0.4121036594928579
BH_s19_medium,6,163,11.433333333333334,-0.3778185546398163,-0.7232238080050456
BH_s19_medium,6,164,11.466666666666667,0.6704086661338806,-0.9873752052464506
BH_s19_medium,6,165,11.5,1.816871166229248,-1.1963276791205688
BH_s19_medium,6,166,11.533333333333333,2.352421998977661,-1.3413872975485548
BH_s19_medium,6,167,11.566666666666666,2.053152322769165,-1.412872990744103
BH_s19_medium,6,168,11.6,1.4352115392684937,-1.400576523084202
BH_s19_medium,6,169,11.633333333333333,0.8998304605484009,-1.2953825541377977
BH_s19_medium,6,170,11.666666666666666,0.5136988162994385,-1.092214488148927
BH_s19_medium,6,171,11.7,0.3371466398239136,-0.793917233141809
BH_s19_medium,6,172,11.733333333333333,0.30012214183807373,-0.414821337397652
BH_s19_medium,6,173,11.766666666666667,0.35480350255966187,0.017671637722891598
BH_s19_medium,6,174,11.8,0.3332087993621826,0.4645765669396859
BH_s19_medium,6,175,11.833333333333334,0.12756723165512085,0.8799204865266756
BH_s19_medium,6,176,11.866666666666667,-0.10132038593292236,1.2176419227349466
BH_s19_medium,6,177,11.9,-0.36786767840385437,1.439489458208965
BH_s19_medium,6,178,11.933333333333334,-0.631112277507782,1.5222676448824297
BH_s19_medium,6,179,11.966666666666667,-0.7922347187995911,1.4624877719957128
BH_s19_medium,6,180,12.0,-0.845264732837677,1.2765343853105302
BH_s19_medium,6,181,12.033333333333333,-0.8976595997810364,0.9955966811772105
BH_s19_medium,6,182,12.066666666666666,-0.9028677940368652,0.6568979263962573
BH_s19_medium,6,183,12.1,-0.9028677940368652,0.2946726553498293
BH_s19_medium,6,184,12.133333333333333,-0.9454814195632935,-0.06561661429468434
BH_s19_medium,6,185,12.166666666666666,-0.9978762865066528,-0.4080425655735754
BH_s19_medium,6,186,12.2,-0.8053865432739258,-0.7225337631327775
BH_s19_medium,6,187,12.233333333333333,-0.03426694869995117,-0.9992130233697546
BH_s19_medium,6,188,12.266666666666667,1.1057169437408447,-1.2238401286188738
BH_s19_medium,6,189,12.3,1.9871058464050293,-1.3766055617401354
BH_s19_medium,6,190,12.333333333333334,2.01792311668396,-1.4347262218945087
BH_s19_medium,6,191,12.366666666666667,1.5075074434280396,-1.3777081042723378
BH_s19_medium,6,192,12.4,0.8893718123435974,-1.1935857708772604
BH_s19_medium,6,193,12.433333333333334,0.430707186460495,-0.8845644713321746
BH_s19_medium,6,194,12.466666666666667,0.1710108369588852,-0.47061806510928667
BH_s19_medium,6,195,12.5,0.15354016423225403,0.010263903479407255
BH_s19_medium,6,196,12.533333333333333,0.2059350162744522,0.5059951745357151
BH_s19_medium,6,197,12.566666666666666,0.2872330844402313,0.9582873807377693
BH_s19_medium,6,198,12.6,0.16955429315567017,1.312993884678144
BH_s19_medium,6,199,12.633333333333333,-0.05291420593857765,1.5302840513213851
BH_s19_medium,6,200,12.666666666666666,-0.3741428554058075,1.5917998062531367
BH_s19_medium,6,201,12.7,-0.6369470953941345,1.5028418349092496
BH_s19_medium,6,202,12.733333333333333,-0.8496429324150085,1.2893210903864736
BH_s19_medium,6,203,12.766666666666667,-0.9028677940368652,0.9907140844723421
BH_s19_medium,6,204,12.8,-0.9575491547584534,0.6508934421610418
BH_s19_medium,6,205,12.833333333333334,-0.9575491547584534,0.30887991397370035
BH_s19_medium,6,206,12.866666666666667,-0.9575491547584534,-0.008241969411306877
BH_s19_medium,6,207,12.9,-0.9575491547584534,-0.2882442104933308
BH_s19_medium,6,208,12.933333333333334,-1.0546493530273438,-0.5316977141386305
BH_s19_medium,6,209,12.966666666666667,-0.8918333649635315,-0.7458353163362074
BH_s19_medium,6,210,13.0,-0.179485484957695,-0.9366628353235549
BH_s19_medium,6,211,13.033333333333333,0.9100005030632019,-1.1022726943027832
BH_s19_medium,6,212,13.066666666666666,1.8667932748794556,-1.2299193684628282
BH_s19_medium,6,213,13.1,2.0426342487335205,-1.2980155340830577
BH_s19_medium,6,214,13.133333333333333,1.5496385097503662,-1.282269607433044
BH_s19_medium,6,215,13.166666666666666,0.9335945248603821,-1.1637155958707288
BH_s19_medium,6,216,13.2,0.4223402738571167,-0.9360831068397211
BH_s19_medium,6,217,13.233333333333333,0.14707879722118378,-0.6104734590170655
BH_s19_medium,6,218,13.266666666666667,0.08139671385288239,-0.21603256515462962
BH_s19_medium,6,219,13.3,0.09866402298212051,0.2038210918751849
BH_s19_medium,6,220,13.333333333333334,0.13607807457447052,0.5989370236962422
BH_s19_medium,6,221,13.366666666666667,0.06870241463184357,0.921910289666811
BH_s19_medium,6,222,13.4,-0.11387074738740921,1.1369446366316156
BH_s19_medium,6,223,13.433333333333334,-0.42697811126708984,1.2257979106452277
BH_s19_medium,6,224,13.466666666666667,-0.6411305069923401,1.1897040230074294
BH_s19_medium,6,225,13.5,-0.8517346978187561,1.0473111499712027
BH_s19_medium,6,226,13.533333333333333,-0.9041295647621155,0.8291308838772261
BH_s19_medium,6,227,13.566666666666666,-0.9575491547584534,0.5696360910436866
BH_s19_medium,6,228,13.6,-0.9575491547584534,0.2994932436825827
BH_s19_medium,6,229,13.633333333333333,-0.9575491547584534,0.040920342194104446
BH_s19_medium,6,230,13.666666666666666,-0.9575491547584534,-0.19246898702573517
BH_s19_medium,6,231,13.7,-1.0122305154800415,-0.3924961977102294
BH_s19_medium,6,232,13.733333333333333,-1.0669118165969849,-0.5525313754295283
BH_s19_medium,6,233,13.766666666666667,-0.8125425577163696,-0.6652842695336134
BH_s19_medium,6,234,13.8,0.03748694434762001,-0.7232785772153277
BH_s19_medium,6,235,13.833333333333334,1.2359460592269897,-0.7213130741648266
BH_s19_medium,6,236,13.866666666666667,2.0181939601898193,-0.6591121268493723
BH_s19_medium,6,237,13.9,1.981440782546997,-0.5425193316620713
BH_s19_medium,6,238,13.933333333333334,1.386763095855713,-0.3828632251737963
BH_s19_medium,6,239,13.966666666666667,0.7705243229866028,-0.19537536833664013
BH_s19_medium,7,0,7.0,0.7990716695785522,0.08845268805894521
BH_s19_medium,7,1,7.033333333333333,0.4351276755332947,-0.0004085192614976972
BH_s19_medium,7,2,7.066666666666666,0.2454407960176468,-0.0743401315499931
BH_s19_medium,7,3,7.1,0.25054728984832764,-0.1153263139169282
BH_s19_medium,7,4,7.133333333333334,0.30012214183807373,-0.1063078034304862
BH_s19_medium,7,5,7.166666666666667,0.24490730464458466,-0.03620942974482648
BH_s19_medium,7,6,7.2,0.08490273356437683,0.09327574576053459
BH_s19_medium,7,7,7.233333333333333,-0.17989154160022736,0.2626659304932383
BH_s19_medium,7,8,7.266666666666667,-0.44643881916999817,0.435436634793218
BH_s19_medium,7,9,7.3,-0.6208484172821045,0.5665031544313637
BH_s19_medium,7,10,7.333333333333333,-0.727924644947052,0.6162913332365878
BH_s19_medium,7,11,7.366666666666666,-0.7388237118721008,0.5646085955721529
BH_s19_medium,7,12,7.4,-0.7388237118721008,0.4179589079848024
BH_s19_medium,7,13,7.433333333333334,-0.7757465243339539,0.20689202216631547
BH_s19_medium,7,14,7.466666666666667,-0.793505072593689,-0.025168693259320998
BH_s19_medium,7,15,7.5,-0.8258548378944397,-0.23628004463929253
BH_s19_medium,7,16,7.533333333333333,-0.5885072350502014,-0.3974573473289026
BH_s19_medium,7,17,7.566666666666666,0.222025066614151,-0.49758767358508316
BH_s19_medium,7,18,7.6,1.3205640316009521,-0.5417631807594994
BH_s19_medium,7,19,7.633333333333334,2.088059425354004,-0.545715130697795
BH_s19_medium,7,20,7.666666666666667,2.0756192207336426,-0.5293814874637225
BH_s19_medium,7,21,7.7,1.5740023851394653,-0.5112515082195065
BH_s19_medium,7,22,7.733333333333333,1.0549654960632324,-0.5036249736907311
BH_s19_medium,7,23,7.766666666666667,0.6547761559486389,-0.5086606304506223
BH_s19_medium,7,24,7.8,0.4406237304210663,-0.5161670626040913
BH_s19_medium,7,25,7.833333333333333,0.30012214183807373,-0.5048971522838418
BH_s19_medium,7,26,7.866666666666666,0.30012214183807373,-0.4482258477145191
BH_s19_medium,7,27,7.9,0.29521042108535767,-0.32313071706923346
BH_s19_medium,7,28,7.933333333333334,0.13345284759998322,-0.1197385941711089
BH_s19_medium,7,29,7.966666666666667,-0.08332479745149612,0.15204725652091264
BH_s19_medium,7,30,8.0,-0.3502108156681061,0.4619056491675853
BH_s19_medium,7,31,8.033333333333333,-0.5663110017776489,0.7654902464406004
BH_s19_medium,7,32,8.066666666666666,-0.7257820963859558,1.015744815937938
BH_s19_medium,7,33,8.1,-0.7846977710723877,1.1748313824331988
BH_s19_medium,7,34,8.133333333333333,-0.8370925784111023,1.222665969599978
BH_s19_medium,7,35,8.166666666666666,-0.8481864333152771,1.1598113734432547
BH_s19_medium,7,36,8.2,-0.8481864333152771,1.004178568292261
BH_s19_medium,7,37,8.233333333333333,-0.9028677940368652,0.7828929748450649
BH_s19_medium,7,38,8.266666666666667,-0.9575491547584534,0.5228971446220403
BH_s19_medium,7,39,8.3,-0.6327299475669861,0.24449754042106928
BH_s19_medium,7,40,8.333333333333334,0.24085061252117157,-0.04009377633652177
BH_s19_medium,7,41,8.366666666666667,1.313899278640747,-0.32416384949492855
BH_s19_medium,7,42,8.4,1.9364726543426514,-0.6021751757888496
BH_s19_medium,7,43,8.433333333333334,1.848526954650879,-0.8657327197727935
BH_s19_medium,7,44,8.466666666666667,1.2901369333267212,-1.101015150015226
BH_s19_medium,7,45,8.5,0.7731918096542358,-1.2882453718167728
BH_s19_medium,7,46,8.533333333333333,0.41571781039237976,-1.4035523777435728
BH_s19_medium,7,47,8.566666666666666,0.2315778285264969,-1.4232353403596858
BH_s19_medium,7,48,8.6,0.2023358941078186,-1.3296053620286903
BH_s19_medium,7,49,8.633333333333333,0.2454407960176468,-1.116681648436209
BH_s19_medium,7,50,8.666666666666666,0.23843733966350555,-0.7937566081993379
BH_s19_medium,7,51,8.7,0.07196281850337982,-0.3855065443102846
BH_s19_medium,7,52,8.733333333333333,-0.14462006092071533,0.07132817442669365
BH_s19_medium,7,53,8.766666666666667,-0.41102340817451477,0.533345716107079
BH_s19_medium,7,54,8.8,-0.6251758337020874,0.9561082017861541
BH_s19_medium,7,55,8.833333333333334,-0.7890759706497192,1.298863528053281
BH_s19_medium,7,56,8.866666666666667,-0.8414708375930786,1.5286837515560874
BH_s19_medium,7,57,8.9,-0.8481864333152771,1.6247620225803472
BH_s19_medium,7,58,8.933333333333334,-0.9028677940368652,1.5822066890304698
BH_s19_medium,7,59,8.966666666666667,-0.9028677940368652,1.4133300403138376
BH_s19_medium,7,60,9.0,-0.9028677940368652,1.1450494927954733
BH_s19_medium,7,61,9.033333333333333,-0.9575491547584534,0.8128190800600027
BH_s19_medium,7,62,9.066666666666666,-0.9779837727546692,0.45285030169039975
BH_s19_medium,7,63,9.1,-0.6017436385154724,0.09491904057165365
BH_s19_medium,7,64,9.133333333333333,0.2937789559364319,-0.2419909928669522
BH_s19_medium,7,65,9.166666666666666,1.3942148685455322,-0.5497408628956665
BH_s19_medium,7,66,9.2,1.9907643795013428,-0.8268769907187656
BH_s19_medium,7,67,9.233333333333333,1.79462468624115,-1.0721003804861693
BH_s19_medium,7,68,9.266666666666667,1.2159017324447632,-1.2783004508839688
BH_s19_medium,7,69,9.3,0.6646082401275635,-1.4299197108529165
BH_s19_medium,7,70,9.333333333333334,0.26821276545524597,-1.5049462258691877
BH_s19_medium,7,71,9.366666666666667,0.13607807457447052,-1.4807886216565616
BH_s19_medium,7,72,9.4,0.20214112102985382,-1.3416915006233192
BH_s19_medium,7,73,9.433333333333334,0.30012214183807373,-1.0849482693307764
BH_s19_medium,7,74,9.466666666666667,0.29331347346305847,-0.7240313095131861
BH_s19_medium,7,75,9.5,0.12703374028205872,-0.2880831727214689
BH_s19_medium,7,76,9.533333333333333,-0.14180006086826324,0.1818340479474591
BH_s19_medium,7,77,9.566666666666666,-0.4105830192565918,0.6388094120933079
BH_s19_medium,7,78,9.6,-0.5724422931671143,1.0372101251671177
BH_s19_medium,7,79,9.633333333333333,-0.679518461227417,1.339473672844874
BH_s19_medium,7,80,9.666666666666666,-0.7388237118721008,1.5213292689145945
BH_s19_medium,7,81,9.7,-0.793505072593689,1.5744644606058964
BH_s19_medium,7,82,9.733333333333333,-0.7503070831298828,1.5059495088184476
BH_s19_medium,7,83,9.766666666666667,-0.7388237118721008,1.3344587035499125
BH_s19_medium,7,84,9.8,-0.793505072593689,1.0845437886794707
BH_s19_medium,7,85,9.833333333333334,-0.8481864333152771,0.7810181845273872
BH_s19_medium,7,86,9.866666666666667,-0.7460305094718933,0.4451692759165692
BH_s19_medium,7,87,9.9,-0.10193048417568207,0.09355683718995096
BH_s19_medium,7,88,9.933333333333334,0.9229998588562012,-0.2606381629570943
BH_s19_medium,7,89,9.966666666666667,1.7756295204162598,-0.6044063647242197
BH_s19_medium,7,90,10.0,1.9205265045166016,-0.9212551666964109
BH_s19_medium,7,91,10.033333333333333,1.444696307182312,-1.188954606933483
BH_s19_medium,7,92,10.066666666666666,0.8343008756637573,-1.3802543364825235
BH_s19_medium,7,93,10.1,0.3372991681098938,-1.4671592642251798
BH_s19_medium,7,94,10.133333333333333,0.08139671385288239,-1.4279742016437988
BH_s19_medium,7,95,10.166666666666666,0.09487012773752213,-1.2549404526640906
BH_s19_medium,7,96,10.2,0.20194634795188904,-0.9594423980253435
BH_s19_medium,7,97,10.233333333333333,0.2912217378616333,-0.5721821774427718
BH_s19_medium,7,98,10.266666666666667,0.1775316447019577,-0.13765141837048095
BH_s19_medium,7,99,10.3,-0.036620792001485825,0.2950990557229275
BH_s19_medium,7,100,10.333333333333334,-0.3054545819759369,0.6815081422941951
BH_s19_medium,7,101,10.366666666666667,-0.5196070075035095,0.9871085147527372
BH_s19_medium,7,102,10.4,-0.6816102266311646,1.1894529276890424
BH_s19_medium,7,103,10.433333333333334,-0.7388237118721008,1.2783680383444131
BH_s19_medium,7,104,10.466666666666667,-0.7863999009132385,1.255675587790825
BH_s19_medium,7,105,10.5,-0.7482153177261353,1.1337420986278715
BH_s19_medium,7,106,10.533333333333333,-0.7388237118721008,0.9323102863650666
BH_s19_medium,7,107,10.566666666666666,-0.793505072593689,0.6742819145509256
BH_s19_medium,7,108,10.6,-0.8319352269172668,0.3816533566770765
BH_s19_medium,7,109,10.633333333333333,-0.6489302515983582,0.0726917113921035
BH_s19_medium,7,110,10.666666666666666,0.07884741574525833,-0.23871679949192787
BH_s19_medium,7,111,10.7,1.1942132711410522,-0.541161422962151
BH_s19_medium,7,112,10.733333333333333,2.14166522026062,-0.8220882172359641
BH_s19_medium,7,113,10.766666666666667,2.2423393726348877,-1.0644322703706957
BH_s19_medium,7,114,10.8,1.6829332113265991,-1.2455451633700383
BH_s19_medium,7,115,10.833333333333334,1.0629006624221802,-1.3394561696518688
BH_s19_medium,7,116,10.866666666666667,0.6023390889167786,-1.3220458050814823
BH_s19_medium,7,117,10.9,0.33695188164711,-1.1776603835823496
BH_s19_medium,7,118,10.933333333333334,0.30012214183807373,-0.9054424718058793
BH_s19_medium,7,119,10.966666666666667,0.3680821359157562,-0.5236020957631371
BH_s19_medium,7,120,11.0,0.40948486328125,-0.06967432481655564
BH_s19_medium,7,121,11.033333333333333,0.2827109098434448,0.4045022375403437
BH_s19_medium,7,122,11.066666666666666,0.0685584768652916,0.8422207882868438
BH_s19_medium,7,123,11.1,-0.20027531683444977,1.1927954466015964
BH_s19_medium,7,124,11.133333333333333,-0.4144277572631836,1.4205315296811767
BH_s19_medium,7,125,11.166666666666666,-0.6285801529884338,1.5095072131643401
BH_s19_medium,7,126,11.2,-0.6841423511505127,1.4634973706494443
BH_s19_medium,7,127,11.233333333333333,-0.7388237118721008,1.3018393487895243
BH_s19_medium,7,128,11.266666666666667,-0.7388237118721008,1.053038025795935
BH_s19_medium,7,129,11.3,-0.7388237118721008,0.7481402757609574
BH_s19_medium,7,130,11.333333333333334,-0.781632125377655,0.4154120184264103
BH_s19_medium,7,131,11.366666666666667,-0.8340269923210144,0.07718342950105793
BH_s19_medium,7,132,11.4,-0.8481864333152771,-0.25072779476684576
BH_s19_medium,7,133,11.433333333333334,-0.3778185546398163,-0.5572237988579034
BH_s19_medium,7,134,11.466666666666667,0.6704086661338806,-0.8329380737438964
BH_s19_medium,7,135,11.5,1.816871166229248,-1.0676606297242952
BH_s19_medium,7,136,11.533333333333333,2.352421998977661,-1.249088413827047
BH_s19_medium,7,137,11.566666666666666,2.053152322769165,-1.3628905363449353
BH_s19_medium,7,138,11.6,1.4352115392684937,-1.3939325891783503
BH_s19_medium,7,139,11.633333333333333,0.8998304605484009,-1.3287827367354346
BH_s19_medium,7,140,11.666666666666666,0.5136988162994385,-1.1594974393336102
BH_s19_medium,7,141,11.7,0.3371466398239136,-0.8879427117969086
BH_s19_medium,7,142,11.733333333333333,0.30012214183807373,-0.5290225865787695
BH_s19_medium,7,143,11.766666666666667,0.35480350255966187,-0.11109705944950418
BH_s19_medium,7,144,11.8,0.3332087993621826,0.327009118385258
BH_s19_medium,7,145,11.833333333333334,0.12756723165512085,0.7415858665578419
BH_s19_medium,7,146,11.866666666666667,-0.10132038593292236,1.0907129182800623
BH_s19_medium,7,147,11.9,-0.36786767840385437,1.340581462444842
BH_s19_medium,7,148,11.933333333333334,-0.631112277507782,1.4702672281653806
BH_s19_medium,7,149,11.966666666666667,-0.7922347187995911,1.4740289354540046
BH_s19_medium,7,150,12.0,-0.845264732837677,1.3605725679767637
BH_s19_medium,7,151,12.033333333333333,-0.8976595997810364,1.1493621713841171
BH_s19_medium,7,152,12.066666666666666,-0.9028677940368652,0.864991934906653
BH_s19_medium,7,153,12.1,-0.9028677940368652,0.5315281019629597
BH_s19_medium,7,154,12.133333333333333,-0.9454814195632935,0.1690280082004832
BH_s19_medium,7,155,12.166666666666666,-0.9978762865066528,-0.20636850055852832
BH_s19_medium,7,156,12.2,-0.8053865432739258,-0.5792061562170515
BH_s19_medium,7,157,12.233333333333333,-0.03426694869995117,-0.9305277565492241
BH_s19_medium,7,158,12.266666666666667,1.1057169437408447,-1.2354459603890735
BH_s19_medium,7,159,12.3,1.9871058464050293,-1.464189172458235
BH_s19_medium,7,160,12.333333333333334,2.01792311668396,-1.5864621096063651
BH_s19_medium,7,161,12.366666666666667,1.5075074434280396,-1.5775048805936935
BH_s19_medium,7,162,12.4,0.8893718123435974,-1.4240341253835793
BH_s19_medium,7,163,12.433333333333334,0.430707186460495,-1.128767804169147
BH_s19_medium,7,164,12.466666666666667,0.1710108369588852,-0.7126229016251087
BH_s19_medium,7,165,12.5,0.15354016423225403,-0.21392013184829248
BH_s19_medium,7,166,12.533333333333333,0.2059350162744522,0.3156503934447744
BH_s19_medium,7,167,12.566666666666666,0.2872330844402313,0.8179765721904312
BH_s19_medium,7,168,12.6,0.16955429315567017,1.2374521855300953
BH_s19_medium,7,169,12.633333333333333,-0.05291420593857765,1.5302431460282615
BH_s19_medium,7,170,12.666666666666666,-0.3741428554058075,1.6716084214956688
BH_s19_medium,7,171,12.7,-0.6369470953941345,1.659130092303245
BH_s19_medium,7,172,12.733333333333333,-0.8496429324150085,1.5109778302858932
BH_s19_medium,7,173,12.766666666666667,-0.9028677940368652,1.2599278628567032
BH_s19_medium,7,174,12.8,-0.9575491547584534,0.9448670590939657
BH_s19_medium,7,175,12.833333333333334,-0.9575491547584534,0.6020084787963127
BH_s19_medium,7,176,12.866666666666667,-0.9575491547584534,0.2582613213820373
BH_s19_medium,7,177,12.9,-0.9575491547584534,-0.07129935103187177
BH_s19_medium,7,178,12.933333333333334,-1.0546493530273438,-0.38141151753713404
BH_s19_medium,7,179,12.966666666666667,-0.8918333649635315,-0.6713920306967744
BH_s19_medium,7,180,13.0,-0.179485484957695,-0.9391210637772793
BH_s19_medium,7,181,13.033333333333333,0.9100005030632019,-1.1765999138889522
BH_s19_medium,7,182,13.066666666666666,1.8667932748794556,-1.3683863427964709
BH_s19_medium,7,183,13.1,2.0426342487335205,-1.4929830599665843
BH_s19_medium,7,184,13.133333333333333,1.5496385097503662,-1.5265517348840882
BH_s19_medium,7,185,13.166666666666666,0.9335945248603821,-1.4481410162532267
BH_s19_medium,7,186,13.2,0.4223402738571167,-1.2455642249380863
BH_s19_medium,7,187,13.233333333333333,0.14707879722118378,-0.9208435545068552
BH_s19_medium,7,188,13.266666666666667,0.08139671385288239,-0.49378082212602564
BH_s19_medium,7,189,13.3,0.09866402298212051,-0.0021469298970097856
BH_s19_medium,7,190,13.333333333333334,0.13607807457447052,0.5023969502828077
BH_s19_medium,7,191,13.366666666666667,0.06870241463184357,0.9622999441218171
BH_s19_medium,7,192,13.4,-0.11387074738740921,1.324325438471853
BH_s19_medium,7,193,13.433333333333334,-0.42697811126708984,1.549380457953462
BH_s19_medium,7,194,13.466666666666667,-0.6411305069923401,1.6194251877340797
BH_s19_medium,7,195,13.5,-0.8517346978187561,1.5395864822894414
BH_s19_medium,7,196,13.533333333333333,-0.9041295647621155,1.3346437605108294
BH_s19_medium,7,197,13.566666666666666,-0.9575491547584534,1.040764345409587
BH_s19_medium,7,198,13.6,-0.9575491547584534,0.6954937913306194
BH_s19_medium,7,199,13.633333333333333,-0.9575491547584534,0.3299052436075191
BH_s19_medium,7,200,13.666666666666666,-0.9575491547584534,-0.03462098937517343
BH_s19_medium,7,201,13.7,-1.0122305154800415,-0.3850288705208716
BH_s19_medium,7,202,13.733333333333333,-1.0669118165969849,-0.7124103035483124
BH_s19_medium,7,203,13.766666666666667,-0.8125425577163696,-1.0072652499241406
BH_s19_medium,7,204,13.8,0.03748694434762001,-1.2560380865848422
BH_s19_medium,7,205,13.833333333333334,1.2359460592269897,-1.4400434927818353
BH_s19_medium,7,206,13.866666666666667,2.0181939601898193,-1.5371971806570737
BH_s19_medium,7,207,13.9,1.981440782546997,-1.526267992115502
BH_s19_medium,7,208,13.933333333333334,1.386763095855713,-1.3926189940483513
BH_s19_medium,7,209,13.966666666666667,0.7705243229866028,-1.133909504723589
BH_s19_medium,7,210,14.0,0.33768871426582336,-0.7641897200605702
BH_s19_medium,7,211,14.033333333333333,0.11443252861499786,-0.3149044013039553
BH_s19_medium,7,212,14.066666666666666,0.10075575113296509,0.16848503743763496
BH_s19_medium,7,213,14.1,0.19075943529605865,0.634294378277394
BH_s19_medium,7,214,14.133333333333333,0.19075943529605865,1.0344732498788662
BH_s19_medium,7,215,14.166666666666666,0.06889719516038895,1.3329772794157546
BH_s19_medium,7,216,14.2,-0.1679677665233612,1.5106119794485615
BH_s19_medium,7,217,14.233333333333333,-0.481269896030426,1.5662774977504879
BH_s19_medium,7,218,14.266666666666667,-0.695422351360321,1.5147753570055225
BH_s19_medium,7,219,14.3,-0.8515399098396301,1.3813189867637805
BH_s19_medium,7,220,14.333333333333334,-0.9039347767829895,1.1942964838519532
BH_s19_medium,7,221,14.366666666666667,-0.9575491547584534,0.97894611065255
BH_s19_medium,7,222,14.4,-0.9575491547584534,0.7535756143086204
BH_s19_medium,7,223,14.433333333333334,-0.9575491547584534,0.5281890581796954
BH_s19_medium,7,224,14.466666666666667,-0.9494701027870178,0.30489541278040827
BH_s19_medium,7,225,14.5,-1.0018649101257324,0.08001203302441343
BH_s19_medium,7,226,14.533333333333333,-1.0542597770690918,-0.15194976082487383
BH_s19_medium,7,227,14.566666666666666,-0.853259265422821,-0.3928898908689351
BH_s19_medium,7,228,14.6,-0.07362878322601318,-0.6360822553557791
BH_s19_medium,7,229,14.633333333333333,1.1049292087554932,-0.8639904825557158
BH_s19_medium,7,230,14.666666666666666,2.0285000801086426,-1.0506598479818319
BH_s19_medium,7,231,14.7,2.067497968673706,-1.1685506525523233
BH_s19_medium,7,232,14.733333333333333,1.4972944259643555,-1.1977602619071777
BH_s19_medium,7,233,14.766666666666667,0.85483717918396,-1.1342919297499998
BH_s19_medium,7,234,14.8,0.3692171573638916,-0.993796874174363
BH_s19_medium,7,235,14.833333333333334,0.11462730914354324,-0.8083476797454149
BH_s19_medium,7,236,14.866666666666667,0.10056097060441971,-0.6162778271966812
BH_s19_medium,7,237,14.9,0.20763719081878662,-0.4484148533776196
BH_s19_medium,7,238,14.933333333333334,0.2855308949947357,-0.31674451466555176
BH_s19_medium,7,239,14.966666666666667,0.16614995896816254,-0.21142118275072155
BH_s19_medium,8,0,8.0,-0.3502108156681061,0.08052738884630518
BH_s19_medium,8,1,8.033333333333333,-0.5663110017776489,0.24891060183168529
BH_s19_medium,8,2,8.066666666666666,-0.7257820963859558,0.4074369748026337
BH_s19_medium,8,3,8.1,-0.7846977710723877,0.5453377532634011
BH_s19_medium,8,4,8.133333333333333,-0.8370925784111023,0.6475908385757251
BH_s19_medium,8,5,8.166666666666666,-0.8481864333152771,0.6992190663184293
BH_s19_medium,8,6,8.2,-0.8481864333152771,0.6913535126162647
BH_s19_medium,8,7,8.233333333333333,-0.9028677940368652,0.6246003272396785
BH_s19_medium,8,8,8.266666666666667,-0.9575491547584534,0.5075179345839383
BH_s19_medium,8,9,8.3,-0.6327299475669861,0.35181516832482784
BH_s19_medium,8,10,8.333333333333334,0.24085061252117157,0.1677927320716848
BH_s19_medium,8,11,8.366666666666667,1.313899278640747,-0.03724218698137938
BH_s19_medium,8,12,8.4,1.9364726543426514,-0.2571833431390541
BH_s19_medium,8,13,8.433333333333334,1.848526954650879,-0.4836388938652495
BH_s19_medium,8,14,8.466666666666667,1.2901369333267212,-0.703043630724415
BH_s19_medium,8,15,8.5,0.7731918096542358,-0.8959380206647857
BH_s19_medium,8,16,8.533333333333333,0.41571781039237976,-1.0388044236725853
BH_s19_medium,8,17,8.566666666666666,0.2315778285264969,-1.1079365766372333
BH_s19_medium,8,18,8.6,0.2023358941078186,-1.0844064341263275
BH_s19_medium,8,19,8.633333333333333,0.2454407960176468,-0.9589581275045287
BH_s19_medium,8,20,8.666666666666666,0.23843733966350555,-0.7353832206542943
BH_s19_medium,8,21,8.7,0.07196281850337982,-0.43109104909538976
BH_s19_medium,8,22,8.733333333333333,-0.14462006092071533,-0.07456001882468391
BH_s19_medium,8,23,8.766666666666667,-0.41102340817451477,0.29937581710961264
BH_s19_medium,8,24,8.8,-0.6251758337020874,0.6547422766373748
BH_s19_medium,8,25,8.833333333333334,-0.7890759706497192,0.9588271930845502
BH_s19_medium,8,26,8.866666666666667,-0.8414708375930786,1.185540299756936
BH_s19_medium,8,27,8.9,-0.8481864333152771,1.3180632745581562
BH_s19_medium,8,28,8.933333333333334,-0.9028677940368652,1.3504947523581063
BH_s19_medium,8,29,8.966666666666667,-0.9028677940368652,1.2875987519467333
BH_s19_medium,8,30,9.0,-0.9028677940368652,1.142388609504391
BH_s19_medium,8,31,9.033333333333333,-0.9575491547584534,0.9323755516631197
BH_s19_medium,8,32,9.066666666666666,-0.9779837727546692,0.675705954321071
BH_s19_medium,8,33,9.1,-0.6017436385154724,0.3881836493899801
BH_s19_medium,8,34,9.133333333333333,0.2937789559364319,0.08188537657493423
BH_s19_medium,8,35,9.166666666666666,1.3942148685455322,-0.23418487412966635
BH_s19_medium,8,36,9.2,1.9907643795013428,-0.5514175572148788
BH_s19_medium,8,37,9.233333333333333,1.79462468624115,-0.8577735337726173
BH_s19_medium,8,38,9.266666666666667,1.2159017324447632,-1.1346987881416133
BH_s19_medium,8,39,9.3,0.6646082401275635,-1.356848562474151
BH_s19_medium,8,40,9.333333333333334,0.26821276545524597,-1.4954861752273318
BH_s19_medium,8,41,9.366666666666667,0.13607807457447052,-1.5246254589409234
BH_s19_medium,8,42,9.4,0.20214112102985382,-1.42779932072948
BH_s19_medium,8,43,9.433333333333334,0.30012214183807373,-1.2032416982260112
BH_s19_medium,8,44,9.466666666666667,0.29331347346305847,-0.8660576961395854
BH_s19_medium,8,45,9.5,0.12703374028205872,-0.4470009965749385
BH_s19_medium,8,46,9.533333333333333,-0.14180006086826324,0.011755196235506688
BH_s19_medium,8,47,9.566666666666666,-0.4105830192565918,0.46299246670441574
BH_s19_medium,8,48,9.6,-0.5724422931671143,0.8617420662556075
BH_s19_medium,8,49,9.633333333333333,-0.679518461227417,1.1720417439689248
BH_s19_medium,8,50,9.666666666666666,-0.7388237118721008,1.3717204588969942
BH_s19_medium,8,51,9.7,-0.793505072593689,1.4541325200128048
BH_s19_medium,8,52,9.733333333333333,-0.7503070831298828,1.4264579277177443
BH_s19_medium,8,53,9.766666666666667,-0.7388237118721008,1.3051490218913886
BH_s19_medium,8,54,9.8,-0.793505072593689,1.1100761754282018
BH_s19_medium,8,55,9.833333333333334,-0.8481864333152771,0.8594232616285017
BH_s19_medium,8,56,9.866666666666667,-0.7460305094718933,0.5670706639179471
BH_s19_medium,8,57,9.9,-0.10193048417568207,0.24324207896933867
BH_s19_medium,8,58,9.933333333333334,0.9229998588562012,-0.1020469696834929
BH_s19_medium,8,59,9.966666666666667,1.7756295204162598,-0.4544598274523507
BH_s19_medium,8,60,10.0,1.9205265045166016,-0.7922650077847175
BH_s19_medium,8,61,10.033333333333333,1.444696307182312,-1.0867420444741394
BH_s19_medium,8,62,10.066666666666666,0.8343008756637573,-1.3061572883015355
BH_s19_medium,8,63,10.1,0.3372991681098938,-1.4216844500325674
BH_s19_medium,8,64,10.133333333333333,0.08139671385288239,-1.4134834989688199
BH_s19_medium,8,65,10.166666666666666,0.09487012773752213,-1.2756815723622343
BH_s19_medium,8,66,10.2,0.20194634795188904,-1.0190540576019647
BH_s19_medium,8,67,10.233333333333333,0.2912217378616333,-0.6702890922276468
BH_s19_medium,8,68,10.266666666666667,0.1775316447019577,-0.2676548767577042
BH_s19_medium,8,69,10.3,-0.036620792001485825,0.14572346639133582
BH_s19_medium,8,70,10.333333333333334,-0.3054545819759369,0.5288771282629762
BH_s19_medium,8,71,10.366666666666667,-0.5196070075035095,0.8483693119149557
BH_s19_medium,8,72,10.4,-0.6816102266311646,1.0811924134713788
BH_s19_medium,8,73,10.433333333333334,-0.7388237118721008,1.215379689529819
BH_s19_medium,8,74,10.466666666666667,-0.7863999009132385,1.2488201286817564
BH_s19_medium,8,75,10.5,-0.7482153177261353,1.1868643404681338
BH_s19_medium,8,76,10.533333333333333,-0.7388237118721008,1.0397201983841666
BH_s19_medium,8,77,10.566666666666666,-0.793505072593689,0.8206140039529317
BH_s19_medium,8,78,10.6,-0.8319352269172668,0.5447652651649415
BH_s19_medium,8,79,10.633333333333333,-0.6489302515983582,0.2286276699902289
BH_s19_medium,8,80,10.666666666666666,0.07884741574525833,-0.11050742908433653
BH_s19_medium,8,81,10.7,1.1942132711410522,-0.45388453208711804
BH_s19_medium,8,82,10.733333333333333,2.14166522026062,-0.7797887591219128
BH_s19_medium,8,83,10.766666666666667,2.2423393726348877,-1.0625656271928619
BH_s19_medium,8,84,10.8,1.6829332113265991,-1.273671894974837
BH_s19_medium,8,85,10.833333333333334,1.0629006624221802,-1.385212757487716
BH_s19_medium,8,86,10.866666666666667,0.6023390889167786,-1.3750615790906133
BH_s19_medium,8,87,10.9,0.33695188164711,-1.232064888422367
BH_s19_medium,8,88,10.933333333333334,0.30012214183807373,-0.9602682687159093
BH_s19_medium,8,89,10.966666666666667,0.3680821359157562,-0.5813850831639612
BH_s19_medium,8,90,11.0,0.40948486328125,-0.13416454073389342
BH_s19_medium,8,91,11.033333333333333,0.2827109098434448,0.3306761518670259
BH_s19_medium,8,92,11.066666666666666,0.0685584768652916,0.7594981743409474
BH_s19_medium,8,93,11.1,-0.20027531683444977,1.106032232312234
BH_s19_medium,8,94,11.133333333333333,-0.4144277572631836,1.3393653428253796
BH_s19_medium,8,95,11.166666666666666,-0.6285801529884338,1.4471466330116356
BH_s19_medium,8,96,11.2,-0.6841423511505127,1.433716785253811
BH_s19_medium,8,97,11.233333333333333,-0.7388237118721008,1.314910119163556
BH_s19_medium,8,98,11.266666666666667,-0.7388237118721008,1.112140765784257
BH_s19_medium,8,99,11.3,-0.7388237118721008,0.8477934405961394
BH_s19_medium,8,100,11.333333333333334,-0.781632125377655,0.5425115508266343
BH_s19_medium,8,101,11.366666666666667,-0.8340269923210144,0.21402135113952334
BH_s19_medium,8,102,11.4,-0.8481864333152771,-0.1227048795656811
BH_s19_medium,8,103,11.433333333333334,-0.3778185546398163,-0.4539345651087081
BH_s19_medium,8,104,11.466666666666667,0.6704086661338806,-0.764999382282202
BH_s19_medium,8,105,11.5,1.816871166229248,-1.0388317579866981
BH_s19_medium,8,106,11.533333333333333,2.352421998977661,-1.2561522942392769
BH_s19_medium,8,107,11.566666666666666,2.053152322769165,-1.3972399690677677
BH_s19_medium,8,108,11.6,1.4352115392684937,-1.4446418655486304
BH_s19_medium,8,109,11.633333333333333,0.8998304605484009,-1.3861386814059389
BH_s19_medium,8,110,11.666666666666666,0.5136988162994385,-1.2174291436103613
BH_s19_medium,8,111,11.7,0.3371466398239136,-0.944166477600385
BH_s19_medium,8,112,11.733333333333333,0.30012214183807373,-0.583096779152085
BH_s19_medium,8,113,11.766666666666667,0.35480350255966187,-0.16197638390730498
BH_s19_medium,8,114,11.8,0.3332087993621826,0.28224172962650007
BH_s19_medium,8,115,11.833333333333334,0.12756723165512085,0.7073006389324027
BH_s19_medium,8,116,11.866666666666667,-0.10132038593292236,1.0712199709463215
BH_s19_medium,8,117,11.9,-0.36786767840385437,1.3383977154030546
BH_s19_medium,8,118,11.933333333333334,-0.631112277507782,1.4848410780666177
BH_s19_medium,8,119,11.966666666666667,-0.7922347187995911,1.5013363002680171
BH_s19_medium,8,120,12.0,-0.845264732837677,1.3937214525168427
BH_s19_medium,8,121,12.033333333333333,-0.8976595997810364,1.1800830958585975
BH_s19_medium,8,122,12.066666666666666,-0.9028677940368652,0.8857306417640896
BH_s19_medium,8,123,12.1,-0.9028677940368652,0.537707511816759
BH_s19_medium,8,124,12.133333333333333,-0.9454814195632935,0.16078198267811
BH_s19_medium,8,125,12.166666666666666,-0.9978762865066528,-0.22380899585115663
BH_s19_medium,8,126,12.2,-0.8053865432739258,-0.5968502275342482
BH_s19_medium,8,127,12.233333333333333,-0.03426694869995117,-0.9382337437858043
BH_s19_medium,8,128,12.266666666666667,1.1057169437408447,-1.2248446432614877
BH_s19_medium,8,129,12.3,1.9871058464050293,-1.4310874418898516
BH_s19_medium,8,130,12.333333333333334,2.01792311668396,-1.532315974969417
BH_s19_medium,8,131,12.366666666666667,1.5075074434280396,-1.509808566284164
BH_s19_medium,8,132,12.4,0.8893718123435974,-1.3554188182279203
BH_s19_medium,8,133,12.433333333333334,0.430707186460495,-1.074600552821946
BH_s19_medium,8,134,12.466666666666667,0.1710108369588852,-0.6874031610197827
BH_s19_medium,8,135,12.5,0.15354016423225403,-0.2275172937199861
BH_s19_medium,8,136,12.533333333333333,0.2059350162744522,0.26068303813592386
BH_s19_medium,8,137,12.566666666666666,0.2872330844402313,0.7272830515493425
BH_s19_medium,8,138,12.6,0.16955429315567017,1.1238277592967523
BH_s19_medium,8,139,12.633333333333333,-0.05291420593857765,1.4109050047214926
BH_s19_medium,8,140,12.666666666666666,-0.3741428554058075,1.564342028113676
BH_s19_medium,8,141,12.7,-0.6369470953941345,1.5782635037671244
BH_s19_medium,8,142,12.733333333333333,-0.8496429324150085,1.4644034470379315
BH_s19_medium,8,143,12.766666666666667,-0.9028677940368652,1.2481525492337537
BH_s19_medium,8,144,12.8,-0.9575491547584534,0.9621737390779155
BH_s19_medium,8,145,12.833333333333334,-0.9575491547584534,0.6387932719170261
BH_s19_medium,8,146,12.866666666666667,-0.9575491547584534,0.3033392082460827
BH_s19_medium,8,147,12.9,-0.9575491547584534,-0.029006706999333345
BH_s19_medium,8,148,12.933333333333334,-1.0546493530273438,-0.35158100304442635
BH_s19_medium,8,149,12.966666666666667,-0.8918333649635315,-0.6608526361955819
BH_s19_medium,8,150,13.0,-0.179485484957695,-0.9500479441959603
BH_s19_medium,8,151,13.033333333333333,0.9100005030632019,-1.2048450913024316
BH_s19_medium,8,152,13.066666666666666,1.8667932748794556,-1.4029964643057673
BH_s19_medium,8,153,13.1,2.0426342487335205,-1.5179223344573587
BH_s19_medium,8,154,13.133333333333333,1.5496385097503662,-1.524893299289038
BH_s19_medium,8,155,13.166666666666666,0.9335945248603821,-1.407742896388234
BH_s19_medium,8,156,13.2,0.4223402738571167,-1.1640905687015783
BH_s19_medium,8,157,13.233333333333333,0.14707879722118378,-0.8077531199586448
BH_s19_medium,8,158,13.266666666666667,0.08139671385288239,-0.36808225183209703
BH_s19_medium,8,159,13.3,0.09866402298212051,0.11332385997848302
BH_s19_medium,8,160,13.333333333333334,0.13607807457447052,0.5880322491627445
BH_s19_medium,8,161,13.366666666666667,0.06870241463184357,1.0076738409020003
BH_s19_medium,8,162,13.4,-0.11387074738740921,1.3309964791338977
BH_s19_medium,8,163,13.433333333333334,-0.42697811126708984,1.5294104265602269
BH_s19_medium,8,164,13.466666666666667,-0.6411305069923401,1.590120978072309
BH_s19_medium,8,165,13.5,-0.8517346978187561,1.5167331876071424
BH_s19_medium,8,166,13.533333333333333,-0.9041295647621155,1.327135912757525
BH_s19_medium,8,167,13.566666666666666,-0.9575491547584534,1.0486060818048175
BH_s19_medium,8,168,13.6,-0.9575491547584534,0.7113610951366947
BH_s19_medium,8,169,13.633333333333333,-0.9575491547584534,0.3429622231526342
BH_s19_medium,8,170,13.666666666666666,-0.9575491547584534,-0.03444204496269857
BH_s19_medium,8,171,13.7,-1.0122305154800415,-0.40360885453361145
BH_s19_medium,8,172,13.733333333333333,-1.0669118165969849,-0.7494796044020297
BH_s19_medium,8,173,13.766666666666667,-0.8125425577163696,-1.0560349338146144
BH_s19_medium,8,174,13.8,0.03748694434762001,-1.3044301015847495
BH_s19_medium,8,175,13.833333333333334,1.2359460592269897,-1.4733845849481362
BH_s19_medium,8,176,13.866666666666667,2.0181939601898193,-1.5418142725325685
BH_s19_medium,8,177,13.9,1.981440782546997,-1.4929375023975833
BH_s19_medium,8,178,13.933333333333334,1.386763095855713,-1.3188185380506738
BH_s19_medium,8,179,13.966666666666667,0.7705243229866028,-1.0243488723541418
BH_s19_medium,8,180,14.0,0.33768871426582336,-0.6296741789755104
BH_s19_medium,8,181,14.033333333333333,0.11443252861499786,-0.16990955697556953
BH_s19_medium,8,182,14.066666666666666,0.10075575113296509,0.308949541560697
BH_s19_medium,8,183,14.1,0.19075943529605865,0.7576919331116497
BH_s19_medium,8,184,14.133333333333333,0.19075943529605865,1.1324961533150286
BH_s19_medium,8,185,14.166666666666666,0.06889719516038895,1.401043602155308
BH_s19_medium,8,186,14.2,-0.1679677665233612,1.545017872882432
BH_s19_medium,8,187,14.233333333333333,-0.481269896030426,1.5603452162581055
BH_s19_medium,8,188,14.266666666666667,-0.695422351360321,1.4562795478835735
BH_s19_medium,8,189,14.3,-0.8515399098396301,1.2530639873139549
BH_s19_medium,8,190,14.333333333333334,-0.9039347767829895,0.9779435990383324
BH_s19_medium,8,191,14.366666666666667,-0.9575491547584534,0.6602744825928061
BH_s19_medium,8,192,14.4,-0.9575491547584534,0.3268921743886488
BH_s19_medium,8,193,14.433333333333334,-0.9575491547584534,-0.0012497737647797925
BH_s19_medium,8,194,14.466666666666667,-0.9494701027870178,-0.31038561252648383
BH_s19_medium,8,195,14.5,-1.0018649101257324,-0.5928471782430091
BH_s19_medium,8,196,14.533333333333333,-1.0542597770690918,-0.8440697372125967
BH_s19_medium,8,197,14.566666666666666,-0.853259265422821,-1.0589361466714586
BH_s19_medium,8,198,14.6,-0.07362878322601318,-1.2288469141404037
BH_s19_medium,8,199,14.633333333333333,1.1049292087554932,-1.3404932619224463
BH_s19_medium,8,200,14.666666666666666,2.0285000801086426,-1.3767421433355453
BH_s19_medium,8,201,14.7,2.067497968673706,-1.3197200347706124
BH_s19_medium,8,202,14.733333333333333,1.4972944259643555,-1.1560386911731504
BH_s19_medium,8,203,14.766666666666667,0.85483717918396,-0.8833515509565313
BH_s19_medium,8,204,14.8,0.3692171573638916,-0.5159170803118637
BH_s19_medium,8,205,14.833333333333334,0.11462730914354324,-0.08615570238792004
BH_s19_medium,8,206,14.866666666666667,0.10056097060441971,0.3593813853376538
BH_s19_medium,8,207,14.9,0.20763719081878662,0.7686002989300545
BH_s19_medium,8,208,14.933333333333334,0.2855308949947357,1.0940316004990362
BH_s19_medium,8,209,14.966666666666667,0.16614995896816254,1.3013894830368298
BH_s19_medium,8,210,15.0,-0.05802071467041969,1.3746780411543518
BH_s19_medium,8,211,15.033333333333333,-0.3715176284313202,1.3174400146113685
BH_s19_medium,8,212,15.066666666666666,-0.5802248120307922,1.1502376407303279
BH_s19_medium,8,213,15.1,-0.6873010396957397,0.904805290235922
BH_s19_medium,8,214,15.133333333333333,-0.7388237118721008,0.6163712350905974
BH_s19_medium,8,215,15.166666666666666,-0.7920907735824585,0.31650494873888046
BH_s19_medium,8,216,15.2,-0.793505072593689,0.02844744059068672
BH_s19_medium,8,217,15.233333333333333,-0.793505072593689,-0.23427259884427126
BH_s19_medium,8,218,15.266666666666667,-0.8481864333152771,-0.4661163651883355
BH_s19_medium,8,219,15.3,-0.9028677940368652,-0.6656142232160758
BH_s19_medium,8,220,15.333333333333334,-0.722682774066925,-0.8307850151944737
BH_s19_medium,8,221,15.366666666666667,0.015011443756520748,-0.955649304696755
BH_s19_medium,8,222,15.4,1.1474498510360718,-1.0291236447235452
BH_s19_medium,8,223,15.433333333333334,1.951393961906433,-1.0367599881789396
BH_s19_medium,8,224,15.466666666666667,1.9518601894378662,-0.9650237453815832
BH_s19_medium,8,225,15.5,1.375381350517273,-0.8070640028236568
BH_s19_medium,8,226,15.533333333333333,0.7329241037368774,-0.5681712909080581
BH_s19_medium,8,227,15.566666666666666,0.2226351648569107,-0.2686789010811576
BH_s19_medium,8,228,15.6,0.05785422399640083,0.057524037396668753
BH_s19_medium,8,229,15.633333333333333,0.04797133803367615,0.3690423231442515
BH_s19_medium,8,230,15.666666666666666,0.15504755079746246,0.6254979461592973
BH_s19_medium,8,231,15.7,0.19075943529605865,0.7957182446329235
BH_s19_medium,8,232,15.733333333333333,0.12168160825967789,0.864311033788638
BH_s19_medium,8,233,15.766666666666667,-0.11897725611925125,0.8360259690910469
BH_s19_medium,8,234,15.8,-0.38552454113960266,0.7354309321562191
BH_s19_medium,8,235,15.833333333333334,-0.6369979381561279,0.5992804576234323
BH_s19_medium,8,236,15.866666666666667,-0.7440741658210754,0.4635413749515623
BH_s19_medium,8,237,15.9,-0.8481864333152771,0.35141091371285316
BH_s19_medium,8,238,15.933333333333334,-0.8481864333152771,0.2675818817326012
BH_s19_medium,8,239,15.966666666666667,-0.8481864333152771,0.19985392504730576
BH_s19_medium,9,0,9.0,-0.9028677940368652,-0.1306689306194175
BH_s19_medium,9,1,9.033333333333333,-0.9575491547584534,-0.08224965683801379
BH_s19_medium,9,2,9.066666666666666,-0.9779837727546692,-0.057716340287287546
BH_s19_medium,9,3,9.1,-0.6017436385154724,-0.07848179601072976
BH_s19_medium,9,4,9.133333333333333,0.2937789559364319,-0.15693515831783555
BH_s19_medium,9,5,9.166666666666666,1.3942148685455322,-0.294056266716542
BH_s19_medium,9,6,9.2,1.9907643795013428,-0.4791012356883486
BH_s19_medium,9,7,9.233333333333333,1.79462468624115,-0.6912212446236585
BH_s19_medium,9,8,9.266666666666667,1.2159017324447632,-0.9024757522547869
BH_s19_medium,9,9,9.3,0.6646082401275635,-1.081575927725264
BH_s19_medium,9,10,9.333333333333334,0.26821276545524597,-1.1978087078119761
BH_s19_medium,9,11,9.366666666666667,0.13607807457447052,-1.2248701343981738
BH_s19_medium,9,12,9.4,0.20214112102985382,-1.144601095469816
BH_s19_medium,9,13,9.433333333333334,0.30012214183807373,-0.950563754510642
BH_s19_medium,9,14,9.466666666666667,0.29331347346305847,-0.6509217271656362
BH_s19_medium,9,15,9.5,0.12703374028205872,-0.2695502626683806
BH_s19_medium,9,16,9.533333333333333,-0.14180006086826324,0.1557823963620873
BH_s19_medium,9,17,9.566666666666666,-0.4105830192565918,0.5786713337130222
BH_s19_medium,9,18,9.6,-0.5724422931671143,0.9520296026365032
BH_s19_medium,9,19,9.633333333333333,-0.679518461227417,1.2367604794759068
BH_s19_medium,9,20,9.666666666666666,-0.7388237118721008,1.4086132778238296
BH_s19_medium,9,21,9.7,-0.793505072593689,1.4611423900681488
BH_s19_medium,9,22,9.733333333333333,-0.7503070831298828,1.404013016121129
BH_s19_medium,9,23,9.766666666666667,-0.7388237118721008,1.2575287297908644
BH_s19_medium,9,24,9.8,-0.793505072593689,1.0455204245024061
BH_s19_medium,9,25,9.833333333333334,-0.8481864333152771,0.7891812704543572
BH_s19_medium,9,26,9.866666666666667,-0.7460305094718933,0.5039047519966205
BH_s19_medium,9,27,9.9,-0.10193048417568207,0.19983984179874853
BH_s19_medium,9,28,9.933333333333334,0.9229998588562012,-0.11475304527102373
BH_s19_medium,9,29,9.966666666666667,1.7756295204162598,-0.42932256352571796
BH_s19_medium,9,30,10.0,1.9205265045166016,-0.7279643368535822
BH_s19_medium,9,31,10.033333333333333,1.444696307182312,-0.98863128419169
BH_s19_medium,9,32,10.066666666666666,0.8343008756637573,-1.1849127397277406
BH_s19_medium,9,33,10.1,0.3372991681098938,-1.2901187494602075
BH_s19_medium,9,34,10.133333333333333,0.08139671385288239,-1.2830703095749179
BH_s19_medium,9,35,10.166666666666666,0.09487012773752213,-1.1544312958695142
BH_s19_medium,9,36,10.2,0.20194634795188904,-0.9115520803640179
BH_s19_medium,9,37,10.233333333333333,0.2912217378616333,-0.5795185753297671
BH_s19_medium,9,38,10.266666666666667,0.1775316447019577,-0.19722377875935274
BH_s19_medium,9,39,10.3,-0.036620792001485825,0.19053840801382085
BH_s19_medium,9,40,10.333333333333334,-0.3054545819759369,0.5419641567536954
BH_s19_medium,9,41,10.366666666666667,-0.5196070075035095,0.8248674569792523
BH_s19_medium,9,42,10.4,-0.6816102266311646,1.0196112487945252
BH_s19_medium,9,43,10.433333333333334,-0.7388237118721008,1.1188424545303164
BH_s19_medium,9,44,10.466666666666667,-0.7863999009132385,1.124951858836712
BH_s19_medium,9,45,10.5,-0.7482153177261353,1.0461829968010694
BH_s19_medium,9,46,10.533333333333333,-0.7388237118721008,0.8930521372610247
BH_s19_medium,9,47,10.566666666666666,-0.793505072593689,0.6767657102528662
BH_s19_medium,9,48,10.6,-0.8319352269172668,0.4095507340611723
BH_s19_medium,9,49,10.633333333333333,-0.6489302515983582,0.10538770979377347
BH_s19_medium,9,50,10.666666666666666,0.07884741574525833,-0.21957058762721895
BH_s19_medium,9,51,10.7,1.1942132711410522,-0.5463668707616532
BH_s19_medium,9,52,10.733333333333333,2.14166522026062,-0.8523103230853228
BH_s19_medium,9,53,10.766666666666667,2.2423393726348877,-1.1108844861674843
BH_s19_medium,9,54,10.8,1.6829332113265991,-1.2937692892759047
BH_s19_medium,9,55,10.833333333333334,1.0629006624221802,-1.3750844007556302
BH_s19_medium,9,56,10.866666666666667,0.6023390889167786,-1.3364765084163799
BH_s19_medium,9,57,10.9,0.33695188164711,-1.1712291106722552
BH_s19_medium,9,58,10.933333333333334,0.30012214183807373,-0.8865734393395358
BH_s19_medium,9,59,10.966666666666667,0.3680821359157562,-0.5043577649289016
BH_s19_medium,9,60,11.0,0.40948486328125,-0.05994894498110138
BH_s19_medium,9,61,11.033333333333333,0.2827109098434448,0.4013489326738136
BH_s19_medium,9,62,11.066666666666666,0.0685584768652916,0.8306030393316143
BH_s19_medium,9,63,11.1,-0.20027531683444977,1.1831999355547722
BH_s19_medium,9,64,11.133333333333333,-0.4144277572631836,1.4262051070372033
BH_s19_medium,9,65,11.166666666666666,-0.6285801529884338,1.542784764753751
BH_s19_medium,9,66,11.2,-0.6841423511505127,1.5324540593305822
BH_s19_medium,9,67,11.233333333333333,-0.7388237118721008,1.4076804670041558
BH_s19_medium,9,68,11.266666666666667,-0.7388237118721008,1.1887864035301365
BH_s19_medium,9,69,11.3,-0.7388237118721008,0.8992699430792517
BH_s19_medium,9,70,11.333333333333334,-0.781632125377655,0.5625716616827616
BH_s19_medium,9,71,11.366666666666667,-0.8340269923210144,0.2002341264581792
BH_s19_medium,9,72,11.4,-0.8481864333152771,-0.1686892133303182
BH_s19_medium,9,73,11.433333333333334,-0.3778185546398163,-0.5269603440105888
BH_s19_medium,9,74,11.466666666666667,0.6704086661338806,-0.8577024426999331
BH_s19_medium,9,75,11.5,1.816871166229248,-1.1432536003663678
BH_s19_medium,9,76,11.533333333333333,2.352421998977661,-1.3652555535134356
BH_s19_medium,9,77,11.566666666666666,2.053152322769165,-1.5060923064389393
BH_s19_medium,9,78,11.6,1.4352115392684937,-1.5510166776126786
BH_s19_medium,9,79,11.633333333333333,0.8998304605484009,-1.4901718796966072
BH_s19_medium,9,80,11.666666666666666,0.5136988162994385,-1.3202746750621348
BH_s19_medium,9,81,11.7,0.3371466398239136,-1.0461942343900177
BH_s19_medium,9,82,11.733333333333333,0.30012214183807373,-0.6823901582196394
BH_s19_medium,9,83,11.766666666666667,0.35480350255966187,-0.2535518410510122
BH_s19_medium,9,84,11.8,0.3332087993621826,0.20644135520025803
BH_s19_medium,9,85,11.833333333333334,0.12756723165512085,0.6576617696717793
BH_s19_medium,9,86,11.866666666666667,-0.10132038593292236,1.058926556457489
BH_s19_medium,9,87,11.9,-0.36786767840385437,1.3731804823856202
BH_s19_medium,9,88,11.933333333333334,-0.631112277507782,1.5724431153665142
BH_s19_medium,9,89,11.966666666666667,-0.7922347187995911,1.6414968812568829
BH_s19_medium,9,90,12.0,-0.845264732837677,1.5794321420056063
BH_s19_medium,9,91,12.033333333333333,-0.8976595997810364,1.398342310956942
BH_s19_medium,9,92,12.066666666666666,-0.9028677940368652,1.1193877122720823
BH_s19_medium,9,93,12.1,-0.9028677940368652,0.7676952181759229
BH_s19_medium,9,94,12.133333333333333,-0.9454814195632935,0.3682527746921572
BH_s19_medium,9,95,12.166666666666666,-0.9978762865066528,-0.0555448255687001
BH_s19_medium,9,96,12.2,-0.8053865432739258,-0.480642783476939
BH_s19_medium,9,97,12.233333333333333,-0.03426694869995117,-0.8819349723548456
BH_s19_medium,9,98,12.266666666666667,1.1057169437408447,-1.2308598343198913
BH_s19_medium,9,99,12.3,1.9871058464050293,-1.4964405791640127
BH_s19_medium,9,100,12.333333333333334,2.01792311668396,-1.6489081097955893
BH_s19_medium,9,101,12.366666666666667,1.5075074434280396,-1.664918337908369
BH_s19_medium,9,102,12.4,0.8893718123435974,-1.532952679295159
BH_s19_medium,9,103,12.433333333333334,0.430707186460495,-1.257509969848065
BH_s19_medium,9,104,12.466666666666667,0.1710108369588852,-0.8608071656591019
BH_s19_medium,9,105,12.5,0.15354016423225403,-0.3811388749971396
BH_s19_medium,9,106,12.533333333333333,0.2059350162744522,0.1320148901620668
BH_s19_medium,9,107,12.566666666666666,0.2872330844402313,0.6251152358770253
BH_s19_medium,9,108,12.6,0.16955429315567017,1.0485031688486335
BH_s19_medium,9,109,12.633333333333333,-0.05291420593857765,1.3636488681290333
BH_s19_medium,9,110,12.666666666666666,-0.3741428554058075,1.5481839747611532
BH_s19_medium,9,111,12.7,-0.6369470953941345,1.5975110989999273
BH_s19_medium,9,112,12.733333333333333,-0.8496429324150085,1.5227041324765391
BH_s19_medium,9,113,12.766666666666667,-0.9028677940368652,1.3455087973367068
BH_s19_medium,9,114,12.8,-0.9575491547584534,1.091983376483569
BH_s19_medium,9,115,12.833333333333334,-0.9575491547584534,0.7866174432462808
BH_s19_medium,9,116,12.866666666666667,-0.9575491547584534,0.44867662202937164
BH_s19_medium,9,117,12.9,-0.9575491547584534,0.09183188574631396
BH_s19_medium,9,118,12.933333333333334,-1.0546493530273438,-0.27316685189447987
BH_s19_medium,9,119,12.966666666666667,-0.8918333649635315,-0.6343048415102965
BH_s19_medium,9,120,13.0,-0.179485484957695,-0.9747032186791462
BH_s19_medium,9,121,13.033333333333333,0.9100005030632019,-1.2713073275531739
BH_s19_medium,9,122,13.066666666666666,1.8667932748794556,-1.4964865611041982
BH_s19_medium,9,123,13.1,2.0426342487335205,-1.6221032466955587
BH_s19_medium,9,124,13.133333333333333,1.5496385097503662,-1.6250446968200463
BH_s19_medium,9,125,13.166666666666666,0.9335945248603821,-1.492951603694824
BH_s19_medium,9,126,13.2,0.4223402738571167,-1.2286344985425324
BH_s19_medium,9,127,13.233333333333333,0.14707879722118378,-0.8517000223994301
BH_s19_medium,9,128,13.266666666666667,0.08139671385288239,-0.39655886975883714
BH_s19_medium,9,129,13.3,0.09866402298212051,0.09282282124289476
BH_s19_medium,9,130,13.333333333333334,0.13607807457447052,0.5698386153229251
BH_s19_medium,9,131,13.366666666666667,0.06870241463184357,0.991718102029122
BH_s19_medium,9,132,13.4,-0.11387074738740921,1.3240558944640506
BH_s19_medium,9,133,13.433333333333334,-0.42697811126708984,1.5431444216810009
BH_s19_medium,9,134,13.466666666666667,-0.6411305069923401,1.6368568891460873
BH_s19_medium,9,135,13.5,-0.8517346978187561,1.604700578965897
BH_s19_medium,9,136,13.533333333333333,-0.9041295647621155,1.456605031344803
BH_s19_medium,9,137,13.566666666666666,-0.9575491547584534,1.2098064588480544
BH_s19_medium,9,138,13.6,-0.9575491547584534,0.8847669952982323
BH_s19_medium,9,139,13.633333333333333,-0.9575491547584534,0.5024182398403486
BH_s19_medium,9,140,13.666666666666666,-0.9575491547584534,0.08413158663258195
BH_s19_medium,9,141,13.7,-1.0122305154800415,-0.34636224620538075
BH_s19_medium,9,142,13.733333333333333,-1.0669118165969849,-0.7612939646165454
BH_s19_medium,9,143,13.766666666666667,-0.8125425577163696,-1.1293634450373662
BH_s19_medium,9,144,13.8,0.03748694434762001,-1.4188579945585251
BH_s19_medium,9,145,13.833333333333334,1.2359460592269897,-1.602233233348733
BH_s19_medium,9,146,13.866666666666667,2.0181939601898193,-1.660457946758439
BH_s19_medium,9,147,13.9,1.981440782546997,-1.5858711060760489
BH_s19_medium,9,148,13.933333333333334,1.386763095855713,-1.3831324028659298
BH_s19_medium,9,149,13.966666666666667,0.7705243229866028,-1.0685715441910595
BH_s19_medium,9,150,14.0,0.33768871426582336,-0.6685449138301712
BH_s19_medium,9,151,14.033333333333333,0.11443252861499786,-0.21714343446688578
BH_s19_medium,9,152,14.066666666666666,0.10075575113296509,0.24692853910945284
BH_s19_medium,9,153,14.1,0.19075943529605865,0.6843893239130849
BH_s19_medium,9,154,14.133333333333333,0.19075943529605865,1.0595120032030205
BH_s19_medium,9,155,14.166666666666666,0.06889719516038895,1.3432632579306458
BH_s19_medium,9,156,14.2,-0.1679677665233612,1.5155159161089966
BH_s19_medium,9,157,14.233333333333333,-0.481269896030426,1.5671065588140847
BH_s19_medium,9,158,14.266666666666667,-0.695422351360321,1.5013162839083025
BH_s19_medium,9,159,14.3,-0.8515399098396301,1.3331678485158223
BH_s19_medium,9,160,14.333333333333334,-0.9039347767829895,1.085820118539312
BH_s19_medium,9,161,14.366666666666667,-0.9575491547584534,0.7852430420517759
BH_s19_medium,9,162,14.4,-0.9575491547584534,0.45528426675510353
BH_s19_medium,9,163,14.433333333333334,-0.9575491547584534,0.11484967661616172
BH_s19_medium,9,164,14.466666666666667,-0.9494701027870178,-0.22214855339707568
BH_s19_medium,9,165,14.5,-1.0018649101257324,-0.5445954694874066
BH_s19_medium,9,166,14.533333333333333,-1.0542597770690918,-0.8410882031824751
BH_s19_medium,9,167,14.566666666666666,-0.853259265422821,-1.0975247914965638
BH_s19_medium,9,168,14.6,-0.07362878322601318,-1.2964618934673586
BH_s19_medium,9,169,14.633333333333333,1.1049292087554932,-1.4185091868178183
BH_s19_medium,9,170,14.666666666666666,2.0285000801086426,-1.445298559629929
BH_s19_medium,9,171,14.7,2.067497968673706,-1.363304097698224
BH_s19_medium,9,172,14.733333333333333,1.4972944259643555,-1.1679344875879147
BH_s19_medium,9,173,14.766666666666667,0.85483717918396,-0.8672173620494834
BH_s19_medium,9,174,14.8,0.3692171573638916,-0.4837911174454865
BH_s19_medium,9,175,14.833333333333334,0.11462730914354324,-0.053767031111101746
BH_s19_medium,9,176,14.866666666666667,0.10056097060441971,0.37791635919083294
BH_s19_medium,9,177,14.9,0.20763719081878662,0.7645365799115502
BH_s19_medium,9,178,14.933333333333334,0.2855308949947357,1.0651584177823963
BH_s19_medium,9,179,14.966666666666667,0.16614995896816254,1.2510408166367117
BH_s19_medium,9,180,15.0,-0.05802071467041969,1.3098046547036222
BH_s19_medium,9,181,15.033333333333333,-0.3715176284313202,1.2466480910211621
BH_s19_medium,9,182,15.066666666666666,-0.5802248120307922,1.081924926628037
BH_s19_medium,9,183,15.1,-0.6873010396957397,0.8451474533459322
BH_s19_medium,9,184,15.133333333333333,-0.7388237118721008,0.5673284557941327
BH_s19_medium,9,185,15.166666666666666,-0.7920907735824585,0.27475285959297047
BH_s19_medium,9,186,15.2,-0.793505072593689,-0.013746145658685606
BH_s19_medium,9,187,15.233333333333333,-0.793505072593689,-0.28600160200220887
BH_s19_medium,9,188,15.266666666666667,-0.8481864333152771,-0.5335327211950703
BH_s19_medium,9,189,15.3,-0.9028677940368652,-0.7480016220551831
BH_s19_medium,9,190,15.333333333333334,-0.722682774066925,-0.9185728885475256
BH_s19_medium,9,191,15.366666666666667,0.015011443756520748,-1.031211663535599
BH_s19_medium,9,192,15.4,1.1474498510360718,-1.0703039054393977
BH_s19_medium,9,193,15.433333333333334,1.951393961906433,-1.0222350367496238
BH_s19_medium,9,194,15.466666666666667,1.9518601894378662,-0.8798989449327339
BH_s19_medium,9,195,15.5,1.375381350517273,-0.6467111804737059
BH_s19_medium,9,196,15.533333333333333,0.7329241037368774,-0.3387158463156091
BH_s19_medium,9,197,15.566666666666666,0.2226351648569107,0.01613659060928503
BH_s19_medium,9,198,15.6,0.05785422399640083,0.38157650588972514
BH_s19_medium,9,199,15.633333333333333,0.04797133803367615,0.7184497485129252
BH_s19_medium,9,200,15.666666666666666,0.15504755079746246,0.9902988441423871
BH_s19_medium,9,201,15.7,0.19075943529605865,1.1679191538321114
BH_s19_medium,9,202,15.733333333333333,0.12168160825967789,1.2332246293478706
BH_s19_medium,9,203,15.766666666666667,-0.11897725611925125,1.1829824512247242
BH_s19_medium,9,204,15.8,-0.38552454113960266,1.0309206534631206
BH_s19_medium,9,205,15.833333333333334,-0.6369979381561279,0.80538748365687
BH_s19_medium,9,206,15.866666666666667,-0.7440741658210754,0.5418131049160927
BH_s19_medium,9,207,15.9,-0.8481864333152771,0.27276724395471497
BH_s19_medium,9,208,15.933333333333334,-0.8481864333152771,0.020079741711498844
BH_s19_medium,9,209,15.966666666666667,-0.8481864333152771,-0.2076861050923472
BH_s19_medium,9,210,16.0,-0.8481864333152771,-0.4120697593161878
BH_s19_medium,9,211,16.033333333333335,-0.8481864333152771,-0.5981963791401926
BH_s19_medium,9,212,16.066666666666666,-0.9028677940368652,-0.7681180503034424
BH_s19_medium,9,213,16.1,-0.57387375831604,-0.9165580351560504
BH_s19_medium,9,214,16.133333333333333,0.3337502181529999,-1.0303620824783633
BH_s19_medium,9,215,16.166666666666668,1.5925816297531128,-1.0915467597310018
BH_s19_medium,9,216,16.2,2.362236738204956,-1.0825081728901527
BH_s19_medium,9,217,16.233333333333334,2.293574333190918,-0.9913625419741673
BH_s19_medium,9,218,16.266666666666666,1.6909191608428955,-0.8159135026309526
BH_s19_medium,9,219,16.3,1.0484619140625,-0.5658994082675366
BH_s19_medium,9,220,16.333333333333332,0.5991294980049133,-0.26393607999814167
BH_s19_medium,9,221,16.366666666666667,0.35821643471717834,0.05511687055510167
BH_s19_medium,9,222,16.4,0.30012214183807373,0.3482714731432516
BH_s19_medium,9,223,16.433333333333334,0.375864714384079,0.5735293835491624
BH_s19_medium,9,224,16.466666666666665,0.39071017503738403,0.7017711111894058
BH_s19_medium,9,225,16.5,0.21246440708637238,0.7257653426608327
BH_s19_medium,9,226,16.533333333333335,-0.015889713540673256,0.6614823103706609
BH_s19_medium,9,227,16.566666666666666,-0.32520318031311035,0.541139679442929
BH_s19_medium,9,228,16.6,-0.5393555760383606,0.4016796410471593
BH_s19_medium,9,229,16.633333333333333,-0.6914845108985901,0.27395135826414974
BH_s19_medium,9,230,16.666666666666668,-0.793505072593689,0.17618284657275238
BH_s19_medium,9,231,16.7,-0.793505072593689,0.11259154528905876
BH_s19_medium,9,232,16.733333333333334,-0.793505072593689,0.07641968778527987
BH_s19_medium,9,233,16.766666666666666,-0.793505072593689,0.0558334312507292
BH_s19_medium,9,234,16.8,-0.8481864333152771,0.040106813312265614
BH_s19_medium,9,235,16.833333333333332,-0.9028677940368652,0.023398553083390373
BH_s19_medium,9,236,16.866666666666667,-0.5634151101112366,0.005118564215992583
BH_s19_medium,9,237,16.9,0.3546674847602844,-0.012061232559084612
BH_s19_medium,9,238,16.933333333333334,1.5630009174346924,-0.024779143681312683
BH_s19_medium,9,239,16.966666666666665,2.315922260284424,-0.0308146296689174
BH_s19_medium,10,0,10.0,1.9205265045166016,0.030537495996863447
BH_s19_medium,10,1,10.033333333333333,1.444696307182312,-0.15659627737988874
BH_s19_medium,10,2,10.066666666666666,0.8343008756637573,-0.3360152127844847
BH_s19_medium,10,3,10.1,0.3372991681098938,-0.49337017591781757
BH_s19_medium,10,4,10.133333333333333,0.08139671385288239,-0.6055357530467519
BH_s19_medium,10,5,10.166666666666666,0.09487012773752213,-0.6461672086429489
BH_s19_medium,10,6,10.2,0.20194634795188904,-0.5960813105098582
BH_s19_medium,10,7,10.233333333333333,0.2912217378616333,-0.4529797215279496
BH_s19_medium,10,8,10.266666666666667,0.1775316447019577,-0.2355506823699717
BH_s19_medium,10,9,10.3,-0.036620792001485825,0.019940340698791206
BH_s19_medium,10,10,10.333333333333334,-0.3054545819759369,0.2691195139875953
BH_s19_medium,10,11,10.366666666666667,-0.5196070075035095,0.47143918406195673
BH_s19_medium,10,12,10.4,-0.6816102266311646,0.6004734642581742
BH_s19_medium,10,13,10.433333333333334,-0.7388237118721008,0.6492041566677204
BH_s19_medium,10,14,10.466666666666667,-0.7863999009132385,0.6284684169403155
BH_s19_medium,10,15,10.5,-0.7482153177261353,0.5592507209051379
BH_s19_medium,10,16,10.533333333333333,-0.7388237118721008,0.46245612656899326
BH_s19_medium,10,17,10.566666666666666,-0.793505072593689,0.3509581098022195
BH_s19_medium,10,18,10.6,-0.8319352269172668,0.22679561824241465
BH_s19_medium,10,19,10.633333333333333,-0.6489302515983582,0.08345960645540994
BH_s19_medium,10,20,10.666666666666666,0.07884741574525833,-0.08833026569634025
BH_s19_medium,10,21,10.7,1.1942132711410522,-0.29339312401960577
BH_s19_medium,10,22,10.733333333333333,2.14166522026062,-0.5258194367856254
BH_s19_medium,10,23,10.766666666666667,2.2423393726348877,-0.7660294276597475
BH_s19_medium,10,24,10.8,1.6829332113265991,-0.9823687616856638
BH_s19_medium,10,25,10.833333333333334,1.0629006624221802,-1.136724191945919
BH_s19_medium,10,26,10.866666666666667,0.6023390889167786,-1.192352622357919
BH_s19_medium,10,27,10.9,0.33695188164711,-1.1219469111834732
BH_s19_medium,10,28,10.933333333333334,0.30012214183807373,-0.9146870403974589
BH_s19_medium,10,29,10.966666666666667,0.3680821359157562,-0.581309241646179
BH_s19_medium,10,30,11.0,0.40948486328125,-0.15547256539420165
BH_s19_medium,10,31,11.033333333333333,0.2827109098434448,0.31044339697576673
BH_s19_medium,10,32,11.066666666666666,0.0685584768652916,0.7551046630180106
BH_s19_medium,10,33,11.1,-0.20027531683444977,1.1209061450770206
BH_s19_medium,10,34,11.133333333333333,-0.4144277572631836,1.3655555579964518
BH_s19_medium,10,35,11.166666666666666,-0.6285801529884338,1.4690777766490886
BH_s19_medium,10,36,11.2,-0.6841423511505127,1.4346695920362413
BH_s19_medium,10,37,11.233333333333333,-0.7388237118721008,1.2840630496801866
BH_s19_medium,10,38,11.266666666666667,-0.7388237118721008,1.0496003731990091
BH_s19_medium,10,39,11.3,-0.7388237118721008,0.7656446689692417
BH_s19_medium,10,40,11.333333333333334,-0.781632125377655,0.4614478024779035
BH_s19_medium,10,41,11.366666666666667,-0.8340269923210144,0.15687498983326198
BH_s19_medium,10,42,11.4,-0.8481864333152771,-0.1381494056081523
BH_s19_medium,10,43,11.433333333333334,-0.3778185546398163,-0.42046394032541334
BH_s19_medium,10,44,11.466666666666667,0.6704086661338806,-0.6881958402349622
BH_s19_medium,10,45,11.5,1.816871166229248,-0.9354528964496164
BH_s19_medium,10,46,11.533333333333333,2.352421998977661,-1.14929101712383
BH_s19_medium,10,47,11.566666666666666,2.053152322769165,-1.309791914078918
BH_s19_medium,10,48,11.6,1.4352115392684937,-1.3929087904056692
BH_s19_medium,10,49,11.633333333333333,0.8998304605484009,-1.3751958982278067
BH_s19_medium,10,50,11.666666666666666,0.5136988162994385,-1.2395435828904806
BH_s19_medium,10,51,11.7,0.3371466398239136,-0.9810085761279461
BH_s19_medium,10,52,11.733333333333333,0.30012214183807373,-0.6114109105325622
BH_s19_medium,10,53,11.766666666666667,0.35480350255966187,-0.16105965507060188
BH_s19_medium,10,54,11.8,0.3332087993621826,0.32359993751239297
BH_s19_medium,10,55,11.833333333333334,0.12756723165512085,0.7864903449815831
BH_s19_medium,10,56,11.866666666666667,-0.10132038593292236,1.1713109148029779
BH_s19_medium,10,57,11.9,-0.36786767840385437,1.4317530233591043
BH_s19_medium,10,58,11.933333333333334,-0.631112277507782,1.5402939765539654
BH_s19_medium,10,59,11.966666666666667,-0.7922347187995911,1.4934472741981686
BH_s19_medium,10,60,12.0,-0.845264732837677,1.311493104320548
BH_s19_medium,10,61,12.033333333333333,-0.8976595997810364,1.031867156734193
BH_s19_medium,10,62,12.066666666666666,-0.9028677940368652,0.6979751451450074
BH_s19_medium,10,63,12.1,-0.9028677940368652,0.34758691536843533
BH_s19_medium,10,64,12.133333333333333,-0.9454814195632935,0.005279289849386384
BH_s19_medium,10,65,12.166666666666666,-0.9978762865066528,-0.31847136610006765
BH_s19_medium,10,66,12.2,-0.8053865432739258,-0.6219079760900432
BH_s19_medium,10,67,12.233333333333333,-0.03426694869995117,-0.9033935266500679
BH_s19_medium,10,68,12.266666666666667,1.1057169437408447,-1.1539234366659754
BH_s19_medium,10,69,12.3,1.9871058464050293,-1.3541935090251076
BH_s19_medium,10,70,12.333333333333334,2.01792311668396,-1.4770745725354615
BH_s19_medium,10,71,12.366666666666667,1.5075074434280396,-1.4938843294638737
BH_s19_medium,10,72,12.4,0.8893718123435974,-1.3820429188050625
BH_s19_medium,10,73,12.433333333333334,0.430707186460495,-1.1322007754908987
BH_s19_medium,10,74,12.466666666666667,0.1710108369588852,-0.7535738011642696
BH_s19_medium,10,75,12.5,0.15354016423225403,-0.27638589312275663
BH_s19_medium,10,76,12.533333333333333,0.2059350162744522,0.2498384975992461
BH_s19_medium,10,77,12.566666666666666,0.2872330844402313,0.763049835489295
BH_s19_medium,10,78,12.6,0.16955429315567017,1.1999873336715148
BH_s19_medium,10,79,12.633333333333333,-0.05291420593857765,1.5093551220573531
BH_s19_medium,10,80,12.666666666666666,-0.3741428554058075,1.6625596071034954
BH_s19_medium,10,81,12.7,-0.6369470953941345,1.6580597219172493
BH_s19_medium,10,82,12.733333333333333,-0.8496429324150085,1.5180380652934693
BH_s19_medium,10,83,12.766666666666667,-0.9028677940368652,1.2792609723048851
BH_s19_medium,10,84,12.8,-0.9575491547584534,0.9817008871506415
BH_s19_medium,10,85,12.833333333333334,-0.9575491547584534,0.6586197728281596
BH_s19_medium,10,86,12.866666666666667,-0.9575491547584534,0.33100551971661835
BH_s19_medium,10,87,12.9,-0.9575491547584534,0.0076455730170648575
BH_s19_medium,10,88,12.933333333333334,-1.0546493530273438,-0.31005690440013284
BH_s19_medium,10,89,12.966666666666667,-0.8918333649635315,-0.6211801351913014
BH_s19_medium,10,90,13.0,-0.179485484957695,-0.9193616781633797
BH_s19_medium,10,91,13.033333333333333,0.9100005030632019,-1.189945750852783
BH_s19_medium,10,92,13.066666666666666,1.8667932748794556,-1.4106210288940724
BH_s19_medium,10,93,13.1,2.0426342487335205,-1.5546780556243467
BH_s19_medium,10,94,13.133333333333333,1.5496385097503662,-1.595731532885792
BH_s19_medium,10,95,13.166666666666666,0.9335945248603821,-1.5130784360330398
BH_s19_medium,10,96,13.2,0.4223402738571167,-1.2970563180714896
BH_s19_medium,10,97,13.233333333333333,0.14707879722118378,-0.9535437285018807
BH_s19_medium,10,98,13.266666666666667,0.08139671385288239,-0.5063462962658326
BH_s19_medium,10,99,13.3,0.09866402298212051,0.0037724609895226444
BH_s19_medium,10,100,13.333333333333334,0.13607807457447052,0.5238766662530746
BH_s19_medium,10,101,13.366666666666667,0.06870241463184357,0.9967772936294944
BH_s19_medium,10,102,13.4,-0.11387074738740921,1.3704960030591682
BH_s19_medium,10,103,13.433333333333334,-0.42697811126708984,1.6071995597411008
BH_s19_medium,10,104,13.466666666666667,-0.6411305069923401,1.6894456788373409
BH_s19_medium,10,105,13.5,-0.8517346978187561,1.621936535629557
BH_s19_medium,10,106,13.533333333333333,-0.9041295647621155,1.427925497699002
BH_s19_medium,10,107,13.566666666666666,-0.9575491547584534,1.1411656253552187
BH_s19_medium,10,108,13.6,-0.9575491547584534,0.7963623242333266
BH_s19_medium,10,109,13.633333333333333,-0.9575491547584534,0.42192813597305595
BH_s19_medium,10,110,13.666666666666666,-0.9575491547584534,0.03745734489935825
BH_s19_medium,10,111,13.7,-1.0122305154800415,-0.3441181286239522
BH_s19_medium,10,112,13.733333333333333,-1.0669118165969849,-0.7115728321477973
BH_s19_medium,10,113,13.766666666666667,-0.8125425577163696,-1.0502402444313992
BH_s19_medium,10,114,13.8,0.03748694434762001,-1.3390713965404337
BH_s19_medium,10,115,13.833333333333334,1.2359460592269897,-1.5512631858884436
BH_s19_medium,10,116,13.866666666666667,2.0181939601898193,-1.6582917126666739
BH_s19_medium,10,117,13.9,1.981440782546997,-1.6359708813700986
BH_s19_medium,10,118,13.933333333333334,1.386763095855713,-1.470821484684305
BH_s19_medium,10,119,13.966666666666667,0.7705243229866028,-1.165284320982639
BH_s19_medium,10,120,14.0,0.33768871426582336,-0.7405750670841645
BH_s19_medium,10,121,14.033333333333333,0.11443252861499786,-0.23608772792777322
BH_s19_medium,10,122,14.066666666666666,0.10075575113296509,0.2954362137325808
BH_s19_medium,10,123,14.1,0.19075943529605865,0.7965002493405454
BH_s19_medium,10,124,14.133333333333333,0.19075943529605865,1.2147262131443701
BH_s19_medium,10,125,14.166666666666666,0.06889719516038895,1.5108256372051185
BH_s19_medium,10,126,14.2,-0.1679677665233612,1.6631947594708465
BH_s19_medium,10,127,14.233333333333333,-0.481269896030426,1.6694696067400778
BH_s19_medium,10,128,14.266666666666667,-0.695422351360321,1.545200029907298
BH_s19_medium,10,129,14.3,-0.8515399098396301,1.319260575799052
BH_s19_medium,10,130,14.333333333333334,-0.9039347767829895,1.026678955649162
BH_s19_medium,10,131,14.366666666666667,-0.9575491547584534,0.70102258998198
BH_s19_medium,10,132,14.4,-0.9575491547584534,0.3685312197703075
BH_s19_medium,10,133,14.433333333333334,-0.9575491547584534,0.04526260584060063
BH_s19_medium,10,134,14.466666666666667,-0.9494701027870178,-0.2622868054546163
BH_s19_medium,10,135,14.5,-1.0018649101257324,-0.5534293347642705
BH_s19_medium,10,136,14.533333333333333,-1.0542597770690918,-0.827825466358835
BH_s19_medium,10,137,14.566666666666666,-0.853259265422821,-1.0804042924224997
BH_s19_medium,10,138,14.6,-0.07362878322601318,-1.2983601232007347
BH_s19_medium,10,139,14.633333333333333,1.1049292087554932,-1.4609101471680792
BH_s19_medium,10,140,14.666666666666666,2.0285000801086426,-1.5417040734615954
BH_s19_medium,10,141,14.7,2.067497968673706,-1.5135892156497994
BH_s19_medium,10,142,14.733333333333333,1.4972944259643555,-1.3555320378708364
BH_s19_medium,10,143,14.766666666666667,0.85483717918396,-1.0608915442280666
BH_s19_medium,10,144,14.8,0.3692171573638916,-0.6446376483934951
BH_s19_medium,10,145,14.833333333333334,0.11462730914354324,-0.1459736495298091
BH_s19_medium,10,146,14.866666666666667,0.10056097060441971,0.37625632141261534
BH_s19_medium,10,147,14.9,0.20763719081878662,0.8550675240877328
BH_s19_medium,10,148,14.933333333333334,0.2855308949947357,1.230063265581127
BH_s19_medium,10,149,14.966666666666667,0.16614995896816254,1.460251510519824
BH_s19_medium,10,150,15.0,-0.05802071467041969,1.5312734457061847
BH_s19_medium,10,151,15.033333333333333,-0.3715176284313202,1.4557900429894772
BH_s19_medium,10,152,15.066666666666666,-0.5802248120307922,1.267202183484707
BH_s19_medium,10,153,15.1,-0.6873010396957397,1.0082589279565324
BH_s19_medium,10,154,15.133333333333333,-0.7388237118721008,0.7183517786149741
BH_s19_medium,10,155,15.166666666666666,-0.7920907735824585,0.4243885165735179
BH_s19_medium,10,156,15.2,-0.793505072593689,0.13826890130723998
BH_s19_medium,10,157,15.233333333333333,-0.793505072593689,-0.13932709672335136
BH_s19_medium,10,158,15.266666666666667,-0.8481864333152771,-0.41144649020755253
BH_s19_medium,10,159,15.3,-0.9028677940368652,-0.6770161730943066
BH_s19_medium,10,160,15.333333333333334,-0.722682774066925,-0.9255975382851328
BH_s19_medium,10,161,15.366666666666667,0.015011443756520748,-1.1364355682094998
BH_s19_medium,10,162,15.4,1.1474498510360718,-1.2817680780701612
BH_s19_medium,10,163,15.433333333333334,1.951393961906433,-1.3330533435077339
BH_s19_medium,10,164,15.466666666666667,1.9518601894378662,-1.268402430076891
BH_s19_medium,10,165,15.5,1.375381350517273,-1.0795203672856797
BH_s19_medium,10,166,15.533333333333333,0.7329241037368774,-0.7762937227572048
BH_s19_medium,10,167,15.566666666666666,0.2226351648569107,-0.38720809809554646
BH_s19_medium,10,168,15.6,0.05785422399640083,0.04525066059707508
BH_s19_medium,10,169,15.633333333333333,0.04797133803367615,0.4729915214270791
BH_s19_medium,10,170,15.666666666666666,0.15504755079746246,0.8511446035306184
BH_s19_medium,10,171,15.7,0.19075943529605865,1.1440712071089107
BH_s19_medium,10,172,15.733333333333333,0.12168160825967789,1.3282388239498268
BH_s19_medium,10,173,15.766666666666667,-0.11897725611925125,1.393724158181024
BH_s19_medium,10,174,15.8,-0.38552454113960266,1.3446800403756574
BH_s19_medium,10,175,15.833333333333334,-0.6369979381561279,1.1972612281071553
BH_s19_medium,10,176,15.866666666666667,-0.7440741658210754,0.9746577525904704
BH_s19_medium,10,177,15.9,-0.8481864333152771,0.7011877921887181
BH_s19_medium,10,178,15.933333333333334,-0.8481864333152771,0.3978126576246187
BH_s19_medium,10,179,15.966666666666667,-0.8481864333152771,0.08028562792371789
BH_s19_medium,10,180,16.0,-0.8481864333152771,-0.2399603118800537
BH_s19_medium,10,181,16.033333333333335,-0.8481864333152771,-0.5528657246160996
BH_s19_medium,10,182,16.066666666666666,-0.9028677940368652,-0.8461226863033321
BH_s19_medium,10,183,16.1,-0.57387375831604,-1.1025901996954235
BH_s19_medium,10,184,16.133333333333333,0.3337502181529999,-1.300072399268285
BH_s19_medium,10,185,16.166666666666668,1.5925816297531128,-1.4138485019499003
BH_s19_medium,10,186,16.2,2.362236738204956,-1.421310823195869
BH_s19_medium,10,187,16.233333333333334,2.293574333190918,-1.3073640536887703
BH_s19_medium,10,188,16.266666666666666,1.6909191608428955,-1.069146907960021
BH_s19_medium,10,189,16.3,1.0484619140625,-0.7192150798110035
BH_s19_medium,10,190,16.333333333333332,0.5991294980049133,-0.2870414498799669
BH_s19_medium,10,191,16.366666666666667,0.35821643471717834,0.1817056213371271
BH_s19_medium,10,192,16.4,0.30012214183807373,0.6300535986039187
BH_s19_medium,10,193,16.433333333333334,0.375864714384079,1.000239251670455
BH_s19_medium,10,194,16.466666666666665,0.39071017503738403,1.2474405116534748
BH_s19_medium,10,195,16.5,0.21246440708637238,1.3508148306988643
BH_s19_medium,10,196,16.533333333333335,-0.015889713540673256,1.316708966914168
BH_s19_medium,10,197,16.566666666666666,-0.32520318031311035,1.1730207352560418
BH_s19_medium,10,198,16.6,-0.5393555760383606,0.9578375798288872
BH_s19_medium,10,199,16.633333333333333,-0.6914845108985901,0.7073787646719176
BH_s19_medium,10,200,16.666666666666668,-0.793505072593689,0.44743008239163545
BH_s19_medium,10,201,16.7,-0.793505072593689,0.19019835548473424
BH_s19_medium,10,202,16.733333333333334,-0.793505072593689,-0.06352798162544818
BH_s19_medium,10,203,16.766666666666666,-0.793505072593689,-0.3183654539651972
BH_s19_medium,10,204,16.8,-0.8481864333152771,-0.5767211759396444
BH_s19_medium,10,205,16.833333333333332,-0.9028677940368652,-0.8320990636146346
BH_s19_medium,10,206,16.866666666666667,-0.5634151101112366,-1.0655405149221324
BH_s19_medium,10,207,16.9,0.3546674847602844,-1.2466062646085023
BH_s19_medium,10,208,16.933333333333334,1.5630009174346924,-1.3391287012652897
BH_s19_medium,10,209,16.966666666666665,2.315922260284424,-1.3105577591285176
BH_s19_medium,10,210,17.0,2.175844669342041,-1.1423681506161438
BH_s19_medium,10,211,17.033333333333335,1.569006085395813,-0.8381857266668277
BH_s19_medium,10,212,17.066666666666666,0.9588477611541748,-0.42654811698657236
BH_s19_medium,10,213,17.1,0.5381729602813721,0.04318253631325278
BH_s19_medium,10,214,17.133333333333333,0.35480350255966187,0.5106875114679867
BH_s19_medium,10,215,17.166666666666668,0.35480350255966187,0.9170792966016496
BH_s19_medium,10,216,17.2,0.4873191714286804,1.215941500751826
BH_s19_medium,10,217,17.233333333333334,0.5735289454460144,1.380311531599087
BH_s19_medium,10,218,17.266666666666666,0.42700639367103577,1.404963008392822
BH_s19_medium,10,219,17.3,0.1965605467557907,1.3047892391545688
BH_s19_medium,10,220,17.333333333333332,-0.11066118627786636,1.1101431832188615
BH_s19_medium,10,221,17.366666666666667,-0.37949496507644653,0.8597359737267996
BH_s19_medium,10,222,17.4,-0.5842134952545166,0.5922855791337548
BH_s19_medium,10,223,17.433333333333334,-0.6841423511505127,0.338973407364285
BH_s19_medium,10,224,17.466666666666665,-0.6890032291412354,0.11879538217400698
BH_s19_medium,10,225,17.5,-0.6841423511505127,-0.062139525360299895
BH_s19_medium,10,226,17.533333333333335,-0.6841423511505127,-0.20785123697966013
BH_s19_medium,10,227,17.566666666666666,-0.7368250489234924,-0.3278749345692725
BH_s19_medium,10,228,17.6,-0.7388237118721008,-0.43247036411467166
BH_s19_medium,10,229,17.633333333333333,-0.44359374046325684,-0.5286357560284707
BH_s19_medium,10,230,17.666666666666668,0.4391242563724518,-0.6172450359237102
BH_s19_medium,10,231,17.7,1.6103910207748413,-0.6917906398417708
BH_s19_medium,10,232,17.733333333333334,2.324289321899414,-0.7399577098890053
BH_s19_medium,10,233,17.766666666666666,2.2064414024353027,-0.7487334574097235
BH_s19_medium,10,234,17.8,1.6111371517181396,-0.7111804654638603
BH_s19_medium,10,235,17.833333333333332,1.0374611616134644,-0.6308763863268522
BH_s19_medium,10,236,17.866666666666667,0.6412605047225952,-0.5209493469452469
BH_s19_medium,10,237,17.9,0.4890299141407013,-0.39802939108492474
BH_s19_medium,10,238,17.933333333333334,0.49169740080833435,-0.27480513048895294
BH_s19_medium,10,239,17.966666666666665,0.5735289454460144,-0.15587165146926488
BH_s19_medium,11,0,11.0,0.40948486328125,0.09355523909151078
BH_s19_medium,11,1,11.033333333333333,0.2827109098434448,0.21888435511810853
BH_s19_medium,11,2,11.066666666666666,0.0685584768652916,0.33666743262551707
BH_s19_medium,11,3,11.1,-0.20027531683444977,0.43745144901439786
BH_s19_medium,11,4,11.133333333333333,-0.4144277572631836,0.5074093680784995
BH_s19_medium,11,5,11.166666666666666,-0.6285801529884338,0.534498547080187
BH_s19_medium,11,6,11.2,-0.6841423511505127,0.5162375040858511
BH_s19_medium,11,7,11.233333333333333,-0.7388237118721008,0.4624540397890773
BH_s19_medium,11,8,11.266666666666667,-0.7388237118721008,0.3902518414189467
BH_s19_medium,11,9,11.3,-0.7388237118721008,0.3145820731534981
BH_s19_medium,11,10,11.333333333333334,-0.781632125377655,0.2404961225206014
BH_s19_medium,11,11,11.366666666666667,-0.8340269923210144,0.16132409118665583
BH_s19_medium,11,12,11.4,-0.8481864333152771,0.0629888724740478
BH_s19_medium,11,13,11.433333333333334,-0.3778185546398163,-0.06840149877704069
BH_s19_medium,11,14,11.466666666666667,0.6704086661338806,-0.23891077631227062
BH_s19_medium,11,15,11.5,1.816871166229248,-0.4413222963568935
BH_s19_medium,11,16,11.533333333333333,2.352421998977661,-0.6535520472045229
BH_s19_medium,11,17,11.566666666666666,2.053152322769165,-0.8419517857975596
BH_s19_medium,11,18,11.6,1.4352115392684937,-0.9688956488922975
BH_s19_medium,11,19,11.633333333333333,0.8998304605484009,-1.0022395086147424
BH_s19_medium,11,20,11.666666666666666,0.5136988162994385,-0.9235456501122109
BH_s19_medium,11,21,11.7,0.3371466398239136,-0.7326559733408494
BH_s19_medium,11,22,11.733333333333333,0.30012214183807373,-0.4477472738487917
BH_s19_medium,11,23,11.766666666666667,0.35480350255966187,-0.10153992968268642
BH_s19_medium,11,24,11.8,0.3332087993621826,0.26483487488829366
BH_s19_medium,11,25,11.833333333333334,0.12756723165512085,0.6087589247038523
BH_s19_medium,11,26,11.866666666666667,-0.10132038593292236,0.8926753928076562
BH_s19_medium,11,27,11.9,-0.36786767840385437,1.0894164130080666
BH_s19_medium,11,28,11.933333333333334,-0.631112277507782,1.185496451377247
BH_s19_medium,11,29,11.966666666666667,-0.7922347187995911,1.1816019698144635
BH_s19_medium,11,30,12.0,-0.845264732837677,1.0899635766551998
BH_s19_medium,11,31,12.033333333333333,-0.8976595997810364,0.9291788313049698
BH_s19_medium,11,32,12.066666666666666,-0.9028677940368652,0.7180487914735403
BH_s19_medium,11,33,12.1,-0.9028677940368652,0.4706443527520412
BH_s19_medium,11,34,12.133333333333333,-0.9454814195632935,0.19467686247116803
BH_s19_medium,11,35,12.166666666666666,-0.9978762865066528,-0.10595306507643384
BH_s19_medium,11,36,12.2,-0.8053865432739258,-0.4255144267932591
BH_s19_medium,11,37,12.233333333333333,-0.03426694869995117,-0.7504573533918119
BH_s19_medium,11,38,12.266666666666667,1.1057169437408447,-1.0561578386232497
BH_s19_medium,11,39,12.3,1.9871058464050293,-1.308317027133753
BH_s19_medium,11,40,12.333333333333334,2.01792311668396,-1.4688941598009244
BH_s19_medium,11,41,12.366666666666667,1.5075074434280396,-1.5046068733742013
BH_s19_medium,11,42,12.4,0.8893718123435974,-1.3952596191353936
BH_s19_medium,11,43,12.433333333333334,0.430707186460495,-1.1395462643861876
BH_s19_medium,11,44,12.466666666666667,0.1710108369588852,-0.7570510110454044
BH_s19_medium,11,45,12.5,0.15354016423225403,-0.28632339431215176
BH_s19_medium,11,46,12.533333333333333,0.2059350162744522,0.22034701937865472
BH_s19_medium,11,47,12.566666666666666,0.2872330844402313,0.7046071397816207
BH_s19_medium,11,48,12.6,0.16955429315567017,1.111300678304498
BH_s19_medium,11,49,12.633333333333333,-0.05291420593857765,1.3979484746627906
BH_s19_medium,11,50,12.666666666666666,-0.3741428554058075,1.5420769369047373
BH_s19_medium,11,51,12.7,-0.6369470953941345,1.5438299518246317
BH_s19_medium,11,52,12.733333333333333,-0.8496429324150085,1.4228614118978742
BH_s19_medium,11,53,12.766666666666667,-0.9028677940368652,1.2107338313406857
BH_s19_medium,11,54,12.8,-0.9575491547584534,0.9414275565920398
BH_s19_medium,11,55,12.833333333333334,-0.9575491547584534,0.6429036312036684
BH_s19_medium,11,56,12.866666666666667,-0.9575491547584534,0.33230361467788466
BH_s19_medium,11,57,12.9,-0.9575491547584534,0.016233249701687068
BH_s19_medium,11,58,12.933333333333334,-1.0546493530273438,-0.3042940201797639
BH_s19_medium,11,59,12.966666666666667,-0.8918333649635315,-0.626550048652581
BH_s19_medium,11,60,13.0,-0.179485484957695,-0.9396761035570452
BH_s19_medium,11,61,13.033333333333333,0.9100005030632019,-1.2219651681212007
BH_s19_medium,11,62,13.066666666666666,1.8667932748794556,-1.4429804544838443
BH_s19_medium,11,63,13.1,2.0426342487335205,-1.5696716680360336
BH_s19_medium,11,64,13.133333333333333,1.5496385097503662,-1.5743292085155511
BH_s19_medium,11,65,13.166666666666666,0.9335945248603821,-1.441891503086264
BH_s19_medium,11,66,13.2,0.4223402738571167,-1.174636452157657
BH_s19_medium,11,67,13.233333333333333,0.14707879722118378,-0.7932666078117421
BH_s19_medium,11,68,13.266666666666667,0.08139671385288239,-0.33440244905728406
BH_s19_medium,11,69,13.3,0.09866402298212051,0.15482987693832434
BH_s19_medium,11,70,13.333333333333334,0.13607807457447052,0.6241143430842573
BH_s19_medium,11,71,13.366666666666667,0.06870241463184357,1.0277779103788058
BH_s19_medium,11,72,13.4,-0.11387074738740921,1.3312344551382749
BH_s19_medium,11,73,13.433333333333334,-0.42697811126708984,1.5143902994070382
BH_s19_medium,11,74,13.466666666666667,-0.6411305069923401,1.5717947210249097
BH_s19_medium,11,75,13.5,-0.8517346978187561,1.5105087904946095
BH_s19_medium,11,76,13.533333333333333,-0.9041295647621155,1.3465065621023657
BH_s19_medium,11,77,13.566666666666666,-0.9575491547584534,1.1001093727880373
BH_s19_medium,11,78,13.6,-0.9575491547584534,0.791656345331725
BH_s19_medium,11,79,13.633333333333333,-0.9575491547584534,0.4391817608027977
BH_s19_medium,11,80,13.666666666666666,-0.9575491547584534,0.05895922429761763
BH_s19_medium,11,81,13.7,-1.0122305154800415,-0.3319037763160156
BH_s19_medium,11,82,13.733333333333333,-1.0669118165969849,-0.712676540290891
BH_s19_medium,11,83,13.766666666666667,-0.8125425577163696,-1.0578348895116942
BH_s19_medium,11,84,13.8,0.03748694434762001,-1.3384698191925528
BH_s19_medium,11,85,13.833333333333334,1.2359460592269897,-1.5260459152049548
BH_s19_medium,11,86,13.866666666666667,2.0181939601898193,-1.5973005269356728
BH_s19_medium,11,87,13.9,1.981440782546997,-1.538776765932985
BH_s19_medium,11,88,13.933333333333334,1.386763095855713,-1.3499230681509284
BH_s19_medium,11,89,13.966666666666667,0.7705243229866028,-1.0443065611715043
BH_s19_medium,11,90,14.0,0.33768871426582336,-0.6487595286903834
BH_s19_medium,11,91,14.033333333333333,0.11443252861499786,-0.20035204576998
BH_s19_medium,11,92,14.066666666666666,0.10075575113296509,0.25860559673441946
BH_s19_medium,11,93,14.1,0.19075943529605865,0.6865593651785364
BH_s19_medium,11,94,14.133333333333333,0.19075943529605865,1.0479364612536335
BH_s19_medium,11,95,14.166666666666666,0.06889719516038895,1.316204070708777
BH_s19_medium,11,96,14.2,-0.1679677665233612,1.475111722579443
BH_s19_medium,11,97,14.233333333333333,-0.481269896030426,1.5193765726926565
BH_s19_medium,11,98,14.266666666666667,-0.695422351360321,1.454758413535937
BH_s19_medium,11,99,14.3,-0.8515399098396301,1.2962355012019995
BH_s19_medium,11,100,14.333333333333334,-0.9039347767829895,1.0640607867300844
BH_s19_medium,11,101,14.366666666666667,-0.9575491547584534,0.7792792736379985
BH_s19_medium,11,102,14.4,-0.9575491547584534,0.46052076575343576
BH_s19_medium,11,103,14.433333333333334,-0.9575491547584534,0.12290009217948064
BH_s19_medium,11,104,14.466666666666667,-0.9494701027870178,-0.2210345564653483
BH_s19_medium,11,105,14.5,-1.0018649101257324,-0.5589736080191222
BH_s19_medium,11,106,14.533333333333333,-1.0542597770690918,-0.8763287895583426
BH_s19_medium,11,107,14.566666666666666,-0.853259265422821,-1.154829948582295
BH_s19_medium,11,108,14.6,-0.07362878322601318,-1.3729694369337229
BH_s19_medium,11,109,14.633333333333333,1.1049292087554932,-1.508135082362527
BH_s19_medium,11,110,14.666666666666666,2.0285000801086426,-1.5396916648131285
BH_s19_medium,11,111,14.7,2.067497968673706,-1.4524375250613089
BH_s19_medium,11,112,14.733333333333333,1.4972944259643555,-1.2404874635140675
BH_s19_medium,11,113,14.766666666666667,0.85483717918396,-0.9114737065774929
BH_s19_medium,11,114,14.8,0.3692171573638916,-0.4895556638150731
BH_s19_medium,11,115,14.833333333333334,0.11462730914354324,-0.014812684902461798
BH_s19_medium,11,116,14.866666666666667,0.10056097060441971,0.4622163999863587
BH_s19_medium,11,117,14.9,0.20763719081878662,0.8895611738931458
BH_s19_medium,11,118,14.933333333333334,0.2855308949947357,1.2232245825824841
BH_s19_medium,11,119,14.966666666666667,0.16614995896816254,1.433912829973606
BH_s19_medium,11,120,15.0,-0.05802071467041969,1.5100291296349022
BH_s19_medium,11,121,15.033333333333333,-0.3715176284313202,1.457446931705644
BH_s19_medium,11,122,15.066666666666666,-0.5802248120307922,1.2963078766000735
BH_s19_medium,11,123,15.1,-0.6873010396957397,1.0548789609730025
BH_s19_medium,11,124,15.133333333333333,-0.7388237118721008,0.762069096435682
BH_s19_medium,11,125,15.166666666666666,-0.7920907735824585,0.441640655151275
BH_s19_medium,11,126,15.2,-0.793505072593689,0.11025227122639261
BH_s19_medium,11,127,15.233333333333333,-0.793505072593689,-0.22076158944521299
BH_s19_medium,11,128,15.266666666666667,-0.8481864333152771,-0.5415036053739202
BH_s19_medium,11,129,15.3,-0.9028677940368652,-0.8395146555443218
BH_s19_medium,11,130,15.333333333333334,-0.722682774066925,-1.0973156545833849
BH_s19_medium,11,131,15.366666666666667,0.015011443756520748,-1.2924935585395483
BH_s19_medium,11,132,15.4,1.1474498510360718,-1.4005905840072277
BH_s19_medium,11,133,15.433333333333334,1.951393961906433,-1.4002430907374348
BH_s19_medium,11,134,15.466666666666667,1.9518601894378662,-1.2791994510369484
BH_s19_medium,11,135,15.5,1.375381350517273,-1.039335065825879
BH_s19_medium,11,136,15.533333333333333,0.7329241037368774,-0.6988677814351588
BH_s19_medium,11,137,15.566666666666666,0.2226351648569107,-0.29063353922270607
BH_s19_medium,11,138,15.6,0.05785422399640083,0.14356874598949132
BH_s19_medium,11,139,15.633333333333333,0.04797133803367615,0.5608235575741449
BH_s19_medium,11,140,15.666666666666666,0.15504755079746246,0.9238216547226423
BH_s19_medium,11,141,15.7,0.19075943529605865,1.2039017473091993
BH_s19_medium,11,142,15.733333333333333,0.12168160825967789,1.3812791628900956
BH_s19_medium,11,143,15.766666666666667,-0.11897725611925125,1.4453591698509893
BH_s19_medium,11,144,15.8,-0.38552454113960266,1.3958691859363908
BH_s19_medium,11,145,15.833333333333334,-0.6369979381561279,1.2428046362181564
BH_s19_medium,11,146,15.866666666666667,-0.7440741658210754,1.0038794947393626
BH_s19_medium,11,147,15.9,-0.8481864333152771,0.7005455521206321
BH_s19_medium,11,148,15.933333333333334,-0.8481864333152771,0.3544464454463298
BH_s19_medium,11,149,15.966666666666667,-0.8481864333152771,-0.014440147389322396
BH_s19_medium,11,150,16.0,-0.8481864333152771,-0.38740294917804396
BH_s19_medium,11,151,16.033333333333335,-0.8481864333152771,-0.7446888249045797
BH_s19_medium,11,152,16.066666666666666,-0.9028677940368652,-1.0630272624263732
BH_s19_medium,11,153,16.1,-0.57387375831604,-1.315421891358352
BH_s19_medium,11,154,16.133333333333333,0.3337502181529999,-1.4745538439512171
BH_s19_medium,11,155,16.166666666666668,1.5925816297531128,-1.5188191992009887
BH_s19_medium,11,156,16.2,2.362236738204956,-1.4380558128810697
BH_s19_medium,11,157,16.233333333333334,2.293574333190918,-1.2360208062589415
BH_s19_medium,11,158,16.266666666666666,1.6909191608428955,-0.9289449423854363
BH_s19_medium,11,159,16.3,1.0484619140625,-0.5420973666749919
BH_s19_medium,11,160,16.333333333333332,0.5991294980049133,-0.10700314910230377
BH_s19_medium,11,161,16.366666666666667,0.35821643471717834,0.3397859373544103
BH_s19_medium,11,162,16.4,0.30012214183807373,0.7581870678595666
BH_s19_medium,11,163,16.433333333333334,0.375864714384079,1.1088393258434093
BH_s19_medium,11,164,16.466666666666665,0.39071017503738403,1.3599264881711537
BH_s19_medium,11,165,16.5,0.21246440708637238,1.4933632358941733
BH_s19_medium,11,166,16.533333333333335,-0.015889713540673256,1.5070786334991768
BH_s19_medium,11,167,16.566666666666666,-0.32520318031311035,1.4124802790167614
BH_s19_medium,11,168,16.6,-0.5393555760383606,1.2286323775390369
BH_s19_medium,11,169,16.633333333333333,-0.6914845108985901,0.975922077847563
BH_s19_medium,11,170,16.666666666666668,-0.793505072593689,0.6717586056018382
BH_s19_medium,11,171,16.7,-0.793505072593689,0.32955744558170025
BH_s19_medium,11,172,16.733333333333334,-0.793505072593689,-0.039308276759244254
BH_s19_medium,11,173,16.766666666666666,-0.793505072593689,-0.42196602243073733
BH_s19_medium,11,174,16.8,-0.8481864333152771,-0.8004966791364703
BH_s19_medium,11,175,16.833333333333332,-0.9028677940368652,-1.1497034356479747
BH_s19_medium,11,176,16.866666666666667,-0.5634151101112366,-1.4372520904270565
BH_s19_medium,11,177,16.9,0.3546674847602844,-1.626909255180662
BH_s19_medium,11,178,16.933333333333334,1.5630009174346924,-1.6849285270440093
BH_s19_medium,11,179,16.966666666666665,2.315922260284424,-1.5885379035453644
BH_s19_medium,11,180,17.0,2.175844669342041,-1.3342329589861455
BH_s19_medium,11,181,17.033333333333335,1.569006085395813,-0.9427807041670253
BH_s19_medium,11,182,17.066666666666666,0.9588477611541748,-0.45819250599152456
BH_s19_medium,11,183,17.1,0.5381729602813721,0.06010498331168065
BH_s19_medium,11,184,17.133333333333333,0.35480350255966187,0.549629225742774
BH_s19_medium,11,185,17.166666666666668,0.35480350255966187,0.9573127046649884
BH_s19_medium,11,186,17.2,0.4873191714286804,1.248001633666277
BH_s19_medium,11,187,17.233333333333334,0.5735289454460144,1.4072159663818866
BH_s19_medium,11,188,17.266666666666666,0.42700639367103577,1.4390161191627762
BH_s19_medium,11,189,17.3,0.1965605467557907,1.361157836722764
BH_s19_medium,11,190,17.333333333333332,-0.11066118627786636,1.1993076013403676
BH_s19_medium,11,191,17.366666666666667,-0.37949496507644653,0.9811039965658336
BH_s19_medium,11,192,17.4,-0.5842134952545166,0.73061369617413
BH_s19_medium,11,193,17.433333333333334,-0.6841423511505127,0.464241293466958
BH_s19_medium,11,194,17.466666666666665,-0.6890032291412354,0.1895490265703269
BH_s19_medium,11,195,17.5,-0.6841423511505127,-0.09213837495610207
BH_s19_medium,11,196,17.533333333333335,-0.6841423511505127,-0.38011753603316345
BH_s19_medium,11,197,17.566666666666666,-0.7368250489234924,-0.6680125857765952
BH_s19_medium,11,198,17.6,-0.7388237118721008,-0.9394530059321294
BH_s19_medium,11,199,17.633333333333333,-0.44359374046325684,-1.167554524079604
BH_s19_medium,11,200,17.666666666666668,0.4391242563724518,-1.3187697745901217
BH_s19_medium,11,201,17.7,1.6103910207748413,-1.3603643126359513
BH_s19_medium,11,202,17.733333333333334,2.324289321899414,-1.269625497511253
BH_s19_medium,11,203,17.766666666666666,2.2064414024353027,-1.0421506319386322
BH_s19_medium,11,204,17.8,1.6111371517181396,-0.6964520188119887
BH_s19_medium,11,205,17.833333333333332,1.0374611616134644,-0.2729226070146555
BH_s19_medium,11,206,17.866666666666667,0.6412605047225952,0.17311363505125738
BH_s19_medium,11,207,17.9,0.4890299141407013,0.5825775014966952
BH_s19_medium,11,208,17.933333333333334,0.49169740080833435,0.9048918251197489
BH_s19_medium,11,209,17.966666666666665,0.5735289454460144,1.107803596473009
BH_s19_medium,11,210,18.0,0.5276126265525818,1.1820989943060665
BH_s19_medium,11,211,18.033333333333335,0.31346023082733154,1.140177554424249
BH_s19_medium,11,212,18.066666666666666,0.04462642967700958,1.0092782004525482
BH_s19_medium,11,213,18.1,-0.22420735657215118,0.8217529088258356
BH_s19_medium,11,214,18.133333333333333,-0.4245476722717285,0.6057469336580171
BH_s19_medium,11,215,18.166666666666668,-0.531623899936676,0.3793777132148906
BH_s19_medium,11,216,18.2,-0.5747796297073364,0.1498995170197291
BH_s19_medium,11,217,18.233333333333334,-0.5747796297073364,-0.08268558992079934
BH_s19_medium,11,218,18.266666666666666,-0.5747796297073364,-0.3195006350092227
BH_s19_medium,11,219,18.3,-0.5771592259407043,-0.5565460289526787
BH_s19_medium,11,220,18.333333333333332,-0.6295540928840637,-0.7804784074382961
BH_s19_medium,11,221,18.366666666666667,-0.6841423511505127,-0.9678859072807966
BH_s19_medium,11,222,18.4,-0.47885662317276,-1.0886331849195146
BH_s19_medium,11,223,18.433333333333334,0.3553535044193268,-1.1128135845395122
BH_s19_medium,11,224,18.466666666666665,1.5675740242004395,-1.0197607774457884
BH_s19_medium,11,225,18.5,2.375998020172119,-0.8066891929385406
BH_s19_medium,11,226,18.533333333333335,2.364210367202759,-0.4941358011827638
BH_s19_medium,11,227,18.566666666666666,1.77854323387146,-0.12560745204121446
BH_s19_medium,11,228,18.6,1.2113373279571533,0.24005478511809603
BH_s19_medium,11,229,18.633333333333333,0.7443480491638184,0.5426351001327305
BH_s19_medium,11,230,18.666666666666668,0.5416195392608643,0.7365905575191746
BH_s19_medium,11,231,18.7,0.5188475847244263,0.8031547739603694
BH_s19_medium,11,232,18.733333333333334,0.5461840033531189,0.7539138367933902
BH_s19_medium,11,233,18.766666666666666,0.5484790802001953,0.6249565453498659
BH_s19_medium,11,234,18.8,0.36395812034606934,0.46435896451444936
BH_s19_medium,11,235,18.833333333333332,0.1498056948184967,0.3177958731502267
BH_s19_medium,11,236,18.866666666666667,-0.13721846044063568,0.21692576123626908
BH_s19_medium,11,237,18.9,-0.38786187767982483,0.17336546954086504
BH_s19_medium,11,238,18.933333333333334,-0.5337156057357788,0.17868315667957063
BH_s19_medium,11,239,18.966666666666665,-0.5747796297073364,0.2091036634685274
BH_s19_medium,12,0,12.0,-0.845264732837677,-0.13354642713657033
BH_s19_medium,12,1,12.033333333333333,-0.8976595997810364,-0.11849788949056558
BH_s19_medium,12,2,12.066666666666666,-0.9028677940368652,-0.13130936803582843
BH_s19_medium,12,3,12.1,-0.9028677940368652,-0.19451245904752176
BH_s19_medium,12,4,12.133333333333333,-0.9454814195632935,-0.31769927828958155
BH_s19_medium,12,5,12.166666666666666,-0.9978762865066528,-0.49625460994969
BH_s19_medium,12,6,12.2,-0.8053865432739258,-0.7135788168562661
BH_s19_medium,12,7,12.233333333333333,-0.03426694869995117,-0.9449365299016567
BH_s19_medium,12,8,12.266666666666667,1.1057169437408447,-1.1610740829242758
BH_s19_medium,12,9,12.3,1.9871058464050293,-1.3309504073272476
BH_s19_medium,12,10,12.333333333333334,2.01792311668396,-1.4242710239389675
BH_s19_medium,12,11,12.366666666666667,1.5075074434280396,-1.4149221587617642
BH_s19_medium,12,12,12.4,0.8893718123435974,-1.2855415861980841
BH_s19_medium,12,13,12.433333333333334,0.430707186460495,-1.032235622568061
BH_s19_medium,12,14,12.466666666666667,0.1710108369588852,-0.6679125863814952
BH_s19_medium,12,15,12.5,0.15354016423225403,-0.22293868458924865
BH_s19_medium,12,16,12.533333333333333,0.2059350162744522,0.2576174476972587
BH_s19_medium,12,17,12.566666666666666,0.2872330844402313,0.7203591125005173
BH_s19_medium,12,18,12.6,0.16955429315567017,1.1131427351945808
BH_s19_medium,12,19,12.633333333333333,-0.05291420593857765,1.395989491789762
BH_s19_medium,12,20,12.666666666666666,-0.3741428554058075,1.549431365107039
BH_s19_medium,12,21,12.7,-0.6369470953941345,1.5763463338140071
BH_s19_medium,12,22,12.733333333333333,-0.8496429324150085,1.4966208327033588
BH_s19_medium,12,23,12.766666666666667,-0.9028677940368652,1.3377873030386855
BH_s19_medium,12,24,12.8,-0.9575491547584534,1.1259034854916996
BH_s19_medium,12,25,12.833333333333334,-0.9575491547584534,0.8796586540553755
BH_s19_medium,12,26,12.866666666666667,-0.9575491547584534,0.6088453922750079
BH_s19_medium,12,27,12.9,-0.9575491547584534,0.31678930649686293
BH_s19_medium,12,28,12.933333333333334,-1.0546493530273438,0.005254880353192649
BH_s19_medium,12,29,12.966666666666667,-0.8918333649635315,-0.3201597355643171
BH_s19_medium,12,30,13.0,-0.179485484957695,-0.6460447833096254
BH_s19_medium,12,31,13.033333333333333,0.9100005030632019,-0.949943442411785
BH_s19_medium,12,32,13.066666666666666,1.8667932748794556,-1.2023024098378616
BH_s19_medium,12,33,13.1,2.0426342487335205,-1.3711790335420688
BH_s19_medium,12,34,13.133333333333333,1.5496385097503662,-1.4286376036455135
BH_s19_medium,12,35,13.166666666666666,0.9335945248603821,-1.3573528141952953
BH_s19_medium,12,36,13.2,0.4223402738571167,-1.155740352372179
BH_s19_medium,12,37,13.233333333333333,0.14707879722118378,-0.8401625938367224
BH_s19_medium,12,38,13.266666666666667,0.08139671385288239,-0.44349194888263516
BH_s19_medium,12,39,13.3,0.09866402298212051,-0.010177087789450529
BH_s19_medium,12,40,13.333333333333334,0.13607807457447052,0.4113540995533439
BH_s19_medium,12,41,13.366666666666667,0.06870241463184357,0.7773544039046991
BH_s19_medium,12,42,13.4,-0.11387074738740921,1.0560507103911263
BH_s19_medium,12,43,13.433333333333334,-0.42697811126708984,1.2312162215185793
BH_s19_medium,12,44,13.466666666666667,-0.6411305069923401,1.3011957856819687
BH_s19_medium,12,45,13.5,-0.8517346978187561,1.2744262246091262
BH_s19_medium,12,46,13.533333333333333,-0.9041295647621155,1.1634569951478044
BH_s19_medium,12,47,13.566666666666666,-0.9575491547584534,0.9797333306183548
BH_s19_medium,12,48,13.6,-0.9575491547584534,0.7313364045080326
BH_s19_medium,12,49,13.633333333333333,-0.9575491547584534,0.4247786331073482
BH_s19_medium,12,50,13.666666666666666,-0.9575491547584534,0.0696340712673831
BH_s19_medium,12,51,13.7,-1.0122305154800415,-0.3169939076639861
BH_s19_medium,12,52,13.733333333333333,-1.0669118165969849,-0.7088054882326448
BH_s19_medium,12,53,13.766666666666667,-0.8125425577163696,-1.072239046063875
BH_s19_medium,12,54,13.8,0.03748694434762001,-1.3710625481181773
BH_s19_medium,12,55,13.833333333333334,1.2359460592269897,-1.5718257079377909
BH_s19_medium,12,56,13.866666666666667,2.0181939601898193,-1.6485414785187646
BH_s19_medium,12,57,13.9,1.981440782546997,-1.5859257967477451
BH_s19_medium,12,58,13.933333333333334,1.386763095855713,-1.3816215597470585
BH_s19_medium,12,59,13.966666666666667,0.7705243229866028,-1.0480118959912503
BH_s19_medium,12,60,14.0,0.33768871426582336,-0.6131463600793793
BH_s19_medium,12,61,14.033333333333333,0.11443252861499786,-0.11915710006757399
BH_s19_medium,12,62,14.066666666666666,0.10075575113296509,0.3831979020949705
BH_s19_medium,12,63,14.1,0.19075943529605865,0.843216430294591
BH_s19_medium,12,64,14.133333333333333,0.19075943529605865,1.2189966890779484
BH_s19_medium,12,65,14.166666666666666,0.06889719516038895,1.482713803220665
BH_s19_medium,12,66,14.2,-0.1679677665233612,1.6216162244304946
BH_s19_medium,12,67,14.233333333333333,-0.481269896030426,1.6365442047099041
BH_s19_medium,12,68,14.266666666666667,-0.695422351360321,1.539444172040787
BH_s19_medium,12,69,14.3,-0.8515399098396301,1.3499130358085722
BH_s19_medium,12,70,14.333333333333334,-0.9039347767829895,1.0909145204146204
BH_s19_medium,12,71,14.366666666666667,-0.9575491547584534,0.784795465165263
BH_s19_medium,12,72,14.4,-0.9575491547584534,0.4508496967537423
BH_s19_medium,12,73,14.433333333333334,-0.9575491547584534,0.10484891223931667
BH_s19_medium,12,74,14.466666666666667,-0.9494701027870178,-0.23998535876611454
BH_s19_medium,12,75,14.5,-1.0018649101257324,-0.5715436415428531
BH_s19_medium,12,76,14.533333333333333,-1.0542597770690918,-0.8776687137313011
BH_s19_medium,12,77,14.566666666666666,-0.853259265422821,-1.1453942565737778
BH_s19_medium,12,78,14.6,-0.07362878322601318,-1.3602372823170115
BH_s19_medium,12,79,14.633333333333333,1.1049292087554932,-1.5054167096317843
BH_s19_medium,12,80,14.666666666666666,2.0285000801086426,-1.5617529182124947
BH_s19_medium,12,81,14.7,2.067497968673706,-1.5097018937962383
BH_s19_medium,12,82,14.733333333333333,1.4972944259643555,-1.3345438147373399
BH_s19_medium,12,83,14.766666666666667,0.85483717918396,-1.033938770897367
BH_s19_medium,12,84,14.8,0.3692171573638916,-0.6247278914382359
BH_s19_medium,12,85,14.833333333333334,0.11462730914354324,-0.14487747803506468
BH_s19_medium,12,86,14.866666666666667,0.10056097060441971,0.35184471110483495
BH_s19_medium,12,87,14.9,0.20763719081878662,0.8072058720735861
BH_s19_medium,12,88,14.933333333333334,0.2855308949947357,1.1711929422955822
BH_s19_medium,12,89,14.966666666666667,0.16614995896816254,1.4109121032478256
BH_s19_medium,12,90,15.0,-0.05802071467041969,1.5136126958369567
BH_s19_medium,12,91,15.033333333333333,-0.3715176284313202,1.4849951262485788
BH_s19_medium,12,92,15.066666666666666,-0.5802248120307922,1.3445131968647333
BH_s19_medium,12,93,15.1,-0.6873010396957397,1.1187628829276464
BH_s19_medium,12,94,15.133333333333333,-0.7388237118721008,0.8345530664246232
BH_s19_medium,12,95,15.166666666666666,-0.7920907735824585,0.513982126416966
BH_s19_medium,12,96,15.2,-0.793505072593689,0.1731436553807551
BH_s19_medium,12,97,15.233333333333333,-0.793505072593689,-0.1756382279325414
BH_s19_medium,12,98,15.266666666666667,-0.8481864333152771,-0.5196214780394847
BH_s19_medium,12,99,15.3,-0.9028677940368652,-0.841733178910896
BH_s19_medium,12,100,15.333333333333334,-0.722682774066925,-1.1189247982700747
BH_s19_medium,12,101,15.366666666666667,0.015011443756520748,-1.32381205491289
BH_s19_medium,12,102,15.4,1.1474498510360718,-1.4292645869035088
BH_s19_medium,12,103,15.433333333333334,1.951393961906433,-1.4144946886457175
BH_s19_medium,12,104,15.466666666666667,1.9518601894378662,-1.2707717961593303
BH_s19_medium,12,105,15.5,1.375381350517273,-1.0051310661097228
BH_s19_medium,12,106,15.533333333333333,0.7329241037368774,-0.6410311288884988
BH_s19_medium,12,107,15.566666666666666,0.2226351648569107,-0.21551150527627597
BH_s19_medium,12,108,15.6,0.05785422399640083,0.22696105538675707
BH_s19_medium,12,109,15.633333333333333,0.04797133803367615,0.6424949021779549
BH_s19_medium,12,110,15.666666666666666,0.15504755079746246,0.9945764913067613
BH_s19_medium,12,111,15.7,0.19075943529605865,1.2570121487682364
BH_s19_medium,12,112,15.733333333333333,0.12168160825967789,1.4134871298437024
BH_s19_medium,12,113,15.766666666666667,-0.11897725611925125,1.4565111618862845
BH_s19_medium,12,114,15.8,-0.38552454113960266,1.3871291035734021
BH_s19_medium,12,115,15.833333333333334,-0.6369979381561279,1.2144836853781216
BH_s19_medium,12,116,15.866666666666667,-0.7440741658210754,0.9544654171986114
BH_s19_medium,12,117,15.9,-0.8481864333152771,0.6279251188536629
BH_s19_medium,12,118,15.933333333333334,-0.8481864333152771,0.2589087731133691
BH_s19_medium,12,119,15.966666666666667,-0.8481864333152771,-0.1271441641599318
BH_s19_medium,12,120,16.0,-0.8481864333152771,-0.5049738858663764
BH_s19_medium,12,121,16.033333333333335,-0.8481864333152771,-0.8502449049780186
BH_s19_medium,12,122,16.066666666666666,-0.9028677940368652,-1.1395809275207551
BH_s19_medium,12,123,16.1,-0.57387375831604,-1.351008115416175
BH_s19_medium,12,124,16.133333333333333,0.3337502181529999,-1.4659206966940532
BH_s19_medium,12,125,16.166666666666668,1.5925816297531128,-1.4724444378118138
BH_s19_medium,12,126,16.2,2.362236738204956,-1.3684679786248215
BH_s19_medium,12,127,16.233333333333334,2.293574333190918,-1.1621972162506058
BH_s19_medium,12,128,16.266666666666666,1.6909191608428955,-0.8696613061583424
BH_s19_medium,12,129,16.3,1.0484619140625,-0.5110187652106626
BH_s19_medium,12,130,16.333333333333332,0.5991294980049133,-0.10869491063123353
BH_s19_medium,12,131,16.366666666666667,0.35821643471717834,0.31129163759328776
BH_s19_medium,12,132,16.4,0.30012214183807373,0.7172114152761614
BH_s19_medium,12,133,16.433333333333334,0.375864714384079,1.072816452572964
BH_s19_medium,12,134,16.466666666666665,0.39071017503738403,1.3430444900192466
BH_s19_medium,12,135,16.5,0.21246440708637238,1.5013016172902687
BH_s19_medium,12,136,16.533333333333335,-0.015889713540673256,1.5343813004451006
BH_s19_medium,12,137,16.566666666666666,-0.32520318031311035,1.4432441271322587
BH_s19_medium,12,138,16.6,-0.5393555760383606,1.2407172699567002
BH_s19_medium,12,139,16.633333333333333,-0.6914845108985901,0.9483833253157009
BH_s19_medium,12,140,16.666666666666668,-0.793505072593689,0.5938690717466856
BH_s19_medium,12,141,16.7,-0.793505072593689,0.20814755748253677
BH_s19_medium,12,142,16.733333333333334,-0.793505072593689,-0.17777474121043732
BH_s19_medium,12,143,16.766666666666666,-0.793505072593689,-0.5364849068821929
BH_s19_medium,12,144,16.8,-0.8481864333152771,-0.8469165630947137
BH_s19_medium,12,145,16.833333333333332,-0.9028677940368652,-1.0949621565108165
BH_s19_medium,12,146,16.866666666666667,-0.5634151101112366,-1.2715488951028175
BH_s19_medium,12,147,16.9,0.3546674847602844,-1.3691792220460508
BH_s19_medium,12,148,16.933333333333334,1.5630009174346924,-1.3790833060702192
BH_s19_medium,12,149,16.966666666666665,2.315922260284424,-1.2912446245910674
BH_s19_medium,12,150,17.0,2.175844669342041,-1.0982882601493784
BH_s19_medium,12,151,17.033333333333335,1.569006085395813,-0.8019703795737451
BH_s19_medium,12,152,17.066666666666666,0.9588477611541748,-0.4189555757932815
BH_s19_medium,12,153,17.1,0.5381729602813721,0.017619825404909847
BH_s19_medium,12,154,17.133333333333333,0.35480350255966187,0.46208711655973916
BH_s19_medium,12,155,17.166666666666668,0.35480350255966187,0.8641682945377968
BH_s19_medium,12,156,17.2,0.4873191714286804,1.178036267879531
BH_s19_medium,12,157,17.233333333333334,0.5735289454460144,1.370004147823586
BH_s19_medium,12,158,17.266666666666666,0.42700639367103577,1.42342090251555
BH_s19_medium,12,159,17.3,0.1965605467557907,1.340339197879264
BH_s19_medium,12,160,17.333333333333332,-0.11066118627786636,1.14002574187833
BH_s19_medium,12,161,17.366666666666667,-0.37949496507644653,0.8546139501505907
BH_s19_medium,12,162,17.4,-0.5842134952545166,0.5225565515713364
BH_s19_medium,12,163,17.433333333333334,-0.6841423511505127,0.18114244028124785
BH_s19_medium,12,164,17.466666666666665,-0.6890032291412354,-0.14005818566612588
BH_s19_medium,12,165,17.5,-0.6841423511505127,-0.42291166066742186
BH_s19_medium,12,166,17.533333333333335,-0.6841423511505127,-0.660529092484987
BH_s19_medium,12,167,17.566666666666666,-0.7368250489234924,-0.8534491434066781
BH_s19_medium,12,168,17.6,-0.7388237118721008,-1.0037277577249895
BH_s19_medium,12,169,17.633333333333333,-0.44359374046325684,-1.1092100646627863
BH_s19_medium,12,170,17.666666666666668,0.4391242563724518,-1.1602983481979081
BH_s19_medium,12,171,17.7,1.6103910207748413,-1.140784647061295
BH_s19_medium,12,172,17.733333333333334,2.324289321899414,-1.032928121519323
BH_s19_medium,12,173,17.766666666666666,2.2064414024353027,-0.8253640311268402
BH_s19_medium,12,174,17.8,1.6111371517181396,-0.5211599783243893
BH_s19_medium,12,175,17.833333333333332,1.0374611616134644,-0.14276761256756115
BH_s19_medium,12,176,17.866666666666667,0.6412605047225952,0.26887257181350743
BH_s19_medium,12,177,17.9,0.4890299141407013,0.6618090239798777
BH_s19_medium,12,178,17.933333333333334,0.49169740080833435,0.9848377061560677
BH_s19_medium,12,179,17.966666666666665,0.5735289454460144,1.1991553408201916
BH_s19_medium,12,180,18.0,0.5276126265525818,1.2859244747885181
BH_s19_medium,12,181,18.033333333333335,0.31346023082733154,1.2479041563845912
BH_s19_medium,12,182,18.066666666666666,0.04462642967700958,1.1055368527750271
BH_s19_medium,12,183,18.1,-0.22420735657215118,0.8893837633910185
BH_s19_medium,12,184,18.133333333333333,-0.4245476722717285,0.6314539070026469
BH_s19_medium,12,185,18.166666666666668,-0.531623899936676,0.35800525864178767
BH_s19_medium,12,186,18.2,-0.5747796297073364,0.08593858929474012
BH_s19_medium,12,187,18.233333333333334,-0.5747796297073364,-0.17632249791090904
BH_s19_medium,12,188,18.266666666666666,-0.5747796297073364,-0.42447275073123136
BH_s19_medium,12,189,18.3,-0.5771592259407043,-0.6529240647023486
BH_s19_medium,12,190,18.333333333333332,-0.6295540928840637,-0.8508123748199529
BH_s19_medium,12,191,18.366666666666667,-0.6841423511505127,-1.0009199733613972
BH_s19_medium,12,192,18.4,-0.47885662317276,-1.0819825726533325
BH_s19_medium,12,193,18.433333333333334,0.3553535044193268,-1.0738841945507545
BH_s19_medium,12,194,18.466666666666665,1.5675740242004395,-0.9642982292022378
BH_s19_medium,12,195,18.5,2.375998020172119,-0.7547310020589851
BH_s19_medium,12,196,18.533333333333335,2.364210367202759,-0.4639411461605377
BH_s19_medium,12,197,18.566666666666666,1.77854323387146,-0.12713984585617194
BH_s19_medium,12,198,18.6,1.2113373279571533,0.20985106752171456
BH_s19_medium,12,199,18.633333333333333,0.7443480491638184,0.5006507197567965
BH_s19_medium,12,200,18.666666666666668,0.5416195392608643,0.7093929324861113
BH_s19_medium,12,201,18.7,0.5188475847244263,0.8185448652689117
BH_s19_medium,12,202,18.733333333333334,0.5461840033531189,0.8307320481515421
BH_s19_medium,12,203,18.766666666666666,0.5484790802001953,0.7645484830297145
BH_s19_medium,12,204,18.8,0.36395812034606934,0.6462513455286416
BH_s19_medium,12,205,18.833333333333332,0.1498056948184967,0.5002957401487395
BH_s19_medium,12,206,18.866666666666667,-0.13721846044063568,0.3422371704813731
BH_s19_medium,12,207,18.9,-0.38786187767982483,0.17685207907014977
BH_s19_medium,12,208,18.933333333333334,-0.5337156057357788,0.00195809498241543
BH_s19_medium,12,209,18.966666666666665,-0.5747796297073364,-0.18431731318522418
BH_s19_medium,12,210,19.0,-0.5747796297073364,-0.37646867914494275
BH_s19_medium,12,211,19.033333333333335,-0.5815374255180359,-0.55793805505895
BH_s19_medium,12,212,19.066666666666666,-0.6294609904289246,-0.7022748549598207
BH_s19_medium,12,213,19.1,-0.6841423511505127,-0.7786834401013737
BH_s19_medium,12,214,19.133333333333333,-0.738722026348114,-0.7603521804475089
BH_s19_medium,12,215,19.166666666666668,-0.7412118911743164,-0.6333620820847474
BH_s19_medium,12,216,19.2,-0.17005158960819244,-0.4035606026479681
BH_s19_medium,12,217,19.233333333333334,0.8797252774238586,-0.09881597889283791
BH_s19_medium,12,218,19.266666666666666,1.9666963815689087,0.23497380537845483
BH_s19_medium,12,219,19.3,2.268651247024536,0.5437320019515314
BH_s19_medium,12,220,19.333333333333332,1.8047618865966797,0.778092675293675
BH_s19_medium,12,221,19.366666666666667,1.1623045206069946,0.9051308947684625
BH_s19_medium,12,222,19.4,0.6833915114402771,0.9153533223638032
BH_s19_medium,12,223,19.433333333333334,0.3961639702320099,0.8231293215728707
BH_s19_medium,12,224,19.466666666666665,0.35480350255966187,0.6604940758811849
BH_s19_medium,12,225,19.5,0.4389129877090454,0.4660562561385692
BH_s19_medium,12,226,19.533333333333335,0.4913078546524048,0.27267408763658213
BH_s19_medium,12,227,19.566666666666666,0.4144560396671295,0.09852210614297593
BH_s19_medium,12,228,19.6,0.14562223851680756,-0.05494669094642095
BH_s19_medium,12,229,19.633333333333333,-0.1434936374425888,-0.1976331951144097
BH_s19_medium,12,230,19.666666666666668,-0.4467267096042633,-0.3410001674965091
BH_s19_medium,12,231,19.7,-0.5904886722564697,-0.48879946686786313
BH_s19_medium,12,232,19.733333333333334,-0.6975648999214172,-0.6324854213412276
BH_s19_medium,12,233,19.766666666666666,-0.793505072593689,-0.7527687242522678
BH_s19_medium,12,234,19.8,-0.802354633808136,-0.8258841854595289
BH_s19_medium,12,235,19.833333333333332,-0.8481864333152771,-0.8314853869787565
BH_s19_medium,12,236,19.866666666666667,-0.8524629473686218,-0.7591337848655361
BH_s19_medium,12,237,19.9,-0.9595391750335693,-0.6115429134484581
BH_s19_medium,12,238,19.933333333333334,-1.0122305154800415,-0.4041764725357548
BH_s19_medium,12,239,19.966666666666665,-0.749155580997467,-0.16206005905504767
BH_s19_medium,13,0,13.0,-0.179485484957695,-0.005805301373685625
BH_s19_medium,13,1,13.033333333333333,0.9100005030632019,-0.3791695667821972
BH_s19_medium,13,2,13.066666666666666,1.8667932748794556,-0.7084977845043029
BH_s19_medium,13,3,13.1,2.0426342487335205,-0.9545467439321953
BH_s19_medium,13,4,13.133333333333333,1.5496385097503662,-1.0859351873813043
BH_s19_medium,13,5,13.166666666666666,0.9335945248603821,-1.0851305878446769
BH_s19_medium,13,6,13.2,0.4223402738571167,-0.9534913022408154
BH_s19_medium,13,7,13.233333333333333,0.14707879722118378,-0.7130944874648872
BH_s19_medium,13,8,13.266666666666667,0.08139671385288239,-0.4039575573786798
BH_s19_medium,13,9,13.3,0.09866402298212051,-0.07661947617397416
BH_s19_medium,13,10,13.333333333333334,0.13607807457447052,0.21851545783456539
BH_s19_medium,13,11,13.366666666666667,0.06870241463184357,0.4424530737054882
BH_s19_medium,13,12,13.4,-0.11387074738740921,0.5762294774721841
BH_s19_medium,13,13,13.433333333333334,-0.42697811126708984,0.6239751470882154
BH_s19_medium,13,14,13.466666666666667,-0.6411305069923401,0.6090740576900633
BH_s19_medium,13,15,13.5,-0.8517346978187561,0.5642168596923782
BH_s19_medium,13,16,13.533333333333333,-0.9041295647621155,0.5181773632456813
BH_s19_medium,13,17,13.566666666666666,-0.9575491547584534,0.4838083516995628
BH_s19_medium,13,18,13.6,-0.9575491547584534,0.45243673005569573
BH_s19_medium,13,19,13.633333333333333,-0.9575491547584534,0.3979546449812578
BH_s19_medium,13,20,13.666666666666666,-0.9575491547584534,0.28925206332286696
BH_s19_medium,13,21,13.7,-1.0122305154800415,0.1053060996558365
BH_s19_medium,13,22,13.733333333333333,-1.0669118165969849,-0.1536432127289541
BH_s19_medium,13,23,13.766666666666667,-0.8125425577163696,-0.4629959774833658
BH_s19_medium,13,24,13.8,0.03748694434762001,-0.7792215300594639
BH_s19_medium,13,25,13.833333333333334,1.2359460592269897,-1.0509808029435466
BH_s19_medium,13,26,13.866666666666667,2.0181939601898193,-1.2314563406702883
BH_s19_medium,13,27,13.9,1.981440782546997,-1.2879256135105714
BH_s19_medium,13,28,13.933333333333334,1.386763095855713,-1.2067994328291332
BH_s19_medium,13,29,13.966666666666667,0.7705243229866028,-0.9945326959937423
BH_s19_medium,13,30,14.0,0.33768871426582336,-0.675587532581173
BH_s19_medium,13,31,14.033333333333333,0.11443252861499786,-0.28809659566299195
BH_s19_medium,13,32,14.066666666666666,0.10075575113296509,0.12276591417133252
BH_s19_medium,13,33,14.1,0.19075943529605865,0.5130269659654879
BH_s19_medium,13,34,14.133333333333333,0.19075943529605865,0.8472426392539961
BH_s19_medium,13,35,14.166666666666666,0.06889719516038895,1.1021209690589546
BH_s19_medium,13,36,14.2,-0.1679677665233612,1.2663681497680108
BH_s19_medium,13,37,14.233333333333333,-0.481269896030426,1.3389453647006837
BH_s19_medium,13,38,14.266666666666667,-0.695422351360321,1.3268280731294004
BH_s19_medium,13,39,14.3,-0.8515399098396301,1.2416971199852203
BH_s19_medium,13,40,14.333333333333334,-0.9039347767829895,1.0959114440982496
BH_s19_medium,13,41,14.366666666666667,-0.9575491547584534,0.899680270211307
BH_s19_medium,13,42,14.4,-0.9575491547584534,0.6607463047700781
BH_s19_medium,13,43,14.433333333333334,-0.9575491547584534,0.3860055070091055
BH_s19_medium,13,44,14.466666666666667,-0.9494701027870178,0.08350437464495639
BH_s19_medium,13,45,14.5,-1.0018649101257324,-0.23633521391352433
BH_s19_medium,13,46,14.533333333333333,-1.0542597770690918,-0.5603411726165569
BH_s19_medium,13,47,14.566666666666666,-0.853259265422821,-0.8723982205966104
BH_s19_medium,13,48,14.6,-0.07362878322601318,-1.1529366501378786
BH_s19_medium,13,49,14.633333333333333,1.1049292087554932,-1.3783876864603724
BH_s19_medium,13,50,14.666666666666666,2.0285000801086426,-1.5216234978432372
BH_s19_medium,13,51,14.7,2.067497968673706,-1.5546853389510462
BH_s19_medium,13,52,14.733333333333333,1.4972944259643555,-1.454655179286306
BH_s19_medium,13,53,14.766666666666667,0.85483717918396,-1.2119986547380903
BH_s19_medium,13,54,14.8,0.3692171573638916,-0.8384853599391424
BH_s19_medium,13,55,14.833333333333334,0.11462730914354324,-0.37050957067273144
BH_s19_medium,13,56,14.866666666666667,0.10056097060441971,0.13525045858889628
BH_s19_medium,13,57,14.9,0.20763719081878662,0.6135395455621114
BH_s19_medium,13,58,14.933333333333334,0.2855308949947357,1.0054585686658188
BH_s19_medium,13,59,14.966666666666667,0.16614995896816254,1.2708798406585506
BH_s19_medium,13,60,15.0,-0.05802071467041969,1.3944789147966459
BH_s19_medium,13,61,15.033333333333333,-0.3715176284313202,1.3846916700939458
BH_s19_medium,13,62,15.066666666666666,-0.5802248120307922,1.266897572525377
BH_s19_medium,13,63,15.1,-0.6873010396957397,1.0732923404950905
BH_s19_medium,13,64,15.133333333333333,-0.7388237118721008,0.8330816548764204
BH_s19_medium,13,65,15.166666666666666,-0.7920907735824585,0.5666055228975778
BH_s19_medium,13,66,15.2,-0.793505072593689,0.2848455837327934
BH_s19_medium,13,67,15.233333333333333,-0.793505072593689,-0.006927059126403887
BH_s19_medium,13,68,15.266666666666667,-0.8481864333152771,-0.3038568630526233
BH_s19_medium,13,69,15.3,-0.9028677940368652,-0.5967975462179522
BH_s19_medium,13,70,15.333333333333334,-0.722682774066925,-0.8695933558875313
BH_s19_medium,13,71,15.366666666666667,0.015011443756520748,-1.098970941730102
BH_s19_medium,13,72,15.4,1.1474498510360718,-1.257149030434389
BH_s19_medium,13,73,15.433333333333334,1.951393961906433,-1.31685666159674
BH_s19_medium,13,74,15.466666666666667,1.9518601894378662,-1.2579009328612571
BH_s19_medium,13,75,15.5,1.375381350517273,-1.0737527880265987
BH_s19_medium,13,76,15.533333333333333,0.7329241037368774,-0.7760787862541173
BH_s19_medium,13,77,15.566666666666666,0.2226351648569107,-0.3951147506229252
BH_s19_medium,13,78,15.6,0.05785422399640083,0.02529693652347076
BH_s19_medium,13,79,15.633333333333333,0.04797133803367615,0.4369300065584382
BH_s19_medium,13,80,15.666666666666666,0.15504755079746246,0.7968960199534756
BH_s19_medium,13,81,15.7,0.19075943529605865,1.0738181796940875
BH_s19_medium,13,82,15.733333333333333,0.12168160825967789,1.24957631109733
BH_s19_medium,13,83,15.766666666666667,-0.11897725611925125,1.318609494038961
BH_s19_medium,13,84,15.8,-0.38552454113960266,1.2861398684758656
BH_s19_medium,13,85,15.833333333333334,-0.6369979381561279,1.1650267099612845
BH_s19_medium,13,86,15.866666666666667,-0.7440741658210754,0.971472043572073
BH_s19_medium,13,87,15.9,-0.8481864333152771,0.7212235509615001
BH_s19_medium,13,88,15.933333333333334,-0.8481864333152771,0.42786909338575857
BH_s19_medium,13,89,15.966666666666667,-0.8481864333152771,0.10359477917264974
BH_s19_medium,13,90,16.0,-0.8481864333152771,-0.23828768185330487
BH_s19_medium,13,91,16.033333333333335,-0.8481864333152771,-0.5803836329842893
BH_s19_medium,13,92,16.066666666666666,-0.9028677940368652,-0.8995204175405827
BH_s19_medium,13,93,16.1,-0.57387375831604,-1.1677600501354939
BH_s19_medium,13,94,16.133333333333333,0.3337502181529999,-1.3564661154752928
BH_s19_medium,13,95,16.166666666666668,1.5925816297531128,-1.442156227470357
BH_s19_medium,13,96,16.2,2.362236738204956,-1.4116199302612982
BH_s19_medium,13,97,16.233333333333334,2.293574333190918,-1.2640401307110496
BH_s19_medium,13,98,16.266666666666666,1.6909191608428955,-1.0098471040294488
BH_s19_medium,13,99,16.3,1.0484619140625,-0.6681905299657561
BH_s19_medium,13,100,16.333333333333332,0.5991294980049133,-0.26535847704432164
BH_s19_medium,13,101,16.366666666666667,0.35821643471717834,0.16536151013936246
BH_s19_medium,13,102,16.4,0.30012214183807373,0.5846210182501017
BH_s19_medium,13,103,16.433333333333334,0.375864714384079,0.9514768942098222
BH_s19_medium,13,104,16.466666666666665,0.39071017503738403,1.2309982900918335
BH_s19_medium,13,105,16.5,0.21246440708637238,1.4012372610495152
BH_s19_medium,13,106,16.533333333333335,-0.015889713540673256,1.4557956818073943
BH_s19_medium,13,107,16.566666666666666,-0.32520318031311035,1.4011801058346747
BH_s19_medium,13,108,16.6,-0.5393555760383606,1.2513141881134267
BH_s19_medium,13,109,16.633333333333333,-0.6914845108985901,1.022705860285215
BH_s19_medium,13,110,16.666666666666668,-0.793505072593689,0.7322777800092359
BH_s19_medium,13,111,16.7,-0.793505072593689,0.39746504881349237
BH_s19_medium,13,112,16.733333333333334,-0.793505072593689,0.03694344990718266
BH_s19_medium,13,113,16.766666666666666,-0.793505072593689,-0.32925039682324725
BH_s19_medium,13,114,16.8,-0.8481864333152771,-0.6802098973909533
BH_s19_medium,13,115,16.833333333333332,-0.9028677940368652,-0.9944389645771246
BH_s19_medium,13,116,16.866666666666667,-0.5634151101112366,-1.249470277690634
BH_s19_medium,13,117,16.9,0.3546674847602844,-1.4215400519393075
BH_s19_medium,13,118,16.933333333333334,1.5630009174346924,-1.4869389062508016
BH_s19_medium,13,119,16.966666666666665,2.315922260284424,-1.4263130704594473
BH_s19_medium,13,120,17.0,2.175844669342041,-1.2314332559732006
BH_s19_medium,13,121,17.033333333333335,1.569006085395813,-0.9118476991281829
BH_s19_medium,13,122,17.066666666666666,0.9588477611541748,-0.49786240568575496
BH_s19_medium,13,123,17.1,0.5381729602813721,-0.03730902569228384
BH_s19_medium,13,124,17.133333333333333,0.35480350255966187,0.41369397374017103
BH_s19_medium,13,125,17.166666666666668,0.35480350255966187,0.8028411075795074
BH_s19_medium,13,126,17.2,0.4873191714286804,1.0920642475928977
BH_s19_medium,13,127,17.233333333333334,0.5735289454460144,1.2627066497327621
BH_s19_medium,13,128,17.266666666666666,0.42700639367103577,1.3146276023997052
BH_s19_medium,13,129,17.3,0.1965605467557907,1.2610880986014734
BH_s19_medium,13,130,17.333333333333332,-0.11066118627786636,1.12225612437716
BH_s19_medium,13,131,17.366666666666667,-0.37949496507644653,0.9196298337151663
BH_s19_medium,13,132,17.4,-0.5842134952545166,0.6725763737809283
BH_s19_medium,13,133,17.433333333333334,-0.6841423511505127,0.3971136895390564
BH_s19_medium,13,134,17.466666666666665,-0.6890032291412354,0.10631490677890935
BH_s19_medium,13,135,17.5,-0.6841423511505127,-0.18847342253224814
BH_s19_medium,13,136,17.533333333333335,-0.6841423511505127,-0.4761008006808091
BH_s19_medium,13,137,17.566666666666666,-0.7368250489234924,-0.74397868690109
BH_s19_medium,13,138,17.6,-0.7388237118721008,-0.9766615651552962
BH_s19_medium,13,139,17.633333333333333,-0.44359374046325684,-1.155240859142042
BH_s19_medium,13,140,17.666666666666668,0.4391242563724518,-1.2582146588238614
BH_s19_medium,13,141,17.7,1.6103910207748413,-1.2643540276054588
BH_s19_medium,13,142,17.733333333333334,2.324289321899414,-1.157742103485368
BH_s19_medium,13,143,17.766666666666666,2.2064414024353027,-0.9342541988611408
BH_s19_medium,13,144,17.8,1.6111371517181396,-0.6073156273877006
BH_s19_medium,13,145,17.833333333333332,1.0374611616134644,-0.20987264653119558
BH_s19_medium,13,146,17.866666666666667,0.6412605047225952,0.20975214869950928
BH_s19_medium,13,147,17.9,0.4890299141407013,0.5979684980901966
BH_s19_medium,13,148,17.933333333333334,0.49169740080833435,0.9087012032029749
BH_s19_medium,13,149,17.966666666666665,0.5735289454460144,1.1137885205930382
BH_s19_medium,13,150,18.0,0.5276126265525818,1.2069170506763427
BH_s19_medium,13,151,18.033333333333335,0.31346023082733154,1.200060642406736
BH_s19_medium,13,152,18.066666666666666,0.04462642967700958,1.1146986261577037
BH_s19_medium,13,153,18.1,-0.22420735657215118,0.972020302006653
BH_s19_medium,13,154,18.133333333333333,-0.4245476722717285,0.7861248757706063
BH_s19_medium,13,155,18.166666666666668,-0.531623899936676,0.5624283079722356
BH_s19_medium,13,156,18.2,-0.5747796297073364,0.3011841845060249
BH_s19_medium,13,157,18.233333333333334,-0.5747796297073364,0.004038675718720681
BH_s19_medium,13,158,18.266666666666666,-0.5747796297073364,-0.3195398518354972
BH_s19_medium,13,159,18.3,-0.5771592259407043,-0.6488044924823543
BH_s19_medium,13,160,18.333333333333332,-0.6295540928840637,-0.9525211953851883
BH_s19_medium,13,161,18.366666666666667,-0.6841423511505127,-1.1935276994365989
BH_s19_medium,13,162,18.4,-0.47885662317276,-1.3356322539009944
BH_s19_medium,13,163,18.433333333333334,0.3553535044193268,-1.3512093626129855
BH_s19_medium,13,164,18.466666666666665,1.5675740242004395,-1.2278903308646787
BH_s19_medium,13,165,18.5,2.375998020172119,-0.9729538317117186
BH_s19_medium,13,166,18.533333333333335,2.364210367202759,-0.6143894202444502
BH_s19_medium,13,167,18.566666666666666,1.77854323387146,-0.1978344770503524
BH_s19_medium,13,168,18.6,1.2113373279571533,0.2211768982415624
BH_s19_medium,13,169,18.633333333333333,0.7443480491638184,0.5888494656150435
BH_s19_medium,13,170,18.666666666666668,0.5416195392608643,0.8652464302741436
BH_s19_medium,13,171,18.7,0.5188475847244263,1.0321294636679503
BH_s19_medium,13,172,18.733333333333334,0.5461840033531189,1.0935589325548938
BH_s19_medium,13,173,18.766666666666666,0.5484790802001953,1.069698036677824
BH_s19_medium,13,174,18.8,0.36395812034606934,0.9867330994131158
BH_s19_medium,13,175,18.833333333333332,0.1498056948184967,0.8667124501633585
BH_s19_medium,13,176,18.866666666666667,-0.13721846044063568,0.7208061155661393
BH_s19_medium,13,177,18.9,-0.38786187767982483,0.5481844771056695
BH_s19_medium,13,178,18.933333333333334,-0.5337156057357788,0.3406557061753123
BH_s19_medium,13,179,18.966666666666665,-0.5747796297073364,0.0910533670924846
BH_s19_medium,13,180,19.0,-0.5747796297073364,-0.19804804645458338
BH_s19_medium,13,181,19.033333333333335,-0.5815374255180359,-0.5087341892189333
BH_s19_medium,13,182,19.066666666666666,-0.6294609904289246,-0.807340064434259
BH_s19_medium,13,183,19.1,-0.6841423511505127,-1.0494768082996475
BH_s19_medium,13,184,19.133333333333333,-0.738722026348114,-1.1893897672827507
BH_s19_medium,13,185,19.166666666666668,-0.7412118911743164,-1.1916274325921763
BH_s19_medium,13,186,19.2,-0.17005158960819244,-1.0422052190079627
BH_s19_medium,13,187,19.233333333333334,0.8797252774238586,-0.7558976299430725
BH_s19_medium,13,188,19.266666666666666,1.9666963815689087,-0.3765195459819505
BH_s19_medium,13,189,19.3,2.268651247024536,0.03129842390201987
BH_s19_medium,13,190,19.333333333333332,1.8047618865966797,0.39734788866999676
BH_s19_medium,13,191,19.366666666666667,1.1623045206069946,0.6636591317280703
BH_s19_medium,13,192,19.4,0.6833915114402771,0.7991320911225893
BH_s19_medium,13,193,19.433333333333334,0.3961639702320099,0.8060021813214517
BH_s19_medium,13,194,19.466666666666665,0.35480350255966187,0.7157451898806224
BH_s19_medium,13,195,19.5,0.4389129877090454,0.5757179525331488
BH_s19_medium,13,196,19.533333333333335,0.4913078546524048,0.43144676147427047
BH_s19_medium,13,197,19.566666666666666,0.4144560396671295,0.31135157466302227
BH_s19_medium,13,198,19.6,0.14562223851680756,0.21968444717248692
BH_s19_medium,13,199,19.633333333333333,-0.1434936374425888,0.1398553901632811
BH_s19_medium,13,200,19.666666666666668,-0.4467267096042633,0.04572761516574728
BH_s19_medium,13,201,19.7,-0.5904886722564697,-0.08470531880654684
BH_s19_medium,13,202,19.733333333333334,-0.6975648999214172,-0.25896848815968443
BH_s19_medium,13,203,19.766666666666666,-0.793505072593689,-0.4663364776278927
BH_s19_medium,13,204,19.8,-0.802354633808136,-0.6805975754091409
BH_s19_medium,13,205,19.833333333333332,-0.8481864333152771,-0.8668860721681179
BH_s19_medium,13,206,19.866666666666667,-0.8524629473686218,-0.9895375610306378
BH_s19_medium,13,207,19.9,-0.9595391750335693,-1.018856487434107
BH_s19_medium,13,208,19.933333333333334,-1.0122305154800415,-0.9361191187277522
BH_s19_medium,13,209,19.966666666666665,-0.749155580997467,-0.7371376019628902
BH_s19_medium,13,210,20.0,0.14693418145179749,-0.4347596990111346
BH_s19_medium,13,211,20.033333333333335,1.2675082683563232,-0.05980871204952972
BH_s19_medium,13,212,20.066666666666666,1.9574743509292603,0.34112226366438186
BH_s19_medium,13,213,20.1,1.7687535285949707,0.7127050810543664
BH_s19_medium,13,214,20.133333333333333,1.1497541666030884,1.0027265003846886
BH_s19_medium,13,215,20.166666666666668,0.5456762313842773,1.1756748410275784
BH_s19_medium,13,216,20.2,0.1371622383594513,1.222367595922396
BH_s19_medium,13,217,20.233333333333334,0.02671535313129425,1.1605204766719788
BH_s19_medium,13,218,20.266666666666666,0.08139671385288239,1.0257540560494256
BH_s19_medium,13,219,20.3,0.16531141102313995,0.8576958564852774
BH_s19_medium,13,220,20.333333333333332,0.16381260752677917,0.6876390666945554
BH_s19_medium,13,221,20.366666666666667,0.032076068222522736,0.5321772821972215
BH_s19_medium,13,222,20.4,-0.23675772547721863,0.3933810721048231
BH_s19_medium,13,223,20.433333333333334,-0.5055915117263794,0.26314393226722516
BH_s19_medium,13,224,20.466666666666665,-0.7019431591033936,0.1288814987788121
BH_s19_medium,13,225,20.5,-0.8090193271636963,-0.021073243501122395
BH_s19_medium,13,226,20.533333333333335,-0.8481864333152771,-0.19298528156317074
BH_s19_medium,13,227,20.566666666666666,-0.8591277003288269,-0.3844280534748541
BH_s19_medium,13,228,20.6,-0.9028677940368652,-0.5826512675060206
BH_s19_medium,13,229,20.633333333333333,-0.9092360734939575,-0.7652850850751168
BH_s19_medium,13,230,20.666666666666668,-0.9575491547584534,-0.9039397751236133
BH_s19_medium,13,231,20.7,-0.8410053253173828,-0.9707804135277365
BH_s19_medium,13,232,20.733333333333334,-0.1959400177001953,-0.9473293539309644
BH_s19_medium,13,233,20.766666666666666,0.8191583156585693,-0.8333248691122418
BH_s19_medium,13,234,20.8,1.7906862497329712,-0.6517831605155233
BH_s19_medium,13,235,20.833333333333332,1.9005831480026245,-0.44600107245200854
BH_s19_medium,13,236,20.866666666666667,1.3968915939331055,-0.2666039952551828
BH_s19_medium,13,237,20.9,0.699752926826477,-0.15202331531815103
BH_s19_medium,13,238,20.933333333333334,0.19291917979717255,-0.11150086674260719
BH_s19_medium,13,239,20.966666666666665,-0.011469226330518723,-0.12060330213484124
BH_s19_medium,14,0,14.0,0.33768871426582336,0.12232715174064353
BH_s19_medium,14,1,14.033333333333333,0.11443252861499786,0.24438103745486545
BH_s19_medium,14,2,14.066666666666666,0.10075575113296509,0.36531016210711853
BH_s19_medium,14,3,14.1,0.19075943529605865,0.4868244872592861
BH_s19_medium,14,4,14.133333333333333,0.19075943529605865,0.6109638701607237
BH_s19_medium,14,5,14.166666666666666,0.06889719516038895,0.7368285725961323
BH_s19_medium,14,6,14.2,-0.1679677665233612,0.8576113445432489
BH_s19_medium,14,7,14.233333333333333,-0.481269896030426,0.9615650941139113
BH_s19_medium,14,8,14.266666666666667,-0.695422351360321,1.0361963630304392
BH_s19_medium,14,9,14.3,-0.8515399098396301,1.0713241394483415
BH_s19_medium,14,10,14.333333333333334,-0.9039347767829895,1.0589787743127097
BH_s19_medium,14,11,14.366666666666667,-0.9575491547584534,0.9922664398507142
BH_s19_medium,14,12,14.4,-0.9575491547584534,0.865586012213806
BH_s19_medium,14,13,14.433333333333334,-0.9575491547584534,0.6762645453911303
BH_s19_medium,14,14,14.466666666666667,-0.9494701027870178,0.42646849439197737
BH_s19_medium,14,15,14.5,-1.0018649101257324,0.12461707622413778
BH_s19_medium,14,16,14.533333333333333,-1.0542597770690918,-0.21381831052647118
BH_s19_medium,14,17,14.566666666666666,-0.853259265422821,-0.5661113497826968
BH_s19_medium,14,18,14.6,-0.07362878322601318,-0.9030646957496398
BH_s19_medium,14,19,14.633333333333333,1.1049292087554932,-1.1913887426454919
BH_s19_medium,14,20,14.666666666666666,2.0285000801086426,-1.3977795415739682
BH_s19_medium,14,21,14.7,2.067497968673706,-1.4940950355019735
BH_s19_medium,14,22,14.733333333333333,1.4972944259643555,-1.4627337294420413
BH_s19_medium,14,23,14.766666666666667,0.85483717918396,-1.301143734560159
BH_s19_medium,14,24,14.8,0.3692171573638916,-1.0240401992815205
BH_s19_medium,14,25,14.833333333333334,0.11462730914354324,-0.661975306436481
BH_s19_medium,14,26,14.866666666666667,0.10056097060441971,-0.2559754038687899
BH_s19_medium,14,27,14.9,0.20763719081878662,0.1503125836742706
BH_s19_medium,14,28,14.933333333333334,0.2855308949947357,0.5181859221271128
BH_s19_medium,14,29,14.966666666666667,0.16614995896816254,0.8186453180240664
BH_s19_medium,14,30,15.0,-0.05802071467041969,1.0337680225188426
BH_s19_medium,14,31,15.033333333333333,-0.3715176284313202,1.1557835937359313
BH_s19_medium,14,32,15.066666666666666,-0.5802248120307922,1.1848870084953007
BH_s19_medium,14,33,15.1,-0.6873010396957397,1.1263354123298257
BH_s19_medium,14,34,15.133333333333333,-0.7388237118721008,0.9878521126976523
BH_s19_medium,14,35,15.166666666666666,-0.7920907735824585,0.7786701254501037
BH_s19_medium,14,36,15.2,-0.793505072593689,0.5104375637862716
BH_s19_medium,14,37,15.233333333333333,-0.793505072593689,0.19881474893940973
BH_s19_medium,14,38,15.266666666666667,-0.8481864333152771,-0.13558233123184796
BH_s19_medium,14,39,15.3,-0.9028677940368652,-0.46751832879494076
BH_s19_medium,14,40,15.333333333333334,-0.722682774066925,-0.7687682620927111
BH_s19_medium,14,41,15.366666666666667,0.015011443756520748,-1.0108233095620516
BH_s19_medium,14,42,15.4,1.1474498510360718,-1.1683795920981157
BH_s19_medium,14,43,15.433333333333334,1.951393961906433,-1.2231212040260624
BH_s19_medium,14,44,15.466666666666667,1.9518601894378662,-1.166968422345596
BH_s19_medium,14,45,15.5,1.375381350517273,-1.0038796690391414
BH_s19_medium,14,46,15.533333333333333,0.7329241037368774,-0.7496969592085966
BH_s19_medium,14,47,15.566666666666666,0.2226351648569107,-0.4299159789322153
BH_s19_medium,14,48,15.6,0.05785422399640083,-0.07542929788429677
BH_s19_medium,14,49,15.633333333333333,0.04797133803367615,0.2828526872297752
BH_s19_medium,14,50,15.666666666666666,0.15504755079746246,0.6180708217299814
BH_s19_medium,14,51,15.7,0.19075943529605865,0.9081260028806674
BH_s19_medium,14,52,15.733333333333333,0.12168160825967789,1.134231048112441
BH_s19_medium,14,53,15.766666666666667,-0.11897725611925125,1.2804433784232603
BH_s19_medium,14,54,15.8,-0.38552454113960266,1.3349422408078961
BH_s19_medium,14,55,15.833333333333334,-0.6369979381561279,1.2912015026805137
BH_s19_medium,14,56,15.866666666666667,-0.7440741658210754,1.1483964640207498
BH_s19_medium,14,57,15.9,-0.8481864333152771,0.9123322461547635
BH_s19_medium,14,58,15.933333333333334,-0.8481864333152771,0.5971003686112515
BH_s19_medium,14,59,15.966666666666667,-0.8481864333152771,0.22565551925635596
BH_s19_medium,14,60,16.0,-0.8481864333152771,-0.1721433016270673
BH_s19_medium,14,61,16.033333333333335,-0.8481864333152771,-0.5634851977244267
BH_s19_medium,14,62,16.066666666666666,-0.9028677940368652,-0.9167278780909345
BH_s19_medium,14,63,16.1,-0.57387375831604,-1.204215423804508
BH_s19_medium,14,64,16.133333333333333,0.3337502181529999,-1.4037319764012015
BH_s19_medium,14,65,16.166666666666668,1.5925816297531128,-1.4994552016262244
BH_s19_medium,14,66,16.2,2.362236738204956,-1.4828131406283918
BH_s19_medium,14,67,16.233333333333334,2.293574333190918,-1.3528434299235574
BH_s19_medium,14,68,16.266666666666666,1.6909191608428955,-1.115837263281375
BH_s19_medium,14,69,16.3,1.0484619140625,-0.7850768685888758
BH_s19_medium,14,70,16.333333333333332,0.5991294980049133,-0.38201378650743456
BH_s19_medium,14,71,16.366666666666667,0.35821643471717834,0.061398750600085594
BH_s19_medium,14,72,16.4,0.30012214183807373,0.5027133645706212
BH_s19_medium,14,73,16.433333333333334,0.375864714384079,0.89507110040919
BH_s19_medium,14,74,16.466666666666665,0.39071017503738403,1.1981072133359136
BH_s19_medium,14,75,16.5,0.21246440708637238,1.3875609090713992
BH_s19_medium,14,76,16.533333333333335,-0.015889713540673256,1.4583002454103386
BH_s19_medium,14,77,16.566666666666666,-0.32520318031311035,1.4202913626981353
BH_s19_medium,14,78,16.6,-0.5393555760383606,1.2910660394148445
BH_s19_medium,14,79,16.633333333333333,-0.6914845108985901,1.0890330858495825
BH_s19_medium,14,80,16.666666666666668,-0.793505072593689,0.8298996617829756
BH_s19_medium,14,81,16.7,-0.793505072593689,0.5260086710079037
BH_s19_medium,14,82,16.733333333333334,-0.793505072593689,0.18762733340224155
BH_s19_medium,14,83,16.766666666666666,-0.793505072593689,-0.1744872367165178
BH_s19_medium,14,84,16.8,-0.8481864333152771,-0.5459538310588692
BH_s19_medium,14,85,16.833333333333332,-0.9028677940368652,-0.9060520761830403
BH_s19_medium,14,86,16.866666666666667,-0.5634151101112366,-1.2264021584615845
BH_s19_medium,14,87,16.9,0.3546674847602844,-1.4719481184743028
BH_s19_medium,14,88,16.933333333333334,1.5630009174346924,-1.6051835218059496
BH_s19_medium,14,89,16.966666666666665,2.315922260284424,-1.5939490546105286
BH_s19_medium,14,90,17.0,2.175844669342041,-1.4214029861239377
BH_s19_medium,14,91,17.033333333333335,1.569006085395813,-1.0947711316814348
BH_s19_medium,14,92,17.066666666666666,0.9588477611541748,-0.6486864753625444
BH_s19_medium,14,93,17.1,0.5381729602813721,-0.14037555134276153
BH_s19_medium,14,94,17.133333333333333,0.35480350255966187,0.36260008440571095
BH_s19_medium,14,95,17.166666666666668,0.35480350255966187,0.7978438828040693
BH_s19_medium,14,96,17.2,0.4873191714286804,1.1212547427631647
BH_s19_medium,14,97,17.233333333333334,0.5735289454460144,1.3135174232301305
BH_s19_medium,14,98,17.266666666666666,0.42700639367103577,1.378874970654258
BH_s19_medium,14,99,17.3,0.1965605467557907,1.3381230043637242
BH_s19_medium,14,100,17.333333333333332,-0.11066118627786636,1.2190533184844463
BH_s19_medium,14,101,17.366666666666667,-0.37949496507644653,1.0474101353754721
BH_s19_medium,14,102,17.4,-0.5842134952545166,0.8407239387822955
BH_s19_medium,14,103,17.433333333333334,-0.6841423511505127,0.606342791974032
BH_s19_medium,14,104,17.466666666666665,-0.6890032291412354,0.3436214764874212
BH_s19_medium,14,105,17.5,-0.6841423511505127,0.049135844654871544
BH_s19_medium,14,106,17.533333333333335,-0.6841423511505127,-0.2766404561342677
BH_s19_medium,14,107,17.566666666666666,-0.7368250489234924,-0.6229793266196367
BH_s19_medium,14,108,17.6,-0.7388237118721008,-0.9650113312055113
BH_s19_medium,14,109,17.633333333333333,-0.44359374046325684,-1.2643750238460292
BH_s19_medium,14,110,17.666666666666668,0.4391242563724518,-1.4752916479157778
BH_s19_medium,14,111,17.7,1.6103910207748413,-1.554986537817453
BH_s19_medium,14,112,17.733333333333334,2.324289321899414,-1.4755059861917872
BH_s19_medium,14,113,17.766666666666666,2.2064414024353027,-1.2330807729457494
BH_s19_medium,14,114,17.8,1.6111371517181396,-0.8517514203982561
BH_s19_medium,14,115,17.833333333333332,1.0374611616134644,-0.3797941868940631
BH_s19_medium,14,116,17.866666666666667,0.6412605047225952,0.12014159079940993
BH_s19_medium,14,117,17.9,0.4890299141407013,0.584276945863278
BH_s19_medium,14,118,17.933333333333334,0.49169740080833435,0.9605031867402389
BH_s19_medium,14,119,17.966666666666665,0.5735289454460144,1.2172147349159819
BH_s19_medium,14,120,18.0,0.5276126265525818,1.3459466536822502
BH_s19_medium,14,121,18.033333333333335,0.31346023082733154,1.3575521303857943
BH_s19_medium,14,122,18.066666666666666,0.04462642967700958,1.2737837899681896
BH_s19_medium,14,123,18.1,-0.22420735657215118,1.1176959237839914
BH_s19_medium,14,124,18.133333333333333,-0.4245476722717285,0.9065710521155933
BH_s19_medium,14,125,18.166666666666668,-0.531623899936676,0.6497795426818624
BH_s19_medium,14,126,18.2,-0.5747796297073364,0.35157751556398525
BH_s19_medium,14,127,18.233333333333334,-0.5747796297073364,0.016767683057582597
BH_s19_medium,14,128,18.266666666666666,-0.5747796297073364,-0.34347958022785796
BH_s19_medium,14,129,18.3,-0.5771592259407043,-0.7078264387602303
BH_s19_medium,14,130,18.333333333333332,-0.6295540928840637,-1.0443258613779745
BH_s19_medium,14,131,18.366666666666667,-0.6841423511505127,-1.3137923412611983
BH_s19_medium,14,132,18.4,-0.47885662317276,-1.4764842153702054
BH_s19_medium,14,133,18.433333333333334,0.3553535044193268,-1.5006111316469368
BH_s19_medium,14,134,18.466666666666665,1.5675740242004395,-1.370429551459039
BH_s19_medium,14,135,18.5,2.375998020172119,-1.0916883851697397
BH_s19_medium,14,136,18.533333333333335,2.364210367202759,-0.6930373150462971
BH_s19_medium,14,137,18.566666666666666,1.77854323387146,-0.22286684729669537
BH_s19_medium,14,138,18.6,1.2113373279571533,0.25854882958976766
BH_s19_medium,14,139,18.633333333333333,0.7443480491638184,0.6907437442569069
BH_s19_medium,14,140,18.666666666666668,0.5416195392608643,1.0256253827108963
BH_s19_medium,14,141,18.7,0.5188475847244263,1.2365637702596877
BH_s19_medium,14,142,18.733333333333334,0.5461840033531189,1.320742046330754
BH_s19_medium,14,143,18.766666666666666,0.5484790802001953,1.2943273725637536
BH_s19_medium,14,144,18.8,0.36395812034606934,1.1827903113481582
BH_s19_medium,14,145,18.833333333333332,0.1498056948184967,1.0104071027345856
BH_s19_medium,14,146,18.866666666666667,-0.13721846044063568,0.7931656271925479
BH_s19_medium,14,147,18.9,-0.38786187767982483,0.5376654314394482
BH_s19_medium,14,148,18.933333333333334,-0.5337156057357788,0.24564431108185958
BH_s19_medium,14,149,18.966666666666665,-0.5747796297073364,-0.078829030857189
BH_s19_medium,14,150,19.0,-0.5747796297073364,-0.4231793499742302
BH_s19_medium,14,151,19.033333333333335,-0.5815374255180359,-0.7637127393950399
BH_s19_medium,14,152,19.066666666666666,-0.6294609904289246,-1.0671645611826268
BH_s19_medium,14,153,19.1,-0.6841423511505127,-1.2954996058725814
BH_s19_medium,14,154,19.133333333333333,-0.738722026348114,-1.412637236380557
BH_s19_medium,14,155,19.166666666666668,-0.7412118911743164,-1.3919124079630592
BH_s19_medium,14,156,19.2,-0.17005158960819244,-1.2230018118954578
BH_s19_medium,14,157,19.233333333333334,0.8797252774238586,-0.916700454770068
BH_s19_medium,14,158,19.266666666666666,1.9666963815689087,-0.5058026011638718
BH_s19_medium,14,159,19.3,2.268651247024536,-0.040942236051162595
BH_s19_medium,14,160,19.333333333333332,1.8047618865966797,0.41828908023718253
BH_s19_medium,14,161,19.366666666666667,1.1623045206069946,0.8148802871435777
BH_s19_medium,14,162,19.4,0.6833915114402771,1.1053546930107785
BH_s19_medium,14,163,19.433333333333334,0.3961639702320099,1.2669057776018475
BH_s19_medium,14,164,19.466666666666665,0.35480350255966187,1.298773370955644
BH_s19_medium,14,165,19.5,0.4389129877090454,1.2179895472583497
BH_s19_medium,14,166,19.533333333333335,0.4913078546524048,1.051602636945267
BH_s19_medium,14,167,19.566666666666666,0.4144560396671295,0.8284941055797732
BH_s19_medium,14,168,19.6,0.14562223851680756,0.5734786711652491
BH_s19_medium,14,169,19.633333333333333,-0.1434936374425888,0.30480710226040403
BH_s19_medium,14,170,19.666666666666668,-0.4467267096042633,0.034404383842739965
BH_s19_medium,14,171,19.7,-0.5904886722564697,-0.23055595606308393
BH_s19_medium,14,172,19.733333333333334,-0.6975648999214172,-0.4854451285406426
BH_s19_medium,14,173,19.766666666666666,-0.793505072593689,-0.7253192580339933
BH_s19_medium,14,174,19.8,-0.802354633808136,-0.9418448849742684
BH_s19_medium,14,175,19.833333333333332,-0.8481864333152771,-1.1212663223299373
BH_s19_medium,14,176,19.866666666666667,-0.8524629473686218,-1.2445791533635027
BH_s19_medium,14,177,19.9,-0.9595391750335693,-1.2901519243315045
BH_s19_medium,14,178,19.933333333333334,-1.0122305154800415,-1.2381095255442156
BH_s19_medium,14,179,19.966666666666665,-0.749155580997467,-1.0755144428381507
BH_s19_medium,14,180,20.0,0.14693418145179749,-0.8016899323737846
BH_s19_medium,14,181,20.033333333333335,1.2675082683563232,-0.4328876124871233
BH_s19_medium,14,182,20.066666666666666,1.9574743509292603,-0.004408695091344514
BH_s19_medium,14,183,20.1,1.7687535285949707,0.43246605536228855
BH_s19_medium,14,184,20.133333333333333,1.1497541666030884,0.8201811659051531
BH_s19_medium,14,185,20.166666666666668,0.5456762313842773,1.1092748850098908
BH_s19_medium,14,186,20.2,0.1371622383594513,1.2715764299779315
BH_s19_medium,14,187,20.233333333333334,0.02671535313129425,1.305696747627841
BH_s19_medium,14,188,20.266666666666666,0.08139671385288239,1.2324338050763386
BH_s19_medium,14,189,20.3,0.16531141102313995,1.0833995783044756
BH_s19_medium,14,190,20.333333333333332,0.16381260752677917,0.8890159116006281
BH_s19_medium,14,191,20.366666666666667,0.032076068222522736,0.670954090867122
BH_s19_medium,14,192,20.4,-0.23675772547721863,0.4406582385284007
BH_s19_medium,14,193,20.433333333333334,-0.5055915117263794,0.20231293287825852
BH_s19_medium,14,194,20.466666666666665,-0.7019431591033936,-0.042623563686952644
BH_s19_medium,14,195,20.5,-0.8090193271636963,-0.29141493344137076
BH_s19_medium,14,196,20.533333333333335,-0.8481864333152771,-0.5371459584132524
BH_s19_medium,14,197,20.566666666666666,-0.8591277003288269,-0.7667166959218398
BH_s19_medium,14,198,20.6,-0.9028677940368652,-0.9600110588993286
BH_s19_medium,14,199,20.633333333333333,-0.9092360734939575,-1.0911767202161011
BH_s19_medium,14,200,20.666666666666668,-0.9575491547584534,-1.132622417537235
BH_s19_medium,14,201,20.7,-0.8410053253173828,-1.061398270233359
BH_s19_medium,14,202,20.733333333333334,-0.1959400177001953,-0.8668589945553606
BH_s19_medium,14,203,20.766666666666666,0.8191583156585693,-0.5578274213552984
BH_s19_medium,14,204,20.8,1.7906862497329712,-0.1666557216021904
BH_s19_medium,14,205,20.833333333333332,1.9005831480026245,0.2529256130395083
BH_s19_medium,14,206,20.866666666666667,1.3968915939331055,0.6363468008161919
BH_s19_medium,14,207,20.9,0.699752926826477,0.9255150470391816
BH_s19_medium,14,208,20.933333333333334,0.19291917979717255,1.0857801060810364
BH_s19_medium,14,209,20.966666666666665,-0.011469226330518723,1.1136015792080436
BH_s19_medium,14,210,21.0,0.04383013769984245,1.0312246678522126
BH_s19_medium,14,211,21.033333333333335,0.20330120623111725,0.8726369186166903
BH_s19_medium,14,212,21.066666666666666,0.30012214183807373,0.6692629217548307
BH_s19_medium,14,213,21.1,0.18736368417739868,0.4420736921151675
BH_s19_medium,14,214,21.133333333333333,-0.05354079604148865,0.20122476636363035
BH_s19_medium,14,215,21.166666666666668,-0.35030388832092285,-0.05006523230921312
BH_s19_medium,14,216,21.2,-0.619137704372406,-0.3107366024377396
BH_s19_medium,14,217,21.233333333333334,-0.7587162256240845,-0.5775177167510028
BH_s19_medium,14,218,21.266666666666666,-0.8111110925674438,-0.841508438164866
BH_s19_medium,14,219,21.3,-0.8481864333152771,-1.0865382795477472
BH_s19_medium,14,220,21.333333333333332,-0.8612194061279297,-1.2898689528151228
BH_s19_medium,14,221,21.366666666666667,-0.9028677940368652,-1.42504752455028
BH_s19_medium,14,222,21.4,-0.8143463730812073,-1.466180742625697
BH_s19_medium,14,223,21.433333333333334,-0.19730345904827118,-1.3928918052402062
BH_s19_medium,14,224,21.466666666666665,0.8311243057250977,-1.195467646593123
BH_s19_medium,14,225,21.5,1.839202642440796,-0.8794850138803493
BH_s19_medium,14,226,21.533333333333335,2.104607105255127,-0.46837444543233786
BH_s19_medium,14,227,21.566666666666666,1.6303099393844604,-0.002149215174326004
BH_s19_medium,14,228,21.6,0.9878526926040649,0.46823339459395724
BH_s19_medium,14,229,21.633333333333333,0.3925311863422394,0.8897286587403759
BH_s19_medium,14,230,21.666666666666668,0.10106080025434494,1.217241370342951
BH_s19_medium,14,231,21.7,0.08139671385288239,1.4223959242637394
BH_s19_medium,14,232,21.733333333333334,0.17635437846183777,1.4982944609361717
BH_s19_medium,14,233,21.766666666666666,0.2454407960176468,1.458388583777563
BH_s19_medium,14,234,21.8,0.15505613386631012,1.3301031247075783
BH_s19_medium,14,235,21.833333333333332,-0.040118224918842316,1.1460673233203977
BH_s19_medium,14,236,21.866666666666667,-0.3400822877883911,0.9359111263518786
BH_s19_medium,14,237,21.9,-0.5777857899665833,0.7203759789142758
BH_s19_medium,14,238,21.933333333333334,-0.7653809785842896,0.5085738681871096
BH_s19_medium,14,239,21.966666666666665,-0.8481864333152771,0.298911624667885
BH_s19_medium,15,0,15.0,-0.05802071467041969,-0.02775534946954299
BH_s19_medium,15,1,15.033333333333333,-0.3715176284313202,0.2484856064306992
BH_s19_medium,15,2,15.066666666666666,-0.5802248120307922,0.4710939325443709
BH_s19_medium,15,3,15.1,-0.6873010396957397,0.5998742413456162
BH_s19_medium,15,4,15.133333333333333,-0.7388237118721008,0.614431047535867
BH_s19_medium,15,5,15.166666666666666,-0.7920907735824585,0.516173557821437
BH_s19_medium,15,6,15.2,-0.793505072593689,0.32421992563936347
BH_s19_medium,15,7,15.233333333333333,-0.793505072593689,0.06794559779073664
BH_s19_medium,15,8,15.266666666666667,-0.8481864333152771,-0.22040030798006
BH_s19_medium,15,9,15.3,-0.9028677940368652,-0.5107689541399224
BH_s19_medium,15,10,15.333333333333334,-0.722682774066925,-0.7774179422445566
BH_s19_medium,15,11,15.366666666666667,0.015011443756520748,-0.9985784872705775
BH_s19_medium,15,12,15.4,1.1474498510360718,-1.1548873688329861
BH_s19_medium,15,13,15.433333333333334,1.951393961906433,-1.228211899975561
BH_s19_medium,15,14,15.466666666666667,1.9518601894378662,-1.2026325146665044
BH_s19_medium,15,15,15.5,1.375381350517273,-1.068371812269299
BH_s19_medium,15,16,15.533333333333333,0.7329241037368774,-0.8272031284254909
BH_s19_medium,15,17,15.566666666666666,0.2226351648569107,-0.49604066484046416
BH_s19_medium,15,18,15.6,0.05785422399640083,-0.10584835311794015
BH_s19_medium,15,19,15.633333333333333,0.04797133803367615,0.3041753442127917
BH_s19_medium,15,20,15.666666666666666,0.15504755079746246,0.6938770298921915
BH_s19_medium,15,21,15.7,0.19075943529605865,1.027256761209568
BH_s19_medium,15,22,15.733333333333333,0.12168160825967789,1.2751750416316994
BH_s19_medium,15,23,15.766666666666667,-0.11897725611925125,1.4178919723154295
BH_s19_medium,15,24,15.8,-0.38552454113960266,1.4476805725603774
BH_s19_medium,15,25,15.833333333333334,-0.6369979381561279,1.3692456937460438
BH_s19_medium,15,26,15.866666666666667,-0.7440741658210754,1.1969901967224117
BH_s19_medium,15,27,15.9,-0.8481864333152771,0.9508379829879057
BH_s19_medium,15,28,15.933333333333334,-0.8481864333152771,0.6525506286483703
BH_s19_medium,15,29,15.966666666666667,-0.8481864333152771,0.3231584992074647
BH_s19_medium,15,30,16.0,-0.8481864333152771,-0.018419118606614004
BH_s19_medium,15,31,16.033333333333335,-0.8481864333152771,-0.35540285730400095
BH_s19_medium,15,32,16.066666666666666,-0.9028677940368652,-0.6719627277279396
BH_s19_medium,15,33,16.1,-0.57387375831604,-0.9515377670245336
BH_s19_medium,15,34,16.133333333333333,0.3337502181529999,-1.1757134721974463
BH_s19_medium,15,35,16.166666666666668,1.5925816297531128,-1.3244738731858594
BH_s19_medium,15,36,16.2,2.362236738204956,-1.37802407085609
BH_s19_medium,15,37,16.233333333333334,2.293574333190918,-1.3199002433804436
BH_s19_medium,15,38,16.266666666666666,1.6909191608428955,-1.141063904510313
BH_s19_medium,15,39,16.3,1.0484619140625,-0.844726017024099
BH_s19_medium,15,40,16.333333333333332,0.5991294980049133,-0.4511061354343114
BH_s19_medium,15,41,16.366666666666667,0.35821643471717834,0.0001546027139683709
BH_s19_medium,15,42,16.4,0.30012214183807373,0.453559811191482
BH_s19_medium,15,43,16.433333333333334,0.375864714384079,0.8491704111915129
BH_s19_medium,15,44,16.466666666666665,0.39071017503738403,1.138244932238664
BH_s19_medium,15,45,16.5,0.21246440708637238,1.295427143890825
BH_s19_medium,15,46,16.533333333333335,-0.015889713540673256,1.3217132722523275
BH_s19_medium,15,47,16.566666666666666,-0.32520318031311035,1.238091789451644
BH_s19_medium,15,48,16.6,-0.5393555760383606,1.0743052558481168
BH_s19_medium,15,49,16.633333333333333,-0.6914845108985901,0.8582880088156425
BH_s19_medium,15,50,16.666666666666668,-0.793505072593689,0.6098557529933413
BH_s19_medium,15,51,16.7,-0.793505072593689,0.33940023816890236
BH_s19_medium,15,52,16.733333333333334,-0.793505072593689,0.05066625181544293
BH_s19_medium,15,53,16.766666666666666,-0.793505072593689,-0.2539707623771544
BH_s19_medium,15,54,16.8,-0.8481864333152771,-0.5677533531318714
BH_s19_medium,15,55,16.833333333333332,-0.9028677940368652,-0.8753550181858017
BH_s19_medium,15,56,16.866666666666667,-0.5634151101112366,-1.151548102500059
BH_s19_medium,15,57,16.9,0.3546674847602844,-1.3631117202356215
BH_s19_medium,15,58,16.933333333333334,1.5630009174346924,-1.473891523943202
BH_s19_medium,15,59,16.966666666666665,2.315922260284424,-1.452555546123114
BH_s19_medium,15,60,17.0,2.175844669342041,-1.2817797917038867
BH_s19_medium,15,61,17.033333333333335,1.569006085395813,-0.966373962629532
BH_s19_medium,15,62,17.066666666666666,0.9588477611541748,-0.5369541656079431
BH_s19_medium,15,63,17.1,0.5381729602813721,-0.046406789626862587
BH_s19_medium,15,64,17.133333333333333,0.35480350255966187,0.44094128376508374
BH_s19_medium,15,65,17.166666666666668,0.35480350255966187,0.8640678380643338
BH_s19_medium,15,66,17.2,0.4873191714286804,1.1783699292216139
BH_s19_medium,15,67,17.233333333333334,0.5735289454460144,1.3624079765399248
BH_s19_medium,15,68,17.266666666666666,0.42700639367103577,1.417122311660628
BH_s19_medium,15,69,17.3,0.1965605467557907,1.3598487400342931
BH_s19_medium,15,70,17.333333333333332,-0.11066118627786636,1.216357222548541
BH_s19_medium,15,71,17.366666666666667,-0.37949496507644653,1.0132185281059016
BH_s19_medium,15,72,17.4,-0.5842134952545166,0.7719264153628057
BH_s19_medium,15,73,17.433333333333334,-0.6841423511505127,0.5057741747851656
BH_s19_medium,15,74,17.466666666666665,-0.6890032291412354,0.22006805611020347
BH_s19_medium,15,75,17.5,-0.6841423511505127,-0.08440468796805815
BH_s19_medium,15,76,17.533333333333335,-0.6841423511505127,-0.4056392099634404
BH_s19_medium,15,77,17.566666666666666,-0.7368250489234924,-0.7342760818898555
BH_s19_medium,15,78,17.6,-0.7388237118721008,-1.0493964648306293
BH_s19_medium,15,79,17.633333333333333,-0.44359374046325684,-1.318292208497886
BH_s19_medium,15,80,17.666666666666668,0.4391242563724518,-1.501111465410039
BH_s19_medium,15,81,17.7,1.6103910207748413,-1.559567225196523
BH_s19_medium,15,82,17.733333333333334,2.324289321899414,-1.4672586235873264
BH_s19_medium,15,83,17.766666666666666,2.2064414024353027,-1.2184590638295787
BH_s19_medium,15,84,17.8,1.6111371517181396,-0.8327947024278091
BH_s19_medium,15,85,17.833333333333332,1.0374611616134644,-0.3542685435107978
BH_s19_medium,15,86,17.866666666666667,0.6412605047225952,0.15600490901729464
BH_s19_medium,15,87,17.9,0.4890299141407013,0.6323980463659369
BH_s19_medium,15,88,17.933333333333334,0.49169740080833435,1.0191907282530064
BH_s19_medium,15,89,17.966666666666665,0.5735289454460144,1.2817316802673344
BH_s19_medium,15,90,18.0,0.5276126265525818,1.4104504029324862
BH_s19_medium,15,91,18.033333333333335,0.31346023082733154,1.416962326691255
BH_s19_medium,15,92,18.066666666666666,0.04462642967700958,1.3246386233412226
BH_s19_medium,15,93,18.1,-0.22420735657215118,1.1579110487462392
BH_s19_medium,15,94,18.133333333333333,-0.4245476722717285,0.93471353064419
BH_s19_medium,15,95,18.166666666666668,-0.531623899936676,0.6647147378424225
BH_s19_medium,15,96,18.2,-0.5747796297073364,0.35304950891303644
BH_s19_medium,15,97,18.233333333333334,-0.5747796297073364,0.006742626180994987
BH_s19_medium,15,98,18.266666666666666,-0.5747796297073364,-0.3596863458878499
BH_s19_medium,15,99,18.3,-0.5771592259407043,-0.7218341146411493
BH_s19_medium,15,100,18.333333333333332,-0.6295540928840637,-1.0467237359961432
BH_s19_medium,15,101,18.366666666666667,-0.6841423511505127,-1.2969509785064535
BH_s19_medium,15,102,18.4,-0.47885662317276,-1.4366688311101317
BH_s19_medium,15,103,18.433333333333334,0.3553535044193268,-1.4386598271042765
BH_s19_medium,15,104,18.466666666666665,1.5675740242004395,-1.291404472386318
BH_s19_medium,15,105,18.5,2.375998020172119,-1.0043623204946825
BH_s19_medium,15,106,18.533333333333335,2.364210367202759,-0.6094169692495732
BH_s19_medium,15,107,18.566666666666666,1.77854323387146,-0.15698342069261131
BH_s19_medium,15,108,18.6,1.2113373279571533,0.29330342491026623
BH_s19_medium,15,109,18.633333333333333,0.7443480491638184,0.6852269633288758
BH_s19_medium,15,110,18.666666666666668,0.5416195392608643,0.9777717288285814
BH_s19_medium,15,111,18.7,0.5188475847244263,1.1516482525774079
BH_s19_medium,15,112,18.733333333333334,0.5461840033531189,1.2086205190776038
BH_s19_medium,15,113,18.766666666666666,0.5484790802001953,1.1650676853326187
BH_s19_medium,15,114,18.8,0.36395812034606934,1.0432100206704358
BH_s19_medium,15,115,18.833333333333332,0.1498056948184967,0.8635187540281373
BH_s19_medium,15,116,18.866666666666667,-0.13721846044063568,0.6406298089104572
BH_s19_medium,15,117,18.9,-0.38786187767982483,0.3833766206900379
BH_s19_medium,15,118,18.933333333333334,-0.5337156057357788,0.09802616108120255
BH_s19_medium,15,119,18.966666666666665,-0.5747796297073364,-0.2071328714494594
BH_s19_medium,15,120,19.0,-0.5747796297073364,-0.5178728078670751
BH_s19_medium,15,121,19.033333333333335,-0.5815374255180359,-0.8122289024604872
BH_s19_medium,15,122,19.066666666666666,-0.6294609904289246,-1.0612884173555397
BH_s19_medium,15,123,19.1,-0.6841423511505127,-1.2323731308070078
BH_s19_medium,15,124,19.133333333333333,-0.738722026348114,-1.2943803713206234
BH_s19_medium,15,125,19.166666666666668,-0.7412118911743164,-1.2248980922677706
BH_s19_medium,15,126,19.2,-0.17005158960819244,-1.0177979258813745
BH_s19_medium,15,127,19.233333333333334,0.8797252774238586,-0.6888347954818278
BH_s19_medium,15,128,19.266666666666666,1.9666963815689087,-0.27638797521775743
BH_s19_medium,15,129,19.3,2.268651247024536,0.1644155944163232
BH_s19_medium,15,130,19.333333333333332,1.8047618865966797,0.5734384256194246
BH_s19_medium,15,131,19.366666666666667,1.1623045206069946,0.8995611458099202
BH_s19_medium,15,132,19.4,0.6833915114402771,1.111877284987799
BH_s19_medium,15,133,19.433333333333334,0.3961639702320099,1.2038152402299434
BH_s19_medium,15,134,19.466666666666665,0.35480350255966187,1.189179979244679
BH_s19_medium,15,135,19.5,0.4389129877090454,1.0927804566193502
BH_s19_medium,15,136,19.533333333333335,0.4913078546524048,0.9402606966825118
BH_s19_medium,15,137,19.566666666666666,0.4144560396671295,0.751191329344613
BH_s19_medium,15,138,19.6,0.14562223851680756,0.537062986435509
BH_s19_medium,15,139,19.633333333333333,-0.1434936374425888,0.3032536885478009
BH_s19_medium,15,140,19.666666666666668,-0.4467267096042633,0.0527911393433462
BH_s19_medium,15,141,19.7,-0.5904886722564697,-0.21008263602214775
BH_s19_medium,15,142,19.733333333333334,-0.6975648999214172,-0.47762327189645837
BH_s19_medium,15,143,19.766666666666666,-0.793505072593689,-0.7377472550118611
BH_s19_medium,15,144,19.8,-0.802354633808136,-0.9743520583297745
BH_s19_medium,15,145,19.833333333333332,-0.8481864333152771,-1.168414880096312
BH_s19_medium,15,146,19.866666666666667,-0.8524629473686218,-1.2995638577857629
BH_s19_medium,15,147,19.9,-0.9595391750335693,-1.3479907088308325
BH_s19_medium,15,148,19.933333333333334,-1.0122305154800415,-1.2968395587853383
BH_s19_medium,15,149,19.966666666666665,-0.749155580997467,-1.1354243998793496
BH_s19_medium,15,150,20.0,0.14693418145179749,-0.8634769816973801
BH_s19_medium,15,151,20.033333333333335,1.2675082683563232,-0.495652569563094
BH_s19_medium,15,152,20.066666666666666,1.9574743509292603,-0.06399661741558452
BH_s19_medium,15,153,20.1,1.7687535285949707,0.38443373678253107
BH_s19_medium,15,154,20.133333333333333,1.1497541666030884,0.7958892848005625
BH_s19_medium,15,155,20.166666666666668,0.5456762313842773,1.1220897155199636
BH_s19_medium,15,156,20.2,0.1371622383594513,1.331448696596439
BH_s19_medium,15,157,20.233333333333334,0.02671535313129425,1.414515887056506
BH_s19_medium,15,158,20.266666666666666,0.08139671385288239,1.3818082826933955
BH_s19_medium,15,159,20.3,0.16531141102313995,1.2560539947775484
BH_s19_medium,15,160,20.333333333333332,0.16381260752677917,1.0629299909796914
BH_s19_medium,15,161,20.366666666666667,0.032076068222522736,0.8241270841525347
BH_s19_medium,15,162,20.4,-0.23675772547721863,0.5548290626607951
BH_s19_medium,15,163,20.433333333333334,-0.5055915117263794,0.2653491760538393
BH_s19_medium,15,164,20.466666666666665,-0.7019431591033936,-0.03526434060575866
BH_s19_medium,15,165,20.5,-0.8090193271636963,-0.3362125089333225
BH_s19_medium,15,166,20.533333333333335,-0.8481864333152771,-0.6236883844924408
BH_s19_medium,15,167,20.566666666666666,-0.8591277003288269,-0.8809023319815457
BH_s19_medium,15,168,20.6,-0.9028677940368652,-1.088536943577772
BH_s19_medium,15,169,20.633333333333333,-0.9092360734939575,-1.2255441463742254
BH_s19_medium,15,170,20.666666666666668,-0.9575491547584534,-1.271044161758569
BH_s19_medium,15,171,20.7,-0.8410053253173828,-1.2081074881346836
BH_s19_medium,15,172,20.733333333333334,-0.1959400177001953,-1.0291894878424017
BH_s19_medium,15,173,20.766666666666666,0.8191583156585693,-0.7416982772662127
BH_s19_medium,15,174,20.8,1.7906862497329712,-0.3714374136176678
BH_s19_medium,15,175,20.833333333333332,1.9005831480026245,0.03852979059866737
BH_s19_medium,15,176,20.866666666666667,1.3968915939331055,0.43543671634241154
BH_s19_medium,15,177,20.9,0.699752926826477,0.7697997732145958
BH_s19_medium,15,178,20.933333333333334,0.19291917979717255,1.0082987681297084
BH_s19_medium,15,179,20.966666666666665,-0.011469226330518723,1.1394956910646086
BH_s19_medium,15,180,21.0,0.04383013769984245,1.1698610602883763
BH_s19_medium,15,181,21.033333333333335,0.20330120623111725,1.1140761159483696
BH_s19_medium,15,182,21.066666666666666,0.30012214183807373,0.9863219145612445
BH_s19_medium,15,183,21.1,0.18736368417739868,0.7969547220693223
BH_s19_medium,15,184,21.133333333333333,-0.05354079604148865,0.554145368102548
BH_s19_medium,15,185,21.166666666666668,-0.35030388832092285,0.26703912812791475
BH_s19_medium,15,186,21.2,-0.619137704372406,-0.051977257560120935
BH_s19_medium,15,187,21.233333333333334,-0.7587162256240845,-0.38596428447248743
BH_s19_medium,15,188,21.266666666666666,-0.8111110925674438,-0.7127518668037556
BH_s19_medium,15,189,21.3,-0.8481864333152771,-1.005420965326537
BH_s19_medium,15,190,21.333333333333332,-0.8612194061279297,-1.2345358286077308
BH_s19_medium,15,191,21.366666666666667,-0.9028677940368652,-1.371986014083582
BH_s19_medium,15,192,21.4,-0.8143463730812073,-1.395665393961859
BH_s19_medium,15,193,21.433333333333334,-0.19730345904827118,-1.2940026373669966
BH_s19_medium,15,194,21.466666666666665,0.8311243057250977,-1.0694075313496645
BH_s19_medium,15,195,21.5,1.839202642440796,-0.7396843152027546
BH_s19_medium,15,196,21.533333333333335,2.104607105255127,-0.3364434570661829
BH_s19_medium,15,197,21.566666666666666,1.6303099393844604,0.09969468129215511
BH_s19_medium,15,198,21.6,0.9878526926040649,0.5256415881092154
BH_s19_medium,15,199,21.633333333333333,0.3925311863422394,0.9017541769961078
BH_s19_medium,15,200,21.666666666666668,0.10106080025434494,1.1957723848645552
BH_s19_medium,15,201,21.7,0.08139671385288239,1.384980417304292
BH_s19_medium,15,202,21.733333333333334,0.17635437846183777,1.4571517082093317
BH_s19_medium,15,203,21.766666666666666,0.2454407960176468,1.4104026776496648
BH_s19_medium,15,204,21.8,0.15505613386631012,1.2519672079126951
BH_s19_medium,15,205,21.833333333333332,-0.040118224918842316,0.9962794284765644
BH_s19_medium,15,206,21.866666666666667,-0.3400822877883911,0.6631495740696125
BH_s19_medium,15,207,21.9,-0.5777857899665833,0.27673627679133594
BH_s19_medium,15,208,21.933333333333334,-0.7653809785842896,-0.134656632495499
BH_s19_medium,15,209,21.966666666666665,-0.8481864333152771,-0.5386638526337792
BH_s19_medium,15,210,22.0,-0.9028677940368652,-0.899755064272843
BH_s19_medium,15,211,22.033333333333335,-0.9028677940368652,-1.1816376608623675
BH_s19_medium,15,212,22.066666666666666,-0.9028677940368652,-1.3514175130028394
BH_s19_medium,15,213,22.1,-0.8726183176040649,-1.3851615962215815
BH_s19_medium,15,214,22.133333333333333,-0.34987276792526245,-1.2737273538533245
BH_s19_medium,15,215,22.166666666666668,0.6895979642868042,-1.0269497604740514
BH_s19_medium,15,216,22.2,1.8426406383514404,-0.6740005028026063
BH_s19_medium,15,217,22.233333333333334,2.372035026550293,-0.25872367973980687
BH_s19_medium,15,218,22.266666666666666,2.082453727722168,0.1689725272858452
BH_s19_medium,15,219,22.3,1.4414021968841553,0.5625310653567807
BH_s19_medium,15,220,22.333333333333332,0.9060211181640625,0.885580327676465
BH_s19_medium,15,221,22.366666666666667,0.5283495187759399,1.1145249052228925
BH_s19_medium,15,222,22.4,0.3602573275566101,1.2377527006509297
BH_s19_medium,15,223,22.433333333333334,0.35480350255966187,1.2536807976341287
BH_s19_medium,15,224,22.466666666666665,0.39945805072784424,1.1690743880180239
BH_s19_medium,15,225,22.5,0.31243547797203064,0.9974672025844052
BH_s19_medium,15,226,22.533333333333335,0.11059638112783432,0.7569089178035108
BH_s19_medium,15,227,22.566666666666666,-0.19603243470191956,0.4669700820379675
BH_s19_medium,15,228,22.6,-0.427071213722229,0.14608526312513906
BH_s19_medium,15,229,22.633333333333333,-0.6080016493797302,-0.18929170833662448
BH_s19_medium,15,230,22.666666666666668,-0.6841423511505127,-0.5231878586020605
BH_s19_medium,15,231,22.7,-0.7388237118721008,-0.8372467513197865
BH_s19_medium,15,232,22.733333333333334,-0.7651861906051636,-1.1084366946727942
BH_s19_medium,15,233,22.766666666666666,-0.793505072593689,-1.3092854136262313
BH_s19_medium,15,234,22.8,-0.8481864333152771,-1.4117211065985134
BH_s19_medium,15,235,22.833333333333332,-0.6959902048110962,-1.3938814103434436
BH_s19_medium,15,236,22.866666666666667,0.01761949434876442,-1.2472952074675205
BH_s19_medium,15,237,22.9,1.1205281019210815,-0.981169495149104
BH_s19_medium,15,238,22.933333333333334,2.1004996299743652,-0.6220021792442694
BH_s19_medium,15,239,22.966666666666665,2.2922616004943848,-0.20926055429252152
BH_s19_medium,16,0,16.0,-0.8481864333152771,-0.07565236971308822
BH_s19_medium,16,1,16.033333333333335,-0.8481864333152771,-0.3695058420240877
BH_s19_medium,16,2,16.066666666666666,-0.9028677940368652,-0.6643520004408151
BH_s19_medium,16,3,16.1,-0.57387375831604,-0.9561616933613157
BH_s19_medium,16,4,16.133333333333333,0.3337502181529999,-1.2293276294301914
BH_s19_medium,16,5,16.166666666666668,1.5925816297531128,-1.4570419181361864
BH_s19_medium,16,6,16.2,2.362236738204956,-1.6056535111918562
BH_s19_medium,16,7,16.233333333333334,2.293574333190918,-1.6416054710664925
BH_s19_medium,16,8,16.266666666666666,1.6909191608428955,-1.5393930575378583
BH_s19_medium,16,9,16.3,1.0484619140625,-1.289291036636913
BH_s19_medium,16,10,16.333333333333332,0.5991294980049133,-0.9038161141260892
BH_s19_medium,16,11,16.366666666666667,0.35821643471717834,-0.42093054629109655
BH_s19_medium,16,12,16.4,0.30012214183807373,0.0995841481677813
BH_s19_medium,16,13,16.433333333333334,0.375864714384079,0.5887210000881312
BH_s19_medium,16,14,16.466666666666665,0.39071017503738403,0.9861664253989989
BH_s19_medium,16,15,16.5,0.21246440708637238,1.255201051939432
BH_s19_medium,16,16,16.533333333333335,-0.015889713540673256,1.3878317126282291
BH_s19_medium,16,17,16.566666666666666,-0.32520318031311035,1.3992962015086408
BH_s19_medium,16,18,16.6,-0.5393555760383606,1.3162763029448332
BH_s19_medium,16,19,16.633333333333333,-0.6914845108985901,1.1649625948104887
BH_s19_medium,16,20,16.666666666666668,-0.793505072593689,0.9635105000883374
BH_s19_medium,16,21,16.7,-0.793505072593689,0.7203537009725847
BH_s19_medium,16,22,16.733333333333334,-0.793505072593689,0.43742380710774753
BH_s19_medium,16,23,16.766666666666666,-0.793505072593689,0.1161629135447282
BH_s19_medium,16,24,16.8,-0.8481864333152771,-0.2360422383635209
BH_s19_medium,16,25,16.833333333333332,-0.9028677940368652,-0.6010818433585718
BH_s19_medium,16,26,16.866666666666667,-0.5634151101112366,-0.9485019815480017
BH_s19_medium,16,27,16.9,0.3546674847602844,-1.2379001950313135
BH_s19_medium,16,28,16.933333333333334,1.5630009174346924,-1.4254755626447502
BH_s19_medium,16,29,16.966666666666665,2.315922260284424,-1.473792866781851
BH_s19_medium,16,30,17.0,2.175844669342041,-1.3623836687900077
BH_s19_medium,16,31,17.033333333333335,1.569006085395813,-1.0957182525007332
BH_s19_medium,16,32,17.066666666666666,0.9588477611541748,-0.7052324474297504
BH_s19_medium,16,33,17.1,0.5381729602813721,-0.24388801855312503
BH_s19_medium,16,34,17.133333333333333,0.35480350255966187,0.22533419745376793
BH_s19_medium,16,35,17.166666666666668,0.35480350255966187,0.6431408670161936
BH_s19_medium,16,36,17.2,0.4873191714286804,0.9653724203242972
BH_s19_medium,16,37,17.233333333333334,0.5735289454460144,1.1690962044805941
BH_s19_medium,16,38,17.266666666666666,0.42700639367103577,1.2526304107865291
BH_s19_medium,16,39,17.3,0.1965605467557907,1.230813780479492
BH_s19_medium,16,40,17.333333333333332,-0.11066118627786636,1.1276661732495128
BH_s19_medium,16,41,17.366666666666667,-0.37949496507644653,0.9685282556455905
BH_s19_medium,16,42,17.4,-0.5842134952545166,0.7735014313042414
BH_s19_medium,16,43,17.433333333333334,-0.6841423511505127,0.5536729548068147
BH_s19_medium,16,44,17.466666666666665,-0.6890032291412354,0.31104919430855305
BH_s19_medium,16,45,17.5,-0.6841423511505127,0.04228962909394173
BH_s19_medium,16,46,17.533333333333335,-0.6841423511505127,-0.25470131994610246
BH_s19_medium,16,47,17.566666666666666,-0.7368250489234924,-0.5733706708707648
BH_s19_medium,16,48,17.6,-0.7388237118721008,-0.893135910189235
BH_s19_medium,16,49,17.633333333333333,-0.44359374046325684,-1.178664332885684
BH_s19_medium,16,50,17.666666666666668,0.4391242563724518,-1.3849711565436096
BH_s19_medium,16,51,17.7,1.6103910207748413,-1.4673877273054683
BH_s19_medium,16,52,17.733333333333334,2.324289321899414,-1.3936946671361574
BH_s19_medium,16,53,17.766666666666666,2.2064414024353027,-1.154881763813057
BH_s19_medium,16,54,17.8,1.6111371517181396,-0.7712079238807295
BH_s19_medium,16,55,17.833333333333332,1.0374611616134644,-0.2912444191612086
BH_s19_medium,16,56,17.866666666666667,0.6412605047225952,0.21680810695868968
BH_s19_medium,16,57,17.9,0.4890299141407013,0.6799003381137175
BH_s19_medium,16,58,17.933333333333334,0.49169740080833435,1.0367564117903674
BH_s19_medium,16,59,17.966666666666665,0.5735289454460144,1.2508619716801976
BH_s19_medium,16,60,18.0,0.5276126265525818,1.315739482621959
BH_s19_medium,16,61,18.033333333333335,0.31346023082733154,1.251507163249886
BH_s19_medium,16,62,18.066666666666666,0.04462642967700958,1.0947036736517013
BH_s19_medium,16,63,18.1,-0.22420735657215118,0.8852222030370172
BH_s19_medium,16,64,18.133333333333333,-0.4245476722717285,0.6546423698356435
BH_s19_medium,16,65,18.166666666666668,-0.531623899936676,0.41946786893709176
BH_s19_medium,16,66,18.2,-0.5747796297073364,0.18111026538428363
BH_s19_medium,16,67,18.233333333333334,-0.5747796297073364,-0.06787773248361528
BH_s19_medium,16,68,18.266666666666666,-0.5747796297073364,-0.33422656006321033
BH_s19_medium,16,69,18.3,-0.5771592259407043,-0.6150701849344637
BH_s19_medium,16,70,18.333333333333332,-0.6295540928840637,-0.8929255080003177
BH_s19_medium,16,71,18.366666666666667,-0.6841423511505127,-1.1359010261134286
BH_s19_medium,16,72,18.4,-0.47885662317276,-1.3031124841269424
BH_s19_medium,16,73,18.433333333333334,0.3553535044193268,-1.3542332854166426
BH_s19_medium,16,74,18.466666666666665,1.5675740242004395,-1.260950146240562
BH_s19_medium,16,75,18.5,2.375998020172119,-1.0171424114477545
BH_s19_medium,16,76,18.533333333333335,2.364210367202759,-0.6444461669578254
BH_s19_medium,16,77,18.566666666666666,1.77854323387146,-0.1907030449287587
BH_s19_medium,16,78,18.6,1.2113373279571533,0.2793739176230056
BH_s19_medium,16,79,18.633333333333333,0.7443480491638184,0.699191405960289
BH_s19_medium,16,80,18.666666666666668,0.5416195392608643,1.015932822123473
BH_s19_medium,16,81,18.7,0.5188475847244263,1.2011736411892426
BH_s19_medium,16,82,18.733333333333334,0.5461840033531189,1.253287420418193
BH_s19_medium,16,83,18.766666666666666,0.5484790802001953,1.1921649995870063
BH_s19_medium,16,84,18.8,0.36395812034606934,1.0490825726547044
BH_s19_medium,16,85,18.833333333333332,0.1498056948184967,0.8554209632264239
BH_s19_medium,16,86,18.866666666666667,-0.13721846044063568,0.6340635333416871
BH_s19_medium,16,87,18.9,-0.38786187767982483,0.39623068754579815
BH_s19_medium,16,88,18.933333333333334,-0.5337156057357788,0.1440425088179392
BH_s19_medium,16,89,18.966666666666665,-0.5747796297073364,-0.12329632457865536
BH_s19_medium,16,90,19.0,-0.5747796297073364,-0.40263519975013395
BH_s19_medium,16,91,19.033333333333335,-0.5815374255180359,-0.6817204009905106
BH_s19_medium,16,92,19.066666666666666,-0.6294609904289246,-0.9371250669480214
BH_s19_medium,16,93,19.1,-0.6841423511505127,-1.1359165612369262
BH_s19_medium,16,94,19.133333333333333,-0.738722026348114,-1.2412948791350158
BH_s19_medium,16,95,19.166666666666668,-0.7412118911743164,-1.221691110517935
BH_s19_medium,16,96,19.2,-0.17005158960819244,-1.0613399526285348
BH_s19_medium,16,97,19.233333333333334,0.8797252774238586,-0.7688162715339583
BH_s19_medium,16,98,19.266666666666666,1.9666963815689087,-0.3796296346190173
BH_s19_medium,16,99,19.3,2.268651247024536,0.04948192068777416
BH_s19_medium,16,100,19.333333333333332,1.8047618865966797,0.4536534190783559
BH_s19_medium,16,101,19.366666666666667,1.1623045206069946,0.7761188776072805
BH_s19_medium,16,102,19.4,0.6833915114402771,0.9817034906158866
BH_s19_medium,16,103,19.433333333333334,0.3961639702320099,1.0627979695162708
BH_s19_medium,16,104,19.466666666666665,0.35480350255966187,1.0362945721439698
BH_s19_medium,16,105,19.5,0.4389129877090454,0.9336475661925543
BH_s19_medium,16,106,19.533333333333335,0.4913078546524048,0.7884858229507062
BH_s19_medium,16,107,19.566666666666666,0.4144560396671295,0.6263613533578456
BH_s19_medium,16,108,19.6,0.14562223851680756,0.4596229031440335
BH_s19_medium,16,109,19.633333333333333,-0.1434936374425888,0.28804869837418595
BH_s19_medium,16,110,19.666666666666668,-0.4467267096042633,0.1038430142373385
BH_s19_medium,16,111,19.7,-0.5904886722564697,-0.10141512049792019
BH_s19_medium,16,112,19.733333333333334,-0.6975648999214172,-0.33021624509852665
BH_s19_medium,16,113,19.766666666666666,-0.793505072593689,-0.5747032204079395
BH_s19_medium,16,114,19.8,-0.802354633808136,-0.8155013886925429
BH_s19_medium,16,115,19.833333333333332,-0.8481864333152771,-1.0240974955830202
BH_s19_medium,16,116,19.866666666666667,-0.8524629473686218,-1.167994718735144
BH_s19_medium,16,117,19.9,-0.9595391750335693,-1.217147918803748
BH_s19_medium,16,118,19.933333333333334,-1.0122305154800415,-1.1503116817875365
BH_s19_medium,16,119,19.966666666666665,-0.749155580997467,-0.960491348901638
BH_s19_medium,16,120,20.0,0.14693418145179749,-0.6589212916373643
BH_s19_medium,16,121,20.033333333333335,1.2675082683563232,-0.2765384867952519
BH_s19_medium,16,122,20.066666666666666,1.9574743509292603,0.1387738987371809
BH_s19_medium,16,123,20.1,1.7687535285949707,0.5304893648641402
BH_s19_medium,16,124,20.133333333333333,1.1497541666030884,0.8463224210254265
BH_s19_medium,16,125,20.166666666666668,0.5456762313842773,1.051648584101338
BH_s19_medium,16,126,20.2,0.1371622383594513,1.1376843271984924
BH_s19_medium,16,127,20.233333333333334,0.02671535313129425,1.1202388835298513
BH_s19_medium,16,128,20.266666666666666,0.08139671385288239,1.029652590509956
BH_s19_medium,16,129,20.3,0.16531141102313995,0.8972253427986396
BH_s19_medium,16,130,20.333333333333332,0.16381260752677917,0.7446273296533027
BH_s19_medium,16,131,20.366666666666667,0.032076068222522736,0.5802431954695436
BH_s19_medium,16,132,20.4,-0.23675772547721863,0.40221459897073214
BH_s19_medium,16,133,20.433333333333334,-0.5055915117263794,0.2048586583752393
BH_s19_medium,16,134,20.466666666666665,-0.7019431591033936,-0.015205117881721696
BH_s19_medium,16,135,20.5,-0.8090193271636963,-0.25523421980497524
BH_s19_medium,16,136,20.533333333333335,-0.8481864333152771,-0.5049855075749793
BH_s19_medium,16,137,20.566666666666666,-0.8591277003288269,-0.7469285001771551
BH_s19_medium,16,138,20.6,-0.9028677940368652,-0.9573359604980647
BH_s19_medium,16,139,20.633333333333333,-0.9092360734939575,-1.1083190583320466
BH_s19_medium,16,140,20.666666666666668,-0.9575491547584534,-1.1714892722607337
BH_s19_medium,16,141,20.7,-0.8410053253173828,-1.123746911749572
BH_s19_medium,16,142,20.733333333333334,-0.1959400177001953,-0.9546035363334959
BH_s19_medium,16,143,20.766666666666666,0.8191583156585693,-0.672997628259545
BH_s19_medium,16,144,20.8,1.7906862497329712,-0.3105654067419264
BH_s19_medium,16,145,20.833333333333332,1.9005831480026245,0.08167967493833823
BH_s19_medium,16,146,20.866666666666667,1.3968915939331055,0.4447270538534446
BH_s19_medium,16,147,20.9,0.699752926826477,0.7284780302153233
BH_s19_medium,16,148,20.933333333333334,0.19291917979717255,0.9066320069550546
BH_s19_medium,16,149,20.966666666666665,-0.011469226330518723,0.981129879869111
BH_s19_medium,16,150,21.0,0.04383013769984245,0.9738173971987701
BH_s19_medium,16,151,21.033333333333335,0.20330120623111725,0.9110952346652075
BH_s19_medium,16,152,21.066666666666666,0.30012214183807373,0.810788918490472
BH_s19_medium,16,153,21.1,0.18736368417739868,0.6776122594527375
BH_s19_medium,16,154,21.133333333333333,-0.05354079604148865,0.5072196578630267
BH_s19_medium,16,155,21.166666666666668,-0.35030388832092285,0.2940842731058608
BH_s19_medium,16,156,21.2,-0.619137704372406,0.03847880148708249
BH_s19_medium,16,157,21.233333333333334,-0.7587162256240845,-0.24952770557888068
BH_s19_medium,16,158,21.266666666666666,-0.8111110925674438,-0.5493782416268662
BH_s19_medium,16,159,21.3,-0.8481864333152771,-0.8323095887252596
BH_s19_medium,16,160,21.333333333333332,-0.8612194061279297,-1.0656907882890436
BH_s19_medium,16,161,21.366666666666667,-0.9028677940368652,-1.2181683940753454
BH_s19_medium,16,162,21.4,-0.8143463730812073,-1.264697461844504
BH_s19_medium,16,163,21.433333333333334,-0.19730345904827118,-1.1910167858599683
BH_s19_medium,16,164,21.466666666666665,0.8311243057250977,-0.9971032761792422
BH_s19_medium,16,165,21.5,1.839202642440796,-0.6986523009231641
BH_s19_medium,16,166,21.533333333333335,2.104607105255127,-0.32537059054109985
BH_s19_medium,16,167,21.566666666666666,1.6303099393844604,0.08415927488387469
BH_s19_medium,16,168,21.6,0.9878526926040649,0.48920734345693184
BH_s19_medium,16,169,21.633333333333333,0.3925311863422394,0.8524416751382332
BH_s19_medium,16,170,21.666666666666668,0.10106080025434494,1.1431017132468821
BH_s19_medium,16,171,21.7,0.08139671385288239,1.338633756959462
BH_s19_medium,16,172,21.733333333333334,0.17635437846183777,1.4257465076477225
BH_s19_medium,16,173,21.766666666666666,0.2454407960176468,1.4008088471089055
BH_s19_medium,16,174,21.8,0.15505613386631012,1.2690836005409103
BH_s19_medium,16,175,21.833333333333332,-0.040118224918842316,1.0427957199462814
BH_s19_medium,16,176,21.866666666666667,-0.3400822877883911,0.7388249909962603
BH_s19_medium,16,177,21.9,-0.5777857899665833,0.37716027753339293
BH_s19_medium,16,178,21.933333333333334,-0.7653809785842896,-0.01921939452623412
BH_s19_medium,16,179,21.966666666666665,-0.8481864333152771,-0.4233746096458272
BH_s19_medium,16,180,22.0,-0.9028677940368652,-0.8035914376849004
BH_s19_medium,16,181,22.033333333333335,-0.9028677940368652,-1.1242581975120804
BH_s19_medium,16,182,22.066666666666666,-0.9028677940368652,-1.3494354028837736
BH_s19_medium,16,183,22.1,-0.8726183176040649,-1.4489953923400862
BH_s19_medium,16,184,22.133333333333333,-0.34987276792526245,-1.4059367437867838
BH_s19_medium,16,185,22.166666666666668,0.6895979642868042,-1.2224629374079923
BH_s19_medium,16,186,22.2,1.8426406383514404,-0.9220994580778287
BH_s19_medium,16,187,22.233333333333334,2.372035026550293,-0.5460290877483096
BH_s19_medium,16,188,22.266666666666666,2.082453727722168,-0.14401813233928645
BH_s19_medium,16,189,22.3,1.4414021968841553,0.23702839207825643
BH_s19_medium,16,190,22.333333333333332,0.9060211181640625,0.5622058478574109
BH_s19_medium,16,191,22.366666666666667,0.5283495187759399,0.8118223026019972
BH_s19_medium,16,192,22.4,0.3602573275566101,0.978743890848962
BH_s19_medium,16,193,22.433333333333334,0.35480350255966187,1.06314631864899
BH_s19_medium,16,194,22.466666666666665,0.39945805072784424,1.0680470319154136
BH_s19_medium,16,195,22.5,0.31243547797203064,0.9970670990831471
BH_s19_medium,16,196,22.533333333333335,0.11059638112783432,0.8542492903920185
BH_s19_medium,16,197,22.566666666666666,-0.19603243470191956,0.6450933790149549
BH_s19_medium,16,198,22.6,-0.427071213722229,0.3779244227456431
BH_s19_medium,16,199,22.633333333333333,-0.6080016493797302,0.06506768750254217
BH_s19_medium,16,200,22.666666666666668,-0.6841423511505127,-0.27618799398901894
BH_s19_medium,16,201,22.7,-0.7388237118721008,-0.6226693994196145
BH_s19_medium,16,202,22.733333333333334,-0.7651861906051636,-0.9446953678891831
BH_s19_medium,16,203,22.766666666666666,-0.793505072593689,-1.2068129975013315
BH_s19_medium,16,204,22.8,-0.8481864333152771,-1.3714178161129371
BH_s19_medium,16,205,22.833333333333332,-0.6959902048110962,-1.4059073834530198
BH_s19_medium,16,206,22.866666666666667,0.01761949434876442,-1.291757024024976
BH_s19_medium,16,207,22.9,1.1205281019210815,-1.0319975362485392
BH_s19_medium,16,208,22.933333333333334,2.1004996299743652,-0.653691420147717
BH_s19_medium,16,209,22.966666666666665,2.2922616004943848,-0.20389308401579356
BH_s19_medium,16,210,23.0,1.845529317855835,0.25999043173992703
BH_s19_medium,16,211,23.033333333333335,1.3101483583450317,0.68248601410542
BH_s19_medium,16,212,23.066666666666666,0.8364434838294983,1.0210418297842443
BH_s19_medium,16,213,23.1,0.5176366567611694,1.2522799410753347
BH_s19_medium,16,214,23.133333333333333,0.4105604588985443,1.372013463649223
BH_s19_medium,16,215,23.166666666666668,0.35480350255966187,1.3900101491024477
BH_s19_medium,16,216,23.2,0.3604521155357361,1.3223558931217712
BH_s19_medium,16,217,23.233333333333334,0.26131099462509155,1.1846879056687565
BH_s19_medium,16,218,23.266666666666666,0.09161831438541412,0.9884878754817401
BH_s19_medium,16,219,23.3,-0.1669938713312149,0.7410407457920779
BH_s19_medium,16,220,23.333333333333332,-0.38114631175994873,0.4485132005913542
BH_s19_medium,16,221,23.366666666666667,-0.5576984882354736,0.12078231072076803
BH_s19_medium,16,222,23.4,-0.6647747159004211,-0.22411209546653588
BH_s19_medium,16,223,23.433333333333334,-0.6841423511505127,-0.5581899657050815
BH_s19_medium,16,224,23.466666666666665,-0.714883029460907,-0.845811443239392
BH_s19_medium,16,225,23.5,-0.7672778964042664,-1.0497622983316313
BH_s19_medium,16,226,23.533333333333335,-0.793505072593689,-1.1393793609873242
BH_s19_medium,16,227,23.566666666666666,-0.5408551096916199,-1.098315817540803
BH_s19_medium,16,228,23.6,0.2757490277290344,-0.9299204241141946
BH_s19_medium,16,229,23.633333333333333,1.3134244680404663,-0.6587987680112595
BH_s19_medium,16,230,23.666666666666668,2.0839691162109375,-0.3274690078212608
BH_s19_medium,16,231,23.7,2.045666217803955,0.011992094418777353
BH_s19_medium,16,232,23.733333333333334,1.5377827882766724,0.3092813868806737
BH_s19_medium,16,233,23.766666666666666,1.025012493133545,0.5263286722214081
BH_s19_medium,16,234,23.8,0.6124590039253235,0.6432218114136766
BH_s19_medium,16,235,23.833333333333332,0.40389570593833923,0.6581347015667897
BH_s19_medium,16,236,23.866666666666667,0.35480350255966187,0.5826661558068258
BH_s19_medium,16,237,23.9,0.40948486328125,0.4357100212713165
BH_s19_medium,16,238,23.933333333333334,0.35607388615608215,0.23857471153074977
BH_s19_medium,16,239,23.966666666666665,0.19787316024303436,0.012503796236547446
BH_s19_medium,17,0,17.0,2.175844669342041,0.12626923632401552
BH_s19_medium,17,1,17.033333333333335,1.569006085395813,0.3364378961196951
BH_s19_medium,17,2,17.066666666666666,0.9588477611541748,0.5698155207170136
BH_s19_medium,17,3,17.1,0.5381729602813721,0.8337821586698141
BH_s19_medium,17,4,17.133333333333333,0.35480350255966187,1.110203308127704
BH_s19_medium,17,5,17.166666666666668,0.35480350255966187,1.360739726256785
BH_s19_medium,17,6,17.2,0.4873191714286804,1.5417080811957842
BH_s19_medium,17,7,17.233333333333334,0.5735289454460144,1.6198889806997505
BH_s19_medium,17,8,17.266666666666666,0.42700639367103577,1.5822105974632545
BH_s19_medium,17,9,17.3,0.1965605467557907,1.4371489050736805
BH_s19_medium,17,10,17.333333333333332,-0.11066118627786636,1.209350207863288
BH_s19_medium,17,11,17.366666666666667,-0.37949496507644653,0.9305065965330293
BH_s19_medium,17,12,17.4,-0.5842134952545166,0.6299211514471933
BH_s19_medium,17,13,17.433333333333334,-0.6841423511505127,0.3278081853554975
BH_s19_medium,17,14,17.466666666666665,-0.6890032291412354,0.03316652285789546
BH_s19_medium,17,15,17.5,-0.6841423511505127,-0.2536770910537329
BH_s19_medium,17,16,17.533333333333335,-0.6841423511505127,-0.5354412009988133
BH_s19_medium,17,17,17.566666666666666,-0.7368250489234924,-0.8115848239381375
BH_s19_medium,17,18,17.6,-0.7388237118721008,-1.0733772014056528
BH_s19_medium,17,19,17.633333333333333,-0.44359374046325684,-1.3016162055350773
BH_s19_medium,17,20,17.666666666666668,0.4391242563724518,-1.4678006681098081
BH_s19_medium,17,21,17.7,1.6103910207748413,-1.539125492446174
BH_s19_medium,17,22,17.733333333333334,2.324289321899414,-1.4867469550561505
BH_s19_medium,17,23,17.766666666666666,2.2064414024353027,-1.2955017375273257
BH_s19_medium,17,24,17.8,1.6111371517181396,-0.9721788105158415
BH_s19_medium,17,25,17.833333333333332,1.0374611616134644,-0.5489890050439286
BH_s19_medium,17,26,17.866666666666667,0.6412605047225952,-0.07958270794956684
BH_s19_medium,17,27,17.9,0.4890299141407013,0.37253086686771486
BH_s19_medium,17,28,17.933333333333334,0.49169740080833435,0.749554110497233
BH_s19_medium,17,29,17.966666666666665,0.5735289454460144,1.01293334307824
BH_s19_medium,17,30,18.0,0.5276126265525818,1.1497972281963271
BH_s19_medium,17,31,18.033333333333335,0.31346023082733154,1.1706799826937115
BH_s19_medium,17,32,18.066666666666666,0.04462642967700958,1.1005277593771723
BH_s19_medium,17,33,18.1,-0.22420735657215118,0.9672364332764037
BH_s19_medium,17,34,18.133333333333333,-0.4245476722717285,0.7922518134709772
BH_s19_medium,17,35,18.166666666666668,-0.531623899936676,0.5863170882694904
BH_s19_medium,17,36,18.2,-0.5747796297073364,0.35108645516248393
BH_s19_medium,17,37,18.233333333333334,-0.5747796297073364,0.08505221274052457
BH_s19_medium,17,38,18.266666666666666,-0.5747796297073364,-0.20911529861572797
BH_s19_medium,17,39,18.3,-0.5771592259407043,-0.5187908100148184
BH_s19_medium,17,40,18.333333333333332,-0.6295540928840637,-0.8191708638738898
BH_s19_medium,17,41,18.366666666666667,-0.6841423511505127,-1.0752488614676399
BH_s19_medium,17,42,18.4,-0.47885662317276,-1.247550638357288
BH_s19_medium,17,43,18.433333333333334,0.3553535044193268,-1.300444553952617
BH_s19_medium,17,44,18.466666666666665,1.5675740242004395,-1.2112546652898666
BH_s19_medium,17,45,18.5,2.375998020172119,-0.9779716414247441
BH_s19_medium,17,46,18.533333333333335,2.364210367202759,-0.6232171199276961
BH_s19_medium,17,47,18.566666666666666,1.77854323387146,-0.19245874042097644
BH_s19_medium,17,48,18.6,1.2113373279571533,0.2543791426508267
BH_s19_medium,17,49,18.633333333333333,0.7443480491638184,0.6563816462197416
BH_s19_medium,17,50,18.666666666666668,0.5416195392608643,0.9657250799924114
BH_s19_medium,17,51,18.7,0.5188475847244263,1.1569771536733777
BH_s19_medium,17,52,18.733333333333334,0.5461840033531189,1.2287187601562217
BH_s19_medium,17,53,18.766666666666666,0.5484790802001953,1.198234064853243
BH_s19_medium,17,54,18.8,0.36395812034606934,1.0920390944159875
BH_s19_medium,17,55,18.833333333333332,0.1498056948184967,0.9355630019586372
BH_s19_medium,17,56,18.866666666666667,-0.13721846044063568,0.7454036478614785
BH_s19_medium,17,57,18.9,-0.38786187767982483,0.5268800888846279
BH_s19_medium,17,58,18.933333333333334,-0.5337156057357788,0.27756995292716213
BH_s19_medium,17,59,18.966666666666665,-0.5747796297073364,-0.005100336746892832
BH_s19_medium,17,60,19.0,-0.5747796297073364,-0.31594418729801577
BH_s19_medium,17,61,19.033333333333335,-0.5815374255180359,-0.6373392369805383
BH_s19_medium,17,62,19.066666666666666,-0.6294609904289246,-0.9392732001322307
BH_s19_medium,17,63,19.1,-0.6841423511505127,-1.1834871405447327
BH_s19_medium,17,64,19.133333333333333,-0.738722026348114,-1.3304575594457257
BH_s19_medium,17,65,19.166666666666668,-0.7412118911743164,-1.3480373226892435
BH_s19_medium,17,66,19.2,-0.17005158960819244,-1.2201401660545659
BH_s19_medium,17,67,19.233333333333334,0.8797252774238586,-0.9531884103557396
BH_s19_medium,17,68,19.266666666666666,1.9666963815689087,-0.5780151225536458
BH_s19_medium,17,69,19.3,2.268651247024536,-0.1457461728674165
BH_s19_medium,17,70,19.333333333333332,1.8047618865966797,0.2822617736232855
BH_s19_medium,17,71,19.366666666666667,1.1623045206069946,0.648237079536106
BH_s19_medium,17,72,19.4,0.6833915114402771,0.9113259973514513
BH_s19_medium,17,73,19.433333333333334,0.3961639702320099,1.0556116851938147
BH_s19_medium,17,74,19.466666666666665,0.35480350255966187,1.0897787194535793
BH_s19_medium,17,75,19.5,0.4389129877090454,1.0388986205008202
BH_s19_medium,17,76,19.533333333333335,0.4913078546524048,0.9322957407055997
BH_s19_medium,17,77,19.566666666666666,0.4144560396671295,0.792926694027819
BH_s19_medium,17,78,19.6,0.14562223851680756,0.6322704422247925
BH_s19_medium,17,79,19.633333333333333,-0.1434936374425888,0.45150962246055265
BH_s19_medium,17,80,19.666666666666668,-0.4467267096042633,0.2468336774055015
BH_s19_medium,17,81,19.7,-0.5904886722564697,0.015580272770391899
BH_s19_medium,17,82,19.733333333333334,-0.6975648999214172,-0.2391200575273137
BH_s19_medium,17,83,19.766666666666666,-0.793505072593689,-0.5059881616125175
BH_s19_medium,17,84,19.8,-0.802354633808136,-0.7656012999050307
BH_s19_medium,17,85,19.833333333333332,-0.8481864333152771,-0.9926535170695915
BH_s19_medium,17,86,19.866666666666667,-0.8524629473686218,-1.1599455604937747
BH_s19_medium,17,87,19.9,-0.9595391750335693,-1.2430272168056526
BH_s19_medium,17,88,19.933333333333334,-1.0122305154800415,-1.2242744830149155
BH_s19_medium,17,89,19.966666666666665,-0.749155580997467,-1.0957407643564854
BH_s19_medium,17,90,20.0,0.14693418145179749,-0.8610432513998162
BH_s19_medium,17,91,20.033333333333335,1.2675082683563232,-0.5367688035423749
BH_s19_medium,17,92,20.066666666666666,1.9574743509292603,-0.1528785090235037
BH_s19_medium,17,93,20.1,1.7687535285949707,0.2495833341315937
BH_s19_medium,17,94,20.133333333333333,1.1497541666030884,0.6249536333349658
BH_s19_medium,17,95,20.166666666666668,0.5456762313842773,0.9327443755382929
BH_s19_medium,17,96,20.2,0.1371622383594513,1.146694877027305
BH_s19_medium,17,97,20.233333333333334,0.02671535313129425,1.2582737280317629
BH_s19_medium,17,98,20.266666666666666,0.08139671385288239,1.2732814642179218
BH_s19_medium,17,99,20.3,0.16531141102313995,1.2046183403963258
BH_s19_medium,17,100,20.333333333333332,0.16381260752677917,1.0657184678512828
BH_s19_medium,17,101,20.366666666666667,0.032076068222522736,0.8675193051797158
BH_s19_medium,17,102,20.4,-0.23675772547721863,0.6191846186964278
BH_s19_medium,17,103,20.433333333333334,-0.5055915117263794,0.33082998847633543
BH_s19_medium,17,104,20.466666666666665,-0.7019431591033936,0.016026846453154327
BH_s19_medium,17,105,20.5,-0.8090193271636963,-0.3073231413666947
BH_s19_medium,17,106,20.533333333333335,-0.8481864333152771,-0.6178564646140658
BH_s19_medium,17,107,20.566666666666666,-0.8591277003288269,-0.8925147748438351
BH_s19_medium,17,108,20.6,-0.9028677940368652,-1.108242303060431
BH_s19_medium,17,109,20.633333333333333,-0.9092360734939575,-1.2433356023201694
BH_s19_medium,17,110,20.666666666666668,-0.9575491547584534,-1.2791121195974509
BH_s19_medium,17,111,20.7,-0.8410053253173828,-1.20283465592597
BH_s19_medium,17,112,20.733333333333334,-0.1959400177001953,-1.011961329218274
BH_s19_medium,17,113,20.766666666666666,0.8191583156585693,-0.7184444706933577
BH_s19_medium,17,114,20.8,1.7906862497329712,-0.3509220228468442
BH_s19_medium,17,115,20.833333333333332,1.9005831480026245,0.04747779965069139
BH_s19_medium,17,116,20.866666666666667,1.3968915939331055,0.42706642945776
BH_s19_medium,17,117,20.9,0.699752926826477,0.7437488690749344
BH_s19_medium,17,118,20.933333333333334,0.19291917979717255,0.9699651715937144
BH_s19_medium,17,119,20.966666666666665,-0.011469226330518723,1.0981749031081343
BH_s19_medium,17,120,21.0,0.04383013769984245,1.135321644932835
BH_s19_medium,17,121,21.033333333333335,0.20330120623111725,1.0929197491333356
BH_s19_medium,17,122,21.066666666666666,0.30012214183807373,0.97971741931249
BH_s19_medium,17,123,21.1,0.18736368417739868,0.800933348105961
BH_s19_medium,17,124,21.133333333333333,-0.05354079604148865,0.5624474152687177
BH_s19_medium,17,125,21.166666666666668,-0.35030388832092285,0.27504753772675716
BH_s19_medium,17,126,21.2,-0.619137704372406,-0.044370513163990294
BH_s19_medium,17,127,21.233333333333334,-0.7587162256240845,-0.37411464980417103
BH_s19_medium,17,128,21.266666666666666,-0.8111110925674438,-0.6896914340140665
BH_s19_medium,17,129,21.3,-0.8481864333152771,-0.9655554721144303
BH_s19_medium,17,130,21.333333333333332,-0.8612194061279297,-1.1766997480456767
BH_s19_medium,17,131,21.366666666666667,-0.9028677940368652,-1.3005220063411853
BH_s19_medium,17,132,21.4,-0.8143463730812073,-1.3192467287954384
BH_s19_medium,17,133,21.433333333333334,-0.19730345904827118,-1.222853402567169
BH_s19_medium,17,134,21.466666666666665,0.8311243057250977,-1.0121323031240426
BH_s19_medium,17,135,21.5,1.839202642440796,-0.700949230554678
BH_s19_medium,17,136,21.533333333333335,2.104607105255127,-0.3162149881915748
BH_s19_medium,17,137,21.566666666666666,1.6303099393844604,0.10546039197799745
BH_s19_medium,17,138,21.6,0.9878526926040649,0.5235477088810541
BH_s19_medium,17,139,21.633333333333333,0.3925311863422394,0.899465915769455
BH_s19_medium,17,140,21.666666666666668,0.10106080025434494,1.2007511754045164
BH_s19_medium,17,141,21.7,0.08139671385288239,1.4032948845172928
BH_s19_medium,17,142,21.733333333333334,0.17635437846183777,1.4922486027346222
BH_s19_medium,17,143,21.766666666666666,0.2454407960176468,1.462111260605711
BH_s19_medium,17,144,21.8,0.15505613386631012,1.3161828514890583
BH_s19_medium,17,145,21.833333333333332,-0.040118224918842316,1.0654851725614773
BH_s19_medium,17,146,21.866666666666667,-0.3400822877883911,0.7274874254734608
BH_s19_medium,17,147,21.9,-0.5777857899665833,0.3251279999393854
BH_s19_medium,17,148,21.933333333333334,-0.7653809785842896,-0.11365405264591348
BH_s19_medium,17,149,21.966666666666665,-0.8481864333152771,-0.5561491426934795
BH_s19_medium,17,150,22.0,-0.9028677940368652,-0.9654678384690913
BH_s19_medium,17,151,22.033333333333335,-0.9028677940368652,-1.3022415014794173
BH_s19_medium,17,152,22.066666666666666,-0.9028677940368652,-1.5281625529191876
BH_s19_medium,17,153,22.1,-0.8726183176040649,-1.6116281962643393
BH_s19_medium,17,154,22.133333333333333,-0.34987276792526245,-1.53471601731108
BH_s19_medium,17,155,22.166666666666668,0.6895979642868042,-1.299547490780653
BH_s19_medium,17,156,22.2,1.8426406383514404,-0.9314431681864196
BH_s19_medium,17,157,22.233333333333334,2.372035026550293,-0.4765816826127871
BH_s19_medium,17,158,22.266666666666666,2.082453727722168,0.006604732636917966
BH_s19_medium,17,159,22.3,1.4414021968841553,0.4602536523923355
BH_s19_medium,17,160,22.333333333333332,0.9060211181640625,0.83911423718518
BH_s19_medium,17,161,22.366666666666667,0.5283495187759399,1.1166192273737496
BH_s19_medium,17,162,22.4,0.3602573275566101,1.2835833723339278
BH_s19_medium,17,163,22.433333333333334,0.35480350255966187,1.3424970459017198
BH_s19_medium,17,164,22.466666666666665,0.39945805072784424,1.3015970120801708
BH_s19_medium,17,165,22.5,0.31243547797203064,1.1711870672492846
BH_s19_medium,17,166,22.533333333333335,0.11059638112783432,0.9623666574686895
BH_s19_medium,17,167,22.566666666666666,-0.19603243470191956,0.6871157961490275
BH_s19_medium,17,168,22.6,-0.427071213722229,0.358951606676119
BH_s19_medium,17,169,22.633333333333333,-0.6080016493797302,-0.005985117584067739
BH_s19_medium,17,170,22.666666666666668,-0.6841423511505127,-0.3876067721592941
BH_s19_medium,17,171,22.7,-0.7388237118721008,-0.7608559683161176
BH_s19_medium,17,172,22.733333333333334,-0.7651861906051636,-1.0954918727063554
BH_s19_medium,17,173,22.766666666666666,-0.793505072593689,-1.357198547879174
BH_s19_medium,17,174,22.8,-0.8481864333152771,-1.5108602979018255
BH_s19_medium,17,175,22.833333333333332,-0.6959902048110962,-1.5265886787767922
BH_s19_medium,17,176,22.866666666666667,0.01761949434876442,-1.3875973858722312
BH_s19_medium,17,177,22.9,1.1205281019210815,-1.097372586989658
BH_s19_medium,17,178,22.933333333333334,2.1004996299743652,-0.6831529362579578
BH_s19_medium,17,179,22.966666666666665,2.2922616004943848,-0.1936506151231838
BH_s19_medium,17,180,23.0,1.845529317855835,0.30929979330779056
BH_s19_medium,17,181,23.033333333333335,1.3101483583450317,0.7632605357548203
BH_s19_medium,17,182,23.066666666666666,0.8364434838294983,1.1179725951773503
BH_s19_medium,17,183,23.1,0.5176366567611694,1.3440131969397522
BH_s19_medium,17,184,23.133333333333333,0.4105604588985443,1.4346775809592027
BH_s19_medium,17,185,23.166666666666668,0.35480350255966187,1.401390672531726
BH_s19_medium,17,186,23.2,0.3604521155357361,1.2654557270491622
BH_s19_medium,17,187,23.233333333333334,0.26131099462509155,1.0498700643964027
BH_s19_medium,17,188,23.266666666666666,0.09161831438541412,0.77410737006983
BH_s19_medium,17,189,23.3,-0.1669938713312149,0.45302073277895044
BH_s19_medium,17,190,23.333333333333332,-0.38114631175994873,0.09937677733694233
BH_s19_medium,17,191,23.366666666666667,-0.5576984882354736,-0.271640346484345
BH_s19_medium,17,192,23.4,-0.6647747159004211,-0.6382603669928822
BH_s19_medium,17,193,23.433333333333334,-0.6841423511505127,-0.9705282048945543
BH_s19_medium,17,194,23.466666666666665,-0.714883029460907,-1.2326081564971751
BH_s19_medium,17,195,23.5,-0.7672778964042664,-1.3887956193462219
BH_s19_medium,17,196,23.533333333333335,-0.793505072593689,-1.4114476883115161
BH_s19_medium,17,197,23.566666666666666,-0.5408551096916199,-1.288222725019475
BH_s19_medium,17,198,23.6,0.2757490277290344,-1.0263978915744416
BH_s19_medium,17,199,23.633333333333333,1.3134244680404663,-0.6530748407555673
BH_s19_medium,17,200,23.666666666666668,2.0839691162109375,-0.21110274313445676
BH_s19_medium,17,201,23.7,2.045666217803955,0.24846930177695326
BH_s19_medium,17,202,23.733333333333334,1.5377827882766724,0.6755486756743883
BH_s19_medium,17,203,23.766666666666666,1.025012493133545,1.0291788069527417
BH_s19_medium,17,204,23.8,0.6124590039253235,1.2823390564079125
BH_s19_medium,17,205,23.833333333333332,0.40389570593833923,1.422369522835259
BH_s19_medium,17,206,23.866666666666667,0.35480350255966187,1.4481446428124705
BH_s19_medium,17,207,23.9,0.40948486328125,1.366340958719245
BH_s19_medium,17,208,23.933333333333334,0.35607388615608215,1.1884817876423457
BH_s19_medium,17,209,23.966666666666665,0.19787316024303436,0.9290180962819535
BH_s19_medium,17,210,24.0,-0.016279270872473717,0.6040718772047896
BH_s19_medium,17,211,24.033333333333335,-0.28511306643486023,0.23078236984533754
BH_s19_medium,17,212,24.066666666666666,-0.5096818804740906,-0.17232873225064668
BH_s19_medium,17,213,24.1,-0.6714394688606262,-0.5837932945558679
BH_s19_medium,17,214,24.133333333333333,-0.7238342761993408,-0.9773440440081301
BH_s19_medium,17,215,24.166666666666668,-0.7762291431427002,-1.3215271309182768
BH_s19_medium,17,216,24.2,-0.8286240100860596,-1.5820972081103772
BH_s19_medium,17,217,24.233333333333334,-0.8481864333152771,-1.7271256977319407
BH_s19_medium,17,218,24.266666666666666,-0.6713212728500366,-1.7334421764208836
BH_s19_medium,17,219,24.3,0.03406543284654617,-1.5925789017934902
BH_s19_medium,17,220,24.333333333333332,0.9973023533821106,-1.3148160222952412
BH_s19_medium,17,221,24.366666666666667,1.785588264465332,-0.9302617046603638
BH_s19_medium,17,222,24.4,1.8763631582260132,-0.4857085758168882
BH_s19_medium,17,223,24.433333333333334,1.462226390838623,-0.036611947565601786
BH_s19_medium,17,224,24.466666666666665,0.9436721801757812,0.36420110683232015
BH_s19_medium,17,225,24.5,0.529907763004303,0.6772313354869718
BH_s19_medium,17,226,24.533333333333335,0.2878682613372803,0.8824232994959627
BH_s19_medium,17,227,24.566666666666666,0.19075943529605865,0.9788966287093147
BH_s19_medium,17,228,24.6,0.2454407960176468,0.9796311319995087
BH_s19_medium,17,229,24.633333333333333,0.2400464117527008,0.9044847514990713
BH_s19_medium,17,230,24.666666666666668,0.07828883826732635,0.7746730711767075
BH_s19_medium,17,231,24.7,-0.08511147648096085,0.6101582025646363
BH_s19_medium,17,232,24.733333333333334,-0.35312390327453613,0.42974884171106786
BH_s19_medium,17,233,24.766666666666666,-0.5672763586044312,0.25256835229989666
BH_s19_medium,17,234,24.8,-0.6841423511505127,0.098935803313391
BH_s19_medium,17,235,24.833333333333332,-0.785180389881134,-0.011032581581018809
BH_s19_medium,17,236,24.866666666666667,-0.793505072593689,-0.061507327211836015
BH_s19_medium,17,237,24.9,-0.8352887630462646,-0.046349092856527475
BH_s19_medium,17,238,24.933333333333334,-0.8481864333152771,0.026842388393838797
BH_s19_medium,17,239,24.966666666666665,-0.9028677940368652,0.13664082065174835
BH_s19_medium,18,0,18.0,0.5276126265525818,-0.12337208446140387
BH_s19_medium,18,1,18.033333333333335,0.31346023082733154,0.04715760179011815
BH_s19_medium,18,2,18.066666666666666,0.04462642967700958,0.17023473638629932
BH_s19_medium,18,3,18.1,-0.22420735657215118,0.20800174483967426
BH_s19_medium,18,4,18.133333333333333,-0.4245476722717285,0.14232351333002577
BH_s19_medium,18,5,18.166666666666668,-0.531623899936676,-0.023269826273824293
BH_s19_medium,18,6,18.2,-0.5747796297073364,-0.2674856179382066
BH_s19_medium,18,7,18.233333333333334,-0.5747796297073364,-0.5581708108504277
BH_s19_medium,18,8,18.266666666666666,-0.5747796297073364,-0.8588393364264345
BH_s19_medium,18,9,18.3,-0.5771592259407043,-1.132927827152946
BH_s19_medium,18,10,18.333333333333332,-0.6295540928840637,-1.3459684620114862
BH_s19_medium,18,11,18.366666666666667,-0.6841423511505127,-1.4671620613558354
BH_s19_medium,18,12,18.4,-0.47885662317276,-1.4717098157230428
BH_s19_medium,18,13,18.433333333333334,0.3553535044193268,-1.3443088288688758
BH_s19_medium,18,14,18.466666666666665,1.5675740242004395,-1.0833073618259965
BH_s19_medium,18,15,18.5,2.375998020172119,-0.7043081940597818
BH_s19_medium,18,16,18.533333333333335,2.364210367202759,-0.24145918841717334
BH_s19_medium,18,17,18.566666666666666,1.77854323387146,0.25537087635407224
BH_s19_medium,18,18,18.6,1.2113373279571533,0.7283999790409914
BH_s19_medium,18,19,18.633333333333333,0.7443480491638184,1.1235037592857169
BH_s19_medium,18,20,18.666666666666668,0.5416195392608643,1.4018544818025083
BH_s19_medium,18,21,18.7,0.5188475847244263,1.5470783937177115
BH_s19_medium,18,22,18.733333333333334,0.5461840033531189,1.565313052153537
BH_s19_medium,18,23,18.766666666666666,0.5484790802001953,1.4787704651104279
BH_s19_medium,18,24,18.8,0.36395812034606934,1.3157665866618722
BH_s19_medium,18,25,18.833333333333332,0.1498056948184967,1.1010274348387712
BH_s19_medium,18,26,18.866666666666667,-0.13721846044063568,0.8496772958796345
BH_s19_medium,18,27,18.9,-0.38786187767982483,0.5668495296627742
BH_s19_medium,18,28,18.933333333333334,-0.5337156057357788,0.25267031817013175
BH_s19_medium,18,29,18.966666666666665,-0.5747796297073364,-0.08982613503770587
BH_s19_medium,18,30,19.0,-0.5747796297073364,-0.4475759688886757
BH_s19_medium,18,31,19.033333333333335,-0.5815374255180359,-0.7944631432793482
BH_s19_medium,18,32,19.066666666666666,-0.6294609904289246,-1.0936568633144677
BH_s19_medium,18,33,19.1,-0.6841423511505127,-1.3043374079262045
BH_s19_medium,18,34,19.133333333333333,-0.738722026348114,-1.3907349072764097
BH_s19_medium,18,35,19.166666666666668,-0.7412118911743164,-1.3312328954638222
BH_s19_medium,18,36,19.2,-0.17005158960819244,-1.1253360027954415
BH_s19_medium,18,37,19.233333333333334,0.8797252774238586,-0.7965096729673546
BH_s19_medium,18,38,19.266666666666666,1.9666963815689087,-0.3895617454855581
BH_s19_medium,18,39,19.3,2.268651247024536,0.03751931687842763
BH_s19_medium,18,40,19.333333333333332,1.8047618865966797,0.4256878606822183
BH_s19_medium,18,41,19.366666666666667,1.1623045206069946,0.7277469629431778
BH_s19_medium,18,42,19.4,0.6833915114402771,0.918041168621797
BH_s19_medium,18,43,19.433333333333334,0.3961639702320099,0.9955933695221485
BH_s19_medium,18,44,19.466666666666665,0.35480350255966187,0.9795926546315995
BH_s19_medium,18,45,19.5,0.4389129877090454,0.89913878173848
BH_s19_medium,18,46,19.533333333333335,0.4913078546524048,0.7815002402131576
BH_s19_medium,18,47,19.566666666666666,0.4144560396671295,0.6435333777419306
BH_s19_medium,18,48,19.6,0.14562223851680756,0.48903450654941105
BH_s19_medium,18,49,19.633333333333333,-0.1434936374425888,0.31197084353855575
BH_s19_medium,18,50,19.666666666666668,-0.4467267096042633,0.1034086726839653
BH_s19_medium,18,51,19.7,-0.5904886722564697,-0.1408412521365134
BH_s19_medium,18,52,19.733333333333334,-0.6975648999214172,-0.4144824999507379
BH_s19_medium,18,53,19.766666666666666,-0.793505072593689,-0.6984821286334078
BH_s19_medium,18,54,19.8,-0.802354633808136,-0.9627049662214303
BH_s19_medium,18,55,19.833333333333332,-0.8481864333152771,-1.170834557573785
BH_s19_medium,18,56,19.866666666666667,-0.8524629473686218,-1.287332253869335
BH_s19_medium,18,57,19.9,-0.9595391750335693,-1.2848637564666454
BH_s19_medium,18,58,19.933333333333334,-1.0122305154800415,-1.1506060242239873
BH_s19_medium,18,59,19.966666666666665,-0.749155580997467,-0.890224056860742
BH_s19_medium,18,60,20.0,0.14693418145179749,-0.5289256309720588
BH_s19_medium,18,61,20.033333333333335,1.2675082683563232,-0.10920251741851698
BH_s19_medium,18,62,20.066666666666666,1.9574743509292603,0.3154216571321851
BH_s19_medium,18,63,20.1,1.7687535285949707,0.6907497433062096
BH_s19_medium,18,64,20.133333333333333,1.1497541666030884,0.9742660161518238
BH_s19_medium,18,65,20.166666666666668,0.5456762313842773,1.1450051547439606
BH_s19_medium,18,66,20.2,0.1371622383594513,1.2061958934188333
BH_s19_medium,18,67,20.233333333333334,0.02671535313129425,1.1788850062142362
BH_s19_medium,18,68,20.266666666666666,0.08139671385288239,1.089718286451791
BH_s19_medium,18,69,20.3,0.16531141102313995,0.9593808749669334
BH_s19_medium,18,70,20.333333333333332,0.16381260752677917,0.7971521507049122
BH_s19_medium,18,71,20.366666666666667,0.032076068222522736,0.6029499014835964
BH_s19_medium,18,72,20.4,-0.23675772547721863,0.3742435344150441
BH_s19_medium,18,73,20.433333333333334,-0.5055915117263794,0.11331266816914985
BH_s19_medium,18,74,20.466666666666665,-0.7019431591033936,-0.16895304670759165
BH_s19_medium,18,75,20.5,-0.8090193271636963,-0.45392465490737505
BH_s19_medium,18,76,20.533333333333335,-0.8481864333152771,-0.7191396062190102
BH_s19_medium,18,77,20.566666666666666,-0.8591277003288269,-0.9423273669766874
BH_s19_medium,18,78,20.6,-0.9028677940368652,-1.1036633116913832
BH_s19_medium,18,79,20.633333333333333,-0.9092360734939575,-1.1864486221420476
BH_s19_medium,18,80,20.666666666666668,-0.9575491547584534,-1.1777667995762682
BH_s19_medium,18,81,20.7,-0.8410053253173828,-1.0705040202356189
BH_s19_medium,18,82,20.733333333333334,-0.1959400177001953,-0.8667561945198806
BH_s19_medium,18,83,20.766666666666666,0.8191583156585693,-0.5811448020277623
BH_s19_medium,18,84,20.8,1.7906862497329712,-0.24189965490435497
BH_s19_medium,18,85,20.833333333333332,1.9005831480026245,0.11215700086562931
BH_s19_medium,18,86,20.866666666666667,1.3968915939331055,0.4394094455226343
BH_s19_medium,18,87,20.9,0.699752926826477,0.7061043466549342
BH_s19_medium,18,88,20.933333333333334,0.19291917979717255,0.8947452516720141
BH_s19_medium,18,89,20.966666666666665,-0.011469226330518723,1.0049075830552379
BH_s19_medium,18,90,21.0,0.04383013769984245,1.0458141334373054
BH_s19_medium,18,91,21.033333333333335,0.20330120623111725,1.0258234720563961
BH_s19_medium,18,92,21.066666666666666,0.30012214183807373,0.945978230428672
BH_s19_medium,18,93,21.1,0.18736368417739868,0.801547597298782
BH_s19_medium,18,94,21.133333333333333,-0.05354079604148865,0.5894801151713321
BH_s19_medium,18,95,21.166666666666668,-0.35030388832092285,0.3158191258353464
BH_s19_medium,18,96,21.2,-0.619137704372406,-0.00150708721792912
BH_s19_medium,18,97,21.233333333333334,-0.7587162256240845,-0.3350257079810296
BH_s19_medium,18,98,21.266666666666666,-0.8111110925674438,-0.6529210234286564
BH_s19_medium,18,99,21.3,-0.8481864333152771,-0.9243748090692027
BH_s19_medium,18,100,21.333333333333332,-0.8612194061279297,-1.123293725108561
BH_s19_medium,18,101,21.366666666666667,-0.9028677940368652,-1.2301286243155023
BH_s19_medium,18,102,21.4,-0.8143463730812073,-1.2326452181067997
BH_s19_medium,18,103,21.433333333333334,-0.19730345904827118,-1.1267719605812843
BH_s19_medium,18,104,21.466666666666665,0.8311243057250977,-0.9179364885051421
BH_s19_medium,18,105,21.5,1.839202642440796,-0.6221312559357617
BH_s19_medium,18,106,21.533333333333335,2.104607105255127,-0.2652311929581015
BH_s19_medium,18,107,21.566666666666666,1.6303099393844604,0.12027410750180957
BH_s19_medium,18,108,21.6,0.9878526926040649,0.5001317883819131
BH_s19_medium,18,109,21.633333333333333,0.3925311863422394,0.8425809806091302
BH_s19_medium,18,110,21.666666666666668,0.10106080025434494,1.1206661384088574
BH_s19_medium,18,111,21.7,0.08139671385288239,1.3129307227671967
BH_s19_medium,18,112,21.733333333333334,0.17635437846183777,1.403583501588564
BH_s19_medium,18,113,21.766666666666666,0.2454407960176468,1.3829896953515741
BH_s19_medium,18,114,21.8,0.15505613386631012,1.2487616607499443
BH_s19_medium,18,115,21.833333333333332,-0.040118224918842316,1.0071225921104106
BH_s19_medium,18,116,21.866666666666667,-0.3400822877883911,0.6737749115053612
BH_s19_medium,18,117,21.9,-0.5777857899665833,0.273575440848917
BH_s19_medium,18,118,21.933333333333334,-0.7653809785842896,-0.16105985525067795
BH_s19_medium,18,119,21.966666666666665,-0.8481864333152771,-0.5925786783160434
BH_s19_medium,18,120,22.0,-0.9028677940368652,-0.9812086214923186
BH_s19_medium,18,121,22.033333333333335,-0.9028677940368652,-1.2884189191319504
BH_s19_medium,18,122,22.066666666666666,-0.9028677940368652,-1.4810527478055477
BH_s19_medium,18,123,22.1,-0.8726183176040649,-1.5359203478670649
BH_s19_medium,18,124,22.133333333333333,-0.34987276792526245,-1.4441315121619995
BH_s19_medium,18,125,22.166666666666668,0.6895979642868042,-1.2140104783330536
BH_s19_medium,18,126,22.2,1.8426406383514404,-0.8713155109182787
BH_s19_medium,18,127,22.233333333333334,2.372035026550293,-0.45586171945451287
BH_s19_medium,18,128,22.266666666666666,2.082453727722168,-0.014640050719311244
BH_s19_medium,18,129,22.3,1.4414021968841553,0.40683189764749267
BH_s19_medium,18,130,22.333333333333332,0.9060211181640625,0.7716501904746802
BH_s19_medium,18,131,22.366666666666667,0.5283495187759399,1.0543090583178303
BH_s19_medium,18,132,22.4,0.3602573275566101,1.2392439381273976
BH_s19_medium,18,133,22.433333333333334,0.35480350255966187,1.3180329309340588
BH_s19_medium,18,134,22.466666666666665,0.39945805072784424,1.288094105966082
BH_s19_medium,18,135,22.5,0.31243547797203064,1.1534684023408637
BH_s19_medium,18,136,22.533333333333335,0.11059638112783432,0.9261270189971007
BH_s19_medium,18,137,22.566666666666666,-0.19603243470191956,0.6257529508800039
BH_s19_medium,18,138,22.6,-0.427071213722229,0.2772917635419461
BH_s19_medium,18,139,22.633333333333333,-0.6080016493797302,-0.09258662654826628
BH_s19_medium,18,140,22.666666666666668,-0.6841423511505127,-0.4581679418224044
BH_s19_medium,18,141,22.7,-0.7388237118721008,-0.7952015476593699
BH_s19_medium,18,142,22.733333333333334,-0.7651861906051636,-1.0794775336688427
BH_s19_medium,18,143,22.766666666666666,-0.793505072593689,-1.2853142968468727
BH_s19_medium,18,144,22.8,-0.8481864333152771,-1.386451594999642
BH_s19_medium,18,145,22.833333333333332,-0.6959902048110962,-1.3607411782454342
BH_s19_medium,18,146,22.866666666666667,0.01761949434876442,-1.1974420156716805
BH_s19_medium,18,147,22.9,1.1205281019210815,-0.903735667371977
BH_s19_medium,18,148,22.933333333333334,2.1004996299743652,-0.5070159064594876
BH_s19_medium,18,149,22.966666666666665,2.2922616004943848,-0.05145794669061842
BH_s19_medium,18,150,23.0,1.845529317855835,0.4100069325832935
BH_s19_medium,18,151,23.033333333333335,1.3101483583450317,0.825411546554352
BH_s19_medium,18,152,23.066666666666666,0.8364434838294983,1.1521646237043746
BH_s19_medium,18,153,23.1,0.5176366567611694,1.3622615101870696
BH_s19_medium,18,154,23.133333333333333,0.4105604588985443,1.4437775290983843
BH_s19_medium,18,155,23.166666666666668,0.35480350255966187,1.3992429432671618
BH_s19_medium,18,156,23.2,0.3604521155357361,1.2421538645940964
BH_s19_medium,18,157,23.233333333333334,0.26131099462509155,0.9929575673799006
BH_s19_medium,18,158,23.266666666666666,0.09161831438541412,0.6754721218479935
BH_s19_medium,18,159,23.3,-0.1669938713312149,0.3142685845726406
BH_s19_medium,18,160,23.333333333333332,-0.38114631175994873,-0.06667802131190977
BH_s19_medium,18,161,23.366666666666667,-0.5576984882354736,-0.44401821554461274
BH_s19_medium,18,162,23.4,-0.6647747159004211,-0.7942089862827072
BH_s19_medium,18,163,23.433333333333334,-0.6841423511505127,-1.0928102372070811
BH_s19_medium,18,164,23.466666666666665,-0.714883029460907,-1.3149070596463701
BH_s19_medium,18,165,23.5,-0.7672778964042664,-1.4371984538016072
BH_s19_medium,18,166,23.533333333333335,-0.793505072593689,-1.4415496051759562
BH_s19_medium,18,167,23.566666666666666,-0.5408551096916199,-1.3191941228052133
BH_s19_medium,18,168,23.6,0.2757490277290344,-1.0745009685143825
BH_s19_medium,18,169,23.633333333333333,1.3134244680404663,-0.7270198145483174
BH_s19_medium,18,170,23.666666666666668,2.0839691162109375,-0.3103859173991298
BH_s19_medium,18,171,23.7,2.045666217803955,0.1325485026304362
BH_s19_medium,18,172,23.733333333333334,1.5377827882766724,0.5570473289637109
BH_s19_medium,18,173,23.766666666666666,1.025012493133545,0.9234972511420066
BH_s19_medium,18,174,23.8,0.6124590039253235,1.2017632352511671
BH_s19_medium,18,175,23.833333333333332,0.40389570593833923,1.3723708484886392
BH_s19_medium,18,176,23.866666666666667,0.35480350255966187,1.4256243615374233
BH_s19_medium,18,177,23.9,0.40948486328125,1.3603469671663284
BH_s19_medium,18,178,23.933333333333334,0.35607388615608215,1.1833509899499983
BH_s19_medium,18,179,23.966666666666665,0.19787316024303436,0.9095386858194522
BH_s19_medium,18,180,24.0,-0.016279270872473717,0.5615783227489296
BH_s19_medium,18,181,24.033333333333335,-0.28511306643486023,0.16823494841582526
BH_s19_medium,18,182,24.066666666666666,-0.5096818804740906,-0.23836265042123217
BH_s19_medium,18,183,24.1,-0.6714394688606262,-0.625334701342487
BH_s19_medium,18,184,24.133333333333333,-0.7238342761993408,-0.9608277342745021
BH_s19_medium,18,185,24.166666666666668,-0.7762291431427002,-1.215343757674379
BH_s19_medium,18,186,24.2,-0.8286240100860596,-1.3634960920134975
BH_s19_medium,18,187,24.233333333333334,-0.8481864333152771,-1.3866798515239316
BH_s19_medium,18,188,24.266666666666666,-0.6713212728500366,-1.2763666973563614
BH_s19_medium,18,189,24.3,0.03406543284654617,-1.037239568262062
BH_s19_medium,18,190,24.333333333333332,0.9973023533821106,-0.6893873656727632
BH_s19_medium,18,191,24.366666666666667,1.785588264465332,-0.2685912779718618
BH_s19_medium,18,192,24.4,1.8763631582260132,0.17682313689447202
BH_s19_medium,18,193,24.433333333333334,1.462226390838623,0.593521641689219
BH_s19_medium,18,194,24.466666666666665,0.9436721801757812,0.933545947113249
BH_s19_medium,18,195,24.5,0.529907763004303,1.163646664183746
BH_s19_medium,18,196,24.533333333333335,0.2878682613372803,1.2697693713990985
BH_s19_medium,18,197,24.566666666666666,0.19075943529605865,1.2553651294163135
BH_s19_medium,18,198,24.6,0.2454407960176468,1.1352856651340355
BH_s19_medium,18,199,24.633333333333333,0.2400464117527008,0.9287765886832775
BH_s19_medium,18,200,24.666666666666668,0.07828883826732635,0.654574556882397
BH_s19_medium,18,201,24.7,-0.08511147648096085,0.32930469162484516
BH_s19_medium,18,202,24.733333333333334,-0.35312390327453613,-0.03125567762697348
BH_s19_medium,18,203,24.766666666666666,-0.5672763586044312,-0.40941608991017875
BH_s19_medium,18,204,24.8,-0.6841423511505127,-0.7829857256526529
BH_s19_medium,18,205,24.833333333333332,-0.785180389881134,-1.1242160874090552
BH_s19_medium,18,206,24.866666666666667,-0.793505072593689,-1.4008783515385177
BH_s19_medium,18,207,24.9,-0.8352887630462646,-1.5794258475047624
BH_s19_medium,18,208,24.933333333333334,-0.8481864333152771,-1.629932151587064
BH_s19_medium,18,209,24.966666666666665,-0.9028677940368652,-1.5322169437467164
BH_s19_medium,18,210,25.0,-0.6538083553314209,-1.2819003463941294
BH_s19_medium,18,211,25.033333333333335,0.1564103215932846,-0.8944524205300406
BH_s19_medium,18,212,25.066666666666666,1.259810209274292,-0.4053178231483924
BH_s19_medium,18,213,25.1,2.052821636199951,0.13474541835290987
BH_s19_medium,18,214,25.133333333333333,2.1366353034973145,0.6681819333780442
BH_s19_medium,18,215,25.166666666666668,1.7372336387634277,1.1406367750085566
BH_s19_medium,18,216,25.2,1.2754526138305664,1.5098014221856186
BH_s19_medium,18,217,25.233333333333334,0.8995425701141357,1.7510443204728579
BH_s19_medium,18,218,25.266666666666666,0.6329953074455261,1.8585633144648146
BH_s19_medium,18,219,25.3,0.4354749917984009,1.8419495832710804
BH_s19_medium,18,220,25.333333333333332,0.342744380235672,1.719623792356758
BH_s19_medium,18,221,25.366666666666667,0.290349543094635,1.5118235812640526
BH_s19_medium,18,222,25.4,0.12859196960926056,1.235850583507573
BH_s19_medium,18,223,25.433333333333334,-0.0435648187994957,0.9050749474322888
BH_s19_medium,18,224,25.466666666666665,-0.30719900131225586,0.5313799684515693
BH_s19_medium,18,225,25.5,-0.5213514566421509,0.12930294638580916
BH_s19_medium,18,226,25.533333333333335,-0.6824824213981628,-0.280268693554113
BH_s19_medium,18,227,25.566666666666666,-0.7388237118721008,-0.6686342836796392
BH_s19_medium,18,228,25.6,-0.7872721552848816,-1.0012203221625762
BH_s19_medium,18,229,25.633333333333333,-0.793505072593689,-1.2431649064376071
BH_s19_medium,18,230,25.666666666666668,-0.8481864333152771,-1.3674568334248491
BH_s19_medium,18,231,25.7,-0.9028677940368652,-1.3632323863666298
BH_s19_medium,18,232,25.733333333333334,-0.8789443373680115,-1.2412013573804879
BH_s19_medium,18,233,25.766666666666666,-0.33333373069763184,-1.033695079810479
BH_s19_medium,18,234,25.8,0.5927348136901855,-0.7884819043743064
BH_s19_medium,18,235,25.833333333333332,1.5661683082580566,-0.5575706393702037
BH_s19_medium,18,236,25.866666666666667,1.9405629634857178,-0.38389542432579377
BH_s19_medium,18,237,25.9,1.7475905418395996,-0.2896930194541562
BH_s19_medium,18,238,25.933333333333334,1.3460972309112549,-0.27036712701174037
BH_s19_medium,18,239,25.966666666666665,0.9724737405776978,-0.2963846995447111
BH_s19_medium,19,0,19.0,-0.5747796297073364,-0.029076021657568518
BH_s19_medium,19,1,19.033333333333335,-0.5815374255180359,-0.39660179076255153
BH_s19_medium,19,2,19.066666666666666,-0.6294609904289246,-0.7254559266894806
BH_s19_medium,19,3,19.1,-0.6841423511505127,-0.9799618703180867
BH_s19_medium,19,4,19.133333333333333,-0.738722026348114,-1.1287443005698918
BH_s19_medium,19,5,19.166666666666668,-0.7412118911743164,-1.149891252028089
BH_s19_medium,19,6,19.2,-0.17005158960819244,-1.0366334994930937
BH_s19_medium,19,7,19.233333333333334,0.8797252774238586,-0.8015922542541104
BH_s19_medium,19,8,19.266666666666666,1.9666963815689087,-0.4776355964723645
BH_s19_medium,19,9,19.3,2.268651247024536,-0.11382725143926392
BH_s19_medium,19,10,19.333333333333332,1.8047618865966797,0.23386389147230058
BH_s19_medium,19,11,19.366666666666667,1.1623045206069946,0.5154441520091375
BH_s19_medium,19,12,19.4,0.6833915114402771,0.6995247172256827
BH_s19_medium,19,13,19.433333333333334,0.3961639702320099,0.7808342689932319
BH_s19_medium,19,14,19.466666666666665,0.35480350255966187,0.7790169877893295
BH_s19_medium,19,15,19.5,0.4389129877090454,0.7285177609332608
BH_s19_medium,19,16,19.533333333333335,0.4913078546524048,0.6634458494246638
BH_s19_medium,19,17,19.566666666666666,0.4144560396671295,0.6038260226222391
BH_s19_medium,19,18,19.6,0.14562223851680756,0.5489955427253608
BH_s19_medium,19,19,19.633333333333333,-0.1434936374425888,0.4804689916939547
BH_s19_medium,19,20,19.666666666666668,-0.4467267096042633,0.37222337683962603
BH_s19_medium,19,21,19.7,-0.5904886722564697,0.20340201985195502
BH_s19_medium,19,22,19.733333333333334,-0.6975648999214172,-0.03170312193637087
BH_s19_medium,19,23,19.766666666666666,-0.793505072593689,-0.3195021108626421
BH_s19_medium,19,24,19.8,-0.802354633808136,-0.6292750554058592
BH_s19_medium,19,25,19.833333333333332,-0.8481864333152771,-0.9200438908224775
BH_s19_medium,19,26,19.866666666666667,-0.8524629473686218,-1.149478726637534
BH_s19_medium,19,27,19.9,-0.9595391750335693,-1.2821592876913621
BH_s19_medium,19,28,19.933333333333334,-1.0122305154800415,-1.2953002085835161
BH_s19_medium,19,29,19.966666666666665,-0.749155580997467,-1.181411937755895
BH_s19_medium,19,30,20.0,0.14693418145179749,-0.9487418497493806
BH_s19_medium,19,31,20.033333333333335,1.2675082683563232,-0.6205637963205879
BH_s19_medium,19,32,20.066666666666666,1.9574743509292603,-0.23312751058803144
BH_s19_medium,19,33,20.1,1.7687535285949707,0.16905736142771727
BH_s19_medium,19,34,20.133333333333333,1.1497541666030884,0.5412380400601982
BH_s19_medium,19,35,20.166666666666668,0.5456762313842773,0.8479388316337911
BH_s19_medium,19,36,20.2,0.1371622383594513,1.069802158424611
BH_s19_medium,19,37,20.233333333333334,0.02671535313129425,1.203921089603385
BH_s19_medium,19,38,20.266666666666666,0.08139671385288239,1.2576925535562842
BH_s19_medium,19,39,20.3,0.16531141102313995,1.240318888506638
BH_s19_medium,19,40,20.333333333333332,0.16381260752677917,1.156916824189434
BH_s19_medium,19,41,20.366666666666667,0.032076068222522736,1.0079016009862911
BH_s19_medium,19,42,20.4,-0.23675772547721863,0.793058566288286
BH_s19_medium,19,43,20.433333333333334,-0.5055915117263794,0.5173088150146584
BH_s19_medium,19,44,20.466666666666665,-0.7019431591033936,0.19463363860405755
BH_s19_medium,19,45,20.5,-0.8090193271636963,-0.1519601124808203
BH_s19_medium,19,46,20.533333333333335,-0.8481864333152771,-0.49405800213554124
BH_s19_medium,19,47,20.566666666666666,-0.8591277003288269,-0.8027128750932024
BH_s19_medium,19,48,20.6,-0.9028677940368652,-1.0520777331950106
BH_s19_medium,19,49,20.633333333333333,-0.9092360734939575,-1.2207803586050996
BH_s19_medium,19,50,20.666666666666668,-0.9575491547584534,-1.2920151230378458
BH_s19_medium,19,51,20.7,-0.8410053253173828,-1.2543549040903066
BH_s19_medium,19,52,20.733333333333334,-0.1959400177001953,-1.1045478895844867
BH_s19_medium,19,53,20.766666666666666,0.8191583156585693,-0.8516765652979692
BH_s19_medium,19,54,20.8,1.7906862497329712,-0.5202797880439143
BH_s19_medium,19,55,20.833333333333332,1.9005831480026245,-0.1492865907057976
BH_s19_medium,19,56,20.866666666666667,1.3968915939331055,0.21536475549996043
BH_s19_medium,19,57,20.9,0.699752926826477,0.5329983316243541
BH_s19_medium,19,58,20.933333333333334,0.19291917979717255,0.7792610998521972
BH_s19_medium,19,59,20.966666666666665,-0.011469226330518723,0.9488850435200682
BH_s19_medium,19,60,21.0,0.04383013769984245,1.048396720706265
BH_s19_medium,19,61,21.033333333333335,0.20330120623111725,1.0842462341936454
BH_s19_medium,19,62,21.066666666666666,0.30012214183807373,1.0547588601345734
BH_s19_medium,19,63,21.1,0.18736368417739868,0.9510193895787085
BH_s19_medium,19,64,21.133333333333333,-0.05354079604148865,0.7649262751903563
BH_s19_medium,19,65,21.166666666666668,-0.35030388832092285,0.49798891681955226
BH_s19_medium,19,66,21.2,-0.619137704372406,0.16564982153464658
BH_s19_medium,19,67,21.233333333333334,-0.7587162256240845,-0.20384778584021432
BH_s19_medium,19,68,21.266666666666666,-0.8111110925674438,-0.5742538877508551
BH_s19_medium,19,69,21.3,-0.8481864333152771,-0.9074293929335809
BH_s19_medium,19,70,21.333333333333332,-0.8612194061279297,-1.1689035705824333
BH_s19_medium,19,71,21.366666666666667,-0.9028677940368652,-1.3317817242175491
BH_s19_medium,19,72,21.4,-0.8143463730812073,-1.3787990108201715
BH_s19_medium,19,73,21.433333333333334,-0.19730345904827118,-1.3030243393402299
BH_s19_medium,19,74,21.466666666666665,0.8311243057250977,-1.107994902038645
BH_s19_medium,19,75,21.5,1.839202642440796,-0.8077079232432445
BH_s19_medium,19,76,21.533333333333335,2.104607105255127,-0.4261341657624655
BH_s19_medium,19,77,21.566666666666666,1.6303099393844604,0.004397305630638281
BH_s19_medium,19,78,21.6,0.9878526926040649,0.44602816949422014
BH_s19_medium,19,79,21.633333333333333,0.3925311863422394,0.8589192011329484
BH_s19_medium,19,80,21.666666666666668,0.10106080025434494,1.2051780036128736
BH_s19_medium,19,81,21.7,0.08139671385288239,1.452990873817757
BH_s19_medium,19,82,21.733333333333334,0.17635437846183777,1.5802618162200741
BH_s19_medium,19,83,21.766666666666666,0.2454407960176468,1.5766658233107471
BH_s19_medium,19,84,21.8,0.15505613386631012,1.4436253465072744
BH_s19_medium,19,85,21.833333333333332,-0.040118224918842316,1.192751601106492
BH_s19_medium,19,86,21.866666666666667,-0.3400822877883911,0.8437848064858878
BH_s19_medium,19,87,21.9,-0.5777857899665833,0.42284544273926167
BH_s19_medium,19,88,21.933333333333334,-0.7653809785842896,-0.03877103393910685
BH_s19_medium,19,89,21.966666666666665,-0.8481864333152771,-0.5055420975584026
BH_s19_medium,19,90,22.0,-0.9028677940368652,-0.9389292821381808
BH_s19_medium,19,91,22.033333333333335,-0.9028677940368652,-1.2994552055967974
BH_s19_medium,19,92,22.066666666666666,-0.9028677940368652,-1.5502488686507718
BH_s19_medium,19,93,22.1,-0.8726183176040649,-1.6622214364858006
BH_s19_medium,19,94,22.133333333333333,-0.34987276792526245,-1.6199906792312175
BH_s19_medium,19,95,22.166666666666668,0.6895979642868042,-1.426619222561904
BH_s19_medium,19,96,22.2,1.8426406383514404,-1.1049606645252719
BH_s19_medium,19,97,22.233333333333334,2.372035026550293,-0.6942343637325346
BH_s19_medium,19,98,22.266666666666666,2.082453727722168,-0.24220082097304996
BH_s19_medium,19,99,22.3,1.4414021968841553,0.20455636392071808
BH_s19_medium,19,100,22.333333333333332,0.9060211181640625,0.6083187610974704
BH_s19_medium,19,101,22.366666666666667,0.5283495187759399,0.9428574295677222
BH_s19_medium,19,102,22.4,0.3602573275566101,1.191276209761651
BH_s19_medium,19,103,22.433333333333334,0.35480350255966187,1.3423201762951213
BH_s19_medium,19,104,22.466666666666665,0.39945805072784424,1.3884201814762223
BH_s19_medium,19,105,22.5,0.31243547797203064,1.3264761690139368
BH_s19_medium,19,106,22.533333333333335,0.11059638112783432,1.1600437445725882
BH_s19_medium,19,107,22.566666666666666,-0.19603243470191956,0.9007426542728969
BH_s19_medium,19,108,22.6,-0.427071213722229,0.5676516408925315
BH_s19_medium,19,109,22.633333333333333,-0.6080016493797302,0.1851355414422951
BH_s19_medium,19,110,22.666666666666668,-0.6841423511505127,-0.2194123783553579
BH_s19_medium,19,111,22.7,-0.7388237118721008,-0.6166186442562435
BH_s19_medium,19,112,22.733333333333334,-0.7651861906051636,-0.9748688103560722
BH_s19_medium,19,113,22.766666666666666,-0.793505072593689,-1.2601051509257624
BH_s19_medium,19,114,22.8,-0.8481864333152771,-1.4377995026336061
BH_s19_medium,19,115,22.833333333333332,-0.6959902048110962,-1.4783669887412287
BH_s19_medium,19,116,22.866666666666667,0.01761949434876442,-1.3649789818402513
BH_s19_medium,19,117,22.9,1.1205281019210815,-1.1006880356742563
BH_s19_medium,19,118,22.933333333333334,2.1004996299743652,-0.7115941264327124
BH_s19_medium,19,119,22.966666666666665,2.2922616004943848,-0.24428041160509859
BH_s19_medium,19,120,23.0,1.845529317855835,0.2421779719238744
BH_s19_medium,19,121,23.033333333333335,1.3101483583450317,0.6875518190886556
BH_s19_medium,19,122,23.066666666666666,0.8364434838294983,1.042057667957343
BH_s19_medium,19,123,23.1,0.5176366567611694,1.2749834940350355
BH_s19_medium,19,124,23.133333333333333,0.4105604588985443,1.3778036392466888
BH_s19_medium,19,125,23.166666666666668,0.35480350255966187,1.3609583020561435
BH_s19_medium,19,126,23.2,0.3604521155357361,1.2458925331932047
BH_s19_medium,19,127,23.233333333333334,0.26131099462509155,1.0558032681830551
BH_s19_medium,19,128,23.266666666666666,0.09161831438541412,0.808732503902449
BH_s19_medium,19,129,23.3,-0.1669938713312149,0.515364843077129
BH_s19_medium,19,130,23.333333333333332,-0.38114631175994873,0.18194537376198747
BH_s19_medium,19,131,23.366666666666667,-0.5576984882354736,-0.18328693245606134
BH_s19_medium,19,132,23.4,-0.6647747159004211,-0.5633119180628897
BH_s19_medium,19,133,23.433333333333334,-0.6841423511505127,-0.9287258526463653
BH_s19_medium,19,134,23.466666666666665,-0.714883029460907,-1.2396611061329301
BH_s19_medium,19,135,23.5,-0.7672778964042664,-1.4531593034910109
BH_s19_medium,19,136,23.533333333333335,-0.793505072593689,-1.5334051351622977
BH_s19_medium,19,137,23.566666666666666,-0.5408551096916199,-1.4610756292708964
BH_s19_medium,19,138,23.6,0.2757490277290344,-1.2389099676692215
BH_s19_medium,19,139,23.633333333333333,1.3134244680404663,-0.8922658064780449
BH_s19_medium,19,140,23.666666666666668,2.0839691162109375,-0.4646112171291699
BH_s19_medium,19,141,23.7,2.045666217803955,-0.008901625659001558
BH_s19_medium,19,142,23.733333333333334,1.5377827882766724,0.4228815572672261
BH_s19_medium,19,143,23.766666666666666,1.025012493133545,0.7888380484121024
BH_s19_medium,19,144,23.8,0.6124590039253235,1.0621624419377758
BH_s19_medium,19,145,23.833333333333332,0.40389570593833923,1.2311258918722348
BH_s19_medium,19,146,23.866666666666667,0.35480350255966187,1.2953361755542434
BH_s19_medium,19,147,23.9,0.40948486328125,1.2609262720040244
BH_s19_medium,19,148,23.933333333333334,0.35607388615608215,1.1369633570233424
BH_s19_medium,19,149,23.966666666666665,0.19787316024303436,0.9339218497031598
BH_s19_medium,19,150,24.0,-0.016279270872473717,0.6637414949664058
BH_s19_medium,19,151,24.033333333333335,-0.28511306643486023,0.3406300690670421
BH_s19_medium,19,152,24.066666666666666,-0.5096818804740906,-0.01770293936828405
BH_s19_medium,19,153,24.1,-0.6714394688606262,-0.38840983414798175
BH_s19_medium,19,154,24.133333333333333,-0.7238342761993408,-0.7422002361978707
BH_s19_medium,19,155,24.166666666666668,-0.7762291431427002,-1.0439167623513435
BH_s19_medium,19,156,24.2,-0.8286240100860596,-1.2562481214478278
BH_s19_medium,19,157,24.233333333333334,-0.8481864333152771,-1.3463815079085537
BH_s19_medium,19,158,24.266666666666666,-0.6713212728500366,-1.293680816347745
BH_s19_medium,19,159,24.3,0.03406543284654617,-1.0957988941593186
BH_s19_medium,19,160,24.333333333333332,0.9973023533821106,-0.7714607873930228
BH_s19_medium,19,161,24.366666666666667,1.785588264465332,-0.3592356748919468
BH_s19_medium,19,162,24.4,1.8763631582260132,0.08805965791786244
BH_s19_medium,19,163,24.433333333333334,1.462226390838623,0.5130671203435034
BH_s19_medium,19,164,24.466666666666665,0.9436721801757812,0.8656029466388908
BH_s19_medium,19,165,24.5,0.529907763004303,1.1125271390595672
BH_s19_medium,19,166,24.533333333333335,0.2878682613372803,1.2420382321700247
BH_s19_medium,19,167,24.566666666666666,0.19075943529605865,1.2609106118251059
BH_s19_medium,19,168,24.6,0.2454407960176468,1.1864088472066172
BH_s19_medium,19,169,24.633333333333333,0.2400464117527008,1.036942955148088
BH_s19_medium,19,170,24.666666666666668,0.07828883826732635,0.8256436956178116
BH_s19_medium,19,171,24.7,-0.08511147648096085,0.5592056549614779
BH_s19_medium,19,172,24.733333333333334,-0.35312390327453613,0.24177402501330997
BH_s19_medium,19,173,24.766666666666666,-0.5672763586044312,-0.11845014925754077
BH_s19_medium,19,174,24.8,-0.6841423511505127,-0.5030979276444293
BH_s19_medium,19,175,24.833333333333332,-0.785180389881134,-0.8808941424160106
BH_s19_medium,19,176,24.866666666666667,-0.793505072593689,-1.2099725908605174
BH_s19_medium,19,177,24.9,-0.8352887630462646,-1.4451176079377408
BH_s19_medium,19,178,24.933333333333334,-0.8481864333152771,-1.5478444929113986
BH_s19_medium,19,179,24.966666666666665,-0.9028677940368652,-1.4960036237491876
BH_s19_medium,19,180,25.0,-0.6538083553314209,-1.2897696920857133
BH_s19_medium,19,181,25.033333333333335,0.1564103215932846,-0.9522945681130013
BH_s19_medium,19,182,25.066666666666666,1.259810209274292,-0.525206771587313
BH_s19_medium,19,183,25.1,2.052821636199951,-0.060604718970800296
BH_s19_medium,19,184,25.133333333333333,2.1366353034973145,0.38830080398461725
BH_s19_medium,19,185,25.166666666666668,1.7372336387634277,0.7758765639270305
BH_s19_medium,19,186,25.2,1.2754526138305664,1.0703689039477664
BH_s19_medium,19,187,25.233333333333334,0.8995425701141357,1.2565652923302766
BH_s19_medium,19,188,25.266666666666666,0.6329953074455261,1.3343911890269604
BH_s19_medium,19,189,25.3,0.4354749917984009,1.3141459664020763
BH_s19_medium,19,190,25.333333333333332,0.342744380235672,1.2101892428378216
BH_s19_medium,19,191,25.366666666666667,0.290349543094635,1.0354943556999414
BH_s19_medium,19,192,25.4,0.12859196960926056,0.7991871519743426
BH_s19_medium,19,193,25.433333333333334,-0.0435648187994957,0.5079245471675886
BH_s19_medium,19,194,25.466666666666665,-0.30719900131225586,0.17018828729875368
BH_s19_medium,19,195,25.5,-0.5213514566421509,-0.19875435898276253
BH_s19_medium,19,196,25.533333333333335,-0.6824824213981628,-0.5736432836082669
BH_s19_medium,19,197,25.566666666666666,-0.7388237118721008,-0.9194906018511732
BH_s19_medium,19,198,25.6,-0.7872721552848816,-1.19598281826195
BH_s19_medium,19,199,25.633333333333333,-0.793505072593689,-1.3652800128358413
BH_s19_medium,19,200,25.666666666666668,-0.8481864333152771,-1.4008753423636506
BH_s19_medium,19,201,25.7,-0.9028677940368652,-1.2943345588453496
BH_s19_medium,19,202,25.733333333333334,-0.8789443373680115,-1.057454892270717
BH_s19_medium,19,203,25.766666666666666,-0.33333373069763184,-0.7194020457325448
BH_s19_medium,19,204,25.8,0.5927348136901855,-0.32056369739071144
BH_s19_medium,19,205,25.833333333333332,1.5661683082580566,0.09430180735222192
BH_s19_medium,19,206,25.866666666666667,1.9405629634857178,0.48204967479329985
BH_s19_medium,19,207,25.9,1.7475905418395996,0.8060912886402181
BH_s19_medium,19,208,25.933333333333334,1.3460972309112549,1.0404007833951854
BH_s19_medium,19,209,25.966666666666665,0.9724737405776978,1.172185317462529
BH_s19_medium,19,210,26.0,0.6745419502258301,1.2025215735127008
BH_s19_medium,19,211,26.033333333333335,0.40799465775489807,1.1443813716782365
BH_s19_medium,19,212,26.066666666666666,0.229003444314003,1.0179277112296028
BH_s19_medium,19,213,26.1,0.12192722409963608,0.8439939676896981
BH_s19_medium,19,214,26.133333333333333,0.0695323720574379,0.6380383884172689
BH_s19_medium,19,215,26.166666666666668,-0.10180304199457169,0.407319090123057
BH_s19_medium,19,216,26.2,-0.37063682079315186,0.15268667274795483
BH_s19_medium,19,217,26.233333333333334,-0.5847892761230469,-0.1258888556947421
BH_s19_medium,19,218,26.266666666666666,-0.7415419816970825,-0.4226792217150333
BH_s19_medium,19,219,26.3,-0.84861820936203,-0.7215453087646869
BH_s19_medium,19,220,26.333333333333332,-0.9028677940368652,-0.9955428188319937
BH_s19_medium,19,221,26.366666666666667,-0.9575491547584534,-1.2112856363173417
BH_s19_medium,19,222,26.4,-1.0058027505874634,-1.3365494696850566
BH_s19_medium,19,223,26.433333333333334,-1.0122305154800415,-1.3482609503305418
BH_s19_medium,19,224,26.466666666666665,-1.0669118165969849,-1.2380486513640954
BH_s19_medium,19,225,26.5,-1.1629873514175415,-1.0139768883132243
BH_s19_medium,19,226,26.533333333333335,-0.9651626944541931,-0.6990844376535426
BH_s19_medium,19,227,26.566666666666666,-0.1887081116437912,-0.32821336779687604
BH_s19_medium,19,228,26.6,0.8095124363899231,0.056346079110520524
BH_s19_medium,19,229,26.633333333333333,1.5774232149124146,0.410889968277052
BH_s19_medium,19,230,26.666666666666668,1.661914348602295,0.6978355948513651
BH_s19_medium,19,231,26.7,1.2830489873886108,0.8928884168667767
BH_s19_medium,19,232,26.733333333333334,0.8801326751708984,0.989060952078157
BH_s19_medium,19,233,26.766666666666666,0.5589040517807007,0.9957218653001002
BH_s19_medium,19,234,26.8,0.3131723403930664,0.9333085731564779
BH_s19_medium,19,235,26.833333333333332,0.11754899471998215,0.826256642242512
BH_s19_medium,19,236,26.866666666666667,0.08139671385288239,0.6965820207891171
BH_s19_medium,19,237,26.9,0.06744064390659332,0.5593915882421545
BH_s19_medium,19,238,26.933333333333334,-0.0513051338493824,0.4209278577798586
BH_s19_medium,19,239,26.966666666666665,-0.2654575705528259,0.2795272979775093
BH_s19_medium,20,0,20.0,0.14693418145179749,0.11273888635284345
BH_s19_medium,20,1,20.033333333333335,1.2675082683563232,0.48964460944730215
BH_s19_medium,20,2,20.066666666666666,1.9574743509292603,0.8413179536867647
BH_s19_medium,20,3,20.1,1.7687535285949707,1.143802823829963
BH_s19_medium,20,4,20.133333333333333,1.1497541666030884,1.3744757236719678
BH_s19_medium,20,5,20.166666666666668,0.5456762313842773,1.5169122942852993
BH_s19_medium,20,6,20.2,0.1371622383594513,1.5651827761303518
BH_s19_medium,20,7,20.233333333333334,0.02671535313129425,1.5242649201811118
BH_s19_medium,20,8,20.266666666666666,0.08139671385288239,1.4063515672660514
BH_s19_medium,20,9,20.3,0.16531141102313995,1.2258569907475036
BH_s19_medium,20,10,20.333333333333332,0.16381260752677917,0.9959630255375803
BH_s19_medium,20,11,20.366666666666667,0.032076068222522736,0.7276098309425827
BH_s19_medium,20,12,20.4,-0.23675772547721863,0.4303080195351049
BH_s19_medium,20,13,20.433333333333334,-0.5055915117263794,0.11368709961735711
BH_s19_medium,20,14,20.466666666666665,-0.7019431591033936,-0.21111749280245176
BH_s19_medium,20,15,20.5,-0.8090193271636963,-0.5306874569093689
BH_s19_medium,20,16,20.533333333333335,-0.8481864333152771,-0.8291659626409383
BH_s19_medium,20,17,20.566666666666666,-0.8591277003288269,-1.0884749424043991
BH_s19_medium,20,18,20.6,-0.9028677940368652,-1.288690292109577
BH_s19_medium,20,19,20.633333333333333,-0.9092360734939575,-1.4088133122027622
BH_s19_medium,20,20,20.666666666666668,-0.9575491547584534,-1.42880163798431
BH_s19_medium,20,21,20.7,-0.8410053253173828,-1.3336612683137343
BH_s19_medium,20,22,20.733333333333334,-0.1959400177001953,-1.119198324813078
BH_s19_medium,20,23,20.766666666666666,0.8191583156585693,-0.7975062274234135
BH_s19_medium,20,24,20.8,1.7906862497329712,-0.3995224804832349
BH_s19_medium,20,25,20.833333333333332,1.9005831480026245,0.027703728209934383
BH_s19_medium,20,26,20.866666666666667,1.3968915939331055,0.42998189075171817
BH_s19_medium,20,27,20.9,0.699752926826477,0.7591682824394062
BH_s19_medium,20,28,20.933333333333334,0.19291917979717255,0.9850029337413305
BH_s19_medium,20,29,20.966666666666665,-0.011469226330518723,1.0995524747428969
BH_s19_medium,20,30,21.0,0.04383013769984245,1.1126745675160834
BH_s19_medium,20,31,21.033333333333335,0.20330120623111725,1.0425110369846515
BH_s19_medium,20,32,21.066666666666666,0.30012214183807373,0.9069865739395077
BH_s19_medium,20,33,21.1,0.18736368417739868,0.7200149472288933
BH_s19_medium,20,34,21.133333333333333,-0.05354079604148865,0.49207964330728904
BH_s19_medium,20,35,21.166666666666668,-0.35030388832092285,0.23244685205533938
BH_s19_medium,20,36,21.2,-0.619137704372406,-0.04893014209103813
BH_s19_medium,20,37,21.233333333333334,-0.7587162256240845,-0.3398788231637077
BH_s19_medium,20,38,21.266666666666666,-0.8111110925674438,-0.6245402282156594
BH_s19_medium,20,39,21.3,-0.8481864333152771,-0.8824375120789553
BH_s19_medium,20,40,21.333333333333332,-0.8612194061279297,-1.0889775134611994
BH_s19_medium,20,41,21.366666666666667,-0.9028677940368652,-1.2179945728611155
BH_s19_medium,20,42,21.4,-0.8143463730812073,-1.2462535448840981
BH_s19_medium,20,43,21.433333333333334,-0.19730345904827118,-1.1589697794674831
BH_s19_medium,20,44,21.466666666666665,0.8311243057250977,-0.9546588252322973
BH_s19_medium,20,45,21.5,1.839202642440796,-0.6474313688108021
BH_s19_medium,20,46,21.533333333333335,2.104607105255127,-0.2655388252861615
BH_s19_medium,20,47,21.566666666666666,1.6303099393844604,0.15346502780445584
BH_s19_medium,20,48,21.6,0.9878526926040649,0.5688829072302393
BH_s19_medium,20,49,21.633333333333333,0.3925311863422394,0.941975465965633
BH_s19_medium,20,50,21.666666666666668,0.10106080025434494,1.2392215326602671
BH_s19_medium,20,51,21.7,0.08139671385288239,1.4345733742782116
BH_s19_medium,20,52,21.733333333333334,0.17635437846183777,1.5114248669085477
BH_s19_medium,20,53,21.766666666666666,0.2454407960176468,1.463963534094963
BH_s19_medium,20,54,21.8,0.15505613386631012,1.297192489162267
BH_s19_medium,20,55,21.833333333333332,-0.040118224918842316,1.0254473802353643
BH_s19_medium,20,56,21.866666666666667,-0.3400822877883911,0.6700713334109474
BH_s19_medium,20,57,21.9,-0.5777857899665833,0.2573481885301125
BH_s19_medium,20,58,21.933333333333334,-0.7653809785842896,-0.18256024706799887
BH_s19_medium,20,59,21.966666666666665,-0.8481864333152771,-0.615893294673354
BH_s19_medium,20,60,22.0,-0.9028677940368652,-1.0059505101617396
BH_s19_medium,20,61,22.033333333333335,-0.9028677940368652,-1.315417978441555
BH_s19_medium,20,62,22.066666666666666,-0.9028677940368652,-1.510714602884499
BH_s19_medium,20,63,22.1,-0.8726183176040649,-1.5675536873628158
BH_s19_medium,20,64,22.133333333333333,-0.34987276792526245,-1.4763643083773161
BH_s19_medium,20,65,22.166666666666668,0.6895979642868042,-1.2460459654182177
BH_s19_medium,20,66,22.2,1.8426406383514404,-0.9043992340672208
BH_s19_medium,20,67,22.233333333333334,2.372035026550293,-0.49398986280154766
BH_s19_medium,20,68,22.266666666666666,2.082453727722168,-0.06370682508938402
BH_s19_medium,20,69,22.3,1.4414021968841553,0.3414443908064801
BH_s19_medium,20,70,22.333333333333332,0.9060211181640625,0.6880679202017163
BH_s19_medium,20,71,22.366666666666667,0.5283495187759399,0.9563632310428121
BH_s19_medium,20,72,22.4,0.3602573275566101,1.1369989312195592
BH_s19_medium,20,73,22.433333333333334,0.35480350255966187,1.226659596736974
BH_s19_medium,20,74,22.466666666666665,0.39945805072784424,1.225416784245647
BH_s19_medium,20,75,22.5,0.31243547797203064,1.136366499484616
BH_s19_medium,20,76,22.533333333333335,0.11059638112783432,0.9663000586705736
BH_s19_medium,20,77,22.566666666666666,-0.19603243470191956,0.7261455546413857
BH_s19_medium,20,78,22.6,-0.427071213722229,0.4306654266229842
BH_s19_medium,20,79,22.633333333333333,-0.6080016493797302,0.09770141859138572
BH_s19_medium,20,80,22.666666666666668,-0.6841423511505127,-0.252330034642668
BH_s19_medium,20,81,22.7,-0.7388237118721008,-0.5961826096680316
BH_s19_medium,20,82,22.733333333333334,-0.7651861906051636,-0.9069931108198922
BH_s19_medium,20,83,22.766666666666666,-0.793505072593689,-1.15418331697113
BH_s19_medium,20,84,22.8,-0.8481864333152771,-1.3058470343114208
BH_s19_medium,20,85,22.833333333333332,-0.6959902048110962,-1.334543470167577
BH_s19_medium,20,86,22.866666666666667,0.01761949434876442,-1.225060306561591
BH_s19_medium,20,87,22.9,1.1205281019210815,-0.9808309457720035
BH_s19_medium,20,88,22.933333333333334,2.1004996299743652,-0.6260420567095057
BH_s19_medium,20,89,22.966666666666665,2.2922616004943848,-0.20244350001413428
BH_s19_medium,20,90,23.0,1.845529317855835,0.23811615902635158
BH_s19_medium,20,91,23.033333333333335,1.3101483583450317,0.643216236825567
BH_s19_medium,20,92,23.066666666666666,0.8364434838294983,0.9689907289212641
BH_s19_medium,20,93,23.1,0.5176366567611694,1.1867553654537206
BH_s19_medium,20,94,23.133333333333333,0.4105604588985443,1.2856848998056454
BH_s19_medium,20,95,23.166666666666668,0.35480350255966187,1.2710809677133519
BH_s19_medium,20,96,23.2,0.3604521155357361,1.1591043491198947
BH_s19_medium,20,97,23.233333333333334,0.26131099462509155,0.9700325468249222
BH_s19_medium,20,98,23.266666666666666,0.09161831438541412,0.7225536258480068
BH_s19_medium,20,99,23.3,-0.1669938713312149,0.4310921699535636
BH_s19_medium,20,100,23.333333333333332,-0.38114631175994873,0.10686327678365995
BH_s19_medium,20,101,23.366666666666667,-0.5576984882354736,-0.23820474319967536
BH_s19_medium,20,102,23.4,-0.6647747159004211,-0.5867379745988502
BH_s19_medium,20,103,23.433333333333334,-0.6841423511505127,-0.9128665678428661
BH_s19_medium,20,104,23.466666666666665,-0.714883029460907,-1.1828484394798673
BH_s19_medium,20,105,23.5,-0.7672778964042664,-1.360011000853264
BH_s19_medium,20,106,23.533333333333335,-0.793505072593689,-1.4128789354809288
BH_s19_medium,20,107,23.566666666666666,-0.5408551096916199,-1.3239119715585494
BH_s19_medium,20,108,23.6,0.2757490277290344,-1.0958207630680055
BH_s19_medium,20,109,23.633333333333333,1.3134244680404663,-0.7530852716632798
BH_s19_medium,20,110,23.666666666666668,2.0839691162109375,-0.33781698702047125
BH_s19_medium,20,111,23.7,2.045666217803955,0.09891632537031068
BH_s19_medium,20,112,23.733333333333334,1.5377827882766724,0.507419757617156
BH_s19_medium,20,113,23.766666666666666,1.025012493133545,0.847894317813823
BH_s19_medium,20,114,23.8,0.6124590039253235,1.0947802220811496
BH_s19_medium,20,115,23.833333333333332,0.40389570593833923,1.2365915832398275
BH_s19_medium,20,116,23.866666666666667,0.35480350255966187,1.272731350935873
BH_s19_medium,20,117,23.9,0.40948486328125,1.2095388732151249
BH_s19_medium,20,118,23.933333333333334,0.35607388615608215,1.0573471179384275
BH_s19_medium,20,119,23.966666666666665,0.19787316024303436,0.8291276977207434
BH_s19_medium,20,120,24.0,-0.016279270872473717,0.5402235974349895
BH_s19_medium,20,121,24.033333333333335,-0.28511306643486023,0.20842247453107537
BH_s19_medium,20,122,24.066666666666666,-0.5096818804740906,-0.14581540968351578
BH_s19_medium,20,123,24.1,-0.6714394688606262,-0.49884608244002143
BH_s19_medium,20,124,24.133333333333333,-0.7238342761993408,-0.8235244629234321
BH_s19_medium,20,125,24.166666666666668,-0.7762291431427002,-1.0901382575520753
BH_s19_medium,20,126,24.2,-0.8286240100860596,-1.2691922286981474
BH_s19_medium,20,127,24.233333333333334,-0.8481864333152771,-1.3356494360197546
BH_s19_medium,20,128,24.266666666666666,-0.6713212728500366,-1.2736692797672453
BH_s19_medium,20,129,24.3,0.03406543284654617,-1.0809060877797094
BH_s19_medium,20,130,24.333333333333332,0.9973023533821106,-0.7716038875689671
BH_s19_medium,20,131,24.366666666666667,1.785588264465332,-0.37743546680291
BH_s19_medium,20,132,24.4,1.8763631582260132,0.055533615008357205
BH_s19_medium,20,133,24.433333333333334,1.462226390838623,0.47467869792851836
BH_s19_medium,20,134,24.466666666666665,0.9436721801757812,0.8317417969600005
BH_s19_medium,20,135,24.5,0.529907763004303,1.092706949581324
BH_s19_medium,20,136,24.533333333333335,0.2878682613372803,1.2425917485965956
BH_s19_medium,20,137,24.566666666666666,0.19075943529605865,1.283653538853861
BH_s19_medium,20,138,24.6,0.2454407960176468,1.2287237198708938
BH_s19_medium,20,139,24.633333333333333,0.2400464117527008,1.0933751457564311
BH_s19_medium,20,140,24.666666666666668,0.07828883826732635,0.8904185256086375
BH_s19_medium,20,141,24.7,-0.08511147648096085,0.6285030596731842
BH_s19_medium,20,142,24.733333333333334,-0.35312390327453613,0.3146565428873269
BH_s19_medium,20,143,24.766666666666666,-0.5672763586044312,-0.040874305329048954
BH_s19_medium,20,144,24.8,-0.6841423511505127,-0.4198874056226465
BH_s19_medium,20,145,24.833333333333332,-0.785180389881134,-0.7938969489685652
BH_s19_medium,20,146,24.866666666666667,-0.793505072593689,-1.125599301172086
BH_s19_medium,20,147,24.9,-0.8352887630462646,-1.374138501348611
BH_s19_medium,20,148,24.933333333333334,-0.8481864333152771,-1.502834074010503
BH_s19_medium,20,149,24.966666666666665,-0.9028677940368652,-1.4871910004014812
BH_s19_medium,20,150,25.0,-0.6538083553314209,-1.3209339864905574
BH_s19_medium,20,151,25.033333333333335,0.1564103215932846,-1.0184539724201247
BH_s19_medium,20,152,25.066666666666666,1.259810209274292,-0.6131216507452216
BH_s19_medium,20,153,25.1,2.052821636199951,-0.15194547651728563
BH_s19_medium,20,154,25.133333333333333,2.1366353034973145,0.31226423286590715
BH_s19_medium,20,155,25.166666666666668,1.7372336387634277,0.7295974510792448
BH_s19_medium,20,156,25.2,1.2754526138305664,1.0606478868211364
BH_s19_medium,20,157,25.233333333333334,0.8995425701141357,1.281186903817282
BH_s19_medium,20,158,25.266666666666666,0.6329953074455261,1.3829612115566485
BH_s19_medium,20,159,25.3,0.4354749917984009,1.370994315357
BH_s19_medium,20,160,25.333333333333332,0.342744380235672,1.258910488985914
BH_s19_medium,20,161,25.366666666666667,0.290349543094635,1.0641800953811287
BH_s19_medium,20,162,25.4,0.12859196960926056,0.8046770198771459
BH_s19_medium,20,163,25.433333333333334,-0.0435648187994957,0.4970875112918976
BH_s19_medium,20,164,25.466666666666665,-0.30719900131225586,0.1571024287844363
BH_s19_medium,20,165,25.5,-0.5213514566421509,-0.1990192772964155
BH_s19_medium,20,166,25.533333333333335,-0.6824824213981628,-0.5522519895231979
BH_s19_medium,20,167,25.566666666666666,-0.7388237118721008,-0.8790956545862262
BH_s19_medium,20,168,25.6,-0.7872721552848816,-1.1517136983709615
BH_s19_medium,20,169,25.633333333333333,-0.793505072593689,-1.340806974876481
BH_s19_medium,20,170,25.666666666666668,-0.8481864333152771,-1.4208129464274017
BH_s19_medium,20,171,25.7,-0.9028677940368652,-1.375694512633512
BH_s19_medium,20,172,25.733333333333334,-0.8789443373680115,-1.2032044327164864
BH_s19_medium,20,173,25.766666666666666,-0.33333373069763184,-0.9163233365106342
BH_s19_medium,20,174,25.8,0.5927348136901855,-0.5419814453799997
BH_s19_medium,20,175,25.833333333333332,1.5661683082580566,-0.11796151341851283
BH_s19_medium,20,176,25.866666666666667,1.9405629634857178,0.3115225192494189
BH_s19_medium,20,177,25.9,1.7475905418395996,0.7015680437304592
BH_s19_medium,20,178,25.933333333333334,1.3460972309112549,1.0131401881596163
BH_s19_medium,20,179,25.966666666666665,0.9724737405776978,1.2190333518579493
BH_s19_medium,20,180,26.0,0.6745419502258301,1.3075855493012514
BH_s19_medium,20,181,26.033333333333335,0.40799465775489807,1.2829894213334991
BH_s19_medium,20,182,26.066666666666666,0.229003444314003,1.1619425616331478
BH_s19_medium,20,183,26.1,0.12192722409963608,0.9676167111573886
BH_s19_medium,20,184,26.133333333333333,0.0695323720574379,0.7231820049020441
BH_s19_medium,20,185,26.166666666666668,-0.10180304199457169,0.4473985235512102
BH_s19_medium,20,186,26.2,-0.37063682079315186,0.15356820870442242
BH_s19_medium,20,187,26.233333333333334,-0.5847892761230469,-0.14858118595897632
BH_s19_medium,20,188,26.266666666666666,-0.7415419816970825,-0.4494966327379465
BH_s19_medium,20,189,26.3,-0.84861820936203,-0.7364141763191362
BH_s19_medium,20,190,26.333333333333332,-0.9028677940368652,-0.9912176684828253
BH_s19_medium,20,191,26.366666666666667,-0.9575491547584534,-1.1904202417393308
BH_s19_medium,20,192,26.4,-1.0058027505874634,-1.3077775091545523
BH_s19_medium,20,193,26.433333333333334,-1.0122305154800415,-1.3193356864459784
BH_s19_medium,20,194,26.466666666666665,-1.0669118165969849,-1.2096417192564202
BH_s19_medium,20,195,26.5,-1.1629873514175415,-0.9771738838163051
BH_s19_medium,20,196,26.533333333333335,-0.9651626944541931,-0.6373642527164327
BH_s19_medium,20,197,26.566666666666666,-0.1887081116437912,-0.22229288371666203
BH_s19_medium,20,198,26.6,0.8095124363899231,0.2233718930405653
BH_s19_medium,20,199,26.633333333333333,1.5774232149124146,0.6498651541189531
BH_s19_medium,20,200,26.666666666666668,1.661914348602295,1.0115444591064677
BH_s19_medium,20,201,26.7,1.2830489873886108,1.2749610519697725
BH_s19_medium,20,202,26.733333333333334,0.8801326751708984,1.4230532106389415
BH_s19_medium,20,203,26.766666666666666,0.5589040517807007,1.4544147215192222
BH_s19_medium,20,204,26.8,0.3131723403930664,1.3789609098318472
BH_s19_medium,20,205,26.833333333333332,0.11754899471998215,1.212652634717089
BH_s19_medium,20,206,26.866666666666667,0.08139671385288239,0.9733049922794944
BH_s19_medium,20,207,26.9,0.06744064390659332,0.6780838895079194
BH_s19_medium,20,208,26.933333333333334,-0.0513051338493824,0.3425879821880141
BH_s19_medium,20,209,26.966666666666665,-0.2654575705528259,-0.018617822756049965
BH_s19_medium,20,210,27.0,-0.5342913269996643,-0.3902386078377683
BH_s19_medium,20,211,27.033333333333335,-0.6937624216079712,-0.7538787760157121
BH_s19_medium,20,212,27.066666666666666,-0.8481864333152771,-1.0862130111747959
BH_s19_medium,20,213,27.1,-0.9028677940368652,-1.3590840407641718
BH_s19_medium,20,214,27.133333333333333,-0.9028677940368652,-1.5424851848721899
BH_s19_medium,20,215,27.166666666666668,-0.9575491547584534,-1.6102281618317664
BH_s19_medium,20,216,27.2,-0.9575491547584534,-1.5466486970642008
BH_s19_medium,20,217,27.233333333333334,-1.0580028295516968,-1.3519186930850309
BH_s19_medium,20,218,27.266666666666666,-1.1215932369232178,-1.0440199095205318
BH_s19_medium,20,219,27.3,-0.9021143913269043,-0.6566919400083353
BH_s19_medium,20,220,27.333333333333332,-0.15411406755447388,-0.23387790789620438
BH_s19_medium,20,221,27.366666666666667,0.7391220331192017,0.17792012424050233
BH_s19_medium,20,222,27.4,1.3670645952224731,0.537418115789016
BH_s19_medium,20,223,27.433333333333334,1.3522707223892212,0.8144529672923517
BH_s19_medium,20,224,27.466666666666665,0.9465938806533813,0.9926197354997983
BH_s19_medium,20,225,27.5,0.5729703903198242,1.0685155703664504
BH_s19_medium,20,226,27.533333333333335,0.22454069554805756,1.0488799687839823
BH_s19_medium,20,227,27.566666666666666,0.05848940089344978,0.9473910079324488
BH_s19_medium,20,228,27.6,-0.027966007590293884,0.7819880839005334
BH_s19_medium,20,229,27.633333333333333,-0.027966007590293884,0.5726494335509024
BH_s19_medium,20,230,27.666666666666668,-0.04401380196213722,0.33968480315739613
BH_s19_medium,20,231,27.7,-0.16485130786895752,0.10296662316986836
BH_s19_medium,20,232,27.733333333333334,-0.37900373339653015,-0.11796249239516306
BH_s19_medium,20,233,27.766666666666666,-0.5931561589241028,-0.3037803599703803
BH_s19_medium,20,234,27.8,-0.800406813621521,-0.436298005681639
BH_s19_medium,20,235,27.833333333333332,-0.9028677940368652,-0.5007962549390726
BH_s19_medium,20,236,27.866666666666667,-0.9575491547584534,-0.4892662574061232
BH_s19_medium,20,237,27.9,-0.9575491547584534,-0.40334575210990814
BH_s19_medium,20,238,27.933333333333334,-0.9575491547584534,-0.255640887654179
BH_s19_medium,20,239,27.966666666666665,-1.007699728012085,-0.0686111718199893
BH_s19_medium,21,0,21.0,0.04383013769984245,-0.1214722362651226
BH_s19_medium,21,1,21.033333333333335,0.20330120623111725,0.042511030898415465
BH_s19_medium,21,2,21.066666666666666,0.30012214183807373,0.14985877814663393
BH_s19_medium,21,3,21.1,0.18736368417739868,0.15826669941898508
BH_s19_medium,21,4,21.133333333333333,-0.05354079604148865,0.05192775990434052
BH_s19_medium,21,5,21.166666666666668,-0.35030388832092285,-0.15732140026408026
BH_s19_medium,21,6,21.2,-0.619137704372406,-0.43703306824537264
BH_s19_medium,21,7,21.233333333333334,-0.7587162256240845,-0.744657990285041
BH_s19_medium,21,8,21.266666666666666,-0.8111110925674438,-1.036883845682831
BH_s19_medium,21,9,21.3,-0.8481864333152771,-1.275679865660124
BH_s19_medium,21,10,21.333333333333332,-0.8612194061279297,-1.4311604886581033
BH_s19_medium,21,11,21.366666666666667,-0.9028677940368652,-1.4824628380804499
BH_s19_medium,21,12,21.4,-0.8143463730812073,-1.4180350547133391
BH_s19_medium,21,13,21.433333333333334,-0.19730345904827118,-1.236223487204679
BH_s19_medium,21,14,21.466666666666665,0.8311243057250977,-0.9461008748494422
BH_s19_medium,21,15,21.5,1.839202642440796,-0.5677091613509168
BH_s19_medium,21,16,21.533333333333335,2.104607105255127,-0.13082154341884142
BH_s19_medium,21,17,21.566666666666666,1.6303099393844604,0.328013495845718
BH_s19_medium,21,18,21.6,0.9878526926040649,0.7694809217575215
BH_s19_medium,21,19,21.633333333333333,0.3925311863422394,1.155565993230084
BH_s19_medium,21,20,21.666666666666668,0.10106080025434494,1.4532129767202386
BH_s19_medium,21,21,21.7,0.08139671385288239,1.6375997573758176
BH_s19_medium,21,22,21.733333333333334,0.17635437846183777,1.6947522431090676
BH_s19_medium,21,23,21.766666666666666,0.2454407960176468,1.6227720922816105
BH_s19_medium,21,24,21.8,0.15505613386631012,1.431202593511531
BH_s19_medium,21,25,21.833333333333332,-0.040118224918842316,1.1387943297143057
BH_s19_medium,21,26,21.866666666666667,-0.3400822877883911,0.7705100956858894
BH_s19_medium,21,27,21.9,-0.5777857899665833,0.3547688792002832
BH_s19_medium,21,28,21.933333333333334,-0.7653809785842896,-0.07832762286980505
BH_s19_medium,21,29,21.966666666666665,-0.8481864333152771,-0.4976723205286907
BH_s19_medium,21,30,22.0,-0.9028677940368652,-0.871401077964014
BH_s19_medium,21,31,22.033333333333335,-0.9028677940368652,-1.1678248247128127
BH_s19_medium,21,32,22.066666666666666,-0.9028677940368652,-1.3579179917066264
BH_s19_medium,21,33,22.1,-0.8726183176040649,-1.4194597898924135
BH_s19_medium,21,34,22.133333333333333,-0.34987276792526245,-1.342010478003507
BH_s19_medium,21,35,22.166666666666668,0.6895979642868042,-1.1311715893036198
BH_s19_medium,21,36,22.2,1.8426406383514404,-0.8102853073170214
BH_s19_medium,21,37,22.233333333333334,2.372035026550293,-0.41809653570008126
BH_s19_medium,21,38,22.266666666666666,2.082453727722168,-0.0020753192472945017
BH_s19_medium,21,39,22.3,1.4414021968841553,0.3909370596512168
BH_s19_medium,21,40,22.333333333333332,0.9060211181640625,0.7231857465998949
BH_s19_medium,21,41,22.366666666666667,0.5283495187759399,0.9701360544154659
BH_s19_medium,21,42,22.4,0.3602573275566101,1.1197276629238209
BH_s19_medium,21,43,22.433333333333334,0.35480350255966187,1.1691398948839582
BH_s19_medium,21,44,22.466666666666665,0.39945805072784424,1.1218047160136029
BH_s19_medium,21,45,22.5,0.31243547797203064,0.9857590489783303
BH_s19_medium,21,46,22.533333333333335,0.11059638112783432,0.772861702331799
BH_s19_medium,21,47,22.566666666666666,-0.19603243470191956,0.49806349097287433
BH_s19_medium,21,48,22.6,-0.427071213722229,0.1786825723569994
BH_s19_medium,21,49,22.633333333333333,-0.6080016493797302,-0.16571973443585572
BH_s19_medium,21,50,22.666666666666668,-0.6841423511505127,-0.5126717522360855
BH_s19_medium,21,51,22.7,-0.7388237118721008,-0.8359873078512202
BH_s19_medium,21,52,22.733333333333334,-0.7651861906051636,-1.1058312014496539
BH_s19_medium,21,53,22.766666666666666,-0.793505072593689,-1.2905915972987687
BH_s19_medium,21,54,22.8,-0.8481864333152771,-1.3612376672231672
BH_s19_medium,21,55,22.833333333333332,-0.6959902048110962,-1.2978999108902118
BH_s19_medium,21,56,22.866666666666667,0.01761949434876442,-1.0967310126447198
BH_s19_medium,21,57,22.9,1.1205281019210815,-0.7740662200046247
BH_s19_medium,21,58,22.933333333333334,2.1004996299743652,-0.36568963934057
BH_s19_medium,21,59,22.966666666666665,2.2922616004943848,0.07898481349584965
BH_s19_medium,21,60,23.0,1.845529317855835,0.506142472893086
BH_s19_medium,21,61,23.033333333333335,1.3101483583450317,0.8675765382542107
BH_s19_medium,21,62,23.066666666666666,0.8364434838294983,1.1288947921182875
BH_s19_medium,21,63,23.1,0.5176366567611694,1.2739568548647358
BH_s19_medium,21,64,23.133333333333333,0.4105604588985443,1.304415340938853
BH_s19_medium,21,65,23.166666666666668,0.35480350255966187,1.2345734359125566
BH_s19_medium,21,66,23.2,0.3604521155357361,1.083620026485578
BH_s19_medium,21,67,23.233333333333334,0.26131099462509155,0.8686242156055922
BH_s19_medium,21,68,23.266666666666666,0.09161831438541412,0.6013740182651229
BH_s19_medium,21,69,23.3,-0.1669938713312149,0.2901750546330908
BH_s19_medium,21,70,23.333333333333332,-0.38114631175994873,-0.05493868067223761
BH_s19_medium,21,71,23.366666666666667,-0.5576984882354736,-0.4168437823340863
BH_s19_medium,21,72,23.4,-0.6647747159004211,-0.768792444873226
BH_s19_medium,21,73,23.433333333333334,-0.6841423511505127,-1.0759921202351497
BH_s19_medium,21,74,23.466666666666665,-0.714883029460907,-1.3007843800432564
BH_s19_medium,21,75,23.5,-0.7672778964042664,-1.4097966727998659
BH_s19_medium,21,76,23.533333333333335,-0.793505072593689,-1.3811924034629823
BH_s19_medium,21,77,23.566666666666666,-0.5408551096916199,-1.2103896663441078
BH_s19_medium,21,78,23.6,0.2757490277290344,-0.912920260944157
BH_s19_medium,21,79,23.633333333333333,1.3134244680404663,-0.5234007069314927
BH_s19_medium,21,80,23.666666666666668,2.0839691162109375,-0.09014890860801249
BH_s19_medium,21,81,23.7,2.045666217803955,0.3338477653618491
BH_s19_medium,21,82,23.733333333333334,1.5377827882766724,0.7012852915275837
BH_s19_medium,21,83,23.766666666666666,1.025012493133545,0.9788750781324267
BH_s19_medium,21,84,23.8,0.6124590039253235,1.1508956636856775
BH_s19_medium,21,85,23.833333333333332,0.40389570593833923,1.2172946366432351
BH_s19_medium,21,86,23.866666666666667,0.35480350255966187,1.1881724991943992
BH_s19_medium,21,87,23.9,0.40948486328125,1.077716007332056
BH_s19_medium,21,88,23.933333333333334,0.35607388615608215,0.8998486808273293
BH_s19_medium,21,89,23.966666666666665,0.19787316024303436,0.6663087115445826
BH_s19_medium,21,90,24.0,-0.016279270872473717,0.3870335506968999
BH_s19_medium,21,91,24.033333333333335,-0.28511306643486023,0.07245382787435437
BH_s19_medium,21,92,24.066666666666666,-0.5096818804740906,-0.2631618607410344
BH_s19_medium,21,93,24.1,-0.6714394688606262,-0.5987876970442809
BH_s19_medium,21,94,24.133333333333333,-0.7238342761993408,-0.9058710873939135
BH_s19_medium,21,95,24.166666666666668,-0.7762291431427002,-1.150807852407036
BH_s19_medium,21,96,24.2,-0.8286240100860596,-1.3003091936550084
BH_s19_medium,21,97,24.233333333333334,-0.8481864333152771,-1.3280064672716643
BH_s19_medium,21,98,24.266666666666666,-0.6713212728500366,-1.2203787743006447
BH_s19_medium,21,99,24.3,0.03406543284654617,-0.9807276781653073
BH_s19_medium,21,100,24.333333333333332,0.9973023533821106,-0.6306882279292602
BH_s19_medium,21,101,24.366666666666667,1.785588264465332,-0.2088775287801066
BH_s19_medium,21,102,24.4,1.8763631582260132,0.23413206345068277
BH_s19_medium,21,103,24.433333333333334,1.462226390838623,0.6447439483086511
BH_s19_medium,21,104,24.466666666666665,0.9436721801757812,0.9771243709595726
BH_s19_medium,21,105,24.5,0.529907763004303,1.2018566176697199
BH_s19_medium,21,106,24.533333333333335,0.2878682613372803,1.3090382308274056
BH_s19_medium,21,107,24.566666666666666,0.19075943529605865,1.3050750473416288
BH_s19_medium,21,108,24.6,0.2454407960176468,1.2053770249213993
BH_s19_medium,21,109,24.633333333333333,0.2400464117527008,1.0267463939473103
BH_s19_medium,21,110,24.666666666666668,0.07828883826732635,0.7827696244599971
BH_s19_medium,21,111,24.7,-0.08511147648096085,0.48361304189910237
BH_s19_medium,21,112,24.733333333333334,-0.35312390327453613,0.13947487345043522
BH_s19_medium,21,113,24.766666666666666,-0.5672763586044312,-0.23457560358196294
BH_s19_medium,21,114,24.8,-0.6841423511505127,-0.6150840995744756
BH_s19_medium,21,115,24.833333333333332,-0.785180389881134,-0.9699718606697117
BH_s19_medium,21,116,24.866666666666667,-0.793505072593689,-1.261931838886276
BH_s19_medium,21,117,24.9,-0.8352887630462646,-1.4543437784098816
BH_s19_medium,21,118,24.933333333333334,-0.8481864333152771,-1.5179820324605933
BH_s19_medium,21,119,24.966666666666665,-0.9028677940368652,-1.4369803357056865
BH_s19_medium,21,120,25.0,-0.6538083553314209,-1.2129725471044863
BH_s19_medium,21,121,25.033333333333335,0.1564103215932846,-0.866560445187718
BH_s19_medium,21,122,25.066666666666666,1.259810209274292,-0.43528980021793723
BH_s19_medium,21,123,25.1,2.052821636199951,0.0321201565406087
BH_s19_medium,21,124,25.133333333333333,2.1366353034973145,0.48412894498373
BH_s19_medium,21,125,25.166666666666668,1.7372336387634277,0.8749274344481914
BH_s19_medium,21,126,25.2,1.2754526138305664,1.1708638628125563
BH_s19_medium,21,127,25.233333333333334,0.8995425701141357,1.3534112137946968
BH_s19_medium,21,128,25.266666666666666,0.6329953074455261,1.4184744196006316
BH_s19_medium,21,129,25.3,0.4354749917984009,1.3728872129838994
BH_s19_medium,21,130,25.333333333333332,0.342744380235672,1.229809358529635
BH_s19_medium,21,131,25.366666666666667,0.290349543094635,1.0048623675518757
BH_s19_medium,21,132,25.4,0.12859196960926056,0.7140295308805915
BH_s19_medium,21,133,25.433333333333334,-0.0435648187994957,0.3733986559738311
BH_s19_medium,21,134,25.466666666666665,-0.30719900131225586,0.0004358632991147927
BH_s19_medium,21,135,25.5,-0.5213514566421509,-0.38381700350325826
BH_s19_medium,21,136,25.533333333333335,-0.6824824213981628,-0.7528982028326592
BH_s19_medium,21,137,25.566666666666666,-0.7388237118721008,-1.0750845791000294
BH_s19_medium,21,138,25.6,-0.7872721552848816,-1.3165253719585162
BH_s19_medium,21,139,25.633333333333333,-0.793505072593689,-1.4468992163618788
BH_s19_medium,21,140,25.666666666666668,-0.8481864333152771,-1.445841213516568
BH_s19_medium,21,141,25.7,-0.9028677940368652,-1.3079473184811445
BH_s19_medium,21,142,25.733333333333334,-0.8789443373680115,-1.0448001841909742
BH_s19_medium,21,143,25.766666666666666,-0.33333373069763184,-0.6836578963047901
BH_s19_medium,21,144,25.8,0.5927348136901855,-0.26345856518885763
BH_s19_medium,21,145,25.833333333333332,1.5661683082580566,0.17079913401902233
BH_s19_medium,21,146,25.866666666666667,1.9405629634857178,0.5743636226115324
BH_s19_medium,21,147,25.9,1.7475905418395996,0.9089122576504662
BH_s19_medium,21,148,25.933333333333334,1.3460972309112549,1.1475817114298887
BH_s19_medium,21,149,25.966666666666665,0.9724737405776978,1.277698430801494
BH_s19_medium,21,150,26.0,0.6745419502258301,1.3005184739068505
BH_s19_medium,21,151,26.033333333333335,0.40799465775489807,1.2281496879560818
BH_s19_medium,21,152,26.066666666666666,0.229003444314003,1.0786526307286177
BH_s19_medium,21,153,26.1,0.12192722409963608,0.870875483168874
BH_s19_medium,21,154,26.133333333333333,0.0695323720574379,0.620716262897731
BH_s19_medium,21,155,26.166666666666668,-0.10180304199457169,0.33997744010418623
BH_s19_medium,21,156,26.2,-0.37063682079315186,0.037839518637963185
BH_s19_medium,21,157,26.233333333333334,-0.5847892761230469,-0.2761031709656555
BH_s19_medium,21,158,26.266666666666666,-0.7415419816970825,-0.5887154238834532
BH_s19_medium,21,159,26.3,-0.84861820936203,-0.8813957109017083
BH_s19_medium,21,160,26.333333333333332,-0.9028677940368652,-1.1302190945589634
BH_s19_medium,21,161,26.366666666666667,-0.9575491547584534,-1.3084559327842775
BH_s19_medium,21,162,26.4,-1.0058027505874634,-1.3910817997488336
BH_s19_medium,21,163,26.433333333333334,-1.0122305154800415,-1.3601496972443983
BH_s19_medium,21,164,26.466666666666665,-1.0669118165969849,-1.2093854989756552
BH_s19_medium,21,165,26.5,-1.1629873514175415,-0.9466047883993837
BH_s19_medium,21,166,26.533333333333335,-0.9651626944541931,-0.5935661399688417
BH_s19_medium,21,167,26.566666666666666,-0.1887081116437912,-0.18368606873052
BH_s19_medium,21,168,26.6,0.8095124363899231,0.2420420035201163
BH_s19_medium,21,169,26.633333333333333,1.5774232149124146,0.6407659173717939
BH_s19_medium,21,170,26.666666666666668,1.661914348602295,0.9743748128325523
BH_s19_medium,21,171,26.7,1.2830489873886108,1.2153055926825633
BH_s19_medium,21,172,26.733333333333334,0.8801326751708984,1.3496397750175273
BH_s19_medium,21,173,26.766666666666666,0.5589040517807007,1.3765129849246232
BH_s19_medium,21,174,26.8,0.3131723403930664,1.3045947229766417
BH_s19_medium,21,175,26.833333333333332,0.11754899471998215,1.147624366763625
BH_s19_medium,21,176,26.866666666666667,0.08139671385288239,0.9208092421956263
BH_s19_medium,21,177,26.9,0.06744064390659332,0.6389704874508432
BH_s19_medium,21,178,26.933333333333334,-0.0513051338493824,0.3166165296295591
BH_s19_medium,21,179,26.966666666666665,-0.2654575705528259,-0.030478285144942278
BH_s19_medium,21,180,27.0,-0.5342913269996643,-0.3833523766466152
BH_s19_medium,21,181,27.033333333333335,-0.6937624216079712,-0.719011227313734
BH_s19_medium,21,182,27.066666666666666,-0.8481864333152771,-1.0113692300233321
BH_s19_medium,21,183,27.1,-0.9028677940368652,-1.2336742515087598
BH_s19_medium,21,184,27.133333333333333,-0.9028677940368652,-1.3616508722471916
BH_s19_medium,21,185,27.166666666666668,-0.9575491547584534,-1.376787599388988
BH_s19_medium,21,186,27.2,-0.9575491547584534,-1.269582619405019
BH_s19_medium,21,187,27.233333333333334,-1.0580028295516968,-1.0426162193789823
BH_s19_medium,21,188,27.266666666666666,-1.1215932369232178,-0.7128295789908539
BH_s19_medium,21,189,27.3,-0.9021143913269043,-0.3117568473720419
BH_s19_medium,21,190,27.333333333333332,-0.15411406755447388,0.11761365054190824
BH_s19_medium,21,191,27.366666666666667,0.7391220331192017,0.5276155485953575
BH_s19_medium,21,192,27.4,1.3670645952224731,0.874639916391257
BH_s19_medium,21,193,27.433333333333334,1.3522707223892212,1.1267346627243342
BH_s19_medium,21,194,27.466666666666665,0.9465938806533813,1.2673462385752856
BH_s19_medium,21,195,27.5,0.5729703903198242,1.2944558174709266
BH_s19_medium,21,196,27.533333333333335,0.22454069554805756,1.2166441816152171
BH_s19_medium,21,197,27.566666666666666,0.05848940089344978,1.0485771116024087
BH_s19_medium,21,198,27.6,-0.027966007590293884,0.8074729597174898
BH_s19_medium,21,199,27.633333333333333,-0.027966007590293884,0.5107890652841883
BH_s19_medium,21,200,27.666666666666668,-0.04401380196213722,0.1751181574744132
BH_s19_medium,21,201,27.7,-0.16485130786895752,-0.18344034983971103
BH_s19_medium,21,202,27.733333333333334,-0.37900373339653015,-0.5474884330274449
BH_s19_medium,21,203,27.766666666666666,-0.5931561589241028,-0.8960249929811231
BH_s19_medium,21,204,27.8,-0.800406813621521,-1.203193766822564
BH_s19_medium,21,205,27.833333333333332,-0.9028677940368652,-1.439502303939681
BH_s19_medium,21,206,27.866666666666667,-0.9575491547584534,-1.5758733744666218
BH_s19_medium,21,207,27.9,-0.9575491547584534,-1.5895097953917554
BH_s19_medium,21,208,27.933333333333334,-0.9575491547584534,-1.4696126384907213
BH_s19_medium,21,209,27.966666666666665,-1.007699728012085,-1.2208481981763062
BH_s19_medium,21,210,28.0,-1.0122305154800415,-0.8631808179963579
BH_s19_medium,21,211,28.033333333333335,-1.1124894618988037,-0.42823776036228584
BH_s19_medium,21,212,28.066666666666666,-0.9370386004447937,0.04592104867031821
BH_s19_medium,21,213,28.1,-0.24674296379089355,0.5194716390947608
BH_s19_medium,21,214,28.133333333333333,0.6873028874397278,0.9544211414781193
BH_s19_medium,21,215,28.166666666666668,1.466544508934021,1.3180525992080505
BH_s19_medium,21,216,28.2,1.5783296823501587,1.58650670032961
BH_s19_medium,21,217,28.233333333333334,1.2663151025772095,1.74729132156344
BH_s19_medium,21,218,28.266666666666666,0.8675823211669922,1.7992145356736702
BH_s19_medium,21,219,28.3,0.5463536977767944,1.7494726498035185
BH_s19_medium,21,220,28.333333333333332,0.3048054277896881,1.6093661972189834
BH_s19_medium,21,221,28.366666666666667,0.113365538418293,1.3909116589003063
BH_s19_medium,21,222,28.4,0.08139671385288239,1.1057658926580525
BH_s19_medium,21,223,28.433333333333334,0.08139671385288239,0.7663217815244359
BH_s19_medium,21,224,28.466666666666665,-0.004990680143237114,0.38785435344581504
BH_s19_medium,21,225,28.5,-0.2191431075334549,-0.009561034895816736
BH_s19_medium,21,226,28.533333333333335,-0.4332955479621887,-0.40035619455830873
BH_s19_medium,21,227,28.566666666666666,-0.6384544968605042,-0.7546300176071936
BH_s19_medium,21,228,28.6,-0.7455306649208069,-1.041438244475093
BH_s19_medium,21,229,28.633333333333333,-0.8481864333152771,-1.2339771534343944
BH_s19_medium,21,230,28.666666666666668,-0.9028677940368652,-1.3156368587114373
BH_s19_medium,21,231,28.7,-0.9028677940368652,-1.2851507751472675
BH_s19_medium,21,232,28.733333333333334,-0.9551101326942444,-1.1588355469218588
BH_s19_medium,21,233,28.766666666666666,-0.9575491547584534,-0.968483039234102
BH_s19_medium,21,234,28.8,-1.0598998069763184,-0.7547908119674451
BH_s19_medium,21,235,28.833333333333332,-1.076210379600525,-0.5578833794680415
BH_s19_medium,21,236,28.866666666666667,-0.6873862147331238,-0.40776799298994554
BH_s19_medium,21,237,28.9,0.13446831703186035,-0.31767029806921604
BH_s19_medium,21,238,28.933333333333334,1.007236123085022,-0.2819612413170642
BH_s19_medium,21,239,28.966666666666665,1.3753048181533813,-0.27889267962200504
BH_s19_medium,22,0,22.0,-0.9028677940368652,0.04591770932167724
BH_s19_medium,22,1,22.033333333333335,-0.9028677940368652,-0.263592918534077
BH_s19_medium,22,2,22.066666666666666,-0.9028677940368652,-0.5288978287610185
BH_s19_medium,22,3,22.1,-0.8726183176040649,-0.7104226808589311
BH_s19_medium,22,4,22.133333333333333,-0.34987276792526245,-0.7787186941338512
BH_s19_medium,22,5,22.166666666666668,0.6895979642868042,-0.7201312488360061
BH_s19_medium,22,6,22.2,1.8426406383514404,-0.5407611251615071
BH_s19_medium,22,7,22.233333333333334,2.372035026550293,-0.26646984320789374
BH_s19_medium,22,8,22.266666666666666,2.082453727722168,0.06247895953862969
BH_s19_medium,22,9,22.3,1.4414021968841553,0.40106024379336364
BH_s19_medium,22,10,22.333333333333332,0.9060211181640625,0.709194632580601
BH_s19_medium,22,11,22.366666666666667,0.5283495187759399,0.9569307593533298
BH_s19_medium,22,12,22.4,0.3602573275566101,1.1243539876518662
BH_s19_medium,22,13,22.433333333333334,0.35480350255966187,1.1994323683768775
BH_s19_medium,22,14,22.466666666666665,0.39945805072784424,1.1769553096884713
BH_s19_medium,22,15,22.5,0.31243547797203064,1.0590102785034854
BH_s19_medium,22,16,22.533333333333335,0.11059638112783432,0.8554882329709348
BH_s19_medium,22,17,22.566666666666666,-0.19603243470191956,0.5831265985556279
BH_s19_medium,22,18,22.6,-0.427071213722229,0.2629565737862837
BH_s19_medium,22,19,22.633333333333333,-0.6080016493797302,-0.08264960661889796
BH_s19_medium,22,20,22.666666666666668,-0.6841423511505127,-0.43189707989048953
BH_s19_medium,22,21,22.7,-0.7388237118721008,-0.7637387553333245
BH_s19_medium,22,22,22.733333333333334,-0.7651861906051636,-1.0566116945840287
BH_s19_medium,22,23,22.766666666666666,-0.793505072593689,-1.2870543367294498
BH_s19_medium,22,24,22.8,-0.8481864333152771,-1.43010174333809
BH_s19_medium,22,25,22.833333333333332,-0.6959902048110962,-1.4627278338717755
BH_s19_medium,22,26,22.866666666666667,0.01761949434876442,-1.3696820855051752
BH_s19_medium,22,27,22.9,1.1205281019210815,-1.1493458567697115
BH_s19_medium,22,28,22.933333333333334,2.1004996299743652,-0.8171143241887129
BH_s19_medium,22,29,22.966666666666665,2.2922616004943848,-0.40496811270895133
BH_s19_medium,22,30,23.0,1.845529317855835,0.04274075013273192
BH_s19_medium,22,31,23.033333333333335,1.3101483583450317,0.47629028335635903
BH_s19_medium,22,32,23.066666666666666,0.8364434838294983,0.8488600553104643
BH_s19_medium,22,33,23.1,0.5176366567611694,1.1242367873568333
BH_s19_medium,22,34,23.133333333333333,0.4105604588985443,1.2819415507426823
BH_s19_medium,22,35,23.166666666666668,0.35480350255966187,1.3182533166612584
BH_s19_medium,22,36,23.2,0.3604521155357361,1.2430489052754476
BH_s19_medium,22,37,23.233333333333334,0.26131099462509155,1.074083019117647
BH_s19_medium,22,38,23.266666666666666,0.09161831438541412,0.8312948769496363
BH_s19_medium,22,39,23.3,-0.1669938713312149,0.5334768823842448
BH_s19_medium,22,40,23.333333333333332,-0.38114631175994873,0.19830447374632515
BH_s19_medium,22,41,23.366666666666667,-0.5576984882354736,-0.15507068968495474
BH_s19_medium,22,42,23.4,-0.6647747159004211,-0.5030565354118796
BH_s19_medium,22,43,23.433333333333334,-0.6841423511505127,-0.8166986750863344
BH_s19_medium,22,44,23.466666666666665,-0.714883029460907,-1.0640827020452133
BH_s19_medium,22,45,23.5,-0.7672778964042664,-1.215588633473275
BH_s19_medium,22,46,23.533333333333335,-0.793505072593689,-1.2501689807921286
BH_s19_medium,22,47,23.566666666666666,-0.5408551096916199,-1.1604704908815189
BH_s19_medium,22,48,23.6,0.2757490277290344,-0.9552479253855408
BH_s19_medium,22,49,23.633333333333333,1.3134244680404663,-0.6584707602025968
BH_s19_medium,22,50,23.666666666666668,2.0839691162109375,-0.305242034686434
BH_s19_medium,22,51,23.7,2.045666217803955,0.06469353735584726
BH_s19_medium,22,52,23.733333333333334,1.5377827882766724,0.41422028242224135
BH_s19_medium,22,53,23.766666666666666,1.025012493133545,0.714562140157088
BH_s19_medium,22,54,23.8,0.6124590039253235,0.94726117170253
BH_s19_medium,22,55,23.833333333333332,0.40389570593833923,1.1019546921535683
BH_s19_medium,22,56,23.866666666666667,0.35480350255966187,1.1721941344177713
BH_s19_medium,22,57,23.9,0.40948486328125,1.1528958259277
BH_s19_medium,22,58,23.933333333333334,0.35607388615608215,1.0413799841344282
BH_s19_medium,22,59,23.966666666666665,0.19787316024303436,0.8408399854823931
BH_s19_medium,22,60,24.0,-0.016279270872473717,0.563176062215982
BH_s19_medium,22,61,24.033333333333335,-0.28511306643486023,0.2289013057262564
BH_s19_medium,22,62,24.066666666666666,-0.5096818804740906,-0.13540460446317673
BH_s19_medium,22,63,24.1,-0.6714394688606262,-0.4998030762643021
BH_s19_medium,22,64,24.133333333333333,-0.7238342761993408,-0.8326488369186635
BH_s19_medium,22,65,24.166666666666668,-0.7762291431427002,-1.1020299270937954
BH_s19_medium,22,66,24.2,-0.8286240100860596,-1.2782829673117675
BH_s19_medium,22,67,24.233333333333334,-0.8481864333152771,-1.3378046176671299
BH_s19_medium,22,68,24.266666666666666,-0.6713212728500366,-1.2672714763337076
BH_s19_medium,22,69,24.3,0.03406543284654617,-1.0671571959297448
BH_s19_medium,22,70,24.333333333333332,0.9973023533821106,-0.7539539028138523
BH_s19_medium,22,71,24.366666666666667,1.785588264465332,-0.36049302668727057
BH_s19_medium,22,72,24.4,1.8763631582260132,0.06715886754051237
BH_s19_medium,22,73,24.433333333333334,1.462226390838623,0.47746286381822217
BH_s19_medium,22,74,24.466666666666665,0.9436721801757812,0.824261520393036
BH_s19_medium,22,75,24.5,0.529907763004303,1.0763724004525221
BH_s19_medium,22,76,24.533333333333335,0.2878682613372803,1.221740448771259
BH_s19_medium,22,77,24.566666666666666,0.19075943529605865,1.2647924000515416
BH_s19_medium,22,78,24.6,0.2454407960176468,1.2189778046556645
BH_s19_medium,22,79,24.633333333333333,0.2400464117527008,1.0984495546467086
BH_s19_medium,22,80,24.666666666666668,0.07828883826732635,0.912611104412342
BH_s19_medium,22,81,24.7,-0.08511147648096085,0.6654936354527867
BH_s19_medium,22,82,24.733333333333334,-0.35312390327453613,0.3597869811424619
BH_s19_medium,22,83,24.766666666666666,-0.5672763586044312,0.0034407778675103196
BH_s19_medium,22,84,24.8,-0.6841423511505127,-0.3844795319350709
BH_s19_medium,22,85,24.833333333333332,-0.785180389881134,-0.7718206853162484
BH_s19_medium,22,86,24.866666666666667,-0.793505072593689,-1.1166136505573636
BH_s19_medium,22,87,24.9,-0.8352887630462646,-1.3746170861788416
BH_s19_medium,22,88,24.933333333333334,-0.8481864333152771,-1.5085729654104343
BH_s19_medium,22,89,24.966666666666665,-0.9028677940368652,-1.4962658458815985
BH_s19_medium,22,90,25.0,-0.6538083553314209,-1.3351981496011833
BH_s19_medium,22,91,25.033333333333335,0.1564103215932846,-1.0430186280528684
BH_s19_medium,22,92,25.066666666666666,1.259810209274292,-0.6541633421614084
BH_s19_medium,22,93,25.1,2.052821636199951,-0.21390055489310675
BH_s19_medium,22,94,25.133333333333333,2.1366353034973145,0.22900212892681468
BH_s19_medium,22,95,25.166666666666668,1.7372336387634277,0.6298254696579126
BH_s19_medium,22,96,25.2,1.2754526138305664,0.9541984761976711
BH_s19_medium,22,97,25.233333333333334,0.8995425701141357,1.1815899919604673
BH_s19_medium,22,98,25.266666666666666,0.6329953074455261,1.3051738378772555
BH_s19_medium,22,99,25.3,0.4354749917984009,1.3285650515623242
BH_s19_medium,22,100,25.333333333333332,0.342744380235672,1.2610680120242264
BH_s19_medium,22,101,25.366666666666667,0.290349543094635,1.1134392991548097
BH_s19_medium,22,102,25.4,0.12859196960926056,0.8956105354587738
BH_s19_medium,22,103,25.433333333333334,-0.0435648187994957,0.6168429647345562
BH_s19_medium,22,104,25.466666666666665,-0.30719900131225586,0.287946427046347
BH_s19_medium,22,105,25.5,-0.5213514566421509,-0.07548286577385982
BH_s19_medium,22,106,25.533333333333335,-0.6824824213981628,-0.45041228637242425
BH_s19_medium,22,107,25.566666666666666,-0.7388237118721008,-0.8060011217169656
BH_s19_medium,22,108,25.6,-0.7872721552848816,-1.1064769027057508
BH_s19_medium,22,109,25.633333333333333,-0.793505072593689,-1.316880248813033
BH_s19_medium,22,110,25.666666666666668,-0.8481864333152771,-1.4099202199632919
BH_s19_medium,22,111,25.7,-0.9028677940368652,-1.3715560137608065
BH_s19_medium,22,112,25.733333333333334,-0.8789443373680115,-1.2035040471998895
BH_s19_medium,22,113,25.766666666666666,-0.33333373069763184,-0.9223718432673189
BH_s19_medium,22,114,25.8,0.5927348136901855,-0.5566277718521836
BH_s19_medium,22,115,25.833333333333332,1.5661683082580566,-0.14294102426273697
BH_s19_medium,22,116,25.866666666666667,1.9405629634857178,0.2776618520932612
BH_s19_medium,22,117,25.9,1.7475905418395996,0.664303436081435
BH_s19_medium,22,118,25.933333333333334,1.3460972309112549,0.9813713216591554
BH_s19_medium,22,119,25.966666666666665,0.9724737405776978,1.2031303050497069
BH_s19_medium,22,120,26.0,0.6745419502258301,1.3165210817880315
BH_s19_medium,22,121,26.033333333333335,0.40799465775489807,1.3213844208495618
BH_s19_medium,22,122,26.066666666666666,0.229003444314003,1.2280125424259316
BH_s19_medium,22,123,26.1,0.12192722409963608,1.0527418310132581
BH_s19_medium,22,124,26.133333333333333,0.0695323720574379,0.8132524031316498
BH_s19_medium,22,125,26.166666666666668,-0.10180304199457169,0.5255685818815361
BH_s19_medium,22,126,26.2,-0.37063682079315186,0.203877230008773
BH_s19_medium,22,127,26.233333333333334,-0.5847892761230469,-0.13729786638321795
BH_s19_medium,22,128,26.266666666666666,-0.7415419816970825,-0.48030635143309536
BH_s19_medium,22,129,26.3,-0.84861820936203,-0.8029625571726043
BH_s19_medium,22,130,26.333333333333332,-0.9028677940368652,-1.0796412001735485
BH_s19_medium,22,131,26.366666666666667,-0.9575491547584534,-1.2846419347262652
BH_s19_medium,22,132,26.4,-1.0058027505874634,-1.3965471907943139
BH_s19_medium,22,133,26.433333333333334,-1.0122305154800415,-1.4019327864910303
BH_s19_medium,22,134,26.466666666666665,-1.0669118165969849,-1.2971616236583312
BH_s19_medium,22,135,26.5,-1.1629873514175415,-1.0880978659608167
BH_s19_medium,22,136,26.533333333333335,-0.9651626944541931,-0.7888967815346307
BH_s19_medium,22,137,26.566666666666666,-0.1887081116437912,-0.4212329183437683
BH_s19_medium,22,138,26.6,0.8095124363899231,-0.013927296053961315
BH_s19_medium,22,139,26.633333333333333,1.5774232149124146,0.39845368148466853
BH_s19_medium,22,140,26.666666666666668,1.661914348602295,0.7791496057536709
BH_s19_medium,22,141,26.7,1.2830489873886108,1.09439395611043
BH_s19_medium,22,142,26.733333333333334,0.8801326751708984,1.3182764964696931
BH_s19_medium,22,143,26.766666666666666,0.5589040517807007,1.4353728824053842
BH_s19_medium,22,144,26.8,0.3131723403930664,1.4408342423923863
BH_s19_medium,22,145,26.833333333333332,0.11754899471998215,1.3389840940996465
BH_s19_medium,22,146,26.866666666666667,0.08139671385288239,1.1412565559034151
BH_s19_medium,22,147,26.9,0.06744064390659332,0.8637504612196738
BH_s19_medium,22,148,26.933333333333334,-0.0513051338493824,0.5250983592142281
BH_s19_medium,22,149,26.966666666666665,-0.2654575705528259,0.14574019055124998
BH_s19_medium,22,150,27.0,-0.5342913269996643,-0.2512045658237299
BH_s19_medium,22,151,27.033333333333335,-0.6937624216079712,-0.6387012821462925
BH_s19_medium,22,152,27.066666666666666,-0.8481864333152771,-0.9859777875222003
BH_s19_medium,22,153,27.1,-0.9028677940368652,-1.2610987249751942
BH_s19_medium,22,154,27.133333333333333,-0.9028677940368652,-1.435371530508646
BH_s19_medium,22,155,27.166666666666668,-0.9575491547584534,-1.4879762727664236
BH_s19_medium,22,156,27.2,-0.9575491547584534,-1.4094600616066317
BH_s19_medium,22,157,27.233333333333334,-1.0580028295516968,-1.203623225630668
BH_s19_medium,22,158,27.266666666666666,-1.1215932369232178,-0.887831460430983
BH_s19_medium,22,159,27.3,-0.9021143913269043,-0.49172772481167487
BH_s19_medium,22,160,27.333333333333332,-0.15411406755447388,-0.05412028537140893
BH_s19_medium,22,161,27.366666666666667,0.7391220331192017,0.38194302128646973
BH_s19_medium,22,162,27.4,1.3670645952224731,0.7750989996485128
BH_s19_medium,22,163,27.433333333333334,1.3522707223892212,1.091069859640339
BH_s19_medium,22,164,27.466666666666665,0.9465938806533813,1.306132662695131
BH_s19_medium,22,165,27.5,0.5729703903198242,1.4081565613806684
BH_s19_medium,22,166,27.533333333333335,0.22454069554805756,1.3957770431098413
BH_s19_medium,22,167,27.566666666666666,0.05848940089344978,1.276655131826504
BH_s19_medium,22,168,27.6,-0.027966007590293884,1.06524850432248
BH_s19_medium,22,169,27.633333333333333,-0.027966007590293884,0.7801398099386359
BH_s19_medium,22,170,27.666666666666668,-0.04401380196213722,0.44148827286234155
BH_s19_medium,22,171,27.7,-0.16485130786895752,0.06969179525979458
BH_s19_medium,22,172,27.733333333333334,-0.37900373339653015,-0.3141945464631979
BH_s19_medium,22,173,27.766666666666666,-0.5931561589241028,-0.6869721846392659
BH_s19_medium,22,174,27.8,-0.800406813621521,-1.0223305659273279
BH_s19_medium,22,175,27.833333333333332,-0.9028677940368652,-1.2918971770969758
BH_s19_medium,22,176,27.866666666666667,-0.9575491547584534,-1.4687224900344433
BH_s19_medium,22,177,27.9,-0.9575491547584534,-1.5321593110245175
BH_s19_medium,22,178,27.933333333333334,-0.9575491547584534,-1.4721445334143766
BH_s19_medium,22,179,27.966666666666665,-1.007699728012085,-1.2910882967937418
BH_s19_medium,22,180,28.0,-1.0122305154800415,-1.0029075488356207
BH_s19_medium,22,181,28.033333333333335,-1.1124894618988037,-0.6303361942565227
BH_s19_medium,22,182,28.066666666666666,-0.9370386004447937,-0.2023746263169123
BH_s19_medium,22,183,28.1,-0.24674296379089355,0.24706794852356825
BH_s19_medium,22,184,28.133333333333333,0.6873028874397278,0.68017036619589
BH_s19_medium,22,185,28.166666666666668,1.466544508934021,1.057775121062039
BH_s19_medium,22,186,28.2,1.5783296823501587,1.3444757521082278
BH_s19_medium,22,187,28.233333333333334,1.2663151025772095,1.51492509639642
BH_s19_medium,22,188,28.266666666666666,0.8675823211669922,1.5585387279005025
BH_s19_medium,22,189,28.3,0.5463536977767944,1.4802078365770197
BH_s19_medium,22,190,28.333333333333332,0.3048054277896881,1.296892524234673
BH_s19_medium,22,191,28.366666666666667,0.113365538418293,1.0321639165982184
BH_s19_medium,22,192,28.4,0.08139671385288239,0.711215876728186
BH_s19_medium,22,193,28.433333333333334,0.08139671385288239,0.3578919758622474
BH_s19_medium,22,194,28.466666666666665,-0.004990680143237114,-0.005992696229966532
BH_s19_medium,22,195,28.5,-0.2191431075334549,-0.35981586353905887
BH_s19_medium,22,196,28.533333333333335,-0.4332955479621887,-0.6832291849904515
BH_s19_medium,22,197,28.566666666666666,-0.6384544968605042,-0.9564268889921625
BH_s19_medium,22,198,28.6,-0.7455306649208069,-1.161850347805195
BH_s19_medium,22,199,28.633333333333333,-0.8481864333152771,-1.286430648311579
BH_s19_medium,22,200,28.666666666666668,-0.9028677940368652,-1.323047256689481
BH_s19_medium,22,201,28.7,-0.9028677940368652,-1.270407335610569
BH_s19_medium,22,202,28.733333333333334,-0.9551101326942444,-1.1316382704581098
BH_s19_medium,22,203,28.766666666666666,-0.9575491547584534,-0.9127543000450609
BH_s19_medium,22,204,28.8,-1.0598998069763184,-0.6222306056093091
BH_s19_medium,22,205,28.833333333333332,-1.076210379600525,-0.27233591927495565
BH_s19_medium,22,206,28.866666666666667,-0.6873862147331238,0.1180167100252824
BH_s19_medium,22,207,28.9,0.13446831703186035,0.520340202061729
BH_s19_medium,22,208,28.933333333333334,1.007236123085022,0.8961150213426987
BH_s19_medium,22,209,28.966666666666665,1.3753048181533813,1.2010274760380797
BH_s19_medium,22,210,29.0,1.148585557937622,1.3937449552436187
BH_s19_medium,22,211,29.033333333333335,0.7749620079994202,1.4461733274369855
BH_s19_medium,22,212,29.066666666666666,0.4054116904735565,1.350860182715636
BH_s19_medium,22,213,29.1,0.13657790422439575,1.1223795611353364
BH_s19_medium,22,214,29.133333333333333,-0.022893168032169342,0.7924828079233407
BH_s19_medium,22,215,29.166666666666668,-0.13732872903347015,0.4016299809889491
BH_s19_medium,22,216,29.2,-0.15755997598171234,-0.00945595229312958
BH_s19_medium,22,217,29.233333333333334,-0.20995482802391052,-0.4054822487772662
BH_s19_medium,22,218,29.266666666666666,-0.38737064599990845,-0.7587228147208597
BH_s19_medium,22,219,29.3,-0.6015231013298035,-1.0485682890059203
BH_s19_medium,22,220,29.333333333333332,-0.8156754970550537,-1.2602137998093572
BH_s19_medium,22,221,29.366666666666667,-0.9751465916633606,-1.3837551864967599
BH_s19_medium,22,222,29.4,-1.1215932369232178,-1.4138377063424925
BH_s19_medium,22,223,29.433333333333334,-1.1805002689361572,-1.3492399041536627
BH_s19_medium,22,224,29.466666666666665,-1.230955958366394,-1.1920959136596443
BH_s19_medium,22,225,29.5,-1.285290002822876,-0.9475615945509623
BH_s19_medium,22,226,29.533333333333335,-1.3376848697662354,-0.6254162330890843
BH_s19_medium,22,227,29.566666666666666,-1.3900797367095947,-0.2437814376386859
BH_s19_medium,22,228,29.6,-1.4971559047698975,0.16785383777892607
BH_s19_medium,22,229,29.633333333333333,-1.4139866828918457,0.570094629573495
BH_s19_medium,22,230,29.666666666666668,-0.930645227432251,0.920204552885432
BH_s19_medium,22,231,29.7,-0.14049671590328217,1.1807874706842418
BH_s19_medium,22,232,29.733333333333334,0.530093252658844,1.327448362765545
BH_s19_medium,22,233,29.766666666666666,0.7015310525894165,1.3538639648236583
BH_s19_medium,22,234,29.8,0.41758108139038086,1.2730617098897392
BH_s19_medium,22,235,29.833333333333332,0.09635243564844131,1.113621191887262
BH_s19_medium,22,236,29.866666666666667,-0.1956937164068222,0.9108179313865363
BH_s19_medium,22,237,29.9,-0.40984615683555603,0.6952462757284978
BH_s19_medium,22,238,29.933333333333334,-0.5200982689857483,0.4835810635096983
BH_s19_medium,22,239,29.966666666666665,-0.49777528643608093,0.2760592459036624
BH_s19_medium,23,0,23.0,1.845529317855835,0.014289661307292924
BH_s19_medium,23,1,23.033333333333335,1.3101483583450317,0.35710076155043513
BH_s19_medium,23,2,23.066666666666666,0.8364434838294983,0.6602749275505555
BH_s19_medium,23,3,23.1,0.5176366567611694,0.8897138018260856
BH_s19_medium,23,4,23.133333333333333,0.4105604588985443,1.0194599493060117
BH_s19_medium,23,5,23.166666666666668,0.35480350255966187,1.0366988589583823
BH_s19_medium,23,6,23.2,0.3604521155357361,0.944610725499171
BH_s19_medium,23,7,23.233333333333334,0.26131099462509155,0.760849711865589
BH_s19_medium,23,8,23.266666666666666,0.09161831438541412,0.5117827273597432
BH_s19_medium,23,9,23.3,-0.1669938713312149,0.22513146819762433
BH_s19_medium,23,10,23.333333333333332,-0.38114631175994873,-0.07560197970415528
BH_s19_medium,23,11,23.366666666666667,-0.5576984882354736,-0.3727511445703695
BH_s19_medium,23,12,23.4,-0.6647747159004211,-0.6521262665201988
BH_s19_medium,23,13,23.433333333333334,-0.6841423511505127,-0.8986360842287906
BH_s19_medium,23,14,23.466666666666665,-0.714883029460907,-1.0927682766634976
BH_s19_medium,23,15,23.5,-0.7672778964042664,-1.2103889621115556
BH_s19_medium,23,16,23.533333333333335,-0.793505072593689,-1.2268111041642666
BH_s19_medium,23,17,23.566666666666666,-0.5408551096916199,-1.1240920841058946
BH_s19_medium,23,18,23.6,0.2757490277290344,-0.8988502524127583
BH_s19_medium,23,19,23.633333333333333,1.3134244680404663,-0.5672939145743449
BH_s19_medium,23,20,23.666666666666668,2.0839691162109375,-0.16499288058806333
BH_s19_medium,23,21,23.7,2.045666217803955,0.2591114307990365
BH_s19_medium,23,22,23.733333333333334,1.5377827882766724,0.6526758987964412
BH_s19_medium,23,23,23.766666666666666,1.025012493133545,0.9705371822179969
BH_s19_medium,23,24,23.8,0.6124590039253235,1.1824232471295635
BH_s19_medium,23,25,23.833333333333332,0.40389570593833923,1.275803438478487
BH_s19_medium,23,26,23.866666666666667,0.35480350255966187,1.2542162371117689
BH_s19_medium,23,27,23.9,0.40948486328125,1.1329752963861863
BH_s19_medium,23,28,23.933333333333334,0.35607388615608215,0.9340222356375942
BH_s19_medium,23,29,23.966666666666665,0.19787316024303436,0.680879109263389
BH_s19_medium,23,30,24.0,-0.016279270872473717,0.39446347385675057
BH_s19_medium,23,31,24.033333333333335,-0.28511306643486023,0.09085711684544907
BH_s19_medium,23,32,24.066666666666666,-0.5096818804740906,-0.21792752965317702
BH_s19_medium,23,33,24.1,-0.6714394688606262,-0.5202424096896542
BH_s19_medium,23,34,24.133333333333333,-0.7238342761993408,-0.8001023147277615
BH_s19_medium,23,35,24.166666666666668,-0.7762291431427002,-1.0345063837894695
BH_s19_medium,23,36,24.2,-0.8286240100860596,-1.1948686755046802
BH_s19_medium,23,37,24.233333333333334,-0.8481864333152771,-1.2524514981451167
BH_s19_medium,23,38,24.266666666666666,-0.6713212728500366,-1.1858306737971989
BH_s19_medium,23,39,24.3,0.03406543284654617,-0.9878791193256692
BH_s19_medium,23,40,24.333333333333332,0.9973023533821106,-0.6704377274733346
BH_s19_medium,23,41,24.366666666666667,1.785588264465332,-0.2654984447105943
BH_s19_medium,23,42,24.4,1.8763631582260132,0.1782872389792295
BH_s19_medium,23,43,24.433333333333334,1.462226390838623,0.6042339422487089
BH_s19_medium,23,44,24.466666666666665,0.9436721801757812,0.9594281992064391
BH_s19_medium,23,45,24.5,0.529907763004303,1.205516655979088
BH_s19_medium,23,46,24.533333333333335,0.2878682613372803,1.3244280366965482
BH_s19_medium,23,47,24.566666666666666,0.19075943529605865,1.3174534088547152
BH_s19_medium,23,48,24.6,0.2454407960176468,1.199275241850136
BH_s19_medium,23,49,24.633333333333333,0.2400464117527008,0.9904994313421348
BH_s19_medium,23,50,24.666666666666668,0.07828883826732635,0.7120019538041173
BH_s19_medium,23,51,24.7,-0.08511147648096085,0.38265350684607957
BH_s19_medium,23,52,24.733333333333334,-0.35312390327453613,0.020113183164928043
BH_s19_medium,23,53,24.766666666666666,-0.5672763586044312,-0.3567641029595173
BH_s19_medium,23,54,24.8,-0.6841423511505127,-0.7255833325368664
BH_s19_medium,23,55,24.833333333333332,-0.785180389881134,-1.0594041123355409
BH_s19_medium,23,56,24.866666666666667,-0.793505072593689,-1.3277604839712536
BH_s19_medium,23,57,24.9,-0.8352887630462646,-1.499811447192114
BH_s19_medium,23,58,24.933333333333334,-0.8481864333152771,-1.5491828643882426
BH_s19_medium,23,59,24.966666666666665,-0.9028677940368652,-1.4595624808601297
BH_s19_medium,23,60,25.0,-0.6538083553314209,-1.2297024601433444
BH_s19_medium,23,61,25.033333333333335,0.1564103215932846,-0.8762729328795728
BH_s19_medium,23,62,25.066666666666666,1.259810209274292,-0.4332067616151462
BH_s19_medium,23,63,25.1,2.052821636199951,0.05293921315309314
BH_s19_medium,23,64,25.133333333333333,2.1366353034973145,0.5306162204414755
BH_s19_medium,23,65,25.166666666666668,1.7372336387634277,0.9517012971338804
BH_s19_medium,23,66,25.2,1.2754526138305664,1.2783178456497057
BH_s19_medium,23,67,25.233333333333334,0.8995425701141357,1.4865389197472678
BH_s19_medium,23,68,25.266666666666666,0.6329953074455261,1.566781284298249
BH_s19_medium,23,69,25.3,0.4354749917984009,1.5217623072798288
BH_s19_medium,23,70,25.333333333333332,0.342744380235672,1.3632599400956027
BH_s19_medium,23,71,25.366666666666667,0.290349543094635,1.1087762989894516
BH_s19_medium,23,72,25.4,0.12859196960926056,0.7789240875436629
BH_s19_medium,23,73,25.433333333333334,-0.0435648187994957,0.3959994222546051
BH_s19_medium,23,74,25.466666666666665,-0.30719900131225586,-0.016258383474153905
BH_s19_medium,23,75,25.5,-0.5213514566421509,-0.4321585837472918
BH_s19_medium,23,76,25.533333333333335,-0.6824824213981628,-0.8235210527601463
BH_s19_medium,23,77,25.566666666666666,-0.7388237118721008,-1.1599745851367094
BH_s19_medium,23,78,25.6,-0.7872721552848816,-1.410916083602677
BH_s19_medium,23,79,25.633333333333333,-0.793505072593689,-1.5494060707887738
BH_s19_medium,23,80,25.666666666666668,-0.8481864333152771,-1.5571834856882663
BH_s19_medium,23,81,25.7,-0.9028677940368652,-1.4290481860535784
BH_s19_medium,23,82,25.733333333333334,-0.8789443373680115,-1.174844357001275
BH_s19_medium,23,83,25.766666666666666,-0.33333373069763184,-0.818274420688234
BH_s19_medium,23,84,25.8,0.5927348136901855,-0.3932031672758804
BH_s19_medium,23,85,25.833333333333332,1.5661683082580566,0.06103109002221275
BH_s19_medium,23,86,25.866666666666667,1.9405629634857178,0.5040557847260594
BH_s19_medium,23,87,25.9,1.7475905418395996,0.8982248067434595
BH_s19_medium,23,88,25.933333333333334,1.3460972309112549,1.2117656862449517
BH_s19_medium,23,89,25.966666666666665,0.9724737405776978,1.4213896712575147
BH_s19_medium,23,90,26.0,0.6745419502258301,1.514217932537501
BH_s19_medium,23,91,26.033333333333335,0.40799465775489807,1.4886246418074371
BH_s19_medium,23,92,26.066666666666666,0.229003444314003,1.353519197763515
BH_s19_medium,23,93,26.1,0.12192722409963608,1.125930082714642
BH_s19_medium,23,94,26.133333333333333,0.0695323720574379,0.8274854461650275
BH_s19_medium,23,95,26.166666666666668,-0.10180304199457169,0.4809992032646259
BH_s19_medium,23,96,26.2,-0.37063682079315186,0.10834553275105656
BH_s19_medium,23,97,26.233333333333334,-0.5847892761230469,-0.2698946946928787
BH_s19_medium,23,98,26.266666666666666,-0.7415419816970825,-0.6335090547564898
BH_s19_medium,23,99,26.3,-0.84861820936203,-0.9615825841952156
BH_s19_medium,23,100,26.333333333333332,-0.9028677940368652,-1.2323224724757653
BH_s19_medium,23,101,26.366666666666667,-0.9575491547584534,-1.4241964731264511
BH_s19_medium,23,102,26.4,-1.0058027505874634,-1.5181314428231174
BH_s19_medium,23,103,26.433333333333334,-1.0122305154800415,-1.5001817402726398
BH_s19_medium,23,104,26.466666666666665,-1.0669118165969849,-1.3641668538159946
BH_s19_medium,23,105,26.5,-1.1629873514175415,-1.1140228728216826
BH_s19_medium,23,106,26.533333333333335,-0.9651626944541931,-0.7656191215970897
BH_s19_medium,23,107,26.566666666666666,-0.1887081116437912,-0.34732692020768563
BH_s19_medium,23,108,26.6,0.8095124363899231,0.10194037526982735
BH_s19_medium,23,109,26.633333333333333,1.5774232149124146,0.5380331717383113
BH_s19_medium,23,110,26.666666666666668,1.661914348602295,0.9191362868945228
BH_s19_medium,23,111,26.7,1.2830489873886108,1.212743411269369
BH_s19_medium,23,112,26.733333333333334,0.8801326751708984,1.3992536430382918
BH_s19_medium,23,113,26.766666666666666,0.5589040517807007,1.4713921681802493
BH_s19_medium,23,114,26.8,0.3131723403930664,1.4311408385309767
BH_s19_medium,23,115,26.833333333333332,0.11754899471998215,1.2867982466583305
BH_s19_medium,23,116,26.866666666666667,0.08139671385288239,1.0514115357718983
BH_s19_medium,23,117,26.9,0.06744064390659332,0.7420776391245185
BH_s19_medium,23,118,26.933333333333334,-0.0513051338493824,0.3794260035922045
BH_s19_medium,23,119,26.966666666666665,-0.2654575705528259,-0.01279383458927327
BH_s19_medium,23,120,27.0,-0.5342913269996643,-0.40808747180598864
BH_s19_medium,23,121,27.033333333333335,-0.6937624216079712,-0.7779474587752794
BH_s19_medium,23,122,27.066666666666666,-0.8481864333152771,-1.0932520760277964
BH_s19_medium,23,123,27.1,-0.9028677940368652,-1.326333553653328
BH_s19_medium,23,124,27.133333333333333,-0.9028677940368652,-1.45360785122616
BH_s19_medium,23,125,27.166666666666668,-0.9575491547584534,-1.4586090663518416
BH_s19_medium,23,126,27.2,-0.9575491547584534,-1.335036611917525
BH_s19_medium,23,127,27.233333333333334,-1.0580028295516968,-1.0891425416815501
BH_s19_medium,23,128,27.266666666666666,-1.1215932369232178,-0.740698410464141
BH_s19_medium,23,129,27.3,-0.9021143913269043,-0.32188409791855715
BH_s19_medium,23,130,27.333333333333332,-0.15411406755447388,0.12626653080727346
BH_s19_medium,23,131,27.366666666666667,0.7391220331192017,0.5595310667668938
BH_s19_medium,23,132,27.4,1.3670645952224731,0.936938571448121
BH_s19_medium,23,133,27.433333333333334,1.3522707223892212,1.2261528330587237
BH_s19_medium,23,134,27.466666666666665,0.9465938806533813,1.4065473761249838
BH_s19_medium,23,135,27.5,0.5729703903198242,1.4697903695528196
BH_s19_medium,23,136,27.533333333333335,0.22454069554805756,1.4184633765731964
BH_s19_medium,23,137,27.566666666666666,0.05848940089344978,1.2634235621032135
BH_s19_medium,23,138,27.6,-0.027966007590293884,1.0206000797097803
BH_s19_medium,23,139,27.633333333333333,-0.027966007590293884,0.7080591044778711
BH_s19_medium,23,140,27.666666666666668,-0.04401380196213722,0.34442838168992446
BH_s19_medium,23,141,27.7,-0.16485130786895752,-0.05058688780671882
BH_s19_medium,23,142,27.733333333333334,-0.37900373339653015,-0.45417521300749447
BH_s19_medium,23,143,27.766666666666666,-0.5931561589241028,-0.8387287009167629
BH_s19_medium,23,144,27.8,-0.800406813621521,-1.1724320739017562
BH_s19_medium,23,145,27.833333333333332,-0.9028677940368652,-1.4229230714912353
BH_s19_medium,23,146,27.866666666666667,-0.9575491547584534,-1.5631385187391116
BH_s19_medium,23,147,27.9,-0.9575491547584534,-1.5771162794385802
BH_s19_medium,23,148,27.933333333333334,-0.9575491547584534,-1.463243288290718
BH_s19_medium,23,149,27.966666666666665,-1.007699728012085,-1.2335617318538574
BH_s19_medium,23,150,28.0,-1.0122305154800415,-0.9098467285675854
BH_s19_medium,23,151,28.033333333333335,-1.1124894618988037,-0.518944982704342
BH_s19_medium,23,152,28.066666666666666,-0.9370386004447937,-0.09001232346473274
BH_s19_medium,23,153,28.1,-0.24674296379089355,0.3455720963116573
BH_s19_medium,23,154,28.133333333333333,0.6873028874397278,0.7535959303375306
BH_s19_medium,23,155,28.166666666666668,1.466544508934021,1.0987474206128118
BH_s19_medium,23,156,28.2,1.5783296823501587,1.3496969089154849
BH_s19_medium,23,157,28.233333333333334,1.2663151025772095,1.4854529713033526
BH_s19_medium,23,158,28.266666666666666,0.8675823211669922,1.4996367131986532
BH_s19_medium,23,159,28.3,0.5463536977767944,1.40048253073972
BH_s19_medium,23,160,28.333333333333332,0.3048054277896881,1.206858614645638
BH_s19_medium,23,161,28.366666666666667,0.113365538418293,0.9425713720200114
BH_s19_medium,23,162,28.4,0.08139671385288239,0.6314585631802119
BH_s19_medium,23,163,28.433333333333334,0.08139671385288239,0.2947391751471089
BH_s19_medium,23,164,28.466666666666665,-0.004990680143237114,-0.049159488015498895
BH_s19_medium,23,165,28.5,-0.2191431075334549,-0.3830918813832465
BH_s19_medium,23,166,28.533333333333335,-0.4332955479621887,-0.689435690237185
BH_s19_medium,23,167,28.566666666666666,-0.6384544968605042,-0.9494830305968118
BH_s19_medium,23,168,28.6,-0.7455306649208069,-1.1445950222072534
BH_s19_medium,23,169,28.633333333333333,-0.8481864333152771,-1.258695622064291
BH_s19_medium,23,170,28.666666666666668,-0.9028677940368652,-1.2810174895427606
BH_s19_medium,23,171,28.7,-0.9028677940368652,-1.2080056771893584
BH_s19_medium,23,172,28.733333333333334,-0.9551101326942444,-1.0438235823155753
BH_s19_medium,23,173,28.766666666666666,-0.9575491547584534,-0.7995764953330056
BH_s19_medium,23,174,28.8,-1.0598998069763184,-0.4918260884662301
BH_s19_medium,23,175,28.833333333333332,-1.076210379600525,-0.14125566685903174
BH_s19_medium,23,176,28.866666666666667,-0.6873862147331238,0.22763747293224834
BH_s19_medium,23,177,28.9,0.13446831703186035,0.5858699012020427
BH_s19_medium,23,178,28.933333333333334,1.007236123085022,0.900094408312419
BH_s19_medium,23,179,28.966666666666665,1.3753048181533813,1.1358251780612723
BH_s19_medium,23,180,29.0,1.148585557937622,1.2640852201583477
BH_s19_medium,23,181,29.033333333333335,0.7749620079994202,1.2689223150475026
BH_s19_medium,23,182,29.066666666666666,0.4054116904735565,1.1519923337036875
BH_s19_medium,23,183,29.1,0.13657790422439575,0.9317008987053641
BH_s19_medium,23,184,29.133333333333333,-0.022893168032169342,0.6373810470094646
BH_s19_medium,23,185,29.166666666666668,-0.13732872903347015,0.3015526801495899
BH_s19_medium,23,186,29.2,-0.15755997598171234,-0.04623909369566176
BH_s19_medium,23,187,29.233333333333334,-0.20995482802391052,-0.38194989821458286
BH_s19_medium,23,188,29.266666666666666,-0.38737064599990845,-0.6859866753644654
BH_s19_medium,23,189,29.3,-0.6015231013298035,-0.9404800121796443
BH_s19_medium,23,190,29.333333333333332,-0.8156754970550537,-1.1275854595238994
BH_s19_medium,23,191,29.366666666666667,-0.9751465916633606,-1.2306400879357013
BH_s19_medium,23,192,29.4,-1.1215932369232178,-1.2377162498145664
BH_s19_medium,23,193,29.433333333333334,-1.1805002689361572,-1.1452194208836293
BH_s19_medium,23,194,29.466666666666665,-1.230955958366394,-0.9592692962038681
BH_s19_medium,23,195,29.5,-1.285290002822876,-0.6944485652726724
BH_s19_medium,23,196,29.533333333333335,-1.3376848697662354,-0.37149869671202146
BH_s19_medium,23,197,29.566666666666666,-1.3900797367095947,-0.01571298786801426
BH_s19_medium,23,198,29.6,-1.4971559047698975,0.34416229726062725
BH_s19_medium,23,199,29.633333333333333,-1.4139866828918457,0.6779986077015605
BH_s19_medium,23,200,29.666666666666668,-0.930645227432251,0.9575036911060925
BH_s19_medium,23,201,29.7,-0.14049671590328217,1.1592277582649217
BH_s19_medium,23,202,29.733333333333334,0.530093252658844,1.2666876645313099
BH_s19_medium,23,203,29.766666666666666,0.7015310525894165,1.272177153008041
BH_s19_medium,23,204,29.8,0.41758108139038086,1.178353953724926
BH_s19_medium,23,205,29.833333333333332,0.09635243564844131,0.9984661077822188
BH_s19_medium,23,206,29.866666666666667,-0.1956937164068222,0.7540369620122238
BH_s19_medium,23,207,29.9,-0.40984615683555603,0.47018957990074334
BH_s19_medium,23,208,29.933333333333334,-0.5200982689857483,0.17047940891371138
BH_s19_medium,23,209,29.966666666666665,-0.49777528643608093,-0.12629535119059518
BH_s19_medium,23,210,30.0,-0.46541687846183777,-0.40599390107814376
BH_s19_medium,23,211,30.033333333333335,-0.5378482341766357,-0.6564675703747679
BH_s19_medium,23,212,30.066666666666666,-0.6996057629585266,-0.8645064579653362
BH_s19_medium,23,213,30.1,-0.8745403289794922,-1.0145857764509987
BH_s19_medium,23,214,30.133333333333333,-1.077802300453186,-1.0902956550119345
BH_s19_medium,23,215,30.166666666666668,-1.1762745380401611,-1.0778588991804716
BH_s19_medium,23,216,30.2,-1.230955958366394,-0.9704911196874083
BH_s19_medium,23,217,30.233333333333334,-1.2856372594833374,-0.7723536511836517
BH_s19_medium,23,218,30.266666666666666,-1.2856372594833374,-0.5008881502657866
BH_s19_medium,23,219,30.3,-1.2856372594833374,-0.18629555272518147
BH_s19_medium,23,220,30.333333333333332,-1.2856372594833374,0.13275600901430581
BH_s19_medium,23,221,30.366666666666667,-1.3403186798095703,0.416758377101688
BH_s19_medium,23,222,30.4,-1.1437979936599731,0.6337673564284542
BH_s19_medium,23,223,30.433333333333334,-0.5782268643379211,0.765149774949503
BH_s19_medium,23,224,30.466666666666665,0.07620502263307571,0.8068757777741791
BH_s19_medium,23,225,30.5,0.4356440007686615,0.7669623634116851
BH_s19_medium,23,226,30.533333333333335,0.3878987729549408,0.6607612131597541
BH_s19_medium,23,227,30.566666666666666,0.12088599801063538,0.5058872270513215
BH_s19_medium,23,228,30.6,-0.5027371644973755,0.31861496623427327
BH_s19_medium,23,229,30.633333333333333,-0.9420090913772583,0.11298015019177843
BH_s19_medium,23,230,30.666666666666668,-1.150580883026123,-0.0978114108874189
BH_s19_medium,23,231,30.7,-1.0948920249938965,-0.2994532650573816
BH_s19_medium,23,232,30.733333333333334,-0.9087197184562683,-0.4757571178645704
BH_s19_medium,23,233,30.766666666666666,-0.8481864333152771,-0.609610521219605
BH_s19_medium,23,234,30.8,-0.9972324967384338,-0.6853466774469055
BH_s19_medium,23,235,30.833333333333332,-1.30117666721344,-0.6917687702717321
BH_s19_medium,23,236,30.866666666666667,-1.6442627906799316,-0.6249511396760694
BH_s19_medium,23,237,30.9,-1.9130966663360596,-0.4899870727125043
BH_s19_medium,23,238,30.933333333333334,-2.0618720054626465,-0.30106277417249644
BH_s19_medium,23,239,30.966666666666665,-2.1058576107025146,-0.07975333130287601
BH_s19_medium,24,0,24.0,-0.016279270872473717,-0.07622378845382712
BH_s19_medium,24,1,24.033333333333335,-0.28511306643486023,-0.34829163622286863
BH_s19_medium,24,2,24.066666666666666,-0.5096818804740906,-0.6226158789984796
BH_s19_medium,24,3,24.1,-0.6714394688606262,-0.896387598068814
BH_s19_medium,24,4,24.133333333333333,-0.7238342761993408,-1.1555566180216417
BH_s19_medium,24,5,24.166666666666668,-0.7762291431427002,-1.375742482277036
BH_s19_medium,24,6,24.2,-0.8286240100860596,-1.526878732331029
BH_s19_medium,24,7,24.233333333333334,-0.8481864333152771,-1.5795543330132542
BH_s19_medium,24,8,24.266666666666666,-0.6713212728500366,-1.5113112570001288
BH_s19_medium,24,9,24.3,0.03406543284654617,-1.3120750625375648
BH_s19_medium,24,10,24.333333333333332,0.9973023533821106,-0.9884426556877127
BH_s19_medium,24,11,24.366666666666667,1.785588264465332,-0.5660593109872516
BH_s19_medium,24,12,24.4,1.8763631582260132,-0.08824575420316677
BH_s19_medium,24,13,24.433333333333334,1.462226390838623,0.3907136661782121
BH_s19_medium,24,14,24.466666666666665,0.9436721801757812,0.8166469907853202
BH_s19_medium,24,15,24.5,0.529907763004303,1.1470114477412419
BH_s19_medium,24,16,24.533333333333335,0.2878682613372803,1.358175696505152
BH_s19_medium,24,17,24.566666666666666,0.19075943529605865,1.4458918724865566
BH_s19_medium,24,18,24.6,0.2454407960176468,1.4200121588283594
BH_s19_medium,24,19,24.633333333333333,0.2400464117527008,1.2970503511748648
BH_s19_medium,24,20,24.666666666666668,0.07828883826732635,1.0940143457026565
BH_s19_medium,24,21,24.7,-0.08511147648096085,0.8252550781160126
BH_s19_medium,24,22,24.733333333333334,-0.35312390327453613,0.5027254887892907
BH_s19_medium,24,23,24.766666666666666,-0.5672763586044312,0.13908630227096064
BH_s19_medium,24,24,24.8,-0.6841423511505127,-0.24795504206232077
BH_s19_medium,24,25,24.833333333333332,-0.785180389881134,-0.632406145518582
BH_s19_medium,24,26,24.866666666666667,-0.793505072593689,-0.9799215034469159
BH_s19_medium,24,27,24.9,-0.8352887630462646,-1.2516859205004203
BH_s19_medium,24,28,24.933333333333334,-0.8481864333152771,-1.411302296904141
BH_s19_medium,24,29,24.966666666666665,-0.9028677940368652,-1.4325630224626817
BH_s19_medium,24,30,25.0,-0.6538083553314209,-1.3059333493810479
BH_s19_medium,24,31,25.033333333333335,0.1564103215932846,-1.0421097732302873
BH_s19_medium,24,32,25.066666666666666,1.259810209274292,-0.6715214790888492
BH_s19_medium,24,33,25.1,2.052821636199951,-0.2394217436727711
BH_s19_medium,24,34,25.133333333333333,2.1366353034973145,0.20243142581775755
BH_s19_medium,24,35,25.166666666666668,1.7372336387634277,0.6052382761256073
BH_s19_medium,24,36,25.2,1.2754526138305664,0.9311202613671564
BH_s19_medium,24,37,25.233333333333334,0.8995425701141357,1.1575073705387797
BH_s19_medium,24,38,25.266666666666666,0.6329953074455261,1.2770629528659323
BH_s19_medium,24,39,25.3,0.4354749917984009,1.293832638329627
BH_s19_medium,24,40,25.333333333333332,0.342744380235672,1.2177816846427443
BH_s19_medium,24,41,25.366666666666667,0.290349543094635,1.0602941562120225
BH_s19_medium,24,42,25.4,0.12859196960926056,0.8321376228298211
BH_s19_medium,24,43,25.433333333333334,-0.0435648187994957,0.5438780299470537
BH_s19_medium,24,44,25.466666666666665,-0.30719900131225586,0.20791161718039264
BH_s19_medium,24,45,25.5,-0.5213514566421509,-0.15889306157294475
BH_s19_medium,24,46,25.533333333333335,-0.6824824213981628,-0.5330275145443197
BH_s19_medium,24,47,25.566666666666666,-0.7388237118721008,-0.883846194880772
BH_s19_medium,24,48,25.6,-0.7872721552848816,-1.1758138931028062
BH_s19_medium,24,49,25.633333333333333,-0.793505072593689,-1.3737815766819477
BH_s19_medium,24,50,25.666666666666668,-0.8481864333152771,-1.4501122844392769
BH_s19_medium,24,51,25.7,-0.9028677940368652,-1.3912113772694108
BH_s19_medium,24,52,25.733333333333334,-0.8789443373680115,-1.2009178257983244
BH_s19_medium,24,53,25.766666666666666,-0.33333373069763184,-0.8995195823827881
BH_s19_medium,24,54,25.8,0.5927348136901855,-0.5192130552028996
BH_s19_medium,24,55,25.833333333333332,1.5661683082580566,-0.09825922121346774
BH_s19_medium,24,56,25.866666666666667,1.9405629634857178,0.3240650533965351
BH_s19_medium,24,57,25.9,1.7475905418395996,0.7109276359838728
BH_s19_medium,24,58,25.933333333333334,1.3460972309112549,1.0303375150263576
BH_s19_medium,24,59,25.966666666666665,0.9724737405776978,1.2574172623842488
BH_s19_medium,24,60,26.0,0.6745419502258301,1.3768127954066138
BH_s19_medium,24,61,26.033333333333335,0.40799465775489807,1.384447654687532
BH_s19_medium,24,62,26.066666666666666,0.229003444314003,1.287392894971749
BH_s19_medium,24,63,26.1,0.12192722409963608,1.1013210453806708
BH_s19_medium,24,64,26.133333333333333,0.0695323720574379,0.8464672777083694
BH_s19_medium,24,65,26.166666666666668,-0.10180304199457169,0.5439007353016692
BH_s19_medium,24,66,26.2,-0.37063682079315186,0.21335659424614886
BH_s19_medium,24,67,26.233333333333334,-0.5847892761230469,-0.12724452196031616
BH_s19_medium,24,68,26.266666666666666,-0.7415419816970825,-0.4610451066255072
BH_s19_medium,24,69,26.3,-0.84861820936203,-0.7709298773713805
BH_s19_medium,24,70,26.333333333333332,-0.9028677940368652,-1.0385678462308978
BH_s19_medium,24,71,26.366666666666667,-0.9575491547584534,-1.2446759890381371
BH_s19_medium,24,72,26.4,-1.0058027505874634,-1.3706171265073919
BH_s19_medium,24,73,26.433333333333334,-1.0122305154800415,-1.4006950571692225
BH_s19_medium,24,74,26.466666666666665,-1.0669118165969849,-1.3244908859035214
BH_s19_medium,24,75,26.5,-1.1629873514175415,-1.1391291437151405
BH_s19_medium,24,76,26.533333333333335,-0.9651626944541931,-0.8517287136908357
BH_s19_medium,24,77,26.566666666666666,-0.1887081116437912,-0.4817333582058782
BH_s19_medium,24,78,26.6,0.8095124363899231,-0.061516800393911775
BH_s19_medium,24,79,26.633333333333333,1.5774232149124146,0.3667177974982082
BH_s19_medium,24,80,26.666666666666668,1.661914348602295,0.7580204837560087
BH_s19_medium,24,81,26.7,1.2830489873886108,1.0734294480218671
BH_s19_medium,24,82,26.733333333333334,0.8801326751708984,1.2866495567784508
BH_s19_medium,24,83,26.766666666666666,0.5589040517807007,1.38611057936964
BH_s19_medium,24,84,26.8,0.3131723403930664,1.3728912011207328
BH_s19_medium,24,85,26.833333333333332,0.11754899471998215,1.257073977031128
BH_s19_medium,24,86,26.866666666666667,0.08139671385288239,1.0543483641220293
BH_s19_medium,24,87,26.9,0.06744064390659332,0.7831063448004187
BH_s19_medium,24,88,26.933333333333334,-0.0513051338493824,0.4622243613203924
BH_s19_medium,24,89,26.966666666666665,-0.2654575705528259,0.11028321862262207
BH_s19_medium,24,90,27.0,-0.5342913269996643,-0.25352274864507335
BH_s19_medium,24,91,27.033333333333335,-0.6937624216079712,-0.6076714315928958
BH_s19_medium,24,92,27.066666666666666,-0.8481864333152771,-0.9272473578351812
BH_s19_medium,24,93,27.1,-0.9028677940368652,-1.184660932786671
BH_s19_medium,24,94,27.133333333333333,-0.9028677940368652,-1.3524383115225798
BH_s19_medium,24,95,27.166666666666668,-0.9575491547584534,-1.407549305199848
BH_s19_medium,24,96,27.2,-0.9575491547584534,-1.3363045978218357
BH_s19_medium,24,97,27.233333333333334,-1.0580028295516968,-1.1386216037556511
BH_s19_medium,24,98,27.266666666666666,-1.1215932369232178,-0.830271604800102
BH_s19_medium,24,99,27.3,-0.9021143913269043,-0.4419505290070128
BH_s19_medium,24,100,27.333333333333332,-0.15411406755447388,-0.014946122553179328
BH_s19_medium,24,101,27.366666666666667,0.7391220331192017,0.405618085881271
BH_s19_medium,24,102,27.4,1.3670645952224731,0.7781408167916143
BH_s19_medium,24,103,27.433333333333334,1.3522707223892212,1.0704978340805311
BH_s19_medium,24,104,27.466666666666665,0.9465938806533813,1.2630991947083843
BH_s19_medium,24,105,27.5,0.5729703903198242,1.3487053313876782
BH_s19_medium,24,106,27.533333333333335,0.22454069554805756,1.3300047232011851
BH_s19_medium,24,107,27.566666666666666,0.05848940089344978,1.216501610429556
BH_s19_medium,24,108,27.6,-0.027966007590293884,1.0216268767979175
BH_s19_medium,24,109,27.633333333333333,-0.027966007590293884,0.7603327816732961
BH_s19_medium,24,110,27.666666666666668,-0.04401380196213722,0.44769044476476205
BH_s19_medium,24,111,27.7,-0.16485130786895752,0.09922051531926533
BH_s19_medium,24,112,27.733333333333334,-0.37900373339653015,-0.2671936038832149
BH_s19_medium,24,113,27.766666666666666,-0.5931561589241028,-0.6292174731540299
BH_s19_medium,24,114,27.8,-0.800406813621521,-0.9596038893739436
BH_s19_medium,24,115,27.833333333333332,-0.9028677940368652,-1.2284096363901378
BH_s19_medium,24,116,27.866666666666667,-0.9575491547584534,-1.4075398690297578
BH_s19_medium,24,117,27.9,-0.9575491547584534,-1.4760069374520095
BH_s19_medium,24,118,27.933333333333334,-0.9575491547584534,-1.4238633915108876
BH_s19_medium,24,119,27.966666666666665,-1.007699728012085,-1.253407689387582
BH_s19_medium,24,120,28.0,-1.0122305154800415,-0.97767798308402
BH_s19_medium,24,121,28.033333333333335,-1.1124894618988037,-0.6177388157447568
BH_s19_medium,24,122,28.066666666666666,-0.9370386004447937,-0.20085684787600502
BH_s19_medium,24,123,28.1,-0.24674296379089355,0.23959623296700627
BH_s19_medium,24,124,28.133333333333333,0.6873028874397278,0.6642889938274361
BH_s19_medium,24,125,28.166666666666668,1.466544508934021,1.0310704796113352
BH_s19_medium,24,126,28.2,1.5783296823501587,1.3019394954973103
BH_s19_medium,24,127,28.233333333333334,1.2663151025772095,1.4513032894000384
BH_s19_medium,24,128,28.266666666666666,0.8675823211669922,1.471469045436631
BH_s19_medium,24,129,28.3,0.5463536977767944,1.372646690195376
BH_s19_medium,24,130,28.333333333333332,0.3048054277896881,1.1778301537137181
BH_s19_medium,24,131,28.366666666666667,0.113365538418293,0.9154000831957341
BH_s19_medium,24,132,28.4,0.08139671385288239,0.612514599232588
BH_s19_medium,24,133,28.433333333333334,0.08139671385288239,0.29108749915583815
BH_s19_medium,24,134,28.466666666666665,-0.004990680143237114,-0.03311022644120987
BH_s19_medium,24,135,28.5,-0.2191431075334549,-0.3486102655362068
BH_s19_medium,24,136,28.533333333333335,-0.4332955479621887,-0.6448375257146406
BH_s19_medium,24,137,28.566666666666666,-0.6384544968605042,-0.9088360328107951
BH_s19_medium,24,138,28.6,-0.7455306649208069,-1.1238226388763712
BH_s19_medium,24,139,28.633333333333333,-0.8481864333152771,-1.2704812558231946
BH_s19_medium,24,140,28.666666666666668,-0.9028677940368652,-1.330554312786574
BH_s19_medium,24,141,28.7,-0.9028677940368652,-1.2911595082748861
BH_s19_medium,24,142,28.733333333333334,-0.9551101326942444,-1.148095216953773
BH_s19_medium,24,143,28.766666666666666,-0.9575491547584534,-0.9071968321147016
BH_s19_medium,24,144,28.8,-1.0598998069763184,-0.5839836674411444
BH_s19_medium,24,145,28.833333333333332,-1.076210379600525,-0.2025757735954574
BH_s19_medium,24,146,28.866666666666667,-0.6873862147331238,0.20537928855764667
BH_s19_medium,24,147,28.9,0.13446831703186035,0.6021093708180962
BH_s19_medium,24,148,28.933333333333334,1.007236123085022,0.9468370821673918
BH_s19_medium,24,149,28.966666666666665,1.3753048181533813,1.2016542993604957
BH_s19_medium,24,150,29.0,1.148585557937622,1.3390903785501391
BH_s19_medium,24,151,29.033333333333335,0.7749620079994202,1.348218958726978
BH_s19_medium,24,152,29.066666666666666,0.4054116904735565,1.2360984461667335
BH_s19_medium,24,153,29.1,0.13657790422439575,1.0236589526091493
BH_s19_medium,24,154,29.133333333333333,-0.022893168032169342,0.738402676665878
BH_s19_medium,24,155,29.166666666666668,-0.13732872903347015,0.40791987117925865
BH_s19_medium,24,156,29.2,-0.15755997598171234,0.05685201110314885
BH_s19_medium,24,157,29.233333333333334,-0.20995482802391052,-0.29280834990691273
BH_s19_medium,24,158,29.266666666666666,-0.38737064599990845,-0.6199459621926803
BH_s19_medium,24,159,29.3,-0.6015231013298035,-0.903152267791199
BH_s19_medium,24,160,29.333333333333332,-0.8156754970550537,-1.1214272344978926
BH_s19_medium,24,161,29.366666666666667,-0.9751465916633606,-1.2567299211035166
BH_s19_medium,24,162,29.4,-1.1215932369232178,-1.2971125868733369
BH_s19_medium,24,163,29.433333333333334,-1.1805002689361572,-1.238658556047834
BH_s19_medium,24,164,29.466666666666665,-1.230955958366394,-1.0851102045789731
BH_s19_medium,24,165,29.5,-1.285290002822876,-0.8458451029627729
BH_s19_medium,24,166,29.533333333333335,-1.3376848697662354,-0.5345897010045341
BH_s19_medium,24,167,29.566666666666666,-1.3900797367095947,-0.1706415748370382
BH_s19_medium,24,168,29.6,-1.4971559047698975,0.2189258574602482
BH_s19_medium,24,169,29.633333333333333,-1.4139866828918457,0.5995800018084625
BH_s19_medium,24,170,29.666666666666668,-0.930645227432251,0.9334629029588554
BH_s19_medium,24,171,29.7,-0.14049671590328217,1.1855105309504175
BH_s19_medium,24,172,29.733333333333334,0.530093252658844,1.3294659200420795
BH_s19_medium,24,173,29.766666666666666,0.7015310525894165,1.3528205932724202
BH_s19_medium,24,174,29.8,0.41758108139038086,1.259611497216964
BH_s19_medium,24,175,29.833333333333332,0.09635243564844131,1.0694835126785012
BH_s19_medium,24,176,29.866666666666667,-0.1956937164068222,0.8123341926339822
BH_s19_medium,24,177,29.9,-0.40984615683555603,0.520100350962578
BH_s19_medium,24,178,29.933333333333334,-0.5200982689857483,0.21926487810027653
BH_s19_medium,24,179,29.966666666666665,-0.49777528643608093,-0.07248857001262551
BH_s19_medium,24,180,30.0,-0.46541687846183777,-0.3447717181305574
BH_s19_medium,24,181,30.033333333333335,-0.5378482341766357,-0.5902577943464005
BH_s19_medium,24,182,30.066666666666666,-0.6996057629585266,-0.8003979899455432
BH_s19_medium,24,183,30.1,-0.8745403289794922,-0.9627798475558365
BH_s19_medium,24,184,30.133333333333333,-1.077802300453186,-1.0609601052406095
BH_s19_medium,24,185,30.166666666666668,-1.1762745380401611,-1.077090608652653
BH_s19_medium,24,186,30.2,-1.230955958366394,-0.9970006821210825
BH_s19_medium,24,187,30.233333333333334,-1.2856372594833374,-0.8165171550688558
BH_s19_medium,24,188,30.266666666666666,-1.2856372594833374,-0.5469276637619712
BH_s19_medium,24,189,30.3,-1.2856372594833374,-0.2169472258929814
BH_s19_medium,24,190,30.333333333333332,-1.2856372594833374,0.13103009324054793
BH_s19_medium,24,191,30.366666666666667,-1.3403186798095703,0.4502580968960667
BH_s19_medium,24,192,30.4,-1.1437979936599731,0.7007748399054848
BH_s19_medium,24,193,30.433333333333334,-0.5782268643379211,0.85723988363208
BH_s19_medium,24,194,30.466666666666665,0.07620502263307571,0.9112642508438049
BH_s19_medium,24,195,30.5,0.4356440007686615,0.869551328194432
BH_s19_medium,24,196,30.533333333333335,0.3878987729549408,0.7496234029806704
BH_s19_medium,24,197,30.566666666666666,0.12088599801063538,0.5739628872747393
BH_s19_medium,24,198,30.6,-0.5027371644973755,0.36381082202628473
BH_s19_medium,24,199,30.633333333333333,-0.9420090913772583,0.13479465106123495
BH_s19_medium,24,200,30.666666666666668,-1.150580883026123,-0.10388687187267621
BH_s19_medium,24,201,30.7,-1.0948920249938965,-0.3466803344365303
BH_s19_medium,24,202,30.733333333333334,-0.9087197184562683,-0.5869539736207968
BH_s19_medium,24,203,30.766666666666666,-0.8481864333152771,-0.8127437982989375
BH_s19_medium,24,204,30.8,-0.9972324967384338,-1.0049059957165871
BH_s19_medium,24,205,30.833333333333332,-1.30117666721344,-1.1384720480781438
BH_s19_medium,24,206,30.866666666666667,-1.6442627906799316,-1.1869189530278805
BH_s19_medium,24,207,30.9,-1.9130966663360596,-1.1282407558815748
BH_s19_medium,24,208,30.933333333333334,-2.0618720054626465,-0.9511596049020662
BH_s19_medium,24,209,30.966666666666665,-2.1058576107025146,-0.6597904245081669
BH_s19_medium,24,210,31.0,-2.1058576107025146,-0.27562647323506095
BH_s19_medium,24,211,31.033333333333335,-2.1058576107025146,0.16367379465061985
BH_s19_medium,24,212,31.066666666666666,-2.1058576107025146,0.6088909172317085
BH_s19_medium,24,213,31.1,-1.8900797367095947,1.006926118144491
BH_s19_medium,24,214,31.133333333333333,-0.8267620801925659,1.3101952238615844
BH_s19_medium,24,215,31.166666666666668,0.4057576358318329,1.485377150682328
BH_s19_medium,24,216,31.2,1.1446384191513062,1.5190231559408884
BH_s19_medium,24,217,31.233333333333334,0.9411486387252808,1.4183450986178723
BH_s19_medium,24,218,31.266666666666666,0.330626517534256,1.2069653473438242
BH_s19_medium,24,219,31.3,-0.2693187892436981,0.9172557749377249
BH_s19_medium,24,220,31.333333333333332,-0.7432778477668762,0.5824576371015291
BH_s19_medium,24,221,31.366666666666667,-0.9932016134262085,0.23176099136798747
BH_s19_medium,24,222,31.4,-0.924183189868927,-0.11053000406390125
BH_s19_medium,24,223,31.433333333333334,-0.7624256014823914,-0.42313064023241403
BH_s19_medium,24,224,31.466666666666665,-0.7388237118721008,-0.6857124210389315
BH_s19_medium,24,225,31.5,-0.9011992812156677,-0.8786173297286833
BH_s19_medium,24,226,31.533333333333335,-1.1942529678344727,-0.9848796199919682
BH_s19_medium,24,227,31.566666666666666,-1.4935481548309326,-0.9935115987771191
BH_s19_medium,24,228,31.6,-1.7077006101608276,-0.9021496359668462
BH_s19_medium,24,229,31.633333333333333,-1.849811315536499,-0.7179029294494175
BH_s19_medium,24,230,31.666666666666668,-1.8871322870254517,-0.45720942439794166
BH_s19_medium,24,231,31.7,-1.941813588142395,-0.1461770285270609
BH_s19_medium,24,232,31.733333333333334,-1.9523144960403442,0.17905915880832757
BH_s19_medium,24,233,31.766666666666666,-1.996495008468628,0.47436501207982773
BH_s19_medium,24,234,31.8,-1.8456370830535889,0.6936009964979731
BH_s19_medium,24,235,31.833333333333332,-0.8555299639701843,0.7976714926863285
BH_s19_medium,24,236,31.866666666666667,0.5938519239425659,0.7639530932210875
BH_s19_medium,24,237,31.9,1.9849963188171387,0.5930464119921618
BH_s19_medium,24,238,31.933333333333334,2.3233325481414795,0.3104889759385966
BH_s19_medium,24,239,31.966666666666665,1.858723521232605,-0.03735977532910597
BH_s19_medium,25,0,25.0,-0.6538083553314209,0.14621006737111605
BH_s19_medium,25,1,25.033333333333335,0.1564103215932846,0.31007459891048583
BH_s19_medium,25,2,25.066666666666666,1.259810209274292,0.4839387067540036
BH_s19_medium,25,3,25.1,2.052821636199951,0.6728570804975392
BH_s19_medium,25,4,25.133333333333333,2.1366353034973145,0.869914514572584
BH_s19_medium,25,5,25.166666666666668,1.7372336387634277,1.0580239816633188
BH_s19_medium,25,6,25.2,1.2754526138305664,1.2159556828326394
BH_s19_medium,25,7,25.233333333333334,0.8995425701141357,1.32513593636903
BH_s19_medium,25,8,25.266666666666666,0.6329953074455261,1.3738047625828407
BH_s19_medium,25,9,25.3,0.4354749917984009,1.3570859774675286
BH_s19_medium,25,10,25.333333333333332,0.342744380235672,1.27422245566153
BH_s19_medium,25,11,25.366666666666667,0.290349543094635,1.1257610689189517
BH_s19_medium,25,12,25.4,0.12859196960926056,0.9127742540858187
BH_s19_medium,25,13,25.433333333333334,-0.0435648187994957,0.6382934747835567
BH_s19_medium,25,14,25.466666666666665,-0.30719900131225586,0.30970236043201516
BH_s19_medium,25,15,25.5,-0.5213514566421509,-0.05934704761147959
BH_s19_medium,25,16,25.533333333333335,-0.6824824213981628,-0.4481709347032686
BH_s19_medium,25,17,25.566666666666666,-0.7388237118721008,-0.8294602958194192
BH_s19_medium,25,18,25.6,-0.7872721552848816,-1.170983431339122
BH_s19_medium,25,19,25.633333333333333,-0.793505072593689,-1.4389385058727138
BH_s19_medium,25,20,25.666666666666668,-0.8481864333152771,-1.6028398181126506
BH_s19_medium,25,21,25.7,-0.9028677940368652,-1.6408879215111263
BH_s19_medium,25,22,25.733333333333334,-0.8789443373680115,-1.5441858823800234
BH_s19_medium,25,23,25.766666666666666,-0.33333373069763184,-1.3185650135342712
BH_s19_medium,25,24,25.8,0.5927348136901855,-0.9840210572759643
BH_s19_medium,25,25,25.833333333333332,1.5661683082580566,-0.5725691881027979
BH_s19_medium,25,26,25.866666666666667,1.9405629634857178,-0.12490089632108815
BH_s19_medium,25,27,25.9,1.7475905418395996,0.3143938841982817
BH_s19_medium,25,28,25.933333333333334,1.3460972309112549,0.7029017546205499
BH_s19_medium,25,29,25.966666666666665,0.9724737405776978,1.0066614083133203
BH_s19_medium,25,30,26.0,0.6745419502258301,1.2049823722008393
BH_s19_medium,25,31,26.033333333333335,0.40799465775489807,1.2922721283696346
BH_s19_medium,25,32,26.066666666666666,0.229003444314003,1.2760729493291698
BH_s19_medium,25,33,26.1,0.12192722409963608,1.1718850550398792
BH_s19_medium,25,34,26.133333333333333,0.0695323720574379,0.9969497076011438
BH_s19_medium,25,35,26.166666666666668,-0.10180304199457169,0.765750700470937
BH_s19_medium,25,36,26.2,-0.37063682079315186,0.4888707654438514
BH_s19_medium,25,37,26.233333333333334,-0.5847892761230469,0.17504003874481497
BH_s19_medium,25,38,26.266666666666666,-0.7415419816970825,-0.16495604419099785
BH_s19_medium,25,39,26.3,-0.84861820936203,-0.5143129827696842
BH_s19_medium,25,40,26.333333333333332,-0.9028677940368652,-0.8480967165560976
BH_s19_medium,25,41,26.366666666666667,-0.9575491547584534,-1.1344014041690689
BH_s19_medium,25,42,26.4,-1.0058027505874634,-1.3389282419062052
BH_s19_medium,25,43,26.433333333333334,-1.0122305154800415,-1.4316748953297314
BH_s19_medium,25,44,26.466666666666665,-1.0669118165969849,-1.3935671271112327
BH_s19_medium,25,45,26.5,-1.1629873514175415,-1.2210541606053824
BH_s19_medium,25,46,26.533333333333335,-0.9651626944541931,-0.9277185818596506
BH_s19_medium,25,47,26.566666666666666,-0.1887081116437912,-0.5428984757325621
BH_s19_medium,25,48,26.6,0.8095124363899231,-0.107582442805891
BH_s19_medium,25,49,26.633333333333333,1.5774232149124146,0.331997619802737
BH_s19_medium,25,50,26.666666666666668,1.661914348602295,0.73192707555068
BH_s19_medium,25,51,26.7,1.2830489873886108,1.0572987001122633
BH_s19_medium,25,52,26.733333333333334,0.8801326751708984,1.2858938895314007
BH_s19_medium,25,53,26.766666666666666,0.5589040517807007,1.407951649643177
BH_s19_medium,25,54,26.8,0.3131723403930664,1.4232305874863518
BH_s19_medium,25,55,26.833333333333332,0.11754899471998215,1.337676599651877
BH_s19_medium,25,56,26.866666666666667,0.08139671385288239,1.1610635913465703
BH_s19_medium,25,57,26.9,0.06744064390659332,0.9056387846240744
BH_s19_medium,25,58,26.933333333333334,-0.0513051338493824,0.5857480299169484
BH_s19_medium,25,59,26.966666666666665,-0.2654575705528259,0.21865375124550784
BH_s19_medium,25,60,27.0,-0.5342913269996643,-0.17399165140070794
BH_s19_medium,25,61,27.033333333333335,-0.6937624216079712,-0.5653772290557315
BH_s19_medium,25,62,27.066666666666666,-0.8481864333152771,-0.9244924665743316
BH_s19_medium,25,63,27.1,-0.9028677940368652,-1.2188223993706528
BH_s19_medium,25,64,27.133333333333333,-0.9028677940368652,-1.4181278121295318
BH_s19_medium,25,65,27.166666666666668,-0.9575491547584534,-1.4985453750008249
BH_s19_medium,25,66,27.2,-0.9575491547584534,-1.4463768232522043
BH_s19_medium,25,67,27.233333333333334,-1.0580028295516968,-1.2610841983524135
BH_s19_medium,25,68,27.266666666666666,-1.1215932369232178,-0.957021895979198
BH_s19_medium,25,69,27.3,-0.9021143913269043,-0.5632276948455847
BH_s19_medium,25,70,27.333333333333332,-0.15411406755447388,-0.12043056765145815
BH_s19_medium,25,71,27.366666666666667,0.7391220331192017,0.32493898100425095
BH_s19_medium,25,72,27.4,1.3670645952224731,0.7283815918707144
BH_s19_medium,25,73,27.433333333333334,1.3522707223892212,1.0540404095798226
BH_s19_medium,25,74,27.466666666666665,0.9465938806533813,1.2783421056891329
BH_s19_medium,25,75,27.5,0.5729703903198242,1.3901838730204614
BH_s19_medium,25,76,27.533333333333335,0.22454069554805756,1.3890736620256505
BH_s19_medium,25,77,27.566666666666666,0.05848940089344978,1.2829722916783532
BH_s19_medium,25,78,27.6,-0.027966007590293884,1.0862702199858858
BH_s19_medium,25,79,27.633333333333333,-0.027966007590293884,0.8173202378585146
BH_s19_medium,25,80,27.666666666666668,-0.04401380196213722,0.49571369363381623
BH_s19_medium,25,81,27.7,-0.16485130786895752,0.14059011984714193
BH_s19_medium,25,82,27.733333333333334,-0.37900373339653015,-0.2291203403048146
BH_s19_medium,25,83,27.766666666666666,-0.5931561589241028,-0.5930202303331538
BH_s19_medium,25,84,27.8,-0.800406813621521,-0.9276403380358699
BH_s19_medium,25,85,27.833333333333332,-0.9028677940368652,-1.2064998167553518
BH_s19_medium,25,86,27.866666666666667,-0.9575491547584534,-1.4026791743508935
BH_s19_medium,25,87,27.9,-0.9575491547584534,-1.4934280596840623
BH_s19_medium,25,88,27.933333333333334,-0.9575491547584534,-1.465010535813436
BH_s19_medium,25,89,27.966666666666665,-1.007699728012085,-1.315679304291079
BH_s19_medium,25,90,28.0,-1.0122305154800415,-1.0558176316824828
BH_s19_medium,25,91,28.033333333333335,-1.1124894618988037,-0.7060107779883616
BH_s19_medium,25,92,28.066666666666666,-0.9370386004447937,-0.2947327801557597
BH_s19_medium,25,93,28.1,-0.24674296379089355,0.1433694294367136
BH_s19_medium,25,94,28.133333333333333,0.6873028874397278,0.5694289877855311
BH_s19_medium,25,95,28.166666666666668,1.466544508934021,0.9441914601968963
BH_s19_medium,25,96,28.2,1.5783296823501587,1.233869226774838
BH_s19_medium,25,97,28.233333333333334,1.2663151025772095,1.415974737319702
BH_s19_medium,25,98,28.266666666666666,0.8675823211669922,1.4824676358702988
BH_s19_medium,25,99,28.3,0.5463536977767944,1.4388163874439235
BH_s19_medium,25,100,28.333333333333332,0.3048054277896881,1.2996693421082295
BH_s19_medium,25,101,28.366666666666667,0.113365538418293,1.083381618743595
BH_s19_medium,25,102,28.4,0.08139671385288239,0.8077891469756133
BH_s19_medium,25,103,28.433333333333334,0.08139671385288239,0.4886143178067477
BH_s19_medium,25,104,28.466666666666665,-0.004990680143237114,0.14051932902629807
BH_s19_medium,25,105,28.5,-0.2191431075334549,-0.22031680657837693
BH_s19_medium,25,106,28.533333333333335,-0.4332955479621887,-0.5738044922609271
BH_s19_medium,25,107,28.566666666666666,-0.6384544968605042,-0.8953420167781009
BH_s19_medium,25,108,28.6,-0.7455306649208069,-1.1578754102465556
BH_s19_medium,25,109,28.633333333333333,-0.8481864333152771,-1.3362567041790065
BH_s19_medium,25,110,28.666666666666668,-0.9028677940368652,-1.4122562083242878
BH_s19_medium,25,111,28.7,-0.9028677940368652,-1.3780714111283747
BH_s19_medium,25,112,28.733333333333334,-0.9551101326942444,-1.2369228318312275
BH_s19_medium,25,113,28.766666666666666,-0.9575491547584534,-1.0008878075598764
BH_s19_medium,25,114,28.8,-1.0598998069763184,-0.6875719407060953
BH_s19_medium,25,115,28.833333333333332,-1.076210379600525,-0.31777803414590583
BH_s19_medium,25,116,28.866666666666667,-0.6873862147331238,0.08441669725118105
BH_s19_medium,25,117,28.9,0.13446831703186035,0.48976886581240464
BH_s19_medium,25,118,28.933333333333334,1.007236123085022,0.8629470346274261
BH_s19_medium,25,119,28.966666666666665,1.3753048181533813,1.1655170828116126
BH_s19_medium,25,120,29.0,1.148585557937622,1.3630076168213854
BH_s19_medium,25,121,29.033333333333335,0.7749620079994202,1.433018895970506
BH_s19_medium,25,122,29.066666666666666,0.4054116904735565,1.3705198789544664
BH_s19_medium,25,123,29.1,0.13657790422439575,1.1881107951990715
BH_s19_medium,25,124,29.133333333333333,-0.022893168032169342,0.9115499436486486
BH_s19_medium,25,125,29.166666666666668,-0.13732872903347015,0.5728054829042976
BH_s19_medium,25,126,29.2,-0.15755997598171234,0.20348653620286106
BH_s19_medium,25,127,29.233333333333334,-0.20995482802391052,-0.16919438793702765
BH_s19_medium,25,128,29.266666666666666,-0.38737064599990845,-0.5231959451407134
BH_s19_medium,25,129,29.3,-0.6015231013298035,-0.8399798176573516
BH_s19_medium,25,130,29.333333333333332,-0.8156754970550537,-1.102286542063008
BH_s19_medium,25,131,29.366666666666667,-0.9751465916633606,-1.293149384202243
BH_s19_medium,25,132,29.4,-1.1215932369232178,-1.3967019691707852
BH_s19_medium,25,133,29.433333333333334,-1.1805002689361572,-1.4001559425044525
BH_s19_medium,25,134,29.466666666666665,-1.230955958366394,-1.2962105401448227
BH_s19_medium,25,135,29.5,-1.285290002822876,-1.0856251262623364
BH_s19_medium,25,136,29.533333333333335,-1.3376848697662354,-0.7797254043944016
BH_s19_medium,25,137,29.566666666666666,-1.3900797367095947,-0.40185330380523115
BH_s19_medium,25,138,29.6,-1.4971559047698975,0.014042638448609248
BH_s19_medium,25,139,29.633333333333333,-1.4139866828918457,0.42851445393831283
BH_s19_medium,25,140,29.666666666666668,-0.930645227432251,0.803340776762624
BH_s19_medium,25,141,29.7,-0.14049671590328217,1.1064615204022217
BH_s19_medium,25,142,29.733333333333334,0.530093252658844,1.3141965250061154
BH_s19_medium,25,143,29.766666666666666,0.7015310525894165,1.4125557633032608
BH_s19_medium,25,144,29.8,0.41758108139038086,1.3987320747701593
BH_s19_medium,25,145,29.833333333333332,0.09635243564844131,1.2815934675395102
BH_s19_medium,25,146,29.866666666666667,-0.1956937164068222,1.0795799370419434
BH_s19_medium,25,147,29.9,-0.40984615683555603,0.8161013614816994
BH_s19_medium,25,148,29.933333333333334,-0.5200982689857483,0.5145175782334398
BH_s19_medium,25,149,29.966666666666665,-0.49777528643608093,0.19518500715704856
BH_s19_medium,25,150,30.0,-0.46541687846183777,-0.12461915375276489
BH_s19_medium,25,151,30.033333333333335,-0.5378482341766357,-0.42906619408920366
BH_s19_medium,25,152,30.066666666666666,-0.6996057629585266,-0.7020907671866035
BH_s19_medium,25,153,30.1,-0.8745403289794922,-0.926639582780387
BH_s19_medium,25,154,30.133333333333333,-1.077802300453186,-1.08519672831271
BH_s19_medium,25,155,30.166666666666668,-1.1762745380401611,-1.161612059505268
BH_s19_medium,25,156,30.2,-1.230955958366394,-1.1440364508720544
BH_s19_medium,25,157,30.233333333333334,-1.2856372594833374,-1.028421833346835
BH_s19_medium,25,158,30.266666666666666,-1.2856372594833374,-0.8215635503170579
BH_s19_medium,25,159,30.3,-1.2856372594833374,-0.5423314526344711
BH_s19_medium,25,160,30.333333333333332,-1.2856372594833374,-0.2199605074701776
BH_s19_medium,25,161,30.366666666666667,-1.3403186798095703,0.11067809113208468
BH_s19_medium,25,162,30.4,-1.1437979936599731,0.41536689193611276
BH_s19_medium,25,163,30.433333333333334,-0.5782268643379211,0.6660982818077459
BH_s19_medium,25,164,30.466666666666665,0.07620502263307571,0.8442236206814687
BH_s19_medium,25,165,30.5,0.4356440007686615,0.9407980296764223
BH_s19_medium,25,166,30.533333333333335,0.3878987729549408,0.954624210469674
BH_s19_medium,25,167,30.566666666666666,0.12088599801063538,0.8891522287686949
BH_s19_medium,25,168,30.6,-0.5027371644973755,0.7499970844943094
BH_s19_medium,25,169,30.633333333333333,-0.9420090913772583,0.5445654910573328
BH_s19_medium,25,170,30.666666666666668,-1.150580883026123,0.28372269828006474
BH_s19_medium,25,171,30.7,-1.0948920249938965,-0.016106910081186223
BH_s19_medium,25,172,30.733333333333334,-0.9087197184562683,-0.3321332718642262
BH_s19_medium,25,173,30.766666666666666,-0.8481864333152771,-0.6363459258643506
BH_s19_medium,25,174,30.8,-0.9972324967384338,-0.8981071845263926
BH_s19_medium,25,175,30.833333333333332,-1.30117666721344,-1.0873379397031793
BH_s19_medium,25,176,30.866666666666667,-1.6442627906799316,-1.177991916059149
BH_s19_medium,25,177,30.9,-1.9130966663360596,-1.1519807995788816
BH_s19_medium,25,178,30.933333333333334,-2.0618720054626465,-1.0032767089499823
BH_s19_medium,25,179,30.966666666666665,-2.1058576107025146,-0.7410949754513025
BH_s19_medium,25,180,31.0,-2.1058576107025146,-0.39075954410854197
BH_s19_medium,25,181,31.033333333333335,-2.1058576107025146,0.008728562760125026
BH_s19_medium,25,182,31.066666666666666,-2.1058576107025146,0.410486702746821
BH_s19_medium,25,183,31.1,-1.8900797367095947,0.7677783195427965
BH_s19_medium,25,184,31.133333333333333,-0.8267620801925659,1.0420673664844025
BH_s19_medium,25,185,31.166666666666668,0.4057576358318329,1.208698188162646
BH_s19_medium,25,186,31.2,1.1446384191513062,1.2588083495509395
BH_s19_medium,25,187,31.233333333333334,0.9411486387252808,1.1975491515966696
BH_s19_medium,25,188,31.266666666666666,0.330626517534256,1.039746987379771
BH_s19_medium,25,189,31.3,-0.2693187892436981,0.8047599424861901
BH_s19_medium,25,190,31.333333333333332,-0.7432778477668762,0.512553151576727
BH_s19_medium,25,191,31.366666666666667,-0.9932016134262085,0.18239604717522018
BH_s19_medium,25,192,31.4,-0.924183189868927,-0.1660323602227368
BH_s19_medium,25,193,31.433333333333334,-0.7624256014823914,-0.5107086317345266
BH_s19_medium,25,194,31.466666666666665,-0.7388237118721008,-0.8261057604576905
BH_s19_medium,25,195,31.5,-0.9011992812156677,-1.0836417200154278
BH_s19_medium,25,196,31.533333333333335,-1.1942529678344727,-1.2539666172278554
BH_s19_medium,25,197,31.566666666666666,-1.4935481548309326,-1.3109680948580267
BH_s19_medium,25,198,31.6,-1.7077006101608276,-1.236954682319651
BH_s19_medium,25,199,31.633333333333333,-1.849811315536499,-1.027957046326645
BH_s19_medium,25,200,31.666666666666668,-1.8871322870254517,-0.6976410436858138
BH_s19_medium,25,201,31.7,-1.941813588142395,-0.27814773335327575
BH_s19_medium,25,202,31.733333333333334,-1.9523144960403442,0.18343621429069407
BH_s19_medium,25,203,31.766666666666666,-1.996495008468628,0.6329186091631064
BH_s19_medium,25,204,31.8,-1.8456370830535889,1.0190629611636772
BH_s19_medium,25,205,31.833333333333332,-0.8555299639701843,1.3025939038591912
BH_s19_medium,25,206,31.866666666666667,0.5938519239425659,1.461584744794156
BH_s19_medium,25,207,31.9,1.9849963188171387,1.4923467281996874
BH_s19_medium,25,208,31.933333333333334,2.3233325481414795,1.4062531752669198
BH_s19_medium,25,209,31.966666666666665,1.858723521232605,1.2238374974359225
BH_s19_medium,25,210,32.0,1.213979721069336,0.968277014461978
BH_s19_medium,25,211,32.03333333333333,0.7232023477554321,0.6604998627544167
BH_s19_medium,25,212,32.06666666666667,0.3372146487236023,0.3172193634483623
BH_s19_medium,25,213,32.1,0.09604738652706146,-0.048182138076630424
BH_s19_medium,25,214,32.13333333333333,-0.011028827168047428,-0.4229952818180922
BH_s19_medium,25,215,32.166666666666664,-0.027966007590293884,-0.7922393238705466
BH_s19_medium,25,216,32.2,-0.1489897072315216,-1.1368672654118188
BH_s19_medium,25,217,32.233333333333334,-0.3940267860889435,-1.4340616503281758
BH_s19_medium,25,218,32.266666666666666,-0.7438535690307617,-1.6596896035358542
BH_s19_medium,25,219,32.3,-1.0911654233932495,-1.7920151634087276
BH_s19_medium,25,220,32.333333333333336,-1.3643437623977661,-1.8151706426211571
BH_s19_medium,25,221,32.36666666666667,-1.5261013507843018,-1.7212164151211327
BH_s19_medium,25,222,32.4,-1.633177638053894,-1.5108346569166997
BH_s19_medium,25,223,32.43333333333333,-1.6855725049972534,-1.1937310412211117
BH_s19_medium,25,224,32.46666666666667,-1.7926486730575562,-0.7896133449884439
BH_s19_medium,25,225,32.5,-1.8997248411178589,-0.32923536896577754
BH_s19_medium,25,226,32.53333333333333,-1.9108953475952148,0.14646002014372406
BH_s19_medium,25,227,32.56666666666667,-1.2521029710769653,0.5909375292075538
BH_s19_medium,25,228,32.6,0.040831178426742554,0.9600413780033545
BH_s19_medium,25,229,32.63333333333333,1.3119593858718872,1.2206394344347622
BH_s19_medium,25,230,32.666666666666664,1.8288800716400146,1.3568266986003632
BH_s19_medium,25,231,32.7,1.454062819480896,1.3719183133175403
BH_s19_medium,25,232,32.733333333333334,0.9186817407608032,1.2862199101610956
BH_s19_medium,25,233,32.766666666666666,0.48126453161239624,1.1317336593071472
BH_s19_medium,25,234,32.8,0.10535452514886856,0.9452381314717309
BH_s19_medium,25,235,32.833333333333336,-0.16119275987148285,0.7610146179210748
BH_s19_medium,25,236,32.86666666666667,-0.3981765806674957,0.6044124308115112
BH_s19_medium,25,237,32.9,-0.46541687846183777,0.4874106362230088
BH_s19_medium,25,238,32.93333333333333,-0.5200982689857483,0.407110073986022
BH_s19_medium,25,239,32.96666666666667,-0.6999867558479309,0.347733157732015
BH_s19_medium,26,0,26.0,0.6745419502258301,-0.08213629747655908
BH_s19_medium,26,1,26.033333333333335,0.40799465775489807,0.11606250652905578
BH_s19_medium,26,2,26.066666666666666,0.229003444314003,0.286310222363508
BH_s19_medium,26,3,26.1,0.12192722409963608,0.4028292638703932
BH_s19_medium,26,4,26.133333333333333,0.0695323720574379,0.4466511189340767
BH_s19_medium,26,5,26.166666666666668,-0.10180304199457169,0.40934970806357684
BH_s19_medium,26,6,26.2,-0.37063682079315186,0.2947567244836468
BH_s19_medium,26,7,26.233333333333334,-0.5847892761230469,0.11714534839061085
BH_s19_medium,26,8,26.266666666666666,-0.7415419816970825,-0.1031865479544386
BH_s19_medium,26,9,26.3,-0.84861820936203,-0.344116243467166
BH_s19_medium,26,10,26.333333333333332,-0.9028677940368652,-0.5836482551008246
BH_s19_medium,26,11,26.366666666666667,-0.9575491547584534,-0.7998086606763803
BH_s19_medium,26,12,26.4,-1.0058027505874634,-0.9700580915820162
BH_s19_medium,26,13,26.433333333333334,-1.0122305154800415,-1.0717658673554644
BH_s19_medium,26,14,26.466666666666665,-1.0669118165969849,-1.0844239289616142
BH_s19_medium,26,15,26.5,-1.1629873514175415,-0.993375657561772
BH_s19_medium,26,16,26.533333333333335,-0.9651626944541931,-0.7942962816379262
BH_s19_medium,26,17,26.566666666666666,-0.1887081116437912,-0.49713395299078317
BH_s19_medium,26,18,26.6,0.8095124363899231,-0.12758525749464616
BH_s19_medium,26,19,26.633333333333333,1.5774232149124146,0.2755818505703826
BH_s19_medium,26,20,26.666666666666668,1.661914348602295,0.6672850982527148
BH_s19_medium,26,21,26.7,1.2830489873886108,1.0046607709209638
BH_s19_medium,26,22,26.733333333333334,0.8801326751708984,1.2540500756543957
BH_s19_medium,26,23,26.766666666666666,0.5589040517807007,1.3942864184208406
BH_s19_medium,26,24,26.8,0.3131723403930664,1.4167976518025083
BH_s19_medium,26,25,26.833333333333332,0.11754899471998215,1.3245302166566348
BH_s19_medium,26,26,26.866666666666667,0.08139671385288239,1.1305362315999128
BH_s19_medium,26,27,26.9,0.06744064390659332,0.8555991776438842
BH_s19_medium,26,28,26.933333333333334,-0.0513051338493824,0.5248754348749565
BH_s19_medium,26,29,26.966666666666665,-0.2654575705528259,0.16476522151422857
BH_s19_medium,26,30,27.0,-0.5342913269996643,-0.19901819905285728
BH_s19_medium,26,31,27.033333333333335,-0.6937624216079712,-0.5423238537608399
BH_s19_medium,26,32,27.066666666666666,-0.8481864333152771,-0.8430239377506484
BH_s19_medium,26,33,27.1,-0.9028677940368652,-1.0814669700126995
BH_s19_medium,26,34,27.133333333333333,-0.9028677940368652,-1.24097368961099
BH_s19_medium,26,35,27.166666666666668,-0.9575491547584534,-1.308346569510394
BH_s19_medium,26,36,27.2,-0.9575491547584534,-1.2745890089083105
BH_s19_medium,26,37,27.233333333333334,-1.0580028295516968,-1.1362266462501724
BH_s19_medium,26,38,27.266666666666666,-1.1215932369232178,-0.8974049787771292
BH_s19_medium,26,39,27.3,-0.9021143913269043,-0.5722070081905759
BH_s19_medium,26,40,27.333333333333332,-0.15411406755447388,-0.1857965175601981
BH_s19_medium,26,41,27.366666666666667,0.7391220331192017,0.22704566813780058
BH_s19_medium,26,42,27.4,1.3670645952224731,0.6262385106993033
BH_s19_medium,26,43,27.433333333333334,1.3522707223892212,0.9722814168586639
BH_s19_medium,26,44,27.466666666666665,0.9465938806533813,1.2317315164138751
BH_s19_medium,26,45,27.5,0.5729703903198242,1.3809163625924132
BH_s19_medium,26,46,27.533333333333335,0.22454069554805756,1.4078344880070859
BH_s19_medium,26,47,27.566666666666666,0.05848940089344978,1.3128041445609009
BH_s19_medium,26,48,27.6,-0.027966007590293884,1.10774515339281
BH_s19_medium,26,49,27.633333333333333,-0.027966007590293884,0.8135793428352296
BH_s19_medium,26,50,27.666666666666668,-0.04401380196213722,0.4563356784093539
BH_s19_medium,26,51,27.7,-0.16485130786895752,0.06371231858673508
BH_s19_medium,26,52,27.733333333333334,-0.37900373339653015,-0.3366202382514933
BH_s19_medium,26,53,27.766666666666666,-0.5931561589241028,-0.7172273400014726
BH_s19_medium,26,54,27.8,-0.800406813621521,-1.0509815043356723
BH_s19_medium,26,55,27.833333333333332,-0.9028677940368652,-1.3122720519371787
BH_s19_medium,26,56,27.866666666666667,-0.9575491547584534,-1.4795575397067395
BH_s19_medium,26,57,27.9,-0.9575491547584534,-1.5382956329869566
BH_s19_medium,26,58,27.933333333333334,-0.9575491547584534,-1.4828926800547393
BH_s19_medium,26,59,27.966666666666665,-1.007699728012085,-1.316847835689013
BH_s19_medium,26,60,28.0,-1.0122305154800415,-1.0513234565724654
BH_s19_medium,26,61,28.033333333333335,-1.1124894618988037,-0.7033754129204393
BH_s19_medium,26,62,28.066666666666666,-0.9370386004447937,-0.29532670759085483
BH_s19_medium,26,63,28.1,-0.24674296379089355,0.14442013358548458
BH_s19_medium,26,64,28.133333333333333,0.6873028874397278,0.5809666265999702
BH_s19_medium,26,65,28.166666666666668,1.466544508934021,0.9754305726303025
BH_s19_medium,26,66,28.2,1.5783296823501587,1.2908196328361832
BH_s19_medium,26,67,28.233333333333334,1.2663151025772095,1.498951609114059
BH_s19_medium,26,68,28.266666666666666,0.8675823211669922,1.5853841644418865
BH_s19_medium,26,69,28.3,0.5463536977767944,1.5506071114555096
BH_s19_medium,26,70,28.333333333333332,0.3048054277896881,1.40760552516076
BH_s19_medium,26,71,28.366666666666667,0.113365538418293,1.1772229863629635
BH_s19_medium,26,72,28.4,0.08139671385288239,0.8831236195476913
BH_s19_medium,26,73,28.433333333333334,0.08139671385288239,0.547858555751009
BH_s19_medium,26,74,28.466666666666665,-0.004990680143237114,0.1910170663094143
BH_s19_medium,26,75,28.5,-0.2191431075334549,-0.17030808411048953
BH_s19_medium,26,76,28.533333333333335,-0.4332955479621887,-0.5194898909959549
BH_s19_medium,26,77,28.566666666666666,-0.6384544968605042,-0.8382905815810981
BH_s19_medium,26,78,28.6,-0.7455306649208069,-1.1063103250006991
BH_s19_medium,26,79,28.633333333333333,-0.8481864333152771,-1.302701969980576
BH_s19_medium,26,80,28.666666666666668,-0.9028677940368652,-1.4095464164200326
BH_s19_medium,26,81,28.7,-0.9028677940368652,-1.415311063684305
BH_s19_medium,26,82,28.733333333333334,-0.9551101326942444,-1.3168970263426567
BH_s19_medium,26,83,28.766666666666666,-0.9575491547584534,-1.1197284295282617
BH_s19_medium,26,84,28.8,-1.0598998069763184,-0.8364690563601159
BH_s19_medium,26,85,28.833333333333332,-1.076210379600525,-0.48564517486891595
BH_s19_medium,26,86,28.866666666666667,-0.6873862147331238,-0.09127508233488826
BH_s19_medium,26,87,28.9,0.13446831703186035,0.31660921969838357
BH_s19_medium,26,88,28.933333333333334,1.007236123085022,0.7022713351621799
BH_s19_medium,26,89,28.966666666666665,1.3753048181533813,1.0274606545259777
BH_s19_medium,26,90,29.0,1.148585557937622,1.2577171358687935
BH_s19_medium,26,91,29.033333333333335,0.7749620079994202,1.3695715143931597
BH_s19_medium,26,92,29.066666666666666,0.4054116904735565,1.3554112646035281
BH_s19_medium,26,93,29.1,0.13657790422439575,1.2238338979743273
BH_s19_medium,26,94,29.133333333333333,-0.022893168032169342,0.9956514631300836
BH_s19_medium,26,95,29.166666666666668,-0.13732872903347015,0.6977610814783055
BH_s19_medium,26,96,29.2,-0.15755997598171234,0.3576140989234763
BH_s19_medium,26,97,29.233333333333334,-0.20995482802391052,0.00010163270186053577
BH_s19_medium,26,98,29.266666666666666,-0.38737064599990845,-0.35282418024338136
BH_s19_medium,26,99,29.3,-0.6015231013298035,-0.6807892394467718
BH_s19_medium,26,100,29.333333333333332,-0.8156754970550537,-0.9635061165679587
BH_s19_medium,26,101,29.366666666666667,-0.9751465916633606,-1.1804528777692898
BH_s19_medium,26,102,29.4,-1.1215932369232178,-1.312078184421094
BH_s19_medium,26,103,29.433333333333334,-1.1805002689361572,-1.3421409723977102
BH_s19_medium,26,104,29.466666666666665,-1.230955958366394,-1.2607401214074125
BH_s19_medium,26,105,29.5,-1.285290002822876,-1.0676725973363888
BH_s19_medium,26,106,29.533333333333335,-1.3376848697662354,-0.7753265689459637
BH_s19_medium,26,107,29.566666666666666,-1.3900797367095947,-0.40962317802657633
BH_s19_medium,26,108,29.6,-1.4971559047698975,-0.007443756658361354
BH_s19_medium,26,109,29.633333333333333,-1.4139866828918457,0.38957229611350114
BH_s19_medium,26,110,29.666666666666668,-0.930645227432251,0.742467752130503
BH_s19_medium,26,111,29.7,-0.14049671590328217,1.0203792890998011
BH_s19_medium,26,112,29.733333333333334,0.530093252658844,1.2028409283755246
BH_s19_medium,26,113,29.766666666666666,0.7015310525894165,1.28033243252952
BH_s19_medium,26,114,29.8,0.41758108139038086,1.2542353106702624
BH_s19_medium,26,115,29.833333333333332,0.09635243564844131,1.1358116707690133
BH_s19_medium,26,116,29.866666666666667,-0.1956937164068222,0.9434206261813356
BH_s19_medium,26,117,29.9,-0.40984615683555603,0.6982625775174335
BH_s19_medium,26,118,29.933333333333334,-0.5200982689857483,0.4203031454122453
BH_s19_medium,26,119,29.966666666666665,-0.49777528643608093,0.12627117618670722
BH_s19_medium,26,120,30.0,-0.46541687846183777,-0.16969334175224127
BH_s19_medium,26,121,30.033333333333335,-0.5378482341766357,-0.45373577563586426
BH_s19_medium,26,122,30.066666666666666,-0.6996057629585266,-0.7098106455573361
BH_s19_medium,26,123,30.1,-0.8745403289794922,-0.918277792043096
BH_s19_medium,26,124,30.133333333333333,-1.077802300453186,-1.0566150953273281
BH_s19_medium,26,125,30.166666666666668,-1.1762745380401611,-1.102884082398911
BH_s19_medium,26,126,30.2,-1.230955958366394,-1.0415474508301696
BH_s19_medium,26,127,30.233333333333334,-1.2856372594833374,-0.8699185905190914
BH_s19_medium,26,128,30.266666666666666,-1.2856372594833374,-0.6026528062100418
BH_s19_medium,26,129,30.3,-1.2856372594833374,-0.2718163919444029
BH_s19_medium,26,130,30.333333333333332,-1.2856372594833374,0.07856462627010169
BH_s19_medium,26,131,30.366666666666667,-1.3403186798095703,0.40210982085402314
BH_s19_medium,26,132,30.4,-1.1437979936599731,0.6600175297079163
BH_s19_medium,26,133,30.433333333333334,-0.5782268643379211,0.8272973651292375
BH_s19_medium,26,134,30.466666666666665,0.07620502263307571,0.8940755790868447
BH_s19_medium,26,135,30.5,0.4356440007686615,0.8636834152460949
BH_s19_medium,26,136,30.533333333333335,0.3878987729549408,0.7495617248591442
BH_s19_medium,26,137,30.566666666666666,0.12088599801063538,0.571750716449909
BH_s19_medium,26,138,30.6,-0.5027371644973755,0.3530789706144017
BH_s19_medium,26,139,30.633333333333333,-0.9420090913772583,0.11543813842197928
BH_s19_medium,26,140,30.666666666666668,-1.150580883026123,-0.12303650524155343
BH_s19_medium,26,141,30.7,-1.0948920249938965,-0.34903582323087434
BH_s19_medium,26,142,30.733333333333334,-0.9087197184562683,-0.5530945183064546
BH_s19_medium,26,143,30.766666666666666,-0.8481864333152771,-0.727050896597756
BH_s19_medium,26,144,30.8,-0.9972324967384338,-0.8610786334994548
BH_s19_medium,26,145,30.833333333333332,-1.30117666721344,-0.9417616246409473
BH_s19_medium,26,146,30.866666666666667,-1.6442627906799316,-0.9526042431413932
BH_s19_medium,26,147,30.9,-1.9130966663360596,-0.8775122521768807
BH_s19_medium,26,148,30.933333333333334,-2.0618720054626465,-0.706271180895847
BH_s19_medium,26,149,30.966666666666665,-2.1058576107025146,-0.44004895765581825
BH_s19_medium,26,150,31.0,-2.1058576107025146,-0.09520364310260114
BH_s19_medium,26,151,31.033333333333335,-2.1058576107025146,0.29576833467545804
BH_s19_medium,26,152,31.066666666666666,-2.1058576107025146,0.6872477159429023
BH_s19_medium,26,153,31.1,-1.8900797367095947,1.0279115966798196
BH_s19_medium,26,154,31.133333333333333,-0.8267620801925659,1.2709446553763497
BH_s19_medium,26,155,31.166666666666668,0.4057576358318329,1.3836325055156005
BH_s19_medium,26,156,31.2,1.1446384191513062,1.3531597520684913
BH_s19_medium,26,157,31.233333333333334,0.9411486387252808,1.1872195947401052
BH_s19_medium,26,158,31.266666666666666,0.330626517534256,0.9099785982164844
BH_s19_medium,26,159,31.3,-0.2693187892436981,0.5553581589481299
BH_s19_medium,26,160,31.333333333333332,-0.7432778477668762,0.1602227267448187
BH_s19_medium,26,161,31.366666666666667,-0.9932016134262085,-0.24044986631634363
BH_s19_medium,26,162,31.4,-0.924183189868927,-0.615850978137295
BH_s19_medium,26,163,31.433333333333334,-0.7624256014823914,-0.9399192005888448
BH_s19_medium,26,164,31.466666666666665,-0.7388237118721008,-1.1914020549839297
BH_s19_medium,26,165,31.5,-0.9011992812156677,-1.3540762693247903
BH_s19_medium,26,166,31.533333333333335,-1.1942529678344727,-1.417152691277515
BH_s19_medium,26,167,31.566666666666666,-1.4935481548309326,-1.375525796604468
BH_s19_medium,26,168,31.6,-1.7077006101608276,-1.2296054506352132
BH_s19_medium,26,169,31.633333333333333,-1.849811315536499,-0.9850480904223106
BH_s19_medium,26,170,31.666666666666668,-1.8871322870254517,-0.6533295121427638
BH_s19_medium,26,171,31.7,-1.941813588142395,-0.253609657848352
BH_s19_medium,26,172,31.733333333333334,-1.9523144960403442,0.18545254335124128
BH_s19_medium,26,173,31.766666666666666,-1.996495008468628,0.6262892867317938
BH_s19_medium,26,174,31.8,-1.8456370830535889,1.0264444425254653
BH_s19_medium,26,175,31.833333333333332,-0.8555299639701843,1.3449236009082461
BH_s19_medium,26,176,31.866666666666667,0.5938519239425659,1.5489195057912957
BH_s19_medium,26,177,31.9,1.9849963188171387,1.6191969729941922
BH_s19_medium,26,178,31.933333333333334,2.3233325481414795,1.5528074469038957
BH_s19_medium,26,179,31.966666666666665,1.858723521232605,1.3624037565176854
BH_s19_medium,26,180,32.0,1.213979721069336,1.0724897526693076
BH_s19_medium,26,181,32.03333333333333,0.7232023477554321,0.7139462779197716
BH_s19_medium,26,182,32.06666666666667,0.3372146487236023,0.3185301953914621
BH_s19_medium,26,183,32.1,0.09604738652706146,-0.08517667280181318
BH_s19_medium,26,184,32.13333333333333,-0.011028827168047428,-0.47342688604270733
BH_s19_medium,26,185,32.166666666666664,-0.027966007590293884,-0.8265560926870424
BH_s19_medium,26,186,32.2,-0.1489897072315216,-1.1269755924725775
BH_s19_medium,26,187,32.233333333333334,-0.3940267860889435,-1.3576630841127044
BH_s19_medium,26,188,32.266666666666666,-0.7438535690307617,-1.502355485040049
BH_s19_medium,26,189,32.3,-1.0911654233932495,-1.5474843054700083
BH_s19_medium,26,190,32.333333333333336,-1.3643437623977661,-1.484976894016811
BH_s19_medium,26,191,32.36666666666667,-1.5261013507843018,-1.3146626589478725
BH_s19_medium,26,192,32.4,-1.633177638053894,-1.0451994764653203
BH_s19_medium,26,193,32.43333333333333,-1.6855725049972534,-0.6933313888606045
BH_s19_medium,26,194,32.46666666666667,-1.7926486730575562,-0.2825167330387884
BH_s19_medium,26,195,32.5,-1.8997248411178589,0.15787728565038198
BH_s19_medium,26,196,32.53333333333333,-1.9108953475952148,0.593111841099343
BH_s19_medium,26,197,32.56666666666667,-1.2521029710769653,0.9850283823419047
BH_s19_medium,26,198,32.6,0.040831178426742554,1.29657183337109
BH_s19_medium,26,199,32.63333333333333,1.3119593858718872,1.4980978664182385
BH_s19_medium,26,200,32.666666666666664,1.8288800716400146,1.5730156325366955
BH_s19_medium,26,201,32.7,1.454062819480896,1.5202691879686414
BH_s19_medium,26,202,32.733333333333334,0.9186817407608032,1.352833748403138
BH_s19_medium,26,203,32.766666666666666,0.48126453161239624,1.0932981693212138
BH_s19_medium,26,204,32.8,0.10535452514886856,0.7683343458818119
BH_s19_medium,26,205,32.833333333333336,-0.16119275987148285,0.40377072068048975
BH_s19_medium,26,206,32.86666666666667,-0.3981765806674957,0.021806012725917295
BH_s19_medium,26,207,32.9,-0.46541687846183777,-0.35878098027603994
BH_s19_medium,26,208,32.93333333333333,-0.5200982689857483,-0.7200670065336077
BH_s19_medium,26,209,32.96666666666667,-0.6999867558479309,-1.0420401421273686
BH_s19_medium,26,210,33.0,-1.0017969608306885,-1.301361523312468
BH_s19_medium,26,211,33.03333333333333,-1.3230255842208862,-1.4729552516850852
BH_s19_medium,26,212,33.06666666666667,-1.615850806236267,-1.5342398666019512
BH_s19_medium,26,213,33.1,-1.7753219604492188,-1.4706596043309557
BH_s19_medium,26,214,33.13333333333333,-1.9109625816345215,-1.2805084603669556
BH_s19_medium,26,215,33.166666666666664,-1.9633574485778809,-0.9771754131453599
BH_s19_medium,26,216,33.2,-2.0157523155212402,-0.5879316896166292
BH_s19_medium,26,217,33.233333333333334,-2.1058576107025146,-0.14984730438988433
BH_s19_medium,26,218,33.266666666666666,-2.1058576107025146,0.2953993507400241
BH_s19_medium,26,219,33.3,-2.1058576107025146,0.7061040525110096
BH_s19_medium,26,220,33.333333333333336,-2.075523614883423,1.0441492270282628
BH_s19_medium,26,221,33.36666666666667,-1.355783462524414,1.2784510362769705
BH_s19_medium,26,222,33.4,-0.07640720903873444,1.3887495627264352
BH_s19_medium,26,223,33.43333333333333,0.9693057537078857,1.3691092790874022
BH_s19_medium,26,224,33.46666666666667,1.1174466609954834,1.2297652418618523
BH_s19_medium,26,225,33.5,0.6894976496696472,0.9960115640140529
BH_s19_medium,26,226,33.53333333333333,0.2051902413368225,0.7035518910168386
BH_s19_medium,26,227,33.56666666666667,-0.06496474146842957,0.3910132811690713
BH_s19_medium,26,228,33.6,-0.3315120339393616,0.09177901501456392
BH_s19_medium,26,229,33.63333333333333,-0.5538451671600342,-0.1719656252635371
BH_s19_medium,26,230,33.666666666666664,-0.6294609904289246,-0.39075220298568836
BH_s19_medium,26,231,33.7,-0.6294609904289246,-0.5645950434941639
BH_s19_medium,26,232,33.733333333333334,-0.7214969396591187,-0.6969106796609552
BH_s19_medium,26,233,33.766666666666666,-0.8987094163894653,-0.7887762915735016
BH_s19_medium,26,234,33.8,-1.1324750185012817,-0.8362725931101951
BH_s19_medium,26,235,33.833333333333336,-1.4013088941574097,-0.8319002142044755
BH_s19_medium,26,236,33.86666666666667,-1.5872527360916138,-0.769027413786772
BH_s19_medium,26,237,33.9,-1.6943289041519165,-0.6469736464319252
BH_s19_medium,26,238,33.93333333333333,-1.8014050722122192,-0.4742132704411181
BH_s19_medium,26,239,33.96666666666667,-1.8537999391555786,-0.26828175020461875
BH_s19_medium,27,0,27.0,-0.5342913269996643,-0.021782733147724654
BH_s19_medium,27,1,27.033333333333335,-0.6937624216079712,-0.2766131144199096
BH_s19_medium,27,2,27.066666666666666,-0.8481864333152771,-0.5215508827481208
BH_s19_medium,27,3,27.1,-0.9028677940368652,-0.7449241228739205
BH_s19_medium,27,4,27.133333333333333,-0.9028677940368652,-0.9295449037819543
BH_s19_medium,27,5,27.166666666666668,-0.9575491547584534,-1.0533050564867352
BH_s19_medium,27,6,27.2,-0.9575491547584534,-1.0924867687957094
BH_s19_medium,27,7,27.233333333333334,-1.0580028295516968,-1.0276611437187544
BH_s19_medium,27,8,27.266666666666666,-1.1215932369232178,-0.8507844463803745
BH_s19_medium,27,9,27.3,-0.9021143913269043,-0.5708081093293167
BH_s19_medium,27,10,27.333333333333332,-0.15411406755447388,-0.21509987198882377
BH_s19_medium,27,11,27.366666666666667,0.7391220331192017,0.17455757880135786
BH_s19_medium,27,12,27.4,1.3670645952224731,0.5503744569759481
BH_s19_medium,27,13,27.433333333333334,1.3522707223892212,0.8684544216233137
BH_s19_medium,27,14,27.466666666666665,0.9465938806533813,1.096721489702845
BH_s19_medium,27,15,27.5,0.5729703903198242,1.2185214030840545
BH_s19_medium,27,16,27.533333333333335,0.22454069554805756,1.23172783839874
BH_s19_medium,27,17,27.566666666666666,0.05848940089344978,1.1449641114683329
BH_s19_medium,27,18,27.6,-0.027966007590293884,0.9729185713561448
BH_s19_medium,27,19,27.633333333333333,-0.027966007590293884,0.7322614073507474
BH_s19_medium,27,20,27.666666666666668,-0.04401380196213722,0.4392475862231257
BH_s19_medium,27,21,27.7,-0.16485130786895752,0.1095673498646457
BH_s19_medium,27,22,27.733333333333334,-0.37900373339653015,-0.23995554125410035
BH_s19_medium,27,23,27.766666666666666,-0.5931561589241028,-0.5891845260070927
BH_s19_medium,27,24,27.8,-0.800406813621521,-0.9136909512749362
BH_s19_medium,27,25,27.833333333333332,-0.9028677940368652,-1.1860980020299734
BH_s19_medium,27,26,27.866666666666667,-0.9575491547584534,-1.379695494877645
BH_s19_medium,27,27,27.9,-0.9575491547584534,-1.4730891483867674
BH_s19_medium,27,28,27.933333333333334,-0.9575491547584534,-1.4540814714597448
BH_s19_medium,27,29,27.966666666666665,-1.007699728012085,-1.321328127112899
BH_s19_medium,27,30,28.0,-1.0122305154800415,-1.083460396300828
BH_s19_medium,27,31,28.033333333333335,-1.1124894618988037,-0.756824497784007
BH_s19_medium,27,32,28.066666666666666,-0.9370386004447937,-0.3638473090038246
BH_s19_medium,27,33,28.1,-0.24674296379089355,0.06690898386359379
BH_s19_medium,27,34,28.133333333333333,0.6873028874397278,0.5004674206902013
BH_s19_medium,27,35,28.166666666666668,1.466544508934021,0.8976884273236269
BH_s19_medium,27,36,28.2,1.5783296823501587,1.2209398781777865
BH_s19_medium,27,37,28.233333333333334,1.2663151025772095,1.4411333168115945
BH_s19_medium,27,38,28.266666666666666,0.8675823211669922,1.5430018058079653
BH_s19_medium,27,39,28.3,0.5463536977767944,1.526542867473997
BH_s19_medium,27,40,28.333333333333332,0.3048054277896881,1.4044403281079918
BH_s19_medium,27,41,28.366666666666667,0.113365538418293,1.1969222962680592
BH_s19_medium,27,42,28.4,0.08139671385288239,0.9262718677116737
BH_s19_medium,27,43,28.433333333333334,0.08139671385288239,0.6129450914968576
BH_s19_medium,27,44,28.466666666666665,-0.004990680143237114,0.27425704569854187
BH_s19_medium,27,45,28.5,-0.2191431075334549,-0.07459457419488295
BH_s19_medium,27,46,28.533333333333335,-0.4332955479621887,-0.4183007211633776
BH_s19_medium,27,47,28.566666666666666,-0.6384544968605042,-0.7395509281627436
BH_s19_medium,27,48,28.6,-0.7455306649208069,-1.0188513912493193
BH_s19_medium,27,49,28.633333333333333,-0.8481864333152771,-1.2364882924194274
BH_s19_medium,27,50,28.666666666666668,-0.9028677940368652,-1.3756481467130965
BH_s19_medium,27,51,28.7,-0.9028677940368652,-1.4248580593410025
BH_s19_medium,27,52,28.733333333333334,-0.9551101326942444,-1.3784710370593871
BH_s19_medium,27,53,28.766666666666666,-0.9575491547584534,-1.235516711081042
BH_s19_medium,27,54,28.8,-1.0598998069763184,-0.9987044414487689
BH_s19_medium,27,55,28.833333333333332,-1.076210379600525,-0.6754911439413802
BH_s19_medium,27,56,28.866666666666667,-0.6873862147331238,-0.28151646072810804
BH_s19_medium,27,57,28.9,0.13446831703186035,0.15563038106416877
BH_s19_medium,27,58,28.933333333333334,1.007236123085022,0.5957216500329928
BH_s19_medium,27,59,28.966666666666665,1.3753048181533813,0.9907220415165421
BH_s19_medium,27,60,29.0,1.148585557937622,1.2944081110481516
BH_s19_medium,27,61,29.033333333333335,0.7749620079994202,1.472967727696365
BH_s19_medium,27,62,29.066666666666666,0.4054116904735565,1.5120936879346518
BH_s19_medium,27,63,29.1,0.13657790422439575,1.4179344166692327
BH_s19_medium,27,64,29.133333333333333,-0.022893168032169342,1.2122565852109644
BH_s19_medium,27,65,29.166666666666668,-0.13732872903347015,0.9246028444503352
BH_s19_medium,27,66,29.2,-0.15755997598171234,0.5849300765331727
BH_s19_medium,27,67,29.233333333333334,-0.20995482802391052,0.21920945892060065
BH_s19_medium,27,68,29.266666666666666,-0.38737064599990845,-0.1513957310968881
BH_s19_medium,27,69,29.3,-0.6015231013298035,-0.5088172523757719
BH_s19_medium,27,70,29.333333333333332,-0.8156754970550537,-0.8356041380829851
BH_s19_medium,27,71,29.366666666666667,-0.9751465916633606,-1.1132676712113196
BH_s19_medium,27,72,29.4,-1.1215932369232178,-1.3223676416226207
BH_s19_medium,27,73,29.433333333333334,-1.1805002689361572,-1.444473311267098
BH_s19_medium,27,74,29.466666666666665,-1.230955958366394,-1.4654505945917558
BH_s19_medium,27,75,29.5,-1.285290002822876,-1.3790138647224732
BH_s19_medium,27,76,29.533333333333335,-1.3376848697662354,-1.1892097752707649
BH_s19_medium,27,77,29.566666666666666,-1.3900797367095947,-0.9106894183247063
BH_s19_medium,27,78,29.6,-1.4971559047698975,-0.5664302886680127
BH_s19_medium,27,79,29.633333333333333,-1.4139866828918457,-0.18385809207967546
BH_s19_medium,27,80,29.666666666666668,-0.930645227432251,0.20863077293259724
BH_s19_medium,27,81,29.7,-0.14049671590328217,0.5832804811691988
BH_s19_medium,27,82,29.733333333333334,0.530093252658844,0.9134718126655645
BH_s19_medium,27,83,29.766666666666666,0.7015310525894165,1.1752054509578598
BH_s19_medium,27,84,29.8,0.41758108139038086,1.3502678109727424
BH_s19_medium,27,85,29.833333333333332,0.09635243564844131,1.4294081616707794
BH_s19_medium,27,86,29.866666666666667,-0.1956937164068222,1.4132299663558985
BH_s19_medium,27,87,29.9,-0.40984615683555603,1.310045743414166
BH_s19_medium,27,88,29.933333333333334,-0.5200982689857483,1.1322386609650592
BH_s19_medium,27,89,29.966666666666665,-0.49777528643608093,0.8935962780396639
BH_s19_medium,27,90,30.0,-0.46541687846183777,0.608733343378913
BH_s19_medium,27,91,30.033333333333335,-0.5378482341766357,0.29383891500807974
BH_s19_medium,27,92,30.066666666666666,-0.6996057629585266,-0.032515136070159475
BH_s19_medium,27,93,30.1,-0.8745403289794922,-0.34927825477840474
BH_s19_medium,27,94,30.133333333333333,-1.077802300453186,-0.6339501309758264
BH_s19_medium,27,95,30.166666666666668,-1.1762745380401611,-0.8648753089801912
BH_s19_medium,27,96,30.2,-1.230955958366394,-1.024394179381525
BH_s19_medium,27,97,30.233333333333334,-1.2856372594833374,-1.101895997053502
BH_s19_medium,27,98,30.266666666666666,-1.2856372594833374,-1.0957165725631908
BH_s19_medium,27,99,30.3,-1.2856372594833374,-1.0131676139135393
BH_s19_medium,27,100,30.333333333333332,-1.2856372594833374,-0.8685808544220198
BH_s19_medium,27,101,30.366666666666667,-1.3403186798095703,-0.6799878749800157
BH_s19_medium,27,102,30.4,-1.1437979936599731,-0.46567538881916903
BH_s19_medium,27,103,30.433333333333334,-0.5782268643379211,-0.2417739491559248
BH_s19_medium,27,104,30.466666666666665,0.07620502263307571,-0.021199447053127284
BH_s19_medium,27,105,30.5,0.4356440007686615,0.18621264698744366
BH_s19_medium,27,106,30.533333333333335,0.3878987729549408,0.3721550525327319
BH_s19_medium,27,107,30.566666666666666,0.12088599801063538,0.527002023074403
BH_s19_medium,27,108,30.6,-0.5027371644973755,0.637630438369645
BH_s19_medium,27,109,30.633333333333333,-0.9420090913772583,0.6885346172868427
BH_s19_medium,27,110,30.666666666666668,-1.150580883026123,0.6664256940215069
BH_s19_medium,27,111,30.7,-1.0948920249938965,0.5656867936903972
BH_s19_medium,27,112,30.733333333333334,-0.9087197184562683,0.39197674726550136
BH_s19_medium,27,113,30.766666666666666,-0.8481864333152771,0.16306894065391572
BH_s19_medium,27,114,30.8,-0.9972324967384338,-0.09265275956668534
BH_s19_medium,27,115,30.833333333333332,-1.30117666721344,-0.33943361954412343
BH_s19_medium,27,116,30.866666666666667,-1.6442627906799316,-0.5389015828107215
BH_s19_medium,27,117,30.9,-1.9130966663360596,-0.6561438566724752
BH_s19_medium,27,118,30.933333333333334,-2.0618720054626465,-0.6662222480701119
BH_s19_medium,27,119,30.966666666666665,-2.1058576107025146,-0.5596573144862418
BH_s19_medium,27,120,31.0,-2.1058576107025146,-0.3456659257596108
BH_s19_medium,27,121,31.033333333333335,-2.1058576107025146,-0.052399930007597045
BH_s19_medium,27,122,31.066666666666666,-2.1058576107025146,0.27650627535504524
BH_s19_medium,27,123,31.1,-1.8900797367095947,0.5893606995656412
BH_s19_medium,27,124,31.133333333333333,-0.8267620801925659,0.8366483374690195
BH_s19_medium,27,125,31.166666666666668,0.4057576358318329,0.9812597500506905
BH_s19_medium,27,126,31.2,1.1446384191513062,1.0053544966705596
BH_s19_medium,27,127,31.233333333333334,0.9411486387252808,0.9116133414541879
BH_s19_medium,27,128,31.266666666666666,0.330626517534256,0.718974248908731
BH_s19_medium,27,129,31.3,-0.2693187892436981,0.45523531625239777
BH_s19_medium,27,130,31.333333333333332,-0.7432778477668762,0.14986650254490352
BH_s19_medium,27,131,31.366666666666667,-0.9932016134262085,-0.1704109548880625
BH_s19_medium,27,132,31.4,-0.924183189868927,-0.4826799523397026
BH_s19_medium,27,133,31.433333333333334,-0.7624256014823914,-0.7667318022902858
BH_s19_medium,27,134,31.466666666666665,-0.7388237118721008,-1.0036326774950626
BH_s19_medium,27,135,31.5,-0.9011992812156677,-1.1752575080241094
BH_s19_medium,27,136,31.533333333333335,-1.1942529678344727,-1.2651771349791454
BH_s19_medium,27,137,31.566666666666666,-1.4935481548309326,-1.2604717283707192
BH_s19_medium,27,138,31.6,-1.7077006101608276,-1.1536893421755146
BH_s19_medium,27,139,31.633333333333333,-1.849811315536499,-0.9445485234159969
BH_s19_medium,27,140,31.666666666666668,-1.8871322870254517,-0.6417328214390392
BH_s19_medium,27,141,31.7,-1.941813588142395,-0.26493251115107447
BH_s19_medium,27,142,31.733333333333334,-1.9523144960403442,0.1542256971361021
BH_s19_medium,27,143,31.766666666666666,-1.996495008468628,0.5745274177899298
BH_s19_medium,27,144,31.8,-1.8456370830535889,0.9514260770028706
BH_s19_medium,27,145,31.833333333333332,-0.8555299639701843,1.2453754094951937
BH_s19_medium,27,146,31.866666666666667,0.5938519239425659,1.4292361915424074
BH_s19_medium,27,147,31.9,1.9849963188171387,1.4922488293144371
BH_s19_medium,27,148,31.933333333333334,2.3233325481414795,1.4395138444663658
BH_s19_medium,27,149,31.966666666666665,1.858723521232605,1.2876446774289942
BH_s19_medium,27,150,32.0,1.213979721069336,1.05862668076094
BH_s19_medium,27,151,32.03333333333333,0.7232023477554321,0.7743338110870887
BH_s19_medium,27,152,32.06666666666667,0.3372146487236023,0.4534488205470866
BH_s19_medium,27,153,32.1,0.09604738652706146,0.11124205360502029
BH_s19_medium,27,154,32.13333333333333,-0.011028827168047428,-0.23850352148885653
BH_s19_medium,27,155,32.166666666666664,-0.027966007590293884,-0.5808605937939751
BH_s19_medium,27,156,32.2,-0.1489897072315216,-0.8980314540458569
BH_s19_medium,27,157,32.233333333333334,-0.3940267860889435,-1.1695996236562582
BH_s19_medium,27,158,32.266666666666666,-0.7438535690307617,-1.3747075291445299
BH_s19_medium,27,159,32.3,-1.0911654233932495,-1.4950809636455318
BH_s19_medium,27,160,32.333333333333336,-1.3643437623977661,-1.5175579488023483
BH_s19_medium,27,161,32.36666666666667,-1.5261013507843018,-1.43537357606966
BH_s19_medium,27,162,32.4,-1.633177638053894,-1.2484694031946706
BH_s19_medium,27,163,32.43333333333333,-1.6855725049972534,-0.9638088092738358
BH_s19_medium,27,164,32.46666666666667,-1.7926486730575562,-0.5964905054316203
BH_s19_medium,27,165,32.5,-1.8997248411178589,-0.17127850058082061
BH_s19_medium,27,166,32.53333333333333,-1.9108953475952148,0.27724757798211325
BH_s19_medium,27,167,32.56666666666667,-1.2521029710769653,0.7078238119615835
BH_s19_medium,27,168,32.6,0.040831178426742554,1.0789505254952783
BH_s19_medium,27,169,32.63333333333333,1.3119593858718872,1.3564394216703441
BH_s19_medium,27,170,32.666666666666664,1.8288800716400146,1.5191152745417005
BH_s19_medium,27,171,32.7,1.454062819480896,1.5607260502590705
BH_s19_medium,27,172,32.733333333333334,0.9186817407608032,1.4879122637411109
BH_s19_medium,27,173,32.766666666666666,0.48126453161239624,1.3156428182207873
BH_s19_medium,27,174,32.8,0.10535452514886856,1.0621802151847768
BH_s19_medium,27,175,32.833333333333336,-0.16119275987148285,0.7454285907258769
BH_s19_medium,27,176,32.86666666666667,-0.3981765806674957,0.381794285652676
BH_s19_medium,27,177,32.9,-0.46541687846183777,-0.012332796565813552
BH_s19_medium,27,178,32.93333333333333,-0.5200982689857483,-0.41749075305642225
BH_s19_medium,27,179,32.96666666666667,-0.6999867558479309,-0.8083472059669559
BH_s19_medium,27,180,33.0,-1.0017969608306885,-1.153289683890674
BH_s19_medium,27,181,33.03333333333333,-1.3230255842208862,-1.4175997635119582
BH_s19_medium,27,182,33.06666666666667,-1.615850806236267,-1.569574643471962
BH_s19_medium,27,183,33.1,-1.7753219604492188,-1.587370921087527
BH_s19_medium,27,184,33.13333333333333,-1.9109625816345215,-1.4640673871743493
BH_s19_medium,27,185,33.166666666666664,-1.9633574485778809,-1.20937720548147
BH_s19_medium,27,186,33.2,-2.0157523155212402,-0.8478573828105181
BH_s19_medium,27,187,33.233333333333334,-2.1058576107025146,-0.4147449728825262
BH_s19_medium,27,188,33.266666666666666,-2.1058576107025146,0.04882124122687594
BH_s19_medium,27,189,33.3,-2.1058576107025146,0.499916169302904
BH_s19_medium,27,190,33.333333333333336,-2.075523614883423,0.8973473753465205
BH_s19_medium,27,191,33.36666666666667,-1.355783462524414,1.205498526364655
BH_s19_medium,27,192,33.4,-0.07640720903873444,1.3988191693918584
BH_s19_medium,27,193,33.43333333333333,0.9693057537078857,1.4659882435285034
BH_s19_medium,27,194,33.46666666666667,1.1174466609954834,1.4120547834905866
BH_s19_medium,27,195,33.5,0.6894976496696472,1.2570666000316788
BH_s19_medium,27,196,33.53333333333333,0.2051902413368225,1.0306855391831404
BH_s19_medium,27,197,33.56666666666667,-0.06496474146842957,0.7639542612292874
BH_s19_medium,27,198,33.6,-0.3315120339393616,0.48115088707603565
BH_s19_medium,27,199,33.63333333333333,-0.5538451671600342,0.19515758746946182
BH_s19_medium,27,200,33.666666666666664,-0.6294609904289246,-0.09180337231459146
BH_s19_medium,27,201,33.7,-0.6294609904289246,-0.38277709029125956
BH_s19_medium,27,202,33.733333333333334,-0.7214969396591187,-0.6786637516640807
BH_s19_medium,27,203,33.766666666666666,-0.8987094163894653,-0.9719962725803153
BH_s19_medium,27,204,33.8,-1.1324750185012817,-1.2443798772044865
BH_s19_medium,27,205,33.833333333333336,-1.4013088941574097,-1.4684075524377525
BH_s19_medium,27,206,33.86666666666667,-1.5872527360916138,-1.6130106157511257
BH_s19_medium,27,207,33.9,-1.6943289041519165,-1.650125675756454
BH_s19_medium,27,208,33.93333333333333,-1.8014050722122192,-1.5607429066063487
BH_s19_medium,27,209,33.96666666666667,-1.8537999391555786,-1.3392779273321758
BH_s19_medium,27,210,34.0,-1.8871322870254517,-0.995908036750402
BH_s19_medium,27,211,34.03333333333333,-1.903908371925354,-0.5566836859340856
BH_s19_medium,27,212,34.06666666666667,-1.9563032388687134,-0.06109703174401485
BH_s19_medium,27,213,34.1,-2.008697986602783,0.44303085153829536
BH_s19_medium,27,214,34.13333333333333,-2.1058576107025146,0.9066844027429516
BH_s19_medium,27,215,34.166666666666664,-2.1058576107025146,1.2872742954199135
BH_s19_medium,27,216,34.2,-1.7790155410766602,1.5549389635609256
BH_s19_medium,27,217,34.233333333333334,-0.6505149602890015,1.6961019423252597
BH_s19_medium,27,218,34.266666666666666,0.5250118374824524,1.7135986338765188
BH_s19_medium,27,219,34.3,1.1157946586608887,1.62355482969687
BH_s19_medium,27,220,34.333333333333336,0.8621456623077393,1.450012105819879
BH_s19_medium,27,221,34.36666666666667,0.3305670917034149,1.2188456066020645
BH_s19_medium,27,222,34.4,-0.05752088502049446,0.9526408304021368
BH_s19_medium,27,223,34.43333333333333,-0.324068158864975,0.6678314915534731
BH_s19_medium,27,224,34.46666666666667,-0.4524683952331543,0.3746412912287164
BH_s19_medium,27,225,34.5,-0.5200982689857483,0.07947411480573965
BH_s19_medium,27,226,34.53333333333333,-0.48293840885162354,-0.2113442497097376
BH_s19_medium,27,227,34.56666666666667,-0.46541687846183777,-0.4879462012001964
BH_s19_medium,27,228,34.6,-0.5526850819587708,-0.7348518639763414
BH_s19_medium,27,229,34.63333333333333,-0.7447429895401001,-0.931527522919066
BH_s19_medium,27,230,34.666666666666664,-0.9588953852653503,-1.0560674068701754
BH_s19_medium,27,231,34.7,-1.0926392078399658,-1.0915190638234544
BH_s19_medium,27,232,34.733333333333334,-1.2543967962265015,-1.0330810083074675
BH_s19_medium,27,233,34.766666666666666,-1.3067915439605713,-0.8934538226618334
BH_s19_medium,27,234,34.8,-1.3949999809265137,-0.7036413129947154
BH_s19_medium,27,235,34.833333333333336,-1.466262698173523,-0.5073991216425237
BH_s19_medium,27,236,34.86666666666667,-1.5186575651168823,-0.349249736131267
BH_s19_medium,27,237,34.9,-1.5710524320602417,-0.25907230237204876
BH_s19_medium,27,238,34.93333333333333,-1.6234471797943115,-0.23986920129506564
BH_s19_medium,27,239,34.96666666666667,-1.675842046737671,-0.2657196018136254
BH_s19_medium,28,0,28.0,-1.0122305154800415,0.12970350377442183
BH_s19_medium,28,1,28.033333333333335,-1.1124894618988037,0.11094418886862013
BH_s19_medium,28,2,28.066666666666666,-0.9370386004447937,0.13275619246449175
BH_s19_medium,28,3,28.1,-0.24674296379089355,0.2216542534630193
BH_s19_medium,28,4,28.133333333333333,0.6873028874397278,0.3768178825070944
BH_s19_medium,28,5,28.166666666666668,1.466544508934021,0.5700415733940591
BH_s19_medium,28,6,28.2,1.5783296823501587,0.7561150012371052
BH_s19_medium,28,7,28.233333333333334,1.2663151025772095,0.8889557476951699
BH_s19_medium,28,8,28.266666666666666,0.8675823211669922,0.9363844668670236
BH_s19_medium,28,9,28.3,0.5463536977767944,0.8876393929360887
BH_s19_medium,28,10,28.333333333333332,0.3048054277896881,0.7519390011585533
BH_s19_medium,28,11,28.366666666666667,0.113365538418293,0.5508926946398781
BH_s19_medium,28,12,28.4,0.08139671385288239,0.3096412008153602
BH_s19_medium,28,13,28.433333333333334,0.08139671385288239,0.05070039656673724
BH_s19_medium,28,14,28.466666666666665,-0.004990680143237114,-0.20821086450151371
BH_s19_medium,28,15,28.5,-0.2191431075334549,-0.453505946329373
BH_s19_medium,28,16,28.533333333333335,-0.4332955479621887,-0.6741114331850099
BH_s19_medium,28,17,28.566666666666666,-0.6384544968605042,-0.8601788623546269
BH_s19_medium,28,18,28.6,-0.7455306649208069,-1.002568077033067
BH_s19_medium,28,19,28.633333333333333,-0.8481864333152771,-1.0929729377145425
BH_s19_medium,28,20,28.666666666666668,-0.9028677940368652,-1.124326697310417
BH_s19_medium,28,21,28.7,-0.9028677940368652,-1.091159484054457
BH_s19_medium,28,22,28.733333333333334,-0.9551101326942444,-0.9897815108654159
BH_s19_medium,28,23,28.766666666666666,-0.9575491547584534,-0.8184815173753303
BH_s19_medium,28,24,28.8,-1.0598998069763184,-0.5782517702245804
BH_s19_medium,28,25,28.833333333333332,-1.076210379600525,-0.27462173126557254
BH_s19_medium,28,26,28.866666666666667,-0.6873862147331238,0.07930601173125443
BH_s19_medium,28,27,28.9,0.13446831703186035,0.459779469927039
BH_s19_medium,28,28,28.933333333333334,1.007236123085022,0.8318432363072432
BH_s19_medium,28,29,28.966666666666665,1.3753048181533813,1.153595670844874
BH_s19_medium,28,30,29.0,1.148585557937622,1.384828955484878
BH_s19_medium,28,31,29.033333333333335,0.7749620079994202,1.4966188014911301
BH_s19_medium,28,32,29.066666666666666,0.4054116904735565,1.4776960483933064
BH_s19_medium,28,33,29.1,0.13657790422439575,1.3352181088847281
BH_s19_medium,28,34,29.133333333333333,-0.022893168032169342,1.0904396868684272
BH_s19_medium,28,35,29.166666666666668,-0.13732872903347015,0.7719018799091117
BH_s19_medium,28,36,29.2,-0.15755997598171234,0.4090349957635178
BH_s19_medium,28,37,29.233333333333334,-0.20995482802391052,0.028075208693750915
BH_s19_medium,28,38,29.266666666666666,-0.38737064599990845,-0.34902014432461975
BH_s19_medium,28,39,29.3,-0.6015231013298035,-0.7031623402135441
BH_s19_medium,28,40,29.333333333333332,-0.8156754970550537,-1.0158067817627705
BH_s19_medium,28,41,29.366666666666667,-0.9751465916633606,-1.267608256194534
BH_s19_medium,28,42,29.4,-1.1215932369232178,-1.4391278640838037
BH_s19_medium,28,43,29.433333333333334,-1.1805002689361572,-1.5133986177048813
BH_s19_medium,28,44,29.466666666666665,-1.230955958366394,-1.4793513309068935
BH_s19_medium,28,45,29.5,-1.285290002822876,-1.3349530104555234
BH_s19_medium,28,46,29.533333333333335,-1.3376848697662354,-1.0891081726585445
BH_s19_medium,28,47,29.566666666666666,-1.3900797367095947,-0.7615026428968512
BH_s19_medium,28,48,29.6,-1.4971559047698975,-0.37974062055259883
BH_s19_medium,28,49,29.633333333333333,-1.4139866828918457,0.025663117433069225
BH_s19_medium,28,50,29.666666666666668,-0.930645227432251,0.4258004074732576
BH_s19_medium,28,51,29.7,-0.14049671590328217,0.7947257929807973
BH_s19_medium,28,52,29.733333333333334,0.530093252658844,1.108296525372816
BH_s19_medium,28,53,29.766666666666666,0.7015310525894165,1.3438373760108893
BH_s19_medium,28,54,29.8,0.41758108139038086,1.4824932974631513
BH_s19_medium,28,55,29.833333333333332,0.09635243564844131,1.5128865982746469
BH_s19_medium,28,56,29.866666666666667,-0.1956937164068222,1.4335671334662359
BH_s19_medium,28,57,29.9,-0.40984615683555603,1.2530287633273443
BH_s19_medium,28,58,29.933333333333334,-0.5200982689857483,0.987915490267869
BH_s19_medium,28,59,29.966666666666665,-0.49777528643608093,0.6607917116044573
BH_s19_medium,28,60,30.0,-0.46541687846183777,0.2980883889226469
BH_s19_medium,28,61,30.033333333333335,-0.5378482341766357,-0.07208362651641934
BH_s19_medium,28,62,30.066666666666666,-0.6996057629585266,-0.42239075283722016
BH_s19_medium,28,63,30.1,-0.8745403289794922,-0.7285361774053767
BH_s19_medium,28,64,30.133333333333333,-1.077802300453186,-0.970869536759852
BH_s19_medium,28,65,30.166666666666668,-1.1762745380401611,-1.135313911734007
BH_s19_medium,28,66,30.2,-1.230955958366394,-1.2137813443125403
BH_s19_medium,28,67,30.233333333333334,-1.2856372594833374,-1.2042608764345946
BH_s19_medium,28,68,30.266666666666666,-1.2856372594833374,-1.1107867254445536
BH_s19_medium,28,69,30.3,-1.2856372594833374,-0.9433700974570756
BH_s19_medium,28,70,30.333333333333332,-1.2856372594833374,-0.717617286310431
BH_s19_medium,28,71,30.366666666666667,-1.3403186798095703,-0.4535490537739882
BH_s19_medium,28,72,30.4,-1.1437979936599731,-0.1734257520875179
BH_s19_medium,28,73,30.433333333333334,-0.5782268643379211,0.10105024462779724
BH_s19_medium,28,74,30.466666666666665,0.07620502263307571,0.3513396624625894
BH_s19_medium,28,75,30.5,0.4356440007686615,0.5634777074319185
BH_s19_medium,28,76,30.533333333333335,0.3878987729549408,0.7275182493268032
BH_s19_medium,28,77,30.566666666666666,0.12088599801063538,0.8353056845889981
BH_s19_medium,28,78,30.6,-0.5027371644973755,0.8784593376034872
BH_s19_medium,28,79,30.633333333333333,-0.9420090913772583,0.8487922687841296
BH_s19_medium,28,80,30.666666666666668,-1.150580883026123,0.7415160071195751
BH_s19_medium,28,81,30.7,-1.0948920249938965,0.5593495044236453
BH_s19_medium,28,82,30.733333333333334,-0.9087197184562683,0.31519714749083244
BH_s19_medium,28,83,30.766666666666666,-0.8481864333152771,0.03220751694411871
BH_s19_medium,28,84,30.8,-0.9972324967384338,-0.2585834524425345
BH_s19_medium,28,85,30.833333333333332,-1.30117666721344,-0.5221212987938794
BH_s19_medium,28,86,30.866666666666667,-1.6442627906799316,-0.7239563234532657
BH_s19_medium,28,87,30.9,-1.9130966663360596,-0.8352046373775377
BH_s19_medium,28,88,30.933333333333334,-2.0618720054626465,-0.8373523928856205
BH_s19_medium,28,89,30.966666666666665,-2.1058576107025146,-0.7261350209380198
BH_s19_medium,28,90,31.0,-2.1058576107025146,-0.5136596333213619
BH_s19_medium,28,91,31.033333333333335,-2.1058576107025146,-0.22793947747102233
BH_s19_medium,28,92,31.066666666666666,-2.1058576107025146,0.09093631073485034
BH_s19_medium,28,93,31.1,-1.8900797367095947,0.39793911223531814
BH_s19_medium,28,94,31.133333333333333,-0.8267620801925659,0.6517409305439592
BH_s19_medium,28,95,31.166666666666668,0.4057576358318329,0.8219784329762297
BH_s19_medium,28,96,31.2,1.1446384191513062,0.8930959383018652
BH_s19_medium,28,97,31.233333333333334,0.9411486387252808,0.8644485728799405
BH_s19_medium,28,98,31.266666666666666,0.330626517534256,0.7474575198677451
BH_s19_medium,28,99,31.3,-0.2693187892436981,0.5610461189652264
BH_s19_medium,28,100,31.333333333333332,-0.7432778477668762,0.32683369770311577
BH_s19_medium,28,101,31.366666666666667,-0.9932016134262085,0.06553137326257251
BH_s19_medium,28,102,31.4,-0.924183189868927,-0.20456957399864995
BH_s19_medium,28,103,31.433333333333334,-0.7624256014823914,-0.4670453297603687
BH_s19_medium,28,104,31.466666666666665,-0.7388237118721008,-0.7056286482588094
BH_s19_medium,28,105,31.5,-0.9011992812156677,-0.9026539519986332
BH_s19_medium,28,106,31.533333333333335,-1.1942529678344727,-1.038751732634936
BH_s19_medium,28,107,31.566666666666666,-1.4935481548309326,-1.0943279244625068
BH_s19_medium,28,108,31.6,-1.7077006101608276,-1.0528161226386075
BH_s19_medium,28,109,31.633333333333333,-1.849811315536499,-0.9051587506853563
BH_s19_medium,28,110,31.666666666666668,-1.8871322870254517,-0.6543869279484034
BH_s19_medium,28,111,31.7,-1.941813588142395,-0.31868199382569046
BH_s19_medium,28,112,31.733333333333334,-1.9523144960403442,0.0687463788385522
BH_s19_medium,28,113,31.766666666666666,-1.996495008468628,0.4638695216459157
BH_s19_medium,28,114,31.8,-1.8456370830535889,0.8195149424979522
BH_s19_medium,28,115,31.833333333333332,-0.8555299639701843,1.0943714193643599
BH_s19_medium,28,116,31.866666666666667,0.5938519239425659,1.260559915097655
BH_s19_medium,28,117,31.9,1.9849963188171387,1.307547254836444
BH_s19_medium,28,118,31.933333333333334,2.3233325481414795,1.2415886182696387
BH_s19_medium,28,119,31.966666666666665,1.858723521232605,1.0814589564357313
BH_s19_medium,28,120,32.0,1.213979721069336,0.8522912507981945
BH_s19_medium,28,121,32.03333333333333,0.7232023477554321,0.5796124338824494
BH_s19_medium,28,122,32.06666666666667,0.3372146487236023,0.28522308541370084
BH_s19_medium,28,123,32.1,0.09604738652706146,-0.014357123446351235
BH_s19_medium,28,124,32.13333333333333,-0.011028827168047428,-0.30718357980174343
BH_s19_medium,28,125,32.166666666666664,-0.027966007590293884,-0.5838899037557311
BH_s19_medium,28,126,32.2,-0.1489897072315216,-0.8354310682184463
BH_s19_medium,28,127,32.233333333333334,-0.3940267860889435,-1.0512787955000185
BH_s19_medium,28,128,32.266666666666666,-0.7438535690307617,-1.2184587198783452
BH_s19_medium,28,129,32.3,-1.0911654233932495,-1.3216748322579197
BH_s19_medium,28,130,32.333333333333336,-1.3643437623977661,-1.344743801992121
BH_s19_medium,28,131,32.36666666666667,-1.5261013507843018,-1.2734242608203996
BH_s19_medium,28,132,32.4,-1.633177638053894,-1.0993208136304091
BH_s19_medium,28,133,32.43333333333333,-1.6855725049972534,-0.8240277535784291
BH_s19_medium,28,134,32.46666666666667,-1.7926486730575562,-0.4623001824377598
BH_s19_medium,28,135,32.5,-1.8997248411178589,-0.04287523128538301
BH_s19_medium,28,136,32.53333333333333,-1.9108953475952148,0.39422108497013986
BH_s19_medium,28,137,32.56666666666667,-1.2521029710769653,0.8040119655135134
BH_s19_medium,28,138,32.6,0.040831178426742554,1.1449157659802844
BH_s19_medium,28,139,32.63333333333333,1.3119593858718872,1.3861952741821282
BH_s19_medium,28,140,32.666666666666664,1.8288800716400146,1.5119555170617571
BH_s19_medium,28,141,32.7,1.454062819480896,1.5208393472858426
BH_s19_medium,28,142,32.733333333333334,0.9186817407608032,1.4224992793023459
BH_s19_medium,28,143,32.766666666666666,0.48126453161239624,1.232902904456021
BH_s19_medium,28,144,32.8,0.10535452514886856,0.9701542087400338
BH_s19_medium,28,145,32.833333333333336,-0.16119275987148285,0.651664243201626
BH_s19_medium,28,146,32.86666666666667,-0.3981765806674957,0.2931000871070355
BH_s19_medium,28,147,32.9,-0.46541687846183777,-0.09067118835253894
BH_s19_medium,28,148,32.93333333333333,-0.5200982689857483,-0.48302755754799476
BH_s19_medium,28,149,32.96666666666667,-0.6999867558479309,-0.862710041655123
BH_s19_medium,28,150,33.0,-1.0017969608306885,-1.2024987169741468
BH_s19_medium,28,151,33.03333333333333,-1.3230255842208862,-1.470928565117737
BH_s19_medium,28,152,33.06666666666667,-1.615850806236267,-1.6370325252776774
BH_s19_medium,28,153,33.1,-1.7753219604492188,-1.676554545433103
BH_s19_medium,28,154,33.13333333333333,-1.9109625816345215,-1.5775381728101958
BH_s19_medium,28,155,33.166666666666664,-1.9633574485778809,-1.3436238124434803
BH_s19_medium,28,156,33.2,-2.0157523155212402,-0.9942337602475733
BH_s19_medium,28,157,33.233333333333334,-2.1058576107025146,-0.5617910544285665
BH_s19_medium,28,158,33.266666666666666,-2.1058576107025146,-0.0869649755200829
BH_s19_medium,28,159,33.3,-2.1058576107025146,0.3867615271606611
BH_s19_medium,28,160,33.333333333333336,-2.075523614883423,0.8182685523535609
BH_s19_medium,28,161,33.36666666666667,-1.355783462524414,1.1732386727563073
BH_s19_medium,28,162,33.4,-0.07640720903873444,1.4274318970617543
BH_s19_medium,28,163,33.43333333333333,0.9693057537078857,1.5683350725629057
BH_s19_medium,28,164,33.46666666666667,1.1174466609954834,1.5950150561982186
BH_s19_medium,28,165,33.5,0.6894976496696472,1.5163892204248546
BH_s19_medium,28,166,33.53333333333333,0.2051902413368225,1.3482842139251028
BH_s19_medium,28,167,33.56666666666667,-0.06496474146842957,1.1097632053529696
BH_s19_medium,28,168,33.6,-0.3315120339393616,0.8194881915311142
BH_s19_medium,28,169,33.63333333333333,-0.5538451671600342,0.49314792683453873
BH_s19_medium,28,170,33.666666666666664,-0.6294609904289246,0.14287071062226628
BH_s19_medium,28,171,33.7,-0.6294609904289246,-0.22109272604988625
BH_s19_medium,28,172,33.733333333333334,-0.7214969396591187,-0.587122513214756
BH_s19_medium,28,173,33.766666666666666,-0.8987094163894653,-0.9389969441025784
BH_s19_medium,28,174,33.8,-1.1324750185012817,-1.2544669424400283
BH_s19_medium,28,175,33.833333333333336,-1.4013088941574097,-1.506695375893317
BH_s19_medium,28,176,33.86666666666667,-1.5872527360916138,-1.6682077997223064
BH_s19_medium,28,177,33.9,-1.6943289041519165,-1.7158917587339246
BH_s19_medium,28,178,33.93333333333333,-1.8014050722122192,-1.635518668444203
BH_s19_medium,28,179,33.96666666666667,-1.8537999391555786,-1.4249132320674431
BH_s19_medium,28,180,34.0,-1.8871322870254517,-1.0954920368394887
BH_s19_medium,28,181,34.03333333333333,-1.903908371925354,-0.6720218206161143
BH_s19_medium,28,182,34.06666666666667,-1.9563032388687134,-0.19028358275226495
BH_s19_medium,28,183,34.1,-2.008697986602783,0.30739806083248167
BH_s19_medium,28,184,34.13333333333333,-2.1058576107025146,0.777826148992529
BH_s19_medium,28,185,34.166666666666664,-2.1058576107025146,1.1822173804719944
BH_s19_medium,28,186,34.2,-1.7790155410766602,1.4900414780508326
BH_s19_medium,28,187,34.233333333333334,-0.6505149602890015,1.681328006404254
BH_s19_medium,28,188,34.266666666666666,0.5250118374824524,1.7477312703549523
BH_s19_medium,28,189,34.3,1.1157946586608887,1.6924204830267147
BH_s19_medium,28,190,34.333333333333336,0.8621456623077393,1.528603241688487
BH_s19_medium,28,191,34.36666666666667,0.3305670917034149,1.2766039666597464
BH_s19_medium,28,192,34.4,-0.05752088502049446,0.9599565354402433
BH_s19_medium,28,193,34.43333333333333,-0.324068158864975,0.6015744765708336
BH_s19_medium,28,194,34.46666666666667,-0.4524683952331543,0.2212530299127109
BH_s19_medium,28,195,34.5,-0.5200982689857483,-0.16471986724259047
BH_s19_medium,28,196,34.53333333333333,-0.48293840885162354,-0.5420581656343078
BH_s19_medium,28,197,34.56666666666667,-0.46541687846183777,-0.8961927563760539
BH_s19_medium,28,198,34.6,-0.5526850819587708,-1.2105731046962924
BH_s19_medium,28,199,34.63333333333333,-0.7447429895401001,-1.4664969927871814
BH_s19_medium,28,200,34.666666666666664,-0.9588953852653503,-1.6446529064744784
BH_s19_medium,28,201,34.7,-1.0926392078399658,-1.7279019769436037
BH_s19_medium,28,202,34.733333333333334,-1.2543967962265015,-1.7045263514610212
BH_s19_medium,28,203,34.766666666666666,-1.3067915439605713,-1.571133634471149
BH_s19_medium,28,204,34.8,-1.3949999809265137,-1.3344230205440566
BH_s19_medium,28,205,34.833333333333336,-1.466262698173523,-1.0110315848531088
BH_s19_medium,28,206,34.86666666666667,-1.5186575651168823,-0.6249806118738123
BH_s19_medium,28,207,34.9,-1.5710524320602417,-0.20347800043843103
BH_s19_medium,28,208,34.93333333333333,-1.6234471797943115,0.22645539332098044
BH_s19_medium,28,209,34.96666666666667,-1.675842046737671,0.6384166359040689
BH_s19_medium,28,210,35.0,-1.7230881452560425,1.0052732573147358
BH_s19_medium,28,211,35.03333333333333,-1.7749072313308716,1.2995469163792797
BH_s19_medium,28,212,35.06666666666667,-1.5003324747085571,1.4972258883770857
BH_s19_medium,28,213,35.1,-0.5918871760368347,1.583325207730339
BH_s19_medium,28,214,35.13333333333333,0.48287224769592285,1.5563208469437086
BH_s19_medium,28,215,35.166666666666664,1.259251594543457,1.4294024283208486
BH_s19_medium,28,216,35.2,1.0999423265457153,1.2276615099746089
BH_s19_medium,28,217,35.233333333333334,0.518450140953064,0.981736127791529
BH_s19_medium,28,218,35.266666666666666,0.024607131257653236,0.7201421130522494
BH_s19_medium,28,219,35.3,-0.27051323652267456,0.4633440620070314
BH_s19_medium,28,220,35.333333333333336,-0.4477005898952484,0.22162972660978247
BH_s19_medium,28,221,35.36666666666667,-0.46541687846183777,-0.0031050157391052605
BH_s19_medium,28,222,35.4,-0.37834346294403076,-0.21307344818584872
BH_s19_medium,28,223,35.43333333333333,-0.30137279629707336,-0.4097442981605123
BH_s19_medium,28,224,35.46666666666667,-0.4116922616958618,-0.5900256633787143
BH_s19_medium,28,225,35.5,-0.6258446574211121,-0.7444874837018951
BH_s19_medium,28,226,35.53333333333333,-0.8946784734725952,-0.8581277027789618
BH_s19_medium,28,227,35.56666666666667,-1.0878714323043823,-0.9136677644448827
BH_s19_medium,28,228,35.6,-1.194947600364685,-0.8966223063351311
BH_s19_medium,28,229,35.63333333333333,-1.2473424673080444,-0.8006797302112528
BH_s19_medium,28,230,35.666666666666664,-1.2856372594833374,-0.6316551460597344
BH_s19_medium,28,231,35.7,-1.3403186798095703,-0.4085919196595357
BH_s19_medium,28,232,35.733333333333334,-1.3403186798095703,-0.16143183042116988
BH_s19_medium,28,233,35.766666666666666,-1.3475590944290161,0.07416042898564451
BH_s19_medium,28,234,35.8,-1.3999539613723755,0.26322964452884656
BH_s19_medium,28,235,35.833333333333336,-1.5070302486419678,0.37757241338090874
BH_s19_medium,28,236,35.86666666666667,-1.5594251155853271,0.4006850405954332
BH_s19_medium,28,237,35.9,-1.4553979635238647,0.3314411138227759
BH_s19_medium,28,238,35.93333333333333,-0.667189359664917,0.1855854561029642
BH_s19_medium,28,239,35.96666666666667,0.35117796063423157,-0.0063879018897563915
BH_s19_medium,29,0,29.0,1.148585557937622,-0.09391781122904738
BH_s19_medium,29,1,29.033333333333335,0.7749620079994202,-0.1927902293479737
BH_s19_medium,29,2,29.066666666666666,0.4054116904735565,-0.3083118878260767
BH_s19_medium,29,3,29.1,0.13657790422439575,-0.4514749605328739
BH_s19_medium,29,4,29.133333333333333,-0.022893168032169342,-0.623582434339794
BH_s19_medium,29,5,29.166666666666668,-0.13732872903347015,-0.814748446108135
BH_s19_medium,29,6,29.2,-0.15755997598171234,-1.0053283344740505
BH_s19_medium,29,7,29.233333333333334,-0.20995482802391052,-1.1700969829225234
BH_s19_medium,29,8,29.266666666666666,-0.38737064599990845,-1.2840094197837562
BH_s19_medium,29,9,29.3,-0.6015231013298035,-1.327716260441598
BH_s19_medium,29,10,29.333333333333332,-0.8156754970550537,-1.2913479259411493
BH_s19_medium,29,11,29.366666666666667,-0.9751465916633606,-1.175983674805819
BH_s19_medium,29,12,29.4,-1.1215932369232178,-0.9928504562335952
BH_s19_medium,29,13,29.433333333333334,-1.1805002689361572,-0.7602984632483192
BH_s19_medium,29,14,29.466666666666665,-1.230955958366394,-0.4985337478095678
BH_s19_medium,29,15,29.5,-1.285290002822876,-0.22343782025286527
BH_s19_medium,29,16,29.533333333333335,-1.3376848697662354,0.05677246731360899
BH_s19_medium,29,17,29.566666666666666,-1.3900797367095947,0.3388926505694577
BH_s19_medium,29,18,29.6,-1.4971559047698975,0.6181578051158083
BH_s19_medium,29,19,29.633333333333333,-1.4139866828918457,0.8835055079614321
BH_s19_medium,29,20,29.666666666666668,-0.930645227432251,1.1176086255060562
BH_s19_medium,29,21,29.7,-0.14049671590328217,1.2999986883031853
BH_s19_medium,29,22,29.733333333333334,0.530093252658844,1.4110736322494097
BH_s19_medium,29,23,29.766666666666666,0.7015310525894165,1.4364409960516247
BH_s19_medium,29,24,29.8,0.41758108139038086,1.370988554419437
BH_s19_medium,29,25,29.833333333333332,0.09635243564844131,1.2210041821292057
BH_s19_medium,29,26,29.866666666666667,-0.1956937164068222,1.002904655237746
BH_s19_medium,29,27,29.9,-0.40984615683555603,0.7388648232597108
BH_s19_medium,29,28,29.933333333333334,-0.5200982689857483,0.45152115305527135
BH_s19_medium,29,29,29.966666666666665,-0.49777528643608093,0.16034007666244324
BH_s19_medium,29,30,30.0,-0.46541687846183777,-0.11930348058729257
BH_s19_medium,29,31,30.033333333333335,-0.5378482341766357,-0.375210058174622
BH_s19_medium,29,32,30.066666666666666,-0.6996057629585266,-0.5970674811322721
BH_s19_medium,29,33,30.1,-0.8745403289794922,-0.7757035006861995
BH_s19_medium,29,34,30.133333333333333,-1.077802300453186,-0.9030957789462217
BH_s19_medium,29,35,30.166666666666668,-1.1762745380401611,-0.9729687367325461
BH_s19_medium,29,36,30.2,-1.230955958366394,-0.981716649104982
BH_s19_medium,29,37,30.233333333333334,-1.2856372594833374,-0.9294183000599434
BH_s19_medium,29,38,30.266666666666666,-1.2856372594833374,-0.8206758274252919
BH_s19_medium,29,39,30.3,-1.2856372594833374,-0.6649084860340249
BH_s19_medium,29,40,30.333333333333332,-1.2856372594833374,-0.475735555113341
BH_s19_medium,29,41,30.366666666666667,-1.3403186798095703,-0.26948016084361304
BH_s19_medium,29,42,30.4,-1.1437979936599731,-0.06345097988645704
BH_s19_medium,29,43,30.433333333333334,-0.5782268643379211,0.12547972135285593
BH_s19_medium,29,44,30.466666666666665,0.07620502263307571,0.2825632083140145
BH_s19_medium,29,45,30.5,0.4356440007686615,0.3977843561797154
BH_s19_medium,29,46,30.533333333333335,0.3878987729549408,0.4681896567058881
BH_s19_medium,29,47,30.566666666666666,0.12088599801063538,0.4975327075587926
BH_s19_medium,29,48,30.6,-0.5027371644973755,0.4925966660966479
BH_s19_medium,29,49,30.633333333333333,-0.9420090913772583,0.4583821913076676
BH_s19_medium,29,50,30.666666666666668,-1.150580883026123,0.39530701125160683
BH_s19_medium,29,51,30.7,-1.0948920249938965,0.300220525190029
BH_s19_medium,29,52,30.733333333333334,-0.9087197184562683,0.17068716229748548
BH_s19_medium,29,53,30.766666666666666,-0.8481864333152771,0.010200228916055761
BH_s19_medium,29,54,30.8,-0.9972324967384338,-0.16829382021851133
BH_s19_medium,29,55,30.833333333333332,-1.30117666721344,-0.34223099082842323
BH_s19_medium,29,56,30.866666666666667,-1.6442627906799316,-0.48292658359007945
BH_s19_medium,29,57,30.9,-1.9130966663360596,-0.5617513298757173
BH_s19_medium,29,58,30.933333333333334,-2.0618720054626465,-0.55712654959874
BH_s19_medium,29,59,30.966666666666665,-2.1058576107025146,-0.46035050529293703
BH_s19_medium,29,60,31.0,-2.1058576107025146,-0.27887905213627
BH_s19_medium,29,61,31.033333333333335,-2.1058576107025146,-0.03638047859588975
BH_s19_medium,29,62,31.066666666666666,-2.1058576107025146,0.23076038868536328
BH_s19_medium,29,63,31.1,-1.8900797367095947,0.4802726918542949
BH_s19_medium,29,64,31.133333333333333,-0.8267620801925659,0.6727887250935748
BH_s19_medium,29,65,31.166666666666668,0.4057576358318329,0.7801188310286465
BH_s19_medium,29,66,31.2,1.1446384191513062,0.7904292892640301
BH_s19_medium,29,67,31.233333333333334,0.9411486387252808,0.7087708503685406
BH_s19_medium,29,68,31.266666666666666,0.330626517534256,0.5531238628288189
BH_s19_medium,29,69,31.3,-0.2693187892436981,0.34783132996963195
BH_s19_medium,29,70,31.333333333333332,-0.7432778477668762,0.11721456682414731
BH_s19_medium,29,71,31.366666666666667,-0.9932016134262085,-0.11831196140617348
BH_s19_medium,29,72,31.4,-0.924183189868927,-0.34302929406716637
BH_s19_medium,29,73,31.433333333333334,-0.7624256014823914,-0.5446549773692905
BH_s19_medium,29,74,31.466666666666665,-0.7388237118721008,-0.7125316414920678
BH_s19_medium,29,75,31.5,-0.9011992812156677,-0.8363116094314607
BH_s19_medium,29,76,31.533333333333335,-1.1942529678344727,-0.9056476644556637
BH_s19_medium,29,77,31.566666666666666,-1.4935481548309326,-0.9109641726470237
BH_s19_medium,29,78,31.6,-1.7077006101608276,-0.8450084139627331
BH_s19_medium,29,79,31.633333333333333,-1.849811315536499,-0.7047825787749871
BH_s19_medium,29,80,31.666666666666668,-1.8871322870254517,-0.4936396377289425
BH_s19_medium,29,81,31.7,-1.941813588142395,-0.22321130158947386
BH_s19_medium,29,82,31.733333333333334,-1.9523144960403442,0.08578419593837534
BH_s19_medium,29,83,31.766666666666666,-1.996495008468628,0.4049770876922441
BH_s19_medium,29,84,31.8,-1.8456370830535889,0.7021648366050295
BH_s19_medium,29,85,31.833333333333332,-0.8555299639701843,0.9464077633392337
BH_s19_medium,29,86,31.866666666666667,0.5938519239425659,1.112894378232592
BH_s19_medium,29,87,31.9,1.9849963188171387,1.1864064533025223
BH_s19_medium,29,88,31.933333333333334,2.3233325481414795,1.1627173792007643
BH_s19_medium,29,89,31.966666666666665,1.858723521232605,1.0478188793158933
BH_s19_medium,29,90,32.0,1.213979721069336,0.8555036209654814
BH_s19_medium,29,91,32.03333333333333,0.7232023477554321,0.6042530499222979
BH_s19_medium,29,92,32.06666666666667,0.3372146487236023,0.3143530682811509
BH_s19_medium,29,93,32.1,0.09604738652706146,0.00583014594410047
BH_s19_medium,29,94,32.13333333333333,-0.011028827168047428,-0.3025758507416644
BH_s19_medium,29,95,32.166666666666664,-0.027966007590293884,-0.5935339301817882
BH_s19_medium,29,96,32.2,-0.1489897072315216,-0.8507745861747057
BH_s19_medium,29,97,32.233333333333334,-0.3940267860889435,-1.058854228143719
BH_s19_medium,29,98,32.266666666666666,-0.7438535690307617,-1.2034986647996162
BH_s19_medium,29,99,32.3,-1.0911654233932495,-1.2726421726562311
BH_s19_medium,29,100,32.333333333333336,-1.3643437623977661,-1.2578591902810758
BH_s19_medium,29,101,32.36666666666667,-1.5261013507843018,-1.155675124018945
BH_s19_medium,29,102,32.4,-1.633177638053894,-0.9684120925068153
BH_s19_medium,29,103,32.43333333333333,-1.6855725049972534,-0.7046554465318902
BH_s19_medium,29,104,32.46666666666667,-1.7926486730575562,-0.3797133558071738
BH_s19_medium,29,105,32.5,-1.8997248411178589,-0.016023008768197747
BH_s19_medium,29,106,32.53333333333333,-1.9108953475952148,0.35753360288430486
BH_s19_medium,29,107,32.56666666666667,-1.2521029710769653,0.7086171944332361
BH_s19_medium,29,108,32.6,0.040831178426742554,1.0064822173663162
BH_s19_medium,29,109,32.63333333333333,1.3119593858718872,1.2271400526750238
BH_s19_medium,29,110,32.666666666666664,1.8288800716400146,1.3564237323470671
BH_s19_medium,29,111,32.7,1.454062819480896,1.3899913171442724
BH_s19_medium,29,112,32.733333333333334,0.9186817407608032,1.330995174287674
BH_s19_medium,29,113,32.766666666666666,0.48126453161239624,1.1870571613975973
BH_s19_medium,29,114,32.8,0.10535452514886856,0.9678500431366327
BH_s19_medium,29,115,32.833333333333336,-0.16119275987148285,0.6838507781642528
BH_s19_medium,29,116,32.86666666666667,-0.3981765806674957,0.3465668624708881
BH_s19_medium,29,117,32.9,-0.46541687846183777,-0.02966631411087559
BH_s19_medium,29,118,32.93333333333333,-0.5200982689857483,-0.4249727662718873
BH_s19_medium,29,119,32.96666666666667,-0.6999867558479309,-0.8119075088691347
BH_s19_medium,29,120,33.0,-1.0017969608306885,-1.1560210263069706
BH_s19_medium,29,121,33.03333333333333,-1.3230255842208862,-1.4200447490148378
BH_s19_medium,29,122,33.06666666666667,-1.615850806236267,-1.570877794610441
BH_s19_medium,29,123,33.1,-1.7753219604492188,-1.586962597414661
BH_s19_medium,29,124,33.13333333333333,-1.9109625816345215,-1.463399083498274
BH_s19_medium,29,125,33.166666666666664,-1.9633574485778809,-1.213150194304964
BH_s19_medium,29,126,33.2,-2.0157523155212402,-0.8641887192319906
BH_s19_medium,29,127,33.233333333333334,-2.1058576107025146,-0.4538200887268974
BH_s19_medium,29,128,33.266666666666666,-2.1058576107025146,-0.02222297555262876
BH_s19_medium,29,129,33.3,-2.1058576107025146,0.39290787378072467
BH_s19_medium,29,130,33.333333333333336,-2.075523614883423,0.7597760507653549
BH_s19_medium,29,131,33.36666666666667,-1.355783462524414,1.0542511864189814
BH_s19_medium,29,132,33.4,-0.07640720903873444,1.2607344276480312
BH_s19_medium,29,133,33.43333333333333,0.9693057537078857,1.3725655275258415
BH_s19_medium,29,134,33.46666666666667,1.1174466609954834,1.3918061619268876
BH_s19_medium,29,135,33.5,0.6894976496696472,1.3278535067033603
BH_s19_medium,29,136,33.53333333333333,0.2051902413368225,1.1945581766523514
BH_s19_medium,29,137,33.56666666666667,-0.06496474146842957,1.006349313380656
BH_s19_medium,29,138,33.6,-0.3315120339393616,0.7748167684797475
BH_s19_medium,29,139,33.63333333333333,-0.5538451671600342,0.5073441422938512
BH_s19_medium,29,140,33.666666666666664,-0.6294609904289246,0.20835160132955277
BH_s19_medium,29,141,33.7,-0.6294609904289246,-0.11755638991289295
BH_s19_medium,29,142,33.733333333333334,-0.7214969396591187,-0.46176319402364496
BH_s19_medium,29,143,33.766666666666666,-0.8987094163894653,-0.8084246919122904
BH_s19_medium,29,144,33.8,-1.1324750185012817,-1.1332578287937514
BH_s19_medium,29,145,33.833333333333336,-1.4013088941574097,-1.4054042852090431
BH_s19_medium,29,146,33.86666666666667,-1.5872527360916138,-1.592292812090554
BH_s19_medium,29,147,33.9,-1.6943289041519165,-1.6660797981722486
BH_s19_medium,29,148,33.93333333333333,-1.8014050722122192,-1.6096146493649437
BH_s19_medium,29,149,33.96666666666667,-1.8537999391555786,-1.4202457232089205
BH_s19_medium,29,150,34.0,-1.8871322870254517,-1.1108129660910553
BH_s19_medium,29,151,34.03333333333333,-1.903908371925354,-0.7080973008694961
BH_s19_medium,29,152,34.06666666666667,-1.9563032388687134,-0.249301600255706
BH_s19_medium,29,153,34.1,-2.008697986602783,0.2228799556331341
BH_s19_medium,29,154,34.13333333333333,-2.1058576107025146,0.6659213298202611
BH_s19_medium,29,155,34.166666666666664,-2.1058576107025146,1.042955169353882
BH_s19_medium,29,156,34.2,-1.7790155410766602,1.3271561250521922
BH_s19_medium,29,157,34.233333333333334,-0.6505149602890015,1.5042640884547365
BH_s19_medium,29,158,34.266666666666666,0.5250118374824524,1.5728264806027628
BH_s19_medium,29,159,34.3,1.1157946586608887,1.5421273410190406
BH_s19_medium,29,160,34.333333333333336,0.8621456623077393,1.4281974430956936
BH_s19_medium,29,161,34.36666666666667,0.3305670917034149,1.2488518621259772
BH_s19_medium,29,162,34.4,-0.05752088502049446,1.0192678896823248
BH_s19_medium,29,163,34.43333333333333,-0.324068158864975,0.7496752012265485
BH_s19_medium,29,164,34.46666666666667,-0.4524683952331543,0.44595163992590103
BH_s19_medium,29,165,34.5,-0.5200982689857483,0.11272375913251528
BH_s19_medium,29,166,34.53333333333333,-0.48293840885162354,-0.2423838028023888
BH_s19_medium,29,167,34.56666666666667,-0.46541687846183777,-0.6051298451432919
BH_s19_medium,29,168,34.6,-0.5526850819587708,-0.9532816954574002
BH_s19_medium,29,169,34.63333333333333,-0.7447429895401001,-1.2583192539543817
BH_s19_medium,29,170,34.666666666666664,-0.9588953852653503,-1.4898651079310223
BH_s19_medium,29,171,34.7,-1.0926392078399658,-1.6214394511050656
BH_s19_medium,29,172,34.733333333333334,-1.2543967962265015,-1.6357492671598615
BH_s19_medium,29,173,34.766666666666666,-1.3067915439605713,-1.528095682870126
BH_s19_medium,29,174,34.8,-1.3949999809265137,-1.3072957648611672
BH_s19_medium,29,175,34.833333333333336,-1.466262698173523,-0.994133702219778
BH_s19_medium,29,176,34.86666666666667,-1.5186575651168823,-0.617593435148968
BH_s19_medium,29,177,34.9,-1.5710524320602417,-0.20976695018648703
BH_s19_medium,29,178,34.93333333333333,-1.6234471797943115,0.19853239382589857
BH_s19_medium,29,179,34.96666666666667,-1.675842046737671,0.5797477432368134
BH_s19_medium,29,180,35.0,-1.7230881452560425,0.9099674281977209
BH_s19_medium,29,181,35.03333333333333,-1.7749072313308716,1.170011580519413
BH_s19_medium,29,182,35.06666666666667,-1.5003324747085571,1.3475581592320487
BH_s19_medium,29,183,35.1,-0.5918871760368347,1.438352890606342
BH_s19_medium,29,184,35.13333333333333,0.48287224769592285,1.4452260014317955
BH_s19_medium,29,185,35.166666666666664,1.259251594543457,1.3756258987575951
BH_s19_medium,29,186,35.2,1.0999423265457153,1.2388991287007363
BH_s19_medium,29,187,35.233333333333334,0.518450140953064,1.0440401847021994
BH_s19_medium,29,188,35.266666666666666,0.024607131257653236,0.7985099317447437
BH_s19_medium,29,189,35.3,-0.27051323652267456,0.5086899501485614
BH_s19_medium,29,190,35.333333333333336,-0.4477005898952484,0.181901646241116
BH_s19_medium,29,191,35.36666666666667,-0.46541687846183777,-0.17094635913800146
BH_s19_medium,29,192,35.4,-0.37834346294403076,-0.53338821459123
BH_s19_medium,29,193,35.43333333333333,-0.30137279629707336,-0.88311725910917
BH_s19_medium,29,194,35.46666666666667,-0.4116922616958618,-1.1936898703122663
BH_s19_medium,29,195,35.5,-0.6258446574211121,-1.4377966459196738
BH_s19_medium,29,196,35.53333333333333,-0.8946784734725952,-1.5912583815472348
BH_s19_medium,29,197,35.56666666666667,-1.0878714323043823,-1.636822929956168
BH_s19_medium,29,198,35.6,-1.194947600364685,-1.5669853476140736
BH_s19_medium,29,199,35.63333333333333,-1.2473424673080444,-1.385314939176482
BH_s19_medium,29,200,35.666666666666664,-1.2856372594833374,-1.106069993396637
BH_s19_medium,29,201,35.7,-1.3403186798095703,-0.7521683210144594
BH_s19_medium,29,202,35.733333333333334,-1.3403186798095703,-0.3518871999400145
BH_s19_medium,29,203,35.766666666666666,-1.3475590944290161,0.06490680866498232
BH_s19_medium,29,204,35.8,-1.3999539613723755,0.4698318714593958
BH_s19_medium,29,205,35.833333333333336,-1.5070302486419678,0.837585256421456
BH_s19_medium,29,206,35.86666666666667,-1.5594251155853271,1.146498883716491
BH_s19_medium,29,207,35.9,-1.4553979635238647,1.3791924317918167
BH_s19_medium,29,208,35.93333333333333,-0.667189359664917,1.5236847665966147
BH_s19_medium,29,209,35.96666666666667,0.35117796063423157,1.5742824491432401
BH_s19_medium,29,210,36.0,1.0765173435211182,1.5316330139378627
BH_s19_medium,29,211,36.03333333333333,0.9458233714103699,1.402023008236145
BH_s19_medium,29,212,36.06666666666667,0.38015052676200867,1.1962879400914066
BH_s19_medium,29,213,36.1,-0.1138872429728508,0.9285576427476939
BH_s19_medium,29,214,36.13333333333333,-0.48427608609199524,0.6149345614397177
BH_s19_medium,29,215,36.166666666666664,-0.6294609904289246,0.2722827770045641
BH_s19_medium,29,216,36.2,-0.5425823330879211,-0.08253867714228537
BH_s19_medium,29,217,36.233333333333334,-0.3808247745037079,-0.43279467101543095
BH_s19_medium,29,218,36.266666666666666,-0.30137279629707336,-0.7616521491669743
BH_s19_medium,29,219,36.3,-0.3813919126987457,-1.052257993599455
BH_s19_medium,29,220,36.333333333333336,-0.6208820939064026,-1.2884485166527835
BH_s19_medium,29,221,36.36666666666667,-0.8350345492362976,-1.455818644511281
BH_s19_medium,29,222,36.4,-1.0307087898254395,-1.542582986318261
BH_s19_medium,29,223,36.43333333333333,-1.1377849578857422,-1.5398760576087664
BH_s19_medium,29,224,36.46666666666667,-1.230955958366394,-1.4417313975095352
BH_s19_medium,29,225,36.5,-1.242574691772461,-1.2456661161160034
BH_s19_medium,29,226,36.53333333333333,-1.2856372594833374,-0.9549904812933672
BH_s19_medium,29,227,36.56666666666667,-1.2856372594833374,-0.582765657611711
BH_s19_medium,29,228,36.6,-1.2903964519500732,-0.15504587942793766
BH_s19_medium,29,229,36.63333333333333,-1.3427913188934326,0.2898245581156962
BH_s19_medium,29,230,36.666666666666664,-1.395186185836792,0.7069271648170612
BH_s19_medium,29,231,36.7,-1.4496814012527466,1.0534675380723075
BH_s19_medium,29,232,36.733333333333334,-1.0385514497756958,1.297141057003804
BH_s19_medium,29,233,36.766666666666666,0.007990138605237007,1.4214988338679921
BH_s19_medium,29,234,36.8,1.1311471462249756,1.4270374030572244
BH_s19_medium,29,235,36.833333333333336,1.6993448734283447,1.3281713704336455
BH_s19_medium,29,236,36.86666666666667,1.406732201576233,1.14743070009633
BH_s19_medium,29,237,36.9,0.816669762134552,0.9089384971382943
BH_s19_medium,29,238,36.93333333333333,0.31786420941352844,0.6333506641963005
BH_s19_medium,29,239,36.96666666666667,0.10178907215595245,0.3359654496046303
BH_s19_medium,30,0,30.0,-0.46541687846183777,0.06194282409488117
BH_s19_medium,30,1,30.033333333333335,-0.5378482341766357,0.27707003583170353
BH_s19_medium,30,2,30.066666666666666,-0.6996057629585266,0.47345705799722393
BH_s19_medium,30,3,30.1,-0.8745403289794922,0.6372837004337358
BH_s19_medium,30,4,30.133333333333333,-1.077802300453186,0.7626906612034698
BH_s19_medium,30,5,30.166666666666668,-1.1762745380401611,0.8522283201698247
BH_s19_medium,30,6,30.2,-1.230955958366394,0.9137653327769972
BH_s19_medium,30,7,30.233333333333334,-1.2856372594833374,0.9550403298916036
BH_s19_medium,30,8,30.266666666666666,-1.2856372594833374,0.9784594659144833
BH_s19_medium,30,9,30.3,-1.2856372594833374,0.9787993965631295
BH_s19_medium,30,10,30.333333333333332,-1.2856372594833374,0.9451042167576722
BH_s19_medium,30,11,30.366666666666667,-1.3403186798095703,0.8659190956671382
BH_s19_medium,30,12,30.4,-1.1437979936599731,0.7352118127811572
BH_s19_medium,30,13,30.433333333333334,-0.5782268643379211,0.5560919448744277
BH_s19_medium,30,14,30.466666666666665,0.07620502263307571,0.34096802937743115
BH_s19_medium,30,15,30.5,0.4356440007686615,0.1086371703376447
BH_s19_medium,30,16,30.533333333333335,0.3878987729549408,-0.12039556237598503
BH_s19_medium,30,17,30.566666666666666,0.12088599801063538,-0.32895500873488476
BH_s19_medium,30,18,30.6,-0.5027371644973755,-0.5070080375417444
BH_s19_medium,30,19,30.633333333333333,-0.9420090913772583,-0.6528067909979098
BH_s19_medium,30,20,30.666666666666668,-1.150580883026123,-0.7708845942298498
BH_s19_medium,30,21,30.7,-1.0948920249938965,-0.8678048269893948
BH_s19_medium,30,22,30.733333333333334,-0.9087197184562683,-0.9475319332984284
BH_s19_medium,30,23,30.766666666666666,-0.8481864333152771,-1.0083016555773734
BH_s19_medium,30,24,30.8,-0.9972324967384338,-1.0419420294503976
BH_s19_medium,30,25,30.833333333333332,-1.30117666721344,-1.0354507189661588
BH_s19_medium,30,26,30.866666666666667,-1.6442627906799316,-0.9740197349847254
BH_s19_medium,30,27,30.9,-1.9130966663360596,-0.8447662134974242
BH_s19_medium,30,28,30.933333333333334,-2.0618720054626465,-0.6407831521343522
BH_s19_medium,30,29,30.966666666666665,-2.1058576107025146,-0.3650974489287247
BH_s19_medium,30,30,31.0,-2.1058576107025146,-0.03349141523767971
BH_s19_medium,30,31,31.033333333333335,-2.1058576107025146,0.3253470243471183
BH_s19_medium,30,32,31.066666666666666,-2.1058576107025146,0.673388945143518
BH_s19_medium,30,33,31.1,-1.8900797367095947,0.9701165546209469
BH_s19_medium,30,34,31.133333333333333,-0.8267620801925659,1.180577924515854
BH_s19_medium,30,35,31.166666666666668,0.4057576358318329,1.2819292112360063
BH_s19_medium,30,36,31.2,1.1446384191513062,1.2666742019276573
BH_s19_medium,30,37,31.233333333333334,0.9411486387252808,1.1422714194510353
BH_s19_medium,30,38,31.266666666666666,0.330626517534256,0.927681588554824
BH_s19_medium,30,39,31.3,-0.2693187892436981,0.648054274172274
BH_s19_medium,30,40,31.333333333333332,-0.7432778477668762,0.3294805978148957
BH_s19_medium,30,41,31.366666666666667,-0.9932016134262085,-0.004252846226560204
BH_s19_medium,30,42,31.4,-0.924183189868927,-0.3322694644423415
BH_s19_medium,30,43,31.433333333333334,-0.7624256014823914,-0.6354778742713387
BH_s19_medium,30,44,31.466666666666665,-0.7388237118721008,-0.8951830994145369
BH_s19_medium,30,45,31.5,-0.9011992812156677,-1.0925271111284913
BH_s19_medium,30,46,31.533333333333335,-1.1942529678344727,-1.2092241466900358
BH_s19_medium,30,47,31.566666666666666,-1.4935481548309326,-1.2295305228078288
BH_s19_medium,30,48,31.6,-1.7077006101608276,-1.1430532532367894
BH_s19_medium,30,49,31.633333333333333,-1.849811315536499,-0.9478568197061177
BH_s19_medium,30,50,31.666666666666668,-1.8871322870254517,-0.65325509663294
BH_s19_medium,30,51,31.7,-1.941813588142395,-0.28145037241771037
BH_s19_medium,30,52,31.733333333333334,-1.9523144960403442,0.13310872784419675
BH_s19_medium,30,53,31.766666666666666,-1.996495008468628,0.5474663488062217
BH_s19_medium,30,54,31.8,-1.8456370830535889,0.9165826877057902
BH_s19_medium,30,55,31.833333333333332,-0.8555299639701843,1.200735496126056
BH_s19_medium,30,56,31.866666666666667,0.5938519239425659,1.3718257338637292
BH_s19_medium,30,57,31.9,1.9849963188171387,1.4170983094639742
BH_s19_medium,30,58,31.933333333333334,2.3233325481414795,1.3397707994067092
BH_s19_medium,30,59,31.966666666666665,1.858723521232605,1.1568789702321667
BH_s19_medium,30,60,32.0,1.213979721069336,0.8950409991460023
BH_s19_medium,30,61,32.03333333333333,0.7232023477554321,0.5850263089396281
BH_s19_medium,30,62,32.06666666666667,0.3372146487236023,0.2562463390910468
BH_s19_medium,30,63,32.1,0.09604738652706146,-0.06756306812998708
BH_s19_medium,30,64,32.13333333333333,-0.011028827168047428,-0.37039562486561545
BH_s19_medium,30,65,32.166666666666664,-0.027966007590293884,-0.6433265137820757
BH_s19_medium,30,66,32.2,-0.1489897072315216,-0.8816355450043827
BH_s19_medium,30,67,32.233333333333334,-0.3940267860889435,-1.0809819072353746
BH_s19_medium,30,68,32.266666666666666,-0.7438535690307617,-1.2342254983533325
BH_s19_medium,30,69,32.3,-1.0911654233932495,-1.3301538629973482
BH_s19_medium,30,70,32.333333333333336,-1.3643437623977661,-1.3545558384412095
BH_s19_medium,30,71,32.36666666666667,-1.5261013507843018,-1.293277057700505
BH_s19_medium,30,72,32.4,-1.633177638053894,-1.136473627801245
BH_s19_medium,30,73,32.43333333333333,-1.6855725049972534,-0.8831246542608051
BH_s19_medium,30,74,32.46666666666667,-1.7926486730575562,-0.5446855190009567
BH_s19_medium,30,75,32.5,-1.8997248411178589,-0.14650480438384583
BH_s19_medium,30,76,32.53333333333333,-1.9108953475952148,0.2743564421239684
BH_s19_medium,30,77,32.56666666666667,-1.2521029710769653,0.6752395870054069
BH_s19_medium,30,78,32.6,0.040831178426742554,1.0162400940856753
BH_s19_medium,30,79,32.63333333333333,1.3119593858718872,1.2676242103293383
BH_s19_medium,30,80,32.666666666666664,1.8288800716400146,1.4136299006129442
BH_s19_medium,30,81,32.7,1.454062819480896,1.4519606895566466
BH_s19_medium,30,82,32.733333333333334,0.9186817407608032,1.3903047099507182
BH_s19_medium,30,83,32.766666666666666,0.48126453161239624,1.242045049684042
BH_s19_medium,30,84,32.8,0.10535452514886856,1.022704089346218
BH_s19_medium,30,85,32.833333333333336,-0.16119275987148285,0.7476109796368283
BH_s19_medium,30,86,32.86666666666667,-0.3981765806674957,0.43085351854699433
BH_s19_medium,30,87,32.9,-0.46541687846183777,0.08562892523822598
BH_s19_medium,30,88,32.93333333333333,-0.5200982689857483,-0.2740211383280473
BH_s19_medium,30,89,32.96666666666667,-0.6999867558479309,-0.6306922026374258
BH_s19_medium,30,90,33.0,-1.0017969608306885,-0.961689073910813
BH_s19_medium,30,91,33.03333333333333,-1.3230255842208862,-1.239291420195807
BH_s19_medium,30,92,33.06666666666667,-1.615850806236267,-1.434005667969284
BH_s19_medium,30,93,33.1,-1.7753219604492188,-1.5201168477255014
BH_s19_medium,30,94,33.13333333333333,-1.9109625816345215,-1.4815847867473158
BH_s19_medium,30,95,33.166666666666664,-1.9633574485778809,-1.31610121386736
BH_s19_medium,30,96,33.2,-2.0157523155212402,-1.0361317965223933
BH_s19_medium,30,97,33.233333333333334,-2.1058576107025146,-0.6671967442187869
BH_s19_medium,30,98,33.266666666666666,-2.1058576107025146,-0.24446877744133816
BH_s19_medium,30,99,33.3,-2.1058576107025146,0.19139499612655306
BH_s19_medium,30,100,33.333333333333336,-2.075523614883423,0.5989978432557557
BH_s19_medium,30,101,33.36666666666667,-1.355783462524414,0.9415573709721172
BH_s19_medium,30,102,33.4,-0.07640720903873444,1.1921187733101495
BH_s19_medium,30,103,33.43333333333333,0.9693057537078857,1.3371266102980608
BH_s19_medium,30,104,33.46666666666667,1.1174466609954834,1.3771914300612584
BH_s19_medium,30,105,33.5,0.6894976496696472,1.3248544070327717
BH_s19_medium,30,106,33.53333333333333,0.2051902413368225,1.199907052683678
BH_s19_medium,30,107,33.56666666666667,-0.06496474146842957,1.0233991801914224
BH_s19_medium,30,108,33.6,-0.3315120339393616,0.8120609100316325
BH_s19_medium,30,109,33.63333333333333,-0.5538451671600342,0.5750449262885078
BH_s19_medium,30,110,33.666666666666664,-0.6294609904289246,0.31421722805530017
BH_s19_medium,30,111,33.7,-0.6294609904289246,0.027890621762279917
BH_s19_medium,30,112,33.733333333333334,-0.7214969396591187,-0.28348293465272767
BH_s19_medium,30,113,33.766666666666666,-0.8987094163894653,-0.6119283470127344
BH_s19_medium,30,114,33.8,-1.1324750185012817,-0.9389773261695653
BH_s19_medium,30,115,33.833333333333336,-1.4013088941574097,-1.2362811016200934
BH_s19_medium,30,116,33.86666666666667,-1.5872527360916138,-1.4697247561560225
BH_s19_medium,30,117,33.9,-1.6943289041519165,-1.6058596929113282
BH_s19_medium,30,118,33.93333333333333,-1.8014050722122192,-1.6188558541941724
BH_s19_medium,30,119,33.96666666666667,-1.8537999391555786,-1.4961946055167707
BH_s19_medium,30,120,34.0,-1.8871322870254517,-1.2418829294939369
BH_s19_medium,30,121,34.03333333333333,-1.903908371925354,-0.8767407123059394
BH_s19_medium,30,122,34.06666666666667,-1.9563032388687134,-0.43592862464255
BH_s19_medium,30,123,34.1,-2.008697986602783,0.035871299211266174
BH_s19_medium,30,124,34.13333333333333,-2.1058576107025146,0.491167461900931
BH_s19_medium,30,125,34.166666666666664,-2.1058576107025146,0.8873439216782627
BH_s19_medium,30,126,34.2,-1.7790155410766602,1.193429729478399
BH_s19_medium,30,127,34.233333333333334,-0.6505149602890015,1.3937856828872575
BH_s19_medium,30,128,34.266666666666666,0.5250118374824524,1.4877792591705672
BH_s19_medium,30,129,34.3,1.1157946586608887,1.4861721294878354
BH_s19_medium,30,130,34.333333333333336,0.8621456623077393,1.4056982494288464
BH_s19_medium,30,131,34.36666666666667,0.3305670917034149,1.2634007295584413
BH_s19_medium,30,132,34.4,-0.05752088502049446,1.0723368125935464
BH_s19_medium,30,133,34.43333333333333,-0.324068158864975,0.8399443277741087
BH_s19_medium,30,134,34.46666666666667,-0.4524683952331543,0.5693552427361337
BH_s19_medium,30,135,34.5,-0.5200982689857483,0.2628358438904148
BH_s19_medium,30,136,34.53333333333333,-0.48293840885162354,-0.07399835227601756
BH_s19_medium,30,137,34.56666666666667,-0.46541687846183777,-0.42862799441079086
BH_s19_medium,30,138,34.6,-0.5526850819587708,-0.7800970924970861
BH_s19_medium,30,139,34.63333333333333,-0.7447429895401001,-1.1004210336543836
BH_s19_medium,30,140,34.666666666666664,-0.9588953852653503,-1.3588556778747385
BH_s19_medium,30,141,34.7,-1.0926392078399658,-1.527790494197074
BH_s19_medium,30,142,34.733333333333334,-1.2543967962265015,-1.5883232475329674
BH_s19_medium,30,143,34.766666666666666,-1.3067915439605713,-1.5336736581569395
BH_s19_medium,30,144,34.8,-1.3949999809265137,-1.3694773903777198
BH_s19_medium,30,145,34.833333333333336,-1.466262698173523,-1.111261517271653
BH_s19_medium,30,146,34.86666666666667,-1.5186575651168823,-0.7804901390119685
BH_s19_medium,30,147,34.9,-1.5710524320602417,-0.4010731937496558
BH_s19_medium,30,148,34.93333333333333,-1.6234471797943115,0.0021572058359085166
BH_s19_medium,30,149,34.96666666666667,-1.675842046737671,0.4030125432390293
BH_s19_medium,30,150,35.0,-1.7230881452560425,0.773522861259523
BH_s19_medium,30,151,35.03333333333333,-1.7749072313308716,1.0858181460215552
BH_s19_medium,30,152,35.06666666666667,-1.5003324747085571,1.3164110617337805
BH_s19_medium,30,153,35.1,-0.5918871760368347,1.450614187532622
BH_s19_medium,30,154,35.13333333333333,0.48287224769592285,1.484750228918074
BH_s19_medium,30,155,35.166666666666664,1.259251594543457,1.4253188812779662
BH_s19_medium,30,156,35.2,1.0999423265457153,1.2856213703019532
BH_s19_medium,30,157,35.233333333333334,0.518450140953064,1.081215986018489
BH_s19_medium,30,158,35.266666666666666,0.024607131257653236,0.8261553135932823
BH_s19_medium,30,159,35.3,-0.27051323652267456,0.5316951954698614
BH_s19_medium,30,160,35.333333333333336,-0.4477005898952484,0.20778839181968276
BH_s19_medium,30,161,35.36666666666667,-0.46541687846183777,-0.1338976090526302
BH_s19_medium,30,162,35.4,-0.37834346294403076,-0.4773795636101977
BH_s19_medium,30,163,35.43333333333333,-0.30137279629707336,-0.801739876498936
BH_s19_medium,30,164,35.46666666666667,-0.4116922616958618,-1.0830482748927734
BH_s19_medium,30,165,35.5,-0.6258446574211121,-1.2982157889906627
BH_s19_medium,30,166,35.53333333333333,-0.8946784734725952,-1.4292987874577963
BH_s19_medium,30,167,35.56666666666667,-1.0878714323043823,-1.4665681277355784
BH_s19_medium,30,168,35.6,-1.194947600364685,-1.4092430300528416
BH_s19_medium,30,169,35.63333333333333,-1.2473424673080444,-1.2638810571737038
BH_s19_medium,30,170,35.666666666666664,-1.2856372594833374,-1.0415016510289512
BH_s19_medium,30,171,35.7,-1.3403186798095703,-0.7550836866238005
BH_s19_medium,30,172,35.733333333333334,-1.3403186798095703,-0.4187961970301118
BH_s19_medium,30,173,35.766666666666666,-1.3475590944290161,-0.04922585670783855
BH_s19_medium,30,174,35.8,-1.3999539613723755,0.3325490133862827
BH_s19_medium,30,175,35.833333333333336,-1.5070302486419678,0.7000004788803816
BH_s19_medium,30,176,35.86666666666667,-1.5594251155853271,1.0228377030598712
BH_s19_medium,30,177,35.9,-1.4553979635238647,1.2714369960510676
BH_s19_medium,30,178,35.93333333333333,-0.667189359664917,1.4225442354682991
BH_s19_medium,30,179,35.96666666666667,0.35117796063423157,1.4640309543594567
BH_s19_medium,30,180,36.0,1.0765173435211182,1.396975936371656
BH_s19_medium,30,181,36.03333333333333,0.9458233714103699,1.2344907766142754
BH_s19_medium,30,182,36.06666666666667,0.38015052676200867,0.9977555353554264
BH_s19_medium,30,183,36.1,-0.1138872429728508,0.7105928055946062
BH_s19_medium,30,184,36.13333333333333,-0.48427608609199524,0.39457573442906796
BH_s19_medium,30,185,36.166666666666664,-0.6294609904289246,0.06659436997298562
BH_s19_medium,30,186,36.2,-0.5425823330879211,-0.26036032208003884
BH_s19_medium,30,187,36.233333333333334,-0.3808247745037079,-0.5741537529932128
BH_s19_medium,30,188,36.266666666666666,-0.30137279629707336,-0.8604243655163095
BH_s19_medium,30,189,36.3,-0.3813919126987457,-1.1016062464220195
BH_s19_medium,30,190,36.333333333333336,-0.6208820939064026,-1.2787312135167022
BH_s19_medium,30,191,36.36666666666667,-0.8350345492362976,-1.3749199151277502
BH_s19_medium,30,192,36.4,-1.0307087898254395,-1.3786637788806728
BH_s19_medium,30,193,36.43333333333333,-1.1377849578857422,-1.2854471131861263
BH_s19_medium,30,194,36.46666666666667,-1.230955958366394,-1.0975082436476298
BH_s19_medium,30,195,36.5,-1.242574691772461,-0.8228419070600078
BH_s19_medium,30,196,36.53333333333333,-1.2856372594833374,-0.4750593179523598
BH_s19_medium,30,197,36.56666666666667,-1.2856372594833374,-0.0747538171627637
BH_s19_medium,30,198,36.6,-1.2903964519500732,0.34902841412558067
BH_s19_medium,30,199,36.63333333333333,-1.3427913188934326,0.7597168016641773
BH_s19_medium,30,200,36.666666666666664,-1.395186185836792,1.1177972784880588
BH_s19_medium,30,201,36.7,-1.4496814012527466,1.3879122677740428
BH_s19_medium,30,202,36.733333333333334,-1.0385514497756958,1.5458251053164058
BH_s19_medium,30,203,36.766666666666666,0.007990138605237007,1.5825821313216788
BH_s19_medium,30,204,36.8,1.1311471462249756,1.5043764733322174
BH_s19_medium,30,205,36.833333333333336,1.6993448734283447,1.3284079039438859
BH_s19_medium,30,206,36.86666666666667,1.406732201576233,1.0766998363630824
BH_s19_medium,30,207,36.9,0.816669762134552,0.7705356671971663
BH_s19_medium,30,208,36.93333333333333,0.31786420941352844,0.4275338490881962
BH_s19_medium,30,209,36.96666666666667,0.10178907215595245,0.0619043837962351
BH_s19_medium,30,210,37.0,0.02671535313129425,-0.31301280131356285
BH_s19_medium,30,211,37.03333333333333,0.08139671385288239,-0.6816327310580161
BH_s19_medium,30,212,37.06666666666667,0.21818891167640686,-1.0241200853249817
BH_s19_medium,30,213,37.1,0.2749791741371155,-1.3165625569891397
BH_s19_medium,30,214,37.13333333333333,0.14504648745059967,-1.5335238609596378
BH_s19_medium,30,215,37.166666666666664,-0.0896759033203125,-1.6522477990895272
BH_s19_medium,30,216,37.2,-0.39262109994888306,-1.657068791654818
BH_s19_medium,30,217,37.233333333333334,-0.5907765626907349,-1.542652848935245
BH_s19_medium,30,218,37.266666666666666,-0.6978527903556824,-1.3156181250089793
BH_s19_medium,30,219,37.3,-0.8049290180206299,-0.9948209146889334
BH_s19_medium,30,220,37.333333333333336,-0.9028677940368652,-0.6103459305626263
BH_s19_medium,30,221,37.36666666666667,-0.9575491547584534,-0.20071445210639247
BH_s19_medium,30,222,37.4,-0.9575491547584534,0.19198056880369657
BH_s19_medium,30,223,37.43333333333333,-1.0122305154800415,0.5284288306236905
BH_s19_medium,30,224,37.46666666666667,-1.0669032335281372,0.778483605430018
BH_s19_medium,30,225,37.5,-1.1739795207977295,0.9258562802850625
BH_s19_medium,30,226,37.53333333333333,-0.8710944056510925,0.9699698975476772
BH_s19_medium,30,227,37.56666666666667,0.12207839637994766,0.9246632740885906
BH_s19_medium,30,228,37.6,1.347730040550232,0.8140725554113944
BH_s19_medium,30,229,37.63333333333333,2.1135239601135254,0.6666390384770123
BH_s19_medium,30,230,37.666666666666664,1.9954735040664673,0.5089278755403224
BH_s19_medium,30,231,37.7,1.4351527690887451,0.36112205498053507
BH_s19_medium,30,232,37.733333333333334,0.8654569387435913,0.23521352769717685
BH_s19_medium,30,233,37.766666666666666,0.47124630212783813,0.13574433958280635
BH_s19_medium,30,234,37.8,0.30012214183807373,0.06227053352355235
BH_s19_medium,30,235,37.833333333333336,0.30012214183807373,0.012398847662661335
BH_s19_medium,30,236,37.86666666666667,0.3820382058620453,-0.015970252601652073
BH_s19_medium,30,237,37.9,0.46416622400283813,-0.02419000958995325
BH_s19_medium,30,238,37.93333333333333,0.33214181661605835,-0.014000878590155466
BH_s19_medium,30,239,37.96666666666667,0.0953276976943016,0.011089748118329698
BH_s19_medium,31,0,31.0,-2.1058576107025146,0.047764567981447084
BH_s19_medium,31,1,31.033333333333335,-2.1058576107025146,0.3475290693725485
BH_s19_medium,31,2,31.066666666666666,-2.1058576107025146,0.608231273156994
BH_s19_medium,31,3,31.1,-1.8900797367095947,0.798116659404281
BH_s19_medium,31,4,31.133333333333333,-0.8267620801925659,0.8945682200084715
BH_s19_medium,31,5,31.166666666666668,0.4057576358318329,0.8876658471165492
BH_s19_medium,31,6,31.2,1.1446384191513062,0.7814499926637909
BH_s19_medium,31,7,31.233333333333334,0.9411486387252808,0.5922902684612869
BH_s19_medium,31,8,31.266666666666666,0.330626517534256,0.34465830774105766
BH_s19_medium,31,9,31.3,-0.2693187892436981,0.06557451430314733
BH_s19_medium,31,10,31.333333333333332,-0.7432778477668762,-0.22019829929254447
BH_s19_medium,31,11,31.366666666666667,-0.9932016134262085,-0.4924158181719513
BH_s19_medium,31,12,31.4,-0.924183189868927,-0.7349161227208262
BH_s19_medium,31,13,31.433333333333334,-0.7624256014823914,-0.9339500288248355
BH_s19_medium,31,14,31.466666666666665,-0.7388237118721008,-1.076943016920924
BH_s19_medium,31,15,31.5,-0.9011992812156677,-1.152496342426799
BH_s19_medium,31,16,31.533333333333335,-1.1942529678344727,-1.15153740081212
BH_s19_medium,31,17,31.566666666666666,-1.4935481548309326,-1.068969976293545
BH_s19_medium,31,18,31.6,-1.7077006101608276,-0.9050027923065793
BH_s19_medium,31,19,31.633333333333333,-1.849811315536499,-0.6657214086855757
BH_s19_medium,31,20,31.666666666666668,-1.8871322870254517,-0.3632180311079042
BH_s19_medium,31,21,31.7,-1.941813588142395,-0.015786059165611425
BH_s19_medium,31,22,31.733333333333334,-1.9523144960403442,0.35210148213148496
BH_s19_medium,31,23,31.766666666666666,-1.996495008468628,0.7109867164227899
BH_s19_medium,31,24,31.8,-1.8456370830535889,1.0292993058851918
BH_s19_medium,31,25,31.833333333333332,-0.8555299639701843,1.2774471435663464
BH_s19_medium,31,26,31.866666666666667,0.5938519239425659,1.4321838115676815
BH_s19_medium,31,27,31.9,1.9849963188171387,1.4802727080008011
BH_s19_medium,31,28,31.933333333333334,2.3233325481414795,1.420501729221802
BH_s19_medium,31,29,31.966666666666665,1.858723521232605,1.2633273273995484
BH_s19_medium,31,30,32.0,1.213979721069336,1.0280585490361036
BH_s19_medium,31,31,32.03333333333333,0.7232023477554321,0.7383752603793688
BH_s19_medium,31,32,32.06666666666667,0.3372146487236023,0.4176881458237416
BH_s19_medium,31,33,32.1,0.09604738652706146,0.08592147946731593
BH_s19_medium,31,34,32.13333333333333,-0.011028827168047428,-0.24141625013121187
BH_s19_medium,31,35,32.166666666666664,-0.027966007590293884,-0.5520712681525999
BH_s19_medium,31,36,32.2,-0.1489897072315216,-0.8347963786176256
BH_s19_medium,31,37,32.233333333333334,-0.3940267860889435,-1.0772817392669032
BH_s19_medium,31,38,32.266666666666666,-0.7438535690307617,-1.2652702171436607
BH_s19_medium,31,39,32.3,-1.0911654233932495,-1.383296280038731
BH_s19_medium,31,40,32.333333333333336,-1.3643437623977661,-1.4168791313505624
BH_s19_medium,31,41,32.36666666666667,-1.5261013507843018,-1.3555272857209304
BH_s19_medium,31,42,32.4,-1.633177638053894,-1.195686560337341
BH_s19_medium,31,43,32.43333333333333,-1.6855725049972534,-0.9428815894485693
BH_s19_medium,31,44,32.46666666666667,-1.7926486730575562,-0.6126546562332745
BH_s19_medium,31,45,32.5,-1.8997248411178589,-0.23006751035859557
BH_s19_medium,31,46,32.53333333333333,-1.9108953475952148,0.1726027516902471
BH_s19_medium,31,47,32.56666666666667,-1.2521029710769653,0.5600669407732365
BH_s19_medium,31,48,32.6,0.040831178426742554,0.8991803416381581
BH_s19_medium,31,49,32.63333333333333,1.3119593858718872,1.1633266200675116
BH_s19_medium,31,50,32.666666666666664,1.8288800716400146,1.3347630302586333
BH_s19_medium,31,51,32.7,1.454062819480896,1.4048748321087239
BH_s19_medium,31,52,32.733333333333334,0.9186817407608032,1.3731826999050076
BH_s19_medium,31,53,32.766666666666666,0.48126453161239624,1.2459740949956628
BH_s19_medium,31,54,32.8,0.10535452514886856,1.034811070687855
BH_s19_medium,31,55,32.833333333333336,-0.16119275987148285,0.7548341427142213
BH_s19_medium,31,56,32.86666666666667,-0.3981765806674957,0.42323990367219144
BH_s19_medium,31,57,32.9,-0.46541687846183777,0.05870130035065001
BH_s19_medium,31,58,32.93333333333333,-0.5200982689857483,-0.31804470109382305
BH_s19_medium,31,59,32.96666666666667,-0.6999867558479309,-0.683209862514502
BH_s19_medium,31,60,33.0,-1.0017969608306885,-1.0098314689245735
BH_s19_medium,31,61,33.03333333333333,-1.3230255842208862,-1.2694660766180308
BH_s19_medium,31,62,33.06666666666667,-1.615850806236267,-1.435771949976836
BH_s19_medium,31,63,33.1,-1.7753219604492188,-1.4890922403931826
BH_s19_medium,31,64,33.13333333333333,-1.9109625816345215,-1.4205869851647028
BH_s19_medium,31,65,33.166666666666664,-1.9633574485778809,-1.2344938635864868
BH_s19_medium,31,66,33.2,-2.0157523155212402,-0.9476994230778802
BH_s19_medium,31,67,33.233333333333334,-2.1058576107025146,-0.5868212266449077
BH_s19_medium,31,68,33.266666666666666,-2.1058576107025146,-0.18401705735208276
BH_s19_medium,31,69,33.3,-2.1058576107025146,0.22698261981832793
BH_s19_medium,31,70,33.333333333333336,-2.075523614883423,0.6138505540395199
BH_s19_medium,31,71,33.36666666666667,-1.355783462524414,0.9478156313477317
BH_s19_medium,31,72,33.4,-0.07640720903873444,1.2054511194526178
BH_s19_medium,31,73,33.43333333333333,0.9693057537078857,1.3703015754654868
BH_s19_medium,31,74,33.46666666666667,1.1174466609954834,1.4342354813809142
BH_s19_medium,31,75,33.5,0.6894976496696472,1.398173095604098
BH_s19_medium,31,76,33.53333333333333,0.2051902413368225,1.2716952067882383
BH_s19_medium,31,77,33.56666666666667,-0.06496474146842957,1.0711539239504502
BH_s19_medium,31,78,33.6,-0.3315120339393616,0.8163896077296992
BH_s19_medium,31,79,33.63333333333333,-0.5538451671600342,0.5268534563802446
BH_s19_medium,31,80,33.666666666666664,-0.6294609904289246,0.21847344333882107
BH_s19_medium,31,81,33.7,-0.6294609904289246,-0.09746020594687019
BH_s19_medium,31,82,33.733333333333334,-0.7214969396591187,-0.4129188232583334
BH_s19_medium,31,83,33.766666666666666,-0.8987094163894653,-0.719909283139217
BH_s19_medium,31,84,33.8,-1.1324750185012817,-1.0068613585697732
BH_s19_medium,31,85,33.833333333333336,-1.4013088941574097,-1.2563380302954643
BH_s19_medium,31,86,33.86666666666667,-1.5872527360916138,-1.4453907657933474
BH_s19_medium,31,87,33.9,-1.6943289041519165,-1.5488931471629388
BH_s19_medium,31,88,33.93333333333333,-1.8014050722122192,-1.5449289848447254
BH_s19_medium,31,89,33.96666666666667,-1.8537999391555786,-1.420534979278587
BH_s19_medium,31,90,34.0,-1.8871322870254517,-1.1762124142821193
BH_s19_medium,31,91,34.03333333333333,-1.903908371925354,-0.8280643795817052
BH_s19_medium,31,92,34.06666666666667,-1.9563032388687134,-0.40668901689075687
BH_s19_medium,31,93,34.1,-2.008697986602783,0.047401206174660024
BH_s19_medium,31,94,34.13333333333333,-2.1058576107025146,0.49070576704542845
BH_s19_medium,31,95,34.166666666666664,-2.1058576107025146,0.883784529255009
BH_s19_medium,31,96,34.2,-1.7790155410766602,1.1963878446405993
BH_s19_medium,31,97,34.233333333333334,-0.6505149602890015,1.4097807631842456
BH_s19_medium,31,98,34.266666666666666,0.5250118374824524,1.5165715117464997
BH_s19_medium,31,99,34.3,1.1157946586608887,1.518975137807447
BH_s19_medium,31,100,34.333333333333336,0.8621456623077393,1.4263828596442714
BH_s19_medium,31,101,34.36666666666667,0.3305670917034149,1.2527792076898487
BH_s19_medium,31,102,34.4,-0.05752088502049446,1.0143745703549896
BH_s19_medium,31,103,34.43333333333333,-0.324068158864975,0.7277502895168119
BH_s19_medium,31,104,34.46666666666667,-0.4524683952331543,0.4086758343721057
BH_s19_medium,31,105,34.5,-0.5200982689857483,0.07166724096618905
BH_s19_medium,31,106,34.53333333333333,-0.48293840885162354,-0.26961231136947883
BH_s19_medium,31,107,34.56666666666667,-0.46541687846183777,-0.601127881059564
BH_s19_medium,31,108,34.6,-0.5526850819587708,-0.9068907086149669
BH_s19_medium,31,109,34.63333333333333,-0.7447429895401001,-1.1679408594643068
BH_s19_medium,31,110,34.666666666666664,-0.9588953852653503,-1.3628504803084962
BH_s19_medium,31,111,34.7,-1.0926392078399658,-1.4702335923524505
BH_s19_medium,31,112,34.733333333333334,-1.2543967962265015,-1.4729595067279213
BH_s19_medium,31,113,34.766666666666666,-1.3067915439605713,-1.3629458503075713
BH_s19_medium,31,114,34.8,-1.3949999809265137,-1.1448652534048596
BH_s19_medium,31,115,34.833333333333336,-1.466262698173523,-0.8370845514069941
BH_s19_medium,31,116,34.86666666666667,-1.5186575651168823,-0.4688933045150878
BH_s19_medium,31,117,34.9,-1.5710524320602417,-0.07476605360161855
BH_s19_medium,31,118,34.93333333333333,-1.6234471797943115,0.3116822496444245
BH_s19_medium,31,119,34.96666666666667,-1.675842046737671,0.66139059853763
BH_s19_medium,31,120,35.0,-1.7230881452560425,0.9511096687825864
BH_s19_medium,31,121,35.03333333333333,-1.7749072313308716,1.1640972733912787
BH_s19_medium,31,122,35.06666666666667,-1.5003324747085571,1.2910070507360278
BH_s19_medium,31,123,35.1,-0.5918871760368347,1.3299894117457995
BH_s19_medium,31,124,35.13333333333333,0.48287224769592285,1.2855116021839788
BH_s19_medium,31,125,35.166666666666664,1.259251594543457,1.1666514385372975
BH_s19_medium,31,126,35.2,1.0999423265457153,0.9854296792599407
BH_s19_medium,31,127,35.233333333333334,0.518450140953064,0.7550708955241635
BH_s19_medium,31,128,35.266666666666666,0.024607131257653236,0.4884165253585981
BH_s19_medium,31,129,35.3,-0.27051323652267456,0.19725252323585965
BH_s19_medium,31,130,35.333333333333336,-0.4477005898952484,-0.10712320951391748
BH_s19_medium,31,131,35.36666666666667,-0.46541687846183777,-0.41263750786278697
BH_s19_medium,31,132,35.4,-0.37834346294403076,-0.7053208913385038
BH_s19_medium,31,133,35.43333333333333,-0.30137279629707336,-0.9688787102091202
BH_s19_medium,31,134,35.46666666666667,-0.4116922616958618,-1.1851302679659899
BH_s19_medium,31,135,35.5,-0.6258446574211121,-1.3353340530310145
BH_s19_medium,31,136,35.53333333333333,-0.8946784734725952,-1.402440570208405
BH_s19_medium,31,137,35.56666666666667,-1.0878714323043823,-1.3741589367667566
BH_s19_medium,31,138,35.6,-1.194947600364685,-1.2461913095090902
BH_s19_medium,31,139,35.63333333333333,-1.2473424673080444,-1.0244620787051533
BH_s19_medium,31,140,35.666666666666664,-1.2856372594833374,-0.7251910625877952
BH_s19_medium,31,141,35.7,-1.3403186798095703,-0.3724313885869584
BH_s19_medium,31,142,35.733333333333334,-1.3403186798095703,0.006078924622486299
BH_s19_medium,31,143,35.766666666666666,-1.3475590944290161,0.38297093259073123
BH_s19_medium,31,144,35.8,-1.3999539613723755,0.7335160794411955
BH_s19_medium,31,145,35.833333333333336,-1.5070302486419678,1.035737374357271
BH_s19_medium,31,146,35.86666666666667,-1.5594251155853271,1.2697709123309717
BH_s19_medium,31,147,35.9,-1.4553979635238647,1.418438526970176
BH_s19_medium,31,148,35.93333333333333,-0.667189359664917,1.469532037815073
BH_s19_medium,31,149,35.96666666666667,0.35117796063423157,1.4185573127422137
BH_s19_medium,31,150,36.0,1.0765173435211182,1.270448059623603
BH_s19_medium,31,151,36.03333333333333,0.9458233714103699,1.0395089500355787
BH_s19_medium,31,152,36.06666666666667,0.38015052676200867,0.7474094346797706
BH_s19_medium,31,153,36.1,-0.1138872429728508,0.4195151378886569
BH_s19_medium,31,154,36.13333333333333,-0.48427608609199524,0.08057950229143959
BH_s19_medium,31,155,36.166666666666664,-0.6294609904289246,-0.24866351447201984
BH_s19_medium,31,156,36.2,-0.5425823330879211,-0.5527824839599813
BH_s19_medium,31,157,36.233333333333334,-0.3808247745037079,-0.8206645759466041
BH_s19_medium,31,158,36.266666666666666,-0.30137279629707336,-1.0433319819345122
BH_s19_medium,31,159,36.3,-0.3813919126987457,-1.2121146037067383
BH_s19_medium,31,160,36.333333333333336,-0.6208820939064026,-1.3181375600095075
BH_s19_medium,31,161,36.36666666666667,-0.8350345492362976,-1.3530461384391206
BH_s19_medium,31,162,36.4,-1.0307087898254395,-1.310287408999522
BH_s19_medium,31,163,36.43333333333333,-1.1377849578857422,-1.1863345626908783
BH_s19_medium,31,164,36.46666666666667,-1.230955958366394,-0.9817086749376654
BH_s19_medium,31,165,36.5,-1.242574691772461,-0.702071633137918
BH_s19_medium,31,166,36.53333333333333,-1.2856372594833374,-0.3596402504886544
BH_s19_medium,31,167,36.56666666666667,-1.2856372594833374,0.025415451680617332
BH_s19_medium,31,168,36.6,-1.2903964519500732,0.42470433235393007
BH_s19_medium,31,169,36.63333333333333,-1.3427913188934326,0.803674878095974
BH_s19_medium,31,170,36.666666666666664,-1.395186185836792,1.1261699218529264
BH_s19_medium,31,171,36.7,-1.4496814012527466,1.3603339037835922
BH_s19_medium,31,172,36.733333333333334,-1.0385514497756958,1.484144242419031
BH_s19_medium,31,173,36.766666666666666,0.007990138605237007,1.4889481631052206
BH_s19_medium,31,174,36.8,1.1311471462249756,1.3798670974776792
BH_s19_medium,31,175,36.833333333333336,1.6993448734283447,1.172947240600685
BH_s19_medium,31,176,36.86666666666667,1.406732201576233,0.8903937628131185
BH_s19_medium,31,177,36.9,0.816669762134552,0.5561034462535109
BH_s19_medium,31,178,36.93333333333333,0.31786420941352844,0.1931787276011145
BH_s19_medium,31,179,36.96666666666667,0.10178907215595245,-0.17637604979759564
BH_s19_medium,31,180,37.0,0.02671535313129425,-0.5309129900464828
BH_s19_medium,31,181,37.03333333333333,0.08139671385288239,-0.8488331160860008
BH_s19_medium,31,182,37.06666666666667,0.21818891167640686,-1.1094322471492102
BH_s19_medium,31,183,37.1,0.2749791741371155,-1.2946019829505502
BH_s19_medium,31,184,37.13333333333333,0.14504648745059967,-1.390670237884659
BH_s19_medium,31,185,37.166666666666664,-0.0896759033203125,-1.3898002189670553
BH_s19_medium,31,186,37.2,-0.39262109994888306,-1.290649311867323
BH_s19_medium,31,187,37.233333333333334,-0.5907765626907349,-1.098340558777449
BH_s19_medium,31,188,37.266666666666666,-0.6978527903556824,-0.824160385237613
BH_s19_medium,31,189,37.3,-0.8049290180206299,-0.4854054451073487
BH_s19_medium,31,190,37.333333333333336,-0.9028677940368652,-0.1053054382108605
BH_s19_medium,31,191,37.36666666666667,-0.9575491547584534,0.287559584965814
BH_s19_medium,31,192,37.4,-0.9575491547584534,0.6609341334030941
BH_s19_medium,31,193,37.43333333333333,-1.0122305154800415,0.9818399153823256
BH_s19_medium,31,194,37.46666666666667,-1.0669032335281372,1.2205306378444791
BH_s19_medium,31,195,37.5,-1.1739795207977295,1.354797791078514
BH_s19_medium,31,196,37.53333333333333,-0.8710944056510925,1.3737043832957696
BH_s19_medium,31,197,37.56666666666667,0.12207839637994766,1.2796769442563736
BH_s19_medium,31,198,37.6,1.347730040550232,1.0880010816399217
BH_s19_medium,31,199,37.63333333333333,2.1135239601135254,0.8234264860164447
BH_s19_medium,31,200,37.666666666666664,1.9954735040664673,0.5147502080148968
BH_s19_medium,31,201,37.7,1.4351527690887451,0.18917938039703458
BH_s19_medium,31,202,37.733333333333334,0.8654569387435913,-0.13169170664360458
BH_s19_medium,31,203,37.766666666666666,0.47124630212783813,-0.43317489193280206
BH_s19_medium,31,204,37.8,0.30012214183807373,-0.7059411966843958
BH_s19_medium,31,205,37.833333333333336,0.30012214183807373,-0.9425960475981507
BH_s19_medium,31,206,37.86666666666667,0.3820382058620453,-1.1342054661589005
BH_s19_medium,31,207,37.9,0.46416622400283813,-1.2686418960942387
BH_s19_medium,31,208,37.93333333333333,0.33214181661605835,-1.331582464276583
BH_s19_medium,31,209,37.96666666666667,0.0953276976943016,-1.3096150680389511
BH_s19_medium,31,210,38.0,-0.17350609600543976,-1.1940906677069076
BH_s19_medium,31,211,38.03333333333333,-0.44233986735343933,-0.9843075263963605
BH_s19_medium,31,212,38.06666666666667,-0.5882952809333801,-0.6890945271467229
BH_s19_medium,31,213,38.1,-0.6953715085983276,-0.32661991563485865
BH_s19_medium,31,214,38.13333333333333,-0.7388237118721008,0.07706866139219522
BH_s19_medium,31,215,38.166666666666664,-0.793505072593689,0.49018118402520805
BH_s19_medium,31,216,38.2,-0.7978746891021729,0.8779696614841692
BH_s19_medium,31,217,38.233333333333334,-0.8502695560455322,1.20649762735559
BH_s19_medium,31,218,38.266666666666666,-0.9573457837104797,1.4472316691318368
BH_s19_medium,31,219,38.3,-1.0644220113754272,1.5814125325090707
BH_s19_medium,31,220,38.333333333333336,-0.6034379005432129,1.6027712396251426
BH_s19_medium,31,221,38.36666666666667,0.4958372414112091,1.5175438480285963
BH_s19_medium,31,222,38.4,1.8283703327178955,1.3417005177558925
BH_s19_medium,31,223,38.43333333333333,2.409423351287842,1.096385090607981
BH_s19_medium,31,224,38.46666666666667,2.119537591934204,0.8032575287272202
BH_s19_medium,31,225,38.5,1.4525303840637207,0.481406836924216
BH_s19_medium,31,226,38.53333333333333,0.8847314715385437,0.14672382613959412
BH_s19_medium,31,227,38.56666666666667,0.5057300925254822,-0.18657864522766024
BH_s19_medium,31,228,38.6,0.40948486328125,-0.5036746472465872
BH_s19_medium,31,229,38.63333333333333,0.4681377410888672,-0.7877813989145104
BH_s19_medium,31,230,38.666666666666664,0.6005688905715942,-1.0208768141823275
BH_s19_medium,31,231,38.7,0.6034569144248962,-1.1864601422107341
BH_s19_medium,31,232,38.733333333333334,0.41923239827156067,-1.2733125990521397
BH_s19_medium,31,233,38.766666666666666,0.1503986120223999,-1.278675081654978
BH_s19_medium,31,234,38.8,-0.11843517422676086,-1.2093587955818308
BH_s19_medium,31,235,38.833333333333336,-0.3325875997543335,-1.0800690837191715
BH_s19_medium,31,236,38.86666666666667,-0.533419132232666,-0.9094039355972597
BH_s19_medium,31,237,38.9,-0.6404953598976135,-0.7149825786336289
BH_s19_medium,31,238,38.93333333333333,-0.6928902268409729,-0.5095006166214081
BH_s19_medium,31,239,38.96666666666667,-0.7999664545059204,-0.2993109705690777
BH_s19_medium,32,0,32.0,1.213979721069336,-0.123199861162658
BH_s19_medium,32,1,32.03333333333333,0.7232023477554321,-0.29105522343866774
BH_s19_medium,32,2,32.06666666666667,0.3372146487236023,-0.4684457053497619
BH_s19_medium,32,3,32.1,0.09604738652706146,-0.6612252716977083
BH_s19_medium,32,4,32.13333333333333,-0.011028827168047428,-0.8658844427309088
BH_s19_medium,32,5,32.166666666666664,-0.027966007590293884,-1.0698229507877655
BH_s19_medium,32,6,32.2,-0.1489897072315216,-1.254444246496542
BH_s19_medium,32,7,32.233333333333334,-0.3940267860889435,-1.3992542764233042
BH_s19_medium,32,8,32.266666666666666,-0.7438535690307617,-1.4852656255485306
BH_s19_medium,32,9,32.3,-1.0911654233932495,-1.4969702493743768
BH_s19_medium,32,10,32.333333333333336,-1.3643437623977661,-1.4232752618185303
BH_s19_medium,32,11,32.36666666666667,-1.5261013507843018,-1.2583275377765257
BH_s19_medium,32,12,32.4,-1.633177638053894,-1.0027996315202488
BH_s19_medium,32,13,32.43333333333333,-1.6855725049972534,-0.6655564836472335
BH_s19_medium,32,14,32.46666666666667,-1.7926486730575562,-0.2652287787447639
BH_s19_medium,32,15,32.5,-1.8997248411178589,0.16923051539279388
BH_s19_medium,32,16,32.53333333333333,-1.9108953475952148,0.6004942379215374
BH_s19_medium,32,17,32.56666666666667,-1.2521029710769653,0.9882865381653558
BH_s19_medium,32,18,32.6,0.040831178426742554,1.2971231322176686
BH_s19_medium,32,19,32.63333333333333,1.3119593858718872,1.5032380900838136
BH_s19_medium,32,20,32.666666666666664,1.8288800716400146,1.5977128181164462
BH_s19_medium,32,21,32.7,1.454062819480896,1.584879776622222
BH_s19_medium,32,22,32.733333333333334,0.9186817407608032,1.4774982983538003
BH_s19_medium,32,23,32.766666666666666,0.48126453161239624,1.2913897990639729
BH_s19_medium,32,24,32.8,0.10535452514886856,1.0415948803505375
BH_s19_medium,32,25,32.833333333333336,-0.16119275987148285,0.7407908875176069
BH_s19_medium,32,26,32.86666666666667,-0.3981765806674957,0.39993850158019634
BH_s19_medium,32,27,32.9,-0.46541687846183777,0.03075177902718986
BH_s19_medium,32,28,32.93333333333333,-0.5200982689857483,-0.35097859119468555
BH_s19_medium,32,29,32.96666666666667,-0.6999867558479309,-0.7227790836561739
BH_s19_medium,32,30,33.0,-1.0017969608306885,-1.0552806986640408
BH_s19_medium,32,31,33.03333333333333,-1.3230255842208862,-1.3153519588863143
BH_s19_medium,32,32,33.06666666666667,-1.615850806236267,-1.47210277827322
BH_s19_medium,32,33,33.1,-1.7753219604492188,-1.5038680373269007
BH_s19_medium,32,34,33.13333333333333,-1.9109625816345215,-1.4036724558996385
BH_s19_medium,32,35,33.166666666666664,-1.9633574485778809,-1.1812167640859659
BH_s19_medium,32,36,33.2,-2.0157523155212402,-0.8608700914633995
BH_s19_medium,32,37,33.233333333333334,-2.1058576107025146,-0.4767514047491088
BH_s19_medium,32,38,33.266666666666666,-2.1058576107025146,-0.06689466764925198
BH_s19_medium,32,39,33.3,-2.1058576107025146,0.33175072147005724
BH_s19_medium,32,40,33.333333333333336,-2.075523614883423,0.6868738564255904
BH_s19_medium,32,41,33.36666666666667,-1.355783462524414,0.9732572008232664
BH_s19_medium,32,42,33.4,-0.07640720903873444,1.1744642160449437
BH_s19_medium,32,43,33.43333333333333,0.9693057537078857,1.2835911958964739
BH_s19_medium,32,44,33.46666666666667,1.1174466609954834,1.3027443151691653
BH_s19_medium,32,45,33.5,0.6894976496696472,1.2411386041487569
BH_s19_medium,32,46,33.53333333333333,0.2051902413368225,1.1120831641955562
BH_s19_medium,32,47,33.56666666666667,-0.06496474146842957,0.9295226031484919
BH_s19_medium,32,48,33.6,-0.3315120339393616,0.7051436712903708
BH_s19_medium,32,49,33.63333333333333,-0.5538451671600342,0.44702514359566303
BH_s19_medium,32,50,33.666666666666664,-0.6294609904289246,0.16027619650845373
BH_s19_medium,32,51,33.7,-0.6294609904289246,-0.15056423117238243
BH_s19_medium,32,52,33.733333333333334,-0.7214969396591187,-0.47805880030522235
BH_s19_medium,32,53,33.766666666666666,-0.8987094163894653,-0.8084295543220485
BH_s19_medium,32,54,33.8,-1.1324750185012817,-1.119638527129026
BH_s19_medium,32,55,33.833333333333336,-1.4013088941574097,-1.3823204480550801
BH_s19_medium,32,56,33.86666666666667,-1.5872527360916138,-1.5638339110596786
BH_s19_medium,32,57,33.9,-1.6943289041519165,-1.6344456584558384
BH_s19_medium,32,58,33.93333333333333,-1.8014050722122192,-1.5740369769866212
BH_s19_medium,32,59,33.96666666666667,-1.8537999391555786,-1.3776802937725496
BH_s19_medium,32,60,34.0,-1.8871322870254517,-1.0586203237623957
BH_s19_medium,32,61,34.03333333333333,-1.903908371925354,-0.6475724766821085
BH_s19_medium,32,62,34.06666666666667,-1.9563032388687134,-0.18798584786452038
BH_s19_medium,32,63,34.1,-2.008697986602783,0.27188395474146293
BH_s19_medium,32,64,34.13333333333333,-2.1058576107025146,0.6878997326496082
BH_s19_medium,32,65,34.166666666666664,-2.1058576107025146,1.0272014550476611
BH_s19_medium,32,66,34.2,-1.7790155410766602,1.271642130040635
BH_s19_medium,32,67,34.233333333333334,-0.6505149602890015,1.417157564833819
BH_s19_medium,32,68,34.266666666666666,0.5250118374824524,1.470141859238678
BH_s19_medium,32,69,34.3,1.1157946586608887,1.4425587716698116
BH_s19_medium,32,70,34.333333333333336,0.8621456623077393,1.34738673661726
BH_s19_medium,32,71,34.36666666666667,0.3305670917034149,1.1954453788890775
BH_s19_medium,32,72,34.4,-0.05752088502049446,0.994087377581234
BH_s19_medium,32,73,34.43333333333333,-0.324068158864975,0.7477538284797399
BH_s19_medium,32,74,34.46666666666667,-0.4524683952331543,0.45996629200036954
BH_s19_medium,32,75,34.5,-0.5200982689857483,0.1360915225699498
BH_s19_medium,32,76,34.53333333333333,-0.48293840885162354,-0.21380039721096702
BH_s19_medium,32,77,34.56666666666667,-0.46541687846183777,-0.5727252690127613
BH_s19_medium,32,78,34.6,-0.5526850819587708,-0.9161648517298981
BH_s19_medium,32,79,34.63333333333333,-0.7447429895401001,-1.2138626542412476
BH_s19_medium,32,80,34.666666666666664,-0.9588953852653503,-1.434087939867086
BH_s19_medium,32,81,34.7,-1.0926392078399658,-1.5494491603094571
BH_s19_medium,32,82,34.733333333333334,-1.2543967962265015,-1.542777654090347
BH_s19_medium,32,83,34.766666666666666,-1.3067915439605713,-1.4115235290068269
BH_s19_medium,32,84,34.8,-1.3949999809265137,-1.1693276993246622
BH_s19_medium,32,85,34.833333333333336,-1.466262698173523,-0.8438892844488295
BH_s19_medium,32,86,34.86666666666667,-1.5186575651168823,-0.4711065295922747
BH_s19_medium,32,87,34.9,-1.5710524320602417,-0.08710925525465105
BH_s19_medium,32,88,34.93333333333333,-1.6234471797943115,0.27839220876924853
BH_s19_medium,32,89,34.96666666666667,-1.675842046737671,0.6043995977210621
BH_s19_medium,32,90,35.0,-1.7230881452560425,0.876875523959235
BH_s19_medium,32,91,35.03333333333333,-1.7749072313308716,1.0860798817056097
BH_s19_medium,32,92,35.06666666666667,-1.5003324747085571,1.2253360734913108
BH_s19_medium,32,93,35.1,-0.5918871760368347,1.2911215161233929
BH_s19_medium,32,94,35.13333333333333,0.48287224769592285,1.2833738571055808
BH_s19_medium,32,95,35.166666666666664,1.259251594543457,1.2053175597634784
BH_s19_medium,32,96,35.2,1.0999423265457153,1.0626469860567846
BH_s19_medium,32,97,35.233333333333334,0.518450140953064,0.8623690591837331
BH_s19_medium,32,98,35.266666666666666,0.024607131257653236,0.6121088359017449
BH_s19_medium,32,99,35.3,-0.27051323652267456,0.32061595896941886
BH_s19_medium,32,100,35.333333333333336,-0.4477005898952484,-0.000717495556217705
BH_s19_medium,32,101,35.36666666666667,-0.46541687846183777,-0.3364000114208871
BH_s19_medium,32,102,35.4,-0.37834346294403076,-0.6664554220555504
BH_s19_medium,32,103,35.43333333333333,-0.30137279629707336,-0.9674357520290012
BH_s19_medium,32,104,35.46666666666667,-0.4116922616958618,-1.2145941106641815
BH_s19_medium,32,105,35.5,-0.6258446574211121,-1.3847507729193613
BH_s19_medium,32,106,35.53333333333333,-0.8946784734725952,-1.4593635059713803
BH_s19_medium,32,107,35.56666666666667,-1.0878714323043823,-1.427357302302307
BH_s19_medium,32,108,35.6,-1.194947600364685,-1.2872852076001255
BH_s19_medium,32,109,35.63333333333333,-1.2473424673080444,-1.0483581828154611
BH_s19_medium,32,110,35.666666666666664,-1.2856372594833374,-0.7298907713215741
BH_s19_medium,32,111,35.7,-1.3403186798095703,-0.3589549358291033
BH_s19_medium,32,112,35.733333333333334,-1.3403186798095703,0.03339561197119846
BH_s19_medium,32,113,35.766666666666666,-1.3475590944290161,0.4162709987030337
BH_s19_medium,32,114,35.8,-1.3999539613723755,0.7620660014458556
BH_s19_medium,32,115,35.833333333333336,-1.5070302486419678,1.047833946901375
BH_s19_medium,32,116,35.86666666666667,-1.5594251155853271,1.2556877761204632
BH_s19_medium,32,117,35.9,-1.4553979635238647,1.373651906973744
BH_s19_medium,32,118,35.93333333333333,-0.667189359664917,1.3971921817347979
BH_s19_medium,32,119,35.96666666666667,0.35117796063423157,1.3301723093629652
BH_s19_medium,32,120,36.0,1.0765173435211182,1.1840286357223786
BH_s19_medium,32,121,36.03333333333333,0.9458233714103699,0.9751477043062114
BH_s19_medium,32,122,36.06666666666667,0.38015052676200867,0.7214773983956783
BH_s19_medium,32,123,36.1,-0.1138872429728508,0.4397054097929983
BH_s19_medium,32,124,36.13333333333333,-0.48427608609199524,0.14392826404539696
BH_s19_medium,32,125,36.166666666666664,-0.6294609904289246,-0.15405502998751008
BH_s19_medium,32,126,36.2,-0.5425823330879211,-0.4434197917798587
BH_s19_medium,32,127,36.233333333333334,-0.3808247745037079,-0.712897038258384
BH_s19_medium,32,128,36.266666666666666,-0.30137279629707336,-0.9500472800963491
BH_s19_medium,32,129,36.3,-0.3813919126987457,-1.1415677515263527
BH_s19_medium,32,130,36.333333333333336,-0.6208820939064026,-1.2744879550815988
BH_s19_medium,32,131,36.36666666666667,-0.8350345492362976,-1.337712208753868
BH_s19_medium,32,132,36.4,-1.0307087898254395,-1.3231990406816365
BH_s19_medium,32,133,36.43333333333333,-1.1377849578857422,-1.2263975765914155
BH_s19_medium,32,134,36.46666666666667,-1.230955958366394,-1.0463479227829913
BH_s19_medium,32,135,36.5,-1.242574691772461,-0.786401990202551
BH_s19_medium,32,136,36.53333333333333,-1.2856372594833374,-0.4561687531730503
BH_s19_medium,32,137,36.56666666666667,-1.2856372594833374,-0.07408968268267578
BH_s19_medium,32,138,36.6,-1.2903964519500732,0.33121037222555366
BH_s19_medium,32,139,36.63333333333333,-1.3427913188934326,0.7227525330066618
BH_s19_medium,32,140,36.666666666666664,-1.395186185836792,1.060635433594691
BH_s19_medium,32,141,36.7,-1.4496814012527466,1.3095106787268787
BH_s19_medium,32,142,36.733333333333334,-1.0385514497756958,1.4455576906734293
BH_s19_medium,32,143,36.766666666666666,0.007990138605237007,1.4606163745495044
BH_s19_medium,32,144,36.8,1.1311471462249756,1.3621131294400315
BH_s19_medium,32,145,36.833333333333336,1.6993448734283447,1.168964747223907
BH_s19_medium,32,146,36.86666666666667,1.406732201576233,0.9053468258236674
BH_s19_medium,32,147,36.9,0.816669762134552,0.5950525008939064
BH_s19_medium,32,148,36.93333333333333,0.31786420941352844,0.25848875127010756
BH_s19_medium,32,149,36.96666666666667,0.10178907215595245,-0.08726772793452511
BH_s19_medium,32,150,37.0,0.02671535313129425,-0.4264364817611694
BH_s19_medium,32,151,37.03333333333333,0.08139671385288239,-0.7423022032003171
BH_s19_medium,32,152,37.06666666666667,0.21818891167640686,-1.0162951538951148
BH_s19_medium,32,153,37.1,0.2749791741371155,-1.2289328419034848
BH_s19_medium,32,154,37.13333333333333,0.14504648745059967,-1.3621038354972574
BH_s19_medium,32,155,37.166666666666664,-0.0896759033203125,-1.4016211748441463
BH_s19_medium,32,156,37.2,-0.39262109994888306,-1.3392140626878841
BH_s19_medium,32,157,37.233333333333334,-0.5907765626907349,-1.1738275412985253
BH_s19_medium,32,158,37.266666666666666,-0.6978527903556824,-0.9126279812413445
BH_s19_medium,32,159,37.3,-0.8049290180206299,-0.5719592309181458
BH_s19_medium,32,160,37.333333333333336,-0.9028677940368652,-0.17771824606637981
BH_s19_medium,32,161,37.36666666666667,-0.9575491547584534,0.235942808825348
BH_s19_medium,32,162,37.4,-0.9575491547584534,0.6302929430919554
BH_s19_medium,32,163,37.43333333333333,-1.0122305154800415,0.9676615588392657
BH_s19_medium,32,164,37.46666666666667,-1.0669032335281372,1.2175347260931038
BH_s19_medium,32,165,37.5,-1.1739795207977295,1.3612330331135702
BH_s19_medium,32,166,37.53333333333333,-0.8710944056510925,1.393864459764283
BH_s19_medium,32,167,37.56666666666667,0.12207839637994766,1.3232687652753607
BH_s19_medium,32,168,37.6,1.347730040550232,1.1665369659468643
BH_s19_medium,32,169,37.63333333333333,2.1135239601135254,0.9452550200528322
BH_s19_medium,32,170,37.666666666666664,1.9954735040664673,0.6809056274373511
BH_s19_medium,32,171,37.7,1.4351527690887451,0.3917007637733047
BH_s19_medium,32,172,37.733333333333334,0.8654569387435913,0.09147466935641552
BH_s19_medium,32,173,37.766666666666666,0.47124630212783813,-0.2094628313924063
BH_s19_medium,32,174,37.8,0.30012214183807373,-0.502075073829018
BH_s19_medium,32,175,37.833333333333336,0.30012214183807373,-0.7758286006318863
BH_s19_medium,32,176,37.86666666666667,0.3820382058620453,-1.0165816480311631
BH_s19_medium,32,177,37.9,0.46416622400283813,-1.2062607340755906
BH_s19_medium,32,178,37.93333333333333,0.33214181661605835,-1.3247919713963223
BH_s19_medium,32,179,37.96666666666667,0.0953276976943016,-1.353781605775799
BH_s19_medium,32,180,38.0,-0.17350609600543976,-1.2807202101959827
BH_s19_medium,32,181,38.03333333333333,-0.44233986735343933,-1.10240948439445
BH_s19_medium,32,182,38.06666666666667,-0.5882952809333801,-0.8268654631253705
BH_s19_medium,32,183,38.1,-0.6953715085983276,-0.47362080140916935
BH_s19_medium,32,184,38.13333333333333,-0.7388237118721008,-0.07260159868251002
BH_s19_medium,32,185,38.166666666666664,-0.793505072593689,0.33847320310166135
BH_s19_medium,32,186,38.2,-0.7978746891021729,0.7185012830363318
BH_s19_medium,32,187,38.233333333333334,-0.8502695560455322,1.0291420948721839
BH_s19_medium,32,188,38.266666666666666,-0.9573457837104797,1.241397026370283
BH_s19_medium,32,189,38.3,-1.0644220113754272,1.3403914864256026
BH_s19_medium,32,190,38.333333333333336,-0.6034379005432129,1.3265592207453825
BH_s19_medium,32,191,38.36666666666667,0.4958372414112091,1.212934716930387
BH_s19_medium,32,192,38.4,1.8283703327178955,1.0198479919181538
BH_s19_medium,32,193,38.43333333333333,2.409423351287842,0.7692201727364052
BH_s19_medium,32,194,38.46666666666667,2.119537591934204,0.48054679166949893
BH_s19_medium,32,195,38.5,1.4525303840637207,0.1696924873419392
BH_s19_medium,32,196,38.53333333333333,0.8847314715385437,-0.14970289258404101
BH_s19_medium,32,197,38.56666666666667,0.5057300925254822,-0.46351550398885705
BH_s19_medium,32,198,38.6,0.40948486328125,-0.7548752487112261
BH_s19_medium,32,199,38.63333333333333,0.4681377410888672,-1.0037046241599
BH_s19_medium,32,200,38.666666666666664,0.6005688905715942,-1.1884109262066307
BH_s19_medium,32,201,38.7,0.6034569144248962,-1.2890886628105511
BH_s19_medium,32,202,38.733333333333334,0.41923239827156067,-1.291132120492017
BH_s19_medium,32,203,38.766666666666666,0.1503986120223999,-1.1882624626402107
BH_s19_medium,32,204,38.8,-0.11843517422676086,-0.9843702219019542
BH_s19_medium,32,205,38.833333333333336,-0.3325875997543335,-0.6940090216666565
BH_s19_medium,32,206,38.86666666666667,-0.533419132232666,-0.3416359730766216
BH_s19_medium,32,207,38.9,-0.6404953598976135,0.040400112855313045
BH_s19_medium,32,208,38.93333333333333,-0.6928902268409729,0.4153938386724539
BH_s19_medium,32,209,38.96666666666667,-0.7999664545059204,0.7473645297122025
BH_s19_medium,32,210,39.0,-0.9070426225662231,1.006679266366151
BH_s19_medium,32,211,39.03333333333333,-1.0122305154800415,1.1743716291803195
BH_s19_medium,32,212,39.06666666666667,-0.9579472541809082,1.2436303058517464
BH_s19_medium,32,213,39.1,-0.21617193520069122,1.218157312443356
BH_s19_medium,32,214,39.13333333333333,1.0010361671447754,1.1083859889267698
BH_s19_medium,32,215,39.166666666666664,2.250755786895752,0.9273356085908173
BH_s19_medium,32,216,39.2,2.6514205932617188,0.687905808570962
BH_s19_medium,32,217,39.233333333333334,2.175590991973877,0.40266623403362434
BH_s19_medium,32,218,39.266666666666666,1.4925695657730103,0.08594748470157404
BH_s19_medium,32,219,39.3,0.9289541840553284,-0.24317180410419914
BH_s19_medium,32,220,39.333333333333336,0.6655907034873962,-0.5590067642047796
BH_s19_medium,32,221,39.36666666666667,0.6072336435317993,-0.8302881094081335
BH_s19_medium,32,222,39.4,0.7457280158996582,-1.0246920436257798
BH_s19_medium,32,223,39.43333333333333,0.8469357490539551,-1.1159385285921366
BH_s19_medium,32,224,39.46666666666667,0.738564133644104,-1.0911414111288138
BH_s19_medium,32,225,39.5,0.4998530447483063,-0.9555721782963819
BH_s19_medium,32,226,39.53333333333333,0.14621517062187195,-0.7326778532976679
BH_s19_medium,32,227,39.56666666666667,-0.12261862307786942,-0.45882211045942706
BH_s19_medium,32,228,39.6,-0.33677104115486145,-0.17419352237610333
BH_s19_medium,32,229,39.63333333333333,-0.48082950711250305,0.08698826086208218
BH_s19_medium,32,230,39.666666666666664,-0.5879057049751282,0.30317997549989145
BH_s19_medium,32,231,39.7,-0.6403005719184875,0.46654993046487025
BH_s19_medium,32,232,39.733333333333334,-0.6926954388618469,0.5786892915863502
BH_s19_medium,32,233,39.766666666666666,-0.8060382604598999,0.6441757674390599
BH_s19_medium,32,234,39.8,-0.9535690546035767,0.6659184484233184
BH_s19_medium,32,235,39.833333333333336,-0.6689000725746155,0.6444495968081085
BH_s19_medium,32,236,39.86666666666667,0.40296271443367004,0.5802949313638164
BH_s19_medium,32,237,39.9,1.9520528316497803,0.4767157728770966
BH_s19_medium,32,238,39.93333333333333,3.0527100563049316,0.3408904311272422
BH_s19_medium,32,239,39.96666666666667,3.1112289428710938,0.18350937373442688
BH_s19_medium,33,0,33.0,-1.0017969608306885,0.01711213156064149
BH_s19_medium,33,1,33.03333333333333,-1.3230255842208862,-0.22473226219874118
BH_s19_medium,33,2,33.06666666666667,-1.615850806236267,-0.4122763467548518
BH_s19_medium,33,3,33.1,-1.7753219604492188,-0.5032364561148385
BH_s19_medium,33,4,33.13333333333333,-1.9109625816345215,-0.4749389628373004
BH_s19_medium,33,5,33.166666666666664,-1.9633574485778809,-0.32824487927199797
BH_s19_medium,33,6,33.2,-2.0157523155212402,-0.08561241174562045
BH_s19_medium,33,7,33.233333333333334,-2.1058576107025146,0.21576571188217591
BH_s19_medium,33,8,33.266666666666666,-2.1058576107025146,0.533064409143179
BH_s19_medium,33,9,33.3,-2.1058576107025146,0.8260634017601163
BH_s19_medium,33,10,33.333333333333336,-2.075523614883423,1.0625493853999897
BH_s19_medium,33,11,33.36666666666667,-1.355783462524414,1.220646669756014
BH_s19_medium,33,12,33.4,-0.07640720903873444,1.2890065009269456
BH_s19_medium,33,13,33.43333333333333,0.9693057537078857,1.2660140709816488
BH_s19_medium,33,14,33.46666666666667,1.1174466609954834,1.1587007938834473
BH_s19_medium,33,15,33.5,0.6894976496696472,0.9813157230212398
BH_s19_medium,33,16,33.53333333333333,0.2051902413368225,0.7530241379544106
BH_s19_medium,33,17,33.56666666666667,-0.06496474146842957,0.49440930567091945
BH_s19_medium,33,18,33.6,-0.3315120339393616,0.22334245438908432
BH_s19_medium,33,19,33.63333333333333,-0.5538451671600342,-0.04833993542075771
BH_s19_medium,33,20,33.666666666666664,-0.6294609904289246,-0.31581283842926
BH_s19_medium,33,21,33.7,-0.6294609904289246,-0.5791940763580079
BH_s19_medium,33,22,33.733333333333334,-0.7214969396591187,-0.8391037393328473
BH_s19_medium,33,23,33.766666666666666,-0.8987094163894653,-1.0916781571018004
BH_s19_medium,33,24,33.8,-1.1324750185012817,-1.325155461267195
BH_s19_medium,33,25,33.833333333333336,-1.4013088941574097,-1.519468782413305
BH_s19_medium,33,26,33.86666666666667,-1.5872527360916138,-1.6490266719546047
BH_s19_medium,33,27,33.9,-1.6943289041519165,-1.687742713753126
BH_s19_medium,33,28,33.93333333333333,-1.8014050722122192,-1.6149066216191408
BH_s19_medium,33,29,33.96666666666667,-1.8537999391555786,-1.420543168457125
BH_s19_medium,33,30,34.0,-1.8871322870254517,-1.1091332049476332
BH_s19_medium,33,31,34.03333333333333,-1.903908371925354,-0.7008632394950173
BH_s19_medium,33,32,34.06666666666667,-1.9563032388687134,-0.22996353240534656
BH_s19_medium,33,33,34.1,-2.008697986602783,0.25981148537703447
BH_s19_medium,33,34,34.13333333333333,-2.1058576107025146,0.7219165924015585
BH_s19_medium,33,35,34.166666666666664,-2.1058576107025146,1.1146164666166205
BH_s19_medium,33,36,34.2,-1.7790155410766602,1.4075178026485922
BH_s19_medium,33,37,34.233333333333334,-0.6505149602890015,1.5852304042373204
BH_s19_medium,33,38,34.266666666666666,0.5250118374824524,1.6474352601091349
BH_s19_medium,33,39,34.3,1.1157946586608887,1.6058540565384585
BH_s19_medium,33,40,34.333333333333336,0.8621456623077393,1.4791979603189978
BH_s19_medium,33,41,34.36666666666667,0.3305670917034149,1.2874335413859508
BH_s19_medium,33,42,34.4,-0.05752088502049446,1.0470406205489329
BH_s19_medium,33,43,34.43333333333333,-0.324068158864975,0.7688437241600532
BH_s19_medium,33,44,34.46666666666667,-0.4524683952331543,0.45901391919400664
BH_s19_medium,33,45,34.5,-0.5200982689857483,0.12252566841950441
BH_s19_medium,33,46,34.53333333333333,-0.48293840885162354,-0.2324861209539292
BH_s19_medium,33,47,34.56666666666667,-0.46541687846183777,-0.5912341528440028
BH_s19_medium,33,48,34.6,-0.5526850819587708,-0.931135327680908
BH_s19_medium,33,49,34.63333333333333,-0.7447429895401001,-1.2237209184583167
BH_s19_medium,33,50,34.666666666666664,-0.9588953852653503,-1.439166082779481
BH_s19_medium,33,51,34.7,-1.0926392078399658,-1.5520440942704699
BH_s19_medium,33,52,34.733333333333334,-1.2543967962265015,-1.54660751819979
BH_s19_medium,33,53,34.766666666666666,-1.3067915439605713,-1.4202150129624989
BH_s19_medium,33,54,34.8,-1.3949999809265137,-1.184134149390892
BH_s19_medium,33,55,34.833333333333336,-1.466262698173523,-0.8615550377603343
BH_s19_medium,33,56,34.86666666666667,-1.5186575651168823,-0.4832261537375553
BH_s19_medium,33,57,34.9,-1.5710524320602417,-0.0820413094380141
BH_s19_medium,33,58,34.93333333333333,-1.6234471797943115,0.31115698853645624
BH_s19_medium,33,59,34.96666666666667,-1.675842046737671,0.6690974705769761
BH_s19_medium,33,60,35.0,-1.7230881452560425,0.9682664957567733
BH_s19_medium,33,61,35.03333333333333,-1.7749072313308716,1.1903265997140897
BH_s19_medium,33,62,35.06666666666667,-1.5003324747085571,1.3247596068086562
BH_s19_medium,33,63,35.1,-0.5918871760368347,1.3701534187109503
BH_s19_medium,33,64,35.13333333333333,0.48287224769592285,1.332720198819673
BH_s19_medium,33,65,35.166666666666664,1.259251594543457,1.2231956446689083
BH_s19_medium,33,66,35.2,1.0999423265457153,1.0537328764373612
BH_s19_medium,33,67,35.233333333333334,0.518450140953064,0.8355392919536428
BH_s19_medium,33,68,35.266666666666666,0.024607131257653236,0.5777650838359463
BH_s19_medium,33,69,35.3,-0.27051323652267456,0.28811896520005853
BH_s19_medium,33,70,35.333333333333336,-0.4477005898952484,-0.02508664304037089
BH_s19_medium,33,71,35.36666666666667,-0.46541687846183777,-0.3506391896676691
BH_s19_medium,33,72,35.4,-0.37834346294403076,-0.6730906724811605
BH_s19_medium,33,73,35.43333333333333,-0.30137279629707336,-0.9729287435999511
BH_s19_medium,33,74,35.46666666666667,-0.4116922616958618,-1.2281018902761167
BH_s19_medium,33,75,35.5,-0.6258446574211121,-1.4164395300801538
BH_s19_medium,33,76,35.53333333333333,-0.8946784734725952,-1.5185808350589993
BH_s19_medium,33,77,35.56666666666667,-1.0878714323043823,-1.521039869207392
BH_s19_medium,33,78,35.6,-1.194947600364685,-1.4187511020977954
BH_s19_medium,33,79,35.63333333333333,-1.2473424673080444,-1.2163474087201074
BH_s19_medium,33,80,35.666666666666664,-1.2856372594833374,-0.9278871557872574
BH_s19_medium,33,81,35.7,-1.3403186798095703,-0.575200214527949
BH_s19_medium,33,82,35.733333333333334,-1.3403186798095703,-0.1850317339323535
BH_s19_medium,33,83,35.766666666666666,-1.3475590944290161,0.21457569061927825
BH_s19_medium,33,84,35.8,-1.3999539613723755,0.5973907279128646
BH_s19_medium,33,85,35.833333333333336,-1.5070302486419678,0.940324076868058
BH_s19_medium,33,86,35.86666666666667,-1.5594251155853271,1.2233242337804222
BH_s19_medium,33,87,35.9,-1.4553979635238647,1.429457909964089
BH_s19_medium,33,88,35.93333333333333,-0.667189359664917,1.5460176189662072
BH_s19_medium,33,89,35.96666666666667,0.35117796063423157,1.5660398273311766
BH_s19_medium,33,90,36.0,1.0765173435211182,1.4893536332365804
BH_s19_medium,33,91,36.03333333333333,0.9458233714103699,1.3228164147389174
BH_s19_medium,33,92,36.06666666666667,0.38015052676200867,1.0796416637511206
BH_s19_medium,33,93,36.1,-0.1138872429728508,0.7777677484173654
BH_s19_medium,33,94,36.13333333333333,-0.48427608609199524,0.43751833906341886
BH_s19_medium,33,95,36.166666666666664,-0.6294609904289246,0.07924050831875235
BH_s19_medium,33,96,36.2,-0.5425823330879211,-0.278242858006203
BH_s19_medium,33,97,36.233333333333334,-0.3808247745037079,-0.6179351883741815
BH_s19_medium,33,98,36.266666666666666,-0.30137279629707336,-0.9241007357166435
BH_s19_medium,33,99,36.3,-0.3813919126987457,-1.1817308875744243
BH_s19_medium,33,100,36.333333333333336,-0.6208820939064026,-1.3766725324635505
BH_s19_medium,33,101,36.36666666666667,-0.8350345492362976,-1.4963307415189138
BH_s19_medium,33,102,36.4,-1.0307087898254395,-1.5303928416376156
BH_s19_medium,33,103,36.43333333333333,-1.1377849578857422,-1.4712428354126428
BH_s19_medium,33,104,36.46666666666667,-1.230955958366394,-1.3144966417313313
BH_s19_medium,33,105,36.5,-1.242574691772461,-1.0605812796406788
BH_s19_medium,33,106,36.53333333333333,-1.2856372594833374,-0.7177664569730038
BH_s19_medium,33,107,36.56666666666667,-1.2856372594833374,-0.3055899078056978
BH_s19_medium,33,108,36.6,-1.2903964519500732,0.14381148068738744
BH_s19_medium,33,109,36.63333333333333,-1.3427913188934326,0.5886728815227552
BH_s19_medium,33,110,36.666666666666664,-1.395186185836792,0.9846298961527787
BH_s19_medium,33,111,36.7,-1.4496814012527466,1.293110183951601
BH_s19_medium,33,112,36.733333333333334,-1.0385514497756958,1.488066166083781
BH_s19_medium,33,113,36.766666666666666,0.007990138605237007,1.5591980514540253
BH_s19_medium,33,114,36.8,1.1311471462249756,1.5110613874658714
BH_s19_medium,33,115,36.833333333333336,1.6993448734283447,1.3587284387684269
BH_s19_medium,33,116,36.86666666666667,1.406732201576233,1.1220919208341638
BH_s19_medium,33,117,36.9,0.816669762134552,0.8214187246968057
BH_s19_medium,33,118,36.93333333333333,0.31786420941352844,0.4756328850718058
BH_s19_medium,33,119,36.96666666666667,0.10178907215595245,0.10298090574742276
BH_s19_medium,33,120,37.0,0.02671535313129425,-0.2773903472764903
BH_s19_medium,33,121,37.03333333333333,0.08139671385288239,-0.6443861976342834
BH_s19_medium,33,122,37.06666666666667,0.21818891167640686,-0.9751011607635445
BH_s19_medium,33,123,37.1,0.2749791741371155,-1.2460263402049685
BH_s19_medium,33,124,37.13333333333333,0.14504648745059967,-1.4349766179317083
BH_s19_medium,33,125,37.166666666666664,-0.0896759033203125,-1.523396811584234
BH_s19_medium,33,126,37.2,-0.39262109994888306,-1.4986149813838074
BH_s19_medium,33,127,37.233333333333334,-0.5907765626907349,-1.3557496747180158
BH_s19_medium,33,128,37.266666666666666,-0.6978527903556824,-1.0994678370411417
BH_s19_medium,33,129,37.3,-0.8049290180206299,-0.7457428091790905
BH_s19_medium,33,130,37.333333333333336,-0.9028677940368652,-0.3227388289671741
BH_s19_medium,33,131,37.36666666666667,-0.9575491547584534,0.13076113344073792
BH_s19_medium,33,132,37.4,-0.9575491547584534,0.5701420894615836
BH_s19_medium,33,133,37.43333333333333,-1.0122305154800415,0.9519978819152586
BH_s19_medium,33,134,37.46666666666667,-1.0669032335281372,1.2412483084871349
BH_s19_medium,33,135,37.5,-1.1739795207977295,1.416168365743307
BH_s19_medium,33,136,37.53333333333333,-0.8710944056510925,1.470249909662289
BH_s19_medium,33,137,37.56666666666667,0.12207839637994766,1.4110268771953665
BH_s19_medium,33,138,37.6,1.347730040550232,1.2565699435625013
BH_s19_medium,33,139,37.63333333333333,2.1135239601135254,1.0305646774145791
BH_s19_medium,33,140,37.666666666666664,1.9954735040664673,0.7571894706840905
BH_s19_medium,33,141,37.7,1.4351527690887451,0.4571560365546578
BH_s19_medium,33,142,37.733333333333334,0.8654569387435913,0.14589789046064158
BH_s19_medium,33,143,37.766666666666666,0.47124630212783813,-0.16581856638399145
BH_s19_medium,33,144,37.8,0.30012214183807373,-0.4692975284357606
BH_s19_medium,33,145,37.833333333333336,0.30012214183807373,-0.7544596713541448
BH_s19_medium,33,146,37.86666666666667,0.3820382058620453,-1.0071976483717002
BH_s19_medium,33,147,37.9,0.46416622400283813,-1.209001089836936
BH_s19_medium,33,148,37.93333333333333,0.33214181661605835,-1.339134883580581
BH_s19_medium,33,149,37.96666666666667,0.0953276976943016,-1.378386113222448
BH_s19_medium,33,150,38.0,-0.17350609600543976,-1.3129944010530257
BH_s19_medium,33,151,38.03333333333333,-0.44233986735343933,-1.1378424780084777
BH_s19_medium,33,152,38.06666666666667,-0.5882952809333801,-0.8586944204327238
BH_s19_medium,33,153,38.1,-0.6953715085983276,-0.49358788793707026
BH_s19_medium,33,154,38.13333333333333,-0.7388237118721008,-0.07314178169865446
BH_s19_medium,33,155,38.166666666666664,-0.793505072593689,0.36113429631057975
BH_s19_medium,33,156,38.2,-0.7978746891021729,0.7616763764471735
BH_s19_medium,33,157,38.233333333333334,-0.8502695560455322,1.0829474938451396
BH_s19_medium,33,158,38.266666666666666,-0.9573457837104797,1.2906965976930964
BH_s19_medium,33,159,38.3,-1.0644220113754272,1.368889998740174
BH_s19_medium,33,160,38.333333333333336,-0.6034379005432129,1.3216015773477112
BH_s19_medium,33,161,38.36666666666667,0.4958372414112091,1.169385576482538
BH_s19_medium,33,162,38.4,1.8283703327178955,0.941750839134814
BH_s19_medium,33,163,38.43333333333333,2.409423351287842,0.6686525924479032
BH_s19_medium,33,164,38.46666666666667,2.119537591934204,0.3742036428833302
BH_s19_medium,33,165,38.5,1.4525303840637207,0.07467264840646413
BH_s19_medium,33,166,38.53333333333333,0.8847314715385437,-0.21946260099198805
BH_s19_medium,33,167,38.56666666666667,0.5057300925254822,-0.4995185461834904
BH_s19_medium,33,168,38.6,0.40948486328125,-0.754959914874812
BH_s19_medium,33,169,38.63333333333333,0.4681377410888672,-0.9714352097762416
BH_s19_medium,33,170,38.666666666666664,0.6005688905715942,-1.1308973155132358
BH_s19_medium,33,171,38.7,0.6034569144248962,-1.213730743871718
BH_s19_medium,33,172,38.733333333333334,0.41923239827156067,-1.2025621523516103
BH_s19_medium,33,173,38.766666666666666,0.1503986120223999,-1.0870392850170567
BH_s19_medium,33,174,38.8,-0.11843517422676086,-0.8682602050603473
BH_s19_medium,33,175,38.833333333333336,-0.3325875997543335,-0.5613122209383103
BH_s19_medium,33,176,38.86666666666667,-0.533419132232666,-0.1949567690129701
BH_s19_medium,33,177,38.9,-0.6404953598976135,0.1916684842600171
BH_s19_medium,33,178,38.93333333333333,-0.6928902268409729,0.5549252091998603
BH_s19_medium,33,179,38.96666666666667,-0.7999664545059204,0.854147273826896
BH_s19_medium,33,180,39.0,-0.9070426225662231,1.0588554681244104
BH_s19_medium,33,181,39.03333333333333,-1.0122305154800415,1.1534525515860843
BH_s19_medium,33,182,39.06666666666667,-0.9579472541809082,1.1379399174996017
BH_s19_medium,33,183,39.1,-0.21617193520069122,1.0248212291569905
BH_s19_medium,33,184,39.13333333333333,1.0010361671447754,0.8338404435324007
BH_s19_medium,33,185,39.166666666666664,2.250755786895752,0.5867680223302724
BH_s19_medium,33,186,39.2,2.6514205932617188,0.30392412078455894
BH_s19_medium,33,187,39.233333333333334,2.175590991973877,0.003126666763434016
BH_s19_medium,33,188,39.266666666666666,1.4925695657730103,-0.2990895562832974
BH_s19_medium,33,189,39.3,0.9289541840553284,-0.5848896992974356
BH_s19_medium,33,190,39.333333333333336,0.6655907034873962,-0.832859996677103
BH_s19_medium,33,191,39.36666666666667,0.6072336435317993,-1.0179133654400159
BH_s19_medium,33,192,39.4,0.7457280158996582,-1.1144243382011767
BH_s19_medium,33,193,39.43333333333333,0.8469357490539551,-1.1020701734609963
BH_s19_medium,33,194,39.46666666666667,0.738564133644104,-0.9723702696157993
BH_s19_medium,33,195,39.5,0.4998530447483063,-0.7333376627530437
BH_s19_medium,33,196,39.53333333333333,0.14621517062187195,-0.4102885256684586
BH_s19_medium,33,197,39.56666666666667,-0.12261862307786942,-0.04212931042304891
BH_s19_medium,33,198,39.6,-0.33677104115486145,0.32626205527522023
BH_s19_medium,33,199,39.63333333333333,-0.48082950711250305,0.6535185794720016
BH_s19_medium,33,200,39.666666666666664,-0.5879057049751282,0.9097712960109704
BH_s19_medium,33,201,39.7,-0.6403005719184875,1.0800540986784946
BH_s19_medium,33,202,39.733333333333334,-0.6926954388618469,1.1625483822216556
BH_s19_medium,33,203,39.766666666666666,-0.8060382604598999,1.1638414902304888
BH_s19_medium,33,204,39.8,-0.9535690546035767,1.094144348033346
BH_s19_medium,33,205,39.833333333333336,-0.6689000725746155,0.9642576297508826
BH_s19_medium,33,206,39.86666666666667,0.40296271443367004,0.7843836320420473
BH_s19_medium,33,207,39.9,1.9520528316497803,0.5639462316612259
BH_s19_medium,33,208,39.93333333333333,3.0527100563049316,0.3118276890718145
BH_s19_medium,33,209,39.96666666666667,3.1112289428710938,0.03702500408874683
BH_s19_medium,33,210,40.0,2.5458102226257324,-0.2502481369772486
BH_s19_medium,33,211,40.03333333333333,1.903352975845337,-0.5373581414625009
BH_s19_medium,33,212,40.06666666666667,1.450997233390808,-0.8084956299071759
BH_s19_medium,33,213,40.1,1.1535395383834839,-1.044885656190234
BH_s19_medium,33,214,40.13333333333333,1.0656611919403076,-1.2263315371113546
BH_s19_medium,33,215,40.166666666666664,1.1538524627685547,-1.3341007074792348
BH_s19_medium,33,216,40.2,1.1750239133834839,-1.3545743313258
BH_s19_medium,33,217,40.233333333333334,1.0077874660491943,-1.2825684270474538
BH_s19_medium,33,218,40.266666666666666,0.6309715509414673,-1.1231572823069655
BH_s19_medium,33,219,40.3,0.25734806060791016,-0.8913173790439585
BH_s19_medium,33,220,40.333333333333336,-0.039516713470220566,-0.6095552804624166
BH_s19_medium,33,221,40.36666666666667,-0.28627315163612366,-0.3043610851051158
BH_s19_medium,33,222,40.4,-0.4282398819923401,-0.0024625835921555043
BH_s19_medium,33,223,40.43333333333333,-0.4806347191333771,0.27238060126197927
BH_s19_medium,33,224,40.46666666666667,-0.5330295562744141,0.5015880363553942
BH_s19_medium,33,225,40.5,-0.6401057839393616,0.6728275436041449
BH_s19_medium,33,226,40.53333333333333,-0.793505072593689,0.7801334609489584
BH_s19_medium,33,227,40.56666666666667,-0.5322769284248352,0.8233881071402919
BH_s19_medium,33,228,40.6,0.45869389176368713,0.8073052999245224
BH_s19_medium,33,229,40.63333333333333,1.9600473642349243,0.740014780937138
BH_s19_medium,33,230,40.666666666666664,3.1364636421203613,0.6317011304624987
BH_s19_medium,33,231,40.7,3.2559897899627686,0.49397544509638364
BH_s19_medium,33,232,40.733333333333334,2.6342642307281494,0.34021547973226474
BH_s19_medium,33,233,40.766666666666666,1.9317649602890015,0.18624465143189256
BH_s19_medium,33,234,40.8,1.3788028955459595,0.05010564974860466
BH_s19_medium,33,235,40.833333333333336,1.090101718902588,-0.050112604715550756
BH_s19_medium,33,236,40.86666666666667,0.9562984704971313,-0.10034651791800658
BH_s19_medium,33,237,40.9,0.9941865801811218,-0.09515049797981173
BH_s19_medium,33,238,40.93333333333333,0.9753782153129578,-0.040712879882357056
BH_s19_medium,33,239,40.96666666666667,0.8016718029975891,0.04546017428078573
BH_s19_medium,34,0,34.0,-1.8871322870254517,0.15647312945549205
BH_s19_medium,34,1,34.03333333333333,-1.903908371925354,0.5185588941138829
BH_s19_medium,34,2,34.06666666666667,-1.9563032388687134,0.8535476177697666
BH_s19_medium,34,3,34.1,-2.008697986602783,1.1383384353141688
BH_s19_medium,34,4,34.13333333333333,-2.1058576107025146,1.3539273903390756
BH_s19_medium,34,5,34.166666666666664,-2.1058576107025146,1.4880296719181045
BH_s19_medium,34,6,34.2,-1.7790155410766602,1.5367107052328497
BH_s19_medium,34,7,34.233333333333334,-0.6505149602890015,1.5044720708471673
BH_s19_medium,34,8,34.266666666666666,0.5250118374824524,1.4027280702814087
BH_s19_medium,34,9,34.3,1.1157946586608887,1.2468806196683435
BH_s19_medium,34,10,34.333333333333336,0.8621456623077393,1.0525867198735612
BH_s19_medium,34,11,34.36666666666667,0.3305670917034149,0.8322534938511961
BH_s19_medium,34,12,34.4,-0.05752088502049446,0.5929740730482902
BH_s19_medium,34,13,34.43333333333333,-0.324068158864975,0.3367315000303494
BH_s19_medium,34,14,34.46666666666667,-0.4524683952331543,0.06278237994059133
BH_s19_medium,34,15,34.5,-0.5200982689857483,-0.2287327382803326
BH_s19_medium,34,16,34.53333333333333,-0.48293840885162354,-0.5331991778556272
BH_s19_medium,34,17,34.56666666666667,-0.46541687846183777,-0.8390465754672295
BH_s19_medium,34,18,34.6,-0.5526850819587708,-1.1271645537297144
BH_s19_medium,34,19,34.63333333333333,-0.7447429895401001,-1.3725716565599813
BH_s19_medium,34,20,34.666666666666664,-0.9588953852653503,-1.5480990667703622
BH_s19_medium,34,21,34.7,-1.0926392078399658,-1.629329638862319
BH_s19_medium,34,22,34.733333333333334,-1.2543967962265015,-1.5997734797483438
BH_s19_medium,34,23,34.766666666666666,-1.3067915439605713,-1.4551085228958864
BH_s19_medium,34,24,34.8,-1.3949999809265137,-1.2051800963437327
BH_s19_medium,34,25,34.833333333333336,-1.466262698173523,-0.8726743807239998
BH_s19_medium,34,26,34.86666666666667,-1.5186575651168823,-0.48835458782418495
BH_s19_medium,34,27,34.9,-1.5710524320602417,-0.08449395571759497
BH_s19_medium,34,28,34.93333333333333,-1.6234471797943115,0.3103110880388757
BH_s19_medium,34,29,34.96666666666667,-1.675842046737671,0.6725273689070655
BH_s19_medium,34,30,35.0,-1.7230881452560425,0.9822479296590982
BH_s19_medium,34,31,35.03333333333333,-1.7749072313308716,1.2222206544728351
BH_s19_medium,34,32,35.06666666666667,-1.5003324747085571,1.379033555098557
BH_s19_medium,34,33,35.1,-0.5918871760368347,1.4452828931985782
BH_s19_medium,34,34,35.13333333333333,0.48287224769592285,1.4209199971787911
BH_s19_medium,34,35,35.166666666666664,1.259251594543457,1.3130070634682387
BH_s19_medium,34,36,35.2,1.0999423265457153,1.133879742105851
BH_s19_medium,34,37,35.233333333333334,0.518450140953064,0.898172693372045
BH_s19_medium,34,38,35.266666666666666,0.024607131257653236,0.6198256459924608
BH_s19_medium,34,39,35.3,-0.27051323652267456,0.3105211445890371
BH_s19_medium,34,40,35.333333333333336,-0.4477005898952484,-0.01961557002505386
BH_s19_medium,34,41,35.36666666666667,-0.46541687846183777,-0.3594851252140107
BH_s19_medium,34,42,35.4,-0.37834346294403076,-0.6941693434851293
BH_s19_medium,34,43,35.43333333333333,-0.30137279629707336,-1.0035295060565521
BH_s19_medium,34,44,35.46666666666667,-0.4116922616958618,-1.2632363459327474
BH_s19_medium,34,45,35.5,-0.6258446574211121,-1.448016363443739
BH_s19_medium,34,46,35.53333333333333,-0.8946784734725952,-1.5360109825283546
BH_s19_medium,34,47,35.56666666666667,-1.0878714323043823,-1.5129229046666304
BH_s19_medium,34,48,35.6,-1.194947600364685,-1.3749623475422887
BH_s19_medium,34,49,35.63333333333333,-1.2473424673080444,-1.1300590639769381
BH_s19_medium,34,50,35.666666666666664,-1.2856372594833374,-0.7970752618231807
BH_s19_medium,34,51,35.7,-1.3403186798095703,-0.40307967283454776
BH_s19_medium,34,52,35.733333333333334,-1.3403186798095703,0.02062811968153103
BH_s19_medium,34,53,35.766666666666666,-1.3475590944290161,0.442407974492048
BH_s19_medium,34,54,35.8,-1.3999539613723755,0.832680784241368
BH_s19_medium,34,55,35.833333333333336,-1.5070302486419678,1.1644596275939492
BH_s19_medium,34,56,35.86666666666667,-1.5594251155853271,1.4133522410543942
BH_s19_medium,34,57,35.9,-1.4553979635238647,1.559054871366604
BH_s19_medium,34,58,35.93333333333333,-0.667189359664917,1.58891351388787
BH_s19_medium,34,59,35.96666666666667,0.35117796063423157,1.5019416937946817
BH_s19_medium,34,60,36.0,1.0765173435211182,1.3107528240741655
BH_s19_medium,34,61,36.03333333333333,0.9458233714103699,1.039719727417216
BH_s19_medium,34,62,36.06666666666667,0.38015052676200867,0.7196192867424007
BH_s19_medium,34,63,36.1,-0.1138872429728508,0.3808341620662081
BH_s19_medium,34,64,36.13333333333333,-0.48427608609199524,0.047807237918729956
BH_s19_medium,34,65,36.166666666666664,-0.6294609904289246,-0.2633979936921226
BH_s19_medium,34,66,36.2,-0.5425823330879211,-0.5443122445991088
BH_s19_medium,34,67,36.233333333333334,-0.3808247745037079,-0.7913521889527401
BH_s19_medium,34,68,36.266666666666666,-0.30137279629707336,-1.0027382302164867
BH_s19_medium,34,69,36.3,-0.3813919126987457,-1.1759727062738177
BH_s19_medium,34,70,36.333333333333336,-0.6208820939064026,-1.3061430465247639
BH_s19_medium,34,71,36.36666666666667,-0.8350345492362976,-1.3850489514231987
BH_s19_medium,34,72,36.4,-1.0307087898254395,-1.4012897952448478
BH_s19_medium,34,73,36.43333333333333,-1.1377849578857422,-1.3416147768756372
BH_s19_medium,34,74,36.46666666666667,-1.230955958366394,-1.1937146992706598
BH_s19_medium,34,75,36.5,-1.242574691772461,-0.9503503893303815
BH_s19_medium,34,76,36.53333333333333,-1.2856372594833374,-0.6143490561724075
BH_s19_medium,34,77,36.56666666666667,-1.2856372594833374,-0.20313196572232123
BH_s19_medium,34,78,36.6,-1.2903964519500732,0.249727063059993
BH_s19_medium,34,79,36.63333333333333,-1.3427913188934326,0.6981810543718868
BH_s19_medium,34,80,36.666666666666664,-1.395186185836792,1.0923895809800939
BH_s19_medium,34,81,36.7,-1.4496814012527466,1.3893349215286628
BH_s19_medium,34,82,36.733333333333334,-1.0385514497756958,1.5614681393325363
BH_s19_medium,34,83,36.766666666666666,0.007990138605237007,1.6006334852932569
BH_s19_medium,34,84,36.8,1.1311471462249756,1.5165072947955394
BH_s19_medium,34,85,36.833333333333336,1.6993448734283447,1.3307750461813026
BH_s19_medium,34,86,36.86666666666667,1.406732201576233,1.0696715184918897
BH_s19_medium,34,87,36.9,0.816669762134552,0.7577652608344592
BH_s19_medium,34,88,36.93333333333333,0.31786420941352844,0.41486479183943376
BH_s19_medium,34,89,36.96666666666667,0.10178907215595245,0.056300416647950824
BH_s19_medium,34,90,37.0,0.02671535313129425,-0.30453751493497133
BH_s19_medium,34,91,37.03333333333333,0.08139671385288239,-0.65311960972772
BH_s19_medium,34,92,37.06666666666667,0.21818891167640686,-0.9716445085394937
BH_s19_medium,34,93,37.1,0.2749791741371155,-1.2386775221445745
BH_s19_medium,34,94,37.13333333333333,0.14504648745059967,-1.4307303863696128
BH_s19_medium,34,95,37.166666666666664,-0.0896759033203125,-1.525414583659976
BH_s19_medium,34,96,37.2,-0.39262109994888306,-1.505392816261006
BH_s19_medium,34,97,37.233333333333334,-0.5907765626907349,-1.3622465713106804
BH_s19_medium,34,98,37.266666666666666,-0.6978527903556824,-1.0995954433051018
BH_s19_medium,34,99,37.3,-0.8049290180206299,-0.7349535910066498
BH_s19_medium,34,100,37.333333333333336,-0.9028677940368652,-0.29964871752118294
BH_s19_medium,34,101,37.36666666666667,-0.9575491547584534,0.1639422623428414
BH_s19_medium,34,102,37.4,-0.9575491547584534,0.6080684333195283
BH_s19_medium,34,103,37.43333333333333,-1.0122305154800415,0.9873122700046492
BH_s19_medium,34,104,37.46666666666667,-1.0669032335281372,1.2662980311629504
BH_s19_medium,34,105,37.5,-1.1739795207977295,1.425065517435056
BH_s19_medium,34,106,37.53333333333333,-0.8710944056510925,1.4607145056168083
BH_s19_medium,34,107,37.56666666666667,0.12207839637994766,1.3853279805619374
BH_s19_medium,34,108,37.6,1.347730040550232,1.2211177251010892
BH_s19_medium,34,109,37.63333333333333,2.1135239601135254,0.9941864992528333
BH_s19_medium,34,110,37.666666666666664,1.9954735040664673,0.7285581643924751
BH_s19_medium,34,111,37.7,1.4351527690887451,0.442078211129321
BH_s19_medium,34,112,37.733333333333334,0.8654569387435913,0.14524510519248943
BH_s19_medium,34,113,37.766666666666666,0.47124630212783813,-0.15685527152768783
BH_s19_medium,34,114,37.8,0.30012214183807373,-0.46028360937374213
BH_s19_medium,34,115,37.833333333333336,0.30012214183807373,-0.757212297772297
BH_s19_medium,34,116,37.86666666666667,0.3820382058620453,-1.0321210447436633
BH_s19_medium,34,117,37.9,0.46416622400283813,-1.2610490524444429
BH_s19_medium,34,118,37.93333333333333,0.33214181661605835,-1.4148043109274397
BH_s19_medium,34,119,37.96666666666667,0.0953276976943016,-1.465502783548556
BH_s19_medium,34,120,38.0,-0.17350609600543976,-1.3942523381883816
BH_s19_medium,34,121,38.03333333333333,-0.44233986735343933,-1.1971747427818458
BH_s19_medium,34,122,38.06666666666667,-0.5882952809333801,-0.8877863702276968
BH_s19_medium,34,123,38.1,-0.6953715085983276,-0.4953776623228985
BH_s19_medium,34,124,38.13333333333333,-0.7388237118721008,-0.06037117043147726
BH_s19_medium,34,125,38.166666666666664,-0.793505072593689,0.3719058170506394
BH_s19_medium,34,126,38.2,-0.7978746891021729,0.7579084828941378
BH_s19_medium,34,127,38.233333333333334,-0.8502695560455322,1.0621685548918118
BH_s19_medium,34,128,38.266666666666666,-0.9573457837104797,1.2620861523027382
BH_s19_medium,34,129,38.3,-1.0644220113754272,1.3499802095752547
BH_s19_medium,34,130,38.333333333333336,-0.6034379005432129,1.3318463962697802
BH_s19_medium,34,131,38.36666666666667,0.4958372414112091,1.223359767457262
BH_s19_medium,34,132,38.4,1.8283703327178955,1.0444294854956355
BH_s19_medium,34,133,38.43333333333333,2.409423351287842,0.8139707977701286
BH_s19_medium,34,134,38.46666666666667,2.119537591934204,0.5465831845097098
BH_s19_medium,34,135,38.5,1.4525303840637207,0.25226908918040053
BH_s19_medium,34,136,38.53333333333333,0.8847314715385437,-0.06088338127312561
BH_s19_medium,34,137,38.56666666666667,0.5057300925254822,-0.382442102049274
BH_s19_medium,34,138,38.6,0.40948486328125,-0.6958912256169155
BH_s19_medium,34,139,38.63333333333333,0.4681377410888672,-0.9773008998528575
BH_s19_medium,34,140,38.666666666666664,0.6005688905715942,-1.1973168371706289
BH_s19_medium,34,141,38.7,0.6034569144248962,-1.3260981368300075
BH_s19_medium,34,142,38.733333333333334,0.41923239827156067,-1.3398019773108947
BH_s19_medium,34,143,38.766666666666666,0.1503986120223999,-1.2267985340354068
BH_s19_medium,34,144,38.8,-0.11843517422676086,-0.9920043215592971
BH_s19_medium,34,145,38.833333333333336,-0.3325875997543335,-0.658149321353763
BH_s19_medium,34,146,38.86666666666667,-0.533419132232666,-0.26321352583439256
BH_s19_medium,34,147,38.9,-0.6404953598976135,0.1459274898453907
BH_s19_medium,34,148,38.93333333333333,-0.6928902268409729,0.5222367598085856
BH_s19_medium,34,149,38.96666666666667,-0.7999664545059204,0.8270621886730081
BH_s19_medium,34,150,39.0,-0.9070426225662231,1.0358863983437845
BH_s19_medium,34,151,39.03333333333333,-1.0122305154800415,1.1398238110510055
BH_s19_medium,34,152,39.06666666666667,-0.9579472541809082,1.1431392724471425
BH_s19_medium,34,153,39.1,-0.21617193520069122,1.0584276229552605
BH_s19_medium,34,154,39.13333333333333,1.0010361671447754,0.9014793952996535
BH_s19_medium,34,155,39.166666666666664,2.250755786895752,0.6875037131560945
BH_s19_medium,34,156,39.2,2.6514205932617188,0.4297529417084466
BH_s19_medium,34,157,39.233333333333334,2.175590991973877,0.1407298274050918
BH_s19_medium,34,158,39.266666666666666,1.4925695657730103,-0.16491605844089655
BH_s19_medium,34,159,39.3,0.9289541840553284,-0.46750212719359
BH_s19_medium,34,160,39.333333333333336,0.6655907034873962,-0.7412075111700123
BH_s19_medium,34,161,39.36666666666667,0.6072336435317993,-0.9558840445817263
BH_s19_medium,34,162,39.4,0.7457280158996582,-1.0818728719840178
BH_s19_medium,34,163,39.43333333333333,0.8469357490539551,-1.0967323279908254
BH_s19_medium,34,164,39.46666666666667,0.738564133644104,-0.9918032876437225
BH_s19_medium,34,165,39.5,0.4998530447483063,-0.7762440925220441
BH_s19_medium,34,166,39.53333333333333,0.14621517062187195,-0.47682635150655084
BH_s19_medium,34,167,39.56666666666667,-0.12261862307786942,-0.13313001975846087
BH_s19_medium,34,168,39.6,-0.33677104115486145,0.2106914233826497
BH_s19_medium,34,169,39.63333333333333,-0.48082950711250305,0.5150841228776754
BH_s19_medium,34,170,39.666666666666664,-0.5879057049751282,0.7520994168165127
BH_s19_medium,34,171,39.7,-0.6403005719184875,0.9079339835782674
BH_s19_medium,34,172,39.733333333333334,-0.6926954388618469,0.9809157172580703
BH_s19_medium,34,173,39.766666666666666,-0.8060382604598999,0.976967507510277
BH_s19_medium,34,174,39.8,-0.9535690546035767,0.9051487323923262
BH_s19_medium,34,175,39.833333333333336,-0.6689000725746155,0.7749327373212148
BH_s19_medium,34,176,39.86666666666667,0.40296271443367004,0.5954145900062054
BH_s19_medium,34,177,39.9,1.9520528316497803,0.3756868208436141
BH_s19_medium,34,178,39.93333333333333,3.0527100563049316,0.12562187353172008
BH_s19_medium,34,179,39.96666666666667,3.1112289428710938,-0.14323707958102933
BH_s19_medium,34,180,40.0,2.5458102226257324,-0.41676337832510063
BH_s19_medium,34,181,40.03333333333333,1.903352975845337,-0.6775747393862707
BH_s19_medium,34,182,40.06666666666667,1.450997233390808,-0.9051473498037428
BH_s19_medium,34,183,40.1,1.1535395383834839,-1.0772920205721284
BH_s19_medium,34,184,40.13333333333333,1.0656611919403076,-1.1731450915414336
BH_s19_medium,34,185,40.166666666666664,1.1538524627685547,-1.1770905818978183
BH_s19_medium,34,186,40.2,1.1750239133834839,-1.0823864664534903
BH_s19_medium,34,187,40.233333333333334,1.0077874660491943,-0.8932041110633182
BH_s19_medium,34,188,40.266666666666666,0.6309715509414673,-0.6244435612931221
BH_s19_medium,34,189,40.3,0.25734806060791016,-0.29953505289902177
BH_s19_medium,34,190,40.333333333333336,-0.039516713470220566,0.05306252382483213
BH_s19_medium,34,191,40.36666666666667,-0.28627315163612366,0.4037320148544604
BH_s19_medium,34,192,40.4,-0.4282398819923401,0.7249136307436492
BH_s19_medium,34,193,40.43333333333333,-0.4806347191333771,0.9930169977511434
BH_s19_medium,34,194,40.46666666666667,-0.5330295562744141,1.1892787098786215
BH_s19_medium,34,195,40.5,-0.6401057839393616,1.3003690559146726
BH_s19_medium,34,196,40.53333333333333,-0.793505072593689,1.3191255740536516
BH_s19_medium,34,197,40.56666666666667,-0.5322769284248352,1.24504473240842
BH_s19_medium,34,198,40.6,0.45869389176368713,1.0840155085310024
BH_s19_medium,34,199,40.63333333333333,1.9600473642349243,0.8472662215876064
BH_s19_medium,34,200,40.666666666666664,3.1364636421203613,0.5500803812246708
BH_s19_medium,34,201,40.7,3.2559897899627686,0.21095081332521098
BH_s19_medium,34,202,40.733333333333334,2.6342642307281494,-0.14868620955132006
BH_s19_medium,34,203,40.766666666666666,1.9317649602890015,-0.5046686612242683
BH_s19_medium,34,204,40.8,1.3788028955459595,-0.8310315069530041
BH_s19_medium,34,205,40.833333333333336,1.090101718902588,-1.1020562149744064
BH_s19_medium,34,206,40.86666666666667,0.9562984704971313,-1.295252540439486
BH_s19_medium,34,207,40.9,0.9941865801811218,-1.3945501850732314
BH_s19_medium,34,208,40.93333333333333,0.9753782153129578,-1.3927933315932952
BH_s19_medium,34,209,40.96666666666667,0.8016718029975891,-1.2927558468640399
BH_s19_medium,34,210,41.0,0.44941455125808716,-1.106228524507939
BH_s19_medium,34,211,41.03333333333333,0.04985179007053375,-0.851325698266403
BH_s19_medium,34,212,41.06666666666667,-0.2713768482208252,-0.5489380581491902
BH_s19_medium,34,213,41.1,-0.5137550830841064,-0.2197645748433418
BH_s19_medium,34,214,41.13333333333333,-0.6513435244560242,0.1168757296038401
BH_s19_medium,34,215,41.166666666666664,-0.7584197521209717,0.4422873043975601
BH_s19_medium,34,216,41.2,-0.8654959797859192,0.7368855031883896
BH_s19_medium,34,217,41.233333333333334,-0.9178908467292786,0.9798013096366206
BH_s19_medium,34,218,41.266666666666666,-0.9575491547584534,1.1508399256561577
BH_s19_medium,34,219,41.3,-0.6552233099937439,1.2344826564006357
BH_s19_medium,34,220,41.333333333333336,0.35973039269447327,1.2241941128936995
BH_s19_medium,34,221,41.36666666666667,1.9017246961593628,1.1249633512726407
BH_s19_medium,34,222,41.4,2.986689805984497,0.9529843477507806
BH_s19_medium,34,223,41.43333333333333,2.971684694290161,0.7327046221815677
BH_s19_medium,34,224,41.46666666666667,2.2755284309387207,0.49215894753736783
BH_s19_medium,34,225,41.5,1.5774073600769043,0.25768791501280086
BH_s19_medium,34,226,41.53333333333333,1.033201813697815,0.04927518117140757
BH_s19_medium,34,227,41.56666666666667,0.7532570362091064,-0.12229601052227011
BH_s19_medium,34,228,41.6,0.6828916668891907,-0.2557292631431783
BH_s19_medium,34,229,41.63333333333333,0.7375730276107788,-0.3569737099445283
BH_s19_medium,34,230,41.666666666666664,0.7375730276107788,-0.4352466407153246
BH_s19_medium,34,231,41.7,0.5151302814483643,-0.4986431266507285
BH_s19_medium,34,232,41.733333333333334,0.13922029733657837,-0.5507921605911626
BH_s19_medium,34,233,41.766666666666666,-0.2366897165775299,-0.5896335372724063
BH_s19_medium,34,234,41.8,-0.55791836977005,-0.608566405465364
BH_s19_medium,34,235,41.833333333333336,-0.7673709988594055,-0.5993765457311991
BH_s19_medium,34,236,41.86666666666667,-0.874447226524353,-0.5558636841921883
BH_s19_medium,34,237,41.9,-0.9815234541893005,-0.47695432773502233
BH_s19_medium,34,238,41.93333333333333,-1.0339182615280151,-0.3682115375080359
BH_s19_medium,34,239,41.96666666666667,-1.1215932369232178,-0.241180717761681
BH_s19_medium,35,0,35.0,-1.7230881452560425,0.12093715374737092
BH_s19_medium,35,1,35.03333333333333,-1.7749072313308716,0.3340963690914537
BH_s19_medium,35,2,35.06666666666667,-1.5003324747085571,0.5335806149225626
BH_s19_medium,35,3,35.1,-0.5918871760368347,0.705758473941267
BH_s19_medium,35,4,35.13333333333333,0.48287224769592285,0.8346162074134509
BH_s19_medium,35,5,35.166666666666664,1.259251594543457,0.9066954397775729
BH_s19_medium,35,6,35.2,1.0999423265457153,0.9166812117484918
BH_s19_medium,35,7,35.233333333333334,0.518450140953064,0.8688516213761059
BH_s19_medium,35,8,35.266666666666666,0.024607131257653236,0.7730381264235788
BH_s19_medium,35,9,35.3,-0.27051323652267456,0.6383222920252968
BH_s19_medium,35,10,35.333333333333336,-0.4477005898952484,0.46905078367977393
BH_s19_medium,35,11,35.36666666666667,-0.46541687846183777,0.26558236762913345
BH_s19_medium,35,12,35.4,-0.37834346294403076,0.028784302320486618
BH_s19_medium,35,13,35.43333333333333,-0.30137279629707336,-0.23488540614391734
BH_s19_medium,35,14,35.46666666666667,-0.4116922616958618,-0.5106282620544111
BH_s19_medium,35,15,35.5,-0.6258446574211121,-0.7760150670402662
BH_s19_medium,35,16,35.53333333333333,-0.8946784734725952,-1.0045430553622006
BH_s19_medium,35,17,35.56666666666667,-1.0878714323043823,-1.1704781448929014
BH_s19_medium,35,18,35.6,-1.194947600364685,-1.2533011302033612
BH_s19_medium,35,19,35.63333333333333,-1.2473424673080444,-1.240586335917564
BH_s19_medium,35,20,35.666666666666664,-1.2856372594833374,-1.128960272796977
BH_s19_medium,35,21,35.7,-1.3403186798095703,-0.9235964199188347
BH_s19_medium,35,22,35.733333333333334,-1.3403186798095703,-0.6371884175938698
BH_s19_medium,35,23,35.766666666666666,-1.3475590944290161,-0.28920628626768424
BH_s19_medium,35,24,35.8,-1.3999539613723755,0.09451135365968874
BH_s19_medium,35,25,35.833333333333336,-1.5070302486419678,0.48261674027537643
BH_s19_medium,35,26,35.86666666666667,-1.5594251155853271,0.8406183620907369
BH_s19_medium,35,27,35.9,-1.4553979635238647,1.1351383410748874
BH_s19_medium,35,28,35.93333333333333,-0.667189359664917,1.3391459552524734
BH_s19_medium,35,29,35.96666666666667,0.35117796063423157,1.4363873388746136
BH_s19_medium,35,30,36.0,1.0765173435211182,1.4235485870227265
BH_s19_medium,35,31,36.03333333333333,0.9458233714103699,1.3096284926911916
BH_s19_medium,35,32,36.06666666666667,0.38015052676200867,1.1127449284514332
BH_s19_medium,35,33,36.1,-0.1138872429728508,0.8552012799608912
BH_s19_medium,35,34,36.13333333333333,-0.48427608609199524,0.5583165354877011
BH_s19_medium,35,35,36.166666666666664,-0.6294609904289246,0.23890836367440707
BH_s19_medium,35,36,36.2,-0.5425823330879211,-0.09111653297771871
BH_s19_medium,35,37,36.233333333333334,-0.3808247745037079,-0.4220111351604524
BH_s19_medium,35,38,36.266666666666666,-0.30137279629707336,-0.7420231743295533
BH_s19_medium,35,39,36.3,-0.3813919126987457,-1.034433887955199
BH_s19_medium,35,40,36.333333333333336,-0.6208820939064026,-1.277546152161378
BH_s19_medium,35,41,36.36666666666667,-0.8350345492362976,-1.4475780480241658
BH_s19_medium,35,42,36.4,-1.0307087898254395,-1.5230563017498815
BH_s19_medium,35,43,36.43333333333333,-1.1377849578857422,-1.4889521892740505
BH_s19_medium,35,44,36.46666666666667,-1.230955958366394,-1.3393744126536902
BH_s19_medium,35,45,36.5,-1.242574691772461,-1.0787150102355147
BH_s19_medium,35,46,36.53333333333333,-1.2856372594833374,-0.7220102164553405
BH_s19_medium,35,47,36.56666666666667,-1.2856372594833374,-0.29501497549851285
BH_s19_medium,35,48,36.6,-1.2903964519500732,0.16682139229967824
BH_s19_medium,35,49,36.63333333333333,-1.3427913188934326,0.6218001369347681
BH_s19_medium,35,50,36.666666666666664,-1.395186185836792,1.0276979577916352
BH_s19_medium,35,51,36.7,-1.4496814012527466,1.3478818704550461
BH_s19_medium,35,52,36.733333333333334,-1.0385514497756958,1.5558473537899127
BH_s19_medium,35,53,36.766666666666666,0.007990138605237007,1.637344639021774
BH_s19_medium,35,54,36.8,1.1311471462249756,1.5902536227828465
BH_s19_medium,35,55,36.833333333333336,1.6993448734283447,1.4228783597983954
BH_s19_medium,35,56,36.86666666666667,1.406732201576233,1.1515432094630764
BH_s19_medium,35,57,36.9,0.816669762134552,0.7983113470918923
BH_s19_medium,35,58,36.93333333333333,0.31786420941352844,0.38929040478717625
BH_s19_medium,35,59,36.96666666666667,0.10178907215595245,-0.04656352146414784
BH_s19_medium,35,60,37.0,0.02671535313129425,-0.4787010418306726
BH_s19_medium,35,61,37.03333333333333,0.08139671385288239,-0.8767767465942176
BH_s19_medium,35,62,37.06666666666667,0.21818891167640686,-1.2128109751252076
BH_s19_medium,35,63,37.1,0.2749791741371155,-1.463095167650923
BH_s19_medium,35,64,37.13333333333333,0.14504648745059967,-1.609553620498565
BH_s19_medium,35,65,37.166666666666664,-0.0896759033203125,-1.6407178105655598
BH_s19_medium,35,66,37.2,-0.39262109994888306,-1.5523579190344121
BH_s19_medium,35,67,37.233333333333334,-0.5907765626907349,-1.3477035887893611
BH_s19_medium,35,68,37.266666666666666,-0.6978527903556824,-1.0375797609753745
BH_s19_medium,35,69,37.3,-0.8049290180206299,-0.6409045255047028
BH_s19_medium,35,70,37.333333333333336,-0.9028677940368652,-0.18521155291262778
BH_s19_medium,35,71,37.36666666666667,-0.9575491547584534,0.29393178658062336
BH_s19_medium,35,72,37.4,-0.9575491547584534,0.7555065530940379
BH_s19_medium,35,73,37.43333333333333,-1.0122305154800415,1.157567744318307
BH_s19_medium,35,74,37.46666666666667,-1.0669032335281372,1.4628200471322068
BH_s19_medium,35,75,37.5,-1.1739795207977295,1.6439904310825537
BH_s19_medium,35,76,37.53333333333333,-0.8710944056510925,1.6878164942557172
BH_s19_medium,35,77,37.56666666666667,0.12207839637994766,1.596761393615973
BH_s19_medium,35,78,37.6,1.347730040550232,1.3879317289500195
BH_s19_medium,35,79,37.63333333333333,2.1135239601135254,1.089206732260235
BH_s19_medium,35,80,37.666666666666664,1.9954735040664673,0.7333606612557809
BH_s19_medium,35,81,37.7,1.4351527690887451,0.35176591077459485
BH_s19_medium,35,82,37.733333333333334,0.8654569387435913,-0.030312644702324393
BH_s19_medium,35,83,37.766666666666666,0.47124630212783813,-0.39521178406525953
BH_s19_medium,35,84,37.8,0.30012214183807373,-0.7308265993122415
BH_s19_medium,35,85,37.833333333333336,0.30012214183807373,-1.026383829294012
BH_s19_medium,35,86,37.86666666666667,0.3820382058620453,-1.2685640816466022
BH_s19_medium,35,87,37.9,0.46416622400283813,-1.4403179703845241
BH_s19_medium,35,88,37.93333333333333,0.33214181661605835,-1.5230822988699033
BH_s19_medium,35,89,37.96666666666667,0.0953276976943016,-1.5011947820249554
BH_s19_medium,35,90,38.0,-0.17350609600543976,-1.3664332064608982
BH_s19_medium,35,91,38.03333333333333,-0.44233986735343933,-1.1210101529896552
BH_s19_medium,35,92,38.06666666666667,-0.5882952809333801,-0.778479590502355
BH_s19_medium,35,93,38.1,-0.6953715085983276,-0.36304143003000894
BH_s19_medium,35,94,38.13333333333333,-0.7388237118721008,0.0919738777358039
BH_s19_medium,35,95,38.166666666666664,-0.793505072593689,0.5462104500110485
BH_s19_medium,35,96,38.2,-0.7978746891021729,0.9556171222594502
BH_s19_medium,35,97,38.233333333333334,-0.8502695560455322,1.2777640105229673
BH_s19_medium,35,98,38.266666666666666,-0.9573457837104797,1.4787838276812144
BH_s19_medium,35,99,38.3,-1.0644220113754272,1.5400912725575875
BH_s19_medium,35,100,38.333333333333336,-0.6034379005432129,1.4623948872571706
BH_s19_medium,35,101,38.36666666666667,0.4958372414112091,1.265040428916562
BH_s19_medium,35,102,38.4,1.8283703327178955,0.9802133736421205
BH_s19_medium,35,103,38.43333333333333,2.409423351287842,0.6437792264877304
BH_s19_medium,35,104,38.46666666666667,2.119537591934204,0.28666641801729276
BH_s19_medium,35,105,38.5,1.4525303840637207,-0.06927664925306326
BH_s19_medium,35,106,38.53333333333333,0.8847314715385437,-0.4098429278003612
BH_s19_medium,35,107,38.56666666666667,0.5057300925254822,-0.7236458929433701
BH_s19_medium,35,108,38.6,0.40948486328125,-0.9972849113164441
BH_s19_medium,35,109,38.63333333333333,0.4681377410888672,-1.212967248210219
BH_s19_medium,35,110,38.666666666666664,0.6005688905715942,-1.349480721410976
BH_s19_medium,35,111,38.7,0.6034569144248962,-1.3860161901351173
BH_s19_medium,35,112,38.733333333333334,0.41923239827156067,-1.3074594730131626
BH_s19_medium,35,113,38.766666666666666,0.1503986120223999,-1.1094811669288165
BH_s19_medium,35,114,38.8,-0.11843517422676086,-0.8019468849053114
BH_s19_medium,35,115,38.833333333333336,-0.3325875997543335,-0.4096796278356195
BH_s19_medium,35,116,38.86666666666667,-0.533419132232666,0.029743127516476738
BH_s19_medium,35,117,38.9,-0.6404953598976135,0.4708342794719111
BH_s19_medium,35,118,38.93333333333333,-0.6928902268409729,0.8668149460763627
BH_s19_medium,35,119,38.96666666666667,-0.7999664545059204,1.1766949912605071
BH_s19_medium,35,120,39.0,-0.9070426225662231,1.371251862321649
BH_s19_medium,35,121,39.03333333333333,-1.0122305154800415,1.4365285519681557
BH_s19_medium,35,122,39.06666666666667,-0.9579472541809082,1.3741842446785966
BH_s19_medium,35,123,39.1,-0.21617193520069122,1.1988964994384825
BH_s19_medium,35,124,39.13333333333333,1.0010361671447754,0.9336782257063798
BH_s19_medium,35,125,39.166666666666664,2.250755786895752,0.6045581246286427
BH_s19_medium,35,126,39.2,2.6514205932617188,0.23654218152331152
BH_s19_medium,35,127,39.233333333333334,2.175590991973877,-0.1476086810662569
BH_s19_medium,35,128,39.266666666666666,1.4925695657730103,-0.5258115372332913
BH_s19_medium,35,129,39.3,0.9289541840553284,-0.8740082566574275
BH_s19_medium,35,130,39.333333333333336,0.6655907034873962,-1.1646852918855484
BH_s19_medium,35,131,39.36666666666667,0.6072336435317993,-1.3681548717877177
BH_s19_medium,35,132,39.4,0.7457280158996582,-1.456879396489432
BH_s19_medium,35,133,39.43333333333333,0.8469357490539551,-1.4117992133320971
BH_s19_medium,35,134,39.46666666666667,0.738564133644104,-1.2287228124711325
BH_s19_medium,35,135,39.5,0.4998530447483063,-0.9224923820422398
BH_s19_medium,35,136,39.53333333333333,0.14621517062187195,-0.5269095255376711
BH_s19_medium,35,137,39.56666666666667,-0.12261862307786942,-0.08948728634551648
BH_s19_medium,35,138,39.6,-0.33677104115486145,0.3380583213809117
BH_s19_medium,35,139,39.63333333333333,-0.48082950711250305,0.7106622380517031
BH_s19_medium,35,140,39.666666666666664,-0.5879057049751282,0.9980931330650487
BH_s19_medium,35,141,39.7,-0.6403005719184875,1.1873983448402932
BH_s19_medium,35,142,39.733333333333334,-0.6926954388618469,1.2795164309745997
BH_s19_medium,35,143,39.766666666666666,-0.8060382604598999,1.2828650948320968
BH_s19_medium,35,144,39.8,-0.9535690546035767,1.2074764575782935
BH_s19_medium,35,145,39.833333333333336,-0.6689000725746155,1.0619128684730212
BH_s19_medium,35,146,39.86666666666667,0.40296271443367004,0.8531242503352036
BH_s19_medium,35,147,39.9,1.9520528316497803,0.5880630902130054
BH_s19_medium,35,148,39.93333333333333,3.0527100563049316,0.2758729329513958
BH_s19_medium,35,149,39.96666666666667,3.1112289428710938,-0.06997638870355594
BH_s19_medium,35,150,40.0,2.5458102226257324,-0.4300894021133759
BH_s19_medium,35,151,40.03333333333333,1.903352975845337,-0.7787326451691653
BH_s19_medium,35,152,40.06666666666667,1.450997233390808,-1.0852027288039052
BH_s19_medium,35,153,40.1,1.1535395383834839,-1.3171426823970684
BH_s19_medium,35,154,40.13333333333333,1.0656611919403076,-1.4453496104538517
BH_s19_medium,35,155,40.166666666666664,1.1538524627685547,-1.4490599782384541
BH_s19_medium,35,156,40.2,1.1750239133834839,-1.3204470131798285
BH_s19_medium,35,157,40.233333333333334,1.0077874660491943,-1.0672004529024237
BH_s19_medium,35,158,40.266666666666666,0.6309715509414673,-0.7125064419470353
BH_s19_medium,35,159,40.3,0.25734806060791016,-0.2923032915843609
BH_s19_medium,35,160,40.333333333333336,-0.039516713470220566,0.14979354776149448
BH_s19_medium,35,161,40.36666666666667,-0.28627315163612366,0.5689916707917435
BH_s19_medium,35,162,40.4,-0.4282398819923401,0.9258677888715997
BH_s19_medium,35,163,40.43333333333333,-0.4806347191333771,1.1914613876292184
BH_s19_medium,35,164,40.46666666666667,-0.5330295562744141,1.3498630091787724
BH_s19_medium,35,165,40.5,-0.6401057839393616,1.3979805332728175
BH_s19_medium,35,166,40.53333333333333,-0.793505072593689,1.3428478649863336
BH_s19_medium,35,167,40.56666666666667,-0.5322769284248352,1.1974597686935378
BH_s19_medium,35,168,40.6,0.45869389176368713,0.9766468071766434
BH_s19_medium,35,169,40.63333333333333,1.9600473642349243,0.6945549842817644
BH_s19_medium,35,170,40.666666666666664,3.1364636421203613,0.36458128565798037
BH_s19_medium,35,171,40.7,3.2559897899627686,0.0014300685195533956
BH_s19_medium,35,172,40.733333333333334,2.6342642307281494,-0.37610678234012235
BH_s19_medium,35,173,40.766666666666666,1.9317649602890015,-0.7434568128940037
BH_s19_medium,35,174,40.8,1.3788028955459595,-1.0710012529777713
BH_s19_medium,35,175,40.833333333333336,1.090101718902588,-1.3274082056696779
BH_s19_medium,35,176,40.86666666666667,0.9562984704971313,-1.4844711932946835
BH_s19_medium,35,177,40.9,0.9941865801811218,-1.521862773026606
BH_s19_medium,35,178,40.93333333333333,0.9753782153129578,-1.4307710624052212
BH_s19_medium,35,179,40.96666666666667,0.8016718029975891,-1.2160864764845196
BH_s19_medium,35,180,41.0,0.44941455125808716,-0.896816369508674
BH_s19_medium,35,181,41.03333333333333,0.04985179007053375,-0.5041978827563423
BH_s19_medium,35,182,41.06666666666667,-0.2713768482208252,-0.0773598333053562
BH_s19_medium,35,183,41.1,-0.5137550830841064,0.3426310376189817
BH_s19_medium,35,184,41.13333333333333,-0.6513435244560242,0.7185678036026272
BH_s19_medium,35,185,41.166666666666664,-0.7584197521209717,1.0209920015555451
BH_s19_medium,35,186,41.2,-0.8654959797859192,1.2296492434330484
BH_s19_medium,35,187,41.233333333333334,-0.9178908467292786,1.3333637322991807
BH_s19_medium,35,188,41.266666666666666,-0.9575491547584534,1.3295495643577495
BH_s19_medium,35,189,41.3,-0.6552233099937439,1.2239400945597616
BH_s19_medium,35,190,41.333333333333336,0.35973039269447327,1.0302370979602513
BH_s19_medium,35,191,41.36666666666667,1.9017246961593628,0.7690682567902414
BH_s19_medium,35,192,41.4,2.986689805984497,0.4661266023437264
BH_s19_medium,35,193,41.43333333333333,2.971684694290161,0.149923028481915
BH_s19_medium,35,194,41.46666666666667,2.2755284309387207,-0.15049331395596524
BH_s19_medium,35,195,41.5,1.5774073600769043,-0.40792878500082524
BH_s19_medium,35,196,41.53333333333333,1.033201813697815,-0.599822007565477
BH_s19_medium,35,197,41.56666666666667,0.7532570362091064,-0.7114422783764587
BH_s19_medium,35,198,41.6,0.6828916668891907,-0.7390123843055774
BH_s19_medium,35,199,41.63333333333333,0.7375730276107788,-0.691535973011628
BH_s19_medium,35,200,41.666666666666664,0.7375730276107788,-0.5896342570455801
BH_s19_medium,35,201,41.7,0.5151302814483643,-0.46037367953565456
BH_s19_medium,35,202,41.733333333333334,0.13922029733657837,-0.32913388388678827
BH_s19_medium,35,203,41.766666666666666,-0.2366897165775299,-0.2116859341129037
BH_s19_medium,35,204,41.8,-0.55791836977005,-0.11019875712258365
BH_s19_medium,35,205,41.833333333333336,-0.7673709988594055,-0.015396219622795498
BH_s19_medium,35,206,41.86666666666667,-0.874447226524353,0.08577211255871324
BH_s19_medium,35,207,41.9,-0.9815234541893005,0.2003616196142749
BH_s19_medium,35,208,41.93333333333333,-1.0339182615280151,0.3222275373752014
BH_s19_medium,35,209,41.96666666666667,-1.1215932369232178,0.43108602083556563
BH_s19_medium,35,210,42.0,-1.159159779548645,0.49869921119906646
BH_s19_medium,35,211,42.03333333333333,-0.7842415571212769,0.49959534492291213
BH_s19_medium,35,212,42.06666666666667,0.24443978071212769,0.4213873757586146
BH_s19_medium,35,213,42.1,1.6603461503982544,0.269938409303002
BH_s19_medium,35,214,42.13333333333333,2.432695150375366,0.06743041708415289
BH_s19_medium,35,215,42.166666666666664,2.1798763275146484,-0.15507319977445944
BH_s19_medium,35,216,42.2,1.4793418645858765,-0.36685454196476147
BH_s19_medium,35,217,42.233333333333334,0.7867081761360168,-0.5447005233300274
BH_s19_medium,35,218,42.266666666666666,0.3583352863788605,-0.6755288563525801
BH_s19_medium,35,219,42.3,0.1395418345928192,-0.7543029407931551
BH_s19_medium,35,220,42.333333333333336,0.13032780587673187,-0.7793646530824466
BH_s19_medium,35,221,42.36666666666667,0.2374040186405182,-0.7484826557922916
BH_s19_medium,35,222,42.4,0.2010827213525772,-0.6582582020780041
BH_s19_medium,35,223,42.43333333333333,-0.04481799900531769,-0.5074620199128405
BH_s19_medium,35,224,42.46666666666667,-0.4058317244052887,-0.30248302196600074
BH_s19_medium,35,225,42.5,-0.796638011932373,-0.06149503816810718
BH_s19_medium,35,226,42.53333333333333,-1.0279732942581177,0.18593873312710715
BH_s19_medium,35,227,42.56666666666667,-1.154518723487854,0.4049808576599519
BH_s19_medium,35,228,42.6,-1.2615950107574463,0.565207607654059
BH_s19_medium,35,229,42.63333333333333,-1.3403186798095703,0.6494295592147681
BH_s19_medium,35,230,42.666666666666664,-1.4210660457611084,0.6576405466324039
BH_s19_medium,35,231,42.7,-1.4734609127044678,0.6048003222236026
BH_s19_medium,35,232,42.733333333333334,-1.5375510454177856,0.5142948551191799
BH_s19_medium,35,233,42.766666666666666,-1.0773038864135742,0.4105191669903703
BH_s19_medium,35,234,42.8,0.0657113641500473,0.3133111309103743
BH_s19_medium,35,235,42.833333333333336,1.3760403394699097,0.23518381458287282
BH_s19_medium,35,236,42.86666666666667,2.104607105255127,0.1810524978013435
BH_s19_medium,35,237,42.9,1.8355791568756104,0.14961531649753135
BH_s19_medium,35,238,42.93333333333333,1.1908353567123413,0.13534011421486944
BH_s19_medium,35,239,42.96666666666667,0.6554542779922485,0.13025062621158767
BH_s19_medium,36,0,36.0,1.0765173435211182,-0.07393836940377671
BH_s19_medium,36,1,36.03333333333333,0.9458233714103699,0.20324094944962506
BH_s19_medium,36,2,36.06666666666667,0.38015052676200867,0.4288367891370735
BH_s19_medium,36,3,36.1,-0.1138872429728508,0.5615524093632749
BH_s19_medium,36,4,36.13333333333333,-0.48427608609199524,0.5784033538218651
BH_s19_medium,36,5,36.166666666666664,-0.6294609904289246,0.47777192026561394
BH_s19_medium,36,6,36.2,-0.5425823330879211,0.2769153938260647
BH_s19_medium,36,7,36.233333333333334,-0.3808247745037079,0.005526893712480307
BH_s19_medium,36,8,36.266666666666666,-0.30137279629707336,-0.3017740590754403
BH_s19_medium,36,9,36.3,-0.3813919126987457,-0.6114102430409618
BH_s19_medium,36,10,36.333333333333336,-0.6208820939064026,-0.893962678456444
BH_s19_medium,36,11,36.36666666666667,-0.8350345492362976,-1.1246228560696248
BH_s19_medium,36,12,36.4,-1.0307087898254395,-1.2821914564019632
BH_s19_medium,36,13,36.43333333333333,-1.1377849578857422,-1.3482027547673396
BH_s19_medium,36,14,36.46666666666667,-1.230955958366394,-1.3075492884290705
BH_s19_medium,36,15,36.5,-1.242574691772461,-1.1512120541252355
BH_s19_medium,36,16,36.53333333333333,-1.2856372594833374,-0.8804869303523153
BH_s19_medium,36,17,36.56666666666667,-1.2856372594833374,-0.5108532592191993
BH_s19_medium,36,18,36.6,-1.2903964519500732,-0.07304257741542575
BH_s19_medium,36,19,36.63333333333333,-1.3427913188934326,0.3902748759616542
BH_s19_medium,36,20,36.666666666666664,-1.395186185836792,0.8315526607098993
BH_s19_medium,36,21,36.7,-1.4496814012527466,1.2066274674203108
BH_s19_medium,36,22,36.733333333333334,-1.0385514497756958,1.481458950588479
BH_s19_medium,36,23,36.766666666666666,0.007990138605237007,1.6358014837259343
BH_s19_medium,36,24,36.8,1.1311471462249756,1.6635853609923532
BH_s19_medium,36,25,36.833333333333336,1.6993448734283447,1.5707225228391744
BH_s19_medium,36,26,36.86666666666667,1.406732201576233,1.371543691049651
BH_s19_medium,36,27,36.9,0.816669762134552,1.085193687834179
BH_s19_medium,36,28,36.93333333333333,0.31786420941352844,0.7330989637452686
BH_s19_medium,36,29,36.96666666666667,0.10178907215595245,0.3379772212056691
BH_s19_medium,36,30,37.0,0.02671535313129425,-0.07607330008676359
BH_s19_medium,36,31,37.03333333333333,0.08139671385288239,-0.4834008581612881
BH_s19_medium,36,32,37.06666666666667,0.21818891167640686,-0.857252291841572
BH_s19_medium,36,33,37.1,0.2749791741371155,-1.1710044177552807
BH_s19_medium,36,34,37.13333333333333,0.14504648745059967,-1.4001169852292594
BH_s19_medium,36,35,37.166666666666664,-0.0896759033203125,-1.5246265009182476
BH_s19_medium,36,36,37.2,-0.39262109994888306,-1.5316544101447098
BH_s19_medium,36,37,37.233333333333334,-0.5907765626907349,-1.4172892405687403
BH_s19_medium,36,38,37.266666666666666,-0.6978527903556824,-1.1876445384599168
BH_s19_medium,36,39,37.3,-0.8049290180206299,-0.8592310863266132
BH_s19_medium,36,40,37.333333333333336,-0.9028677940368652,-0.4584750223049425
BH_s19_medium,36,41,37.36666666666667,-0.9575491547584534,-0.01990224346701169
BH_s19_medium,36,42,37.4,-0.9575491547584534,0.41712848531022334
BH_s19_medium,36,43,37.43333333333333,-1.0122305154800415,0.8126691850937194
BH_s19_medium,36,44,37.46666666666667,-1.0669032335281372,1.130754291095141
BH_s19_medium,36,45,37.5,-1.1739795207977295,1.343746457274407
BH_s19_medium,36,46,37.53333333333333,-0.8710944056510925,1.4358698251523072
BH_s19_medium,36,47,37.56666666666667,0.12207839637994766,1.4051852984200197
BH_s19_medium,36,48,37.6,1.347730040550232,1.263255746399844
BH_s19_medium,36,49,37.63333333333333,2.1135239601135254,1.0321879254920017
BH_s19_medium,36,50,37.666666666666664,1.9954735040664673,0.7396204125676747
BH_s19_medium,36,51,37.7,1.4351527690887451,0.4130522902896376
BH_s19_medium,36,52,37.733333333333334,0.8654569387435913,0.07520134419385592
BH_s19_medium,36,53,37.766666666666666,0.47124630212783813,-0.25808458060443296
BH_s19_medium,36,54,37.8,0.30012214183807373,-0.5763865079407103
BH_s19_medium,36,55,37.833333333333336,0.30012214183807373,-0.8701024965412061
BH_s19_medium,36,56,37.86666666666667,0.3820382058620453,-1.1249979283022702
BH_s19_medium,36,57,37.9,0.46416622400283813,-1.3193256783199319
BH_s19_medium,36,58,37.93333333333333,0.33214181661605835,-1.425852458222305
BH_s19_medium,36,59,37.96666666666667,0.0953276976943016,-1.4185799281223879
BH_s19_medium,36,60,38.0,-0.17350609600543976,-1.281536355390513
BH_s19_medium,36,61,38.03333333333333,-0.44233986735343933,-1.0159759037460454
BH_s19_medium,36,62,38.06666666666667,-0.5882952809333801,-0.6430860364699053
BH_s19_medium,36,63,38.1,-0.6953715085983276,-0.20132187378853159
BH_s19_medium,36,64,38.13333333333333,-0.7388237118721008,0.26036271898496904
BH_s19_medium,36,65,38.166666666666664,-0.793505072593689,0.6909701289918565
BH_s19_medium,36,66,38.2,-0.7978746891021729,1.045444179640054
BH_s19_medium,36,67,38.233333333333334,-0.8502695560455322,1.2909069350445999
BH_s19_medium,36,68,38.266666666666666,-0.9573457837104797,1.4104225452044261
BH_s19_medium,36,69,38.3,-1.0644220113754272,1.4037618790285207
BH_s19_medium,36,70,38.333333333333336,-0.6034379005432129,1.284952319087798
BH_s19_medium,36,71,38.36666666666667,0.4958372414112091,1.077147884105575
BH_s19_medium,36,72,38.4,1.8283703327178955,0.8063975822695939
BH_s19_medium,36,73,38.43333333333333,2.409423351287842,0.4964699425385266
BH_s19_medium,36,74,38.46666666666667,2.119537591934204,0.16640228941123844
BH_s19_medium,36,75,38.5,1.4525303840637207,-0.16884276832864967
BH_s19_medium,36,76,38.53333333333333,0.8847314715385437,-0.4955795074796033
BH_s19_medium,36,77,38.56666666666667,0.5057300925254822,-0.7982119699489525
BH_s19_medium,36,78,38.6,0.40948486328125,-1.0573654347804402
BH_s19_medium,36,79,38.63333333333333,0.4681377410888672,-1.250377097008408
BH_s19_medium,36,80,38.666666666666664,0.6005688905715942,-1.3542838426130344
BH_s19_medium,36,81,38.7,0.6034569144248962,-1.3505561396683836
BH_s19_medium,36,82,38.733333333333334,0.41923239827156067,-1.2301400848414785
BH_s19_medium,36,83,38.766666666666666,0.1503986120223999,-0.9971196982681018
BH_s19_medium,36,84,38.8,-0.11843517422676086,-0.6696767474327777
BH_s19_medium,36,85,38.833333333333336,-0.3325875997543335,-0.2780004446730583
BH_s19_medium,36,86,38.86666666666667,-0.533419132232666,0.13999827285362648
BH_s19_medium,36,87,38.9,-0.6404953598976135,0.5437067271586017
BH_s19_medium,36,88,38.93333333333333,-0.6928902268409729,0.89451666542146
BH_s19_medium,36,89,38.96666666666667,-0.7999664545059204,1.1599310165070778
BH_s19_medium,36,90,39.0,-0.9070426225662231,1.3170459118908564
BH_s19_medium,36,91,39.03333333333333,-1.0122305154800415,1.3550738674188902
BH_s19_medium,36,92,39.06666666666667,-0.9579472541809082,1.2761844488443894
BH_s19_medium,36,93,39.1,-0.21617193520069122,1.0940447841275287
BH_s19_medium,36,94,39.13333333333333,1.0010361671447754,0.8302445692543259
BH_s19_medium,36,95,39.166666666666664,2.250755786895752,0.5097938514935934
BH_s19_medium,36,96,39.2,2.6514205932617188,0.15738231854789728
BH_s19_medium,36,97,39.233333333333334,2.175590991973877,-0.20425080857758474
BH_s19_medium,36,98,39.266666666666666,1.4925695657730103,-0.5535533271438806
BH_s19_medium,36,99,39.3,0.9289541840553284,-0.868009851120511
BH_s19_medium,36,100,39.333333333333336,0.6655907034873962,-1.1224786378188076
BH_s19_medium,36,101,39.36666666666667,0.6072336435317993,-1.2898405646535074
BH_s19_medium,36,102,39.4,0.7457280158996582,-1.3447547162013644
BH_s19_medium,36,103,39.43333333333333,0.8469357490539551,-1.2698116912167845
BH_s19_medium,36,104,39.46666666666667,0.738564133644104,-1.06209986852884
BH_s19_medium,36,105,39.5,0.4998530447483063,-0.7376079626091435
BH_s19_medium,36,106,39.53333333333333,0.14621517062187195,-0.33122491344199045
BH_s19_medium,36,107,39.56666666666667,-0.12261862307786942,0.10853551063803225
BH_s19_medium,36,108,39.6,-0.33677104115486145,0.5288972712232668
BH_s19_medium,36,109,39.63333333333333,-0.48082950711250305,0.8832691256505866
BH_s19_medium,36,110,39.666666666666664,-0.5879057049751282,1.1392038297008946
BH_s19_medium,36,111,39.7,-0.6403005719184875,1.2814175496177982
BH_s19_medium,36,112,39.733333333333334,-0.6926954388618469,1.309784275883466
BH_s19_medium,36,113,39.766666666666666,-0.8060382604598999,1.2344430922947192
BH_s19_medium,36,114,39.8,-0.9535690546035767,1.0709026236498504
BH_s19_medium,36,115,39.833333333333336,-0.6689000725746155,0.8370071101700072
BH_s19_medium,36,116,39.86666666666667,0.40296271443367004,0.5516921479474235
BH_s19_medium,36,117,39.9,1.9520528316497803,0.2342821065753484
BH_s19_medium,36,118,39.93333333333333,3.0527100563049316,-0.09640751874375625
BH_s19_medium,36,119,39.96666666666667,3.1112289428710938,-0.422781434120765
BH_s19_medium,36,120,40.0,2.5458102226257324,-0.7283274212734263
BH_s19_medium,36,121,40.03333333333333,1.903352975845337,-0.9965622935053912
BH_s19_medium,36,122,40.06666666666667,1.450997233390808,-1.209749704606668
BH_s19_medium,36,123,40.1,1.1535395383834839,-1.3485032365408567
BH_s19_medium,36,124,40.13333333333333,1.0656611919403076,-1.3932615654291223
BH_s19_medium,36,125,40.166666666666664,1.1538524627685547,-1.3279562986872189
BH_s19_medium,36,126,40.2,1.1750239133834839,-1.1451948713618896
BH_s19_medium,36,127,40.233333333333334,1.0077874660491943,-0.8512754343219253
BH_s19_medium,36,128,40.266666666666666,0.6309715509414673,-0.46880662053764927
BH_s19_medium,36,129,40.3,0.25734806060791016,-0.03518224827943406
BH_s19_medium,36,130,40.333333333333336,-0.039516713470220566,0.40325332338864384
BH_s19_medium,36,131,40.36666666666667,-0.28627315163612366,0.7996336363431032
BH_s19_medium,36,132,40.4,-0.4282398819923401,1.1147928041104396
BH_s19_medium,36,133,40.43333333333333,-0.4806347191333771,1.322818652041703
BH_s19_medium,36,134,40.46666666666667,-0.5330295562744141,1.4129756384927388
BH_s19_medium,36,135,40.5,-0.6401057839393616,1.3884716343077899
BH_s19_medium,36,136,40.53333333333333,-0.793505072593689,1.2630052416014241
BH_s19_medium,36,137,40.56666666666667,-0.5322769284248352,1.0560887893419695
BH_s19_medium,36,138,40.6,0.45869389176368713,0.7884962155792926
BH_s19_medium,36,139,40.63333333333333,1.9600473642349243,0.4793019955171377
BH_s19_medium,36,140,40.666666666666664,3.1364636421203613,0.145226013955102
BH_s19_medium,36,141,40.7,3.2559897899627686,-0.1981320341957352
BH_s19_medium,36,142,40.733333333333334,2.6342642307281494,-0.5342891070233918
BH_s19_medium,36,143,40.766666666666666,1.9317649602890015,-0.844302657607293
BH_s19_medium,36,144,40.8,1.3788028955459595,-1.1064694875603651
BH_s19_medium,36,145,40.833333333333336,1.090101718902588,-1.297631669045552
BH_s19_medium,36,146,40.86666666666667,0.9562984704971313,-1.395945458953582
BH_s19_medium,36,147,40.9,0.9941865801811218,-1.3846273398804405
BH_s19_medium,36,148,40.93333333333333,0.9753782153129578,-1.2559495658703839
BH_s19_medium,36,149,40.96666666666667,0.8016718029975891,-1.0144878961406083
BH_s19_medium,36,150,41.0,0.44941455125808716,-0.6784181968591279
BH_s19_medium,36,151,41.03333333333333,0.04985179007053375,-0.2780230787895111
BH_s19_medium,36,152,41.06666666666667,-0.2713768482208252,0.14832227915557764
BH_s19_medium,36,153,41.1,-0.5137550830841064,0.5593620787565883
BH_s19_medium,36,154,41.13333333333333,-0.6513435244560242,0.915898690183391
BH_s19_medium,36,155,41.166666666666664,-0.7584197521209717,1.184699414330376
BH_s19_medium,36,156,41.2,-0.8654959797859192,1.341498822538188
BH_s19_medium,36,157,41.233333333333334,-0.9178908467292786,1.3734609921254817
BH_s19_medium,36,158,41.266666666666666,-0.9575491547584534,1.2808412554521964
BH_s19_medium,36,159,41.3,-0.6552233099937439,1.0769941957425548
BH_s19_medium,36,160,41.333333333333336,0.35973039269447327,0.7861830650938135
BH_s19_medium,36,161,41.36666666666667,1.9017246961593628,0.43958002214438746
BH_s19_medium,36,162,41.4,2.986689805984497,0.07064401744926756
BH_s19_medium,36,163,41.43333333333333,2.971684694290161,-0.2886764460409921
BH_s19_medium,36,164,41.46666666666667,2.2755284309387207,-0.6098746159020216
BH_s19_medium,36,165,41.5,1.5774073600769043,-0.8680148956795516
BH_s19_medium,36,166,41.53333333333333,1.033201813697815,-1.0414724750560507
BH_s19_medium,36,167,41.56666666666667,0.7532570362091064,-1.1131319195696616
BH_s19_medium,36,168,41.6,0.6828916668891907,-1.0737431481198236
BH_s19_medium,36,169,41.63333333333333,0.7375730276107788,-0.9262224255127732
BH_s19_medium,36,170,41.666666666666664,0.7375730276107788,-0.6883892351034046
BH_s19_medium,36,171,41.7,0.5151302814483643,-0.3917063252786359
BH_s19_medium,36,172,41.733333333333334,0.13922029733657837,-0.07514157595869485
BH_s19_medium,36,173,41.766666666666666,-0.2366897165775299,0.2241055905061834
BH_s19_medium,36,174,41.8,-0.55791836977005,0.4788735632306312
BH_s19_medium,36,175,41.833333333333336,-0.7673709988594055,0.6752230922940683
BH_s19_medium,36,176,41.86666666666667,-0.874447226524353,0.8096842583758155
BH_s19_medium,36,177,41.9,-0.9815234541893005,0.8833909756333778
BH_s19_medium,36,178,41.93333333333333,-1.0339182615280151,0.8970672355005619
BH_s19_medium,36,179,41.96666666666667,-1.1215932369232178,0.8494235225525829
BH_s19_medium,36,180,42.0,-1.159159779548645,0.7391783293290085
BH_s19_medium,36,181,42.03333333333333,-0.7842415571212769,0.5689142369807092
BH_s19_medium,36,182,42.06666666666667,0.24443978071212769,0.3481123575289186
BH_s19_medium,36,183,42.1,1.6603461503982544,0.09338590174741442
BH_s19_medium,36,184,42.13333333333333,2.432695150375366,-0.1742253134219566
BH_s19_medium,36,185,42.166666666666664,2.1798763275146484,-0.43333160053071346
BH_s19_medium,36,186,42.2,1.4793418645858765,-0.6656101622310455
BH_s19_medium,36,187,42.233333333333334,0.7867081761360168,-0.8572018067373279
BH_s19_medium,36,188,42.266666666666666,0.3583352863788605,-0.9978416994473859
BH_s19_medium,36,189,42.3,0.1395418345928192,-1.0785754100283116
BH_s19_medium,36,190,42.333333333333336,0.13032780587673187,-1.0896780272289692
BH_s19_medium,36,191,42.36666666666667,0.2374040186405182,-1.0205000442224663
BH_s19_medium,36,192,42.4,0.2010827213525772,-0.8622363299757339
BH_s19_medium,36,193,42.43333333333333,-0.04481799900531769,-0.6132033895839036
BH_s19_medium,36,194,42.46666666666667,-0.4058317244052887,-0.2846217742572171
BH_s19_medium,36,195,42.5,-0.796638011932373,0.09608193165165321
BH_s19_medium,36,196,42.53333333333333,-1.0279732942581177,0.48707352578726987
BH_s19_medium,36,197,42.56666666666667,-1.154518723487854,0.8395833266963906
BH_s19_medium,36,198,42.6,-1.2615950107574463,1.1086334273093543
BH_s19_medium,36,199,42.63333333333333,-1.3403186798095703,1.2627467912033599
BH_s19_medium,36,200,42.666666666666664,-1.4210660457611084,1.2891194740724998
BH_s19_medium,36,201,42.7,-1.4734609127044678,1.1931991498803602
BH_s19_medium,36,202,42.733333333333334,-1.5375510454177856,0.9939584982490377
BH_s19_medium,36,203,42.766666666666666,-1.0773038864135742,0.7173821585135409
BH_s19_medium,36,204,42.8,0.0657113641500473,0.3906682906807058
BH_s19_medium,36,205,42.833333333333336,1.3760403394699097,0.03881583465209083
BH_s19_medium,36,206,42.86666666666667,2.104607105255127,-0.31585354475604066
BH_s19_medium,36,207,42.9,1.8355791568756104,-0.6519319786151775
BH_s19_medium,36,208,42.93333333333333,1.1908353567123413,-0.9467169725208041
BH_s19_medium,36,209,42.96666666666667,0.6554542779922485,-1.1755695700593294
BH_s19_medium,36,210,43.0,0.2358378767967224,-1.3138164442443827
BH_s19_medium,36,211,43.03333333333333,0.08048224449157715,-1.3406915395100845
BH_s19_medium,36,212,43.06666666666667,0.02671535313129425,-1.2439228799514144
BH_s19_medium,36,213,43.1,0.08139671385288239,-1.0235481830918307
BH_s19_medium,36,214,43.13333333333333,0.03266040235757828,-0.6940348524311202
BH_s19_medium,36,215,43.166666666666664,-0.22199678421020508,-0.28417141307563715
BH_s19_medium,36,216,43.2,-0.5873886942863464,0.16572902395291642
BH_s19_medium,36,217,43.233333333333334,-0.9191354513168335,0.6093855941152455
BH_s19_medium,36,218,43.266666666666666,-1.146092414855957,1.0018217396166598
BH_s19_medium,36,219,43.3,-1.2682597637176514,1.3062418210174584
BH_s19_medium,36,220,43.333333333333336,-1.3403186798095703,1.4984142735640407
BH_s19_medium,36,221,43.36666666666667,-1.3403186798095703,1.5677296478967793
BH_s19_medium,36,222,43.4,-1.3707629442214966,1.5158399412244925
BH_s19_medium,36,223,43.43333333333333,-1.423157811164856,1.3545171633136694
BH_s19_medium,36,224,43.46666666666667,-1.50436270236969,1.1034714357243274
BH_s19_medium,36,225,43.5,-1.4336085319519043,0.7877803108773158
BH_s19_medium,36,226,43.53333333333333,-0.6685871481895447,0.43473789961584763
BH_s19_medium,36,227,43.56666666666667,0.6019560694694519,0.07073122146311804
BH_s19_medium,36,228,43.6,1.8556393384933472,-0.2810109129931981
BH_s19_medium,36,229,43.63333333333333,2.294455051422119,-0.6013838690872761
BH_s19_medium,36,230,43.666666666666664,1.934483289718628,-0.8752706646629509
BH_s19_medium,36,231,43.7,1.4089678525924683,-1.0908470059604956
BH_s19_medium,36,232,43.733333333333334,0.933560848236084,-1.238888116518917
BH_s19_medium,36,233,43.766666666666666,0.6123322248458862,-1.3125292235082409
BH_s19_medium,36,234,43.8,0.35179731249809265,-1.3078339023033976
BH_s19_medium,36,235,43.833333333333336,0.29940247535705566,-1.2251305988391719
BH_s19_medium,36,236,43.86666666666667,0.2454407960176468,-1.0703305333946953
BH_s19_medium,36,237,43.9,0.14378471672534943,-0.8551244417171507
BH_s19_medium,36,238,43.93333333333333,-0.0642278790473938,-0.5956725090820466
BH_s19_medium,36,239,43.96666666666667,-0.4401378929615021,-0.31059349432680977
BH_s19_medium,37,0,37.0,0.02671535313129425,-0.09300588526023819
BH_s19_medium,37,1,37.03333333333333,0.08139671385288239,-0.4230249641313912
BH_s19_medium,37,2,37.06666666666667,0.21818891167640686,-0.7448114579580817
BH_s19_medium,37,3,37.1,0.2749791741371155,-1.0460143504024277
BH_s19_medium,37,4,37.13333333333333,0.14504648745059967,-1.3037281654802808
BH_s19_medium,37,5,37.166666666666664,-0.0896759033203125,-1.4869725139140713
BH_s19_medium,37,6,37.2,-0.39262109994888306,-1.5636943994805619
BH_s19_medium,37,7,37.233333333333334,-0.5907765626907349,-1.509515733516542
BH_s19_medium,37,8,37.266666666666666,-0.6978527903556824,-1.3153624453453479
BH_s19_medium,37,9,37.3,-0.8049290180206299,-0.9918835588892492
BH_s19_medium,37,10,37.333333333333336,-0.9028677940368652,-0.5694609407559468
BH_s19_medium,37,11,37.36666666666667,-0.9575491547584534,-0.09361094202805337
BH_s19_medium,37,12,37.4,-0.9575491547584534,0.38316214977564406
BH_s19_medium,37,13,37.43333333333333,-1.0122305154800415,0.8108384787992854
BH_s19_medium,37,14,37.46666666666667,-1.0669032335281372,1.1499810359532334
BH_s19_medium,37,15,37.5,-1.1739795207977295,1.3763812400184896
BH_s19_medium,37,16,37.53333333333333,-0.8710944056510925,1.481706937595442
BH_s19_medium,37,17,37.56666666666667,0.12207839637994766,1.4710392667655985
BH_s19_medium,37,18,37.6,1.347730040550232,1.358695807599755
BH_s19_medium,37,19,37.63333333333333,2.1135239601135254,1.1636411474993935
BH_s19_medium,37,20,37.666666666666664,1.9954735040664673,0.9056369096629637
BH_s19_medium,37,21,37.7,1.4351527690887451,0.6029296670995425
BH_s19_medium,37,22,37.733333333333334,0.8654569387435913,0.2715606337173152
BH_s19_medium,37,23,37.766666666666666,0.47124630212783813,-0.07412408581346504
BH_s19_medium,37,24,37.8,0.30012214183807373,-0.42009401816825453
BH_s19_medium,37,25,37.833333333333336,0.30012214183807373,-0.750665132815202
BH_s19_medium,37,26,37.86666666666667,0.3820382058620453,-1.0467419546546515
BH_s19_medium,37,27,37.9,0.46416622400283813,-1.2855369459780264
BH_s19_medium,37,28,37.93333333333333,0.33214181661605835,-1.4426414522697988
BH_s19_medium,37,29,37.96666666666667,0.0953276976943016,-1.4961985494517276
BH_s19_medium,37,30,38.0,-0.17350609600543976,-1.4317948845607849
BH_s19_medium,37,31,38.03333333333333,-0.44233986735343933,-1.2463036658142184
BH_s19_medium,37,32,38.06666666666667,-0.5882952809333801,-0.9495542207986243
BH_s19_medium,37,33,38.1,-0.6953715085983276,-0.5638338960880916
BH_s19_medium,37,34,38.13333333333333,-0.7388237118721008,-0.12198356693509681
BH_s19_medium,37,35,38.166666666666664,-0.793505072593689,0.3353399824179592
BH_s19_medium,37,36,38.2,-0.7978746891021729,0.7635257446589863
BH_s19_medium,37,37,38.233333333333334,-0.8502695560455322,1.1195221696776192
BH_s19_medium,37,38,38.266666666666666,-0.9573457837104797,1.3683960722588555
BH_s19_medium,37,39,38.3,-1.0644220113754272,1.489001585405817
BH_s19_medium,37,40,38.333333333333336,-0.6034379005432129,1.4767581996175458
BH_s19_medium,37,41,38.36666666666667,0.4958372414112091,1.3426924644484723
BH_s19_medium,37,42,38.4,1.8283703327178955,1.1093630460906958
BH_s19_medium,37,43,38.43333333333333,2.409423351287842,0.8052340935310256
BH_s19_medium,37,44,38.46666666666667,2.119537591934204,0.45917839619816664
BH_s19_medium,37,45,38.5,1.4525303840637207,0.0965099800157923
BH_s19_medium,37,46,38.53333333333333,0.8847314715385437,-0.26237252091851343
BH_s19_medium,37,47,38.56666666666667,0.5057300925254822,-0.6004334918711632
BH_s19_medium,37,48,38.6,0.40948486328125,-0.9006847500489729
BH_s19_medium,37,49,38.63333333333333,0.4681377410888672,-1.1433683135521169
BH_s19_medium,37,50,38.666666666666664,0.6005688905715942,-1.3056996625333241
BH_s19_medium,37,51,38.7,0.6034569144248962,-1.3649589718951882
BH_s19_medium,37,52,38.733333333333334,0.41923239827156067,-1.304185780510822
BH_s19_medium,37,53,38.766666666666666,0.1503986120223999,-1.1185032469026785
BH_s19_medium,37,54,38.8,-0.11843517422676086,-0.8195700184962572
BH_s19_medium,37,55,38.833333333333336,-0.3325875997543335,-0.43621431227259777
BH_s19_medium,37,56,38.86666666666667,-0.533419132232666,-0.010816318213072313
BH_s19_medium,37,57,38.9,-0.6404953598976135,0.40752152867383473
BH_s19_medium,37,58,38.93333333333333,-0.6928902268409729,0.7713444641409749
BH_s19_medium,37,59,38.96666666666667,-0.7999664545059204,1.0429502867536418
BH_s19_medium,37,60,39.0,-0.9070426225662231,1.2002976955434903
BH_s19_medium,37,61,39.03333333333333,-1.0122305154800415,1.2390384688818699
BH_s19_medium,37,62,39.06666666666667,-0.9579472541809082,1.1700788414383199
BH_s19_medium,37,63,39.1,-0.21617193520069122,1.013658040479863
BH_s19_medium,37,64,39.13333333333333,1.0010361671447754,0.7922540972130083
BH_s19_medium,37,65,39.166666666666664,2.250755786895752,0.5250449973849554
BH_s19_medium,37,66,39.2,2.6514205932617188,0.22592797502878384
BH_s19_medium,37,67,39.233333333333334,2.175590991973877,-0.09442290356035805
BH_s19_medium,37,68,39.266666666666666,1.4925695657730103,-0.4236706109873353
BH_s19_medium,37,69,39.3,0.9289541840553284,-0.7426120111136532
BH_s19_medium,37,70,39.333333333333336,0.6655907034873962,-1.0226043235635984
BH_s19_medium,37,71,39.36666666666667,0.6072336435317993,-1.2277410241819968
BH_s19_medium,37,72,39.4,0.7457280158996582,-1.3219141833682404
BH_s19_medium,37,73,39.43333333333333,0.8469357490539551,-1.278663819834152
BH_s19_medium,37,74,39.46666666666667,0.738564133644104,-1.0903265969561826
BH_s19_medium,37,75,39.5,0.4998530447483063,-0.7730801463650878
BH_s19_medium,37,76,39.53333333333333,0.14621517062187195,-0.36593181796557045
BH_s19_medium,37,77,39.56666666666667,-0.12261862307786942,0.07634270325026399
BH_s19_medium,37,78,39.6,-0.33677104115486145,0.4946327655125326
BH_s19_medium,37,79,39.63333333333333,-0.48082950711250305,0.8382074575263723
BH_s19_medium,37,80,39.666666666666664,-0.5879057049751282,1.0746316993385998
BH_s19_medium,37,81,39.7,-0.6403005719184875,1.1934508875245653
BH_s19_medium,37,82,39.733333333333334,-0.6926954388618469,1.2029885465337948
BH_s19_medium,37,83,39.766666666666666,-0.8060382604598999,1.122705341006527
BH_s19_medium,37,84,39.8,-0.9535690546035767,0.9748918725029577
BH_s19_medium,37,85,39.833333333333336,-0.6689000725746155,0.7787197651331331
BH_s19_medium,37,86,39.86666666666667,0.40296271443367004,0.5478431867080609
BH_s19_medium,37,87,39.9,1.9520528316497803,0.29111155972595054
BH_s19_medium,37,88,39.93333333333333,3.0527100563049316,0.015267720594514781
BH_s19_medium,37,89,39.96666666666667,3.1112289428710938,-0.271599648203848
BH_s19_medium,37,90,40.0,2.5458102226257324,-0.5571524037586584
BH_s19_medium,37,91,40.03333333333333,1.903352975845337,-0.8235639489581632
BH_s19_medium,37,92,40.06666666666667,1.450997233390808,-1.0483525102872104
BH_s19_medium,37,93,40.1,1.1535395383834839,-1.2069568589619482
BH_s19_medium,37,94,40.13333333333333,1.0656611919403076,-1.2764618531953433
BH_s19_medium,37,95,40.166666666666664,1.1538524627685547,-1.2398672254652425
BH_s19_medium,37,96,40.2,1.1750239133834839,-1.0901603112918998
BH_s19_medium,37,97,40.233333333333334,1.0077874660491943,-0.8333268503936481
BH_s19_medium,37,98,40.266666666666666,0.6309715509414673,-0.4895266455234828
BH_s19_medium,37,99,40.3,0.25734806060791016,-0.09181774390286815
BH_s19_medium,37,100,40.333333333333336,-0.039516713470220566,0.3179926683426921
BH_s19_medium,37,101,40.36666666666667,-0.28627315163612366,0.6960407809611455
BH_s19_medium,37,102,40.4,-0.4282398819923401,1.0039508437986626
BH_s19_medium,37,103,40.43333333333333,-0.4806347191333771,1.2148084418612646
BH_s19_medium,37,104,40.46666666666667,-0.5330295562744141,1.3159523631829146
BH_s19_medium,37,105,40.5,-0.6401057839393616,1.3084132703799392
BH_s19_medium,37,106,40.53333333333333,-0.793505072593689,1.203688520984386
BH_s19_medium,37,107,40.56666666666667,-0.5322769284248352,1.0189779000599417
BH_s19_medium,37,108,40.6,0.45869389176368713,0.7724744363687449
BH_s19_medium,37,109,40.63333333333333,1.9600473642349243,0.4804144522165147
BH_s19_medium,37,110,40.666666666666664,3.1364636421203613,0.15684490932852632
BH_s19_medium,37,111,40.7,3.2559897899627686,-0.18428633157031937
BH_s19_medium,37,112,40.733333333333334,2.6342642307281494,-0.5263218299209778
BH_s19_medium,37,113,40.766666666666666,1.9317649602890015,-0.8482365554959354
BH_s19_medium,37,114,40.8,1.3788028955459595,-1.1250997472771134
BH_s19_medium,37,115,40.833333333333336,1.090101718902588,-1.3303601607157367
BH_s19_medium,37,116,40.86666666666667,0.9562984704971313,-1.4390279975972091
BH_s19_medium,37,117,40.9,0.9941865801811218,-1.4311551968634035
BH_s19_medium,37,118,40.93333333333333,0.9753782153129578,-1.295758916848461
BH_s19_medium,37,119,40.96666666666667,0.8016718029975891,-1.035247215718171
BH_s19_medium,37,120,41.0,0.44941455125808716,-0.6690367058601309
BH_s19_medium,37,121,41.03333333333333,0.04985179007053375,-0.23388993655833623
BH_s19_medium,37,122,41.06666666666667,-0.2713768482208252,0.2208240113529496
BH_s19_medium,37,123,41.1,-0.5137550830841064,0.6423655749577031
BH_s19_medium,37,124,41.13333333333333,-0.6513435244560242,0.9852084432227328
BH_s19_medium,37,125,41.166666666666664,-0.7584197521209717,1.2190017313266241
BH_s19_medium,37,126,41.2,-0.8654959797859192,1.3316025107269933
BH_s19_medium,37,127,41.233333333333334,-0.9178908467292786,1.3273427892175345
BH_s19_medium,37,128,41.266666666666666,-0.9575491547584534,1.2220827707706525
BH_s19_medium,37,129,41.3,-0.6552233099937439,1.0369869550917898
BH_s19_medium,37,130,41.333333333333336,0.35973039269447327,0.793082379868482
BH_s19_medium,37,131,41.36666666666667,1.9017246961593628,0.5083627763374889
BH_s19_medium,37,132,41.4,2.986689805984497,0.19814311255250885
BH_s19_medium,37,133,41.43333333333333,2.971684694290161,-0.12212707360446072
BH_s19_medium,37,134,41.46666666666667,2.2755284309387207,-0.4335883245640007
BH_s19_medium,37,135,41.5,1.5774073600769043,-0.7124518630431871
BH_s19_medium,37,136,41.53333333333333,1.033201813697815,-0.9315209593446958
BH_s19_medium,37,137,41.56666666666667,0.7532570362091064,-1.0646237687445945
BH_s19_medium,37,138,41.6,0.6828916668891907,-1.092712269456488
BH_s19_medium,37,139,41.63333333333333,0.7375730276107788,-1.0097093800543107
BH_s19_medium,37,140,41.666666666666664,0.7375730276107788,-0.8259199246100226
BH_s19_medium,37,141,41.7,0.5151302814483643,-0.56723607458149
BH_s19_medium,37,142,41.733333333333334,0.13922029733657837,-0.26969178628351964
BH_s19_medium,37,143,41.766666666666666,-0.2366897165775299,0.02908231973052463
BH_s19_medium,37,144,41.8,-0.55791836977005,0.2981732695867887
BH_s19_medium,37,145,41.833333333333336,-0.7673709988594055,0.5180394407750833
BH_s19_medium,37,146,41.86666666666667,-0.874447226524353,0.6801892109131559
BH_s19_medium,37,147,41.9,-0.9815234541893005,0.7833142667384523
BH_s19_medium,37,148,41.93333333333333,-1.0339182615280151,0.8287103942056289
BH_s19_medium,37,149,41.96666666666667,-1.1215932369232178,0.8173958892110129
BH_s19_medium,37,150,42.0,-1.159159779548645,0.7497884239582889
BH_s19_medium,37,151,42.03333333333333,-0.7842415571212769,0.6272802327204504
BH_s19_medium,37,152,42.06666666666667,0.24443978071212769,0.4543912330546938
BH_s19_medium,37,153,42.1,1.6603461503982544,0.24028403210741142
BH_s19_medium,37,154,42.13333333333333,2.432695150375366,-0.0011514936493919002
BH_s19_medium,37,155,42.166666666666664,2.1798763275146484,-0.25280743060014643
BH_s19_medium,37,156,42.2,1.4793418645858765,-0.4968420998930997
BH_s19_medium,37,157,42.233333333333334,0.7867081761360168,-0.716901320542819
BH_s19_medium,37,158,42.266666666666666,0.3583352863788605,-0.8988132620413919
BH_s19_medium,37,159,42.3,0.1395418345928192,-1.0293782175214077
BH_s19_medium,37,160,42.333333333333336,0.13032780587673187,-1.0943930980817245
BH_s19_medium,37,161,42.36666666666667,0.2374040186405182,-1.0780706291535544
BH_s19_medium,37,162,42.4,0.2010827213525772,-0.9655794134252175
BH_s19_medium,37,163,42.43333333333333,-0.04481799900531769,-0.7487584124664559
BH_s19_medium,37,164,42.46666666666667,-0.4058317244052887,-0.43307832337094426
BH_s19_medium,37,165,42.5,-0.796638011932373,-0.04257800896800117
BH_s19_medium,37,166,42.53333333333333,-1.0279732942581177,0.3804417019617853
BH_s19_medium,37,167,42.56666666666667,-1.154518723487854,0.7823300178470308
BH_s19_medium,37,168,42.6,-1.2615950107574463,1.109853042290465
BH_s19_medium,37,169,42.63333333333333,-1.3403186798095703,1.3224572745543763
BH_s19_medium,37,170,42.666666666666664,-1.4210660457611084,1.4002611361835533
BH_s19_medium,37,171,42.7,-1.4734609127044678,1.3450825165191411
BH_s19_medium,37,172,42.733333333333334,-1.5375510454177856,1.1752304402210154
BH_s19_medium,37,173,42.766666666666666,-1.0773038864135742,0.9174218465306582
BH_s19_medium,37,174,42.8,0.0657113641500473,0.5995420694252488
BH_s19_medium,37,175,42.833333333333336,1.3760403394699097,0.24657731439826958
BH_s19_medium,37,176,42.86666666666667,2.104607105255127,-0.11977718584363407
BH_s19_medium,37,177,42.9,1.8355791568756104,-0.47893723592363047
BH_s19_medium,37,178,42.93333333333333,1.1908353567123413,-0.8088235952992437
BH_s19_medium,37,179,42.96666666666667,0.6554542779922485,-1.084903953963356
BH_s19_medium,37,180,43.0,0.2358378767967224,-1.2817094209021611
BH_s19_medium,37,181,43.03333333333333,0.08048224449157715,-1.3761986948370204
BH_s19_medium,37,182,43.06666666666667,0.02671535313129425,-1.3517128677062666
BH_s19_medium,37,183,43.1,0.08139671385288239,-1.2015606623083868
BH_s19_medium,37,184,43.13333333333333,0.03266040235757828,-0.9318771157290511
BH_s19_medium,37,185,43.166666666666664,-0.22199678421020508,-0.5634450108475825
BH_s19_medium,37,186,43.2,-0.5873886942863464,-0.13148451330562652
BH_s19_medium,37,187,43.233333333333334,-0.9191354513168335,0.3178588709142344
BH_s19_medium,37,188,43.266666666666666,-1.146092414855957,0.7344929292746445
BH_s19_medium,37,189,43.3,-1.2682597637176514,1.0731354229208008
BH_s19_medium,37,190,43.333333333333336,-1.3403186798095703,1.300959703955427
BH_s19_medium,37,191,43.36666666666667,-1.3403186798095703,1.4016979162768395
BH_s19_medium,37,192,43.4,-1.3707629442214966,1.3756939062361166
BH_s19_medium,37,193,43.43333333333333,-1.423157811164856,1.2370438957207293
BH_s19_medium,37,194,43.46666666666667,-1.50436270236969,1.0090600872869495
BH_s19_medium,37,195,43.5,-1.4336085319519043,0.7188390886246228
BH_s19_medium,37,196,43.53333333333333,-0.6685871481895447,0.39199940703321895
BH_s19_medium,37,197,43.56666666666667,0.6019560694694519,0.049172050646244574
BH_s19_medium,37,198,43.6,1.8556393384933472,-0.2944866348109261
BH_s19_medium,37,199,43.63333333333333,2.294455051422119,-0.6267902539191403
BH_s19_medium,37,200,43.666666666666664,1.934483289718628,-0.934634177500956
BH_s19_medium,37,201,43.7,1.4089678525924683,-1.2010390896295848
BH_s19_medium,37,202,43.733333333333334,0.933560848236084,-1.404704288755756
BH_s19_medium,37,203,43.766666666666666,0.6123322248458862,-1.522283767192827
BH_s19_medium,37,204,43.8,0.35179731249809265,-1.5326643485526739
BH_s19_medium,37,205,43.833333333333336,0.29940247535705566,-1.422121793180597
BH_s19_medium,37,206,43.86666666666667,0.2454407960176468,-1.1890386966682864
BH_s19_medium,37,207,43.9,0.14378471672534943,-0.8468548866024047
BH_s19_medium,37,208,43.93333333333333,-0.0642278790473938,-0.42418807701211386
BH_s19_medium,37,209,43.96666666666667,-0.4401378929615021,0.03840485225057899
BH_s19_medium,37,210,44.0,-0.8160479068756104,0.4947522766631069
BH_s19_medium,37,211,44.03333333333333,-0.9992311596870422,0.9010127928215227
BH_s19_medium,37,212,44.06666666666667,-1.1063073873519897,1.2226367410052672
BH_s19_medium,37,213,44.1,-1.2133835554122925,1.438065697242132
BH_s19_medium,37,214,44.13333333333333,-1.230955958366394,1.5390375832574787
BH_s19_medium,37,215,44.166666666666664,-1.2856372594833374,1.5290030846015827
BH_s19_medium,37,216,44.2,-1.3403186798095703,1.420551241325407
BH_s19_medium,37,217,44.233333333333334,-1.42296302318573,1.2317561208781334
BH_s19_medium,37,218,44.266666666666666,-1.453009843826294,0.9820369489335508
BH_s19_medium,37,219,44.3,-0.8330121636390686,0.6892129622799397
BH_s19_medium,37,220,44.333333333333336,0.3557417094707489,0.36902262472863184
BH_s19_medium,37,221,44.36666666666667,1.6724647283554077,0.03686290107763086
BH_s19_medium,37,222,44.4,2.2521207332611084,-0.289723102075164
BH_s19_medium,37,223,44.43333333333333,1.9240245819091797,-0.5895648100543577
BH_s19_medium,37,224,44.46666666666667,1.388643503189087,-0.8385341533401736
BH_s19_medium,37,225,44.5,0.9272856712341309,-1.0124766721840237
BH_s19_medium,37,226,44.53333333333333,0.5587601065635681,-1.0915952457461546
BH_s19_medium,37,227,44.56666666666667,0.29502424597740173,-1.0649622687339195
BH_s19_medium,37,228,44.6,0.19075943529605865,-0.9337737677142267
BH_s19_medium,37,229,44.63333333333333,0.19023452699184418,-0.7122655411645218
BH_s19_medium,37,230,44.666666666666664,0.08315830677747726,-0.4258686750736733
BH_s19_medium,37,231,44.7,-0.07455116510391235,-0.10735861513699116
BH_s19_medium,37,232,44.733333333333334,-0.39173170924186707,0.20705647739237312
BH_s19_medium,37,233,44.766666666666666,-0.7129603624343872,0.4802939375334959
BH_s19_medium,37,234,44.8,-0.9357339143753052,0.6767258819958928
BH_s19_medium,37,235,44.833333333333336,-1.1083990335464478,0.7666766770417871
BH_s19_medium,37,236,44.86666666666667,-1.1762745380401611,0.7331845828065453
BH_s19_medium,37,237,44.9,-1.230955958366394,0.578051172763349
BH_s19_medium,37,238,44.93333333333333,-1.2856372594833374,0.3239007076896099
BH_s19_medium,37,239,44.96666666666667,-1.3726599216461182,0.01103896228577097
BH_s19_medium,38,0,38.0,-0.17350609600543976,0.132140428829866
BH_s19_medium,38,1,38.03333333333333,-0.44233986735343933,0.22061730157077214
BH_s19_medium,38,2,38.06666666666667,-0.5882952809333801,0.3391967807728555
BH_s19_medium,38,3,38.1,-0.6953715085983276,0.5061655814204115
BH_s19_medium,38,4,38.13333333333333,-0.7388237118721008,0.7183088061795051
BH_s19_medium,38,5,38.166666666666664,-0.793505072593689,0.9513060454410952
BH_s19_medium,38,6,38.2,-0.7978746891021729,1.1678958975455729
BH_s19_medium,38,7,38.233333333333334,-0.8502695560455322,1.3300903605922363
BH_s19_medium,38,8,38.266666666666666,-0.9573457837104797,1.4102485612602358
BH_s19_medium,38,9,38.3,-1.0644220113754272,1.396855822924776
BH_s19_medium,38,10,38.333333333333336,-0.6034379005432129,1.2939353544961363
BH_s19_medium,38,11,38.36666666666667,0.4958372414112091,1.1160147914243774
BH_s19_medium,38,12,38.4,1.8283703327178955,0.8816511151641715
BH_s19_medium,38,13,38.43333333333333,2.409423351287842,0.6079742759163007
BH_s19_medium,38,14,38.46666666666667,2.119537591934204,0.3077069245178373
BH_s19_medium,38,15,38.5,1.4525303840637207,-0.010828750481552423
BH_s19_medium,38,16,38.53333333333333,0.8847314715385437,-0.3410544703336094
BH_s19_medium,38,17,38.56666666666667,0.5057300925254822,-0.6739236532082091
BH_s19_medium,38,18,38.6,0.40948486328125,-0.99383635977914
BH_s19_medium,38,19,38.63333333333333,0.4681377410888672,-1.2765506431343299
BH_s19_medium,38,20,38.666666666666664,0.6005688905715942,-1.4905334709535831
BH_s19_medium,38,21,38.7,0.6034569144248962,-1.6021887861975979
BH_s19_medium,38,22,38.733333333333334,0.41923239827156067,-1.5840376801502998
BH_s19_medium,38,23,38.766666666666666,0.1503986120223999,-1.4235300178401176
BH_s19_medium,38,24,38.8,-0.11843517422676086,-1.1292868917717855
BH_s19_medium,38,25,38.833333333333336,-0.3325875997543335,-0.7319845887131555
BH_s19_medium,38,26,38.86666666666667,-0.533419132232666,-0.27902537872235256
BH_s19_medium,38,27,38.9,-0.6404953598976135,0.1753442890111657
BH_s19_medium,38,28,38.93333333333333,-0.6928902268409729,0.5810588916837418
BH_s19_medium,38,29,38.96666666666667,-0.7999664545059204,0.9008415163928915
BH_s19_medium,38,30,39.0,-0.9070426225662231,1.1142393546622433
BH_s19_medium,38,31,39.03333333333333,-1.0122305154800415,1.2169108464241478
BH_s19_medium,38,32,39.06666666666667,-0.9579472541809082,1.2164688632076208
BH_s19_medium,38,33,39.1,-0.21617193520069122,1.1268440100852208
BH_s19_medium,38,34,39.13333333333333,1.0010361671447754,0.9631263483711974
BH_s19_medium,38,35,39.166666666666664,2.250755786895752,0.7383729267526031
BH_s19_medium,38,36,39.2,2.6514205932617188,0.4631257284198171
BH_s19_medium,38,37,39.233333333333334,2.175590991973877,0.1475653250221671
BH_s19_medium,38,38,39.266666666666666,1.4925695657730103,-0.1945663208747724
BH_s19_medium,38,39,39.3,0.9289541840553284,-0.5419252654463533
BH_s19_medium,38,40,39.333333333333336,0.6655907034873962,-0.8636270921021898
BH_s19_medium,38,41,39.36666666666667,0.6072336435317993,-1.1213160452969002
BH_s19_medium,38,42,39.4,0.7457280158996582,-1.2756329879152004
BH_s19_medium,38,43,39.43333333333333,0.8469357490539551,-1.29551403318315
BH_s19_medium,38,44,39.46666666666667,0.738564133644104,-1.1674067454347825
BH_s19_medium,38,45,39.5,0.4998530447483063,-0.9012416901919931
BH_s19_medium,38,46,39.53333333333333,0.14621517062187195,-0.5308021424252272
BH_s19_medium,38,47,39.56666666666667,-0.12261862307786942,-0.10763361208301506
BH_s19_medium,38,48,39.6,-0.33677104115486145,0.3104862953054876
BH_s19_medium,38,49,39.63333333333333,-0.48082950711250305,0.6732479422467353
BH_s19_medium,38,50,39.666666666666664,-0.5879057049751282,0.9485124554583789
BH_s19_medium,38,51,39.7,-0.6403005719184875,1.1254101352209356
BH_s19_medium,38,52,39.733333333333334,-0.6926954388618469,1.2091140232896271
BH_s19_medium,38,53,39.766666666666666,-0.8060382604598999,1.2111703551755466
BH_s19_medium,38,54,39.8,-0.9535690546035767,1.1412026746230215
BH_s19_medium,38,55,39.833333333333336,-0.6689000725746155,1.0039597844516497
BH_s19_medium,38,56,39.86666666666667,0.40296271443367004,0.8015382443537041
BH_s19_medium,38,57,39.9,1.9520528316497803,0.5376413639546394
BH_s19_medium,38,58,39.93333333333333,3.0527100563049316,0.22111250043747324
BH_s19_medium,38,59,39.96666666666667,3.1112289428710938,-0.13211607179294832
BH_s19_medium,38,60,40.0,2.5458102226257324,-0.4986569022188718
BH_s19_medium,38,61,40.03333333333333,1.903352975845337,-0.8489212428023404
BH_s19_medium,38,62,40.06666666666667,1.450997233390808,-1.1498572383049852
BH_s19_medium,38,63,40.1,1.1535395383834839,-1.36873382595006
BH_s19_medium,38,64,40.13333333333333,1.0656611919403076,-1.4775199789316407
BH_s19_medium,38,65,40.166666666666664,1.1538524627685547,-1.4574206456072398
BH_s19_medium,38,66,40.2,1.1750239133834839,-1.3028544520176377
BH_s19_medium,38,67,40.233333333333334,1.0077874660491943,-1.0239003173347903
BH_s19_medium,38,68,40.266666666666666,0.6309715509414673,-0.6463713998998672
BH_s19_medium,38,69,40.3,0.25734806060791016,-0.20903658025020602
BH_s19_medium,38,70,40.333333333333336,-0.039516713470220566,0.2420320311174171
BH_s19_medium,38,71,40.36666666666667,-0.28627315163612366,0.6610486182652219
BH_s19_medium,38,72,40.4,-0.4282398819923401,1.0097763171220009
BH_s19_medium,38,73,40.43333333333333,-0.4806347191333771,1.2620105933802774
BH_s19_medium,38,74,40.46666666666667,-0.5330295562744141,1.4045577816471144
BH_s19_medium,38,75,40.5,-0.6401057839393616,1.4358248556223951
BH_s19_medium,38,76,40.53333333333333,-0.793505072593689,1.363296308005466
BH_s19_medium,38,77,40.56666666666667,-0.5322769284248352,1.2004224495872937
BH_s19_medium,38,78,40.6,0.45869389176368713,0.963270232778511
BH_s19_medium,38,79,40.63333333333333,1.9600473642349243,0.6677722992356128
BH_s19_medium,38,80,40.666666666666664,3.1364636421203613,0.3287513598992959
BH_s19_medium,38,81,40.7,3.2559897899627686,-0.03865508641207216
BH_s19_medium,38,82,40.733333333333334,2.6342642307281494,-0.41601249977481886
BH_s19_medium,38,83,40.766666666666666,1.9317649602890015,-0.7791805517574004
BH_s19_medium,38,84,40.8,1.3788028955459595,-1.0985757402102554
BH_s19_medium,38,85,40.833333333333336,1.090101718902588,-1.3427779267054505
BH_s19_medium,38,86,40.86666666666667,0.9562984704971313,-1.4842280517864295
BH_s19_medium,38,87,40.9,0.9941865801811218,-1.5047277444838545
BH_s19_medium,38,88,40.93333333333333,0.9753782153129578,-1.3990010844826912
BH_s19_medium,38,89,40.96666666666667,0.8016718029975891,-1.1758006680778306
BH_s19_medium,38,90,41.0,0.44941455125808716,-0.856748526091163
BH_s19_medium,38,91,41.03333333333333,0.04985179007053375,-0.47324444137763294
BH_s19_medium,38,92,41.06666666666667,-0.2713768482208252,-0.061883772640081276
BH_s19_medium,38,93,41.1,-0.5137550830841064,0.3407734980701508
BH_s19_medium,38,94,41.13333333333333,-0.6513435244560242,0.7027142196553763
BH_s19_medium,38,95,41.166666666666664,-0.7584197521209717,0.99893484973727
BH_s19_medium,38,96,41.2,-0.8654959797859192,1.211533965701209
BH_s19_medium,38,97,41.233333333333334,-0.9178908467292786,1.328470770287741
BH_s19_medium,38,98,41.266666666666666,-0.9575491547584534,1.3427094553430234
BH_s19_medium,38,99,41.3,-0.6552233099937439,1.2528395175297125
BH_s19_medium,38,100,41.333333333333336,0.35973039269447327,1.0646788956153885
BH_s19_medium,38,101,41.36666666666667,1.9017246961593628,0.7924156576853093
BH_s19_medium,38,102,41.4,2.986689805984497,0.45849786681704296
BH_s19_medium,38,103,41.43333333333333,2.971684694290161,0.09251961934781651
BH_s19_medium,38,104,41.46666666666667,2.2755284309387207,-0.2706491023791034
BH_s19_medium,38,105,41.5,1.5774073600769043,-0.5938506844645248
BH_s19_medium,38,106,41.53333333333333,1.033201813697815,-0.8422109843800214
BH_s19_medium,38,107,41.56666666666667,0.7532570362091064,-0.9890172512044891
BH_s19_medium,38,108,41.6,0.6828916668891907,-1.0214624762655369
BH_s19_medium,38,109,41.63333333333333,0.7375730276107788,-0.9440689115068104
BH_s19_medium,38,110,41.666666666666664,0.7375730276107788,-0.7779578407234279
BH_s19_medium,38,111,41.7,0.5151302814483643,-0.555568976779954
BH_s19_medium,38,112,41.733333333333334,0.13922029733657837,-0.3123086689783705
BH_s19_medium,38,113,41.766666666666666,-0.2366897165775299,-0.07794614264699812
BH_s19_medium,38,114,41.8,-0.55791836977005,0.12929524003008508
BH_s19_medium,38,115,41.833333333333336,-0.7673709988594055,0.3039307052165269
BH_s19_medium,38,116,41.86666666666667,-0.874447226524353,0.44922925746780523
BH_s19_medium,38,117,41.9,-0.9815234541893005,0.5696893820783732
BH_s19_medium,38,118,41.93333333333333,-1.0339182615280151,0.6636964170802202
BH_s19_medium,38,119,41.96666666666667,-1.1215932369232178,0.7205269450978913
BH_s19_medium,38,120,42.0,-1.159159779548645,0.7236546058845349
BH_s19_medium,38,121,42.03333333333333,-0.7842415571212769,0.6585726574945113
BH_s19_medium,38,122,42.06666666666667,0.24443978071212769,0.5204684715255918
BH_s19_medium,38,123,42.1,1.6603461503982544,0.31732629616142266
BH_s19_medium,38,124,42.13333333333333,2.432695150375366,0.06754939102148691
BH_s19_medium,38,125,42.166666666666664,2.1798763275146484,-0.20518655998182733
BH_s19_medium,38,126,42.2,1.4793418645858765,-0.4764418119285383
BH_s19_medium,38,127,42.233333333333334,0.7867081761360168,-0.7232342879455658
BH_s19_medium,38,128,42.266666666666666,0.3583352863788605,-0.9243880797520392
BH_s19_medium,38,129,42.3,0.1395418345928192,-1.0604059478443724
BH_s19_medium,38,130,42.333333333333336,0.13032780587673187,-1.1139643129468442
BH_s19_medium,38,131,42.36666666666667,0.2374040186405182,-1.0714161440807721
BH_s19_medium,38,132,42.4,0.2010827213525772,-0.925368406093464
BH_s19_medium,38,133,42.43333333333333,-0.04481799900531769,-0.678171594364056
BH_s19_medium,38,134,42.46666666666667,-0.4058317244052887,-0.3454544101750598
BH_s19_medium,38,135,42.5,-0.796638011932373,0.04218695376430387
BH_s19_medium,38,136,42.53333333333333,-1.0279732942581177,0.4416837003812882
BH_s19_medium,38,137,42.56666666666667,-1.154518723487854,0.8050984037247758
BH_s19_medium,38,138,42.6,-1.2615950107574463,1.0900734292942207
BH_s19_medium,38,139,42.63333333333333,-1.3403186798095703,1.2685929451602105
BH_s19_medium,38,140,42.666666666666664,-1.4210660457611084,1.3304627664872273
BH_s19_medium,38,141,42.7,-1.4734609127044678,1.2809881638813987
BH_s19_medium,38,142,42.733333333333334,-1.5375510454177856,1.1350874141192522
BH_s19_medium,38,143,42.766666666666666,-1.0773038864135742,0.9111038503373542
BH_s19_medium,38,144,42.8,0.0657113641500473,0.626793100844243
BH_s19_medium,38,145,42.833333333333336,1.3760403394699097,0.29839421488558393
BH_s19_medium,38,146,42.86666666666667,2.104607105255127,-0.05761134078772811
BH_s19_medium,38,147,42.9,1.8355791568756104,-0.421436486304638
BH_s19_medium,38,148,42.93333333333333,1.1908353567123413,-0.7677410909831304
BH_s19_medium,38,149,42.96666666666667,0.6554542779922485,-1.0660890028238554
BH_s19_medium,38,150,43.0,0.2358378767967224,-1.2844817519730547
BH_s19_medium,38,151,43.03333333333333,0.08048224449157715,-1.39469812217176
BH_s19_medium,38,152,43.06666666666667,0.02671535313129425,-1.3776548164774316
BH_s19_medium,38,153,43.1,0.08139671385288239,-1.2275539288931798
BH_s19_medium,38,154,43.13333333333333,0.03266040235757828,-0.9543488306490974
BH_s19_medium,38,155,43.166666666666664,-0.22199678421020508,-0.5842406381516108
BH_s19_medium,38,156,43.2,-0.5873886942863464,-0.15746262292236102
BH_s19_medium,38,157,43.233333333333334,-0.9191354513168335,0.2774177888609854
BH_s19_medium,38,158,43.266666666666666,-1.146092414855957,0.6721819889988884
BH_s19_medium,38,159,43.3,-1.2682597637176514,0.9881438273051694
BH_s19_medium,38,160,43.333333333333336,-1.3403186798095703,1.2021828970967814
BH_s19_medium,38,161,43.36666666666667,-1.3403186798095703,1.3072096915193177
BH_s19_medium,38,162,43.4,-1.3707629442214966,1.3080599456431075
BH_s19_medium,38,163,43.43333333333333,-1.423157811164856,1.216245559112322
BH_s19_medium,38,164,43.46666666666667,-1.50436270236969,1.0460994849019516
BH_s19_medium,38,165,43.5,-1.4336085319519043,0.812583445774214
BH_s19_medium,38,166,43.53333333333333,-0.6685871481895447,0.5301637421851697
BH_s19_medium,38,167,43.56666666666667,0.6019560694694519,0.21259998452294981
BH_s19_medium,38,168,43.6,1.8556393384933472,-0.12617712853501548
BH_s19_medium,38,169,43.63333333333333,2.294455051422119,-0.47028729121396
BH_s19_medium,38,170,43.666666666666664,1.934483289718628,-0.80016556395319
BH_s19_medium,38,171,43.7,1.4089678525924683,-1.0920990071468797
BH_s19_medium,38,172,43.733333333333334,0.933560848236084,-1.3196144397886025
BH_s19_medium,38,173,43.766666666666666,0.6123322248458862,-1.4564590392065169
BH_s19_medium,38,174,43.8,0.35179731249809265,-1.4806638309650626
BH_s19_medium,38,175,43.833333333333336,0.29940247535705566,-1.3791536359132444
BH_s19_medium,38,176,43.86666666666667,0.2454407960176468,-1.1520250969861314
BH_s19_medium,38,177,43.9,0.14378471672534943,-0.8152617275221837
BH_s19_medium,38,178,43.93333333333333,-0.0642278790473938,-0.4007311206077538
BH_s19_medium,38,179,43.96666666666667,-0.4401378929615021,0.04739678116484275
BH_s19_medium,38,180,44.0,-0.8160479068756104,0.4801287547145278
BH_s19_medium,38,181,44.03333333333333,-0.9992311596870422,0.8535403660045512
BH_s19_medium,38,182,44.06666666666667,-1.1063073873519897,1.1369437824160393
BH_s19_medium,38,183,44.1,-1.2133835554122925,1.3152991439575341
BH_s19_medium,38,184,44.13333333333333,-1.230955958366394,1.3862356771799156
BH_s19_medium,38,185,44.166666666666664,-1.2856372594833374,1.3557260401929807
BH_s19_medium,38,186,44.2,-1.3403186798095703,1.23507947761342
BH_s19_medium,38,187,44.233333333333334,-1.42296302318573,1.038776516347441
BH_s19_medium,38,188,44.266666666666666,-1.453009843826294,0.7823285348336705
BH_s19_medium,38,189,44.3,-0.8330121636390686,0.480826220100457
BH_s19_medium,38,190,44.333333333333336,0.3557417094707489,0.14922167085599555
BH_s19_medium,38,191,44.36666666666667,1.6724647283554077,-0.19573555951558091
BH_s19_medium,38,192,44.4,2.2521207332611084,-0.5333889307011032
BH_s19_medium,38,193,44.43333333333333,1.9240245819091797,-0.8387730469950976
BH_s19_medium,38,194,44.46666666666667,1.388643503189087,-1.0847677506196298
BH_s19_medium,38,195,44.5,0.9272856712341309,-1.2461521799734043
BH_s19_medium,38,196,44.53333333333333,0.5587601065635681,-1.3041100252559257
BH_s19_medium,38,197,44.56666666666667,0.29502424597740173,-1.2498200386140341
BH_s19_medium,38,198,44.6,0.19075943529605865,-1.0862655876741256
BH_s19_medium,38,199,44.63333333333333,0.19023452699184418,-0.8278610442523711
BH_s19_medium,38,200,44.666666666666664,0.08315830677747726,-0.49786210053321056
BH_s19_medium,38,201,44.7,-0.07455116510391235,-0.12431429079631552
BH_s19_medium,38,202,44.733333333333334,-0.39173170924186707,0.26360566917961625
BH_s19_medium,38,203,44.766666666666666,-0.7129603624343872,0.6372144751858141
BH_s19_medium,38,204,44.8,-0.9357339143753052,0.968430427283103
BH_s19_medium,38,205,44.833333333333336,-1.1083990335464478,1.2304903219386976
BH_s19_medium,38,206,44.86666666666667,-1.1762745380401611,1.400359434193208
BH_s19_medium,38,207,44.9,-1.230955958366394,1.4619091511983822
BH_s19_medium,38,208,44.93333333333333,-1.2856372594833374,1.4083616971284125
BH_s19_medium,38,209,44.96666666666667,-1.3726599216461182,1.2431584028645801
BH_s19_medium,38,210,45.0,-1.479736089706421,0.979104535413013
BH_s19_medium,38,211,45.03333333333333,-1.5868122577667236,0.6362041341382558
BH_s19_medium,38,212,45.06666666666667,-1.5627620220184326,0.2391270908746419
BH_s19_medium,38,213,45.1,-0.8349599838256836,-0.1847396233217704
BH_s19_medium,38,214,45.13333333333333,0.4287996292114258,-0.6064583482843677
BH_s19_medium,38,215,45.166666666666664,1.7253930568695068,-0.9964800463864476
BH_s19_medium,38,216,45.2,2.1812984943389893,-1.3259461090597044
BH_s19_medium,38,217,45.233333333333334,1.801586627960205,-1.5686093679015687
BH_s19_medium,38,218,45.266666666666666,1.213810682296753,-1.703461130888953
BH_s19_medium,38,219,45.3,0.6996684074401855,-1.7179042241834157
BH_s19_medium,38,220,45.333333333333336,0.34042420983314514,-1.610690765504261
BH_s19_medium,38,221,45.36666666666667,0.13607807457447052,-1.3932432555883427
BH_s19_medium,38,222,45.4,0.13869470357894897,-1.0881067023229192
BH_s19_medium,38,223,45.43333333333333,0.19042930006980896,-0.7246061469200059
BH_s19_medium,38,224,45.46666666666667,0.08335308730602264,-0.3337306725114213
BH_s19_medium,38,225,45.5,-0.12460008263587952,0.055171911998235144
BH_s19_medium,38,226,45.53333333333333,-0.4939807057380676,0.41515655426886694
BH_s19_medium,38,227,45.56666666666667,-0.7758732438087463,0.7214522882118792
BH_s19_medium,38,228,45.6,-0.9900256991386414,0.9522340292253376
BH_s19_medium,38,229,45.63333333333333,-1.1082043647766113,1.0911946100788688
BH_s19_medium,38,230,45.666666666666664,-1.1605991125106812,1.1312702215832882
BH_s19_medium,38,231,45.7,-1.1762745380401611,1.0779001068575083
BH_s19_medium,38,232,45.733333333333334,-1.230955958366394,0.9499670788877772
BH_s19_medium,38,233,45.766666666666666,-1.3177837133407593,0.7772369774100648
BH_s19_medium,38,234,45.8,-1.4248600006103516,0.5945042903569123
BH_s19_medium,38,235,45.833333333333336,-1.2300249338150024,0.4340404132718802
BH_s19_medium,38,236,45.86666666666667,-0.32601800560951233,0.3185924049202306
BH_s19_medium,38,237,45.9,0.9818969964981079,0.2568566086685978
BH_s19_medium,38,238,45.93333333333333,2.0648462772369385,0.24237020881641072
BH_s19_medium,38,239,45.96666666666667,2.268050193786621,0.25586737560826633
BH_s19_medium,39,0,39.0,-0.9070426225662231,-0.10585226488977029
BH_s19_medium,39,1,39.03333333333333,-1.0122305154800415,0.06305141070663328
BH_s19_medium,39,2,39.06666666666667,-0.9579472541809082,0.18914463665880352
BH_s19_medium,39,3,39.1,-0.21617193520069122,0.23637276238891078
BH_s19_medium,39,4,39.13333333333333,1.0010361671447754,0.18410487789478194
BH_s19_medium,39,5,39.166666666666664,2.250755786895752,0.03152541373091118
BH_s19_medium,39,6,39.2,2.6514205932617188,-0.20224267501220514
BH_s19_medium,39,7,39.233333333333334,2.175590991973877,-0.48264640799158376
BH_s19_medium,39,8,39.266666666666666,1.4925695657730103,-0.7672744621051683
BH_s19_medium,39,9,39.3,0.9289541840553284,-1.0137661247765624
BH_s19_medium,39,10,39.333333333333336,0.6655907034873962,-1.1859670434368241
BH_s19_medium,39,11,39.36666666666667,0.6072336435317993,-1.2577497758725424
BH_s19_medium,39,12,39.4,0.7457280158996582,-1.214923361233597
BH_s19_medium,39,13,39.43333333333333,0.8469357490539551,-1.0559520974817447
BH_s19_medium,39,14,39.46666666666667,0.738564133644104,-0.7920898877019465
BH_s19_medium,39,15,39.5,0.4998530447483063,-0.4469666420719016
BH_s19_medium,39,16,39.53333333333333,0.14621517062187195,-0.054808924469120626
BH_s19_medium,39,17,39.56666666666667,-0.12261862307786942,0.3437739836146471
BH_s19_medium,39,18,39.6,-0.33677104115486145,0.7084963824798328
BH_s19_medium,39,19,39.63333333333333,-0.48082950711250305,1.0068385995247566
BH_s19_medium,39,20,39.666666666666664,-0.5879057049751282,1.2191495571149311
BH_s19_medium,39,21,39.7,-0.6403005719184875,1.3390003323007122
BH_s19_medium,39,22,39.733333333333334,-0.6926954388618469,1.3691700403924396
BH_s19_medium,39,23,39.766666666666666,-0.8060382604598999,1.316288307816881
BH_s19_medium,39,24,39.8,-0.9535690546035767,1.187398502605781
BH_s19_medium,39,25,39.833333333333336,-0.6689000725746155,0.9897346401543917
BH_s19_medium,39,26,39.86666666666667,0.40296271443367004,0.7325724119217727
BH_s19_medium,39,27,39.9,1.9520528316497803,0.4289567032596332
BH_s19_medium,39,28,39.93333333333333,3.0527100563049316,0.09603317239122403
BH_s19_medium,39,29,39.96666666666667,3.1112289428710938,-0.24580618261059187
BH_s19_medium,39,30,40.0,2.5458102226257324,-0.5742769525198187
BH_s19_medium,39,31,40.03333333333333,1.903352975845337,-0.8666903416870184
BH_s19_medium,39,32,40.06666666666667,1.450997233390808,-1.1014670629041536
BH_s19_medium,39,33,40.1,1.1535395383834839,-1.2596252672483077
BH_s19_medium,39,34,40.13333333333333,1.0656611919403076,-1.3262483357957902
BH_s19_medium,39,35,40.166666666666664,1.1538524627685547,-1.2919924605103768
BH_s19_medium,39,36,40.2,1.1750239133834839,-1.1546431289966577
BH_s19_medium,39,37,40.233333333333334,1.0077874660491943,-0.9205374104423663
BH_s19_medium,39,38,40.266666666666666,0.6309715509414673,-0.605414344201729
BH_s19_medium,39,39,40.3,0.25734806060791016,-0.23413668266869686
BH_s19_medium,39,40,40.333333333333336,-0.039516713470220566,0.16110242362187024
BH_s19_medium,39,41,40.36666666666667,-0.28627315163612366,0.5440605837586638
BH_s19_medium,39,42,40.4,-0.4282398819923401,0.8787341761133337
BH_s19_medium,39,43,40.43333333333333,-0.4806347191333771,1.1339387406259136
BH_s19_medium,39,44,40.46666666666667,-0.5330295562744141,1.2874915397635172
BH_s19_medium,39,45,40.5,-0.6401057839393616,1.329214511215997
BH_s19_medium,39,46,40.53333333333333,-0.793505072593689,1.2617075738826355
BH_s19_medium,39,47,40.56666666666667,-0.5322769284248352,1.0982145733298991
BH_s19_medium,39,48,40.6,0.45869389176368713,0.8583035261444689
BH_s19_medium,39,49,40.63333333333333,1.9600473642349243,0.5633129499296324
BH_s19_medium,39,50,40.666666666666664,3.1364636421203613,0.23337661280367808
BH_s19_medium,39,51,40.7,3.2559897899627686,-0.11327254044111267
BH_s19_medium,39,52,40.733333333333334,2.6342642307281494,-0.459102897659962
BH_s19_medium,39,53,40.766666666666666,1.9317649602890015,-0.7852346844423512
BH_s19_medium,39,54,40.8,1.3788028955459595,-1.0698232403815833
BH_s19_medium,39,55,40.833333333333336,1.090101718902588,-1.2879862221285217
BH_s19_medium,39,56,40.86666666666667,0.9562984704971313,-1.4138922368801756
BH_s19_medium,39,57,40.9,0.9941865801811218,-1.4250332274008572
BH_s19_medium,39,58,40.93333333333333,0.9753782153129578,-1.308073869957952
BH_s19_medium,39,59,40.96666666666667,0.8016718029975891,-1.0647302966975496
BH_s19_medium,39,60,41.0,0.44941455125808716,-0.7150993074483952
BH_s19_medium,39,61,41.03333333333333,0.04985179007053375,-0.29606812892208845
BH_s19_medium,39,62,41.06666666666667,-0.2713768482208252,0.1453993552428492
BH_s19_medium,39,63,41.1,-0.5137550830841064,0.5616143446293473
BH_s19_medium,39,64,41.13333333333333,-0.6513435244560242,0.9124536025109824
BH_s19_medium,39,65,41.166666666666664,-0.7584197521209717,1.1698883315687492
BH_s19_medium,39,66,41.2,-0.8654959797859192,1.318503288427581
BH_s19_medium,39,67,41.233333333333334,-0.9178908467292786,1.3537224146732303
BH_s19_medium,39,68,41.266666666666666,-0.9575491547584534,1.2795884447874017
BH_s19_medium,39,69,41.3,-0.6552233099937439,1.1070012122143815
BH_s19_medium,39,70,41.333333333333336,0.35973039269447327,0.8525994062698992
BH_s19_medium,39,71,41.36666666666667,1.9017246961593628,0.5380736185542684
BH_s19_medium,39,72,41.4,2.986689805984497,0.18935110401057306
BH_s19_medium,39,73,41.43333333333333,2.971684694290161,-0.16486402102532416
BH_s19_medium,39,74,41.46666666666667,2.2755284309387207,-0.49511699259724223
BH_s19_medium,39,75,41.5,1.5774073600769043,-0.7733335237453475
BH_s19_medium,39,76,41.53333333333333,1.033201813697815,-0.974976303722463
BH_s19_medium,39,77,41.56666666666667,0.7532570362091064,-1.0815975446621182
BH_s19_medium,39,78,41.6,0.6828916668891907,-1.0838465603561718
BH_s19_medium,39,79,41.63333333333333,0.7375730276107788,-0.9841350598196377
BH_s19_medium,39,80,41.666666666666664,0.7375730276107788,-0.7975301202204317
BH_s19_medium,39,81,41.7,0.5151302814483643,-0.5496218498553251
BH_s19_medium,39,82,41.733333333333334,0.13922029733657837,-0.27124504236188796
BH_s19_medium,39,83,41.766666666666666,-0.2366897165775299,0.008388652138972923
BH_s19_medium,39,84,41.8,-0.55791836977005,0.2672822438529985
BH_s19_medium,39,85,41.833333333333336,-0.7673709988594055,0.49231336472008386
BH_s19_medium,39,86,41.86666666666667,-0.874447226524353,0.6763999499319021
BH_s19_medium,39,87,41.9,-0.9815234541893005,0.8133751558619416
BH_s19_medium,39,88,41.93333333333333,-1.0339182615280151,0.8943402737860309
BH_s19_medium,39,89,41.96666666666667,-1.1215932369232178,0.9082721992489893
BH_s19_medium,39,90,42.0,-1.159159779548645,0.8464742027109197
BH_s19_medium,39,91,42.03333333333333,-0.7842415571212769,0.7077249844576474
BH_s19_medium,39,92,42.06666666666667,0.24443978071212769,0.5009473214702103
BH_s19_medium,39,93,42.1,1.6603461503982544,0.24420023420545442
BH_s19_medium,39,94,42.13333333333333,2.432695150375366,-0.03913880019230193
BH_s19_medium,39,95,42.166666666666664,2.1798763275146484,-0.3250623261510412
BH_s19_medium,39,96,42.2,1.4793418645858765,-0.5926101141472746
BH_s19_medium,39,97,42.233333333333334,0.7867081761360168,-0.8253746259268859
BH_s19_medium,39,98,42.266666666666666,0.3583352863788605,-1.0105504501018592
BH_s19_medium,39,99,42.3,0.1395418345928192,-1.1362290805610211
BH_s19_medium,39,100,42.333333333333336,0.13032780587673187,-1.1886696342753458
BH_s19_medium,39,101,42.36666666666667,0.2374040186405182,-1.151775203591786
BH_s19_medium,39,102,42.4,0.2010827213525772,-1.0103734142279763
BH_s19_medium,39,103,42.43333333333333,-0.04481799900531769,-0.7570693258328961
BH_s19_medium,39,104,42.46666666666667,-0.4058317244052887,-0.40010048363566214
BH_s19_medium,39,105,42.5,-0.796638011932373,0.031813997122816
BH_s19_medium,39,106,42.53333333333333,-1.0279732942581177,0.49100911981709805
BH_s19_medium,39,107,42.56666666666667,-1.154518723487854,0.9194869638288063
BH_s19_medium,39,108,42.6,-1.2615950107574463,1.2618106094191577
BH_s19_medium,39,109,42.63333333333333,-1.3403186798095703,1.4773248759103264
BH_s19_medium,39,110,42.666666666666664,-1.4210660457611084,1.547312895364474
BH_s19_medium,39,111,42.7,-1.4734609127044678,1.4752488520140425
BH_s19_medium,39,112,42.733333333333334,-1.5375510454177856,1.2811831653577657
BH_s19_medium,39,113,42.766666666666666,-1.0773038864135742,0.9933618483361544
BH_s19_medium,39,114,42.8,0.0657113641500473,0.6408234561265584
BH_s19_medium,39,115,42.833333333333336,1.3760403394699097,0.24964788020455167
BH_s19_medium,39,116,42.86666666666667,2.104607105255127,-0.15679106162205947
BH_s19_medium,39,117,42.9,1.8355791568756104,-0.5553724796856461
BH_s19_medium,39,118,42.93333333333333,1.1908353567123413,-0.9210927372096752
BH_s19_medium,39,119,42.96666666666667,0.6554542779922485,-1.2269594936293782
BH_s19_medium,39,120,43.0,0.2358378767967224,-1.4461050092962764
BH_s19_medium,39,121,43.03333333333333,0.08048224449157715,-1.5551455753477157
BH_s19_medium,39,122,43.06666666666667,0.02671535313129425,-1.537659262802421
BH_s19_medium,39,123,43.1,0.08139671385288239,-1.3872148948235759
BH_s19_medium,39,124,43.13333333333333,0.03266040235757828,-1.1098766382437857
BH_s19_medium,39,125,43.166666666666664,-0.22199678421020508,-0.725884234407176
BH_s19_medium,39,126,43.2,-0.5873886942863464,-0.26941512299294396
BH_s19_medium,39,127,43.233333333333334,-0.9191354513168335,0.21478144057580698
BH_s19_medium,39,128,43.266666666666666,-1.146092414855957,0.6777469993984907
BH_s19_medium,39,129,43.3,-1.2682597637176514,1.0738259099853515
BH_s19_medium,39,130,43.333333333333336,-1.3403186798095703,1.3669183067962183
BH_s19_medium,39,131,43.36666666666667,-1.3403186798095703,1.5340215043812309
BH_s19_medium,39,132,43.4,-1.3707629442214966,1.566268100161323
BH_s19_medium,39,133,43.43333333333333,-1.423157811164856,1.468495129406961
BH_s19_medium,39,134,43.46666666666667,-1.50436270236969,1.2576899777726054
BH_s19_medium,39,135,43.5,-1.4336085319519043,0.9598516026319395
BH_s19_medium,39,136,43.53333333333333,-0.6685871481895447,0.6052994865434633
BH_s19_medium,39,137,43.56666666666667,0.6019560694694519,0.22364889081757336
BH_s19_medium,39,138,43.6,1.8556393384933472,-0.15978792573718595
BH_s19_medium,39,139,43.63333333333333,2.294455051422119,-0.5249690151403282
BH_s19_medium,39,140,43.666666666666664,1.934483289718628,-0.8555406948319053
BH_s19_medium,39,141,43.7,1.4089678525924683,-1.1360193685575208
BH_s19_medium,39,142,43.733333333333334,0.933560848236084,-1.3495401925257553
BH_s19_medium,39,143,43.766666666666666,0.6123322248458862,-1.4776276149830192
BH_s19_medium,39,144,43.8,0.35179731249809265,-1.5025375701016672
BH_s19_medium,39,145,43.833333333333336,0.29940247535705566,-1.411598750239803
BH_s19_medium,39,146,43.86666666666667,0.2454407960176468,-1.2020380079892747
BH_s19_medium,39,147,43.9,0.14378471672534943,-0.884458043186372
BH_s19_medium,39,148,43.93333333333333,-0.0642278790473938,-0.48360272901474693
BH_s19_medium,39,149,43.96666666666667,-0.4401378929615021,-0.03591332548145947
BH_s19_medium,39,150,44.0,-0.8160479068756104,0.41573320717771484
BH_s19_medium,39,151,44.03333333333333,-0.9992311596870422,0.8286869808821747
BH_s19_medium,39,152,44.06666666666667,-1.1063073873519897,1.1662864821261354
BH_s19_medium,39,153,44.1,-1.2133835554122925,1.4010380472750046
BH_s19_medium,39,154,44.13333333333333,-1.230955958366394,1.515842285677292
BH_s19_medium,39,155,44.166666666666664,-1.2856372594833374,1.5050657955865772
BH_s19_medium,39,156,44.2,-1.3403186798095703,1.3754872588704619
BH_s19_medium,39,157,44.233333333333334,-1.42296302318573,1.1452739595235493
BH_s19_medium,39,158,44.266666666666666,-1.453009843826294,0.8401216300838891
BH_s19_medium,39,159,44.3,-0.8330121636390686,0.4880213872648897
BH_s19_medium,39,160,44.333333333333336,0.3557417094707489,0.11502502854884358
BH_s19_medium,39,161,44.36666666666667,1.6724647283554077,-0.2564900618462328
BH_s19_medium,39,162,44.4,2.2521207332611084,-0.6071042309062091
BH_s19_medium,39,163,44.43333333333333,1.9240245819091797,-0.9184578457025374
BH_s19_medium,39,164,44.46666666666667,1.388643503189087,-1.1717870124069283
BH_s19_medium,39,165,44.5,0.9272856712341309,-1.348023146525953
BH_s19_medium,39,166,44.53333333333333,0.5587601065635681,-1.4296917944640195
BH_s19_medium,39,167,44.56666666666667,0.29502424597740173,-1.4039817451185967
BH_s19_medium,39,168,44.6,0.19075943529605865,-1.2658613112159842
BH_s19_medium,39,169,44.63333333333333,0.19023452699184418,-1.0201569010816007
BH_s19_medium,39,170,44.666666666666664,0.08315830677747726,-0.6820345098744554
BH_s19_medium,39,171,44.7,-0.07455116510391235,-0.2761044544760403
BH_s19_medium,39,172,44.733333333333334,-0.39173170924186707,0.16508216112539748
BH_s19_medium,39,173,44.766666666666666,-0.7129603624343872,0.6027583711789064
BH_s19_medium,39,174,44.8,-0.9357339143753052,0.9946823266297532
BH_s19_medium,39,175,44.833333333333336,-1.1083990335464478,1.3000115331314925
BH_s19_medium,39,176,44.86666666666667,-1.1762745380401611,1.4859043356026838
BH_s19_medium,39,177,44.9,-1.230955958366394,1.5336950037949002
BH_s19_medium,39,178,44.93333333333333,-1.2856372594833374,1.4423700374823338
BH_s19_medium,39,179,44.96666666666667,-1.3726599216461182,1.2281893798833414
BH_s19_medium,39,180,45.0,-1.479736089706421,0.9205008436917538
BH_s19_medium,39,181,45.03333333333333,-1.5868122577667236,0.5549461603223417
BH_s19_medium,39,182,45.06666666666667,-1.5627620220184326,0.16634037089866321
BH_s19_medium,39,183,45.1,-0.8349599838256836,-0.21629456195208527
BH_s19_medium,39,184,45.13333333333333,0.4287996292114258,-0.5712507969364292
BH_s19_medium,39,185,45.166666666666664,1.7253930568695068,-0.8826354879460655
BH_s19_medium,39,186,45.2,2.1812984943389893,-1.1373830739362822
BH_s19_medium,39,187,45.233333333333334,1.801586627960205,-1.322573738179514
BH_s19_medium,39,188,45.266666666666666,1.213810682296753,-1.4245098887780907
BH_s19_medium,39,189,45.3,0.6996684074401855,-1.4301725917144337
BH_s19_medium,39,190,45.333333333333336,0.34042420983314514,-1.3305578583514646
BH_s19_medium,39,191,45.36666666666667,0.13607807457447052,-1.1244598562938062
BH_s19_medium,39,192,45.4,0.13869470357894897,-0.8210403831603122
BH_s19_medium,39,193,45.43333333333333,0.19042930006980896,-0.4402596004747355
BH_s19_medium,39,194,45.46666666666667,0.08335308730602264,-0.01151849303595719
BH_s19_medium,39,195,45.5,-0.12460008263587952,0.4285966093509716
BH_s19_medium,39,196,45.53333333333333,-0.4939807057380676,0.839347443345323
BH_s19_medium,39,197,45.56666666666667,-0.7758732438087463,1.1802311064253912
BH_s19_medium,39,198,45.6,-0.9900256991386414,1.4166429913772818
BH_s19_medium,39,199,45.63333333333333,-1.1082043647766113,1.5255824097585462
BH_s19_medium,39,200,45.666666666666664,-1.1605991125106812,1.4998133254185393
BH_s19_medium,39,201,45.7,-1.1762745380401611,1.3492258711611522
BH_s19_medium,39,202,45.733333333333334,-1.230955958366394,1.0986277508718139
BH_s19_medium,39,203,45.766666666666666,-1.3177837133407593,0.7819986916757325
BH_s19_medium,39,204,45.8,-1.4248600006103516,0.4345491719319553
BH_s19_medium,39,205,45.833333333333336,-1.2300249338150024,0.08519428510592664
BH_s19_medium,39,206,45.86666666666667,-0.32601800560951233,-0.2475989696775204
BH_s19_medium,39,207,45.9,0.9818969964981079,-0.5548559687377708
BH_s19_medium,39,208,45.93333333333333,2.0648462772369385,-0.8318129350433805
BH_s19_medium,39,209,45.96666666666667,2.268050193786621,-1.071327204389519
BH_s19_medium,39,210,46.0,1.7890362739562988,-1.259471254248397
BH_s19_medium,39,211,46.03333333333333,1.215114712715149,-1.3755167056524973
BH_s19_medium,39,212,46.06666666666667,0.7459828853607178,-1.396415961897684
BH_s19_medium,39,213,46.1,0.44560348987579346,-1.3040358233876117
BH_s19_medium,39,214,46.13333333333333,0.30012214183807373,-1.0924810642211407
BH_s19_medium,39,215,46.166666666666664,0.30483052134513855,-0.772884297384652
BH_s19_medium,39,216,46.2,0.29770028591156006,-0.37381439993955157
BH_s19_medium,39,217,46.233333333333334,0.1359427273273468,0.06303034631624288
BH_s19_medium,39,218,46.266666666666666,-0.1287241131067276,0.49028385300131455
BH_s19_medium,39,219,46.3,-0.4521039128303528,0.8628788234993218
BH_s19_medium,39,220,46.333333333333336,-0.7253753542900085,1.14437979511086
BH_s19_medium,39,221,46.36666666666667,-0.8938571214675903,1.3109576733689803
BH_s19_medium,39,222,46.4,-1.000933289527893,1.353361055201396
BH_s19_medium,39,223,46.43333333333333,-1.0533281564712524,1.2773489327144427
BH_s19_medium,39,224,46.46666666666667,-1.0669118165969849,1.1023993651614483
BH_s19_medium,39,225,46.5,-1.1034364700317383,0.8580613544380251
BH_s19_medium,39,226,46.53333333333333,-1.2105127573013306,0.5778832265238308
BH_s19_medium,39,227,46.56666666666667,-1.3175889253616333,0.2922467042830016
BH_s19_medium,39,228,46.6,-1.3653348684310913,0.022684965072296268
BH_s19_medium,39,229,46.63333333333333,-0.8751854300498962,-0.2198671791427157
BH_s19_medium,39,230,46.666666666666664,0.43268662691116333,-0.43233582298018525
BH_s19_medium,39,231,46.7,1.9864349365234375,-0.6141085851977475
BH_s19_medium,39,232,46.733333333333334,2.9658656120300293,-0.762016028176099
BH_s19_medium,39,233,46.766666666666666,2.888345718383789,-0.8681939820491967
BH_s19_medium,39,234,46.8,2.282337188720703,-0.9215237321556314
BH_s19_medium,39,235,46.833333333333336,1.7218804359436035,-0.9115358723941451
BH_s19_medium,39,236,46.86666666666667,1.3482569456100464,-0.8328696464248868
BH_s19_medium,39,237,46.9,1.0384013652801514,-0.6885450945161962
BH_s19_medium,39,238,46.93333333333333,0.8401356935501099,-0.49093667760609616
BH_s19_medium,39,239,46.96666666666667,0.7922543883323669,-0.2602749361245413
BH_s19_medium,40,0,40.0,2.5458102226257324,-0.027241722222903282
BH_s19_medium,40,1,40.03333333333333,1.903352975845337,-0.37438730387491154
BH_s19_medium,40,2,40.06666666666667,1.450997233390808,-0.6923771066661507
BH_s19_medium,40,3,40.1,1.1535395383834839,-0.9555984655733708
BH_s19_medium,40,4,40.13333333333333,1.0656611919403076,-1.1424425546904218
BH_s19_medium,40,5,40.166666666666664,1.1538524627685547,-1.2379064400037447
BH_s19_medium,40,6,40.2,1.1750239133834839,-1.2352445729482762
BH_s19_medium,40,7,40.233333333333334,1.0077874660491943,-1.136266219178693
BH_s19_medium,40,8,40.266666666666666,0.6309715509414673,-0.9506229273700231
BH_s19_medium,40,9,40.3,0.25734806060791016,-0.6946045655501301
BH_s19_medium,40,10,40.333333333333336,-0.039516713470220566,-0.3896532375192301
BH_s19_medium,40,11,40.36666666666667,-0.28627315163612366,-0.060547712862518144
BH_s19_medium,40,12,40.4,-0.4282398819923401,0.2666377048973098
BH_s19_medium,40,13,40.43333333333333,-0.4806347191333771,0.5664976150550615
BH_s19_medium,40,14,40.46666666666667,-0.5330295562744141,0.8160283560434137
BH_s19_medium,40,15,40.5,-0.6401057839393616,0.9961942333079619
BH_s19_medium,40,16,40.53333333333333,-0.793505072593689,1.0933112762646888
BH_s19_medium,40,17,40.56666666666667,-0.5322769284248352,1.0999875374775885
BH_s19_medium,40,18,40.6,0.45869389176368713,1.0153171125681326
BH_s19_medium,40,19,40.63333333333333,1.9600473642349243,0.8444001687884348
BH_s19_medium,40,20,40.666666666666664,3.1364636421203613,0.5978315005241666
BH_s19_medium,40,21,40.7,3.2559897899627686,0.29181280406292703
BH_s19_medium,40,22,40.733333333333334,2.6342642307281494,-0.05131780352052779
BH_s19_medium,40,23,40.766666666666666,1.9317649602890015,-0.4031665516713836
BH_s19_medium,40,24,40.8,1.3788028955459595,-0.7308733056118142
BH_s19_medium,40,25,40.833333333333336,1.090101718902588,-1.0003626050159802
BH_s19_medium,40,26,40.86666666666667,0.9562984704971313,-1.1807954721851688
BH_s19_medium,40,27,40.9,0.9941865801811218,-1.2494519955753587
BH_s19_medium,40,28,40.93333333333333,0.9753782153129578,-1.1960984284034522
BH_s19_medium,40,29,40.96666666666667,0.8016718029975891,-1.0257042682818438
BH_s19_medium,40,30,41.0,0.44941455125808716,-0.7583167510892306
BH_s19_medium,40,31,41.03333333333333,0.04985179007053375,-0.42550458945605407
BH_s19_medium,40,32,41.06666666666667,-0.2713768482208252,-0.06419511550507065
BH_s19_medium,40,33,41.1,-0.5137550830841064,0.2899375830263318
BH_s19_medium,40,34,41.13333333333333,-0.6513435244560242,0.6071667912188818
BH_s19_medium,40,35,41.166666666666664,-0.7584197521209717,0.8652714041578978
BH_s19_medium,40,36,41.2,-0.8654959797859192,1.0485940810157524
BH_s19_medium,40,37,41.233333333333334,-0.9178908467292786,1.1465000712413285
BH_s19_medium,40,38,41.266666666666666,-0.9575491547584534,1.1529118079544067
BH_s19_medium,40,39,41.3,-0.6552233099937439,1.0672584765247919
BH_s19_medium,40,40,41.333333333333336,0.35973039269447327,0.8958463010498309
BH_s19_medium,40,41,41.36666666666667,1.9017246961593628,0.6523527992089334
BH_s19_medium,40,42,41.4,2.986689805984497,0.3570479683145562
BH_s19_medium,40,43,41.43333333333333,2.971684694290161,0.035331676187212065
BH_s19_medium,40,44,41.46666666666667,2.2755284309387207,-0.28382374275205846
BH_s19_medium,40,45,41.5,1.5774073600769043,-0.5696580648361127
BH_s19_medium,40,46,41.53333333333333,1.033201813697815,-0.7923109078620738
BH_s19_medium,40,47,41.56666666666667,0.7532570362091064,-0.9268855834249782
BH_s19_medium,40,48,41.6,0.6828916668891907,-0.9584153177895441
BH_s19_medium,40,49,41.63333333333333,0.7375730276107788,-0.8861598024198967
BH_s19_medium,40,50,41.666666666666664,0.7375730276107788,-0.7251722225263797
BH_s19_medium,40,51,41.7,0.5151302814483643,-0.5036345130876371
BH_s19_medium,40,52,41.733333333333334,0.13922029733657837,-0.2560208975739887
BH_s19_medium,40,53,41.766666666666666,-0.2366897165775299,-0.014186578528107523
BH_s19_medium,40,54,41.8,-0.55791836977005,0.2000101936472993
BH_s19_medium,40,55,41.833333333333336,-0.7673709988594055,0.3772073660284278
BH_s19_medium,40,56,41.86666666666667,-0.874447226524353,0.5172323132053507
BH_s19_medium,40,57,41.9,-0.9815234541893005,0.6222903052633655
BH_s19_medium,40,58,41.93333333333333,-1.0339182615280151,0.6909184684209891
BH_s19_medium,40,59,41.96666666666667,-1.1215932369232178,0.7161849632615751
BH_s19_medium,40,60,42.0,-1.159159779548645,0.6884186561207265
BH_s19_medium,40,61,42.03333333333333,-0.7842415571212769,0.599972839064144
BH_s19_medium,40,62,42.06666666666667,0.24443978071212769,0.4493838459729653
BH_s19_medium,40,63,42.1,1.6603461503982544,0.24363827032397908
BH_s19_medium,40,64,42.13333333333333,2.432695150375366,-0.0018516122189658933
BH_s19_medium,40,65,42.166666666666664,2.1798763275146484,-0.2655087074584735
BH_s19_medium,40,66,42.2,1.4793418645858765,-0.5233145441730649
BH_s19_medium,40,67,42.233333333333334,0.7867081761360168,-0.7525429321545977
BH_s19_medium,40,68,42.266666666666666,0.3583352863788605,-0.9340506041064152
BH_s19_medium,40,69,42.3,0.1395418345928192,-1.0524793118661409
BH_s19_medium,40,70,42.333333333333336,0.13032780587673187,-1.0949873839781568
BH_s19_medium,40,71,42.36666666666667,0.2374040186405182,-1.0502016870220843
BH_s19_medium,40,72,42.4,0.2010827213525772,-0.9092789970915595
BH_s19_medium,40,73,42.43333333333333,-0.04481799900531769,-0.669864485785918
BH_s19_medium,40,74,42.46666666666667,-0.4058317244052887,-0.34164683171706006
BH_s19_medium,40,75,42.5,-0.796638011932373,0.049587964026047496
BH_s19_medium,40,76,42.53333333333333,-1.0279732942581177,0.4626406122934796
BH_s19_medium,40,77,42.56666666666667,-1.154518723487854,0.847537563719179
BH_s19_medium,40,78,42.6,-1.2615950107574463,1.1560714426466974
BH_s19_medium,40,79,42.63333333333333,-1.3403186798095703,1.3520084590852652
BH_s19_medium,40,80,42.666666666666664,-1.4210660457611084,1.4172767484084303
BH_s19_medium,40,81,42.7,-1.4734609127044678,1.352777294048494
BH_s19_medium,40,82,42.733333333333334,-1.5375510454177856,1.174674672910155
BH_s19_medium,40,83,42.766666666666666,-1.0773038864135742,0.9082403835411585
BH_s19_medium,40,84,42.8,0.0657113641500473,0.581534108257853
BH_s19_medium,40,85,42.833333333333336,1.3760403394699097,0.22081871993135824
BH_s19_medium,40,86,42.86666666666667,2.104607105255127,-0.1510985865599481
BH_s19_medium,40,87,42.9,1.8355791568756104,-0.5136317219797556
BH_s19_medium,40,88,42.93333333333333,1.1908353567123413,-0.8458975389045248
BH_s19_medium,40,89,42.96666666666667,0.6554542779922485,-1.1251730529244126
BH_s19_medium,40,90,43.0,0.2358378767967224,-1.3275406274038093
BH_s19_medium,40,91,43.03333333333333,0.08048224449157715,-1.4303907312928807
BH_s19_medium,40,92,43.06666666666667,0.02671535313129425,-1.4158716520344092
BH_s19_medium,40,93,43.1,0.08139671385288239,-1.274689803993761
BH_s19_medium,40,94,43.13333333333333,0.03266040235757828,-1.0099513468940793
BH_s19_medium,40,95,43.166666666666664,-0.22199678421020508,-0.6402502971606708
BH_s19_medium,40,96,43.2,-0.5873886942863464,-0.20019423586328525
BH_s19_medium,40,97,43.233333333333334,-0.9191354513168335,0.26338437105396806
BH_s19_medium,40,98,43.266666666666666,-1.146092414855957,0.6992610547331721
BH_s19_medium,40,99,43.3,-1.2682597637176514,1.0610552943553413
BH_s19_medium,40,100,43.333333333333336,-1.3403186798095703,1.314589697220351
BH_s19_medium,40,101,43.36666666666667,-1.3403186798095703,1.441472673162768
BH_s19_medium,40,102,43.4,-1.3707629442214966,1.439191224222462
BH_s19_medium,40,103,43.43333333333333,-1.423157811164856,1.3191468055760522
BH_s19_medium,40,104,43.46666666666667,-1.50436270236969,1.1034195329909242
BH_s19_medium,40,105,43.5,-1.4336085319519043,0.8201967202580273
BH_s19_medium,40,106,43.53333333333333,-0.6685871481895447,0.49831592723528145
BH_s19_medium,40,107,43.56666666666667,0.6019560694694519,0.16245352544591712
BH_s19_medium,40,108,43.6,1.8556393384933472,-0.16934583833830352
BH_s19_medium,40,109,43.63333333333333,2.294455051422119,-0.48504054269900004
BH_s19_medium,40,110,43.666666666666664,1.934483289718628,-0.7754672501455913
BH_s19_medium,40,111,43.7,1.4089678525924683,-1.0303415653204846
BH_s19_medium,40,112,43.733333333333334,0.933560848236084,-1.235234490411545
BH_s19_medium,40,113,43.766666666666666,0.6123322248458862,-1.3709703774247188
BH_s19_medium,40,114,43.8,0.35179731249809265,-1.41616672072016
BH_s19_medium,40,115,43.833333333333336,0.29940247535705566,-1.3526066813974733
BH_s19_medium,40,116,43.86666666666667,0.2454407960176468,-1.1718974855789135
BH_s19_medium,40,117,43.9,0.14378471672534943,-0.8809648161199514
BH_s19_medium,40,118,43.93333333333333,-0.0642278790473938,-0.5039423085457031
BH_s19_medium,40,119,43.96666666666667,-0.4401378929615021,-0.07907435854760508
BH_s19_medium,40,120,44.0,-0.8160479068756104,0.34886800686232494
BH_s19_medium,40,121,44.03333333333333,-0.9992311596870422,0.7379004304453733
BH_s19_medium,40,122,44.06666666666667,-1.1063073873519897,1.0556704140651758
BH_s19_medium,40,123,44.1,-1.2133835554122925,1.2811293828244175
BH_s19_medium,40,124,44.13333333333333,-1.230955958366394,1.4026162019837571
BH_s19_medium,40,125,44.166666666666664,-1.2856372594833374,1.4163444852488996
BH_s19_medium,40,126,44.2,-1.3403186798095703,1.326730779936516
BH_s19_medium,40,127,44.233333333333334,-1.42296302318573,1.1464945891476752
BH_s19_medium,40,128,44.266666666666666,-1.453009843826294,0.8946459511369529
BH_s19_medium,40,129,44.3,-0.8330121636390686,0.5929300354970174
BH_s19_medium,40,130,44.333333333333336,0.3557417094707489,0.2625739300887713
BH_s19_medium,40,131,44.36666666666667,1.6724647283554077,-0.07732320856252538
BH_s19_medium,40,132,44.4,2.2521207332611084,-0.40960613768260845
BH_s19_medium,40,133,44.43333333333333,1.9240245819091797,-0.717881410865038
BH_s19_medium,40,134,44.46666666666667,1.388643503189087,-0.9854014478932571
BH_s19_medium,40,135,44.5,0.9272856712341309,-1.1948299538968719
BH_s19_medium,40,136,44.53333333333333,0.5587601065635681,-1.3292687546132649
BH_s19_medium,40,137,44.56666666666667,0.29502424597740173,-1.3743535556084203
BH_s19_medium,40,138,44.6,0.19075943529605865,-1.3206256402561538
BH_s19_medium,40,139,44.63333333333333,0.19023452699184418,-1.1652561987189676
BH_s19_medium,40,140,44.666666666666664,0.08315830677747726,-0.9128213063699301
BH_s19_medium,40,141,44.7,-0.07455116510391235,-0.575720473104396
BH_s19_medium,40,142,44.733333333333334,-0.39173170924186707,-0.17511269215259637
BH_s19_medium,40,143,44.766666666666666,-0.7129603624343872,0.2578487093450278
BH_s19_medium,40,144,44.8,-0.9357339143753052,0.6825949276349279
BH_s19_medium,40,145,44.833333333333336,-1.1083990335464478,1.053793773448733
BH_s19_medium,40,146,44.86666666666667,-1.1762745380401611,1.3295402268965075
BH_s19_medium,40,147,44.9,-1.230955958366394,1.4797743968884496
BH_s19_medium,40,148,44.93333333333333,-1.2856372594833374,1.4917950466309429
BH_s19_medium,40,149,44.96666666666667,-1.3726599216461182,1.3716174867677673
BH_s19_medium,40,150,45.0,-1.479736089706421,1.1411924563950164
BH_s19_medium,40,151,45.03333333333333,-1.5868122577667236,0.8322857660726737
BH_s19_medium,40,152,45.06666666666667,-1.5627620220184326,0.47889933156775893
BH_s19_medium,40,153,45.1,-0.8349599838256836,0.11084395705902243
BH_s19_medium,40,154,45.13333333333333,0.4287996292114258,-0.2494310575786269
BH_s19_medium,40,155,45.166666666666664,1.7253930568695068,-0.5861392097869261
BH_s19_medium,40,156,45.2,2.1812984943389893,-0.8866392334078363
BH_s19_medium,40,157,45.233333333333334,1.801586627960205,-1.1373440979756395
BH_s19_medium,40,158,45.266666666666666,1.213810682296753,-1.3215592959669458
BH_s19_medium,40,159,45.3,0.6996684074401855,-1.4207186033468657
BH_s19_medium,40,160,45.333333333333336,0.34042420983314514,-1.4184784662518224
BH_s19_medium,40,161,45.36666666666667,0.13607807457447052,-1.3054897468190214
BH_s19_medium,40,162,45.4,0.13869470357894897,-1.082594147591899
BH_s19_medium,40,163,45.43333333333333,0.19042930006980896,-0.761648411833265
BH_s19_medium,40,164,45.46666666666667,0.08335308730602264,-0.36494240620946655
BH_s19_medium,40,165,45.5,-0.12460008263587952,0.07561919949549686
BH_s19_medium,40,166,45.53333333333333,-0.4939807057380676,0.5201483408470523
BH_s19_medium,40,167,45.56666666666667,-0.7758732438087463,0.9249008995989577
BH_s19_medium,40,168,45.6,-0.9900256991386414,1.2490338890346455
BH_s19_medium,40,169,45.63333333333333,-1.1082043647766113,1.461802124089886
BH_s19_medium,40,170,45.666666666666664,-1.1605991125106812,1.5475035861494104
BH_s19_medium,40,171,45.7,-1.1762745380401611,1.5066472733603693
BH_s19_medium,40,172,45.733333333333334,-1.230955958366394,1.3532961401995784
BH_s19_medium,40,173,45.766666666666666,-1.3177837133407593,1.1098009595719398
BH_s19_medium,40,174,45.8,-1.4248600006103516,0.8010145484702726
BH_s19_medium,40,175,45.833333333333336,-1.2300249338150024,0.45010927777939924
BH_s19_medium,40,176,45.86666666666667,-0.32601800560951233,0.07713786976266716
BH_s19_medium,40,177,45.9,0.9818969964981079,-0.29992177830355254
BH_s19_medium,40,178,45.93333333333333,2.0648462772369385,-0.6629125767467361
BH_s19_medium,40,179,45.96666666666667,2.268050193786621,-0.9915751817470366
BH_s19_medium,40,180,46.0,1.7890362739562988,-1.2630841555204644
BH_s19_medium,40,181,46.03333333333333,1.215114712715149,-1.4534509463749652
BH_s19_medium,40,182,46.06666666666667,0.7459828853607178,-1.5405564344195188
BH_s19_medium,40,183,46.1,0.44560348987579346,-1.5081565388474927
BH_s19_medium,40,184,46.13333333333333,0.30012214183807373,-1.349966583477314
BH_s19_medium,40,185,46.166666666666664,0.30483052134513855,-1.0727545615058638
BH_s19_medium,40,186,46.2,0.29770028591156006,-0.6973203444040489
BH_s19_medium,40,187,46.233333333333334,0.1359427273273468,-0.2566949266583228
BH_s19_medium,40,188,46.266666666666666,-0.1287241131067276,0.2080597596382909
BH_s19_medium,40,189,46.3,-0.4521039128303528,0.6531937931364129
BH_s19_medium,40,190,46.333333333333336,-0.7253753542900085,1.0374816686043844
BH_s19_medium,40,191,46.36666666666667,-0.8938571214675903,1.326600531670234
BH_s19_medium,40,192,46.4,-1.000933289527893,1.496482106605452
BH_s19_medium,40,193,46.43333333333333,-1.0533281564712524,1.5356039955818688
BH_s19_medium,40,194,46.46666666666667,-1.0669118165969849,1.4460342821283567
BH_s19_medium,40,195,46.5,-1.1034364700317383,1.2428104295553624
BH_s19_medium,40,196,46.53333333333333,-1.2105127573013306,0.9512401602115814
BH_s19_medium,40,197,46.56666666666667,-1.3175889253616333,0.6022376535546182
BH_s19_medium,40,198,46.6,-1.3653348684310913,0.22675607764356892
BH_s19_medium,40,199,46.63333333333333,-0.8751854300498962,-0.14891625342447543
BH_s19_medium,40,200,46.666666666666664,0.43268662691116333,-0.5053921341451604
BH_s19_medium,40,201,46.7,1.9864349365234375,-0.8293623048431753
BH_s19_medium,40,202,46.733333333333334,2.9658656120300293,-1.1104560827130032
BH_s19_medium,40,203,46.766666666666666,2.888345718383789,-1.337472079743758
BH_s19_medium,40,204,46.8,2.282337188720703,-1.4957866394693309
BH_s19_medium,40,205,46.833333333333336,1.7218804359436035,-1.56726901764516
BH_s19_medium,40,206,46.86666666666667,1.3482569456100464,-1.5332953467536117
BH_s19_medium,40,207,46.9,1.0384013652801514,-1.3803942489869112
BH_s19_medium,40,208,46.93333333333333,0.8401356935501099,-1.1067259992482452
BH_s19_medium,40,209,46.96666666666667,0.7922543883323669,-0.7266536332591029
BH_s19_medium,40,210,47.0,0.7331188917160034,-0.27095088040526427
BH_s19_medium,40,211,47.03333333333333,0.4643445312976837,0.21783766404372662
BH_s19_medium,40,212,47.06666666666667,0.09078044444322586,0.6926121375032377
BH_s19_medium,40,213,47.1,-0.2327941358089447,1.1083760100239726
BH_s19_medium,40,214,47.13333333333333,-0.5540227890014648,1.4273535610716257
BH_s19_medium,40,215,47.166666666666664,-0.7750941514968872,1.62355854031232
BH_s19_medium,40,216,47.2,-0.8913758397102356,1.6868088123964187
BH_s19_medium,40,217,47.233333333333334,-0.9437706470489502,1.6242738456460217
BH_s19_medium,40,218,47.266666666666666,-0.9961655139923096,1.4578605392638475
BH_s19_medium,40,219,47.3,-1.1032416820526123,1.2177831654772076
BH_s19_medium,40,220,47.333333333333336,-1.2103179693222046,0.9346049646872439
BH_s19_medium,40,221,47.36666666666667,-1.3173941373825073,0.6327344480336055
BH_s19_medium,40,222,47.4,-1.336059331893921,0.32760592575145225
BH_s19_medium,40,223,47.43333333333333,-0.6038452982902527,0.027124633763212787
BH_s19_medium,40,224,47.46666666666667,0.8625239729881287,-0.26373429624914757
BH_s19_medium,40,225,47.5,2.408007860183716,-0.537374731339687
BH_s19_medium,40,226,47.53333333333333,3.088871479034424,-0.7794909012104754
BH_s19_medium,40,227,47.56666666666667,2.7619190216064453,-0.968303489315406
BH_s19_medium,40,228,47.6,2.11946177482605,-1.0779295690706496
BH_s19_medium,40,229,47.63333333333333,1.5586154460906982,-1.085328297798423
BH_s19_medium,40,230,47.666666666666664,1.1414889097213745,-0.9788762370564817
BH_s19_medium,40,231,47.7,0.8838334679603577,-0.7657803328974777
BH_s19_medium,40,232,47.733333333333334,0.7441783547401428,-0.4755996280307459
BH_s19_medium,40,233,47.766666666666666,0.7879356145858765,-0.15786099980512702
BH_s19_medium,40,234,47.8,0.6767947673797607,0.1270315493204169
BH_s19_medium,40,235,47.833333333333336,0.355566143989563,0.3221307076128683
BH_s19_medium,40,236,47.86666666666667,-0.020343869924545288,0.3891009628181526
BH_s19_medium,40,237,47.9,-0.4509352445602417,0.318615563826376
BH_s19_medium,40,238,47.93333333333333,-0.7721638679504395,0.13264932289508172
BH_s19_medium,40,239,47.96666666666667,-0.9481489062309265,-0.12114370784048266
BH_s19_medium,41,0,41.0,0.44941455125808716,-0.0004569714814505474
BH_s19_medium,41,1,41.03333333333333,0.04985179007053375,0.20429994661982484
BH_s19_medium,41,2,41.06666666666667,-0.2713768482208252,0.3938572384389039
BH_s19_medium,41,3,41.1,-0.5137550830841064,0.5546763092049349
BH_s19_medium,41,4,41.13333333333333,-0.6513435244560242,0.6762921116098108
BH_s19_medium,41,5,41.166666666666664,-0.7584197521209717,0.7538864242516149
BH_s19_medium,41,6,41.2,-0.8654959797859192,0.7894281843772478
BH_s19_medium,41,7,41.233333333333334,-0.9178908467292786,0.789748575442048
BH_s19_medium,41,8,41.266666666666666,-0.9575491547584534,0.7621848901237737
BH_s19_medium,41,9,41.3,-0.6552233099937439,0.7104176840721667
BH_s19_medium,41,10,41.333333333333336,0.35973039269447327,0.632904414778272
BH_s19_medium,41,11,41.36666666666667,1.9017246961593628,0.5246230399293698
BH_s19_medium,41,12,41.4,2.986689805984497,0.38130321549001467
BH_s19_medium,41,13,41.43333333333333,2.971684694290161,0.2043379218169876
BH_s19_medium,41,14,41.46666666666667,2.2755284309387207,0.004090148133189356
BH_s19_medium,41,15,41.5,1.5774073600769043,-0.20019132645386914
BH_s19_medium,41,16,41.53333333333333,1.033201813697815,-0.38404267330667013
BH_s19_medium,41,17,41.56666666666667,0.7532570362091064,-0.5235959018575478
BH_s19_medium,41,18,41.6,0.6828916668891907,-0.6014406109581314
BH_s19_medium,41,19,41.63333333333333,0.7375730276107788,-0.610724359491982
BH_s19_medium,41,20,41.666666666666664,0.7375730276107788,-0.5563411135231894
BH_s19_medium,41,21,41.7,0.5151302814483643,-0.4529225817097371
BH_s19_medium,41,22,41.733333333333334,0.13922029733657837,-0.3203451251758518
BH_s19_medium,41,23,41.766666666666666,-0.2366897165775299,-0.17830452374425218
BH_s19_medium,41,24,41.8,-0.55791836977005,-0.04184141705737526
BH_s19_medium,41,25,41.833333333333336,-0.7673709988594055,0.0806778039642663
BH_s19_medium,41,26,41.86666666666667,-0.874447226524353,0.1866214402835987
BH_s19_medium,41,27,41.9,-0.9815234541893005,0.27588175370463486
BH_s19_medium,41,28,41.93333333333333,-1.0339182615280151,0.3469714325585583
BH_s19_medium,41,29,41.96666666666667,-1.1215932369232178,0.39435446431429333
BH_s19_medium,41,30,42.0,-1.159159779548645,0.4085788267372989
BH_s19_medium,41,31,42.03333333333333,-0.7842415571212769,0.379470860737966
BH_s19_medium,41,32,42.06666666666667,0.24443978071212769,0.3007772623010712
BH_s19_medium,41,33,42.1,1.6603461503982544,0.17367109780610623
BH_s19_medium,41,34,42.13333333333333,2.432695150375366,0.007439734738392145
BH_s19_medium,41,35,42.166666666666664,2.1798763275146484,-0.18251944835170986
BH_s19_medium,41,36,42.2,1.4793418645858765,-0.378032224709921
BH_s19_medium,41,37,42.233333333333334,0.7867081761360168,-0.5611796131993692
BH_s19_medium,41,38,42.266666666666666,0.3583352863788605,-0.7158477788645468
BH_s19_medium,41,39,42.3,0.1395418345928192,-0.827529720716614
BH_s19_medium,41,40,42.333333333333336,0.13032780587673187,-0.8821785875396136
BH_s19_medium,41,41,42.36666666666667,0.2374040186405182,-0.8656557738006206
BH_s19_medium,41,42,42.4,0.2010827213525772,-0.7652939854559542
BH_s19_medium,41,43,42.43333333333333,-0.04481799900531769,-0.5741000164869393
BH_s19_medium,41,44,42.46666666666667,-0.4058317244052887,-0.296436545783331
BH_s19_medium,41,45,42.5,-0.796638011932373,0.04748354146471144
BH_s19_medium,41,46,42.53333333333333,-1.0279732942581177,0.42128691864244
BH_s19_medium,41,47,42.56666666666667,-1.154518723487854,0.7778944027982723
BH_s19_medium,41,48,42.6,-1.2615950107574463,1.0695664779695484
BH_s19_medium,41,49,42.63333333333333,-1.3403186798095703,1.25888428000677
BH_s19_medium,41,50,42.666666666666664,-1.4210660457611084,1.3263999135255136
BH_s19_medium,41,51,42.7,-1.4734609127044678,1.2722885205661467
BH_s19_medium,41,52,42.733333333333334,-1.5375510454177856,1.112227220454266
BH_s19_medium,41,53,42.766666666666666,-1.0773038864135742,0.8701666339237929
BH_s19_medium,41,54,42.8,0.0657113641500473,0.5713429222230064
BH_s19_medium,41,55,42.833333333333336,1.3760403394699097,0.23802062257108808
BH_s19_medium,41,56,42.86666666666667,2.104607105255127,-0.11106319995338224
BH_s19_medium,41,57,42.9,1.8355791568756104,-0.45826843155349045
BH_s19_medium,41,58,42.93333333333333,1.1908353567123413,-0.7837509020043546
BH_s19_medium,41,59,42.96666666666667,0.6554542779922485,-1.0637370860131228
BH_s19_medium,41,60,43.0,0.2358378767967224,-1.2717446917811428
BH_s19_medium,41,61,43.03333333333333,0.08048224449157715,-1.3824185285456831
BH_s19_medium,41,62,43.06666666666667,0.02671535313129425,-1.3764619507785991
BH_s19_medium,41,63,43.1,0.08139671385288239,-1.2450776929372087
BH_s19_medium,41,64,43.13333333333333,0.03266040235757828,-0.9931230176234798
BH_s19_medium,41,65,43.166666666666664,-0.22199678421020508,-0.6406824926155885
BH_s19_medium,41,66,43.2,-0.5873886942863464,-0.22234934926161615
BH_s19_medium,41,67,43.233333333333334,-0.9191354513168335,0.21674143815227445
BH_s19_medium,41,68,43.266666666666666,-1.146092414855957,0.6280719168820853
BH_s19_medium,41,69,43.3,-1.2682597637176514,0.9683466473293331
BH_s19_medium,41,70,43.333333333333336,-1.3403186798095703,1.2067824003587246
BH_s19_medium,41,71,43.36666666666667,-1.3403186798095703,1.3288242876246603
BH_s19_medium,41,72,43.4,-1.3707629442214966,1.3358077581572954
BH_s19_medium,41,73,43.43333333333333,-1.423157811164856,1.2415929316787118
BH_s19_medium,41,74,43.46666666666667,-1.50436270236969,1.0673853187684383
BH_s19_medium,41,75,43.5,-1.4336085319519043,0.8358185225371562
BH_s19_medium,41,76,43.53333333333333,-0.6685871481895447,0.565925325142147
BH_s19_medium,41,77,43.56666666666667,0.6019560694694519,0.2709079092617212
BH_s19_medium,41,78,43.6,1.8556393384933472,-0.04047650281486678
BH_s19_medium,41,79,43.63333333333333,2.294455051422119,-0.35990725384124533
BH_s19_medium,41,80,43.666666666666664,1.934483289718628,-0.6750675892486152
BH_s19_medium,41,81,43.7,1.4089678525924683,-0.9670100187624364
BH_s19_medium,41,82,43.733333333333334,0.933560848236084,-1.2105613979447307
BH_s19_medium,41,83,43.766666666666666,0.6123322248458862,-1.3777072475059522
BH_s19_medium,41,84,43.8,0.35179731249809265,-1.442929450880318
BH_s19_medium,41,85,43.833333333333336,0.29940247535705566,-1.3889990637185763
BH_s19_medium,41,86,43.86666666666667,0.2454407960176468,-1.2116551761733836
BH_s19_medium,41,87,43.9,0.14378471672534943,-0.9219224562261633
BH_s19_medium,41,88,43.93333333333333,-0.0642278790473938,-0.5454584557117308
BH_s19_medium,41,89,43.96666666666667,-0.4401378929615021,-0.11897259834494806
BH_s19_medium,41,90,44.0,-0.8160479068756104,0.3156803161890603
BH_s19_medium,41,91,44.03333333333333,-0.9992311596870422,0.7182394605005054
BH_s19_medium,41,92,44.06666666666667,-1.1063073873519897,1.0551624202903576
BH_s19_medium,41,93,44.1,-1.2133835554122925,1.3014844476413132
BH_s19_medium,41,94,44.13333333333333,-1.230955958366394,1.4406582439209603
BH_s19_medium,41,95,44.166666666666664,-1.2856372594833374,1.4650493426292444
BH_s19_medium,41,96,44.2,-1.3403186798095703,1.3773870498482519
BH_s19_medium,41,97,44.233333333333334,-1.42296302318573,1.190824112326023
BH_s19_medium,41,98,44.266666666666666,-1.453009843826294,0.9261217329356637
BH_s19_medium,41,99,44.3,-0.8330121636390686,0.6071566483190688
BH_s19_medium,41,100,44.333333333333336,0.3557417094707489,0.25710181531747117
BH_s19_medium,41,101,44.36666666666667,1.6724647283554077,-0.10322078025594957
BH_s19_medium,41,102,44.4,2.2521207332611084,-0.45490376673861843
BH_s19_medium,41,103,44.43333333333333,1.9240245819091797,-0.7796298612416048
BH_s19_medium,41,104,44.46666666666667,1.388643503189087,-1.0587241586411384
BH_s19_medium,41,105,44.5,0.9272856712341309,-1.273279732283841
BH_s19_medium,41,106,44.53333333333333,0.5587601065635681,-1.4054794186055055
BH_s19_medium,41,107,44.56666666666667,0.29502424597740173,-1.4407498658811797
BH_s19_medium,41,108,44.6,0.19075943529605865,-1.3699846067433672
BH_s19_medium,41,109,44.63333333333333,0.19023452699184418,-1.191159775560217
BH_s19_medium,41,110,44.666666666666664,0.08315830677747726,-0.9103552649676948
BH_s19_medium,41,111,44.7,-0.07455116510391235,-0.542734202195113
BH_s19_medium,41,112,44.733333333333334,-0.39173170924186707,-0.11367732397702765
BH_s19_medium,41,113,44.766666666666666,-0.7129603624343872,0.3408427270612474
BH_s19_medium,41,114,44.8,-0.9357339143753052,0.7764740143149583
BH_s19_medium,41,115,44.833333333333336,-1.1083990335464478,1.1464825862753063
BH_s19_medium,41,116,44.86666666666667,-1.1762745380401611,1.4103809333487705
BH_s19_medium,41,117,44.9,-1.230955958366394,1.5420369146389998
BH_s19_medium,41,118,44.93333333333333,-1.2856372594833374,1.5343053034630607
BH_s19_medium,41,119,44.96666666666667,-1.3726599216461182,1.398789412667588
BH_s19_medium,41,120,45.0,-1.479736089706421,1.1608406738910544
BH_s19_medium,41,121,45.03333333333333,-1.5868122577667236,0.8514887479764881
BH_s19_medium,41,122,45.06666666666667,-1.5627620220184326,0.49969304199895653
BH_s19_medium,41,123,45.1,-0.8349599838256836,0.12837669131864549
BH_s19_medium,41,124,45.13333333333333,0.4287996292114258,-0.24480009266802272
BH_s19_medium,41,125,45.166666666666664,1.7253930568695068,-0.6038707269629953
BH_s19_medium,41,126,45.2,2.1812984943389893,-0.93101603618555
BH_s19_medium,41,127,45.233333333333334,1.801586627960205,-1.2050117564372715
BH_s19_medium,41,128,45.266666666666666,1.213810682296753,-1.4024515758969431
BH_s19_medium,41,129,45.3,0.6996684074401855,-1.501441667938372
BH_s19_medium,41,130,45.333333333333336,0.34042420983314514,-1.4864902285058599
BH_s19_medium,41,131,45.36666666666667,0.13607807457447052,-1.3527633295705663
BH_s19_medium,41,132,45.4,0.13869470357894897,-1.1080905549270366
BH_s19_medium,41,133,45.43333333333333,0.19042930006980896,-0.7721331737568045
BH_s19_medium,41,134,45.46666666666667,0.08335308730602264,-0.3734948961677804
BH_s19_medium,41,135,45.5,-0.12460008263587952,0.05380116472118436
BH_s19_medium,41,136,45.53333333333333,-0.4939807057380676,0.4736488922905912
BH_s19_medium,41,137,45.56666666666667,-0.7758732438087463,0.8511091123359744
BH_s19_medium,41,138,45.6,-0.9900256991386414,1.155829106456094
BH_s19_medium,41,139,45.63333333333333,-1.1082043647766113,1.3653870270490838
BH_s19_medium,41,140,45.666666666666664,-1.1605991125106812,1.467823450990682
BH_s19_medium,41,141,45.7,-1.1762745380401611,1.46249506980999
BH_s19_medium,41,142,45.733333333333334,-1.230955958366394,1.3587059787638762
BH_s19_medium,41,143,45.766666666666666,-1.3177837133407593,1.172279720623455
BH_s19_medium,41,144,45.8,-1.4248600006103516,0.9210962919489581
BH_s19_medium,41,145,45.833333333333336,-1.2300249338150024,0.6212438626852628
BH_s19_medium,41,146,45.86666666666667,-0.32601800560951233,0.2854217261636883
BH_s19_medium,41,147,45.9,0.9818969964981079,-0.07566094768574094
BH_s19_medium,41,148,45.93333333333333,2.0648462772369385,-0.4496525342427379
BH_s19_medium,41,149,45.96666666666667,2.268050193786621,-0.8186356533633553
BH_s19_medium,41,150,46.0,1.7890362739562988,-1.1569569231178527
BH_s19_medium,41,151,46.03333333333333,1.215114712715149,-1.4321036726372427
BH_s19_medium,41,152,46.06666666666667,0.7459828853607178,-1.6089238435011326
BH_s19_medium,41,153,46.1,0.44560348987579346,-1.656502651463158
BH_s19_medium,41,154,46.13333333333333,0.30012214183807373,-1.5560939631583313
BH_s19_medium,41,155,46.166666666666664,0.30483052134513855,-1.3077370100935417
BH_s19_medium,41,156,46.2,0.29770028591156006,-0.9329465202598527
BH_s19_medium,41,157,46.233333333333334,0.1359427273273468,-0.4719038647452533
BH_s19_medium,41,158,46.266666666666666,-0.1287241131067276,0.02408834206160551
BH_s19_medium,41,159,46.3,-0.4521039128303528,0.502101522241465
BH_s19_medium,41,160,46.333333333333336,-0.7253753542900085,0.916016517929642
BH_s19_medium,41,161,46.36666666666667,-0.8938571214675903,1.232132836191696
BH_s19_medium,41,162,46.4,-1.000933289527893,1.4316620721728348
BH_s19_medium,41,163,46.43333333333333,-1.0533281564712524,1.5106285387699734
BH_s19_medium,41,164,46.46666666666667,-1.0669118165969849,1.477685782874695
BH_s19_medium,41,165,46.5,-1.1034364700317383,1.350160067440848
BH_s19_medium,41,166,46.53333333333333,-1.2105127573013306,1.1489171178526862
BH_s19_medium,41,167,46.56666666666667,-1.3175889253616333,0.8933290989443284
BH_s19_medium,41,168,46.6,-1.3653348684310913,0.5980834286128638
BH_s19_medium,41,169,46.63333333333333,-0.8751854300498962,0.2731580249258345
BH_s19_medium,41,170,46.666666666666664,0.43268662691116333,-0.0731239720952328
BH_s19_medium,41,171,46.7,1.9864349365234375,-0.4295997162758533
BH_s19_medium,41,172,46.733333333333334,2.9658656120300293,-0.7786482388348893
BH_s19_medium,41,173,46.766666666666666,2.888345718383789,-1.0952556926898376
BH_s19_medium,41,174,46.8,2.282337188720703,-1.349280943180239
BH_s19_medium,41,175,46.833333333333336,1.7218804359436035,-1.5102317104370793
BH_s19_medium,41,176,46.86666666666667,1.3482569456100464,-1.5533277983750637
BH_s19_medium,41,177,46.9,1.0384013652801514,-1.4654738912455252
BH_s19_medium,41,178,46.93333333333333,0.8401356935501099,-1.249553437070173
BH_s19_medium,41,179,46.96666666666667,0.7922543883323669,-0.9253760777306947
BH_s19_medium,41,180,47.0,0.7331188917160034,-0.5262559247797739
BH_s19_medium,41,181,47.03333333333333,0.4643445312976837,-0.09210403922817127
BH_s19_medium,41,182,47.06666666666667,0.09078044444322586,0.337704780966065
BH_s19_medium,41,183,47.1,-0.2327941358089447,0.7284055608705665
BH_s19_medium,41,184,47.13333333333333,-0.5540227890014648,1.0508922816168136
BH_s19_medium,41,185,47.166666666666664,-0.7750941514968872,1.282462128713257
BH_s19_medium,41,186,47.2,-0.8913758397102356,1.4086663323827562
BH_s19_medium,41,187,47.233333333333334,-0.9437706470489502,1.4249832034553211
BH_s19_medium,41,188,47.266666666666666,-0.9961655139923096,1.3366633923118505
BH_s19_medium,41,189,47.3,-1.1032416820526123,1.1566046669140342
BH_s19_medium,41,190,47.333333333333336,-1.2103179693222046,0.9023191523346097
BH_s19_medium,41,191,47.36666666666667,-1.3173941373825073,0.5932368109471777
BH_s19_medium,41,192,47.4,-1.336059331893921,0.24908941715309144
BH_s19_medium,41,193,47.43333333333333,-0.6038452982902527,-0.1104874906191671
BH_s19_medium,41,194,47.46666666666667,0.8625239729881287,-0.4653557749183639
BH_s19_medium,41,195,47.5,2.408007860183716,-0.7937885898306279
BH_s19_medium,41,196,47.53333333333333,3.088871479034424,-1.071794401157968
BH_s19_medium,41,197,47.56666666666667,2.7619190216064453,-1.2738664368528148
BH_s19_medium,41,198,47.6,2.11946177482605,-1.3756712515847909
BH_s19_medium,41,199,47.63333333333333,1.5586154460906982,-1.3583182112488836
BH_s19_medium,41,200,47.666666666666664,1.1414889097213745,-1.2131327194432138
BH_s19_medium,41,201,47.7,0.8838334679603577,-0.9456565209615762
BH_s19_medium,41,202,47.733333333333334,0.7441783547401428,-0.5778371049800572
BH_s19_medium,41,203,47.766666666666666,0.7879356145858765,-0.14740261156148785
BH_s19_medium,41,204,47.8,0.6767947673797607,0.2967613518206545
BH_s19_medium,41,205,47.833333333333336,0.355566143989563,0.7033145969828413
BH_s19_medium,41,206,47.86666666666667,-0.020343869924545288,1.0285724267673464
BH_s19_medium,41,207,47.9,-0.4509352445602417,1.2438722968730467
BH_s19_medium,41,208,47.93333333333333,-0.7721638679504395,1.3379964318986228
BH_s19_medium,41,209,47.96666666666667,-0.9481489062309265,1.3153950807115389
BH_s19_medium,41,210,48.0,-1.0122305154800415,1.1919161563181175
BH_s19_medium,41,211,48.03333333333333,-1.0529385805130005,0.9894108493096063
BH_s19_medium,41,212,48.06666666666667,-1.0669118165969849,0.730611113370433
BH_s19_medium,41,213,48.1,-1.1030470132827759,0.4356275479208926
BH_s19_medium,41,214,48.13333333333333,-1.1892904043197632,0.1205421769181863
BH_s19_medium,41,215,48.166666666666664,-1.2540751695632935,-0.20223797010724381
BH_s19_medium,41,216,48.2,-0.6647932529449463,-0.5221322357902591
BH_s19_medium,41,217,48.233333333333334,0.6502770781517029,-0.8273188997830289
BH_s19_medium,41,218,48.266666666666666,2.182312488555908,-1.1016516269234178
BH_s19_medium,41,219,48.3,2.8925621509552,-1.323493548477038
BH_s19_medium,41,220,48.333333333333336,2.565195083618164,-1.4677128885362034
BH_s19_medium,41,221,48.36666666666667,1.8156615495681763,-1.510554603167612
BH_s19_medium,41,222,48.4,1.0972411632537842,-1.4359177461960624
BH_s19_medium,41,223,48.43333333333333,0.643081545829773,-1.241083933009963
BH_s19_medium,41,224,48.46666666666667,0.39850133657455444,-0.9400194110708336
BH_s19_medium,41,225,48.5,0.36350056529045105,-0.5628947246861558
BH_s19_medium,41,226,48.53333333333333,0.46416622400283813,-0.15141997490714446
BH_s19_medium,41,227,48.56666666666667,0.45591819286346436,0.24895375546979856
BH_s19_medium,41,228,48.6,0.18524686992168427,0.5974207029891019
BH_s19_medium,41,229,48.63333333333333,-0.190214142203331,0.8640626816045126
BH_s19_medium,41,230,48.666666666666664,-0.6185190081596375,1.032859418094495
BH_s19_medium,41,231,48.7,-0.942483127117157,1.1021022250290866
BH_s19_medium,41,232,48.733333333333334,-1.1142847537994385,1.0830081010162913
BH_s19_medium,41,233,48.766666666666666,-1.1762745380401611,0.9967078289742737
BH_s19_medium,41,234,48.8,-1.1762745380401611,0.8697475050513478
BH_s19_medium,41,235,48.833333333333336,-1.230955958366394,0.728720528116558
BH_s19_medium,41,236,48.86666666666667,-1.269182801246643,0.5949855162933995
BH_s19_medium,41,237,48.9,-1.3762589693069458,0.48053266878335643
BH_s19_medium,41,238,48.93333333333333,-1.2940385341644287,0.38605979208273283
BH_s19_medium,41,239,48.96666666666667,-0.47177860140800476,0.30211994184800695
BH_s19_medium,42,0,42.0,-1.159159779548645,-0.0852475234754777
BH_s19_medium,42,1,42.03333333333333,-0.7842415571212769,-0.15454718074007853
BH_s19_medium,42,2,42.06666666666667,0.24443978071212769,-0.2262454144385767
BH_s19_medium,42,3,42.1,1.6603461503982544,-0.30582092194475763
BH_s19_medium,42,4,42.13333333333333,2.432695150375366,-0.39955195639015684
BH_s19_medium,42,5,42.166666666666664,2.1798763275146484,-0.512643216127357
BH_s19_medium,42,6,42.2,1.4793418645858765,-0.6457752090792227
BH_s19_medium,42,7,42.233333333333334,0.7867081761360168,-0.7915695255613248
BH_s19_medium,42,8,42.266666666666666,0.3583352863788605,-0.9327897862195682
BH_s19_medium,42,9,42.3,0.1395418345928192,-1.0434789308135954
BH_s19_medium,42,10,42.333333333333336,0.13032780587673187,-1.09322741856432
BH_s19_medium,42,11,42.36666666666667,0.2374040186405182,-1.0537575710702036
BH_s19_medium,42,12,42.4,0.2010827213525772,-0.9062642690356308
BH_s19_medium,42,13,42.43333333333333,-0.04481799900531769,-0.6477433072321076
BH_s19_medium,42,14,42.46666666666667,-0.4058317244052887,-0.29481959461007207
BH_s19_medium,42,15,42.5,-0.796638011932373,0.1162240198208718
BH_s19_medium,42,16,42.53333333333333,-1.0279732942581177,0.5344642806738098
BH_s19_medium,42,17,42.56666666666667,-1.154518723487854,0.9044484972369319
BH_s19_medium,42,18,42.6,-1.2615950107574463,1.1786815639128125
BH_s19_medium,42,19,42.63333333333333,-1.3403186798095703,1.3277517851928533
BH_s19_medium,42,20,42.666666666666664,-1.4210660457611084,1.344297248430451
BH_s19_medium,42,21,42.7,-1.4734609127044678,1.240169844263115
BH_s19_medium,42,22,42.733333333333334,-1.5375510454177856,1.0392597672563475
BH_s19_medium,42,23,42.766666666666666,-1.0773038864135742,0.7697034072481052
BH_s19_medium,42,24,42.8,0.0657113641500473,0.4582070887083308
BH_s19_medium,42,25,42.833333333333336,1.3760403394699097,0.12734908450477422
BH_s19_medium,42,26,42.86666666666667,2.104607105255127,-0.2044948961155572
BH_s19_medium,42,27,42.9,1.8355791568756104,-0.5214240333710425
BH_s19_medium,42,28,42.93333333333333,1.1908353567123413,-0.8075497555931185
BH_s19_medium,42,29,42.96666666666667,0.6554542779922485,-1.0449876555039659
BH_s19_medium,42,30,43.0,0.2358378767967224,-1.2133477735226716
BH_s19_medium,42,31,43.03333333333333,0.08048224449157715,-1.2913047097461898
BH_s19_medium,42,32,43.06666666666667,0.02671535313129425,-1.2601670437960724
BH_s19_medium,42,33,43.1,0.08139671385288239,-1.1088056742023815
BH_s19_medium,42,34,43.13333333333333,0.03266040235757828,-0.838934642726254
BH_s19_medium,42,35,43.166666666666664,-0.22199678421020508,-0.4691525644895278
BH_s19_medium,42,36,43.2,-0.5873886942863464,-0.03545289132744694
BH_s19_medium,42,37,43.233333333333334,-0.9191354513168335,0.41351447693497617
BH_s19_medium,42,38,43.266666666666666,-1.146092414855957,0.8256482068185858
BH_s19_medium,42,39,43.3,-1.2682597637176514,1.155719038423224
BH_s19_medium,42,40,43.333333333333336,-1.3403186798095703,1.3729997681685004
BH_s19_medium,42,41,43.36666666666667,-1.3403186798095703,1.4641451372624839
BH_s19_medium,42,42,43.4,-1.3707629442214966,1.4318060863867774
BH_s19_medium,42,43,43.43333333333333,-1.423157811164856,1.2908801358004436
BH_s19_medium,42,44,43.46666666666667,-1.50436270236969,1.0638344082532145
BH_s19_medium,42,45,43.5,-1.4336085319519043,0.7757147183140631
BH_s19_medium,42,46,43.53333333333333,-0.6685871481895447,0.4497272555664729
BH_s19_medium,42,47,43.56666666666667,0.6019560694694519,0.10475921589094106
BH_s19_medium,42,48,43.6,1.8556393384933472,-0.2444095428070167
BH_s19_medium,42,49,43.63333333333333,2.294455051422119,-0.5847382770065446
BH_s19_medium,42,50,43.666666666666664,1.934483289718628,-0.9018247857330535
BH_s19_medium,42,51,43.7,1.4089678525924683,-1.1776187745933262
BH_s19_medium,42,52,43.733333333333334,0.933560848236084,-1.3900357723441923
BH_s19_medium,42,53,43.766666666666666,0.6123322248458862,-1.5149086979995867
BH_s19_medium,42,54,43.8,0.35179731249809265,-1.5301346086994094
BH_s19_medium,42,55,43.833333333333336,0.29940247535705566,-1.4212488052103025
BH_s19_medium,42,56,43.86666666666667,0.2454407960176468,-1.186925020792816
BH_s19_medium,42,57,43.9,0.14378471672534943,-0.842454029865495
BH_s19_medium,42,58,43.93333333333333,-0.0642278790473938,-0.4195267069934419
BH_s19_medium,42,59,43.96666666666667,-0.4401378929615021,0.03836475247104485
BH_s19_medium,42,60,44.0,-0.8160479068756104,0.4841067140773202
BH_s19_medium,42,61,44.03333333333333,-0.9992311596870422,0.8761015801592663
BH_s19_medium,42,62,44.06666666666667,-1.1063073873519897,1.1844809830759897
BH_s19_medium,42,63,44.1,-1.2133835554122925,1.3918825803552217
BH_s19_medium,42,64,44.13333333333333,-1.230955958366394,1.4903656031641854
BH_s19_medium,42,65,44.166666666666664,-1.2856372594833374,1.4785790283693503
BH_s19_medium,42,66,44.2,-1.3403186798095703,1.3612415474579913
BH_s19_medium,42,67,44.233333333333334,-1.42296302318573,1.1496155734590512
BH_s19_medium,42,68,44.266666666666666,-1.453009843826294,0.8611102713158482
BH_s19_medium,42,69,44.3,-0.8330121636390686,0.5177068570046872
BH_s19_medium,42,70,44.333333333333336,0.3557417094707489,0.14397718456872624
BH_s19_medium,42,71,44.36666666666667,1.6724647283554077,-0.23460750803017058
BH_s19_medium,42,72,44.4,2.2521207332611084,-0.5929754651728262
BH_s19_medium,42,73,44.43333333333333,1.9240245819091797,-0.9076192802058867
BH_s19_medium,42,74,44.46666666666667,1.388643503189087,-1.1577216063622118
BH_s19_medium,42,75,44.5,0.9272856712341309,-1.3261872912456425
BH_s19_medium,42,76,44.53333333333333,0.5587601065635681,-1.4007820355502656
BH_s19_medium,42,77,44.56666666666667,0.29502424597740173,-1.3755765347267697
BH_s19_medium,42,78,44.6,0.19075943529605865,-1.2521839574794154
BH_s19_medium,42,79,44.63333333333333,0.19023452699184418,-1.0397805756479122
BH_s19_medium,42,80,44.666666666666664,0.08315830677747726,-0.7535300871005368
BH_s19_medium,42,81,44.7,-0.07455116510391235,-0.4122946779567126
BH_s19_medium,42,82,44.733333333333334,-0.39173170924186707,-0.03720824390187358
BH_s19_medium,42,83,44.766666666666666,-0.7129603624343872,0.34808266471360905
BH_s19_medium,42,84,44.8,-0.9357339143753052,0.7165937209722808
BH_s19_medium,42,85,44.833333333333336,-1.1083990335464478,1.0386789357761494
BH_s19_medium,42,86,44.86666666666667,-1.1762745380401611,1.2851122878597272
BH_s19_medium,42,87,44.9,-1.230955958366394,1.4316232795318309
BH_s19_medium,42,88,44.93333333333333,-1.2856372594833374,1.4632856930934397
BH_s19_medium,42,89,44.96666666666667,-1.3726599216461182,1.3774153351835292
BH_s19_medium,42,90,45.0,-1.479736089706421,1.1839249157450373
BH_s19_medium,42,91,45.03333333333333,-1.5868122577667236,0.9027878130434643
BH_s19_medium,42,92,45.06666666666667,-1.5627620220184326,0.559664553887824
BH_s19_medium,42,93,45.1,-0.8349599838256836,0.18171119766773106
BH_s19_medium,42,94,45.13333333333333,0.4287996292114258,-0.2049060499974562
BH_s19_medium,42,95,45.166666666666664,1.7253930568695068,-0.5756075668634767
BH_s19_medium,42,96,45.2,2.1812984943389893,-0.9069644747285388
BH_s19_medium,42,97,45.233333333333334,1.801586627960205,-1.1764231893868682
BH_s19_medium,42,98,45.266666666666666,1.213810682296753,-1.3631257355116781
BH_s19_medium,42,99,45.3,0.6996684074401855,-1.4500825752803135
BH_s19_medium,42,100,45.333333333333336,0.34042420983314514,-1.4271137927371296
BH_s19_medium,42,101,45.36666666666667,0.13607807457447052,-1.2933364144129615
BH_s19_medium,42,102,45.4,0.13869470357894897,-1.057939306279942
BH_s19_medium,42,103,45.43333333333333,0.19042930006980896,-0.7388704607200832
BH_s19_medium,42,104,45.46666666666667,0.08335308730602264,-0.3604628874558958
BH_s19_medium,42,105,45.5,-0.12460008263587952,0.0485346282926345
BH_s19_medium,42,106,45.53333333333333,-0.4939807057380676,0.45628993557810743
BH_s19_medium,42,107,45.56666666666667,-0.7758732438087463,0.8296647927291837
BH_s19_medium,42,108,45.6,-0.9900256991386414,1.1372703682568437
BH_s19_medium,42,109,45.63333333333333,-1.1082043647766113,1.3534125462478528
BH_s19_medium,42,110,45.666666666666664,-1.1605991125106812,1.4617122378568046
BH_s19_medium,42,111,45.7,-1.1762745380401611,1.457143859507024
BH_s19_medium,42,112,45.733333333333334,-1.230955958366394,1.3457462650172938
BH_s19_medium,42,113,45.766666666666666,-1.3177837133407593,1.1420748502174998
BH_s19_medium,42,114,45.8,-1.4248600006103516,0.86531420382201
BH_s19_medium,42,115,45.833333333333336,-1.2300249338150024,0.5355488527723553
BH_s19_medium,42,116,45.86666666666667,-0.32601800560951233,0.17169567127737126
BH_s19_medium,42,117,45.9,0.9818969964981079,-0.20817678014324303
BH_s19_medium,42,118,45.93333333333333,2.0648462772369385,-0.5847714253764038
BH_s19_medium,42,119,45.96666666666667,2.268050193786621,-0.9354628578848946
BH_s19_medium,42,120,46.0,1.7890362739562988,-1.233995333611959
BH_s19_medium,42,121,46.03333333333333,1.215114712715149,-1.4528277708572743
BH_s19_medium,42,122,46.06666666666667,0.7459828853607178,-1.567532385401321
BH_s19_medium,42,123,46.1,0.44560348987579346,-1.5616339954401866
BH_s19_medium,42,124,46.13333333333333,0.30012214183807373,-1.4302426760437235
BH_s19_medium,42,125,46.166666666666664,0.30483052134513855,-1.1815040857193901
BH_s19_medium,42,126,46.2,0.29770028591156006,-0.8356895001392722
BH_s19_medium,42,127,46.233333333333334,0.1359427273273468,-0.4224099221656249
BH_s19_medium,42,128,46.266666666666666,-0.1287241131067276,0.023130786648168842
BH_s19_medium,42,129,46.3,-0.4521039128303528,0.46388944683130673
BH_s19_medium,42,130,46.333333333333336,-0.7253753542900085,0.8641818216467076
BH_s19_medium,42,131,46.36666666666667,-0.8938571214675903,1.1923452954122324
BH_s19_medium,42,132,46.4,-1.000933289527893,1.4232534741356235
BH_s19_medium,42,133,46.43333333333333,-1.0533281564712524,1.5408445529756205
BH_s19_medium,42,134,46.46666666666667,-1.0669118165969849,1.5400827939039974
BH_s19_medium,42,135,46.5,-1.1034364700317383,1.4272985719825089
BH_s19_medium,42,136,46.53333333333333,-1.2105127573013306,1.2182962756375202
BH_s19_medium,42,137,46.56666666666667,-1.3175889253616333,0.9346897479061025
BH_s19_medium,42,138,46.6,-1.3653348684310913,0.5998461396760124
BH_s19_medium,42,139,46.63333333333333,-0.8751854300498962,0.23597587211228
BH_s19_medium,42,140,46.666666666666664,0.43268662691116333,-0.13681645746776064
BH_s19_medium,42,141,46.7,1.9864349365234375,-0.49976363602658025
BH_s19_medium,42,142,46.733333333333334,2.9658656120300293,-0.8339217000293485
BH_s19_medium,42,143,46.766666666666666,2.888345718383789,-1.1190584367959813
BH_s19_medium,42,144,46.8,2.282337188720703,-1.3338315361969741
BH_s19_medium,42,145,46.833333333333336,1.7218804359436035,-1.4576705098885574
BH_s19_medium,42,146,46.86666666666667,1.3482569456100464,-1.4742330113722277
BH_s19_medium,42,147,46.9,1.0384013652801514,-1.3756212721136718
BH_s19_medium,42,148,46.93333333333333,0.8401356935501099,-1.1658175691208639
BH_s19_medium,42,149,46.96666666666667,0.7922543883323669,-0.8616042787828925
BH_s19_medium,42,150,47.0,0.7331188917160034,-0.4900902901667913
BH_s19_medium,42,151,47.03333333333333,0.4643445312976837,-0.08376211567858115
BH_s19_medium,42,152,47.06666666666667,0.09078044444322586,0.3243407459202369
BH_s19_medium,42,153,47.1,-0.2327941358089447,0.7030830839625679
BH_s19_medium,42,154,47.13333333333333,-0.5540227890014648,1.0237990030395425
BH_s19_medium,42,155,47.166666666666664,-0.7750941514968872,1.2614058312855667
BH_s19_medium,42,156,47.2,-0.8913758397102356,1.3972394380175799
BH_s19_medium,42,157,47.233333333333334,-0.9437706470489502,1.4222429376251504
BH_s19_medium,42,158,47.266666666666666,-0.9961655139923096,1.338338600897296
BH_s19_medium,42,159,47.3,-1.1032416820526123,1.1569897348120781
BH_s19_medium,42,160,47.333333333333336,-1.2103179693222046,0.8957171593599373
BH_s19_medium,42,161,47.36666666666667,-1.3173941373825073,0.5744222201937189
BH_s19_medium,42,162,47.4,-1.336059331893921,0.2132073781697386
BH_s19_medium,42,163,47.43333333333333,-0.6038452982902527,-0.1676849327054678
BH_s19_medium,42,164,47.46666666666667,0.8625239729881287,-0.5464176643692967
BH_s19_medium,42,165,47.5,2.408007860183716,-0.8980109157191692
BH_s19_medium,42,166,47.53333333333333,3.088871479034424,-1.1942385101967494
BH_s19_medium,42,167,47.56666666666667,2.7619190216064453,-1.405840972567098
BH_s19_medium,42,168,47.6,2.11946177482605,-1.5067640396192805
BH_s19_medium,42,169,47.63333333333333,1.5586154460906982,-1.4791675403048532
BH_s19_medium,42,170,47.666666666666664,1.1414889097213745,-1.317727158802008
BH_s19_medium,42,171,47.7,0.8838334679603577,-1.0321657528038415
BH_s19_medium,42,172,47.733333333333334,0.7441783547401428,-0.6475192937997305
BH_s19_medium,42,173,47.766666666666666,0.7879356145858765,-0.20190519450445718
BH_s19_medium,42,174,47.8,0.6767947673797607,0.25840612740752594
BH_s19_medium,42,175,47.833333333333336,0.355566143989563,0.6861416978702481
BH_s19_medium,42,176,47.86666666666667,-0.020343869924545288,1.04045094415725
BH_s19_medium,42,177,47.9,-0.4509352445602417,1.2921355455869323
BH_s19_medium,42,178,47.93333333333333,-0.7721638679504395,1.4257421515861899
BH_s19_medium,42,179,47.96666666666667,-0.9481489062309265,1.4392803700888104
BH_s19_medium,42,180,48.0,-1.0122305154800415,1.3423496740574414
BH_s19_medium,42,181,48.03333333333333,-1.0529385805130005,1.1529037956825896
BH_s19_medium,42,182,48.06666666666667,-1.0669118165969849,0.8932651324259501
BH_s19_medium,42,183,48.1,-1.1030470132827759,0.5865361998290042
BH_s19_medium,42,184,48.13333333333333,-1.1892904043197632,0.2541410944502525
BH_s19_medium,42,185,48.166666666666664,-1.2540751695632935,-0.08539667884832285
BH_s19_medium,42,186,48.2,-0.6647932529449463,-0.4163016017936893
BH_s19_medium,42,187,48.233333333333334,0.6502770781517029,-0.7239288345576821
BH_s19_medium,42,188,48.266666666666666,2.182312488555908,-0.992465492962101
BH_s19_medium,42,189,48.3,2.8925621509552,-1.203563327520646
BH_s19_medium,42,190,48.333333333333336,2.565195083618164,-1.3372177551688436
BH_s19_medium,42,191,48.36666666666667,1.8156615495681763,-1.375003404379853
BH_s19_medium,42,192,48.4,1.0972411632537842,-1.304558558116478
BH_s19_medium,42,193,48.43333333333333,0.643081545829773,-1.123658951152798
BH_s19_medium,42,194,48.46666666666667,0.39850133657455444,-0.8425218520528066
BH_s19_medium,42,195,48.5,0.36350056529045105,-0.48373807968462645
BH_s19_medium,42,196,48.53333333333333,0.46416622400283813,-0.07993963730759973
BH_s19_medium,42,197,48.56666666666667,0.45591819286346436,0.33015707320625126
BH_s19_medium,42,198,48.6,0.18524686992168427,0.7063869313078338
BH_s19_medium,42,199,48.63333333333333,-0.190214142203331,1.011707534439656
BH_s19_medium,42,200,48.666666666666664,-0.6185190081596375,1.2165835303156938
BH_s19_medium,42,201,48.7,-0.942483127117157,1.3031733879447749
BH_s19_medium,42,202,48.733333333333334,-1.1142847537994385,1.2684546875171456
BH_s19_medium,42,203,48.766666666666666,-1.1762745380401611,1.1247201960392414
BH_s19_medium,42,204,48.8,-1.1762745380401611,0.8964979866355175
BH_s19_medium,42,205,48.833333333333336,-1.230955958366394,0.6145635837823361
BH_s19_medium,42,206,48.86666666666667,-1.269182801246643,0.3091775417607312
BH_s19_medium,42,207,48.9,-1.3762589693069458,0.0050611953908841255
BH_s19_medium,42,208,48.93333333333333,-1.2940385341644287,-0.28033040809917986
BH_s19_medium,42,209,48.96666666666667,-0.47177860140800476,-0.5352828541066892
BH_s19_medium,42,210,49.0,1.0388219356536865,-0.7504202673540862
BH_s19_medium,42,211,49.03333333333333,2.5901827812194824,-0.9154471947007128
BH_s19_medium,42,212,49.06666666666667,3.1737265586853027,-1.0179009003845667
BH_s19_medium,42,213,49.1,2.71459698677063,-1.0447387410515618
BH_s19_medium,42,214,49.13333333333333,1.9103821516036987,-0.9860058589285824
BH_s19_medium,42,215,49.166666666666664,1.2331782579421997,-0.8387871519277753
BH_s19_medium,42,216,49.2,0.7461690902709961,-0.6098639678731274
BH_s19_medium,42,217,49.233333333333334,0.5604537129402161,-0.31638149748308636
BH_s19_medium,42,218,49.266666666666666,0.5735289454460144,0.015484789443753469
BH_s19_medium,42,219,49.3,0.6282103061676025,0.35345320273055364
BH_s19_medium,42,220,49.333333333333336,0.5064160823822021,0.6629095412864063
BH_s19_medium,42,221,49.36666666666667,0.17897169291973114,0.9108392314329573
BH_s19_medium,42,222,49.4,-0.25326240062713623,1.0697326638369868
BH_s19_medium,42,223,49.43333333333333,-0.6815672516822815,1.1215056829589958
BH_s19_medium,42,224,49.46666666666667,-1.0034396648406982,1.0609171905422092
BH_s19_medium,42,225,49.5,-1.165840983390808,0.8972817834094621
BH_s19_medium,42,226,49.53333333333333,-1.2234526872634888,0.6533489805380285
BH_s19_medium,42,227,49.56666666666667,-1.2758475542068481,0.36109277979583315
BH_s19_medium,42,228,49.6,-1.2856372594833374,0.05534194922988488
BH_s19_medium,42,229,49.63333333333333,-1.3806371688842773,-0.23281970129978466
BH_s19_medium,42,230,49.666666666666664,-1.4116493463516235,-0.4806386295732195
BH_s19_medium,42,231,49.7,-0.9092459678649902,-0.6748299821772822
BH_s19_medium,42,232,49.733333333333334,0.5073786973953247,-0.8095926746575418
BH_s19_medium,42,233,49.766666666666666,2.2441070079803467,-0.8833452482390646
BH_s19_medium,42,234,49.8,3.3426644802093506,-0.8962414349110658
BH_s19_medium,42,235,49.833333333333336,3.202681064605713,-0.8495449998045177
BH_s19_medium,42,236,49.86666666666667,1.2418159246444702,-0.7465932451545102
BH_s19_medium,42,237,49.9,0.8681924343109131,-0.5941776392281412
BH_s19_medium,42,238,49.93333333333333,0.5887302756309509,-0.40317299469277607
BH_s19_medium,42,239,49.96666666666667,0.39203137159347534,-0.18802690369792538
BH_s19_medium,43,0,43.0,0.2358378767967224,0.028248799975824926
BH_s19_medium,43,1,43.03333333333333,0.08048224449157715,-0.16785063713776452
BH_s19_medium,43,2,43.06666666666667,0.02671535313129425,-0.34178485227175626
BH_s19_medium,43,3,43.1,0.08139671385288239,-0.47175656071832506
BH_s19_medium,43,4,43.13333333333333,0.03266040235757828,-0.537900085765577
BH_s19_medium,43,5,43.166666666666664,-0.22199678421020508,-0.5266264334192089
BH_s19_medium,43,6,43.2,-0.5873886942863464,-0.43526885806660964
BH_s19_medium,43,7,43.233333333333334,-0.9191354513168335,-0.2741707625367909
BH_s19_medium,43,8,43.266666666666666,-1.146092414855957,-0.06476653870609009
BH_s19_medium,43,9,43.3,-1.2682597637176514,0.16534437330213542
BH_s19_medium,43,10,43.333333333333336,-1.3403186798095703,0.38780817568768905
BH_s19_medium,43,11,43.36666666666667,-1.3403186798095703,0.5773891422692923
BH_s19_medium,43,12,43.4,-1.3707629442214966,0.7142432391839882
BH_s19_medium,43,13,43.43333333333333,-1.423157811164856,0.7856309837017679
BH_s19_medium,43,14,43.46666666666667,-1.50436270236969,0.787055308183574
BH_s19_medium,43,15,43.5,-1.4336085319519043,0.7217066620834766
BH_s19_medium,43,16,43.53333333333333,-0.6685871481895447,0.597998432094559
BH_s19_medium,43,17,43.56666666666667,0.6019560694694519,0.4264899586881365
BH_s19_medium,43,18,43.6,1.8556393384933472,0.2176378078023144
BH_s19_medium,43,19,43.63333333333333,2.294455051422119,-0.018885020237992073
BH_s19_medium,43,20,43.666666666666664,1.934483289718628,-0.27298914903237664
BH_s19_medium,43,21,43.7,1.4089678525924683,-0.5313564407524755
BH_s19_medium,43,22,43.733333333333334,0.933560848236084,-0.7745061185932183
BH_s19_medium,43,23,43.766666666666666,0.6123322248458862,-0.9761045379827842
BH_s19_medium,43,24,43.8,0.35179731249809265,-1.1062525352047052
BH_s19_medium,43,25,43.833333333333336,0.29940247535705566,-1.1384654711575708
BH_s19_medium,43,26,43.86666666666667,0.2454407960176468,-1.0577924219489676
BH_s19_medium,43,27,43.9,0.14378471672534943,-0.8665147187913312
BH_s19_medium,43,28,43.93333333333333,-0.0642278790473938,-0.584889434156051
BH_s19_medium,43,29,43.96666666666667,-0.4401378929615021,-0.2466202532501085
BH_s19_medium,43,30,44.0,-0.8160479068756104,0.10916594294936069
BH_s19_medium,43,31,44.03333333333333,-0.9992311596870422,0.4462155983163955
BH_s19_medium,43,32,44.06666666666667,-1.1063073873519897,0.7362085818428541
BH_s19_medium,43,33,44.1,-1.2133835554122925,0.9590993147545386
BH_s19_medium,43,34,44.13333333333333,-1.230955958366394,1.1010327900931562
BH_s19_medium,43,35,44.166666666666664,-1.2856372594833374,1.1536363672117733
BH_s19_medium,43,36,44.2,-1.3403186798095703,1.1154961327719999
BH_s19_medium,43,37,44.233333333333334,-1.42296302318573,0.9932315881902651
BH_s19_medium,43,38,44.266666666666666,-1.453009843826294,0.8000919381743986
BH_s19_medium,43,39,44.3,-0.8330121636390686,0.5527483668732602
BH_s19_medium,43,40,44.333333333333336,0.3557417094707489,0.2683738185198648
BH_s19_medium,43,41,44.36666666666667,1.6724647283554077,-0.036471538926184495
BH_s19_medium,43,42,44.4,2.2521207332611084,-0.3450633008707696
BH_s19_medium,43,43,44.43333333333333,1.9240245819091797,-0.6389942788012891
BH_s19_medium,43,44,44.46666666666667,1.388643503189087,-0.8974622253773784
BH_s19_medium,43,45,44.5,0.9272856712341309,-1.098381099864467
BH_s19_medium,43,46,44.53333333333333,0.5587601065635681,-1.2212551388726909
BH_s19_medium,43,47,44.56666666666667,0.29502424597740173,-1.2507539272177666
BH_s19_medium,43,48,44.6,0.19075943529605865,-1.1795457318339533
BH_s19_medium,43,49,44.63333333333333,0.19023452699184418,-1.0093572538632951
BH_s19_medium,43,50,44.666666666666664,0.08315830677747726,-0.750224820116632
BH_s19_medium,43,51,44.7,-0.07455116510391235,-0.4190067867820416
BH_s19_medium,43,52,44.733333333333334,-0.39173170924186707,-0.03868830895585022
BH_s19_medium,43,53,44.766666666666666,-0.7129603624343872,0.36106458502616207
BH_s19_medium,43,54,44.8,-0.9357339143753052,0.7438664233124618
BH_s19_medium,43,55,44.833333333333336,-1.1083990335464478,1.069647328030279
BH_s19_medium,43,56,44.86666666666667,-1.1762745380401611,1.301164375045643
BH_s19_medium,43,57,44.9,-1.230955958366394,1.4116618128420346
BH_s19_medium,43,58,44.93333333333333,-1.2856372594833374,1.3907598194297717
BH_s19_medium,43,59,44.96666666666667,-1.3726599216461182,1.2465707970331907
BH_s19_medium,43,60,45.0,-1.479736089706421,1.0030210816998082
BH_s19_medium,43,61,45.03333333333333,-1.5868122577667236,0.6928923941568375
BH_s19_medium,43,62,45.06666666666667,-1.5627620220184326,0.34942415271922916
BH_s19_medium,43,63,45.1,-0.8349599838256836,0.0002648766722329063
BH_s19_medium,43,64,45.13333333333333,0.4287996292114258,-0.33436319842345763
BH_s19_medium,43,65,45.166666666666664,1.7253930568695068,-0.6401528673714802
BH_s19_medium,43,66,45.2,2.1812984943389893,-0.9057487924647547
BH_s19_medium,43,67,45.233333333333334,1.801586627960205,-1.1198538067116595
BH_s19_medium,43,68,45.266666666666666,1.213810682296753,-1.2694931990806022
BH_s19_medium,43,69,45.3,0.6996684074401855,-1.3402475041572022
BH_s19_medium,43,70,45.333333333333336,0.34042420983314514,-1.3187335044366242
BH_s19_medium,43,71,45.36666666666667,0.13607807457447052,-1.1966242570488241
BH_s19_medium,43,72,45.4,0.13869470357894897,-0.9744583487503102
BH_s19_medium,43,73,45.43333333333333,0.19042930006980896,-0.6635473942234708
BH_s19_medium,43,74,45.46666666666667,0.08335308730602264,-0.2857571058962187
BH_s19_medium,43,75,45.5,-0.12460008263587952,0.12798642434582028
BH_s19_medium,43,76,45.53333333333333,-0.4939807057380676,0.5402442760254258
BH_s19_medium,43,77,45.56666666666667,-0.7758732438087463,0.911249144695605
BH_s19_medium,43,78,45.6,-0.9900256991386414,1.204604580212544
BH_s19_medium,43,79,45.63333333333333,-1.1082043647766113,1.3930925705980968
BH_s19_medium,43,80,45.666666666666664,-1.1605991125106812,1.4628673465818025
BH_s19_medium,43,81,45.7,-1.1762745380401611,1.4148676300910143
BH_s19_medium,43,82,45.733333333333334,-1.230955958366394,1.263005125870224
BH_s19_medium,43,83,45.766666666666666,-1.3177837133407593,1.0295508309342116
BH_s19_medium,43,84,45.8,-1.4248600006103516,0.7391810904641802
BH_s19_medium,43,85,45.833333333333336,-1.2300249338150024,0.41382325333033426
BH_s19_medium,43,86,45.86666666666667,-0.32601800560951233,0.07019171430566394
BH_s19_medium,43,87,45.9,0.9818969964981079,-0.27925095938079153
BH_s19_medium,43,88,45.93333333333333,2.0648462772369385,-0.6227249949984038
BH_s19_medium,43,89,45.96666666666667,2.268050193786621,-0.9449697148695935
BH_s19_medium,43,90,46.0,1.7890362739562988,-1.2247480274219897
BH_s19_medium,43,91,46.03333333333333,1.215114712715149,-1.435511634345594
BH_s19_medium,43,92,46.06666666666667,0.7459828853607178,-1.5493439112425942
BH_s19_medium,43,93,46.1,0.44560348987579346,-1.543047195669901
BH_s19_medium,43,94,46.13333333333333,0.30012214183807373,-1.4046088687290221
BH_s19_medium,43,95,46.166666666666664,0.30483052134513855,-1.1380800783131386
BH_s19_medium,43,96,46.2,0.29770028591156006,-0.7650005947664802
BH_s19_medium,43,97,46.233333333333334,0.1359427273273468,-0.32147648729259376
BH_s19_medium,43,98,46.266666666666666,-0.1287241131067276,0.1480671703383353
BH_s19_medium,43,99,46.3,-0.4521039128303528,0.5980556050544904
BH_s19_medium,43,100,46.333333333333336,-0.7253753542900085,0.9878147892417705
BH_s19_medium,43,101,46.36666666666667,-0.8938571214675903,1.2857735792415135
BH_s19_medium,43,102,46.4,-1.000933289527893,1.4719632306485297
BH_s19_medium,43,103,46.43333333333333,-1.0533281564712524,1.5390358092213163
BH_s19_medium,43,104,46.46666666666667,-1.0669118165969849,1.4916990433422568
BH_s19_medium,43,105,46.5,-1.1034364700317383,1.3443205255523814
BH_s19_medium,43,106,46.53333333333333,-1.2105127573013306,1.1168681030800642
BH_s19_medium,43,107,46.56666666666667,-1.3175889253616333,0.8302121774536306
BH_s19_medium,43,108,46.6,-1.3653348684310913,0.5025465092464062
BH_s19_medium,43,109,46.63333333333333,-0.8751854300498962,0.14848720604265173
BH_s19_medium,43,110,46.666666666666664,0.43268662691116333,-0.21894472976070556
BH_s19_medium,43,111,46.7,1.9864349365234375,-0.5848238820023098
BH_s19_medium,43,112,46.733333333333334,2.9658656120300293,-0.9293546191853843
BH_s19_medium,43,113,46.766666666666666,2.888345718383789,-1.2270823377637847
BH_s19_medium,43,114,46.8,2.282337188720703,-1.448895611385293
BH_s19_medium,43,115,46.833333333333336,1.7218804359436035,-1.5664598882358804
BH_s19_medium,43,116,46.86666666666667,1.3482569456100464,-1.5581642383215963
BH_s19_medium,43,117,46.9,1.0384013652801514,-1.4151920071363284
BH_s19_medium,43,118,46.93333333333333,0.8401356935501099,-1.1457375990624532
BH_s19_medium,43,119,46.96666666666667,0.7922543883323669,-0.7753227586631055
BH_s19_medium,43,120,47.0,0.7331188917160034,-0.34233087226183473
BH_s19_medium,43,121,47.03333333333333,0.4643445312976837,0.10980420213496185
BH_s19_medium,43,122,47.06666666666667,0.09078044444322586,0.5401517190938139
BH_s19_medium,43,123,47.1,-0.2327941358089447,0.9143910621091095
BH_s19_medium,43,124,47.13333333333333,-0.5540227890014648,1.2057191146520172
BH_s19_medium,43,125,47.166666666666664,-0.7750941514968872,1.3953735049510512
BH_s19_medium,43,126,47.2,-0.8913758397102356,1.4742024599196253
BH_s19_medium,43,127,47.233333333333334,-0.9437706470489502,1.4438875019412727
BH_s19_medium,43,128,47.266666666666666,-0.9961655139923096,1.3158465023993342
BH_s19_medium,43,129,47.3,-1.1032416820526123,1.1074738893813667
BH_s19_medium,43,130,47.333333333333336,-1.2103179693222046,0.8372504148717257
BH_s19_medium,43,131,47.36666666666667,-1.3173941373825073,0.521074331994815
BH_s19_medium,43,132,47.4,-1.336059331893921,0.17156591598880833
BH_s19_medium,43,133,47.43333333333333,-0.6038452982902527,-0.19944750430082364
BH_s19_medium,43,134,47.46666666666667,0.8625239729881287,-0.5766793128267481
BH_s19_medium,43,135,47.5,2.408007860183716,-0.9377563705300211
BH_s19_medium,43,136,47.53333333333333,3.088871479034424,-1.2525131371868392
BH_s19_medium,43,137,47.56666666666667,2.7619190216064453,-1.4862382391170508
BH_s19_medium,43,138,47.6,2.11946177482605,-1.6059953199626533
BH_s19_medium,43,139,47.63333333333333,1.5586154460906982,-1.5878161377655842
BH_s19_medium,43,140,47.666666666666664,1.1414889097213745,-1.4226346066314859
BH_s19_medium,43,141,47.7,0.8838334679603577,-1.1197183857256776
BH_s19_medium,43,142,47.733333333333334,0.7441783547401428,-0.7070730634649451
BH_s19_medium,43,143,47.766666666666666,0.7879356145858765,-0.228546349590298
BH_s19_medium,43,144,47.8,0.6767947673797607,0.26247246011195546
BH_s19_medium,43,145,47.833333333333336,0.355566143989563,0.7120457671599287
BH_s19_medium,43,146,47.86666666666667,-0.020343869924545288,1.075173778735789
BH_s19_medium,43,147,47.9,-0.4509352445602417,1.322855146049234
BH_s19_medium,43,148,47.93333333333333,-0.7721638679504395,1.4448704449176815
BH_s19_medium,43,149,47.96666666666667,-0.9481489062309265,1.4481241391264421
BH_s19_medium,43,150,48.0,-1.0122305154800415,1.351344848163099
BH_s19_medium,43,151,48.03333333333333,-1.0529385805130005,1.1776826494276327
BH_s19_medium,43,152,48.06666666666667,-1.0669118165969849,0.9477844047377885
BH_s19_medium,43,153,48.1,-1.1030470132827759,0.6760326776869336
BH_s19_medium,43,154,48.13333333333333,-1.1892904043197632,0.3709166048217405
BH_s19_medium,43,155,48.166666666666664,-1.2540751695632935,0.03848372646704132
BH_s19_medium,43,156,48.2,-0.6647932529449463,-0.31286094446641477
BH_s19_medium,43,157,48.233333333333334,0.6502770781517029,-0.6678419471020621
BH_s19_medium,43,158,48.266666666666666,2.182312488555908,-1.001821636099531
BH_s19_medium,43,159,48.3,2.8925621509552,-1.2818852272333836
BH_s19_medium,43,160,48.333333333333336,2.565195083618164,-1.4718974009970158
BH_s19_medium,43,161,48.36666666666667,1.8156615495681763,-1.5402720609161893
BH_s19_medium,43,162,48.4,1.0972411632537842,-1.4680233196175012
BH_s19_medium,43,163,48.43333333333333,0.643081545829773,-1.254517777664171
BH_s19_medium,43,164,48.46666666666667,0.39850133657455444,-0.9191953787272393
BH_s19_medium,43,165,48.5,0.36350056529045105,-0.49879959546835445
BH_s19_medium,43,166,48.53333333333333,0.46416622400283813,-0.04081403586900591
BH_s19_medium,43,167,48.56666666666667,0.45591819286346436,0.4051781365349186
BH_s19_medium,43,168,48.6,0.18524686992168427,0.7957309493627157
BH_s19_medium,43,169,48.63333333333333,-0.190214142203331,1.0991444879714012
BH_s19_medium,43,170,48.666666666666664,-0.6185190081596375,1.2977153700362403
BH_s19_medium,43,171,48.7,-0.942483127117157,1.3872645652931652
BH_s19_medium,43,172,48.733333333333334,-1.1142847537994385,1.3746843170916947
BH_s19_medium,43,173,48.766666666666666,-1.1762745380401611,1.27388525678268
BH_s19_medium,43,174,48.8,-1.1762745380401611,1.1008468108807943
BH_s19_medium,43,175,48.833333333333336,-1.230955958366394,0.8692756540079559
BH_s19_medium,43,176,48.86666666666667,-1.269182801246643,0.5887248440489703
BH_s19_medium,43,177,48.9,-1.3762589693069458,0.266220324403709
BH_s19_medium,43,178,48.93333333333333,-1.2940385341644287,-0.08937361878887484
BH_s19_medium,43,179,48.96666666666667,-0.47177860140800476,-0.4625617038507975
BH_s19_medium,43,180,49.0,1.0388219356536865,-0.8284504531825065
BH_s19_medium,43,181,49.03333333333333,2.5901827812194824,-1.1534552655899015
BH_s19_medium,43,182,49.06666666666667,3.1737265586853027,-1.3996232891141678
BH_s19_medium,43,183,49.1,2.71459698677063,-1.5315426620316592
BH_s19_medium,43,184,49.13333333333333,1.9103821516036987,-1.5239709500309349
BH_s19_medium,43,185,49.166666666666664,1.2331782579421997,-1.3680384715592249
BH_s19_medium,43,186,49.2,0.7461690902709961,-1.0742976208410888
BH_s19_medium,43,187,49.233333333333334,0.5604537129402161,-0.6718907416599247
BH_s19_medium,43,188,49.266666666666666,0.5735289454460144,-0.20430581728706215
BH_s19_medium,43,189,49.3,0.6282103061676025,0.2770582667257754
BH_s19_medium,43,190,49.333333333333336,0.5064160823822021,0.7202794177916162
BH_s19_medium,43,191,49.36666666666667,0.17897169291973114,1.0802224353639858
BH_s19_medium,43,192,49.4,-0.25326240062713623,1.3246606779894827
BH_s19_medium,43,193,49.43333333333333,-0.6815672516822815,1.438004033692131
BH_s19_medium,43,194,49.46666666666667,-1.0034396648406982,1.4217829251738354
BH_s19_medium,43,195,49.5,-1.165840983390808,1.291797660778668
BH_s19_medium,43,196,49.53333333333333,-1.2234526872634888,1.0727009115170203
BH_s19_medium,43,197,49.56666666666667,-1.2758475542068481,0.7915112520575847
BH_s19_medium,43,198,49.6,-1.2856372594833374,0.47196876259588516
BH_s19_medium,43,199,49.63333333333333,-1.3806371688842773,0.13154598203549703
BH_s19_medium,43,200,49.666666666666664,-1.4116493463516235,-0.21782399022445542
BH_s19_medium,43,201,49.7,-0.9092459678649902,-0.5656469844047876
BH_s19_medium,43,202,49.733333333333334,0.5073786973953247,-0.8973870204759499
BH_s19_medium,43,203,49.766666666666666,2.2441070079803467,-1.1905299760329415
BH_s19_medium,43,204,49.8,3.3426644802093506,-1.4146199607080518
BH_s19_medium,43,205,49.833333333333336,3.202681064605713,-1.5360380533263742
BH_s19_medium,43,206,49.86666666666667,1.2418159246444702,-1.5262874965598967
BH_s19_medium,43,207,49.9,0.8681924343109131,-1.3709694879815053
BH_s19_medium,43,208,49.93333333333333,0.5887302756309509,-1.0761087574139623
BH_s19_medium,43,209,49.96666666666667,0.39203137159347534,-0.6694295303459842
BH_s19_medium,43,210,50.0,0.35480350255966187,-0.19626372359753852
BH_s19_medium,43,211,50.03333333333333,0.35480350255966187,0.28836624505966063
BH_s19_medium,43,212,50.06666666666667,0.3442095220088959,0.7293428868064858
BH_s19_medium,43,213,50.1,0.17414447665214539,1.0807325133673789
BH_s19_medium,43,214,50.13333333333333,0.014673405326902866,1.3128572757595522
BH_s19_medium,43,215,50.166666666666664,-0.19947902858257294,1.4155159933527472
BH_s19_medium,43,216,50.2,-0.4121834933757782,1.3965818335748887
BH_s19_medium,43,217,50.233333333333334,-0.5192596912384033,1.2766046660074593
BH_s19_medium,43,218,50.266666666666666,-0.5200982689857483,1.0814206271909732
BH_s19_medium,43,219,50.3,-0.5747796297073364,0.8354282616905486
BH_s19_medium,43,220,50.333333333333336,-0.5747796297073364,0.557731954304823
BH_s19_medium,43,221,50.36666666666667,-0.6294609904289246,0.26203969689786427
BH_s19_medium,43,222,50.4,-0.6841423511505127,-0.040332995682414
BH_s19_medium,43,223,50.43333333333333,-0.6440185308456421,-0.3361351010254304
BH_s19_medium,43,224,50.46666666666667,-0.18371187150478363,-0.6066801451242296
BH_s19_medium,43,225,50.5,0.6200791001319885,-0.8269859020793566
BH_s19_medium,43,226,50.53333333333333,1.4292908906936646,-0.9685182946423507
BH_s19_medium,43,227,50.56666666666667,1.6908597946166992,-1.0052430089164095
BH_s19_medium,43,228,50.6,1.3883470296859741,-0.9212768928863942
BH_s19_medium,43,229,50.63333333333333,0.9600422382354736,-0.7175424105344048
BH_s19_medium,43,230,50.666666666666664,0.6105369329452515,-0.4150060804683003
BH_s19_medium,43,231,50.7,0.36582139134407043,-0.053207549418297764
BH_s19_medium,43,232,50.733333333333334,0.22589556872844696,0.31568110580431136
BH_s19_medium,43,233,50.766666666666666,0.2454407960176468,0.6356952690581074
BH_s19_medium,43,234,50.8,0.2604130208492279,0.856610498328746
BH_s19_medium,43,235,50.833333333333336,0.23275507986545563,0.9422530262432437
BH_s19_medium,43,236,50.86666666666667,0.07099750638008118,0.8765624882259256
BH_s19_medium,43,237,50.9,-0.09887276589870453,0.6668690678658782
BH_s19_medium,43,238,50.93333333333333,-0.31302520632743835,0.34355816000147316
BH_s19_medium,43,239,50.96666666666667,-0.4689565896987915,-0.04452194988049875
BH_s19_medium,44,0,44.0,-0.8160479068756104,0.09255047955834986
BH_s19_medium,44,1,44.03333333333333,-0.9992311596870422,0.257366769388126
BH_s19_medium,44,2,44.06666666666667,-1.1063073873519897,0.4331764906204435
BH_s19_medium,44,3,44.1,-1.2133835554122925,0.6208488364930839
BH_s19_medium,44,4,44.13333333333333,-1.230955958366394,0.8044758597177696
BH_s19_medium,44,5,44.166666666666664,-1.2856372594833374,0.9569586806534762
BH_s19_medium,44,6,44.2,-1.3403186798095703,1.0514140983332771
BH_s19_medium,44,7,44.233333333333334,-1.42296302318573,1.070595107049472
BH_s19_medium,44,8,44.266666666666666,-1.453009843826294,1.0099146081259167
BH_s19_medium,44,9,44.3,-0.8330121636390686,0.8753138842804773
BH_s19_medium,44,10,44.333333333333336,0.3557417094707489,0.679296552864939
BH_s19_medium,44,11,44.36666666666667,1.6724647283554077,0.43734926490540965
BH_s19_medium,44,12,44.4,2.2521207332611084,0.16564071469255962
BH_s19_medium,44,13,44.43333333333333,1.9240245819091797,-0.11984950253482854
BH_s19_medium,44,14,44.46666666666667,1.388643503189087,-0.4031327530264181
BH_s19_medium,44,15,44.5,0.9272856712341309,-0.6676153500720988
BH_s19_medium,44,16,44.53333333333333,0.5587601065635681,-0.8957717228915824
BH_s19_medium,44,17,44.56666666666667,0.29502424597740173,-1.0694710535369019
BH_s19_medium,44,18,44.6,0.19075943529605865,-1.1709780434232067
BH_s19_medium,44,19,44.63333333333333,0.19023452699184418,-1.1845186401294643
BH_s19_medium,44,20,44.666666666666664,0.08315830677747726,-1.0984987721231299
BH_s19_medium,44,21,44.7,-0.07455116510391235,-0.9086147229656019
BH_s19_medium,44,22,44.733333333333334,-0.39173170924186707,-0.621709964505295
BH_s19_medium,44,23,44.766666666666666,-0.7129603624343872,-0.259131040672554
BH_s19_medium,44,24,44.8,-0.9357339143753052,0.14283190076825975
BH_s19_medium,44,25,44.833333333333336,-1.1083990335464478,0.5374123610862991
BH_s19_medium,44,26,44.86666666666667,-1.1762745380401611,0.8761557811010416
BH_s19_medium,44,27,44.9,-1.230955958366394,1.1189075958681662
BH_s19_medium,44,28,44.93333333333333,-1.2856372594833374,1.2415696498772217
BH_s19_medium,44,29,44.96666666666667,-1.3726599216461182,1.2394763976117473
BH_s19_medium,44,30,45.0,-1.479736089706421,1.1256598452911948
BH_s19_medium,44,31,45.03333333333333,-1.5868122577667236,0.9247805840194141
BH_s19_medium,44,32,45.06666666666667,-1.5627620220184326,0.6651954459873736
BH_s19_medium,44,33,45.1,-0.8349599838256836,0.37237879512597905
BH_s19_medium,44,34,45.13333333333333,0.4287996292114258,0.06585587287532677
BH_s19_medium,44,35,45.166666666666664,1.7253930568695068,-0.24017909557331912
BH_s19_medium,44,36,45.2,2.1812984943389893,-0.5339066154442957
BH_s19_medium,44,37,45.233333333333334,1.801586627960205,-0.8024654041767656
BH_s19_medium,44,38,45.266666666666666,1.213810682296753,-1.0296798230717357
BH_s19_medium,44,39,45.3,0.6996684074401855,-1.1959097557702278
BH_s19_medium,44,40,45.333333333333336,0.34042420983314514,-1.2803336021653957
BH_s19_medium,44,41,45.36666666666667,0.13607807457447052,-1.2651372183327436
BH_s19_medium,44,42,45.4,0.13869470357894897,-1.1401640771090034
BH_s19_medium,44,43,45.43333333333333,0.19042930006980896,-0.9064518741513361
BH_s19_medium,44,44,45.46666666666667,0.08335308730602264,-0.5780515477068581
BH_s19_medium,44,45,45.5,-0.12460008263587952,-0.18222995337267286
BH_s19_medium,44,46,45.53333333333333,-0.4939807057380676,0.2423686759759952
BH_s19_medium,44,47,45.56666666666667,-0.7758732438087463,0.6504588212311384
BH_s19_medium,44,48,45.6,-0.9900256991386414,0.9975525200498578
BH_s19_medium,44,49,45.63333333333333,-1.1082043647766113,1.2481967868534147
BH_s19_medium,44,50,45.666666666666664,-1.1605991125106812,1.3822902037582283
BH_s19_medium,44,51,45.7,-1.1762745380401611,1.397313856812967
BH_s19_medium,44,52,45.733333333333334,-1.230955958366394,1.3058395525007114
BH_s19_medium,44,53,45.766666666666666,-1.3177837133407593,1.1294221830595446
BH_s19_medium,44,54,45.8,-1.4248600006103516,0.8912184205286259
BH_s19_medium,44,55,45.833333333333336,-1.2300249338150024,0.610057843906184
BH_s19_medium,44,56,45.86666666666667,-0.32601800560951233,0.29814783756451846
BH_s19_medium,44,57,45.9,0.9818969964981079,-0.03684992355357154
BH_s19_medium,44,58,45.93333333333333,2.0648462772369385,-0.3865881583162651
BH_s19_medium,44,59,45.96666666666667,2.268050193786621,-0.7364205258853332
BH_s19_medium,44,60,46.0,1.7890362739562988,-1.0624508690780696
BH_s19_medium,44,61,46.03333333333333,1.215114712715149,-1.332997740658719
BH_s19_medium,44,62,46.06666666666667,0.7459828853607178,-1.5139844433067922
BH_s19_medium,44,63,46.1,0.44560348987579346,-1.5760725985510953
BH_s19_medium,44,64,46.13333333333333,0.30012214183807373,-1.501238637534018
BH_s19_medium,44,65,46.166666666666664,0.30483052134513855,-1.287324863319871
BH_s19_medium,44,66,46.2,0.29770028591156006,-0.9498217475589126
BH_s19_medium,44,67,46.233333333333334,0.1359427273273468,-0.5205942497129498
BH_s19_medium,44,68,46.266666666666666,-0.1287241131067276,-0.04372874347220407
BH_s19_medium,44,69,46.3,-0.4521039128303528,0.4308039058732632
BH_s19_medium,44,70,46.333333333333336,-0.7253753542900085,0.8545251763098691
BH_s19_medium,44,71,46.36666666666667,-0.8938571214675903,1.1874996350476594
BH_s19_medium,44,72,46.4,-1.000933289527893,1.4037663905505129
BH_s19_medium,44,73,46.43333333333333,-1.0533281564712524,1.4941058465138288
BH_s19_medium,44,74,46.46666666666667,-1.0669118165969849,1.465451852095203
BH_s19_medium,44,75,46.5,-1.1034364700317383,1.3368951636681747
BH_s19_medium,44,76,46.53333333333333,-1.2105127573013306,1.133224493866161
BH_s19_medium,44,77,46.56666666666667,-1.3175889253616333,0.8779979744915579
BH_s19_medium,44,78,46.6,-1.3653348684310913,0.5886442755533907
BH_s19_medium,44,79,46.63333333333333,-0.8751854300498962,0.27548151558926914
BH_s19_medium,44,80,46.666666666666664,0.43268662691116333,-0.05519240259336447
BH_s19_medium,44,81,46.7,1.9864349365234375,-0.39568947230635393
BH_s19_medium,44,82,46.733333333333334,2.9658656120300293,-0.7319260900073485
BH_s19_medium,44,83,46.766666666666666,2.888345718383789,-1.0412069365344554
BH_s19_medium,44,84,46.8,2.282337188720703,-1.2938538841277258
BH_s19_medium,44,85,46.833333333333336,1.7218804359436035,-1.4582097894558332
BH_s19_medium,44,86,46.86666666666667,1.3482569456100464,-1.5075044220260458
BH_s19_medium,44,87,46.9,1.0384013652801514,-1.4265846632575823
BH_s19_medium,44,88,46.93333333333333,0.8401356935501099,-1.216473833214834
BH_s19_medium,44,89,46.96666666666667,0.7922543883323669,-0.8952960211571993
BH_s19_medium,44,90,47.0,0.7331188917160034,-0.4953250579430392
BH_s19_medium,44,91,47.03333333333333,0.4643445312976837,-0.057324962210185654
BH_s19_medium,44,92,47.06666666666667,0.09078044444322586,0.3758008810209793
BH_s19_medium,44,93,47.1,-0.2327941358089447,0.7643856748448328
BH_s19_medium,44,94,47.13333333333333,-0.5540227890014648,1.0760593581141131
BH_s19_medium,44,95,47.166666666666664,-0.7750941514968872,1.2889031559379607
BH_s19_medium,44,96,47.2,-0.8913758397102356,1.3933788112532164
BH_s19_medium,44,97,47.233333333333334,-0.9437706470489502,1.3919136726018906
BH_s19_medium,44,98,47.266666666666666,-0.9961655139923096,1.295691864860375
BH_s19_medium,44,99,47.3,-1.1032416820526123,1.1197463977214828
BH_s19_medium,44,100,47.333333333333336,-1.2103179693222046,0.8784476447667146
BH_s19_medium,44,101,47.36666666666667,-1.3173941373825073,0.5833426226894302
BH_s19_medium,44,102,47.4,-1.336059331893921,0.24418671752415416
BH_s19_medium,44,103,47.43333333333333,-0.6038452982902527,-0.1274717998276537
BH_s19_medium,44,104,47.46666666666667,0.8625239729881287,-0.5139635065481482
BH_s19_medium,44,105,47.5,2.408007860183716,-0.8886897029292238
BH_s19_medium,44,106,47.53333333333333,3.088871479034424,-1.2166876193861722
BH_s19_medium,44,107,47.56666666666667,2.7619190216064453,-1.4591687542754337
BH_s19_medium,44,108,47.6,2.11946177482605,-1.5809293184306017
BH_s19_medium,44,109,47.63333333333333,1.5586154460906982,-1.5582472465041013
BH_s19_medium,44,110,47.666666666666664,1.1414889097213745,-1.3847432662456651
BH_s19_medium,44,111,47.7,0.8838334679603577,-1.0737130087708564
BH_s19_medium,44,112,47.733333333333334,0.7441783547401428,-0.6569029514993118
BH_s19_medium,44,113,47.766666666666666,0.7879356145858765,-0.18035327649826827
BH_s19_medium,44,114,47.8,0.6767947673797607,0.30249704756871676
BH_s19_medium,44,115,47.833333333333336,0.355566143989563,0.7399569051140726
BH_s19_medium,44,116,47.86666666666667,-0.020343869924545288,1.091080510018845
BH_s19_medium,44,117,47.9,-0.4509352445602417,1.3311110834214206
BH_s19_medium,44,118,47.93333333333333,-0.7721638679504395,1.451932284260777
BH_s19_medium,44,119,47.96666666666667,-0.9481489062309265,1.4588363605513746
BH_s19_medium,44,120,48.0,-1.0122305154800415,1.3656928905637788
BH_s19_medium,44,121,48.03333333333333,-1.0529385805130005,1.1899793217694488
BH_s19_medium,44,122,48.06666666666667,-1.0669118165969849,0.9487401272775703
BH_s19_medium,44,123,48.1,-1.1030470132827759,0.6563705467070763
BH_s19_medium,44,124,48.13333333333333,-1.1892904043197632,0.32460996370540973
BH_s19_medium,44,125,48.166666666666664,-1.2540751695632935,-0.03549270006906044
BH_s19_medium,44,126,48.2,-0.6647932529449463,-0.41028856436518707
BH_s19_medium,44,127,48.233333333333334,0.6502770781517029,-0.7800672063738037
BH_s19_medium,44,128,48.266666666666666,2.182312488555908,-1.1172538007157538
BH_s19_medium,44,129,48.3,2.8925621509552,-1.3880172151552659
BH_s19_medium,44,130,48.333333333333336,2.565195083618164,-1.5576004997202202
BH_s19_medium,44,131,48.36666666666667,1.8156615495681763,-1.5978129544101791
BH_s19_medium,44,132,48.4,1.0972411632537842,-1.4941345276015217
BH_s19_medium,44,133,48.43333333333333,0.643081545829773,-1.2501617528012674
BH_s19_medium,44,134,48.46666666666667,0.39850133657455444,-0.8882433982273138
BH_s19_medium,44,135,48.5,0.36350056529045105,-0.44628617408636073
BH_s19_medium,44,136,48.53333333333333,0.46416622400283813,0.02859340913663178
BH_s19_medium,44,137,48.56666666666667,0.45591819286346436,0.48813661503557154
BH_s19_medium,44,138,48.6,0.18524686992168427,0.8903294249632582
BH_s19_medium,44,139,48.63333333333333,-0.190214142203331,1.2038630351487603
BH_s19_medium,44,140,48.666666666666664,-0.6185190081596375,1.409348130573301
BH_s19_medium,44,141,48.7,-0.942483127117157,1.4987203743654371
BH_s19_medium,44,142,48.733333333333334,-1.1142847537994385,1.474050808688314
BH_s19_medium,44,143,48.766666666666666,-1.1762745380401611,1.3457539072148716
BH_s19_medium,44,144,48.8,-1.1762745380401611,1.1297836452436743
BH_s19_medium,44,145,48.833333333333336,-1.230955958366394,0.8441748285433731
BH_s19_medium,44,146,48.86666666666667,-1.269182801246643,0.5063659823972774
BH_s19_medium,44,147,48.9,-1.3762589693069458,0.13284240745831333
BH_s19_medium,44,148,48.93333333333333,-1.2940385341644287,-0.2587553724776574
BH_s19_medium,44,149,48.96666666666667,-0.47177860140800476,-0.6466491657118301
BH_s19_medium,44,150,49.0,1.0388219356536865,-1.0032906597859064
BH_s19_medium,44,151,49.03333333333333,2.5901827812194824,-1.2965859770202945
BH_s19_medium,44,152,49.06666666666667,3.1737265586853027,-1.494044801727735
BH_s19_medium,44,153,49.1,2.71459698677063,-1.5686166676231907
BH_s19_medium,44,154,49.13333333333333,1.9103821516036987,-1.504426953543324
BH_s19_medium,44,155,49.166666666666664,1.2331782579421997,-1.3008587654732346
BH_s19_medium,44,156,49.2,0.7461690902709961,-0.9740712940529223
BH_s19_medium,44,157,49.233333333333334,0.5604537129402161,-0.5556389091034452
BH_s19_medium,44,158,49.266666666666666,0.5735289454460144,-0.08838376713418677
BH_s19_medium,44,159,49.3,0.6282103061676025,0.37995603327300753
BH_s19_medium,44,160,49.333333333333336,0.5064160823822021,0.8037177230055712
BH_s19_medium,44,161,49.36666666666667,0.17897169291973114,1.1451491335722448
BH_s19_medium,44,162,49.4,-0.25326240062713623,1.3780724998853349
BH_s19_medium,44,163,49.43333333333333,-0.6815672516822815,1.4893807454890975
BH_s19_medium,44,164,49.46666666666667,-1.0034396648406982,1.4786489972602885
BH_s19_medium,44,165,49.5,-1.165840983390808,1.3560403522366147
BH_s19_medium,44,166,49.53333333333333,-1.2234526872634888,1.138902709018807
BH_s19_medium,44,167,49.56666666666667,-1.2758475542068481,0.8479270582211909
BH_s19_medium,44,168,49.6,-1.2856372594833374,0.5040295827895193
BH_s19_medium,44,169,49.63333333333333,-1.3806371688842773,0.12699200599712768
BH_s19_medium,44,170,49.666666666666664,-1.4116493463516235,-0.2637203841919592
BH_s19_medium,44,171,49.7,-0.9092459678649902,-0.6466115119566271
BH_s19_medium,44,172,49.733333333333334,0.5073786973953247,-0.9960339725072159
BH_s19_medium,44,173,49.766666666666666,2.2441070079803467,-1.282279557557224
BH_s19_medium,44,174,49.8,3.3426644802093506,-1.4747490885641579
BH_s19_medium,44,175,49.833333333333336,3.202681064605713,-1.547411833528479
BH_s19_medium,44,176,49.86666666666667,1.2418159246444702,-1.484702307614421
BH_s19_medium,44,177,49.9,0.8681924343109131,-1.2859547727592573
BH_s19_medium,44,178,49.93333333333333,0.5887302756309509,-0.967187998035768
BH_s19_medium,44,179,49.96666666666667,0.39203137159347534,-0.5598815545265553
BH_s19_medium,44,180,50.0,0.35480350255966187,-0.10689870630493352
BH_s19_medium,44,181,50.03333333333333,0.35480350255966187,0.34384027296678515
BH_s19_medium,44,182,50.06666666666667,0.3442095220088959,0.7466852995902751
BH_s19_medium,44,183,50.1,0.17414447665214539,1.064888366045179
BH_s19_medium,44,184,50.13333333333333,0.014673405326902866,1.2750402722658076
BH_s19_medium,44,185,50.166666666666664,-0.19947902858257294,1.3684839505092745
BH_s19_medium,44,186,50.2,-0.4121834933757782,1.3496543580630358
BH_s19_medium,44,187,50.233333333333334,-0.5192596912384033,1.2320682630699835
BH_s19_medium,44,188,50.266666666666666,-0.5200982689857483,1.0333754052249116
BH_s19_medium,44,189,50.3,-0.5747796297073364,0.7711932187225163
BH_s19_medium,44,190,50.333333333333336,-0.5747796297073364,0.4611354072338685
BH_s19_medium,44,191,50.36666666666667,-0.6294609904289246,0.11759192082884491
BH_s19_medium,44,192,50.4,-0.6841423511505127,-0.24329496533434952
BH_s19_medium,44,193,50.43333333333333,-0.6440185308456421,-0.6000776718337342
BH_s19_medium,44,194,50.46666666666667,-0.18371187150478363,-0.9240865968315144
BH_s19_medium,44,195,50.5,0.6200791001319885,-1.1809369705839814
BH_s19_medium,44,196,50.53333333333333,1.4292908906936646,-1.3357392500124934
BH_s19_medium,44,197,50.56666666666667,1.6908597946166992,-1.3606038374411455
BH_s19_medium,44,198,50.6,1.3883470296859741,-1.2421168456796179
BH_s19_medium,44,199,50.63333333333333,0.9600422382354736,-0.9864236893478961
BH_s19_medium,44,200,50.666666666666664,0.6105369329452515,-0.6201285544312553
BH_s19_medium,44,201,50.7,0.36582139134407043,-0.18636144592213405
BH_s19_medium,44,202,50.733333333333334,0.22589556872844696,0.2630661226989429
BH_s19_medium,44,203,50.766666666666666,0.2454407960176468,0.6770976764853436
BH_s19_medium,44,204,50.8,0.2604130208492279,1.0136337695669648
BH_s19_medium,44,205,50.833333333333336,0.23275507986545563,1.2444806814188965
BH_s19_medium,44,206,50.86666666666667,0.07099750638008118,1.3567641568920188
BH_s19_medium,44,207,50.9,-0.09887276589870453,1.3517557892669299
BH_s19_medium,44,208,50.93333333333333,-0.31302520632743835,1.2419285762154928
BH_s19_medium,44,209,50.96666666666667,-0.4689565896987915,1.04667272488541
BH_s19_medium,44,210,51.0,-0.5213514566421509,0.7875861014019068
BH_s19_medium,44,211,51.03333333333333,-0.5747796297073364,0.48482553602283673
BH_s19_medium,44,212,51.06666666666667,-0.6294609904289246,0.15558368853252358
BH_s19_medium,44,213,51.1,-0.6785359978675842,-0.18528438275507128
BH_s19_medium,44,214,51.13333333333333,-0.7309308648109436,-0.5232542296391048
BH_s19_medium,44,215,51.166666666666664,-0.6943216919898987,-0.8418575524521797
BH_s19_medium,44,216,51.2,-0.3090206980705261,-1.1212810488438958
BH_s19_medium,44,217,51.233333333333334,0.45551010966300964,-1.338705807785504
BH_s19_medium,44,218,51.266666666666666,1.2368347644805908,-1.470699610879474
BH_s19_medium,44,219,51.3,1.5031120777130127,-1.4973222183406882
BH_s19_medium,44,220,51.333333333333336,1.2067900896072388,-1.4070590200044568
BH_s19_medium,44,221,51.36666666666667,0.7238038182258606,-1.2013444259309316
BH_s19_medium,44,222,51.4,0.323995441198349,-0.8972928286871044
BH_s19_medium,44,223,51.43333333333333,0.08139671385288239,-0.5273459103455485
BH_s19_medium,44,224,51.46666666666667,0.02671535313129425,-0.13502376680473177
BH_s19_medium,44,225,51.5,0.08139671385288239,0.23285827172308543
BH_s19_medium,44,226,51.53333333333333,0.08139671385288239,0.5354610410303126
BH_s19_medium,44,227,51.56666666666667,0.06433276832103729,0.7455823523744688
BH_s19_medium,44,228,51.6,-0.1122022494673729,0.8531819531780335
BH_s19_medium,44,229,51.63333333333333,-0.3263546824455261,0.8641933002013589
BH_s19_medium,44,230,51.666666666666664,-0.5303027033805847,0.7961879766097593
BH_s19_medium,44,231,51.7,-0.6373788714408875,0.6733471339647263
BH_s19_medium,44,232,51.733333333333334,-0.7388237118721008,0.5223091891499948
BH_s19_medium,44,233,51.766666666666666,-0.7421686053276062,0.36905993736381765
BH_s19_medium,44,234,51.8,-0.793505072593689,0.23647163517006267
BH_s19_medium,44,235,51.833333333333336,-0.793505072593689,0.14218468435336867
BH_s19_medium,44,236,51.86666666666667,-0.8481864333152771,0.09661376179693452
BH_s19_medium,44,237,51.9,-0.7504259347915649,0.10113564046056747
BH_s19_medium,44,238,51.93333333333333,-0.1392606943845749,0.14716713709339357
BH_s19_medium,44,239,51.96666666666667,0.6545800566673279,0.2172102131351909
BH_s19_medium,45,0,45.0,-1.479736089706421,-0.1361646361177454
BH_s19_medium,45,1,45.03333333333333,-1.5868122577667236,-0.031950452735435196
BH_s19_medium,45,2,45.06666666666667,-1.5627620220184326,0.020979214057409726
BH_s19_medium,45,3,45.1,-0.8349599838256836,-0.014710572577802812
BH_s19_medium,45,4,45.13333333333333,0.4287996292114258,-0.1495771035000947
BH_s19_medium,45,5,45.166666666666664,1.7253930568695068,-0.36713197373043804
BH_s19_medium,45,6,45.2,2.1812984943389893,-0.6322881525447376
BH_s19_medium,45,7,45.233333333333334,1.801586627960205,-0.9031152719595774
BH_s19_medium,45,8,45.266666666666666,1.213810682296753,-1.1403325218497737
BH_s19_medium,45,9,45.3,0.6996684074401855,-1.3120718098268078
BH_s19_medium,45,10,45.333333333333336,0.34042420983314514,-1.3949241065040547
BH_s19_medium,45,11,45.36666666666667,0.13607807457447052,-1.3737716769860455
BH_s19_medium,45,12,45.4,0.13869470357894897,-1.2419416085468995
BH_s19_medium,45,13,45.43333333333333,0.19042930006980896,-1.0018041184702444
BH_s19_medium,45,14,45.46666666666667,0.08335308730602264,-0.6657675143666428
BH_s19_medium,45,15,45.5,-0.12460008263587952,-0.25746642058296365
BH_s19_medium,45,16,45.53333333333333,-0.4939807057380676,0.18833813961680787
BH_s19_medium,45,17,45.56666666666667,-0.7758732438087463,0.6291369037139377
BH_s19_medium,45,18,45.6,-0.9900256991386414,1.0214219519948955
BH_s19_medium,45,19,45.63333333333333,-1.1082043647766113,1.3284547779174591
BH_s19_medium,45,20,45.666666666666664,-1.1605991125106812,1.5261406310465109
BH_s19_medium,45,21,45.7,-1.1762745380401611,1.605275372129034
BH_s19_medium,45,22,45.733333333333334,-1.230955958366394,1.5700048272797715
BH_s19_medium,45,23,45.766666666666666,-1.3177837133407593,1.4336006861727526
BH_s19_medium,45,24,45.8,-1.4248600006103516,1.2133844367057047
BH_s19_medium,45,25,45.833333333333336,-1.2300249338150024,0.9266904402477224
BH_s19_medium,45,26,45.86666666666667,-0.32601800560951233,0.5891652958486491
BH_s19_medium,45,27,45.9,0.9818969964981079,0.2156630637898963
BH_s19_medium,45,28,45.93333333333333,2.0648462772369385,-0.1771253889807511
BH_s19_medium,45,29,45.96666666666667,2.268050193786621,-0.5679388896990838
BH_s19_medium,45,30,46.0,1.7890362739562988,-0.9298223940366246
BH_s19_medium,45,31,46.03333333333333,1.215114712715149,-1.231668796830337
BH_s19_medium,45,32,46.06666666666667,0.7459828853607178,-1.4423371328554615
BH_s19_medium,45,33,46.1,0.44560348987579346,-1.5361606383616135
BH_s19_medium,45,34,46.13333333333333,0.30012214183807373,-1.498123614725381
BH_s19_medium,45,35,46.166666666666664,0.30483052134513855,-1.327224767990601
BH_s19_medium,45,36,46.2,0.29770028591156006,-1.0373470507644582
BH_s19_medium,45,37,46.233333333333334,0.1359427273273468,-0.6557105537803902
BH_s19_medium,45,38,46.266666666666666,-0.1287241131067276,-0.21930903169222443
BH_s19_medium,45,39,46.3,-0.4521039128303528,0.23003626864228965
BH_s19_medium,45,40,46.333333333333336,-0.7253753542900085,0.6509547412401324
BH_s19_medium,45,41,46.36666666666667,-0.8938571214675903,1.0070243267524335
BH_s19_medium,45,42,46.4,-1.000933289527893,1.2700308304313115
BH_s19_medium,45,43,46.43333333333333,-1.0533281564712524,1.4221373964614819
BH_s19_medium,45,44,46.46666666666667,-1.0669118165969849,1.4569628346803933
BH_s19_medium,45,45,46.5,-1.1034364700317383,1.3791486827549682
BH_s19_medium,45,46,46.53333333333333,-1.2105127573013306,1.2021112824689362
BH_s19_medium,45,47,46.56666666666667,-1.3175889253616333,0.9444226459246694
BH_s19_medium,45,48,46.6,-1.3653348684310913,0.6261350794311697
BH_s19_medium,45,49,46.63333333333333,-0.8751854300498962,0.26660704941143304
BH_s19_medium,45,50,46.666666666666664,0.43268662691116333,-0.11538372801763123
BH_s19_medium,45,51,46.7,1.9864349365234375,-0.4997691148646137
BH_s19_medium,45,52,46.733333333333334,2.9658656120300293,-0.8631062439359396
BH_s19_medium,45,53,46.766666666666666,2.888345718383789,-1.1779467015439735
BH_s19_medium,45,54,46.8,2.282337188720703,-1.4145403216731427
BH_s19_medium,45,55,46.833333333333336,1.7218804359436035,-1.5447547919882643
BH_s19_medium,45,56,46.86666666666667,1.3482569456100464,-1.5474639150964058
BH_s19_medium,45,57,46.9,1.0384013652801514,-1.4141493825261826
BH_s19_medium,45,58,46.93333333333333,0.8401356935501099,-1.1528530082538666
BH_s19_medium,45,59,46.96666666666667,0.7922543883323669,-0.7885540809183008
BH_s19_medium,45,60,47.0,0.7331188917160034,-0.35917643137269534
BH_s19_medium,45,61,47.03333333333333,0.4643445312976837,0.09153130893291803
BH_s19_medium,45,62,47.06666666666667,0.09078044444322586,0.5212646267441325
BH_s19_medium,45,63,47.1,-0.2327941358089447,0.8939224588175586
BH_s19_medium,45,64,47.13333333333333,-0.5540227890014648,1.1817446256684534
BH_s19_medium,45,65,47.166666666666664,-0.7750941514968872,1.366589626688123
BH_s19_medium,45,66,47.2,-0.8913758397102356,1.4411236223039732
BH_s19_medium,45,67,47.233333333333334,-0.9437706470489502,1.4088178609192725
BH_s19_medium,45,68,47.266666666666666,-0.9961655139923096,1.2816259485588477
BH_s19_medium,45,69,47.3,-1.1032416820526123,1.0757761143254112
BH_s19_medium,45,70,47.333333333333336,-1.2103179693222046,0.8075370683314642
BH_s19_medium,45,71,47.36666666666667,-1.3173941373825073,0.4910251236021684
BH_s19_medium,45,72,47.4,-1.336059331893921,0.1389996654921983
BH_s19_medium,45,73,47.43333333333333,-0.6038452982902527,-0.23408403408829095
BH_s19_medium,45,74,47.46666666666667,0.8625239729881287,-0.6086981980438488
BH_s19_medium,45,75,47.5,2.408007860183716,-0.9586114509350441
BH_s19_medium,45,76,47.53333333333333,3.088871479034424,-1.2521799502575004
BH_s19_medium,45,77,47.56666666666667,2.7619190216064453,-1.456456895112572
BH_s19_medium,45,78,47.6,2.11946177482605,-1.5430357244504458
BH_s19_medium,45,79,47.63333333333333,1.5586154460906982,-1.4940609211397613
BH_s19_medium,45,80,47.666666666666664,1.1414889097213745,-1.3068060470786091
BH_s19_medium,45,81,47.7,0.8838334679603577,-0.9956390582353225
BH_s19_medium,45,82,47.733333333333334,0.7441783547401428,-0.5909357548802243
BH_s19_medium,45,83,47.766666666666666,0.7879356145858765,-0.1351052396621268
BH_s19_medium,45,84,47.8,0.6767947673797607,0.3238052814714787
BH_s19_medium,45,85,47.833333333333336,0.355566143989563,0.7398455161411184
BH_s19_medium,45,86,47.86666666666667,-0.020343869924545288,1.0761092459096455
BH_s19_medium,45,87,47.9,-0.4509352445602417,1.3086774183094274
BH_s19_medium,45,88,47.93333333333333,-0.7721638679504395,1.4270157410643365
BH_s19_medium,45,89,47.96666666666667,-0.9481489062309265,1.4320412529655155
BH_s19_medium,45,90,48.0,-1.0122305154800415,1.333227312852628
BH_s19_medium,45,91,48.03333333333333,-1.0529385805130005,1.1454638132074761
BH_s19_medium,45,92,48.06666666666667,-1.0669118165969849,0.8862426870981522
BH_s19_medium,45,93,48.1,-1.1030470132827759,0.5737899318140198
BH_s19_medium,45,94,48.13333333333333,-1.1892904043197632,0.22635174910758726
BH_s19_medium,45,95,48.166666666666664,-1.2540751695632935,-0.13761561365703517
BH_s19_medium,45,96,48.2,-0.6647932529449463,-0.4986185371085997
BH_s19_medium,45,97,48.233333333333334,0.6502770781517029,-0.8349940312523352
BH_s19_medium,45,98,48.266666666666666,2.182312488555908,-1.1223278220044979
BH_s19_medium,45,99,48.3,2.8925621509552,-1.334545142791985
BH_s19_medium,45,100,48.333333333333336,2.565195083618164,-1.4471250951992192
BH_s19_medium,45,101,48.36666666666667,1.8156615495681763,-1.441771464166724
BH_s19_medium,45,102,48.4,1.0972411632537842,-1.3111381506363242
BH_s19_medium,45,103,48.43333333333333,0.643081545829773,-1.0620478314879347
BH_s19_medium,45,104,48.46666666666667,0.39850133657455444,-0.7159516935919608
BH_s19_medium,45,105,48.5,0.36350056529045105,-0.30618235887619405
BH_s19_medium,45,106,48.53333333333333,0.46416622400283813,0.12727628193963544
BH_s19_medium,45,107,48.56666666666667,0.45591819286346436,0.5437834648351747
BH_s19_medium,45,108,48.6,0.18524686992168427,0.9069034437198774
BH_s19_medium,45,109,48.63333333333333,-0.190214142203331,1.1872227822534211
BH_s19_medium,45,110,48.666666666666664,-0.6185190081596375,1.3638167905877854
BH_s19_medium,45,111,48.7,-0.942483127117157,1.4256074073660376
BH_s19_medium,45,112,48.733333333333334,-1.1142847537994385,1.37256874051032
BH_s19_medium,45,113,48.766666666666666,-1.1762745380401611,1.21541090459655
BH_s19_medium,45,114,48.8,-1.1762745380401611,0.9728637946230028
BH_s19_medium,45,115,48.833333333333336,-1.230955958366394,0.6673664293022936
BH_s19_medium,45,116,48.86666666666667,-1.269182801246643,0.3211617183008413
BH_s19_medium,45,117,48.9,-1.3762589693069458,-0.045385597205634495
BH_s19_medium,45,118,48.93333333333333,-1.2940385341644287,-0.4128474710147849
BH_s19_medium,45,119,48.96666666666667,-0.47177860140800476,-0.7604131288585374
BH_s19_medium,45,120,49.0,1.0388219356536865,-1.0642246210157524
BH_s19_medium,45,121,49.03333333333333,2.5901827812194824,-1.2979634422113209
BH_s19_medium,45,122,49.06666666666667,3.1737265586853027,-1.4359934002387205
BH_s19_medium,45,123,49.1,2.71459698677063,-1.4580848148472798
BH_s19_medium,45,124,49.13333333333333,1.9103821516036987,-1.3541722406153798
BH_s19_medium,45,125,49.166666666666664,1.2331782579421997,-1.127685899693586
BH_s19_medium,45,126,49.2,0.7461690902709961,-0.7964264179300297
BH_s19_medium,45,127,49.233333333333334,0.5604537129402161,-0.3906690732759457
BH_s19_medium,45,128,49.266666666666666,0.5735289454460144,0.05091339626655315
BH_s19_medium,45,129,49.3,0.6282103061676025,0.4863011296502773
BH_s19_medium,45,130,49.333333333333336,0.5064160823822021,0.8749920208803422
BH_s19_medium,45,131,49.36666666666667,0.17897169291973114,1.1821011933423822
BH_s19_medium,45,132,49.4,-0.25326240062713623,1.381714000516589
BH_s19_medium,45,133,49.43333333333333,-0.6815672516822815,1.4595440692757877
BH_s19_medium,45,134,49.46666666666667,-1.0034396648406982,1.4143644696938853
BH_s19_medium,45,135,49.5,-1.165840983390808,1.2573546306143972
BH_s19_medium,45,136,49.53333333333333,-1.2234526872634888,1.0091315991167003
BH_s19_medium,45,137,49.56666666666667,-1.2758475542068481,0.6952863750222059
BH_s19_medium,45,138,49.6,-1.2856372594833374,0.3418735194180526
BH_s19_medium,45,139,49.63333333333333,-1.3806371688842773,-0.027650266427532016
BH_s19_medium,45,140,49.666666666666664,-1.4116493463516235,-0.39298611487023777
BH_s19_medium,45,141,49.7,-0.9092459678649902,-0.7351126479977299
BH_s19_medium,45,142,49.733333333333334,0.5073786973953247,-1.0335622088627094
BH_s19_medium,45,143,49.766666666666666,2.2441070079803467,-1.2651878400167436
BH_s19_medium,45,144,49.8,3.3426644802093506,-1.4058572859968095
BH_s19_medium,45,145,49.833333333333336,3.202681064605713,-1.4347664697587335
BH_s19_medium,45,146,49.86666666666667,1.2418159246444702,-1.3397649525747117
BH_s19_medium,45,147,49.9,0.8681924343109131,-1.1217226956200699
BH_s19_medium,45,148,49.93333333333333,0.5887302756309509,-0.7964187745339044
BH_s19_medium,45,149,49.96666666666667,0.39203137159347534,-0.3933646114247826
BH_s19_medium,45,150,50.0,0.35480350255966187,0.048027824721008375
BH_s19_medium,45,151,50.03333333333333,0.35480350255966187,0.4838370378840208
BH_s19_medium,45,152,50.06666666666667,0.3442095220088959,0.871320473777743
BH_s19_medium,45,153,50.1,0.17414447665214539,1.1739484017867858
BH_s19_medium,45,154,50.13333333333333,0.014673405326902866,1.3653227826359369
BH_s19_medium,45,155,50.166666666666664,-0.19947902858257294,1.431727286865925
BH_s19_medium,45,156,50.2,-0.4121834933757782,1.37286985490811
BH_s19_medium,45,157,50.233333333333334,-0.5192596912384033,1.2004254646819703
BH_s19_medium,45,158,50.266666666666666,-0.5200982689857483,0.9347152135595641
BH_s19_medium,45,159,50.3,-0.5747796297073364,0.6007123654960953
BH_s19_medium,45,160,50.333333333333336,-0.5747796297073364,0.22478113440954442
BH_s19_medium,45,161,50.36666666666667,-0.6294609904289246,-0.1669478905833335
BH_s19_medium,45,162,50.4,-0.6841423511505127,-0.5485399427127481
BH_s19_medium,45,163,50.43333333333333,-0.6440185308456421,-0.8934361930203588
BH_s19_medium,45,164,50.46666666666667,-0.18371187150478363,-1.1742768342828498
BH_s19_medium,45,165,50.5,0.6200791001319885,-1.364530740239751
BH_s19_medium,45,166,50.53333333333333,1.4292908906936646,-1.4420092383643834
BH_s19_medium,45,167,50.56666666666667,1.6908597946166992,-1.393183976699628
BH_s19_medium,45,168,50.6,1.3883470296859741,-1.216782819409126
BH_s19_medium,45,169,50.63333333333333,0.9600422382354736,-0.9254654371605838
BH_s19_medium,45,170,50.666666666666664,0.6105369329452515,-0.5450985619359201
BH_s19_medium,45,171,50.7,0.36582139134407043,-0.11185509220541333
BH_s19_medium,45,172,50.733333333333334,0.22589556872844696,0.3321906403551872
BH_s19_medium,45,173,50.766666666666666,0.2454407960176468,0.7440895271734687
BH_s19_medium,45,174,50.8,0.2604130208492279,1.0847786092456433
BH_s19_medium,45,175,50.833333333333336,0.23275507986545563,1.3230580943286776
BH_s19_medium,45,176,50.86666666666667,0.07099750638008118,1.438863709842175
BH_s19_medium,45,177,50.9,-0.09887276589870453,1.4258733138829924
BH_s19_medium,45,178,50.93333333333333,-0.31302520632743835,1.2925505231721888
BH_s19_medium,45,179,50.96666666666667,-0.4689565896987915,1.0603141907930353
BH_s19_medium,45,180,51.0,-0.5213514566421509,0.7587352543588733
BH_s19_medium,45,181,51.03333333333333,-0.5747796297073364,0.4194104686017587
BH_s19_medium,45,182,51.06666666666667,-0.6294609904289246,0.0708151462577034
BH_s19_medium,45,183,51.1,-0.6785359978675842,-0.2642885441305077
BH_s19_medium,45,184,51.13333333333333,-0.7309308648109436,-0.5687203271524905
BH_s19_medium,45,185,51.166666666666664,-0.6943216919898987,-0.8290160465835417
BH_s19_medium,45,186,51.2,-0.3090206980705261,-1.033157616259418
BH_s19_medium,45,187,51.233333333333334,0.45551010966300964,-1.1690158224730505
BH_s19_medium,45,188,51.266666666666666,1.2368347644805908,-1.224305149922181
BH_s19_medium,45,189,51.3,1.5031120777130127,-1.188401170744798
BH_s19_medium,45,190,51.333333333333336,1.2067900896072388,-1.0556733040639972
BH_s19_medium,45,191,51.36666666666667,0.7238038182258606,-0.8292773437071943
BH_s19_medium,45,192,51.4,0.323995441198349,-0.523984231347001
BH_s19_medium,45,193,51.43333333333333,0.08139671385288239,-0.16675325943774824
BH_s19_medium,45,194,51.46666666666667,0.02671535313129425,0.2056405496597668
BH_s19_medium,45,195,51.5,0.08139671385288239,0.5517174812219938
BH_s19_medium,45,196,51.53333333333333,0.08139671385288239,0.8320257390118773
BH_s19_medium,45,197,51.56666666666667,0.06433276832103729,1.0157937735390983
BH_s19_medium,45,198,51.6,-0.1122022494673729,1.085770347816081
BH_s19_medium,45,199,51.63333333333333,-0.3263546824455261,1.0400285851623858
BH_s19_medium,45,200,51.666666666666664,-0.5303027033805847,0.8903980450694944
BH_s19_medium,45,201,51.7,-0.6373788714408875,0.658270681286094
BH_s19_medium,45,202,51.733333333333334,-0.7388237118721008,0.3694683940931638
BH_s19_medium,45,203,51.766666666666666,-0.7421686053276062,0.050114409175730706
BH_s19_medium,45,204,51.8,-0.793505072593689,-0.2752672598524075
BH_s19_medium,45,205,51.833333333333336,-0.793505072593689,-0.5834978541352691
BH_s19_medium,45,206,51.86666666666667,-0.8481864333152771,-0.8515494724437369
BH_s19_medium,45,207,51.9,-0.7504259347915649,-1.0559752203985988
BH_s19_medium,45,208,51.93333333333333,-0.1392606943845749,-1.1739645237901968
BH_s19_medium,45,209,51.96666666666667,0.6545800566673279,-1.1861441004875388
BH_s19_medium,45,210,52.0,1.3431068658828735,-1.0806362631326982
BH_s19_medium,45,211,52.03333333333333,1.368962287902832,-0.8574284666587287
BH_s19_medium,45,212,52.06666666666667,0.9705516695976257,-0.5315940478815864
BH_s19_medium,45,213,52.1,0.5227266550064087,-0.13368744055534856
BH_s19_medium,45,214,52.13333333333333,0.1796913743019104,0.29380711488272265
BH_s19_medium,45,215,52.166666666666664,0.050808511674404144,0.7037109387396648
BH_s19_medium,45,216,52.2,0.02671535313129425,1.053103003148193
BH_s19_medium,45,217,52.233333333333334,0.05273054167628288,1.3109963247603371
BH_s19_medium,45,218,52.266666666666666,0.08139671385288239,1.4621493809162385
BH_s19_medium,45,219,52.3,-0.016169002279639244,1.5060554197340823
BH_s19_medium,45,220,52.333333333333336,-0.23032143712043762,1.4521858994057435
BH_s19_medium,45,221,52.36666666666667,-0.44447386264801025,1.3140549188037551
BH_s19_medium,45,222,52.4,-0.6440436244010925,1.1049184904941756
BH_s19_medium,45,223,52.43333333333333,-0.7388237118721008,0.8367588256061674
BH_s19_medium,45,224,52.46666666666667,-0.793505072593689,0.5222009065251284
BH_s19_medium,45,225,52.5,-0.793505072593689,0.17744820229809796
BH_s19_medium,45,226,52.53333333333333,-0.793505072593689,-0.17585663752285247
BH_s19_medium,45,227,52.56666666666667,-0.7966551780700684,-0.5110685659046583
BH_s19_medium,45,228,52.6,-0.8473227620124817,-0.7994165146059393
BH_s19_medium,45,229,52.63333333333333,-0.6337296366691589,-1.0146311337227962
BH_s19_medium,45,230,52.666666666666664,0.0007496498292312026,-1.138145798622429
BH_s19_medium,45,231,52.7,0.8536499738693237,-1.1634525720859579
BH_s19_medium,45,232,52.733333333333334,1.4153010845184326,-1.0982147423075768
BH_s19_medium,45,233,52.766666666666666,1.3602057695388794,-0.9633263089925084
BH_s19_medium,45,234,52.8,0.95303875207901,-0.7891820773272098
BH_s19_medium,45,235,52.833333333333336,0.5794152617454529,-0.6099543755961316
BH_s19_medium,45,236,52.86666666666667,0.2802976369857788,-0.45630451559848034
BH_s19_medium,45,237,52.9,0.10111164301633835,-0.3473074443021457
BH_s19_medium,45,238,52.93333333333333,0.08139671385288239,-0.2842639893954797
BH_s19_medium,45,239,52.96666666666667,0.13607807457447052,-0.2501330163063669
BH_s19_medium,46,0,46.0,1.7890362739562988,-0.0049434701220957
BH_s19_medium,46,1,46.03333333333333,1.215114712715149,-0.386681085302778
BH_s19_medium,46,2,46.06666666666667,0.7459828853607178,-0.7170794329712192
BH_s19_medium,46,3,46.1,0.44560348987579346,-0.9516571911431494
BH_s19_medium,46,4,46.13333333333333,0.30012214183807373,-1.0569506564912008
BH_s19_medium,46,5,46.166666666666664,0.30483052134513855,-1.0158822038684239
BH_s19_medium,46,6,46.2,0.29770028591156006,-0.8312562036857156
BH_s19_medium,46,7,46.233333333333334,0.1359427273273468,-0.5261638076444972
BH_s19_medium,46,8,46.266666666666666,-0.1287241131067276,-0.1405984929301277
BH_s19_medium,46,9,46.3,-0.4521039128303528,0.27547745417523445
BH_s19_medium,46,10,46.333333333333336,-0.7253753542900085,0.6709805440382898
BH_s19_medium,46,11,46.36666666666667,-0.8938571214675903,1.0019643260812099
BH_s19_medium,46,12,46.4,-1.000933289527893,1.2372610840158178
BH_s19_medium,46,13,46.43333333333333,-1.0533281564712524,1.360792660417213
BH_s19_medium,46,14,46.46666666666667,-1.0669118165969849,1.3709660511572064
BH_s19_medium,46,15,46.5,-1.1034364700317383,1.2779746058267274
BH_s19_medium,46,16,46.53333333333333,-1.2105127573013306,1.0996572257340156
BH_s19_medium,46,17,46.56666666666667,-1.3175889253616333,0.8565934979312401
BH_s19_medium,46,18,46.6,-1.3653348684310913,0.5677063198298697
BH_s19_medium,46,19,46.63333333333333,-0.8751854300498962,0.24796773521772694
BH_s19_medium,46,20,46.666666666666664,0.43268662691116333,-0.09096519077411962
BH_s19_medium,46,21,46.7,1.9864349365234375,-0.437776648057343
BH_s19_medium,46,22,46.733333333333334,2.9658656120300293,-0.7778705921176758
BH_s19_medium,46,23,46.766666666666666,2.888345718383789,-1.0910157869558854
BH_s19_medium,46,24,46.8,2.282337188720703,-1.3515258291508871
BH_s19_medium,46,25,46.833333333333336,1.7218804359436035,-1.5312267555086605
BH_s19_medium,46,26,46.86666666666667,1.3482569456100464,-1.6045788259707792
BH_s19_medium,46,27,46.9,1.0384013652801514,-1.5546097977241435
BH_s19_medium,46,28,46.93333333333333,0.8401356935501099,-1.3777977897507445
BH_s19_medium,46,29,46.96666666666667,0.7922543883323669,-1.0861078119196657
BH_s19_medium,46,30,47.0,0.7331188917160034,-0.7053531435988876
BH_s19_medium,46,31,47.03333333333333,0.4643445312976837,-0.2706689043089308
BH_s19_medium,46,32,47.06666666666667,0.09078044444322586,0.17875261409039014
BH_s19_medium,46,33,47.1,-0.2327941358089447,0.6037695997794759
BH_s19_medium,46,34,47.13333333333333,-0.5540227890014648,0.9683111227107483
BH_s19_medium,46,35,47.166666666666664,-0.7750941514968872,1.2426489038897837
BH_s19_medium,46,36,47.2,-0.8913758397102356,1.4070944519622255
BH_s19_medium,46,37,47.233333333333334,-0.9437706470489502,1.4545160019645536
BH_s19_medium,46,38,47.266666666666666,-0.9961655139923096,1.3900658135424586
BH_s19_medium,46,39,47.3,-1.1032416820526123,1.2280188538154615
BH_s19_medium,46,40,47.333333333333336,-1.2103179693222046,0.9871296894894533
BH_s19_medium,46,41,47.36666666666667,-1.3173941373825073,0.6865362386274084
BH_s19_medium,46,42,47.4,-1.336059331893921,0.3438165110444596
BH_s19_medium,46,43,47.43333333333333,-0.6038452982902527,-0.024307983950170774
BH_s19_medium,46,44,47.46666666666667,0.8625239729881287,-0.39936835514346597
BH_s19_medium,46,45,47.5,2.408007860183716,-0.7583248785865165
BH_s19_medium,46,46,47.53333333333333,3.088871479034424,-1.0724974445052702
BH_s19_medium,46,47,47.56666666666667,2.7619190216064453,-1.3095819471842733
BH_s19_medium,46,48,47.6,2.11946177482605,-1.438648869883892
BH_s19_medium,46,49,47.63333333333333,1.5586154460906982,-1.4366236506350172
BH_s19_medium,46,50,47.666666666666664,1.1414889097213745,-1.2942005642778072
BH_s19_medium,46,51,47.7,0.8838334679603577,-1.0195182254377377
BH_s19_medium,46,52,47.733333333333334,0.7441783547401428,-0.6387451860056564
BH_s19_medium,46,53,47.766666666666666,0.7879356145858765,-0.19332016720697404
BH_s19_medium,46,54,47.8,0.6767947673797607,0.2661527802407549
BH_s19_medium,46,55,47.833333333333336,0.355566143989563,0.6885359724785363
BH_s19_medium,46,56,47.86666666666667,-0.020343869924545288,1.0309031998571716
BH_s19_medium,46,57,47.9,-0.4509352445602417,1.2644828528000156
BH_s19_medium,46,58,47.93333333333333,-0.7721638679504395,1.3766583242579764
BH_s19_medium,46,59,47.96666666666667,-0.9481489062309265,1.3698981399422332
BH_s19_medium,46,60,48.0,-1.0122305154800415,1.2586624462249951
BH_s19_medium,46,61,48.03333333333333,-1.0529385805130005,1.0647221444171748
BH_s19_medium,46,62,48.06666666666667,-1.0669118165969849,0.8116320051791847
BH_s19_medium,46,63,48.1,-1.1030470132827759,0.5199214293821792
BH_s19_medium,46,64,48.13333333333333,-1.1892904043197632,0.20471455983415365
BH_s19_medium,46,65,48.166666666666664,-1.2540751695632935,-0.12334363551243355
BH_s19_medium,46,66,48.2,-0.6647932529449463,-0.45439253368126414
BH_s19_medium,46,67,48.233333333333334,0.6502770781517029,-0.7747423309539624
BH_s19_medium,46,68,48.266666666666666,2.182312488555908,-1.0637410612142615
BH_s19_medium,46,69,48.3,2.8925621509552,-1.2939576490608486
BH_s19_medium,46,70,48.333333333333336,2.565195083618164,-1.4350505577773573
BH_s19_medium,46,71,48.36666666666667,1.8156615495681763,-1.4601698849740403
BH_s19_medium,46,72,48.4,1.0972411632537842,-1.3529453703409842
BH_s19_medium,46,73,48.43333333333333,0.643081545829773,-1.1131025912309949
BH_s19_medium,46,74,48.46666666666667,0.39850133657455444,-0.7591725468943809
BH_s19_medium,46,75,48.5,0.36350056529045105,-0.32729203941976087
BH_s19_medium,46,76,48.53333333333333,0.46416622400283813,0.13423897103357962
BH_s19_medium,46,77,48.56666666666667,0.45591819286346436,0.5736756107604952
BH_s19_medium,46,78,48.6,0.18524686992168427,0.9451251956972717
BH_s19_medium,46,79,48.63333333333333,-0.190214142203331,1.2153375952213938
BH_s19_medium,46,80,48.666666666666664,-0.6185190081596375,1.366748852623967
BH_s19_medium,46,81,48.7,-0.942483127117157,1.3975104699766758
BH_s19_medium,46,82,48.733333333333334,-1.1142847537994385,1.3193160423985812
BH_s19_medium,46,83,48.766666666666666,-1.1762745380401611,1.1531132712995265
BH_s19_medium,46,84,48.8,-1.1762745380401611,0.923096739813963
BH_s19_medium,46,85,48.833333333333336,-1.230955958366394,0.6506181324631722
BH_s19_medium,46,86,48.86666666666667,-1.269182801246643,0.35052997119151824
BH_s19_medium,46,87,48.9,-1.3762589693069458,0.031776032311124906
BH_s19_medium,46,88,48.93333333333333,-1.2940385341644287,-0.2982769385225122
BH_s19_medium,46,89,48.96666666666667,-0.47177860140800476,-0.6283944688905232
BH_s19_medium,46,90,49.0,1.0388219356536865,-0.9397920863076732
BH_s19_medium,46,91,49.03333333333333,2.5901827812194824,-1.2058428004543797
BH_s19_medium,46,92,49.06666666666667,3.1737265586853027,-1.395308620195377
BH_s19_medium,46,93,49.1,2.71459698677063,-1.4781307053023147
BH_s19_medium,46,94,49.13333333333333,1.9103821516036987,-1.4322166629591302
BH_s19_medium,46,95,49.166666666666664,1.2331782579421997,-1.2494781299303364
BH_s19_medium,46,96,49.2,0.7461690902709961,-0.9395082312724804
BH_s19_medium,46,97,49.233333333333334,0.5604537129402161,-0.5298162443930707
BH_s19_medium,46,98,49.266666666666666,0.5735289454460144,-0.062450753787310596
BH_s19_medium,46,99,49.3,0.6282103061676025,0.4121790210303169
BH_s19_medium,46,100,49.333333333333336,0.5064160823822021,0.8428408549784805
BH_s19_medium,46,101,49.36666666666667,0.17897169291973114,1.1848747040016323
BH_s19_medium,46,102,49.4,-0.25326240062713623,1.4063331774772345
BH_s19_medium,46,103,49.43333333333333,-0.6815672516822815,1.4920538530058314
BH_s19_medium,46,104,49.46666666666667,-1.0034396648406982,1.444805234578793
BH_s19_medium,46,105,49.5,-1.165840983390808,1.2828382159348422
BH_s19_medium,46,106,49.53333333333333,-1.2234526872634888,1.0341342282073904
BH_s19_medium,46,107,49.56666666666667,-1.2758475542068481,0.7289788613336173
BH_s19_medium,46,108,49.6,-1.2856372594833374,0.39338767902260613
BH_s19_medium,46,109,49.63333333333333,-1.3806371688842773,0.04581178452162001
BH_s19_medium,46,110,49.666666666666664,-1.4116493463516235,-0.3016695681532376
BH_s19_medium,46,111,49.7,-0.9092459678649902,-0.6384355458964279
BH_s19_medium,46,112,49.733333333333334,0.5073786973953247,-0.9493586253456102
BH_s19_medium,46,113,49.766666666666666,2.2441070079803467,-1.2112030863671897
BH_s19_medium,46,114,49.8,3.3426644802093506,-1.3937911887869934
BH_s19_medium,46,115,49.833333333333336,3.202681064605713,-1.4660791802907294
BH_s19_medium,46,116,49.86666666666667,1.2418159246444702,-1.404953407683224
BH_s19_medium,46,117,49.9,0.8681924343109131,-1.2033589432589618
BH_s19_medium,46,118,49.93333333333333,0.5887302756309509,-0.8748354064451133
BH_s19_medium,46,119,49.96666666666667,0.39203137159347534,-0.45303583337171427
BH_s19_medium,46,120,50.0,0.35480350255966187,0.013603042302319932
BH_s19_medium,46,121,50.03333333333333,0.35480350255966187,0.47058817489515786
BH_s19_medium,46,122,50.06666666666667,0.3442095220088959,0.867190929187452
BH_s19_medium,46,123,50.1,0.17414447665214539,1.1648504176499725
BH_s19_medium,46,124,50.13333333333333,0.014673405326902866,1.342184876292547
BH_s19_medium,46,125,50.166666666666664,-0.19947902858257294,1.3956533908912976
BH_s19_medium,46,126,50.2,-0.4121834933757782,1.3360758034190625
BH_s19_medium,46,127,50.233333333333334,-0.5192596912384033,1.1823943310390395
BH_s19_medium,46,128,50.266666666666666,-0.5200982689857483,0.9550164294525394
BH_s19_medium,46,129,50.3,-0.5747796297073364,0.671256087361994
BH_s19_medium,46,130,50.333333333333336,-0.5747796297073364,0.344447650995193
BH_s19_medium,46,131,50.36666666666667,-0.6294609904289246,-0.013361869737686164
BH_s19_medium,46,132,50.4,-0.6841423511505127,-0.386845764867351
BH_s19_medium,46,133,50.43333333333333,-0.6440185308456421,-0.7535127771194604
BH_s19_medium,46,134,50.46666666666667,-0.18371187150478363,-1.0827799505764761
BH_s19_medium,46,135,50.5,0.6200791001319885,-1.3389551586757917
BH_s19_medium,46,136,50.53333333333333,1.4292908906936646,-1.487325212819324
BH_s19_medium,46,137,50.56666666666667,1.6908597946166992,-1.5013734582721663
BH_s19_medium,46,138,50.6,1.3883470296859741,-1.369130327779835
BH_s19_medium,46,139,50.63333333333333,0.9600422382354736,-1.0972269145606184
BH_s19_medium,46,140,50.666666666666664,0.6105369329452515,-0.7116661661557759
BH_s19_medium,46,141,50.7,0.36582139134407043,-0.254788323572774
BH_s19_medium,46,142,50.733333333333334,0.22589556872844696,0.22124417687602893
BH_s19_medium,46,143,50.766666666666666,0.2454407960176468,0.663031086960568
BH_s19_medium,46,144,50.8,0.2604130208492279,1.0244014348236046
BH_s19_medium,46,145,50.833333333333336,0.23275507986545563,1.2727506083771354
BH_s19_medium,46,146,50.86666666666667,0.07099750638008118,1.3923566392916953
BH_s19_medium,46,147,50.9,-0.09887276589870453,1.3847134975828506
BH_s19_medium,46,148,50.93333333333333,-0.31302520632743835,1.2659287317437091
BH_s19_medium,46,149,50.96666666666667,-0.4689565896987915,1.0613626407144185
BH_s19_medium,46,150,51.0,-0.5213514566421509,0.7988360831309221
BH_s19_medium,46,151,51.03333333333333,-0.5747796297073364,0.5028208222362778
BH_s19_medium,46,152,51.06666666666667,-0.6294609904289246,0.19168134526794725
BH_s19_medium,46,153,51.1,-0.6785359978675842,-0.12153129471934378
BH_s19_medium,46,154,51.13333333333333,-0.7309308648109436,-0.42591857231052854
BH_s19_medium,46,155,51.166666666666664,-0.6943216919898987,-0.7092082769452982
BH_s19_medium,46,156,51.2,-0.3090206980705261,-0.9554995769658827
BH_s19_medium,46,157,51.233333333333334,0.45551010966300964,-1.145018027204604
BH_s19_medium,46,158,51.266666666666666,1.2368347644805908,-1.255964739121146
BH_s19_medium,46,159,51.3,1.5031120777130127,-1.2681957763132308
BH_s19_medium,46,160,51.333333333333336,1.2067900896072388,-1.1681288847156177
BH_s19_medium,46,161,51.36666666666667,0.7238038182258606,-0.9538008181712493
BH_s19_medium,46,162,51.4,0.323995441198349,-0.6385372503124539
BH_s19_medium,46,163,51.43333333333333,0.08139671385288239,-0.2516819057642265
BH_s19_medium,46,164,51.46666666666667,0.02671535313129425,0.16446046360133815
BH_s19_medium,46,165,51.5,0.08139671385288239,0.5611725487244343
BH_s19_medium,46,166,51.53333333333333,0.08139671385288239,0.8919776888939158
BH_s19_medium,46,167,51.56666666666667,0.06433276832103729,1.121204412163818
BH_s19_medium,46,168,51.6,-0.1122022494673729,1.2299745406549154
BH_s19_medium,46,169,51.63333333333333,-0.3263546824455261,1.2177627330346632
BH_s19_medium,46,170,51.666666666666664,-0.5303027033805847,1.099276688749295
BH_s19_medium,46,171,51.7,-0.6373788714408875,0.8981490510460911
BH_s19_medium,46,172,51.733333333333334,-0.7388237118721008,0.6399010184230417
BH_s19_medium,46,173,51.766666666666666,-0.7421686053276062,0.34663588075483737
BH_s19_medium,46,174,51.8,-0.793505072593689,0.03514599931685355
BH_s19_medium,46,175,51.833333333333336,-0.793505072593689,-0.2812547432920305
BH_s19_medium,46,176,51.86666666666667,-0.8481864333152771,-0.5884737278468738
BH_s19_medium,46,177,51.9,-0.7504259347915649,-0.8674011797627965
BH_s19_medium,46,178,51.93333333333333,-0.1392606943845749,-1.0922056258992239
BH_s19_medium,46,179,51.96666666666667,0.6545800566673279,-1.2326477196482706
BH_s19_medium,46,180,52.0,1.3431068658828735,-1.26023181440366
BH_s19_medium,46,181,52.03333333333333,1.368962287902832,-1.1564690610866633
BH_s19_medium,46,182,52.06666666666667,0.9705516695976257,-0.9206509334745431
BH_s19_medium,46,183,52.1,0.5227266550064087,-0.5742806214321818
BH_s19_medium,46,184,52.13333333333333,0.1796913743019104,-0.1597065759085534
BH_s19_medium,46,185,52.166666666666664,0.050808511674404144,0.26780000031448015
BH_s19_medium,46,186,52.2,0.02671535313129425,0.6523423937155687
BH_s19_medium,46,187,52.233333333333334,0.05273054167628288,0.9495839387297267
BH_s19_medium,46,188,52.266666666666666,0.08139671385288239,1.1344485911078477
BH_s19_medium,46,189,52.3,-0.016169002279639244,1.202247401265348
BH_s19_medium,46,190,52.333333333333336,-0.23032143712043762,1.1640923101738543
BH_s19_medium,46,191,52.36666666666667,-0.44447386264801025,1.0395076888772632
BH_s19_medium,46,192,52.4,-0.6440436244010925,0.8494563807738302
BH_s19_medium,46,193,52.43333333333333,-0.7388237118721008,0.6119468846067623
BH_s19_medium,46,194,52.46666666666667,-0.793505072593689,0.3409147045260518
BH_s19_medium,46,195,52.5,-0.793505072593689,0.047838136638809495
BH_s19_medium,46,196,52.53333333333333,-0.793505072593689,-0.25517124093966814
BH_s19_medium,46,197,52.56666666666667,-0.7966551780700684,-0.5523273562836755
BH_s19_medium,46,198,52.6,-0.8473227620124817,-0.8226180708239403
BH_s19_medium,46,199,52.63333333333333,-0.6337296366691589,-1.0406582096301098
BH_s19_medium,46,200,52.666666666666664,0.0007496498292312026,-1.1799378107942233
BH_s19_medium,46,201,52.7,0.8536499738693237,-1.217630503496105
BH_s19_medium,46,202,52.733333333333334,1.4153010845184326,-1.1398014917199328
BH_s19_medium,46,203,52.766666666666666,1.3602057695388794,-0.9458246233008365
BH_s19_medium,46,204,52.8,0.95303875207901,-0.6507836666085016
BH_s19_medium,46,205,52.833333333333336,0.5794152617454529,-0.284724658544275
BH_s19_medium,46,206,52.86666666666667,0.2802976369857788,0.11177751610621704
BH_s19_medium,46,207,52.9,0.10111164301633835,0.49488092855814736
BH_s19_medium,46,208,52.93333333333333,0.08139671385288239,0.8250507627448205
BH_s19_medium,46,209,52.96666666666667,0.13607807457447052,1.072254724139949
BH_s19_medium,46,210,53.0,0.13607807457447052,1.2180665456794466
BH_s19_medium,46,211,53.03333333333333,0.029755892232060432,1.2557994078576633
BH_s19_medium,46,212,53.06666666666667,-0.20793044567108154,1.1894926459501958
BH_s19_medium,46,213,53.1,-0.43198293447494507,1.031577420515773
BH_s19_medium,46,214,53.13333333333333,-0.5747796297073364,0.7993387208312567
BH_s19_medium,46,215,53.166666666666664,-0.6294609904289246,0.511326440326072
BH_s19_medium,46,216,53.2,-0.6841423511505127,0.18519675231573204
BH_s19_medium,46,217,53.233333333333334,-0.6841423511505127,-0.16223520706731276
BH_s19_medium,46,218,53.266666666666666,-0.6841423511505127,-0.5131628263962718
BH_s19_medium,46,219,53.3,-0.6841423511505127,-0.8465987710528461
BH_s19_medium,46,220,53.333333333333336,-0.6789004802703857,-1.1374657732639963
BH_s19_medium,46,221,53.36666666666667,-0.3930034041404724,-1.3579826979577185
BH_s19_medium,46,222,53.4,0.2507915794849396,-1.4812919045144706
BH_s19_medium,46,223,53.43333333333333,1.0543376207351685,-1.486391802590395
BH_s19_medium,46,224,53.46666666666667,1.495303750038147,-1.3631199051165057
BH_s19_medium,46,225,53.5,1.3514493703842163,-1.1159058828084212
BH_s19_medium,46,226,53.53333333333333,0.9355258345603943,-0.7650403727400321
BH_s19_medium,46,227,53.56666666666667,0.5511386394500732,-0.34469714461227113
BH_s19_medium,46,228,53.6,0.27154117822647095,0.10190079785514863
BH_s19_medium,46,229,53.63333333333333,0.15141476690769196,0.5288000069457898
BH_s19_medium,46,230,53.666666666666664,0.08139671385288239,0.8937213272201087
BH_s19_medium,46,231,53.7,0.13607807457447052,1.1637299216939212
BH_s19_medium,46,232,53.733333333333334,0.10359292477369308,1.3197293261581895
BH_s19_medium,46,233,53.766666666666666,0.051198069006204605,1.3590971437908679
BH_s19_medium,46,234,53.8,-0.13847164809703827,1.295251633968495
BH_s19_medium,46,235,53.833333333333336,-0.3526240587234497,1.15324275332028
BH_s19_medium,46,236,53.86666666666667,-0.4887560307979584,0.9621308764234043
BH_s19_medium,46,237,53.9,-0.5747796297073364,0.7467428714476186
BH_s19_medium,46,238,53.93333333333333,-0.6294609904289246,0.5219260840872373
BH_s19_medium,46,239,53.96666666666667,-0.6841423511505127,0.2915749738604444
BH_s19_medium,47,0,47.0,0.7331188917160034,0.1246210034403389
BH_s19_medium,47,1,47.03333333333333,0.4643445312976837,0.4713948910919245
BH_s19_medium,47,2,47.06666666666667,0.09078044444322586,0.8026654241816737
BH_s19_medium,47,3,47.1,-0.2327941358089447,1.099489027267619
BH_s19_medium,47,4,47.13333333333333,-0.5540227890014648,1.3348252813780777
BH_s19_medium,47,5,47.166666666666664,-0.7750941514968872,1.4797515638537615
BH_s19_medium,47,6,47.2,-0.8913758397102356,1.5135849189461719
BH_s19_medium,47,7,47.233333333333334,-0.9437706470489502,1.4318620145968926
BH_s19_medium,47,8,47.266666666666666,-0.9961655139923096,1.2477287261338104
BH_s19_medium,47,9,47.3,-1.1032416820526123,0.9864901120352609
BH_s19_medium,47,10,47.333333333333336,-1.2103179693222046,0.6767664099993255
BH_s19_medium,47,11,47.36666666666667,-1.3173941373825073,0.34289124286546496
BH_s19_medium,47,12,47.4,-1.336059331893921,0.0016423406647621576
BH_s19_medium,47,13,47.43333333333333,-0.6038452982902527,-0.3363498788377979
BH_s19_medium,47,14,47.46666666666667,0.8625239729881287,-0.6622618324609282
BH_s19_medium,47,15,47.5,2.408007860183716,-0.964302886227912
BH_s19_medium,47,16,47.53333333333333,3.088871479034424,-1.2246405385359838
BH_s19_medium,47,17,47.56666666666667,2.7619190216064453,-1.4192016497099726
BH_s19_medium,47,18,47.6,2.11946177482605,-1.5205235682583296
BH_s19_medium,47,19,47.63333333333333,1.5586154460906982,-1.5031006566547376
BH_s19_medium,47,20,47.666666666666664,1.1414889097213745,-1.3502232335988982
BH_s19_medium,47,21,47.7,0.8838334679603577,-1.06086743790487
BH_s19_medium,47,22,47.733333333333334,0.7441783547401428,-0.6546348869384154
BH_s19_medium,47,23,47.766666666666666,0.7879356145858765,-0.17240138269282632
BH_s19_medium,47,24,47.8,0.6767947673797607,0.329096414238672
BH_s19_medium,47,25,47.833333333333336,0.355566143989563,0.7883325164768322
BH_s19_medium,47,26,47.86666666666667,-0.020343869924545288,1.152144548932096
BH_s19_medium,47,27,47.9,-0.4509352445602417,1.385922318852017
BH_s19_medium,47,28,47.93333333333333,-0.7721638679504395,1.4777021157009593
BH_s19_medium,47,29,47.96666666666667,-0.9481489062309265,1.4362286704233904
BH_s19_medium,47,30,48.0,-1.0122305154800415,1.2848210202203623
BH_s19_medium,47,31,48.03333333333333,-1.0529385805130005,1.0533247498616312
BH_s19_medium,47,32,48.06666666666667,-1.0669118165969849,0.7705871588390932
BH_s19_medium,47,33,48.1,-1.1030470132827759,0.4595430591152751
BH_s19_medium,47,34,48.13333333333333,-1.1892904043197632,0.13579469509295347
BH_s19_medium,47,35,48.166666666666664,-1.2540751695632935,-0.19074009432355107
BH_s19_medium,47,36,48.2,-0.6647932529449463,-0.5121705539519165
BH_s19_medium,47,37,48.233333333333334,0.6502770781517029,-0.8182422426666591
BH_s19_medium,47,38,48.266666666666666,2.182312488555908,-1.0927457738155848
BH_s19_medium,47,39,48.3,2.8925621509552,-1.3123100868038369
BH_s19_medium,47,40,48.333333333333336,2.565195083618164,-1.4485988469294915
BH_s19_medium,47,41,48.36666666666667,1.8156615495681763,-1.4738156494711578
BH_s19_medium,47,42,48.4,1.0972411632537842,-1.3681724616839563
BH_s19_medium,47,43,48.43333333333333,0.643081545829773,-1.1270639181651985
BH_s19_medium,47,44,48.46666666666667,0.39850133657455444,-0.765490131564389
BH_s19_medium,47,45,48.5,0.36350056529045105,-0.31788851895742065
BH_s19_medium,47,46,48.53333333333333,0.46416622400283813,0.16711913370294046
BH_s19_medium,47,47,48.56666666666667,0.45591819286346436,0.6356923395452467
BH_s19_medium,47,48,48.6,0.18524686992168427,1.0384082456122552
BH_s19_medium,47,49,48.63333333333333,-0.190214142203331,1.337452556722827
BH_s19_medium,47,50,48.666666666666664,-0.6185190081596375,1.510162875618937
BH_s19_medium,47,51,48.7,-0.942483127117157,1.5496695451454934
BH_s19_medium,47,52,48.733333333333334,-1.1142847537994385,1.4635764007892358
BH_s19_medium,47,53,48.766666666666666,-1.1762745380401611,1.2708754249373013
BH_s19_medium,47,54,48.8,-1.1762745380401611,0.9971829514674188
BH_s19_medium,47,55,48.833333333333336,-1.230955958366394,0.6691739335175092
BH_s19_medium,47,56,48.86666666666667,-1.269182801246643,0.3100170335659641
BH_s19_medium,47,57,48.9,-1.3762589693069458,-0.06232335068182364
BH_s19_medium,47,58,48.93333333333333,-1.2940385341644287,-0.43329867522690524
BH_s19_medium,47,59,48.96666666666667,-0.47177860140800476,-0.7877322265115743
BH_s19_medium,47,60,49.0,1.0388219356536865,-1.1060173250661454
BH_s19_medium,47,61,49.03333333333333,2.5901827812194824,-1.3629349492990384
BH_s19_medium,47,62,49.06666666666667,3.1737265586853027,-1.5300205178033284
BH_s19_medium,47,63,49.1,2.71459698677063,-1.5807404422962095
BH_s19_medium,47,64,49.13333333333333,1.9103821516036987,-1.4968713493899874
BH_s19_medium,47,65,49.166666666666664,1.2331782579421997,-1.274293579652669
BH_s19_medium,47,66,49.2,0.7461690902709961,-0.926474719434703
BH_s19_medium,47,67,49.233333333333334,0.5604537129402161,-0.4843673897087117
BH_s19_medium,47,68,49.266666666666666,0.5735289454460144,0.007523103431305134
BH_s19_medium,47,69,49.3,0.6282103061676025,0.4978732975312831
BH_s19_medium,47,70,49.333333333333336,0.5064160823822021,0.9361800841468599
BH_s19_medium,47,71,49.36666666666667,0.17897169291973114,1.279507782164783
BH_s19_medium,47,72,49.4,-0.25326240062713623,1.4975179572357904
BH_s19_medium,47,73,49.43333333333333,-0.6815672516822815,1.5756530156166562
BH_s19_medium,47,74,49.46666666666667,-1.0034396648406982,1.516069819572529
BH_s19_medium,47,75,49.5,-1.165840983390808,1.3356779001395098
BH_s19_medium,47,76,49.53333333333333,-1.2234526872634888,1.0614479950464704
BH_s19_medium,47,77,49.56666666666667,-1.2758475542068481,0.7243525310551167
BH_s19_medium,47,78,49.6,-1.2856372594833374,0.35379313693354414
BH_s19_medium,47,79,49.63333333333333,-1.3806371688842773,-0.025892523974432733
BH_s19_medium,47,80,49.666666666666664,-1.4116493463516235,-0.39591529120654984
BH_s19_medium,47,81,49.7,-0.9092459678649902,-0.740631536908422
BH_s19_medium,47,82,49.733333333333334,0.5073786973953247,-1.043681965649955
BH_s19_medium,47,83,49.766666666666666,2.2441070079803467,-1.2849772621999458
BH_s19_medium,47,84,49.8,3.3426644802093506,-1.4406187989302848
BH_s19_medium,47,85,49.833333333333336,3.202681064605713,-1.486527736655639
BH_s19_medium,47,86,49.86666666666667,1.2418159246444702,-1.4047553234518588
BH_s19_medium,47,87,49.9,0.8681924343109131,-1.190148701891606
BH_s19_medium,47,88,49.93333333333333,0.5887302756309509,-0.8549089315637671
BH_s19_medium,47,89,49.96666666666667,0.39203137159347534,-0.4293442556656669
BH_s19_medium,47,90,50.0,0.35480350255966187,0.04175565387045755
BH_s19_medium,47,91,50.03333333333333,0.35480350255966187,0.5063836685805397
BH_s19_medium,47,92,50.06666666666667,0.3442095220088959,0.9141971130873529
BH_s19_medium,47,93,50.1,0.17414447665214539,1.2244811372510196
BH_s19_medium,47,94,50.13333333333333,0.014673405326902866,1.4113237087528487
BH_s19_medium,47,95,50.166666666666664,-0.19947902858257294,1.465359412212565
BH_s19_medium,47,96,50.2,-0.4121834933757782,1.392397836691595
BH_s19_medium,47,97,50.233333333333334,-0.5192596912384033,1.209784257126192
BH_s19_medium,47,98,50.266666666666666,-0.5200982689857483,0.9416298269530943
BH_s19_medium,47,99,50.3,-0.5747796297073364,0.6141572433815061
BH_s19_medium,47,100,50.333333333333336,-0.5747796297073364,0.25229624669648304
BH_s19_medium,47,101,50.36666666666667,-0.6294609904289246,-0.12171013431958187
BH_s19_medium,47,102,50.4,-0.6841423511505127,-0.48757735869011826
BH_s19_medium,47,103,50.43333333333333,-0.6440185308456421,-0.8248833373801367
BH_s19_medium,47,104,50.46666666666667,-0.18371187150478363,-1.1111386480500474
BH_s19_medium,47,105,50.5,0.6200791001319885,-1.3216479291383212
BH_s19_medium,47,106,50.53333333333333,1.4292908906936646,-1.4319183498228683
BH_s19_medium,47,107,50.56666666666667,1.6908597946166992,-1.4221401486943808
BH_s19_medium,47,108,50.6,1.3883470296859741,-1.2824197453660755
BH_s19_medium,47,109,50.63333333333333,0.9600422382354736,-1.0171283100181052
BH_s19_medium,47,110,50.666666666666664,0.6105369329452515,-0.6468319857185822
BH_s19_medium,47,111,50.7,0.36582139134407043,-0.20687276931132625
BH_s19_medium,47,112,50.733333333333334,0.22589556872844696,0.25725966293653785
BH_s19_medium,47,113,50.766666666666666,0.2454407960176468,0.6965208613433901
BH_s19_medium,47,114,50.8,0.2604130208492279,1.065083875951763
BH_s19_medium,47,115,50.833333333333336,0.23275507986545563,1.3259559474318217
BH_s19_medium,47,116,50.86666666666667,0.07099750638008118,1.455220645875251
BH_s19_medium,47,117,50.9,-0.09887276589870453,1.4450888193267737
BH_s19_medium,47,118,50.93333333333333,-0.31302520632743835,1.3050148249132558
BH_s19_medium,47,119,50.96666666666667,-0.4689565896987915,1.059509349782518
BH_s19_medium,47,120,51.0,-0.5213514566421509,0.7424431672312519
BH_s19_medium,47,121,51.03333333333333,-0.5747796297073364,0.38957984115437855
BH_s19_medium,47,122,51.06666666666667,-0.6294609904289246,0.03202378037576013
BH_s19_medium,47,123,51.1,-0.6785359978675842,-0.3072687067903363
BH_s19_medium,47,124,51.13333333333333,-0.7309308648109436,-0.6132641344804064
BH_s19_medium,47,125,51.166666666666664,-0.6943216919898987,-0.8758018882880683
BH_s19_medium,47,126,51.2,-0.3090206980705261,-1.085485632316048
BH_s19_medium,47,127,51.233333333333334,0.45551010966300964,-1.2304618875748912
BH_s19_medium,47,128,51.266666666666666,1.2368347644805908,-1.2957058023970847
BH_s19_medium,47,129,51.3,1.5031120777130127,-1.2655259573097897
BH_s19_medium,47,130,51.333333333333336,1.2067900896072388,-1.1286124850142951
BH_s19_medium,47,131,51.36666666666667,0.7238038182258606,-0.8837884458656466
BH_s19_medium,47,132,51.4,0.323995441198349,-0.5443295051742274
BH_s19_medium,47,133,51.43333333333333,0.08139671385288239,-0.13922864604770016
BH_s19_medium,47,134,51.46666666666667,0.02671535313129425,0.2893208213375547
BH_s19_medium,47,135,51.5,0.08139671385288239,0.6920029233081881
BH_s19_medium,47,136,51.53333333333333,0.08139671385288239,1.0209235099240157
BH_s19_medium,47,137,51.56666666666667,0.06433276832103729,1.2386477453876426
BH_s19_medium,47,138,51.6,-0.1122022494673729,1.3250862732155575
BH_s19_medium,47,139,51.63333333333333,-0.3263546824455261,1.27998291926338
BH_s19_medium,47,140,51.666666666666664,-0.5303027033805847,1.1205176664773242
BH_s19_medium,47,141,51.7,-0.6373788714408875,0.8753673845601408
BH_s19_medium,47,142,51.733333333333334,-0.7388237118721008,0.5772472957370784
BH_s19_medium,47,143,51.766666666666666,-0.7421686053276062,0.2559712981910336
BH_s19_medium,47,144,51.8,-0.793505072593689,-0.06589523476308738
BH_s19_medium,47,145,51.833333333333336,-0.793505072593689,-0.3732973758805177
BH_s19_medium,47,146,51.86666666666667,-0.8481864333152771,-0.6551263586751884
BH_s19_medium,47,147,51.9,-0.7504259347915649,-0.8990489178980657
BH_s19_medium,47,148,51.93333333333333,-0.1392606943845749,-1.087767088078044
BH_s19_medium,47,149,51.96666666666667,0.6545800566673279,-1.1989880543963032
BH_s19_medium,47,150,52.0,1.3431068658828735,-1.2095421910420106
BH_s19_medium,47,151,52.03333333333333,1.368962287902832,-1.102258436736971
BH_s19_medium,47,152,52.06666666666667,0.9705516695976257,-0.8732581234627658
BH_s19_medium,47,153,52.1,0.5227266550064087,-0.537187895011177
BH_s19_medium,47,154,52.13333333333333,0.1796913743019104,-0.1282583309487143
BH_s19_medium,47,155,52.166666666666664,0.050808511674404144,0.3040507924231234
BH_s19_medium,47,156,52.2,0.02671535313129425,0.7040233959509067
BH_s19_medium,47,157,52.233333333333334,0.05273054167628288,1.0209802010373679
BH_s19_medium,47,158,52.266666666666666,0.08139671385288239,1.21916427678826
BH_s19_medium,47,159,52.3,-0.016169002279639244,1.2830897354108763
BH_s19_medium,47,160,52.333333333333336,-0.23032143712043762,1.2172727299746668
BH_s19_medium,47,161,52.36666666666667,-0.44447386264801025,1.0415710009689494
BH_s19_medium,47,162,52.4,-0.6440436244010925,0.78451666048042
BH_s19_medium,47,163,52.43333333333333,-0.7388237118721008,0.47689873631486335
BH_s19_medium,47,164,52.46666666666667,-0.793505072593689,0.14705135705813763
BH_s19_medium,47,165,52.5,-0.793505072593689,-0.1815557222971143
BH_s19_medium,47,166,52.53333333333333,-0.793505072593689,-0.4904438581705684
BH_s19_medium,47,167,52.56666666666667,-0.7966551780700684,-0.7645063500699291
BH_s19_medium,47,168,52.6,-0.8473227620124817,-0.9897199177199378
BH_s19_medium,47,169,52.63333333333333,-0.6337296366691589,-1.1514785889301558
BH_s19_medium,47,170,52.666666666666664,0.0007496498292312026,-1.2344562445057399
BH_s19_medium,47,171,52.7,0.8536499738693237,-1.22425218552156
BH_s19_medium,47,172,52.733333333333334,1.4153010845184326,-1.1105763068796002
BH_s19_medium,47,173,52.766666666666666,1.3602057695388794,-0.8913545897835263
BH_s19_medium,47,174,52.8,0.95303875207901,-0.5766947320779471
BH_s19_medium,47,175,52.833333333333336,0.5794152617454529,-0.19116997542507108
BH_s19_medium,47,176,52.86666666666667,0.2802976369857788,0.2272547151524805
BH_s19_medium,47,177,52.9,0.10111164301633835,0.6324037759030368
BH_s19_medium,47,178,52.93333333333333,0.08139671385288239,0.9779679704241135
BH_s19_medium,47,179,52.96666666666667,0.13607807457447052,1.2258185644447959
BH_s19_medium,47,180,53.0,0.13607807457447052,1.3521949409037715
BH_s19_medium,47,181,53.03333333333333,0.029755892232060432,1.350609958973734
BH_s19_medium,47,182,53.06666666666667,-0.20793044567108154,1.2311812735144199
BH_s19_medium,47,183,53.1,-0.43198293447494507,1.0166778165211736
BH_s19_medium,47,184,53.13333333333333,-0.5747796297073364,0.7363562442699609
BH_s19_medium,47,185,53.166666666666664,-0.6294609904289246,0.41947463239401206
BH_s19_medium,47,186,53.2,-0.6841423511505127,0.09064555281564676
BH_s19_medium,47,187,53.233333333333334,-0.6841423511505127,-0.2315370917732124
BH_s19_medium,47,188,53.266666666666666,-0.6841423511505127,-0.5327716604304764
BH_s19_medium,47,189,53.3,-0.6841423511505127,-0.79988731928152
BH_s19_medium,47,190,53.333333333333336,-0.6789004802703857,-1.0183153712526138
BH_s19_medium,47,191,53.36666666666667,-0.3930034041404724,-1.1715425112618618
BH_s19_medium,47,192,53.4,0.2507915794849396,-1.2426974593631197
BH_s19_medium,47,193,53.43333333333333,1.0543376207351685,-1.2175762173963136
BH_s19_medium,47,194,53.46666666666667,1.495303750038147,-1.0882821982486302
BH_s19_medium,47,195,53.5,1.3514493703842163,-0.8567051783821586
BH_s19_medium,47,196,53.53333333333333,0.9355258345603943,-0.5368319408311646
BH_s19_medium,47,197,53.56666666666667,0.5511386394500732,-0.15492476789209556
BH_s19_medium,47,198,53.6,0.27154117822647095,0.25263078089148905
BH_s19_medium,47,199,53.63333333333333,0.15141476690769196,0.6432697125317088
BH_s19_medium,47,200,53.666666666666664,0.08139671385288239,0.9734455346852229
BH_s19_medium,47,201,53.7,0.13607807457447052,1.2047419055739401
BH_s19_medium,47,202,53.733333333333334,0.10359292477369308,1.310199125688759
BH_s19_medium,47,203,53.766666666666666,0.051198069006204605,1.2794174151381144
BH_s19_medium,47,204,53.8,-0.13847164809703827,1.1206079139762029
BH_s19_medium,47,205,53.833333333333336,-0.3526240587234497,0.858370608500484
BH_s19_medium,47,206,53.86666666666667,-0.4887560307979584,0.527617160730326
BH_s19_medium,47,207,53.9,-0.5747796297073364,0.16581158088953887
BH_s19_medium,47,208,53.93333333333333,-0.6294609904289246,-0.19355750580962588
BH_s19_medium,47,209,53.96666666666667,-0.6841423511505127,-0.5241445565735191
BH_s19_medium,47,210,54.0,-0.6983354091644287,-0.8063378081129982
BH_s19_medium,47,211,54.03333333333333,-0.7507302761077881,-1.0247999405893673
BH_s19_medium,47,212,54.06666666666667,-0.7099634408950806,-1.166011878459431
BH_s19_medium,47,213,54.1,-0.20268994569778442,-1.2173980382534082
BH_s19_medium,47,214,54.13333333333333,0.5541771650314331,-1.168770903679111
BH_s19_medium,47,215,54.166666666666664,1.2352263927459717,-1.0157230652066873
BH_s19_medium,47,216,54.2,1.3376457691192627,-0.7634106747266168
BH_s19_medium,47,217,54.233333333333334,1.016417145729065,-0.42882346681023914
BH_s19_medium,47,218,54.266666666666666,0.5899247527122498,-0.040561032987762646
BH_s19_medium,47,219,54.3,0.2645971477031708,0.3637311981558416
BH_s19_medium,47,220,54.333333333333336,0.09006866812705994,0.741799015271725
BH_s19_medium,47,221,54.36666666666667,0.08139671385288239,1.052630216448704
BH_s19_medium,47,222,54.4,0.08139671385288239,1.2628109377438435
BH_s19_medium,47,223,54.43333333333333,0.13607807457447052,1.3518739563452697
BH_s19_medium,47,224,54.46666666666667,0.08139671385288239,1.3150669988085235
BH_s19_medium,47,225,54.5,-0.04243839904665947,1.162684828545457
BH_s19_medium,47,226,54.53333333333333,-0.2565908432006836,0.9163343714390095
BH_s19_medium,47,227,54.56666666666667,-0.44073939323425293,0.603638540963076
BH_s19_medium,47,228,54.6,-0.5478156208992004,0.253336804225544
BH_s19_medium,47,229,54.63333333333333,-0.6294609904289246,-0.1077351822548804
BH_s19_medium,47,230,54.666666666666664,-0.6841423511505127,-0.45545500693468244
BH_s19_medium,47,231,54.7,-0.6841423511505127,-0.7677664669793716
BH_s19_medium,47,232,54.733333333333334,-0.7388237118721008,-1.0237566783030112
BH_s19_medium,47,233,54.766666666666666,-0.6515726447105408,-1.2035076676902545
BH_s19_medium,47,234,54.8,-0.20338454842567444,-1.289409125825061
BH_s19_medium,47,235,54.833333333333336,0.557860791683197,-1.2690297003196345
BH_s19_medium,47,236,54.86666666666667,1.2579811811447144,-1.1388240022187803
BH_s19_medium,47,237,54.9,1.4341530799865723,-0.90721818790408
BH_s19_medium,47,238,54.93333333333333,1.100933313369751,-0.5954711596895179
BH_s19_medium,47,239,54.96666666666667,0.6751943230628967,-0.23559194802670239
BH_s19_medium,48,0,48.0,-1.0122305154800415,-0.1346616551278483
BH_s19_medium,48,1,48.03333333333333,-1.0529385805130005,-0.03186730645731433
BH_s19_medium,48,2,48.06666666666667,-1.0669118165969849,0.018718118365558787
BH_s19_medium,48,3,48.1,-1.1030470132827759,-0.022871348153065525
BH_s19_medium,48,4,48.13333333333333,-1.1892904043197632,-0.17149230339882238
BH_s19_medium,48,5,48.166666666666664,-1.2540751695632935,-0.4142534114050109
BH_s19_medium,48,6,48.2,-0.6647932529449463,-0.7155858461412845
BH_s19_medium,48,7,48.233333333333334,0.6502770781517029,-1.0271421359832267
BH_s19_medium,48,8,48.266666666666666,2.182312488555908,-1.2985154771135274
BH_s19_medium,48,9,48.3,2.8925621509552,-1.4857948245281014
BH_s19_medium,48,10,48.333333333333336,2.565195083618164,-1.5570457380318885
BH_s19_medium,48,11,48.36666666666667,1.8156615495681763,-1.4952798336991588
BH_s19_medium,48,12,48.4,1.0972411632537842,-1.2995109909322655
BH_s19_medium,48,13,48.43333333333333,0.643081545829773,-0.9840692494280772
BH_s19_medium,48,14,48.46666666666667,0.39850133657455444,-0.5764919220425749
BH_s19_medium,48,15,48.5,0.36350056529045105,-0.11440494770398318
BH_s19_medium,48,16,48.53333333333333,0.46416622400283813,0.35873639225935977
BH_s19_medium,48,17,48.56666666666667,0.45591819286346436,0.7991943658945156
BH_s19_medium,48,18,48.6,0.18524686992168427,1.1687013553535484
BH_s19_medium,48,19,48.63333333333333,-0.190214142203331,1.4386048147799841
BH_s19_medium,48,20,48.666666666666664,-0.6185190081596375,1.5917529167754487
BH_s19_medium,48,21,48.7,-0.942483127117157,1.6228909824764581
BH_s19_medium,48,22,48.733333333333334,-1.1142847537994385,1.538171104459662
BH_s19_medium,48,23,48.766666666666666,-1.1762745380401611,1.3534485154316764
BH_s19_medium,48,24,48.8,-1.1762745380401611,1.0909578470125982
BH_s19_medium,48,25,48.833333333333336,-1.230955958366394,0.7748912137328854
BH_s19_medium,48,26,48.86666666666667,-1.269182801246643,0.42745197868965024
BH_s19_medium,48,27,48.9,-1.3762589693069458,0.06705207501574145
BH_s19_medium,48,28,48.93333333333333,-1.2940385341644287,-0.2908778978844975
BH_s19_medium,48,29,48.96666666666667,-0.47177860140800476,-0.6314242147156635
BH_s19_medium,48,30,49.0,1.0388219356536865,-0.937561319614625
BH_s19_medium,48,31,49.03333333333333,2.5901827812194824,-1.1886422003477541
BH_s19_medium,48,32,49.06666666666667,3.1737265586853027,-1.360938306613345
BH_s19_medium,48,33,49.1,2.71459698677063,-1.4306929037222327
BH_s19_medium,48,34,49.13333333333333,1.9103821516036987,-1.3793752951941478
BH_s19_medium,48,35,49.166666666666664,1.2331782579421997,-1.1997807854786435
BH_s19_medium,48,36,49.2,0.7461690902709961,-0.9007424632292589
BH_s19_medium,48,37,49.233333333333334,0.5604537129402161,-0.5082884265377545
BH_s19_medium,48,38,49.266666666666666,0.5735289454460144,-0.062429811846928106
BH_s19_medium,48,39,49.3,0.6282103061676025,0.38937607784630685
BH_s19_medium,48,40,49.333333333333336,0.5064160823822021,0.7998358738301659
BH_s19_medium,48,41,49.36666666666667,0.17897169291973114,1.1283568660966976
BH_s19_medium,48,42,49.4,-0.25326240062713623,1.3455418109592654
BH_s19_medium,48,43,49.43333333333333,-0.6815672516822815,1.4357127087165964
BH_s19_medium,48,44,49.46666666666667,-1.0034396648406982,1.3975808329664428
BH_s19_medium,48,45,49.5,-1.165840983390808,1.2428846886433536
BH_s19_medium,48,46,49.53333333333333,-1.2234526872634888,0.993096956188275
BH_s19_medium,48,47,49.56666666666667,-1.2758475542068481,0.6749930863102765
BH_s19_medium,48,48,49.6,-1.2856372594833374,0.3163374716891241
BH_s19_medium,48,49,49.63333333333333,-1.3806371688842773,-0.05712692233791688
BH_s19_medium,48,50,49.666666666666664,-1.4116493463516235,-0.42276962462401335
BH_s19_medium,48,51,49.7,-0.9092459678649902,-0.760442150239787
BH_s19_medium,48,52,49.733333333333334,0.5073786973953247,-1.0510205163335178
BH_s19_medium,48,53,49.766666666666666,2.2441070079803467,-1.2752771891080166
BH_s19_medium,48,54,49.8,3.3426644802093506,-1.4139720519014882
BH_s19_medium,48,55,49.833333333333336,3.202681064605713,-1.4495000260362811
BH_s19_medium,48,56,49.86666666666667,1.2418159246444702,-1.3689087594093536
BH_s19_medium,48,57,49.9,0.8681924343109131,-1.167714257711249
BH_s19_medium,48,58,49.93333333333333,0.5887302756309509,-0.8536451683180946
BH_s19_medium,48,59,49.96666666666667,0.39203137159347534,-0.4491365379853905
BH_s19_medium,48,60,50.0,0.35480350255966187,0.008817894476978526
BH_s19_medium,48,61,50.03333333333333,0.35480350255966187,0.47248957512957146
BH_s19_medium,48,62,50.06666666666667,0.3442095220088959,0.8907565158458421
BH_s19_medium,48,63,50.1,0.17414447665214539,1.2182227166610637
BH_s19_medium,48,64,50.13333333333333,0.014673405326902866,1.423277030061731
BH_s19_medium,48,65,50.166666666666664,-0.19947902858257294,1.492440001191657
BH_s19_medium,48,66,50.2,-0.4121834933757782,1.429927124934394
BH_s19_medium,48,67,50.233333333333334,-0.5192596912384033,1.2533273321374259
BH_s19_medium,48,68,50.266666666666666,-0.5200982689857483,0.9875028041477484
BH_s19_medium,48,69,50.3,-0.5747796297073364,0.6589472659027817
BH_s19_medium,48,70,50.333333333333336,-0.5747796297073364,0.2921889414143136
BH_s19_medium,48,71,50.36666666666667,-0.6294609904289246,-0.09114133077568518
BH_s19_medium,48,72,50.4,-0.6841423511505127,-0.4708880549216892
BH_s19_medium,48,73,50.43333333333333,-0.6440185308456421,-0.8257622676958385
BH_s19_medium,48,74,50.46666666666667,-0.18371187150478363,-1.1313526830555662
BH_s19_medium,48,75,50.5,0.6200791001319885,-1.3604028164390296
BH_s19_medium,48,76,50.53333333333333,1.4292908906936646,-1.4858230118710247
BH_s19_medium,48,77,50.56666666666667,1.6908597946166992,-1.4855708526124578
BH_s19_medium,48,78,50.6,1.3883470296859741,-1.3479495924987435
BH_s19_medium,48,79,50.63333333333333,0.9600422382354736,-1.0759718424056515
BH_s19_medium,48,80,50.666666666666664,0.6105369329452515,-0.6897184577291428
BH_s19_medium,48,81,50.7,0.36582139134407043,-0.2258699771184316
BH_s19_medium,48,82,50.733333333333334,0.22589556872844696,0.2660899899345954
BH_s19_medium,48,83,50.766666666666666,0.2454407960176468,0.7307856705063481
BH_s19_medium,48,84,50.8,0.2604130208492279,1.115672656265418
BH_s19_medium,48,85,50.833333333333336,0.23275507986545563,1.3795739260705813
BH_s19_medium,48,86,50.86666666666667,0.07099750638008118,1.4992337636713136
BH_s19_medium,48,87,50.9,-0.09887276589870453,1.4725615734101551
BH_s19_medium,48,88,50.93333333333333,-0.31302520632743835,1.3174650628875426
BH_s19_medium,48,89,50.96666666666667,-0.4689565896987915,1.0659904821197563
BH_s19_medium,48,90,51.0,-0.5213514566421509,0.7554035945218655
BH_s19_medium,48,91,51.03333333333333,-0.5747796297073364,0.4194946102177451
BH_s19_medium,48,92,51.06666666666667,-0.6294609904289246,0.08323739569827089
BH_s19_medium,48,93,51.1,-0.6785359978675842,-0.23790358188762656
BH_s19_medium,48,94,51.13333333333333,-0.7309308648109436,-0.5349913462740292
BH_s19_medium,48,95,51.166666666666664,-0.6943216919898987,-0.8011689359958415
BH_s19_medium,48,96,51.2,-0.3090206980705261,-1.027606709260498
BH_s19_medium,48,97,51.233333333333334,0.45551010966300964,-1.2008553007749005
BH_s19_medium,48,98,51.266666666666666,1.2368347644805908,-1.3023779993602527
BH_s19_medium,48,99,51.3,1.5031120777130127,-1.3109838981395026
BH_s19_medium,48,100,51.333333333333336,1.2067900896072388,-1.2081865217274583
BH_s19_medium,48,101,51.36666666666667,0.7238038182258606,-0.9852782428416215
BH_s19_medium,48,102,51.4,0.323995441198349,-0.6498291624448502
BH_s19_medium,48,103,51.43333333333333,0.08139671385288239,-0.2290584866395141
BH_s19_medium,48,104,51.46666666666667,0.02671535313129425,0.23166013835152693
BH_s19_medium,48,105,51.5,0.08139671385288239,0.6754413276495118
BH_s19_medium,48,106,51.53333333333333,0.08139671385288239,1.0444442614459422
BH_s19_medium,48,107,51.56666666666667,0.06433276832103729,1.2917291195316127
BH_s19_medium,48,108,51.6,-0.1122022494673729,1.3908687421052228
BH_s19_medium,48,109,51.63333333333333,-0.3263546824455261,1.340127520524992
BH_s19_medium,48,110,51.666666666666664,-0.5303027033805847,1.1600035153934827
BH_s19_medium,48,111,51.7,-0.6373788714408875,0.8854601959594574
BH_s19_medium,48,112,51.733333333333334,-0.7388237118721008,0.5558824819610534
BH_s19_medium,48,113,51.766666666666666,-0.7421686053276062,0.20624309513545216
BH_s19_medium,48,114,51.8,-0.793505072593689,-0.13772628885707455
BH_s19_medium,48,115,51.833333333333336,-0.793505072593689,-0.45926741454352693
BH_s19_medium,48,116,51.86666666666667,-0.8481864333152771,-0.7463636528070974
BH_s19_medium,48,117,51.9,-0.7504259347915649,-0.9863032901331714
BH_s19_medium,48,118,51.93333333333333,-0.1392606943845749,-1.1619771369937597
BH_s19_medium,48,119,51.96666666666667,0.6545800566673279,-1.251821076271244
BH_s19_medium,48,120,52.0,1.3431068658828735,-1.2338135005245596
BH_s19_medium,48,121,52.03333333333333,1.368962287902832,-1.0924830660463498
BH_s19_medium,48,122,52.06666666666667,0.9705516695976257,-0.8267411272699299
BH_s19_medium,48,123,52.1,0.5227266550064087,-0.4556391195600591
BH_s19_medium,48,124,52.13333333333333,0.1796913743019104,-0.019149354973663726
BH_s19_medium,48,125,52.166666666666664,0.050808511674404144,0.42758502619705085
BH_s19_medium,48,126,52.2,0.02671535313129425,0.8254060156791141
BH_s19_medium,48,127,52.233333333333334,0.05273054167628288,1.1240487914118202
BH_s19_medium,48,128,52.266666666666666,0.08139671385288239,1.292353644138157
BH_s19_medium,48,129,52.3,-0.016169002279639244,1.3225206395048401
BH_s19_medium,48,130,52.333333333333336,-0.23032143712043762,1.2275735266982137
BH_s19_medium,48,131,52.36666666666667,-0.44447386264801025,1.03378525133186
BH_s19_medium,48,132,52.4,-0.6440436244010925,0.7715059244956084
BH_s19_medium,48,133,52.43333333333333,-0.7388237118721008,0.46792936474034375
BH_s19_medium,48,134,52.46666666666667,-0.793505072593689,0.14388398523300425
BH_s19_medium,48,135,52.5,-0.793505072593689,-0.18530094610194608
BH_s19_medium,48,136,52.53333333333333,-0.793505072593689,-0.5063469284937517
BH_s19_medium,48,137,52.56666666666667,-0.7966551780700684,-0.80414353432342
BH_s19_medium,48,138,52.6,-0.8473227620124817,-1.0593989685994551
BH_s19_medium,48,139,52.63333333333333,-0.6337296366691589,-1.2489212851843177
BH_s19_medium,48,140,52.666666666666664,0.0007496498292312026,-1.3484401187821458
BH_s19_medium,48,141,52.7,0.8536499738693237,-1.337071178697105
BH_s19_medium,48,142,52.733333333333334,1.4153010845184326,-1.2024377884659776
BH_s19_medium,48,143,52.766666666666666,1.3602057695388794,-0.9455448847527047
BH_s19_medium,48,144,52.8,0.95303875207901,-0.584186802864018
BH_s19_medium,48,145,52.833333333333336,0.5794152617454529,-0.1532438745309277
BH_s19_medium,48,146,52.86666666666667,0.2802976369857788,0.2995215646515742
BH_s19_medium,48,147,52.9,0.10111164301633835,0.7219184909177188
BH_s19_medium,48,148,52.93333333333333,0.08139671385288239,1.0672761620375557
BH_s19_medium,48,149,52.96666666666667,0.13607807457447052,1.3021547961592734
BH_s19_medium,48,150,53.0,0.13607807457447052,1.409926948003482
BH_s19_medium,48,151,53.03333333333333,0.029755892232060432,1.3906828293562765
BH_s19_medium,48,152,53.06666666666667,-0.20793044567108154,1.2583740046612801
BH_s19_medium,48,153,53.1,-0.43198293447494507,1.0357727442167408
BH_s19_medium,48,154,53.13333333333333,-0.5747796297073364,0.748442129414613
BH_s19_medium,48,155,53.166666666666664,-0.6294609904289246,0.4198374829441631
BH_s19_medium,48,156,53.2,-0.6841423511505127,0.06946548169343647
BH_s19_medium,48,157,53.233333333333334,-0.6841423511505127,-0.285485439260221
BH_s19_medium,48,158,53.266666666666666,-0.6841423511505127,-0.6265979795381776
BH_s19_medium,48,159,53.3,-0.6841423511505127,-0.9313995321168109
BH_s19_medium,48,160,53.333333333333336,-0.6789004802703857,-1.1733101569474056
BH_s19_medium,48,161,53.36666666666667,-0.3930034041404724,-1.3247862074669383
BH_s19_medium,48,162,53.4,0.2507915794849396,-1.3625834124697342
BH_s19_medium,48,163,53.43333333333333,1.0543376207351685,-1.2734359802780448
BH_s19_medium,48,164,53.46666666666667,1.495303750038147,-1.058661635120095
BH_s19_medium,48,165,53.5,1.3514493703842163,-0.7364563202817
BH_s19_medium,48,166,53.53333333333333,0.9355258345603943,-0.3405963483361693
BH_s19_medium,48,167,53.56666666666667,0.5511386394500732,0.08498575784131764
BH_s19_medium,48,168,53.6,0.27154117822647095,0.4942170939034761
BH_s19_medium,48,169,53.63333333333333,0.15141476690769196,0.846401499785359
BH_s19_medium,48,170,53.666666666666664,0.08139671385288239,1.110836470049478
BH_s19_medium,48,171,53.7,0.13607807457447052,1.2682267564168133
BH_s19_medium,48,172,53.733333333333334,0.10359292477369308,1.3102009489741717
BH_s19_medium,48,173,53.766666666666666,0.051198069006204605,1.2383051032533083
BH_s19_medium,48,174,53.8,-0.13847164809703827,1.0627063884916352
BH_s19_medium,48,175,53.833333333333336,-0.3526240587234497,0.8001762105741118
BH_s19_medium,48,176,53.86666666666667,-0.4887560307979584,0.4717288921662452
BH_s19_medium,48,177,53.9,-0.5747796297073364,0.10113950436885588
BH_s19_medium,48,178,53.93333333333333,-0.6294609904289246,-0.28508621074700896
BH_s19_medium,48,179,53.96666666666667,-0.6841423511505127,-0.6571463875813477
BH_s19_medium,48,180,54.0,-0.6983354091644287,-0.9823334970342869
BH_s19_medium,48,181,54.03333333333333,-0.7507302761077881,-1.2273866948929757
BH_s19_medium,48,182,54.06666666666667,-0.7099634408950806,-1.3625570415575405
BH_s19_medium,48,183,54.1,-0.20268994569778442,-1.366352723599078
BH_s19_medium,48,184,54.13333333333333,0.5541771650314331,-1.2301557210493925
BH_s19_medium,48,185,54.166666666666664,1.2352263927459717,-0.9620242968728028
BH_s19_medium,48,186,54.2,1.3376457691192627,-0.5882429332639592
BH_s19_medium,48,187,54.233333333333334,1.016417145729065,-0.1509234795645496
BH_s19_medium,48,188,54.266666666666666,0.5899247527122498,0.2985629615148684
BH_s19_medium,48,189,54.3,0.2645971477031708,0.7084923818539887
BH_s19_medium,48,190,54.333333333333336,0.09006866812705994,1.035316521511272
BH_s19_medium,48,191,54.36666666666667,0.08139671385288239,1.2496436759579344
BH_s19_medium,48,192,54.4,0.08139671385288239,1.3387358847870945
BH_s19_medium,48,193,54.43333333333333,0.13607807457447052,1.3056054481949757
BH_s19_medium,48,194,54.46666666666667,0.08139671385288239,1.1652290598459023
BH_s19_medium,48,195,54.5,-0.04243839904665947,0.9388493450422326
BH_s19_medium,48,196,54.53333333333333,-0.2565908432006836,0.6482115359384012
BH_s19_medium,48,197,54.56666666666667,-0.44073939323425293,0.3120527747215787
BH_s19_medium,48,198,54.6,-0.5478156208992004,-0.053692103085611884
BH_s19_medium,48,199,54.63333333333333,-0.6294609904289246,-0.43241905656345625
BH_s19_medium,48,200,54.666666666666664,-0.6841423511505127,-0.8024591602499394
BH_s19_medium,48,201,54.7,-0.6841423511505127,-1.1347349380946703
BH_s19_medium,48,202,54.733333333333334,-0.7388237118721008,-1.39434142045463
BH_s19_medium,48,203,54.766666666666666,-0.6515726447105408,-1.5459917088956683
BH_s19_medium,48,204,54.8,-0.20338454842567444,-1.5617345473405762
BH_s19_medium,48,205,54.833333333333336,0.557860791683197,-1.4286252804221318
BH_s19_medium,48,206,54.86666666666667,1.2579811811447144,-1.1539899527147635
BH_s19_medium,48,207,54.9,1.4341530799865723,-0.766401674312639
BH_s19_medium,48,208,54.93333333333333,1.100933313369751,-0.31146654976620386
BH_s19_medium,48,209,54.96666666666667,0.6751943230628967,0.15684485339228607
BH_s19_medium,48,210,55.0,0.3539656400680542,0.5866815895443884
BH_s19_medium,48,211,55.03333333333333,0.1380852907896042,0.9372780324539032
BH_s19_medium,48,212,55.06666666666667,0.08139671385288239,1.1843260477420035
BH_s19_medium,48,213,55.1,0.13607807457447052,1.3213556396715904
BH_s19_medium,48,214,55.13333333333333,0.19075943529605865,1.357321211493097
BH_s19_medium,48,215,55.166666666666664,0.09254994988441467,1.310882070853453
BH_s19_medium,48,216,55.2,-0.05576787516474724,1.2029240669991226
BH_s19_medium,48,217,55.233333333333334,-0.26992031931877136,1.0499468190512045
BH_s19_medium,48,218,55.266666666666666,-0.42939138412475586,0.8608158214704712
BH_s19_medium,48,219,55.3,-0.5544803738594055,0.637954887270975
BH_s19_medium,48,220,55.333333333333336,-0.6068751811981201,0.3820924630712507
BH_s19_medium,48,221,55.36666666666667,-0.6294609904289246,0.09821472743558997
BH_s19_medium,48,222,55.4,-0.6294609904289246,-0.19989737455384368
BH_s19_medium,48,223,55.43333333333333,-0.654697060585022,-0.48843468825027686
BH_s19_medium,48,224,55.46666666666667,-0.6841423511505127,-0.7363116694287617
BH_s19_medium,48,225,55.5,-0.5468087196350098,-0.9112475606349391
BH_s19_medium,48,226,55.53333333333333,0.10066988319158554,-0.987377257581924
BH_s19_medium,48,227,55.56666666666667,0.9209747910499573,-0.9521664870953677
BH_s19_medium,48,228,55.6,1.5854005813598633,-0.8108467641469852
BH_s19_medium,48,229,55.63333333333333,1.5779236555099487,-0.5872072845442305
BH_s19_medium,48,230,55.666666666666664,1.1927831172943115,-0.31993717212897527
BH_s19_medium,48,231,55.7,0.826103687286377,-0.054514390044644014
BH_s19_medium,48,232,55.733333333333334,0.5095325708389282,0.16757699788987876
BH_s19_medium,48,233,55.766666666666666,0.3524324893951416,0.31868265593292283
BH_s19_medium,48,234,55.8,0.2454407960176468,0.38987912355452337
BH_s19_medium,48,235,55.833333333333336,0.2454407960176468,0.3889633441529398
BH_s19_medium,48,236,55.86666666666667,0.2454407960176468,0.3332270135634457
BH_s19_medium,48,237,55.9,0.14285308122634888,0.2412767944574382
BH_s19_medium,48,238,55.93333333333333,-0.009842980653047562,0.12760809019419678
BH_s19_medium,48,239,55.96666666666667,-0.2239954173564911,0.0012551553576827384
BH_s19_medium,49,0,49.0,1.0388219356536865,0.041202387833878536
BH_s19_medium,49,1,49.03333333333333,2.5901827812194824,-0.22961686620792174
BH_s19_medium,49,2,49.06666666666667,3.1737265586853027,-0.45722386531956677
BH_s19_medium,49,3,49.1,2.71459698677063,-0.604621864255821
BH_s19_medium,49,4,49.13333333333333,1.9103821516036987,-0.6460046927691788
BH_s19_medium,49,5,49.166666666666664,1.2331782579421997,-0.5712174836034442
BH_s19_medium,49,6,49.2,0.7461690902709961,-0.38761670188237585
BH_s19_medium,49,7,49.233333333333334,0.5604537129402161,-0.11845074757320508
BH_s19_medium,49,8,49.266666666666666,0.5735289454460144,0.20178359308848046
BH_s19_medium,49,9,49.3,0.6282103061676025,0.5334181784808776
BH_s19_medium,49,10,49.333333333333336,0.5064160823822021,0.8373719656307307
BH_s19_medium,49,11,49.36666666666667,0.17897169291973114,1.0796027654181264
BH_s19_medium,49,12,49.4,-0.25326240062713623,1.234273202505867
BH_s19_medium,49,13,49.43333333333333,-0.6815672516822815,1.286016623899041
BH_s19_medium,49,14,49.46666666666667,-1.0034396648406982,1.2311516030433127
BH_s19_medium,49,15,49.5,-1.165840983390808,1.0771989810476508
BH_s19_medium,49,16,49.53333333333333,-1.2234526872634888,0.8404706950318149
BH_s19_medium,49,17,49.56666666666667,-1.2758475542068481,0.5423718402165708
BH_s19_medium,49,18,49.6,-1.2856372594833374,0.20556053540543096
BH_s19_medium,49,19,49.63333333333333,-1.3806371688842773,-0.14885704068134553
BH_s19_medium,49,20,49.666666666666664,-1.4116493463516235,-0.5022028904214936
BH_s19_medium,49,21,49.7,-0.9092459678649902,-0.8370234910984362
BH_s19_medium,49,22,49.733333333333334,0.5073786973953247,-1.1347765944894468
BH_s19_medium,49,23,49.766666666666666,2.2441070079803467,-1.3741284001566973
BH_s19_medium,49,24,49.8,3.3426644802093506,-1.531333926096937
BH_s19_medium,49,25,49.833333333333336,3.202681064605713,-1.5832079188556027
BH_s19_medium,49,26,49.86666666666667,1.2418159246444702,-1.5121305428128486
BH_s19_medium,49,27,49.9,0.8681924343109131,-1.311674118132402
BH_s19_medium,49,28,49.93333333333333,0.5887302756309509,-0.990951736898592
BH_s19_medium,49,29,49.96666666666667,0.39203137159347534,-0.5759376836065545
BH_s19_medium,49,30,50.0,0.35480350255966187,-0.10689487888812656
BH_s19_medium,49,31,50.03333333333333,0.35480350255966187,0.36763746404765024
BH_s19_medium,49,32,50.06666666666667,0.3442095220088959,0.79865004777083
BH_s19_medium,49,33,50.1,0.17414447665214539,1.1441252192526503
BH_s19_medium,49,34,50.13333333333333,0.014673405326902866,1.3744281051740082
BH_s19_medium,49,35,50.166666666666664,-0.19947902858257294,1.4747792729128555
BH_s19_medium,49,36,50.2,-0.4121834933757782,1.4447789294982234
BH_s19_medium,49,37,50.233333333333334,-0.5192596912384033,1.295640406192442
BH_s19_medium,49,38,50.266666666666666,-0.5200982689857483,1.0463575762085495
BH_s19_medium,49,39,50.3,-0.5747796297073364,0.7201583427150797
BH_s19_medium,49,40,50.333333333333336,-0.5747796297073364,0.3421161123540372
BH_s19_medium,49,41,50.36666666666667,-0.6294609904289246,-0.06186535527361095
BH_s19_medium,49,42,50.4,-0.6841423511505127,-0.4649069201948589
BH_s19_medium,49,43,50.43333333333333,-0.6440185308456421,-0.8384752752279915
BH_s19_medium,49,44,50.46666666666667,-0.18371187150478363,-1.1523113346124096
BH_s19_medium,49,45,50.5,0.6200791001319885,-1.3760833124155463
BH_s19_medium,49,46,50.53333333333333,1.4292908906936646,-1.4829283687763248
BH_s19_medium,49,47,50.56666666666667,1.6908597946166992,-1.4539494408252338
BH_s19_medium,49,48,50.6,1.3883470296859741,-1.282390407088608
BH_s19_medium,49,49,50.63333333333333,0.9600422382354736,-0.9765191545905275
BH_s19_medium,49,50,50.666666666666664,0.6105369329452515,-0.5606437139037757
BH_s19_medium,49,51,50.7,0.36582139134407043,-0.07386681501872279
BH_s19_medium,49,52,50.733333333333334,0.22589556872844696,0.4337428605659034
BH_s19_medium,49,53,50.766666666666666,0.2454407960176468,0.9074411083266846
BH_s19_medium,49,54,50.8,0.2604130208492279,1.2955048725834792
BH_s19_medium,49,55,50.833333333333336,0.23275507986545563,1.5566694890935262
BH_s19_medium,49,56,50.86666666666667,0.07099750638008118,1.6659469789157642
BH_s19_medium,49,57,50.9,-0.09887276589870453,1.6179819949426715
BH_s19_medium,49,58,50.93333333333333,-0.31302520632743835,1.4271564954391407
BH_s19_medium,49,59,50.96666666666667,-0.4689565896987915,1.1238960681347026
BH_s19_medium,49,60,51.0,-0.5213514566421509,0.7477496058241665
BH_s19_medium,49,61,51.03333333333333,-0.5747796297073364,0.33921455872756456
BH_s19_medium,49,62,51.06666666666667,-0.6294609904289246,-0.0671001359599047
BH_s19_medium,49,63,51.1,-0.6785359978675842,-0.4460320179133057
BH_s19_medium,49,64,51.13333333333333,-0.7309308648109436,-0.7817742136183032
BH_s19_medium,49,65,51.166666666666664,-0.6943216919898987,-1.0651035330874525
BH_s19_medium,49,66,51.2,-0.3090206980705261,-1.2892351119469065
BH_s19_medium,49,67,51.233333333333334,0.45551010966300964,-1.445591395403762
BH_s19_medium,49,68,51.266666666666666,1.2368347644805908,-1.5210869636462199
BH_s19_medium,49,69,51.3,1.5031120777130127,-1.498591868156294
BH_s19_medium,49,70,51.333333333333336,1.2067900896072388,-1.36129088385516
BH_s19_medium,49,71,51.36666666666667,0.7238038182258606,-1.1000161688547914
BH_s19_medium,49,72,51.4,0.323995441198349,-0.721119630064008
BH_s19_medium,49,73,51.43333333333333,0.08139671385288239,-0.25165276683308413
BH_s19_medium,49,74,51.46666666666667,0.02671535313129425,0.26104767052833805
BH_s19_medium,49,75,51.5,0.08139671385288239,0.7564860746785752
BH_s19_medium,49,76,51.53333333333333,0.08139671385288239,1.173133926478709
BH_s19_medium,49,77,51.56666666666667,0.06433276832103729,1.461517434216506
BH_s19_medium,49,78,51.6,-0.1122022494673729,1.593834805799038
BH_s19_medium,49,79,51.63333333333333,-0.3263546824455261,1.567243457688062
BH_s19_medium,49,80,51.666666666666664,-0.5303027033805847,1.4005295465918686
BH_s19_medium,49,81,51.7,-0.6373788714408875,1.1261697585059527
BH_s19_medium,49,82,51.733333333333334,-0.7388237118721008,0.7809286611111722
BH_s19_medium,49,83,51.766666666666666,-0.7421686053276062,0.3981131570969537
BH_s19_medium,49,84,51.8,-0.793505072593689,0.0037796816010400346
BH_s19_medium,49,85,51.833333333333336,-0.793505072593689,-0.382351163895471
BH_s19_medium,49,86,51.86666666666667,-0.8481864333152771,-0.742514111623692
BH_s19_medium,49,87,51.9,-0.7504259347915649,-1.0558880071339112
BH_s19_medium,49,88,51.93333333333333,-0.1392606943845749,-1.2961151381214822
BH_s19_medium,49,89,51.96666666666667,0.6545800566673279,-1.4333410029272529
BH_s19_medium,49,90,52.0,1.3431068658828735,-1.4406068531325096
BH_s19_medium,49,91,52.03333333333333,1.368962287902832,-1.3024181695667365
BH_s19_medium,49,92,52.06666666666667,0.9705516695976257,-1.0223712688752453
BH_s19_medium,49,93,52.1,0.5227266550064087,-0.6268116700103888
BH_s19_medium,49,94,52.13333333333333,0.1796913743019104,-0.1623905293978684
BH_s19_medium,49,95,52.166666666666664,0.050808511674404144,0.3126048008491278
BH_s19_medium,49,96,52.2,0.02671535313129425,0.7404419755232722
BH_s19_medium,49,97,52.233333333333334,0.05273054167628288,1.0751799239580893
BH_s19_medium,49,98,52.266666666666666,0.08139671385288239,1.2892416956179475
BH_s19_medium,49,99,52.3,-0.016169002279639244,1.374140966410809
BH_s19_medium,49,100,52.333333333333336,-0.23032143712043762,1.3366732132357062
BH_s19_medium,49,101,52.36666666666667,-0.44447386264801025,1.1931465950587095
BH_s19_medium,49,102,52.4,-0.6440436244010925,0.9640059468670634
BH_s19_medium,49,103,52.43333333333333,-0.7388237118721008,0.6701665018166455
BH_s19_medium,49,104,52.46666666666667,-0.793505072593689,0.3314051427923978
BH_s19_medium,49,105,52.5,-0.793505072593689,-0.03337928661445571
BH_s19_medium,49,106,52.53333333333333,-0.793505072593689,-0.40447967259919887
BH_s19_medium,49,107,52.56666666666667,-0.7966551780700684,-0.759116273219036
BH_s19_medium,49,108,52.6,-0.8473227620124817,-1.0700621164206632
BH_s19_medium,49,109,52.63333333333333,-0.6337296366691589,-1.3066904560028247
BH_s19_medium,49,110,52.666666666666664,0.0007496498292312026,-1.438939574698793
BH_s19_medium,49,111,52.7,0.8536499738693237,-1.4432335804245287
BH_s19_medium,49,112,52.733333333333334,1.4153010845184326,-1.3085227378235595
BH_s19_medium,49,113,52.766666666666666,1.3602057695388794,-1.0406004765169856
BH_s19_medium,49,114,52.8,0.95303875207901,-0.6634290936010498
BH_s19_medium,49,115,52.833333333333336,0.5794152617454529,-0.2168454350845504
BH_s19_medium,49,116,52.86666666666667,0.2802976369857788,0.24941734545511463
BH_s19_medium,49,117,52.9,0.10111164301633835,0.6843322912529088
BH_s19_medium,49,118,52.93333333333333,0.08139671385288239,1.0441141060722425
BH_s19_medium,49,119,52.96666666666667,0.13607807457447052,1.2977414656409665
BH_s19_medium,49,120,53.0,0.13607807457447052,1.4286414846504838
BH_s19_medium,49,121,53.03333333333333,0.029755892232060432,1.4339170102510483
BH_s19_medium,49,122,53.06666666666667,-0.20793044567108154,1.3225052832284894
BH_s19_medium,49,123,53.1,-0.43198293447494507,1.1124791338457682
BH_s19_medium,49,124,53.13333333333333,-0.5747796297073364,0.8273424289725545
BH_s19_medium,49,125,53.166666666666664,-0.6294609904289246,0.4919238740641541
BH_s19_medium,49,126,53.2,-0.6841423511505127,0.1293788278013289
BH_s19_medium,49,127,53.233333333333334,-0.6841423511505127,-0.2393375596798939
BH_s19_medium,49,128,53.266666666666666,-0.6841423511505127,-0.5937011065660207
BH_s19_medium,49,129,53.3,-0.6841423511505127,-0.9113659452017043
BH_s19_medium,49,130,53.333333333333336,-0.6789004802703857,-1.1675287862523642
BH_s19_medium,49,131,53.36666666666667,-0.3930034041404724,-1.3368945056031274
BH_s19_medium,49,132,53.4,0.2507915794849396,-1.3976527082841166
BH_s19_medium,49,133,53.43333333333333,1.0543376207351685,-1.3360124669880864
BH_s19_medium,49,134,53.46666666666667,1.495303750038147,-1.1501154977383274
BH_s19_medium,49,135,53.5,1.3514493703842163,-0.8525775240196181
BH_s19_medium,49,136,53.53333333333333,0.9355258345603943,-0.470712764098575
BH_s19_medium,49,137,53.56666666666667,0.5511386394500732,-0.04356817433570527
BH_s19_medium,49,138,53.6,0.27154117822647095,0.3839001776979915
BH_s19_medium,49,139,53.63333333333333,0.15141476690769196,0.7677067525922274
BH_s19_medium,49,140,53.666666666666664,0.08139671385288239,1.070579506714677
BH_s19_medium,49,141,53.7,0.13607807457447052,1.2653846064274377
BH_s19_medium,49,142,53.733333333333334,0.10359292477369308,1.3366652428678751
BH_s19_medium,49,143,53.766666666666666,0.051198069006204605,1.281358122603613
BH_s19_medium,49,144,53.8,-0.13847164809703827,1.108769059545068
BH_s19_medium,49,145,53.833333333333336,-0.3526240587234497,0.838954709216569
BH_s19_medium,49,146,53.86666666666667,-0.4887560307979584,0.49932765818472713
BH_s19_medium,49,147,53.9,-0.5747796297073364,0.120683392524864
BH_s19_medium,49,148,53.93333333333333,-0.6294609904289246,-0.26571834525939014
BH_s19_medium,49,149,53.96666666666667,-0.6841423511505127,-0.6293050570447002
BH_s19_medium,49,150,54.0,-0.6983354091644287,-0.940365734993499
BH_s19_medium,49,151,54.03333333333333,-0.7507302761077881,-1.170726369029958
BH_s19_medium,49,152,54.06666666666667,-0.7099634408950806,-1.2956633584750148
BH_s19_medium,49,153,54.1,-0.20268994569778442,-1.2968620985942463
BH_s19_medium,49,154,54.13333333333333,0.5541771650314331,-1.1661725269523353
BH_s19_medium,49,155,54.166666666666664,1.2352263927459717,-0.9096884832653708
BH_s19_medium,49,156,54.2,1.3376457691192627,-0.5504455423070144
BH_s19_medium,49,157,54.233333333333334,1.016417145729065,-0.127376887114701
BH_s19_medium,49,158,54.266666666666666,0.5899247527122498,0.31038586221457304
BH_s19_medium,49,159,54.3,0.2645971477031708,0.712281355287266
BH_s19_medium,49,160,54.333333333333336,0.09006866812705994,1.0350376543692748
BH_s19_medium,49,161,54.36666666666667,0.08139671385288239,1.2486238392989106
BH_s19_medium,49,162,54.4,0.08139671385288239,1.3385808332278328
BH_s19_medium,49,163,54.43333333333333,0.13607807457447052,1.305449013845867
BH_s19_medium,49,164,54.46666666666667,0.08139671385288239,1.1621128171691777
BH_s19_medium,49,165,54.5,-0.04243839904665947,0.9295114228766294
BH_s19_medium,49,166,54.53333333333333,-0.2565908432006836,0.6315920438563285
BH_s19_medium,49,167,54.56666666666667,-0.44073939323425293,0.2911726910012839
BH_s19_medium,49,168,54.6,-0.5478156208992004,-0.07159060943703174
BH_s19_medium,49,169,54.63333333333333,-0.6294609904289246,-0.43763472121011754
BH_s19_medium,49,170,54.666666666666664,-0.6841423511505127,-0.7857346444568424
BH_s19_medium,49,171,54.7,-0.6841423511505127,-1.0901963513353874
BH_s19_medium,49,172,54.733333333333334,-0.7388237118721008,-1.3216070269761442
BH_s19_medium,49,173,54.766666666666666,-0.6515726447105408,-1.4509678139537137
BH_s19_medium,49,174,54.8,-0.20338454842567444,-1.4557558120759087
BH_s19_medium,49,175,54.833333333333336,0.557860791683197,-1.3257327200022166
BH_s19_medium,49,176,54.86666666666667,1.2579811811447144,-1.0668317625555168
BH_s19_medium,49,177,54.9,1.4341530799865723,-0.7022701469240746
BH_s19_medium,49,178,54.93333333333333,1.100933313369751,-0.2703858402555619
BH_s19_medium,49,179,54.96666666666667,0.6751943230628967,0.1808231361970787
BH_s19_medium,49,180,55.0,0.3539656400680542,0.6013420299071226
BH_s19_medium,49,181,55.03333333333333,0.1380852907896042,0.9469915687566999
BH_s19_medium,49,182,55.06666666666667,0.08139671385288239,1.1858127350265706
BH_s19_medium,49,183,55.1,0.13607807457447052,1.3020570737182826
BH_s19_medium,49,184,55.13333333333333,0.19075943529605865,1.2971677736934486
BH_s19_medium,49,185,55.166666666666664,0.09254994988441467,1.1873785566145694
BH_s19_medium,49,186,55.2,-0.05576787516474724,0.9983507300453379
BH_s19_medium,49,187,55.233333333333334,-0.26992031931877136,0.7583589341109983
BH_s19_medium,49,188,55.266666666666666,-0.42939138412475586,0.49221738515763863
BH_s19_medium,49,189,55.3,-0.5544803738594055,0.21789048932216562
BH_s19_medium,49,190,55.333333333333336,-0.6068751811981201,-0.05343327700762001
BH_s19_medium,49,191,55.36666666666667,-0.6294609904289246,-0.3143911214834496
BH_s19_medium,49,192,55.4,-0.6294609904289246,-0.557091568701272
BH_s19_medium,49,193,55.43333333333333,-0.654697060585022,-0.7692821286476167
BH_s19_medium,49,194,55.46666666666667,-0.6841423511505127,-0.9330618273311764
BH_s19_medium,49,195,55.5,-0.5468087196350098,-1.0273328476894936
BH_s19_medium,49,196,55.53333333333333,0.10066988319158554,-1.0333097197294008
BH_s19_medium,49,197,55.56666666666667,0.9209747910499573,-0.940761885250967
BH_s19_medium,49,198,55.6,1.5854005813598633,-0.7524767672059303
BH_s19_medium,49,199,55.63333333333333,1.5779236555099487,-0.48539867998419667
BH_s19_medium,49,200,55.666666666666664,1.1927831172943115,-0.16813384313832355
BH_s19_medium,49,201,55.7,0.826103687286377,0.1643622270172417
BH_s19_medium,49,202,55.733333333333334,0.5095325708389282,0.4772144746794929
BH_s19_medium,49,203,55.766666666666666,0.3524324893951416,0.741113378087071
BH_s19_medium,49,204,55.8,0.2454407960176468,0.9352496390552969
BH_s19_medium,49,205,55.833333333333336,0.2454407960176468,1.0474704244695547
BH_s19_medium,49,206,55.86666666666667,0.2454407960176468,1.0730837945666658
BH_s19_medium,49,207,55.9,0.14285308122634888,1.014012449877809
BH_s19_medium,49,208,55.93333333333333,-0.009842980653047562,0.8783620262161359
BH_s19_medium,49,209,55.96666666666667,-0.2239954173564911,0.6792100269909036
BH_s19_medium,49,210,56.0,-0.4381478428840637,0.43237669312582405
BH_s19_medium,49,211,56.03333333333333,-0.5200982689857483,0.1544296122993206
BH_s19_medium,49,212,56.06666666666667,-0.5565720796585083,-0.13799747777487095
BH_s19_medium,49,213,56.1,-0.5747796297073364,-0.4278221630882633
BH_s19_medium,49,214,56.13333333333333,-0.6066804528236389,-0.6972004908759055
BH_s19_medium,49,215,56.166666666666664,-0.6294609904289246,-0.9281944287629507
BH_s19_medium,49,216,56.2,-0.6841423511505127,-1.104343615508638
BH_s19_medium,49,217,56.233333333333334,-0.49965572357177734,-1.212293960904698
BH_s19_medium,49,218,56.266666666666666,0.07663615047931671,-1.2427975700807163
BH_s19_medium,49,219,56.3,0.9013193249702454,-1.1911675413182987
BH_s19_medium,49,220,56.333333333333336,1.5029760599136353,-1.057840372198707
BH_s19_medium,49,221,56.36666666666667,1.5260028839111328,-0.8495322906306216
BH_s19_medium,49,222,56.4,1.1752701997756958,-0.5806482226339001
BH_s19_medium,49,223,56.43333333333333,0.8016467094421387,-0.27389151135250256
BH_s19_medium,49,224,56.46666666666667,0.5007761120796204,0.04093769787503531
BH_s19_medium,49,225,56.5,0.29337289929389954,0.3304741894175581
BH_s19_medium,49,226,56.53333333333333,0.2454407960176468,0.5635823049812061
BH_s19_medium,49,227,56.56666666666667,0.2454407960176468,0.7182428448181021
BH_s19_medium,49,228,56.6,0.2454407960176468,0.7868573874044356
BH_s19_medium,49,229,56.63333333333333,0.13847485184669495,0.7771395703106413
BH_s19_medium,49,230,56.666666666666664,-0.01859944500029087,0.7080110753225272
BH_s19_medium,49,231,56.7,-0.23275187611579895,0.6028215973679546
BH_s19_medium,49,232,56.733333333333334,-0.4469043016433716,0.48336299261194426
BH_s19_medium,49,233,56.766666666666666,-0.5200982689857483,0.3669192002807314
BH_s19_medium,49,234,56.8,-0.5747796297073364,0.2660870636309385
BH_s19_medium,49,235,56.833333333333336,-0.5747796297073364,0.18945080041691936
BH_s19_medium,49,236,56.86666666666667,-0.6294609904289246,0.1416549328741031
BH_s19_medium,49,237,56.9,-0.6841423511505127,0.12285783341011228
BH_s19_medium,49,238,56.93333333333333,-0.7158483862876892,0.12830969720651847
BH_s19_medium,49,239,56.96666666666667,-0.5117828845977783,0.14877440586841925
BH_s19_medium,50,0,50.0,0.35480350255966187,0.033998108959115335
BH_s19_medium,50,1,50.03333333333333,0.35480350255966187,0.3847877994842527
BH_s19_medium,50,2,50.06666666666667,0.3442095220088959,0.6907151112010765
BH_s19_medium,50,3,50.1,0.17414447665214539,0.9135472257353049
BH_s19_medium,50,4,50.13333333333333,0.014673405326902866,1.0247967105575804
BH_s19_medium,50,5,50.166666666666664,-0.19947902858257294,1.0110405377610752
BH_s19_medium,50,6,50.2,-0.4121834933757782,0.8771419703510193
BH_s19_medium,50,7,50.233333333333334,-0.5192596912384033,0.6455935381366247
BH_s19_medium,50,8,50.266666666666666,-0.5200982689857483,0.35145763642475253
BH_s19_medium,50,9,50.3,-0.5747796297073364,0.03414792706203219
BH_s19_medium,50,10,50.333333333333336,-0.5747796297073364,-0.2711102588758101
BH_s19_medium,50,11,50.36666666666667,-0.6294609904289246,-0.5389528448701317
BH_s19_medium,50,12,50.4,-0.6841423511505127,-0.7549206188759808
BH_s19_medium,50,13,50.43333333333333,-0.6440185308456421,-0.9125016217056023
BH_s19_medium,50,14,50.46666666666667,-0.18371187150478363,-1.0087043822733621
BH_s19_medium,50,15,50.5,0.6200791001319885,-1.0409417600985496
BH_s19_medium,50,16,50.53333333333333,1.4292908906936646,-1.0064706590255588
BH_s19_medium,50,17,50.56666666666667,1.6908597946166992,-0.9036232154841749
BH_s19_medium,50,18,50.6,1.3883470296859741,-0.7331622681545997
BH_s19_medium,50,19,50.63333333333333,0.9600422382354736,-0.4989061509028172
BH_s19_medium,50,20,50.666666666666664,0.6105369329452515,-0.20846235329269605
BH_s19_medium,50,21,50.7,0.36582139134407043,0.12467463883977115
BH_s19_medium,50,22,50.733333333333334,0.22589556872844696,0.47825065894228963
BH_s19_medium,50,23,50.766666666666666,0.2454407960176468,0.8200835521402344
BH_s19_medium,50,24,50.8,0.2604130208492279,1.1107039744051768
BH_s19_medium,50,25,50.833333333333336,0.23275507986545563,1.31001772600129
BH_s19_medium,50,26,50.86666666666667,0.07099750638008118,1.3865085860490796
BH_s19_medium,50,27,50.9,-0.09887276589870453,1.3262575805306986
BH_s19_medium,50,28,50.93333333333333,-0.31302520632743835,1.1382491345997383
BH_s19_medium,50,29,50.96666666666667,-0.4689565896987915,0.8530754838401395
BH_s19_medium,50,30,51.0,-0.5213514566421509,0.5147659104154212
BH_s19_medium,50,31,51.03333333333333,-0.5747796297073364,0.16868971751762457
BH_s19_medium,50,32,51.06666666666667,-0.6294609904289246,-0.14967793571065904
BH_s19_medium,50,33,51.1,-0.6785359978675842,-0.4209521844267235
BH_s19_medium,50,34,51.13333333333333,-0.7309308648109436,-0.6414869331754226
BH_s19_medium,50,35,51.166666666666664,-0.6943216919898987,-0.8177538213026089
BH_s19_medium,50,36,51.2,-0.3090206980705261,-0.9580492758350942
BH_s19_medium,50,37,51.233333333333334,0.45551010966300964,-1.0643909957326099
BH_s19_medium,50,38,51.266666666666666,1.2368347644805908,-1.1275149307279062
BH_s19_medium,50,39,51.3,1.5031120777130127,-1.1273091466538747
BH_s19_medium,50,40,51.333333333333336,1.2067900896072388,-1.0392385375314976
BH_s19_medium,50,41,51.36666666666667,0.7238038182258606,-0.8448168405033002
BH_s19_medium,50,42,51.4,0.323995441198349,-0.5421530560870426
BH_s19_medium,50,43,51.43333333333333,0.08139671385288239,-0.15223608894538287
BH_s19_medium,50,44,51.46666666666667,0.02671535313129425,0.2817043959690143
BH_s19_medium,50,45,51.5,0.08139671385288239,0.7017603983038071
BH_s19_medium,50,46,51.53333333333333,0.08139671385288239,1.0475666194728117
BH_s19_medium,50,47,51.56666666666667,0.06433276832103729,1.2696263318292158
BH_s19_medium,50,48,51.6,-0.1122022494673729,1.3399575295293003
BH_s19_medium,50,49,51.63333333333333,-0.3263546824455261,1.257158105304916
BH_s19_medium,50,50,51.666666666666664,-0.5303027033805847,1.04476764227013
BH_s19_medium,50,51,51.7,-0.6373788714408875,0.7437493716167063
BH_s19_medium,50,52,51.733333333333334,-0.7388237118721008,0.40138208925468766
BH_s19_medium,50,53,51.766666666666666,-0.7421686053276062,0.059797934028642474
BH_s19_medium,50,54,51.8,-0.793505072593689,-0.25223190337324547
BH_s19_medium,50,55,51.833333333333336,-0.793505072593689,-0.5215049581463553
BH_s19_medium,50,56,51.86666666666667,-0.8481864333152771,-0.7461423766636998
BH_s19_medium,50,57,51.9,-0.7504259347915649,-0.9272269375629978
BH_s19_medium,50,58,51.93333333333333,-0.1392606943845749,-1.060467845929004
BH_s19_medium,50,59,51.96666666666667,0.6545800566673279,-1.131973729211618
BH_s19_medium,50,60,52.0,1.3431068658828735,-1.1203041160851672
BH_s19_medium,50,61,52.03333333333333,1.368962287902832,-1.0042384243392144
BH_s19_medium,50,62,52.06666666666667,0.9705516695976257,-0.773368119095259
BH_s19_medium,50,63,52.1,0.5227266550064087,-0.43726476479160575
BH_s19_medium,50,64,52.13333333333333,0.1796913743019104,-0.02897237780020538
BH_s19_medium,50,65,52.166666666666664,0.050808511674404144,0.39950967487780664
BH_s19_medium,50,66,52.2,0.02671535313129425,0.7885643234031966
BH_s19_medium,50,67,52.233333333333334,0.05273054167628288,1.0848486799631445
BH_s19_medium,50,68,52.266666666666666,0.08139671385288239,1.2527536598598477
BH_s19_medium,50,69,52.3,-0.016169002279639244,1.280005702883527
BH_s19_medium,50,70,52.333333333333336,-0.23032143712043762,1.1765777953150347
BH_s19_medium,50,71,52.36666666666667,-0.44447386264801025,0.9684569611795564
BH_s19_medium,50,72,52.4,-0.6440436244010925,0.6891432704215781
BH_s19_medium,50,73,52.43333333333333,-0.7388237118721008,0.3718006742839067
BH_s19_medium,50,74,52.46666666666667,-0.793505072593689,0.044065940038928275
BH_s19_medium,50,75,52.5,-0.793505072593689,-0.27367705659565045
BH_s19_medium,50,76,52.53333333333333,-0.793505072593689,-0.5667651503227662
BH_s19_medium,50,77,52.56666666666667,-0.7966551780700684,-0.8226469980347579
BH_s19_medium,50,78,52.6,-0.8473227620124817,-1.0273129673304708
BH_s19_medium,50,79,52.63333333333333,-0.6337296366691589,-1.163959209699207
BH_s19_medium,50,80,52.666666666666664,0.0007496498292312026,-1.2148147412233101
BH_s19_medium,50,81,52.7,0.8536499738693237,-1.1653436244434972
BH_s19_medium,50,82,52.733333333333334,1.4153010845184326,-1.0090572850796484
BH_s19_medium,50,83,52.766666666666666,1.3602057695388794,-0.7512176524955412
BH_s19_medium,50,84,52.8,0.95303875207901,-0.41037863434016814
BH_s19_medium,50,85,52.833333333333336,0.5794152617454529,-0.017386484762239158
BH_s19_medium,50,86,52.86666666666667,0.2802976369857788,0.3881528044787176
BH_s19_medium,50,87,52.9,0.10111164301633835,0.7634380343312602
BH_s19_medium,50,88,52.93333333333333,0.08139671385288239,1.0687888700602668
BH_s19_medium,50,89,52.96666666666667,0.13607807457447052,1.2731875460515054
BH_s19_medium,50,90,53.0,0.13607807457447052,1.3582606146588019
BH_s19_medium,50,91,53.03333333333333,0.029755892232060432,1.320488888562403
BH_s19_medium,50,92,53.06666666666667,-0.20793044567108154,1.1710211072774126
BH_s19_medium,50,93,53.1,-0.43198293447494507,0.9323536768285575
BH_s19_medium,50,94,53.13333333333333,-0.5747796297073364,0.6324822758821163
BH_s19_medium,50,95,53.166666666666664,-0.6294609904289246,0.2987595411762877
BH_s19_medium,50,96,53.2,-0.6841423511505127,-0.04605115196476352
BH_s19_medium,50,97,53.233333333333334,-0.6841423511505127,-0.3842216361178817
BH_s19_medium,50,98,53.266666666666666,-0.6841423511505127,-0.7004454185417629
BH_s19_medium,50,99,53.3,-0.6841423511505127,-0.9780562798120516
BH_s19_medium,50,100,53.333333333333336,-0.6789004802703857,-1.1965132188744403
BH_s19_medium,50,101,53.36666666666667,-0.3930034041404724,-1.3319604404637255
BH_s19_medium,50,102,53.4,0.2507915794849396,-1.3611715155609043
BH_s19_medium,50,103,53.43333333333333,1.0543376207351685,-1.267698595381308
BH_s19_medium,50,104,53.46666666666667,1.495303750038147,-1.0482561319113444
BH_s19_medium,50,105,53.5,1.3514493703842163,-0.7170741094575614
BH_s19_medium,50,106,53.53333333333333,0.9355258345603943,-0.3060528896009512
BH_s19_medium,50,107,53.56666666666667,0.5511386394500732,0.1401020557571993
BH_s19_medium,50,108,53.6,0.27154117822647095,0.5719700500244396
BH_s19_medium,50,109,53.63333333333333,0.15141476690769196,0.9433541213565341
BH_s19_medium,50,110,53.666666666666664,0.08139671385288239,1.216851619676247
BH_s19_medium,50,111,53.7,0.13607807457447052,1.3670999580335783
BH_s19_medium,50,112,53.733333333333334,0.10359292477369308,1.3826882645964453
BH_s19_medium,50,113,53.766666666666666,0.051198069006204605,1.2670104023943656
BH_s19_medium,50,114,53.8,-0.13847164809703827,1.0371924901678025
BH_s19_medium,50,115,53.833333333333336,-0.3526240587234497,0.7203321611925895
BH_s19_medium,50,116,53.86666666666667,-0.4887560307979584,0.3480611246211218
BH_s19_medium,50,117,53.9,-0.5747796297073364,-0.048096137682253126
BH_s19_medium,50,118,53.93333333333333,-0.6294609904289246,-0.4387774541356209
BH_s19_medium,50,119,53.96666666666667,-0.6841423511505127,-0.7964509839648359
BH_s19_medium,50,120,54.0,-0.6983354091644287,-1.0943399526210669
BH_s19_medium,50,121,54.03333333333333,-0.7507302761077881,-1.3063316898795418
BH_s19_medium,50,122,54.06666666666667,-0.7099634408950806,-1.4086310462911897
BH_s19_medium,50,123,54.1,-0.20268994569778442,-1.3829752853793147
BH_s19_medium,50,124,54.13333333333333,0.5541771650314331,-1.2209549236257564
BH_s19_medium,50,125,54.166666666666664,1.2352263927459717,-0.9286302507290218
BH_s19_medium,50,126,54.2,1.3376457691192627,-0.529656380054099
BH_s19_medium,50,127,54.233333333333334,1.016417145729065,-0.06470661247583369
BH_s19_medium,50,128,54.266666666666666,0.5899247527122498,0.4137744203457674
BH_s19_medium,50,129,54.3,0.2645971477031708,0.8503161914725025
BH_s19_medium,50,130,54.333333333333336,0.09006866812705994,1.1959705687873592
BH_s19_medium,50,131,54.36666666666667,0.08139671385288239,1.41589269398227
BH_s19_medium,50,132,54.4,0.08139671385288239,1.4933788742944083
BH_s19_medium,50,133,54.43333333333333,0.13607807457447052,1.430097207918203
BH_s19_medium,50,134,54.46666666666667,0.08139671385288239,1.2428629122190988
BH_s19_medium,50,135,54.5,-0.04243839904665947,0.9578723832991531
BH_s19_medium,50,136,54.53333333333333,-0.2565908432006836,0.604369233715814
BH_s19_medium,50,137,54.56666666666667,-0.44073939323425293,0.21024590656364958
BH_s19_medium,50,138,54.6,-0.5478156208992004,-0.19895297625246097
BH_s19_medium,50,139,54.63333333333333,-0.6294609904289246,-0.5981809240181849
BH_s19_medium,50,140,54.666666666666664,-0.6841423511505127,-0.960376744231708
BH_s19_medium,50,141,54.7,-0.6841423511505127,-1.2556742838424622
BH_s19_medium,50,142,54.733333333333334,-0.7388237118721008,-1.4534490510835096
BH_s19_medium,50,143,54.766666666666666,-0.6515726447105408,-1.5267764308181726
BH_s19_medium,50,144,54.8,-0.20338454842567444,-1.4581544108876714
BH_s19_medium,50,145,54.833333333333336,0.557860791683197,-1.245127247718288
BH_s19_medium,50,146,54.86666666666667,1.2579811811447144,-0.9041225174925895
BH_s19_medium,50,147,54.9,1.4341530799865723,-0.470668484257977
BH_s19_medium,50,148,54.93333333333333,1.100933313369751,0.005172269377001228
BH_s19_medium,50,149,54.96666666666667,0.6751943230628967,0.4676083784466769
BH_s19_medium,50,150,55.0,0.3539656400680542,0.8655306748409616
BH_s19_medium,50,151,55.03333333333333,0.1380852907896042,1.1610846329686366
BH_s19_medium,50,152,55.06666666666667,0.08139671385288239,1.334250010557928
BH_s19_medium,50,153,55.1,0.13607807457447052,1.3831060174888474
BH_s19_medium,50,154,55.13333333333333,0.19075943529605865,1.3202715817615134
BH_s19_medium,50,155,55.166666666666664,0.09254994988441467,1.1665358593039308
BH_s19_medium,50,156,55.2,-0.05576787516474724,0.94384329463466
BH_s19_medium,50,157,55.233333333333334,-0.26992031931877136,0.6704657863828645
BH_s19_medium,50,158,55.266666666666666,-0.42939138412475586,0.36013967159665244
BH_s19_medium,50,159,55.3,-0.5544803738594055,0.024796734114018483
BH_s19_medium,50,160,55.333333333333336,-0.6068751811981201,-0.32124424342208324
BH_s19_medium,50,161,55.36666666666667,-0.6294609904289246,-0.6581567699214973
BH_s19_medium,50,162,55.4,-0.6294609904289246,-0.9600796105932721
BH_s19_medium,50,163,55.43333333333333,-0.654697060585022,-1.1972767026312277
BH_s19_medium,50,164,55.46666666666667,-0.6841423511505127,-1.3402264406717537
BH_s19_medium,50,165,55.5,-0.5468087196350098,-1.3646544131431735
BH_s19_medium,50,166,55.53333333333333,0.10066988319158554,-1.2565586066653978
BH_s19_medium,50,167,55.56666666666667,0.9209747910499573,-1.016510191432575
BH_s19_medium,50,168,55.6,1.5854005813598633,-0.6627602652164988
BH_s19_medium,50,169,55.63333333333333,1.5779236555099487,-0.23225704409359268
BH_s19_medium,50,170,55.666666666666664,1.1927831172943115,0.22230249184210718
BH_s19_medium,50,171,55.7,0.826103687286377,0.6409292089295824
BH_s19_medium,50,172,55.733333333333334,0.5095325708389282,0.9691051789358064
BH_s19_medium,50,173,55.766666666666666,0.3524324893951416,1.1704264965728985
BH_s19_medium,50,174,55.8,0.2454407960176468,1.2337613402473524
BH_s19_medium,50,175,55.833333333333336,0.2454407960176468,1.1719330447441725
BH_s19_medium,50,176,55.86666666666667,0.2454407960176468,1.0133665566374337
BH_s19_medium,50,177,55.9,0.14285308122634888,0.7913957171106342
BH_s19_medium,50,178,55.93333333333333,-0.009842980653047562,0.5357484510083359
BH_s19_medium,50,179,55.96666666666667,-0.2239954173564911,0.26833440341630305
BH_s19_medium,50,180,56.0,-0.4381478428840637,0.0032248317866275366
BH_s19_medium,50,181,56.03333333333333,-0.5200982689857483,-0.2505601441786521
BH_s19_medium,50,182,56.06666666666667,-0.5565720796585083,-0.48532559901612105
BH_s19_medium,50,183,56.1,-0.5747796297073364,-0.6917257195403832
BH_s19_medium,50,184,56.13333333333333,-0.6066804528236389,-0.8575428417406751
BH_s19_medium,50,185,56.166666666666664,-0.6294609904289246,-0.9683691131952431
BH_s19_medium,50,186,56.2,-0.6841423511505127,-1.0096791096236482
BH_s19_medium,50,187,56.233333333333334,-0.49965572357177734,-0.9696139261466536
BH_s19_medium,50,188,56.266666666666666,0.07663615047931671,-0.8420547757622288
BH_s19_medium,50,189,56.3,0.9013193249702454,-0.6296807109026237
BH_s19_medium,50,190,56.333333333333336,1.5029760599136353,-0.3463282871217007
BH_s19_medium,50,191,56.36666666666667,1.5260028839111328,-0.017574796660486076
BH_s19_medium,50,192,56.4,1.1752701997756958,0.32133074106691784
BH_s19_medium,50,193,56.43333333333333,0.8016467094421387,0.6302614241989704
BH_s19_medium,50,194,56.46666666666667,0.5007761120796204,0.8708335345594194
BH_s19_medium,50,195,56.5,0.29337289929389954,1.0133432328101712
BH_s19_medium,50,196,56.53333333333333,0.2454407960176468,1.04244813880519
BH_s19_medium,50,197,56.56666666666667,0.2454407960176468,0.9601086254541399
BH_s19_medium,50,198,56.6,0.2454407960176468,0.7844159188406457
BH_s19_medium,50,199,56.63333333333333,0.13847485184669495,0.5439694849325291
BH_s19_medium,50,200,56.666666666666664,-0.01859944500029087,0.26969594843826683
BH_s19_medium,50,201,56.7,-0.23275187611579895,-0.012337985344643742
BH_s19_medium,50,202,56.733333333333334,-0.4469043016433716,-0.2841381508816339
BH_s19_medium,50,203,56.766666666666666,-0.5200982689857483,-0.5342556333568377
BH_s19_medium,50,204,56.8,-0.5747796297073364,-0.7530163975930037
BH_s19_medium,50,205,56.833333333333336,-0.5747796297073364,-0.9273073678136239
BH_s19_medium,50,206,56.86666666666667,-0.6294609904289246,-1.0377987748702897
BH_s19_medium,50,207,56.9,-0.6841423511505127,-1.0606873961647625
BH_s19_medium,50,208,56.93333333333333,-0.7158483862876892,-0.9746433124421464
BH_s19_medium,50,209,56.96666666666667,-0.5117828845977783,-0.7712808155792967
BH_s19_medium,50,210,57.0,0.10728378593921661,-0.4645869621167646
BH_s19_medium,50,211,57.03333333333333,0.9114986658096313,-0.09364510574292616
BH_s19_medium,50,212,57.06666666666667,1.4388693571090698,0.28453827736281867
BH_s19_medium,50,213,57.1,1.422018051147461,0.6103618769318343
BH_s19_medium,50,214,57.13333333333333,1.0304075479507446,0.8388574506514698
BH_s19_medium,50,215,57.166666666666664,0.6200897097587585,0.9513470639773909
BH_s19_medium,50,216,57.2,0.3279755413532257,0.9570925353747102
BH_s19_medium,50,217,57.233333333333334,0.13607807457447052,0.8855230034392023
BH_s19_medium,50,218,57.266666666666666,0.13607807457447052,0.7734263388580267
BH_s19_medium,50,219,57.3,0.19075943529605865,0.6524297169961767
BH_s19_medium,50,220,57.333333333333336,0.1864914745092392,0.5405007393523933
BH_s19_medium,50,221,57.36666666666667,0.07941525429487228,0.43902505264797137
BH_s19_medium,50,222,57.4,-0.1364135891199112,0.33572050442274837
BH_s19_medium,50,223,57.43333333333333,-0.3508710563182831,0.2124243747611312
BH_s19_medium,50,224,57.46666666666667,-0.5103421211242676,0.05489997118620738
BH_s19_medium,50,225,57.5,-0.5747796297073364,-0.13912478954380156
BH_s19_medium,50,226,57.53333333333333,-0.6294609904289246,-0.3561333517691421
BH_s19_medium,50,227,57.56666666666667,-0.6724047660827637,-0.5676482053169836
BH_s19_medium,50,228,57.6,-0.6841423511505127,-0.7353292555093526
BH_s19_medium,50,229,57.63333333333333,-0.7388237118721008,-0.8197248629663999
BH_s19_medium,50,230,57.666666666666664,-0.702739417552948,-0.791196255821553
BH_s19_medium,50,231,57.7,-0.22883257269859314,-0.6403773746252065
BH_s19_medium,50,232,57.733333333333334,0.5522121787071228,-0.38503103759706253
BH_s19_medium,50,233,57.766666666666666,1.3211476802825928,-0.0706856498331066
BH_s19_medium,50,234,57.8,1.5308551788330078,0.23622916197080343
BH_s19_medium,50,235,57.833333333333336,1.2404611110687256,0.46248541313491187
BH_s19_medium,50,236,57.86666666666667,0.8121562004089355,0.5474834894076027
BH_s19_medium,50,237,57.9,0.40393006801605225,0.46333697223706816
BH_s19_medium,50,238,57.93333333333333,0.17296721041202545,0.22773182286302684
BH_s19_medium,50,239,57.96666666666667,0.13607807457447052,-0.09779581001832133
